Message ID,Send Time,Receive Time,Status,Error
0,10825239387,10825239630,1,"IOTHUB_CLIENT_CONFIRMATION_OK"
1,10825239720,10825239930,1,"IOTHUB_CLIENT_CONFIRMATION_OK"
2,10825240053,10825240085,1,"IOTHUB_CLIENT_CONFIRMATION_OK"
3,10825240386,10825240425,1,"IOTHUB_CLIENT_CONFIRMATION_OK"
4,10825240719,10825240765,1,"IOTHUB_CLIENT_CONFIRMATION_OK"
5,10825241052,10825241121,1,"IOTHUB_CLIENT_CONFIRMATION_OK"
6,10825241386,10825241418,1,"IOTHUB_CLIENT_CONFIRMATION_OK"
7,10825241719,10825241757,1,"IOTHUB_CLIENT_CONFIRMATION_OK"
8,10825242052,10825242085,1,"IOTHUB_CLIENT_CONFIRMATION_OK"
9,10825242385,10825242420,1,"IOTHUB_CLIENT_CONFIRMATION_OK"
10,10825242718,10825242770,1,"IOTHUB_CLIENT_CONFIRMATION_OK"
11,10825243051,10825243085,1,"IOTHUB_CLIENT_CONFIRMATION_OK"
12,10825243385,10825243593,1,"IOTHUB_CLIENT_CONFIRMATION_OK"
13,10825243718,10825243749,1,"IOTHUB_CLIENT_CONFIRMATION_OK"
14,10825244051,10825244106,1,"IOTHUB_CLIENT_CONFIRMATION_OK"
15,10825244384,10825244460,1,"IOTHUB_CLIENT_CONFIRMATION_OK"
16,10825244717,10825244776,1,"IOTHUB_CLIENT_CONFIRMATION_OK"
17,10825245050,10825245083,1,"IOTHUB_CLIENT_CONFIRMATION_OK"
18,10825245383,10825245417,1,"IOTHUB_CLIENT_CONFIRMATION_OK"
19,10825245717,10825245752,1,"IOTHUB_CLIENT_CONFIRMATION_OK"
20,10825246050,10825246080,1,"IOTHUB_CLIENT_CONFIRMATION_OK"
21,10825246383,10825246439,1,"IOTHUB_CLIENT_CONFIRMATION_OK"
22,10825246716,10825246818,1,"IOTHUB_CLIENT_CONFIRMATION_OK"
23,10825247049,10825247102,1,"IOTHUB_CLIENT_CONFIRMATION_OK"
24,10825247382,10825247465,1,"IOTHUB_CLIENT_CONFIRMATION_OK"
25,10825247716,10825247748,1,"IOTHUB_CLIENT_CONFIRMATION_OK"
26,10825248049,10825248080,1,"IOTHUB_CLIENT_CONFIRMATION_OK"
27,10825248382,10825248449,1,"IOTHUB_CLIENT_CONFIRMATION_OK"
28,10825248715,10825248760,1,"IOTHUB_CLIENT_CONFIRMATION_OK"
29,10825249048,10825249133,1,"IOTHUB_CLIENT_CONFIRMATION_OK"
30,10825249381,10825249417,1,"IOTHUB_CLIENT_CONFIRMATION_OK"
31,10825249714,10825249744,1,"IOTHUB_CLIENT_CONFIRMATION_OK"
32,10825250048,10825250096,1,"IOTHUB_CLIENT_CONFIRMATION_OK"
33,10825250381,10825250413,1,"IOTHUB_CLIENT_CONFIRMATION_OK"
34,10825250714,10825250975,1,"IOTHUB_CLIENT_CONFIRMATION_OK"
35,10825251047,10825251087,1,"IOTHUB_CLIENT_CONFIRMATION_OK"
36,10825251380,10825251489,1,"IOTHUB_CLIENT_CONFIRMATION_OK"
37,10825251713,10825251751,1,"IOTHUB_CLIENT_CONFIRMATION_OK"
38,10825252047,10825252078,1,"IOTHUB_CLIENT_CONFIRMATION_OK"
39,10825252380,10825252445,1,"IOTHUB_CLIENT_CONFIRMATION_OK"
40,10825252713,10825252787,1,"IOTHUB_CLIENT_CONFIRMATION_OK"
41,10825253046,10825253210,1,"IOTHUB_CLIENT_CONFIRMATION_OK"
42,10825253379,10825253425,1,"IOTHUB_CLIENT_CONFIRMATION_OK"
43,10825253712,10825253764,1,"IOTHUB_CLIENT_CONFIRMATION_OK"
44,10825254046,10825254076,1,"IOTHUB_CLIENT_CONFIRMATION_OK"
45,10825254379,10825254445,1,"IOTHUB_CLIENT_CONFIRMATION_OK"
46,10825254712,10825254755,1,"IOTHUB_CLIENT_CONFIRMATION_OK"
47,10825255045,10825255117,1,"IOTHUB_CLIENT_CONFIRMATION_OK"
48,10825255378,10825255428,1,"IOTHUB_CLIENT_CONFIRMATION_OK"
49,10825255711,10825255741,1,"IOTHUB_CLIENT_CONFIRMATION_OK"
50,10825256045,10825256248,1,"IOTHUB_CLIENT_CONFIRMATION_OK"
51,10825256378,10825256698,1,"IOTHUB_CLIENT_CONFIRMATION_OK"
52,10825256711,10825256805,1,"IOTHUB_CLIENT_CONFIRMATION_OK"
53,10825257044,10825257086,1,"IOTHUB_CLIENT_CONFIRMATION_OK"
54,10825257377,10825258557,1,"IOTHUB_CLIENT_CONFIRMATION_OK"
55,10825257710,10825258586,1,"IOTHUB_CLIENT_CONFIRMATION_OK"
56,10825258043,10825258684,1,"IOTHUB_CLIENT_CONFIRMATION_OK"
57,10825258377,10825258715,1,"IOTHUB_CLIENT_CONFIRMATION_OK"
58,10825258710,10825258756,1,"IOTHUB_CLIENT_CONFIRMATION_OK"
59,10825259043,10825259102,1,"IOTHUB_CLIENT_CONFIRMATION_OK"
60,10825259376,10825259687,1,"IOTHUB_CLIENT_CONFIRMATION_OK"
61,10825259709,10825259742,1,"IOTHUB_CLIENT_CONFIRMATION_OK"
62,10825260042,10825260105,1,"IOTHUB_CLIENT_CONFIRMATION_OK"
63,10825260376,10825260606,1,"IOTHUB_CLIENT_CONFIRMATION_OK"
64,10825260709,10825260916,1,"IOTHUB_CLIENT_CONFIRMATION_OK"
65,10825261042,10825261077,1,"IOTHUB_CLIENT_CONFIRMATION_OK"
66,10825261375,10825261549,1,"IOTHUB_CLIENT_CONFIRMATION_OK"
67,10825261708,10825261785,1,"IOTHUB_CLIENT_CONFIRMATION_OK"
68,10825262041,10825262077,1,"IOTHUB_CLIENT_CONFIRMATION_OK"
69,10825262375,10825262402,1,"IOTHUB_CLIENT_CONFIRMATION_OK"
70,10825262708,10825262828,1,"IOTHUB_CLIENT_CONFIRMATION_OK"
71,10825263041,10825263199,1,"IOTHUB_CLIENT_CONFIRMATION_OK"
72,10825263374,10825263518,1,"IOTHUB_CLIENT_CONFIRMATION_OK"
73,10825263707,10825263823,1,"IOTHUB_CLIENT_CONFIRMATION_OK"
74,10825264040,10825264084,1,"IOTHUB_CLIENT_CONFIRMATION_OK"
75,10825264374,10825264541,1,"IOTHUB_CLIENT_CONFIRMATION_OK"
76,10825264707,10825264741,1,"IOTHUB_CLIENT_CONFIRMATION_OK"
77,10825265040,10825265076,1,"IOTHUB_CLIENT_CONFIRMATION_OK"
78,10825265373,10825265406,1,"IOTHUB_CLIENT_CONFIRMATION_OK"
79,10825265706,10825265827,1,"IOTHUB_CLIENT_CONFIRMATION_OK"
80,10825266039,10825266084,1,"IOTHUB_CLIENT_CONFIRMATION_OK"
81,10825266373,10825266476,1,"IOTHUB_CLIENT_CONFIRMATION_OK"
82,10825266706,10825266738,1,"IOTHUB_CLIENT_CONFIRMATION_OK"
83,10825267039,10825267203,1,"IOTHUB_CLIENT_CONFIRMATION_OK"
84,10825267372,10825267412,1,"IOTHUB_CLIENT_CONFIRMATION_OK"
85,10825267705,10825267739,1,"IOTHUB_CLIENT_CONFIRMATION_OK"
86,10825268038,10825268126,1,"IOTHUB_CLIENT_CONFIRMATION_OK"
87,10825268372,10825268408,1,"IOTHUB_CLIENT_CONFIRMATION_OK"
88,10825268705,10825268746,1,"IOTHUB_CLIENT_CONFIRMATION_OK"
89,10825269038,10825269070,1,"IOTHUB_CLIENT_CONFIRMATION_OK"
90,10825269371,10825269403,1,"IOTHUB_CLIENT_CONFIRMATION_OK"
91,10825269704,10825269736,1,"IOTHUB_CLIENT_CONFIRMATION_OK"
92,10825270037,10825270074,1,"IOTHUB_CLIENT_CONFIRMATION_OK"
93,10825270370,10825270510,1,"IOTHUB_CLIENT_CONFIRMATION_OK"
94,10825270704,10825270779,1,"IOTHUB_CLIENT_CONFIRMATION_OK"
95,10825271037,10825271107,1,"IOTHUB_CLIENT_CONFIRMATION_OK"
96,10825271370,10825271445,1,"IOTHUB_CLIENT_CONFIRMATION_OK"
97,10825271703,10825271779,1,"IOTHUB_CLIENT_CONFIRMATION_OK"
98,10825272036,10825272070,1,"IOTHUB_CLIENT_CONFIRMATION_OK"
99,10825272369,10825272418,1,"IOTHUB_CLIENT_CONFIRMATION_OK"
100,10825272703,10825272736,1,"IOTHUB_CLIENT_CONFIRMATION_OK"
101,10825273036,10825273078,1,"IOTHUB_CLIENT_CONFIRMATION_OK"
102,10825273369,10825273406,1,"IOTHUB_CLIENT_CONFIRMATION_OK"
103,10825273702,10825273733,1,"IOTHUB_CLIENT_CONFIRMATION_OK"
104,10825274035,10825274091,1,"IOTHUB_CLIENT_CONFIRMATION_OK"
105,10825274369,10825274436,1,"IOTHUB_CLIENT_CONFIRMATION_OK"
106,10825274702,10825274737,1,"IOTHUB_CLIENT_CONFIRMATION_OK"
107,10825275035,10825275070,1,"IOTHUB_CLIENT_CONFIRMATION_OK"
108,10825275368,10825275469,1,"IOTHUB_CLIENT_CONFIRMATION_OK"
109,10825275701,10825275731,1,"IOTHUB_CLIENT_CONFIRMATION_OK"
110,10825276034,10825276117,1,"IOTHUB_CLIENT_CONFIRMATION_OK"
111,10825276367,10825276398,1,"IOTHUB_CLIENT_CONFIRMATION_OK"
112,10825276701,10825276734,1,"IOTHUB_CLIENT_CONFIRMATION_OK"
113,10825277034,10825277064,1,"IOTHUB_CLIENT_CONFIRMATION_OK"
114,10825277367,10825277399,1,"IOTHUB_CLIENT_CONFIRMATION_OK"
115,10825277700,10825277735,1,"IOTHUB_CLIENT_CONFIRMATION_OK"
116,10825278033,10825278068,1,"IOTHUB_CLIENT_CONFIRMATION_OK"
117,10825278366,10825278405,1,"IOTHUB_CLIENT_CONFIRMATION_OK"
118,10825278700,10825278732,1,"IOTHUB_CLIENT_CONFIRMATION_OK"
119,10825279033,10825279067,1,"IOTHUB_CLIENT_CONFIRMATION_OK"
120,10825279366,10825279457,1,"IOTHUB_CLIENT_CONFIRMATION_OK"
121,10825279699,10825279734,1,"IOTHUB_CLIENT_CONFIRMATION_OK"
122,10825280032,10825280214,1,"IOTHUB_CLIENT_CONFIRMATION_OK"
123,10825280365,10825280399,1,"IOTHUB_CLIENT_CONFIRMATION_OK"
124,10825280699,10825280737,1,"IOTHUB_CLIENT_CONFIRMATION_OK"
125,10825281032,10825281131,1,"IOTHUB_CLIENT_CONFIRMATION_OK"
126,10825281365,10825281395,1,"IOTHUB_CLIENT_CONFIRMATION_OK"
127,10825281698,10825281735,1,"IOTHUB_CLIENT_CONFIRMATION_OK"
128,10825282031,10825282067,1,"IOTHUB_CLIENT_CONFIRMATION_OK"
129,10825282364,10825282393,1,"IOTHUB_CLIENT_CONFIRMATION_OK"
130,10825282697,10825282732,1,"IOTHUB_CLIENT_CONFIRMATION_OK"
131,10825283031,10825283074,1,"IOTHUB_CLIENT_CONFIRMATION_OK"
132,10825283364,10825283396,1,"IOTHUB_CLIENT_CONFIRMATION_OK"
133,10825283697,10825283729,1,"IOTHUB_CLIENT_CONFIRMATION_OK"
134,10825284030,10825284064,1,"IOTHUB_CLIENT_CONFIRMATION_OK"
135,10825284363,10825284394,1,"IOTHUB_CLIENT_CONFIRMATION_OK"
136,10825284696,10825284728,1,"IOTHUB_CLIENT_CONFIRMATION_OK"
137,10825285030,10825285086,1,"IOTHUB_CLIENT_CONFIRMATION_OK"
138,10825285363,10825285400,1,"IOTHUB_CLIENT_CONFIRMATION_OK"
139,10825285696,10825285744,1,"IOTHUB_CLIENT_CONFIRMATION_OK"
140,10825286029,10825286072,1,"IOTHUB_CLIENT_CONFIRMATION_OK"
141,10825286362,10825286528,1,"IOTHUB_CLIENT_CONFIRMATION_OK"
142,10825286695,10825286891,1,"IOTHUB_CLIENT_CONFIRMATION_OK"
143,10825287029,10825287097,1,"IOTHUB_CLIENT_CONFIRMATION_OK"
144,10825287362,10825287400,1,"IOTHUB_CLIENT_CONFIRMATION_OK"
145,10825287695,10825287840,1,"IOTHUB_CLIENT_CONFIRMATION_OK"
146,10825288028,10825288060,1,"IOTHUB_CLIENT_CONFIRMATION_OK"
147,10825288361,10825288398,1,"IOTHUB_CLIENT_CONFIRMATION_OK"
148,10825288694,10825288786,1,"IOTHUB_CLIENT_CONFIRMATION_OK"
149,10825289028,10825289203,1,"IOTHUB_CLIENT_CONFIRMATION_OK"
150,10825289361,10825289396,1,"IOTHUB_CLIENT_CONFIRMATION_OK"
151,10825289694,10825289735,1,"IOTHUB_CLIENT_CONFIRMATION_OK"
152,10825290027,10825290062,1,"IOTHUB_CLIENT_CONFIRMATION_OK"
153,10825290360,10825290450,1,"IOTHUB_CLIENT_CONFIRMATION_OK"
154,10825290693,10825290724,1,"IOTHUB_CLIENT_CONFIRMATION_OK"
155,10825291026,10825291058,1,"IOTHUB_CLIENT_CONFIRMATION_OK"
156,10825291360,10825291390,1,"IOTHUB_CLIENT_CONFIRMATION_OK"
157,10825291693,10825291728,1,"IOTHUB_CLIENT_CONFIRMATION_OK"
158,10825292026,10825292059,1,"IOTHUB_CLIENT_CONFIRMATION_OK"
159,10825292359,10825292392,1,"IOTHUB_CLIENT_CONFIRMATION_OK"
160,10825292692,10825292735,1,"IOTHUB_CLIENT_CONFIRMATION_OK"
161,10825293025,10825293063,1,"IOTHUB_CLIENT_CONFIRMATION_OK"
162,10825293359,10825293397,1,"IOTHUB_CLIENT_CONFIRMATION_OK"
163,10825293692,10825293729,1,"IOTHUB_CLIENT_CONFIRMATION_OK"
164,10825294025,10825294053,1,"IOTHUB_CLIENT_CONFIRMATION_OK"
165,10825294358,10825294387,1,"IOTHUB_CLIENT_CONFIRMATION_OK"
166,10825294691,10825294736,1,"IOTHUB_CLIENT_CONFIRMATION_OK"
167,10825295024,10825295059,1,"IOTHUB_CLIENT_CONFIRMATION_OK"
168,10825295358,10825295410,1,"IOTHUB_CLIENT_CONFIRMATION_OK"
169,10825295691,10825295721,1,"IOTHUB_CLIENT_CONFIRMATION_OK"
170,10825296024,10825296172,1,"IOTHUB_CLIENT_CONFIRMATION_OK"
171,10825296357,10825296387,1,"IOTHUB_CLIENT_CONFIRMATION_OK"
172,10825296690,10825296724,1,"IOTHUB_CLIENT_CONFIRMATION_OK"
173,10825297023,10825297094,1,"IOTHUB_CLIENT_CONFIRMATION_OK"
174,10825297357,10825297390,1,"IOTHUB_CLIENT_CONFIRMATION_OK"
175,10825297690,10825297760,1,"IOTHUB_CLIENT_CONFIRMATION_OK"
176,10825298023,10825298052,1,"IOTHUB_CLIENT_CONFIRMATION_OK"
177,10825298356,10825298390,1,"IOTHUB_CLIENT_CONFIRMATION_OK"
178,10825298689,10825298730,1,"IOTHUB_CLIENT_CONFIRMATION_OK"
179,10825299022,10825299094,1,"IOTHUB_CLIENT_CONFIRMATION_OK"
180,10825299355,10825299394,1,"IOTHUB_CLIENT_CONFIRMATION_OK"
181,10825299689,10825299722,1,"IOTHUB_CLIENT_CONFIRMATION_OK"
182,10825300022,10825300052,1,"IOTHUB_CLIENT_CONFIRMATION_OK"
183,10825300355,10825300387,1,"IOTHUB_CLIENT_CONFIRMATION_OK"
184,10825300688,10825300722,1,"IOTHUB_CLIENT_CONFIRMATION_OK"
185,10825301021,10825301053,1,"IOTHUB_CLIENT_CONFIRMATION_OK"
186,10825301354,10825301502,1,"IOTHUB_CLIENT_CONFIRMATION_OK"
187,10825301688,10825301719,1,"IOTHUB_CLIENT_CONFIRMATION_OK"
188,10825302021,10825302054,1,"IOTHUB_CLIENT_CONFIRMATION_OK"
189,10825302354,10825302386,1,"IOTHUB_CLIENT_CONFIRMATION_OK"
190,10825302687,10825302843,1,"IOTHUB_CLIENT_CONFIRMATION_OK"
191,10825303020,10825303167,1,"IOTHUB_CLIENT_CONFIRMATION_OK"
192,10825303353,10825303390,1,"IOTHUB_CLIENT_CONFIRMATION_OK"
193,10825303687,10825303719,1,"IOTHUB_CLIENT_CONFIRMATION_OK"
194,10825304020,10825304065,1,"IOTHUB_CLIENT_CONFIRMATION_OK"
195,10825304353,10825304486,1,"IOTHUB_CLIENT_CONFIRMATION_OK"
196,10825304686,10825304805,1,"IOTHUB_CLIENT_CONFIRMATION_OK"
197,10825305019,10825305060,1,"IOTHUB_CLIENT_CONFIRMATION_OK"
198,10825305352,10825305512,1,"IOTHUB_CLIENT_CONFIRMATION_OK"
199,10825305686,10825305805,1,"IOTHUB_CLIENT_CONFIRMATION_OK"
200,10825306019,10825306255,1,"IOTHUB_CLIENT_CONFIRMATION_OK"
201,10825306352,10825306412,1,"IOTHUB_CLIENT_CONFIRMATION_OK"
202,10825306685,10825306739,1,"IOTHUB_CLIENT_CONFIRMATION_OK"
203,10825307018,10825307104,1,"IOTHUB_CLIENT_CONFIRMATION_OK"
204,10825307351,10825307394,1,"IOTHUB_CLIENT_CONFIRMATION_OK"
205,10825307684,10825307787,1,"IOTHUB_CLIENT_CONFIRMATION_OK"
206,10825308018,10825308054,1,"IOTHUB_CLIENT_CONFIRMATION_OK"
207,10825308351,10825308398,1,"IOTHUB_CLIENT_CONFIRMATION_OK"
208,10825308684,10825308791,1,"IOTHUB_CLIENT_CONFIRMATION_OK"
209,10825309017,10825309109,1,"IOTHUB_CLIENT_CONFIRMATION_OK"
210,10825309350,10825309380,1,"IOTHUB_CLIENT_CONFIRMATION_OK"
211,10825309683,10825309726,1,"IOTHUB_CLIENT_CONFIRMATION_OK"
212,10825310017,10825310049,1,"IOTHUB_CLIENT_CONFIRMATION_OK"
213,10825310350,10825310402,1,"IOTHUB_CLIENT_CONFIRMATION_OK"
214,10825310683,10825310716,1,"IOTHUB_CLIENT_CONFIRMATION_OK"
215,10825311016,10825311068,1,"IOTHUB_CLIENT_CONFIRMATION_OK"
216,10825311349,10825311443,1,"IOTHUB_CLIENT_CONFIRMATION_OK"
217,10825311682,10825311712,1,"IOTHUB_CLIENT_CONFIRMATION_OK"
218,10825312015,10825312044,1,"IOTHUB_CLIENT_CONFIRMATION_OK"
219,10825312349,10825312380,1,"IOTHUB_CLIENT_CONFIRMATION_OK"
220,10825312682,10825312715,1,"IOTHUB_CLIENT_CONFIRMATION_OK"
221,10825313015,10825313176,1,"IOTHUB_CLIENT_CONFIRMATION_OK"
222,10825313348,10825313401,1,"IOTHUB_CLIENT_CONFIRMATION_OK"
223,10825313681,10825313785,1,"IOTHUB_CLIENT_CONFIRMATION_OK"
224,10825314015,10825314046,1,"IOTHUB_CLIENT_CONFIRMATION_OK"
225,10825314348,10825314392,1,"IOTHUB_CLIENT_CONFIRMATION_OK"
226,10825314681,10825314847,1,"IOTHUB_CLIENT_CONFIRMATION_OK"
227,10825315014,10825315115,1,"IOTHUB_CLIENT_CONFIRMATION_OK"
228,10825315347,10825315384,1,"IOTHUB_CLIENT_CONFIRMATION_OK"
229,10825315680,10825315711,1,"IOTHUB_CLIENT_CONFIRMATION_OK"
230,10825316014,10825316044,1,"IOTHUB_CLIENT_CONFIRMATION_OK"
231,10825316347,10825316377,1,"IOTHUB_CLIENT_CONFIRMATION_OK"
232,10825316680,10825316710,1,"IOTHUB_CLIENT_CONFIRMATION_OK"
233,10825317013,10825317046,1,"IOTHUB_CLIENT_CONFIRMATION_OK"
234,10825317346,10825317384,1,"IOTHUB_CLIENT_CONFIRMATION_OK"
235,10825317679,10825317742,1,"IOTHUB_CLIENT_CONFIRMATION_OK"
236,10825318012,10825318049,1,"IOTHUB_CLIENT_CONFIRMATION_OK"
237,10825318346,10825318427,1,"IOTHUB_CLIENT_CONFIRMATION_OK"
238,10825318679,10825318708,1,"IOTHUB_CLIENT_CONFIRMATION_OK"
239,10825319012,10825319042,1,"IOTHUB_CLIENT_CONFIRMATION_OK"
240,10825319345,10825319377,1,"IOTHUB_CLIENT_CONFIRMATION_OK"
241,10825319678,10825319710,1,"IOTHUB_CLIENT_CONFIRMATION_OK"
242,10825320011,10825320047,1,"IOTHUB_CLIENT_CONFIRMATION_OK"
243,10825320345,10825320389,1,"IOTHUB_CLIENT_CONFIRMATION_OK"
244,10825320678,10825320707,1,"IOTHUB_CLIENT_CONFIRMATION_OK"
245,10825321011,10825321054,1,"IOTHUB_CLIENT_CONFIRMATION_OK"
246,10825321344,10825321382,1,"IOTHUB_CLIENT_CONFIRMATION_OK"
247,10825321677,10825321713,1,"IOTHUB_CLIENT_CONFIRMATION_OK"
248,10825322010,10825322045,1,"IOTHUB_CLIENT_CONFIRMATION_OK"
249,10825322343,10825322378,1,"IOTHUB_CLIENT_CONFIRMATION_OK"
250,10825322676,10825322840,1,"IOTHUB_CLIENT_CONFIRMATION_OK"
251,10825323010,10825323040,1,"IOTHUB_CLIENT_CONFIRMATION_OK"
252,10825323343,10825323377,1,"IOTHUB_CLIENT_CONFIRMATION_OK"
253,10825323676,10825323708,1,"IOTHUB_CLIENT_CONFIRMATION_OK"
254,10825324009,10825324053,1,"IOTHUB_CLIENT_CONFIRMATION_OK"
255,10825324342,10825324388,1,"IOTHUB_CLIENT_CONFIRMATION_OK"
256,10825324675,10825324713,1,"IOTHUB_CLIENT_CONFIRMATION_OK"
257,10825325008,10825325152,1,"IOTHUB_CLIENT_CONFIRMATION_OK"
258,10825325342,10825325371,1,"IOTHUB_CLIENT_CONFIRMATION_OK"
259,10825325675,10825325757,1,"IOTHUB_CLIENT_CONFIRMATION_OK"
260,10825326008,10825326041,1,"IOTHUB_CLIENT_CONFIRMATION_OK"
261,10825326341,10825326372,1,"IOTHUB_CLIENT_CONFIRMATION_OK"
262,10825326674,10825326754,1,"IOTHUB_CLIENT_CONFIRMATION_OK"
263,10825327007,10825327038,1,"IOTHUB_CLIENT_CONFIRMATION_OK"
264,10825327341,10825327374,1,"IOTHUB_CLIENT_CONFIRMATION_OK"
265,10825327674,10825327708,1,"IOTHUB_CLIENT_CONFIRMATION_OK"
266,10825328007,10825328079,1,"IOTHUB_CLIENT_CONFIRMATION_OK"
267,10825328340,10825328399,1,"IOTHUB_CLIENT_CONFIRMATION_OK"
268,10825328673,10825328708,1,"IOTHUB_CLIENT_CONFIRMATION_OK"
269,10825329006,10825329042,1,"IOTHUB_CLIENT_CONFIRMATION_OK"
270,10825329340,10825329390,1,"IOTHUB_CLIENT_CONFIRMATION_OK"
271,10825329673,10825329815,1,"IOTHUB_CLIENT_CONFIRMATION_OK"
272,10825330006,10825330168,1,"IOTHUB_CLIENT_CONFIRMATION_OK"
273,10825330339,10825330368,1,"IOTHUB_CLIENT_CONFIRMATION_OK"
274,10825330672,10825330704,1,"IOTHUB_CLIENT_CONFIRMATION_OK"
275,10825331005,10825331050,1,"IOTHUB_CLIENT_CONFIRMATION_OK"
276,10825331338,10825331379,1,"IOTHUB_CLIENT_CONFIRMATION_OK"
277,10825331672,10825331703,1,"IOTHUB_CLIENT_CONFIRMATION_OK"
278,10825332005,10825332039,1,"IOTHUB_CLIENT_CONFIRMATION_OK"
279,10825332338,10825332376,1,"IOTHUB_CLIENT_CONFIRMATION_OK"
280,10825332671,10825332728,1,"IOTHUB_CLIENT_CONFIRMATION_OK"
281,10825333004,10825333044,1,"IOTHUB_CLIENT_CONFIRMATION_OK"
282,10825333337,10825333369,1,"IOTHUB_CLIENT_CONFIRMATION_OK"
283,10825333671,10825333704,1,"IOTHUB_CLIENT_CONFIRMATION_OK"
284,10825334004,10825334081,1,"IOTHUB_CLIENT_CONFIRMATION_OK"
285,10825334337,10825334416,1,"IOTHUB_CLIENT_CONFIRMATION_OK"
286,10825334670,10825334859,1,"IOTHUB_CLIENT_CONFIRMATION_OK"
287,10825335003,10825335043,1,"IOTHUB_CLIENT_CONFIRMATION_OK"
288,10825335336,10825335369,1,"IOTHUB_CLIENT_CONFIRMATION_OK"
289,10825335670,10825335702,1,"IOTHUB_CLIENT_CONFIRMATION_OK"
290,10825336003,10825336082,1,"IOTHUB_CLIENT_CONFIRMATION_OK"
291,10825336336,10825336381,1,"IOTHUB_CLIENT_CONFIRMATION_OK"
292,10825336669,10825336704,1,"IOTHUB_CLIENT_CONFIRMATION_OK"
293,10825337002,10825337033,1,"IOTHUB_CLIENT_CONFIRMATION_OK"
294,10825337335,10825337369,1,"IOTHUB_CLIENT_CONFIRMATION_OK"
295,10825337669,10825337707,1,"IOTHUB_CLIENT_CONFIRMATION_OK"
296,10825338002,10825338034,1,"IOTHUB_CLIENT_CONFIRMATION_OK"
297,10825338335,10825338373,1,"IOTHUB_CLIENT_CONFIRMATION_OK"
298,10825338668,10825338729,1,"IOTHUB_CLIENT_CONFIRMATION_OK"
299,10825339001,10825339032,1,"IOTHUB_CLIENT_CONFIRMATION_OK"
300,10825339334,10825339384,1,"IOTHUB_CLIENT_CONFIRMATION_OK"
301,10825339668,10825339697,1,"IOTHUB_CLIENT_CONFIRMATION_OK"
302,10825340001,10825340035,1,"IOTHUB_CLIENT_CONFIRMATION_OK"
303,10825340334,10825340429,1,"IOTHUB_CLIENT_CONFIRMATION_OK"
304,10825340667,10825340701,1,"IOTHUB_CLIENT_CONFIRMATION_OK"
305,10825341000,10825341032,1,"IOTHUB_CLIENT_CONFIRMATION_OK"
306,10825341333,10825341376,1,"IOTHUB_CLIENT_CONFIRMATION_OK"
307,10825341666,10825341700,1,"IOTHUB_CLIENT_CONFIRMATION_OK"
308,10825342000,10825342030,1,"IOTHUB_CLIENT_CONFIRMATION_OK"
309,10825342333,10825342380,1,"IOTHUB_CLIENT_CONFIRMATION_OK"
310,10825342666,10825342716,1,"IOTHUB_CLIENT_CONFIRMATION_OK"
311,10825342999,10825343035,1,"IOTHUB_CLIENT_CONFIRMATION_OK"
312,10825343332,10825343468,1,"IOTHUB_CLIENT_CONFIRMATION_OK"
313,10825343665,10825343770,1,"IOTHUB_CLIENT_CONFIRMATION_OK"
314,10825343999,10825344031,1,"IOTHUB_CLIENT_CONFIRMATION_OK"
315,10825344332,10825344392,1,"IOTHUB_CLIENT_CONFIRMATION_OK"
316,10825344665,10825344731,1,"IOTHUB_CLIENT_CONFIRMATION_OK"
317,10825344998,10825345037,1,"IOTHUB_CLIENT_CONFIRMATION_OK"
318,10825345331,10825345366,1,"IOTHUB_CLIENT_CONFIRMATION_OK"
319,10825345664,10825345696,1,"IOTHUB_CLIENT_CONFIRMATION_OK"
320,10825345998,10825346100,1,"IOTHUB_CLIENT_CONFIRMATION_OK"
321,10825346331,10825346368,1,"IOTHUB_CLIENT_CONFIRMATION_OK"
322,10825346664,10825346697,1,"IOTHUB_CLIENT_CONFIRMATION_OK"
323,10825346997,10825347029,1,"IOTHUB_CLIENT_CONFIRMATION_OK"
324,10825347330,10825347426,1,"IOTHUB_CLIENT_CONFIRMATION_OK"
325,10825347663,10825347695,1,"IOTHUB_CLIENT_CONFIRMATION_OK"
326,10825347996,10825348028,1,"IOTHUB_CLIENT_CONFIRMATION_OK"
327,10825348330,10825348361,1,"IOTHUB_CLIENT_CONFIRMATION_OK"
328,10825348663,10825348696,1,"IOTHUB_CLIENT_CONFIRMATION_OK"
329,10825348996,10825349047,1,"IOTHUB_CLIENT_CONFIRMATION_OK"
330,10825349329,10825349405,1,"IOTHUB_CLIENT_CONFIRMATION_OK"
331,10825349662,10825349697,1,"IOTHUB_CLIENT_CONFIRMATION_OK"
332,10825349995,10825350040,1,"IOTHUB_CLIENT_CONFIRMATION_OK"
333,10825350329,10825350450,1,"IOTHUB_CLIENT_CONFIRMATION_OK"
334,10825350662,10825350693,1,"IOTHUB_CLIENT_CONFIRMATION_OK"
335,10825350995,10825351072,1,"IOTHUB_CLIENT_CONFIRMATION_OK"
336,10825351328,10825351374,1,"IOTHUB_CLIENT_CONFIRMATION_OK"
337,10825351661,10825351726,1,"IOTHUB_CLIENT_CONFIRMATION_OK"
338,10825351994,10825352027,1,"IOTHUB_CLIENT_CONFIRMATION_OK"
339,10825352327,10825352459,1,"IOTHUB_CLIENT_CONFIRMATION_OK"
340,10825352661,10825352790,1,"IOTHUB_CLIENT_CONFIRMATION_OK"
341,10825352994,10825353024,1,"IOTHUB_CLIENT_CONFIRMATION_OK"
342,10825353327,10825353359,1,"IOTHUB_CLIENT_CONFIRMATION_OK"
343,10825353660,10825353720,1,"IOTHUB_CLIENT_CONFIRMATION_OK"
344,10825353993,10825354024,1,"IOTHUB_CLIENT_CONFIRMATION_OK"
345,10825354326,10825354406,1,"IOTHUB_CLIENT_CONFIRMATION_OK"
346,10825354660,10825354689,1,"IOTHUB_CLIENT_CONFIRMATION_OK"
347,10825354993,10825355024,1,"IOTHUB_CLIENT_CONFIRMATION_OK"
348,10825355326,10825355387,1,"IOTHUB_CLIENT_CONFIRMATION_OK"
349,10825355659,10825355692,1,"IOTHUB_CLIENT_CONFIRMATION_OK"
350,10825355992,10825356024,1,"IOTHUB_CLIENT_CONFIRMATION_OK"
351,10825356325,10825356356,1,"IOTHUB_CLIENT_CONFIRMATION_OK"
352,10825356658,10825356714,1,"IOTHUB_CLIENT_CONFIRMATION_OK"
353,10825356992,10825357025,1,"IOTHUB_CLIENT_CONFIRMATION_OK"
354,10825357325,10825357355,1,"IOTHUB_CLIENT_CONFIRMATION_OK"
355,10825357658,10825357729,1,"IOTHUB_CLIENT_CONFIRMATION_OK"
356,10825357991,10825358024,1,"IOTHUB_CLIENT_CONFIRMATION_OK"
357,10825358324,10825358355,1,"IOTHUB_CLIENT_CONFIRMATION_OK"
358,10825358657,10825358693,1,"IOTHUB_CLIENT_CONFIRMATION_OK"
359,10825358991,10825359023,1,"IOTHUB_CLIENT_CONFIRMATION_OK"
360,10825359324,10825359407,1,"IOTHUB_CLIENT_CONFIRMATION_OK"
361,10825359657,10825359688,1,"IOTHUB_CLIENT_CONFIRMATION_OK"
362,10825359990,10825360022,1,"IOTHUB_CLIENT_CONFIRMATION_OK"
363,10825360323,10825360360,1,"IOTHUB_CLIENT_CONFIRMATION_OK"
364,10825360656,10825360687,1,"IOTHUB_CLIENT_CONFIRMATION_OK"
365,10825360989,10825361026,1,"IOTHUB_CLIENT_CONFIRMATION_OK"
366,10825361323,10825361359,1,"IOTHUB_CLIENT_CONFIRMATION_OK"
367,10825361656,10825361703,1,"IOTHUB_CLIENT_CONFIRMATION_OK"
368,10825361989,10825362020,1,"IOTHUB_CLIENT_CONFIRMATION_OK"
369,10825362322,10825362396,1,"IOTHUB_CLIENT_CONFIRMATION_OK"
370,10825362655,10825362719,1,"IOTHUB_CLIENT_CONFIRMATION_OK"
371,10825362988,10825363019,1,"IOTHUB_CLIENT_CONFIRMATION_OK"
372,10825363322,10825363367,1,"IOTHUB_CLIENT_CONFIRMATION_OK"
373,10825363655,10825363700,1,"IOTHUB_CLIENT_CONFIRMATION_OK"
374,10825363988,10825364019,1,"IOTHUB_CLIENT_CONFIRMATION_OK"
375,10825364321,10825364361,1,"IOTHUB_CLIENT_CONFIRMATION_OK"
376,10825364654,10825364690,1,"IOTHUB_CLIENT_CONFIRMATION_OK"
377,10825364987,10825365017,1,"IOTHUB_CLIENT_CONFIRMATION_OK"
378,10825365320,10825365352,1,"IOTHUB_CLIENT_CONFIRMATION_OK"
379,10825365654,10825365687,1,"IOTHUB_CLIENT_CONFIRMATION_OK"
380,10825365987,10825366022,1,"IOTHUB_CLIENT_CONFIRMATION_OK"
381,10825366320,10825366356,1,"IOTHUB_CLIENT_CONFIRMATION_OK"
382,10825366653,10825366694,1,"IOTHUB_CLIENT_CONFIRMATION_OK"
383,10825366986,10825367041,1,"IOTHUB_CLIENT_CONFIRMATION_OK"
384,10825367319,10825367408,1,"IOTHUB_CLIENT_CONFIRMATION_OK"
385,10825367653,10825367691,1,"IOTHUB_CLIENT_CONFIRMATION_OK"
386,10825367986,10825368024,1,"IOTHUB_CLIENT_CONFIRMATION_OK"
387,10825368319,10825368354,1,"IOTHUB_CLIENT_CONFIRMATION_OK"
388,10825368652,10825368684,1,"IOTHUB_CLIENT_CONFIRMATION_OK"
389,10825368985,10825369019,1,"IOTHUB_CLIENT_CONFIRMATION_OK"
390,10825369319,10825369357,1,"IOTHUB_CLIENT_CONFIRMATION_OK"
391,10825369652,10825369704,1,"IOTHUB_CLIENT_CONFIRMATION_OK"
392,10825369985,10825370035,1,"IOTHUB_CLIENT_CONFIRMATION_OK"
393,10825370318,10825370355,1,"IOTHUB_CLIENT_CONFIRMATION_OK"
394,10825370651,10825370684,1,"IOTHUB_CLIENT_CONFIRMATION_OK"
395,10825370984,10825371076,1,"IOTHUB_CLIENT_CONFIRMATION_OK"
396,10825371317,10825371350,1,"IOTHUB_CLIENT_CONFIRMATION_OK"
397,10825371651,10825371684,1,"IOTHUB_CLIENT_CONFIRMATION_OK"
398,10825371984,10825372099,1,"IOTHUB_CLIENT_CONFIRMATION_OK"
399,10825372317,10825372384,1,"IOTHUB_CLIENT_CONFIRMATION_OK"
400,10825372650,10825372683,1,"IOTHUB_CLIENT_CONFIRMATION_OK"
401,10825372983,10825373018,1,"IOTHUB_CLIENT_CONFIRMATION_OK"
402,10825373316,10825373347,1,"IOTHUB_CLIENT_CONFIRMATION_OK"
403,10825373650,10825373682,1,"IOTHUB_CLIENT_CONFIRMATION_OK"
404,10825373983,10825374013,1,"IOTHUB_CLIENT_CONFIRMATION_OK"
405,10825374316,10825374423,1,"IOTHUB_CLIENT_CONFIRMATION_OK"
406,10825374649,10825374685,1,"IOTHUB_CLIENT_CONFIRMATION_OK"
407,10825374982,10825375019,1,"IOTHUB_CLIENT_CONFIRMATION_OK"
408,10825375315,10825375380,1,"IOTHUB_CLIENT_CONFIRMATION_OK"
409,10825375648,10825375682,1,"IOTHUB_CLIENT_CONFIRMATION_OK"
410,10825375982,10825376067,1,"IOTHUB_CLIENT_CONFIRMATION_OK"
411,10825376315,10825376354,1,"IOTHUB_CLIENT_CONFIRMATION_OK"
412,10825376648,10825376705,1,"IOTHUB_CLIENT_CONFIRMATION_OK"
413,10825376981,10825377019,1,"IOTHUB_CLIENT_CONFIRMATION_OK"
414,10825377314,10825377402,1,"IOTHUB_CLIENT_CONFIRMATION_OK"
415,10825377647,10825377758,1,"IOTHUB_CLIENT_CONFIRMATION_OK"
416,10825377981,10825378018,1,"IOTHUB_CLIENT_CONFIRMATION_OK"
417,10825378314,10825378431,1,"IOTHUB_CLIENT_CONFIRMATION_OK"
418,10825378647,10825378689,1,"IOTHUB_CLIENT_CONFIRMATION_OK"
419,10825378980,10825379017,1,"IOTHUB_CLIENT_CONFIRMATION_OK"
420,10825379313,10825379347,1,"IOTHUB_CLIENT_CONFIRMATION_OK"
421,10825379646,10825379690,1,"IOTHUB_CLIENT_CONFIRMATION_OK"
422,10825379980,10825380014,1,"IOTHUB_CLIENT_CONFIRMATION_OK"
423,10825380313,10825380344,1,"IOTHUB_CLIENT_CONFIRMATION_OK"
424,10825380646,10825380675,1,"IOTHUB_CLIENT_CONFIRMATION_OK"
425,10825380979,10825381010,1,"IOTHUB_CLIENT_CONFIRMATION_OK"
426,10825381312,10825381377,1,"IOTHUB_CLIENT_CONFIRMATION_OK"
427,10825381645,10825381735,1,"IOTHUB_CLIENT_CONFIRMATION_OK"
428,10825381978,10825382007,1,"IOTHUB_CLIENT_CONFIRMATION_OK"
429,10825382312,10825382417,1,"IOTHUB_CLIENT_CONFIRMATION_OK"
430,10825382645,10825382753,1,"IOTHUB_CLIENT_CONFIRMATION_OK"
431,10825382978,10825383027,1,"IOTHUB_CLIENT_CONFIRMATION_OK"
432,10825383311,10825383367,1,"IOTHUB_CLIENT_CONFIRMATION_OK"
433,10825383644,10825383675,1,"IOTHUB_CLIENT_CONFIRMATION_OK"
434,10825383977,10825384079,1,"IOTHUB_CLIENT_CONFIRMATION_OK"
435,10825384311,10825384351,1,"IOTHUB_CLIENT_CONFIRMATION_OK"
436,10825384644,10825384694,1,"IOTHUB_CLIENT_CONFIRMATION_OK"
437,10825384977,10825385019,1,"IOTHUB_CLIENT_CONFIRMATION_OK"
438,10825385310,10825385350,1,"IOTHUB_CLIENT_CONFIRMATION_OK"
439,10825385643,10825385677,1,"IOTHUB_CLIENT_CONFIRMATION_OK"
440,10825385976,10825386011,1,"IOTHUB_CLIENT_CONFIRMATION_OK"
441,10825386310,10825386351,1,"IOTHUB_CLIENT_CONFIRMATION_OK"
442,10825386643,10825386678,1,"IOTHUB_CLIENT_CONFIRMATION_OK"
443,10825386976,10825387032,1,"IOTHUB_CLIENT_CONFIRMATION_OK"
444,10825387309,10825387341,1,"IOTHUB_CLIENT_CONFIRMATION_OK"
445,10825387642,10825387685,1,"IOTHUB_CLIENT_CONFIRMATION_OK"
446,10825387975,10825388005,1,"IOTHUB_CLIENT_CONFIRMATION_OK"
447,10825388308,10825388344,1,"IOTHUB_CLIENT_CONFIRMATION_OK"
448,10825388642,10825388763,1,"IOTHUB_CLIENT_CONFIRMATION_OK"
449,10825388975,10825389004,1,"IOTHUB_CLIENT_CONFIRMATION_OK"
450,10825389308,10825389356,1,"IOTHUB_CLIENT_CONFIRMATION_OK"
451,10825389641,10825389697,1,"IOTHUB_CLIENT_CONFIRMATION_OK"
452,10825389974,10825390004,1,"IOTHUB_CLIENT_CONFIRMATION_OK"
453,10825390307,10825390336,1,"IOTHUB_CLIENT_CONFIRMATION_OK"
454,10825390641,10825390672,1,"IOTHUB_CLIENT_CONFIRMATION_OK"
455,10825390974,10825391073,1,"IOTHUB_CLIENT_CONFIRMATION_OK"
456,10825391307,10825391335,1,"IOTHUB_CLIENT_CONFIRMATION_OK"
457,10825391640,10825391705,1,"IOTHUB_CLIENT_CONFIRMATION_OK"
458,10825391973,10825392006,1,"IOTHUB_CLIENT_CONFIRMATION_OK"
459,10825392306,10825392382,1,"IOTHUB_CLIENT_CONFIRMATION_OK"
460,10825392640,10825392683,1,"IOTHUB_CLIENT_CONFIRMATION_OK"
461,10825392973,10825393004,1,"IOTHUB_CLIENT_CONFIRMATION_OK"
462,10825393306,10825393345,1,"IOTHUB_CLIENT_CONFIRMATION_OK"
463,10825393639,10825393675,1,"IOTHUB_CLIENT_CONFIRMATION_OK"
464,10825393972,10825394006,1,"IOTHUB_CLIENT_CONFIRMATION_OK"
465,10825394305,10825394343,1,"IOTHUB_CLIENT_CONFIRMATION_OK"
466,10825394638,10825394704,1,"IOTHUB_CLIENT_CONFIRMATION_OK"
467,10825394972,10825395023,1,"IOTHUB_CLIENT_CONFIRMATION_OK"
468,10825395305,10825395347,1,"IOTHUB_CLIENT_CONFIRMATION_OK"
469,10825395638,10825395670,1,"IOTHUB_CLIENT_CONFIRMATION_OK"
470,10825395971,10825396001,1,"IOTHUB_CLIENT_CONFIRMATION_OK"
471,10825396304,10825396338,1,"IOTHUB_CLIENT_CONFIRMATION_OK"
472,10825396637,10825396681,1,"IOTHUB_CLIENT_CONFIRMATION_OK"
473,10825396971,10825397117,1,"IOTHUB_CLIENT_CONFIRMATION_OK"
474,10825397304,10825397334,1,"IOTHUB_CLIENT_CONFIRMATION_OK"
475,10825397637,10825397711,1,"IOTHUB_CLIENT_CONFIRMATION_OK"
476,10825397970,10825398006,1,"IOTHUB_CLIENT_CONFIRMATION_OK"
477,10825398303,10825398339,1,"IOTHUB_CLIENT_CONFIRMATION_OK"
478,10825398636,10825398670,1,"IOTHUB_CLIENT_CONFIRMATION_OK"
479,10825398969,10825399003,1,"IOTHUB_CLIENT_CONFIRMATION_OK"
480,10825399303,10825399438,1,"IOTHUB_CLIENT_CONFIRMATION_OK"
481,10825399636,10825399743,1,"IOTHUB_CLIENT_CONFIRMATION_OK"
482,10825399969,10825400090,1,"IOTHUB_CLIENT_CONFIRMATION_OK"
483,10825400302,10825400337,1,"IOTHUB_CLIENT_CONFIRMATION_OK"
484,10825400635,10825400671,1,"IOTHUB_CLIENT_CONFIRMATION_OK"
485,10825400968,10825401005,1,"IOTHUB_CLIENT_CONFIRMATION_OK"
486,10825401302,10825401334,1,"IOTHUB_CLIENT_CONFIRMATION_OK"
487,10825401635,10825401679,1,"IOTHUB_CLIENT_CONFIRMATION_OK"
488,10825401968,10825402014,1,"IOTHUB_CLIENT_CONFIRMATION_OK"
489,10825402301,10825402333,1,"IOTHUB_CLIENT_CONFIRMATION_OK"
490,10825402634,10825402670,1,"IOTHUB_CLIENT_CONFIRMATION_OK"
491,10825402967,10825402999,1,"IOTHUB_CLIENT_CONFIRMATION_OK"
492,10825403301,10825403452,1,"IOTHUB_CLIENT_CONFIRMATION_OK"
493,10825403634,10825403670,1,"IOTHUB_CLIENT_CONFIRMATION_OK"
494,10825403967,10825403997,1,"IOTHUB_CLIENT_CONFIRMATION_OK"
495,10825404300,10825404341,1,"IOTHUB_CLIENT_CONFIRMATION_OK"
496,10825404633,10825404662,1,"IOTHUB_CLIENT_CONFIRMATION_OK"
497,10825404966,10825404998,1,"IOTHUB_CLIENT_CONFIRMATION_OK"
498,10825405300,10825405331,1,"IOTHUB_CLIENT_CONFIRMATION_OK"
499,10825405633,10825405686,1,"IOTHUB_CLIENT_CONFIRMATION_OK"
500,10825405966,10825406009,1,"IOTHUB_CLIENT_CONFIRMATION_OK"
501,10825406299,10825406330,1,"IOTHUB_CLIENT_CONFIRMATION_OK"
502,10825406632,10825406667,1,"IOTHUB_CLIENT_CONFIRMATION_OK"
503,10825406965,10825407007,1,"IOTHUB_CLIENT_CONFIRMATION_OK"
504,10825407298,10825407362,1,"IOTHUB_CLIENT_CONFIRMATION_OK"
505,10825407632,10825407666,1,"IOTHUB_CLIENT_CONFIRMATION_OK"
506,10825407965,10825408018,1,"IOTHUB_CLIENT_CONFIRMATION_OK"
507,10825408298,10825408333,1,"IOTHUB_CLIENT_CONFIRMATION_OK"
508,10825408631,10825408682,1,"IOTHUB_CLIENT_CONFIRMATION_OK"
509,10825408964,10825409010,1,"IOTHUB_CLIENT_CONFIRMATION_OK"
510,10825409297,10825409363,1,"IOTHUB_CLIENT_CONFIRMATION_OK"
511,10825409631,10825409683,1,"IOTHUB_CLIENT_CONFIRMATION_OK"
512,10825409964,10825410002,1,"IOTHUB_CLIENT_CONFIRMATION_OK"
513,10825410297,10825410331,1,"IOTHUB_CLIENT_CONFIRMATION_OK"
514,10825410630,10825410735,1,"IOTHUB_CLIENT_CONFIRMATION_OK"
515,10825410963,10825410999,1,"IOTHUB_CLIENT_CONFIRMATION_OK"
516,10825411296,10825411333,1,"IOTHUB_CLIENT_CONFIRMATION_OK"
517,10825411629,10825411662,1,"IOTHUB_CLIENT_CONFIRMATION_OK"
518,10825411963,10825412014,1,"IOTHUB_CLIENT_CONFIRMATION_OK"
519,10825412296,10825412331,1,"IOTHUB_CLIENT_CONFIRMATION_OK"
520,10825412629,10825412663,1,"IOTHUB_CLIENT_CONFIRMATION_OK"
521,10825412962,10825413012,1,"IOTHUB_CLIENT_CONFIRMATION_OK"
522,10825413295,10825413334,1,"IOTHUB_CLIENT_CONFIRMATION_OK"
523,10825413628,10825413673,1,"IOTHUB_CLIENT_CONFIRMATION_OK"
524,10825413962,10825413995,1,"IOTHUB_CLIENT_CONFIRMATION_OK"
525,10825414295,10825414335,1,"IOTHUB_CLIENT_CONFIRMATION_OK"
526,10825414628,10825414659,1,"IOTHUB_CLIENT_CONFIRMATION_OK"
527,10825414961,10825415104,1,"IOTHUB_CLIENT_CONFIRMATION_OK"
528,10825415294,10825415325,1,"IOTHUB_CLIENT_CONFIRMATION_OK"
529,10825415627,10825415662,1,"IOTHUB_CLIENT_CONFIRMATION_OK"
530,10825415961,10825415995,1,"IOTHUB_CLIENT_CONFIRMATION_OK"
531,10825416294,10825416362,1,"IOTHUB_CLIENT_CONFIRMATION_OK"
532,10825416627,10825416676,1,"IOTHUB_CLIENT_CONFIRMATION_OK"
533,10825416960,10825417022,1,"IOTHUB_CLIENT_CONFIRMATION_OK"
534,10825417293,10825417324,1,"IOTHUB_CLIENT_CONFIRMATION_OK"
535,10825417626,10825417657,1,"IOTHUB_CLIENT_CONFIRMATION_OK"
536,10825417959,10825417989,1,"IOTHUB_CLIENT_CONFIRMATION_OK"
537,10825418293,10825418348,1,"IOTHUB_CLIENT_CONFIRMATION_OK"
538,10825418626,10825418657,1,"IOTHUB_CLIENT_CONFIRMATION_OK"
539,10825418959,10825419010,1,"IOTHUB_CLIENT_CONFIRMATION_OK"
540,10825419292,10825419330,1,"IOTHUB_CLIENT_CONFIRMATION_OK"
541,10825419625,10825419729,1,"IOTHUB_CLIENT_CONFIRMATION_OK"
542,10825419958,10825419990,1,"IOTHUB_CLIENT_CONFIRMATION_OK"
543,10825420292,10825420326,1,"IOTHUB_CLIENT_CONFIRMATION_OK"
544,10825420625,10825420729,1,"IOTHUB_CLIENT_CONFIRMATION_OK"
545,10825420958,10825420995,1,"IOTHUB_CLIENT_CONFIRMATION_OK"
546,10825421291,10825421322,1,"IOTHUB_CLIENT_CONFIRMATION_OK"
547,10825421624,10825421653,1,"IOTHUB_CLIENT_CONFIRMATION_OK"
548,10825421957,10825421999,1,"IOTHUB_CLIENT_CONFIRMATION_OK"
549,10825422290,10825422349,1,"IOTHUB_CLIENT_CONFIRMATION_OK"
550,10825422624,10825422664,1,"IOTHUB_CLIENT_CONFIRMATION_OK"
551,10825422957,10825422998,1,"IOTHUB_CLIENT_CONFIRMATION_OK"
552,10825423290,10825423328,1,"IOTHUB_CLIENT_CONFIRMATION_OK"
553,10825423623,10825423661,1,"IOTHUB_CLIENT_CONFIRMATION_OK"
554,10825423956,10825423993,1,"IOTHUB_CLIENT_CONFIRMATION_OK"
555,10825424289,10825424336,1,"IOTHUB_CLIENT_CONFIRMATION_OK"
556,10825424623,10825424757,1,"IOTHUB_CLIENT_CONFIRMATION_OK"
557,10825424956,10825425019,1,"IOTHUB_CLIENT_CONFIRMATION_OK"
558,10825425289,10825425320,1,"IOTHUB_CLIENT_CONFIRMATION_OK"
559,10825425622,10825425655,1,"IOTHUB_CLIENT_CONFIRMATION_OK"
560,10825425955,10825425999,1,"IOTHUB_CLIENT_CONFIRMATION_OK"
561,10825426288,10825426319,1,"IOTHUB_CLIENT_CONFIRMATION_OK"
562,10825426621,10825426678,1,"IOTHUB_CLIENT_CONFIRMATION_OK"
563,10825426955,10825426987,1,"IOTHUB_CLIENT_CONFIRMATION_OK"
564,10825427288,10825427329,1,"IOTHUB_CLIENT_CONFIRMATION_OK"
565,10825427621,10825427656,1,"IOTHUB_CLIENT_CONFIRMATION_OK"
566,10825427954,10825427985,1,"IOTHUB_CLIENT_CONFIRMATION_OK"
567,10825428287,10825428328,1,"IOTHUB_CLIENT_CONFIRMATION_OK"
568,10825428620,10825428652,1,"IOTHUB_CLIENT_CONFIRMATION_OK"
569,10825428954,10825428987,1,"IOTHUB_CLIENT_CONFIRMATION_OK"
570,10825429287,10825429323,1,"IOTHUB_CLIENT_CONFIRMATION_OK"
571,10825429620,10825429651,1,"IOTHUB_CLIENT_CONFIRMATION_OK"
572,10825429953,10825429987,1,"IOTHUB_CLIENT_CONFIRMATION_OK"
573,10825430286,10825430322,1,"IOTHUB_CLIENT_CONFIRMATION_OK"
574,10825430619,10825430651,1,"IOTHUB_CLIENT_CONFIRMATION_OK"
575,10825430953,10825430988,1,"IOTHUB_CLIENT_CONFIRMATION_OK"
576,10825431286,10825431325,1,"IOTHUB_CLIENT_CONFIRMATION_OK"
577,10825431619,10825431651,1,"IOTHUB_CLIENT_CONFIRMATION_OK"
578,10825431952,10825431986,1,"IOTHUB_CLIENT_CONFIRMATION_OK"
579,10825432285,10825432319,1,"IOTHUB_CLIENT_CONFIRMATION_OK"
580,10825432618,10825432654,1,"IOTHUB_CLIENT_CONFIRMATION_OK"
581,10825432952,10825432988,1,"IOTHUB_CLIENT_CONFIRMATION_OK"
582,10825433285,10825433327,1,"IOTHUB_CLIENT_CONFIRMATION_OK"
583,10825433618,10825433648,1,"IOTHUB_CLIENT_CONFIRMATION_OK"
584,10825433951,10825433984,1,"IOTHUB_CLIENT_CONFIRMATION_OK"
585,10825434284,10825434324,1,"IOTHUB_CLIENT_CONFIRMATION_OK"
586,10825434617,10825434680,1,"IOTHUB_CLIENT_CONFIRMATION_OK"
587,10825434950,10825434985,1,"IOTHUB_CLIENT_CONFIRMATION_OK"
588,10825435284,10825435320,1,"IOTHUB_CLIENT_CONFIRMATION_OK"
589,10825435617,10825435691,1,"IOTHUB_CLIENT_CONFIRMATION_OK"
590,10825435950,10825435980,1,"IOTHUB_CLIENT_CONFIRMATION_OK"
591,10825436283,10825436328,1,"IOTHUB_CLIENT_CONFIRMATION_OK"
592,10825436616,10825436648,1,"IOTHUB_CLIENT_CONFIRMATION_OK"
593,10825436949,10825436980,1,"IOTHUB_CLIENT_CONFIRMATION_OK"
594,10825437283,10825437314,1,"IOTHUB_CLIENT_CONFIRMATION_OK"
595,10825437616,10825437646,1,"IOTHUB_CLIENT_CONFIRMATION_OK"
596,10825437949,10825437979,1,"IOTHUB_CLIENT_CONFIRMATION_OK"
597,10825438282,10825438315,1,"IOTHUB_CLIENT_CONFIRMATION_OK"
598,10825438615,10825438647,1,"IOTHUB_CLIENT_CONFIRMATION_OK"
599,10825438948,10825438979,1,"IOTHUB_CLIENT_CONFIRMATION_OK"
600,10825439281,10825439314,1,"IOTHUB_CLIENT_CONFIRMATION_OK"
601,10825439615,10825439696,1,"IOTHUB_CLIENT_CONFIRMATION_OK"
602,10825439948,10825439988,1,"IOTHUB_CLIENT_CONFIRMATION_OK"
603,10825440281,10825440317,1,"IOTHUB_CLIENT_CONFIRMATION_OK"
604,10825440614,10825440644,1,"IOTHUB_CLIENT_CONFIRMATION_OK"
605,10825440947,10825440979,1,"IOTHUB_CLIENT_CONFIRMATION_OK"
606,10825441280,10825441318,1,"IOTHUB_CLIENT_CONFIRMATION_OK"
607,10825441614,10825441679,1,"IOTHUB_CLIENT_CONFIRMATION_OK"
608,10825441947,10825441987,1,"IOTHUB_CLIENT_CONFIRMATION_OK"
609,10825442280,10825442316,1,"IOTHUB_CLIENT_CONFIRMATION_OK"
610,10825442613,10825442665,1,"IOTHUB_CLIENT_CONFIRMATION_OK"
611,10825442946,10825442979,1,"IOTHUB_CLIENT_CONFIRMATION_OK"
612,10825443279,10825443311,1,"IOTHUB_CLIENT_CONFIRMATION_OK"
613,10825443612,10825443650,1,"IOTHUB_CLIENT_CONFIRMATION_OK"
614,10825443946,10825443975,1,"IOTHUB_CLIENT_CONFIRMATION_OK"
615,10825444279,10825444315,1,"IOTHUB_CLIENT_CONFIRMATION_OK"
616,10825444612,10825444710,1,"IOTHUB_CLIENT_CONFIRMATION_OK"
617,10825444945,10825444986,1,"IOTHUB_CLIENT_CONFIRMATION_OK"
618,10825445278,10825445310,1,"IOTHUB_CLIENT_CONFIRMATION_OK"
619,10825445611,10825445645,1,"IOTHUB_CLIENT_CONFIRMATION_OK"
620,10825445945,10825445976,1,"IOTHUB_CLIENT_CONFIRMATION_OK"
621,10825446278,10825446314,1,"IOTHUB_CLIENT_CONFIRMATION_OK"
622,10825446611,10825446652,1,"IOTHUB_CLIENT_CONFIRMATION_OK"
623,10825446944,10825446980,1,"IOTHUB_CLIENT_CONFIRMATION_OK"
624,10825447277,10825447308,1,"IOTHUB_CLIENT_CONFIRMATION_OK"
625,10825447610,10825447647,1,"IOTHUB_CLIENT_CONFIRMATION_OK"
626,10825447944,10825447984,1,"IOTHUB_CLIENT_CONFIRMATION_OK"
627,10825448277,10825448310,1,"IOTHUB_CLIENT_CONFIRMATION_OK"
628,10825448610,10825448647,1,"IOTHUB_CLIENT_CONFIRMATION_OK"
629,10825448943,10825448980,1,"IOTHUB_CLIENT_CONFIRMATION_OK"
630,10825449276,10825449310,1,"IOTHUB_CLIENT_CONFIRMATION_OK"
631,10825449609,10825449723,1,"IOTHUB_CLIENT_CONFIRMATION_OK"
632,10825449942,10825449972,1,"IOTHUB_CLIENT_CONFIRMATION_OK"
633,10825450276,10825450309,1,"IOTHUB_CLIENT_CONFIRMATION_OK"
634,10825450609,10825450648,1,"IOTHUB_CLIENT_CONFIRMATION_OK"
635,10825450942,10825451082,1,"IOTHUB_CLIENT_CONFIRMATION_OK"
636,10825451275,10825451418,1,"IOTHUB_CLIENT_CONFIRMATION_OK"
637,10825451608,10825451642,1,"IOTHUB_CLIENT_CONFIRMATION_OK"
638,10825451941,10825451976,1,"IOTHUB_CLIENT_CONFIRMATION_OK"
639,10825452274,10825452305,1,"IOTHUB_CLIENT_CONFIRMATION_OK"
640,10825452608,10825452645,1,"IOTHUB_CLIENT_CONFIRMATION_OK"
641,10825452941,10825452973,1,"IOTHUB_CLIENT_CONFIRMATION_OK"
642,10825453274,10825453309,1,"IOTHUB_CLIENT_CONFIRMATION_OK"
643,10825453607,10825453639,1,"IOTHUB_CLIENT_CONFIRMATION_OK"
644,10825453940,10825453976,1,"IOTHUB_CLIENT_CONFIRMATION_OK"
645,10825454273,10825454308,1,"IOTHUB_CLIENT_CONFIRMATION_OK"
646,10825454607,10825454642,1,"IOTHUB_CLIENT_CONFIRMATION_OK"
647,10825454940,10825455040,1,"IOTHUB_CLIENT_CONFIRMATION_OK"
648,10825455273,10825455335,1,"IOTHUB_CLIENT_CONFIRMATION_OK"
649,10825455606,10825455648,1,"IOTHUB_CLIENT_CONFIRMATION_OK"
650,10825455939,10825455971,1,"IOTHUB_CLIENT_CONFIRMATION_OK"
651,10825456272,10825456337,1,"IOTHUB_CLIENT_CONFIRMATION_OK"
652,10825456606,10825456639,1,"IOTHUB_CLIENT_CONFIRMATION_OK"
653,10825456939,10825456969,1,"IOTHUB_CLIENT_CONFIRMATION_OK"
654,10825457272,10825457336,1,"IOTHUB_CLIENT_CONFIRMATION_OK"
655,10825457605,10825457697,1,"IOTHUB_CLIENT_CONFIRMATION_OK"
656,10825457938,10825457980,1,"IOTHUB_CLIENT_CONFIRMATION_OK"
657,10825458271,10825458302,1,"IOTHUB_CLIENT_CONFIRMATION_OK"
658,10825458604,10825458681,1,"IOTHUB_CLIENT_CONFIRMATION_OK"
659,10825458938,10825458975,1,"IOTHUB_CLIENT_CONFIRMATION_OK"
660,10825459271,10825459329,1,"IOTHUB_CLIENT_CONFIRMATION_OK"
661,10825459604,10825459651,1,"IOTHUB_CLIENT_CONFIRMATION_OK"
662,10825459937,10825459984,1,"IOTHUB_CLIENT_CONFIRMATION_OK"
663,10825460270,10825460303,1,"IOTHUB_CLIENT_CONFIRMATION_OK"
664,10825460603,10825460640,1,"IOTHUB_CLIENT_CONFIRMATION_OK"
665,10825460937,10825460981,1,"IOTHUB_CLIENT_CONFIRMATION_OK"
666,10825461270,10825461305,1,"IOTHUB_CLIENT_CONFIRMATION_OK"
667,10825461603,10825461767,1,"IOTHUB_CLIENT_CONFIRMATION_OK"
668,10825461936,10825461970,1,"IOTHUB_CLIENT_CONFIRMATION_OK"
669,10825462269,10825462328,1,"IOTHUB_CLIENT_CONFIRMATION_OK"
670,10825462602,10825462661,1,"IOTHUB_CLIENT_CONFIRMATION_OK"
671,10825462935,10825462970,1,"IOTHUB_CLIENT_CONFIRMATION_OK"
672,10825463269,10825463303,1,"IOTHUB_CLIENT_CONFIRMATION_OK"
673,10825463602,10825463638,1,"IOTHUB_CLIENT_CONFIRMATION_OK"
674,10825463935,10825463980,1,"IOTHUB_CLIENT_CONFIRMATION_OK"
675,10825464268,10825464397,1,"IOTHUB_CLIENT_CONFIRMATION_OK"
676,10825464601,10825464776,1,"IOTHUB_CLIENT_CONFIRMATION_OK"
677,10825464934,10825464990,1,"IOTHUB_CLIENT_CONFIRMATION_OK"
678,10825465268,10825465302,1,"IOTHUB_CLIENT_CONFIRMATION_OK"
679,10825465601,10825465727,1,"IOTHUB_CLIENT_CONFIRMATION_OK"
680,10825465934,10825465969,1,"IOTHUB_CLIENT_CONFIRMATION_OK"
681,10825466267,10825466323,1,"IOTHUB_CLIENT_CONFIRMATION_OK"
682,10825466600,10825466629,1,"IOTHUB_CLIENT_CONFIRMATION_OK"
683,10825466933,10825466999,1,"IOTHUB_CLIENT_CONFIRMATION_OK"
684,10825467267,10825467300,1,"IOTHUB_CLIENT_CONFIRMATION_OK"
685,10825467600,10825467631,1,"IOTHUB_CLIENT_CONFIRMATION_OK"
686,10825467933,10825467966,1,"IOTHUB_CLIENT_CONFIRMATION_OK"
687,10825468266,10825468362,1,"IOTHUB_CLIENT_CONFIRMATION_OK"
688,10825468599,10825468630,1,"IOTHUB_CLIENT_CONFIRMATION_OK"
689,10825468932,10825469000,1,"IOTHUB_CLIENT_CONFIRMATION_OK"
690,10825469266,10825469309,1,"IOTHUB_CLIENT_CONFIRMATION_OK"
691,10825469599,10825469656,1,"IOTHUB_CLIENT_CONFIRMATION_OK"
692,10825469932,10825469966,1,"IOTHUB_CLIENT_CONFIRMATION_OK"
693,10825470265,10825470326,1,"IOTHUB_CLIENT_CONFIRMATION_OK"
694,10825470598,10825470688,1,"IOTHUB_CLIENT_CONFIRMATION_OK"
695,10825470931,10825470966,1,"IOTHUB_CLIENT_CONFIRMATION_OK"
696,10825471264,10825471304,1,"IOTHUB_CLIENT_CONFIRMATION_OK"
697,10825471598,10825471631,1,"IOTHUB_CLIENT_CONFIRMATION_OK"
698,10825471931,10825471963,1,"IOTHUB_CLIENT_CONFIRMATION_OK"
699,10825472264,10825472304,1,"IOTHUB_CLIENT_CONFIRMATION_OK"
700,10825472597,10825472647,1,"IOTHUB_CLIENT_CONFIRMATION_OK"
701,10825472930,10825473016,1,"IOTHUB_CLIENT_CONFIRMATION_OK"
702,10825473263,10825473310,1,"IOTHUB_CLIENT_CONFIRMATION_OK"
703,10825473597,10825473761,1,"IOTHUB_CLIENT_CONFIRMATION_OK"
704,10825473930,10825473972,1,"IOTHUB_CLIENT_CONFIRMATION_OK"
705,10825474263,10825474294,1,"IOTHUB_CLIENT_CONFIRMATION_OK"
706,10825474596,10825474640,1,"IOTHUB_CLIENT_CONFIRMATION_OK"
707,10825474929,10825474973,1,"IOTHUB_CLIENT_CONFIRMATION_OK"
708,10825475262,10825475319,1,"IOTHUB_CLIENT_CONFIRMATION_OK"
709,10825475595,10825475653,1,"IOTHUB_CLIENT_CONFIRMATION_OK"
710,10825475929,10825475974,1,"IOTHUB_CLIENT_CONFIRMATION_OK"
711,10825476262,10825476295,1,"IOTHUB_CLIENT_CONFIRMATION_OK"
712,10825476595,10825476746,1,"IOTHUB_CLIENT_CONFIRMATION_OK"
713,10825476928,10825476957,1,"IOTHUB_CLIENT_CONFIRMATION_OK"
714,10825477261,10825477295,1,"IOTHUB_CLIENT_CONFIRMATION_OK"
715,10825477594,10825477626,1,"IOTHUB_CLIENT_CONFIRMATION_OK"
716,10825477927,10825478017,1,"IOTHUB_CLIENT_CONFIRMATION_OK"
717,10825478261,10825478407,1,"IOTHUB_CLIENT_CONFIRMATION_OK"
718,10825478594,10825478711,1,"IOTHUB_CLIENT_CONFIRMATION_OK"
719,10825478927,10825478975,1,"IOTHUB_CLIENT_CONFIRMATION_OK"
720,10825479260,10825479290,1,"IOTHUB_CLIENT_CONFIRMATION_OK"
721,10825479593,10825479627,1,"IOTHUB_CLIENT_CONFIRMATION_OK"
722,10825479926,10825479956,1,"IOTHUB_CLIENT_CONFIRMATION_OK"
723,10825480260,10825480540,1,"IOTHUB_CLIENT_CONFIRMATION_OK"
724,10825480593,10825480664,1,"IOTHUB_CLIENT_CONFIRMATION_OK"
725,10825480926,10825481054,1,"IOTHUB_CLIENT_CONFIRMATION_OK"
726,10825481259,10825481412,1,"IOTHUB_CLIENT_CONFIRMATION_OK"
727,10825481592,10825481623,1,"IOTHUB_CLIENT_CONFIRMATION_OK"
728,10825481925,10825482035,1,"IOTHUB_CLIENT_CONFIRMATION_OK"
729,10825482259,10825482350,1,"IOTHUB_CLIENT_CONFIRMATION_OK"
730,10825482592,10825482630,1,"IOTHUB_CLIENT_CONFIRMATION_OK"
731,10825482925,10825482980,1,"IOTHUB_CLIENT_CONFIRMATION_OK"
732,10825483258,10825483298,1,"IOTHUB_CLIENT_CONFIRMATION_OK"
733,10825483591,10825483626,1,"IOTHUB_CLIENT_CONFIRMATION_OK"
734,10825483924,10825484007,1,"IOTHUB_CLIENT_CONFIRMATION_OK"
735,10825484257,10825484292,1,"IOTHUB_CLIENT_CONFIRMATION_OK"
736,10825484591,10825484620,1,"IOTHUB_CLIENT_CONFIRMATION_OK"
737,10825484924,10825485014,1,"IOTHUB_CLIENT_CONFIRMATION_OK"
738,10825485257,10825485340,1,"IOTHUB_CLIENT_CONFIRMATION_OK"
739,10825485590,10825485664,1,"IOTHUB_CLIENT_CONFIRMATION_OK"
740,10825485923,10825486054,1,"IOTHUB_CLIENT_CONFIRMATION_OK"
741,10825486256,10825486345,1,"IOTHUB_CLIENT_CONFIRMATION_OK"
742,10825486590,10825486747,1,"IOTHUB_CLIENT_CONFIRMATION_OK"
743,10825486923,10825486954,1,"IOTHUB_CLIENT_CONFIRMATION_OK"
744,10825487256,10825487289,1,"IOTHUB_CLIENT_CONFIRMATION_OK"
745,10825487589,10825487637,1,"IOTHUB_CLIENT_CONFIRMATION_OK"
746,10825487922,10825487957,1,"IOTHUB_CLIENT_CONFIRMATION_OK"
747,10825488255,10825488399,1,"IOTHUB_CLIENT_CONFIRMATION_OK"
748,10825488589,10825488738,1,"IOTHUB_CLIENT_CONFIRMATION_OK"
749,10825488922,10825489002,1,"IOTHUB_CLIENT_CONFIRMATION_OK"
750,10825489255,10825489289,1,"IOTHUB_CLIENT_CONFIRMATION_OK"
751,10825489588,10825489621,1,"IOTHUB_CLIENT_CONFIRMATION_OK"
752,10825489921,10825489956,1,"IOTHUB_CLIENT_CONFIRMATION_OK"
753,10825490254,10825490286,1,"IOTHUB_CLIENT_CONFIRMATION_OK"
754,10825490587,10825490777,1,"IOTHUB_CLIENT_CONFIRMATION_OK"
755,10825490921,10825490953,1,"IOTHUB_CLIENT_CONFIRMATION_OK"
756,10825491254,10825491291,1,"IOTHUB_CLIENT_CONFIRMATION_OK"
757,10825491587,10825491616,1,"IOTHUB_CLIENT_CONFIRMATION_OK"
758,10825491920,10825491953,1,"IOTHUB_CLIENT_CONFIRMATION_OK"
759,10825492253,10825492288,1,"IOTHUB_CLIENT_CONFIRMATION_OK"
760,10825492586,10825492659,1,"IOTHUB_CLIENT_CONFIRMATION_OK"
761,10825492920,10825492974,1,"IOTHUB_CLIENT_CONFIRMATION_OK"
762,10825493253,10825493287,1,"IOTHUB_CLIENT_CONFIRMATION_OK"
763,10825493586,10825493619,1,"IOTHUB_CLIENT_CONFIRMATION_OK"
764,10825493919,10825493948,1,"IOTHUB_CLIENT_CONFIRMATION_OK"
765,10825494252,10825494314,1,"IOTHUB_CLIENT_CONFIRMATION_OK"
766,10825494585,10825494725,1,"IOTHUB_CLIENT_CONFIRMATION_OK"
767,10825494919,10825494950,1,"IOTHUB_CLIENT_CONFIRMATION_OK"
768,10825495252,10825495423,1,"IOTHUB_CLIENT_CONFIRMATION_OK"
769,10825495585,10825495615,1,"IOTHUB_CLIENT_CONFIRMATION_OK"
770,10825495918,10825496007,1,"IOTHUB_CLIENT_CONFIRMATION_OK"
771,10825496251,10825496288,1,"IOTHUB_CLIENT_CONFIRMATION_OK"
772,10825496584,10825496726,1,"IOTHUB_CLIENT_CONFIRMATION_OK"
773,10825496918,10825496955,1,"IOTHUB_CLIENT_CONFIRMATION_OK"
774,10825497251,10825497433,1,"IOTHUB_CLIENT_CONFIRMATION_OK"
775,10825497584,10825497620,1,"IOTHUB_CLIENT_CONFIRMATION_OK"
776,10825497917,10825497976,1,"IOTHUB_CLIENT_CONFIRMATION_OK"
777,10825498250,10825498285,1,"IOTHUB_CLIENT_CONFIRMATION_OK"
778,10825498583,10825498619,1,"IOTHUB_CLIENT_CONFIRMATION_OK"
779,10825498917,10825499010,1,"IOTHUB_CLIENT_CONFIRMATION_OK"
780,10825499250,10825499429,1,"IOTHUB_CLIENT_CONFIRMATION_OK"
781,10825499583,10825499828,1,"IOTHUB_CLIENT_CONFIRMATION_OK"
782,10825499916,10825499947,1,"IOTHUB_CLIENT_CONFIRMATION_OK"
783,10825500249,10825500321,1,"IOTHUB_CLIENT_CONFIRMATION_OK"
784,10825500582,10825500612,1,"IOTHUB_CLIENT_CONFIRMATION_OK"
785,10825500915,10825500969,1,"IOTHUB_CLIENT_CONFIRMATION_OK"
786,10825501249,10825501314,1,"IOTHUB_CLIENT_CONFIRMATION_OK"
787,10825501582,10825501621,1,"IOTHUB_CLIENT_CONFIRMATION_OK"
788,10825501915,10825501944,1,"IOTHUB_CLIENT_CONFIRMATION_OK"
789,10825502248,10825502279,1,"IOTHUB_CLIENT_CONFIRMATION_OK"
790,10825502581,10825502623,1,"IOTHUB_CLIENT_CONFIRMATION_OK"
791,10825502914,10825502953,1,"IOTHUB_CLIENT_CONFIRMATION_OK"
792,10825503248,10825503279,1,"IOTHUB_CLIENT_CONFIRMATION_OK"
793,10825503581,10825503804,1,"IOTHUB_CLIENT_CONFIRMATION_OK"
794,10825503914,10825503951,1,"IOTHUB_CLIENT_CONFIRMATION_OK"
795,10825504247,10825504378,1,"IOTHUB_CLIENT_CONFIRMATION_OK"
796,10825504580,10825504618,1,"IOTHUB_CLIENT_CONFIRMATION_OK"
797,10825504913,10825504957,1,"IOTHUB_CLIENT_CONFIRMATION_OK"
798,10825505247,10825505278,1,"IOTHUB_CLIENT_CONFIRMATION_OK"
799,10825505580,10825505647,1,"IOTHUB_CLIENT_CONFIRMATION_OK"
800,10825505913,10825505946,1,"IOTHUB_CLIENT_CONFIRMATION_OK"
801,10825506246,10825506351,1,"IOTHUB_CLIENT_CONFIRMATION_OK"
802,10825506579,10825506664,1,"IOTHUB_CLIENT_CONFIRMATION_OK"
803,10825506912,10825506945,1,"IOTHUB_CLIENT_CONFIRMATION_OK"
804,10825507245,10825507434,1,"IOTHUB_CLIENT_CONFIRMATION_OK"
805,10825507579,10825507612,1,"IOTHUB_CLIENT_CONFIRMATION_OK"
806,10825507912,10825507943,1,"IOTHUB_CLIENT_CONFIRMATION_OK"
807,10825508245,10825508277,1,"IOTHUB_CLIENT_CONFIRMATION_OK"
808,10825508578,10825508661,1,"IOTHUB_CLIENT_CONFIRMATION_OK"
809,10825508911,10825508951,1,"IOTHUB_CLIENT_CONFIRMATION_OK"
810,10825509244,10825509273,1,"IOTHUB_CLIENT_CONFIRMATION_OK"
811,10825509578,10825509609,1,"IOTHUB_CLIENT_CONFIRMATION_OK"
812,10825509911,10825509961,1,"IOTHUB_CLIENT_CONFIRMATION_OK"
813,10825510244,10825510292,1,"IOTHUB_CLIENT_CONFIRMATION_OK"
814,10825510577,10825510607,1,"IOTHUB_CLIENT_CONFIRMATION_OK"
815,10825510910,10825510948,1,"IOTHUB_CLIENT_CONFIRMATION_OK"
816,10825511243,10825511273,1,"IOTHUB_CLIENT_CONFIRMATION_OK"
817,10825511576,10825511608,1,"IOTHUB_CLIENT_CONFIRMATION_OK"
818,10825511910,10825511941,1,"IOTHUB_CLIENT_CONFIRMATION_OK"
819,10825512243,10825512283,1,"IOTHUB_CLIENT_CONFIRMATION_OK"
820,10825512576,10825512610,1,"IOTHUB_CLIENT_CONFIRMATION_OK"
821,10825512909,10825513006,1,"IOTHUB_CLIENT_CONFIRMATION_OK"
822,10825513242,10825513282,1,"IOTHUB_CLIENT_CONFIRMATION_OK"
823,10825513575,10825513735,1,"IOTHUB_CLIENT_CONFIRMATION_OK"
824,10825513909,10825513942,1,"IOTHUB_CLIENT_CONFIRMATION_OK"
825,10825514242,10825514274,1,"IOTHUB_CLIENT_CONFIRMATION_OK"
826,10825514575,10825514633,1,"IOTHUB_CLIENT_CONFIRMATION_OK"
827,10825514908,10825514959,1,"IOTHUB_CLIENT_CONFIRMATION_OK"
828,10825515241,10825515289,1,"IOTHUB_CLIENT_CONFIRMATION_OK"
829,10825515574,10825515607,1,"IOTHUB_CLIENT_CONFIRMATION_OK"
830,10825515908,10825516022,1,"IOTHUB_CLIENT_CONFIRMATION_OK"
831,10825516241,10825516276,1,"IOTHUB_CLIENT_CONFIRMATION_OK"
832,10825516574,10825516608,1,"IOTHUB_CLIENT_CONFIRMATION_OK"
833,10825516907,10825516962,1,"IOTHUB_CLIENT_CONFIRMATION_OK"
834,10825517240,10825517399,1,"IOTHUB_CLIENT_CONFIRMATION_OK"
835,10825517573,10825517603,1,"IOTHUB_CLIENT_CONFIRMATION_OK"
836,10825517907,10825517935,1,"IOTHUB_CLIENT_CONFIRMATION_OK"
837,10825518240,10825518280,1,"IOTHUB_CLIENT_CONFIRMATION_OK"
838,10825518573,10825518611,1,"IOTHUB_CLIENT_CONFIRMATION_OK"
839,10825518906,10825518942,1,"IOTHUB_CLIENT_CONFIRMATION_OK"
840,10825519239,10825519277,1,"IOTHUB_CLIENT_CONFIRMATION_OK"
841,10825519572,10825519613,1,"IOTHUB_CLIENT_CONFIRMATION_OK"
842,10825519905,10825519938,1,"IOTHUB_CLIENT_CONFIRMATION_OK"
843,10825520239,10825520270,1,"IOTHUB_CLIENT_CONFIRMATION_OK"
844,10825520572,10825520605,1,"IOTHUB_CLIENT_CONFIRMATION_OK"
845,10825520905,10825520940,1,"IOTHUB_CLIENT_CONFIRMATION_OK"
846,10825521238,10825521321,1,"IOTHUB_CLIENT_CONFIRMATION_OK"
847,10825521571,10825521615,1,"IOTHUB_CLIENT_CONFIRMATION_OK"
848,10825521904,10825521936,1,"IOTHUB_CLIENT_CONFIRMATION_OK"
849,10825522238,10825522271,1,"IOTHUB_CLIENT_CONFIRMATION_OK"
850,10825522571,10825522600,1,"IOTHUB_CLIENT_CONFIRMATION_OK"
851,10825522904,10825523049,1,"IOTHUB_CLIENT_CONFIRMATION_OK"
852,10825523237,10825523268,1,"IOTHUB_CLIENT_CONFIRMATION_OK"
853,10825523570,10825523600,1,"IOTHUB_CLIENT_CONFIRMATION_OK"
854,10825523903,10825523934,1,"IOTHUB_CLIENT_CONFIRMATION_OK"
855,10825524237,10825524417,1,"IOTHUB_CLIENT_CONFIRMATION_OK"
856,10825524570,10825524629,1,"IOTHUB_CLIENT_CONFIRMATION_OK"
857,10825524903,10825524938,1,"IOTHUB_CLIENT_CONFIRMATION_OK"
858,10825525236,10825525271,1,"IOTHUB_CLIENT_CONFIRMATION_OK"
859,10825525569,10825525613,1,"IOTHUB_CLIENT_CONFIRMATION_OK"
860,10825525902,10825525935,1,"IOTHUB_CLIENT_CONFIRMATION_OK"
861,10825526235,10825526275,1,"IOTHUB_CLIENT_CONFIRMATION_OK"
862,10825526569,10825526599,1,"IOTHUB_CLIENT_CONFIRMATION_OK"
863,10825526902,10825526936,1,"IOTHUB_CLIENT_CONFIRMATION_OK"
864,10825527235,10825527371,1,"IOTHUB_CLIENT_CONFIRMATION_OK"
865,10825527568,10825527770,1,"IOTHUB_CLIENT_CONFIRMATION_OK"
866,10825527901,10825527931,1,"IOTHUB_CLIENT_CONFIRMATION_OK"
867,10825528234,10825528292,1,"IOTHUB_CLIENT_CONFIRMATION_OK"
868,10825528568,10825528602,1,"IOTHUB_CLIENT_CONFIRMATION_OK"
869,10825528901,10825528931,1,"IOTHUB_CLIENT_CONFIRMATION_OK"
870,10825529234,10825529284,1,"IOTHUB_CLIENT_CONFIRMATION_OK"
871,10825529567,10825529595,1,"IOTHUB_CLIENT_CONFIRMATION_OK"
872,10825529900,10825529934,1,"IOTHUB_CLIENT_CONFIRMATION_OK"
873,10825530233,10825530359,1,"IOTHUB_CLIENT_CONFIRMATION_OK"
874,10825530566,10825530598,1,"IOTHUB_CLIENT_CONFIRMATION_OK"
875,10825530900,10825530931,1,"IOTHUB_CLIENT_CONFIRMATION_OK"
876,10825531233,10825531266,1,"IOTHUB_CLIENT_CONFIRMATION_OK"
877,10825531566,10825531595,1,"IOTHUB_CLIENT_CONFIRMATION_OK"
878,10825531899,10825532009,1,"IOTHUB_CLIENT_CONFIRMATION_OK"
879,10825532232,10825532263,1,"IOTHUB_CLIENT_CONFIRMATION_OK"
880,10825532565,10825532613,1,"IOTHUB_CLIENT_CONFIRMATION_OK"
881,10825532899,10825532933,1,"IOTHUB_CLIENT_CONFIRMATION_OK"
882,10825533232,10825533295,1,"IOTHUB_CLIENT_CONFIRMATION_OK"
883,10825533565,10825533595,1,"IOTHUB_CLIENT_CONFIRMATION_OK"
884,10825533898,10825533933,1,"IOTHUB_CLIENT_CONFIRMATION_OK"
885,10825534231,10825534265,1,"IOTHUB_CLIENT_CONFIRMATION_OK"
886,10825534564,10825534676,1,"IOTHUB_CLIENT_CONFIRMATION_OK"
887,10825534897,10825534933,1,"IOTHUB_CLIENT_CONFIRMATION_OK"
888,10825535231,10825535262,1,"IOTHUB_CLIENT_CONFIRMATION_OK"
889,10825535564,10825535598,1,"IOTHUB_CLIENT_CONFIRMATION_OK"
890,10825535897,10825535932,1,"IOTHUB_CLIENT_CONFIRMATION_OK"
891,10825536230,10825536265,1,"IOTHUB_CLIENT_CONFIRMATION_OK"
892,10825536563,10825536600,1,"IOTHUB_CLIENT_CONFIRMATION_OK"
893,10825536896,10825537018,1,"IOTHUB_CLIENT_CONFIRMATION_OK"
894,10825537229,10825537306,1,"IOTHUB_CLIENT_CONFIRMATION_OK"
895,10825537563,10825537604,1,"IOTHUB_CLIENT_CONFIRMATION_OK"
896,10825537896,10825537927,1,"IOTHUB_CLIENT_CONFIRMATION_OK"
897,10825538229,10825538269,1,"IOTHUB_CLIENT_CONFIRMATION_OK"
898,10825538562,10825538619,1,"IOTHUB_CLIENT_CONFIRMATION_OK"
899,10825538895,10825538926,1,"IOTHUB_CLIENT_CONFIRMATION_OK"
