Message ID,Send Time,Receive Time,Status,Error
0,10823429586,10823429743,1,"IOTHUB_CLIENT_CONFIRMATION_OK"
1,10823429922,10823429956,1,"IOTHUB_CLIENT_CONFIRMATION_OK"
2,10823430255,10823430289,1,"IOTHUB_CLIENT_CONFIRMATION_OK"
3,10823430588,10823430644,1,"IOTHUB_CLIENT_CONFIRMATION_OK"
4,10823430921,10823430973,1,"IOTHUB_CLIENT_CONFIRMATION_OK"
5,10823431255,10823431287,1,"IOTHUB_CLIENT_CONFIRMATION_OK"
6,10823431588,10823431616,1,"IOTHUB_CLIENT_CONFIRMATION_OK"
7,10823431921,10823431949,1,"IOTHUB_CLIENT_CONFIRMATION_OK"
8,10823432254,10823432282,1,"IOTHUB_CLIENT_CONFIRMATION_OK"
9,10823432587,10823432706,1,"IOTHUB_CLIENT_CONFIRMATION_OK"
10,10823432920,10823432952,1,"IOTHUB_CLIENT_CONFIRMATION_OK"
11,10823433253,10823433304,1,"IOTHUB_CLIENT_CONFIRMATION_OK"
12,10823433587,10823433621,1,"IOTHUB_CLIENT_CONFIRMATION_OK"
13,10823433920,10823433956,1,"IOTHUB_CLIENT_CONFIRMATION_OK"
14,10823434253,10823434330,1,"IOTHUB_CLIENT_CONFIRMATION_OK"
15,10823434586,10823434616,1,"IOTHUB_CLIENT_CONFIRMATION_OK"
16,10823434919,10823434962,1,"IOTHUB_CLIENT_CONFIRMATION_OK"
17,10823435252,10823435281,1,"IOTHUB_CLIENT_CONFIRMATION_OK"
18,10823435586,10823435615,1,"IOTHUB_CLIENT_CONFIRMATION_OK"
19,10823435919,10823435985,1,"IOTHUB_CLIENT_CONFIRMATION_OK"
20,10823436252,10823436280,1,"IOTHUB_CLIENT_CONFIRMATION_OK"
21,10823436585,10823436615,1,"IOTHUB_CLIENT_CONFIRMATION_OK"
22,10823436918,10823436948,1,"IOTHUB_CLIENT_CONFIRMATION_OK"
23,10823437251,10823437286,1,"IOTHUB_CLIENT_CONFIRMATION_OK"
24,10823437584,10823437733,1,"IOTHUB_CLIENT_CONFIRMATION_OK"
25,10823437918,10823437946,1,"IOTHUB_CLIENT_CONFIRMATION_OK"
26,10823438251,10823438279,1,"IOTHUB_CLIENT_CONFIRMATION_OK"
27,10823438584,10823438613,1,"IOTHUB_CLIENT_CONFIRMATION_OK"
28,10823438917,10823438947,1,"IOTHUB_CLIENT_CONFIRMATION_OK"
29,10823439250,10823439345,1,"IOTHUB_CLIENT_CONFIRMATION_OK"
30,10823439583,10823439615,1,"IOTHUB_CLIENT_CONFIRMATION_OK"
31,10823439917,10823439945,1,"IOTHUB_CLIENT_CONFIRMATION_OK"
32,10823440250,10823440294,1,"IOTHUB_CLIENT_CONFIRMATION_OK"
33,10823440583,10823440612,1,"IOTHUB_CLIENT_CONFIRMATION_OK"
34,10823440916,10823440983,1,"IOTHUB_CLIENT_CONFIRMATION_OK"
35,10823441249,10823441278,1,"IOTHUB_CLIENT_CONFIRMATION_OK"
36,10823441582,10823441616,1,"IOTHUB_CLIENT_CONFIRMATION_OK"
37,10823441915,10823441951,1,"IOTHUB_CLIENT_CONFIRMATION_OK"
38,10823442249,10823442297,1,"IOTHUB_CLIENT_CONFIRMATION_OK"
39,10823442582,10823442612,1,"IOTHUB_CLIENT_CONFIRMATION_OK"
40,10823442915,10823442944,1,"IOTHUB_CLIENT_CONFIRMATION_OK"
41,10823443248,10823443277,1,"IOTHUB_CLIENT_CONFIRMATION_OK"
42,10823443581,10823443609,1,"IOTHUB_CLIENT_CONFIRMATION_OK"
43,10823443914,10823443953,1,"IOTHUB_CLIENT_CONFIRMATION_OK"
44,10823444248,10823444287,1,"IOTHUB_CLIENT_CONFIRMATION_OK"
45,10823444581,10823444610,1,"IOTHUB_CLIENT_CONFIRMATION_OK"
46,10823444914,10823444942,1,"IOTHUB_CLIENT_CONFIRMATION_OK"
47,10823445247,10823445275,1,"IOTHUB_CLIENT_CONFIRMATION_OK"
48,10823445580,10823445608,1,"IOTHUB_CLIENT_CONFIRMATION_OK"
49,10823445913,10823445941,1,"IOTHUB_CLIENT_CONFIRMATION_OK"
50,10823446247,10823446276,1,"IOTHUB_CLIENT_CONFIRMATION_OK"
51,10823446580,10823446615,1,"IOTHUB_CLIENT_CONFIRMATION_OK"
52,10823446913,10823446942,1,"IOTHUB_CLIENT_CONFIRMATION_OK"
53,10823447246,10823447275,1,"IOTHUB_CLIENT_CONFIRMATION_OK"
54,10823447579,10823447608,1,"IOTHUB_CLIENT_CONFIRMATION_OK"
55,10823447912,10823447941,1,"IOTHUB_CLIENT_CONFIRMATION_OK"
56,10823448246,10823448325,1,"IOTHUB_CLIENT_CONFIRMATION_OK"
57,10823448579,10823448607,1,"IOTHUB_CLIENT_CONFIRMATION_OK"
58,10823448912,10823448943,1,"IOTHUB_CLIENT_CONFIRMATION_OK"
59,10823449245,10823449274,1,"IOTHUB_CLIENT_CONFIRMATION_OK"
60,10823449578,10823449607,1,"IOTHUB_CLIENT_CONFIRMATION_OK"
61,10823449911,10823449941,1,"IOTHUB_CLIENT_CONFIRMATION_OK"
62,10823450245,10823450274,1,"IOTHUB_CLIENT_CONFIRMATION_OK"
63,10823450578,10823450708,1,"IOTHUB_CLIENT_CONFIRMATION_OK"
64,10823450911,10823450950,1,"IOTHUB_CLIENT_CONFIRMATION_OK"
65,10823451244,10823451272,1,"IOTHUB_CLIENT_CONFIRMATION_OK"
66,10823451577,10823451606,1,"IOTHUB_CLIENT_CONFIRMATION_OK"
67,10823451910,10823451954,1,"IOTHUB_CLIENT_CONFIRMATION_OK"
68,10823452244,10823452275,1,"IOTHUB_CLIENT_CONFIRMATION_OK"
69,10823452577,10823452609,1,"IOTHUB_CLIENT_CONFIRMATION_OK"
70,10823452910,10823452940,1,"IOTHUB_CLIENT_CONFIRMATION_OK"
71,10823453243,10823453272,1,"IOTHUB_CLIENT_CONFIRMATION_OK"
72,10823453576,10823453605,1,"IOTHUB_CLIENT_CONFIRMATION_OK"
73,10823453909,10823453943,1,"IOTHUB_CLIENT_CONFIRMATION_OK"
74,10823454243,10823454272,1,"IOTHUB_CLIENT_CONFIRMATION_OK"
75,10823454576,10823454605,1,"IOTHUB_CLIENT_CONFIRMATION_OK"
76,10823454909,10823454941,1,"IOTHUB_CLIENT_CONFIRMATION_OK"
77,10823455242,10823455270,1,"IOTHUB_CLIENT_CONFIRMATION_OK"
78,10823455575,10823455644,1,"IOTHUB_CLIENT_CONFIRMATION_OK"
79,10823455908,10823456027,1,"IOTHUB_CLIENT_CONFIRMATION_OK"
80,10823456242,10823456271,1,"IOTHUB_CLIENT_CONFIRMATION_OK"
81,10823456575,10823456608,1,"IOTHUB_CLIENT_CONFIRMATION_OK"
82,10823456908,10823456937,1,"IOTHUB_CLIENT_CONFIRMATION_OK"
83,10823457241,10823457271,1,"IOTHUB_CLIENT_CONFIRMATION_OK"
84,10823457574,10823457662,1,"IOTHUB_CLIENT_CONFIRMATION_OK"
85,10823457907,10823457935,1,"IOTHUB_CLIENT_CONFIRMATION_OK"
86,10823458240,10823458270,1,"IOTHUB_CLIENT_CONFIRMATION_OK"
87,10823458574,10823458609,1,"IOTHUB_CLIENT_CONFIRMATION_OK"
88,10823458907,10823458936,1,"IOTHUB_CLIENT_CONFIRMATION_OK"
89,10823459240,10823459275,1,"IOTHUB_CLIENT_CONFIRMATION_OK"
90,10823459573,10823459602,1,"IOTHUB_CLIENT_CONFIRMATION_OK"
91,10823459906,10823459940,1,"IOTHUB_CLIENT_CONFIRMATION_OK"
92,10823460239,10823460274,1,"IOTHUB_CLIENT_CONFIRMATION_OK"
93,10823460573,10823460604,1,"IOTHUB_CLIENT_CONFIRMATION_OK"
94,10823460906,10823460935,1,"IOTHUB_CLIENT_CONFIRMATION_OK"
95,10823461239,10823461268,1,"IOTHUB_CLIENT_CONFIRMATION_OK"
96,10823461572,10823461605,1,"IOTHUB_CLIENT_CONFIRMATION_OK"
97,10823461905,10823461937,1,"IOTHUB_CLIENT_CONFIRMATION_OK"
98,10823462238,10823462386,1,"IOTHUB_CLIENT_CONFIRMATION_OK"
99,10823462571,10823462606,1,"IOTHUB_CLIENT_CONFIRMATION_OK"
100,10823462905,10823462936,1,"IOTHUB_CLIENT_CONFIRMATION_OK"
101,10823463238,10823463273,1,"IOTHUB_CLIENT_CONFIRMATION_OK"
102,10823463571,10823463606,1,"IOTHUB_CLIENT_CONFIRMATION_OK"
103,10823463904,10823463936,1,"IOTHUB_CLIENT_CONFIRMATION_OK"
104,10823464237,10823464266,1,"IOTHUB_CLIENT_CONFIRMATION_OK"
105,10823464570,10823464600,1,"IOTHUB_CLIENT_CONFIRMATION_OK"
106,10823464904,10823464934,1,"IOTHUB_CLIENT_CONFIRMATION_OK"
107,10823465237,10823465269,1,"IOTHUB_CLIENT_CONFIRMATION_OK"
108,10823465570,10823465602,1,"IOTHUB_CLIENT_CONFIRMATION_OK"
109,10823465903,10823465934,1,"IOTHUB_CLIENT_CONFIRMATION_OK"
110,10823466236,10823466264,1,"IOTHUB_CLIENT_CONFIRMATION_OK"
111,10823466569,10823466605,1,"IOTHUB_CLIENT_CONFIRMATION_OK"
112,10823466903,10823466938,1,"IOTHUB_CLIENT_CONFIRMATION_OK"
113,10823467236,10823467270,1,"IOTHUB_CLIENT_CONFIRMATION_OK"
114,10823467569,10823467678,1,"IOTHUB_CLIENT_CONFIRMATION_OK"
115,10823467902,10823467932,1,"IOTHUB_CLIENT_CONFIRMATION_OK"
116,10823468235,10823468264,1,"IOTHUB_CLIENT_CONFIRMATION_OK"
117,10823468568,10823468598,1,"IOTHUB_CLIENT_CONFIRMATION_OK"
118,10823468902,10823468930,1,"IOTHUB_CLIENT_CONFIRMATION_OK"
119,10823469235,10823469303,1,"IOTHUB_CLIENT_CONFIRMATION_OK"
120,10823469568,10823469597,1,"IOTHUB_CLIENT_CONFIRMATION_OK"
121,10823469901,10823469932,1,"IOTHUB_CLIENT_CONFIRMATION_OK"
122,10823470234,10823470310,1,"IOTHUB_CLIENT_CONFIRMATION_OK"
123,10823470567,10823470601,1,"IOTHUB_CLIENT_CONFIRMATION_OK"
124,10823470900,10823470929,1,"IOTHUB_CLIENT_CONFIRMATION_OK"
125,10823471234,10823471269,1,"IOTHUB_CLIENT_CONFIRMATION_OK"
126,10823471567,10823471661,1,"IOTHUB_CLIENT_CONFIRMATION_OK"
127,10823471900,10823471975,1,"IOTHUB_CLIENT_CONFIRMATION_OK"
128,10823472233,10823472261,1,"IOTHUB_CLIENT_CONFIRMATION_OK"
129,10823472566,10823472597,1,"IOTHUB_CLIENT_CONFIRMATION_OK"
130,10823472899,10823472952,1,"IOTHUB_CLIENT_CONFIRMATION_OK"
131,10823473233,10823473264,1,"IOTHUB_CLIENT_CONFIRMATION_OK"
132,10823473566,10823473595,1,"IOTHUB_CLIENT_CONFIRMATION_OK"
133,10823473899,10823473929,1,"IOTHUB_CLIENT_CONFIRMATION_OK"
134,10823474232,10823474265,1,"IOTHUB_CLIENT_CONFIRMATION_OK"
135,10823474565,10823474594,1,"IOTHUB_CLIENT_CONFIRMATION_OK"
136,10823474898,10823474928,1,"IOTHUB_CLIENT_CONFIRMATION_OK"
137,10823475231,10823475388,1,"IOTHUB_CLIENT_CONFIRMATION_OK"
138,10823475565,10823475598,1,"IOTHUB_CLIENT_CONFIRMATION_OK"
139,10823475898,10823476005,1,"IOTHUB_CLIENT_CONFIRMATION_OK"
140,10823476231,10823476263,1,"IOTHUB_CLIENT_CONFIRMATION_OK"
141,10823476564,10823476593,1,"IOTHUB_CLIENT_CONFIRMATION_OK"
142,10823476897,10823477015,1,"IOTHUB_CLIENT_CONFIRMATION_OK"
143,10823477230,10823477261,1,"IOTHUB_CLIENT_CONFIRMATION_OK"
144,10823477564,10823477635,1,"IOTHUB_CLIENT_CONFIRMATION_OK"
145,10823477897,10823477928,1,"IOTHUB_CLIENT_CONFIRMATION_OK"
146,10823478230,10823478266,1,"IOTHUB_CLIENT_CONFIRMATION_OK"
147,10823478563,10823478640,1,"IOTHUB_CLIENT_CONFIRMATION_OK"
148,10823478896,10823478926,1,"IOTHUB_CLIENT_CONFIRMATION_OK"
149,10823479229,10823479262,1,"IOTHUB_CLIENT_CONFIRMATION_OK"
150,10823479562,10823479592,1,"IOTHUB_CLIENT_CONFIRMATION_OK"
151,10823479896,10823479924,1,"IOTHUB_CLIENT_CONFIRMATION_OK"
152,10823480229,10823480266,1,"IOTHUB_CLIENT_CONFIRMATION_OK"
153,10823480562,10823480590,1,"IOTHUB_CLIENT_CONFIRMATION_OK"
154,10823480895,10823480930,1,"IOTHUB_CLIENT_CONFIRMATION_OK"
155,10823481228,10823481259,1,"IOTHUB_CLIENT_CONFIRMATION_OK"
156,10823481561,10823481643,1,"IOTHUB_CLIENT_CONFIRMATION_OK"
157,10823481895,10823481924,1,"IOTHUB_CLIENT_CONFIRMATION_OK"
158,10823482228,10823482264,1,"IOTHUB_CLIENT_CONFIRMATION_OK"
159,10823482561,10823482596,1,"IOTHUB_CLIENT_CONFIRMATION_OK"
160,10823482894,10823482926,1,"IOTHUB_CLIENT_CONFIRMATION_OK"
161,10823483227,10823483264,1,"IOTHUB_CLIENT_CONFIRMATION_OK"
162,10823483560,10823483716,1,"IOTHUB_CLIENT_CONFIRMATION_OK"
163,10823483893,10823483989,1,"IOTHUB_CLIENT_CONFIRMATION_OK"
164,10823484227,10823484258,1,"IOTHUB_CLIENT_CONFIRMATION_OK"
165,10823484560,10823484589,1,"IOTHUB_CLIENT_CONFIRMATION_OK"
166,10823484893,10823484923,1,"IOTHUB_CLIENT_CONFIRMATION_OK"
167,10823485226,10823485349,1,"IOTHUB_CLIENT_CONFIRMATION_OK"
168,10823485559,10823485589,1,"IOTHUB_CLIENT_CONFIRMATION_OK"
169,10823485892,10823485972,1,"IOTHUB_CLIENT_CONFIRMATION_OK"
170,10823486226,10823486253,1,"IOTHUB_CLIENT_CONFIRMATION_OK"
171,10823486559,10823486589,1,"IOTHUB_CLIENT_CONFIRMATION_OK"
172,10823486892,10823486981,1,"IOTHUB_CLIENT_CONFIRMATION_OK"
173,10823487225,10823487254,1,"IOTHUB_CLIENT_CONFIRMATION_OK"
174,10823487558,10823487597,1,"IOTHUB_CLIENT_CONFIRMATION_OK"
175,10823487891,10823487924,1,"IOTHUB_CLIENT_CONFIRMATION_OK"
176,10823488224,10823488253,1,"IOTHUB_CLIENT_CONFIRMATION_OK"
177,10823488558,10823488601,1,"IOTHUB_CLIENT_CONFIRMATION_OK"
178,10823488891,10823488920,1,"IOTHUB_CLIENT_CONFIRMATION_OK"
179,10823489224,10823489254,1,"IOTHUB_CLIENT_CONFIRMATION_OK"
180,10823489557,10823489585,1,"IOTHUB_CLIENT_CONFIRMATION_OK"
181,10823489890,10823489919,1,"IOTHUB_CLIENT_CONFIRMATION_OK"
182,10823490223,10823490257,1,"IOTHUB_CLIENT_CONFIRMATION_OK"
183,10823490556,10823490592,1,"IOTHUB_CLIENT_CONFIRMATION_OK"
184,10823490890,10823490936,1,"IOTHUB_CLIENT_CONFIRMATION_OK"
185,10823491223,10823491272,1,"IOTHUB_CLIENT_CONFIRMATION_OK"
186,10823491556,10823491603,1,"IOTHUB_CLIENT_CONFIRMATION_OK"
187,10823491889,10823491920,1,"IOTHUB_CLIENT_CONFIRMATION_OK"
188,10823492222,10823492275,1,"IOTHUB_CLIENT_CONFIRMATION_OK"
189,10823492555,10823492585,1,"IOTHUB_CLIENT_CONFIRMATION_OK"
190,10823492889,10823492944,1,"IOTHUB_CLIENT_CONFIRMATION_OK"
191,10823493222,10823493269,1,"IOTHUB_CLIENT_CONFIRMATION_OK"
192,10823493555,10823493584,1,"IOTHUB_CLIENT_CONFIRMATION_OK"
193,10823493888,10823493918,1,"IOTHUB_CLIENT_CONFIRMATION_OK"
194,10823494221,10823494251,1,"IOTHUB_CLIENT_CONFIRMATION_OK"
195,10823494554,10823494583,1,"IOTHUB_CLIENT_CONFIRMATION_OK"
196,10823494888,10823494917,1,"IOTHUB_CLIENT_CONFIRMATION_OK"
197,10823495221,10823495251,1,"IOTHUB_CLIENT_CONFIRMATION_OK"
198,10823495554,10823495585,1,"IOTHUB_CLIENT_CONFIRMATION_OK"
199,10823495887,10823495918,1,"IOTHUB_CLIENT_CONFIRMATION_OK"
200,10823496220,10823496250,1,"IOTHUB_CLIENT_CONFIRMATION_OK"
201,10823496553,10823496596,1,"IOTHUB_CLIENT_CONFIRMATION_OK"
202,10823496886,10823496917,1,"IOTHUB_CLIENT_CONFIRMATION_OK"
203,10823497220,10823497249,1,"IOTHUB_CLIENT_CONFIRMATION_OK"
204,10823497553,10823497590,1,"IOTHUB_CLIENT_CONFIRMATION_OK"
205,10823497886,10823497918,1,"IOTHUB_CLIENT_CONFIRMATION_OK"
206,10823498219,10823498248,1,"IOTHUB_CLIENT_CONFIRMATION_OK"
207,10823498552,10823498685,1,"IOTHUB_CLIENT_CONFIRMATION_OK"
208,10823498885,10823498917,1,"IOTHUB_CLIENT_CONFIRMATION_OK"
209,10823499219,10823499250,1,"IOTHUB_CLIENT_CONFIRMATION_OK"
210,10823499552,10823499593,1,"IOTHUB_CLIENT_CONFIRMATION_OK"
211,10823499885,10823499916,1,"IOTHUB_CLIENT_CONFIRMATION_OK"
212,10823500218,10823500309,1,"IOTHUB_CLIENT_CONFIRMATION_OK"
213,10823500551,10823500581,1,"IOTHUB_CLIENT_CONFIRMATION_OK"
214,10823500884,10823500942,1,"IOTHUB_CLIENT_CONFIRMATION_OK"
215,10823501218,10823501251,1,"IOTHUB_CLIENT_CONFIRMATION_OK"
216,10823501551,10823501580,1,"IOTHUB_CLIENT_CONFIRMATION_OK"
217,10823501884,10823502083,1,"IOTHUB_CLIENT_CONFIRMATION_OK"
218,10823502217,10823502248,1,"IOTHUB_CLIENT_CONFIRMATION_OK"
219,10823502550,10823502580,1,"IOTHUB_CLIENT_CONFIRMATION_OK"
220,10823502883,10823502920,1,"IOTHUB_CLIENT_CONFIRMATION_OK"
221,10823503217,10823503247,1,"IOTHUB_CLIENT_CONFIRMATION_OK"
222,10823503550,10823503688,1,"IOTHUB_CLIENT_CONFIRMATION_OK"
223,10823503883,10823503913,1,"IOTHUB_CLIENT_CONFIRMATION_OK"
224,10823504216,10823504245,1,"IOTHUB_CLIENT_CONFIRMATION_OK"
225,10823504549,10823504581,1,"IOTHUB_CLIENT_CONFIRMATION_OK"
226,10823504882,10823504916,1,"IOTHUB_CLIENT_CONFIRMATION_OK"
227,10823505215,10823505303,1,"IOTHUB_CLIENT_CONFIRMATION_OK"
228,10823505549,10823505578,1,"IOTHUB_CLIENT_CONFIRMATION_OK"
229,10823505882,10823505914,1,"IOTHUB_CLIENT_CONFIRMATION_OK"
230,10823506215,10823506243,1,"IOTHUB_CLIENT_CONFIRMATION_OK"
231,10823506548,10823506579,1,"IOTHUB_CLIENT_CONFIRMATION_OK"
232,10823506881,10823506930,1,"IOTHUB_CLIENT_CONFIRMATION_OK"
233,10823507214,10823507245,1,"IOTHUB_CLIENT_CONFIRMATION_OK"
234,10823507548,10823507585,1,"IOTHUB_CLIENT_CONFIRMATION_OK"
235,10823507881,10823507912,1,"IOTHUB_CLIENT_CONFIRMATION_OK"
236,10823508214,10823508339,1,"IOTHUB_CLIENT_CONFIRMATION_OK"
237,10823508547,10823508741,1,"IOTHUB_CLIENT_CONFIRMATION_OK"
238,10823508880,10823508956,1,"IOTHUB_CLIENT_CONFIRMATION_OK"
239,10823509213,10823509332,1,"IOTHUB_CLIENT_CONFIRMATION_OK"
240,10823509547,10823509577,1,"IOTHUB_CLIENT_CONFIRMATION_OK"
241,10823509880,10823509913,1,"IOTHUB_CLIENT_CONFIRMATION_OK"
242,10823510213,10823510252,1,"IOTHUB_CLIENT_CONFIRMATION_OK"
243,10823510546,10823510577,1,"IOTHUB_CLIENT_CONFIRMATION_OK"
244,10823510879,10823510909,1,"IOTHUB_CLIENT_CONFIRMATION_OK"
245,10823511212,10823511243,1,"IOTHUB_CLIENT_CONFIRMATION_OK"
246,10823511545,10823511579,1,"IOTHUB_CLIENT_CONFIRMATION_OK"
247,10823511879,10823511908,1,"IOTHUB_CLIENT_CONFIRMATION_OK"
248,10823512212,10823512263,1,"IOTHUB_CLIENT_CONFIRMATION_OK"
249,10823512545,10823512575,1,"IOTHUB_CLIENT_CONFIRMATION_OK"
250,10823512878,10823512906,1,"IOTHUB_CLIENT_CONFIRMATION_OK"
251,10823513211,10823513250,1,"IOTHUB_CLIENT_CONFIRMATION_OK"
252,10823513544,10823513577,1,"IOTHUB_CLIENT_CONFIRMATION_OK"
253,10823513878,10823513908,1,"IOTHUB_CLIENT_CONFIRMATION_OK"
254,10823514211,10823514242,1,"IOTHUB_CLIENT_CONFIRMATION_OK"
255,10823514544,10823514576,1,"IOTHUB_CLIENT_CONFIRMATION_OK"
256,10823514877,10823514907,1,"IOTHUB_CLIENT_CONFIRMATION_OK"
257,10823515210,10823515327,1,"IOTHUB_CLIENT_CONFIRMATION_OK"
258,10823515543,10823515698,1,"IOTHUB_CLIENT_CONFIRMATION_OK"
259,10823515877,10823515907,1,"IOTHUB_CLIENT_CONFIRMATION_OK"
260,10823516210,10823516239,1,"IOTHUB_CLIENT_CONFIRMATION_OK"
261,10823516543,10823516579,1,"IOTHUB_CLIENT_CONFIRMATION_OK"
262,10823516876,10823516935,1,"IOTHUB_CLIENT_CONFIRMATION_OK"
263,10823517209,10823517248,1,"IOTHUB_CLIENT_CONFIRMATION_OK"
264,10823517542,10823517576,1,"IOTHUB_CLIENT_CONFIRMATION_OK"
265,10823517875,10823517916,1,"IOTHUB_CLIENT_CONFIRMATION_OK"
266,10823518209,10823518238,1,"IOTHUB_CLIENT_CONFIRMATION_OK"
267,10823518542,10823518571,1,"IOTHUB_CLIENT_CONFIRMATION_OK"
268,10823518875,10823518910,1,"IOTHUB_CLIENT_CONFIRMATION_OK"
269,10823519208,10823519240,1,"IOTHUB_CLIENT_CONFIRMATION_OK"
270,10823519541,10823519571,1,"IOTHUB_CLIENT_CONFIRMATION_OK"
271,10823519874,10823519906,1,"IOTHUB_CLIENT_CONFIRMATION_OK"
272,10823520208,10823520238,1,"IOTHUB_CLIENT_CONFIRMATION_OK"
273,10823520541,10823520572,1,"IOTHUB_CLIENT_CONFIRMATION_OK"
274,10823520874,10823520908,1,"IOTHUB_CLIENT_CONFIRMATION_OK"
275,10823521207,10823521238,1,"IOTHUB_CLIENT_CONFIRMATION_OK"
276,10823521540,10823521569,1,"IOTHUB_CLIENT_CONFIRMATION_OK"
277,10823521873,10823521913,1,"IOTHUB_CLIENT_CONFIRMATION_OK"
278,10823522207,10823522236,1,"IOTHUB_CLIENT_CONFIRMATION_OK"
279,10823522540,10823522569,1,"IOTHUB_CLIENT_CONFIRMATION_OK"
280,10823522873,10823522906,1,"IOTHUB_CLIENT_CONFIRMATION_OK"
281,10823523206,10823523236,1,"IOTHUB_CLIENT_CONFIRMATION_OK"
282,10823523539,10823523681,1,"IOTHUB_CLIENT_CONFIRMATION_OK"
283,10823523872,10823523910,1,"IOTHUB_CLIENT_CONFIRMATION_OK"
284,10823524206,10823524234,1,"IOTHUB_CLIENT_CONFIRMATION_OK"
285,10823524539,10823524571,1,"IOTHUB_CLIENT_CONFIRMATION_OK"
286,10823524872,10823524902,1,"IOTHUB_CLIENT_CONFIRMATION_OK"
287,10823525205,10823525283,1,"IOTHUB_CLIENT_CONFIRMATION_OK"
288,10823525538,10823525569,1,"IOTHUB_CLIENT_CONFIRMATION_OK"
289,10823525871,10823525905,1,"IOTHUB_CLIENT_CONFIRMATION_OK"
290,10823526205,10823526347,1,"IOTHUB_CLIENT_CONFIRMATION_OK"
291,10823526538,10823526569,1,"IOTHUB_CLIENT_CONFIRMATION_OK"
292,10823526871,10823526910,1,"IOTHUB_CLIENT_CONFIRMATION_OK"
293,10823527204,10823527234,1,"IOTHUB_CLIENT_CONFIRMATION_OK"
294,10823527537,10823527578,1,"IOTHUB_CLIENT_CONFIRMATION_OK"
295,10823527870,10823527909,1,"IOTHUB_CLIENT_CONFIRMATION_OK"
296,10823528204,10823528235,1,"IOTHUB_CLIENT_CONFIRMATION_OK"
297,10823528537,10823528565,1,"IOTHUB_CLIENT_CONFIRMATION_OK"
298,10823528870,10823528916,1,"IOTHUB_CLIENT_CONFIRMATION_OK"
299,10823529203,10823529234,1,"IOTHUB_CLIENT_CONFIRMATION_OK"
300,10823529536,10823529566,1,"IOTHUB_CLIENT_CONFIRMATION_OK"
301,10823529869,10823529906,1,"IOTHUB_CLIENT_CONFIRMATION_OK"
302,10823530203,10823530283,1,"IOTHUB_CLIENT_CONFIRMATION_OK"
303,10823530536,10823530566,1,"IOTHUB_CLIENT_CONFIRMATION_OK"
304,10823530869,10823530900,1,"IOTHUB_CLIENT_CONFIRMATION_OK"
305,10823531202,10823531237,1,"IOTHUB_CLIENT_CONFIRMATION_OK"
306,10823531535,10823531567,1,"IOTHUB_CLIENT_CONFIRMATION_OK"
307,10823531868,10823531899,1,"IOTHUB_CLIENT_CONFIRMATION_OK"
308,10823532202,10823532232,1,"IOTHUB_CLIENT_CONFIRMATION_OK"
309,10823532535,10823532595,1,"IOTHUB_CLIENT_CONFIRMATION_OK"
310,10823532868,10823532901,1,"IOTHUB_CLIENT_CONFIRMATION_OK"
311,10823533201,10823533232,1,"IOTHUB_CLIENT_CONFIRMATION_OK"
312,10823533534,10823533565,1,"IOTHUB_CLIENT_CONFIRMATION_OK"
313,10823533867,10823533902,1,"IOTHUB_CLIENT_CONFIRMATION_OK"
314,10823534201,10823534231,1,"IOTHUB_CLIENT_CONFIRMATION_OK"
315,10823534534,10823534595,1,"IOTHUB_CLIENT_CONFIRMATION_OK"
316,10823534867,10823534904,1,"IOTHUB_CLIENT_CONFIRMATION_OK"
317,10823535200,10823535230,1,"IOTHUB_CLIENT_CONFIRMATION_OK"
318,10823535533,10823535561,1,"IOTHUB_CLIENT_CONFIRMATION_OK"
319,10823535866,10823535899,1,"IOTHUB_CLIENT_CONFIRMATION_OK"
320,10823536200,10823536345,1,"IOTHUB_CLIENT_CONFIRMATION_OK"
321,10823536533,10823536561,1,"IOTHUB_CLIENT_CONFIRMATION_OK"
322,10823536866,10823536897,1,"IOTHUB_CLIENT_CONFIRMATION_OK"
323,10823537199,10823537229,1,"IOTHUB_CLIENT_CONFIRMATION_OK"
324,10823537532,10823537563,1,"IOTHUB_CLIENT_CONFIRMATION_OK"
325,10823537865,10823537982,1,"IOTHUB_CLIENT_CONFIRMATION_OK"
326,10823538198,10823538259,1,"IOTHUB_CLIENT_CONFIRMATION_OK"
327,10823538532,10823538612,1,"IOTHUB_CLIENT_CONFIRMATION_OK"
328,10823538865,10823538894,1,"IOTHUB_CLIENT_CONFIRMATION_OK"
329,10823539198,10823539228,1,"IOTHUB_CLIENT_CONFIRMATION_OK"
330,10823539531,10823539629,1,"IOTHUB_CLIENT_CONFIRMATION_OK"
331,10823539864,10823539897,1,"IOTHUB_CLIENT_CONFIRMATION_OK"
332,10823540197,10823540263,1,"IOTHUB_CLIENT_CONFIRMATION_OK"
333,10823540531,10823540561,1,"IOTHUB_CLIENT_CONFIRMATION_OK"
334,10823540864,10823540895,1,"IOTHUB_CLIENT_CONFIRMATION_OK"
335,10823541197,10823541267,1,"IOTHUB_CLIENT_CONFIRMATION_OK"
336,10823541530,10823541560,1,"IOTHUB_CLIENT_CONFIRMATION_OK"
337,10823541863,10823541894,1,"IOTHUB_CLIENT_CONFIRMATION_OK"
338,10823542196,10823542246,1,"IOTHUB_CLIENT_CONFIRMATION_OK"
339,10823542530,10823542560,1,"IOTHUB_CLIENT_CONFIRMATION_OK"
340,10823542863,10823542897,1,"IOTHUB_CLIENT_CONFIRMATION_OK"
341,10823543196,10823543225,1,"IOTHUB_CLIENT_CONFIRMATION_OK"
342,10823543529,10823543563,1,"IOTHUB_CLIENT_CONFIRMATION_OK"
343,10823543862,10823543899,1,"IOTHUB_CLIENT_CONFIRMATION_OK"
344,10823544195,10823544227,1,"IOTHUB_CLIENT_CONFIRMATION_OK"
345,10823544529,10823544561,1,"IOTHUB_CLIENT_CONFIRMATION_OK"
346,10823544862,10823544891,1,"IOTHUB_CLIENT_CONFIRMATION_OK"
347,10823545195,10823545226,1,"IOTHUB_CLIENT_CONFIRMATION_OK"
348,10823545528,10823545559,1,"IOTHUB_CLIENT_CONFIRMATION_OK"
349,10823545861,10823545900,1,"IOTHUB_CLIENT_CONFIRMATION_OK"
350,10823546194,10823546226,1,"IOTHUB_CLIENT_CONFIRMATION_OK"
351,10823546527,10823546562,1,"IOTHUB_CLIENT_CONFIRMATION_OK"
352,10823546861,10823546898,1,"IOTHUB_CLIENT_CONFIRMATION_OK"
353,10823547194,10823547226,1,"IOTHUB_CLIENT_CONFIRMATION_OK"
354,10823547527,10823547560,1,"IOTHUB_CLIENT_CONFIRMATION_OK"
355,10823547860,10823548026,1,"IOTHUB_CLIENT_CONFIRMATION_OK"
356,10823548193,10823548225,1,"IOTHUB_CLIENT_CONFIRMATION_OK"
357,10823548526,10823548558,1,"IOTHUB_CLIENT_CONFIRMATION_OK"
358,10823548859,10823548893,1,"IOTHUB_CLIENT_CONFIRMATION_OK"
359,10823549193,10823549225,1,"IOTHUB_CLIENT_CONFIRMATION_OK"
360,10823549526,10823549560,1,"IOTHUB_CLIENT_CONFIRMATION_OK"
361,10823549859,10823549889,1,"IOTHUB_CLIENT_CONFIRMATION_OK"
362,10823550192,10823550220,1,"IOTHUB_CLIENT_CONFIRMATION_OK"
363,10823550525,10823550566,1,"IOTHUB_CLIENT_CONFIRMATION_OK"
364,10823550858,10823550899,1,"IOTHUB_CLIENT_CONFIRMATION_OK"
365,10823551192,10823551316,1,"IOTHUB_CLIENT_CONFIRMATION_OK"
366,10823551525,10823551563,1,"IOTHUB_CLIENT_CONFIRMATION_OK"
367,10823551858,10823551892,1,"IOTHUB_CLIENT_CONFIRMATION_OK"
368,10823552191,10823552245,1,"IOTHUB_CLIENT_CONFIRMATION_OK"
369,10823552524,10823552554,1,"IOTHUB_CLIENT_CONFIRMATION_OK"
370,10823552857,10823552976,1,"IOTHUB_CLIENT_CONFIRMATION_OK"
371,10823553191,10823553220,1,"IOTHUB_CLIENT_CONFIRMATION_OK"
372,10823553524,10823553555,1,"IOTHUB_CLIENT_CONFIRMATION_OK"
373,10823553857,10823553889,1,"IOTHUB_CLIENT_CONFIRMATION_OK"
374,10823554190,10823554228,1,"IOTHUB_CLIENT_CONFIRMATION_OK"
375,10823554523,10823554588,1,"IOTHUB_CLIENT_CONFIRMATION_OK"
376,10823554856,10823554889,1,"IOTHUB_CLIENT_CONFIRMATION_OK"
377,10823555190,10823555230,1,"IOTHUB_CLIENT_CONFIRMATION_OK"
378,10823555523,10823555552,1,"IOTHUB_CLIENT_CONFIRMATION_OK"
379,10823555856,10823555886,1,"IOTHUB_CLIENT_CONFIRMATION_OK"
380,10823556189,10823556230,1,"IOTHUB_CLIENT_CONFIRMATION_OK"
381,10823556522,10823556553,1,"IOTHUB_CLIENT_CONFIRMATION_OK"
382,10823556855,10823556889,1,"IOTHUB_CLIENT_CONFIRMATION_OK"
383,10823557189,10823557217,1,"IOTHUB_CLIENT_CONFIRMATION_OK"
384,10823557522,10823557554,1,"IOTHUB_CLIENT_CONFIRMATION_OK"
385,10823557855,10823557889,1,"IOTHUB_CLIENT_CONFIRMATION_OK"
386,10823558188,10823558217,1,"IOTHUB_CLIENT_CONFIRMATION_OK"
387,10823558521,10823558551,1,"IOTHUB_CLIENT_CONFIRMATION_OK"
388,10823558854,10823558888,1,"IOTHUB_CLIENT_CONFIRMATION_OK"
389,10823559188,10823559216,1,"IOTHUB_CLIENT_CONFIRMATION_OK"
390,10823559521,10823559551,1,"IOTHUB_CLIENT_CONFIRMATION_OK"
391,10823559854,10823559883,1,"IOTHUB_CLIENT_CONFIRMATION_OK"
392,10823560187,10823560217,1,"IOTHUB_CLIENT_CONFIRMATION_OK"
393,10823560520,10823560552,1,"IOTHUB_CLIENT_CONFIRMATION_OK"
394,10823560853,10823560889,1,"IOTHUB_CLIENT_CONFIRMATION_OK"
395,10823561187,10823561226,1,"IOTHUB_CLIENT_CONFIRMATION_OK"
396,10823561520,10823561558,1,"IOTHUB_CLIENT_CONFIRMATION_OK"
397,10823561853,10823561884,1,"IOTHUB_CLIENT_CONFIRMATION_OK"
398,10823562186,10823562238,1,"IOTHUB_CLIENT_CONFIRMATION_OK"
399,10823562519,10823562552,1,"IOTHUB_CLIENT_CONFIRMATION_OK"
400,10823562852,10823562902,1,"IOTHUB_CLIENT_CONFIRMATION_OK"
401,10823563185,10823563215,1,"IOTHUB_CLIENT_CONFIRMATION_OK"
402,10823563519,10823563563,1,"IOTHUB_CLIENT_CONFIRMATION_OK"
403,10823563852,10823563885,1,"IOTHUB_CLIENT_CONFIRMATION_OK"
404,10823564185,10823564232,1,"IOTHUB_CLIENT_CONFIRMATION_OK"
405,10823564518,10823564559,1,"IOTHUB_CLIENT_CONFIRMATION_OK"
406,10823564851,10823564885,1,"IOTHUB_CLIENT_CONFIRMATION_OK"
407,10823565184,10823565219,1,"IOTHUB_CLIENT_CONFIRMATION_OK"
408,10823565518,10823565551,1,"IOTHUB_CLIENT_CONFIRMATION_OK"
409,10823565851,10823565909,1,"IOTHUB_CLIENT_CONFIRMATION_OK"
410,10823566184,10823566338,1,"IOTHUB_CLIENT_CONFIRMATION_OK"
411,10823566517,10823566549,1,"IOTHUB_CLIENT_CONFIRMATION_OK"
412,10823566850,10823566890,1,"IOTHUB_CLIENT_CONFIRMATION_OK"
413,10823567183,10823567215,1,"IOTHUB_CLIENT_CONFIRMATION_OK"
414,10823567517,10823567548,1,"IOTHUB_CLIENT_CONFIRMATION_OK"
415,10823567850,10823567966,1,"IOTHUB_CLIENT_CONFIRMATION_OK"
416,10823568183,10823568213,1,"IOTHUB_CLIENT_CONFIRMATION_OK"
417,10823568516,10823568547,1,"IOTHUB_CLIENT_CONFIRMATION_OK"
418,10823568849,10823568879,1,"IOTHUB_CLIENT_CONFIRMATION_OK"
419,10823569182,10823569213,1,"IOTHUB_CLIENT_CONFIRMATION_OK"
420,10823569516,10823569704,1,"IOTHUB_CLIENT_CONFIRMATION_OK"
421,10823569849,10823569880,1,"IOTHUB_CLIENT_CONFIRMATION_OK"
422,10823570182,10823570213,1,"IOTHUB_CLIENT_CONFIRMATION_OK"
423,10823570515,10823570549,1,"IOTHUB_CLIENT_CONFIRMATION_OK"
424,10823570848,10823570880,1,"IOTHUB_CLIENT_CONFIRMATION_OK"
425,10823571181,10823571219,1,"IOTHUB_CLIENT_CONFIRMATION_OK"
426,10823571514,10823571545,1,"IOTHUB_CLIENT_CONFIRMATION_OK"
427,10823571848,10823571878,1,"IOTHUB_CLIENT_CONFIRMATION_OK"
428,10823572181,10823572219,1,"IOTHUB_CLIENT_CONFIRMATION_OK"
429,10823572514,10823572545,1,"IOTHUB_CLIENT_CONFIRMATION_OK"
430,10823572847,10823572973,1,"IOTHUB_CLIENT_CONFIRMATION_OK"
431,10823573180,10823573688,1,"IOTHUB_CLIENT_CONFIRMATION_OK"
432,10823573513,10823573713,1,"IOTHUB_CLIENT_CONFIRMATION_OK"
433,10823573846,10823573877,1,"IOTHUB_CLIENT_CONFIRMATION_OK"
434,10823574180,10823574215,1,"IOTHUB_CLIENT_CONFIRMATION_OK"
435,10823574513,10823574607,1,"IOTHUB_CLIENT_CONFIRMATION_OK"
436,10823574846,10823574876,1,"IOTHUB_CLIENT_CONFIRMATION_OK"
437,10823575179,10823575209,1,"IOTHUB_CLIENT_CONFIRMATION_OK"
438,10823575512,10823575544,1,"IOTHUB_CLIENT_CONFIRMATION_OK"
439,10823575845,10823575981,1,"IOTHUB_CLIENT_CONFIRMATION_OK"
440,10823576179,10823576221,1,"IOTHUB_CLIENT_CONFIRMATION_OK"
441,10823576512,10823576542,1,"IOTHUB_CLIENT_CONFIRMATION_OK"
442,10823576845,10823576875,1,"IOTHUB_CLIENT_CONFIRMATION_OK"
443,10823577178,10823577207,1,"IOTHUB_CLIENT_CONFIRMATION_OK"
444,10823577511,10823577540,1,"IOTHUB_CLIENT_CONFIRMATION_OK"
445,10823577844,10823577877,1,"IOTHUB_CLIENT_CONFIRMATION_OK"
446,10823578177,10823578212,1,"IOTHUB_CLIENT_CONFIRMATION_OK"
447,10823578511,10823578541,1,"IOTHUB_CLIENT_CONFIRMATION_OK"
448,10823578844,10823578875,1,"IOTHUB_CLIENT_CONFIRMATION_OK"
449,10823579177,10823579208,1,"IOTHUB_CLIENT_CONFIRMATION_OK"
450,10823579510,10823579543,1,"IOTHUB_CLIENT_CONFIRMATION_OK"
451,10823579843,10823579874,1,"IOTHUB_CLIENT_CONFIRMATION_OK"
452,10823580176,10823580209,1,"IOTHUB_CLIENT_CONFIRMATION_OK"
453,10823580510,10823580547,1,"IOTHUB_CLIENT_CONFIRMATION_OK"
454,10823580843,10823580874,1,"IOTHUB_CLIENT_CONFIRMATION_OK"
455,10823581176,10823581270,1,"IOTHUB_CLIENT_CONFIRMATION_OK"
456,10823581509,10823581542,1,"IOTHUB_CLIENT_CONFIRMATION_OK"
457,10823581842,10823581876,1,"IOTHUB_CLIENT_CONFIRMATION_OK"
458,10823582175,10823582214,1,"IOTHUB_CLIENT_CONFIRMATION_OK"
459,10823582509,10823582541,1,"IOTHUB_CLIENT_CONFIRMATION_OK"
460,10823582842,10823582913,1,"IOTHUB_CLIENT_CONFIRMATION_OK"
461,10823583175,10823583214,1,"IOTHUB_CLIENT_CONFIRMATION_OK"
462,10823583508,10823583540,1,"IOTHUB_CLIENT_CONFIRMATION_OK"
463,10823583841,10823583870,1,"IOTHUB_CLIENT_CONFIRMATION_OK"
464,10823584174,10823584207,1,"IOTHUB_CLIENT_CONFIRMATION_OK"
465,10823584507,10823584536,1,"IOTHUB_CLIENT_CONFIRMATION_OK"
466,10823584841,10823584871,1,"IOTHUB_CLIENT_CONFIRMATION_OK"
467,10823585174,10823585219,1,"IOTHUB_CLIENT_CONFIRMATION_OK"
468,10823585507,10823585536,1,"IOTHUB_CLIENT_CONFIRMATION_OK"
469,10823585840,10823585886,1,"IOTHUB_CLIENT_CONFIRMATION_OK"
470,10823586173,10823586213,1,"IOTHUB_CLIENT_CONFIRMATION_OK"
471,10823586506,10823586536,1,"IOTHUB_CLIENT_CONFIRMATION_OK"
472,10823586840,10823586876,1,"IOTHUB_CLIENT_CONFIRMATION_OK"
473,10823587173,10823587208,1,"IOTHUB_CLIENT_CONFIRMATION_OK"
474,10823587506,10823587535,1,"IOTHUB_CLIENT_CONFIRMATION_OK"
475,10823587839,10823587869,1,"IOTHUB_CLIENT_CONFIRMATION_OK"
476,10823588172,10823588224,1,"IOTHUB_CLIENT_CONFIRMATION_OK"
477,10823588505,10823588552,1,"IOTHUB_CLIENT_CONFIRMATION_OK"
478,10823588839,10823588870,1,"IOTHUB_CLIENT_CONFIRMATION_OK"
479,10823589172,10823589204,1,"IOTHUB_CLIENT_CONFIRMATION_OK"
480,10823589505,10823589604,1,"IOTHUB_CLIENT_CONFIRMATION_OK"
481,10823589838,10823589870,1,"IOTHUB_CLIENT_CONFIRMATION_OK"
482,10823590171,10823590203,1,"IOTHUB_CLIENT_CONFIRMATION_OK"
483,10823590504,10823590537,1,"IOTHUB_CLIENT_CONFIRMATION_OK"
484,10823590837,10823590868,1,"IOTHUB_CLIENT_CONFIRMATION_OK"
485,10823591171,10823591235,1,"IOTHUB_CLIENT_CONFIRMATION_OK"
486,10823591504,10823591537,1,"IOTHUB_CLIENT_CONFIRMATION_OK"
487,10823591837,10823591869,1,"IOTHUB_CLIENT_CONFIRMATION_OK"
488,10823592170,10823592200,1,"IOTHUB_CLIENT_CONFIRMATION_OK"
489,10823592503,10823592535,1,"IOTHUB_CLIENT_CONFIRMATION_OK"
490,10823592836,10823592868,1,"IOTHUB_CLIENT_CONFIRMATION_OK"
491,10823593170,10823593210,1,"IOTHUB_CLIENT_CONFIRMATION_OK"
492,10823593503,10823593534,1,"IOTHUB_CLIENT_CONFIRMATION_OK"
493,10823593836,10823593869,1,"IOTHUB_CLIENT_CONFIRMATION_OK"
494,10823594169,10823594200,1,"IOTHUB_CLIENT_CONFIRMATION_OK"
495,10823594502,10823594543,1,"IOTHUB_CLIENT_CONFIRMATION_OK"
496,10823594835,10823594870,1,"IOTHUB_CLIENT_CONFIRMATION_OK"
497,10823595169,10823595198,1,"IOTHUB_CLIENT_CONFIRMATION_OK"
498,10823595502,10823595533,1,"IOTHUB_CLIENT_CONFIRMATION_OK"
499,10823595835,10823595889,1,"IOTHUB_CLIENT_CONFIRMATION_OK"
500,10823596168,10823596200,1,"IOTHUB_CLIENT_CONFIRMATION_OK"
501,10823596501,10823596534,1,"IOTHUB_CLIENT_CONFIRMATION_OK"
502,10823596834,10823596868,1,"IOTHUB_CLIENT_CONFIRMATION_OK"
503,10823597167,10823597200,1,"IOTHUB_CLIENT_CONFIRMATION_OK"
504,10823597501,10823597531,1,"IOTHUB_CLIENT_CONFIRMATION_OK"
505,10823597834,10823597982,1,"IOTHUB_CLIENT_CONFIRMATION_OK"
506,10823598167,10823598198,1,"IOTHUB_CLIENT_CONFIRMATION_OK"
507,10823598500,10823598606,1,"IOTHUB_CLIENT_CONFIRMATION_OK"
508,10823598833,10823598865,1,"IOTHUB_CLIENT_CONFIRMATION_OK"
509,10823599166,10823599499,1,"IOTHUB_CLIENT_CONFIRMATION_OK"
510,10823599500,10823599620,1,"IOTHUB_CLIENT_CONFIRMATION_OK"
511,10823599833,10823599871,1,"IOTHUB_CLIENT_CONFIRMATION_OK"
512,10823600166,10823600198,1,"IOTHUB_CLIENT_CONFIRMATION_OK"
513,10823600499,10823600530,1,"IOTHUB_CLIENT_CONFIRMATION_OK"
514,10823600832,10823600866,1,"IOTHUB_CLIENT_CONFIRMATION_OK"
515,10823601165,10823601276,1,"IOTHUB_CLIENT_CONFIRMATION_OK"
516,10823601499,10823601530,1,"IOTHUB_CLIENT_CONFIRMATION_OK"
517,10823601832,10823601866,1,"IOTHUB_CLIENT_CONFIRMATION_OK"
518,10823602165,10823602198,1,"IOTHUB_CLIENT_CONFIRMATION_OK"
519,10823602498,10823602529,1,"IOTHUB_CLIENT_CONFIRMATION_OK"
520,10823602831,10823602882,1,"IOTHUB_CLIENT_CONFIRMATION_OK"
521,10823603164,10823603208,1,"IOTHUB_CLIENT_CONFIRMATION_OK"
522,10823603497,10823603529,1,"IOTHUB_CLIENT_CONFIRMATION_OK"
523,10823603831,10823603870,1,"IOTHUB_CLIENT_CONFIRMATION_OK"
524,10823604164,10823604318,1,"IOTHUB_CLIENT_CONFIRMATION_OK"
525,10823604497,10823604541,1,"IOTHUB_CLIENT_CONFIRMATION_OK"
526,10823604830,10823604861,1,"IOTHUB_CLIENT_CONFIRMATION_OK"
527,10823605163,10823605198,1,"IOTHUB_CLIENT_CONFIRMATION_OK"
528,10823605496,10823605526,1,"IOTHUB_CLIENT_CONFIRMATION_OK"
529,10823605830,10823605872,1,"IOTHUB_CLIENT_CONFIRMATION_OK"
530,10823606163,10823606194,1,"IOTHUB_CLIENT_CONFIRMATION_OK"
531,10823606496,10823606527,1,"IOTHUB_CLIENT_CONFIRMATION_OK"
532,10823606829,10823606871,1,"IOTHUB_CLIENT_CONFIRMATION_OK"
533,10823607162,10823607197,1,"IOTHUB_CLIENT_CONFIRMATION_OK"
534,10823607495,10823607527,1,"IOTHUB_CLIENT_CONFIRMATION_OK"
535,10823607829,10823607863,1,"IOTHUB_CLIENT_CONFIRMATION_OK"
536,10823608162,10823608195,1,"IOTHUB_CLIENT_CONFIRMATION_OK"
537,10823608495,10823608527,1,"IOTHUB_CLIENT_CONFIRMATION_OK"
538,10823608828,10823608860,1,"IOTHUB_CLIENT_CONFIRMATION_OK"
539,10823609161,10823609190,1,"IOTHUB_CLIENT_CONFIRMATION_OK"
540,10823609494,10823609611,1,"IOTHUB_CLIENT_CONFIRMATION_OK"
541,10823609828,10823609859,1,"IOTHUB_CLIENT_CONFIRMATION_OK"
542,10823610161,10823610191,1,"IOTHUB_CLIENT_CONFIRMATION_OK"
543,10823610494,10823610526,1,"IOTHUB_CLIENT_CONFIRMATION_OK"
544,10823610827,10823610885,1,"IOTHUB_CLIENT_CONFIRMATION_OK"
545,10823611160,10823611190,1,"IOTHUB_CLIENT_CONFIRMATION_OK"
546,10823611493,10823611524,1,"IOTHUB_CLIENT_CONFIRMATION_OK"
547,10823611826,10823611868,1,"IOTHUB_CLIENT_CONFIRMATION_OK"
548,10823612160,10823612299,1,"IOTHUB_CLIENT_CONFIRMATION_OK"
549,10823612493,10823612523,1,"IOTHUB_CLIENT_CONFIRMATION_OK"
550,10823612826,10823612913,1,"IOTHUB_CLIENT_CONFIRMATION_OK"
551,10823613159,10823613194,1,"IOTHUB_CLIENT_CONFIRMATION_OK"
552,10823613492,10823613523,1,"IOTHUB_CLIENT_CONFIRMATION_OK"
553,10823613825,10823613857,1,"IOTHUB_CLIENT_CONFIRMATION_OK"
554,10823614159,10823614190,1,"IOTHUB_CLIENT_CONFIRMATION_OK"
555,10823614492,10823614541,1,"IOTHUB_CLIENT_CONFIRMATION_OK"
556,10823614825,10823614857,1,"IOTHUB_CLIENT_CONFIRMATION_OK"
557,10823615158,10823615238,1,"IOTHUB_CLIENT_CONFIRMATION_OK"
558,10823615491,10823615522,1,"IOTHUB_CLIENT_CONFIRMATION_OK"
559,10823615824,10823615984,1,"IOTHUB_CLIENT_CONFIRMATION_OK"
560,10823616157,10823616191,1,"IOTHUB_CLIENT_CONFIRMATION_OK"
561,10823616491,10823616523,1,"IOTHUB_CLIENT_CONFIRMATION_OK"
562,10823616824,10823616852,1,"IOTHUB_CLIENT_CONFIRMATION_OK"
563,10823617157,10823617188,1,"IOTHUB_CLIENT_CONFIRMATION_OK"
564,10823617490,10823617522,1,"IOTHUB_CLIENT_CONFIRMATION_OK"
565,10823617823,10823617853,1,"IOTHUB_CLIENT_CONFIRMATION_OK"
566,10823618156,10823618194,1,"IOTHUB_CLIENT_CONFIRMATION_OK"
567,10823618490,10823618561,1,"IOTHUB_CLIENT_CONFIRMATION_OK"
568,10823618823,10823618854,1,"IOTHUB_CLIENT_CONFIRMATION_OK"
569,10823619156,10823619257,1,"IOTHUB_CLIENT_CONFIRMATION_OK"
570,10823619489,10823619520,1,"IOTHUB_CLIENT_CONFIRMATION_OK"
571,10823619822,10823619852,1,"IOTHUB_CLIENT_CONFIRMATION_OK"
572,10823620155,10823620188,1,"IOTHUB_CLIENT_CONFIRMATION_OK"
573,10823620489,10823620520,1,"IOTHUB_CLIENT_CONFIRMATION_OK"
574,10823620822,10823620968,1,"IOTHUB_CLIENT_CONFIRMATION_OK"
575,10823621155,10823621190,1,"IOTHUB_CLIENT_CONFIRMATION_OK"
576,10823621488,10823621529,1,"IOTHUB_CLIENT_CONFIRMATION_OK"
577,10823621821,10823621853,1,"IOTHUB_CLIENT_CONFIRMATION_OK"
578,10823622154,10823622197,1,"IOTHUB_CLIENT_CONFIRMATION_OK"
579,10823622488,10823622520,1,"IOTHUB_CLIENT_CONFIRMATION_OK"
580,10823622821,10823622856,1,"IOTHUB_CLIENT_CONFIRMATION_OK"
581,10823623154,10823623196,1,"IOTHUB_CLIENT_CONFIRMATION_OK"
582,10823623487,10823623518,1,"IOTHUB_CLIENT_CONFIRMATION_OK"
583,10823623820,10823623848,1,"IOTHUB_CLIENT_CONFIRMATION_OK"
584,10823624153,10823624185,1,"IOTHUB_CLIENT_CONFIRMATION_OK"
585,10823624486,10823624522,1,"IOTHUB_CLIENT_CONFIRMATION_OK"
586,10823624820,10823624859,1,"IOTHUB_CLIENT_CONFIRMATION_OK"
587,10823625153,10823625197,1,"IOTHUB_CLIENT_CONFIRMATION_OK"
588,10823625486,10823625516,1,"IOTHUB_CLIENT_CONFIRMATION_OK"
589,10823625819,10823625852,1,"IOTHUB_CLIENT_CONFIRMATION_OK"
590,10823626152,10823626185,1,"IOTHUB_CLIENT_CONFIRMATION_OK"
591,10823626485,10823626517,1,"IOTHUB_CLIENT_CONFIRMATION_OK"
592,10823626819,10823626849,1,"IOTHUB_CLIENT_CONFIRMATION_OK"
593,10823627152,10823627278,1,"IOTHUB_CLIENT_CONFIRMATION_OK"
594,10823627485,10823627517,1,"IOTHUB_CLIENT_CONFIRMATION_OK"
595,10823627818,10823627851,1,"IOTHUB_CLIENT_CONFIRMATION_OK"
596,10823628151,10823628184,1,"IOTHUB_CLIENT_CONFIRMATION_OK"
597,10823628484,10823628516,1,"IOTHUB_CLIENT_CONFIRMATION_OK"
598,10823628818,10823628905,1,"IOTHUB_CLIENT_CONFIRMATION_OK"
599,10823629151,10823629179,1,"IOTHUB_CLIENT_CONFIRMATION_OK"
600,10823629484,10823629526,1,"IOTHUB_CLIENT_CONFIRMATION_OK"
601,10823629817,10823629887,1,"IOTHUB_CLIENT_CONFIRMATION_OK"
602,10823630150,10823630179,1,"IOTHUB_CLIENT_CONFIRMATION_OK"
603,10823630483,10823630519,1,"IOTHUB_CLIENT_CONFIRMATION_OK"
604,10823630817,10823630848,1,"IOTHUB_CLIENT_CONFIRMATION_OK"
605,10823631150,10823631185,1,"IOTHUB_CLIENT_CONFIRMATION_OK"
606,10823631483,10823631514,1,"IOTHUB_CLIENT_CONFIRMATION_OK"
607,10823631816,10823631849,1,"IOTHUB_CLIENT_CONFIRMATION_OK"
608,10823632149,10823632201,1,"IOTHUB_CLIENT_CONFIRMATION_OK"
609,10823632483,10823632514,1,"IOTHUB_CLIENT_CONFIRMATION_OK"
610,10823632816,10823632844,1,"IOTHUB_CLIENT_CONFIRMATION_OK"
611,10823633149,10823633180,1,"IOTHUB_CLIENT_CONFIRMATION_OK"
612,10823633482,10823633517,1,"IOTHUB_CLIENT_CONFIRMATION_OK"
613,10823633815,10823633847,1,"IOTHUB_CLIENT_CONFIRMATION_OK"
614,10823634148,10823634182,1,"IOTHUB_CLIENT_CONFIRMATION_OK"
615,10823634482,10823634513,1,"IOTHUB_CLIENT_CONFIRMATION_OK"
616,10823634815,10823634848,1,"IOTHUB_CLIENT_CONFIRMATION_OK"
617,10823635148,10823635180,1,"IOTHUB_CLIENT_CONFIRMATION_OK"
618,10823635481,10823635512,1,"IOTHUB_CLIENT_CONFIRMATION_OK"
619,10823635814,10823635844,1,"IOTHUB_CLIENT_CONFIRMATION_OK"
620,10823636147,10823636177,1,"IOTHUB_CLIENT_CONFIRMATION_OK"
621,10823636481,10823636512,1,"IOTHUB_CLIENT_CONFIRMATION_OK"
622,10823636814,10823636846,1,"IOTHUB_CLIENT_CONFIRMATION_OK"
623,10823637147,10823637260,1,"IOTHUB_CLIENT_CONFIRMATION_OK"
624,10823637480,10823637513,1,"IOTHUB_CLIENT_CONFIRMATION_OK"
625,10823637813,10823637843,1,"IOTHUB_CLIENT_CONFIRMATION_OK"
626,10823638146,10823638182,1,"IOTHUB_CLIENT_CONFIRMATION_OK"
627,10823638480,10823638511,1,"IOTHUB_CLIENT_CONFIRMATION_OK"
628,10823638813,10823638893,1,"IOTHUB_CLIENT_CONFIRMATION_OK"
629,10823639146,10823639180,1,"IOTHUB_CLIENT_CONFIRMATION_OK"
630,10823639479,10823639515,1,"IOTHUB_CLIENT_CONFIRMATION_OK"
631,10823639812,10823639843,1,"IOTHUB_CLIENT_CONFIRMATION_OK"
632,10823640145,10823640187,1,"IOTHUB_CLIENT_CONFIRMATION_OK"
633,10823640478,10823640509,1,"IOTHUB_CLIENT_CONFIRMATION_OK"
634,10823640812,10823640858,1,"IOTHUB_CLIENT_CONFIRMATION_OK"
635,10823641145,10823641175,1,"IOTHUB_CLIENT_CONFIRMATION_OK"
636,10823641478,10823641510,1,"IOTHUB_CLIENT_CONFIRMATION_OK"
637,10823641811,10823641842,1,"IOTHUB_CLIENT_CONFIRMATION_OK"
638,10823642144,10823642176,1,"IOTHUB_CLIENT_CONFIRMATION_OK"
639,10823642477,10823642512,1,"IOTHUB_CLIENT_CONFIRMATION_OK"
640,10823642811,10823642851,1,"IOTHUB_CLIENT_CONFIRMATION_OK"
641,10823643144,10823643177,1,"IOTHUB_CLIENT_CONFIRMATION_OK"
642,10823643477,10823643526,1,"IOTHUB_CLIENT_CONFIRMATION_OK"
643,10823643810,10823643858,1,"IOTHUB_CLIENT_CONFIRMATION_OK"
644,10823644143,10823644179,1,"IOTHUB_CLIENT_CONFIRMATION_OK"
645,10823644476,10823644507,1,"IOTHUB_CLIENT_CONFIRMATION_OK"
646,10823644810,10823644843,1,"IOTHUB_CLIENT_CONFIRMATION_OK"
647,10823645143,10823645172,1,"IOTHUB_CLIENT_CONFIRMATION_OK"
648,10823645476,10823645516,1,"IOTHUB_CLIENT_CONFIRMATION_OK"
649,10823645809,10823645838,1,"IOTHUB_CLIENT_CONFIRMATION_OK"
650,10823646142,10823646175,1,"IOTHUB_CLIENT_CONFIRMATION_OK"
651,10823646475,10823646508,1,"IOTHUB_CLIENT_CONFIRMATION_OK"
652,10823646809,10823646844,1,"IOTHUB_CLIENT_CONFIRMATION_OK"
653,10823647142,10823647174,1,"IOTHUB_CLIENT_CONFIRMATION_OK"
654,10823647475,10823647509,1,"IOTHUB_CLIENT_CONFIRMATION_OK"
655,10823647808,10823647836,1,"IOTHUB_CLIENT_CONFIRMATION_OK"
656,10823648141,10823648172,1,"IOTHUB_CLIENT_CONFIRMATION_OK"
657,10823648474,10823648511,1,"IOTHUB_CLIENT_CONFIRMATION_OK"
658,10823648808,10823648840,1,"IOTHUB_CLIENT_CONFIRMATION_OK"
659,10823649141,10823649172,1,"IOTHUB_CLIENT_CONFIRMATION_OK"
660,10823649474,10823649505,1,"IOTHUB_CLIENT_CONFIRMATION_OK"
661,10823649807,10823649842,1,"IOTHUB_CLIENT_CONFIRMATION_OK"
662,10823650140,10823650172,1,"IOTHUB_CLIENT_CONFIRMATION_OK"
663,10823650473,10823650591,1,"IOTHUB_CLIENT_CONFIRMATION_OK"
664,10823650807,10823650837,1,"IOTHUB_CLIENT_CONFIRMATION_OK"
665,10823651140,10823651194,1,"IOTHUB_CLIENT_CONFIRMATION_OK"
666,10823651473,10823651501,1,"IOTHUB_CLIENT_CONFIRMATION_OK"
667,10823651806,10823651838,1,"IOTHUB_CLIENT_CONFIRMATION_OK"
668,10823652139,10823652232,1,"IOTHUB_CLIENT_CONFIRMATION_OK"
669,10823652472,10823652504,1,"IOTHUB_CLIENT_CONFIRMATION_OK"
670,10823652806,10823652849,1,"IOTHUB_CLIENT_CONFIRMATION_OK"
671,10823653139,10823653170,1,"IOTHUB_CLIENT_CONFIRMATION_OK"
672,10823653472,10823653504,1,"IOTHUB_CLIENT_CONFIRMATION_OK"
673,10823653805,10823653854,1,"IOTHUB_CLIENT_CONFIRMATION_OK"
674,10823654138,10823654168,1,"IOTHUB_CLIENT_CONFIRMATION_OK"
675,10823654471,10823654518,1,"IOTHUB_CLIENT_CONFIRMATION_OK"
676,10823654805,10823654838,1,"IOTHUB_CLIENT_CONFIRMATION_OK"
677,10823655138,10823655169,1,"IOTHUB_CLIENT_CONFIRMATION_OK"
678,10823655471,10823655522,1,"IOTHUB_CLIENT_CONFIRMATION_OK"
679,10823655804,10823655836,1,"IOTHUB_CLIENT_CONFIRMATION_OK"
680,10823656137,10823656232,1,"IOTHUB_CLIENT_CONFIRMATION_OK"
681,10823656470,10823656503,1,"IOTHUB_CLIENT_CONFIRMATION_OK"
682,10823656804,10823656834,1,"IOTHUB_CLIENT_CONFIRMATION_OK"
683,10823657137,10823657170,1,"IOTHUB_CLIENT_CONFIRMATION_OK"
684,10823657470,10823657502,1,"IOTHUB_CLIENT_CONFIRMATION_OK"
685,10823657803,10823657863,1,"IOTHUB_CLIENT_CONFIRMATION_OK"
686,10823658136,10823658167,1,"IOTHUB_CLIENT_CONFIRMATION_OK"
687,10823658469,10823658501,1,"IOTHUB_CLIENT_CONFIRMATION_OK"
688,10823658803,10823658839,1,"IOTHUB_CLIENT_CONFIRMATION_OK"
689,10823659136,10823659170,1,"IOTHUB_CLIENT_CONFIRMATION_OK"
690,10823659469,10823659505,1,"IOTHUB_CLIENT_CONFIRMATION_OK"
691,10823659802,10823659834,1,"IOTHUB_CLIENT_CONFIRMATION_OK"
692,10823660135,10823660167,1,"IOTHUB_CLIENT_CONFIRMATION_OK"
693,10823660468,10823660501,1,"IOTHUB_CLIENT_CONFIRMATION_OK"
694,10823660802,10823660831,1,"IOTHUB_CLIENT_CONFIRMATION_OK"
695,10823661135,10823661165,1,"IOTHUB_CLIENT_CONFIRMATION_OK"
696,10823661468,10823661499,1,"IOTHUB_CLIENT_CONFIRMATION_OK"
697,10823661801,10823661834,1,"IOTHUB_CLIENT_CONFIRMATION_OK"
698,10823662134,10823662176,1,"IOTHUB_CLIENT_CONFIRMATION_OK"
699,10823662467,10823662499,1,"IOTHUB_CLIENT_CONFIRMATION_OK"
700,10823662800,10823662831,1,"IOTHUB_CLIENT_CONFIRMATION_OK"
701,10823663134,10823663162,1,"IOTHUB_CLIENT_CONFIRMATION_OK"
702,10823663467,10823663498,1,"IOTHUB_CLIENT_CONFIRMATION_OK"
703,10823663800,10823663960,1,"IOTHUB_CLIENT_CONFIRMATION_OK"
704,10823664133,10823664162,1,"IOTHUB_CLIENT_CONFIRMATION_OK"
705,10823664466,10823664498,1,"IOTHUB_CLIENT_CONFIRMATION_OK"
706,10823664799,10823664830,1,"IOTHUB_CLIENT_CONFIRMATION_OK"
707,10823665133,10823665241,1,"IOTHUB_CLIENT_CONFIRMATION_OK"
708,10823665466,10823665496,1,"IOTHUB_CLIENT_CONFIRMATION_OK"
709,10823665799,10823665830,1,"IOTHUB_CLIENT_CONFIRMATION_OK"
710,10823666132,10823666173,1,"IOTHUB_CLIENT_CONFIRMATION_OK"
711,10823666465,10823666498,1,"IOTHUB_CLIENT_CONFIRMATION_OK"
712,10823666798,10823666836,1,"IOTHUB_CLIENT_CONFIRMATION_OK"
713,10823667132,10823667163,1,"IOTHUB_CLIENT_CONFIRMATION_OK"
714,10823667465,10823667496,1,"IOTHUB_CLIENT_CONFIRMATION_OK"
715,10823667798,10823667828,1,"IOTHUB_CLIENT_CONFIRMATION_OK"
716,10823668131,10823668163,1,"IOTHUB_CLIENT_CONFIRMATION_OK"
717,10823668464,10823668497,1,"IOTHUB_CLIENT_CONFIRMATION_OK"
718,10823668797,10823668827,1,"IOTHUB_CLIENT_CONFIRMATION_OK"
719,10823669131,10823669161,1,"IOTHUB_CLIENT_CONFIRMATION_OK"
720,10823669464,10823669496,1,"IOTHUB_CLIENT_CONFIRMATION_OK"
721,10823669797,10823669950,1,"IOTHUB_CLIENT_CONFIRMATION_OK"
722,10823670130,10823670162,1,"IOTHUB_CLIENT_CONFIRMATION_OK"
723,10823670463,10823670493,1,"IOTHUB_CLIENT_CONFIRMATION_OK"
724,10823670796,10823670830,1,"IOTHUB_CLIENT_CONFIRMATION_OK"
725,10823671130,10823671184,1,"IOTHUB_CLIENT_CONFIRMATION_OK"
726,10823671463,10823671570,1,"IOTHUB_CLIENT_CONFIRMATION_OK"
727,10823671796,10823671828,1,"IOTHUB_CLIENT_CONFIRMATION_OK"
728,10823672129,10823672199,1,"IOTHUB_CLIENT_CONFIRMATION_OK"
729,10823672462,10823672494,1,"IOTHUB_CLIENT_CONFIRMATION_OK"
730,10823672795,10823672824,1,"IOTHUB_CLIENT_CONFIRMATION_OK"
731,10823673128,10823673205,1,"IOTHUB_CLIENT_CONFIRMATION_OK"
732,10823673462,10823673493,1,"IOTHUB_CLIENT_CONFIRMATION_OK"
733,10823673795,10823673825,1,"IOTHUB_CLIENT_CONFIRMATION_OK"
734,10823674128,10823674159,1,"IOTHUB_CLIENT_CONFIRMATION_OK"
735,10823674461,10823674494,1,"IOTHUB_CLIENT_CONFIRMATION_OK"
736,10823674794,10823674839,1,"IOTHUB_CLIENT_CONFIRMATION_OK"
737,10823675127,10823675160,1,"IOTHUB_CLIENT_CONFIRMATION_OK"
738,10823675461,10823675496,1,"IOTHUB_CLIENT_CONFIRMATION_OK"
739,10823675794,10823675825,1,"IOTHUB_CLIENT_CONFIRMATION_OK"
740,10823676127,10823676158,1,"IOTHUB_CLIENT_CONFIRMATION_OK"
741,10823676460,10823676495,1,"IOTHUB_CLIENT_CONFIRMATION_OK"
742,10823676793,10823676824,1,"IOTHUB_CLIENT_CONFIRMATION_OK"
743,10823677126,10823677157,1,"IOTHUB_CLIENT_CONFIRMATION_OK"
744,10823677460,10823677491,1,"IOTHUB_CLIENT_CONFIRMATION_OK"
745,10823677793,10823677846,1,"IOTHUB_CLIENT_CONFIRMATION_OK"
746,10823678126,10823678161,1,"IOTHUB_CLIENT_CONFIRMATION_OK"
747,10823678459,10823678491,1,"IOTHUB_CLIENT_CONFIRMATION_OK"
748,10823678792,10823678825,1,"IOTHUB_CLIENT_CONFIRMATION_OK"
749,10823679125,10823679156,1,"IOTHUB_CLIENT_CONFIRMATION_OK"
750,10823679459,10823679491,1,"IOTHUB_CLIENT_CONFIRMATION_OK"
751,10823679792,10823679961,1,"IOTHUB_CLIENT_CONFIRMATION_OK"
752,10823680125,10823680153,1,"IOTHUB_CLIENT_CONFIRMATION_OK"
753,10823680458,10823680494,1,"IOTHUB_CLIENT_CONFIRMATION_OK"
754,10823680791,10823680822,1,"IOTHUB_CLIENT_CONFIRMATION_OK"
755,10823681124,10823681156,1,"IOTHUB_CLIENT_CONFIRMATION_OK"
756,10823681458,10823681650,1,"IOTHUB_CLIENT_CONFIRMATION_OK"
757,10823681791,10823681829,1,"IOTHUB_CLIENT_CONFIRMATION_OK"
758,10823682124,10823682157,1,"IOTHUB_CLIENT_CONFIRMATION_OK"
759,10823682457,10823682486,1,"IOTHUB_CLIENT_CONFIRMATION_OK"
760,10823682790,10823682822,1,"IOTHUB_CLIENT_CONFIRMATION_OK"
761,10823683123,10823683261,1,"IOTHUB_CLIENT_CONFIRMATION_OK"
762,10823683456,10823683490,1,"IOTHUB_CLIENT_CONFIRMATION_OK"
763,10823683790,10823683844,1,"IOTHUB_CLIENT_CONFIRMATION_OK"
764,10823684123,10823684155,1,"IOTHUB_CLIENT_CONFIRMATION_OK"
765,10823684456,10823684487,1,"IOTHUB_CLIENT_CONFIRMATION_OK"
766,10823684789,10823684965,1,"IOTHUB_CLIENT_CONFIRMATION_OK"
767,10823685122,10823685153,1,"IOTHUB_CLIENT_CONFIRMATION_OK"
768,10823685455,10823685489,1,"IOTHUB_CLIENT_CONFIRMATION_OK"
769,10823685789,10823685818,1,"IOTHUB_CLIENT_CONFIRMATION_OK"
770,10823686122,10823686156,1,"IOTHUB_CLIENT_CONFIRMATION_OK"
771,10823686455,10823686612,1,"IOTHUB_CLIENT_CONFIRMATION_OK"
772,10823686788,10823686819,1,"IOTHUB_CLIENT_CONFIRMATION_OK"
773,10823687121,10823687153,1,"IOTHUB_CLIENT_CONFIRMATION_OK"
774,10823687454,10823687485,1,"IOTHUB_CLIENT_CONFIRMATION_OK"
775,10823687788,10823687818,1,"IOTHUB_CLIENT_CONFIRMATION_OK"
776,10823688121,10823688233,1,"IOTHUB_CLIENT_CONFIRMATION_OK"
777,10823688454,10823688496,1,"IOTHUB_CLIENT_CONFIRMATION_OK"
778,10823688787,10823688849,1,"IOTHUB_CLIENT_CONFIRMATION_OK"
779,10823689120,10823689158,1,"IOTHUB_CLIENT_CONFIRMATION_OK"
780,10823689453,10823689485,1,"IOTHUB_CLIENT_CONFIRMATION_OK"
781,10823689787,10823689870,1,"IOTHUB_CLIENT_CONFIRMATION_OK"
782,10823690120,10823690151,1,"IOTHUB_CLIENT_CONFIRMATION_OK"
783,10823690453,10823690485,1,"IOTHUB_CLIENT_CONFIRMATION_OK"
784,10823690786,10823690821,1,"IOTHUB_CLIENT_CONFIRMATION_OK"
785,10823691119,10823691151,1,"IOTHUB_CLIENT_CONFIRMATION_OK"
786,10823691452,10823691526,1,"IOTHUB_CLIENT_CONFIRMATION_OK"
787,10823691786,10823691817,1,"IOTHUB_CLIENT_CONFIRMATION_OK"
788,10823692119,10823692155,1,"IOTHUB_CLIENT_CONFIRMATION_OK"
789,10823692452,10823692483,1,"IOTHUB_CLIENT_CONFIRMATION_OK"
790,10823692785,10823692817,1,"IOTHUB_CLIENT_CONFIRMATION_OK"
791,10823693118,10823693151,1,"IOTHUB_CLIENT_CONFIRMATION_OK"
792,10823693451,10823693482,1,"IOTHUB_CLIENT_CONFIRMATION_OK"
793,10823693785,10823693817,1,"IOTHUB_CLIENT_CONFIRMATION_OK"
794,10823694118,10823694153,1,"IOTHUB_CLIENT_CONFIRMATION_OK"
795,10823694451,10823694479,1,"IOTHUB_CLIENT_CONFIRMATION_OK"
796,10823694784,10823694822,1,"IOTHUB_CLIENT_CONFIRMATION_OK"
797,10823695117,10823695170,1,"IOTHUB_CLIENT_CONFIRMATION_OK"
798,10823695450,10823695481,1,"IOTHUB_CLIENT_CONFIRMATION_OK"
799,10823695783,10823695817,1,"IOTHUB_CLIENT_CONFIRMATION_OK"
800,10823696117,10823696151,1,"IOTHUB_CLIENT_CONFIRMATION_OK"
801,10823696450,10823696610,1,"IOTHUB_CLIENT_CONFIRMATION_OK"
802,10823696783,10823696815,1,"IOTHUB_CLIENT_CONFIRMATION_OK"
803,10823697116,10823697149,1,"IOTHUB_CLIENT_CONFIRMATION_OK"
804,10823697449,10823697483,1,"IOTHUB_CLIENT_CONFIRMATION_OK"
805,10823697782,10823697813,1,"IOTHUB_CLIENT_CONFIRMATION_OK"
806,10823698116,10823698190,1,"IOTHUB_CLIENT_CONFIRMATION_OK"
807,10823698449,10823698481,1,"IOTHUB_CLIENT_CONFIRMATION_OK"
808,10823698782,10823698819,1,"IOTHUB_CLIENT_CONFIRMATION_OK"
809,10823699115,10823699149,1,"IOTHUB_CLIENT_CONFIRMATION_OK"
810,10823699448,10823699480,1,"IOTHUB_CLIENT_CONFIRMATION_OK"
811,10823699781,10823699815,1,"IOTHUB_CLIENT_CONFIRMATION_OK"
812,10823700115,10823700144,1,"IOTHUB_CLIENT_CONFIRMATION_OK"
813,10823700448,10823700481,1,"IOTHUB_CLIENT_CONFIRMATION_OK"
814,10823700781,10823700814,1,"IOTHUB_CLIENT_CONFIRMATION_OK"
815,10823701114,10823701173,1,"IOTHUB_CLIENT_CONFIRMATION_OK"
816,10823701447,10823701482,1,"IOTHUB_CLIENT_CONFIRMATION_OK"
817,10823701780,10823701813,1,"IOTHUB_CLIENT_CONFIRMATION_OK"
818,10823702114,10823702230,1,"IOTHUB_CLIENT_CONFIRMATION_OK"
819,10823702447,10823702475,1,"IOTHUB_CLIENT_CONFIRMATION_OK"
820,10823702780,10823702812,1,"IOTHUB_CLIENT_CONFIRMATION_OK"
821,10823703113,10823703251,1,"IOTHUB_CLIENT_CONFIRMATION_OK"
822,10823703446,10823703490,1,"IOTHUB_CLIENT_CONFIRMATION_OK"
823,10823703779,10823703907,1,"IOTHUB_CLIENT_CONFIRMATION_OK"
824,10823704113,10823704144,1,"IOTHUB_CLIENT_CONFIRMATION_OK"
825,10823704446,10823704481,1,"IOTHUB_CLIENT_CONFIRMATION_OK"
826,10823704779,10823704879,1,"IOTHUB_CLIENT_CONFIRMATION_OK"
827,10823705112,10823705147,1,"IOTHUB_CLIENT_CONFIRMATION_OK"
828,10823705445,10823705478,1,"IOTHUB_CLIENT_CONFIRMATION_OK"
829,10823705778,10823705808,1,"IOTHUB_CLIENT_CONFIRMATION_OK"
830,10823706112,10823706145,1,"IOTHUB_CLIENT_CONFIRMATION_OK"
831,10823706445,10823706487,1,"IOTHUB_CLIENT_CONFIRMATION_OK"
832,10823706778,10823706807,1,"IOTHUB_CLIENT_CONFIRMATION_OK"
833,10823707111,10823707145,1,"IOTHUB_CLIENT_CONFIRMATION_OK"
834,10823707444,10823707476,1,"IOTHUB_CLIENT_CONFIRMATION_OK"
835,10823707777,10823707809,1,"IOTHUB_CLIENT_CONFIRMATION_OK"
836,10823708111,10823708142,1,"IOTHUB_CLIENT_CONFIRMATION_OK"
837,10823708444,10823708475,1,"IOTHUB_CLIENT_CONFIRMATION_OK"
838,10823708777,10823708808,1,"IOTHUB_CLIENT_CONFIRMATION_OK"
839,10823709110,10823709143,1,"IOTHUB_CLIENT_CONFIRMATION_OK"
840,10823709443,10823709472,1,"IOTHUB_CLIENT_CONFIRMATION_OK"
841,10823709776,10823709913,1,"IOTHUB_CLIENT_CONFIRMATION_OK"
842,10823710110,10823710143,1,"IOTHUB_CLIENT_CONFIRMATION_OK"
843,10823710443,10823710471,1,"IOTHUB_CLIENT_CONFIRMATION_OK"
844,10823710776,10823710815,1,"IOTHUB_CLIENT_CONFIRMATION_OK"
845,10823711109,10823711158,1,"IOTHUB_CLIENT_CONFIRMATION_OK"
846,10823711442,10823711529,1,"IOTHUB_CLIENT_CONFIRMATION_OK"
847,10823711775,10823711807,1,"IOTHUB_CLIENT_CONFIRMATION_OK"
848,10823712109,10823712182,1,"IOTHUB_CLIENT_CONFIRMATION_OK"
849,10823712442,10823712471,1,"IOTHUB_CLIENT_CONFIRMATION_OK"
850,10823712775,10823712808,1,"IOTHUB_CLIENT_CONFIRMATION_OK"
851,10823713108,10823713147,1,"IOTHUB_CLIENT_CONFIRMATION_OK"
852,10823713441,10823713474,1,"IOTHUB_CLIENT_CONFIRMATION_OK"
853,10823713774,10823713819,1,"IOTHUB_CLIENT_CONFIRMATION_OK"
854,10823714108,10823714144,1,"IOTHUB_CLIENT_CONFIRMATION_OK"
855,10823714441,10823714472,1,"IOTHUB_CLIENT_CONFIRMATION_OK"
856,10823714774,10823714808,1,"IOTHUB_CLIENT_CONFIRMATION_OK"
857,10823715107,10823715139,1,"IOTHUB_CLIENT_CONFIRMATION_OK"
858,10823715440,10823715476,1,"IOTHUB_CLIENT_CONFIRMATION_OK"
859,10823715773,10823715807,1,"IOTHUB_CLIENT_CONFIRMATION_OK"
860,10823716107,10823716137,1,"IOTHUB_CLIENT_CONFIRMATION_OK"
861,10823716440,10823716471,1,"IOTHUB_CLIENT_CONFIRMATION_OK"
862,10823716773,10823716825,1,"IOTHUB_CLIENT_CONFIRMATION_OK"
863,10823717106,10823717139,1,"IOTHUB_CLIENT_CONFIRMATION_OK"
864,10823717439,10823717476,1,"IOTHUB_CLIENT_CONFIRMATION_OK"
865,10823717772,10823717803,1,"IOTHUB_CLIENT_CONFIRMATION_OK"
866,10823718106,10823718235,1,"IOTHUB_CLIENT_CONFIRMATION_OK"
867,10823718439,10823718470,1,"IOTHUB_CLIENT_CONFIRMATION_OK"
868,10823718772,10823718804,1,"IOTHUB_CLIENT_CONFIRMATION_OK"
869,10823719105,10823719136,1,"IOTHUB_CLIENT_CONFIRMATION_OK"
870,10823719438,10823719472,1,"IOTHUB_CLIENT_CONFIRMATION_OK"
871,10823719771,10823719985,1,"IOTHUB_CLIENT_CONFIRMATION_OK"
872,10823720105,10823720135,1,"IOTHUB_CLIENT_CONFIRMATION_OK"
873,10823720438,10823720470,1,"IOTHUB_CLIENT_CONFIRMATION_OK"
874,10823720771,10823720800,1,"IOTHUB_CLIENT_CONFIRMATION_OK"
875,10823721104,10823721138,1,"IOTHUB_CLIENT_CONFIRMATION_OK"
876,10823721437,10823721471,1,"IOTHUB_CLIENT_CONFIRMATION_OK"
877,10823721770,10823721799,1,"IOTHUB_CLIENT_CONFIRMATION_OK"
878,10823722103,10823722136,1,"IOTHUB_CLIENT_CONFIRMATION_OK"
879,10823722437,10823722468,1,"IOTHUB_CLIENT_CONFIRMATION_OK"
880,10823722770,10823722825,1,"IOTHUB_CLIENT_CONFIRMATION_OK"
881,10823723103,10823723132,1,"IOTHUB_CLIENT_CONFIRMATION_OK"
882,10823723436,10823723470,1,"IOTHUB_CLIENT_CONFIRMATION_OK"
883,10823723769,10823723813,1,"IOTHUB_CLIENT_CONFIRMATION_OK"
884,10823724102,10823724133,1,"IOTHUB_CLIENT_CONFIRMATION_OK"
885,10823724436,10823724467,1,"IOTHUB_CLIENT_CONFIRMATION_OK"
886,10823724769,10823724888,1,"IOTHUB_CLIENT_CONFIRMATION_OK"
887,10823725102,10823725133,1,"IOTHUB_CLIENT_CONFIRMATION_OK"
888,10823725435,10823725476,1,"IOTHUB_CLIENT_CONFIRMATION_OK"
889,10823725768,10823725812,1,"IOTHUB_CLIENT_CONFIRMATION_OK"
890,10823726101,10823726146,1,"IOTHUB_CLIENT_CONFIRMATION_OK"
891,10823726435,10823726504,1,"IOTHUB_CLIENT_CONFIRMATION_OK"
892,10823726768,10823726800,1,"IOTHUB_CLIENT_CONFIRMATION_OK"
893,10823727101,10823727137,1,"IOTHUB_CLIENT_CONFIRMATION_OK"
894,10823727434,10823727466,1,"IOTHUB_CLIENT_CONFIRMATION_OK"
895,10823727767,10823727807,1,"IOTHUB_CLIENT_CONFIRMATION_OK"
896,10823728100,10823728138,1,"IOTHUB_CLIENT_CONFIRMATION_OK"
897,10823728434,10823728465,1,"IOTHUB_CLIENT_CONFIRMATION_OK"
898,10823728767,10823728798,1,"IOTHUB_CLIENT_CONFIRMATION_OK"
899,10823729100,10823729180,1,"IOTHUB_CLIENT_CONFIRMATION_OK"
