Message ID,Send Time,Receive Time,Status,Error
0,10823430275,10823430631,1,"IOTHUB_CLIENT_CONFIRMATION_OK"
1,10823430608,10823430654,1,"IOTHUB_CLIENT_CONFIRMATION_OK"
2,10823430941,10823430986,1,"IOTHUB_CLIENT_CONFIRMATION_OK"
3,10823431274,10823431310,1,"IOTHUB_CLIENT_CONFIRMATION_OK"
4,10823431607,10823431642,1,"IOTHUB_CLIENT_CONFIRMATION_OK"
5,10823431941,10823431975,1,"IOTHUB_CLIENT_CONFIRMATION_OK"
6,10823432274,10823432311,1,"IOTHUB_CLIENT_CONFIRMATION_OK"
7,10823432607,10823432636,1,"IOTHUB_CLIENT_CONFIRMATION_OK"
8,10823432940,10823432992,1,"IOTHUB_CLIENT_CONFIRMATION_OK"
9,10823433273,10823433306,1,"IOTHUB_CLIENT_CONFIRMATION_OK"
10,10823433606,10823433636,1,"IOTHUB_CLIENT_CONFIRMATION_OK"
11,10823433940,10823433970,1,"IOTHUB_CLIENT_CONFIRMATION_OK"
12,10823434273,10823434306,1,"IOTHUB_CLIENT_CONFIRMATION_OK"
13,10823434606,10823434645,1,"IOTHUB_CLIENT_CONFIRMATION_OK"
14,10823434939,10823434971,1,"IOTHUB_CLIENT_CONFIRMATION_OK"
15,10823435272,10823435306,1,"IOTHUB_CLIENT_CONFIRMATION_OK"
16,10823435605,10823435637,1,"IOTHUB_CLIENT_CONFIRMATION_OK"
17,10823435939,10823435972,1,"IOTHUB_CLIENT_CONFIRMATION_OK"
18,10823436272,10823436305,1,"IOTHUB_CLIENT_CONFIRMATION_OK"
19,10823436605,10823436633,1,"IOTHUB_CLIENT_CONFIRMATION_OK"
20,10823436938,10823436970,1,"IOTHUB_CLIENT_CONFIRMATION_OK"
21,10823437271,10823437300,1,"IOTHUB_CLIENT_CONFIRMATION_OK"
22,10823437604,10823437636,1,"IOTHUB_CLIENT_CONFIRMATION_OK"
23,10823437938,10823437969,1,"IOTHUB_CLIENT_CONFIRMATION_OK"
24,10823438271,10823438380,1,"IOTHUB_CLIENT_CONFIRMATION_OK"
25,10823438604,10823438632,1,"IOTHUB_CLIENT_CONFIRMATION_OK"
26,10823438937,10823438970,1,"IOTHUB_CLIENT_CONFIRMATION_OK"
27,10823439270,10823439299,1,"IOTHUB_CLIENT_CONFIRMATION_OK"
28,10823439603,10823439633,1,"IOTHUB_CLIENT_CONFIRMATION_OK"
29,10823439936,10823439968,1,"IOTHUB_CLIENT_CONFIRMATION_OK"
30,10823440270,10823440304,1,"IOTHUB_CLIENT_CONFIRMATION_OK"
31,10823440603,10823440684,1,"IOTHUB_CLIENT_CONFIRMATION_OK"
32,10823440936,10823440966,1,"IOTHUB_CLIENT_CONFIRMATION_OK"
33,10823441269,10823441301,1,"IOTHUB_CLIENT_CONFIRMATION_OK"
34,10823441602,10823441645,1,"IOTHUB_CLIENT_CONFIRMATION_OK"
35,10823441935,10823441967,1,"IOTHUB_CLIENT_CONFIRMATION_OK"
36,10823442269,10823442302,1,"IOTHUB_CLIENT_CONFIRMATION_OK"
37,10823442602,10823442631,1,"IOTHUB_CLIENT_CONFIRMATION_OK"
38,10823442935,10823442963,1,"IOTHUB_CLIENT_CONFIRMATION_OK"
39,10823443268,10823443299,1,"IOTHUB_CLIENT_CONFIRMATION_OK"
40,10823443601,10823443634,1,"IOTHUB_CLIENT_CONFIRMATION_OK"
41,10823443934,10823443966,1,"IOTHUB_CLIENT_CONFIRMATION_OK"
42,10823444268,10823444296,1,"IOTHUB_CLIENT_CONFIRMATION_OK"
43,10823444601,10823444645,1,"IOTHUB_CLIENT_CONFIRMATION_OK"
44,10823444934,10823445081,1,"IOTHUB_CLIENT_CONFIRMATION_OK"
45,10823445267,10823445300,1,"IOTHUB_CLIENT_CONFIRMATION_OK"
46,10823445600,10823445692,1,"IOTHUB_CLIENT_CONFIRMATION_OK"
47,10823445933,10823446002,1,"IOTHUB_CLIENT_CONFIRMATION_OK"
48,10823446266,10823446307,1,"IOTHUB_CLIENT_CONFIRMATION_OK"
49,10823446600,10823446629,1,"IOTHUB_CLIENT_CONFIRMATION_OK"
50,10823446933,10823447031,1,"IOTHUB_CLIENT_CONFIRMATION_OK"
51,10823447266,10823447295,1,"IOTHUB_CLIENT_CONFIRMATION_OK"
52,10823447599,10823447654,1,"IOTHUB_CLIENT_CONFIRMATION_OK"
53,10823447932,10823447965,1,"IOTHUB_CLIENT_CONFIRMATION_OK"
54,10823448265,10823448328,1,"IOTHUB_CLIENT_CONFIRMATION_OK"
55,10823448599,10823448630,1,"IOTHUB_CLIENT_CONFIRMATION_OK"
56,10823448932,10823448983,1,"IOTHUB_CLIENT_CONFIRMATION_OK"
57,10823449265,10823449299,1,"IOTHUB_CLIENT_CONFIRMATION_OK"
58,10823449598,10823449629,1,"IOTHUB_CLIENT_CONFIRMATION_OK"
59,10823449931,10823449959,1,"IOTHUB_CLIENT_CONFIRMATION_OK"
60,10823450264,10823450301,1,"IOTHUB_CLIENT_CONFIRMATION_OK"
61,10823450598,10823450643,1,"IOTHUB_CLIENT_CONFIRMATION_OK"
62,10823450931,10823450965,1,"IOTHUB_CLIENT_CONFIRMATION_OK"
63,10823451264,10823451296,1,"IOTHUB_CLIENT_CONFIRMATION_OK"
64,10823451597,10823451630,1,"IOTHUB_CLIENT_CONFIRMATION_OK"
65,10823451930,10823451958,1,"IOTHUB_CLIENT_CONFIRMATION_OK"
66,10823452263,10823452294,1,"IOTHUB_CLIENT_CONFIRMATION_OK"
67,10823452596,10823452625,1,"IOTHUB_CLIENT_CONFIRMATION_OK"
68,10823452930,10823452958,1,"IOTHUB_CLIENT_CONFIRMATION_OK"
69,10823453263,10823453326,1,"IOTHUB_CLIENT_CONFIRMATION_OK"
70,10823453596,10823453707,1,"IOTHUB_CLIENT_CONFIRMATION_OK"
71,10823453929,10823453962,1,"IOTHUB_CLIENT_CONFIRMATION_OK"
72,10823454262,10823454292,1,"IOTHUB_CLIENT_CONFIRMATION_OK"
73,10823454595,10823454630,1,"IOTHUB_CLIENT_CONFIRMATION_OK"
74,10823454929,10823454963,1,"IOTHUB_CLIENT_CONFIRMATION_OK"
75,10823455262,10823455293,1,"IOTHUB_CLIENT_CONFIRMATION_OK"
76,10823455595,10823455623,1,"IOTHUB_CLIENT_CONFIRMATION_OK"
77,10823455928,10823455991,1,"IOTHUB_CLIENT_CONFIRMATION_OK"
78,10823456261,10823456294,1,"IOTHUB_CLIENT_CONFIRMATION_OK"
79,10823456594,10823456623,1,"IOTHUB_CLIENT_CONFIRMATION_OK"
80,10823456928,10823456965,1,"IOTHUB_CLIENT_CONFIRMATION_OK"
81,10823457261,10823457295,1,"IOTHUB_CLIENT_CONFIRMATION_OK"
82,10823457594,10823457623,1,"IOTHUB_CLIENT_CONFIRMATION_OK"
83,10823457927,10823457959,1,"IOTHUB_CLIENT_CONFIRMATION_OK"
84,10823458260,10823458293,1,"IOTHUB_CLIENT_CONFIRMATION_OK"
85,10823458593,10823458624,1,"IOTHUB_CLIENT_CONFIRMATION_OK"
86,10823458927,10823458955,1,"IOTHUB_CLIENT_CONFIRMATION_OK"
87,10823459260,10823459293,1,"IOTHUB_CLIENT_CONFIRMATION_OK"
88,10823459593,10823459621,1,"IOTHUB_CLIENT_CONFIRMATION_OK"
89,10823459926,10823459958,1,"IOTHUB_CLIENT_CONFIRMATION_OK"
90,10823460259,10823460449,1,"IOTHUB_CLIENT_CONFIRMATION_OK"
91,10823460592,10823460636,1,"IOTHUB_CLIENT_CONFIRMATION_OK"
92,10823460925,10823461065,1,"IOTHUB_CLIENT_CONFIRMATION_OK"
93,10823461259,10823461293,1,"IOTHUB_CLIENT_CONFIRMATION_OK"
94,10823461592,10823461672,1,"IOTHUB_CLIENT_CONFIRMATION_OK"
95,10823461925,10823461959,1,"IOTHUB_CLIENT_CONFIRMATION_OK"
96,10823462258,10823462290,1,"IOTHUB_CLIENT_CONFIRMATION_OK"
97,10823462591,10823462623,1,"IOTHUB_CLIENT_CONFIRMATION_OK"
98,10823462924,10823462956,1,"IOTHUB_CLIENT_CONFIRMATION_OK"
99,10823463258,10823463291,1,"IOTHUB_CLIENT_CONFIRMATION_OK"
100,10823463591,10823463619,1,"IOTHUB_CLIENT_CONFIRMATION_OK"
101,10823463924,10823463956,1,"IOTHUB_CLIENT_CONFIRMATION_OK"
102,10823464257,10823464285,1,"IOTHUB_CLIENT_CONFIRMATION_OK"
103,10823464590,10823464618,1,"IOTHUB_CLIENT_CONFIRMATION_OK"
104,10823464923,10823464954,1,"IOTHUB_CLIENT_CONFIRMATION_OK"
105,10823465257,10823465289,1,"IOTHUB_CLIENT_CONFIRMATION_OK"
106,10823465590,10823465622,1,"IOTHUB_CLIENT_CONFIRMATION_OK"
107,10823465923,10823465956,1,"IOTHUB_CLIENT_CONFIRMATION_OK"
108,10823466256,10823466291,1,"IOTHUB_CLIENT_CONFIRMATION_OK"
109,10823466589,10823466619,1,"IOTHUB_CLIENT_CONFIRMATION_OK"
110,10823466922,10823466999,1,"IOTHUB_CLIENT_CONFIRMATION_OK"
111,10823467256,10823467288,1,"IOTHUB_CLIENT_CONFIRMATION_OK"
112,10823467589,10823467618,1,"IOTHUB_CLIENT_CONFIRMATION_OK"
113,10823467922,10823467954,1,"IOTHUB_CLIENT_CONFIRMATION_OK"
114,10823468255,10823468369,1,"IOTHUB_CLIENT_CONFIRMATION_OK"
115,10823468588,10823468798,1,"IOTHUB_CLIENT_CONFIRMATION_OK"
116,10823468921,10823468957,1,"IOTHUB_CLIENT_CONFIRMATION_OK"
117,10823469254,10823469399,1,"IOTHUB_CLIENT_CONFIRMATION_OK"
118,10823469588,10823469616,1,"IOTHUB_CLIENT_CONFIRMATION_OK"
119,10823469921,10823470010,1,"IOTHUB_CLIENT_CONFIRMATION_OK"
120,10823470254,10823470282,1,"IOTHUB_CLIENT_CONFIRMATION_OK"
121,10823470587,10823470621,1,"IOTHUB_CLIENT_CONFIRMATION_OK"
122,10823470920,10823470949,1,"IOTHUB_CLIENT_CONFIRMATION_OK"
123,10823471253,10823471286,1,"IOTHUB_CLIENT_CONFIRMATION_OK"
124,10823471586,10823471616,1,"IOTHUB_CLIENT_CONFIRMATION_OK"
125,10823471920,10823471947,1,"IOTHUB_CLIENT_CONFIRMATION_OK"
126,10823472253,10823472286,1,"IOTHUB_CLIENT_CONFIRMATION_OK"
127,10823472586,10823472618,1,"IOTHUB_CLIENT_CONFIRMATION_OK"
128,10823472919,10823472962,1,"IOTHUB_CLIENT_CONFIRMATION_OK"
129,10823473252,10823473285,1,"IOTHUB_CLIENT_CONFIRMATION_OK"
130,10823473585,10823473619,1,"IOTHUB_CLIENT_CONFIRMATION_OK"
131,10823473919,10823473948,1,"IOTHUB_CLIENT_CONFIRMATION_OK"
132,10823474252,10823474280,1,"IOTHUB_CLIENT_CONFIRMATION_OK"
133,10823474585,10823474742,1,"IOTHUB_CLIENT_CONFIRMATION_OK"
134,10823474918,10823474946,1,"IOTHUB_CLIENT_CONFIRMATION_OK"
135,10823475251,10823475280,1,"IOTHUB_CLIENT_CONFIRMATION_OK"
136,10823475584,10823475622,1,"IOTHUB_CLIENT_CONFIRMATION_OK"
137,10823475918,10823475949,1,"IOTHUB_CLIENT_CONFIRMATION_OK"
138,10823476251,10823476284,1,"IOTHUB_CLIENT_CONFIRMATION_OK"
139,10823476584,10823476612,1,"IOTHUB_CLIENT_CONFIRMATION_OK"
140,10823476917,10823476985,1,"IOTHUB_CLIENT_CONFIRMATION_OK"
141,10823477250,10823477289,1,"IOTHUB_CLIENT_CONFIRMATION_OK"
142,10823477583,10823477611,1,"IOTHUB_CLIENT_CONFIRMATION_OK"
143,10823477916,10823477951,1,"IOTHUB_CLIENT_CONFIRMATION_OK"
144,10823478250,10823478283,1,"IOTHUB_CLIENT_CONFIRMATION_OK"
145,10823478583,10823478610,1,"IOTHUB_CLIENT_CONFIRMATION_OK"
146,10823478916,10823479025,1,"IOTHUB_CLIENT_CONFIRMATION_OK"
147,10823479249,10823479297,1,"IOTHUB_CLIENT_CONFIRMATION_OK"
148,10823479582,10823479640,1,"IOTHUB_CLIENT_CONFIRMATION_OK"
149,10823479915,10823479947,1,"IOTHUB_CLIENT_CONFIRMATION_OK"
150,10823480249,10823480282,1,"IOTHUB_CLIENT_CONFIRMATION_OK"
151,10823480582,10823480613,1,"IOTHUB_CLIENT_CONFIRMATION_OK"
152,10823480915,10823480944,1,"IOTHUB_CLIENT_CONFIRMATION_OK"
153,10823481248,10823481278,1,"IOTHUB_CLIENT_CONFIRMATION_OK"
154,10823481581,10823481613,1,"IOTHUB_CLIENT_CONFIRMATION_OK"
155,10823481914,10823481944,1,"IOTHUB_CLIENT_CONFIRMATION_OK"
156,10823482247,10823482276,1,"IOTHUB_CLIENT_CONFIRMATION_OK"
157,10823482581,10823482609,1,"IOTHUB_CLIENT_CONFIRMATION_OK"
158,10823482914,10823482949,1,"IOTHUB_CLIENT_CONFIRMATION_OK"
159,10823483247,10823483275,1,"IOTHUB_CLIENT_CONFIRMATION_OK"
160,10823483580,10823483635,1,"IOTHUB_CLIENT_CONFIRMATION_OK"
161,10823483913,10823484161,1,"IOTHUB_CLIENT_CONFIRMATION_OK"
162,10823484246,10823484274,1,"IOTHUB_CLIENT_CONFIRMATION_OK"
163,10823484579,10823484614,1,"IOTHUB_CLIENT_CONFIRMATION_OK"
164,10823484913,10823484942,1,"IOTHUB_CLIENT_CONFIRMATION_OK"
165,10823485246,10823485396,1,"IOTHUB_CLIENT_CONFIRMATION_OK"
166,10823485579,10823485609,1,"IOTHUB_CLIENT_CONFIRMATION_OK"
167,10823485912,10823486011,1,"IOTHUB_CLIENT_CONFIRMATION_OK"
168,10823486245,10823486273,1,"IOTHUB_CLIENT_CONFIRMATION_OK"
169,10823486578,10823486619,1,"IOTHUB_CLIENT_CONFIRMATION_OK"
170,10823486912,10823486946,1,"IOTHUB_CLIENT_CONFIRMATION_OK"
171,10823487245,10823487274,1,"IOTHUB_CLIENT_CONFIRMATION_OK"
172,10823487578,10823487610,1,"IOTHUB_CLIENT_CONFIRMATION_OK"
173,10823487911,10823487940,1,"IOTHUB_CLIENT_CONFIRMATION_OK"
174,10823488244,10823488273,1,"IOTHUB_CLIENT_CONFIRMATION_OK"
175,10823488577,10823488606,1,"IOTHUB_CLIENT_CONFIRMATION_OK"
176,10823488911,10823488940,1,"IOTHUB_CLIENT_CONFIRMATION_OK"
177,10823489244,10823489272,1,"IOTHUB_CLIENT_CONFIRMATION_OK"
178,10823489577,10823489607,1,"IOTHUB_CLIENT_CONFIRMATION_OK"
179,10823489910,10823489942,1,"IOTHUB_CLIENT_CONFIRMATION_OK"
180,10823490243,10823490279,1,"IOTHUB_CLIENT_CONFIRMATION_OK"
181,10823490576,10823490612,1,"IOTHUB_CLIENT_CONFIRMATION_OK"
182,10823490910,10823490942,1,"IOTHUB_CLIENT_CONFIRMATION_OK"
183,10823491243,10823491272,1,"IOTHUB_CLIENT_CONFIRMATION_OK"
184,10823491576,10823491614,1,"IOTHUB_CLIENT_CONFIRMATION_OK"
185,10823491909,10823491937,1,"IOTHUB_CLIENT_CONFIRMATION_OK"
186,10823492242,10823492270,1,"IOTHUB_CLIENT_CONFIRMATION_OK"
187,10823492575,10823492604,1,"IOTHUB_CLIENT_CONFIRMATION_OK"
188,10823492909,10823492943,1,"IOTHUB_CLIENT_CONFIRMATION_OK"
189,10823493242,10823493270,1,"IOTHUB_CLIENT_CONFIRMATION_OK"
190,10823493575,10823493608,1,"IOTHUB_CLIENT_CONFIRMATION_OK"
191,10823493908,10823493957,1,"IOTHUB_CLIENT_CONFIRMATION_OK"
192,10823494241,10823494269,1,"IOTHUB_CLIENT_CONFIRMATION_OK"
193,10823494574,10823494607,1,"IOTHUB_CLIENT_CONFIRMATION_OK"
194,10823494908,10823495024,1,"IOTHUB_CLIENT_CONFIRMATION_OK"
195,10823495241,10823495274,1,"IOTHUB_CLIENT_CONFIRMATION_OK"
196,10823495574,10823495648,1,"IOTHUB_CLIENT_CONFIRMATION_OK"
197,10823495907,10823495941,1,"IOTHUB_CLIENT_CONFIRMATION_OK"
198,10823496240,10823496274,1,"IOTHUB_CLIENT_CONFIRMATION_OK"
199,10823496573,10823496606,1,"IOTHUB_CLIENT_CONFIRMATION_OK"
200,10823496907,10823496957,1,"IOTHUB_CLIENT_CONFIRMATION_OK"
201,10823497240,10823497269,1,"IOTHUB_CLIENT_CONFIRMATION_OK"
202,10823497573,10823497609,1,"IOTHUB_CLIENT_CONFIRMATION_OK"
203,10823497906,10823497934,1,"IOTHUB_CLIENT_CONFIRMATION_OK"
204,10823498239,10823498271,1,"IOTHUB_CLIENT_CONFIRMATION_OK"
205,10823498572,10823498606,1,"IOTHUB_CLIENT_CONFIRMATION_OK"
206,10823498906,10823499222,1,"IOTHUB_CLIENT_CONFIRMATION_OK"
207,10823499239,10823499267,1,"IOTHUB_CLIENT_CONFIRMATION_OK"
208,10823499572,10823499600,1,"IOTHUB_CLIENT_CONFIRMATION_OK"
209,10823499905,10823499940,1,"IOTHUB_CLIENT_CONFIRMATION_OK"
210,10823500238,10823500271,1,"IOTHUB_CLIENT_CONFIRMATION_OK"
211,10823500571,10823500599,1,"IOTHUB_CLIENT_CONFIRMATION_OK"
212,10823500904,10823500936,1,"IOTHUB_CLIENT_CONFIRMATION_OK"
213,10823501238,10823501266,1,"IOTHUB_CLIENT_CONFIRMATION_OK"
214,10823501571,10823501600,1,"IOTHUB_CLIENT_CONFIRMATION_OK"
215,10823501904,10823501937,1,"IOTHUB_CLIENT_CONFIRMATION_OK"
216,10823502237,10823502270,1,"IOTHUB_CLIENT_CONFIRMATION_OK"
217,10823502570,10823502598,1,"IOTHUB_CLIENT_CONFIRMATION_OK"
218,10823502903,10823502961,1,"IOTHUB_CLIENT_CONFIRMATION_OK"
219,10823503237,10823503362,1,"IOTHUB_CLIENT_CONFIRMATION_OK"
220,10823503570,10823503598,1,"IOTHUB_CLIENT_CONFIRMATION_OK"
221,10823503903,10823503969,1,"IOTHUB_CLIENT_CONFIRMATION_OK"
222,10823504236,10823504265,1,"IOTHUB_CLIENT_CONFIRMATION_OK"
223,10823504569,10823504605,1,"IOTHUB_CLIENT_CONFIRMATION_OK"
224,10823504902,10823504934,1,"IOTHUB_CLIENT_CONFIRMATION_OK"
225,10823505236,10823505269,1,"IOTHUB_CLIENT_CONFIRMATION_OK"
226,10823505569,10823505598,1,"IOTHUB_CLIENT_CONFIRMATION_OK"
227,10823505902,10823505934,1,"IOTHUB_CLIENT_CONFIRMATION_OK"
228,10823506235,10823506263,1,"IOTHUB_CLIENT_CONFIRMATION_OK"
229,10823506568,10823506597,1,"IOTHUB_CLIENT_CONFIRMATION_OK"
230,10823506901,10823506932,1,"IOTHUB_CLIENT_CONFIRMATION_OK"
231,10823507234,10823507269,1,"IOTHUB_CLIENT_CONFIRMATION_OK"
232,10823507568,10823507607,1,"IOTHUB_CLIENT_CONFIRMATION_OK"
233,10823507901,10823507929,1,"IOTHUB_CLIENT_CONFIRMATION_OK"
234,10823508234,10823508267,1,"IOTHUB_CLIENT_CONFIRMATION_OK"
235,10823508567,10823508596,1,"IOTHUB_CLIENT_CONFIRMATION_OK"
236,10823508900,10823508928,1,"IOTHUB_CLIENT_CONFIRMATION_OK"
237,10823509233,10823509266,1,"IOTHUB_CLIENT_CONFIRMATION_OK"
238,10823509567,10823509663,1,"IOTHUB_CLIENT_CONFIRMATION_OK"
239,10823509900,10823509933,1,"IOTHUB_CLIENT_CONFIRMATION_OK"
240,10823510233,10823510273,1,"IOTHUB_CLIENT_CONFIRMATION_OK"
241,10823510566,10823510602,1,"IOTHUB_CLIENT_CONFIRMATION_OK"
242,10823510899,10823511008,1,"IOTHUB_CLIENT_CONFIRMATION_OK"
243,10823511232,10823511262,1,"IOTHUB_CLIENT_CONFIRMATION_OK"
244,10823511566,10823511596,1,"IOTHUB_CLIENT_CONFIRMATION_OK"
245,10823511899,10823511956,1,"IOTHUB_CLIENT_CONFIRMATION_OK"
246,10823512232,10823512260,1,"IOTHUB_CLIENT_CONFIRMATION_OK"
247,10823512565,10823512593,1,"IOTHUB_CLIENT_CONFIRMATION_OK"
248,10823512898,10823512931,1,"IOTHUB_CLIENT_CONFIRMATION_OK"
249,10823513231,10823513259,1,"IOTHUB_CLIENT_CONFIRMATION_OK"
250,10823513564,10823513644,1,"IOTHUB_CLIENT_CONFIRMATION_OK"
251,10823513898,10823513926,1,"IOTHUB_CLIENT_CONFIRMATION_OK"
252,10823514231,10823514258,1,"IOTHUB_CLIENT_CONFIRMATION_OK"
253,10823514564,10823514593,1,"IOTHUB_CLIENT_CONFIRMATION_OK"
254,10823514897,10823514925,1,"IOTHUB_CLIENT_CONFIRMATION_OK"
255,10823515230,10823515258,1,"IOTHUB_CLIENT_CONFIRMATION_OK"
256,10823515563,10823515592,1,"IOTHUB_CLIENT_CONFIRMATION_OK"
257,10823515897,10823515925,1,"IOTHUB_CLIENT_CONFIRMATION_OK"
258,10823516230,10823516260,1,"IOTHUB_CLIENT_CONFIRMATION_OK"
259,10823516563,10823516591,1,"IOTHUB_CLIENT_CONFIRMATION_OK"
260,10823516896,10823516939,1,"IOTHUB_CLIENT_CONFIRMATION_OK"
261,10823517229,10823517387,1,"IOTHUB_CLIENT_CONFIRMATION_OK"
262,10823517562,10823517594,1,"IOTHUB_CLIENT_CONFIRMATION_OK"
263,10823517896,10823518001,1,"IOTHUB_CLIENT_CONFIRMATION_OK"
264,10823518229,10823518267,1,"IOTHUB_CLIENT_CONFIRMATION_OK"
265,10823518562,10823518620,1,"IOTHUB_CLIENT_CONFIRMATION_OK"
266,10823518895,10823518927,1,"IOTHUB_CLIENT_CONFIRMATION_OK"
267,10823519228,10823519261,1,"IOTHUB_CLIENT_CONFIRMATION_OK"
268,10823519561,10823519589,1,"IOTHUB_CLIENT_CONFIRMATION_OK"
269,10823519894,10823519923,1,"IOTHUB_CLIENT_CONFIRMATION_OK"
270,10823520228,10823520260,1,"IOTHUB_CLIENT_CONFIRMATION_OK"
271,10823520561,10823520592,1,"IOTHUB_CLIENT_CONFIRMATION_OK"
272,10823520894,10823520930,1,"IOTHUB_CLIENT_CONFIRMATION_OK"
273,10823521227,10823521262,1,"IOTHUB_CLIENT_CONFIRMATION_OK"
274,10823521560,10823521590,1,"IOTHUB_CLIENT_CONFIRMATION_OK"
275,10823521893,10823521923,1,"IOTHUB_CLIENT_CONFIRMATION_OK"
276,10823522227,10823522277,1,"IOTHUB_CLIENT_CONFIRMATION_OK"
277,10823522560,10823522590,1,"IOTHUB_CLIENT_CONFIRMATION_OK"
278,10823522893,10823522923,1,"IOTHUB_CLIENT_CONFIRMATION_OK"
279,10823523226,10823523255,1,"IOTHUB_CLIENT_CONFIRMATION_OK"
280,10823523559,10823523588,1,"IOTHUB_CLIENT_CONFIRMATION_OK"
281,10823523892,10823523924,1,"IOTHUB_CLIENT_CONFIRMATION_OK"
282,10823524226,10823524252,1,"IOTHUB_CLIENT_CONFIRMATION_OK"
283,10823524559,10823524587,1,"IOTHUB_CLIENT_CONFIRMATION_OK"
284,10823524892,10823524997,1,"IOTHUB_CLIENT_CONFIRMATION_OK"
285,10823525225,10823525254,1,"IOTHUB_CLIENT_CONFIRMATION_OK"
286,10823525558,10823525602,1,"IOTHUB_CLIENT_CONFIRMATION_OK"
287,10823525891,10823525931,1,"IOTHUB_CLIENT_CONFIRMATION_OK"
288,10823526225,10823526341,1,"IOTHUB_CLIENT_CONFIRMATION_OK"
289,10823526558,10823526586,1,"IOTHUB_CLIENT_CONFIRMATION_OK"
290,10823526891,10823526920,1,"IOTHUB_CLIENT_CONFIRMATION_OK"
291,10823527224,10823527253,1,"IOTHUB_CLIENT_CONFIRMATION_OK"
292,10823527557,10823527589,1,"IOTHUB_CLIENT_CONFIRMATION_OK"
293,10823527890,10823527919,1,"IOTHUB_CLIENT_CONFIRMATION_OK"
294,10823528224,10823528260,1,"IOTHUB_CLIENT_CONFIRMATION_OK"
295,10823528557,10823528587,1,"IOTHUB_CLIENT_CONFIRMATION_OK"
296,10823528890,10823528922,1,"IOTHUB_CLIENT_CONFIRMATION_OK"
297,10823529223,10823529252,1,"IOTHUB_CLIENT_CONFIRMATION_OK"
298,10823529556,10823529585,1,"IOTHUB_CLIENT_CONFIRMATION_OK"
299,10823529889,10823529920,1,"IOTHUB_CLIENT_CONFIRMATION_OK"
300,10823530222,10823530268,1,"IOTHUB_CLIENT_CONFIRMATION_OK"
301,10823530556,10823530590,1,"IOTHUB_CLIENT_CONFIRMATION_OK"
302,10823530889,10823530917,1,"IOTHUB_CLIENT_CONFIRMATION_OK"
303,10823531222,10823531252,1,"IOTHUB_CLIENT_CONFIRMATION_OK"
304,10823531555,10823531607,1,"IOTHUB_CLIENT_CONFIRMATION_OK"
305,10823531888,10823531923,1,"IOTHUB_CLIENT_CONFIRMATION_OK"
306,10823532221,10823532249,1,"IOTHUB_CLIENT_CONFIRMATION_OK"
307,10823532555,10823532591,1,"IOTHUB_CLIENT_CONFIRMATION_OK"
308,10823532888,10823532922,1,"IOTHUB_CLIENT_CONFIRMATION_OK"
309,10823533221,10823533317,1,"IOTHUB_CLIENT_CONFIRMATION_OK"
310,10823533554,10823533589,1,"IOTHUB_CLIENT_CONFIRMATION_OK"
311,10823533887,10823533921,1,"IOTHUB_CLIENT_CONFIRMATION_OK"
312,10823534220,10823534254,1,"IOTHUB_CLIENT_CONFIRMATION_OK"
313,10823534554,10823534595,1,"IOTHUB_CLIENT_CONFIRMATION_OK"
314,10823534887,10823534921,1,"IOTHUB_CLIENT_CONFIRMATION_OK"
315,10823535220,10823535248,1,"IOTHUB_CLIENT_CONFIRMATION_OK"
316,10823535553,10823535592,1,"IOTHUB_CLIENT_CONFIRMATION_OK"
317,10823535886,10823535949,1,"IOTHUB_CLIENT_CONFIRMATION_OK"
318,10823536219,10823536247,1,"IOTHUB_CLIENT_CONFIRMATION_OK"
319,10823536552,10823536580,1,"IOTHUB_CLIENT_CONFIRMATION_OK"
320,10823536886,10823536913,1,"IOTHUB_CLIENT_CONFIRMATION_OK"
321,10823537219,10823537250,1,"IOTHUB_CLIENT_CONFIRMATION_OK"
322,10823537552,10823537580,1,"IOTHUB_CLIENT_CONFIRMATION_OK"
323,10823537885,10823537913,1,"IOTHUB_CLIENT_CONFIRMATION_OK"
324,10823538218,10823538247,1,"IOTHUB_CLIENT_CONFIRMATION_OK"
325,10823538551,10823538579,1,"IOTHUB_CLIENT_CONFIRMATION_OK"
326,10823538885,10823538912,1,"IOTHUB_CLIENT_CONFIRMATION_OK"
327,10823539218,10823539249,1,"IOTHUB_CLIENT_CONFIRMATION_OK"
328,10823539551,10823539592,1,"IOTHUB_CLIENT_CONFIRMATION_OK"
329,10823539884,10823539912,1,"IOTHUB_CLIENT_CONFIRMATION_OK"
330,10823540217,10823540249,1,"IOTHUB_CLIENT_CONFIRMATION_OK"
331,10823540550,10823540581,1,"IOTHUB_CLIENT_CONFIRMATION_OK"
332,10823540883,10823540929,1,"IOTHUB_CLIENT_CONFIRMATION_OK"
333,10823541217,10823541246,1,"IOTHUB_CLIENT_CONFIRMATION_OK"
334,10823541550,10823541578,1,"IOTHUB_CLIENT_CONFIRMATION_OK"
335,10823541883,10823541927,1,"IOTHUB_CLIENT_CONFIRMATION_OK"
336,10823542216,10823542245,1,"IOTHUB_CLIENT_CONFIRMATION_OK"
337,10823542549,10823542580,1,"IOTHUB_CLIENT_CONFIRMATION_OK"
338,10823542882,10823542981,1,"IOTHUB_CLIENT_CONFIRMATION_OK"
339,10823543216,10823543261,1,"IOTHUB_CLIENT_CONFIRMATION_OK"
340,10823543549,10823543585,1,"IOTHUB_CLIENT_CONFIRMATION_OK"
341,10823543882,10823543926,1,"IOTHUB_CLIENT_CONFIRMATION_OK"
342,10823544215,10823544255,1,"IOTHUB_CLIENT_CONFIRMATION_OK"
343,10823544548,10823544582,1,"IOTHUB_CLIENT_CONFIRMATION_OK"
344,10823544881,10823544910,1,"IOTHUB_CLIENT_CONFIRMATION_OK"
345,10823545215,10823545243,1,"IOTHUB_CLIENT_CONFIRMATION_OK"
346,10823545548,10823545576,1,"IOTHUB_CLIENT_CONFIRMATION_OK"
347,10823545881,10823545924,1,"IOTHUB_CLIENT_CONFIRMATION_OK"
348,10823546214,10823546262,1,"IOTHUB_CLIENT_CONFIRMATION_OK"
349,10823546547,10823546577,1,"IOTHUB_CLIENT_CONFIRMATION_OK"
350,10823546880,10823546908,1,"IOTHUB_CLIENT_CONFIRMATION_OK"
351,10823547214,10823547241,1,"IOTHUB_CLIENT_CONFIRMATION_OK"
352,10823547547,10823547575,1,"IOTHUB_CLIENT_CONFIRMATION_OK"
353,10823547880,10823547911,1,"IOTHUB_CLIENT_CONFIRMATION_OK"
354,10823548213,10823548262,1,"IOTHUB_CLIENT_CONFIRMATION_OK"
355,10823548546,10823548581,1,"IOTHUB_CLIENT_CONFIRMATION_OK"
356,10823548879,10823548909,1,"IOTHUB_CLIENT_CONFIRMATION_OK"
357,10823549213,10823549241,1,"IOTHUB_CLIENT_CONFIRMATION_OK"
358,10823549546,10823549575,1,"IOTHUB_CLIENT_CONFIRMATION_OK"
359,10823549879,10823549994,1,"IOTHUB_CLIENT_CONFIRMATION_OK"
360,10823550212,10823550251,1,"IOTHUB_CLIENT_CONFIRMATION_OK"
361,10823550545,10823550602,1,"IOTHUB_CLIENT_CONFIRMATION_OK"
362,10823550878,10823550907,1,"IOTHUB_CLIENT_CONFIRMATION_OK"
363,10823551212,10823551239,1,"IOTHUB_CLIENT_CONFIRMATION_OK"
364,10823551545,10823551585,1,"IOTHUB_CLIENT_CONFIRMATION_OK"
365,10823551878,10823551907,1,"IOTHUB_CLIENT_CONFIRMATION_OK"
366,10823552211,10823552246,1,"IOTHUB_CLIENT_CONFIRMATION_OK"
367,10823552544,10823552576,1,"IOTHUB_CLIENT_CONFIRMATION_OK"
368,10823552877,10823552914,1,"IOTHUB_CLIENT_CONFIRMATION_OK"
369,10823553211,10823553259,1,"IOTHUB_CLIENT_CONFIRMATION_OK"
370,10823553544,10823553572,1,"IOTHUB_CLIENT_CONFIRMATION_OK"
371,10823553877,10823553911,1,"IOTHUB_CLIENT_CONFIRMATION_OK"
372,10823554210,10823554272,1,"IOTHUB_CLIENT_CONFIRMATION_OK"
373,10823554543,10823554574,1,"IOTHUB_CLIENT_CONFIRMATION_OK"
374,10823554876,10823554907,1,"IOTHUB_CLIENT_CONFIRMATION_OK"
375,10823555209,10823555242,1,"IOTHUB_CLIENT_CONFIRMATION_OK"
376,10823555543,10823555572,1,"IOTHUB_CLIENT_CONFIRMATION_OK"
377,10823555876,10823555907,1,"IOTHUB_CLIENT_CONFIRMATION_OK"
378,10823556209,10823556414,1,"IOTHUB_CLIENT_CONFIRMATION_OK"
379,10823556542,10823556575,1,"IOTHUB_CLIENT_CONFIRMATION_OK"
380,10823556875,10823556993,1,"IOTHUB_CLIENT_CONFIRMATION_OK"
381,10823557208,10823557237,1,"IOTHUB_CLIENT_CONFIRMATION_OK"
382,10823557542,10823557607,1,"IOTHUB_CLIENT_CONFIRMATION_OK"
383,10823557875,10823557906,1,"IOTHUB_CLIENT_CONFIRMATION_OK"
384,10823558208,10823558234,1,"IOTHUB_CLIENT_CONFIRMATION_OK"
385,10823558541,10823558569,1,"IOTHUB_CLIENT_CONFIRMATION_OK"
386,10823558874,10823558903,1,"IOTHUB_CLIENT_CONFIRMATION_OK"
387,10823559207,10823559244,1,"IOTHUB_CLIENT_CONFIRMATION_OK"
388,10823559541,10823559568,1,"IOTHUB_CLIENT_CONFIRMATION_OK"
389,10823559874,10823559903,1,"IOTHUB_CLIENT_CONFIRMATION_OK"
390,10823560207,10823560246,1,"IOTHUB_CLIENT_CONFIRMATION_OK"
391,10823560540,10823560570,1,"IOTHUB_CLIENT_CONFIRMATION_OK"
392,10823560873,10823560901,1,"IOTHUB_CLIENT_CONFIRMATION_OK"
393,10823561206,10823561235,1,"IOTHUB_CLIENT_CONFIRMATION_OK"
394,10823561540,10823561569,1,"IOTHUB_CLIENT_CONFIRMATION_OK"
395,10823561873,10823561906,1,"IOTHUB_CLIENT_CONFIRMATION_OK"
396,10823562206,10823562235,1,"IOTHUB_CLIENT_CONFIRMATION_OK"
397,10823562539,10823562568,1,"IOTHUB_CLIENT_CONFIRMATION_OK"
398,10823562872,10823562900,1,"IOTHUB_CLIENT_CONFIRMATION_OK"
399,10823563205,10823563234,1,"IOTHUB_CLIENT_CONFIRMATION_OK"
400,10823563539,10823563567,1,"IOTHUB_CLIENT_CONFIRMATION_OK"
401,10823563872,10823563900,1,"IOTHUB_CLIENT_CONFIRMATION_OK"
402,10823564205,10823564239,1,"IOTHUB_CLIENT_CONFIRMATION_OK"
403,10823564538,10823564567,1,"IOTHUB_CLIENT_CONFIRMATION_OK"
404,10823564871,10823564909,1,"IOTHUB_CLIENT_CONFIRMATION_OK"
405,10823565204,10823565238,1,"IOTHUB_CLIENT_CONFIRMATION_OK"
406,10823565538,10823565566,1,"IOTHUB_CLIENT_CONFIRMATION_OK"
407,10823565871,10823565991,1,"IOTHUB_CLIENT_CONFIRMATION_OK"
408,10823566204,10823566233,1,"IOTHUB_CLIENT_CONFIRMATION_OK"
409,10823566537,10823566605,1,"IOTHUB_CLIENT_CONFIRMATION_OK"
410,10823566870,10823566900,1,"IOTHUB_CLIENT_CONFIRMATION_OK"
411,10823567203,10823567233,1,"IOTHUB_CLIENT_CONFIRMATION_OK"
412,10823567537,10823567566,1,"IOTHUB_CLIENT_CONFIRMATION_OK"
413,10823567870,10823567898,1,"IOTHUB_CLIENT_CONFIRMATION_OK"
414,10823568203,10823568232,1,"IOTHUB_CLIENT_CONFIRMATION_OK"
415,10823568536,10823568564,1,"IOTHUB_CLIENT_CONFIRMATION_OK"
416,10823568869,10823568897,1,"IOTHUB_CLIENT_CONFIRMATION_OK"
417,10823569202,10823569231,1,"IOTHUB_CLIENT_CONFIRMATION_OK"
418,10823569536,10823569570,1,"IOTHUB_CLIENT_CONFIRMATION_OK"
419,10823569869,10823569905,1,"IOTHUB_CLIENT_CONFIRMATION_OK"
420,10823570202,10823570230,1,"IOTHUB_CLIENT_CONFIRMATION_OK"
421,10823570535,10823570563,1,"IOTHUB_CLIENT_CONFIRMATION_OK"
422,10823570868,10823570930,1,"IOTHUB_CLIENT_CONFIRMATION_OK"
423,10823571201,10823571229,1,"IOTHUB_CLIENT_CONFIRMATION_OK"
424,10823571535,10823571739,1,"IOTHUB_CLIENT_CONFIRMATION_OK"
425,10823571868,10823571902,1,"IOTHUB_CLIENT_CONFIRMATION_OK"
426,10823572201,10823572348,1,"IOTHUB_CLIENT_CONFIRMATION_OK"
427,10823572534,10823572832,1,"IOTHUB_CLIENT_CONFIRMATION_OK"
428,10823572867,10823573077,1,"IOTHUB_CLIENT_CONFIRMATION_OK"
429,10823573200,10823573716,1,"IOTHUB_CLIENT_CONFIRMATION_OK"
430,10823573534,10823573736,1,"IOTHUB_CLIENT_CONFIRMATION_OK"
431,10823573867,10823573895,1,"IOTHUB_CLIENT_CONFIRMATION_OK"
432,10823574200,10823574229,1,"IOTHUB_CLIENT_CONFIRMATION_OK"
433,10823574533,10823574565,1,"IOTHUB_CLIENT_CONFIRMATION_OK"
434,10823574866,10823574898,1,"IOTHUB_CLIENT_CONFIRMATION_OK"
435,10823575199,10823575229,1,"IOTHUB_CLIENT_CONFIRMATION_OK"
436,10823575533,10823575564,1,"IOTHUB_CLIENT_CONFIRMATION_OK"
437,10823575866,10823575899,1,"IOTHUB_CLIENT_CONFIRMATION_OK"
438,10823576199,10823576227,1,"IOTHUB_CLIENT_CONFIRMATION_OK"
439,10823576532,10823576559,1,"IOTHUB_CLIENT_CONFIRMATION_OK"
440,10823576865,10823576894,1,"IOTHUB_CLIENT_CONFIRMATION_OK"
441,10823577198,10823577226,1,"IOTHUB_CLIENT_CONFIRMATION_OK"
442,10823577532,10823577560,1,"IOTHUB_CLIENT_CONFIRMATION_OK"
443,10823577865,10823577893,1,"IOTHUB_CLIENT_CONFIRMATION_OK"
444,10823578198,10823578500,1,"IOTHUB_CLIENT_CONFIRMATION_OK"
445,10823578531,10823578561,1,"IOTHUB_CLIENT_CONFIRMATION_OK"
446,10823578864,10823578904,1,"IOTHUB_CLIENT_CONFIRMATION_OK"
447,10823579197,10823579452,1,"IOTHUB_CLIENT_CONFIRMATION_OK"
448,10823579531,10823579558,1,"IOTHUB_CLIENT_CONFIRMATION_OK"
449,10823579864,10823580043,1,"IOTHUB_CLIENT_CONFIRMATION_OK"
450,10823580197,10823580229,1,"IOTHUB_CLIENT_CONFIRMATION_OK"
451,10823580530,10823580646,1,"IOTHUB_CLIENT_CONFIRMATION_OK"
452,10823580863,10823580895,1,"IOTHUB_CLIENT_CONFIRMATION_OK"
453,10823581196,10823581264,1,"IOTHUB_CLIENT_CONFIRMATION_OK"
454,10823581529,10823581558,1,"IOTHUB_CLIENT_CONFIRMATION_OK"
455,10823581863,10823581897,1,"IOTHUB_CLIENT_CONFIRMATION_OK"
456,10823582196,10823582224,1,"IOTHUB_CLIENT_CONFIRMATION_OK"
457,10823582529,10823582566,1,"IOTHUB_CLIENT_CONFIRMATION_OK"
458,10823582862,10823582890,1,"IOTHUB_CLIENT_CONFIRMATION_OK"
459,10823583195,10823583235,1,"IOTHUB_CLIENT_CONFIRMATION_OK"
460,10823583529,10823583557,1,"IOTHUB_CLIENT_CONFIRMATION_OK"
461,10823583862,10823583897,1,"IOTHUB_CLIENT_CONFIRMATION_OK"
462,10823584195,10823584227,1,"IOTHUB_CLIENT_CONFIRMATION_OK"
463,10823584528,10823584556,1,"IOTHUB_CLIENT_CONFIRMATION_OK"
464,10823584861,10823584893,1,"IOTHUB_CLIENT_CONFIRMATION_OK"
465,10823585194,10823585223,1,"IOTHUB_CLIENT_CONFIRMATION_OK"
466,10823585527,10823585554,1,"IOTHUB_CLIENT_CONFIRMATION_OK"
467,10823585861,10823585894,1,"IOTHUB_CLIENT_CONFIRMATION_OK"
468,10823586194,10823586248,1,"IOTHUB_CLIENT_CONFIRMATION_OK"
469,10823586527,10823586560,1,"IOTHUB_CLIENT_CONFIRMATION_OK"
470,10823586860,10823586888,1,"IOTHUB_CLIENT_CONFIRMATION_OK"
471,10823587193,10823587222,1,"IOTHUB_CLIENT_CONFIRMATION_OK"
472,10823587526,10823587556,1,"IOTHUB_CLIENT_CONFIRMATION_OK"
473,10823587860,10823587887,1,"IOTHUB_CLIENT_CONFIRMATION_OK"
474,10823588193,10823588324,1,"IOTHUB_CLIENT_CONFIRMATION_OK"
475,10823588526,10823588558,1,"IOTHUB_CLIENT_CONFIRMATION_OK"
476,10823588859,10823588933,1,"IOTHUB_CLIENT_CONFIRMATION_OK"
477,10823589192,10823589221,1,"IOTHUB_CLIENT_CONFIRMATION_OK"
478,10823589525,10823589560,1,"IOTHUB_CLIENT_CONFIRMATION_OK"
479,10823589859,10823589887,1,"IOTHUB_CLIENT_CONFIRMATION_OK"
480,10823590192,10823590220,1,"IOTHUB_CLIENT_CONFIRMATION_OK"
481,10823590525,10823590553,1,"IOTHUB_CLIENT_CONFIRMATION_OK"
482,10823590858,10823590974,1,"IOTHUB_CLIENT_CONFIRMATION_OK"
483,10823591191,10823591225,1,"IOTHUB_CLIENT_CONFIRMATION_OK"
484,10823591524,10823591557,1,"IOTHUB_CLIENT_CONFIRMATION_OK"
485,10823591858,10823591895,1,"IOTHUB_CLIENT_CONFIRMATION_OK"
486,10823592191,10823592234,1,"IOTHUB_CLIENT_CONFIRMATION_OK"
487,10823592524,10823592559,1,"IOTHUB_CLIENT_CONFIRMATION_OK"
488,10823592857,10823592889,1,"IOTHUB_CLIENT_CONFIRMATION_OK"
489,10823593190,10823593219,1,"IOTHUB_CLIENT_CONFIRMATION_OK"
490,10823593523,10823593552,1,"IOTHUB_CLIENT_CONFIRMATION_OK"
491,10823593857,10823593910,1,"IOTHUB_CLIENT_CONFIRMATION_OK"
492,10823594190,10823594221,1,"IOTHUB_CLIENT_CONFIRMATION_OK"
493,10823594523,10823594553,1,"IOTHUB_CLIENT_CONFIRMATION_OK"
494,10823594856,10823594886,1,"IOTHUB_CLIENT_CONFIRMATION_OK"
495,10823595189,10823595219,1,"IOTHUB_CLIENT_CONFIRMATION_OK"
496,10823595522,10823595554,1,"IOTHUB_CLIENT_CONFIRMATION_OK"
497,10823595856,10823595897,1,"IOTHUB_CLIENT_CONFIRMATION_OK"
498,10823596189,10823596218,1,"IOTHUB_CLIENT_CONFIRMATION_OK"
499,10823596522,10823596555,1,"IOTHUB_CLIENT_CONFIRMATION_OK"
500,10823596855,10823596905,1,"IOTHUB_CLIENT_CONFIRMATION_OK"
501,10823597188,10823597222,1,"IOTHUB_CLIENT_CONFIRMATION_OK"
502,10823597521,10823597549,1,"IOTHUB_CLIENT_CONFIRMATION_OK"
503,10823597855,10823597973,1,"IOTHUB_CLIENT_CONFIRMATION_OK"
504,10823598188,10823598218,1,"IOTHUB_CLIENT_CONFIRMATION_OK"
505,10823598521,10823598574,1,"IOTHUB_CLIENT_CONFIRMATION_OK"
506,10823598854,10823598883,1,"IOTHUB_CLIENT_CONFIRMATION_OK"
507,10823599187,10823599500,1,"IOTHUB_CLIENT_CONFIRMATION_OK"
508,10823599520,10823599551,1,"IOTHUB_CLIENT_CONFIRMATION_OK"
509,10823599854,10823599882,1,"IOTHUB_CLIENT_CONFIRMATION_OK"
510,10823600187,10823600215,1,"IOTHUB_CLIENT_CONFIRMATION_OK"
511,10823600520,10823600558,1,"IOTHUB_CLIENT_CONFIRMATION_OK"
512,10823600853,10823600883,1,"IOTHUB_CLIENT_CONFIRMATION_OK"
513,10823601186,10823601217,1,"IOTHUB_CLIENT_CONFIRMATION_OK"
514,10823601519,10823601547,1,"IOTHUB_CLIENT_CONFIRMATION_OK"
515,10823601853,10823601899,1,"IOTHUB_CLIENT_CONFIRMATION_OK"
516,10823602186,10823602220,1,"IOTHUB_CLIENT_CONFIRMATION_OK"
517,10823602519,10823602551,1,"IOTHUB_CLIENT_CONFIRMATION_OK"
518,10823602852,10823602881,1,"IOTHUB_CLIENT_CONFIRMATION_OK"
519,10823603185,10823603213,1,"IOTHUB_CLIENT_CONFIRMATION_OK"
520,10823603518,10823603547,1,"IOTHUB_CLIENT_CONFIRMATION_OK"
521,10823603852,10823603881,1,"IOTHUB_CLIENT_CONFIRMATION_OK"
522,10823604185,10823604262,1,"IOTHUB_CLIENT_CONFIRMATION_OK"
523,10823604518,10823604552,1,"IOTHUB_CLIENT_CONFIRMATION_OK"
524,10823604851,10823604885,1,"IOTHUB_CLIENT_CONFIRMATION_OK"
525,10823605184,10823605212,1,"IOTHUB_CLIENT_CONFIRMATION_OK"
526,10823605517,10823605552,1,"IOTHUB_CLIENT_CONFIRMATION_OK"
527,10823605851,10823605878,1,"IOTHUB_CLIENT_CONFIRMATION_OK"
528,10823606184,10823606320,1,"IOTHUB_CLIENT_CONFIRMATION_OK"
529,10823606517,10823606551,1,"IOTHUB_CLIENT_CONFIRMATION_OK"
530,10823606850,10823606921,1,"IOTHUB_CLIENT_CONFIRMATION_OK"
531,10823607183,10823607211,1,"IOTHUB_CLIENT_CONFIRMATION_OK"
532,10823607516,10823607546,1,"IOTHUB_CLIENT_CONFIRMATION_OK"
533,10823607850,10823607883,1,"IOTHUB_CLIENT_CONFIRMATION_OK"
534,10823608183,10823608216,1,"IOTHUB_CLIENT_CONFIRMATION_OK"
535,10823608516,10823608547,1,"IOTHUB_CLIENT_CONFIRMATION_OK"
536,10823608849,10823608887,1,"IOTHUB_CLIENT_CONFIRMATION_OK"
537,10823609182,10823609211,1,"IOTHUB_CLIENT_CONFIRMATION_OK"
538,10823609515,10823609544,1,"IOTHUB_CLIENT_CONFIRMATION_OK"
539,10823609849,10823609877,1,"IOTHUB_CLIENT_CONFIRMATION_OK"
540,10823610182,10823610211,1,"IOTHUB_CLIENT_CONFIRMATION_OK"
541,10823610515,10823610549,1,"IOTHUB_CLIENT_CONFIRMATION_OK"
542,10823610848,10823610882,1,"IOTHUB_CLIENT_CONFIRMATION_OK"
543,10823611181,10823611209,1,"IOTHUB_CLIENT_CONFIRMATION_OK"
544,10823611514,10823611547,1,"IOTHUB_CLIENT_CONFIRMATION_OK"
545,10823611848,10823611882,1,"IOTHUB_CLIENT_CONFIRMATION_OK"
546,10823612181,10823612212,1,"IOTHUB_CLIENT_CONFIRMATION_OK"
547,10823612514,10823612602,1,"IOTHUB_CLIENT_CONFIRMATION_OK"
548,10823612847,10823612881,1,"IOTHUB_CLIENT_CONFIRMATION_OK"
549,10823613180,10823613222,1,"IOTHUB_CLIENT_CONFIRMATION_OK"
550,10823613513,10823613547,1,"IOTHUB_CLIENT_CONFIRMATION_OK"
551,10823613846,10823613878,1,"IOTHUB_CLIENT_CONFIRMATION_OK"
552,10823614180,10823614212,1,"IOTHUB_CLIENT_CONFIRMATION_OK"
553,10823614513,10823614546,1,"IOTHUB_CLIENT_CONFIRMATION_OK"
554,10823614846,10823614879,1,"IOTHUB_CLIENT_CONFIRMATION_OK"
555,10823615179,10823615250,1,"IOTHUB_CLIENT_CONFIRMATION_OK"
556,10823615512,10823615554,1,"IOTHUB_CLIENT_CONFIRMATION_OK"
557,10823615845,10823615878,1,"IOTHUB_CLIENT_CONFIRMATION_OK"
558,10823616179,10823616209,1,"IOTHUB_CLIENT_CONFIRMATION_OK"
559,10823616512,10823616544,1,"IOTHUB_CLIENT_CONFIRMATION_OK"
560,10823616845,10823616879,1,"IOTHUB_CLIENT_CONFIRMATION_OK"
561,10823617178,10823617217,1,"IOTHUB_CLIENT_CONFIRMATION_OK"
562,10823617511,10823617540,1,"IOTHUB_CLIENT_CONFIRMATION_OK"
563,10823617844,10823617880,1,"IOTHUB_CLIENT_CONFIRMATION_OK"
564,10823618178,10823618212,1,"IOTHUB_CLIENT_CONFIRMATION_OK"
565,10823618511,10823618552,1,"IOTHUB_CLIENT_CONFIRMATION_OK"
566,10823618844,10823618872,1,"IOTHUB_CLIENT_CONFIRMATION_OK"
567,10823619177,10823619257,1,"IOTHUB_CLIENT_CONFIRMATION_OK"
568,10823619510,10823619539,1,"IOTHUB_CLIENT_CONFIRMATION_OK"
569,10823619843,10823619873,1,"IOTHUB_CLIENT_CONFIRMATION_OK"
570,10823620177,10823620331,1,"IOTHUB_CLIENT_CONFIRMATION_OK"
571,10823620510,10823620548,1,"IOTHUB_CLIENT_CONFIRMATION_OK"
572,10823620843,10823621020,1,"IOTHUB_CLIENT_CONFIRMATION_OK"
573,10823621176,10823621208,1,"IOTHUB_CLIENT_CONFIRMATION_OK"
574,10823621509,10823621641,1,"IOTHUB_CLIENT_CONFIRMATION_OK"
575,10823621842,10823621880,1,"IOTHUB_CLIENT_CONFIRMATION_OK"
576,10823622176,10823622246,1,"IOTHUB_CLIENT_CONFIRMATION_OK"
577,10823622509,10823622543,1,"IOTHUB_CLIENT_CONFIRMATION_OK"
578,10823622842,10823622871,1,"IOTHUB_CLIENT_CONFIRMATION_OK"
579,10823623175,10823623207,1,"IOTHUB_CLIENT_CONFIRMATION_OK"
580,10823623508,10823623541,1,"IOTHUB_CLIENT_CONFIRMATION_OK"
581,10823623841,10823623870,1,"IOTHUB_CLIENT_CONFIRMATION_OK"
582,10823624175,10823624221,1,"IOTHUB_CLIENT_CONFIRMATION_OK"
583,10823624508,10823624538,1,"IOTHUB_CLIENT_CONFIRMATION_OK"
584,10823624841,10823624870,1,"IOTHUB_CLIENT_CONFIRMATION_OK"
585,10823625174,10823625202,1,"IOTHUB_CLIENT_CONFIRMATION_OK"
586,10823625507,10823625540,1,"IOTHUB_CLIENT_CONFIRMATION_OK"
587,10823625840,10823625869,1,"IOTHUB_CLIENT_CONFIRMATION_OK"
588,10823626174,10823626202,1,"IOTHUB_CLIENT_CONFIRMATION_OK"
589,10823626507,10823626535,1,"IOTHUB_CLIENT_CONFIRMATION_OK"
590,10823626840,10823626873,1,"IOTHUB_CLIENT_CONFIRMATION_OK"
591,10823627173,10823627204,1,"IOTHUB_CLIENT_CONFIRMATION_OK"
592,10823627506,10823627540,1,"IOTHUB_CLIENT_CONFIRMATION_OK"
593,10823627839,10823627870,1,"IOTHUB_CLIENT_CONFIRMATION_OK"
594,10823628173,10823628207,1,"IOTHUB_CLIENT_CONFIRMATION_OK"
595,10823628506,10823628541,1,"IOTHUB_CLIENT_CONFIRMATION_OK"
596,10823628839,10823628867,1,"IOTHUB_CLIENT_CONFIRMATION_OK"
597,10823629172,10823629201,1,"IOTHUB_CLIENT_CONFIRMATION_OK"
598,10823629505,10823629537,1,"IOTHUB_CLIENT_CONFIRMATION_OK"
599,10823629838,10823629868,1,"IOTHUB_CLIENT_CONFIRMATION_OK"
600,10823630172,10823630201,1,"IOTHUB_CLIENT_CONFIRMATION_OK"
601,10823630505,10823630578,1,"IOTHUB_CLIENT_CONFIRMATION_OK"
602,10823630838,10823630871,1,"IOTHUB_CLIENT_CONFIRMATION_OK"
603,10823631171,10823631201,1,"IOTHUB_CLIENT_CONFIRMATION_OK"
604,10823631504,10823631537,1,"IOTHUB_CLIENT_CONFIRMATION_OK"
605,10823631837,10823631869,1,"IOTHUB_CLIENT_CONFIRMATION_OK"
606,10823632171,10823632203,1,"IOTHUB_CLIENT_CONFIRMATION_OK"
607,10823632504,10823632538,1,"IOTHUB_CLIENT_CONFIRMATION_OK"
608,10823632837,10823632868,1,"IOTHUB_CLIENT_CONFIRMATION_OK"
609,10823633170,10823633199,1,"IOTHUB_CLIENT_CONFIRMATION_OK"
610,10823633503,10823633536,1,"IOTHUB_CLIENT_CONFIRMATION_OK"
611,10823633836,10823633879,1,"IOTHUB_CLIENT_CONFIRMATION_OK"
612,10823634170,10823634198,1,"IOTHUB_CLIENT_CONFIRMATION_OK"
613,10823634503,10823634536,1,"IOTHUB_CLIENT_CONFIRMATION_OK"
614,10823634836,10823634864,1,"IOTHUB_CLIENT_CONFIRMATION_OK"
615,10823635169,10823635199,1,"IOTHUB_CLIENT_CONFIRMATION_OK"
616,10823635502,10823635667,1,"IOTHUB_CLIENT_CONFIRMATION_OK"
617,10823635835,10823635967,1,"IOTHUB_CLIENT_CONFIRMATION_OK"
618,10823636169,10823636197,1,"IOTHUB_CLIENT_CONFIRMATION_OK"
619,10823636502,10823636533,1,"IOTHUB_CLIENT_CONFIRMATION_OK"
620,10823636835,10823636863,1,"IOTHUB_CLIENT_CONFIRMATION_OK"
621,10823637168,10823637201,1,"IOTHUB_CLIENT_CONFIRMATION_OK"
622,10823637501,10823637603,1,"IOTHUB_CLIENT_CONFIRMATION_OK"
623,10823637834,10823637873,1,"IOTHUB_CLIENT_CONFIRMATION_OK"
624,10823638168,10823638207,1,"IOTHUB_CLIENT_CONFIRMATION_OK"
625,10823638501,10823638534,1,"IOTHUB_CLIENT_CONFIRMATION_OK"
626,10823638834,10823638862,1,"IOTHUB_CLIENT_CONFIRMATION_OK"
627,10823639167,10823639234,1,"IOTHUB_CLIENT_CONFIRMATION_OK"
628,10823639500,10823639528,1,"IOTHUB_CLIENT_CONFIRMATION_OK"
629,10823639833,10823639873,1,"IOTHUB_CLIENT_CONFIRMATION_OK"
630,10823640166,10823640198,1,"IOTHUB_CLIENT_CONFIRMATION_OK"
631,10823640500,10823640528,1,"IOTHUB_CLIENT_CONFIRMATION_OK"
632,10823640833,10823640864,1,"IOTHUB_CLIENT_CONFIRMATION_OK"
633,10823641166,10823641199,1,"IOTHUB_CLIENT_CONFIRMATION_OK"
634,10823641499,10823641529,1,"IOTHUB_CLIENT_CONFIRMATION_OK"
635,10823641832,10823641883,1,"IOTHUB_CLIENT_CONFIRMATION_OK"
636,10823642165,10823642199,1,"IOTHUB_CLIENT_CONFIRMATION_OK"
637,10823642499,10823642531,1,"IOTHUB_CLIENT_CONFIRMATION_OK"
638,10823642832,10823642861,1,"IOTHUB_CLIENT_CONFIRMATION_OK"
639,10823643165,10823643276,1,"IOTHUB_CLIENT_CONFIRMATION_OK"
640,10823643498,10823643532,1,"IOTHUB_CLIENT_CONFIRMATION_OK"
641,10823643831,10823643894,1,"IOTHUB_CLIENT_CONFIRMATION_OK"
642,10823644164,10823644202,1,"IOTHUB_CLIENT_CONFIRMATION_OK"
643,10823644498,10823644568,1,"IOTHUB_CLIENT_CONFIRMATION_OK"
644,10823644831,10823644863,1,"IOTHUB_CLIENT_CONFIRMATION_OK"
645,10823645164,10823645207,1,"IOTHUB_CLIENT_CONFIRMATION_OK"
646,10823645497,10823645532,1,"IOTHUB_CLIENT_CONFIRMATION_OK"
647,10823645830,10823645863,1,"IOTHUB_CLIENT_CONFIRMATION_OK"
648,10823646163,10823646196,1,"IOTHUB_CLIENT_CONFIRMATION_OK"
649,10823646497,10823646530,1,"IOTHUB_CLIENT_CONFIRMATION_OK"
650,10823646830,10823646865,1,"IOTHUB_CLIENT_CONFIRMATION_OK"
651,10823647163,10823647192,1,"IOTHUB_CLIENT_CONFIRMATION_OK"
652,10823647496,10823647524,1,"IOTHUB_CLIENT_CONFIRMATION_OK"
653,10823647829,10823647858,1,"IOTHUB_CLIENT_CONFIRMATION_OK"
654,10823648162,10823648198,1,"IOTHUB_CLIENT_CONFIRMATION_OK"
655,10823648496,10823648532,1,"IOTHUB_CLIENT_CONFIRMATION_OK"
656,10823648829,10823648856,1,"IOTHUB_CLIENT_CONFIRMATION_OK"
657,10823649162,10823649194,1,"IOTHUB_CLIENT_CONFIRMATION_OK"
658,10823649495,10823649542,1,"IOTHUB_CLIENT_CONFIRMATION_OK"
659,10823649828,10823649856,1,"IOTHUB_CLIENT_CONFIRMATION_OK"
660,10823650161,10823650191,1,"IOTHUB_CLIENT_CONFIRMATION_OK"
661,10823650495,10823650530,1,"IOTHUB_CLIENT_CONFIRMATION_OK"
662,10823650828,10823650877,1,"IOTHUB_CLIENT_CONFIRMATION_OK"
663,10823651161,10823651202,1,"IOTHUB_CLIENT_CONFIRMATION_OK"
664,10823651494,10823651523,1,"IOTHUB_CLIENT_CONFIRMATION_OK"
665,10823651827,10823651855,1,"IOTHUB_CLIENT_CONFIRMATION_OK"
666,10823652160,10823652274,1,"IOTHUB_CLIENT_CONFIRMATION_OK"
667,10823652494,10823652533,1,"IOTHUB_CLIENT_CONFIRMATION_OK"
668,10823652827,10823652859,1,"IOTHUB_CLIENT_CONFIRMATION_OK"
669,10823653160,10823653206,1,"IOTHUB_CLIENT_CONFIRMATION_OK"
670,10823653493,10823653565,1,"IOTHUB_CLIENT_CONFIRMATION_OK"
671,10823653826,10823653859,1,"IOTHUB_CLIENT_CONFIRMATION_OK"
672,10823654159,10823654191,1,"IOTHUB_CLIENT_CONFIRMATION_OK"
673,10823654493,10823654525,1,"IOTHUB_CLIENT_CONFIRMATION_OK"
674,10823654826,10823654854,1,"IOTHUB_CLIENT_CONFIRMATION_OK"
675,10823655159,10823655193,1,"IOTHUB_CLIENT_CONFIRMATION_OK"
676,10823655492,10823655523,1,"IOTHUB_CLIENT_CONFIRMATION_OK"
677,10823655825,10823655858,1,"IOTHUB_CLIENT_CONFIRMATION_OK"
678,10823656158,10823656231,1,"IOTHUB_CLIENT_CONFIRMATION_OK"
679,10823656492,10823656522,1,"IOTHUB_CLIENT_CONFIRMATION_OK"
680,10823656825,10823656853,1,"IOTHUB_CLIENT_CONFIRMATION_OK"
681,10823657158,10823657186,1,"IOTHUB_CLIENT_CONFIRMATION_OK"
682,10823657491,10823657523,1,"IOTHUB_CLIENT_CONFIRMATION_OK"
683,10823657824,10823657855,1,"IOTHUB_CLIENT_CONFIRMATION_OK"
684,10823658157,10823658193,1,"IOTHUB_CLIENT_CONFIRMATION_OK"
685,10823658491,10823658630,1,"IOTHUB_CLIENT_CONFIRMATION_OK"
686,10823658824,10823658852,1,"IOTHUB_CLIENT_CONFIRMATION_OK"
687,10823659157,10823659243,1,"IOTHUB_CLIENT_CONFIRMATION_OK"
688,10823659490,10823659525,1,"IOTHUB_CLIENT_CONFIRMATION_OK"
689,10823659823,10823659908,1,"IOTHUB_CLIENT_CONFIRMATION_OK"
690,10823660156,10823660209,1,"IOTHUB_CLIENT_CONFIRMATION_OK"
691,10823660489,10823660521,1,"IOTHUB_CLIENT_CONFIRMATION_OK"
692,10823660823,10823660854,1,"IOTHUB_CLIENT_CONFIRMATION_OK"
693,10823661156,10823661188,1,"IOTHUB_CLIENT_CONFIRMATION_OK"
694,10823661489,10823661526,1,"IOTHUB_CLIENT_CONFIRMATION_OK"
695,10823661822,10823661855,1,"IOTHUB_CLIENT_CONFIRMATION_OK"
696,10823662155,10823662186,1,"IOTHUB_CLIENT_CONFIRMATION_OK"
697,10823662488,10823662517,1,"IOTHUB_CLIENT_CONFIRMATION_OK"
698,10823662822,10823662953,1,"IOTHUB_CLIENT_CONFIRMATION_OK"
699,10823663155,10823663188,1,"IOTHUB_CLIENT_CONFIRMATION_OK"
700,10823663488,10823663515,1,"IOTHUB_CLIENT_CONFIRMATION_OK"
701,10823663821,10823663852,1,"IOTHUB_CLIENT_CONFIRMATION_OK"
702,10823664154,10823664217,1,"IOTHUB_CLIENT_CONFIRMATION_OK"
703,10823664487,10823664521,1,"IOTHUB_CLIENT_CONFIRMATION_OK"
704,10823664821,10823664854,1,"IOTHUB_CLIENT_CONFIRMATION_OK"
705,10823665154,10823665186,1,"IOTHUB_CLIENT_CONFIRMATION_OK"
706,10823665487,10823665519,1,"IOTHUB_CLIENT_CONFIRMATION_OK"
707,10823665820,10823665853,1,"IOTHUB_CLIENT_CONFIRMATION_OK"
708,10823666153,10823666187,1,"IOTHUB_CLIENT_CONFIRMATION_OK"
709,10823666486,10823666514,1,"IOTHUB_CLIENT_CONFIRMATION_OK"
710,10823666820,10823667023,1,"IOTHUB_CLIENT_CONFIRMATION_OK"
711,10823667153,10823667202,1,"IOTHUB_CLIENT_CONFIRMATION_OK"
712,10823667486,10823667634,1,"IOTHUB_CLIENT_CONFIRMATION_OK"
713,10823667819,10823667862,1,"IOTHUB_CLIENT_CONFIRMATION_OK"
714,10823668152,10823668250,1,"IOTHUB_CLIENT_CONFIRMATION_OK"
715,10823668485,10823668522,1,"IOTHUB_CLIENT_CONFIRMATION_OK"
716,10823668819,10823668862,1,"IOTHUB_CLIENT_CONFIRMATION_OK"
717,10823669152,10823669179,1,"IOTHUB_CLIENT_CONFIRMATION_OK"
718,10823669485,10823669513,1,"IOTHUB_CLIENT_CONFIRMATION_OK"
719,10823669818,10823669884,1,"IOTHUB_CLIENT_CONFIRMATION_OK"
720,10823670151,10823670184,1,"IOTHUB_CLIENT_CONFIRMATION_OK"
721,10823670484,10823670516,1,"IOTHUB_CLIENT_CONFIRMATION_OK"
722,10823670818,10823670848,1,"IOTHUB_CLIENT_CONFIRMATION_OK"
723,10823671151,10823671183,1,"IOTHUB_CLIENT_CONFIRMATION_OK"
724,10823671484,10823671516,1,"IOTHUB_CLIENT_CONFIRMATION_OK"
725,10823671817,10823671846,1,"IOTHUB_CLIENT_CONFIRMATION_OK"
726,10823672150,10823672193,1,"IOTHUB_CLIENT_CONFIRMATION_OK"
727,10823672483,10823672522,1,"IOTHUB_CLIENT_CONFIRMATION_OK"
728,10823672816,10823672844,1,"IOTHUB_CLIENT_CONFIRMATION_OK"
729,10823673150,10823673186,1,"IOTHUB_CLIENT_CONFIRMATION_OK"
730,10823673483,10823673533,1,"IOTHUB_CLIENT_CONFIRMATION_OK"
731,10823673816,10823673848,1,"IOTHUB_CLIENT_CONFIRMATION_OK"
732,10823674149,10823674182,1,"IOTHUB_CLIENT_CONFIRMATION_OK"
733,10823674482,10823674511,1,"IOTHUB_CLIENT_CONFIRMATION_OK"
734,10823674815,10823674843,1,"IOTHUB_CLIENT_CONFIRMATION_OK"
735,10823675149,10823675346,1,"IOTHUB_CLIENT_CONFIRMATION_OK"
736,10823675482,10823675518,1,"IOTHUB_CLIENT_CONFIRMATION_OK"
737,10823675815,10823675951,1,"IOTHUB_CLIENT_CONFIRMATION_OK"
738,10823676148,10823676195,1,"IOTHUB_CLIENT_CONFIRMATION_OK"
739,10823676481,10823676565,1,"IOTHUB_CLIENT_CONFIRMATION_OK"
740,10823676814,10823676846,1,"IOTHUB_CLIENT_CONFIRMATION_OK"
741,10823677148,10823677187,1,"IOTHUB_CLIENT_CONFIRMATION_OK"
742,10823677481,10823677514,1,"IOTHUB_CLIENT_CONFIRMATION_OK"
743,10823677814,10823677847,1,"IOTHUB_CLIENT_CONFIRMATION_OK"
744,10823678147,10823678180,1,"IOTHUB_CLIENT_CONFIRMATION_OK"
745,10823678480,10823678510,1,"IOTHUB_CLIENT_CONFIRMATION_OK"
746,10823678813,10823678841,1,"IOTHUB_CLIENT_CONFIRMATION_OK"
747,10823679147,10823679175,1,"IOTHUB_CLIENT_CONFIRMATION_OK"
748,10823679480,10823679517,1,"IOTHUB_CLIENT_CONFIRMATION_OK"
749,10823679813,10823679844,1,"IOTHUB_CLIENT_CONFIRMATION_OK"
750,10823680146,10823680175,1,"IOTHUB_CLIENT_CONFIRMATION_OK"
751,10823680479,10823680507,1,"IOTHUB_CLIENT_CONFIRMATION_OK"
752,10823680812,10823680844,1,"IOTHUB_CLIENT_CONFIRMATION_OK"
753,10823681145,10823681174,1,"IOTHUB_CLIENT_CONFIRMATION_OK"
754,10823681479,10823681512,1,"IOTHUB_CLIENT_CONFIRMATION_OK"
755,10823681812,10823681844,1,"IOTHUB_CLIENT_CONFIRMATION_OK"
756,10823682145,10823682173,1,"IOTHUB_CLIENT_CONFIRMATION_OK"
757,10823682478,10823682512,1,"IOTHUB_CLIENT_CONFIRMATION_OK"
758,10823682811,10823682853,1,"IOTHUB_CLIENT_CONFIRMATION_OK"
759,10823683144,10823683171,1,"IOTHUB_CLIENT_CONFIRMATION_OK"
760,10823683478,10823683510,1,"IOTHUB_CLIENT_CONFIRMATION_OK"
761,10823683811,10823683842,1,"IOTHUB_CLIENT_CONFIRMATION_OK"
762,10823684144,10823684178,1,"IOTHUB_CLIENT_CONFIRMATION_OK"
763,10823684477,10823684506,1,"IOTHUB_CLIENT_CONFIRMATION_OK"
764,10823684810,10823684919,1,"IOTHUB_CLIENT_CONFIRMATION_OK"
765,10823685143,10823685177,1,"IOTHUB_CLIENT_CONFIRMATION_OK"
766,10823685477,10823685542,1,"IOTHUB_CLIENT_CONFIRMATION_OK"
767,10823685810,10823685842,1,"IOTHUB_CLIENT_CONFIRMATION_OK"
768,10823686143,10823686181,1,"IOTHUB_CLIENT_CONFIRMATION_OK"
769,10823686476,10823686508,1,"IOTHUB_CLIENT_CONFIRMATION_OK"
770,10823686809,10823686838,1,"IOTHUB_CLIENT_CONFIRMATION_OK"
771,10823687142,10823687175,1,"IOTHUB_CLIENT_CONFIRMATION_OK"
772,10823687476,10823687507,1,"IOTHUB_CLIENT_CONFIRMATION_OK"
773,10823687809,10823687838,1,"IOTHUB_CLIENT_CONFIRMATION_OK"
774,10823688142,10823688174,1,"IOTHUB_CLIENT_CONFIRMATION_OK"
775,10823688475,10823688508,1,"IOTHUB_CLIENT_CONFIRMATION_OK"
776,10823688808,10823688840,1,"IOTHUB_CLIENT_CONFIRMATION_OK"
777,10823689141,10823689169,1,"IOTHUB_CLIENT_CONFIRMATION_OK"
778,10823689475,10823689504,1,"IOTHUB_CLIENT_CONFIRMATION_OK"
779,10823689808,10823689842,1,"IOTHUB_CLIENT_CONFIRMATION_OK"
780,10823690141,10823690181,1,"IOTHUB_CLIENT_CONFIRMATION_OK"
781,10823690474,10823690502,1,"IOTHUB_CLIENT_CONFIRMATION_OK"
782,10823690807,10823690840,1,"IOTHUB_CLIENT_CONFIRMATION_OK"
783,10823691140,10823691248,1,"IOTHUB_CLIENT_CONFIRMATION_OK"
784,10823691474,10823691518,1,"IOTHUB_CLIENT_CONFIRMATION_OK"
785,10823691807,10823691861,1,"IOTHUB_CLIENT_CONFIRMATION_OK"
786,10823692140,10823692171,1,"IOTHUB_CLIENT_CONFIRMATION_OK"
787,10823692473,10823692508,1,"IOTHUB_CLIENT_CONFIRMATION_OK"
788,10823692806,10823692838,1,"IOTHUB_CLIENT_CONFIRMATION_OK"
789,10823693139,10823693173,1,"IOTHUB_CLIENT_CONFIRMATION_OK"
790,10823693473,10823693503,1,"IOTHUB_CLIENT_CONFIRMATION_OK"
791,10823693806,10823693891,1,"IOTHUB_CLIENT_CONFIRMATION_OK"
792,10823694139,10823694169,1,"IOTHUB_CLIENT_CONFIRMATION_OK"
793,10823694472,10823694504,1,"IOTHUB_CLIENT_CONFIRMATION_OK"
794,10823694805,10823694839,1,"IOTHUB_CLIENT_CONFIRMATION_OK"
795,10823695138,10823695171,1,"IOTHUB_CLIENT_CONFIRMATION_OK"
796,10823695472,10823695501,1,"IOTHUB_CLIENT_CONFIRMATION_OK"
797,10823695805,10823695837,1,"IOTHUB_CLIENT_CONFIRMATION_OK"
798,10823696138,10823696171,1,"IOTHUB_CLIENT_CONFIRMATION_OK"
799,10823696471,10823696505,1,"IOTHUB_CLIENT_CONFIRMATION_OK"
800,10823696804,10823696837,1,"IOTHUB_CLIENT_CONFIRMATION_OK"
801,10823697137,10823697167,1,"IOTHUB_CLIENT_CONFIRMATION_OK"
802,10823697471,10823697502,1,"IOTHUB_CLIENT_CONFIRMATION_OK"
803,10823697804,10823697836,1,"IOTHUB_CLIENT_CONFIRMATION_OK"
804,10823698137,10823698192,1,"IOTHUB_CLIENT_CONFIRMATION_OK"
805,10823698470,10823698503,1,"IOTHUB_CLIENT_CONFIRMATION_OK"
806,10823698803,10823698835,1,"IOTHUB_CLIENT_CONFIRMATION_OK"
807,10823699136,10823699171,1,"IOTHUB_CLIENT_CONFIRMATION_OK"
808,10823699470,10823699576,1,"IOTHUB_CLIENT_CONFIRMATION_OK"
809,10823699803,10823699831,1,"IOTHUB_CLIENT_CONFIRMATION_OK"
810,10823700136,10823700188,1,"IOTHUB_CLIENT_CONFIRMATION_OK"
811,10823700469,10823700498,1,"IOTHUB_CLIENT_CONFIRMATION_OK"
812,10823700802,10823700836,1,"IOTHUB_CLIENT_CONFIRMATION_OK"
813,10823701135,10823701168,1,"IOTHUB_CLIENT_CONFIRMATION_OK"
814,10823701469,10823701502,1,"IOTHUB_CLIENT_CONFIRMATION_OK"
815,10823701802,10823701836,1,"IOTHUB_CLIENT_CONFIRMATION_OK"
816,10823702135,10823702168,1,"IOTHUB_CLIENT_CONFIRMATION_OK"
817,10823702468,10823702502,1,"IOTHUB_CLIENT_CONFIRMATION_OK"
818,10823702801,10823702836,1,"IOTHUB_CLIENT_CONFIRMATION_OK"
819,10823703134,10823703169,1,"IOTHUB_CLIENT_CONFIRMATION_OK"
820,10823703468,10823703549,1,"IOTHUB_CLIENT_CONFIRMATION_OK"
821,10823703801,10823703911,1,"IOTHUB_CLIENT_CONFIRMATION_OK"
822,10823704134,10823704165,1,"IOTHUB_CLIENT_CONFIRMATION_OK"
823,10823704467,10823704502,1,"IOTHUB_CLIENT_CONFIRMATION_OK"
824,10823704800,10823704836,1,"IOTHUB_CLIENT_CONFIRMATION_OK"
825,10823705133,10823705165,1,"IOTHUB_CLIENT_CONFIRMATION_OK"
826,10823705467,10823705506,1,"IOTHUB_CLIENT_CONFIRMATION_OK"
827,10823705800,10823705834,1,"IOTHUB_CLIENT_CONFIRMATION_OK"
828,10823706133,10823706161,1,"IOTHUB_CLIENT_CONFIRMATION_OK"
829,10823706466,10823706500,1,"IOTHUB_CLIENT_CONFIRMATION_OK"
830,10823706799,10823706827,1,"IOTHUB_CLIENT_CONFIRMATION_OK"
831,10823707132,10823707162,1,"IOTHUB_CLIENT_CONFIRMATION_OK"
832,10823707465,10823707496,1,"IOTHUB_CLIENT_CONFIRMATION_OK"
833,10823707799,10823707905,1,"IOTHUB_CLIENT_CONFIRMATION_OK"
834,10823708132,10823708159,1,"IOTHUB_CLIENT_CONFIRMATION_OK"
835,10823708465,10823708514,1,"IOTHUB_CLIENT_CONFIRMATION_OK"
836,10823708798,10823708831,1,"IOTHUB_CLIENT_CONFIRMATION_OK"
837,10823709131,10823709164,1,"IOTHUB_CLIENT_CONFIRMATION_OK"
838,10823709464,10823709497,1,"IOTHUB_CLIENT_CONFIRMATION_OK"
839,10823709798,10823709831,1,"IOTHUB_CLIENT_CONFIRMATION_OK"
840,10823710131,10823710163,1,"IOTHUB_CLIENT_CONFIRMATION_OK"
841,10823710464,10823710496,1,"IOTHUB_CLIENT_CONFIRMATION_OK"
842,10823710797,10823710832,1,"IOTHUB_CLIENT_CONFIRMATION_OK"
843,10823711130,10823711170,1,"IOTHUB_CLIENT_CONFIRMATION_OK"
844,10823711463,10823711492,1,"IOTHUB_CLIENT_CONFIRMATION_OK"
845,10823711797,10823711829,1,"IOTHUB_CLIENT_CONFIRMATION_OK"
846,10823712130,10823712172,1,"IOTHUB_CLIENT_CONFIRMATION_OK"
847,10823712463,10823712495,1,"IOTHUB_CLIENT_CONFIRMATION_OK"
848,10823712796,10823712830,1,"IOTHUB_CLIENT_CONFIRMATION_OK"
849,10823713129,10823713162,1,"IOTHUB_CLIENT_CONFIRMATION_OK"
850,10823713462,10823713494,1,"IOTHUB_CLIENT_CONFIRMATION_OK"
851,10823713796,10823713872,1,"IOTHUB_CLIENT_CONFIRMATION_OK"
852,10823714129,10823714161,1,"IOTHUB_CLIENT_CONFIRMATION_OK"
853,10823714462,10823714495,1,"IOTHUB_CLIENT_CONFIRMATION_OK"
854,10823714795,10823714829,1,"IOTHUB_CLIENT_CONFIRMATION_OK"
855,10823715128,10823715160,1,"IOTHUB_CLIENT_CONFIRMATION_OK"
856,10823715461,10823715670,1,"IOTHUB_CLIENT_CONFIRMATION_OK"
857,10823715794,10823715829,1,"IOTHUB_CLIENT_CONFIRMATION_OK"
858,10823716128,10823716278,1,"IOTHUB_CLIENT_CONFIRMATION_OK"
859,10823716461,10823716497,1,"IOTHUB_CLIENT_CONFIRMATION_OK"
860,10823716794,10823716890,1,"IOTHUB_CLIENT_CONFIRMATION_OK"
861,10823717127,10823717155,1,"IOTHUB_CLIENT_CONFIRMATION_OK"
862,10823717460,10823717522,1,"IOTHUB_CLIENT_CONFIRMATION_OK"
863,10823717793,10823717826,1,"IOTHUB_CLIENT_CONFIRMATION_OK"
864,10823718127,10823718161,1,"IOTHUB_CLIENT_CONFIRMATION_OK"
865,10823718460,10823718499,1,"IOTHUB_CLIENT_CONFIRMATION_OK"
866,10823718793,10823718829,1,"IOTHUB_CLIENT_CONFIRMATION_OK"
867,10823719126,10823719157,1,"IOTHUB_CLIENT_CONFIRMATION_OK"
868,10823719459,10823719493,1,"IOTHUB_CLIENT_CONFIRMATION_OK"
869,10823719792,10823719822,1,"IOTHUB_CLIENT_CONFIRMATION_OK"
870,10823720126,10823720179,1,"IOTHUB_CLIENT_CONFIRMATION_OK"
871,10823720459,10823720492,1,"IOTHUB_CLIENT_CONFIRMATION_OK"
872,10823720792,10823720824,1,"IOTHUB_CLIENT_CONFIRMATION_OK"
873,10823721125,10823721154,1,"IOTHUB_CLIENT_CONFIRMATION_OK"
874,10823721458,10823721493,1,"IOTHUB_CLIENT_CONFIRMATION_OK"
875,10823721791,10823721823,1,"IOTHUB_CLIENT_CONFIRMATION_OK"
876,10823722124,10823722180,1,"IOTHUB_CLIENT_CONFIRMATION_OK"
877,10823722458,10823722486,1,"IOTHUB_CLIENT_CONFIRMATION_OK"
878,10823722791,10823722823,1,"IOTHUB_CLIENT_CONFIRMATION_OK"
879,10823723124,10823723168,1,"IOTHUB_CLIENT_CONFIRMATION_OK"
880,10823723457,10823723491,1,"IOTHUB_CLIENT_CONFIRMATION_OK"
881,10823723790,10823723829,1,"IOTHUB_CLIENT_CONFIRMATION_OK"
882,10823724124,10823724155,1,"IOTHUB_CLIENT_CONFIRMATION_OK"
883,10823724457,10823724493,1,"IOTHUB_CLIENT_CONFIRMATION_OK"
884,10823724790,10823724819,1,"IOTHUB_CLIENT_CONFIRMATION_OK"
885,10823725123,10823725156,1,"IOTHUB_CLIENT_CONFIRMATION_OK"
886,10823725456,10823725488,1,"IOTHUB_CLIENT_CONFIRMATION_OK"
887,10823725789,10823725860,1,"IOTHUB_CLIENT_CONFIRMATION_OK"
888,10823726122,10823726154,1,"IOTHUB_CLIENT_CONFIRMATION_OK"
889,10823726456,10823726487,1,"IOTHUB_CLIENT_CONFIRMATION_OK"
890,10823726789,10823726816,1,"IOTHUB_CLIENT_CONFIRMATION_OK"
891,10823727122,10823727150,1,"IOTHUB_CLIENT_CONFIRMATION_OK"
892,10823727455,10823727493,1,"IOTHUB_CLIENT_CONFIRMATION_OK"
893,10823727788,10823727816,1,"IOTHUB_CLIENT_CONFIRMATION_OK"
894,10823728121,10823728153,1,"IOTHUB_CLIENT_CONFIRMATION_OK"
895,10823728455,10823728497,1,"IOTHUB_CLIENT_CONFIRMATION_OK"
896,10823728788,10823728820,1,"IOTHUB_CLIENT_CONFIRMATION_OK"
897,10823729121,10823729154,1,"IOTHUB_CLIENT_CONFIRMATION_OK"
898,10823729454,10823729488,1,"IOTHUB_CLIENT_CONFIRMATION_OK"
899,10823729787,10823729821,1,"IOTHUB_CLIENT_CONFIRMATION_OK"
