Message ID,Send Time,Receive Time,Status,Error
0,10819442617,10819442795,1,"IOTHUB_CLIENT_CONFIRMATION_OK"
1,10819442950,10819442987,1,"IOTHUB_CLIENT_CONFIRMATION_OK"
2,10819443283,10819443312,1,"IOTHUB_CLIENT_CONFIRMATION_OK"
3,10819443617,10819443644,1,"IOTHUB_CLIENT_CONFIRMATION_OK"
4,10819443950,10819443978,1,"IOTHUB_CLIENT_CONFIRMATION_OK"
5,10819444283,10819444315,1,"IOTHUB_CLIENT_CONFIRMATION_OK"
6,10819444616,10819444644,1,"IOTHUB_CLIENT_CONFIRMATION_OK"
7,10819444949,10819444984,1,"IOTHUB_CLIENT_CONFIRMATION_OK"
8,10819445282,10819445311,1,"IOTHUB_CLIENT_CONFIRMATION_OK"
9,10819445616,10819445793,1,"IOTHUB_CLIENT_CONFIRMATION_OK"
10,10819445949,10819446032,1,"IOTHUB_CLIENT_CONFIRMATION_OK"
11,10819446282,10819446315,1,"IOTHUB_CLIENT_CONFIRMATION_OK"
12,10819446615,10819446651,1,"IOTHUB_CLIENT_CONFIRMATION_OK"
13,10819446948,10819446991,1,"IOTHUB_CLIENT_CONFIRMATION_OK"
14,10819447281,10819447311,1,"IOTHUB_CLIENT_CONFIRMATION_OK"
15,10819447615,10819447644,1,"IOTHUB_CLIENT_CONFIRMATION_OK"
16,10819447948,10819448060,1,"IOTHUB_CLIENT_CONFIRMATION_OK"
17,10819448281,10819448309,1,"IOTHUB_CLIENT_CONFIRMATION_OK"
18,10819448614,10819448672,1,"IOTHUB_CLIENT_CONFIRMATION_OK"
19,10819448947,10819448976,1,"IOTHUB_CLIENT_CONFIRMATION_OK"
20,10819449280,10819449332,1,"IOTHUB_CLIENT_CONFIRMATION_OK"
21,10819449614,10819449645,1,"IOTHUB_CLIENT_CONFIRMATION_OK"
22,10819449947,10819449975,1,"IOTHUB_CLIENT_CONFIRMATION_OK"
23,10819450280,10819450309,1,"IOTHUB_CLIENT_CONFIRMATION_OK"
24,10819450613,10819450650,1,"IOTHUB_CLIENT_CONFIRMATION_OK"
25,10819450946,10819451108,1,"IOTHUB_CLIENT_CONFIRMATION_OK"
26,10819451279,10819451310,1,"IOTHUB_CLIENT_CONFIRMATION_OK"
27,10819451613,10819451651,1,"IOTHUB_CLIENT_CONFIRMATION_OK"
28,10819451946,10819451995,1,"IOTHUB_CLIENT_CONFIRMATION_OK"
29,10819452279,10819452325,1,"IOTHUB_CLIENT_CONFIRMATION_OK"
30,10819452612,10819452640,1,"IOTHUB_CLIENT_CONFIRMATION_OK"
31,10819452945,10819452973,1,"IOTHUB_CLIENT_CONFIRMATION_OK"
32,10819453278,10819453343,1,"IOTHUB_CLIENT_CONFIRMATION_OK"
33,10819453611,10819453643,1,"IOTHUB_CLIENT_CONFIRMATION_OK"
34,10819453945,10819454042,1,"IOTHUB_CLIENT_CONFIRMATION_OK"
35,10819454278,10819454307,1,"IOTHUB_CLIENT_CONFIRMATION_OK"
36,10819454611,10819454656,1,"IOTHUB_CLIENT_CONFIRMATION_OK"
37,10819454944,10819454977,1,"IOTHUB_CLIENT_CONFIRMATION_OK"
38,10819455277,10819455310,1,"IOTHUB_CLIENT_CONFIRMATION_OK"
39,10819455610,10819455674,1,"IOTHUB_CLIENT_CONFIRMATION_OK"
40,10819455944,10819455972,1,"IOTHUB_CLIENT_CONFIRMATION_OK"
41,10819456277,10819456310,1,"IOTHUB_CLIENT_CONFIRMATION_OK"
42,10819456610,10819456639,1,"IOTHUB_CLIENT_CONFIRMATION_OK"
43,10819456943,10819457093,1,"IOTHUB_CLIENT_CONFIRMATION_OK"
44,10819457276,10819457316,1,"IOTHUB_CLIENT_CONFIRMATION_OK"
45,10819457609,10819457639,1,"IOTHUB_CLIENT_CONFIRMATION_OK"
46,10819457943,10819457973,1,"IOTHUB_CLIENT_CONFIRMATION_OK"
47,10819458276,10819458304,1,"IOTHUB_CLIENT_CONFIRMATION_OK"
48,10819458609,10819458638,1,"IOTHUB_CLIENT_CONFIRMATION_OK"
49,10819458942,10819458977,1,"IOTHUB_CLIENT_CONFIRMATION_OK"
50,10819459275,10819459448,1,"IOTHUB_CLIENT_CONFIRMATION_OK"
51,10819459608,10819459757,1,"IOTHUB_CLIENT_CONFIRMATION_OK"
52,10819459941,10819459973,1,"IOTHUB_CLIENT_CONFIRMATION_OK"
53,10819460275,10819460304,1,"IOTHUB_CLIENT_CONFIRMATION_OK"
54,10819460608,10819460652,1,"IOTHUB_CLIENT_CONFIRMATION_OK"
55,10819460941,10819460991,1,"IOTHUB_CLIENT_CONFIRMATION_OK"
56,10819461274,10819461309,1,"IOTHUB_CLIENT_CONFIRMATION_OK"
57,10819461607,10819461636,1,"IOTHUB_CLIENT_CONFIRMATION_OK"
58,10819461940,10819461978,1,"IOTHUB_CLIENT_CONFIRMATION_OK"
59,10819462274,10819462440,1,"IOTHUB_CLIENT_CONFIRMATION_OK"
60,10819462607,10819462656,1,"IOTHUB_CLIENT_CONFIRMATION_OK"
61,10819462940,10819462972,1,"IOTHUB_CLIENT_CONFIRMATION_OK"
62,10819463273,10819463302,1,"IOTHUB_CLIENT_CONFIRMATION_OK"
63,10819463606,10819463700,1,"IOTHUB_CLIENT_CONFIRMATION_OK"
64,10819463939,10819463968,1,"IOTHUB_CLIENT_CONFIRMATION_OK"
65,10819464273,10819464303,1,"IOTHUB_CLIENT_CONFIRMATION_OK"
66,10819464606,10819464714,1,"IOTHUB_CLIENT_CONFIRMATION_OK"
67,10819464939,10819464968,1,"IOTHUB_CLIENT_CONFIRMATION_OK"
68,10819465272,10819465336,1,"IOTHUB_CLIENT_CONFIRMATION_OK"
69,10819465605,10819465634,1,"IOTHUB_CLIENT_CONFIRMATION_OK"
70,10819465938,10819465972,1,"IOTHUB_CLIENT_CONFIRMATION_OK"
71,10819466272,10819466300,1,"IOTHUB_CLIENT_CONFIRMATION_OK"
72,10819466605,10819466639,1,"IOTHUB_CLIENT_CONFIRMATION_OK"
73,10819466938,10819466967,1,"IOTHUB_CLIENT_CONFIRMATION_OK"
74,10819467271,10819467299,1,"IOTHUB_CLIENT_CONFIRMATION_OK"
75,10819467604,10819467790,1,"IOTHUB_CLIENT_CONFIRMATION_OK"
76,10819467937,10819467966,1,"IOTHUB_CLIENT_CONFIRMATION_OK"
77,10819468271,10819468369,1,"IOTHUB_CLIENT_CONFIRMATION_OK"
78,10819468604,10819468633,1,"IOTHUB_CLIENT_CONFIRMATION_OK"
79,10819468937,10819468967,1,"IOTHUB_CLIENT_CONFIRMATION_OK"
80,10819469270,10819469298,1,"IOTHUB_CLIENT_CONFIRMATION_OK"
81,10819469603,10819469634,1,"IOTHUB_CLIENT_CONFIRMATION_OK"
82,10819469936,10819470108,1,"IOTHUB_CLIENT_CONFIRMATION_OK"
83,10819470269,10819470298,1,"IOTHUB_CLIENT_CONFIRMATION_OK"
84,10819470603,10819470631,1,"IOTHUB_CLIENT_CONFIRMATION_OK"
85,10819470936,10819471006,1,"IOTHUB_CLIENT_CONFIRMATION_OK"
86,10819471269,10819471297,1,"IOTHUB_CLIENT_CONFIRMATION_OK"
87,10819471602,10819471633,1,"IOTHUB_CLIENT_CONFIRMATION_OK"
88,10819471935,10819471979,1,"IOTHUB_CLIENT_CONFIRMATION_OK"
89,10819472268,10819472297,1,"IOTHUB_CLIENT_CONFIRMATION_OK"
90,10819472602,10819472634,1,"IOTHUB_CLIENT_CONFIRMATION_OK"
91,10819472935,10819472964,1,"IOTHUB_CLIENT_CONFIRMATION_OK"
92,10819473268,10819473335,1,"IOTHUB_CLIENT_CONFIRMATION_OK"
93,10819473601,10819473753,1,"IOTHUB_CLIENT_CONFIRMATION_OK"
94,10819473934,10819473962,1,"IOTHUB_CLIENT_CONFIRMATION_OK"
95,10819474267,10819474301,1,"IOTHUB_CLIENT_CONFIRMATION_OK"
96,10819474601,10819474629,1,"IOTHUB_CLIENT_CONFIRMATION_OK"
97,10819474934,10819474962,1,"IOTHUB_CLIENT_CONFIRMATION_OK"
98,10819475267,10819475343,1,"IOTHUB_CLIENT_CONFIRMATION_OK"
99,10819475600,10819475630,1,"IOTHUB_CLIENT_CONFIRMATION_OK"
100,10819475933,10819475980,1,"IOTHUB_CLIENT_CONFIRMATION_OK"
101,10819476266,10819476300,1,"IOTHUB_CLIENT_CONFIRMATION_OK"
102,10819476599,10819476767,1,"IOTHUB_CLIENT_CONFIRMATION_OK"
103,10819476933,10819476961,1,"IOTHUB_CLIENT_CONFIRMATION_OK"
104,10819477266,10819477310,1,"IOTHUB_CLIENT_CONFIRMATION_OK"
105,10819477599,10819477641,1,"IOTHUB_CLIENT_CONFIRMATION_OK"
106,10819477932,10819477961,1,"IOTHUB_CLIENT_CONFIRMATION_OK"
107,10819478265,10819478394,1,"IOTHUB_CLIENT_CONFIRMATION_OK"
108,10819478598,10819478636,1,"IOTHUB_CLIENT_CONFIRMATION_OK"
109,10819478932,10819479011,1,"IOTHUB_CLIENT_CONFIRMATION_OK"
110,10819479265,10819479292,1,"IOTHUB_CLIENT_CONFIRMATION_OK"
111,10819479598,10819479628,1,"IOTHUB_CLIENT_CONFIRMATION_OK"
112,10819479931,10819479967,1,"IOTHUB_CLIENT_CONFIRMATION_OK"
113,10819480264,10819480294,1,"IOTHUB_CLIENT_CONFIRMATION_OK"
114,10819480597,10819480629,1,"IOTHUB_CLIENT_CONFIRMATION_OK"
115,10819480931,10819480959,1,"IOTHUB_CLIENT_CONFIRMATION_OK"
116,10819481264,10819481294,1,"IOTHUB_CLIENT_CONFIRMATION_OK"
117,10819481597,10819481631,1,"IOTHUB_CLIENT_CONFIRMATION_OK"
118,10819481930,10819482054,1,"IOTHUB_CLIENT_CONFIRMATION_OK"
119,10819482263,10819482295,1,"IOTHUB_CLIENT_CONFIRMATION_OK"
120,10819482596,10819482625,1,"IOTHUB_CLIENT_CONFIRMATION_OK"
121,10819482929,10819482968,1,"IOTHUB_CLIENT_CONFIRMATION_OK"
122,10819483263,10819483292,1,"IOTHUB_CLIENT_CONFIRMATION_OK"
123,10819483596,10819483696,1,"IOTHUB_CLIENT_CONFIRMATION_OK"
124,10819483929,10819483959,1,"IOTHUB_CLIENT_CONFIRMATION_OK"
125,10819484262,10819484367,1,"IOTHUB_CLIENT_CONFIRMATION_OK"
126,10819484595,10819484624,1,"IOTHUB_CLIENT_CONFIRMATION_OK"
127,10819484928,10819484985,1,"IOTHUB_CLIENT_CONFIRMATION_OK"
128,10819485262,10819485290,1,"IOTHUB_CLIENT_CONFIRMATION_OK"
129,10819485595,10819485639,1,"IOTHUB_CLIENT_CONFIRMATION_OK"
130,10819485928,10819485956,1,"IOTHUB_CLIENT_CONFIRMATION_OK"
131,10819486261,10819486297,1,"IOTHUB_CLIENT_CONFIRMATION_OK"
132,10819486594,10819486624,1,"IOTHUB_CLIENT_CONFIRMATION_OK"
133,10819486927,10819486956,1,"IOTHUB_CLIENT_CONFIRMATION_OK"
134,10819487261,10819487436,1,"IOTHUB_CLIENT_CONFIRMATION_OK"
135,10819487594,10819487625,1,"IOTHUB_CLIENT_CONFIRMATION_OK"
136,10819487927,10819487956,1,"IOTHUB_CLIENT_CONFIRMATION_OK"
137,10819488260,10819488436,1,"IOTHUB_CLIENT_CONFIRMATION_OK"
138,10819488593,10819488624,1,"IOTHUB_CLIENT_CONFIRMATION_OK"
139,10819488926,10819488955,1,"IOTHUB_CLIENT_CONFIRMATION_OK"
140,10819489260,10819489288,1,"IOTHUB_CLIENT_CONFIRMATION_OK"
141,10819489593,10819489684,1,"IOTHUB_CLIENT_CONFIRMATION_OK"
142,10819489926,10819489980,1,"IOTHUB_CLIENT_CONFIRMATION_OK"
143,10819490259,10819490309,1,"IOTHUB_CLIENT_CONFIRMATION_OK"
144,10819490592,10819490627,1,"IOTHUB_CLIENT_CONFIRMATION_OK"
145,10819490925,10819490957,1,"IOTHUB_CLIENT_CONFIRMATION_OK"
146,10819491259,10819491287,1,"IOTHUB_CLIENT_CONFIRMATION_OK"
147,10819491592,10819491620,1,"IOTHUB_CLIENT_CONFIRMATION_OK"
148,10819491925,10819491954,1,"IOTHUB_CLIENT_CONFIRMATION_OK"
149,10819492258,10819492286,1,"IOTHUB_CLIENT_CONFIRMATION_OK"
150,10819492591,10819492730,1,"IOTHUB_CLIENT_CONFIRMATION_OK"
151,10819492924,10819492953,1,"IOTHUB_CLIENT_CONFIRMATION_OK"
152,10819493258,10819493342,1,"IOTHUB_CLIENT_CONFIRMATION_OK"
153,10819493591,10819493622,1,"IOTHUB_CLIENT_CONFIRMATION_OK"
154,10819493924,10819493952,1,"IOTHUB_CLIENT_CONFIRMATION_OK"
155,10819494257,10819494290,1,"IOTHUB_CLIENT_CONFIRMATION_OK"
156,10819494590,10819494618,1,"IOTHUB_CLIENT_CONFIRMATION_OK"
157,10819494923,10819495013,1,"IOTHUB_CLIENT_CONFIRMATION_OK"
158,10819495256,10819495288,1,"IOTHUB_CLIENT_CONFIRMATION_OK"
159,10819495590,10819495637,1,"IOTHUB_CLIENT_CONFIRMATION_OK"
160,10819495923,10819495966,1,"IOTHUB_CLIENT_CONFIRMATION_OK"
161,10819496256,10819496286,1,"IOTHUB_CLIENT_CONFIRMATION_OK"
162,10819496589,10819496619,1,"IOTHUB_CLIENT_CONFIRMATION_OK"
163,10819496922,10819496952,1,"IOTHUB_CLIENT_CONFIRMATION_OK"
164,10819497255,10819497289,1,"IOTHUB_CLIENT_CONFIRMATION_OK"
165,10819497589,10819497616,1,"IOTHUB_CLIENT_CONFIRMATION_OK"
166,10819497922,10819498059,1,"IOTHUB_CLIENT_CONFIRMATION_OK"
167,10819498255,10819498284,1,"IOTHUB_CLIENT_CONFIRMATION_OK"
168,10819498588,10819498674,1,"IOTHUB_CLIENT_CONFIRMATION_OK"
169,10819498921,10819498957,1,"IOTHUB_CLIENT_CONFIRMATION_OK"
170,10819499254,10819499284,1,"IOTHUB_CLIENT_CONFIRMATION_OK"
171,10819499588,10819499615,1,"IOTHUB_CLIENT_CONFIRMATION_OK"
172,10819499921,10819499950,1,"IOTHUB_CLIENT_CONFIRMATION_OK"
173,10819500254,10819500294,1,"IOTHUB_CLIENT_CONFIRMATION_OK"
174,10819500587,10819500616,1,"IOTHUB_CLIENT_CONFIRMATION_OK"
175,10819500920,10819500953,1,"IOTHUB_CLIENT_CONFIRMATION_OK"
176,10819501253,10819501282,1,"IOTHUB_CLIENT_CONFIRMATION_OK"
177,10819501586,10819501734,1,"IOTHUB_CLIENT_CONFIRMATION_OK"
178,10819501920,10819501951,1,"IOTHUB_CLIENT_CONFIRMATION_OK"
179,10819502253,10819502281,1,"IOTHUB_CLIENT_CONFIRMATION_OK"
180,10819502586,10819502617,1,"IOTHUB_CLIENT_CONFIRMATION_OK"
181,10819502919,10819502947,1,"IOTHUB_CLIENT_CONFIRMATION_OK"
182,10819503252,10819503376,1,"IOTHUB_CLIENT_CONFIRMATION_OK"
183,10819503585,10819503616,1,"IOTHUB_CLIENT_CONFIRMATION_OK"
184,10819503919,10819503968,1,"IOTHUB_CLIENT_CONFIRMATION_OK"
185,10819504252,10819504281,1,"IOTHUB_CLIENT_CONFIRMATION_OK"
186,10819504585,10819504613,1,"IOTHUB_CLIENT_CONFIRMATION_OK"
187,10819504918,10819504958,1,"IOTHUB_CLIENT_CONFIRMATION_OK"
188,10819505251,10819505280,1,"IOTHUB_CLIENT_CONFIRMATION_OK"
189,10819505584,10819505612,1,"IOTHUB_CLIENT_CONFIRMATION_OK"
190,10819505918,10819505950,1,"IOTHUB_CLIENT_CONFIRMATION_OK"
191,10819506251,10819506413,1,"IOTHUB_CLIENT_CONFIRMATION_OK"
192,10819506584,10819506629,1,"IOTHUB_CLIENT_CONFIRMATION_OK"
193,10819506917,10819507014,1,"IOTHUB_CLIENT_CONFIRMATION_OK"
194,10819507250,10819507278,1,"IOTHUB_CLIENT_CONFIRMATION_OK"
195,10819507583,10819507613,1,"IOTHUB_CLIENT_CONFIRMATION_OK"
196,10819507916,10819507946,1,"IOTHUB_CLIENT_CONFIRMATION_OK"
197,10819508250,10819508277,1,"IOTHUB_CLIENT_CONFIRMATION_OK"
198,10819508583,10819508646,1,"IOTHUB_CLIENT_CONFIRMATION_OK"
199,10819508916,10819508944,1,"IOTHUB_CLIENT_CONFIRMATION_OK"
200,10819509249,10819509290,1,"IOTHUB_CLIENT_CONFIRMATION_OK"
201,10819509582,10819509610,1,"IOTHUB_CLIENT_CONFIRMATION_OK"
202,10819509915,10819510067,1,"IOTHUB_CLIENT_CONFIRMATION_OK"
203,10819510249,10819510278,1,"IOTHUB_CLIENT_CONFIRMATION_OK"
204,10819510582,10819510610,1,"IOTHUB_CLIENT_CONFIRMATION_OK"
205,10819510915,10819510960,1,"IOTHUB_CLIENT_CONFIRMATION_OK"
206,10819511248,10819511279,1,"IOTHUB_CLIENT_CONFIRMATION_OK"
207,10819511581,10819511698,1,"IOTHUB_CLIENT_CONFIRMATION_OK"
208,10819511914,10819511944,1,"IOTHUB_CLIENT_CONFIRMATION_OK"
209,10819512248,10819512305,1,"IOTHUB_CLIENT_CONFIRMATION_OK"
210,10819512581,10819512610,1,"IOTHUB_CLIENT_CONFIRMATION_OK"
211,10819512914,10819512962,1,"IOTHUB_CLIENT_CONFIRMATION_OK"
212,10819513247,10819513358,1,"IOTHUB_CLIENT_CONFIRMATION_OK"
213,10819513580,10819513636,1,"IOTHUB_CLIENT_CONFIRMATION_OK"
214,10819513913,10819513967,1,"IOTHUB_CLIENT_CONFIRMATION_OK"
215,10819514247,10819514275,1,"IOTHUB_CLIENT_CONFIRMATION_OK"
216,10819514580,10819514610,1,"IOTHUB_CLIENT_CONFIRMATION_OK"
217,10819514913,10819514942,1,"IOTHUB_CLIENT_CONFIRMATION_OK"
218,10819515246,10819515355,1,"IOTHUB_CLIENT_CONFIRMATION_OK"
219,10819515579,10819515608,1,"IOTHUB_CLIENT_CONFIRMATION_OK"
220,10819515913,10819515942,1,"IOTHUB_CLIENT_CONFIRMATION_OK"
221,10819516246,10819516274,1,"IOTHUB_CLIENT_CONFIRMATION_OK"
222,10819516579,10819516607,1,"IOTHUB_CLIENT_CONFIRMATION_OK"
223,10819516912,10819516943,1,"IOTHUB_CLIENT_CONFIRMATION_OK"
224,10819517245,10819517274,1,"IOTHUB_CLIENT_CONFIRMATION_OK"
225,10819517578,10819517612,1,"IOTHUB_CLIENT_CONFIRMATION_OK"
226,10819517912,10819517948,1,"IOTHUB_CLIENT_CONFIRMATION_OK"
227,10819518245,10819518410,1,"IOTHUB_CLIENT_CONFIRMATION_OK"
228,10819518578,10819518607,1,"IOTHUB_CLIENT_CONFIRMATION_OK"
229,10819518911,10819518939,1,"IOTHUB_CLIENT_CONFIRMATION_OK"
230,10819519244,10819519273,1,"IOTHUB_CLIENT_CONFIRMATION_OK"
231,10819519577,10819519606,1,"IOTHUB_CLIENT_CONFIRMATION_OK"
232,10819519910,10819519943,1,"IOTHUB_CLIENT_CONFIRMATION_OK"
233,10819520244,10819520275,1,"IOTHUB_CLIENT_CONFIRMATION_OK"
234,10819520577,10819520748,1,"IOTHUB_CLIENT_CONFIRMATION_OK"
235,10819520910,10819520938,1,"IOTHUB_CLIENT_CONFIRMATION_OK"
236,10819521243,10819521327,1,"IOTHUB_CLIENT_CONFIRMATION_OK"
237,10819521576,10819521604,1,"IOTHUB_CLIENT_CONFIRMATION_OK"
238,10819521909,10819521938,1,"IOTHUB_CLIENT_CONFIRMATION_OK"
239,10819522243,10819522272,1,"IOTHUB_CLIENT_CONFIRMATION_OK"
240,10819522576,10819522606,1,"IOTHUB_CLIENT_CONFIRMATION_OK"
241,10819522909,10819522949,1,"IOTHUB_CLIENT_CONFIRMATION_OK"
242,10819523242,10819523274,1,"IOTHUB_CLIENT_CONFIRMATION_OK"
243,10819523575,10819523605,1,"IOTHUB_CLIENT_CONFIRMATION_OK"
244,10819523908,10819523937,1,"IOTHUB_CLIENT_CONFIRMATION_OK"
245,10819524242,10819524382,1,"IOTHUB_CLIENT_CONFIRMATION_OK"
246,10819524575,10819524603,1,"IOTHUB_CLIENT_CONFIRMATION_OK"
247,10819524908,10819524936,1,"IOTHUB_CLIENT_CONFIRMATION_OK"
248,10819525241,10819525269,1,"IOTHUB_CLIENT_CONFIRMATION_OK"
249,10819525574,10819525602,1,"IOTHUB_CLIENT_CONFIRMATION_OK"
250,10819525907,10819526044,1,"IOTHUB_CLIENT_CONFIRMATION_OK"
251,10819526241,10819526269,1,"IOTHUB_CLIENT_CONFIRMATION_OK"
252,10819526574,10819526620,1,"IOTHUB_CLIENT_CONFIRMATION_OK"
253,10819526907,10819526935,1,"IOTHUB_CLIENT_CONFIRMATION_OK"
254,10819527240,10819527270,1,"IOTHUB_CLIENT_CONFIRMATION_OK"
255,10819527573,10819527603,1,"IOTHUB_CLIENT_CONFIRMATION_OK"
256,10819527906,10819527946,1,"IOTHUB_CLIENT_CONFIRMATION_OK"
257,10819528240,10819528271,1,"IOTHUB_CLIENT_CONFIRMATION_OK"
258,10819528573,10819528601,1,"IOTHUB_CLIENT_CONFIRMATION_OK"
259,10819528906,10819529063,1,"IOTHUB_CLIENT_CONFIRMATION_OK"
260,10819529239,10819529272,1,"IOTHUB_CLIENT_CONFIRMATION_OK"
261,10819529572,10819529671,1,"IOTHUB_CLIENT_CONFIRMATION_OK"
262,10819529905,10819529938,1,"IOTHUB_CLIENT_CONFIRMATION_OK"
263,10819530239,10819530271,1,"IOTHUB_CLIENT_CONFIRMATION_OK"
264,10819530572,10819530600,1,"IOTHUB_CLIENT_CONFIRMATION_OK"
265,10819530905,10819530994,1,"IOTHUB_CLIENT_CONFIRMATION_OK"
266,10819531238,10819531267,1,"IOTHUB_CLIENT_CONFIRMATION_OK"
267,10819531571,10819531599,1,"IOTHUB_CLIENT_CONFIRMATION_OK"
268,10819531904,10819532017,1,"IOTHUB_CLIENT_CONFIRMATION_OK"
269,10819532238,10819532266,1,"IOTHUB_CLIENT_CONFIRMATION_OK"
270,10819532571,10819532615,1,"IOTHUB_CLIENT_CONFIRMATION_OK"
271,10819532904,10819532932,1,"IOTHUB_CLIENT_CONFIRMATION_OK"
272,10819533237,10819533266,1,"IOTHUB_CLIENT_CONFIRMATION_OK"
273,10819533570,10819533599,1,"IOTHUB_CLIENT_CONFIRMATION_OK"
274,10819533903,10819533932,1,"IOTHUB_CLIENT_CONFIRMATION_OK"
275,10819534237,10819534266,1,"IOTHUB_CLIENT_CONFIRMATION_OK"
276,10819534570,10819534604,1,"IOTHUB_CLIENT_CONFIRMATION_OK"
277,10819534903,10819535066,1,"IOTHUB_CLIENT_CONFIRMATION_OK"
278,10819535236,10819535266,1,"IOTHUB_CLIENT_CONFIRMATION_OK"
279,10819535569,10819535598,1,"IOTHUB_CLIENT_CONFIRMATION_OK"
280,10819535902,10819535953,1,"IOTHUB_CLIENT_CONFIRMATION_OK"
281,10819536236,10819536263,1,"IOTHUB_CLIENT_CONFIRMATION_OK"
282,10819536569,10819536596,1,"IOTHUB_CLIENT_CONFIRMATION_OK"
283,10819536902,10819536931,1,"IOTHUB_CLIENT_CONFIRMATION_OK"
284,10819537235,10819537319,1,"IOTHUB_CLIENT_CONFIRMATION_OK"
285,10819537568,10819537613,1,"IOTHUB_CLIENT_CONFIRMATION_OK"
286,10819537901,10819537940,1,"IOTHUB_CLIENT_CONFIRMATION_OK"
287,10819538235,10819538263,1,"IOTHUB_CLIENT_CONFIRMATION_OK"
288,10819538568,10819538598,1,"IOTHUB_CLIENT_CONFIRMATION_OK"
289,10819538901,10819538929,1,"IOTHUB_CLIENT_CONFIRMATION_OK"
290,10819539234,10819539265,1,"IOTHUB_CLIENT_CONFIRMATION_OK"
291,10819539567,10819539600,1,"IOTHUB_CLIENT_CONFIRMATION_OK"
292,10819539900,10819539928,1,"IOTHUB_CLIENT_CONFIRMATION_OK"
293,10819540234,10819540354,1,"IOTHUB_CLIENT_CONFIRMATION_OK"
294,10819540567,10819540596,1,"IOTHUB_CLIENT_CONFIRMATION_OK"
295,10819540900,10819540959,1,"IOTHUB_CLIENT_CONFIRMATION_OK"
296,10819541233,10819541262,1,"IOTHUB_CLIENT_CONFIRMATION_OK"
297,10819541566,10819541595,1,"IOTHUB_CLIENT_CONFIRMATION_OK"
298,10819541899,10819541930,1,"IOTHUB_CLIENT_CONFIRMATION_OK"
299,10819542233,10819542262,1,"IOTHUB_CLIENT_CONFIRMATION_OK"
300,10819542566,10819542606,1,"IOTHUB_CLIENT_CONFIRMATION_OK"
301,10819542899,10819542928,1,"IOTHUB_CLIENT_CONFIRMATION_OK"
302,10819543232,10819543375,1,"IOTHUB_CLIENT_CONFIRMATION_OK"
303,10819543565,10819543594,1,"IOTHUB_CLIENT_CONFIRMATION_OK"
304,10819543898,10819543927,1,"IOTHUB_CLIENT_CONFIRMATION_OK"
305,10819544232,10819544259,1,"IOTHUB_CLIENT_CONFIRMATION_OK"
306,10819544565,10819544595,1,"IOTHUB_CLIENT_CONFIRMATION_OK"
307,10819544898,10819544929,1,"IOTHUB_CLIENT_CONFIRMATION_OK"
308,10819545231,10819545260,1,"IOTHUB_CLIENT_CONFIRMATION_OK"
309,10819545564,10819545623,1,"IOTHUB_CLIENT_CONFIRMATION_OK"
310,10819545897,10819545924,1,"IOTHUB_CLIENT_CONFIRMATION_OK"
311,10819546231,10819546429,1,"IOTHUB_CLIENT_CONFIRMATION_OK"
312,10819546564,10819546594,1,"IOTHUB_CLIENT_CONFIRMATION_OK"
313,10819546897,10819546926,1,"IOTHUB_CLIENT_CONFIRMATION_OK"
314,10819547230,10819547260,1,"IOTHUB_CLIENT_CONFIRMATION_OK"
315,10819547563,10819547600,1,"IOTHUB_CLIENT_CONFIRMATION_OK"
316,10819547897,10819547925,1,"IOTHUB_CLIENT_CONFIRMATION_OK"
317,10819548230,10819548259,1,"IOTHUB_CLIENT_CONFIRMATION_OK"
318,10819548563,10819548661,1,"IOTHUB_CLIENT_CONFIRMATION_OK"
319,10819548896,10819548924,1,"IOTHUB_CLIENT_CONFIRMATION_OK"
320,10819549229,10819549309,1,"IOTHUB_CLIENT_CONFIRMATION_OK"
321,10819549562,10819549590,1,"IOTHUB_CLIENT_CONFIRMATION_OK"
322,10819549895,10819549929,1,"IOTHUB_CLIENT_CONFIRMATION_OK"
323,10819550229,10819550258,1,"IOTHUB_CLIENT_CONFIRMATION_OK"
324,10819550562,10819550591,1,"IOTHUB_CLIENT_CONFIRMATION_OK"
325,10819550895,10819550943,1,"IOTHUB_CLIENT_CONFIRMATION_OK"
326,10819551228,10819551259,1,"IOTHUB_CLIENT_CONFIRMATION_OK"
327,10819551561,10819551589,1,"IOTHUB_CLIENT_CONFIRMATION_OK"
328,10819551894,10819551924,1,"IOTHUB_CLIENT_CONFIRMATION_OK"
329,10819552228,10819552258,1,"IOTHUB_CLIENT_CONFIRMATION_OK"
330,10819552561,10819552590,1,"IOTHUB_CLIENT_CONFIRMATION_OK"
331,10819552894,10819552923,1,"IOTHUB_CLIENT_CONFIRMATION_OK"
332,10819553227,10819553255,1,"IOTHUB_CLIENT_CONFIRMATION_OK"
333,10819553560,10819553589,1,"IOTHUB_CLIENT_CONFIRMATION_OK"
334,10819553894,10819553988,1,"IOTHUB_CLIENT_CONFIRMATION_OK"
335,10819554227,10819554255,1,"IOTHUB_CLIENT_CONFIRMATION_OK"
336,10819554560,10819554604,1,"IOTHUB_CLIENT_CONFIRMATION_OK"
337,10819554893,10819554927,1,"IOTHUB_CLIENT_CONFIRMATION_OK"
338,10819555226,10819555256,1,"IOTHUB_CLIENT_CONFIRMATION_OK"
339,10819555559,10819555588,1,"IOTHUB_CLIENT_CONFIRMATION_OK"
340,10819555892,10819555925,1,"IOTHUB_CLIENT_CONFIRMATION_OK"
341,10819556226,10819556256,1,"IOTHUB_CLIENT_CONFIRMATION_OK"
342,10819556559,10819556591,1,"IOTHUB_CLIENT_CONFIRMATION_OK"
343,10819556892,10819557034,1,"IOTHUB_CLIENT_CONFIRMATION_OK"
344,10819557225,10819557254,1,"IOTHUB_CLIENT_CONFIRMATION_OK"
345,10819557558,10819557645,1,"IOTHUB_CLIENT_CONFIRMATION_OK"
346,10819557891,10819557923,1,"IOTHUB_CLIENT_CONFIRMATION_OK"
347,10819558225,10819558253,1,"IOTHUB_CLIENT_CONFIRMATION_OK"
348,10819558558,10819558586,1,"IOTHUB_CLIENT_CONFIRMATION_OK"
349,10819558891,10819558920,1,"IOTHUB_CLIENT_CONFIRMATION_OK"
350,10819559224,10819559291,1,"IOTHUB_CLIENT_CONFIRMATION_OK"
351,10819559557,10819559587,1,"IOTHUB_CLIENT_CONFIRMATION_OK"
352,10819559890,10819559919,1,"IOTHUB_CLIENT_CONFIRMATION_OK"
353,10819560224,10819560254,1,"IOTHUB_CLIENT_CONFIRMATION_OK"
354,10819560557,10819560684,1,"IOTHUB_CLIENT_CONFIRMATION_OK"
355,10819560890,10819560918,1,"IOTHUB_CLIENT_CONFIRMATION_OK"
356,10819561223,10819561254,1,"IOTHUB_CLIENT_CONFIRMATION_OK"
357,10819561556,10819561584,1,"IOTHUB_CLIENT_CONFIRMATION_OK"
358,10819561889,10819561919,1,"IOTHUB_CLIENT_CONFIRMATION_OK"
359,10819562223,10819562341,1,"IOTHUB_CLIENT_CONFIRMATION_OK"
360,10819562556,10819562584,1,"IOTHUB_CLIENT_CONFIRMATION_OK"
361,10819562889,10819562952,1,"IOTHUB_CLIENT_CONFIRMATION_OK"
362,10819563222,10819563263,1,"IOTHUB_CLIENT_CONFIRMATION_OK"
363,10819563555,10819563589,1,"IOTHUB_CLIENT_CONFIRMATION_OK"
364,10819563888,10819563918,1,"IOTHUB_CLIENT_CONFIRMATION_OK"
365,10819564222,10819564253,1,"IOTHUB_CLIENT_CONFIRMATION_OK"
366,10819564555,10819564589,1,"IOTHUB_CLIENT_CONFIRMATION_OK"
367,10819564888,10819564917,1,"IOTHUB_CLIENT_CONFIRMATION_OK"
368,10819565221,10819565408,1,"IOTHUB_CLIENT_CONFIRMATION_OK"
369,10819565554,10819565583,1,"IOTHUB_CLIENT_CONFIRMATION_OK"
370,10819565887,10819565995,1,"IOTHUB_CLIENT_CONFIRMATION_OK"
371,10819566221,10819566253,1,"IOTHUB_CLIENT_CONFIRMATION_OK"
372,10819566554,10819566586,1,"IOTHUB_CLIENT_CONFIRMATION_OK"
373,10819566887,10819566921,1,"IOTHUB_CLIENT_CONFIRMATION_OK"
374,10819567220,10819567250,1,"IOTHUB_CLIENT_CONFIRMATION_OK"
375,10819567553,10819567615,1,"IOTHUB_CLIENT_CONFIRMATION_OK"
376,10819567886,10819567916,1,"IOTHUB_CLIENT_CONFIRMATION_OK"
377,10819568220,10819568247,1,"IOTHUB_CLIENT_CONFIRMATION_OK"
378,10819568553,10819568581,1,"IOTHUB_CLIENT_CONFIRMATION_OK"
379,10819568886,10819568915,1,"IOTHUB_CLIENT_CONFIRMATION_OK"
380,10819569219,10819569281,1,"IOTHUB_CLIENT_CONFIRMATION_OK"
381,10819569552,10819569581,1,"IOTHUB_CLIENT_CONFIRMATION_OK"
382,10819569885,10819569919,1,"IOTHUB_CLIENT_CONFIRMATION_OK"
383,10819570219,10819570247,1,"IOTHUB_CLIENT_CONFIRMATION_OK"
384,10819570552,10819570702,1,"IOTHUB_CLIENT_CONFIRMATION_OK"
385,10819570885,10819570914,1,"IOTHUB_CLIENT_CONFIRMATION_OK"
386,10819571218,10819571308,1,"IOTHUB_CLIENT_CONFIRMATION_OK"
387,10819571551,10819571580,1,"IOTHUB_CLIENT_CONFIRMATION_OK"
388,10819571884,10819571913,1,"IOTHUB_CLIENT_CONFIRMATION_OK"
389,10819572218,10819572247,1,"IOTHUB_CLIENT_CONFIRMATION_OK"
390,10819572551,10819572580,1,"IOTHUB_CLIENT_CONFIRMATION_OK"
391,10819572884,10819572938,1,"IOTHUB_CLIENT_CONFIRMATION_OK"
392,10819573217,10819573247,1,"IOTHUB_CLIENT_CONFIRMATION_OK"
393,10819573550,10819573586,1,"IOTHUB_CLIENT_CONFIRMATION_OK"
394,10819573883,10819573914,1,"IOTHUB_CLIENT_CONFIRMATION_OK"
395,10819574217,10819574367,1,"IOTHUB_CLIENT_CONFIRMATION_OK"
396,10819574550,10819574579,1,"IOTHUB_CLIENT_CONFIRMATION_OK"
397,10819574883,10819574936,1,"IOTHUB_CLIENT_CONFIRMATION_OK"
398,10819575216,10819575246,1,"IOTHUB_CLIENT_CONFIRMATION_OK"
399,10819575549,10819575580,1,"IOTHUB_CLIENT_CONFIRMATION_OK"
400,10819575882,10819576008,1,"IOTHUB_CLIENT_CONFIRMATION_OK"
401,10819576215,10819576246,1,"IOTHUB_CLIENT_CONFIRMATION_OK"
402,10819576549,10819576614,1,"IOTHUB_CLIENT_CONFIRMATION_OK"
403,10819576882,10819576929,1,"IOTHUB_CLIENT_CONFIRMATION_OK"
404,10819577215,10819577246,1,"IOTHUB_CLIENT_CONFIRMATION_OK"
405,10819577548,10819577577,1,"IOTHUB_CLIENT_CONFIRMATION_OK"
406,10819577881,10819577911,1,"IOTHUB_CLIENT_CONFIRMATION_OK"
407,10819578214,10819578243,1,"IOTHUB_CLIENT_CONFIRMATION_OK"
408,10819578548,10819578579,1,"IOTHUB_CLIENT_CONFIRMATION_OK"
409,10819578881,10819578951,1,"IOTHUB_CLIENT_CONFIRMATION_OK"
410,10819579214,10819579242,1,"IOTHUB_CLIENT_CONFIRMATION_OK"
411,10819579547,10819579655,1,"IOTHUB_CLIENT_CONFIRMATION_OK"
412,10819579880,10819579908,1,"IOTHUB_CLIENT_CONFIRMATION_OK"
413,10819580213,10819580254,1,"IOTHUB_CLIENT_CONFIRMATION_OK"
414,10819580547,10819580578,1,"IOTHUB_CLIENT_CONFIRMATION_OK"
415,10819580880,10819580909,1,"IOTHUB_CLIENT_CONFIRMATION_OK"
416,10819581213,10819581282,1,"IOTHUB_CLIENT_CONFIRMATION_OK"
417,10819581546,10819581576,1,"IOTHUB_CLIENT_CONFIRMATION_OK"
418,10819581879,10819581910,1,"IOTHUB_CLIENT_CONFIRMATION_OK"
419,10819582212,10819582240,1,"IOTHUB_CLIENT_CONFIRMATION_OK"
420,10819582546,10819582698,1,"IOTHUB_CLIENT_CONFIRMATION_OK"
421,10819582879,10819582907,1,"IOTHUB_CLIENT_CONFIRMATION_OK"
422,10819583212,10819583241,1,"IOTHUB_CLIENT_CONFIRMATION_OK"
423,10819583545,10819583574,1,"IOTHUB_CLIENT_CONFIRMATION_OK"
424,10819583878,10819583909,1,"IOTHUB_CLIENT_CONFIRMATION_OK"
425,10819584211,10819584328,1,"IOTHUB_CLIENT_CONFIRMATION_OK"
426,10819584545,10819584574,1,"IOTHUB_CLIENT_CONFIRMATION_OK"
427,10819584878,10819584976,1,"IOTHUB_CLIENT_CONFIRMATION_OK"
428,10819585211,10819585255,1,"IOTHUB_CLIENT_CONFIRMATION_OK"
429,10819585544,10819585573,1,"IOTHUB_CLIENT_CONFIRMATION_OK"
430,10819585877,10819585905,1,"IOTHUB_CLIENT_CONFIRMATION_OK"
431,10819586210,10819586238,1,"IOTHUB_CLIENT_CONFIRMATION_OK"
432,10819586544,10819586573,1,"IOTHUB_CLIENT_CONFIRMATION_OK"
433,10819586877,10819586909,1,"IOTHUB_CLIENT_CONFIRMATION_OK"
434,10819587210,10819587241,1,"IOTHUB_CLIENT_CONFIRMATION_OK"
435,10819587543,10819587572,1,"IOTHUB_CLIENT_CONFIRMATION_OK"
436,10819587876,10819588052,1,"IOTHUB_CLIENT_CONFIRMATION_OK"
437,10819588209,10819588240,1,"IOTHUB_CLIENT_CONFIRMATION_OK"
438,10819588543,10819588570,1,"IOTHUB_CLIENT_CONFIRMATION_OK"
439,10819588876,10819588905,1,"IOTHUB_CLIENT_CONFIRMATION_OK"
440,10819589209,10819589238,1,"IOTHUB_CLIENT_CONFIRMATION_OK"
441,10819589542,10819589574,1,"IOTHUB_CLIENT_CONFIRMATION_OK"
442,10819589875,10819589938,1,"IOTHUB_CLIENT_CONFIRMATION_OK"
443,10819590208,10819590286,1,"IOTHUB_CLIENT_CONFIRMATION_OK"
444,10819590542,10819590574,1,"IOTHUB_CLIENT_CONFIRMATION_OK"
445,10819590875,10819590905,1,"IOTHUB_CLIENT_CONFIRMATION_OK"
446,10819591208,10819591240,1,"IOTHUB_CLIENT_CONFIRMATION_OK"
447,10819591541,10819591569,1,"IOTHUB_CLIENT_CONFIRMATION_OK"
448,10819591874,10819591904,1,"IOTHUB_CLIENT_CONFIRMATION_OK"
449,10819592207,10819592236,1,"IOTHUB_CLIENT_CONFIRMATION_OK"
450,10819592541,10819592570,1,"IOTHUB_CLIENT_CONFIRMATION_OK"
451,10819592874,10819592907,1,"IOTHUB_CLIENT_CONFIRMATION_OK"
452,10819593207,10819593342,1,"IOTHUB_CLIENT_CONFIRMATION_OK"
453,10819593540,10819593570,1,"IOTHUB_CLIENT_CONFIRMATION_OK"
454,10819593873,10819593933,1,"IOTHUB_CLIENT_CONFIRMATION_OK"
455,10819594206,10819594299,1,"IOTHUB_CLIENT_CONFIRMATION_OK"
456,10819594540,10819594570,1,"IOTHUB_CLIENT_CONFIRMATION_OK"
457,10819594873,10819594911,1,"IOTHUB_CLIENT_CONFIRMATION_OK"
458,10819595206,10819595234,1,"IOTHUB_CLIENT_CONFIRMATION_OK"
459,10819595539,10819595584,1,"IOTHUB_CLIENT_CONFIRMATION_OK"
460,10819595872,10819595905,1,"IOTHUB_CLIENT_CONFIRMATION_OK"
461,10819596205,10819596373,1,"IOTHUB_CLIENT_CONFIRMATION_OK"
462,10819596539,10819596568,1,"IOTHUB_CLIENT_CONFIRMATION_OK"
463,10819596872,10819596901,1,"IOTHUB_CLIENT_CONFIRMATION_OK"
464,10819597205,10819597235,1,"IOTHUB_CLIENT_CONFIRMATION_OK"
465,10819597538,10819597577,1,"IOTHUB_CLIENT_CONFIRMATION_OK"
466,10819597871,10819597900,1,"IOTHUB_CLIENT_CONFIRMATION_OK"
467,10819598204,10819598235,1,"IOTHUB_CLIENT_CONFIRMATION_OK"
468,10819598538,10819598642,1,"IOTHUB_CLIENT_CONFIRMATION_OK"
469,10819598871,10819598901,1,"IOTHUB_CLIENT_CONFIRMATION_OK"
470,10819599204,10819599252,1,"IOTHUB_CLIENT_CONFIRMATION_OK"
471,10819599537,10819599567,1,"IOTHUB_CLIENT_CONFIRMATION_OK"
472,10819599870,10819599902,1,"IOTHUB_CLIENT_CONFIRMATION_OK"
473,10819600203,10819600231,1,"IOTHUB_CLIENT_CONFIRMATION_OK"
474,10819600537,10819600565,1,"IOTHUB_CLIENT_CONFIRMATION_OK"
475,10819600870,10819600899,1,"IOTHUB_CLIENT_CONFIRMATION_OK"
476,10819601203,10819601232,1,"IOTHUB_CLIENT_CONFIRMATION_OK"
477,10819601536,10819601690,1,"IOTHUB_CLIENT_CONFIRMATION_OK"
478,10819601869,10819601899,1,"IOTHUB_CLIENT_CONFIRMATION_OK"
479,10819602202,10819602293,1,"IOTHUB_CLIENT_CONFIRMATION_OK"
480,10819602536,10819602564,1,"IOTHUB_CLIENT_CONFIRMATION_OK"
481,10819602869,10819602898,1,"IOTHUB_CLIENT_CONFIRMATION_OK"
482,10819603202,10819603233,1,"IOTHUB_CLIENT_CONFIRMATION_OK"
483,10819603535,10819603661,1,"IOTHUB_CLIENT_CONFIRMATION_OK"
484,10819603868,10819603927,1,"IOTHUB_CLIENT_CONFIRMATION_OK"
485,10819604201,10819604231,1,"IOTHUB_CLIENT_CONFIRMATION_OK"
486,10819604535,10819604583,1,"IOTHUB_CLIENT_CONFIRMATION_OK"
487,10819604868,10819604902,1,"IOTHUB_CLIENT_CONFIRMATION_OK"
488,10819605201,10819605230,1,"IOTHUB_CLIENT_CONFIRMATION_OK"
489,10819605534,10819605564,1,"IOTHUB_CLIENT_CONFIRMATION_OK"
490,10819605867,10819605896,1,"IOTHUB_CLIENT_CONFIRMATION_OK"
491,10819606200,10819606228,1,"IOTHUB_CLIENT_CONFIRMATION_OK"
492,10819606534,10819606571,1,"IOTHUB_CLIENT_CONFIRMATION_OK"
493,10819606867,10819606971,1,"IOTHUB_CLIENT_CONFIRMATION_OK"
494,10819607200,10819607227,1,"IOTHUB_CLIENT_CONFIRMATION_OK"
495,10819607533,10819607574,1,"IOTHUB_CLIENT_CONFIRMATION_OK"
496,10819607866,10819607895,1,"IOTHUB_CLIENT_CONFIRMATION_OK"
497,10819608199,10819608247,1,"IOTHUB_CLIENT_CONFIRMATION_OK"
498,10819608533,10819608566,1,"IOTHUB_CLIENT_CONFIRMATION_OK"
499,10819608866,10819608894,1,"IOTHUB_CLIENT_CONFIRMATION_OK"
500,10819609199,10819609228,1,"IOTHUB_CLIENT_CONFIRMATION_OK"
501,10819609532,10819609777,1,"IOTHUB_CLIENT_CONFIRMATION_OK"
502,10819609865,10819610004,1,"IOTHUB_CLIENT_CONFIRMATION_OK"
503,10819610198,10819610236,1,"IOTHUB_CLIENT_CONFIRMATION_OK"
504,10819610532,10819610619,1,"IOTHUB_CLIENT_CONFIRMATION_OK"
505,10819610865,10819610894,1,"IOTHUB_CLIENT_CONFIRMATION_OK"
506,10819611198,10819611230,1,"IOTHUB_CLIENT_CONFIRMATION_OK"
507,10819611531,10819611566,1,"IOTHUB_CLIENT_CONFIRMATION_OK"
508,10819611864,10819611915,1,"IOTHUB_CLIENT_CONFIRMATION_OK"
509,10819612197,10819612256,1,"IOTHUB_CLIENT_CONFIRMATION_OK"
510,10819612530,10819612559,1,"IOTHUB_CLIENT_CONFIRMATION_OK"
511,10819612864,10819612892,1,"IOTHUB_CLIENT_CONFIRMATION_OK"
512,10819613197,10819613225,1,"IOTHUB_CLIENT_CONFIRMATION_OK"
513,10819613530,10819613566,1,"IOTHUB_CLIENT_CONFIRMATION_OK"
514,10819613863,10819613891,1,"IOTHUB_CLIENT_CONFIRMATION_OK"
515,10819614196,10819614230,1,"IOTHUB_CLIENT_CONFIRMATION_OK"
516,10819614530,10819614578,1,"IOTHUB_CLIENT_CONFIRMATION_OK"
517,10819614863,10819614893,1,"IOTHUB_CLIENT_CONFIRMATION_OK"
518,10819615196,10819615327,1,"IOTHUB_CLIENT_CONFIRMATION_OK"
519,10819615529,10819615557,1,"IOTHUB_CLIENT_CONFIRMATION_OK"
520,10819615862,10819615900,1,"IOTHUB_CLIENT_CONFIRMATION_OK"
521,10819616195,10819616225,1,"IOTHUB_CLIENT_CONFIRMATION_OK"
522,10819616529,10819616557,1,"IOTHUB_CLIENT_CONFIRMATION_OK"
523,10819616862,10819616894,1,"IOTHUB_CLIENT_CONFIRMATION_OK"
524,10819617195,10819617223,1,"IOTHUB_CLIENT_CONFIRMATION_OK"
525,10819617528,10819617556,1,"IOTHUB_CLIENT_CONFIRMATION_OK"
526,10819617861,10819617896,1,"IOTHUB_CLIENT_CONFIRMATION_OK"
527,10819618195,10819618345,1,"IOTHUB_CLIENT_CONFIRMATION_OK"
528,10819618528,10819618654,1,"IOTHUB_CLIENT_CONFIRMATION_OK"
529,10819618861,10819619041,1,"IOTHUB_CLIENT_CONFIRMATION_OK"
530,10819619194,10819619224,1,"IOTHUB_CLIENT_CONFIRMATION_OK"
531,10819619527,10819619556,1,"IOTHUB_CLIENT_CONFIRMATION_OK"
532,10819619860,10819619888,1,"IOTHUB_CLIENT_CONFIRMATION_OK"
533,10819620194,10819620221,1,"IOTHUB_CLIENT_CONFIRMATION_OK"
534,10819620527,10819620556,1,"IOTHUB_CLIENT_CONFIRMATION_OK"
535,10819620860,10819620896,1,"IOTHUB_CLIENT_CONFIRMATION_OK"
536,10819621193,10819621303,1,"IOTHUB_CLIENT_CONFIRMATION_OK"
537,10819621526,10819621556,1,"IOTHUB_CLIENT_CONFIRMATION_OK"
538,10819621859,10819621894,1,"IOTHUB_CLIENT_CONFIRMATION_OK"
539,10819622193,10819622220,1,"IOTHUB_CLIENT_CONFIRMATION_OK"
540,10819622526,10819622554,1,"IOTHUB_CLIENT_CONFIRMATION_OK"
541,10819622859,10819622923,1,"IOTHUB_CLIENT_CONFIRMATION_OK"
542,10819623192,10819623220,1,"IOTHUB_CLIENT_CONFIRMATION_OK"
543,10819623525,10819623759,1,"IOTHUB_CLIENT_CONFIRMATION_OK"
544,10819623858,10819623891,1,"IOTHUB_CLIENT_CONFIRMATION_OK"
545,10819624192,10819624353,1,"IOTHUB_CLIENT_CONFIRMATION_OK"
546,10819624525,10819624562,1,"IOTHUB_CLIENT_CONFIRMATION_OK"
547,10819624858,10819624896,1,"IOTHUB_CLIENT_CONFIRMATION_OK"
548,10819625191,10819625220,1,"IOTHUB_CLIENT_CONFIRMATION_OK"
549,10819625524,10819625554,1,"IOTHUB_CLIENT_CONFIRMATION_OK"
550,10819625857,10819625888,1,"IOTHUB_CLIENT_CONFIRMATION_OK"
551,10819626191,10819626218,1,"IOTHUB_CLIENT_CONFIRMATION_OK"
552,10819626524,10819626587,1,"IOTHUB_CLIENT_CONFIRMATION_OK"
553,10819626857,10819626889,1,"IOTHUB_CLIENT_CONFIRMATION_OK"
554,10819627190,10819627218,1,"IOTHUB_CLIENT_CONFIRMATION_OK"
555,10819627523,10819627555,1,"IOTHUB_CLIENT_CONFIRMATION_OK"
556,10819627856,10819627890,1,"IOTHUB_CLIENT_CONFIRMATION_OK"
557,10819628189,10819628218,1,"IOTHUB_CLIENT_CONFIRMATION_OK"
558,10819628523,10819628554,1,"IOTHUB_CLIENT_CONFIRMATION_OK"
559,10819628856,10819628884,1,"IOTHUB_CLIENT_CONFIRMATION_OK"
560,10819629189,10819629230,1,"IOTHUB_CLIENT_CONFIRMATION_OK"
561,10819629522,10819629655,1,"IOTHUB_CLIENT_CONFIRMATION_OK"
562,10819629855,10819629883,1,"IOTHUB_CLIENT_CONFIRMATION_OK"
563,10819630189,10819630258,1,"IOTHUB_CLIENT_CONFIRMATION_OK"
564,10819630522,10819630551,1,"IOTHUB_CLIENT_CONFIRMATION_OK"
565,10819630855,10819630885,1,"IOTHUB_CLIENT_CONFIRMATION_OK"
566,10819631188,10819631218,1,"IOTHUB_CLIENT_CONFIRMATION_OK"
567,10819631521,10819631549,1,"IOTHUB_CLIENT_CONFIRMATION_OK"
568,10819631854,10819631885,1,"IOTHUB_CLIENT_CONFIRMATION_OK"
569,10819632188,10819632225,1,"IOTHUB_CLIENT_CONFIRMATION_OK"
570,10819632521,10819632692,1,"IOTHUB_CLIENT_CONFIRMATION_OK"
571,10819632854,10819632889,1,"IOTHUB_CLIENT_CONFIRMATION_OK"
572,10819633187,10819633217,1,"IOTHUB_CLIENT_CONFIRMATION_OK"
573,10819633520,10819633552,1,"IOTHUB_CLIENT_CONFIRMATION_OK"
574,10819633853,10819633881,1,"IOTHUB_CLIENT_CONFIRMATION_OK"
575,10819634187,10819634226,1,"IOTHUB_CLIENT_CONFIRMATION_OK"
576,10819634520,10819634551,1,"IOTHUB_CLIENT_CONFIRMATION_OK"
577,10819634853,10819634940,1,"IOTHUB_CLIENT_CONFIRMATION_OK"
578,10819635186,10819635222,1,"IOTHUB_CLIENT_CONFIRMATION_OK"
579,10819635519,10819635594,1,"IOTHUB_CLIENT_CONFIRMATION_OK"
580,10819635852,10819635888,1,"IOTHUB_CLIENT_CONFIRMATION_OK"
581,10819636186,10819636215,1,"IOTHUB_CLIENT_CONFIRMATION_OK"
582,10819636519,10819636553,1,"IOTHUB_CLIENT_CONFIRMATION_OK"
583,10819636852,10819636905,1,"IOTHUB_CLIENT_CONFIRMATION_OK"
584,10819637185,10819637234,1,"IOTHUB_CLIENT_CONFIRMATION_OK"
585,10819637518,10819637549,1,"IOTHUB_CLIENT_CONFIRMATION_OK"
586,10819637851,10819637879,1,"IOTHUB_CLIENT_CONFIRMATION_OK"
587,10819638185,10819638212,1,"IOTHUB_CLIENT_CONFIRMATION_OK"
588,10819638518,10819638656,1,"IOTHUB_CLIENT_CONFIRMATION_OK"
589,10819638851,10819638879,1,"IOTHUB_CLIENT_CONFIRMATION_OK"
590,10819639184,10819639221,1,"IOTHUB_CLIENT_CONFIRMATION_OK"
591,10819639517,10819639545,1,"IOTHUB_CLIENT_CONFIRMATION_OK"
592,10819639850,10819639879,1,"IOTHUB_CLIENT_CONFIRMATION_OK"
593,10819640184,10819640281,1,"IOTHUB_CLIENT_CONFIRMATION_OK"
594,10819640517,10819640547,1,"IOTHUB_CLIENT_CONFIRMATION_OK"
595,10819640850,10819640881,1,"IOTHUB_CLIENT_CONFIRMATION_OK"
596,10819641183,10819641211,1,"IOTHUB_CLIENT_CONFIRMATION_OK"
597,10819641516,10819641545,1,"IOTHUB_CLIENT_CONFIRMATION_OK"
598,10819641849,10819641878,1,"IOTHUB_CLIENT_CONFIRMATION_OK"
599,10819642183,10819642211,1,"IOTHUB_CLIENT_CONFIRMATION_OK"
600,10819642516,10819642544,1,"IOTHUB_CLIENT_CONFIRMATION_OK"
601,10819642849,10819642878,1,"IOTHUB_CLIENT_CONFIRMATION_OK"
602,10819643182,10819643335,1,"IOTHUB_CLIENT_CONFIRMATION_OK"
603,10819643515,10819643544,1,"IOTHUB_CLIENT_CONFIRMATION_OK"
604,10819643848,10819643948,1,"IOTHUB_CLIENT_CONFIRMATION_OK"
605,10819644182,10819644209,1,"IOTHUB_CLIENT_CONFIRMATION_OK"
606,10819644515,10819644545,1,"IOTHUB_CLIENT_CONFIRMATION_OK"
607,10819644848,10819644877,1,"IOTHUB_CLIENT_CONFIRMATION_OK"
608,10819645181,10819645209,1,"IOTHUB_CLIENT_CONFIRMATION_OK"
609,10819645514,10819645577,1,"IOTHUB_CLIENT_CONFIRMATION_OK"
610,10819645847,10819645877,1,"IOTHUB_CLIENT_CONFIRMATION_OK"
611,10819646181,10819646210,1,"IOTHUB_CLIENT_CONFIRMATION_OK"
612,10819646514,10819646543,1,"IOTHUB_CLIENT_CONFIRMATION_OK"
613,10819646847,10819647005,1,"IOTHUB_CLIENT_CONFIRMATION_OK"
614,10819647180,10819647209,1,"IOTHUB_CLIENT_CONFIRMATION_OK"
615,10819647513,10819647541,1,"IOTHUB_CLIENT_CONFIRMATION_OK"
616,10819647846,10819647876,1,"IOTHUB_CLIENT_CONFIRMATION_OK"
617,10819648180,10819648209,1,"IOTHUB_CLIENT_CONFIRMATION_OK"
618,10819648513,10819648646,1,"IOTHUB_CLIENT_CONFIRMATION_OK"
619,10819648846,10819648876,1,"IOTHUB_CLIENT_CONFIRMATION_OK"
620,10819649179,10819649242,1,"IOTHUB_CLIENT_CONFIRMATION_OK"
621,10819649512,10819649540,1,"IOTHUB_CLIENT_CONFIRMATION_OK"
622,10819649845,10819649876,1,"IOTHUB_CLIENT_CONFIRMATION_OK"
623,10819650179,10819650226,1,"IOTHUB_CLIENT_CONFIRMATION_OK"
624,10819650512,10819650541,1,"IOTHUB_CLIENT_CONFIRMATION_OK"
625,10819650845,10819650889,1,"IOTHUB_CLIENT_CONFIRMATION_OK"
626,10819651178,10819651206,1,"IOTHUB_CLIENT_CONFIRMATION_OK"
627,10819651511,10819651540,1,"IOTHUB_CLIENT_CONFIRMATION_OK"
628,10819651844,10819651874,1,"IOTHUB_CLIENT_CONFIRMATION_OK"
629,10819652178,10819652310,1,"IOTHUB_CLIENT_CONFIRMATION_OK"
630,10819652511,10819652538,1,"IOTHUB_CLIENT_CONFIRMATION_OK"
631,10819652844,10819652875,1,"IOTHUB_CLIENT_CONFIRMATION_OK"
632,10819653177,10819653207,1,"IOTHUB_CLIENT_CONFIRMATION_OK"
633,10819653510,10819653539,1,"IOTHUB_CLIENT_CONFIRMATION_OK"
634,10819653843,10819653941,1,"IOTHUB_CLIENT_CONFIRMATION_OK"
635,10819654177,10819654205,1,"IOTHUB_CLIENT_CONFIRMATION_OK"
636,10819654510,10819654564,1,"IOTHUB_CLIENT_CONFIRMATION_OK"
637,10819654843,10819654871,1,"IOTHUB_CLIENT_CONFIRMATION_OK"
638,10819655176,10819655364,1,"IOTHUB_CLIENT_CONFIRMATION_OK"
639,10819655509,10819655541,1,"IOTHUB_CLIENT_CONFIRMATION_OK"
640,10819655842,10819655871,1,"IOTHUB_CLIENT_CONFIRMATION_OK"
641,10819656176,10819656205,1,"IOTHUB_CLIENT_CONFIRMATION_OK"
642,10819656509,10819656546,1,"IOTHUB_CLIENT_CONFIRMATION_OK"
643,10819656842,10819656873,1,"IOTHUB_CLIENT_CONFIRMATION_OK"
644,10819657175,10819657206,1,"IOTHUB_CLIENT_CONFIRMATION_OK"
645,10819657508,10819657607,1,"IOTHUB_CLIENT_CONFIRMATION_OK"
646,10819657841,10819657869,1,"IOTHUB_CLIENT_CONFIRMATION_OK"
647,10819658175,10819658204,1,"IOTHUB_CLIENT_CONFIRMATION_OK"
648,10819658508,10819658538,1,"IOTHUB_CLIENT_CONFIRMATION_OK"
649,10819658841,10819658870,1,"IOTHUB_CLIENT_CONFIRMATION_OK"
650,10819659174,10819659205,1,"IOTHUB_CLIENT_CONFIRMATION_OK"
651,10819659507,10819659644,1,"IOTHUB_CLIENT_CONFIRMATION_OK"
652,10819659840,10819659870,1,"IOTHUB_CLIENT_CONFIRMATION_OK"
653,10819660174,10819660202,1,"IOTHUB_CLIENT_CONFIRMATION_OK"
654,10819660507,10819660663,1,"IOTHUB_CLIENT_CONFIRMATION_OK"
655,10819660840,10819660873,1,"IOTHUB_CLIENT_CONFIRMATION_OK"
656,10819661173,10819661201,1,"IOTHUB_CLIENT_CONFIRMATION_OK"
657,10819661506,10819661538,1,"IOTHUB_CLIENT_CONFIRMATION_OK"
658,10819661839,10819661869,1,"IOTHUB_CLIENT_CONFIRMATION_OK"
659,10819662173,10819662201,1,"IOTHUB_CLIENT_CONFIRMATION_OK"
660,10819662506,10819662535,1,"IOTHUB_CLIENT_CONFIRMATION_OK"
661,10819662839,10819662901,1,"IOTHUB_CLIENT_CONFIRMATION_OK"
662,10819663172,10819663200,1,"IOTHUB_CLIENT_CONFIRMATION_OK"
663,10819663505,10819663534,1,"IOTHUB_CLIENT_CONFIRMATION_OK"
664,10819663838,10819663869,1,"IOTHUB_CLIENT_CONFIRMATION_OK"
665,10819664172,10819664200,1,"IOTHUB_CLIENT_CONFIRMATION_OK"
666,10819664505,10819664534,1,"IOTHUB_CLIENT_CONFIRMATION_OK"
667,10819664838,10819664868,1,"IOTHUB_CLIENT_CONFIRMATION_OK"
668,10819665171,10819665199,1,"IOTHUB_CLIENT_CONFIRMATION_OK"
669,10819665504,10819665533,1,"IOTHUB_CLIENT_CONFIRMATION_OK"
670,10819665837,10819665943,1,"IOTHUB_CLIENT_CONFIRMATION_OK"
671,10819666171,10819666199,1,"IOTHUB_CLIENT_CONFIRMATION_OK"
672,10819666504,10819666545,1,"IOTHUB_CLIENT_CONFIRMATION_OK"
673,10819666837,10819666865,1,"IOTHUB_CLIENT_CONFIRMATION_OK"
674,10819667170,10819667199,1,"IOTHUB_CLIENT_CONFIRMATION_OK"
675,10819667503,10819667533,1,"IOTHUB_CLIENT_CONFIRMATION_OK"
676,10819667836,10819667864,1,"IOTHUB_CLIENT_CONFIRMATION_OK"
677,10819668170,10819668208,1,"IOTHUB_CLIENT_CONFIRMATION_OK"
678,10819668503,10819668531,1,"IOTHUB_CLIENT_CONFIRMATION_OK"
679,10819668836,10819669020,1,"IOTHUB_CLIENT_CONFIRMATION_OK"
680,10819669169,10819669198,1,"IOTHUB_CLIENT_CONFIRMATION_OK"
681,10819669502,10819669532,1,"IOTHUB_CLIENT_CONFIRMATION_OK"
682,10819669835,10819669863,1,"IOTHUB_CLIENT_CONFIRMATION_OK"
683,10819670169,10819670201,1,"IOTHUB_CLIENT_CONFIRMATION_OK"
684,10819670502,10819670532,1,"IOTHUB_CLIENT_CONFIRMATION_OK"
685,10819670835,10819670865,1,"IOTHUB_CLIENT_CONFIRMATION_OK"
686,10819671168,10819671266,1,"IOTHUB_CLIENT_CONFIRMATION_OK"
687,10819671501,10819671551,1,"IOTHUB_CLIENT_CONFIRMATION_OK"
688,10819671834,10819671880,1,"IOTHUB_CLIENT_CONFIRMATION_OK"
689,10819672167,10819672197,1,"IOTHUB_CLIENT_CONFIRMATION_OK"
690,10819672501,10819672529,1,"IOTHUB_CLIENT_CONFIRMATION_OK"
691,10819672834,10819672863,1,"IOTHUB_CLIENT_CONFIRMATION_OK"
692,10819673167,10819673195,1,"IOTHUB_CLIENT_CONFIRMATION_OK"
693,10819673500,10819673529,1,"IOTHUB_CLIENT_CONFIRMATION_OK"
694,10819673833,10819673863,1,"IOTHUB_CLIENT_CONFIRMATION_OK"
695,10819674166,10819674318,1,"IOTHUB_CLIENT_CONFIRMATION_OK"
696,10819674500,10819674528,1,"IOTHUB_CLIENT_CONFIRMATION_OK"
697,10819674833,10819674920,1,"IOTHUB_CLIENT_CONFIRMATION_OK"
698,10819675166,10819675194,1,"IOTHUB_CLIENT_CONFIRMATION_OK"
699,10819675499,10819675528,1,"IOTHUB_CLIENT_CONFIRMATION_OK"
700,10819675832,10819675866,1,"IOTHUB_CLIENT_CONFIRMATION_OK"
701,10819676165,10819676193,1,"IOTHUB_CLIENT_CONFIRMATION_OK"
702,10819676498,10819676569,1,"IOTHUB_CLIENT_CONFIRMATION_OK"
703,10819676832,10819676861,1,"IOTHUB_CLIENT_CONFIRMATION_OK"
704,10819677165,10819677196,1,"IOTHUB_CLIENT_CONFIRMATION_OK"
705,10819677498,10819677526,1,"IOTHUB_CLIENT_CONFIRMATION_OK"
706,10819677831,10819677860,1,"IOTHUB_CLIENT_CONFIRMATION_OK"
707,10819678164,10819678192,1,"IOTHUB_CLIENT_CONFIRMATION_OK"
708,10819678497,10819678527,1,"IOTHUB_CLIENT_CONFIRMATION_OK"
709,10819678831,10819678860,1,"IOTHUB_CLIENT_CONFIRMATION_OK"
710,10819679164,10819679196,1,"IOTHUB_CLIENT_CONFIRMATION_OK"
711,10819679497,10819679607,1,"IOTHUB_CLIENT_CONFIRMATION_OK"
712,10819679830,10819679858,1,"IOTHUB_CLIENT_CONFIRMATION_OK"
713,10819680163,10819680203,1,"IOTHUB_CLIENT_CONFIRMATION_OK"
714,10819680496,10819680681,1,"IOTHUB_CLIENT_CONFIRMATION_OK"
715,10819680830,10819680860,1,"IOTHUB_CLIENT_CONFIRMATION_OK"
716,10819681163,10819681192,1,"IOTHUB_CLIENT_CONFIRMATION_OK"
717,10819681496,10819681524,1,"IOTHUB_CLIENT_CONFIRMATION_OK"
718,10819681829,10819681915,1,"IOTHUB_CLIENT_CONFIRMATION_OK"
719,10819682162,10819682194,1,"IOTHUB_CLIENT_CONFIRMATION_OK"
720,10819682495,10819682540,1,"IOTHUB_CLIENT_CONFIRMATION_OK"
721,10819682829,10819682861,1,"IOTHUB_CLIENT_CONFIRMATION_OK"
722,10819683162,10819683352,1,"IOTHUB_CLIENT_CONFIRMATION_OK"
723,10819683495,10819683524,1,"IOTHUB_CLIENT_CONFIRMATION_OK"
724,10819683828,10819683858,1,"IOTHUB_CLIENT_CONFIRMATION_OK"
725,10819684161,10819684190,1,"IOTHUB_CLIENT_CONFIRMATION_OK"
726,10819684494,10819684525,1,"IOTHUB_CLIENT_CONFIRMATION_OK"
727,10819684828,10819684857,1,"IOTHUB_CLIENT_CONFIRMATION_OK"
728,10819685161,10819685189,1,"IOTHUB_CLIENT_CONFIRMATION_OK"
729,10819685494,10819685583,1,"IOTHUB_CLIENT_CONFIRMATION_OK"
730,10819685827,10819685855,1,"IOTHUB_CLIENT_CONFIRMATION_OK"
731,10819686160,10819686194,1,"IOTHUB_CLIENT_CONFIRMATION_OK"
732,10819686493,10819686530,1,"IOTHUB_CLIENT_CONFIRMATION_OK"
733,10819686826,10819686855,1,"IOTHUB_CLIENT_CONFIRMATION_OK"
734,10819687160,10819687188,1,"IOTHUB_CLIENT_CONFIRMATION_OK"
735,10819687493,10819687524,1,"IOTHUB_CLIENT_CONFIRMATION_OK"
736,10819687826,10819687856,1,"IOTHUB_CLIENT_CONFIRMATION_OK"
737,10819688159,10819688187,1,"IOTHUB_CLIENT_CONFIRMATION_OK"
738,10819688492,10819688628,1,"IOTHUB_CLIENT_CONFIRMATION_OK"
739,10819688825,10819688864,1,"IOTHUB_CLIENT_CONFIRMATION_OK"
740,10819689159,10819689187,1,"IOTHUB_CLIENT_CONFIRMATION_OK"
741,10819689492,10819689519,1,"IOTHUB_CLIENT_CONFIRMATION_OK"
742,10819689825,10819689857,1,"IOTHUB_CLIENT_CONFIRMATION_OK"
743,10819690158,10819690187,1,"IOTHUB_CLIENT_CONFIRMATION_OK"
744,10819690491,10819690519,1,"IOTHUB_CLIENT_CONFIRMATION_OK"
745,10819690824,10819690914,1,"IOTHUB_CLIENT_CONFIRMATION_OK"
746,10819691157,10819691191,1,"IOTHUB_CLIENT_CONFIRMATION_OK"
747,10819691491,10819691519,1,"IOTHUB_CLIENT_CONFIRMATION_OK"
748,10819691824,10819691854,1,"IOTHUB_CLIENT_CONFIRMATION_OK"
749,10819692157,10819692191,1,"IOTHUB_CLIENT_CONFIRMATION_OK"
750,10819692490,10819692519,1,"IOTHUB_CLIENT_CONFIRMATION_OK"
751,10819692823,10819692852,1,"IOTHUB_CLIENT_CONFIRMATION_OK"
752,10819693156,10819693184,1,"IOTHUB_CLIENT_CONFIRMATION_OK"
753,10819693490,10819693519,1,"IOTHUB_CLIENT_CONFIRMATION_OK"
754,10819693823,10819694004,1,"IOTHUB_CLIENT_CONFIRMATION_OK"
755,10819694156,10819694184,1,"IOTHUB_CLIENT_CONFIRMATION_OK"
756,10819694489,10819694575,1,"IOTHUB_CLIENT_CONFIRMATION_OK"
757,10819694822,10819694851,1,"IOTHUB_CLIENT_CONFIRMATION_OK"
758,10819695155,10819695200,1,"IOTHUB_CLIENT_CONFIRMATION_OK"
759,10819695489,10819695520,1,"IOTHUB_CLIENT_CONFIRMATION_OK"
760,10819695822,10819695850,1,"IOTHUB_CLIENT_CONFIRMATION_OK"
761,10819696155,10819696226,1,"IOTHUB_CLIENT_CONFIRMATION_OK"
762,10819696488,10819696517,1,"IOTHUB_CLIENT_CONFIRMATION_OK"
763,10819696821,10819696849,1,"IOTHUB_CLIENT_CONFIRMATION_OK"
764,10819697154,10819697192,1,"IOTHUB_CLIENT_CONFIRMATION_OK"
765,10819697488,10819697515,1,"IOTHUB_CLIENT_CONFIRMATION_OK"
766,10819697821,10819697850,1,"IOTHUB_CLIENT_CONFIRMATION_OK"
767,10819698154,10819698186,1,"IOTHUB_CLIENT_CONFIRMATION_OK"
768,10819698487,10819698515,1,"IOTHUB_CLIENT_CONFIRMATION_OK"
769,10819698820,10819698856,1,"IOTHUB_CLIENT_CONFIRMATION_OK"
770,10819699153,10819699288,1,"IOTHUB_CLIENT_CONFIRMATION_OK"
771,10819699487,10819699515,1,"IOTHUB_CLIENT_CONFIRMATION_OK"
772,10819699820,10819699912,1,"IOTHUB_CLIENT_CONFIRMATION_OK"
773,10819700153,10819700181,1,"IOTHUB_CLIENT_CONFIRMATION_OK"
774,10819700486,10819700514,1,"IOTHUB_CLIENT_CONFIRMATION_OK"
775,10819700819,10819700848,1,"IOTHUB_CLIENT_CONFIRMATION_OK"
776,10819701152,10819701180,1,"IOTHUB_CLIENT_CONFIRMATION_OK"
777,10819701486,10819701514,1,"IOTHUB_CLIENT_CONFIRMATION_OK"
778,10819701819,10819701848,1,"IOTHUB_CLIENT_CONFIRMATION_OK"
779,10819702152,10819702180,1,"IOTHUB_CLIENT_CONFIRMATION_OK"
780,10819702485,10819702512,1,"IOTHUB_CLIENT_CONFIRMATION_OK"
781,10819702818,10819702937,1,"IOTHUB_CLIENT_CONFIRMATION_OK"
782,10819703151,10819703179,1,"IOTHUB_CLIENT_CONFIRMATION_OK"
783,10819703485,10819703513,1,"IOTHUB_CLIENT_CONFIRMATION_OK"
784,10819703818,10819703848,1,"IOTHUB_CLIENT_CONFIRMATION_OK"
785,10819704151,10819704179,1,"IOTHUB_CLIENT_CONFIRMATION_OK"
786,10819704484,10819704570,1,"IOTHUB_CLIENT_CONFIRMATION_OK"
787,10819704817,10819704846,1,"IOTHUB_CLIENT_CONFIRMATION_OK"
788,10819705150,10819705189,1,"IOTHUB_CLIENT_CONFIRMATION_OK"
789,10819705484,10819705521,1,"IOTHUB_CLIENT_CONFIRMATION_OK"
790,10819705817,10819705846,1,"IOTHUB_CLIENT_CONFIRMATION_OK"
791,10819706150,10819706181,1,"IOTHUB_CLIENT_CONFIRMATION_OK"
792,10819706483,10819706512,1,"IOTHUB_CLIENT_CONFIRMATION_OK"
793,10819706816,10819706884,1,"IOTHUB_CLIENT_CONFIRMATION_OK"
794,10819707149,10819707177,1,"IOTHUB_CLIENT_CONFIRMATION_OK"
795,10819707482,10819707511,1,"IOTHUB_CLIENT_CONFIRMATION_OK"
796,10819707816,10819707845,1,"IOTHUB_CLIENT_CONFIRMATION_OK"
797,10819708149,10819708289,1,"IOTHUB_CLIENT_CONFIRMATION_OK"
798,10819708482,10819708511,1,"IOTHUB_CLIENT_CONFIRMATION_OK"
799,10819708815,10819708843,1,"IOTHUB_CLIENT_CONFIRMATION_OK"
800,10819709148,10819710354,1,"IOTHUB_CLIENT_CONFIRMATION_OK"
801,10819709481,10819710384,1,"IOTHUB_CLIENT_CONFIRMATION_OK"
802,10819709815,10819710405,1,"IOTHUB_CLIENT_CONFIRMATION_OK"
803,10819710148,10819710413,1,"IOTHUB_CLIENT_CONFIRMATION_OK"
804,10819710481,10819710512,1,"IOTHUB_CLIENT_CONFIRMATION_OK"
805,10819710814,10819710852,1,"IOTHUB_CLIENT_CONFIRMATION_OK"
806,10819711147,10819711176,1,"IOTHUB_CLIENT_CONFIRMATION_OK"
807,10819711480,10819711508,1,"IOTHUB_CLIENT_CONFIRMATION_OK"
808,10819711814,10819711845,1,"IOTHUB_CLIENT_CONFIRMATION_OK"
809,10819712147,10819712178,1,"IOTHUB_CLIENT_CONFIRMATION_OK"
810,10819712480,10819712510,1,"IOTHUB_CLIENT_CONFIRMATION_OK"
811,10819712813,10819712842,1,"IOTHUB_CLIENT_CONFIRMATION_OK"
812,10819713146,10819713174,1,"IOTHUB_CLIENT_CONFIRMATION_OK"
813,10819713479,10819713621,1,"IOTHUB_CLIENT_CONFIRMATION_OK"
814,10819713813,10819713840,1,"IOTHUB_CLIENT_CONFIRMATION_OK"
815,10819714146,10819714229,1,"IOTHUB_CLIENT_CONFIRMATION_OK"
816,10819714479,10819714508,1,"IOTHUB_CLIENT_CONFIRMATION_OK"
817,10819714812,10819714841,1,"IOTHUB_CLIENT_CONFIRMATION_OK"
818,10819715145,10819715175,1,"IOTHUB_CLIENT_CONFIRMATION_OK"
819,10819715478,10819715508,1,"IOTHUB_CLIENT_CONFIRMATION_OK"
820,10819715812,10819715865,1,"IOTHUB_CLIENT_CONFIRMATION_OK"
821,10819716145,10819716174,1,"IOTHUB_CLIENT_CONFIRMATION_OK"
822,10819716478,10819716748,1,"IOTHUB_CLIENT_CONFIRMATION_OK"
823,10819716811,10819716860,1,"IOTHUB_CLIENT_CONFIRMATION_OK"
824,10819717144,10819717174,1,"IOTHUB_CLIENT_CONFIRMATION_OK"
825,10819717477,10819717508,1,"IOTHUB_CLIENT_CONFIRMATION_OK"
826,10819717810,10819717838,1,"IOTHUB_CLIENT_CONFIRMATION_OK"
827,10819718144,10819718172,1,"IOTHUB_CLIENT_CONFIRMATION_OK"
828,10819718477,10819720875,1,"IOTHUB_CLIENT_CONFIRMATION_OK"
829,10819718810,10819720972,1,"IOTHUB_CLIENT_CONFIRMATION_OK"
830,10819719143,10819720997,1,"IOTHUB_CLIENT_CONFIRMATION_OK"
831,10819719476,10819721017,1,"IOTHUB_CLIENT_CONFIRMATION_OK"
832,10819719809,10819721030,1,"IOTHUB_CLIENT_CONFIRMATION_OK"
833,10819720143,10819721038,1,"IOTHUB_CLIENT_CONFIRMATION_OK"
834,10819720476,10819721056,1,"IOTHUB_CLIENT_CONFIRMATION_OK"
835,10819720809,10819721073,1,"IOTHUB_CLIENT_CONFIRMATION_OK"
836,10819721142,10819721171,1,"IOTHUB_CLIENT_CONFIRMATION_OK"
837,10819721475,10819721510,1,"IOTHUB_CLIENT_CONFIRMATION_OK"
838,10819721808,10819721966,1,"IOTHUB_CLIENT_CONFIRMATION_OK"
839,10819722142,10819722171,1,"IOTHUB_CLIENT_CONFIRMATION_OK"
840,10819722475,10819722580,1,"IOTHUB_CLIENT_CONFIRMATION_OK"
841,10819722808,10819722839,1,"IOTHUB_CLIENT_CONFIRMATION_OK"
842,10819723141,10819723171,1,"IOTHUB_CLIENT_CONFIRMATION_OK"
843,10819723474,10819723506,1,"IOTHUB_CLIENT_CONFIRMATION_OK"
844,10819723807,10819724999,1,"IOTHUB_CLIENT_CONFIRMATION_OK"
845,10819724141,10819725034,1,"IOTHUB_CLIENT_CONFIRMATION_OK"
846,10819724474,10819725058,1,"IOTHUB_CLIENT_CONFIRMATION_OK"
847,10819724807,10819725074,1,"IOTHUB_CLIENT_CONFIRMATION_OK"
848,10819725140,10819725231,1,"IOTHUB_CLIENT_CONFIRMATION_OK"
849,10819725473,10819725514,1,"IOTHUB_CLIENT_CONFIRMATION_OK"
850,10819725806,10819726139,1,"IOTHUB_CLIENT_CONFIRMATION_OK"
851,10819726140,10819726169,1,"IOTHUB_CLIENT_CONFIRMATION_OK"
852,10819726473,10819729942,1,"IOTHUB_CLIENT_CONFIRMATION_OK"
853,10819726806,10819729960,1,"IOTHUB_CLIENT_CONFIRMATION_OK"
854,10819727139,10819729981,1,"IOTHUB_CLIENT_CONFIRMATION_OK"
855,10819727472,10819730013,1,"IOTHUB_CLIENT_CONFIRMATION_OK"
856,10819727805,10819730105,1,"IOTHUB_CLIENT_CONFIRMATION_OK"
857,10819728138,10819730125,1,"IOTHUB_CLIENT_CONFIRMATION_OK"
858,10819728472,10819730132,1,"IOTHUB_CLIENT_CONFIRMATION_OK"
859,10819728805,10819730168,1,"IOTHUB_CLIENT_CONFIRMATION_OK"
860,10819729138,10819730197,1,"IOTHUB_CLIENT_CONFIRMATION_OK"
861,10819729471,10819730215,1,"IOTHUB_CLIENT_CONFIRMATION_OK"
862,10819729804,10819730231,1,"IOTHUB_CLIENT_CONFIRMATION_OK"
863,10819730137,10819730250,1,"IOTHUB_CLIENT_CONFIRMATION_OK"
864,10819730471,10819730509,1,"IOTHUB_CLIENT_CONFIRMATION_OK"
865,10819730804,10819730922,1,"IOTHUB_CLIENT_CONFIRMATION_OK"
866,10819731137,10819731314,1,"IOTHUB_CLIENT_CONFIRMATION_OK"
867,10819731470,10819731502,1,"IOTHUB_CLIENT_CONFIRMATION_OK"
868,10819731803,10819731834,1,"IOTHUB_CLIENT_CONFIRMATION_OK"
869,10819732136,10819732166,1,"IOTHUB_CLIENT_CONFIRMATION_OK"
870,10819732470,10819732498,1,"IOTHUB_CLIENT_CONFIRMATION_OK"
871,10819732803,10819732966,1,"IOTHUB_CLIENT_CONFIRMATION_OK"
872,10819733136,10819733168,1,"IOTHUB_CLIENT_CONFIRMATION_OK"
873,10819733469,10819733497,1,"IOTHUB_CLIENT_CONFIRMATION_OK"
874,10819733802,10819733951,1,"IOTHUB_CLIENT_CONFIRMATION_OK"
875,10819734135,10819734165,1,"IOTHUB_CLIENT_CONFIRMATION_OK"
876,10819734468,10819734497,1,"IOTHUB_CLIENT_CONFIRMATION_OK"
877,10819734802,10819734831,1,"IOTHUB_CLIENT_CONFIRMATION_OK"
878,10819735135,10819735163,1,"IOTHUB_CLIENT_CONFIRMATION_OK"
879,10819735468,10819735587,1,"IOTHUB_CLIENT_CONFIRMATION_OK"
880,10819735801,10819735829,1,"IOTHUB_CLIENT_CONFIRMATION_OK"
881,10819736134,10819736193,1,"IOTHUB_CLIENT_CONFIRMATION_OK"
882,10819736467,10819736499,1,"IOTHUB_CLIENT_CONFIRMATION_OK"
883,10819736801,10819736829,1,"IOTHUB_CLIENT_CONFIRMATION_OK"
884,10819737134,10819737173,1,"IOTHUB_CLIENT_CONFIRMATION_OK"
885,10819737467,10819737499,1,"IOTHUB_CLIENT_CONFIRMATION_OK"
886,10819737800,10819737834,1,"IOTHUB_CLIENT_CONFIRMATION_OK"
887,10819738133,10819738166,1,"IOTHUB_CLIENT_CONFIRMATION_OK"
888,10819738466,10819738497,1,"IOTHUB_CLIENT_CONFIRMATION_OK"
889,10819738800,10819738827,1,"IOTHUB_CLIENT_CONFIRMATION_OK"
890,10819739133,10819739242,1,"IOTHUB_CLIENT_CONFIRMATION_OK"
891,10819739466,10819739496,1,"IOTHUB_CLIENT_CONFIRMATION_OK"
892,10819739799,10819739828,1,"IOTHUB_CLIENT_CONFIRMATION_OK"
893,10819740132,10819740161,1,"IOTHUB_CLIENT_CONFIRMATION_OK"
894,10819740465,10819740498,1,"IOTHUB_CLIENT_CONFIRMATION_OK"
895,10819740798,10819740827,1,"IOTHUB_CLIENT_CONFIRMATION_OK"
896,10819741132,10819741162,1,"IOTHUB_CLIENT_CONFIRMATION_OK"
897,10819741465,10819741493,1,"IOTHUB_CLIENT_CONFIRMATION_OK"
898,10819741798,10819741830,1,"IOTHUB_CLIENT_CONFIRMATION_OK"
899,10819742131,10819742163,1,"IOTHUB_CLIENT_CONFIRMATION_OK"
