Message ID,Send Time,Receive Time,Status,Error
0,10828127176,10828127324,1,"IOTHUB_CLIENT_CONFIRMATION_OK"
1,10828127510,10828127538,1,"IOTHUB_CLIENT_CONFIRMATION_OK"
2,10828127843,10828127877,1,"IOTHUB_CLIENT_CONFIRMATION_OK"
3,10828128176,10828128204,1,"IOTHUB_CLIENT_CONFIRMATION_OK"
4,10828128509,10828128539,1,"IOTHUB_CLIENT_CONFIRMATION_OK"
5,10828128842,10828128994,1,"IOTHUB_CLIENT_CONFIRMATION_OK"
6,10828129175,10828129203,1,"IOTHUB_CLIENT_CONFIRMATION_OK"
7,10828129508,10828129546,1,"IOTHUB_CLIENT_CONFIRMATION_OK"
8,10828129842,10828129870,1,"IOTHUB_CLIENT_CONFIRMATION_OK"
9,10828130175,10828130202,1,"IOTHUB_CLIENT_CONFIRMATION_OK"
10,10828130508,10828130537,1,"IOTHUB_CLIENT_CONFIRMATION_OK"
11,10828130841,10828130870,1,"IOTHUB_CLIENT_CONFIRMATION_OK"
12,10828131174,10828131210,1,"IOTHUB_CLIENT_CONFIRMATION_OK"
13,10828131507,10828131534,1,"IOTHUB_CLIENT_CONFIRMATION_OK"
14,10828131841,10828131872,1,"IOTHUB_CLIENT_CONFIRMATION_OK"
15,10828132174,10828132202,1,"IOTHUB_CLIENT_CONFIRMATION_OK"
16,10828132507,10828132627,1,"IOTHUB_CLIENT_CONFIRMATION_OK"
17,10828132840,10828132868,1,"IOTHUB_CLIENT_CONFIRMATION_OK"
18,10828133173,10828133212,1,"IOTHUB_CLIENT_CONFIRMATION_OK"
19,10828133506,10828133533,1,"IOTHUB_CLIENT_CONFIRMATION_OK"
20,10828133840,10828133868,1,"IOTHUB_CLIENT_CONFIRMATION_OK"
21,10828134173,10828134202,1,"IOTHUB_CLIENT_CONFIRMATION_OK"
22,10828134506,10828134534,1,"IOTHUB_CLIENT_CONFIRMATION_OK"
23,10828134839,10828134867,1,"IOTHUB_CLIENT_CONFIRMATION_OK"
24,10828135172,10828135202,1,"IOTHUB_CLIENT_CONFIRMATION_OK"
25,10828135505,10828135534,1,"IOTHUB_CLIENT_CONFIRMATION_OK"
26,10828135839,10828135867,1,"IOTHUB_CLIENT_CONFIRMATION_OK"
27,10828136172,10828136199,1,"IOTHUB_CLIENT_CONFIRMATION_OK"
28,10828136505,10828136533,1,"IOTHUB_CLIENT_CONFIRMATION_OK"
29,10828136838,10828136867,1,"IOTHUB_CLIENT_CONFIRMATION_OK"
30,10828137171,10828137200,1,"IOTHUB_CLIENT_CONFIRMATION_OK"
31,10828137504,10828137546,1,"IOTHUB_CLIENT_CONFIRMATION_OK"
32,10828137838,10828137866,1,"IOTHUB_CLIENT_CONFIRMATION_OK"
33,10828138171,10828138198,1,"IOTHUB_CLIENT_CONFIRMATION_OK"
34,10828138504,10828138570,1,"IOTHUB_CLIENT_CONFIRMATION_OK"
35,10828138837,10828138869,1,"IOTHUB_CLIENT_CONFIRMATION_OK"
36,10828139170,10828139198,1,"IOTHUB_CLIENT_CONFIRMATION_OK"
37,10828139503,10828139532,1,"IOTHUB_CLIENT_CONFIRMATION_OK"
38,10828139837,10828139864,1,"IOTHUB_CLIENT_CONFIRMATION_OK"
39,10828140170,10828140202,1,"IOTHUB_CLIENT_CONFIRMATION_OK"
40,10828140503,10828140531,1,"IOTHUB_CLIENT_CONFIRMATION_OK"
41,10828140836,10828140864,1,"IOTHUB_CLIENT_CONFIRMATION_OK"
42,10828141169,10828141197,1,"IOTHUB_CLIENT_CONFIRMATION_OK"
43,10828141502,10828141530,1,"IOTHUB_CLIENT_CONFIRMATION_OK"
44,10828141836,10828141865,1,"IOTHUB_CLIENT_CONFIRMATION_OK"
45,10828142169,10828142196,1,"IOTHUB_CLIENT_CONFIRMATION_OK"
46,10828142502,10828142532,1,"IOTHUB_CLIENT_CONFIRMATION_OK"
47,10828142835,10828142863,1,"IOTHUB_CLIENT_CONFIRMATION_OK"
48,10828143168,10828143201,1,"IOTHUB_CLIENT_CONFIRMATION_OK"
49,10828143501,10828143529,1,"IOTHUB_CLIENT_CONFIRMATION_OK"
50,10828143835,10828143862,1,"IOTHUB_CLIENT_CONFIRMATION_OK"
51,10828144168,10828144255,1,"IOTHUB_CLIENT_CONFIRMATION_OK"
52,10828144501,10828144529,1,"IOTHUB_CLIENT_CONFIRMATION_OK"
53,10828144834,10828144863,1,"IOTHUB_CLIENT_CONFIRMATION_OK"
54,10828145167,10828145273,1,"IOTHUB_CLIENT_CONFIRMATION_OK"
55,10828145500,10828145528,1,"IOTHUB_CLIENT_CONFIRMATION_OK"
56,10828145833,10828145864,1,"IOTHUB_CLIENT_CONFIRMATION_OK"
57,10828146167,10828146193,1,"IOTHUB_CLIENT_CONFIRMATION_OK"
58,10828146500,10828146528,1,"IOTHUB_CLIENT_CONFIRMATION_OK"
59,10828146833,10828146862,1,"IOTHUB_CLIENT_CONFIRMATION_OK"
60,10828147166,10828147198,1,"IOTHUB_CLIENT_CONFIRMATION_OK"
61,10828147499,10828147527,1,"IOTHUB_CLIENT_CONFIRMATION_OK"
62,10828147832,10828147860,1,"IOTHUB_CLIENT_CONFIRMATION_OK"
63,10828148166,10828148193,1,"IOTHUB_CLIENT_CONFIRMATION_OK"
64,10828148499,10828148544,1,"IOTHUB_CLIENT_CONFIRMATION_OK"
65,10828148832,10828148867,1,"IOTHUB_CLIENT_CONFIRMATION_OK"
66,10828149165,10828149194,1,"IOTHUB_CLIENT_CONFIRMATION_OK"
67,10828149498,10828149527,1,"IOTHUB_CLIENT_CONFIRMATION_OK"
68,10828149831,10828149860,1,"IOTHUB_CLIENT_CONFIRMATION_OK"
69,10828150165,10828150193,1,"IOTHUB_CLIENT_CONFIRMATION_OK"
70,10828150498,10828150533,1,"IOTHUB_CLIENT_CONFIRMATION_OK"
71,10828150831,10828150966,1,"IOTHUB_CLIENT_CONFIRMATION_OK"
72,10828151164,10828151193,1,"IOTHUB_CLIENT_CONFIRMATION_OK"
73,10828151497,10828151526,1,"IOTHUB_CLIENT_CONFIRMATION_OK"
74,10828151830,10828151972,1,"IOTHUB_CLIENT_CONFIRMATION_OK"
75,10828152164,10828152192,1,"IOTHUB_CLIENT_CONFIRMATION_OK"
76,10828152497,10828152529,1,"IOTHUB_CLIENT_CONFIRMATION_OK"
77,10828152830,10828152859,1,"IOTHUB_CLIENT_CONFIRMATION_OK"
78,10828153163,10828153192,1,"IOTHUB_CLIENT_CONFIRMATION_OK"
79,10828153496,10828153525,1,"IOTHUB_CLIENT_CONFIRMATION_OK"
80,10828153829,10828153865,1,"IOTHUB_CLIENT_CONFIRMATION_OK"
81,10828154163,10828154193,1,"IOTHUB_CLIENT_CONFIRMATION_OK"
82,10828154496,10828154524,1,"IOTHUB_CLIENT_CONFIRMATION_OK"
83,10828154829,10828154858,1,"IOTHUB_CLIENT_CONFIRMATION_OK"
84,10828155162,10828155190,1,"IOTHUB_CLIENT_CONFIRMATION_OK"
85,10828155495,10828155540,1,"IOTHUB_CLIENT_CONFIRMATION_OK"
86,10828155828,10828155858,1,"IOTHUB_CLIENT_CONFIRMATION_OK"
87,10828156162,10828156191,1,"IOTHUB_CLIENT_CONFIRMATION_OK"
88,10828156495,10828156523,1,"IOTHUB_CLIENT_CONFIRMATION_OK"
89,10828156828,10828156856,1,"IOTHUB_CLIENT_CONFIRMATION_OK"
90,10828157161,10828157199,1,"IOTHUB_CLIENT_CONFIRMATION_OK"
91,10828157494,10828157622,1,"IOTHUB_CLIENT_CONFIRMATION_OK"
92,10828157827,10828157963,1,"IOTHUB_CLIENT_CONFIRMATION_OK"
93,10828158160,10828158189,1,"IOTHUB_CLIENT_CONFIRMATION_OK"
94,10828158494,10828158522,1,"IOTHUB_CLIENT_CONFIRMATION_OK"
95,10828158827,10828158855,1,"IOTHUB_CLIENT_CONFIRMATION_OK"
96,10828159160,10828159188,1,"IOTHUB_CLIENT_CONFIRMATION_OK"
97,10828159493,10828159523,1,"IOTHUB_CLIENT_CONFIRMATION_OK"
98,10828159826,10828159854,1,"IOTHUB_CLIENT_CONFIRMATION_OK"
99,10828160159,10828160187,1,"IOTHUB_CLIENT_CONFIRMATION_OK"
100,10828160493,10828160521,1,"IOTHUB_CLIENT_CONFIRMATION_OK"
101,10828160826,10828160865,1,"IOTHUB_CLIENT_CONFIRMATION_OK"
102,10828161159,10828161191,1,"IOTHUB_CLIENT_CONFIRMATION_OK"
103,10828161492,10828161522,1,"IOTHUB_CLIENT_CONFIRMATION_OK"
104,10828161825,10828161852,1,"IOTHUB_CLIENT_CONFIRMATION_OK"
105,10828162158,10828162187,1,"IOTHUB_CLIENT_CONFIRMATION_OK"
106,10828162492,10828162520,1,"IOTHUB_CLIENT_CONFIRMATION_OK"
107,10828162825,10828162852,1,"IOTHUB_CLIENT_CONFIRMATION_OK"
108,10828163158,10828163190,1,"IOTHUB_CLIENT_CONFIRMATION_OK"
109,10828163491,10828163519,1,"IOTHUB_CLIENT_CONFIRMATION_OK"
110,10828163824,10828163854,1,"IOTHUB_CLIENT_CONFIRMATION_OK"
111,10828164157,10828164196,1,"IOTHUB_CLIENT_CONFIRMATION_OK"
112,10828164491,10828164518,1,"IOTHUB_CLIENT_CONFIRMATION_OK"
113,10828164824,10828164856,1,"IOTHUB_CLIENT_CONFIRMATION_OK"
114,10828165157,10828165185,1,"IOTHUB_CLIENT_CONFIRMATION_OK"
115,10828165490,10828165532,1,"IOTHUB_CLIENT_CONFIRMATION_OK"
116,10828165823,10828165855,1,"IOTHUB_CLIENT_CONFIRMATION_OK"
117,10828166156,10828166185,1,"IOTHUB_CLIENT_CONFIRMATION_OK"
118,10828166490,10828166517,1,"IOTHUB_CLIENT_CONFIRMATION_OK"
119,10828166823,10828166851,1,"IOTHUB_CLIENT_CONFIRMATION_OK"
120,10828167156,10828167184,1,"IOTHUB_CLIENT_CONFIRMATION_OK"
121,10828167489,10828167517,1,"IOTHUB_CLIENT_CONFIRMATION_OK"
122,10828167822,10828167851,1,"IOTHUB_CLIENT_CONFIRMATION_OK"
123,10828168155,10828168194,1,"IOTHUB_CLIENT_CONFIRMATION_OK"
124,10828168488,10828168519,1,"IOTHUB_CLIENT_CONFIRMATION_OK"
125,10828168822,10828168852,1,"IOTHUB_CLIENT_CONFIRMATION_OK"
126,10828169155,10828169211,1,"IOTHUB_CLIENT_CONFIRMATION_OK"
127,10828169488,10828169523,1,"IOTHUB_CLIENT_CONFIRMATION_OK"
128,10828169821,10828169854,1,"IOTHUB_CLIENT_CONFIRMATION_OK"
129,10828170154,10828170183,1,"IOTHUB_CLIENT_CONFIRMATION_OK"
130,10828170487,10828170516,1,"IOTHUB_CLIENT_CONFIRMATION_OK"
131,10828170821,10828170849,1,"IOTHUB_CLIENT_CONFIRMATION_OK"
132,10828171154,10828171182,1,"IOTHUB_CLIENT_CONFIRMATION_OK"
133,10828171487,10828171515,1,"IOTHUB_CLIENT_CONFIRMATION_OK"
134,10828171820,10828171848,1,"IOTHUB_CLIENT_CONFIRMATION_OK"
135,10828172153,10828172182,1,"IOTHUB_CLIENT_CONFIRMATION_OK"
136,10828172486,10828172513,1,"IOTHUB_CLIENT_CONFIRMATION_OK"
137,10828172820,10828172850,1,"IOTHUB_CLIENT_CONFIRMATION_OK"
138,10828173153,10828173182,1,"IOTHUB_CLIENT_CONFIRMATION_OK"
139,10828173486,10828173514,1,"IOTHUB_CLIENT_CONFIRMATION_OK"
140,10828173819,10828173858,1,"IOTHUB_CLIENT_CONFIRMATION_OK"
141,10828174152,10828174180,1,"IOTHUB_CLIENT_CONFIRMATION_OK"
142,10828174485,10828174515,1,"IOTHUB_CLIENT_CONFIRMATION_OK"
143,10828174819,10828174971,1,"IOTHUB_CLIENT_CONFIRMATION_OK"
144,10828175152,10828175185,1,"IOTHUB_CLIENT_CONFIRMATION_OK"
145,10828175485,10828175513,1,"IOTHUB_CLIENT_CONFIRMATION_OK"
146,10828175818,10828175854,1,"IOTHUB_CLIENT_CONFIRMATION_OK"
147,10828176151,10828176179,1,"IOTHUB_CLIENT_CONFIRMATION_OK"
148,10828176484,10828176515,1,"IOTHUB_CLIENT_CONFIRMATION_OK"
149,10828176817,10828176844,1,"IOTHUB_CLIENT_CONFIRMATION_OK"
150,10828177151,10828177179,1,"IOTHUB_CLIENT_CONFIRMATION_OK"
151,10828177484,10828177511,1,"IOTHUB_CLIENT_CONFIRMATION_OK"
152,10828177817,10828177846,1,"IOTHUB_CLIENT_CONFIRMATION_OK"
153,10828178150,10828178181,1,"IOTHUB_CLIENT_CONFIRMATION_OK"
154,10828178483,10828178512,1,"IOTHUB_CLIENT_CONFIRMATION_OK"
155,10828178816,10828178846,1,"IOTHUB_CLIENT_CONFIRMATION_OK"
156,10828179150,10828179178,1,"IOTHUB_CLIENT_CONFIRMATION_OK"
157,10828179483,10828179515,1,"IOTHUB_CLIENT_CONFIRMATION_OK"
158,10828179816,10828179849,1,"IOTHUB_CLIENT_CONFIRMATION_OK"
159,10828180149,10828180177,1,"IOTHUB_CLIENT_CONFIRMATION_OK"
160,10828180482,10828180510,1,"IOTHUB_CLIENT_CONFIRMATION_OK"
161,10828180815,10828180842,1,"IOTHUB_CLIENT_CONFIRMATION_OK"
162,10828181149,10828181178,1,"IOTHUB_CLIENT_CONFIRMATION_OK"
163,10828181482,10828181511,1,"IOTHUB_CLIENT_CONFIRMATION_OK"
164,10828181815,10828181845,1,"IOTHUB_CLIENT_CONFIRMATION_OK"
165,10828182148,10828182176,1,"IOTHUB_CLIENT_CONFIRMATION_OK"
166,10828182481,10828182535,1,"IOTHUB_CLIENT_CONFIRMATION_OK"
167,10828182814,10828182845,1,"IOTHUB_CLIENT_CONFIRMATION_OK"
168,10828183148,10828183176,1,"IOTHUB_CLIENT_CONFIRMATION_OK"
169,10828183481,10828183514,1,"IOTHUB_CLIENT_CONFIRMATION_OK"
170,10828183814,10828183843,1,"IOTHUB_CLIENT_CONFIRMATION_OK"
171,10828184147,10828184178,1,"IOTHUB_CLIENT_CONFIRMATION_OK"
172,10828184480,10828184510,1,"IOTHUB_CLIENT_CONFIRMATION_OK"
173,10828184813,10828184848,1,"IOTHUB_CLIENT_CONFIRMATION_OK"
174,10828185146,10828185174,1,"IOTHUB_CLIENT_CONFIRMATION_OK"
175,10828185480,10828185508,1,"IOTHUB_CLIENT_CONFIRMATION_OK"
176,10828185813,10828185840,1,"IOTHUB_CLIENT_CONFIRMATION_OK"
177,10828186146,10828186175,1,"IOTHUB_CLIENT_CONFIRMATION_OK"
178,10828186479,10828186507,1,"IOTHUB_CLIENT_CONFIRMATION_OK"
179,10828186812,10828186841,1,"IOTHUB_CLIENT_CONFIRMATION_OK"
180,10828187145,10828187174,1,"IOTHUB_CLIENT_CONFIRMATION_OK"
181,10828187479,10828187505,1,"IOTHUB_CLIENT_CONFIRMATION_OK"
182,10828187812,10828187840,1,"IOTHUB_CLIENT_CONFIRMATION_OK"
183,10828188145,10828188176,1,"IOTHUB_CLIENT_CONFIRMATION_OK"
184,10828188478,10828188507,1,"IOTHUB_CLIENT_CONFIRMATION_OK"
185,10828188811,10828188839,1,"IOTHUB_CLIENT_CONFIRMATION_OK"
186,10828189144,10828189173,1,"IOTHUB_CLIENT_CONFIRMATION_OK"
187,10828189478,10828189521,1,"IOTHUB_CLIENT_CONFIRMATION_OK"
188,10828189811,10828189854,1,"IOTHUB_CLIENT_CONFIRMATION_OK"
189,10828190144,10828190172,1,"IOTHUB_CLIENT_CONFIRMATION_OK"
190,10828190477,10828190505,1,"IOTHUB_CLIENT_CONFIRMATION_OK"
191,10828190810,10828190839,1,"IOTHUB_CLIENT_CONFIRMATION_OK"
192,10828191143,10828191198,1,"IOTHUB_CLIENT_CONFIRMATION_OK"
193,10828191477,10828191505,1,"IOTHUB_CLIENT_CONFIRMATION_OK"
194,10828191810,10828191837,1,"IOTHUB_CLIENT_CONFIRMATION_OK"
195,10828192143,10828192219,1,"IOTHUB_CLIENT_CONFIRMATION_OK"
196,10828192476,10828192504,1,"IOTHUB_CLIENT_CONFIRMATION_OK"
197,10828192809,10828192836,1,"IOTHUB_CLIENT_CONFIRMATION_OK"
198,10828193142,10828193170,1,"IOTHUB_CLIENT_CONFIRMATION_OK"
199,10828193476,10828193504,1,"IOTHUB_CLIENT_CONFIRMATION_OK"
200,10828193809,10828193837,1,"IOTHUB_CLIENT_CONFIRMATION_OK"
201,10828194142,10828194174,1,"IOTHUB_CLIENT_CONFIRMATION_OK"
202,10828194475,10828194504,1,"IOTHUB_CLIENT_CONFIRMATION_OK"
203,10828194808,10828194843,1,"IOTHUB_CLIENT_CONFIRMATION_OK"
204,10828195141,10828195168,1,"IOTHUB_CLIENT_CONFIRMATION_OK"
205,10828195474,10828195503,1,"IOTHUB_CLIENT_CONFIRMATION_OK"
206,10828195808,10828195840,1,"IOTHUB_CLIENT_CONFIRMATION_OK"
207,10828196141,10828196170,1,"IOTHUB_CLIENT_CONFIRMATION_OK"
208,10828196474,10828196502,1,"IOTHUB_CLIENT_CONFIRMATION_OK"
209,10828196807,10828196836,1,"IOTHUB_CLIENT_CONFIRMATION_OK"
210,10828197140,10828197167,1,"IOTHUB_CLIENT_CONFIRMATION_OK"
211,10828197473,10828197501,1,"IOTHUB_CLIENT_CONFIRMATION_OK"
212,10828197807,10828197997,1,"IOTHUB_CLIENT_CONFIRMATION_OK"
213,10828198140,10828198167,1,"IOTHUB_CLIENT_CONFIRMATION_OK"
214,10828198473,10828198504,1,"IOTHUB_CLIENT_CONFIRMATION_OK"
215,10828198806,10828198834,1,"IOTHUB_CLIENT_CONFIRMATION_OK"
216,10828199139,10828199166,1,"IOTHUB_CLIENT_CONFIRMATION_OK"
217,10828199472,10828199500,1,"IOTHUB_CLIENT_CONFIRMATION_OK"
218,10828199806,10828199834,1,"IOTHUB_CLIENT_CONFIRMATION_OK"
219,10828200139,10828200165,1,"IOTHUB_CLIENT_CONFIRMATION_OK"
220,10828200472,10828200499,1,"IOTHUB_CLIENT_CONFIRMATION_OK"
221,10828200805,10828200842,1,"IOTHUB_CLIENT_CONFIRMATION_OK"
222,10828201138,10828201167,1,"IOTHUB_CLIENT_CONFIRMATION_OK"
223,10828201471,10828201499,1,"IOTHUB_CLIENT_CONFIRMATION_OK"
224,10828201805,10828201833,1,"IOTHUB_CLIENT_CONFIRMATION_OK"
225,10828202138,10828202164,1,"IOTHUB_CLIENT_CONFIRMATION_OK"
226,10828202471,10828202506,1,"IOTHUB_CLIENT_CONFIRMATION_OK"
227,10828202804,10828202833,1,"IOTHUB_CLIENT_CONFIRMATION_OK"
228,10828203137,10828203168,1,"IOTHUB_CLIENT_CONFIRMATION_OK"
229,10828203470,10828203497,1,"IOTHUB_CLIENT_CONFIRMATION_OK"
230,10828203804,10828203832,1,"IOTHUB_CLIENT_CONFIRMATION_OK"
231,10828204137,10828204165,1,"IOTHUB_CLIENT_CONFIRMATION_OK"
232,10828204470,10828204498,1,"IOTHUB_CLIENT_CONFIRMATION_OK"
233,10828204803,10828204831,1,"IOTHUB_CLIENT_CONFIRMATION_OK"
234,10828205136,10828205211,1,"IOTHUB_CLIENT_CONFIRMATION_OK"
235,10828205469,10828205497,1,"IOTHUB_CLIENT_CONFIRMATION_OK"
236,10828205802,10828205835,1,"IOTHUB_CLIENT_CONFIRMATION_OK"
237,10828206136,10828206183,1,"IOTHUB_CLIENT_CONFIRMATION_OK"
238,10828206469,10828206606,1,"IOTHUB_CLIENT_CONFIRMATION_OK"
239,10828206802,10828206829,1,"IOTHUB_CLIENT_CONFIRMATION_OK"
240,10828207135,10828207185,1,"IOTHUB_CLIENT_CONFIRMATION_OK"
241,10828207468,10828207497,1,"IOTHUB_CLIENT_CONFIRMATION_OK"
242,10828207801,10828207837,1,"IOTHUB_CLIENT_CONFIRMATION_OK"
243,10828208135,10828208163,1,"IOTHUB_CLIENT_CONFIRMATION_OK"
244,10828208468,10828208496,1,"IOTHUB_CLIENT_CONFIRMATION_OK"
245,10828208801,10828208829,1,"IOTHUB_CLIENT_CONFIRMATION_OK"
246,10828209134,10828209163,1,"IOTHUB_CLIENT_CONFIRMATION_OK"
247,10828209467,10828209496,1,"IOTHUB_CLIENT_CONFIRMATION_OK"
248,10828209800,10828209829,1,"IOTHUB_CLIENT_CONFIRMATION_OK"
249,10828210134,10828210163,1,"IOTHUB_CLIENT_CONFIRMATION_OK"
250,10828210467,10828210495,1,"IOTHUB_CLIENT_CONFIRMATION_OK"
251,10828210800,10828210828,1,"IOTHUB_CLIENT_CONFIRMATION_OK"
252,10828211133,10828211161,1,"IOTHUB_CLIENT_CONFIRMATION_OK"
253,10828211466,10828211495,1,"IOTHUB_CLIENT_CONFIRMATION_OK"
254,10828211799,10828211827,1,"IOTHUB_CLIENT_CONFIRMATION_OK"
255,10828212132,10828212161,1,"IOTHUB_CLIENT_CONFIRMATION_OK"
256,10828212466,10828212493,1,"IOTHUB_CLIENT_CONFIRMATION_OK"
257,10828212799,10828212826,1,"IOTHUB_CLIENT_CONFIRMATION_OK"
258,10828213132,10828213163,1,"IOTHUB_CLIENT_CONFIRMATION_OK"
259,10828213465,10828213493,1,"IOTHUB_CLIENT_CONFIRMATION_OK"
260,10828213798,10828213827,1,"IOTHUB_CLIENT_CONFIRMATION_OK"
261,10828214131,10828214172,1,"IOTHUB_CLIENT_CONFIRMATION_OK"
262,10828214465,10828214495,1,"IOTHUB_CLIENT_CONFIRMATION_OK"
263,10828214798,10828214826,1,"IOTHUB_CLIENT_CONFIRMATION_OK"
264,10828215131,10828215190,1,"IOTHUB_CLIENT_CONFIRMATION_OK"
265,10828215464,10828215498,1,"IOTHUB_CLIENT_CONFIRMATION_OK"
266,10828215797,10828215829,1,"IOTHUB_CLIENT_CONFIRMATION_OK"
267,10828216130,10828216159,1,"IOTHUB_CLIENT_CONFIRMATION_OK"
268,10828216464,10828216517,1,"IOTHUB_CLIENT_CONFIRMATION_OK"
269,10828216797,10828216825,1,"IOTHUB_CLIENT_CONFIRMATION_OK"
270,10828217130,10828217177,1,"IOTHUB_CLIENT_CONFIRMATION_OK"
271,10828217463,10828217491,1,"IOTHUB_CLIENT_CONFIRMATION_OK"
272,10828217796,10828217824,1,"IOTHUB_CLIENT_CONFIRMATION_OK"
273,10828218129,10828218157,1,"IOTHUB_CLIENT_CONFIRMATION_OK"
274,10828218463,10828218490,1,"IOTHUB_CLIENT_CONFIRMATION_OK"
275,10828218796,10828218824,1,"IOTHUB_CLIENT_CONFIRMATION_OK"
276,10828219129,10828219161,1,"IOTHUB_CLIENT_CONFIRMATION_OK"
277,10828219462,10828219489,1,"IOTHUB_CLIENT_CONFIRMATION_OK"
278,10828219795,10828219822,1,"IOTHUB_CLIENT_CONFIRMATION_OK"
279,10828220128,10828220156,1,"IOTHUB_CLIENT_CONFIRMATION_OK"
280,10828220462,10828220489,1,"IOTHUB_CLIENT_CONFIRMATION_OK"
281,10828220795,10828220828,1,"IOTHUB_CLIENT_CONFIRMATION_OK"
282,10828221128,10828221159,1,"IOTHUB_CLIENT_CONFIRMATION_OK"
283,10828221461,10828221489,1,"IOTHUB_CLIENT_CONFIRMATION_OK"
284,10828221794,10828221822,1,"IOTHUB_CLIENT_CONFIRMATION_OK"
285,10828222127,10828222158,1,"IOTHUB_CLIENT_CONFIRMATION_OK"
286,10828222461,10828222489,1,"IOTHUB_CLIENT_CONFIRMATION_OK"
287,10828222794,10828222822,1,"IOTHUB_CLIENT_CONFIRMATION_OK"
288,10828223127,10828223165,1,"IOTHUB_CLIENT_CONFIRMATION_OK"
289,10828223460,10828223487,1,"IOTHUB_CLIENT_CONFIRMATION_OK"
290,10828223793,10828223821,1,"IOTHUB_CLIENT_CONFIRMATION_OK"
291,10828224126,10828224163,1,"IOTHUB_CLIENT_CONFIRMATION_OK"
292,10828224460,10828224487,1,"IOTHUB_CLIENT_CONFIRMATION_OK"
293,10828224793,10828224821,1,"IOTHUB_CLIENT_CONFIRMATION_OK"
294,10828225126,10828225155,1,"IOTHUB_CLIENT_CONFIRMATION_OK"
295,10828225459,10828225496,1,"IOTHUB_CLIENT_CONFIRMATION_OK"
296,10828225792,10828225820,1,"IOTHUB_CLIENT_CONFIRMATION_OK"
297,10828226125,10828226156,1,"IOTHUB_CLIENT_CONFIRMATION_OK"
298,10828226459,10828226490,1,"IOTHUB_CLIENT_CONFIRMATION_OK"
299,10828226792,10828226820,1,"IOTHUB_CLIENT_CONFIRMATION_OK"
300,10828227125,10828227153,1,"IOTHUB_CLIENT_CONFIRMATION_OK"
301,10828227458,10828227487,1,"IOTHUB_CLIENT_CONFIRMATION_OK"
302,10828227791,10828227822,1,"IOTHUB_CLIENT_CONFIRMATION_OK"
303,10828228124,10828228153,1,"IOTHUB_CLIENT_CONFIRMATION_OK"
304,10828228458,10828228571,1,"IOTHUB_CLIENT_CONFIRMATION_OK"
305,10828228791,10828228820,1,"IOTHUB_CLIENT_CONFIRMATION_OK"
306,10828229124,10828229155,1,"IOTHUB_CLIENT_CONFIRMATION_OK"
307,10828229457,10828229577,1,"IOTHUB_CLIENT_CONFIRMATION_OK"
308,10828229790,10828229828,1,"IOTHUB_CLIENT_CONFIRMATION_OK"
309,10828230123,10828230153,1,"IOTHUB_CLIENT_CONFIRMATION_OK"
310,10828230457,10828230487,1,"IOTHUB_CLIENT_CONFIRMATION_OK"
311,10828230790,10828230818,1,"IOTHUB_CLIENT_CONFIRMATION_OK"
312,10828231123,10828231152,1,"IOTHUB_CLIENT_CONFIRMATION_OK"
313,10828231456,10828231488,1,"IOTHUB_CLIENT_CONFIRMATION_OK"
314,10828231789,10828231818,1,"IOTHUB_CLIENT_CONFIRMATION_OK"
315,10828232122,10828232152,1,"IOTHUB_CLIENT_CONFIRMATION_OK"
316,10828232456,10828232483,1,"IOTHUB_CLIENT_CONFIRMATION_OK"
317,10828232789,10828232817,1,"IOTHUB_CLIENT_CONFIRMATION_OK"
318,10828233122,10828233149,1,"IOTHUB_CLIENT_CONFIRMATION_OK"
319,10828233455,10828233521,1,"IOTHUB_CLIENT_CONFIRMATION_OK"
320,10828233788,10828233819,1,"IOTHUB_CLIENT_CONFIRMATION_OK"
321,10828234121,10828234150,1,"IOTHUB_CLIENT_CONFIRMATION_OK"
322,10828234455,10828234483,1,"IOTHUB_CLIENT_CONFIRMATION_OK"
323,10828234788,10828234826,1,"IOTHUB_CLIENT_CONFIRMATION_OK"
324,10828235121,10828235150,1,"IOTHUB_CLIENT_CONFIRMATION_OK"
325,10828235454,10828235767,1,"IOTHUB_CLIENT_CONFIRMATION_OK"
326,10828235787,10828235816,1,"IOTHUB_CLIENT_CONFIRMATION_OK"
327,10828236120,10828236182,1,"IOTHUB_CLIENT_CONFIRMATION_OK"
328,10828236454,10828236485,1,"IOTHUB_CLIENT_CONFIRMATION_OK"
329,10828236787,10828236820,1,"IOTHUB_CLIENT_CONFIRMATION_OK"
330,10828237120,10828237189,1,"IOTHUB_CLIENT_CONFIRMATION_OK"
331,10828237453,10828237482,1,"IOTHUB_CLIENT_CONFIRMATION_OK"
332,10828237786,10828237818,1,"IOTHUB_CLIENT_CONFIRMATION_OK"
333,10828238119,10828238220,1,"IOTHUB_CLIENT_CONFIRMATION_OK"
334,10828238453,10828238481,1,"IOTHUB_CLIENT_CONFIRMATION_OK"
335,10828238786,10828238813,1,"IOTHUB_CLIENT_CONFIRMATION_OK"
336,10828239119,10828239152,1,"IOTHUB_CLIENT_CONFIRMATION_OK"
337,10828239452,10828239482,1,"IOTHUB_CLIENT_CONFIRMATION_OK"
338,10828239785,10828239814,1,"IOTHUB_CLIENT_CONFIRMATION_OK"
339,10828240118,10828240148,1,"IOTHUB_CLIENT_CONFIRMATION_OK"
340,10828240452,10828240483,1,"IOTHUB_CLIENT_CONFIRMATION_OK"
341,10828240785,10828240821,1,"IOTHUB_CLIENT_CONFIRMATION_OK"
342,10828241118,10828241145,1,"IOTHUB_CLIENT_CONFIRMATION_OK"
343,10828241451,10828241480,1,"IOTHUB_CLIENT_CONFIRMATION_OK"
344,10828241784,10828241813,1,"IOTHUB_CLIENT_CONFIRMATION_OK"
345,10828242117,10828242149,1,"IOTHUB_CLIENT_CONFIRMATION_OK"
346,10828242451,10828242480,1,"IOTHUB_CLIENT_CONFIRMATION_OK"
347,10828242784,10828242815,1,"IOTHUB_CLIENT_CONFIRMATION_OK"
348,10828243117,10828243148,1,"IOTHUB_CLIENT_CONFIRMATION_OK"
349,10828243450,10828243479,1,"IOTHUB_CLIENT_CONFIRMATION_OK"
350,10828243783,10828243813,1,"IOTHUB_CLIENT_CONFIRMATION_OK"
351,10828244116,10828244145,1,"IOTHUB_CLIENT_CONFIRMATION_OK"
352,10828244450,10828244478,1,"IOTHUB_CLIENT_CONFIRMATION_OK"
353,10828244783,10828244926,1,"IOTHUB_CLIENT_CONFIRMATION_OK"
354,10828245116,10828245147,1,"IOTHUB_CLIENT_CONFIRMATION_OK"
355,10828245449,10828245480,1,"IOTHUB_CLIENT_CONFIRMATION_OK"
356,10828245782,10828245809,1,"IOTHUB_CLIENT_CONFIRMATION_OK"
357,10828246115,10828246155,1,"IOTHUB_CLIENT_CONFIRMATION_OK"
358,10828246449,10828246476,1,"IOTHUB_CLIENT_CONFIRMATION_OK"
359,10828246782,10828246811,1,"IOTHUB_CLIENT_CONFIRMATION_OK"
360,10828247115,10828247143,1,"IOTHUB_CLIENT_CONFIRMATION_OK"
361,10828247448,10828247478,1,"IOTHUB_CLIENT_CONFIRMATION_OK"
362,10828247781,10828247809,1,"IOTHUB_CLIENT_CONFIRMATION_OK"
363,10828248114,10828248172,1,"IOTHUB_CLIENT_CONFIRMATION_OK"
364,10828248448,10828248476,1,"IOTHUB_CLIENT_CONFIRMATION_OK"
365,10828248781,10828248809,1,"IOTHUB_CLIENT_CONFIRMATION_OK"
366,10828249114,10828249151,1,"IOTHUB_CLIENT_CONFIRMATION_OK"
367,10828249447,10828249484,1,"IOTHUB_CLIENT_CONFIRMATION_OK"
368,10828249780,10828249808,1,"IOTHUB_CLIENT_CONFIRMATION_OK"
369,10828250113,10828250141,1,"IOTHUB_CLIENT_CONFIRMATION_OK"
370,10828250447,10828250478,1,"IOTHUB_CLIENT_CONFIRMATION_OK"
371,10828250780,10828250809,1,"IOTHUB_CLIENT_CONFIRMATION_OK"
372,10828251113,10828251141,1,"IOTHUB_CLIENT_CONFIRMATION_OK"
373,10828251446,10828251475,1,"IOTHUB_CLIENT_CONFIRMATION_OK"
374,10828251779,10828251806,1,"IOTHUB_CLIENT_CONFIRMATION_OK"
375,10828252112,10828252139,1,"IOTHUB_CLIENT_CONFIRMATION_OK"
376,10828252445,10828252475,1,"IOTHUB_CLIENT_CONFIRMATION_OK"
377,10828252779,10828252807,1,"IOTHUB_CLIENT_CONFIRMATION_OK"
378,10828253112,10828253141,1,"IOTHUB_CLIENT_CONFIRMATION_OK"
379,10828253445,10828253498,1,"IOTHUB_CLIENT_CONFIRMATION_OK"
380,10828253778,10828253806,1,"IOTHUB_CLIENT_CONFIRMATION_OK"
381,10828254111,10828254141,1,"IOTHUB_CLIENT_CONFIRMATION_OK"
382,10828254444,10828254505,1,"IOTHUB_CLIENT_CONFIRMATION_OK"
383,10828254778,10828254805,1,"IOTHUB_CLIENT_CONFIRMATION_OK"
384,10828255111,10828255138,1,"IOTHUB_CLIENT_CONFIRMATION_OK"
385,10828255444,10828255474,1,"IOTHUB_CLIENT_CONFIRMATION_OK"
386,10828255777,10828255809,1,"IOTHUB_CLIENT_CONFIRMATION_OK"
387,10828256110,10828256138,1,"IOTHUB_CLIENT_CONFIRMATION_OK"
388,10828256443,10828256494,1,"IOTHUB_CLIENT_CONFIRMATION_OK"
389,10828256777,10828256804,1,"IOTHUB_CLIENT_CONFIRMATION_OK"
390,10828257110,10828257138,1,"IOTHUB_CLIENT_CONFIRMATION_OK"
391,10828257443,10828257474,1,"IOTHUB_CLIENT_CONFIRMATION_OK"
392,10828257776,10828257804,1,"IOTHUB_CLIENT_CONFIRMATION_OK"
393,10828258109,10828258137,1,"IOTHUB_CLIENT_CONFIRMATION_OK"
394,10828258443,10828258481,1,"IOTHUB_CLIENT_CONFIRMATION_OK"
395,10828258776,10828258804,1,"IOTHUB_CLIENT_CONFIRMATION_OK"
396,10828259109,10828259138,1,"IOTHUB_CLIENT_CONFIRMATION_OK"
397,10828259442,10828259470,1,"IOTHUB_CLIENT_CONFIRMATION_OK"
398,10828259775,10828259802,1,"IOTHUB_CLIENT_CONFIRMATION_OK"
399,10828260108,10828260255,1,"IOTHUB_CLIENT_CONFIRMATION_OK"
400,10828260442,10828260470,1,"IOTHUB_CLIENT_CONFIRMATION_OK"
401,10828260775,10828260803,1,"IOTHUB_CLIENT_CONFIRMATION_OK"
402,10828261108,10828261233,1,"IOTHUB_CLIENT_CONFIRMATION_OK"
403,10828261441,10828261477,1,"IOTHUB_CLIENT_CONFIRMATION_OK"
404,10828261774,10828261803,1,"IOTHUB_CLIENT_CONFIRMATION_OK"
405,10828262107,10828262140,1,"IOTHUB_CLIENT_CONFIRMATION_OK"
406,10828262440,10828262482,1,"IOTHUB_CLIENT_CONFIRMATION_OK"
407,10828262774,10828262803,1,"IOTHUB_CLIENT_CONFIRMATION_OK"
408,10828263107,10828263134,1,"IOTHUB_CLIENT_CONFIRMATION_OK"
409,10828263440,10828263468,1,"IOTHUB_CLIENT_CONFIRMATION_OK"
410,10828263773,10828263801,1,"IOTHUB_CLIENT_CONFIRMATION_OK"
411,10828264106,10828264134,1,"IOTHUB_CLIENT_CONFIRMATION_OK"
412,10828264439,10828264472,1,"IOTHUB_CLIENT_CONFIRMATION_OK"
413,10828264773,10828264801,1,"IOTHUB_CLIENT_CONFIRMATION_OK"
414,10828265106,10828265240,1,"IOTHUB_CLIENT_CONFIRMATION_OK"
415,10828265439,10828265467,1,"IOTHUB_CLIENT_CONFIRMATION_OK"
416,10828265772,10828265846,1,"IOTHUB_CLIENT_CONFIRMATION_OK"
417,10828266105,10828266135,1,"IOTHUB_CLIENT_CONFIRMATION_OK"
418,10828266438,10828266465,1,"IOTHUB_CLIENT_CONFIRMATION_OK"
419,10828266772,10828266808,1,"IOTHUB_CLIENT_CONFIRMATION_OK"
420,10828267105,10828267154,1,"IOTHUB_CLIENT_CONFIRMATION_OK"
421,10828267438,10828267466,1,"IOTHUB_CLIENT_CONFIRMATION_OK"
422,10828267771,10828267799,1,"IOTHUB_CLIENT_CONFIRMATION_OK"
423,10828268104,10828268133,1,"IOTHUB_CLIENT_CONFIRMATION_OK"
424,10828268437,10828268468,1,"IOTHUB_CLIENT_CONFIRMATION_OK"
425,10828268771,10828268799,1,"IOTHUB_CLIENT_CONFIRMATION_OK"
426,10828269104,10828269132,1,"IOTHUB_CLIENT_CONFIRMATION_OK"
427,10828269437,10828269475,1,"IOTHUB_CLIENT_CONFIRMATION_OK"
428,10828269770,10828269798,1,"IOTHUB_CLIENT_CONFIRMATION_OK"
429,10828270103,10828270154,1,"IOTHUB_CLIENT_CONFIRMATION_OK"
430,10828270436,10828270470,1,"IOTHUB_CLIENT_CONFIRMATION_OK"
431,10828270770,10828270805,1,"IOTHUB_CLIENT_CONFIRMATION_OK"
432,10828271103,10828271131,1,"IOTHUB_CLIENT_CONFIRMATION_OK"
433,10828271436,10828271568,1,"IOTHUB_CLIENT_CONFIRMATION_OK"
434,10828271769,10828271803,1,"IOTHUB_CLIENT_CONFIRMATION_OK"
435,10828272102,10828272129,1,"IOTHUB_CLIENT_CONFIRMATION_OK"
436,10828272435,10828272462,1,"IOTHUB_CLIENT_CONFIRMATION_OK"
437,10828272769,10828272797,1,"IOTHUB_CLIENT_CONFIRMATION_OK"
438,10828273102,10828273132,1,"IOTHUB_CLIENT_CONFIRMATION_OK"
439,10828273435,10828273463,1,"IOTHUB_CLIENT_CONFIRMATION_OK"
440,10828273768,10828273795,1,"IOTHUB_CLIENT_CONFIRMATION_OK"
441,10828274101,10828274129,1,"IOTHUB_CLIENT_CONFIRMATION_OK"
442,10828274434,10828274463,1,"IOTHUB_CLIENT_CONFIRMATION_OK"
443,10828274767,10828274795,1,"IOTHUB_CLIENT_CONFIRMATION_OK"
444,10828275101,10828275138,1,"IOTHUB_CLIENT_CONFIRMATION_OK"
445,10828275434,10828275464,1,"IOTHUB_CLIENT_CONFIRMATION_OK"
446,10828275767,10828275795,1,"IOTHUB_CLIENT_CONFIRMATION_OK"
447,10828276100,10828276130,1,"IOTHUB_CLIENT_CONFIRMATION_OK"
448,10828276433,10828276468,1,"IOTHUB_CLIENT_CONFIRMATION_OK"
449,10828276766,10828276796,1,"IOTHUB_CLIENT_CONFIRMATION_OK"
450,10828277100,10828277132,1,"IOTHUB_CLIENT_CONFIRMATION_OK"
451,10828277433,10828277483,1,"IOTHUB_CLIENT_CONFIRMATION_OK"
452,10828277766,10828277796,1,"IOTHUB_CLIENT_CONFIRMATION_OK"
453,10828278099,10828278130,1,"IOTHUB_CLIENT_CONFIRMATION_OK"
454,10828278432,10828278483,1,"IOTHUB_CLIENT_CONFIRMATION_OK"
455,10828278765,10828278794,1,"IOTHUB_CLIENT_CONFIRMATION_OK"
456,10828279099,10828279126,1,"IOTHUB_CLIENT_CONFIRMATION_OK"
457,10828279432,10828279459,1,"IOTHUB_CLIENT_CONFIRMATION_OK"
458,10828279765,10828279793,1,"IOTHUB_CLIENT_CONFIRMATION_OK"
459,10828280098,10828280126,1,"IOTHUB_CLIENT_CONFIRMATION_OK"
460,10828280431,10828280461,1,"IOTHUB_CLIENT_CONFIRMATION_OK"
461,10828280764,10828280797,1,"IOTHUB_CLIENT_CONFIRMATION_OK"
462,10828281098,10828281125,1,"IOTHUB_CLIENT_CONFIRMATION_OK"
463,10828281431,10828281458,1,"IOTHUB_CLIENT_CONFIRMATION_OK"
464,10828281764,10828281792,1,"IOTHUB_CLIENT_CONFIRMATION_OK"
465,10828282097,10828282134,1,"IOTHUB_CLIENT_CONFIRMATION_OK"
466,10828282430,10828282457,1,"IOTHUB_CLIENT_CONFIRMATION_OK"
467,10828282763,10828282791,1,"IOTHUB_CLIENT_CONFIRMATION_OK"
468,10828283097,10828283246,1,"IOTHUB_CLIENT_CONFIRMATION_OK"
469,10828283430,10828283458,1,"IOTHUB_CLIENT_CONFIRMATION_OK"
470,10828283763,10828283793,1,"IOTHUB_CLIENT_CONFIRMATION_OK"
471,10828284096,10828284124,1,"IOTHUB_CLIENT_CONFIRMATION_OK"
472,10828284429,10828284458,1,"IOTHUB_CLIENT_CONFIRMATION_OK"
473,10828284762,10828284791,1,"IOTHUB_CLIENT_CONFIRMATION_OK"
474,10828285096,10828285122,1,"IOTHUB_CLIENT_CONFIRMATION_OK"
475,10828285429,10828285460,1,"IOTHUB_CLIENT_CONFIRMATION_OK"
476,10828285762,10828285790,1,"IOTHUB_CLIENT_CONFIRMATION_OK"
477,10828286095,10828286124,1,"IOTHUB_CLIENT_CONFIRMATION_OK"
478,10828286428,10828286456,1,"IOTHUB_CLIENT_CONFIRMATION_OK"
479,10828286761,10828286789,1,"IOTHUB_CLIENT_CONFIRMATION_OK"
480,10828287095,10828287127,1,"IOTHUB_CLIENT_CONFIRMATION_OK"
481,10828287428,10828287463,1,"IOTHUB_CLIENT_CONFIRMATION_OK"
482,10828287761,10828287809,1,"IOTHUB_CLIENT_CONFIRMATION_OK"
483,10828288094,10828288148,1,"IOTHUB_CLIENT_CONFIRMATION_OK"
484,10828288427,10828288455,1,"IOTHUB_CLIENT_CONFIRMATION_OK"
485,10828288760,10828288795,1,"IOTHUB_CLIENT_CONFIRMATION_OK"
486,10828289094,10828289122,1,"IOTHUB_CLIENT_CONFIRMATION_OK"
487,10828289427,10828289455,1,"IOTHUB_CLIENT_CONFIRMATION_OK"
488,10828289760,10828289787,1,"IOTHUB_CLIENT_CONFIRMATION_OK"
489,10828290093,10828290121,1,"IOTHUB_CLIENT_CONFIRMATION_OK"
490,10828290426,10828290458,1,"IOTHUB_CLIENT_CONFIRMATION_OK"
491,10828290759,10828290787,1,"IOTHUB_CLIENT_CONFIRMATION_OK"
492,10828291093,10828291121,1,"IOTHUB_CLIENT_CONFIRMATION_OK"
493,10828291426,10828291454,1,"IOTHUB_CLIENT_CONFIRMATION_OK"
494,10828291759,10828291806,1,"IOTHUB_CLIENT_CONFIRMATION_OK"
495,10828292092,10828292122,1,"IOTHUB_CLIENT_CONFIRMATION_OK"
496,10828292425,10828292462,1,"IOTHUB_CLIENT_CONFIRMATION_OK"
497,10828292758,10828292852,1,"IOTHUB_CLIENT_CONFIRMATION_OK"
498,10828293092,10828293119,1,"IOTHUB_CLIENT_CONFIRMATION_OK"
499,10828293425,10828293462,1,"IOTHUB_CLIENT_CONFIRMATION_OK"
500,10828293758,10828293786,1,"IOTHUB_CLIENT_CONFIRMATION_OK"
501,10828294091,10828294149,1,"IOTHUB_CLIENT_CONFIRMATION_OK"
502,10828294424,10828294453,1,"IOTHUB_CLIENT_CONFIRMATION_OK"
503,10828294757,10828294786,1,"IOTHUB_CLIENT_CONFIRMATION_OK"
504,10828295091,10828295118,1,"IOTHUB_CLIENT_CONFIRMATION_OK"
505,10828295424,10828295452,1,"IOTHUB_CLIENT_CONFIRMATION_OK"
506,10828295757,10828295784,1,"IOTHUB_CLIENT_CONFIRMATION_OK"
507,10828296090,10828296119,1,"IOTHUB_CLIENT_CONFIRMATION_OK"
508,10828296423,10828296452,1,"IOTHUB_CLIENT_CONFIRMATION_OK"
509,10828296756,10828296786,1,"IOTHUB_CLIENT_CONFIRMATION_OK"
510,10828297090,10828297117,1,"IOTHUB_CLIENT_CONFIRMATION_OK"
511,10828297423,10828297450,1,"IOTHUB_CLIENT_CONFIRMATION_OK"
512,10828297756,10828297784,1,"IOTHUB_CLIENT_CONFIRMATION_OK"
513,10828298089,10828298131,1,"IOTHUB_CLIENT_CONFIRMATION_OK"
514,10828298422,10828298544,1,"IOTHUB_CLIENT_CONFIRMATION_OK"
515,10828298755,10828298784,1,"IOTHUB_CLIENT_CONFIRMATION_OK"
516,10828299089,10828299121,1,"IOTHUB_CLIENT_CONFIRMATION_OK"
517,10828299422,10828299566,1,"IOTHUB_CLIENT_CONFIRMATION_OK"
518,10828299755,10828299783,1,"IOTHUB_CLIENT_CONFIRMATION_OK"
519,10828300088,10828300117,1,"IOTHUB_CLIENT_CONFIRMATION_OK"
520,10828300421,10828300449,1,"IOTHUB_CLIENT_CONFIRMATION_OK"
521,10828300754,10828300784,1,"IOTHUB_CLIENT_CONFIRMATION_OK"
522,10828301088,10828301117,1,"IOTHUB_CLIENT_CONFIRMATION_OK"
523,10828301421,10828301449,1,"IOTHUB_CLIENT_CONFIRMATION_OK"
524,10828301754,10828301782,1,"IOTHUB_CLIENT_CONFIRMATION_OK"
525,10828302087,10828302115,1,"IOTHUB_CLIENT_CONFIRMATION_OK"
526,10828302420,10828302449,1,"IOTHUB_CLIENT_CONFIRMATION_OK"
527,10828302753,10828302782,1,"IOTHUB_CLIENT_CONFIRMATION_OK"
528,10828303087,10828303113,1,"IOTHUB_CLIENT_CONFIRMATION_OK"
529,10828303420,10828303459,1,"IOTHUB_CLIENT_CONFIRMATION_OK"
530,10828303753,10828303787,1,"IOTHUB_CLIENT_CONFIRMATION_OK"
531,10828304086,10828304115,1,"IOTHUB_CLIENT_CONFIRMATION_OK"
532,10828304419,10828304446,1,"IOTHUB_CLIENT_CONFIRMATION_OK"
533,10828304752,10828304780,1,"IOTHUB_CLIENT_CONFIRMATION_OK"
534,10828305086,10828305114,1,"IOTHUB_CLIENT_CONFIRMATION_OK"
535,10828305419,10828305447,1,"IOTHUB_CLIENT_CONFIRMATION_OK"
536,10828305752,10828305783,1,"IOTHUB_CLIENT_CONFIRMATION_OK"
537,10828306085,10828306115,1,"IOTHUB_CLIENT_CONFIRMATION_OK"
538,10828306418,10828306448,1,"IOTHUB_CLIENT_CONFIRMATION_OK"
539,10828306751,10828306779,1,"IOTHUB_CLIENT_CONFIRMATION_OK"
540,10828307085,10828307234,1,"IOTHUB_CLIENT_CONFIRMATION_OK"
541,10828307418,10828307447,1,"IOTHUB_CLIENT_CONFIRMATION_OK"
542,10828307751,10828307787,1,"IOTHUB_CLIENT_CONFIRMATION_OK"
543,10828308084,10828308112,1,"IOTHUB_CLIENT_CONFIRMATION_OK"
544,10828308417,10828308445,1,"IOTHUB_CLIENT_CONFIRMATION_OK"
545,10828308750,10828308779,1,"IOTHUB_CLIENT_CONFIRMATION_OK"
546,10828309084,10828309112,1,"IOTHUB_CLIENT_CONFIRMATION_OK"
547,10828309417,10828309447,1,"IOTHUB_CLIENT_CONFIRMATION_OK"
548,10828309750,10828309779,1,"IOTHUB_CLIENT_CONFIRMATION_OK"
549,10828310083,10828310117,1,"IOTHUB_CLIENT_CONFIRMATION_OK"
550,10828310416,10828310446,1,"IOTHUB_CLIENT_CONFIRMATION_OK"
551,10828310749,10828310778,1,"IOTHUB_CLIENT_CONFIRMATION_OK"
552,10828311083,10828311111,1,"IOTHUB_CLIENT_CONFIRMATION_OK"
553,10828311416,10828311444,1,"IOTHUB_CLIENT_CONFIRMATION_OK"
554,10828311749,10828311777,1,"IOTHUB_CLIENT_CONFIRMATION_OK"
555,10828312082,10828312142,1,"IOTHUB_CLIENT_CONFIRMATION_OK"
556,10828312415,10828312447,1,"IOTHUB_CLIENT_CONFIRMATION_OK"
557,10828312748,10828312777,1,"IOTHUB_CLIENT_CONFIRMATION_OK"
558,10828313082,10828313112,1,"IOTHUB_CLIENT_CONFIRMATION_OK"
559,10828313415,10828313445,1,"IOTHUB_CLIENT_CONFIRMATION_OK"
560,10828313748,10828313776,1,"IOTHUB_CLIENT_CONFIRMATION_OK"
561,10828314081,10828314110,1,"IOTHUB_CLIENT_CONFIRMATION_OK"
562,10828314414,10828314442,1,"IOTHUB_CLIENT_CONFIRMATION_OK"
563,10828314747,10828314781,1,"IOTHUB_CLIENT_CONFIRMATION_OK"
564,10828315081,10828315110,1,"IOTHUB_CLIENT_CONFIRMATION_OK"
565,10828315414,10828315442,1,"IOTHUB_CLIENT_CONFIRMATION_OK"
566,10828315747,10828315798,1,"IOTHUB_CLIENT_CONFIRMATION_OK"
567,10828316080,10828316108,1,"IOTHUB_CLIENT_CONFIRMATION_OK"
568,10828316413,10828316441,1,"IOTHUB_CLIENT_CONFIRMATION_OK"
569,10828316746,10828316814,1,"IOTHUB_CLIENT_CONFIRMATION_OK"
570,10828317080,10828317108,1,"IOTHUB_CLIENT_CONFIRMATION_OK"
571,10828317413,10828317445,1,"IOTHUB_CLIENT_CONFIRMATION_OK"
572,10828317746,10828317782,1,"IOTHUB_CLIENT_CONFIRMATION_OK"
573,10828318079,10828318109,1,"IOTHUB_CLIENT_CONFIRMATION_OK"
574,10828318412,10828318440,1,"IOTHUB_CLIENT_CONFIRMATION_OK"
575,10828318745,10828318773,1,"IOTHUB_CLIENT_CONFIRMATION_OK"
576,10828319079,10828319106,1,"IOTHUB_CLIENT_CONFIRMATION_OK"
577,10828319412,10828319440,1,"IOTHUB_CLIENT_CONFIRMATION_OK"
578,10828319745,10828319776,1,"IOTHUB_CLIENT_CONFIRMATION_OK"
579,10828320078,10828320106,1,"IOTHUB_CLIENT_CONFIRMATION_OK"
580,10828320411,10828320440,1,"IOTHUB_CLIENT_CONFIRMATION_OK"
581,10828320744,10828320776,1,"IOTHUB_CLIENT_CONFIRMATION_OK"
582,10828321077,10828321161,1,"IOTHUB_CLIENT_CONFIRMATION_OK"
583,10828321411,10828321440,1,"IOTHUB_CLIENT_CONFIRMATION_OK"
584,10828321744,10828321772,1,"IOTHUB_CLIENT_CONFIRMATION_OK"
585,10828322077,10828322111,1,"IOTHUB_CLIENT_CONFIRMATION_OK"
586,10828322410,10828322437,1,"IOTHUB_CLIENT_CONFIRMATION_OK"
587,10828322743,10828322771,1,"IOTHUB_CLIENT_CONFIRMATION_OK"
588,10828323076,10828323106,1,"IOTHUB_CLIENT_CONFIRMATION_OK"
589,10828323410,10828323441,1,"IOTHUB_CLIENT_CONFIRMATION_OK"
590,10828323743,10828323770,1,"IOTHUB_CLIENT_CONFIRMATION_OK"
591,10828324076,10828324104,1,"IOTHUB_CLIENT_CONFIRMATION_OK"
592,10828324409,10828324438,1,"IOTHUB_CLIENT_CONFIRMATION_OK"
593,10828324742,10828324770,1,"IOTHUB_CLIENT_CONFIRMATION_OK"
594,10828325075,10828325106,1,"IOTHUB_CLIENT_CONFIRMATION_OK"
595,10828325409,10828325457,1,"IOTHUB_CLIENT_CONFIRMATION_OK"
596,10828325742,10828325773,1,"IOTHUB_CLIENT_CONFIRMATION_OK"
597,10828326075,10828326105,1,"IOTHUB_CLIENT_CONFIRMATION_OK"
598,10828326408,10828326451,1,"IOTHUB_CLIENT_CONFIRMATION_OK"
599,10828326741,10828326772,1,"IOTHUB_CLIENT_CONFIRMATION_OK"
600,10828327074,10828327103,1,"IOTHUB_CLIENT_CONFIRMATION_OK"
601,10828327408,10828327438,1,"IOTHUB_CLIENT_CONFIRMATION_OK"
602,10828327741,10828327768,1,"IOTHUB_CLIENT_CONFIRMATION_OK"
603,10828328074,10828328101,1,"IOTHUB_CLIENT_CONFIRMATION_OK"
604,10828328407,10828328436,1,"IOTHUB_CLIENT_CONFIRMATION_OK"
605,10828328740,10828328770,1,"IOTHUB_CLIENT_CONFIRMATION_OK"
606,10828329073,10828329102,1,"IOTHUB_CLIENT_CONFIRMATION_OK"
607,10828329407,10828329434,1,"IOTHUB_CLIENT_CONFIRMATION_OK"
608,10828329740,10828329770,1,"IOTHUB_CLIENT_CONFIRMATION_OK"
609,10828330073,10828330108,1,"IOTHUB_CLIENT_CONFIRMATION_OK"
610,10828330406,10828330441,1,"IOTHUB_CLIENT_CONFIRMATION_OK"
611,10828330739,10828330766,1,"IOTHUB_CLIENT_CONFIRMATION_OK"
612,10828331072,10828331145,1,"IOTHUB_CLIENT_CONFIRMATION_OK"
613,10828331406,10828331434,1,"IOTHUB_CLIENT_CONFIRMATION_OK"
614,10828331739,10828331767,1,"IOTHUB_CLIENT_CONFIRMATION_OK"
615,10828332072,10828332170,1,"IOTHUB_CLIENT_CONFIRMATION_OK"
616,10828332405,10828332432,1,"IOTHUB_CLIENT_CONFIRMATION_OK"
617,10828332738,10828332775,1,"IOTHUB_CLIENT_CONFIRMATION_OK"
618,10828333071,10828333182,1,"IOTHUB_CLIENT_CONFIRMATION_OK"
619,10828333405,10828333434,1,"IOTHUB_CLIENT_CONFIRMATION_OK"
620,10828333738,10828333766,1,"IOTHUB_CLIENT_CONFIRMATION_OK"
621,10828334071,10828334099,1,"IOTHUB_CLIENT_CONFIRMATION_OK"
622,10828334404,10828334435,1,"IOTHUB_CLIENT_CONFIRMATION_OK"
623,10828334737,10828334766,1,"IOTHUB_CLIENT_CONFIRMATION_OK"
624,10828335070,10828335100,1,"IOTHUB_CLIENT_CONFIRMATION_OK"
625,10828335404,10828335434,1,"IOTHUB_CLIENT_CONFIRMATION_OK"
626,10828335737,10828335763,1,"IOTHUB_CLIENT_CONFIRMATION_OK"
627,10828336070,10828336101,1,"IOTHUB_CLIENT_CONFIRMATION_OK"
628,10828336403,10828336434,1,"IOTHUB_CLIENT_CONFIRMATION_OK"
629,10828336736,10828336772,1,"IOTHUB_CLIENT_CONFIRMATION_OK"
630,10828337069,10828337100,1,"IOTHUB_CLIENT_CONFIRMATION_OK"
631,10828337402,10828337430,1,"IOTHUB_CLIENT_CONFIRMATION_OK"
632,10828337736,10828337764,1,"IOTHUB_CLIENT_CONFIRMATION_OK"
633,10828338069,10828338098,1,"IOTHUB_CLIENT_CONFIRMATION_OK"
634,10828338402,10828338430,1,"IOTHUB_CLIENT_CONFIRMATION_OK"
635,10828338735,10828338768,1,"IOTHUB_CLIENT_CONFIRMATION_OK"
636,10828339068,10828339113,1,"IOTHUB_CLIENT_CONFIRMATION_OK"
637,10828339401,10828339489,1,"IOTHUB_CLIENT_CONFIRMATION_OK"
638,10828339735,10828339888,1,"IOTHUB_CLIENT_CONFIRMATION_OK"
639,10828340068,10828340096,1,"IOTHUB_CLIENT_CONFIRMATION_OK"
640,10828340401,10828340429,1,"IOTHUB_CLIENT_CONFIRMATION_OK"
641,10828340734,10828340764,1,"IOTHUB_CLIENT_CONFIRMATION_OK"
642,10828341067,10828341094,1,"IOTHUB_CLIENT_CONFIRMATION_OK"
643,10828341400,10828341442,1,"IOTHUB_CLIENT_CONFIRMATION_OK"
644,10828341734,10828341790,1,"IOTHUB_CLIENT_CONFIRMATION_OK"
645,10828342067,10828342095,1,"IOTHUB_CLIENT_CONFIRMATION_OK"
646,10828342400,10828342427,1,"IOTHUB_CLIENT_CONFIRMATION_OK"
647,10828342733,10828342762,1,"IOTHUB_CLIENT_CONFIRMATION_OK"
648,10828343066,10828343097,1,"IOTHUB_CLIENT_CONFIRMATION_OK"
649,10828343399,10828343427,1,"IOTHUB_CLIENT_CONFIRMATION_OK"
650,10828343733,10828343760,1,"IOTHUB_CLIENT_CONFIRMATION_OK"
651,10828344066,10828344095,1,"IOTHUB_CLIENT_CONFIRMATION_OK"
652,10828344399,10828344438,1,"IOTHUB_CLIENT_CONFIRMATION_OK"
653,10828344732,10828344766,1,"IOTHUB_CLIENT_CONFIRMATION_OK"
654,10828345065,10828345093,1,"IOTHUB_CLIENT_CONFIRMATION_OK"
655,10828345398,10828345426,1,"IOTHUB_CLIENT_CONFIRMATION_OK"
656,10828345732,10828345769,1,"IOTHUB_CLIENT_CONFIRMATION_OK"
657,10828346065,10828346117,1,"IOTHUB_CLIENT_CONFIRMATION_OK"
658,10828346398,10828346434,1,"IOTHUB_CLIENT_CONFIRMATION_OK"
659,10828346731,10828346786,1,"IOTHUB_CLIENT_CONFIRMATION_OK"
660,10828347064,10828347091,1,"IOTHUB_CLIENT_CONFIRMATION_OK"
661,10828347397,10828347477,1,"IOTHUB_CLIENT_CONFIRMATION_OK"
662,10828347731,10828347758,1,"IOTHUB_CLIENT_CONFIRMATION_OK"
663,10828348064,10828348093,1,"IOTHUB_CLIENT_CONFIRMATION_OK"
664,10828348397,10828348512,1,"IOTHUB_CLIENT_CONFIRMATION_OK"
665,10828348730,10828348766,1,"IOTHUB_CLIENT_CONFIRMATION_OK"
666,10828349063,10828349092,1,"IOTHUB_CLIENT_CONFIRMATION_OK"
667,10828349396,10828349429,1,"IOTHUB_CLIENT_CONFIRMATION_OK"
668,10828349729,10828349757,1,"IOTHUB_CLIENT_CONFIRMATION_OK"
669,10828350063,10828350097,1,"IOTHUB_CLIENT_CONFIRMATION_OK"
670,10828350396,10828350434,1,"IOTHUB_CLIENT_CONFIRMATION_OK"
671,10828350729,10828350757,1,"IOTHUB_CLIENT_CONFIRMATION_OK"
672,10828351062,10828351091,1,"IOTHUB_CLIENT_CONFIRMATION_OK"
673,10828351395,10828351423,1,"IOTHUB_CLIENT_CONFIRMATION_OK"
674,10828351728,10828351766,1,"IOTHUB_CLIENT_CONFIRMATION_OK"
675,10828352062,10828352089,1,"IOTHUB_CLIENT_CONFIRMATION_OK"
676,10828352395,10828352424,1,"IOTHUB_CLIENT_CONFIRMATION_OK"
677,10828352728,10828352762,1,"IOTHUB_CLIENT_CONFIRMATION_OK"
678,10828353061,10828353097,1,"IOTHUB_CLIENT_CONFIRMATION_OK"
679,10828353394,10828353421,1,"IOTHUB_CLIENT_CONFIRMATION_OK"
680,10828353727,10828353755,1,"IOTHUB_CLIENT_CONFIRMATION_OK"
681,10828354061,10828354087,1,"IOTHUB_CLIENT_CONFIRMATION_OK"
682,10828354394,10828354422,1,"IOTHUB_CLIENT_CONFIRMATION_OK"
683,10828354727,10828354763,1,"IOTHUB_CLIENT_CONFIRMATION_OK"
684,10828355060,10828355101,1,"IOTHUB_CLIENT_CONFIRMATION_OK"
685,10828355393,10828355420,1,"IOTHUB_CLIENT_CONFIRMATION_OK"
686,10828355726,10828355753,1,"IOTHUB_CLIENT_CONFIRMATION_OK"
687,10828356060,10828356119,1,"IOTHUB_CLIENT_CONFIRMATION_OK"
688,10828356393,10828356421,1,"IOTHUB_CLIENT_CONFIRMATION_OK"
689,10828356726,10828356755,1,"IOTHUB_CLIENT_CONFIRMATION_OK"
690,10828357059,10828357136,1,"IOTHUB_CLIENT_CONFIRMATION_OK"
691,10828357392,10828357421,1,"IOTHUB_CLIENT_CONFIRMATION_OK"
692,10828357725,10828357753,1,"IOTHUB_CLIENT_CONFIRMATION_OK"
693,10828358059,10828358086,1,"IOTHUB_CLIENT_CONFIRMATION_OK"
694,10828358392,10828358420,1,"IOTHUB_CLIENT_CONFIRMATION_OK"
695,10828358725,10828358762,1,"IOTHUB_CLIENT_CONFIRMATION_OK"
696,10828359058,10828359121,1,"IOTHUB_CLIENT_CONFIRMATION_OK"
697,10828359391,10828359428,1,"IOTHUB_CLIENT_CONFIRMATION_OK"
698,10828359724,10828359752,1,"IOTHUB_CLIENT_CONFIRMATION_OK"
699,10828360058,10828360086,1,"IOTHUB_CLIENT_CONFIRMATION_OK"
700,10828360391,10828360419,1,"IOTHUB_CLIENT_CONFIRMATION_OK"
701,10828360724,10828360753,1,"IOTHUB_CLIENT_CONFIRMATION_OK"
702,10828361057,10828361089,1,"IOTHUB_CLIENT_CONFIRMATION_OK"
703,10828361390,10828361418,1,"IOTHUB_CLIENT_CONFIRMATION_OK"
704,10828361723,10828361752,1,"IOTHUB_CLIENT_CONFIRMATION_OK"
705,10828362057,10828362086,1,"IOTHUB_CLIENT_CONFIRMATION_OK"
706,10828362390,10828362417,1,"IOTHUB_CLIENT_CONFIRMATION_OK"
707,10828362723,10828362823,1,"IOTHUB_CLIENT_CONFIRMATION_OK"
708,10828363056,10828363084,1,"IOTHUB_CLIENT_CONFIRMATION_OK"
709,10828363389,10828363418,1,"IOTHUB_CLIENT_CONFIRMATION_OK"
710,10828363722,10828363841,1,"IOTHUB_CLIENT_CONFIRMATION_OK"
711,10828364055,10828364087,1,"IOTHUB_CLIENT_CONFIRMATION_OK"
712,10828364389,10828364419,1,"IOTHUB_CLIENT_CONFIRMATION_OK"
713,10828364722,10828364750,1,"IOTHUB_CLIENT_CONFIRMATION_OK"
714,10828365055,10828365084,1,"IOTHUB_CLIENT_CONFIRMATION_OK"
715,10828365388,10828365416,1,"IOTHUB_CLIENT_CONFIRMATION_OK"
716,10828365721,10828365750,1,"IOTHUB_CLIENT_CONFIRMATION_OK"
717,10828366054,10828366082,1,"IOTHUB_CLIENT_CONFIRMATION_OK"
718,10828366387,10828366417,1,"IOTHUB_CLIENT_CONFIRMATION_OK"
719,10828366721,10828366751,1,"IOTHUB_CLIENT_CONFIRMATION_OK"
720,10828367054,10828367088,1,"IOTHUB_CLIENT_CONFIRMATION_OK"
721,10828367387,10828367417,1,"IOTHUB_CLIENT_CONFIRMATION_OK"
722,10828367720,10828367748,1,"IOTHUB_CLIENT_CONFIRMATION_OK"
723,10828368053,10828368081,1,"IOTHUB_CLIENT_CONFIRMATION_OK"
724,10828368386,10828368413,1,"IOTHUB_CLIENT_CONFIRMATION_OK"
725,10828368720,10828368763,1,"IOTHUB_CLIENT_CONFIRMATION_OK"
726,10828369053,10828369082,1,"IOTHUB_CLIENT_CONFIRMATION_OK"
727,10828369386,10828369414,1,"IOTHUB_CLIENT_CONFIRMATION_OK"
728,10828369719,10828369751,1,"IOTHUB_CLIENT_CONFIRMATION_OK"
729,10828370052,10828370080,1,"IOTHUB_CLIENT_CONFIRMATION_OK"
730,10828370385,10828370413,1,"IOTHUB_CLIENT_CONFIRMATION_OK"
731,10828370719,10828370747,1,"IOTHUB_CLIENT_CONFIRMATION_OK"
732,10828371052,10828371084,1,"IOTHUB_CLIENT_CONFIRMATION_OK"
733,10828371385,10828371417,1,"IOTHUB_CLIENT_CONFIRMATION_OK"
734,10828371718,10828371746,1,"IOTHUB_CLIENT_CONFIRMATION_OK"
735,10828372051,10828372091,1,"IOTHUB_CLIENT_CONFIRMATION_OK"
736,10828372384,10828372464,1,"IOTHUB_CLIENT_CONFIRMATION_OK"
737,10828372717,10828372746,1,"IOTHUB_CLIENT_CONFIRMATION_OK"
738,10828373051,10828373079,1,"IOTHUB_CLIENT_CONFIRMATION_OK"
739,10828373384,10828373410,1,"IOTHUB_CLIENT_CONFIRMATION_OK"
740,10828373717,10828373748,1,"IOTHUB_CLIENT_CONFIRMATION_OK"
741,10828374050,10828374078,1,"IOTHUB_CLIENT_CONFIRMATION_OK"
742,10828374383,10828374411,1,"IOTHUB_CLIENT_CONFIRMATION_OK"
743,10828374716,10828374759,1,"IOTHUB_CLIENT_CONFIRMATION_OK"
744,10828375050,10828375078,1,"IOTHUB_CLIENT_CONFIRMATION_OK"
745,10828375383,10828375410,1,"IOTHUB_CLIENT_CONFIRMATION_OK"
746,10828375716,10828375744,1,"IOTHUB_CLIENT_CONFIRMATION_OK"
747,10828376049,10828376077,1,"IOTHUB_CLIENT_CONFIRMATION_OK"
748,10828376382,10828376410,1,"IOTHUB_CLIENT_CONFIRMATION_OK"
749,10828376715,10828376743,1,"IOTHUB_CLIENT_CONFIRMATION_OK"
750,10828377048,10828377078,1,"IOTHUB_CLIENT_CONFIRMATION_OK"
751,10828377382,10828377411,1,"IOTHUB_CLIENT_CONFIRMATION_OK"
752,10828377715,10828377754,1,"IOTHUB_CLIENT_CONFIRMATION_OK"
753,10828378048,10828378076,1,"IOTHUB_CLIENT_CONFIRMATION_OK"
754,10828378381,10828378409,1,"IOTHUB_CLIENT_CONFIRMATION_OK"
755,10828378714,10828378747,1,"IOTHUB_CLIENT_CONFIRMATION_OK"
756,10828379047,10828379172,1,"IOTHUB_CLIENT_CONFIRMATION_OK"
757,10828379381,10828379410,1,"IOTHUB_CLIENT_CONFIRMATION_OK"
758,10828379714,10828379744,1,"IOTHUB_CLIENT_CONFIRMATION_OK"
759,10828380047,10828380080,1,"IOTHUB_CLIENT_CONFIRMATION_OK"
760,10828380380,10828380409,1,"IOTHUB_CLIENT_CONFIRMATION_OK"
761,10828380713,10828380745,1,"IOTHUB_CLIENT_CONFIRMATION_OK"
762,10828381046,10828381074,1,"IOTHUB_CLIENT_CONFIRMATION_OK"
763,10828381380,10828381411,1,"IOTHUB_CLIENT_CONFIRMATION_OK"
764,10828381713,10828381742,1,"IOTHUB_CLIENT_CONFIRMATION_OK"
765,10828382046,10828382076,1,"IOTHUB_CLIENT_CONFIRMATION_OK"
766,10828382379,10828382406,1,"IOTHUB_CLIENT_CONFIRMATION_OK"
767,10828382712,10828382739,1,"IOTHUB_CLIENT_CONFIRMATION_OK"
768,10828383045,10828383074,1,"IOTHUB_CLIENT_CONFIRMATION_OK"
769,10828383379,10828383405,1,"IOTHUB_CLIENT_CONFIRMATION_OK"
770,10828383712,10828383739,1,"IOTHUB_CLIENT_CONFIRMATION_OK"
771,10828384045,10828384082,1,"IOTHUB_CLIENT_CONFIRMATION_OK"
772,10828384378,10828384406,1,"IOTHUB_CLIENT_CONFIRMATION_OK"
773,10828384711,10828384746,1,"IOTHUB_CLIENT_CONFIRMATION_OK"
774,10828385044,10828385074,1,"IOTHUB_CLIENT_CONFIRMATION_OK"
775,10828385377,10828385406,1,"IOTHUB_CLIENT_CONFIRMATION_OK"
776,10828385711,10828385897,1,"IOTHUB_CLIENT_CONFIRMATION_OK"
777,10828386044,10828386072,1,"IOTHUB_CLIENT_CONFIRMATION_OK"
778,10828386377,10828386423,1,"IOTHUB_CLIENT_CONFIRMATION_OK"
779,10828386710,10828386737,1,"IOTHUB_CLIENT_CONFIRMATION_OK"
780,10828387043,10828387072,1,"IOTHUB_CLIENT_CONFIRMATION_OK"
781,10828387376,10828387405,1,"IOTHUB_CLIENT_CONFIRMATION_OK"
782,10828387710,10828387751,1,"IOTHUB_CLIENT_CONFIRMATION_OK"
783,10828388043,10828388071,1,"IOTHUB_CLIENT_CONFIRMATION_OK"
784,10828388376,10828388404,1,"IOTHUB_CLIENT_CONFIRMATION_OK"
785,10828388709,10828388741,1,"IOTHUB_CLIENT_CONFIRMATION_OK"
786,10828389042,10828389100,1,"IOTHUB_CLIENT_CONFIRMATION_OK"
787,10828389375,10828389409,1,"IOTHUB_CLIENT_CONFIRMATION_OK"
788,10828389709,10828389737,1,"IOTHUB_CLIENT_CONFIRMATION_OK"
789,10828390042,10828390070,1,"IOTHUB_CLIENT_CONFIRMATION_OK"
790,10828390375,10828390403,1,"IOTHUB_CLIENT_CONFIRMATION_OK"
791,10828390708,10828390747,1,"IOTHUB_CLIENT_CONFIRMATION_OK"
792,10828391041,10828391072,1,"IOTHUB_CLIENT_CONFIRMATION_OK"
793,10828391374,10828391404,1,"IOTHUB_CLIENT_CONFIRMATION_OK"
794,10828391708,10828391737,1,"IOTHUB_CLIENT_CONFIRMATION_OK"
795,10828392041,10828392071,1,"IOTHUB_CLIENT_CONFIRMATION_OK"
796,10828392374,10828392403,1,"IOTHUB_CLIENT_CONFIRMATION_OK"
797,10828392707,10828392735,1,"IOTHUB_CLIENT_CONFIRMATION_OK"
798,10828393040,10828393071,1,"IOTHUB_CLIENT_CONFIRMATION_OK"
799,10828393373,10828393400,1,"IOTHUB_CLIENT_CONFIRMATION_OK"
800,10828393706,10828393733,1,"IOTHUB_CLIENT_CONFIRMATION_OK"
801,10828394040,10828394069,1,"IOTHUB_CLIENT_CONFIRMATION_OK"
802,10828394373,10828394443,1,"IOTHUB_CLIENT_CONFIRMATION_OK"
803,10828394706,10828394734,1,"IOTHUB_CLIENT_CONFIRMATION_OK"
804,10828395039,10828395069,1,"IOTHUB_CLIENT_CONFIRMATION_OK"
805,10828395372,10828395470,1,"IOTHUB_CLIENT_CONFIRMATION_OK"
806,10828395705,10828395733,1,"IOTHUB_CLIENT_CONFIRMATION_OK"
807,10828396039,10828396068,1,"IOTHUB_CLIENT_CONFIRMATION_OK"
808,10828396372,10828396400,1,"IOTHUB_CLIENT_CONFIRMATION_OK"
809,10828396705,10828396732,1,"IOTHUB_CLIENT_CONFIRMATION_OK"
810,10828397038,10828397066,1,"IOTHUB_CLIENT_CONFIRMATION_OK"
811,10828397371,10828397399,1,"IOTHUB_CLIENT_CONFIRMATION_OK"
812,10828397704,10828397735,1,"IOTHUB_CLIENT_CONFIRMATION_OK"
813,10828398037,10828398065,1,"IOTHUB_CLIENT_CONFIRMATION_OK"
814,10828398371,10828398398,1,"IOTHUB_CLIENT_CONFIRMATION_OK"
815,10828398704,10828398732,1,"IOTHUB_CLIENT_CONFIRMATION_OK"
816,10828399037,10828399065,1,"IOTHUB_CLIENT_CONFIRMATION_OK"
817,10828399370,10828399398,1,"IOTHUB_CLIENT_CONFIRMATION_OK"
818,10828399703,10828399732,1,"IOTHUB_CLIENT_CONFIRMATION_OK"
819,10828400036,10828400065,1,"IOTHUB_CLIENT_CONFIRMATION_OK"
820,10828400370,10828400403,1,"IOTHUB_CLIENT_CONFIRMATION_OK"
821,10828400703,10828400731,1,"IOTHUB_CLIENT_CONFIRMATION_OK"
822,10828401036,10828401063,1,"IOTHUB_CLIENT_CONFIRMATION_OK"
823,10828401369,10828401402,1,"IOTHUB_CLIENT_CONFIRMATION_OK"
824,10828401702,10828401731,1,"IOTHUB_CLIENT_CONFIRMATION_OK"
825,10828402035,10828402067,1,"IOTHUB_CLIENT_CONFIRMATION_OK"
826,10828402369,10828402397,1,"IOTHUB_CLIENT_CONFIRMATION_OK"
827,10828402702,10828402729,1,"IOTHUB_CLIENT_CONFIRMATION_OK"
828,10828403035,10828403074,1,"IOTHUB_CLIENT_CONFIRMATION_OK"
829,10828403368,10828403395,1,"IOTHUB_CLIENT_CONFIRMATION_OK"
830,10828403701,10828403729,1,"IOTHUB_CLIENT_CONFIRMATION_OK"
831,10828404034,10828404099,1,"IOTHUB_CLIENT_CONFIRMATION_OK"
832,10828404368,10828404395,1,"IOTHUB_CLIENT_CONFIRMATION_OK"
833,10828404701,10828404728,1,"IOTHUB_CLIENT_CONFIRMATION_OK"
834,10828405034,10828405064,1,"IOTHUB_CLIENT_CONFIRMATION_OK"
835,10828405367,10828405395,1,"IOTHUB_CLIENT_CONFIRMATION_OK"
836,10828405700,10828405750,1,"IOTHUB_CLIENT_CONFIRMATION_OK"
837,10828406033,10828406062,1,"IOTHUB_CLIENT_CONFIRMATION_OK"
838,10828406366,10828406395,1,"IOTHUB_CLIENT_CONFIRMATION_OK"
839,10828406700,10828406731,1,"IOTHUB_CLIENT_CONFIRMATION_OK"
840,10828407033,10828407060,1,"IOTHUB_CLIENT_CONFIRMATION_OK"
841,10828407366,10828407394,1,"IOTHUB_CLIENT_CONFIRMATION_OK"
842,10828407699,10828407747,1,"IOTHUB_CLIENT_CONFIRMATION_OK"
843,10828408032,10828408061,1,"IOTHUB_CLIENT_CONFIRMATION_OK"
844,10828408365,10828408392,1,"IOTHUB_CLIENT_CONFIRMATION_OK"
845,10828408699,10828408728,1,"IOTHUB_CLIENT_CONFIRMATION_OK"
846,10828409032,10828409060,1,"IOTHUB_CLIENT_CONFIRMATION_OK"
847,10828409365,10828409393,1,"IOTHUB_CLIENT_CONFIRMATION_OK"
848,10828409698,10828409792,1,"IOTHUB_CLIENT_CONFIRMATION_OK"
849,10828410031,10828410069,1,"IOTHUB_CLIENT_CONFIRMATION_OK"
850,10828410364,10828410399,1,"IOTHUB_CLIENT_CONFIRMATION_OK"
851,10828410698,10828410832,1,"IOTHUB_CLIENT_CONFIRMATION_OK"
852,10828411031,10828411058,1,"IOTHUB_CLIENT_CONFIRMATION_OK"
853,10828411364,10828411391,1,"IOTHUB_CLIENT_CONFIRMATION_OK"
854,10828411697,10828411724,1,"IOTHUB_CLIENT_CONFIRMATION_OK"
855,10828412030,10828412059,1,"IOTHUB_CLIENT_CONFIRMATION_OK"
856,10828412363,10828412391,1,"IOTHUB_CLIENT_CONFIRMATION_OK"
857,10828412697,10828412725,1,"IOTHUB_CLIENT_CONFIRMATION_OK"
858,10828413030,10828413058,1,"IOTHUB_CLIENT_CONFIRMATION_OK"
859,10828413363,10828413391,1,"IOTHUB_CLIENT_CONFIRMATION_OK"
860,10828413696,10828413724,1,"IOTHUB_CLIENT_CONFIRMATION_OK"
861,10828414029,10828414057,1,"IOTHUB_CLIENT_CONFIRMATION_OK"
862,10828414362,10828414390,1,"IOTHUB_CLIENT_CONFIRMATION_OK"
863,10828414696,10828414724,1,"IOTHUB_CLIENT_CONFIRMATION_OK"
864,10828415029,10828415056,1,"IOTHUB_CLIENT_CONFIRMATION_OK"
865,10828415362,10828415390,1,"IOTHUB_CLIENT_CONFIRMATION_OK"
866,10828415695,10828415736,1,"IOTHUB_CLIENT_CONFIRMATION_OK"
867,10828416028,10828416061,1,"IOTHUB_CLIENT_CONFIRMATION_OK"
868,10828416361,10828416389,1,"IOTHUB_CLIENT_CONFIRMATION_OK"
869,10828416695,10828416723,1,"IOTHUB_CLIENT_CONFIRMATION_OK"
870,10828417028,10828417055,1,"IOTHUB_CLIENT_CONFIRMATION_OK"
871,10828417361,10828417529,1,"IOTHUB_CLIENT_CONFIRMATION_OK"
872,10828417694,10828417722,1,"IOTHUB_CLIENT_CONFIRMATION_OK"
873,10828418027,10828418055,1,"IOTHUB_CLIENT_CONFIRMATION_OK"
874,10828418360,10828418416,1,"IOTHUB_CLIENT_CONFIRMATION_OK"
875,10828418694,10828418721,1,"IOTHUB_CLIENT_CONFIRMATION_OK"
876,10828419027,10828419054,1,"IOTHUB_CLIENT_CONFIRMATION_OK"
877,10828419360,10828419389,1,"IOTHUB_CLIENT_CONFIRMATION_OK"
878,10828419693,10828419723,1,"IOTHUB_CLIENT_CONFIRMATION_OK"
879,10828420026,10828420055,1,"IOTHUB_CLIENT_CONFIRMATION_OK"
880,10828420359,10828420393,1,"IOTHUB_CLIENT_CONFIRMATION_OK"
881,10828420693,10828420724,1,"IOTHUB_CLIENT_CONFIRMATION_OK"
882,10828421026,10828421054,1,"IOTHUB_CLIENT_CONFIRMATION_OK"
883,10828421359,10828421397,1,"IOTHUB_CLIENT_CONFIRMATION_OK"
884,10828421692,10828421721,1,"IOTHUB_CLIENT_CONFIRMATION_OK"
885,10828422025,10828422053,1,"IOTHUB_CLIENT_CONFIRMATION_OK"
886,10828422358,10828422392,1,"IOTHUB_CLIENT_CONFIRMATION_OK"
887,10828422692,10828422719,1,"IOTHUB_CLIENT_CONFIRMATION_OK"
888,10828423025,10828423053,1,"IOTHUB_CLIENT_CONFIRMATION_OK"
889,10828423358,10828423390,1,"IOTHUB_CLIENT_CONFIRMATION_OK"
890,10828423691,10828423720,1,"IOTHUB_CLIENT_CONFIRMATION_OK"
891,10828424024,10828424054,1,"IOTHUB_CLIENT_CONFIRMATION_OK"
892,10828424357,10828424392,1,"IOTHUB_CLIENT_CONFIRMATION_OK"
893,10828424691,10828424718,1,"IOTHUB_CLIENT_CONFIRMATION_OK"
894,10828425024,10828425052,1,"IOTHUB_CLIENT_CONFIRMATION_OK"
895,10828425357,10828425385,1,"IOTHUB_CLIENT_CONFIRMATION_OK"
896,10828425690,10828425718,1,"IOTHUB_CLIENT_CONFIRMATION_OK"
897,10828426023,10828426144,1,"IOTHUB_CLIENT_CONFIRMATION_OK"
898,10828426356,10828426387,1,"IOTHUB_CLIENT_CONFIRMATION_OK"
899,10828426690,10828426719,1,"IOTHUB_CLIENT_CONFIRMATION_OK"
