Message ID,Send Time,Receive Time,Status,Error
0,10828127386,10828127544,1,"IOTHUB_CLIENT_CONFIRMATION_OK"
1,10828127720,10828127751,1,"IOTHUB_CLIENT_CONFIRMATION_OK"
2,10828128053,10828128087,1,"IOTHUB_CLIENT_CONFIRMATION_OK"
3,10828128386,10828128415,1,"IOTHUB_CLIENT_CONFIRMATION_OK"
4,10828128719,10828128752,1,"IOTHUB_CLIENT_CONFIRMATION_OK"
5,10828129052,10828129081,1,"IOTHUB_CLIENT_CONFIRMATION_OK"
6,10828129385,10828129415,1,"IOTHUB_CLIENT_CONFIRMATION_OK"
7,10828129719,10828129752,1,"IOTHUB_CLIENT_CONFIRMATION_OK"
8,10828130052,10828130181,1,"IOTHUB_CLIENT_CONFIRMATION_OK"
9,10828130385,10828130441,1,"IOTHUB_CLIENT_CONFIRMATION_OK"
10,10828130718,10828130771,1,"IOTHUB_CLIENT_CONFIRMATION_OK"
11,10828131051,10828131081,1,"IOTHUB_CLIENT_CONFIRMATION_OK"
12,10828131384,10828131420,1,"IOTHUB_CLIENT_CONFIRMATION_OK"
13,10828131718,10828131800,1,"IOTHUB_CLIENT_CONFIRMATION_OK"
14,10828132051,10828132087,1,"IOTHUB_CLIENT_CONFIRMATION_OK"
15,10828132384,10828132414,1,"IOTHUB_CLIENT_CONFIRMATION_OK"
16,10828132717,10828132770,1,"IOTHUB_CLIENT_CONFIRMATION_OK"
17,10828133050,10828133081,1,"IOTHUB_CLIENT_CONFIRMATION_OK"
18,10828133383,10828133411,1,"IOTHUB_CLIENT_CONFIRMATION_OK"
19,10828133716,10828133750,1,"IOTHUB_CLIENT_CONFIRMATION_OK"
20,10828134050,10828134100,1,"IOTHUB_CLIENT_CONFIRMATION_OK"
21,10828134383,10828134412,1,"IOTHUB_CLIENT_CONFIRMATION_OK"
22,10828134716,10828134750,1,"IOTHUB_CLIENT_CONFIRMATION_OK"
23,10828135049,10828135092,1,"IOTHUB_CLIENT_CONFIRMATION_OK"
24,10828135382,10828135416,1,"IOTHUB_CLIENT_CONFIRMATION_OK"
25,10828135715,10828135746,1,"IOTHUB_CLIENT_CONFIRMATION_OK"
26,10828136049,10828136085,1,"IOTHUB_CLIENT_CONFIRMATION_OK"
27,10828136382,10828136417,1,"IOTHUB_CLIENT_CONFIRMATION_OK"
28,10828136715,10828136753,1,"IOTHUB_CLIENT_CONFIRMATION_OK"
29,10828137048,10828137084,1,"IOTHUB_CLIENT_CONFIRMATION_OK"
30,10828137381,10828137410,1,"IOTHUB_CLIENT_CONFIRMATION_OK"
31,10828137714,10828137754,1,"IOTHUB_CLIENT_CONFIRMATION_OK"
32,10828138048,10828138083,1,"IOTHUB_CLIENT_CONFIRMATION_OK"
33,10828138381,10828138412,1,"IOTHUB_CLIENT_CONFIRMATION_OK"
34,10828138714,10828138813,1,"IOTHUB_CLIENT_CONFIRMATION_OK"
35,10828139047,10828139077,1,"IOTHUB_CLIENT_CONFIRMATION_OK"
36,10828139380,10828139445,1,"IOTHUB_CLIENT_CONFIRMATION_OK"
37,10828139713,10828139742,1,"IOTHUB_CLIENT_CONFIRMATION_OK"
38,10828140047,10828140076,1,"IOTHUB_CLIENT_CONFIRMATION_OK"
39,10828140380,10828141317,1,"IOTHUB_CLIENT_CONFIRMATION_OK"
40,10828140713,10828141457,1,"IOTHUB_CLIENT_CONFIRMATION_OK"
41,10828141046,10828141472,1,"IOTHUB_CLIENT_CONFIRMATION_OK"
42,10828141379,10828141489,1,"IOTHUB_CLIENT_CONFIRMATION_OK"
43,10828141712,10828141750,1,"IOTHUB_CLIENT_CONFIRMATION_OK"
44,10828142046,10828142092,1,"IOTHUB_CLIENT_CONFIRMATION_OK"
45,10828142379,10828142415,1,"IOTHUB_CLIENT_CONFIRMATION_OK"
46,10828142712,10828142744,1,"IOTHUB_CLIENT_CONFIRMATION_OK"
47,10828143045,10828143104,1,"IOTHUB_CLIENT_CONFIRMATION_OK"
48,10828143378,10828143409,1,"IOTHUB_CLIENT_CONFIRMATION_OK"
49,10828143711,10828143742,1,"IOTHUB_CLIENT_CONFIRMATION_OK"
50,10828144045,10828144108,1,"IOTHUB_CLIENT_CONFIRMATION_OK"
51,10828144378,10828144410,1,"IOTHUB_CLIENT_CONFIRMATION_OK"
52,10828144711,10828144745,1,"IOTHUB_CLIENT_CONFIRMATION_OK"
53,10828145044,10828145088,1,"IOTHUB_CLIENT_CONFIRMATION_OK"
54,10828145377,10828145419,1,"IOTHUB_CLIENT_CONFIRMATION_OK"
55,10828145710,10828145766,1,"IOTHUB_CLIENT_CONFIRMATION_OK"
56,10828146044,10828146078,1,"IOTHUB_CLIENT_CONFIRMATION_OK"
57,10828146377,10828146433,1,"IOTHUB_CLIENT_CONFIRMATION_OK"
58,10828146710,10828146749,1,"IOTHUB_CLIENT_CONFIRMATION_OK"
59,10828147043,10828147075,1,"IOTHUB_CLIENT_CONFIRMATION_OK"
60,10828147376,10828147407,1,"IOTHUB_CLIENT_CONFIRMATION_OK"
61,10828147709,10828147751,1,"IOTHUB_CLIENT_CONFIRMATION_OK"
62,10828148043,10828148074,1,"IOTHUB_CLIENT_CONFIRMATION_OK"
63,10828148376,10828148410,1,"IOTHUB_CLIENT_CONFIRMATION_OK"
64,10828148709,10828148742,1,"IOTHUB_CLIENT_CONFIRMATION_OK"
65,10828149042,10828149077,1,"IOTHUB_CLIENT_CONFIRMATION_OK"
66,10828149375,10828149435,1,"IOTHUB_CLIENT_CONFIRMATION_OK"
67,10828149708,10828149742,1,"IOTHUB_CLIENT_CONFIRMATION_OK"
68,10828150042,10828150081,1,"IOTHUB_CLIENT_CONFIRMATION_OK"
69,10828150375,10828150407,1,"IOTHUB_CLIENT_CONFIRMATION_OK"
70,10828150708,10828150757,1,"IOTHUB_CLIENT_CONFIRMATION_OK"
71,10828151041,10828151077,1,"IOTHUB_CLIENT_CONFIRMATION_OK"
72,10828151374,10828151408,1,"IOTHUB_CLIENT_CONFIRMATION_OK"
73,10828151707,10828151738,1,"IOTHUB_CLIENT_CONFIRMATION_OK"
74,10828152041,10828152073,1,"IOTHUB_CLIENT_CONFIRMATION_OK"
75,10828152374,10828152404,1,"IOTHUB_CLIENT_CONFIRMATION_OK"
76,10828152707,10828152756,1,"IOTHUB_CLIENT_CONFIRMATION_OK"
77,10828153040,10828153073,1,"IOTHUB_CLIENT_CONFIRMATION_OK"
78,10828153373,10828153407,1,"IOTHUB_CLIENT_CONFIRMATION_OK"
79,10828153706,10828153746,1,"IOTHUB_CLIENT_CONFIRMATION_OK"
80,10828154040,10828154103,1,"IOTHUB_CLIENT_CONFIRMATION_OK"
81,10828154373,10828154423,1,"IOTHUB_CLIENT_CONFIRMATION_OK"
82,10828154706,10828154738,1,"IOTHUB_CLIENT_CONFIRMATION_OK"
83,10828155039,10828155137,1,"IOTHUB_CLIENT_CONFIRMATION_OK"
84,10828155372,10828155416,1,"IOTHUB_CLIENT_CONFIRMATION_OK"
85,10828155705,10828155734,1,"IOTHUB_CLIENT_CONFIRMATION_OK"
86,10828156039,10828156084,1,"IOTHUB_CLIENT_CONFIRMATION_OK"
87,10828156372,10828156423,1,"IOTHUB_CLIENT_CONFIRMATION_OK"
88,10828156705,10828156768,1,"IOTHUB_CLIENT_CONFIRMATION_OK"
89,10828157038,10828157073,1,"IOTHUB_CLIENT_CONFIRMATION_OK"
90,10828157371,10828157405,1,"IOTHUB_CLIENT_CONFIRMATION_OK"
91,10828157704,10828157740,1,"IOTHUB_CLIENT_CONFIRMATION_OK"
92,10828158038,10828158108,1,"IOTHUB_CLIENT_CONFIRMATION_OK"
93,10828158371,10828158420,1,"IOTHUB_CLIENT_CONFIRMATION_OK"
94,10828158704,10828158805,1,"IOTHUB_CLIENT_CONFIRMATION_OK"
95,10828159037,10828159081,1,"IOTHUB_CLIENT_CONFIRMATION_OK"
96,10828159370,10828159407,1,"IOTHUB_CLIENT_CONFIRMATION_OK"
97,10828159703,10828159821,1,"IOTHUB_CLIENT_CONFIRMATION_OK"
98,10828160037,10828160086,1,"IOTHUB_CLIENT_CONFIRMATION_OK"
99,10828160370,10828160419,1,"IOTHUB_CLIENT_CONFIRMATION_OK"
100,10828160703,10828160745,1,"IOTHUB_CLIENT_CONFIRMATION_OK"
101,10828161036,10828161083,1,"IOTHUB_CLIENT_CONFIRMATION_OK"
102,10828161369,10828161424,1,"IOTHUB_CLIENT_CONFIRMATION_OK"
103,10828161702,10828161745,1,"IOTHUB_CLIENT_CONFIRMATION_OK"
104,10828162036,10828162090,1,"IOTHUB_CLIENT_CONFIRMATION_OK"
105,10828162369,10828162516,1,"IOTHUB_CLIENT_CONFIRMATION_OK"
106,10828162702,10828162752,1,"IOTHUB_CLIENT_CONFIRMATION_OK"
107,10828163035,10828163078,1,"IOTHUB_CLIENT_CONFIRMATION_OK"
108,10828163368,10828163400,1,"IOTHUB_CLIENT_CONFIRMATION_OK"
109,10828163701,10828163758,1,"IOTHUB_CLIENT_CONFIRMATION_OK"
110,10828164035,10828164071,1,"IOTHUB_CLIENT_CONFIRMATION_OK"
111,10828164368,10828164402,1,"IOTHUB_CLIENT_CONFIRMATION_OK"
112,10828164701,10828164757,1,"IOTHUB_CLIENT_CONFIRMATION_OK"
113,10828165034,10828165094,1,"IOTHUB_CLIENT_CONFIRMATION_OK"
114,10828165367,10828165398,1,"IOTHUB_CLIENT_CONFIRMATION_OK"
115,10828165701,10828165733,1,"IOTHUB_CLIENT_CONFIRMATION_OK"
116,10828166034,10828166077,1,"IOTHUB_CLIENT_CONFIRMATION_OK"
117,10828166367,10828166423,1,"IOTHUB_CLIENT_CONFIRMATION_OK"
118,10828166700,10828166740,1,"IOTHUB_CLIENT_CONFIRMATION_OK"
119,10828167033,10828167073,1,"IOTHUB_CLIENT_CONFIRMATION_OK"
120,10828167366,10828167412,1,"IOTHUB_CLIENT_CONFIRMATION_OK"
121,10828167700,10828167742,1,"IOTHUB_CLIENT_CONFIRMATION_OK"
122,10828168033,10828168096,1,"IOTHUB_CLIENT_CONFIRMATION_OK"
123,10828168366,10828168400,1,"IOTHUB_CLIENT_CONFIRMATION_OK"
124,10828168699,10828168735,1,"IOTHUB_CLIENT_CONFIRMATION_OK"
125,10828169032,10828169067,1,"IOTHUB_CLIENT_CONFIRMATION_OK"
126,10828169365,10828169411,1,"IOTHUB_CLIENT_CONFIRMATION_OK"
127,10828169699,10828169748,1,"IOTHUB_CLIENT_CONFIRMATION_OK"
128,10828170032,10828170075,1,"IOTHUB_CLIENT_CONFIRMATION_OK"
129,10828170365,10828170400,1,"IOTHUB_CLIENT_CONFIRMATION_OK"
130,10828170698,10828170750,1,"IOTHUB_CLIENT_CONFIRMATION_OK"
131,10828171031,10828171067,1,"IOTHUB_CLIENT_CONFIRMATION_OK"
132,10828171364,10828171406,1,"IOTHUB_CLIENT_CONFIRMATION_OK"
133,10828171698,10828171761,1,"IOTHUB_CLIENT_CONFIRMATION_OK"
134,10828172031,10828172063,1,"IOTHUB_CLIENT_CONFIRMATION_OK"
135,10828172364,10828172407,1,"IOTHUB_CLIENT_CONFIRMATION_OK"
136,10828172697,10828172734,1,"IOTHUB_CLIENT_CONFIRMATION_OK"
137,10828173030,10828173066,1,"IOTHUB_CLIENT_CONFIRMATION_OK"
138,10828173363,10828173425,1,"IOTHUB_CLIENT_CONFIRMATION_OK"
139,10828173697,10828173754,1,"IOTHUB_CLIENT_CONFIRMATION_OK"
140,10828174030,10828174062,1,"IOTHUB_CLIENT_CONFIRMATION_OK"
141,10828174363,10828174392,1,"IOTHUB_CLIENT_CONFIRMATION_OK"
142,10828174696,10828174746,1,"IOTHUB_CLIENT_CONFIRMATION_OK"
143,10828175029,10828175057,1,"IOTHUB_CLIENT_CONFIRMATION_OK"
144,10828175362,10828175415,1,"IOTHUB_CLIENT_CONFIRMATION_OK"
145,10828175696,10828175738,1,"IOTHUB_CLIENT_CONFIRMATION_OK"
146,10828176029,10828176084,1,"IOTHUB_CLIENT_CONFIRMATION_OK"
147,10828176362,10828176526,1,"IOTHUB_CLIENT_CONFIRMATION_OK"
148,10828176695,10828176769,1,"IOTHUB_CLIENT_CONFIRMATION_OK"
149,10828177028,10828177074,1,"IOTHUB_CLIENT_CONFIRMATION_OK"
150,10828177361,10828177409,1,"IOTHUB_CLIENT_CONFIRMATION_OK"
151,10828177694,10828177752,1,"IOTHUB_CLIENT_CONFIRMATION_OK"
152,10828178028,10828178162,1,"IOTHUB_CLIENT_CONFIRMATION_OK"
153,10828178361,10828178427,1,"IOTHUB_CLIENT_CONFIRMATION_OK"
154,10828178694,10828178733,1,"IOTHUB_CLIENT_CONFIRMATION_OK"
155,10828179027,10828179060,1,"IOTHUB_CLIENT_CONFIRMATION_OK"
156,10828179360,10828179400,1,"IOTHUB_CLIENT_CONFIRMATION_OK"
157,10828179693,10828179737,1,"IOTHUB_CLIENT_CONFIRMATION_OK"
158,10828180027,10828180069,1,"IOTHUB_CLIENT_CONFIRMATION_OK"
159,10828180360,10828180393,1,"IOTHUB_CLIENT_CONFIRMATION_OK"
160,10828180693,10828180722,1,"IOTHUB_CLIENT_CONFIRMATION_OK"
161,10828181026,10828181066,1,"IOTHUB_CLIENT_CONFIRMATION_OK"
162,10828181359,10828181388,1,"IOTHUB_CLIENT_CONFIRMATION_OK"
163,10828181692,10828181736,1,"IOTHUB_CLIENT_CONFIRMATION_OK"
164,10828182026,10828182073,1,"IOTHUB_CLIENT_CONFIRMATION_OK"
165,10828182359,10828182419,1,"IOTHUB_CLIENT_CONFIRMATION_OK"
166,10828182692,10828182738,1,"IOTHUB_CLIENT_CONFIRMATION_OK"
167,10828183025,10828183070,1,"IOTHUB_CLIENT_CONFIRMATION_OK"
168,10828183358,10828183400,1,"IOTHUB_CLIENT_CONFIRMATION_OK"
169,10828183691,10828183763,1,"IOTHUB_CLIENT_CONFIRMATION_OK"
170,10828184025,10828184066,1,"IOTHUB_CLIENT_CONFIRMATION_OK"
171,10828184358,10828184390,1,"IOTHUB_CLIENT_CONFIRMATION_OK"
172,10828184691,10828184731,1,"IOTHUB_CLIENT_CONFIRMATION_OK"
173,10828185024,10828185057,1,"IOTHUB_CLIENT_CONFIRMATION_OK"
174,10828185357,10828185390,1,"IOTHUB_CLIENT_CONFIRMATION_OK"
175,10828185690,10828185720,1,"IOTHUB_CLIENT_CONFIRMATION_OK"
176,10828186024,10828186130,1,"IOTHUB_CLIENT_CONFIRMATION_OK"
177,10828186357,10828186396,1,"IOTHUB_CLIENT_CONFIRMATION_OK"
178,10828186690,10828186726,1,"IOTHUB_CLIENT_CONFIRMATION_OK"
179,10828187023,10828187066,1,"IOTHUB_CLIENT_CONFIRMATION_OK"
180,10828187356,10828187430,1,"IOTHUB_CLIENT_CONFIRMATION_OK"
181,10828187689,10828187737,1,"IOTHUB_CLIENT_CONFIRMATION_OK"
182,10828188023,10828188089,1,"IOTHUB_CLIENT_CONFIRMATION_OK"
183,10828188356,10828188403,1,"IOTHUB_CLIENT_CONFIRMATION_OK"
184,10828188689,10828188817,1,"IOTHUB_CLIENT_CONFIRMATION_OK"
185,10828189022,10828189068,1,"IOTHUB_CLIENT_CONFIRMATION_OK"
186,10828189355,10828189392,1,"IOTHUB_CLIENT_CONFIRMATION_OK"
187,10828189688,10828189734,1,"IOTHUB_CLIENT_CONFIRMATION_OK"
188,10828190022,10828190068,1,"IOTHUB_CLIENT_CONFIRMATION_OK"
189,10828190355,10828190417,1,"IOTHUB_CLIENT_CONFIRMATION_OK"
190,10828190688,10828190732,1,"IOTHUB_CLIENT_CONFIRMATION_OK"
191,10828191021,10828191133,1,"IOTHUB_CLIENT_CONFIRMATION_OK"
192,10828191354,10828191386,1,"IOTHUB_CLIENT_CONFIRMATION_OK"
193,10828191687,10828191740,1,"IOTHUB_CLIENT_CONFIRMATION_OK"
194,10828192020,10828192049,1,"IOTHUB_CLIENT_CONFIRMATION_OK"
195,10828192354,10828192393,1,"IOTHUB_CLIENT_CONFIRMATION_OK"
196,10828192687,10828192752,1,"IOTHUB_CLIENT_CONFIRMATION_OK"
197,10828193020,10828193062,1,"IOTHUB_CLIENT_CONFIRMATION_OK"
198,10828193353,10828193402,1,"IOTHUB_CLIENT_CONFIRMATION_OK"
199,10828193686,10828193732,1,"IOTHUB_CLIENT_CONFIRMATION_OK"
200,10828194019,10828194066,1,"IOTHUB_CLIENT_CONFIRMATION_OK"
201,10828194353,10828194397,1,"IOTHUB_CLIENT_CONFIRMATION_OK"
202,10828194686,10828194798,1,"IOTHUB_CLIENT_CONFIRMATION_OK"
203,10828195019,10828195062,1,"IOTHUB_CLIENT_CONFIRMATION_OK"
204,10828195352,10828195400,1,"IOTHUB_CLIENT_CONFIRMATION_OK"
205,10828195685,10828195719,1,"IOTHUB_CLIENT_CONFIRMATION_OK"
206,10828196018,10828196049,1,"IOTHUB_CLIENT_CONFIRMATION_OK"
207,10828196352,10828196394,1,"IOTHUB_CLIENT_CONFIRMATION_OK"
208,10828196685,10828196722,1,"IOTHUB_CLIENT_CONFIRMATION_OK"
209,10828197018,10828197082,1,"IOTHUB_CLIENT_CONFIRMATION_OK"
210,10828197351,10828197399,1,"IOTHUB_CLIENT_CONFIRMATION_OK"
211,10828197684,10828197733,1,"IOTHUB_CLIENT_CONFIRMATION_OK"
212,10828198017,10828198059,1,"IOTHUB_CLIENT_CONFIRMATION_OK"
213,10828198350,10828198394,1,"IOTHUB_CLIENT_CONFIRMATION_OK"
214,10828198684,10828198726,1,"IOTHUB_CLIENT_CONFIRMATION_OK"
215,10828199017,10828199071,1,"IOTHUB_CLIENT_CONFIRMATION_OK"
216,10828199350,10828199395,1,"IOTHUB_CLIENT_CONFIRMATION_OK"
217,10828199683,10828199727,1,"IOTHUB_CLIENT_CONFIRMATION_OK"
218,10828200016,10828200058,1,"IOTHUB_CLIENT_CONFIRMATION_OK"
219,10828200349,10828200399,1,"IOTHUB_CLIENT_CONFIRMATION_OK"
220,10828200683,10828200727,1,"IOTHUB_CLIENT_CONFIRMATION_OK"
221,10828201016,10828201106,1,"IOTHUB_CLIENT_CONFIRMATION_OK"
222,10828201349,10828201392,1,"IOTHUB_CLIENT_CONFIRMATION_OK"
223,10828201682,10828201728,1,"IOTHUB_CLIENT_CONFIRMATION_OK"
224,10828202015,10828202046,1,"IOTHUB_CLIENT_CONFIRMATION_OK"
225,10828202348,10828202404,1,"IOTHUB_CLIENT_CONFIRMATION_OK"
226,10828202682,10828202728,1,"IOTHUB_CLIENT_CONFIRMATION_OK"
227,10828203015,10828203055,1,"IOTHUB_CLIENT_CONFIRMATION_OK"
228,10828203348,10828203389,1,"IOTHUB_CLIENT_CONFIRMATION_OK"
229,10828203681,10828203726,1,"IOTHUB_CLIENT_CONFIRMATION_OK"
230,10828204014,10828204067,1,"IOTHUB_CLIENT_CONFIRMATION_OK"
231,10828204348,10828204400,1,"IOTHUB_CLIENT_CONFIRMATION_OK"
232,10828204681,10828204731,1,"IOTHUB_CLIENT_CONFIRMATION_OK"
233,10828205014,10828205061,1,"IOTHUB_CLIENT_CONFIRMATION_OK"
234,10828205347,10828205375,1,"IOTHUB_CLIENT_CONFIRMATION_OK"
235,10828205680,10828205723,1,"IOTHUB_CLIENT_CONFIRMATION_OK"
236,10828206013,10828206087,1,"IOTHUB_CLIENT_CONFIRMATION_OK"
237,10828206346,10828206376,1,"IOTHUB_CLIENT_CONFIRMATION_OK"
238,10828206680,10828206762,1,"IOTHUB_CLIENT_CONFIRMATION_OK"
239,10828207013,10828207059,1,"IOTHUB_CLIENT_CONFIRMATION_OK"
240,10828207346,10828207393,1,"IOTHUB_CLIENT_CONFIRMATION_OK"
241,10828207679,10828207734,1,"IOTHUB_CLIENT_CONFIRMATION_OK"
242,10828208012,10828208051,1,"IOTHUB_CLIENT_CONFIRMATION_OK"
243,10828208345,10828208376,1,"IOTHUB_CLIENT_CONFIRMATION_OK"
244,10828208679,10828208714,1,"IOTHUB_CLIENT_CONFIRMATION_OK"
245,10828209012,10828209045,1,"IOTHUB_CLIENT_CONFIRMATION_OK"
246,10828209345,10828209392,1,"IOTHUB_CLIENT_CONFIRMATION_OK"
247,10828209678,10828209720,1,"IOTHUB_CLIENT_CONFIRMATION_OK"
248,10828210011,10828210055,1,"IOTHUB_CLIENT_CONFIRMATION_OK"
249,10828210344,10828210387,1,"IOTHUB_CLIENT_CONFIRMATION_OK"
250,10828210678,10828210725,1,"IOTHUB_CLIENT_CONFIRMATION_OK"
251,10828211011,10828211056,1,"IOTHUB_CLIENT_CONFIRMATION_OK"
252,10828211344,10828211388,1,"IOTHUB_CLIENT_CONFIRMATION_OK"
253,10828211677,10828211717,1,"IOTHUB_CLIENT_CONFIRMATION_OK"
254,10828212010,10828212049,1,"IOTHUB_CLIENT_CONFIRMATION_OK"
255,10828212343,10828212384,1,"IOTHUB_CLIENT_CONFIRMATION_OK"
256,10828212677,10828212709,1,"IOTHUB_CLIENT_CONFIRMATION_OK"
257,10828213010,10828213039,1,"IOTHUB_CLIENT_CONFIRMATION_OK"
258,10828213343,10828213387,1,"IOTHUB_CLIENT_CONFIRMATION_OK"
259,10828213676,10828213735,1,"IOTHUB_CLIENT_CONFIRMATION_OK"
260,10828214009,10828214048,1,"IOTHUB_CLIENT_CONFIRMATION_OK"
261,10828214342,10828214385,1,"IOTHUB_CLIENT_CONFIRMATION_OK"
262,10828214676,10828214729,1,"IOTHUB_CLIENT_CONFIRMATION_OK"
263,10828215009,10828215099,1,"IOTHUB_CLIENT_CONFIRMATION_OK"
264,10828215342,10828215386,1,"IOTHUB_CLIENT_CONFIRMATION_OK"
265,10828215675,10828215723,1,"IOTHUB_CLIENT_CONFIRMATION_OK"
266,10828216008,10828216118,1,"IOTHUB_CLIENT_CONFIRMATION_OK"
267,10828216341,10828216384,1,"IOTHUB_CLIENT_CONFIRMATION_OK"
268,10828216674,10828216729,1,"IOTHUB_CLIENT_CONFIRMATION_OK"
269,10828217008,10828217037,1,"IOTHUB_CLIENT_CONFIRMATION_OK"
270,10828217341,10828217381,1,"IOTHUB_CLIENT_CONFIRMATION_OK"
271,10828217674,10828217718,1,"IOTHUB_CLIENT_CONFIRMATION_OK"
272,10828218007,10828218051,1,"IOTHUB_CLIENT_CONFIRMATION_OK"
273,10828218340,10828218381,1,"IOTHUB_CLIENT_CONFIRMATION_OK"
274,10828218673,10828218758,1,"IOTHUB_CLIENT_CONFIRMATION_OK"
275,10828219007,10828219059,1,"IOTHUB_CLIENT_CONFIRMATION_OK"
276,10828219340,10828219383,1,"IOTHUB_CLIENT_CONFIRMATION_OK"
277,10828219673,10828219872,1,"IOTHUB_CLIENT_CONFIRMATION_OK"
278,10828220006,10828220097,1,"IOTHUB_CLIENT_CONFIRMATION_OK"
279,10828220339,10828220407,1,"IOTHUB_CLIENT_CONFIRMATION_OK"
280,10828220672,10828220738,1,"IOTHUB_CLIENT_CONFIRMATION_OK"
281,10828221006,10828221052,1,"IOTHUB_CLIENT_CONFIRMATION_OK"
282,10828221339,10828221380,1,"IOTHUB_CLIENT_CONFIRMATION_OK"
283,10828221672,10828221723,1,"IOTHUB_CLIENT_CONFIRMATION_OK"
284,10828222005,10828222048,1,"IOTHUB_CLIENT_CONFIRMATION_OK"
285,10828222338,10828222386,1,"IOTHUB_CLIENT_CONFIRMATION_OK"
286,10828222671,10828222700,1,"IOTHUB_CLIENT_CONFIRMATION_OK"
287,10828223005,10828223048,1,"IOTHUB_CLIENT_CONFIRMATION_OK"
288,10828223338,10828223388,1,"IOTHUB_CLIENT_CONFIRMATION_OK"
289,10828223671,10828223718,1,"IOTHUB_CLIENT_CONFIRMATION_OK"
290,10828224004,10828224036,1,"IOTHUB_CLIENT_CONFIRMATION_OK"
291,10828224337,10828224393,1,"IOTHUB_CLIENT_CONFIRMATION_OK"
292,10828224670,10828224722,1,"IOTHUB_CLIENT_CONFIRMATION_OK"
293,10828225004,10828225043,1,"IOTHUB_CLIENT_CONFIRMATION_OK"
294,10828225337,10828225381,1,"IOTHUB_CLIENT_CONFIRMATION_OK"
295,10828225670,10828225712,1,"IOTHUB_CLIENT_CONFIRMATION_OK"
296,10828226003,10828226041,1,"IOTHUB_CLIENT_CONFIRMATION_OK"
297,10828226336,10828226398,1,"IOTHUB_CLIENT_CONFIRMATION_OK"
298,10828226669,10828226708,1,"IOTHUB_CLIENT_CONFIRMATION_OK"
299,10828227003,10828227052,1,"IOTHUB_CLIENT_CONFIRMATION_OK"
300,10828227336,10828227395,1,"IOTHUB_CLIENT_CONFIRMATION_OK"
301,10828227669,10828227720,1,"IOTHUB_CLIENT_CONFIRMATION_OK"
302,10828228002,10828228054,1,"IOTHUB_CLIENT_CONFIRMATION_OK"
303,10828228335,10828228373,1,"IOTHUB_CLIENT_CONFIRMATION_OK"
304,10828228668,10828228712,1,"IOTHUB_CLIENT_CONFIRMATION_OK"
305,10828229002,10828229080,1,"IOTHUB_CLIENT_CONFIRMATION_OK"
306,10828229335,10828229391,1,"IOTHUB_CLIENT_CONFIRMATION_OK"
307,10828229668,10828229716,1,"IOTHUB_CLIENT_CONFIRMATION_OK"
308,10828230001,10828230046,1,"IOTHUB_CLIENT_CONFIRMATION_OK"
309,10828230334,10828230410,1,"IOTHUB_CLIENT_CONFIRMATION_OK"
310,10828230667,10828230710,1,"IOTHUB_CLIENT_CONFIRMATION_OK"
311,10828231001,10828231044,1,"IOTHUB_CLIENT_CONFIRMATION_OK"
312,10828231334,10828231374,1,"IOTHUB_CLIENT_CONFIRMATION_OK"
313,10828231667,10828231720,1,"IOTHUB_CLIENT_CONFIRMATION_OK"
314,10828232000,10828232049,1,"IOTHUB_CLIENT_CONFIRMATION_OK"
315,10828232333,10828232377,1,"IOTHUB_CLIENT_CONFIRMATION_OK"
316,10828232666,10828232743,1,"IOTHUB_CLIENT_CONFIRMATION_OK"
317,10828233000,10828233062,1,"IOTHUB_CLIENT_CONFIRMATION_OK"
318,10828233333,10828233379,1,"IOTHUB_CLIENT_CONFIRMATION_OK"
319,10828233666,10828233727,1,"IOTHUB_CLIENT_CONFIRMATION_OK"
320,10828233999,10828234046,1,"IOTHUB_CLIENT_CONFIRMATION_OK"
321,10828234332,10828234377,1,"IOTHUB_CLIENT_CONFIRMATION_OK"
322,10828234666,10828234700,1,"IOTHUB_CLIENT_CONFIRMATION_OK"
323,10828234999,10828235040,1,"IOTHUB_CLIENT_CONFIRMATION_OK"
324,10828235332,10828235386,1,"IOTHUB_CLIENT_CONFIRMATION_OK"
325,10828235665,10828235693,1,"IOTHUB_CLIENT_CONFIRMATION_OK"
326,10828235998,10828236049,1,"IOTHUB_CLIENT_CONFIRMATION_OK"
327,10828236331,10828236412,1,"IOTHUB_CLIENT_CONFIRMATION_OK"
328,10828236664,10828236700,1,"IOTHUB_CLIENT_CONFIRMATION_OK"
329,10828236998,10828237054,1,"IOTHUB_CLIENT_CONFIRMATION_OK"
330,10828237331,10828237374,1,"IOTHUB_CLIENT_CONFIRMATION_OK"
331,10828237664,10828237702,1,"IOTHUB_CLIENT_CONFIRMATION_OK"
332,10828237997,10828238045,1,"IOTHUB_CLIENT_CONFIRMATION_OK"
333,10828238330,10828238372,1,"IOTHUB_CLIENT_CONFIRMATION_OK"
334,10828238663,10828238704,1,"IOTHUB_CLIENT_CONFIRMATION_OK"
335,10828238997,10828239041,1,"IOTHUB_CLIENT_CONFIRMATION_OK"
336,10828239330,10828239382,1,"IOTHUB_CLIENT_CONFIRMATION_OK"
337,10828239663,10828239702,1,"IOTHUB_CLIENT_CONFIRMATION_OK"
338,10828239996,10828240102,1,"IOTHUB_CLIENT_CONFIRMATION_OK"
339,10828240329,10828240377,1,"IOTHUB_CLIENT_CONFIRMATION_OK"
340,10828240662,10828240705,1,"IOTHUB_CLIENT_CONFIRMATION_OK"
341,10828240996,10828241035,1,"IOTHUB_CLIENT_CONFIRMATION_OK"
342,10828241329,10828241372,1,"IOTHUB_CLIENT_CONFIRMATION_OK"
343,10828241662,10828241707,1,"IOTHUB_CLIENT_CONFIRMATION_OK"
344,10828241995,10828242037,1,"IOTHUB_CLIENT_CONFIRMATION_OK"
345,10828242328,10828242375,1,"IOTHUB_CLIENT_CONFIRMATION_OK"
346,10828242662,10828242713,1,"IOTHUB_CLIENT_CONFIRMATION_OK"
347,10828242995,10828243049,1,"IOTHUB_CLIENT_CONFIRMATION_OK"
348,10828243328,10828243368,1,"IOTHUB_CLIENT_CONFIRMATION_OK"
349,10828243661,10828243718,1,"IOTHUB_CLIENT_CONFIRMATION_OK"
350,10828243994,10828244039,1,"IOTHUB_CLIENT_CONFIRMATION_OK"
351,10828244327,10828244369,1,"IOTHUB_CLIENT_CONFIRMATION_OK"
352,10828244661,10828244703,1,"IOTHUB_CLIENT_CONFIRMATION_OK"
353,10828244994,10828245034,1,"IOTHUB_CLIENT_CONFIRMATION_OK"
354,10828245327,10828245361,1,"IOTHUB_CLIENT_CONFIRMATION_OK"
355,10828245660,10828245688,1,"IOTHUB_CLIENT_CONFIRMATION_OK"
356,10828245993,10828246097,1,"IOTHUB_CLIENT_CONFIRMATION_OK"
357,10828246326,10828246411,1,"IOTHUB_CLIENT_CONFIRMATION_OK"
358,10828246660,10828246703,1,"IOTHUB_CLIENT_CONFIRMATION_OK"
359,10828246993,10828247033,1,"IOTHUB_CLIENT_CONFIRMATION_OK"
360,10828247326,10828247376,1,"IOTHUB_CLIENT_CONFIRMATION_OK"
361,10828247659,10828247699,1,"IOTHUB_CLIENT_CONFIRMATION_OK"
362,10828247992,10828248040,1,"IOTHUB_CLIENT_CONFIRMATION_OK"
363,10828248325,10828248394,1,"IOTHUB_CLIENT_CONFIRMATION_OK"
364,10828248659,10828248703,1,"IOTHUB_CLIENT_CONFIRMATION_OK"
365,10828248992,10828249030,1,"IOTHUB_CLIENT_CONFIRMATION_OK"
366,10828249325,10828249369,1,"IOTHUB_CLIENT_CONFIRMATION_OK"
367,10828249658,10828249699,1,"IOTHUB_CLIENT_CONFIRMATION_OK"
368,10828249991,10828250031,1,"IOTHUB_CLIENT_CONFIRMATION_OK"
369,10828250324,10828250366,1,"IOTHUB_CLIENT_CONFIRMATION_OK"
370,10828250658,10828250702,1,"IOTHUB_CLIENT_CONFIRMATION_OK"
371,10828250991,10828251083,1,"IOTHUB_CLIENT_CONFIRMATION_OK"
372,10828251324,10828251385,1,"IOTHUB_CLIENT_CONFIRMATION_OK"
373,10828251657,10828251697,1,"IOTHUB_CLIENT_CONFIRMATION_OK"
374,10828251990,10828252033,1,"IOTHUB_CLIENT_CONFIRMATION_OK"
375,10828252323,10828252366,1,"IOTHUB_CLIENT_CONFIRMATION_OK"
376,10828252657,10828252699,1,"IOTHUB_CLIENT_CONFIRMATION_OK"
377,10828252990,10828253041,1,"IOTHUB_CLIENT_CONFIRMATION_OK"
378,10828253323,10828253370,1,"IOTHUB_CLIENT_CONFIRMATION_OK"
379,10828253656,10828253697,1,"IOTHUB_CLIENT_CONFIRMATION_OK"
380,10828253989,10828254031,1,"IOTHUB_CLIENT_CONFIRMATION_OK"
381,10828254322,10828254358,1,"IOTHUB_CLIENT_CONFIRMATION_OK"
382,10828254656,10828254758,1,"IOTHUB_CLIENT_CONFIRMATION_OK"
383,10828254989,10828255031,1,"IOTHUB_CLIENT_CONFIRMATION_OK"
384,10828255322,10828255370,1,"IOTHUB_CLIENT_CONFIRMATION_OK"
385,10828255655,10828255701,1,"IOTHUB_CLIENT_CONFIRMATION_OK"
386,10828255988,10828256031,1,"IOTHUB_CLIENT_CONFIRMATION_OK"
387,10828256321,10828256369,1,"IOTHUB_CLIENT_CONFIRMATION_OK"
388,10828256655,10828256696,1,"IOTHUB_CLIENT_CONFIRMATION_OK"
389,10828256988,10828257030,1,"IOTHUB_CLIENT_CONFIRMATION_OK"
390,10828257321,10828257376,1,"IOTHUB_CLIENT_CONFIRMATION_OK"
391,10828257654,10828257716,1,"IOTHUB_CLIENT_CONFIRMATION_OK"
392,10828257987,10828258027,1,"IOTHUB_CLIENT_CONFIRMATION_OK"
393,10828258320,10828258360,1,"IOTHUB_CLIENT_CONFIRMATION_OK"
394,10828258654,10828258693,1,"IOTHUB_CLIENT_CONFIRMATION_OK"
395,10828258987,10828259029,1,"IOTHUB_CLIENT_CONFIRMATION_OK"
396,10828259320,10828259358,1,"IOTHUB_CLIENT_CONFIRMATION_OK"
397,10828259653,10828259692,1,"IOTHUB_CLIENT_CONFIRMATION_OK"
398,10828259986,10828260032,1,"IOTHUB_CLIENT_CONFIRMATION_OK"
399,10828260319,10828260376,1,"IOTHUB_CLIENT_CONFIRMATION_OK"
400,10828260652,10828260692,1,"IOTHUB_CLIENT_CONFIRMATION_OK"
401,10828260986,10828261054,1,"IOTHUB_CLIENT_CONFIRMATION_OK"
402,10828261319,10828261361,1,"IOTHUB_CLIENT_CONFIRMATION_OK"
403,10828261652,10828261691,1,"IOTHUB_CLIENT_CONFIRMATION_OK"
404,10828261985,10828262025,1,"IOTHUB_CLIENT_CONFIRMATION_OK"
405,10828262318,10828262361,1,"IOTHUB_CLIENT_CONFIRMATION_OK"
406,10828262652,10828262729,1,"IOTHUB_CLIENT_CONFIRMATION_OK"
407,10828262985,10828263065,1,"IOTHUB_CLIENT_CONFIRMATION_OK"
408,10828263318,10828263370,1,"IOTHUB_CLIENT_CONFIRMATION_OK"
409,10828263651,10828263742,1,"IOTHUB_CLIENT_CONFIRMATION_OK"
410,10828263984,10828264027,1,"IOTHUB_CLIENT_CONFIRMATION_OK"
411,10828264317,10828264358,1,"IOTHUB_CLIENT_CONFIRMATION_OK"
412,10828264651,10828264733,1,"IOTHUB_CLIENT_CONFIRMATION_OK"
413,10828264984,10828265171,1,"IOTHUB_CLIENT_CONFIRMATION_OK"
414,10828265317,10828265367,1,"IOTHUB_CLIENT_CONFIRMATION_OK"
415,10828265650,10828265706,1,"IOTHUB_CLIENT_CONFIRMATION_OK"
416,10828265983,10828266030,1,"IOTHUB_CLIENT_CONFIRMATION_OK"
417,10828266316,10828266357,1,"IOTHUB_CLIENT_CONFIRMATION_OK"
418,10828266650,10828266706,1,"IOTHUB_CLIENT_CONFIRMATION_OK"
419,10828266983,10828267025,1,"IOTHUB_CLIENT_CONFIRMATION_OK"
420,10828267316,10828267362,1,"IOTHUB_CLIENT_CONFIRMATION_OK"
421,10828267649,10828267689,1,"IOTHUB_CLIENT_CONFIRMATION_OK"
422,10828267982,10828268040,1,"IOTHUB_CLIENT_CONFIRMATION_OK"
423,10828268315,10828268366,1,"IOTHUB_CLIENT_CONFIRMATION_OK"
424,10828268649,10828268694,1,"IOTHUB_CLIENT_CONFIRMATION_OK"
425,10828268982,10828269026,1,"IOTHUB_CLIENT_CONFIRMATION_OK"
426,10828269315,10828269361,1,"IOTHUB_CLIENT_CONFIRMATION_OK"
427,10828269648,10828269692,1,"IOTHUB_CLIENT_CONFIRMATION_OK"
428,10828269981,10828270043,1,"IOTHUB_CLIENT_CONFIRMATION_OK"
429,10828270315,10828270364,1,"IOTHUB_CLIENT_CONFIRMATION_OK"
430,10828270648,10828270689,1,"IOTHUB_CLIENT_CONFIRMATION_OK"
431,10828270981,10828271034,1,"IOTHUB_CLIENT_CONFIRMATION_OK"
432,10828271314,10828271362,1,"IOTHUB_CLIENT_CONFIRMATION_OK"
433,10828271647,10828271696,1,"IOTHUB_CLIENT_CONFIRMATION_OK"
434,10828271980,10828272072,1,"IOTHUB_CLIENT_CONFIRMATION_OK"
435,10828272313,10828272353,1,"IOTHUB_CLIENT_CONFIRMATION_OK"
436,10828272647,10828272697,1,"IOTHUB_CLIENT_CONFIRMATION_OK"
437,10828272980,10828273029,1,"IOTHUB_CLIENT_CONFIRMATION_OK"
438,10828273313,10828273362,1,"IOTHUB_CLIENT_CONFIRMATION_OK"
439,10828273646,10828273688,1,"IOTHUB_CLIENT_CONFIRMATION_OK"
440,10828273979,10828274022,1,"IOTHUB_CLIENT_CONFIRMATION_OK"
441,10828274312,10828274359,1,"IOTHUB_CLIENT_CONFIRMATION_OK"
442,10828274646,10828274688,1,"IOTHUB_CLIENT_CONFIRMATION_OK"
443,10828274979,10828275016,1,"IOTHUB_CLIENT_CONFIRMATION_OK"
444,10828275312,10828275354,1,"IOTHUB_CLIENT_CONFIRMATION_OK"
445,10828275645,10828275684,1,"IOTHUB_CLIENT_CONFIRMATION_OK"
446,10828275978,10828276045,1,"IOTHUB_CLIENT_CONFIRMATION_OK"
447,10828276311,10828276349,1,"IOTHUB_CLIENT_CONFIRMATION_OK"
448,10828276645,10828276692,1,"IOTHUB_CLIENT_CONFIRMATION_OK"
449,10828276978,10828277018,1,"IOTHUB_CLIENT_CONFIRMATION_OK"
450,10828277311,10828277357,1,"IOTHUB_CLIENT_CONFIRMATION_OK"
451,10828277644,10828277691,1,"IOTHUB_CLIENT_CONFIRMATION_OK"
452,10828277977,10828278021,1,"IOTHUB_CLIENT_CONFIRMATION_OK"
453,10828278310,10828278361,1,"IOTHUB_CLIENT_CONFIRMATION_OK"
454,10828278644,10828278682,1,"IOTHUB_CLIENT_CONFIRMATION_OK"
455,10828278977,10828279050,1,"IOTHUB_CLIENT_CONFIRMATION_OK"
456,10828279310,10828279351,1,"IOTHUB_CLIENT_CONFIRMATION_OK"
457,10828279643,10828279693,1,"IOTHUB_CLIENT_CONFIRMATION_OK"
458,10828279976,10828280033,1,"IOTHUB_CLIENT_CONFIRMATION_OK"
459,10828280309,10828280348,1,"IOTHUB_CLIENT_CONFIRMATION_OK"
460,10828280643,10828280698,1,"IOTHUB_CLIENT_CONFIRMATION_OK"
461,10828280976,10828281032,1,"IOTHUB_CLIENT_CONFIRMATION_OK"
462,10828281309,10828281354,1,"IOTHUB_CLIENT_CONFIRMATION_OK"
463,10828281642,10828281681,1,"IOTHUB_CLIENT_CONFIRMATION_OK"
464,10828281975,10828282022,1,"IOTHUB_CLIENT_CONFIRMATION_OK"
465,10828282308,10828282342,1,"IOTHUB_CLIENT_CONFIRMATION_OK"
466,10828282642,10828282693,1,"IOTHUB_CLIENT_CONFIRMATION_OK"
467,10828282975,10828283013,1,"IOTHUB_CLIENT_CONFIRMATION_OK"
468,10828283308,10828283348,1,"IOTHUB_CLIENT_CONFIRMATION_OK"
469,10828283641,10828283683,1,"IOTHUB_CLIENT_CONFIRMATION_OK"
470,10828283974,10828284023,1,"IOTHUB_CLIENT_CONFIRMATION_OK"
471,10828284307,10828284357,1,"IOTHUB_CLIENT_CONFIRMATION_OK"
472,10828284641,10828284681,1,"IOTHUB_CLIENT_CONFIRMATION_OK"
473,10828284974,10828285074,1,"IOTHUB_CLIENT_CONFIRMATION_OK"
474,10828285307,10828285356,1,"IOTHUB_CLIENT_CONFIRMATION_OK"
475,10828285640,10828285708,1,"IOTHUB_CLIENT_CONFIRMATION_OK"
476,10828285973,10828286022,1,"IOTHUB_CLIENT_CONFIRMATION_OK"
477,10828286306,10828286353,1,"IOTHUB_CLIENT_CONFIRMATION_OK"
478,10828286640,10828286687,1,"IOTHUB_CLIENT_CONFIRMATION_OK"
479,10828286973,10828287019,1,"IOTHUB_CLIENT_CONFIRMATION_OK"
480,10828287306,10828287352,1,"IOTHUB_CLIENT_CONFIRMATION_OK"
481,10828287639,10828287705,1,"IOTHUB_CLIENT_CONFIRMATION_OK"
482,10828287972,10828288019,1,"IOTHUB_CLIENT_CONFIRMATION_OK"
483,10828288305,10828288369,1,"IOTHUB_CLIENT_CONFIRMATION_OK"
484,10828288639,10828288682,1,"IOTHUB_CLIENT_CONFIRMATION_OK"
485,10828288972,10828289010,1,"IOTHUB_CLIENT_CONFIRMATION_OK"
486,10828289305,10828289345,1,"IOTHUB_CLIENT_CONFIRMATION_OK"
487,10828289638,10828289688,1,"IOTHUB_CLIENT_CONFIRMATION_OK"
488,10828289971,10828290027,1,"IOTHUB_CLIENT_CONFIRMATION_OK"
489,10828290304,10828290350,1,"IOTHUB_CLIENT_CONFIRMATION_OK"
490,10828290638,10828290678,1,"IOTHUB_CLIENT_CONFIRMATION_OK"
491,10828290971,10828291013,1,"IOTHUB_CLIENT_CONFIRMATION_OK"
492,10828291304,10828291579,1,"IOTHUB_CLIENT_CONFIRMATION_OK"
493,10828291637,10828291848,1,"IOTHUB_CLIENT_CONFIRMATION_OK"
494,10828291970,10828292321,1,"IOTHUB_CLIENT_CONFIRMATION_OK"
495,10828292303,10828292354,1,"IOTHUB_CLIENT_CONFIRMATION_OK"
496,10828292636,10828292677,1,"IOTHUB_CLIENT_CONFIRMATION_OK"
497,10828292970,10828293015,1,"IOTHUB_CLIENT_CONFIRMATION_OK"
498,10828293303,10828293337,1,"IOTHUB_CLIENT_CONFIRMATION_OK"
499,10828293636,10828293676,1,"IOTHUB_CLIENT_CONFIRMATION_OK"
500,10828293969,10828294020,1,"IOTHUB_CLIENT_CONFIRMATION_OK"
501,10828294302,10828294348,1,"IOTHUB_CLIENT_CONFIRMATION_OK"
502,10828294635,10828294673,1,"IOTHUB_CLIENT_CONFIRMATION_OK"
503,10828294969,10828295009,1,"IOTHUB_CLIENT_CONFIRMATION_OK"
504,10828295302,10828295395,1,"IOTHUB_CLIENT_CONFIRMATION_OK"
505,10828295635,10828295681,1,"IOTHUB_CLIENT_CONFIRMATION_OK"
506,10828295968,10828296009,1,"IOTHUB_CLIENT_CONFIRMATION_OK"
507,10828296301,10828296407,1,"IOTHUB_CLIENT_CONFIRMATION_OK"
508,10828296634,10828296676,1,"IOTHUB_CLIENT_CONFIRMATION_OK"
509,10828296968,10828297007,1,"IOTHUB_CLIENT_CONFIRMATION_OK"
510,10828297301,10828297348,1,"IOTHUB_CLIENT_CONFIRMATION_OK"
511,10828297634,10828297674,1,"IOTHUB_CLIENT_CONFIRMATION_OK"
512,10828297967,10828298029,1,"IOTHUB_CLIENT_CONFIRMATION_OK"
513,10828298300,10828298347,1,"IOTHUB_CLIENT_CONFIRMATION_OK"
514,10828298633,10828298690,1,"IOTHUB_CLIENT_CONFIRMATION_OK"
515,10828298967,10828299015,1,"IOTHUB_CLIENT_CONFIRMATION_OK"
516,10828299300,10828299334,1,"IOTHUB_CLIENT_CONFIRMATION_OK"
517,10828299633,10828299683,1,"IOTHUB_CLIENT_CONFIRMATION_OK"
518,10828299966,10828300021,1,"IOTHUB_CLIENT_CONFIRMATION_OK"
519,10828300299,10828300353,1,"IOTHUB_CLIENT_CONFIRMATION_OK"
520,10828300632,10828300687,1,"IOTHUB_CLIENT_CONFIRMATION_OK"
521,10828300966,10828301012,1,"IOTHUB_CLIENT_CONFIRMATION_OK"
522,10828301299,10828301355,1,"IOTHUB_CLIENT_CONFIRMATION_OK"
523,10828301632,10828301678,1,"IOTHUB_CLIENT_CONFIRMATION_OK"
524,10828301965,10828302000,1,"IOTHUB_CLIENT_CONFIRMATION_OK"
525,10828302298,10828302351,1,"IOTHUB_CLIENT_CONFIRMATION_OK"
526,10828302632,10828302680,1,"IOTHUB_CLIENT_CONFIRMATION_OK"
527,10828302965,10828303002,1,"IOTHUB_CLIENT_CONFIRMATION_OK"
528,10828303298,10828303341,1,"IOTHUB_CLIENT_CONFIRMATION_OK"
529,10828303631,10828303692,1,"IOTHUB_CLIENT_CONFIRMATION_OK"
530,10828303964,10828304010,1,"IOTHUB_CLIENT_CONFIRMATION_OK"
531,10828304297,10828304350,1,"IOTHUB_CLIENT_CONFIRMATION_OK"
532,10828304631,10828304739,1,"IOTHUB_CLIENT_CONFIRMATION_OK"
533,10828304964,10828305001,1,"IOTHUB_CLIENT_CONFIRMATION_OK"
534,10828305297,10828305332,1,"IOTHUB_CLIENT_CONFIRMATION_OK"
535,10828305630,10828305673,1,"IOTHUB_CLIENT_CONFIRMATION_OK"
536,10828305963,10828306001,1,"IOTHUB_CLIENT_CONFIRMATION_OK"
537,10828306296,10828306359,1,"IOTHUB_CLIENT_CONFIRMATION_OK"
538,10828306630,10828306675,1,"IOTHUB_CLIENT_CONFIRMATION_OK"
539,10828306963,10828307007,1,"IOTHUB_CLIENT_CONFIRMATION_OK"
540,10828307296,10828307346,1,"IOTHUB_CLIENT_CONFIRMATION_OK"
541,10828307629,10828307673,1,"IOTHUB_CLIENT_CONFIRMATION_OK"
542,10828307962,10828308005,1,"IOTHUB_CLIENT_CONFIRMATION_OK"
543,10828308295,10828308338,1,"IOTHUB_CLIENT_CONFIRMATION_OK"
544,10828308628,10828308670,1,"IOTHUB_CLIENT_CONFIRMATION_OK"
545,10828308962,10828309006,1,"IOTHUB_CLIENT_CONFIRMATION_OK"
546,10828309295,10828309332,1,"IOTHUB_CLIENT_CONFIRMATION_OK"
547,10828309628,10828309685,1,"IOTHUB_CLIENT_CONFIRMATION_OK"
548,10828309961,10828310010,1,"IOTHUB_CLIENT_CONFIRMATION_OK"
549,10828310294,10828310339,1,"IOTHUB_CLIENT_CONFIRMATION_OK"
550,10828310627,10828310668,1,"IOTHUB_CLIENT_CONFIRMATION_OK"
551,10828310961,10828311012,1,"IOTHUB_CLIENT_CONFIRMATION_OK"
552,10828311294,10828311336,1,"IOTHUB_CLIENT_CONFIRMATION_OK"
553,10828311627,10828311668,1,"IOTHUB_CLIENT_CONFIRMATION_OK"
554,10828311960,10828312015,1,"IOTHUB_CLIENT_CONFIRMATION_OK"
555,10828312293,10828312344,1,"IOTHUB_CLIENT_CONFIRMATION_OK"
556,10828312626,10828312668,1,"IOTHUB_CLIENT_CONFIRMATION_OK"
557,10828312960,10828312997,1,"IOTHUB_CLIENT_CONFIRMATION_OK"
558,10828313293,10828313336,1,"IOTHUB_CLIENT_CONFIRMATION_OK"
559,10828313626,10828313673,1,"IOTHUB_CLIENT_CONFIRMATION_OK"
560,10828313959,10828314000,1,"IOTHUB_CLIENT_CONFIRMATION_OK"
561,10828314292,10828314382,1,"IOTHUB_CLIENT_CONFIRMATION_OK"
562,10828314625,10828314665,1,"IOTHUB_CLIENT_CONFIRMATION_OK"
563,10828314959,10828314997,1,"IOTHUB_CLIENT_CONFIRMATION_OK"
564,10828315292,10828315330,1,"IOTHUB_CLIENT_CONFIRMATION_OK"
565,10828315625,10828315702,1,"IOTHUB_CLIENT_CONFIRMATION_OK"
566,10828315958,10828316006,1,"IOTHUB_CLIENT_CONFIRMATION_OK"
567,10828316291,10828316337,1,"IOTHUB_CLIENT_CONFIRMATION_OK"
568,10828316624,10828316668,1,"IOTHUB_CLIENT_CONFIRMATION_OK"
569,10828316958,10828317022,1,"IOTHUB_CLIENT_CONFIRMATION_OK"
570,10828317291,10828317344,1,"IOTHUB_CLIENT_CONFIRMATION_OK"
571,10828317624,10828317665,1,"IOTHUB_CLIENT_CONFIRMATION_OK"
572,10828317957,10828318000,1,"IOTHUB_CLIENT_CONFIRMATION_OK"
573,10828318290,10828318337,1,"IOTHUB_CLIENT_CONFIRMATION_OK"
574,10828318623,10828318662,1,"IOTHUB_CLIENT_CONFIRMATION_OK"
575,10828318957,10828318998,1,"IOTHUB_CLIENT_CONFIRMATION_OK"
576,10828319290,10828319406,1,"IOTHUB_CLIENT_CONFIRMATION_OK"
577,10828319623,10828319676,1,"IOTHUB_CLIENT_CONFIRMATION_OK"
578,10828319956,10828320000,1,"IOTHUB_CLIENT_CONFIRMATION_OK"
579,10828320289,10828320349,1,"IOTHUB_CLIENT_CONFIRMATION_OK"
580,10828320622,10828320710,1,"IOTHUB_CLIENT_CONFIRMATION_OK"
581,10828320956,10828320992,1,"IOTHUB_CLIENT_CONFIRMATION_OK"
582,10828321289,10828321340,1,"IOTHUB_CLIENT_CONFIRMATION_OK"
583,10828321622,10828321670,1,"IOTHUB_CLIENT_CONFIRMATION_OK"
584,10828321955,10828322000,1,"IOTHUB_CLIENT_CONFIRMATION_OK"
585,10828322288,10828322329,1,"IOTHUB_CLIENT_CONFIRMATION_OK"
586,10828322621,10828322660,1,"IOTHUB_CLIENT_CONFIRMATION_OK"
587,10828322955,10828323024,1,"IOTHUB_CLIENT_CONFIRMATION_OK"
588,10828323288,10828323329,1,"IOTHUB_CLIENT_CONFIRMATION_OK"
589,10828323621,10828323724,1,"IOTHUB_CLIENT_CONFIRMATION_OK"
590,10828323954,10828324013,1,"IOTHUB_CLIENT_CONFIRMATION_OK"
591,10828324287,10828324337,1,"IOTHUB_CLIENT_CONFIRMATION_OK"
592,10828324620,10828324663,1,"IOTHUB_CLIENT_CONFIRMATION_OK"
593,10828324954,10828324993,1,"IOTHUB_CLIENT_CONFIRMATION_OK"
594,10828325287,10828325328,1,"IOTHUB_CLIENT_CONFIRMATION_OK"
595,10828325620,10828325686,1,"IOTHUB_CLIENT_CONFIRMATION_OK"
596,10828325953,10828325992,1,"IOTHUB_CLIENT_CONFIRMATION_OK"
597,10828326286,10828326330,1,"IOTHUB_CLIENT_CONFIRMATION_OK"
598,10828326619,10828326655,1,"IOTHUB_CLIENT_CONFIRMATION_OK"
599,10828326953,10828326989,1,"IOTHUB_CLIENT_CONFIRMATION_OK"
600,10828327286,10828327328,1,"IOTHUB_CLIENT_CONFIRMATION_OK"
601,10828327619,10828327660,1,"IOTHUB_CLIENT_CONFIRMATION_OK"
602,10828327952,10828327996,1,"IOTHUB_CLIENT_CONFIRMATION_OK"
603,10828328285,10828328336,1,"IOTHUB_CLIENT_CONFIRMATION_OK"
604,10828328618,10828328657,1,"IOTHUB_CLIENT_CONFIRMATION_OK"
605,10828328952,10828329003,1,"IOTHUB_CLIENT_CONFIRMATION_OK"
606,10828329285,10828329325,1,"IOTHUB_CLIENT_CONFIRMATION_OK"
607,10828329618,10828329659,1,"IOTHUB_CLIENT_CONFIRMATION_OK"
608,10828329951,10828329987,1,"IOTHUB_CLIENT_CONFIRMATION_OK"
609,10828330284,10828330326,1,"IOTHUB_CLIENT_CONFIRMATION_OK"
610,10828330617,10828330660,1,"IOTHUB_CLIENT_CONFIRMATION_OK"
611,10828330951,10828330987,1,"IOTHUB_CLIENT_CONFIRMATION_OK"
612,10828331284,10828331331,1,"IOTHUB_CLIENT_CONFIRMATION_OK"
613,10828331617,10828331725,1,"IOTHUB_CLIENT_CONFIRMATION_OK"
614,10828331950,10828331996,1,"IOTHUB_CLIENT_CONFIRMATION_OK"
615,10828332283,10828332321,1,"IOTHUB_CLIENT_CONFIRMATION_OK"
616,10828332616,10828332676,1,"IOTHUB_CLIENT_CONFIRMATION_OK"
617,10828332950,10828332985,1,"IOTHUB_CLIENT_CONFIRMATION_OK"
618,10828333283,10828333329,1,"IOTHUB_CLIENT_CONFIRMATION_OK"
619,10828333616,10828333659,1,"IOTHUB_CLIENT_CONFIRMATION_OK"
620,10828333949,10828334002,1,"IOTHUB_CLIENT_CONFIRMATION_OK"
621,10828334282,10828334318,1,"IOTHUB_CLIENT_CONFIRMATION_OK"
622,10828334615,10828334654,1,"IOTHUB_CLIENT_CONFIRMATION_OK"
623,10828334949,10828334987,1,"IOTHUB_CLIENT_CONFIRMATION_OK"
624,10828335282,10828335342,1,"IOTHUB_CLIENT_CONFIRMATION_OK"
625,10828335615,10828335659,1,"IOTHUB_CLIENT_CONFIRMATION_OK"
626,10828335948,10828336016,1,"IOTHUB_CLIENT_CONFIRMATION_OK"
627,10828336281,10828336318,1,"IOTHUB_CLIENT_CONFIRMATION_OK"
628,10828336614,10828336652,1,"IOTHUB_CLIENT_CONFIRMATION_OK"
629,10828336948,10828336997,1,"IOTHUB_CLIENT_CONFIRMATION_OK"
630,10828337281,10828337315,1,"IOTHUB_CLIENT_CONFIRMATION_OK"
631,10828337614,10828337668,1,"IOTHUB_CLIENT_CONFIRMATION_OK"
632,10828337947,10828337990,1,"IOTHUB_CLIENT_CONFIRMATION_OK"
633,10828338280,10828338320,1,"IOTHUB_CLIENT_CONFIRMATION_OK"
634,10828338613,10828338666,1,"IOTHUB_CLIENT_CONFIRMATION_OK"
635,10828338947,10828338989,1,"IOTHUB_CLIENT_CONFIRMATION_OK"
636,10828339280,10828339325,1,"IOTHUB_CLIENT_CONFIRMATION_OK"
637,10828339613,10828339653,1,"IOTHUB_CLIENT_CONFIRMATION_OK"
638,10828339946,10828340303,1,"IOTHUB_CLIENT_CONFIRMATION_OK"
639,10828340279,10828340337,1,"IOTHUB_CLIENT_CONFIRMATION_OK"
640,10828340612,10828340695,1,"IOTHUB_CLIENT_CONFIRMATION_OK"
641,10828340946,10828341036,1,"IOTHUB_CLIENT_CONFIRMATION_OK"
642,10828341279,10828341319,1,"IOTHUB_CLIENT_CONFIRMATION_OK"
643,10828341612,10828341671,1,"IOTHUB_CLIENT_CONFIRMATION_OK"
644,10828341945,10828341986,1,"IOTHUB_CLIENT_CONFIRMATION_OK"
645,10828342278,10828342371,1,"IOTHUB_CLIENT_CONFIRMATION_OK"
646,10828342611,10828342653,1,"IOTHUB_CLIENT_CONFIRMATION_OK"
647,10828342945,10828342993,1,"IOTHUB_CLIENT_CONFIRMATION_OK"
648,10828343278,10828343373,1,"IOTHUB_CLIENT_CONFIRMATION_OK"
649,10828343611,10828343658,1,"IOTHUB_CLIENT_CONFIRMATION_OK"
650,10828343944,10828343986,1,"IOTHUB_CLIENT_CONFIRMATION_OK"
651,10828344277,10828344321,1,"IOTHUB_CLIENT_CONFIRMATION_OK"
652,10828344610,10828344643,1,"IOTHUB_CLIENT_CONFIRMATION_OK"
653,10828344944,10828344982,1,"IOTHUB_CLIENT_CONFIRMATION_OK"
654,10828345277,10828345313,1,"IOTHUB_CLIENT_CONFIRMATION_OK"
655,10828345610,10828345650,1,"IOTHUB_CLIENT_CONFIRMATION_OK"
656,10828345943,10828345989,1,"IOTHUB_CLIENT_CONFIRMATION_OK"
657,10828346276,10828346327,1,"IOTHUB_CLIENT_CONFIRMATION_OK"
658,10828346609,10828346649,1,"IOTHUB_CLIENT_CONFIRMATION_OK"
659,10828346943,10828347048,1,"IOTHUB_CLIENT_CONFIRMATION_OK"
660,10828347276,10828347347,1,"IOTHUB_CLIENT_CONFIRMATION_OK"
661,10828347609,10828347652,1,"IOTHUB_CLIENT_CONFIRMATION_OK"
662,10828347942,10828347984,1,"IOTHUB_CLIENT_CONFIRMATION_OK"
663,10828348275,10828348311,1,"IOTHUB_CLIENT_CONFIRMATION_OK"
664,10828348608,10828348660,1,"IOTHUB_CLIENT_CONFIRMATION_OK"
665,10828348942,10828348982,1,"IOTHUB_CLIENT_CONFIRMATION_OK"
666,10828349275,10828349315,1,"IOTHUB_CLIENT_CONFIRMATION_OK"
667,10828349608,10828349751,1,"IOTHUB_CLIENT_CONFIRMATION_OK"
668,10828349941,10828349982,1,"IOTHUB_CLIENT_CONFIRMATION_OK"
669,10828350274,10828350350,1,"IOTHUB_CLIENT_CONFIRMATION_OK"
670,10828350607,10828350793,1,"IOTHUB_CLIENT_CONFIRMATION_OK"
671,10828350941,10828350993,1,"IOTHUB_CLIENT_CONFIRMATION_OK"
672,10828351274,10828351314,1,"IOTHUB_CLIENT_CONFIRMATION_OK"
673,10828351607,10828351647,1,"IOTHUB_CLIENT_CONFIRMATION_OK"
674,10828351940,10828351983,1,"IOTHUB_CLIENT_CONFIRMATION_OK"
675,10828352273,10828352312,1,"IOTHUB_CLIENT_CONFIRMATION_OK"
676,10828352606,10828352650,1,"IOTHUB_CLIENT_CONFIRMATION_OK"
677,10828352940,10828352978,1,"IOTHUB_CLIENT_CONFIRMATION_OK"
678,10828353273,10828353310,1,"IOTHUB_CLIENT_CONFIRMATION_OK"
679,10828353606,10828353642,1,"IOTHUB_CLIENT_CONFIRMATION_OK"
680,10828353939,10828353980,1,"IOTHUB_CLIENT_CONFIRMATION_OK"
681,10828354272,10828354317,1,"IOTHUB_CLIENT_CONFIRMATION_OK"
682,10828354605,10828354649,1,"IOTHUB_CLIENT_CONFIRMATION_OK"
683,10828354939,10828354974,1,"IOTHUB_CLIENT_CONFIRMATION_OK"
684,10828355272,10828355311,1,"IOTHUB_CLIENT_CONFIRMATION_OK"
685,10828355605,10828355646,1,"IOTHUB_CLIENT_CONFIRMATION_OK"
686,10828355938,10828356082,1,"IOTHUB_CLIENT_CONFIRMATION_OK"
687,10828356271,10828356325,1,"IOTHUB_CLIENT_CONFIRMATION_OK"
688,10828356604,10828356644,1,"IOTHUB_CLIENT_CONFIRMATION_OK"
689,10828356938,10828356981,1,"IOTHUB_CLIENT_CONFIRMATION_OK"
690,10828357271,10828357308,1,"IOTHUB_CLIENT_CONFIRMATION_OK"
691,10828357604,10828357678,1,"IOTHUB_CLIENT_CONFIRMATION_OK"
692,10828357937,10828357980,1,"IOTHUB_CLIENT_CONFIRMATION_OK"
693,10828358270,10828358312,1,"IOTHUB_CLIENT_CONFIRMATION_OK"
694,10828358603,10828358641,1,"IOTHUB_CLIENT_CONFIRMATION_OK"
695,10828358937,10828358985,1,"IOTHUB_CLIENT_CONFIRMATION_OK"
696,10828359270,10828359330,1,"IOTHUB_CLIENT_CONFIRMATION_OK"
697,10828359603,10828359639,1,"IOTHUB_CLIENT_CONFIRMATION_OK"
698,10828359936,10828359983,1,"IOTHUB_CLIENT_CONFIRMATION_OK"
699,10828360269,10828360309,1,"IOTHUB_CLIENT_CONFIRMATION_OK"
700,10828360602,10828360649,1,"IOTHUB_CLIENT_CONFIRMATION_OK"
701,10828360936,10828361025,1,"IOTHUB_CLIENT_CONFIRMATION_OK"
702,10828361269,10828361317,1,"IOTHUB_CLIENT_CONFIRMATION_OK"
703,10828361602,10828361647,1,"IOTHUB_CLIENT_CONFIRMATION_OK"
704,10828361935,10828361987,1,"IOTHUB_CLIENT_CONFIRMATION_OK"
705,10828362268,10828362319,1,"IOTHUB_CLIENT_CONFIRMATION_OK"
706,10828362601,10828362646,1,"IOTHUB_CLIENT_CONFIRMATION_OK"
707,10828362935,10828362973,1,"IOTHUB_CLIENT_CONFIRMATION_OK"
708,10828363268,10828363316,1,"IOTHUB_CLIENT_CONFIRMATION_OK"
709,10828363601,10828363650,1,"IOTHUB_CLIENT_CONFIRMATION_OK"
710,10828363934,10828363976,1,"IOTHUB_CLIENT_CONFIRMATION_OK"
711,10828364267,10828364308,1,"IOTHUB_CLIENT_CONFIRMATION_OK"
712,10828364600,10828364648,1,"IOTHUB_CLIENT_CONFIRMATION_OK"
713,10828364934,10828364971,1,"IOTHUB_CLIENT_CONFIRMATION_OK"
714,10828365267,10828365312,1,"IOTHUB_CLIENT_CONFIRMATION_OK"
715,10828365600,10828365646,1,"IOTHUB_CLIENT_CONFIRMATION_OK"
716,10828365933,10828365988,1,"IOTHUB_CLIENT_CONFIRMATION_OK"
717,10828366266,10828366312,1,"IOTHUB_CLIENT_CONFIRMATION_OK"
718,10828366599,10828366657,1,"IOTHUB_CLIENT_CONFIRMATION_OK"
719,10828366933,10828366999,1,"IOTHUB_CLIENT_CONFIRMATION_OK"
720,10828367266,10828367296,1,"IOTHUB_CLIENT_CONFIRMATION_OK"
721,10828367599,10828367637,1,"IOTHUB_CLIENT_CONFIRMATION_OK"
722,10828367932,10828367969,1,"IOTHUB_CLIENT_CONFIRMATION_OK"
723,10828368265,10828368303,1,"IOTHUB_CLIENT_CONFIRMATION_OK"
724,10828368598,10828368705,1,"IOTHUB_CLIENT_CONFIRMATION_OK"
725,10828368931,10828368969,1,"IOTHUB_CLIENT_CONFIRMATION_OK"
726,10828369265,10828369340,1,"IOTHUB_CLIENT_CONFIRMATION_OK"
727,10828369598,10828369655,1,"IOTHUB_CLIENT_CONFIRMATION_OK"
728,10828369931,10828369968,1,"IOTHUB_CLIENT_CONFIRMATION_OK"
729,10828370264,10828370310,1,"IOTHUB_CLIENT_CONFIRMATION_OK"
730,10828370597,10828370655,1,"IOTHUB_CLIENT_CONFIRMATION_OK"
731,10828370930,10828370966,1,"IOTHUB_CLIENT_CONFIRMATION_OK"
732,10828371264,10828371302,1,"IOTHUB_CLIENT_CONFIRMATION_OK"
733,10828371597,10828371639,1,"IOTHUB_CLIENT_CONFIRMATION_OK"
734,10828371930,10828371968,1,"IOTHUB_CLIENT_CONFIRMATION_OK"
735,10828372263,10828372383,1,"IOTHUB_CLIENT_CONFIRMATION_OK"
736,10828372596,10828372653,1,"IOTHUB_CLIENT_CONFIRMATION_OK"
737,10828372929,10828372967,1,"IOTHUB_CLIENT_CONFIRMATION_OK"
738,10828373263,10828373307,1,"IOTHUB_CLIENT_CONFIRMATION_OK"
739,10828373596,10828373640,1,"IOTHUB_CLIENT_CONFIRMATION_OK"
740,10828373929,10828373973,1,"IOTHUB_CLIENT_CONFIRMATION_OK"
741,10828374262,10828374297,1,"IOTHUB_CLIENT_CONFIRMATION_OK"
742,10828374595,10828374646,1,"IOTHUB_CLIENT_CONFIRMATION_OK"
743,10828374928,10828374969,1,"IOTHUB_CLIENT_CONFIRMATION_OK"
744,10828375262,10828375303,1,"IOTHUB_CLIENT_CONFIRMATION_OK"
745,10828375595,10828375694,1,"IOTHUB_CLIENT_CONFIRMATION_OK"
746,10828375928,10828375986,1,"IOTHUB_CLIENT_CONFIRMATION_OK"
747,10828376261,10828376338,1,"IOTHUB_CLIENT_CONFIRMATION_OK"
748,10828376594,10828376633,1,"IOTHUB_CLIENT_CONFIRMATION_OK"
749,10828376927,10828376968,1,"IOTHUB_CLIENT_CONFIRMATION_OK"
750,10828377261,10828377350,1,"IOTHUB_CLIENT_CONFIRMATION_OK"
751,10828377594,10828377638,1,"IOTHUB_CLIENT_CONFIRMATION_OK"
752,10828377927,10828377979,1,"IOTHUB_CLIENT_CONFIRMATION_OK"
753,10828378260,10828378411,1,"IOTHUB_CLIENT_CONFIRMATION_OK"
754,10828378593,10828378634,1,"IOTHUB_CLIENT_CONFIRMATION_OK"
755,10828378926,10828378970,1,"IOTHUB_CLIENT_CONFIRMATION_OK"
756,10828379260,10828379310,1,"IOTHUB_CLIENT_CONFIRMATION_OK"
757,10828379593,10828379635,1,"IOTHUB_CLIENT_CONFIRMATION_OK"
758,10828379926,10828379973,1,"IOTHUB_CLIENT_CONFIRMATION_OK"
759,10828380259,10828380308,1,"IOTHUB_CLIENT_CONFIRMATION_OK"
760,10828380592,10828380628,1,"IOTHUB_CLIENT_CONFIRMATION_OK"
761,10828380925,10828380965,1,"IOTHUB_CLIENT_CONFIRMATION_OK"
762,10828381259,10828381298,1,"IOTHUB_CLIENT_CONFIRMATION_OK"
763,10828381592,10828381625,1,"IOTHUB_CLIENT_CONFIRMATION_OK"
764,10828381925,10828382078,1,"IOTHUB_CLIENT_CONFIRMATION_OK"
765,10828382258,10828382296,1,"IOTHUB_CLIENT_CONFIRMATION_OK"
766,10828382591,10828382629,1,"IOTHUB_CLIENT_CONFIRMATION_OK"
767,10828382924,10828382962,1,"IOTHUB_CLIENT_CONFIRMATION_OK"
768,10828383258,10828383301,1,"IOTHUB_CLIENT_CONFIRMATION_OK"
769,10828383591,10828383636,1,"IOTHUB_CLIENT_CONFIRMATION_OK"
770,10828383924,10828384038,1,"IOTHUB_CLIENT_CONFIRMATION_OK"
771,10828384257,10828384296,1,"IOTHUB_CLIENT_CONFIRMATION_OK"
772,10828384590,10828384631,1,"IOTHUB_CLIENT_CONFIRMATION_OK"
773,10828384923,10828384960,1,"IOTHUB_CLIENT_CONFIRMATION_OK"
774,10828385257,10828385292,1,"IOTHUB_CLIENT_CONFIRMATION_OK"
775,10828385590,10828385736,1,"IOTHUB_CLIENT_CONFIRMATION_OK"
776,10828385923,10828385971,1,"IOTHUB_CLIENT_CONFIRMATION_OK"
777,10828386256,10828386319,1,"IOTHUB_CLIENT_CONFIRMATION_OK"
778,10828386589,10828386623,1,"IOTHUB_CLIENT_CONFIRMATION_OK"
779,10828386922,10828386971,1,"IOTHUB_CLIENT_CONFIRMATION_OK"
780,10828387255,10828387294,1,"IOTHUB_CLIENT_CONFIRMATION_OK"
781,10828387589,10828387654,1,"IOTHUB_CLIENT_CONFIRMATION_OK"
782,10828387922,10828387959,1,"IOTHUB_CLIENT_CONFIRMATION_OK"
783,10828388255,10828388289,1,"IOTHUB_CLIENT_CONFIRMATION_OK"
784,10828388588,10828388643,1,"IOTHUB_CLIENT_CONFIRMATION_OK"
785,10828388921,10828388958,1,"IOTHUB_CLIENT_CONFIRMATION_OK"
786,10828389254,10828389294,1,"IOTHUB_CLIENT_CONFIRMATION_OK"
787,10828389588,10828389625,1,"IOTHUB_CLIENT_CONFIRMATION_OK"
788,10828389921,10828389966,1,"IOTHUB_CLIENT_CONFIRMATION_OK"
789,10828390254,10828390294,1,"IOTHUB_CLIENT_CONFIRMATION_OK"
790,10828390587,10828390630,1,"IOTHUB_CLIENT_CONFIRMATION_OK"
791,10828390920,10828391044,1,"IOTHUB_CLIENT_CONFIRMATION_OK"
792,10828391253,10828391296,1,"IOTHUB_CLIENT_CONFIRMATION_OK"
793,10828391587,10828391636,1,"IOTHUB_CLIENT_CONFIRMATION_OK"
794,10828391920,10828391961,1,"IOTHUB_CLIENT_CONFIRMATION_OK"
795,10828392253,10828392307,1,"IOTHUB_CLIENT_CONFIRMATION_OK"
796,10828392586,10828392628,1,"IOTHUB_CLIENT_CONFIRMATION_OK"
797,10828392919,10828392953,1,"IOTHUB_CLIENT_CONFIRMATION_OK"
798,10828393252,10828393301,1,"IOTHUB_CLIENT_CONFIRMATION_OK"
799,10828393586,10828393626,1,"IOTHUB_CLIENT_CONFIRMATION_OK"
800,10828393919,10828393983,1,"IOTHUB_CLIENT_CONFIRMATION_OK"
801,10828394252,10828394299,1,"IOTHUB_CLIENT_CONFIRMATION_OK"
802,10828394585,10828394626,1,"IOTHUB_CLIENT_CONFIRMATION_OK"
803,10828394918,10828394957,1,"IOTHUB_CLIENT_CONFIRMATION_OK"
804,10828395251,10828395286,1,"IOTHUB_CLIENT_CONFIRMATION_OK"
805,10828395585,10828395620,1,"IOTHUB_CLIENT_CONFIRMATION_OK"
806,10828395918,10828395969,1,"IOTHUB_CLIENT_CONFIRMATION_OK"
807,10828396251,10828396305,1,"IOTHUB_CLIENT_CONFIRMATION_OK"
808,10828396584,10828396622,1,"IOTHUB_CLIENT_CONFIRMATION_OK"
809,10828396917,10828396974,1,"IOTHUB_CLIENT_CONFIRMATION_OK"
810,10828397250,10828397287,1,"IOTHUB_CLIENT_CONFIRMATION_OK"
811,10828397584,10828397759,1,"IOTHUB_CLIENT_CONFIRMATION_OK"
812,10828397917,10828397949,1,"IOTHUB_CLIENT_CONFIRMATION_OK"
813,10828398250,10828398292,1,"IOTHUB_CLIENT_CONFIRMATION_OK"
814,10828398583,10828398696,1,"IOTHUB_CLIENT_CONFIRMATION_OK"
815,10828398916,10828398951,1,"IOTHUB_CLIENT_CONFIRMATION_OK"
816,10828399249,10828399288,1,"IOTHUB_CLIENT_CONFIRMATION_OK"
817,10828399583,10828399626,1,"IOTHUB_CLIENT_CONFIRMATION_OK"
818,10828399916,10828399954,1,"IOTHUB_CLIENT_CONFIRMATION_OK"
819,10828400249,10828400292,1,"IOTHUB_CLIENT_CONFIRMATION_OK"
820,10828400582,10828400625,1,"IOTHUB_CLIENT_CONFIRMATION_OK"
821,10828400915,10828400999,1,"IOTHUB_CLIENT_CONFIRMATION_OK"
822,10828401248,10828401306,1,"IOTHUB_CLIENT_CONFIRMATION_OK"
823,10828401582,10828401619,1,"IOTHUB_CLIENT_CONFIRMATION_OK"
824,10828401915,10828401966,1,"IOTHUB_CLIENT_CONFIRMATION_OK"
825,10828402248,10828402354,1,"IOTHUB_CLIENT_CONFIRMATION_OK"
826,10828402581,10828402620,1,"IOTHUB_CLIENT_CONFIRMATION_OK"
827,10828402914,10828402977,1,"IOTHUB_CLIENT_CONFIRMATION_OK"
828,10828403247,10828403281,1,"IOTHUB_CLIENT_CONFIRMATION_OK"
829,10828403581,10828403615,1,"IOTHUB_CLIENT_CONFIRMATION_OK"
830,10828403914,10828403970,1,"IOTHUB_CLIENT_CONFIRMATION_OK"
831,10828404247,10828404283,1,"IOTHUB_CLIENT_CONFIRMATION_OK"
832,10828404580,10828404614,1,"IOTHUB_CLIENT_CONFIRMATION_OK"
833,10828404913,10828404951,1,"IOTHUB_CLIENT_CONFIRMATION_OK"
834,10828405246,10828405370,1,"IOTHUB_CLIENT_CONFIRMATION_OK"
835,10828405580,10828405618,1,"IOTHUB_CLIENT_CONFIRMATION_OK"
836,10828405913,10828406014,1,"IOTHUB_CLIENT_CONFIRMATION_OK"
837,10828406246,10828406282,1,"IOTHUB_CLIENT_CONFIRMATION_OK"
838,10828406579,10828406616,1,"IOTHUB_CLIENT_CONFIRMATION_OK"
839,10828406912,10828406951,1,"IOTHUB_CLIENT_CONFIRMATION_OK"
840,10828407245,10828407286,1,"IOTHUB_CLIENT_CONFIRMATION_OK"
841,10828407579,10828407628,1,"IOTHUB_CLIENT_CONFIRMATION_OK"
842,10828407912,10828407955,1,"IOTHUB_CLIENT_CONFIRMATION_OK"
843,10828408245,10828408284,1,"IOTHUB_CLIENT_CONFIRMATION_OK"
844,10828408578,10828408620,1,"IOTHUB_CLIENT_CONFIRMATION_OK"
845,10828408911,10828408964,1,"IOTHUB_CLIENT_CONFIRMATION_OK"
846,10828409244,10828409281,1,"IOTHUB_CLIENT_CONFIRMATION_OK"
847,10828409578,10828409615,1,"IOTHUB_CLIENT_CONFIRMATION_OK"
848,10828409911,10828409984,1,"IOTHUB_CLIENT_CONFIRMATION_OK"
849,10828410244,10828410281,1,"IOTHUB_CLIENT_CONFIRMATION_OK"
850,10828410577,10828410686,1,"IOTHUB_CLIENT_CONFIRMATION_OK"
851,10828410910,10828410957,1,"IOTHUB_CLIENT_CONFIRMATION_OK"
852,10828411243,10828411282,1,"IOTHUB_CLIENT_CONFIRMATION_OK"
853,10828411577,10828411614,1,"IOTHUB_CLIENT_CONFIRMATION_OK"
854,10828411910,10828411945,1,"IOTHUB_CLIENT_CONFIRMATION_OK"
855,10828412243,10828412287,1,"IOTHUB_CLIENT_CONFIRMATION_OK"
856,10828412576,10828412619,1,"IOTHUB_CLIENT_CONFIRMATION_OK"
857,10828412909,10828412960,1,"IOTHUB_CLIENT_CONFIRMATION_OK"
858,10828413242,10828413284,1,"IOTHUB_CLIENT_CONFIRMATION_OK"
859,10828413576,10828413617,1,"IOTHUB_CLIENT_CONFIRMATION_OK"
860,10828413909,10828413956,1,"IOTHUB_CLIENT_CONFIRMATION_OK"
861,10828414242,10828414360,1,"IOTHUB_CLIENT_CONFIRMATION_OK"
862,10828414575,10828414619,1,"IOTHUB_CLIENT_CONFIRMATION_OK"
863,10828414908,10828414945,1,"IOTHUB_CLIENT_CONFIRMATION_OK"
864,10828415241,10828415278,1,"IOTHUB_CLIENT_CONFIRMATION_OK"
865,10828415575,10828415612,1,"IOTHUB_CLIENT_CONFIRMATION_OK"
866,10828415908,10828415945,1,"IOTHUB_CLIENT_CONFIRMATION_OK"
867,10828416241,10828416296,1,"IOTHUB_CLIENT_CONFIRMATION_OK"
868,10828416574,10828416623,1,"IOTHUB_CLIENT_CONFIRMATION_OK"
869,10828416907,10828416943,1,"IOTHUB_CLIENT_CONFIRMATION_OK"
870,10828417240,10828417278,1,"IOTHUB_CLIENT_CONFIRMATION_OK"
871,10828417574,10828417610,1,"IOTHUB_CLIENT_CONFIRMATION_OK"
872,10828417907,10828418020,1,"IOTHUB_CLIENT_CONFIRMATION_OK"
873,10828418240,10828418291,1,"IOTHUB_CLIENT_CONFIRMATION_OK"
874,10828418573,10828418610,1,"IOTHUB_CLIENT_CONFIRMATION_OK"
875,10828418906,10828418941,1,"IOTHUB_CLIENT_CONFIRMATION_OK"
876,10828419239,10828419277,1,"IOTHUB_CLIENT_CONFIRMATION_OK"
877,10828419573,10828419611,1,"IOTHUB_CLIENT_CONFIRMATION_OK"
878,10828419906,10828419946,1,"IOTHUB_CLIENT_CONFIRMATION_OK"
879,10828420239,10828420279,1,"IOTHUB_CLIENT_CONFIRMATION_OK"
880,10828420572,10828420613,1,"IOTHUB_CLIENT_CONFIRMATION_OK"
881,10828420905,10828420944,1,"IOTHUB_CLIENT_CONFIRMATION_OK"
882,10828421238,10828421278,1,"IOTHUB_CLIENT_CONFIRMATION_OK"
883,10828421572,10828421606,1,"IOTHUB_CLIENT_CONFIRMATION_OK"
884,10828421905,10828421947,1,"IOTHUB_CLIENT_CONFIRMATION_OK"
885,10828422238,10828422278,1,"IOTHUB_CLIENT_CONFIRMATION_OK"
886,10828422571,10828422696,1,"IOTHUB_CLIENT_CONFIRMATION_OK"
887,10828422904,10828422941,1,"IOTHUB_CLIENT_CONFIRMATION_OK"
888,10828423237,10828423275,1,"IOTHUB_CLIENT_CONFIRMATION_OK"
889,10828423571,10828423607,1,"IOTHUB_CLIENT_CONFIRMATION_OK"
890,10828423904,10828423949,1,"IOTHUB_CLIENT_CONFIRMATION_OK"
891,10828424237,10828424288,1,"IOTHUB_CLIENT_CONFIRMATION_OK"
892,10828424570,10828424632,1,"IOTHUB_CLIENT_CONFIRMATION_OK"
893,10828424903,10828424944,1,"IOTHUB_CLIENT_CONFIRMATION_OK"
894,10828425236,10828425308,1,"IOTHUB_CLIENT_CONFIRMATION_OK"
895,10828425569,10828425605,1,"IOTHUB_CLIENT_CONFIRMATION_OK"
896,10828425903,10828425941,1,"IOTHUB_CLIENT_CONFIRMATION_OK"
897,10828426236,10828426362,1,"IOTHUB_CLIENT_CONFIRMATION_OK"
898,10828426569,10828426628,1,"IOTHUB_CLIENT_CONFIRMATION_OK"
899,10828426902,10828426950,1,"IOTHUB_CLIENT_CONFIRMATION_OK"
