Message ID,Send Time,Receive Time,Status,Error
0,10820164604,10820164774,1,"IOTHUB_CLIENT_CONFIRMATION_OK"
1,10820164937,10820164970,1,"IOTHUB_CLIENT_CONFIRMATION_OK"
2,10820165271,10820165316,1,"IOTHUB_CLIENT_CONFIRMATION_OK"
3,10820165604,10820165636,1,"IOTHUB_CLIENT_CONFIRMATION_OK"
4,10820165937,10820165966,1,"IOTHUB_CLIENT_CONFIRMATION_OK"
5,10820166270,10820166304,1,"IOTHUB_CLIENT_CONFIRMATION_OK"
6,10820166603,10820166632,1,"IOTHUB_CLIENT_CONFIRMATION_OK"
7,10820166936,10820166966,1,"IOTHUB_CLIENT_CONFIRMATION_OK"
8,10820167270,10820167301,1,"IOTHUB_CLIENT_CONFIRMATION_OK"
9,10820167603,10820167638,1,"IOTHUB_CLIENT_CONFIRMATION_OK"
10,10820167936,10820167966,1,"IOTHUB_CLIENT_CONFIRMATION_OK"
11,10820168269,10820168310,1,"IOTHUB_CLIENT_CONFIRMATION_OK"
12,10820168602,10820168649,1,"IOTHUB_CLIENT_CONFIRMATION_OK"
13,10820168935,10820168963,1,"IOTHUB_CLIENT_CONFIRMATION_OK"
14,10820169269,10820169298,1,"IOTHUB_CLIENT_CONFIRMATION_OK"
15,10820169602,10820169634,1,"IOTHUB_CLIENT_CONFIRMATION_OK"
16,10820169935,10820170023,1,"IOTHUB_CLIENT_CONFIRMATION_OK"
17,10820170268,10820170430,1,"IOTHUB_CLIENT_CONFIRMATION_OK"
18,10820170601,10820170643,1,"IOTHUB_CLIENT_CONFIRMATION_OK"
19,10820170934,10820171044,1,"IOTHUB_CLIENT_CONFIRMATION_OK"
20,10820171268,10820171306,1,"IOTHUB_CLIENT_CONFIRMATION_OK"
21,10820171601,10820171669,1,"IOTHUB_CLIENT_CONFIRMATION_OK"
22,10820171934,10820171972,1,"IOTHUB_CLIENT_CONFIRMATION_OK"
23,10820172267,10820172300,1,"IOTHUB_CLIENT_CONFIRMATION_OK"
24,10820172600,10820172629,1,"IOTHUB_CLIENT_CONFIRMATION_OK"
25,10820172933,10820173072,1,"IOTHUB_CLIENT_CONFIRMATION_OK"
26,10820173267,10820173304,1,"IOTHUB_CLIENT_CONFIRMATION_OK"
27,10820173600,10820173699,1,"IOTHUB_CLIENT_CONFIRMATION_OK"
28,10820173933,10820173966,1,"IOTHUB_CLIENT_CONFIRMATION_OK"
29,10820174266,10820174325,1,"IOTHUB_CLIENT_CONFIRMATION_OK"
30,10820174599,10820174632,1,"IOTHUB_CLIENT_CONFIRMATION_OK"
31,10820174932,10820174962,1,"IOTHUB_CLIENT_CONFIRMATION_OK"
32,10820175265,10820175296,1,"IOTHUB_CLIENT_CONFIRMATION_OK"
33,10820175599,10820175630,1,"IOTHUB_CLIENT_CONFIRMATION_OK"
34,10820175932,10820175960,1,"IOTHUB_CLIENT_CONFIRMATION_OK"
35,10820176265,10820176295,1,"IOTHUB_CLIENT_CONFIRMATION_OK"
36,10820176598,10820176634,1,"IOTHUB_CLIENT_CONFIRMATION_OK"
37,10820176931,10820176962,1,"IOTHUB_CLIENT_CONFIRMATION_OK"
38,10820177264,10820177298,1,"IOTHUB_CLIENT_CONFIRMATION_OK"
39,10820177598,10820177632,1,"IOTHUB_CLIENT_CONFIRMATION_OK"
40,10820177931,10820177971,1,"IOTHUB_CLIENT_CONFIRMATION_OK"
41,10820178264,10820178295,1,"IOTHUB_CLIENT_CONFIRMATION_OK"
42,10820178597,10820178630,1,"IOTHUB_CLIENT_CONFIRMATION_OK"
43,10820178930,10820178964,1,"IOTHUB_CLIENT_CONFIRMATION_OK"
44,10820179263,10820179294,1,"IOTHUB_CLIENT_CONFIRMATION_OK"
45,10820179597,10820179627,1,"IOTHUB_CLIENT_CONFIRMATION_OK"
46,10820179930,10820179965,1,"IOTHUB_CLIENT_CONFIRMATION_OK"
47,10820180263,10820180295,1,"IOTHUB_CLIENT_CONFIRMATION_OK"
48,10820180596,10820180626,1,"IOTHUB_CLIENT_CONFIRMATION_OK"
49,10820180929,10820180960,1,"IOTHUB_CLIENT_CONFIRMATION_OK"
50,10820181262,10820181309,1,"IOTHUB_CLIENT_CONFIRMATION_OK"
51,10820181596,10820181640,1,"IOTHUB_CLIENT_CONFIRMATION_OK"
52,10820181929,10820181958,1,"IOTHUB_CLIENT_CONFIRMATION_OK"
53,10820182262,10820182296,1,"IOTHUB_CLIENT_CONFIRMATION_OK"
54,10820182595,10820182665,1,"IOTHUB_CLIENT_CONFIRMATION_OK"
55,10820182928,10820182995,1,"IOTHUB_CLIENT_CONFIRMATION_OK"
56,10820183261,10820183299,1,"IOTHUB_CLIENT_CONFIRMATION_OK"
57,10820183595,10820183625,1,"IOTHUB_CLIENT_CONFIRMATION_OK"
58,10820183928,10820184095,1,"IOTHUB_CLIENT_CONFIRMATION_OK"
59,10820184261,10820184292,1,"IOTHUB_CLIENT_CONFIRMATION_OK"
60,10820184594,10820184702,1,"IOTHUB_CLIENT_CONFIRMATION_OK"
61,10820184927,10820184957,1,"IOTHUB_CLIENT_CONFIRMATION_OK"
62,10820185260,10820185331,1,"IOTHUB_CLIENT_CONFIRMATION_OK"
63,10820185594,10820185626,1,"IOTHUB_CLIENT_CONFIRMATION_OK"
64,10820185927,10820185956,1,"IOTHUB_CLIENT_CONFIRMATION_OK"
65,10820186260,10820186291,1,"IOTHUB_CLIENT_CONFIRMATION_OK"
66,10820186593,10820186626,1,"IOTHUB_CLIENT_CONFIRMATION_OK"
67,10820186926,10820186971,1,"IOTHUB_CLIENT_CONFIRMATION_OK"
68,10820187259,10820187293,1,"IOTHUB_CLIENT_CONFIRMATION_OK"
69,10820187593,10820187635,1,"IOTHUB_CLIENT_CONFIRMATION_OK"
70,10820187926,10820187955,1,"IOTHUB_CLIENT_CONFIRMATION_OK"
71,10820188259,10820188469,1,"IOTHUB_CLIENT_CONFIRMATION_OK"
72,10820188592,10820188667,1,"IOTHUB_CLIENT_CONFIRMATION_OK"
73,10820188925,10820188959,1,"IOTHUB_CLIENT_CONFIRMATION_OK"
74,10820189258,10820189289,1,"IOTHUB_CLIENT_CONFIRMATION_OK"
75,10820189592,10820189624,1,"IOTHUB_CLIENT_CONFIRMATION_OK"
76,10820189925,10820189954,1,"IOTHUB_CLIENT_CONFIRMATION_OK"
77,10820190258,10820190288,1,"IOTHUB_CLIENT_CONFIRMATION_OK"
78,10820190591,10820190622,1,"IOTHUB_CLIENT_CONFIRMATION_OK"
79,10820190924,10820190953,1,"IOTHUB_CLIENT_CONFIRMATION_OK"
80,10820191257,10820191290,1,"IOTHUB_CLIENT_CONFIRMATION_OK"
81,10820191591,10820191630,1,"IOTHUB_CLIENT_CONFIRMATION_OK"
82,10820191924,10820191955,1,"IOTHUB_CLIENT_CONFIRMATION_OK"
83,10820192257,10820192286,1,"IOTHUB_CLIENT_CONFIRMATION_OK"
84,10820192590,10820192622,1,"IOTHUB_CLIENT_CONFIRMATION_OK"
85,10820192923,10820192957,1,"IOTHUB_CLIENT_CONFIRMATION_OK"
86,10820193256,10820193285,1,"IOTHUB_CLIENT_CONFIRMATION_OK"
87,10820193589,10820193622,1,"IOTHUB_CLIENT_CONFIRMATION_OK"
88,10820193923,10820193964,1,"IOTHUB_CLIENT_CONFIRMATION_OK"
89,10820194256,10820194446,1,"IOTHUB_CLIENT_CONFIRMATION_OK"
90,10820194589,10820194707,1,"IOTHUB_CLIENT_CONFIRMATION_OK"
91,10820194922,10820194956,1,"IOTHUB_CLIENT_CONFIRMATION_OK"
92,10820195255,10820195283,1,"IOTHUB_CLIENT_CONFIRMATION_OK"
93,10820195588,10820195738,1,"IOTHUB_CLIENT_CONFIRMATION_OK"
94,10820195922,10820195958,1,"IOTHUB_CLIENT_CONFIRMATION_OK"
95,10820196255,10820196346,1,"IOTHUB_CLIENT_CONFIRMATION_OK"
96,10820196588,10820196640,1,"IOTHUB_CLIENT_CONFIRMATION_OK"
97,10820196921,10820196959,1,"IOTHUB_CLIENT_CONFIRMATION_OK"
98,10820197254,10820197288,1,"IOTHUB_CLIENT_CONFIRMATION_OK"
99,10820197587,10820197616,1,"IOTHUB_CLIENT_CONFIRMATION_OK"
100,10820197920,10820197962,1,"IOTHUB_CLIENT_CONFIRMATION_OK"
101,10820198254,10820198284,1,"IOTHUB_CLIENT_CONFIRMATION_OK"
102,10820198587,10820198628,1,"IOTHUB_CLIENT_CONFIRMATION_OK"
103,10820198920,10820198962,1,"IOTHUB_CLIENT_CONFIRMATION_OK"
104,10820199253,10820199284,1,"IOTHUB_CLIENT_CONFIRMATION_OK"
105,10820199586,10820199627,1,"IOTHUB_CLIENT_CONFIRMATION_OK"
106,10820199919,10820199949,1,"IOTHUB_CLIENT_CONFIRMATION_OK"
107,10820200253,10820200286,1,"IOTHUB_CLIENT_CONFIRMATION_OK"
108,10820200586,10820200618,1,"IOTHUB_CLIENT_CONFIRMATION_OK"
109,10820200919,10820200959,1,"IOTHUB_CLIENT_CONFIRMATION_OK"
110,10820201252,10820201282,1,"IOTHUB_CLIENT_CONFIRMATION_OK"
111,10820201585,10820201615,1,"IOTHUB_CLIENT_CONFIRMATION_OK"
112,10820201918,10820201953,1,"IOTHUB_CLIENT_CONFIRMATION_OK"
113,10820202252,10820202405,1,"IOTHUB_CLIENT_CONFIRMATION_OK"
114,10820202585,10820202620,1,"IOTHUB_CLIENT_CONFIRMATION_OK"
115,10820202918,10820202950,1,"IOTHUB_CLIENT_CONFIRMATION_OK"
116,10820203251,10820203281,1,"IOTHUB_CLIENT_CONFIRMATION_OK"
117,10820203584,10820203612,1,"IOTHUB_CLIENT_CONFIRMATION_OK"
118,10820203917,10820203953,1,"IOTHUB_CLIENT_CONFIRMATION_OK"
119,10820204251,10820204281,1,"IOTHUB_CLIENT_CONFIRMATION_OK"
120,10820204584,10820204663,1,"IOTHUB_CLIENT_CONFIRMATION_OK"
121,10820204917,10820204950,1,"IOTHUB_CLIENT_CONFIRMATION_OK"
122,10820205250,10820205280,1,"IOTHUB_CLIENT_CONFIRMATION_OK"
123,10820205583,10820205632,1,"IOTHUB_CLIENT_CONFIRMATION_OK"
124,10820205916,10820205948,1,"IOTHUB_CLIENT_CONFIRMATION_OK"
125,10820206250,10820206281,1,"IOTHUB_CLIENT_CONFIRMATION_OK"
126,10820206583,10820206705,1,"IOTHUB_CLIENT_CONFIRMATION_OK"
127,10820206916,10820206946,1,"IOTHUB_CLIENT_CONFIRMATION_OK"
128,10820207249,10820207310,1,"IOTHUB_CLIENT_CONFIRMATION_OK"
129,10820207582,10820207615,1,"IOTHUB_CLIENT_CONFIRMATION_OK"
130,10820207915,10820207944,1,"IOTHUB_CLIENT_CONFIRMATION_OK"
131,10820208248,10820208279,1,"IOTHUB_CLIENT_CONFIRMATION_OK"
132,10820208582,10820208633,1,"IOTHUB_CLIENT_CONFIRMATION_OK"
133,10820208915,10820208944,1,"IOTHUB_CLIENT_CONFIRMATION_OK"
134,10820209248,10820209277,1,"IOTHUB_CLIENT_CONFIRMATION_OK"
135,10820209581,10820209616,1,"IOTHUB_CLIENT_CONFIRMATION_OK"
136,10820209914,10820210016,1,"IOTHUB_CLIENT_CONFIRMATION_OK"
137,10820210247,10820210281,1,"IOTHUB_CLIENT_CONFIRMATION_OK"
138,10820210581,10820210623,1,"IOTHUB_CLIENT_CONFIRMATION_OK"
139,10820210914,10820210942,1,"IOTHUB_CLIENT_CONFIRMATION_OK"
140,10820211247,10820211278,1,"IOTHUB_CLIENT_CONFIRMATION_OK"
141,10820211580,10820211612,1,"IOTHUB_CLIENT_CONFIRMATION_OK"
142,10820211913,10820211942,1,"IOTHUB_CLIENT_CONFIRMATION_OK"
143,10820212246,10820212290,1,"IOTHUB_CLIENT_CONFIRMATION_OK"
144,10820212579,10820212613,1,"IOTHUB_CLIENT_CONFIRMATION_OK"
145,10820212913,10820212950,1,"IOTHUB_CLIENT_CONFIRMATION_OK"
146,10820213246,10820213276,1,"IOTHUB_CLIENT_CONFIRMATION_OK"
147,10820213579,10820213610,1,"IOTHUB_CLIENT_CONFIRMATION_OK"
148,10820213912,10820213945,1,"IOTHUB_CLIENT_CONFIRMATION_OK"
149,10820214245,10820214281,1,"IOTHUB_CLIENT_CONFIRMATION_OK"
150,10820214578,10820214610,1,"IOTHUB_CLIENT_CONFIRMATION_OK"
151,10820214912,10820214944,1,"IOTHUB_CLIENT_CONFIRMATION_OK"
152,10820215245,10820215275,1,"IOTHUB_CLIENT_CONFIRMATION_OK"
153,10820215578,10820215732,1,"IOTHUB_CLIENT_CONFIRMATION_OK"
154,10820215911,10820215945,1,"IOTHUB_CLIENT_CONFIRMATION_OK"
155,10820216244,10820216352,1,"IOTHUB_CLIENT_CONFIRMATION_OK"
156,10820216577,10820216609,1,"IOTHUB_CLIENT_CONFIRMATION_OK"
157,10820216911,10820216959,1,"IOTHUB_CLIENT_CONFIRMATION_OK"
158,10820217244,10820217278,1,"IOTHUB_CLIENT_CONFIRMATION_OK"
159,10820217577,10820217611,1,"IOTHUB_CLIENT_CONFIRMATION_OK"
160,10820217910,10820217939,1,"IOTHUB_CLIENT_CONFIRMATION_OK"
161,10820218243,10820218381,1,"IOTHUB_CLIENT_CONFIRMATION_OK"
162,10820218576,10820218610,1,"IOTHUB_CLIENT_CONFIRMATION_OK"
163,10820218909,10820219015,1,"IOTHUB_CLIENT_CONFIRMATION_OK"
164,10820219243,10820219281,1,"IOTHUB_CLIENT_CONFIRMATION_OK"
165,10820219576,10820219607,1,"IOTHUB_CLIENT_CONFIRMATION_OK"
166,10820219909,10820219937,1,"IOTHUB_CLIENT_CONFIRMATION_OK"
167,10820220242,10820220281,1,"IOTHUB_CLIENT_CONFIRMATION_OK"
168,10820220575,10820220606,1,"IOTHUB_CLIENT_CONFIRMATION_OK"
169,10820220908,10820220940,1,"IOTHUB_CLIENT_CONFIRMATION_OK"
170,10820221242,10820221276,1,"IOTHUB_CLIENT_CONFIRMATION_OK"
171,10820221575,10820221607,1,"IOTHUB_CLIENT_CONFIRMATION_OK"
172,10820221908,10820221937,1,"IOTHUB_CLIENT_CONFIRMATION_OK"
173,10820222241,10820222284,1,"IOTHUB_CLIENT_CONFIRMATION_OK"
174,10820222574,10820222608,1,"IOTHUB_CLIENT_CONFIRMATION_OK"
175,10820222907,10820222936,1,"IOTHUB_CLIENT_CONFIRMATION_OK"
176,10820223240,10820223274,1,"IOTHUB_CLIENT_CONFIRMATION_OK"
177,10820223574,10820223607,1,"IOTHUB_CLIENT_CONFIRMATION_OK"
178,10820223907,10820223944,1,"IOTHUB_CLIENT_CONFIRMATION_OK"
179,10820224240,10820224400,1,"IOTHUB_CLIENT_CONFIRMATION_OK"
180,10820224573,10820224606,1,"IOTHUB_CLIENT_CONFIRMATION_OK"
181,10820224906,10820224936,1,"IOTHUB_CLIENT_CONFIRMATION_OK"
182,10820225239,10820225270,1,"IOTHUB_CLIENT_CONFIRMATION_OK"
183,10820225573,10820225605,1,"IOTHUB_CLIENT_CONFIRMATION_OK"
184,10820225906,10820225935,1,"IOTHUB_CLIENT_CONFIRMATION_OK"
185,10820226239,10820226273,1,"IOTHUB_CLIENT_CONFIRMATION_OK"
186,10820226572,10820226600,1,"IOTHUB_CLIENT_CONFIRMATION_OK"
187,10820226905,10820226935,1,"IOTHUB_CLIENT_CONFIRMATION_OK"
188,10820227238,10820227267,1,"IOTHUB_CLIENT_CONFIRMATION_OK"
189,10820227572,10820227601,1,"IOTHUB_CLIENT_CONFIRMATION_OK"
190,10820227905,10820228079,1,"IOTHUB_CLIENT_CONFIRMATION_OK"
191,10820228238,10820228270,1,"IOTHUB_CLIENT_CONFIRMATION_OK"
192,10820228571,10820228675,1,"IOTHUB_CLIENT_CONFIRMATION_OK"
193,10820228904,10820228938,1,"IOTHUB_CLIENT_CONFIRMATION_OK"
194,10820229237,10820229278,1,"IOTHUB_CLIENT_CONFIRMATION_OK"
195,10820229571,10820229604,1,"IOTHUB_CLIENT_CONFIRMATION_OK"
196,10820229904,10820229936,1,"IOTHUB_CLIENT_CONFIRMATION_OK"
197,10820230237,10820230266,1,"IOTHUB_CLIENT_CONFIRMATION_OK"
198,10820230570,10820230614,1,"IOTHUB_CLIENT_CONFIRMATION_OK"
199,10820230903,10820230934,1,"IOTHUB_CLIENT_CONFIRMATION_OK"
200,10820231236,10820231327,1,"IOTHUB_CLIENT_CONFIRMATION_OK"
201,10820231570,10820231605,1,"IOTHUB_CLIENT_CONFIRMATION_OK"
202,10820231903,10820231940,1,"IOTHUB_CLIENT_CONFIRMATION_OK"
203,10820232236,10820232266,1,"IOTHUB_CLIENT_CONFIRMATION_OK"
204,10820232569,10820232616,1,"IOTHUB_CLIENT_CONFIRMATION_OK"
205,10820232902,10820232984,1,"IOTHUB_CLIENT_CONFIRMATION_OK"
206,10820233235,10820233266,1,"IOTHUB_CLIENT_CONFIRMATION_OK"
207,10820233568,10820233606,1,"IOTHUB_CLIENT_CONFIRMATION_OK"
208,10820233902,10820233942,1,"IOTHUB_CLIENT_CONFIRMATION_OK"
209,10820234235,10820234267,1,"IOTHUB_CLIENT_CONFIRMATION_OK"
210,10820234568,10820234597,1,"IOTHUB_CLIENT_CONFIRMATION_OK"
211,10820234901,10820234945,1,"IOTHUB_CLIENT_CONFIRMATION_OK"
212,10820235234,10820235270,1,"IOTHUB_CLIENT_CONFIRMATION_OK"
213,10820235567,10820235607,1,"IOTHUB_CLIENT_CONFIRMATION_OK"
214,10820235901,10820235931,1,"IOTHUB_CLIENT_CONFIRMATION_OK"
215,10820236234,10820236267,1,"IOTHUB_CLIENT_CONFIRMATION_OK"
216,10820236567,10820236601,1,"IOTHUB_CLIENT_CONFIRMATION_OK"
217,10820236900,10820236960,1,"IOTHUB_CLIENT_CONFIRMATION_OK"
218,10820237233,10820237275,1,"IOTHUB_CLIENT_CONFIRMATION_OK"
219,10820237566,10820237615,1,"IOTHUB_CLIENT_CONFIRMATION_OK"
220,10820237900,10820237935,1,"IOTHUB_CLIENT_CONFIRMATION_OK"
221,10820238233,10820238265,1,"IOTHUB_CLIENT_CONFIRMATION_OK"
222,10820238566,10820238669,1,"IOTHUB_CLIENT_CONFIRMATION_OK"
223,10820238899,10820238929,1,"IOTHUB_CLIENT_CONFIRMATION_OK"
224,10820239232,10820239262,1,"IOTHUB_CLIENT_CONFIRMATION_OK"
225,10820239565,10820239596,1,"IOTHUB_CLIENT_CONFIRMATION_OK"
226,10820239898,10820239930,1,"IOTHUB_CLIENT_CONFIRMATION_OK"
227,10820240232,10820240392,1,"IOTHUB_CLIENT_CONFIRMATION_OK"
228,10820240565,10820240595,1,"IOTHUB_CLIENT_CONFIRMATION_OK"
229,10820240898,10820241013,1,"IOTHUB_CLIENT_CONFIRMATION_OK"
230,10820241231,10820241268,1,"IOTHUB_CLIENT_CONFIRMATION_OK"
231,10820241564,10820241651,1,"IOTHUB_CLIENT_CONFIRMATION_OK"
232,10820241897,10820241941,1,"IOTHUB_CLIENT_CONFIRMATION_OK"
233,10820242231,10820242260,1,"IOTHUB_CLIENT_CONFIRMATION_OK"
234,10820242564,10820242625,1,"IOTHUB_CLIENT_CONFIRMATION_OK"
235,10820242897,10820242928,1,"IOTHUB_CLIENT_CONFIRMATION_OK"
236,10820243230,10820243259,1,"IOTHUB_CLIENT_CONFIRMATION_OK"
237,10820243563,10820243618,1,"IOTHUB_CLIENT_CONFIRMATION_OK"
238,10820243896,10820243929,1,"IOTHUB_CLIENT_CONFIRMATION_OK"
239,10820244230,10820244267,1,"IOTHUB_CLIENT_CONFIRMATION_OK"
240,10820244563,10820244592,1,"IOTHUB_CLIENT_CONFIRMATION_OK"
241,10820244896,10820244929,1,"IOTHUB_CLIENT_CONFIRMATION_OK"
242,10820245229,10820245264,1,"IOTHUB_CLIENT_CONFIRMATION_OK"
243,10820245562,10820245602,1,"IOTHUB_CLIENT_CONFIRMATION_OK"
244,10820245895,10820245928,1,"IOTHUB_CLIENT_CONFIRMATION_OK"
245,10820246229,10820246260,1,"IOTHUB_CLIENT_CONFIRMATION_OK"
246,10820246562,10820246610,1,"IOTHUB_CLIENT_CONFIRMATION_OK"
247,10820246895,10820246933,1,"IOTHUB_CLIENT_CONFIRMATION_OK"
248,10820247228,10820247262,1,"IOTHUB_CLIENT_CONFIRMATION_OK"
249,10820247561,10820247592,1,"IOTHUB_CLIENT_CONFIRMATION_OK"
250,10820247894,10820247949,1,"IOTHUB_CLIENT_CONFIRMATION_OK"
251,10820248227,10820248258,1,"IOTHUB_CLIENT_CONFIRMATION_OK"
252,10820248561,10820248601,1,"IOTHUB_CLIENT_CONFIRMATION_OK"
253,10820248894,10820248936,1,"IOTHUB_CLIENT_CONFIRMATION_OK"
254,10820249227,10820249256,1,"IOTHUB_CLIENT_CONFIRMATION_OK"
255,10820249560,10820249589,1,"IOTHUB_CLIENT_CONFIRMATION_OK"
256,10820249893,10820249931,1,"IOTHUB_CLIENT_CONFIRMATION_OK"
257,10820250226,10820250258,1,"IOTHUB_CLIENT_CONFIRMATION_OK"
258,10820250560,10820250755,1,"IOTHUB_CLIENT_CONFIRMATION_OK"
259,10820250893,10820250926,1,"IOTHUB_CLIENT_CONFIRMATION_OK"
260,10820251226,10820251377,1,"IOTHUB_CLIENT_CONFIRMATION_OK"
261,10820251559,10820251598,1,"IOTHUB_CLIENT_CONFIRMATION_OK"
262,10820251892,10820251986,1,"IOTHUB_CLIENT_CONFIRMATION_OK"
263,10820252225,10820252257,1,"IOTHUB_CLIENT_CONFIRMATION_OK"
264,10820252559,10820252608,1,"IOTHUB_CLIENT_CONFIRMATION_OK"
265,10820252892,10820252954,1,"IOTHUB_CLIENT_CONFIRMATION_OK"
266,10820253225,10820253256,1,"IOTHUB_CLIENT_CONFIRMATION_OK"
267,10820253558,10820253603,1,"IOTHUB_CLIENT_CONFIRMATION_OK"
268,10820253891,10820253926,1,"IOTHUB_CLIENT_CONFIRMATION_OK"
269,10820254224,10820254262,1,"IOTHUB_CLIENT_CONFIRMATION_OK"
270,10820254558,10820254596,1,"IOTHUB_CLIENT_CONFIRMATION_OK"
271,10820254891,10820254934,1,"IOTHUB_CLIENT_CONFIRMATION_OK"
272,10820255224,10820255395,1,"IOTHUB_CLIENT_CONFIRMATION_OK"
273,10820255557,10820255590,1,"IOTHUB_CLIENT_CONFIRMATION_OK"
274,10820255890,10820255923,1,"IOTHUB_CLIENT_CONFIRMATION_OK"
275,10820256223,10820256257,1,"IOTHUB_CLIENT_CONFIRMATION_OK"
276,10820256556,10820256607,1,"IOTHUB_CLIENT_CONFIRMATION_OK"
277,10820256890,10820256922,1,"IOTHUB_CLIENT_CONFIRMATION_OK"
278,10820257223,10820257263,1,"IOTHUB_CLIENT_CONFIRMATION_OK"
279,10820257556,10820257603,1,"IOTHUB_CLIENT_CONFIRMATION_OK"
280,10820257889,10820257923,1,"IOTHUB_CLIENT_CONFIRMATION_OK"
281,10820258222,10820258263,1,"IOTHUB_CLIENT_CONFIRMATION_OK"
282,10820258555,10820258590,1,"IOTHUB_CLIENT_CONFIRMATION_OK"
283,10820258889,10820258921,1,"IOTHUB_CLIENT_CONFIRMATION_OK"
284,10820259222,10820259255,1,"IOTHUB_CLIENT_CONFIRMATION_OK"
285,10820259555,10820259608,1,"IOTHUB_CLIENT_CONFIRMATION_OK"
286,10820259888,10820259921,1,"IOTHUB_CLIENT_CONFIRMATION_OK"
287,10820260221,10820260251,1,"IOTHUB_CLIENT_CONFIRMATION_OK"
288,10820260554,10820260585,1,"IOTHUB_CLIENT_CONFIRMATION_OK"
289,10820260888,10820260925,1,"IOTHUB_CLIENT_CONFIRMATION_OK"
290,10820261221,10820261251,1,"IOTHUB_CLIENT_CONFIRMATION_OK"
291,10820261554,10820261706,1,"IOTHUB_CLIENT_CONFIRMATION_OK"
292,10820261887,10820261920,1,"IOTHUB_CLIENT_CONFIRMATION_OK"
293,10820262220,10820262337,1,"IOTHUB_CLIENT_CONFIRMATION_OK"
294,10820262553,10820262587,1,"IOTHUB_CLIENT_CONFIRMATION_OK"
295,10820262886,10820262933,1,"IOTHUB_CLIENT_CONFIRMATION_OK"
296,10820263220,10820263248,1,"IOTHUB_CLIENT_CONFIRMATION_OK"
297,10820263553,10820263583,1,"IOTHUB_CLIENT_CONFIRMATION_OK"
298,10820263886,10820263917,1,"IOTHUB_CLIENT_CONFIRMATION_OK"
299,10820264219,10820264254,1,"IOTHUB_CLIENT_CONFIRMATION_OK"
300,10820264552,10820264601,1,"IOTHUB_CLIENT_CONFIRMATION_OK"
301,10820264885,10820264981,1,"IOTHUB_CLIENT_CONFIRMATION_OK"
302,10820265219,10820265253,1,"IOTHUB_CLIENT_CONFIRMATION_OK"
303,10820265552,10820265593,1,"IOTHUB_CLIENT_CONFIRMATION_OK"
304,10820265885,10820265941,1,"IOTHUB_CLIENT_CONFIRMATION_OK"
305,10820266218,10820266258,1,"IOTHUB_CLIENT_CONFIRMATION_OK"
306,10820266551,10820266582,1,"IOTHUB_CLIENT_CONFIRMATION_OK"
307,10820266884,10820266916,1,"IOTHUB_CLIENT_CONFIRMATION_OK"
308,10820267218,10820267254,1,"IOTHUB_CLIENT_CONFIRMATION_OK"
309,10820267551,10820267582,1,"IOTHUB_CLIENT_CONFIRMATION_OK"
310,10820267884,10820267915,1,"IOTHUB_CLIENT_CONFIRMATION_OK"
311,10820268217,10820268254,1,"IOTHUB_CLIENT_CONFIRMATION_OK"
312,10820268550,10820268582,1,"IOTHUB_CLIENT_CONFIRMATION_OK"
313,10820268883,10820268914,1,"IOTHUB_CLIENT_CONFIRMATION_OK"
314,10820269217,10820269270,1,"IOTHUB_CLIENT_CONFIRMATION_OK"
315,10820269550,10820269585,1,"IOTHUB_CLIENT_CONFIRMATION_OK"
316,10820269883,10820269923,1,"IOTHUB_CLIENT_CONFIRMATION_OK"
317,10820270216,10820270245,1,"IOTHUB_CLIENT_CONFIRMATION_OK"
318,10820270549,10820270582,1,"IOTHUB_CLIENT_CONFIRMATION_OK"
319,10820270882,10820270940,1,"IOTHUB_CLIENT_CONFIRMATION_OK"
320,10820271216,10820271250,1,"IOTHUB_CLIENT_CONFIRMATION_OK"
321,10820271549,10820271577,1,"IOTHUB_CLIENT_CONFIRMATION_OK"
322,10820271882,10820271923,1,"IOTHUB_CLIENT_CONFIRMATION_OK"
323,10820272215,10820272248,1,"IOTHUB_CLIENT_CONFIRMATION_OK"
324,10820272548,10820272578,1,"IOTHUB_CLIENT_CONFIRMATION_OK"
325,10820272881,10820272921,1,"IOTHUB_CLIENT_CONFIRMATION_OK"
326,10820273215,10820273342,1,"IOTHUB_CLIENT_CONFIRMATION_OK"
327,10820273548,10820273576,1,"IOTHUB_CLIENT_CONFIRMATION_OK"
328,10820273881,10820273957,1,"IOTHUB_CLIENT_CONFIRMATION_OK"
329,10820274214,10820274248,1,"IOTHUB_CLIENT_CONFIRMATION_OK"
330,10820274547,10820274598,1,"IOTHUB_CLIENT_CONFIRMATION_OK"
331,10820274880,10820274914,1,"IOTHUB_CLIENT_CONFIRMATION_OK"
332,10820275213,10820275244,1,"IOTHUB_CLIENT_CONFIRMATION_OK"
333,10820275547,10820275578,1,"IOTHUB_CLIENT_CONFIRMATION_OK"
334,10820275880,10820275986,1,"IOTHUB_CLIENT_CONFIRMATION_OK"
335,10820276213,10820276315,1,"IOTHUB_CLIENT_CONFIRMATION_OK"
336,10820276546,10820276581,1,"IOTHUB_CLIENT_CONFIRMATION_OK"
337,10820276879,10820276918,1,"IOTHUB_CLIENT_CONFIRMATION_OK"
338,10820277212,10820277321,1,"IOTHUB_CLIENT_CONFIRMATION_OK"
339,10820277546,10820277584,1,"IOTHUB_CLIENT_CONFIRMATION_OK"
340,10820277879,10820277931,1,"IOTHUB_CLIENT_CONFIRMATION_OK"
341,10820278212,10820278242,1,"IOTHUB_CLIENT_CONFIRMATION_OK"
342,10820278545,10820278577,1,"IOTHUB_CLIENT_CONFIRMATION_OK"
343,10820278878,10820278910,1,"IOTHUB_CLIENT_CONFIRMATION_OK"
344,10820279211,10820279242,1,"IOTHUB_CLIENT_CONFIRMATION_OK"
345,10820279545,10820279581,1,"IOTHUB_CLIENT_CONFIRMATION_OK"
346,10820279878,10820279911,1,"IOTHUB_CLIENT_CONFIRMATION_OK"
347,10820280211,10820280253,1,"IOTHUB_CLIENT_CONFIRMATION_OK"
348,10820280544,10820280574,1,"IOTHUB_CLIENT_CONFIRMATION_OK"
349,10820280877,10820280930,1,"IOTHUB_CLIENT_CONFIRMATION_OK"
350,10820281210,10820281243,1,"IOTHUB_CLIENT_CONFIRMATION_OK"
351,10820281543,10820281575,1,"IOTHUB_CLIENT_CONFIRMATION_OK"
352,10820281877,10820281906,1,"IOTHUB_CLIENT_CONFIRMATION_OK"
353,10820282210,10820282242,1,"IOTHUB_CLIENT_CONFIRMATION_OK"
354,10820282543,10820282596,1,"IOTHUB_CLIENT_CONFIRMATION_OK"
355,10820282876,10820282909,1,"IOTHUB_CLIENT_CONFIRMATION_OK"
356,10820283209,10820283240,1,"IOTHUB_CLIENT_CONFIRMATION_OK"
357,10820283542,10820283574,1,"IOTHUB_CLIENT_CONFIRMATION_OK"
358,10820283876,10820283908,1,"IOTHUB_CLIENT_CONFIRMATION_OK"
359,10820284209,10820284248,1,"IOTHUB_CLIENT_CONFIRMATION_OK"
360,10820284542,10820284753,1,"IOTHUB_CLIENT_CONFIRMATION_OK"
361,10820284875,10820284955,1,"IOTHUB_CLIENT_CONFIRMATION_OK"
362,10820285208,10820285245,1,"IOTHUB_CLIENT_CONFIRMATION_OK"
363,10820285541,10820285577,1,"IOTHUB_CLIENT_CONFIRMATION_OK"
364,10820285875,10820285908,1,"IOTHUB_CLIENT_CONFIRMATION_OK"
365,10820286208,10820286245,1,"IOTHUB_CLIENT_CONFIRMATION_OK"
366,10820286541,10820286570,1,"IOTHUB_CLIENT_CONFIRMATION_OK"
367,10820286874,10820287025,1,"IOTHUB_CLIENT_CONFIRMATION_OK"
368,10820287207,10820287246,1,"IOTHUB_CLIENT_CONFIRMATION_OK"
369,10820287540,10820287619,1,"IOTHUB_CLIENT_CONFIRMATION_OK"
370,10820287874,10820287907,1,"IOTHUB_CLIENT_CONFIRMATION_OK"
371,10820288207,10820288244,1,"IOTHUB_CLIENT_CONFIRMATION_OK"
372,10820288540,10820288572,1,"IOTHUB_CLIENT_CONFIRMATION_OK"
373,10820288873,10820288908,1,"IOTHUB_CLIENT_CONFIRMATION_OK"
374,10820289206,10820289239,1,"IOTHUB_CLIENT_CONFIRMATION_OK"
375,10820289539,10820289582,1,"IOTHUB_CLIENT_CONFIRMATION_OK"
376,10820289873,10820289903,1,"IOTHUB_CLIENT_CONFIRMATION_OK"
377,10820290206,10820290262,1,"IOTHUB_CLIENT_CONFIRMATION_OK"
378,10820290539,10820290568,1,"IOTHUB_CLIENT_CONFIRMATION_OK"
379,10820290872,10820290930,1,"IOTHUB_CLIENT_CONFIRMATION_OK"
380,10820291205,10820291295,1,"IOTHUB_CLIENT_CONFIRMATION_OK"
381,10820291538,10820291567,1,"IOTHUB_CLIENT_CONFIRMATION_OK"
382,10820291871,10820291919,1,"IOTHUB_CLIENT_CONFIRMATION_OK"
383,10820292205,10820292240,1,"IOTHUB_CLIENT_CONFIRMATION_OK"
384,10820292538,10820292572,1,"IOTHUB_CLIENT_CONFIRMATION_OK"
385,10820292871,10820292913,1,"IOTHUB_CLIENT_CONFIRMATION_OK"
386,10820293204,10820293246,1,"IOTHUB_CLIENT_CONFIRMATION_OK"
387,10820293537,10820293569,1,"IOTHUB_CLIENT_CONFIRMATION_OK"
388,10820293870,10820293905,1,"IOTHUB_CLIENT_CONFIRMATION_OK"
389,10820294204,10820294249,1,"IOTHUB_CLIENT_CONFIRMATION_OK"
390,10820294537,10820294587,1,"IOTHUB_CLIENT_CONFIRMATION_OK"
391,10820294870,10820294910,1,"IOTHUB_CLIENT_CONFIRMATION_OK"
392,10820295203,10820295232,1,"IOTHUB_CLIENT_CONFIRMATION_OK"
393,10820295536,10820295588,1,"IOTHUB_CLIENT_CONFIRMATION_OK"
394,10820295869,10820295913,1,"IOTHUB_CLIENT_CONFIRMATION_OK"
395,10820296203,10820296245,1,"IOTHUB_CLIENT_CONFIRMATION_OK"
396,10820296536,10820296575,1,"IOTHUB_CLIENT_CONFIRMATION_OK"
397,10820296869,10820296909,1,"IOTHUB_CLIENT_CONFIRMATION_OK"
398,10820297202,10820297252,1,"IOTHUB_CLIENT_CONFIRMATION_OK"
399,10820297535,10820297567,1,"IOTHUB_CLIENT_CONFIRMATION_OK"
400,10820297868,10820298038,1,"IOTHUB_CLIENT_CONFIRMATION_OK"
401,10820298201,10820298254,1,"IOTHUB_CLIENT_CONFIRMATION_OK"
402,10820298535,10820298618,1,"IOTHUB_CLIENT_CONFIRMATION_OK"
403,10820298868,10820298904,1,"IOTHUB_CLIENT_CONFIRMATION_OK"
404,10820299201,10820299240,1,"IOTHUB_CLIENT_CONFIRMATION_OK"
405,10820299534,10820299565,1,"IOTHUB_CLIENT_CONFIRMATION_OK"
406,10820299867,10820299901,1,"IOTHUB_CLIENT_CONFIRMATION_OK"
407,10820300200,10820300241,1,"IOTHUB_CLIENT_CONFIRMATION_OK"
408,10820300534,10820300574,1,"IOTHUB_CLIENT_CONFIRMATION_OK"
409,10820300867,10820300898,1,"IOTHUB_CLIENT_CONFIRMATION_OK"
410,10820301200,10820301231,1,"IOTHUB_CLIENT_CONFIRMATION_OK"
411,10820301533,10820301564,1,"IOTHUB_CLIENT_CONFIRMATION_OK"
412,10820301866,10820302017,1,"IOTHUB_CLIENT_CONFIRMATION_OK"
413,10820302199,10820302236,1,"IOTHUB_CLIENT_CONFIRMATION_OK"
414,10820302533,10820302581,1,"IOTHUB_CLIENT_CONFIRMATION_OK"
415,10820302866,10820302898,1,"IOTHUB_CLIENT_CONFIRMATION_OK"
416,10820303199,10820303228,1,"IOTHUB_CLIENT_CONFIRMATION_OK"
417,10820303532,10820303565,1,"IOTHUB_CLIENT_CONFIRMATION_OK"
418,10820303865,10820303900,1,"IOTHUB_CLIENT_CONFIRMATION_OK"
419,10820304198,10820304231,1,"IOTHUB_CLIENT_CONFIRMATION_OK"
420,10820304531,10820304564,1,"IOTHUB_CLIENT_CONFIRMATION_OK"
421,10820304865,10820304919,1,"IOTHUB_CLIENT_CONFIRMATION_OK"
422,10820305198,10820305242,1,"IOTHUB_CLIENT_CONFIRMATION_OK"
423,10820305531,10820305560,1,"IOTHUB_CLIENT_CONFIRMATION_OK"
424,10820305864,10820305906,1,"IOTHUB_CLIENT_CONFIRMATION_OK"
425,10820306197,10820306227,1,"IOTHUB_CLIENT_CONFIRMATION_OK"
426,10820306530,10820306572,1,"IOTHUB_CLIENT_CONFIRMATION_OK"
427,10820306864,10820306933,1,"IOTHUB_CLIENT_CONFIRMATION_OK"
428,10820307197,10820307229,1,"IOTHUB_CLIENT_CONFIRMATION_OK"
429,10820307530,10820307563,1,"IOTHUB_CLIENT_CONFIRMATION_OK"
430,10820307863,10820307895,1,"IOTHUB_CLIENT_CONFIRMATION_OK"
431,10820308196,10820308234,1,"IOTHUB_CLIENT_CONFIRMATION_OK"
432,10820308529,10820308562,1,"IOTHUB_CLIENT_CONFIRMATION_OK"
433,10820308863,10820308974,1,"IOTHUB_CLIENT_CONFIRMATION_OK"
434,10820309196,10820309228,1,"IOTHUB_CLIENT_CONFIRMATION_OK"
435,10820309529,10820309587,1,"IOTHUB_CLIENT_CONFIRMATION_OK"
436,10820309862,10820309894,1,"IOTHUB_CLIENT_CONFIRMATION_OK"
437,10820310195,10820310232,1,"IOTHUB_CLIENT_CONFIRMATION_OK"
438,10820310528,10820310561,1,"IOTHUB_CLIENT_CONFIRMATION_OK"
439,10820310862,10820310893,1,"IOTHUB_CLIENT_CONFIRMATION_OK"
440,10820311195,10820311230,1,"IOTHUB_CLIENT_CONFIRMATION_OK"
441,10820311528,10820311559,1,"IOTHUB_CLIENT_CONFIRMATION_OK"
442,10820311861,10820311891,1,"IOTHUB_CLIENT_CONFIRMATION_OK"
443,10820312194,10820312245,1,"IOTHUB_CLIENT_CONFIRMATION_OK"
444,10820312527,10820312562,1,"IOTHUB_CLIENT_CONFIRMATION_OK"
445,10820312861,10820312919,1,"IOTHUB_CLIENT_CONFIRMATION_OK"
446,10820313194,10820313224,1,"IOTHUB_CLIENT_CONFIRMATION_OK"
447,10820313527,10820313566,1,"IOTHUB_CLIENT_CONFIRMATION_OK"
448,10820313860,10820313905,1,"IOTHUB_CLIENT_CONFIRMATION_OK"
449,10820314193,10820314231,1,"IOTHUB_CLIENT_CONFIRMATION_OK"
450,10820314526,10820314571,1,"IOTHUB_CLIENT_CONFIRMATION_OK"
451,10820314859,10820314899,1,"IOTHUB_CLIENT_CONFIRMATION_OK"
452,10820315193,10820315234,1,"IOTHUB_CLIENT_CONFIRMATION_OK"
453,10820315526,10820315555,1,"IOTHUB_CLIENT_CONFIRMATION_OK"
454,10820315859,10820315905,1,"IOTHUB_CLIENT_CONFIRMATION_OK"
455,10820316192,10820316223,1,"IOTHUB_CLIENT_CONFIRMATION_OK"
456,10820316525,10820316555,1,"IOTHUB_CLIENT_CONFIRMATION_OK"
457,10820316858,10820316890,1,"IOTHUB_CLIENT_CONFIRMATION_OK"
458,10820317192,10820317237,1,"IOTHUB_CLIENT_CONFIRMATION_OK"
459,10820317525,10820317555,1,"IOTHUB_CLIENT_CONFIRMATION_OK"
460,10820317858,10820317918,1,"IOTHUB_CLIENT_CONFIRMATION_OK"
461,10820318191,10820318229,1,"IOTHUB_CLIENT_CONFIRMATION_OK"
462,10820318524,10820318569,1,"IOTHUB_CLIENT_CONFIRMATION_OK"
463,10820318857,10820318891,1,"IOTHUB_CLIENT_CONFIRMATION_OK"
464,10820319190,10820319349,1,"IOTHUB_CLIENT_CONFIRMATION_OK"
465,10820319524,10820319604,1,"IOTHUB_CLIENT_CONFIRMATION_OK"
466,10820319857,10820319991,1,"IOTHUB_CLIENT_CONFIRMATION_OK"
467,10820320190,10820320223,1,"IOTHUB_CLIENT_CONFIRMATION_OK"
468,10820320523,10820320572,1,"IOTHUB_CLIENT_CONFIRMATION_OK"
469,10820320856,10820320888,1,"IOTHUB_CLIENT_CONFIRMATION_OK"
470,10820321189,10820321223,1,"IOTHUB_CLIENT_CONFIRMATION_OK"
471,10820321523,10820321551,1,"IOTHUB_CLIENT_CONFIRMATION_OK"
472,10820321856,10820321898,1,"IOTHUB_CLIENT_CONFIRMATION_OK"
473,10820322189,10820322221,1,"IOTHUB_CLIENT_CONFIRMATION_OK"
474,10820322522,10820322585,1,"IOTHUB_CLIENT_CONFIRMATION_OK"
475,10820322855,10820322887,1,"IOTHUB_CLIENT_CONFIRMATION_OK"
476,10820323188,10820323220,1,"IOTHUB_CLIENT_CONFIRMATION_OK"
477,10820323521,10820323562,1,"IOTHUB_CLIENT_CONFIRMATION_OK"
478,10820323855,10820323887,1,"IOTHUB_CLIENT_CONFIRMATION_OK"
479,10820324188,10820324224,1,"IOTHUB_CLIENT_CONFIRMATION_OK"
480,10820324521,10820324551,1,"IOTHUB_CLIENT_CONFIRMATION_OK"
481,10820324854,10820324906,1,"IOTHUB_CLIENT_CONFIRMATION_OK"
482,10820325187,10820325219,1,"IOTHUB_CLIENT_CONFIRMATION_OK"
483,10820325520,10820325562,1,"IOTHUB_CLIENT_CONFIRMATION_OK"
484,10820325854,10820325883,1,"IOTHUB_CLIENT_CONFIRMATION_OK"
485,10820326187,10820326220,1,"IOTHUB_CLIENT_CONFIRMATION_OK"
486,10820326520,10820326550,1,"IOTHUB_CLIENT_CONFIRMATION_OK"
487,10820326853,10820326889,1,"IOTHUB_CLIENT_CONFIRMATION_OK"
488,10820327186,10820327219,1,"IOTHUB_CLIENT_CONFIRMATION_OK"
489,10820327519,10820327553,1,"IOTHUB_CLIENT_CONFIRMATION_OK"
490,10820327852,10820327886,1,"IOTHUB_CLIENT_CONFIRMATION_OK"
491,10820328186,10820328223,1,"IOTHUB_CLIENT_CONFIRMATION_OK"
492,10820328519,10820328551,1,"IOTHUB_CLIENT_CONFIRMATION_OK"
493,10820328852,10820328945,1,"IOTHUB_CLIENT_CONFIRMATION_OK"
494,10820329185,10820329216,1,"IOTHUB_CLIENT_CONFIRMATION_OK"
495,10820329518,10820329562,1,"IOTHUB_CLIENT_CONFIRMATION_OK"
496,10820329851,10820329885,1,"IOTHUB_CLIENT_CONFIRMATION_OK"
497,10820330184,10820330356,1,"IOTHUB_CLIENT_CONFIRMATION_OK"
498,10820330518,10820330580,1,"IOTHUB_CLIENT_CONFIRMATION_OK"
499,10820330851,10820330970,1,"IOTHUB_CLIENT_CONFIRMATION_OK"
500,10820331184,10820331216,1,"IOTHUB_CLIENT_CONFIRMATION_OK"
501,10820331517,10820331579,1,"IOTHUB_CLIENT_CONFIRMATION_OK"
502,10820331850,10820331881,1,"IOTHUB_CLIENT_CONFIRMATION_OK"
503,10820332183,10820332217,1,"IOTHUB_CLIENT_CONFIRMATION_OK"
504,10820332517,10820332549,1,"IOTHUB_CLIENT_CONFIRMATION_OK"
505,10820332850,10820332893,1,"IOTHUB_CLIENT_CONFIRMATION_OK"
506,10820333183,10820333217,1,"IOTHUB_CLIENT_CONFIRMATION_OK"
507,10820333516,10820333548,1,"IOTHUB_CLIENT_CONFIRMATION_OK"
508,10820333849,10820333883,1,"IOTHUB_CLIENT_CONFIRMATION_OK"
509,10820334182,10820334229,1,"IOTHUB_CLIENT_CONFIRMATION_OK"
510,10820334516,10820334548,1,"IOTHUB_CLIENT_CONFIRMATION_OK"
511,10820334849,10820334883,1,"IOTHUB_CLIENT_CONFIRMATION_OK"
512,10820335182,10820335215,1,"IOTHUB_CLIENT_CONFIRMATION_OK"
513,10820335515,10820335548,1,"IOTHUB_CLIENT_CONFIRMATION_OK"
514,10820335848,10820335881,1,"IOTHUB_CLIENT_CONFIRMATION_OK"
515,10820336181,10820336215,1,"IOTHUB_CLIENT_CONFIRMATION_OK"
516,10820336515,10820336546,1,"IOTHUB_CLIENT_CONFIRMATION_OK"
517,10820336848,10820336892,1,"IOTHUB_CLIENT_CONFIRMATION_OK"
518,10820337181,10820337216,1,"IOTHUB_CLIENT_CONFIRMATION_OK"
519,10820337514,10820337545,1,"IOTHUB_CLIENT_CONFIRMATION_OK"
520,10820337847,10820337879,1,"IOTHUB_CLIENT_CONFIRMATION_OK"
521,10820338180,10820338224,1,"IOTHUB_CLIENT_CONFIRMATION_OK"
522,10820338513,10820338543,1,"IOTHUB_CLIENT_CONFIRMATION_OK"
523,10820338847,10820338898,1,"IOTHUB_CLIENT_CONFIRMATION_OK"
524,10820339180,10820339226,1,"IOTHUB_CLIENT_CONFIRMATION_OK"
525,10820339513,10820339556,1,"IOTHUB_CLIENT_CONFIRMATION_OK"
526,10820339846,10820340028,1,"IOTHUB_CLIENT_CONFIRMATION_OK"
527,10820340179,10820340215,1,"IOTHUB_CLIENT_CONFIRMATION_OK"
528,10820340512,10820340652,1,"IOTHUB_CLIENT_CONFIRMATION_OK"
529,10820340846,10820340877,1,"IOTHUB_CLIENT_CONFIRMATION_OK"
530,10820341179,10820341258,1,"IOTHUB_CLIENT_CONFIRMATION_OK"
531,10820341512,10820341546,1,"IOTHUB_CLIENT_CONFIRMATION_OK"
532,10820341845,10820341875,1,"IOTHUB_CLIENT_CONFIRMATION_OK"
533,10820342178,10820342211,1,"IOTHUB_CLIENT_CONFIRMATION_OK"
534,10820342511,10820342546,1,"IOTHUB_CLIENT_CONFIRMATION_OK"
535,10820342845,10820342874,1,"IOTHUB_CLIENT_CONFIRMATION_OK"
536,10820343178,10820343296,1,"IOTHUB_CLIENT_CONFIRMATION_OK"
537,10820343511,10820343542,1,"IOTHUB_CLIENT_CONFIRMATION_OK"
538,10820343844,10820343909,1,"IOTHUB_CLIENT_CONFIRMATION_OK"
539,10820344177,10820344216,1,"IOTHUB_CLIENT_CONFIRMATION_OK"
540,10820344510,10820344560,1,"IOTHUB_CLIENT_CONFIRMATION_OK"
541,10820344844,10820344883,1,"IOTHUB_CLIENT_CONFIRMATION_OK"
542,10820345177,10820345211,1,"IOTHUB_CLIENT_CONFIRMATION_OK"
543,10820345510,10820345541,1,"IOTHUB_CLIENT_CONFIRMATION_OK"
544,10820345843,10820345884,1,"IOTHUB_CLIENT_CONFIRMATION_OK"
545,10820346176,10820346210,1,"IOTHUB_CLIENT_CONFIRMATION_OK"
546,10820346509,10820346543,1,"IOTHUB_CLIENT_CONFIRMATION_OK"
547,10820346842,10820346878,1,"IOTHUB_CLIENT_CONFIRMATION_OK"
548,10820347176,10820347209,1,"IOTHUB_CLIENT_CONFIRMATION_OK"
549,10820347509,10820347541,1,"IOTHUB_CLIENT_CONFIRMATION_OK"
550,10820347842,10820347877,1,"IOTHUB_CLIENT_CONFIRMATION_OK"
551,10820348175,10820348212,1,"IOTHUB_CLIENT_CONFIRMATION_OK"
552,10820348508,10820348538,1,"IOTHUB_CLIENT_CONFIRMATION_OK"
553,10820348841,10820348873,1,"IOTHUB_CLIENT_CONFIRMATION_OK"
554,10820349175,10820349208,1,"IOTHUB_CLIENT_CONFIRMATION_OK"
555,10820349508,10820349541,1,"IOTHUB_CLIENT_CONFIRMATION_OK"
556,10820349841,10820349883,1,"IOTHUB_CLIENT_CONFIRMATION_OK"
557,10820350174,10820350220,1,"IOTHUB_CLIENT_CONFIRMATION_OK"
558,10820350507,10820350543,1,"IOTHUB_CLIENT_CONFIRMATION_OK"
559,10820350840,10820350870,1,"IOTHUB_CLIENT_CONFIRMATION_OK"
560,10820351174,10820351211,1,"IOTHUB_CLIENT_CONFIRMATION_OK"
561,10820351507,10820351549,1,"IOTHUB_CLIENT_CONFIRMATION_OK"
562,10820351840,10820351871,1,"IOTHUB_CLIENT_CONFIRMATION_OK"
563,10820352173,10820352237,1,"IOTHUB_CLIENT_CONFIRMATION_OK"
564,10820352506,10820352540,1,"IOTHUB_CLIENT_CONFIRMATION_OK"
565,10820352839,10820352892,1,"IOTHUB_CLIENT_CONFIRMATION_OK"
566,10820353173,10820353202,1,"IOTHUB_CLIENT_CONFIRMATION_OK"
567,10820353506,10820353678,1,"IOTHUB_CLIENT_CONFIRMATION_OK"
568,10820353839,10820353870,1,"IOTHUB_CLIENT_CONFIRMATION_OK"
569,10820354172,10820354277,1,"IOTHUB_CLIENT_CONFIRMATION_OK"
570,10820354505,10820354537,1,"IOTHUB_CLIENT_CONFIRMATION_OK"
571,10820354838,10820354905,1,"IOTHUB_CLIENT_CONFIRMATION_OK"
572,10820355171,10820355206,1,"IOTHUB_CLIENT_CONFIRMATION_OK"
573,10820355505,10820355537,1,"IOTHUB_CLIENT_CONFIRMATION_OK"
574,10820355838,10820355868,1,"IOTHUB_CLIENT_CONFIRMATION_OK"
575,10820356171,10820356202,1,"IOTHUB_CLIENT_CONFIRMATION_OK"
576,10820356504,10820356554,1,"IOTHUB_CLIENT_CONFIRMATION_OK"
577,10820356837,10820356872,1,"IOTHUB_CLIENT_CONFIRMATION_OK"
578,10820357170,10820357204,1,"IOTHUB_CLIENT_CONFIRMATION_OK"
579,10820357504,10820357534,1,"IOTHUB_CLIENT_CONFIRMATION_OK"
580,10820357837,10820357876,1,"IOTHUB_CLIENT_CONFIRMATION_OK"
581,10820358170,10820358204,1,"IOTHUB_CLIENT_CONFIRMATION_OK"
582,10820358503,10820358535,1,"IOTHUB_CLIENT_CONFIRMATION_OK"
583,10820358836,10820358879,1,"IOTHUB_CLIENT_CONFIRMATION_OK"
584,10820359169,10820359210,1,"IOTHUB_CLIENT_CONFIRMATION_OK"
585,10820359503,10820359537,1,"IOTHUB_CLIENT_CONFIRMATION_OK"
586,10820359836,10820359876,1,"IOTHUB_CLIENT_CONFIRMATION_OK"
587,10820360169,10820360209,1,"IOTHUB_CLIENT_CONFIRMATION_OK"
588,10820360502,10820360543,1,"IOTHUB_CLIENT_CONFIRMATION_OK"
589,10820360835,10820360866,1,"IOTHUB_CLIENT_CONFIRMATION_OK"
590,10820361168,10820361201,1,"IOTHUB_CLIENT_CONFIRMATION_OK"
591,10820361501,10820361534,1,"IOTHUB_CLIENT_CONFIRMATION_OK"
592,10820361835,10820361871,1,"IOTHUB_CLIENT_CONFIRMATION_OK"
593,10820362168,10820362218,1,"IOTHUB_CLIENT_CONFIRMATION_OK"
594,10820362501,10820362541,1,"IOTHUB_CLIENT_CONFIRMATION_OK"
595,10820362834,10820362869,1,"IOTHUB_CLIENT_CONFIRMATION_OK"
596,10820363167,10820363297,1,"IOTHUB_CLIENT_CONFIRMATION_OK"
597,10820363500,10820363536,1,"IOTHUB_CLIENT_CONFIRMATION_OK"
598,10820363834,10820363905,1,"IOTHUB_CLIENT_CONFIRMATION_OK"
599,10820364167,10820364198,1,"IOTHUB_CLIENT_CONFIRMATION_OK"
600,10820364500,10820364530,1,"IOTHUB_CLIENT_CONFIRMATION_OK"
601,10820364833,10820364866,1,"IOTHUB_CLIENT_CONFIRMATION_OK"
602,10820365166,10820365203,1,"IOTHUB_CLIENT_CONFIRMATION_OK"
603,10820365499,10820365529,1,"IOTHUB_CLIENT_CONFIRMATION_OK"
604,10820365833,10820365940,1,"IOTHUB_CLIENT_CONFIRMATION_OK"
605,10820366166,10820366198,1,"IOTHUB_CLIENT_CONFIRMATION_OK"
606,10820366499,10820366542,1,"IOTHUB_CLIENT_CONFIRMATION_OK"
607,10820366832,10820366861,1,"IOTHUB_CLIENT_CONFIRMATION_OK"
608,10820367165,10820367201,1,"IOTHUB_CLIENT_CONFIRMATION_OK"
609,10820367498,10820367528,1,"IOTHUB_CLIENT_CONFIRMATION_OK"
610,10820367831,10820367862,1,"IOTHUB_CLIENT_CONFIRMATION_OK"
611,10820368165,10820368225,1,"IOTHUB_CLIENT_CONFIRMATION_OK"
612,10820368498,10820368534,1,"IOTHUB_CLIENT_CONFIRMATION_OK"
613,10820368831,10820368866,1,"IOTHUB_CLIENT_CONFIRMATION_OK"
614,10820369164,10820369199,1,"IOTHUB_CLIENT_CONFIRMATION_OK"
615,10820369497,10820369527,1,"IOTHUB_CLIENT_CONFIRMATION_OK"
616,10820369830,10820369862,1,"IOTHUB_CLIENT_CONFIRMATION_OK"
617,10820370164,10820370214,1,"IOTHUB_CLIENT_CONFIRMATION_OK"
618,10820370497,10820370526,1,"IOTHUB_CLIENT_CONFIRMATION_OK"
619,10820370830,10820370859,1,"IOTHUB_CLIENT_CONFIRMATION_OK"
620,10820371163,10820371198,1,"IOTHUB_CLIENT_CONFIRMATION_OK"
621,10820371496,10820371529,1,"IOTHUB_CLIENT_CONFIRMATION_OK"
622,10820371829,10820375427,1,"IOTHUB_CLIENT_CONFIRMATION_OK"
623,10820372163,10820375650,1,"IOTHUB_CLIENT_CONFIRMATION_OK"
624,10820372496,10820375676,1,"IOTHUB_CLIENT_CONFIRMATION_OK"
625,10820372829,10820375719,1,"IOTHUB_CLIENT_CONFIRMATION_OK"
626,10820373162,10820375753,1,"IOTHUB_CLIENT_CONFIRMATION_OK"
627,10820373495,10820375784,1,"IOTHUB_CLIENT_CONFIRMATION_OK"
628,10820373828,10820375806,1,"IOTHUB_CLIENT_CONFIRMATION_OK"
629,10820374162,10820375830,1,"IOTHUB_CLIENT_CONFIRMATION_OK"
630,10820374495,10820375855,1,"IOTHUB_CLIENT_CONFIRMATION_OK"
631,10820374828,10820375918,1,"IOTHUB_CLIENT_CONFIRMATION_OK"
632,10820375161,10820375956,1,"IOTHUB_CLIENT_CONFIRMATION_OK"
633,10820375494,10820375984,1,"IOTHUB_CLIENT_CONFIRMATION_OK"
634,10820375827,10820376014,1,"IOTHUB_CLIENT_CONFIRMATION_OK"
635,10820376161,10820376318,1,"IOTHUB_CLIENT_CONFIRMATION_OK"
636,10820376494,10820376546,1,"IOTHUB_CLIENT_CONFIRMATION_OK"
637,10820376827,10820376931,1,"IOTHUB_CLIENT_CONFIRMATION_OK"
638,10820377160,10820377207,1,"IOTHUB_CLIENT_CONFIRMATION_OK"
639,10820377493,10820377542,1,"IOTHUB_CLIENT_CONFIRMATION_OK"
640,10820377826,10820377858,1,"IOTHUB_CLIENT_CONFIRMATION_OK"
641,10820378159,10820378210,1,"IOTHUB_CLIENT_CONFIRMATION_OK"
642,10820378493,10820378527,1,"IOTHUB_CLIENT_CONFIRMATION_OK"
643,10820378826,10820378858,1,"IOTHUB_CLIENT_CONFIRMATION_OK"
644,10820379159,10820379192,1,"IOTHUB_CLIENT_CONFIRMATION_OK"
645,10820379492,10820379522,1,"IOTHUB_CLIENT_CONFIRMATION_OK"
646,10820379825,10820379855,1,"IOTHUB_CLIENT_CONFIRMATION_OK"
647,10820380158,10820380189,1,"IOTHUB_CLIENT_CONFIRMATION_OK"
648,10820380491,10820380524,1,"IOTHUB_CLIENT_CONFIRMATION_OK"
649,10820380825,10820380866,1,"IOTHUB_CLIENT_CONFIRMATION_OK"
650,10820381158,10820381192,1,"IOTHUB_CLIENT_CONFIRMATION_OK"
651,10820381491,10820381550,1,"IOTHUB_CLIENT_CONFIRMATION_OK"
652,10820381824,10820381855,1,"IOTHUB_CLIENT_CONFIRMATION_OK"
653,10820382157,10820382191,1,"IOTHUB_CLIENT_CONFIRMATION_OK"
654,10820382490,10820382526,1,"IOTHUB_CLIENT_CONFIRMATION_OK"
655,10820382824,10820382857,1,"IOTHUB_CLIENT_CONFIRMATION_OK"
656,10820383157,10820383193,1,"IOTHUB_CLIENT_CONFIRMATION_OK"
657,10820383490,10820383531,1,"IOTHUB_CLIENT_CONFIRMATION_OK"
658,10820383823,10820383882,1,"IOTHUB_CLIENT_CONFIRMATION_OK"
659,10820384156,10820384190,1,"IOTHUB_CLIENT_CONFIRMATION_OK"
660,10820384489,10820384520,1,"IOTHUB_CLIENT_CONFIRMATION_OK"
661,10820384822,10820384856,1,"IOTHUB_CLIENT_CONFIRMATION_OK"
662,10820385156,10820385188,1,"IOTHUB_CLIENT_CONFIRMATION_OK"
663,10820385489,10820385545,1,"IOTHUB_CLIENT_CONFIRMATION_OK"
664,10820385822,10820385874,1,"IOTHUB_CLIENT_CONFIRMATION_OK"
665,10820386155,10820386188,1,"IOTHUB_CLIENT_CONFIRMATION_OK"
666,10820386488,10820386523,1,"IOTHUB_CLIENT_CONFIRMATION_OK"
667,10820386821,10820386853,1,"IOTHUB_CLIENT_CONFIRMATION_OK"
668,10820387155,10820387317,1,"IOTHUB_CLIENT_CONFIRMATION_OK"
669,10820387488,10820387523,1,"IOTHUB_CLIENT_CONFIRMATION_OK"
670,10820387821,10820387926,1,"IOTHUB_CLIENT_CONFIRMATION_OK"
671,10820388154,10820388197,1,"IOTHUB_CLIENT_CONFIRMATION_OK"
672,10820388487,10820388522,1,"IOTHUB_CLIENT_CONFIRMATION_OK"
673,10820388820,10820388854,1,"IOTHUB_CLIENT_CONFIRMATION_OK"
674,10820389154,10820389183,1,"IOTHUB_CLIENT_CONFIRMATION_OK"
675,10820389487,10820389519,1,"IOTHUB_CLIENT_CONFIRMATION_OK"
676,10820389820,10820389850,1,"IOTHUB_CLIENT_CONFIRMATION_OK"
677,10820390153,10820390199,1,"IOTHUB_CLIENT_CONFIRMATION_OK"
678,10820390486,10820390516,1,"IOTHUB_CLIENT_CONFIRMATION_OK"
679,10820390819,10820390858,1,"IOTHUB_CLIENT_CONFIRMATION_OK"
680,10820391152,10820391210,1,"IOTHUB_CLIENT_CONFIRMATION_OK"
681,10820391486,10820391522,1,"IOTHUB_CLIENT_CONFIRMATION_OK"
682,10820391819,10820391863,1,"IOTHUB_CLIENT_CONFIRMATION_OK"
683,10820392152,10820392181,1,"IOTHUB_CLIENT_CONFIRMATION_OK"
684,10820392485,10820392518,1,"IOTHUB_CLIENT_CONFIRMATION_OK"
685,10820392818,10820392852,1,"IOTHUB_CLIENT_CONFIRMATION_OK"
686,10820393151,10820393181,1,"IOTHUB_CLIENT_CONFIRMATION_OK"
687,10820393485,10820393516,1,"IOTHUB_CLIENT_CONFIRMATION_OK"
688,10820393818,10820393853,1,"IOTHUB_CLIENT_CONFIRMATION_OK"
689,10820394151,10820394185,1,"IOTHUB_CLIENT_CONFIRMATION_OK"
690,10820394484,10820394519,1,"IOTHUB_CLIENT_CONFIRMATION_OK"
691,10820394817,10820394867,1,"IOTHUB_CLIENT_CONFIRMATION_OK"
692,10820395150,10820395194,1,"IOTHUB_CLIENT_CONFIRMATION_OK"
693,10820395483,10820395601,1,"IOTHUB_CLIENT_CONFIRMATION_OK"
694,10820395817,10820395852,1,"IOTHUB_CLIENT_CONFIRMATION_OK"
695,10820396150,10820396180,1,"IOTHUB_CLIENT_CONFIRMATION_OK"
696,10820396483,10820396515,1,"IOTHUB_CLIENT_CONFIRMATION_OK"
697,10820396816,10820397045,1,"IOTHUB_CLIENT_CONFIRMATION_OK"
698,10820397149,10820397179,1,"IOTHUB_CLIENT_CONFIRMATION_OK"
699,10820397482,10820397619,1,"IOTHUB_CLIENT_CONFIRMATION_OK"
700,10820397816,10820397850,1,"IOTHUB_CLIENT_CONFIRMATION_OK"
701,10820398149,10820398232,1,"IOTHUB_CLIENT_CONFIRMATION_OK"
702,10820398482,10820398514,1,"IOTHUB_CLIENT_CONFIRMATION_OK"
703,10820398815,10820398847,1,"IOTHUB_CLIENT_CONFIRMATION_OK"
704,10820399148,10820399199,1,"IOTHUB_CLIENT_CONFIRMATION_OK"
705,10820399481,10820399515,1,"IOTHUB_CLIENT_CONFIRMATION_OK"
706,10820399815,10820399856,1,"IOTHUB_CLIENT_CONFIRMATION_OK"
707,10820400148,10820400260,1,"IOTHUB_CLIENT_CONFIRMATION_OK"
708,10820400481,10820400511,1,"IOTHUB_CLIENT_CONFIRMATION_OK"
709,10820400814,10820400873,1,"IOTHUB_CLIENT_CONFIRMATION_OK"
710,10820401147,10820401223,1,"IOTHUB_CLIENT_CONFIRMATION_OK"
711,10820401480,10820401511,1,"IOTHUB_CLIENT_CONFIRMATION_OK"
712,10820401813,10820401842,1,"IOTHUB_CLIENT_CONFIRMATION_OK"
713,10820402147,10820402195,1,"IOTHUB_CLIENT_CONFIRMATION_OK"
714,10820402480,10820402511,1,"IOTHUB_CLIENT_CONFIRMATION_OK"
715,10820402813,10820402844,1,"IOTHUB_CLIENT_CONFIRMATION_OK"
716,10820403146,10820403182,1,"IOTHUB_CLIENT_CONFIRMATION_OK"
717,10820403479,10820403520,1,"IOTHUB_CLIENT_CONFIRMATION_OK"
718,10820403812,10820403845,1,"IOTHUB_CLIENT_CONFIRMATION_OK"
719,10820404146,10820404181,1,"IOTHUB_CLIENT_CONFIRMATION_OK"
720,10820404479,10820404509,1,"IOTHUB_CLIENT_CONFIRMATION_OK"
721,10820404812,10820404853,1,"IOTHUB_CLIENT_CONFIRMATION_OK"
722,10820405145,10820405177,1,"IOTHUB_CLIENT_CONFIRMATION_OK"
723,10820405478,10820405518,1,"IOTHUB_CLIENT_CONFIRMATION_OK"
724,10820405811,10820405845,1,"IOTHUB_CLIENT_CONFIRMATION_OK"
725,10820406144,10820406286,1,"IOTHUB_CLIENT_CONFIRMATION_OK"
726,10820406478,10820406516,1,"IOTHUB_CLIENT_CONFIRMATION_OK"
727,10820406811,10820406982,1,"IOTHUB_CLIENT_CONFIRMATION_OK"
728,10820407144,10820407179,1,"IOTHUB_CLIENT_CONFIRMATION_OK"
729,10820407477,10820407507,1,"IOTHUB_CLIENT_CONFIRMATION_OK"
730,10820407810,10820407844,1,"IOTHUB_CLIENT_CONFIRMATION_OK"
731,10820408143,10820408179,1,"IOTHUB_CLIENT_CONFIRMATION_OK"
732,10820408477,10820408508,1,"IOTHUB_CLIENT_CONFIRMATION_OK"
733,10820408810,10820408844,1,"IOTHUB_CLIENT_CONFIRMATION_OK"
734,10820409143,10820409302,1,"IOTHUB_CLIENT_CONFIRMATION_OK"
735,10820409476,10820409508,1,"IOTHUB_CLIENT_CONFIRMATION_OK"
736,10820409809,10820409940,1,"IOTHUB_CLIENT_CONFIRMATION_OK"
737,10820410142,10820410175,1,"IOTHUB_CLIENT_CONFIRMATION_OK"
738,10820410475,10820410540,1,"IOTHUB_CLIENT_CONFIRMATION_OK"
739,10820410809,10820410837,1,"IOTHUB_CLIENT_CONFIRMATION_OK"
740,10820411142,10820411176,1,"IOTHUB_CLIENT_CONFIRMATION_OK"
741,10820411475,10820411528,1,"IOTHUB_CLIENT_CONFIRMATION_OK"
742,10820411808,10820411844,1,"IOTHUB_CLIENT_CONFIRMATION_OK"
743,10820412141,10820412175,1,"IOTHUB_CLIENT_CONFIRMATION_OK"
744,10820412474,10820412566,1,"IOTHUB_CLIENT_CONFIRMATION_OK"
745,10820412808,10820412841,1,"IOTHUB_CLIENT_CONFIRMATION_OK"
746,10820413141,10820413178,1,"IOTHUB_CLIENT_CONFIRMATION_OK"
747,10820413474,10820413504,1,"IOTHUB_CLIENT_CONFIRMATION_OK"
748,10820413807,10820413841,1,"IOTHUB_CLIENT_CONFIRMATION_OK"
749,10820414140,10820414172,1,"IOTHUB_CLIENT_CONFIRMATION_OK"
750,10820414473,10820414507,1,"IOTHUB_CLIENT_CONFIRMATION_OK"
751,10820414807,10820414837,1,"IOTHUB_CLIENT_CONFIRMATION_OK"
752,10820415140,10820415209,1,"IOTHUB_CLIENT_CONFIRMATION_OK"
753,10820415473,10820415504,1,"IOTHUB_CLIENT_CONFIRMATION_OK"
754,10820415806,10820415841,1,"IOTHUB_CLIENT_CONFIRMATION_OK"
755,10820416139,10820416183,1,"IOTHUB_CLIENT_CONFIRMATION_OK"
756,10820416472,10820416504,1,"IOTHUB_CLIENT_CONFIRMATION_OK"
757,10820416805,10820416857,1,"IOTHUB_CLIENT_CONFIRMATION_OK"
758,10820417139,10820417184,1,"IOTHUB_CLIENT_CONFIRMATION_OK"
759,10820417472,10820417502,1,"IOTHUB_CLIENT_CONFIRMATION_OK"
760,10820417805,10820417837,1,"IOTHUB_CLIENT_CONFIRMATION_OK"
761,10820418138,10820418192,1,"IOTHUB_CLIENT_CONFIRMATION_OK"
762,10820418471,10820418510,1,"IOTHUB_CLIENT_CONFIRMATION_OK"
763,10820418804,10820418884,1,"IOTHUB_CLIENT_CONFIRMATION_OK"
764,10820419138,10820419167,1,"IOTHUB_CLIENT_CONFIRMATION_OK"
765,10820419471,10820419504,1,"IOTHUB_CLIENT_CONFIRMATION_OK"
766,10820419804,10820419838,1,"IOTHUB_CLIENT_CONFIRMATION_OK"
767,10820420137,10820420168,1,"IOTHUB_CLIENT_CONFIRMATION_OK"
768,10820420470,10820420504,1,"IOTHUB_CLIENT_CONFIRMATION_OK"
769,10820420803,10820420833,1,"IOTHUB_CLIENT_CONFIRMATION_OK"
770,10820421137,10820421170,1,"IOTHUB_CLIENT_CONFIRMATION_OK"
771,10820421470,10820421658,1,"IOTHUB_CLIENT_CONFIRMATION_OK"
772,10820421803,10820421834,1,"IOTHUB_CLIENT_CONFIRMATION_OK"
773,10820422136,10820422267,1,"IOTHUB_CLIENT_CONFIRMATION_OK"
774,10820422469,10820422510,1,"IOTHUB_CLIENT_CONFIRMATION_OK"
775,10820422802,10820422881,1,"IOTHUB_CLIENT_CONFIRMATION_OK"
776,10820423136,10820423178,1,"IOTHUB_CLIENT_CONFIRMATION_OK"
777,10820423469,10820423550,1,"IOTHUB_CLIENT_CONFIRMATION_OK"
778,10820423802,10820423848,1,"IOTHUB_CLIENT_CONFIRMATION_OK"
779,10820424135,10820424196,1,"IOTHUB_CLIENT_CONFIRMATION_OK"
780,10820424468,10820424499,1,"IOTHUB_CLIENT_CONFIRMATION_OK"
781,10820424801,10820424863,1,"IOTHUB_CLIENT_CONFIRMATION_OK"
782,10820425135,10820425165,1,"IOTHUB_CLIENT_CONFIRMATION_OK"
783,10820425468,10820425512,1,"IOTHUB_CLIENT_CONFIRMATION_OK"
784,10820425801,10820425837,1,"IOTHUB_CLIENT_CONFIRMATION_OK"
785,10820426134,10820426166,1,"IOTHUB_CLIENT_CONFIRMATION_OK"
786,10820426467,10820426499,1,"IOTHUB_CLIENT_CONFIRMATION_OK"
787,10820426800,10820426834,1,"IOTHUB_CLIENT_CONFIRMATION_OK"
788,10820427133,10820427169,1,"IOTHUB_CLIENT_CONFIRMATION_OK"
789,10820427467,10820427509,1,"IOTHUB_CLIENT_CONFIRMATION_OK"
790,10820427800,10820427835,1,"IOTHUB_CLIENT_CONFIRMATION_OK"
791,10820428133,10820428185,1,"IOTHUB_CLIENT_CONFIRMATION_OK"
792,10820428466,10820428498,1,"IOTHUB_CLIENT_CONFIRMATION_OK"
793,10820428799,10820428843,1,"IOTHUB_CLIENT_CONFIRMATION_OK"
794,10820429132,10820429164,1,"IOTHUB_CLIENT_CONFIRMATION_OK"
795,10820429466,10820429499,1,"IOTHUB_CLIENT_CONFIRMATION_OK"
796,10820429799,10820429844,1,"IOTHUB_CLIENT_CONFIRMATION_OK"
797,10820430132,10820430367,1,"IOTHUB_CLIENT_CONFIRMATION_OK"
798,10820430465,10820430503,1,"IOTHUB_CLIENT_CONFIRMATION_OK"
799,10820430798,10820430829,1,"IOTHUB_CLIENT_CONFIRMATION_OK"
800,10820431131,10820431164,1,"IOTHUB_CLIENT_CONFIRMATION_OK"
801,10820431465,10820431499,1,"IOTHUB_CLIENT_CONFIRMATION_OK"
802,10820431798,10820431834,1,"IOTHUB_CLIENT_CONFIRMATION_OK"
803,10820432131,10820432162,1,"IOTHUB_CLIENT_CONFIRMATION_OK"
804,10820432464,10820432572,1,"IOTHUB_CLIENT_CONFIRMATION_OK"
805,10820432797,10820432827,1,"IOTHUB_CLIENT_CONFIRMATION_OK"
806,10820433130,10820433243,1,"IOTHUB_CLIENT_CONFIRMATION_OK"
807,10820433463,10820433497,1,"IOTHUB_CLIENT_CONFIRMATION_OK"
808,10820433797,10820433851,1,"IOTHUB_CLIENT_CONFIRMATION_OK"
809,10820434130,10820434161,1,"IOTHUB_CLIENT_CONFIRMATION_OK"
810,10820434463,10820434494,1,"IOTHUB_CLIENT_CONFIRMATION_OK"
811,10820434796,10820434828,1,"IOTHUB_CLIENT_CONFIRMATION_OK"
812,10820435129,10820435163,1,"IOTHUB_CLIENT_CONFIRMATION_OK"
813,10820435462,10820435493,1,"IOTHUB_CLIENT_CONFIRMATION_OK"
814,10820435796,10820435951,1,"IOTHUB_CLIENT_CONFIRMATION_OK"
815,10820436129,10820436160,1,"IOTHUB_CLIENT_CONFIRMATION_OK"
816,10820436462,10820436560,1,"IOTHUB_CLIENT_CONFIRMATION_OK"
817,10820436795,10820436838,1,"IOTHUB_CLIENT_CONFIRMATION_OK"
818,10820437128,10820437163,1,"IOTHUB_CLIENT_CONFIRMATION_OK"
819,10820437461,10820437501,1,"IOTHUB_CLIENT_CONFIRMATION_OK"
820,10820437795,10820437825,1,"IOTHUB_CLIENT_CONFIRMATION_OK"
821,10820438128,10820438159,1,"IOTHUB_CLIENT_CONFIRMATION_OK"
822,10820438461,10820438499,1,"IOTHUB_CLIENT_CONFIRMATION_OK"
823,10820438794,10820438834,1,"IOTHUB_CLIENT_CONFIRMATION_OK"
824,10820439127,10820439161,1,"IOTHUB_CLIENT_CONFIRMATION_OK"
825,10820439460,10820439494,1,"IOTHUB_CLIENT_CONFIRMATION_OK"
826,10820439793,10820439822,1,"IOTHUB_CLIENT_CONFIRMATION_OK"
827,10820440127,10820440155,1,"IOTHUB_CLIENT_CONFIRMATION_OK"
828,10820440460,10820440494,1,"IOTHUB_CLIENT_CONFIRMATION_OK"
829,10820440793,10820440825,1,"IOTHUB_CLIENT_CONFIRMATION_OK"
830,10820441126,10820441160,1,"IOTHUB_CLIENT_CONFIRMATION_OK"
831,10820441459,10820441492,1,"IOTHUB_CLIENT_CONFIRMATION_OK"
832,10820441792,10820441825,1,"IOTHUB_CLIENT_CONFIRMATION_OK"
833,10820442126,10820442163,1,"IOTHUB_CLIENT_CONFIRMATION_OK"
834,10820442459,10820442489,1,"IOTHUB_CLIENT_CONFIRMATION_OK"
835,10820442792,10820442843,1,"IOTHUB_CLIENT_CONFIRMATION_OK"
836,10820443125,10820443160,1,"IOTHUB_CLIENT_CONFIRMATION_OK"
837,10820443458,10820443536,1,"IOTHUB_CLIENT_CONFIRMATION_OK"
838,10820443791,10820443820,1,"IOTHUB_CLIENT_CONFIRMATION_OK"
839,10820444125,10820444154,1,"IOTHUB_CLIENT_CONFIRMATION_OK"
840,10820444458,10820444491,1,"IOTHUB_CLIENT_CONFIRMATION_OK"
841,10820444791,10820444825,1,"IOTHUB_CLIENT_CONFIRMATION_OK"
842,10820445124,10820445166,1,"IOTHUB_CLIENT_CONFIRMATION_OK"
843,10820445457,10820445490,1,"IOTHUB_CLIENT_CONFIRMATION_OK"
844,10820445790,10820445837,1,"IOTHUB_CLIENT_CONFIRMATION_OK"
845,10820446123,10820446195,1,"IOTHUB_CLIENT_CONFIRMATION_OK"
846,10820446457,10820446503,1,"IOTHUB_CLIENT_CONFIRMATION_OK"
847,10820446790,10820446836,1,"IOTHUB_CLIENT_CONFIRMATION_OK"
848,10820447123,10820447155,1,"IOTHUB_CLIENT_CONFIRMATION_OK"
849,10820447456,10820447486,1,"IOTHUB_CLIENT_CONFIRMATION_OK"
850,10820447789,10820447820,1,"IOTHUB_CLIENT_CONFIRMATION_OK"
851,10820448122,10820448253,1,"IOTHUB_CLIENT_CONFIRMATION_OK"
852,10820448455,10820448489,1,"IOTHUB_CLIENT_CONFIRMATION_OK"
853,10820448789,10820448866,1,"IOTHUB_CLIENT_CONFIRMATION_OK"
854,10820449122,10820449153,1,"IOTHUB_CLIENT_CONFIRMATION_OK"
855,10820449455,10820449487,1,"IOTHUB_CLIENT_CONFIRMATION_OK"
856,10820449788,10820449831,1,"IOTHUB_CLIENT_CONFIRMATION_OK"
857,10820450121,10820450153,1,"IOTHUB_CLIENT_CONFIRMATION_OK"
858,10820450454,10820450488,1,"IOTHUB_CLIENT_CONFIRMATION_OK"
859,10820450788,10820450832,1,"IOTHUB_CLIENT_CONFIRMATION_OK"
860,10820451121,10820451154,1,"IOTHUB_CLIENT_CONFIRMATION_OK"
861,10820451454,10820451498,1,"IOTHUB_CLIENT_CONFIRMATION_OK"
862,10820451787,10820451826,1,"IOTHUB_CLIENT_CONFIRMATION_OK"
863,10820452120,10820452153,1,"IOTHUB_CLIENT_CONFIRMATION_OK"
864,10820452453,10820452491,1,"IOTHUB_CLIENT_CONFIRMATION_OK"
865,10820452787,10820452819,1,"IOTHUB_CLIENT_CONFIRMATION_OK"
866,10820453120,10820453148,1,"IOTHUB_CLIENT_CONFIRMATION_OK"
867,10820453453,10820453492,1,"IOTHUB_CLIENT_CONFIRMATION_OK"
868,10820453786,10820453821,1,"IOTHUB_CLIENT_CONFIRMATION_OK"
869,10820454119,10820454148,1,"IOTHUB_CLIENT_CONFIRMATION_OK"
870,10820454452,10820454484,1,"IOTHUB_CLIENT_CONFIRMATION_OK"
871,10820454786,10820454832,1,"IOTHUB_CLIENT_CONFIRMATION_OK"
872,10820455119,10820455277,1,"IOTHUB_CLIENT_CONFIRMATION_OK"
873,10820455452,10820455548,1,"IOTHUB_CLIENT_CONFIRMATION_OK"
874,10820455785,10820455815,1,"IOTHUB_CLIENT_CONFIRMATION_OK"
875,10820456118,10820456147,1,"IOTHUB_CLIENT_CONFIRMATION_OK"
876,10820456451,10820456485,1,"IOTHUB_CLIENT_CONFIRMATION_OK"
877,10820456785,10820456821,1,"IOTHUB_CLIENT_CONFIRMATION_OK"
878,10820457118,10820457158,1,"IOTHUB_CLIENT_CONFIRMATION_OK"
879,10820457451,10820457482,1,"IOTHUB_CLIENT_CONFIRMATION_OK"
880,10820457784,10820457817,1,"IOTHUB_CLIENT_CONFIRMATION_OK"
881,10820458117,10820458152,1,"IOTHUB_CLIENT_CONFIRMATION_OK"
882,10820458450,10820458482,1,"IOTHUB_CLIENT_CONFIRMATION_OK"
883,10820458783,10820458817,1,"IOTHUB_CLIENT_CONFIRMATION_OK"
884,10820459117,10820459259,1,"IOTHUB_CLIENT_CONFIRMATION_OK"
885,10820459450,10820459481,1,"IOTHUB_CLIENT_CONFIRMATION_OK"
886,10820459783,10820459864,1,"IOTHUB_CLIENT_CONFIRMATION_OK"
887,10820460116,10820460150,1,"IOTHUB_CLIENT_CONFIRMATION_OK"
888,10820460449,10820460488,1,"IOTHUB_CLIENT_CONFIRMATION_OK"
889,10820460782,10820460818,1,"IOTHUB_CLIENT_CONFIRMATION_OK"
890,10820461116,10820461164,1,"IOTHUB_CLIENT_CONFIRMATION_OK"
891,10820461449,10820461482,1,"IOTHUB_CLIENT_CONFIRMATION_OK"
892,10820461782,10820461813,1,"IOTHUB_CLIENT_CONFIRMATION_OK"
893,10820462115,10820462150,1,"IOTHUB_CLIENT_CONFIRMATION_OK"
894,10820462448,10820462481,1,"IOTHUB_CLIENT_CONFIRMATION_OK"
895,10820462781,10820462816,1,"IOTHUB_CLIENT_CONFIRMATION_OK"
896,10820463114,10820463154,1,"IOTHUB_CLIENT_CONFIRMATION_OK"
897,10820463448,10820463478,1,"IOTHUB_CLIENT_CONFIRMATION_OK"
898,10820463781,10820463812,1,"IOTHUB_CLIENT_CONFIRMATION_OK"
899,10820464114,10820464148,1,"IOTHUB_CLIENT_CONFIRMATION_OK"
