Message ID,Send Time,Receive Time,Status,Error
0,10820165044,10820165224,1,"IOTHUB_CLIENT_CONFIRMATION_OK"
1,10820165377,10820165408,1,"IOTHUB_CLIENT_CONFIRMATION_OK"
2,10820165710,10820165835,1,"IOTHUB_CLIENT_CONFIRMATION_OK"
3,10820166043,10820166073,1,"IOTHUB_CLIENT_CONFIRMATION_OK"
4,10820166376,10820166408,1,"IOTHUB_CLIENT_CONFIRMATION_OK"
5,10820166709,10820166746,1,"IOTHUB_CLIENT_CONFIRMATION_OK"
6,10820167042,10820167085,1,"IOTHUB_CLIENT_CONFIRMATION_OK"
7,10820167376,10820167406,1,"IOTHUB_CLIENT_CONFIRMATION_OK"
8,10820167709,10820167743,1,"IOTHUB_CLIENT_CONFIRMATION_OK"
9,10820168042,10820168072,1,"IOTHUB_CLIENT_CONFIRMATION_OK"
10,10820168375,10820168411,1,"IOTHUB_CLIENT_CONFIRMATION_OK"
11,10820168708,10820168899,1,"IOTHUB_CLIENT_CONFIRMATION_OK"
12,10820169041,10820169073,1,"IOTHUB_CLIENT_CONFIRMATION_OK"
13,10820169375,10820169402,1,"IOTHUB_CLIENT_CONFIRMATION_OK"
14,10820169708,10820169749,1,"IOTHUB_CLIENT_CONFIRMATION_OK"
15,10820170041,10820170072,1,"IOTHUB_CLIENT_CONFIRMATION_OK"
16,10820170374,10820170404,1,"IOTHUB_CLIENT_CONFIRMATION_OK"
17,10820170707,10820170738,1,"IOTHUB_CLIENT_CONFIRMATION_OK"
18,10820171040,10820171120,1,"IOTHUB_CLIENT_CONFIRMATION_OK"
19,10820171373,10820171403,1,"IOTHUB_CLIENT_CONFIRMATION_OK"
20,10820171707,10820171746,1,"IOTHUB_CLIENT_CONFIRMATION_OK"
21,10820172040,10820172069,1,"IOTHUB_CLIENT_CONFIRMATION_OK"
22,10820172373,10820172401,1,"IOTHUB_CLIENT_CONFIRMATION_OK"
23,10820172706,10820172736,1,"IOTHUB_CLIENT_CONFIRMATION_OK"
24,10820173039,10820173077,1,"IOTHUB_CLIENT_CONFIRMATION_OK"
25,10820173372,10820173408,1,"IOTHUB_CLIENT_CONFIRMATION_OK"
26,10820173706,10820173774,1,"IOTHUB_CLIENT_CONFIRMATION_OK"
27,10820174039,10820174071,1,"IOTHUB_CLIENT_CONFIRMATION_OK"
28,10820174372,10820174402,1,"IOTHUB_CLIENT_CONFIRMATION_OK"
29,10820174705,10820174734,1,"IOTHUB_CLIENT_CONFIRMATION_OK"
30,10820175038,10820175199,1,"IOTHUB_CLIENT_CONFIRMATION_OK"
31,10820175371,10820175403,1,"IOTHUB_CLIENT_CONFIRMATION_OK"
32,10820175705,10820175734,1,"IOTHUB_CLIENT_CONFIRMATION_OK"
33,10820176038,10820176071,1,"IOTHUB_CLIENT_CONFIRMATION_OK"
34,10820176371,10820176400,1,"IOTHUB_CLIENT_CONFIRMATION_OK"
35,10820176704,10820176737,1,"IOTHUB_CLIENT_CONFIRMATION_OK"
36,10820177037,10820177069,1,"IOTHUB_CLIENT_CONFIRMATION_OK"
37,10820177370,10820177438,1,"IOTHUB_CLIENT_CONFIRMATION_OK"
38,10820177703,10820177741,1,"IOTHUB_CLIENT_CONFIRMATION_OK"
39,10820178037,10820178064,1,"IOTHUB_CLIENT_CONFIRMATION_OK"
40,10820178370,10820178399,1,"IOTHUB_CLIENT_CONFIRMATION_OK"
41,10820178703,10820178732,1,"IOTHUB_CLIENT_CONFIRMATION_OK"
42,10820179036,10820179067,1,"IOTHUB_CLIENT_CONFIRMATION_OK"
43,10820179369,10820179401,1,"IOTHUB_CLIENT_CONFIRMATION_OK"
44,10820179702,10820179732,1,"IOTHUB_CLIENT_CONFIRMATION_OK"
45,10820180036,10820180062,1,"IOTHUB_CLIENT_CONFIRMATION_OK"
46,10820180369,10820180397,1,"IOTHUB_CLIENT_CONFIRMATION_OK"
47,10820180702,10820180737,1,"IOTHUB_CLIENT_CONFIRMATION_OK"
48,10820181035,10820181137,1,"IOTHUB_CLIENT_CONFIRMATION_OK"
49,10820181368,10820181402,1,"IOTHUB_CLIENT_CONFIRMATION_OK"
50,10820181701,10820181731,1,"IOTHUB_CLIENT_CONFIRMATION_OK"
51,10820182034,10820182080,1,"IOTHUB_CLIENT_CONFIRMATION_OK"
52,10820182368,10820182397,1,"IOTHUB_CLIENT_CONFIRMATION_OK"
53,10820182701,10820182736,1,"IOTHUB_CLIENT_CONFIRMATION_OK"
54,10820183034,10820183150,1,"IOTHUB_CLIENT_CONFIRMATION_OK"
55,10820183367,10820183397,1,"IOTHUB_CLIENT_CONFIRMATION_OK"
56,10820183700,10820183773,1,"IOTHUB_CLIENT_CONFIRMATION_OK"
57,10820184033,10820184064,1,"IOTHUB_CLIENT_CONFIRMATION_OK"
58,10820184367,10820184419,1,"IOTHUB_CLIENT_CONFIRMATION_OK"
59,10820184700,10820184732,1,"IOTHUB_CLIENT_CONFIRMATION_OK"
60,10820185033,10820185083,1,"IOTHUB_CLIENT_CONFIRMATION_OK"
61,10820185366,10820185396,1,"IOTHUB_CLIENT_CONFIRMATION_OK"
62,10820185699,10820185751,1,"IOTHUB_CLIENT_CONFIRMATION_OK"
63,10820186032,10820186061,1,"IOTHUB_CLIENT_CONFIRMATION_OK"
64,10820186366,10820186394,1,"IOTHUB_CLIENT_CONFIRMATION_OK"
65,10820186699,10820186728,1,"IOTHUB_CLIENT_CONFIRMATION_OK"
66,10820187032,10820187063,1,"IOTHUB_CLIENT_CONFIRMATION_OK"
67,10820187365,10820187396,1,"IOTHUB_CLIENT_CONFIRMATION_OK"
68,10820187698,10820187731,1,"IOTHUB_CLIENT_CONFIRMATION_OK"
69,10820188031,10820188065,1,"IOTHUB_CLIENT_CONFIRMATION_OK"
70,10820188365,10820188393,1,"IOTHUB_CLIENT_CONFIRMATION_OK"
71,10820188698,10820188728,1,"IOTHUB_CLIENT_CONFIRMATION_OK"
72,10820189031,10820189059,1,"IOTHUB_CLIENT_CONFIRMATION_OK"
73,10820189364,10820189547,1,"IOTHUB_CLIENT_CONFIRMATION_OK"
74,10820189697,10820189730,1,"IOTHUB_CLIENT_CONFIRMATION_OK"
75,10820190030,10820190060,1,"IOTHUB_CLIENT_CONFIRMATION_OK"
76,10820190363,10820190392,1,"IOTHUB_CLIENT_CONFIRMATION_OK"
77,10820190697,10820190736,1,"IOTHUB_CLIENT_CONFIRMATION_OK"
78,10820191030,10820191062,1,"IOTHUB_CLIENT_CONFIRMATION_OK"
79,10820191363,10820191398,1,"IOTHUB_CLIENT_CONFIRMATION_OK"
80,10820191696,10820191777,1,"IOTHUB_CLIENT_CONFIRMATION_OK"
81,10820192029,10820192062,1,"IOTHUB_CLIENT_CONFIRMATION_OK"
82,10820192362,10820192397,1,"IOTHUB_CLIENT_CONFIRMATION_OK"
83,10820192696,10820192728,1,"IOTHUB_CLIENT_CONFIRMATION_OK"
84,10820193029,10820193059,1,"IOTHUB_CLIENT_CONFIRMATION_OK"
85,10820193362,10820193422,1,"IOTHUB_CLIENT_CONFIRMATION_OK"
86,10820193695,10820193729,1,"IOTHUB_CLIENT_CONFIRMATION_OK"
87,10820194028,10820194059,1,"IOTHUB_CLIENT_CONFIRMATION_OK"
88,10820194361,10820194392,1,"IOTHUB_CLIENT_CONFIRMATION_OK"
89,10820194694,10820194727,1,"IOTHUB_CLIENT_CONFIRMATION_OK"
90,10820195028,10820195058,1,"IOTHUB_CLIENT_CONFIRMATION_OK"
91,10820195361,10820195391,1,"IOTHUB_CLIENT_CONFIRMATION_OK"
92,10820195694,10820195842,1,"IOTHUB_CLIENT_CONFIRMATION_OK"
93,10820196027,10820196060,1,"IOTHUB_CLIENT_CONFIRMATION_OK"
94,10820196360,10820196389,1,"IOTHUB_CLIENT_CONFIRMATION_OK"
95,10820196693,10820196725,1,"IOTHUB_CLIENT_CONFIRMATION_OK"
96,10820197027,10820197056,1,"IOTHUB_CLIENT_CONFIRMATION_OK"
97,10820197360,10820197389,1,"IOTHUB_CLIENT_CONFIRMATION_OK"
98,10820197693,10820197723,1,"IOTHUB_CLIENT_CONFIRMATION_OK"
99,10820198026,10820198085,1,"IOTHUB_CLIENT_CONFIRMATION_OK"
100,10820198359,10820198390,1,"IOTHUB_CLIENT_CONFIRMATION_OK"
101,10820198692,10820198726,1,"IOTHUB_CLIENT_CONFIRMATION_OK"
102,10820199026,10820199055,1,"IOTHUB_CLIENT_CONFIRMATION_OK"
103,10820199359,10820199432,1,"IOTHUB_CLIENT_CONFIRMATION_OK"
104,10820199692,10820199828,1,"IOTHUB_CLIENT_CONFIRMATION_OK"
105,10820200025,10820200056,1,"IOTHUB_CLIENT_CONFIRMATION_OK"
106,10820200358,10820200438,1,"IOTHUB_CLIENT_CONFIRMATION_OK"
107,10820200691,10820200721,1,"IOTHUB_CLIENT_CONFIRMATION_OK"
108,10820201025,10820201064,1,"IOTHUB_CLIENT_CONFIRMATION_OK"
109,10820201358,10820201387,1,"IOTHUB_CLIENT_CONFIRMATION_OK"
110,10820201691,10820201723,1,"IOTHUB_CLIENT_CONFIRMATION_OK"
111,10820202024,10820202064,1,"IOTHUB_CLIENT_CONFIRMATION_OK"
112,10820202357,10820202386,1,"IOTHUB_CLIENT_CONFIRMATION_OK"
113,10820202690,10820202720,1,"IOTHUB_CLIENT_CONFIRMATION_OK"
114,10820203023,10820203053,1,"IOTHUB_CLIENT_CONFIRMATION_OK"
115,10820203357,10820203389,1,"IOTHUB_CLIENT_CONFIRMATION_OK"
116,10820203690,10820203718,1,"IOTHUB_CLIENT_CONFIRMATION_OK"
117,10820204023,10820204056,1,"IOTHUB_CLIENT_CONFIRMATION_OK"
118,10820204356,10820204385,1,"IOTHUB_CLIENT_CONFIRMATION_OK"
119,10820204689,10820204719,1,"IOTHUB_CLIENT_CONFIRMATION_OK"
120,10820205022,10820205053,1,"IOTHUB_CLIENT_CONFIRMATION_OK"
121,10820205355,10820205431,1,"IOTHUB_CLIENT_CONFIRMATION_OK"
122,10820205689,10820205802,1,"IOTHUB_CLIENT_CONFIRMATION_OK"
123,10820206022,10820206070,1,"IOTHUB_CLIENT_CONFIRMATION_OK"
124,10820206355,10820206385,1,"IOTHUB_CLIENT_CONFIRMATION_OK"
125,10820206688,10820206719,1,"IOTHUB_CLIENT_CONFIRMATION_OK"
126,10820207021,10820207051,1,"IOTHUB_CLIENT_CONFIRMATION_OK"
127,10820207354,10820207385,1,"IOTHUB_CLIENT_CONFIRMATION_OK"
128,10820207688,10820207719,1,"IOTHUB_CLIENT_CONFIRMATION_OK"
129,10820208021,10820208050,1,"IOTHUB_CLIENT_CONFIRMATION_OK"
130,10820208354,10820208394,1,"IOTHUB_CLIENT_CONFIRMATION_OK"
131,10820208687,10820208721,1,"IOTHUB_CLIENT_CONFIRMATION_OK"
132,10820209020,10820209050,1,"IOTHUB_CLIENT_CONFIRMATION_OK"
133,10820209353,10820209385,1,"IOTHUB_CLIENT_CONFIRMATION_OK"
134,10820209686,10820209718,1,"IOTHUB_CLIENT_CONFIRMATION_OK"
135,10820210020,10820210119,1,"IOTHUB_CLIENT_CONFIRMATION_OK"
136,10820210353,10820210383,1,"IOTHUB_CLIENT_CONFIRMATION_OK"
137,10820210686,10820210737,1,"IOTHUB_CLIENT_CONFIRMATION_OK"
138,10820211019,10820211049,1,"IOTHUB_CLIENT_CONFIRMATION_OK"
139,10820211352,10820211384,1,"IOTHUB_CLIENT_CONFIRMATION_OK"
140,10820211685,10820211719,1,"IOTHUB_CLIENT_CONFIRMATION_OK"
141,10820212019,10820212047,1,"IOTHUB_CLIENT_CONFIRMATION_OK"
142,10820212352,10820212386,1,"IOTHUB_CLIENT_CONFIRMATION_OK"
143,10820212685,10820212716,1,"IOTHUB_CLIENT_CONFIRMATION_OK"
144,10820213018,10820213048,1,"IOTHUB_CLIENT_CONFIRMATION_OK"
145,10820213351,10820213382,1,"IOTHUB_CLIENT_CONFIRMATION_OK"
146,10820213684,10820213715,1,"IOTHUB_CLIENT_CONFIRMATION_OK"
147,10820214017,10820214182,1,"IOTHUB_CLIENT_CONFIRMATION_OK"
148,10820214351,10820214384,1,"IOTHUB_CLIENT_CONFIRMATION_OK"
149,10820214684,10820214840,1,"IOTHUB_CLIENT_CONFIRMATION_OK"
150,10820215017,10820215054,1,"IOTHUB_CLIENT_CONFIRMATION_OK"
151,10820215350,10820215381,1,"IOTHUB_CLIENT_CONFIRMATION_OK"
152,10820215683,10820215876,1,"IOTHUB_CLIENT_CONFIRMATION_OK"
153,10820216016,10820216093,1,"IOTHUB_CLIENT_CONFIRMATION_OK"
154,10820216350,10820216482,1,"IOTHUB_CLIENT_CONFIRMATION_OK"
155,10820216683,10820216714,1,"IOTHUB_CLIENT_CONFIRMATION_OK"
156,10820217016,10820217087,1,"IOTHUB_CLIENT_CONFIRMATION_OK"
157,10820217349,10820217384,1,"IOTHUB_CLIENT_CONFIRMATION_OK"
158,10820217682,10820217720,1,"IOTHUB_CLIENT_CONFIRMATION_OK"
159,10820218015,10820218049,1,"IOTHUB_CLIENT_CONFIRMATION_OK"
160,10820218349,10820218377,1,"IOTHUB_CLIENT_CONFIRMATION_OK"
161,10820218682,10820218711,1,"IOTHUB_CLIENT_CONFIRMATION_OK"
162,10820219015,10820219050,1,"IOTHUB_CLIENT_CONFIRMATION_OK"
163,10820219348,10820219381,1,"IOTHUB_CLIENT_CONFIRMATION_OK"
164,10820219681,10820219711,1,"IOTHUB_CLIENT_CONFIRMATION_OK"
165,10820220014,10820220044,1,"IOTHUB_CLIENT_CONFIRMATION_OK"
166,10820220347,10820220378,1,"IOTHUB_CLIENT_CONFIRMATION_OK"
167,10820220680,10820220713,1,"IOTHUB_CLIENT_CONFIRMATION_OK"
168,10820221014,10820221043,1,"IOTHUB_CLIENT_CONFIRMATION_OK"
169,10820221347,10820221376,1,"IOTHUB_CLIENT_CONFIRMATION_OK"
170,10820221680,10820221709,1,"IOTHUB_CLIENT_CONFIRMATION_OK"
171,10820222013,10820222044,1,"IOTHUB_CLIENT_CONFIRMATION_OK"
172,10820222346,10820222381,1,"IOTHUB_CLIENT_CONFIRMATION_OK"
173,10820222679,10820222713,1,"IOTHUB_CLIENT_CONFIRMATION_OK"
174,10820223012,10820223043,1,"IOTHUB_CLIENT_CONFIRMATION_OK"
175,10820223346,10820223372,1,"IOTHUB_CLIENT_CONFIRMATION_OK"
176,10820223679,10820223711,1,"IOTHUB_CLIENT_CONFIRMATION_OK"
177,10820224012,10820224050,1,"IOTHUB_CLIENT_CONFIRMATION_OK"
178,10820224345,10820224490,1,"IOTHUB_CLIENT_CONFIRMATION_OK"
179,10820224678,10820224707,1,"IOTHUB_CLIENT_CONFIRMATION_OK"
180,10820225011,10820225102,1,"IOTHUB_CLIENT_CONFIRMATION_OK"
181,10820225345,10820225404,1,"IOTHUB_CLIENT_CONFIRMATION_OK"
182,10820225678,10820225709,1,"IOTHUB_CLIENT_CONFIRMATION_OK"
183,10820226011,10820226039,1,"IOTHUB_CLIENT_CONFIRMATION_OK"
184,10820226344,10820226390,1,"IOTHUB_CLIENT_CONFIRMATION_OK"
185,10820226677,10820226814,1,"IOTHUB_CLIENT_CONFIRMATION_OK"
186,10820227010,10820227040,1,"IOTHUB_CLIENT_CONFIRMATION_OK"
187,10820227344,10820227374,1,"IOTHUB_CLIENT_CONFIRMATION_OK"
188,10820227677,10820227710,1,"IOTHUB_CLIENT_CONFIRMATION_OK"
189,10820228010,10820228041,1,"IOTHUB_CLIENT_CONFIRMATION_OK"
190,10820228343,10820228436,1,"IOTHUB_CLIENT_CONFIRMATION_OK"
191,10820228676,10820228706,1,"IOTHUB_CLIENT_CONFIRMATION_OK"
192,10820229009,10820229056,1,"IOTHUB_CLIENT_CONFIRMATION_OK"
193,10820229343,10820229377,1,"IOTHUB_CLIENT_CONFIRMATION_OK"
194,10820229676,10820229706,1,"IOTHUB_CLIENT_CONFIRMATION_OK"
195,10820230009,10820230038,1,"IOTHUB_CLIENT_CONFIRMATION_OK"
196,10820230342,10820230370,1,"IOTHUB_CLIENT_CONFIRMATION_OK"
197,10820230675,10820230709,1,"IOTHUB_CLIENT_CONFIRMATION_OK"
198,10820231008,10820231039,1,"IOTHUB_CLIENT_CONFIRMATION_OK"
199,10820231342,10820231371,1,"IOTHUB_CLIENT_CONFIRMATION_OK"
200,10820231675,10820231704,1,"IOTHUB_CLIENT_CONFIRMATION_OK"
201,10820232008,10820232040,1,"IOTHUB_CLIENT_CONFIRMATION_OK"
202,10820232341,10820232501,1,"IOTHUB_CLIENT_CONFIRMATION_OK"
203,10820232674,10820232704,1,"IOTHUB_CLIENT_CONFIRMATION_OK"
204,10820233007,10820233117,1,"IOTHUB_CLIENT_CONFIRMATION_OK"
205,10820233341,10820233378,1,"IOTHUB_CLIENT_CONFIRMATION_OK"
206,10820233674,10820233704,1,"IOTHUB_CLIENT_CONFIRMATION_OK"
207,10820234007,10820234038,1,"IOTHUB_CLIENT_CONFIRMATION_OK"
208,10820234340,10820234373,1,"IOTHUB_CLIENT_CONFIRMATION_OK"
209,10820234673,10820234735,1,"IOTHUB_CLIENT_CONFIRMATION_OK"
210,10820235006,10820235034,1,"IOTHUB_CLIENT_CONFIRMATION_OK"
211,10820235339,10820235373,1,"IOTHUB_CLIENT_CONFIRMATION_OK"
212,10820235673,10820235706,1,"IOTHUB_CLIENT_CONFIRMATION_OK"
213,10820236006,10820236039,1,"IOTHUB_CLIENT_CONFIRMATION_OK"
214,10820236339,10820236377,1,"IOTHUB_CLIENT_CONFIRMATION_OK"
215,10820236672,10820236707,1,"IOTHUB_CLIENT_CONFIRMATION_OK"
216,10820237005,10820237045,1,"IOTHUB_CLIENT_CONFIRMATION_OK"
217,10820237338,10820237370,1,"IOTHUB_CLIENT_CONFIRMATION_OK"
218,10820237672,10820237711,1,"IOTHUB_CLIENT_CONFIRMATION_OK"
219,10820238005,10820238036,1,"IOTHUB_CLIENT_CONFIRMATION_OK"
220,10820238338,10820238367,1,"IOTHUB_CLIENT_CONFIRMATION_OK"
221,10820238671,10820238863,1,"IOTHUB_CLIENT_CONFIRMATION_OK"
222,10820239004,10820239049,1,"IOTHUB_CLIENT_CONFIRMATION_OK"
223,10820239337,10820239373,1,"IOTHUB_CLIENT_CONFIRMATION_OK"
224,10820239671,10820239700,1,"IOTHUB_CLIENT_CONFIRMATION_OK"
225,10820240004,10820240033,1,"IOTHUB_CLIENT_CONFIRMATION_OK"
226,10820240337,10820240365,1,"IOTHUB_CLIENT_CONFIRMATION_OK"
227,10820240670,10820240708,1,"IOTHUB_CLIENT_CONFIRMATION_OK"
228,10820241003,10820241101,1,"IOTHUB_CLIENT_CONFIRMATION_OK"
229,10820241336,10820241366,1,"IOTHUB_CLIENT_CONFIRMATION_OK"
230,10820241669,10820241712,1,"IOTHUB_CLIENT_CONFIRMATION_OK"
231,10820242003,10820242037,1,"IOTHUB_CLIENT_CONFIRMATION_OK"
232,10820242336,10820242369,1,"IOTHUB_CLIENT_CONFIRMATION_OK"
233,10820242669,10820242698,1,"IOTHUB_CLIENT_CONFIRMATION_OK"
234,10820243002,10820243037,1,"IOTHUB_CLIENT_CONFIRMATION_OK"
235,10820243335,10820243366,1,"IOTHUB_CLIENT_CONFIRMATION_OK"
236,10820243668,10820243702,1,"IOTHUB_CLIENT_CONFIRMATION_OK"
237,10820244002,10820244031,1,"IOTHUB_CLIENT_CONFIRMATION_OK"
238,10820244335,10820244367,1,"IOTHUB_CLIENT_CONFIRMATION_OK"
239,10820244668,10820244702,1,"IOTHUB_CLIENT_CONFIRMATION_OK"
240,10820245001,10820245179,1,"IOTHUB_CLIENT_CONFIRMATION_OK"
241,10820245334,10820245364,1,"IOTHUB_CLIENT_CONFIRMATION_OK"
242,10820245667,10820245699,1,"IOTHUB_CLIENT_CONFIRMATION_OK"
243,10820246001,10820246034,1,"IOTHUB_CLIENT_CONFIRMATION_OK"
244,10820246334,10820246364,1,"IOTHUB_CLIENT_CONFIRMATION_OK"
245,10820246667,10820246696,1,"IOTHUB_CLIENT_CONFIRMATION_OK"
246,10820247000,10820247031,1,"IOTHUB_CLIENT_CONFIRMATION_OK"
247,10820247333,10820247415,1,"IOTHUB_CLIENT_CONFIRMATION_OK"
248,10820247666,10820247699,1,"IOTHUB_CLIENT_CONFIRMATION_OK"
249,10820248000,10820248041,1,"IOTHUB_CLIENT_CONFIRMATION_OK"
250,10820248333,10820248365,1,"IOTHUB_CLIENT_CONFIRMATION_OK"
251,10820248666,10820248697,1,"IOTHUB_CLIENT_CONFIRMATION_OK"
252,10820248999,10820249038,1,"IOTHUB_CLIENT_CONFIRMATION_OK"
253,10820249332,10820249360,1,"IOTHUB_CLIENT_CONFIRMATION_OK"
254,10820249665,10820249695,1,"IOTHUB_CLIENT_CONFIRMATION_OK"
255,10820249998,10820250028,1,"IOTHUB_CLIENT_CONFIRMATION_OK"
256,10820250332,10820250363,1,"IOTHUB_CLIENT_CONFIRMATION_OK"
257,10820250665,10820250693,1,"IOTHUB_CLIENT_CONFIRMATION_OK"
258,10820250998,10820251028,1,"IOTHUB_CLIENT_CONFIRMATION_OK"
259,10820251331,10820251477,1,"IOTHUB_CLIENT_CONFIRMATION_OK"
260,10820251664,10820251699,1,"IOTHUB_CLIENT_CONFIRMATION_OK"
261,10820251997,10820252037,1,"IOTHUB_CLIENT_CONFIRMATION_OK"
262,10820252331,10820252367,1,"IOTHUB_CLIENT_CONFIRMATION_OK"
263,10820252664,10820252697,1,"IOTHUB_CLIENT_CONFIRMATION_OK"
264,10820252997,10820253097,1,"IOTHUB_CLIENT_CONFIRMATION_OK"
265,10820253330,10820253364,1,"IOTHUB_CLIENT_CONFIRMATION_OK"
266,10820253663,10820253831,1,"IOTHUB_CLIENT_CONFIRMATION_OK"
267,10820253996,10820254029,1,"IOTHUB_CLIENT_CONFIRMATION_OK"
268,10820254329,10820254361,1,"IOTHUB_CLIENT_CONFIRMATION_OK"
269,10820254663,10820254695,1,"IOTHUB_CLIENT_CONFIRMATION_OK"
270,10820254996,10820255031,1,"IOTHUB_CLIENT_CONFIRMATION_OK"
271,10820255329,10820255362,1,"IOTHUB_CLIENT_CONFIRMATION_OK"
272,10820255662,10820255693,1,"IOTHUB_CLIENT_CONFIRMATION_OK"
273,10820255995,10820256027,1,"IOTHUB_CLIENT_CONFIRMATION_OK"
274,10820256328,10820256357,1,"IOTHUB_CLIENT_CONFIRMATION_OK"
275,10820256662,10820256703,1,"IOTHUB_CLIENT_CONFIRMATION_OK"
276,10820256995,10820257027,1,"IOTHUB_CLIENT_CONFIRMATION_OK"
277,10820257328,10820257443,1,"IOTHUB_CLIENT_CONFIRMATION_OK"
278,10820257661,10820257689,1,"IOTHUB_CLIENT_CONFIRMATION_OK"
279,10820257994,10820258022,1,"IOTHUB_CLIENT_CONFIRMATION_OK"
280,10820258327,10820258393,1,"IOTHUB_CLIENT_CONFIRMATION_OK"
281,10820258661,10820258693,1,"IOTHUB_CLIENT_CONFIRMATION_OK"
282,10820258994,10820259027,1,"IOTHUB_CLIENT_CONFIRMATION_OK"
283,10820259327,10820259482,1,"IOTHUB_CLIENT_CONFIRMATION_OK"
284,10820259660,10820259693,1,"IOTHUB_CLIENT_CONFIRMATION_OK"
285,10820259993,10820260096,1,"IOTHUB_CLIENT_CONFIRMATION_OK"
286,10820260326,10820260360,1,"IOTHUB_CLIENT_CONFIRMATION_OK"
287,10820260660,10820260687,1,"IOTHUB_CLIENT_CONFIRMATION_OK"
288,10820260993,10820261022,1,"IOTHUB_CLIENT_CONFIRMATION_OK"
289,10820261326,10820261363,1,"IOTHUB_CLIENT_CONFIRMATION_OK"
290,10820261659,10820261732,1,"IOTHUB_CLIENT_CONFIRMATION_OK"
291,10820261992,10820262023,1,"IOTHUB_CLIENT_CONFIRMATION_OK"
292,10820262325,10820262363,1,"IOTHUB_CLIENT_CONFIRMATION_OK"
293,10820262658,10820262709,1,"IOTHUB_CLIENT_CONFIRMATION_OK"
294,10820262992,10820263024,1,"IOTHUB_CLIENT_CONFIRMATION_OK"
295,10820263325,10820263356,1,"IOTHUB_CLIENT_CONFIRMATION_OK"
296,10820263658,10820263690,1,"IOTHUB_CLIENT_CONFIRMATION_OK"
297,10820263991,10820264023,1,"IOTHUB_CLIENT_CONFIRMATION_OK"
298,10820264324,10820264356,1,"IOTHUB_CLIENT_CONFIRMATION_OK"
299,10820264657,10820264687,1,"IOTHUB_CLIENT_CONFIRMATION_OK"
300,10820264991,10820265025,1,"IOTHUB_CLIENT_CONFIRMATION_OK"
301,10820265324,10820265358,1,"IOTHUB_CLIENT_CONFIRMATION_OK"
302,10820265657,10820265797,1,"IOTHUB_CLIENT_CONFIRMATION_OK"
303,10820265990,10820266021,1,"IOTHUB_CLIENT_CONFIRMATION_OK"
304,10820266323,10820266416,1,"IOTHUB_CLIENT_CONFIRMATION_OK"
305,10820266656,10820266688,1,"IOTHUB_CLIENT_CONFIRMATION_OK"
306,10820266989,10820267018,1,"IOTHUB_CLIENT_CONFIRMATION_OK"
307,10820267323,10820267351,1,"IOTHUB_CLIENT_CONFIRMATION_OK"
308,10820267656,10820267687,1,"IOTHUB_CLIENT_CONFIRMATION_OK"
309,10820267989,10820268044,1,"IOTHUB_CLIENT_CONFIRMATION_OK"
310,10820268322,10820268370,1,"IOTHUB_CLIENT_CONFIRMATION_OK"
311,10820268655,10820268684,1,"IOTHUB_CLIENT_CONFIRMATION_OK"
312,10820268988,10820269018,1,"IOTHUB_CLIENT_CONFIRMATION_OK"
313,10820269322,10820269350,1,"IOTHUB_CLIENT_CONFIRMATION_OK"
314,10820269655,10820269874,1,"IOTHUB_CLIENT_CONFIRMATION_OK"
315,10820269988,10820270020,1,"IOTHUB_CLIENT_CONFIRMATION_OK"
316,10820270321,10820270357,1,"IOTHUB_CLIENT_CONFIRMATION_OK"
317,10820270654,10820270682,1,"IOTHUB_CLIENT_CONFIRMATION_OK"
318,10820270987,10820271014,1,"IOTHUB_CLIENT_CONFIRMATION_OK"
319,10820271321,10820271351,1,"IOTHUB_CLIENT_CONFIRMATION_OK"
320,10820271654,10820271686,1,"IOTHUB_CLIENT_CONFIRMATION_OK"
321,10820271987,10820272101,1,"IOTHUB_CLIENT_CONFIRMATION_OK"
322,10820272320,10820272351,1,"IOTHUB_CLIENT_CONFIRMATION_OK"
323,10820272653,10820272729,1,"IOTHUB_CLIENT_CONFIRMATION_OK"
324,10820272986,10820273017,1,"IOTHUB_CLIENT_CONFIRMATION_OK"
325,10820273319,10820273350,1,"IOTHUB_CLIENT_CONFIRMATION_OK"
326,10820273653,10820273684,1,"IOTHUB_CLIENT_CONFIRMATION_OK"
327,10820273986,10820274013,1,"IOTHUB_CLIENT_CONFIRMATION_OK"
328,10820274319,10820274354,1,"IOTHUB_CLIENT_CONFIRMATION_OK"
329,10820274652,10820274682,1,"IOTHUB_CLIENT_CONFIRMATION_OK"
330,10820274985,10820275017,1,"IOTHUB_CLIENT_CONFIRMATION_OK"
331,10820275318,10820275350,1,"IOTHUB_CLIENT_CONFIRMATION_OK"
332,10820275652,10820275685,1,"IOTHUB_CLIENT_CONFIRMATION_OK"
333,10820275985,10820276019,1,"IOTHUB_CLIENT_CONFIRMATION_OK"
334,10820276318,10820276348,1,"IOTHUB_CLIENT_CONFIRMATION_OK"
335,10820276651,10820276680,1,"IOTHUB_CLIENT_CONFIRMATION_OK"
336,10820276984,10820277015,1,"IOTHUB_CLIENT_CONFIRMATION_OK"
337,10820277317,10820277347,1,"IOTHUB_CLIENT_CONFIRMATION_OK"
338,10820277650,10820277693,1,"IOTHUB_CLIENT_CONFIRMATION_OK"
339,10820277984,10820278020,1,"IOTHUB_CLIENT_CONFIRMATION_OK"
340,10820278317,10820278349,1,"IOTHUB_CLIENT_CONFIRMATION_OK"
341,10820278650,10820278678,1,"IOTHUB_CLIENT_CONFIRMATION_OK"
342,10820278983,10820279037,1,"IOTHUB_CLIENT_CONFIRMATION_OK"
343,10820279316,10820279348,1,"IOTHUB_CLIENT_CONFIRMATION_OK"
344,10820279649,10820279680,1,"IOTHUB_CLIENT_CONFIRMATION_OK"
345,10820279983,10820280071,1,"IOTHUB_CLIENT_CONFIRMATION_OK"
346,10820280316,10820280366,1,"IOTHUB_CLIENT_CONFIRMATION_OK"
347,10820280649,10820280690,1,"IOTHUB_CLIENT_CONFIRMATION_OK"
348,10820280982,10820281010,1,"IOTHUB_CLIENT_CONFIRMATION_OK"
349,10820281315,10820281355,1,"IOTHUB_CLIENT_CONFIRMATION_OK"
350,10820281648,10820281687,1,"IOTHUB_CLIENT_CONFIRMATION_OK"
351,10820281982,10820282009,1,"IOTHUB_CLIENT_CONFIRMATION_OK"
352,10820282315,10820282348,1,"IOTHUB_CLIENT_CONFIRMATION_OK"
353,10820282648,10820282682,1,"IOTHUB_CLIENT_CONFIRMATION_OK"
354,10820282981,10820283014,1,"IOTHUB_CLIENT_CONFIRMATION_OK"
355,10820283314,10820283346,1,"IOTHUB_CLIENT_CONFIRMATION_OK"
356,10820283647,10820283677,1,"IOTHUB_CLIENT_CONFIRMATION_OK"
357,10820283980,10820284010,1,"IOTHUB_CLIENT_CONFIRMATION_OK"
358,10820284314,10820284368,1,"IOTHUB_CLIENT_CONFIRMATION_OK"
359,10820284647,10820284674,1,"IOTHUB_CLIENT_CONFIRMATION_OK"
360,10820284980,10820285010,1,"IOTHUB_CLIENT_CONFIRMATION_OK"
361,10820285313,10820285346,1,"IOTHUB_CLIENT_CONFIRMATION_OK"
362,10820285646,10820285677,1,"IOTHUB_CLIENT_CONFIRMATION_OK"
363,10820285980,10820286021,1,"IOTHUB_CLIENT_CONFIRMATION_OK"
364,10820286313,10820286409,1,"IOTHUB_CLIENT_CONFIRMATION_OK"
365,10820286646,10820286678,1,"IOTHUB_CLIENT_CONFIRMATION_OK"
366,10820286979,10820287046,1,"IOTHUB_CLIENT_CONFIRMATION_OK"
367,10820287312,10820287344,1,"IOTHUB_CLIENT_CONFIRMATION_OK"
368,10820287645,10820287673,1,"IOTHUB_CLIENT_CONFIRMATION_OK"
369,10820287978,10820288006,1,"IOTHUB_CLIENT_CONFIRMATION_OK"
370,10820288312,10820288343,1,"IOTHUB_CLIENT_CONFIRMATION_OK"
371,10820288645,10820288699,1,"IOTHUB_CLIENT_CONFIRMATION_OK"
372,10820288978,10820289008,1,"IOTHUB_CLIENT_CONFIRMATION_OK"
373,10820289311,10820289339,1,"IOTHUB_CLIENT_CONFIRMATION_OK"
374,10820289644,10820289673,1,"IOTHUB_CLIENT_CONFIRMATION_OK"
375,10820289977,10820290012,1,"IOTHUB_CLIENT_CONFIRMATION_OK"
376,10820290311,10820290513,1,"IOTHUB_CLIENT_CONFIRMATION_OK"
377,10820290644,10820290674,1,"IOTHUB_CLIENT_CONFIRMATION_OK"
378,10820290977,10820291009,1,"IOTHUB_CLIENT_CONFIRMATION_OK"
379,10820291310,10820291344,1,"IOTHUB_CLIENT_CONFIRMATION_OK"
380,10820291643,10820291670,1,"IOTHUB_CLIENT_CONFIRMATION_OK"
381,10820291976,10820292006,1,"IOTHUB_CLIENT_CONFIRMATION_OK"
382,10820292310,10820292343,1,"IOTHUB_CLIENT_CONFIRMATION_OK"
383,10820292643,10820292755,1,"IOTHUB_CLIENT_CONFIRMATION_OK"
384,10820292976,10820293006,1,"IOTHUB_CLIENT_CONFIRMATION_OK"
385,10820293309,10820293371,1,"IOTHUB_CLIENT_CONFIRMATION_OK"
386,10820293642,10820293674,1,"IOTHUB_CLIENT_CONFIRMATION_OK"
387,10820293975,10820294008,1,"IOTHUB_CLIENT_CONFIRMATION_OK"
388,10820294309,10820294340,1,"IOTHUB_CLIENT_CONFIRMATION_OK"
389,10820294642,10820294671,1,"IOTHUB_CLIENT_CONFIRMATION_OK"
390,10820294975,10820295008,1,"IOTHUB_CLIENT_CONFIRMATION_OK"
391,10820295308,10820295336,1,"IOTHUB_CLIENT_CONFIRMATION_OK"
392,10820295641,10820295708,1,"IOTHUB_CLIENT_CONFIRMATION_OK"
393,10820295974,10820296006,1,"IOTHUB_CLIENT_CONFIRMATION_OK"
394,10820296308,10820296344,1,"IOTHUB_CLIENT_CONFIRMATION_OK"
395,10820296641,10820296687,1,"IOTHUB_CLIENT_CONFIRMATION_OK"
396,10820296974,10820297005,1,"IOTHUB_CLIENT_CONFIRMATION_OK"
397,10820297307,10820297344,1,"IOTHUB_CLIENT_CONFIRMATION_OK"
398,10820297640,10820297671,1,"IOTHUB_CLIENT_CONFIRMATION_OK"
399,10820297973,10820298004,1,"IOTHUB_CLIENT_CONFIRMATION_OK"
400,10820298306,10820298341,1,"IOTHUB_CLIENT_CONFIRMATION_OK"
401,10820298640,10820298672,1,"IOTHUB_CLIENT_CONFIRMATION_OK"
402,10820298973,10820299006,1,"IOTHUB_CLIENT_CONFIRMATION_OK"
403,10820299306,10820299355,1,"IOTHUB_CLIENT_CONFIRMATION_OK"
404,10820299639,10820299670,1,"IOTHUB_CLIENT_CONFIRMATION_OK"
405,10820299972,10820300004,1,"IOTHUB_CLIENT_CONFIRMATION_OK"
406,10820300305,10820300333,1,"IOTHUB_CLIENT_CONFIRMATION_OK"
407,10820300639,10820300764,1,"IOTHUB_CLIENT_CONFIRMATION_OK"
408,10820300972,10820301002,1,"IOTHUB_CLIENT_CONFIRMATION_OK"
409,10820301305,10820301389,1,"IOTHUB_CLIENT_CONFIRMATION_OK"
410,10820301638,10820301669,1,"IOTHUB_CLIENT_CONFIRMATION_OK"
411,10820301971,10820302017,1,"IOTHUB_CLIENT_CONFIRMATION_OK"
412,10820302304,10820302333,1,"IOTHUB_CLIENT_CONFIRMATION_OK"
413,10820302638,10820302668,1,"IOTHUB_CLIENT_CONFIRMATION_OK"
414,10820302971,10820303015,1,"IOTHUB_CLIENT_CONFIRMATION_OK"
415,10820303304,10820303334,1,"IOTHUB_CLIENT_CONFIRMATION_OK"
416,10820303637,10820303670,1,"IOTHUB_CLIENT_CONFIRMATION_OK"
417,10820303970,10820304022,1,"IOTHUB_CLIENT_CONFIRMATION_OK"
418,10820304303,10820304335,1,"IOTHUB_CLIENT_CONFIRMATION_OK"
419,10820304637,10820304668,1,"IOTHUB_CLIENT_CONFIRMATION_OK"
420,10820304970,10820304998,1,"IOTHUB_CLIENT_CONFIRMATION_OK"
421,10820305303,10820305335,1,"IOTHUB_CLIENT_CONFIRMATION_OK"
422,10820305636,10820305665,1,"IOTHUB_CLIENT_CONFIRMATION_OK"
423,10820305969,10820306004,1,"IOTHUB_CLIENT_CONFIRMATION_OK"
424,10820306302,10820306348,1,"IOTHUB_CLIENT_CONFIRMATION_OK"
425,10820306636,10820306793,1,"IOTHUB_CLIENT_CONFIRMATION_OK"
426,10820306969,10820307003,1,"IOTHUB_CLIENT_CONFIRMATION_OK"
427,10820307302,10820307334,1,"IOTHUB_CLIENT_CONFIRMATION_OK"
428,10820307635,10820307663,1,"IOTHUB_CLIENT_CONFIRMATION_OK"
429,10820307968,10820308005,1,"IOTHUB_CLIENT_CONFIRMATION_OK"
430,10820308301,10820308332,1,"IOTHUB_CLIENT_CONFIRMATION_OK"
431,10820308634,10820308675,1,"IOTHUB_CLIENT_CONFIRMATION_OK"
432,10820308968,10820309000,1,"IOTHUB_CLIENT_CONFIRMATION_OK"
433,10820309301,10820309435,1,"IOTHUB_CLIENT_CONFIRMATION_OK"
434,10820309634,10820309665,1,"IOTHUB_CLIENT_CONFIRMATION_OK"
435,10820309967,10820310001,1,"IOTHUB_CLIENT_CONFIRMATION_OK"
436,10820310300,10820310332,1,"IOTHUB_CLIENT_CONFIRMATION_OK"
437,10820310633,10820310662,1,"IOTHUB_CLIENT_CONFIRMATION_OK"
438,10820310967,10820311060,1,"IOTHUB_CLIENT_CONFIRMATION_OK"
439,10820311300,10820311330,1,"IOTHUB_CLIENT_CONFIRMATION_OK"
440,10820311633,10820311690,1,"IOTHUB_CLIENT_CONFIRMATION_OK"
441,10820311966,10820311996,1,"IOTHUB_CLIENT_CONFIRMATION_OK"
442,10820312299,10820312394,1,"IOTHUB_CLIENT_CONFIRMATION_OK"
443,10820312632,10820312662,1,"IOTHUB_CLIENT_CONFIRMATION_OK"
444,10820312966,10820312997,1,"IOTHUB_CLIENT_CONFIRMATION_OK"
445,10820313299,10820313433,1,"IOTHUB_CLIENT_CONFIRMATION_OK"
446,10820313632,10820313663,1,"IOTHUB_CLIENT_CONFIRMATION_OK"
447,10820313965,10820314051,1,"IOTHUB_CLIENT_CONFIRMATION_OK"
448,10820314298,10820314331,1,"IOTHUB_CLIENT_CONFIRMATION_OK"
449,10820314631,10820314712,1,"IOTHUB_CLIENT_CONFIRMATION_OK"
450,10820314965,10820314992,1,"IOTHUB_CLIENT_CONFIRMATION_OK"
451,10820315298,10820315325,1,"IOTHUB_CLIENT_CONFIRMATION_OK"
452,10820315631,10820315725,1,"IOTHUB_CLIENT_CONFIRMATION_OK"
453,10820315964,10820315996,1,"IOTHUB_CLIENT_CONFIRMATION_OK"
454,10820316297,10820316339,1,"IOTHUB_CLIENT_CONFIRMATION_OK"
455,10820316630,10820316657,1,"IOTHUB_CLIENT_CONFIRMATION_OK"
456,10820316964,10820317001,1,"IOTHUB_CLIENT_CONFIRMATION_OK"
457,10820317297,10820317341,1,"IOTHUB_CLIENT_CONFIRMATION_OK"
458,10820317630,10820317661,1,"IOTHUB_CLIENT_CONFIRMATION_OK"
459,10820317963,10820318025,1,"IOTHUB_CLIENT_CONFIRMATION_OK"
460,10820318296,10820318331,1,"IOTHUB_CLIENT_CONFIRMATION_OK"
461,10820318629,10820318661,1,"IOTHUB_CLIENT_CONFIRMATION_OK"
462,10820318963,10820318993,1,"IOTHUB_CLIENT_CONFIRMATION_OK"
463,10820319296,10820319326,1,"IOTHUB_CLIENT_CONFIRMATION_OK"
464,10820319629,10820319660,1,"IOTHUB_CLIENT_CONFIRMATION_OK"
465,10820319962,10820319994,1,"IOTHUB_CLIENT_CONFIRMATION_OK"
466,10820320295,10820320333,1,"IOTHUB_CLIENT_CONFIRMATION_OK"
467,10820320628,10820320660,1,"IOTHUB_CLIENT_CONFIRMATION_OK"
468,10820320962,10820320992,1,"IOTHUB_CLIENT_CONFIRMATION_OK"
469,10820321295,10820321406,1,"IOTHUB_CLIENT_CONFIRMATION_OK"
470,10820321628,10820321658,1,"IOTHUB_CLIENT_CONFIRMATION_OK"
471,10820321961,10820322038,1,"IOTHUB_CLIENT_CONFIRMATION_OK"
472,10820322294,10820322332,1,"IOTHUB_CLIENT_CONFIRMATION_OK"
473,10820322627,10820322677,1,"IOTHUB_CLIENT_CONFIRMATION_OK"
474,10820322960,10820322991,1,"IOTHUB_CLIENT_CONFIRMATION_OK"
475,10820323294,10820323325,1,"IOTHUB_CLIENT_CONFIRMATION_OK"
476,10820323627,10820323744,1,"IOTHUB_CLIENT_CONFIRMATION_OK"
477,10820323960,10820323997,1,"IOTHUB_CLIENT_CONFIRMATION_OK"
478,10820324293,10820324354,1,"IOTHUB_CLIENT_CONFIRMATION_OK"
479,10820324626,10820324659,1,"IOTHUB_CLIENT_CONFIRMATION_OK"
480,10820324959,10820324986,1,"IOTHUB_CLIENT_CONFIRMATION_OK"
481,10820325293,10820325323,1,"IOTHUB_CLIENT_CONFIRMATION_OK"
482,10820325626,10820325654,1,"IOTHUB_CLIENT_CONFIRMATION_OK"
483,10820325959,10820325992,1,"IOTHUB_CLIENT_CONFIRMATION_OK"
484,10820326292,10820326326,1,"IOTHUB_CLIENT_CONFIRMATION_OK"
485,10820326625,10820326656,1,"IOTHUB_CLIENT_CONFIRMATION_OK"
486,10820326958,10820326992,1,"IOTHUB_CLIENT_CONFIRMATION_OK"
487,10820327292,10820327319,1,"IOTHUB_CLIENT_CONFIRMATION_OK"
488,10820327625,10820327806,1,"IOTHUB_CLIENT_CONFIRMATION_OK"
489,10820327958,10820327991,1,"IOTHUB_CLIENT_CONFIRMATION_OK"
490,10820328291,10820328320,1,"IOTHUB_CLIENT_CONFIRMATION_OK"
491,10820328624,10820328656,1,"IOTHUB_CLIENT_CONFIRMATION_OK"
492,10820328957,10820328988,1,"IOTHUB_CLIENT_CONFIRMATION_OK"
493,10820329291,10820329318,1,"IOTHUB_CLIENT_CONFIRMATION_OK"
494,10820329624,10820329656,1,"IOTHUB_CLIENT_CONFIRMATION_OK"
495,10820329957,10820330038,1,"IOTHUB_CLIENT_CONFIRMATION_OK"
496,10820330290,10820330319,1,"IOTHUB_CLIENT_CONFIRMATION_OK"
497,10820330623,10820330659,1,"IOTHUB_CLIENT_CONFIRMATION_OK"
498,10820330956,10820330986,1,"IOTHUB_CLIENT_CONFIRMATION_OK"
499,10820331290,10820331348,1,"IOTHUB_CLIENT_CONFIRMATION_OK"
500,10820331623,10820331656,1,"IOTHUB_CLIENT_CONFIRMATION_OK"
501,10820331956,10820332000,1,"IOTHUB_CLIENT_CONFIRMATION_OK"
502,10820332289,10820332323,1,"IOTHUB_CLIENT_CONFIRMATION_OK"
503,10820332622,10820332668,1,"IOTHUB_CLIENT_CONFIRMATION_OK"
504,10820332955,10820332983,1,"IOTHUB_CLIENT_CONFIRMATION_OK"
505,10820333289,10820333325,1,"IOTHUB_CLIENT_CONFIRMATION_OK"
506,10820333622,10820333652,1,"IOTHUB_CLIENT_CONFIRMATION_OK"
507,10820333955,10820334004,1,"IOTHUB_CLIENT_CONFIRMATION_OK"
508,10820334288,10820334342,1,"IOTHUB_CLIENT_CONFIRMATION_OK"
509,10820334621,10820334653,1,"IOTHUB_CLIENT_CONFIRMATION_OK"
510,10820334954,10820334986,1,"IOTHUB_CLIENT_CONFIRMATION_OK"
511,10820335288,10820335315,1,"IOTHUB_CLIENT_CONFIRMATION_OK"
512,10820335621,10820335652,1,"IOTHUB_CLIENT_CONFIRMATION_OK"
513,10820335954,10820335981,1,"IOTHUB_CLIENT_CONFIRMATION_OK"
514,10820336287,10820336325,1,"IOTHUB_CLIENT_CONFIRMATION_OK"
515,10820336620,10820336648,1,"IOTHUB_CLIENT_CONFIRMATION_OK"
516,10820336954,10820336982,1,"IOTHUB_CLIENT_CONFIRMATION_OK"
517,10820337287,10820337318,1,"IOTHUB_CLIENT_CONFIRMATION_OK"
518,10820337620,10820337651,1,"IOTHUB_CLIENT_CONFIRMATION_OK"
519,10820337953,10820338066,1,"IOTHUB_CLIENT_CONFIRMATION_OK"
520,10820338286,10820338316,1,"IOTHUB_CLIENT_CONFIRMATION_OK"
521,10820338619,10820338683,1,"IOTHUB_CLIENT_CONFIRMATION_OK"
522,10820338952,10820338983,1,"IOTHUB_CLIENT_CONFIRMATION_OK"
523,10820339286,10820339313,1,"IOTHUB_CLIENT_CONFIRMATION_OK"
524,10820339619,10820339652,1,"IOTHUB_CLIENT_CONFIRMATION_OK"
525,10820339952,10820339987,1,"IOTHUB_CLIENT_CONFIRMATION_OK"
526,10820340285,10820340316,1,"IOTHUB_CLIENT_CONFIRMATION_OK"
527,10820340618,10820340647,1,"IOTHUB_CLIENT_CONFIRMATION_OK"
528,10820340952,10820340982,1,"IOTHUB_CLIENT_CONFIRMATION_OK"
529,10820341285,10820341315,1,"IOTHUB_CLIENT_CONFIRMATION_OK"
530,10820341618,10820341648,1,"IOTHUB_CLIENT_CONFIRMATION_OK"
531,10820341951,10820341983,1,"IOTHUB_CLIENT_CONFIRMATION_OK"
532,10820342284,10820342315,1,"IOTHUB_CLIENT_CONFIRMATION_OK"
533,10820342617,10820342780,1,"IOTHUB_CLIENT_CONFIRMATION_OK"
534,10820342951,10820342986,1,"IOTHUB_CLIENT_CONFIRMATION_OK"
535,10820343284,10820343314,1,"IOTHUB_CLIENT_CONFIRMATION_OK"
536,10820343617,10820343647,1,"IOTHUB_CLIENT_CONFIRMATION_OK"
537,10820343950,10820343982,1,"IOTHUB_CLIENT_CONFIRMATION_OK"
538,10820344283,10820344414,1,"IOTHUB_CLIENT_CONFIRMATION_OK"
539,10820344616,10820344647,1,"IOTHUB_CLIENT_CONFIRMATION_OK"
540,10820344949,10820345019,1,"IOTHUB_CLIENT_CONFIRMATION_OK"
541,10820345283,10820345314,1,"IOTHUB_CLIENT_CONFIRMATION_OK"
542,10820345616,10820345647,1,"IOTHUB_CLIENT_CONFIRMATION_OK"
543,10820345949,10820345979,1,"IOTHUB_CLIENT_CONFIRMATION_OK"
544,10820346282,10820346314,1,"IOTHUB_CLIENT_CONFIRMATION_OK"
545,10820346615,10820346655,1,"IOTHUB_CLIENT_CONFIRMATION_OK"
546,10820346948,10820346979,1,"IOTHUB_CLIENT_CONFIRMATION_OK"
547,10820347282,10820347313,1,"IOTHUB_CLIENT_CONFIRMATION_OK"
548,10820347615,10820347644,1,"IOTHUB_CLIENT_CONFIRMATION_OK"
549,10820347948,10820347980,1,"IOTHUB_CLIENT_CONFIRMATION_OK"
550,10820348281,10820348483,1,"IOTHUB_CLIENT_CONFIRMATION_OK"
551,10820348614,10820348644,1,"IOTHUB_CLIENT_CONFIRMATION_OK"
552,10820348947,10820348986,1,"IOTHUB_CLIENT_CONFIRMATION_OK"
553,10820349281,10820349309,1,"IOTHUB_CLIENT_CONFIRMATION_OK"
554,10820349614,10820349650,1,"IOTHUB_CLIENT_CONFIRMATION_OK"
555,10820349947,10820349979,1,"IOTHUB_CLIENT_CONFIRMATION_OK"
556,10820350280,10820350309,1,"IOTHUB_CLIENT_CONFIRMATION_OK"
557,10820350613,10820350734,1,"IOTHUB_CLIENT_CONFIRMATION_OK"
558,10820350946,10820350973,1,"IOTHUB_CLIENT_CONFIRMATION_OK"
559,10820351280,10820351351,1,"IOTHUB_CLIENT_CONFIRMATION_OK"
560,10820351613,10820351645,1,"IOTHUB_CLIENT_CONFIRMATION_OK"
561,10820351946,10820351978,1,"IOTHUB_CLIENT_CONFIRMATION_OK"
562,10820352279,10820352310,1,"IOTHUB_CLIENT_CONFIRMATION_OK"
563,10820352612,10820352643,1,"IOTHUB_CLIENT_CONFIRMATION_OK"
564,10820352945,10820352980,1,"IOTHUB_CLIENT_CONFIRMATION_OK"
565,10820353279,10820353307,1,"IOTHUB_CLIENT_CONFIRMATION_OK"
566,10820353612,10820353643,1,"IOTHUB_CLIENT_CONFIRMATION_OK"
567,10820353945,10820353980,1,"IOTHUB_CLIENT_CONFIRMATION_OK"
568,10820354278,10820354310,1,"IOTHUB_CLIENT_CONFIRMATION_OK"
569,10820354611,10820354812,1,"IOTHUB_CLIENT_CONFIRMATION_OK"
570,10820354944,10820354976,1,"IOTHUB_CLIENT_CONFIRMATION_OK"
571,10820355278,10820355309,1,"IOTHUB_CLIENT_CONFIRMATION_OK"
572,10820355611,10820355642,1,"IOTHUB_CLIENT_CONFIRMATION_OK"
573,10820355944,10820355972,1,"IOTHUB_CLIENT_CONFIRMATION_OK"
574,10820356277,10820356309,1,"IOTHUB_CLIENT_CONFIRMATION_OK"
575,10820356610,10820356641,1,"IOTHUB_CLIENT_CONFIRMATION_OK"
576,10820356943,10820357028,1,"IOTHUB_CLIENT_CONFIRMATION_OK"
577,10820357277,10820357304,1,"IOTHUB_CLIENT_CONFIRMATION_OK"
578,10820357610,10820357665,1,"IOTHUB_CLIENT_CONFIRMATION_OK"
579,10820357943,10820357979,1,"IOTHUB_CLIENT_CONFIRMATION_OK"
580,10820358276,10820358308,1,"IOTHUB_CLIENT_CONFIRMATION_OK"
581,10820358609,10820358640,1,"IOTHUB_CLIENT_CONFIRMATION_OK"
582,10820358942,10820358977,1,"IOTHUB_CLIENT_CONFIRMATION_OK"
583,10820359275,10820359308,1,"IOTHUB_CLIENT_CONFIRMATION_OK"
584,10820359609,10820359642,1,"IOTHUB_CLIENT_CONFIRMATION_OK"
585,10820359942,10820359975,1,"IOTHUB_CLIENT_CONFIRMATION_OK"
586,10820360275,10820360306,1,"IOTHUB_CLIENT_CONFIRMATION_OK"
587,10820360608,10820360640,1,"IOTHUB_CLIENT_CONFIRMATION_OK"
588,10820360941,10820361123,1,"IOTHUB_CLIENT_CONFIRMATION_OK"
589,10820361274,10820361302,1,"IOTHUB_CLIENT_CONFIRMATION_OK"
590,10820361608,10820361640,1,"IOTHUB_CLIENT_CONFIRMATION_OK"
591,10820361941,10820361970,1,"IOTHUB_CLIENT_CONFIRMATION_OK"
592,10820362274,10820362302,1,"IOTHUB_CLIENT_CONFIRMATION_OK"
593,10820362607,10820362643,1,"IOTHUB_CLIENT_CONFIRMATION_OK"
594,10820362940,10820362970,1,"IOTHUB_CLIENT_CONFIRMATION_OK"
595,10820363273,10820363380,1,"IOTHUB_CLIENT_CONFIRMATION_OK"
596,10820363607,10820363637,1,"IOTHUB_CLIENT_CONFIRMATION_OK"
597,10820363940,10820363985,1,"IOTHUB_CLIENT_CONFIRMATION_OK"
598,10820364273,10820364304,1,"IOTHUB_CLIENT_CONFIRMATION_OK"
599,10820364606,10820364638,1,"IOTHUB_CLIENT_CONFIRMATION_OK"
600,10820364939,10820364990,1,"IOTHUB_CLIENT_CONFIRMATION_OK"
601,10820365272,10820365302,1,"IOTHUB_CLIENT_CONFIRMATION_OK"
602,10820365606,10820365639,1,"IOTHUB_CLIENT_CONFIRMATION_OK"
603,10820365939,10820365971,1,"IOTHUB_CLIENT_CONFIRMATION_OK"
604,10820366272,10820366302,1,"IOTHUB_CLIENT_CONFIRMATION_OK"
605,10820366605,10820366636,1,"IOTHUB_CLIENT_CONFIRMATION_OK"
606,10820366938,10820366970,1,"IOTHUB_CLIENT_CONFIRMATION_OK"
607,10820367271,10820367314,1,"IOTHUB_CLIENT_CONFIRMATION_OK"
608,10820367605,10820367634,1,"IOTHUB_CLIENT_CONFIRMATION_OK"
609,10820367938,10820367984,1,"IOTHUB_CLIENT_CONFIRMATION_OK"
610,10820368271,10820368302,1,"IOTHUB_CLIENT_CONFIRMATION_OK"
611,10820368604,10820368638,1,"IOTHUB_CLIENT_CONFIRMATION_OK"
612,10820368937,10820369065,1,"IOTHUB_CLIENT_CONFIRMATION_OK"
613,10820369270,10820369301,1,"IOTHUB_CLIENT_CONFIRMATION_OK"
614,10820369604,10820369685,1,"IOTHUB_CLIENT_CONFIRMATION_OK"
615,10820369937,10820369963,1,"IOTHUB_CLIENT_CONFIRMATION_OK"
616,10820370270,10820370341,1,"IOTHUB_CLIENT_CONFIRMATION_OK"
617,10820370603,10820370635,1,"IOTHUB_CLIENT_CONFIRMATION_OK"
618,10820370936,10820370963,1,"IOTHUB_CLIENT_CONFIRMATION_OK"
619,10820371269,10820371363,1,"IOTHUB_CLIENT_CONFIRMATION_OK"
620,10820371603,10820371636,1,"IOTHUB_CLIENT_CONFIRMATION_OK"
621,10820371936,10820371995,1,"IOTHUB_CLIENT_CONFIRMATION_OK"
622,10820372269,10820372299,1,"IOTHUB_CLIENT_CONFIRMATION_OK"
623,10820372602,10820372633,1,"IOTHUB_CLIENT_CONFIRMATION_OK"
624,10820372935,10820372969,1,"IOTHUB_CLIENT_CONFIRMATION_OK"
625,10820373268,10820373393,1,"IOTHUB_CLIENT_CONFIRMATION_OK"
626,10820373601,10820373633,1,"IOTHUB_CLIENT_CONFIRMATION_OK"
627,10820373935,10820373966,1,"IOTHUB_CLIENT_CONFIRMATION_OK"
628,10820374268,10820374297,1,"IOTHUB_CLIENT_CONFIRMATION_OK"
629,10820374601,10820374632,1,"IOTHUB_CLIENT_CONFIRMATION_OK"
630,10820374934,10820374962,1,"IOTHUB_CLIENT_CONFIRMATION_OK"
631,10820375267,10820375296,1,"IOTHUB_CLIENT_CONFIRMATION_OK"
632,10820375600,10820375776,1,"IOTHUB_CLIENT_CONFIRMATION_OK"
633,10820375934,10820375975,1,"IOTHUB_CLIENT_CONFIRMATION_OK"
634,10820376267,10820376295,1,"IOTHUB_CLIENT_CONFIRMATION_OK"
635,10820376600,10820376627,1,"IOTHUB_CLIENT_CONFIRMATION_OK"
636,10820376933,10820376961,1,"IOTHUB_CLIENT_CONFIRMATION_OK"
637,10820377266,10820377301,1,"IOTHUB_CLIENT_CONFIRMATION_OK"
638,10820377599,10820377630,1,"IOTHUB_CLIENT_CONFIRMATION_OK"
639,10820377933,10820377960,1,"IOTHUB_CLIENT_CONFIRMATION_OK"
640,10820378266,10820378297,1,"IOTHUB_CLIENT_CONFIRMATION_OK"
641,10820378599,10820378629,1,"IOTHUB_CLIENT_CONFIRMATION_OK"
642,10820378932,10820378969,1,"IOTHUB_CLIENT_CONFIRMATION_OK"
643,10820379265,10820379296,1,"IOTHUB_CLIENT_CONFIRMATION_OK"
644,10820379598,10820379629,1,"IOTHUB_CLIENT_CONFIRMATION_OK"
645,10820379932,10820380046,1,"IOTHUB_CLIENT_CONFIRMATION_OK"
646,10820380265,10820380297,1,"IOTHUB_CLIENT_CONFIRMATION_OK"
647,10820380598,10820380642,1,"IOTHUB_CLIENT_CONFIRMATION_OK"
648,10820380931,10820380962,1,"IOTHUB_CLIENT_CONFIRMATION_OK"
649,10820381264,10820381293,1,"IOTHUB_CLIENT_CONFIRMATION_OK"
650,10820381597,10820381651,1,"IOTHUB_CLIENT_CONFIRMATION_OK"
651,10820381931,10820381997,1,"IOTHUB_CLIENT_CONFIRMATION_OK"
652,10820382264,10820382296,1,"IOTHUB_CLIENT_CONFIRMATION_OK"
653,10820382597,10820382628,1,"IOTHUB_CLIENT_CONFIRMATION_OK"
654,10820382930,10820382964,1,"IOTHUB_CLIENT_CONFIRMATION_OK"
655,10820383263,10820383296,1,"IOTHUB_CLIENT_CONFIRMATION_OK"
656,10820383596,10820383630,1,"IOTHUB_CLIENT_CONFIRMATION_OK"
657,10820383930,10820383962,1,"IOTHUB_CLIENT_CONFIRMATION_OK"
658,10820384263,10820384293,1,"IOTHUB_CLIENT_CONFIRMATION_OK"
659,10820384596,10820384629,1,"IOTHUB_CLIENT_CONFIRMATION_OK"
660,10820384929,10820384963,1,"IOTHUB_CLIENT_CONFIRMATION_OK"
661,10820385262,10820385290,1,"IOTHUB_CLIENT_CONFIRMATION_OK"
662,10820385595,10820385711,1,"IOTHUB_CLIENT_CONFIRMATION_OK"
663,10820385928,10820385963,1,"IOTHUB_CLIENT_CONFIRMATION_OK"
664,10820386262,10820386331,1,"IOTHUB_CLIENT_CONFIRMATION_OK"
665,10820386595,10820386646,1,"IOTHUB_CLIENT_CONFIRMATION_OK"
666,10820386928,10820386960,1,"IOTHUB_CLIENT_CONFIRMATION_OK"
667,10820387261,10820387296,1,"IOTHUB_CLIENT_CONFIRMATION_OK"
668,10820387594,10820387625,1,"IOTHUB_CLIENT_CONFIRMATION_OK"
669,10820387927,10820387958,1,"IOTHUB_CLIENT_CONFIRMATION_OK"
670,10820388261,10820388292,1,"IOTHUB_CLIENT_CONFIRMATION_OK"
671,10820388594,10820388625,1,"IOTHUB_CLIENT_CONFIRMATION_OK"
672,10820388927,10820388957,1,"IOTHUB_CLIENT_CONFIRMATION_OK"
673,10820389260,10820389288,1,"IOTHUB_CLIENT_CONFIRMATION_OK"
674,10820389593,10820389630,1,"IOTHUB_CLIENT_CONFIRMATION_OK"
675,10820389926,10820389985,1,"IOTHUB_CLIENT_CONFIRMATION_OK"
676,10820390259,10820390291,1,"IOTHUB_CLIENT_CONFIRMATION_OK"
677,10820390593,10820390627,1,"IOTHUB_CLIENT_CONFIRMATION_OK"
678,10820390926,10820390963,1,"IOTHUB_CLIENT_CONFIRMATION_OK"
679,10820391259,10820391299,1,"IOTHUB_CLIENT_CONFIRMATION_OK"
680,10820391592,10820391642,1,"IOTHUB_CLIENT_CONFIRMATION_OK"
681,10820391925,10820392009,1,"IOTHUB_CLIENT_CONFIRMATION_OK"
682,10820392258,10820392288,1,"IOTHUB_CLIENT_CONFIRMATION_OK"
683,10820392592,10820392628,1,"IOTHUB_CLIENT_CONFIRMATION_OK"
684,10820392925,10820392959,1,"IOTHUB_CLIENT_CONFIRMATION_OK"
685,10820393258,10820393289,1,"IOTHUB_CLIENT_CONFIRMATION_OK"
686,10820393591,10820393619,1,"IOTHUB_CLIENT_CONFIRMATION_OK"
687,10820393924,10820393954,1,"IOTHUB_CLIENT_CONFIRMATION_OK"
688,10820394257,10820394286,1,"IOTHUB_CLIENT_CONFIRMATION_OK"
689,10820394591,10820394619,1,"IOTHUB_CLIENT_CONFIRMATION_OK"
690,10820394924,10820394959,1,"IOTHUB_CLIENT_CONFIRMATION_OK"
691,10820395257,10820395290,1,"IOTHUB_CLIENT_CONFIRMATION_OK"
692,10820395590,10820395621,1,"IOTHUB_CLIENT_CONFIRMATION_OK"
693,10820395923,10820396105,1,"IOTHUB_CLIENT_CONFIRMATION_OK"
694,10820396256,10820396292,1,"IOTHUB_CLIENT_CONFIRMATION_OK"
695,10820396590,10820396624,1,"IOTHUB_CLIENT_CONFIRMATION_OK"
696,10820396923,10820396985,1,"IOTHUB_CLIENT_CONFIRMATION_OK"
697,10820397256,10820397290,1,"IOTHUB_CLIENT_CONFIRMATION_OK"
698,10820397589,10820397618,1,"IOTHUB_CLIENT_CONFIRMATION_OK"
699,10820397922,10820397953,1,"IOTHUB_CLIENT_CONFIRMATION_OK"
700,10820398255,10820398426,1,"IOTHUB_CLIENT_CONFIRMATION_OK"
701,10820398589,10820398621,1,"IOTHUB_CLIENT_CONFIRMATION_OK"
702,10820398922,10820398949,1,"IOTHUB_CLIENT_CONFIRMATION_OK"
703,10820399255,10820399284,1,"IOTHUB_CLIENT_CONFIRMATION_OK"
704,10820399588,10820399620,1,"IOTHUB_CLIENT_CONFIRMATION_OK"
705,10820399921,10820399951,1,"IOTHUB_CLIENT_CONFIRMATION_OK"
706,10820400254,10820400287,1,"IOTHUB_CLIENT_CONFIRMATION_OK"
707,10820400588,10820400675,1,"IOTHUB_CLIENT_CONFIRMATION_OK"
708,10820400921,10820400970,1,"IOTHUB_CLIENT_CONFIRMATION_OK"
709,10820401254,10820401288,1,"IOTHUB_CLIENT_CONFIRMATION_OK"
710,10820401587,10820401617,1,"IOTHUB_CLIENT_CONFIRMATION_OK"
711,10820401920,10820401957,1,"IOTHUB_CLIENT_CONFIRMATION_OK"
712,10820402253,10820402300,1,"IOTHUB_CLIENT_CONFIRMATION_OK"
713,10820402587,10820402617,1,"IOTHUB_CLIENT_CONFIRMATION_OK"
714,10820402920,10820402960,1,"IOTHUB_CLIENT_CONFIRMATION_OK"
715,10820403253,10820403288,1,"IOTHUB_CLIENT_CONFIRMATION_OK"
716,10820403586,10820403618,1,"IOTHUB_CLIENT_CONFIRMATION_OK"
717,10820403919,10820403950,1,"IOTHUB_CLIENT_CONFIRMATION_OK"
718,10820404252,10820404284,1,"IOTHUB_CLIENT_CONFIRMATION_OK"
719,10820404586,10820404635,1,"IOTHUB_CLIENT_CONFIRMATION_OK"
720,10820404919,10820404950,1,"IOTHUB_CLIENT_CONFIRMATION_OK"
721,10820405252,10820405279,1,"IOTHUB_CLIENT_CONFIRMATION_OK"
722,10820405585,10820405615,1,"IOTHUB_CLIENT_CONFIRMATION_OK"
723,10820405918,10820405948,1,"IOTHUB_CLIENT_CONFIRMATION_OK"
724,10820406251,10820406284,1,"IOTHUB_CLIENT_CONFIRMATION_OK"
725,10820406585,10820406616,1,"IOTHUB_CLIENT_CONFIRMATION_OK"
726,10820406918,10820406962,1,"IOTHUB_CLIENT_CONFIRMATION_OK"
727,10820407251,10820407278,1,"IOTHUB_CLIENT_CONFIRMATION_OK"
728,10820407584,10820407619,1,"IOTHUB_CLIENT_CONFIRMATION_OK"
729,10820407917,10820407948,1,"IOTHUB_CLIENT_CONFIRMATION_OK"
730,10820408250,10820408288,1,"IOTHUB_CLIENT_CONFIRMATION_OK"
731,10820408583,10820408685,1,"IOTHUB_CLIENT_CONFIRMATION_OK"
732,10820408917,10820408946,1,"IOTHUB_CLIENT_CONFIRMATION_OK"
733,10820409250,10820409304,1,"IOTHUB_CLIENT_CONFIRMATION_OK"
734,10820409583,10820409615,1,"IOTHUB_CLIENT_CONFIRMATION_OK"
735,10820409916,10820409947,1,"IOTHUB_CLIENT_CONFIRMATION_OK"
736,10820410249,10820410308,1,"IOTHUB_CLIENT_CONFIRMATION_OK"
737,10820410582,10820410615,1,"IOTHUB_CLIENT_CONFIRMATION_OK"
738,10820410916,10820410964,1,"IOTHUB_CLIENT_CONFIRMATION_OK"
739,10820411249,10820411278,1,"IOTHUB_CLIENT_CONFIRMATION_OK"
740,10820411582,10820411613,1,"IOTHUB_CLIENT_CONFIRMATION_OK"
741,10820411915,10820411946,1,"IOTHUB_CLIENT_CONFIRMATION_OK"
742,10820412248,10820412280,1,"IOTHUB_CLIENT_CONFIRMATION_OK"
743,10820412581,10820412615,1,"IOTHUB_CLIENT_CONFIRMATION_OK"
744,10820412915,10820412946,1,"IOTHUB_CLIENT_CONFIRMATION_OK"
745,10820413248,10820413277,1,"IOTHUB_CLIENT_CONFIRMATION_OK"
746,10820413581,10820413611,1,"IOTHUB_CLIENT_CONFIRMATION_OK"
747,10820413914,10820413944,1,"IOTHUB_CLIENT_CONFIRMATION_OK"
748,10820414247,10820414372,1,"IOTHUB_CLIENT_CONFIRMATION_OK"
749,10820414580,10820414612,1,"IOTHUB_CLIENT_CONFIRMATION_OK"
750,10820414914,10820414988,1,"IOTHUB_CLIENT_CONFIRMATION_OK"
751,10820415247,10820415278,1,"IOTHUB_CLIENT_CONFIRMATION_OK"
752,10820415580,10820415613,1,"IOTHUB_CLIENT_CONFIRMATION_OK"
753,10820415913,10820415944,1,"IOTHUB_CLIENT_CONFIRMATION_OK"
754,10820416246,10820416279,1,"IOTHUB_CLIENT_CONFIRMATION_OK"
755,10820416579,10820416733,1,"IOTHUB_CLIENT_CONFIRMATION_OK"
756,10820416912,10820416940,1,"IOTHUB_CLIENT_CONFIRMATION_OK"
757,10820417246,10820417276,1,"IOTHUB_CLIENT_CONFIRMATION_OK"
758,10820417579,10820417630,1,"IOTHUB_CLIENT_CONFIRMATION_OK"
759,10820417912,10820417940,1,"IOTHUB_CLIENT_CONFIRMATION_OK"
760,10820418245,10820418274,1,"IOTHUB_CLIENT_CONFIRMATION_OK"
761,10820418578,10820418611,1,"IOTHUB_CLIENT_CONFIRMATION_OK"
762,10820418911,10820418975,1,"IOTHUB_CLIENT_CONFIRMATION_OK"
763,10820419245,10820419275,1,"IOTHUB_CLIENT_CONFIRMATION_OK"
764,10820419578,10820419605,1,"IOTHUB_CLIENT_CONFIRMATION_OK"
765,10820419911,10820419945,1,"IOTHUB_CLIENT_CONFIRMATION_OK"
766,10820420244,10820420277,1,"IOTHUB_CLIENT_CONFIRMATION_OK"
767,10820420577,10820420609,1,"IOTHUB_CLIENT_CONFIRMATION_OK"
768,10820420910,10820420944,1,"IOTHUB_CLIENT_CONFIRMATION_OK"
769,10820421244,10820421275,1,"IOTHUB_CLIENT_CONFIRMATION_OK"
770,10820421577,10820421605,1,"IOTHUB_CLIENT_CONFIRMATION_OK"
771,10820421910,10820421941,1,"IOTHUB_CLIENT_CONFIRMATION_OK"
772,10820422243,10820422276,1,"IOTHUB_CLIENT_CONFIRMATION_OK"
773,10820422576,10820422608,1,"IOTHUB_CLIENT_CONFIRMATION_OK"
774,10820422909,10820423037,1,"IOTHUB_CLIENT_CONFIRMATION_OK"
775,10820423243,10820423276,1,"IOTHUB_CLIENT_CONFIRMATION_OK"
776,10820423576,10820423608,1,"IOTHUB_CLIENT_CONFIRMATION_OK"
777,10820423909,10820423943,1,"IOTHUB_CLIENT_CONFIRMATION_OK"
778,10820424242,10820424277,1,"IOTHUB_CLIENT_CONFIRMATION_OK"
779,10820424575,10820424732,1,"IOTHUB_CLIENT_CONFIRMATION_OK"
780,10820424908,10820424939,1,"IOTHUB_CLIENT_CONFIRMATION_OK"
781,10820425242,10820425347,1,"IOTHUB_CLIENT_CONFIRMATION_OK"
782,10820425575,10820425605,1,"IOTHUB_CLIENT_CONFIRMATION_OK"
783,10820425908,10820425942,1,"IOTHUB_CLIENT_CONFIRMATION_OK"
784,10820426241,10820426272,1,"IOTHUB_CLIENT_CONFIRMATION_OK"
785,10820426574,10820426606,1,"IOTHUB_CLIENT_CONFIRMATION_OK"
786,10820426907,10820426948,1,"IOTHUB_CLIENT_CONFIRMATION_OK"
787,10820427241,10820427267,1,"IOTHUB_CLIENT_CONFIRMATION_OK"
788,10820427574,10820427613,1,"IOTHUB_CLIENT_CONFIRMATION_OK"
789,10820427907,10820427935,1,"IOTHUB_CLIENT_CONFIRMATION_OK"
790,10820428240,10820428271,1,"IOTHUB_CLIENT_CONFIRMATION_OK"
791,10820428573,10820428617,1,"IOTHUB_CLIENT_CONFIRMATION_OK"
792,10820428906,10820428936,1,"IOTHUB_CLIENT_CONFIRMATION_OK"
793,10820429240,10820429271,1,"IOTHUB_CLIENT_CONFIRMATION_OK"
794,10820429573,10820429604,1,"IOTHUB_CLIENT_CONFIRMATION_OK"
795,10820429906,10820429934,1,"IOTHUB_CLIENT_CONFIRMATION_OK"
796,10820430239,10820430273,1,"IOTHUB_CLIENT_CONFIRMATION_OK"
797,10820430572,10820430602,1,"IOTHUB_CLIENT_CONFIRMATION_OK"
798,10820430905,10820430994,1,"IOTHUB_CLIENT_CONFIRMATION_OK"
799,10820431238,10820431269,1,"IOTHUB_CLIENT_CONFIRMATION_OK"
800,10820431572,10820431626,1,"IOTHUB_CLIENT_CONFIRMATION_OK"
801,10820431905,10820431955,1,"IOTHUB_CLIENT_CONFIRMATION_OK"
802,10820432238,10820432269,1,"IOTHUB_CLIENT_CONFIRMATION_OK"
803,10820432571,10820432602,1,"IOTHUB_CLIENT_CONFIRMATION_OK"
804,10820432904,10820432945,1,"IOTHUB_CLIENT_CONFIRMATION_OK"
805,10820433237,10820433274,1,"IOTHUB_CLIENT_CONFIRMATION_OK"
806,10820433571,10820433605,1,"IOTHUB_CLIENT_CONFIRMATION_OK"
807,10820433904,10820433933,1,"IOTHUB_CLIENT_CONFIRMATION_OK"
808,10820434237,10820434284,1,"IOTHUB_CLIENT_CONFIRMATION_OK"
809,10820434570,10820434611,1,"IOTHUB_CLIENT_CONFIRMATION_OK"
810,10820434903,10820435073,1,"IOTHUB_CLIENT_CONFIRMATION_OK"
811,10820435236,10820435320,1,"IOTHUB_CLIENT_CONFIRMATION_OK"
812,10820435570,10820435600,1,"IOTHUB_CLIENT_CONFIRMATION_OK"
813,10820435903,10820435938,1,"IOTHUB_CLIENT_CONFIRMATION_OK"
814,10820436236,10820436269,1,"IOTHUB_CLIENT_CONFIRMATION_OK"
815,10820436569,10820436602,1,"IOTHUB_CLIENT_CONFIRMATION_OK"
816,10820436902,10820436933,1,"IOTHUB_CLIENT_CONFIRMATION_OK"
817,10820437235,10820437326,1,"IOTHUB_CLIENT_CONFIRMATION_OK"
818,10820437569,10820437598,1,"IOTHUB_CLIENT_CONFIRMATION_OK"
819,10820437902,10820437954,1,"IOTHUB_CLIENT_CONFIRMATION_OK"
820,10820438235,10820438265,1,"IOTHUB_CLIENT_CONFIRMATION_OK"
821,10820438568,10820438596,1,"IOTHUB_CLIENT_CONFIRMATION_OK"
822,10820438901,10820438932,1,"IOTHUB_CLIENT_CONFIRMATION_OK"
823,10820439234,10820439273,1,"IOTHUB_CLIENT_CONFIRMATION_OK"
824,10820439568,10820439607,1,"IOTHUB_CLIENT_CONFIRMATION_OK"
825,10820439901,10820439932,1,"IOTHUB_CLIENT_CONFIRMATION_OK"
826,10820440234,10820440264,1,"IOTHUB_CLIENT_CONFIRMATION_OK"
827,10820440567,10820440599,1,"IOTHUB_CLIENT_CONFIRMATION_OK"
828,10820440900,10820440998,1,"IOTHUB_CLIENT_CONFIRMATION_OK"
829,10820441233,10820441402,1,"IOTHUB_CLIENT_CONFIRMATION_OK"
830,10820441567,10820441597,1,"IOTHUB_CLIENT_CONFIRMATION_OK"
831,10820441900,10820441930,1,"IOTHUB_CLIENT_CONFIRMATION_OK"
832,10820442233,10820442267,1,"IOTHUB_CLIENT_CONFIRMATION_OK"
833,10820442566,10820442597,1,"IOTHUB_CLIENT_CONFIRMATION_OK"
834,10820442899,10820442931,1,"IOTHUB_CLIENT_CONFIRMATION_OK"
835,10820443232,10820443263,1,"IOTHUB_CLIENT_CONFIRMATION_OK"
836,10820443566,10820443641,1,"IOTHUB_CLIENT_CONFIRMATION_OK"
837,10820443899,10820443928,1,"IOTHUB_CLIENT_CONFIRMATION_OK"
838,10820444232,10820444267,1,"IOTHUB_CLIENT_CONFIRMATION_OK"
839,10820444565,10820444595,1,"IOTHUB_CLIENT_CONFIRMATION_OK"
840,10820444898,10820444928,1,"IOTHUB_CLIENT_CONFIRMATION_OK"
841,10820445231,10820445261,1,"IOTHUB_CLIENT_CONFIRMATION_OK"
842,10820445565,10820445616,1,"IOTHUB_CLIENT_CONFIRMATION_OK"
843,10820445898,10820445928,1,"IOTHUB_CLIENT_CONFIRMATION_OK"
844,10820446231,10820446274,1,"IOTHUB_CLIENT_CONFIRMATION_OK"
845,10820446564,10820446595,1,"IOTHUB_CLIENT_CONFIRMATION_OK"
846,10820446897,10820446929,1,"IOTHUB_CLIENT_CONFIRMATION_OK"
847,10820447230,10820447258,1,"IOTHUB_CLIENT_CONFIRMATION_OK"
848,10820447564,10820447725,1,"IOTHUB_CLIENT_CONFIRMATION_OK"
849,10820447897,10820447924,1,"IOTHUB_CLIENT_CONFIRMATION_OK"
850,10820448230,10820448260,1,"IOTHUB_CLIENT_CONFIRMATION_OK"
851,10820448563,10820448593,1,"IOTHUB_CLIENT_CONFIRMATION_OK"
852,10820448896,10820448927,1,"IOTHUB_CLIENT_CONFIRMATION_OK"
853,10820449229,10820449371,1,"IOTHUB_CLIENT_CONFIRMATION_OK"
854,10820449562,10820449593,1,"IOTHUB_CLIENT_CONFIRMATION_OK"
855,10820449896,10820449988,1,"IOTHUB_CLIENT_CONFIRMATION_OK"
856,10820450229,10820450264,1,"IOTHUB_CLIENT_CONFIRMATION_OK"
857,10820450562,10820450598,1,"IOTHUB_CLIENT_CONFIRMATION_OK"
858,10820450895,10820450928,1,"IOTHUB_CLIENT_CONFIRMATION_OK"
859,10820451228,10820451263,1,"IOTHUB_CLIENT_CONFIRMATION_OK"
860,10820451561,10820451677,1,"IOTHUB_CLIENT_CONFIRMATION_OK"
861,10820451895,10820451924,1,"IOTHUB_CLIENT_CONFIRMATION_OK"
862,10820452228,10820452294,1,"IOTHUB_CLIENT_CONFIRMATION_OK"
863,10820452561,10820452589,1,"IOTHUB_CLIENT_CONFIRMATION_OK"
864,10820452894,10820452926,1,"IOTHUB_CLIENT_CONFIRMATION_OK"
865,10820453227,10820453287,1,"IOTHUB_CLIENT_CONFIRMATION_OK"
866,10820453560,10820453591,1,"IOTHUB_CLIENT_CONFIRMATION_OK"
867,10820453894,10820453925,1,"IOTHUB_CLIENT_CONFIRMATION_OK"
868,10820454227,10820454258,1,"IOTHUB_CLIENT_CONFIRMATION_OK"
869,10820454560,10820454590,1,"IOTHUB_CLIENT_CONFIRMATION_OK"
870,10820454893,10820454922,1,"IOTHUB_CLIENT_CONFIRMATION_OK"
871,10820455226,10820455259,1,"IOTHUB_CLIENT_CONFIRMATION_OK"
872,10820455559,10820455590,1,"IOTHUB_CLIENT_CONFIRMATION_OK"
873,10820455892,10820455921,1,"IOTHUB_CLIENT_CONFIRMATION_OK"
874,10820456226,10820456255,1,"IOTHUB_CLIENT_CONFIRMATION_OK"
875,10820456559,10820456589,1,"IOTHUB_CLIENT_CONFIRMATION_OK"
876,10820456892,10820456921,1,"IOTHUB_CLIENT_CONFIRMATION_OK"
877,10820457225,10820457256,1,"IOTHUB_CLIENT_CONFIRMATION_OK"
878,10820457558,10820457588,1,"IOTHUB_CLIENT_CONFIRMATION_OK"
879,10820457891,10820458062,1,"IOTHUB_CLIENT_CONFIRMATION_OK"
880,10820458225,10820458255,1,"IOTHUB_CLIENT_CONFIRMATION_OK"
881,10820458558,10820458590,1,"IOTHUB_CLIENT_CONFIRMATION_OK"
882,10820458891,10820458922,1,"IOTHUB_CLIENT_CONFIRMATION_OK"
883,10820459224,10820459252,1,"IOTHUB_CLIENT_CONFIRMATION_OK"
884,10820459557,10820459586,1,"IOTHUB_CLIENT_CONFIRMATION_OK"
885,10820459890,10820459924,1,"IOTHUB_CLIENT_CONFIRMATION_OK"
886,10820460224,10820460311,1,"IOTHUB_CLIENT_CONFIRMATION_OK"
887,10820460557,10820460588,1,"IOTHUB_CLIENT_CONFIRMATION_OK"
888,10820460890,10820460950,1,"IOTHUB_CLIENT_CONFIRMATION_OK"
889,10820461223,10820461252,1,"IOTHUB_CLIENT_CONFIRMATION_OK"
890,10820461556,10820461596,1,"IOTHUB_CLIENT_CONFIRMATION_OK"
891,10820461889,10820461957,1,"IOTHUB_CLIENT_CONFIRMATION_OK"
892,10820462222,10820462251,1,"IOTHUB_CLIENT_CONFIRMATION_OK"
893,10820462556,10820462587,1,"IOTHUB_CLIENT_CONFIRMATION_OK"
894,10820462889,10820462919,1,"IOTHUB_CLIENT_CONFIRMATION_OK"
895,10820463222,10820463252,1,"IOTHUB_CLIENT_CONFIRMATION_OK"
896,10820463555,10820463587,1,"IOTHUB_CLIENT_CONFIRMATION_OK"
897,10820463888,10820463919,1,"IOTHUB_CLIENT_CONFIRMATION_OK"
898,10820464221,10820464254,1,"IOTHUB_CLIENT_CONFIRMATION_OK"
899,10820464555,10820464584,1,"IOTHUB_CLIENT_CONFIRMATION_OK"
