Message ID,Send Time,Receive Time,Status,Error
0,10813651248,10813651417,1,"IOTHUB_CLIENT_CONFIRMATION_OK"
1,10813651581,10813651610,1,"IOTHUB_CLIENT_CONFIRMATION_OK"
2,10813651914,10813651943,1,"IOTHUB_CLIENT_CONFIRMATION_OK"
3,10813652247,10813652277,1,"IOTHUB_CLIENT_CONFIRMATION_OK"
4,10813652580,10813652628,1,"IOTHUB_CLIENT_CONFIRMATION_OK"
5,10813652913,10813652944,1,"IOTHUB_CLIENT_CONFIRMATION_OK"
6,10813653247,10813653287,1,"IOTHUB_CLIENT_CONFIRMATION_OK"
7,10813653580,10813653610,1,"IOTHUB_CLIENT_CONFIRMATION_OK"
8,10813653913,10813653946,1,"IOTHUB_CLIENT_CONFIRMATION_OK"
9,10813654246,10813654292,1,"IOTHUB_CLIENT_CONFIRMATION_OK"
10,10813654579,10813654620,1,"IOTHUB_CLIENT_CONFIRMATION_OK"
11,10813654912,10813654952,1,"IOTHUB_CLIENT_CONFIRMATION_OK"
12,10813655246,10813655323,1,"IOTHUB_CLIENT_CONFIRMATION_OK"
13,10813655579,10813655623,1,"IOTHUB_CLIENT_CONFIRMATION_OK"
14,10813655912,10813655944,1,"IOTHUB_CLIENT_CONFIRMATION_OK"
15,10813656245,10813656337,1,"IOTHUB_CLIENT_CONFIRMATION_OK"
16,10813656578,10813656608,1,"IOTHUB_CLIENT_CONFIRMATION_OK"
17,10813656911,10813656950,1,"IOTHUB_CLIENT_CONFIRMATION_OK"
18,10813657245,10813657361,1,"IOTHUB_CLIENT_CONFIRMATION_OK"
19,10813657578,10813657618,1,"IOTHUB_CLIENT_CONFIRMATION_OK"
20,10813657911,10813657943,1,"IOTHUB_CLIENT_CONFIRMATION_OK"
21,10813658244,10813658315,1,"IOTHUB_CLIENT_CONFIRMATION_OK"
22,10813658577,10813658606,1,"IOTHUB_CLIENT_CONFIRMATION_OK"
23,10813658910,10813658955,1,"IOTHUB_CLIENT_CONFIRMATION_OK"
24,10813659244,10813659279,1,"IOTHUB_CLIENT_CONFIRMATION_OK"
25,10813659577,10813659613,1,"IOTHUB_CLIENT_CONFIRMATION_OK"
26,10813659910,10813659949,1,"IOTHUB_CLIENT_CONFIRMATION_OK"
27,10813660243,10813660283,1,"IOTHUB_CLIENT_CONFIRMATION_OK"
28,10813660576,10813660615,1,"IOTHUB_CLIENT_CONFIRMATION_OK"
29,10813660909,10813660946,1,"IOTHUB_CLIENT_CONFIRMATION_OK"
30,10813661243,10813661276,1,"IOTHUB_CLIENT_CONFIRMATION_OK"
31,10813661576,10813661603,1,"IOTHUB_CLIENT_CONFIRMATION_OK"
32,10813661909,10813661943,1,"IOTHUB_CLIENT_CONFIRMATION_OK"
33,10813662242,10813662281,1,"IOTHUB_CLIENT_CONFIRMATION_OK"
34,10813662575,10813662605,1,"IOTHUB_CLIENT_CONFIRMATION_OK"
35,10813662908,10813662938,1,"IOTHUB_CLIENT_CONFIRMATION_OK"
36,10813663241,10813663286,1,"IOTHUB_CLIENT_CONFIRMATION_OK"
37,10813663575,10813663622,1,"IOTHUB_CLIENT_CONFIRMATION_OK"
38,10813663908,10813663938,1,"IOTHUB_CLIENT_CONFIRMATION_OK"
39,10813664241,10813664271,1,"IOTHUB_CLIENT_CONFIRMATION_OK"
40,10813664574,10813664609,1,"IOTHUB_CLIENT_CONFIRMATION_OK"
41,10813664907,10813664938,1,"IOTHUB_CLIENT_CONFIRMATION_OK"
42,10813665240,10813665270,1,"IOTHUB_CLIENT_CONFIRMATION_OK"
43,10813665574,10813665613,1,"IOTHUB_CLIENT_CONFIRMATION_OK"
44,10813665907,10813665940,1,"IOTHUB_CLIENT_CONFIRMATION_OK"
45,10813666240,10813666272,1,"IOTHUB_CLIENT_CONFIRMATION_OK"
46,10813666573,10813666612,1,"IOTHUB_CLIENT_CONFIRMATION_OK"
47,10813666906,10813666958,1,"IOTHUB_CLIENT_CONFIRMATION_OK"
48,10813667239,10813667272,1,"IOTHUB_CLIENT_CONFIRMATION_OK"
49,10813667573,10813667602,1,"IOTHUB_CLIENT_CONFIRMATION_OK"
50,10813667906,10813667949,1,"IOTHUB_CLIENT_CONFIRMATION_OK"
51,10813668239,10813668278,1,"IOTHUB_CLIENT_CONFIRMATION_OK"
52,10813668572,10813668605,1,"IOTHUB_CLIENT_CONFIRMATION_OK"
53,10813668905,10813668944,1,"IOTHUB_CLIENT_CONFIRMATION_OK"
54,10813669238,10813669278,1,"IOTHUB_CLIENT_CONFIRMATION_OK"
55,10813669572,10813669612,1,"IOTHUB_CLIENT_CONFIRMATION_OK"
56,10813669905,10813669936,1,"IOTHUB_CLIENT_CONFIRMATION_OK"
57,10813670238,10813670281,1,"IOTHUB_CLIENT_CONFIRMATION_OK"
58,10813670571,10813670604,1,"IOTHUB_CLIENT_CONFIRMATION_OK"
59,10813670904,10813670935,1,"IOTHUB_CLIENT_CONFIRMATION_OK"
60,10813671237,10813671270,1,"IOTHUB_CLIENT_CONFIRMATION_OK"
61,10813671571,10813671601,1,"IOTHUB_CLIENT_CONFIRMATION_OK"
62,10813671904,10813671963,1,"IOTHUB_CLIENT_CONFIRMATION_OK"
63,10813672237,10813672280,1,"IOTHUB_CLIENT_CONFIRMATION_OK"
64,10813672570,10813672618,1,"IOTHUB_CLIENT_CONFIRMATION_OK"
65,10813672903,10813673021,1,"IOTHUB_CLIENT_CONFIRMATION_OK"
66,10813673236,10813673265,1,"IOTHUB_CLIENT_CONFIRMATION_OK"
67,10813673570,10813673608,1,"IOTHUB_CLIENT_CONFIRMATION_OK"
68,10813673903,10813673934,1,"IOTHUB_CLIENT_CONFIRMATION_OK"
69,10813674236,10813674266,1,"IOTHUB_CLIENT_CONFIRMATION_OK"
70,10813674569,10813674600,1,"IOTHUB_CLIENT_CONFIRMATION_OK"
71,10813674902,10813674940,1,"IOTHUB_CLIENT_CONFIRMATION_OK"
72,10813675235,10813675266,1,"IOTHUB_CLIENT_CONFIRMATION_OK"
73,10813675569,10813675599,1,"IOTHUB_CLIENT_CONFIRMATION_OK"
74,10813675902,10813675939,1,"IOTHUB_CLIENT_CONFIRMATION_OK"
75,10813676235,10813676275,1,"IOTHUB_CLIENT_CONFIRMATION_OK"
76,10813676568,10813676606,1,"IOTHUB_CLIENT_CONFIRMATION_OK"
77,10813676901,10813676934,1,"IOTHUB_CLIENT_CONFIRMATION_OK"
78,10813677234,10813677267,1,"IOTHUB_CLIENT_CONFIRMATION_OK"
79,10813677568,10813677607,1,"IOTHUB_CLIENT_CONFIRMATION_OK"
80,10813677901,10813677970,1,"IOTHUB_CLIENT_CONFIRMATION_OK"
81,10813678234,10813678276,1,"IOTHUB_CLIENT_CONFIRMATION_OK"
82,10813678567,10813678599,1,"IOTHUB_CLIENT_CONFIRMATION_OK"
83,10813678900,10813678940,1,"IOTHUB_CLIENT_CONFIRMATION_OK"
84,10813679233,10813679263,1,"IOTHUB_CLIENT_CONFIRMATION_OK"
85,10813679566,10813679596,1,"IOTHUB_CLIENT_CONFIRMATION_OK"
86,10813679900,10813679933,1,"IOTHUB_CLIENT_CONFIRMATION_OK"
87,10813680233,10813680296,1,"IOTHUB_CLIENT_CONFIRMATION_OK"
88,10813680566,10813680596,1,"IOTHUB_CLIENT_CONFIRMATION_OK"
89,10813680899,10813680929,1,"IOTHUB_CLIENT_CONFIRMATION_OK"
90,10813681232,10813681311,1,"IOTHUB_CLIENT_CONFIRMATION_OK"
91,10813681565,10813681607,1,"IOTHUB_CLIENT_CONFIRMATION_OK"
92,10813681899,10813681949,1,"IOTHUB_CLIENT_CONFIRMATION_OK"
93,10813682232,10813682261,1,"IOTHUB_CLIENT_CONFIRMATION_OK"
94,10813682565,10813682598,1,"IOTHUB_CLIENT_CONFIRMATION_OK"
95,10813682898,10813682935,1,"IOTHUB_CLIENT_CONFIRMATION_OK"
96,10813683231,10813683285,1,"IOTHUB_CLIENT_CONFIRMATION_OK"
97,10813683564,10813683612,1,"IOTHUB_CLIENT_CONFIRMATION_OK"
98,10813683898,10813683928,1,"IOTHUB_CLIENT_CONFIRMATION_OK"
99,10813684231,10813684269,1,"IOTHUB_CLIENT_CONFIRMATION_OK"
100,10813684564,10813684595,1,"IOTHUB_CLIENT_CONFIRMATION_OK"
101,10813684897,10813684933,1,"IOTHUB_CLIENT_CONFIRMATION_OK"
102,10813685230,10813685283,1,"IOTHUB_CLIENT_CONFIRMATION_OK"
103,10813685563,10813685592,1,"IOTHUB_CLIENT_CONFIRMATION_OK"
104,10813685897,10813685930,1,"IOTHUB_CLIENT_CONFIRMATION_OK"
105,10813686230,10813686260,1,"IOTHUB_CLIENT_CONFIRMATION_OK"
106,10813686563,10813686594,1,"IOTHUB_CLIENT_CONFIRMATION_OK"
107,10813686896,10813686936,1,"IOTHUB_CLIENT_CONFIRMATION_OK"
108,10813687229,10813687258,1,"IOTHUB_CLIENT_CONFIRMATION_OK"
109,10813687562,10813687595,1,"IOTHUB_CLIENT_CONFIRMATION_OK"
110,10813687896,10813687935,1,"IOTHUB_CLIENT_CONFIRMATION_OK"
111,10813688229,10813688258,1,"IOTHUB_CLIENT_CONFIRMATION_OK"
112,10813688562,10813688703,1,"IOTHUB_CLIENT_CONFIRMATION_OK"
113,10813688895,10813689027,1,"IOTHUB_CLIENT_CONFIRMATION_OK"
114,10813689228,10813689268,1,"IOTHUB_CLIENT_CONFIRMATION_OK"
115,10813689561,10813689601,1,"IOTHUB_CLIENT_CONFIRMATION_OK"
116,10813689895,10813689929,1,"IOTHUB_CLIENT_CONFIRMATION_OK"
117,10813690228,10813690260,1,"IOTHUB_CLIENT_CONFIRMATION_OK"
118,10813690561,10813690592,1,"IOTHUB_CLIENT_CONFIRMATION_OK"
119,10813690894,10813690927,1,"IOTHUB_CLIENT_CONFIRMATION_OK"
120,10813691227,10813691258,1,"IOTHUB_CLIENT_CONFIRMATION_OK"
121,10813691560,10813691601,1,"IOTHUB_CLIENT_CONFIRMATION_OK"
122,10813691894,10813691934,1,"IOTHUB_CLIENT_CONFIRMATION_OK"
123,10813692227,10813692259,1,"IOTHUB_CLIENT_CONFIRMATION_OK"
124,10813692560,10813692594,1,"IOTHUB_CLIENT_CONFIRMATION_OK"
125,10813692893,10813692933,1,"IOTHUB_CLIENT_CONFIRMATION_OK"
126,10813693226,10813693257,1,"IOTHUB_CLIENT_CONFIRMATION_OK"
127,10813693559,10813693605,1,"IOTHUB_CLIENT_CONFIRMATION_OK"
128,10813693892,10813693931,1,"IOTHUB_CLIENT_CONFIRMATION_OK"
129,10813694226,10813694262,1,"IOTHUB_CLIENT_CONFIRMATION_OK"
130,10813694559,10813694627,1,"IOTHUB_CLIENT_CONFIRMATION_OK"
131,10813694892,10813694923,1,"IOTHUB_CLIENT_CONFIRMATION_OK"
132,10813695225,10813695265,1,"IOTHUB_CLIENT_CONFIRMATION_OK"
133,10813695558,10813695589,1,"IOTHUB_CLIENT_CONFIRMATION_OK"
134,10813695891,10813695920,1,"IOTHUB_CLIENT_CONFIRMATION_OK"
135,10813696225,10813696268,1,"IOTHUB_CLIENT_CONFIRMATION_OK"
136,10813696558,10813696599,1,"IOTHUB_CLIENT_CONFIRMATION_OK"
137,10813696891,10813696920,1,"IOTHUB_CLIENT_CONFIRMATION_OK"
138,10813697224,10813697263,1,"IOTHUB_CLIENT_CONFIRMATION_OK"
139,10813697557,10813697595,1,"IOTHUB_CLIENT_CONFIRMATION_OK"
140,10813697890,10813697932,1,"IOTHUB_CLIENT_CONFIRMATION_OK"
141,10813698224,10813698264,1,"IOTHUB_CLIENT_CONFIRMATION_OK"
142,10813698557,10813698590,1,"IOTHUB_CLIENT_CONFIRMATION_OK"
143,10813698890,10813698930,1,"IOTHUB_CLIENT_CONFIRMATION_OK"
144,10813699223,10813699562,1,"IOTHUB_CLIENT_CONFIRMATION_OK"
145,10813699556,10813699598,1,"IOTHUB_CLIENT_CONFIRMATION_OK"
146,10813699889,10813699917,1,"IOTHUB_CLIENT_CONFIRMATION_OK"
147,10813700223,10813700262,1,"IOTHUB_CLIENT_CONFIRMATION_OK"
148,10813700556,10813700584,1,"IOTHUB_CLIENT_CONFIRMATION_OK"
149,10813700889,10813700921,1,"IOTHUB_CLIENT_CONFIRMATION_OK"
150,10813701222,10813701261,1,"IOTHUB_CLIENT_CONFIRMATION_OK"
151,10813701555,10813701585,1,"IOTHUB_CLIENT_CONFIRMATION_OK"
152,10813701888,10813701938,1,"IOTHUB_CLIENT_CONFIRMATION_OK"
153,10813702222,10813702264,1,"IOTHUB_CLIENT_CONFIRMATION_OK"
154,10813702555,10813702597,1,"IOTHUB_CLIENT_CONFIRMATION_OK"
155,10813702888,10813702927,1,"IOTHUB_CLIENT_CONFIRMATION_OK"
156,10813703221,10813703264,1,"IOTHUB_CLIENT_CONFIRMATION_OK"
157,10813703554,10813703587,1,"IOTHUB_CLIENT_CONFIRMATION_OK"
158,10813703887,10813703917,1,"IOTHUB_CLIENT_CONFIRMATION_OK"
159,10813704220,10813704260,1,"IOTHUB_CLIENT_CONFIRMATION_OK"
160,10813704554,10813704585,1,"IOTHUB_CLIENT_CONFIRMATION_OK"
161,10813704887,10813704919,1,"IOTHUB_CLIENT_CONFIRMATION_OK"
162,10813705220,10813705313,1,"IOTHUB_CLIENT_CONFIRMATION_OK"
163,10813705553,10813705593,1,"IOTHUB_CLIENT_CONFIRMATION_OK"
164,10813705886,10813705916,1,"IOTHUB_CLIENT_CONFIRMATION_OK"
165,10813706219,10813706342,1,"IOTHUB_CLIENT_CONFIRMATION_OK"
166,10813706553,10813706595,1,"IOTHUB_CLIENT_CONFIRMATION_OK"
167,10813706886,10813706928,1,"IOTHUB_CLIENT_CONFIRMATION_OK"
168,10813707219,10813707249,1,"IOTHUB_CLIENT_CONFIRMATION_OK"
169,10813707552,10813707589,1,"IOTHUB_CLIENT_CONFIRMATION_OK"
170,10813707885,10813707929,1,"IOTHUB_CLIENT_CONFIRMATION_OK"
171,10813708218,10813708271,1,"IOTHUB_CLIENT_CONFIRMATION_OK"
172,10813708552,10813708590,1,"IOTHUB_CLIENT_CONFIRMATION_OK"
173,10813708885,10813708961,1,"IOTHUB_CLIENT_CONFIRMATION_OK"
174,10813709218,10813709259,1,"IOTHUB_CLIENT_CONFIRMATION_OK"
175,10813709551,10813709581,1,"IOTHUB_CLIENT_CONFIRMATION_OK"
176,10813709884,10813709925,1,"IOTHUB_CLIENT_CONFIRMATION_OK"
177,10813710217,10813710259,1,"IOTHUB_CLIENT_CONFIRMATION_OK"
178,10813710550,10813710580,1,"IOTHUB_CLIENT_CONFIRMATION_OK"
179,10813710884,10813710933,1,"IOTHUB_CLIENT_CONFIRMATION_OK"
180,10813711217,10813711256,1,"IOTHUB_CLIENT_CONFIRMATION_OK"
181,10813711550,10813711592,1,"IOTHUB_CLIENT_CONFIRMATION_OK"
182,10813711883,10813711922,1,"IOTHUB_CLIENT_CONFIRMATION_OK"
183,10813712216,10813712257,1,"IOTHUB_CLIENT_CONFIRMATION_OK"
184,10813712549,10813712586,1,"IOTHUB_CLIENT_CONFIRMATION_OK"
185,10813712883,10813712916,1,"IOTHUB_CLIENT_CONFIRMATION_OK"
186,10813713216,10813713261,1,"IOTHUB_CLIENT_CONFIRMATION_OK"
187,10813713549,10813713588,1,"IOTHUB_CLIENT_CONFIRMATION_OK"
188,10813713882,10813713913,1,"IOTHUB_CLIENT_CONFIRMATION_OK"
189,10813714215,10813714259,1,"IOTHUB_CLIENT_CONFIRMATION_OK"
190,10813714548,10813714579,1,"IOTHUB_CLIENT_CONFIRMATION_OK"
191,10813714882,10813714932,1,"IOTHUB_CLIENT_CONFIRMATION_OK"
192,10813715215,10813715245,1,"IOTHUB_CLIENT_CONFIRMATION_OK"
193,10813715548,10813715580,1,"IOTHUB_CLIENT_CONFIRMATION_OK"
194,10813715881,10813715923,1,"IOTHUB_CLIENT_CONFIRMATION_OK"
195,10813716214,10813716243,1,"IOTHUB_CLIENT_CONFIRMATION_OK"
196,10813716547,10813716580,1,"IOTHUB_CLIENT_CONFIRMATION_OK"
197,10813716880,10813716913,1,"IOTHUB_CLIENT_CONFIRMATION_OK"
198,10813717214,10813717253,1,"IOTHUB_CLIENT_CONFIRMATION_OK"
199,10813717547,10813717589,1,"IOTHUB_CLIENT_CONFIRMATION_OK"
200,10813717880,10813717934,1,"IOTHUB_CLIENT_CONFIRMATION_OK"
201,10813718213,10813718254,1,"IOTHUB_CLIENT_CONFIRMATION_OK"
202,10813718546,10813718575,1,"IOTHUB_CLIENT_CONFIRMATION_OK"
203,10813718879,10813718918,1,"IOTHUB_CLIENT_CONFIRMATION_OK"
204,10813719213,10813719245,1,"IOTHUB_CLIENT_CONFIRMATION_OK"
205,10813719546,10813719575,1,"IOTHUB_CLIENT_CONFIRMATION_OK"
206,10813719879,10813719919,1,"IOTHUB_CLIENT_CONFIRMATION_OK"
207,10813720212,10813720262,1,"IOTHUB_CLIENT_CONFIRMATION_OK"
208,10813720545,10813720639,1,"IOTHUB_CLIENT_CONFIRMATION_OK"
209,10813720878,10813721190,1,"IOTHUB_CLIENT_CONFIRMATION_OK"
210,10813721212,10813721241,1,"IOTHUB_CLIENT_CONFIRMATION_OK"
211,10813721545,10813721583,1,"IOTHUB_CLIENT_CONFIRMATION_OK"
212,10813721878,10813722026,1,"IOTHUB_CLIENT_CONFIRMATION_OK"
213,10813722211,10813722250,1,"IOTHUB_CLIENT_CONFIRMATION_OK"
214,10813722544,10813722573,1,"IOTHUB_CLIENT_CONFIRMATION_OK"
215,10813722877,10813722914,1,"IOTHUB_CLIENT_CONFIRMATION_OK"
216,10813723211,10813723257,1,"IOTHUB_CLIENT_CONFIRMATION_OK"
217,10813723544,10813723577,1,"IOTHUB_CLIENT_CONFIRMATION_OK"
218,10813723877,10813723930,1,"IOTHUB_CLIENT_CONFIRMATION_OK"
219,10813724210,10813724251,1,"IOTHUB_CLIENT_CONFIRMATION_OK"
220,10813724543,10813724579,1,"IOTHUB_CLIENT_CONFIRMATION_OK"
221,10813724876,10813725036,1,"IOTHUB_CLIENT_CONFIRMATION_OK"
222,10813725210,10813725248,1,"IOTHUB_CLIENT_CONFIRMATION_OK"
223,10813725543,10813725589,1,"IOTHUB_CLIENT_CONFIRMATION_OK"
224,10813725876,10813725920,1,"IOTHUB_CLIENT_CONFIRMATION_OK"
225,10813726209,10813726250,1,"IOTHUB_CLIENT_CONFIRMATION_OK"
226,10813726542,10813726583,1,"IOTHUB_CLIENT_CONFIRMATION_OK"
227,10813726875,10813726919,1,"IOTHUB_CLIENT_CONFIRMATION_OK"
228,10813727209,10813727253,1,"IOTHUB_CLIENT_CONFIRMATION_OK"
229,10813727542,10813727584,1,"IOTHUB_CLIENT_CONFIRMATION_OK"
230,10813727875,10813727911,1,"IOTHUB_CLIENT_CONFIRMATION_OK"
231,10813728208,10813728256,1,"IOTHUB_CLIENT_CONFIRMATION_OK"
232,10813728541,10813728569,1,"IOTHUB_CLIENT_CONFIRMATION_OK"
233,10813728874,10813728916,1,"IOTHUB_CLIENT_CONFIRMATION_OK"
234,10813729208,10813729249,1,"IOTHUB_CLIENT_CONFIRMATION_OK"
235,10813729541,10813729583,1,"IOTHUB_CLIENT_CONFIRMATION_OK"
236,10813729874,10813729903,1,"IOTHUB_CLIENT_CONFIRMATION_OK"
237,10813730207,10813730244,1,"IOTHUB_CLIENT_CONFIRMATION_OK"
238,10813730540,10813730589,1,"IOTHUB_CLIENT_CONFIRMATION_OK"
239,10813730873,10813730912,1,"IOTHUB_CLIENT_CONFIRMATION_OK"
240,10813731207,10813731244,1,"IOTHUB_CLIENT_CONFIRMATION_OK"
241,10813731540,10813731592,1,"IOTHUB_CLIENT_CONFIRMATION_OK"
242,10813731873,10813731920,1,"IOTHUB_CLIENT_CONFIRMATION_OK"
243,10813732206,10813732245,1,"IOTHUB_CLIENT_CONFIRMATION_OK"
244,10813732539,10813732575,1,"IOTHUB_CLIENT_CONFIRMATION_OK"
245,10813732872,10813732911,1,"IOTHUB_CLIENT_CONFIRMATION_OK"
246,10813733206,10813733241,1,"IOTHUB_CLIENT_CONFIRMATION_OK"
247,10813733539,10813733581,1,"IOTHUB_CLIENT_CONFIRMATION_OK"
248,10813733872,10813733915,1,"IOTHUB_CLIENT_CONFIRMATION_OK"
249,10813734205,10813734262,1,"IOTHUB_CLIENT_CONFIRMATION_OK"
250,10813734538,10813734596,1,"IOTHUB_CLIENT_CONFIRMATION_OK"
251,10813734871,10813734914,1,"IOTHUB_CLIENT_CONFIRMATION_OK"
252,10813735205,10813735244,1,"IOTHUB_CLIENT_CONFIRMATION_OK"
253,10813735538,10813735580,1,"IOTHUB_CLIENT_CONFIRMATION_OK"
254,10813735871,10813735914,1,"IOTHUB_CLIENT_CONFIRMATION_OK"
255,10813736204,10813736242,1,"IOTHUB_CLIENT_CONFIRMATION_OK"
256,10813736537,10813736580,1,"IOTHUB_CLIENT_CONFIRMATION_OK"
257,10813736870,10813736918,1,"IOTHUB_CLIENT_CONFIRMATION_OK"
258,10813737203,10813737251,1,"IOTHUB_CLIENT_CONFIRMATION_OK"
259,10813737537,10813737579,1,"IOTHUB_CLIENT_CONFIRMATION_OK"
260,10813737870,10813737901,1,"IOTHUB_CLIENT_CONFIRMATION_OK"
261,10813738203,10813738246,1,"IOTHUB_CLIENT_CONFIRMATION_OK"
262,10813738536,10813738591,1,"IOTHUB_CLIENT_CONFIRMATION_OK"
263,10813738869,10813738906,1,"IOTHUB_CLIENT_CONFIRMATION_OK"
264,10813739202,10813739244,1,"IOTHUB_CLIENT_CONFIRMATION_OK"
265,10813739536,10813739575,1,"IOTHUB_CLIENT_CONFIRMATION_OK"
266,10813739869,10813739898,1,"IOTHUB_CLIENT_CONFIRMATION_OK"
267,10813740202,10813740242,1,"IOTHUB_CLIENT_CONFIRMATION_OK"
268,10813740535,10813740571,1,"IOTHUB_CLIENT_CONFIRMATION_OK"
269,10813740868,10813740925,1,"IOTHUB_CLIENT_CONFIRMATION_OK"
270,10813741201,10813741240,1,"IOTHUB_CLIENT_CONFIRMATION_OK"
271,10813741535,10813741611,1,"IOTHUB_CLIENT_CONFIRMATION_OK"
272,10813741868,10813741907,1,"IOTHUB_CLIENT_CONFIRMATION_OK"
273,10813742201,10813742240,1,"IOTHUB_CLIENT_CONFIRMATION_OK"
274,10813742534,10813742603,1,"IOTHUB_CLIENT_CONFIRMATION_OK"
275,10813742867,10813742934,1,"IOTHUB_CLIENT_CONFIRMATION_OK"
276,10813743200,10813743237,1,"IOTHUB_CLIENT_CONFIRMATION_OK"
277,10813743534,10813743575,1,"IOTHUB_CLIENT_CONFIRMATION_OK"
278,10813743867,10813743926,1,"IOTHUB_CLIENT_CONFIRMATION_OK"
279,10813744200,10813744238,1,"IOTHUB_CLIENT_CONFIRMATION_OK"
280,10813744533,10813744571,1,"IOTHUB_CLIENT_CONFIRMATION_OK"
281,10813744866,10813744904,1,"IOTHUB_CLIENT_CONFIRMATION_OK"
282,10813745199,10813745238,1,"IOTHUB_CLIENT_CONFIRMATION_OK"
283,10813745532,10813745570,1,"IOTHUB_CLIENT_CONFIRMATION_OK"
284,10813745866,10813745904,1,"IOTHUB_CLIENT_CONFIRMATION_OK"
285,10813746199,10813746241,1,"IOTHUB_CLIENT_CONFIRMATION_OK"
286,10813746532,10813746561,1,"IOTHUB_CLIENT_CONFIRMATION_OK"
287,10813746865,10813746909,1,"IOTHUB_CLIENT_CONFIRMATION_OK"
288,10813747198,10813747235,1,"IOTHUB_CLIENT_CONFIRMATION_OK"
289,10813747531,10813747569,1,"IOTHUB_CLIENT_CONFIRMATION_OK"
290,10813747865,10813747918,1,"IOTHUB_CLIENT_CONFIRMATION_OK"
291,10813748198,10813748247,1,"IOTHUB_CLIENT_CONFIRMATION_OK"
292,10813748531,10813748582,1,"IOTHUB_CLIENT_CONFIRMATION_OK"
293,10813748864,10813748905,1,"IOTHUB_CLIENT_CONFIRMATION_OK"
294,10813749197,10813749245,1,"IOTHUB_CLIENT_CONFIRMATION_OK"
295,10813749530,10813749571,1,"IOTHUB_CLIENT_CONFIRMATION_OK"
296,10813749864,10813749893,1,"IOTHUB_CLIENT_CONFIRMATION_OK"
297,10813750197,10813750238,1,"IOTHUB_CLIENT_CONFIRMATION_OK"
298,10813750530,10813750579,1,"IOTHUB_CLIENT_CONFIRMATION_OK"
299,10813750863,10813750904,1,"IOTHUB_CLIENT_CONFIRMATION_OK"
300,10813751196,10813751267,1,"IOTHUB_CLIENT_CONFIRMATION_OK"
301,10813751529,10813751568,1,"IOTHUB_CLIENT_CONFIRMATION_OK"
302,10813751863,10813751903,1,"IOTHUB_CLIENT_CONFIRMATION_OK"
303,10813752196,10813752228,1,"IOTHUB_CLIENT_CONFIRMATION_OK"
304,10813752529,10813752566,1,"IOTHUB_CLIENT_CONFIRMATION_OK"
305,10813752862,10813752905,1,"IOTHUB_CLIENT_CONFIRMATION_OK"
306,10813753195,10813753234,1,"IOTHUB_CLIENT_CONFIRMATION_OK"
307,10813753528,10813753570,1,"IOTHUB_CLIENT_CONFIRMATION_OK"
308,10813753862,10813753903,1,"IOTHUB_CLIENT_CONFIRMATION_OK"
309,10813754195,10813754233,1,"IOTHUB_CLIENT_CONFIRMATION_OK"
310,10813754528,10813754567,1,"IOTHUB_CLIENT_CONFIRMATION_OK"
311,10813754861,10813754915,1,"IOTHUB_CLIENT_CONFIRMATION_OK"
312,10813755194,10813755255,1,"IOTHUB_CLIENT_CONFIRMATION_OK"
313,10813755527,10813755564,1,"IOTHUB_CLIENT_CONFIRMATION_OK"
314,10813755861,10813755889,1,"IOTHUB_CLIENT_CONFIRMATION_OK"
315,10813756194,10813756437,1,"IOTHUB_CLIENT_CONFIRMATION_OK"
316,10813756527,10813756564,1,"IOTHUB_CLIENT_CONFIRMATION_OK"
317,10813756860,10813756907,1,"IOTHUB_CLIENT_CONFIRMATION_OK"
318,10813757193,10813757239,1,"IOTHUB_CLIENT_CONFIRMATION_OK"
319,10813757526,10813757645,1,"IOTHUB_CLIENT_CONFIRMATION_OK"
320,10813757860,10813757899,1,"IOTHUB_CLIENT_CONFIRMATION_OK"
321,10813758193,10813758276,1,"IOTHUB_CLIENT_CONFIRMATION_OK"
322,10813758526,10813758574,1,"IOTHUB_CLIENT_CONFIRMATION_OK"
323,10813758859,10813758898,1,"IOTHUB_CLIENT_CONFIRMATION_OK"
324,10813759192,10813759231,1,"IOTHUB_CLIENT_CONFIRMATION_OK"
325,10813759525,10813759567,1,"IOTHUB_CLIENT_CONFIRMATION_OK"
326,10813759858,10813759899,1,"IOTHUB_CLIENT_CONFIRMATION_OK"
327,10813760192,10813760233,1,"IOTHUB_CLIENT_CONFIRMATION_OK"
328,10813760525,10813760570,1,"IOTHUB_CLIENT_CONFIRMATION_OK"
329,10813760858,10813760892,1,"IOTHUB_CLIENT_CONFIRMATION_OK"
330,10813761191,10813761228,1,"IOTHUB_CLIENT_CONFIRMATION_OK"
331,10813761524,10813761554,1,"IOTHUB_CLIENT_CONFIRMATION_OK"
332,10813761858,10813761923,1,"IOTHUB_CLIENT_CONFIRMATION_OK"
333,10813762191,10813762232,1,"IOTHUB_CLIENT_CONFIRMATION_OK"
334,10813762524,10813762564,1,"IOTHUB_CLIENT_CONFIRMATION_OK"
335,10813762857,10813762894,1,"IOTHUB_CLIENT_CONFIRMATION_OK"
336,10813763190,10813763231,1,"IOTHUB_CLIENT_CONFIRMATION_OK"
337,10813763523,10813763568,1,"IOTHUB_CLIENT_CONFIRMATION_OK"
338,10813763857,10813763902,1,"IOTHUB_CLIENT_CONFIRMATION_OK"
339,10813764190,10813764227,1,"IOTHUB_CLIENT_CONFIRMATION_OK"
340,10813764523,10813764563,1,"IOTHUB_CLIENT_CONFIRMATION_OK"
341,10813764856,10813764902,1,"IOTHUB_CLIENT_CONFIRMATION_OK"
342,10813765189,10813765250,1,"IOTHUB_CLIENT_CONFIRMATION_OK"
343,10813765522,10813765561,1,"IOTHUB_CLIENT_CONFIRMATION_OK"
344,10813765855,10813765889,1,"IOTHUB_CLIENT_CONFIRMATION_OK"
345,10813766189,10813766230,1,"IOTHUB_CLIENT_CONFIRMATION_OK"
346,10813766522,10813766558,1,"IOTHUB_CLIENT_CONFIRMATION_OK"
347,10813766855,10813766903,1,"IOTHUB_CLIENT_CONFIRMATION_OK"
348,10813767188,10813767229,1,"IOTHUB_CLIENT_CONFIRMATION_OK"
349,10813767521,10813767591,1,"IOTHUB_CLIENT_CONFIRMATION_OK"
350,10813767854,10813767900,1,"IOTHUB_CLIENT_CONFIRMATION_OK"
351,10813768188,10813768229,1,"IOTHUB_CLIENT_CONFIRMATION_OK"
352,10813768521,10813768570,1,"IOTHUB_CLIENT_CONFIRMATION_OK"
353,10813768854,10813768980,1,"IOTHUB_CLIENT_CONFIRMATION_OK"
354,10813769187,10813769227,1,"IOTHUB_CLIENT_CONFIRMATION_OK"
355,10813769520,10813769556,1,"IOTHUB_CLIENT_CONFIRMATION_OK"
356,10813769853,10813769893,1,"IOTHUB_CLIENT_CONFIRMATION_OK"
357,10813770187,10813770229,1,"IOTHUB_CLIENT_CONFIRMATION_OK"
358,10813770520,10813770556,1,"IOTHUB_CLIENT_CONFIRMATION_OK"
359,10813770853,10813770985,1,"IOTHUB_CLIENT_CONFIRMATION_OK"
360,10813771186,10813771248,1,"IOTHUB_CLIENT_CONFIRMATION_OK"
361,10813771519,10813771567,1,"IOTHUB_CLIENT_CONFIRMATION_OK"
362,10813771852,10813771990,1,"IOTHUB_CLIENT_CONFIRMATION_OK"
363,10813772186,10813772228,1,"IOTHUB_CLIENT_CONFIRMATION_OK"
364,10813772519,10813772558,1,"IOTHUB_CLIENT_CONFIRMATION_OK"
365,10813772852,10813772890,1,"IOTHUB_CLIENT_CONFIRMATION_OK"
366,10813773185,10813773225,1,"IOTHUB_CLIENT_CONFIRMATION_OK"
367,10813773518,10813773557,1,"IOTHUB_CLIENT_CONFIRMATION_OK"
368,10813773851,10813773890,1,"IOTHUB_CLIENT_CONFIRMATION_OK"
369,10813774185,10813774223,1,"IOTHUB_CLIENT_CONFIRMATION_OK"
370,10813774518,10813774555,1,"IOTHUB_CLIENT_CONFIRMATION_OK"
371,10813774851,10813774895,1,"IOTHUB_CLIENT_CONFIRMATION_OK"
372,10813775184,10813775223,1,"IOTHUB_CLIENT_CONFIRMATION_OK"
373,10813775517,10813775563,1,"IOTHUB_CLIENT_CONFIRMATION_OK"
374,10813775850,10813775900,1,"IOTHUB_CLIENT_CONFIRMATION_OK"
375,10813776184,10813776223,1,"IOTHUB_CLIENT_CONFIRMATION_OK"
376,10813776517,10813776559,1,"IOTHUB_CLIENT_CONFIRMATION_OK"
377,10813776850,10813776912,1,"IOTHUB_CLIENT_CONFIRMATION_OK"
378,10813777183,10813777223,1,"IOTHUB_CLIENT_CONFIRMATION_OK"
379,10813777516,10813777554,1,"IOTHUB_CLIENT_CONFIRMATION_OK"
380,10813777849,10813777898,1,"IOTHUB_CLIENT_CONFIRMATION_OK"
381,10813778183,10813778219,1,"IOTHUB_CLIENT_CONFIRMATION_OK"
382,10813778516,10813778553,1,"IOTHUB_CLIENT_CONFIRMATION_OK"
383,10813778849,10813778902,1,"IOTHUB_CLIENT_CONFIRMATION_OK"
384,10813779182,10813779220,1,"IOTHUB_CLIENT_CONFIRMATION_OK"
385,10813779515,10813779554,1,"IOTHUB_CLIENT_CONFIRMATION_OK"
386,10813779848,10813779888,1,"IOTHUB_CLIENT_CONFIRMATION_OK"
387,10813780182,10813780222,1,"IOTHUB_CLIENT_CONFIRMATION_OK"
388,10813780515,10813780552,1,"IOTHUB_CLIENT_CONFIRMATION_OK"
389,10813780848,10813780887,1,"IOTHUB_CLIENT_CONFIRMATION_OK"
390,10813781181,10813781225,1,"IOTHUB_CLIENT_CONFIRMATION_OK"
391,10813781514,10813781552,1,"IOTHUB_CLIENT_CONFIRMATION_OK"
392,10813781847,10813781886,1,"IOTHUB_CLIENT_CONFIRMATION_OK"
393,10813782181,10813782216,1,"IOTHUB_CLIENT_CONFIRMATION_OK"
394,10813782514,10813782554,1,"IOTHUB_CLIENT_CONFIRMATION_OK"
395,10813782847,10813782887,1,"IOTHUB_CLIENT_CONFIRMATION_OK"
396,10813783180,10813783228,1,"IOTHUB_CLIENT_CONFIRMATION_OK"
397,10813783513,10813783554,1,"IOTHUB_CLIENT_CONFIRMATION_OK"
398,10813783846,10813783886,1,"IOTHUB_CLIENT_CONFIRMATION_OK"
399,10813784180,10813784219,1,"IOTHUB_CLIENT_CONFIRMATION_OK"
400,10813784513,10813784549,1,"IOTHUB_CLIENT_CONFIRMATION_OK"
401,10813784846,10813784886,1,"IOTHUB_CLIENT_CONFIRMATION_OK"
402,10813785179,10813785217,1,"IOTHUB_CLIENT_CONFIRMATION_OK"
403,10813785512,10813785552,1,"IOTHUB_CLIENT_CONFIRMATION_OK"
404,10813785845,10813785893,1,"IOTHUB_CLIENT_CONFIRMATION_OK"
405,10813786179,10813786222,1,"IOTHUB_CLIENT_CONFIRMATION_OK"
406,10813786512,10813786555,1,"IOTHUB_CLIENT_CONFIRMATION_OK"
407,10813786845,10813786924,1,"IOTHUB_CLIENT_CONFIRMATION_OK"
408,10813787178,10813787218,1,"IOTHUB_CLIENT_CONFIRMATION_OK"
409,10813787511,10813787548,1,"IOTHUB_CLIENT_CONFIRMATION_OK"
410,10813787844,10813787885,1,"IOTHUB_CLIENT_CONFIRMATION_OK"
411,10813788178,10813788215,1,"IOTHUB_CLIENT_CONFIRMATION_OK"
412,10813788511,10813788555,1,"IOTHUB_CLIENT_CONFIRMATION_OK"
413,10813788844,10813788882,1,"IOTHUB_CLIENT_CONFIRMATION_OK"
414,10813789177,10813789223,1,"IOTHUB_CLIENT_CONFIRMATION_OK"
415,10813789510,10813789562,1,"IOTHUB_CLIENT_CONFIRMATION_OK"
416,10813789843,10813789880,1,"IOTHUB_CLIENT_CONFIRMATION_OK"
417,10813790177,10813790210,1,"IOTHUB_CLIENT_CONFIRMATION_OK"
418,10813790510,10813790596,1,"IOTHUB_CLIENT_CONFIRMATION_OK"
419,10813790843,10813790898,1,"IOTHUB_CLIENT_CONFIRMATION_OK"
420,10813791176,10813791216,1,"IOTHUB_CLIENT_CONFIRMATION_OK"
421,10813791509,10813791594,1,"IOTHUB_CLIENT_CONFIRMATION_OK"
422,10813791842,10813791879,1,"IOTHUB_CLIENT_CONFIRMATION_OK"
423,10813792176,10813792215,1,"IOTHUB_CLIENT_CONFIRMATION_OK"
424,10813792509,10813792565,1,"IOTHUB_CLIENT_CONFIRMATION_OK"
425,10813792842,10813792877,1,"IOTHUB_CLIENT_CONFIRMATION_OK"
426,10813793175,10813793210,1,"IOTHUB_CLIENT_CONFIRMATION_OK"
427,10813793508,10813793543,1,"IOTHUB_CLIENT_CONFIRMATION_OK"
428,10813793841,10813793878,1,"IOTHUB_CLIENT_CONFIRMATION_OK"
429,10813794175,10813794212,1,"IOTHUB_CLIENT_CONFIRMATION_OK"
430,10813794508,10813794554,1,"IOTHUB_CLIENT_CONFIRMATION_OK"
431,10813794841,10813794878,1,"IOTHUB_CLIENT_CONFIRMATION_OK"
432,10813795174,10813795213,1,"IOTHUB_CLIENT_CONFIRMATION_OK"
433,10813795507,10813795544,1,"IOTHUB_CLIENT_CONFIRMATION_OK"
434,10813795840,10813795918,1,"IOTHUB_CLIENT_CONFIRMATION_OK"
435,10813796174,10813796212,1,"IOTHUB_CLIENT_CONFIRMATION_OK"
436,10813796507,10813796547,1,"IOTHUB_CLIENT_CONFIRMATION_OK"
437,10813796840,10813796876,1,"IOTHUB_CLIENT_CONFIRMATION_OK"
438,10813797173,10813797268,1,"IOTHUB_CLIENT_CONFIRMATION_OK"
439,10813797506,10813797547,1,"IOTHUB_CLIENT_CONFIRMATION_OK"
440,10813797839,10813797880,1,"IOTHUB_CLIENT_CONFIRMATION_OK"
441,10813798173,10813798212,1,"IOTHUB_CLIENT_CONFIRMATION_OK"
442,10813798506,10813798544,1,"IOTHUB_CLIENT_CONFIRMATION_OK"
443,10813798839,10813798881,1,"IOTHUB_CLIENT_CONFIRMATION_OK"
444,10813799172,10813799210,1,"IOTHUB_CLIENT_CONFIRMATION_OK"
445,10813799505,10813799541,1,"IOTHUB_CLIENT_CONFIRMATION_OK"
446,10813799838,10813799884,1,"IOTHUB_CLIENT_CONFIRMATION_OK"
447,10813800171,10813800213,1,"IOTHUB_CLIENT_CONFIRMATION_OK"
448,10813800505,10813800541,1,"IOTHUB_CLIENT_CONFIRMATION_OK"
449,10813800838,10813800874,1,"IOTHUB_CLIENT_CONFIRMATION_OK"
450,10813801171,10813801212,1,"IOTHUB_CLIENT_CONFIRMATION_OK"
451,10813801504,10813801540,1,"IOTHUB_CLIENT_CONFIRMATION_OK"
452,10813801837,10813801880,1,"IOTHUB_CLIENT_CONFIRMATION_OK"
453,10813802170,10813802209,1,"IOTHUB_CLIENT_CONFIRMATION_OK"
454,10813802504,10813802541,1,"IOTHUB_CLIENT_CONFIRMATION_OK"
455,10813802837,10813802876,1,"IOTHUB_CLIENT_CONFIRMATION_OK"
456,10813803170,10813803207,1,"IOTHUB_CLIENT_CONFIRMATION_OK"
457,10813803503,10813803539,1,"IOTHUB_CLIENT_CONFIRMATION_OK"
458,10813803836,10813803872,1,"IOTHUB_CLIENT_CONFIRMATION_OK"
459,10813804169,10813804205,1,"IOTHUB_CLIENT_CONFIRMATION_OK"
460,10813804502,10813804541,1,"IOTHUB_CLIENT_CONFIRMATION_OK"
461,10813804836,10813804872,1,"IOTHUB_CLIENT_CONFIRMATION_OK"
462,10813805169,10813805307,1,"IOTHUB_CLIENT_CONFIRMATION_OK"
463,10813805502,10813805538,1,"IOTHUB_CLIENT_CONFIRMATION_OK"
464,10813805835,10813805872,1,"IOTHUB_CLIENT_CONFIRMATION_OK"
465,10813806168,10813806208,1,"IOTHUB_CLIENT_CONFIRMATION_OK"
466,10813806501,10813806575,1,"IOTHUB_CLIENT_CONFIRMATION_OK"
467,10813806835,10813806870,1,"IOTHUB_CLIENT_CONFIRMATION_OK"
468,10813807168,10813807204,1,"IOTHUB_CLIENT_CONFIRMATION_OK"
469,10813807501,10813807538,1,"IOTHUB_CLIENT_CONFIRMATION_OK"
470,10813807834,10813807903,1,"IOTHUB_CLIENT_CONFIRMATION_OK"
471,10813808167,10813808203,1,"IOTHUB_CLIENT_CONFIRMATION_OK"
472,10813808500,10813808539,1,"IOTHUB_CLIENT_CONFIRMATION_OK"
473,10813808834,10813808873,1,"IOTHUB_CLIENT_CONFIRMATION_OK"
474,10813809167,10813809212,1,"IOTHUB_CLIENT_CONFIRMATION_OK"
475,10813809500,10813809541,1,"IOTHUB_CLIENT_CONFIRMATION_OK"
476,10813809833,10813809872,1,"IOTHUB_CLIENT_CONFIRMATION_OK"
477,10813810166,10813810202,1,"IOTHUB_CLIENT_CONFIRMATION_OK"
478,10813810499,10813810536,1,"IOTHUB_CLIENT_CONFIRMATION_OK"
479,10813810833,10813810868,1,"IOTHUB_CLIENT_CONFIRMATION_OK"
480,10813811166,10813811207,1,"IOTHUB_CLIENT_CONFIRMATION_OK"
481,10813811499,10813811539,1,"IOTHUB_CLIENT_CONFIRMATION_OK"
482,10813811832,10813811869,1,"IOTHUB_CLIENT_CONFIRMATION_OK"
483,10813812165,10813812210,1,"IOTHUB_CLIENT_CONFIRMATION_OK"
484,10813812498,10813812538,1,"IOTHUB_CLIENT_CONFIRMATION_OK"
485,10813812831,10813812878,1,"IOTHUB_CLIENT_CONFIRMATION_OK"
486,10813813165,10813813209,1,"IOTHUB_CLIENT_CONFIRMATION_OK"
487,10813813498,10813813535,1,"IOTHUB_CLIENT_CONFIRMATION_OK"
488,10813813831,10813813867,1,"IOTHUB_CLIENT_CONFIRMATION_OK"
489,10813814164,10813814201,1,"IOTHUB_CLIENT_CONFIRMATION_OK"
490,10813814497,10813814534,1,"IOTHUB_CLIENT_CONFIRMATION_OK"
491,10813814830,10813814869,1,"IOTHUB_CLIENT_CONFIRMATION_OK"
492,10813815164,10813815202,1,"IOTHUB_CLIENT_CONFIRMATION_OK"
493,10813815497,10813815536,1,"IOTHUB_CLIENT_CONFIRMATION_OK"
494,10813815830,10813815873,1,"IOTHUB_CLIENT_CONFIRMATION_OK"
495,10813816163,10813816207,1,"IOTHUB_CLIENT_CONFIRMATION_OK"
496,10813816496,10813816536,1,"IOTHUB_CLIENT_CONFIRMATION_OK"
497,10813816829,10813816871,1,"IOTHUB_CLIENT_CONFIRMATION_OK"
498,10813817163,10813817203,1,"IOTHUB_CLIENT_CONFIRMATION_OK"
499,10813817496,10813817535,1,"IOTHUB_CLIENT_CONFIRMATION_OK"
500,10813817829,10813817885,1,"IOTHUB_CLIENT_CONFIRMATION_OK"
501,10813818162,10813818200,1,"IOTHUB_CLIENT_CONFIRMATION_OK"
502,10813818495,10813818533,1,"IOTHUB_CLIENT_CONFIRMATION_OK"
503,10813818828,10813818866,1,"IOTHUB_CLIENT_CONFIRMATION_OK"
504,10813819162,10813819198,1,"IOTHUB_CLIENT_CONFIRMATION_OK"
505,10813819495,10813819535,1,"IOTHUB_CLIENT_CONFIRMATION_OK"
506,10813819828,10813819863,1,"IOTHUB_CLIENT_CONFIRMATION_OK"
507,10813820161,10813820197,1,"IOTHUB_CLIENT_CONFIRMATION_OK"
508,10813820494,10813820532,1,"IOTHUB_CLIENT_CONFIRMATION_OK"
509,10813820827,10813820865,1,"IOTHUB_CLIENT_CONFIRMATION_OK"
510,10813821161,10813821199,1,"IOTHUB_CLIENT_CONFIRMATION_OK"
511,10813821494,10813821532,1,"IOTHUB_CLIENT_CONFIRMATION_OK"
512,10813821827,10813821979,1,"IOTHUB_CLIENT_CONFIRMATION_OK"
513,10813822160,10813822198,1,"IOTHUB_CLIENT_CONFIRMATION_OK"
514,10813822493,10813822530,1,"IOTHUB_CLIENT_CONFIRMATION_OK"
515,10813822826,10813822863,1,"IOTHUB_CLIENT_CONFIRMATION_OK"
516,10813823160,10813823197,1,"IOTHUB_CLIENT_CONFIRMATION_OK"
517,10813823493,10813823541,1,"IOTHUB_CLIENT_CONFIRMATION_OK"
518,10813823826,10813823868,1,"IOTHUB_CLIENT_CONFIRMATION_OK"
519,10813824159,10813824203,1,"IOTHUB_CLIENT_CONFIRMATION_OK"
520,10813824492,10813824527,1,"IOTHUB_CLIENT_CONFIRMATION_OK"
521,10813824825,10813824864,1,"IOTHUB_CLIENT_CONFIRMATION_OK"
522,10813825158,10813825196,1,"IOTHUB_CLIENT_CONFIRMATION_OK"
523,10813825492,10813825530,1,"IOTHUB_CLIENT_CONFIRMATION_OK"
524,10813825825,10813825862,1,"IOTHUB_CLIENT_CONFIRMATION_OK"
525,10813826158,10813826195,1,"IOTHUB_CLIENT_CONFIRMATION_OK"
526,10813826491,10813826545,1,"IOTHUB_CLIENT_CONFIRMATION_OK"
527,10813826824,10813826882,1,"IOTHUB_CLIENT_CONFIRMATION_OK"
528,10813827157,10813827195,1,"IOTHUB_CLIENT_CONFIRMATION_OK"
529,10813827491,10813827532,1,"IOTHUB_CLIENT_CONFIRMATION_OK"
530,10813827824,10813827872,1,"IOTHUB_CLIENT_CONFIRMATION_OK"
531,10813828157,10813828205,1,"IOTHUB_CLIENT_CONFIRMATION_OK"
532,10813828490,10813828527,1,"IOTHUB_CLIENT_CONFIRMATION_OK"
533,10813828823,10813828868,1,"IOTHUB_CLIENT_CONFIRMATION_OK"
534,10813829156,10813829193,1,"IOTHUB_CLIENT_CONFIRMATION_OK"
535,10813829490,10813829528,1,"IOTHUB_CLIENT_CONFIRMATION_OK"
536,10813829823,10813829862,1,"IOTHUB_CLIENT_CONFIRMATION_OK"
537,10813830156,10813830195,1,"IOTHUB_CLIENT_CONFIRMATION_OK"
538,10813830489,10813830527,1,"IOTHUB_CLIENT_CONFIRMATION_OK"
539,10813830822,10813830859,1,"IOTHUB_CLIENT_CONFIRMATION_OK"
540,10813831155,10813831193,1,"IOTHUB_CLIENT_CONFIRMATION_OK"
541,10813831489,10813831532,1,"IOTHUB_CLIENT_CONFIRMATION_OK"
542,10813831822,10813831863,1,"IOTHUB_CLIENT_CONFIRMATION_OK"
543,10813832155,10813832209,1,"IOTHUB_CLIENT_CONFIRMATION_OK"
544,10813832488,10813832528,1,"IOTHUB_CLIENT_CONFIRMATION_OK"
545,10813832821,10813832859,1,"IOTHUB_CLIENT_CONFIRMATION_OK"
546,10813833154,10813833193,1,"IOTHUB_CLIENT_CONFIRMATION_OK"
547,10813833487,10813833523,1,"IOTHUB_CLIENT_CONFIRMATION_OK"
548,10813833821,10813833859,1,"IOTHUB_CLIENT_CONFIRMATION_OK"
549,10813834154,10813834192,1,"IOTHUB_CLIENT_CONFIRMATION_OK"
550,10813834487,10813834526,1,"IOTHUB_CLIENT_CONFIRMATION_OK"
551,10813834820,10813834857,1,"IOTHUB_CLIENT_CONFIRMATION_OK"
552,10813835153,10813835223,1,"IOTHUB_CLIENT_CONFIRMATION_OK"
553,10813835486,10813835526,1,"IOTHUB_CLIENT_CONFIRMATION_OK"
554,10813835820,10813835859,1,"IOTHUB_CLIENT_CONFIRMATION_OK"
555,10813836153,10813836192,1,"IOTHUB_CLIENT_CONFIRMATION_OK"
556,10813836486,10813836534,1,"IOTHUB_CLIENT_CONFIRMATION_OK"
557,10813836819,10813836857,1,"IOTHUB_CLIENT_CONFIRMATION_OK"
558,10813837152,10813837194,1,"IOTHUB_CLIENT_CONFIRMATION_OK"
559,10813837485,10813837528,1,"IOTHUB_CLIENT_CONFIRMATION_OK"
560,10813837819,10813837855,1,"IOTHUB_CLIENT_CONFIRMATION_OK"
561,10813838152,10813838188,1,"IOTHUB_CLIENT_CONFIRMATION_OK"
562,10813838485,10813838535,1,"IOTHUB_CLIENT_CONFIRMATION_OK"
563,10813838818,10813838854,1,"IOTHUB_CLIENT_CONFIRMATION_OK"
564,10813839151,10813839189,1,"IOTHUB_CLIENT_CONFIRMATION_OK"
565,10813839484,10813839526,1,"IOTHUB_CLIENT_CONFIRMATION_OK"
566,10813839818,10813839974,1,"IOTHUB_CLIENT_CONFIRMATION_OK"
567,10813840151,10813840199,1,"IOTHUB_CLIENT_CONFIRMATION_OK"
568,10813840484,10813840581,1,"IOTHUB_CLIENT_CONFIRMATION_OK"
569,10813840817,10813840871,1,"IOTHUB_CLIENT_CONFIRMATION_OK"
570,10813841150,10813841189,1,"IOTHUB_CLIENT_CONFIRMATION_OK"
571,10813841483,10813841597,1,"IOTHUB_CLIENT_CONFIRMATION_OK"
572,10813841816,10813841856,1,"IOTHUB_CLIENT_CONFIRMATION_OK"
573,10813842150,10813842188,1,"IOTHUB_CLIENT_CONFIRMATION_OK"
574,10813842483,10813842519,1,"IOTHUB_CLIENT_CONFIRMATION_OK"
575,10813842816,10813842888,1,"IOTHUB_CLIENT_CONFIRMATION_OK"
576,10813843149,10813843191,1,"IOTHUB_CLIENT_CONFIRMATION_OK"
577,10813843482,10813843521,1,"IOTHUB_CLIENT_CONFIRMATION_OK"
578,10813843815,10813843857,1,"IOTHUB_CLIENT_CONFIRMATION_OK"
579,10813844149,10813844308,1,"IOTHUB_CLIENT_CONFIRMATION_OK"
580,10813844482,10813844533,1,"IOTHUB_CLIENT_CONFIRMATION_OK"
581,10813844815,10813844852,1,"IOTHUB_CLIENT_CONFIRMATION_OK"
582,10813845148,10813845185,1,"IOTHUB_CLIENT_CONFIRMATION_OK"
583,10813845481,10813845520,1,"IOTHUB_CLIENT_CONFIRMATION_OK"
584,10813845814,10813845857,1,"IOTHUB_CLIENT_CONFIRMATION_OK"
585,10813846148,10813846194,1,"IOTHUB_CLIENT_CONFIRMATION_OK"
586,10813846481,10813846518,1,"IOTHUB_CLIENT_CONFIRMATION_OK"
587,10813846814,10813846851,1,"IOTHUB_CLIENT_CONFIRMATION_OK"
588,10813847147,10813847184,1,"IOTHUB_CLIENT_CONFIRMATION_OK"
589,10813847480,10813847519,1,"IOTHUB_CLIENT_CONFIRMATION_OK"
590,10813847813,10813847855,1,"IOTHUB_CLIENT_CONFIRMATION_OK"
591,10813848146,10813848186,1,"IOTHUB_CLIENT_CONFIRMATION_OK"
592,10813848480,10813848519,1,"IOTHUB_CLIENT_CONFIRMATION_OK"
593,10813848813,10813848850,1,"IOTHUB_CLIENT_CONFIRMATION_OK"
594,10813849146,10813849186,1,"IOTHUB_CLIENT_CONFIRMATION_OK"
595,10813849479,10813849514,1,"IOTHUB_CLIENT_CONFIRMATION_OK"
596,10813849812,10813849845,1,"IOTHUB_CLIENT_CONFIRMATION_OK"
597,10813850145,10813850185,1,"IOTHUB_CLIENT_CONFIRMATION_OK"
598,10813850479,10813850523,1,"IOTHUB_CLIENT_CONFIRMATION_OK"
599,10813850812,10813850851,1,"IOTHUB_CLIENT_CONFIRMATION_OK"
600,10813851145,10813851184,1,"IOTHUB_CLIENT_CONFIRMATION_OK"
601,10813851478,10813851529,1,"IOTHUB_CLIENT_CONFIRMATION_OK"
602,10813851811,10813851854,1,"IOTHUB_CLIENT_CONFIRMATION_OK"
603,10813852144,10813852184,1,"IOTHUB_CLIENT_CONFIRMATION_OK"
604,10813852477,10813852520,1,"IOTHUB_CLIENT_CONFIRMATION_OK"
605,10813852811,10813852851,1,"IOTHUB_CLIENT_CONFIRMATION_OK"
606,10813853144,10813853197,1,"IOTHUB_CLIENT_CONFIRMATION_OK"
607,10813853477,10813853539,1,"IOTHUB_CLIENT_CONFIRMATION_OK"
608,10813853810,10813853851,1,"IOTHUB_CLIENT_CONFIRMATION_OK"
609,10813854143,10813854197,1,"IOTHUB_CLIENT_CONFIRMATION_OK"
610,10813854476,10813854596,1,"IOTHUB_CLIENT_CONFIRMATION_OK"
611,10813854810,10813854850,1,"IOTHUB_CLIENT_CONFIRMATION_OK"
612,10813855143,10813855220,1,"IOTHUB_CLIENT_CONFIRMATION_OK"
613,10813855476,10813855512,1,"IOTHUB_CLIENT_CONFIRMATION_OK"
614,10813855809,10813855846,1,"IOTHUB_CLIENT_CONFIRMATION_OK"
615,10813856142,10813856256,1,"IOTHUB_CLIENT_CONFIRMATION_OK"
616,10813856475,10813856512,1,"IOTHUB_CLIENT_CONFIRMATION_OK"
617,10813856808,10813856847,1,"IOTHUB_CLIENT_CONFIRMATION_OK"
618,10813857142,10813857320,1,"IOTHUB_CLIENT_CONFIRMATION_OK"
619,10813857475,10813857513,1,"IOTHUB_CLIENT_CONFIRMATION_OK"
620,10813857808,10813857853,1,"IOTHUB_CLIENT_CONFIRMATION_OK"
621,10813858141,10813858176,1,"IOTHUB_CLIENT_CONFIRMATION_OK"
622,10813858474,10813858512,1,"IOTHUB_CLIENT_CONFIRMATION_OK"
623,10813858807,10813858846,1,"IOTHUB_CLIENT_CONFIRMATION_OK"
624,10813859141,10813859179,1,"IOTHUB_CLIENT_CONFIRMATION_OK"
625,10813859474,10813859509,1,"IOTHUB_CLIENT_CONFIRMATION_OK"
626,10813859807,10813859847,1,"IOTHUB_CLIENT_CONFIRMATION_OK"
627,10813860140,10813860177,1,"IOTHUB_CLIENT_CONFIRMATION_OK"
628,10813860473,10813860509,1,"IOTHUB_CLIENT_CONFIRMATION_OK"
629,10813860806,10813860845,1,"IOTHUB_CLIENT_CONFIRMATION_OK"
630,10813861139,10813861177,1,"IOTHUB_CLIENT_CONFIRMATION_OK"
631,10813861473,10813861649,1,"IOTHUB_CLIENT_CONFIRMATION_OK"
632,10813861806,10813861846,1,"IOTHUB_CLIENT_CONFIRMATION_OK"
633,10813862139,10813862188,1,"IOTHUB_CLIENT_CONFIRMATION_OK"
634,10813862472,10813862516,1,"IOTHUB_CLIENT_CONFIRMATION_OK"
635,10813862805,10813862842,1,"IOTHUB_CLIENT_CONFIRMATION_OK"
636,10813863138,10813863204,1,"IOTHUB_CLIENT_CONFIRMATION_OK"
637,10813863472,10813863511,1,"IOTHUB_CLIENT_CONFIRMATION_OK"
638,10813863805,10813863839,1,"IOTHUB_CLIENT_CONFIRMATION_OK"
639,10813864138,10813864175,1,"IOTHUB_CLIENT_CONFIRMATION_OK"
640,10813864471,10813864512,1,"IOTHUB_CLIENT_CONFIRMATION_OK"
641,10813864804,10813864842,1,"IOTHUB_CLIENT_CONFIRMATION_OK"
642,10813865137,10813865185,1,"IOTHUB_CLIENT_CONFIRMATION_OK"
643,10813865471,10813865511,1,"IOTHUB_CLIENT_CONFIRMATION_OK"
644,10813865804,10813865842,1,"IOTHUB_CLIENT_CONFIRMATION_OK"
645,10813866137,10813866178,1,"IOTHUB_CLIENT_CONFIRMATION_OK"
646,10813866470,10813866511,1,"IOTHUB_CLIENT_CONFIRMATION_OK"
647,10813866803,10813866850,1,"IOTHUB_CLIENT_CONFIRMATION_OK"
648,10813867136,10813867175,1,"IOTHUB_CLIENT_CONFIRMATION_OK"
649,10813867470,10813867515,1,"IOTHUB_CLIENT_CONFIRMATION_OK"
650,10813867803,10813867842,1,"IOTHUB_CLIENT_CONFIRMATION_OK"
651,10813868136,10813868174,1,"IOTHUB_CLIENT_CONFIRMATION_OK"
652,10813868469,10813868511,1,"IOTHUB_CLIENT_CONFIRMATION_OK"
653,10813868802,10813868907,1,"IOTHUB_CLIENT_CONFIRMATION_OK"
654,10813869135,10813869177,1,"IOTHUB_CLIENT_CONFIRMATION_OK"
655,10813869468,10813869513,1,"IOTHUB_CLIENT_CONFIRMATION_OK"
656,10813869802,10813869839,1,"IOTHUB_CLIENT_CONFIRMATION_OK"
657,10813870135,10813870172,1,"IOTHUB_CLIENT_CONFIRMATION_OK"
658,10813870468,10813870509,1,"IOTHUB_CLIENT_CONFIRMATION_OK"
659,10813870801,10813870851,1,"IOTHUB_CLIENT_CONFIRMATION_OK"
660,10813871134,10813871174,1,"IOTHUB_CLIENT_CONFIRMATION_OK"
661,10813871467,10813871509,1,"IOTHUB_CLIENT_CONFIRMATION_OK"
662,10813871801,10813871937,1,"IOTHUB_CLIENT_CONFIRMATION_OK"
663,10813872134,10813872171,1,"IOTHUB_CLIENT_CONFIRMATION_OK"
664,10813872467,10813872503,1,"IOTHUB_CLIENT_CONFIRMATION_OK"
665,10813872800,10813872843,1,"IOTHUB_CLIENT_CONFIRMATION_OK"
666,10813873133,10813873170,1,"IOTHUB_CLIENT_CONFIRMATION_OK"
667,10813873466,10813873502,1,"IOTHUB_CLIENT_CONFIRMATION_OK"
668,10813873799,10813873843,1,"IOTHUB_CLIENT_CONFIRMATION_OK"
669,10813874133,10813874170,1,"IOTHUB_CLIENT_CONFIRMATION_OK"
670,10813874466,10813874505,1,"IOTHUB_CLIENT_CONFIRMATION_OK"
671,10813874799,10813874844,1,"IOTHUB_CLIENT_CONFIRMATION_OK"
672,10813875132,10813875169,1,"IOTHUB_CLIENT_CONFIRMATION_OK"
673,10813875465,10813875502,1,"IOTHUB_CLIENT_CONFIRMATION_OK"
674,10813875798,10813875857,1,"IOTHUB_CLIENT_CONFIRMATION_OK"
675,10813876132,10813876171,1,"IOTHUB_CLIENT_CONFIRMATION_OK"
676,10813876465,10813876544,1,"IOTHUB_CLIENT_CONFIRMATION_OK"
677,10813876798,10813876834,1,"IOTHUB_CLIENT_CONFIRMATION_OK"
678,10813877131,10813877177,1,"IOTHUB_CLIENT_CONFIRMATION_OK"
679,10813877464,10813877502,1,"IOTHUB_CLIENT_CONFIRMATION_OK"
680,10813877797,10813877837,1,"IOTHUB_CLIENT_CONFIRMATION_OK"
681,10813878131,10813878168,1,"IOTHUB_CLIENT_CONFIRMATION_OK"
682,10813878464,10813878502,1,"IOTHUB_CLIENT_CONFIRMATION_OK"
683,10813878797,10813878835,1,"IOTHUB_CLIENT_CONFIRMATION_OK"
684,10813879130,10813879475,1,"IOTHUB_CLIENT_CONFIRMATION_OK"
685,10813879463,10813879516,1,"IOTHUB_CLIENT_CONFIRMATION_OK"
686,10813879796,10813879845,1,"IOTHUB_CLIENT_CONFIRMATION_OK"
687,10813880130,10813880165,1,"IOTHUB_CLIENT_CONFIRMATION_OK"
688,10813880463,10813880502,1,"IOTHUB_CLIENT_CONFIRMATION_OK"
689,10813880796,10813880919,1,"IOTHUB_CLIENT_CONFIRMATION_OK"
690,10813881129,10813881198,1,"IOTHUB_CLIENT_CONFIRMATION_OK"
691,10813881462,10813881507,1,"IOTHUB_CLIENT_CONFIRMATION_OK"
692,10813881795,10813881836,1,"IOTHUB_CLIENT_CONFIRMATION_OK"
693,10813882129,10813882166,1,"IOTHUB_CLIENT_CONFIRMATION_OK"
694,10813882462,10813882503,1,"IOTHUB_CLIENT_CONFIRMATION_OK"
695,10813882795,10813882835,1,"IOTHUB_CLIENT_CONFIRMATION_OK"
696,10813883128,10813883167,1,"IOTHUB_CLIENT_CONFIRMATION_OK"
697,10813883461,10813883573,1,"IOTHUB_CLIENT_CONFIRMATION_OK"
698,10813883794,10813883834,1,"IOTHUB_CLIENT_CONFIRMATION_OK"
699,10813884127,10813884168,1,"IOTHUB_CLIENT_CONFIRMATION_OK"
700,10813884461,10813884501,1,"IOTHUB_CLIENT_CONFIRMATION_OK"
701,10813884794,10813884834,1,"IOTHUB_CLIENT_CONFIRMATION_OK"
702,10813885127,10813885170,1,"IOTHUB_CLIENT_CONFIRMATION_OK"
703,10813885460,10813885516,1,"IOTHUB_CLIENT_CONFIRMATION_OK"
704,10813885793,10813885831,1,"IOTHUB_CLIENT_CONFIRMATION_OK"
705,10813886126,10813886163,1,"IOTHUB_CLIENT_CONFIRMATION_OK"
706,10813886460,10813886504,1,"IOTHUB_CLIENT_CONFIRMATION_OK"
707,10813886793,10813886874,1,"IOTHUB_CLIENT_CONFIRMATION_OK"
708,10813887126,10813887183,1,"IOTHUB_CLIENT_CONFIRMATION_OK"
709,10813887459,10813887505,1,"IOTHUB_CLIENT_CONFIRMATION_OK"
710,10813887792,10813887829,1,"IOTHUB_CLIENT_CONFIRMATION_OK"
711,10813888125,10813888163,1,"IOTHUB_CLIENT_CONFIRMATION_OK"
712,10813888459,10813888608,1,"IOTHUB_CLIENT_CONFIRMATION_OK"
713,10813888792,10813888886,1,"IOTHUB_CLIENT_CONFIRMATION_OK"
714,10813889125,10813889164,1,"IOTHUB_CLIENT_CONFIRMATION_OK"
715,10813889458,10813889510,1,"IOTHUB_CLIENT_CONFIRMATION_OK"
716,10813889791,10813889830,1,"IOTHUB_CLIENT_CONFIRMATION_OK"
717,10813890124,10813890157,1,"IOTHUB_CLIENT_CONFIRMATION_OK"
718,10813890458,10813890501,1,"IOTHUB_CLIENT_CONFIRMATION_OK"
719,10813890791,10813890828,1,"IOTHUB_CLIENT_CONFIRMATION_OK"
720,10813891124,10813891161,1,"IOTHUB_CLIENT_CONFIRMATION_OK"
721,10813891457,10813891497,1,"IOTHUB_CLIENT_CONFIRMATION_OK"
722,10813891790,10813891827,1,"IOTHUB_CLIENT_CONFIRMATION_OK"
723,10813892123,10813892162,1,"IOTHUB_CLIENT_CONFIRMATION_OK"
724,10813892457,10813892514,1,"IOTHUB_CLIENT_CONFIRMATION_OK"
725,10813892790,10813892826,1,"IOTHUB_CLIENT_CONFIRMATION_OK"
726,10813893123,10813893163,1,"IOTHUB_CLIENT_CONFIRMATION_OK"
727,10813893456,10813893497,1,"IOTHUB_CLIENT_CONFIRMATION_OK"
728,10813893789,10813893827,1,"IOTHUB_CLIENT_CONFIRMATION_OK"
729,10813894122,10813894162,1,"IOTHUB_CLIENT_CONFIRMATION_OK"
730,10813894455,10813894491,1,"IOTHUB_CLIENT_CONFIRMATION_OK"
731,10813894789,10813894828,1,"IOTHUB_CLIENT_CONFIRMATION_OK"
732,10813895122,10813895158,1,"IOTHUB_CLIENT_CONFIRMATION_OK"
733,10813895455,10813895497,1,"IOTHUB_CLIENT_CONFIRMATION_OK"
734,10813895788,10813895832,1,"IOTHUB_CLIENT_CONFIRMATION_OK"
735,10813896121,10813896161,1,"IOTHUB_CLIENT_CONFIRMATION_OK"
736,10813896454,10813896498,1,"IOTHUB_CLIENT_CONFIRMATION_OK"
737,10813896787,10813896830,1,"IOTHUB_CLIENT_CONFIRMATION_OK"
738,10813897121,10813897159,1,"IOTHUB_CLIENT_CONFIRMATION_OK"
739,10813897454,10813897493,1,"IOTHUB_CLIENT_CONFIRMATION_OK"
740,10813897787,10813897892,1,"IOTHUB_CLIENT_CONFIRMATION_OK"
741,10813898120,10813898158,1,"IOTHUB_CLIENT_CONFIRMATION_OK"
742,10813898453,10813898499,1,"IOTHUB_CLIENT_CONFIRMATION_OK"
743,10813898786,10813898821,1,"IOTHUB_CLIENT_CONFIRMATION_OK"
744,10813899120,10813899155,1,"IOTHUB_CLIENT_CONFIRMATION_OK"
745,10813899453,10813899545,1,"IOTHUB_CLIENT_CONFIRMATION_OK"
746,10813899786,10813899829,1,"IOTHUB_CLIENT_CONFIRMATION_OK"
747,10813900119,10813900158,1,"IOTHUB_CLIENT_CONFIRMATION_OK"
748,10813900452,10813900489,1,"IOTHUB_CLIENT_CONFIRMATION_OK"
749,10813900785,10813900822,1,"IOTHUB_CLIENT_CONFIRMATION_OK"
750,10813901119,10813901158,1,"IOTHUB_CLIENT_CONFIRMATION_OK"
751,10813901452,10813901494,1,"IOTHUB_CLIENT_CONFIRMATION_OK"
752,10813901785,10813901836,1,"IOTHUB_CLIENT_CONFIRMATION_OK"
753,10813902118,10813902155,1,"IOTHUB_CLIENT_CONFIRMATION_OK"
754,10813902451,10813902491,1,"IOTHUB_CLIENT_CONFIRMATION_OK"
755,10813902784,10813902821,1,"IOTHUB_CLIENT_CONFIRMATION_OK"
756,10813903118,10813903155,1,"IOTHUB_CLIENT_CONFIRMATION_OK"
757,10813903451,10813903492,1,"IOTHUB_CLIENT_CONFIRMATION_OK"
758,10813903784,10813903822,1,"IOTHUB_CLIENT_CONFIRMATION_OK"
759,10813904117,10813904156,1,"IOTHUB_CLIENT_CONFIRMATION_OK"
760,10813904450,10813904488,1,"IOTHUB_CLIENT_CONFIRMATION_OK"
761,10813904783,10813904823,1,"IOTHUB_CLIENT_CONFIRMATION_OK"
762,10813905117,10813905178,1,"IOTHUB_CLIENT_CONFIRMATION_OK"
763,10813905450,10813905487,1,"IOTHUB_CLIENT_CONFIRMATION_OK"
764,10813905783,10813905821,1,"IOTHUB_CLIENT_CONFIRMATION_OK"
765,10813906116,10813906252,1,"IOTHUB_CLIENT_CONFIRMATION_OK"
766,10813906449,10813906487,1,"IOTHUB_CLIENT_CONFIRMATION_OK"
767,10813906782,10813906819,1,"IOTHUB_CLIENT_CONFIRMATION_OK"
768,10813907116,10813907227,1,"IOTHUB_CLIENT_CONFIRMATION_OK"
769,10813907449,10813907655,1,"IOTHUB_CLIENT_CONFIRMATION_OK"
770,10813907782,10813907832,1,"IOTHUB_CLIENT_CONFIRMATION_OK"
771,10813908115,10813908153,1,"IOTHUB_CLIENT_CONFIRMATION_OK"
772,10813908448,10813908553,1,"IOTHUB_CLIENT_CONFIRMATION_OK"
773,10813908781,10813908908,1,"IOTHUB_CLIENT_CONFIRMATION_OK"
774,10813909115,10813909163,1,"IOTHUB_CLIENT_CONFIRMATION_OK"
775,10813909448,10813909492,1,"IOTHUB_CLIENT_CONFIRMATION_OK"
776,10813909781,10813909816,1,"IOTHUB_CLIENT_CONFIRMATION_OK"
777,10813910114,10813910171,1,"IOTHUB_CLIENT_CONFIRMATION_OK"
778,10813910447,10813910490,1,"IOTHUB_CLIENT_CONFIRMATION_OK"
779,10813910780,10813910817,1,"IOTHUB_CLIENT_CONFIRMATION_OK"
780,10813911114,10813911160,1,"IOTHUB_CLIENT_CONFIRMATION_OK"
781,10813911447,10813911487,1,"IOTHUB_CLIENT_CONFIRMATION_OK"
782,10813911780,10813911816,1,"IOTHUB_CLIENT_CONFIRMATION_OK"
783,10813912113,10813912151,1,"IOTHUB_CLIENT_CONFIRMATION_OK"
784,10813912446,10813912483,1,"IOTHUB_CLIENT_CONFIRMATION_OK"
785,10813912779,10813912818,1,"IOTHUB_CLIENT_CONFIRMATION_OK"
786,10813913113,10813913151,1,"IOTHUB_CLIENT_CONFIRMATION_OK"
787,10813913446,10813913483,1,"IOTHUB_CLIENT_CONFIRMATION_OK"
788,10813913779,10813913816,1,"IOTHUB_CLIENT_CONFIRMATION_OK"
789,10813914112,10813914339,1,"IOTHUB_CLIENT_CONFIRMATION_OK"
790,10813914445,10813914484,1,"IOTHUB_CLIENT_CONFIRMATION_OK"
791,10813914778,10813914821,1,"IOTHUB_CLIENT_CONFIRMATION_OK"
792,10813915112,10813915148,1,"IOTHUB_CLIENT_CONFIRMATION_OK"
793,10813915445,10813915484,1,"IOTHUB_CLIENT_CONFIRMATION_OK"
794,10813915778,10813915816,1,"IOTHUB_CLIENT_CONFIRMATION_OK"
795,10813916111,10813916162,1,"IOTHUB_CLIENT_CONFIRMATION_OK"
796,10813916444,10813916480,1,"IOTHUB_CLIENT_CONFIRMATION_OK"
797,10813916777,10813916814,1,"IOTHUB_CLIENT_CONFIRMATION_OK"
798,10813917110,10813917148,1,"IOTHUB_CLIENT_CONFIRMATION_OK"
799,10813917444,10813917483,1,"IOTHUB_CLIENT_CONFIRMATION_OK"
800,10813917777,10813917814,1,"IOTHUB_CLIENT_CONFIRMATION_OK"
801,10813918110,10813918153,1,"IOTHUB_CLIENT_CONFIRMATION_OK"
802,10813918443,10813918480,1,"IOTHUB_CLIENT_CONFIRMATION_OK"
803,10813918776,10813918817,1,"IOTHUB_CLIENT_CONFIRMATION_OK"
804,10813919109,10813919146,1,"IOTHUB_CLIENT_CONFIRMATION_OK"
805,10813919443,10813919483,1,"IOTHUB_CLIENT_CONFIRMATION_OK"
806,10813919776,10813919813,1,"IOTHUB_CLIENT_CONFIRMATION_OK"
807,10813920109,10813920147,1,"IOTHUB_CLIENT_CONFIRMATION_OK"
808,10813920442,10813920479,1,"IOTHUB_CLIENT_CONFIRMATION_OK"
809,10813920775,10813920818,1,"IOTHUB_CLIENT_CONFIRMATION_OK"
810,10813921108,10813921150,1,"IOTHUB_CLIENT_CONFIRMATION_OK"
811,10813921442,10813921487,1,"IOTHUB_CLIENT_CONFIRMATION_OK"
812,10813921775,10813921879,1,"IOTHUB_CLIENT_CONFIRMATION_OK"
813,10813922108,10813922157,1,"IOTHUB_CLIENT_CONFIRMATION_OK"
814,10813922441,10813922479,1,"IOTHUB_CLIENT_CONFIRMATION_OK"
815,10813922774,10813922907,1,"IOTHUB_CLIENT_CONFIRMATION_OK"
816,10813923107,10813923148,1,"IOTHUB_CLIENT_CONFIRMATION_OK"
817,10813923441,10813923477,1,"IOTHUB_CLIENT_CONFIRMATION_OK"
818,10813923774,10813923840,1,"IOTHUB_CLIENT_CONFIRMATION_OK"
819,10813924107,10813924144,1,"IOTHUB_CLIENT_CONFIRMATION_OK"
820,10813924440,10813924482,1,"IOTHUB_CLIENT_CONFIRMATION_OK"
821,10813924773,10813924846,1,"IOTHUB_CLIENT_CONFIRMATION_OK"
822,10813925106,10813925145,1,"IOTHUB_CLIENT_CONFIRMATION_OK"
823,10813925440,10813925476,1,"IOTHUB_CLIENT_CONFIRMATION_OK"
824,10813925773,10813925811,1,"IOTHUB_CLIENT_CONFIRMATION_OK"
825,10813926106,10813926160,1,"IOTHUB_CLIENT_CONFIRMATION_OK"
826,10813926439,10813926479,1,"IOTHUB_CLIENT_CONFIRMATION_OK"
827,10813926772,10813926823,1,"IOTHUB_CLIENT_CONFIRMATION_OK"
828,10813927105,10813927141,1,"IOTHUB_CLIENT_CONFIRMATION_OK"
829,10813927439,10813927474,1,"IOTHUB_CLIENT_CONFIRMATION_OK"
830,10813927772,10813927818,1,"IOTHUB_CLIENT_CONFIRMATION_OK"
831,10813928105,10813928141,1,"IOTHUB_CLIENT_CONFIRMATION_OK"
832,10813928438,10813928475,1,"IOTHUB_CLIENT_CONFIRMATION_OK"
833,10813928771,10813928813,1,"IOTHUB_CLIENT_CONFIRMATION_OK"
834,10813929104,10813929152,1,"IOTHUB_CLIENT_CONFIRMATION_OK"
835,10813929438,10813929475,1,"IOTHUB_CLIENT_CONFIRMATION_OK"
836,10813929771,10813929826,1,"IOTHUB_CLIENT_CONFIRMATION_OK"
837,10813930104,10813930145,1,"IOTHUB_CLIENT_CONFIRMATION_OK"
838,10813930437,10813930475,1,"IOTHUB_CLIENT_CONFIRMATION_OK"
839,10813930770,10813930810,1,"IOTHUB_CLIENT_CONFIRMATION_OK"
840,10813931103,10813931141,1,"IOTHUB_CLIENT_CONFIRMATION_OK"
841,10813931436,10813931473,1,"IOTHUB_CLIENT_CONFIRMATION_OK"
842,10813931770,10813931809,1,"IOTHUB_CLIENT_CONFIRMATION_OK"
843,10813932103,10813932142,1,"IOTHUB_CLIENT_CONFIRMATION_OK"
844,10813932436,10813932476,1,"IOTHUB_CLIENT_CONFIRMATION_OK"
845,10813932769,10813932846,1,"IOTHUB_CLIENT_CONFIRMATION_OK"
846,10813933102,10813933155,1,"IOTHUB_CLIENT_CONFIRMATION_OK"
847,10813933435,10813933475,1,"IOTHUB_CLIENT_CONFIRMATION_OK"
848,10813933769,10813933808,1,"IOTHUB_CLIENT_CONFIRMATION_OK"
849,10813934102,10813934140,1,"IOTHUB_CLIENT_CONFIRMATION_OK"
850,10813934435,10813934466,1,"IOTHUB_CLIENT_CONFIRMATION_OK"
851,10813934768,10813934806,1,"IOTHUB_CLIENT_CONFIRMATION_OK"
852,10813935101,10813935152,1,"IOTHUB_CLIENT_CONFIRMATION_OK"
853,10813935434,10813935472,1,"IOTHUB_CLIENT_CONFIRMATION_OK"
854,10813935768,10813935818,1,"IOTHUB_CLIENT_CONFIRMATION_OK"
855,10813936101,10813936159,1,"IOTHUB_CLIENT_CONFIRMATION_OK"
856,10813936434,10813936473,1,"IOTHUB_CLIENT_CONFIRMATION_OK"
857,10813936767,10813936803,1,"IOTHUB_CLIENT_CONFIRMATION_OK"
858,10813937100,10813937139,1,"IOTHUB_CLIENT_CONFIRMATION_OK"
859,10813937433,10813937471,1,"IOTHUB_CLIENT_CONFIRMATION_OK"
860,10813937767,10813937804,1,"IOTHUB_CLIENT_CONFIRMATION_OK"
861,10813938100,10813938152,1,"IOTHUB_CLIENT_CONFIRMATION_OK"
862,10813938433,10813938575,1,"IOTHUB_CLIENT_CONFIRMATION_OK"
863,10813938766,10813938804,1,"IOTHUB_CLIENT_CONFIRMATION_OK"
864,10813939099,10813939157,1,"IOTHUB_CLIENT_CONFIRMATION_OK"
865,10813939432,10813939470,1,"IOTHUB_CLIENT_CONFIRMATION_OK"
866,10813939766,10813939802,1,"IOTHUB_CLIENT_CONFIRMATION_OK"
867,10813940099,10813940134,1,"IOTHUB_CLIENT_CONFIRMATION_OK"
868,10813940432,10813940471,1,"IOTHUB_CLIENT_CONFIRMATION_OK"
869,10813940765,10813940805,1,"IOTHUB_CLIENT_CONFIRMATION_OK"
870,10813941098,10813941192,1,"IOTHUB_CLIENT_CONFIRMATION_OK"
871,10813941431,10813941494,1,"IOTHUB_CLIENT_CONFIRMATION_OK"
872,10813941765,10813941802,1,"IOTHUB_CLIENT_CONFIRMATION_OK"
873,10813942098,10813942144,1,"IOTHUB_CLIENT_CONFIRMATION_OK"
874,10813942431,10813942471,1,"IOTHUB_CLIENT_CONFIRMATION_OK"
875,10813942764,10813942813,1,"IOTHUB_CLIENT_CONFIRMATION_OK"
876,10813943097,10813943136,1,"IOTHUB_CLIENT_CONFIRMATION_OK"
877,10813943430,10813943469,1,"IOTHUB_CLIENT_CONFIRMATION_OK"
878,10813943764,10813943800,1,"IOTHUB_CLIENT_CONFIRMATION_OK"
879,10813944097,10813944131,1,"IOTHUB_CLIENT_CONFIRMATION_OK"
880,10813944430,10813944474,1,"IOTHUB_CLIENT_CONFIRMATION_OK"
881,10813944763,10813944812,1,"IOTHUB_CLIENT_CONFIRMATION_OK"
882,10813945096,10813945133,1,"IOTHUB_CLIENT_CONFIRMATION_OK"
883,10813945429,10813945474,1,"IOTHUB_CLIENT_CONFIRMATION_OK"
884,10813945763,10813945798,1,"IOTHUB_CLIENT_CONFIRMATION_OK"
885,10813946096,10813946132,1,"IOTHUB_CLIENT_CONFIRMATION_OK"
886,10813946429,10813946468,1,"IOTHUB_CLIENT_CONFIRMATION_OK"
887,10813946762,10813946811,1,"IOTHUB_CLIENT_CONFIRMATION_OK"
888,10813947095,10813947134,1,"IOTHUB_CLIENT_CONFIRMATION_OK"
889,10813947428,10813947473,1,"IOTHUB_CLIENT_CONFIRMATION_OK"
890,10813947762,10813947804,1,"IOTHUB_CLIENT_CONFIRMATION_OK"
891,10813948095,10813948135,1,"IOTHUB_CLIENT_CONFIRMATION_OK"
892,10813948428,10813948469,1,"IOTHUB_CLIENT_CONFIRMATION_OK"
893,10813948761,10813948798,1,"IOTHUB_CLIENT_CONFIRMATION_OK"
894,10813949094,10813949132,1,"IOTHUB_CLIENT_CONFIRMATION_OK"
895,10813949427,10813949464,1,"IOTHUB_CLIENT_CONFIRMATION_OK"
896,10813949760,10813949799,1,"IOTHUB_CLIENT_CONFIRMATION_OK"
897,10813950094,10813950131,1,"IOTHUB_CLIENT_CONFIRMATION_OK"
898,10813950427,10813950478,1,"IOTHUB_CLIENT_CONFIRMATION_OK"
899,10813950760,10813950952,1,"IOTHUB_CLIENT_CONFIRMATION_OK"
