Message ID,Send Time,Receive Time,Status,Error
0,10816914416,10816914660,1,"IOTHUB_CLIENT_CONFIRMATION_OK"
1,10816914750,10816914783,1,"IOTHUB_CLIENT_CONFIRMATION_OK"
2,10816915083,10816915124,1,"IOTHUB_CLIENT_CONFIRMATION_OK"
3,10816915416,10816915451,1,"IOTHUB_CLIENT_CONFIRMATION_OK"
4,10816915749,10816915786,1,"IOTHUB_CLIENT_CONFIRMATION_OK"
5,10816916082,10816916111,1,"IOTHUB_CLIENT_CONFIRMATION_OK"
6,10816916415,10816916446,1,"IOTHUB_CLIENT_CONFIRMATION_OK"
7,10816916748,10816916776,1,"IOTHUB_CLIENT_CONFIRMATION_OK"
8,10816917082,10816917119,1,"IOTHUB_CLIENT_CONFIRMATION_OK"
9,10816917415,10816917445,1,"IOTHUB_CLIENT_CONFIRMATION_OK"
10,10816917748,10816917779,1,"IOTHUB_CLIENT_CONFIRMATION_OK"
11,10816918081,10816918356,1,"IOTHUB_CLIENT_CONFIRMATION_OK"
12,10816918414,10816918573,1,"IOTHUB_CLIENT_CONFIRMATION_OK"
13,10816918747,10816918789,1,"IOTHUB_CLIENT_CONFIRMATION_OK"
14,10816919081,10816919174,1,"IOTHUB_CLIENT_CONFIRMATION_OK"
15,10816919414,10816919443,1,"IOTHUB_CLIENT_CONFIRMATION_OK"
16,10816919747,10816919785,1,"IOTHUB_CLIENT_CONFIRMATION_OK"
17,10816920080,10816920109,1,"IOTHUB_CLIENT_CONFIRMATION_OK"
18,10816920413,10816920441,1,"IOTHUB_CLIENT_CONFIRMATION_OK"
19,10816920746,10816920775,1,"IOTHUB_CLIENT_CONFIRMATION_OK"
20,10816921079,10816921110,1,"IOTHUB_CLIENT_CONFIRMATION_OK"
21,10816921413,10816921449,1,"IOTHUB_CLIENT_CONFIRMATION_OK"
22,10816921746,10816921774,1,"IOTHUB_CLIENT_CONFIRMATION_OK"
23,10816922079,10816922107,1,"IOTHUB_CLIENT_CONFIRMATION_OK"
24,10816922412,10816922444,1,"IOTHUB_CLIENT_CONFIRMATION_OK"
25,10816922745,10816922777,1,"IOTHUB_CLIENT_CONFIRMATION_OK"
26,10816923078,10816923107,1,"IOTHUB_CLIENT_CONFIRMATION_OK"
27,10816923412,10816923443,1,"IOTHUB_CLIENT_CONFIRMATION_OK"
28,10816923745,10816923793,1,"IOTHUB_CLIENT_CONFIRMATION_OK"
29,10816924078,10816924260,1,"IOTHUB_CLIENT_CONFIRMATION_OK"
30,10816924411,10816924440,1,"IOTHUB_CLIENT_CONFIRMATION_OK"
31,10816924744,10816924896,1,"IOTHUB_CLIENT_CONFIRMATION_OK"
32,10816925077,10816925108,1,"IOTHUB_CLIENT_CONFIRMATION_OK"
33,10816925411,10816925509,1,"IOTHUB_CLIENT_CONFIRMATION_OK"
34,10816925744,10816925773,1,"IOTHUB_CLIENT_CONFIRMATION_OK"
35,10816926077,10816926119,1,"IOTHUB_CLIENT_CONFIRMATION_OK"
36,10816926410,10816926444,1,"IOTHUB_CLIENT_CONFIRMATION_OK"
37,10816926743,10816926772,1,"IOTHUB_CLIENT_CONFIRMATION_OK"
38,10816927076,10816927107,1,"IOTHUB_CLIENT_CONFIRMATION_OK"
39,10816927409,10816927438,1,"IOTHUB_CLIENT_CONFIRMATION_OK"
40,10816927743,10816927773,1,"IOTHUB_CLIENT_CONFIRMATION_OK"
41,10816928076,10816928104,1,"IOTHUB_CLIENT_CONFIRMATION_OK"
42,10816928409,10816928440,1,"IOTHUB_CLIENT_CONFIRMATION_OK"
43,10816928742,10816928772,1,"IOTHUB_CLIENT_CONFIRMATION_OK"
44,10816929075,10816929104,1,"IOTHUB_CLIENT_CONFIRMATION_OK"
45,10816929408,10816929440,1,"IOTHUB_CLIENT_CONFIRMATION_OK"
46,10816929741,10816929771,1,"IOTHUB_CLIENT_CONFIRMATION_OK"
47,10816930075,10816930207,1,"IOTHUB_CLIENT_CONFIRMATION_OK"
48,10816930408,10816930601,1,"IOTHUB_CLIENT_CONFIRMATION_OK"
49,10816930741,10816930769,1,"IOTHUB_CLIENT_CONFIRMATION_OK"
50,10816931074,10816931460,1,"IOTHUB_CLIENT_CONFIRMATION_OK"
51,10816931407,10816931466,1,"IOTHUB_CLIENT_CONFIRMATION_OK"
52,10816931740,10816931855,1,"IOTHUB_CLIENT_CONFIRMATION_OK"
53,10816932074,10816932105,1,"IOTHUB_CLIENT_CONFIRMATION_OK"
54,10816932407,10816932463,1,"IOTHUB_CLIENT_CONFIRMATION_OK"
55,10816932740,10816932770,1,"IOTHUB_CLIENT_CONFIRMATION_OK"
56,10816933073,10816933113,1,"IOTHUB_CLIENT_CONFIRMATION_OK"
57,10816933406,10816933438,1,"IOTHUB_CLIENT_CONFIRMATION_OK"
58,10816933739,10816933770,1,"IOTHUB_CLIENT_CONFIRMATION_OK"
59,10816934073,10816934134,1,"IOTHUB_CLIENT_CONFIRMATION_OK"
60,10816934406,10816934459,1,"IOTHUB_CLIENT_CONFIRMATION_OK"
61,10816934739,10816934771,1,"IOTHUB_CLIENT_CONFIRMATION_OK"
62,10816935072,10816935103,1,"IOTHUB_CLIENT_CONFIRMATION_OK"
63,10816935405,10816935436,1,"IOTHUB_CLIENT_CONFIRMATION_OK"
64,10816935738,10816935782,1,"IOTHUB_CLIENT_CONFIRMATION_OK"
65,10816936072,10816936104,1,"IOTHUB_CLIENT_CONFIRMATION_OK"
66,10816936405,10816936498,1,"IOTHUB_CLIENT_CONFIRMATION_OK"
67,10816936738,10816936894,1,"IOTHUB_CLIENT_CONFIRMATION_OK"
68,10816937071,10816937114,1,"IOTHUB_CLIENT_CONFIRMATION_OK"
69,10816937404,10816937501,1,"IOTHUB_CLIENT_CONFIRMATION_OK"
70,10816937737,10816937767,1,"IOTHUB_CLIENT_CONFIRMATION_OK"
71,10816938071,10816938123,1,"IOTHUB_CLIENT_CONFIRMATION_OK"
72,10816938404,10816938437,1,"IOTHUB_CLIENT_CONFIRMATION_OK"
73,10816938737,10816938767,1,"IOTHUB_CLIENT_CONFIRMATION_OK"
74,10816939070,10816939099,1,"IOTHUB_CLIENT_CONFIRMATION_OK"
75,10816939403,10816939434,1,"IOTHUB_CLIENT_CONFIRMATION_OK"
76,10816939736,10816939765,1,"IOTHUB_CLIENT_CONFIRMATION_OK"
77,10816940070,10816940100,1,"IOTHUB_CLIENT_CONFIRMATION_OK"
78,10816940403,10816940432,1,"IOTHUB_CLIENT_CONFIRMATION_OK"
79,10816940736,10816940765,1,"IOTHUB_CLIENT_CONFIRMATION_OK"
80,10816941069,10816941108,1,"IOTHUB_CLIENT_CONFIRMATION_OK"
81,10816941402,10816941434,1,"IOTHUB_CLIENT_CONFIRMATION_OK"
82,10816941735,10816941776,1,"IOTHUB_CLIENT_CONFIRMATION_OK"
83,10816942069,10816942099,1,"IOTHUB_CLIENT_CONFIRMATION_OK"
84,10816942402,10816942432,1,"IOTHUB_CLIENT_CONFIRMATION_OK"
85,10816942735,10816942772,1,"IOTHUB_CLIENT_CONFIRMATION_OK"
86,10816943068,10816943197,1,"IOTHUB_CLIENT_CONFIRMATION_OK"
87,10816943401,10816943441,1,"IOTHUB_CLIENT_CONFIRMATION_OK"
88,10816943734,10816943819,1,"IOTHUB_CLIENT_CONFIRMATION_OK"
89,10816944068,10816944096,1,"IOTHUB_CLIENT_CONFIRMATION_OK"
90,10816944401,10816944428,1,"IOTHUB_CLIENT_CONFIRMATION_OK"
91,10816944734,10816944766,1,"IOTHUB_CLIENT_CONFIRMATION_OK"
92,10816945067,10816945095,1,"IOTHUB_CLIENT_CONFIRMATION_OK"
93,10816945400,10816945432,1,"IOTHUB_CLIENT_CONFIRMATION_OK"
94,10816945733,10816945765,1,"IOTHUB_CLIENT_CONFIRMATION_OK"
95,10816946066,10816946096,1,"IOTHUB_CLIENT_CONFIRMATION_OK"
96,10816946400,10816946431,1,"IOTHUB_CLIENT_CONFIRMATION_OK"
97,10816946733,10816946766,1,"IOTHUB_CLIENT_CONFIRMATION_OK"
98,10816947066,10816947094,1,"IOTHUB_CLIENT_CONFIRMATION_OK"
99,10816947399,10816947431,1,"IOTHUB_CLIENT_CONFIRMATION_OK"
100,10816947732,10816947769,1,"IOTHUB_CLIENT_CONFIRMATION_OK"
101,10816948065,10816948146,1,"IOTHUB_CLIENT_CONFIRMATION_OK"
102,10816948399,10816948426,1,"IOTHUB_CLIENT_CONFIRMATION_OK"
103,10816948732,10816948768,1,"IOTHUB_CLIENT_CONFIRMATION_OK"
104,10816949065,10816949095,1,"IOTHUB_CLIENT_CONFIRMATION_OK"
105,10816949398,10816949432,1,"IOTHUB_CLIENT_CONFIRMATION_OK"
106,10816949731,10816949759,1,"IOTHUB_CLIENT_CONFIRMATION_OK"
107,10816950064,10816950093,1,"IOTHUB_CLIENT_CONFIRMATION_OK"
108,10816950397,10816950425,1,"IOTHUB_CLIENT_CONFIRMATION_OK"
109,10816950731,10816950761,1,"IOTHUB_CLIENT_CONFIRMATION_OK"
110,10816951064,10816951101,1,"IOTHUB_CLIENT_CONFIRMATION_OK"
111,10816951397,10816951426,1,"IOTHUB_CLIENT_CONFIRMATION_OK"
112,10816951730,10816951758,1,"IOTHUB_CLIENT_CONFIRMATION_OK"
113,10816952063,10816952094,1,"IOTHUB_CLIENT_CONFIRMATION_OK"
114,10816952396,10816952429,1,"IOTHUB_CLIENT_CONFIRMATION_OK"
115,10816952730,10816952759,1,"IOTHUB_CLIENT_CONFIRMATION_OK"
116,10816953063,10816953092,1,"IOTHUB_CLIENT_CONFIRMATION_OK"
117,10816953396,10816953425,1,"IOTHUB_CLIENT_CONFIRMATION_OK"
118,10816953729,10816953760,1,"IOTHUB_CLIENT_CONFIRMATION_OK"
119,10816954062,10816954091,1,"IOTHUB_CLIENT_CONFIRMATION_OK"
120,10816954395,10816954465,1,"IOTHUB_CLIENT_CONFIRMATION_OK"
121,10816954729,10816954755,1,"IOTHUB_CLIENT_CONFIRMATION_OK"
122,10816955062,10816955094,1,"IOTHUB_CLIENT_CONFIRMATION_OK"
123,10816955395,10816955423,1,"IOTHUB_CLIENT_CONFIRMATION_OK"
124,10816955728,10816955757,1,"IOTHUB_CLIENT_CONFIRMATION_OK"
125,10816956061,10816956092,1,"IOTHUB_CLIENT_CONFIRMATION_OK"
126,10816956394,10816956424,1,"IOTHUB_CLIENT_CONFIRMATION_OK"
127,10816956727,10816956759,1,"IOTHUB_CLIENT_CONFIRMATION_OK"
128,10816957061,10816957092,1,"IOTHUB_CLIENT_CONFIRMATION_OK"
129,10816957394,10816957423,1,"IOTHUB_CLIENT_CONFIRMATION_OK"
130,10816957727,10816957760,1,"IOTHUB_CLIENT_CONFIRMATION_OK"
131,10816958060,10816958113,1,"IOTHUB_CLIENT_CONFIRMATION_OK"
132,10816958393,10816958424,1,"IOTHUB_CLIENT_CONFIRMATION_OK"
133,10816958726,10816958756,1,"IOTHUB_CLIENT_CONFIRMATION_OK"
134,10816959060,10816959100,1,"IOTHUB_CLIENT_CONFIRMATION_OK"
135,10816959393,10816959425,1,"IOTHUB_CLIENT_CONFIRMATION_OK"
136,10816959726,10816959756,1,"IOTHUB_CLIENT_CONFIRMATION_OK"
137,10816960059,10816960149,1,"IOTHUB_CLIENT_CONFIRMATION_OK"
138,10816960392,10816960445,1,"IOTHUB_CLIENT_CONFIRMATION_OK"
139,10816960725,10816960765,1,"IOTHUB_CLIENT_CONFIRMATION_OK"
140,10816961059,10816961098,1,"IOTHUB_CLIENT_CONFIRMATION_OK"
141,10816961392,10816961421,1,"IOTHUB_CLIENT_CONFIRMATION_OK"
142,10816961725,10816961757,1,"IOTHUB_CLIENT_CONFIRMATION_OK"
143,10816962058,10816962089,1,"IOTHUB_CLIENT_CONFIRMATION_OK"
144,10816962391,10816962424,1,"IOTHUB_CLIENT_CONFIRMATION_OK"
145,10816962724,10816962754,1,"IOTHUB_CLIENT_CONFIRMATION_OK"
146,10816963058,10816963086,1,"IOTHUB_CLIENT_CONFIRMATION_OK"
147,10816963391,10816963421,1,"IOTHUB_CLIENT_CONFIRMATION_OK"
148,10816963724,10816963755,1,"IOTHUB_CLIENT_CONFIRMATION_OK"
149,10816964057,10816964092,1,"IOTHUB_CLIENT_CONFIRMATION_OK"
150,10816964390,10816964421,1,"IOTHUB_CLIENT_CONFIRMATION_OK"
151,10816964723,10816964753,1,"IOTHUB_CLIENT_CONFIRMATION_OK"
152,10816965056,10816965087,1,"IOTHUB_CLIENT_CONFIRMATION_OK"
153,10816965390,10816965429,1,"IOTHUB_CLIENT_CONFIRMATION_OK"
154,10816965723,10816965751,1,"IOTHUB_CLIENT_CONFIRMATION_OK"
155,10816966056,10816966086,1,"IOTHUB_CLIENT_CONFIRMATION_OK"
156,10816966389,10816966465,1,"IOTHUB_CLIENT_CONFIRMATION_OK"
157,10816966722,10816966762,1,"IOTHUB_CLIENT_CONFIRMATION_OK"
158,10816967055,10816967089,1,"IOTHUB_CLIENT_CONFIRMATION_OK"
159,10816967388,10816967418,1,"IOTHUB_CLIENT_CONFIRMATION_OK"
160,10816967722,10816967763,1,"IOTHUB_CLIENT_CONFIRMATION_OK"
161,10816968055,10816968089,1,"IOTHUB_CLIENT_CONFIRMATION_OK"
162,10816968388,10816968419,1,"IOTHUB_CLIENT_CONFIRMATION_OK"
163,10816968721,10816968749,1,"IOTHUB_CLIENT_CONFIRMATION_OK"
164,10816969054,10816969084,1,"IOTHUB_CLIENT_CONFIRMATION_OK"
165,10816969387,10816969416,1,"IOTHUB_CLIENT_CONFIRMATION_OK"
166,10816969721,10816969754,1,"IOTHUB_CLIENT_CONFIRMATION_OK"
167,10816970054,10816970086,1,"IOTHUB_CLIENT_CONFIRMATION_OK"
168,10816970387,10816970427,1,"IOTHUB_CLIENT_CONFIRMATION_OK"
169,10816970720,10816970755,1,"IOTHUB_CLIENT_CONFIRMATION_OK"
170,10816971053,10816971083,1,"IOTHUB_CLIENT_CONFIRMATION_OK"
171,10816971386,10816971420,1,"IOTHUB_CLIENT_CONFIRMATION_OK"
172,10816971720,10816971748,1,"IOTHUB_CLIENT_CONFIRMATION_OK"
173,10816972053,10816972112,1,"IOTHUB_CLIENT_CONFIRMATION_OK"
174,10816972386,10816972428,1,"IOTHUB_CLIENT_CONFIRMATION_OK"
175,10816972719,10816972827,1,"IOTHUB_CLIENT_CONFIRMATION_OK"
176,10816973052,10816973083,1,"IOTHUB_CLIENT_CONFIRMATION_OK"
177,10816973385,10816973435,1,"IOTHUB_CLIENT_CONFIRMATION_OK"
178,10816973719,10816973759,1,"IOTHUB_CLIENT_CONFIRMATION_OK"
179,10816974052,10816974082,1,"IOTHUB_CLIENT_CONFIRMATION_OK"
180,10816974385,10816974415,1,"IOTHUB_CLIENT_CONFIRMATION_OK"
181,10816974718,10816974749,1,"IOTHUB_CLIENT_CONFIRMATION_OK"
182,10816975051,10816975082,1,"IOTHUB_CLIENT_CONFIRMATION_OK"
183,10816975384,10816975418,1,"IOTHUB_CLIENT_CONFIRMATION_OK"
184,10816975717,10816975746,1,"IOTHUB_CLIENT_CONFIRMATION_OK"
185,10816976051,10816976080,1,"IOTHUB_CLIENT_CONFIRMATION_OK"
186,10816976384,10816976415,1,"IOTHUB_CLIENT_CONFIRMATION_OK"
187,10816976717,10816976747,1,"IOTHUB_CLIENT_CONFIRMATION_OK"
188,10816977050,10816977081,1,"IOTHUB_CLIENT_CONFIRMATION_OK"
189,10816977383,10816977411,1,"IOTHUB_CLIENT_CONFIRMATION_OK"
190,10816977716,10816977747,1,"IOTHUB_CLIENT_CONFIRMATION_OK"
191,10816978049,10816978081,1,"IOTHUB_CLIENT_CONFIRMATION_OK"
192,10816978383,10816978552,1,"IOTHUB_CLIENT_CONFIRMATION_OK"
193,10816978716,10816978746,1,"IOTHUB_CLIENT_CONFIRMATION_OK"
194,10816979049,10816979155,1,"IOTHUB_CLIENT_CONFIRMATION_OK"
195,10816979382,10816979411,1,"IOTHUB_CLIENT_CONFIRMATION_OK"
196,10816979715,10816979758,1,"IOTHUB_CLIENT_CONFIRMATION_OK"
197,10816980048,10816980087,1,"IOTHUB_CLIENT_CONFIRMATION_OK"
198,10816980382,10816980424,1,"IOTHUB_CLIENT_CONFIRMATION_OK"
199,10816980715,10816980743,1,"IOTHUB_CLIENT_CONFIRMATION_OK"
200,10816981048,10816981082,1,"IOTHUB_CLIENT_CONFIRMATION_OK"
201,10816981381,10816981409,1,"IOTHUB_CLIENT_CONFIRMATION_OK"
202,10816981714,10816981742,1,"IOTHUB_CLIENT_CONFIRMATION_OK"
203,10816982047,10816982084,1,"IOTHUB_CLIENT_CONFIRMATION_OK"
204,10816982381,10816982451,1,"IOTHUB_CLIENT_CONFIRMATION_OK"
205,10816982714,10816982742,1,"IOTHUB_CLIENT_CONFIRMATION_OK"
206,10816983047,10816983078,1,"IOTHUB_CLIENT_CONFIRMATION_OK"
207,10816983380,10816983411,1,"IOTHUB_CLIENT_CONFIRMATION_OK"
208,10816983713,10816983745,1,"IOTHUB_CLIENT_CONFIRMATION_OK"
209,10816984046,10816984077,1,"IOTHUB_CLIENT_CONFIRMATION_OK"
210,10816984379,10816984411,1,"IOTHUB_CLIENT_CONFIRMATION_OK"
211,10816984713,10816984843,1,"IOTHUB_CLIENT_CONFIRMATION_OK"
212,10816985046,10816985078,1,"IOTHUB_CLIENT_CONFIRMATION_OK"
213,10816985379,10816985458,1,"IOTHUB_CLIENT_CONFIRMATION_OK"
214,10816985712,10816985745,1,"IOTHUB_CLIENT_CONFIRMATION_OK"
215,10816986045,10816986077,1,"IOTHUB_CLIENT_CONFIRMATION_OK"
216,10816986378,10816986410,1,"IOTHUB_CLIENT_CONFIRMATION_OK"
217,10816986712,10816986764,1,"IOTHUB_CLIENT_CONFIRMATION_OK"
218,10816987045,10816987075,1,"IOTHUB_CLIENT_CONFIRMATION_OK"
219,10816987378,10816987409,1,"IOTHUB_CLIENT_CONFIRMATION_OK"
220,10816987711,10816987742,1,"IOTHUB_CLIENT_CONFIRMATION_OK"
221,10816988044,10816988075,1,"IOTHUB_CLIENT_CONFIRMATION_OK"
222,10816988377,10816988407,1,"IOTHUB_CLIENT_CONFIRMATION_OK"
223,10816988711,10816988747,1,"IOTHUB_CLIENT_CONFIRMATION_OK"
224,10816989044,10816989099,1,"IOTHUB_CLIENT_CONFIRMATION_OK"
225,10816989377,10816989408,1,"IOTHUB_CLIENT_CONFIRMATION_OK"
226,10816989710,10816989741,1,"IOTHUB_CLIENT_CONFIRMATION_OK"
227,10816990043,10816990073,1,"IOTHUB_CLIENT_CONFIRMATION_OK"
228,10816990376,10816990528,1,"IOTHUB_CLIENT_CONFIRMATION_OK"
229,10816990710,10816990866,1,"IOTHUB_CLIENT_CONFIRMATION_OK"
230,10816991043,10816991129,1,"IOTHUB_CLIENT_CONFIRMATION_OK"
231,10816991376,10816991406,1,"IOTHUB_CLIENT_CONFIRMATION_OK"
232,10816991709,10816991751,1,"IOTHUB_CLIENT_CONFIRMATION_OK"
233,10816992042,10816992074,1,"IOTHUB_CLIENT_CONFIRMATION_OK"
234,10816992375,10816992405,1,"IOTHUB_CLIENT_CONFIRMATION_OK"
235,10816992708,10816992742,1,"IOTHUB_CLIENT_CONFIRMATION_OK"
236,10816993042,10816993098,1,"IOTHUB_CLIENT_CONFIRMATION_OK"
237,10816993375,10816993407,1,"IOTHUB_CLIENT_CONFIRMATION_OK"
238,10816993708,10816993737,1,"IOTHUB_CLIENT_CONFIRMATION_OK"
239,10816994041,10816994072,1,"IOTHUB_CLIENT_CONFIRMATION_OK"
240,10816994374,10816994404,1,"IOTHUB_CLIENT_CONFIRMATION_OK"
241,10816994707,10816994750,1,"IOTHUB_CLIENT_CONFIRMATION_OK"
242,10816995041,10816995071,1,"IOTHUB_CLIENT_CONFIRMATION_OK"
243,10816995374,10816995402,1,"IOTHUB_CLIENT_CONFIRMATION_OK"
244,10816995707,10816995735,1,"IOTHUB_CLIENT_CONFIRMATION_OK"
245,10816996040,10816996070,1,"IOTHUB_CLIENT_CONFIRMATION_OK"
246,10816996373,10816996417,1,"IOTHUB_CLIENT_CONFIRMATION_OK"
247,10816996706,10816996850,1,"IOTHUB_CLIENT_CONFIRMATION_OK"
248,10816997040,10816997078,1,"IOTHUB_CLIENT_CONFIRMATION_OK"
249,10816997373,10816997458,1,"IOTHUB_CLIENT_CONFIRMATION_OK"
250,10816997706,10816997735,1,"IOTHUB_CLIENT_CONFIRMATION_OK"
251,10816998039,10816998070,1,"IOTHUB_CLIENT_CONFIRMATION_OK"
252,10816998372,10816998407,1,"IOTHUB_CLIENT_CONFIRMATION_OK"
253,10816998705,10816998774,1,"IOTHUB_CLIENT_CONFIRMATION_OK"
254,10816999038,10816999070,1,"IOTHUB_CLIENT_CONFIRMATION_OK"
255,10816999372,10816999403,1,"IOTHUB_CLIENT_CONFIRMATION_OK"
256,10816999705,10816999735,1,"IOTHUB_CLIENT_CONFIRMATION_OK"
257,10817000038,10817000068,1,"IOTHUB_CLIENT_CONFIRMATION_OK"
258,10817000371,10817000400,1,"IOTHUB_CLIENT_CONFIRMATION_OK"
259,10817000704,10817000732,1,"IOTHUB_CLIENT_CONFIRMATION_OK"
260,10817001037,10817001071,1,"IOTHUB_CLIENT_CONFIRMATION_OK"
261,10817001371,10817001401,1,"IOTHUB_CLIENT_CONFIRMATION_OK"
262,10817001704,10817001733,1,"IOTHUB_CLIENT_CONFIRMATION_OK"
263,10817002037,10817002067,1,"IOTHUB_CLIENT_CONFIRMATION_OK"
264,10817002370,10817002408,1,"IOTHUB_CLIENT_CONFIRMATION_OK"
265,10817002703,10817002743,1,"IOTHUB_CLIENT_CONFIRMATION_OK"
266,10817003036,10817003069,1,"IOTHUB_CLIENT_CONFIRMATION_OK"
267,10817003370,10817003399,1,"IOTHUB_CLIENT_CONFIRMATION_OK"
268,10817003703,10817003731,1,"IOTHUB_CLIENT_CONFIRMATION_OK"
269,10817004036,10817004067,1,"IOTHUB_CLIENT_CONFIRMATION_OK"
270,10817004369,10817004397,1,"IOTHUB_CLIENT_CONFIRMATION_OK"
271,10817004702,10817004733,1,"IOTHUB_CLIENT_CONFIRMATION_OK"
272,10817005035,10817005066,1,"IOTHUB_CLIENT_CONFIRMATION_OK"
273,10817005368,10817005408,1,"IOTHUB_CLIENT_CONFIRMATION_OK"
274,10817005702,10817005734,1,"IOTHUB_CLIENT_CONFIRMATION_OK"
275,10817006035,10817006065,1,"IOTHUB_CLIENT_CONFIRMATION_OK"
276,10817006368,10817006396,1,"IOTHUB_CLIENT_CONFIRMATION_OK"
277,10817006701,10817006732,1,"IOTHUB_CLIENT_CONFIRMATION_OK"
278,10817007034,10817007064,1,"IOTHUB_CLIENT_CONFIRMATION_OK"
279,10817007367,10817007397,1,"IOTHUB_CLIENT_CONFIRMATION_OK"
280,10817007701,10817007740,1,"IOTHUB_CLIENT_CONFIRMATION_OK"
281,10817008034,10817008304,1,"IOTHUB_CLIENT_CONFIRMATION_OK"
282,10817008367,10817008395,1,"IOTHUB_CLIENT_CONFIRMATION_OK"
283,10817008700,10817008730,1,"IOTHUB_CLIENT_CONFIRMATION_OK"
284,10817009033,10817009064,1,"IOTHUB_CLIENT_CONFIRMATION_OK"
285,10817009366,10817009396,1,"IOTHUB_CLIENT_CONFIRMATION_OK"
286,10817009699,10817009731,1,"IOTHUB_CLIENT_CONFIRMATION_OK"
287,10817010033,10817010064,1,"IOTHUB_CLIENT_CONFIRMATION_OK"
288,10817010366,10817010396,1,"IOTHUB_CLIENT_CONFIRMATION_OK"
289,10817010699,10817010728,1,"IOTHUB_CLIENT_CONFIRMATION_OK"
290,10817011032,10817011078,1,"IOTHUB_CLIENT_CONFIRMATION_OK"
291,10817011365,10817011405,1,"IOTHUB_CLIENT_CONFIRMATION_OK"
292,10817011698,10817011730,1,"IOTHUB_CLIENT_CONFIRMATION_OK"
293,10817012032,10817012060,1,"IOTHUB_CLIENT_CONFIRMATION_OK"
294,10817012365,10817012395,1,"IOTHUB_CLIENT_CONFIRMATION_OK"
295,10817012698,10817012728,1,"IOTHUB_CLIENT_CONFIRMATION_OK"
296,10817013031,10817013061,1,"IOTHUB_CLIENT_CONFIRMATION_OK"
297,10817013364,10817013396,1,"IOTHUB_CLIENT_CONFIRMATION_OK"
298,10817013697,10817013791,1,"IOTHUB_CLIENT_CONFIRMATION_OK"
299,10817014030,10817014061,1,"IOTHUB_CLIENT_CONFIRMATION_OK"
300,10817014364,10817014432,1,"IOTHUB_CLIENT_CONFIRMATION_OK"
301,10817014697,10817014726,1,"IOTHUB_CLIENT_CONFIRMATION_OK"
302,10817015030,10817015068,1,"IOTHUB_CLIENT_CONFIRMATION_OK"
303,10817015363,10817015395,1,"IOTHUB_CLIENT_CONFIRMATION_OK"
304,10817015696,10817015738,1,"IOTHUB_CLIENT_CONFIRMATION_OK"
305,10817016029,10817016063,1,"IOTHUB_CLIENT_CONFIRMATION_OK"
306,10817016362,10817016394,1,"IOTHUB_CLIENT_CONFIRMATION_OK"
307,10817016696,10817016727,1,"IOTHUB_CLIENT_CONFIRMATION_OK"
308,10817017029,10817017059,1,"IOTHUB_CLIENT_CONFIRMATION_OK"
309,10817017362,10817017402,1,"IOTHUB_CLIENT_CONFIRMATION_OK"
310,10817017695,10817017724,1,"IOTHUB_CLIENT_CONFIRMATION_OK"
311,10817018028,10817018058,1,"IOTHUB_CLIENT_CONFIRMATION_OK"
312,10817018362,10817018475,1,"IOTHUB_CLIENT_CONFIRMATION_OK"
313,10817018695,10817018723,1,"IOTHUB_CLIENT_CONFIRMATION_OK"
314,10817019028,10817019057,1,"IOTHUB_CLIENT_CONFIRMATION_OK"
315,10817019361,10817019391,1,"IOTHUB_CLIENT_CONFIRMATION_OK"
316,10817019694,10817019738,1,"IOTHUB_CLIENT_CONFIRMATION_OK"
317,10817020027,10817020127,1,"IOTHUB_CLIENT_CONFIRMATION_OK"
318,10817020360,10817020389,1,"IOTHUB_CLIENT_CONFIRMATION_OK"
319,10817020694,10817020724,1,"IOTHUB_CLIENT_CONFIRMATION_OK"
320,10817021027,10817021061,1,"IOTHUB_CLIENT_CONFIRMATION_OK"
321,10817021360,10817021407,1,"IOTHUB_CLIENT_CONFIRMATION_OK"
322,10817021693,10817021723,1,"IOTHUB_CLIENT_CONFIRMATION_OK"
323,10817022026,10817022059,1,"IOTHUB_CLIENT_CONFIRMATION_OK"
324,10817022359,10817022389,1,"IOTHUB_CLIENT_CONFIRMATION_OK"
325,10817022693,10817022721,1,"IOTHUB_CLIENT_CONFIRMATION_OK"
326,10817023026,10817023056,1,"IOTHUB_CLIENT_CONFIRMATION_OK"
327,10817023359,10817023388,1,"IOTHUB_CLIENT_CONFIRMATION_OK"
328,10817023692,10817023722,1,"IOTHUB_CLIENT_CONFIRMATION_OK"
329,10817024025,10817024058,1,"IOTHUB_CLIENT_CONFIRMATION_OK"
330,10817024358,10817024388,1,"IOTHUB_CLIENT_CONFIRMATION_OK"
331,10817024692,10817024724,1,"IOTHUB_CLIENT_CONFIRMATION_OK"
332,10817025025,10817025054,1,"IOTHUB_CLIENT_CONFIRMATION_OK"
333,10817025358,10817025388,1,"IOTHUB_CLIENT_CONFIRMATION_OK"
334,10817025691,10817025729,1,"IOTHUB_CLIENT_CONFIRMATION_OK"
335,10817026024,10817026056,1,"IOTHUB_CLIENT_CONFIRMATION_OK"
336,10817026357,10817026438,1,"IOTHUB_CLIENT_CONFIRMATION_OK"
337,10817026691,10817026722,1,"IOTHUB_CLIENT_CONFIRMATION_OK"
338,10817027024,10817027071,1,"IOTHUB_CLIENT_CONFIRMATION_OK"
339,10817027357,10817027388,1,"IOTHUB_CLIENT_CONFIRMATION_OK"
340,10817027690,10817027721,1,"IOTHUB_CLIENT_CONFIRMATION_OK"
341,10817028023,10817028058,1,"IOTHUB_CLIENT_CONFIRMATION_OK"
342,10817028356,10817028390,1,"IOTHUB_CLIENT_CONFIRMATION_OK"
343,10817028690,10817028722,1,"IOTHUB_CLIENT_CONFIRMATION_OK"
344,10817029023,10817029074,1,"IOTHUB_CLIENT_CONFIRMATION_OK"
345,10817029356,10817029413,1,"IOTHUB_CLIENT_CONFIRMATION_OK"
346,10817029689,10817029777,1,"IOTHUB_CLIENT_CONFIRMATION_OK"
347,10817030022,10817030054,1,"IOTHUB_CLIENT_CONFIRMATION_OK"
348,10817030355,10817030386,1,"IOTHUB_CLIENT_CONFIRMATION_OK"
349,10817030689,10817030717,1,"IOTHUB_CLIENT_CONFIRMATION_OK"
350,10817031022,10817031053,1,"IOTHUB_CLIENT_CONFIRMATION_OK"
351,10817031355,10817031393,1,"IOTHUB_CLIENT_CONFIRMATION_OK"
352,10817031688,10817031717,1,"IOTHUB_CLIENT_CONFIRMATION_OK"
353,10817032021,10817032219,1,"IOTHUB_CLIENT_CONFIRMATION_OK"
354,10817032354,10817032382,1,"IOTHUB_CLIENT_CONFIRMATION_OK"
355,10817032687,10817032844,1,"IOTHUB_CLIENT_CONFIRMATION_OK"
356,10817033021,10817033051,1,"IOTHUB_CLIENT_CONFIRMATION_OK"
357,10817033354,10817033444,1,"IOTHUB_CLIENT_CONFIRMATION_OK"
358,10817033687,10817033718,1,"IOTHUB_CLIENT_CONFIRMATION_OK"
359,10817034020,10817034061,1,"IOTHUB_CLIENT_CONFIRMATION_OK"
360,10817034353,10817034383,1,"IOTHUB_CLIENT_CONFIRMATION_OK"
361,10817034686,10817034717,1,"IOTHUB_CLIENT_CONFIRMATION_OK"
362,10817035020,10817035051,1,"IOTHUB_CLIENT_CONFIRMATION_OK"
363,10817035353,10817035382,1,"IOTHUB_CLIENT_CONFIRMATION_OK"
364,10817035686,10817035718,1,"IOTHUB_CLIENT_CONFIRMATION_OK"
365,10817036019,10817036049,1,"IOTHUB_CLIENT_CONFIRMATION_OK"
366,10817036352,10817036385,1,"IOTHUB_CLIENT_CONFIRMATION_OK"
367,10817036685,10817036715,1,"IOTHUB_CLIENT_CONFIRMATION_OK"
368,10817037018,10817037047,1,"IOTHUB_CLIENT_CONFIRMATION_OK"
369,10817037352,10817037386,1,"IOTHUB_CLIENT_CONFIRMATION_OK"
370,10817037685,10817037716,1,"IOTHUB_CLIENT_CONFIRMATION_OK"
371,10817038018,10817038050,1,"IOTHUB_CLIENT_CONFIRMATION_OK"
372,10817038351,10817038389,1,"IOTHUB_CLIENT_CONFIRMATION_OK"
373,10817038684,10817038714,1,"IOTHUB_CLIENT_CONFIRMATION_OK"
374,10817039017,10817039046,1,"IOTHUB_CLIENT_CONFIRMATION_OK"
375,10817039351,10817039385,1,"IOTHUB_CLIENT_CONFIRMATION_OK"
376,10817039684,10817039714,1,"IOTHUB_CLIENT_CONFIRMATION_OK"
377,10817040017,10817040047,1,"IOTHUB_CLIENT_CONFIRMATION_OK"
378,10817040350,10817040380,1,"IOTHUB_CLIENT_CONFIRMATION_OK"
379,10817040683,10817040715,1,"IOTHUB_CLIENT_CONFIRMATION_OK"
380,10817041016,10817041044,1,"IOTHUB_CLIENT_CONFIRMATION_OK"
381,10817041350,10817041378,1,"IOTHUB_CLIENT_CONFIRMATION_OK"
382,10817041683,10817041710,1,"IOTHUB_CLIENT_CONFIRMATION_OK"
383,10817042016,10817042046,1,"IOTHUB_CLIENT_CONFIRMATION_OK"
384,10817042349,10817042380,1,"IOTHUB_CLIENT_CONFIRMATION_OK"
385,10817042682,10817042883,1,"IOTHUB_CLIENT_CONFIRMATION_OK"
386,10817043015,10817043046,1,"IOTHUB_CLIENT_CONFIRMATION_OK"
387,10817043349,10817043493,1,"IOTHUB_CLIENT_CONFIRMATION_OK"
388,10817043682,10817043713,1,"IOTHUB_CLIENT_CONFIRMATION_OK"
389,10817044015,10817044104,1,"IOTHUB_CLIENT_CONFIRMATION_OK"
390,10817044348,10817044377,1,"IOTHUB_CLIENT_CONFIRMATION_OK"
391,10817044681,10817044712,1,"IOTHUB_CLIENT_CONFIRMATION_OK"
392,10817045014,10817045044,1,"IOTHUB_CLIENT_CONFIRMATION_OK"
393,10817045348,10817045379,1,"IOTHUB_CLIENT_CONFIRMATION_OK"
394,10817045681,10817045711,1,"IOTHUB_CLIENT_CONFIRMATION_OK"
395,10817046014,10817046057,1,"IOTHUB_CLIENT_CONFIRMATION_OK"
396,10817046347,10817046380,1,"IOTHUB_CLIENT_CONFIRMATION_OK"
397,10817046680,10817046762,1,"IOTHUB_CLIENT_CONFIRMATION_OK"
398,10817047013,10817047054,1,"IOTHUB_CLIENT_CONFIRMATION_OK"
399,10817047347,10817047376,1,"IOTHUB_CLIENT_CONFIRMATION_OK"
400,10817047680,10817047711,1,"IOTHUB_CLIENT_CONFIRMATION_OK"
401,10817048013,10817048043,1,"IOTHUB_CLIENT_CONFIRMATION_OK"
402,10817048346,10817048377,1,"IOTHUB_CLIENT_CONFIRMATION_OK"
403,10817048679,10817048709,1,"IOTHUB_CLIENT_CONFIRMATION_OK"
404,10817049012,10817049042,1,"IOTHUB_CLIENT_CONFIRMATION_OK"
405,10817049346,10817049382,1,"IOTHUB_CLIENT_CONFIRMATION_OK"
406,10817049679,10817049709,1,"IOTHUB_CLIENT_CONFIRMATION_OK"
407,10817050012,10817050049,1,"IOTHUB_CLIENT_CONFIRMATION_OK"
408,10817050345,10817050374,1,"IOTHUB_CLIENT_CONFIRMATION_OK"
409,10817050678,10817050709,1,"IOTHUB_CLIENT_CONFIRMATION_OK"
410,10817051011,10817051040,1,"IOTHUB_CLIENT_CONFIRMATION_OK"
411,10817051345,10817051395,1,"IOTHUB_CLIENT_CONFIRMATION_OK"
412,10817051678,10817051708,1,"IOTHUB_CLIENT_CONFIRMATION_OK"
413,10817052011,10817052043,1,"IOTHUB_CLIENT_CONFIRMATION_OK"
414,10817052344,10817052372,1,"IOTHUB_CLIENT_CONFIRMATION_OK"
415,10817052677,10817052706,1,"IOTHUB_CLIENT_CONFIRMATION_OK"
416,10817053010,10817053039,1,"IOTHUB_CLIENT_CONFIRMATION_OK"
417,10817053344,10817053521,1,"IOTHUB_CLIENT_CONFIRMATION_OK"
418,10817053677,10817053706,1,"IOTHUB_CLIENT_CONFIRMATION_OK"
419,10817054010,10817054124,1,"IOTHUB_CLIENT_CONFIRMATION_OK"
420,10817054343,10817054373,1,"IOTHUB_CLIENT_CONFIRMATION_OK"
421,10817054676,10817054737,1,"IOTHUB_CLIENT_CONFIRMATION_OK"
422,10817055009,10817055040,1,"IOTHUB_CLIENT_CONFIRMATION_OK"
423,10817055343,10817055373,1,"IOTHUB_CLIENT_CONFIRMATION_OK"
424,10817055676,10817055706,1,"IOTHUB_CLIENT_CONFIRMATION_OK"
425,10817056009,10817056038,1,"IOTHUB_CLIENT_CONFIRMATION_OK"
426,10817056342,10817056373,1,"IOTHUB_CLIENT_CONFIRMATION_OK"
427,10817056675,10817056706,1,"IOTHUB_CLIENT_CONFIRMATION_OK"
428,10817057008,10817057037,1,"IOTHUB_CLIENT_CONFIRMATION_OK"
429,10817057342,10817057369,1,"IOTHUB_CLIENT_CONFIRMATION_OK"
430,10817057675,10817057706,1,"IOTHUB_CLIENT_CONFIRMATION_OK"
431,10817058008,10817058044,1,"IOTHUB_CLIENT_CONFIRMATION_OK"
432,10817058341,10817058370,1,"IOTHUB_CLIENT_CONFIRMATION_OK"
433,10817058674,10817058707,1,"IOTHUB_CLIENT_CONFIRMATION_OK"
434,10817059007,10817059035,1,"IOTHUB_CLIENT_CONFIRMATION_OK"
435,10817059341,10817059370,1,"IOTHUB_CLIENT_CONFIRMATION_OK"
436,10817059674,10817059823,1,"IOTHUB_CLIENT_CONFIRMATION_OK"
437,10817060007,10817060036,1,"IOTHUB_CLIENT_CONFIRMATION_OK"
438,10817060340,10817060626,1,"IOTHUB_CLIENT_CONFIRMATION_OK"
439,10817060673,10817060705,1,"IOTHUB_CLIENT_CONFIRMATION_OK"
440,10817061006,10817061055,1,"IOTHUB_CLIENT_CONFIRMATION_OK"
441,10817061340,10817061369,1,"IOTHUB_CLIENT_CONFIRMATION_OK"
442,10817061673,10817061703,1,"IOTHUB_CLIENT_CONFIRMATION_OK"
443,10817062006,10817062039,1,"IOTHUB_CLIENT_CONFIRMATION_OK"
444,10817062339,10817062371,1,"IOTHUB_CLIENT_CONFIRMATION_OK"
445,10817062672,10817062702,1,"IOTHUB_CLIENT_CONFIRMATION_OK"
446,10817063005,10817063040,1,"IOTHUB_CLIENT_CONFIRMATION_OK"
447,10817063339,10817063371,1,"IOTHUB_CLIENT_CONFIRMATION_OK"
448,10817063672,10817063702,1,"IOTHUB_CLIENT_CONFIRMATION_OK"
449,10817064005,10817064037,1,"IOTHUB_CLIENT_CONFIRMATION_OK"
450,10817064338,10817064370,1,"IOTHUB_CLIENT_CONFIRMATION_OK"
451,10817064671,10817064701,1,"IOTHUB_CLIENT_CONFIRMATION_OK"
452,10817065004,10817065033,1,"IOTHUB_CLIENT_CONFIRMATION_OK"
453,10817065338,10817065559,1,"IOTHUB_CLIENT_CONFIRMATION_OK"
454,10817065671,10817065705,1,"IOTHUB_CLIENT_CONFIRMATION_OK"
455,10817066004,10817066198,1,"IOTHUB_CLIENT_CONFIRMATION_OK"
456,10817066337,10817066368,1,"IOTHUB_CLIENT_CONFIRMATION_OK"
457,10817066670,10817066971,1,"IOTHUB_CLIENT_CONFIRMATION_OK"
458,10817067003,10817067246,1,"IOTHUB_CLIENT_CONFIRMATION_OK"
459,10817067337,10817067477,1,"IOTHUB_CLIENT_CONFIRMATION_OK"
460,10817067670,10817067702,1,"IOTHUB_CLIENT_CONFIRMATION_OK"
461,10817068003,10817068033,1,"IOTHUB_CLIENT_CONFIRMATION_OK"
462,10817068336,10817068368,1,"IOTHUB_CLIENT_CONFIRMATION_OK"
463,10817068669,10817068699,1,"IOTHUB_CLIENT_CONFIRMATION_OK"
464,10817069002,10817069033,1,"IOTHUB_CLIENT_CONFIRMATION_OK"
465,10817069336,10817069376,1,"IOTHUB_CLIENT_CONFIRMATION_OK"
466,10817069669,10817069707,1,"IOTHUB_CLIENT_CONFIRMATION_OK"
467,10817070002,10817070032,1,"IOTHUB_CLIENT_CONFIRMATION_OK"
468,10817070335,10817070363,1,"IOTHUB_CLIENT_CONFIRMATION_OK"
469,10817070668,10817070697,1,"IOTHUB_CLIENT_CONFIRMATION_OK"
470,10817071001,10817071032,1,"IOTHUB_CLIENT_CONFIRMATION_OK"
471,10817071334,10817071370,1,"IOTHUB_CLIENT_CONFIRMATION_OK"
472,10817071668,10817071883,1,"IOTHUB_CLIENT_CONFIRMATION_OK"
473,10817072001,10817072030,1,"IOTHUB_CLIENT_CONFIRMATION_OK"
474,10817072334,10817072495,1,"IOTHUB_CLIENT_CONFIRMATION_OK"
475,10817072667,10817072701,1,"IOTHUB_CLIENT_CONFIRMATION_OK"
476,10817073000,10817073096,1,"IOTHUB_CLIENT_CONFIRMATION_OK"
477,10817073333,10817073368,1,"IOTHUB_CLIENT_CONFIRMATION_OK"
478,10817073667,10817073699,1,"IOTHUB_CLIENT_CONFIRMATION_OK"
479,10817074000,10817074035,1,"IOTHUB_CLIENT_CONFIRMATION_OK"
480,10817074333,10817074446,1,"IOTHUB_CLIENT_CONFIRMATION_OK"
481,10817074666,10817074697,1,"IOTHUB_CLIENT_CONFIRMATION_OK"
482,10817074999,10817075032,1,"IOTHUB_CLIENT_CONFIRMATION_OK"
483,10817075332,10817075363,1,"IOTHUB_CLIENT_CONFIRMATION_OK"
484,10817075666,10817075697,1,"IOTHUB_CLIENT_CONFIRMATION_OK"
485,10817075999,10817076029,1,"IOTHUB_CLIENT_CONFIRMATION_OK"
486,10817076332,10817076361,1,"IOTHUB_CLIENT_CONFIRMATION_OK"
487,10817076665,10817076699,1,"IOTHUB_CLIENT_CONFIRMATION_OK"
488,10817076998,10817077036,1,"IOTHUB_CLIENT_CONFIRMATION_OK"
489,10817077331,10817077360,1,"IOTHUB_CLIENT_CONFIRMATION_OK"
490,10817077665,10817077695,1,"IOTHUB_CLIENT_CONFIRMATION_OK"
491,10817077998,10817078089,1,"IOTHUB_CLIENT_CONFIRMATION_OK"
492,10817078331,10817078363,1,"IOTHUB_CLIENT_CONFIRMATION_OK"
493,10817078664,10817078700,1,"IOTHUB_CLIENT_CONFIRMATION_OK"
494,10817078997,10817079037,1,"IOTHUB_CLIENT_CONFIRMATION_OK"
495,10817079330,10817079359,1,"IOTHUB_CLIENT_CONFIRMATION_OK"
496,10817079664,10817079692,1,"IOTHUB_CLIENT_CONFIRMATION_OK"
497,10817079997,10817080024,1,"IOTHUB_CLIENT_CONFIRMATION_OK"
498,10817080330,10817080359,1,"IOTHUB_CLIENT_CONFIRMATION_OK"
499,10817080663,10817080716,1,"IOTHUB_CLIENT_CONFIRMATION_OK"
500,10817080996,10817081028,1,"IOTHUB_CLIENT_CONFIRMATION_OK"
501,10817081329,10817081359,1,"IOTHUB_CLIENT_CONFIRMATION_OK"
502,10817081662,10817081693,1,"IOTHUB_CLIENT_CONFIRMATION_OK"
503,10817081996,10817082026,1,"IOTHUB_CLIENT_CONFIRMATION_OK"
504,10817082329,10817082358,1,"IOTHUB_CLIENT_CONFIRMATION_OK"
505,10817082662,10817082693,1,"IOTHUB_CLIENT_CONFIRMATION_OK"
506,10817082995,10817083023,1,"IOTHUB_CLIENT_CONFIRMATION_OK"
507,10817083328,10817083369,1,"IOTHUB_CLIENT_CONFIRMATION_OK"
508,10817083661,10817083690,1,"IOTHUB_CLIENT_CONFIRMATION_OK"
509,10817083995,10817084025,1,"IOTHUB_CLIENT_CONFIRMATION_OK"
510,10817084328,10817084448,1,"IOTHUB_CLIENT_CONFIRMATION_OK"
511,10817084661,10817084690,1,"IOTHUB_CLIENT_CONFIRMATION_OK"
512,10817084994,10817085066,1,"IOTHUB_CLIENT_CONFIRMATION_OK"
513,10817085327,10817085357,1,"IOTHUB_CLIENT_CONFIRMATION_OK"
514,10817085660,10817085690,1,"IOTHUB_CLIENT_CONFIRMATION_OK"
515,10817085994,10817086024,1,"IOTHUB_CLIENT_CONFIRMATION_OK"
516,10817086327,10817086355,1,"IOTHUB_CLIENT_CONFIRMATION_OK"
517,10817086660,10817086688,1,"IOTHUB_CLIENT_CONFIRMATION_OK"
518,10817086993,10817087025,1,"IOTHUB_CLIENT_CONFIRMATION_OK"
519,10817087326,10817087362,1,"IOTHUB_CLIENT_CONFIRMATION_OK"
520,10817087659,10817087689,1,"IOTHUB_CLIENT_CONFIRMATION_OK"
521,10817087993,10817088023,1,"IOTHUB_CLIENT_CONFIRMATION_OK"
522,10817088326,10817088358,1,"IOTHUB_CLIENT_CONFIRMATION_OK"
523,10817088659,10817088690,1,"IOTHUB_CLIENT_CONFIRMATION_OK"
524,10817088992,10817089024,1,"IOTHUB_CLIENT_CONFIRMATION_OK"
525,10817089325,10817089368,1,"IOTHUB_CLIENT_CONFIRMATION_OK"
526,10817089658,10817089687,1,"IOTHUB_CLIENT_CONFIRMATION_OK"
527,10817089992,10817090142,1,"IOTHUB_CLIENT_CONFIRMATION_OK"
528,10817090325,10817090355,1,"IOTHUB_CLIENT_CONFIRMATION_OK"
529,10817090658,10817090757,1,"IOTHUB_CLIENT_CONFIRMATION_OK"
530,10817090991,10817091019,1,"IOTHUB_CLIENT_CONFIRMATION_OK"
531,10817091324,10817091367,1,"IOTHUB_CLIENT_CONFIRMATION_OK"
532,10817091657,10817091686,1,"IOTHUB_CLIENT_CONFIRMATION_OK"
533,10817091991,10817092019,1,"IOTHUB_CLIENT_CONFIRMATION_OK"
534,10817092324,10817092353,1,"IOTHUB_CLIENT_CONFIRMATION_OK"
535,10817092657,10817092690,1,"IOTHUB_CLIENT_CONFIRMATION_OK"
536,10817092990,10817093022,1,"IOTHUB_CLIENT_CONFIRMATION_OK"
537,10817093323,10817093351,1,"IOTHUB_CLIENT_CONFIRMATION_OK"
538,10817093656,10817093687,1,"IOTHUB_CLIENT_CONFIRMATION_OK"
539,10817093989,10817094030,1,"IOTHUB_CLIENT_CONFIRMATION_OK"
540,10817094323,10817094365,1,"IOTHUB_CLIENT_CONFIRMATION_OK"
541,10817094656,10817094690,1,"IOTHUB_CLIENT_CONFIRMATION_OK"
542,10817094989,10817095032,1,"IOTHUB_CLIENT_CONFIRMATION_OK"
543,10817095322,10817095352,1,"IOTHUB_CLIENT_CONFIRMATION_OK"
544,10817095655,10817095686,1,"IOTHUB_CLIENT_CONFIRMATION_OK"
545,10817095988,10817096020,1,"IOTHUB_CLIENT_CONFIRMATION_OK"
546,10817096322,10817096463,1,"IOTHUB_CLIENT_CONFIRMATION_OK"
547,10817096655,10817096685,1,"IOTHUB_CLIENT_CONFIRMATION_OK"
548,10817096988,10817097083,1,"IOTHUB_CLIENT_CONFIRMATION_OK"
549,10817097321,10817097350,1,"IOTHUB_CLIENT_CONFIRMATION_OK"
550,10817097654,10817097692,1,"IOTHUB_CLIENT_CONFIRMATION_OK"
551,10817097987,10817098048,1,"IOTHUB_CLIENT_CONFIRMATION_OK"
552,10817098321,10817098352,1,"IOTHUB_CLIENT_CONFIRMATION_OK"
553,10817098654,10817098694,1,"IOTHUB_CLIENT_CONFIRMATION_OK"
554,10817098987,10817099027,1,"IOTHUB_CLIENT_CONFIRMATION_OK"
555,10817099320,10817099350,1,"IOTHUB_CLIENT_CONFIRMATION_OK"
556,10817099653,10817099682,1,"IOTHUB_CLIENT_CONFIRMATION_OK"
557,10817099986,10817100017,1,"IOTHUB_CLIENT_CONFIRMATION_OK"
558,10817100320,10817100368,1,"IOTHUB_CLIENT_CONFIRMATION_OK"
559,10817100653,10817100685,1,"IOTHUB_CLIENT_CONFIRMATION_OK"
560,10817100986,10817101017,1,"IOTHUB_CLIENT_CONFIRMATION_OK"
561,10817101319,10817101351,1,"IOTHUB_CLIENT_CONFIRMATION_OK"
562,10817101652,10817101685,1,"IOTHUB_CLIENT_CONFIRMATION_OK"
563,10817101985,10817102014,1,"IOTHUB_CLIENT_CONFIRMATION_OK"
564,10817102319,10817102371,1,"IOTHUB_CLIENT_CONFIRMATION_OK"
565,10817102652,10817102766,1,"IOTHUB_CLIENT_CONFIRMATION_OK"
566,10817102985,10817103016,1,"IOTHUB_CLIENT_CONFIRMATION_OK"
567,10817103318,10817103366,1,"IOTHUB_CLIENT_CONFIRMATION_OK"
568,10817103651,10817103695,1,"IOTHUB_CLIENT_CONFIRMATION_OK"
569,10817103984,10817104015,1,"IOTHUB_CLIENT_CONFIRMATION_OK"
570,10817104318,10817104347,1,"IOTHUB_CLIENT_CONFIRMATION_OK"
571,10817104651,10817104687,1,"IOTHUB_CLIENT_CONFIRMATION_OK"
572,10817104984,10817105020,1,"IOTHUB_CLIENT_CONFIRMATION_OK"
573,10817105317,10817105348,1,"IOTHUB_CLIENT_CONFIRMATION_OK"
574,10817105650,10817105692,1,"IOTHUB_CLIENT_CONFIRMATION_OK"
575,10817105983,10817106013,1,"IOTHUB_CLIENT_CONFIRMATION_OK"
576,10817106317,10817106351,1,"IOTHUB_CLIENT_CONFIRMATION_OK"
577,10817106650,10817106678,1,"IOTHUB_CLIENT_CONFIRMATION_OK"
578,10817106983,10817107012,1,"IOTHUB_CLIENT_CONFIRMATION_OK"
579,10817107316,10817107359,1,"IOTHUB_CLIENT_CONFIRMATION_OK"
580,10817107649,10817107693,1,"IOTHUB_CLIENT_CONFIRMATION_OK"
581,10817107982,10817108023,1,"IOTHUB_CLIENT_CONFIRMATION_OK"
582,10817108315,10817108348,1,"IOTHUB_CLIENT_CONFIRMATION_OK"
583,10817108649,10817108679,1,"IOTHUB_CLIENT_CONFIRMATION_OK"
584,10817108982,10817109033,1,"IOTHUB_CLIENT_CONFIRMATION_OK"
585,10817109315,10817109345,1,"IOTHUB_CLIENT_CONFIRMATION_OK"
586,10817109648,10817109678,1,"IOTHUB_CLIENT_CONFIRMATION_OK"
587,10817109981,10817110025,1,"IOTHUB_CLIENT_CONFIRMATION_OK"
588,10817110314,10817110343,1,"IOTHUB_CLIENT_CONFIRMATION_OK"
589,10817110648,10817110680,1,"IOTHUB_CLIENT_CONFIRMATION_OK"
590,10817110981,10817111019,1,"IOTHUB_CLIENT_CONFIRMATION_OK"
591,10817111314,10817111348,1,"IOTHUB_CLIENT_CONFIRMATION_OK"
592,10817111647,10817111685,1,"IOTHUB_CLIENT_CONFIRMATION_OK"
593,10817111980,10817112070,1,"IOTHUB_CLIENT_CONFIRMATION_OK"
594,10817112313,10817112344,1,"IOTHUB_CLIENT_CONFIRMATION_OK"
595,10817112647,10817112677,1,"IOTHUB_CLIENT_CONFIRMATION_OK"
596,10817112980,10817113008,1,"IOTHUB_CLIENT_CONFIRMATION_OK"
597,10817113313,10817113356,1,"IOTHUB_CLIENT_CONFIRMATION_OK"
598,10817113646,10817113677,1,"IOTHUB_CLIENT_CONFIRMATION_OK"
599,10817113979,10817114010,1,"IOTHUB_CLIENT_CONFIRMATION_OK"
600,10817114312,10817114350,1,"IOTHUB_CLIENT_CONFIRMATION_OK"
601,10817114646,10817114677,1,"IOTHUB_CLIENT_CONFIRMATION_OK"
602,10817114979,10817115018,1,"IOTHUB_CLIENT_CONFIRMATION_OK"
603,10817115312,10817115390,1,"IOTHUB_CLIENT_CONFIRMATION_OK"
604,10817115645,10817115673,1,"IOTHUB_CLIENT_CONFIRMATION_OK"
605,10817115978,10817116012,1,"IOTHUB_CLIENT_CONFIRMATION_OK"
606,10817116311,10817116340,1,"IOTHUB_CLIENT_CONFIRMATION_OK"
607,10817116645,10817116677,1,"IOTHUB_CLIENT_CONFIRMATION_OK"
608,10817116978,10817117011,1,"IOTHUB_CLIENT_CONFIRMATION_OK"
609,10817117311,10817117339,1,"IOTHUB_CLIENT_CONFIRMATION_OK"
610,10817117644,10817117680,1,"IOTHUB_CLIENT_CONFIRMATION_OK"
611,10817117977,10817118007,1,"IOTHUB_CLIENT_CONFIRMATION_OK"
612,10817118310,10817118340,1,"IOTHUB_CLIENT_CONFIRMATION_OK"
613,10817118644,10817118672,1,"IOTHUB_CLIENT_CONFIRMATION_OK"
614,10817118977,10817119015,1,"IOTHUB_CLIENT_CONFIRMATION_OK"
615,10817119310,10817119341,1,"IOTHUB_CLIENT_CONFIRMATION_OK"
616,10817119643,10817119671,1,"IOTHUB_CLIENT_CONFIRMATION_OK"
617,10817119976,10817120008,1,"IOTHUB_CLIENT_CONFIRMATION_OK"
618,10817120309,10817120340,1,"IOTHUB_CLIENT_CONFIRMATION_OK"
619,10817120643,10817120675,1,"IOTHUB_CLIENT_CONFIRMATION_OK"
620,10817120976,10817121006,1,"IOTHUB_CLIENT_CONFIRMATION_OK"
621,10817121309,10817121339,1,"IOTHUB_CLIENT_CONFIRMATION_OK"
622,10817121642,10817121674,1,"IOTHUB_CLIENT_CONFIRMATION_OK"
623,10817121975,10817122007,1,"IOTHUB_CLIENT_CONFIRMATION_OK"
624,10817122308,10817122338,1,"IOTHUB_CLIENT_CONFIRMATION_OK"
625,10817122642,10817122681,1,"IOTHUB_CLIENT_CONFIRMATION_OK"
626,10817122975,10817123033,1,"IOTHUB_CLIENT_CONFIRMATION_OK"
627,10817123308,10817123341,1,"IOTHUB_CLIENT_CONFIRMATION_OK"
628,10817123641,10817123671,1,"IOTHUB_CLIENT_CONFIRMATION_OK"
629,10817123974,10817124002,1,"IOTHUB_CLIENT_CONFIRMATION_OK"
630,10817124307,10817124423,1,"IOTHUB_CLIENT_CONFIRMATION_OK"
631,10817124641,10817124744,1,"IOTHUB_CLIENT_CONFIRMATION_OK"
632,10817124974,10817125005,1,"IOTHUB_CLIENT_CONFIRMATION_OK"
633,10817125307,10817125352,1,"IOTHUB_CLIENT_CONFIRMATION_OK"
634,10817125640,10817125671,1,"IOTHUB_CLIENT_CONFIRMATION_OK"
635,10817125973,10817126003,1,"IOTHUB_CLIENT_CONFIRMATION_OK"
636,10817126306,10817126336,1,"IOTHUB_CLIENT_CONFIRMATION_OK"
637,10817126639,10817126704,1,"IOTHUB_CLIENT_CONFIRMATION_OK"
638,10817126973,10817127001,1,"IOTHUB_CLIENT_CONFIRMATION_OK"
639,10817127306,10817127335,1,"IOTHUB_CLIENT_CONFIRMATION_OK"
640,10817127639,10817127680,1,"IOTHUB_CLIENT_CONFIRMATION_OK"
641,10817127972,10817128002,1,"IOTHUB_CLIENT_CONFIRMATION_OK"
642,10817128305,10817128336,1,"IOTHUB_CLIENT_CONFIRMATION_OK"
643,10817128639,10817128669,1,"IOTHUB_CLIENT_CONFIRMATION_OK"
644,10817128972,10817129002,1,"IOTHUB_CLIENT_CONFIRMATION_OK"
645,10817129305,10817129339,1,"IOTHUB_CLIENT_CONFIRMATION_OK"
646,10817129638,10817129669,1,"IOTHUB_CLIENT_CONFIRMATION_OK"
647,10817129971,10817130001,1,"IOTHUB_CLIENT_CONFIRMATION_OK"
648,10817130304,10817130337,1,"IOTHUB_CLIENT_CONFIRMATION_OK"
649,10817130638,10817130667,1,"IOTHUB_CLIENT_CONFIRMATION_OK"
650,10817130971,10817131045,1,"IOTHUB_CLIENT_CONFIRMATION_OK"
651,10817131304,10817131334,1,"IOTHUB_CLIENT_CONFIRMATION_OK"
652,10817131637,10817131668,1,"IOTHUB_CLIENT_CONFIRMATION_OK"
653,10817131970,10817131999,1,"IOTHUB_CLIENT_CONFIRMATION_OK"
654,10817132303,10817132334,1,"IOTHUB_CLIENT_CONFIRMATION_OK"
655,10817132637,10817132668,1,"IOTHUB_CLIENT_CONFIRMATION_OK"
656,10817132970,10817132999,1,"IOTHUB_CLIENT_CONFIRMATION_OK"
657,10817133303,10817133336,1,"IOTHUB_CLIENT_CONFIRMATION_OK"
658,10817133636,10817133664,1,"IOTHUB_CLIENT_CONFIRMATION_OK"
659,10817133969,10817133997,1,"IOTHUB_CLIENT_CONFIRMATION_OK"
660,10817134302,10817134332,1,"IOTHUB_CLIENT_CONFIRMATION_OK"
661,10817134636,10817134663,1,"IOTHUB_CLIENT_CONFIRMATION_OK"
662,10817134969,10817134998,1,"IOTHUB_CLIENT_CONFIRMATION_OK"
663,10817135302,10817135333,1,"IOTHUB_CLIENT_CONFIRMATION_OK"
664,10817135635,10817135664,1,"IOTHUB_CLIENT_CONFIRMATION_OK"
665,10817135968,10817135997,1,"IOTHUB_CLIENT_CONFIRMATION_OK"
666,10817136301,10817136329,1,"IOTHUB_CLIENT_CONFIRMATION_OK"
667,10817136634,10817136743,1,"IOTHUB_CLIENT_CONFIRMATION_OK"
668,10817136968,10817136997,1,"IOTHUB_CLIENT_CONFIRMATION_OK"
669,10817137301,10817137451,1,"IOTHUB_CLIENT_CONFIRMATION_OK"
670,10817137634,10817137662,1,"IOTHUB_CLIENT_CONFIRMATION_OK"
671,10817137967,10817138074,1,"IOTHUB_CLIENT_CONFIRMATION_OK"
672,10817138300,10817138333,1,"IOTHUB_CLIENT_CONFIRMATION_OK"
673,10817138633,10817138666,1,"IOTHUB_CLIENT_CONFIRMATION_OK"
674,10817138967,10817138997,1,"IOTHUB_CLIENT_CONFIRMATION_OK"
675,10817139300,10817139335,1,"IOTHUB_CLIENT_CONFIRMATION_OK"
676,10817139633,10817139687,1,"IOTHUB_CLIENT_CONFIRMATION_OK"
677,10817139966,10817139996,1,"IOTHUB_CLIENT_CONFIRMATION_OK"
678,10817140299,10817140331,1,"IOTHUB_CLIENT_CONFIRMATION_OK"
679,10817140632,10817140664,1,"IOTHUB_CLIENT_CONFIRMATION_OK"
680,10817140966,10817140994,1,"IOTHUB_CLIENT_CONFIRMATION_OK"
681,10817141299,10817141329,1,"IOTHUB_CLIENT_CONFIRMATION_OK"
682,10817141632,10817141665,1,"IOTHUB_CLIENT_CONFIRMATION_OK"
683,10817141965,10817142009,1,"IOTHUB_CLIENT_CONFIRMATION_OK"
684,10817142298,10817142330,1,"IOTHUB_CLIENT_CONFIRMATION_OK"
685,10817142631,10817142675,1,"IOTHUB_CLIENT_CONFIRMATION_OK"
686,10817142965,10817142997,1,"IOTHUB_CLIENT_CONFIRMATION_OK"
687,10817143298,10817143328,1,"IOTHUB_CLIENT_CONFIRMATION_OK"
688,10817143631,10817143752,1,"IOTHUB_CLIENT_CONFIRMATION_OK"
689,10817143964,10817143995,1,"IOTHUB_CLIENT_CONFIRMATION_OK"
690,10817144297,10817144356,1,"IOTHUB_CLIENT_CONFIRMATION_OK"
691,10817144630,10817144661,1,"IOTHUB_CLIENT_CONFIRMATION_OK"
692,10817144964,10817144993,1,"IOTHUB_CLIENT_CONFIRMATION_OK"
693,10817145297,10817145325,1,"IOTHUB_CLIENT_CONFIRMATION_OK"
694,10817145630,10817145660,1,"IOTHUB_CLIENT_CONFIRMATION_OK"
695,10817145963,10817145996,1,"IOTHUB_CLIENT_CONFIRMATION_OK"
696,10817146296,10817146325,1,"IOTHUB_CLIENT_CONFIRMATION_OK"
697,10817146629,10817146659,1,"IOTHUB_CLIENT_CONFIRMATION_OK"
698,10817146963,10817146993,1,"IOTHUB_CLIENT_CONFIRMATION_OK"
699,10817147296,10817147334,1,"IOTHUB_CLIENT_CONFIRMATION_OK"
700,10817147629,10817147776,1,"IOTHUB_CLIENT_CONFIRMATION_OK"
701,10817147962,10817147994,1,"IOTHUB_CLIENT_CONFIRMATION_OK"
702,10817148295,10817148326,1,"IOTHUB_CLIENT_CONFIRMATION_OK"
703,10817148628,10817148659,1,"IOTHUB_CLIENT_CONFIRMATION_OK"
704,10817148962,10817148993,1,"IOTHUB_CLIENT_CONFIRMATION_OK"
705,10817149295,10817149337,1,"IOTHUB_CLIENT_CONFIRMATION_OK"
706,10817149628,10817149679,1,"IOTHUB_CLIENT_CONFIRMATION_OK"
707,10817149961,10817149991,1,"IOTHUB_CLIENT_CONFIRMATION_OK"
708,10817150294,10817150322,1,"IOTHUB_CLIENT_CONFIRMATION_OK"
709,10817150627,10817150659,1,"IOTHUB_CLIENT_CONFIRMATION_OK"
710,10817150960,10817150991,1,"IOTHUB_CLIENT_CONFIRMATION_OK"
711,10817151294,10817151329,1,"IOTHUB_CLIENT_CONFIRMATION_OK"
712,10817151627,10817151658,1,"IOTHUB_CLIENT_CONFIRMATION_OK"
713,10817151960,10817151992,1,"IOTHUB_CLIENT_CONFIRMATION_OK"
714,10817152293,10817152322,1,"IOTHUB_CLIENT_CONFIRMATION_OK"
715,10817152626,10817152655,1,"IOTHUB_CLIENT_CONFIRMATION_OK"
716,10817152959,10817152993,1,"IOTHUB_CLIENT_CONFIRMATION_OK"
717,10817153293,10817153324,1,"IOTHUB_CLIENT_CONFIRMATION_OK"
718,10817153626,10817153726,1,"IOTHUB_CLIENT_CONFIRMATION_OK"
719,10817153959,10817153987,1,"IOTHUB_CLIENT_CONFIRMATION_OK"
720,10817154292,10817154334,1,"IOTHUB_CLIENT_CONFIRMATION_OK"
721,10817154625,10817154658,1,"IOTHUB_CLIENT_CONFIRMATION_OK"
722,10817154958,10817155000,1,"IOTHUB_CLIENT_CONFIRMATION_OK"
723,10817155292,10817155329,1,"IOTHUB_CLIENT_CONFIRMATION_OK"
724,10817155625,10817155659,1,"IOTHUB_CLIENT_CONFIRMATION_OK"
725,10817155958,10817155994,1,"IOTHUB_CLIENT_CONFIRMATION_OK"
726,10817156291,10817156378,1,"IOTHUB_CLIENT_CONFIRMATION_OK"
727,10817156624,10817156659,1,"IOTHUB_CLIENT_CONFIRMATION_OK"
728,10817156957,10817156992,1,"IOTHUB_CLIENT_CONFIRMATION_OK"
729,10817157290,10817157319,1,"IOTHUB_CLIENT_CONFIRMATION_OK"
730,10817157624,10817157652,1,"IOTHUB_CLIENT_CONFIRMATION_OK"
731,10817157957,10817157986,1,"IOTHUB_CLIENT_CONFIRMATION_OK"
732,10817158290,10817158439,1,"IOTHUB_CLIENT_CONFIRMATION_OK"
733,10817158623,10817158659,1,"IOTHUB_CLIENT_CONFIRMATION_OK"
734,10817158956,10817158988,1,"IOTHUB_CLIENT_CONFIRMATION_OK"
735,10817159289,10817159320,1,"IOTHUB_CLIENT_CONFIRMATION_OK"
736,10817159623,10817159653,1,"IOTHUB_CLIENT_CONFIRMATION_OK"
737,10817159956,10817160048,1,"IOTHUB_CLIENT_CONFIRMATION_OK"
738,10817160289,10817160322,1,"IOTHUB_CLIENT_CONFIRMATION_OK"
739,10817160622,10817160666,1,"IOTHUB_CLIENT_CONFIRMATION_OK"
740,10817160955,10817160986,1,"IOTHUB_CLIENT_CONFIRMATION_OK"
741,10817161288,10817161324,1,"IOTHUB_CLIENT_CONFIRMATION_OK"
742,10817161622,10817161656,1,"IOTHUB_CLIENT_CONFIRMATION_OK"
743,10817161955,10817161986,1,"IOTHUB_CLIENT_CONFIRMATION_OK"
744,10817162288,10817162324,1,"IOTHUB_CLIENT_CONFIRMATION_OK"
745,10817162621,10817162656,1,"IOTHUB_CLIENT_CONFIRMATION_OK"
746,10817162954,10817162992,1,"IOTHUB_CLIENT_CONFIRMATION_OK"
747,10817163287,10817163319,1,"IOTHUB_CLIENT_CONFIRMATION_OK"
748,10817163621,10817163653,1,"IOTHUB_CLIENT_CONFIRMATION_OK"
749,10817163954,10817163983,1,"IOTHUB_CLIENT_CONFIRMATION_OK"
750,10817164287,10817164325,1,"IOTHUB_CLIENT_CONFIRMATION_OK"
751,10817164620,10817164648,1,"IOTHUB_CLIENT_CONFIRMATION_OK"
752,10817164953,10817164985,1,"IOTHUB_CLIENT_CONFIRMATION_OK"
753,10817165286,10817165318,1,"IOTHUB_CLIENT_CONFIRMATION_OK"
754,10817165619,10817165651,1,"IOTHUB_CLIENT_CONFIRMATION_OK"
755,10817165953,10817165981,1,"IOTHUB_CLIENT_CONFIRMATION_OK"
756,10817166286,10817166351,1,"IOTHUB_CLIENT_CONFIRMATION_OK"
757,10817166619,10817166650,1,"IOTHUB_CLIENT_CONFIRMATION_OK"
758,10817166952,10817166987,1,"IOTHUB_CLIENT_CONFIRMATION_OK"
759,10817167285,10817167393,1,"IOTHUB_CLIENT_CONFIRMATION_OK"
760,10817167619,10817167653,1,"IOTHUB_CLIENT_CONFIRMATION_OK"
761,10817167952,10817167980,1,"IOTHUB_CLIENT_CONFIRMATION_OK"
762,10817168285,10817168315,1,"IOTHUB_CLIENT_CONFIRMATION_OK"
763,10817168618,10817168649,1,"IOTHUB_CLIENT_CONFIRMATION_OK"
764,10817168951,10817168982,1,"IOTHUB_CLIENT_CONFIRMATION_OK"
765,10817169284,10817169320,1,"IOTHUB_CLIENT_CONFIRMATION_OK"
766,10817169617,10817169648,1,"IOTHUB_CLIENT_CONFIRMATION_OK"
767,10817169951,10817169981,1,"IOTHUB_CLIENT_CONFIRMATION_OK"
768,10817170284,10817170316,1,"IOTHUB_CLIENT_CONFIRMATION_OK"
769,10817170617,10817170651,1,"IOTHUB_CLIENT_CONFIRMATION_OK"
770,10817170950,10817170979,1,"IOTHUB_CLIENT_CONFIRMATION_OK"
771,10817171283,10817171314,1,"IOTHUB_CLIENT_CONFIRMATION_OK"
772,10817171616,10817171647,1,"IOTHUB_CLIENT_CONFIRMATION_OK"
773,10817171950,10817172082,1,"IOTHUB_CLIENT_CONFIRMATION_OK"
774,10817172283,10817172337,1,"IOTHUB_CLIENT_CONFIRMATION_OK"
775,10817172616,10817172782,1,"IOTHUB_CLIENT_CONFIRMATION_OK"
776,10817172949,10817172981,1,"IOTHUB_CLIENT_CONFIRMATION_OK"
777,10817173282,10817173392,1,"IOTHUB_CLIENT_CONFIRMATION_OK"
778,10817173615,10817173649,1,"IOTHUB_CLIENT_CONFIRMATION_OK"
779,10817173949,10817173995,1,"IOTHUB_CLIENT_CONFIRMATION_OK"
780,10817174282,10817174325,1,"IOTHUB_CLIENT_CONFIRMATION_OK"
781,10817174615,10817174648,1,"IOTHUB_CLIENT_CONFIRMATION_OK"
782,10817174948,10817174980,1,"IOTHUB_CLIENT_CONFIRMATION_OK"
783,10817175281,10817175311,1,"IOTHUB_CLIENT_CONFIRMATION_OK"
784,10817175614,10817175646,1,"IOTHUB_CLIENT_CONFIRMATION_OK"
785,10817175948,10817175979,1,"IOTHUB_CLIENT_CONFIRMATION_OK"
786,10817176281,10817176313,1,"IOTHUB_CLIENT_CONFIRMATION_OK"
787,10817176614,10817176645,1,"IOTHUB_CLIENT_CONFIRMATION_OK"
788,10817176947,10817176976,1,"IOTHUB_CLIENT_CONFIRMATION_OK"
789,10817177280,10817177308,1,"IOTHUB_CLIENT_CONFIRMATION_OK"
790,10817177613,10817177652,1,"IOTHUB_CLIENT_CONFIRMATION_OK"
791,10817177947,10817177976,1,"IOTHUB_CLIENT_CONFIRMATION_OK"
792,10817178280,10817178316,1,"IOTHUB_CLIENT_CONFIRMATION_OK"
793,10817178613,10817178665,1,"IOTHUB_CLIENT_CONFIRMATION_OK"
794,10817178946,10817178977,1,"IOTHUB_CLIENT_CONFIRMATION_OK"
795,10817179279,10817179309,1,"IOTHUB_CLIENT_CONFIRMATION_OK"
796,10817179612,10817179646,1,"IOTHUB_CLIENT_CONFIRMATION_OK"
797,10817179945,10817179977,1,"IOTHUB_CLIENT_CONFIRMATION_OK"
798,10817180279,10817180307,1,"IOTHUB_CLIENT_CONFIRMATION_OK"
799,10817180612,10817180643,1,"IOTHUB_CLIENT_CONFIRMATION_OK"
800,10817180945,10817180974,1,"IOTHUB_CLIENT_CONFIRMATION_OK"
801,10817181278,10817181307,1,"IOTHUB_CLIENT_CONFIRMATION_OK"
802,10817181611,10817181642,1,"IOTHUB_CLIENT_CONFIRMATION_OK"
803,10817181945,10817181975,1,"IOTHUB_CLIENT_CONFIRMATION_OK"
804,10817182278,10817182306,1,"IOTHUB_CLIENT_CONFIRMATION_OK"
805,10817182611,10817182640,1,"IOTHUB_CLIENT_CONFIRMATION_OK"
806,10817182944,10817182974,1,"IOTHUB_CLIENT_CONFIRMATION_OK"
807,10817183277,10817183380,1,"IOTHUB_CLIENT_CONFIRMATION_OK"
808,10817183610,10817183640,1,"IOTHUB_CLIENT_CONFIRMATION_OK"
809,10817183944,10817183987,1,"IOTHUB_CLIENT_CONFIRMATION_OK"
810,10817184277,10817184305,1,"IOTHUB_CLIENT_CONFIRMATION_OK"
811,10817184610,10817184638,1,"IOTHUB_CLIENT_CONFIRMATION_OK"
812,10817184943,10817184972,1,"IOTHUB_CLIENT_CONFIRMATION_OK"
813,10817185276,10817185308,1,"IOTHUB_CLIENT_CONFIRMATION_OK"
814,10817185609,10817185639,1,"IOTHUB_CLIENT_CONFIRMATION_OK"
815,10817185943,10817186018,1,"IOTHUB_CLIENT_CONFIRMATION_OK"
816,10817186276,10817186308,1,"IOTHUB_CLIENT_CONFIRMATION_OK"
817,10817186609,10817186643,1,"IOTHUB_CLIENT_CONFIRMATION_OK"
818,10817186942,10817186973,1,"IOTHUB_CLIENT_CONFIRMATION_OK"
819,10817187275,10817187308,1,"IOTHUB_CLIENT_CONFIRMATION_OK"
820,10817187609,10817187637,1,"IOTHUB_CLIENT_CONFIRMATION_OK"
821,10817187942,10817187985,1,"IOTHUB_CLIENT_CONFIRMATION_OK"
822,10817188275,10817188307,1,"IOTHUB_CLIENT_CONFIRMATION_OK"
823,10817188608,10817188639,1,"IOTHUB_CLIENT_CONFIRMATION_OK"
824,10817188941,10817188973,1,"IOTHUB_CLIENT_CONFIRMATION_OK"
825,10817189274,10817189306,1,"IOTHUB_CLIENT_CONFIRMATION_OK"
826,10817189607,10817189677,1,"IOTHUB_CLIENT_CONFIRMATION_OK"
827,10817189941,10817189977,1,"IOTHUB_CLIENT_CONFIRMATION_OK"
828,10817190274,10817190302,1,"IOTHUB_CLIENT_CONFIRMATION_OK"
829,10817190607,10817190637,1,"IOTHUB_CLIENT_CONFIRMATION_OK"
830,10817190940,10817190981,1,"IOTHUB_CLIENT_CONFIRMATION_OK"
831,10817191273,10817191307,1,"IOTHUB_CLIENT_CONFIRMATION_OK"
832,10817191606,10817191634,1,"IOTHUB_CLIENT_CONFIRMATION_OK"
833,10817191940,10817191971,1,"IOTHUB_CLIENT_CONFIRMATION_OK"
834,10817192273,10817192303,1,"IOTHUB_CLIENT_CONFIRMATION_OK"
835,10817192606,10817192634,1,"IOTHUB_CLIENT_CONFIRMATION_OK"
836,10817192939,10817192971,1,"IOTHUB_CLIENT_CONFIRMATION_OK"
837,10817193272,10817193300,1,"IOTHUB_CLIENT_CONFIRMATION_OK"
838,10817193605,10817193637,1,"IOTHUB_CLIENT_CONFIRMATION_OK"
839,10817193939,10817193967,1,"IOTHUB_CLIENT_CONFIRMATION_OK"
840,10817194272,10817194307,1,"IOTHUB_CLIENT_CONFIRMATION_OK"
841,10817194605,10817194755,1,"IOTHUB_CLIENT_CONFIRMATION_OK"
842,10817194938,10817194983,1,"IOTHUB_CLIENT_CONFIRMATION_OK"
843,10817195271,10817195366,1,"IOTHUB_CLIENT_CONFIRMATION_OK"
844,10817195604,10817195635,1,"IOTHUB_CLIENT_CONFIRMATION_OK"
845,10817195938,10817195993,1,"IOTHUB_CLIENT_CONFIRMATION_OK"
846,10817196271,10817196301,1,"IOTHUB_CLIENT_CONFIRMATION_OK"
847,10817196604,10817196635,1,"IOTHUB_CLIENT_CONFIRMATION_OK"
848,10817196937,10817196968,1,"IOTHUB_CLIENT_CONFIRMATION_OK"
849,10817197270,10817197301,1,"IOTHUB_CLIENT_CONFIRMATION_OK"
850,10817197603,10817197632,1,"IOTHUB_CLIENT_CONFIRMATION_OK"
851,10817197937,10817197965,1,"IOTHUB_CLIENT_CONFIRMATION_OK"
852,10817198270,10817198300,1,"IOTHUB_CLIENT_CONFIRMATION_OK"
853,10817198603,10817198638,1,"IOTHUB_CLIENT_CONFIRMATION_OK"
854,10817198936,10817198971,1,"IOTHUB_CLIENT_CONFIRMATION_OK"
855,10817199269,10817199312,1,"IOTHUB_CLIENT_CONFIRMATION_OK"
856,10817199602,10817199630,1,"IOTHUB_CLIENT_CONFIRMATION_OK"
857,10817199935,10817199968,1,"IOTHUB_CLIENT_CONFIRMATION_OK"
858,10817200269,10817200300,1,"IOTHUB_CLIENT_CONFIRMATION_OK"
859,10817200602,10817200632,1,"IOTHUB_CLIENT_CONFIRMATION_OK"
860,10817200935,10817200979,1,"IOTHUB_CLIENT_CONFIRMATION_OK"
861,10817201268,10817201297,1,"IOTHUB_CLIENT_CONFIRMATION_OK"
862,10817201601,10817201698,1,"IOTHUB_CLIENT_CONFIRMATION_OK"
863,10817201934,10817201964,1,"IOTHUB_CLIENT_CONFIRMATION_OK"
864,10817202268,10817202306,1,"IOTHUB_CLIENT_CONFIRMATION_OK"
865,10817202601,10817202632,1,"IOTHUB_CLIENT_CONFIRMATION_OK"
866,10817202934,10817202965,1,"IOTHUB_CLIENT_CONFIRMATION_OK"
867,10817203267,10817203302,1,"IOTHUB_CLIENT_CONFIRMATION_OK"
868,10817203600,10817203629,1,"IOTHUB_CLIENT_CONFIRMATION_OK"
869,10817203933,10817203966,1,"IOTHUB_CLIENT_CONFIRMATION_OK"
870,10817204267,10817204382,1,"IOTHUB_CLIENT_CONFIRMATION_OK"
871,10817204600,10817204639,1,"IOTHUB_CLIENT_CONFIRMATION_OK"
872,10817204933,10817204965,1,"IOTHUB_CLIENT_CONFIRMATION_OK"
873,10817205266,10817205296,1,"IOTHUB_CLIENT_CONFIRMATION_OK"
874,10817205599,10817205632,1,"IOTHUB_CLIENT_CONFIRMATION_OK"
875,10817205932,10817205961,1,"IOTHUB_CLIENT_CONFIRMATION_OK"
876,10817206266,10817206295,1,"IOTHUB_CLIENT_CONFIRMATION_OK"
877,10817206599,10817206629,1,"IOTHUB_CLIENT_CONFIRMATION_OK"
878,10817206932,10817206966,1,"IOTHUB_CLIENT_CONFIRMATION_OK"
879,10817207265,10817207294,1,"IOTHUB_CLIENT_CONFIRMATION_OK"
880,10817207598,10817207628,1,"IOTHUB_CLIENT_CONFIRMATION_OK"
881,10817207931,10817208058,1,"IOTHUB_CLIENT_CONFIRMATION_OK"
882,10817208265,10817208297,1,"IOTHUB_CLIENT_CONFIRMATION_OK"
883,10817208598,10817208650,1,"IOTHUB_CLIENT_CONFIRMATION_OK"
884,10817208931,10817208959,1,"IOTHUB_CLIENT_CONFIRMATION_OK"
885,10817209264,10817209293,1,"IOTHUB_CLIENT_CONFIRMATION_OK"
886,10817209597,10817209630,1,"IOTHUB_CLIENT_CONFIRMATION_OK"
887,10817209930,10817209962,1,"IOTHUB_CLIENT_CONFIRMATION_OK"
888,10817210263,10817210293,1,"IOTHUB_CLIENT_CONFIRMATION_OK"
889,10817210597,10817210630,1,"IOTHUB_CLIENT_CONFIRMATION_OK"
890,10817210930,10817210960,1,"IOTHUB_CLIENT_CONFIRMATION_OK"
891,10817211263,10817211293,1,"IOTHUB_CLIENT_CONFIRMATION_OK"
892,10817211596,10817211632,1,"IOTHUB_CLIENT_CONFIRMATION_OK"
893,10817211929,10817211958,1,"IOTHUB_CLIENT_CONFIRMATION_OK"
894,10817212262,10817212292,1,"IOTHUB_CLIENT_CONFIRMATION_OK"
895,10817212596,10817212627,1,"IOTHUB_CLIENT_CONFIRMATION_OK"
896,10817212929,10817212959,1,"IOTHUB_CLIENT_CONFIRMATION_OK"
897,10817213262,10817213292,1,"IOTHUB_CLIENT_CONFIRMATION_OK"
898,10817213595,10817213733,1,"IOTHUB_CLIENT_CONFIRMATION_OK"
899,10817213928,10817213957,1,"IOTHUB_CLIENT_CONFIRMATION_OK"
