Message ID,Send Time,Receive Time,Status,Error
0,10816915134,10816915351,1,"IOTHUB_CLIENT_CONFIRMATION_OK"
1,10816915467,10816915500,1,"IOTHUB_CLIENT_CONFIRMATION_OK"
2,10816915800,10816915833,1,"IOTHUB_CLIENT_CONFIRMATION_OK"
3,10816916134,10816916275,1,"IOTHUB_CLIENT_CONFIRMATION_OK"
4,10816916467,10816916603,1,"IOTHUB_CLIENT_CONFIRMATION_OK"
5,10816916800,10816916841,1,"IOTHUB_CLIENT_CONFIRMATION_OK"
6,10816917133,10816917163,1,"IOTHUB_CLIENT_CONFIRMATION_OK"
7,10816917466,10816917503,1,"IOTHUB_CLIENT_CONFIRMATION_OK"
8,10816917799,10816917829,1,"IOTHUB_CLIENT_CONFIRMATION_OK"
9,10816918132,10816918163,1,"IOTHUB_CLIENT_CONFIRMATION_OK"
10,10816918466,10816918497,1,"IOTHUB_CLIENT_CONFIRMATION_OK"
11,10816918799,10816918841,1,"IOTHUB_CLIENT_CONFIRMATION_OK"
12,10816919132,10816919265,1,"IOTHUB_CLIENT_CONFIRMATION_OK"
13,10816919465,10816919495,1,"IOTHUB_CLIENT_CONFIRMATION_OK"
14,10816919798,10816919881,1,"IOTHUB_CLIENT_CONFIRMATION_OK"
15,10816920131,10816920166,1,"IOTHUB_CLIENT_CONFIRMATION_OK"
16,10816920465,10816920495,1,"IOTHUB_CLIENT_CONFIRMATION_OK"
17,10816920798,10816920831,1,"IOTHUB_CLIENT_CONFIRMATION_OK"
18,10816921131,10816921162,1,"IOTHUB_CLIENT_CONFIRMATION_OK"
19,10816921464,10816921496,1,"IOTHUB_CLIENT_CONFIRMATION_OK"
20,10816921797,10816921830,1,"IOTHUB_CLIENT_CONFIRMATION_OK"
21,10816922130,10816922167,1,"IOTHUB_CLIENT_CONFIRMATION_OK"
22,10816922463,10816922498,1,"IOTHUB_CLIENT_CONFIRMATION_OK"
23,10816922797,10816922826,1,"IOTHUB_CLIENT_CONFIRMATION_OK"
24,10816923130,10816923161,1,"IOTHUB_CLIENT_CONFIRMATION_OK"
25,10816923463,10816923502,1,"IOTHUB_CLIENT_CONFIRMATION_OK"
26,10816923796,10816923827,1,"IOTHUB_CLIENT_CONFIRMATION_OK"
27,10816924129,10816924159,1,"IOTHUB_CLIENT_CONFIRMATION_OK"
28,10816924463,10816924541,1,"IOTHUB_CLIENT_CONFIRMATION_OK"
29,10816924796,10816924826,1,"IOTHUB_CLIENT_CONFIRMATION_OK"
30,10816925129,10816925168,1,"IOTHUB_CLIENT_CONFIRMATION_OK"
31,10816925462,10816925494,1,"IOTHUB_CLIENT_CONFIRMATION_OK"
32,10816925795,10816925824,1,"IOTHUB_CLIENT_CONFIRMATION_OK"
33,10816926128,10816926165,1,"IOTHUB_CLIENT_CONFIRMATION_OK"
34,10816926461,10816926494,1,"IOTHUB_CLIENT_CONFIRMATION_OK"
35,10816926795,10816926827,1,"IOTHUB_CLIENT_CONFIRMATION_OK"
36,10816927128,10816927162,1,"IOTHUB_CLIENT_CONFIRMATION_OK"
37,10816927461,10816927604,1,"IOTHUB_CLIENT_CONFIRMATION_OK"
38,10816927794,10816927886,1,"IOTHUB_CLIENT_CONFIRMATION_OK"
39,10816928127,10816928155,1,"IOTHUB_CLIENT_CONFIRMATION_OK"
40,10816928460,10816928500,1,"IOTHUB_CLIENT_CONFIRMATION_OK"
41,10816928794,10816928827,1,"IOTHUB_CLIENT_CONFIRMATION_OK"
42,10816929127,10816929163,1,"IOTHUB_CLIENT_CONFIRMATION_OK"
43,10816929460,10816929505,1,"IOTHUB_CLIENT_CONFIRMATION_OK"
44,10816929793,10816929824,1,"IOTHUB_CLIENT_CONFIRMATION_OK"
45,10816930126,10816930158,1,"IOTHUB_CLIENT_CONFIRMATION_OK"
46,10816930459,10816930542,1,"IOTHUB_CLIENT_CONFIRMATION_OK"
47,10816930793,10816930824,1,"IOTHUB_CLIENT_CONFIRMATION_OK"
48,10816931126,10816931161,1,"IOTHUB_CLIENT_CONFIRMATION_OK"
49,10816931459,10816931489,1,"IOTHUB_CLIENT_CONFIRMATION_OK"
50,10816931792,10816931822,1,"IOTHUB_CLIENT_CONFIRMATION_OK"
51,10816932125,10816932158,1,"IOTHUB_CLIENT_CONFIRMATION_OK"
52,10816932458,10816932494,1,"IOTHUB_CLIENT_CONFIRMATION_OK"
53,10816932792,10816932959,1,"IOTHUB_CLIENT_CONFIRMATION_OK"
54,10816933125,10816933166,1,"IOTHUB_CLIENT_CONFIRMATION_OK"
55,10816933458,10816933576,1,"IOTHUB_CLIENT_CONFIRMATION_OK"
56,10816933791,10816933845,1,"IOTHUB_CLIENT_CONFIRMATION_OK"
57,10816934124,10816934200,1,"IOTHUB_CLIENT_CONFIRMATION_OK"
58,10816934457,10816934520,1,"IOTHUB_CLIENT_CONFIRMATION_OK"
59,10816934791,10816934828,1,"IOTHUB_CLIENT_CONFIRMATION_OK"
60,10816935124,10816935157,1,"IOTHUB_CLIENT_CONFIRMATION_OK"
61,10816935457,10816935485,1,"IOTHUB_CLIENT_CONFIRMATION_OK"
62,10816935790,10816935822,1,"IOTHUB_CLIENT_CONFIRMATION_OK"
63,10816936123,10816936156,1,"IOTHUB_CLIENT_CONFIRMATION_OK"
64,10816936456,10816936490,1,"IOTHUB_CLIENT_CONFIRMATION_OK"
65,10816936790,10816936822,1,"IOTHUB_CLIENT_CONFIRMATION_OK"
66,10816937123,10816937161,1,"IOTHUB_CLIENT_CONFIRMATION_OK"
67,10816937456,10816937510,1,"IOTHUB_CLIENT_CONFIRMATION_OK"
68,10816937789,10816937828,1,"IOTHUB_CLIENT_CONFIRMATION_OK"
69,10816938122,10816938158,1,"IOTHUB_CLIENT_CONFIRMATION_OK"
70,10816938455,10816938488,1,"IOTHUB_CLIENT_CONFIRMATION_OK"
71,10816938789,10816938818,1,"IOTHUB_CLIENT_CONFIRMATION_OK"
72,10816939122,10816939151,1,"IOTHUB_CLIENT_CONFIRMATION_OK"
73,10816939455,10816939488,1,"IOTHUB_CLIENT_CONFIRMATION_OK"
74,10816939788,10816939822,1,"IOTHUB_CLIENT_CONFIRMATION_OK"
75,10816940121,10816940154,1,"IOTHUB_CLIENT_CONFIRMATION_OK"
76,10816940454,10816940488,1,"IOTHUB_CLIENT_CONFIRMATION_OK"
77,10816940788,10816940817,1,"IOTHUB_CLIENT_CONFIRMATION_OK"
78,10816941121,10816941193,1,"IOTHUB_CLIENT_CONFIRMATION_OK"
79,10816941454,10816941485,1,"IOTHUB_CLIENT_CONFIRMATION_OK"
80,10816941787,10816941817,1,"IOTHUB_CLIENT_CONFIRMATION_OK"
81,10816942120,10816942155,1,"IOTHUB_CLIENT_CONFIRMATION_OK"
82,10816942453,10816942496,1,"IOTHUB_CLIENT_CONFIRMATION_OK"
83,10816942787,10816942819,1,"IOTHUB_CLIENT_CONFIRMATION_OK"
84,10816943120,10816943154,1,"IOTHUB_CLIENT_CONFIRMATION_OK"
85,10816943453,10816943483,1,"IOTHUB_CLIENT_CONFIRMATION_OK"
86,10816943786,10816943816,1,"IOTHUB_CLIENT_CONFIRMATION_OK"
87,10816944119,10816944237,1,"IOTHUB_CLIENT_CONFIRMATION_OK"
88,10816944452,10816944484,1,"IOTHUB_CLIENT_CONFIRMATION_OK"
89,10816944786,10816944890,1,"IOTHUB_CLIENT_CONFIRMATION_OK"
90,10816945119,10816945151,1,"IOTHUB_CLIENT_CONFIRMATION_OK"
91,10816945452,10816945482,1,"IOTHUB_CLIENT_CONFIRMATION_OK"
92,10816945785,10816945818,1,"IOTHUB_CLIENT_CONFIRMATION_OK"
93,10816946118,10816946153,1,"IOTHUB_CLIENT_CONFIRMATION_OK"
94,10816946451,10816946497,1,"IOTHUB_CLIENT_CONFIRMATION_OK"
95,10816946785,10816946877,1,"IOTHUB_CLIENT_CONFIRMATION_OK"
96,10816947118,10816947149,1,"IOTHUB_CLIENT_CONFIRMATION_OK"
97,10816947451,10816947481,1,"IOTHUB_CLIENT_CONFIRMATION_OK"
98,10816947784,10816947816,1,"IOTHUB_CLIENT_CONFIRMATION_OK"
99,10816948117,10816948157,1,"IOTHUB_CLIENT_CONFIRMATION_OK"
100,10816948450,10816948480,1,"IOTHUB_CLIENT_CONFIRMATION_OK"
101,10816948784,10816948816,1,"IOTHUB_CLIENT_CONFIRMATION_OK"
102,10816949117,10816949149,1,"IOTHUB_CLIENT_CONFIRMATION_OK"
103,10816949450,10816949521,1,"IOTHUB_CLIENT_CONFIRMATION_OK"
104,10816949783,10816949812,1,"IOTHUB_CLIENT_CONFIRMATION_OK"
105,10816950116,10816950146,1,"IOTHUB_CLIENT_CONFIRMATION_OK"
106,10816950449,10816950485,1,"IOTHUB_CLIENT_CONFIRMATION_OK"
107,10816950783,10816950816,1,"IOTHUB_CLIENT_CONFIRMATION_OK"
108,10816951116,10816951148,1,"IOTHUB_CLIENT_CONFIRMATION_OK"
109,10816951449,10816951479,1,"IOTHUB_CLIENT_CONFIRMATION_OK"
110,10816951782,10816951950,1,"IOTHUB_CLIENT_CONFIRMATION_OK"
111,10816952115,10816952148,1,"IOTHUB_CLIENT_CONFIRMATION_OK"
112,10816952448,10816952563,1,"IOTHUB_CLIENT_CONFIRMATION_OK"
113,10816952782,10816952812,1,"IOTHUB_CLIENT_CONFIRMATION_OK"
114,10816953115,10816953203,1,"IOTHUB_CLIENT_CONFIRMATION_OK"
115,10816953448,10816953480,1,"IOTHUB_CLIENT_CONFIRMATION_OK"
116,10816953781,10816953815,1,"IOTHUB_CLIENT_CONFIRMATION_OK"
117,10816954114,10816954148,1,"IOTHUB_CLIENT_CONFIRMATION_OK"
118,10816954447,10816954475,1,"IOTHUB_CLIENT_CONFIRMATION_OK"
119,10816954780,10816954812,1,"IOTHUB_CLIENT_CONFIRMATION_OK"
120,10816955114,10816955144,1,"IOTHUB_CLIENT_CONFIRMATION_OK"
121,10816955447,10816955485,1,"IOTHUB_CLIENT_CONFIRMATION_OK"
122,10816955780,10816955812,1,"IOTHUB_CLIENT_CONFIRMATION_OK"
123,10816956113,10816956143,1,"IOTHUB_CLIENT_CONFIRMATION_OK"
124,10816956446,10816956479,1,"IOTHUB_CLIENT_CONFIRMATION_OK"
125,10816956779,10816956819,1,"IOTHUB_CLIENT_CONFIRMATION_OK"
126,10816957113,10816957141,1,"IOTHUB_CLIENT_CONFIRMATION_OK"
127,10816957446,10816957595,1,"IOTHUB_CLIENT_CONFIRMATION_OK"
128,10816957779,10816957872,1,"IOTHUB_CLIENT_CONFIRMATION_OK"
129,10816958112,10816958150,1,"IOTHUB_CLIENT_CONFIRMATION_OK"
130,10816958445,10816958493,1,"IOTHUB_CLIENT_CONFIRMATION_OK"
131,10816958778,10816958810,1,"IOTHUB_CLIENT_CONFIRMATION_OK"
132,10816959112,10816959142,1,"IOTHUB_CLIENT_CONFIRMATION_OK"
133,10816959445,10816959480,1,"IOTHUB_CLIENT_CONFIRMATION_OK"
134,10816959778,10816959809,1,"IOTHUB_CLIENT_CONFIRMATION_OK"
135,10816960111,10816960293,1,"IOTHUB_CLIENT_CONFIRMATION_OK"
136,10816960444,10816960476,1,"IOTHUB_CLIENT_CONFIRMATION_OK"
137,10816960777,10816960907,1,"IOTHUB_CLIENT_CONFIRMATION_OK"
138,10816961111,10816961147,1,"IOTHUB_CLIENT_CONFIRMATION_OK"
139,10816961444,10816961479,1,"IOTHUB_CLIENT_CONFIRMATION_OK"
140,10816961777,10816961809,1,"IOTHUB_CLIENT_CONFIRMATION_OK"
141,10816962110,10816962145,1,"IOTHUB_CLIENT_CONFIRMATION_OK"
142,10816962443,10816962477,1,"IOTHUB_CLIENT_CONFIRMATION_OK"
143,10816962776,10816962879,1,"IOTHUB_CLIENT_CONFIRMATION_OK"
144,10816963109,10816963298,1,"IOTHUB_CLIENT_CONFIRMATION_OK"
145,10816963443,10816963473,1,"IOTHUB_CLIENT_CONFIRMATION_OK"
146,10816963776,10816963807,1,"IOTHUB_CLIENT_CONFIRMATION_OK"
147,10816964109,10816964140,1,"IOTHUB_CLIENT_CONFIRMATION_OK"
148,10816964442,10816964472,1,"IOTHUB_CLIENT_CONFIRMATION_OK"
149,10816964775,10816964807,1,"IOTHUB_CLIENT_CONFIRMATION_OK"
150,10816965108,10816965148,1,"IOTHUB_CLIENT_CONFIRMATION_OK"
151,10816965442,10816965473,1,"IOTHUB_CLIENT_CONFIRMATION_OK"
152,10816965775,10816965805,1,"IOTHUB_CLIENT_CONFIRMATION_OK"
153,10816966108,10816966168,1,"IOTHUB_CLIENT_CONFIRMATION_OK"
154,10816966441,10816966476,1,"IOTHUB_CLIENT_CONFIRMATION_OK"
155,10816966774,10816966804,1,"IOTHUB_CLIENT_CONFIRMATION_OK"
156,10816967107,10816967138,1,"IOTHUB_CLIENT_CONFIRMATION_OK"
157,10816967441,10816967473,1,"IOTHUB_CLIENT_CONFIRMATION_OK"
158,10816967774,10816967809,1,"IOTHUB_CLIENT_CONFIRMATION_OK"
159,10816968107,10816968140,1,"IOTHUB_CLIENT_CONFIRMATION_OK"
160,10816968440,10816968561,1,"IOTHUB_CLIENT_CONFIRMATION_OK"
161,10816968773,10816968804,1,"IOTHUB_CLIENT_CONFIRMATION_OK"
162,10816969106,10816969180,1,"IOTHUB_CLIENT_CONFIRMATION_OK"
163,10816969440,10816969475,1,"IOTHUB_CLIENT_CONFIRMATION_OK"
164,10816969773,10816969808,1,"IOTHUB_CLIENT_CONFIRMATION_OK"
165,10816970106,10816970138,1,"IOTHUB_CLIENT_CONFIRMATION_OK"
166,10816970439,10816970469,1,"IOTHUB_CLIENT_CONFIRMATION_OK"
167,10816970772,10816970801,1,"IOTHUB_CLIENT_CONFIRMATION_OK"
168,10816971105,10816971140,1,"IOTHUB_CLIENT_CONFIRMATION_OK"
169,10816971439,10816971475,1,"IOTHUB_CLIENT_CONFIRMATION_OK"
170,10816971772,10816971820,1,"IOTHUB_CLIENT_CONFIRMATION_OK"
171,10816972105,10816972140,1,"IOTHUB_CLIENT_CONFIRMATION_OK"
172,10816972438,10816972471,1,"IOTHUB_CLIENT_CONFIRMATION_OK"
173,10816972771,10816972804,1,"IOTHUB_CLIENT_CONFIRMATION_OK"
174,10816973104,10816973134,1,"IOTHUB_CLIENT_CONFIRMATION_OK"
175,10816973438,10816973467,1,"IOTHUB_CLIENT_CONFIRMATION_OK"
176,10816973771,10816973888,1,"IOTHUB_CLIENT_CONFIRMATION_OK"
177,10816974104,10816974266,1,"IOTHUB_CLIENT_CONFIRMATION_OK"
178,10816974437,10816974487,1,"IOTHUB_CLIENT_CONFIRMATION_OK"
179,10816974770,10816974801,1,"IOTHUB_CLIENT_CONFIRMATION_OK"
180,10816975103,10816975141,1,"IOTHUB_CLIENT_CONFIRMATION_OK"
181,10816975437,10816975473,1,"IOTHUB_CLIENT_CONFIRMATION_OK"
182,10816975770,10816975802,1,"IOTHUB_CLIENT_CONFIRMATION_OK"
183,10816976103,10816976133,1,"IOTHUB_CLIENT_CONFIRMATION_OK"
184,10816976436,10816976477,1,"IOTHUB_CLIENT_CONFIRMATION_OK"
185,10816976769,10816976922,1,"IOTHUB_CLIENT_CONFIRMATION_OK"
186,10816977102,10816977131,1,"IOTHUB_CLIENT_CONFIRMATION_OK"
187,10816977436,10816977467,1,"IOTHUB_CLIENT_CONFIRMATION_OK"
188,10816977769,10816977802,1,"IOTHUB_CLIENT_CONFIRMATION_OK"
189,10816978102,10816978132,1,"IOTHUB_CLIENT_CONFIRMATION_OK"
190,10816978435,10816978465,1,"IOTHUB_CLIENT_CONFIRMATION_OK"
191,10816978768,10816978798,1,"IOTHUB_CLIENT_CONFIRMATION_OK"
192,10816979101,10816979142,1,"IOTHUB_CLIENT_CONFIRMATION_OK"
193,10816979434,10816979467,1,"IOTHUB_CLIENT_CONFIRMATION_OK"
194,10816979768,10816979797,1,"IOTHUB_CLIENT_CONFIRMATION_OK"
195,10816980101,10816980134,1,"IOTHUB_CLIENT_CONFIRMATION_OK"
196,10816980434,10816980470,1,"IOTHUB_CLIENT_CONFIRMATION_OK"
197,10816980767,10816980801,1,"IOTHUB_CLIENT_CONFIRMATION_OK"
198,10816981100,10816981137,1,"IOTHUB_CLIENT_CONFIRMATION_OK"
199,10816981433,10816981466,1,"IOTHUB_CLIENT_CONFIRMATION_OK"
200,10816981767,10816981795,1,"IOTHUB_CLIENT_CONFIRMATION_OK"
201,10816982100,10816982203,1,"IOTHUB_CLIENT_CONFIRMATION_OK"
202,10816982433,10816982464,1,"IOTHUB_CLIENT_CONFIRMATION_OK"
203,10816982766,10816982809,1,"IOTHUB_CLIENT_CONFIRMATION_OK"
204,10816983099,10816983130,1,"IOTHUB_CLIENT_CONFIRMATION_OK"
205,10816983432,10816983469,1,"IOTHUB_CLIENT_CONFIRMATION_OK"
206,10816983766,10816983808,1,"IOTHUB_CLIENT_CONFIRMATION_OK"
207,10816984099,10816984132,1,"IOTHUB_CLIENT_CONFIRMATION_OK"
208,10816984432,10816984464,1,"IOTHUB_CLIENT_CONFIRMATION_OK"
209,10816984765,10816984797,1,"IOTHUB_CLIENT_CONFIRMATION_OK"
210,10816985098,10816985261,1,"IOTHUB_CLIENT_CONFIRMATION_OK"
211,10816985431,10816985464,1,"IOTHUB_CLIENT_CONFIRMATION_OK"
212,10816985765,10816985852,1,"IOTHUB_CLIENT_CONFIRMATION_OK"
213,10816986098,10816986128,1,"IOTHUB_CLIENT_CONFIRMATION_OK"
214,10816986431,10816986505,1,"IOTHUB_CLIENT_CONFIRMATION_OK"
215,10816986764,10816986798,1,"IOTHUB_CLIENT_CONFIRMATION_OK"
216,10816987097,10816987128,1,"IOTHUB_CLIENT_CONFIRMATION_OK"
217,10816987430,10816987473,1,"IOTHUB_CLIENT_CONFIRMATION_OK"
218,10816987764,10816987793,1,"IOTHUB_CLIENT_CONFIRMATION_OK"
219,10816988097,10816988128,1,"IOTHUB_CLIENT_CONFIRMATION_OK"
220,10816988430,10816988464,1,"IOTHUB_CLIENT_CONFIRMATION_OK"
221,10816988763,10816988794,1,"IOTHUB_CLIENT_CONFIRMATION_OK"
222,10816989096,10816989126,1,"IOTHUB_CLIENT_CONFIRMATION_OK"
223,10816989429,10816989469,1,"IOTHUB_CLIENT_CONFIRMATION_OK"
224,10816989763,10816989801,1,"IOTHUB_CLIENT_CONFIRMATION_OK"
225,10816990096,10816990127,1,"IOTHUB_CLIENT_CONFIRMATION_OK"
226,10816990429,10816990527,1,"IOTHUB_CLIENT_CONFIRMATION_OK"
227,10816990762,10816990812,1,"IOTHUB_CLIENT_CONFIRMATION_OK"
228,10816991095,10816991163,1,"IOTHUB_CLIENT_CONFIRMATION_OK"
229,10816991428,10816991461,1,"IOTHUB_CLIENT_CONFIRMATION_OK"
230,10816991762,10816991797,1,"IOTHUB_CLIENT_CONFIRMATION_OK"
231,10816992095,10816992137,1,"IOTHUB_CLIENT_CONFIRMATION_OK"
232,10816992428,10816992477,1,"IOTHUB_CLIENT_CONFIRMATION_OK"
233,10816992761,10816992794,1,"IOTHUB_CLIENT_CONFIRMATION_OK"
234,10816993094,10816993128,1,"IOTHUB_CLIENT_CONFIRMATION_OK"
235,10816993427,10816993580,1,"IOTHUB_CLIENT_CONFIRMATION_OK"
236,10816993761,10816993833,1,"IOTHUB_CLIENT_CONFIRMATION_OK"
237,10816994094,10816994126,1,"IOTHUB_CLIENT_CONFIRMATION_OK"
238,10816994427,10816994459,1,"IOTHUB_CLIENT_CONFIRMATION_OK"
239,10816994760,10816994792,1,"IOTHUB_CLIENT_CONFIRMATION_OK"
240,10816995093,10816995130,1,"IOTHUB_CLIENT_CONFIRMATION_OK"
241,10816995426,10816995461,1,"IOTHUB_CLIENT_CONFIRMATION_OK"
242,10816995759,10816995847,1,"IOTHUB_CLIENT_CONFIRMATION_OK"
243,10816996093,10816996123,1,"IOTHUB_CLIENT_CONFIRMATION_OK"
244,10816996426,10816996472,1,"IOTHUB_CLIENT_CONFIRMATION_OK"
245,10816996759,10816996789,1,"IOTHUB_CLIENT_CONFIRMATION_OK"
246,10816997092,10816997125,1,"IOTHUB_CLIENT_CONFIRMATION_OK"
247,10816997425,10816997461,1,"IOTHUB_CLIENT_CONFIRMATION_OK"
248,10816997758,10816997798,1,"IOTHUB_CLIENT_CONFIRMATION_OK"
249,10816998092,10816998125,1,"IOTHUB_CLIENT_CONFIRMATION_OK"
250,10816998425,10816998461,1,"IOTHUB_CLIENT_CONFIRMATION_OK"
251,10816998758,10816998896,1,"IOTHUB_CLIENT_CONFIRMATION_OK"
252,10816999091,10816999122,1,"IOTHUB_CLIENT_CONFIRMATION_OK"
253,10816999424,10816999503,1,"IOTHUB_CLIENT_CONFIRMATION_OK"
254,10816999757,10816999790,1,"IOTHUB_CLIENT_CONFIRMATION_OK"
255,10817000091,10817000138,1,"IOTHUB_CLIENT_CONFIRMATION_OK"
256,10817000424,10817000453,1,"IOTHUB_CLIENT_CONFIRMATION_OK"
257,10817000757,10817000820,1,"IOTHUB_CLIENT_CONFIRMATION_OK"
258,10817001090,10817001131,1,"IOTHUB_CLIENT_CONFIRMATION_OK"
259,10817001423,10817001454,1,"IOTHUB_CLIENT_CONFIRMATION_OK"
260,10817001756,10817001806,1,"IOTHUB_CLIENT_CONFIRMATION_OK"
261,10817002090,10817002122,1,"IOTHUB_CLIENT_CONFIRMATION_OK"
262,10817002423,10817002459,1,"IOTHUB_CLIENT_CONFIRMATION_OK"
263,10817002756,10817002786,1,"IOTHUB_CLIENT_CONFIRMATION_OK"
264,10817003089,10817003137,1,"IOTHUB_CLIENT_CONFIRMATION_OK"
265,10817003422,10817003460,1,"IOTHUB_CLIENT_CONFIRMATION_OK"
266,10817003755,10817003789,1,"IOTHUB_CLIENT_CONFIRMATION_OK"
267,10817004089,10817004198,1,"IOTHUB_CLIENT_CONFIRMATION_OK"
268,10817004422,10817004453,1,"IOTHUB_CLIENT_CONFIRMATION_OK"
269,10817004755,10817004823,1,"IOTHUB_CLIENT_CONFIRMATION_OK"
270,10817005088,10817005123,1,"IOTHUB_CLIENT_CONFIRMATION_OK"
271,10817005421,10817005451,1,"IOTHUB_CLIENT_CONFIRMATION_OK"
272,10817005754,10817005785,1,"IOTHUB_CLIENT_CONFIRMATION_OK"
273,10817006088,10817006124,1,"IOTHUB_CLIENT_CONFIRMATION_OK"
274,10817006421,10817006468,1,"IOTHUB_CLIENT_CONFIRMATION_OK"
275,10817006754,10817006787,1,"IOTHUB_CLIENT_CONFIRMATION_OK"
276,10817007087,10817007120,1,"IOTHUB_CLIENT_CONFIRMATION_OK"
277,10817007420,10817007453,1,"IOTHUB_CLIENT_CONFIRMATION_OK"
278,10817007753,10817007785,1,"IOTHUB_CLIENT_CONFIRMATION_OK"
279,10817008086,10817008118,1,"IOTHUB_CLIENT_CONFIRMATION_OK"
280,10817008420,10817008458,1,"IOTHUB_CLIENT_CONFIRMATION_OK"
281,10817008753,10817008784,1,"IOTHUB_CLIENT_CONFIRMATION_OK"
282,10817009086,10817009118,1,"IOTHUB_CLIENT_CONFIRMATION_OK"
283,10817009419,10817009482,1,"IOTHUB_CLIENT_CONFIRMATION_OK"
284,10817009752,10817009785,1,"IOTHUB_CLIENT_CONFIRMATION_OK"
285,10817010085,10817010117,1,"IOTHUB_CLIENT_CONFIRMATION_OK"
286,10817010419,10817010462,1,"IOTHUB_CLIENT_CONFIRMATION_OK"
287,10817010752,10817010794,1,"IOTHUB_CLIENT_CONFIRMATION_OK"
288,10817011085,10817011117,1,"IOTHUB_CLIENT_CONFIRMATION_OK"
289,10817011418,10817011450,1,"IOTHUB_CLIENT_CONFIRMATION_OK"
290,10817011751,10817011781,1,"IOTHUB_CLIENT_CONFIRMATION_OK"
291,10817012085,10817012114,1,"IOTHUB_CLIENT_CONFIRMATION_OK"
292,10817012418,10817012542,1,"IOTHUB_CLIENT_CONFIRMATION_OK"
293,10817012751,10817012783,1,"IOTHUB_CLIENT_CONFIRMATION_OK"
294,10817013084,10817013159,1,"IOTHUB_CLIENT_CONFIRMATION_OK"
295,10817013417,10817013446,1,"IOTHUB_CLIENT_CONFIRMATION_OK"
296,10817013750,10817013782,1,"IOTHUB_CLIENT_CONFIRMATION_OK"
297,10817014083,10817014117,1,"IOTHUB_CLIENT_CONFIRMATION_OK"
298,10817014417,10817014454,1,"IOTHUB_CLIENT_CONFIRMATION_OK"
299,10817014750,10817014820,1,"IOTHUB_CLIENT_CONFIRMATION_OK"
300,10817015083,10817015118,1,"IOTHUB_CLIENT_CONFIRMATION_OK"
301,10817015416,10817015449,1,"IOTHUB_CLIENT_CONFIRMATION_OK"
302,10817015749,10817015782,1,"IOTHUB_CLIENT_CONFIRMATION_OK"
303,10817016082,10817016143,1,"IOTHUB_CLIENT_CONFIRMATION_OK"
304,10817016416,10817016460,1,"IOTHUB_CLIENT_CONFIRMATION_OK"
305,10817016749,10817016787,1,"IOTHUB_CLIENT_CONFIRMATION_OK"
306,10817017082,10817017114,1,"IOTHUB_CLIENT_CONFIRMATION_OK"
307,10817017415,10817017484,1,"IOTHUB_CLIENT_CONFIRMATION_OK"
308,10817017748,10817017878,1,"IOTHUB_CLIENT_CONFIRMATION_OK"
309,10817018081,10817018114,1,"IOTHUB_CLIENT_CONFIRMATION_OK"
310,10817018414,10817018495,1,"IOTHUB_CLIENT_CONFIRMATION_OK"
311,10817018748,10817018782,1,"IOTHUB_CLIENT_CONFIRMATION_OK"
312,10817019081,10817019112,1,"IOTHUB_CLIENT_CONFIRMATION_OK"
313,10817019414,10817019445,1,"IOTHUB_CLIENT_CONFIRMATION_OK"
314,10817019747,10817019776,1,"IOTHUB_CLIENT_CONFIRMATION_OK"
315,10817020080,10817020109,1,"IOTHUB_CLIENT_CONFIRMATION_OK"
316,10817020413,10817020443,1,"IOTHUB_CLIENT_CONFIRMATION_OK"
317,10817020747,10817020799,1,"IOTHUB_CLIENT_CONFIRMATION_OK"
318,10817021080,10817021111,1,"IOTHUB_CLIENT_CONFIRMATION_OK"
319,10817021413,10817021443,1,"IOTHUB_CLIENT_CONFIRMATION_OK"
320,10817021746,10817021780,1,"IOTHUB_CLIENT_CONFIRMATION_OK"
321,10817022079,10817022118,1,"IOTHUB_CLIENT_CONFIRMATION_OK"
322,10817022412,10817022444,1,"IOTHUB_CLIENT_CONFIRMATION_OK"
323,10817022745,10817022777,1,"IOTHUB_CLIENT_CONFIRMATION_OK"
324,10817023079,10817023214,1,"IOTHUB_CLIENT_CONFIRMATION_OK"
325,10817023412,10817023443,1,"IOTHUB_CLIENT_CONFIRMATION_OK"
326,10817023745,10817023842,1,"IOTHUB_CLIENT_CONFIRMATION_OK"
327,10817024078,10817024114,1,"IOTHUB_CLIENT_CONFIRMATION_OK"
328,10817024411,10817024445,1,"IOTHUB_CLIENT_CONFIRMATION_OK"
329,10817024744,10817024776,1,"IOTHUB_CLIENT_CONFIRMATION_OK"
330,10817025078,10817025110,1,"IOTHUB_CLIENT_CONFIRMATION_OK"
331,10817025411,10817025448,1,"IOTHUB_CLIENT_CONFIRMATION_OK"
332,10817025744,10817025778,1,"IOTHUB_CLIENT_CONFIRMATION_OK"
333,10817026077,10817026111,1,"IOTHUB_CLIENT_CONFIRMATION_OK"
334,10817026410,10817026444,1,"IOTHUB_CLIENT_CONFIRMATION_OK"
335,10817026743,10817026800,1,"IOTHUB_CLIENT_CONFIRMATION_OK"
336,10817027076,10817027542,1,"IOTHUB_CLIENT_CONFIRMATION_OK"
337,10817027410,10817027566,1,"IOTHUB_CLIENT_CONFIRMATION_OK"
338,10817027743,10817028105,1,"IOTHUB_CLIENT_CONFIRMATION_OK"
339,10817028076,10817028117,1,"IOTHUB_CLIENT_CONFIRMATION_OK"
340,10817028409,10817028514,1,"IOTHUB_CLIENT_CONFIRMATION_OK"
341,10817028742,10817028798,1,"IOTHUB_CLIENT_CONFIRMATION_OK"
342,10817029075,10817029108,1,"IOTHUB_CLIENT_CONFIRMATION_OK"
343,10817029409,10817029440,1,"IOTHUB_CLIENT_CONFIRMATION_OK"
344,10817029742,10817029774,1,"IOTHUB_CLIENT_CONFIRMATION_OK"
345,10817030075,10817030108,1,"IOTHUB_CLIENT_CONFIRMATION_OK"
346,10817030408,10817030449,1,"IOTHUB_CLIENT_CONFIRMATION_OK"
347,10817030741,10817030775,1,"IOTHUB_CLIENT_CONFIRMATION_OK"
348,10817031074,10817031113,1,"IOTHUB_CLIENT_CONFIRMATION_OK"
349,10817031407,10817031540,1,"IOTHUB_CLIENT_CONFIRMATION_OK"
350,10817031741,10817031788,1,"IOTHUB_CLIENT_CONFIRMATION_OK"
351,10817032074,10817032143,1,"IOTHUB_CLIENT_CONFIRMATION_OK"
352,10817032407,10817032436,1,"IOTHUB_CLIENT_CONFIRMATION_OK"
353,10817032740,10817032772,1,"IOTHUB_CLIENT_CONFIRMATION_OK"
354,10817033073,10817033104,1,"IOTHUB_CLIENT_CONFIRMATION_OK"
355,10817033406,10817033437,1,"IOTHUB_CLIENT_CONFIRMATION_OK"
356,10817033740,10817033772,1,"IOTHUB_CLIENT_CONFIRMATION_OK"
357,10817034073,10817034106,1,"IOTHUB_CLIENT_CONFIRMATION_OK"
358,10817034406,10817034436,1,"IOTHUB_CLIENT_CONFIRMATION_OK"
359,10817034739,10817034770,1,"IOTHUB_CLIENT_CONFIRMATION_OK"
360,10817035072,10817035102,1,"IOTHUB_CLIENT_CONFIRMATION_OK"
361,10817035405,10817035447,1,"IOTHUB_CLIENT_CONFIRMATION_OK"
362,10817035739,10817035771,1,"IOTHUB_CLIENT_CONFIRMATION_OK"
363,10817036072,10817036165,1,"IOTHUB_CLIENT_CONFIRMATION_OK"
364,10817036405,10817036436,1,"IOTHUB_CLIENT_CONFIRMATION_OK"
365,10817036738,10817036770,1,"IOTHUB_CLIENT_CONFIRMATION_OK"
366,10817037071,10817037107,1,"IOTHUB_CLIENT_CONFIRMATION_OK"
367,10817037404,10817037436,1,"IOTHUB_CLIENT_CONFIRMATION_OK"
368,10817037738,10817037770,1,"IOTHUB_CLIENT_CONFIRMATION_OK"
369,10817038071,10817038105,1,"IOTHUB_CLIENT_CONFIRMATION_OK"
370,10817038404,10817038437,1,"IOTHUB_CLIENT_CONFIRMATION_OK"
371,10817038737,10817038773,1,"IOTHUB_CLIENT_CONFIRMATION_OK"
372,10817039070,10817039100,1,"IOTHUB_CLIENT_CONFIRMATION_OK"
373,10817039403,10817039434,1,"IOTHUB_CLIENT_CONFIRMATION_OK"
374,10817039736,10817039796,1,"IOTHUB_CLIENT_CONFIRMATION_OK"
375,10817040070,10817040248,1,"IOTHUB_CLIENT_CONFIRMATION_OK"
376,10817040403,10817040457,1,"IOTHUB_CLIENT_CONFIRMATION_OK"
377,10817040736,10817040770,1,"IOTHUB_CLIENT_CONFIRMATION_OK"
378,10817041069,10817041100,1,"IOTHUB_CLIENT_CONFIRMATION_OK"
379,10817041402,10817041435,1,"IOTHUB_CLIENT_CONFIRMATION_OK"
380,10817041735,10817041765,1,"IOTHUB_CLIENT_CONFIRMATION_OK"
381,10817042069,10817042101,1,"IOTHUB_CLIENT_CONFIRMATION_OK"
382,10817042402,10817042447,1,"IOTHUB_CLIENT_CONFIRMATION_OK"
383,10817042735,10817042766,1,"IOTHUB_CLIENT_CONFIRMATION_OK"
384,10817043068,10817043106,1,"IOTHUB_CLIENT_CONFIRMATION_OK"
385,10817043401,10817043434,1,"IOTHUB_CLIENT_CONFIRMATION_OK"
386,10817043734,10817043783,1,"IOTHUB_CLIENT_CONFIRMATION_OK"
387,10817044068,10817044097,1,"IOTHUB_CLIENT_CONFIRMATION_OK"
388,10817044401,10817044438,1,"IOTHUB_CLIENT_CONFIRMATION_OK"
389,10817044734,10817044764,1,"IOTHUB_CLIENT_CONFIRMATION_OK"
390,10817045067,10817045142,1,"IOTHUB_CLIENT_CONFIRMATION_OK"
391,10817045400,10817045446,1,"IOTHUB_CLIENT_CONFIRMATION_OK"
392,10817045733,10817045777,1,"IOTHUB_CLIENT_CONFIRMATION_OK"
393,10817046067,10817046107,1,"IOTHUB_CLIENT_CONFIRMATION_OK"
394,10817046400,10817046430,1,"IOTHUB_CLIENT_CONFIRMATION_OK"
395,10817046733,10817046763,1,"IOTHUB_CLIENT_CONFIRMATION_OK"
396,10817047066,10817047239,1,"IOTHUB_CLIENT_CONFIRMATION_OK"
397,10817047399,10817047429,1,"IOTHUB_CLIENT_CONFIRMATION_OK"
398,10817047732,10817047773,1,"IOTHUB_CLIENT_CONFIRMATION_OK"
399,10817048066,10817048097,1,"IOTHUB_CLIENT_CONFIRMATION_OK"
400,10817048399,10817048444,1,"IOTHUB_CLIENT_CONFIRMATION_OK"
401,10817048732,10817048765,1,"IOTHUB_CLIENT_CONFIRMATION_OK"
402,10817049065,10817049099,1,"IOTHUB_CLIENT_CONFIRMATION_OK"
403,10817049398,10817049430,1,"IOTHUB_CLIENT_CONFIRMATION_OK"
404,10817049732,10817049763,1,"IOTHUB_CLIENT_CONFIRMATION_OK"
405,10817050065,10817050095,1,"IOTHUB_CLIENT_CONFIRMATION_OK"
406,10817050398,10817050501,1,"IOTHUB_CLIENT_CONFIRMATION_OK"
407,10817050731,10817050765,1,"IOTHUB_CLIENT_CONFIRMATION_OK"
408,10817051064,10817051114,1,"IOTHUB_CLIENT_CONFIRMATION_OK"
409,10817051397,10817051428,1,"IOTHUB_CLIENT_CONFIRMATION_OK"
410,10817051730,10817051859,1,"IOTHUB_CLIENT_CONFIRMATION_OK"
411,10817052064,10817052105,1,"IOTHUB_CLIENT_CONFIRMATION_OK"
412,10817052397,10817052438,1,"IOTHUB_CLIENT_CONFIRMATION_OK"
413,10817052730,10817052764,1,"IOTHUB_CLIENT_CONFIRMATION_OK"
414,10817053063,10817053094,1,"IOTHUB_CLIENT_CONFIRMATION_OK"
415,10817053396,10817053428,1,"IOTHUB_CLIENT_CONFIRMATION_OK"
416,10817053729,10817053763,1,"IOTHUB_CLIENT_CONFIRMATION_OK"
417,10817054063,10817054093,1,"IOTHUB_CLIENT_CONFIRMATION_OK"
418,10817054396,10817054430,1,"IOTHUB_CLIENT_CONFIRMATION_OK"
419,10817054729,10817054761,1,"IOTHUB_CLIENT_CONFIRMATION_OK"
420,10817055062,10817055093,1,"IOTHUB_CLIENT_CONFIRMATION_OK"
421,10817055395,10817055427,1,"IOTHUB_CLIENT_CONFIRMATION_OK"
422,10817055728,10817055830,1,"IOTHUB_CLIENT_CONFIRMATION_OK"
423,10817056062,10817056096,1,"IOTHUB_CLIENT_CONFIRMATION_OK"
424,10817056395,10817056453,1,"IOTHUB_CLIENT_CONFIRMATION_OK"
425,10817056728,10817056759,1,"IOTHUB_CLIENT_CONFIRMATION_OK"
426,10817057061,10817057103,1,"IOTHUB_CLIENT_CONFIRMATION_OK"
427,10817057394,10817057428,1,"IOTHUB_CLIENT_CONFIRMATION_OK"
428,10817057727,10817057759,1,"IOTHUB_CLIENT_CONFIRMATION_OK"
429,10817058061,10817058094,1,"IOTHUB_CLIENT_CONFIRMATION_OK"
430,10817058394,10817058430,1,"IOTHUB_CLIENT_CONFIRMATION_OK"
431,10817058727,10817058893,1,"IOTHUB_CLIENT_CONFIRMATION_OK"
432,10817059060,10817059097,1,"IOTHUB_CLIENT_CONFIRMATION_OK"
433,10817059393,10817059423,1,"IOTHUB_CLIENT_CONFIRMATION_OK"
434,10817059726,10817059764,1,"IOTHUB_CLIENT_CONFIRMATION_OK"
435,10817060060,10817060119,1,"IOTHUB_CLIENT_CONFIRMATION_OK"
436,10817060393,10817060428,1,"IOTHUB_CLIENT_CONFIRMATION_OK"
437,10817060726,10817060760,1,"IOTHUB_CLIENT_CONFIRMATION_OK"
438,10817061059,10817061119,1,"IOTHUB_CLIENT_CONFIRMATION_OK"
439,10817061392,10817061424,1,"IOTHUB_CLIENT_CONFIRMATION_OK"
440,10817061725,10817061756,1,"IOTHUB_CLIENT_CONFIRMATION_OK"
441,10817062058,10817062095,1,"IOTHUB_CLIENT_CONFIRMATION_OK"
442,10817062392,10817062431,1,"IOTHUB_CLIENT_CONFIRMATION_OK"
443,10817062725,10817062754,1,"IOTHUB_CLIENT_CONFIRMATION_OK"
444,10817063058,10817063100,1,"IOTHUB_CLIENT_CONFIRMATION_OK"
445,10817063391,10817063433,1,"IOTHUB_CLIENT_CONFIRMATION_OK"
446,10817063724,10817063756,1,"IOTHUB_CLIENT_CONFIRMATION_OK"
447,10817064057,10817064185,1,"IOTHUB_CLIENT_CONFIRMATION_OK"
448,10817064391,10817064422,1,"IOTHUB_CLIENT_CONFIRMATION_OK"
449,10817064724,10817064783,1,"IOTHUB_CLIENT_CONFIRMATION_OK"
450,10817065057,10817065090,1,"IOTHUB_CLIENT_CONFIRMATION_OK"
451,10817065390,10817065422,1,"IOTHUB_CLIENT_CONFIRMATION_OK"
452,10817065723,10817065759,1,"IOTHUB_CLIENT_CONFIRMATION_OK"
453,10817066056,10817066087,1,"IOTHUB_CLIENT_CONFIRMATION_OK"
454,10817066390,10817066421,1,"IOTHUB_CLIENT_CONFIRMATION_OK"
455,10817066723,10817066753,1,"IOTHUB_CLIENT_CONFIRMATION_OK"
456,10817067056,10817067213,1,"IOTHUB_CLIENT_CONFIRMATION_OK"
457,10817067389,10817067433,1,"IOTHUB_CLIENT_CONFIRMATION_OK"
458,10817067722,10817067753,1,"IOTHUB_CLIENT_CONFIRMATION_OK"
459,10817068055,10817068105,1,"IOTHUB_CLIENT_CONFIRMATION_OK"
460,10817068388,10817068423,1,"IOTHUB_CLIENT_CONFIRMATION_OK"
461,10817068722,10817068753,1,"IOTHUB_CLIENT_CONFIRMATION_OK"
462,10817069055,10817069086,1,"IOTHUB_CLIENT_CONFIRMATION_OK"
463,10817069388,10817069442,1,"IOTHUB_CLIENT_CONFIRMATION_OK"
464,10817069721,10817069758,1,"IOTHUB_CLIENT_CONFIRMATION_OK"
465,10817070054,10817070087,1,"IOTHUB_CLIENT_CONFIRMATION_OK"
466,10817070387,10817070426,1,"IOTHUB_CLIENT_CONFIRMATION_OK"
467,10817070721,10817070754,1,"IOTHUB_CLIENT_CONFIRMATION_OK"
468,10817071054,10817071085,1,"IOTHUB_CLIENT_CONFIRMATION_OK"
469,10817071387,10817071420,1,"IOTHUB_CLIENT_CONFIRMATION_OK"
470,10817071720,10817071753,1,"IOTHUB_CLIENT_CONFIRMATION_OK"
471,10817072053,10817072083,1,"IOTHUB_CLIENT_CONFIRMATION_OK"
472,10817072386,10817072574,1,"IOTHUB_CLIENT_CONFIRMATION_OK"
473,10817072720,10817072751,1,"IOTHUB_CLIENT_CONFIRMATION_OK"
474,10817073053,10817073085,1,"IOTHUB_CLIENT_CONFIRMATION_OK"
475,10817073386,10817073421,1,"IOTHUB_CLIENT_CONFIRMATION_OK"
476,10817073719,10817073755,1,"IOTHUB_CLIENT_CONFIRMATION_OK"
477,10817074052,10817074084,1,"IOTHUB_CLIENT_CONFIRMATION_OK"
478,10817074385,10817074416,1,"IOTHUB_CLIENT_CONFIRMATION_OK"
479,10817074718,10817074748,1,"IOTHUB_CLIENT_CONFIRMATION_OK"
480,10817075052,10817075084,1,"IOTHUB_CLIENT_CONFIRMATION_OK"
481,10817075385,10817075445,1,"IOTHUB_CLIENT_CONFIRMATION_OK"
482,10817075718,10817075754,1,"IOTHUB_CLIENT_CONFIRMATION_OK"
483,10817076051,10817076085,1,"IOTHUB_CLIENT_CONFIRMATION_OK"
484,10817076384,10817076423,1,"IOTHUB_CLIENT_CONFIRMATION_OK"
485,10817076717,10817076747,1,"IOTHUB_CLIENT_CONFIRMATION_OK"
486,10817077051,10817077094,1,"IOTHUB_CLIENT_CONFIRMATION_OK"
487,10817077384,10817077419,1,"IOTHUB_CLIENT_CONFIRMATION_OK"
488,10817077717,10817077878,1,"IOTHUB_CLIENT_CONFIRMATION_OK"
489,10817078050,10817078091,1,"IOTHUB_CLIENT_CONFIRMATION_OK"
490,10817078383,10817078508,1,"IOTHUB_CLIENT_CONFIRMATION_OK"
491,10817078716,10817078752,1,"IOTHUB_CLIENT_CONFIRMATION_OK"
492,10817079050,10817079156,1,"IOTHUB_CLIENT_CONFIRMATION_OK"
493,10817079383,10817079412,1,"IOTHUB_CLIENT_CONFIRMATION_OK"
494,10817079716,10817079748,1,"IOTHUB_CLIENT_CONFIRMATION_OK"
495,10817080049,10817080080,1,"IOTHUB_CLIENT_CONFIRMATION_OK"
496,10817080382,10817080412,1,"IOTHUB_CLIENT_CONFIRMATION_OK"
497,10817080715,10817080765,1,"IOTHUB_CLIENT_CONFIRMATION_OK"
498,10817081049,10817081081,1,"IOTHUB_CLIENT_CONFIRMATION_OK"
499,10817081382,10817081413,1,"IOTHUB_CLIENT_CONFIRMATION_OK"
500,10817081715,10817081745,1,"IOTHUB_CLIENT_CONFIRMATION_OK"
501,10817082048,10817082099,1,"IOTHUB_CLIENT_CONFIRMATION_OK"
502,10817082381,10817082410,1,"IOTHUB_CLIENT_CONFIRMATION_OK"
503,10817082714,10817082745,1,"IOTHUB_CLIENT_CONFIRMATION_OK"
504,10817083048,10817083086,1,"IOTHUB_CLIENT_CONFIRMATION_OK"
505,10817083381,10817083414,1,"IOTHUB_CLIENT_CONFIRMATION_OK"
506,10817083714,10817083829,1,"IOTHUB_CLIENT_CONFIRMATION_OK"
507,10817084047,10817084080,1,"IOTHUB_CLIENT_CONFIRMATION_OK"
508,10817084380,10817084430,1,"IOTHUB_CLIENT_CONFIRMATION_OK"
509,10817084713,10817084767,1,"IOTHUB_CLIENT_CONFIRMATION_OK"
510,10817085046,10817085077,1,"IOTHUB_CLIENT_CONFIRMATION_OK"
511,10817085380,10817085410,1,"IOTHUB_CLIENT_CONFIRMATION_OK"
512,10817085713,10817085749,1,"IOTHUB_CLIENT_CONFIRMATION_OK"
513,10817086046,10817086077,1,"IOTHUB_CLIENT_CONFIRMATION_OK"
514,10817086379,10817086412,1,"IOTHUB_CLIENT_CONFIRMATION_OK"
515,10817086712,10817086747,1,"IOTHUB_CLIENT_CONFIRMATION_OK"
516,10817087045,10817087075,1,"IOTHUB_CLIENT_CONFIRMATION_OK"
517,10817087379,10817087410,1,"IOTHUB_CLIENT_CONFIRMATION_OK"
518,10817087712,10817087802,1,"IOTHUB_CLIENT_CONFIRMATION_OK"
519,10817088045,10817088075,1,"IOTHUB_CLIENT_CONFIRMATION_OK"
520,10817088378,10817088425,1,"IOTHUB_CLIENT_CONFIRMATION_OK"
521,10817088711,10817088757,1,"IOTHUB_CLIENT_CONFIRMATION_OK"
522,10817089044,10817089073,1,"IOTHUB_CLIENT_CONFIRMATION_OK"
523,10817089378,10817089406,1,"IOTHUB_CLIENT_CONFIRMATION_OK"
524,10817089711,10817089743,1,"IOTHUB_CLIENT_CONFIRMATION_OK"
525,10817090044,10817090073,1,"IOTHUB_CLIENT_CONFIRMATION_OK"
526,10817090377,10817090410,1,"IOTHUB_CLIENT_CONFIRMATION_OK"
527,10817090710,10817090742,1,"IOTHUB_CLIENT_CONFIRMATION_OK"
528,10817091043,10817091073,1,"IOTHUB_CLIENT_CONFIRMATION_OK"
529,10817091377,10817091444,1,"IOTHUB_CLIENT_CONFIRMATION_OK"
530,10817091710,10817091742,1,"IOTHUB_CLIENT_CONFIRMATION_OK"
531,10817092043,10817092073,1,"IOTHUB_CLIENT_CONFIRMATION_OK"
532,10817092376,10817092421,1,"IOTHUB_CLIENT_CONFIRMATION_OK"
533,10817092709,10817092744,1,"IOTHUB_CLIENT_CONFIRMATION_OK"
534,10817093042,10817093076,1,"IOTHUB_CLIENT_CONFIRMATION_OK"
535,10817093376,10817093406,1,"IOTHUB_CLIENT_CONFIRMATION_OK"
536,10817093709,10817093739,1,"IOTHUB_CLIENT_CONFIRMATION_OK"
537,10817094042,10817094076,1,"IOTHUB_CLIENT_CONFIRMATION_OK"
538,10817094375,10817094516,1,"IOTHUB_CLIENT_CONFIRMATION_OK"
539,10817094708,10817094758,1,"IOTHUB_CLIENT_CONFIRMATION_OK"
540,10817095041,10817095126,1,"IOTHUB_CLIENT_CONFIRMATION_OK"
541,10817095375,10817095410,1,"IOTHUB_CLIENT_CONFIRMATION_OK"
542,10817095708,10817095773,1,"IOTHUB_CLIENT_CONFIRMATION_OK"
543,10817096041,10817096074,1,"IOTHUB_CLIENT_CONFIRMATION_OK"
544,10817096374,10817096407,1,"IOTHUB_CLIENT_CONFIRMATION_OK"
545,10817096707,10817096736,1,"IOTHUB_CLIENT_CONFIRMATION_OK"
546,10817097040,10817097070,1,"IOTHUB_CLIENT_CONFIRMATION_OK"
547,10817097374,10817097405,1,"IOTHUB_CLIENT_CONFIRMATION_OK"
548,10817097707,10817097736,1,"IOTHUB_CLIENT_CONFIRMATION_OK"
549,10817098040,10817098070,1,"IOTHUB_CLIENT_CONFIRMATION_OK"
550,10817098373,10817098406,1,"IOTHUB_CLIENT_CONFIRMATION_OK"
551,10817098706,10817098740,1,"IOTHUB_CLIENT_CONFIRMATION_OK"
552,10817099039,10817099069,1,"IOTHUB_CLIENT_CONFIRMATION_OK"
553,10817099372,10817099409,1,"IOTHUB_CLIENT_CONFIRMATION_OK"
554,10817099706,10817099801,1,"IOTHUB_CLIENT_CONFIRMATION_OK"
555,10817100039,10817100070,1,"IOTHUB_CLIENT_CONFIRMATION_OK"
556,10817100372,10817100477,1,"IOTHUB_CLIENT_CONFIRMATION_OK"
557,10817100705,10817100738,1,"IOTHUB_CLIENT_CONFIRMATION_OK"
558,10817101038,10817101095,1,"IOTHUB_CLIENT_CONFIRMATION_OK"
559,10817101371,10817101402,1,"IOTHUB_CLIENT_CONFIRMATION_OK"
560,10817101705,10817101737,1,"IOTHUB_CLIENT_CONFIRMATION_OK"
561,10817102038,10817102072,1,"IOTHUB_CLIENT_CONFIRMATION_OK"
562,10817102371,10817102402,1,"IOTHUB_CLIENT_CONFIRMATION_OK"
563,10817102704,10817102735,1,"IOTHUB_CLIENT_CONFIRMATION_OK"
564,10817103037,10817103072,1,"IOTHUB_CLIENT_CONFIRMATION_OK"
565,10817103371,10817103407,1,"IOTHUB_CLIENT_CONFIRMATION_OK"
566,10817103704,10817103735,1,"IOTHUB_CLIENT_CONFIRMATION_OK"
567,10817104037,10817104068,1,"IOTHUB_CLIENT_CONFIRMATION_OK"
568,10817104370,10817104405,1,"IOTHUB_CLIENT_CONFIRMATION_OK"
569,10817104703,10817104735,1,"IOTHUB_CLIENT_CONFIRMATION_OK"
570,10817105036,10817105144,1,"IOTHUB_CLIENT_CONFIRMATION_OK"
571,10817105369,10817105404,1,"IOTHUB_CLIENT_CONFIRMATION_OK"
572,10817105703,10817105759,1,"IOTHUB_CLIENT_CONFIRMATION_OK"
573,10817106036,10817106068,1,"IOTHUB_CLIENT_CONFIRMATION_OK"
574,10817106369,10817106407,1,"IOTHUB_CLIENT_CONFIRMATION_OK"
575,10817106702,10817106766,1,"IOTHUB_CLIENT_CONFIRMATION_OK"
576,10817107035,10817107067,1,"IOTHUB_CLIENT_CONFIRMATION_OK"
577,10817107368,10817107400,1,"IOTHUB_CLIENT_CONFIRMATION_OK"
578,10817107702,10817107737,1,"IOTHUB_CLIENT_CONFIRMATION_OK"
579,10817108035,10817108193,1,"IOTHUB_CLIENT_CONFIRMATION_OK"
580,10817108368,10817108400,1,"IOTHUB_CLIENT_CONFIRMATION_OK"
581,10817108701,10817108813,1,"IOTHUB_CLIENT_CONFIRMATION_OK"
582,10817109034,10817109075,1,"IOTHUB_CLIENT_CONFIRMATION_OK"
583,10817109367,10817109485,1,"IOTHUB_CLIENT_CONFIRMATION_OK"
584,10817109701,10817109735,1,"IOTHUB_CLIENT_CONFIRMATION_OK"
585,10817110034,10817110067,1,"IOTHUB_CLIENT_CONFIRMATION_OK"
586,10817110367,10817110398,1,"IOTHUB_CLIENT_CONFIRMATION_OK"
587,10817110700,10817110806,1,"IOTHUB_CLIENT_CONFIRMATION_OK"
588,10817111033,10817111077,1,"IOTHUB_CLIENT_CONFIRMATION_OK"
589,10817111366,10817111415,1,"IOTHUB_CLIENT_CONFIRMATION_OK"
590,10817111700,10817111736,1,"IOTHUB_CLIENT_CONFIRMATION_OK"
591,10817112033,10817112080,1,"IOTHUB_CLIENT_CONFIRMATION_OK"
592,10817112366,10817112402,1,"IOTHUB_CLIENT_CONFIRMATION_OK"
593,10817112699,10817112763,1,"IOTHUB_CLIENT_CONFIRMATION_OK"
594,10817113032,10817113062,1,"IOTHUB_CLIENT_CONFIRMATION_OK"
595,10817113365,10817113397,1,"IOTHUB_CLIENT_CONFIRMATION_OK"
596,10817113699,10817113737,1,"IOTHUB_CLIENT_CONFIRMATION_OK"
597,10817114032,10817114135,1,"IOTHUB_CLIENT_CONFIRMATION_OK"
598,10817114365,10817114397,1,"IOTHUB_CLIENT_CONFIRMATION_OK"
599,10817114698,10817114738,1,"IOTHUB_CLIENT_CONFIRMATION_OK"
600,10817115031,10817115068,1,"IOTHUB_CLIENT_CONFIRMATION_OK"
601,10817115364,10817115426,1,"IOTHUB_CLIENT_CONFIRMATION_OK"
602,10817115697,10817115730,1,"IOTHUB_CLIENT_CONFIRMATION_OK"
603,10817116031,10817116095,1,"IOTHUB_CLIENT_CONFIRMATION_OK"
604,10817116364,10817116531,1,"IOTHUB_CLIENT_CONFIRMATION_OK"
605,10817116697,10817116728,1,"IOTHUB_CLIENT_CONFIRMATION_OK"
606,10817117030,10817117152,1,"IOTHUB_CLIENT_CONFIRMATION_OK"
607,10817117363,10817117400,1,"IOTHUB_CLIENT_CONFIRMATION_OK"
608,10817117696,10817117757,1,"IOTHUB_CLIENT_CONFIRMATION_OK"
609,10817118030,10817118061,1,"IOTHUB_CLIENT_CONFIRMATION_OK"
610,10817118363,10817118392,1,"IOTHUB_CLIENT_CONFIRMATION_OK"
611,10817118696,10817118728,1,"IOTHUB_CLIENT_CONFIRMATION_OK"
612,10817119029,10817119061,1,"IOTHUB_CLIENT_CONFIRMATION_OK"
613,10817119362,10817119392,1,"IOTHUB_CLIENT_CONFIRMATION_OK"
614,10817119695,10817119735,1,"IOTHUB_CLIENT_CONFIRMATION_OK"
615,10817120028,10817120058,1,"IOTHUB_CLIENT_CONFIRMATION_OK"
616,10817120362,10817120394,1,"IOTHUB_CLIENT_CONFIRMATION_OK"
617,10817120695,10817120723,1,"IOTHUB_CLIENT_CONFIRMATION_OK"
618,10817121028,10817121060,1,"IOTHUB_CLIENT_CONFIRMATION_OK"
619,10817121361,10817121390,1,"IOTHUB_CLIENT_CONFIRMATION_OK"
620,10817121694,10817121725,1,"IOTHUB_CLIENT_CONFIRMATION_OK"
621,10817122027,10817122065,1,"IOTHUB_CLIENT_CONFIRMATION_OK"
622,10817122360,10817122458,1,"IOTHUB_CLIENT_CONFIRMATION_OK"
623,10817122694,10817122724,1,"IOTHUB_CLIENT_CONFIRMATION_OK"
624,10817123027,10817123067,1,"IOTHUB_CLIENT_CONFIRMATION_OK"
625,10817123360,10817123389,1,"IOTHUB_CLIENT_CONFIRMATION_OK"
626,10817123693,10817123723,1,"IOTHUB_CLIENT_CONFIRMATION_OK"
627,10817124026,10817124068,1,"IOTHUB_CLIENT_CONFIRMATION_OK"
628,10817124359,10817124433,1,"IOTHUB_CLIENT_CONFIRMATION_OK"
629,10817124693,10817124733,1,"IOTHUB_CLIENT_CONFIRMATION_OK"
630,10817125026,10817125083,1,"IOTHUB_CLIENT_CONFIRMATION_OK"
631,10817125359,10817125417,1,"IOTHUB_CLIENT_CONFIRMATION_OK"
632,10817125692,10817125751,1,"IOTHUB_CLIENT_CONFIRMATION_OK"
633,10817126025,10817126057,1,"IOTHUB_CLIENT_CONFIRMATION_OK"
634,10817126358,10817126390,1,"IOTHUB_CLIENT_CONFIRMATION_OK"
635,10817126692,10817126726,1,"IOTHUB_CLIENT_CONFIRMATION_OK"
636,10817127025,10817127063,1,"IOTHUB_CLIENT_CONFIRMATION_OK"
637,10817127358,10817127389,1,"IOTHUB_CLIENT_CONFIRMATION_OK"
638,10817127691,10817127730,1,"IOTHUB_CLIENT_CONFIRMATION_OK"
639,10817128024,10817128065,1,"IOTHUB_CLIENT_CONFIRMATION_OK"
640,10817128357,10817128397,1,"IOTHUB_CLIENT_CONFIRMATION_OK"
641,10817128691,10817128740,1,"IOTHUB_CLIENT_CONFIRMATION_OK"
642,10817129024,10817129055,1,"IOTHUB_CLIENT_CONFIRMATION_OK"
643,10817129357,10817129387,1,"IOTHUB_CLIENT_CONFIRMATION_OK"
644,10817129690,10817129721,1,"IOTHUB_CLIENT_CONFIRMATION_OK"
645,10817130023,10817130183,1,"IOTHUB_CLIENT_CONFIRMATION_OK"
646,10817130356,10817130388,1,"IOTHUB_CLIENT_CONFIRMATION_OK"
647,10817130690,10817130814,1,"IOTHUB_CLIENT_CONFIRMATION_OK"
648,10817131023,10817131059,1,"IOTHUB_CLIENT_CONFIRMATION_OK"
649,10817131356,10817131410,1,"IOTHUB_CLIENT_CONFIRMATION_OK"
650,10817131689,10817131726,1,"IOTHUB_CLIENT_CONFIRMATION_OK"
651,10817132022,10817132060,1,"IOTHUB_CLIENT_CONFIRMATION_OK"
652,10817132355,10817132387,1,"IOTHUB_CLIENT_CONFIRMATION_OK"
653,10817132689,10817132744,1,"IOTHUB_CLIENT_CONFIRMATION_OK"
654,10817133022,10817133143,1,"IOTHUB_CLIENT_CONFIRMATION_OK"
655,10817133355,10817133387,1,"IOTHUB_CLIENT_CONFIRMATION_OK"
656,10817133688,10817133758,1,"IOTHUB_CLIENT_CONFIRMATION_OK"
657,10817134021,10817134053,1,"IOTHUB_CLIENT_CONFIRMATION_OK"
658,10817134354,10817134385,1,"IOTHUB_CLIENT_CONFIRMATION_OK"
659,10817134687,10817134724,1,"IOTHUB_CLIENT_CONFIRMATION_OK"
660,10817135021,10817135052,1,"IOTHUB_CLIENT_CONFIRMATION_OK"
661,10817135354,10817135384,1,"IOTHUB_CLIENT_CONFIRMATION_OK"
662,10817135687,10817135718,1,"IOTHUB_CLIENT_CONFIRMATION_OK"
663,10817136020,10817136051,1,"IOTHUB_CLIENT_CONFIRMATION_OK"
664,10817136353,10817136386,1,"IOTHUB_CLIENT_CONFIRMATION_OK"
665,10817136686,10817136719,1,"IOTHUB_CLIENT_CONFIRMATION_OK"
666,10817137020,10817137058,1,"IOTHUB_CLIENT_CONFIRMATION_OK"
667,10817137353,10817137393,1,"IOTHUB_CLIENT_CONFIRMATION_OK"
668,10817137686,10817137719,1,"IOTHUB_CLIENT_CONFIRMATION_OK"
669,10817138019,10817138049,1,"IOTHUB_CLIENT_CONFIRMATION_OK"
670,10817138352,10817138429,1,"IOTHUB_CLIENT_CONFIRMATION_OK"
671,10817138685,10817138728,1,"IOTHUB_CLIENT_CONFIRMATION_OK"
672,10817139019,10817139052,1,"IOTHUB_CLIENT_CONFIRMATION_OK"
673,10817139352,10817139385,1,"IOTHUB_CLIENT_CONFIRMATION_OK"
674,10817139685,10817139740,1,"IOTHUB_CLIENT_CONFIRMATION_OK"
675,10817140018,10817140051,1,"IOTHUB_CLIENT_CONFIRMATION_OK"
676,10817140351,10817140382,1,"IOTHUB_CLIENT_CONFIRMATION_OK"
677,10817140684,10817140718,1,"IOTHUB_CLIENT_CONFIRMATION_OK"
678,10817141018,10817141047,1,"IOTHUB_CLIENT_CONFIRMATION_OK"
679,10817141351,10817141384,1,"IOTHUB_CLIENT_CONFIRMATION_OK"
680,10817141684,10817141722,1,"IOTHUB_CLIENT_CONFIRMATION_OK"
681,10817142017,10817142048,1,"IOTHUB_CLIENT_CONFIRMATION_OK"
682,10817142350,10817142385,1,"IOTHUB_CLIENT_CONFIRMATION_OK"
683,10817142683,10817142718,1,"IOTHUB_CLIENT_CONFIRMATION_OK"
684,10817143016,10817143064,1,"IOTHUB_CLIENT_CONFIRMATION_OK"
685,10817143350,10817143379,1,"IOTHUB_CLIENT_CONFIRMATION_OK"
686,10817143683,10817143799,1,"IOTHUB_CLIENT_CONFIRMATION_OK"
687,10817144016,10817144047,1,"IOTHUB_CLIENT_CONFIRMATION_OK"
688,10817144349,10817144401,1,"IOTHUB_CLIENT_CONFIRMATION_OK"
689,10817144682,10817144715,1,"IOTHUB_CLIENT_CONFIRMATION_OK"
690,10817145015,10817145052,1,"IOTHUB_CLIENT_CONFIRMATION_OK"
691,10817145349,10817145381,1,"IOTHUB_CLIENT_CONFIRMATION_OK"
692,10817145682,10817145759,1,"IOTHUB_CLIENT_CONFIRMATION_OK"
693,10817146015,10817146046,1,"IOTHUB_CLIENT_CONFIRMATION_OK"
694,10817146348,10817146378,1,"IOTHUB_CLIENT_CONFIRMATION_OK"
695,10817146681,10817146862,1,"IOTHUB_CLIENT_CONFIRMATION_OK"
696,10817147014,10817147054,1,"IOTHUB_CLIENT_CONFIRMATION_OK"
697,10817147348,10817147377,1,"IOTHUB_CLIENT_CONFIRMATION_OK"
698,10817147681,10817147713,1,"IOTHUB_CLIENT_CONFIRMATION_OK"
699,10817148014,10817148098,1,"IOTHUB_CLIENT_CONFIRMATION_OK"
700,10817148347,10817148379,1,"IOTHUB_CLIENT_CONFIRMATION_OK"
701,10817148680,10817148721,1,"IOTHUB_CLIENT_CONFIRMATION_OK"
702,10817149013,10817149055,1,"IOTHUB_CLIENT_CONFIRMATION_OK"
703,10817149347,10817149377,1,"IOTHUB_CLIENT_CONFIRMATION_OK"
704,10817149680,10817149724,1,"IOTHUB_CLIENT_CONFIRMATION_OK"
705,10817150013,10817150045,1,"IOTHUB_CLIENT_CONFIRMATION_OK"
706,10817150346,10817150376,1,"IOTHUB_CLIENT_CONFIRMATION_OK"
707,10817150679,10817150714,1,"IOTHUB_CLIENT_CONFIRMATION_OK"
708,10817151012,10817151045,1,"IOTHUB_CLIENT_CONFIRMATION_OK"
709,10817151346,10817151375,1,"IOTHUB_CLIENT_CONFIRMATION_OK"
710,10817151679,10817151712,1,"IOTHUB_CLIENT_CONFIRMATION_OK"
711,10817152012,10817152142,1,"IOTHUB_CLIENT_CONFIRMATION_OK"
712,10817152345,10817152375,1,"IOTHUB_CLIENT_CONFIRMATION_OK"
713,10817152678,10817152773,1,"IOTHUB_CLIENT_CONFIRMATION_OK"
714,10817153011,10817153138,1,"IOTHUB_CLIENT_CONFIRMATION_OK"
715,10817153345,10817153388,1,"IOTHUB_CLIENT_CONFIRMATION_OK"
716,10817153678,10817153709,1,"IOTHUB_CLIENT_CONFIRMATION_OK"
717,10817154011,10817154045,1,"IOTHUB_CLIENT_CONFIRMATION_OK"
718,10817154344,10817154382,1,"IOTHUB_CLIENT_CONFIRMATION_OK"
719,10817154677,10817154712,1,"IOTHUB_CLIENT_CONFIRMATION_OK"
720,10817155010,10817155045,1,"IOTHUB_CLIENT_CONFIRMATION_OK"
721,10817155343,10817155379,1,"IOTHUB_CLIENT_CONFIRMATION_OK"
722,10817155677,10817155710,1,"IOTHUB_CLIENT_CONFIRMATION_OK"
723,10817156010,10817156041,1,"IOTHUB_CLIENT_CONFIRMATION_OK"
724,10817156343,10817156375,1,"IOTHUB_CLIENT_CONFIRMATION_OK"
725,10817156676,10817156710,1,"IOTHUB_CLIENT_CONFIRMATION_OK"
726,10817157009,10817157043,1,"IOTHUB_CLIENT_CONFIRMATION_OK"
727,10817157342,10817157439,1,"IOTHUB_CLIENT_CONFIRMATION_OK"
728,10817157676,10817157706,1,"IOTHUB_CLIENT_CONFIRMATION_OK"
729,10817158009,10817158062,1,"IOTHUB_CLIENT_CONFIRMATION_OK"
730,10817158342,10817158374,1,"IOTHUB_CLIENT_CONFIRMATION_OK"
731,10817158675,10817158733,1,"IOTHUB_CLIENT_CONFIRMATION_OK"
732,10817159008,10817159052,1,"IOTHUB_CLIENT_CONFIRMATION_OK"
733,10817159341,10817159379,1,"IOTHUB_CLIENT_CONFIRMATION_OK"
734,10817159674,10817159712,1,"IOTHUB_CLIENT_CONFIRMATION_OK"
735,10817160008,10817160048,1,"IOTHUB_CLIENT_CONFIRMATION_OK"
736,10817160341,10817160443,1,"IOTHUB_CLIENT_CONFIRMATION_OK"
737,10817160674,10817160742,1,"IOTHUB_CLIENT_CONFIRMATION_OK"
738,10817161007,10817161097,1,"IOTHUB_CLIENT_CONFIRMATION_OK"
739,10817161340,10817161370,1,"IOTHUB_CLIENT_CONFIRMATION_OK"
740,10817161673,10817161707,1,"IOTHUB_CLIENT_CONFIRMATION_OK"
741,10817162007,10817162042,1,"IOTHUB_CLIENT_CONFIRMATION_OK"
742,10817162340,10817162372,1,"IOTHUB_CLIENT_CONFIRMATION_OK"
743,10817162673,10817162774,1,"IOTHUB_CLIENT_CONFIRMATION_OK"
744,10817163006,10817163040,1,"IOTHUB_CLIENT_CONFIRMATION_OK"
745,10817163339,10817163476,1,"IOTHUB_CLIENT_CONFIRMATION_OK"
746,10817163672,10817163701,1,"IOTHUB_CLIENT_CONFIRMATION_OK"
747,10817164005,10817164036,1,"IOTHUB_CLIENT_CONFIRMATION_OK"
748,10817164339,10817164377,1,"IOTHUB_CLIENT_CONFIRMATION_OK"
749,10817164672,10817164702,1,"IOTHUB_CLIENT_CONFIRMATION_OK"
750,10817165005,10817165038,1,"IOTHUB_CLIENT_CONFIRMATION_OK"
751,10817165338,10817165371,1,"IOTHUB_CLIENT_CONFIRMATION_OK"
752,10817165671,10817165706,1,"IOTHUB_CLIENT_CONFIRMATION_OK"
753,10817166004,10817166108,1,"IOTHUB_CLIENT_CONFIRMATION_OK"
754,10817166338,10817166369,1,"IOTHUB_CLIENT_CONFIRMATION_OK"
755,10817166671,10817166713,1,"IOTHUB_CLIENT_CONFIRMATION_OK"
756,10817167004,10817167034,1,"IOTHUB_CLIENT_CONFIRMATION_OK"
757,10817167337,10817167370,1,"IOTHUB_CLIENT_CONFIRMATION_OK"
758,10817167670,10817167703,1,"IOTHUB_CLIENT_CONFIRMATION_OK"
759,10817168003,10817168044,1,"IOTHUB_CLIENT_CONFIRMATION_OK"
760,10817168337,10817168370,1,"IOTHUB_CLIENT_CONFIRMATION_OK"
761,10817168670,10817168751,1,"IOTHUB_CLIENT_CONFIRMATION_OK"
762,10817169003,10817169035,1,"IOTHUB_CLIENT_CONFIRMATION_OK"
763,10817169336,10817169374,1,"IOTHUB_CLIENT_CONFIRMATION_OK"
764,10817169669,10817169700,1,"IOTHUB_CLIENT_CONFIRMATION_OK"
765,10817170002,10817170039,1,"IOTHUB_CLIENT_CONFIRMATION_OK"
766,10817170336,10817170365,1,"IOTHUB_CLIENT_CONFIRMATION_OK"
767,10817170669,10817170700,1,"IOTHUB_CLIENT_CONFIRMATION_OK"
768,10817171002,10817171179,1,"IOTHUB_CLIENT_CONFIRMATION_OK"
769,10817171335,10817171367,1,"IOTHUB_CLIENT_CONFIRMATION_OK"
770,10817171668,10817171795,1,"IOTHUB_CLIENT_CONFIRMATION_OK"
771,10817172001,10817172032,1,"IOTHUB_CLIENT_CONFIRMATION_OK"
772,10817172335,10817172365,1,"IOTHUB_CLIENT_CONFIRMATION_OK"
773,10817172668,10817172701,1,"IOTHUB_CLIENT_CONFIRMATION_OK"
774,10817173001,10817173037,1,"IOTHUB_CLIENT_CONFIRMATION_OK"
775,10817173334,10817173365,1,"IOTHUB_CLIENT_CONFIRMATION_OK"
776,10817173667,10817173704,1,"IOTHUB_CLIENT_CONFIRMATION_OK"
777,10817174000,10817174046,1,"IOTHUB_CLIENT_CONFIRMATION_OK"
778,10817174333,10817174368,1,"IOTHUB_CLIENT_CONFIRMATION_OK"
779,10817174667,10817174701,1,"IOTHUB_CLIENT_CONFIRMATION_OK"
780,10817175000,10817175062,1,"IOTHUB_CLIENT_CONFIRMATION_OK"
781,10817175333,10817175364,1,"IOTHUB_CLIENT_CONFIRMATION_OK"
782,10817175666,10817175705,1,"IOTHUB_CLIENT_CONFIRMATION_OK"
783,10817175999,10817176037,1,"IOTHUB_CLIENT_CONFIRMATION_OK"
784,10817176332,10817176365,1,"IOTHUB_CLIENT_CONFIRMATION_OK"
785,10817176666,10817176696,1,"IOTHUB_CLIENT_CONFIRMATION_OK"
786,10817176999,10817177123,1,"IOTHUB_CLIENT_CONFIRMATION_OK"
787,10817177332,10817177372,1,"IOTHUB_CLIENT_CONFIRMATION_OK"
788,10817177665,10817177858,1,"IOTHUB_CLIENT_CONFIRMATION_OK"
789,10817177998,10817178070,1,"IOTHUB_CLIENT_CONFIRMATION_OK"
790,10817178331,10817178370,1,"IOTHUB_CLIENT_CONFIRMATION_OK"
791,10817178664,10817178699,1,"IOTHUB_CLIENT_CONFIRMATION_OK"
792,10817178998,10817179030,1,"IOTHUB_CLIENT_CONFIRMATION_OK"
793,10817179331,10817179364,1,"IOTHUB_CLIENT_CONFIRMATION_OK"
794,10817179664,10817179694,1,"IOTHUB_CLIENT_CONFIRMATION_OK"
795,10817179997,10817180028,1,"IOTHUB_CLIENT_CONFIRMATION_OK"
796,10817180330,10817180363,1,"IOTHUB_CLIENT_CONFIRMATION_OK"
797,10817180663,10817180698,1,"IOTHUB_CLIENT_CONFIRMATION_OK"
798,10817180997,10817181042,1,"IOTHUB_CLIENT_CONFIRMATION_OK"
799,10817181330,10817181370,1,"IOTHUB_CLIENT_CONFIRMATION_OK"
800,10817181663,10817181696,1,"IOTHUB_CLIENT_CONFIRMATION_OK"
801,10817181996,10817182025,1,"IOTHUB_CLIENT_CONFIRMATION_OK"
802,10817182329,10817182406,1,"IOTHUB_CLIENT_CONFIRMATION_OK"
803,10817182662,10817182695,1,"IOTHUB_CLIENT_CONFIRMATION_OK"
804,10817182995,10817183025,1,"IOTHUB_CLIENT_CONFIRMATION_OK"
805,10817183329,10817183358,1,"IOTHUB_CLIENT_CONFIRMATION_OK"
806,10817183662,10817183691,1,"IOTHUB_CLIENT_CONFIRMATION_OK"
807,10817183995,10817184025,1,"IOTHUB_CLIENT_CONFIRMATION_OK"
808,10817184328,10817184362,1,"IOTHUB_CLIENT_CONFIRMATION_OK"
809,10817184661,10817184696,1,"IOTHUB_CLIENT_CONFIRMATION_OK"
810,10817184994,10817185027,1,"IOTHUB_CLIENT_CONFIRMATION_OK"
811,10817185328,10817185473,1,"IOTHUB_CLIENT_CONFIRMATION_OK"
812,10817185661,10817185696,1,"IOTHUB_CLIENT_CONFIRMATION_OK"
813,10817185994,10817186026,1,"IOTHUB_CLIENT_CONFIRMATION_OK"
814,10817186327,10817186358,1,"IOTHUB_CLIENT_CONFIRMATION_OK"
815,10817186660,10817186704,1,"IOTHUB_CLIENT_CONFIRMATION_OK"
816,10817186993,10817187025,1,"IOTHUB_CLIENT_CONFIRMATION_OK"
817,10817187327,10817187360,1,"IOTHUB_CLIENT_CONFIRMATION_OK"
818,10817187660,10817187698,1,"IOTHUB_CLIENT_CONFIRMATION_OK"
819,10817187993,10817188022,1,"IOTHUB_CLIENT_CONFIRMATION_OK"
820,10817188326,10817188355,1,"IOTHUB_CLIENT_CONFIRMATION_OK"
821,10817188659,10817188690,1,"IOTHUB_CLIENT_CONFIRMATION_OK"
822,10817188992,10817189024,1,"IOTHUB_CLIENT_CONFIRMATION_OK"
823,10817189326,10817189359,1,"IOTHUB_CLIENT_CONFIRMATION_OK"
824,10817189659,10817189691,1,"IOTHUB_CLIENT_CONFIRMATION_OK"
825,10817189992,10817190029,1,"IOTHUB_CLIENT_CONFIRMATION_OK"
826,10817190325,10817190357,1,"IOTHUB_CLIENT_CONFIRMATION_OK"
827,10817190658,10817190759,1,"IOTHUB_CLIENT_CONFIRMATION_OK"
828,10817190991,10817191024,1,"IOTHUB_CLIENT_CONFIRMATION_OK"
829,10817191324,10817191366,1,"IOTHUB_CLIENT_CONFIRMATION_OK"
830,10817191658,10817191690,1,"IOTHUB_CLIENT_CONFIRMATION_OK"
831,10817191991,10817192025,1,"IOTHUB_CLIENT_CONFIRMATION_OK"
832,10817192324,10817192357,1,"IOTHUB_CLIENT_CONFIRMATION_OK"
833,10817192657,10817192690,1,"IOTHUB_CLIENT_CONFIRMATION_OK"
834,10817192990,10817193023,1,"IOTHUB_CLIENT_CONFIRMATION_OK"
835,10817193323,10817193354,1,"IOTHUB_CLIENT_CONFIRMATION_OK"
836,10817193657,10817193805,1,"IOTHUB_CLIENT_CONFIRMATION_OK"
837,10817193990,10817194023,1,"IOTHUB_CLIENT_CONFIRMATION_OK"
838,10817194323,10817194353,1,"IOTHUB_CLIENT_CONFIRMATION_OK"
839,10817194656,10817194687,1,"IOTHUB_CLIENT_CONFIRMATION_OK"
840,10817194989,10817195025,1,"IOTHUB_CLIENT_CONFIRMATION_OK"
841,10817195322,10817195354,1,"IOTHUB_CLIENT_CONFIRMATION_OK"
842,10817195656,10817195688,1,"IOTHUB_CLIENT_CONFIRMATION_OK"
843,10817195989,10817196049,1,"IOTHUB_CLIENT_CONFIRMATION_OK"
844,10817196322,10817196356,1,"IOTHUB_CLIENT_CONFIRMATION_OK"
845,10817196655,10817196683,1,"IOTHUB_CLIENT_CONFIRMATION_OK"
846,10817196988,10817197051,1,"IOTHUB_CLIENT_CONFIRMATION_OK"
847,10817197321,10817197364,1,"IOTHUB_CLIENT_CONFIRMATION_OK"
848,10817197654,10817197684,1,"IOTHUB_CLIENT_CONFIRMATION_OK"
849,10817197988,10817198019,1,"IOTHUB_CLIENT_CONFIRMATION_OK"
850,10817198321,10817198354,1,"IOTHUB_CLIENT_CONFIRMATION_OK"
851,10817198654,10817198795,1,"IOTHUB_CLIENT_CONFIRMATION_OK"
852,10817198987,10817199016,1,"IOTHUB_CLIENT_CONFIRMATION_OK"
853,10817199320,10817199357,1,"IOTHUB_CLIENT_CONFIRMATION_OK"
854,10817199653,10817199694,1,"IOTHUB_CLIENT_CONFIRMATION_OK"
855,10817199987,10817200048,1,"IOTHUB_CLIENT_CONFIRMATION_OK"
856,10817200320,10817200349,1,"IOTHUB_CLIENT_CONFIRMATION_OK"
857,10817200653,10817200688,1,"IOTHUB_CLIENT_CONFIRMATION_OK"
858,10817200986,10817201020,1,"IOTHUB_CLIENT_CONFIRMATION_OK"
859,10817201319,10817201545,1,"IOTHUB_CLIENT_CONFIRMATION_OK"
860,10817201652,10817201686,1,"IOTHUB_CLIENT_CONFIRMATION_OK"
861,10817201986,10817202018,1,"IOTHUB_CLIENT_CONFIRMATION_OK"
862,10817202319,10817202349,1,"IOTHUB_CLIENT_CONFIRMATION_OK"
863,10817202652,10817202684,1,"IOTHUB_CLIENT_CONFIRMATION_OK"
864,10817202985,10817203016,1,"IOTHUB_CLIENT_CONFIRMATION_OK"
865,10817203318,10817203351,1,"IOTHUB_CLIENT_CONFIRMATION_OK"
866,10817203651,10817203689,1,"IOTHUB_CLIENT_CONFIRMATION_OK"
867,10817203984,10817204022,1,"IOTHUB_CLIENT_CONFIRMATION_OK"
868,10817204318,10817204402,1,"IOTHUB_CLIENT_CONFIRMATION_OK"
869,10817204651,10817204695,1,"IOTHUB_CLIENT_CONFIRMATION_OK"
870,10817204984,10817205031,1,"IOTHUB_CLIENT_CONFIRMATION_OK"
871,10817205317,10817205346,1,"IOTHUB_CLIENT_CONFIRMATION_OK"
872,10817205650,10817205678,1,"IOTHUB_CLIENT_CONFIRMATION_OK"
873,10817205983,10817206018,1,"IOTHUB_CLIENT_CONFIRMATION_OK"
874,10817206316,10817206346,1,"IOTHUB_CLIENT_CONFIRMATION_OK"
875,10817206650,10817206691,1,"IOTHUB_CLIENT_CONFIRMATION_OK"
876,10817206983,10817207017,1,"IOTHUB_CLIENT_CONFIRMATION_OK"
877,10817207316,10817207449,1,"IOTHUB_CLIENT_CONFIRMATION_OK"
878,10817207649,10817207684,1,"IOTHUB_CLIENT_CONFIRMATION_OK"
879,10817207982,10817208104,1,"IOTHUB_CLIENT_CONFIRMATION_OK"
880,10817208315,10817208344,1,"IOTHUB_CLIENT_CONFIRMATION_OK"
881,10817208649,10817208687,1,"IOTHUB_CLIENT_CONFIRMATION_OK"
882,10817208982,10817209019,1,"IOTHUB_CLIENT_CONFIRMATION_OK"
883,10817209315,10817209356,1,"IOTHUB_CLIENT_CONFIRMATION_OK"
884,10817209648,10817209683,1,"IOTHUB_CLIENT_CONFIRMATION_OK"
885,10817209981,10817210059,1,"IOTHUB_CLIENT_CONFIRMATION_OK"
886,10817210314,10817210347,1,"IOTHUB_CLIENT_CONFIRMATION_OK"
887,10817210648,10817210683,1,"IOTHUB_CLIENT_CONFIRMATION_OK"
888,10817210981,10817211011,1,"IOTHUB_CLIENT_CONFIRMATION_OK"
889,10817211314,10817211351,1,"IOTHUB_CLIENT_CONFIRMATION_OK"
890,10817211647,10817211683,1,"IOTHUB_CLIENT_CONFIRMATION_OK"
891,10817211980,10817212020,1,"IOTHUB_CLIENT_CONFIRMATION_OK"
892,10817212313,10817212345,1,"IOTHUB_CLIENT_CONFIRMATION_OK"
893,10817212647,10817212746,1,"IOTHUB_CLIENT_CONFIRMATION_OK"
894,10817212980,10817213012,1,"IOTHUB_CLIENT_CONFIRMATION_OK"
895,10817213313,10817213361,1,"IOTHUB_CLIENT_CONFIRMATION_OK"
896,10817213646,10817213696,1,"IOTHUB_CLIENT_CONFIRMATION_OK"
897,10817213979,10817214017,1,"IOTHUB_CLIENT_CONFIRMATION_OK"
898,10817214312,10817214346,1,"IOTHUB_CLIENT_CONFIRMATION_OK"
899,10817214645,10817214679,1,"IOTHUB_CLIENT_CONFIRMATION_OK"
