Message ID,Send Time,Receive Time,Status,Error
0,10324438792,10324438967,1,"IOTHUB_CLIENT_CONFIRMATION_OK"
1,10324438992,10324439025,1,"IOTHUB_CLIENT_CONFIRMATION_OK"
2,10324439192,10324439227,1,"IOTHUB_CLIENT_CONFIRMATION_OK"
3,10324439392,10324439423,1,"IOTHUB_CLIENT_CONFIRMATION_OK"
4,10324439593,10324439666,1,"IOTHUB_CLIENT_CONFIRMATION_OK"
5,10324439793,10324439832,1,"IOTHUB_CLIENT_CONFIRMATION_OK"
6,10324439993,10324440027,1,"IOTHUB_CLIENT_CONFIRMATION_OK"
7,10324440193,10324440225,1,"IOTHUB_CLIENT_CONFIRMATION_OK"
8,10324440393,10324440426,1,"IOTHUB_CLIENT_CONFIRMATION_OK"
9,10324440593,10324440623,1,"IOTHUB_CLIENT_CONFIRMATION_OK"
10,10324440793,10324440826,1,"IOTHUB_CLIENT_CONFIRMATION_OK"
11,10324440994,10324441046,1,"IOTHUB_CLIENT_CONFIRMATION_OK"
12,10324441194,10324441224,1,"IOTHUB_CLIENT_CONFIRMATION_OK"
13,10324441394,10324441424,1,"IOTHUB_CLIENT_CONFIRMATION_OK"
14,10324441594,10324441625,1,"IOTHUB_CLIENT_CONFIRMATION_OK"
15,10324441794,10324441824,1,"IOTHUB_CLIENT_CONFIRMATION_OK"
16,10324441995,10324442024,1,"IOTHUB_CLIENT_CONFIRMATION_OK"
17,10324442195,10324442237,1,"IOTHUB_CLIENT_CONFIRMATION_OK"
18,10324442395,10324442427,1,"IOTHUB_CLIENT_CONFIRMATION_OK"
19,10324442595,10324442626,1,"IOTHUB_CLIENT_CONFIRMATION_OK"
20,10324442795,10324442826,1,"IOTHUB_CLIENT_CONFIRMATION_OK"
21,10324442995,10324443030,1,"IOTHUB_CLIENT_CONFIRMATION_OK"
22,10324443195,10324443231,1,"IOTHUB_CLIENT_CONFIRMATION_OK"
23,10324443396,10324443436,1,"IOTHUB_CLIENT_CONFIRMATION_OK"
24,10324443596,10324443635,1,"IOTHUB_CLIENT_CONFIRMATION_OK"
25,10324443796,10324443979,1,"IOTHUB_CLIENT_CONFIRMATION_OK"
26,10324443996,10324444031,1,"IOTHUB_CLIENT_CONFIRMATION_OK"
27,10324444196,10324444227,1,"IOTHUB_CLIENT_CONFIRMATION_OK"
28,10324444396,10324444583,1,"IOTHUB_CLIENT_CONFIRMATION_OK"
29,10324444596,10324444626,1,"IOTHUB_CLIENT_CONFIRMATION_OK"
30,10324444797,10324444829,1,"IOTHUB_CLIENT_CONFIRMATION_OK"
31,10324444997,10324445155,1,"IOTHUB_CLIENT_CONFIRMATION_OK"
32,10324445197,10324445231,1,"IOTHUB_CLIENT_CONFIRMATION_OK"
33,10324445397,10324445432,1,"IOTHUB_CLIENT_CONFIRMATION_OK"
34,10324445597,10324445645,1,"IOTHUB_CLIENT_CONFIRMATION_OK"
35,10324445797,10324445834,1,"IOTHUB_CLIENT_CONFIRMATION_OK"
36,10324445998,10324446029,1,"IOTHUB_CLIENT_CONFIRMATION_OK"
37,10324446198,10324446241,1,"IOTHUB_CLIENT_CONFIRMATION_OK"
38,10324446398,10324446429,1,"IOTHUB_CLIENT_CONFIRMATION_OK"
39,10324446598,10324446635,1,"IOTHUB_CLIENT_CONFIRMATION_OK"
40,10324446798,10324446827,1,"IOTHUB_CLIENT_CONFIRMATION_OK"
41,10324446998,10324447034,1,"IOTHUB_CLIENT_CONFIRMATION_OK"
42,10324447199,10324447229,1,"IOTHUB_CLIENT_CONFIRMATION_OK"
43,10324447399,10324447431,1,"IOTHUB_CLIENT_CONFIRMATION_OK"
44,10324447599,10324447634,1,"IOTHUB_CLIENT_CONFIRMATION_OK"
45,10324447799,10324447836,1,"IOTHUB_CLIENT_CONFIRMATION_OK"
46,10324447999,10324448030,1,"IOTHUB_CLIENT_CONFIRMATION_OK"
47,10324448199,10324448242,1,"IOTHUB_CLIENT_CONFIRMATION_OK"
48,10324448399,10324448612,1,"IOTHUB_CLIENT_CONFIRMATION_OK"
49,10324448600,10324448790,1,"IOTHUB_CLIENT_CONFIRMATION_OK"
50,10324448800,10324448837,1,"IOTHUB_CLIENT_CONFIRMATION_OK"
51,10324449000,10324449029,1,"IOTHUB_CLIENT_CONFIRMATION_OK"
52,10324449200,10324449244,1,"IOTHUB_CLIENT_CONFIRMATION_OK"
53,10324449400,10324449432,1,"IOTHUB_CLIENT_CONFIRMATION_OK"
54,10324449600,10324449646,1,"IOTHUB_CLIENT_CONFIRMATION_OK"
55,10324449801,10324449834,1,"IOTHUB_CLIENT_CONFIRMATION_OK"
56,10324450001,10324450047,1,"IOTHUB_CLIENT_CONFIRMATION_OK"
57,10324450201,10324450236,1,"IOTHUB_CLIENT_CONFIRMATION_OK"
58,10324450401,10324450435,1,"IOTHUB_CLIENT_CONFIRMATION_OK"
59,10324450601,10324450633,1,"IOTHUB_CLIENT_CONFIRMATION_OK"
60,10324450801,10324450836,1,"IOTHUB_CLIENT_CONFIRMATION_OK"
61,10324451001,10324451030,1,"IOTHUB_CLIENT_CONFIRMATION_OK"
62,10324451202,10324451233,1,"IOTHUB_CLIENT_CONFIRMATION_OK"
63,10324451402,10324451455,1,"IOTHUB_CLIENT_CONFIRMATION_OK"
64,10324451602,10324451634,1,"IOTHUB_CLIENT_CONFIRMATION_OK"
65,10324451802,10324451855,1,"IOTHUB_CLIENT_CONFIRMATION_OK"
66,10324452002,10324452099,1,"IOTHUB_CLIENT_CONFIRMATION_OK"
67,10324452202,10324452235,1,"IOTHUB_CLIENT_CONFIRMATION_OK"
68,10324452402,10324452437,1,"IOTHUB_CLIENT_CONFIRMATION_OK"
69,10324452603,10324452682,1,"IOTHUB_CLIENT_CONFIRMATION_OK"
70,10324452803,10324452833,1,"IOTHUB_CLIENT_CONFIRMATION_OK"
71,10324453003,10324453034,1,"IOTHUB_CLIENT_CONFIRMATION_OK"
72,10324453203,10324453238,1,"IOTHUB_CLIENT_CONFIRMATION_OK"
73,10324453403,10324453432,1,"IOTHUB_CLIENT_CONFIRMATION_OK"
74,10324453604,10324453704,1,"IOTHUB_CLIENT_CONFIRMATION_OK"
75,10324453804,10324453845,1,"IOTHUB_CLIENT_CONFIRMATION_OK"
76,10324454004,10324454036,1,"IOTHUB_CLIENT_CONFIRMATION_OK"
77,10324454204,10324454359,1,"IOTHUB_CLIENT_CONFIRMATION_OK"
78,10324454405,10324454436,1,"IOTHUB_CLIENT_CONFIRMATION_OK"
79,10324454605,10324454638,1,"IOTHUB_CLIENT_CONFIRMATION_OK"
80,10324454805,10324454921,1,"IOTHUB_CLIENT_CONFIRMATION_OK"
81,10324455005,10324455036,1,"IOTHUB_CLIENT_CONFIRMATION_OK"
82,10324455205,10324455238,1,"IOTHUB_CLIENT_CONFIRMATION_OK"
83,10324455406,10324455529,1,"IOTHUB_CLIENT_CONFIRMATION_OK"
84,10324455606,10324455641,1,"IOTHUB_CLIENT_CONFIRMATION_OK"
85,10324455806,10324455838,1,"IOTHUB_CLIENT_CONFIRMATION_OK"
86,10324456006,10324456166,1,"IOTHUB_CLIENT_CONFIRMATION_OK"
87,10324456206,10324456242,1,"IOTHUB_CLIENT_CONFIRMATION_OK"
88,10324456407,10324456436,1,"IOTHUB_CLIENT_CONFIRMATION_OK"
89,10324456607,10324456640,1,"IOTHUB_CLIENT_CONFIRMATION_OK"
90,10324456807,10324456840,1,"IOTHUB_CLIENT_CONFIRMATION_OK"
91,10324457007,10324457040,1,"IOTHUB_CLIENT_CONFIRMATION_OK"
92,10324457207,10324457237,1,"IOTHUB_CLIENT_CONFIRMATION_OK"
93,10324457407,10324457437,1,"IOTHUB_CLIENT_CONFIRMATION_OK"
94,10324457608,10324457646,1,"IOTHUB_CLIENT_CONFIRMATION_OK"
95,10324457808,10324457848,1,"IOTHUB_CLIENT_CONFIRMATION_OK"
96,10324458008,10324458042,1,"IOTHUB_CLIENT_CONFIRMATION_OK"
97,10324458208,10324458242,1,"IOTHUB_CLIENT_CONFIRMATION_OK"
98,10324458408,10324458442,1,"IOTHUB_CLIENT_CONFIRMATION_OK"
99,10324458608,10324458637,1,"IOTHUB_CLIENT_CONFIRMATION_OK"
100,10324458808,10324458851,1,"IOTHUB_CLIENT_CONFIRMATION_OK"
101,10324459009,10324459041,1,"IOTHUB_CLIENT_CONFIRMATION_OK"
102,10324459209,10324459264,1,"IOTHUB_CLIENT_CONFIRMATION_OK"
103,10324459409,10324459443,1,"IOTHUB_CLIENT_CONFIRMATION_OK"
104,10324459609,10324459648,1,"IOTHUB_CLIENT_CONFIRMATION_OK"
105,10324459809,10324459888,1,"IOTHUB_CLIENT_CONFIRMATION_OK"
106,10324460010,10324460051,1,"IOTHUB_CLIENT_CONFIRMATION_OK"
107,10324460210,10324460244,1,"IOTHUB_CLIENT_CONFIRMATION_OK"
108,10324460410,10324460442,1,"IOTHUB_CLIENT_CONFIRMATION_OK"
109,10324460610,10324460671,1,"IOTHUB_CLIENT_CONFIRMATION_OK"
110,10324460810,10324460854,1,"IOTHUB_CLIENT_CONFIRMATION_OK"
111,10324461010,10324461044,1,"IOTHUB_CLIENT_CONFIRMATION_OK"
112,10324461210,10324461255,1,"IOTHUB_CLIENT_CONFIRMATION_OK"
113,10324461411,10324461442,1,"IOTHUB_CLIENT_CONFIRMATION_OK"
114,10324461611,10324461642,1,"IOTHUB_CLIENT_CONFIRMATION_OK"
115,10324461811,10324461880,1,"IOTHUB_CLIENT_CONFIRMATION_OK"
116,10324462011,10324462089,1,"IOTHUB_CLIENT_CONFIRMATION_OK"
117,10324462211,10324462243,1,"IOTHUB_CLIENT_CONFIRMATION_OK"
118,10324462411,10324462445,1,"IOTHUB_CLIENT_CONFIRMATION_OK"
119,10324462612,10324462652,1,"IOTHUB_CLIENT_CONFIRMATION_OK"
120,10324462812,10324462845,1,"IOTHUB_CLIENT_CONFIRMATION_OK"
121,10324463012,10324463044,1,"IOTHUB_CLIENT_CONFIRMATION_OK"
122,10324463212,10324463279,1,"IOTHUB_CLIENT_CONFIRMATION_OK"
123,10324463412,10324463511,1,"IOTHUB_CLIENT_CONFIRMATION_OK"
124,10324463612,10324463645,1,"IOTHUB_CLIENT_CONFIRMATION_OK"
125,10324463812,10324463847,1,"IOTHUB_CLIENT_CONFIRMATION_OK"
126,10324464013,10324464122,1,"IOTHUB_CLIENT_CONFIRMATION_OK"
127,10324464213,10324464245,1,"IOTHUB_CLIENT_CONFIRMATION_OK"
128,10324464413,10324464446,1,"IOTHUB_CLIENT_CONFIRMATION_OK"
129,10324464613,10324464727,1,"IOTHUB_CLIENT_CONFIRMATION_OK"
130,10324464813,10324464845,1,"IOTHUB_CLIENT_CONFIRMATION_OK"
131,10324465013,10324465061,1,"IOTHUB_CLIENT_CONFIRMATION_OK"
132,10324465214,10324465344,1,"IOTHUB_CLIENT_CONFIRMATION_OK"
133,10324465414,10324465447,1,"IOTHUB_CLIENT_CONFIRMATION_OK"
134,10324465614,10324465655,1,"IOTHUB_CLIENT_CONFIRMATION_OK"
135,10324465814,10324465960,1,"IOTHUB_CLIENT_CONFIRMATION_OK"
136,10324466014,10324466050,1,"IOTHUB_CLIENT_CONFIRMATION_OK"
137,10324466214,10324466290,1,"IOTHUB_CLIENT_CONFIRMATION_OK"
138,10324466414,10324466448,1,"IOTHUB_CLIENT_CONFIRMATION_OK"
139,10324466615,10324466647,1,"IOTHUB_CLIENT_CONFIRMATION_OK"
140,10324466815,10324466847,1,"IOTHUB_CLIENT_CONFIRMATION_OK"
141,10324467015,10324467045,1,"IOTHUB_CLIENT_CONFIRMATION_OK"
142,10324467215,10324467247,1,"IOTHUB_CLIENT_CONFIRMATION_OK"
143,10324467415,10324467497,1,"IOTHUB_CLIENT_CONFIRMATION_OK"
144,10324467615,10324467652,1,"IOTHUB_CLIENT_CONFIRMATION_OK"
145,10324467816,10324467849,1,"IOTHUB_CLIENT_CONFIRMATION_OK"
146,10324468016,10324468050,1,"IOTHUB_CLIENT_CONFIRMATION_OK"
147,10324468216,10324468248,1,"IOTHUB_CLIENT_CONFIRMATION_OK"
148,10324468416,10324468450,1,"IOTHUB_CLIENT_CONFIRMATION_OK"
149,10324468616,10324468671,1,"IOTHUB_CLIENT_CONFIRMATION_OK"
150,10324468816,10324468864,1,"IOTHUB_CLIENT_CONFIRMATION_OK"
151,10324469016,10324469051,1,"IOTHUB_CLIENT_CONFIRMATION_OK"
152,10324469217,10324469277,1,"IOTHUB_CLIENT_CONFIRMATION_OK"
153,10324469417,10324469449,1,"IOTHUB_CLIENT_CONFIRMATION_OK"
154,10324469617,10324469693,1,"IOTHUB_CLIENT_CONFIRMATION_OK"
155,10324469817,10324469850,1,"IOTHUB_CLIENT_CONFIRMATION_OK"
156,10324470017,10324470050,1,"IOTHUB_CLIENT_CONFIRMATION_OK"
157,10324470217,10324470249,1,"IOTHUB_CLIENT_CONFIRMATION_OK"
158,10324470418,10324470453,1,"IOTHUB_CLIENT_CONFIRMATION_OK"
159,10324470618,10324470648,1,"IOTHUB_CLIENT_CONFIRMATION_OK"
160,10324470818,10324470852,1,"IOTHUB_CLIENT_CONFIRMATION_OK"
161,10324471018,10324471077,1,"IOTHUB_CLIENT_CONFIRMATION_OK"
162,10324471218,10324471258,1,"IOTHUB_CLIENT_CONFIRMATION_OK"
163,10324471418,10324471449,1,"IOTHUB_CLIENT_CONFIRMATION_OK"
164,10324471619,10324471687,1,"IOTHUB_CLIENT_CONFIRMATION_OK"
165,10324471819,10324471850,1,"IOTHUB_CLIENT_CONFIRMATION_OK"
166,10324472019,10324472259,1,"IOTHUB_CLIENT_CONFIRMATION_OK"
167,10324472219,10324472295,1,"IOTHUB_CLIENT_CONFIRMATION_OK"
168,10324472419,10324472482,1,"IOTHUB_CLIENT_CONFIRMATION_OK"
169,10324472619,10324472651,1,"IOTHUB_CLIENT_CONFIRMATION_OK"
170,10324472819,10324472929,1,"IOTHUB_CLIENT_CONFIRMATION_OK"
171,10324473020,10324473052,1,"IOTHUB_CLIENT_CONFIRMATION_OK"
172,10324473220,10324473274,1,"IOTHUB_CLIENT_CONFIRMATION_OK"
173,10324473420,10324473451,1,"IOTHUB_CLIENT_CONFIRMATION_OK"
174,10324473620,10324473657,1,"IOTHUB_CLIENT_CONFIRMATION_OK"
175,10324473820,10324473910,1,"IOTHUB_CLIENT_CONFIRMATION_OK"
176,10324474020,10324474081,1,"IOTHUB_CLIENT_CONFIRMATION_OK"
177,10324474220,10324474252,1,"IOTHUB_CLIENT_CONFIRMATION_OK"
178,10324474421,10324474538,1,"IOTHUB_CLIENT_CONFIRMATION_OK"
179,10324474621,10324474771,1,"IOTHUB_CLIENT_CONFIRMATION_OK"
180,10324474821,10324474868,1,"IOTHUB_CLIENT_CONFIRMATION_OK"
181,10324475021,10324475062,1,"IOTHUB_CLIENT_CONFIRMATION_OK"
182,10324475221,10324475312,1,"IOTHUB_CLIENT_CONFIRMATION_OK"
183,10324475421,10324475505,1,"IOTHUB_CLIENT_CONFIRMATION_OK"
184,10324475621,10324475652,1,"IOTHUB_CLIENT_CONFIRMATION_OK"
185,10324475822,10324475889,1,"IOTHUB_CLIENT_CONFIRMATION_OK"
186,10324476022,10324476055,1,"IOTHUB_CLIENT_CONFIRMATION_OK"
187,10324476222,10324476287,1,"IOTHUB_CLIENT_CONFIRMATION_OK"
188,10324476422,10324476453,1,"IOTHUB_CLIENT_CONFIRMATION_OK"
189,10324476622,10324476654,1,"IOTHUB_CLIENT_CONFIRMATION_OK"
190,10324476822,10324476890,1,"IOTHUB_CLIENT_CONFIRMATION_OK"
191,10324477023,10324477055,1,"IOTHUB_CLIENT_CONFIRMATION_OK"
192,10324477223,10324477252,1,"IOTHUB_CLIENT_CONFIRMATION_OK"
193,10324477423,10324477465,1,"IOTHUB_CLIENT_CONFIRMATION_OK"
194,10324477623,10324477668,1,"IOTHUB_CLIENT_CONFIRMATION_OK"
195,10324477823,10324477859,1,"IOTHUB_CLIENT_CONFIRMATION_OK"
196,10324478023,10324478095,1,"IOTHUB_CLIENT_CONFIRMATION_OK"
197,10324478224,10324478255,1,"IOTHUB_CLIENT_CONFIRMATION_OK"
198,10324478424,10324478494,1,"IOTHUB_CLIENT_CONFIRMATION_OK"
199,10324478624,10324478653,1,"IOTHUB_CLIENT_CONFIRMATION_OK"
200,10324478824,10324478877,1,"IOTHUB_CLIENT_CONFIRMATION_OK"
201,10324479024,10324479086,1,"IOTHUB_CLIENT_CONFIRMATION_OK"
202,10324479224,10324479259,1,"IOTHUB_CLIENT_CONFIRMATION_OK"
203,10324479424,10324479504,1,"IOTHUB_CLIENT_CONFIRMATION_OK"
204,10324479625,10324479710,1,"IOTHUB_CLIENT_CONFIRMATION_OK"
205,10324479825,10324479858,1,"IOTHUB_CLIENT_CONFIRMATION_OK"
206,10324480025,10324480058,1,"IOTHUB_CLIENT_CONFIRMATION_OK"
207,10324480225,10324480329,1,"IOTHUB_CLIENT_CONFIRMATION_OK"
208,10324480426,10324480456,1,"IOTHUB_CLIENT_CONFIRMATION_OK"
209,10324480626,10324480677,1,"IOTHUB_CLIENT_CONFIRMATION_OK"
210,10324480826,10324480970,1,"IOTHUB_CLIENT_CONFIRMATION_OK"
211,10324481026,10324481057,1,"IOTHUB_CLIENT_CONFIRMATION_OK"
212,10324481226,10324481255,1,"IOTHUB_CLIENT_CONFIRMATION_OK"
213,10324481426,10324481557,1,"IOTHUB_CLIENT_CONFIRMATION_OK"
214,10324481626,10324481673,1,"IOTHUB_CLIENT_CONFIRMATION_OK"
215,10324481827,10324481859,1,"IOTHUB_CLIENT_CONFIRMATION_OK"
216,10324482027,10324482068,1,"IOTHUB_CLIENT_CONFIRMATION_OK"
217,10324482227,10324482258,1,"IOTHUB_CLIENT_CONFIRMATION_OK"
218,10324482427,10324482457,1,"IOTHUB_CLIENT_CONFIRMATION_OK"
219,10324482627,10324482659,1,"IOTHUB_CLIENT_CONFIRMATION_OK"
220,10324482827,10324482869,1,"IOTHUB_CLIENT_CONFIRMATION_OK"
221,10324483028,10324483086,1,"IOTHUB_CLIENT_CONFIRMATION_OK"
222,10324483228,10324483257,1,"IOTHUB_CLIENT_CONFIRMATION_OK"
223,10324483428,10324483465,1,"IOTHUB_CLIENT_CONFIRMATION_OK"
224,10324483628,10324483788,1,"IOTHUB_CLIENT_CONFIRMATION_OK"
225,10324483828,10324483860,1,"IOTHUB_CLIENT_CONFIRMATION_OK"
226,10324484028,10324484064,1,"IOTHUB_CLIENT_CONFIRMATION_OK"
227,10324484228,10324484409,1,"IOTHUB_CLIENT_CONFIRMATION_OK"
228,10324484429,10324484532,1,"IOTHUB_CLIENT_CONFIRMATION_OK"
229,10324484629,10324484661,1,"IOTHUB_CLIENT_CONFIRMATION_OK"
230,10324484829,10324484867,1,"IOTHUB_CLIENT_CONFIRMATION_OK"
231,10324485029,10324485073,1,"IOTHUB_CLIENT_CONFIRMATION_OK"
232,10324485229,10324485292,1,"IOTHUB_CLIENT_CONFIRMATION_OK"
233,10324485429,10324485460,1,"IOTHUB_CLIENT_CONFIRMATION_OK"
234,10324485629,10324485664,1,"IOTHUB_CLIENT_CONFIRMATION_OK"
235,10324485830,10324485859,1,"IOTHUB_CLIENT_CONFIRMATION_OK"
236,10324486030,10324486063,1,"IOTHUB_CLIENT_CONFIRMATION_OK"
237,10324486230,10324486262,1,"IOTHUB_CLIENT_CONFIRMATION_OK"
238,10324486430,10324486478,1,"IOTHUB_CLIENT_CONFIRMATION_OK"
239,10324486630,10324486672,1,"IOTHUB_CLIENT_CONFIRMATION_OK"
240,10324486830,10324486865,1,"IOTHUB_CLIENT_CONFIRMATION_OK"
241,10324487031,10324487065,1,"IOTHUB_CLIENT_CONFIRMATION_OK"
242,10324487231,10324487326,1,"IOTHUB_CLIENT_CONFIRMATION_OK"
243,10324487431,10324487480,1,"IOTHUB_CLIENT_CONFIRMATION_OK"
244,10324487631,10324487675,1,"IOTHUB_CLIENT_CONFIRMATION_OK"
245,10324487831,10324487878,1,"IOTHUB_CLIENT_CONFIRMATION_OK"
246,10324488031,10324488062,1,"IOTHUB_CLIENT_CONFIRMATION_OK"
247,10324488231,10324488274,1,"IOTHUB_CLIENT_CONFIRMATION_OK"
248,10324488432,10324488468,1,"IOTHUB_CLIENT_CONFIRMATION_OK"
249,10324488632,10324488663,1,"IOTHUB_CLIENT_CONFIRMATION_OK"
250,10324488832,10324488886,1,"IOTHUB_CLIENT_CONFIRMATION_OK"
251,10324489032,10324489062,1,"IOTHUB_CLIENT_CONFIRMATION_OK"
252,10324489232,10324489279,1,"IOTHUB_CLIENT_CONFIRMATION_OK"
253,10324489433,10324489485,1,"IOTHUB_CLIENT_CONFIRMATION_OK"
254,10324489633,10324489726,1,"IOTHUB_CLIENT_CONFIRMATION_OK"
255,10324489833,10324489865,1,"IOTHUB_CLIENT_CONFIRMATION_OK"
256,10324490033,10324490088,1,"IOTHUB_CLIENT_CONFIRMATION_OK"
257,10324490233,10324490265,1,"IOTHUB_CLIENT_CONFIRMATION_OK"
258,10324490434,10324490469,1,"IOTHUB_CLIENT_CONFIRMATION_OK"
259,10324490634,10324490734,1,"IOTHUB_CLIENT_CONFIRMATION_OK"
260,10324490834,10324490878,1,"IOTHUB_CLIENT_CONFIRMATION_OK"
261,10324491034,10324491068,1,"IOTHUB_CLIENT_CONFIRMATION_OK"
262,10324491234,10324491320,1,"IOTHUB_CLIENT_CONFIRMATION_OK"
263,10324491434,10324491466,1,"IOTHUB_CLIENT_CONFIRMATION_OK"
264,10324491635,10324491665,1,"IOTHUB_CLIENT_CONFIRMATION_OK"
265,10324491835,10324491962,1,"IOTHUB_CLIENT_CONFIRMATION_OK"
266,10324492035,10324492099,1,"IOTHUB_CLIENT_CONFIRMATION_OK"
267,10324492235,10324492271,1,"IOTHUB_CLIENT_CONFIRMATION_OK"
268,10324492435,10324492469,1,"IOTHUB_CLIENT_CONFIRMATION_OK"
269,10324492635,10324492846,1,"IOTHUB_CLIENT_CONFIRMATION_OK"
270,10324492835,10324492923,1,"IOTHUB_CLIENT_CONFIRMATION_OK"
271,10324493036,10324493067,1,"IOTHUB_CLIENT_CONFIRMATION_OK"
272,10324493236,10324493276,1,"IOTHUB_CLIENT_CONFIRMATION_OK"
273,10324493436,10324493541,1,"IOTHUB_CLIENT_CONFIRMATION_OK"
274,10324493636,10324493668,1,"IOTHUB_CLIENT_CONFIRMATION_OK"
275,10324493836,10324493867,1,"IOTHUB_CLIENT_CONFIRMATION_OK"
276,10324494036,10324494177,1,"IOTHUB_CLIENT_CONFIRMATION_OK"
277,10324494237,10324494295,1,"IOTHUB_CLIENT_CONFIRMATION_OK"
278,10324494437,10324494470,1,"IOTHUB_CLIENT_CONFIRMATION_OK"
279,10324494637,10324494775,1,"IOTHUB_CLIENT_CONFIRMATION_OK"
280,10324494837,10324494890,1,"IOTHUB_CLIENT_CONFIRMATION_OK"
281,10324495037,10324495087,1,"IOTHUB_CLIENT_CONFIRMATION_OK"
282,10324495237,10324495269,1,"IOTHUB_CLIENT_CONFIRMATION_OK"
283,10324495437,10324495471,1,"IOTHUB_CLIENT_CONFIRMATION_OK"
284,10324495638,10324495670,1,"IOTHUB_CLIENT_CONFIRMATION_OK"
285,10324495838,10324495872,1,"IOTHUB_CLIENT_CONFIRMATION_OK"
286,10324496038,10324496072,1,"IOTHUB_CLIENT_CONFIRMATION_OK"
287,10324496238,10324496290,1,"IOTHUB_CLIENT_CONFIRMATION_OK"
288,10324496438,10324496470,1,"IOTHUB_CLIENT_CONFIRMATION_OK"
289,10324496638,10324496670,1,"IOTHUB_CLIENT_CONFIRMATION_OK"
290,10324496838,10324496898,1,"IOTHUB_CLIENT_CONFIRMATION_OK"
291,10324497039,10324497076,1,"IOTHUB_CLIENT_CONFIRMATION_OK"
292,10324497239,10324497271,1,"IOTHUB_CLIENT_CONFIRMATION_OK"
293,10324497439,10324497500,1,"IOTHUB_CLIENT_CONFIRMATION_OK"
294,10324497639,10324497682,1,"IOTHUB_CLIENT_CONFIRMATION_OK"
295,10324497839,10324497871,1,"IOTHUB_CLIENT_CONFIRMATION_OK"
296,10324498039,10324498073,1,"IOTHUB_CLIENT_CONFIRMATION_OK"
297,10324498240,10324498287,1,"IOTHUB_CLIENT_CONFIRMATION_OK"
298,10324498440,10324498576,1,"IOTHUB_CLIENT_CONFIRMATION_OK"
299,10324498640,10324498740,1,"IOTHUB_CLIENT_CONFIRMATION_OK"
300,10324498840,10324498877,1,"IOTHUB_CLIENT_CONFIRMATION_OK"
301,10324499040,10324499080,1,"IOTHUB_CLIENT_CONFIRMATION_OK"
302,10324499241,10324499385,1,"IOTHUB_CLIENT_CONFIRMATION_OK"
303,10324499441,10324499472,1,"IOTHUB_CLIENT_CONFIRMATION_OK"
304,10324499641,10324499675,1,"IOTHUB_CLIENT_CONFIRMATION_OK"
305,10324499841,10324499961,1,"IOTHUB_CLIENT_CONFIRMATION_OK"
306,10324500041,10324500076,1,"IOTHUB_CLIENT_CONFIRMATION_OK"
307,10324500241,10324500273,1,"IOTHUB_CLIENT_CONFIRMATION_OK"
308,10324500442,10324500613,1,"IOTHUB_CLIENT_CONFIRMATION_OK"
309,10324500642,10324500673,1,"IOTHUB_CLIENT_CONFIRMATION_OK"
310,10324500842,10324500885,1,"IOTHUB_CLIENT_CONFIRMATION_OK"
311,10324501042,10324501180,1,"IOTHUB_CLIENT_CONFIRMATION_OK"
312,10324501243,10324501273,1,"IOTHUB_CLIENT_CONFIRMATION_OK"
313,10324501443,10324501472,1,"IOTHUB_CLIENT_CONFIRMATION_OK"
314,10324501643,10324501673,1,"IOTHUB_CLIENT_CONFIRMATION_OK"
315,10324501843,10324501877,1,"IOTHUB_CLIENT_CONFIRMATION_OK"
316,10324502043,10324502074,1,"IOTHUB_CLIENT_CONFIRMATION_OK"
317,10324502243,10324502272,1,"IOTHUB_CLIENT_CONFIRMATION_OK"
318,10324502443,10324502477,1,"IOTHUB_CLIENT_CONFIRMATION_OK"
319,10324502644,10324502694,1,"IOTHUB_CLIENT_CONFIRMATION_OK"
320,10324502844,10324502876,1,"IOTHUB_CLIENT_CONFIRMATION_OK"
321,10324503044,10324503159,1,"IOTHUB_CLIENT_CONFIRMATION_OK"
322,10324503244,10324503275,1,"IOTHUB_CLIENT_CONFIRMATION_OK"
323,10324503444,10324503484,1,"IOTHUB_CLIENT_CONFIRMATION_OK"
324,10324503644,10324503675,1,"IOTHUB_CLIENT_CONFIRMATION_OK"
325,10324503845,10324503881,1,"IOTHUB_CLIENT_CONFIRMATION_OK"
326,10324504045,10324504075,1,"IOTHUB_CLIENT_CONFIRMATION_OK"
327,10324504245,10324504277,1,"IOTHUB_CLIENT_CONFIRMATION_OK"
328,10324504445,10324504502,1,"IOTHUB_CLIENT_CONFIRMATION_OK"
329,10324504645,10324504736,1,"IOTHUB_CLIENT_CONFIRMATION_OK"
330,10324504845,10324504874,1,"IOTHUB_CLIENT_CONFIRMATION_OK"
331,10324505045,10324505134,1,"IOTHUB_CLIENT_CONFIRMATION_OK"
332,10324505246,10324505278,1,"IOTHUB_CLIENT_CONFIRMATION_OK"
333,10324505446,10324505480,1,"IOTHUB_CLIENT_CONFIRMATION_OK"
334,10324505646,10324505754,1,"IOTHUB_CLIENT_CONFIRMATION_OK"
335,10324505846,10324505879,1,"IOTHUB_CLIENT_CONFIRMATION_OK"
336,10324506046,10324506105,1,"IOTHUB_CLIENT_CONFIRMATION_OK"
337,10324506246,10324506384,1,"IOTHUB_CLIENT_CONFIRMATION_OK"
338,10324506446,10324506481,1,"IOTHUB_CLIENT_CONFIRMATION_OK"
339,10324506647,10324506678,1,"IOTHUB_CLIENT_CONFIRMATION_OK"
340,10324506847,10324506902,1,"IOTHUB_CLIENT_CONFIRMATION_OK"
341,10324507047,10324507081,1,"IOTHUB_CLIENT_CONFIRMATION_OK"
342,10324507247,10324507280,1,"IOTHUB_CLIENT_CONFIRMATION_OK"
343,10324507447,10324507493,1,"IOTHUB_CLIENT_CONFIRMATION_OK"
344,10324507647,10324507680,1,"IOTHUB_CLIENT_CONFIRMATION_OK"
345,10324507848,10324507883,1,"IOTHUB_CLIENT_CONFIRMATION_OK"
346,10324508048,10324508090,1,"IOTHUB_CLIENT_CONFIRMATION_OK"
347,10324508248,10324508282,1,"IOTHUB_CLIENT_CONFIRMATION_OK"
348,10324508448,10324508484,1,"IOTHUB_CLIENT_CONFIRMATION_OK"
349,10324508648,10324508676,1,"IOTHUB_CLIENT_CONFIRMATION_OK"
350,10324508849,10324508881,1,"IOTHUB_CLIENT_CONFIRMATION_OK"
351,10324509049,10324509140,1,"IOTHUB_CLIENT_CONFIRMATION_OK"
352,10324509249,10324509355,1,"IOTHUB_CLIENT_CONFIRMATION_OK"
353,10324509449,10324509479,1,"IOTHUB_CLIENT_CONFIRMATION_OK"
354,10324509649,10324509682,1,"IOTHUB_CLIENT_CONFIRMATION_OK"
355,10324509849,10324509887,1,"IOTHUB_CLIENT_CONFIRMATION_OK"
356,10324510049,10324510082,1,"IOTHUB_CLIENT_CONFIRMATION_OK"
357,10324510250,10324510298,1,"IOTHUB_CLIENT_CONFIRMATION_OK"
358,10324510450,10324510483,1,"IOTHUB_CLIENT_CONFIRMATION_OK"
359,10324510650,10324510681,1,"IOTHUB_CLIENT_CONFIRMATION_OK"
360,10324510850,10324510883,1,"IOTHUB_CLIENT_CONFIRMATION_OK"
361,10324511050,10324511083,1,"IOTHUB_CLIENT_CONFIRMATION_OK"
362,10324511251,10324511307,1,"IOTHUB_CLIENT_CONFIRMATION_OK"
363,10324511451,10324511684,1,"IOTHUB_CLIENT_CONFIRMATION_OK"
364,10324511651,10324511721,1,"IOTHUB_CLIENT_CONFIRMATION_OK"
365,10324511851,10324511885,1,"IOTHUB_CLIENT_CONFIRMATION_OK"
366,10324512051,10324512167,1,"IOTHUB_CLIENT_CONFIRMATION_OK"
367,10324512251,10324512284,1,"IOTHUB_CLIENT_CONFIRMATION_OK"
368,10324512452,10324512806,1,"IOTHUB_CLIENT_CONFIRMATION_OK"
369,10324512652,10324512846,1,"IOTHUB_CLIENT_CONFIRMATION_OK"
370,10324512852,10324513038,1,"IOTHUB_CLIENT_CONFIRMATION_OK"
371,10324513052,10324513085,1,"IOTHUB_CLIENT_CONFIRMATION_OK"
372,10324513252,10324513283,1,"IOTHUB_CLIENT_CONFIRMATION_OK"
373,10324513452,10324513485,1,"IOTHUB_CLIENT_CONFIRMATION_OK"
374,10324513652,10324513762,1,"IOTHUB_CLIENT_CONFIRMATION_OK"
375,10324513853,10324513884,1,"IOTHUB_CLIENT_CONFIRMATION_OK"
376,10324514053,10324514111,1,"IOTHUB_CLIENT_CONFIRMATION_OK"
377,10324514253,10324514387,1,"IOTHUB_CLIENT_CONFIRMATION_OK"
378,10324514453,10324514487,1,"IOTHUB_CLIENT_CONFIRMATION_OK"
379,10324514653,10324514803,1,"IOTHUB_CLIENT_CONFIRMATION_OK"
380,10324514853,10324515032,1,"IOTHUB_CLIENT_CONFIRMATION_OK"
381,10324515054,10324515084,1,"IOTHUB_CLIENT_CONFIRMATION_OK"
382,10324515254,10324515297,1,"IOTHUB_CLIENT_CONFIRMATION_OK"
383,10324515454,10324515593,1,"IOTHUB_CLIENT_CONFIRMATION_OK"
384,10324515654,10324515702,1,"IOTHUB_CLIENT_CONFIRMATION_OK"
385,10324515854,10324515895,1,"IOTHUB_CLIENT_CONFIRMATION_OK"
386,10324516054,10324516090,1,"IOTHUB_CLIENT_CONFIRMATION_OK"
387,10324516254,10324516286,1,"IOTHUB_CLIENT_CONFIRMATION_OK"
388,10324516455,10324516574,1,"IOTHUB_CLIENT_CONFIRMATION_OK"
389,10324516655,10324516725,1,"IOTHUB_CLIENT_CONFIRMATION_OK"
390,10324516855,10324516887,1,"IOTHUB_CLIENT_CONFIRMATION_OK"
391,10324517055,10324517084,1,"IOTHUB_CLIENT_CONFIRMATION_OK"
392,10324517255,10324517288,1,"IOTHUB_CLIENT_CONFIRMATION_OK"
393,10324517456,10324517494,1,"IOTHUB_CLIENT_CONFIRMATION_OK"
394,10324517656,10324517735,1,"IOTHUB_CLIENT_CONFIRMATION_OK"
395,10324517856,10324517886,1,"IOTHUB_CLIENT_CONFIRMATION_OK"
396,10324518056,10324518096,1,"IOTHUB_CLIENT_CONFIRMATION_OK"
397,10324518256,10324518287,1,"IOTHUB_CLIENT_CONFIRMATION_OK"
398,10324518457,10324518492,1,"IOTHUB_CLIENT_CONFIRMATION_OK"
399,10324518657,10324518688,1,"IOTHUB_CLIENT_CONFIRMATION_OK"
400,10324518857,10324518891,1,"IOTHUB_CLIENT_CONFIRMATION_OK"
401,10324519057,10324519088,1,"IOTHUB_CLIENT_CONFIRMATION_OK"
402,10324519257,10324519329,1,"IOTHUB_CLIENT_CONFIRMATION_OK"
403,10324519458,10324519491,1,"IOTHUB_CLIENT_CONFIRMATION_OK"
404,10324519658,10324519689,1,"IOTHUB_CLIENT_CONFIRMATION_OK"
405,10324519858,10324519940,1,"IOTHUB_CLIENT_CONFIRMATION_OK"
406,10324520058,10324520100,1,"IOTHUB_CLIENT_CONFIRMATION_OK"
407,10324520258,10324520312,1,"IOTHUB_CLIENT_CONFIRMATION_OK"
408,10324520458,10324520499,1,"IOTHUB_CLIENT_CONFIRMATION_OK"
409,10324520658,10324520740,1,"IOTHUB_CLIENT_CONFIRMATION_OK"
410,10324520859,10324520894,1,"IOTHUB_CLIENT_CONFIRMATION_OK"
411,10324521059,10324521089,1,"IOTHUB_CLIENT_CONFIRMATION_OK"
412,10324521259,10324521366,1,"IOTHUB_CLIENT_CONFIRMATION_OK"
413,10324521459,10324521490,1,"IOTHUB_CLIENT_CONFIRMATION_OK"
414,10324521659,10324521699,1,"IOTHUB_CLIENT_CONFIRMATION_OK"
415,10324521859,10324522099,1,"IOTHUB_CLIENT_CONFIRMATION_OK"
416,10324522060,10324522117,1,"IOTHUB_CLIENT_CONFIRMATION_OK"
417,10324522260,10324522295,1,"IOTHUB_CLIENT_CONFIRMATION_OK"
418,10324522460,10324522492,1,"IOTHUB_CLIENT_CONFIRMATION_OK"
419,10324522660,10324522698,1,"IOTHUB_CLIENT_CONFIRMATION_OK"
420,10324522860,10324522897,1,"IOTHUB_CLIENT_CONFIRMATION_OK"
421,10324523060,10324523097,1,"IOTHUB_CLIENT_CONFIRMATION_OK"
422,10324523261,10324523294,1,"IOTHUB_CLIENT_CONFIRMATION_OK"
423,10324523461,10324523589,1,"IOTHUB_CLIENT_CONFIRMATION_OK"
424,10324523661,10324523701,1,"IOTHUB_CLIENT_CONFIRMATION_OK"
425,10324523861,10324523907,1,"IOTHUB_CLIENT_CONFIRMATION_OK"
426,10324524061,10324524192,1,"IOTHUB_CLIENT_CONFIRMATION_OK"
427,10324524262,10324524295,1,"IOTHUB_CLIENT_CONFIRMATION_OK"
428,10324524462,10324524493,1,"IOTHUB_CLIENT_CONFIRMATION_OK"
429,10324524662,10324524791,1,"IOTHUB_CLIENT_CONFIRMATION_OK"
430,10324524862,10324524941,1,"IOTHUB_CLIENT_CONFIRMATION_OK"
431,10324525063,10324525098,1,"IOTHUB_CLIENT_CONFIRMATION_OK"
432,10324525263,10324525431,1,"IOTHUB_CLIENT_CONFIRMATION_OK"
433,10324525463,10324525499,1,"IOTHUB_CLIENT_CONFIRMATION_OK"
434,10324525663,10324525698,1,"IOTHUB_CLIENT_CONFIRMATION_OK"
435,10324525863,10324525896,1,"IOTHUB_CLIENT_CONFIRMATION_OK"
436,10324526063,10324526097,1,"IOTHUB_CLIENT_CONFIRMATION_OK"
437,10324526264,10324526298,1,"IOTHUB_CLIENT_CONFIRMATION_OK"
438,10324526464,10324526495,1,"IOTHUB_CLIENT_CONFIRMATION_OK"
439,10324526664,10324526727,1,"IOTHUB_CLIENT_CONFIRMATION_OK"
440,10324526864,10324526896,1,"IOTHUB_CLIENT_CONFIRMATION_OK"
441,10324527064,10324527113,1,"IOTHUB_CLIENT_CONFIRMATION_OK"
442,10324527264,10324527297,1,"IOTHUB_CLIENT_CONFIRMATION_OK"
443,10324527465,10324527498,1,"IOTHUB_CLIENT_CONFIRMATION_OK"
444,10324527665,10324527695,1,"IOTHUB_CLIENT_CONFIRMATION_OK"
445,10324527865,10324527896,1,"IOTHUB_CLIENT_CONFIRMATION_OK"
446,10324528065,10324528393,1,"IOTHUB_CLIENT_CONFIRMATION_OK"
447,10324528266,10324528428,1,"IOTHUB_CLIENT_CONFIRMATION_OK"
448,10324528466,10324528519,1,"IOTHUB_CLIENT_CONFIRMATION_OK"
449,10324528666,10324528714,1,"IOTHUB_CLIENT_CONFIRMATION_OK"
450,10324528866,10324528899,1,"IOTHUB_CLIENT_CONFIRMATION_OK"
451,10324529066,10324529098,1,"IOTHUB_CLIENT_CONFIRMATION_OK"
452,10324529266,10324529312,1,"IOTHUB_CLIENT_CONFIRMATION_OK"
453,10324529467,10324529496,1,"IOTHUB_CLIENT_CONFIRMATION_OK"
454,10324529667,10324529712,1,"IOTHUB_CLIENT_CONFIRMATION_OK"
455,10324529867,10324529918,1,"IOTHUB_CLIENT_CONFIRMATION_OK"
456,10324530067,10324530098,1,"IOTHUB_CLIENT_CONFIRMATION_OK"
457,10324530267,10324530297,1,"IOTHUB_CLIENT_CONFIRMATION_OK"
458,10324530468,10324530521,1,"IOTHUB_CLIENT_CONFIRMATION_OK"
459,10324530668,10324530761,1,"IOTHUB_CLIENT_CONFIRMATION_OK"
460,10324530868,10324530937,1,"IOTHUB_CLIENT_CONFIRMATION_OK"
461,10324531068,10324531132,1,"IOTHUB_CLIENT_CONFIRMATION_OK"
462,10324531268,10324531299,1,"IOTHUB_CLIENT_CONFIRMATION_OK"
463,10324531469,10324531501,1,"IOTHUB_CLIENT_CONFIRMATION_OK"
464,10324531669,10324531752,1,"IOTHUB_CLIENT_CONFIRMATION_OK"
465,10324531869,10324531901,1,"IOTHUB_CLIENT_CONFIRMATION_OK"
466,10324532069,10324532268,1,"IOTHUB_CLIENT_CONFIRMATION_OK"
467,10324532269,10324532304,1,"IOTHUB_CLIENT_CONFIRMATION_OK"
468,10324532469,10324532517,1,"IOTHUB_CLIENT_CONFIRMATION_OK"
469,10324532669,10324532700,1,"IOTHUB_CLIENT_CONFIRMATION_OK"
470,10324532870,10324532903,1,"IOTHUB_CLIENT_CONFIRMATION_OK"
471,10324533070,10324533104,1,"IOTHUB_CLIENT_CONFIRMATION_OK"
472,10324533270,10324533308,1,"IOTHUB_CLIENT_CONFIRMATION_OK"
473,10324533470,10324533500,1,"IOTHUB_CLIENT_CONFIRMATION_OK"
474,10324533670,10324533716,1,"IOTHUB_CLIENT_CONFIRMATION_OK"
475,10324533870,10324534009,1,"IOTHUB_CLIENT_CONFIRMATION_OK"
476,10324534071,10324534213,1,"IOTHUB_CLIENT_CONFIRMATION_OK"
477,10324534271,10324534313,1,"IOTHUB_CLIENT_CONFIRMATION_OK"
478,10324534471,10324534609,1,"IOTHUB_CLIENT_CONFIRMATION_OK"
479,10324534671,10324534702,1,"IOTHUB_CLIENT_CONFIRMATION_OK"
480,10324534871,10324534910,1,"IOTHUB_CLIENT_CONFIRMATION_OK"
481,10324535071,10324535242,1,"IOTHUB_CLIENT_CONFIRMATION_OK"
482,10324535272,10324535302,1,"IOTHUB_CLIENT_CONFIRMATION_OK"
483,10324535472,10324535502,1,"IOTHUB_CLIENT_CONFIRMATION_OK"
484,10324535672,10324535703,1,"IOTHUB_CLIENT_CONFIRMATION_OK"
485,10324535872,10324535904,1,"IOTHUB_CLIENT_CONFIRMATION_OK"
486,10324536072,10324536105,1,"IOTHUB_CLIENT_CONFIRMATION_OK"
487,10324536272,10324536316,1,"IOTHUB_CLIENT_CONFIRMATION_OK"
488,10324536473,10324536613,1,"IOTHUB_CLIENT_CONFIRMATION_OK"
489,10324536673,10324536704,1,"IOTHUB_CLIENT_CONFIRMATION_OK"
490,10324536873,10324536926,1,"IOTHUB_CLIENT_CONFIRMATION_OK"
491,10324537073,10324537133,1,"IOTHUB_CLIENT_CONFIRMATION_OK"
492,10324537273,10324537311,1,"IOTHUB_CLIENT_CONFIRMATION_OK"
493,10324537473,10324537503,1,"IOTHUB_CLIENT_CONFIRMATION_OK"
494,10324537674,10324537706,1,"IOTHUB_CLIENT_CONFIRMATION_OK"
495,10324537874,10324537909,1,"IOTHUB_CLIENT_CONFIRMATION_OK"
496,10324538074,10324538142,1,"IOTHUB_CLIENT_CONFIRMATION_OK"
497,10324538274,10324538306,1,"IOTHUB_CLIENT_CONFIRMATION_OK"
498,10324538474,10324538678,1,"IOTHUB_CLIENT_CONFIRMATION_OK"
499,10324538674,10324538714,1,"IOTHUB_CLIENT_CONFIRMATION_OK"
500,10324538875,10324538906,1,"IOTHUB_CLIENT_CONFIRMATION_OK"
501,10324539075,10324539106,1,"IOTHUB_CLIENT_CONFIRMATION_OK"
502,10324539275,10324539322,1,"IOTHUB_CLIENT_CONFIRMATION_OK"
503,10324539475,10324539618,1,"IOTHUB_CLIENT_CONFIRMATION_OK"
504,10324539675,10324539707,1,"IOTHUB_CLIENT_CONFIRMATION_OK"
505,10324539876,10324539910,1,"IOTHUB_CLIENT_CONFIRMATION_OK"
506,10324540076,10324540118,1,"IOTHUB_CLIENT_CONFIRMATION_OK"
507,10324540276,10324540318,1,"IOTHUB_CLIENT_CONFIRMATION_OK"
508,10324540476,10324540528,1,"IOTHUB_CLIENT_CONFIRMATION_OK"
509,10324540676,10324540710,1,"IOTHUB_CLIENT_CONFIRMATION_OK"
510,10324540876,10324540917,1,"IOTHUB_CLIENT_CONFIRMATION_OK"
511,10324541077,10324541108,1,"IOTHUB_CLIENT_CONFIRMATION_OK"
512,10324541277,10324541310,1,"IOTHUB_CLIENT_CONFIRMATION_OK"
513,10324541477,10324541528,1,"IOTHUB_CLIENT_CONFIRMATION_OK"
514,10324541677,10324541713,1,"IOTHUB_CLIENT_CONFIRMATION_OK"
515,10324541877,10324541912,1,"IOTHUB_CLIENT_CONFIRMATION_OK"
516,10324542077,10324542131,1,"IOTHUB_CLIENT_CONFIRMATION_OK"
517,10324542277,10324542310,1,"IOTHUB_CLIENT_CONFIRMATION_OK"
518,10324542478,10324542513,1,"IOTHUB_CLIENT_CONFIRMATION_OK"
519,10324542678,10324542745,1,"IOTHUB_CLIENT_CONFIRMATION_OK"
520,10324542878,10324542929,1,"IOTHUB_CLIENT_CONFIRMATION_OK"
521,10324543078,10324543127,1,"IOTHUB_CLIENT_CONFIRMATION_OK"
522,10324543278,10324543354,1,"IOTHUB_CLIENT_CONFIRMATION_OK"
523,10324543479,10324543514,1,"IOTHUB_CLIENT_CONFIRMATION_OK"
524,10324543679,10324543756,1,"IOTHUB_CLIENT_CONFIRMATION_OK"
525,10324543879,10324543924,1,"IOTHUB_CLIENT_CONFIRMATION_OK"
526,10324544079,10324544112,1,"IOTHUB_CLIENT_CONFIRMATION_OK"
527,10324544279,10324544355,1,"IOTHUB_CLIENT_CONFIRMATION_OK"
528,10324544480,10324544510,1,"IOTHUB_CLIENT_CONFIRMATION_OK"
529,10324544680,10324544715,1,"IOTHUB_CLIENT_CONFIRMATION_OK"
530,10324544880,10324544984,1,"IOTHUB_CLIENT_CONFIRMATION_OK"
531,10324545080,10324545119,1,"IOTHUB_CLIENT_CONFIRMATION_OK"
532,10324545280,10324545313,1,"IOTHUB_CLIENT_CONFIRMATION_OK"
533,10324545481,10324545605,1,"IOTHUB_CLIENT_CONFIRMATION_OK"
534,10324545681,10324545712,1,"IOTHUB_CLIENT_CONFIRMATION_OK"
535,10324545881,10324545914,1,"IOTHUB_CLIENT_CONFIRMATION_OK"
536,10324546081,10324546215,1,"IOTHUB_CLIENT_CONFIRMATION_OK"
537,10324546281,10324546315,1,"IOTHUB_CLIENT_CONFIRMATION_OK"
538,10324546482,10324546511,1,"IOTHUB_CLIENT_CONFIRMATION_OK"
539,10324546682,10324546718,1,"IOTHUB_CLIENT_CONFIRMATION_OK"
540,10324546882,10324546927,1,"IOTHUB_CLIENT_CONFIRMATION_OK"
541,10324547082,10324547112,1,"IOTHUB_CLIENT_CONFIRMATION_OK"
542,10324547282,10324547359,1,"IOTHUB_CLIENT_CONFIRMATION_OK"
543,10324547482,10324547512,1,"IOTHUB_CLIENT_CONFIRMATION_OK"
544,10324547683,10324547723,1,"IOTHUB_CLIENT_CONFIRMATION_OK"
545,10324547883,10324547912,1,"IOTHUB_CLIENT_CONFIRMATION_OK"
546,10324548083,10324548112,1,"IOTHUB_CLIENT_CONFIRMATION_OK"
547,10324548283,10324548316,1,"IOTHUB_CLIENT_CONFIRMATION_OK"
548,10324548483,10324548528,1,"IOTHUB_CLIENT_CONFIRMATION_OK"
549,10324548683,10324548714,1,"IOTHUB_CLIENT_CONFIRMATION_OK"
550,10324548883,10324549100,1,"IOTHUB_CLIENT_CONFIRMATION_OK"
551,10324549084,10324549125,1,"IOTHUB_CLIENT_CONFIRMATION_OK"
552,10324549284,10324549318,1,"IOTHUB_CLIENT_CONFIRMATION_OK"
553,10324549484,10324549523,1,"IOTHUB_CLIENT_CONFIRMATION_OK"
554,10324549684,10324549725,1,"IOTHUB_CLIENT_CONFIRMATION_OK"
555,10324549884,10324549924,1,"IOTHUB_CLIENT_CONFIRMATION_OK"
556,10324550085,10324550202,1,"IOTHUB_CLIENT_CONFIRMATION_OK"
557,10324550285,10324550322,1,"IOTHUB_CLIENT_CONFIRMATION_OK"
558,10324550485,10324550528,1,"IOTHUB_CLIENT_CONFIRMATION_OK"
559,10324550685,10324550739,1,"IOTHUB_CLIENT_CONFIRMATION_OK"
560,10324550885,10324550919,1,"IOTHUB_CLIENT_CONFIRMATION_OK"
561,10324551085,10324551115,1,"IOTHUB_CLIENT_CONFIRMATION_OK"
562,10324551285,10324551340,1,"IOTHUB_CLIENT_CONFIRMATION_OK"
563,10324551486,10324551521,1,"IOTHUB_CLIENT_CONFIRMATION_OK"
564,10324551686,10324551722,1,"IOTHUB_CLIENT_CONFIRMATION_OK"
565,10324551886,10324551967,1,"IOTHUB_CLIENT_CONFIRMATION_OK"
566,10324552086,10324552115,1,"IOTHUB_CLIENT_CONFIRMATION_OK"
567,10324552286,10324552319,1,"IOTHUB_CLIENT_CONFIRMATION_OK"
568,10324552486,10324552577,1,"IOTHUB_CLIENT_CONFIRMATION_OK"
569,10324552686,10324552721,1,"IOTHUB_CLIENT_CONFIRMATION_OK"
570,10324552887,10324552926,1,"IOTHUB_CLIENT_CONFIRMATION_OK"
571,10324553087,10324553120,1,"IOTHUB_CLIENT_CONFIRMATION_OK"
572,10324553287,10324553385,1,"IOTHUB_CLIENT_CONFIRMATION_OK"
573,10324553487,10324553577,1,"IOTHUB_CLIENT_CONFIRMATION_OK"
574,10324553687,10324553724,1,"IOTHUB_CLIENT_CONFIRMATION_OK"
575,10324553888,10324553924,1,"IOTHUB_CLIENT_CONFIRMATION_OK"
576,10324554088,10324554193,1,"IOTHUB_CLIENT_CONFIRMATION_OK"
577,10324554288,10324554319,1,"IOTHUB_CLIENT_CONFIRMATION_OK"
578,10324554488,10324554520,1,"IOTHUB_CLIENT_CONFIRMATION_OK"
579,10324554688,10324554811,1,"IOTHUB_CLIENT_CONFIRMATION_OK"
580,10324554889,10324554922,1,"IOTHUB_CLIENT_CONFIRMATION_OK"
581,10324555089,10324555120,1,"IOTHUB_CLIENT_CONFIRMATION_OK"
582,10324555289,10324555412,1,"IOTHUB_CLIENT_CONFIRMATION_OK"
583,10324555489,10324555631,1,"IOTHUB_CLIENT_CONFIRMATION_OK"
584,10324555689,10324555722,1,"IOTHUB_CLIENT_CONFIRMATION_OK"
585,10324555889,10324556029,1,"IOTHUB_CLIENT_CONFIRMATION_OK"
586,10324556090,10324556121,1,"IOTHUB_CLIENT_CONFIRMATION_OK"
587,10324556290,10324556323,1,"IOTHUB_CLIENT_CONFIRMATION_OK"
588,10324556490,10324556523,1,"IOTHUB_CLIENT_CONFIRMATION_OK"
589,10324556690,10324556786,1,"IOTHUB_CLIENT_CONFIRMATION_OK"
590,10324556890,10324556931,1,"IOTHUB_CLIENT_CONFIRMATION_OK"
591,10324557091,10324557121,1,"IOTHUB_CLIENT_CONFIRMATION_OK"
592,10324557291,10324557326,1,"IOTHUB_CLIENT_CONFIRMATION_OK"
593,10324557491,10324557525,1,"IOTHUB_CLIENT_CONFIRMATION_OK"
594,10324557691,10324557736,1,"IOTHUB_CLIENT_CONFIRMATION_OK"
595,10324557891,10324557927,1,"IOTHUB_CLIENT_CONFIRMATION_OK"
596,10324558091,10324558126,1,"IOTHUB_CLIENT_CONFIRMATION_OK"
597,10324558292,10324558320,1,"IOTHUB_CLIENT_CONFIRMATION_OK"
598,10324558492,10324558522,1,"IOTHUB_CLIENT_CONFIRMATION_OK"
599,10324558692,10324558874,1,"IOTHUB_CLIENT_CONFIRMATION_OK"
600,10324558892,10324558932,1,"IOTHUB_CLIENT_CONFIRMATION_OK"
601,10324559092,10324559124,1,"IOTHUB_CLIENT_CONFIRMATION_OK"
602,10324559292,10324559336,1,"IOTHUB_CLIENT_CONFIRMATION_OK"
603,10324559492,10324559524,1,"IOTHUB_CLIENT_CONFIRMATION_OK"
604,10324559693,10324559859,1,"IOTHUB_CLIENT_CONFIRMATION_OK"
605,10324559893,10324559950,1,"IOTHUB_CLIENT_CONFIRMATION_OK"
606,10324560093,10324560129,1,"IOTHUB_CLIENT_CONFIRMATION_OK"
607,10324560293,10324560366,1,"IOTHUB_CLIENT_CONFIRMATION_OK"
608,10324560493,10324560525,1,"IOTHUB_CLIENT_CONFIRMATION_OK"
609,10324560693,10324560726,1,"IOTHUB_CLIENT_CONFIRMATION_OK"
610,10324560893,10324561013,1,"IOTHUB_CLIENT_CONFIRMATION_OK"
611,10324561094,10324561229,1,"IOTHUB_CLIENT_CONFIRMATION_OK"
612,10324561294,10324561340,1,"IOTHUB_CLIENT_CONFIRMATION_OK"
613,10324561494,10324561527,1,"IOTHUB_CLIENT_CONFIRMATION_OK"
614,10324561694,10324561734,1,"IOTHUB_CLIENT_CONFIRMATION_OK"
615,10324561894,10324561924,1,"IOTHUB_CLIENT_CONFIRMATION_OK"
616,10324562095,10324562125,1,"IOTHUB_CLIENT_CONFIRMATION_OK"
617,10324562295,10324562360,1,"IOTHUB_CLIENT_CONFIRMATION_OK"
618,10324562495,10324562538,1,"IOTHUB_CLIENT_CONFIRMATION_OK"
619,10324562695,10324562725,1,"IOTHUB_CLIENT_CONFIRMATION_OK"
620,10324562895,10324562926,1,"IOTHUB_CLIENT_CONFIRMATION_OK"
621,10324563095,10324563159,1,"IOTHUB_CLIENT_CONFIRMATION_OK"
622,10324563295,10324563326,1,"IOTHUB_CLIENT_CONFIRMATION_OK"
623,10324563496,10324563532,1,"IOTHUB_CLIENT_CONFIRMATION_OK"
624,10324563696,10324563731,1,"IOTHUB_CLIENT_CONFIRMATION_OK"
625,10324563896,10324564114,1,"IOTHUB_CLIENT_CONFIRMATION_OK"
626,10324564096,10324564135,1,"IOTHUB_CLIENT_CONFIRMATION_OK"
627,10324564296,10324564358,1,"IOTHUB_CLIENT_CONFIRMATION_OK"
628,10324564496,10324564688,1,"IOTHUB_CLIENT_CONFIRMATION_OK"
629,10324564697,10324564728,1,"IOTHUB_CLIENT_CONFIRMATION_OK"
630,10324564897,10324564979,1,"IOTHUB_CLIENT_CONFIRMATION_OK"
631,10324565097,10324565133,1,"IOTHUB_CLIENT_CONFIRMATION_OK"
632,10324565297,10324565371,1,"IOTHUB_CLIENT_CONFIRMATION_OK"
633,10324565497,10324565543,1,"IOTHUB_CLIENT_CONFIRMATION_OK"
634,10324565698,10324565854,1,"IOTHUB_CLIENT_CONFIRMATION_OK"
635,10324565898,10324565938,1,"IOTHUB_CLIENT_CONFIRMATION_OK"
636,10324566098,10324566135,1,"IOTHUB_CLIENT_CONFIRMATION_OK"
637,10324566298,10324566344,1,"IOTHUB_CLIENT_CONFIRMATION_OK"
638,10324566498,10324566530,1,"IOTHUB_CLIENT_CONFIRMATION_OK"
639,10324566699,10324566731,1,"IOTHUB_CLIENT_CONFIRMATION_OK"
640,10324566899,10324567040,1,"IOTHUB_CLIENT_CONFIRMATION_OK"
641,10324567099,10324567131,1,"IOTHUB_CLIENT_CONFIRMATION_OK"
642,10324567299,10324567332,1,"IOTHUB_CLIENT_CONFIRMATION_OK"
643,10324567499,10324567532,1,"IOTHUB_CLIENT_CONFIRMATION_OK"
644,10324567699,10324567788,1,"IOTHUB_CLIENT_CONFIRMATION_OK"
645,10324567900,10324567935,1,"IOTHUB_CLIENT_CONFIRMATION_OK"
646,10324568100,10324568166,1,"IOTHUB_CLIENT_CONFIRMATION_OK"
647,10324568300,10324568406,1,"IOTHUB_CLIENT_CONFIRMATION_OK"
648,10324568500,10324568715,1,"IOTHUB_CLIENT_CONFIRMATION_OK"
649,10324568700,10324568761,1,"IOTHUB_CLIENT_CONFIRMATION_OK"
650,10324568900,10324568940,1,"IOTHUB_CLIENT_CONFIRMATION_OK"
651,10324569100,10324569250,1,"IOTHUB_CLIENT_CONFIRMATION_OK"
652,10324569301,10324569342,1,"IOTHUB_CLIENT_CONFIRMATION_OK"
653,10324569501,10324569532,1,"IOTHUB_CLIENT_CONFIRMATION_OK"
654,10324569701,10324569867,1,"IOTHUB_CLIENT_CONFIRMATION_OK"
655,10324569901,10324569932,1,"IOTHUB_CLIENT_CONFIRMATION_OK"
656,10324570102,10324570137,1,"IOTHUB_CLIENT_CONFIRMATION_OK"
657,10324570302,10324570807,1,"IOTHUB_CLIENT_CONFIRMATION_OK"
658,10324570502,10324570903,1,"IOTHUB_CLIENT_CONFIRMATION_OK"
659,10324570702,10324570938,1,"IOTHUB_CLIENT_CONFIRMATION_OK"
660,10324570902,10324570999,1,"IOTHUB_CLIENT_CONFIRMATION_OK"
661,10324571103,10324571149,1,"IOTHUB_CLIENT_CONFIRMATION_OK"
662,10324571303,10324571336,1,"IOTHUB_CLIENT_CONFIRMATION_OK"
663,10324571503,10324571533,1,"IOTHUB_CLIENT_CONFIRMATION_OK"
664,10324571703,10324571735,1,"IOTHUB_CLIENT_CONFIRMATION_OK"
665,10324571903,10324571941,1,"IOTHUB_CLIENT_CONFIRMATION_OK"
666,10324572103,10324572134,1,"IOTHUB_CLIENT_CONFIRMATION_OK"
667,10324572304,10324572337,1,"IOTHUB_CLIENT_CONFIRMATION_OK"
668,10324572504,10324572539,1,"IOTHUB_CLIENT_CONFIRMATION_OK"
669,10324572704,10324572745,1,"IOTHUB_CLIENT_CONFIRMATION_OK"
670,10324572904,10324572955,1,"IOTHUB_CLIENT_CONFIRMATION_OK"
671,10324573104,10324573141,1,"IOTHUB_CLIENT_CONFIRMATION_OK"
672,10324573304,10324573356,1,"IOTHUB_CLIENT_CONFIRMATION_OK"
673,10324573504,10324573560,1,"IOTHUB_CLIENT_CONFIRMATION_OK"
674,10324573705,10324573739,1,"IOTHUB_CLIENT_CONFIRMATION_OK"
675,10324573905,10324573998,1,"IOTHUB_CLIENT_CONFIRMATION_OK"
676,10324574105,10324574242,1,"IOTHUB_CLIENT_CONFIRMATION_OK"
677,10324574305,10324574350,1,"IOTHUB_CLIENT_CONFIRMATION_OK"
678,10324574505,10324574536,1,"IOTHUB_CLIENT_CONFIRMATION_OK"
679,10324574705,10324574786,1,"IOTHUB_CLIENT_CONFIRMATION_OK"
680,10324574906,10324575042,1,"IOTHUB_CLIENT_CONFIRMATION_OK"
681,10324575106,10324575138,1,"IOTHUB_CLIENT_CONFIRMATION_OK"
682,10324575306,10324575335,1,"IOTHUB_CLIENT_CONFIRMATION_OK"
683,10324575506,10324575644,1,"IOTHUB_CLIENT_CONFIRMATION_OK"
684,10324575706,10324575754,1,"IOTHUB_CLIENT_CONFIRMATION_OK"
685,10324575907,10324575941,1,"IOTHUB_CLIENT_CONFIRMATION_OK"
686,10324576107,10324576141,1,"IOTHUB_CLIENT_CONFIRMATION_OK"
687,10324576307,10324576338,1,"IOTHUB_CLIENT_CONFIRMATION_OK"
688,10324576507,10324576539,1,"IOTHUB_CLIENT_CONFIRMATION_OK"
689,10324576707,10324576804,1,"IOTHUB_CLIENT_CONFIRMATION_OK"
690,10324576907,10324576950,1,"IOTHUB_CLIENT_CONFIRMATION_OK"
691,10324577108,10324577142,1,"IOTHUB_CLIENT_CONFIRMATION_OK"
692,10324577308,10324577343,1,"IOTHUB_CLIENT_CONFIRMATION_OK"
693,10324577508,10324577550,1,"IOTHUB_CLIENT_CONFIRMATION_OK"
694,10324577708,10324577742,1,"IOTHUB_CLIENT_CONFIRMATION_OK"
695,10324577908,10324577939,1,"IOTHUB_CLIENT_CONFIRMATION_OK"
696,10324578109,10324578172,1,"IOTHUB_CLIENT_CONFIRMATION_OK"
697,10324578309,10324578356,1,"IOTHUB_CLIENT_CONFIRMATION_OK"
698,10324578509,10324578581,1,"IOTHUB_CLIENT_CONFIRMATION_OK"
699,10324578709,10324578740,1,"IOTHUB_CLIENT_CONFIRMATION_OK"
700,10324578909,10324579108,1,"IOTHUB_CLIENT_CONFIRMATION_OK"
701,10324579109,10324579174,1,"IOTHUB_CLIENT_CONFIRMATION_OK"
702,10324579310,10324579412,1,"IOTHUB_CLIENT_CONFIRMATION_OK"
703,10324579510,10324579546,1,"IOTHUB_CLIENT_CONFIRMATION_OK"
704,10324579710,10324579743,1,"IOTHUB_CLIENT_CONFIRMATION_OK"
705,10324579910,10324579956,1,"IOTHUB_CLIENT_CONFIRMATION_OK"
706,10324580110,10324580143,1,"IOTHUB_CLIENT_CONFIRMATION_OK"
707,10324580310,10324580339,1,"IOTHUB_CLIENT_CONFIRMATION_OK"
708,10324580511,10324580540,1,"IOTHUB_CLIENT_CONFIRMATION_OK"
709,10324580711,10324580755,1,"IOTHUB_CLIENT_CONFIRMATION_OK"
710,10324580911,10324580945,1,"IOTHUB_CLIENT_CONFIRMATION_OK"
711,10324581111,10324581146,1,"IOTHUB_CLIENT_CONFIRMATION_OK"
712,10324581311,10324581354,1,"IOTHUB_CLIENT_CONFIRMATION_OK"
713,10324581512,10324581603,1,"IOTHUB_CLIENT_CONFIRMATION_OK"
714,10324581712,10324581752,1,"IOTHUB_CLIENT_CONFIRMATION_OK"
715,10324581912,10324581956,1,"IOTHUB_CLIENT_CONFIRMATION_OK"
716,10324582112,10324582184,1,"IOTHUB_CLIENT_CONFIRMATION_OK"
717,10324582312,10324582349,1,"IOTHUB_CLIENT_CONFIRMATION_OK"
718,10324582512,10324582617,1,"IOTHUB_CLIENT_CONFIRMATION_OK"
719,10324582713,10324582746,1,"IOTHUB_CLIENT_CONFIRMATION_OK"
720,10324582913,10324582963,1,"IOTHUB_CLIENT_CONFIRMATION_OK"
721,10324583113,10324583143,1,"IOTHUB_CLIENT_CONFIRMATION_OK"
722,10324583313,10324583357,1,"IOTHUB_CLIENT_CONFIRMATION_OK"
723,10324583513,10324583628,1,"IOTHUB_CLIENT_CONFIRMATION_OK"
724,10324583714,10324583745,1,"IOTHUB_CLIENT_CONFIRMATION_OK"
725,10324583914,10324583946,1,"IOTHUB_CLIENT_CONFIRMATION_OK"
726,10324584114,10324584238,1,"IOTHUB_CLIENT_CONFIRMATION_OK"
727,10324584314,10324584347,1,"IOTHUB_CLIENT_CONFIRMATION_OK"
728,10324584514,10324584558,1,"IOTHUB_CLIENT_CONFIRMATION_OK"
729,10324584714,10324584848,1,"IOTHUB_CLIENT_CONFIRMATION_OK"
730,10324584915,10324584945,1,"IOTHUB_CLIENT_CONFIRMATION_OK"
731,10324585115,10324585152,1,"IOTHUB_CLIENT_CONFIRMATION_OK"
732,10324585315,10324585476,1,"IOTHUB_CLIENT_CONFIRMATION_OK"
733,10324585515,10324585595,1,"IOTHUB_CLIENT_CONFIRMATION_OK"
734,10324585715,10324585802,1,"IOTHUB_CLIENT_CONFIRMATION_OK"
735,10324585915,10324585983,1,"IOTHUB_CLIENT_CONFIRMATION_OK"
736,10324586115,10324586171,1,"IOTHUB_CLIENT_CONFIRMATION_OK"
737,10324586316,10324586374,1,"IOTHUB_CLIENT_CONFIRMATION_OK"
738,10324586516,10324586581,1,"IOTHUB_CLIENT_CONFIRMATION_OK"
739,10324586716,10324586748,1,"IOTHUB_CLIENT_CONFIRMATION_OK"
740,10324586916,10324586967,1,"IOTHUB_CLIENT_CONFIRMATION_OK"
741,10324587116,10324587147,1,"IOTHUB_CLIENT_CONFIRMATION_OK"
742,10324587317,10324587350,1,"IOTHUB_CLIENT_CONFIRMATION_OK"
743,10324587517,10324587549,1,"IOTHUB_CLIENT_CONFIRMATION_OK"
744,10324587717,10324587758,1,"IOTHUB_CLIENT_CONFIRMATION_OK"
745,10324587917,10324587952,1,"IOTHUB_CLIENT_CONFIRMATION_OK"
746,10324588117,10324588172,1,"IOTHUB_CLIENT_CONFIRMATION_OK"
747,10324588317,10324588357,1,"IOTHUB_CLIENT_CONFIRMATION_OK"
748,10324588518,10324588601,1,"IOTHUB_CLIENT_CONFIRMATION_OK"
749,10324588718,10324588748,1,"IOTHUB_CLIENT_CONFIRMATION_OK"
750,10324588918,10324588955,1,"IOTHUB_CLIENT_CONFIRMATION_OK"
751,10324589118,10324589149,1,"IOTHUB_CLIENT_CONFIRMATION_OK"
752,10324589318,10324589357,1,"IOTHUB_CLIENT_CONFIRMATION_OK"
753,10324589518,10324589550,1,"IOTHUB_CLIENT_CONFIRMATION_OK"
754,10324589719,10324589824,1,"IOTHUB_CLIENT_CONFIRMATION_OK"
755,10324589919,10324590002,1,"IOTHUB_CLIENT_CONFIRMATION_OK"
756,10324590119,10324590182,1,"IOTHUB_CLIENT_CONFIRMATION_OK"
757,10324590319,10324590351,1,"IOTHUB_CLIENT_CONFIRMATION_OK"
758,10324590519,10324590571,1,"IOTHUB_CLIENT_CONFIRMATION_OK"
759,10324590719,10324590775,1,"IOTHUB_CLIENT_CONFIRMATION_OK"
760,10324590919,10324590957,1,"IOTHUB_CLIENT_CONFIRMATION_OK"
761,10324591120,10324591198,1,"IOTHUB_CLIENT_CONFIRMATION_OK"
762,10324591320,10324591352,1,"IOTHUB_CLIENT_CONFIRMATION_OK"
763,10324591520,10324591558,1,"IOTHUB_CLIENT_CONFIRMATION_OK"
764,10324591720,10324591822,1,"IOTHUB_CLIENT_CONFIRMATION_OK"
765,10324591920,10324592306,1,"IOTHUB_CLIENT_CONFIRMATION_OK"
766,10324592121,10324592437,1,"IOTHUB_CLIENT_CONFIRMATION_OK"
767,10324592321,10324592457,1,"IOTHUB_CLIENT_CONFIRMATION_OK"
768,10324592521,10324592551,1,"IOTHUB_CLIENT_CONFIRMATION_OK"
769,10324592721,10324592752,1,"IOTHUB_CLIENT_CONFIRMATION_OK"
770,10324592921,10324592956,1,"IOTHUB_CLIENT_CONFIRMATION_OK"
771,10324593121,10324593151,1,"IOTHUB_CLIENT_CONFIRMATION_OK"
772,10324593321,10324593353,1,"IOTHUB_CLIENT_CONFIRMATION_OK"
773,10324593522,10324593550,1,"IOTHUB_CLIENT_CONFIRMATION_OK"
774,10324593722,10324593764,1,"IOTHUB_CLIENT_CONFIRMATION_OK"
775,10324593922,10324594075,1,"IOTHUB_CLIENT_CONFIRMATION_OK"
776,10324594122,10324594324,1,"IOTHUB_CLIENT_CONFIRMATION_OK"
777,10324594322,10324594366,1,"IOTHUB_CLIENT_CONFIRMATION_OK"
778,10324594523,10324594681,1,"IOTHUB_CLIENT_CONFIRMATION_OK"
779,10324594723,10324594774,1,"IOTHUB_CLIENT_CONFIRMATION_OK"
780,10324594923,10324594954,1,"IOTHUB_CLIENT_CONFIRMATION_OK"
781,10324595123,10324595157,1,"IOTHUB_CLIENT_CONFIRMATION_OK"
782,10324595323,10324595355,1,"IOTHUB_CLIENT_CONFIRMATION_OK"
783,10324595523,10324595554,1,"IOTHUB_CLIENT_CONFIRMATION_OK"
784,10324595724,10324595768,1,"IOTHUB_CLIENT_CONFIRMATION_OK"
785,10324595924,10324596003,1,"IOTHUB_CLIENT_CONFIRMATION_OK"
786,10324596124,10324596163,1,"IOTHUB_CLIENT_CONFIRMATION_OK"
787,10324596324,10324596358,1,"IOTHUB_CLIENT_CONFIRMATION_OK"
788,10324596524,10324596559,1,"IOTHUB_CLIENT_CONFIRMATION_OK"
789,10324596724,10324596760,1,"IOTHUB_CLIENT_CONFIRMATION_OK"
790,10324596925,10324596957,1,"IOTHUB_CLIENT_CONFIRMATION_OK"
791,10324597125,10324597155,1,"IOTHUB_CLIENT_CONFIRMATION_OK"
792,10324597325,10324597460,1,"IOTHUB_CLIENT_CONFIRMATION_OK"
793,10324597525,10324597562,1,"IOTHUB_CLIENT_CONFIRMATION_OK"
794,10324597725,10324597755,1,"IOTHUB_CLIENT_CONFIRMATION_OK"
795,10324597925,10324597955,1,"IOTHUB_CLIENT_CONFIRMATION_OK"
796,10324598126,10324598154,1,"IOTHUB_CLIENT_CONFIRMATION_OK"
797,10324598326,10324598382,1,"IOTHUB_CLIENT_CONFIRMATION_OK"
798,10324598526,10324598564,1,"IOTHUB_CLIENT_CONFIRMATION_OK"
799,10324598726,10324598757,1,"IOTHUB_CLIENT_CONFIRMATION_OK"
800,10324598926,10324598955,1,"IOTHUB_CLIENT_CONFIRMATION_OK"
801,10324599126,10324599214,1,"IOTHUB_CLIENT_CONFIRMATION_OK"
802,10324599327,10324599360,1,"IOTHUB_CLIENT_CONFIRMATION_OK"
803,10324599527,10324599566,1,"IOTHUB_CLIENT_CONFIRMATION_OK"
804,10324599727,10324599806,1,"IOTHUB_CLIENT_CONFIRMATION_OK"
805,10324599927,10324599959,1,"IOTHUB_CLIENT_CONFIRMATION_OK"
806,10324600127,10324600160,1,"IOTHUB_CLIENT_CONFIRMATION_OK"
807,10324600328,10324600424,1,"IOTHUB_CLIENT_CONFIRMATION_OK"
808,10324600528,10324600560,1,"IOTHUB_CLIENT_CONFIRMATION_OK"
809,10324600728,10324600759,1,"IOTHUB_CLIENT_CONFIRMATION_OK"
810,10324600928,10324601039,1,"IOTHUB_CLIENT_CONFIRMATION_OK"
811,10324601128,10324601157,1,"IOTHUB_CLIENT_CONFIRMATION_OK"
812,10324601328,10324601361,1,"IOTHUB_CLIENT_CONFIRMATION_OK"
813,10324601529,10324601714,1,"IOTHUB_CLIENT_CONFIRMATION_OK"
814,10324601729,10324601762,1,"IOTHUB_CLIENT_CONFIRMATION_OK"
815,10324601929,10324601959,1,"IOTHUB_CLIENT_CONFIRMATION_OK"
816,10324602129,10324602162,1,"IOTHUB_CLIENT_CONFIRMATION_OK"
817,10324602329,10324602370,1,"IOTHUB_CLIENT_CONFIRMATION_OK"
818,10324602530,10324602560,1,"IOTHUB_CLIENT_CONFIRMATION_OK"
819,10324602730,10324602761,1,"IOTHUB_CLIENT_CONFIRMATION_OK"
820,10324602930,10324602963,1,"IOTHUB_CLIENT_CONFIRMATION_OK"
821,10324603130,10324603161,1,"IOTHUB_CLIENT_CONFIRMATION_OK"
822,10324603330,10324603388,1,"IOTHUB_CLIENT_CONFIRMATION_OK"
823,10324603530,10324603565,1,"IOTHUB_CLIENT_CONFIRMATION_OK"
824,10324603730,10324603759,1,"IOTHUB_CLIENT_CONFIRMATION_OK"
825,10324603931,10324603964,1,"IOTHUB_CLIENT_CONFIRMATION_OK"
826,10324604131,10324604166,1,"IOTHUB_CLIENT_CONFIRMATION_OK"
827,10324604331,10324604414,1,"IOTHUB_CLIENT_CONFIRMATION_OK"
828,10324604531,10324604566,1,"IOTHUB_CLIENT_CONFIRMATION_OK"
829,10324604731,10324604777,1,"IOTHUB_CLIENT_CONFIRMATION_OK"
830,10324604931,10324604981,1,"IOTHUB_CLIENT_CONFIRMATION_OK"
831,10324605131,10324605181,1,"IOTHUB_CLIENT_CONFIRMATION_OK"
832,10324605332,10324605641,1,"IOTHUB_CLIENT_CONFIRMATION_OK"
833,10324605532,10324605818,1,"IOTHUB_CLIENT_CONFIRMATION_OK"
834,10324605732,10324606205,1,"IOTHUB_CLIENT_CONFIRMATION_OK"
835,10324605932,10324606255,1,"IOTHUB_CLIENT_CONFIRMATION_OK"
836,10324606132,10324606357,1,"IOTHUB_CLIENT_CONFIRMATION_OK"
837,10324606333,10324606379,1,"IOTHUB_CLIENT_CONFIRMATION_OK"
838,10324606533,10324606563,1,"IOTHUB_CLIENT_CONFIRMATION_OK"
839,10324606733,10324606927,1,"IOTHUB_CLIENT_CONFIRMATION_OK"
840,10324606933,10324606995,1,"IOTHUB_CLIENT_CONFIRMATION_OK"
841,10324607133,10324607371,1,"IOTHUB_CLIENT_CONFIRMATION_OK"
842,10324607333,10324607411,1,"IOTHUB_CLIENT_CONFIRMATION_OK"
843,10324607533,10324607565,1,"IOTHUB_CLIENT_CONFIRMATION_OK"
844,10324607734,10324607834,1,"IOTHUB_CLIENT_CONFIRMATION_OK"
845,10324607934,10324607968,1,"IOTHUB_CLIENT_CONFIRMATION_OK"
846,10324608134,10324608250,1,"IOTHUB_CLIENT_CONFIRMATION_OK"
847,10324608334,10324608372,1,"IOTHUB_CLIENT_CONFIRMATION_OK"
848,10324608534,10324608566,1,"IOTHUB_CLIENT_CONFIRMATION_OK"
849,10324608735,10324608772,1,"IOTHUB_CLIENT_CONFIRMATION_OK"
850,10324608935,10324609112,1,"IOTHUB_CLIENT_CONFIRMATION_OK"
851,10324609135,10324609165,1,"IOTHUB_CLIENT_CONFIRMATION_OK"
852,10324609335,10324609365,1,"IOTHUB_CLIENT_CONFIRMATION_OK"
853,10324609535,10324609695,1,"IOTHUB_CLIENT_CONFIRMATION_OK"
854,10324609735,10324609768,1,"IOTHUB_CLIENT_CONFIRMATION_OK"
855,10324609935,10324609966,1,"IOTHUB_CLIENT_CONFIRMATION_OK"
856,10324610136,10324610180,1,"IOTHUB_CLIENT_CONFIRMATION_OK"
857,10324610336,10324610419,1,"IOTHUB_CLIENT_CONFIRMATION_OK"
858,10324610536,10324610601,1,"IOTHUB_CLIENT_CONFIRMATION_OK"
859,10324610736,10324610792,1,"IOTHUB_CLIENT_CONFIRMATION_OK"
860,10324610936,10324610967,1,"IOTHUB_CLIENT_CONFIRMATION_OK"
861,10324611136,10324611173,1,"IOTHUB_CLIENT_CONFIRMATION_OK"
862,10324611337,10324611371,1,"IOTHUB_CLIENT_CONFIRMATION_OK"
863,10324611537,10324611652,1,"IOTHUB_CLIENT_CONFIRMATION_OK"
864,10324611737,10324611771,1,"IOTHUB_CLIENT_CONFIRMATION_OK"
865,10324611937,10324611994,1,"IOTHUB_CLIENT_CONFIRMATION_OK"
866,10324612137,10324612358,1,"IOTHUB_CLIENT_CONFIRMATION_OK"
867,10324612337,10324612383,1,"IOTHUB_CLIENT_CONFIRMATION_OK"
868,10324612538,10324612569,1,"IOTHUB_CLIENT_CONFIRMATION_OK"
869,10324612738,10324612768,1,"IOTHUB_CLIENT_CONFIRMATION_OK"
870,10324612938,10324612969,1,"IOTHUB_CLIENT_CONFIRMATION_OK"
871,10324613138,10324613175,1,"IOTHUB_CLIENT_CONFIRMATION_OK"
872,10324613338,10324613371,1,"IOTHUB_CLIENT_CONFIRMATION_OK"
873,10324613538,10324613687,1,"IOTHUB_CLIENT_CONFIRMATION_OK"
874,10324613739,10324613772,1,"IOTHUB_CLIENT_CONFIRMATION_OK"
875,10324613939,10324613981,1,"IOTHUB_CLIENT_CONFIRMATION_OK"
876,10324614139,10324614305,1,"IOTHUB_CLIENT_CONFIRMATION_OK"
877,10324614339,10324614373,1,"IOTHUB_CLIENT_CONFIRMATION_OK"
878,10324614539,10324614571,1,"IOTHUB_CLIENT_CONFIRMATION_OK"
879,10324614740,10324614773,1,"IOTHUB_CLIENT_CONFIRMATION_OK"
880,10324614940,10324615010,1,"IOTHUB_CLIENT_CONFIRMATION_OK"
881,10324615140,10324615178,1,"IOTHUB_CLIENT_CONFIRMATION_OK"
882,10324615340,10324615393,1,"IOTHUB_CLIENT_CONFIRMATION_OK"
883,10324615540,10324615569,1,"IOTHUB_CLIENT_CONFIRMATION_OK"
884,10324615740,10324615773,1,"IOTHUB_CLIENT_CONFIRMATION_OK"
885,10324615940,10324615973,1,"IOTHUB_CLIENT_CONFIRMATION_OK"
886,10324616141,10324616173,1,"IOTHUB_CLIENT_CONFIRMATION_OK"
887,10324616341,10324616448,1,"IOTHUB_CLIENT_CONFIRMATION_OK"
888,10324616541,10324616571,1,"IOTHUB_CLIENT_CONFIRMATION_OK"
889,10324616741,10324616772,1,"IOTHUB_CLIENT_CONFIRMATION_OK"
890,10324616942,10324616991,1,"IOTHUB_CLIENT_CONFIRMATION_OK"
891,10324617142,10324617195,1,"IOTHUB_CLIENT_CONFIRMATION_OK"
892,10324617342,10324617476,1,"IOTHUB_CLIENT_CONFIRMATION_OK"
893,10324617542,10324617596,1,"IOTHUB_CLIENT_CONFIRMATION_OK"
894,10324617742,10324617814,1,"IOTHUB_CLIENT_CONFIRMATION_OK"
895,10324617942,10324617972,1,"IOTHUB_CLIENT_CONFIRMATION_OK"
896,10324618143,10324618181,1,"IOTHUB_CLIENT_CONFIRMATION_OK"
897,10324618343,10324618464,1,"IOTHUB_CLIENT_CONFIRMATION_OK"
898,10324618543,10324618590,1,"IOTHUB_CLIENT_CONFIRMATION_OK"
899,10324618743,10324618851,1,"IOTHUB_CLIENT_CONFIRMATION_OK"
900,10324618943,10324618993,1,"IOTHUB_CLIENT_CONFIRMATION_OK"
901,10324619143,10324619176,1,"IOTHUB_CLIENT_CONFIRMATION_OK"
902,10324619343,10324619494,1,"IOTHUB_CLIENT_CONFIRMATION_OK"
903,10324619544,10324619647,1,"IOTHUB_CLIENT_CONFIRMATION_OK"
904,10324619744,10324619775,1,"IOTHUB_CLIENT_CONFIRMATION_OK"
905,10324619944,10324620066,1,"IOTHUB_CLIENT_CONFIRMATION_OK"
906,10324620144,10324620173,1,"IOTHUB_CLIENT_CONFIRMATION_OK"
907,10324620344,10324620376,1,"IOTHUB_CLIENT_CONFIRMATION_OK"
908,10324620544,10324620695,1,"IOTHUB_CLIENT_CONFIRMATION_OK"
909,10324620745,10324620782,1,"IOTHUB_CLIENT_CONFIRMATION_OK"
910,10324620945,10324620976,1,"IOTHUB_CLIENT_CONFIRMATION_OK"
911,10324621145,10324621180,1,"IOTHUB_CLIENT_CONFIRMATION_OK"
912,10324621345,10324621435,1,"IOTHUB_CLIENT_CONFIRMATION_OK"
913,10324621545,10324621582,1,"IOTHUB_CLIENT_CONFIRMATION_OK"
914,10324621745,10324621838,1,"IOTHUB_CLIENT_CONFIRMATION_OK"
915,10324621946,10324622023,1,"IOTHUB_CLIENT_CONFIRMATION_OK"
916,10324622146,10324622183,1,"IOTHUB_CLIENT_CONFIRMATION_OK"
917,10324622346,10324622376,1,"IOTHUB_CLIENT_CONFIRMATION_OK"
918,10324622546,10324622623,1,"IOTHUB_CLIENT_CONFIRMATION_OK"
919,10324622746,10324622782,1,"IOTHUB_CLIENT_CONFIRMATION_OK"
920,10324622946,10324623050,1,"IOTHUB_CLIENT_CONFIRMATION_OK"
921,10324623146,10324623182,1,"IOTHUB_CLIENT_CONFIRMATION_OK"
922,10324623347,10324623377,1,"IOTHUB_CLIENT_CONFIRMATION_OK"
923,10324623547,10324623582,1,"IOTHUB_CLIENT_CONFIRMATION_OK"
924,10324623747,10324623828,1,"IOTHUB_CLIENT_CONFIRMATION_OK"
925,10324623947,10324623995,1,"IOTHUB_CLIENT_CONFIRMATION_OK"
926,10324624147,10324624190,1,"IOTHUB_CLIENT_CONFIRMATION_OK"
927,10324624347,10324624376,1,"IOTHUB_CLIENT_CONFIRMATION_OK"
928,10324624547,10324624579,1,"IOTHUB_CLIENT_CONFIRMATION_OK"
929,10324624748,10324624797,1,"IOTHUB_CLIENT_CONFIRMATION_OK"
930,10324624948,10324625059,1,"IOTHUB_CLIENT_CONFIRMATION_OK"
931,10324625148,10324625244,1,"IOTHUB_CLIENT_CONFIRMATION_OK"
932,10324625348,10324625448,1,"IOTHUB_CLIENT_CONFIRMATION_OK"
933,10324625548,10324625579,1,"IOTHUB_CLIENT_CONFIRMATION_OK"
934,10324625748,10324625911,1,"IOTHUB_CLIENT_CONFIRMATION_OK"
935,10324625949,10324625980,1,"IOTHUB_CLIENT_CONFIRMATION_OK"
936,10324626149,10324626181,1,"IOTHUB_CLIENT_CONFIRMATION_OK"
937,10324626349,10324626382,1,"IOTHUB_CLIENT_CONFIRMATION_OK"
938,10324626549,10324626656,1,"IOTHUB_CLIENT_CONFIRMATION_OK"
939,10324626749,10324626841,1,"IOTHUB_CLIENT_CONFIRMATION_OK"
940,10324626949,10324627026,1,"IOTHUB_CLIENT_CONFIRMATION_OK"
941,10324627150,10324627183,1,"IOTHUB_CLIENT_CONFIRMATION_OK"
942,10324627350,10324627384,1,"IOTHUB_CLIENT_CONFIRMATION_OK"
943,10324627550,10324627589,1,"IOTHUB_CLIENT_CONFIRMATION_OK"
944,10324627750,10324627779,1,"IOTHUB_CLIENT_CONFIRMATION_OK"
945,10324627950,10324627983,1,"IOTHUB_CLIENT_CONFIRMATION_OK"
946,10324628150,10324628186,1,"IOTHUB_CLIENT_CONFIRMATION_OK"
947,10324628350,10324628399,1,"IOTHUB_CLIENT_CONFIRMATION_OK"
948,10324628551,10324628734,1,"IOTHUB_CLIENT_CONFIRMATION_OK"
949,10324628751,10324628784,1,"IOTHUB_CLIENT_CONFIRMATION_OK"
950,10324628951,10324628991,1,"IOTHUB_CLIENT_CONFIRMATION_OK"
951,10324629151,10324629186,1,"IOTHUB_CLIENT_CONFIRMATION_OK"
952,10324629351,10324629383,1,"IOTHUB_CLIENT_CONFIRMATION_OK"
953,10324629551,10324629582,1,"IOTHUB_CLIENT_CONFIRMATION_OK"
954,10324629751,10324629787,1,"IOTHUB_CLIENT_CONFIRMATION_OK"
955,10324629952,10324629987,1,"IOTHUB_CLIENT_CONFIRMATION_OK"
956,10324630152,10324630182,1,"IOTHUB_CLIENT_CONFIRMATION_OK"
957,10324630352,10324630384,1,"IOTHUB_CLIENT_CONFIRMATION_OK"
958,10324630552,10324630583,1,"IOTHUB_CLIENT_CONFIRMATION_OK"
959,10324630752,10324630784,1,"IOTHUB_CLIENT_CONFIRMATION_OK"
960,10324630953,10324631009,1,"IOTHUB_CLIENT_CONFIRMATION_OK"
961,10324631153,10324631195,1,"IOTHUB_CLIENT_CONFIRMATION_OK"
962,10324631353,10324631385,1,"IOTHUB_CLIENT_CONFIRMATION_OK"
963,10324631553,10324631643,1,"IOTHUB_CLIENT_CONFIRMATION_OK"
964,10324631753,10324631786,1,"IOTHUB_CLIENT_CONFIRMATION_OK"
965,10324631954,10324632034,1,"IOTHUB_CLIENT_CONFIRMATION_OK"
966,10324632154,10324632231,1,"IOTHUB_CLIENT_CONFIRMATION_OK"
967,10324632354,10324632388,1,"IOTHUB_CLIENT_CONFIRMATION_OK"
968,10324632554,10324632586,1,"IOTHUB_CLIENT_CONFIRMATION_OK"
969,10324632754,10324632785,1,"IOTHUB_CLIENT_CONFIRMATION_OK"
970,10324632954,10324632992,1,"IOTHUB_CLIENT_CONFIRMATION_OK"
971,10324633154,10324633630,1,"IOTHUB_CLIENT_CONFIRMATION_OK"
972,10324633355,10324633670,1,"IOTHUB_CLIENT_CONFIRMATION_OK"
973,10324633555,10324633701,1,"IOTHUB_CLIENT_CONFIRMATION_OK"
974,10324633755,10324633871,1,"IOTHUB_CLIENT_CONFIRMATION_OK"
975,10324633955,10324633988,1,"IOTHUB_CLIENT_CONFIRMATION_OK"
976,10324634155,10324634186,1,"IOTHUB_CLIENT_CONFIRMATION_OK"
977,10324634355,10324634641,1,"IOTHUB_CLIENT_CONFIRMATION_OK"
978,10324634556,10324634660,1,"IOTHUB_CLIENT_CONFIRMATION_OK"
979,10324634756,10324634801,1,"IOTHUB_CLIENT_CONFIRMATION_OK"
980,10324634956,10324635052,1,"IOTHUB_CLIENT_CONFIRMATION_OK"
981,10324635156,10324635186,1,"IOTHUB_CLIENT_CONFIRMATION_OK"
982,10324635356,10324635390,1,"IOTHUB_CLIENT_CONFIRMATION_OK"
983,10324635556,10324635683,1,"IOTHUB_CLIENT_CONFIRMATION_OK"
984,10324635756,10324635790,1,"IOTHUB_CLIENT_CONFIRMATION_OK"
985,10324635957,10324635990,1,"IOTHUB_CLIENT_CONFIRMATION_OK"
986,10324636157,10324636186,1,"IOTHUB_CLIENT_CONFIRMATION_OK"
987,10324636357,10324636394,1,"IOTHUB_CLIENT_CONFIRMATION_OK"
988,10324636557,10324636591,1,"IOTHUB_CLIENT_CONFIRMATION_OK"
989,10324636757,10324636793,1,"IOTHUB_CLIENT_CONFIRMATION_OK"
990,10324636958,10324636990,1,"IOTHUB_CLIENT_CONFIRMATION_OK"
991,10324637158,10324637192,1,"IOTHUB_CLIENT_CONFIRMATION_OK"
992,10324637358,10324637391,1,"IOTHUB_CLIENT_CONFIRMATION_OK"
993,10324637558,10324637606,1,"IOTHUB_CLIENT_CONFIRMATION_OK"
994,10324637758,10324637806,1,"IOTHUB_CLIENT_CONFIRMATION_OK"
995,10324637958,10324637999,1,"IOTHUB_CLIENT_CONFIRMATION_OK"
996,10324638159,10324638192,1,"IOTHUB_CLIENT_CONFIRMATION_OK"
997,10324638359,10324638744,1,"IOTHUB_CLIENT_CONFIRMATION_OK"
998,10324638559,10324638761,1,"IOTHUB_CLIENT_CONFIRMATION_OK"
999,10324638759,10324638816,1,"IOTHUB_CLIENT_CONFIRMATION_OK"
1000,10324638959,10324638988,1,"IOTHUB_CLIENT_CONFIRMATION_OK"
1001,10324639159,10324639191,1,"IOTHUB_CLIENT_CONFIRMATION_OK"
1002,10324639360,10324639401,1,"IOTHUB_CLIENT_CONFIRMATION_OK"
1003,10324639560,10324639593,1,"IOTHUB_CLIENT_CONFIRMATION_OK"
1004,10324639760,10324639790,1,"IOTHUB_CLIENT_CONFIRMATION_OK"
1005,10324639960,10324640159,1,"IOTHUB_CLIENT_CONFIRMATION_OK"
1006,10324640160,10324640296,1,"IOTHUB_CLIENT_CONFIRMATION_OK"
1007,10324640360,10324640427,1,"IOTHUB_CLIENT_CONFIRMATION_OK"
1008,10324640560,10324640591,1,"IOTHUB_CLIENT_CONFIRMATION_OK"
1009,10324640761,10324640803,1,"IOTHUB_CLIENT_CONFIRMATION_OK"
1010,10324640961,10324640995,1,"IOTHUB_CLIENT_CONFIRMATION_OK"
1011,10324641161,10324641194,1,"IOTHUB_CLIENT_CONFIRMATION_OK"
1012,10324641361,10324641409,1,"IOTHUB_CLIENT_CONFIRMATION_OK"
1013,10324641561,10324641593,1,"IOTHUB_CLIENT_CONFIRMATION_OK"
1014,10324641762,10324641793,1,"IOTHUB_CLIENT_CONFIRMATION_OK"
1015,10324641962,10324642032,1,"IOTHUB_CLIENT_CONFIRMATION_OK"
1016,10324642162,10324642197,1,"IOTHUB_CLIENT_CONFIRMATION_OK"
1017,10324642362,10324642398,1,"IOTHUB_CLIENT_CONFIRMATION_OK"
1018,10324642562,10324642634,1,"IOTHUB_CLIENT_CONFIRMATION_OK"
1019,10324642762,10324642793,1,"IOTHUB_CLIENT_CONFIRMATION_OK"
1020,10324642962,10324642994,1,"IOTHUB_CLIENT_CONFIRMATION_OK"
1021,10324643163,10324643191,1,"IOTHUB_CLIENT_CONFIRMATION_OK"
1022,10324643363,10324643398,1,"IOTHUB_CLIENT_CONFIRMATION_OK"
1023,10324643563,10324643663,1,"IOTHUB_CLIENT_CONFIRMATION_OK"
1024,10324643763,10324643799,1,"IOTHUB_CLIENT_CONFIRMATION_OK"
1025,10324643963,10324644009,1,"IOTHUB_CLIENT_CONFIRMATION_OK"
1026,10324644163,10324644291,1,"IOTHUB_CLIENT_CONFIRMATION_OK"
1027,10324644364,10324644394,1,"IOTHUB_CLIENT_CONFIRMATION_OK"
1028,10324644564,10324644602,1,"IOTHUB_CLIENT_CONFIRMATION_OK"
1029,10324644764,10324644897,1,"IOTHUB_CLIENT_CONFIRMATION_OK"
1030,10324644964,10324644998,1,"IOTHUB_CLIENT_CONFIRMATION_OK"
1031,10324645164,10324645196,1,"IOTHUB_CLIENT_CONFIRMATION_OK"
1032,10324645364,10324645401,1,"IOTHUB_CLIENT_CONFIRMATION_OK"
1033,10324645565,10324645597,1,"IOTHUB_CLIENT_CONFIRMATION_OK"
1034,10324645765,10324645843,1,"IOTHUB_CLIENT_CONFIRMATION_OK"
1035,10324645965,10324645999,1,"IOTHUB_CLIENT_CONFIRMATION_OK"
1036,10324646165,10324646198,1,"IOTHUB_CLIENT_CONFIRMATION_OK"
1037,10324646365,10324646399,1,"IOTHUB_CLIENT_CONFIRMATION_OK"
1038,10324646565,10324646600,1,"IOTHUB_CLIENT_CONFIRMATION_OK"
1039,10324646765,10324646813,1,"IOTHUB_CLIENT_CONFIRMATION_OK"
1040,10324646966,10324647018,1,"IOTHUB_CLIENT_CONFIRMATION_OK"
1041,10324647166,10324647210,1,"IOTHUB_CLIENT_CONFIRMATION_OK"
1042,10324647366,10324647411,1,"IOTHUB_CLIENT_CONFIRMATION_OK"
1043,10324647566,10324647600,1,"IOTHUB_CLIENT_CONFIRMATION_OK"
1044,10324647766,10324647799,1,"IOTHUB_CLIENT_CONFIRMATION_OK"
1045,10324647966,10324648003,1,"IOTHUB_CLIENT_CONFIRMATION_OK"
1046,10324648167,10324648218,1,"IOTHUB_CLIENT_CONFIRMATION_OK"
1047,10324648367,10324648412,1,"IOTHUB_CLIENT_CONFIRMATION_OK"
1048,10324648567,10324648609,1,"IOTHUB_CLIENT_CONFIRMATION_OK"
1049,10324648767,10324648799,1,"IOTHUB_CLIENT_CONFIRMATION_OK"
1050,10324648967,10324649094,1,"IOTHUB_CLIENT_CONFIRMATION_OK"
1051,10324649167,10324649202,1,"IOTHUB_CLIENT_CONFIRMATION_OK"
1052,10324649367,10324649418,1,"IOTHUB_CLIENT_CONFIRMATION_OK"
1053,10324649568,10324649600,1,"IOTHUB_CLIENT_CONFIRMATION_OK"
1054,10324649768,10324649800,1,"IOTHUB_CLIENT_CONFIRMATION_OK"
1055,10324649968,10324650033,1,"IOTHUB_CLIENT_CONFIRMATION_OK"
1056,10324650168,10324650215,1,"IOTHUB_CLIENT_CONFIRMATION_OK"
1057,10324650368,10324650408,1,"IOTHUB_CLIENT_CONFIRMATION_OK"
1058,10324650568,10324650645,1,"IOTHUB_CLIENT_CONFIRMATION_OK"
1059,10324650769,10324650816,1,"IOTHUB_CLIENT_CONFIRMATION_OK"
1060,10324650969,10324651001,1,"IOTHUB_CLIENT_CONFIRMATION_OK"
1061,10324651169,10324651264,1,"IOTHUB_CLIENT_CONFIRMATION_OK"
1062,10324651369,10324651400,1,"IOTHUB_CLIENT_CONFIRMATION_OK"
1063,10324651569,10324651601,1,"IOTHUB_CLIENT_CONFIRMATION_OK"
1064,10324651769,10324651976,1,"IOTHUB_CLIENT_CONFIRMATION_OK"
1065,10324651970,10324652018,1,"IOTHUB_CLIENT_CONFIRMATION_OK"
1066,10324652170,10324652213,1,"IOTHUB_CLIENT_CONFIRMATION_OK"
1067,10324652370,10324652407,1,"IOTHUB_CLIENT_CONFIRMATION_OK"
1068,10324652570,10324652603,1,"IOTHUB_CLIENT_CONFIRMATION_OK"
1069,10324652770,10324652815,1,"IOTHUB_CLIENT_CONFIRMATION_OK"
1070,10324652970,10324653025,1,"IOTHUB_CLIENT_CONFIRMATION_OK"
1071,10324653171,10324653200,1,"IOTHUB_CLIENT_CONFIRMATION_OK"
1072,10324653371,10324653401,1,"IOTHUB_CLIENT_CONFIRMATION_OK"
1073,10324653571,10324653604,1,"IOTHUB_CLIENT_CONFIRMATION_OK"
1074,10324653771,10324653805,1,"IOTHUB_CLIENT_CONFIRMATION_OK"
1075,10324653971,10324654132,1,"IOTHUB_CLIENT_CONFIRMATION_OK"
1076,10324654171,10324654206,1,"IOTHUB_CLIENT_CONFIRMATION_OK"
1077,10324654372,10324654444,1,"IOTHUB_CLIENT_CONFIRMATION_OK"
1078,10324654572,10324654717,1,"IOTHUB_CLIENT_CONFIRMATION_OK"
1079,10324654772,10324654804,1,"IOTHUB_CLIENT_CONFIRMATION_OK"
1080,10324654972,10324655002,1,"IOTHUB_CLIENT_CONFIRMATION_OK"
1081,10324655172,10324655235,1,"IOTHUB_CLIENT_CONFIRMATION_OK"
1082,10324655373,10324655425,1,"IOTHUB_CLIENT_CONFIRMATION_OK"
1083,10324655573,10324655606,1,"IOTHUB_CLIENT_CONFIRMATION_OK"
1084,10324655773,10324655866,1,"IOTHUB_CLIENT_CONFIRMATION_OK"
1085,10324655973,10324656008,1,"IOTHUB_CLIENT_CONFIRMATION_OK"
1086,10324656173,10324656206,1,"IOTHUB_CLIENT_CONFIRMATION_OK"
1087,10324656373,10324656475,1,"IOTHUB_CLIENT_CONFIRMATION_OK"
1088,10324656574,10324656605,1,"IOTHUB_CLIENT_CONFIRMATION_OK"
1089,10324656774,10324656892,1,"IOTHUB_CLIENT_CONFIRMATION_OK"
1090,10324656974,10324657080,1,"IOTHUB_CLIENT_CONFIRMATION_OK"
1091,10324657174,10324657205,1,"IOTHUB_CLIENT_CONFIRMATION_OK"
1092,10324657375,10324657437,1,"IOTHUB_CLIENT_CONFIRMATION_OK"
1093,10324657575,10324657611,1,"IOTHUB_CLIENT_CONFIRMATION_OK"
1094,10324657775,10324657814,1,"IOTHUB_CLIENT_CONFIRMATION_OK"
1095,10324657975,10324658243,1,"IOTHUB_CLIENT_CONFIRMATION_OK"
1096,10324658175,10324658271,1,"IOTHUB_CLIENT_CONFIRMATION_OK"
1097,10324658375,10324658408,1,"IOTHUB_CLIENT_CONFIRMATION_OK"
1098,10324658576,10324658621,1,"IOTHUB_CLIENT_CONFIRMATION_OK"
1099,10324658776,10324658873,1,"IOTHUB_CLIENT_CONFIRMATION_OK"
1100,10324658976,10324659006,1,"IOTHUB_CLIENT_CONFIRMATION_OK"
1101,10324659176,10324659233,1,"IOTHUB_CLIENT_CONFIRMATION_OK"
1102,10324659376,10324659410,1,"IOTHUB_CLIENT_CONFIRMATION_OK"
1103,10324659577,10324659610,1,"IOTHUB_CLIENT_CONFIRMATION_OK"
1104,10324659777,10324660083,1,"IOTHUB_CLIENT_CONFIRMATION_OK"
1105,10324659977,10324660112,1,"IOTHUB_CLIENT_CONFIRMATION_OK"
1106,10324660177,10324660267,1,"IOTHUB_CLIENT_CONFIRMATION_OK"
1107,10324660377,10324660470,1,"IOTHUB_CLIENT_CONFIRMATION_OK"
1108,10324660577,10324660609,1,"IOTHUB_CLIENT_CONFIRMATION_OK"
1109,10324660777,10324660810,1,"IOTHUB_CLIENT_CONFIRMATION_OK"
1110,10324660978,10324661079,1,"IOTHUB_CLIENT_CONFIRMATION_OK"
1111,10324661178,10324661213,1,"IOTHUB_CLIENT_CONFIRMATION_OK"
1112,10324661378,10324661409,1,"IOTHUB_CLIENT_CONFIRMATION_OK"
1113,10324661578,10324661688,1,"IOTHUB_CLIENT_CONFIRMATION_OK"
1114,10324661778,10324661809,1,"IOTHUB_CLIENT_CONFIRMATION_OK"
1115,10324661978,10324662029,1,"IOTHUB_CLIENT_CONFIRMATION_OK"
1116,10324662178,10324662214,1,"IOTHUB_CLIENT_CONFIRMATION_OK"
1117,10324662379,10324662410,1,"IOTHUB_CLIENT_CONFIRMATION_OK"
1118,10324662579,10324662612,1,"IOTHUB_CLIENT_CONFIRMATION_OK"
1119,10324662779,10324662812,1,"IOTHUB_CLIENT_CONFIRMATION_OK"
1120,10324662979,10324663014,1,"IOTHUB_CLIENT_CONFIRMATION_OK"
1121,10324663179,10324663213,1,"IOTHUB_CLIENT_CONFIRMATION_OK"
1122,10324663379,10324663413,1,"IOTHUB_CLIENT_CONFIRMATION_OK"
1123,10324663580,10324663642,1,"IOTHUB_CLIENT_CONFIRMATION_OK"
1124,10324663780,10324663919,1,"IOTHUB_CLIENT_CONFIRMATION_OK"
1125,10324663980,10324664011,1,"IOTHUB_CLIENT_CONFIRMATION_OK"
1126,10324664180,10324664242,1,"IOTHUB_CLIENT_CONFIRMATION_OK"
1127,10324664380,10324664528,1,"IOTHUB_CLIENT_CONFIRMATION_OK"
1128,10324664581,10324664612,1,"IOTHUB_CLIENT_CONFIRMATION_OK"
1129,10324664781,10324664820,1,"IOTHUB_CLIENT_CONFIRMATION_OK"
1130,10324664981,10324665013,1,"IOTHUB_CLIENT_CONFIRMATION_OK"
1131,10324665181,10324665211,1,"IOTHUB_CLIENT_CONFIRMATION_OK"
1132,10324665381,10324665447,1,"IOTHUB_CLIENT_CONFIRMATION_OK"
1133,10324665581,10324665624,1,"IOTHUB_CLIENT_CONFIRMATION_OK"
1134,10324665782,10324665812,1,"IOTHUB_CLIENT_CONFIRMATION_OK"
1135,10324665982,10324666038,1,"IOTHUB_CLIENT_CONFIRMATION_OK"
1136,10324666182,10324666223,1,"IOTHUB_CLIENT_CONFIRMATION_OK"
1137,10324666382,10324666422,1,"IOTHUB_CLIENT_CONFIRMATION_OK"
1138,10324666582,10324666634,1,"IOTHUB_CLIENT_CONFIRMATION_OK"
1139,10324666782,10324666863,1,"IOTHUB_CLIENT_CONFIRMATION_OK"
1140,10324666982,10324667023,1,"IOTHUB_CLIENT_CONFIRMATION_OK"
1141,10324667183,10324667250,1,"IOTHUB_CLIENT_CONFIRMATION_OK"
1142,10324667383,10324667471,1,"IOTHUB_CLIENT_CONFIRMATION_OK"
1143,10324667583,10324667650,1,"IOTHUB_CLIENT_CONFIRMATION_OK"
1144,10324667783,10324667816,1,"IOTHUB_CLIENT_CONFIRMATION_OK"
1145,10324667983,10324668069,1,"IOTHUB_CLIENT_CONFIRMATION_OK"
1146,10324668183,10324668226,1,"IOTHUB_CLIENT_CONFIRMATION_OK"
1147,10324668384,10324668452,1,"IOTHUB_CLIENT_CONFIRMATION_OK"
1148,10324668584,10324668617,1,"IOTHUB_CLIENT_CONFIRMATION_OK"
1149,10324668784,10324668830,1,"IOTHUB_CLIENT_CONFIRMATION_OK"
1150,10324668984,10324669087,1,"IOTHUB_CLIENT_CONFIRMATION_OK"
1151,10324669184,10324669218,1,"IOTHUB_CLIENT_CONFIRMATION_OK"
1152,10324669384,10324669419,1,"IOTHUB_CLIENT_CONFIRMATION_OK"
1153,10324669585,10324669688,1,"IOTHUB_CLIENT_CONFIRMATION_OK"
1154,10324669785,10324669870,1,"IOTHUB_CLIENT_CONFIRMATION_OK"
1155,10324669985,10324670030,1,"IOTHUB_CLIENT_CONFIRMATION_OK"
1156,10324670185,10324670316,1,"IOTHUB_CLIENT_CONFIRMATION_OK"
1157,10324670385,10324670421,1,"IOTHUB_CLIENT_CONFIRMATION_OK"
1158,10324670585,10324670640,1,"IOTHUB_CLIENT_CONFIRMATION_OK"
1159,10324670786,10324670930,1,"IOTHUB_CLIENT_CONFIRMATION_OK"
1160,10324670986,10324671018,1,"IOTHUB_CLIENT_CONFIRMATION_OK"
1161,10324671186,10324671224,1,"IOTHUB_CLIENT_CONFIRMATION_OK"
1162,10324671386,10324671418,1,"IOTHUB_CLIENT_CONFIRMATION_OK"
1163,10324671586,10324671619,1,"IOTHUB_CLIENT_CONFIRMATION_OK"
1164,10324671787,10324671821,1,"IOTHUB_CLIENT_CONFIRMATION_OK"
1165,10324671987,10324672017,1,"IOTHUB_CLIENT_CONFIRMATION_OK"
1166,10324672187,10324672223,1,"IOTHUB_CLIENT_CONFIRMATION_OK"
1167,10324672387,10324672419,1,"IOTHUB_CLIENT_CONFIRMATION_OK"
1168,10324672587,10324672628,1,"IOTHUB_CLIENT_CONFIRMATION_OK"
1169,10324672787,10324672821,1,"IOTHUB_CLIENT_CONFIRMATION_OK"
1170,10324672987,10324673038,1,"IOTHUB_CLIENT_CONFIRMATION_OK"
1171,10324673188,10324673222,1,"IOTHUB_CLIENT_CONFIRMATION_OK"
1172,10324673388,10324673418,1,"IOTHUB_CLIENT_CONFIRMATION_OK"
1173,10324673588,10324673687,1,"IOTHUB_CLIENT_CONFIRMATION_OK"
1174,10324673788,10324673819,1,"IOTHUB_CLIENT_CONFIRMATION_OK"
1175,10324673988,10324674022,1,"IOTHUB_CLIENT_CONFIRMATION_OK"
1176,10324674188,10324674222,1,"IOTHUB_CLIENT_CONFIRMATION_OK"
1177,10324674388,10324674427,1,"IOTHUB_CLIENT_CONFIRMATION_OK"
1178,10324674589,10324674623,1,"IOTHUB_CLIENT_CONFIRMATION_OK"
1179,10324674789,10324674822,1,"IOTHUB_CLIENT_CONFIRMATION_OK"
1180,10324674989,10324675022,1,"IOTHUB_CLIENT_CONFIRMATION_OK"
1181,10324675189,10324675237,1,"IOTHUB_CLIENT_CONFIRMATION_OK"
1182,10324675389,10324675443,1,"IOTHUB_CLIENT_CONFIRMATION_OK"
1183,10324675589,10324675623,1,"IOTHUB_CLIENT_CONFIRMATION_OK"
1184,10324675790,10324675879,1,"IOTHUB_CLIENT_CONFIRMATION_OK"
1185,10324675990,10324676104,1,"IOTHUB_CLIENT_CONFIRMATION_OK"
1186,10324676190,10324676223,1,"IOTHUB_CLIENT_CONFIRMATION_OK"
1187,10324676390,10324676428,1,"IOTHUB_CLIENT_CONFIRMATION_OK"
1188,10324676590,10324676694,1,"IOTHUB_CLIENT_CONFIRMATION_OK"
1189,10324676790,10324676830,1,"IOTHUB_CLIENT_CONFIRMATION_OK"
1190,10324676990,10324677033,1,"IOTHUB_CLIENT_CONFIRMATION_OK"
1191,10324677191,10324677228,1,"IOTHUB_CLIENT_CONFIRMATION_OK"
1192,10324677391,10324677442,1,"IOTHUB_CLIENT_CONFIRMATION_OK"
1193,10324677591,10324677625,1,"IOTHUB_CLIENT_CONFIRMATION_OK"
1194,10324677791,10324677826,1,"IOTHUB_CLIENT_CONFIRMATION_OK"
1195,10324677991,10324678026,1,"IOTHUB_CLIENT_CONFIRMATION_OK"
1196,10324678192,10324678225,1,"IOTHUB_CLIENT_CONFIRMATION_OK"
1197,10324678392,10324678422,1,"IOTHUB_CLIENT_CONFIRMATION_OK"
1198,10324678592,10324678624,1,"IOTHUB_CLIENT_CONFIRMATION_OK"
1199,10324678792,10324678966,1,"IOTHUB_CLIENT_CONFIRMATION_OK"
1200,10324678993,10324679029,1,"IOTHUB_CLIENT_CONFIRMATION_OK"
1201,10324679193,10324679223,1,"IOTHUB_CLIENT_CONFIRMATION_OK"
1202,10324679393,10324679632,1,"IOTHUB_CLIENT_CONFIRMATION_OK"
1203,10324679593,10324679659,1,"IOTHUB_CLIENT_CONFIRMATION_OK"
1204,10324679793,10324679829,1,"IOTHUB_CLIENT_CONFIRMATION_OK"
1205,10324679993,10324680142,1,"IOTHUB_CLIENT_CONFIRMATION_OK"
1206,10324680194,10324680225,1,"IOTHUB_CLIENT_CONFIRMATION_OK"
1207,10324680394,10324680502,1,"IOTHUB_CLIENT_CONFIRMATION_OK"
1208,10324680594,10324680628,1,"IOTHUB_CLIENT_CONFIRMATION_OK"
1209,10324680794,10324680840,1,"IOTHUB_CLIENT_CONFIRMATION_OK"
1210,10324680994,10324681027,1,"IOTHUB_CLIENT_CONFIRMATION_OK"
1211,10324681194,10324681265,1,"IOTHUB_CLIENT_CONFIRMATION_OK"
1212,10324681395,10324681504,1,"IOTHUB_CLIENT_CONFIRMATION_OK"
1213,10324681595,10324681628,1,"IOTHUB_CLIENT_CONFIRMATION_OK"
1214,10324681795,10324681961,1,"IOTHUB_CLIENT_CONFIRMATION_OK"
1215,10324681995,10324682054,1,"IOTHUB_CLIENT_CONFIRMATION_OK"
1216,10324682195,10324682225,1,"IOTHUB_CLIENT_CONFIRMATION_OK"
1217,10324682395,10324682454,1,"IOTHUB_CLIENT_CONFIRMATION_OK"
1218,10324682596,10324682623,1,"IOTHUB_CLIENT_CONFIRMATION_OK"
1219,10324682796,10324682825,1,"IOTHUB_CLIENT_CONFIRMATION_OK"
1220,10324682996,10324683039,1,"IOTHUB_CLIENT_CONFIRMATION_OK"
1221,10324683196,10324683225,1,"IOTHUB_CLIENT_CONFIRMATION_OK"
1222,10324683396,10324683425,1,"IOTHUB_CLIENT_CONFIRMATION_OK"
1223,10324683596,10324683642,1,"IOTHUB_CLIENT_CONFIRMATION_OK"
1224,10324683796,10324683844,1,"IOTHUB_CLIENT_CONFIRMATION_OK"
1225,10324683997,10324684080,1,"IOTHUB_CLIENT_CONFIRMATION_OK"
1226,10324684197,10324684230,1,"IOTHUB_CLIENT_CONFIRMATION_OK"
1227,10324684397,10324684427,1,"IOTHUB_CLIENT_CONFIRMATION_OK"
1228,10324684597,10324684681,1,"IOTHUB_CLIENT_CONFIRMATION_OK"
1229,10324684797,10324684846,1,"IOTHUB_CLIENT_CONFIRMATION_OK"
1230,10324684997,10324685029,1,"IOTHUB_CLIENT_CONFIRMATION_OK"
1231,10324685198,10324685311,1,"IOTHUB_CLIENT_CONFIRMATION_OK"
1232,10324685398,10324685434,1,"IOTHUB_CLIENT_CONFIRMATION_OK"
1233,10324685598,10324685630,1,"IOTHUB_CLIENT_CONFIRMATION_OK"
1234,10324685798,10324685828,1,"IOTHUB_CLIENT_CONFIRMATION_OK"
1235,10324685998,10324686030,1,"IOTHUB_CLIENT_CONFIRMATION_OK"
1236,10324686199,10324686228,1,"IOTHUB_CLIENT_CONFIRMATION_OK"
1237,10324686399,10324686432,1,"IOTHUB_CLIENT_CONFIRMATION_OK"
1238,10324686599,10324686640,1,"IOTHUB_CLIENT_CONFIRMATION_OK"
1239,10324686799,10324686841,1,"IOTHUB_CLIENT_CONFIRMATION_OK"
1240,10324686999,10324687041,1,"IOTHUB_CLIENT_CONFIRMATION_OK"
1241,10324687199,10324687231,1,"IOTHUB_CLIENT_CONFIRMATION_OK"
1242,10324687400,10324687437,1,"IOTHUB_CLIENT_CONFIRMATION_OK"
1243,10324687600,10324687642,1,"IOTHUB_CLIENT_CONFIRMATION_OK"
1244,10324687800,10324687833,1,"IOTHUB_CLIENT_CONFIRMATION_OK"
1245,10324688000,10324688035,1,"IOTHUB_CLIENT_CONFIRMATION_OK"
1246,10324688200,10324688231,1,"IOTHUB_CLIENT_CONFIRMATION_OK"
1247,10324688400,10324688451,1,"IOTHUB_CLIENT_CONFIRMATION_OK"
1248,10324688600,10324688664,1,"IOTHUB_CLIENT_CONFIRMATION_OK"
1249,10324688801,10324688834,1,"IOTHUB_CLIENT_CONFIRMATION_OK"
1250,10324689001,10324689040,1,"IOTHUB_CLIENT_CONFIRMATION_OK"
1251,10324689201,10324689359,1,"IOTHUB_CLIENT_CONFIRMATION_OK"
1252,10324689401,10324689430,1,"IOTHUB_CLIENT_CONFIRMATION_OK"
1253,10324689601,10324689651,1,"IOTHUB_CLIENT_CONFIRMATION_OK"
1254,10324689802,10324689917,1,"IOTHUB_CLIENT_CONFIRMATION_OK"
1255,10324690002,10324690049,1,"IOTHUB_CLIENT_CONFIRMATION_OK"
1256,10324690202,10324690232,1,"IOTHUB_CLIENT_CONFIRMATION_OK"
1257,10324690402,10324690512,1,"IOTHUB_CLIENT_CONFIRMATION_OK"
1258,10324690602,10324690637,1,"IOTHUB_CLIENT_CONFIRMATION_OK"
1259,10324690802,10324690835,1,"IOTHUB_CLIENT_CONFIRMATION_OK"
1260,10324691002,10324691139,1,"IOTHUB_CLIENT_CONFIRMATION_OK"
1261,10324691203,10324691235,1,"IOTHUB_CLIENT_CONFIRMATION_OK"
1262,10324691403,10324691436,1,"IOTHUB_CLIENT_CONFIRMATION_OK"
1263,10324691603,10324691639,1,"IOTHUB_CLIENT_CONFIRMATION_OK"
1264,10324691803,10324691835,1,"IOTHUB_CLIENT_CONFIRMATION_OK"
1265,10324692003,10324692051,1,"IOTHUB_CLIENT_CONFIRMATION_OK"
1266,10324692204,10324692281,1,"IOTHUB_CLIENT_CONFIRMATION_OK"
1267,10324692404,10324692435,1,"IOTHUB_CLIENT_CONFIRMATION_OK"
1268,10324692604,10324692642,1,"IOTHUB_CLIENT_CONFIRMATION_OK"
1269,10324692804,10324692844,1,"IOTHUB_CLIENT_CONFIRMATION_OK"
1270,10324693004,10324693037,1,"IOTHUB_CLIENT_CONFIRMATION_OK"
1271,10324693205,10324693240,1,"IOTHUB_CLIENT_CONFIRMATION_OK"
1272,10324693405,10324693437,1,"IOTHUB_CLIENT_CONFIRMATION_OK"
1273,10324693605,10324693636,1,"IOTHUB_CLIENT_CONFIRMATION_OK"
1274,10324693805,10324694193,1,"IOTHUB_CLIENT_CONFIRMATION_OK"
1275,10324694005,10324694225,1,"IOTHUB_CLIENT_CONFIRMATION_OK"
1276,10324694205,10324694270,1,"IOTHUB_CLIENT_CONFIRMATION_OK"
1277,10324694406,10324694585,1,"IOTHUB_CLIENT_CONFIRMATION_OK"
1278,10324694606,10324695150,1,"IOTHUB_CLIENT_CONFIRMATION_OK"
1279,10324694806,10324695257,1,"IOTHUB_CLIENT_CONFIRMATION_OK"
1280,10324695006,10324695303,1,"IOTHUB_CLIENT_CONFIRMATION_OK"
1281,10324695206,10324695338,1,"IOTHUB_CLIENT_CONFIRMATION_OK"
1282,10324695406,10324695537,1,"IOTHUB_CLIENT_CONFIRMATION_OK"
1283,10324695607,10324695644,1,"IOTHUB_CLIENT_CONFIRMATION_OK"
1284,10324695807,10324695839,1,"IOTHUB_CLIENT_CONFIRMATION_OK"
1285,10324696007,10324696041,1,"IOTHUB_CLIENT_CONFIRMATION_OK"
1286,10324696207,10324696244,1,"IOTHUB_CLIENT_CONFIRMATION_OK"
1287,10324696407,10324696485,1,"IOTHUB_CLIENT_CONFIRMATION_OK"
1288,10324696607,10324696641,1,"IOTHUB_CLIENT_CONFIRMATION_OK"
1289,10324696808,10324696857,1,"IOTHUB_CLIENT_CONFIRMATION_OK"
1290,10324697008,10324697064,1,"IOTHUB_CLIENT_CONFIRMATION_OK"
1291,10324697208,10324697340,1,"IOTHUB_CLIENT_CONFIRMATION_OK"
1292,10324697408,10324697529,1,"IOTHUB_CLIENT_CONFIRMATION_OK"
1293,10324697608,10324697644,1,"IOTHUB_CLIENT_CONFIRMATION_OK"
1294,10324697808,10324697851,1,"IOTHUB_CLIENT_CONFIRMATION_OK"
1295,10324698008,10324698040,1,"IOTHUB_CLIENT_CONFIRMATION_OK"
1296,10324698209,10324698241,1,"IOTHUB_CLIENT_CONFIRMATION_OK"
1297,10324698409,10324698516,1,"IOTHUB_CLIENT_CONFIRMATION_OK"
1298,10324698609,10324698696,1,"IOTHUB_CLIENT_CONFIRMATION_OK"
1299,10324698809,10324698844,1,"IOTHUB_CLIENT_CONFIRMATION_OK"
1300,10324699009,10324699163,1,"IOTHUB_CLIENT_CONFIRMATION_OK"
1301,10324699210,10324699242,1,"IOTHUB_CLIENT_CONFIRMATION_OK"
1302,10324699410,10324699442,1,"IOTHUB_CLIENT_CONFIRMATION_OK"
1303,10324699610,10324699762,1,"IOTHUB_CLIENT_CONFIRMATION_OK"
1304,10324699810,10324699842,1,"IOTHUB_CLIENT_CONFIRMATION_OK"
1305,10324700010,10324700042,1,"IOTHUB_CLIENT_CONFIRMATION_OK"
1306,10324700210,10324700428,1,"IOTHUB_CLIENT_CONFIRMATION_OK"
1307,10324700411,10324700451,1,"IOTHUB_CLIENT_CONFIRMATION_OK"
1308,10324700611,10324700644,1,"IOTHUB_CLIENT_CONFIRMATION_OK"
1309,10324700811,10324700842,1,"IOTHUB_CLIENT_CONFIRMATION_OK"
1310,10324701011,10324701047,1,"IOTHUB_CLIENT_CONFIRMATION_OK"
1311,10324701211,10324701242,1,"IOTHUB_CLIENT_CONFIRMATION_OK"
1312,10324701411,10324701443,1,"IOTHUB_CLIENT_CONFIRMATION_OK"
1313,10324701612,10324701644,1,"IOTHUB_CLIENT_CONFIRMATION_OK"
1314,10324701812,10324701867,1,"IOTHUB_CLIENT_CONFIRMATION_OK"
1315,10324702012,10324702082,1,"IOTHUB_CLIENT_CONFIRMATION_OK"
1316,10324702212,10324702258,1,"IOTHUB_CLIENT_CONFIRMATION_OK"
1317,10324702412,10324702506,1,"IOTHUB_CLIENT_CONFIRMATION_OK"
1318,10324702612,10324702645,1,"IOTHUB_CLIENT_CONFIRMATION_OK"
1319,10324702812,10324702847,1,"IOTHUB_CLIENT_CONFIRMATION_OK"
1320,10324703013,10324703048,1,"IOTHUB_CLIENT_CONFIRMATION_OK"
1321,10324703213,10324703253,1,"IOTHUB_CLIENT_CONFIRMATION_OK"
1322,10324703413,10324703443,1,"IOTHUB_CLIENT_CONFIRMATION_OK"
1323,10324703613,10324703676,1,"IOTHUB_CLIENT_CONFIRMATION_OK"
1324,10324703813,10324703872,1,"IOTHUB_CLIENT_CONFIRMATION_OK"
1325,10324704014,10324704046,1,"IOTHUB_CLIENT_CONFIRMATION_OK"
1326,10324704214,10324704364,1,"IOTHUB_CLIENT_CONFIRMATION_OK"
1327,10324704414,10324704446,1,"IOTHUB_CLIENT_CONFIRMATION_OK"
1328,10324704614,10324704647,1,"IOTHUB_CLIENT_CONFIRMATION_OK"
1329,10324704814,10324704911,1,"IOTHUB_CLIENT_CONFIRMATION_OK"
1330,10324705014,10324705076,1,"IOTHUB_CLIENT_CONFIRMATION_OK"
1331,10324705214,10324705319,1,"IOTHUB_CLIENT_CONFIRMATION_OK"
1332,10324705415,10324705522,1,"IOTHUB_CLIENT_CONFIRMATION_OK"
1333,10324705615,10324705705,1,"IOTHUB_CLIENT_CONFIRMATION_OK"
1334,10324705815,10324705935,1,"IOTHUB_CLIENT_CONFIRMATION_OK"
1335,10324706015,10324706143,1,"IOTHUB_CLIENT_CONFIRMATION_OK"
1336,10324706215,10324706247,1,"IOTHUB_CLIENT_CONFIRMATION_OK"
1337,10324706416,10324706447,1,"IOTHUB_CLIENT_CONFIRMATION_OK"
1338,10324706616,10324706647,1,"IOTHUB_CLIENT_CONFIRMATION_OK"
1339,10324706816,10324706850,1,"IOTHUB_CLIENT_CONFIRMATION_OK"
1340,10324707016,10324707130,1,"IOTHUB_CLIENT_CONFIRMATION_OK"
1341,10324707216,10324707247,1,"IOTHUB_CLIENT_CONFIRMATION_OK"
1342,10324707416,10324707488,1,"IOTHUB_CLIENT_CONFIRMATION_OK"
1343,10324707617,10324707649,1,"IOTHUB_CLIENT_CONFIRMATION_OK"
1344,10324707817,10324707849,1,"IOTHUB_CLIENT_CONFIRMATION_OK"
1345,10324708017,10324708090,1,"IOTHUB_CLIENT_CONFIRMATION_OK"
1346,10324708217,10324708368,1,"IOTHUB_CLIENT_CONFIRMATION_OK"
1347,10324708417,10324708450,1,"IOTHUB_CLIENT_CONFIRMATION_OK"
1348,10324708618,10324708668,1,"IOTHUB_CLIENT_CONFIRMATION_OK"
1349,10324708818,10324708980,1,"IOTHUB_CLIENT_CONFIRMATION_OK"
1350,10324709018,10324709049,1,"IOTHUB_CLIENT_CONFIRMATION_OK"
1351,10324709218,10324709255,1,"IOTHUB_CLIENT_CONFIRMATION_OK"
1352,10324709418,10324709614,1,"IOTHUB_CLIENT_CONFIRMATION_OK"
1353,10324709618,10324709659,1,"IOTHUB_CLIENT_CONFIRMATION_OK"
1354,10324709819,10324709874,1,"IOTHUB_CLIENT_CONFIRMATION_OK"
1355,10324710019,10324710053,1,"IOTHUB_CLIENT_CONFIRMATION_OK"
1356,10324710219,10324710266,1,"IOTHUB_CLIENT_CONFIRMATION_OK"
1357,10324710419,10324710518,1,"IOTHUB_CLIENT_CONFIRMATION_OK"
1358,10324710619,10324710657,1,"IOTHUB_CLIENT_CONFIRMATION_OK"
1359,10324710819,10324710852,1,"IOTHUB_CLIENT_CONFIRMATION_OK"
1360,10324711019,10324711059,1,"IOTHUB_CLIENT_CONFIRMATION_OK"
1361,10324711220,10324711310,1,"IOTHUB_CLIENT_CONFIRMATION_OK"
1362,10324711420,10324711455,1,"IOTHUB_CLIENT_CONFIRMATION_OK"
1363,10324711620,10324711665,1,"IOTHUB_CLIENT_CONFIRMATION_OK"
1364,10324711820,10324711875,1,"IOTHUB_CLIENT_CONFIRMATION_OK"
1365,10324712021,10324712051,1,"IOTHUB_CLIENT_CONFIRMATION_OK"
1366,10324712221,10324712256,1,"IOTHUB_CLIENT_CONFIRMATION_OK"
1367,10324712421,10324712467,1,"IOTHUB_CLIENT_CONFIRMATION_OK"
1368,10324712621,10324712677,1,"IOTHUB_CLIENT_CONFIRMATION_OK"
1369,10324712821,10324712854,1,"IOTHUB_CLIENT_CONFIRMATION_OK"
1370,10324713021,10324713061,1,"IOTHUB_CLIENT_CONFIRMATION_OK"
1371,10324713222,10324713256,1,"IOTHUB_CLIENT_CONFIRMATION_OK"
1372,10324713422,10324713455,1,"IOTHUB_CLIENT_CONFIRMATION_OK"
1373,10324713622,10324713654,1,"IOTHUB_CLIENT_CONFIRMATION_OK"
1374,10324713822,10324713858,1,"IOTHUB_CLIENT_CONFIRMATION_OK"
1375,10324714022,10324714081,1,"IOTHUB_CLIENT_CONFIRMATION_OK"
1376,10324714222,10324714308,1,"IOTHUB_CLIENT_CONFIRMATION_OK"
1377,10324714423,10324714456,1,"IOTHUB_CLIENT_CONFIRMATION_OK"
1378,10324714623,10324714695,1,"IOTHUB_CLIENT_CONFIRMATION_OK"
1379,10324714823,10324714854,1,"IOTHUB_CLIENT_CONFIRMATION_OK"
1380,10324715023,10324715178,1,"IOTHUB_CLIENT_CONFIRMATION_OK"
1381,10324715223,10324715308,1,"IOTHUB_CLIENT_CONFIRMATION_OK"
1382,10324715423,10324715456,1,"IOTHUB_CLIENT_CONFIRMATION_OK"
1383,10324715624,10324715679,1,"IOTHUB_CLIENT_CONFIRMATION_OK"
1384,10324715824,10324715896,1,"IOTHUB_CLIENT_CONFIRMATION_OK"
1385,10324716024,10324716058,1,"IOTHUB_CLIENT_CONFIRMATION_OK"
1386,10324716224,10324716257,1,"IOTHUB_CLIENT_CONFIRMATION_OK"
1387,10324716424,10324716516,1,"IOTHUB_CLIENT_CONFIRMATION_OK"
1388,10324716624,10324716738,1,"IOTHUB_CLIENT_CONFIRMATION_OK"
1389,10324716824,10324716859,1,"IOTHUB_CLIENT_CONFIRMATION_OK"
1390,10324717025,10324717124,1,"IOTHUB_CLIENT_CONFIRMATION_OK"
1391,10324717225,10324717265,1,"IOTHUB_CLIENT_CONFIRMATION_OK"
1392,10324717425,10324717532,1,"IOTHUB_CLIENT_CONFIRMATION_OK"
1393,10324717625,10324717671,1,"IOTHUB_CLIENT_CONFIRMATION_OK"
1394,10324717825,10324717858,1,"IOTHUB_CLIENT_CONFIRMATION_OK"
1395,10324718025,10324718068,1,"IOTHUB_CLIENT_CONFIRMATION_OK"
1396,10324718226,10324718254,1,"IOTHUB_CLIENT_CONFIRMATION_OK"
1397,10324718426,10324718456,1,"IOTHUB_CLIENT_CONFIRMATION_OK"
1398,10324718626,10324718748,1,"IOTHUB_CLIENT_CONFIRMATION_OK"
1399,10324718826,10324718908,1,"IOTHUB_CLIENT_CONFIRMATION_OK"
1400,10324719026,10324719059,1,"IOTHUB_CLIENT_CONFIRMATION_OK"
1401,10324719227,10324719420,1,"IOTHUB_CLIENT_CONFIRMATION_OK"
1402,10324719427,10324719458,1,"IOTHUB_CLIENT_CONFIRMATION_OK"
1403,10324719627,10324719675,1,"IOTHUB_CLIENT_CONFIRMATION_OK"
1404,10324719827,10324719997,1,"IOTHUB_CLIENT_CONFIRMATION_OK"
1405,10324720027,10324720082,1,"IOTHUB_CLIENT_CONFIRMATION_OK"
1406,10324720227,10324720264,1,"IOTHUB_CLIENT_CONFIRMATION_OK"
1407,10324720427,10324720462,1,"IOTHUB_CLIENT_CONFIRMATION_OK"
1408,10324720628,10324720662,1,"IOTHUB_CLIENT_CONFIRMATION_OK"
1409,10324720828,10324720889,1,"IOTHUB_CLIENT_CONFIRMATION_OK"
1410,10324721028,10324721074,1,"IOTHUB_CLIENT_CONFIRMATION_OK"
1411,10324721228,10324721321,1,"IOTHUB_CLIENT_CONFIRMATION_OK"
1412,10324721428,10324721492,1,"IOTHUB_CLIENT_CONFIRMATION_OK"
1413,10324721629,10324721661,1,"IOTHUB_CLIENT_CONFIRMATION_OK"
1414,10324721829,10324721896,1,"IOTHUB_CLIENT_CONFIRMATION_OK"
1415,10324722029,10324722102,1,"IOTHUB_CLIENT_CONFIRMATION_OK"
1416,10324722229,10324722260,1,"IOTHUB_CLIENT_CONFIRMATION_OK"
1417,10324722429,10324722490,1,"IOTHUB_CLIENT_CONFIRMATION_OK"
1418,10324722630,10324722664,1,"IOTHUB_CLIENT_CONFIRMATION_OK"
1419,10324722830,10324722865,1,"IOTHUB_CLIENT_CONFIRMATION_OK"
1420,10324723030,10324723067,1,"IOTHUB_CLIENT_CONFIRMATION_OK"
1421,10324723230,10324723262,1,"IOTHUB_CLIENT_CONFIRMATION_OK"
1422,10324723430,10324723481,1,"IOTHUB_CLIENT_CONFIRMATION_OK"
1423,10324723630,10324723671,1,"IOTHUB_CLIENT_CONFIRMATION_OK"
1424,10324723830,10324723887,1,"IOTHUB_CLIENT_CONFIRMATION_OK"
1425,10324724031,10324724062,1,"IOTHUB_CLIENT_CONFIRMATION_OK"
1426,10324724231,10324724269,1,"IOTHUB_CLIENT_CONFIRMATION_OK"
1427,10324724431,10324724483,1,"IOTHUB_CLIENT_CONFIRMATION_OK"
1428,10324724631,10324724664,1,"IOTHUB_CLIENT_CONFIRMATION_OK"
1429,10324724831,10324724876,1,"IOTHUB_CLIENT_CONFIRMATION_OK"
1430,10324725031,10324725106,1,"IOTHUB_CLIENT_CONFIRMATION_OK"
1431,10324725232,10324725262,1,"IOTHUB_CLIENT_CONFIRMATION_OK"
1432,10324725432,10324725464,1,"IOTHUB_CLIENT_CONFIRMATION_OK"
1433,10324725632,10324725717,1,"IOTHUB_CLIENT_CONFIRMATION_OK"
1434,10324725832,10324725861,1,"IOTHUB_CLIENT_CONFIRMATION_OK"
1435,10324726032,10324726066,1,"IOTHUB_CLIENT_CONFIRMATION_OK"
1436,10324726233,10324726364,1,"IOTHUB_CLIENT_CONFIRMATION_OK"
1437,10324726433,10324726465,1,"IOTHUB_CLIENT_CONFIRMATION_OK"
1438,10324726633,10324726663,1,"IOTHUB_CLIENT_CONFIRMATION_OK"
1439,10324726833,10324726954,1,"IOTHUB_CLIENT_CONFIRMATION_OK"
1440,10324727033,10324727065,1,"IOTHUB_CLIENT_CONFIRMATION_OK"
1441,10324727233,10324727267,1,"IOTHUB_CLIENT_CONFIRMATION_OK"
1442,10324727434,10324727467,1,"IOTHUB_CLIENT_CONFIRMATION_OK"
1443,10324727634,10324727667,1,"IOTHUB_CLIENT_CONFIRMATION_OK"
1444,10324727834,10324727864,1,"IOTHUB_CLIENT_CONFIRMATION_OK"
1445,10324728034,10324728066,1,"IOTHUB_CLIENT_CONFIRMATION_OK"
1446,10324728234,10324728263,1,"IOTHUB_CLIENT_CONFIRMATION_OK"
1447,10324728435,10324728464,1,"IOTHUB_CLIENT_CONFIRMATION_OK"
1448,10324728635,10324728665,1,"IOTHUB_CLIENT_CONFIRMATION_OK"
1449,10324728835,10324728869,1,"IOTHUB_CLIENT_CONFIRMATION_OK"
1450,10324729035,10324729244,1,"IOTHUB_CLIENT_CONFIRMATION_OK"
1451,10324729235,10324729267,1,"IOTHUB_CLIENT_CONFIRMATION_OK"
1452,10324729436,10324729470,1,"IOTHUB_CLIENT_CONFIRMATION_OK"
1453,10324729636,10324729665,1,"IOTHUB_CLIENT_CONFIRMATION_OK"
1454,10324729836,10324729874,1,"IOTHUB_CLIENT_CONFIRMATION_OK"
1455,10324730036,10324730119,1,"IOTHUB_CLIENT_CONFIRMATION_OK"
1456,10324730236,10324730267,1,"IOTHUB_CLIENT_CONFIRMATION_OK"
1457,10324730437,10324730470,1,"IOTHUB_CLIENT_CONFIRMATION_OK"
1458,10324730637,10324730681,1,"IOTHUB_CLIENT_CONFIRMATION_OK"
1459,10324730837,10324730867,1,"IOTHUB_CLIENT_CONFIRMATION_OK"
1460,10324731037,10324731074,1,"IOTHUB_CLIENT_CONFIRMATION_OK"
1461,10324731237,10324731266,1,"IOTHUB_CLIENT_CONFIRMATION_OK"
1462,10324731438,10324731524,1,"IOTHUB_CLIENT_CONFIRMATION_OK"
1463,10324731638,10324731706,1,"IOTHUB_CLIENT_CONFIRMATION_OK"
1464,10324731838,10324731873,1,"IOTHUB_CLIENT_CONFIRMATION_OK"
1465,10324732038,10324732140,1,"IOTHUB_CLIENT_CONFIRMATION_OK"
1466,10324732238,10324732274,1,"IOTHUB_CLIENT_CONFIRMATION_OK"
1467,10324732438,10324732472,1,"IOTHUB_CLIENT_CONFIRMATION_OK"
1468,10324732638,10324732675,1,"IOTHUB_CLIENT_CONFIRMATION_OK"
1469,10324732839,10324732915,1,"IOTHUB_CLIENT_CONFIRMATION_OK"
1470,10324733039,10324733080,1,"IOTHUB_CLIENT_CONFIRMATION_OK"
1471,10324733239,10324733275,1,"IOTHUB_CLIENT_CONFIRMATION_OK"
1472,10324733439,10324733470,1,"IOTHUB_CLIENT_CONFIRMATION_OK"
1473,10324733639,10324733733,1,"IOTHUB_CLIENT_CONFIRMATION_OK"
1474,10324733839,10324733878,1,"IOTHUB_CLIENT_CONFIRMATION_OK"
1475,10324734039,10324734075,1,"IOTHUB_CLIENT_CONFIRMATION_OK"
1476,10324734240,10324734408,1,"IOTHUB_CLIENT_CONFIRMATION_OK"
1477,10324734440,10324734492,1,"IOTHUB_CLIENT_CONFIRMATION_OK"
1478,10324734640,10324734677,1,"IOTHUB_CLIENT_CONFIRMATION_OK"
1479,10324734840,10324735017,1,"IOTHUB_CLIENT_CONFIRMATION_OK"
1480,10324735040,10324735075,1,"IOTHUB_CLIENT_CONFIRMATION_OK"
1481,10324735240,10324735276,1,"IOTHUB_CLIENT_CONFIRMATION_OK"
1482,10324735441,10324735471,1,"IOTHUB_CLIENT_CONFIRMATION_OK"
1483,10324735641,10324735672,1,"IOTHUB_CLIENT_CONFIRMATION_OK"
1484,10324735841,10324735898,1,"IOTHUB_CLIENT_CONFIRMATION_OK"
1485,10324736041,10324736076,1,"IOTHUB_CLIENT_CONFIRMATION_OK"
1486,10324736241,10324736272,1,"IOTHUB_CLIENT_CONFIRMATION_OK"
1487,10324736441,10324736471,1,"IOTHUB_CLIENT_CONFIRMATION_OK"
1488,10324736642,10324736677,1,"IOTHUB_CLIENT_CONFIRMATION_OK"
1489,10324736842,10324736897,1,"IOTHUB_CLIENT_CONFIRMATION_OK"
1490,10324737042,10324737078,1,"IOTHUB_CLIENT_CONFIRMATION_OK"
1491,10324737242,10324737326,1,"IOTHUB_CLIENT_CONFIRMATION_OK"
1492,10324737442,10324737503,1,"IOTHUB_CLIENT_CONFIRMATION_OK"
1493,10324737642,10324737674,1,"IOTHUB_CLIENT_CONFIRMATION_OK"
1494,10324737843,10324737875,1,"IOTHUB_CLIENT_CONFIRMATION_OK"
1495,10324738043,10324738098,1,"IOTHUB_CLIENT_CONFIRMATION_OK"
1496,10324738243,10324738273,1,"IOTHUB_CLIENT_CONFIRMATION_OK"
1497,10324738443,10324738474,1,"IOTHUB_CLIENT_CONFIRMATION_OK"
1498,10324738643,10324738677,1,"IOTHUB_CLIENT_CONFIRMATION_OK"
1499,10324738844,10324739016,1,"IOTHUB_CLIENT_CONFIRMATION_OK"
1500,10324739044,10324739078,1,"IOTHUB_CLIENT_CONFIRMATION_OK"
1501,10324739244,10324739290,1,"IOTHUB_CLIENT_CONFIRMATION_OK"
1502,10324739444,10324739542,1,"IOTHUB_CLIENT_CONFIRMATION_OK"
1503,10324739644,10324739724,1,"IOTHUB_CLIENT_CONFIRMATION_OK"
1504,10324739844,10324739873,1,"IOTHUB_CLIENT_CONFIRMATION_OK"
1505,10324740045,10324740077,1,"IOTHUB_CLIENT_CONFIRMATION_OK"
1506,10324740245,10324740362,1,"IOTHUB_CLIENT_CONFIRMATION_OK"
1507,10324740445,10324740475,1,"IOTHUB_CLIENT_CONFIRMATION_OK"
1508,10324740645,10324740676,1,"IOTHUB_CLIENT_CONFIRMATION_OK"
1509,10324740845,10324740962,1,"IOTHUB_CLIENT_CONFIRMATION_OK"
1510,10324741045,10324741164,1,"IOTHUB_CLIENT_CONFIRMATION_OK"
1511,10324741246,10324741294,1,"IOTHUB_CLIENT_CONFIRMATION_OK"
1512,10324741446,10324741475,1,"IOTHUB_CLIENT_CONFIRMATION_OK"
1513,10324741646,10324741678,1,"IOTHUB_CLIENT_CONFIRMATION_OK"
1514,10324741846,10324741883,1,"IOTHUB_CLIENT_CONFIRMATION_OK"
1515,10324742046,10324742077,1,"IOTHUB_CLIENT_CONFIRMATION_OK"
1516,10324742246,10324742370,1,"IOTHUB_CLIENT_CONFIRMATION_OK"
1517,10324742447,10324742499,1,"IOTHUB_CLIENT_CONFIRMATION_OK"
1518,10324742647,10324742745,1,"IOTHUB_CLIENT_CONFIRMATION_OK"
1519,10324742847,10324742877,1,"IOTHUB_CLIENT_CONFIRMATION_OK"
1520,10324743047,10324743177,1,"IOTHUB_CLIENT_CONFIRMATION_OK"
1521,10324743247,10324743281,1,"IOTHUB_CLIENT_CONFIRMATION_OK"
1522,10324743448,10324743504,1,"IOTHUB_CLIENT_CONFIRMATION_OK"
1523,10324743648,10324743690,1,"IOTHUB_CLIENT_CONFIRMATION_OK"
1524,10324743848,10324743891,1,"IOTHUB_CLIENT_CONFIRMATION_OK"
1525,10324744048,10324744227,1,"IOTHUB_CLIENT_CONFIRMATION_OK"
1526,10324744248,10324744358,1,"IOTHUB_CLIENT_CONFIRMATION_OK"
1527,10324744448,10324744557,1,"IOTHUB_CLIENT_CONFIRMATION_OK"
1528,10324744648,10324744751,1,"IOTHUB_CLIENT_CONFIRMATION_OK"
1529,10324744849,10324744908,1,"IOTHUB_CLIENT_CONFIRMATION_OK"
1530,10324745049,10324745113,1,"IOTHUB_CLIENT_CONFIRMATION_OK"
1531,10324745249,10324745281,1,"IOTHUB_CLIENT_CONFIRMATION_OK"
1532,10324745449,10324745500,1,"IOTHUB_CLIENT_CONFIRMATION_OK"
1533,10324745649,10324745703,1,"IOTHUB_CLIENT_CONFIRMATION_OK"
1534,10324745849,10324745889,1,"IOTHUB_CLIENT_CONFIRMATION_OK"
1535,10324746050,10324746081,1,"IOTHUB_CLIENT_CONFIRMATION_OK"
1536,10324746250,10324746284,1,"IOTHUB_CLIENT_CONFIRMATION_OK"
1537,10324746450,10324746504,1,"IOTHUB_CLIENT_CONFIRMATION_OK"
1538,10324746650,10324746686,1,"IOTHUB_CLIENT_CONFIRMATION_OK"
1539,10324746850,10324746913,1,"IOTHUB_CLIENT_CONFIRMATION_OK"
1540,10324747051,10324747185,1,"IOTHUB_CLIENT_CONFIRMATION_OK"
1541,10324747251,10324747289,1,"IOTHUB_CLIENT_CONFIRMATION_OK"
1542,10324747451,10324747485,1,"IOTHUB_CLIENT_CONFIRMATION_OK"
1543,10324747651,10324747757,1,"IOTHUB_CLIENT_CONFIRMATION_OK"
1544,10324747851,10324747887,1,"IOTHUB_CLIENT_CONFIRMATION_OK"
1545,10324748051,10324748100,1,"IOTHUB_CLIENT_CONFIRMATION_OK"
1546,10324748252,10324748283,1,"IOTHUB_CLIENT_CONFIRMATION_OK"
1547,10324748452,10324748502,1,"IOTHUB_CLIENT_CONFIRMATION_OK"
1548,10324748652,10324748698,1,"IOTHUB_CLIENT_CONFIRMATION_OK"
1549,10324748852,10324748883,1,"IOTHUB_CLIENT_CONFIRMATION_OK"
1550,10324749052,10324749087,1,"IOTHUB_CLIENT_CONFIRMATION_OK"
1551,10324749253,10324749442,1,"IOTHUB_CLIENT_CONFIRMATION_OK"
1552,10324749453,10324749494,1,"IOTHUB_CLIENT_CONFIRMATION_OK"
1553,10324749653,10324749706,1,"IOTHUB_CLIENT_CONFIRMATION_OK"
1554,10324749853,10324749888,1,"IOTHUB_CLIENT_CONFIRMATION_OK"
1555,10324750053,10324750294,1,"IOTHUB_CLIENT_CONFIRMATION_OK"
1556,10324750253,10324750323,1,"IOTHUB_CLIENT_CONFIRMATION_OK"
1557,10324750454,10324750484,1,"IOTHUB_CLIENT_CONFIRMATION_OK"
1558,10324750654,10324750685,1,"IOTHUB_CLIENT_CONFIRMATION_OK"
1559,10324750854,10324750884,1,"IOTHUB_CLIENT_CONFIRMATION_OK"
1560,10324751054,10324751087,1,"IOTHUB_CLIENT_CONFIRMATION_OK"
1561,10324751254,10324751288,1,"IOTHUB_CLIENT_CONFIRMATION_OK"
1562,10324751454,10324751491,1,"IOTHUB_CLIENT_CONFIRMATION_OK"
1563,10324751654,10324751719,1,"IOTHUB_CLIENT_CONFIRMATION_OK"
1564,10324751855,10324751889,1,"IOTHUB_CLIENT_CONFIRMATION_OK"
1565,10324752055,10324752090,1,"IOTHUB_CLIENT_CONFIRMATION_OK"
1566,10324752255,10324752300,1,"IOTHUB_CLIENT_CONFIRMATION_OK"
1567,10324752455,10324752858,1,"IOTHUB_CLIENT_CONFIRMATION_OK"
1568,10324752655,10324752973,1,"IOTHUB_CLIENT_CONFIRMATION_OK"
1569,10324752856,10324753060,1,"IOTHUB_CLIENT_CONFIRMATION_OK"
1570,10324753056,10324753101,1,"IOTHUB_CLIENT_CONFIRMATION_OK"
1571,10324753256,10324753291,1,"IOTHUB_CLIENT_CONFIRMATION_OK"
1572,10324753456,10324753500,1,"IOTHUB_CLIENT_CONFIRMATION_OK"
1573,10324753656,10324754042,1,"IOTHUB_CLIENT_CONFIRMATION_OK"
1574,10324753856,10324754079,1,"IOTHUB_CLIENT_CONFIRMATION_OK"
1575,10324754056,10324754103,1,"IOTHUB_CLIENT_CONFIRMATION_OK"
1576,10324754257,10324754331,1,"IOTHUB_CLIENT_CONFIRMATION_OK"
1577,10324754457,10324754571,1,"IOTHUB_CLIENT_CONFIRMATION_OK"
1578,10324754657,10324754688,1,"IOTHUB_CLIENT_CONFIRMATION_OK"
1579,10324754857,10324754890,1,"IOTHUB_CLIENT_CONFIRMATION_OK"
1580,10324755057,10324755206,1,"IOTHUB_CLIENT_CONFIRMATION_OK"
1581,10324755257,10324755292,1,"IOTHUB_CLIENT_CONFIRMATION_OK"
1582,10324755458,10324755567,1,"IOTHUB_CLIENT_CONFIRMATION_OK"
1583,10324755658,10324755690,1,"IOTHUB_CLIENT_CONFIRMATION_OK"
1584,10324755858,10324755911,1,"IOTHUB_CLIENT_CONFIRMATION_OK"
1585,10324756058,10324756094,1,"IOTHUB_CLIENT_CONFIRMATION_OK"
1586,10324756258,10324756290,1,"IOTHUB_CLIENT_CONFIRMATION_OK"
1587,10324756458,10324756491,1,"IOTHUB_CLIENT_CONFIRMATION_OK"
1588,10324756658,10324756727,1,"IOTHUB_CLIENT_CONFIRMATION_OK"
1589,10324756859,10324756914,1,"IOTHUB_CLIENT_CONFIRMATION_OK"
1590,10324757059,10324757089,1,"IOTHUB_CLIENT_CONFIRMATION_OK"
1591,10324757259,10324757299,1,"IOTHUB_CLIENT_CONFIRMATION_OK"
1592,10324757459,10324757510,1,"IOTHUB_CLIENT_CONFIRMATION_OK"
1593,10324757659,10324757699,1,"IOTHUB_CLIENT_CONFIRMATION_OK"
1594,10324757859,10324757900,1,"IOTHUB_CLIENT_CONFIRMATION_OK"
1595,10324758059,10324758128,1,"IOTHUB_CLIENT_CONFIRMATION_OK"
1596,10324758260,10324758290,1,"IOTHUB_CLIENT_CONFIRMATION_OK"
1597,10324758460,10324758492,1,"IOTHUB_CLIENT_CONFIRMATION_OK"
1598,10324758660,10324758722,1,"IOTHUB_CLIENT_CONFIRMATION_OK"
1599,10324758860,10324758901,1,"IOTHUB_CLIENT_CONFIRMATION_OK"
1600,10324759060,10324759286,1,"IOTHUB_CLIENT_CONFIRMATION_OK"
1601,10324759260,10324759296,1,"IOTHUB_CLIENT_CONFIRMATION_OK"
1602,10324759460,10324759629,1,"IOTHUB_CLIENT_CONFIRMATION_OK"
1603,10324759661,10324759726,1,"IOTHUB_CLIENT_CONFIRMATION_OK"
1604,10324759861,10324759894,1,"IOTHUB_CLIENT_CONFIRMATION_OK"
1605,10324760061,10324760120,1,"IOTHUB_CLIENT_CONFIRMATION_OK"
1606,10324760261,10324760296,1,"IOTHUB_CLIENT_CONFIRMATION_OK"
1607,10324760461,10324760494,1,"IOTHUB_CLIENT_CONFIRMATION_OK"
1608,10324760661,10324760695,1,"IOTHUB_CLIENT_CONFIRMATION_OK"
1609,10324760862,10324761045,1,"IOTHUB_CLIENT_CONFIRMATION_OK"
1610,10324761062,10324761092,1,"IOTHUB_CLIENT_CONFIRMATION_OK"
1611,10324761262,10324761299,1,"IOTHUB_CLIENT_CONFIRMATION_OK"
1612,10324761462,10324761552,1,"IOTHUB_CLIENT_CONFIRMATION_OK"
1613,10324761662,10324761695,1,"IOTHUB_CLIENT_CONFIRMATION_OK"
1614,10324761862,10324761917,1,"IOTHUB_CLIENT_CONFIRMATION_OK"
1615,10324762063,10324762158,1,"IOTHUB_CLIENT_CONFIRMATION_OK"
1616,10324762263,10324762293,1,"IOTHUB_CLIENT_CONFIRMATION_OK"
1617,10324762463,10324762495,1,"IOTHUB_CLIENT_CONFIRMATION_OK"
1618,10324762663,10324762697,1,"IOTHUB_CLIENT_CONFIRMATION_OK"
1619,10324762863,10324762894,1,"IOTHUB_CLIENT_CONFIRMATION_OK"
1620,10324763063,10324763094,1,"IOTHUB_CLIENT_CONFIRMATION_OK"
1621,10324763264,10324763295,1,"IOTHUB_CLIENT_CONFIRMATION_OK"
1622,10324763464,10324763496,1,"IOTHUB_CLIENT_CONFIRMATION_OK"
1623,10324763664,10324763797,1,"IOTHUB_CLIENT_CONFIRMATION_OK"
1624,10324763864,10324763901,1,"IOTHUB_CLIENT_CONFIRMATION_OK"
1625,10324764064,10324764096,1,"IOTHUB_CLIENT_CONFIRMATION_OK"
1626,10324764264,10324764423,1,"IOTHUB_CLIENT_CONFIRMATION_OK"
1627,10324764465,10324764494,1,"IOTHUB_CLIENT_CONFIRMATION_OK"
1628,10324764665,10324764699,1,"IOTHUB_CLIENT_CONFIRMATION_OK"
1629,10324764865,10324765300,1,"IOTHUB_CLIENT_CONFIRMATION_OK"
1630,10324765065,10324765340,1,"IOTHUB_CLIENT_CONFIRMATION_OK"
1631,10324765265,10324765374,1,"IOTHUB_CLIENT_CONFIRMATION_OK"
1632,10324765465,10324765496,1,"IOTHUB_CLIENT_CONFIRMATION_OK"
1633,10324765665,10324765704,1,"IOTHUB_CLIENT_CONFIRMATION_OK"
1634,10324765866,10324765902,1,"IOTHUB_CLIENT_CONFIRMATION_OK"
1635,10324766066,10324766099,1,"IOTHUB_CLIENT_CONFIRMATION_OK"
1636,10324766266,10324766297,1,"IOTHUB_CLIENT_CONFIRMATION_OK"
1637,10324766466,10324766499,1,"IOTHUB_CLIENT_CONFIRMATION_OK"
1638,10324766666,10324766811,1,"IOTHUB_CLIENT_CONFIRMATION_OK"
1639,10324766866,10324766899,1,"IOTHUB_CLIENT_CONFIRMATION_OK"
1640,10324767066,10324767102,1,"IOTHUB_CLIENT_CONFIRMATION_OK"
1641,10324767267,10324767301,1,"IOTHUB_CLIENT_CONFIRMATION_OK"
1642,10324767467,10324767513,1,"IOTHUB_CLIENT_CONFIRMATION_OK"
1643,10324767667,10324767701,1,"IOTHUB_CLIENT_CONFIRMATION_OK"
1644,10324767867,10324767906,1,"IOTHUB_CLIENT_CONFIRMATION_OK"
1645,10324768067,10324768099,1,"IOTHUB_CLIENT_CONFIRMATION_OK"
1646,10324768267,10324768310,1,"IOTHUB_CLIENT_CONFIRMATION_OK"
1647,10324768467,10324768497,1,"IOTHUB_CLIENT_CONFIRMATION_OK"
1648,10324768668,10324768701,1,"IOTHUB_CLIENT_CONFIRMATION_OK"
1649,10324768868,10324768918,1,"IOTHUB_CLIENT_CONFIRMATION_OK"
1650,10324769068,10324769102,1,"IOTHUB_CLIENT_CONFIRMATION_OK"
1651,10324769268,10324769302,1,"IOTHUB_CLIENT_CONFIRMATION_OK"
1652,10324769468,10324769536,1,"IOTHUB_CLIENT_CONFIRMATION_OK"
1653,10324769668,10324769704,1,"IOTHUB_CLIENT_CONFIRMATION_OK"
1654,10324769869,10324769906,1,"IOTHUB_CLIENT_CONFIRMATION_OK"
1655,10324770069,10324770154,1,"IOTHUB_CLIENT_CONFIRMATION_OK"
1656,10324770269,10324770305,1,"IOTHUB_CLIENT_CONFIRMATION_OK"
1657,10324770469,10324770501,1,"IOTHUB_CLIENT_CONFIRMATION_OK"
1658,10324770669,10324770756,1,"IOTHUB_CLIENT_CONFIRMATION_OK"
1659,10324770870,10324770916,1,"IOTHUB_CLIENT_CONFIRMATION_OK"
1660,10324771070,10324771105,1,"IOTHUB_CLIENT_CONFIRMATION_OK"
1661,10324771270,10324771393,1,"IOTHUB_CLIENT_CONFIRMATION_OK"
1662,10324771470,10324771500,1,"IOTHUB_CLIENT_CONFIRMATION_OK"
1663,10324771670,10324771704,1,"IOTHUB_CLIENT_CONFIRMATION_OK"
1664,10324771871,10324771983,1,"IOTHUB_CLIENT_CONFIRMATION_OK"
1665,10324772071,10324772108,1,"IOTHUB_CLIENT_CONFIRMATION_OK"
1666,10324772271,10324772305,1,"IOTHUB_CLIENT_CONFIRMATION_OK"
1667,10324772471,10324772514,1,"IOTHUB_CLIENT_CONFIRMATION_OK"
1668,10324772672,10324772708,1,"IOTHUB_CLIENT_CONFIRMATION_OK"
1669,10324772872,10324772902,1,"IOTHUB_CLIENT_CONFIRMATION_OK"
1670,10324773072,10324773125,1,"IOTHUB_CLIENT_CONFIRMATION_OK"
1671,10324773272,10324773306,1,"IOTHUB_CLIENT_CONFIRMATION_OK"
1672,10324773472,10324773505,1,"IOTHUB_CLIENT_CONFIRMATION_OK"
1673,10324773673,10324773717,1,"IOTHUB_CLIENT_CONFIRMATION_OK"
1674,10324773873,10324773907,1,"IOTHUB_CLIENT_CONFIRMATION_OK"
1675,10324774073,10324774107,1,"IOTHUB_CLIENT_CONFIRMATION_OK"
1676,10324774273,10324774304,1,"IOTHUB_CLIENT_CONFIRMATION_OK"
1677,10324774473,10324774505,1,"IOTHUB_CLIENT_CONFIRMATION_OK"
1678,10324774674,10324774706,1,"IOTHUB_CLIENT_CONFIRMATION_OK"
1679,10324774874,10324774907,1,"IOTHUB_CLIENT_CONFIRMATION_OK"
1680,10324775074,10324775108,1,"IOTHUB_CLIENT_CONFIRMATION_OK"
1681,10324775274,10324775313,1,"IOTHUB_CLIENT_CONFIRMATION_OK"
1682,10324775475,10324775507,1,"IOTHUB_CLIENT_CONFIRMATION_OK"
1683,10324775675,10324775705,1,"IOTHUB_CLIENT_CONFIRMATION_OK"
1684,10324775875,10324775938,1,"IOTHUB_CLIENT_CONFIRMATION_OK"
1685,10324776075,10324776119,1,"IOTHUB_CLIENT_CONFIRMATION_OK"
1686,10324776275,10324776315,1,"IOTHUB_CLIENT_CONFIRMATION_OK"
1687,10324776475,10324776553,1,"IOTHUB_CLIENT_CONFIRMATION_OK"
1688,10324776676,10324776709,1,"IOTHUB_CLIENT_CONFIRMATION_OK"
1689,10324776876,10324776906,1,"IOTHUB_CLIENT_CONFIRMATION_OK"
1690,10324777076,10324777174,1,"IOTHUB_CLIENT_CONFIRMATION_OK"
1691,10324777276,10324777307,1,"IOTHUB_CLIENT_CONFIRMATION_OK"
1692,10324777476,10324777507,1,"IOTHUB_CLIENT_CONFIRMATION_OK"
1693,10324777676,10324777709,1,"IOTHUB_CLIENT_CONFIRMATION_OK"
1694,10324777876,10324777906,1,"IOTHUB_CLIENT_CONFIRMATION_OK"
1695,10324778077,10324778107,1,"IOTHUB_CLIENT_CONFIRMATION_OK"
1696,10324778277,10324778313,1,"IOTHUB_CLIENT_CONFIRMATION_OK"
1697,10324778477,10324778510,1,"IOTHUB_CLIENT_CONFIRMATION_OK"
1698,10324778677,10324778795,1,"IOTHUB_CLIENT_CONFIRMATION_OK"
1699,10324778877,10324778912,1,"IOTHUB_CLIENT_CONFIRMATION_OK"
1700,10324779077,10324779111,1,"IOTHUB_CLIENT_CONFIRMATION_OK"
1701,10324779278,10324779313,1,"IOTHUB_CLIENT_CONFIRMATION_OK"
1702,10324779478,10324779512,1,"IOTHUB_CLIENT_CONFIRMATION_OK"
1703,10324779678,10324779707,1,"IOTHUB_CLIENT_CONFIRMATION_OK"
1704,10324779879,10324780008,1,"IOTHUB_CLIENT_CONFIRMATION_OK"
1705,10324780079,10324780111,1,"IOTHUB_CLIENT_CONFIRMATION_OK"
1706,10324780279,10324780308,1,"IOTHUB_CLIENT_CONFIRMATION_OK"
1707,10324780479,10324780538,1,"IOTHUB_CLIENT_CONFIRMATION_OK"
1708,10324780679,10324780710,1,"IOTHUB_CLIENT_CONFIRMATION_OK"
1709,10324780880,10324780912,1,"IOTHUB_CLIENT_CONFIRMATION_OK"
1710,10324781080,10324781153,1,"IOTHUB_CLIENT_CONFIRMATION_OK"
1711,10324781280,10324781373,1,"IOTHUB_CLIENT_CONFIRMATION_OK"
1712,10324781480,10324781522,1,"IOTHUB_CLIENT_CONFIRMATION_OK"
1713,10324781681,10324781776,1,"IOTHUB_CLIENT_CONFIRMATION_OK"
1714,10324781881,10324781915,1,"IOTHUB_CLIENT_CONFIRMATION_OK"
1715,10324782081,10324782138,1,"IOTHUB_CLIENT_CONFIRMATION_OK"
1716,10324782281,10324782382,1,"IOTHUB_CLIENT_CONFIRMATION_OK"
1717,10324782481,10324782516,1,"IOTHUB_CLIENT_CONFIRMATION_OK"
1718,10324782681,10324782716,1,"IOTHUB_CLIENT_CONFIRMATION_OK"
1719,10324782881,10324782915,1,"IOTHUB_CLIENT_CONFIRMATION_OK"
1720,10324783082,10324783150,1,"IOTHUB_CLIENT_CONFIRMATION_OK"
1721,10324783282,10324783312,1,"IOTHUB_CLIENT_CONFIRMATION_OK"
1722,10324783482,10324783513,1,"IOTHUB_CLIENT_CONFIRMATION_OK"
1723,10324783682,10324783716,1,"IOTHUB_CLIENT_CONFIRMATION_OK"
1724,10324783882,10324784015,1,"IOTHUB_CLIENT_CONFIRMATION_OK"
1725,10324784082,10324784113,1,"IOTHUB_CLIENT_CONFIRMATION_OK"
1726,10324784282,10324784314,1,"IOTHUB_CLIENT_CONFIRMATION_OK"
1727,10324784483,10324784617,1,"IOTHUB_CLIENT_CONFIRMATION_OK"
1728,10324784683,10324784720,1,"IOTHUB_CLIENT_CONFIRMATION_OK"
1729,10324784883,10324784974,1,"IOTHUB_CLIENT_CONFIRMATION_OK"
1730,10324785083,10324785231,1,"IOTHUB_CLIENT_CONFIRMATION_OK"
1731,10324785283,10324785316,1,"IOTHUB_CLIENT_CONFIRMATION_OK"
1732,10324785484,10324785512,1,"IOTHUB_CLIENT_CONFIRMATION_OK"
1733,10324785684,10324785716,1,"IOTHUB_CLIENT_CONFIRMATION_OK"
1734,10324785884,10324785918,1,"IOTHUB_CLIENT_CONFIRMATION_OK"
1735,10324786084,10324786195,1,"IOTHUB_CLIENT_CONFIRMATION_OK"
1736,10324786284,10324786315,1,"IOTHUB_CLIENT_CONFIRMATION_OK"
1737,10324786484,10324786518,1,"IOTHUB_CLIENT_CONFIRMATION_OK"
1738,10324786684,10324786812,1,"IOTHUB_CLIENT_CONFIRMATION_OK"
1739,10324786885,10324786923,1,"IOTHUB_CLIENT_CONFIRMATION_OK"
1740,10324787085,10324787176,1,"IOTHUB_CLIENT_CONFIRMATION_OK"
1741,10324787285,10324787343,1,"IOTHUB_CLIENT_CONFIRMATION_OK"
1742,10324787485,10324787519,1,"IOTHUB_CLIENT_CONFIRMATION_OK"
1743,10324787685,10324787805,1,"IOTHUB_CLIENT_CONFIRMATION_OK"
1744,10324787885,10324787928,1,"IOTHUB_CLIENT_CONFIRMATION_OK"
1745,10324788086,10324788118,1,"IOTHUB_CLIENT_CONFIRMATION_OK"
1746,10324788286,10324788316,1,"IOTHUB_CLIENT_CONFIRMATION_OK"
1747,10324788486,10324788539,1,"IOTHUB_CLIENT_CONFIRMATION_OK"
1748,10324788686,10324788720,1,"IOTHUB_CLIENT_CONFIRMATION_OK"
1749,10324788886,10324788920,1,"IOTHUB_CLIENT_CONFIRMATION_OK"
1750,10324789087,10324789340,1,"IOTHUB_CLIENT_CONFIRMATION_OK"
1751,10324789287,10324789367,1,"IOTHUB_CLIENT_CONFIRMATION_OK"
1752,10324789487,10324789522,1,"IOTHUB_CLIENT_CONFIRMATION_OK"
1753,10324789687,10324789812,1,"IOTHUB_CLIENT_CONFIRMATION_OK"
1754,10324789887,10324789923,1,"IOTHUB_CLIENT_CONFIRMATION_OK"
1755,10324790087,10324790117,1,"IOTHUB_CLIENT_CONFIRMATION_OK"
1756,10324790288,10324790412,1,"IOTHUB_CLIENT_CONFIRMATION_OK"
1757,10324790488,10324790537,1,"IOTHUB_CLIENT_CONFIRMATION_OK"
1758,10324790688,10324790743,1,"IOTHUB_CLIENT_CONFIRMATION_OK"
1759,10324790888,10324791207,1,"IOTHUB_CLIENT_CONFIRMATION_OK"
1760,10324791088,10324791295,1,"IOTHUB_CLIENT_CONFIRMATION_OK"
1761,10324791288,10324791325,1,"IOTHUB_CLIENT_CONFIRMATION_OK"
1762,10324791488,10324791518,1,"IOTHUB_CLIENT_CONFIRMATION_OK"
1763,10324791689,10324791720,1,"IOTHUB_CLIENT_CONFIRMATION_OK"
1764,10324791889,10324791922,1,"IOTHUB_CLIENT_CONFIRMATION_OK"
1765,10324792089,10324792121,1,"IOTHUB_CLIENT_CONFIRMATION_OK"
1766,10324792289,10324792334,1,"IOTHUB_CLIENT_CONFIRMATION_OK"
1767,10324792489,10324792553,1,"IOTHUB_CLIENT_CONFIRMATION_OK"
1768,10324792689,10324792720,1,"IOTHUB_CLIENT_CONFIRMATION_OK"
1769,10324792890,10324792928,1,"IOTHUB_CLIENT_CONFIRMATION_OK"
1770,10324793090,10324793122,1,"IOTHUB_CLIENT_CONFIRMATION_OK"
1771,10324793290,10324793319,1,"IOTHUB_CLIENT_CONFIRMATION_OK"
1772,10324793490,10324793524,1,"IOTHUB_CLIENT_CONFIRMATION_OK"
1773,10324793690,10324793883,1,"IOTHUB_CLIENT_CONFIRMATION_OK"
1774,10324793890,10324793925,1,"IOTHUB_CLIENT_CONFIRMATION_OK"
1775,10324794090,10324794133,1,"IOTHUB_CLIENT_CONFIRMATION_OK"
1776,10324794291,10324794325,1,"IOTHUB_CLIENT_CONFIRMATION_OK"
1777,10324794491,10324794547,1,"IOTHUB_CLIENT_CONFIRMATION_OK"
1778,10324794691,10324794745,1,"IOTHUB_CLIENT_CONFIRMATION_OK"
1779,10324794891,10324794925,1,"IOTHUB_CLIENT_CONFIRMATION_OK"
1780,10324795091,10324795132,1,"IOTHUB_CLIENT_CONFIRMATION_OK"
1781,10324795291,10324795326,1,"IOTHUB_CLIENT_CONFIRMATION_OK"
1782,10324795492,10324795542,1,"IOTHUB_CLIENT_CONFIRMATION_OK"
1783,10324795692,10324795723,1,"IOTHUB_CLIENT_CONFIRMATION_OK"
1784,10324795892,10324795935,1,"IOTHUB_CLIENT_CONFIRMATION_OK"
1785,10324796092,10324796158,1,"IOTHUB_CLIENT_CONFIRMATION_OK"
1786,10324796292,10324796355,1,"IOTHUB_CLIENT_CONFIRMATION_OK"
1787,10324796492,10324796533,1,"IOTHUB_CLIENT_CONFIRMATION_OK"
1788,10324796693,10324796761,1,"IOTHUB_CLIENT_CONFIRMATION_OK"
1789,10324796893,10324796928,1,"IOTHUB_CLIENT_CONFIRMATION_OK"
1790,10324797093,10324797124,1,"IOTHUB_CLIENT_CONFIRMATION_OK"
1791,10324797293,10324797376,1,"IOTHUB_CLIENT_CONFIRMATION_OK"
1792,10324797493,10324797548,1,"IOTHUB_CLIENT_CONFIRMATION_OK"
1793,10324797693,10324797725,1,"IOTHUB_CLIENT_CONFIRMATION_OK"
1794,10324797894,10324797927,1,"IOTHUB_CLIENT_CONFIRMATION_OK"
1795,10324798094,10324798129,1,"IOTHUB_CLIENT_CONFIRMATION_OK"
1796,10324798294,10324798331,1,"IOTHUB_CLIENT_CONFIRMATION_OK"
1797,10324798494,10324798528,1,"IOTHUB_CLIENT_CONFIRMATION_OK"
1798,10324798694,10324798725,1,"IOTHUB_CLIENT_CONFIRMATION_OK"
1799,10324798894,10324799061,1,"IOTHUB_CLIENT_CONFIRMATION_OK"
1800,10324799095,10324799129,1,"IOTHUB_CLIENT_CONFIRMATION_OK"
1801,10324799295,10324799535,1,"IOTHUB_CLIENT_CONFIRMATION_OK"
1802,10324799495,10324799613,1,"IOTHUB_CLIENT_CONFIRMATION_OK"
1803,10324799695,10324799794,1,"IOTHUB_CLIENT_CONFIRMATION_OK"
1804,10324799895,10324799934,1,"IOTHUB_CLIENT_CONFIRMATION_OK"
1805,10324800095,10324800233,1,"IOTHUB_CLIENT_CONFIRMATION_OK"
1806,10324800295,10324800328,1,"IOTHUB_CLIENT_CONFIRMATION_OK"
1807,10324800496,10324800565,1,"IOTHUB_CLIENT_CONFIRMATION_OK"
1808,10324800696,10324800853,1,"IOTHUB_CLIENT_CONFIRMATION_OK"
1809,10324800896,10324800955,1,"IOTHUB_CLIENT_CONFIRMATION_OK"
1810,10324801096,10324801255,1,"IOTHUB_CLIENT_CONFIRMATION_OK"
1811,10324801296,10324801326,1,"IOTHUB_CLIENT_CONFIRMATION_OK"
1812,10324801496,10324801529,1,"IOTHUB_CLIENT_CONFIRMATION_OK"
1813,10324801696,10324801726,1,"IOTHUB_CLIENT_CONFIRMATION_OK"
1814,10324801897,10324801938,1,"IOTHUB_CLIENT_CONFIRMATION_OK"
1815,10324802097,10324802140,1,"IOTHUB_CLIENT_CONFIRMATION_OK"
1816,10324802297,10324802330,1,"IOTHUB_CLIENT_CONFIRMATION_OK"
1817,10324802497,10324802535,1,"IOTHUB_CLIENT_CONFIRMATION_OK"
1818,10324802697,10324802772,1,"IOTHUB_CLIENT_CONFIRMATION_OK"
1819,10324802897,10324802929,1,"IOTHUB_CLIENT_CONFIRMATION_OK"
1820,10324803098,10324803131,1,"IOTHUB_CLIENT_CONFIRMATION_OK"
1821,10324803298,10324803332,1,"IOTHUB_CLIENT_CONFIRMATION_OK"
1822,10324803498,10324803564,1,"IOTHUB_CLIENT_CONFIRMATION_OK"
1823,10324803698,10324803728,1,"IOTHUB_CLIENT_CONFIRMATION_OK"
1824,10324803898,10324803952,1,"IOTHUB_CLIENT_CONFIRMATION_OK"
1825,10324804099,10324804149,1,"IOTHUB_CLIENT_CONFIRMATION_OK"
1826,10324804299,10324804330,1,"IOTHUB_CLIENT_CONFIRMATION_OK"
1827,10324804499,10324804540,1,"IOTHUB_CLIENT_CONFIRMATION_OK"
1828,10324804699,10324804770,1,"IOTHUB_CLIENT_CONFIRMATION_OK"
1829,10324804899,10324804965,1,"IOTHUB_CLIENT_CONFIRMATION_OK"
1830,10324805099,10324805131,1,"IOTHUB_CLIENT_CONFIRMATION_OK"
1831,10324805300,10324805364,1,"IOTHUB_CLIENT_CONFIRMATION_OK"
1832,10324805500,10324805541,1,"IOTHUB_CLIENT_CONFIRMATION_OK"
1833,10324805700,10324805739,1,"IOTHUB_CLIENT_CONFIRMATION_OK"
1834,10324805900,10324805990,1,"IOTHUB_CLIENT_CONFIRMATION_OK"
1835,10324806100,10324806199,1,"IOTHUB_CLIENT_CONFIRMATION_OK"
1836,10324806301,10324806334,1,"IOTHUB_CLIENT_CONFIRMATION_OK"
1837,10324806501,10324806645,1,"IOTHUB_CLIENT_CONFIRMATION_OK"
1838,10324806701,10324806732,1,"IOTHUB_CLIENT_CONFIRMATION_OK"
1839,10324806901,10324806931,1,"IOTHUB_CLIENT_CONFIRMATION_OK"
1840,10324807101,10324807135,1,"IOTHUB_CLIENT_CONFIRMATION_OK"
1841,10324807301,10324807335,1,"IOTHUB_CLIENT_CONFIRMATION_OK"
1842,10324807501,10324807547,1,"IOTHUB_CLIENT_CONFIRMATION_OK"
1843,10324807702,10324807744,1,"IOTHUB_CLIENT_CONFIRMATION_OK"
1844,10324807902,10324807937,1,"IOTHUB_CLIENT_CONFIRMATION_OK"
1845,10324808102,10324808135,1,"IOTHUB_CLIENT_CONFIRMATION_OK"
1846,10324808302,10324808333,1,"IOTHUB_CLIENT_CONFIRMATION_OK"
1847,10324808502,10324808531,1,"IOTHUB_CLIENT_CONFIRMATION_OK"
1848,10324808702,10324808861,1,"IOTHUB_CLIENT_CONFIRMATION_OK"
1849,10324808903,10324808936,1,"IOTHUB_CLIENT_CONFIRMATION_OK"
1850,10324809103,10324809133,1,"IOTHUB_CLIENT_CONFIRMATION_OK"
1851,10324809303,10324809470,1,"IOTHUB_CLIENT_CONFIRMATION_OK"
1852,10324809503,10324809534,1,"IOTHUB_CLIENT_CONFIRMATION_OK"
1853,10324809703,10324809766,1,"IOTHUB_CLIENT_CONFIRMATION_OK"
1854,10324809903,10324809938,1,"IOTHUB_CLIENT_CONFIRMATION_OK"
1855,10324810104,10324810226,1,"IOTHUB_CLIENT_CONFIRMATION_OK"
1856,10324810304,10324810347,1,"IOTHUB_CLIENT_CONFIRMATION_OK"
1857,10324810504,10324810640,1,"IOTHUB_CLIENT_CONFIRMATION_OK"
1858,10324810704,10324810739,1,"IOTHUB_CLIENT_CONFIRMATION_OK"
1859,10324810904,10324810944,1,"IOTHUB_CLIENT_CONFIRMATION_OK"
1860,10324811105,10324811139,1,"IOTHUB_CLIENT_CONFIRMATION_OK"
1861,10324811305,10324811337,1,"IOTHUB_CLIENT_CONFIRMATION_OK"
1862,10324811505,10324811535,1,"IOTHUB_CLIENT_CONFIRMATION_OK"
1863,10324811705,10324811740,1,"IOTHUB_CLIENT_CONFIRMATION_OK"
1864,10324811905,10324811949,1,"IOTHUB_CLIENT_CONFIRMATION_OK"
1865,10324812105,10324812139,1,"IOTHUB_CLIENT_CONFIRMATION_OK"
1866,10324812305,10324812364,1,"IOTHUB_CLIENT_CONFIRMATION_OK"
1867,10324812506,10324812543,1,"IOTHUB_CLIENT_CONFIRMATION_OK"
1868,10324812706,10324812743,1,"IOTHUB_CLIENT_CONFIRMATION_OK"
1869,10324812906,10324812978,1,"IOTHUB_CLIENT_CONFIRMATION_OK"
1870,10324813106,10324813186,1,"IOTHUB_CLIENT_CONFIRMATION_OK"
1871,10324813306,10324813350,1,"IOTHUB_CLIENT_CONFIRMATION_OK"
1872,10324813506,10324813540,1,"IOTHUB_CLIENT_CONFIRMATION_OK"
1873,10324813706,10324813747,1,"IOTHUB_CLIENT_CONFIRMATION_OK"
1874,10324813907,10324813984,1,"IOTHUB_CLIENT_CONFIRMATION_OK"
1875,10324814107,10324814144,1,"IOTHUB_CLIENT_CONFIRMATION_OK"
1876,10324814307,10324814351,1,"IOTHUB_CLIENT_CONFIRMATION_OK"
1877,10324814507,10324814588,1,"IOTHUB_CLIENT_CONFIRMATION_OK"
1878,10324814707,10324814851,1,"IOTHUB_CLIENT_CONFIRMATION_OK"
1879,10324814908,10324814938,1,"IOTHUB_CLIENT_CONFIRMATION_OK"
1880,10324815108,10324815201,1,"IOTHUB_CLIENT_CONFIRMATION_OK"
1881,10324815308,10324815436,1,"IOTHUB_CLIENT_CONFIRMATION_OK"
1882,10324815508,10324815556,1,"IOTHUB_CLIENT_CONFIRMATION_OK"
1883,10324815708,10324815897,1,"IOTHUB_CLIENT_CONFIRMATION_OK"
1884,10324815908,10324815978,1,"IOTHUB_CLIENT_CONFIRMATION_OK"
1885,10324816109,10324816195,1,"IOTHUB_CLIENT_CONFIRMATION_OK"
1886,10324816309,10324816378,1,"IOTHUB_CLIENT_CONFIRMATION_OK"
1887,10324816509,10324816542,1,"IOTHUB_CLIENT_CONFIRMATION_OK"
1888,10324816709,10324816783,1,"IOTHUB_CLIENT_CONFIRMATION_OK"
1889,10324816909,10324816940,1,"IOTHUB_CLIENT_CONFIRMATION_OK"
1890,10324817110,10324817141,1,"IOTHUB_CLIENT_CONFIRMATION_OK"
1891,10324817310,10324817341,1,"IOTHUB_CLIENT_CONFIRMATION_OK"
1892,10324817510,10324817542,1,"IOTHUB_CLIENT_CONFIRMATION_OK"
1893,10324817710,10324817739,1,"IOTHUB_CLIENT_CONFIRMATION_OK"
1894,10324817910,10324817947,1,"IOTHUB_CLIENT_CONFIRMATION_OK"
1895,10324818110,10324818154,1,"IOTHUB_CLIENT_CONFIRMATION_OK"
1896,10324818310,10324818345,1,"IOTHUB_CLIENT_CONFIRMATION_OK"
1897,10324818511,10324818577,1,"IOTHUB_CLIENT_CONFIRMATION_OK"
1898,10324818711,10324818785,1,"IOTHUB_CLIENT_CONFIRMATION_OK"
1899,10324818911,10324818943,1,"IOTHUB_CLIENT_CONFIRMATION_OK"
1900,10324819111,10324819279,1,"IOTHUB_CLIENT_CONFIRMATION_OK"
1901,10324819311,10324819365,1,"IOTHUB_CLIENT_CONFIRMATION_OK"
1902,10324819511,10324819550,1,"IOTHUB_CLIENT_CONFIRMATION_OK"
1903,10324819712,10324819744,1,"IOTHUB_CLIENT_CONFIRMATION_OK"
1904,10324819912,10324819946,1,"IOTHUB_CLIENT_CONFIRMATION_OK"
1905,10324820112,10324820144,1,"IOTHUB_CLIENT_CONFIRMATION_OK"
1906,10324820312,10324820349,1,"IOTHUB_CLIENT_CONFIRMATION_OK"
1907,10324820512,10324820551,1,"IOTHUB_CLIENT_CONFIRMATION_OK"
1908,10324820712,10324820746,1,"IOTHUB_CLIENT_CONFIRMATION_OK"
1909,10324820913,10324820956,1,"IOTHUB_CLIENT_CONFIRMATION_OK"
1910,10324821113,10324821146,1,"IOTHUB_CLIENT_CONFIRMATION_OK"
1911,10324821313,10324821343,1,"IOTHUB_CLIENT_CONFIRMATION_OK"
1912,10324821513,10324821570,1,"IOTHUB_CLIENT_CONFIRMATION_OK"
1913,10324821713,10324821750,1,"IOTHUB_CLIENT_CONFIRMATION_OK"
1914,10324821913,10324821944,1,"IOTHUB_CLIENT_CONFIRMATION_OK"
1915,10324822114,10324822161,1,"IOTHUB_CLIENT_CONFIRMATION_OK"
1916,10324822314,10324822352,1,"IOTHUB_CLIENT_CONFIRMATION_OK"
1917,10324822514,10324822549,1,"IOTHUB_CLIENT_CONFIRMATION_OK"
1918,10324822714,10324822811,1,"IOTHUB_CLIENT_CONFIRMATION_OK"
1919,10324822914,10324822953,1,"IOTHUB_CLIENT_CONFIRMATION_OK"
1920,10324823114,10324823150,1,"IOTHUB_CLIENT_CONFIRMATION_OK"
1921,10324823314,10324823394,1,"IOTHUB_CLIENT_CONFIRMATION_OK"
1922,10324823515,10324823546,1,"IOTHUB_CLIENT_CONFIRMATION_OK"
1923,10324823715,10324823799,1,"IOTHUB_CLIENT_CONFIRMATION_OK"
1924,10324823915,10324823947,1,"IOTHUB_CLIENT_CONFIRMATION_OK"
1925,10324824115,10324824148,1,"IOTHUB_CLIENT_CONFIRMATION_OK"
1926,10324824315,10324824417,1,"IOTHUB_CLIENT_CONFIRMATION_OK"
1927,10324824515,10324824547,1,"IOTHUB_CLIENT_CONFIRMATION_OK"
1928,10324824716,10324824746,1,"IOTHUB_CLIENT_CONFIRMATION_OK"
1929,10324824916,10324825056,1,"IOTHUB_CLIENT_CONFIRMATION_OK"
1930,10324825116,10324825152,1,"IOTHUB_CLIENT_CONFIRMATION_OK"
1931,10324825316,10324825363,1,"IOTHUB_CLIENT_CONFIRMATION_OK"
1932,10324825516,10324825552,1,"IOTHUB_CLIENT_CONFIRMATION_OK"
1933,10324825716,10324825751,1,"IOTHUB_CLIENT_CONFIRMATION_OK"
1934,10324825917,10324825953,1,"IOTHUB_CLIENT_CONFIRMATION_OK"
1935,10324826117,10324826152,1,"IOTHUB_CLIENT_CONFIRMATION_OK"
1936,10324826317,10324826347,1,"IOTHUB_CLIENT_CONFIRMATION_OK"
1937,10324826517,10324826546,1,"IOTHUB_CLIENT_CONFIRMATION_OK"
1938,10324826717,10324826760,1,"IOTHUB_CLIENT_CONFIRMATION_OK"
1939,10324826917,10324826983,1,"IOTHUB_CLIENT_CONFIRMATION_OK"
1940,10324827117,10324827147,1,"IOTHUB_CLIENT_CONFIRMATION_OK"
1941,10324827318,10324827349,1,"IOTHUB_CLIENT_CONFIRMATION_OK"
1942,10324827518,10324827552,1,"IOTHUB_CLIENT_CONFIRMATION_OK"
1943,10324827718,10324827750,1,"IOTHUB_CLIENT_CONFIRMATION_OK"
1944,10324827918,10324827954,1,"IOTHUB_CLIENT_CONFIRMATION_OK"
1945,10324828118,10324828192,1,"IOTHUB_CLIENT_CONFIRMATION_OK"
1946,10324828319,10324828352,1,"IOTHUB_CLIENT_CONFIRMATION_OK"
1947,10324828519,10324828554,1,"IOTHUB_CLIENT_CONFIRMATION_OK"
1948,10324828719,10324828752,1,"IOTHUB_CLIENT_CONFIRMATION_OK"
1949,10324828919,10324828974,1,"IOTHUB_CLIENT_CONFIRMATION_OK"
1950,10324829119,10324829176,1,"IOTHUB_CLIENT_CONFIRMATION_OK"
1951,10324829319,10324829353,1,"IOTHUB_CLIENT_CONFIRMATION_OK"
1952,10324829519,10324829564,1,"IOTHUB_CLIENT_CONFIRMATION_OK"
1953,10324829720,10324829758,1,"IOTHUB_CLIENT_CONFIRMATION_OK"
1954,10324829920,10324830026,1,"IOTHUB_CLIENT_CONFIRMATION_OK"
1955,10324830120,10324830162,1,"IOTHUB_CLIENT_CONFIRMATION_OK"
1956,10324830320,10324830354,1,"IOTHUB_CLIENT_CONFIRMATION_OK"
1957,10324830520,10324830551,1,"IOTHUB_CLIENT_CONFIRMATION_OK"
1958,10324830720,10324830887,1,"IOTHUB_CLIENT_CONFIRMATION_OK"
1959,10324830921,10324830953,1,"IOTHUB_CLIENT_CONFIRMATION_OK"
1960,10324831121,10324831164,1,"IOTHUB_CLIENT_CONFIRMATION_OK"
1961,10324831321,10324831395,1,"IOTHUB_CLIENT_CONFIRMATION_OK"
1962,10324831521,10324831598,1,"IOTHUB_CLIENT_CONFIRMATION_OK"
1963,10324831721,10324831754,1,"IOTHUB_CLIENT_CONFIRMATION_OK"
1964,10324831921,10324832008,1,"IOTHUB_CLIENT_CONFIRMATION_OK"
1965,10324832121,10324832160,1,"IOTHUB_CLIENT_CONFIRMATION_OK"
1966,10324832322,10324832357,1,"IOTHUB_CLIENT_CONFIRMATION_OK"
1967,10324832522,10324832670,1,"IOTHUB_CLIENT_CONFIRMATION_OK"
1968,10324832722,10324832756,1,"IOTHUB_CLIENT_CONFIRMATION_OK"
1969,10324832922,10324833113,1,"IOTHUB_CLIENT_CONFIRMATION_OK"
1970,10324833122,10324833160,1,"IOTHUB_CLIENT_CONFIRMATION_OK"
1971,10324833322,10324833374,1,"IOTHUB_CLIENT_CONFIRMATION_OK"
1972,10324833522,10324833570,1,"IOTHUB_CLIENT_CONFIRMATION_OK"
1973,10324833723,10324833753,1,"IOTHUB_CLIENT_CONFIRMATION_OK"
1974,10324833923,10324833956,1,"IOTHUB_CLIENT_CONFIRMATION_OK"
1975,10324834123,10324834263,1,"IOTHUB_CLIENT_CONFIRMATION_OK"
1976,10324834323,10324834359,1,"IOTHUB_CLIENT_CONFIRMATION_OK"
1977,10324834524,10324834625,1,"IOTHUB_CLIENT_CONFIRMATION_OK"
1978,10324834724,10324834880,1,"IOTHUB_CLIENT_CONFIRMATION_OK"
1979,10324834924,10324834954,1,"IOTHUB_CLIENT_CONFIRMATION_OK"
1980,10324835124,10324835179,1,"IOTHUB_CLIENT_CONFIRMATION_OK"
1981,10324835324,10324835354,1,"IOTHUB_CLIENT_CONFIRMATION_OK"
1982,10324835525,10324835554,1,"IOTHUB_CLIENT_CONFIRMATION_OK"
1983,10324835725,10324835763,1,"IOTHUB_CLIENT_CONFIRMATION_OK"
1984,10324835925,10324835966,1,"IOTHUB_CLIENT_CONFIRMATION_OK"
1985,10324836125,10324836272,1,"IOTHUB_CLIENT_CONFIRMATION_OK"
1986,10324836325,10324836396,1,"IOTHUB_CLIENT_CONFIRMATION_OK"
1987,10324836525,10324836637,1,"IOTHUB_CLIENT_CONFIRMATION_OK"
1988,10324836726,10324836758,1,"IOTHUB_CLIENT_CONFIRMATION_OK"
1989,10324836926,10324837055,1,"IOTHUB_CLIENT_CONFIRMATION_OK"
1990,10324837126,10324837158,1,"IOTHUB_CLIENT_CONFIRMATION_OK"
1991,10324837326,10324837425,1,"IOTHUB_CLIENT_CONFIRMATION_OK"
1992,10324837526,10324837566,1,"IOTHUB_CLIENT_CONFIRMATION_OK"
1993,10324837726,10324837859,1,"IOTHUB_CLIENT_CONFIRMATION_OK"
1994,10324837927,10324837958,1,"IOTHUB_CLIENT_CONFIRMATION_OK"
1995,10324838127,10324838261,1,"IOTHUB_CLIENT_CONFIRMATION_OK"
1996,10324838327,10324838373,1,"IOTHUB_CLIENT_CONFIRMATION_OK"
1997,10324838527,10324838557,1,"IOTHUB_CLIENT_CONFIRMATION_OK"
1998,10324838728,10324838761,1,"IOTHUB_CLIENT_CONFIRMATION_OK"
1999,10324838928,10324839037,1,"IOTHUB_CLIENT_CONFIRMATION_OK"
2000,10324839128,10324839169,1,"IOTHUB_CLIENT_CONFIRMATION_OK"
2001,10324839328,10324839380,1,"IOTHUB_CLIENT_CONFIRMATION_OK"
2002,10324839528,10324839561,1,"IOTHUB_CLIENT_CONFIRMATION_OK"
2003,10324839728,10324839795,1,"IOTHUB_CLIENT_CONFIRMATION_OK"
2004,10324839929,10324840002,1,"IOTHUB_CLIENT_CONFIRMATION_OK"
2005,10324840129,10324840161,1,"IOTHUB_CLIENT_CONFIRMATION_OK"
2006,10324840329,10324840362,1,"IOTHUB_CLIENT_CONFIRMATION_OK"
2007,10324840529,10324840669,1,"IOTHUB_CLIENT_CONFIRMATION_OK"
2008,10324840729,10324840759,1,"IOTHUB_CLIENT_CONFIRMATION_OK"
2009,10324840929,10324840960,1,"IOTHUB_CLIENT_CONFIRMATION_OK"
2010,10324841130,10324841202,1,"IOTHUB_CLIENT_CONFIRMATION_OK"
2011,10324841330,10324841390,1,"IOTHUB_CLIENT_CONFIRMATION_OK"
2012,10324841530,10324841564,1,"IOTHUB_CLIENT_CONFIRMATION_OK"
2013,10324841730,10324841815,1,"IOTHUB_CLIENT_CONFIRMATION_OK"
2014,10324841931,10324841963,1,"IOTHUB_CLIENT_CONFIRMATION_OK"
2015,10324842131,10324842168,1,"IOTHUB_CLIENT_CONFIRMATION_OK"
2016,10324842331,10324842445,1,"IOTHUB_CLIENT_CONFIRMATION_OK"
2017,10324842531,10324842571,1,"IOTHUB_CLIENT_CONFIRMATION_OK"
2018,10324842731,10324842761,1,"IOTHUB_CLIENT_CONFIRMATION_OK"
2019,10324842931,10324842963,1,"IOTHUB_CLIENT_CONFIRMATION_OK"
2020,10324843132,10324843184,1,"IOTHUB_CLIENT_CONFIRMATION_OK"
2021,10324843332,10324843364,1,"IOTHUB_CLIENT_CONFIRMATION_OK"
2022,10324843532,10324843567,1,"IOTHUB_CLIENT_CONFIRMATION_OK"
2023,10324843732,10324843769,1,"IOTHUB_CLIENT_CONFIRMATION_OK"
2024,10324843932,10324844085,1,"IOTHUB_CLIENT_CONFIRMATION_OK"
2025,10324844133,10324844170,1,"IOTHUB_CLIENT_CONFIRMATION_OK"
2026,10324844333,10324844366,1,"IOTHUB_CLIENT_CONFIRMATION_OK"
2027,10324844533,10324844707,1,"IOTHUB_CLIENT_CONFIRMATION_OK"
2028,10324844733,10324844795,1,"IOTHUB_CLIENT_CONFIRMATION_OK"
2029,10324844934,10324844985,1,"IOTHUB_CLIENT_CONFIRMATION_OK"
2030,10324845134,10324845164,1,"IOTHUB_CLIENT_CONFIRMATION_OK"
2031,10324845334,10324845385,1,"IOTHUB_CLIENT_CONFIRMATION_OK"
2032,10324845534,10324845568,1,"IOTHUB_CLIENT_CONFIRMATION_OK"
2033,10324845734,10324845770,1,"IOTHUB_CLIENT_CONFIRMATION_OK"
2034,10324845934,10324845998,1,"IOTHUB_CLIENT_CONFIRMATION_OK"
2035,10324846135,10324846166,1,"IOTHUB_CLIENT_CONFIRMATION_OK"
2036,10324846335,10324846431,1,"IOTHUB_CLIENT_CONFIRMATION_OK"
2037,10324846535,10324846564,1,"IOTHUB_CLIENT_CONFIRMATION_OK"
2038,10324846735,10324846766,1,"IOTHUB_CLIENT_CONFIRMATION_OK"
2039,10324846935,10324847046,1,"IOTHUB_CLIENT_CONFIRMATION_OK"
2040,10324847136,10324847172,1,"IOTHUB_CLIENT_CONFIRMATION_OK"
2041,10324847336,10324847367,1,"IOTHUB_CLIENT_CONFIRMATION_OK"
2042,10324847536,10324847578,1,"IOTHUB_CLIENT_CONFIRMATION_OK"
2043,10324847736,10324847782,1,"IOTHUB_CLIENT_CONFIRMATION_OK"
2044,10324847936,10324847969,1,"IOTHUB_CLIENT_CONFIRMATION_OK"
2045,10324848136,10324848185,1,"IOTHUB_CLIENT_CONFIRMATION_OK"
2046,10324848336,10324848367,1,"IOTHUB_CLIENT_CONFIRMATION_OK"
2047,10324848537,10324848590,1,"IOTHUB_CLIENT_CONFIRMATION_OK"
2048,10324848737,10324848769,1,"IOTHUB_CLIENT_CONFIRMATION_OK"
2049,10324848937,10324848988,1,"IOTHUB_CLIENT_CONFIRMATION_OK"
2050,10324849137,10324849267,1,"IOTHUB_CLIENT_CONFIRMATION_OK"
2051,10324849338,10324849368,1,"IOTHUB_CLIENT_CONFIRMATION_OK"
2052,10324849538,10324849567,1,"IOTHUB_CLIENT_CONFIRMATION_OK"
2053,10324849738,10324849877,1,"IOTHUB_CLIENT_CONFIRMATION_OK"
2054,10324849938,10324849968,1,"IOTHUB_CLIENT_CONFIRMATION_OK"
2055,10324850138,10324850171,1,"IOTHUB_CLIENT_CONFIRMATION_OK"
2056,10324850338,10324850479,1,"IOTHUB_CLIENT_CONFIRMATION_OK"
2057,10324850539,10324850570,1,"IOTHUB_CLIENT_CONFIRMATION_OK"
2058,10324850739,10324850772,1,"IOTHUB_CLIENT_CONFIRMATION_OK"
2059,10324850939,10324850970,1,"IOTHUB_CLIENT_CONFIRMATION_OK"
2060,10324851139,10324851219,1,"IOTHUB_CLIENT_CONFIRMATION_OK"
2061,10324851339,10324851435,1,"IOTHUB_CLIENT_CONFIRMATION_OK"
2062,10324851539,10324851570,1,"IOTHUB_CLIENT_CONFIRMATION_OK"
2063,10324851740,10324851777,1,"IOTHUB_CLIENT_CONFIRMATION_OK"
2064,10324851940,10324851972,1,"IOTHUB_CLIENT_CONFIRMATION_OK"
2065,10324852140,10324852291,1,"IOTHUB_CLIENT_CONFIRMATION_OK"
2066,10324852340,10324852370,1,"IOTHUB_CLIENT_CONFIRMATION_OK"
2067,10324852540,10324852575,1,"IOTHUB_CLIENT_CONFIRMATION_OK"
2068,10324852741,10324852773,1,"IOTHUB_CLIENT_CONFIRMATION_OK"
2069,10324852941,10324853123,1,"IOTHUB_CLIENT_CONFIRMATION_OK"
2070,10324853141,10324853174,1,"IOTHUB_CLIENT_CONFIRMATION_OK"
2071,10324853341,10324853374,1,"IOTHUB_CLIENT_CONFIRMATION_OK"
2072,10324853541,10324853571,1,"IOTHUB_CLIENT_CONFIRMATION_OK"
2073,10324853741,10324853930,1,"IOTHUB_CLIENT_CONFIRMATION_OK"
2074,10324853941,10324853974,1,"IOTHUB_CLIENT_CONFIRMATION_OK"
2075,10324854142,10324854174,1,"IOTHUB_CLIENT_CONFIRMATION_OK"
2076,10324854342,10324854376,1,"IOTHUB_CLIENT_CONFIRMATION_OK"
2077,10324854542,10324854574,1,"IOTHUB_CLIENT_CONFIRMATION_OK"
2078,10324854742,10324854776,1,"IOTHUB_CLIENT_CONFIRMATION_OK"
2079,10324854942,10324854995,1,"IOTHUB_CLIENT_CONFIRMATION_OK"
2080,10324855143,10324855178,1,"IOTHUB_CLIENT_CONFIRMATION_OK"
2081,10324855343,10324855373,1,"IOTHUB_CLIENT_CONFIRMATION_OK"
2082,10324855543,10324855625,1,"IOTHUB_CLIENT_CONFIRMATION_OK"
2083,10324855743,10324855776,1,"IOTHUB_CLIENT_CONFIRMATION_OK"
2084,10324855943,10324855983,1,"IOTHUB_CLIENT_CONFIRMATION_OK"
2085,10324856143,10324856203,1,"IOTHUB_CLIENT_CONFIRMATION_OK"
2086,10324856344,10324856377,1,"IOTHUB_CLIENT_CONFIRMATION_OK"
2087,10324856544,10324856578,1,"IOTHUB_CLIENT_CONFIRMATION_OK"
2088,10324856744,10324856837,1,"IOTHUB_CLIENT_CONFIRMATION_OK"
2089,10324856944,10324856976,1,"IOTHUB_CLIENT_CONFIRMATION_OK"
2090,10324857144,10324857246,1,"IOTHUB_CLIENT_CONFIRMATION_OK"
2091,10324857344,10324857380,1,"IOTHUB_CLIENT_CONFIRMATION_OK"
2092,10324857545,10324857574,1,"IOTHUB_CLIENT_CONFIRMATION_OK"
2093,10324857745,10324857785,1,"IOTHUB_CLIENT_CONFIRMATION_OK"
2094,10324857945,10324858002,1,"IOTHUB_CLIENT_CONFIRMATION_OK"
2095,10324858145,10324858177,1,"IOTHUB_CLIENT_CONFIRMATION_OK"
2096,10324858345,10324858377,1,"IOTHUB_CLIENT_CONFIRMATION_OK"
2097,10324858545,10324858577,1,"IOTHUB_CLIENT_CONFIRMATION_OK"
2098,10324858745,10324858779,1,"IOTHUB_CLIENT_CONFIRMATION_OK"
2099,10324858946,10324859154,1,"IOTHUB_CLIENT_CONFIRMATION_OK"
2100,10324859146,10324859194,1,"IOTHUB_CLIENT_CONFIRMATION_OK"
2101,10324859346,10324859381,1,"IOTHUB_CLIENT_CONFIRMATION_OK"
2102,10324859546,10324859714,1,"IOTHUB_CLIENT_CONFIRMATION_OK"
2103,10324859746,10324859779,1,"IOTHUB_CLIENT_CONFIRMATION_OK"
2104,10324859946,10324859983,1,"IOTHUB_CLIENT_CONFIRMATION_OK"
2105,10324860146,10324860178,1,"IOTHUB_CLIENT_CONFIRMATION_OK"
2106,10324860347,10324860380,1,"IOTHUB_CLIENT_CONFIRMATION_OK"
2107,10324860547,10324860576,1,"IOTHUB_CLIENT_CONFIRMATION_OK"
2108,10324860747,10324860850,1,"IOTHUB_CLIENT_CONFIRMATION_OK"
2109,10324860947,10324860979,1,"IOTHUB_CLIENT_CONFIRMATION_OK"
2110,10324861147,10324861179,1,"IOTHUB_CLIENT_CONFIRMATION_OK"
2111,10324861347,10324861379,1,"IOTHUB_CLIENT_CONFIRMATION_OK"
2112,10324861548,10324861581,1,"IOTHUB_CLIENT_CONFIRMATION_OK"
2113,10324861748,10324861782,1,"IOTHUB_CLIENT_CONFIRMATION_OK"
2114,10324861948,10324861992,1,"IOTHUB_CLIENT_CONFIRMATION_OK"
2115,10324862148,10324862185,1,"IOTHUB_CLIENT_CONFIRMATION_OK"
2116,10324862348,10324862380,1,"IOTHUB_CLIENT_CONFIRMATION_OK"
2117,10324862549,10324862600,1,"IOTHUB_CLIENT_CONFIRMATION_OK"
2118,10324862749,10324862788,1,"IOTHUB_CLIENT_CONFIRMATION_OK"
2119,10324862949,10324862978,1,"IOTHUB_CLIENT_CONFIRMATION_OK"
2120,10324863149,10324863223,1,"IOTHUB_CLIENT_CONFIRMATION_OK"
2121,10324863349,10324863401,1,"IOTHUB_CLIENT_CONFIRMATION_OK"
2122,10324863549,10324863583,1,"IOTHUB_CLIENT_CONFIRMATION_OK"
2123,10324863749,10324863811,1,"IOTHUB_CLIENT_CONFIRMATION_OK"
2124,10324863950,10324863983,1,"IOTHUB_CLIENT_CONFIRMATION_OK"
2125,10324864150,10324864257,1,"IOTHUB_CLIENT_CONFIRMATION_OK"
2126,10324864350,10324864393,1,"IOTHUB_CLIENT_CONFIRMATION_OK"
2127,10324864550,10324864579,1,"IOTHUB_CLIENT_CONFIRMATION_OK"
2128,10324864750,10324864845,1,"IOTHUB_CLIENT_CONFIRMATION_OK"
2129,10324864951,10324864986,1,"IOTHUB_CLIENT_CONFIRMATION_OK"
2130,10324865151,10324865205,1,"IOTHUB_CLIENT_CONFIRMATION_OK"
2131,10324865351,10324865445,1,"IOTHUB_CLIENT_CONFIRMATION_OK"
2132,10324865551,10324865588,1,"IOTHUB_CLIENT_CONFIRMATION_OK"
2133,10324865751,10324865801,1,"IOTHUB_CLIENT_CONFIRMATION_OK"
2134,10324865952,10324866084,1,"IOTHUB_CLIENT_CONFIRMATION_OK"
2135,10324866152,10324866186,1,"IOTHUB_CLIENT_CONFIRMATION_OK"
2136,10324866352,10324866417,1,"IOTHUB_CLIENT_CONFIRMATION_OK"
2137,10324866552,10324866667,1,"IOTHUB_CLIENT_CONFIRMATION_OK"
2138,10324866752,10324866827,1,"IOTHUB_CLIENT_CONFIRMATION_OK"
2139,10324866952,10324866986,1,"IOTHUB_CLIENT_CONFIRMATION_OK"
2140,10324867152,10324867201,1,"IOTHUB_CLIENT_CONFIRMATION_OK"
2141,10324867353,10324867386,1,"IOTHUB_CLIENT_CONFIRMATION_OK"
2142,10324867553,10324867583,1,"IOTHUB_CLIENT_CONFIRMATION_OK"
2143,10324867753,10324867784,1,"IOTHUB_CLIENT_CONFIRMATION_OK"
2144,10324867953,10324867986,1,"IOTHUB_CLIENT_CONFIRMATION_OK"
2145,10324868153,10324868251,1,"IOTHUB_CLIENT_CONFIRMATION_OK"
2146,10324868353,10324868431,1,"IOTHUB_CLIENT_CONFIRMATION_OK"
2147,10324868554,10324868618,1,"IOTHUB_CLIENT_CONFIRMATION_OK"
2148,10324868754,10324868939,1,"IOTHUB_CLIENT_CONFIRMATION_OK"
2149,10324868954,10324868988,1,"IOTHUB_CLIENT_CONFIRMATION_OK"
2150,10324869154,10324869184,1,"IOTHUB_CLIENT_CONFIRMATION_OK"
2151,10324869354,10324869388,1,"IOTHUB_CLIENT_CONFIRMATION_OK"
2152,10324869554,10324869586,1,"IOTHUB_CLIENT_CONFIRMATION_OK"
2153,10324869755,10324869789,1,"IOTHUB_CLIENT_CONFIRMATION_OK"
2154,10324869955,10324869987,1,"IOTHUB_CLIENT_CONFIRMATION_OK"
2155,10324870155,10324870206,1,"IOTHUB_CLIENT_CONFIRMATION_OK"
2156,10324870355,10324870389,1,"IOTHUB_CLIENT_CONFIRMATION_OK"
2157,10324870555,10324870617,1,"IOTHUB_CLIENT_CONFIRMATION_OK"
2158,10324870755,10324870822,1,"IOTHUB_CLIENT_CONFIRMATION_OK"
2159,10324870955,10324871003,1,"IOTHUB_CLIENT_CONFIRMATION_OK"
2160,10324871156,10324871261,1,"IOTHUB_CLIENT_CONFIRMATION_OK"
2161,10324871356,10324871386,1,"IOTHUB_CLIENT_CONFIRMATION_OK"
2162,10324871556,10324871587,1,"IOTHUB_CLIENT_CONFIRMATION_OK"
2163,10324871756,10324871864,1,"IOTHUB_CLIENT_CONFIRMATION_OK"
2164,10324871956,10324872012,1,"IOTHUB_CLIENT_CONFIRMATION_OK"
2165,10324872156,10324872189,1,"IOTHUB_CLIENT_CONFIRMATION_OK"
2166,10324872357,10324872391,1,"IOTHUB_CLIENT_CONFIRMATION_OK"
2167,10324872557,10324872605,1,"IOTHUB_CLIENT_CONFIRMATION_OK"
2168,10324872757,10324872805,1,"IOTHUB_CLIENT_CONFIRMATION_OK"
2169,10324872957,10324872992,1,"IOTHUB_CLIENT_CONFIRMATION_OK"
2170,10324873157,10324873188,1,"IOTHUB_CLIENT_CONFIRMATION_OK"
2171,10324873358,10324873389,1,"IOTHUB_CLIENT_CONFIRMATION_OK"
2172,10324873558,10324873729,1,"IOTHUB_CLIENT_CONFIRMATION_OK"
2173,10324873758,10324873798,1,"IOTHUB_CLIENT_CONFIRMATION_OK"
2174,10324873958,10324874125,1,"IOTHUB_CLIENT_CONFIRMATION_OK"
2175,10324874159,10324874234,1,"IOTHUB_CLIENT_CONFIRMATION_OK"
2176,10324874359,10324874407,1,"IOTHUB_CLIENT_CONFIRMATION_OK"
2177,10324874559,10324874912,1,"IOTHUB_CLIENT_CONFIRMATION_OK"
2178,10324874759,10324875024,1,"IOTHUB_CLIENT_CONFIRMATION_OK"
2179,10324874959,10324875057,1,"IOTHUB_CLIENT_CONFIRMATION_OK"
2180,10324875159,10324875194,1,"IOTHUB_CLIENT_CONFIRMATION_OK"
2181,10324875359,10324875591,1,"IOTHUB_CLIENT_CONFIRMATION_OK"
2182,10324875560,10324875625,1,"IOTHUB_CLIENT_CONFIRMATION_OK"
2183,10324875760,10324876120,1,"IOTHUB_CLIENT_CONFIRMATION_OK"
2184,10324875960,10324876219,1,"IOTHUB_CLIENT_CONFIRMATION_OK"
2185,10324876160,10324876255,1,"IOTHUB_CLIENT_CONFIRMATION_OK"
2186,10324876360,10324876392,1,"IOTHUB_CLIENT_CONFIRMATION_OK"
2187,10324876560,10324876594,1,"IOTHUB_CLIENT_CONFIRMATION_OK"
2188,10324876761,10324876801,1,"IOTHUB_CLIENT_CONFIRMATION_OK"
2189,10324876961,10324877045,1,"IOTHUB_CLIENT_CONFIRMATION_OK"
2190,10324877161,10324877205,1,"IOTHUB_CLIENT_CONFIRMATION_OK"
2191,10324877361,10324877398,1,"IOTHUB_CLIENT_CONFIRMATION_OK"
2192,10324877561,10324877599,1,"IOTHUB_CLIENT_CONFIRMATION_OK"
2193,10324877762,10324877928,1,"IOTHUB_CLIENT_CONFIRMATION_OK"
2194,10324877962,10324877993,1,"IOTHUB_CLIENT_CONFIRMATION_OK"
2195,10324878162,10324878272,1,"IOTHUB_CLIENT_CONFIRMATION_OK"
2196,10324878362,10324878404,1,"IOTHUB_CLIENT_CONFIRMATION_OK"
2197,10324878562,10324878593,1,"IOTHUB_CLIENT_CONFIRMATION_OK"
2198,10324878762,10324878829,1,"IOTHUB_CLIENT_CONFIRMATION_OK"
2199,10324878963,10324878995,1,"IOTHUB_CLIENT_CONFIRMATION_OK"
2200,10324879163,10324879335,1,"IOTHUB_CLIENT_CONFIRMATION_OK"
2201,10324879363,10324879395,1,"IOTHUB_CLIENT_CONFIRMATION_OK"
2202,10324879563,10324879598,1,"IOTHUB_CLIENT_CONFIRMATION_OK"
2203,10324879763,10324880000,1,"IOTHUB_CLIENT_CONFIRMATION_OK"
2204,10324879963,10324880098,1,"IOTHUB_CLIENT_CONFIRMATION_OK"
2205,10324880164,10324880198,1,"IOTHUB_CLIENT_CONFIRMATION_OK"
2206,10324880364,10324880488,1,"IOTHUB_CLIENT_CONFIRMATION_OK"
2207,10324880564,10324880735,1,"IOTHUB_CLIENT_CONFIRMATION_OK"
2208,10324880764,10324880849,1,"IOTHUB_CLIENT_CONFIRMATION_OK"
2209,10324880964,10324881040,1,"IOTHUB_CLIENT_CONFIRMATION_OK"
2210,10324881165,10324881302,1,"IOTHUB_CLIENT_CONFIRMATION_OK"
2211,10324881365,10324881396,1,"IOTHUB_CLIENT_CONFIRMATION_OK"
2212,10324881565,10324881880,1,"IOTHUB_CLIENT_CONFIRMATION_OK"
2213,10324881765,10324881900,1,"IOTHUB_CLIENT_CONFIRMATION_OK"
2214,10324881965,10324882005,1,"IOTHUB_CLIENT_CONFIRMATION_OK"
2215,10324882165,10324882210,1,"IOTHUB_CLIENT_CONFIRMATION_OK"
2216,10324882366,10324882577,1,"IOTHUB_CLIENT_CONFIRMATION_OK"
2217,10324882566,10324882644,1,"IOTHUB_CLIENT_CONFIRMATION_OK"
2218,10324882766,10324882868,1,"IOTHUB_CLIENT_CONFIRMATION_OK"
2219,10324882966,10324883017,1,"IOTHUB_CLIENT_CONFIRMATION_OK"
2220,10324883166,10324883202,1,"IOTHUB_CLIENT_CONFIRMATION_OK"
2221,10324883366,10324883460,1,"IOTHUB_CLIENT_CONFIRMATION_OK"
2222,10324883566,10324883624,1,"IOTHUB_CLIENT_CONFIRMATION_OK"
2223,10324883767,10324883924,1,"IOTHUB_CLIENT_CONFIRMATION_OK"
2224,10324883967,10324884031,1,"IOTHUB_CLIENT_CONFIRMATION_OK"
2225,10324884167,10324884286,1,"IOTHUB_CLIENT_CONFIRMATION_OK"
2226,10324884367,10324884450,1,"IOTHUB_CLIENT_CONFIRMATION_OK"
2227,10324884567,10324884764,1,"IOTHUB_CLIENT_CONFIRMATION_OK"
2228,10324884767,10324884814,1,"IOTHUB_CLIENT_CONFIRMATION_OK"
2229,10324884968,10324885116,1,"IOTHUB_CLIENT_CONFIRMATION_OK"
2230,10324885168,10324885207,1,"IOTHUB_CLIENT_CONFIRMATION_OK"
2231,10324885368,10324885402,1,"IOTHUB_CLIENT_CONFIRMATION_OK"
2232,10324885568,10324885740,1,"IOTHUB_CLIENT_CONFIRMATION_OK"
2233,10324885768,10324885812,1,"IOTHUB_CLIENT_CONFIRMATION_OK"
2234,10324885968,10324886062,1,"IOTHUB_CLIENT_CONFIRMATION_OK"
2235,10324886168,10324886210,1,"IOTHUB_CLIENT_CONFIRMATION_OK"
2236,10324886369,10324886461,1,"IOTHUB_CLIENT_CONFIRMATION_OK"
2237,10324886569,10324886620,1,"IOTHUB_CLIENT_CONFIRMATION_OK"
2238,10324886769,10324886800,1,"IOTHUB_CLIENT_CONFIRMATION_OK"
2239,10324886969,10324887002,1,"IOTHUB_CLIENT_CONFIRMATION_OK"
2240,10324887169,10324887206,1,"IOTHUB_CLIENT_CONFIRMATION_OK"
2241,10324887369,10324887398,1,"IOTHUB_CLIENT_CONFIRMATION_OK"
2242,10324887569,10324887693,1,"IOTHUB_CLIENT_CONFIRMATION_OK"
2243,10324887770,10324887964,1,"IOTHUB_CLIENT_CONFIRMATION_OK"
2244,10324887970,10324888008,1,"IOTHUB_CLIENT_CONFIRMATION_OK"
2245,10324888170,10324888314,1,"IOTHUB_CLIENT_CONFIRMATION_OK"
2246,10324888370,10324888419,1,"IOTHUB_CLIENT_CONFIRMATION_OK"
2247,10324888570,10324888605,1,"IOTHUB_CLIENT_CONFIRMATION_OK"
2248,10324888770,10324888801,1,"IOTHUB_CLIENT_CONFIRMATION_OK"
2249,10324888971,10324889245,1,"IOTHUB_CLIENT_CONFIRMATION_OK"
2250,10324889171,10324889289,1,"IOTHUB_CLIENT_CONFIRMATION_OK"
2251,10324889371,10324889415,1,"IOTHUB_CLIENT_CONFIRMATION_OK"
2252,10324889571,10324889609,1,"IOTHUB_CLIENT_CONFIRMATION_OK"
2253,10324889771,10324889812,1,"IOTHUB_CLIENT_CONFIRMATION_OK"
2254,10324889971,10324890266,1,"IOTHUB_CLIENT_CONFIRMATION_OK"
2255,10324890171,10324890307,1,"IOTHUB_CLIENT_CONFIRMATION_OK"
2256,10324890372,10324890405,1,"IOTHUB_CLIENT_CONFIRMATION_OK"
2257,10324890572,10324890620,1,"IOTHUB_CLIENT_CONFIRMATION_OK"
2258,10324890772,10324890809,1,"IOTHUB_CLIENT_CONFIRMATION_OK"
2259,10324890972,10324891002,1,"IOTHUB_CLIENT_CONFIRMATION_OK"
2260,10324891172,10324891202,1,"IOTHUB_CLIENT_CONFIRMATION_OK"
2261,10324891372,10324891415,1,"IOTHUB_CLIENT_CONFIRMATION_OK"
2262,10324891573,10324891604,1,"IOTHUB_CLIENT_CONFIRMATION_OK"
2263,10324891773,10324891805,1,"IOTHUB_CLIENT_CONFIRMATION_OK"
2264,10324891973,10324892646,1,"IOTHUB_CLIENT_CONFIRMATION_OK"
2265,10324892173,10324892837,1,"IOTHUB_CLIENT_CONFIRMATION_OK"
2266,10324892373,10324892858,1,"IOTHUB_CLIENT_CONFIRMATION_OK"
2267,10324892573,10324892878,1,"IOTHUB_CLIENT_CONFIRMATION_OK"
2268,10324892774,10324892929,1,"IOTHUB_CLIENT_CONFIRMATION_OK"
2269,10324892974,10324893005,1,"IOTHUB_CLIENT_CONFIRMATION_OK"
2270,10324893174,10324893228,1,"IOTHUB_CLIENT_CONFIRMATION_OK"
2271,10324893374,10324893410,1,"IOTHUB_CLIENT_CONFIRMATION_OK"
2272,10324893574,10324893606,1,"IOTHUB_CLIENT_CONFIRMATION_OK"
2273,10324893774,10324893806,1,"IOTHUB_CLIENT_CONFIRMATION_OK"
2274,10324893974,10324894005,1,"IOTHUB_CLIENT_CONFIRMATION_OK"
2275,10324894175,10324894301,1,"IOTHUB_CLIENT_CONFIRMATION_OK"
2276,10324894375,10324894409,1,"IOTHUB_CLIENT_CONFIRMATION_OK"
2277,10324894575,10324894608,1,"IOTHUB_CLIENT_CONFIRMATION_OK"
2278,10324894775,10324894903,1,"IOTHUB_CLIENT_CONFIRMATION_OK"
2279,10324894975,10324895086,1,"IOTHUB_CLIENT_CONFIRMATION_OK"
2280,10324895175,10324895234,1,"IOTHUB_CLIENT_CONFIRMATION_OK"
2281,10324895376,10324895497,1,"IOTHUB_CLIENT_CONFIRMATION_OK"
2282,10324895576,10324895612,1,"IOTHUB_CLIENT_CONFIRMATION_OK"
2283,10324895776,10324895829,1,"IOTHUB_CLIENT_CONFIRMATION_OK"
2284,10324895976,10324896039,1,"IOTHUB_CLIENT_CONFIRMATION_OK"
2285,10324896176,10324896215,1,"IOTHUB_CLIENT_CONFIRMATION_OK"
2286,10324896377,10324896409,1,"IOTHUB_CLIENT_CONFIRMATION_OK"
2287,10324896577,10324896640,1,"IOTHUB_CLIENT_CONFIRMATION_OK"
2288,10324896777,10324896809,1,"IOTHUB_CLIENT_CONFIRMATION_OK"
2289,10324896977,10324897066,1,"IOTHUB_CLIENT_CONFIRMATION_OK"
2290,10324897177,10324897208,1,"IOTHUB_CLIENT_CONFIRMATION_OK"
2291,10324897378,10324897420,1,"IOTHUB_CLIENT_CONFIRMATION_OK"
2292,10324897578,10324897609,1,"IOTHUB_CLIENT_CONFIRMATION_OK"
2293,10324897778,10324897828,1,"IOTHUB_CLIENT_CONFIRMATION_OK"
2294,10324897978,10324898013,1,"IOTHUB_CLIENT_CONFIRMATION_OK"
2295,10324898178,10324898229,1,"IOTHUB_CLIENT_CONFIRMATION_OK"
2296,10324898378,10324898416,1,"IOTHUB_CLIENT_CONFIRMATION_OK"
2297,10324898579,10324898616,1,"IOTHUB_CLIENT_CONFIRMATION_OK"
2298,10324898779,10324899000,1,"IOTHUB_CLIENT_CONFIRMATION_OK"
2299,10324898979,10324899023,1,"IOTHUB_CLIENT_CONFIRMATION_OK"
2300,10324899179,10324899208,1,"IOTHUB_CLIENT_CONFIRMATION_OK"
2301,10324899379,10324899411,1,"IOTHUB_CLIENT_CONFIRMATION_OK"
2302,10324899579,10324899613,1,"IOTHUB_CLIENT_CONFIRMATION_OK"
2303,10324899780,10324899813,1,"IOTHUB_CLIENT_CONFIRMATION_OK"
2304,10324899980,10324900008,1,"IOTHUB_CLIENT_CONFIRMATION_OK"
2305,10324900180,10324900234,1,"IOTHUB_CLIENT_CONFIRMATION_OK"
2306,10324900380,10324900413,1,"IOTHUB_CLIENT_CONFIRMATION_OK"
2307,10324900580,10324900640,1,"IOTHUB_CLIENT_CONFIRMATION_OK"
2308,10324900780,10324900840,1,"IOTHUB_CLIENT_CONFIRMATION_OK"
2309,10324900981,10324901013,1,"IOTHUB_CLIENT_CONFIRMATION_OK"
2310,10324901181,10324901241,1,"IOTHUB_CLIENT_CONFIRMATION_OK"
2311,10324901381,10324901413,1,"IOTHUB_CLIENT_CONFIRMATION_OK"
2312,10324901581,10324901620,1,"IOTHUB_CLIENT_CONFIRMATION_OK"
2313,10324901781,10324901864,1,"IOTHUB_CLIENT_CONFIRMATION_OK"
2314,10324901982,10324902046,1,"IOTHUB_CLIENT_CONFIRMATION_OK"
2315,10324902182,10324902217,1,"IOTHUB_CLIENT_CONFIRMATION_OK"
2316,10324902382,10324902463,1,"IOTHUB_CLIENT_CONFIRMATION_OK"
2317,10324902582,10324902615,1,"IOTHUB_CLIENT_CONFIRMATION_OK"
2318,10324902782,10324902874,1,"IOTHUB_CLIENT_CONFIRMATION_OK"
2319,10324902982,10324903021,1,"IOTHUB_CLIENT_CONFIRMATION_OK"
2320,10324903182,10324903214,1,"IOTHUB_CLIENT_CONFIRMATION_OK"
2321,10324903383,10324903418,1,"IOTHUB_CLIENT_CONFIRMATION_OK"
2322,10324903583,10324903615,1,"IOTHUB_CLIENT_CONFIRMATION_OK"
2323,10324903783,10324903817,1,"IOTHUB_CLIENT_CONFIRMATION_OK"
2324,10324903983,10324904080,1,"IOTHUB_CLIENT_CONFIRMATION_OK"
2325,10324904183,10324904218,1,"IOTHUB_CLIENT_CONFIRMATION_OK"
2326,10324904383,10324904418,1,"IOTHUB_CLIENT_CONFIRMATION_OK"
2327,10324904583,10324904696,1,"IOTHUB_CLIENT_CONFIRMATION_OK"
2328,10324904784,10324904813,1,"IOTHUB_CLIENT_CONFIRMATION_OK"
2329,10324904984,10324905041,1,"IOTHUB_CLIENT_CONFIRMATION_OK"
2330,10324905184,10324905329,1,"IOTHUB_CLIENT_CONFIRMATION_OK"
2331,10324905384,10324905418,1,"IOTHUB_CLIENT_CONFIRMATION_OK"
2332,10324905584,10324905618,1,"IOTHUB_CLIENT_CONFIRMATION_OK"
2333,10324905784,10324905921,1,"IOTHUB_CLIENT_CONFIRMATION_OK"
2334,10324905985,10324906016,1,"IOTHUB_CLIENT_CONFIRMATION_OK"
2335,10324906185,10324906218,1,"IOTHUB_CLIENT_CONFIRMATION_OK"
2336,10324906385,10324906424,1,"IOTHUB_CLIENT_CONFIRMATION_OK"
2337,10324906585,10324906639,1,"IOTHUB_CLIENT_CONFIRMATION_OK"
2338,10324906785,10324906818,1,"IOTHUB_CLIENT_CONFIRMATION_OK"
2339,10324906985,10324907044,1,"IOTHUB_CLIENT_CONFIRMATION_OK"
2340,10324907185,10324907319,1,"IOTHUB_CLIENT_CONFIRMATION_OK"
2341,10324907386,10324907417,1,"IOTHUB_CLIENT_CONFIRMATION_OK"
2342,10324907586,10324907665,1,"IOTHUB_CLIENT_CONFIRMATION_OK"
2343,10324907786,10324907816,1,"IOTHUB_CLIENT_CONFIRMATION_OK"
2344,10324907986,10324908016,1,"IOTHUB_CLIENT_CONFIRMATION_OK"
2345,10324908187,10324908219,1,"IOTHUB_CLIENT_CONFIRMATION_OK"
2346,10324908387,10324908448,1,"IOTHUB_CLIENT_CONFIRMATION_OK"
2347,10324908587,10324908617,1,"IOTHUB_CLIENT_CONFIRMATION_OK"
2348,10324908787,10324908821,1,"IOTHUB_CLIENT_CONFIRMATION_OK"
2349,10324908987,10324909044,1,"IOTHUB_CLIENT_CONFIRMATION_OK"
2350,10324909187,10324909260,1,"IOTHUB_CLIENT_CONFIRMATION_OK"
2351,10324909388,10324909417,1,"IOTHUB_CLIENT_CONFIRMATION_OK"
2352,10324909588,10324909622,1,"IOTHUB_CLIENT_CONFIRMATION_OK"
2353,10324909788,10324909912,1,"IOTHUB_CLIENT_CONFIRMATION_OK"
2354,10324909988,10324910039,1,"IOTHUB_CLIENT_CONFIRMATION_OK"
2355,10324910188,10324910239,1,"IOTHUB_CLIENT_CONFIRMATION_OK"
2356,10324910388,10324910482,1,"IOTHUB_CLIENT_CONFIRMATION_OK"
2357,10324910588,10324910632,1,"IOTHUB_CLIENT_CONFIRMATION_OK"
2358,10324910789,10324910821,1,"IOTHUB_CLIENT_CONFIRMATION_OK"
2359,10324910989,10324911080,1,"IOTHUB_CLIENT_CONFIRMATION_OK"
2360,10324911189,10324911226,1,"IOTHUB_CLIENT_CONFIRMATION_OK"
2361,10324911389,10324911422,1,"IOTHUB_CLIENT_CONFIRMATION_OK"
2362,10324911589,10324911690,1,"IOTHUB_CLIENT_CONFIRMATION_OK"
2363,10324911789,10324911847,1,"IOTHUB_CLIENT_CONFIRMATION_OK"
2364,10324911989,10324912036,1,"IOTHUB_CLIENT_CONFIRMATION_OK"
2365,10324912190,10324912221,1,"IOTHUB_CLIENT_CONFIRMATION_OK"
2366,10324912390,10324912424,1,"IOTHUB_CLIENT_CONFIRMATION_OK"
2367,10324912590,10324912621,1,"IOTHUB_CLIENT_CONFIRMATION_OK"
2368,10324912790,10324912827,1,"IOTHUB_CLIENT_CONFIRMATION_OK"
2369,10324912990,10324913022,1,"IOTHUB_CLIENT_CONFIRMATION_OK"
2370,10324913191,10324913263,1,"IOTHUB_CLIENT_CONFIRMATION_OK"
2371,10324913391,10324913426,1,"IOTHUB_CLIENT_CONFIRMATION_OK"
2372,10324913591,10324913624,1,"IOTHUB_CLIENT_CONFIRMATION_OK"
2373,10324913791,10324913919,1,"IOTHUB_CLIENT_CONFIRMATION_OK"
2374,10324913991,10324914031,1,"IOTHUB_CLIENT_CONFIRMATION_OK"
2375,10324914191,10324914221,1,"IOTHUB_CLIENT_CONFIRMATION_OK"
2376,10324914391,10324914544,1,"IOTHUB_CLIENT_CONFIRMATION_OK"
2377,10324914592,10324914626,1,"IOTHUB_CLIENT_CONFIRMATION_OK"
2378,10324914792,10324914823,1,"IOTHUB_CLIENT_CONFIRMATION_OK"
2379,10324914992,10324915162,1,"IOTHUB_CLIENT_CONFIRMATION_OK"
2380,10324915192,10324915223,1,"IOTHUB_CLIENT_CONFIRMATION_OK"
2381,10324915392,10324915426,1,"IOTHUB_CLIENT_CONFIRMATION_OK"
2382,10324915593,10324915635,1,"IOTHUB_CLIENT_CONFIRMATION_OK"
2383,10324915793,10324915826,1,"IOTHUB_CLIENT_CONFIRMATION_OK"
2384,10324915993,10324916023,1,"IOTHUB_CLIENT_CONFIRMATION_OK"
2385,10324916193,10324916223,1,"IOTHUB_CLIENT_CONFIRMATION_OK"
2386,10324916393,10324916426,1,"IOTHUB_CLIENT_CONFIRMATION_OK"
2387,10324916593,10324916628,1,"IOTHUB_CLIENT_CONFIRMATION_OK"
2388,10324916794,10324916886,1,"IOTHUB_CLIENT_CONFIRMATION_OK"
2389,10324916994,10324917025,1,"IOTHUB_CLIENT_CONFIRMATION_OK"
2390,10324917194,10324917229,1,"IOTHUB_CLIENT_CONFIRMATION_OK"
2391,10324917394,10324917534,1,"IOTHUB_CLIENT_CONFIRMATION_OK"
2392,10324917594,10324917624,1,"IOTHUB_CLIENT_CONFIRMATION_OK"
2393,10324917795,10324917827,1,"IOTHUB_CLIENT_CONFIRMATION_OK"
2394,10324917995,10324918025,1,"IOTHUB_CLIENT_CONFIRMATION_OK"
2395,10324918195,10324918227,1,"IOTHUB_CLIENT_CONFIRMATION_OK"
2396,10324918395,10324918426,1,"IOTHUB_CLIENT_CONFIRMATION_OK"
2397,10324918595,10324918707,1,"IOTHUB_CLIENT_CONFIRMATION_OK"
2398,10324918795,10324918835,1,"IOTHUB_CLIENT_CONFIRMATION_OK"
2399,10324918996,10324919121,1,"IOTHUB_CLIENT_CONFIRMATION_OK"
2400,10324919196,10324919228,1,"IOTHUB_CLIENT_CONFIRMATION_OK"
2401,10324919396,10324919429,1,"IOTHUB_CLIENT_CONFIRMATION_OK"
2402,10324919596,10324920205,1,"IOTHUB_CLIENT_CONFIRMATION_OK"
2403,10324919796,10324920368,1,"IOTHUB_CLIENT_CONFIRMATION_OK"
2404,10324919996,10324920412,1,"IOTHUB_CLIENT_CONFIRMATION_OK"
2405,10324920197,10324920455,1,"IOTHUB_CLIENT_CONFIRMATION_OK"
2406,10324920397,10324920501,1,"IOTHUB_CLIENT_CONFIRMATION_OK"
2407,10324920597,10324920628,1,"IOTHUB_CLIENT_CONFIRMATION_OK"
2408,10324920797,10324920937,1,"IOTHUB_CLIENT_CONFIRMATION_OK"
2409,10324920997,10324921032,1,"IOTHUB_CLIENT_CONFIRMATION_OK"
2410,10324921197,10324921230,1,"IOTHUB_CLIENT_CONFIRMATION_OK"
2411,10324921398,10324921436,1,"IOTHUB_CLIENT_CONFIRMATION_OK"
2412,10324921598,10324921631,1,"IOTHUB_CLIENT_CONFIRMATION_OK"
2413,10324921798,10324921839,1,"IOTHUB_CLIENT_CONFIRMATION_OK"
2414,10324921998,10324922082,1,"IOTHUB_CLIENT_CONFIRMATION_OK"
2415,10324922198,10324922241,1,"IOTHUB_CLIENT_CONFIRMATION_OK"
2416,10324922398,10324922432,1,"IOTHUB_CLIENT_CONFIRMATION_OK"
2417,10324922599,10324922704,1,"IOTHUB_CLIENT_CONFIRMATION_OK"
2418,10324922799,10324922833,1,"IOTHUB_CLIENT_CONFIRMATION_OK"
2419,10324922999,10324923032,1,"IOTHUB_CLIENT_CONFIRMATION_OK"
2420,10324923199,10324923235,1,"IOTHUB_CLIENT_CONFIRMATION_OK"
2421,10324923399,10324923497,1,"IOTHUB_CLIENT_CONFIRMATION_OK"
2422,10324923599,10324923712,1,"IOTHUB_CLIENT_CONFIRMATION_OK"
2423,10324923800,10324923831,1,"IOTHUB_CLIENT_CONFIRMATION_OK"
2424,10324924000,10324924489,1,"IOTHUB_CLIENT_CONFIRMATION_OK"
2425,10324924200,10324924521,1,"IOTHUB_CLIENT_CONFIRMATION_OK"
2426,10324924400,10324924557,1,"IOTHUB_CLIENT_CONFIRMATION_OK"
2427,10324924600,10324924760,1,"IOTHUB_CLIENT_CONFIRMATION_OK"
2428,10324924800,10324924991,1,"IOTHUB_CLIENT_CONFIRMATION_OK"
2429,10324925001,10324925030,1,"IOTHUB_CLIENT_CONFIRMATION_OK"
2430,10324925201,10324925297,1,"IOTHUB_CLIENT_CONFIRMATION_OK"
2431,10324925401,10324925435,1,"IOTHUB_CLIENT_CONFIRMATION_OK"
2432,10324925601,10324925643,1,"IOTHUB_CLIENT_CONFIRMATION_OK"
2433,10324925801,10324925834,1,"IOTHUB_CLIENT_CONFIRMATION_OK"
2434,10324926002,10324926125,1,"IOTHUB_CLIENT_CONFIRMATION_OK"
2435,10324926202,10324926271,1,"IOTHUB_CLIENT_CONFIRMATION_OK"
2436,10324926402,10324926522,1,"IOTHUB_CLIENT_CONFIRMATION_OK"
2437,10324926602,10324926715,1,"IOTHUB_CLIENT_CONFIRMATION_OK"
2438,10324926802,10324926886,1,"IOTHUB_CLIENT_CONFIRMATION_OK"
2439,10324927003,10324927035,1,"IOTHUB_CLIENT_CONFIRMATION_OK"
2440,10324927203,10324927275,1,"IOTHUB_CLIENT_CONFIRMATION_OK"
2441,10324927403,10324927467,1,"IOTHUB_CLIENT_CONFIRMATION_OK"
2442,10324927603,10324927632,1,"IOTHUB_CLIENT_CONFIRMATION_OK"
2443,10324927803,10324927836,1,"IOTHUB_CLIENT_CONFIRMATION_OK"
2444,10324928003,10324928035,1,"IOTHUB_CLIENT_CONFIRMATION_OK"
2445,10324928203,10324928235,1,"IOTHUB_CLIENT_CONFIRMATION_OK"
2446,10324928404,10324928455,1,"IOTHUB_CLIENT_CONFIRMATION_OK"
2447,10324928604,10324928635,1,"IOTHUB_CLIENT_CONFIRMATION_OK"
2448,10324928804,10324928926,1,"IOTHUB_CLIENT_CONFIRMATION_OK"
2449,10324929004,10324929046,1,"IOTHUB_CLIENT_CONFIRMATION_OK"
2450,10324929204,10324929239,1,"IOTHUB_CLIENT_CONFIRMATION_OK"
2451,10324929404,10324929604,1,"IOTHUB_CLIENT_CONFIRMATION_OK"
2452,10324929605,10324929640,1,"IOTHUB_CLIENT_CONFIRMATION_OK"
2453,10324929805,10324929861,1,"IOTHUB_CLIENT_CONFIRMATION_OK"
2454,10324930005,10324930280,1,"IOTHUB_CLIENT_CONFIRMATION_OK"
2455,10324930205,10324930357,1,"IOTHUB_CLIENT_CONFIRMATION_OK"
2456,10324930405,10324930573,1,"IOTHUB_CLIENT_CONFIRMATION_OK"
2457,10324930605,10324930633,1,"IOTHUB_CLIENT_CONFIRMATION_OK"
2458,10324930805,10324930836,1,"IOTHUB_CLIENT_CONFIRMATION_OK"
2459,10324931006,10324931097,1,"IOTHUB_CLIENT_CONFIRMATION_OK"
2460,10324931206,10324931243,1,"IOTHUB_CLIENT_CONFIRMATION_OK"
2461,10324931406,10324931449,1,"IOTHUB_CLIENT_CONFIRMATION_OK"
2462,10324931606,10324931732,1,"IOTHUB_CLIENT_CONFIRMATION_OK"
2463,10324931806,10324931859,1,"IOTHUB_CLIENT_CONFIRMATION_OK"
2464,10324932006,10324932044,1,"IOTHUB_CLIENT_CONFIRMATION_OK"
2465,10324932206,10324932351,1,"IOTHUB_CLIENT_CONFIRMATION_OK"
2466,10324932407,10324932466,1,"IOTHUB_CLIENT_CONFIRMATION_OK"
2467,10324932607,10324932641,1,"IOTHUB_CLIENT_CONFIRMATION_OK"
2468,10324932807,10324932848,1,"IOTHUB_CLIENT_CONFIRMATION_OK"
2469,10324933007,10324933037,1,"IOTHUB_CLIENT_CONFIRMATION_OK"
2470,10324933207,10324933242,1,"IOTHUB_CLIENT_CONFIRMATION_OK"
2471,10324933408,10324933458,1,"IOTHUB_CLIENT_CONFIRMATION_OK"
2472,10324933608,10324933662,1,"IOTHUB_CLIENT_CONFIRMATION_OK"
2473,10324933808,10324933848,1,"IOTHUB_CLIENT_CONFIRMATION_OK"
2474,10324934008,10324934099,1,"IOTHUB_CLIENT_CONFIRMATION_OK"
2475,10324934208,10324934243,1,"IOTHUB_CLIENT_CONFIRMATION_OK"
2476,10324934408,10324934445,1,"IOTHUB_CLIENT_CONFIRMATION_OK"
2477,10324934608,10324934724,1,"IOTHUB_CLIENT_CONFIRMATION_OK"
2478,10324934809,10324934844,1,"IOTHUB_CLIENT_CONFIRMATION_OK"
2479,10324935009,10324935052,1,"IOTHUB_CLIENT_CONFIRMATION_OK"
2480,10324935209,10324935356,1,"IOTHUB_CLIENT_CONFIRMATION_OK"
2481,10324935409,10324935474,1,"IOTHUB_CLIENT_CONFIRMATION_OK"
2482,10324935610,10324935642,1,"IOTHUB_CLIENT_CONFIRMATION_OK"
2483,10324935810,10324935857,1,"IOTHUB_CLIENT_CONFIRMATION_OK"
2484,10324936010,10324936045,1,"IOTHUB_CLIENT_CONFIRMATION_OK"
2485,10324936210,10324936240,1,"IOTHUB_CLIENT_CONFIRMATION_OK"
2486,10324936410,10324936443,1,"IOTHUB_CLIENT_CONFIRMATION_OK"
2487,10324936610,10324936653,1,"IOTHUB_CLIENT_CONFIRMATION_OK"
2488,10324936811,10324936864,1,"IOTHUB_CLIENT_CONFIRMATION_OK"
2489,10324937011,10324937045,1,"IOTHUB_CLIENT_CONFIRMATION_OK"
2490,10324937211,10324937245,1,"IOTHUB_CLIENT_CONFIRMATION_OK"
2491,10324937412,10324937447,1,"IOTHUB_CLIENT_CONFIRMATION_OK"
2492,10324937612,10324937644,1,"IOTHUB_CLIENT_CONFIRMATION_OK"
2493,10324937812,10324937845,1,"IOTHUB_CLIENT_CONFIRMATION_OK"
2494,10324938012,10324938120,1,"IOTHUB_CLIENT_CONFIRMATION_OK"
2495,10324938212,10324938326,1,"IOTHUB_CLIENT_CONFIRMATION_OK"
2496,10324938412,10324938447,1,"IOTHUB_CLIENT_CONFIRMATION_OK"
2497,10324938612,10324938645,1,"IOTHUB_CLIENT_CONFIRMATION_OK"
2498,10324938813,10324938843,1,"IOTHUB_CLIENT_CONFIRMATION_OK"
2499,10324939013,10324939068,1,"IOTHUB_CLIENT_CONFIRMATION_OK"
2500,10324939213,10324939424,1,"IOTHUB_CLIENT_CONFIRMATION_OK"
2501,10324939413,10324939443,1,"IOTHUB_CLIENT_CONFIRMATION_OK"
2502,10324939613,10324939654,1,"IOTHUB_CLIENT_CONFIRMATION_OK"
2503,10324939813,10324939853,1,"IOTHUB_CLIENT_CONFIRMATION_OK"
2504,10324940014,10324940046,1,"IOTHUB_CLIENT_CONFIRMATION_OK"
2505,10324940214,10324940250,1,"IOTHUB_CLIENT_CONFIRMATION_OK"
2506,10324940414,10324940445,1,"IOTHUB_CLIENT_CONFIRMATION_OK"
2507,10324940614,10324940662,1,"IOTHUB_CLIENT_CONFIRMATION_OK"
2508,10324940814,10324940845,1,"IOTHUB_CLIENT_CONFIRMATION_OK"
2509,10324941015,10324941090,1,"IOTHUB_CLIENT_CONFIRMATION_OK"
2510,10324941215,10324941249,1,"IOTHUB_CLIENT_CONFIRMATION_OK"
2511,10324941415,10324941445,1,"IOTHUB_CLIENT_CONFIRMATION_OK"
2512,10324941615,10324941660,1,"IOTHUB_CLIENT_CONFIRMATION_OK"
2513,10324941815,10324941891,1,"IOTHUB_CLIENT_CONFIRMATION_OK"
2514,10324942015,10324942054,1,"IOTHUB_CLIENT_CONFIRMATION_OK"
2515,10324942216,10324942319,1,"IOTHUB_CLIENT_CONFIRMATION_OK"
2516,10324942416,10324942658,1,"IOTHUB_CLIENT_CONFIRMATION_OK"
2517,10324942616,10324942689,1,"IOTHUB_CLIENT_CONFIRMATION_OK"
2518,10324942816,10324942868,1,"IOTHUB_CLIENT_CONFIRMATION_OK"
2519,10324943016,10324943053,1,"IOTHUB_CLIENT_CONFIRMATION_OK"
2520,10324943217,10324943249,1,"IOTHUB_CLIENT_CONFIRMATION_OK"
2521,10324943417,10324943449,1,"IOTHUB_CLIENT_CONFIRMATION_OK"
2522,10324943617,10324943648,1,"IOTHUB_CLIENT_CONFIRMATION_OK"
2523,10324943817,10324943940,1,"IOTHUB_CLIENT_CONFIRMATION_OK"
2524,10324944017,10324944053,1,"IOTHUB_CLIENT_CONFIRMATION_OK"
2525,10324944217,10324944250,1,"IOTHUB_CLIENT_CONFIRMATION_OK"
2526,10324944417,10324944660,1,"IOTHUB_CLIENT_CONFIRMATION_OK"
2527,10324944618,10324944681,1,"IOTHUB_CLIENT_CONFIRMATION_OK"
2528,10324944818,10324944859,1,"IOTHUB_CLIENT_CONFIRMATION_OK"
2529,10324945018,10324945053,1,"IOTHUB_CLIENT_CONFIRMATION_OK"
2530,10324945218,10324945323,1,"IOTHUB_CLIENT_CONFIRMATION_OK"
2531,10324945418,10324945451,1,"IOTHUB_CLIENT_CONFIRMATION_OK"
2532,10324945618,10324945710,1,"IOTHUB_CLIENT_CONFIRMATION_OK"
2533,10324945818,10324945850,1,"IOTHUB_CLIENT_CONFIRMATION_OK"
2534,10324946019,10324946051,1,"IOTHUB_CLIENT_CONFIRMATION_OK"
2535,10324946219,10324946326,1,"IOTHUB_CLIENT_CONFIRMATION_OK"
2536,10324946419,10324946593,1,"IOTHUB_CLIENT_CONFIRMATION_OK"
2537,10324946619,10324946649,1,"IOTHUB_CLIENT_CONFIRMATION_OK"
2538,10324946819,10324946854,1,"IOTHUB_CLIENT_CONFIRMATION_OK"
2539,10324947019,10324947053,1,"IOTHUB_CLIENT_CONFIRMATION_OK"
2540,10324947220,10324947261,1,"IOTHUB_CLIENT_CONFIRMATION_OK"
2541,10324947420,10324947453,1,"IOTHUB_CLIENT_CONFIRMATION_OK"
2542,10324947620,10324947706,1,"IOTHUB_CLIENT_CONFIRMATION_OK"
2543,10324947820,10324947851,1,"IOTHUB_CLIENT_CONFIRMATION_OK"
2544,10324948020,10324948193,1,"IOTHUB_CLIENT_CONFIRMATION_OK"
2545,10324948220,10324948252,1,"IOTHUB_CLIENT_CONFIRMATION_OK"
2546,10324948420,10324948453,1,"IOTHUB_CLIENT_CONFIRMATION_OK"
2547,10324948621,10324948660,1,"IOTHUB_CLIENT_CONFIRMATION_OK"
2548,10324948821,10324948855,1,"IOTHUB_CLIENT_CONFIRMATION_OK"
2549,10324949021,10324949061,1,"IOTHUB_CLIENT_CONFIRMATION_OK"
2550,10324949221,10324949252,1,"IOTHUB_CLIENT_CONFIRMATION_OK"
2551,10324949421,10324949455,1,"IOTHUB_CLIENT_CONFIRMATION_OK"
2552,10324949621,10324949674,1,"IOTHUB_CLIENT_CONFIRMATION_OK"
2553,10324949822,10324949854,1,"IOTHUB_CLIENT_CONFIRMATION_OK"
2554,10324950022,10324950086,1,"IOTHUB_CLIENT_CONFIRMATION_OK"
2555,10324950222,10324950280,1,"IOTHUB_CLIENT_CONFIRMATION_OK"
2556,10324950422,10324950454,1,"IOTHUB_CLIENT_CONFIRMATION_OK"
2557,10324950622,10324950652,1,"IOTHUB_CLIENT_CONFIRMATION_OK"
2558,10324950823,10324950908,1,"IOTHUB_CLIENT_CONFIRMATION_OK"
2559,10324951023,10324951057,1,"IOTHUB_CLIENT_CONFIRMATION_OK"
2560,10324951223,10324951253,1,"IOTHUB_CLIENT_CONFIRMATION_OK"
2561,10324951423,10324951509,1,"IOTHUB_CLIENT_CONFIRMATION_OK"
2562,10324951623,10324951658,1,"IOTHUB_CLIENT_CONFIRMATION_OK"
2563,10324951823,10324951854,1,"IOTHUB_CLIENT_CONFIRMATION_OK"
2564,10324952023,10324952109,1,"IOTHUB_CLIENT_CONFIRMATION_OK"
2565,10324952224,10324952257,1,"IOTHUB_CLIENT_CONFIRMATION_OK"
2566,10324952424,10324952462,1,"IOTHUB_CLIENT_CONFIRMATION_OK"
2567,10324952624,10324953028,1,"IOTHUB_CLIENT_CONFIRMATION_OK"
2568,10324952824,10324953072,1,"IOTHUB_CLIENT_CONFIRMATION_OK"
2569,10324953024,10324953148,1,"IOTHUB_CLIENT_CONFIRMATION_OK"
2570,10324953224,10324953260,1,"IOTHUB_CLIENT_CONFIRMATION_OK"
2571,10324953424,10324953458,1,"IOTHUB_CLIENT_CONFIRMATION_OK"
2572,10324953625,10324953660,1,"IOTHUB_CLIENT_CONFIRMATION_OK"
2573,10324953825,10324953861,1,"IOTHUB_CLIENT_CONFIRMATION_OK"
2574,10324954025,10324954058,1,"IOTHUB_CLIENT_CONFIRMATION_OK"
2575,10324954225,10324954375,1,"IOTHUB_CLIENT_CONFIRMATION_OK"
2576,10324954425,10324954458,1,"IOTHUB_CLIENT_CONFIRMATION_OK"
2577,10324954626,10324954659,1,"IOTHUB_CLIENT_CONFIRMATION_OK"
2578,10324954826,10324954988,1,"IOTHUB_CLIENT_CONFIRMATION_OK"
2579,10324955026,10324955074,1,"IOTHUB_CLIENT_CONFIRMATION_OK"
2580,10324955226,10324955267,1,"IOTHUB_CLIENT_CONFIRMATION_OK"
2581,10324955426,10324955487,1,"IOTHUB_CLIENT_CONFIRMATION_OK"
2582,10324955626,10324955663,1,"IOTHUB_CLIENT_CONFIRMATION_OK"
2583,10324955827,10324955862,1,"IOTHUB_CLIENT_CONFIRMATION_OK"
2584,10324956027,10324956060,1,"IOTHUB_CLIENT_CONFIRMATION_OK"
2585,10324956227,10324956259,1,"IOTHUB_CLIENT_CONFIRMATION_OK"
2586,10324956427,10324956459,1,"IOTHUB_CLIENT_CONFIRMATION_OK"
2587,10324956627,10324956659,1,"IOTHUB_CLIENT_CONFIRMATION_OK"
2588,10324956827,10324956861,1,"IOTHUB_CLIENT_CONFIRMATION_OK"
2589,10324957027,10324957062,1,"IOTHUB_CLIENT_CONFIRMATION_OK"
2590,10324957228,10324957269,1,"IOTHUB_CLIENT_CONFIRMATION_OK"
2591,10324957428,10324957461,1,"IOTHUB_CLIENT_CONFIRMATION_OK"
2592,10324957628,10324957662,1,"IOTHUB_CLIENT_CONFIRMATION_OK"
2593,10324957828,10324957864,1,"IOTHUB_CLIENT_CONFIRMATION_OK"
2594,10324958028,10324958102,1,"IOTHUB_CLIENT_CONFIRMATION_OK"
2595,10324958228,10324958270,1,"IOTHUB_CLIENT_CONFIRMATION_OK"
2596,10324958428,10324958481,1,"IOTHUB_CLIENT_CONFIRMATION_OK"
2597,10324958629,10324958668,1,"IOTHUB_CLIENT_CONFIRMATION_OK"
2598,10324958829,10324958881,1,"IOTHUB_CLIENT_CONFIRMATION_OK"
2599,10324959029,10324959062,1,"IOTHUB_CLIENT_CONFIRMATION_OK"
2600,10324959229,10324959314,1,"IOTHUB_CLIENT_CONFIRMATION_OK"
2601,10324959429,10324959508,1,"IOTHUB_CLIENT_CONFIRMATION_OK"
2602,10324959629,10324959662,1,"IOTHUB_CLIENT_CONFIRMATION_OK"
2603,10324959830,10324959865,1,"IOTHUB_CLIENT_CONFIRMATION_OK"
2604,10324960030,10324960124,1,"IOTHUB_CLIENT_CONFIRMATION_OK"
2605,10324960230,10324960265,1,"IOTHUB_CLIENT_CONFIRMATION_OK"
2606,10324960430,10324960463,1,"IOTHUB_CLIENT_CONFIRMATION_OK"
2607,10324960630,10324960724,1,"IOTHUB_CLIENT_CONFIRMATION_OK"
2608,10324960830,10324960863,1,"IOTHUB_CLIENT_CONFIRMATION_OK"
2609,10324961030,10324961067,1,"IOTHUB_CLIENT_CONFIRMATION_OK"
2610,10324961231,10324961333,1,"IOTHUB_CLIENT_CONFIRMATION_OK"
2611,10324961431,10324961464,1,"IOTHUB_CLIENT_CONFIRMATION_OK"
2612,10324961631,10324961688,1,"IOTHUB_CLIENT_CONFIRMATION_OK"
2613,10324961831,10324962108,1,"IOTHUB_CLIENT_CONFIRMATION_OK"
2614,10324962031,10324962135,1,"IOTHUB_CLIENT_CONFIRMATION_OK"
2615,10324962232,10324962268,1,"IOTHUB_CLIENT_CONFIRMATION_OK"
2616,10324962432,10324962465,1,"IOTHUB_CLIENT_CONFIRMATION_OK"
2617,10324962632,10324962661,1,"IOTHUB_CLIENT_CONFIRMATION_OK"
2618,10324962832,10324962880,1,"IOTHUB_CLIENT_CONFIRMATION_OK"
2619,10324963032,10324963073,1,"IOTHUB_CLIENT_CONFIRMATION_OK"
2620,10324963233,10324963344,1,"IOTHUB_CLIENT_CONFIRMATION_OK"
2621,10324963433,10324963631,1,"IOTHUB_CLIENT_CONFIRMATION_OK"
2622,10324963633,10324963667,1,"IOTHUB_CLIENT_CONFIRMATION_OK"
2623,10324963833,10324963884,1,"IOTHUB_CLIENT_CONFIRMATION_OK"
2624,10324964033,10324964193,1,"IOTHUB_CLIENT_CONFIRMATION_OK"
2625,10324964233,10324964264,1,"IOTHUB_CLIENT_CONFIRMATION_OK"
2626,10324964434,10324964468,1,"IOTHUB_CLIENT_CONFIRMATION_OK"
2627,10324964634,10324964795,1,"IOTHUB_CLIENT_CONFIRMATION_OK"
2628,10324964834,10324964865,1,"IOTHUB_CLIENT_CONFIRMATION_OK"
2629,10324965034,10324965074,1,"IOTHUB_CLIENT_CONFIRMATION_OK"
2630,10324965234,10324965280,1,"IOTHUB_CLIENT_CONFIRMATION_OK"
2631,10324965434,10324965469,1,"IOTHUB_CLIENT_CONFIRMATION_OK"
2632,10324965635,10324965669,1,"IOTHUB_CLIENT_CONFIRMATION_OK"
2633,10324965835,10324965873,1,"IOTHUB_CLIENT_CONFIRMATION_OK"
2634,10324966035,10324966067,1,"IOTHUB_CLIENT_CONFIRMATION_OK"
2635,10324966235,10324966270,1,"IOTHUB_CLIENT_CONFIRMATION_OK"
2636,10324966435,10324966472,1,"IOTHUB_CLIENT_CONFIRMATION_OK"
2637,10324966635,10324966669,1,"IOTHUB_CLIENT_CONFIRMATION_OK"
2638,10324966835,10324966894,1,"IOTHUB_CLIENT_CONFIRMATION_OK"
2639,10324967036,10324967200,1,"IOTHUB_CLIENT_CONFIRMATION_OK"
2640,10324967236,10324967265,1,"IOTHUB_CLIENT_CONFIRMATION_OK"
2641,10324967436,10324967490,1,"IOTHUB_CLIENT_CONFIRMATION_OK"
2642,10324967636,10324967668,1,"IOTHUB_CLIENT_CONFIRMATION_OK"
2643,10324967836,10324967891,1,"IOTHUB_CLIENT_CONFIRMATION_OK"
2644,10324968036,10324968199,1,"IOTHUB_CLIENT_CONFIRMATION_OK"
2645,10324968237,10324968396,1,"IOTHUB_CLIENT_CONFIRMATION_OK"
2646,10324968437,10324968545,1,"IOTHUB_CLIENT_CONFIRMATION_OK"
2647,10324968637,10324968668,1,"IOTHUB_CLIENT_CONFIRMATION_OK"
2648,10324968837,10324968870,1,"IOTHUB_CLIENT_CONFIRMATION_OK"
2649,10324969037,10324969078,1,"IOTHUB_CLIENT_CONFIRMATION_OK"
2650,10324969237,10324969308,1,"IOTHUB_CLIENT_CONFIRMATION_OK"
2651,10324969438,10324969479,1,"IOTHUB_CLIENT_CONFIRMATION_OK"
2652,10324969638,10324969680,1,"IOTHUB_CLIENT_CONFIRMATION_OK"
2653,10324969838,10324969946,1,"IOTHUB_CLIENT_CONFIRMATION_OK"
2654,10324970038,10324970071,1,"IOTHUB_CLIENT_CONFIRMATION_OK"
2655,10324970238,10324970422,1,"IOTHUB_CLIENT_CONFIRMATION_OK"
2656,10324970439,10324970511,1,"IOTHUB_CLIENT_CONFIRMATION_OK"
2657,10324970639,10324970671,1,"IOTHUB_CLIENT_CONFIRMATION_OK"
2658,10324970839,10324970873,1,"IOTHUB_CLIENT_CONFIRMATION_OK"
2659,10324971039,10324971114,1,"IOTHUB_CLIENT_CONFIRMATION_OK"
2660,10324971239,10324971283,1,"IOTHUB_CLIENT_CONFIRMATION_OK"
2661,10324971439,10324971522,1,"IOTHUB_CLIENT_CONFIRMATION_OK"
2662,10324971639,10324971744,1,"IOTHUB_CLIENT_CONFIRMATION_OK"
2663,10324971840,10324971872,1,"IOTHUB_CLIENT_CONFIRMATION_OK"
2664,10324972040,10324972104,1,"IOTHUB_CLIENT_CONFIRMATION_OK"
2665,10324972240,10324972343,1,"IOTHUB_CLIENT_CONFIRMATION_OK"
2666,10324972440,10324972472,1,"IOTHUB_CLIENT_CONFIRMATION_OK"
2667,10324972640,10324972674,1,"IOTHUB_CLIENT_CONFIRMATION_OK"
2668,10324972840,10324972875,1,"IOTHUB_CLIENT_CONFIRMATION_OK"
2669,10324973040,10324973068,1,"IOTHUB_CLIENT_CONFIRMATION_OK"
2670,10324973241,10324973272,1,"IOTHUB_CLIENT_CONFIRMATION_OK"
2671,10324973441,10324973474,1,"IOTHUB_CLIENT_CONFIRMATION_OK"
2672,10324973641,10324973681,1,"IOTHUB_CLIENT_CONFIRMATION_OK"
2673,10324973841,10324974072,1,"IOTHUB_CLIENT_CONFIRMATION_OK"
2674,10324974041,10324974140,1,"IOTHUB_CLIENT_CONFIRMATION_OK"
2675,10324974241,10324974276,1,"IOTHUB_CLIENT_CONFIRMATION_OK"
2676,10324974442,10324974609,1,"IOTHUB_CLIENT_CONFIRMATION_OK"
2677,10324974642,10324974684,1,"IOTHUB_CLIENT_CONFIRMATION_OK"
2678,10324974842,10324974876,1,"IOTHUB_CLIENT_CONFIRMATION_OK"
2679,10324975042,10324975075,1,"IOTHUB_CLIENT_CONFIRMATION_OK"
2680,10324975242,10324975289,1,"IOTHUB_CLIENT_CONFIRMATION_OK"
2681,10324975442,10324975552,1,"IOTHUB_CLIENT_CONFIRMATION_OK"
2682,10324975643,10324975675,1,"IOTHUB_CLIENT_CONFIRMATION_OK"
2683,10324975843,10324975934,1,"IOTHUB_CLIENT_CONFIRMATION_OK"
2684,10324976043,10324976074,1,"IOTHUB_CLIENT_CONFIRMATION_OK"
2685,10324976243,10324976401,1,"IOTHUB_CLIENT_CONFIRMATION_OK"
2686,10324976443,10324976499,1,"IOTHUB_CLIENT_CONFIRMATION_OK"
2687,10324976643,10324976683,1,"IOTHUB_CLIENT_CONFIRMATION_OK"
2688,10324976843,10324976928,1,"IOTHUB_CLIENT_CONFIRMATION_OK"
2689,10324977044,10324977074,1,"IOTHUB_CLIENT_CONFIRMATION_OK"
2690,10324977244,10324977276,1,"IOTHUB_CLIENT_CONFIRMATION_OK"
2691,10324977444,10324977498,1,"IOTHUB_CLIENT_CONFIRMATION_OK"
2692,10324977644,10324977676,1,"IOTHUB_CLIENT_CONFIRMATION_OK"
2693,10324977844,10324977880,1,"IOTHUB_CLIENT_CONFIRMATION_OK"
2694,10324978044,10324978084,1,"IOTHUB_CLIENT_CONFIRMATION_OK"
2695,10324978245,10324978278,1,"IOTHUB_CLIENT_CONFIRMATION_OK"
2696,10324978445,10324978478,1,"IOTHUB_CLIENT_CONFIRMATION_OK"
2697,10324978645,10324978684,1,"IOTHUB_CLIENT_CONFIRMATION_OK"
2698,10324978845,10324978882,1,"IOTHUB_CLIENT_CONFIRMATION_OK"
2699,10324979045,10324979081,1,"IOTHUB_CLIENT_CONFIRMATION_OK"
2700,10324979246,10324979354,1,"IOTHUB_CLIENT_CONFIRMATION_OK"
2701,10324979446,10324979479,1,"IOTHUB_CLIENT_CONFIRMATION_OK"
2702,10324979646,10324979695,1,"IOTHUB_CLIENT_CONFIRMATION_OK"
2703,10324979846,10324979880,1,"IOTHUB_CLIENT_CONFIRMATION_OK"
2704,10324980046,10324980082,1,"IOTHUB_CLIENT_CONFIRMATION_OK"
2705,10324980246,10324980304,1,"IOTHUB_CLIENT_CONFIRMATION_OK"
2706,10324980447,10324980491,1,"IOTHUB_CLIENT_CONFIRMATION_OK"
2707,10324980647,10324980683,1,"IOTHUB_CLIENT_CONFIRMATION_OK"
2708,10324980847,10324980903,1,"IOTHUB_CLIENT_CONFIRMATION_OK"
2709,10324981047,10324981079,1,"IOTHUB_CLIENT_CONFIRMATION_OK"
2710,10324981247,10324981281,1,"IOTHUB_CLIENT_CONFIRMATION_OK"
2711,10324981448,10324981535,1,"IOTHUB_CLIENT_CONFIRMATION_OK"
2712,10324981648,10324981682,1,"IOTHUB_CLIENT_CONFIRMATION_OK"
2713,10324981848,10324981878,1,"IOTHUB_CLIENT_CONFIRMATION_OK"
2714,10324982048,10324982146,1,"IOTHUB_CLIENT_CONFIRMATION_OK"
2715,10324982248,10324982280,1,"IOTHUB_CLIENT_CONFIRMATION_OK"
2716,10324982448,10324982482,1,"IOTHUB_CLIENT_CONFIRMATION_OK"
2717,10324982648,10324982681,1,"IOTHUB_CLIENT_CONFIRMATION_OK"
2718,10324982849,10324982898,1,"IOTHUB_CLIENT_CONFIRMATION_OK"
2719,10324983049,10324983082,1,"IOTHUB_CLIENT_CONFIRMATION_OK"
2720,10324983249,10324983280,1,"IOTHUB_CLIENT_CONFIRMATION_OK"
2721,10324983449,10324983487,1,"IOTHUB_CLIENT_CONFIRMATION_OK"
2722,10324983650,10324983740,1,"IOTHUB_CLIENT_CONFIRMATION_OK"
2723,10324983850,10324983881,1,"IOTHUB_CLIENT_CONFIRMATION_OK"
2724,10324984050,10324984116,1,"IOTHUB_CLIENT_CONFIRMATION_OK"
2725,10324984250,10324984413,1,"IOTHUB_CLIENT_CONFIRMATION_OK"
2726,10324984450,10324984481,1,"IOTHUB_CLIENT_CONFIRMATION_OK"
2727,10324984651,10324984682,1,"IOTHUB_CLIENT_CONFIRMATION_OK"
2728,10324984851,10324985028,1,"IOTHUB_CLIENT_CONFIRMATION_OK"
2729,10324985051,10324985082,1,"IOTHUB_CLIENT_CONFIRMATION_OK"
2730,10324985251,10324985286,1,"IOTHUB_CLIENT_CONFIRMATION_OK"
2731,10324985451,10324985482,1,"IOTHUB_CLIENT_CONFIRMATION_OK"
2732,10324985651,10324985720,1,"IOTHUB_CLIENT_CONFIRMATION_OK"
2733,10324985852,10324985891,1,"IOTHUB_CLIENT_CONFIRMATION_OK"
2734,10324986052,10324986084,1,"IOTHUB_CLIENT_CONFIRMATION_OK"
2735,10324986252,10324986287,1,"IOTHUB_CLIENT_CONFIRMATION_OK"
2736,10324986452,10324986484,1,"IOTHUB_CLIENT_CONFIRMATION_OK"
2737,10324986652,10324986682,1,"IOTHUB_CLIENT_CONFIRMATION_OK"
2738,10324986852,10324986883,1,"IOTHUB_CLIENT_CONFIRMATION_OK"
2739,10324987052,10324987111,1,"IOTHUB_CLIENT_CONFIRMATION_OK"
2740,10324987253,10324987299,1,"IOTHUB_CLIENT_CONFIRMATION_OK"
2741,10324987453,10324987497,1,"IOTHUB_CLIENT_CONFIRMATION_OK"
2742,10324987653,10324987691,1,"IOTHUB_CLIENT_CONFIRMATION_OK"
2743,10324987853,10324987902,1,"IOTHUB_CLIENT_CONFIRMATION_OK"
2744,10324988053,10324988086,1,"IOTHUB_CLIENT_CONFIRMATION_OK"
2745,10324988253,10324988287,1,"IOTHUB_CLIENT_CONFIRMATION_OK"
2746,10324988454,10324988483,1,"IOTHUB_CLIENT_CONFIRMATION_OK"
2747,10324988654,10324988688,1,"IOTHUB_CLIENT_CONFIRMATION_OK"
2748,10324988854,10324988960,1,"IOTHUB_CLIENT_CONFIRMATION_OK"
2749,10324989054,10324989118,1,"IOTHUB_CLIENT_CONFIRMATION_OK"
2750,10324989255,10324989354,1,"IOTHUB_CLIENT_CONFIRMATION_OK"
2751,10324989455,10324989537,1,"IOTHUB_CLIENT_CONFIRMATION_OK"
2752,10324989655,10324989690,1,"IOTHUB_CLIENT_CONFIRMATION_OK"
2753,10324989855,10324989932,1,"IOTHUB_CLIENT_CONFIRMATION_OK"
2754,10324990055,10324990218,1,"IOTHUB_CLIENT_CONFIRMATION_OK"
2755,10324990255,10324990311,1,"IOTHUB_CLIENT_CONFIRMATION_OK"
2756,10324990456,10324990489,1,"IOTHUB_CLIENT_CONFIRMATION_OK"
2757,10324990656,10324990769,1,"IOTHUB_CLIENT_CONFIRMATION_OK"
2758,10324990856,10324991158,1,"IOTHUB_CLIENT_CONFIRMATION_OK"
2759,10324991056,10324991192,1,"IOTHUB_CLIENT_CONFIRMATION_OK"
2760,10324991256,10324991360,1,"IOTHUB_CLIENT_CONFIRMATION_OK"
2761,10324991456,10324991492,1,"IOTHUB_CLIENT_CONFIRMATION_OK"
2762,10324991656,10324991688,1,"IOTHUB_CLIENT_CONFIRMATION_OK"
2763,10324991857,10324991972,1,"IOTHUB_CLIENT_CONFIRMATION_OK"
2764,10324992057,10324992130,1,"IOTHUB_CLIENT_CONFIRMATION_OK"
2765,10324992257,10324992314,1,"IOTHUB_CLIENT_CONFIRMATION_OK"
2766,10324992457,10324992511,1,"IOTHUB_CLIENT_CONFIRMATION_OK"
2767,10324992657,10324992723,1,"IOTHUB_CLIENT_CONFIRMATION_OK"
2768,10324992857,10324993054,1,"IOTHUB_CLIENT_CONFIRMATION_OK"
2769,10324993058,10324993090,1,"IOTHUB_CLIENT_CONFIRMATION_OK"
2770,10324993258,10324993288,1,"IOTHUB_CLIENT_CONFIRMATION_OK"
2771,10324993458,10324993494,1,"IOTHUB_CLIENT_CONFIRMATION_OK"
2772,10324993658,10324993693,1,"IOTHUB_CLIENT_CONFIRMATION_OK"
2773,10324993859,10324993912,1,"IOTHUB_CLIENT_CONFIRMATION_OK"
2774,10324994059,10324994122,1,"IOTHUB_CLIENT_CONFIRMATION_OK"
2775,10324994259,10324994348,1,"IOTHUB_CLIENT_CONFIRMATION_OK"
2776,10324994459,10324994545,1,"IOTHUB_CLIENT_CONFIRMATION_OK"
2777,10324994660,10324994693,1,"IOTHUB_CLIENT_CONFIRMATION_OK"
2778,10324994860,10324994892,1,"IOTHUB_CLIENT_CONFIRMATION_OK"
2779,10324995060,10324995089,1,"IOTHUB_CLIENT_CONFIRMATION_OK"
2780,10324995260,10324995301,1,"IOTHUB_CLIENT_CONFIRMATION_OK"
2781,10324995460,10324995490,1,"IOTHUB_CLIENT_CONFIRMATION_OK"
2782,10324995660,10324995699,1,"IOTHUB_CLIENT_CONFIRMATION_OK"
2783,10324995860,10324995914,1,"IOTHUB_CLIENT_CONFIRMATION_OK"
2784,10324996061,10324996092,1,"IOTHUB_CLIENT_CONFIRMATION_OK"
2785,10324996261,10324996293,1,"IOTHUB_CLIENT_CONFIRMATION_OK"
2786,10324996461,10324996523,1,"IOTHUB_CLIENT_CONFIRMATION_OK"
2787,10324996661,10324996691,1,"IOTHUB_CLIENT_CONFIRMATION_OK"
2788,10324996861,10324996923,1,"IOTHUB_CLIENT_CONFIRMATION_OK"
2789,10324997061,10324997173,1,"IOTHUB_CLIENT_CONFIRMATION_OK"
2790,10324997261,10324997294,1,"IOTHUB_CLIENT_CONFIRMATION_OK"
2791,10324997462,10324997524,1,"IOTHUB_CLIENT_CONFIRMATION_OK"
2792,10324997662,10324997802,1,"IOTHUB_CLIENT_CONFIRMATION_OK"
2793,10324997862,10324997892,1,"IOTHUB_CLIENT_CONFIRMATION_OK"
2794,10324998062,10324998094,1,"IOTHUB_CLIENT_CONFIRMATION_OK"
2795,10324998262,10324998297,1,"IOTHUB_CLIENT_CONFIRMATION_OK"
2796,10324998462,10324998491,1,"IOTHUB_CLIENT_CONFIRMATION_OK"
2797,10324998663,10324998696,1,"IOTHUB_CLIENT_CONFIRMATION_OK"
2798,10324998863,10324998938,1,"IOTHUB_CLIENT_CONFIRMATION_OK"
2799,10324999063,10324999659,1,"IOTHUB_CLIENT_CONFIRMATION_OK"
2800,10324999263,10324999703,1,"IOTHUB_CLIENT_CONFIRMATION_OK"
2801,10324999463,10324999735,1,"IOTHUB_CLIENT_CONFIRMATION_OK"
2802,10324999663,10324999765,1,"IOTHUB_CLIENT_CONFIRMATION_OK"
2803,10324999863,10324999893,1,"IOTHUB_CLIENT_CONFIRMATION_OK"
2804,10325000064,10325000098,1,"IOTHUB_CLIENT_CONFIRMATION_OK"
2805,10325000264,10325000296,1,"IOTHUB_CLIENT_CONFIRMATION_OK"
2806,10325000464,10325000497,1,"IOTHUB_CLIENT_CONFIRMATION_OK"
2807,10325000664,10325000696,1,"IOTHUB_CLIENT_CONFIRMATION_OK"
2808,10325000864,10325000896,1,"IOTHUB_CLIENT_CONFIRMATION_OK"
2809,10325001065,10325001111,1,"IOTHUB_CLIENT_CONFIRMATION_OK"
2810,10325001265,10325001295,1,"IOTHUB_CLIENT_CONFIRMATION_OK"
2811,10325001465,10325001495,1,"IOTHUB_CLIENT_CONFIRMATION_OK"
2812,10325001665,10325001774,1,"IOTHUB_CLIENT_CONFIRMATION_OK"
2813,10325001865,10325001916,1,"IOTHUB_CLIENT_CONFIRMATION_OK"
2814,10325002066,10325002101,1,"IOTHUB_CLIENT_CONFIRMATION_OK"
2815,10325002266,10325002328,1,"IOTHUB_CLIENT_CONFIRMATION_OK"
2816,10325002466,10325002499,1,"IOTHUB_CLIENT_CONFIRMATION_OK"
2817,10325002666,10325002700,1,"IOTHUB_CLIENT_CONFIRMATION_OK"
2818,10325002866,10325002950,1,"IOTHUB_CLIENT_CONFIRMATION_OK"
2819,10325003066,10325003105,1,"IOTHUB_CLIENT_CONFIRMATION_OK"
2820,10325003267,10325003315,1,"IOTHUB_CLIENT_CONFIRMATION_OK"
2821,10325003467,10325003507,1,"IOTHUB_CLIENT_CONFIRMATION_OK"
2822,10325003667,10325003704,1,"IOTHUB_CLIENT_CONFIRMATION_OK"
2823,10325003867,10325003925,1,"IOTHUB_CLIENT_CONFIRMATION_OK"
2824,10325004067,10325004131,1,"IOTHUB_CLIENT_CONFIRMATION_OK"
2825,10325004267,10325004309,1,"IOTHUB_CLIENT_CONFIRMATION_OK"
2826,10325004468,10325004554,1,"IOTHUB_CLIENT_CONFIRMATION_OK"
2827,10325004668,10325004730,1,"IOTHUB_CLIENT_CONFIRMATION_OK"
2828,10325004868,10325004899,1,"IOTHUB_CLIENT_CONFIRMATION_OK"
2829,10325005068,10325005140,1,"IOTHUB_CLIENT_CONFIRMATION_OK"
2830,10325005268,10325005301,1,"IOTHUB_CLIENT_CONFIRMATION_OK"
2831,10325005468,10325005500,1,"IOTHUB_CLIENT_CONFIRMATION_OK"
2832,10325005668,10325005705,1,"IOTHUB_CLIENT_CONFIRMATION_OK"
2833,10325005869,10325005922,1,"IOTHUB_CLIENT_CONFIRMATION_OK"
2834,10325006069,10325006101,1,"IOTHUB_CLIENT_CONFIRMATION_OK"
2835,10325006269,10325006314,1,"IOTHUB_CLIENT_CONFIRMATION_OK"
2836,10325006469,10325006576,1,"IOTHUB_CLIENT_CONFIRMATION_OK"
2837,10325006669,10325006704,1,"IOTHUB_CLIENT_CONFIRMATION_OK"
2838,10325006870,10325006933,1,"IOTHUB_CLIENT_CONFIRMATION_OK"
2839,10325007070,10325007120,1,"IOTHUB_CLIENT_CONFIRMATION_OK"
2840,10325007270,10325007300,1,"IOTHUB_CLIENT_CONFIRMATION_OK"
2841,10325007470,10325007537,1,"IOTHUB_CLIENT_CONFIRMATION_OK"
2842,10325007670,10325007706,1,"IOTHUB_CLIENT_CONFIRMATION_OK"
2843,10325007871,10325007906,1,"IOTHUB_CLIENT_CONFIRMATION_OK"
2844,10325008071,10325008132,1,"IOTHUB_CLIENT_CONFIRMATION_OK"
2845,10325008271,10325008301,1,"IOTHUB_CLIENT_CONFIRMATION_OK"
2846,10325008471,10325008517,1,"IOTHUB_CLIENT_CONFIRMATION_OK"
2847,10325008671,10325008792,1,"IOTHUB_CLIENT_CONFIRMATION_OK"
2848,10325008871,10325008906,1,"IOTHUB_CLIENT_CONFIRMATION_OK"
2849,10325009072,10325009214,1,"IOTHUB_CLIENT_CONFIRMATION_OK"
2850,10325009272,10325009307,1,"IOTHUB_CLIENT_CONFIRMATION_OK"
2851,10325009472,10325009501,1,"IOTHUB_CLIENT_CONFIRMATION_OK"
2852,10325009672,10325009825,1,"IOTHUB_CLIENT_CONFIRMATION_OK"
2853,10325009872,10325009908,1,"IOTHUB_CLIENT_CONFIRMATION_OK"
2854,10325010072,10325010108,1,"IOTHUB_CLIENT_CONFIRMATION_OK"
2855,10325010273,10325010317,1,"IOTHUB_CLIENT_CONFIRMATION_OK"
2856,10325010473,10325010505,1,"IOTHUB_CLIENT_CONFIRMATION_OK"
2857,10325010673,10325010706,1,"IOTHUB_CLIENT_CONFIRMATION_OK"
2858,10325010873,10325010917,1,"IOTHUB_CLIENT_CONFIRMATION_OK"
2859,10325011073,10325011105,1,"IOTHUB_CLIENT_CONFIRMATION_OK"
2860,10325011273,10325011315,1,"IOTHUB_CLIENT_CONFIRMATION_OK"
2861,10325011473,10325011506,1,"IOTHUB_CLIENT_CONFIRMATION_OK"
2862,10325011674,10325011713,1,"IOTHUB_CLIENT_CONFIRMATION_OK"
2863,10325011874,10325011931,1,"IOTHUB_CLIENT_CONFIRMATION_OK"
2864,10325012074,10325012124,1,"IOTHUB_CLIENT_CONFIRMATION_OK"
2865,10325012274,10325012313,1,"IOTHUB_CLIENT_CONFIRMATION_OK"
2866,10325012474,10325012597,1,"IOTHUB_CLIENT_CONFIRMATION_OK"
2867,10325012674,10325012737,1,"IOTHUB_CLIENT_CONFIRMATION_OK"
2868,10325012875,10325012907,1,"IOTHUB_CLIENT_CONFIRMATION_OK"
2869,10325013075,10325013141,1,"IOTHUB_CLIENT_CONFIRMATION_OK"
2870,10325013275,10325013319,1,"IOTHUB_CLIENT_CONFIRMATION_OK"
2871,10325013475,10325013551,1,"IOTHUB_CLIENT_CONFIRMATION_OK"
2872,10325013675,10325013719,1,"IOTHUB_CLIENT_CONFIRMATION_OK"
2873,10325013875,10325013927,1,"IOTHUB_CLIENT_CONFIRMATION_OK"
2874,10325014075,10325014132,1,"IOTHUB_CLIENT_CONFIRMATION_OK"
2875,10325014276,10325014327,1,"IOTHUB_CLIENT_CONFIRMATION_OK"
2876,10325014476,10325014509,1,"IOTHUB_CLIENT_CONFIRMATION_OK"
2877,10325014676,10325014728,1,"IOTHUB_CLIENT_CONFIRMATION_OK"
2878,10325014876,10325014965,1,"IOTHUB_CLIENT_CONFIRMATION_OK"
2879,10325015076,10325015282,1,"IOTHUB_CLIENT_CONFIRMATION_OK"
2880,10325015276,10325015338,1,"IOTHUB_CLIENT_CONFIRMATION_OK"
2881,10325015476,10325015508,1,"IOTHUB_CLIENT_CONFIRMATION_OK"
2882,10325015677,10325015709,1,"IOTHUB_CLIENT_CONFIRMATION_OK"
2883,10325015877,10325015913,1,"IOTHUB_CLIENT_CONFIRMATION_OK"
2884,10325016077,10325016119,1,"IOTHUB_CLIENT_CONFIRMATION_OK"
2885,10325016277,10325016338,1,"IOTHUB_CLIENT_CONFIRMATION_OK"
2886,10325016477,10325016511,1,"IOTHUB_CLIENT_CONFIRMATION_OK"
2887,10325016678,10325016715,1,"IOTHUB_CLIENT_CONFIRMATION_OK"
2888,10325016878,10325016914,1,"IOTHUB_CLIENT_CONFIRMATION_OK"
2889,10325017078,10325017114,1,"IOTHUB_CLIENT_CONFIRMATION_OK"
2890,10325017278,10325017341,1,"IOTHUB_CLIENT_CONFIRMATION_OK"
2891,10325017478,10325017589,1,"IOTHUB_CLIENT_CONFIRMATION_OK"
2892,10325017679,10325017708,1,"IOTHUB_CLIENT_CONFIRMATION_OK"
2893,10325017879,10325017953,1,"IOTHUB_CLIENT_CONFIRMATION_OK"
2894,10325018079,10325018154,1,"IOTHUB_CLIENT_CONFIRMATION_OK"
2895,10325018279,10325018311,1,"IOTHUB_CLIENT_CONFIRMATION_OK"
2896,10325018479,10325018730,1,"IOTHUB_CLIENT_CONFIRMATION_OK"
2897,10325018680,10325018762,1,"IOTHUB_CLIENT_CONFIRMATION_OK"
2898,10325018880,10325018966,1,"IOTHUB_CLIENT_CONFIRMATION_OK"
2899,10325019080,10325019232,1,"IOTHUB_CLIENT_CONFIRMATION_OK"
2900,10325019280,10325019336,1,"IOTHUB_CLIENT_CONFIRMATION_OK"
2901,10325019480,10325019599,1,"IOTHUB_CLIENT_CONFIRMATION_OK"
2902,10325019680,10325019717,1,"IOTHUB_CLIENT_CONFIRMATION_OK"
2903,10325019880,10325019913,1,"IOTHUB_CLIENT_CONFIRMATION_OK"
2904,10325020081,10325020201,1,"IOTHUB_CLIENT_CONFIRMATION_OK"
2905,10325020281,10325020312,1,"IOTHUB_CLIENT_CONFIRMATION_OK"
2906,10325020481,10325020522,1,"IOTHUB_CLIENT_CONFIRMATION_OK"
2907,10325020681,10325020924,1,"IOTHUB_CLIENT_CONFIRMATION_OK"
2908,10325020881,10325020936,1,"IOTHUB_CLIENT_CONFIRMATION_OK"
2909,10325021082,10325021118,1,"IOTHUB_CLIENT_CONFIRMATION_OK"
2910,10325021282,10325021364,1,"IOTHUB_CLIENT_CONFIRMATION_OK"
2911,10325021482,10325021515,1,"IOTHUB_CLIENT_CONFIRMATION_OK"
2912,10325021682,10325021737,1,"IOTHUB_CLIENT_CONFIRMATION_OK"
2913,10325021882,10325021998,1,"IOTHUB_CLIENT_CONFIRMATION_OK"
2914,10325022082,10325022120,1,"IOTHUB_CLIENT_CONFIRMATION_OK"
2915,10325022282,10325022337,1,"IOTHUB_CLIENT_CONFIRMATION_OK"
2916,10325022483,10325022634,1,"IOTHUB_CLIENT_CONFIRMATION_OK"
2917,10325022683,10325022735,1,"IOTHUB_CLIENT_CONFIRMATION_OK"
2918,10325022883,10325023106,1,"IOTHUB_CLIENT_CONFIRMATION_OK"
2919,10325023083,10325023140,1,"IOTHUB_CLIENT_CONFIRMATION_OK"
2920,10325023283,10325023342,1,"IOTHUB_CLIENT_CONFIRMATION_OK"
2921,10325023483,10325023518,1,"IOTHUB_CLIENT_CONFIRMATION_OK"
2922,10325023684,10325023717,1,"IOTHUB_CLIENT_CONFIRMATION_OK"
2923,10325023884,10325023926,1,"IOTHUB_CLIENT_CONFIRMATION_OK"
2924,10325024084,10325024263,1,"IOTHUB_CLIENT_CONFIRMATION_OK"
2925,10325024284,10325024343,1,"IOTHUB_CLIENT_CONFIRMATION_OK"
2926,10325024484,10325024515,1,"IOTHUB_CLIENT_CONFIRMATION_OK"
2927,10325024684,10325024860,1,"IOTHUB_CLIENT_CONFIRMATION_OK"
2928,10325024884,10325024916,1,"IOTHUB_CLIENT_CONFIRMATION_OK"
2929,10325025085,10325025120,1,"IOTHUB_CLIENT_CONFIRMATION_OK"
2930,10325025285,10325025328,1,"IOTHUB_CLIENT_CONFIRMATION_OK"
2931,10325025485,10325025553,1,"IOTHUB_CLIENT_CONFIRMATION_OK"
2932,10325025685,10325025716,1,"IOTHUB_CLIENT_CONFIRMATION_OK"
2933,10325025885,10325025917,1,"IOTHUB_CLIENT_CONFIRMATION_OK"
2934,10325026086,10325026119,1,"IOTHUB_CLIENT_CONFIRMATION_OK"
2935,10325026286,10325026324,1,"IOTHUB_CLIENT_CONFIRMATION_OK"
2936,10325026486,10325026515,1,"IOTHUB_CLIENT_CONFIRMATION_OK"
2937,10325026686,10325026719,1,"IOTHUB_CLIENT_CONFIRMATION_OK"
2938,10325026886,10325026921,1,"IOTHUB_CLIENT_CONFIRMATION_OK"
2939,10325027086,10325027125,1,"IOTHUB_CLIENT_CONFIRMATION_OK"
2940,10325027286,10325027318,1,"IOTHUB_CLIENT_CONFIRMATION_OK"
2941,10325027487,10325027516,1,"IOTHUB_CLIENT_CONFIRMATION_OK"
2942,10325027687,10325027825,1,"IOTHUB_CLIENT_CONFIRMATION_OK"
2943,10325027887,10325027929,1,"IOTHUB_CLIENT_CONFIRMATION_OK"
2944,10325028087,10325028122,1,"IOTHUB_CLIENT_CONFIRMATION_OK"
2945,10325028287,10325028321,1,"IOTHUB_CLIENT_CONFIRMATION_OK"
2946,10325028488,10325028521,1,"IOTHUB_CLIENT_CONFIRMATION_OK"
2947,10325028688,10325028719,1,"IOTHUB_CLIENT_CONFIRMATION_OK"
2948,10325028888,10325028921,1,"IOTHUB_CLIENT_CONFIRMATION_OK"
2949,10325029088,10325029170,1,"IOTHUB_CLIENT_CONFIRMATION_OK"
2950,10325029288,10325029410,1,"IOTHUB_CLIENT_CONFIRMATION_OK"
2951,10325029489,10325029520,1,"IOTHUB_CLIENT_CONFIRMATION_OK"
2952,10325029689,10325029782,1,"IOTHUB_CLIENT_CONFIRMATION_OK"
2953,10325029889,10325029985,1,"IOTHUB_CLIENT_CONFIRMATION_OK"
2954,10325030089,10325030118,1,"IOTHUB_CLIENT_CONFIRMATION_OK"
2955,10325030289,10325030547,1,"IOTHUB_CLIENT_CONFIRMATION_OK"
2956,10325030489,10325030635,1,"IOTHUB_CLIENT_CONFIRMATION_OK"
2957,10325030690,10325030787,1,"IOTHUB_CLIENT_CONFIRMATION_OK"
2958,10325030890,10325030920,1,"IOTHUB_CLIENT_CONFIRMATION_OK"
2959,10325031090,10325031231,1,"IOTHUB_CLIENT_CONFIRMATION_OK"
2960,10325031290,10325031329,1,"IOTHUB_CLIENT_CONFIRMATION_OK"
2961,10325031490,10325031520,1,"IOTHUB_CLIENT_CONFIRMATION_OK"
2962,10325031690,10325031725,1,"IOTHUB_CLIENT_CONFIRMATION_OK"
2963,10325031890,10325031944,1,"IOTHUB_CLIENT_CONFIRMATION_OK"
2964,10325032091,10325032123,1,"IOTHUB_CLIENT_CONFIRMATION_OK"
2965,10325032291,10325032325,1,"IOTHUB_CLIENT_CONFIRMATION_OK"
2966,10325032491,10325032521,1,"IOTHUB_CLIENT_CONFIRMATION_OK"
2967,10325032691,10325032751,1,"IOTHUB_CLIENT_CONFIRMATION_OK"
2968,10325032891,10325032925,1,"IOTHUB_CLIENT_CONFIRMATION_OK"
2969,10325033091,10325033141,1,"IOTHUB_CLIENT_CONFIRMATION_OK"
2970,10325033292,10325033346,1,"IOTHUB_CLIENT_CONFIRMATION_OK"
2971,10325033492,10325033527,1,"IOTHUB_CLIENT_CONFIRMATION_OK"
2972,10325033692,10325033724,1,"IOTHUB_CLIENT_CONFIRMATION_OK"
2973,10325033892,10325034088,1,"IOTHUB_CLIENT_CONFIRMATION_OK"
2974,10325034092,10325034144,1,"IOTHUB_CLIENT_CONFIRMATION_OK"
2975,10325034293,10325034329,1,"IOTHUB_CLIENT_CONFIRMATION_OK"
2976,10325034493,10325034549,1,"IOTHUB_CLIENT_CONFIRMATION_OK"
2977,10325034693,10325034724,1,"IOTHUB_CLIENT_CONFIRMATION_OK"
2978,10325034893,10325034927,1,"IOTHUB_CLIENT_CONFIRMATION_OK"
2979,10325035093,10325035219,1,"IOTHUB_CLIENT_CONFIRMATION_OK"
2980,10325035293,10325035328,1,"IOTHUB_CLIENT_CONFIRMATION_OK"
2981,10325035493,10325035525,1,"IOTHUB_CLIENT_CONFIRMATION_OK"
2982,10325035694,10325035725,1,"IOTHUB_CLIENT_CONFIRMATION_OK"
2983,10325035894,10325035932,1,"IOTHUB_CLIENT_CONFIRMATION_OK"
2984,10325036094,10325036125,1,"IOTHUB_CLIENT_CONFIRMATION_OK"
2985,10325036294,10325036349,1,"IOTHUB_CLIENT_CONFIRMATION_OK"
2986,10325036494,10325036544,1,"IOTHUB_CLIENT_CONFIRMATION_OK"
2987,10325036695,10325036726,1,"IOTHUB_CLIENT_CONFIRMATION_OK"
2988,10325036895,10325036951,1,"IOTHUB_CLIENT_CONFIRMATION_OK"
2989,10325037095,10325037134,1,"IOTHUB_CLIENT_CONFIRMATION_OK"
2990,10325037295,10325037335,1,"IOTHUB_CLIENT_CONFIRMATION_OK"
2991,10325037495,10325037556,1,"IOTHUB_CLIENT_CONFIRMATION_OK"
2992,10325037695,10325037724,1,"IOTHUB_CLIENT_CONFIRMATION_OK"
2993,10325037895,10325037934,1,"IOTHUB_CLIENT_CONFIRMATION_OK"
2994,10325038096,10325038124,1,"IOTHUB_CLIENT_CONFIRMATION_OK"
2995,10325038296,10325038327,1,"IOTHUB_CLIENT_CONFIRMATION_OK"
2996,10325038496,10325038531,1,"IOTHUB_CLIENT_CONFIRMATION_OK"
2997,10325038696,10325038732,1,"IOTHUB_CLIENT_CONFIRMATION_OK"
2998,10325038896,10325039024,1,"IOTHUB_CLIENT_CONFIRMATION_OK"
2999,10325039096,10325039184,1,"IOTHUB_CLIENT_CONFIRMATION_OK"
3000,10325039297,10325039324,1,"IOTHUB_CLIENT_CONFIRMATION_OK"
3001,10325039497,10325039598,1,"IOTHUB_CLIENT_CONFIRMATION_OK"
3002,10325039697,10325039802,1,"IOTHUB_CLIENT_CONFIRMATION_OK"
3003,10325039897,10325039928,1,"IOTHUB_CLIENT_CONFIRMATION_OK"
3004,10325040097,10325040135,1,"IOTHUB_CLIENT_CONFIRMATION_OK"
3005,10325040297,10325040337,1,"IOTHUB_CLIENT_CONFIRMATION_OK"
3006,10325040497,10325040526,1,"IOTHUB_CLIENT_CONFIRMATION_OK"
3007,10325040698,10325040727,1,"IOTHUB_CLIENT_CONFIRMATION_OK"
3008,10325040898,10325040933,1,"IOTHUB_CLIENT_CONFIRMATION_OK"
3009,10325041098,10325041236,1,"IOTHUB_CLIENT_CONFIRMATION_OK"
3010,10325041298,10325041417,1,"IOTHUB_CLIENT_CONFIRMATION_OK"
3011,10325041498,10325041543,1,"IOTHUB_CLIENT_CONFIRMATION_OK"
3012,10325041698,10325041733,1,"IOTHUB_CLIENT_CONFIRMATION_OK"
3013,10325041899,10325041931,1,"IOTHUB_CLIENT_CONFIRMATION_OK"
3014,10325042099,10325042138,1,"IOTHUB_CLIENT_CONFIRMATION_OK"
3015,10325042299,10325042344,1,"IOTHUB_CLIENT_CONFIRMATION_OK"
3016,10325042499,10325042533,1,"IOTHUB_CLIENT_CONFIRMATION_OK"
3017,10325042699,10325042767,1,"IOTHUB_CLIENT_CONFIRMATION_OK"
3018,10325042899,10325042930,1,"IOTHUB_CLIENT_CONFIRMATION_OK"
3019,10325043100,10325043134,1,"IOTHUB_CLIENT_CONFIRMATION_OK"
3020,10325043300,10325043336,1,"IOTHUB_CLIENT_CONFIRMATION_OK"
3021,10325043500,10325043531,1,"IOTHUB_CLIENT_CONFIRMATION_OK"
3022,10325043700,10325043733,1,"IOTHUB_CLIENT_CONFIRMATION_OK"
3023,10325043900,10325043939,1,"IOTHUB_CLIENT_CONFIRMATION_OK"
3024,10325044101,10325044130,1,"IOTHUB_CLIENT_CONFIRMATION_OK"
3025,10325044301,10325044404,1,"IOTHUB_CLIENT_CONFIRMATION_OK"
3026,10325044501,10325044565,1,"IOTHUB_CLIENT_CONFIRMATION_OK"
3027,10325044701,10325044732,1,"IOTHUB_CLIENT_CONFIRMATION_OK"
3028,10325044901,10325045003,1,"IOTHUB_CLIENT_CONFIRMATION_OK"
3029,10325045101,10325045138,1,"IOTHUB_CLIENT_CONFIRMATION_OK"
3030,10325045302,10325045331,1,"IOTHUB_CLIENT_CONFIRMATION_OK"
3031,10325045502,10325045634,1,"IOTHUB_CLIENT_CONFIRMATION_OK"
3032,10325045702,10325045743,1,"IOTHUB_CLIENT_CONFIRMATION_OK"
3033,10325045902,10325045931,1,"IOTHUB_CLIENT_CONFIRMATION_OK"
3034,10325046102,10325046233,1,"IOTHUB_CLIENT_CONFIRMATION_OK"
3035,10325046302,10325046334,1,"IOTHUB_CLIENT_CONFIRMATION_OK"
3036,10325046502,10325046543,1,"IOTHUB_CLIENT_CONFIRMATION_OK"
3037,10325046703,10325046748,1,"IOTHUB_CLIENT_CONFIRMATION_OK"
3038,10325046903,10325046936,1,"IOTHUB_CLIENT_CONFIRMATION_OK"
3039,10325047103,10325047139,1,"IOTHUB_CLIENT_CONFIRMATION_OK"
3040,10325047303,10325047346,1,"IOTHUB_CLIENT_CONFIRMATION_OK"
3041,10325047503,10325047545,1,"IOTHUB_CLIENT_CONFIRMATION_OK"
3042,10325047703,10325047733,1,"IOTHUB_CLIENT_CONFIRMATION_OK"
3043,10325047904,10325047935,1,"IOTHUB_CLIENT_CONFIRMATION_OK"
3044,10325048104,10325048132,1,"IOTHUB_CLIENT_CONFIRMATION_OK"
3045,10325048304,10325048339,1,"IOTHUB_CLIENT_CONFIRMATION_OK"
3046,10325048504,10325048593,1,"IOTHUB_CLIENT_CONFIRMATION_OK"
3047,10325048704,10325048740,1,"IOTHUB_CLIENT_CONFIRMATION_OK"
3048,10325048904,10325048987,1,"IOTHUB_CLIENT_CONFIRMATION_OK"
3049,10325049104,10325049142,1,"IOTHUB_CLIENT_CONFIRMATION_OK"
3050,10325049305,10325049341,1,"IOTHUB_CLIENT_CONFIRMATION_OK"
3051,10325049505,10325049591,1,"IOTHUB_CLIENT_CONFIRMATION_OK"
3052,10325049705,10325049737,1,"IOTHUB_CLIENT_CONFIRMATION_OK"
3053,10325049905,10325049941,1,"IOTHUB_CLIENT_CONFIRMATION_OK"
3054,10325050105,10325050265,1,"IOTHUB_CLIENT_CONFIRMATION_OK"
3055,10325050305,10325050337,1,"IOTHUB_CLIENT_CONFIRMATION_OK"
3056,10325050506,10325050551,1,"IOTHUB_CLIENT_CONFIRMATION_OK"
3057,10325050706,10325050802,1,"IOTHUB_CLIENT_CONFIRMATION_OK"
3058,10325050906,10325050940,1,"IOTHUB_CLIENT_CONFIRMATION_OK"
3059,10325051106,10325051142,1,"IOTHUB_CLIENT_CONFIRMATION_OK"
3060,10325051306,10325051433,1,"IOTHUB_CLIENT_CONFIRMATION_OK"
3061,10325051506,10325051540,1,"IOTHUB_CLIENT_CONFIRMATION_OK"
3062,10325051706,10325051738,1,"IOTHUB_CLIENT_CONFIRMATION_OK"
3063,10325051907,10325051942,1,"IOTHUB_CLIENT_CONFIRMATION_OK"
3064,10325052107,10325052151,1,"IOTHUB_CLIENT_CONFIRMATION_OK"
3065,10325052307,10325052392,1,"IOTHUB_CLIENT_CONFIRMATION_OK"
3066,10325052507,10325052539,1,"IOTHUB_CLIENT_CONFIRMATION_OK"
3067,10325052707,10325052753,1,"IOTHUB_CLIENT_CONFIRMATION_OK"
3068,10325052907,10325052940,1,"IOTHUB_CLIENT_CONFIRMATION_OK"
3069,10325053108,10325053145,1,"IOTHUB_CLIENT_CONFIRMATION_OK"
3070,10325053308,10325053338,1,"IOTHUB_CLIENT_CONFIRMATION_OK"
3071,10325053508,10325053548,1,"IOTHUB_CLIENT_CONFIRMATION_OK"
3072,10325053708,10325053744,1,"IOTHUB_CLIENT_CONFIRMATION_OK"
3073,10325053908,10325053945,1,"IOTHUB_CLIENT_CONFIRMATION_OK"
3074,10325054108,10325054137,1,"IOTHUB_CLIENT_CONFIRMATION_OK"
3075,10325054309,10325054340,1,"IOTHUB_CLIENT_CONFIRMATION_OK"
3076,10325054509,10325054627,1,"IOTHUB_CLIENT_CONFIRMATION_OK"
3077,10325054709,10325054884,1,"IOTHUB_CLIENT_CONFIRMATION_OK"
3078,10325054909,10325054942,1,"IOTHUB_CLIENT_CONFIRMATION_OK"
3079,10325055109,10325055143,1,"IOTHUB_CLIENT_CONFIRMATION_OK"
3080,10325055309,10325055341,1,"IOTHUB_CLIENT_CONFIRMATION_OK"
3081,10325055509,10325055545,1,"IOTHUB_CLIENT_CONFIRMATION_OK"
3082,10325055710,10325055745,1,"IOTHUB_CLIENT_CONFIRMATION_OK"
3083,10325055910,10325055948,1,"IOTHUB_CLIENT_CONFIRMATION_OK"
3084,10325056110,10325056171,1,"IOTHUB_CLIENT_CONFIRMATION_OK"
3085,10325056310,10325056351,1,"IOTHUB_CLIENT_CONFIRMATION_OK"
3086,10325056510,10325056550,1,"IOTHUB_CLIENT_CONFIRMATION_OK"
3087,10325056710,10325056741,1,"IOTHUB_CLIENT_CONFIRMATION_OK"
3088,10325056911,10325056942,1,"IOTHUB_CLIENT_CONFIRMATION_OK"
3089,10325057111,10325057158,1,"IOTHUB_CLIENT_CONFIRMATION_OK"
3090,10325057311,10325057356,1,"IOTHUB_CLIENT_CONFIRMATION_OK"
3091,10325057511,10325057544,1,"IOTHUB_CLIENT_CONFIRMATION_OK"
3092,10325057711,10325057771,1,"IOTHUB_CLIENT_CONFIRMATION_OK"
3093,10325057911,10325057983,1,"IOTHUB_CLIENT_CONFIRMATION_OK"
3094,10325058112,10325058210,1,"IOTHUB_CLIENT_CONFIRMATION_OK"
3095,10325058312,10325058344,1,"IOTHUB_CLIENT_CONFIRMATION_OK"
3096,10325058512,10325058546,1,"IOTHUB_CLIENT_CONFIRMATION_OK"
3097,10325058712,10325058774,1,"IOTHUB_CLIENT_CONFIRMATION_OK"
3098,10325058912,10325058947,1,"IOTHUB_CLIENT_CONFIRMATION_OK"
3099,10325059112,10325059146,1,"IOTHUB_CLIENT_CONFIRMATION_OK"
3100,10325059313,10325059423,1,"IOTHUB_CLIENT_CONFIRMATION_OK"
3101,10325059513,10325059552,1,"IOTHUB_CLIENT_CONFIRMATION_OK"
3102,10325059713,10325059748,1,"IOTHUB_CLIENT_CONFIRMATION_OK"
3103,10325059913,10325060045,1,"IOTHUB_CLIENT_CONFIRMATION_OK"
3104,10325060113,10325060145,1,"IOTHUB_CLIENT_CONFIRMATION_OK"
3105,10325060313,10325060346,1,"IOTHUB_CLIENT_CONFIRMATION_OK"
3106,10325060513,10325060623,1,"IOTHUB_CLIENT_CONFIRMATION_OK"
3107,10325060714,10325060751,1,"IOTHUB_CLIENT_CONFIRMATION_OK"
3108,10325060914,10325060944,1,"IOTHUB_CLIENT_CONFIRMATION_OK"
3109,10325061114,10325061440,1,"IOTHUB_CLIENT_CONFIRMATION_OK"
3110,10325061314,10325061466,1,"IOTHUB_CLIENT_CONFIRMATION_OK"
3111,10325061514,10325061570,1,"IOTHUB_CLIENT_CONFIRMATION_OK"
3112,10325061714,10325061746,1,"IOTHUB_CLIENT_CONFIRMATION_OK"
3113,10325061914,10325061947,1,"IOTHUB_CLIENT_CONFIRMATION_OK"
3114,10325062115,10325062145,1,"IOTHUB_CLIENT_CONFIRMATION_OK"
3115,10325062315,10325062363,1,"IOTHUB_CLIENT_CONFIRMATION_OK"
3116,10325062515,10325062561,1,"IOTHUB_CLIENT_CONFIRMATION_OK"
3117,10325062715,10325062751,1,"IOTHUB_CLIENT_CONFIRMATION_OK"
3118,10325062915,10325062949,1,"IOTHUB_CLIENT_CONFIRMATION_OK"
3119,10325063115,10325063146,1,"IOTHUB_CLIENT_CONFIRMATION_OK"
3120,10325063316,10325063347,1,"IOTHUB_CLIENT_CONFIRMATION_OK"
3121,10325063516,10325063549,1,"IOTHUB_CLIENT_CONFIRMATION_OK"
3122,10325063716,10325063748,1,"IOTHUB_CLIENT_CONFIRMATION_OK"
3123,10325063916,10325064098,1,"IOTHUB_CLIENT_CONFIRMATION_OK"
3124,10325064116,10325064158,1,"IOTHUB_CLIENT_CONFIRMATION_OK"
3125,10325064317,10325064482,1,"IOTHUB_CLIENT_CONFIRMATION_OK"
3126,10325064517,10325064715,1,"IOTHUB_CLIENT_CONFIRMATION_OK"
3127,10325064717,10325064752,1,"IOTHUB_CLIENT_CONFIRMATION_OK"
3128,10325064917,10325064952,1,"IOTHUB_CLIENT_CONFIRMATION_OK"
3129,10325065117,10325065181,1,"IOTHUB_CLIENT_CONFIRMATION_OK"
3130,10325065318,10325065705,1,"IOTHUB_CLIENT_CONFIRMATION_OK"
3131,10325065518,10325066006,1,"IOTHUB_CLIENT_CONFIRMATION_OK"
3132,10325065718,10325066056,1,"IOTHUB_CLIENT_CONFIRMATION_OK"
3133,10325065918,10325066081,1,"IOTHUB_CLIENT_CONFIRMATION_OK"
3134,10325066118,10325066208,1,"IOTHUB_CLIENT_CONFIRMATION_OK"
3135,10325066319,10325066350,1,"IOTHUB_CLIENT_CONFIRMATION_OK"
3136,10325066519,10325066567,1,"IOTHUB_CLIENT_CONFIRMATION_OK"
3137,10325066719,10325066768,1,"IOTHUB_CLIENT_CONFIRMATION_OK"
3138,10325066919,10325066961,1,"IOTHUB_CLIENT_CONFIRMATION_OK"
3139,10325067119,10325067152,1,"IOTHUB_CLIENT_CONFIRMATION_OK"
3140,10325067319,10325067351,1,"IOTHUB_CLIENT_CONFIRMATION_OK"
3141,10325067520,10325067562,1,"IOTHUB_CLIENT_CONFIRMATION_OK"
3142,10325067720,10325067751,1,"IOTHUB_CLIENT_CONFIRMATION_OK"
3143,10325067920,10325067949,1,"IOTHUB_CLIENT_CONFIRMATION_OK"
3144,10325068120,10325068160,1,"IOTHUB_CLIENT_CONFIRMATION_OK"
3145,10325068320,10325068359,1,"IOTHUB_CLIENT_CONFIRMATION_OK"
3146,10325068521,10325068567,1,"IOTHUB_CLIENT_CONFIRMATION_OK"
3147,10325068721,10325068753,1,"IOTHUB_CLIENT_CONFIRMATION_OK"
3148,10325068921,10325068956,1,"IOTHUB_CLIENT_CONFIRMATION_OK"
3149,10325069121,10325069230,1,"IOTHUB_CLIENT_CONFIRMATION_OK"
3150,10325069321,10325069367,1,"IOTHUB_CLIENT_CONFIRMATION_OK"
3151,10325069521,10325069556,1,"IOTHUB_CLIENT_CONFIRMATION_OK"
3152,10325069722,10325069862,1,"IOTHUB_CLIENT_CONFIRMATION_OK"
3153,10325069922,10325069971,1,"IOTHUB_CLIENT_CONFIRMATION_OK"
3154,10325070122,10325070198,1,"IOTHUB_CLIENT_CONFIRMATION_OK"
3155,10325070322,10325070482,1,"IOTHUB_CLIENT_CONFIRMATION_OK"
3156,10325070522,10325070559,1,"IOTHUB_CLIENT_CONFIRMATION_OK"
3157,10325070722,10325070757,1,"IOTHUB_CLIENT_CONFIRMATION_OK"
3158,10325070923,10325070957,1,"IOTHUB_CLIENT_CONFIRMATION_OK"
3159,10325071123,10325071154,1,"IOTHUB_CLIENT_CONFIRMATION_OK"
3160,10325071323,10325071362,1,"IOTHUB_CLIENT_CONFIRMATION_OK"
3161,10325071523,10325071559,1,"IOTHUB_CLIENT_CONFIRMATION_OK"
3162,10325071723,10325071760,1,"IOTHUB_CLIENT_CONFIRMATION_OK"
3163,10325071924,10325071958,1,"IOTHUB_CLIENT_CONFIRMATION_OK"
3164,10325072124,10325072401,1,"IOTHUB_CLIENT_CONFIRMATION_OK"
3165,10325072324,10325072437,1,"IOTHUB_CLIENT_CONFIRMATION_OK"
3166,10325072524,10325072570,1,"IOTHUB_CLIENT_CONFIRMATION_OK"
3167,10325072724,10325072779,1,"IOTHUB_CLIENT_CONFIRMATION_OK"
3168,10325072925,10325072967,1,"IOTHUB_CLIENT_CONFIRMATION_OK"
3169,10325073125,10325073159,1,"IOTHUB_CLIENT_CONFIRMATION_OK"
3170,10325073325,10325073357,1,"IOTHUB_CLIENT_CONFIRMATION_OK"
3171,10325073525,10325073559,1,"IOTHUB_CLIENT_CONFIRMATION_OK"
3172,10325073725,10325073758,1,"IOTHUB_CLIENT_CONFIRMATION_OK"
3173,10325073926,10325073973,1,"IOTHUB_CLIENT_CONFIRMATION_OK"
3174,10325074126,10325074161,1,"IOTHUB_CLIENT_CONFIRMATION_OK"
3175,10325074326,10325074371,1,"IOTHUB_CLIENT_CONFIRMATION_OK"
3176,10325074526,10325074585,1,"IOTHUB_CLIENT_CONFIRMATION_OK"
3177,10325074726,10325074766,1,"IOTHUB_CLIENT_CONFIRMATION_OK"
3178,10325074926,10325075052,1,"IOTHUB_CLIENT_CONFIRMATION_OK"
3179,10325075127,10325075160,1,"IOTHUB_CLIENT_CONFIRMATION_OK"
3180,10325075327,10325075357,1,"IOTHUB_CLIENT_CONFIRMATION_OK"
3181,10325075527,10325075633,1,"IOTHUB_CLIENT_CONFIRMATION_OK"
3182,10325075727,10325075756,1,"IOTHUB_CLIENT_CONFIRMATION_OK"
3183,10325075927,10325075980,1,"IOTHUB_CLIENT_CONFIRMATION_OK"
3184,10325076127,10325076258,1,"IOTHUB_CLIENT_CONFIRMATION_OK"
3185,10325076327,10325076411,1,"IOTHUB_CLIENT_CONFIRMATION_OK"
3186,10325076528,10325076564,1,"IOTHUB_CLIENT_CONFIRMATION_OK"
3187,10325076728,10325076761,1,"IOTHUB_CLIENT_CONFIRMATION_OK"
3188,10325076928,10325076959,1,"IOTHUB_CLIENT_CONFIRMATION_OK"
3189,10325077128,10325077169,1,"IOTHUB_CLIENT_CONFIRMATION_OK"
3190,10325077328,10325077408,1,"IOTHUB_CLIENT_CONFIRMATION_OK"
3191,10325077528,10325077559,1,"IOTHUB_CLIENT_CONFIRMATION_OK"
3192,10325077728,10325077765,1,"IOTHUB_CLIENT_CONFIRMATION_OK"
3193,10325077929,10325078008,1,"IOTHUB_CLIENT_CONFIRMATION_OK"
3194,10325078129,10325078312,1,"IOTHUB_CLIENT_CONFIRMATION_OK"
3195,10325078329,10325078370,1,"IOTHUB_CLIENT_CONFIRMATION_OK"
3196,10325078529,10325078565,1,"IOTHUB_CLIENT_CONFIRMATION_OK"
3197,10325078729,10325078765,1,"IOTHUB_CLIENT_CONFIRMATION_OK"
3198,10325078930,10325079459,1,"IOTHUB_CLIENT_CONFIRMATION_OK"
3199,10325079130,10325079619,1,"IOTHUB_CLIENT_CONFIRMATION_OK"
3200,10325079330,10325079658,1,"IOTHUB_CLIENT_CONFIRMATION_OK"
3201,10325079530,10325079727,1,"IOTHUB_CLIENT_CONFIRMATION_OK"
3202,10325079730,10325079768,1,"IOTHUB_CLIENT_CONFIRMATION_OK"
3203,10325079931,10325079965,1,"IOTHUB_CLIENT_CONFIRMATION_OK"
3204,10325080131,10325080268,1,"IOTHUB_CLIENT_CONFIRMATION_OK"
3205,10325080331,10325080368,1,"IOTHUB_CLIENT_CONFIRMATION_OK"
3206,10325080531,10325080563,1,"IOTHUB_CLIENT_CONFIRMATION_OK"
3207,10325080731,10325080827,1,"IOTHUB_CLIENT_CONFIRMATION_OK"
3208,10325080931,10325080962,1,"IOTHUB_CLIENT_CONFIRMATION_OK"
3209,10325081132,10325081161,1,"IOTHUB_CLIENT_CONFIRMATION_OK"
3210,10325081332,10325081458,1,"IOTHUB_CLIENT_CONFIRMATION_OK"
3211,10325081532,10325081561,1,"IOTHUB_CLIENT_CONFIRMATION_OK"
3212,10325081732,10325081776,1,"IOTHUB_CLIENT_CONFIRMATION_OK"
3213,10325081932,10325081972,1,"IOTHUB_CLIENT_CONFIRMATION_OK"
3214,10325082132,10325082164,1,"IOTHUB_CLIENT_CONFIRMATION_OK"
3215,10325082332,10325082369,1,"IOTHUB_CLIENT_CONFIRMATION_OK"
3216,10325082533,10325082571,1,"IOTHUB_CLIENT_CONFIRMATION_OK"
3217,10325082733,10325082770,1,"IOTHUB_CLIENT_CONFIRMATION_OK"
3218,10325082933,10325083002,1,"IOTHUB_CLIENT_CONFIRMATION_OK"
3219,10325083133,10325083180,1,"IOTHUB_CLIENT_CONFIRMATION_OK"
3220,10325083333,10325083390,1,"IOTHUB_CLIENT_CONFIRMATION_OK"
3221,10325083533,10325083564,1,"IOTHUB_CLIENT_CONFIRMATION_OK"
3222,10325083733,10325083764,1,"IOTHUB_CLIENT_CONFIRMATION_OK"
3223,10325083934,10325083965,1,"IOTHUB_CLIENT_CONFIRMATION_OK"
3224,10325084134,10325084193,1,"IOTHUB_CLIENT_CONFIRMATION_OK"
3225,10325084334,10325084373,1,"IOTHUB_CLIENT_CONFIRMATION_OK"
3226,10325084534,10325084562,1,"IOTHUB_CLIENT_CONFIRMATION_OK"
3227,10325084734,10325084820,1,"IOTHUB_CLIENT_CONFIRMATION_OK"
3228,10325084934,10325084967,1,"IOTHUB_CLIENT_CONFIRMATION_OK"
3229,10325085135,10325085168,1,"IOTHUB_CLIENT_CONFIRMATION_OK"
3230,10325085335,10325085414,1,"IOTHUB_CLIENT_CONFIRMATION_OK"
3231,10325085535,10325085669,1,"IOTHUB_CLIENT_CONFIRMATION_OK"
3232,10325085735,10325085766,1,"IOTHUB_CLIENT_CONFIRMATION_OK"
3233,10325085935,10325086034,1,"IOTHUB_CLIENT_CONFIRMATION_OK"
3234,10325086136,10325086172,1,"IOTHUB_CLIENT_CONFIRMATION_OK"
3235,10325086336,10325086412,1,"IOTHUB_CLIENT_CONFIRMATION_OK"
3236,10325086536,10325086631,1,"IOTHUB_CLIENT_CONFIRMATION_OK"
3237,10325086736,10325086771,1,"IOTHUB_CLIENT_CONFIRMATION_OK"
3238,10325086936,10325086976,1,"IOTHUB_CLIENT_CONFIRMATION_OK"
3239,10325087136,10325087261,1,"IOTHUB_CLIENT_CONFIRMATION_OK"
3240,10325087337,10325087372,1,"IOTHUB_CLIENT_CONFIRMATION_OK"
3241,10325087537,10325087570,1,"IOTHUB_CLIENT_CONFIRMATION_OK"
3242,10325087737,10325087767,1,"IOTHUB_CLIENT_CONFIRMATION_OK"
3243,10325087937,10325087969,1,"IOTHUB_CLIENT_CONFIRMATION_OK"
3244,10325088137,10325088168,1,"IOTHUB_CLIENT_CONFIRMATION_OK"
3245,10325088337,10325088374,1,"IOTHUB_CLIENT_CONFIRMATION_OK"
3246,10325088537,10325088567,1,"IOTHUB_CLIENT_CONFIRMATION_OK"
3247,10325088738,10325088782,1,"IOTHUB_CLIENT_CONFIRMATION_OK"
3248,10325088938,10325088993,1,"IOTHUB_CLIENT_CONFIRMATION_OK"
3249,10325089138,10325089168,1,"IOTHUB_CLIENT_CONFIRMATION_OK"
3250,10325089338,10325089480,1,"IOTHUB_CLIENT_CONFIRMATION_OK"
3251,10325089538,10325089572,1,"IOTHUB_CLIENT_CONFIRMATION_OK"
3252,10325089738,10325089771,1,"IOTHUB_CLIENT_CONFIRMATION_OK"
3253,10325089938,10325090090,1,"IOTHUB_CLIENT_CONFIRMATION_OK"
3254,10325090139,10325090175,1,"IOTHUB_CLIENT_CONFIRMATION_OK"
3255,10325090339,10325090375,1,"IOTHUB_CLIENT_CONFIRMATION_OK"
3256,10325090539,10325090703,1,"IOTHUB_CLIENT_CONFIRMATION_OK"
3257,10325090739,10325090769,1,"IOTHUB_CLIENT_CONFIRMATION_OK"
3258,10325090939,10325091001,1,"IOTHUB_CLIENT_CONFIRMATION_OK"
3259,10325091139,10325091172,1,"IOTHUB_CLIENT_CONFIRMATION_OK"
3260,10325091340,10325091370,1,"IOTHUB_CLIENT_CONFIRMATION_OK"
3261,10325091540,10325091572,1,"IOTHUB_CLIENT_CONFIRMATION_OK"
3262,10325091740,10325091769,1,"IOTHUB_CLIENT_CONFIRMATION_OK"
3263,10325091940,10325091980,1,"IOTHUB_CLIENT_CONFIRMATION_OK"
3264,10325092140,10325092170,1,"IOTHUB_CLIENT_CONFIRMATION_OK"
3265,10325092340,10325092373,1,"IOTHUB_CLIENT_CONFIRMATION_OK"
3266,10325092540,10325092573,1,"IOTHUB_CLIENT_CONFIRMATION_OK"
3267,10325092741,10325092773,1,"IOTHUB_CLIENT_CONFIRMATION_OK"
3268,10325092941,10325092975,1,"IOTHUB_CLIENT_CONFIRMATION_OK"
3269,10325093141,10325093188,1,"IOTHUB_CLIENT_CONFIRMATION_OK"
3270,10325093341,10325093377,1,"IOTHUB_CLIENT_CONFIRMATION_OK"
3271,10325093541,10325093575,1,"IOTHUB_CLIENT_CONFIRMATION_OK"
3272,10325093741,10325093778,1,"IOTHUB_CLIENT_CONFIRMATION_OK"
3273,10325093942,10325094155,1,"IOTHUB_CLIENT_CONFIRMATION_OK"
3274,10325094142,10325094174,1,"IOTHUB_CLIENT_CONFIRMATION_OK"
3275,10325094342,10325094373,1,"IOTHUB_CLIENT_CONFIRMATION_OK"
3276,10325094542,10325094575,1,"IOTHUB_CLIENT_CONFIRMATION_OK"
3277,10325094742,10325094775,1,"IOTHUB_CLIENT_CONFIRMATION_OK"
3278,10325094942,10325094974,1,"IOTHUB_CLIENT_CONFIRMATION_OK"
3279,10325095142,10325095177,1,"IOTHUB_CLIENT_CONFIRMATION_OK"
3280,10325095343,10325095375,1,"IOTHUB_CLIENT_CONFIRMATION_OK"
3281,10325095543,10325095573,1,"IOTHUB_CLIENT_CONFIRMATION_OK"
3282,10325095743,10325095786,1,"IOTHUB_CLIENT_CONFIRMATION_OK"
3283,10325095943,10325095976,1,"IOTHUB_CLIENT_CONFIRMATION_OK"
3284,10325096143,10325096177,1,"IOTHUB_CLIENT_CONFIRMATION_OK"
3285,10325096344,10325096416,1,"IOTHUB_CLIENT_CONFIRMATION_OK"
3286,10325096544,10325096686,1,"IOTHUB_CLIENT_CONFIRMATION_OK"
3287,10325096744,10325096778,1,"IOTHUB_CLIENT_CONFIRMATION_OK"
3288,10325096944,10325097030,1,"IOTHUB_CLIENT_CONFIRMATION_OK"
3289,10325097144,10325097177,1,"IOTHUB_CLIENT_CONFIRMATION_OK"
3290,10325097344,10325097380,1,"IOTHUB_CLIENT_CONFIRMATION_OK"
3291,10325097545,10325097638,1,"IOTHUB_CLIENT_CONFIRMATION_OK"
3292,10325097745,10325097780,1,"IOTHUB_CLIENT_CONFIRMATION_OK"
3293,10325097945,10325097977,1,"IOTHUB_CLIENT_CONFIRMATION_OK"
3294,10325098145,10325098182,1,"IOTHUB_CLIENT_CONFIRMATION_OK"
3295,10325098345,10325098381,1,"IOTHUB_CLIENT_CONFIRMATION_OK"
3296,10325098545,10325098596,1,"IOTHUB_CLIENT_CONFIRMATION_OK"
3297,10325098745,10325098782,1,"IOTHUB_CLIENT_CONFIRMATION_OK"
3298,10325098946,10325098977,1,"IOTHUB_CLIENT_CONFIRMATION_OK"
3299,10325099146,10325099272,1,"IOTHUB_CLIENT_CONFIRMATION_OK"
3300,10325099346,10325099378,1,"IOTHUB_CLIENT_CONFIRMATION_OK"
3301,10325099546,10325099577,1,"IOTHUB_CLIENT_CONFIRMATION_OK"
3302,10325099746,10325099882,1,"IOTHUB_CLIENT_CONFIRMATION_OK"
3303,10325099946,10325099991,1,"IOTHUB_CLIENT_CONFIRMATION_OK"
3304,10325100147,10325100185,1,"IOTHUB_CLIENT_CONFIRMATION_OK"
3305,10325100347,10325100381,1,"IOTHUB_CLIENT_CONFIRMATION_OK"
3306,10325100547,10325100577,1,"IOTHUB_CLIENT_CONFIRMATION_OK"
3307,10325100747,10325100786,1,"IOTHUB_CLIENT_CONFIRMATION_OK"
3308,10325100947,10325100982,1,"IOTHUB_CLIENT_CONFIRMATION_OK"
3309,10325101147,10325101186,1,"IOTHUB_CLIENT_CONFIRMATION_OK"
3310,10325101347,10325101381,1,"IOTHUB_CLIENT_CONFIRMATION_OK"
3311,10325101548,10325101593,1,"IOTHUB_CLIENT_CONFIRMATION_OK"
3312,10325101748,10325101838,1,"IOTHUB_CLIENT_CONFIRMATION_OK"
3313,10325101948,10325102004,1,"IOTHUB_CLIENT_CONFIRMATION_OK"
3314,10325102148,10325102232,1,"IOTHUB_CLIENT_CONFIRMATION_OK"
3315,10325102348,10325102383,1,"IOTHUB_CLIENT_CONFIRMATION_OK"
3316,10325102548,10325102581,1,"IOTHUB_CLIENT_CONFIRMATION_OK"
3317,10325102749,10325102781,1,"IOTHUB_CLIENT_CONFIRMATION_OK"
3318,10325102949,10325102984,1,"IOTHUB_CLIENT_CONFIRMATION_OK"
3319,10325103149,10325103181,1,"IOTHUB_CLIENT_CONFIRMATION_OK"
3320,10325103349,10325103385,1,"IOTHUB_CLIENT_CONFIRMATION_OK"
3321,10325103549,10325103585,1,"IOTHUB_CLIENT_CONFIRMATION_OK"
3322,10325103750,10325103781,1,"IOTHUB_CLIENT_CONFIRMATION_OK"
3323,10325103950,10325103985,1,"IOTHUB_CLIENT_CONFIRMATION_OK"
3324,10325104150,10325104184,1,"IOTHUB_CLIENT_CONFIRMATION_OK"
3325,10325104350,10325104469,1,"IOTHUB_CLIENT_CONFIRMATION_OK"
3326,10325104550,10325104584,1,"IOTHUB_CLIENT_CONFIRMATION_OK"
3327,10325104750,10325104781,1,"IOTHUB_CLIENT_CONFIRMATION_OK"
3328,10325104951,10325105075,1,"IOTHUB_CLIENT_CONFIRMATION_OK"
3329,10325105151,10325105182,1,"IOTHUB_CLIENT_CONFIRMATION_OK"
3330,10325105351,10325105388,1,"IOTHUB_CLIENT_CONFIRMATION_OK"
3331,10325105551,10325105674,1,"IOTHUB_CLIENT_CONFIRMATION_OK"
3332,10325105751,10325105797,1,"IOTHUB_CLIENT_CONFIRMATION_OK"
3333,10325105951,10325106033,1,"IOTHUB_CLIENT_CONFIRMATION_OK"
3334,10325106152,10325106184,1,"IOTHUB_CLIENT_CONFIRMATION_OK"
3335,10325106352,10325106385,1,"IOTHUB_CLIENT_CONFIRMATION_OK"
3336,10325106552,10325106586,1,"IOTHUB_CLIENT_CONFIRMATION_OK"
3337,10325106752,10325106937,1,"IOTHUB_CLIENT_CONFIRMATION_OK"
3338,10325106952,10325106987,1,"IOTHUB_CLIENT_CONFIRMATION_OK"
3339,10325107153,10325107195,1,"IOTHUB_CLIENT_CONFIRMATION_OK"
3340,10325107353,10325107385,1,"IOTHUB_CLIENT_CONFIRMATION_OK"
3341,10325107553,10325107592,1,"IOTHUB_CLIENT_CONFIRMATION_OK"
3342,10325107753,10325108023,1,"IOTHUB_CLIENT_CONFIRMATION_OK"
3343,10325107953,10325108033,1,"IOTHUB_CLIENT_CONFIRMATION_OK"
3344,10325108153,10325108187,1,"IOTHUB_CLIENT_CONFIRMATION_OK"
3345,10325108353,10325108395,1,"IOTHUB_CLIENT_CONFIRMATION_OK"
3346,10325108554,10325108634,1,"IOTHUB_CLIENT_CONFIRMATION_OK"
3347,10325108754,10325108803,1,"IOTHUB_CLIENT_CONFIRMATION_OK"
3348,10325108954,10325109050,1,"IOTHUB_CLIENT_CONFIRMATION_OK"
3349,10325109154,10325109197,1,"IOTHUB_CLIENT_CONFIRMATION_OK"
3350,10325109354,10325109390,1,"IOTHUB_CLIENT_CONFIRMATION_OK"
3351,10325109555,10325109687,1,"IOTHUB_CLIENT_CONFIRMATION_OK"
3352,10325109755,10325109842,1,"IOTHUB_CLIENT_CONFIRMATION_OK"
3353,10325109955,10325109991,1,"IOTHUB_CLIENT_CONFIRMATION_OK"
3354,10325110155,10325110376,1,"IOTHUB_CLIENT_CONFIRMATION_OK"
3355,10325110355,10325110404,1,"IOTHUB_CLIENT_CONFIRMATION_OK"
3356,10325110555,10325110591,1,"IOTHUB_CLIENT_CONFIRMATION_OK"
3357,10325110755,10325110920,1,"IOTHUB_CLIENT_CONFIRMATION_OK"
3358,10325110956,10325111054,1,"IOTHUB_CLIENT_CONFIRMATION_OK"
3359,10325111156,10325111197,1,"IOTHUB_CLIENT_CONFIRMATION_OK"
3360,10325111356,10325111398,1,"IOTHUB_CLIENT_CONFIRMATION_OK"
3361,10325111556,10325111623,1,"IOTHUB_CLIENT_CONFIRMATION_OK"
3362,10325111756,10325111794,1,"IOTHUB_CLIENT_CONFIRMATION_OK"
3363,10325111956,10325112013,1,"IOTHUB_CLIENT_CONFIRMATION_OK"
3364,10325112157,10325112195,1,"IOTHUB_CLIENT_CONFIRMATION_OK"
3365,10325112357,10325112388,1,"IOTHUB_CLIENT_CONFIRMATION_OK"
3366,10325112557,10325112607,1,"IOTHUB_CLIENT_CONFIRMATION_OK"
3367,10325112757,10325112788,1,"IOTHUB_CLIENT_CONFIRMATION_OK"
3368,10325112957,10325112988,1,"IOTHUB_CLIENT_CONFIRMATION_OK"
3369,10325113157,10325113187,1,"IOTHUB_CLIENT_CONFIRMATION_OK"
3370,10325113357,10325113393,1,"IOTHUB_CLIENT_CONFIRMATION_OK"
3371,10325113558,10325113608,1,"IOTHUB_CLIENT_CONFIRMATION_OK"
3372,10325113758,10325113796,1,"IOTHUB_CLIENT_CONFIRMATION_OK"
3373,10325113958,10325114029,1,"IOTHUB_CLIENT_CONFIRMATION_OK"
3374,10325114158,10325114312,1,"IOTHUB_CLIENT_CONFIRMATION_OK"
3375,10325114358,10325114407,1,"IOTHUB_CLIENT_CONFIRMATION_OK"
3376,10325114559,10325114593,1,"IOTHUB_CLIENT_CONFIRMATION_OK"
3377,10325114759,10325114950,1,"IOTHUB_CLIENT_CONFIRMATION_OK"
3378,10325114959,10325115068,1,"IOTHUB_CLIENT_CONFIRMATION_OK"
3379,10325115159,10325115198,1,"IOTHUB_CLIENT_CONFIRMATION_OK"
3380,10325115359,10325115393,1,"IOTHUB_CLIENT_CONFIRMATION_OK"
3381,10325115559,10325115641,1,"IOTHUB_CLIENT_CONFIRMATION_OK"
3382,10325115759,10325115798,1,"IOTHUB_CLIENT_CONFIRMATION_OK"
3383,10325115960,10325115995,1,"IOTHUB_CLIENT_CONFIRMATION_OK"
3384,10325116160,10325116520,1,"IOTHUB_CLIENT_CONFIRMATION_OK"
3385,10325116360,10325116553,1,"IOTHUB_CLIENT_CONFIRMATION_OK"
3386,10325116560,10325116600,1,"IOTHUB_CLIENT_CONFIRMATION_OK"
3387,10325116760,10325116809,1,"IOTHUB_CLIENT_CONFIRMATION_OK"
3388,10325116961,10325116992,1,"IOTHUB_CLIENT_CONFIRMATION_OK"
3389,10325117161,10325117190,1,"IOTHUB_CLIENT_CONFIRMATION_OK"
3390,10325117361,10325117390,1,"IOTHUB_CLIENT_CONFIRMATION_OK"
3391,10325117561,10325117594,1,"IOTHUB_CLIENT_CONFIRMATION_OK"
3392,10325117761,10325117800,1,"IOTHUB_CLIENT_CONFIRMATION_OK"
3393,10325117961,10325117993,1,"IOTHUB_CLIENT_CONFIRMATION_OK"
3394,10325118162,10325118198,1,"IOTHUB_CLIENT_CONFIRMATION_OK"
3395,10325118362,10325118487,1,"IOTHUB_CLIENT_CONFIRMATION_OK"
3396,10325118562,10325118592,1,"IOTHUB_CLIENT_CONFIRMATION_OK"
3397,10325118762,10325118795,1,"IOTHUB_CLIENT_CONFIRMATION_OK"
3398,10325118962,10325118998,1,"IOTHUB_CLIENT_CONFIRMATION_OK"
3399,10325119163,10325119195,1,"IOTHUB_CLIENT_CONFIRMATION_OK"
3400,10325119363,10325119400,1,"IOTHUB_CLIENT_CONFIRMATION_OK"
3401,10325119563,10325119608,1,"IOTHUB_CLIENT_CONFIRMATION_OK"
3402,10325119763,10325119799,1,"IOTHUB_CLIENT_CONFIRMATION_OK"
3403,10325119963,10325120013,1,"IOTHUB_CLIENT_CONFIRMATION_OK"
3404,10325120164,10325120261,1,"IOTHUB_CLIENT_CONFIRMATION_OK"
3405,10325120364,10325120396,1,"IOTHUB_CLIENT_CONFIRMATION_OK"
3406,10325120564,10325120624,1,"IOTHUB_CLIENT_CONFIRMATION_OK"
3407,10325120764,10325120796,1,"IOTHUB_CLIENT_CONFIRMATION_OK"
3408,10325120964,10325120999,1,"IOTHUB_CLIENT_CONFIRMATION_OK"
3409,10325121164,10325121225,1,"IOTHUB_CLIENT_CONFIRMATION_OK"
3410,10325121365,10325121397,1,"IOTHUB_CLIENT_CONFIRMATION_OK"
3411,10325121565,10325121597,1,"IOTHUB_CLIENT_CONFIRMATION_OK"
3412,10325121765,10325121835,1,"IOTHUB_CLIENT_CONFIRMATION_OK"
3413,10325121965,10325121998,1,"IOTHUB_CLIENT_CONFIRMATION_OK"
3414,10325122165,10325122206,1,"IOTHUB_CLIENT_CONFIRMATION_OK"
3415,10325122366,10325122457,1,"IOTHUB_CLIENT_CONFIRMATION_OK"
3416,10325122566,10325122608,1,"IOTHUB_CLIENT_CONFIRMATION_OK"
3417,10325122766,10325122798,1,"IOTHUB_CLIENT_CONFIRMATION_OK"
3418,10325122966,10325123003,1,"IOTHUB_CLIENT_CONFIRMATION_OK"
3419,10325123166,10325123199,1,"IOTHUB_CLIENT_CONFIRMATION_OK"
3420,10325123366,10325123400,1,"IOTHUB_CLIENT_CONFIRMATION_OK"
3421,10325123567,10325123598,1,"IOTHUB_CLIENT_CONFIRMATION_OK"
3422,10325123767,10325123818,1,"IOTHUB_CLIENT_CONFIRMATION_OK"
3423,10325123967,10325124117,1,"IOTHUB_CLIENT_CONFIRMATION_OK"
3424,10325124167,10325124209,1,"IOTHUB_CLIENT_CONFIRMATION_OK"
3425,10325124367,10325124407,1,"IOTHUB_CLIENT_CONFIRMATION_OK"
3426,10325124567,10325124726,1,"IOTHUB_CLIENT_CONFIRMATION_OK"
3427,10325124767,10325124807,1,"IOTHUB_CLIENT_CONFIRMATION_OK"
3428,10325124968,10325125001,1,"IOTHUB_CLIENT_CONFIRMATION_OK"
3429,10325125168,10325125199,1,"IOTHUB_CLIENT_CONFIRMATION_OK"
3430,10325125368,10325125402,1,"IOTHUB_CLIENT_CONFIRMATION_OK"
3431,10325125568,10325125601,1,"IOTHUB_CLIENT_CONFIRMATION_OK"
3432,10325125768,10325125853,1,"IOTHUB_CLIENT_CONFIRMATION_OK"
3433,10325125968,10325126001,1,"IOTHUB_CLIENT_CONFIRMATION_OK"
3434,10325126169,10325126204,1,"IOTHUB_CLIENT_CONFIRMATION_OK"
3435,10325126369,10325126435,1,"IOTHUB_CLIENT_CONFIRMATION_OK"
3436,10325126569,10325126607,1,"IOTHUB_CLIENT_CONFIRMATION_OK"
3437,10325126769,10325126838,1,"IOTHUB_CLIENT_CONFIRMATION_OK"
3438,10325126969,10325127044,1,"IOTHUB_CLIENT_CONFIRMATION_OK"
3439,10325127170,10325127209,1,"IOTHUB_CLIENT_CONFIRMATION_OK"
3440,10325127370,10325127413,1,"IOTHUB_CLIENT_CONFIRMATION_OK"
3441,10325127570,10325127638,1,"IOTHUB_CLIENT_CONFIRMATION_OK"
3442,10325127770,10325127803,1,"IOTHUB_CLIENT_CONFIRMATION_OK"
3443,10325127970,10325128002,1,"IOTHUB_CLIENT_CONFIRMATION_OK"
3444,10325128170,10325128225,1,"IOTHUB_CLIENT_CONFIRMATION_OK"
3445,10325128371,10325128410,1,"IOTHUB_CLIENT_CONFIRMATION_OK"
3446,10325128571,10325128606,1,"IOTHUB_CLIENT_CONFIRMATION_OK"
3447,10325128771,10325128920,1,"IOTHUB_CLIENT_CONFIRMATION_OK"
3448,10325128971,10325129004,1,"IOTHUB_CLIENT_CONFIRMATION_OK"
3449,10325129171,10325129349,1,"IOTHUB_CLIENT_CONFIRMATION_OK"
3450,10325129371,10325129404,1,"IOTHUB_CLIENT_CONFIRMATION_OK"
3451,10325129572,10325129604,1,"IOTHUB_CLIENT_CONFIRMATION_OK"
3452,10325129772,10325129939,1,"IOTHUB_CLIENT_CONFIRMATION_OK"
3453,10325129972,10325130004,1,"IOTHUB_CLIENT_CONFIRMATION_OK"
3454,10325130172,10325130205,1,"IOTHUB_CLIENT_CONFIRMATION_OK"
3455,10325130372,10325130413,1,"IOTHUB_CLIENT_CONFIRMATION_OK"
3456,10325130572,10325130610,1,"IOTHUB_CLIENT_CONFIRMATION_OK"
3457,10325130773,10325130806,1,"IOTHUB_CLIENT_CONFIRMATION_OK"
3458,10325130973,10325131007,1,"IOTHUB_CLIENT_CONFIRMATION_OK"
3459,10325131173,10325131207,1,"IOTHUB_CLIENT_CONFIRMATION_OK"
3460,10325131373,10325131418,1,"IOTHUB_CLIENT_CONFIRMATION_OK"
3461,10325131573,10325131606,1,"IOTHUB_CLIENT_CONFIRMATION_OK"
3462,10325131773,10325131806,1,"IOTHUB_CLIENT_CONFIRMATION_OK"
3463,10325131974,10325132007,1,"IOTHUB_CLIENT_CONFIRMATION_OK"
3464,10325132174,10325132216,1,"IOTHUB_CLIENT_CONFIRMATION_OK"
3465,10325132374,10325132408,1,"IOTHUB_CLIENT_CONFIRMATION_OK"
3466,10325132574,10325132620,1,"IOTHUB_CLIENT_CONFIRMATION_OK"
3467,10325132774,10325132840,1,"IOTHUB_CLIENT_CONFIRMATION_OK"
3468,10325132974,10325133010,1,"IOTHUB_CLIENT_CONFIRMATION_OK"
3469,10325133175,10325133210,1,"IOTHUB_CLIENT_CONFIRMATION_OK"
3470,10325133375,10325133425,1,"IOTHUB_CLIENT_CONFIRMATION_OK"
3471,10325133575,10325133611,1,"IOTHUB_CLIENT_CONFIRMATION_OK"
3472,10325133775,10325133817,1,"IOTHUB_CLIENT_CONFIRMATION_OK"
3473,10325133975,10325134004,1,"IOTHUB_CLIENT_CONFIRMATION_OK"
3474,10325134176,10325134282,1,"IOTHUB_CLIENT_CONFIRMATION_OK"
3475,10325134376,10325134496,1,"IOTHUB_CLIENT_CONFIRMATION_OK"
3476,10325134576,10325134610,1,"IOTHUB_CLIENT_CONFIRMATION_OK"
3477,10325134776,10325134833,1,"IOTHUB_CLIENT_CONFIRMATION_OK"
3478,10325134976,10325135127,1,"IOTHUB_CLIENT_CONFIRMATION_OK"
3479,10325135176,10325135224,1,"IOTHUB_CLIENT_CONFIRMATION_OK"
3480,10325135377,10325135411,1,"IOTHUB_CLIENT_CONFIRMATION_OK"
3481,10325135577,10325135614,1,"IOTHUB_CLIENT_CONFIRMATION_OK"
3482,10325135777,10325135826,1,"IOTHUB_CLIENT_CONFIRMATION_OK"
3483,10325135977,10325136010,1,"IOTHUB_CLIENT_CONFIRMATION_OK"
3484,10325136177,10325136223,1,"IOTHUB_CLIENT_CONFIRMATION_OK"
3485,10325136377,10325136427,1,"IOTHUB_CLIENT_CONFIRMATION_OK"
3486,10325136578,10325136627,1,"IOTHUB_CLIENT_CONFIRMATION_OK"
3487,10325136778,10325136828,1,"IOTHUB_CLIENT_CONFIRMATION_OK"
3488,10325136978,10325137207,1,"IOTHUB_CLIENT_CONFIRMATION_OK"
3489,10325137178,10325137231,1,"IOTHUB_CLIENT_CONFIRMATION_OK"
3490,10325137379,10325137426,1,"IOTHUB_CLIENT_CONFIRMATION_OK"
3491,10325137579,10325137614,1,"IOTHUB_CLIENT_CONFIRMATION_OK"
3492,10325137779,10325137810,1,"IOTHUB_CLIENT_CONFIRMATION_OK"
3493,10325137979,10325138039,1,"IOTHUB_CLIENT_CONFIRMATION_OK"
3494,10325138179,10325138212,1,"IOTHUB_CLIENT_CONFIRMATION_OK"
3495,10325138379,10325138412,1,"IOTHUB_CLIENT_CONFIRMATION_OK"
3496,10325138579,10325138621,1,"IOTHUB_CLIENT_CONFIRMATION_OK"
3497,10325138780,10325138816,1,"IOTHUB_CLIENT_CONFIRMATION_OK"
3498,10325138980,10325139039,1,"IOTHUB_CLIENT_CONFIRMATION_OK"
3499,10325139180,10325139217,1,"IOTHUB_CLIENT_CONFIRMATION_OK"
3500,10325139380,10325139425,1,"IOTHUB_CLIENT_CONFIRMATION_OK"
3501,10325139580,10325139654,1,"IOTHUB_CLIENT_CONFIRMATION_OK"
3502,10325139781,10325139811,1,"IOTHUB_CLIENT_CONFIRMATION_OK"
3503,10325139981,10325140016,1,"IOTHUB_CLIENT_CONFIRMATION_OK"
3504,10325140181,10325140268,1,"IOTHUB_CLIENT_CONFIRMATION_OK"
3505,10325140381,10325140414,1,"IOTHUB_CLIENT_CONFIRMATION_OK"
3506,10325140581,10325140617,1,"IOTHUB_CLIENT_CONFIRMATION_OK"
3507,10325140782,10325140892,1,"IOTHUB_CLIENT_CONFIRMATION_OK"
3508,10325140982,10325141016,1,"IOTHUB_CLIENT_CONFIRMATION_OK"
3509,10325141182,10325141214,1,"IOTHUB_CLIENT_CONFIRMATION_OK"
3510,10325141382,10325141476,1,"IOTHUB_CLIENT_CONFIRMATION_OK"
3511,10325141583,10325141637,1,"IOTHUB_CLIENT_CONFIRMATION_OK"
3512,10325141783,10325141817,1,"IOTHUB_CLIENT_CONFIRMATION_OK"
3513,10325141983,10325142110,1,"IOTHUB_CLIENT_CONFIRMATION_OK"
3514,10325142183,10325142227,1,"IOTHUB_CLIENT_CONFIRMATION_OK"
3515,10325142383,10325142422,1,"IOTHUB_CLIENT_CONFIRMATION_OK"
3516,10325142583,10325142617,1,"IOTHUB_CLIENT_CONFIRMATION_OK"
3517,10325142784,10325142828,1,"IOTHUB_CLIENT_CONFIRMATION_OK"
3518,10325142984,10325143020,1,"IOTHUB_CLIENT_CONFIRMATION_OK"
3519,10325143184,10325143240,1,"IOTHUB_CLIENT_CONFIRMATION_OK"
3520,10325143384,10325143419,1,"IOTHUB_CLIENT_CONFIRMATION_OK"
3521,10325143584,10325143743,1,"IOTHUB_CLIENT_CONFIRMATION_OK"
3522,10325143784,10325143819,1,"IOTHUB_CLIENT_CONFIRMATION_OK"
3523,10325143984,10325144018,1,"IOTHUB_CLIENT_CONFIRMATION_OK"
3524,10325144185,10325144355,1,"IOTHUB_CLIENT_CONFIRMATION_OK"
3525,10325144385,10325144417,1,"IOTHUB_CLIENT_CONFIRMATION_OK"
3526,10325144585,10325144616,1,"IOTHUB_CLIENT_CONFIRMATION_OK"
3527,10325144785,10325144837,1,"IOTHUB_CLIENT_CONFIRMATION_OK"
3528,10325144985,10325145019,1,"IOTHUB_CLIENT_CONFIRMATION_OK"
3529,10325145185,10325145219,1,"IOTHUB_CLIENT_CONFIRMATION_OK"
3530,10325145386,10325145426,1,"IOTHUB_CLIENT_CONFIRMATION_OK"
3531,10325145586,10325145721,1,"IOTHUB_CLIENT_CONFIRMATION_OK"
3532,10325145786,10325145818,1,"IOTHUB_CLIENT_CONFIRMATION_OK"
3533,10325145986,10325146019,1,"IOTHUB_CLIENT_CONFIRMATION_OK"
3534,10325146186,10325146219,1,"IOTHUB_CLIENT_CONFIRMATION_OK"
3535,10325146386,10325146419,1,"IOTHUB_CLIENT_CONFIRMATION_OK"
3536,10325146586,10325146619,1,"IOTHUB_CLIENT_CONFIRMATION_OK"
3537,10325146787,10325146830,1,"IOTHUB_CLIENT_CONFIRMATION_OK"
3538,10325146987,10325147022,1,"IOTHUB_CLIENT_CONFIRMATION_OK"
3539,10325147187,10325147233,1,"IOTHUB_CLIENT_CONFIRMATION_OK"
3540,10325147387,10325147434,1,"IOTHUB_CLIENT_CONFIRMATION_OK"
3541,10325147587,10325147626,1,"IOTHUB_CLIENT_CONFIRMATION_OK"
3542,10325147787,10325147833,1,"IOTHUB_CLIENT_CONFIRMATION_OK"
3543,10325147988,10325148022,1,"IOTHUB_CLIENT_CONFIRMATION_OK"
3544,10325148188,10325148234,1,"IOTHUB_CLIENT_CONFIRMATION_OK"
3545,10325148388,10325148439,1,"IOTHUB_CLIENT_CONFIRMATION_OK"
3546,10325148588,10325148627,1,"IOTHUB_CLIENT_CONFIRMATION_OK"
3547,10325148788,10325148830,1,"IOTHUB_CLIENT_CONFIRMATION_OK"
3548,10325148988,10325149167,1,"IOTHUB_CLIENT_CONFIRMATION_OK"
3549,10325149188,10325149245,1,"IOTHUB_CLIENT_CONFIRMATION_OK"
3550,10325149389,10325149606,1,"IOTHUB_CLIENT_CONFIRMATION_OK"
3551,10325149589,10325149630,1,"IOTHUB_CLIENT_CONFIRMATION_OK"
3552,10325149789,10325149822,1,"IOTHUB_CLIENT_CONFIRMATION_OK"
3553,10325149989,10325150499,1,"IOTHUB_CLIENT_CONFIRMATION_OK"
3554,10325150189,10325150521,1,"IOTHUB_CLIENT_CONFIRMATION_OK"
3555,10325150390,10325150538,1,"IOTHUB_CLIENT_CONFIRMATION_OK"
3556,10325150590,10325150728,1,"IOTHUB_CLIENT_CONFIRMATION_OK"
3557,10325150790,10325150834,1,"IOTHUB_CLIENT_CONFIRMATION_OK"
3558,10325150990,10325151030,1,"IOTHUB_CLIENT_CONFIRMATION_OK"
3559,10325151190,10325151320,1,"IOTHUB_CLIENT_CONFIRMATION_OK"
3560,10325151390,10325151442,1,"IOTHUB_CLIENT_CONFIRMATION_OK"
3561,10325151590,10325151641,1,"IOTHUB_CLIENT_CONFIRMATION_OK"
3562,10325151791,10325151824,1,"IOTHUB_CLIENT_CONFIRMATION_OK"
3563,10325151991,10325152028,1,"IOTHUB_CLIENT_CONFIRMATION_OK"
3564,10325152191,10325152226,1,"IOTHUB_CLIENT_CONFIRMATION_OK"
3565,10325152391,10325152426,1,"IOTHUB_CLIENT_CONFIRMATION_OK"
3566,10325152592,10325152634,1,"IOTHUB_CLIENT_CONFIRMATION_OK"
3567,10325152792,10325152826,1,"IOTHUB_CLIENT_CONFIRMATION_OK"
3568,10325152992,10325153027,1,"IOTHUB_CLIENT_CONFIRMATION_OK"
3569,10325153192,10325153224,1,"IOTHUB_CLIENT_CONFIRMATION_OK"
3570,10325153392,10325153428,1,"IOTHUB_CLIENT_CONFIRMATION_OK"
3571,10325153592,10325153627,1,"IOTHUB_CLIENT_CONFIRMATION_OK"
3572,10325153793,10325153835,1,"IOTHUB_CLIENT_CONFIRMATION_OK"
3573,10325153993,10325154179,1,"IOTHUB_CLIENT_CONFIRMATION_OK"
3574,10325154193,10325154228,1,"IOTHUB_CLIENT_CONFIRMATION_OK"
3575,10325154393,10325154437,1,"IOTHUB_CLIENT_CONFIRMATION_OK"
3576,10325154593,10325154626,1,"IOTHUB_CLIENT_CONFIRMATION_OK"
3577,10325154794,10325154835,1,"IOTHUB_CLIENT_CONFIRMATION_OK"
3578,10325154994,10325155027,1,"IOTHUB_CLIENT_CONFIRMATION_OK"
3579,10325155194,10325155223,1,"IOTHUB_CLIENT_CONFIRMATION_OK"
3580,10325155394,10325155426,1,"IOTHUB_CLIENT_CONFIRMATION_OK"
3581,10325155594,10325155625,1,"IOTHUB_CLIENT_CONFIRMATION_OK"
3582,10325155794,10325155835,1,"IOTHUB_CLIENT_CONFIRMATION_OK"
3583,10325155994,10325156026,1,"IOTHUB_CLIENT_CONFIRMATION_OK"
3584,10325156195,10325156251,1,"IOTHUB_CLIENT_CONFIRMATION_OK"
3585,10325156395,10325156438,1,"IOTHUB_CLIENT_CONFIRMATION_OK"
3586,10325156595,10325156649,1,"IOTHUB_CLIENT_CONFIRMATION_OK"
3587,10325156795,10325156831,1,"IOTHUB_CLIENT_CONFIRMATION_OK"
3588,10325156995,10325157074,1,"IOTHUB_CLIENT_CONFIRMATION_OK"
3589,10325157196,10325157243,1,"IOTHUB_CLIENT_CONFIRMATION_OK"
3590,10325157396,10325157432,1,"IOTHUB_CLIENT_CONFIRMATION_OK"
3591,10325157596,10325157672,1,"IOTHUB_CLIENT_CONFIRMATION_OK"
3592,10325157796,10325157829,1,"IOTHUB_CLIENT_CONFIRMATION_OK"
3593,10325157996,10325158033,1,"IOTHUB_CLIENT_CONFIRMATION_OK"
3594,10325158196,10325158226,1,"IOTHUB_CLIENT_CONFIRMATION_OK"
3595,10325158396,10325158436,1,"IOTHUB_CLIENT_CONFIRMATION_OK"
3596,10325158597,10325158641,1,"IOTHUB_CLIENT_CONFIRMATION_OK"
3597,10325158797,10325158832,1,"IOTHUB_CLIENT_CONFIRMATION_OK"
3598,10325158997,10325159042,1,"IOTHUB_CLIENT_CONFIRMATION_OK"
3599,10325159197,10325159311,1,"IOTHUB_CLIENT_CONFIRMATION_OK"
3600,10325159397,10325159458,1,"IOTHUB_CLIENT_CONFIRMATION_OK"
3601,10325159597,10325159627,1,"IOTHUB_CLIENT_CONFIRMATION_OK"
3602,10325159798,10325159918,1,"IOTHUB_CLIENT_CONFIRMATION_OK"
3603,10325159998,10325160029,1,"IOTHUB_CLIENT_CONFIRMATION_OK"
3604,10325160198,10325160235,1,"IOTHUB_CLIENT_CONFIRMATION_OK"
3605,10325160398,10325160590,1,"IOTHUB_CLIENT_CONFIRMATION_OK"
3606,10325160598,10325160633,1,"IOTHUB_CLIENT_CONFIRMATION_OK"
3607,10325160798,10325160841,1,"IOTHUB_CLIENT_CONFIRMATION_OK"
3608,10325160999,10325161036,1,"IOTHUB_CLIENT_CONFIRMATION_OK"
3609,10325161199,10325161234,1,"IOTHUB_CLIENT_CONFIRMATION_OK"
3610,10325161399,10325161428,1,"IOTHUB_CLIENT_CONFIRMATION_OK"
3611,10325161599,10325161650,1,"IOTHUB_CLIENT_CONFIRMATION_OK"
3612,10325161800,10325161855,1,"IOTHUB_CLIENT_CONFIRMATION_OK"
3613,10325162000,10325162034,1,"IOTHUB_CLIENT_CONFIRMATION_OK"
3614,10325162200,10325162229,1,"IOTHUB_CLIENT_CONFIRMATION_OK"
3615,10325162400,10325162436,1,"IOTHUB_CLIENT_CONFIRMATION_OK"
3616,10325162600,10325162634,1,"IOTHUB_CLIENT_CONFIRMATION_OK"
3617,10325162800,10325162838,1,"IOTHUB_CLIENT_CONFIRMATION_OK"
3618,10325163001,10325163038,1,"IOTHUB_CLIENT_CONFIRMATION_OK"
3619,10325163201,10325163232,1,"IOTHUB_CLIENT_CONFIRMATION_OK"
3620,10325163401,10325163438,1,"IOTHUB_CLIENT_CONFIRMATION_OK"
3621,10325163601,10325163636,1,"IOTHUB_CLIENT_CONFIRMATION_OK"
3622,10325163801,10325163833,1,"IOTHUB_CLIENT_CONFIRMATION_OK"
3623,10325164001,10325164037,1,"IOTHUB_CLIENT_CONFIRMATION_OK"
3624,10325164202,10325164232,1,"IOTHUB_CLIENT_CONFIRMATION_OK"
3625,10325164402,10325164437,1,"IOTHUB_CLIENT_CONFIRMATION_OK"
3626,10325164602,10325164641,1,"IOTHUB_CLIENT_CONFIRMATION_OK"
3627,10325164802,10325164833,1,"IOTHUB_CLIENT_CONFIRMATION_OK"
3628,10325165002,10325165038,1,"IOTHUB_CLIENT_CONFIRMATION_OK"
3629,10325165203,10325165282,1,"IOTHUB_CLIENT_CONFIRMATION_OK"
3630,10325165403,10325165439,1,"IOTHUB_CLIENT_CONFIRMATION_OK"
3631,10325165603,10325165772,1,"IOTHUB_CLIENT_CONFIRMATION_OK"
3632,10325165804,10325165837,1,"IOTHUB_CLIENT_CONFIRMATION_OK"
3633,10325166004,10325166042,1,"IOTHUB_CLIENT_CONFIRMATION_OK"
3634,10325166204,10325166341,1,"IOTHUB_CLIENT_CONFIRMATION_OK"
3635,10325166404,10325166441,1,"IOTHUB_CLIENT_CONFIRMATION_OK"
3636,10325166604,10325166639,1,"IOTHUB_CLIENT_CONFIRMATION_OK"
3637,10325166804,10325166856,1,"IOTHUB_CLIENT_CONFIRMATION_OK"
3638,10325167005,10325167071,1,"IOTHUB_CLIENT_CONFIRMATION_OK"
3639,10325167205,10325167242,1,"IOTHUB_CLIENT_CONFIRMATION_OK"
3640,10325167405,10325167435,1,"IOTHUB_CLIENT_CONFIRMATION_OK"
3641,10325167605,10325167649,1,"IOTHUB_CLIENT_CONFIRMATION_OK"
3642,10325167805,10325167841,1,"IOTHUB_CLIENT_CONFIRMATION_OK"
3643,10325168006,10325168052,1,"IOTHUB_CLIENT_CONFIRMATION_OK"
3644,10325168206,10325168242,1,"IOTHUB_CLIENT_CONFIRMATION_OK"
3645,10325168406,10325168438,1,"IOTHUB_CLIENT_CONFIRMATION_OK"
3646,10325168606,10325168665,1,"IOTHUB_CLIENT_CONFIRMATION_OK"
3647,10325168806,10325168860,1,"IOTHUB_CLIENT_CONFIRMATION_OK"
3648,10325169006,10325169058,1,"IOTHUB_CLIENT_CONFIRMATION_OK"
3649,10325169206,10325169254,1,"IOTHUB_CLIENT_CONFIRMATION_OK"
3650,10325169407,10325169443,1,"IOTHUB_CLIENT_CONFIRMATION_OK"
3651,10325169607,10325169695,1,"IOTHUB_CLIENT_CONFIRMATION_OK"
3652,10325169807,10325169839,1,"IOTHUB_CLIENT_CONFIRMATION_OK"
3653,10325170007,10325170041,1,"IOTHUB_CLIENT_CONFIRMATION_OK"
3654,10325170207,10325170302,1,"IOTHUB_CLIENT_CONFIRMATION_OK"
3655,10325170408,10325170442,1,"IOTHUB_CLIENT_CONFIRMATION_OK"
3656,10325170608,10325170641,1,"IOTHUB_CLIENT_CONFIRMATION_OK"
3657,10325170808,10325170927,1,"IOTHUB_CLIENT_CONFIRMATION_OK"
3658,10325171008,10325171049,1,"IOTHUB_CLIENT_CONFIRMATION_OK"
3659,10325171208,10325171269,1,"IOTHUB_CLIENT_CONFIRMATION_OK"
3660,10325171408,10325171508,1,"IOTHUB_CLIENT_CONFIRMATION_OK"
3661,10325171608,10325171643,1,"IOTHUB_CLIENT_CONFIRMATION_OK"
3662,10325171809,10325171844,1,"IOTHUB_CLIENT_CONFIRMATION_OK"
3663,10325172009,10325172153,1,"IOTHUB_CLIENT_CONFIRMATION_OK"
3664,10325172209,10325172239,1,"IOTHUB_CLIENT_CONFIRMATION_OK"
3665,10325172409,10325172442,1,"IOTHUB_CLIENT_CONFIRMATION_OK"
3666,10325172609,10325172654,1,"IOTHUB_CLIENT_CONFIRMATION_OK"
3667,10325172809,10325172889,1,"IOTHUB_CLIENT_CONFIRMATION_OK"
3668,10325173010,10325173054,1,"IOTHUB_CLIENT_CONFIRMATION_OK"
3669,10325173210,10325173269,1,"IOTHUB_CLIENT_CONFIRMATION_OK"
3670,10325173410,10325173443,1,"IOTHUB_CLIENT_CONFIRMATION_OK"
3671,10325173610,10325173646,1,"IOTHUB_CLIENT_CONFIRMATION_OK"
3672,10325173810,10325173848,1,"IOTHUB_CLIENT_CONFIRMATION_OK"
3673,10325174010,10325174042,1,"IOTHUB_CLIENT_CONFIRMATION_OK"
3674,10325174210,10325174275,1,"IOTHUB_CLIENT_CONFIRMATION_OK"
3675,10325174411,10325174444,1,"IOTHUB_CLIENT_CONFIRMATION_OK"
3676,10325174611,10325174646,1,"IOTHUB_CLIENT_CONFIRMATION_OK"
3677,10325174811,10325174976,1,"IOTHUB_CLIENT_CONFIRMATION_OK"
3678,10325175011,10325175058,1,"IOTHUB_CLIENT_CONFIRMATION_OK"
3679,10325175211,10325175262,1,"IOTHUB_CLIENT_CONFIRMATION_OK"
3680,10325175411,10325175506,1,"IOTHUB_CLIENT_CONFIRMATION_OK"
3681,10325175612,10325175654,1,"IOTHUB_CLIENT_CONFIRMATION_OK"
3682,10325175812,10325175851,1,"IOTHUB_CLIENT_CONFIRMATION_OK"
3683,10325176012,10325176127,1,"IOTHUB_CLIENT_CONFIRMATION_OK"
3684,10325176212,10325176245,1,"IOTHUB_CLIENT_CONFIRMATION_OK"
3685,10325176412,10325176450,1,"IOTHUB_CLIENT_CONFIRMATION_OK"
3686,10325176612,10325176649,1,"IOTHUB_CLIENT_CONFIRMATION_OK"
3687,10325176813,10325176846,1,"IOTHUB_CLIENT_CONFIRMATION_OK"
3688,10325177013,10325177050,1,"IOTHUB_CLIENT_CONFIRMATION_OK"
3689,10325177213,10325177341,1,"IOTHUB_CLIENT_CONFIRMATION_OK"
3690,10325177413,10325177454,1,"IOTHUB_CLIENT_CONFIRMATION_OK"
3691,10325177613,10325177646,1,"IOTHUB_CLIENT_CONFIRMATION_OK"
3692,10325177813,10325177851,1,"IOTHUB_CLIENT_CONFIRMATION_OK"
3693,10325178014,10325178046,1,"IOTHUB_CLIENT_CONFIRMATION_OK"
3694,10325178214,10325178292,1,"IOTHUB_CLIENT_CONFIRMATION_OK"
3695,10325178414,10325178449,1,"IOTHUB_CLIENT_CONFIRMATION_OK"
3696,10325178614,10325178645,1,"IOTHUB_CLIENT_CONFIRMATION_OK"
3697,10325178814,10325178846,1,"IOTHUB_CLIENT_CONFIRMATION_OK"
3698,10325179014,10325179045,1,"IOTHUB_CLIENT_CONFIRMATION_OK"
3699,10325179214,10325179284,1,"IOTHUB_CLIENT_CONFIRMATION_OK"
3700,10325179415,10325179464,1,"IOTHUB_CLIENT_CONFIRMATION_OK"
3701,10325179615,10325179654,1,"IOTHUB_CLIENT_CONFIRMATION_OK"
3702,10325179815,10325179849,1,"IOTHUB_CLIENT_CONFIRMATION_OK"
3703,10325180015,10325180108,1,"IOTHUB_CLIENT_CONFIRMATION_OK"
3704,10325180215,10325180256,1,"IOTHUB_CLIENT_CONFIRMATION_OK"
3705,10325180415,10325180448,1,"IOTHUB_CLIENT_CONFIRMATION_OK"
3706,10325180616,10325180714,1,"IOTHUB_CLIENT_CONFIRMATION_OK"
3707,10325180816,10325180870,1,"IOTHUB_CLIENT_CONFIRMATION_OK"
3708,10325181016,10325181060,1,"IOTHUB_CLIENT_CONFIRMATION_OK"
3709,10325181216,10325181323,1,"IOTHUB_CLIENT_CONFIRMATION_OK"
3710,10325181416,10325181455,1,"IOTHUB_CLIENT_CONFIRMATION_OK"
3711,10325181616,10325181659,1,"IOTHUB_CLIENT_CONFIRMATION_OK"
3712,10325181816,10325181925,1,"IOTHUB_CLIENT_CONFIRMATION_OK"
3713,10325182017,10325182047,1,"IOTHUB_CLIENT_CONFIRMATION_OK"
3714,10325182217,10325182248,1,"IOTHUB_CLIENT_CONFIRMATION_OK"
3715,10325182417,10325182448,1,"IOTHUB_CLIENT_CONFIRMATION_OK"
3716,10325182617,10325182658,1,"IOTHUB_CLIENT_CONFIRMATION_OK"
3717,10325182817,10325182853,1,"IOTHUB_CLIENT_CONFIRMATION_OK"
3718,10325183017,10325183053,1,"IOTHUB_CLIENT_CONFIRMATION_OK"
3719,10325183217,10325183251,1,"IOTHUB_CLIENT_CONFIRMATION_OK"
3720,10325183418,10325183541,1,"IOTHUB_CLIENT_CONFIRMATION_OK"
3721,10325183618,10325183669,1,"IOTHUB_CLIENT_CONFIRMATION_OK"
3722,10325183818,10325183858,1,"IOTHUB_CLIENT_CONFIRMATION_OK"
3723,10325184018,10325184202,1,"IOTHUB_CLIENT_CONFIRMATION_OK"
3724,10325184218,10325184252,1,"IOTHUB_CLIENT_CONFIRMATION_OK"
3725,10325184418,10325184472,1,"IOTHUB_CLIENT_CONFIRMATION_OK"
3726,10325184619,10325184687,1,"IOTHUB_CLIENT_CONFIRMATION_OK"
3727,10325184819,10325184852,1,"IOTHUB_CLIENT_CONFIRMATION_OK"
3728,10325185019,10325185049,1,"IOTHUB_CLIENT_CONFIRMATION_OK"
3729,10325185219,10325185253,1,"IOTHUB_CLIENT_CONFIRMATION_OK"
3730,10325185419,10325185463,1,"IOTHUB_CLIENT_CONFIRMATION_OK"
3731,10325185619,10325185654,1,"IOTHUB_CLIENT_CONFIRMATION_OK"
3732,10325185819,10325185851,1,"IOTHUB_CLIENT_CONFIRMATION_OK"
3733,10325186020,10325186059,1,"IOTHUB_CLIENT_CONFIRMATION_OK"
3734,10325186220,10325186257,1,"IOTHUB_CLIENT_CONFIRMATION_OK"
3735,10325186420,10325186459,1,"IOTHUB_CLIENT_CONFIRMATION_OK"
3736,10325186620,10325186659,1,"IOTHUB_CLIENT_CONFIRMATION_OK"
3737,10325186820,10325186855,1,"IOTHUB_CLIENT_CONFIRMATION_OK"
3738,10325187021,10325187160,1,"IOTHUB_CLIENT_CONFIRMATION_OK"
3739,10325187221,10325187251,1,"IOTHUB_CLIENT_CONFIRMATION_OK"
3740,10325187421,10325187548,1,"IOTHUB_CLIENT_CONFIRMATION_OK"
3741,10325187621,10325187655,1,"IOTHUB_CLIENT_CONFIRMATION_OK"
3742,10325187821,10325187886,1,"IOTHUB_CLIENT_CONFIRMATION_OK"
3743,10325188021,10325188229,1,"IOTHUB_CLIENT_CONFIRMATION_OK"
3744,10325188222,10325188329,1,"IOTHUB_CLIENT_CONFIRMATION_OK"
3745,10325188422,10325188472,1,"IOTHUB_CLIENT_CONFIRMATION_OK"
3746,10325188622,10325188660,1,"IOTHUB_CLIENT_CONFIRMATION_OK"
3747,10325188822,10325188855,1,"IOTHUB_CLIENT_CONFIRMATION_OK"
3748,10325189022,10325189058,1,"IOTHUB_CLIENT_CONFIRMATION_OK"
3749,10325189222,10325189290,1,"IOTHUB_CLIENT_CONFIRMATION_OK"
3750,10325189423,10325189475,1,"IOTHUB_CLIENT_CONFIRMATION_OK"
3751,10325189623,10325189655,1,"IOTHUB_CLIENT_CONFIRMATION_OK"
3752,10325189823,10325189917,1,"IOTHUB_CLIENT_CONFIRMATION_OK"
3753,10325190023,10325190058,1,"IOTHUB_CLIENT_CONFIRMATION_OK"
3754,10325190223,10325190260,1,"IOTHUB_CLIENT_CONFIRMATION_OK"
3755,10325190423,10325190497,1,"IOTHUB_CLIENT_CONFIRMATION_OK"
3756,10325190623,10325190691,1,"IOTHUB_CLIENT_CONFIRMATION_OK"
3757,10325190824,10325190879,1,"IOTHUB_CLIENT_CONFIRMATION_OK"
3758,10325191024,10325191119,1,"IOTHUB_CLIENT_CONFIRMATION_OK"
3759,10325191224,10325191257,1,"IOTHUB_CLIENT_CONFIRMATION_OK"
3760,10325191424,10325191459,1,"IOTHUB_CLIENT_CONFIRMATION_OK"
3761,10325191624,10325191736,1,"IOTHUB_CLIENT_CONFIRMATION_OK"
3762,10325191824,10325191859,1,"IOTHUB_CLIENT_CONFIRMATION_OK"
3763,10325192024,10325192122,1,"IOTHUB_CLIENT_CONFIRMATION_OK"
3764,10325192225,10325192414,1,"IOTHUB_CLIENT_CONFIRMATION_OK"
3765,10325192425,10325192456,1,"IOTHUB_CLIENT_CONFIRMATION_OK"
3766,10325192625,10325192668,1,"IOTHUB_CLIENT_CONFIRMATION_OK"
3767,10325192825,10325192866,1,"IOTHUB_CLIENT_CONFIRMATION_OK"
3768,10325193026,10325193057,1,"IOTHUB_CLIENT_CONFIRMATION_OK"
3769,10325193226,10325193261,1,"IOTHUB_CLIENT_CONFIRMATION_OK"
3770,10325193426,10325193496,1,"IOTHUB_CLIENT_CONFIRMATION_OK"
3771,10325193626,10325193668,1,"IOTHUB_CLIENT_CONFIRMATION_OK"
3772,10325193826,10325193882,1,"IOTHUB_CLIENT_CONFIRMATION_OK"
3773,10325194026,10325194068,1,"IOTHUB_CLIENT_CONFIRMATION_OK"
3774,10325194226,10325194261,1,"IOTHUB_CLIENT_CONFIRMATION_OK"
3775,10325194427,10325194609,1,"IOTHUB_CLIENT_CONFIRMATION_OK"
3776,10325194627,10325194664,1,"IOTHUB_CLIENT_CONFIRMATION_OK"
3777,10325194827,10325194863,1,"IOTHUB_CLIENT_CONFIRMATION_OK"
3778,10325195027,10325195194,1,"IOTHUB_CLIENT_CONFIRMATION_OK"
3779,10325195228,10325195264,1,"IOTHUB_CLIENT_CONFIRMATION_OK"
3780,10325195428,10325195462,1,"IOTHUB_CLIENT_CONFIRMATION_OK"
3781,10325195628,10325195739,1,"IOTHUB_CLIENT_CONFIRMATION_OK"
3782,10325195828,10325196022,1,"IOTHUB_CLIENT_CONFIRMATION_OK"
3783,10325196028,10325196135,1,"IOTHUB_CLIENT_CONFIRMATION_OK"
3784,10325196228,10325196261,1,"IOTHUB_CLIENT_CONFIRMATION_OK"
3785,10325196428,10325196468,1,"IOTHUB_CLIENT_CONFIRMATION_OK"
3786,10325196629,10325196661,1,"IOTHUB_CLIENT_CONFIRMATION_OK"
3787,10325196829,10325196862,1,"IOTHUB_CLIENT_CONFIRMATION_OK"
3788,10325197029,10325197072,1,"IOTHUB_CLIENT_CONFIRMATION_OK"
3789,10325197229,10325197288,1,"IOTHUB_CLIENT_CONFIRMATION_OK"
3790,10325197429,10325197474,1,"IOTHUB_CLIENT_CONFIRMATION_OK"
3791,10325197629,10325197704,1,"IOTHUB_CLIENT_CONFIRMATION_OK"
3792,10325197830,10325197861,1,"IOTHUB_CLIENT_CONFIRMATION_OK"
3793,10325198030,10325198068,1,"IOTHUB_CLIENT_CONFIRMATION_OK"
3794,10325198230,10325198268,1,"IOTHUB_CLIENT_CONFIRMATION_OK"
3795,10325198430,10325198490,1,"IOTHUB_CLIENT_CONFIRMATION_OK"
3796,10325198630,10325198682,1,"IOTHUB_CLIENT_CONFIRMATION_OK"
3797,10325198830,10325198863,1,"IOTHUB_CLIENT_CONFIRMATION_OK"
3798,10325199031,10325199132,1,"IOTHUB_CLIENT_CONFIRMATION_OK"
3799,10325199231,10325199272,1,"IOTHUB_CLIENT_CONFIRMATION_OK"
3800,10325199431,10325199556,1,"IOTHUB_CLIENT_CONFIRMATION_OK"
3801,10325199631,10325199698,1,"IOTHUB_CLIENT_CONFIRMATION_OK"
3802,10325199831,10325199866,1,"IOTHUB_CLIENT_CONFIRMATION_OK"
3803,10325200032,10325200065,1,"IOTHUB_CLIENT_CONFIRMATION_OK"
3804,10325200232,10325200317,1,"IOTHUB_CLIENT_CONFIRMATION_OK"
3805,10325200432,10325200465,1,"IOTHUB_CLIENT_CONFIRMATION_OK"
3806,10325200632,10325200663,1,"IOTHUB_CLIENT_CONFIRMATION_OK"
3807,10325200832,10325200918,1,"IOTHUB_CLIENT_CONFIRMATION_OK"
3808,10325201033,10325201073,1,"IOTHUB_CLIENT_CONFIRMATION_OK"
3809,10325201233,10325201294,1,"IOTHUB_CLIENT_CONFIRMATION_OK"
3810,10325201433,10325201531,1,"IOTHUB_CLIENT_CONFIRMATION_OK"
3811,10325201633,10325201666,1,"IOTHUB_CLIENT_CONFIRMATION_OK"
3812,10325201833,10325201872,1,"IOTHUB_CLIENT_CONFIRMATION_OK"
3813,10325202033,10325202136,1,"IOTHUB_CLIENT_CONFIRMATION_OK"
3814,10325202233,10325202266,1,"IOTHUB_CLIENT_CONFIRMATION_OK"
3815,10325202434,10325202466,1,"IOTHUB_CLIENT_CONFIRMATION_OK"
3816,10325202634,10325202666,1,"IOTHUB_CLIENT_CONFIRMATION_OK"
3817,10325202834,10325202869,1,"IOTHUB_CLIENT_CONFIRMATION_OK"
3818,10325203034,10325203094,1,"IOTHUB_CLIENT_CONFIRMATION_OK"
3819,10325203234,10325203270,1,"IOTHUB_CLIENT_CONFIRMATION_OK"
3820,10325203434,10325203485,1,"IOTHUB_CLIENT_CONFIRMATION_OK"
3821,10325203635,10325203667,1,"IOTHUB_CLIENT_CONFIRMATION_OK"
3822,10325203835,10325203868,1,"IOTHUB_CLIENT_CONFIRMATION_OK"
3823,10325204035,10325204198,1,"IOTHUB_CLIENT_CONFIRMATION_OK"
3824,10325204235,10325204357,1,"IOTHUB_CLIENT_CONFIRMATION_OK"
3825,10325204435,10325204470,1,"IOTHUB_CLIENT_CONFIRMATION_OK"
3826,10325204635,10325204667,1,"IOTHUB_CLIENT_CONFIRMATION_OK"
3827,10325204836,10325205017,1,"IOTHUB_CLIENT_CONFIRMATION_OK"
3828,10325205036,10325205071,1,"IOTHUB_CLIENT_CONFIRMATION_OK"
3829,10325205236,10325205274,1,"IOTHUB_CLIENT_CONFIRMATION_OK"
3830,10325205436,10325205503,1,"IOTHUB_CLIENT_CONFIRMATION_OK"
3831,10325205636,10325205696,1,"IOTHUB_CLIENT_CONFIRMATION_OK"
3832,10325205836,10325205870,1,"IOTHUB_CLIENT_CONFIRMATION_OK"
3833,10325206037,10325206071,1,"IOTHUB_CLIENT_CONFIRMATION_OK"
3834,10325206237,10325206272,1,"IOTHUB_CLIENT_CONFIRMATION_OK"
3835,10325206437,10325206471,1,"IOTHUB_CLIENT_CONFIRMATION_OK"
3836,10325206637,10325206751,1,"IOTHUB_CLIENT_CONFIRMATION_OK"
3837,10325206837,10325206875,1,"IOTHUB_CLIENT_CONFIRMATION_OK"
3838,10325207037,10325207072,1,"IOTHUB_CLIENT_CONFIRMATION_OK"
3839,10325207238,10325207271,1,"IOTHUB_CLIENT_CONFIRMATION_OK"
3840,10325207438,10325207471,1,"IOTHUB_CLIENT_CONFIRMATION_OK"
3841,10325207638,10325207676,1,"IOTHUB_CLIENT_CONFIRMATION_OK"
3842,10325207838,10325207874,1,"IOTHUB_CLIENT_CONFIRMATION_OK"
3843,10325208038,10325208072,1,"IOTHUB_CLIENT_CONFIRMATION_OK"
3844,10325208239,10325208275,1,"IOTHUB_CLIENT_CONFIRMATION_OK"
3845,10325208439,10325208494,1,"IOTHUB_CLIENT_CONFIRMATION_OK"
3846,10325208639,10325208670,1,"IOTHUB_CLIENT_CONFIRMATION_OK"
3847,10325208839,10325208875,1,"IOTHUB_CLIENT_CONFIRMATION_OK"
3848,10325209039,10325209075,1,"IOTHUB_CLIENT_CONFIRMATION_OK"
3849,10325209239,10325209271,1,"IOTHUB_CLIENT_CONFIRMATION_OK"
3850,10325209439,10325209660,1,"IOTHUB_CLIENT_CONFIRMATION_OK"
3851,10325209640,10325209682,1,"IOTHUB_CLIENT_CONFIRMATION_OK"
3852,10325209840,10325209873,1,"IOTHUB_CLIENT_CONFIRMATION_OK"
3853,10325210040,10325210210,1,"IOTHUB_CLIENT_CONFIRMATION_OK"
3854,10325210240,10325210272,1,"IOTHUB_CLIENT_CONFIRMATION_OK"
3855,10325210440,10325210516,1,"IOTHUB_CLIENT_CONFIRMATION_OK"
3856,10325210640,10325210675,1,"IOTHUB_CLIENT_CONFIRMATION_OK"
3857,10325210841,10325210882,1,"IOTHUB_CLIENT_CONFIRMATION_OK"
3858,10325211041,10325211076,1,"IOTHUB_CLIENT_CONFIRMATION_OK"
3859,10325211241,10325211277,1,"IOTHUB_CLIENT_CONFIRMATION_OK"
3860,10325211441,10325211480,1,"IOTHUB_CLIENT_CONFIRMATION_OK"
3861,10325211641,10325211793,1,"IOTHUB_CLIENT_CONFIRMATION_OK"
3862,10325211841,10325211879,1,"IOTHUB_CLIENT_CONFIRMATION_OK"
3863,10325212041,10325212085,1,"IOTHUB_CLIENT_CONFIRMATION_OK"
3864,10325212242,10325212277,1,"IOTHUB_CLIENT_CONFIRMATION_OK"
3865,10325212442,10325212495,1,"IOTHUB_CLIENT_CONFIRMATION_OK"
3866,10325212642,10325212686,1,"IOTHUB_CLIENT_CONFIRMATION_OK"
3867,10325212842,10325212882,1,"IOTHUB_CLIENT_CONFIRMATION_OK"
3868,10325213042,10325213078,1,"IOTHUB_CLIENT_CONFIRMATION_OK"
3869,10325213243,10325213285,1,"IOTHUB_CLIENT_CONFIRMATION_OK"
3870,10325213443,10325213503,1,"IOTHUB_CLIENT_CONFIRMATION_OK"
3871,10325213643,10325213685,1,"IOTHUB_CLIENT_CONFIRMATION_OK"
3872,10325213843,10325213890,1,"IOTHUB_CLIENT_CONFIRMATION_OK"
3873,10325214043,10325214081,1,"IOTHUB_CLIENT_CONFIRMATION_OK"
3874,10325214243,10325214419,1,"IOTHUB_CLIENT_CONFIRMATION_OK"
3875,10325214444,10325214480,1,"IOTHUB_CLIENT_CONFIRMATION_OK"
3876,10325214644,10325214811,1,"IOTHUB_CLIENT_CONFIRMATION_OK"
3877,10325214844,10325214876,1,"IOTHUB_CLIENT_CONFIRMATION_OK"
3878,10325215044,10325215083,1,"IOTHUB_CLIENT_CONFIRMATION_OK"
3879,10325215244,10325215280,1,"IOTHUB_CLIENT_CONFIRMATION_OK"
3880,10325215444,10325215507,1,"IOTHUB_CLIENT_CONFIRMATION_OK"
3881,10325215645,10325215692,1,"IOTHUB_CLIENT_CONFIRMATION_OK"
3882,10325215845,10325215886,1,"IOTHUB_CLIENT_CONFIRMATION_OK"
3883,10325216045,10325216110,1,"IOTHUB_CLIENT_CONFIRMATION_OK"
3884,10325216245,10325216292,1,"IOTHUB_CLIENT_CONFIRMATION_OK"
3885,10325216445,10325216481,1,"IOTHUB_CLIENT_CONFIRMATION_OK"
3886,10325216645,10325216690,1,"IOTHUB_CLIENT_CONFIRMATION_OK"
3887,10325216846,10325216883,1,"IOTHUB_CLIENT_CONFIRMATION_OK"
3888,10325217046,10325217149,1,"IOTHUB_CLIENT_CONFIRMATION_OK"
3889,10325217246,10325217281,1,"IOTHUB_CLIENT_CONFIRMATION_OK"
3890,10325217446,10325217478,1,"IOTHUB_CLIENT_CONFIRMATION_OK"
3891,10325217646,10325217683,1,"IOTHUB_CLIENT_CONFIRMATION_OK"
3892,10325217847,10325217884,1,"IOTHUB_CLIENT_CONFIRMATION_OK"
3893,10325218047,10325218081,1,"IOTHUB_CLIENT_CONFIRMATION_OK"
3894,10325218247,10325218292,1,"IOTHUB_CLIENT_CONFIRMATION_OK"
3895,10325218447,10325218480,1,"IOTHUB_CLIENT_CONFIRMATION_OK"
3896,10325218647,10325218693,1,"IOTHUB_CLIENT_CONFIRMATION_OK"
3897,10325218848,10325218882,1,"IOTHUB_CLIENT_CONFIRMATION_OK"
3898,10325219048,10325219143,1,"IOTHUB_CLIENT_CONFIRMATION_OK"
3899,10325219248,10325219281,1,"IOTHUB_CLIENT_CONFIRMATION_OK"
3900,10325219448,10325219480,1,"IOTHUB_CLIENT_CONFIRMATION_OK"
3901,10325219648,10325219685,1,"IOTHUB_CLIENT_CONFIRMATION_OK"
3902,10325219848,10325219930,1,"IOTHUB_CLIENT_CONFIRMATION_OK"
3903,10325220049,10325220089,1,"IOTHUB_CLIENT_CONFIRMATION_OK"
3904,10325220249,10325220284,1,"IOTHUB_CLIENT_CONFIRMATION_OK"
3905,10325220449,10325220498,1,"IOTHUB_CLIENT_CONFIRMATION_OK"
3906,10325220649,10325220685,1,"IOTHUB_CLIENT_CONFIRMATION_OK"
3907,10325220849,10325220890,1,"IOTHUB_CLIENT_CONFIRMATION_OK"
3908,10325221049,10325221105,1,"IOTHUB_CLIENT_CONFIRMATION_OK"
3909,10325221249,10325221283,1,"IOTHUB_CLIENT_CONFIRMATION_OK"
3910,10325221450,10325221531,1,"IOTHUB_CLIENT_CONFIRMATION_OK"
3911,10325221650,10325221730,1,"IOTHUB_CLIENT_CONFIRMATION_OK"
3912,10325221850,10325221889,1,"IOTHUB_CLIENT_CONFIRMATION_OK"
3913,10325222050,10325222091,1,"IOTHUB_CLIENT_CONFIRMATION_OK"
3914,10325222250,10325222329,1,"IOTHUB_CLIENT_CONFIRMATION_OK"
3915,10325222450,10325222489,1,"IOTHUB_CLIENT_CONFIRMATION_OK"
3916,10325222651,10325222712,1,"IOTHUB_CLIENT_CONFIRMATION_OK"
3917,10325222851,10325222923,1,"IOTHUB_CLIENT_CONFIRMATION_OK"
3918,10325223051,10325223181,1,"IOTHUB_CLIENT_CONFIRMATION_OK"
3919,10325223251,10325223282,1,"IOTHUB_CLIENT_CONFIRMATION_OK"
3920,10325223451,10325223502,1,"IOTHUB_CLIENT_CONFIRMATION_OK"
3921,10325223652,10325223685,1,"IOTHUB_CLIENT_CONFIRMATION_OK"
3922,10325223852,10325223888,1,"IOTHUB_CLIENT_CONFIRMATION_OK"
3923,10325224052,10325224089,1,"IOTHUB_CLIENT_CONFIRMATION_OK"
3924,10325224252,10325224296,1,"IOTHUB_CLIENT_CONFIRMATION_OK"
3925,10325224452,10325224630,1,"IOTHUB_CLIENT_CONFIRMATION_OK"
3926,10325224652,10325224689,1,"IOTHUB_CLIENT_CONFIRMATION_OK"
3927,10325224852,10325224886,1,"IOTHUB_CLIENT_CONFIRMATION_OK"
3928,10325225053,10325225235,1,"IOTHUB_CLIENT_CONFIRMATION_OK"
3929,10325225253,10325225288,1,"IOTHUB_CLIENT_CONFIRMATION_OK"
3930,10325225453,10325225494,1,"IOTHUB_CLIENT_CONFIRMATION_OK"
3931,10325225653,10325225688,1,"IOTHUB_CLIENT_CONFIRMATION_OK"
3932,10325225853,10325225901,1,"IOTHUB_CLIENT_CONFIRMATION_OK"
3933,10325226053,10325226092,1,"IOTHUB_CLIENT_CONFIRMATION_OK"
3934,10325226254,10325226303,1,"IOTHUB_CLIENT_CONFIRMATION_OK"
3935,10325226454,10325226486,1,"IOTHUB_CLIENT_CONFIRMATION_OK"
3936,10325226654,10325226712,1,"IOTHUB_CLIENT_CONFIRMATION_OK"
3937,10325226854,10325226889,1,"IOTHUB_CLIENT_CONFIRMATION_OK"
3938,10325227054,10325227085,1,"IOTHUB_CLIENT_CONFIRMATION_OK"
3939,10325227254,10325227289,1,"IOTHUB_CLIENT_CONFIRMATION_OK"
3940,10325227455,10325227494,1,"IOTHUB_CLIENT_CONFIRMATION_OK"
3941,10325227655,10325227687,1,"IOTHUB_CLIENT_CONFIRMATION_OK"
3942,10325227855,10325227893,1,"IOTHUB_CLIENT_CONFIRMATION_OK"
3943,10325228055,10325228093,1,"IOTHUB_CLIENT_CONFIRMATION_OK"
3944,10325228255,10325228291,1,"IOTHUB_CLIENT_CONFIRMATION_OK"
3945,10325228455,10325228505,1,"IOTHUB_CLIENT_CONFIRMATION_OK"
3946,10325228656,10325228696,1,"IOTHUB_CLIENT_CONFIRMATION_OK"
3947,10325228856,10325228896,1,"IOTHUB_CLIENT_CONFIRMATION_OK"
3948,10325229056,10325229103,1,"IOTHUB_CLIENT_CONFIRMATION_OK"
3949,10325229256,10325229291,1,"IOTHUB_CLIENT_CONFIRMATION_OK"
3950,10325229456,10325229490,1,"IOTHUB_CLIENT_CONFIRMATION_OK"
3951,10325229656,10325229719,1,"IOTHUB_CLIENT_CONFIRMATION_OK"
3952,10325229856,10325229899,1,"IOTHUB_CLIENT_CONFIRMATION_OK"
3953,10325230057,10325230093,1,"IOTHUB_CLIENT_CONFIRMATION_OK"
3954,10325230257,10325230328,1,"IOTHUB_CLIENT_CONFIRMATION_OK"
3955,10325230457,10325230512,1,"IOTHUB_CLIENT_CONFIRMATION_OK"
3956,10325230657,10325230693,1,"IOTHUB_CLIENT_CONFIRMATION_OK"
3957,10325230857,10325230934,1,"IOTHUB_CLIENT_CONFIRMATION_OK"
3958,10325231058,10325231093,1,"IOTHUB_CLIENT_CONFIRMATION_OK"
3959,10325231258,10325231324,1,"IOTHUB_CLIENT_CONFIRMATION_OK"
3960,10325231458,10325231579,1,"IOTHUB_CLIENT_CONFIRMATION_OK"
3961,10325231658,10325231692,1,"IOTHUB_CLIENT_CONFIRMATION_OK"
3962,10325231858,10325231889,1,"IOTHUB_CLIENT_CONFIRMATION_OK"
3963,10325232058,10325232177,1,"IOTHUB_CLIENT_CONFIRMATION_OK"
3964,10325232259,10325232292,1,"IOTHUB_CLIENT_CONFIRMATION_OK"
3965,10325232459,10325232506,1,"IOTHUB_CLIENT_CONFIRMATION_OK"
3966,10325232659,10325232714,1,"IOTHUB_CLIENT_CONFIRMATION_OK"
3967,10325232859,10325232900,1,"IOTHUB_CLIENT_CONFIRMATION_OK"
3968,10325233059,10325233092,1,"IOTHUB_CLIENT_CONFIRMATION_OK"
3969,10325233259,10325233300,1,"IOTHUB_CLIENT_CONFIRMATION_OK"
3970,10325233460,10325233490,1,"IOTHUB_CLIENT_CONFIRMATION_OK"
3971,10325233660,10325233705,1,"IOTHUB_CLIENT_CONFIRMATION_OK"
3972,10325233860,10325233893,1,"IOTHUB_CLIENT_CONFIRMATION_OK"
3973,10325234060,10325234147,1,"IOTHUB_CLIENT_CONFIRMATION_OK"
3974,10325234260,10325234414,1,"IOTHUB_CLIENT_CONFIRMATION_OK"
3975,10325234461,10325234493,1,"IOTHUB_CLIENT_CONFIRMATION_OK"
3976,10325234661,10325238177,1,"IOTHUB_CLIENT_CONFIRMATION_OK"
3977,10325234861,10325238273,1,"IOTHUB_CLIENT_CONFIRMATION_OK"
3978,10325235061,10325238301,1,"IOTHUB_CLIENT_CONFIRMATION_OK"
3979,10325235261,10325238401,1,"IOTHUB_CLIENT_CONFIRMATION_OK"
3980,10325235462,10325238492,1,"IOTHUB_CLIENT_CONFIRMATION_OK"
3981,10325235662,10325238543,1,"IOTHUB_CLIENT_CONFIRMATION_OK"
3982,10325235862,10325238744,1,"IOTHUB_CLIENT_CONFIRMATION_OK"
3983,10325236062,10325238810,1,"IOTHUB_CLIENT_CONFIRMATION_OK"
3984,10325236262,10325238843,1,"IOTHUB_CLIENT_CONFIRMATION_OK"
3985,10325236463,10325238876,1,"IOTHUB_CLIENT_CONFIRMATION_OK"
3986,10325236663,10325238932,1,"IOTHUB_CLIENT_CONFIRMATION_OK"
3987,10325236863,10325239610,1,"IOTHUB_CLIENT_CONFIRMATION_OK"
3988,10325237063,10325239701,1,"IOTHUB_CLIENT_CONFIRMATION_OK"
3989,10325237263,10325239743,1,"IOTHUB_CLIENT_CONFIRMATION_OK"
3990,10325237463,10325239863,1,"IOTHUB_CLIENT_CONFIRMATION_OK"
3991,10325237664,10325239909,1,"IOTHUB_CLIENT_CONFIRMATION_OK"
3992,10325237864,10325239986,1,"IOTHUB_CLIENT_CONFIRMATION_OK"
3993,10325238064,10325240012,1,"IOTHUB_CLIENT_CONFIRMATION_OK"
3994,10325238264,10325240038,1,"IOTHUB_CLIENT_CONFIRMATION_OK"
3995,10325238464,10325240240,1,"IOTHUB_CLIENT_CONFIRMATION_OK"
3996,10325238665,10325240295,1,"IOTHUB_CLIENT_CONFIRMATION_OK"
3997,10325238865,10325240335,1,"IOTHUB_CLIENT_CONFIRMATION_OK"
3998,10325239065,10325240459,1,"IOTHUB_CLIENT_CONFIRMATION_OK"
3999,10325239265,10325240501,1,"IOTHUB_CLIENT_CONFIRMATION_OK"
4000,10325239465,10325240525,1,"IOTHUB_CLIENT_CONFIRMATION_OK"
4001,10325239665,10325240558,1,"IOTHUB_CLIENT_CONFIRMATION_OK"
4002,10325239865,10325240588,1,"IOTHUB_CLIENT_CONFIRMATION_OK"
4003,10325240066,10325240617,1,"IOTHUB_CLIENT_CONFIRMATION_OK"
4004,10325240266,10325240764,1,"IOTHUB_CLIENT_CONFIRMATION_OK"
4005,10325240466,10325241300,1,"IOTHUB_CLIENT_CONFIRMATION_OK"
4006,10325240666,10325241335,1,"IOTHUB_CLIENT_CONFIRMATION_OK"
4007,10325240866,10325241509,1,"IOTHUB_CLIENT_CONFIRMATION_OK"
4008,10325241067,10325241536,1,"IOTHUB_CLIENT_CONFIRMATION_OK"
4009,10325241267,10325241566,1,"IOTHUB_CLIENT_CONFIRMATION_OK"
4010,10325241467,10325241596,1,"IOTHUB_CLIENT_CONFIRMATION_OK"
4011,10325241667,10325241702,1,"IOTHUB_CLIENT_CONFIRMATION_OK"
4012,10325241867,10325241917,1,"IOTHUB_CLIENT_CONFIRMATION_OK"
4013,10325242067,10325242114,1,"IOTHUB_CLIENT_CONFIRMATION_OK"
4014,10325242267,10325242321,1,"IOTHUB_CLIENT_CONFIRMATION_OK"
4015,10325242468,10325242535,1,"IOTHUB_CLIENT_CONFIRMATION_OK"
4016,10325242668,10325242747,1,"IOTHUB_CLIENT_CONFIRMATION_OK"
4017,10325242868,10325242903,1,"IOTHUB_CLIENT_CONFIRMATION_OK"
4018,10325243068,10325243130,1,"IOTHUB_CLIENT_CONFIRMATION_OK"
4019,10325243268,10325243358,1,"IOTHUB_CLIENT_CONFIRMATION_OK"
4020,10325243469,10325243502,1,"IOTHUB_CLIENT_CONFIRMATION_OK"
4021,10325243669,10325243704,1,"IOTHUB_CLIENT_CONFIRMATION_OK"
4022,10325243869,10325243904,1,"IOTHUB_CLIENT_CONFIRMATION_OK"
4023,10325244069,10325244148,1,"IOTHUB_CLIENT_CONFIRMATION_OK"
4024,10325244270,10325244297,1,"IOTHUB_CLIENT_CONFIRMATION_OK"
4025,10325244470,10325244502,1,"IOTHUB_CLIENT_CONFIRMATION_OK"
4026,10325244670,10325244805,1,"IOTHUB_CLIENT_CONFIRMATION_OK"
4027,10325244870,10325244907,1,"IOTHUB_CLIENT_CONFIRMATION_OK"
4028,10325245070,10325245108,1,"IOTHUB_CLIENT_CONFIRMATION_OK"
4029,10325245270,10325245407,1,"IOTHUB_CLIENT_CONFIRMATION_OK"
4030,10325245471,10325245525,1,"IOTHUB_CLIENT_CONFIRMATION_OK"
4031,10325245671,10325245702,1,"IOTHUB_CLIENT_CONFIRMATION_OK"
4032,10325245871,10325246082,1,"IOTHUB_CLIENT_CONFIRMATION_OK"
4033,10325246071,10325246104,1,"IOTHUB_CLIENT_CONFIRMATION_OK"
4034,10325246271,10325246303,1,"IOTHUB_CLIENT_CONFIRMATION_OK"
4035,10325246472,10325246512,1,"IOTHUB_CLIENT_CONFIRMATION_OK"
4036,10325246672,10325246714,1,"IOTHUB_CLIENT_CONFIRMATION_OK"
4037,10325246872,10325246912,1,"IOTHUB_CLIENT_CONFIRMATION_OK"
4038,10325247072,10325247115,1,"IOTHUB_CLIENT_CONFIRMATION_OK"
4039,10325247272,10325247302,1,"IOTHUB_CLIENT_CONFIRMATION_OK"
4040,10325247472,10325247524,1,"IOTHUB_CLIENT_CONFIRMATION_OK"
4041,10325247673,10325247708,1,"IOTHUB_CLIENT_CONFIRMATION_OK"
4042,10325247873,10325247908,1,"IOTHUB_CLIENT_CONFIRMATION_OK"
4043,10325248073,10325248104,1,"IOTHUB_CLIENT_CONFIRMATION_OK"
4044,10325248273,10325248369,1,"IOTHUB_CLIENT_CONFIRMATION_OK"
4045,10325248473,10325248513,1,"IOTHUB_CLIENT_CONFIRMATION_OK"
4046,10325248673,10325248728,1,"IOTHUB_CLIENT_CONFIRMATION_OK"
4047,10325248874,10325248938,1,"IOTHUB_CLIENT_CONFIRMATION_OK"
4048,10325249074,10325249105,1,"IOTHUB_CLIENT_CONFIRMATION_OK"
4049,10325249274,10325249317,1,"IOTHUB_CLIENT_CONFIRMATION_OK"
4050,10325249474,10325249519,1,"IOTHUB_CLIENT_CONFIRMATION_OK"
4051,10325249675,10325249712,1,"IOTHUB_CLIENT_CONFIRMATION_OK"
4052,10325249875,10325250004,1,"IOTHUB_CLIENT_CONFIRMATION_OK"
4053,10325250075,10325250111,1,"IOTHUB_CLIENT_CONFIRMATION_OK"
4054,10325250275,10325250313,1,"IOTHUB_CLIENT_CONFIRMATION_OK"
4055,10325250475,10325250559,1,"IOTHUB_CLIENT_CONFIRMATION_OK"
4056,10325250676,10325250720,1,"IOTHUB_CLIENT_CONFIRMATION_OK"
4057,10325250876,10325250925,1,"IOTHUB_CLIENT_CONFIRMATION_OK"
4058,10325251076,10325251168,1,"IOTHUB_CLIENT_CONFIRMATION_OK"
4059,10325251276,10325251319,1,"IOTHUB_CLIENT_CONFIRMATION_OK"
4060,10325251476,10325251511,1,"IOTHUB_CLIENT_CONFIRMATION_OK"
4061,10325251677,10325251777,1,"IOTHUB_CLIENT_CONFIRMATION_OK"
4062,10325251877,10325251921,1,"IOTHUB_CLIENT_CONFIRMATION_OK"
4063,10325252077,10325252112,1,"IOTHUB_CLIENT_CONFIRMATION_OK"
4064,10325252277,10325252382,1,"IOTHUB_CLIENT_CONFIRMATION_OK"
4065,10325252477,10325252532,1,"IOTHUB_CLIENT_CONFIRMATION_OK"
4066,10325252677,10325252708,1,"IOTHUB_CLIENT_CONFIRMATION_OK"
4067,10325252878,10325252912,1,"IOTHUB_CLIENT_CONFIRMATION_OK"
4068,10325253078,10325253118,1,"IOTHUB_CLIENT_CONFIRMATION_OK"
4069,10325253278,10325253315,1,"IOTHUB_CLIENT_CONFIRMATION_OK"
4070,10325253478,10325253573,1,"IOTHUB_CLIENT_CONFIRMATION_OK"
4071,10325253678,10325253716,1,"IOTHUB_CLIENT_CONFIRMATION_OK"
4072,10325253878,10325253912,1,"IOTHUB_CLIENT_CONFIRMATION_OK"
4073,10325254079,10325254109,1,"IOTHUB_CLIENT_CONFIRMATION_OK"
4074,10325254279,10325254351,1,"IOTHUB_CLIENT_CONFIRMATION_OK"
4075,10325254479,10325254635,1,"IOTHUB_CLIENT_CONFIRMATION_OK"
4076,10325254679,10325254709,1,"IOTHUB_CLIENT_CONFIRMATION_OK"
4077,10325254879,10325254917,1,"IOTHUB_CLIENT_CONFIRMATION_OK"
4078,10325255080,10325255272,1,"IOTHUB_CLIENT_CONFIRMATION_OK"
4079,10325255280,10325255326,1,"IOTHUB_CLIENT_CONFIRMATION_OK"
4080,10325255480,10325255513,1,"IOTHUB_CLIENT_CONFIRMATION_OK"
4081,10325255680,10325255724,1,"IOTHUB_CLIENT_CONFIRMATION_OK"
4082,10325255880,10325255929,1,"IOTHUB_CLIENT_CONFIRMATION_OK"
4083,10325256080,10325256113,1,"IOTHUB_CLIENT_CONFIRMATION_OK"
4084,10325256280,10325256312,1,"IOTHUB_CLIENT_CONFIRMATION_OK"
4085,10325256481,10325256515,1,"IOTHUB_CLIENT_CONFIRMATION_OK"
4086,10325256681,10325256713,1,"IOTHUB_CLIENT_CONFIRMATION_OK"
4087,10325256881,10325256915,1,"IOTHUB_CLIENT_CONFIRMATION_OK"
4088,10325257081,10325257109,1,"IOTHUB_CLIENT_CONFIRMATION_OK"
4089,10325257281,10325257347,1,"IOTHUB_CLIENT_CONFIRMATION_OK"
4090,10325257481,10325257531,1,"IOTHUB_CLIENT_CONFIRMATION_OK"
4091,10325257682,10325257722,1,"IOTHUB_CLIENT_CONFIRMATION_OK"
4092,10325257882,10325258002,1,"IOTHUB_CLIENT_CONFIRMATION_OK"
4093,10325258082,10325258113,1,"IOTHUB_CLIENT_CONFIRMATION_OK"
4094,10325258282,10325258314,1,"IOTHUB_CLIENT_CONFIRMATION_OK"
4095,10325258482,10325258514,1,"IOTHUB_CLIENT_CONFIRMATION_OK"
4096,10325258683,10325258715,1,"IOTHUB_CLIENT_CONFIRMATION_OK"
4097,10325258883,10325258914,1,"IOTHUB_CLIENT_CONFIRMATION_OK"
4098,10325259083,10325259237,1,"IOTHUB_CLIENT_CONFIRMATION_OK"
4099,10325259283,10325259318,1,"IOTHUB_CLIENT_CONFIRMATION_OK"
4100,10325259483,10325259518,1,"IOTHUB_CLIENT_CONFIRMATION_OK"
4101,10325259683,10325259947,1,"IOTHUB_CLIENT_CONFIRMATION_OK"
4102,10325259884,10325259994,1,"IOTHUB_CLIENT_CONFIRMATION_OK"
4103,10325260084,10325260119,1,"IOTHUB_CLIENT_CONFIRMATION_OK"
4104,10325260284,10325260319,1,"IOTHUB_CLIENT_CONFIRMATION_OK"
4105,10325260484,10325260513,1,"IOTHUB_CLIENT_CONFIRMATION_OK"
4106,10325260684,10325260718,1,"IOTHUB_CLIENT_CONFIRMATION_OK"
4107,10325260884,10325260936,1,"IOTHUB_CLIENT_CONFIRMATION_OK"
4108,10325261085,10325261114,1,"IOTHUB_CLIENT_CONFIRMATION_OK"
4109,10325261285,10325261340,1,"IOTHUB_CLIENT_CONFIRMATION_OK"
4110,10325261485,10325261527,1,"IOTHUB_CLIENT_CONFIRMATION_OK"
4111,10325261685,10325261735,1,"IOTHUB_CLIENT_CONFIRMATION_OK"
4112,10325261885,10325261918,1,"IOTHUB_CLIENT_CONFIRMATION_OK"
4113,10325262085,10325262249,1,"IOTHUB_CLIENT_CONFIRMATION_OK"
4114,10325262286,10325262322,1,"IOTHUB_CLIENT_CONFIRMATION_OK"
4115,10325262486,10325262520,1,"IOTHUB_CLIENT_CONFIRMATION_OK"
4116,10325262686,10325262754,1,"IOTHUB_CLIENT_CONFIRMATION_OK"
4117,10325262886,10325262922,1,"IOTHUB_CLIENT_CONFIRMATION_OK"
4118,10325263086,10325263119,1,"IOTHUB_CLIENT_CONFIRMATION_OK"
4119,10325263286,10325263504,1,"IOTHUB_CLIENT_CONFIRMATION_OK"
4120,10325263486,10325263524,1,"IOTHUB_CLIENT_CONFIRMATION_OK"
4121,10325263687,10325263720,1,"IOTHUB_CLIENT_CONFIRMATION_OK"
4122,10325263887,10325263919,1,"IOTHUB_CLIENT_CONFIRMATION_OK"
4123,10325264087,10325264126,1,"IOTHUB_CLIENT_CONFIRMATION_OK"
4124,10325264287,10325264326,1,"IOTHUB_CLIENT_CONFIRMATION_OK"
4125,10325264487,10325264522,1,"IOTHUB_CLIENT_CONFIRMATION_OK"
4126,10325264688,10325264727,1,"IOTHUB_CLIENT_CONFIRMATION_OK"
4127,10325264888,10325264947,1,"IOTHUB_CLIENT_CONFIRMATION_OK"
4128,10325265088,10325265120,1,"IOTHUB_CLIENT_CONFIRMATION_OK"
4129,10325265288,10325265340,1,"IOTHUB_CLIENT_CONFIRMATION_OK"
4130,10325265489,10325265568,1,"IOTHUB_CLIENT_CONFIRMATION_OK"
4131,10325265689,10325265725,1,"IOTHUB_CLIENT_CONFIRMATION_OK"
4132,10325265889,10325265930,1,"IOTHUB_CLIENT_CONFIRMATION_OK"
4133,10325266089,10325266200,1,"IOTHUB_CLIENT_CONFIRMATION_OK"
4134,10325266289,10325266323,1,"IOTHUB_CLIENT_CONFIRMATION_OK"
4135,10325266490,10325266541,1,"IOTHUB_CLIENT_CONFIRMATION_OK"
4136,10325266690,10325266841,1,"IOTHUB_CLIENT_CONFIRMATION_OK"
4137,10325266890,10325266924,1,"IOTHUB_CLIENT_CONFIRMATION_OK"
4138,10325267090,10325267119,1,"IOTHUB_CLIENT_CONFIRMATION_OK"
4139,10325267290,10325267322,1,"IOTHUB_CLIENT_CONFIRMATION_OK"
4140,10325267491,10325267521,1,"IOTHUB_CLIENT_CONFIRMATION_OK"
4141,10325267691,10325267734,1,"IOTHUB_CLIENT_CONFIRMATION_OK"
4142,10325267891,10325267931,1,"IOTHUB_CLIENT_CONFIRMATION_OK"
4143,10325268091,10325268139,1,"IOTHUB_CLIENT_CONFIRMATION_OK"
4144,10325268291,10325268323,1,"IOTHUB_CLIENT_CONFIRMATION_OK"
4145,10325268491,10325268545,1,"IOTHUB_CLIENT_CONFIRMATION_OK"
4146,10325268692,10325268839,1,"IOTHUB_CLIENT_CONFIRMATION_OK"
4147,10325268892,10325268921,1,"IOTHUB_CLIENT_CONFIRMATION_OK"
4148,10325269092,10325269122,1,"IOTHUB_CLIENT_CONFIRMATION_OK"
4149,10325269292,10325269321,1,"IOTHUB_CLIENT_CONFIRMATION_OK"
4150,10325269492,10325269660,1,"IOTHUB_CLIENT_CONFIRMATION_OK"
4151,10325269692,10325269749,1,"IOTHUB_CLIENT_CONFIRMATION_OK"
4152,10325269892,10325269947,1,"IOTHUB_CLIENT_CONFIRMATION_OK"
4153,10325270093,10325270268,1,"IOTHUB_CLIENT_CONFIRMATION_OK"
4154,10325270293,10325270336,1,"IOTHUB_CLIENT_CONFIRMATION_OK"
4155,10325270493,10325270531,1,"IOTHUB_CLIENT_CONFIRMATION_OK"
4156,10325270693,10325270726,1,"IOTHUB_CLIENT_CONFIRMATION_OK"
4157,10325270893,10325270930,1,"IOTHUB_CLIENT_CONFIRMATION_OK"
4158,10325271093,10325271168,1,"IOTHUB_CLIENT_CONFIRMATION_OK"
4159,10325271294,10325271324,1,"IOTHUB_CLIENT_CONFIRMATION_OK"
4160,10325271494,10325271525,1,"IOTHUB_CLIENT_CONFIRMATION_OK"
4161,10325271694,10325271728,1,"IOTHUB_CLIENT_CONFIRMATION_OK"
4162,10325271894,10325271966,1,"IOTHUB_CLIENT_CONFIRMATION_OK"
4163,10325272095,10325272126,1,"IOTHUB_CLIENT_CONFIRMATION_OK"
4164,10325272295,10325272329,1,"IOTHUB_CLIENT_CONFIRMATION_OK"
4165,10325272495,10325272545,1,"IOTHUB_CLIENT_CONFIRMATION_OK"
4166,10325272695,10325272749,1,"IOTHUB_CLIENT_CONFIRMATION_OK"
4167,10325272895,10325272929,1,"IOTHUB_CLIENT_CONFIRMATION_OK"
4168,10325273096,10325273132,1,"IOTHUB_CLIENT_CONFIRMATION_OK"
4169,10325273296,10325273370,1,"IOTHUB_CLIENT_CONFIRMATION_OK"
4170,10325273496,10325273546,1,"IOTHUB_CLIENT_CONFIRMATION_OK"
4171,10325273696,10325273730,1,"IOTHUB_CLIENT_CONFIRMATION_OK"
4172,10325273897,10325273929,1,"IOTHUB_CLIENT_CONFIRMATION_OK"
4173,10325274097,10325274137,1,"IOTHUB_CLIENT_CONFIRMATION_OK"
4174,10325274297,10325274342,1,"IOTHUB_CLIENT_CONFIRMATION_OK"
4175,10325274497,10325274532,1,"IOTHUB_CLIENT_CONFIRMATION_OK"
4176,10325274697,10325274759,1,"IOTHUB_CLIENT_CONFIRMATION_OK"
4177,10325274898,10325274931,1,"IOTHUB_CLIENT_CONFIRMATION_OK"
4178,10325275098,10325275132,1,"IOTHUB_CLIENT_CONFIRMATION_OK"
4179,10325275298,10325275364,1,"IOTHUB_CLIENT_CONFIRMATION_OK"
4180,10325275498,10325275529,1,"IOTHUB_CLIENT_CONFIRMATION_OK"
4181,10325275698,10325275790,1,"IOTHUB_CLIENT_CONFIRMATION_OK"
4182,10325275899,10325276029,1,"IOTHUB_CLIENT_CONFIRMATION_OK"
4183,10325276099,10325276131,1,"IOTHUB_CLIENT_CONFIRMATION_OK"
4184,10325276299,10325276340,1,"IOTHUB_CLIENT_CONFIRMATION_OK"
4185,10325276499,10325276587,1,"IOTHUB_CLIENT_CONFIRMATION_OK"
4186,10325276699,10325276733,1,"IOTHUB_CLIENT_CONFIRMATION_OK"
4187,10325276899,10325276937,1,"IOTHUB_CLIENT_CONFIRMATION_OK"
4188,10325277100,10325277193,1,"IOTHUB_CLIENT_CONFIRMATION_OK"
4189,10325277300,10325277329,1,"IOTHUB_CLIENT_CONFIRMATION_OK"
4190,10325277500,10325277532,1,"IOTHUB_CLIENT_CONFIRMATION_OK"
4191,10325277700,10325277733,1,"IOTHUB_CLIENT_CONFIRMATION_OK"
4192,10325277900,10325277931,1,"IOTHUB_CLIENT_CONFIRMATION_OK"
4193,10325278100,10325278133,1,"IOTHUB_CLIENT_CONFIRMATION_OK"
4194,10325278301,10325278333,1,"IOTHUB_CLIENT_CONFIRMATION_OK"
4195,10325278501,10325278530,1,"IOTHUB_CLIENT_CONFIRMATION_OK"
4196,10325278701,10325278733,1,"IOTHUB_CLIENT_CONFIRMATION_OK"
4197,10325278901,10325278934,1,"IOTHUB_CLIENT_CONFIRMATION_OK"
4198,10325279101,10325279133,1,"IOTHUB_CLIENT_CONFIRMATION_OK"
4199,10325279301,10325279453,1,"IOTHUB_CLIENT_CONFIRMATION_OK"
4200,10325279501,10325279540,1,"IOTHUB_CLIENT_CONFIRMATION_OK"
4201,10325279702,10325279737,1,"IOTHUB_CLIENT_CONFIRMATION_OK"
4202,10325279902,10325280060,1,"IOTHUB_CLIENT_CONFIRMATION_OK"
4203,10325280102,10325280135,1,"IOTHUB_CLIENT_CONFIRMATION_OK"
4204,10325280302,10325280340,1,"IOTHUB_CLIENT_CONFIRMATION_OK"
4205,10325280502,10325280665,1,"IOTHUB_CLIENT_CONFIRMATION_OK"
4206,10325280703,10325280825,1,"IOTHUB_CLIENT_CONFIRMATION_OK"
4207,10325280903,10325280935,1,"IOTHUB_CLIENT_CONFIRMATION_OK"
4208,10325281103,10325281132,1,"IOTHUB_CLIENT_CONFIRMATION_OK"
4209,10325281303,10325281374,1,"IOTHUB_CLIENT_CONFIRMATION_OK"
4210,10325281503,10325281534,1,"IOTHUB_CLIENT_CONFIRMATION_OK"
4211,10325281703,10325281737,1,"IOTHUB_CLIENT_CONFIRMATION_OK"
4212,10325281904,10325281941,1,"IOTHUB_CLIENT_CONFIRMATION_OK"
4213,10325282104,10325282141,1,"IOTHUB_CLIENT_CONFIRMATION_OK"
4214,10325282304,10325282335,1,"IOTHUB_CLIENT_CONFIRMATION_OK"
4215,10325282504,10325282534,1,"IOTHUB_CLIENT_CONFIRMATION_OK"
4216,10325282704,10325282735,1,"IOTHUB_CLIENT_CONFIRMATION_OK"
4217,10325282904,10325282943,1,"IOTHUB_CLIENT_CONFIRMATION_OK"
4218,10325283105,10325283134,1,"IOTHUB_CLIENT_CONFIRMATION_OK"
4219,10325283305,10325283352,1,"IOTHUB_CLIENT_CONFIRMATION_OK"
4220,10325283505,10325283546,1,"IOTHUB_CLIENT_CONFIRMATION_OK"
4221,10325283705,10325283766,1,"IOTHUB_CLIENT_CONFIRMATION_OK"
4222,10325283905,10325283943,1,"IOTHUB_CLIENT_CONFIRMATION_OK"
4223,10325284105,10325284147,1,"IOTHUB_CLIENT_CONFIRMATION_OK"
4224,10325284306,10325284350,1,"IOTHUB_CLIENT_CONFIRMATION_OK"
4225,10325284506,10325284540,1,"IOTHUB_CLIENT_CONFIRMATION_OK"
4226,10325284706,10325284766,1,"IOTHUB_CLIENT_CONFIRMATION_OK"
4227,10325284906,10325285007,1,"IOTHUB_CLIENT_CONFIRMATION_OK"
4228,10325285106,10325285215,1,"IOTHUB_CLIENT_CONFIRMATION_OK"
4229,10325285306,10325285361,1,"IOTHUB_CLIENT_CONFIRMATION_OK"
4230,10325285506,10325285582,1,"IOTHUB_CLIENT_CONFIRMATION_OK"
4231,10325285707,10325285812,1,"IOTHUB_CLIENT_CONFIRMATION_OK"
4232,10325285907,10325285939,1,"IOTHUB_CLIENT_CONFIRMATION_OK"
4233,10325286107,10325286136,1,"IOTHUB_CLIENT_CONFIRMATION_OK"
4234,10325286307,10325286420,1,"IOTHUB_CLIENT_CONFIRMATION_OK"
4235,10325286507,10325286538,1,"IOTHUB_CLIENT_CONFIRMATION_OK"
4236,10325286707,10325286738,1,"IOTHUB_CLIENT_CONFIRMATION_OK"
4237,10325286908,10325286942,1,"IOTHUB_CLIENT_CONFIRMATION_OK"
4238,10325287108,10325287156,1,"IOTHUB_CLIENT_CONFIRMATION_OK"
4239,10325287308,10325287341,1,"IOTHUB_CLIENT_CONFIRMATION_OK"
4240,10325287508,10325287544,1,"IOTHUB_CLIENT_CONFIRMATION_OK"
4241,10325287708,10325287743,1,"IOTHUB_CLIENT_CONFIRMATION_OK"
4242,10325287908,10325287944,1,"IOTHUB_CLIENT_CONFIRMATION_OK"
4243,10325288108,10325288273,1,"IOTHUB_CLIENT_CONFIRMATION_OK"
4244,10325288309,10325288343,1,"IOTHUB_CLIENT_CONFIRMATION_OK"
4245,10325288509,10325288549,1,"IOTHUB_CLIENT_CONFIRMATION_OK"
4246,10325288709,10325288740,1,"IOTHUB_CLIENT_CONFIRMATION_OK"
4247,10325288909,10325288950,1,"IOTHUB_CLIENT_CONFIRMATION_OK"
4248,10325289109,10325289291,1,"IOTHUB_CLIENT_CONFIRMATION_OK"
4249,10325289310,10325289342,1,"IOTHUB_CLIENT_CONFIRMATION_OK"
4250,10325289510,10325289540,1,"IOTHUB_CLIENT_CONFIRMATION_OK"
4251,10325289710,10325289757,1,"IOTHUB_CLIENT_CONFIRMATION_OK"
4252,10325289910,10325289946,1,"IOTHUB_CLIENT_CONFIRMATION_OK"
4253,10325290110,10325290143,1,"IOTHUB_CLIENT_CONFIRMATION_OK"
4254,10325290311,10325290363,1,"IOTHUB_CLIENT_CONFIRMATION_OK"
4255,10325290511,10325290544,1,"IOTHUB_CLIENT_CONFIRMATION_OK"
4256,10325290711,10325290745,1,"IOTHUB_CLIENT_CONFIRMATION_OK"
4257,10325290911,10325291032,1,"IOTHUB_CLIENT_CONFIRMATION_OK"
4258,10325291111,10325291143,1,"IOTHUB_CLIENT_CONFIRMATION_OK"
4259,10325291311,10325291388,1,"IOTHUB_CLIENT_CONFIRMATION_OK"
4260,10325291511,10325291553,1,"IOTHUB_CLIENT_CONFIRMATION_OK"
4261,10325291712,10325291744,1,"IOTHUB_CLIENT_CONFIRMATION_OK"
4262,10325291912,10325291945,1,"IOTHUB_CLIENT_CONFIRMATION_OK"
4263,10325292112,10325292162,1,"IOTHUB_CLIENT_CONFIRMATION_OK"
4264,10325292312,10325292343,1,"IOTHUB_CLIENT_CONFIRMATION_OK"
4265,10325292512,10325292547,1,"IOTHUB_CLIENT_CONFIRMATION_OK"
4266,10325292713,10325292824,1,"IOTHUB_CLIENT_CONFIRMATION_OK"
4267,10325292913,10325292947,1,"IOTHUB_CLIENT_CONFIRMATION_OK"
4268,10325293113,10325293145,1,"IOTHUB_CLIENT_CONFIRMATION_OK"
4269,10325293313,10325293342,1,"IOTHUB_CLIENT_CONFIRMATION_OK"
4270,10325293514,10325293546,1,"IOTHUB_CLIENT_CONFIRMATION_OK"
4271,10325293714,10325293744,1,"IOTHUB_CLIENT_CONFIRMATION_OK"
4272,10325293914,10325293952,1,"IOTHUB_CLIENT_CONFIRMATION_OK"
4273,10325294114,10325294148,1,"IOTHUB_CLIENT_CONFIRMATION_OK"
4274,10325294314,10325294448,1,"IOTHUB_CLIENT_CONFIRMATION_OK"
4275,10325294514,10325294544,1,"IOTHUB_CLIENT_CONFIRMATION_OK"
4276,10325294714,10325294748,1,"IOTHUB_CLIENT_CONFIRMATION_OK"
4277,10325294915,10325295056,1,"IOTHUB_CLIENT_CONFIRMATION_OK"
4278,10325295115,10325295144,1,"IOTHUB_CLIENT_CONFIRMATION_OK"
4279,10325295315,10325295350,1,"IOTHUB_CLIENT_CONFIRMATION_OK"
4280,10325295515,10325295676,1,"IOTHUB_CLIENT_CONFIRMATION_OK"
4281,10325295715,10325295760,1,"IOTHUB_CLIENT_CONFIRMATION_OK"
4282,10325295916,10325295949,1,"IOTHUB_CLIENT_CONFIRMATION_OK"
4283,10325296116,10325296148,1,"IOTHUB_CLIENT_CONFIRMATION_OK"
4284,10325296316,10325296370,1,"IOTHUB_CLIENT_CONFIRMATION_OK"
4285,10325296516,10325296549,1,"IOTHUB_CLIENT_CONFIRMATION_OK"
4286,10325296716,10325296769,1,"IOTHUB_CLIENT_CONFIRMATION_OK"
4287,10325296917,10325296965,1,"IOTHUB_CLIENT_CONFIRMATION_OK"
4288,10325297117,10325297150,1,"IOTHUB_CLIENT_CONFIRMATION_OK"
4289,10325297317,10325297347,1,"IOTHUB_CLIENT_CONFIRMATION_OK"
4290,10325297517,10325297553,1,"IOTHUB_CLIENT_CONFIRMATION_OK"
4291,10325297717,10325297749,1,"IOTHUB_CLIENT_CONFIRMATION_OK"
4292,10325297917,10325297951,1,"IOTHUB_CLIENT_CONFIRMATION_OK"
4293,10325298118,10325298151,1,"IOTHUB_CLIENT_CONFIRMATION_OK"
4294,10325298318,10325298348,1,"IOTHUB_CLIENT_CONFIRMATION_OK"
4295,10325298518,10325298549,1,"IOTHUB_CLIENT_CONFIRMATION_OK"
4296,10325298718,10325298782,1,"IOTHUB_CLIENT_CONFIRMATION_OK"
4297,10325298918,10325298954,1,"IOTHUB_CLIENT_CONFIRMATION_OK"
4298,10325299118,10325299159,1,"IOTHUB_CLIENT_CONFIRMATION_OK"
4299,10325299319,10325299356,1,"IOTHUB_CLIENT_CONFIRMATION_OK"
4300,10325299519,10325299557,1,"IOTHUB_CLIENT_CONFIRMATION_OK"
4301,10325299719,10325299754,1,"IOTHUB_CLIENT_CONFIRMATION_OK"
4302,10325299919,10325299957,1,"IOTHUB_CLIENT_CONFIRMATION_OK"
4303,10325300119,10325300159,1,"IOTHUB_CLIENT_CONFIRMATION_OK"
4304,10325300320,10325300354,1,"IOTHUB_CLIENT_CONFIRMATION_OK"
4305,10325300520,10325300553,1,"IOTHUB_CLIENT_CONFIRMATION_OK"
4306,10325300720,10325300797,1,"IOTHUB_CLIENT_CONFIRMATION_OK"
4307,10325300920,10325300957,1,"IOTHUB_CLIENT_CONFIRMATION_OK"
4308,10325301121,10325301172,1,"IOTHUB_CLIENT_CONFIRMATION_OK"
4309,10325301321,10325301397,1,"IOTHUB_CLIENT_CONFIRMATION_OK"
4310,10325301521,10325301563,1,"IOTHUB_CLIENT_CONFIRMATION_OK"
4311,10325301721,10325301755,1,"IOTHUB_CLIENT_CONFIRMATION_OK"
4312,10325301921,10325302050,1,"IOTHUB_CLIENT_CONFIRMATION_OK"
4313,10325302121,10325302157,1,"IOTHUB_CLIENT_CONFIRMATION_OK"
4314,10325302322,10325302354,1,"IOTHUB_CLIENT_CONFIRMATION_OK"
4315,10325302522,10325302560,1,"IOTHUB_CLIENT_CONFIRMATION_OK"
4316,10325302722,10325302756,1,"IOTHUB_CLIENT_CONFIRMATION_OK"
4317,10325302922,10325302964,1,"IOTHUB_CLIENT_CONFIRMATION_OK"
4318,10325303122,10325303155,1,"IOTHUB_CLIENT_CONFIRMATION_OK"
4319,10325303322,10325303354,1,"IOTHUB_CLIENT_CONFIRMATION_OK"
4320,10325303522,10325303557,1,"IOTHUB_CLIENT_CONFIRMATION_OK"
4321,10325303723,10325304011,1,"IOTHUB_CLIENT_CONFIRMATION_OK"
4322,10325303923,10325304064,1,"IOTHUB_CLIENT_CONFIRMATION_OK"
4323,10325304123,10325304285,1,"IOTHUB_CLIENT_CONFIRMATION_OK"
4324,10325304323,10325304353,1,"IOTHUB_CLIENT_CONFIRMATION_OK"
4325,10325304523,10325304562,1,"IOTHUB_CLIENT_CONFIRMATION_OK"
4326,10325304724,10325304906,1,"IOTHUB_CLIENT_CONFIRMATION_OK"
4327,10325304924,10325304957,1,"IOTHUB_CLIENT_CONFIRMATION_OK"
4328,10325305124,10325305172,1,"IOTHUB_CLIENT_CONFIRMATION_OK"
4329,10325305324,10325305360,1,"IOTHUB_CLIENT_CONFIRMATION_OK"
4330,10325305524,10325305557,1,"IOTHUB_CLIENT_CONFIRMATION_OK"
4331,10325305725,10325305755,1,"IOTHUB_CLIENT_CONFIRMATION_OK"
4332,10325305925,10325305961,1,"IOTHUB_CLIENT_CONFIRMATION_OK"
4333,10325306125,10325306157,1,"IOTHUB_CLIENT_CONFIRMATION_OK"
4334,10325306325,10325306358,1,"IOTHUB_CLIENT_CONFIRMATION_OK"
4335,10325306525,10325306584,1,"IOTHUB_CLIENT_CONFIRMATION_OK"
4336,10325306725,10325306759,1,"IOTHUB_CLIENT_CONFIRMATION_OK"
4337,10325306925,10325306957,1,"IOTHUB_CLIENT_CONFIRMATION_OK"
4338,10325307126,10325307253,1,"IOTHUB_CLIENT_CONFIRMATION_OK"
4339,10325307326,10325307359,1,"IOTHUB_CLIENT_CONFIRMATION_OK"
4340,10325307526,10325307577,1,"IOTHUB_CLIENT_CONFIRMATION_OK"
4341,10325307726,10325307782,1,"IOTHUB_CLIENT_CONFIRMATION_OK"
4342,10325307926,10325307957,1,"IOTHUB_CLIENT_CONFIRMATION_OK"
4343,10325308126,10325308173,1,"IOTHUB_CLIENT_CONFIRMATION_OK"
4344,10325308327,10325308367,1,"IOTHUB_CLIENT_CONFIRMATION_OK"
4345,10325308527,10325308560,1,"IOTHUB_CLIENT_CONFIRMATION_OK"
4346,10325308727,10325308760,1,"IOTHUB_CLIENT_CONFIRMATION_OK"
4347,10325308927,10325308961,1,"IOTHUB_CLIENT_CONFIRMATION_OK"
4348,10325309127,10325309163,1,"IOTHUB_CLIENT_CONFIRMATION_OK"
4349,10325309327,10325309485,1,"IOTHUB_CLIENT_CONFIRMATION_OK"
4350,10325309528,10325309560,1,"IOTHUB_CLIENT_CONFIRMATION_OK"
4351,10325309728,10325309761,1,"IOTHUB_CLIENT_CONFIRMATION_OK"
4352,10325309928,10325310111,1,"IOTHUB_CLIENT_CONFIRMATION_OK"
4353,10325310128,10325310159,1,"IOTHUB_CLIENT_CONFIRMATION_OK"
4354,10325310328,10325310419,1,"IOTHUB_CLIENT_CONFIRMATION_OK"
4355,10325310529,10325310574,1,"IOTHUB_CLIENT_CONFIRMATION_OK"
4356,10325310729,10325310766,1,"IOTHUB_CLIENT_CONFIRMATION_OK"
4357,10325310929,10325310964,1,"IOTHUB_CLIENT_CONFIRMATION_OK"
4358,10325311129,10325311159,1,"IOTHUB_CLIENT_CONFIRMATION_OK"
4359,10325311329,10325311365,1,"IOTHUB_CLIENT_CONFIRMATION_OK"
4360,10325311529,10325311560,1,"IOTHUB_CLIENT_CONFIRMATION_OK"
4361,10325311730,10325311769,1,"IOTHUB_CLIENT_CONFIRMATION_OK"
4362,10325311930,10325311971,1,"IOTHUB_CLIENT_CONFIRMATION_OK"
4363,10325312130,10325312158,1,"IOTHUB_CLIENT_CONFIRMATION_OK"
4364,10325312330,10325312391,1,"IOTHUB_CLIENT_CONFIRMATION_OK"
4365,10325312530,10325312559,1,"IOTHUB_CLIENT_CONFIRMATION_OK"
4366,10325312730,10325312761,1,"IOTHUB_CLIENT_CONFIRMATION_OK"
4367,10325312930,10325313003,1,"IOTHUB_CLIENT_CONFIRMATION_OK"
4368,10325313131,10325313166,1,"IOTHUB_CLIENT_CONFIRMATION_OK"
4369,10325313331,10325313364,1,"IOTHUB_CLIENT_CONFIRMATION_OK"
4370,10325313531,10325313563,1,"IOTHUB_CLIENT_CONFIRMATION_OK"
4371,10325313731,10325313762,1,"IOTHUB_CLIENT_CONFIRMATION_OK"
4372,10325313931,10325314044,1,"IOTHUB_CLIENT_CONFIRMATION_OK"
4373,10325314131,10325314160,1,"IOTHUB_CLIENT_CONFIRMATION_OK"
4374,10325314332,10325314417,1,"IOTHUB_CLIENT_CONFIRMATION_OK"
4375,10325314532,10325314654,1,"IOTHUB_CLIENT_CONFIRMATION_OK"
4376,10325314732,10325314765,1,"IOTHUB_CLIENT_CONFIRMATION_OK"
4377,10325314932,10325315010,1,"IOTHUB_CLIENT_CONFIRMATION_OK"
4378,10325315133,10325315289,1,"IOTHUB_CLIENT_CONFIRMATION_OK"
4379,10325315333,10325315370,1,"IOTHUB_CLIENT_CONFIRMATION_OK"
4380,10325315533,10325315584,1,"IOTHUB_CLIENT_CONFIRMATION_OK"
4381,10325315733,10325315904,1,"IOTHUB_CLIENT_CONFIRMATION_OK"
4382,10325315933,10325315964,1,"IOTHUB_CLIENT_CONFIRMATION_OK"
4383,10325316133,10325316173,1,"IOTHUB_CLIENT_CONFIRMATION_OK"
4384,10325316333,10325316369,1,"IOTHUB_CLIENT_CONFIRMATION_OK"
4385,10325316534,10325316565,1,"IOTHUB_CLIENT_CONFIRMATION_OK"
4386,10325316734,10325316765,1,"IOTHUB_CLIENT_CONFIRMATION_OK"
4387,10325316934,10325316976,1,"IOTHUB_CLIENT_CONFIRMATION_OK"
4388,10325317134,10325317194,1,"IOTHUB_CLIENT_CONFIRMATION_OK"
4389,10325317335,10325317395,1,"IOTHUB_CLIENT_CONFIRMATION_OK"
4390,10325317535,10325317585,1,"IOTHUB_CLIENT_CONFIRMATION_OK"
4391,10325317735,10325317773,1,"IOTHUB_CLIENT_CONFIRMATION_OK"
4392,10325317935,10325317973,1,"IOTHUB_CLIENT_CONFIRMATION_OK"
4393,10325318135,10325318208,1,"IOTHUB_CLIENT_CONFIRMATION_OK"
4394,10325318335,10325318432,1,"IOTHUB_CLIENT_CONFIRMATION_OK"
4395,10325318535,10325318568,1,"IOTHUB_CLIENT_CONFIRMATION_OK"
4396,10325318736,10325318770,1,"IOTHUB_CLIENT_CONFIRMATION_OK"
4397,10325318936,10325318970,1,"IOTHUB_CLIENT_CONFIRMATION_OK"
4398,10325319136,10325319256,1,"IOTHUB_CLIENT_CONFIRMATION_OK"
4399,10325319336,10325319365,1,"IOTHUB_CLIENT_CONFIRMATION_OK"
4400,10325319536,10325319569,1,"IOTHUB_CLIENT_CONFIRMATION_OK"
4401,10325319736,10325319895,1,"IOTHUB_CLIENT_CONFIRMATION_OK"
4402,10325319936,10325319968,1,"IOTHUB_CLIENT_CONFIRMATION_OK"
4403,10325320137,10325320254,1,"IOTHUB_CLIENT_CONFIRMATION_OK"
4404,10325320337,10325320375,1,"IOTHUB_CLIENT_CONFIRMATION_OK"
4405,10325320537,10325320568,1,"IOTHUB_CLIENT_CONFIRMATION_OK"
4406,10325320737,10325320772,1,"IOTHUB_CLIENT_CONFIRMATION_OK"
4407,10325320937,10325320994,1,"IOTHUB_CLIENT_CONFIRMATION_OK"
4408,10325321138,10325321170,1,"IOTHUB_CLIENT_CONFIRMATION_OK"
4409,10325321338,10325321440,1,"IOTHUB_CLIENT_CONFIRMATION_OK"
4410,10325321538,10325321579,1,"IOTHUB_CLIENT_CONFIRMATION_OK"
4411,10325321738,10325321769,1,"IOTHUB_CLIENT_CONFIRMATION_OK"
4412,10325321938,10325321974,1,"IOTHUB_CLIENT_CONFIRMATION_OK"
4413,10325322138,10325322174,1,"IOTHUB_CLIENT_CONFIRMATION_OK"
4414,10325322339,10325322381,1,"IOTHUB_CLIENT_CONFIRMATION_OK"
4415,10325322539,10325322574,1,"IOTHUB_CLIENT_CONFIRMATION_OK"
4416,10325322739,10325322802,1,"IOTHUB_CLIENT_CONFIRMATION_OK"
4417,10325322939,10325322996,1,"IOTHUB_CLIENT_CONFIRMATION_OK"
4418,10325323140,10325323254,1,"IOTHUB_CLIENT_CONFIRMATION_OK"
4419,10325323340,10325323381,1,"IOTHUB_CLIENT_CONFIRMATION_OK"
4420,10325323540,10325323741,1,"IOTHUB_CLIENT_CONFIRMATION_OK"
4421,10325323740,10325323776,1,"IOTHUB_CLIENT_CONFIRMATION_OK"
4422,10325323940,10325323981,1,"IOTHUB_CLIENT_CONFIRMATION_OK"
4423,10325324140,10325324176,1,"IOTHUB_CLIENT_CONFIRMATION_OK"
4424,10325324340,10325324369,1,"IOTHUB_CLIENT_CONFIRMATION_OK"
4425,10325324541,10325324585,1,"IOTHUB_CLIENT_CONFIRMATION_OK"
4426,10325324741,10325324776,1,"IOTHUB_CLIENT_CONFIRMATION_OK"
4427,10325324941,10325325019,1,"IOTHUB_CLIENT_CONFIRMATION_OK"
4428,10325325141,10325325175,1,"IOTHUB_CLIENT_CONFIRMATION_OK"
4429,10325325341,10325325376,1,"IOTHUB_CLIENT_CONFIRMATION_OK"
4430,10325325541,10325325607,1,"IOTHUB_CLIENT_CONFIRMATION_OK"
4431,10325325742,10325325774,1,"IOTHUB_CLIENT_CONFIRMATION_OK"
4432,10325325942,10325326017,1,"IOTHUB_CLIENT_CONFIRMATION_OK"
4433,10325326142,10325326208,1,"IOTHUB_CLIENT_CONFIRMATION_OK"
4434,10325326342,10325326374,1,"IOTHUB_CLIENT_CONFIRMATION_OK"
4435,10325326542,10325326574,1,"IOTHUB_CLIENT_CONFIRMATION_OK"
4436,10325326742,10325326862,1,"IOTHUB_CLIENT_CONFIRMATION_OK"
4437,10325326943,10325327016,1,"IOTHUB_CLIENT_CONFIRMATION_OK"
4438,10325327143,10325327173,1,"IOTHUB_CLIENT_CONFIRMATION_OK"
4439,10325327343,10325327382,1,"IOTHUB_CLIENT_CONFIRMATION_OK"
4440,10325327543,10325327585,1,"IOTHUB_CLIENT_CONFIRMATION_OK"
4441,10325327743,10325327778,1,"IOTHUB_CLIENT_CONFIRMATION_OK"
4442,10325327943,10325327975,1,"IOTHUB_CLIENT_CONFIRMATION_OK"
4443,10325328144,10325328192,1,"IOTHUB_CLIENT_CONFIRMATION_OK"
4444,10325328344,10325328376,1,"IOTHUB_CLIENT_CONFIRMATION_OK"
4445,10325328544,10325328575,1,"IOTHUB_CLIENT_CONFIRMATION_OK"
4446,10325328744,10325328778,1,"IOTHUB_CLIENT_CONFIRMATION_OK"
4447,10325328944,10325328977,1,"IOTHUB_CLIENT_CONFIRMATION_OK"
4448,10325329144,10325329221,1,"IOTHUB_CLIENT_CONFIRMATION_OK"
4449,10325329345,10325329380,1,"IOTHUB_CLIENT_CONFIRMATION_OK"
4450,10325329545,10325329718,1,"IOTHUB_CLIENT_CONFIRMATION_OK"
4451,10325329745,10325329777,1,"IOTHUB_CLIENT_CONFIRMATION_OK"
4452,10325329945,10325329981,1,"IOTHUB_CLIENT_CONFIRMATION_OK"
4453,10325330145,10325330177,1,"IOTHUB_CLIENT_CONFIRMATION_OK"
4454,10325330345,10325330375,1,"IOTHUB_CLIENT_CONFIRMATION_OK"
4455,10325330545,10325330575,1,"IOTHUB_CLIENT_CONFIRMATION_OK"
4456,10325330746,10325330786,1,"IOTHUB_CLIENT_CONFIRMATION_OK"
4457,10325330946,10325330986,1,"IOTHUB_CLIENT_CONFIRMATION_OK"
4458,10325331146,10325331226,1,"IOTHUB_CLIENT_CONFIRMATION_OK"
4459,10325331346,10325331383,1,"IOTHUB_CLIENT_CONFIRMATION_OK"
4460,10325331546,10325331577,1,"IOTHUB_CLIENT_CONFIRMATION_OK"
4461,10325331746,10325331795,1,"IOTHUB_CLIENT_CONFIRMATION_OK"
4462,10325331947,10325331992,1,"IOTHUB_CLIENT_CONFIRMATION_OK"
4463,10325332147,10325332183,1,"IOTHUB_CLIENT_CONFIRMATION_OK"
4464,10325332347,10325332426,1,"IOTHUB_CLIENT_CONFIRMATION_OK"
4465,10325332547,10325332617,1,"IOTHUB_CLIENT_CONFIRMATION_OK"
4466,10325332747,10325332782,1,"IOTHUB_CLIENT_CONFIRMATION_OK"
4467,10325332947,10325332977,1,"IOTHUB_CLIENT_CONFIRMATION_OK"
4468,10325333148,10325333181,1,"IOTHUB_CLIENT_CONFIRMATION_OK"
4469,10325333348,10325333381,1,"IOTHUB_CLIENT_CONFIRMATION_OK"
4470,10325333548,10325333583,1,"IOTHUB_CLIENT_CONFIRMATION_OK"
4471,10325333748,10325333800,1,"IOTHUB_CLIENT_CONFIRMATION_OK"
4472,10325333948,10325334022,1,"IOTHUB_CLIENT_CONFIRMATION_OK"
4473,10325334148,10325334257,1,"IOTHUB_CLIENT_CONFIRMATION_OK"
4474,10325334349,10325334382,1,"IOTHUB_CLIENT_CONFIRMATION_OK"
4475,10325334549,10325334596,1,"IOTHUB_CLIENT_CONFIRMATION_OK"
4476,10325334749,10325334868,1,"IOTHUB_CLIENT_CONFIRMATION_OK"
4477,10325334949,10325335013,1,"IOTHUB_CLIENT_CONFIRMATION_OK"
4478,10325335150,10325335184,1,"IOTHUB_CLIENT_CONFIRMATION_OK"
4479,10325335350,10325335479,1,"IOTHUB_CLIENT_CONFIRMATION_OK"
4480,10325335550,10325335596,1,"IOTHUB_CLIENT_CONFIRMATION_OK"
4481,10325335750,10325335786,1,"IOTHUB_CLIENT_CONFIRMATION_OK"
4482,10325335950,10325336089,1,"IOTHUB_CLIENT_CONFIRMATION_OK"
4483,10325336151,10325336192,1,"IOTHUB_CLIENT_CONFIRMATION_OK"
4484,10325336351,10325336403,1,"IOTHUB_CLIENT_CONFIRMATION_OK"
4485,10325336551,10325336588,1,"IOTHUB_CLIENT_CONFIRMATION_OK"
4486,10325336751,10325336838,1,"IOTHUB_CLIENT_CONFIRMATION_OK"
4487,10325336951,10325336980,1,"IOTHUB_CLIENT_CONFIRMATION_OK"
4488,10325337151,10325337182,1,"IOTHUB_CLIENT_CONFIRMATION_OK"
4489,10325337352,10325337386,1,"IOTHUB_CLIENT_CONFIRMATION_OK"
4490,10325337552,10325337583,1,"IOTHUB_CLIENT_CONFIRMATION_OK"
4491,10325337752,10325337828,1,"IOTHUB_CLIENT_CONFIRMATION_OK"
4492,10325337952,10325337982,1,"IOTHUB_CLIENT_CONFIRMATION_OK"
4493,10325338152,10325338207,1,"IOTHUB_CLIENT_CONFIRMATION_OK"
4494,10325338353,10325338388,1,"IOTHUB_CLIENT_CONFIRMATION_OK"
4495,10325338553,10325338582,1,"IOTHUB_CLIENT_CONFIRMATION_OK"
4496,10325338753,10325338803,1,"IOTHUB_CLIENT_CONFIRMATION_OK"
4497,10325338953,10325338982,1,"IOTHUB_CLIENT_CONFIRMATION_OK"
4498,10325339153,10325339193,1,"IOTHUB_CLIENT_CONFIRMATION_OK"
4499,10325339354,10325339505,1,"IOTHUB_CLIENT_CONFIRMATION_OK"
4500,10325339554,10325339586,1,"IOTHUB_CLIENT_CONFIRMATION_OK"
4501,10325339754,10325339792,1,"IOTHUB_CLIENT_CONFIRMATION_OK"
4502,10325339954,10325340069,1,"IOTHUB_CLIENT_CONFIRMATION_OK"
4503,10325340154,10325340358,1,"IOTHUB_CLIENT_CONFIRMATION_OK"
4504,10325340354,10325340396,1,"IOTHUB_CLIENT_CONFIRMATION_OK"
4505,10325340555,10325340674,1,"IOTHUB_CLIENT_CONFIRMATION_OK"
4506,10325340755,10325340783,1,"IOTHUB_CLIENT_CONFIRMATION_OK"
4507,10325340955,10325340987,1,"IOTHUB_CLIENT_CONFIRMATION_OK"
4508,10325341155,10325341214,1,"IOTHUB_CLIENT_CONFIRMATION_OK"
4509,10325341355,10325341406,1,"IOTHUB_CLIENT_CONFIRMATION_OK"
4510,10325341555,10325341600,1,"IOTHUB_CLIENT_CONFIRMATION_OK"
4511,10325341756,10325341905,1,"IOTHUB_CLIENT_CONFIRMATION_OK"
4512,10325341956,10325341986,1,"IOTHUB_CLIENT_CONFIRMATION_OK"
4513,10325342156,10325342187,1,"IOTHUB_CLIENT_CONFIRMATION_OK"
4514,10325342356,10325342389,1,"IOTHUB_CLIENT_CONFIRMATION_OK"
4515,10325342556,10325342589,1,"IOTHUB_CLIENT_CONFIRMATION_OK"
4516,10325342757,10325342816,1,"IOTHUB_CLIENT_CONFIRMATION_OK"
4517,10325342957,10325343056,1,"IOTHUB_CLIENT_CONFIRMATION_OK"
4518,10325343157,10325343189,1,"IOTHUB_CLIENT_CONFIRMATION_OK"
4519,10325343357,10325343386,1,"IOTHUB_CLIENT_CONFIRMATION_OK"
4520,10325343557,10325343612,1,"IOTHUB_CLIENT_CONFIRMATION_OK"
4521,10325343758,10325343795,1,"IOTHUB_CLIENT_CONFIRMATION_OK"
4522,10325343958,10325343989,1,"IOTHUB_CLIENT_CONFIRMATION_OK"
4523,10325344158,10325344210,1,"IOTHUB_CLIENT_CONFIRMATION_OK"
4524,10325344358,10325344394,1,"IOTHUB_CLIENT_CONFIRMATION_OK"
4525,10325344558,10325344614,1,"IOTHUB_CLIENT_CONFIRMATION_OK"
4526,10325344758,10325344794,1,"IOTHUB_CLIENT_CONFIRMATION_OK"
4527,10325344959,10325344999,1,"IOTHUB_CLIENT_CONFIRMATION_OK"
4528,10325345159,10325345219,1,"IOTHUB_CLIENT_CONFIRMATION_OK"
4529,10325345359,10325345390,1,"IOTHUB_CLIENT_CONFIRMATION_OK"
4530,10325345559,10325345628,1,"IOTHUB_CLIENT_CONFIRMATION_OK"
4531,10325345759,10325345841,1,"IOTHUB_CLIENT_CONFIRMATION_OK"
4532,10325345960,10325346009,1,"IOTHUB_CLIENT_CONFIRMATION_OK"
4533,10325346160,10325346193,1,"IOTHUB_CLIENT_CONFIRMATION_OK"
4534,10325346360,10325346443,1,"IOTHUB_CLIENT_CONFIRMATION_OK"
4535,10325346560,10325346602,1,"IOTHUB_CLIENT_CONFIRMATION_OK"
4536,10325346760,10325346794,1,"IOTHUB_CLIENT_CONFIRMATION_OK"
4537,10325346961,10325347069,1,"IOTHUB_CLIENT_CONFIRMATION_OK"
4538,10325347161,10325347190,1,"IOTHUB_CLIENT_CONFIRMATION_OK"
4539,10325347361,10325347392,1,"IOTHUB_CLIENT_CONFIRMATION_OK"
4540,10325347561,10325347591,1,"IOTHUB_CLIENT_CONFIRMATION_OK"
4541,10325347761,10325347793,1,"IOTHUB_CLIENT_CONFIRMATION_OK"
4542,10325347961,10325347995,1,"IOTHUB_CLIENT_CONFIRMATION_OK"
4543,10325348161,10325348193,1,"IOTHUB_CLIENT_CONFIRMATION_OK"
4544,10325348362,10325348401,1,"IOTHUB_CLIENT_CONFIRMATION_OK"
4545,10325348562,10325348600,1,"IOTHUB_CLIENT_CONFIRMATION_OK"
4546,10325348762,10325348811,1,"IOTHUB_CLIENT_CONFIRMATION_OK"
4547,10325348962,10325348997,1,"IOTHUB_CLIENT_CONFIRMATION_OK"
4548,10325349162,10325349351,1,"IOTHUB_CLIENT_CONFIRMATION_OK"
4549,10325349362,10325349393,1,"IOTHUB_CLIENT_CONFIRMATION_OK"
4550,10325349563,10325349642,1,"IOTHUB_CLIENT_CONFIRMATION_OK"
4551,10325349763,10325349795,1,"IOTHUB_CLIENT_CONFIRMATION_OK"
4552,10325349963,10325349996,1,"IOTHUB_CLIENT_CONFIRMATION_OK"
4553,10325350163,10325350196,1,"IOTHUB_CLIENT_CONFIRMATION_OK"
4554,10325350363,10325350401,1,"IOTHUB_CLIENT_CONFIRMATION_OK"
4555,10325350563,10325350599,1,"IOTHUB_CLIENT_CONFIRMATION_OK"
4556,10325350763,10325350796,1,"IOTHUB_CLIENT_CONFIRMATION_OK"
4557,10325350964,10325351032,1,"IOTHUB_CLIENT_CONFIRMATION_OK"
4558,10325351164,10325351194,1,"IOTHUB_CLIENT_CONFIRMATION_OK"
4559,10325351364,10325351398,1,"IOTHUB_CLIENT_CONFIRMATION_OK"
4560,10325351564,10325351632,1,"IOTHUB_CLIENT_CONFIRMATION_OK"
4561,10325351765,10325351797,1,"IOTHUB_CLIENT_CONFIRMATION_OK"
4562,10325351965,10325351997,1,"IOTHUB_CLIENT_CONFIRMATION_OK"
4563,10325352165,10325352212,1,"IOTHUB_CLIENT_CONFIRMATION_OK"
4564,10325352365,10325352408,1,"IOTHUB_CLIENT_CONFIRMATION_OK"
4565,10325352565,10325352600,1,"IOTHUB_CLIENT_CONFIRMATION_OK"
4566,10325352765,10325352797,1,"IOTHUB_CLIENT_CONFIRMATION_OK"
4567,10325352966,10325352999,1,"IOTHUB_CLIENT_CONFIRMATION_OK"
4568,10325353166,10325353195,1,"IOTHUB_CLIENT_CONFIRMATION_OK"
4569,10325353366,10325353399,1,"IOTHUB_CLIENT_CONFIRMATION_OK"
4570,10325353566,10325353611,1,"IOTHUB_CLIENT_CONFIRMATION_OK"
4571,10325353767,10325354408,1,"IOTHUB_CLIENT_CONFIRMATION_OK"
4572,10325353967,10325354444,1,"IOTHUB_CLIENT_CONFIRMATION_OK"
4573,10325354167,10325354482,1,"IOTHUB_CLIENT_CONFIRMATION_OK"
4574,10325354367,10325354540,1,"IOTHUB_CLIENT_CONFIRMATION_OK"
4575,10325354567,10325354609,1,"IOTHUB_CLIENT_CONFIRMATION_OK"
4576,10325354767,10325354818,1,"IOTHUB_CLIENT_CONFIRMATION_OK"
4577,10325354968,10325355003,1,"IOTHUB_CLIENT_CONFIRMATION_OK"
4578,10325355168,10325355201,1,"IOTHUB_CLIENT_CONFIRMATION_OK"
4579,10325355368,10325355404,1,"IOTHUB_CLIENT_CONFIRMATION_OK"
4580,10325355568,10325355599,1,"IOTHUB_CLIENT_CONFIRMATION_OK"
4581,10325355768,10325355802,1,"IOTHUB_CLIENT_CONFIRMATION_OK"
4582,10325355968,10325356005,1,"IOTHUB_CLIENT_CONFIRMATION_OK"
4583,10325356169,10325356203,1,"IOTHUB_CLIENT_CONFIRMATION_OK"
4584,10325356369,10325356405,1,"IOTHUB_CLIENT_CONFIRMATION_OK"
4585,10325356569,10325356603,1,"IOTHUB_CLIENT_CONFIRMATION_OK"
4586,10325356769,10325356804,1,"IOTHUB_CLIENT_CONFIRMATION_OK"
4587,10325356969,10325357002,1,"IOTHUB_CLIENT_CONFIRMATION_OK"
4588,10325357169,10325357207,1,"IOTHUB_CLIENT_CONFIRMATION_OK"
4589,10325357369,10325357411,1,"IOTHUB_CLIENT_CONFIRMATION_OK"
4590,10325357570,10325357602,1,"IOTHUB_CLIENT_CONFIRMATION_OK"
4591,10325357770,10325357839,1,"IOTHUB_CLIENT_CONFIRMATION_OK"
4592,10325357970,10325358091,1,"IOTHUB_CLIENT_CONFIRMATION_OK"
4593,10325358170,10325358200,1,"IOTHUB_CLIENT_CONFIRMATION_OK"
4594,10325358370,10325358558,1,"IOTHUB_CLIENT_CONFIRMATION_OK"
4595,10325358570,10325358616,1,"IOTHUB_CLIENT_CONFIRMATION_OK"
4596,10325358771,10325358800,1,"IOTHUB_CLIENT_CONFIRMATION_OK"
4597,10325358971,10325359009,1,"IOTHUB_CLIENT_CONFIRMATION_OK"
4598,10325359171,10325359204,1,"IOTHUB_CLIENT_CONFIRMATION_OK"
4599,10325359371,10325359404,1,"IOTHUB_CLIENT_CONFIRMATION_OK"
4600,10325359571,10325359650,1,"IOTHUB_CLIENT_CONFIRMATION_OK"
4601,10325359771,10325359809,1,"IOTHUB_CLIENT_CONFIRMATION_OK"
4602,10325359972,10325360025,1,"IOTHUB_CLIENT_CONFIRMATION_OK"
4603,10325360172,10325360460,1,"IOTHUB_CLIENT_CONFIRMATION_OK"
4604,10325360372,10325360479,1,"IOTHUB_CLIENT_CONFIRMATION_OK"
4605,10325360572,10325360603,1,"IOTHUB_CLIENT_CONFIRMATION_OK"
4606,10325360772,10325360866,1,"IOTHUB_CLIENT_CONFIRMATION_OK"
4607,10325360972,10325361006,1,"IOTHUB_CLIENT_CONFIRMATION_OK"
4608,10325361173,10325361204,1,"IOTHUB_CLIENT_CONFIRMATION_OK"
4609,10325361373,10325361452,1,"IOTHUB_CLIENT_CONFIRMATION_OK"
4610,10325361573,10325361623,1,"IOTHUB_CLIENT_CONFIRMATION_OK"
4611,10325361773,10325361805,1,"IOTHUB_CLIENT_CONFIRMATION_OK"
4612,10325361973,10325362061,1,"IOTHUB_CLIENT_CONFIRMATION_OK"
4613,10325362173,10325362208,1,"IOTHUB_CLIENT_CONFIRMATION_OK"
4614,10325362373,10325362406,1,"IOTHUB_CLIENT_CONFIRMATION_OK"
4615,10325362574,10325362675,1,"IOTHUB_CLIENT_CONFIRMATION_OK"
4616,10325362774,10325362871,1,"IOTHUB_CLIENT_CONFIRMATION_OK"
4617,10325362974,10325363007,1,"IOTHUB_CLIENT_CONFIRMATION_OK"
4618,10325363174,10325363206,1,"IOTHUB_CLIENT_CONFIRMATION_OK"
4619,10325363375,10325363408,1,"IOTHUB_CLIENT_CONFIRMATION_OK"
4620,10325363575,10325363611,1,"IOTHUB_CLIENT_CONFIRMATION_OK"
4621,10325363775,10325363808,1,"IOTHUB_CLIENT_CONFIRMATION_OK"
4622,10325363975,10325364010,1,"IOTHUB_CLIENT_CONFIRMATION_OK"
4623,10325364175,10325364323,1,"IOTHUB_CLIENT_CONFIRMATION_OK"
4624,10325364375,10325364405,1,"IOTHUB_CLIENT_CONFIRMATION_OK"
4625,10325364575,10325364611,1,"IOTHUB_CLIENT_CONFIRMATION_OK"
4626,10325364776,10325364918,1,"IOTHUB_CLIENT_CONFIRMATION_OK"
4627,10325364976,10325365177,1,"IOTHUB_CLIENT_CONFIRMATION_OK"
4628,10325365176,10325365215,1,"IOTHUB_CLIENT_CONFIRMATION_OK"
4629,10325365376,10325366791,1,"IOTHUB_CLIENT_CONFIRMATION_OK"
4630,10325365576,10325366896,1,"IOTHUB_CLIENT_CONFIRMATION_OK"
4631,10325365777,10325366927,1,"IOTHUB_CLIENT_CONFIRMATION_OK"
4632,10325365977,10325367004,1,"IOTHUB_CLIENT_CONFIRMATION_OK"
4633,10325366177,10325367062,1,"IOTHUB_CLIENT_CONFIRMATION_OK"
4634,10325366377,10325367102,1,"IOTHUB_CLIENT_CONFIRMATION_OK"
4635,10325366577,10325367125,1,"IOTHUB_CLIENT_CONFIRMATION_OK"
4636,10325366777,10325367157,1,"IOTHUB_CLIENT_CONFIRMATION_OK"
4637,10325366978,10325367193,1,"IOTHUB_CLIENT_CONFIRMATION_OK"
4638,10325367178,10325367372,1,"IOTHUB_CLIENT_CONFIRMATION_OK"
4639,10325367378,10325367438,1,"IOTHUB_CLIENT_CONFIRMATION_OK"
4640,10325367578,10325367615,1,"IOTHUB_CLIENT_CONFIRMATION_OK"
4641,10325367778,10325367830,1,"IOTHUB_CLIENT_CONFIRMATION_OK"
4642,10325367978,10325368062,1,"IOTHUB_CLIENT_CONFIRMATION_OK"
4643,10325368178,10325368222,1,"IOTHUB_CLIENT_CONFIRMATION_OK"
4644,10325368379,10325368445,1,"IOTHUB_CLIENT_CONFIRMATION_OK"
4645,10325368579,10325368609,1,"IOTHUB_CLIENT_CONFIRMATION_OK"
4646,10325368779,10325368813,1,"IOTHUB_CLIENT_CONFIRMATION_OK"
4647,10325368979,10325369011,1,"IOTHUB_CLIENT_CONFIRMATION_OK"
4648,10325369179,10325369287,1,"IOTHUB_CLIENT_CONFIRMATION_OK"
4649,10325369379,10325369478,1,"IOTHUB_CLIENT_CONFIRMATION_OK"
4650,10325369580,10325369613,1,"IOTHUB_CLIENT_CONFIRMATION_OK"
4651,10325369780,10325369810,1,"IOTHUB_CLIENT_CONFIRMATION_OK"
4652,10325369980,10325370376,1,"IOTHUB_CLIENT_CONFIRMATION_OK"
4653,10325370180,10325370407,1,"IOTHUB_CLIENT_CONFIRMATION_OK"
4654,10325370380,10325370425,1,"IOTHUB_CLIENT_CONFIRMATION_OK"
4655,10325370580,10325370733,1,"IOTHUB_CLIENT_CONFIRMATION_OK"
4656,10325370780,10325370833,1,"IOTHUB_CLIENT_CONFIRMATION_OK"
4657,10325370981,10325371017,1,"IOTHUB_CLIENT_CONFIRMATION_OK"
4658,10325371181,10325371296,1,"IOTHUB_CLIENT_CONFIRMATION_OK"
4659,10325371381,10325371421,1,"IOTHUB_CLIENT_CONFIRMATION_OK"
4660,10325371581,10325371636,1,"IOTHUB_CLIENT_CONFIRMATION_OK"
4661,10325371781,10325371813,1,"IOTHUB_CLIENT_CONFIRMATION_OK"
4662,10325371982,10325372423,1,"IOTHUB_CLIENT_CONFIRMATION_OK"
4663,10325372182,10325373259,1,"IOTHUB_CLIENT_CONFIRMATION_OK"
4664,10325372382,10325373351,1,"IOTHUB_CLIENT_CONFIRMATION_OK"
4665,10325372582,10325373383,1,"IOTHUB_CLIENT_CONFIRMATION_OK"
4666,10325372782,10325373416,1,"IOTHUB_CLIENT_CONFIRMATION_OK"
4667,10325372982,10325373435,1,"IOTHUB_CLIENT_CONFIRMATION_OK"
4668,10325373183,10325373465,1,"IOTHUB_CLIENT_CONFIRMATION_OK"
4669,10325373383,10325373488,1,"IOTHUB_CLIENT_CONFIRMATION_OK"
4670,10325373583,10325373635,1,"IOTHUB_CLIENT_CONFIRMATION_OK"
4671,10325373783,10325373818,1,"IOTHUB_CLIENT_CONFIRMATION_OK"
4672,10325373983,10325374016,1,"IOTHUB_CLIENT_CONFIRMATION_OK"
4673,10325374183,10325374218,1,"IOTHUB_CLIENT_CONFIRMATION_OK"
4674,10325374384,10325374668,1,"IOTHUB_CLIENT_CONFIRMATION_OK"
4675,10325374584,10325374846,1,"IOTHUB_CLIENT_CONFIRMATION_OK"
4676,10325374784,10325374872,1,"IOTHUB_CLIENT_CONFIRMATION_OK"
4677,10325374984,10325375054,1,"IOTHUB_CLIENT_CONFIRMATION_OK"
4678,10325375184,10325375219,1,"IOTHUB_CLIENT_CONFIRMATION_OK"
4679,10325375384,10325375419,1,"IOTHUB_CLIENT_CONFIRMATION_OK"
4680,10325375585,10325375621,1,"IOTHUB_CLIENT_CONFIRMATION_OK"
4681,10325375785,10325375818,1,"IOTHUB_CLIENT_CONFIRMATION_OK"
4682,10325375985,10325376020,1,"IOTHUB_CLIENT_CONFIRMATION_OK"
4683,10325376185,10325376222,1,"IOTHUB_CLIENT_CONFIRMATION_OK"
4684,10325376385,10325376416,1,"IOTHUB_CLIENT_CONFIRMATION_OK"
4685,10325376585,10325376617,1,"IOTHUB_CLIENT_CONFIRMATION_OK"
4686,10325376785,10325376871,1,"IOTHUB_CLIENT_CONFIRMATION_OK"
4687,10325376986,10325377027,1,"IOTHUB_CLIENT_CONFIRMATION_OK"
4688,10325377186,10325377222,1,"IOTHUB_CLIENT_CONFIRMATION_OK"
4689,10325377386,10325377439,1,"IOTHUB_CLIENT_CONFIRMATION_OK"
4690,10325377586,10325377647,1,"IOTHUB_CLIENT_CONFIRMATION_OK"
4691,10325377786,10325377819,1,"IOTHUB_CLIENT_CONFIRMATION_OK"
4692,10325377987,10325378035,1,"IOTHUB_CLIENT_CONFIRMATION_OK"
4693,10325378187,10325378256,1,"IOTHUB_CLIENT_CONFIRMATION_OK"
4694,10325378387,10325378420,1,"IOTHUB_CLIENT_CONFIRMATION_OK"
4695,10325378587,10325378617,1,"IOTHUB_CLIENT_CONFIRMATION_OK"
4696,10325378787,10325378835,1,"IOTHUB_CLIENT_CONFIRMATION_OK"
4697,10325378987,10325379055,1,"IOTHUB_CLIENT_CONFIRMATION_OK"
4698,10325379188,10325379272,1,"IOTHUB_CLIENT_CONFIRMATION_OK"
4699,10325379388,10325379423,1,"IOTHUB_CLIENT_CONFIRMATION_OK"
4700,10325379588,10325379623,1,"IOTHUB_CLIENT_CONFIRMATION_OK"
4701,10325379788,10325379885,1,"IOTHUB_CLIENT_CONFIRMATION_OK"
4702,10325379988,10325380035,1,"IOTHUB_CLIENT_CONFIRMATION_OK"
4703,10325380188,10325380227,1,"IOTHUB_CLIENT_CONFIRMATION_OK"
4704,10325380388,10325380497,1,"IOTHUB_CLIENT_CONFIRMATION_OK"
4705,10325380589,10325380619,1,"IOTHUB_CLIENT_CONFIRMATION_OK"
4706,10325380789,10325380851,1,"IOTHUB_CLIENT_CONFIRMATION_OK"
4707,10325380989,10325381098,1,"IOTHUB_CLIENT_CONFIRMATION_OK"
4708,10325381189,10325381223,1,"IOTHUB_CLIENT_CONFIRMATION_OK"
4709,10325381389,10325381420,1,"IOTHUB_CLIENT_CONFIRMATION_OK"
4710,10325381589,10325381630,1,"IOTHUB_CLIENT_CONFIRMATION_OK"
4711,10325381790,10325381823,1,"IOTHUB_CLIENT_CONFIRMATION_OK"
4712,10325381990,10325382024,1,"IOTHUB_CLIENT_CONFIRMATION_OK"
4713,10325382190,10325382219,1,"IOTHUB_CLIENT_CONFIRMATION_OK"
4714,10325382390,10325382422,1,"IOTHUB_CLIENT_CONFIRMATION_OK"
4715,10325382590,10325382623,1,"IOTHUB_CLIENT_CONFIRMATION_OK"
4716,10325382790,10325382826,1,"IOTHUB_CLIENT_CONFIRMATION_OK"
4717,10325382991,10325383220,1,"IOTHUB_CLIENT_CONFIRMATION_OK"
4718,10325383191,10325383258,1,"IOTHUB_CLIENT_CONFIRMATION_OK"
4719,10325383391,10325383440,1,"IOTHUB_CLIENT_CONFIRMATION_OK"
4720,10325383591,10325383626,1,"IOTHUB_CLIENT_CONFIRMATION_OK"
4721,10325383791,10325383825,1,"IOTHUB_CLIENT_CONFIRMATION_OK"
4722,10325383991,10325384057,1,"IOTHUB_CLIENT_CONFIRMATION_OK"
4723,10325384192,10325384255,1,"IOTHUB_CLIENT_CONFIRMATION_OK"
4724,10325384392,10325384448,1,"IOTHUB_CLIENT_CONFIRMATION_OK"
4725,10325384592,10325384646,1,"IOTHUB_CLIENT_CONFIRMATION_OK"
4726,10325384792,10325384827,1,"IOTHUB_CLIENT_CONFIRMATION_OK"
4727,10325384992,10325385064,1,"IOTHUB_CLIENT_CONFIRMATION_OK"
4728,10325385193,10325385228,1,"IOTHUB_CLIENT_CONFIRMATION_OK"
4729,10325385393,10325385430,1,"IOTHUB_CLIENT_CONFIRMATION_OK"
4730,10325385593,10325385680,1,"IOTHUB_CLIENT_CONFIRMATION_OK"
4731,10325385793,10325385825,1,"IOTHUB_CLIENT_CONFIRMATION_OK"
4732,10325385994,10325386027,1,"IOTHUB_CLIENT_CONFIRMATION_OK"
4733,10325386194,10325386278,1,"IOTHUB_CLIENT_CONFIRMATION_OK"
4734,10325386394,10325386522,1,"IOTHUB_CLIENT_CONFIRMATION_OK"
4735,10325386594,10325386627,1,"IOTHUB_CLIENT_CONFIRMATION_OK"
4736,10325386794,10325386896,1,"IOTHUB_CLIENT_CONFIRMATION_OK"
4737,10325386994,10325387026,1,"IOTHUB_CLIENT_CONFIRMATION_OK"
4738,10325387195,10325387239,1,"IOTHUB_CLIENT_CONFIRMATION_OK"
4739,10325387395,10325387426,1,"IOTHUB_CLIENT_CONFIRMATION_OK"
4740,10325387595,10325387630,1,"IOTHUB_CLIENT_CONFIRMATION_OK"
4741,10325387795,10325387836,1,"IOTHUB_CLIENT_CONFIRMATION_OK"
4742,10325387995,10325388053,1,"IOTHUB_CLIENT_CONFIRMATION_OK"
4743,10325388196,10325388226,1,"IOTHUB_CLIENT_CONFIRMATION_OK"
4744,10325388396,10325388431,1,"IOTHUB_CLIENT_CONFIRMATION_OK"
4745,10325388596,10325388628,1,"IOTHUB_CLIENT_CONFIRMATION_OK"
4746,10325388796,10325388829,1,"IOTHUB_CLIENT_CONFIRMATION_OK"
4747,10325388996,10325389034,1,"IOTHUB_CLIENT_CONFIRMATION_OK"
4748,10325389196,10325389240,1,"IOTHUB_CLIENT_CONFIRMATION_OK"
4749,10325389397,10325389429,1,"IOTHUB_CLIENT_CONFIRMATION_OK"
4750,10325389597,10325389709,1,"IOTHUB_CLIENT_CONFIRMATION_OK"
4751,10325389797,10325389829,1,"IOTHUB_CLIENT_CONFIRMATION_OK"
4752,10325389997,10325390026,1,"IOTHUB_CLIENT_CONFIRMATION_OK"
4753,10325390197,10325390355,1,"IOTHUB_CLIENT_CONFIRMATION_OK"
4754,10325390397,10325390427,1,"IOTHUB_CLIENT_CONFIRMATION_OK"
4755,10325390597,10325390643,1,"IOTHUB_CLIENT_CONFIRMATION_OK"
4756,10325390798,10325390841,1,"IOTHUB_CLIENT_CONFIRMATION_OK"
4757,10325390998,10325391033,1,"IOTHUB_CLIENT_CONFIRMATION_OK"
4758,10325391198,10325391233,1,"IOTHUB_CLIENT_CONFIRMATION_OK"
4759,10325391398,10325391430,1,"IOTHUB_CLIENT_CONFIRMATION_OK"
4760,10325391598,10325391635,1,"IOTHUB_CLIENT_CONFIRMATION_OK"
4761,10325391798,10325391832,1,"IOTHUB_CLIENT_CONFIRMATION_OK"
4762,10325391998,10325392033,1,"IOTHUB_CLIENT_CONFIRMATION_OK"
4763,10325392199,10325392233,1,"IOTHUB_CLIENT_CONFIRMATION_OK"
4764,10325392399,10325392443,1,"IOTHUB_CLIENT_CONFIRMATION_OK"
4765,10325392599,10325392703,1,"IOTHUB_CLIENT_CONFIRMATION_OK"
4766,10325392799,10325392831,1,"IOTHUB_CLIENT_CONFIRMATION_OK"
4767,10325392999,10325393029,1,"IOTHUB_CLIENT_CONFIRMATION_OK"
4768,10325393199,10325393243,1,"IOTHUB_CLIENT_CONFIRMATION_OK"
4769,10325393400,10325393434,1,"IOTHUB_CLIENT_CONFIRMATION_OK"
4770,10325393600,10325393634,1,"IOTHUB_CLIENT_CONFIRMATION_OK"
4771,10325393800,10325393852,1,"IOTHUB_CLIENT_CONFIRMATION_OK"
4772,10325394000,10325394055,1,"IOTHUB_CLIENT_CONFIRMATION_OK"
4773,10325394200,10325394244,1,"IOTHUB_CLIENT_CONFIRMATION_OK"
4774,10325394400,10325394433,1,"IOTHUB_CLIENT_CONFIRMATION_OK"
4775,10325394601,10325394635,1,"IOTHUB_CLIENT_CONFIRMATION_OK"
4776,10325394801,10325394887,1,"IOTHUB_CLIENT_CONFIRMATION_OK"
4777,10325395001,10325395040,1,"IOTHUB_CLIENT_CONFIRMATION_OK"
4778,10325395201,10325395241,1,"IOTHUB_CLIENT_CONFIRMATION_OK"
4779,10325395401,10325395480,1,"IOTHUB_CLIENT_CONFIRMATION_OK"
4780,10325395601,10325395633,1,"IOTHUB_CLIENT_CONFIRMATION_OK"
4781,10325395801,10325395832,1,"IOTHUB_CLIENT_CONFIRMATION_OK"
4782,10325396002,10325396084,1,"IOTHUB_CLIENT_CONFIRMATION_OK"
4783,10325396202,10325396234,1,"IOTHUB_CLIENT_CONFIRMATION_OK"
4784,10325396402,10325396434,1,"IOTHUB_CLIENT_CONFIRMATION_OK"
4785,10325396602,10325396700,1,"IOTHUB_CLIENT_CONFIRMATION_OK"
4786,10325396802,10325396840,1,"IOTHUB_CLIENT_CONFIRMATION_OK"
4787,10325397003,10325397042,1,"IOTHUB_CLIENT_CONFIRMATION_OK"
4788,10325397203,10325397307,1,"IOTHUB_CLIENT_CONFIRMATION_OK"
4789,10325397403,10325397435,1,"IOTHUB_CLIENT_CONFIRMATION_OK"
4790,10325397603,10325397634,1,"IOTHUB_CLIENT_CONFIRMATION_OK"
4791,10325397803,10325397838,1,"IOTHUB_CLIENT_CONFIRMATION_OK"
4792,10325398003,10325398035,1,"IOTHUB_CLIENT_CONFIRMATION_OK"
4793,10325398204,10325398235,1,"IOTHUB_CLIENT_CONFIRMATION_OK"
4794,10325398404,10325398439,1,"IOTHUB_CLIENT_CONFIRMATION_OK"
4795,10325398604,10325398635,1,"IOTHUB_CLIENT_CONFIRMATION_OK"
4796,10325398804,10325398834,1,"IOTHUB_CLIENT_CONFIRMATION_OK"
4797,10325399004,10325399036,1,"IOTHUB_CLIENT_CONFIRMATION_OK"
4798,10325399204,10325399249,1,"IOTHUB_CLIENT_CONFIRMATION_OK"
4799,10325399405,10325399566,1,"IOTHUB_CLIENT_CONFIRMATION_OK"
4800,10325399605,10325399688,1,"IOTHUB_CLIENT_CONFIRMATION_OK"
4801,10325399805,10325399839,1,"IOTHUB_CLIENT_CONFIRMATION_OK"
4802,10325400005,10325400172,1,"IOTHUB_CLIENT_CONFIRMATION_OK"
4803,10325400205,10325400238,1,"IOTHUB_CLIENT_CONFIRMATION_OK"
4804,10325400405,10325400449,1,"IOTHUB_CLIENT_CONFIRMATION_OK"
4805,10325400605,10325400645,1,"IOTHUB_CLIENT_CONFIRMATION_OK"
4806,10325400806,10325400836,1,"IOTHUB_CLIENT_CONFIRMATION_OK"
4807,10325401006,10325401038,1,"IOTHUB_CLIENT_CONFIRMATION_OK"
4808,10325401206,10325401239,1,"IOTHUB_CLIENT_CONFIRMATION_OK"
4809,10325401406,10325401436,1,"IOTHUB_CLIENT_CONFIRMATION_OK"
4810,10325401606,10325401638,1,"IOTHUB_CLIENT_CONFIRMATION_OK"
4811,10325401806,10325401857,1,"IOTHUB_CLIENT_CONFIRMATION_OK"
4812,10325402007,10325402040,1,"IOTHUB_CLIENT_CONFIRMATION_OK"
4813,10325402207,10325402243,1,"IOTHUB_CLIENT_CONFIRMATION_OK"
4814,10325402407,10325402444,1,"IOTHUB_CLIENT_CONFIRMATION_OK"
4815,10325402607,10325402649,1,"IOTHUB_CLIENT_CONFIRMATION_OK"
4816,10325402807,10325402850,1,"IOTHUB_CLIENT_CONFIRMATION_OK"
4817,10325403007,10325403044,1,"IOTHUB_CLIENT_CONFIRMATION_OK"
4818,10325403208,10325403236,1,"IOTHUB_CLIENT_CONFIRMATION_OK"
4819,10325403408,10325403443,1,"IOTHUB_CLIENT_CONFIRMATION_OK"
4820,10325403608,10325403644,1,"IOTHUB_CLIENT_CONFIRMATION_OK"
4821,10325403808,10325403838,1,"IOTHUB_CLIENT_CONFIRMATION_OK"
4822,10325404008,10325404040,1,"IOTHUB_CLIENT_CONFIRMATION_OK"
4823,10325404209,10325404241,1,"IOTHUB_CLIENT_CONFIRMATION_OK"
4824,10325404409,10325404445,1,"IOTHUB_CLIENT_CONFIRMATION_OK"
4825,10325404609,10325404661,1,"IOTHUB_CLIENT_CONFIRMATION_OK"
4826,10325404809,10325404844,1,"IOTHUB_CLIENT_CONFIRMATION_OK"
4827,10325405009,10325405042,1,"IOTHUB_CLIENT_CONFIRMATION_OK"
4828,10325405209,10325405265,1,"IOTHUB_CLIENT_CONFIRMATION_OK"
4829,10325405410,10325405474,1,"IOTHUB_CLIENT_CONFIRMATION_OK"
4830,10325405610,10325405661,1,"IOTHUB_CLIENT_CONFIRMATION_OK"
4831,10325405810,10325405867,1,"IOTHUB_CLIENT_CONFIRMATION_OK"
4832,10325406010,10325406040,1,"IOTHUB_CLIENT_CONFIRMATION_OK"
4833,10325406210,10325406246,1,"IOTHUB_CLIENT_CONFIRMATION_OK"
4834,10325406410,10325406486,1,"IOTHUB_CLIENT_CONFIRMATION_OK"
4835,10325406611,10325406643,1,"IOTHUB_CLIENT_CONFIRMATION_OK"
4836,10325406811,10325406863,1,"IOTHUB_CLIENT_CONFIRMATION_OK"
4837,10325407011,10325407098,1,"IOTHUB_CLIENT_CONFIRMATION_OK"
4838,10325407211,10325407265,1,"IOTHUB_CLIENT_CONFIRMATION_OK"
4839,10325407411,10325407571,1,"IOTHUB_CLIENT_CONFIRMATION_OK"
4840,10325407612,10325407722,1,"IOTHUB_CLIENT_CONFIRMATION_OK"
4841,10325407812,10325407845,1,"IOTHUB_CLIENT_CONFIRMATION_OK"
4842,10325408012,10325408046,1,"IOTHUB_CLIENT_CONFIRMATION_OK"
4843,10325408212,10325408254,1,"IOTHUB_CLIENT_CONFIRMATION_OK"
4844,10325408412,10325408444,1,"IOTHUB_CLIENT_CONFIRMATION_OK"
4845,10325408613,10325408643,1,"IOTHUB_CLIENT_CONFIRMATION_OK"
4846,10325408813,10325408860,1,"IOTHUB_CLIENT_CONFIRMATION_OK"
4847,10325409013,10325409056,1,"IOTHUB_CLIENT_CONFIRMATION_OK"
4848,10325409213,10325409251,1,"IOTHUB_CLIENT_CONFIRMATION_OK"
4849,10325409413,10325409448,1,"IOTHUB_CLIENT_CONFIRMATION_OK"
4850,10325409614,10325409646,1,"IOTHUB_CLIENT_CONFIRMATION_OK"
4851,10325409814,10325409862,1,"IOTHUB_CLIENT_CONFIRMATION_OK"
4852,10325410014,10325410047,1,"IOTHUB_CLIENT_CONFIRMATION_OK"
4853,10325410214,10325410261,1,"IOTHUB_CLIENT_CONFIRMATION_OK"
4854,10325410414,10325410489,1,"IOTHUB_CLIENT_CONFIRMATION_OK"
4855,10325410615,10325410650,1,"IOTHUB_CLIENT_CONFIRMATION_OK"
4856,10325410815,10325410848,1,"IOTHUB_CLIENT_CONFIRMATION_OK"
4857,10325411015,10325411101,1,"IOTHUB_CLIENT_CONFIRMATION_OK"
4858,10325411215,10325411250,1,"IOTHUB_CLIENT_CONFIRMATION_OK"
4859,10325411415,10325411448,1,"IOTHUB_CLIENT_CONFIRMATION_OK"
4860,10325411615,10325411694,1,"IOTHUB_CLIENT_CONFIRMATION_OK"
4861,10325411816,10325411846,1,"IOTHUB_CLIENT_CONFIRMATION_OK"
4862,10325412016,10325412049,1,"IOTHUB_CLIENT_CONFIRMATION_OK"
4863,10325412216,10325412361,1,"IOTHUB_CLIENT_CONFIRMATION_OK"
4864,10325412416,10325412446,1,"IOTHUB_CLIENT_CONFIRMATION_OK"
4865,10325412616,10325412649,1,"IOTHUB_CLIENT_CONFIRMATION_OK"
4866,10325412816,10325412852,1,"IOTHUB_CLIENT_CONFIRMATION_OK"
4867,10325413017,10325413048,1,"IOTHUB_CLIENT_CONFIRMATION_OK"
4868,10325413217,10325413251,1,"IOTHUB_CLIENT_CONFIRMATION_OK"
4869,10325413417,10325413455,1,"IOTHUB_CLIENT_CONFIRMATION_OK"
4870,10325413617,10325413647,1,"IOTHUB_CLIENT_CONFIRMATION_OK"
4871,10325413817,10325413849,1,"IOTHUB_CLIENT_CONFIRMATION_OK"
4872,10325414018,10325414052,1,"IOTHUB_CLIENT_CONFIRMATION_OK"
4873,10325414218,10325414289,1,"IOTHUB_CLIENT_CONFIRMATION_OK"
4874,10325414418,10325414566,1,"IOTHUB_CLIENT_CONFIRMATION_OK"
4875,10325414618,10325414894,1,"IOTHUB_CLIENT_CONFIRMATION_OK"
4876,10325414818,10325414926,1,"IOTHUB_CLIENT_CONFIRMATION_OK"
4877,10325415018,10325415171,1,"IOTHUB_CLIENT_CONFIRMATION_OK"
4878,10325415219,10325415408,1,"IOTHUB_CLIENT_CONFIRMATION_OK"
4879,10325415419,10325415459,1,"IOTHUB_CLIENT_CONFIRMATION_OK"
4880,10325415619,10325415677,1,"IOTHUB_CLIENT_CONFIRMATION_OK"
4881,10325415819,10325415878,1,"IOTHUB_CLIENT_CONFIRMATION_OK"
4882,10325416019,10325416051,1,"IOTHUB_CLIENT_CONFIRMATION_OK"
4883,10325416220,10325416295,1,"IOTHUB_CLIENT_CONFIRMATION_OK"
4884,10325416420,10325416451,1,"IOTHUB_CLIENT_CONFIRMATION_OK"
4885,10325416620,10325416649,1,"IOTHUB_CLIENT_CONFIRMATION_OK"
4886,10325416820,10325417135,1,"IOTHUB_CLIENT_CONFIRMATION_OK"
4887,10325417020,10325417172,1,"IOTHUB_CLIENT_CONFIRMATION_OK"
4888,10325417220,10325417252,1,"IOTHUB_CLIENT_CONFIRMATION_OK"
4889,10325417420,10325417607,1,"IOTHUB_CLIENT_CONFIRMATION_OK"
4890,10325417621,10325417723,1,"IOTHUB_CLIENT_CONFIRMATION_OK"
4891,10325417821,10325417850,1,"IOTHUB_CLIENT_CONFIRMATION_OK"
4892,10325418021,10325418211,1,"IOTHUB_CLIENT_CONFIRMATION_OK"
4893,10325418221,10325418253,1,"IOTHUB_CLIENT_CONFIRMATION_OK"
4894,10325418421,10325418492,1,"IOTHUB_CLIENT_CONFIRMATION_OK"
4895,10325418621,10325418654,1,"IOTHUB_CLIENT_CONFIRMATION_OK"
4896,10325418822,10325418853,1,"IOTHUB_CLIENT_CONFIRMATION_OK"
4897,10325419022,10325419091,1,"IOTHUB_CLIENT_CONFIRMATION_OK"
4898,10325419222,10325419258,1,"IOTHUB_CLIENT_CONFIRMATION_OK"
4899,10325419422,10325419453,1,"IOTHUB_CLIENT_CONFIRMATION_OK"
4900,10325419622,10325419674,1,"IOTHUB_CLIENT_CONFIRMATION_OK"
4901,10325419823,10325419855,1,"IOTHUB_CLIENT_CONFIRMATION_OK"
4902,10325420023,10325420059,1,"IOTHUB_CLIENT_CONFIRMATION_OK"
4903,10325420223,10325420348,1,"IOTHUB_CLIENT_CONFIRMATION_OK"
4904,10325420423,10325420464,1,"IOTHUB_CLIENT_CONFIRMATION_OK"
4905,10325420623,10325420653,1,"IOTHUB_CLIENT_CONFIRMATION_OK"
4906,10325420824,10325420916,1,"IOTHUB_CLIENT_CONFIRMATION_OK"
4907,10325421024,10325421059,1,"IOTHUB_CLIENT_CONFIRMATION_OK"
4908,10325421224,10325421395,1,"IOTHUB_CLIENT_CONFIRMATION_OK"
4909,10325421424,10325421571,1,"IOTHUB_CLIENT_CONFIRMATION_OK"
4910,10325421624,10325421657,1,"IOTHUB_CLIENT_CONFIRMATION_OK"
4911,10325421825,10325421855,1,"IOTHUB_CLIENT_CONFIRMATION_OK"
4912,10325422025,10325422058,1,"IOTHUB_CLIENT_CONFIRMATION_OK"
4913,10325422225,10325422257,1,"IOTHUB_CLIENT_CONFIRMATION_OK"
4914,10325422425,10325422482,1,"IOTHUB_CLIENT_CONFIRMATION_OK"
4915,10325422625,10325422694,1,"IOTHUB_CLIENT_CONFIRMATION_OK"
4916,10325422826,10325422859,1,"IOTHUB_CLIENT_CONFIRMATION_OK"
4917,10325423026,10325423056,1,"IOTHUB_CLIENT_CONFIRMATION_OK"
4918,10325423226,10325423267,1,"IOTHUB_CLIENT_CONFIRMATION_OK"
4919,10325423426,10325423459,1,"IOTHUB_CLIENT_CONFIRMATION_OK"
4920,10325423626,10325423656,1,"IOTHUB_CLIENT_CONFIRMATION_OK"
4921,10325423826,10325423858,1,"IOTHUB_CLIENT_CONFIRMATION_OK"
4922,10325424026,10325424203,1,"IOTHUB_CLIENT_CONFIRMATION_OK"
4923,10325424227,10325424429,1,"IOTHUB_CLIENT_CONFIRMATION_OK"
4924,10325424427,10325424463,1,"IOTHUB_CLIENT_CONFIRMATION_OK"
4925,10325424627,10325424665,1,"IOTHUB_CLIENT_CONFIRMATION_OK"
4926,10325424827,10325424858,1,"IOTHUB_CLIENT_CONFIRMATION_OK"
4927,10325425027,10325425064,1,"IOTHUB_CLIENT_CONFIRMATION_OK"
4928,10325425228,10325425263,1,"IOTHUB_CLIENT_CONFIRMATION_OK"
4929,10325425428,10325425463,1,"IOTHUB_CLIENT_CONFIRMATION_OK"
4930,10325425628,10325425659,1,"IOTHUB_CLIENT_CONFIRMATION_OK"
4931,10325425828,10325426689,1,"IOTHUB_CLIENT_CONFIRMATION_OK"
4932,10325426028,10325426737,1,"IOTHUB_CLIENT_CONFIRMATION_OK"
4933,10325426228,10325426789,1,"IOTHUB_CLIENT_CONFIRMATION_OK"
4934,10325426428,10325426880,1,"IOTHUB_CLIENT_CONFIRMATION_OK"
4935,10325426629,10325426916,1,"IOTHUB_CLIENT_CONFIRMATION_OK"
4936,10325426829,10325426945,1,"IOTHUB_CLIENT_CONFIRMATION_OK"
4937,10325427029,10325427069,1,"IOTHUB_CLIENT_CONFIRMATION_OK"
4938,10325427229,10325427293,1,"IOTHUB_CLIENT_CONFIRMATION_OK"
4939,10325427429,10325427503,1,"IOTHUB_CLIENT_CONFIRMATION_OK"
4940,10325427629,10325427661,1,"IOTHUB_CLIENT_CONFIRMATION_OK"
4941,10325427830,10325427885,1,"IOTHUB_CLIENT_CONFIRMATION_OK"
4942,10325428030,10325428062,1,"IOTHUB_CLIENT_CONFIRMATION_OK"
4943,10325428230,10325428262,1,"IOTHUB_CLIENT_CONFIRMATION_OK"
4944,10325428430,10325428538,1,"IOTHUB_CLIENT_CONFIRMATION_OK"
4945,10325428630,10325428665,1,"IOTHUB_CLIENT_CONFIRMATION_OK"
4946,10325428831,10325428876,1,"IOTHUB_CLIENT_CONFIRMATION_OK"
4947,10325429031,10325429261,1,"IOTHUB_CLIENT_CONFIRMATION_OK"
4948,10325429231,10325429294,1,"IOTHUB_CLIENT_CONFIRMATION_OK"
4949,10325429431,10325429473,1,"IOTHUB_CLIENT_CONFIRMATION_OK"
4950,10325429631,10325429661,1,"IOTHUB_CLIENT_CONFIRMATION_OK"
4951,10325429831,10325429863,1,"IOTHUB_CLIENT_CONFIRMATION_OK"
4952,10325430032,10325430065,1,"IOTHUB_CLIENT_CONFIRMATION_OK"
4953,10325430232,10325430265,1,"IOTHUB_CLIENT_CONFIRMATION_OK"
4954,10325430432,10325430469,1,"IOTHUB_CLIENT_CONFIRMATION_OK"
4955,10325430632,10325430669,1,"IOTHUB_CLIENT_CONFIRMATION_OK"
4956,10325430832,10325430865,1,"IOTHUB_CLIENT_CONFIRMATION_OK"
4957,10325431032,10325431069,1,"IOTHUB_CLIENT_CONFIRMATION_OK"
4958,10325431233,10325431275,1,"IOTHUB_CLIENT_CONFIRMATION_OK"
4959,10325431433,10325431472,1,"IOTHUB_CLIENT_CONFIRMATION_OK"
4960,10325431633,10325431665,1,"IOTHUB_CLIENT_CONFIRMATION_OK"
4961,10325431833,10325431882,1,"IOTHUB_CLIENT_CONFIRMATION_OK"
4962,10325432033,10325432065,1,"IOTHUB_CLIENT_CONFIRMATION_OK"
4963,10325432233,10325432294,1,"IOTHUB_CLIENT_CONFIRMATION_OK"
4964,10325432433,10325432464,1,"IOTHUB_CLIENT_CONFIRMATION_OK"
4965,10325432634,10325432667,1,"IOTHUB_CLIENT_CONFIRMATION_OK"
4966,10325432834,10325432867,1,"IOTHUB_CLIENT_CONFIRMATION_OK"
4967,10325433034,10325433076,1,"IOTHUB_CLIENT_CONFIRMATION_OK"
4968,10325433234,10325433271,1,"IOTHUB_CLIENT_CONFIRMATION_OK"
4969,10325433434,10325433469,1,"IOTHUB_CLIENT_CONFIRMATION_OK"
4970,10325433635,10325433699,1,"IOTHUB_CLIENT_CONFIRMATION_OK"
4971,10325433835,10325433890,1,"IOTHUB_CLIENT_CONFIRMATION_OK"
4972,10325434035,10325434319,1,"IOTHUB_CLIENT_CONFIRMATION_OK"
4973,10325434235,10325434360,1,"IOTHUB_CLIENT_CONFIRMATION_OK"
4974,10325434435,10325434473,1,"IOTHUB_CLIENT_CONFIRMATION_OK"
4975,10325434635,10325434738,1,"IOTHUB_CLIENT_CONFIRMATION_OK"
4976,10325434836,10325434866,1,"IOTHUB_CLIENT_CONFIRMATION_OK"
4977,10325435036,10325435070,1,"IOTHUB_CLIENT_CONFIRMATION_OK"
4978,10325435236,10325435359,1,"IOTHUB_CLIENT_CONFIRMATION_OK"
4979,10325435436,10325435468,1,"IOTHUB_CLIENT_CONFIRMATION_OK"
4980,10325435636,10325435668,1,"IOTHUB_CLIENT_CONFIRMATION_OK"
4981,10325435837,10325435960,1,"IOTHUB_CLIENT_CONFIRMATION_OK"
4982,10325436037,10325436073,1,"IOTHUB_CLIENT_CONFIRMATION_OK"
4983,10325436237,10325436292,1,"IOTHUB_CLIENT_CONFIRMATION_OK"
4984,10325436437,10325436556,1,"IOTHUB_CLIENT_CONFIRMATION_OK"
4985,10325436637,10325436671,1,"IOTHUB_CLIENT_CONFIRMATION_OK"
4986,10325436838,10325436869,1,"IOTHUB_CLIENT_CONFIRMATION_OK"
4987,10325437038,10325437072,1,"IOTHUB_CLIENT_CONFIRMATION_OK"
4988,10325437238,10325437272,1,"IOTHUB_CLIENT_CONFIRMATION_OK"
4989,10325437438,10325437477,1,"IOTHUB_CLIENT_CONFIRMATION_OK"
4990,10325437638,10325437671,1,"IOTHUB_CLIENT_CONFIRMATION_OK"
4991,10325437838,10325437925,1,"IOTHUB_CLIENT_CONFIRMATION_OK"
4992,10325438039,10325438083,1,"IOTHUB_CLIENT_CONFIRMATION_OK"
4993,10325438239,10325438270,1,"IOTHUB_CLIENT_CONFIRMATION_OK"
4994,10325438439,10325438469,1,"IOTHUB_CLIENT_CONFIRMATION_OK"
4995,10325438639,10325438670,1,"IOTHUB_CLIENT_CONFIRMATION_OK"
4996,10325438839,10325438877,1,"IOTHUB_CLIENT_CONFIRMATION_OK"
4997,10325439040,10325439079,1,"IOTHUB_CLIENT_CONFIRMATION_OK"
4998,10325439240,10325439291,1,"IOTHUB_CLIENT_CONFIRMATION_OK"
4999,10325439440,10325439476,1,"IOTHUB_CLIENT_CONFIRMATION_OK"
5000,10325439640,10325439695,1,"IOTHUB_CLIENT_CONFIRMATION_OK"
5001,10325439840,10325439923,1,"IOTHUB_CLIENT_CONFIRMATION_OK"
5002,10325440040,10325440073,1,"IOTHUB_CLIENT_CONFIRMATION_OK"
5003,10325440240,10325440276,1,"IOTHUB_CLIENT_CONFIRMATION_OK"
5004,10325440441,10325440549,1,"IOTHUB_CLIENT_CONFIRMATION_OK"
5005,10325440641,10325440671,1,"IOTHUB_CLIENT_CONFIRMATION_OK"
5006,10325440841,10325440874,1,"IOTHUB_CLIENT_CONFIRMATION_OK"
5007,10325441041,10325441152,1,"IOTHUB_CLIENT_CONFIRMATION_OK"
5008,10325441241,10325441297,1,"IOTHUB_CLIENT_CONFIRMATION_OK"
5009,10325441442,10325441508,1,"IOTHUB_CLIENT_CONFIRMATION_OK"
5010,10325441642,10325441780,1,"IOTHUB_CLIENT_CONFIRMATION_OK"
5011,10325441842,10325441906,1,"IOTHUB_CLIENT_CONFIRMATION_OK"
5012,10325442042,10325442072,1,"IOTHUB_CLIENT_CONFIRMATION_OK"
5013,10325442242,10325442311,1,"IOTHUB_CLIENT_CONFIRMATION_OK"
5014,10325442442,10325442472,1,"IOTHUB_CLIENT_CONFIRMATION_OK"
5015,10325442643,10325442676,1,"IOTHUB_CLIENT_CONFIRMATION_OK"
5016,10325442843,10325442875,1,"IOTHUB_CLIENT_CONFIRMATION_OK"
5017,10325443043,10325443119,1,"IOTHUB_CLIENT_CONFIRMATION_OK"
5018,10325443243,10325443274,1,"IOTHUB_CLIENT_CONFIRMATION_OK"
5019,10325443443,10325443476,1,"IOTHUB_CLIENT_CONFIRMATION_OK"
5020,10325443643,10325443674,1,"IOTHUB_CLIENT_CONFIRMATION_OK"
5021,10325443844,10325443876,1,"IOTHUB_CLIENT_CONFIRMATION_OK"
5022,10325444044,10325444080,1,"IOTHUB_CLIENT_CONFIRMATION_OK"
5023,10325444244,10325444277,1,"IOTHUB_CLIENT_CONFIRMATION_OK"
5024,10325444444,10325444621,1,"IOTHUB_CLIENT_CONFIRMATION_OK"
5025,10325444644,10325444678,1,"IOTHUB_CLIENT_CONFIRMATION_OK"
5026,10325444845,10325444914,1,"IOTHUB_CLIENT_CONFIRMATION_OK"
5027,10325445045,10325445077,1,"IOTHUB_CLIENT_CONFIRMATION_OK"
5028,10325445245,10325445279,1,"IOTHUB_CLIENT_CONFIRMATION_OK"
5029,10325445445,10325445488,1,"IOTHUB_CLIENT_CONFIRMATION_OK"
5030,10325445645,10325445679,1,"IOTHUB_CLIENT_CONFIRMATION_OK"
5031,10325445845,10325445877,1,"IOTHUB_CLIENT_CONFIRMATION_OK"
5032,10325446045,10325446076,1,"IOTHUB_CLIENT_CONFIRMATION_OK"
5033,10325446246,10325446274,1,"IOTHUB_CLIENT_CONFIRMATION_OK"
5034,10325446446,10325446490,1,"IOTHUB_CLIENT_CONFIRMATION_OK"
5035,10325446646,10325446782,1,"IOTHUB_CLIENT_CONFIRMATION_OK"
5036,10325446846,10325446879,1,"IOTHUB_CLIENT_CONFIRMATION_OK"
5037,10325447046,10325447085,1,"IOTHUB_CLIENT_CONFIRMATION_OK"
5038,10325447246,10325447279,1,"IOTHUB_CLIENT_CONFIRMATION_OK"
5039,10325447447,10325447523,1,"IOTHUB_CLIENT_CONFIRMATION_OK"
5040,10325447647,10325447683,1,"IOTHUB_CLIENT_CONFIRMATION_OK"
5041,10325447847,10325447881,1,"IOTHUB_CLIENT_CONFIRMATION_OK"
5042,10325448047,10325448087,1,"IOTHUB_CLIENT_CONFIRMATION_OK"
5043,10325448247,10325448278,1,"IOTHUB_CLIENT_CONFIRMATION_OK"
5044,10325448447,10325448479,1,"IOTHUB_CLIENT_CONFIRMATION_OK"
5045,10325448648,10325448719,1,"IOTHUB_CLIENT_CONFIRMATION_OK"
5046,10325448848,10325448889,1,"IOTHUB_CLIENT_CONFIRMATION_OK"
5047,10325449048,10325449080,1,"IOTHUB_CLIENT_CONFIRMATION_OK"
5048,10325449248,10325449281,1,"IOTHUB_CLIENT_CONFIRMATION_OK"
5049,10325449448,10325449484,1,"IOTHUB_CLIENT_CONFIRMATION_OK"
5050,10325449648,10325449754,1,"IOTHUB_CLIENT_CONFIRMATION_OK"
5051,10325449848,10325449903,1,"IOTHUB_CLIENT_CONFIRMATION_OK"
5052,10325450049,10325450089,1,"IOTHUB_CLIENT_CONFIRMATION_OK"
5053,10325450249,10325450349,1,"IOTHUB_CLIENT_CONFIRMATION_OK"
5054,10325450449,10325450480,1,"IOTHUB_CLIENT_CONFIRMATION_OK"
5055,10325450649,10325450684,1,"IOTHUB_CLIENT_CONFIRMATION_OK"
5056,10325450849,10325450949,1,"IOTHUB_CLIENT_CONFIRMATION_OK"
5057,10325451049,10325451082,1,"IOTHUB_CLIENT_CONFIRMATION_OK"
5058,10325451250,10325451280,1,"IOTHUB_CLIENT_CONFIRMATION_OK"
5059,10325451450,10325451583,1,"IOTHUB_CLIENT_CONFIRMATION_OK"
5060,10325451650,10325451682,1,"IOTHUB_CLIENT_CONFIRMATION_OK"
5061,10325451850,10325451884,1,"IOTHUB_CLIENT_CONFIRMATION_OK"
5062,10325452050,10325452127,1,"IOTHUB_CLIENT_CONFIRMATION_OK"
5063,10325452251,10325452288,1,"IOTHUB_CLIENT_CONFIRMATION_OK"
5064,10325452451,10325452537,1,"IOTHUB_CLIENT_CONFIRMATION_OK"
5065,10325452651,10325452688,1,"IOTHUB_CLIENT_CONFIRMATION_OK"
5066,10325452851,10325452914,1,"IOTHUB_CLIENT_CONFIRMATION_OK"
5067,10325453051,10325453085,1,"IOTHUB_CLIENT_CONFIRMATION_OK"
5068,10325453251,10325453312,1,"IOTHUB_CLIENT_CONFIRMATION_OK"
5069,10325453451,10325453497,1,"IOTHUB_CLIENT_CONFIRMATION_OK"
5070,10325453652,10325453682,1,"IOTHUB_CLIENT_CONFIRMATION_OK"
5071,10325453852,10325453885,1,"IOTHUB_CLIENT_CONFIRMATION_OK"
5072,10325454052,10325454083,1,"IOTHUB_CLIENT_CONFIRMATION_OK"
5073,10325454252,10325454320,1,"IOTHUB_CLIENT_CONFIRMATION_OK"
5074,10325454452,10325454484,1,"IOTHUB_CLIENT_CONFIRMATION_OK"
5075,10325454652,10325454680,1,"IOTHUB_CLIENT_CONFIRMATION_OK"
5076,10325454853,10325454940,1,"IOTHUB_CLIENT_CONFIRMATION_OK"
5077,10325455053,10325455085,1,"IOTHUB_CLIENT_CONFIRMATION_OK"
5078,10325455253,10325455283,1,"IOTHUB_CLIENT_CONFIRMATION_OK"
5079,10325455453,10325455534,1,"IOTHUB_CLIENT_CONFIRMATION_OK"
5080,10325455653,10325455697,1,"IOTHUB_CLIENT_CONFIRMATION_OK"
5081,10325455854,10325455888,1,"IOTHUB_CLIENT_CONFIRMATION_OK"
5082,10325456054,10325456182,1,"IOTHUB_CLIENT_CONFIRMATION_OK"
5083,10325456254,10325456287,1,"IOTHUB_CLIENT_CONFIRMATION_OK"
5084,10325456454,10325456490,1,"IOTHUB_CLIENT_CONFIRMATION_OK"
5085,10325456654,10325456772,1,"IOTHUB_CLIENT_CONFIRMATION_OK"
5086,10325456854,10325456887,1,"IOTHUB_CLIENT_CONFIRMATION_OK"
5087,10325457055,10325457090,1,"IOTHUB_CLIENT_CONFIRMATION_OK"
5088,10325457255,10325457363,1,"IOTHUB_CLIENT_CONFIRMATION_OK"
5089,10325457455,10325457487,1,"IOTHUB_CLIENT_CONFIRMATION_OK"
5090,10325457655,10325457697,1,"IOTHUB_CLIENT_CONFIRMATION_OK"
5091,10325457855,10325457914,1,"IOTHUB_CLIENT_CONFIRMATION_OK"
5092,10325458055,10325458121,1,"IOTHUB_CLIENT_CONFIRMATION_OK"
5093,10325458256,10325458321,1,"IOTHUB_CLIENT_CONFIRMATION_OK"
5094,10325458456,10325458490,1,"IOTHUB_CLIENT_CONFIRMATION_OK"
5095,10325458656,10325458692,1,"IOTHUB_CLIENT_CONFIRMATION_OK"
5096,10325458856,10325458890,1,"IOTHUB_CLIENT_CONFIRMATION_OK"
5097,10325459056,10325459097,1,"IOTHUB_CLIENT_CONFIRMATION_OK"
5098,10325459256,10325459287,1,"IOTHUB_CLIENT_CONFIRMATION_OK"
5099,10325459456,10325459680,1,"IOTHUB_CLIENT_CONFIRMATION_OK"
5100,10325459657,10325459705,1,"IOTHUB_CLIENT_CONFIRMATION_OK"
5101,10325459857,10325459893,1,"IOTHUB_CLIENT_CONFIRMATION_OK"
5102,10325460057,10325460117,1,"IOTHUB_CLIENT_CONFIRMATION_OK"
5103,10325460257,10325460365,1,"IOTHUB_CLIENT_CONFIRMATION_OK"
5104,10325460457,10325460486,1,"IOTHUB_CLIENT_CONFIRMATION_OK"
5105,10325460657,10325460690,1,"IOTHUB_CLIENT_CONFIRMATION_OK"
5106,10325460858,10325460891,1,"IOTHUB_CLIENT_CONFIRMATION_OK"
5107,10325461058,10325461119,1,"IOTHUB_CLIENT_CONFIRMATION_OK"
5108,10325461258,10325461291,1,"IOTHUB_CLIENT_CONFIRMATION_OK"
5109,10325461458,10325461588,1,"IOTHUB_CLIENT_CONFIRMATION_OK"
5110,10325461658,10325461690,1,"IOTHUB_CLIENT_CONFIRMATION_OK"
5111,10325461859,10325461993,1,"IOTHUB_CLIENT_CONFIRMATION_OK"
5112,10325462059,10325462088,1,"IOTHUB_CLIENT_CONFIRMATION_OK"
5113,10325462259,10325462292,1,"IOTHUB_CLIENT_CONFIRMATION_OK"
5114,10325462459,10325462495,1,"IOTHUB_CLIENT_CONFIRMATION_OK"
5115,10325462659,10325462713,1,"IOTHUB_CLIENT_CONFIRMATION_OK"
5116,10325462859,10325462899,1,"IOTHUB_CLIENT_CONFIRMATION_OK"
5117,10325463059,10325463095,1,"IOTHUB_CLIENT_CONFIRMATION_OK"
5118,10325463260,10325463337,1,"IOTHUB_CLIENT_CONFIRMATION_OK"
5119,10325463460,10325463539,1,"IOTHUB_CLIENT_CONFIRMATION_OK"
5120,10325463660,10325463703,1,"IOTHUB_CLIENT_CONFIRMATION_OK"
5121,10325463860,10325463890,1,"IOTHUB_CLIENT_CONFIRMATION_OK"
5122,10325464060,10325464194,1,"IOTHUB_CLIENT_CONFIRMATION_OK"
5123,10325464261,10325464293,1,"IOTHUB_CLIENT_CONFIRMATION_OK"
5124,10325464461,10325464516,1,"IOTHUB_CLIENT_CONFIRMATION_OK"
5125,10325464661,10325464812,1,"IOTHUB_CLIENT_CONFIRMATION_OK"
5126,10325464861,10325464917,1,"IOTHUB_CLIENT_CONFIRMATION_OK"
5127,10325465061,10325465113,1,"IOTHUB_CLIENT_CONFIRMATION_OK"
5128,10325465261,10325465478,1,"IOTHUB_CLIENT_CONFIRMATION_OK"
5129,10325465462,10325465502,1,"IOTHUB_CLIENT_CONFIRMATION_OK"
5130,10325465662,10325465704,1,"IOTHUB_CLIENT_CONFIRMATION_OK"
5131,10325465862,10325465943,1,"IOTHUB_CLIENT_CONFIRMATION_OK"
5132,10325466062,10325466161,1,"IOTHUB_CLIENT_CONFIRMATION_OK"
5133,10325466262,10325466302,1,"IOTHUB_CLIENT_CONFIRMATION_OK"
5134,10325466462,10325466504,1,"IOTHUB_CLIENT_CONFIRMATION_OK"
5135,10325466662,10325466702,1,"IOTHUB_CLIENT_CONFIRMATION_OK"
5136,10325466863,10325466904,1,"IOTHUB_CLIENT_CONFIRMATION_OK"
5137,10325467063,10325467128,1,"IOTHUB_CLIENT_CONFIRMATION_OK"
5138,10325467263,10325467302,1,"IOTHUB_CLIENT_CONFIRMATION_OK"
5139,10325467463,10325467501,1,"IOTHUB_CLIENT_CONFIRMATION_OK"
5140,10325467663,10325467718,1,"IOTHUB_CLIENT_CONFIRMATION_OK"
5141,10325467863,10325467905,1,"IOTHUB_CLIENT_CONFIRMATION_OK"
5142,10325468064,10325468188,1,"IOTHUB_CLIENT_CONFIRMATION_OK"
5143,10325468264,10325468631,1,"IOTHUB_CLIENT_CONFIRMATION_OK"
5144,10325468464,10325468809,1,"IOTHUB_CLIENT_CONFIRMATION_OK"
5145,10325468664,10325468939,1,"IOTHUB_CLIENT_CONFIRMATION_OK"
5146,10325468864,10325468954,1,"IOTHUB_CLIENT_CONFIRMATION_OK"
5147,10325469064,10325469136,1,"IOTHUB_CLIENT_CONFIRMATION_OK"
5148,10325469264,10325469339,1,"IOTHUB_CLIENT_CONFIRMATION_OK"
5149,10325469465,10325469496,1,"IOTHUB_CLIENT_CONFIRMATION_OK"
5150,10325469665,10325469709,1,"IOTHUB_CLIENT_CONFIRMATION_OK"
5151,10325469865,10325470004,1,"IOTHUB_CLIENT_CONFIRMATION_OK"
5152,10325470065,10325470098,1,"IOTHUB_CLIENT_CONFIRMATION_OK"
5153,10325470265,10325470650,1,"IOTHUB_CLIENT_CONFIRMATION_OK"
5154,10325470465,10325470686,1,"IOTHUB_CLIENT_CONFIRMATION_OK"
5155,10325470665,10325470714,1,"IOTHUB_CLIENT_CONFIRMATION_OK"
5156,10325470866,10325470945,1,"IOTHUB_CLIENT_CONFIRMATION_OK"
5157,10325471066,10325471195,1,"IOTHUB_CLIENT_CONFIRMATION_OK"
5158,10325471266,10325471299,1,"IOTHUB_CLIENT_CONFIRMATION_OK"
5159,10325471466,10325471507,1,"IOTHUB_CLIENT_CONFIRMATION_OK"
5160,10325471666,10325471822,1,"IOTHUB_CLIENT_CONFIRMATION_OK"
5161,10325471866,10325471912,1,"IOTHUB_CLIENT_CONFIRMATION_OK"
5162,10325472067,10325472110,1,"IOTHUB_CLIENT_CONFIRMATION_OK"
5163,10325472267,10325472379,1,"IOTHUB_CLIENT_CONFIRMATION_OK"
5164,10325472467,10325472515,1,"IOTHUB_CLIENT_CONFIRMATION_OK"
5165,10325472667,10325472710,1,"IOTHUB_CLIENT_CONFIRMATION_OK"
5166,10325472867,10325472917,1,"IOTHUB_CLIENT_CONFIRMATION_OK"
5167,10325473067,10325473099,1,"IOTHUB_CLIENT_CONFIRMATION_OK"
5168,10325473268,10325473303,1,"IOTHUB_CLIENT_CONFIRMATION_OK"
5169,10325473468,10325473505,1,"IOTHUB_CLIENT_CONFIRMATION_OK"
5170,10325473668,10325473712,1,"IOTHUB_CLIENT_CONFIRMATION_OK"
5171,10325473868,10325473901,1,"IOTHUB_CLIENT_CONFIRMATION_OK"
5172,10325474068,10325474101,1,"IOTHUB_CLIENT_CONFIRMATION_OK"
5173,10325474269,10325474300,1,"IOTHUB_CLIENT_CONFIRMATION_OK"
5174,10325474469,10325474514,1,"IOTHUB_CLIENT_CONFIRMATION_OK"
5175,10325474669,10325474699,1,"IOTHUB_CLIENT_CONFIRMATION_OK"
5176,10325474869,10325474961,1,"IOTHUB_CLIENT_CONFIRMATION_OK"
5177,10325475069,10325475119,1,"IOTHUB_CLIENT_CONFIRMATION_OK"
5178,10325475269,10325475304,1,"IOTHUB_CLIENT_CONFIRMATION_OK"
5179,10325475470,10325475508,1,"IOTHUB_CLIENT_CONFIRMATION_OK"
5180,10325475670,10325475813,1,"IOTHUB_CLIENT_CONFIRMATION_OK"
5181,10325475870,10325475927,1,"IOTHUB_CLIENT_CONFIRMATION_OK"
5182,10325476070,10325476106,1,"IOTHUB_CLIENT_CONFIRMATION_OK"
5183,10325476271,10325476327,1,"IOTHUB_CLIENT_CONFIRMATION_OK"
5184,10325476471,10325476503,1,"IOTHUB_CLIENT_CONFIRMATION_OK"
5185,10325476671,10325476711,1,"IOTHUB_CLIENT_CONFIRMATION_OK"
5186,10325476871,10325476944,1,"IOTHUB_CLIENT_CONFIRMATION_OK"
5187,10325477071,10325477103,1,"IOTHUB_CLIENT_CONFIRMATION_OK"
5188,10325477271,10325477308,1,"IOTHUB_CLIENT_CONFIRMATION_OK"
5189,10325477471,10325477594,1,"IOTHUB_CLIENT_CONFIRMATION_OK"
5190,10325477672,10325477706,1,"IOTHUB_CLIENT_CONFIRMATION_OK"
5191,10325477872,10325477905,1,"IOTHUB_CLIENT_CONFIRMATION_OK"
5192,10325478072,10325478197,1,"IOTHUB_CLIENT_CONFIRMATION_OK"
5193,10325478272,10325478307,1,"IOTHUB_CLIENT_CONFIRMATION_OK"
5194,10325478472,10325478503,1,"IOTHUB_CLIENT_CONFIRMATION_OK"
5195,10325478672,10325478711,1,"IOTHUB_CLIENT_CONFIRMATION_OK"
5196,10325478873,10325478901,1,"IOTHUB_CLIENT_CONFIRMATION_OK"
5197,10325479073,10325479260,1,"IOTHUB_CLIENT_CONFIRMATION_OK"
5198,10325479273,10325479308,1,"IOTHUB_CLIENT_CONFIRMATION_OK"
5199,10325479473,10325479507,1,"IOTHUB_CLIENT_CONFIRMATION_OK"
5200,10325479673,10325479818,1,"IOTHUB_CLIENT_CONFIRMATION_OK"
5201,10325479873,10325479903,1,"IOTHUB_CLIENT_CONFIRMATION_OK"
5202,10325480074,10325480174,1,"IOTHUB_CLIENT_CONFIRMATION_OK"
5203,10325480274,10325480435,1,"IOTHUB_CLIENT_CONFIRMATION_OK"
5204,10325480474,10325480504,1,"IOTHUB_CLIENT_CONFIRMATION_OK"
5205,10325480674,10325480719,1,"IOTHUB_CLIENT_CONFIRMATION_OK"
5206,10325480874,10325480906,1,"IOTHUB_CLIENT_CONFIRMATION_OK"
5207,10325481075,10325481107,1,"IOTHUB_CLIENT_CONFIRMATION_OK"
5208,10325481275,10325481305,1,"IOTHUB_CLIENT_CONFIRMATION_OK"
5209,10325481475,10325481523,1,"IOTHUB_CLIENT_CONFIRMATION_OK"
5210,10325481675,10325481727,1,"IOTHUB_CLIENT_CONFIRMATION_OK"
5211,10325481875,10325481932,1,"IOTHUB_CLIENT_CONFIRMATION_OK"
5212,10325482075,10325482106,1,"IOTHUB_CLIENT_CONFIRMATION_OK"
5213,10325482276,10325482312,1,"IOTHUB_CLIENT_CONFIRMATION_OK"
5214,10325482476,10325482506,1,"IOTHUB_CLIENT_CONFIRMATION_OK"
5215,10325482676,10325482705,1,"IOTHUB_CLIENT_CONFIRMATION_OK"
5216,10325482876,10325482908,1,"IOTHUB_CLIENT_CONFIRMATION_OK"
5217,10325483076,10325483112,1,"IOTHUB_CLIENT_CONFIRMATION_OK"
5218,10325483277,10325483307,1,"IOTHUB_CLIENT_CONFIRMATION_OK"
5219,10325483477,10325483541,1,"IOTHUB_CLIENT_CONFIRMATION_OK"
5220,10325483677,10325483710,1,"IOTHUB_CLIENT_CONFIRMATION_OK"
5221,10325483877,10325483936,1,"IOTHUB_CLIENT_CONFIRMATION_OK"
5222,10325484077,10325484109,1,"IOTHUB_CLIENT_CONFIRMATION_OK"
5223,10325484278,10325484312,1,"IOTHUB_CLIENT_CONFIRMATION_OK"
5224,10325484478,10325484535,1,"IOTHUB_CLIENT_CONFIRMATION_OK"
5225,10325484678,10325484715,1,"IOTHUB_CLIENT_CONFIRMATION_OK"
5226,10325484878,10325484911,1,"IOTHUB_CLIENT_CONFIRMATION_OK"
5227,10325485078,10325485114,1,"IOTHUB_CLIENT_CONFIRMATION_OK"
5228,10325485278,10325485309,1,"IOTHUB_CLIENT_CONFIRMATION_OK"
5229,10325485479,10325485538,1,"IOTHUB_CLIENT_CONFIRMATION_OK"
5230,10325485679,10325485757,1,"IOTHUB_CLIENT_CONFIRMATION_OK"
5231,10325485879,10325485910,1,"IOTHUB_CLIENT_CONFIRMATION_OK"
5232,10325486079,10325486145,1,"IOTHUB_CLIENT_CONFIRMATION_OK"
5233,10325486279,10325486314,1,"IOTHUB_CLIENT_CONFIRMATION_OK"
5234,10325486479,10325486511,1,"IOTHUB_CLIENT_CONFIRMATION_OK"
5235,10325486679,10325486749,1,"IOTHUB_CLIENT_CONFIRMATION_OK"
5236,10325486880,10325486910,1,"IOTHUB_CLIENT_CONFIRMATION_OK"
5237,10325487080,10325487282,1,"IOTHUB_CLIENT_CONFIRMATION_OK"
5238,10325487280,10325487371,1,"IOTHUB_CLIENT_CONFIRMATION_OK"
5239,10325487480,10325487513,1,"IOTHUB_CLIENT_CONFIRMATION_OK"
5240,10325487680,10325487722,1,"IOTHUB_CLIENT_CONFIRMATION_OK"
5241,10325487880,10325487915,1,"IOTHUB_CLIENT_CONFIRMATION_OK"
5242,10325488081,10325488111,1,"IOTHUB_CLIENT_CONFIRMATION_OK"
5243,10325488281,10325488313,1,"IOTHUB_CLIENT_CONFIRMATION_OK"
5244,10325488481,10325488538,1,"IOTHUB_CLIENT_CONFIRMATION_OK"
5245,10325488681,10325488714,1,"IOTHUB_CLIENT_CONFIRMATION_OK"
5246,10325488881,10325488917,1,"IOTHUB_CLIENT_CONFIRMATION_OK"
5247,10325489081,10325489110,1,"IOTHUB_CLIENT_CONFIRMATION_OK"
5248,10325489281,10325489318,1,"IOTHUB_CLIENT_CONFIRMATION_OK"
5249,10325489482,10325489672,1,"IOTHUB_CLIENT_CONFIRMATION_OK"
5250,10325489682,10325489776,1,"IOTHUB_CLIENT_CONFIRMATION_OK"
5251,10325489882,10325489922,1,"IOTHUB_CLIENT_CONFIRMATION_OK"
5252,10325490082,10325490111,1,"IOTHUB_CLIENT_CONFIRMATION_OK"
5253,10325490282,10325490318,1,"IOTHUB_CLIENT_CONFIRMATION_OK"
5254,10325490482,10325490526,1,"IOTHUB_CLIENT_CONFIRMATION_OK"
5255,10325490683,10325490730,1,"IOTHUB_CLIENT_CONFIRMATION_OK"
5256,10325490883,10325491054,1,"IOTHUB_CLIENT_CONFIRMATION_OK"
5257,10325491083,10325491117,1,"IOTHUB_CLIENT_CONFIRMATION_OK"
5258,10325491283,10325491335,1,"IOTHUB_CLIENT_CONFIRMATION_OK"
5259,10325491483,10325491539,1,"IOTHUB_CLIENT_CONFIRMATION_OK"
5260,10325491683,10325491713,1,"IOTHUB_CLIENT_CONFIRMATION_OK"
5261,10325491884,10325491942,1,"IOTHUB_CLIENT_CONFIRMATION_OK"
5262,10325492084,10325492114,1,"IOTHUB_CLIENT_CONFIRMATION_OK"
5263,10325492284,10325492318,1,"IOTHUB_CLIENT_CONFIRMATION_OK"
5264,10325492484,10325492551,1,"IOTHUB_CLIENT_CONFIRMATION_OK"
5265,10325492684,10325492717,1,"IOTHUB_CLIENT_CONFIRMATION_OK"
5266,10325492884,10325492924,1,"IOTHUB_CLIENT_CONFIRMATION_OK"
5267,10325493085,10325493131,1,"IOTHUB_CLIENT_CONFIRMATION_OK"
5268,10325493285,10325493392,1,"IOTHUB_CLIENT_CONFIRMATION_OK"
5269,10325493485,10325493561,1,"IOTHUB_CLIENT_CONFIRMATION_OK"
5270,10325493685,10325493776,1,"IOTHUB_CLIENT_CONFIRMATION_OK"
5271,10325493885,10325493917,1,"IOTHUB_CLIENT_CONFIRMATION_OK"
5272,10325494085,10325494115,1,"IOTHUB_CLIENT_CONFIRMATION_OK"
5273,10325494285,10325494317,1,"IOTHUB_CLIENT_CONFIRMATION_OK"
5274,10325494486,10325494528,1,"IOTHUB_CLIENT_CONFIRMATION_OK"
5275,10325494686,10325494769,1,"IOTHUB_CLIENT_CONFIRMATION_OK"
5276,10325494886,10325494951,1,"IOTHUB_CLIENT_CONFIRMATION_OK"
5277,10325495086,10325495133,1,"IOTHUB_CLIENT_CONFIRMATION_OK"
5278,10325495286,10325495396,1,"IOTHUB_CLIENT_CONFIRMATION_OK"
5279,10325495487,10325495520,1,"IOTHUB_CLIENT_CONFIRMATION_OK"
5280,10325495687,10325495734,1,"IOTHUB_CLIENT_CONFIRMATION_OK"
5281,10325495887,10325495998,1,"IOTHUB_CLIENT_CONFIRMATION_OK"
5282,10325496087,10325496124,1,"IOTHUB_CLIENT_CONFIRMATION_OK"
5283,10325496287,10325496320,1,"IOTHUB_CLIENT_CONFIRMATION_OK"
5284,10325496487,10325496612,1,"IOTHUB_CLIENT_CONFIRMATION_OK"
5285,10325496688,10325496880,1,"IOTHUB_CLIENT_CONFIRMATION_OK"
5286,10325496888,10325496919,1,"IOTHUB_CLIENT_CONFIRMATION_OK"
5287,10325497088,10325497128,1,"IOTHUB_CLIENT_CONFIRMATION_OK"
5288,10325497288,10325497318,1,"IOTHUB_CLIENT_CONFIRMATION_OK"
5289,10325497488,10325497530,1,"IOTHUB_CLIENT_CONFIRMATION_OK"
5290,10325497688,10325497722,1,"IOTHUB_CLIENT_CONFIRMATION_OK"
5291,10325497888,10325497926,1,"IOTHUB_CLIENT_CONFIRMATION_OK"
5292,10325498089,10325498149,1,"IOTHUB_CLIENT_CONFIRMATION_OK"
5293,10325498289,10325498361,1,"IOTHUB_CLIENT_CONFIRMATION_OK"
5294,10325498489,10325498564,1,"IOTHUB_CLIENT_CONFIRMATION_OK"
5295,10325498689,10325498726,1,"IOTHUB_CLIENT_CONFIRMATION_OK"
5296,10325498889,10325498929,1,"IOTHUB_CLIENT_CONFIRMATION_OK"
5297,10325499090,10325499128,1,"IOTHUB_CLIENT_CONFIRMATION_OK"
5298,10325499290,10325499323,1,"IOTHUB_CLIENT_CONFIRMATION_OK"
5299,10325499490,10325499531,1,"IOTHUB_CLIENT_CONFIRMATION_OK"
5300,10325499690,10325499724,1,"IOTHUB_CLIENT_CONFIRMATION_OK"
5301,10325499890,10325499923,1,"IOTHUB_CLIENT_CONFIRMATION_OK"
5302,10325500090,10325500121,1,"IOTHUB_CLIENT_CONFIRMATION_OK"
5303,10325500291,10325500322,1,"IOTHUB_CLIENT_CONFIRMATION_OK"
5304,10325500491,10325500538,1,"IOTHUB_CLIENT_CONFIRMATION_OK"
5305,10325500691,10325500741,1,"IOTHUB_CLIENT_CONFIRMATION_OK"
5306,10325500891,10325500924,1,"IOTHUB_CLIENT_CONFIRMATION_OK"
5307,10325501091,10325501150,1,"IOTHUB_CLIENT_CONFIRMATION_OK"
5308,10325501291,10325501323,1,"IOTHUB_CLIENT_CONFIRMATION_OK"
5309,10325501492,10325501525,1,"IOTHUB_CLIENT_CONFIRMATION_OK"
5310,10325501692,10325501761,1,"IOTHUB_CLIENT_CONFIRMATION_OK"
5311,10325501892,10325501927,1,"IOTHUB_CLIENT_CONFIRMATION_OK"
5312,10325502092,10325502129,1,"IOTHUB_CLIENT_CONFIRMATION_OK"
5313,10325502292,10325502363,1,"IOTHUB_CLIENT_CONFIRMATION_OK"
5314,10325502492,10325502526,1,"IOTHUB_CLIENT_CONFIRMATION_OK"
5315,10325502692,10325502725,1,"IOTHUB_CLIENT_CONFIRMATION_OK"
5316,10325502893,10325502971,1,"IOTHUB_CLIENT_CONFIRMATION_OK"
5317,10325503093,10325503178,1,"IOTHUB_CLIENT_CONFIRMATION_OK"
5318,10325503293,10325503331,1,"IOTHUB_CLIENT_CONFIRMATION_OK"
5319,10325503493,10325503573,1,"IOTHUB_CLIENT_CONFIRMATION_OK"
5320,10325503693,10325503727,1,"IOTHUB_CLIENT_CONFIRMATION_OK"
5321,10325503894,10325503926,1,"IOTHUB_CLIENT_CONFIRMATION_OK"
5322,10325504094,10325504123,1,"IOTHUB_CLIENT_CONFIRMATION_OK"
5323,10325504294,10325504345,1,"IOTHUB_CLIENT_CONFIRMATION_OK"
5324,10325504494,10325504592,1,"IOTHUB_CLIENT_CONFIRMATION_OK"
5325,10325504694,10325504727,1,"IOTHUB_CLIENT_CONFIRMATION_OK"
5326,10325504894,10325504928,1,"IOTHUB_CLIENT_CONFIRMATION_OK"
5327,10325505095,10325505214,1,"IOTHUB_CLIENT_CONFIRMATION_OK"
5328,10325505295,10325505365,1,"IOTHUB_CLIENT_CONFIRMATION_OK"
5329,10325505495,10325505528,1,"IOTHUB_CLIENT_CONFIRMATION_OK"
5330,10325505695,10325505809,1,"IOTHUB_CLIENT_CONFIRMATION_OK"
5331,10325505896,10325505986,1,"IOTHUB_CLIENT_CONFIRMATION_OK"
5332,10325506096,10325506180,1,"IOTHUB_CLIENT_CONFIRMATION_OK"
5333,10325506296,10325506430,1,"IOTHUB_CLIENT_CONFIRMATION_OK"
5334,10325506496,10325506538,1,"IOTHUB_CLIENT_CONFIRMATION_OK"
5335,10325506696,10325506729,1,"IOTHUB_CLIENT_CONFIRMATION_OK"
5336,10325506896,10325507083,1,"IOTHUB_CLIENT_CONFIRMATION_OK"
5337,10325507096,10325507353,1,"IOTHUB_CLIENT_CONFIRMATION_OK"
5338,10325507297,10325507386,1,"IOTHUB_CLIENT_CONFIRMATION_OK"
5339,10325507497,10325507531,1,"IOTHUB_CLIENT_CONFIRMATION_OK"
5340,10325507697,10325507729,1,"IOTHUB_CLIENT_CONFIRMATION_OK"
5341,10325507897,10325507933,1,"IOTHUB_CLIENT_CONFIRMATION_OK"
5342,10325508097,10325508143,1,"IOTHUB_CLIENT_CONFIRMATION_OK"
5343,10325508298,10325508592,1,"IOTHUB_CLIENT_CONFIRMATION_OK"
5344,10325508498,10325508784,1,"IOTHUB_CLIENT_CONFIRMATION_OK"
5345,10325508698,10325508820,1,"IOTHUB_CLIENT_CONFIRMATION_OK"
5346,10325508898,10325509405,1,"IOTHUB_CLIENT_CONFIRMATION_OK"
5347,10325509098,10325509449,1,"IOTHUB_CLIENT_CONFIRMATION_OK"
5348,10325509298,10325509482,1,"IOTHUB_CLIENT_CONFIRMATION_OK"
5349,10325509499,10325509535,1,"IOTHUB_CLIENT_CONFIRMATION_OK"
5350,10325509699,10325509998,1,"IOTHUB_CLIENT_CONFIRMATION_OK"
5351,10325509899,10325510088,1,"IOTHUB_CLIENT_CONFIRMATION_OK"
5352,10325510099,10325510135,1,"IOTHUB_CLIENT_CONFIRMATION_OK"
5353,10325510299,10325510335,1,"IOTHUB_CLIENT_CONFIRMATION_OK"
5354,10325510499,10325510577,1,"IOTHUB_CLIENT_CONFIRMATION_OK"
5355,10325510700,10325510731,1,"IOTHUB_CLIENT_CONFIRMATION_OK"
5356,10325510900,10325510950,1,"IOTHUB_CLIENT_CONFIRMATION_OK"
5357,10325511100,10325511141,1,"IOTHUB_CLIENT_CONFIRMATION_OK"
5358,10325511300,10325511335,1,"IOTHUB_CLIENT_CONFIRMATION_OK"
5359,10325511500,10325511543,1,"IOTHUB_CLIENT_CONFIRMATION_OK"
5360,10325511700,10325511733,1,"IOTHUB_CLIENT_CONFIRMATION_OK"
5361,10325511900,10325511936,1,"IOTHUB_CLIENT_CONFIRMATION_OK"
5362,10325512101,10325512150,1,"IOTHUB_CLIENT_CONFIRMATION_OK"
5363,10325512301,10325512435,1,"IOTHUB_CLIENT_CONFIRMATION_OK"
5364,10325512501,10325512538,1,"IOTHUB_CLIENT_CONFIRMATION_OK"
5365,10325512701,10325512732,1,"IOTHUB_CLIENT_CONFIRMATION_OK"
5366,10325512901,10325512933,1,"IOTHUB_CLIENT_CONFIRMATION_OK"
5367,10325513101,10325513496,1,"IOTHUB_CLIENT_CONFIRMATION_OK"
5368,10325513301,10325513619,1,"IOTHUB_CLIENT_CONFIRMATION_OK"
5369,10325513502,10325513650,1,"IOTHUB_CLIENT_CONFIRMATION_OK"
5370,10325513702,10325513772,1,"IOTHUB_CLIENT_CONFIRMATION_OK"
5371,10325513902,10325513955,1,"IOTHUB_CLIENT_CONFIRMATION_OK"
5372,10325514102,10325514136,1,"IOTHUB_CLIENT_CONFIRMATION_OK"
5373,10325514302,10325514394,1,"IOTHUB_CLIENT_CONFIRMATION_OK"
5374,10325514503,10325514537,1,"IOTHUB_CLIENT_CONFIRMATION_OK"
5375,10325514703,10325514744,1,"IOTHUB_CLIENT_CONFIRMATION_OK"
5376,10325514903,10325514971,1,"IOTHUB_CLIENT_CONFIRMATION_OK"
5377,10325515103,10325515255,1,"IOTHUB_CLIENT_CONFIRMATION_OK"
5378,10325515303,10325515595,1,"IOTHUB_CLIENT_CONFIRMATION_OK"
5379,10325515504,10325515627,1,"IOTHUB_CLIENT_CONFIRMATION_OK"
5380,10325515704,10325515737,1,"IOTHUB_CLIENT_CONFIRMATION_OK"
5381,10325515904,10325515940,1,"IOTHUB_CLIENT_CONFIRMATION_OK"
5382,10325516104,10325516200,1,"IOTHUB_CLIENT_CONFIRMATION_OK"
5383,10325516304,10325516341,1,"IOTHUB_CLIENT_CONFIRMATION_OK"
5384,10325516505,10325516555,1,"IOTHUB_CLIENT_CONFIRMATION_OK"
5385,10325516705,10325516873,1,"IOTHUB_CLIENT_CONFIRMATION_OK"
5386,10325516905,10325516952,1,"IOTHUB_CLIENT_CONFIRMATION_OK"
5387,10325517105,10325517147,1,"IOTHUB_CLIENT_CONFIRMATION_OK"
5388,10325517305,10325517357,1,"IOTHUB_CLIENT_CONFIRMATION_OK"
5389,10325517506,10325517543,1,"IOTHUB_CLIENT_CONFIRMATION_OK"
5390,10325517706,10325517755,1,"IOTHUB_CLIENT_CONFIRMATION_OK"
5391,10325517906,10325518000,1,"IOTHUB_CLIENT_CONFIRMATION_OK"
5392,10325518106,10325518155,1,"IOTHUB_CLIENT_CONFIRMATION_OK"
5393,10325518306,10325518338,1,"IOTHUB_CLIENT_CONFIRMATION_OK"
5394,10325518506,10325518538,1,"IOTHUB_CLIENT_CONFIRMATION_OK"
5395,10325518706,10325518767,1,"IOTHUB_CLIENT_CONFIRMATION_OK"
5396,10325518907,10325519260,1,"IOTHUB_CLIENT_CONFIRMATION_OK"
5397,10325519107,10325519385,1,"IOTHUB_CLIENT_CONFIRMATION_OK"
5398,10325519307,10325519421,1,"IOTHUB_CLIENT_CONFIRMATION_OK"
5399,10325519507,10325519675,1,"IOTHUB_CLIENT_CONFIRMATION_OK"
5400,10325519707,10325519750,1,"IOTHUB_CLIENT_CONFIRMATION_OK"
5401,10325519908,10325521676,1,"IOTHUB_CLIENT_CONFIRMATION_OK"
5402,10325520108,10325522690,1,"IOTHUB_CLIENT_CONFIRMATION_OK"
5403,10325520308,10325522719,1,"IOTHUB_CLIENT_CONFIRMATION_OK"
5404,10325520508,10325523272,1,"IOTHUB_CLIENT_CONFIRMATION_OK"
5405,10325520708,10325523535,1,"IOTHUB_CLIENT_CONFIRMATION_OK"
5406,10325520908,10325523571,1,"IOTHUB_CLIENT_CONFIRMATION_OK"
5407,10325521108,10325523607,1,"IOTHUB_CLIENT_CONFIRMATION_OK"
5408,10325521309,10325523643,1,"IOTHUB_CLIENT_CONFIRMATION_OK"
5409,10325521509,10325523674,1,"IOTHUB_CLIENT_CONFIRMATION_OK"
5410,10325521709,10325523712,1,"IOTHUB_CLIENT_CONFIRMATION_OK"
5411,10325521909,10325523731,1,"IOTHUB_CLIENT_CONFIRMATION_OK"
5412,10325522109,10325523765,1,"IOTHUB_CLIENT_CONFIRMATION_OK"
5413,10325522310,10325523788,1,"IOTHUB_CLIENT_CONFIRMATION_OK"
5414,10325522510,10325523822,1,"IOTHUB_CLIENT_CONFIRMATION_OK"
5415,10325522710,10325523901,1,"IOTHUB_CLIENT_CONFIRMATION_OK"
5416,10325522910,10325523933,1,"IOTHUB_CLIENT_CONFIRMATION_OK"
5417,10325523110,10325524200,1,"IOTHUB_CLIENT_CONFIRMATION_OK"
5418,10325523311,10325524233,1,"IOTHUB_CLIENT_CONFIRMATION_OK"
5419,10325523511,10325524260,1,"IOTHUB_CLIENT_CONFIRMATION_OK"
5420,10325523711,10325524293,1,"IOTHUB_CLIENT_CONFIRMATION_OK"
5421,10325523911,10325524332,1,"IOTHUB_CLIENT_CONFIRMATION_OK"
5422,10325524111,10325524351,1,"IOTHUB_CLIENT_CONFIRMATION_OK"
5423,10325524312,10325524567,1,"IOTHUB_CLIENT_CONFIRMATION_OK"
5424,10325524512,10325525337,1,"IOTHUB_CLIENT_CONFIRMATION_OK"
5425,10325524712,10325525426,1,"IOTHUB_CLIENT_CONFIRMATION_OK"
5426,10325524912,10325525458,1,"IOTHUB_CLIENT_CONFIRMATION_OK"
5427,10325525112,10325525493,1,"IOTHUB_CLIENT_CONFIRMATION_OK"
5428,10325525312,10325525666,1,"IOTHUB_CLIENT_CONFIRMATION_OK"
5429,10325525513,10325525879,1,"IOTHUB_CLIENT_CONFIRMATION_OK"
5430,10325525713,10325526029,1,"IOTHUB_CLIENT_CONFIRMATION_OK"
5431,10325525913,10325526061,1,"IOTHUB_CLIENT_CONFIRMATION_OK"
5432,10325526113,10325526150,1,"IOTHUB_CLIENT_CONFIRMATION_OK"
5433,10325526313,10325526349,1,"IOTHUB_CLIENT_CONFIRMATION_OK"
5434,10325526513,10325526648,1,"IOTHUB_CLIENT_CONFIRMATION_OK"
5435,10325526714,10325526748,1,"IOTHUB_CLIENT_CONFIRMATION_OK"
5436,10325526914,10325526992,1,"IOTHUB_CLIENT_CONFIRMATION_OK"
5437,10325527114,10325527164,1,"IOTHUB_CLIENT_CONFIRMATION_OK"
5438,10325527314,10325527398,1,"IOTHUB_CLIENT_CONFIRMATION_OK"
5439,10325527514,10325527974,1,"IOTHUB_CLIENT_CONFIRMATION_OK"
5440,10325527714,10325528212,1,"IOTHUB_CLIENT_CONFIRMATION_OK"
5441,10325527914,10325528938,1,"IOTHUB_CLIENT_CONFIRMATION_OK"
5442,10325528115,10325528967,1,"IOTHUB_CLIENT_CONFIRMATION_OK"
5443,10325528315,10325528998,1,"IOTHUB_CLIENT_CONFIRMATION_OK"
5444,10325528515,10325529314,1,"IOTHUB_CLIENT_CONFIRMATION_OK"
5445,10325528715,10325529342,1,"IOTHUB_CLIENT_CONFIRMATION_OK"
5446,10325528915,10325529381,1,"IOTHUB_CLIENT_CONFIRMATION_OK"
5447,10325529115,10325529506,1,"IOTHUB_CLIENT_CONFIRMATION_OK"
5448,10325529316,10325529580,1,"IOTHUB_CLIENT_CONFIRMATION_OK"
5449,10325529516,10325529605,1,"IOTHUB_CLIENT_CONFIRMATION_OK"
5450,10325529716,10325529805,1,"IOTHUB_CLIENT_CONFIRMATION_OK"
5451,10325529916,10325529949,1,"IOTHUB_CLIENT_CONFIRMATION_OK"
5452,10325530116,10325530413,1,"IOTHUB_CLIENT_CONFIRMATION_OK"
5453,10325530316,10325530461,1,"IOTHUB_CLIENT_CONFIRMATION_OK"
5454,10325530516,10325530630,1,"IOTHUB_CLIENT_CONFIRMATION_OK"
5455,10325530717,10325530776,1,"IOTHUB_CLIENT_CONFIRMATION_OK"
5456,10325530917,10325530948,1,"IOTHUB_CLIENT_CONFIRMATION_OK"
5457,10325531117,10325531159,1,"IOTHUB_CLIENT_CONFIRMATION_OK"
5458,10325531317,10325531421,1,"IOTHUB_CLIENT_CONFIRMATION_OK"
5459,10325531518,10325531666,1,"IOTHUB_CLIENT_CONFIRMATION_OK"
5460,10325531718,10325531764,1,"IOTHUB_CLIENT_CONFIRMATION_OK"
5461,10325531918,10325531956,1,"IOTHUB_CLIENT_CONFIRMATION_OK"
5462,10325532118,10325532159,1,"IOTHUB_CLIENT_CONFIRMATION_OK"
5463,10325532318,10325532391,1,"IOTHUB_CLIENT_CONFIRMATION_OK"
5464,10325532518,10325532781,1,"IOTHUB_CLIENT_CONFIRMATION_OK"
5465,10325532719,10325532806,1,"IOTHUB_CLIENT_CONFIRMATION_OK"
5466,10325532919,10325533502,1,"IOTHUB_CLIENT_CONFIRMATION_OK"
5467,10325533119,10325533536,1,"IOTHUB_CLIENT_CONFIRMATION_OK"
5468,10325533319,10325533647,1,"IOTHUB_CLIENT_CONFIRMATION_OK"
5469,10325533519,10325533671,1,"IOTHUB_CLIENT_CONFIRMATION_OK"
5470,10325533719,10325533762,1,"IOTHUB_CLIENT_CONFIRMATION_OK"
5471,10325533919,10325533961,1,"IOTHUB_CLIENT_CONFIRMATION_OK"
5472,10325534120,10325534172,1,"IOTHUB_CLIENT_CONFIRMATION_OK"
5473,10325534320,10325534349,1,"IOTHUB_CLIENT_CONFIRMATION_OK"
5474,10325534520,10325534714,1,"IOTHUB_CLIENT_CONFIRMATION_OK"
5475,10325534720,10325534754,1,"IOTHUB_CLIENT_CONFIRMATION_OK"
5476,10325534920,10325534965,1,"IOTHUB_CLIENT_CONFIRMATION_OK"
5477,10325535120,10325535152,1,"IOTHUB_CLIENT_CONFIRMATION_OK"
5478,10325535321,10325535354,1,"IOTHUB_CLIENT_CONFIRMATION_OK"
5479,10325535521,10325535555,1,"IOTHUB_CLIENT_CONFIRMATION_OK"
5480,10325535721,10325535755,1,"IOTHUB_CLIENT_CONFIRMATION_OK"
5481,10325535921,10325535955,1,"IOTHUB_CLIENT_CONFIRMATION_OK"
5482,10325536121,10325536319,1,"IOTHUB_CLIENT_CONFIRMATION_OK"
5483,10325536322,10325536375,1,"IOTHUB_CLIENT_CONFIRMATION_OK"
5484,10325536522,10325536553,1,"IOTHUB_CLIENT_CONFIRMATION_OK"
5485,10325536722,10325536806,1,"IOTHUB_CLIENT_CONFIRMATION_OK"
5486,10325536922,10325536964,1,"IOTHUB_CLIENT_CONFIRMATION_OK"
5487,10325537122,10325537163,1,"IOTHUB_CLIENT_CONFIRMATION_OK"
5488,10325537322,10325537366,1,"IOTHUB_CLIENT_CONFIRMATION_OK"
5489,10325537523,10325537561,1,"IOTHUB_CLIENT_CONFIRMATION_OK"
5490,10325537723,10325537752,1,"IOTHUB_CLIENT_CONFIRMATION_OK"
5491,10325537923,10325537990,1,"IOTHUB_CLIENT_CONFIRMATION_OK"
5492,10325538123,10325538168,1,"IOTHUB_CLIENT_CONFIRMATION_OK"
5493,10325538323,10325538398,1,"IOTHUB_CLIENT_CONFIRMATION_OK"
5494,10325538523,10325538555,1,"IOTHUB_CLIENT_CONFIRMATION_OK"
5495,10325538724,10325538860,1,"IOTHUB_CLIENT_CONFIRMATION_OK"
5496,10325538924,10325538990,1,"IOTHUB_CLIENT_CONFIRMATION_OK"
5497,10325539124,10325539420,1,"IOTHUB_CLIENT_CONFIRMATION_OK"
5498,10325539324,10325539459,1,"IOTHUB_CLIENT_CONFIRMATION_OK"
5499,10325539524,10325539560,1,"IOTHUB_CLIENT_CONFIRMATION_OK"
5500,10325539724,10325540140,1,"IOTHUB_CLIENT_CONFIRMATION_OK"
5501,10325539925,10325540170,1,"IOTHUB_CLIENT_CONFIRMATION_OK"
5502,10325540125,10325540211,1,"IOTHUB_CLIENT_CONFIRMATION_OK"
5503,10325540325,10325540360,1,"IOTHUB_CLIENT_CONFIRMATION_OK"
5504,10325540525,10325540566,1,"IOTHUB_CLIENT_CONFIRMATION_OK"
5505,10325540725,10325540777,1,"IOTHUB_CLIENT_CONFIRMATION_OK"
5506,10325540926,10325540962,1,"IOTHUB_CLIENT_CONFIRMATION_OK"
5507,10325541126,10325541162,1,"IOTHUB_CLIENT_CONFIRMATION_OK"
5508,10325541326,10325541362,1,"IOTHUB_CLIENT_CONFIRMATION_OK"
5509,10325541526,10325541667,1,"IOTHUB_CLIENT_CONFIRMATION_OK"
5510,10325541726,10325541775,1,"IOTHUB_CLIENT_CONFIRMATION_OK"
5511,10325541926,10325541961,1,"IOTHUB_CLIENT_CONFIRMATION_OK"
5512,10325542127,10325542163,1,"IOTHUB_CLIENT_CONFIRMATION_OK"
5513,10325542327,10325542375,1,"IOTHUB_CLIENT_CONFIRMATION_OK"
5514,10325542527,10325542557,1,"IOTHUB_CLIENT_CONFIRMATION_OK"
5515,10325542727,10325542814,1,"IOTHUB_CLIENT_CONFIRMATION_OK"
5516,10325542927,10325542958,1,"IOTHUB_CLIENT_CONFIRMATION_OK"
5517,10325543127,10325544008,1,"IOTHUB_CLIENT_CONFIRMATION_OK"
5518,10325543328,10325544261,1,"IOTHUB_CLIENT_CONFIRMATION_OK"
5519,10325543528,10325544295,1,"IOTHUB_CLIENT_CONFIRMATION_OK"
5520,10325543728,10325544331,1,"IOTHUB_CLIENT_CONFIRMATION_OK"
5521,10325543928,10325544361,1,"IOTHUB_CLIENT_CONFIRMATION_OK"
5522,10325544128,10325544404,1,"IOTHUB_CLIENT_CONFIRMATION_OK"
5523,10325544329,10325544430,1,"IOTHUB_CLIENT_CONFIRMATION_OK"
5524,10325544529,10325544663,1,"IOTHUB_CLIENT_CONFIRMATION_OK"
5525,10325544729,10325544759,1,"IOTHUB_CLIENT_CONFIRMATION_OK"
5526,10325544929,10325545051,1,"IOTHUB_CLIENT_CONFIRMATION_OK"
5527,10325545129,10325545161,1,"IOTHUB_CLIENT_CONFIRMATION_OK"
5528,10325545330,10325545426,1,"IOTHUB_CLIENT_CONFIRMATION_OK"
5529,10325545530,10325545658,1,"IOTHUB_CLIENT_CONFIRMATION_OK"
5530,10325545730,10325545765,1,"IOTHUB_CLIENT_CONFIRMATION_OK"
5531,10325545930,10325546075,1,"IOTHUB_CLIENT_CONFIRMATION_OK"
5532,10325546130,10325546291,1,"IOTHUB_CLIENT_CONFIRMATION_OK"
5533,10325546331,10325546665,1,"IOTHUB_CLIENT_CONFIRMATION_OK"
5534,10325546531,10325546919,1,"IOTHUB_CLIENT_CONFIRMATION_OK"
5535,10325546731,10325546939,1,"IOTHUB_CLIENT_CONFIRMATION_OK"
5536,10325546931,10325546975,1,"IOTHUB_CLIENT_CONFIRMATION_OK"
5537,10325547131,10325547590,1,"IOTHUB_CLIENT_CONFIRMATION_OK"
5538,10325547332,10325547649,1,"IOTHUB_CLIENT_CONFIRMATION_OK"
5539,10325547532,10325547677,1,"IOTHUB_CLIENT_CONFIRMATION_OK"
5540,10325547732,10325547765,1,"IOTHUB_CLIENT_CONFIRMATION_OK"
5541,10325547932,10325547974,1,"IOTHUB_CLIENT_CONFIRMATION_OK"
5542,10325548132,10325548190,1,"IOTHUB_CLIENT_CONFIRMATION_OK"
5543,10325548332,10325548366,1,"IOTHUB_CLIENT_CONFIRMATION_OK"
5544,10325548532,10325548574,1,"IOTHUB_CLIENT_CONFIRMATION_OK"
5545,10325548733,10325548770,1,"IOTHUB_CLIENT_CONFIRMATION_OK"
5546,10325548933,10325548968,1,"IOTHUB_CLIENT_CONFIRMATION_OK"
5547,10325549133,10325549175,1,"IOTHUB_CLIENT_CONFIRMATION_OK"
5548,10325549333,10325549368,1,"IOTHUB_CLIENT_CONFIRMATION_OK"
5549,10325549533,10325549846,1,"IOTHUB_CLIENT_CONFIRMATION_OK"
5550,10325549733,10325549911,1,"IOTHUB_CLIENT_CONFIRMATION_OK"
5551,10325549934,10325549973,1,"IOTHUB_CLIENT_CONFIRMATION_OK"
5552,10325550134,10325550200,1,"IOTHUB_CLIENT_CONFIRMATION_OK"
5553,10325550334,10325550406,1,"IOTHUB_CLIENT_CONFIRMATION_OK"
5554,10325550534,10325550568,1,"IOTHUB_CLIENT_CONFIRMATION_OK"
5555,10325550734,10325550808,1,"IOTHUB_CLIENT_CONFIRMATION_OK"
5556,10325550935,10325550966,1,"IOTHUB_CLIENT_CONFIRMATION_OK"
5557,10325551135,10325551168,1,"IOTHUB_CLIENT_CONFIRMATION_OK"
5558,10325551335,10325551422,1,"IOTHUB_CLIENT_CONFIRMATION_OK"
5559,10325551535,10325551578,1,"IOTHUB_CLIENT_CONFIRMATION_OK"
5560,10325551735,10325551770,1,"IOTHUB_CLIENT_CONFIRMATION_OK"
5561,10325551936,10325552068,1,"IOTHUB_CLIENT_CONFIRMATION_OK"
5562,10325552136,10325552165,1,"IOTHUB_CLIENT_CONFIRMATION_OK"
5563,10325552336,10325552373,1,"IOTHUB_CLIENT_CONFIRMATION_OK"
5564,10325552536,10325552611,1,"IOTHUB_CLIENT_CONFIRMATION_OK"
5565,10325552736,10325552772,1,"IOTHUB_CLIENT_CONFIRMATION_OK"
5566,10325552937,10325552971,1,"IOTHUB_CLIENT_CONFIRMATION_OK"
5567,10325553137,10325553170,1,"IOTHUB_CLIENT_CONFIRMATION_OK"
5568,10325553337,10325553368,1,"IOTHUB_CLIENT_CONFIRMATION_OK"
5569,10325553537,10325553570,1,"IOTHUB_CLIENT_CONFIRMATION_OK"
5570,10325553737,10325553768,1,"IOTHUB_CLIENT_CONFIRMATION_OK"
5571,10325553938,10325553972,1,"IOTHUB_CLIENT_CONFIRMATION_OK"
5572,10325554138,10325554169,1,"IOTHUB_CLIENT_CONFIRMATION_OK"
5573,10325554338,10325554373,1,"IOTHUB_CLIENT_CONFIRMATION_OK"
5574,10325554538,10325554571,1,"IOTHUB_CLIENT_CONFIRMATION_OK"
5575,10325554738,10325554941,1,"IOTHUB_CLIENT_CONFIRMATION_OK"
5576,10325554939,10325554971,1,"IOTHUB_CLIENT_CONFIRMATION_OK"
5577,10325555139,10325555175,1,"IOTHUB_CLIENT_CONFIRMATION_OK"
5578,10325555339,10325555372,1,"IOTHUB_CLIENT_CONFIRMATION_OK"
5579,10325555539,10325555653,1,"IOTHUB_CLIENT_CONFIRMATION_OK"
5580,10325555739,10325555776,1,"IOTHUB_CLIENT_CONFIRMATION_OK"
5581,10325555939,10325555972,1,"IOTHUB_CLIENT_CONFIRMATION_OK"
5582,10325556139,10325556339,1,"IOTHUB_CLIENT_CONFIRMATION_OK"
5583,10325556340,10325556381,1,"IOTHUB_CLIENT_CONFIRMATION_OK"
5584,10325556540,10325556595,1,"IOTHUB_CLIENT_CONFIRMATION_OK"
5585,10325556740,10325556771,1,"IOTHUB_CLIENT_CONFIRMATION_OK"
5586,10325556940,10325556972,1,"IOTHUB_CLIENT_CONFIRMATION_OK"
5587,10325557140,10325557178,1,"IOTHUB_CLIENT_CONFIRMATION_OK"
5588,10325557340,10325557430,1,"IOTHUB_CLIENT_CONFIRMATION_OK"
5589,10325557541,10325557570,1,"IOTHUB_CLIENT_CONFIRMATION_OK"
5590,10325557741,10325557779,1,"IOTHUB_CLIENT_CONFIRMATION_OK"
5591,10325557941,10325557973,1,"IOTHUB_CLIENT_CONFIRMATION_OK"
5592,10325558141,10325558171,1,"IOTHUB_CLIENT_CONFIRMATION_OK"
5593,10325558341,10325558372,1,"IOTHUB_CLIENT_CONFIRMATION_OK"
5594,10325558541,10325558575,1,"IOTHUB_CLIENT_CONFIRMATION_OK"
5595,10325558742,10325558773,1,"IOTHUB_CLIENT_CONFIRMATION_OK"
5596,10325558942,10325558979,1,"IOTHUB_CLIENT_CONFIRMATION_OK"
5597,10325559142,10325559172,1,"IOTHUB_CLIENT_CONFIRMATION_OK"
5598,10325559342,10325559373,1,"IOTHUB_CLIENT_CONFIRMATION_OK"
5599,10325559542,10325559573,1,"IOTHUB_CLIENT_CONFIRMATION_OK"
5600,10325559742,10325559842,1,"IOTHUB_CLIENT_CONFIRMATION_OK"
5601,10325559943,10325559986,1,"IOTHUB_CLIENT_CONFIRMATION_OK"
5602,10325560143,10325560201,1,"IOTHUB_CLIENT_CONFIRMATION_OK"
5603,10325560343,10325560379,1,"IOTHUB_CLIENT_CONFIRMATION_OK"
5604,10325560543,10325560590,1,"IOTHUB_CLIENT_CONFIRMATION_OK"
5605,10325560744,10325560792,1,"IOTHUB_CLIENT_CONFIRMATION_OK"
5606,10325560944,10325560979,1,"IOTHUB_CLIENT_CONFIRMATION_OK"
5607,10325561144,10325561193,1,"IOTHUB_CLIENT_CONFIRMATION_OK"
5608,10325561344,10325561378,1,"IOTHUB_CLIENT_CONFIRMATION_OK"
5609,10325561544,10325561579,1,"IOTHUB_CLIENT_CONFIRMATION_OK"
5610,10325561745,10325561847,1,"IOTHUB_CLIENT_CONFIRMATION_OK"
5611,10325561945,10325561975,1,"IOTHUB_CLIENT_CONFIRMATION_OK"
5612,10325562145,10325562186,1,"IOTHUB_CLIENT_CONFIRMATION_OK"
5613,10325562345,10325562417,1,"IOTHUB_CLIENT_CONFIRMATION_OK"
5614,10325562545,10325562587,1,"IOTHUB_CLIENT_CONFIRMATION_OK"
5615,10325562745,10325562794,1,"IOTHUB_CLIENT_CONFIRMATION_OK"
5616,10325562945,10325562980,1,"IOTHUB_CLIENT_CONFIRMATION_OK"
5617,10325563146,10325563178,1,"IOTHUB_CLIENT_CONFIRMATION_OK"
5618,10325563346,10325563514,1,"IOTHUB_CLIENT_CONFIRMATION_OK"
5619,10325563546,10325563594,1,"IOTHUB_CLIENT_CONFIRMATION_OK"
5620,10325563746,10325563812,1,"IOTHUB_CLIENT_CONFIRMATION_OK"
5621,10325563946,10325563997,1,"IOTHUB_CLIENT_CONFIRMATION_OK"
5622,10325564146,10325564199,1,"IOTHUB_CLIENT_CONFIRMATION_OK"
5623,10325564346,10325564401,1,"IOTHUB_CLIENT_CONFIRMATION_OK"
5624,10325564547,10325564653,1,"IOTHUB_CLIENT_CONFIRMATION_OK"
5625,10325564747,10325564777,1,"IOTHUB_CLIENT_CONFIRMATION_OK"
5626,10325564947,10325564981,1,"IOTHUB_CLIENT_CONFIRMATION_OK"
5627,10325565147,10325565273,1,"IOTHUB_CLIENT_CONFIRMATION_OK"
5628,10325565347,10325565383,1,"IOTHUB_CLIENT_CONFIRMATION_OK"
5629,10325565547,10325565592,1,"IOTHUB_CLIENT_CONFIRMATION_OK"
5630,10325565747,10325565887,1,"IOTHUB_CLIENT_CONFIRMATION_OK"
5631,10325565948,10325566051,1,"IOTHUB_CLIENT_CONFIRMATION_OK"
5632,10325566148,10325566184,1,"IOTHUB_CLIENT_CONFIRMATION_OK"
5633,10325566348,10325566489,1,"IOTHUB_CLIENT_CONFIRMATION_OK"
5634,10325566548,10325566582,1,"IOTHUB_CLIENT_CONFIRMATION_OK"
5635,10325566748,10325566785,1,"IOTHUB_CLIENT_CONFIRMATION_OK"
5636,10325566949,10325566988,1,"IOTHUB_CLIENT_CONFIRMATION_OK"
5637,10325567149,10325567194,1,"IOTHUB_CLIENT_CONFIRMATION_OK"
5638,10325567349,10325567384,1,"IOTHUB_CLIENT_CONFIRMATION_OK"
5639,10325567549,10325567580,1,"IOTHUB_CLIENT_CONFIRMATION_OK"
5640,10325567749,10325567781,1,"IOTHUB_CLIENT_CONFIRMATION_OK"
5641,10325567949,10325567979,1,"IOTHUB_CLIENT_CONFIRMATION_OK"
5642,10325568149,10325568195,1,"IOTHUB_CLIENT_CONFIRMATION_OK"
5643,10325568350,10325568383,1,"IOTHUB_CLIENT_CONFIRMATION_OK"
5644,10325568550,10325568608,1,"IOTHUB_CLIENT_CONFIRMATION_OK"
5645,10325568750,10325568793,1,"IOTHUB_CLIENT_CONFIRMATION_OK"
5646,10325568950,10325569215,1,"IOTHUB_CLIENT_CONFIRMATION_OK"
5647,10325569150,10325569324,1,"IOTHUB_CLIENT_CONFIRMATION_OK"
5648,10325569351,10325569385,1,"IOTHUB_CLIENT_CONFIRMATION_OK"
5649,10325569551,10325569619,1,"IOTHUB_CLIENT_CONFIRMATION_OK"
5650,10325569751,10325569830,1,"IOTHUB_CLIENT_CONFIRMATION_OK"
5651,10325569951,10325569982,1,"IOTHUB_CLIENT_CONFIRMATION_OK"
5652,10325570151,10325570210,1,"IOTHUB_CLIENT_CONFIRMATION_OK"
5653,10325570351,10325570458,1,"IOTHUB_CLIENT_CONFIRMATION_OK"
5654,10325570552,10325570589,1,"IOTHUB_CLIENT_CONFIRMATION_OK"
5655,10325570752,10325570864,1,"IOTHUB_CLIENT_CONFIRMATION_OK"
5656,10325570952,10325571081,1,"IOTHUB_CLIENT_CONFIRMATION_OK"
5657,10325571152,10325571187,1,"IOTHUB_CLIENT_CONFIRMATION_OK"
5658,10325571352,10325571384,1,"IOTHUB_CLIENT_CONFIRMATION_OK"
5659,10325571552,10325571684,1,"IOTHUB_CLIENT_CONFIRMATION_OK"
5660,10325571753,10325571785,1,"IOTHUB_CLIENT_CONFIRMATION_OK"
5661,10325571953,10325572139,1,"IOTHUB_CLIENT_CONFIRMATION_OK"
5662,10325572153,10325572197,1,"IOTHUB_CLIENT_CONFIRMATION_OK"
5663,10325572353,10325572387,1,"IOTHUB_CLIENT_CONFIRMATION_OK"
5664,10325572553,10325572619,1,"IOTHUB_CLIENT_CONFIRMATION_OK"
5665,10325572753,10325572791,1,"IOTHUB_CLIENT_CONFIRMATION_OK"
5666,10325572953,10325572988,1,"IOTHUB_CLIENT_CONFIRMATION_OK"
5667,10325573154,10325573229,1,"IOTHUB_CLIENT_CONFIRMATION_OK"
5668,10325573354,10325573387,1,"IOTHUB_CLIENT_CONFIRMATION_OK"
5669,10325573554,10325573587,1,"IOTHUB_CLIENT_CONFIRMATION_OK"
5670,10325573754,10325573789,1,"IOTHUB_CLIENT_CONFIRMATION_OK"
5671,10325573954,10325573987,1,"IOTHUB_CLIENT_CONFIRMATION_OK"
5672,10325574155,10325574185,1,"IOTHUB_CLIENT_CONFIRMATION_OK"
5673,10325574355,10325574536,1,"IOTHUB_CLIENT_CONFIRMATION_OK"
5674,10325574555,10325574586,1,"IOTHUB_CLIENT_CONFIRMATION_OK"
5675,10325574755,10325574797,1,"IOTHUB_CLIENT_CONFIRMATION_OK"
5676,10325574955,10325574987,1,"IOTHUB_CLIENT_CONFIRMATION_OK"
5677,10325575155,10325575197,1,"IOTHUB_CLIENT_CONFIRMATION_OK"
5678,10325575356,10325575488,1,"IOTHUB_CLIENT_CONFIRMATION_OK"
5679,10325575556,10325575586,1,"IOTHUB_CLIENT_CONFIRMATION_OK"
5680,10325575756,10325575798,1,"IOTHUB_CLIENT_CONFIRMATION_OK"
5681,10325575956,10325575988,1,"IOTHUB_CLIENT_CONFIRMATION_OK"
5682,10325576156,10325576195,1,"IOTHUB_CLIENT_CONFIRMATION_OK"
5683,10325576357,10325576390,1,"IOTHUB_CLIENT_CONFIRMATION_OK"
5684,10325576557,10325576759,1,"IOTHUB_CLIENT_CONFIRMATION_OK"
5685,10325576757,10325576786,1,"IOTHUB_CLIENT_CONFIRMATION_OK"
5686,10325576957,10325576987,1,"IOTHUB_CLIENT_CONFIRMATION_OK"
5687,10325577157,10325577186,1,"IOTHUB_CLIENT_CONFIRMATION_OK"
5688,10325577357,10325577394,1,"IOTHUB_CLIENT_CONFIRMATION_OK"
5689,10325577558,10325577590,1,"IOTHUB_CLIENT_CONFIRMATION_OK"
5690,10325577758,10325577797,1,"IOTHUB_CLIENT_CONFIRMATION_OK"
5691,10325577958,10325578000,1,"IOTHUB_CLIENT_CONFIRMATION_OK"
5692,10325578158,10325578207,1,"IOTHUB_CLIENT_CONFIRMATION_OK"
5693,10325578358,10325578390,1,"IOTHUB_CLIENT_CONFIRMATION_OK"
5694,10325578558,10325578612,1,"IOTHUB_CLIENT_CONFIRMATION_OK"
5695,10325578758,10325578796,1,"IOTHUB_CLIENT_CONFIRMATION_OK"
5696,10325578959,10325578993,1,"IOTHUB_CLIENT_CONFIRMATION_OK"
5697,10325579159,10325579217,1,"IOTHUB_CLIENT_CONFIRMATION_OK"
5698,10325579359,10325579417,1,"IOTHUB_CLIENT_CONFIRMATION_OK"
5699,10325579559,10325579733,1,"IOTHUB_CLIENT_CONFIRMATION_OK"
5700,10325579759,10325579795,1,"IOTHUB_CLIENT_CONFIRMATION_OK"
5701,10325579960,10325579992,1,"IOTHUB_CLIENT_CONFIRMATION_OK"
5702,10325580160,10325580249,1,"IOTHUB_CLIENT_CONFIRMATION_OK"
5703,10325580360,10325580418,1,"IOTHUB_CLIENT_CONFIRMATION_OK"
5704,10325580560,10325580592,1,"IOTHUB_CLIENT_CONFIRMATION_OK"
5705,10325580760,10325581276,1,"IOTHUB_CLIENT_CONFIRMATION_OK"
5706,10325580960,10325581418,1,"IOTHUB_CLIENT_CONFIRMATION_OK"
5707,10325581160,10325581473,1,"IOTHUB_CLIENT_CONFIRMATION_OK"
5708,10325581361,10325581494,1,"IOTHUB_CLIENT_CONFIRMATION_OK"
5709,10325581561,10325581619,1,"IOTHUB_CLIENT_CONFIRMATION_OK"
5710,10325581761,10325581799,1,"IOTHUB_CLIENT_CONFIRMATION_OK"
5711,10325581961,10325581994,1,"IOTHUB_CLIENT_CONFIRMATION_OK"
5712,10325582161,10325582194,1,"IOTHUB_CLIENT_CONFIRMATION_OK"
5713,10325582362,10325582393,1,"IOTHUB_CLIENT_CONFIRMATION_OK"
5714,10325582562,10325582596,1,"IOTHUB_CLIENT_CONFIRMATION_OK"
5715,10325582762,10325582791,1,"IOTHUB_CLIENT_CONFIRMATION_OK"
5716,10325582962,10325583004,1,"IOTHUB_CLIENT_CONFIRMATION_OK"
5717,10325583162,10325583194,1,"IOTHUB_CLIENT_CONFIRMATION_OK"
5718,10325583363,10325583393,1,"IOTHUB_CLIENT_CONFIRMATION_OK"
5719,10325583563,10325583619,1,"IOTHUB_CLIENT_CONFIRMATION_OK"
5720,10325583763,10325583806,1,"IOTHUB_CLIENT_CONFIRMATION_OK"
5721,10325583963,10325584041,1,"IOTHUB_CLIENT_CONFIRMATION_OK"
5722,10325584163,10325584199,1,"IOTHUB_CLIENT_CONFIRMATION_OK"
5723,10325584364,10325584485,1,"IOTHUB_CLIENT_CONFIRMATION_OK"
5724,10325584564,10325584597,1,"IOTHUB_CLIENT_CONFIRMATION_OK"
5725,10325584764,10325584931,1,"IOTHUB_CLIENT_CONFIRMATION_OK"
5726,10325584964,10325584996,1,"IOTHUB_CLIENT_CONFIRMATION_OK"
5727,10325585164,10325585193,1,"IOTHUB_CLIENT_CONFIRMATION_OK"
5728,10325585364,10325585417,1,"IOTHUB_CLIENT_CONFIRMATION_OK"
5729,10325585564,10325585596,1,"IOTHUB_CLIENT_CONFIRMATION_OK"
5730,10325585765,10325585870,1,"IOTHUB_CLIENT_CONFIRMATION_OK"
5731,10325585965,10325585995,1,"IOTHUB_CLIENT_CONFIRMATION_OK"
5732,10325586165,10325586195,1,"IOTHUB_CLIENT_CONFIRMATION_OK"
5733,10325586365,10325586399,1,"IOTHUB_CLIENT_CONFIRMATION_OK"
5734,10325586565,10325586598,1,"IOTHUB_CLIENT_CONFIRMATION_OK"
5735,10325586765,10325586797,1,"IOTHUB_CLIENT_CONFIRMATION_OK"
5736,10325586966,10325586998,1,"IOTHUB_CLIENT_CONFIRMATION_OK"
5737,10325587166,10325587196,1,"IOTHUB_CLIENT_CONFIRMATION_OK"
5738,10325587366,10325587398,1,"IOTHUB_CLIENT_CONFIRMATION_OK"
5739,10325587566,10325587599,1,"IOTHUB_CLIENT_CONFIRMATION_OK"
5740,10325587766,10325588191,1,"IOTHUB_CLIENT_CONFIRMATION_OK"
5741,10325587966,10325588226,1,"IOTHUB_CLIENT_CONFIRMATION_OK"
5742,10325588167,10325588263,1,"IOTHUB_CLIENT_CONFIRMATION_OK"
5743,10325588367,10325588410,1,"IOTHUB_CLIENT_CONFIRMATION_OK"
5744,10325588567,10325588598,1,"IOTHUB_CLIENT_CONFIRMATION_OK"
5745,10325588767,10325588798,1,"IOTHUB_CLIENT_CONFIRMATION_OK"
5746,10325588967,10325589055,1,"IOTHUB_CLIENT_CONFIRMATION_OK"
5747,10325589167,10325589199,1,"IOTHUB_CLIENT_CONFIRMATION_OK"
5748,10325589368,10325589417,1,"IOTHUB_CLIENT_CONFIRMATION_OK"
5749,10325589568,10325589757,1,"IOTHUB_CLIENT_CONFIRMATION_OK"
5750,10325589768,10325589804,1,"IOTHUB_CLIENT_CONFIRMATION_OK"
5751,10325589968,10325590047,1,"IOTHUB_CLIENT_CONFIRMATION_OK"
5752,10325590169,10325590219,1,"IOTHUB_CLIENT_CONFIRMATION_OK"
5753,10325590369,10325590400,1,"IOTHUB_CLIENT_CONFIRMATION_OK"
5754,10325590569,10325590641,1,"IOTHUB_CLIENT_CONFIRMATION_OK"
5755,10325590769,10325590802,1,"IOTHUB_CLIENT_CONFIRMATION_OK"
5756,10325590969,10325591003,1,"IOTHUB_CLIENT_CONFIRMATION_OK"
5757,10325591169,10325591278,1,"IOTHUB_CLIENT_CONFIRMATION_OK"
5758,10325591370,10325591406,1,"IOTHUB_CLIENT_CONFIRMATION_OK"
5759,10325591570,10325591607,1,"IOTHUB_CLIENT_CONFIRMATION_OK"
5760,10325591770,10325591888,1,"IOTHUB_CLIENT_CONFIRMATION_OK"
5761,10325591970,10325592229,1,"IOTHUB_CLIENT_CONFIRMATION_OK"
5762,10325592170,10325592255,1,"IOTHUB_CLIENT_CONFIRMATION_OK"
5763,10325592370,10325592412,1,"IOTHUB_CLIENT_CONFIRMATION_OK"
5764,10325592571,10325592725,1,"IOTHUB_CLIENT_CONFIRMATION_OK"
5765,10325592771,10325592802,1,"IOTHUB_CLIENT_CONFIRMATION_OK"
5766,10325592971,10325593001,1,"IOTHUB_CLIENT_CONFIRMATION_OK"
5767,10325593171,10325593201,1,"IOTHUB_CLIENT_CONFIRMATION_OK"
5768,10325593371,10325593400,1,"IOTHUB_CLIENT_CONFIRMATION_OK"
5769,10325593572,10325593607,1,"IOTHUB_CLIENT_CONFIRMATION_OK"
5770,10325593772,10325593802,1,"IOTHUB_CLIENT_CONFIRMATION_OK"
5771,10325593972,10325594006,1,"IOTHUB_CLIENT_CONFIRMATION_OK"
5772,10325594172,10325594203,1,"IOTHUB_CLIENT_CONFIRMATION_OK"
5773,10325594372,10325594418,1,"IOTHUB_CLIENT_CONFIRMATION_OK"
5774,10325594573,10325595168,1,"IOTHUB_CLIENT_CONFIRMATION_OK"
5775,10325594773,10325595205,1,"IOTHUB_CLIENT_CONFIRMATION_OK"
5776,10325594973,10325595408,1,"IOTHUB_CLIENT_CONFIRMATION_OK"
5777,10325595173,10325595439,1,"IOTHUB_CLIENT_CONFIRMATION_OK"
5778,10325595373,10325595460,1,"IOTHUB_CLIENT_CONFIRMATION_OK"
5779,10325595574,10325595606,1,"IOTHUB_CLIENT_CONFIRMATION_OK"
5780,10325595774,10325595854,1,"IOTHUB_CLIENT_CONFIRMATION_OK"
5781,10325595974,10325596007,1,"IOTHUB_CLIENT_CONFIRMATION_OK"
5782,10325596174,10325596237,1,"IOTHUB_CLIENT_CONFIRMATION_OK"
5783,10325596374,10325596426,1,"IOTHUB_CLIENT_CONFIRMATION_OK"
5784,10325596574,10325596603,1,"IOTHUB_CLIENT_CONFIRMATION_OK"
5785,10325596774,10325596805,1,"IOTHUB_CLIENT_CONFIRMATION_OK"
5786,10325596975,10325597042,1,"IOTHUB_CLIENT_CONFIRMATION_OK"
5787,10325597175,10325597205,1,"IOTHUB_CLIENT_CONFIRMATION_OK"
5788,10325597375,10325597407,1,"IOTHUB_CLIENT_CONFIRMATION_OK"
5789,10325597575,10325597644,1,"IOTHUB_CLIENT_CONFIRMATION_OK"
5790,10325597775,10325597808,1,"IOTHUB_CLIENT_CONFIRMATION_OK"
5791,10325597975,10325598008,1,"IOTHUB_CLIENT_CONFIRMATION_OK"
5792,10325598176,10325598210,1,"IOTHUB_CLIENT_CONFIRMATION_OK"
5793,10325598376,10325598406,1,"IOTHUB_CLIENT_CONFIRMATION_OK"
5794,10325598576,10325598665,1,"IOTHUB_CLIENT_CONFIRMATION_OK"
5795,10325598776,10325598832,1,"IOTHUB_CLIENT_CONFIRMATION_OK"
5796,10325598976,10325599011,1,"IOTHUB_CLIENT_CONFIRMATION_OK"
5797,10325599176,10325599206,1,"IOTHUB_CLIENT_CONFIRMATION_OK"
5798,10325599376,10325599413,1,"IOTHUB_CLIENT_CONFIRMATION_OK"
5799,10325599577,10325599607,1,"IOTHUB_CLIENT_CONFIRMATION_OK"
5800,10325599777,10325599903,1,"IOTHUB_CLIENT_CONFIRMATION_OK"
5801,10325599977,10325600014,1,"IOTHUB_CLIENT_CONFIRMATION_OK"
5802,10325600177,10325600213,1,"IOTHUB_CLIENT_CONFIRMATION_OK"
5803,10325600378,10325600515,1,"IOTHUB_CLIENT_CONFIRMATION_OK"
5804,10325600578,10325600613,1,"IOTHUB_CLIENT_CONFIRMATION_OK"
5805,10325600778,10325600816,1,"IOTHUB_CLIENT_CONFIRMATION_OK"
5806,10325600978,10325601135,1,"IOTHUB_CLIENT_CONFIRMATION_OK"
5807,10325601178,10325601210,1,"IOTHUB_CLIENT_CONFIRMATION_OK"
5808,10325601378,10325601421,1,"IOTHUB_CLIENT_CONFIRMATION_OK"
5809,10325601578,10325601618,1,"IOTHUB_CLIENT_CONFIRMATION_OK"
5810,10325601779,10325601811,1,"IOTHUB_CLIENT_CONFIRMATION_OK"
5811,10325601979,10325602013,1,"IOTHUB_CLIENT_CONFIRMATION_OK"
5812,10325602179,10325602263,1,"IOTHUB_CLIENT_CONFIRMATION_OK"
5813,10325602379,10325602411,1,"IOTHUB_CLIENT_CONFIRMATION_OK"
5814,10325602579,10325602613,1,"IOTHUB_CLIENT_CONFIRMATION_OK"
5815,10325602779,10325602819,1,"IOTHUB_CLIENT_CONFIRMATION_OK"
5816,10325602980,10325603012,1,"IOTHUB_CLIENT_CONFIRMATION_OK"
5817,10325603180,10325603223,1,"IOTHUB_CLIENT_CONFIRMATION_OK"
5818,10325603380,10325603430,1,"IOTHUB_CLIENT_CONFIRMATION_OK"
5819,10325603580,10325603612,1,"IOTHUB_CLIENT_CONFIRMATION_OK"
5820,10325603780,10325603813,1,"IOTHUB_CLIENT_CONFIRMATION_OK"
5821,10325603980,10325604085,1,"IOTHUB_CLIENT_CONFIRMATION_OK"
5822,10325604181,10325604221,1,"IOTHUB_CLIENT_CONFIRMATION_OK"
5823,10325604381,10325604452,1,"IOTHUB_CLIENT_CONFIRMATION_OK"
5824,10325604581,10325604614,1,"IOTHUB_CLIENT_CONFIRMATION_OK"
5825,10325604781,10325604811,1,"IOTHUB_CLIENT_CONFIRMATION_OK"
5826,10325604981,10325605051,1,"IOTHUB_CLIENT_CONFIRMATION_OK"
5827,10325605181,10325605212,1,"IOTHUB_CLIENT_CONFIRMATION_OK"
5828,10325605382,10325605414,1,"IOTHUB_CLIENT_CONFIRMATION_OK"
5829,10325605582,10325605670,1,"IOTHUB_CLIENT_CONFIRMATION_OK"
5830,10325605782,10325605815,1,"IOTHUB_CLIENT_CONFIRMATION_OK"
5831,10325605982,10325606032,1,"IOTHUB_CLIENT_CONFIRMATION_OK"
5832,10325606182,10325606309,1,"IOTHUB_CLIENT_CONFIRMATION_OK"
5833,10325606382,10325606445,1,"IOTHUB_CLIENT_CONFIRMATION_OK"
5834,10325606583,10325606613,1,"IOTHUB_CLIENT_CONFIRMATION_OK"
5835,10325606783,10325606889,1,"IOTHUB_CLIENT_CONFIRMATION_OK"
5836,10325606983,10325607038,1,"IOTHUB_CLIENT_CONFIRMATION_OK"
5837,10325607183,10325607212,1,"IOTHUB_CLIENT_CONFIRMATION_OK"
5838,10325607383,10325607416,1,"IOTHUB_CLIENT_CONFIRMATION_OK"
5839,10325607584,10325607615,1,"IOTHUB_CLIENT_CONFIRMATION_OK"
5840,10325607784,10325607814,1,"IOTHUB_CLIENT_CONFIRMATION_OK"
5841,10325607984,10325608116,1,"IOTHUB_CLIENT_CONFIRMATION_OK"
5842,10325608184,10325608876,1,"IOTHUB_CLIENT_CONFIRMATION_OK"
5843,10325608384,10325608913,1,"IOTHUB_CLIENT_CONFIRMATION_OK"
5844,10325608584,10325608968,1,"IOTHUB_CLIENT_CONFIRMATION_OK"
5845,10325608784,10325608994,1,"IOTHUB_CLIENT_CONFIRMATION_OK"
5846,10325608985,10325609015,1,"IOTHUB_CLIENT_CONFIRMATION_OK"
5847,10325609185,10325609311,1,"IOTHUB_CLIENT_CONFIRMATION_OK"
5848,10325609385,10325609417,1,"IOTHUB_CLIENT_CONFIRMATION_OK"
5849,10325609585,10325609761,1,"IOTHUB_CLIENT_CONFIRMATION_OK"
5850,10325609785,10325609822,1,"IOTHUB_CLIENT_CONFIRMATION_OK"
5851,10325609986,10325610029,1,"IOTHUB_CLIENT_CONFIRMATION_OK"
5852,10325610186,10325610217,1,"IOTHUB_CLIENT_CONFIRMATION_OK"
5853,10325610386,10325610425,1,"IOTHUB_CLIENT_CONFIRMATION_OK"
5854,10325610586,10325610618,1,"IOTHUB_CLIENT_CONFIRMATION_OK"
5855,10325610786,10325610825,1,"IOTHUB_CLIENT_CONFIRMATION_OK"
5856,10325610986,10325611033,1,"IOTHUB_CLIENT_CONFIRMATION_OK"
5857,10325611187,10325611224,1,"IOTHUB_CLIENT_CONFIRMATION_OK"
5858,10325611387,10325611420,1,"IOTHUB_CLIENT_CONFIRMATION_OK"
5859,10325611587,10325611618,1,"IOTHUB_CLIENT_CONFIRMATION_OK"
5860,10325611787,10325611821,1,"IOTHUB_CLIENT_CONFIRMATION_OK"
5861,10325611987,10325612039,1,"IOTHUB_CLIENT_CONFIRMATION_OK"
5862,10325612187,10325612220,1,"IOTHUB_CLIENT_CONFIRMATION_OK"
5863,10325612387,10325612418,1,"IOTHUB_CLIENT_CONFIRMATION_OK"
5864,10325612588,10325612619,1,"IOTHUB_CLIENT_CONFIRMATION_OK"
5865,10325612788,10325612818,1,"IOTHUB_CLIENT_CONFIRMATION_OK"
5866,10325612988,10325613018,1,"IOTHUB_CLIENT_CONFIRMATION_OK"
5867,10325613188,10325613251,1,"IOTHUB_CLIENT_CONFIRMATION_OK"
5868,10325613388,10325613417,1,"IOTHUB_CLIENT_CONFIRMATION_OK"
5869,10325613588,10325613630,1,"IOTHUB_CLIENT_CONFIRMATION_OK"
5870,10325613789,10325613821,1,"IOTHUB_CLIENT_CONFIRMATION_OK"
5871,10325613989,10325614049,1,"IOTHUB_CLIENT_CONFIRMATION_OK"
5872,10325614189,10325614283,1,"IOTHUB_CLIENT_CONFIRMATION_OK"
5873,10325614389,10325614420,1,"IOTHUB_CLIENT_CONFIRMATION_OK"
5874,10325614589,10325614618,1,"IOTHUB_CLIENT_CONFIRMATION_OK"
5875,10325614789,10325615009,1,"IOTHUB_CLIENT_CONFIRMATION_OK"
5876,10325614989,10325615034,1,"IOTHUB_CLIENT_CONFIRMATION_OK"
5877,10325615190,10325615223,1,"IOTHUB_CLIENT_CONFIRMATION_OK"
5878,10325615390,10325615421,1,"IOTHUB_CLIENT_CONFIRMATION_OK"
5879,10325615590,10325615625,1,"IOTHUB_CLIENT_CONFIRMATION_OK"
5880,10325615790,10325615824,1,"IOTHUB_CLIENT_CONFIRMATION_OK"
5881,10325615990,10325616047,1,"IOTHUB_CLIENT_CONFIRMATION_OK"
5882,10325616190,10325616227,1,"IOTHUB_CLIENT_CONFIRMATION_OK"
5883,10325616391,10325616420,1,"IOTHUB_CLIENT_CONFIRMATION_OK"
5884,10325616591,10325616668,1,"IOTHUB_CLIENT_CONFIRMATION_OK"
5885,10325616791,10325616823,1,"IOTHUB_CLIENT_CONFIRMATION_OK"
5886,10325616991,10325617025,1,"IOTHUB_CLIENT_CONFIRMATION_OK"
5887,10325617191,10325617267,1,"IOTHUB_CLIENT_CONFIRMATION_OK"
5888,10325617391,10325617422,1,"IOTHUB_CLIENT_CONFIRMATION_OK"
5889,10325617591,10325617669,1,"IOTHUB_CLIENT_CONFIRMATION_OK"
5890,10325617792,10325617894,1,"IOTHUB_CLIENT_CONFIRMATION_OK"
5891,10325617992,10325618029,1,"IOTHUB_CLIENT_CONFIRMATION_OK"
5892,10325618192,10325618221,1,"IOTHUB_CLIENT_CONFIRMATION_OK"
5893,10325618392,10325618434,1,"IOTHUB_CLIENT_CONFIRMATION_OK"
5894,10325618592,10325618642,1,"IOTHUB_CLIENT_CONFIRMATION_OK"
5895,10325618792,10325618830,1,"IOTHUB_CLIENT_CONFIRMATION_OK"
5896,10325618993,10325619050,1,"IOTHUB_CLIENT_CONFIRMATION_OK"
5897,10325619193,10325619223,1,"IOTHUB_CLIENT_CONFIRMATION_OK"
5898,10325619393,10325619505,1,"IOTHUB_CLIENT_CONFIRMATION_OK"
5899,10325619593,10325619629,1,"IOTHUB_CLIENT_CONFIRMATION_OK"
5900,10325619793,10325619826,1,"IOTHUB_CLIENT_CONFIRMATION_OK"
5901,10325619993,10325620149,1,"IOTHUB_CLIENT_CONFIRMATION_OK"
5902,10325620193,10325620225,1,"IOTHUB_CLIENT_CONFIRMATION_OK"
5903,10325620394,10325620427,1,"IOTHUB_CLIENT_CONFIRMATION_OK"
5904,10325620594,10325620785,1,"IOTHUB_CLIENT_CONFIRMATION_OK"
5905,10325620794,10325620827,1,"IOTHUB_CLIENT_CONFIRMATION_OK"
5906,10325620994,10325621048,1,"IOTHUB_CLIENT_CONFIRMATION_OK"
5907,10325621194,10325621225,1,"IOTHUB_CLIENT_CONFIRMATION_OK"
5908,10325621394,10325621427,1,"IOTHUB_CLIENT_CONFIRMATION_OK"
5909,10325621595,10325621624,1,"IOTHUB_CLIENT_CONFIRMATION_OK"
5910,10325621795,10325621827,1,"IOTHUB_CLIENT_CONFIRMATION_OK"
5911,10325621995,10325622090,1,"IOTHUB_CLIENT_CONFIRMATION_OK"
5912,10325622195,10325622234,1,"IOTHUB_CLIENT_CONFIRMATION_OK"
5913,10325622395,10325622428,1,"IOTHUB_CLIENT_CONFIRMATION_OK"
5914,10325622595,10325622627,1,"IOTHUB_CLIENT_CONFIRMATION_OK"
5915,10325622795,10325622844,1,"IOTHUB_CLIENT_CONFIRMATION_OK"
5916,10325622996,10325623028,1,"IOTHUB_CLIENT_CONFIRMATION_OK"
5917,10325623196,10325623226,1,"IOTHUB_CLIENT_CONFIRMATION_OK"
5918,10325623396,10325623430,1,"IOTHUB_CLIENT_CONFIRMATION_OK"
5919,10325623596,10325623643,1,"IOTHUB_CLIENT_CONFIRMATION_OK"
5920,10325623796,10325623838,1,"IOTHUB_CLIENT_CONFIRMATION_OK"
5921,10325623997,10325624027,1,"IOTHUB_CLIENT_CONFIRMATION_OK"
5922,10325624197,10325624239,1,"IOTHUB_CLIENT_CONFIRMATION_OK"
5923,10325624397,10325624439,1,"IOTHUB_CLIENT_CONFIRMATION_OK"
5924,10325624597,10325624629,1,"IOTHUB_CLIENT_CONFIRMATION_OK"
5925,10325624798,10325624869,1,"IOTHUB_CLIENT_CONFIRMATION_OK"
5926,10325624998,10325625033,1,"IOTHUB_CLIENT_CONFIRMATION_OK"
5927,10325625198,10325625233,1,"IOTHUB_CLIENT_CONFIRMATION_OK"
5928,10325625398,10325625428,1,"IOTHUB_CLIENT_CONFIRMATION_OK"
5929,10325625598,10325625680,1,"IOTHUB_CLIENT_CONFIRMATION_OK"
5930,10325625798,10325625911,1,"IOTHUB_CLIENT_CONFIRMATION_OK"
5931,10325625999,10325626036,1,"IOTHUB_CLIENT_CONFIRMATION_OK"
5932,10325626199,10325626227,1,"IOTHUB_CLIENT_CONFIRMATION_OK"
5933,10325626399,10325626525,1,"IOTHUB_CLIENT_CONFIRMATION_OK"
5934,10325626599,10325626631,1,"IOTHUB_CLIENT_CONFIRMATION_OK"
5935,10325626799,10325626840,1,"IOTHUB_CLIENT_CONFIRMATION_OK"
5936,10325626999,10325627032,1,"IOTHUB_CLIENT_CONFIRMATION_OK"
5937,10325627199,10325627248,1,"IOTHUB_CLIENT_CONFIRMATION_OK"
5938,10325627400,10325627434,1,"IOTHUB_CLIENT_CONFIRMATION_OK"
5939,10325627600,10325627636,1,"IOTHUB_CLIENT_CONFIRMATION_OK"
5940,10325627800,10325627841,1,"IOTHUB_CLIENT_CONFIRMATION_OK"
5941,10325628000,10325628031,1,"IOTHUB_CLIENT_CONFIRMATION_OK"
5942,10325628200,10325628234,1,"IOTHUB_CLIENT_CONFIRMATION_OK"
5943,10325628400,10325628431,1,"IOTHUB_CLIENT_CONFIRMATION_OK"
5944,10325628601,10325628633,1,"IOTHUB_CLIENT_CONFIRMATION_OK"
5945,10325628801,10325628885,1,"IOTHUB_CLIENT_CONFIRMATION_OK"
5946,10325629001,10325629038,1,"IOTHUB_CLIENT_CONFIRMATION_OK"
5947,10325629201,10325629375,1,"IOTHUB_CLIENT_CONFIRMATION_OK"
5948,10325629401,10325629439,1,"IOTHUB_CLIENT_CONFIRMATION_OK"
5949,10325629602,10325629641,1,"IOTHUB_CLIENT_CONFIRMATION_OK"
5950,10325629802,10325629835,1,"IOTHUB_CLIENT_CONFIRMATION_OK"
5951,10325630002,10325630047,1,"IOTHUB_CLIENT_CONFIRMATION_OK"
5952,10325630202,10325630235,1,"IOTHUB_CLIENT_CONFIRMATION_OK"
5953,10325630402,10325630436,1,"IOTHUB_CLIENT_CONFIRMATION_OK"
5954,10325630602,10325630636,1,"IOTHUB_CLIENT_CONFIRMATION_OK"
5955,10325630803,10325630842,1,"IOTHUB_CLIENT_CONFIRMATION_OK"
5956,10325631003,10325631035,1,"IOTHUB_CLIENT_CONFIRMATION_OK"
5957,10325631203,10325631240,1,"IOTHUB_CLIENT_CONFIRMATION_OK"
5958,10325631403,10325631439,1,"IOTHUB_CLIENT_CONFIRMATION_OK"
5959,10325631603,10325631636,1,"IOTHUB_CLIENT_CONFIRMATION_OK"
5960,10325631804,10325631836,1,"IOTHUB_CLIENT_CONFIRMATION_OK"
5961,10325632004,10325632097,1,"IOTHUB_CLIENT_CONFIRMATION_OK"
5962,10325632204,10325632285,1,"IOTHUB_CLIENT_CONFIRMATION_OK"
5963,10325632404,10325632434,1,"IOTHUB_CLIENT_CONFIRMATION_OK"
5964,10325632604,10325632672,1,"IOTHUB_CLIENT_CONFIRMATION_OK"
5965,10325632804,10325632850,1,"IOTHUB_CLIENT_CONFIRMATION_OK"
5966,10325633005,10325633044,1,"IOTHUB_CLIENT_CONFIRMATION_OK"
5967,10325633205,10325633266,1,"IOTHUB_CLIENT_CONFIRMATION_OK"
5968,10325633405,10325633486,1,"IOTHUB_CLIENT_CONFIRMATION_OK"
5969,10325633605,10325633659,1,"IOTHUB_CLIENT_CONFIRMATION_OK"
5970,10325633805,10325633897,1,"IOTHUB_CLIENT_CONFIRMATION_OK"
5971,10325634006,10325634040,1,"IOTHUB_CLIENT_CONFIRMATION_OK"
5972,10325634206,10325634238,1,"IOTHUB_CLIENT_CONFIRMATION_OK"
5973,10325634406,10325634601,1,"IOTHUB_CLIENT_CONFIRMATION_OK"
5974,10325634606,10325634639,1,"IOTHUB_CLIENT_CONFIRMATION_OK"
5975,10325634806,10325634847,1,"IOTHUB_CLIENT_CONFIRMATION_OK"
5976,10325635006,10325635042,1,"IOTHUB_CLIENT_CONFIRMATION_OK"
5977,10325635207,10325635237,1,"IOTHUB_CLIENT_CONFIRMATION_OK"
5978,10325635407,10325635441,1,"IOTHUB_CLIENT_CONFIRMATION_OK"
5979,10325635607,10325635643,1,"IOTHUB_CLIENT_CONFIRMATION_OK"
5980,10325635807,10325635840,1,"IOTHUB_CLIENT_CONFIRMATION_OK"
5981,10325636007,10325636050,1,"IOTHUB_CLIENT_CONFIRMATION_OK"
5982,10325636207,10325636239,1,"IOTHUB_CLIENT_CONFIRMATION_OK"
5983,10325636407,10325636444,1,"IOTHUB_CLIENT_CONFIRMATION_OK"
5984,10325636608,10325636640,1,"IOTHUB_CLIENT_CONFIRMATION_OK"
5985,10325636808,10325636858,1,"IOTHUB_CLIENT_CONFIRMATION_OK"
5986,10325637008,10325637063,1,"IOTHUB_CLIENT_CONFIRMATION_OK"
5987,10325637208,10325637241,1,"IOTHUB_CLIENT_CONFIRMATION_OK"
5988,10325637408,10325637669,1,"IOTHUB_CLIENT_CONFIRMATION_OK"
5989,10325637608,10325637692,1,"IOTHUB_CLIENT_CONFIRMATION_OK"
5990,10325637809,10325637838,1,"IOTHUB_CLIENT_CONFIRMATION_OK"
5991,10325638009,10325638060,1,"IOTHUB_CLIENT_CONFIRMATION_OK"
5992,10325638209,10325638242,1,"IOTHUB_CLIENT_CONFIRMATION_OK"
5993,10325638409,10325638438,1,"IOTHUB_CLIENT_CONFIRMATION_OK"
5994,10325638609,10325638642,1,"IOTHUB_CLIENT_CONFIRMATION_OK"
5995,10325638809,10325638839,1,"IOTHUB_CLIENT_CONFIRMATION_OK"
5996,10325639010,10325639051,1,"IOTHUB_CLIENT_CONFIRMATION_OK"
5997,10325639210,10325639369,1,"IOTHUB_CLIENT_CONFIRMATION_OK"
5998,10325639410,10325639462,1,"IOTHUB_CLIENT_CONFIRMATION_OK"
5999,10325639610,10325639747,1,"IOTHUB_CLIENT_CONFIRMATION_OK"
6000,10325639810,10325639840,1,"IOTHUB_CLIENT_CONFIRMATION_OK"
6001,10325640010,10325640054,1,"IOTHUB_CLIENT_CONFIRMATION_OK"
6002,10325640211,10325640321,1,"IOTHUB_CLIENT_CONFIRMATION_OK"
6003,10325640411,10325640451,1,"IOTHUB_CLIENT_CONFIRMATION_OK"
6004,10325640611,10325640645,1,"IOTHUB_CLIENT_CONFIRMATION_OK"
6005,10325640811,10325640931,1,"IOTHUB_CLIENT_CONFIRMATION_OK"
6006,10325641011,10325641042,1,"IOTHUB_CLIENT_CONFIRMATION_OK"
6007,10325641211,10325641242,1,"IOTHUB_CLIENT_CONFIRMATION_OK"
6008,10325641412,10325641444,1,"IOTHUB_CLIENT_CONFIRMATION_OK"
6009,10325641612,10325641642,1,"IOTHUB_CLIENT_CONFIRMATION_OK"
6010,10325641812,10325641853,1,"IOTHUB_CLIENT_CONFIRMATION_OK"
6011,10325642012,10325642057,1,"IOTHUB_CLIENT_CONFIRMATION_OK"
6012,10325642213,10325642292,1,"IOTHUB_CLIENT_CONFIRMATION_OK"
6013,10325642413,10325642446,1,"IOTHUB_CLIENT_CONFIRMATION_OK"
6014,10325642613,10325642700,1,"IOTHUB_CLIENT_CONFIRMATION_OK"
6015,10325642813,10325642842,1,"IOTHUB_CLIENT_CONFIRMATION_OK"
6016,10325643013,10325643187,1,"IOTHUB_CLIENT_CONFIRMATION_OK"
6017,10325643214,10325643244,1,"IOTHUB_CLIENT_CONFIRMATION_OK"
6018,10325643414,10325643446,1,"IOTHUB_CLIENT_CONFIRMATION_OK"
6019,10325643614,10325643646,1,"IOTHUB_CLIENT_CONFIRMATION_OK"
6020,10325643814,10325643845,1,"IOTHUB_CLIENT_CONFIRMATION_OK"
6021,10325644014,10325644059,1,"IOTHUB_CLIENT_CONFIRMATION_OK"
6022,10325644215,10325644338,1,"IOTHUB_CLIENT_CONFIRMATION_OK"
6023,10325644415,10325644444,1,"IOTHUB_CLIENT_CONFIRMATION_OK"
6024,10325644615,10325644657,1,"IOTHUB_CLIENT_CONFIRMATION_OK"
6025,10325644815,10325644960,1,"IOTHUB_CLIENT_CONFIRMATION_OK"
6026,10325645015,10325645045,1,"IOTHUB_CLIENT_CONFIRMATION_OK"
6027,10325645215,10325645247,1,"IOTHUB_CLIENT_CONFIRMATION_OK"
6028,10325645416,10325645584,1,"IOTHUB_CLIENT_CONFIRMATION_OK"
6029,10325645616,10325645647,1,"IOTHUB_CLIENT_CONFIRMATION_OK"
6030,10325645816,10325645897,1,"IOTHUB_CLIENT_CONFIRMATION_OK"
6031,10325646016,10325646047,1,"IOTHUB_CLIENT_CONFIRMATION_OK"
6032,10325646216,10325646337,1,"IOTHUB_CLIENT_CONFIRMATION_OK"
6033,10325646416,10325646446,1,"IOTHUB_CLIENT_CONFIRMATION_OK"
6034,10325646617,10325646650,1,"IOTHUB_CLIENT_CONFIRMATION_OK"
6035,10325646817,10325646850,1,"IOTHUB_CLIENT_CONFIRMATION_OK"
6036,10325647017,10325647047,1,"IOTHUB_CLIENT_CONFIRMATION_OK"
6037,10325647217,10325647247,1,"IOTHUB_CLIENT_CONFIRMATION_OK"
6038,10325647417,10325647451,1,"IOTHUB_CLIENT_CONFIRMATION_OK"
6039,10325647617,10325647647,1,"IOTHUB_CLIENT_CONFIRMATION_OK"
6040,10325647817,10325647871,1,"IOTHUB_CLIENT_CONFIRMATION_OK"
6041,10325648018,10325648060,1,"IOTHUB_CLIENT_CONFIRMATION_OK"
6042,10325648218,10325648259,1,"IOTHUB_CLIENT_CONFIRMATION_OK"
6043,10325648418,10325648459,1,"IOTHUB_CLIENT_CONFIRMATION_OK"
6044,10325648618,10325648664,1,"IOTHUB_CLIENT_CONFIRMATION_OK"
6045,10325648818,10325648856,1,"IOTHUB_CLIENT_CONFIRMATION_OK"
6046,10325649018,10325649055,1,"IOTHUB_CLIENT_CONFIRMATION_OK"
6047,10325649219,10325649330,1,"IOTHUB_CLIENT_CONFIRMATION_OK"
6048,10325649419,10325649450,1,"IOTHUB_CLIENT_CONFIRMATION_OK"
6049,10325649619,10325649701,1,"IOTHUB_CLIENT_CONFIRMATION_OK"
6050,10325649819,10325649896,1,"IOTHUB_CLIENT_CONFIRMATION_OK"
6051,10325650019,10325650066,1,"IOTHUB_CLIENT_CONFIRMATION_OK"
6052,10325650220,10325650250,1,"IOTHUB_CLIENT_CONFIRMATION_OK"
6053,10325650420,10325650496,1,"IOTHUB_CLIENT_CONFIRMATION_OK"
6054,10325650620,10325650682,1,"IOTHUB_CLIENT_CONFIRMATION_OK"
6055,10325650820,10325650871,1,"IOTHUB_CLIENT_CONFIRMATION_OK"
6056,10325651021,10325651057,1,"IOTHUB_CLIENT_CONFIRMATION_OK"
6057,10325651221,10325651288,1,"IOTHUB_CLIENT_CONFIRMATION_OK"
6058,10325651421,10325651453,1,"IOTHUB_CLIENT_CONFIRMATION_OK"
6059,10325651621,10325651660,1,"IOTHUB_CLIENT_CONFIRMATION_OK"
6060,10325651821,10325651913,1,"IOTHUB_CLIENT_CONFIRMATION_OK"
6061,10325652021,10325652054,1,"IOTHUB_CLIENT_CONFIRMATION_OK"
6062,10325652222,10325652251,1,"IOTHUB_CLIENT_CONFIRMATION_OK"
6063,10325652422,10325652507,1,"IOTHUB_CLIENT_CONFIRMATION_OK"
6064,10325652622,10325652661,1,"IOTHUB_CLIENT_CONFIRMATION_OK"
6065,10325652822,10325652853,1,"IOTHUB_CLIENT_CONFIRMATION_OK"
6066,10325653022,10325653070,1,"IOTHUB_CLIENT_CONFIRMATION_OK"
6067,10325653222,10325653255,1,"IOTHUB_CLIENT_CONFIRMATION_OK"
6068,10325653423,10325653464,1,"IOTHUB_CLIENT_CONFIRMATION_OK"
6069,10325653623,10325653655,1,"IOTHUB_CLIENT_CONFIRMATION_OK"
6070,10325653823,10325653860,1,"IOTHUB_CLIENT_CONFIRMATION_OK"
6071,10325654023,10325654210,1,"IOTHUB_CLIENT_CONFIRMATION_OK"
6072,10325654223,10325654253,1,"IOTHUB_CLIENT_CONFIRMATION_OK"
6073,10325654423,10325654545,1,"IOTHUB_CLIENT_CONFIRMATION_OK"
6074,10325654624,10325654743,1,"IOTHUB_CLIENT_CONFIRMATION_OK"
6075,10325654824,10325654856,1,"IOTHUB_CLIENT_CONFIRMATION_OK"
6076,10325655024,10325655059,1,"IOTHUB_CLIENT_CONFIRMATION_OK"
6077,10325655224,10325655340,1,"IOTHUB_CLIENT_CONFIRMATION_OK"
6078,10325655425,10325655729,1,"IOTHUB_CLIENT_CONFIRMATION_OK"
6079,10325655625,10325655765,1,"IOTHUB_CLIENT_CONFIRMATION_OK"
6080,10325655825,10325656033,1,"IOTHUB_CLIENT_CONFIRMATION_OK"
6081,10325656025,10325656057,1,"IOTHUB_CLIENT_CONFIRMATION_OK"
6082,10325656225,10325656257,1,"IOTHUB_CLIENT_CONFIRMATION_OK"
6083,10325656425,10325656456,1,"IOTHUB_CLIENT_CONFIRMATION_OK"
6084,10325656626,10325656658,1,"IOTHUB_CLIENT_CONFIRMATION_OK"
6085,10325656826,10325656861,1,"IOTHUB_CLIENT_CONFIRMATION_OK"
6086,10325657026,10325657058,1,"IOTHUB_CLIENT_CONFIRMATION_OK"
6087,10325657226,10325657283,1,"IOTHUB_CLIENT_CONFIRMATION_OK"
6088,10325657426,10325657456,1,"IOTHUB_CLIENT_CONFIRMATION_OK"
6089,10325657626,10325657655,1,"IOTHUB_CLIENT_CONFIRMATION_OK"
6090,10325657827,10325657860,1,"IOTHUB_CLIENT_CONFIRMATION_OK"
6091,10325658027,10325658058,1,"IOTHUB_CLIENT_CONFIRMATION_OK"
6092,10325658227,10325658269,1,"IOTHUB_CLIENT_CONFIRMATION_OK"
6093,10325658427,10325658463,1,"IOTHUB_CLIENT_CONFIRMATION_OK"
6094,10325658627,10325658662,1,"IOTHUB_CLIENT_CONFIRMATION_OK"
6095,10325658828,10325658869,1,"IOTHUB_CLIENT_CONFIRMATION_OK"
6096,10325659028,10325659211,1,"IOTHUB_CLIENT_CONFIRMATION_OK"
6097,10325659228,10325659401,1,"IOTHUB_CLIENT_CONFIRMATION_OK"
6098,10325659428,10325659468,1,"IOTHUB_CLIENT_CONFIRMATION_OK"
6099,10325659628,10325659660,1,"IOTHUB_CLIENT_CONFIRMATION_OK"
6100,10325659829,10325659974,1,"IOTHUB_CLIENT_CONFIRMATION_OK"
6101,10325660029,10325660067,1,"IOTHUB_CLIENT_CONFIRMATION_OK"
6102,10325660229,10325660261,1,"IOTHUB_CLIENT_CONFIRMATION_OK"
6103,10325660429,10325660515,1,"IOTHUB_CLIENT_CONFIRMATION_OK"
6104,10325660629,10325660661,1,"IOTHUB_CLIENT_CONFIRMATION_OK"
6105,10325660829,10325660864,1,"IOTHUB_CLIENT_CONFIRMATION_OK"
6106,10325661030,10325661062,1,"IOTHUB_CLIENT_CONFIRMATION_OK"
6107,10325661230,10325661261,1,"IOTHUB_CLIENT_CONFIRMATION_OK"
6108,10325661430,10325661460,1,"IOTHUB_CLIENT_CONFIRMATION_OK"
6109,10325661630,10325661779,1,"IOTHUB_CLIENT_CONFIRMATION_OK"
6110,10325661830,10325661872,1,"IOTHUB_CLIENT_CONFIRMATION_OK"
6111,10325662030,10325662061,1,"IOTHUB_CLIENT_CONFIRMATION_OK"
6112,10325662231,10325662273,1,"IOTHUB_CLIENT_CONFIRMATION_OK"
6113,10325662431,10325662472,1,"IOTHUB_CLIENT_CONFIRMATION_OK"
6114,10325662631,10325662695,1,"IOTHUB_CLIENT_CONFIRMATION_OK"
6115,10325662831,10325662900,1,"IOTHUB_CLIENT_CONFIRMATION_OK"
6116,10325663031,10325663065,1,"IOTHUB_CLIENT_CONFIRMATION_OK"
6117,10325663232,10325663324,1,"IOTHUB_CLIENT_CONFIRMATION_OK"
6118,10325663432,10325663466,1,"IOTHUB_CLIENT_CONFIRMATION_OK"
6119,10325663632,10325663667,1,"IOTHUB_CLIENT_CONFIRMATION_OK"
6120,10325663832,10325663863,1,"IOTHUB_CLIENT_CONFIRMATION_OK"
6121,10325664032,10325664098,1,"IOTHUB_CLIENT_CONFIRMATION_OK"
6122,10325664233,10325664312,1,"IOTHUB_CLIENT_CONFIRMATION_OK"
6123,10325664433,10325664515,1,"IOTHUB_CLIENT_CONFIRMATION_OK"
6124,10325664633,10325664665,1,"IOTHUB_CLIENT_CONFIRMATION_OK"
6125,10325664833,10325664869,1,"IOTHUB_CLIENT_CONFIRMATION_OK"
6126,10325665033,10325665120,1,"IOTHUB_CLIENT_CONFIRMATION_OK"
6127,10325665234,10325665413,1,"IOTHUB_CLIENT_CONFIRMATION_OK"
6128,10325665434,10325665609,1,"IOTHUB_CLIENT_CONFIRMATION_OK"
6129,10325665634,10325665766,1,"IOTHUB_CLIENT_CONFIRMATION_OK"
6130,10325665834,10325665875,1,"IOTHUB_CLIENT_CONFIRMATION_OK"
6131,10325666035,10325666067,1,"IOTHUB_CLIENT_CONFIRMATION_OK"
6132,10325666235,10325666338,1,"IOTHUB_CLIENT_CONFIRMATION_OK"
6133,10325666435,10325666466,1,"IOTHUB_CLIENT_CONFIRMATION_OK"
6134,10325666635,10325666667,1,"IOTHUB_CLIENT_CONFIRMATION_OK"
6135,10325666835,10325667008,1,"IOTHUB_CLIENT_CONFIRMATION_OK"
6136,10325667035,10325667068,1,"IOTHUB_CLIENT_CONFIRMATION_OK"
6137,10325667236,10325667282,1,"IOTHUB_CLIENT_CONFIRMATION_OK"
6138,10325667436,10325667469,1,"IOTHUB_CLIENT_CONFIRMATION_OK"
6139,10325667636,10325667919,1,"IOTHUB_CLIENT_CONFIRMATION_OK"
6140,10325667836,10325667949,1,"IOTHUB_CLIENT_CONFIRMATION_OK"
6141,10325668036,10325668069,1,"IOTHUB_CLIENT_CONFIRMATION_OK"
6142,10325668236,10325668411,1,"IOTHUB_CLIENT_CONFIRMATION_OK"
6143,10325668437,10325668467,1,"IOTHUB_CLIENT_CONFIRMATION_OK"
6144,10325668637,10325668670,1,"IOTHUB_CLIENT_CONFIRMATION_OK"
6145,10325668837,10325668868,1,"IOTHUB_CLIENT_CONFIRMATION_OK"
6146,10325669037,10325669069,1,"IOTHUB_CLIENT_CONFIRMATION_OK"
6147,10325669237,10325669311,1,"IOTHUB_CLIENT_CONFIRMATION_OK"
6148,10325669438,10325669609,1,"IOTHUB_CLIENT_CONFIRMATION_OK"
6149,10325669638,10325669668,1,"IOTHUB_CLIENT_CONFIRMATION_OK"
6150,10325669838,10325669871,1,"IOTHUB_CLIENT_CONFIRMATION_OK"
6151,10325670038,10325670072,1,"IOTHUB_CLIENT_CONFIRMATION_OK"
6152,10325670239,10325670308,1,"IOTHUB_CLIENT_CONFIRMATION_OK"
6153,10325670439,10325670474,1,"IOTHUB_CLIENT_CONFIRMATION_OK"
6154,10325670639,10325670670,1,"IOTHUB_CLIENT_CONFIRMATION_OK"
6155,10325670839,10325670869,1,"IOTHUB_CLIENT_CONFIRMATION_OK"
6156,10325671039,10325671072,1,"IOTHUB_CLIENT_CONFIRMATION_OK"
6157,10325671239,10325671271,1,"IOTHUB_CLIENT_CONFIRMATION_OK"
6158,10325671440,10325671478,1,"IOTHUB_CLIENT_CONFIRMATION_OK"
6159,10325671640,10325671690,1,"IOTHUB_CLIENT_CONFIRMATION_OK"
6160,10325671840,10325671879,1,"IOTHUB_CLIENT_CONFIRMATION_OK"
6161,10325672040,10325672071,1,"IOTHUB_CLIENT_CONFIRMATION_OK"
6162,10325672241,10325672275,1,"IOTHUB_CLIENT_CONFIRMATION_OK"
6163,10325672441,10325672579,1,"IOTHUB_CLIENT_CONFIRMATION_OK"
6164,10325672641,10325672710,1,"IOTHUB_CLIENT_CONFIRMATION_OK"
6165,10325672841,10325672870,1,"IOTHUB_CLIENT_CONFIRMATION_OK"
6166,10325673041,10325673071,1,"IOTHUB_CLIENT_CONFIRMATION_OK"
6167,10325673241,10325673305,1,"IOTHUB_CLIENT_CONFIRMATION_OK"
6168,10325673441,10325673471,1,"IOTHUB_CLIENT_CONFIRMATION_OK"
6169,10325673642,10325673672,1,"IOTHUB_CLIENT_CONFIRMATION_OK"
6170,10325673842,10325673873,1,"IOTHUB_CLIENT_CONFIRMATION_OK"
6171,10325674042,10325674076,1,"IOTHUB_CLIENT_CONFIRMATION_OK"
6172,10325674242,10325674325,1,"IOTHUB_CLIENT_CONFIRMATION_OK"
6173,10325674442,10325674477,1,"IOTHUB_CLIENT_CONFIRMATION_OK"
6174,10325674642,10325674675,1,"IOTHUB_CLIENT_CONFIRMATION_OK"
6175,10325674843,10325674944,1,"IOTHUB_CLIENT_CONFIRMATION_OK"
6176,10325675043,10325675095,1,"IOTHUB_CLIENT_CONFIRMATION_OK"
6177,10325675243,10325675320,1,"IOTHUB_CLIENT_CONFIRMATION_OK"
6178,10325675443,10325675753,1,"IOTHUB_CLIENT_CONFIRMATION_OK"
6179,10325675643,10325675775,1,"IOTHUB_CLIENT_CONFIRMATION_OK"
6180,10325675843,10325675878,1,"IOTHUB_CLIENT_CONFIRMATION_OK"
6181,10325676044,10325676147,1,"IOTHUB_CLIENT_CONFIRMATION_OK"
6182,10325676244,10325676276,1,"IOTHUB_CLIENT_CONFIRMATION_OK"
6183,10325676444,10325676474,1,"IOTHUB_CLIENT_CONFIRMATION_OK"
6184,10325676644,10325676764,1,"IOTHUB_CLIENT_CONFIRMATION_OK"
6185,10325676844,10325676874,1,"IOTHUB_CLIENT_CONFIRMATION_OK"
6186,10325677044,10325677101,1,"IOTHUB_CLIENT_CONFIRMATION_OK"
6187,10325677244,10325677278,1,"IOTHUB_CLIENT_CONFIRMATION_OK"
6188,10325677445,10325677473,1,"IOTHUB_CLIENT_CONFIRMATION_OK"
6189,10325677645,10325677679,1,"IOTHUB_CLIENT_CONFIRMATION_OK"
6190,10325677845,10325677880,1,"IOTHUB_CLIENT_CONFIRMATION_OK"
6191,10325678045,10325678079,1,"IOTHUB_CLIENT_CONFIRMATION_OK"
6192,10325678245,10325678276,1,"IOTHUB_CLIENT_CONFIRMATION_OK"
6193,10325678445,10325678481,1,"IOTHUB_CLIENT_CONFIRMATION_OK"
6194,10325678646,10325678681,1,"IOTHUB_CLIENT_CONFIRMATION_OK"
6195,10325678846,10325678876,1,"IOTHUB_CLIENT_CONFIRMATION_OK"
6196,10325679046,10325679080,1,"IOTHUB_CLIENT_CONFIRMATION_OK"
6197,10325679246,10325679276,1,"IOTHUB_CLIENT_CONFIRMATION_OK"
6198,10325679446,10325679622,1,"IOTHUB_CLIENT_CONFIRMATION_OK"
6199,10325679646,10325679680,1,"IOTHUB_CLIENT_CONFIRMATION_OK"
6200,10325679846,10325679913,1,"IOTHUB_CLIENT_CONFIRMATION_OK"
6201,10325680047,10325680196,1,"IOTHUB_CLIENT_CONFIRMATION_OK"
6202,10325680247,10325680276,1,"IOTHUB_CLIENT_CONFIRMATION_OK"
6203,10325680447,10325680479,1,"IOTHUB_CLIENT_CONFIRMATION_OK"
6204,10325680647,10325680676,1,"IOTHUB_CLIENT_CONFIRMATION_OK"
6205,10325680847,10325680903,1,"IOTHUB_CLIENT_CONFIRMATION_OK"
6206,10325681047,10325681080,1,"IOTHUB_CLIENT_CONFIRMATION_OK"
6207,10325681248,10325681295,1,"IOTHUB_CLIENT_CONFIRMATION_OK"
6208,10325681448,10325681594,1,"IOTHUB_CLIENT_CONFIRMATION_OK"
6209,10325681648,10325681677,1,"IOTHUB_CLIENT_CONFIRMATION_OK"
6210,10325681848,10325681881,1,"IOTHUB_CLIENT_CONFIRMATION_OK"
6211,10325682048,10325682083,1,"IOTHUB_CLIENT_CONFIRMATION_OK"
6212,10325682248,10325682282,1,"IOTHUB_CLIENT_CONFIRMATION_OK"
6213,10325682449,10325682482,1,"IOTHUB_CLIENT_CONFIRMATION_OK"
6214,10325682649,10325682680,1,"IOTHUB_CLIENT_CONFIRMATION_OK"
6215,10325682849,10325682882,1,"IOTHUB_CLIENT_CONFIRMATION_OK"
6216,10325683049,10325683087,1,"IOTHUB_CLIENT_CONFIRMATION_OK"
6217,10325683249,10325683283,1,"IOTHUB_CLIENT_CONFIRMATION_OK"
6218,10325683449,10325683503,1,"IOTHUB_CLIENT_CONFIRMATION_OK"
6219,10325683650,10325683685,1,"IOTHUB_CLIENT_CONFIRMATION_OK"
6220,10325683850,10325683885,1,"IOTHUB_CLIENT_CONFIRMATION_OK"
6221,10325684050,10325684080,1,"IOTHUB_CLIENT_CONFIRMATION_OK"
6222,10325684250,10325684289,1,"IOTHUB_CLIENT_CONFIRMATION_OK"
6223,10325684450,10325684493,1,"IOTHUB_CLIENT_CONFIRMATION_OK"
6224,10325684651,10325684713,1,"IOTHUB_CLIENT_CONFIRMATION_OK"
6225,10325684851,10325684909,1,"IOTHUB_CLIENT_CONFIRMATION_OK"
6226,10325685051,10325685084,1,"IOTHUB_CLIENT_CONFIRMATION_OK"
6227,10325685251,10325685307,1,"IOTHUB_CLIENT_CONFIRMATION_OK"
6228,10325685451,10325685491,1,"IOTHUB_CLIENT_CONFIRMATION_OK"
6229,10325685651,10325685681,1,"IOTHUB_CLIENT_CONFIRMATION_OK"
6230,10325685852,10325685931,1,"IOTHUB_CLIENT_CONFIRMATION_OK"
6231,10325686052,10325686082,1,"IOTHUB_CLIENT_CONFIRMATION_OK"
6232,10325686252,10325686284,1,"IOTHUB_CLIENT_CONFIRMATION_OK"
6233,10325686452,10325686546,1,"IOTHUB_CLIENT_CONFIRMATION_OK"
6234,10325686652,10325686688,1,"IOTHUB_CLIENT_CONFIRMATION_OK"
6235,10325686852,10325686884,1,"IOTHUB_CLIENT_CONFIRMATION_OK"
6236,10325687052,10325687160,1,"IOTHUB_CLIENT_CONFIRMATION_OK"
6237,10325687253,10325687386,1,"IOTHUB_CLIENT_CONFIRMATION_OK"
6238,10325687453,10325687494,1,"IOTHUB_CLIENT_CONFIRMATION_OK"
6239,10325687653,10325687688,1,"IOTHUB_CLIENT_CONFIRMATION_OK"
6240,10325687853,10325687888,1,"IOTHUB_CLIENT_CONFIRMATION_OK"
6241,10325688053,10325688086,1,"IOTHUB_CLIENT_CONFIRMATION_OK"
6242,10325688253,10325688286,1,"IOTHUB_CLIENT_CONFIRMATION_OK"
6243,10325688454,10325688487,1,"IOTHUB_CLIENT_CONFIRMATION_OK"
6244,10325688654,10325688686,1,"IOTHUB_CLIENT_CONFIRMATION_OK"
6245,10325688854,10325688920,1,"IOTHUB_CLIENT_CONFIRMATION_OK"
6246,10325689054,10325689085,1,"IOTHUB_CLIENT_CONFIRMATION_OK"
6247,10325689254,10325689402,1,"IOTHUB_CLIENT_CONFIRMATION_OK"
6248,10325689454,10325689496,1,"IOTHUB_CLIENT_CONFIRMATION_OK"
6249,10325689655,10325689684,1,"IOTHUB_CLIENT_CONFIRMATION_OK"
6250,10325689855,10325690038,1,"IOTHUB_CLIENT_CONFIRMATION_OK"
6251,10325690055,10325690103,1,"IOTHUB_CLIENT_CONFIRMATION_OK"
6252,10325690255,10325690351,1,"IOTHUB_CLIENT_CONFIRMATION_OK"
6253,10325690456,10325690509,1,"IOTHUB_CLIENT_CONFIRMATION_OK"
6254,10325690656,10325690694,1,"IOTHUB_CLIENT_CONFIRMATION_OK"
6255,10325690856,10325690904,1,"IOTHUB_CLIENT_CONFIRMATION_OK"
6256,10325691056,10325691088,1,"IOTHUB_CLIENT_CONFIRMATION_OK"
6257,10325691256,10325691285,1,"IOTHUB_CLIENT_CONFIRMATION_OK"
6258,10325691457,10325691487,1,"IOTHUB_CLIENT_CONFIRMATION_OK"
6259,10325691657,10325691704,1,"IOTHUB_CLIENT_CONFIRMATION_OK"
6260,10325691857,10325691900,1,"IOTHUB_CLIENT_CONFIRMATION_OK"
6261,10325692057,10325692096,1,"IOTHUB_CLIENT_CONFIRMATION_OK"
6262,10325692257,10325692288,1,"IOTHUB_CLIENT_CONFIRMATION_OK"
6263,10325692457,10325692489,1,"IOTHUB_CLIENT_CONFIRMATION_OK"
6264,10325692657,10325692689,1,"IOTHUB_CLIENT_CONFIRMATION_OK"
6265,10325692858,10325692934,1,"IOTHUB_CLIENT_CONFIRMATION_OK"
6266,10325693058,10325693090,1,"IOTHUB_CLIENT_CONFIRMATION_OK"
6267,10325693258,10325693291,1,"IOTHUB_CLIENT_CONFIRMATION_OK"
6268,10325693458,10325693523,1,"IOTHUB_CLIENT_CONFIRMATION_OK"
6269,10325693659,10325693691,1,"IOTHUB_CLIENT_CONFIRMATION_OK"
6270,10325693859,10325693904,1,"IOTHUB_CLIENT_CONFIRMATION_OK"
6271,10325694059,10325694089,1,"IOTHUB_CLIENT_CONFIRMATION_OK"
6272,10325694259,10325694291,1,"IOTHUB_CLIENT_CONFIRMATION_OK"
6273,10325694459,10325694523,1,"IOTHUB_CLIENT_CONFIRMATION_OK"
6274,10325694659,10325694692,1,"IOTHUB_CLIENT_CONFIRMATION_OK"
6275,10325694859,10325694889,1,"IOTHUB_CLIENT_CONFIRMATION_OK"
6276,10325695060,10325695137,1,"IOTHUB_CLIENT_CONFIRMATION_OK"
6277,10325695260,10325695293,1,"IOTHUB_CLIENT_CONFIRMATION_OK"
6278,10325695460,10325695507,1,"IOTHUB_CLIENT_CONFIRMATION_OK"
6279,10325695660,10325695764,1,"IOTHUB_CLIENT_CONFIRMATION_OK"
6280,10325695860,10325695899,1,"IOTHUB_CLIENT_CONFIRMATION_OK"
6281,10325696060,10325696092,1,"IOTHUB_CLIENT_CONFIRMATION_OK"
6282,10325696261,10325696382,1,"IOTHUB_CLIENT_CONFIRMATION_OK"
6283,10325696461,10325696491,1,"IOTHUB_CLIENT_CONFIRMATION_OK"
6284,10325696661,10325696696,1,"IOTHUB_CLIENT_CONFIRMATION_OK"
6285,10325696861,10325697204,1,"IOTHUB_CLIENT_CONFIRMATION_OK"
6286,10325697061,10325697238,1,"IOTHUB_CLIENT_CONFIRMATION_OK"
6287,10325697261,10325697293,1,"IOTHUB_CLIENT_CONFIRMATION_OK"
6288,10325697462,10325697491,1,"IOTHUB_CLIENT_CONFIRMATION_OK"
6289,10325697662,10325697691,1,"IOTHUB_CLIENT_CONFIRMATION_OK"
6290,10325697862,10325697947,1,"IOTHUB_CLIENT_CONFIRMATION_OK"
6291,10325698062,10325698095,1,"IOTHUB_CLIENT_CONFIRMATION_OK"
6292,10325698262,10325698293,1,"IOTHUB_CLIENT_CONFIRMATION_OK"
6293,10325698462,10325698530,1,"IOTHUB_CLIENT_CONFIRMATION_OK"
6294,10325698662,10325698773,1,"IOTHUB_CLIENT_CONFIRMATION_OK"
6295,10325698863,10325698894,1,"IOTHUB_CLIENT_CONFIRMATION_OK"
6296,10325699063,10325699097,1,"IOTHUB_CLIENT_CONFIRMATION_OK"
6297,10325699263,10325699293,1,"IOTHUB_CLIENT_CONFIRMATION_OK"
6298,10325699463,10325699495,1,"IOTHUB_CLIENT_CONFIRMATION_OK"
6299,10325699663,10325699824,1,"IOTHUB_CLIENT_CONFIRMATION_OK"
6300,10325699863,10325699894,1,"IOTHUB_CLIENT_CONFIRMATION_OK"
6301,10325700064,10325700093,1,"IOTHUB_CLIENT_CONFIRMATION_OK"
6302,10325700264,10325700431,1,"IOTHUB_CLIENT_CONFIRMATION_OK"
6303,10325700464,10325700496,1,"IOTHUB_CLIENT_CONFIRMATION_OK"
6304,10325700664,10325700742,1,"IOTHUB_CLIENT_CONFIRMATION_OK"
6305,10325700864,10325700923,1,"IOTHUB_CLIENT_CONFIRMATION_OK"
6306,10325701065,10325701100,1,"IOTHUB_CLIENT_CONFIRMATION_OK"
6307,10325701265,10325701328,1,"IOTHUB_CLIENT_CONFIRMATION_OK"
6308,10325701465,10325701550,1,"IOTHUB_CLIENT_CONFIRMATION_OK"
6309,10325701665,10325701699,1,"IOTHUB_CLIENT_CONFIRMATION_OK"
6310,10325701865,10325701895,1,"IOTHUB_CLIENT_CONFIRMATION_OK"
6311,10325702066,10325702146,1,"IOTHUB_CLIENT_CONFIRMATION_OK"
6312,10325702266,10325702299,1,"IOTHUB_CLIENT_CONFIRMATION_OK"
6313,10325702466,10325702496,1,"IOTHUB_CLIENT_CONFIRMATION_OK"
6314,10325702666,10325702773,1,"IOTHUB_CLIENT_CONFIRMATION_OK"
6315,10325702866,10325702905,1,"IOTHUB_CLIENT_CONFIRMATION_OK"
6316,10325703066,10325703100,1,"IOTHUB_CLIENT_CONFIRMATION_OK"
6317,10325703267,10325703297,1,"IOTHUB_CLIENT_CONFIRMATION_OK"
6318,10325703467,10325703501,1,"IOTHUB_CLIENT_CONFIRMATION_OK"
6319,10325703667,10325703737,1,"IOTHUB_CLIENT_CONFIRMATION_OK"
6320,10325703867,10325703900,1,"IOTHUB_CLIENT_CONFIRMATION_OK"
6321,10325704067,10325704108,1,"IOTHUB_CLIENT_CONFIRMATION_OK"
6322,10325704267,10325704387,1,"IOTHUB_CLIENT_CONFIRMATION_OK"
6323,10325704468,10325704501,1,"IOTHUB_CLIENT_CONFIRMATION_OK"
6324,10325704668,10325704705,1,"IOTHUB_CLIENT_CONFIRMATION_OK"
6325,10325704868,10325704997,1,"IOTHUB_CLIENT_CONFIRMATION_OK"
6326,10325705068,10325705101,1,"IOTHUB_CLIENT_CONFIRMATION_OK"
6327,10325705268,10325705299,1,"IOTHUB_CLIENT_CONFIRMATION_OK"
6328,10325705468,10325705697,1,"IOTHUB_CLIENT_CONFIRMATION_OK"
6329,10325705668,10325705721,1,"IOTHUB_CLIENT_CONFIRMATION_OK"
6330,10325705869,10325705917,1,"IOTHUB_CLIENT_CONFIRMATION_OK"
6331,10325706069,10325706100,1,"IOTHUB_CLIENT_CONFIRMATION_OK"
6332,10325706269,10325706341,1,"IOTHUB_CLIENT_CONFIRMATION_OK"
6333,10325706469,10325706542,1,"IOTHUB_CLIENT_CONFIRMATION_OK"
6334,10325706669,10325706701,1,"IOTHUB_CLIENT_CONFIRMATION_OK"
6335,10325706869,10325706929,1,"IOTHUB_CLIENT_CONFIRMATION_OK"
6336,10325707070,10325707115,1,"IOTHUB_CLIENT_CONFIRMATION_OK"
6337,10325707270,10325707367,1,"IOTHUB_CLIENT_CONFIRMATION_OK"
6338,10325707470,10325707512,1,"IOTHUB_CLIENT_CONFIRMATION_OK"
6339,10325707670,10325707704,1,"IOTHUB_CLIENT_CONFIRMATION_OK"
6340,10325707870,10325707954,1,"IOTHUB_CLIENT_CONFIRMATION_OK"
6341,10325708071,10325708106,1,"IOTHUB_CLIENT_CONFIRMATION_OK"
6342,10325708271,10325708301,1,"IOTHUB_CLIENT_CONFIRMATION_OK"
6343,10325708471,10325708503,1,"IOTHUB_CLIENT_CONFIRMATION_OK"
6344,10325708671,10325708703,1,"IOTHUB_CLIENT_CONFIRMATION_OK"
6345,10325708871,10325708901,1,"IOTHUB_CLIENT_CONFIRMATION_OK"
6346,10325709071,10325709142,1,"IOTHUB_CLIENT_CONFIRMATION_OK"
6347,10325709271,10325709303,1,"IOTHUB_CLIENT_CONFIRMATION_OK"
6348,10325709472,10325709568,1,"IOTHUB_CLIENT_CONFIRMATION_OK"
6349,10325709672,10325709703,1,"IOTHUB_CLIENT_CONFIRMATION_OK"
6350,10325709872,10325709904,1,"IOTHUB_CLIENT_CONFIRMATION_OK"
6351,10325710072,10325710184,1,"IOTHUB_CLIENT_CONFIRMATION_OK"
6352,10325710272,10325710306,1,"IOTHUB_CLIENT_CONFIRMATION_OK"
6353,10325710473,10325710508,1,"IOTHUB_CLIENT_CONFIRMATION_OK"
6354,10325710673,10325710788,1,"IOTHUB_CLIENT_CONFIRMATION_OK"
6355,10325710873,10325710906,1,"IOTHUB_CLIENT_CONFIRMATION_OK"
6356,10325711073,10325711107,1,"IOTHUB_CLIENT_CONFIRMATION_OK"
6357,10325711273,10325711393,1,"IOTHUB_CLIENT_CONFIRMATION_OK"
6358,10325711473,10325711503,1,"IOTHUB_CLIENT_CONFIRMATION_OK"
6359,10325711674,10325711709,1,"IOTHUB_CLIENT_CONFIRMATION_OK"
6360,10325711874,10325711907,1,"IOTHUB_CLIENT_CONFIRMATION_OK"
6361,10325712074,10325712107,1,"IOTHUB_CLIENT_CONFIRMATION_OK"
6362,10325712274,10325712306,1,"IOTHUB_CLIENT_CONFIRMATION_OK"
6363,10325712474,10325712503,1,"IOTHUB_CLIENT_CONFIRMATION_OK"
6364,10325712674,10325712707,1,"IOTHUB_CLIENT_CONFIRMATION_OK"
6365,10325712874,10325712914,1,"IOTHUB_CLIENT_CONFIRMATION_OK"
6366,10325713075,10325713125,1,"IOTHUB_CLIENT_CONFIRMATION_OK"
6367,10325713275,10325713495,1,"IOTHUB_CLIENT_CONFIRMATION_OK"
6368,10325713475,10325713517,1,"IOTHUB_CLIENT_CONFIRMATION_OK"
6369,10325713675,10325713800,1,"IOTHUB_CLIENT_CONFIRMATION_OK"
6370,10325713876,10325713912,1,"IOTHUB_CLIENT_CONFIRMATION_OK"
6371,10325714076,10325714108,1,"IOTHUB_CLIENT_CONFIRMATION_OK"
6372,10325714276,10325714310,1,"IOTHUB_CLIENT_CONFIRMATION_OK"
6373,10325714476,10325714527,1,"IOTHUB_CLIENT_CONFIRMATION_OK"
6374,10325714676,10325714749,1,"IOTHUB_CLIENT_CONFIRMATION_OK"
6375,10325714877,10325714918,1,"IOTHUB_CLIENT_CONFIRMATION_OK"
6376,10325715077,10325715108,1,"IOTHUB_CLIENT_CONFIRMATION_OK"
6377,10325715277,10325715368,1,"IOTHUB_CLIENT_CONFIRMATION_OK"
6378,10325715477,10325715512,1,"IOTHUB_CLIENT_CONFIRMATION_OK"
6379,10325715677,10325715734,1,"IOTHUB_CLIENT_CONFIRMATION_OK"
6380,10325715877,10325716040,1,"IOTHUB_CLIENT_CONFIRMATION_OK"
6381,10325716078,10325716113,1,"IOTHUB_CLIENT_CONFIRMATION_OK"
6382,10325716278,10325716309,1,"IOTHUB_CLIENT_CONFIRMATION_OK"
6383,10325716478,10325716600,1,"IOTHUB_CLIENT_CONFIRMATION_OK"
6384,10325716678,10325716708,1,"IOTHUB_CLIENT_CONFIRMATION_OK"
6385,10325716879,10325716910,1,"IOTHUB_CLIENT_CONFIRMATION_OK"
6386,10325717079,10325717131,1,"IOTHUB_CLIENT_CONFIRMATION_OK"
6387,10325717279,10325717313,1,"IOTHUB_CLIENT_CONFIRMATION_OK"
6388,10325717479,10325717514,1,"IOTHUB_CLIENT_CONFIRMATION_OK"
6389,10325717679,10325717714,1,"IOTHUB_CLIENT_CONFIRMATION_OK"
6390,10325717879,10325717912,1,"IOTHUB_CLIENT_CONFIRMATION_OK"
6391,10325718080,10325718110,1,"IOTHUB_CLIENT_CONFIRMATION_OK"
6392,10325718280,10325718309,1,"IOTHUB_CLIENT_CONFIRMATION_OK"
6393,10325718480,10325718513,1,"IOTHUB_CLIENT_CONFIRMATION_OK"
6394,10325718680,10325718713,1,"IOTHUB_CLIENT_CONFIRMATION_OK"
6395,10325718880,10325718937,1,"IOTHUB_CLIENT_CONFIRMATION_OK"
6396,10325719080,10325719114,1,"IOTHUB_CLIENT_CONFIRMATION_OK"
6397,10325719280,10325719424,1,"IOTHUB_CLIENT_CONFIRMATION_OK"
6398,10325719481,10325719510,1,"IOTHUB_CLIENT_CONFIRMATION_OK"
6399,10325719681,10325719722,1,"IOTHUB_CLIENT_CONFIRMATION_OK"
6400,10325719881,10325720082,1,"IOTHUB_CLIENT_CONFIRMATION_OK"
6401,10325720081,10325720131,1,"IOTHUB_CLIENT_CONFIRMATION_OK"
6402,10325720281,10325720318,1,"IOTHUB_CLIENT_CONFIRMATION_OK"
6403,10325720481,10325720515,1,"IOTHUB_CLIENT_CONFIRMATION_OK"
6404,10325720682,10325720714,1,"IOTHUB_CLIENT_CONFIRMATION_OK"
6405,10325720882,10325720912,1,"IOTHUB_CLIENT_CONFIRMATION_OK"
6406,10325721082,10325721114,1,"IOTHUB_CLIENT_CONFIRMATION_OK"
6407,10325721282,10325721317,1,"IOTHUB_CLIENT_CONFIRMATION_OK"
6408,10325721482,10325721514,1,"IOTHUB_CLIENT_CONFIRMATION_OK"
6409,10325721683,10325721719,1,"IOTHUB_CLIENT_CONFIRMATION_OK"
6410,10325721883,10325721915,1,"IOTHUB_CLIENT_CONFIRMATION_OK"
6411,10325722083,10325722114,1,"IOTHUB_CLIENT_CONFIRMATION_OK"
6412,10325722284,10325722332,1,"IOTHUB_CLIENT_CONFIRMATION_OK"
6413,10325722484,10325722515,1,"IOTHUB_CLIENT_CONFIRMATION_OK"
6414,10325722684,10325722714,1,"IOTHUB_CLIENT_CONFIRMATION_OK"
6415,10325722884,10325722940,1,"IOTHUB_CLIENT_CONFIRMATION_OK"
6416,10325723084,10325723152,1,"IOTHUB_CLIENT_CONFIRMATION_OK"
6417,10325723284,10325723316,1,"IOTHUB_CLIENT_CONFIRMATION_OK"
6418,10325723485,10325723555,1,"IOTHUB_CLIENT_CONFIRMATION_OK"
6419,10325723685,10325723714,1,"IOTHUB_CLIENT_CONFIRMATION_OK"
6420,10325723885,10325723916,1,"IOTHUB_CLIENT_CONFIRMATION_OK"
6421,10325724085,10325724121,1,"IOTHUB_CLIENT_CONFIRMATION_OK"
6422,10325724285,10325724321,1,"IOTHUB_CLIENT_CONFIRMATION_OK"
6423,10325724485,10325724564,1,"IOTHUB_CLIENT_CONFIRMATION_OK"
6424,10325724686,10325724720,1,"IOTHUB_CLIENT_CONFIRMATION_OK"
6425,10325724886,10325724916,1,"IOTHUB_CLIENT_CONFIRMATION_OK"
6426,10325725086,10325725166,1,"IOTHUB_CLIENT_CONFIRMATION_OK"
6427,10325725286,10325725327,1,"IOTHUB_CLIENT_CONFIRMATION_OK"
6428,10325725486,10325725520,1,"IOTHUB_CLIENT_CONFIRMATION_OK"
6429,10325725687,10325725785,1,"IOTHUB_CLIENT_CONFIRMATION_OK"
6430,10325725887,10325725918,1,"IOTHUB_CLIENT_CONFIRMATION_OK"
6431,10325726087,10325726123,1,"IOTHUB_CLIENT_CONFIRMATION_OK"
6432,10325726287,10325726390,1,"IOTHUB_CLIENT_CONFIRMATION_OK"
6433,10325726487,10325726520,1,"IOTHUB_CLIENT_CONFIRMATION_OK"
6434,10325726688,10325726717,1,"IOTHUB_CLIENT_CONFIRMATION_OK"
6435,10325726888,10325726993,1,"IOTHUB_CLIENT_CONFIRMATION_OK"
6436,10325727088,10325727128,1,"IOTHUB_CLIENT_CONFIRMATION_OK"
6437,10325727288,10325727317,1,"IOTHUB_CLIENT_CONFIRMATION_OK"
6438,10325727488,10325727519,1,"IOTHUB_CLIENT_CONFIRMATION_OK"
6439,10325727688,10325727728,1,"IOTHUB_CLIENT_CONFIRMATION_OK"
6440,10325727888,10325727930,1,"IOTHUB_CLIENT_CONFIRMATION_OK"
6441,10325728089,10325728120,1,"IOTHUB_CLIENT_CONFIRMATION_OK"
6442,10325728289,10325728322,1,"IOTHUB_CLIENT_CONFIRMATION_OK"
6443,10325728489,10325728519,1,"IOTHUB_CLIENT_CONFIRMATION_OK"
6444,10325728689,10325728719,1,"IOTHUB_CLIENT_CONFIRMATION_OK"
6445,10325728889,10325728923,1,"IOTHUB_CLIENT_CONFIRMATION_OK"
6446,10325729089,10325729123,1,"IOTHUB_CLIENT_CONFIRMATION_OK"
6447,10325729290,10325729350,1,"IOTHUB_CLIENT_CONFIRMATION_OK"
6448,10325729490,10325729521,1,"IOTHUB_CLIENT_CONFIRMATION_OK"
6449,10325729690,10325729765,1,"IOTHUB_CLIENT_CONFIRMATION_OK"
6450,10325729890,10325729938,1,"IOTHUB_CLIENT_CONFIRMATION_OK"
6451,10325730090,10325730121,1,"IOTHUB_CLIENT_CONFIRMATION_OK"
6452,10325730290,10325730568,1,"IOTHUB_CLIENT_CONFIRMATION_OK"
6453,10325730491,10325730617,1,"IOTHUB_CLIENT_CONFIRMATION_OK"
6454,10325730691,10325730761,1,"IOTHUB_CLIENT_CONFIRMATION_OK"
6455,10325730891,10325731571,1,"IOTHUB_CLIENT_CONFIRMATION_OK"
6456,10325731091,10325731607,1,"IOTHUB_CLIENT_CONFIRMATION_OK"
6457,10325731291,10325731736,1,"IOTHUB_CLIENT_CONFIRMATION_OK"
6458,10325731491,10325731752,1,"IOTHUB_CLIENT_CONFIRMATION_OK"
6459,10325731692,10325731774,1,"IOTHUB_CLIENT_CONFIRMATION_OK"
6460,10325731892,10325731962,1,"IOTHUB_CLIENT_CONFIRMATION_OK"
6461,10325732092,10325732138,1,"IOTHUB_CLIENT_CONFIRMATION_OK"
6462,10325732292,10325732327,1,"IOTHUB_CLIENT_CONFIRMATION_OK"
6463,10325732492,10325732542,1,"IOTHUB_CLIENT_CONFIRMATION_OK"
6464,10325732693,10325732814,1,"IOTHUB_CLIENT_CONFIRMATION_OK"
6465,10325732893,10325733418,1,"IOTHUB_CLIENT_CONFIRMATION_OK"
6466,10325733093,10325733500,1,"IOTHUB_CLIENT_CONFIRMATION_OK"
6467,10325733293,10325733533,1,"IOTHUB_CLIENT_CONFIRMATION_OK"
6468,10325733493,10325733595,1,"IOTHUB_CLIENT_CONFIRMATION_OK"
6469,10325733694,10325733724,1,"IOTHUB_CLIENT_CONFIRMATION_OK"
6470,10325733894,10325734028,1,"IOTHUB_CLIENT_CONFIRMATION_OK"
6471,10325734094,10325734127,1,"IOTHUB_CLIENT_CONFIRMATION_OK"
6472,10325734294,10325734447,1,"IOTHUB_CLIENT_CONFIRMATION_OK"
6473,10325734494,10325734526,1,"IOTHUB_CLIENT_CONFIRMATION_OK"
6474,10325734694,10325734735,1,"IOTHUB_CLIENT_CONFIRMATION_OK"
6475,10325734895,10325735036,1,"IOTHUB_CLIENT_CONFIRMATION_OK"
6476,10325735095,10325735133,1,"IOTHUB_CLIENT_CONFIRMATION_OK"
6477,10325735295,10325735587,1,"IOTHUB_CLIENT_CONFIRMATION_OK"
6478,10325735495,10325735650,1,"IOTHUB_CLIENT_CONFIRMATION_OK"
6479,10325735695,10325735727,1,"IOTHUB_CLIENT_CONFIRMATION_OK"
6480,10325735895,10325735950,1,"IOTHUB_CLIENT_CONFIRMATION_OK"
6481,10325736095,10325736134,1,"IOTHUB_CLIENT_CONFIRMATION_OK"
6482,10325736296,10325736362,1,"IOTHUB_CLIENT_CONFIRMATION_OK"
6483,10325736496,10325736533,1,"IOTHUB_CLIENT_CONFIRMATION_OK"
6484,10325736696,10325736728,1,"IOTHUB_CLIENT_CONFIRMATION_OK"
6485,10325736896,10325736930,1,"IOTHUB_CLIENT_CONFIRMATION_OK"
6486,10325737096,10325737128,1,"IOTHUB_CLIENT_CONFIRMATION_OK"
6487,10325737297,10325737329,1,"IOTHUB_CLIENT_CONFIRMATION_OK"
6488,10325737497,10325737540,1,"IOTHUB_CLIENT_CONFIRMATION_OK"
6489,10325737697,10325737729,1,"IOTHUB_CLIENT_CONFIRMATION_OK"
6490,10325737897,10325737930,1,"IOTHUB_CLIENT_CONFIRMATION_OK"
6491,10325738097,10325738136,1,"IOTHUB_CLIENT_CONFIRMATION_OK"
6492,10325738297,10325738332,1,"IOTHUB_CLIENT_CONFIRMATION_OK"
6493,10325738497,10325738695,1,"IOTHUB_CLIENT_CONFIRMATION_OK"
6494,10325738698,10325738777,1,"IOTHUB_CLIENT_CONFIRMATION_OK"
6495,10325738898,10325738930,1,"IOTHUB_CLIENT_CONFIRMATION_OK"
6496,10325739098,10325739238,1,"IOTHUB_CLIENT_CONFIRMATION_OK"
6497,10325739298,10325739332,1,"IOTHUB_CLIENT_CONFIRMATION_OK"
6498,10325739498,10325739734,1,"IOTHUB_CLIENT_CONFIRMATION_OK"
6499,10325739698,10325739860,1,"IOTHUB_CLIENT_CONFIRMATION_OK"
6500,10325739899,10325739931,1,"IOTHUB_CLIENT_CONFIRMATION_OK"
6501,10325740099,10325740236,1,"IOTHUB_CLIENT_CONFIRMATION_OK"
6502,10325740299,10325740329,1,"IOTHUB_CLIENT_CONFIRMATION_OK"
6503,10325740499,10325740531,1,"IOTHUB_CLIENT_CONFIRMATION_OK"
6504,10325740699,10325740835,1,"IOTHUB_CLIENT_CONFIRMATION_OK"
6505,10325740899,10325740930,1,"IOTHUB_CLIENT_CONFIRMATION_OK"
6506,10325741099,10325741184,1,"IOTHUB_CLIENT_CONFIRMATION_OK"
6507,10325741300,10325741339,1,"IOTHUB_CLIENT_CONFIRMATION_OK"
6508,10325741500,10325741533,1,"IOTHUB_CLIENT_CONFIRMATION_OK"
6509,10325741700,10325741730,1,"IOTHUB_CLIENT_CONFIRMATION_OK"
6510,10325741900,10325741951,1,"IOTHUB_CLIENT_CONFIRMATION_OK"
6511,10325742100,10325742134,1,"IOTHUB_CLIENT_CONFIRMATION_OK"
6512,10325742301,10325742396,1,"IOTHUB_CLIENT_CONFIRMATION_OK"
6513,10325742501,10325742532,1,"IOTHUB_CLIENT_CONFIRMATION_OK"
6514,10325742701,10325743025,1,"IOTHUB_CLIENT_CONFIRMATION_OK"
6515,10325742901,10325743111,1,"IOTHUB_CLIENT_CONFIRMATION_OK"
6516,10325743101,10325743133,1,"IOTHUB_CLIENT_CONFIRMATION_OK"
6517,10325743301,10325743346,1,"IOTHUB_CLIENT_CONFIRMATION_OK"
6518,10325743501,10325743533,1,"IOTHUB_CLIENT_CONFIRMATION_OK"
6519,10325743702,10325743754,1,"IOTHUB_CLIENT_CONFIRMATION_OK"
6520,10325743902,10325743933,1,"IOTHUB_CLIENT_CONFIRMATION_OK"
6521,10325744102,10325744134,1,"IOTHUB_CLIENT_CONFIRMATION_OK"
6522,10325744302,10325744346,1,"IOTHUB_CLIENT_CONFIRMATION_OK"
6523,10325744502,10325744532,1,"IOTHUB_CLIENT_CONFIRMATION_OK"
6524,10325744702,10325744737,1,"IOTHUB_CLIENT_CONFIRMATION_OK"
6525,10325744902,10325744942,1,"IOTHUB_CLIENT_CONFIRMATION_OK"
6526,10325745103,10325745133,1,"IOTHUB_CLIENT_CONFIRMATION_OK"
6527,10325745303,10325745359,1,"IOTHUB_CLIENT_CONFIRMATION_OK"
6528,10325745503,10325745534,1,"IOTHUB_CLIENT_CONFIRMATION_OK"
6529,10325745703,10325745778,1,"IOTHUB_CLIENT_CONFIRMATION_OK"
6530,10325745903,10325745951,1,"IOTHUB_CLIENT_CONFIRMATION_OK"
6531,10325746103,10325746135,1,"IOTHUB_CLIENT_CONFIRMATION_OK"
6532,10325746304,10325746334,1,"IOTHUB_CLIENT_CONFIRMATION_OK"
6533,10325746504,10325746572,1,"IOTHUB_CLIENT_CONFIRMATION_OK"
6534,10325746704,10325746735,1,"IOTHUB_CLIENT_CONFIRMATION_OK"
6535,10325746904,10325746938,1,"IOTHUB_CLIENT_CONFIRMATION_OK"
6536,10325747104,10325747152,1,"IOTHUB_CLIENT_CONFIRMATION_OK"
6537,10325747304,10325747369,1,"IOTHUB_CLIENT_CONFIRMATION_OK"
6538,10325747504,10325747538,1,"IOTHUB_CLIENT_CONFIRMATION_OK"
6539,10325747705,10325747760,1,"IOTHUB_CLIENT_CONFIRMATION_OK"
6540,10325747905,10325747938,1,"IOTHUB_CLIENT_CONFIRMATION_OK"
6541,10325748105,10325748136,1,"IOTHUB_CLIENT_CONFIRMATION_OK"
6542,10325748305,10325748335,1,"IOTHUB_CLIENT_CONFIRMATION_OK"
6543,10325748505,10325748535,1,"IOTHUB_CLIENT_CONFIRMATION_OK"
6544,10325748705,10325748738,1,"IOTHUB_CLIENT_CONFIRMATION_OK"
6545,10325748906,10325748942,1,"IOTHUB_CLIENT_CONFIRMATION_OK"
6546,10325749106,10325749137,1,"IOTHUB_CLIENT_CONFIRMATION_OK"
6547,10325749306,10325749342,1,"IOTHUB_CLIENT_CONFIRMATION_OK"
6548,10325749506,10325749538,1,"IOTHUB_CLIENT_CONFIRMATION_OK"
6549,10325749706,10325749740,1,"IOTHUB_CLIENT_CONFIRMATION_OK"
6550,10325749906,10325749944,1,"IOTHUB_CLIENT_CONFIRMATION_OK"
6551,10325750107,10325750510,1,"IOTHUB_CLIENT_CONFIRMATION_OK"
6552,10325750307,10325750960,1,"IOTHUB_CLIENT_CONFIRMATION_OK"
6553,10325750507,10325751006,1,"IOTHUB_CLIENT_CONFIRMATION_OK"
6554,10325750707,10325751039,1,"IOTHUB_CLIENT_CONFIRMATION_OK"
6555,10325750907,10325751064,1,"IOTHUB_CLIENT_CONFIRMATION_OK"
6556,10325751107,10325751150,1,"IOTHUB_CLIENT_CONFIRMATION_OK"
6557,10325751308,10325751352,1,"IOTHUB_CLIENT_CONFIRMATION_OK"
6558,10325751508,10325751554,1,"IOTHUB_CLIENT_CONFIRMATION_OK"
6559,10325751708,10325751759,1,"IOTHUB_CLIENT_CONFIRMATION_OK"
6560,10325751908,10325751938,1,"IOTHUB_CLIENT_CONFIRMATION_OK"
6561,10325752108,10325752140,1,"IOTHUB_CLIENT_CONFIRMATION_OK"
6562,10325752309,10325752375,1,"IOTHUB_CLIENT_CONFIRMATION_OK"
6563,10325752509,10325752539,1,"IOTHUB_CLIENT_CONFIRMATION_OK"
6564,10325752709,10325752745,1,"IOTHUB_CLIENT_CONFIRMATION_OK"
6565,10325752909,10325753004,1,"IOTHUB_CLIENT_CONFIRMATION_OK"
6566,10325753109,10325753140,1,"IOTHUB_CLIENT_CONFIRMATION_OK"
6567,10325753310,10325753349,1,"IOTHUB_CLIENT_CONFIRMATION_OK"
6568,10325753510,10325753602,1,"IOTHUB_CLIENT_CONFIRMATION_OK"
6569,10325753710,10325753741,1,"IOTHUB_CLIENT_CONFIRMATION_OK"
6570,10325753910,10325753943,1,"IOTHUB_CLIENT_CONFIRMATION_OK"
6571,10325754110,10325754142,1,"IOTHUB_CLIENT_CONFIRMATION_OK"
6572,10325754310,10325754403,1,"IOTHUB_CLIENT_CONFIRMATION_OK"
6573,10325754510,10325754654,1,"IOTHUB_CLIENT_CONFIRMATION_OK"
6574,10325754711,10325754765,1,"IOTHUB_CLIENT_CONFIRMATION_OK"
6575,10325754911,10325754954,1,"IOTHUB_CLIENT_CONFIRMATION_OK"
6576,10325755111,10325755275,1,"IOTHUB_CLIENT_CONFIRMATION_OK"
6577,10325755311,10325755344,1,"IOTHUB_CLIENT_CONFIRMATION_OK"
6578,10325755511,10325755547,1,"IOTHUB_CLIENT_CONFIRMATION_OK"
6579,10325755712,10325755750,1,"IOTHUB_CLIENT_CONFIRMATION_OK"
6580,10325755912,10325755967,1,"IOTHUB_CLIENT_CONFIRMATION_OK"
6581,10325756112,10325756145,1,"IOTHUB_CLIENT_CONFIRMATION_OK"
6582,10325756312,10325756350,1,"IOTHUB_CLIENT_CONFIRMATION_OK"
6583,10325756512,10325756562,1,"IOTHUB_CLIENT_CONFIRMATION_OK"
6584,10325756712,10325756742,1,"IOTHUB_CLIENT_CONFIRMATION_OK"
6585,10325756913,10325756947,1,"IOTHUB_CLIENT_CONFIRMATION_OK"
6586,10325757113,10325757146,1,"IOTHUB_CLIENT_CONFIRMATION_OK"
6587,10325757313,10325757372,1,"IOTHUB_CLIENT_CONFIRMATION_OK"
6588,10325757513,10325757565,1,"IOTHUB_CLIENT_CONFIRMATION_OK"
6589,10325757713,10325757747,1,"IOTHUB_CLIENT_CONFIRMATION_OK"
6590,10325757914,10325758096,1,"IOTHUB_CLIENT_CONFIRMATION_OK"
6591,10325758114,10325758149,1,"IOTHUB_CLIENT_CONFIRMATION_OK"
6592,10325758314,10325758365,1,"IOTHUB_CLIENT_CONFIRMATION_OK"
6593,10325758514,10325758582,1,"IOTHUB_CLIENT_CONFIRMATION_OK"
6594,10325758714,10325758748,1,"IOTHUB_CLIENT_CONFIRMATION_OK"
6595,10325758914,10325758945,1,"IOTHUB_CLIENT_CONFIRMATION_OK"
6596,10325759115,10325759149,1,"IOTHUB_CLIENT_CONFIRMATION_OK"
6597,10325759315,10325759354,1,"IOTHUB_CLIENT_CONFIRMATION_OK"
6598,10325759515,10325759558,1,"IOTHUB_CLIENT_CONFIRMATION_OK"
6599,10325759715,10325759751,1,"IOTHUB_CLIENT_CONFIRMATION_OK"
6600,10325759915,10325759949,1,"IOTHUB_CLIENT_CONFIRMATION_OK"
6601,10325760115,10325760152,1,"IOTHUB_CLIENT_CONFIRMATION_OK"
6602,10325760316,10325760373,1,"IOTHUB_CLIENT_CONFIRMATION_OK"
6603,10325760516,10325760548,1,"IOTHUB_CLIENT_CONFIRMATION_OK"
6604,10325760716,10325760750,1,"IOTHUB_CLIENT_CONFIRMATION_OK"
6605,10325760916,10325760990,1,"IOTHUB_CLIENT_CONFIRMATION_OK"
6606,10325761116,10325761150,1,"IOTHUB_CLIENT_CONFIRMATION_OK"
6607,10325761316,10325761345,1,"IOTHUB_CLIENT_CONFIRMATION_OK"
6608,10325761516,10325761590,1,"IOTHUB_CLIENT_CONFIRMATION_OK"
6609,10325761717,10325761813,1,"IOTHUB_CLIENT_CONFIRMATION_OK"
6610,10325761917,10325761957,1,"IOTHUB_CLIENT_CONFIRMATION_OK"
6611,10325762117,10325762186,1,"IOTHUB_CLIENT_CONFIRMATION_OK"
6612,10325762317,10325762349,1,"IOTHUB_CLIENT_CONFIRMATION_OK"
6613,10325762517,10325762553,1,"IOTHUB_CLIENT_CONFIRMATION_OK"
6614,10325762717,10325762810,1,"IOTHUB_CLIENT_CONFIRMATION_OK"
6615,10325762918,10325762961,1,"IOTHUB_CLIENT_CONFIRMATION_OK"
6616,10325763118,10325763153,1,"IOTHUB_CLIENT_CONFIRMATION_OK"
6617,10325763318,10325763360,1,"IOTHUB_CLIENT_CONFIRMATION_OK"
6618,10325763518,10325763549,1,"IOTHUB_CLIENT_CONFIRMATION_OK"
6619,10325763718,10325763749,1,"IOTHUB_CLIENT_CONFIRMATION_OK"
6620,10325763918,10325763970,1,"IOTHUB_CLIENT_CONFIRMATION_OK"
6621,10325764118,10325764152,1,"IOTHUB_CLIENT_CONFIRMATION_OK"
6622,10325764319,10325764380,1,"IOTHUB_CLIENT_CONFIRMATION_OK"
6623,10325764519,10325764550,1,"IOTHUB_CLIENT_CONFIRMATION_OK"
6624,10325764719,10325764775,1,"IOTHUB_CLIENT_CONFIRMATION_OK"
6625,10325764919,10325765047,1,"IOTHUB_CLIENT_CONFIRMATION_OK"
6626,10325765120,10325765153,1,"IOTHUB_CLIENT_CONFIRMATION_OK"
6627,10325765320,10325765353,1,"IOTHUB_CLIENT_CONFIRMATION_OK"
6628,10325765520,10325765664,1,"IOTHUB_CLIENT_CONFIRMATION_OK"
6629,10325765720,10325765758,1,"IOTHUB_CLIENT_CONFIRMATION_OK"
6630,10325765920,10325765952,1,"IOTHUB_CLIENT_CONFIRMATION_OK"
6631,10325766120,10325766270,1,"IOTHUB_CLIENT_CONFIRMATION_OK"
6632,10325766321,10325766355,1,"IOTHUB_CLIENT_CONFIRMATION_OK"
6633,10325766521,10325766550,1,"IOTHUB_CLIENT_CONFIRMATION_OK"
6634,10325766721,10325766753,1,"IOTHUB_CLIENT_CONFIRMATION_OK"
6635,10325766921,10325766955,1,"IOTHUB_CLIENT_CONFIRMATION_OK"
6636,10325767121,10325767153,1,"IOTHUB_CLIENT_CONFIRMATION_OK"
6637,10325767321,10325767349,1,"IOTHUB_CLIENT_CONFIRMATION_OK"
6638,10325767522,10325767556,1,"IOTHUB_CLIENT_CONFIRMATION_OK"
6639,10325767722,10325767763,1,"IOTHUB_CLIENT_CONFIRMATION_OK"
6640,10325767922,10325767954,1,"IOTHUB_CLIENT_CONFIRMATION_OK"
6641,10325768122,10325768183,1,"IOTHUB_CLIENT_CONFIRMATION_OK"
6642,10325768322,10325768354,1,"IOTHUB_CLIENT_CONFIRMATION_OK"
6643,10325768523,10325768567,1,"IOTHUB_CLIENT_CONFIRMATION_OK"
6644,10325768723,10325768756,1,"IOTHUB_CLIENT_CONFIRMATION_OK"
6645,10325768923,10325768956,1,"IOTHUB_CLIENT_CONFIRMATION_OK"
6646,10325769123,10325769156,1,"IOTHUB_CLIENT_CONFIRMATION_OK"
6647,10325769323,10325769398,1,"IOTHUB_CLIENT_CONFIRMATION_OK"
6648,10325769524,10325769596,1,"IOTHUB_CLIENT_CONFIRMATION_OK"
6649,10325769724,10325769752,1,"IOTHUB_CLIENT_CONFIRMATION_OK"
6650,10325769924,10325769954,1,"IOTHUB_CLIENT_CONFIRMATION_OK"
6651,10325770124,10325770220,1,"IOTHUB_CLIENT_CONFIRMATION_OK"
6652,10325770324,10325770385,1,"IOTHUB_CLIENT_CONFIRMATION_OK"
6653,10325770524,10325770554,1,"IOTHUB_CLIENT_CONFIRMATION_OK"
6654,10325770725,10325770850,1,"IOTHUB_CLIENT_CONFIRMATION_OK"
6655,10325770925,10325770955,1,"IOTHUB_CLIENT_CONFIRMATION_OK"
6656,10325771125,10325771168,1,"IOTHUB_CLIENT_CONFIRMATION_OK"
6657,10325771325,10325771503,1,"IOTHUB_CLIENT_CONFIRMATION_OK"
6658,10325771525,10325771559,1,"IOTHUB_CLIENT_CONFIRMATION_OK"
6659,10325771725,10325771755,1,"IOTHUB_CLIENT_CONFIRMATION_OK"
6660,10325771925,10325771957,1,"IOTHUB_CLIENT_CONFIRMATION_OK"
6661,10325772126,10325772159,1,"IOTHUB_CLIENT_CONFIRMATION_OK"
6662,10325772326,10325772359,1,"IOTHUB_CLIENT_CONFIRMATION_OK"
6663,10325772526,10325772584,1,"IOTHUB_CLIENT_CONFIRMATION_OK"
6664,10325772726,10325772761,1,"IOTHUB_CLIENT_CONFIRMATION_OK"
6665,10325772926,10325772980,1,"IOTHUB_CLIENT_CONFIRMATION_OK"
6666,10325773126,10325773159,1,"IOTHUB_CLIENT_CONFIRMATION_OK"
6667,10325773327,10325773359,1,"IOTHUB_CLIENT_CONFIRMATION_OK"
6668,10325773527,10325773559,1,"IOTHUB_CLIENT_CONFIRMATION_OK"
6669,10325773727,10325773822,1,"IOTHUB_CLIENT_CONFIRMATION_OK"
6670,10325773927,10325773963,1,"IOTHUB_CLIENT_CONFIRMATION_OK"
6671,10325774127,10325774156,1,"IOTHUB_CLIENT_CONFIRMATION_OK"
6672,10325774327,10325774358,1,"IOTHUB_CLIENT_CONFIRMATION_OK"
6673,10325774527,10325774558,1,"IOTHUB_CLIENT_CONFIRMATION_OK"
6674,10325774728,10325774909,1,"IOTHUB_CLIENT_CONFIRMATION_OK"
6675,10325774928,10325774975,1,"IOTHUB_CLIENT_CONFIRMATION_OK"
6676,10325775128,10325775161,1,"IOTHUB_CLIENT_CONFIRMATION_OK"
6677,10325775328,10325775361,1,"IOTHUB_CLIENT_CONFIRMATION_OK"
6678,10325775528,10325775603,1,"IOTHUB_CLIENT_CONFIRMATION_OK"
6679,10325775729,10325775762,1,"IOTHUB_CLIENT_CONFIRMATION_OK"
6680,10325775929,10325776009,1,"IOTHUB_CLIENT_CONFIRMATION_OK"
6681,10325776129,10325776160,1,"IOTHUB_CLIENT_CONFIRMATION_OK"
6682,10325776329,10325776360,1,"IOTHUB_CLIENT_CONFIRMATION_OK"
6683,10325776529,10325776640,1,"IOTHUB_CLIENT_CONFIRMATION_OK"
6684,10325776729,10325776762,1,"IOTHUB_CLIENT_CONFIRMATION_OK"
6685,10325776930,10325776961,1,"IOTHUB_CLIENT_CONFIRMATION_OK"
6686,10325777130,10325777159,1,"IOTHUB_CLIENT_CONFIRMATION_OK"
6687,10325777330,10325777367,1,"IOTHUB_CLIENT_CONFIRMATION_OK"
6688,10325777530,10325777573,1,"IOTHUB_CLIENT_CONFIRMATION_OK"
6689,10325777731,10325777814,1,"IOTHUB_CLIENT_CONFIRMATION_OK"
6690,10325777931,10325777964,1,"IOTHUB_CLIENT_CONFIRMATION_OK"
6691,10325778131,10325778161,1,"IOTHUB_CLIENT_CONFIRMATION_OK"
6692,10325778331,10325778362,1,"IOTHUB_CLIENT_CONFIRMATION_OK"
6693,10325778531,10325778573,1,"IOTHUB_CLIENT_CONFIRMATION_OK"
6694,10325778731,10325778793,1,"IOTHUB_CLIENT_CONFIRMATION_OK"
6695,10325778932,10325778972,1,"IOTHUB_CLIENT_CONFIRMATION_OK"
6696,10325779132,10325779163,1,"IOTHUB_CLIENT_CONFIRMATION_OK"
6697,10325779332,10325779490,1,"IOTHUB_CLIENT_CONFIRMATION_OK"
6698,10325779532,10325779652,1,"IOTHUB_CLIENT_CONFIRMATION_OK"
6699,10325779732,10325779768,1,"IOTHUB_CLIENT_CONFIRMATION_OK"
6700,10325779933,10325780099,1,"IOTHUB_CLIENT_CONFIRMATION_OK"
6701,10325780133,10325780163,1,"IOTHUB_CLIENT_CONFIRMATION_OK"
6702,10325780333,10325780365,1,"IOTHUB_CLIENT_CONFIRMATION_OK"
6703,10325780533,10325780563,1,"IOTHUB_CLIENT_CONFIRMATION_OK"
6704,10325780733,10325780765,1,"IOTHUB_CLIENT_CONFIRMATION_OK"
6705,10325780934,10325780965,1,"IOTHUB_CLIENT_CONFIRMATION_OK"
6706,10325781134,10325781169,1,"IOTHUB_CLIENT_CONFIRMATION_OK"
6707,10325781334,10325781372,1,"IOTHUB_CLIENT_CONFIRMATION_OK"
6708,10325781534,10325781570,1,"IOTHUB_CLIENT_CONFIRMATION_OK"
6709,10325781734,10325781768,1,"IOTHUB_CLIENT_CONFIRMATION_OK"
6710,10325781935,10325781965,1,"IOTHUB_CLIENT_CONFIRMATION_OK"
6711,10325782135,10325782164,1,"IOTHUB_CLIENT_CONFIRMATION_OK"
6712,10325782335,10325782367,1,"IOTHUB_CLIENT_CONFIRMATION_OK"
6713,10325782535,10325782597,1,"IOTHUB_CLIENT_CONFIRMATION_OK"
6714,10325782735,10325782771,1,"IOTHUB_CLIENT_CONFIRMATION_OK"
6715,10325782936,10325783309,1,"IOTHUB_CLIENT_CONFIRMATION_OK"
6716,10325783136,10325783341,1,"IOTHUB_CLIENT_CONFIRMATION_OK"
6717,10325783336,10325783375,1,"IOTHUB_CLIENT_CONFIRMATION_OK"
6718,10325783536,10325783668,1,"IOTHUB_CLIENT_CONFIRMATION_OK"
6719,10325783736,10325783767,1,"IOTHUB_CLIENT_CONFIRMATION_OK"
6720,10325783937,10325783971,1,"IOTHUB_CLIENT_CONFIRMATION_OK"
6721,10325784137,10325784166,1,"IOTHUB_CLIENT_CONFIRMATION_OK"
6722,10325784337,10325784423,1,"IOTHUB_CLIENT_CONFIRMATION_OK"
6723,10325784537,10325784679,1,"IOTHUB_CLIENT_CONFIRMATION_OK"
6724,10325784737,10325784777,1,"IOTHUB_CLIENT_CONFIRMATION_OK"
6725,10325784937,10325784968,1,"IOTHUB_CLIENT_CONFIRMATION_OK"
6726,10325785138,10325785297,1,"IOTHUB_CLIENT_CONFIRMATION_OK"
6727,10325785338,10325785369,1,"IOTHUB_CLIENT_CONFIRMATION_OK"
6728,10325785538,10325785567,1,"IOTHUB_CLIENT_CONFIRMATION_OK"
6729,10325785738,10325785769,1,"IOTHUB_CLIENT_CONFIRMATION_OK"
6730,10325785938,10325785969,1,"IOTHUB_CLIENT_CONFIRMATION_OK"
6731,10325786138,10325786169,1,"IOTHUB_CLIENT_CONFIRMATION_OK"
6732,10325786339,10325786375,1,"IOTHUB_CLIENT_CONFIRMATION_OK"
6733,10325786539,10325786574,1,"IOTHUB_CLIENT_CONFIRMATION_OK"
6734,10325786739,10325786774,1,"IOTHUB_CLIENT_CONFIRMATION_OK"
6735,10325786939,10325786975,1,"IOTHUB_CLIENT_CONFIRMATION_OK"
6736,10325787139,10325787169,1,"IOTHUB_CLIENT_CONFIRMATION_OK"
6737,10325787339,10325787377,1,"IOTHUB_CLIENT_CONFIRMATION_OK"
6738,10325787540,10325787578,1,"IOTHUB_CLIENT_CONFIRMATION_OK"
6739,10325787740,10325787771,1,"IOTHUB_CLIENT_CONFIRMATION_OK"
6740,10325787940,10325788001,1,"IOTHUB_CLIENT_CONFIRMATION_OK"
6741,10325788140,10325788199,1,"IOTHUB_CLIENT_CONFIRMATION_OK"
6742,10325788340,10325788382,1,"IOTHUB_CLIENT_CONFIRMATION_OK"
6743,10325788540,10325788570,1,"IOTHUB_CLIENT_CONFIRMATION_OK"
6744,10325788740,10325788779,1,"IOTHUB_CLIENT_CONFIRMATION_OK"
6745,10325788941,10325789000,1,"IOTHUB_CLIENT_CONFIRMATION_OK"
6746,10325789141,10325789174,1,"IOTHUB_CLIENT_CONFIRMATION_OK"
6747,10325789341,10325789389,1,"IOTHUB_CLIENT_CONFIRMATION_OK"
6748,10325789541,10325789573,1,"IOTHUB_CLIENT_CONFIRMATION_OK"
6749,10325789741,10325789815,1,"IOTHUB_CLIENT_CONFIRMATION_OK"
6750,10325789942,10325789974,1,"IOTHUB_CLIENT_CONFIRMATION_OK"
6751,10325790142,10325790174,1,"IOTHUB_CLIENT_CONFIRMATION_OK"
6752,10325790342,10325790422,1,"IOTHUB_CLIENT_CONFIRMATION_OK"
6753,10325790542,10325790596,1,"IOTHUB_CLIENT_CONFIRMATION_OK"
6754,10325790742,10325790788,1,"IOTHUB_CLIENT_CONFIRMATION_OK"
6755,10325790942,10325791057,1,"IOTHUB_CLIENT_CONFIRMATION_OK"
6756,10325791143,10325791211,1,"IOTHUB_CLIENT_CONFIRMATION_OK"
6757,10325791343,10325791388,1,"IOTHUB_CLIENT_CONFIRMATION_OK"
6758,10325791543,10325791673,1,"IOTHUB_CLIENT_CONFIRMATION_OK"
6759,10325791743,10325791772,1,"IOTHUB_CLIENT_CONFIRMATION_OK"
6760,10325791943,10325791974,1,"IOTHUB_CLIENT_CONFIRMATION_OK"
6761,10325792143,10325792264,1,"IOTHUB_CLIENT_CONFIRMATION_OK"
6762,10325792344,10325792374,1,"IOTHUB_CLIENT_CONFIRMATION_OK"
6763,10325792544,10325792575,1,"IOTHUB_CLIENT_CONFIRMATION_OK"
6764,10325792744,10325792780,1,"IOTHUB_CLIENT_CONFIRMATION_OK"
6765,10325792944,10325792976,1,"IOTHUB_CLIENT_CONFIRMATION_OK"
6766,10325793144,10325793187,1,"IOTHUB_CLIENT_CONFIRMATION_OK"
6767,10325793344,10325793378,1,"IOTHUB_CLIENT_CONFIRMATION_OK"
6768,10325793545,10325793578,1,"IOTHUB_CLIENT_CONFIRMATION_OK"
6769,10325793745,10325793777,1,"IOTHUB_CLIENT_CONFIRMATION_OK"
6770,10325793945,10325793976,1,"IOTHUB_CLIENT_CONFIRMATION_OK"
6771,10325794145,10325794174,1,"IOTHUB_CLIENT_CONFIRMATION_OK"
6772,10325794345,10325794549,1,"IOTHUB_CLIENT_CONFIRMATION_OK"
6773,10325794546,10325794575,1,"IOTHUB_CLIENT_CONFIRMATION_OK"
6774,10325794746,10325794782,1,"IOTHUB_CLIENT_CONFIRMATION_OK"
6775,10325794946,10325794981,1,"IOTHUB_CLIENT_CONFIRMATION_OK"
6776,10325795146,10325795183,1,"IOTHUB_CLIENT_CONFIRMATION_OK"
6777,10325795346,10325795397,1,"IOTHUB_CLIENT_CONFIRMATION_OK"
6778,10325795546,10325795595,1,"IOTHUB_CLIENT_CONFIRMATION_OK"
6779,10325795746,10325795779,1,"IOTHUB_CLIENT_CONFIRMATION_OK"
6780,10325795947,10325796036,1,"IOTHUB_CLIENT_CONFIRMATION_OK"
6781,10325796147,10325796240,1,"IOTHUB_CLIENT_CONFIRMATION_OK"
6782,10325796347,10325796378,1,"IOTHUB_CLIENT_CONFIRMATION_OK"
6783,10325796547,10325796627,1,"IOTHUB_CLIENT_CONFIRMATION_OK"
6784,10325796747,10325796854,1,"IOTHUB_CLIENT_CONFIRMATION_OK"
6785,10325796947,10325796987,1,"IOTHUB_CLIENT_CONFIRMATION_OK"
6786,10325797148,10325797184,1,"IOTHUB_CLIENT_CONFIRMATION_OK"
6787,10325797348,10325797378,1,"IOTHUB_CLIENT_CONFIRMATION_OK"
6788,10325797548,10325797584,1,"IOTHUB_CLIENT_CONFIRMATION_OK"
6789,10325797748,10325797785,1,"IOTHUB_CLIENT_CONFIRMATION_OK"
6790,10325797948,10325797994,1,"IOTHUB_CLIENT_CONFIRMATION_OK"
6791,10325798148,10325798181,1,"IOTHUB_CLIENT_CONFIRMATION_OK"
6792,10325798349,10325798381,1,"IOTHUB_CLIENT_CONFIRMATION_OK"
6793,10325798549,10325798593,1,"IOTHUB_CLIENT_CONFIRMATION_OK"
6794,10325798749,10325798781,1,"IOTHUB_CLIENT_CONFIRMATION_OK"
6795,10325798949,10325799071,1,"IOTHUB_CLIENT_CONFIRMATION_OK"
6796,10325799149,10325799180,1,"IOTHUB_CLIENT_CONFIRMATION_OK"
6797,10325799349,10325799380,1,"IOTHUB_CLIENT_CONFIRMATION_OK"
6798,10325799550,10325799707,1,"IOTHUB_CLIENT_CONFIRMATION_OK"
6799,10325799750,10325799810,1,"IOTHUB_CLIENT_CONFIRMATION_OK"
6800,10325799950,10325799982,1,"IOTHUB_CLIENT_CONFIRMATION_OK"
6801,10325800150,10325800183,1,"IOTHUB_CLIENT_CONFIRMATION_OK"
6802,10325800350,10325800382,1,"IOTHUB_CLIENT_CONFIRMATION_OK"
6803,10325800550,10325800582,1,"IOTHUB_CLIENT_CONFIRMATION_OK"
6804,10325800750,10325800783,1,"IOTHUB_CLIENT_CONFIRMATION_OK"
6805,10325800951,10325800981,1,"IOTHUB_CLIENT_CONFIRMATION_OK"
6806,10325801151,10325801223,1,"IOTHUB_CLIENT_CONFIRMATION_OK"
6807,10325801351,10325801398,1,"IOTHUB_CLIENT_CONFIRMATION_OK"
6808,10325801551,10325801586,1,"IOTHUB_CLIENT_CONFIRMATION_OK"
6809,10325801751,10325801781,1,"IOTHUB_CLIENT_CONFIRMATION_OK"
6810,10325801951,10325802033,1,"IOTHUB_CLIENT_CONFIRMATION_OK"
6811,10325802152,10325802183,1,"IOTHUB_CLIENT_CONFIRMATION_OK"
6812,10325802352,10325802386,1,"IOTHUB_CLIENT_CONFIRMATION_OK"
6813,10325802552,10325802592,1,"IOTHUB_CLIENT_CONFIRMATION_OK"
6814,10325802752,10325802781,1,"IOTHUB_CLIENT_CONFIRMATION_OK"
6815,10325802952,10325802985,1,"IOTHUB_CLIENT_CONFIRMATION_OK"
6816,10325803152,10325803190,1,"IOTHUB_CLIENT_CONFIRMATION_OK"
6817,10325803352,10325803386,1,"IOTHUB_CLIENT_CONFIRMATION_OK"
6818,10325803553,10325803585,1,"IOTHUB_CLIENT_CONFIRMATION_OK"
6819,10325803753,10325803815,1,"IOTHUB_CLIENT_CONFIRMATION_OK"
6820,10325803953,10325803992,1,"IOTHUB_CLIENT_CONFIRMATION_OK"
6821,10325804153,10325804183,1,"IOTHUB_CLIENT_CONFIRMATION_OK"
6822,10325804353,10325804383,1,"IOTHUB_CLIENT_CONFIRMATION_OK"
6823,10325804554,10325804585,1,"IOTHUB_CLIENT_CONFIRMATION_OK"
6824,10325804754,10325804870,1,"IOTHUB_CLIENT_CONFIRMATION_OK"
6825,10325804954,10325804983,1,"IOTHUB_CLIENT_CONFIRMATION_OK"
6826,10325805154,10325805184,1,"IOTHUB_CLIENT_CONFIRMATION_OK"
6827,10325805354,10325805534,1,"IOTHUB_CLIENT_CONFIRMATION_OK"
6828,10325805554,10325805586,1,"IOTHUB_CLIENT_CONFIRMATION_OK"
6829,10325805754,10325805798,1,"IOTHUB_CLIENT_CONFIRMATION_OK"
6830,10325805955,10325806052,1,"IOTHUB_CLIENT_CONFIRMATION_OK"
6831,10325806155,10325806185,1,"IOTHUB_CLIENT_CONFIRMATION_OK"
6832,10325806355,10325806388,1,"IOTHUB_CLIENT_CONFIRMATION_OK"
6833,10325806555,10325806676,1,"IOTHUB_CLIENT_CONFIRMATION_OK"
6834,10325806755,10325806793,1,"IOTHUB_CLIENT_CONFIRMATION_OK"
6835,10325806955,10325806989,1,"IOTHUB_CLIENT_CONFIRMATION_OK"
6836,10325807156,10325807186,1,"IOTHUB_CLIENT_CONFIRMATION_OK"
6837,10325807356,10325807402,1,"IOTHUB_CLIENT_CONFIRMATION_OK"
6838,10325807556,10325807591,1,"IOTHUB_CLIENT_CONFIRMATION_OK"
6839,10325807756,10325807788,1,"IOTHUB_CLIENT_CONFIRMATION_OK"
6840,10325807956,10325807996,1,"IOTHUB_CLIENT_CONFIRMATION_OK"
6841,10325808157,10325808189,1,"IOTHUB_CLIENT_CONFIRMATION_OK"
6842,10325808357,10325808387,1,"IOTHUB_CLIENT_CONFIRMATION_OK"
6843,10325808557,10325808601,1,"IOTHUB_CLIENT_CONFIRMATION_OK"
6844,10325808757,10325808791,1,"IOTHUB_CLIENT_CONFIRMATION_OK"
6845,10325808957,10325808990,1,"IOTHUB_CLIENT_CONFIRMATION_OK"
6846,10325809157,10325809204,1,"IOTHUB_CLIENT_CONFIRMATION_OK"
6847,10325809358,10325809528,1,"IOTHUB_CLIENT_CONFIRMATION_OK"
6848,10325809558,10325809601,1,"IOTHUB_CLIENT_CONFIRMATION_OK"
6849,10325809758,10325809802,1,"IOTHUB_CLIENT_CONFIRMATION_OK"
6850,10325809958,10325809992,1,"IOTHUB_CLIENT_CONFIRMATION_OK"
6851,10325810158,10325810192,1,"IOTHUB_CLIENT_CONFIRMATION_OK"
6852,10325810358,10325810390,1,"IOTHUB_CLIENT_CONFIRMATION_OK"
6853,10325810559,10325810591,1,"IOTHUB_CLIENT_CONFIRMATION_OK"
6854,10325810759,10325810802,1,"IOTHUB_CLIENT_CONFIRMATION_OK"
6855,10325810959,10325810992,1,"IOTHUB_CLIENT_CONFIRMATION_OK"
6856,10325811159,10325811189,1,"IOTHUB_CLIENT_CONFIRMATION_OK"
6857,10325811359,10325811392,1,"IOTHUB_CLIENT_CONFIRMATION_OK"
6858,10325811559,10325811590,1,"IOTHUB_CLIENT_CONFIRMATION_OK"
6859,10325811760,10325811800,1,"IOTHUB_CLIENT_CONFIRMATION_OK"
6860,10325811960,10325811993,1,"IOTHUB_CLIENT_CONFIRMATION_OK"
6861,10325812160,10325812189,1,"IOTHUB_CLIENT_CONFIRMATION_OK"
6862,10325812360,10325812401,1,"IOTHUB_CLIENT_CONFIRMATION_OK"
6863,10325812560,10325812590,1,"IOTHUB_CLIENT_CONFIRMATION_OK"
6864,10325812761,10325812794,1,"IOTHUB_CLIENT_CONFIRMATION_OK"
6865,10325812961,10325813034,1,"IOTHUB_CLIENT_CONFIRMATION_OK"
6866,10325813161,10325813190,1,"IOTHUB_CLIENT_CONFIRMATION_OK"
6867,10325813361,10325813390,1,"IOTHUB_CLIENT_CONFIRMATION_OK"
6868,10325813561,10325813595,1,"IOTHUB_CLIENT_CONFIRMATION_OK"
6869,10325813761,10325813795,1,"IOTHUB_CLIENT_CONFIRMATION_OK"
6870,10325813962,10325813996,1,"IOTHUB_CLIENT_CONFIRMATION_OK"
6871,10325814162,10325814198,1,"IOTHUB_CLIENT_CONFIRMATION_OK"
6872,10325814362,10325814394,1,"IOTHUB_CLIENT_CONFIRMATION_OK"
6873,10325814562,10325814639,1,"IOTHUB_CLIENT_CONFIRMATION_OK"
6874,10325814762,10325814794,1,"IOTHUB_CLIENT_CONFIRMATION_OK"
6875,10325814962,10325814999,1,"IOTHUB_CLIENT_CONFIRMATION_OK"
6876,10325815162,10325815260,1,"IOTHUB_CLIENT_CONFIRMATION_OK"
6877,10325815363,10325815395,1,"IOTHUB_CLIENT_CONFIRMATION_OK"
6878,10325815563,10325815600,1,"IOTHUB_CLIENT_CONFIRMATION_OK"
6879,10325815763,10325815878,1,"IOTHUB_CLIENT_CONFIRMATION_OK"
6880,10325815963,10325815995,1,"IOTHUB_CLIENT_CONFIRMATION_OK"
6881,10325816164,10325816207,1,"IOTHUB_CLIENT_CONFIRMATION_OK"
6882,10325816364,10325816481,1,"IOTHUB_CLIENT_CONFIRMATION_OK"
6883,10325816564,10325816597,1,"IOTHUB_CLIENT_CONFIRMATION_OK"
6884,10325816764,10325816800,1,"IOTHUB_CLIENT_CONFIRMATION_OK"
6885,10325816964,10325817082,1,"IOTHUB_CLIENT_CONFIRMATION_OK"
6886,10325817164,10325817196,1,"IOTHUB_CLIENT_CONFIRMATION_OK"
6887,10325817365,10325817405,1,"IOTHUB_CLIENT_CONFIRMATION_OK"
6888,10325817565,10325817595,1,"IOTHUB_CLIENT_CONFIRMATION_OK"
6889,10325817765,10325817795,1,"IOTHUB_CLIENT_CONFIRMATION_OK"
6890,10325817965,10325817997,1,"IOTHUB_CLIENT_CONFIRMATION_OK"
6891,10325818165,10325818200,1,"IOTHUB_CLIENT_CONFIRMATION_OK"
6892,10325818366,10325818396,1,"IOTHUB_CLIENT_CONFIRMATION_OK"
6893,10325818566,10325818596,1,"IOTHUB_CLIENT_CONFIRMATION_OK"
6894,10325818766,10325818806,1,"IOTHUB_CLIENT_CONFIRMATION_OK"
6895,10325818966,10325819079,1,"IOTHUB_CLIENT_CONFIRMATION_OK"
6896,10325819166,10325819204,1,"IOTHUB_CLIENT_CONFIRMATION_OK"
6897,10325819366,10325819438,1,"IOTHUB_CLIENT_CONFIRMATION_OK"
6898,10325819567,10325819617,1,"IOTHUB_CLIENT_CONFIRMATION_OK"
6899,10325819767,10325819960,1,"IOTHUB_CLIENT_CONFIRMATION_OK"
6900,10325819967,10325820063,1,"IOTHUB_CLIENT_CONFIRMATION_OK"
6901,10325820167,10325820200,1,"IOTHUB_CLIENT_CONFIRMATION_OK"
6902,10325820367,10325820402,1,"IOTHUB_CLIENT_CONFIRMATION_OK"
6903,10325820567,10325820751,1,"IOTHUB_CLIENT_CONFIRMATION_OK"
6904,10325820768,10325820821,1,"IOTHUB_CLIENT_CONFIRMATION_OK"
6905,10325820968,10325821000,1,"IOTHUB_CLIENT_CONFIRMATION_OK"
6906,10325821168,10325821198,1,"IOTHUB_CLIENT_CONFIRMATION_OK"
6907,10325821368,10325821400,1,"IOTHUB_CLIENT_CONFIRMATION_OK"
6908,10325821568,10325821624,1,"IOTHUB_CLIENT_CONFIRMATION_OK"
6909,10325821768,10325822126,1,"IOTHUB_CLIENT_CONFIRMATION_OK"
6910,10325821968,10325822169,1,"IOTHUB_CLIENT_CONFIRMATION_OK"
6911,10325822169,10325822268,1,"IOTHUB_CLIENT_CONFIRMATION_OK"
6912,10325822369,10325822404,1,"IOTHUB_CLIENT_CONFIRMATION_OK"
6913,10325822569,10325822602,1,"IOTHUB_CLIENT_CONFIRMATION_OK"
6914,10325822769,10325822804,1,"IOTHUB_CLIENT_CONFIRMATION_OK"
6915,10325822969,10325823078,1,"IOTHUB_CLIENT_CONFIRMATION_OK"
6916,10325823169,10325823218,1,"IOTHUB_CLIENT_CONFIRMATION_OK"
6917,10325823370,10325823411,1,"IOTHUB_CLIENT_CONFIRMATION_OK"
6918,10325823570,10325823599,1,"IOTHUB_CLIENT_CONFIRMATION_OK"
6919,10325823770,10325823801,1,"IOTHUB_CLIENT_CONFIRMATION_OK"
6920,10325823970,10325824021,1,"IOTHUB_CLIENT_CONFIRMATION_OK"
6921,10325824170,10325824315,1,"IOTHUB_CLIENT_CONFIRMATION_OK"
6922,10325824370,10325824411,1,"IOTHUB_CLIENT_CONFIRMATION_OK"
6923,10325824571,10325824602,1,"IOTHUB_CLIENT_CONFIRMATION_OK"
6924,10325824771,10325824801,1,"IOTHUB_CLIENT_CONFIRMATION_OK"
6925,10325824971,10325825049,1,"IOTHUB_CLIENT_CONFIRMATION_OK"
6926,10325825171,10325825202,1,"IOTHUB_CLIENT_CONFIRMATION_OK"
6927,10325825371,10325825403,1,"IOTHUB_CLIENT_CONFIRMATION_OK"
6928,10325825571,10325825683,1,"IOTHUB_CLIENT_CONFIRMATION_OK"
6929,10325825772,10325825805,1,"IOTHUB_CLIENT_CONFIRMATION_OK"
6930,10325825972,10325826007,1,"IOTHUB_CLIENT_CONFIRMATION_OK"
6931,10325826172,10325826268,1,"IOTHUB_CLIENT_CONFIRMATION_OK"
6932,10325826372,10325826402,1,"IOTHUB_CLIENT_CONFIRMATION_OK"
6933,10325826572,10325826608,1,"IOTHUB_CLIENT_CONFIRMATION_OK"
6934,10325826772,10325826872,1,"IOTHUB_CLIENT_CONFIRMATION_OK"
6935,10325826973,10325827006,1,"IOTHUB_CLIENT_CONFIRMATION_OK"
6936,10325827173,10325827216,1,"IOTHUB_CLIENT_CONFIRMATION_OK"
6937,10325827373,10325827416,1,"IOTHUB_CLIENT_CONFIRMATION_OK"
6938,10325827573,10325827607,1,"IOTHUB_CLIENT_CONFIRMATION_OK"
6939,10325827773,10325827807,1,"IOTHUB_CLIENT_CONFIRMATION_OK"
6940,10325827974,10325828022,1,"IOTHUB_CLIENT_CONFIRMATION_OK"
6941,10325828174,10325828212,1,"IOTHUB_CLIENT_CONFIRMATION_OK"
6942,10325828374,10325828406,1,"IOTHUB_CLIENT_CONFIRMATION_OK"
6943,10325828574,10325828621,1,"IOTHUB_CLIENT_CONFIRMATION_OK"
6944,10325828775,10325828823,1,"IOTHUB_CLIENT_CONFIRMATION_OK"
6945,10325828975,10325829007,1,"IOTHUB_CLIENT_CONFIRMATION_OK"
6946,10325829175,10325829249,1,"IOTHUB_CLIENT_CONFIRMATION_OK"
6947,10325829375,10325829405,1,"IOTHUB_CLIENT_CONFIRMATION_OK"
6948,10325829575,10325829623,1,"IOTHUB_CLIENT_CONFIRMATION_OK"
6949,10325829775,10325829805,1,"IOTHUB_CLIENT_CONFIRMATION_OK"
6950,10325829976,10325830009,1,"IOTHUB_CLIENT_CONFIRMATION_OK"
6951,10325830176,10325830241,1,"IOTHUB_CLIENT_CONFIRMATION_OK"
6952,10325830376,10325830408,1,"IOTHUB_CLIENT_CONFIRMATION_OK"
6953,10325830576,10325830608,1,"IOTHUB_CLIENT_CONFIRMATION_OK"
6954,10325830776,10325830859,1,"IOTHUB_CLIENT_CONFIRMATION_OK"
6955,10325830976,10325831007,1,"IOTHUB_CLIENT_CONFIRMATION_OK"
6956,10325831177,10325831206,1,"IOTHUB_CLIENT_CONFIRMATION_OK"
6957,10325831377,10325831507,1,"IOTHUB_CLIENT_CONFIRMATION_OK"
6958,10325831577,10325831610,1,"IOTHUB_CLIENT_CONFIRMATION_OK"
6959,10325831777,10325831809,1,"IOTHUB_CLIENT_CONFIRMATION_OK"
6960,10325831977,10325832074,1,"IOTHUB_CLIENT_CONFIRMATION_OK"
6961,10325832177,10325832209,1,"IOTHUB_CLIENT_CONFIRMATION_OK"
6962,10325832377,10325832409,1,"IOTHUB_CLIENT_CONFIRMATION_OK"
6963,10325832578,10325832723,1,"IOTHUB_CLIENT_CONFIRMATION_OK"
6964,10325832778,10325832823,1,"IOTHUB_CLIENT_CONFIRMATION_OK"
6965,10325832978,10325833009,1,"IOTHUB_CLIENT_CONFIRMATION_OK"
6966,10325833178,10325833214,1,"IOTHUB_CLIENT_CONFIRMATION_OK"
6967,10325833378,10325833410,1,"IOTHUB_CLIENT_CONFIRMATION_OK"
6968,10325833578,10325833623,1,"IOTHUB_CLIENT_CONFIRMATION_OK"
6969,10325833778,10325833809,1,"IOTHUB_CLIENT_CONFIRMATION_OK"
6970,10325833979,10325834012,1,"IOTHUB_CLIENT_CONFIRMATION_OK"
6971,10325834179,10325834209,1,"IOTHUB_CLIENT_CONFIRMATION_OK"
6972,10325834379,10325834413,1,"IOTHUB_CLIENT_CONFIRMATION_OK"
6973,10325834579,10325834618,1,"IOTHUB_CLIENT_CONFIRMATION_OK"
6974,10325834779,10325834813,1,"IOTHUB_CLIENT_CONFIRMATION_OK"
6975,10325834979,10325835010,1,"IOTHUB_CLIENT_CONFIRMATION_OK"
6976,10325835180,10325835211,1,"IOTHUB_CLIENT_CONFIRMATION_OK"
6977,10325835380,10325835413,1,"IOTHUB_CLIENT_CONFIRMATION_OK"
6978,10325835580,10325835683,1,"IOTHUB_CLIENT_CONFIRMATION_OK"
6979,10325835780,10325835813,1,"IOTHUB_CLIENT_CONFIRMATION_OK"
6980,10325835980,10325836014,1,"IOTHUB_CLIENT_CONFIRMATION_OK"
6981,10325836180,10325836212,1,"IOTHUB_CLIENT_CONFIRMATION_OK"
6982,10325836381,10325836414,1,"IOTHUB_CLIENT_CONFIRMATION_OK"
6983,10325836581,10325836621,1,"IOTHUB_CLIENT_CONFIRMATION_OK"
6984,10325836781,10325836811,1,"IOTHUB_CLIENT_CONFIRMATION_OK"
6985,10325836981,10325837054,1,"IOTHUB_CLIENT_CONFIRMATION_OK"
6986,10325837181,10325837216,1,"IOTHUB_CLIENT_CONFIRMATION_OK"
6987,10325837381,10325837423,1,"IOTHUB_CLIENT_CONFIRMATION_OK"
6988,10325837582,10325837632,1,"IOTHUB_CLIENT_CONFIRMATION_OK"
6989,10325837782,10325837821,1,"IOTHUB_CLIENT_CONFIRMATION_OK"
6990,10325837982,10325838017,1,"IOTHUB_CLIENT_CONFIRMATION_OK"
6991,10325838182,10325838218,1,"IOTHUB_CLIENT_CONFIRMATION_OK"
6992,10325838382,10325838426,1,"IOTHUB_CLIENT_CONFIRMATION_OK"
6993,10325838582,10325838615,1,"IOTHUB_CLIENT_CONFIRMATION_OK"
6994,10325838783,10325838818,1,"IOTHUB_CLIENT_CONFIRMATION_OK"
6995,10325838983,10325839120,1,"IOTHUB_CLIENT_CONFIRMATION_OK"
6996,10325839183,10325839217,1,"IOTHUB_CLIENT_CONFIRMATION_OK"
6997,10325839383,10325839423,1,"IOTHUB_CLIENT_CONFIRMATION_OK"
6998,10325839583,10325839624,1,"IOTHUB_CLIENT_CONFIRMATION_OK"
6999,10325839784,10325839816,1,"IOTHUB_CLIENT_CONFIRMATION_OK"
7000,10325839984,10325840041,1,"IOTHUB_CLIENT_CONFIRMATION_OK"
7001,10325840184,10325840219,1,"IOTHUB_CLIENT_CONFIRMATION_OK"
7002,10325840384,10325840417,1,"IOTHUB_CLIENT_CONFIRMATION_OK"
7003,10325840584,10325840647,1,"IOTHUB_CLIENT_CONFIRMATION_OK"
7004,10325840784,10325840821,1,"IOTHUB_CLIENT_CONFIRMATION_OK"
7005,10325840985,10325841022,1,"IOTHUB_CLIENT_CONFIRMATION_OK"
7006,10325841185,10325841267,1,"IOTHUB_CLIENT_CONFIRMATION_OK"
7007,10325841385,10325841421,1,"IOTHUB_CLIENT_CONFIRMATION_OK"
7008,10325841585,10325841621,1,"IOTHUB_CLIENT_CONFIRMATION_OK"
7009,10325841785,10325841875,1,"IOTHUB_CLIENT_CONFIRMATION_OK"
7010,10325841985,10325842140,1,"IOTHUB_CLIENT_CONFIRMATION_OK"
7011,10325842186,10325842242,1,"IOTHUB_CLIENT_CONFIRMATION_OK"
7012,10325842386,10325842418,1,"IOTHUB_CLIENT_CONFIRMATION_OK"
7013,10325842586,10325842735,1,"IOTHUB_CLIENT_CONFIRMATION_OK"
7014,10325842786,10325842847,1,"IOTHUB_CLIENT_CONFIRMATION_OK"
7015,10325842986,10325843019,1,"IOTHUB_CLIENT_CONFIRMATION_OK"
7016,10325843187,10325843223,1,"IOTHUB_CLIENT_CONFIRMATION_OK"
7017,10325843387,10325843421,1,"IOTHUB_CLIENT_CONFIRMATION_OK"
7018,10325843587,10325843700,1,"IOTHUB_CLIENT_CONFIRMATION_OK"
7019,10325843787,10325843822,1,"IOTHUB_CLIENT_CONFIRMATION_OK"
7020,10325843987,10325844016,1,"IOTHUB_CLIENT_CONFIRMATION_OK"
7021,10325844187,10325844220,1,"IOTHUB_CLIENT_CONFIRMATION_OK"
7022,10325844388,10325844422,1,"IOTHUB_CLIENT_CONFIRMATION_OK"
7023,10325844588,10325844769,1,"IOTHUB_CLIENT_CONFIRMATION_OK"
7024,10325844788,10325844822,1,"IOTHUB_CLIENT_CONFIRMATION_OK"
7025,10325844988,10325845018,1,"IOTHUB_CLIENT_CONFIRMATION_OK"
7026,10325845188,10325845220,1,"IOTHUB_CLIENT_CONFIRMATION_OK"
7027,10325845388,10325845421,1,"IOTHUB_CLIENT_CONFIRMATION_OK"
7028,10325845589,10325845625,1,"IOTHUB_CLIENT_CONFIRMATION_OK"
7029,10325845789,10325845822,1,"IOTHUB_CLIENT_CONFIRMATION_OK"
7030,10325845989,10325846023,1,"IOTHUB_CLIENT_CONFIRMATION_OK"
7031,10325846189,10325846221,1,"IOTHUB_CLIENT_CONFIRMATION_OK"
7032,10325846389,10325846434,1,"IOTHUB_CLIENT_CONFIRMATION_OK"
7033,10325846590,10325846622,1,"IOTHUB_CLIENT_CONFIRMATION_OK"
7034,10325846790,10325846825,1,"IOTHUB_CLIENT_CONFIRMATION_OK"
7035,10325846990,10325847056,1,"IOTHUB_CLIENT_CONFIRMATION_OK"
7036,10325847190,10325847228,1,"IOTHUB_CLIENT_CONFIRMATION_OK"
7037,10325847391,10325847423,1,"IOTHUB_CLIENT_CONFIRMATION_OK"
7038,10325847591,10325847641,1,"IOTHUB_CLIENT_CONFIRMATION_OK"
7039,10325847791,10325847844,1,"IOTHUB_CLIENT_CONFIRMATION_OK"
7040,10325847991,10325848025,1,"IOTHUB_CLIENT_CONFIRMATION_OK"
7041,10325848191,10325848250,1,"IOTHUB_CLIENT_CONFIRMATION_OK"
7042,10325848391,10325848423,1,"IOTHUB_CLIENT_CONFIRMATION_OK"
7043,10325848592,10325848622,1,"IOTHUB_CLIENT_CONFIRMATION_OK"
7044,10325848792,10325848825,1,"IOTHUB_CLIENT_CONFIRMATION_OK"
7045,10325848992,10325849084,1,"IOTHUB_CLIENT_CONFIRMATION_OK"
7046,10325849192,10325849242,1,"IOTHUB_CLIENT_CONFIRMATION_OK"
7047,10325849392,10325849510,1,"IOTHUB_CLIENT_CONFIRMATION_OK"
7048,10325849592,10325849629,1,"IOTHUB_CLIENT_CONFIRMATION_OK"
7049,10325849793,10325849920,1,"IOTHUB_CLIENT_CONFIRMATION_OK"
7050,10325849993,10325850028,1,"IOTHUB_CLIENT_CONFIRMATION_OK"
7051,10325850193,10325850270,1,"IOTHUB_CLIENT_CONFIRMATION_OK"
7052,10325850393,10325850515,1,"IOTHUB_CLIENT_CONFIRMATION_OK"
7053,10325850593,10325850626,1,"IOTHUB_CLIENT_CONFIRMATION_OK"
7054,10325850793,10325850826,1,"IOTHUB_CLIENT_CONFIRMATION_OK"
7055,10325850994,10325851138,1,"IOTHUB_CLIENT_CONFIRMATION_OK"
7056,10325851194,10325851275,1,"IOTHUB_CLIENT_CONFIRMATION_OK"
7057,10325851394,10325851452,1,"IOTHUB_CLIENT_CONFIRMATION_OK"
7058,10325851594,10325851681,1,"IOTHUB_CLIENT_CONFIRMATION_OK"
7059,10325851794,10325851838,1,"IOTHUB_CLIENT_CONFIRMATION_OK"
7060,10325851994,10325852030,1,"IOTHUB_CLIENT_CONFIRMATION_OK"
7061,10325852194,10325852225,1,"IOTHUB_CLIENT_CONFIRMATION_OK"
7062,10325852395,10325852424,1,"IOTHUB_CLIENT_CONFIRMATION_OK"
7063,10325852595,10325852635,1,"IOTHUB_CLIENT_CONFIRMATION_OK"
7064,10325852795,10325852826,1,"IOTHUB_CLIENT_CONFIRMATION_OK"
7065,10325852995,10325853026,1,"IOTHUB_CLIENT_CONFIRMATION_OK"
7066,10325853195,10325853231,1,"IOTHUB_CLIENT_CONFIRMATION_OK"
7067,10325853395,10325853428,1,"IOTHUB_CLIENT_CONFIRMATION_OK"
7068,10325853595,10325853643,1,"IOTHUB_CLIENT_CONFIRMATION_OK"
7069,10325853796,10325853830,1,"IOTHUB_CLIENT_CONFIRMATION_OK"
7070,10325853996,10325854028,1,"IOTHUB_CLIENT_CONFIRMATION_OK"
7071,10325854196,10325854248,1,"IOTHUB_CLIENT_CONFIRMATION_OK"
7072,10325854396,10325854595,1,"IOTHUB_CLIENT_CONFIRMATION_OK"
7073,10325854597,10325854628,1,"IOTHUB_CLIENT_CONFIRMATION_OK"
7074,10325854797,10325854835,1,"IOTHUB_CLIENT_CONFIRMATION_OK"
7075,10325854997,10325855034,1,"IOTHUB_CLIENT_CONFIRMATION_OK"
7076,10325855197,10325855330,1,"IOTHUB_CLIENT_CONFIRMATION_OK"
7077,10325855397,10325855482,1,"IOTHUB_CLIENT_CONFIRMATION_OK"
7078,10325855597,10325855628,1,"IOTHUB_CLIENT_CONFIRMATION_OK"
7079,10325855798,10325855831,1,"IOTHUB_CLIENT_CONFIRMATION_OK"
7080,10325855998,10325856034,1,"IOTHUB_CLIENT_CONFIRMATION_OK"
7081,10325856198,10325856232,1,"IOTHUB_CLIENT_CONFIRMATION_OK"
7082,10325856398,10325856433,1,"IOTHUB_CLIENT_CONFIRMATION_OK"
7083,10325856598,10325856630,1,"IOTHUB_CLIENT_CONFIRMATION_OK"
7084,10325856799,10325856833,1,"IOTHUB_CLIENT_CONFIRMATION_OK"
7085,10325856999,10325857031,1,"IOTHUB_CLIENT_CONFIRMATION_OK"
7086,10325857199,10325857231,1,"IOTHUB_CLIENT_CONFIRMATION_OK"
7087,10325857399,10325857447,1,"IOTHUB_CLIENT_CONFIRMATION_OK"
7088,10325857599,10325857652,1,"IOTHUB_CLIENT_CONFIRMATION_OK"
7089,10325857799,10325857829,1,"IOTHUB_CLIENT_CONFIRMATION_OK"
7090,10325858000,10325858037,1,"IOTHUB_CLIENT_CONFIRMATION_OK"
7091,10325858200,10325858235,1,"IOTHUB_CLIENT_CONFIRMATION_OK"
7092,10325858400,10325858447,1,"IOTHUB_CLIENT_CONFIRMATION_OK"
7093,10325858600,10325858680,1,"IOTHUB_CLIENT_CONFIRMATION_OK"
7094,10325858800,10325858833,1,"IOTHUB_CLIENT_CONFIRMATION_OK"
7095,10325859000,10325859032,1,"IOTHUB_CLIENT_CONFIRMATION_OK"
7096,10325859200,10325859232,1,"IOTHUB_CLIENT_CONFIRMATION_OK"
7097,10325859401,10325859462,1,"IOTHUB_CLIENT_CONFIRMATION_OK"
7098,10325859601,10325859685,1,"IOTHUB_CLIENT_CONFIRMATION_OK"
7099,10325859801,10325859838,1,"IOTHUB_CLIENT_CONFIRMATION_OK"
7100,10325860001,10325860055,1,"IOTHUB_CLIENT_CONFIRMATION_OK"
7101,10325860201,10325860300,1,"IOTHUB_CLIENT_CONFIRMATION_OK"
7102,10325860402,10325860434,1,"IOTHUB_CLIENT_CONFIRMATION_OK"
7103,10325860602,10325860635,1,"IOTHUB_CLIENT_CONFIRMATION_OK"
7104,10325860802,10325860897,1,"IOTHUB_CLIENT_CONFIRMATION_OK"
7105,10325861002,10325861047,1,"IOTHUB_CLIENT_CONFIRMATION_OK"
7106,10325861202,10325861352,1,"IOTHUB_CLIENT_CONFIRMATION_OK"
7107,10325861402,10325861620,1,"IOTHUB_CLIENT_CONFIRMATION_OK"
7108,10325861602,10325861644,1,"IOTHUB_CLIENT_CONFIRMATION_OK"
7109,10325861803,10325861855,1,"IOTHUB_CLIENT_CONFIRMATION_OK"
7110,10325862003,10325862039,1,"IOTHUB_CLIENT_CONFIRMATION_OK"
7111,10325862203,10325862273,1,"IOTHUB_CLIENT_CONFIRMATION_OK"
7112,10325862403,10325862434,1,"IOTHUB_CLIENT_CONFIRMATION_OK"
7113,10325862604,10325862650,1,"IOTHUB_CLIENT_CONFIRMATION_OK"
7114,10325862804,10325862840,1,"IOTHUB_CLIENT_CONFIRMATION_OK"
7115,10325863004,10325863147,1,"IOTHUB_CLIENT_CONFIRMATION_OK"
7116,10325863204,10325863235,1,"IOTHUB_CLIENT_CONFIRMATION_OK"
7117,10325863404,10325863506,1,"IOTHUB_CLIENT_CONFIRMATION_OK"
7118,10325863604,10325863638,1,"IOTHUB_CLIENT_CONFIRMATION_OK"
7119,10325863804,10325863865,1,"IOTHUB_CLIENT_CONFIRMATION_OK"
7120,10325864005,10325864097,1,"IOTHUB_CLIENT_CONFIRMATION_OK"
7121,10325864205,10325864235,1,"IOTHUB_CLIENT_CONFIRMATION_OK"
7122,10325864405,10325864449,1,"IOTHUB_CLIENT_CONFIRMATION_OK"
7123,10325864605,10325864639,1,"IOTHUB_CLIENT_CONFIRMATION_OK"
7124,10325864805,10325864885,1,"IOTHUB_CLIENT_CONFIRMATION_OK"
7125,10325865005,10325865119,1,"IOTHUB_CLIENT_CONFIRMATION_OK"
7126,10325865206,10325865257,1,"IOTHUB_CLIENT_CONFIRMATION_OK"
7127,10325865406,10325865439,1,"IOTHUB_CLIENT_CONFIRMATION_OK"
7128,10325865606,10325865640,1,"IOTHUB_CLIENT_CONFIRMATION_OK"
7129,10325865806,10325866043,1,"IOTHUB_CLIENT_CONFIRMATION_OK"
7130,10325866006,10325866076,1,"IOTHUB_CLIENT_CONFIRMATION_OK"
7131,10325866207,10325866238,1,"IOTHUB_CLIENT_CONFIRMATION_OK"
7132,10325866407,10325866452,1,"IOTHUB_CLIENT_CONFIRMATION_OK"
7133,10325866607,10325866653,1,"IOTHUB_CLIENT_CONFIRMATION_OK"
7134,10325866807,10325866840,1,"IOTHUB_CLIENT_CONFIRMATION_OK"
7135,10325867007,10325867103,1,"IOTHUB_CLIENT_CONFIRMATION_OK"
7136,10325867207,10325867315,1,"IOTHUB_CLIENT_CONFIRMATION_OK"
7137,10325867408,10325867485,1,"IOTHUB_CLIENT_CONFIRMATION_OK"
7138,10325867608,10325867645,1,"IOTHUB_CLIENT_CONFIRMATION_OK"
7139,10325867808,10325867902,1,"IOTHUB_CLIENT_CONFIRMATION_OK"
7140,10325868008,10325868101,1,"IOTHUB_CLIENT_CONFIRMATION_OK"
7141,10325868208,10325868243,1,"IOTHUB_CLIENT_CONFIRMATION_OK"
7142,10325868408,10325868471,1,"IOTHUB_CLIENT_CONFIRMATION_OK"
7143,10325868608,10325868641,1,"IOTHUB_CLIENT_CONFIRMATION_OK"
7144,10325868809,10325868838,1,"IOTHUB_CLIENT_CONFIRMATION_OK"
7145,10325869009,10325869041,1,"IOTHUB_CLIENT_CONFIRMATION_OK"
7146,10325869209,10325869240,1,"IOTHUB_CLIENT_CONFIRMATION_OK"
7147,10325869409,10325869588,1,"IOTHUB_CLIENT_CONFIRMATION_OK"
7148,10325869609,10325869647,1,"IOTHUB_CLIENT_CONFIRMATION_OK"
7149,10325869809,10325869840,1,"IOTHUB_CLIENT_CONFIRMATION_OK"
7150,10325870009,10325870038,1,"IOTHUB_CLIENT_CONFIRMATION_OK"
7151,10325870210,10325870240,1,"IOTHUB_CLIENT_CONFIRMATION_OK"
7152,10325870410,10325870447,1,"IOTHUB_CLIENT_CONFIRMATION_OK"
7153,10325870610,10325870654,1,"IOTHUB_CLIENT_CONFIRMATION_OK"
7154,10325870810,10325870847,1,"IOTHUB_CLIENT_CONFIRMATION_OK"
7155,10325871010,10325871127,1,"IOTHUB_CLIENT_CONFIRMATION_OK"
7156,10325871210,10325871241,1,"IOTHUB_CLIENT_CONFIRMATION_OK"
7157,10325871411,10325871444,1,"IOTHUB_CLIENT_CONFIRMATION_OK"
7158,10325871611,10325871641,1,"IOTHUB_CLIENT_CONFIRMATION_OK"
7159,10325871811,10325871843,1,"IOTHUB_CLIENT_CONFIRMATION_OK"
7160,10325872011,10325872047,1,"IOTHUB_CLIENT_CONFIRMATION_OK"
7161,10325872211,10325872504,1,"IOTHUB_CLIENT_CONFIRMATION_OK"
7162,10325872411,10325872546,1,"IOTHUB_CLIENT_CONFIRMATION_OK"
7163,10325872612,10325872648,1,"IOTHUB_CLIENT_CONFIRMATION_OK"
7164,10325872812,10325872845,1,"IOTHUB_CLIENT_CONFIRMATION_OK"
7165,10325873012,10325873050,1,"IOTHUB_CLIENT_CONFIRMATION_OK"
7166,10325873212,10325873241,1,"IOTHUB_CLIENT_CONFIRMATION_OK"
7167,10325873412,10325873445,1,"IOTHUB_CLIENT_CONFIRMATION_OK"
7168,10325873612,10325873659,1,"IOTHUB_CLIENT_CONFIRMATION_OK"
7169,10325873812,10325873864,1,"IOTHUB_CLIENT_CONFIRMATION_OK"
7170,10325874013,10325874048,1,"IOTHUB_CLIENT_CONFIRMATION_OK"
7171,10325874213,10325874247,1,"IOTHUB_CLIENT_CONFIRMATION_OK"
7172,10325874413,10325874484,1,"IOTHUB_CLIENT_CONFIRMATION_OK"
7173,10325874613,10325874675,1,"IOTHUB_CLIENT_CONFIRMATION_OK"
7174,10325874813,10325874847,1,"IOTHUB_CLIENT_CONFIRMATION_OK"
7175,10325875013,10325875048,1,"IOTHUB_CLIENT_CONFIRMATION_OK"
7176,10325875214,10325875288,1,"IOTHUB_CLIENT_CONFIRMATION_OK"
7177,10325875414,10325875446,1,"IOTHUB_CLIENT_CONFIRMATION_OK"
7178,10325875614,10325875644,1,"IOTHUB_CLIENT_CONFIRMATION_OK"
7179,10325875814,10325875893,1,"IOTHUB_CLIENT_CONFIRMATION_OK"
7180,10325876014,10325876050,1,"IOTHUB_CLIENT_CONFIRMATION_OK"
7181,10325876215,10325876246,1,"IOTHUB_CLIENT_CONFIRMATION_OK"
7182,10325876415,10325876512,1,"IOTHUB_CLIENT_CONFIRMATION_OK"
7183,10325876615,10325876647,1,"IOTHUB_CLIENT_CONFIRMATION_OK"
7184,10325876815,10325876953,1,"IOTHUB_CLIENT_CONFIRMATION_OK"
7185,10325877016,10325877145,1,"IOTHUB_CLIENT_CONFIRMATION_OK"
7186,10325877216,10325877255,1,"IOTHUB_CLIENT_CONFIRMATION_OK"
7187,10325877416,10325877498,1,"IOTHUB_CLIENT_CONFIRMATION_OK"
7188,10325877616,10325877647,1,"IOTHUB_CLIENT_CONFIRMATION_OK"
7189,10325877816,10325877845,1,"IOTHUB_CLIENT_CONFIRMATION_OK"
7190,10325878016,10325878048,1,"IOTHUB_CLIENT_CONFIRMATION_OK"
7191,10325878216,10325878247,1,"IOTHUB_CLIENT_CONFIRMATION_OK"
7192,10325878417,10325878452,1,"IOTHUB_CLIENT_CONFIRMATION_OK"
7193,10325878617,10325878652,1,"IOTHUB_CLIENT_CONFIRMATION_OK"
7194,10325878817,10325878869,1,"IOTHUB_CLIENT_CONFIRMATION_OK"
7195,10325879017,10325879048,1,"IOTHUB_CLIENT_CONFIRMATION_OK"
7196,10325879217,10325879256,1,"IOTHUB_CLIENT_CONFIRMATION_OK"
7197,10325879417,10325879683,1,"IOTHUB_CLIENT_CONFIRMATION_OK"
7198,10325879617,10325879732,1,"IOTHUB_CLIENT_CONFIRMATION_OK"
7199,10325879818,10325880009,1,"IOTHUB_CLIENT_CONFIRMATION_OK"
7200,10325880018,10325880049,1,"IOTHUB_CLIENT_CONFIRMATION_OK"
7201,10325880218,10325880250,1,"IOTHUB_CLIENT_CONFIRMATION_OK"
7202,10325880418,10325880451,1,"IOTHUB_CLIENT_CONFIRMATION_OK"
7203,10325880618,10325880657,1,"IOTHUB_CLIENT_CONFIRMATION_OK"
7204,10325880819,10325880882,1,"IOTHUB_CLIENT_CONFIRMATION_OK"
7205,10325881019,10325881052,1,"IOTHUB_CLIENT_CONFIRMATION_OK"
7206,10325881219,10325881267,1,"IOTHUB_CLIENT_CONFIRMATION_OK"
7207,10325881419,10325881451,1,"IOTHUB_CLIENT_CONFIRMATION_OK"
7208,10325881619,10325881649,1,"IOTHUB_CLIENT_CONFIRMATION_OK"
7209,10325881819,10325881876,1,"IOTHUB_CLIENT_CONFIRMATION_OK"
7210,10325882020,10325882051,1,"IOTHUB_CLIENT_CONFIRMATION_OK"
7211,10325882220,10325882252,1,"IOTHUB_CLIENT_CONFIRMATION_OK"
7212,10325882420,10325882450,1,"IOTHUB_CLIENT_CONFIRMATION_OK"
7213,10325882620,10325882652,1,"IOTHUB_CLIENT_CONFIRMATION_OK"
7214,10325882821,10325882855,1,"IOTHUB_CLIENT_CONFIRMATION_OK"
7215,10325883021,10325883052,1,"IOTHUB_CLIENT_CONFIRMATION_OK"
7216,10325883221,10325883257,1,"IOTHUB_CLIENT_CONFIRMATION_OK"
7217,10325883421,10325883489,1,"IOTHUB_CLIENT_CONFIRMATION_OK"
7218,10325883621,10325883664,1,"IOTHUB_CLIENT_CONFIRMATION_OK"
7219,10325883821,10325883861,1,"IOTHUB_CLIENT_CONFIRMATION_OK"
7220,10325884022,10325884164,1,"IOTHUB_CLIENT_CONFIRMATION_OK"
7221,10325884222,10325884252,1,"IOTHUB_CLIENT_CONFIRMATION_OK"
7222,10325884422,10325884597,1,"IOTHUB_CLIENT_CONFIRMATION_OK"
7223,10325884622,10325884653,1,"IOTHUB_CLIENT_CONFIRMATION_OK"
7224,10325884822,10325884853,1,"IOTHUB_CLIENT_CONFIRMATION_OK"
7225,10325885022,10325885176,1,"IOTHUB_CLIENT_CONFIRMATION_OK"
7226,10325885223,10325885254,1,"IOTHUB_CLIENT_CONFIRMATION_OK"
7227,10325885423,10325885454,1,"IOTHUB_CLIENT_CONFIRMATION_OK"
7228,10325885623,10325885785,1,"IOTHUB_CLIENT_CONFIRMATION_OK"
7229,10325885823,10325885854,1,"IOTHUB_CLIENT_CONFIRMATION_OK"
7230,10325886023,10325886055,1,"IOTHUB_CLIENT_CONFIRMATION_OK"
7231,10325886223,10325886257,1,"IOTHUB_CLIENT_CONFIRMATION_OK"
7232,10325886423,10325886454,1,"IOTHUB_CLIENT_CONFIRMATION_OK"
7233,10325886624,10325886655,1,"IOTHUB_CLIENT_CONFIRMATION_OK"
7234,10325886824,10325886853,1,"IOTHUB_CLIENT_CONFIRMATION_OK"
7235,10325887024,10325887068,1,"IOTHUB_CLIENT_CONFIRMATION_OK"
7236,10325887224,10325887303,1,"IOTHUB_CLIENT_CONFIRMATION_OK"
7237,10325887424,10325887470,1,"IOTHUB_CLIENT_CONFIRMATION_OK"
7238,10325887624,10325887659,1,"IOTHUB_CLIENT_CONFIRMATION_OK"
7239,10325887825,10325887862,1,"IOTHUB_CLIENT_CONFIRMATION_OK"
7240,10325888025,10325888055,1,"IOTHUB_CLIENT_CONFIRMATION_OK"
7241,10325888225,10325888289,1,"IOTHUB_CLIENT_CONFIRMATION_OK"
7242,10325888425,10325888470,1,"IOTHUB_CLIENT_CONFIRMATION_OK"
7243,10325888625,10325888667,1,"IOTHUB_CLIENT_CONFIRMATION_OK"
7244,10325888825,10325888862,1,"IOTHUB_CLIENT_CONFIRMATION_OK"
7245,10325889025,10325889060,1,"IOTHUB_CLIENT_CONFIRMATION_OK"
7246,10325889226,10325889284,1,"IOTHUB_CLIENT_CONFIRMATION_OK"
7247,10325889426,10325889458,1,"IOTHUB_CLIENT_CONFIRMATION_OK"
7248,10325889626,10325889682,1,"IOTHUB_CLIENT_CONFIRMATION_OK"
7249,10325889826,10325889868,1,"IOTHUB_CLIENT_CONFIRMATION_OK"
7250,10325890027,10325890058,1,"IOTHUB_CLIENT_CONFIRMATION_OK"
7251,10325890227,10325890256,1,"IOTHUB_CLIENT_CONFIRMATION_OK"
7252,10325890427,10325890460,1,"IOTHUB_CLIENT_CONFIRMATION_OK"
7253,10325890627,10325890659,1,"IOTHUB_CLIENT_CONFIRMATION_OK"
7254,10325890827,10325890867,1,"IOTHUB_CLIENT_CONFIRMATION_OK"
7255,10325891027,10325891057,1,"IOTHUB_CLIENT_CONFIRMATION_OK"
7256,10325891228,10325891265,1,"IOTHUB_CLIENT_CONFIRMATION_OK"
7257,10325891428,10325891472,1,"IOTHUB_CLIENT_CONFIRMATION_OK"
7258,10325891628,10325891718,1,"IOTHUB_CLIENT_CONFIRMATION_OK"
7259,10325891828,10325891859,1,"IOTHUB_CLIENT_CONFIRMATION_OK"
7260,10325892028,10325892194,1,"IOTHUB_CLIENT_CONFIRMATION_OK"
7261,10325892228,10325892259,1,"IOTHUB_CLIENT_CONFIRMATION_OK"
7262,10325892428,10325892459,1,"IOTHUB_CLIENT_CONFIRMATION_OK"
7263,10325892629,10325892659,1,"IOTHUB_CLIENT_CONFIRMATION_OK"
7264,10325892829,10325892974,1,"IOTHUB_CLIENT_CONFIRMATION_OK"
7265,10325893029,10325893069,1,"IOTHUB_CLIENT_CONFIRMATION_OK"
7266,10325893229,10325893263,1,"IOTHUB_CLIENT_CONFIRMATION_OK"
7267,10325893429,10325893460,1,"IOTHUB_CLIENT_CONFIRMATION_OK"
7268,10325893629,10325893663,1,"IOTHUB_CLIENT_CONFIRMATION_OK"
7269,10325893829,10325893879,1,"IOTHUB_CLIENT_CONFIRMATION_OK"
7270,10325894030,10325894061,1,"IOTHUB_CLIENT_CONFIRMATION_OK"
7271,10325894230,10325894262,1,"IOTHUB_CLIENT_CONFIRMATION_OK"
7272,10325894430,10325894463,1,"IOTHUB_CLIENT_CONFIRMATION_OK"
7273,10325894630,10325894665,1,"IOTHUB_CLIENT_CONFIRMATION_OK"
7274,10325894830,10325894868,1,"IOTHUB_CLIENT_CONFIRMATION_OK"
7275,10325895030,10325895087,1,"IOTHUB_CLIENT_CONFIRMATION_OK"
7276,10325895231,10325895297,1,"IOTHUB_CLIENT_CONFIRMATION_OK"
7277,10325895431,10325895471,1,"IOTHUB_CLIENT_CONFIRMATION_OK"
7278,10325895631,10325895670,1,"IOTHUB_CLIENT_CONFIRMATION_OK"
7279,10325895831,10325895864,1,"IOTHUB_CLIENT_CONFIRMATION_OK"
7280,10325896031,10325896064,1,"IOTHUB_CLIENT_CONFIRMATION_OK"
7281,10325896232,10325896263,1,"IOTHUB_CLIENT_CONFIRMATION_OK"
7282,10325896432,10325896464,1,"IOTHUB_CLIENT_CONFIRMATION_OK"
7283,10325896632,10325896664,1,"IOTHUB_CLIENT_CONFIRMATION_OK"
7284,10325896832,10325896932,1,"IOTHUB_CLIENT_CONFIRMATION_OK"
7285,10325897032,10325897063,1,"IOTHUB_CLIENT_CONFIRMATION_OK"
7286,10325897232,10325897290,1,"IOTHUB_CLIENT_CONFIRMATION_OK"
7287,10325897433,10325897466,1,"IOTHUB_CLIENT_CONFIRMATION_OK"
7288,10325897633,10325897666,1,"IOTHUB_CLIENT_CONFIRMATION_OK"
7289,10325897833,10325897939,1,"IOTHUB_CLIENT_CONFIRMATION_OK"
7290,10325898033,10325898068,1,"IOTHUB_CLIENT_CONFIRMATION_OK"
7291,10325898233,10325898266,1,"IOTHUB_CLIENT_CONFIRMATION_OK"
7292,10325898433,10325898464,1,"IOTHUB_CLIENT_CONFIRMATION_OK"
7293,10325898634,10325898665,1,"IOTHUB_CLIENT_CONFIRMATION_OK"
7294,10325898834,10325898864,1,"IOTHUB_CLIENT_CONFIRMATION_OK"
7295,10325899034,10325899091,1,"IOTHUB_CLIENT_CONFIRMATION_OK"
7296,10325899234,10325899386,1,"IOTHUB_CLIENT_CONFIRMATION_OK"
7297,10325899434,10325899578,1,"IOTHUB_CLIENT_CONFIRMATION_OK"
7298,10325899634,10325899700,1,"IOTHUB_CLIENT_CONFIRMATION_OK"
7299,10325899834,10325899867,1,"IOTHUB_CLIENT_CONFIRMATION_OK"
7300,10325900035,10325900250,1,"IOTHUB_CLIENT_CONFIRMATION_OK"
7301,10325900235,10325900276,1,"IOTHUB_CLIENT_CONFIRMATION_OK"
7302,10325900435,10325900465,1,"IOTHUB_CLIENT_CONFIRMATION_OK"
7303,10325900635,10325900669,1,"IOTHUB_CLIENT_CONFIRMATION_OK"
7304,10325900835,10325900867,1,"IOTHUB_CLIENT_CONFIRMATION_OK"
7305,10325901035,10325901069,1,"IOTHUB_CLIENT_CONFIRMATION_OK"
7306,10325901236,10325901266,1,"IOTHUB_CLIENT_CONFIRMATION_OK"
7307,10325901436,10325901468,1,"IOTHUB_CLIENT_CONFIRMATION_OK"
7308,10325901636,10325901667,1,"IOTHUB_CLIENT_CONFIRMATION_OK"
7309,10325901836,10325901939,1,"IOTHUB_CLIENT_CONFIRMATION_OK"
7310,10325902036,10325902077,1,"IOTHUB_CLIENT_CONFIRMATION_OK"
7311,10325902237,10325902267,1,"IOTHUB_CLIENT_CONFIRMATION_OK"
7312,10325902437,10325902483,1,"IOTHUB_CLIENT_CONFIRMATION_OK"
7313,10325902637,10325902677,1,"IOTHUB_CLIENT_CONFIRMATION_OK"
7314,10325902837,10325902871,1,"IOTHUB_CLIENT_CONFIRMATION_OK"
7315,10325903037,10325903084,1,"IOTHUB_CLIENT_CONFIRMATION_OK"
7316,10325903237,10325903270,1,"IOTHUB_CLIENT_CONFIRMATION_OK"
7317,10325903438,10325903480,1,"IOTHUB_CLIENT_CONFIRMATION_OK"
7318,10325903638,10325903685,1,"IOTHUB_CLIENT_CONFIRMATION_OK"
7319,10325903838,10325903872,1,"IOTHUB_CLIENT_CONFIRMATION_OK"
7320,10325904038,10325904077,1,"IOTHUB_CLIENT_CONFIRMATION_OK"
7321,10325904238,10325904271,1,"IOTHUB_CLIENT_CONFIRMATION_OK"
7322,10325904438,10325904472,1,"IOTHUB_CLIENT_CONFIRMATION_OK"
7323,10325904639,10325904697,1,"IOTHUB_CLIENT_CONFIRMATION_OK"
7324,10325904839,10325904879,1,"IOTHUB_CLIENT_CONFIRMATION_OK"
7325,10325905039,10325905072,1,"IOTHUB_CLIENT_CONFIRMATION_OK"
7326,10325905239,10325905322,1,"IOTHUB_CLIENT_CONFIRMATION_OK"
7327,10325905439,10325905497,1,"IOTHUB_CLIENT_CONFIRMATION_OK"
7328,10325905639,10325905682,1,"IOTHUB_CLIENT_CONFIRMATION_OK"
7329,10325905840,10325905938,1,"IOTHUB_CLIENT_CONFIRMATION_OK"
7330,10325906040,10325906145,1,"IOTHUB_CLIENT_CONFIRMATION_OK"
7331,10325906240,10325906276,1,"IOTHUB_CLIENT_CONFIRMATION_OK"
7332,10325906440,10325906558,1,"IOTHUB_CLIENT_CONFIRMATION_OK"
7333,10325906640,10325906673,1,"IOTHUB_CLIENT_CONFIRMATION_OK"
7334,10325906841,10325906872,1,"IOTHUB_CLIENT_CONFIRMATION_OK"
7335,10325907041,10325907285,1,"IOTHUB_CLIENT_CONFIRMATION_OK"
7336,10325907241,10325907308,1,"IOTHUB_CLIENT_CONFIRMATION_OK"
7337,10325907441,10325907474,1,"IOTHUB_CLIENT_CONFIRMATION_OK"
7338,10325907642,10325907672,1,"IOTHUB_CLIENT_CONFIRMATION_OK"
7339,10325907842,10325907872,1,"IOTHUB_CLIENT_CONFIRMATION_OK"
7340,10325908042,10325908076,1,"IOTHUB_CLIENT_CONFIRMATION_OK"
7341,10325908242,10325908273,1,"IOTHUB_CLIENT_CONFIRMATION_OK"
7342,10325908442,10325908478,1,"IOTHUB_CLIENT_CONFIRMATION_OK"
7343,10325908642,10325908736,1,"IOTHUB_CLIENT_CONFIRMATION_OK"
7344,10325908843,10325908875,1,"IOTHUB_CLIENT_CONFIRMATION_OK"
7345,10325909043,10325909077,1,"IOTHUB_CLIENT_CONFIRMATION_OK"
7346,10325909243,10325909274,1,"IOTHUB_CLIENT_CONFIRMATION_OK"
7347,10325909443,10325909475,1,"IOTHUB_CLIENT_CONFIRMATION_OK"
7348,10325909643,10325909676,1,"IOTHUB_CLIENT_CONFIRMATION_OK"
7349,10325909844,10325909877,1,"IOTHUB_CLIENT_CONFIRMATION_OK"
7350,10325910044,10325910222,1,"IOTHUB_CLIENT_CONFIRMATION_OK"
7351,10325910244,10325910277,1,"IOTHUB_CLIENT_CONFIRMATION_OK"
7352,10325910444,10325910479,1,"IOTHUB_CLIENT_CONFIRMATION_OK"
7353,10325910644,10325910678,1,"IOTHUB_CLIENT_CONFIRMATION_OK"
7354,10325910845,10325910875,1,"IOTHUB_CLIENT_CONFIRMATION_OK"
7355,10325911045,10325911080,1,"IOTHUB_CLIENT_CONFIRMATION_OK"
7356,10325911245,10325911280,1,"IOTHUB_CLIENT_CONFIRMATION_OK"
7357,10325911445,10325911481,1,"IOTHUB_CLIENT_CONFIRMATION_OK"
7358,10325911645,10325911678,1,"IOTHUB_CLIENT_CONFIRMATION_OK"
7359,10325911846,10325911875,1,"IOTHUB_CLIENT_CONFIRMATION_OK"
7360,10325912046,10325912284,1,"IOTHUB_CLIENT_CONFIRMATION_OK"
7361,10325912246,10325912315,1,"IOTHUB_CLIENT_CONFIRMATION_OK"
7362,10325912446,10325912478,1,"IOTHUB_CLIENT_CONFIRMATION_OK"
7363,10325912646,10325913136,1,"IOTHUB_CLIENT_CONFIRMATION_OK"
7364,10325912846,10325913277,1,"IOTHUB_CLIENT_CONFIRMATION_OK"
7365,10325913047,10325913335,1,"IOTHUB_CLIENT_CONFIRMATION_OK"
7366,10325913247,10325913363,1,"IOTHUB_CLIENT_CONFIRMATION_OK"
7367,10325913447,10325913529,1,"IOTHUB_CLIENT_CONFIRMATION_OK"
7368,10325913647,10325913679,1,"IOTHUB_CLIENT_CONFIRMATION_OK"
7369,10325913848,10325913893,1,"IOTHUB_CLIENT_CONFIRMATION_OK"
7370,10325914048,10325914080,1,"IOTHUB_CLIENT_CONFIRMATION_OK"
7371,10325914248,10325914282,1,"IOTHUB_CLIENT_CONFIRMATION_OK"
7372,10325914448,10325914556,1,"IOTHUB_CLIENT_CONFIRMATION_OK"
7373,10325914648,10325914680,1,"IOTHUB_CLIENT_CONFIRMATION_OK"
7374,10325914848,10325914885,1,"IOTHUB_CLIENT_CONFIRMATION_OK"
7375,10325915048,10325915203,1,"IOTHUB_CLIENT_CONFIRMATION_OK"
7376,10325915249,10325915294,1,"IOTHUB_CLIENT_CONFIRMATION_OK"
7377,10325915449,10325915479,1,"IOTHUB_CLIENT_CONFIRMATION_OK"
7378,10325915649,10325915799,1,"IOTHUB_CLIENT_CONFIRMATION_OK"
7379,10325915849,10325915881,1,"IOTHUB_CLIENT_CONFIRMATION_OK"
7380,10325916049,10325916086,1,"IOTHUB_CLIENT_CONFIRMATION_OK"
7381,10325916249,10325916282,1,"IOTHUB_CLIENT_CONFIRMATION_OK"
7382,10325916450,10325916563,1,"IOTHUB_CLIENT_CONFIRMATION_OK"
7383,10325916650,10325916684,1,"IOTHUB_CLIENT_CONFIRMATION_OK"
7384,10325916850,10325916883,1,"IOTHUB_CLIENT_CONFIRMATION_OK"
7385,10325917050,10325917092,1,"IOTHUB_CLIENT_CONFIRMATION_OK"
7386,10325917250,10325917284,1,"IOTHUB_CLIENT_CONFIRMATION_OK"
7387,10325917450,10325917494,1,"IOTHUB_CLIENT_CONFIRMATION_OK"
7388,10325917650,10325917730,1,"IOTHUB_CLIENT_CONFIRMATION_OK"
7389,10325917851,10325917882,1,"IOTHUB_CLIENT_CONFIRMATION_OK"
7390,10325918051,10325918081,1,"IOTHUB_CLIENT_CONFIRMATION_OK"
7391,10325918251,10325918283,1,"IOTHUB_CLIENT_CONFIRMATION_OK"
7392,10325918451,10325918496,1,"IOTHUB_CLIENT_CONFIRMATION_OK"
7393,10325918651,10325918682,1,"IOTHUB_CLIENT_CONFIRMATION_OK"
7394,10325918851,10325918909,1,"IOTHUB_CLIENT_CONFIRMATION_OK"
7395,10325919051,10325919098,1,"IOTHUB_CLIENT_CONFIRMATION_OK"
7396,10325919252,10325919283,1,"IOTHUB_CLIENT_CONFIRMATION_OK"
7397,10325919452,10325919487,1,"IOTHUB_CLIENT_CONFIRMATION_OK"
7398,10325919652,10325919705,1,"IOTHUB_CLIENT_CONFIRMATION_OK"
7399,10325919852,10325919883,1,"IOTHUB_CLIENT_CONFIRMATION_OK"
7400,10325920052,10325920086,1,"IOTHUB_CLIENT_CONFIRMATION_OK"
7401,10325920252,10325920361,1,"IOTHUB_CLIENT_CONFIRMATION_OK"
7402,10325920453,10325920503,1,"IOTHUB_CLIENT_CONFIRMATION_OK"
7403,10325920653,10325920707,1,"IOTHUB_CLIENT_CONFIRMATION_OK"
7404,10325920853,10325920950,1,"IOTHUB_CLIENT_CONFIRMATION_OK"
7405,10325921053,10325921202,1,"IOTHUB_CLIENT_CONFIRMATION_OK"
7406,10325921253,10325921361,1,"IOTHUB_CLIENT_CONFIRMATION_OK"
7407,10325921453,10325921561,1,"IOTHUB_CLIENT_CONFIRMATION_OK"
7408,10325921654,10325921685,1,"IOTHUB_CLIENT_CONFIRMATION_OK"
7409,10325921854,10325921887,1,"IOTHUB_CLIENT_CONFIRMATION_OK"
7410,10325922054,10325922188,1,"IOTHUB_CLIENT_CONFIRMATION_OK"
7411,10325922254,10325922301,1,"IOTHUB_CLIENT_CONFIRMATION_OK"
7412,10325922454,10325922484,1,"IOTHUB_CLIENT_CONFIRMATION_OK"
7413,10325922654,10325922697,1,"IOTHUB_CLIENT_CONFIRMATION_OK"
7414,10325922855,10325922890,1,"IOTHUB_CLIENT_CONFIRMATION_OK"
7415,10325923055,10325923088,1,"IOTHUB_CLIENT_CONFIRMATION_OK"
7416,10325923255,10325923398,1,"IOTHUB_CLIENT_CONFIRMATION_OK"
7417,10325923455,10325923488,1,"IOTHUB_CLIENT_CONFIRMATION_OK"
7418,10325923655,10325923688,1,"IOTHUB_CLIENT_CONFIRMATION_OK"
7419,10325923856,10325923918,1,"IOTHUB_CLIENT_CONFIRMATION_OK"
7420,10325924056,10325924095,1,"IOTHUB_CLIENT_CONFIRMATION_OK"
7421,10325924256,10325924287,1,"IOTHUB_CLIENT_CONFIRMATION_OK"
7422,10325924456,10325924486,1,"IOTHUB_CLIENT_CONFIRMATION_OK"
7423,10325924656,10325924900,1,"IOTHUB_CLIENT_CONFIRMATION_OK"
7424,10325924856,10325925020,1,"IOTHUB_CLIENT_CONFIRMATION_OK"
7425,10325925056,10325925099,1,"IOTHUB_CLIENT_CONFIRMATION_OK"
7426,10325925257,10325925295,1,"IOTHUB_CLIENT_CONFIRMATION_OK"
7427,10325925457,10325925487,1,"IOTHUB_CLIENT_CONFIRMATION_OK"
7428,10325925657,10325925691,1,"IOTHUB_CLIENT_CONFIRMATION_OK"
7429,10325925857,10325925904,1,"IOTHUB_CLIENT_CONFIRMATION_OK"
7430,10325926057,10325926092,1,"IOTHUB_CLIENT_CONFIRMATION_OK"
7431,10325926257,10325926290,1,"IOTHUB_CLIENT_CONFIRMATION_OK"
7432,10325926458,10325926492,1,"IOTHUB_CLIENT_CONFIRMATION_OK"
7433,10325926658,10325926688,1,"IOTHUB_CLIENT_CONFIRMATION_OK"
7434,10325926858,10325926892,1,"IOTHUB_CLIENT_CONFIRMATION_OK"
7435,10325927058,10325927091,1,"IOTHUB_CLIENT_CONFIRMATION_OK"
7436,10325927258,10325927294,1,"IOTHUB_CLIENT_CONFIRMATION_OK"
7437,10325927459,10325927510,1,"IOTHUB_CLIENT_CONFIRMATION_OK"
7438,10325927659,10325927694,1,"IOTHUB_CLIENT_CONFIRMATION_OK"
7439,10325927859,10325927915,1,"IOTHUB_CLIENT_CONFIRMATION_OK"
7440,10325928059,10325928093,1,"IOTHUB_CLIENT_CONFIRMATION_OK"
7441,10325928259,10325928327,1,"IOTHUB_CLIENT_CONFIRMATION_OK"
7442,10325928459,10325928532,1,"IOTHUB_CLIENT_CONFIRMATION_OK"
7443,10325928659,10325928692,1,"IOTHUB_CLIENT_CONFIRMATION_OK"
7444,10325928860,10325928895,1,"IOTHUB_CLIENT_CONFIRMATION_OK"
7445,10325929060,10325929092,1,"IOTHUB_CLIENT_CONFIRMATION_OK"
7446,10325929260,10325929331,1,"IOTHUB_CLIENT_CONFIRMATION_OK"
7447,10325929461,10325929524,1,"IOTHUB_CLIENT_CONFIRMATION_OK"
7448,10325929661,10325929695,1,"IOTHUB_CLIENT_CONFIRMATION_OK"
7449,10325929861,10325929895,1,"IOTHUB_CLIENT_CONFIRMATION_OK"
7450,10325930061,10325930118,1,"IOTHUB_CLIENT_CONFIRMATION_OK"
7451,10325930261,10325930293,1,"IOTHUB_CLIENT_CONFIRMATION_OK"
7452,10325930461,10325930499,1,"IOTHUB_CLIENT_CONFIRMATION_OK"
7453,10325930661,10325930732,1,"IOTHUB_CLIENT_CONFIRMATION_OK"
7454,10325930862,10325930893,1,"IOTHUB_CLIENT_CONFIRMATION_OK"
7455,10325931062,10325931113,1,"IOTHUB_CLIENT_CONFIRMATION_OK"
7456,10325931262,10325931338,1,"IOTHUB_CLIENT_CONFIRMATION_OK"
7457,10325931462,10325931494,1,"IOTHUB_CLIENT_CONFIRMATION_OK"
7458,10325931662,10325931693,1,"IOTHUB_CLIENT_CONFIRMATION_OK"
7459,10325931863,10325931954,1,"IOTHUB_CLIENT_CONFIRMATION_OK"
7460,10325932063,10325932097,1,"IOTHUB_CLIENT_CONFIRMATION_OK"
7461,10325932263,10325932295,1,"IOTHUB_CLIENT_CONFIRMATION_OK"
7462,10325932463,10325932559,1,"IOTHUB_CLIENT_CONFIRMATION_OK"
7463,10325932663,10325932697,1,"IOTHUB_CLIENT_CONFIRMATION_OK"
7464,10325932864,10325932897,1,"IOTHUB_CLIENT_CONFIRMATION_OK"
7465,10325933064,10325933101,1,"IOTHUB_CLIENT_CONFIRMATION_OK"
7466,10325933264,10325933295,1,"IOTHUB_CLIENT_CONFIRMATION_OK"
7467,10325933464,10325933493,1,"IOTHUB_CLIENT_CONFIRMATION_OK"
7468,10325933664,10325933821,1,"IOTHUB_CLIENT_CONFIRMATION_OK"
7469,10325933864,10325933903,1,"IOTHUB_CLIENT_CONFIRMATION_OK"
7470,10325934064,10325934100,1,"IOTHUB_CLIENT_CONFIRMATION_OK"
7471,10325934265,10325934305,1,"IOTHUB_CLIENT_CONFIRMATION_OK"
7472,10325934465,10325934501,1,"IOTHUB_CLIENT_CONFIRMATION_OK"
7473,10325934665,10325934842,1,"IOTHUB_CLIENT_CONFIRMATION_OK"
7474,10325934865,10325934901,1,"IOTHUB_CLIENT_CONFIRMATION_OK"
7475,10325935065,10325935180,1,"IOTHUB_CLIENT_CONFIRMATION_OK"
7476,10325935265,10325935296,1,"IOTHUB_CLIENT_CONFIRMATION_OK"
7477,10325935466,10325935541,1,"IOTHUB_CLIENT_CONFIRMATION_OK"
7478,10325935666,10325935716,1,"IOTHUB_CLIENT_CONFIRMATION_OK"
7479,10325935866,10325935979,1,"IOTHUB_CLIENT_CONFIRMATION_OK"
7480,10325936066,10325936194,1,"IOTHUB_CLIENT_CONFIRMATION_OK"
7481,10325936266,10325936302,1,"IOTHUB_CLIENT_CONFIRMATION_OK"
7482,10325936466,10325936502,1,"IOTHUB_CLIENT_CONFIRMATION_OK"
7483,10325936666,10325936703,1,"IOTHUB_CLIENT_CONFIRMATION_OK"
7484,10325936867,10325936901,1,"IOTHUB_CLIENT_CONFIRMATION_OK"
7485,10325937067,10325937179,1,"IOTHUB_CLIENT_CONFIRMATION_OK"
7486,10325937267,10325937322,1,"IOTHUB_CLIENT_CONFIRMATION_OK"
7487,10325937467,10325937506,1,"IOTHUB_CLIENT_CONFIRMATION_OK"
7488,10325937667,10325937707,1,"IOTHUB_CLIENT_CONFIRMATION_OK"
7489,10325937867,10325937925,1,"IOTHUB_CLIENT_CONFIRMATION_OK"
7490,10325938068,10325938101,1,"IOTHUB_CLIENT_CONFIRMATION_OK"
7491,10325938268,10325938320,1,"IOTHUB_CLIENT_CONFIRMATION_OK"
7492,10325938468,10325938498,1,"IOTHUB_CLIENT_CONFIRMATION_OK"
7493,10325938668,10325938699,1,"IOTHUB_CLIENT_CONFIRMATION_OK"
7494,10325938868,10325938921,1,"IOTHUB_CLIENT_CONFIRMATION_OK"
7495,10325939068,10325939103,1,"IOTHUB_CLIENT_CONFIRMATION_OK"
7496,10325939269,10325939303,1,"IOTHUB_CLIENT_CONFIRMATION_OK"
7497,10325939469,10325939499,1,"IOTHUB_CLIENT_CONFIRMATION_OK"
7498,10325939669,10325939833,1,"IOTHUB_CLIENT_CONFIRMATION_OK"
7499,10325939869,10325939964,1,"IOTHUB_CLIENT_CONFIRMATION_OK"
7500,10325940069,10325940100,1,"IOTHUB_CLIENT_CONFIRMATION_OK"
7501,10325940269,10325940303,1,"IOTHUB_CLIENT_CONFIRMATION_OK"
7502,10325940469,10325940551,1,"IOTHUB_CLIENT_CONFIRMATION_OK"
7503,10325940670,10325940699,1,"IOTHUB_CLIENT_CONFIRMATION_OK"
7504,10325940870,10325940901,1,"IOTHUB_CLIENT_CONFIRMATION_OK"
7505,10325941070,10325941148,1,"IOTHUB_CLIENT_CONFIRMATION_OK"
7506,10325941270,10325941306,1,"IOTHUB_CLIENT_CONFIRMATION_OK"
7507,10325941470,10325941503,1,"IOTHUB_CLIENT_CONFIRMATION_OK"
7508,10325941671,10325941767,1,"IOTHUB_CLIENT_CONFIRMATION_OK"
7509,10325941871,10325941909,1,"IOTHUB_CLIENT_CONFIRMATION_OK"
7510,10325942071,10325942130,1,"IOTHUB_CLIENT_CONFIRMATION_OK"
7511,10325942271,10325942394,1,"IOTHUB_CLIENT_CONFIRMATION_OK"
7512,10325942471,10325942506,1,"IOTHUB_CLIENT_CONFIRMATION_OK"
7513,10325942672,10325942706,1,"IOTHUB_CLIENT_CONFIRMATION_OK"
7514,10325942872,10325942937,1,"IOTHUB_CLIENT_CONFIRMATION_OK"
7515,10325943072,10325943121,1,"IOTHUB_CLIENT_CONFIRMATION_OK"
7516,10325943272,10325943305,1,"IOTHUB_CLIENT_CONFIRMATION_OK"
7517,10325943472,10325943503,1,"IOTHUB_CLIENT_CONFIRMATION_OK"
7518,10325943672,10325943705,1,"IOTHUB_CLIENT_CONFIRMATION_OK"
7519,10325943873,10325943908,1,"IOTHUB_CLIENT_CONFIRMATION_OK"
7520,10325944073,10325944108,1,"IOTHUB_CLIENT_CONFIRMATION_OK"
7521,10325944273,10325944308,1,"IOTHUB_CLIENT_CONFIRMATION_OK"
7522,10325944473,10325944607,1,"IOTHUB_CLIENT_CONFIRMATION_OK"
7523,10325944674,10325944714,1,"IOTHUB_CLIENT_CONFIRMATION_OK"
7524,10325944874,10325944905,1,"IOTHUB_CLIENT_CONFIRMATION_OK"
7525,10325945074,10325945220,1,"IOTHUB_CLIENT_CONFIRMATION_OK"
7526,10325945274,10325945313,1,"IOTHUB_CLIENT_CONFIRMATION_OK"
7527,10325945474,10325945505,1,"IOTHUB_CLIENT_CONFIRMATION_OK"
7528,10325945674,10325945831,1,"IOTHUB_CLIENT_CONFIRMATION_OK"
7529,10325945875,10325945907,1,"IOTHUB_CLIENT_CONFIRMATION_OK"
7530,10325946075,10325946113,1,"IOTHUB_CLIENT_CONFIRMATION_OK"
7531,10325946275,10325946306,1,"IOTHUB_CLIENT_CONFIRMATION_OK"
7532,10325946475,10325946508,1,"IOTHUB_CLIENT_CONFIRMATION_OK"
7533,10325946676,10325946712,1,"IOTHUB_CLIENT_CONFIRMATION_OK"
7534,10325946876,10325946946,1,"IOTHUB_CLIENT_CONFIRMATION_OK"
7535,10325947076,10325947107,1,"IOTHUB_CLIENT_CONFIRMATION_OK"
7536,10325947276,10325947306,1,"IOTHUB_CLIENT_CONFIRMATION_OK"
7537,10325947476,10325947512,1,"IOTHUB_CLIENT_CONFIRMATION_OK"
7538,10325947676,10325947707,1,"IOTHUB_CLIENT_CONFIRMATION_OK"
7539,10325947877,10325947909,1,"IOTHUB_CLIENT_CONFIRMATION_OK"
7540,10325948077,10325948107,1,"IOTHUB_CLIENT_CONFIRMATION_OK"
7541,10325948277,10325948311,1,"IOTHUB_CLIENT_CONFIRMATION_OK"
7542,10325948477,10325948509,1,"IOTHUB_CLIENT_CONFIRMATION_OK"
7543,10325948677,10325948738,1,"IOTHUB_CLIENT_CONFIRMATION_OK"
7544,10325948878,10325948913,1,"IOTHUB_CLIENT_CONFIRMATION_OK"
7545,10325949078,10325949124,1,"IOTHUB_CLIENT_CONFIRMATION_OK"
7546,10325949278,10325949321,1,"IOTHUB_CLIENT_CONFIRMATION_OK"
7547,10325949478,10325949510,1,"IOTHUB_CLIENT_CONFIRMATION_OK"
7548,10325949678,10325949710,1,"IOTHUB_CLIENT_CONFIRMATION_OK"
7549,10325949878,10325949936,1,"IOTHUB_CLIENT_CONFIRMATION_OK"
7550,10325950078,10325950112,1,"IOTHUB_CLIENT_CONFIRMATION_OK"
7551,10325950279,10325950311,1,"IOTHUB_CLIENT_CONFIRMATION_OK"
7552,10325950479,10325950607,1,"IOTHUB_CLIENT_CONFIRMATION_OK"
7553,10325950679,10325950710,1,"IOTHUB_CLIENT_CONFIRMATION_OK"
7554,10325950879,10325950917,1,"IOTHUB_CLIENT_CONFIRMATION_OK"
7555,10325951079,10325951113,1,"IOTHUB_CLIENT_CONFIRMATION_OK"
7556,10325951279,10325951311,1,"IOTHUB_CLIENT_CONFIRMATION_OK"
7557,10325951480,10325951516,1,"IOTHUB_CLIENT_CONFIRMATION_OK"
7558,10325951680,10325951720,1,"IOTHUB_CLIENT_CONFIRMATION_OK"
7559,10325951880,10325951914,1,"IOTHUB_CLIENT_CONFIRMATION_OK"
7560,10325952080,10325952151,1,"IOTHUB_CLIENT_CONFIRMATION_OK"
7561,10325952280,10325952334,1,"IOTHUB_CLIENT_CONFIRMATION_OK"
7562,10325952480,10325952513,1,"IOTHUB_CLIENT_CONFIRMATION_OK"
7563,10325952681,10325952810,1,"IOTHUB_CLIENT_CONFIRMATION_OK"
7564,10325952881,10325952911,1,"IOTHUB_CLIENT_CONFIRMATION_OK"
7565,10325953081,10325953114,1,"IOTHUB_CLIENT_CONFIRMATION_OK"
7566,10325953281,10325953347,1,"IOTHUB_CLIENT_CONFIRMATION_OK"
7567,10325953481,10325953515,1,"IOTHUB_CLIENT_CONFIRMATION_OK"
7568,10325953681,10325953742,1,"IOTHUB_CLIENT_CONFIRMATION_OK"
7569,10325953882,10325953917,1,"IOTHUB_CLIENT_CONFIRMATION_OK"
7570,10325954082,10325954114,1,"IOTHUB_CLIENT_CONFIRMATION_OK"
7571,10325954282,10325954326,1,"IOTHUB_CLIENT_CONFIRMATION_OK"
7572,10325954482,10325954515,1,"IOTHUB_CLIENT_CONFIRMATION_OK"
7573,10325954682,10325954714,1,"IOTHUB_CLIENT_CONFIRMATION_OK"
7574,10325954883,10325954982,1,"IOTHUB_CLIENT_CONFIRMATION_OK"
7575,10325955083,10325955115,1,"IOTHUB_CLIENT_CONFIRMATION_OK"
7576,10325955283,10325955315,1,"IOTHUB_CLIENT_CONFIRMATION_OK"
7577,10325955483,10325955574,1,"IOTHUB_CLIENT_CONFIRMATION_OK"
7578,10325955684,10325955714,1,"IOTHUB_CLIENT_CONFIRMATION_OK"
7579,10325955884,10325955916,1,"IOTHUB_CLIENT_CONFIRMATION_OK"
7580,10325956084,10325956193,1,"IOTHUB_CLIENT_CONFIRMATION_OK"
7581,10325956284,10325956411,1,"IOTHUB_CLIENT_CONFIRMATION_OK"
7582,10325956484,10325956585,1,"IOTHUB_CLIENT_CONFIRMATION_OK"
7583,10325956684,10325956815,1,"IOTHUB_CLIENT_CONFIRMATION_OK"
7584,10325956885,10325956965,1,"IOTHUB_CLIENT_CONFIRMATION_OK"
7585,10325957085,10325957130,1,"IOTHUB_CLIENT_CONFIRMATION_OK"
7586,10325957285,10325957413,1,"IOTHUB_CLIENT_CONFIRMATION_OK"
7587,10325957485,10325957524,1,"IOTHUB_CLIENT_CONFIRMATION_OK"
7588,10325957685,10325957723,1,"IOTHUB_CLIENT_CONFIRMATION_OK"
7589,10325957886,10325957916,1,"IOTHUB_CLIENT_CONFIRMATION_OK"
7590,10325958086,10325958132,1,"IOTHUB_CLIENT_CONFIRMATION_OK"
7591,10325958286,10325958367,1,"IOTHUB_CLIENT_CONFIRMATION_OK"
7592,10325958486,10325958549,1,"IOTHUB_CLIENT_CONFIRMATION_OK"
7593,10325958686,10325958730,1,"IOTHUB_CLIENT_CONFIRMATION_OK"
7594,10325958886,10325959068,1,"IOTHUB_CLIENT_CONFIRMATION_OK"
7595,10325959087,10325959230,1,"IOTHUB_CLIENT_CONFIRMATION_OK"
7596,10325959287,10325959357,1,"IOTHUB_CLIENT_CONFIRMATION_OK"
7597,10325959487,10325959647,1,"IOTHUB_CLIENT_CONFIRMATION_OK"
7598,10325959687,10325959720,1,"IOTHUB_CLIENT_CONFIRMATION_OK"
7599,10325959887,10325959919,1,"IOTHUB_CLIENT_CONFIRMATION_OK"
7600,10325960087,10325960275,1,"IOTHUB_CLIENT_CONFIRMATION_OK"
7601,10325960287,10325960318,1,"IOTHUB_CLIENT_CONFIRMATION_OK"
7602,10325960488,10325960518,1,"IOTHUB_CLIENT_CONFIRMATION_OK"
7603,10325960688,10325960718,1,"IOTHUB_CLIENT_CONFIRMATION_OK"
7604,10325960888,10325961047,1,"IOTHUB_CLIENT_CONFIRMATION_OK"
7605,10325961088,10325961119,1,"IOTHUB_CLIENT_CONFIRMATION_OK"
7606,10325961288,10325961319,1,"IOTHUB_CLIENT_CONFIRMATION_OK"
7607,10325961489,10325961537,1,"IOTHUB_CLIENT_CONFIRMATION_OK"
7608,10325961689,10325961731,1,"IOTHUB_CLIENT_CONFIRMATION_OK"
7609,10325961889,10325961941,1,"IOTHUB_CLIENT_CONFIRMATION_OK"
7610,10325962089,10325962283,1,"IOTHUB_CLIENT_CONFIRMATION_OK"
7611,10325962289,10325962322,1,"IOTHUB_CLIENT_CONFIRMATION_OK"
7612,10325962489,10325962536,1,"IOTHUB_CLIENT_CONFIRMATION_OK"
7613,10325962690,10325962721,1,"IOTHUB_CLIENT_CONFIRMATION_OK"
7614,10325962890,10325962923,1,"IOTHUB_CLIENT_CONFIRMATION_OK"
7615,10325963090,10325963131,1,"IOTHUB_CLIENT_CONFIRMATION_OK"
7616,10325963290,10325963325,1,"IOTHUB_CLIENT_CONFIRMATION_OK"
7617,10325963490,10325963524,1,"IOTHUB_CLIENT_CONFIRMATION_OK"
7618,10325963690,10325963766,1,"IOTHUB_CLIENT_CONFIRMATION_OK"
7619,10325963890,10325963944,1,"IOTHUB_CLIENT_CONFIRMATION_OK"
7620,10325964091,10325964184,1,"IOTHUB_CLIENT_CONFIRMATION_OK"
7621,10325964291,10325964330,1,"IOTHUB_CLIENT_CONFIRMATION_OK"
7622,10325964491,10325964520,1,"IOTHUB_CLIENT_CONFIRMATION_OK"
7623,10325964691,10325964745,1,"IOTHUB_CLIENT_CONFIRMATION_OK"
7624,10325964891,10325964922,1,"IOTHUB_CLIENT_CONFIRMATION_OK"
7625,10325965091,10325965178,1,"IOTHUB_CLIENT_CONFIRMATION_OK"
7626,10325965292,10325965368,1,"IOTHUB_CLIENT_CONFIRMATION_OK"
7627,10325965492,10325965526,1,"IOTHUB_CLIENT_CONFIRMATION_OK"
7628,10325965692,10325965723,1,"IOTHUB_CLIENT_CONFIRMATION_OK"
7629,10325965892,10325965964,1,"IOTHUB_CLIENT_CONFIRMATION_OK"
7630,10325966092,10325966124,1,"IOTHUB_CLIENT_CONFIRMATION_OK"
7631,10325966292,10325966324,1,"IOTHUB_CLIENT_CONFIRMATION_OK"
7632,10325966493,10325966578,1,"IOTHUB_CLIENT_CONFIRMATION_OK"
7633,10325966693,10325966721,1,"IOTHUB_CLIENT_CONFIRMATION_OK"
7634,10325966893,10325966927,1,"IOTHUB_CLIENT_CONFIRMATION_OK"
7635,10325967093,10325967206,1,"IOTHUB_CLIENT_CONFIRMATION_OK"
7636,10325967293,10325967323,1,"IOTHUB_CLIENT_CONFIRMATION_OK"
7637,10325967493,10325967523,1,"IOTHUB_CLIENT_CONFIRMATION_OK"
7638,10325967694,10325967738,1,"IOTHUB_CLIENT_CONFIRMATION_OK"
7639,10325967894,10325967929,1,"IOTHUB_CLIENT_CONFIRMATION_OK"
7640,10325968094,10325968136,1,"IOTHUB_CLIENT_CONFIRMATION_OK"
7641,10325968294,10325968334,1,"IOTHUB_CLIENT_CONFIRMATION_OK"
7642,10325968494,10325968527,1,"IOTHUB_CLIENT_CONFIRMATION_OK"
7643,10325968694,10325968738,1,"IOTHUB_CLIENT_CONFIRMATION_OK"
7644,10325968894,10325968951,1,"IOTHUB_CLIENT_CONFIRMATION_OK"
7645,10325969095,10325969131,1,"IOTHUB_CLIENT_CONFIRMATION_OK"
7646,10325969295,10325969326,1,"IOTHUB_CLIENT_CONFIRMATION_OK"
7647,10325969495,10325969580,1,"IOTHUB_CLIENT_CONFIRMATION_OK"
7648,10325969695,10325969761,1,"IOTHUB_CLIENT_CONFIRMATION_OK"
7649,10325969895,10325970172,1,"IOTHUB_CLIENT_CONFIRMATION_OK"
7650,10325970095,10325970211,1,"IOTHUB_CLIENT_CONFIRMATION_OK"
7651,10325970295,10325970329,1,"IOTHUB_CLIENT_CONFIRMATION_OK"
7652,10325970496,10325970606,1,"IOTHUB_CLIENT_CONFIRMATION_OK"
7653,10325970696,10325970729,1,"IOTHUB_CLIENT_CONFIRMATION_OK"
7654,10325970896,10325970927,1,"IOTHUB_CLIENT_CONFIRMATION_OK"
7655,10325971096,10325971211,1,"IOTHUB_CLIENT_CONFIRMATION_OK"
7656,10325971296,10325971330,1,"IOTHUB_CLIENT_CONFIRMATION_OK"
7657,10325971497,10325971534,1,"IOTHUB_CLIENT_CONFIRMATION_OK"
7658,10325971697,10325971829,1,"IOTHUB_CLIENT_CONFIRMATION_OK"
7659,10325971897,10325971931,1,"IOTHUB_CLIENT_CONFIRMATION_OK"
7660,10325972097,10325972348,1,"IOTHUB_CLIENT_CONFIRMATION_OK"
7661,10325972297,10325972508,1,"IOTHUB_CLIENT_CONFIRMATION_OK"
7662,10325972497,10325972601,1,"IOTHUB_CLIENT_CONFIRMATION_OK"
7663,10325972698,10325972751,1,"IOTHUB_CLIENT_CONFIRMATION_OK"
7664,10325972898,10325972927,1,"IOTHUB_CLIENT_CONFIRMATION_OK"
7665,10325973098,10325973132,1,"IOTHUB_CLIENT_CONFIRMATION_OK"
7666,10325973298,10325973338,1,"IOTHUB_CLIENT_CONFIRMATION_OK"
7667,10325973498,10325973535,1,"IOTHUB_CLIENT_CONFIRMATION_OK"
7668,10325973698,10325973735,1,"IOTHUB_CLIENT_CONFIRMATION_OK"
7669,10325973898,10325973938,1,"IOTHUB_CLIENT_CONFIRMATION_OK"
7670,10325974099,10325974131,1,"IOTHUB_CLIENT_CONFIRMATION_OK"
7671,10325974299,10325974338,1,"IOTHUB_CLIENT_CONFIRMATION_OK"
7672,10325974499,10325974650,1,"IOTHUB_CLIENT_CONFIRMATION_OK"
7673,10325974699,10325974747,1,"IOTHUB_CLIENT_CONFIRMATION_OK"
7674,10325974899,10325974929,1,"IOTHUB_CLIENT_CONFIRMATION_OK"
7675,10325975100,10325975129,1,"IOTHUB_CLIENT_CONFIRMATION_OK"
7676,10325975300,10325975331,1,"IOTHUB_CLIENT_CONFIRMATION_OK"
7677,10325975500,10325975536,1,"IOTHUB_CLIENT_CONFIRMATION_OK"
7678,10325975700,10325975769,1,"IOTHUB_CLIENT_CONFIRMATION_OK"
7679,10325975900,10325975932,1,"IOTHUB_CLIENT_CONFIRMATION_OK"
7680,10325976100,10325976132,1,"IOTHUB_CLIENT_CONFIRMATION_OK"
7681,10325976300,10325976425,1,"IOTHUB_CLIENT_CONFIRMATION_OK"
7682,10325976501,10325976536,1,"IOTHUB_CLIENT_CONFIRMATION_OK"
7683,10325976701,10325976731,1,"IOTHUB_CLIENT_CONFIRMATION_OK"
7684,10325976901,10325976966,1,"IOTHUB_CLIENT_CONFIRMATION_OK"
7685,10325977101,10325977144,1,"IOTHUB_CLIENT_CONFIRMATION_OK"
7686,10325977301,10325977336,1,"IOTHUB_CLIENT_CONFIRMATION_OK"
7687,10325977501,10325977581,1,"IOTHUB_CLIENT_CONFIRMATION_OK"
7688,10325977702,10325977836,1,"IOTHUB_CLIENT_CONFIRMATION_OK"
7689,10325977902,10325977936,1,"IOTHUB_CLIENT_CONFIRMATION_OK"
7690,10325978102,10325978132,1,"IOTHUB_CLIENT_CONFIRMATION_OK"
7691,10325978302,10325978332,1,"IOTHUB_CLIENT_CONFIRMATION_OK"
7692,10325978502,10325978534,1,"IOTHUB_CLIENT_CONFIRMATION_OK"
7693,10325978703,10325978732,1,"IOTHUB_CLIENT_CONFIRMATION_OK"
7694,10325978903,10325978942,1,"IOTHUB_CLIENT_CONFIRMATION_OK"
7695,10325979103,10325979141,1,"IOTHUB_CLIENT_CONFIRMATION_OK"
7696,10325979303,10325979342,1,"IOTHUB_CLIENT_CONFIRMATION_OK"
7697,10325979503,10325979539,1,"IOTHUB_CLIENT_CONFIRMATION_OK"
7698,10325979703,10325979864,1,"IOTHUB_CLIENT_CONFIRMATION_OK"
7699,10325979903,10325979941,1,"IOTHUB_CLIENT_CONFIRMATION_OK"
7700,10325980104,10325980134,1,"IOTHUB_CLIENT_CONFIRMATION_OK"
7701,10325980304,10325980339,1,"IOTHUB_CLIENT_CONFIRMATION_OK"
7702,10325980504,10325980540,1,"IOTHUB_CLIENT_CONFIRMATION_OK"
7703,10325980704,10325980735,1,"IOTHUB_CLIENT_CONFIRMATION_OK"
7704,10325980904,10325980934,1,"IOTHUB_CLIENT_CONFIRMATION_OK"
7705,10325981104,10325981439,1,"IOTHUB_CLIENT_CONFIRMATION_OK"
7706,10325981305,10325981462,1,"IOTHUB_CLIENT_CONFIRMATION_OK"
7707,10325981505,10325981675,1,"IOTHUB_CLIENT_CONFIRMATION_OK"
7708,10325981705,10325981739,1,"IOTHUB_CLIENT_CONFIRMATION_OK"
7709,10325981905,10325981937,1,"IOTHUB_CLIENT_CONFIRMATION_OK"
7710,10325982105,10325982145,1,"IOTHUB_CLIENT_CONFIRMATION_OK"
7711,10325982305,10325982336,1,"IOTHUB_CLIENT_CONFIRMATION_OK"
7712,10325982505,10325982552,1,"IOTHUB_CLIENT_CONFIRMATION_OK"
7713,10325982706,10325982736,1,"IOTHUB_CLIENT_CONFIRMATION_OK"
7714,10325982906,10325983066,1,"IOTHUB_CLIENT_CONFIRMATION_OK"
7715,10325983106,10325983157,1,"IOTHUB_CLIENT_CONFIRMATION_OK"
7716,10325983306,10325983341,1,"IOTHUB_CLIENT_CONFIRMATION_OK"
7717,10325983506,10325983550,1,"IOTHUB_CLIENT_CONFIRMATION_OK"
7718,10325983706,10325983739,1,"IOTHUB_CLIENT_CONFIRMATION_OK"
7719,10325983906,10325983941,1,"IOTHUB_CLIENT_CONFIRMATION_OK"
7720,10325984107,10325984140,1,"IOTHUB_CLIENT_CONFIRMATION_OK"
7721,10325984307,10325984437,1,"IOTHUB_CLIENT_CONFIRMATION_OK"
7722,10325984507,10325984538,1,"IOTHUB_CLIENT_CONFIRMATION_OK"
7723,10325984707,10325984738,1,"IOTHUB_CLIENT_CONFIRMATION_OK"
7724,10325984907,10325984966,1,"IOTHUB_CLIENT_CONFIRMATION_OK"
7725,10325985107,10325985139,1,"IOTHUB_CLIENT_CONFIRMATION_OK"
7726,10325985308,10325985339,1,"IOTHUB_CLIENT_CONFIRMATION_OK"
7727,10325985508,10325985578,1,"IOTHUB_CLIENT_CONFIRMATION_OK"
7728,10325985708,10325985741,1,"IOTHUB_CLIENT_CONFIRMATION_OK"
7729,10325985908,10325985941,1,"IOTHUB_CLIENT_CONFIRMATION_OK"
7730,10325986108,10325986186,1,"IOTHUB_CLIENT_CONFIRMATION_OK"
7731,10325986309,10325986349,1,"IOTHUB_CLIENT_CONFIRMATION_OK"
7732,10325986509,10325986576,1,"IOTHUB_CLIENT_CONFIRMATION_OK"
7733,10325986709,10325986810,1,"IOTHUB_CLIENT_CONFIRMATION_OK"
7734,10325986909,10325986947,1,"IOTHUB_CLIENT_CONFIRMATION_OK"
7735,10325987109,10325987142,1,"IOTHUB_CLIENT_CONFIRMATION_OK"
7736,10325987309,10325987397,1,"IOTHUB_CLIENT_CONFIRMATION_OK"
7737,10325987510,10325987546,1,"IOTHUB_CLIENT_CONFIRMATION_OK"
7738,10325987710,10325987799,1,"IOTHUB_CLIENT_CONFIRMATION_OK"
7739,10325987910,10325988026,1,"IOTHUB_CLIENT_CONFIRMATION_OK"
7740,10325988110,10325988144,1,"IOTHUB_CLIENT_CONFIRMATION_OK"
7741,10325988310,10325988344,1,"IOTHUB_CLIENT_CONFIRMATION_OK"
7742,10325988510,10325988542,1,"IOTHUB_CLIENT_CONFIRMATION_OK"
7743,10325988710,10325988743,1,"IOTHUB_CLIENT_CONFIRMATION_OK"
7744,10325988911,10325988942,1,"IOTHUB_CLIENT_CONFIRMATION_OK"
7745,10325989111,10325989142,1,"IOTHUB_CLIENT_CONFIRMATION_OK"
7746,10325989311,10325989354,1,"IOTHUB_CLIENT_CONFIRMATION_OK"
7747,10325989511,10325989661,1,"IOTHUB_CLIENT_CONFIRMATION_OK"
7748,10325989711,10325989761,1,"IOTHUB_CLIENT_CONFIRMATION_OK"
7749,10325989912,10325989953,1,"IOTHUB_CLIENT_CONFIRMATION_OK"
7750,10325990112,10325990296,1,"IOTHUB_CLIENT_CONFIRMATION_OK"
7751,10325990312,10325990342,1,"IOTHUB_CLIENT_CONFIRMATION_OK"
7752,10325990512,10325990546,1,"IOTHUB_CLIENT_CONFIRMATION_OK"
7753,10325990712,10325990747,1,"IOTHUB_CLIENT_CONFIRMATION_OK"
7754,10325990913,10325990946,1,"IOTHUB_CLIENT_CONFIRMATION_OK"
7755,10325991113,10325991144,1,"IOTHUB_CLIENT_CONFIRMATION_OK"
7756,10325991313,10325991345,1,"IOTHUB_CLIENT_CONFIRMATION_OK"
7757,10325991513,10325991547,1,"IOTHUB_CLIENT_CONFIRMATION_OK"
7758,10325991713,10325991746,1,"IOTHUB_CLIENT_CONFIRMATION_OK"
7759,10325991914,10325991945,1,"IOTHUB_CLIENT_CONFIRMATION_OK"
7760,10325992114,10325992183,1,"IOTHUB_CLIENT_CONFIRMATION_OK"
7761,10325992314,10325992348,1,"IOTHUB_CLIENT_CONFIRMATION_OK"
7762,10325992514,10325992545,1,"IOTHUB_CLIENT_CONFIRMATION_OK"
7763,10325992714,10325992748,1,"IOTHUB_CLIENT_CONFIRMATION_OK"
7764,10325992915,10325992946,1,"IOTHUB_CLIENT_CONFIRMATION_OK"
7765,10325993115,10325993146,1,"IOTHUB_CLIENT_CONFIRMATION_OK"
7766,10325993315,10325993346,1,"IOTHUB_CLIENT_CONFIRMATION_OK"
7767,10325993515,10325993546,1,"IOTHUB_CLIENT_CONFIRMATION_OK"
7768,10325993715,10325993750,1,"IOTHUB_CLIENT_CONFIRMATION_OK"
7769,10325993915,10325993956,1,"IOTHUB_CLIENT_CONFIRMATION_OK"
7770,10325994115,10325994146,1,"IOTHUB_CLIENT_CONFIRMATION_OK"
7771,10325994316,10325994377,1,"IOTHUB_CLIENT_CONFIRMATION_OK"
7772,10325994516,10325994546,1,"IOTHUB_CLIENT_CONFIRMATION_OK"
7773,10325994716,10325994746,1,"IOTHUB_CLIENT_CONFIRMATION_OK"
7774,10325994916,10325994951,1,"IOTHUB_CLIENT_CONFIRMATION_OK"
7775,10325995117,10325995152,1,"IOTHUB_CLIENT_CONFIRMATION_OK"
7776,10325995317,10325995382,1,"IOTHUB_CLIENT_CONFIRMATION_OK"
7777,10325995517,10325995549,1,"IOTHUB_CLIENT_CONFIRMATION_OK"
7778,10325995717,10325995750,1,"IOTHUB_CLIENT_CONFIRMATION_OK"
7779,10325995917,10325995996,1,"IOTHUB_CLIENT_CONFIRMATION_OK"
7780,10325996117,10325996178,1,"IOTHUB_CLIENT_CONFIRMATION_OK"
7781,10325996318,10325996352,1,"IOTHUB_CLIENT_CONFIRMATION_OK"
7782,10325996518,10325996622,1,"IOTHUB_CLIENT_CONFIRMATION_OK"
7783,10325996718,10325996749,1,"IOTHUB_CLIENT_CONFIRMATION_OK"
7784,10325996918,10325996954,1,"IOTHUB_CLIENT_CONFIRMATION_OK"
7785,10325997118,10325997236,1,"IOTHUB_CLIENT_CONFIRMATION_OK"
7786,10325997318,10325997437,1,"IOTHUB_CLIENT_CONFIRMATION_OK"
7787,10325997518,10325997575,1,"IOTHUB_CLIENT_CONFIRMATION_OK"
7788,10325997719,10325997751,1,"IOTHUB_CLIENT_CONFIRMATION_OK"
7789,10325997919,10325997950,1,"IOTHUB_CLIENT_CONFIRMATION_OK"
7790,10325998119,10325998157,1,"IOTHUB_CLIENT_CONFIRMATION_OK"
7791,10325998319,10325998352,1,"IOTHUB_CLIENT_CONFIRMATION_OK"
7792,10325998519,10325998552,1,"IOTHUB_CLIENT_CONFIRMATION_OK"
7793,10325998720,10325998769,1,"IOTHUB_CLIENT_CONFIRMATION_OK"
7794,10325998920,10325998996,1,"IOTHUB_CLIENT_CONFIRMATION_OK"
7795,10325999120,10325999172,1,"IOTHUB_CLIENT_CONFIRMATION_OK"
7796,10325999320,10325999403,1,"IOTHUB_CLIENT_CONFIRMATION_OK"
7797,10325999520,10325999550,1,"IOTHUB_CLIENT_CONFIRMATION_OK"
7798,10325999721,10325999753,1,"IOTHUB_CLIENT_CONFIRMATION_OK"
7799,10325999921,10325999952,1,"IOTHUB_CLIENT_CONFIRMATION_OK"
7800,10326000121,10326000228,1,"IOTHUB_CLIENT_CONFIRMATION_OK"
7801,10326000321,10326000357,1,"IOTHUB_CLIENT_CONFIRMATION_OK"
7802,10326000521,10326000563,1,"IOTHUB_CLIENT_CONFIRMATION_OK"
7803,10326000721,10326000752,1,"IOTHUB_CLIENT_CONFIRMATION_OK"
7804,10326000921,10326000958,1,"IOTHUB_CLIENT_CONFIRMATION_OK"
7805,10326001122,10326001155,1,"IOTHUB_CLIENT_CONFIRMATION_OK"
7806,10326001322,10326001379,1,"IOTHUB_CLIENT_CONFIRMATION_OK"
7807,10326001522,10326001551,1,"IOTHUB_CLIENT_CONFIRMATION_OK"
7808,10326001722,10326001777,1,"IOTHUB_CLIENT_CONFIRMATION_OK"
7809,10326001922,10326001954,1,"IOTHUB_CLIENT_CONFIRMATION_OK"
7810,10326002122,10326002236,1,"IOTHUB_CLIENT_CONFIRMATION_OK"
7811,10326002323,10326002396,1,"IOTHUB_CLIENT_CONFIRMATION_OK"
7812,10326002523,10326002575,1,"IOTHUB_CLIENT_CONFIRMATION_OK"
7813,10326002723,10326002755,1,"IOTHUB_CLIENT_CONFIRMATION_OK"
7814,10326002923,10326003200,1,"IOTHUB_CLIENT_CONFIRMATION_OK"
7815,10326003124,10326003261,1,"IOTHUB_CLIENT_CONFIRMATION_OK"
7816,10326003324,10326003375,1,"IOTHUB_CLIENT_CONFIRMATION_OK"
7817,10326003524,10326003553,1,"IOTHUB_CLIENT_CONFIRMATION_OK"
7818,10326003724,10326003764,1,"IOTHUB_CLIENT_CONFIRMATION_OK"
7819,10326003924,10326003992,1,"IOTHUB_CLIENT_CONFIRMATION_OK"
7820,10326004124,10326004157,1,"IOTHUB_CLIENT_CONFIRMATION_OK"
7821,10326004325,10326004358,1,"IOTHUB_CLIENT_CONFIRMATION_OK"
7822,10326004525,10326004611,1,"IOTHUB_CLIENT_CONFIRMATION_OK"
7823,10326004725,10326004756,1,"IOTHUB_CLIENT_CONFIRMATION_OK"
7824,10326004925,10326004958,1,"IOTHUB_CLIENT_CONFIRMATION_OK"
7825,10326005125,10326005294,1,"IOTHUB_CLIENT_CONFIRMATION_OK"
7826,10326005325,10326005365,1,"IOTHUB_CLIENT_CONFIRMATION_OK"
7827,10326005525,10326005622,1,"IOTHUB_CLIENT_CONFIRMATION_OK"
7828,10326005726,10326005831,1,"IOTHUB_CLIENT_CONFIRMATION_OK"
7829,10326005926,10326006046,1,"IOTHUB_CLIENT_CONFIRMATION_OK"
7830,10326006126,10326006160,1,"IOTHUB_CLIENT_CONFIRMATION_OK"
7831,10326006326,10326006447,1,"IOTHUB_CLIENT_CONFIRMATION_OK"
7832,10326006526,10326006605,1,"IOTHUB_CLIENT_CONFIRMATION_OK"
7833,10326006726,10326006760,1,"IOTHUB_CLIENT_CONFIRMATION_OK"
7834,10326006927,10326007003,1,"IOTHUB_CLIENT_CONFIRMATION_OK"
7835,10326007127,10326007162,1,"IOTHUB_CLIENT_CONFIRMATION_OK"
7836,10326007327,10326007407,1,"IOTHUB_CLIENT_CONFIRMATION_OK"
7837,10326007527,10326007570,1,"IOTHUB_CLIENT_CONFIRMATION_OK"
7838,10326007727,10326007757,1,"IOTHUB_CLIENT_CONFIRMATION_OK"
7839,10326007927,10326008261,1,"IOTHUB_CLIENT_CONFIRMATION_OK"
7840,10326008127,10326008291,1,"IOTHUB_CLIENT_CONFIRMATION_OK"
7841,10326008328,10326008395,1,"IOTHUB_CLIENT_CONFIRMATION_OK"
7842,10326008528,10326008618,1,"IOTHUB_CLIENT_CONFIRMATION_OK"
7843,10326008728,10326008819,1,"IOTHUB_CLIENT_CONFIRMATION_OK"
7844,10326008928,10326008969,1,"IOTHUB_CLIENT_CONFIRMATION_OK"
7845,10326009129,10326009164,1,"IOTHUB_CLIENT_CONFIRMATION_OK"
7846,10326009329,10326009366,1,"IOTHUB_CLIENT_CONFIRMATION_OK"
7847,10326009529,10326009561,1,"IOTHUB_CLIENT_CONFIRMATION_OK"
7848,10326009729,10326009947,1,"IOTHUB_CLIENT_CONFIRMATION_OK"
7849,10326009929,10326009969,1,"IOTHUB_CLIENT_CONFIRMATION_OK"
7850,10326010129,10326010160,1,"IOTHUB_CLIENT_CONFIRMATION_OK"
7851,10326010330,10326010380,1,"IOTHUB_CLIENT_CONFIRMATION_OK"
7852,10326010530,10326010600,1,"IOTHUB_CLIENT_CONFIRMATION_OK"
7853,10326010730,10326010761,1,"IOTHUB_CLIENT_CONFIRMATION_OK"
7854,10326010930,10326010963,1,"IOTHUB_CLIENT_CONFIRMATION_OK"
7855,10326011130,10326011162,1,"IOTHUB_CLIENT_CONFIRMATION_OK"
7856,10326011330,10326011381,1,"IOTHUB_CLIENT_CONFIRMATION_OK"
7857,10326011531,10326011560,1,"IOTHUB_CLIENT_CONFIRMATION_OK"
7858,10326011731,10326011792,1,"IOTHUB_CLIENT_CONFIRMATION_OK"
7859,10326011931,10326011977,1,"IOTHUB_CLIENT_CONFIRMATION_OK"
7860,10326012131,10326012162,1,"IOTHUB_CLIENT_CONFIRMATION_OK"
7861,10326012331,10326012364,1,"IOTHUB_CLIENT_CONFIRMATION_OK"
7862,10326012531,10326012578,1,"IOTHUB_CLIENT_CONFIRMATION_OK"
7863,10326012732,10326012777,1,"IOTHUB_CLIENT_CONFIRMATION_OK"
7864,10326012932,10326012962,1,"IOTHUB_CLIENT_CONFIRMATION_OK"
7865,10326013132,10326013185,1,"IOTHUB_CLIENT_CONFIRMATION_OK"
7866,10326013332,10326013382,1,"IOTHUB_CLIENT_CONFIRMATION_OK"
7867,10326013532,10326013562,1,"IOTHUB_CLIENT_CONFIRMATION_OK"
7868,10326013732,10326013766,1,"IOTHUB_CLIENT_CONFIRMATION_OK"
7869,10326013932,10326014002,1,"IOTHUB_CLIENT_CONFIRMATION_OK"
7870,10326014133,10326014166,1,"IOTHUB_CLIENT_CONFIRMATION_OK"
7871,10326014333,10326014370,1,"IOTHUB_CLIENT_CONFIRMATION_OK"
7872,10326014533,10326014562,1,"IOTHUB_CLIENT_CONFIRMATION_OK"
7873,10326014733,10326014887,1,"IOTHUB_CLIENT_CONFIRMATION_OK"
7874,10326014934,10326015064,1,"IOTHUB_CLIENT_CONFIRMATION_OK"
7875,10326015134,10326015174,1,"IOTHUB_CLIENT_CONFIRMATION_OK"
7876,10326015334,10326015382,1,"IOTHUB_CLIENT_CONFIRMATION_OK"
7877,10326015534,10326015681,1,"IOTHUB_CLIENT_CONFIRMATION_OK"
7878,10326015734,10326015766,1,"IOTHUB_CLIENT_CONFIRMATION_OK"
7879,10326015934,10326015966,1,"IOTHUB_CLIENT_CONFIRMATION_OK"
7880,10326016134,10326016223,1,"IOTHUB_CLIENT_CONFIRMATION_OK"
7881,10326016335,10326016367,1,"IOTHUB_CLIENT_CONFIRMATION_OK"
7882,10326016535,10326016572,1,"IOTHUB_CLIENT_CONFIRMATION_OK"
7883,10326016735,10326016764,1,"IOTHUB_CLIENT_CONFIRMATION_OK"
7884,10326016935,10326016969,1,"IOTHUB_CLIENT_CONFIRMATION_OK"
7885,10326017135,10326017169,1,"IOTHUB_CLIENT_CONFIRMATION_OK"
7886,10326017335,10326017492,1,"IOTHUB_CLIENT_CONFIRMATION_OK"
7887,10326017536,10326017568,1,"IOTHUB_CLIENT_CONFIRMATION_OK"
7888,10326017736,10326017788,1,"IOTHUB_CLIENT_CONFIRMATION_OK"
7889,10326017936,10326017969,1,"IOTHUB_CLIENT_CONFIRMATION_OK"
7890,10326018136,10326018168,1,"IOTHUB_CLIENT_CONFIRMATION_OK"
7891,10326018336,10326018379,1,"IOTHUB_CLIENT_CONFIRMATION_OK"
7892,10326018537,10326018581,1,"IOTHUB_CLIENT_CONFIRMATION_OK"
7893,10326018737,10326018774,1,"IOTHUB_CLIENT_CONFIRMATION_OK"
7894,10326018937,10326018968,1,"IOTHUB_CLIENT_CONFIRMATION_OK"
7895,10326019137,10326019176,1,"IOTHUB_CLIENT_CONFIRMATION_OK"
7896,10326019337,10326019367,1,"IOTHUB_CLIENT_CONFIRMATION_OK"
7897,10326019537,10326019678,1,"IOTHUB_CLIENT_CONFIRMATION_OK"
7898,10326019737,10326020314,1,"IOTHUB_CLIENT_CONFIRMATION_OK"
7899,10326019938,10326020399,1,"IOTHUB_CLIENT_CONFIRMATION_OK"
7900,10326020138,10326020421,1,"IOTHUB_CLIENT_CONFIRMATION_OK"
7901,10326020338,10326020471,1,"IOTHUB_CLIENT_CONFIRMATION_OK"
7902,10326020538,10326020572,1,"IOTHUB_CLIENT_CONFIRMATION_OK"
7903,10326020738,10326020833,1,"IOTHUB_CLIENT_CONFIRMATION_OK"
7904,10326020939,10326020982,1,"IOTHUB_CLIENT_CONFIRMATION_OK"
7905,10326021139,10326021173,1,"IOTHUB_CLIENT_CONFIRMATION_OK"
7906,10326021339,10326021406,1,"IOTHUB_CLIENT_CONFIRMATION_OK"
7907,10326021539,10326021640,1,"IOTHUB_CLIENT_CONFIRMATION_OK"
7908,10326021739,10326021768,1,"IOTHUB_CLIENT_CONFIRMATION_OK"
7909,10326021939,10326022042,1,"IOTHUB_CLIENT_CONFIRMATION_OK"
7910,10326022140,10326022178,1,"IOTHUB_CLIENT_CONFIRMATION_OK"
7911,10326022340,10326022376,1,"IOTHUB_CLIENT_CONFIRMATION_OK"
7912,10326022540,10326022606,1,"IOTHUB_CLIENT_CONFIRMATION_OK"
7913,10326022740,10326022798,1,"IOTHUB_CLIENT_CONFIRMATION_OK"
7914,10326022940,10326022972,1,"IOTHUB_CLIENT_CONFIRMATION_OK"
7915,10326023140,10326023201,1,"IOTHUB_CLIENT_CONFIRMATION_OK"
7916,10326023341,10326023370,1,"IOTHUB_CLIENT_CONFIRMATION_OK"
7917,10326023541,10326023575,1,"IOTHUB_CLIENT_CONFIRMATION_OK"
7918,10326023741,10326023784,1,"IOTHUB_CLIENT_CONFIRMATION_OK"
7919,10326023941,10326023975,1,"IOTHUB_CLIENT_CONFIRMATION_OK"
7920,10326024141,10326024197,1,"IOTHUB_CLIENT_CONFIRMATION_OK"
7921,10326024342,10326024433,1,"IOTHUB_CLIENT_CONFIRMATION_OK"
7922,10326024542,10326024588,1,"IOTHUB_CLIENT_CONFIRMATION_OK"
7923,10326024742,10326024906,1,"IOTHUB_CLIENT_CONFIRMATION_OK"
7924,10326024942,10326024978,1,"IOTHUB_CLIENT_CONFIRMATION_OK"
7925,10326025142,10326025173,1,"IOTHUB_CLIENT_CONFIRMATION_OK"
7926,10326025342,10326025379,1,"IOTHUB_CLIENT_CONFIRMATION_OK"
7927,10326025542,10326025573,1,"IOTHUB_CLIENT_CONFIRMATION_OK"
7928,10326025743,10326025792,1,"IOTHUB_CLIENT_CONFIRMATION_OK"
7929,10326025943,10326025980,1,"IOTHUB_CLIENT_CONFIRMATION_OK"
7930,10326026143,10326026200,1,"IOTHUB_CLIENT_CONFIRMATION_OK"
7931,10326026343,10326026383,1,"IOTHUB_CLIENT_CONFIRMATION_OK"
7932,10326026543,10326026616,1,"IOTHUB_CLIENT_CONFIRMATION_OK"
7933,10326026743,10326026774,1,"IOTHUB_CLIENT_CONFIRMATION_OK"
7934,10326026944,10326026979,1,"IOTHUB_CLIENT_CONFIRMATION_OK"
7935,10326027144,10326027252,1,"IOTHUB_CLIENT_CONFIRMATION_OK"
7936,10326027344,10326027377,1,"IOTHUB_CLIENT_CONFIRMATION_OK"
7937,10326027544,10326027579,1,"IOTHUB_CLIENT_CONFIRMATION_OK"
7938,10326027744,10326027776,1,"IOTHUB_CLIENT_CONFIRMATION_OK"
7939,10326027944,10326027974,1,"IOTHUB_CLIENT_CONFIRMATION_OK"
7940,10326028144,10326028178,1,"IOTHUB_CLIENT_CONFIRMATION_OK"
7941,10326028345,10326028375,1,"IOTHUB_CLIENT_CONFIRMATION_OK"
7942,10326028545,10326028617,1,"IOTHUB_CLIENT_CONFIRMATION_OK"
7943,10326028745,10326028779,1,"IOTHUB_CLIENT_CONFIRMATION_OK"
7944,10326028945,10326028989,1,"IOTHUB_CLIENT_CONFIRMATION_OK"
7945,10326029145,10326029222,1,"IOTHUB_CLIENT_CONFIRMATION_OK"
7946,10326029346,10326029376,1,"IOTHUB_CLIENT_CONFIRMATION_OK"
7947,10326029546,10326029583,1,"IOTHUB_CLIENT_CONFIRMATION_OK"
7948,10326029746,10326029776,1,"IOTHUB_CLIENT_CONFIRMATION_OK"
7949,10326029946,10326029980,1,"IOTHUB_CLIENT_CONFIRMATION_OK"
7950,10326030146,10326030178,1,"IOTHUB_CLIENT_CONFIRMATION_OK"
7951,10326030346,10326030377,1,"IOTHUB_CLIENT_CONFIRMATION_OK"
7952,10326030547,10326030595,1,"IOTHUB_CLIENT_CONFIRMATION_OK"
7953,10326030747,10326030818,1,"IOTHUB_CLIENT_CONFIRMATION_OK"
7954,10326030947,10326030987,1,"IOTHUB_CLIENT_CONFIRMATION_OK"
7955,10326031147,10326031342,1,"IOTHUB_CLIENT_CONFIRMATION_OK"
7956,10326031347,10326031445,1,"IOTHUB_CLIENT_CONFIRMATION_OK"
7957,10326031547,10326031582,1,"IOTHUB_CLIENT_CONFIRMATION_OK"
7958,10326031748,10326031824,1,"IOTHUB_CLIENT_CONFIRMATION_OK"
7959,10326031948,10326031977,1,"IOTHUB_CLIENT_CONFIRMATION_OK"
7960,10326032148,10326032177,1,"IOTHUB_CLIENT_CONFIRMATION_OK"
7961,10326032348,10326032500,1,"IOTHUB_CLIENT_CONFIRMATION_OK"
7962,10326032548,10326032579,1,"IOTHUB_CLIENT_CONFIRMATION_OK"
7963,10326032749,10326032785,1,"IOTHUB_CLIENT_CONFIRMATION_OK"
7964,10326032949,10326032982,1,"IOTHUB_CLIENT_CONFIRMATION_OK"
7965,10326033149,10326033196,1,"IOTHUB_CLIENT_CONFIRMATION_OK"
7966,10326033349,10326033381,1,"IOTHUB_CLIENT_CONFIRMATION_OK"
7967,10326033549,10326033582,1,"IOTHUB_CLIENT_CONFIRMATION_OK"
7968,10326033750,10326033784,1,"IOTHUB_CLIENT_CONFIRMATION_OK"
7969,10326033950,10326033986,1,"IOTHUB_CLIENT_CONFIRMATION_OK"
7970,10326034150,10326034182,1,"IOTHUB_CLIENT_CONFIRMATION_OK"
7971,10326034350,10326034380,1,"IOTHUB_CLIENT_CONFIRMATION_OK"
7972,10326034550,10326034713,1,"IOTHUB_CLIENT_CONFIRMATION_OK"
7973,10326034751,10326034781,1,"IOTHUB_CLIENT_CONFIRMATION_OK"
7974,10326034951,10326034987,1,"IOTHUB_CLIENT_CONFIRMATION_OK"
7975,10326035151,10326035193,1,"IOTHUB_CLIENT_CONFIRMATION_OK"
7976,10326035351,10326035449,1,"IOTHUB_CLIENT_CONFIRMATION_OK"
7977,10326035551,10326035586,1,"IOTHUB_CLIENT_CONFIRMATION_OK"
7978,10326035751,10326035784,1,"IOTHUB_CLIENT_CONFIRMATION_OK"
7979,10326035951,10326035992,1,"IOTHUB_CLIENT_CONFIRMATION_OK"
7980,10326036152,10326036204,1,"IOTHUB_CLIENT_CONFIRMATION_OK"
7981,10326036352,10326036382,1,"IOTHUB_CLIENT_CONFIRMATION_OK"
7982,10326036552,10326036582,1,"IOTHUB_CLIENT_CONFIRMATION_OK"
7983,10326036752,10326036784,1,"IOTHUB_CLIENT_CONFIRMATION_OK"
7984,10326036952,10326037106,1,"IOTHUB_CLIENT_CONFIRMATION_OK"
7985,10326037152,10326037184,1,"IOTHUB_CLIENT_CONFIRMATION_OK"
7986,10326037353,10326037384,1,"IOTHUB_CLIENT_CONFIRMATION_OK"
7987,10326037553,10326037607,1,"IOTHUB_CLIENT_CONFIRMATION_OK"
7988,10326037753,10326037800,1,"IOTHUB_CLIENT_CONFIRMATION_OK"
7989,10326037953,10326037982,1,"IOTHUB_CLIENT_CONFIRMATION_OK"
7990,10326038153,10326038199,1,"IOTHUB_CLIENT_CONFIRMATION_OK"
7991,10326038354,10326038386,1,"IOTHUB_CLIENT_CONFIRMATION_OK"
7992,10326038554,10326038588,1,"IOTHUB_CLIENT_CONFIRMATION_OK"
7993,10326038754,10326038797,1,"IOTHUB_CLIENT_CONFIRMATION_OK"
7994,10326038954,10326038983,1,"IOTHUB_CLIENT_CONFIRMATION_OK"
7995,10326039154,10326039203,1,"IOTHUB_CLIENT_CONFIRMATION_OK"
7996,10326039354,10326039391,1,"IOTHUB_CLIENT_CONFIRMATION_OK"
7997,10326039555,10326039587,1,"IOTHUB_CLIENT_CONFIRMATION_OK"
7998,10326039755,10326039804,1,"IOTHUB_CLIENT_CONFIRMATION_OK"
7999,10326039955,10326039987,1,"IOTHUB_CLIENT_CONFIRMATION_OK"
8000,10326040155,10326040277,1,"IOTHUB_CLIENT_CONFIRMATION_OK"
8001,10326040355,10326040409,1,"IOTHUB_CLIENT_CONFIRMATION_OK"
8002,10326040555,10326040587,1,"IOTHUB_CLIENT_CONFIRMATION_OK"
8003,10326040756,10326040810,1,"IOTHUB_CLIENT_CONFIRMATION_OK"
8004,10326040956,10326041020,1,"IOTHUB_CLIENT_CONFIRMATION_OK"
8005,10326041156,10326041191,1,"IOTHUB_CLIENT_CONFIRMATION_OK"
8006,10326041356,10326041389,1,"IOTHUB_CLIENT_CONFIRMATION_OK"
8007,10326041556,10326041631,1,"IOTHUB_CLIENT_CONFIRMATION_OK"
8008,10326041756,10326041796,1,"IOTHUB_CLIENT_CONFIRMATION_OK"
8009,10326041956,10326042057,1,"IOTHUB_CLIENT_CONFIRMATION_OK"
8010,10326042157,10326042235,1,"IOTHUB_CLIENT_CONFIRMATION_OK"
8011,10326042357,10326042389,1,"IOTHUB_CLIENT_CONFIRMATION_OK"
8012,10326042557,10326042586,1,"IOTHUB_CLIENT_CONFIRMATION_OK"
8013,10326042757,10326042845,1,"IOTHUB_CLIENT_CONFIRMATION_OK"
8014,10326042957,10326043022,1,"IOTHUB_CLIENT_CONFIRMATION_OK"
8015,10326043157,10326043229,1,"IOTHUB_CLIENT_CONFIRMATION_OK"
8016,10326043358,10326043440,1,"IOTHUB_CLIENT_CONFIRMATION_OK"
8017,10326043558,10326043592,1,"IOTHUB_CLIENT_CONFIRMATION_OK"
8018,10326043758,10326043820,1,"IOTHUB_CLIENT_CONFIRMATION_OK"
8019,10326043958,10326044020,1,"IOTHUB_CLIENT_CONFIRMATION_OK"
8020,10326044158,10326044194,1,"IOTHUB_CLIENT_CONFIRMATION_OK"
8021,10326044359,10326044392,1,"IOTHUB_CLIENT_CONFIRMATION_OK"
8022,10326044559,10326044645,1,"IOTHUB_CLIENT_CONFIRMATION_OK"
8023,10326044759,10326044811,1,"IOTHUB_CLIENT_CONFIRMATION_OK"
8024,10326044959,10326045081,1,"IOTHUB_CLIENT_CONFIRMATION_OK"
8025,10326045159,10326045194,1,"IOTHUB_CLIENT_CONFIRMATION_OK"
8026,10326045359,10326045434,1,"IOTHUB_CLIENT_CONFIRMATION_OK"
8027,10326045559,10326045654,1,"IOTHUB_CLIENT_CONFIRMATION_OK"
8028,10326045760,10326045848,1,"IOTHUB_CLIENT_CONFIRMATION_OK"
8029,10326045960,10326046233,1,"IOTHUB_CLIENT_CONFIRMATION_OK"
8030,10326046160,10326046368,1,"IOTHUB_CLIENT_CONFIRMATION_OK"
8031,10326046360,10326046405,1,"IOTHUB_CLIENT_CONFIRMATION_OK"
8032,10326046560,10326046732,1,"IOTHUB_CLIENT_CONFIRMATION_OK"
8033,10326046760,10326046789,1,"IOTHUB_CLIENT_CONFIRMATION_OK"
8034,10326046961,10326047041,1,"IOTHUB_CLIENT_CONFIRMATION_OK"
8035,10326047161,10326047359,1,"IOTHUB_CLIENT_CONFIRMATION_OK"
8036,10326047361,10326047408,1,"IOTHUB_CLIENT_CONFIRMATION_OK"
8037,10326047561,10326047743,1,"IOTHUB_CLIENT_CONFIRMATION_OK"
8038,10326047761,10326047830,1,"IOTHUB_CLIENT_CONFIRMATION_OK"
8039,10326047961,10326048030,1,"IOTHUB_CLIENT_CONFIRMATION_OK"
8040,10326048162,10326048206,1,"IOTHUB_CLIENT_CONFIRMATION_OK"
8041,10326048362,10326048396,1,"IOTHUB_CLIENT_CONFIRMATION_OK"
8042,10326048562,10326048592,1,"IOTHUB_CLIENT_CONFIRMATION_OK"
8043,10326048762,10326048944,1,"IOTHUB_CLIENT_CONFIRMATION_OK"
8044,10326048962,10326048997,1,"IOTHUB_CLIENT_CONFIRMATION_OK"
8045,10326049162,10326049249,1,"IOTHUB_CLIENT_CONFIRMATION_OK"
8046,10326049363,10326049398,1,"IOTHUB_CLIENT_CONFIRMATION_OK"
8047,10326049563,10326049748,1,"IOTHUB_CLIENT_CONFIRMATION_OK"
8048,10326049763,10326049796,1,"IOTHUB_CLIENT_CONFIRMATION_OK"
8049,10326049963,10326050024,1,"IOTHUB_CLIENT_CONFIRMATION_OK"
8050,10326050163,10326050214,1,"IOTHUB_CLIENT_CONFIRMATION_OK"
8051,10326050363,10326050393,1,"IOTHUB_CLIENT_CONFIRMATION_OK"
8052,10326050564,10326050602,1,"IOTHUB_CLIENT_CONFIRMATION_OK"
8053,10326050764,10326050831,1,"IOTHUB_CLIENT_CONFIRMATION_OK"
8054,10326050964,10326051192,1,"IOTHUB_CLIENT_CONFIRMATION_OK"
8055,10326051164,10326051219,1,"IOTHUB_CLIENT_CONFIRMATION_OK"
8056,10326051364,10326051445,1,"IOTHUB_CLIENT_CONFIRMATION_OK"
8057,10326051564,10326051611,1,"IOTHUB_CLIENT_CONFIRMATION_OK"
8058,10326051764,10326051801,1,"IOTHUB_CLIENT_CONFIRMATION_OK"
8059,10326051965,10326052107,1,"IOTHUB_CLIENT_CONFIRMATION_OK"
8060,10326052165,10326052196,1,"IOTHUB_CLIENT_CONFIRMATION_OK"
8061,10326052365,10326052415,1,"IOTHUB_CLIENT_CONFIRMATION_OK"
8062,10326052565,10326052598,1,"IOTHUB_CLIENT_CONFIRMATION_OK"
8063,10326052765,10326052835,1,"IOTHUB_CLIENT_CONFIRMATION_OK"
8064,10326052965,10326053047,1,"IOTHUB_CLIENT_CONFIRMATION_OK"
8065,10326053166,10326053224,1,"IOTHUB_CLIENT_CONFIRMATION_OK"
8066,10326053366,10326053496,1,"IOTHUB_CLIENT_CONFIRMATION_OK"
8067,10326053566,10326053601,1,"IOTHUB_CLIENT_CONFIRMATION_OK"
8068,10326053766,10326053808,1,"IOTHUB_CLIENT_CONFIRMATION_OK"
8069,10326053966,10326053996,1,"IOTHUB_CLIENT_CONFIRMATION_OK"
8070,10326054167,10326054320,1,"IOTHUB_CLIENT_CONFIRMATION_OK"
8071,10326054367,10326054434,1,"IOTHUB_CLIENT_CONFIRMATION_OK"
8072,10326054567,10326054600,1,"IOTHUB_CLIENT_CONFIRMATION_OK"
8073,10326054767,10326054928,1,"IOTHUB_CLIENT_CONFIRMATION_OK"
8074,10326054967,10326055063,1,"IOTHUB_CLIENT_CONFIRMATION_OK"
8075,10326055167,10326055233,1,"IOTHUB_CLIENT_CONFIRMATION_OK"
8076,10326055368,10326055401,1,"IOTHUB_CLIENT_CONFIRMATION_OK"
8077,10326055568,10326055600,1,"IOTHUB_CLIENT_CONFIRMATION_OK"
8078,10326055768,10326055816,1,"IOTHUB_CLIENT_CONFIRMATION_OK"
8079,10326055968,10326056001,1,"IOTHUB_CLIENT_CONFIRMATION_OK"
8080,10326056168,10326056205,1,"IOTHUB_CLIENT_CONFIRMATION_OK"
8081,10326056368,10326056420,1,"IOTHUB_CLIENT_CONFIRMATION_OK"
8082,10326056569,10326056630,1,"IOTHUB_CLIENT_CONFIRMATION_OK"
8083,10326056769,10326056802,1,"IOTHUB_CLIENT_CONFIRMATION_OK"
8084,10326056969,10326057001,1,"IOTHUB_CLIENT_CONFIRMATION_OK"
8085,10326057169,10326057200,1,"IOTHUB_CLIENT_CONFIRMATION_OK"
8086,10326057369,10326057400,1,"IOTHUB_CLIENT_CONFIRMATION_OK"
8087,10326057569,10326057639,1,"IOTHUB_CLIENT_CONFIRMATION_OK"
8088,10326057769,10326057809,1,"IOTHUB_CLIENT_CONFIRMATION_OK"
8089,10326057970,10326058047,1,"IOTHUB_CLIENT_CONFIRMATION_OK"
8090,10326058170,10326058221,1,"IOTHUB_CLIENT_CONFIRMATION_OK"
8091,10326058370,10326058402,1,"IOTHUB_CLIENT_CONFIRMATION_OK"
8092,10326058570,10326058603,1,"IOTHUB_CLIENT_CONFIRMATION_OK"
8093,10326058770,10326058800,1,"IOTHUB_CLIENT_CONFIRMATION_OK"
8094,10326058970,10326059017,1,"IOTHUB_CLIENT_CONFIRMATION_OK"
8095,10326059171,10326059210,1,"IOTHUB_CLIENT_CONFIRMATION_OK"
8096,10326059371,10326059417,1,"IOTHUB_CLIENT_CONFIRMATION_OK"
8097,10326059571,10326059666,1,"IOTHUB_CLIENT_CONFIRMATION_OK"
8098,10326059771,10326059812,1,"IOTHUB_CLIENT_CONFIRMATION_OK"
8099,10326059971,10326060042,1,"IOTHUB_CLIENT_CONFIRMATION_OK"
8100,10326060171,10326060214,1,"IOTHUB_CLIENT_CONFIRMATION_OK"
8101,10326060371,10326060411,1,"IOTHUB_CLIENT_CONFIRMATION_OK"
8102,10326060572,10326060683,1,"IOTHUB_CLIENT_CONFIRMATION_OK"
8103,10326060772,10326060858,1,"IOTHUB_CLIENT_CONFIRMATION_OK"
8104,10326060972,10326061007,1,"IOTHUB_CLIENT_CONFIRMATION_OK"
8105,10326061172,10326061260,1,"IOTHUB_CLIENT_CONFIRMATION_OK"
8106,10326061372,10326061406,1,"IOTHUB_CLIENT_CONFIRMATION_OK"
8107,10326061572,10326061601,1,"IOTHUB_CLIENT_CONFIRMATION_OK"
8108,10326061773,10326062011,1,"IOTHUB_CLIENT_CONFIRMATION_OK"
8109,10326061973,10326062036,1,"IOTHUB_CLIENT_CONFIRMATION_OK"
8110,10326062173,10326062209,1,"IOTHUB_CLIENT_CONFIRMATION_OK"
8111,10326062373,10326062468,1,"IOTHUB_CLIENT_CONFIRMATION_OK"
8112,10326062573,10326062646,1,"IOTHUB_CLIENT_CONFIRMATION_OK"
8113,10326062773,10326062879,1,"IOTHUB_CLIENT_CONFIRMATION_OK"
8114,10326062973,10326063004,1,"IOTHUB_CLIENT_CONFIRMATION_OK"
8115,10326063174,10326063267,1,"IOTHUB_CLIENT_CONFIRMATION_OK"
8116,10326063374,10326063403,1,"IOTHUB_CLIENT_CONFIRMATION_OK"
8117,10326063574,10326063608,1,"IOTHUB_CLIENT_CONFIRMATION_OK"
8118,10326063774,10326063814,1,"IOTHUB_CLIENT_CONFIRMATION_OK"
8119,10326063974,10326064014,1,"IOTHUB_CLIENT_CONFIRMATION_OK"
8120,10326064175,10326064233,1,"IOTHUB_CLIENT_CONFIRMATION_OK"
8121,10326064375,10326064408,1,"IOTHUB_CLIENT_CONFIRMATION_OK"
8122,10326064575,10326064703,1,"IOTHUB_CLIENT_CONFIRMATION_OK"
8123,10326064775,10326064807,1,"IOTHUB_CLIENT_CONFIRMATION_OK"
8124,10326064975,10326065181,1,"IOTHUB_CLIENT_CONFIRMATION_OK"
8125,10326065175,10326065311,1,"IOTHUB_CLIENT_CONFIRMATION_OK"
8126,10326065375,10326065420,1,"IOTHUB_CLIENT_CONFIRMATION_OK"
8127,10326065576,10326065649,1,"IOTHUB_CLIENT_CONFIRMATION_OK"
8128,10326065776,10326065971,1,"IOTHUB_CLIENT_CONFIRMATION_OK"
8129,10326065976,10326066010,1,"IOTHUB_CLIENT_CONFIRMATION_OK"
8130,10326066176,10326066232,1,"IOTHUB_CLIENT_CONFIRMATION_OK"
8131,10326066376,10326066416,1,"IOTHUB_CLIENT_CONFIRMATION_OK"
8132,10326066576,10326066631,1,"IOTHUB_CLIENT_CONFIRMATION_OK"
8133,10326066777,10326066815,1,"IOTHUB_CLIENT_CONFIRMATION_OK"
8134,10326066977,10326067009,1,"IOTHUB_CLIENT_CONFIRMATION_OK"
8135,10326067177,10326067208,1,"IOTHUB_CLIENT_CONFIRMATION_OK"
8136,10326067377,10326067409,1,"IOTHUB_CLIENT_CONFIRMATION_OK"
8137,10326067577,10326067623,1,"IOTHUB_CLIENT_CONFIRMATION_OK"
8138,10326067777,10326067827,1,"IOTHUB_CLIENT_CONFIRMATION_OK"
8139,10326067978,10326068011,1,"IOTHUB_CLIENT_CONFIRMATION_OK"
8140,10326068178,10326068232,1,"IOTHUB_CLIENT_CONFIRMATION_OK"
8141,10326068378,10326068414,1,"IOTHUB_CLIENT_CONFIRMATION_OK"
8142,10326068578,10326068621,1,"IOTHUB_CLIENT_CONFIRMATION_OK"
8143,10326068778,10326068944,1,"IOTHUB_CLIENT_CONFIRMATION_OK"
8144,10326068978,10326069038,1,"IOTHUB_CLIENT_CONFIRMATION_OK"
8145,10326069178,10326069217,1,"IOTHUB_CLIENT_CONFIRMATION_OK"
8146,10326069379,10326069408,1,"IOTHUB_CLIENT_CONFIRMATION_OK"
8147,10326069579,10326069619,1,"IOTHUB_CLIENT_CONFIRMATION_OK"
8148,10326069779,10326069817,1,"IOTHUB_CLIENT_CONFIRMATION_OK"
8149,10326069979,10326070012,1,"IOTHUB_CLIENT_CONFIRMATION_OK"
8150,10326070179,10326070250,1,"IOTHUB_CLIENT_CONFIRMATION_OK"
8151,10326070379,10326070430,1,"IOTHUB_CLIENT_CONFIRMATION_OK"
8152,10326070580,10326070612,1,"IOTHUB_CLIENT_CONFIRMATION_OK"
8153,10326070780,10326070812,1,"IOTHUB_CLIENT_CONFIRMATION_OK"
8154,10326070980,10326071035,1,"IOTHUB_CLIENT_CONFIRMATION_OK"
8155,10326071180,10326071216,1,"IOTHUB_CLIENT_CONFIRMATION_OK"
8156,10326071380,10326071436,1,"IOTHUB_CLIENT_CONFIRMATION_OK"
8157,10326071580,10326071668,1,"IOTHUB_CLIENT_CONFIRMATION_OK"
8158,10326071780,10326071812,1,"IOTHUB_CLIENT_CONFIRMATION_OK"
8159,10326071981,10326072014,1,"IOTHUB_CLIENT_CONFIRMATION_OK"
8160,10326072181,10326072275,1,"IOTHUB_CLIENT_CONFIRMATION_OK"
8161,10326072381,10326072422,1,"IOTHUB_CLIENT_CONFIRMATION_OK"
8162,10326072581,10326072680,1,"IOTHUB_CLIENT_CONFIRMATION_OK"
8163,10326072781,10326072820,1,"IOTHUB_CLIENT_CONFIRMATION_OK"
8164,10326072982,10326073017,1,"IOTHUB_CLIENT_CONFIRMATION_OK"
8165,10326073182,10326073215,1,"IOTHUB_CLIENT_CONFIRMATION_OK"
8166,10326073382,10326073411,1,"IOTHUB_CLIENT_CONFIRMATION_OK"
8167,10326073582,10326073630,1,"IOTHUB_CLIENT_CONFIRMATION_OK"
8168,10326073782,10326073852,1,"IOTHUB_CLIENT_CONFIRMATION_OK"
8169,10326073982,10326074013,1,"IOTHUB_CLIENT_CONFIRMATION_OK"
8170,10326074183,10326074217,1,"IOTHUB_CLIENT_CONFIRMATION_OK"
8171,10326074383,10326074415,1,"IOTHUB_CLIENT_CONFIRMATION_OK"
8172,10326074583,10326074617,1,"IOTHUB_CLIENT_CONFIRMATION_OK"
8173,10326074783,10326074831,1,"IOTHUB_CLIENT_CONFIRMATION_OK"
8174,10326074983,10326075018,1,"IOTHUB_CLIENT_CONFIRMATION_OK"
8175,10326075184,10326075218,1,"IOTHUB_CLIENT_CONFIRMATION_OK"
8176,10326075384,10326075414,1,"IOTHUB_CLIENT_CONFIRMATION_OK"
8177,10326075584,10326075618,1,"IOTHUB_CLIENT_CONFIRMATION_OK"
8178,10326075784,10326075815,1,"IOTHUB_CLIENT_CONFIRMATION_OK"
8179,10326075984,10326076046,1,"IOTHUB_CLIENT_CONFIRMATION_OK"
8180,10326076184,10326076231,1,"IOTHUB_CLIENT_CONFIRMATION_OK"
8181,10326076385,10326076417,1,"IOTHUB_CLIENT_CONFIRMATION_OK"
8182,10326076585,10326076616,1,"IOTHUB_CLIENT_CONFIRMATION_OK"
8183,10326076785,10326076890,1,"IOTHUB_CLIENT_CONFIRMATION_OK"
8184,10326076985,10326077022,1,"IOTHUB_CLIENT_CONFIRMATION_OK"
8185,10326077185,10326077286,1,"IOTHUB_CLIENT_CONFIRMATION_OK"
8186,10326077386,10326077500,1,"IOTHUB_CLIENT_CONFIRMATION_OK"
8187,10326077586,10326077630,1,"IOTHUB_CLIENT_CONFIRMATION_OK"
8188,10326077786,10326077827,1,"IOTHUB_CLIENT_CONFIRMATION_OK"
8189,10326077986,10326078016,1,"IOTHUB_CLIENT_CONFIRMATION_OK"
8190,10326078186,10326078220,1,"IOTHUB_CLIENT_CONFIRMATION_OK"
8191,10326078387,10326078421,1,"IOTHUB_CLIENT_CONFIRMATION_OK"
8192,10326078587,10326078622,1,"IOTHUB_CLIENT_CONFIRMATION_OK"
8193,10326078787,10326078818,1,"IOTHUB_CLIENT_CONFIRMATION_OK"
8194,10326078987,10326079030,1,"IOTHUB_CLIENT_CONFIRMATION_OK"
8195,10326079188,10326079221,1,"IOTHUB_CLIENT_CONFIRMATION_OK"
8196,10326079388,10326079435,1,"IOTHUB_CLIENT_CONFIRMATION_OK"
8197,10326079588,10326079757,1,"IOTHUB_CLIENT_CONFIRMATION_OK"
8198,10326079788,10326079821,1,"IOTHUB_CLIENT_CONFIRMATION_OK"
8199,10326079988,10326080035,1,"IOTHUB_CLIENT_CONFIRMATION_OK"
8200,10326080188,10326080351,1,"IOTHUB_CLIENT_CONFIRMATION_OK"
8201,10326080389,10326080422,1,"IOTHUB_CLIENT_CONFIRMATION_OK"
8202,10326080589,10326080622,1,"IOTHUB_CLIENT_CONFIRMATION_OK"
8203,10326080789,10326080846,1,"IOTHUB_CLIENT_CONFIRMATION_OK"
8204,10326080989,10326081022,1,"IOTHUB_CLIENT_CONFIRMATION_OK"
8205,10326081189,10326081245,1,"IOTHUB_CLIENT_CONFIRMATION_OK"
8206,10326081389,10326081420,1,"IOTHUB_CLIENT_CONFIRMATION_OK"
8207,10326081590,10326081662,1,"IOTHUB_CLIENT_CONFIRMATION_OK"
8208,10326081790,10326081838,1,"IOTHUB_CLIENT_CONFIRMATION_OK"
8209,10326081990,10326082053,1,"IOTHUB_CLIENT_CONFIRMATION_OK"
8210,10326082190,10326082223,1,"IOTHUB_CLIENT_CONFIRMATION_OK"
8211,10326082390,10326082421,1,"IOTHUB_CLIENT_CONFIRMATION_OK"
8212,10326082590,10326082636,1,"IOTHUB_CLIENT_CONFIRMATION_OK"
8213,10326082791,10326082834,1,"IOTHUB_CLIENT_CONFIRMATION_OK"
8214,10326082991,10326083063,1,"IOTHUB_CLIENT_CONFIRMATION_OK"
8215,10326083191,10326083235,1,"IOTHUB_CLIENT_CONFIRMATION_OK"
8216,10326083391,10326083450,1,"IOTHUB_CLIENT_CONFIRMATION_OK"
8217,10326083591,10326083629,1,"IOTHUB_CLIENT_CONFIRMATION_OK"
8218,10326083791,10326083862,1,"IOTHUB_CLIENT_CONFIRMATION_OK"
8219,10326083992,10326084044,1,"IOTHUB_CLIENT_CONFIRMATION_OK"
8220,10326084192,10326084224,1,"IOTHUB_CLIENT_CONFIRMATION_OK"
8221,10326084392,10326084422,1,"IOTHUB_CLIENT_CONFIRMATION_OK"
8222,10326084592,10326084624,1,"IOTHUB_CLIENT_CONFIRMATION_OK"
8223,10326084792,10326084876,1,"IOTHUB_CLIENT_CONFIRMATION_OK"
8224,10326084993,10326085026,1,"IOTHUB_CLIENT_CONFIRMATION_OK"
8225,10326085193,10326085223,1,"IOTHUB_CLIENT_CONFIRMATION_OK"
8226,10326085393,10326085480,1,"IOTHUB_CLIENT_CONFIRMATION_OK"
8227,10326085593,10326085626,1,"IOTHUB_CLIENT_CONFIRMATION_OK"
8228,10326085793,10326085827,1,"IOTHUB_CLIENT_CONFIRMATION_OK"
8229,10326085993,10326086120,1,"IOTHUB_CLIENT_CONFIRMATION_OK"
8230,10326086194,10326086225,1,"IOTHUB_CLIENT_CONFIRMATION_OK"
8231,10326086394,10326086433,1,"IOTHUB_CLIENT_CONFIRMATION_OK"
8232,10326086594,10326086716,1,"IOTHUB_CLIENT_CONFIRMATION_OK"
8233,10326086794,10326086827,1,"IOTHUB_CLIENT_CONFIRMATION_OK"
8234,10326086994,10326087041,1,"IOTHUB_CLIENT_CONFIRMATION_OK"
8235,10326087194,10326087243,1,"IOTHUB_CLIENT_CONFIRMATION_OK"
8236,10326087395,10326087436,1,"IOTHUB_CLIENT_CONFIRMATION_OK"
8237,10326087595,10326087649,1,"IOTHUB_CLIENT_CONFIRMATION_OK"
8238,10326087795,10326087839,1,"IOTHUB_CLIENT_CONFIRMATION_OK"
8239,10326087995,10326088026,1,"IOTHUB_CLIENT_CONFIRMATION_OK"
8240,10326088195,10326088238,1,"IOTHUB_CLIENT_CONFIRMATION_OK"
8241,10326088395,10326088435,1,"IOTHUB_CLIENT_CONFIRMATION_OK"
8242,10326088595,10326088626,1,"IOTHUB_CLIENT_CONFIRMATION_OK"
8243,10326088796,10326088840,1,"IOTHUB_CLIENT_CONFIRMATION_OK"
8244,10326088996,10326089041,1,"IOTHUB_CLIENT_CONFIRMATION_OK"
8245,10326089196,10326089325,1,"IOTHUB_CLIENT_CONFIRMATION_OK"
8246,10326089396,10326089442,1,"IOTHUB_CLIENT_CONFIRMATION_OK"
8247,10326089596,10326089634,1,"IOTHUB_CLIENT_CONFIRMATION_OK"
8248,10326089796,10326089848,1,"IOTHUB_CLIENT_CONFIRMATION_OK"
8249,10326089997,10326090030,1,"IOTHUB_CLIENT_CONFIRMATION_OK"
8250,10326090197,10326090241,1,"IOTHUB_CLIENT_CONFIRMATION_OK"
8251,10326090397,10326090471,1,"IOTHUB_CLIENT_CONFIRMATION_OK"
8252,10326090597,10326090638,1,"IOTHUB_CLIENT_CONFIRMATION_OK"
8253,10326090797,10326090964,1,"IOTHUB_CLIENT_CONFIRMATION_OK"
8254,10326090997,10326091045,1,"IOTHUB_CLIENT_CONFIRMATION_OK"
8255,10326091198,10326091251,1,"IOTHUB_CLIENT_CONFIRMATION_OK"
8256,10326091398,10326091455,1,"IOTHUB_CLIENT_CONFIRMATION_OK"
8257,10326091598,10326091646,1,"IOTHUB_CLIENT_CONFIRMATION_OK"
8258,10326091798,10326091896,1,"IOTHUB_CLIENT_CONFIRMATION_OK"
8259,10326091998,10326092049,1,"IOTHUB_CLIENT_CONFIRMATION_OK"
8260,10326092198,10326092274,1,"IOTHUB_CLIENT_CONFIRMATION_OK"
8261,10326092398,10326092474,1,"IOTHUB_CLIENT_CONFIRMATION_OK"
8262,10326092599,10326092652,1,"IOTHUB_CLIENT_CONFIRMATION_OK"
8263,10326092799,10326092861,1,"IOTHUB_CLIENT_CONFIRMATION_OK"
8264,10326092999,10326093075,1,"IOTHUB_CLIENT_CONFIRMATION_OK"
8265,10326093199,10326093375,1,"IOTHUB_CLIENT_CONFIRMATION_OK"
8266,10326093399,10326093508,1,"IOTHUB_CLIENT_CONFIRMATION_OK"
8267,10326093599,10326093719,1,"IOTHUB_CLIENT_CONFIRMATION_OK"
8268,10326093800,10326093847,1,"IOTHUB_CLIENT_CONFIRMATION_OK"
8269,10326094000,10326094043,1,"IOTHUB_CLIENT_CONFIRMATION_OK"
8270,10326094200,10326094246,1,"IOTHUB_CLIENT_CONFIRMATION_OK"
8271,10326094400,10326094432,1,"IOTHUB_CLIENT_CONFIRMATION_OK"
8272,10326094600,10326094733,1,"IOTHUB_CLIENT_CONFIRMATION_OK"
8273,10326094800,10326094851,1,"IOTHUB_CLIENT_CONFIRMATION_OK"
8274,10326095000,10326095058,1,"IOTHUB_CLIENT_CONFIRMATION_OK"
8275,10326095201,10326095370,1,"IOTHUB_CLIENT_CONFIRMATION_OK"
8276,10326095401,10326095436,1,"IOTHUB_CLIENT_CONFIRMATION_OK"
8277,10326095601,10326095634,1,"IOTHUB_CLIENT_CONFIRMATION_OK"
8278,10326095801,10326096270,1,"IOTHUB_CLIENT_CONFIRMATION_OK"
8279,10326096001,10326096343,1,"IOTHUB_CLIENT_CONFIRMATION_OK"
8280,10326096201,10326096466,1,"IOTHUB_CLIENT_CONFIRMATION_OK"
8281,10326096402,10326096557,1,"IOTHUB_CLIENT_CONFIRMATION_OK"
8282,10326096602,10326096644,1,"IOTHUB_CLIENT_CONFIRMATION_OK"
8283,10326096802,10326096834,1,"IOTHUB_CLIENT_CONFIRMATION_OK"
8284,10326097002,10326097033,1,"IOTHUB_CLIENT_CONFIRMATION_OK"
8285,10326097202,10326097324,1,"IOTHUB_CLIENT_CONFIRMATION_OK"
8286,10326097402,10326097444,1,"IOTHUB_CLIENT_CONFIRMATION_OK"
8287,10326097603,10326097636,1,"IOTHUB_CLIENT_CONFIRMATION_OK"
8288,10326097803,10326097840,1,"IOTHUB_CLIENT_CONFIRMATION_OK"
8289,10326098003,10326098383,1,"IOTHUB_CLIENT_CONFIRMATION_OK"
8290,10326098203,10326098415,1,"IOTHUB_CLIENT_CONFIRMATION_OK"
8291,10326098403,10326098445,1,"IOTHUB_CLIENT_CONFIRMATION_OK"
8292,10326098603,10326098637,1,"IOTHUB_CLIENT_CONFIRMATION_OK"
8293,10326098804,10326098844,1,"IOTHUB_CLIENT_CONFIRMATION_OK"
8294,10326099004,10326099043,1,"IOTHUB_CLIENT_CONFIRMATION_OK"
8295,10326099204,10326099249,1,"IOTHUB_CLIENT_CONFIRMATION_OK"
8296,10326099404,10326099481,1,"IOTHUB_CLIENT_CONFIRMATION_OK"
8297,10326099605,10326099649,1,"IOTHUB_CLIENT_CONFIRMATION_OK"
8298,10326099805,10326099906,1,"IOTHUB_CLIENT_CONFIRMATION_OK"
8299,10326100005,10326100068,1,"IOTHUB_CLIENT_CONFIRMATION_OK"
8300,10326100205,10326100242,1,"IOTHUB_CLIENT_CONFIRMATION_OK"
8301,10326100406,10326100552,1,"IOTHUB_CLIENT_CONFIRMATION_OK"
8302,10326100606,10326100674,1,"IOTHUB_CLIENT_CONFIRMATION_OK"
8303,10326100806,10326100874,1,"IOTHUB_CLIENT_CONFIRMATION_OK"
8304,10326101006,10326101155,1,"IOTHUB_CLIENT_CONFIRMATION_OK"
8305,10326101206,10326101284,1,"IOTHUB_CLIENT_CONFIRMATION_OK"
8306,10326101406,10326101452,1,"IOTHUB_CLIENT_CONFIRMATION_OK"
8307,10326101607,10326101905,1,"IOTHUB_CLIENT_CONFIRMATION_OK"
8308,10326101807,10326101946,1,"IOTHUB_CLIENT_CONFIRMATION_OK"
8309,10326102007,10326102054,1,"IOTHUB_CLIENT_CONFIRMATION_OK"
8310,10326102207,10326102241,1,"IOTHUB_CLIENT_CONFIRMATION_OK"
8311,10326102408,10326102439,1,"IOTHUB_CLIENT_CONFIRMATION_OK"
8312,10326102608,10326102654,1,"IOTHUB_CLIENT_CONFIRMATION_OK"
8313,10326102808,10326102850,1,"IOTHUB_CLIENT_CONFIRMATION_OK"
8314,10326103008,10326103048,1,"IOTHUB_CLIENT_CONFIRMATION_OK"
8315,10326103208,10326103240,1,"IOTHUB_CLIENT_CONFIRMATION_OK"
8316,10326103408,10326103462,1,"IOTHUB_CLIENT_CONFIRMATION_OK"
8317,10326103608,10326103879,1,"IOTHUB_CLIENT_CONFIRMATION_OK"
8318,10326103809,10326104090,1,"IOTHUB_CLIENT_CONFIRMATION_OK"
8319,10326104009,10326104107,1,"IOTHUB_CLIENT_CONFIRMATION_OK"
8320,10326104209,10326104242,1,"IOTHUB_CLIENT_CONFIRMATION_OK"
8321,10326104409,10326104922,1,"IOTHUB_CLIENT_CONFIRMATION_OK"
8322,10326104609,10326104977,1,"IOTHUB_CLIENT_CONFIRMATION_OK"
8323,10326104809,10326105181,1,"IOTHUB_CLIENT_CONFIRMATION_OK"
8324,10326105010,10326105305,1,"IOTHUB_CLIENT_CONFIRMATION_OK"
8325,10326105210,10326105342,1,"IOTHUB_CLIENT_CONFIRMATION_OK"
8326,10326105410,10326105449,1,"IOTHUB_CLIENT_CONFIRMATION_OK"
8327,10326105610,10326105647,1,"IOTHUB_CLIENT_CONFIRMATION_OK"
8328,10326105810,10326105846,1,"IOTHUB_CLIENT_CONFIRMATION_OK"
8329,10326106011,10326106181,1,"IOTHUB_CLIENT_CONFIRMATION_OK"
8330,10326106211,10326106314,1,"IOTHUB_CLIENT_CONFIRMATION_OK"
8331,10326106411,10326106443,1,"IOTHUB_CLIENT_CONFIRMATION_OK"
8332,10326106611,10326106747,1,"IOTHUB_CLIENT_CONFIRMATION_OK"
8333,10326106811,10326107039,1,"IOTHUB_CLIENT_CONFIRMATION_OK"
8334,10326107011,10326107062,1,"IOTHUB_CLIENT_CONFIRMATION_OK"
8335,10326107211,10326107248,1,"IOTHUB_CLIENT_CONFIRMATION_OK"
8336,10326107412,10326107450,1,"IOTHUB_CLIENT_CONFIRMATION_OK"
8337,10326107612,10326107664,1,"IOTHUB_CLIENT_CONFIRMATION_OK"
8338,10326107812,10326107887,1,"IOTHUB_CLIENT_CONFIRMATION_OK"
8339,10326108012,10326108053,1,"IOTHUB_CLIENT_CONFIRMATION_OK"
8340,10326108212,10326108242,1,"IOTHUB_CLIENT_CONFIRMATION_OK"
8341,10326108412,10326108463,1,"IOTHUB_CLIENT_CONFIRMATION_OK"
8342,10326108613,10326108654,1,"IOTHUB_CLIENT_CONFIRMATION_OK"
8343,10326108813,10326108874,1,"IOTHUB_CLIENT_CONFIRMATION_OK"
8344,10326109013,10326109088,1,"IOTHUB_CLIENT_CONFIRMATION_OK"
8345,10326109213,10326109243,1,"IOTHUB_CLIENT_CONFIRMATION_OK"
8346,10326109413,10326109458,1,"IOTHUB_CLIENT_CONFIRMATION_OK"
8347,10326109613,10326109855,1,"IOTHUB_CLIENT_CONFIRMATION_OK"
8348,10326109813,10326109871,1,"IOTHUB_CLIENT_CONFIRMATION_OK"
8349,10326110014,10326110063,1,"IOTHUB_CLIENT_CONFIRMATION_OK"
8350,10326110214,10326110248,1,"IOTHUB_CLIENT_CONFIRMATION_OK"
8351,10326110414,10326110456,1,"IOTHUB_CLIENT_CONFIRMATION_OK"
8352,10326110614,10326110673,1,"IOTHUB_CLIENT_CONFIRMATION_OK"
8353,10326110814,10326110857,1,"IOTHUB_CLIENT_CONFIRMATION_OK"
8354,10326111014,10326111066,1,"IOTHUB_CLIENT_CONFIRMATION_OK"
8355,10326111214,10326111258,1,"IOTHUB_CLIENT_CONFIRMATION_OK"
8356,10326111415,10326111475,1,"IOTHUB_CLIENT_CONFIRMATION_OK"
8357,10326111615,10326111647,1,"IOTHUB_CLIENT_CONFIRMATION_OK"
8358,10326111815,10326111861,1,"IOTHUB_CLIENT_CONFIRMATION_OK"
8359,10326112015,10326112458,1,"IOTHUB_CLIENT_CONFIRMATION_OK"
8360,10326112215,10326112494,1,"IOTHUB_CLIENT_CONFIRMATION_OK"
8361,10326112416,10326112519,1,"IOTHUB_CLIENT_CONFIRMATION_OK"
8362,10326112616,10326112656,1,"IOTHUB_CLIENT_CONFIRMATION_OK"
8363,10326112816,10326112896,1,"IOTHUB_CLIENT_CONFIRMATION_OK"
8364,10326113016,10326113241,1,"IOTHUB_CLIENT_CONFIRMATION_OK"
8365,10326113216,10326113272,1,"IOTHUB_CLIENT_CONFIRMATION_OK"
8366,10326113416,10326113494,1,"IOTHUB_CLIENT_CONFIRMATION_OK"
8367,10326113617,10326113695,1,"IOTHUB_CLIENT_CONFIRMATION_OK"
8368,10326113817,10326113860,1,"IOTHUB_CLIENT_CONFIRMATION_OK"
8369,10326114017,10326114048,1,"IOTHUB_CLIENT_CONFIRMATION_OK"
8370,10326114217,10326114257,1,"IOTHUB_CLIENT_CONFIRMATION_OK"
8371,10326114417,10326114546,1,"IOTHUB_CLIENT_CONFIRMATION_OK"
8372,10326114617,10326114660,1,"IOTHUB_CLIENT_CONFIRMATION_OK"
8373,10326114817,10326114925,1,"IOTHUB_CLIENT_CONFIRMATION_OK"
8374,10326115018,10326115062,1,"IOTHUB_CLIENT_CONFIRMATION_OK"
8375,10326115218,10326115281,1,"IOTHUB_CLIENT_CONFIRMATION_OK"
8376,10326115418,10326115548,1,"IOTHUB_CLIENT_CONFIRMATION_OK"
8377,10326115618,10326115654,1,"IOTHUB_CLIENT_CONFIRMATION_OK"
8378,10326115818,10326115856,1,"IOTHUB_CLIENT_CONFIRMATION_OK"
8379,10326116018,10326116155,1,"IOTHUB_CLIENT_CONFIRMATION_OK"
8380,10326116219,10326116299,1,"IOTHUB_CLIENT_CONFIRMATION_OK"
8381,10326116419,10326116515,1,"IOTHUB_CLIENT_CONFIRMATION_OK"
8382,10326116619,10326116654,1,"IOTHUB_CLIENT_CONFIRMATION_OK"
8383,10326116819,10326116917,1,"IOTHUB_CLIENT_CONFIRMATION_OK"
8384,10326117019,10326117131,1,"IOTHUB_CLIENT_CONFIRMATION_OK"
8385,10326117219,10326117346,1,"IOTHUB_CLIENT_CONFIRMATION_OK"
8386,10326117420,10326117451,1,"IOTHUB_CLIENT_CONFIRMATION_OK"
8387,10326117620,10326117662,1,"IOTHUB_CLIENT_CONFIRMATION_OK"
8388,10326117820,10326117858,1,"IOTHUB_CLIENT_CONFIRMATION_OK"
8389,10326118020,10326118064,1,"IOTHUB_CLIENT_CONFIRMATION_OK"
8390,10326118220,10326118259,1,"IOTHUB_CLIENT_CONFIRMATION_OK"
8391,10326118421,10326118556,1,"IOTHUB_CLIENT_CONFIRMATION_OK"
8392,10326118621,10326118663,1,"IOTHUB_CLIENT_CONFIRMATION_OK"
8393,10326118821,10326118901,1,"IOTHUB_CLIENT_CONFIRMATION_OK"
8394,10326119021,10326119205,1,"IOTHUB_CLIENT_CONFIRMATION_OK"
8395,10326119221,10326119272,1,"IOTHUB_CLIENT_CONFIRMATION_OK"
8396,10326119422,10326119612,1,"IOTHUB_CLIENT_CONFIRMATION_OK"
8397,10326119622,10326119661,1,"IOTHUB_CLIENT_CONFIRMATION_OK"
8398,10326119822,10326119853,1,"IOTHUB_CLIENT_CONFIRMATION_OK"
8399,10326120022,10326120068,1,"IOTHUB_CLIENT_CONFIRMATION_OK"
8400,10326120222,10326120261,1,"IOTHUB_CLIENT_CONFIRMATION_OK"
8401,10326120423,10326120484,1,"IOTHUB_CLIENT_CONFIRMATION_OK"
8402,10326120623,10326120675,1,"IOTHUB_CLIENT_CONFIRMATION_OK"
8403,10326120823,10326120854,1,"IOTHUB_CLIENT_CONFIRMATION_OK"
8404,10326121023,10326121053,1,"IOTHUB_CLIENT_CONFIRMATION_OK"
8405,10326121223,10326121257,1,"IOTHUB_CLIENT_CONFIRMATION_OK"
8406,10326121423,10326121469,1,"IOTHUB_CLIENT_CONFIRMATION_OK"
8407,10326121624,10326121657,1,"IOTHUB_CLIENT_CONFIRMATION_OK"
8408,10326121824,10326121862,1,"IOTHUB_CLIENT_CONFIRMATION_OK"
8409,10326122024,10326122060,1,"IOTHUB_CLIENT_CONFIRMATION_OK"
8410,10326122224,10326122262,1,"IOTHUB_CLIENT_CONFIRMATION_OK"
8411,10326122424,10326122484,1,"IOTHUB_CLIENT_CONFIRMATION_OK"
8412,10326122624,10326122655,1,"IOTHUB_CLIENT_CONFIRMATION_OK"
8413,10326122824,10326122864,1,"IOTHUB_CLIENT_CONFIRMATION_OK"
8414,10326123025,10326123099,1,"IOTHUB_CLIENT_CONFIRMATION_OK"
8415,10326123225,10326123254,1,"IOTHUB_CLIENT_CONFIRMATION_OK"
8416,10326123425,10326123501,1,"IOTHUB_CLIENT_CONFIRMATION_OK"
8417,10326123625,10326123655,1,"IOTHUB_CLIENT_CONFIRMATION_OK"
8418,10326123825,10326123856,1,"IOTHUB_CLIENT_CONFIRMATION_OK"
8419,10326124026,10326124056,1,"IOTHUB_CLIENT_CONFIRMATION_OK"
8420,10326124226,10326124261,1,"IOTHUB_CLIENT_CONFIRMATION_OK"
8421,10326124426,10326124478,1,"IOTHUB_CLIENT_CONFIRMATION_OK"
8422,10326124626,10326124721,1,"IOTHUB_CLIENT_CONFIRMATION_OK"
8423,10326124826,10326124868,1,"IOTHUB_CLIENT_CONFIRMATION_OK"
8424,10326125026,10326125057,1,"IOTHUB_CLIENT_CONFIRMATION_OK"
8425,10326125226,10326125354,1,"IOTHUB_CLIENT_CONFIRMATION_OK"
8426,10326125427,10326125467,1,"IOTHUB_CLIENT_CONFIRMATION_OK"
8427,10326125627,10326125667,1,"IOTHUB_CLIENT_CONFIRMATION_OK"
8428,10326125827,10326126209,1,"IOTHUB_CLIENT_CONFIRMATION_OK"
8429,10326126027,10326126308,1,"IOTHUB_CLIENT_CONFIRMATION_OK"
8430,10326126227,10326126331,1,"IOTHUB_CLIENT_CONFIRMATION_OK"
8431,10326126427,10326126560,1,"IOTHUB_CLIENT_CONFIRMATION_OK"
8432,10326126628,10326126892,1,"IOTHUB_CLIENT_CONFIRMATION_OK"
8433,10326126828,10326126912,1,"IOTHUB_CLIENT_CONFIRMATION_OK"
8434,10326127028,10326127198,1,"IOTHUB_CLIENT_CONFIRMATION_OK"
8435,10326127228,10326127267,1,"IOTHUB_CLIENT_CONFIRMATION_OK"
8436,10326127428,10326127502,1,"IOTHUB_CLIENT_CONFIRMATION_OK"
8437,10326127628,10326127726,1,"IOTHUB_CLIENT_CONFIRMATION_OK"
8438,10326127828,10326127861,1,"IOTHUB_CLIENT_CONFIRMATION_OK"
8439,10326128029,10326128065,1,"IOTHUB_CLIENT_CONFIRMATION_OK"
8440,10326128229,10326128269,1,"IOTHUB_CLIENT_CONFIRMATION_OK"
8441,10326128429,10326128469,1,"IOTHUB_CLIENT_CONFIRMATION_OK"
8442,10326128629,10326128659,1,"IOTHUB_CLIENT_CONFIRMATION_OK"
8443,10326128830,10326128881,1,"IOTHUB_CLIENT_CONFIRMATION_OK"
8444,10326129030,10326129081,1,"IOTHUB_CLIENT_CONFIRMATION_OK"
8445,10326129230,10326129276,1,"IOTHUB_CLIENT_CONFIRMATION_OK"
8446,10326129430,10326129469,1,"IOTHUB_CLIENT_CONFIRMATION_OK"
8447,10326129630,10326129702,1,"IOTHUB_CLIENT_CONFIRMATION_OK"
8448,10326129830,10326129986,1,"IOTHUB_CLIENT_CONFIRMATION_OK"
8449,10326130030,10326130062,1,"IOTHUB_CLIENT_CONFIRMATION_OK"
8450,10326130231,10326130263,1,"IOTHUB_CLIENT_CONFIRMATION_OK"
8451,10326130431,10326130600,1,"IOTHUB_CLIENT_CONFIRMATION_OK"
8452,10326130631,10326130708,1,"IOTHUB_CLIENT_CONFIRMATION_OK"
8453,10326130831,10326130878,1,"IOTHUB_CLIENT_CONFIRMATION_OK"
8454,10326131031,10326131098,1,"IOTHUB_CLIENT_CONFIRMATION_OK"
8455,10326131231,10326131284,1,"IOTHUB_CLIENT_CONFIRMATION_OK"
8456,10326131432,10326131482,1,"IOTHUB_CLIENT_CONFIRMATION_OK"
8457,10326131632,10326131668,1,"IOTHUB_CLIENT_CONFIRMATION_OK"
8458,10326131832,10326131869,1,"IOTHUB_CLIENT_CONFIRMATION_OK"
8459,10326132032,10326132124,1,"IOTHUB_CLIENT_CONFIRMATION_OK"
8460,10326132232,10326132298,1,"IOTHUB_CLIENT_CONFIRMATION_OK"
8461,10326132433,10326132480,1,"IOTHUB_CLIENT_CONFIRMATION_OK"
8462,10326132633,10326132666,1,"IOTHUB_CLIENT_CONFIRMATION_OK"
8463,10326132833,10326132870,1,"IOTHUB_CLIENT_CONFIRMATION_OK"
8464,10326133033,10326133073,1,"IOTHUB_CLIENT_CONFIRMATION_OK"
8465,10326133233,10326133382,1,"IOTHUB_CLIENT_CONFIRMATION_OK"
8466,10326133433,10326133476,1,"IOTHUB_CLIENT_CONFIRMATION_OK"
8467,10326133633,10326133705,1,"IOTHUB_CLIENT_CONFIRMATION_OK"
8468,10326133834,10326133865,1,"IOTHUB_CLIENT_CONFIRMATION_OK"
8469,10326134034,10326134081,1,"IOTHUB_CLIENT_CONFIRMATION_OK"
8470,10326134234,10326134276,1,"IOTHUB_CLIENT_CONFIRMATION_OK"
8471,10326134434,10326134474,1,"IOTHUB_CLIENT_CONFIRMATION_OK"
8472,10326134634,10326134825,1,"IOTHUB_CLIENT_CONFIRMATION_OK"
8473,10326134834,10326134871,1,"IOTHUB_CLIENT_CONFIRMATION_OK"
8474,10326135035,10326135147,1,"IOTHUB_CLIENT_CONFIRMATION_OK"
8475,10326135235,10326135311,1,"IOTHUB_CLIENT_CONFIRMATION_OK"
8476,10326135435,10326135485,1,"IOTHUB_CLIENT_CONFIRMATION_OK"
8477,10326135635,10326135757,1,"IOTHUB_CLIENT_CONFIRMATION_OK"
8478,10326135835,10326135902,1,"IOTHUB_CLIENT_CONFIRMATION_OK"
8479,10326136035,10326136086,1,"IOTHUB_CLIENT_CONFIRMATION_OK"
8480,10326136235,10326136313,1,"IOTHUB_CLIENT_CONFIRMATION_OK"
8481,10326136436,10326136478,1,"IOTHUB_CLIENT_CONFIRMATION_OK"
8482,10326136636,10326136685,1,"IOTHUB_CLIENT_CONFIRMATION_OK"
8483,10326136836,10326136865,1,"IOTHUB_CLIENT_CONFIRMATION_OK"
8484,10326137036,10326137089,1,"IOTHUB_CLIENT_CONFIRMATION_OK"
8485,10326137236,10326137268,1,"IOTHUB_CLIENT_CONFIRMATION_OK"
8486,10326137436,10326137477,1,"IOTHUB_CLIENT_CONFIRMATION_OK"
8487,10326137636,10326137691,1,"IOTHUB_CLIENT_CONFIRMATION_OK"
8488,10326137837,10326137875,1,"IOTHUB_CLIENT_CONFIRMATION_OK"
8489,10326138037,10326138081,1,"IOTHUB_CLIENT_CONFIRMATION_OK"
8490,10326138237,10326138266,1,"IOTHUB_CLIENT_CONFIRMATION_OK"
8491,10326138437,10326138487,1,"IOTHUB_CLIENT_CONFIRMATION_OK"
8492,10326138637,10326138674,1,"IOTHUB_CLIENT_CONFIRMATION_OK"
8493,10326138837,10326138872,1,"IOTHUB_CLIENT_CONFIRMATION_OK"
8494,10326139038,10326139080,1,"IOTHUB_CLIENT_CONFIRMATION_OK"
8495,10326139238,10326139276,1,"IOTHUB_CLIENT_CONFIRMATION_OK"
8496,10326139438,10326139478,1,"IOTHUB_CLIENT_CONFIRMATION_OK"
8497,10326139638,10326139694,1,"IOTHUB_CLIENT_CONFIRMATION_OK"
8498,10326139838,10326139868,1,"IOTHUB_CLIENT_CONFIRMATION_OK"
8499,10326140038,10326140067,1,"IOTHUB_CLIENT_CONFIRMATION_OK"
8500,10326140238,10326140347,1,"IOTHUB_CLIENT_CONFIRMATION_OK"
8501,10326140439,10326140523,1,"IOTHUB_CLIENT_CONFIRMATION_OK"
8502,10326140639,10326140677,1,"IOTHUB_CLIENT_CONFIRMATION_OK"
8503,10326140839,10326140994,1,"IOTHUB_CLIENT_CONFIRMATION_OK"
8504,10326141039,10326141164,1,"IOTHUB_CLIENT_CONFIRMATION_OK"
8505,10326141239,10326141276,1,"IOTHUB_CLIENT_CONFIRMATION_OK"
8506,10326141439,10326141574,1,"IOTHUB_CLIENT_CONFIRMATION_OK"
8507,10326141639,10326141686,1,"IOTHUB_CLIENT_CONFIRMATION_OK"
8508,10326141839,10326141887,1,"IOTHUB_CLIENT_CONFIRMATION_OK"
8509,10326142040,10326142074,1,"IOTHUB_CLIENT_CONFIRMATION_OK"
8510,10326142240,10326142303,1,"IOTHUB_CLIENT_CONFIRMATION_OK"
8511,10326142440,10326142497,1,"IOTHUB_CLIENT_CONFIRMATION_OK"
8512,10326142640,10326142684,1,"IOTHUB_CLIENT_CONFIRMATION_OK"
8513,10326142840,10326142881,1,"IOTHUB_CLIENT_CONFIRMATION_OK"
8514,10326143041,10326143080,1,"IOTHUB_CLIENT_CONFIRMATION_OK"
8515,10326143241,10326143281,1,"IOTHUB_CLIENT_CONFIRMATION_OK"
8516,10326143441,10326143546,1,"IOTHUB_CLIENT_CONFIRMATION_OK"
8517,10326143641,10326143671,1,"IOTHUB_CLIENT_CONFIRMATION_OK"
8518,10326143841,10326143876,1,"IOTHUB_CLIENT_CONFIRMATION_OK"
8519,10326144041,10326144087,1,"IOTHUB_CLIENT_CONFIRMATION_OK"
8520,10326144241,10326144284,1,"IOTHUB_CLIENT_CONFIRMATION_OK"
8521,10326144442,10326144495,1,"IOTHUB_CLIENT_CONFIRMATION_OK"
8522,10326144642,10326144691,1,"IOTHUB_CLIENT_CONFIRMATION_OK"
8523,10326144842,10326145030,1,"IOTHUB_CLIENT_CONFIRMATION_OK"
8524,10326145042,10326145108,1,"IOTHUB_CLIENT_CONFIRMATION_OK"
8525,10326145242,10326145298,1,"IOTHUB_CLIENT_CONFIRMATION_OK"
8526,10326145443,10326145481,1,"IOTHUB_CLIENT_CONFIRMATION_OK"
8527,10326145643,10326145679,1,"IOTHUB_CLIENT_CONFIRMATION_OK"
8528,10326145843,10326145878,1,"IOTHUB_CLIENT_CONFIRMATION_OK"
8529,10326146043,10326146085,1,"IOTHUB_CLIENT_CONFIRMATION_OK"
8530,10326146243,10326146308,1,"IOTHUB_CLIENT_CONFIRMATION_OK"
8531,10326146444,10326146475,1,"IOTHUB_CLIENT_CONFIRMATION_OK"
8532,10326146644,10326146707,1,"IOTHUB_CLIENT_CONFIRMATION_OK"
8533,10326146844,10326146876,1,"IOTHUB_CLIENT_CONFIRMATION_OK"
8534,10326147044,10326147083,1,"IOTHUB_CLIENT_CONFIRMATION_OK"
8535,10326147244,10326147308,1,"IOTHUB_CLIENT_CONFIRMATION_OK"
8536,10326147444,10326147483,1,"IOTHUB_CLIENT_CONFIRMATION_OK"
8537,10326147645,10326147689,1,"IOTHUB_CLIENT_CONFIRMATION_OK"
8538,10326147845,10326147926,1,"IOTHUB_CLIENT_CONFIRMATION_OK"
8539,10326148045,10326148102,1,"IOTHUB_CLIENT_CONFIRMATION_OK"
8540,10326148245,10326148279,1,"IOTHUB_CLIENT_CONFIRMATION_OK"
8541,10326148445,10326148485,1,"IOTHUB_CLIENT_CONFIRMATION_OK"
8542,10326148645,10326148694,1,"IOTHUB_CLIENT_CONFIRMATION_OK"
8543,10326148845,10326148880,1,"IOTHUB_CLIENT_CONFIRMATION_OK"
8544,10326149046,10326149094,1,"IOTHUB_CLIENT_CONFIRMATION_OK"
8545,10326149246,10326149291,1,"IOTHUB_CLIENT_CONFIRMATION_OK"
8546,10326149446,10326149538,1,"IOTHUB_CLIENT_CONFIRMATION_OK"
8547,10326149646,10326149691,1,"IOTHUB_CLIENT_CONFIRMATION_OK"
8548,10326149846,10326149879,1,"IOTHUB_CLIENT_CONFIRMATION_OK"
8549,10326150046,10326150175,1,"IOTHUB_CLIENT_CONFIRMATION_OK"
8550,10326150247,10326150296,1,"IOTHUB_CLIENT_CONFIRMATION_OK"
8551,10326150447,10326150498,1,"IOTHUB_CLIENT_CONFIRMATION_OK"
8552,10326150647,10326150774,1,"IOTHUB_CLIENT_CONFIRMATION_OK"
8553,10326150847,10326150877,1,"IOTHUB_CLIENT_CONFIRMATION_OK"
8554,10326151047,10326151088,1,"IOTHUB_CLIENT_CONFIRMATION_OK"
8555,10326151247,10326151383,1,"IOTHUB_CLIENT_CONFIRMATION_OK"
8556,10326151447,10326151491,1,"IOTHUB_CLIENT_CONFIRMATION_OK"
8557,10326151648,10326151695,1,"IOTHUB_CLIENT_CONFIRMATION_OK"
8558,10326151848,10326151899,1,"IOTHUB_CLIENT_CONFIRMATION_OK"
8559,10326152048,10326152081,1,"IOTHUB_CLIENT_CONFIRMATION_OK"
8560,10326152248,10326152290,1,"IOTHUB_CLIENT_CONFIRMATION_OK"
8561,10326152448,10326152494,1,"IOTHUB_CLIENT_CONFIRMATION_OK"
8562,10326152648,10326152694,1,"IOTHUB_CLIENT_CONFIRMATION_OK"
8563,10326152849,10326152924,1,"IOTHUB_CLIENT_CONFIRMATION_OK"
8564,10326153049,10326153249,1,"IOTHUB_CLIENT_CONFIRMATION_OK"
8565,10326153249,10326153316,1,"IOTHUB_CLIENT_CONFIRMATION_OK"
8566,10326153449,10326153486,1,"IOTHUB_CLIENT_CONFIRMATION_OK"
8567,10326153649,10326153680,1,"IOTHUB_CLIENT_CONFIRMATION_OK"
8568,10326153849,10326153893,1,"IOTHUB_CLIENT_CONFIRMATION_OK"
8569,10326154049,10326154092,1,"IOTHUB_CLIENT_CONFIRMATION_OK"
8570,10326154250,10326154288,1,"IOTHUB_CLIENT_CONFIRMATION_OK"
8571,10326154450,10326154491,1,"IOTHUB_CLIENT_CONFIRMATION_OK"
8572,10326154650,10326154856,1,"IOTHUB_CLIENT_CONFIRMATION_OK"
8573,10326154850,10326154904,1,"IOTHUB_CLIENT_CONFIRMATION_OK"
8574,10326155050,10326155135,1,"IOTHUB_CLIENT_CONFIRMATION_OK"
8575,10326155250,10326155289,1,"IOTHUB_CLIENT_CONFIRMATION_OK"
8576,10326155451,10326155486,1,"IOTHUB_CLIENT_CONFIRMATION_OK"
8577,10326155651,10326155683,1,"IOTHUB_CLIENT_CONFIRMATION_OK"
8578,10326155851,10326155900,1,"IOTHUB_CLIENT_CONFIRMATION_OK"
8579,10326156051,10326156083,1,"IOTHUB_CLIENT_CONFIRMATION_OK"
8580,10326156251,10326156295,1,"IOTHUB_CLIENT_CONFIRMATION_OK"
8581,10326156452,10326156482,1,"IOTHUB_CLIENT_CONFIRMATION_OK"
8582,10326156652,10326156704,1,"IOTHUB_CLIENT_CONFIRMATION_OK"
8583,10326156852,10326156903,1,"IOTHUB_CLIENT_CONFIRMATION_OK"
8584,10326157052,10326157087,1,"IOTHUB_CLIENT_CONFIRMATION_OK"
8585,10326157252,10326157282,1,"IOTHUB_CLIENT_CONFIRMATION_OK"
8586,10326157452,10326157485,1,"IOTHUB_CLIENT_CONFIRMATION_OK"
8587,10326157652,10326157703,1,"IOTHUB_CLIENT_CONFIRMATION_OK"
8588,10326157853,10326157895,1,"IOTHUB_CLIENT_CONFIRMATION_OK"
8589,10326158053,10326158085,1,"IOTHUB_CLIENT_CONFIRMATION_OK"
8590,10326158253,10326158303,1,"IOTHUB_CLIENT_CONFIRMATION_OK"
8591,10326158453,10326158486,1,"IOTHUB_CLIENT_CONFIRMATION_OK"
8592,10326158653,10326158685,1,"IOTHUB_CLIENT_CONFIRMATION_OK"
8593,10326158854,10326158982,1,"IOTHUB_CLIENT_CONFIRMATION_OK"
8594,10326159054,10326159111,1,"IOTHUB_CLIENT_CONFIRMATION_OK"
8595,10326159254,10326159288,1,"IOTHUB_CLIENT_CONFIRMATION_OK"
8596,10326159454,10326159500,1,"IOTHUB_CLIENT_CONFIRMATION_OK"
8597,10326159654,10326159697,1,"IOTHUB_CLIENT_CONFIRMATION_OK"
8598,10326159854,10326159929,1,"IOTHUB_CLIENT_CONFIRMATION_OK"
8599,10326160055,10326160099,1,"IOTHUB_CLIENT_CONFIRMATION_OK"
8600,10326160255,10326160304,1,"IOTHUB_CLIENT_CONFIRMATION_OK"
8601,10326160455,10326160553,1,"IOTHUB_CLIENT_CONFIRMATION_OK"
8602,10326160655,10326160686,1,"IOTHUB_CLIENT_CONFIRMATION_OK"
8603,10326160855,10326160900,1,"IOTHUB_CLIENT_CONFIRMATION_OK"
8604,10326161055,10326161156,1,"IOTHUB_CLIENT_CONFIRMATION_OK"
8605,10326161255,10326161300,1,"IOTHUB_CLIENT_CONFIRMATION_OK"
8606,10326161456,10326161529,1,"IOTHUB_CLIENT_CONFIRMATION_OK"
8607,10326161656,10326161766,1,"IOTHUB_CLIENT_CONFIRMATION_OK"
8608,10326161856,10326161906,1,"IOTHUB_CLIENT_CONFIRMATION_OK"
8609,10326162056,10326162101,1,"IOTHUB_CLIENT_CONFIRMATION_OK"
8610,10326162256,10326162378,1,"IOTHUB_CLIENT_CONFIRMATION_OK"
8611,10326162456,10326162505,1,"IOTHUB_CLIENT_CONFIRMATION_OK"
8612,10326162657,10326162721,1,"IOTHUB_CLIENT_CONFIRMATION_OK"
8613,10326162857,10326162907,1,"IOTHUB_CLIENT_CONFIRMATION_OK"
8614,10326163057,10326163087,1,"IOTHUB_CLIENT_CONFIRMATION_OK"
8615,10326163257,10326163295,1,"IOTHUB_CLIENT_CONFIRMATION_OK"
8616,10326163457,10326163492,1,"IOTHUB_CLIENT_CONFIRMATION_OK"
8617,10326163658,10326163689,1,"IOTHUB_CLIENT_CONFIRMATION_OK"
8618,10326163858,10326163987,1,"IOTHUB_CLIENT_CONFIRMATION_OK"
8619,10326164058,10326164117,1,"IOTHUB_CLIENT_CONFIRMATION_OK"
8620,10326164258,10326164292,1,"IOTHUB_CLIENT_CONFIRMATION_OK"
8621,10326164458,10326164503,1,"IOTHUB_CLIENT_CONFIRMATION_OK"
8622,10326164659,10326164690,1,"IOTHUB_CLIENT_CONFIRMATION_OK"
8623,10326164859,10326164897,1,"IOTHUB_CLIENT_CONFIRMATION_OK"
8624,10326165059,10326165336,1,"IOTHUB_CLIENT_CONFIRMATION_OK"
8625,10326165259,10326165348,1,"IOTHUB_CLIENT_CONFIRMATION_OK"
8626,10326165459,10326165489,1,"IOTHUB_CLIENT_CONFIRMATION_OK"
8627,10326165659,10326165827,1,"IOTHUB_CLIENT_CONFIRMATION_OK"
8628,10326165860,10326165899,1,"IOTHUB_CLIENT_CONFIRMATION_OK"
8629,10326166060,10326166124,1,"IOTHUB_CLIENT_CONFIRMATION_OK"
8630,10326166260,10326166333,1,"IOTHUB_CLIENT_CONFIRMATION_OK"
8631,10326166460,10326166493,1,"IOTHUB_CLIENT_CONFIRMATION_OK"
8632,10326166660,10326166696,1,"IOTHUB_CLIENT_CONFIRMATION_OK"
8633,10326166860,10326166899,1,"IOTHUB_CLIENT_CONFIRMATION_OK"
8634,10326167060,10326167096,1,"IOTHUB_CLIENT_CONFIRMATION_OK"
8635,10326167261,10326167299,1,"IOTHUB_CLIENT_CONFIRMATION_OK"
8636,10326167461,10326167642,1,"IOTHUB_CLIENT_CONFIRMATION_OK"
8637,10326167661,10326167697,1,"IOTHUB_CLIENT_CONFIRMATION_OK"
8638,10326167861,10326168083,1,"IOTHUB_CLIENT_CONFIRMATION_OK"
8639,10326168061,10326168188,1,"IOTHUB_CLIENT_CONFIRMATION_OK"
8640,10326168261,10326168293,1,"IOTHUB_CLIENT_CONFIRMATION_OK"
8641,10326168461,10326168523,1,"IOTHUB_CLIENT_CONFIRMATION_OK"
8642,10326168662,10326168726,1,"IOTHUB_CLIENT_CONFIRMATION_OK"
8643,10326168862,10326168899,1,"IOTHUB_CLIENT_CONFIRMATION_OK"
8644,10326169062,10326169100,1,"IOTHUB_CLIENT_CONFIRMATION_OK"
8645,10326169262,10326169346,1,"IOTHUB_CLIENT_CONFIRMATION_OK"
8646,10326169462,10326169496,1,"IOTHUB_CLIENT_CONFIRMATION_OK"
8647,10326169662,10326169696,1,"IOTHUB_CLIENT_CONFIRMATION_OK"
8648,10326169863,10326169901,1,"IOTHUB_CLIENT_CONFIRMATION_OK"
8649,10326170063,10326170094,1,"IOTHUB_CLIENT_CONFIRMATION_OK"
8650,10326170263,10326170294,1,"IOTHUB_CLIENT_CONFIRMATION_OK"
8651,10326170463,10326170507,1,"IOTHUB_CLIENT_CONFIRMATION_OK"
8652,10326170663,10326170696,1,"IOTHUB_CLIENT_CONFIRMATION_OK"
8653,10326170864,10326170910,1,"IOTHUB_CLIENT_CONFIRMATION_OK"
8654,10326171064,10326171111,1,"IOTHUB_CLIENT_CONFIRMATION_OK"
8655,10326171264,10326171295,1,"IOTHUB_CLIENT_CONFIRMATION_OK"
8656,10326171464,10326171528,1,"IOTHUB_CLIENT_CONFIRMATION_OK"
8657,10326171664,10326171718,1,"IOTHUB_CLIENT_CONFIRMATION_OK"
8658,10326171864,10326171914,1,"IOTHUB_CLIENT_CONFIRMATION_OK"
8659,10326172064,10326172132,1,"IOTHUB_CLIENT_CONFIRMATION_OK"
8660,10326172265,10326172309,1,"IOTHUB_CLIENT_CONFIRMATION_OK"
8661,10326172465,10326172510,1,"IOTHUB_CLIENT_CONFIRMATION_OK"
8662,10326172665,10326172862,1,"IOTHUB_CLIENT_CONFIRMATION_OK"
8663,10326172866,10326172910,1,"IOTHUB_CLIENT_CONFIRMATION_OK"
8664,10326173066,10326173111,1,"IOTHUB_CLIENT_CONFIRMATION_OK"
8665,10326173266,10326173308,1,"IOTHUB_CLIENT_CONFIRMATION_OK"
8666,10326173466,10326173498,1,"IOTHUB_CLIENT_CONFIRMATION_OK"
8667,10326173666,10326173709,1,"IOTHUB_CLIENT_CONFIRMATION_OK"
8668,10326173867,10326173915,1,"IOTHUB_CLIENT_CONFIRMATION_OK"
8669,10326174067,10326174118,1,"IOTHUB_CLIENT_CONFIRMATION_OK"
8670,10326174267,10326174316,1,"IOTHUB_CLIENT_CONFIRMATION_OK"
8671,10326174467,10326174515,1,"IOTHUB_CLIENT_CONFIRMATION_OK"
8672,10326174667,10326174744,1,"IOTHUB_CLIENT_CONFIRMATION_OK"
8673,10326174867,10326174925,1,"IOTHUB_CLIENT_CONFIRMATION_OK"
8674,10326175068,10326175105,1,"IOTHUB_CLIENT_CONFIRMATION_OK"
8675,10326175268,10326175310,1,"IOTHUB_CLIENT_CONFIRMATION_OK"
8676,10326175468,10326175594,1,"IOTHUB_CLIENT_CONFIRMATION_OK"
8677,10326175668,10326175715,1,"IOTHUB_CLIENT_CONFIRMATION_OK"
8678,10326175868,10326175911,1,"IOTHUB_CLIENT_CONFIRMATION_OK"
8679,10326176068,10326176222,1,"IOTHUB_CLIENT_CONFIRMATION_OK"
8680,10326176268,10326176303,1,"IOTHUB_CLIENT_CONFIRMATION_OK"
8681,10326176469,10326176508,1,"IOTHUB_CLIENT_CONFIRMATION_OK"
8682,10326176669,10326176702,1,"IOTHUB_CLIENT_CONFIRMATION_OK"
8683,10326176869,10326176906,1,"IOTHUB_CLIENT_CONFIRMATION_OK"
8684,10326177069,10326177136,1,"IOTHUB_CLIENT_CONFIRMATION_OK"
8685,10326177269,10326177436,1,"IOTHUB_CLIENT_CONFIRMATION_OK"
8686,10326177469,10326177529,1,"IOTHUB_CLIENT_CONFIRMATION_OK"
8687,10326177669,10326177699,1,"IOTHUB_CLIENT_CONFIRMATION_OK"
8688,10326177870,10326177901,1,"IOTHUB_CLIENT_CONFIRMATION_OK"
8689,10326178070,10326178124,1,"IOTHUB_CLIENT_CONFIRMATION_OK"
8690,10326178270,10326178312,1,"IOTHUB_CLIENT_CONFIRMATION_OK"
8691,10326178470,10326178508,1,"IOTHUB_CLIENT_CONFIRMATION_OK"
8692,10326178670,10326178732,1,"IOTHUB_CLIENT_CONFIRMATION_OK"
8693,10326178871,10326178907,1,"IOTHUB_CLIENT_CONFIRMATION_OK"
8694,10326179071,10326179104,1,"IOTHUB_CLIENT_CONFIRMATION_OK"
8695,10326179271,10326179333,1,"IOTHUB_CLIENT_CONFIRMATION_OK"
8696,10326179471,10326179515,1,"IOTHUB_CLIENT_CONFIRMATION_OK"
8697,10326179671,10326179713,1,"IOTHUB_CLIENT_CONFIRMATION_OK"
8698,10326179872,10326179906,1,"IOTHUB_CLIENT_CONFIRMATION_OK"
8699,10326180072,10326180106,1,"IOTHUB_CLIENT_CONFIRMATION_OK"
8700,10326180272,10326180311,1,"IOTHUB_CLIENT_CONFIRMATION_OK"
8701,10326180472,10326180513,1,"IOTHUB_CLIENT_CONFIRMATION_OK"
8702,10326180672,10326180722,1,"IOTHUB_CLIENT_CONFIRMATION_OK"
8703,10326180872,10326180916,1,"IOTHUB_CLIENT_CONFIRMATION_OK"
8704,10326181073,10326181104,1,"IOTHUB_CLIENT_CONFIRMATION_OK"
8705,10326181273,10326181321,1,"IOTHUB_CLIENT_CONFIRMATION_OK"
8706,10326181473,10326181507,1,"IOTHUB_CLIENT_CONFIRMATION_OK"
8707,10326181673,10326181715,1,"IOTHUB_CLIENT_CONFIRMATION_OK"
8708,10326181873,10326181911,1,"IOTHUB_CLIENT_CONFIRMATION_OK"
8709,10326182073,10326182105,1,"IOTHUB_CLIENT_CONFIRMATION_OK"
8710,10326182273,10326182306,1,"IOTHUB_CLIENT_CONFIRMATION_OK"
8711,10326182474,10326182519,1,"IOTHUB_CLIENT_CONFIRMATION_OK"
8712,10326182674,10326182705,1,"IOTHUB_CLIENT_CONFIRMATION_OK"
8713,10326182874,10326182921,1,"IOTHUB_CLIENT_CONFIRMATION_OK"
8714,10326183074,10326183137,1,"IOTHUB_CLIENT_CONFIRMATION_OK"
8715,10326183274,10326183328,1,"IOTHUB_CLIENT_CONFIRMATION_OK"
8716,10326183475,10326183504,1,"IOTHUB_CLIENT_CONFIRMATION_OK"
8717,10326183675,10326183723,1,"IOTHUB_CLIENT_CONFIRMATION_OK"
8718,10326183875,10326183936,1,"IOTHUB_CLIENT_CONFIRMATION_OK"
8719,10326184075,10326184110,1,"IOTHUB_CLIENT_CONFIRMATION_OK"
8720,10326184275,10326184306,1,"IOTHUB_CLIENT_CONFIRMATION_OK"
8721,10326184475,10326184508,1,"IOTHUB_CLIENT_CONFIRMATION_OK"
8722,10326184675,10326184739,1,"IOTHUB_CLIENT_CONFIRMATION_OK"
8723,10326184876,10326184920,1,"IOTHUB_CLIENT_CONFIRMATION_OK"
8724,10326185076,10326185119,1,"IOTHUB_CLIENT_CONFIRMATION_OK"
8725,10326185276,10326185364,1,"IOTHUB_CLIENT_CONFIRMATION_OK"
8726,10326185476,10326185506,1,"IOTHUB_CLIENT_CONFIRMATION_OK"
8727,10326185676,10326185727,1,"IOTHUB_CLIENT_CONFIRMATION_OK"
8728,10326185876,10326185957,1,"IOTHUB_CLIENT_CONFIRMATION_OK"
8729,10326186077,10326186110,1,"IOTHUB_CLIENT_CONFIRMATION_OK"
8730,10326186277,10326186316,1,"IOTHUB_CLIENT_CONFIRMATION_OK"
8731,10326186477,10326186592,1,"IOTHUB_CLIENT_CONFIRMATION_OK"
8732,10326186677,10326186716,1,"IOTHUB_CLIENT_CONFIRMATION_OK"
8733,10326186878,10326187028,1,"IOTHUB_CLIENT_CONFIRMATION_OK"
8734,10326187078,10326187191,1,"IOTHUB_CLIENT_CONFIRMATION_OK"
8735,10326187278,10326187345,1,"IOTHUB_CLIENT_CONFIRMATION_OK"
8736,10326187478,10326187510,1,"IOTHUB_CLIENT_CONFIRMATION_OK"
8737,10326187678,10326187709,1,"IOTHUB_CLIENT_CONFIRMATION_OK"
8738,10326187878,10326188061,1,"IOTHUB_CLIENT_CONFIRMATION_OK"
8739,10326188079,10326188143,1,"IOTHUB_CLIENT_CONFIRMATION_OK"
8740,10326188279,10326188365,1,"IOTHUB_CLIENT_CONFIRMATION_OK"
8741,10326188479,10326188509,1,"IOTHUB_CLIENT_CONFIRMATION_OK"
8742,10326188679,10326188747,1,"IOTHUB_CLIENT_CONFIRMATION_OK"
8743,10326188879,10326188911,1,"IOTHUB_CLIENT_CONFIRMATION_OK"
8744,10326189079,10326189113,1,"IOTHUB_CLIENT_CONFIRMATION_OK"
8745,10326189279,10326189352,1,"IOTHUB_CLIENT_CONFIRMATION_OK"
8746,10326189480,10326189533,1,"IOTHUB_CLIENT_CONFIRMATION_OK"
8747,10326189680,10326189718,1,"IOTHUB_CLIENT_CONFIRMATION_OK"
8748,10326189880,10326190053,1,"IOTHUB_CLIENT_CONFIRMATION_OK"
8749,10326190080,10326190111,1,"IOTHUB_CLIENT_CONFIRMATION_OK"
8750,10326190280,10326190784,1,"IOTHUB_CLIENT_CONFIRMATION_OK"
8751,10326190480,10326190862,1,"IOTHUB_CLIENT_CONFIRMATION_OK"
8752,10326190680,10326190893,1,"IOTHUB_CLIENT_CONFIRMATION_OK"
8753,10326190881,10326191812,1,"IOTHUB_CLIENT_CONFIRMATION_OK"
8754,10326191081,10326192278,1,"IOTHUB_CLIENT_CONFIRMATION_OK"
8755,10326191281,10326192335,1,"IOTHUB_CLIENT_CONFIRMATION_OK"
8756,10326191481,10326192364,1,"IOTHUB_CLIENT_CONFIRMATION_OK"
8757,10326191681,10326192406,1,"IOTHUB_CLIENT_CONFIRMATION_OK"
8758,10326191881,10326192435,1,"IOTHUB_CLIENT_CONFIRMATION_OK"
8759,10326192081,10326192541,1,"IOTHUB_CLIENT_CONFIRMATION_OK"
8760,10326192282,10326192572,1,"IOTHUB_CLIENT_CONFIRMATION_OK"
8761,10326192482,10326192598,1,"IOTHUB_CLIENT_CONFIRMATION_OK"
8762,10326192682,10326192723,1,"IOTHUB_CLIENT_CONFIRMATION_OK"
8763,10326192882,10326192941,1,"IOTHUB_CLIENT_CONFIRMATION_OK"
8764,10326193082,10326193124,1,"IOTHUB_CLIENT_CONFIRMATION_OK"
8765,10326193282,10326193379,1,"IOTHUB_CLIENT_CONFIRMATION_OK"
8766,10326193483,10326193558,1,"IOTHUB_CLIENT_CONFIRMATION_OK"
8767,10326193683,10326193725,1,"IOTHUB_CLIENT_CONFIRMATION_OK"
8768,10326193883,10326193964,1,"IOTHUB_CLIENT_CONFIRMATION_OK"
8769,10326194083,10326194117,1,"IOTHUB_CLIENT_CONFIRMATION_OK"
8770,10326194283,10326194315,1,"IOTHUB_CLIENT_CONFIRMATION_OK"
8771,10326194484,10326194730,1,"IOTHUB_CLIENT_CONFIRMATION_OK"
8772,10326194684,10326194932,1,"IOTHUB_CLIENT_CONFIRMATION_OK"
8773,10326194884,10326194963,1,"IOTHUB_CLIENT_CONFIRMATION_OK"
8774,10326195084,10326195223,1,"IOTHUB_CLIENT_CONFIRMATION_OK"
8775,10326195284,10326195484,1,"IOTHUB_CLIENT_CONFIRMATION_OK"
8776,10326195485,10326195530,1,"IOTHUB_CLIENT_CONFIRMATION_OK"
8777,10326195685,10326195838,1,"IOTHUB_CLIENT_CONFIRMATION_OK"
8778,10326195885,10326195962,1,"IOTHUB_CLIENT_CONFIRMATION_OK"
8779,10326196085,10326196120,1,"IOTHUB_CLIENT_CONFIRMATION_OK"
8780,10326196285,10326196434,1,"IOTHUB_CLIENT_CONFIRMATION_OK"
8781,10326196486,10326196516,1,"IOTHUB_CLIENT_CONFIRMATION_OK"
8782,10326196686,10326196731,1,"IOTHUB_CLIENT_CONFIRMATION_OK"
8783,10326196886,10326196920,1,"IOTHUB_CLIENT_CONFIRMATION_OK"
8784,10326197086,10326197148,1,"IOTHUB_CLIENT_CONFIRMATION_OK"
8785,10326197286,10326197323,1,"IOTHUB_CLIENT_CONFIRMATION_OK"
8786,10326197486,10326197607,1,"IOTHUB_CLIENT_CONFIRMATION_OK"
8787,10326197687,10326197729,1,"IOTHUB_CLIENT_CONFIRMATION_OK"
8788,10326197887,10326197947,1,"IOTHUB_CLIENT_CONFIRMATION_OK"
8789,10326198087,10326198118,1,"IOTHUB_CLIENT_CONFIRMATION_OK"
8790,10326198287,10326198382,1,"IOTHUB_CLIENT_CONFIRMATION_OK"
8791,10326198487,10326198517,1,"IOTHUB_CLIENT_CONFIRMATION_OK"
8792,10326198687,10326198747,1,"IOTHUB_CLIENT_CONFIRMATION_OK"
8793,10326198888,10326198933,1,"IOTHUB_CLIENT_CONFIRMATION_OK"
8794,10326199088,10326199121,1,"IOTHUB_CLIENT_CONFIRMATION_OK"
8795,10326199288,10326199329,1,"IOTHUB_CLIENT_CONFIRMATION_OK"
8796,10326199488,10326199531,1,"IOTHUB_CLIENT_CONFIRMATION_OK"
8797,10326199688,10326199853,1,"IOTHUB_CLIENT_CONFIRMATION_OK"
8798,10326199888,10326199921,1,"IOTHUB_CLIENT_CONFIRMATION_OK"
8799,10326200088,10326200125,1,"IOTHUB_CLIENT_CONFIRMATION_OK"
8800,10326200289,10326200330,1,"IOTHUB_CLIENT_CONFIRMATION_OK"
8801,10326200489,10326200521,1,"IOTHUB_CLIENT_CONFIRMATION_OK"
8802,10326200689,10326200725,1,"IOTHUB_CLIENT_CONFIRMATION_OK"
8803,10326200889,10326200940,1,"IOTHUB_CLIENT_CONFIRMATION_OK"
8804,10326201089,10326201139,1,"IOTHUB_CLIENT_CONFIRMATION_OK"
8805,10326201290,10326201334,1,"IOTHUB_CLIENT_CONFIRMATION_OK"
8806,10326201490,10326201616,1,"IOTHUB_CLIENT_CONFIRMATION_OK"
8807,10326201690,10326201724,1,"IOTHUB_CLIENT_CONFIRMATION_OK"
8808,10326201890,10326201923,1,"IOTHUB_CLIENT_CONFIRMATION_OK"
8809,10326202090,10326202135,1,"IOTHUB_CLIENT_CONFIRMATION_OK"
8810,10326202290,10326202322,1,"IOTHUB_CLIENT_CONFIRMATION_OK"
8811,10326202490,10326202523,1,"IOTHUB_CLIENT_CONFIRMATION_OK"
8812,10326202691,10326202840,1,"IOTHUB_CLIENT_CONFIRMATION_OK"
8813,10326202891,10326202925,1,"IOTHUB_CLIENT_CONFIRMATION_OK"
8814,10326203091,10326203123,1,"IOTHUB_CLIENT_CONFIRMATION_OK"
8815,10326203291,10326203349,1,"IOTHUB_CLIENT_CONFIRMATION_OK"
8816,10326203491,10326203535,1,"IOTHUB_CLIENT_CONFIRMATION_OK"
8817,10326203692,10326203722,1,"IOTHUB_CLIENT_CONFIRMATION_OK"
8818,10326203892,10326203927,1,"IOTHUB_CLIENT_CONFIRMATION_OK"
8819,10326204092,10326204138,1,"IOTHUB_CLIENT_CONFIRMATION_OK"
8820,10326204292,10326204321,1,"IOTHUB_CLIENT_CONFIRMATION_OK"
8821,10326204492,10326204804,1,"IOTHUB_CLIENT_CONFIRMATION_OK"
8822,10326204693,10326204838,1,"IOTHUB_CLIENT_CONFIRMATION_OK"
8823,10326204893,10326204972,1,"IOTHUB_CLIENT_CONFIRMATION_OK"
8824,10326205093,10326205179,1,"IOTHUB_CLIENT_CONFIRMATION_OK"
8825,10326205293,10326205341,1,"IOTHUB_CLIENT_CONFIRMATION_OK"
8826,10326205493,10326205826,1,"IOTHUB_CLIENT_CONFIRMATION_OK"
8827,10326205693,10326205865,1,"IOTHUB_CLIENT_CONFIRMATION_OK"
8828,10326205894,10326205943,1,"IOTHUB_CLIENT_CONFIRMATION_OK"
8829,10326206094,10326206282,1,"IOTHUB_CLIENT_CONFIRMATION_OK"
8830,10326206294,10326206341,1,"IOTHUB_CLIENT_CONFIRMATION_OK"
8831,10326206494,10326206542,1,"IOTHUB_CLIENT_CONFIRMATION_OK"
8832,10326206694,10326206726,1,"IOTHUB_CLIENT_CONFIRMATION_OK"
8833,10326206894,10326206933,1,"IOTHUB_CLIENT_CONFIRMATION_OK"
8834,10326207095,10326207132,1,"IOTHUB_CLIENT_CONFIRMATION_OK"
8835,10326207295,10326207331,1,"IOTHUB_CLIENT_CONFIRMATION_OK"
8836,10326207495,10326207525,1,"IOTHUB_CLIENT_CONFIRMATION_OK"
8837,10326207695,10326207728,1,"IOTHUB_CLIENT_CONFIRMATION_OK"
8838,10326207895,10326207942,1,"IOTHUB_CLIENT_CONFIRMATION_OK"
8839,10326208096,10326208176,1,"IOTHUB_CLIENT_CONFIRMATION_OK"
8840,10326208296,10326208365,1,"IOTHUB_CLIENT_CONFIRMATION_OK"
8841,10326208496,10326208540,1,"IOTHUB_CLIENT_CONFIRMATION_OK"
8842,10326208696,10326208735,1,"IOTHUB_CLIENT_CONFIRMATION_OK"
8843,10326208896,10326208941,1,"IOTHUB_CLIENT_CONFIRMATION_OK"
8844,10326209096,10326209164,1,"IOTHUB_CLIENT_CONFIRMATION_OK"
8845,10326209296,10326209341,1,"IOTHUB_CLIENT_CONFIRMATION_OK"
8846,10326209497,10326209709,1,"IOTHUB_CLIENT_CONFIRMATION_OK"
8847,10326209697,10326209731,1,"IOTHUB_CLIENT_CONFIRMATION_OK"
8848,10326209897,10326209943,1,"IOTHUB_CLIENT_CONFIRMATION_OK"
8849,10326210097,10326210137,1,"IOTHUB_CLIENT_CONFIRMATION_OK"
8850,10326210297,10326210347,1,"IOTHUB_CLIENT_CONFIRMATION_OK"
8851,10326210498,10326210544,1,"IOTHUB_CLIENT_CONFIRMATION_OK"
8852,10326210698,10326210727,1,"IOTHUB_CLIENT_CONFIRMATION_OK"
8853,10326210898,10326210944,1,"IOTHUB_CLIENT_CONFIRMATION_OK"
8854,10326211098,10326211140,1,"IOTHUB_CLIENT_CONFIRMATION_OK"
8855,10326211298,10326211365,1,"IOTHUB_CLIENT_CONFIRMATION_OK"
8856,10326211498,10326211575,1,"IOTHUB_CLIENT_CONFIRMATION_OK"
8857,10326211699,10326211745,1,"IOTHUB_CLIENT_CONFIRMATION_OK"
8858,10326211899,10326211959,1,"IOTHUB_CLIENT_CONFIRMATION_OK"
8859,10326212099,10326212143,1,"IOTHUB_CLIENT_CONFIRMATION_OK"
8860,10326212299,10326212346,1,"IOTHUB_CLIENT_CONFIRMATION_OK"
8861,10326212500,10326212613,1,"IOTHUB_CLIENT_CONFIRMATION_OK"
8862,10326212700,10326212771,1,"IOTHUB_CLIENT_CONFIRMATION_OK"
8863,10326212900,10326212934,1,"IOTHUB_CLIENT_CONFIRMATION_OK"
8864,10326213100,10326213154,1,"IOTHUB_CLIENT_CONFIRMATION_OK"
8865,10326213300,10326213340,1,"IOTHUB_CLIENT_CONFIRMATION_OK"
8866,10326213501,10326213556,1,"IOTHUB_CLIENT_CONFIRMATION_OK"
8867,10326213701,10326213772,1,"IOTHUB_CLIENT_CONFIRMATION_OK"
8868,10326213901,10326213993,1,"IOTHUB_CLIENT_CONFIRMATION_OK"
8869,10326214101,10326214144,1,"IOTHUB_CLIENT_CONFIRMATION_OK"
8870,10326214301,10326214349,1,"IOTHUB_CLIENT_CONFIRMATION_OK"
8871,10326214501,10326214566,1,"IOTHUB_CLIENT_CONFIRMATION_OK"
8872,10326214702,10326214798,1,"IOTHUB_CLIENT_CONFIRMATION_OK"
8873,10326214902,10326214942,1,"IOTHUB_CLIENT_CONFIRMATION_OK"
8874,10326215102,10326215145,1,"IOTHUB_CLIENT_CONFIRMATION_OK"
8875,10326215302,10326215418,1,"IOTHUB_CLIENT_CONFIRMATION_OK"
8876,10326215502,10326215563,1,"IOTHUB_CLIENT_CONFIRMATION_OK"
8877,10326215702,10326215749,1,"IOTHUB_CLIENT_CONFIRMATION_OK"
8878,10326215903,10326216026,1,"IOTHUB_CLIENT_CONFIRMATION_OK"
8879,10326216103,10326216143,1,"IOTHUB_CLIENT_CONFIRMATION_OK"
8880,10326216303,10326216364,1,"IOTHUB_CLIENT_CONFIRMATION_OK"
8881,10326216503,10326216659,1,"IOTHUB_CLIENT_CONFIRMATION_OK"
8882,10326216703,10326216743,1,"IOTHUB_CLIENT_CONFIRMATION_OK"
8883,10326216903,10326217105,1,"IOTHUB_CLIENT_CONFIRMATION_OK"
8884,10326217104,10326217154,1,"IOTHUB_CLIENT_CONFIRMATION_OK"
8885,10326217304,10326217334,1,"IOTHUB_CLIENT_CONFIRMATION_OK"
8886,10326217504,10326217544,1,"IOTHUB_CLIENT_CONFIRMATION_OK"
8887,10326217704,10326217752,1,"IOTHUB_CLIENT_CONFIRMATION_OK"
8888,10326217904,10326217954,1,"IOTHUB_CLIENT_CONFIRMATION_OK"
8889,10326218105,10326218139,1,"IOTHUB_CLIENT_CONFIRMATION_OK"
8890,10326218305,10326218346,1,"IOTHUB_CLIENT_CONFIRMATION_OK"
8891,10326218505,10326218561,1,"IOTHUB_CLIENT_CONFIRMATION_OK"
8892,10326218705,10326218805,1,"IOTHUB_CLIENT_CONFIRMATION_OK"
8893,10326218905,10326218934,1,"IOTHUB_CLIENT_CONFIRMATION_OK"
8894,10326219105,10326219150,1,"IOTHUB_CLIENT_CONFIRMATION_OK"
8895,10326219306,10326219353,1,"IOTHUB_CLIENT_CONFIRMATION_OK"
8896,10326219506,10326219547,1,"IOTHUB_CLIENT_CONFIRMATION_OK"
8897,10326219706,10326219738,1,"IOTHUB_CLIENT_CONFIRMATION_OK"
8898,10326219906,10326219956,1,"IOTHUB_CLIENT_CONFIRMATION_OK"
8899,10326220106,10326220137,1,"IOTHUB_CLIENT_CONFIRMATION_OK"
8900,10326220306,10326220393,1,"IOTHUB_CLIENT_CONFIRMATION_OK"
8901,10326220507,10326220564,1,"IOTHUB_CLIENT_CONFIRMATION_OK"
8902,10326220707,10326220744,1,"IOTHUB_CLIENT_CONFIRMATION_OK"
8903,10326220907,10326220946,1,"IOTHUB_CLIENT_CONFIRMATION_OK"
8904,10326221107,10326221176,1,"IOTHUB_CLIENT_CONFIRMATION_OK"
8905,10326221307,10326221363,1,"IOTHUB_CLIENT_CONFIRMATION_OK"
8906,10326221507,10326221552,1,"IOTHUB_CLIENT_CONFIRMATION_OK"
8907,10326221707,10326221801,1,"IOTHUB_CLIENT_CONFIRMATION_OK"
8908,10326221908,10326221946,1,"IOTHUB_CLIENT_CONFIRMATION_OK"
8909,10326222108,10326222161,1,"IOTHUB_CLIENT_CONFIRMATION_OK"
8910,10326222308,10326222432,1,"IOTHUB_CLIENT_CONFIRMATION_OK"
8911,10326222508,10326222708,1,"IOTHUB_CLIENT_CONFIRMATION_OK"
8912,10326222708,10326222758,1,"IOTHUB_CLIENT_CONFIRMATION_OK"
8913,10326222908,10326222940,1,"IOTHUB_CLIENT_CONFIRMATION_OK"
8914,10326223109,10326223140,1,"IOTHUB_CLIENT_CONFIRMATION_OK"
8915,10326223309,10326223362,1,"IOTHUB_CLIENT_CONFIRMATION_OK"
8916,10326223509,10326223554,1,"IOTHUB_CLIENT_CONFIRMATION_OK"
8917,10326223709,10326223781,1,"IOTHUB_CLIENT_CONFIRMATION_OK"
8918,10326223909,10326223947,1,"IOTHUB_CLIENT_CONFIRMATION_OK"
8919,10326224109,10326224150,1,"IOTHUB_CLIENT_CONFIRMATION_OK"
8920,10326224310,10326224354,1,"IOTHUB_CLIENT_CONFIRMATION_OK"
8921,10326224510,10326224551,1,"IOTHUB_CLIENT_CONFIRMATION_OK"
8922,10326224710,10326224740,1,"IOTHUB_CLIENT_CONFIRMATION_OK"
8923,10326224910,10326224959,1,"IOTHUB_CLIENT_CONFIRMATION_OK"
8924,10326225110,10326225408,1,"IOTHUB_CLIENT_CONFIRMATION_OK"
8925,10326225310,10326225435,1,"IOTHUB_CLIENT_CONFIRMATION_OK"
8926,10326225511,10326225768,1,"IOTHUB_CLIENT_CONFIRMATION_OK"
8927,10326225711,10326225816,1,"IOTHUB_CLIENT_CONFIRMATION_OK"
8928,10326225911,10326225992,1,"IOTHUB_CLIENT_CONFIRMATION_OK"
8929,10326226111,10326226205,1,"IOTHUB_CLIENT_CONFIRMATION_OK"
8930,10326226312,10326226387,1,"IOTHUB_CLIENT_CONFIRMATION_OK"
8931,10326226512,10326226580,1,"IOTHUB_CLIENT_CONFIRMATION_OK"
8932,10326226712,10326226754,1,"IOTHUB_CLIENT_CONFIRMATION_OK"
8933,10326226913,10326226996,1,"IOTHUB_CLIENT_CONFIRMATION_OK"
8934,10326227113,10326227175,1,"IOTHUB_CLIENT_CONFIRMATION_OK"
8935,10326227313,10326227354,1,"IOTHUB_CLIENT_CONFIRMATION_OK"
8936,10326227513,10326227690,1,"IOTHUB_CLIENT_CONFIRMATION_OK"
8937,10326227713,10326227756,1,"IOTHUB_CLIENT_CONFIRMATION_OK"
8938,10326227913,10326228370,1,"IOTHUB_CLIENT_CONFIRMATION_OK"
8939,10326228114,10326228422,1,"IOTHUB_CLIENT_CONFIRMATION_OK"
8940,10326228314,10326228455,1,"IOTHUB_CLIENT_CONFIRMATION_OK"
8941,10326228514,10326228556,1,"IOTHUB_CLIENT_CONFIRMATION_OK"
8942,10326228714,10326228782,1,"IOTHUB_CLIENT_CONFIRMATION_OK"
8943,10326228914,10326228973,1,"IOTHUB_CLIENT_CONFIRMATION_OK"
8944,10326229114,10326229160,1,"IOTHUB_CLIENT_CONFIRMATION_OK"
8945,10326229315,10326229353,1,"IOTHUB_CLIENT_CONFIRMATION_OK"
8946,10326229515,10326229562,1,"IOTHUB_CLIENT_CONFIRMATION_OK"
8947,10326229715,10326229817,1,"IOTHUB_CLIENT_CONFIRMATION_OK"
8948,10326229915,10326229995,1,"IOTHUB_CLIENT_CONFIRMATION_OK"
8949,10326230115,10326230165,1,"IOTHUB_CLIENT_CONFIRMATION_OK"
8950,10326230315,10326230441,1,"IOTHUB_CLIENT_CONFIRMATION_OK"
8951,10326230516,10326230559,1,"IOTHUB_CLIENT_CONFIRMATION_OK"
8952,10326230716,10326230758,1,"IOTHUB_CLIENT_CONFIRMATION_OK"
8953,10326230916,10326231070,1,"IOTHUB_CLIENT_CONFIRMATION_OK"
8954,10326231116,10326231154,1,"IOTHUB_CLIENT_CONFIRMATION_OK"
8955,10326231316,10326231359,1,"IOTHUB_CLIENT_CONFIRMATION_OK"
8956,10326231516,10326231656,1,"IOTHUB_CLIENT_CONFIRMATION_OK"
8957,10326231716,10326231769,1,"IOTHUB_CLIENT_CONFIRMATION_OK"
8958,10326231917,10326231971,1,"IOTHUB_CLIENT_CONFIRMATION_OK"
8959,10326232117,10326232244,1,"IOTHUB_CLIENT_CONFIRMATION_OK"
8960,10326232317,10326232407,1,"IOTHUB_CLIENT_CONFIRMATION_OK"
8961,10326232517,10326232633,1,"IOTHUB_CLIENT_CONFIRMATION_OK"
8962,10326232717,10326232752,1,"IOTHUB_CLIENT_CONFIRMATION_OK"
8963,10326232917,10326232968,1,"IOTHUB_CLIENT_CONFIRMATION_OK"
8964,10326233118,10326233161,1,"IOTHUB_CLIENT_CONFIRMATION_OK"
8965,10326233318,10326233351,1,"IOTHUB_CLIENT_CONFIRMATION_OK"
8966,10326233518,10326233566,1,"IOTHUB_CLIENT_CONFIRMATION_OK"
8967,10326233718,10326233757,1,"IOTHUB_CLIENT_CONFIRMATION_OK"
8968,10326233918,10326233975,1,"IOTHUB_CLIENT_CONFIRMATION_OK"
8969,10326234118,10326234166,1,"IOTHUB_CLIENT_CONFIRMATION_OK"
8970,10326234319,10326234382,1,"IOTHUB_CLIENT_CONFIRMATION_OK"
8971,10326234519,10326234569,1,"IOTHUB_CLIENT_CONFIRMATION_OK"
8972,10326234719,10326234765,1,"IOTHUB_CLIENT_CONFIRMATION_OK"
8973,10326234919,10326235004,1,"IOTHUB_CLIENT_CONFIRMATION_OK"
8974,10326235119,10326235167,1,"IOTHUB_CLIENT_CONFIRMATION_OK"
8975,10326235319,10326235382,1,"IOTHUB_CLIENT_CONFIRMATION_OK"
8976,10326235519,10326235644,1,"IOTHUB_CLIENT_CONFIRMATION_OK"
8977,10326235720,10326235760,1,"IOTHUB_CLIENT_CONFIRMATION_OK"
8978,10326235920,10326236028,1,"IOTHUB_CLIENT_CONFIRMATION_OK"
8979,10326236120,10326236254,1,"IOTHUB_CLIENT_CONFIRMATION_OK"
8980,10326236320,10326236392,1,"IOTHUB_CLIENT_CONFIRMATION_OK"
8981,10326236520,10326236563,1,"IOTHUB_CLIENT_CONFIRMATION_OK"
8982,10326236721,10326236771,1,"IOTHUB_CLIENT_CONFIRMATION_OK"
8983,10326236921,10326237101,1,"IOTHUB_CLIENT_CONFIRMATION_OK"
8984,10326237121,10326237177,1,"IOTHUB_CLIENT_CONFIRMATION_OK"
8985,10326237321,10326237374,1,"IOTHUB_CLIENT_CONFIRMATION_OK"
8986,10326237521,10326237562,1,"IOTHUB_CLIENT_CONFIRMATION_OK"
8987,10326237721,10326237776,1,"IOTHUB_CLIENT_CONFIRMATION_OK"
8988,10326237921,10326237968,1,"IOTHUB_CLIENT_CONFIRMATION_OK"
8989,10326238122,10326238174,1,"IOTHUB_CLIENT_CONFIRMATION_OK"
8990,10326238322,10326238353,1,"IOTHUB_CLIENT_CONFIRMATION_OK"
8991,10326238522,10326238568,1,"IOTHUB_CLIENT_CONFIRMATION_OK"
8992,10326238722,10326238761,1,"IOTHUB_CLIENT_CONFIRMATION_OK"
8993,10326238922,10326238980,1,"IOTHUB_CLIENT_CONFIRMATION_OK"
8994,10326239123,10326239268,1,"IOTHUB_CLIENT_CONFIRMATION_OK"
8995,10326239323,10326239383,1,"IOTHUB_CLIENT_CONFIRMATION_OK"
8996,10326239523,10326239771,1,"IOTHUB_CLIENT_CONFIRMATION_OK"
8997,10326239723,10326239792,1,"IOTHUB_CLIENT_CONFIRMATION_OK"
8998,10326239923,10326239995,1,"IOTHUB_CLIENT_CONFIRMATION_OK"
8999,10326240123,10326240181,1,"IOTHUB_CLIENT_CONFIRMATION_OK"
9000,10326240324,10326240361,1,"IOTHUB_CLIENT_CONFIRMATION_OK"
9001,10326240524,10326240568,1,"IOTHUB_CLIENT_CONFIRMATION_OK"
9002,10326240724,10326240781,1,"IOTHUB_CLIENT_CONFIRMATION_OK"
9003,10326240924,10326240968,1,"IOTHUB_CLIENT_CONFIRMATION_OK"
9004,10326241124,10326241172,1,"IOTHUB_CLIENT_CONFIRMATION_OK"
9005,10326241325,10326241393,1,"IOTHUB_CLIENT_CONFIRMATION_OK"
9006,10326241525,10326241563,1,"IOTHUB_CLIENT_CONFIRMATION_OK"
9007,10326241725,10326241769,1,"IOTHUB_CLIENT_CONFIRMATION_OK"
9008,10326241925,10326242005,1,"IOTHUB_CLIENT_CONFIRMATION_OK"
9009,10326242125,10326242172,1,"IOTHUB_CLIENT_CONFIRMATION_OK"
9010,10326242326,10326242366,1,"IOTHUB_CLIENT_CONFIRMATION_OK"
9011,10326242526,10326242619,1,"IOTHUB_CLIENT_CONFIRMATION_OK"
9012,10326242726,10326242785,1,"IOTHUB_CLIENT_CONFIRMATION_OK"
9013,10326242926,10326243046,1,"IOTHUB_CLIENT_CONFIRMATION_OK"
9014,10326243126,10326243271,1,"IOTHUB_CLIENT_CONFIRMATION_OK"
9015,10326243327,10326243372,1,"IOTHUB_CLIENT_CONFIRMATION_OK"
9016,10326243527,10326243568,1,"IOTHUB_CLIENT_CONFIRMATION_OK"
9017,10326243727,10326243771,1,"IOTHUB_CLIENT_CONFIRMATION_OK"
9018,10326243927,10326243963,1,"IOTHUB_CLIENT_CONFIRMATION_OK"
9019,10326244127,10326244168,1,"IOTHUB_CLIENT_CONFIRMATION_OK"
9020,10326244328,10326244369,1,"IOTHUB_CLIENT_CONFIRMATION_OK"
9021,10326244528,10326244597,1,"IOTHUB_CLIENT_CONFIRMATION_OK"
9022,10326244728,10326245125,1,"IOTHUB_CLIENT_CONFIRMATION_OK"
9023,10326244928,10326245179,1,"IOTHUB_CLIENT_CONFIRMATION_OK"
9024,10326245128,10326245207,1,"IOTHUB_CLIENT_CONFIRMATION_OK"
9025,10326245328,10326245375,1,"IOTHUB_CLIENT_CONFIRMATION_OK"
9026,10326245529,10326245569,1,"IOTHUB_CLIENT_CONFIRMATION_OK"
9027,10326245729,10326245780,1,"IOTHUB_CLIENT_CONFIRMATION_OK"
9028,10326245929,10326245961,1,"IOTHUB_CLIENT_CONFIRMATION_OK"
9029,10326246129,10326246174,1,"IOTHUB_CLIENT_CONFIRMATION_OK"
9030,10326246329,10326246372,1,"IOTHUB_CLIENT_CONFIRMATION_OK"
9031,10326246530,10326246586,1,"IOTHUB_CLIENT_CONFIRMATION_OK"
9032,10326246730,10326246777,1,"IOTHUB_CLIENT_CONFIRMATION_OK"
9033,10326246930,10326246986,1,"IOTHUB_CLIENT_CONFIRMATION_OK"
9034,10326247130,10326247204,1,"IOTHUB_CLIENT_CONFIRMATION_OK"
9035,10326247330,10326247373,1,"IOTHUB_CLIENT_CONFIRMATION_OK"
9036,10326247530,10326247573,1,"IOTHUB_CLIENT_CONFIRMATION_OK"
9037,10326247730,10326247808,1,"IOTHUB_CLIENT_CONFIRMATION_OK"
9038,10326247931,10326248021,1,"IOTHUB_CLIENT_CONFIRMATION_OK"
9039,10326248131,10326248175,1,"IOTHUB_CLIENT_CONFIRMATION_OK"
9040,10326248331,10326248374,1,"IOTHUB_CLIENT_CONFIRMATION_OK"
9041,10326248531,10326248600,1,"IOTHUB_CLIENT_CONFIRMATION_OK"
9042,10326248731,10326248839,1,"IOTHUB_CLIENT_CONFIRMATION_OK"
9043,10326248932,10326248976,1,"IOTHUB_CLIENT_CONFIRMATION_OK"
9044,10326249132,10326249178,1,"IOTHUB_CLIENT_CONFIRMATION_OK"
9045,10326249332,10326249374,1,"IOTHUB_CLIENT_CONFIRMATION_OK"
9046,10326249532,10326249571,1,"IOTHUB_CLIENT_CONFIRMATION_OK"
9047,10326249732,10326249808,1,"IOTHUB_CLIENT_CONFIRMATION_OK"
9048,10326249933,10326250047,1,"IOTHUB_CLIENT_CONFIRMATION_OK"
9049,10326250133,10326250175,1,"IOTHUB_CLIENT_CONFIRMATION_OK"
9050,10326250333,10326250435,1,"IOTHUB_CLIENT_CONFIRMATION_OK"
9051,10326250533,10326250667,1,"IOTHUB_CLIENT_CONFIRMATION_OK"
9052,10326250733,10326250783,1,"IOTHUB_CLIENT_CONFIRMATION_OK"
9053,10326250933,10326250977,1,"IOTHUB_CLIENT_CONFIRMATION_OK"
9054,10326251134,10326251288,1,"IOTHUB_CLIENT_CONFIRMATION_OK"
9055,10326251334,10326251458,1,"IOTHUB_CLIENT_CONFIRMATION_OK"
9056,10326251534,10326251577,1,"IOTHUB_CLIENT_CONFIRMATION_OK"
9057,10326251734,10326251775,1,"IOTHUB_CLIENT_CONFIRMATION_OK"
9058,10326251934,10326251979,1,"IOTHUB_CLIENT_CONFIRMATION_OK"
9059,10326252134,10326252178,1,"IOTHUB_CLIENT_CONFIRMATION_OK"
9060,10326252335,10326252379,1,"IOTHUB_CLIENT_CONFIRMATION_OK"
9061,10326252535,10326252591,1,"IOTHUB_CLIENT_CONFIRMATION_OK"
9062,10326252735,10326252777,1,"IOTHUB_CLIENT_CONFIRMATION_OK"
9063,10326252935,10326252972,1,"IOTHUB_CLIENT_CONFIRMATION_OK"
9064,10326253135,10326253197,1,"IOTHUB_CLIENT_CONFIRMATION_OK"
9065,10326253335,10326253642,1,"IOTHUB_CLIENT_CONFIRMATION_OK"
9066,10326253536,10326253666,1,"IOTHUB_CLIENT_CONFIRMATION_OK"
9067,10326253736,10326253776,1,"IOTHUB_CLIENT_CONFIRMATION_OK"
9068,10326253936,10326253973,1,"IOTHUB_CLIENT_CONFIRMATION_OK"
9069,10326254136,10326254179,1,"IOTHUB_CLIENT_CONFIRMATION_OK"
9070,10326254336,10326254377,1,"IOTHUB_CLIENT_CONFIRMATION_OK"
9071,10326254537,10326254709,1,"IOTHUB_CLIENT_CONFIRMATION_OK"
9072,10326254737,10326254780,1,"IOTHUB_CLIENT_CONFIRMATION_OK"
9073,10326254937,10326255075,1,"IOTHUB_CLIENT_CONFIRMATION_OK"
9074,10326255137,10326255182,1,"IOTHUB_CLIENT_CONFIRMATION_OK"
9075,10326255337,10326255384,1,"IOTHUB_CLIENT_CONFIRMATION_OK"
9076,10326255537,10326255579,1,"IOTHUB_CLIENT_CONFIRMATION_OK"
9077,10326255737,10326255776,1,"IOTHUB_CLIENT_CONFIRMATION_OK"
9078,10326255938,10326255976,1,"IOTHUB_CLIENT_CONFIRMATION_OK"
9079,10326256138,10326256200,1,"IOTHUB_CLIENT_CONFIRMATION_OK"
9080,10326256338,10326256378,1,"IOTHUB_CLIENT_CONFIRMATION_OK"
9081,10326256538,10326256582,1,"IOTHUB_CLIENT_CONFIRMATION_OK"
9082,10326256738,10326256780,1,"IOTHUB_CLIENT_CONFIRMATION_OK"
9083,10326256938,10326256997,1,"IOTHUB_CLIENT_CONFIRMATION_OK"
9084,10326257139,10326257184,1,"IOTHUB_CLIENT_CONFIRMATION_OK"
9085,10326257339,10326257385,1,"IOTHUB_CLIENT_CONFIRMATION_OK"
9086,10326257539,10326257582,1,"IOTHUB_CLIENT_CONFIRMATION_OK"
9087,10326257739,10326257779,1,"IOTHUB_CLIENT_CONFIRMATION_OK"
9088,10326257939,10326257976,1,"IOTHUB_CLIENT_CONFIRMATION_OK"
9089,10326258139,10326258173,1,"IOTHUB_CLIENT_CONFIRMATION_OK"
9090,10326258340,10326258388,1,"IOTHUB_CLIENT_CONFIRMATION_OK"
9091,10326258540,10326258579,1,"IOTHUB_CLIENT_CONFIRMATION_OK"
9092,10326258740,10326258794,1,"IOTHUB_CLIENT_CONFIRMATION_OK"
9093,10326258940,10326258984,1,"IOTHUB_CLIENT_CONFIRMATION_OK"
9094,10326259140,10326259183,1,"IOTHUB_CLIENT_CONFIRMATION_OK"
9095,10326259340,10326259381,1,"IOTHUB_CLIENT_CONFIRMATION_OK"
9096,10326259541,10326259589,1,"IOTHUB_CLIENT_CONFIRMATION_OK"
9097,10326259741,10326259859,1,"IOTHUB_CLIENT_CONFIRMATION_OK"
9098,10326259941,10326259981,1,"IOTHUB_CLIENT_CONFIRMATION_OK"
9099,10326260141,10326260196,1,"IOTHUB_CLIENT_CONFIRMATION_OK"
9100,10326260341,10326260405,1,"IOTHUB_CLIENT_CONFIRMATION_OK"
9101,10326260542,10326260593,1,"IOTHUB_CLIENT_CONFIRMATION_OK"
9102,10326260742,10326260787,1,"IOTHUB_CLIENT_CONFIRMATION_OK"
9103,10326260942,10326261038,1,"IOTHUB_CLIENT_CONFIRMATION_OK"
9104,10326261142,10326261328,1,"IOTHUB_CLIENT_CONFIRMATION_OK"
9105,10326261342,10326261390,1,"IOTHUB_CLIENT_CONFIRMATION_OK"
9106,10326261542,10326261588,1,"IOTHUB_CLIENT_CONFIRMATION_OK"
9107,10326261742,10326261887,1,"IOTHUB_CLIENT_CONFIRMATION_OK"
9108,10326261943,10326261984,1,"IOTHUB_CLIENT_CONFIRMATION_OK"
9109,10326262143,10326262182,1,"IOTHUB_CLIENT_CONFIRMATION_OK"
9110,10326262343,10326262388,1,"IOTHUB_CLIENT_CONFIRMATION_OK"
9111,10326262543,10326262582,1,"IOTHUB_CLIENT_CONFIRMATION_OK"
9112,10326262743,10326262788,1,"IOTHUB_CLIENT_CONFIRMATION_OK"
9113,10326262943,10326262987,1,"IOTHUB_CLIENT_CONFIRMATION_OK"
9114,10326263144,10326263185,1,"IOTHUB_CLIENT_CONFIRMATION_OK"
9115,10326263344,10326263382,1,"IOTHUB_CLIENT_CONFIRMATION_OK"
9116,10326263544,10326263590,1,"IOTHUB_CLIENT_CONFIRMATION_OK"
9117,10326263744,10326263782,1,"IOTHUB_CLIENT_CONFIRMATION_OK"
9118,10326263944,10326264012,1,"IOTHUB_CLIENT_CONFIRMATION_OK"
9119,10326264144,10326264184,1,"IOTHUB_CLIENT_CONFIRMATION_OK"
9120,10326264345,10326264386,1,"IOTHUB_CLIENT_CONFIRMATION_OK"
9121,10326264545,10326264586,1,"IOTHUB_CLIENT_CONFIRMATION_OK"
9122,10326264745,10326264784,1,"IOTHUB_CLIENT_CONFIRMATION_OK"
9123,10326264945,10326264998,1,"IOTHUB_CLIENT_CONFIRMATION_OK"
9124,10326265145,10326265194,1,"IOTHUB_CLIENT_CONFIRMATION_OK"
9125,10326265345,10326265389,1,"IOTHUB_CLIENT_CONFIRMATION_OK"
9126,10326265545,10326265620,1,"IOTHUB_CLIENT_CONFIRMATION_OK"
9127,10326265746,10326265792,1,"IOTHUB_CLIENT_CONFIRMATION_OK"
9128,10326265946,10326265991,1,"IOTHUB_CLIENT_CONFIRMATION_OK"
9129,10326266146,10326266241,1,"IOTHUB_CLIENT_CONFIRMATION_OK"
9130,10326266346,10326266392,1,"IOTHUB_CLIENT_CONFIRMATION_OK"
9131,10326266546,10326266588,1,"IOTHUB_CLIENT_CONFIRMATION_OK"
9132,10326266746,10326266854,1,"IOTHUB_CLIENT_CONFIRMATION_OK"
9133,10326266947,10326267069,1,"IOTHUB_CLIENT_CONFIRMATION_OK"
9134,10326267147,10326267213,1,"IOTHUB_CLIENT_CONFIRMATION_OK"
9135,10326267347,10326267399,1,"IOTHUB_CLIENT_CONFIRMATION_OK"
9136,10326267547,10326267606,1,"IOTHUB_CLIENT_CONFIRMATION_OK"
9137,10326267747,10326267801,1,"IOTHUB_CLIENT_CONFIRMATION_OK"
9138,10326267947,10326268005,1,"IOTHUB_CLIENT_CONFIRMATION_OK"
9139,10326268147,10326268193,1,"IOTHUB_CLIENT_CONFIRMATION_OK"
9140,10326268348,10326268402,1,"IOTHUB_CLIENT_CONFIRMATION_OK"
9141,10326268548,10326268587,1,"IOTHUB_CLIENT_CONFIRMATION_OK"
9142,10326268748,10326268790,1,"IOTHUB_CLIENT_CONFIRMATION_OK"
9143,10326268948,10326268984,1,"IOTHUB_CLIENT_CONFIRMATION_OK"
9144,10326269148,10326269195,1,"IOTHUB_CLIENT_CONFIRMATION_OK"
9145,10326269348,10326269388,1,"IOTHUB_CLIENT_CONFIRMATION_OK"
9146,10326269549,10326269774,1,"IOTHUB_CLIENT_CONFIRMATION_OK"
9147,10326269749,10326269801,1,"IOTHUB_CLIENT_CONFIRMATION_OK"
9148,10326269949,10326270016,1,"IOTHUB_CLIENT_CONFIRMATION_OK"
9149,10326270149,10326270198,1,"IOTHUB_CLIENT_CONFIRMATION_OK"
9150,10326270349,10326270405,1,"IOTHUB_CLIENT_CONFIRMATION_OK"
9151,10326270549,10326270617,1,"IOTHUB_CLIENT_CONFIRMATION_OK"
9152,10326270749,10326270794,1,"IOTHUB_CLIENT_CONFIRMATION_OK"
9153,10326270950,10326270996,1,"IOTHUB_CLIENT_CONFIRMATION_OK"
9154,10326271150,10326271282,1,"IOTHUB_CLIENT_CONFIRMATION_OK"
9155,10326271350,10326271407,1,"IOTHUB_CLIENT_CONFIRMATION_OK"
9156,10326271550,10326271591,1,"IOTHUB_CLIENT_CONFIRMATION_OK"
9157,10326271750,10326271799,1,"IOTHUB_CLIENT_CONFIRMATION_OK"
9158,10326271950,10326272017,1,"IOTHUB_CLIENT_CONFIRMATION_OK"
9159,10326272151,10326272191,1,"IOTHUB_CLIENT_CONFIRMATION_OK"
9160,10326272351,10326272398,1,"IOTHUB_CLIENT_CONFIRMATION_OK"
9161,10326272551,10326272643,1,"IOTHUB_CLIENT_CONFIRMATION_OK"
9162,10326272751,10326272801,1,"IOTHUB_CLIENT_CONFIRMATION_OK"
9163,10326272951,10326272995,1,"IOTHUB_CLIENT_CONFIRMATION_OK"
9164,10326273151,10326273231,1,"IOTHUB_CLIENT_CONFIRMATION_OK"
9165,10326273352,10326273396,1,"IOTHUB_CLIENT_CONFIRMATION_OK"
9166,10326273552,10326273591,1,"IOTHUB_CLIENT_CONFIRMATION_OK"
9167,10326273752,10326273795,1,"IOTHUB_CLIENT_CONFIRMATION_OK"
9168,10326273952,10326273990,1,"IOTHUB_CLIENT_CONFIRMATION_OK"
9169,10326274152,10326274187,1,"IOTHUB_CLIENT_CONFIRMATION_OK"
9170,10326274352,10326274409,1,"IOTHUB_CLIENT_CONFIRMATION_OK"
9171,10326274553,10326274630,1,"IOTHUB_CLIENT_CONFIRMATION_OK"
9172,10326274753,10326274866,1,"IOTHUB_CLIENT_CONFIRMATION_OK"
9173,10326274953,10326275003,1,"IOTHUB_CLIENT_CONFIRMATION_OK"
9174,10326275153,10326275198,1,"IOTHUB_CLIENT_CONFIRMATION_OK"
9175,10326275353,10326275462,1,"IOTHUB_CLIENT_CONFIRMATION_OK"
9176,10326275554,10326275598,1,"IOTHUB_CLIENT_CONFIRMATION_OK"
9177,10326275754,10326275800,1,"IOTHUB_CLIENT_CONFIRMATION_OK"
9178,10326275954,10326276071,1,"IOTHUB_CLIENT_CONFIRMATION_OK"
9179,10326276154,10326276214,1,"IOTHUB_CLIENT_CONFIRMATION_OK"
9180,10326276354,10326276405,1,"IOTHUB_CLIENT_CONFIRMATION_OK"
9181,10326276554,10326276599,1,"IOTHUB_CLIENT_CONFIRMATION_OK"
9182,10326276754,10326276794,1,"IOTHUB_CLIENT_CONFIRMATION_OK"
9183,10326276955,10326277016,1,"IOTHUB_CLIENT_CONFIRMATION_OK"
9184,10326277155,10326277221,1,"IOTHUB_CLIENT_CONFIRMATION_OK"
9185,10326277355,10326277414,1,"IOTHUB_CLIENT_CONFIRMATION_OK"
9186,10326277555,10326277608,1,"IOTHUB_CLIENT_CONFIRMATION_OK"
9187,10326277755,10326277798,1,"IOTHUB_CLIENT_CONFIRMATION_OK"
9188,10326277955,10326278110,1,"IOTHUB_CLIENT_CONFIRMATION_OK"
9189,10326278155,10326278202,1,"IOTHUB_CLIENT_CONFIRMATION_OK"
9190,10326278356,10326278399,1,"IOTHUB_CLIENT_CONFIRMATION_OK"
9191,10326278556,10326278598,1,"IOTHUB_CLIENT_CONFIRMATION_OK"
9192,10326278756,10326278797,1,"IOTHUB_CLIENT_CONFIRMATION_OK"
9193,10326278956,10326278996,1,"IOTHUB_CLIENT_CONFIRMATION_OK"
9194,10326279156,10326279198,1,"IOTHUB_CLIENT_CONFIRMATION_OK"
9195,10326279357,10326279398,1,"IOTHUB_CLIENT_CONFIRMATION_OK"
9196,10326279557,10326279602,1,"IOTHUB_CLIENT_CONFIRMATION_OK"
9197,10326279757,10326279813,1,"IOTHUB_CLIENT_CONFIRMATION_OK"
9198,10326279957,10326280016,1,"IOTHUB_CLIENT_CONFIRMATION_OK"
9199,10326280157,10326280201,1,"IOTHUB_CLIENT_CONFIRMATION_OK"
9200,10326280357,10326280401,1,"IOTHUB_CLIENT_CONFIRMATION_OK"
9201,10326280558,10326280613,1,"IOTHUB_CLIENT_CONFIRMATION_OK"
9202,10326280758,10326280800,1,"IOTHUB_CLIENT_CONFIRMATION_OK"
9203,10326280958,10326281163,1,"IOTHUB_CLIENT_CONFIRMATION_OK"
9204,10326281158,10326281228,1,"IOTHUB_CLIENT_CONFIRMATION_OK"
9205,10326281358,10326281403,1,"IOTHUB_CLIENT_CONFIRMATION_OK"
9206,10326281559,10326281602,1,"IOTHUB_CLIENT_CONFIRMATION_OK"
9207,10326281759,10326281825,1,"IOTHUB_CLIENT_CONFIRMATION_OK"
9208,10326281959,10326282005,1,"IOTHUB_CLIENT_CONFIRMATION_OK"
9209,10326282159,10326282205,1,"IOTHUB_CLIENT_CONFIRMATION_OK"
9210,10326282359,10326282434,1,"IOTHUB_CLIENT_CONFIRMATION_OK"
9211,10326282560,10326282610,1,"IOTHUB_CLIENT_CONFIRMATION_OK"
9212,10326282760,10326282796,1,"IOTHUB_CLIENT_CONFIRMATION_OK"
9213,10326282960,10326283036,1,"IOTHUB_CLIENT_CONFIRMATION_OK"
9214,10326283160,10326283208,1,"IOTHUB_CLIENT_CONFIRMATION_OK"
9215,10326283360,10326283402,1,"IOTHUB_CLIENT_CONFIRMATION_OK"
9216,10326283560,10326283605,1,"IOTHUB_CLIENT_CONFIRMATION_OK"
9217,10326283761,10326283801,1,"IOTHUB_CLIENT_CONFIRMATION_OK"
9218,10326283961,10326284027,1,"IOTHUB_CLIENT_CONFIRMATION_OK"
9219,10326284161,10326284204,1,"IOTHUB_CLIENT_CONFIRMATION_OK"
9220,10326284361,10326284409,1,"IOTHUB_CLIENT_CONFIRMATION_OK"
9221,10326284561,10326284659,1,"IOTHUB_CLIENT_CONFIRMATION_OK"
9222,10326284761,10326284843,1,"IOTHUB_CLIENT_CONFIRMATION_OK"
9223,10326284962,10326285001,1,"IOTHUB_CLIENT_CONFIRMATION_OK"
9224,10326285162,10326285308,1,"IOTHUB_CLIENT_CONFIRMATION_OK"
9225,10326285362,10326285399,1,"IOTHUB_CLIENT_CONFIRMATION_OK"
9226,10326285562,10326285620,1,"IOTHUB_CLIENT_CONFIRMATION_OK"
9227,10326285762,10326285927,1,"IOTHUB_CLIENT_CONFIRMATION_OK"
9228,10326285962,10326286094,1,"IOTHUB_CLIENT_CONFIRMATION_OK"
9229,10326286163,10326286210,1,"IOTHUB_CLIENT_CONFIRMATION_OK"
9230,10326286363,10326286408,1,"IOTHUB_CLIENT_CONFIRMATION_OK"
9231,10326286563,10326286605,1,"IOTHUB_CLIENT_CONFIRMATION_OK"
9232,10326286763,10326286804,1,"IOTHUB_CLIENT_CONFIRMATION_OK"
9233,10326286963,10326287002,1,"IOTHUB_CLIENT_CONFIRMATION_OK"
9234,10326287163,10326287207,1,"IOTHUB_CLIENT_CONFIRMATION_OK"
9235,10326287364,10326287406,1,"IOTHUB_CLIENT_CONFIRMATION_OK"
9236,10326287564,10326287601,1,"IOTHUB_CLIENT_CONFIRMATION_OK"
9237,10326287764,10326287910,1,"IOTHUB_CLIENT_CONFIRMATION_OK"
9238,10326287964,10326288009,1,"IOTHUB_CLIENT_CONFIRMATION_OK"
9239,10326288164,10326288251,1,"IOTHUB_CLIENT_CONFIRMATION_OK"
9240,10326288365,10326288414,1,"IOTHUB_CLIENT_CONFIRMATION_OK"
9241,10326288565,10326288604,1,"IOTHUB_CLIENT_CONFIRMATION_OK"
9242,10326288765,10326288809,1,"IOTHUB_CLIENT_CONFIRMATION_OK"
9243,10326288965,10326289008,1,"IOTHUB_CLIENT_CONFIRMATION_OK"
9244,10326289165,10326289205,1,"IOTHUB_CLIENT_CONFIRMATION_OK"
9245,10326289365,10326289402,1,"IOTHUB_CLIENT_CONFIRMATION_OK"
9246,10326289565,10326289611,1,"IOTHUB_CLIENT_CONFIRMATION_OK"
9247,10326289766,10326289924,1,"IOTHUB_CLIENT_CONFIRMATION_OK"
9248,10326289966,10326290050,1,"IOTHUB_CLIENT_CONFIRMATION_OK"
9249,10326290166,10326290248,1,"IOTHUB_CLIENT_CONFIRMATION_OK"
9250,10326290366,10326290414,1,"IOTHUB_CLIENT_CONFIRMATION_OK"
9251,10326290566,10326290614,1,"IOTHUB_CLIENT_CONFIRMATION_OK"
9252,10326290767,10326291219,1,"IOTHUB_CLIENT_CONFIRMATION_OK"
9253,10326290967,10326291288,1,"IOTHUB_CLIENT_CONFIRMATION_OK"
9254,10326291167,10326291324,1,"IOTHUB_CLIENT_CONFIRMATION_OK"
9255,10326291367,10326291410,1,"IOTHUB_CLIENT_CONFIRMATION_OK"
9256,10326291567,10326291607,1,"IOTHUB_CLIENT_CONFIRMATION_OK"
9257,10326291767,10326291808,1,"IOTHUB_CLIENT_CONFIRMATION_OK"
9258,10326291968,10326292006,1,"IOTHUB_CLIENT_CONFIRMATION_OK"
9259,10326292168,10326292215,1,"IOTHUB_CLIENT_CONFIRMATION_OK"
9260,10326292368,10326292412,1,"IOTHUB_CLIENT_CONFIRMATION_OK"
9261,10326292568,10326292605,1,"IOTHUB_CLIENT_CONFIRMATION_OK"
9262,10326292768,10326292826,1,"IOTHUB_CLIENT_CONFIRMATION_OK"
9263,10326292968,10326293018,1,"IOTHUB_CLIENT_CONFIRMATION_OK"
9264,10326293169,10326293208,1,"IOTHUB_CLIENT_CONFIRMATION_OK"
9265,10326293369,10326293412,1,"IOTHUB_CLIENT_CONFIRMATION_OK"
9266,10326293569,10326293611,1,"IOTHUB_CLIENT_CONFIRMATION_OK"
9267,10326293769,10326293819,1,"IOTHUB_CLIENT_CONFIRMATION_OK"
9268,10326293969,10326294024,1,"IOTHUB_CLIENT_CONFIRMATION_OK"
9269,10326294169,10326294209,1,"IOTHUB_CLIENT_CONFIRMATION_OK"
9270,10326294370,10326294438,1,"IOTHUB_CLIENT_CONFIRMATION_OK"
9271,10326294570,10326294615,1,"IOTHUB_CLIENT_CONFIRMATION_OK"
9272,10326294770,10326294813,1,"IOTHUB_CLIENT_CONFIRMATION_OK"
9273,10326294970,10326295046,1,"IOTHUB_CLIENT_CONFIRMATION_OK"
9274,10326295170,10326295222,1,"IOTHUB_CLIENT_CONFIRMATION_OK"
9275,10326295370,10326295413,1,"IOTHUB_CLIENT_CONFIRMATION_OK"
9276,10326295571,10326295654,1,"IOTHUB_CLIENT_CONFIRMATION_OK"
9277,10326295771,10326295811,1,"IOTHUB_CLIENT_CONFIRMATION_OK"
9278,10326295971,10326296015,1,"IOTHUB_CLIENT_CONFIRMATION_OK"
9279,10326296171,10326296345,1,"IOTHUB_CLIENT_CONFIRMATION_OK"
9280,10326296371,10326296416,1,"IOTHUB_CLIENT_CONFIRMATION_OK"
9281,10326296571,10326296620,1,"IOTHUB_CLIENT_CONFIRMATION_OK"
9282,10326296771,10326296819,1,"IOTHUB_CLIENT_CONFIRMATION_OK"
9283,10326296972,10326297050,1,"IOTHUB_CLIENT_CONFIRMATION_OK"
9284,10326297172,10326297217,1,"IOTHUB_CLIENT_CONFIRMATION_OK"
9285,10326297372,10326297417,1,"IOTHUB_CLIENT_CONFIRMATION_OK"
9286,10326297572,10326297633,1,"IOTHUB_CLIENT_CONFIRMATION_OK"
9287,10326297772,10326297810,1,"IOTHUB_CLIENT_CONFIRMATION_OK"
9288,10326297972,10326298065,1,"IOTHUB_CLIENT_CONFIRMATION_OK"
9289,10326298173,10326298202,1,"IOTHUB_CLIENT_CONFIRMATION_OK"
9290,10326298373,10326298411,1,"IOTHUB_CLIENT_CONFIRMATION_OK"
9291,10326298573,10326298685,1,"IOTHUB_CLIENT_CONFIRMATION_OK"
9292,10326298773,10326298827,1,"IOTHUB_CLIENT_CONFIRMATION_OK"
9293,10326298973,10326299018,1,"IOTHUB_CLIENT_CONFIRMATION_OK"
9294,10326299174,10326299218,1,"IOTHUB_CLIENT_CONFIRMATION_OK"
9295,10326299374,10326299431,1,"IOTHUB_CLIENT_CONFIRMATION_OK"
9296,10326299574,10326299605,1,"IOTHUB_CLIENT_CONFIRMATION_OK"
9297,10326299774,10326299810,1,"IOTHUB_CLIENT_CONFIRMATION_OK"
9298,10326299974,10326300019,1,"IOTHUB_CLIENT_CONFIRMATION_OK"
9299,10326300174,10326300296,1,"IOTHUB_CLIENT_CONFIRMATION_OK"
9300,10326300374,10326300421,1,"IOTHUB_CLIENT_CONFIRMATION_OK"
9301,10326300575,10326300620,1,"IOTHUB_CLIENT_CONFIRMATION_OK"
9302,10326300775,10326300919,1,"IOTHUB_CLIENT_CONFIRMATION_OK"
9303,10326300975,10326301021,1,"IOTHUB_CLIENT_CONFIRMATION_OK"
9304,10326301175,10326301221,1,"IOTHUB_CLIENT_CONFIRMATION_OK"
9305,10326301375,10326301518,1,"IOTHUB_CLIENT_CONFIRMATION_OK"
9306,10326301576,10326301617,1,"IOTHUB_CLIENT_CONFIRMATION_OK"
9307,10326301776,10326301819,1,"IOTHUB_CLIENT_CONFIRMATION_OK"
9308,10326301976,10326302016,1,"IOTHUB_CLIENT_CONFIRMATION_OK"
9309,10326302176,10326302247,1,"IOTHUB_CLIENT_CONFIRMATION_OK"
9310,10326302377,10326302414,1,"IOTHUB_CLIENT_CONFIRMATION_OK"
9311,10326302577,10326302617,1,"IOTHUB_CLIENT_CONFIRMATION_OK"
9312,10326302777,10326302820,1,"IOTHUB_CLIENT_CONFIRMATION_OK"
9313,10326302977,10326303021,1,"IOTHUB_CLIENT_CONFIRMATION_OK"
9314,10326303177,10326303396,1,"IOTHUB_CLIENT_CONFIRMATION_OK"
9315,10326303377,10326303440,1,"IOTHUB_CLIENT_CONFIRMATION_OK"
9316,10326303577,10326303663,1,"IOTHUB_CLIENT_CONFIRMATION_OK"
9317,10326303778,10326303819,1,"IOTHUB_CLIENT_CONFIRMATION_OK"
9318,10326303978,10326304043,1,"IOTHUB_CLIENT_CONFIRMATION_OK"
9319,10326304178,10326304221,1,"IOTHUB_CLIENT_CONFIRMATION_OK"
9320,10326304378,10326304410,1,"IOTHUB_CLIENT_CONFIRMATION_OK"
9321,10326304578,10326304620,1,"IOTHUB_CLIENT_CONFIRMATION_OK"
9322,10326304778,10326304973,1,"IOTHUB_CLIENT_CONFIRMATION_OK"
9323,10326304979,10326305027,1,"IOTHUB_CLIENT_CONFIRMATION_OK"
9324,10326305179,10326305223,1,"IOTHUB_CLIENT_CONFIRMATION_OK"
9325,10326305379,10326305429,1,"IOTHUB_CLIENT_CONFIRMATION_OK"
9326,10326305579,10326305618,1,"IOTHUB_CLIENT_CONFIRMATION_OK"
9327,10326305779,10326305822,1,"IOTHUB_CLIENT_CONFIRMATION_OK"
9328,10326305979,10326306017,1,"IOTHUB_CLIENT_CONFIRMATION_OK"
9329,10326306180,10326306224,1,"IOTHUB_CLIENT_CONFIRMATION_OK"
9330,10326306380,10326306423,1,"IOTHUB_CLIENT_CONFIRMATION_OK"
9331,10326306580,10326306620,1,"IOTHUB_CLIENT_CONFIRMATION_OK"
9332,10326306780,10326306820,1,"IOTHUB_CLIENT_CONFIRMATION_OK"
9333,10326306980,10326307038,1,"IOTHUB_CLIENT_CONFIRMATION_OK"
9334,10326307180,10326307218,1,"IOTHUB_CLIENT_CONFIRMATION_OK"
9335,10326307380,10326307427,1,"IOTHUB_CLIENT_CONFIRMATION_OK"
9336,10326307581,10326307630,1,"IOTHUB_CLIENT_CONFIRMATION_OK"
9337,10326307781,10326307821,1,"IOTHUB_CLIENT_CONFIRMATION_OK"
9338,10326307981,10326308019,1,"IOTHUB_CLIENT_CONFIRMATION_OK"
9339,10326308181,10326308217,1,"IOTHUB_CLIENT_CONFIRMATION_OK"
9340,10326308381,10326308447,1,"IOTHUB_CLIENT_CONFIRMATION_OK"
9341,10326308581,10326308612,1,"IOTHUB_CLIENT_CONFIRMATION_OK"
9342,10326308782,10326308835,1,"IOTHUB_CLIENT_CONFIRMATION_OK"
9343,10326308982,10326309043,1,"IOTHUB_CLIENT_CONFIRMATION_OK"
9344,10326309182,10326309228,1,"IOTHUB_CLIENT_CONFIRMATION_OK"
9345,10326309382,10326309421,1,"IOTHUB_CLIENT_CONFIRMATION_OK"
9346,10326309582,10326309654,1,"IOTHUB_CLIENT_CONFIRMATION_OK"
9347,10326309782,10326309833,1,"IOTHUB_CLIENT_CONFIRMATION_OK"
9348,10326309982,10326310046,1,"IOTHUB_CLIENT_CONFIRMATION_OK"
9349,10326310183,10326310225,1,"IOTHUB_CLIENT_CONFIRMATION_OK"
9350,10326310383,10326310419,1,"IOTHUB_CLIENT_CONFIRMATION_OK"
9351,10326310583,10326310661,1,"IOTHUB_CLIENT_CONFIRMATION_OK"
9352,10326310783,10326310824,1,"IOTHUB_CLIENT_CONFIRMATION_OK"
9353,10326310983,10326311023,1,"IOTHUB_CLIENT_CONFIRMATION_OK"
9354,10326311183,10326311274,1,"IOTHUB_CLIENT_CONFIRMATION_OK"
9355,10326311384,10326311430,1,"IOTHUB_CLIENT_CONFIRMATION_OK"
9356,10326311584,10326311625,1,"IOTHUB_CLIENT_CONFIRMATION_OK"
9357,10326311784,10326311883,1,"IOTHUB_CLIENT_CONFIRMATION_OK"
9358,10326311984,10326312018,1,"IOTHUB_CLIENT_CONFIRMATION_OK"
9359,10326312184,10326312227,1,"IOTHUB_CLIENT_CONFIRMATION_OK"
9360,10326312385,10326312509,1,"IOTHUB_CLIENT_CONFIRMATION_OK"
9361,10326312585,10326312620,1,"IOTHUB_CLIENT_CONFIRMATION_OK"
9362,10326312785,10326312830,1,"IOTHUB_CLIENT_CONFIRMATION_OK"
9363,10326312985,10326313029,1,"IOTHUB_CLIENT_CONFIRMATION_OK"
9364,10326313185,10326313220,1,"IOTHUB_CLIENT_CONFIRMATION_OK"
9365,10326313385,10326313428,1,"IOTHUB_CLIENT_CONFIRMATION_OK"
9366,10326313585,10326313683,1,"IOTHUB_CLIENT_CONFIRMATION_OK"
9367,10326313786,10326313829,1,"IOTHUB_CLIENT_CONFIRMATION_OK"
9368,10326313986,10326314133,1,"IOTHUB_CLIENT_CONFIRMATION_OK"
9369,10326314186,10326314218,1,"IOTHUB_CLIENT_CONFIRMATION_OK"
9370,10326314386,10326314428,1,"IOTHUB_CLIENT_CONFIRMATION_OK"
9371,10326314586,10326314705,1,"IOTHUB_CLIENT_CONFIRMATION_OK"
9372,10326314786,10326314837,1,"IOTHUB_CLIENT_CONFIRMATION_OK"
9373,10326314987,10326315031,1,"IOTHUB_CLIENT_CONFIRMATION_OK"
9374,10326315187,10326315348,1,"IOTHUB_CLIENT_CONFIRMATION_OK"
9375,10326315387,10326315431,1,"IOTHUB_CLIENT_CONFIRMATION_OK"
9376,10326315587,10326315630,1,"IOTHUB_CLIENT_CONFIRMATION_OK"
9377,10326315787,10326315964,1,"IOTHUB_CLIENT_CONFIRMATION_OK"
9378,10326315987,10326316031,1,"IOTHUB_CLIENT_CONFIRMATION_OK"
9379,10326316188,10326316234,1,"IOTHUB_CLIENT_CONFIRMATION_OK"
9380,10326316388,10326316431,1,"IOTHUB_CLIENT_CONFIRMATION_OK"
9381,10326316588,10326316635,1,"IOTHUB_CLIENT_CONFIRMATION_OK"
9382,10326316788,10326316833,1,"IOTHUB_CLIENT_CONFIRMATION_OK"
9383,10326316989,10326317028,1,"IOTHUB_CLIENT_CONFIRMATION_OK"
9384,10326317189,10326317219,1,"IOTHUB_CLIENT_CONFIRMATION_OK"
9385,10326317389,10326317449,1,"IOTHUB_CLIENT_CONFIRMATION_OK"
9386,10326317589,10326317638,1,"IOTHUB_CLIENT_CONFIRMATION_OK"
9387,10326317789,10326317836,1,"IOTHUB_CLIENT_CONFIRMATION_OK"
9388,10326317989,10326318036,1,"IOTHUB_CLIENT_CONFIRMATION_OK"
9389,10326318190,10326318234,1,"IOTHUB_CLIENT_CONFIRMATION_OK"
9390,10326318390,10326318420,1,"IOTHUB_CLIENT_CONFIRMATION_OK"
9391,10326318590,10326318632,1,"IOTHUB_CLIENT_CONFIRMATION_OK"
9392,10326318790,10326318836,1,"IOTHUB_CLIENT_CONFIRMATION_OK"
9393,10326318990,10326319036,1,"IOTHUB_CLIENT_CONFIRMATION_OK"
9394,10326319190,10326319232,1,"IOTHUB_CLIENT_CONFIRMATION_OK"
9395,10326319390,10326319458,1,"IOTHUB_CLIENT_CONFIRMATION_OK"
9396,10326319591,10326319625,1,"IOTHUB_CLIENT_CONFIRMATION_OK"
9397,10326319791,10326319829,1,"IOTHUB_CLIENT_CONFIRMATION_OK"
9398,10326319991,10326320023,1,"IOTHUB_CLIENT_CONFIRMATION_OK"
9399,10326320191,10326320236,1,"IOTHUB_CLIENT_CONFIRMATION_OK"
9400,10326320391,10326320450,1,"IOTHUB_CLIENT_CONFIRMATION_OK"
9401,10326320592,10326320640,1,"IOTHUB_CLIENT_CONFIRMATION_OK"
9402,10326320792,10326320821,1,"IOTHUB_CLIENT_CONFIRMATION_OK"
9403,10326320992,10326321080,1,"IOTHUB_CLIENT_CONFIRMATION_OK"
9404,10326321192,10326321247,1,"IOTHUB_CLIENT_CONFIRMATION_OK"
9405,10326321392,10326321438,1,"IOTHUB_CLIENT_CONFIRMATION_OK"
9406,10326321592,10326321695,1,"IOTHUB_CLIENT_CONFIRMATION_OK"
9407,10326321793,10326321847,1,"IOTHUB_CLIENT_CONFIRMATION_OK"
9408,10326321993,10326322043,1,"IOTHUB_CLIENT_CONFIRMATION_OK"
9409,10326322193,10326322323,1,"IOTHUB_CLIENT_CONFIRMATION_OK"
9410,10326322393,10326322436,1,"IOTHUB_CLIENT_CONFIRMATION_OK"
9411,10326322593,10326322639,1,"IOTHUB_CLIENT_CONFIRMATION_OK"
9412,10326322793,10326322911,1,"IOTHUB_CLIENT_CONFIRMATION_OK"
9413,10326322993,10326323050,1,"IOTHUB_CLIENT_CONFIRMATION_OK"
9414,10326323194,10326323235,1,"IOTHUB_CLIENT_CONFIRMATION_OK"
9415,10326323394,10326323436,1,"IOTHUB_CLIENT_CONFIRMATION_OK"
9416,10326323594,10326323665,1,"IOTHUB_CLIENT_CONFIRMATION_OK"
9417,10326323794,10326323842,1,"IOTHUB_CLIENT_CONFIRMATION_OK"
9418,10326323994,10326324039,1,"IOTHUB_CLIENT_CONFIRMATION_OK"
9419,10326324194,10326324238,1,"IOTHUB_CLIENT_CONFIRMATION_OK"
9420,10326324395,10326324469,1,"IOTHUB_CLIENT_CONFIRMATION_OK"
9421,10326324595,10326324633,1,"IOTHUB_CLIENT_CONFIRMATION_OK"
9422,10326324795,10326324827,1,"IOTHUB_CLIENT_CONFIRMATION_OK"
9423,10326324995,10326325125,1,"IOTHUB_CLIENT_CONFIRMATION_OK"
9424,10326325195,10326325235,1,"IOTHUB_CLIENT_CONFIRMATION_OK"
9425,10326325395,10326325437,1,"IOTHUB_CLIENT_CONFIRMATION_OK"
9426,10326325596,10326325743,1,"IOTHUB_CLIENT_CONFIRMATION_OK"
9427,10326325796,10326325831,1,"IOTHUB_CLIENT_CONFIRMATION_OK"
9428,10326325996,10326326092,1,"IOTHUB_CLIENT_CONFIRMATION_OK"
9429,10326326196,10326326355,1,"IOTHUB_CLIENT_CONFIRMATION_OK"
9430,10326326396,10326326457,1,"IOTHUB_CLIENT_CONFIRMATION_OK"
9431,10326326596,10326326630,1,"IOTHUB_CLIENT_CONFIRMATION_OK"
9432,10326326797,10326326844,1,"IOTHUB_CLIENT_CONFIRMATION_OK"
9433,10326326997,10326327037,1,"IOTHUB_CLIENT_CONFIRMATION_OK"
9434,10326327197,10326327227,1,"IOTHUB_CLIENT_CONFIRMATION_OK"
9435,10326327397,10326327454,1,"IOTHUB_CLIENT_CONFIRMATION_OK"
9436,10326327597,10326327643,1,"IOTHUB_CLIENT_CONFIRMATION_OK"
9437,10326327798,10326327858,1,"IOTHUB_CLIENT_CONFIRMATION_OK"
9438,10326327998,10326328036,1,"IOTHUB_CLIENT_CONFIRMATION_OK"
9439,10326328198,10326328243,1,"IOTHUB_CLIENT_CONFIRMATION_OK"
9440,10326328398,10326328429,1,"IOTHUB_CLIENT_CONFIRMATION_OK"
9441,10326328598,10326328645,1,"IOTHUB_CLIENT_CONFIRMATION_OK"
9442,10326328798,10326328829,1,"IOTHUB_CLIENT_CONFIRMATION_OK"
9443,10326328998,10326329049,1,"IOTHUB_CLIENT_CONFIRMATION_OK"
9444,10326329199,10326329249,1,"IOTHUB_CLIENT_CONFIRMATION_OK"
9445,10326329399,10326329431,1,"IOTHUB_CLIENT_CONFIRMATION_OK"
9446,10326329599,10326329806,1,"IOTHUB_CLIENT_CONFIRMATION_OK"
9447,10326329799,10326329835,1,"IOTHUB_CLIENT_CONFIRMATION_OK"
9448,10326329999,10326330039,1,"IOTHUB_CLIENT_CONFIRMATION_OK"
9449,10326330200,10326330234,1,"IOTHUB_CLIENT_CONFIRMATION_OK"
9450,10326330400,10326330446,1,"IOTHUB_CLIENT_CONFIRMATION_OK"
9451,10326330600,10326330634,1,"IOTHUB_CLIENT_CONFIRMATION_OK"
9452,10326330800,10326330832,1,"IOTHUB_CLIENT_CONFIRMATION_OK"
9453,10326331000,10326331046,1,"IOTHUB_CLIENT_CONFIRMATION_OK"
9454,10326331201,10326331243,1,"IOTHUB_CLIENT_CONFIRMATION_OK"
9455,10326331401,10326331436,1,"IOTHUB_CLIENT_CONFIRMATION_OK"
9456,10326331601,10326331658,1,"IOTHUB_CLIENT_CONFIRMATION_OK"
9457,10326331801,10326331845,1,"IOTHUB_CLIENT_CONFIRMATION_OK"
9458,10326332001,10326332038,1,"IOTHUB_CLIENT_CONFIRMATION_OK"
9459,10326332201,10326332247,1,"IOTHUB_CLIENT_CONFIRMATION_OK"
9460,10326332401,10326332468,1,"IOTHUB_CLIENT_CONFIRMATION_OK"
9461,10326332602,10326332727,1,"IOTHUB_CLIENT_CONFIRMATION_OK"
9462,10326332802,10326332838,1,"IOTHUB_CLIENT_CONFIRMATION_OK"
9463,10326333002,10326333035,1,"IOTHUB_CLIENT_CONFIRMATION_OK"
9464,10326333202,10326333304,1,"IOTHUB_CLIENT_CONFIRMATION_OK"
9465,10326333402,10326333446,1,"IOTHUB_CLIENT_CONFIRMATION_OK"
9466,10326333603,10326333654,1,"IOTHUB_CLIENT_CONFIRMATION_OK"
9467,10326333803,10326333850,1,"IOTHUB_CLIENT_CONFIRMATION_OK"
9468,10326334003,10326334078,1,"IOTHUB_CLIENT_CONFIRMATION_OK"
9469,10326334203,10326334371,1,"IOTHUB_CLIENT_CONFIRMATION_OK"
9470,10326334403,10326334448,1,"IOTHUB_CLIENT_CONFIRMATION_OK"
9471,10326334603,10326334698,1,"IOTHUB_CLIENT_CONFIRMATION_OK"
9472,10326334803,10326334941,1,"IOTHUB_CLIENT_CONFIRMATION_OK"
9473,10326335004,10326335046,1,"IOTHUB_CLIENT_CONFIRMATION_OK"
9474,10326335204,10326335238,1,"IOTHUB_CLIENT_CONFIRMATION_OK"
9475,10326335404,10326335561,1,"IOTHUB_CLIENT_CONFIRMATION_OK"
9476,10326335604,10326335695,1,"IOTHUB_CLIENT_CONFIRMATION_OK"
9477,10326335805,10326335847,1,"IOTHUB_CLIENT_CONFIRMATION_OK"
9478,10326336005,10326336169,1,"IOTHUB_CLIENT_CONFIRMATION_OK"
9479,10326336205,10326336262,1,"IOTHUB_CLIENT_CONFIRMATION_OK"
9480,10326336405,10326336453,1,"IOTHUB_CLIENT_CONFIRMATION_OK"
9481,10326336606,10326336653,1,"IOTHUB_CLIENT_CONFIRMATION_OK"
9482,10326336806,10326336841,1,"IOTHUB_CLIENT_CONFIRMATION_OK"
9483,10326337006,10326337037,1,"IOTHUB_CLIENT_CONFIRMATION_OK"
9484,10326337206,10326337238,1,"IOTHUB_CLIENT_CONFIRMATION_OK"
9485,10326337406,10326337443,1,"IOTHUB_CLIENT_CONFIRMATION_OK"
9486,10326337606,10326337636,1,"IOTHUB_CLIENT_CONFIRMATION_OK"
9487,10326337807,10326337839,1,"IOTHUB_CLIENT_CONFIRMATION_OK"
9488,10326338007,10326338053,1,"IOTHUB_CLIENT_CONFIRMATION_OK"
9489,10326338207,10326338289,1,"IOTHUB_CLIENT_CONFIRMATION_OK"
9490,10326338407,10326338486,1,"IOTHUB_CLIENT_CONFIRMATION_OK"
9491,10326338607,10326338657,1,"IOTHUB_CLIENT_CONFIRMATION_OK"
9492,10326338808,10326338858,1,"IOTHUB_CLIENT_CONFIRMATION_OK"
9493,10326339008,10326339056,1,"IOTHUB_CLIENT_CONFIRMATION_OK"
9494,10326339208,10326339251,1,"IOTHUB_CLIENT_CONFIRMATION_OK"
9495,10326339408,10326339467,1,"IOTHUB_CLIENT_CONFIRMATION_OK"
9496,10326339608,10326339652,1,"IOTHUB_CLIENT_CONFIRMATION_OK"
9497,10326339808,10326339849,1,"IOTHUB_CLIENT_CONFIRMATION_OK"
9498,10326340008,10326340138,1,"IOTHUB_CLIENT_CONFIRMATION_OK"
9499,10326340209,10326340251,1,"IOTHUB_CLIENT_CONFIRMATION_OK"
9500,10326340409,10326340442,1,"IOTHUB_CLIENT_CONFIRMATION_OK"
9501,10326340609,10326340773,1,"IOTHUB_CLIENT_CONFIRMATION_OK"
9502,10326340809,10326340855,1,"IOTHUB_CLIENT_CONFIRMATION_OK"
9503,10326341009,10326341074,1,"IOTHUB_CLIENT_CONFIRMATION_OK"
9504,10326341209,10326341354,1,"IOTHUB_CLIENT_CONFIRMATION_OK"
9505,10326341410,10326341461,1,"IOTHUB_CLIENT_CONFIRMATION_OK"
9506,10326341610,10326341656,1,"IOTHUB_CLIENT_CONFIRMATION_OK"
9507,10326341810,10326341856,1,"IOTHUB_CLIENT_CONFIRMATION_OK"
9508,10326342010,10326342042,1,"IOTHUB_CLIENT_CONFIRMATION_OK"
9509,10326342210,10326342242,1,"IOTHUB_CLIENT_CONFIRMATION_OK"
9510,10326342411,10326342453,1,"IOTHUB_CLIENT_CONFIRMATION_OK"
9511,10326342611,10326342650,1,"IOTHUB_CLIENT_CONFIRMATION_OK"
9512,10326342811,10326342866,1,"IOTHUB_CLIENT_CONFIRMATION_OK"
9513,10326343011,10326343281,1,"IOTHUB_CLIENT_CONFIRMATION_OK"
9514,10326343211,10326343297,1,"IOTHUB_CLIENT_CONFIRMATION_OK"
9515,10326343411,10326343476,1,"IOTHUB_CLIENT_CONFIRMATION_OK"
9516,10326343611,10326343782,1,"IOTHUB_CLIENT_CONFIRMATION_OK"
9517,10326343812,10326343966,1,"IOTHUB_CLIENT_CONFIRMATION_OK"
9518,10326344012,10326344063,1,"IOTHUB_CLIENT_CONFIRMATION_OK"
9519,10326344212,10326344255,1,"IOTHUB_CLIENT_CONFIRMATION_OK"
9520,10326344412,10326344451,1,"IOTHUB_CLIENT_CONFIRMATION_OK"
9521,10326344612,10326344647,1,"IOTHUB_CLIENT_CONFIRMATION_OK"
9522,10326344812,10326344861,1,"IOTHUB_CLIENT_CONFIRMATION_OK"
9523,10326345013,10326345058,1,"IOTHUB_CLIENT_CONFIRMATION_OK"
9524,10326345213,10326345251,1,"IOTHUB_CLIENT_CONFIRMATION_OK"
9525,10326345413,10326345446,1,"IOTHUB_CLIENT_CONFIRMATION_OK"
9526,10326345613,10326345666,1,"IOTHUB_CLIENT_CONFIRMATION_OK"
9527,10326345813,10326345856,1,"IOTHUB_CLIENT_CONFIRMATION_OK"
9528,10326346013,10326346044,1,"IOTHUB_CLIENT_CONFIRMATION_OK"
9529,10326346214,10326346249,1,"IOTHUB_CLIENT_CONFIRMATION_OK"
9530,10326346414,10326346723,1,"IOTHUB_CLIENT_CONFIRMATION_OK"
9531,10326346614,10326346742,1,"IOTHUB_CLIENT_CONFIRMATION_OK"
9532,10326346814,10326346844,1,"IOTHUB_CLIENT_CONFIRMATION_OK"
9533,10326347014,10326347118,1,"IOTHUB_CLIENT_CONFIRMATION_OK"
9534,10326347215,10326347264,1,"IOTHUB_CLIENT_CONFIRMATION_OK"
9535,10326347415,10326347457,1,"IOTHUB_CLIENT_CONFIRMATION_OK"
9536,10326347615,10326347662,1,"IOTHUB_CLIENT_CONFIRMATION_OK"
9537,10326347815,10326347850,1,"IOTHUB_CLIENT_CONFIRMATION_OK"
9538,10326348015,10326348046,1,"IOTHUB_CLIENT_CONFIRMATION_OK"
9539,10326348215,10326348247,1,"IOTHUB_CLIENT_CONFIRMATION_OK"
9540,10326348416,10326348463,1,"IOTHUB_CLIENT_CONFIRMATION_OK"
9541,10326348616,10326348657,1,"IOTHUB_CLIENT_CONFIRMATION_OK"
9542,10326348816,10326348859,1,"IOTHUB_CLIENT_CONFIRMATION_OK"
9543,10326349016,10326349057,1,"IOTHUB_CLIENT_CONFIRMATION_OK"
9544,10326349216,10326349266,1,"IOTHUB_CLIENT_CONFIRMATION_OK"
9545,10326349417,10326349461,1,"IOTHUB_CLIENT_CONFIRMATION_OK"
9546,10326349617,10326349658,1,"IOTHUB_CLIENT_CONFIRMATION_OK"
9547,10326349817,10326349975,1,"IOTHUB_CLIENT_CONFIRMATION_OK"
9548,10326350017,10326350048,1,"IOTHUB_CLIENT_CONFIRMATION_OK"
9549,10326350217,10326350259,1,"IOTHUB_CLIENT_CONFIRMATION_OK"
9550,10326350418,10326350588,1,"IOTHUB_CLIENT_CONFIRMATION_OK"
9551,10326350618,10326350659,1,"IOTHUB_CLIENT_CONFIRMATION_OK"
9552,10326350818,10326350869,1,"IOTHUB_CLIENT_CONFIRMATION_OK"
9553,10326351018,10326351063,1,"IOTHUB_CLIENT_CONFIRMATION_OK"
9554,10326351218,10326351272,1,"IOTHUB_CLIENT_CONFIRMATION_OK"
9555,10326351419,10326351454,1,"IOTHUB_CLIENT_CONFIRMATION_OK"
9556,10326351619,10326351668,1,"IOTHUB_CLIENT_CONFIRMATION_OK"
9557,10326351819,10326351861,1,"IOTHUB_CLIENT_CONFIRMATION_OK"
9558,10326352019,10326352052,1,"IOTHUB_CLIENT_CONFIRMATION_OK"
9559,10326352219,10326352261,1,"IOTHUB_CLIENT_CONFIRMATION_OK"
9560,10326352419,10326352450,1,"IOTHUB_CLIENT_CONFIRMATION_OK"
9561,10326352620,10326352662,1,"IOTHUB_CLIENT_CONFIRMATION_OK"
9562,10326352820,10326352890,1,"IOTHUB_CLIENT_CONFIRMATION_OK"
9563,10326353020,10326353072,1,"IOTHUB_CLIENT_CONFIRMATION_OK"
9564,10326353220,10326353263,1,"IOTHUB_CLIENT_CONFIRMATION_OK"
9565,10326353420,10326353477,1,"IOTHUB_CLIENT_CONFIRMATION_OK"
9566,10326353620,10326353668,1,"IOTHUB_CLIENT_CONFIRMATION_OK"
9567,10326353821,10326353862,1,"IOTHUB_CLIENT_CONFIRMATION_OK"
9568,10326354021,10326354084,1,"IOTHUB_CLIENT_CONFIRMATION_OK"
9569,10326354221,10326354257,1,"IOTHUB_CLIENT_CONFIRMATION_OK"
9570,10326354421,10326354466,1,"IOTHUB_CLIENT_CONFIRMATION_OK"
9571,10326354621,10326354686,1,"IOTHUB_CLIENT_CONFIRMATION_OK"
9572,10326354821,10326354854,1,"IOTHUB_CLIENT_CONFIRMATION_OK"
9573,10326355021,10326355100,1,"IOTHUB_CLIENT_CONFIRMATION_OK"
9574,10326355222,10326355258,1,"IOTHUB_CLIENT_CONFIRMATION_OK"
9575,10326355422,10326355455,1,"IOTHUB_CLIENT_CONFIRMATION_OK"
9576,10326355622,10326355723,1,"IOTHUB_CLIENT_CONFIRMATION_OK"
9577,10326355822,10326355863,1,"IOTHUB_CLIENT_CONFIRMATION_OK"
9578,10326356022,10326356063,1,"IOTHUB_CLIENT_CONFIRMATION_OK"
9579,10326356222,10326356327,1,"IOTHUB_CLIENT_CONFIRMATION_OK"
9580,10326356423,10326356452,1,"IOTHUB_CLIENT_CONFIRMATION_OK"
9581,10326356623,10326356666,1,"IOTHUB_CLIENT_CONFIRMATION_OK"
9582,10326356823,10326356956,1,"IOTHUB_CLIENT_CONFIRMATION_OK"
9583,10326357023,10326357073,1,"IOTHUB_CLIENT_CONFIRMATION_OK"
9584,10326357224,10326357255,1,"IOTHUB_CLIENT_CONFIRMATION_OK"
9585,10326357424,10326357562,1,"IOTHUB_CLIENT_CONFIRMATION_OK"
9586,10326357624,10326357675,1,"IOTHUB_CLIENT_CONFIRMATION_OK"
9587,10326357824,10326357891,1,"IOTHUB_CLIENT_CONFIRMATION_OK"
9588,10326358024,10326358067,1,"IOTHUB_CLIENT_CONFIRMATION_OK"
9589,10326358224,10326358269,1,"IOTHUB_CLIENT_CONFIRMATION_OK"
9590,10326358425,10326358464,1,"IOTHUB_CLIENT_CONFIRMATION_OK"
9591,10326358625,10326358676,1,"IOTHUB_CLIENT_CONFIRMATION_OK"
9592,10326358825,10326358869,1,"IOTHUB_CLIENT_CONFIRMATION_OK"
9593,10326359025,10326359064,1,"IOTHUB_CLIENT_CONFIRMATION_OK"
9594,10326359225,10326359268,1,"IOTHUB_CLIENT_CONFIRMATION_OK"
9595,10326359425,10326359474,1,"IOTHUB_CLIENT_CONFIRMATION_OK"
9596,10326359626,10326359769,1,"IOTHUB_CLIENT_CONFIRMATION_OK"
9597,10326359826,10326359859,1,"IOTHUB_CLIENT_CONFIRMATION_OK"
9598,10326360026,10326360076,1,"IOTHUB_CLIENT_CONFIRMATION_OK"
9599,10326360226,10326360481,1,"IOTHUB_CLIENT_CONFIRMATION_OK"
9600,10326360426,10326360534,1,"IOTHUB_CLIENT_CONFIRMATION_OK"
9601,10326360627,10326360672,1,"IOTHUB_CLIENT_CONFIRMATION_OK"
9602,10326360827,10326360872,1,"IOTHUB_CLIENT_CONFIRMATION_OK"
9603,10326361027,10326361072,1,"IOTHUB_CLIENT_CONFIRMATION_OK"
9604,10326361227,10326361274,1,"IOTHUB_CLIENT_CONFIRMATION_OK"
9605,10326361427,10326361496,1,"IOTHUB_CLIENT_CONFIRMATION_OK"
9606,10326361627,10326361677,1,"IOTHUB_CLIENT_CONFIRMATION_OK"
9607,10326361828,10326361869,1,"IOTHUB_CLIENT_CONFIRMATION_OK"
9608,10326362028,10326362089,1,"IOTHUB_CLIENT_CONFIRMATION_OK"
9609,10326362228,10326362272,1,"IOTHUB_CLIENT_CONFIRMATION_OK"
9610,10326362428,10326362465,1,"IOTHUB_CLIENT_CONFIRMATION_OK"
9611,10326362628,10326362672,1,"IOTHUB_CLIENT_CONFIRMATION_OK"
9612,10326362828,10326362870,1,"IOTHUB_CLIENT_CONFIRMATION_OK"
9613,10326363029,10326363064,1,"IOTHUB_CLIENT_CONFIRMATION_OK"
9614,10326363229,10326363267,1,"IOTHUB_CLIENT_CONFIRMATION_OK"
9615,10326363429,10326363474,1,"IOTHUB_CLIENT_CONFIRMATION_OK"
9616,10326363629,10326363674,1,"IOTHUB_CLIENT_CONFIRMATION_OK"
9617,10326363829,10326363887,1,"IOTHUB_CLIENT_CONFIRMATION_OK"
9618,10326364029,10326364081,1,"IOTHUB_CLIENT_CONFIRMATION_OK"
9619,10326364230,10326364259,1,"IOTHUB_CLIENT_CONFIRMATION_OK"
9620,10326364430,10326364479,1,"IOTHUB_CLIENT_CONFIRMATION_OK"
9621,10326364630,10326364667,1,"IOTHUB_CLIENT_CONFIRMATION_OK"
9622,10326364830,10326364915,1,"IOTHUB_CLIENT_CONFIRMATION_OK"
9623,10326365030,10326365069,1,"IOTHUB_CLIENT_CONFIRMATION_OK"
9624,10326365230,10326365261,1,"IOTHUB_CLIENT_CONFIRMATION_OK"
9625,10326365430,10326365529,1,"IOTHUB_CLIENT_CONFIRMATION_OK"
9626,10326365631,10326365676,1,"IOTHUB_CLIENT_CONFIRMATION_OK"
9627,10326365831,10326365922,1,"IOTHUB_CLIENT_CONFIRMATION_OK"
9628,10326366031,10326366126,1,"IOTHUB_CLIENT_CONFIRMATION_OK"
9629,10326366231,10326366262,1,"IOTHUB_CLIENT_CONFIRMATION_OK"
9630,10326366431,10326366471,1,"IOTHUB_CLIENT_CONFIRMATION_OK"
9631,10326366632,10326366723,1,"IOTHUB_CLIENT_CONFIRMATION_OK"
9632,10326366832,10326366887,1,"IOTHUB_CLIENT_CONFIRMATION_OK"
9633,10326367032,10326367063,1,"IOTHUB_CLIENT_CONFIRMATION_OK"
9634,10326367232,10326367332,1,"IOTHUB_CLIENT_CONFIRMATION_OK"
9635,10326367432,10326367467,1,"IOTHUB_CLIENT_CONFIRMATION_OK"
9636,10326367632,10326367680,1,"IOTHUB_CLIENT_CONFIRMATION_OK"
9637,10326367832,10326367868,1,"IOTHUB_CLIENT_CONFIRMATION_OK"
9638,10326368033,10326368103,1,"IOTHUB_CLIENT_CONFIRMATION_OK"
9639,10326368233,10326368267,1,"IOTHUB_CLIENT_CONFIRMATION_OK"
9640,10326368433,10326368475,1,"IOTHUB_CLIENT_CONFIRMATION_OK"
9641,10326368633,10326368677,1,"IOTHUB_CLIENT_CONFIRMATION_OK"
9642,10326368833,10326368865,1,"IOTHUB_CLIENT_CONFIRMATION_OK"
9643,10326369033,10326369065,1,"IOTHUB_CLIENT_CONFIRMATION_OK"
9644,10326369234,10326369348,1,"IOTHUB_CLIENT_CONFIRMATION_OK"
9645,10326369434,10326369492,1,"IOTHUB_CLIENT_CONFIRMATION_OK"
9646,10326369634,10326369747,1,"IOTHUB_CLIENT_CONFIRMATION_OK"
9647,10326369834,10326369890,1,"IOTHUB_CLIENT_CONFIRMATION_OK"
9648,10326370034,10326370996,1,"IOTHUB_CLIENT_CONFIRMATION_OK"
9649,10326370234,10326371079,1,"IOTHUB_CLIENT_CONFIRMATION_OK"
9650,10326370435,10326371104,1,"IOTHUB_CLIENT_CONFIRMATION_OK"
9651,10326370635,10326371132,1,"IOTHUB_CLIENT_CONFIRMATION_OK"
9652,10326370835,10326371160,1,"IOTHUB_CLIENT_CONFIRMATION_OK"
9653,10326371035,10326371188,1,"IOTHUB_CLIENT_CONFIRMATION_OK"
9654,10326371235,10326371282,1,"IOTHUB_CLIENT_CONFIRMATION_OK"
9655,10326371435,10326371537,1,"IOTHUB_CLIENT_CONFIRMATION_OK"
9656,10326371636,10326371668,1,"IOTHUB_CLIENT_CONFIRMATION_OK"
9657,10326371836,10326371868,1,"IOTHUB_CLIENT_CONFIRMATION_OK"
9658,10326372036,10326372080,1,"IOTHUB_CLIENT_CONFIRMATION_OK"
9659,10326372236,10326372279,1,"IOTHUB_CLIENT_CONFIRMATION_OK"
9660,10326372437,10326372485,1,"IOTHUB_CLIENT_CONFIRMATION_OK"
9661,10326372637,10326372674,1,"IOTHUB_CLIENT_CONFIRMATION_OK"
9662,10326372837,10326372872,1,"IOTHUB_CLIENT_CONFIRMATION_OK"
9663,10326373037,10326373084,1,"IOTHUB_CLIENT_CONFIRMATION_OK"
9664,10326373237,10326373345,1,"IOTHUB_CLIENT_CONFIRMATION_OK"
9665,10326373438,10326373485,1,"IOTHUB_CLIENT_CONFIRMATION_OK"
9666,10326373638,10326373683,1,"IOTHUB_CLIENT_CONFIRMATION_OK"
9667,10326373838,10326373929,1,"IOTHUB_CLIENT_CONFIRMATION_OK"
9668,10326374038,10326374073,1,"IOTHUB_CLIENT_CONFIRMATION_OK"
9669,10326374238,10326374271,1,"IOTHUB_CLIENT_CONFIRMATION_OK"
9670,10326374438,10326374502,1,"IOTHUB_CLIENT_CONFIRMATION_OK"
9671,10326374638,10326374855,1,"IOTHUB_CLIENT_CONFIRMATION_OK"
9672,10326374839,10326374883,1,"IOTHUB_CLIENT_CONFIRMATION_OK"
9673,10326375039,10326375080,1,"IOTHUB_CLIENT_CONFIRMATION_OK"
9674,10326375239,10326375272,1,"IOTHUB_CLIENT_CONFIRMATION_OK"
9675,10326375439,10326375668,1,"IOTHUB_CLIENT_CONFIRMATION_OK"
9676,10326375640,10326375843,1,"IOTHUB_CLIENT_CONFIRMATION_OK"
9677,10326375840,10326375920,1,"IOTHUB_CLIENT_CONFIRMATION_OK"
9678,10326376040,10326376081,1,"IOTHUB_CLIENT_CONFIRMATION_OK"
9679,10326376240,10326376319,1,"IOTHUB_CLIENT_CONFIRMATION_OK"
9680,10326376441,10326376567,1,"IOTHUB_CLIENT_CONFIRMATION_OK"
9681,10326376641,10326376727,1,"IOTHUB_CLIENT_CONFIRMATION_OK"
9682,10326376841,10326376889,1,"IOTHUB_CLIENT_CONFIRMATION_OK"
9683,10326377041,10326377146,1,"IOTHUB_CLIENT_CONFIRMATION_OK"
9684,10326377241,10326377315,1,"IOTHUB_CLIENT_CONFIRMATION_OK"
9685,10326377441,10326377489,1,"IOTHUB_CLIENT_CONFIRMATION_OK"
9686,10326377642,10326377711,1,"IOTHUB_CLIENT_CONFIRMATION_OK"
9687,10326377842,10326377904,1,"IOTHUB_CLIENT_CONFIRMATION_OK"
9688,10326378042,10326378105,1,"IOTHUB_CLIENT_CONFIRMATION_OK"
9689,10326378242,10326378317,1,"IOTHUB_CLIENT_CONFIRMATION_OK"
9690,10326378442,10326378482,1,"IOTHUB_CLIENT_CONFIRMATION_OK"
9691,10326378642,10326378688,1,"IOTHUB_CLIENT_CONFIRMATION_OK"
9692,10326378842,10326378890,1,"IOTHUB_CLIENT_CONFIRMATION_OK"
9693,10326379043,10326379084,1,"IOTHUB_CLIENT_CONFIRMATION_OK"
9694,10326379243,10326379286,1,"IOTHUB_CLIENT_CONFIRMATION_OK"
9695,10326379443,10326379489,1,"IOTHUB_CLIENT_CONFIRMATION_OK"
9696,10326379643,10326379691,1,"IOTHUB_CLIENT_CONFIRMATION_OK"
9697,10326379843,10326379969,1,"IOTHUB_CLIENT_CONFIRMATION_OK"
9698,10326380043,10326380126,1,"IOTHUB_CLIENT_CONFIRMATION_OK"
9699,10326380244,10326380285,1,"IOTHUB_CLIENT_CONFIRMATION_OK"
9700,10326380444,10326380488,1,"IOTHUB_CLIENT_CONFIRMATION_OK"
9701,10326380644,10326380715,1,"IOTHUB_CLIENT_CONFIRMATION_OK"
9702,10326380844,10326380910,1,"IOTHUB_CLIENT_CONFIRMATION_OK"
9703,10326381044,10326381160,1,"IOTHUB_CLIENT_CONFIRMATION_OK"
9704,10326381244,10326381303,1,"IOTHUB_CLIENT_CONFIRMATION_OK"
9705,10326381444,10326381486,1,"IOTHUB_CLIENT_CONFIRMATION_OK"
9706,10326381645,10326381684,1,"IOTHUB_CLIENT_CONFIRMATION_OK"
9707,10326381845,10326381892,1,"IOTHUB_CLIENT_CONFIRMATION_OK"
9708,10326382045,10326382090,1,"IOTHUB_CLIENT_CONFIRMATION_OK"
9709,10326382245,10326382297,1,"IOTHUB_CLIENT_CONFIRMATION_OK"
9710,10326382445,10326382513,1,"IOTHUB_CLIENT_CONFIRMATION_OK"
9711,10326382645,10326382680,1,"IOTHUB_CLIENT_CONFIRMATION_OK"
9712,10326382845,10326382915,1,"IOTHUB_CLIENT_CONFIRMATION_OK"
9713,10326383046,10326383092,1,"IOTHUB_CLIENT_CONFIRMATION_OK"
9714,10326383246,10326383295,1,"IOTHUB_CLIENT_CONFIRMATION_OK"
9715,10326383446,10326383605,1,"IOTHUB_CLIENT_CONFIRMATION_OK"
9716,10326383646,10326383694,1,"IOTHUB_CLIENT_CONFIRMATION_OK"
9717,10326383846,10326383896,1,"IOTHUB_CLIENT_CONFIRMATION_OK"
9718,10326384046,10326384113,1,"IOTHUB_CLIENT_CONFIRMATION_OK"
9719,10326384247,10326384290,1,"IOTHUB_CLIENT_CONFIRMATION_OK"
9720,10326384447,10326384491,1,"IOTHUB_CLIENT_CONFIRMATION_OK"
9721,10326384647,10326384686,1,"IOTHUB_CLIENT_CONFIRMATION_OK"
9722,10326384847,10326384876,1,"IOTHUB_CLIENT_CONFIRMATION_OK"
9723,10326385047,10326385153,1,"IOTHUB_CLIENT_CONFIRMATION_OK"
9724,10326385247,10326385293,1,"IOTHUB_CLIENT_CONFIRMATION_OK"
9725,10326385448,10326385640,1,"IOTHUB_CLIENT_CONFIRMATION_OK"
9726,10326385648,10326385763,1,"IOTHUB_CLIENT_CONFIRMATION_OK"
9727,10326385848,10326385893,1,"IOTHUB_CLIENT_CONFIRMATION_OK"
9728,10326386048,10326386088,1,"IOTHUB_CLIENT_CONFIRMATION_OK"
9729,10326386248,10326386366,1,"IOTHUB_CLIENT_CONFIRMATION_OK"
9730,10326386448,10326386477,1,"IOTHUB_CLIENT_CONFIRMATION_OK"
9731,10326386649,10326386687,1,"IOTHUB_CLIENT_CONFIRMATION_OK"
9732,10326386849,10326387019,1,"IOTHUB_CLIENT_CONFIRMATION_OK"
9733,10326387049,10326387095,1,"IOTHUB_CLIENT_CONFIRMATION_OK"
9734,10326387249,10326387296,1,"IOTHUB_CLIENT_CONFIRMATION_OK"
9735,10326387449,10326387496,1,"IOTHUB_CLIENT_CONFIRMATION_OK"
9736,10326387649,10326387697,1,"IOTHUB_CLIENT_CONFIRMATION_OK"
9737,10326387850,10326387884,1,"IOTHUB_CLIENT_CONFIRMATION_OK"
9738,10326388050,10326388095,1,"IOTHUB_CLIENT_CONFIRMATION_OK"
9739,10326388250,10326388299,1,"IOTHUB_CLIENT_CONFIRMATION_OK"
9740,10326388450,10326388515,1,"IOTHUB_CLIENT_CONFIRMATION_OK"
9741,10326388650,10326388697,1,"IOTHUB_CLIENT_CONFIRMATION_OK"
9742,10326388851,10326388896,1,"IOTHUB_CLIENT_CONFIRMATION_OK"
9743,10326389051,10326389338,1,"IOTHUB_CLIENT_CONFIRMATION_OK"
9744,10326389251,10326389359,1,"IOTHUB_CLIENT_CONFIRMATION_OK"
9745,10326389451,10326389506,1,"IOTHUB_CLIENT_CONFIRMATION_OK"
9746,10326389651,10326389692,1,"IOTHUB_CLIENT_CONFIRMATION_OK"
9747,10326389851,10326389900,1,"IOTHUB_CLIENT_CONFIRMATION_OK"
9748,10326390052,10326390094,1,"IOTHUB_CLIENT_CONFIRMATION_OK"
9749,10326390252,10326390379,1,"IOTHUB_CLIENT_CONFIRMATION_OK"
9750,10326390452,10326390496,1,"IOTHUB_CLIENT_CONFIRMATION_OK"
9751,10326390652,10326390707,1,"IOTHUB_CLIENT_CONFIRMATION_OK"
9752,10326390853,10326391007,1,"IOTHUB_CLIENT_CONFIRMATION_OK"
9753,10326391053,10326391096,1,"IOTHUB_CLIENT_CONFIRMATION_OK"
9754,10326391253,10326391298,1,"IOTHUB_CLIENT_CONFIRMATION_OK"
9755,10326391453,10326391598,1,"IOTHUB_CLIENT_CONFIRMATION_OK"
9756,10326391653,10326391698,1,"IOTHUB_CLIENT_CONFIRMATION_OK"
9757,10326391853,10326391902,1,"IOTHUB_CLIENT_CONFIRMATION_OK"
9758,10326392053,10326392110,1,"IOTHUB_CLIENT_CONFIRMATION_OK"
9759,10326392254,10326392285,1,"IOTHUB_CLIENT_CONFIRMATION_OK"
9760,10326392454,10326392494,1,"IOTHUB_CLIENT_CONFIRMATION_OK"
9761,10326392654,10326392737,1,"IOTHUB_CLIENT_CONFIRMATION_OK"
9762,10326392854,10326392909,1,"IOTHUB_CLIENT_CONFIRMATION_OK"
9763,10326393054,10326393105,1,"IOTHUB_CLIENT_CONFIRMATION_OK"
9764,10326393254,10326393297,1,"IOTHUB_CLIENT_CONFIRMATION_OK"
9765,10326393455,10326393511,1,"IOTHUB_CLIENT_CONFIRMATION_OK"
9766,10326393655,10326393697,1,"IOTHUB_CLIENT_CONFIRMATION_OK"
9767,10326393855,10326393907,1,"IOTHUB_CLIENT_CONFIRMATION_OK"
9768,10326394055,10326394141,1,"IOTHUB_CLIENT_CONFIRMATION_OK"
9769,10326394255,10326394297,1,"IOTHUB_CLIENT_CONFIRMATION_OK"
9770,10326394456,10326394500,1,"IOTHUB_CLIENT_CONFIRMATION_OK"
9771,10326394656,10326394686,1,"IOTHUB_CLIENT_CONFIRMATION_OK"
9772,10326394856,10326395052,1,"IOTHUB_CLIENT_CONFIRMATION_OK"
9773,10326395056,10326395101,1,"IOTHUB_CLIENT_CONFIRMATION_OK"
9774,10326395256,10326395323,1,"IOTHUB_CLIENT_CONFIRMATION_OK"
9775,10326395456,10326395490,1,"IOTHUB_CLIENT_CONFIRMATION_OK"
9776,10326395656,10326395696,1,"IOTHUB_CLIENT_CONFIRMATION_OK"
9777,10326395857,10326395902,1,"IOTHUB_CLIENT_CONFIRMATION_OK"
9778,10326396057,10326396097,1,"IOTHUB_CLIENT_CONFIRMATION_OK"
9779,10326396257,10326396376,1,"IOTHUB_CLIENT_CONFIRMATION_OK"
9780,10326396457,10326396495,1,"IOTHUB_CLIENT_CONFIRMATION_OK"
9781,10326396657,10326396702,1,"IOTHUB_CLIENT_CONFIRMATION_OK"
9782,10326396858,10326396902,1,"IOTHUB_CLIENT_CONFIRMATION_OK"
9783,10326397058,10326397103,1,"IOTHUB_CLIENT_CONFIRMATION_OK"
9784,10326397258,10326397328,1,"IOTHUB_CLIENT_CONFIRMATION_OK"
9785,10326397458,10326397501,1,"IOTHUB_CLIENT_CONFIRMATION_OK"
9786,10326397658,10326397702,1,"IOTHUB_CLIENT_CONFIRMATION_OK"
9787,10326397858,10326397933,1,"IOTHUB_CLIENT_CONFIRMATION_OK"
9788,10326398059,10326398089,1,"IOTHUB_CLIENT_CONFIRMATION_OK"
9789,10326398259,10326398298,1,"IOTHUB_CLIENT_CONFIRMATION_OK"
9790,10326398459,10326398504,1,"IOTHUB_CLIENT_CONFIRMATION_OK"
9791,10326398659,10326398711,1,"IOTHUB_CLIENT_CONFIRMATION_OK"
9792,10326398860,10326398934,1,"IOTHUB_CLIENT_CONFIRMATION_OK"
9793,10326399060,10326399111,1,"IOTHUB_CLIENT_CONFIRMATION_OK"
9794,10326399260,10326399304,1,"IOTHUB_CLIENT_CONFIRMATION_OK"
9795,10326399460,10326399514,1,"IOTHUB_CLIENT_CONFIRMATION_OK"
9796,10326399660,10326399701,1,"IOTHUB_CLIENT_CONFIRMATION_OK"
9797,10326399860,10326399903,1,"IOTHUB_CLIENT_CONFIRMATION_OK"
9798,10326400060,10326400170,1,"IOTHUB_CLIENT_CONFIRMATION_OK"
9799,10326400261,10326400344,1,"IOTHUB_CLIENT_CONFIRMATION_OK"
9800,10326400461,10326400509,1,"IOTHUB_CLIENT_CONFIRMATION_OK"
9801,10326400661,10326400788,1,"IOTHUB_CLIENT_CONFIRMATION_OK"
9802,10326400861,10326400908,1,"IOTHUB_CLIENT_CONFIRMATION_OK"
9803,10326401061,10326401109,1,"IOTHUB_CLIENT_CONFIRMATION_OK"
9804,10326401261,10326401433,1,"IOTHUB_CLIENT_CONFIRMATION_OK"
9805,10326401461,10326401509,1,"IOTHUB_CLIENT_CONFIRMATION_OK"
9806,10326401662,10326401706,1,"IOTHUB_CLIENT_CONFIRMATION_OK"
9807,10326401862,10326401921,1,"IOTHUB_CLIENT_CONFIRMATION_OK"
9808,10326402062,10326402106,1,"IOTHUB_CLIENT_CONFIRMATION_OK"
9809,10326402262,10326402306,1,"IOTHUB_CLIENT_CONFIRMATION_OK"
9810,10326402462,10326402523,1,"IOTHUB_CLIENT_CONFIRMATION_OK"
9811,10326402662,10326402707,1,"IOTHUB_CLIENT_CONFIRMATION_OK"
9812,10326402862,10326402910,1,"IOTHUB_CLIENT_CONFIRMATION_OK"
9813,10326403063,10326403134,1,"IOTHUB_CLIENT_CONFIRMATION_OK"
9814,10326403263,10326403314,1,"IOTHUB_CLIENT_CONFIRMATION_OK"
9815,10326403463,10326403510,1,"IOTHUB_CLIENT_CONFIRMATION_OK"
9816,10326403663,10326403710,1,"IOTHUB_CLIENT_CONFIRMATION_OK"
9817,10326403863,10326403895,1,"IOTHUB_CLIENT_CONFIRMATION_OK"
9818,10326404063,10326404106,1,"IOTHUB_CLIENT_CONFIRMATION_OK"
9819,10326404264,10326404305,1,"IOTHUB_CLIENT_CONFIRMATION_OK"
9820,10326404464,10326404526,1,"IOTHUB_CLIENT_CONFIRMATION_OK"
9821,10326404664,10326404708,1,"IOTHUB_CLIENT_CONFIRMATION_OK"
9822,10326404864,10326404939,1,"IOTHUB_CLIENT_CONFIRMATION_OK"
9823,10326405064,10326405109,1,"IOTHUB_CLIENT_CONFIRMATION_OK"
9824,10326405264,10326405412,1,"IOTHUB_CLIENT_CONFIRMATION_OK"
9825,10326405465,10326405514,1,"IOTHUB_CLIENT_CONFIRMATION_OK"
9826,10326405665,10326405717,1,"IOTHUB_CLIENT_CONFIRMATION_OK"
9827,10326405865,10326406012,1,"IOTHUB_CLIENT_CONFIRMATION_OK"
9828,10326406065,10326406108,1,"IOTHUB_CLIENT_CONFIRMATION_OK"
9829,10326406265,10326406311,1,"IOTHUB_CLIENT_CONFIRMATION_OK"
9830,10326406466,10326406599,1,"IOTHUB_CLIENT_CONFIRMATION_OK"
9831,10326406666,10326406712,1,"IOTHUB_CLIENT_CONFIRMATION_OK"
9832,10326406866,10326406908,1,"IOTHUB_CLIENT_CONFIRMATION_OK"
9833,10326407066,10326407108,1,"IOTHUB_CLIENT_CONFIRMATION_OK"
9834,10326407267,10326407320,1,"IOTHUB_CLIENT_CONFIRMATION_OK"
9835,10326407467,10326407511,1,"IOTHUB_CLIENT_CONFIRMATION_OK"
9836,10326407667,10326407843,1,"IOTHUB_CLIENT_CONFIRMATION_OK"
9837,10326407867,10326407908,1,"IOTHUB_CLIENT_CONFIRMATION_OK"
9838,10326408067,10326408109,1,"IOTHUB_CLIENT_CONFIRMATION_OK"
9839,10326408267,10326408304,1,"IOTHUB_CLIENT_CONFIRMATION_OK"
9840,10326408467,10326408518,1,"IOTHUB_CLIENT_CONFIRMATION_OK"
9841,10326408668,10326408699,1,"IOTHUB_CLIENT_CONFIRMATION_OK"
9842,10326408868,10326408916,1,"IOTHUB_CLIENT_CONFIRMATION_OK"
9843,10326409068,10326409111,1,"IOTHUB_CLIENT_CONFIRMATION_OK"
9844,10326409268,10326409348,1,"IOTHUB_CLIENT_CONFIRMATION_OK"
9845,10326409468,10326409506,1,"IOTHUB_CLIENT_CONFIRMATION_OK"
9846,10326409668,10326409730,1,"IOTHUB_CLIENT_CONFIRMATION_OK"
9847,10326409869,10326409962,1,"IOTHUB_CLIENT_CONFIRMATION_OK"
9848,10326410069,10326410115,1,"IOTHUB_CLIENT_CONFIRMATION_OK"
9849,10326410269,10326410345,1,"IOTHUB_CLIENT_CONFIRMATION_OK"
9850,10326410469,10326410523,1,"IOTHUB_CLIENT_CONFIRMATION_OK"
9851,10326410669,10326410711,1,"IOTHUB_CLIENT_CONFIRMATION_OK"
9852,10326410869,10326410901,1,"IOTHUB_CLIENT_CONFIRMATION_OK"
9853,10326411069,10326411123,1,"IOTHUB_CLIENT_CONFIRMATION_OK"
9854,10326411270,10326411316,1,"IOTHUB_CLIENT_CONFIRMATION_OK"
9855,10326411470,10326411514,1,"IOTHUB_CLIENT_CONFIRMATION_OK"
9856,10326411670,10326411745,1,"IOTHUB_CLIENT_CONFIRMATION_OK"
9857,10326411870,10326411913,1,"IOTHUB_CLIENT_CONFIRMATION_OK"
9858,10326412070,10326412116,1,"IOTHUB_CLIENT_CONFIRMATION_OK"
9859,10326412271,10326412369,1,"IOTHUB_CLIENT_CONFIRMATION_OK"
9860,10326412471,10326412516,1,"IOTHUB_CLIENT_CONFIRMATION_OK"
9861,10326412671,10326412703,1,"IOTHUB_CLIENT_CONFIRMATION_OK"
9862,10326412871,10326412975,1,"IOTHUB_CLIENT_CONFIRMATION_OK"
9863,10326413071,10326413104,1,"IOTHUB_CLIENT_CONFIRMATION_OK"
9864,10326413271,10326413314,1,"IOTHUB_CLIENT_CONFIRMATION_OK"
9865,10326413471,10326413506,1,"IOTHUB_CLIENT_CONFIRMATION_OK"
9866,10326413672,10326413794,1,"IOTHUB_CLIENT_CONFIRMATION_OK"
9867,10326413872,10326413916,1,"IOTHUB_CLIENT_CONFIRMATION_OK"
9868,10326414072,10326414119,1,"IOTHUB_CLIENT_CONFIRMATION_OK"
9869,10326414272,10326414329,1,"IOTHUB_CLIENT_CONFIRMATION_OK"
9870,10326414473,10326414502,1,"IOTHUB_CLIENT_CONFIRMATION_OK"
9871,10326414673,10326414715,1,"IOTHUB_CLIENT_CONFIRMATION_OK"
9872,10326414873,10326414910,1,"IOTHUB_CLIENT_CONFIRMATION_OK"
9873,10326415073,10326415205,1,"IOTHUB_CLIENT_CONFIRMATION_OK"
9874,10326415273,10326415346,1,"IOTHUB_CLIENT_CONFIRMATION_OK"
9875,10326415473,10326415533,1,"IOTHUB_CLIENT_CONFIRMATION_OK"
9876,10326415674,10326415823,1,"IOTHUB_CLIENT_CONFIRMATION_OK"
9877,10326415874,10326415963,1,"IOTHUB_CLIENT_CONFIRMATION_OK"
9878,10326416074,10326416129,1,"IOTHUB_CLIENT_CONFIRMATION_OK"
9879,10326416274,10326416307,1,"IOTHUB_CLIENT_CONFIRMATION_OK"
9880,10326416474,10326416511,1,"IOTHUB_CLIENT_CONFIRMATION_OK"
9881,10326416674,10326416725,1,"IOTHUB_CLIENT_CONFIRMATION_OK"
9882,10326416875,10326416922,1,"IOTHUB_CLIENT_CONFIRMATION_OK"
9883,10326417075,10326417126,1,"IOTHUB_CLIENT_CONFIRMATION_OK"
9884,10326417275,10326417306,1,"IOTHUB_CLIENT_CONFIRMATION_OK"
9885,10326417475,10326417523,1,"IOTHUB_CLIENT_CONFIRMATION_OK"
9886,10326417676,10326417736,1,"IOTHUB_CLIENT_CONFIRMATION_OK"
9887,10326417876,10326417919,1,"IOTHUB_CLIENT_CONFIRMATION_OK"
9888,10326418076,10326418118,1,"IOTHUB_CLIENT_CONFIRMATION_OK"
9889,10326418276,10326418313,1,"IOTHUB_CLIENT_CONFIRMATION_OK"
9890,10326418476,10326418525,1,"IOTHUB_CLIENT_CONFIRMATION_OK"
9891,10326418676,10326418768,1,"IOTHUB_CLIENT_CONFIRMATION_OK"
9892,10326418877,10326418924,1,"IOTHUB_CLIENT_CONFIRMATION_OK"
9893,10326419077,10326419110,1,"IOTHUB_CLIENT_CONFIRMATION_OK"
9894,10326419277,10326419351,1,"IOTHUB_CLIENT_CONFIRMATION_OK"
9895,10326419477,10326419548,1,"IOTHUB_CLIENT_CONFIRMATION_OK"
9896,10326419678,10326419764,1,"IOTHUB_CLIENT_CONFIRMATION_OK"
9897,10326419878,10326419918,1,"IOTHUB_CLIENT_CONFIRMATION_OK"
9898,10326420078,10326420134,1,"IOTHUB_CLIENT_CONFIRMATION_OK"
9899,10326420278,10326420392,1,"IOTHUB_CLIENT_CONFIRMATION_OK"
9900,10326420478,10326420533,1,"IOTHUB_CLIENT_CONFIRMATION_OK"
9901,10326420678,10326420852,1,"IOTHUB_CLIENT_CONFIRMATION_OK"
9902,10326420879,10326421015,1,"IOTHUB_CLIENT_CONFIRMATION_OK"
9903,10326421079,10326421132,1,"IOTHUB_CLIENT_CONFIRMATION_OK"
9904,10326421279,10326421337,1,"IOTHUB_CLIENT_CONFIRMATION_OK"
9905,10326421479,10326421615,1,"IOTHUB_CLIENT_CONFIRMATION_OK"
9906,10326421679,10326421729,1,"IOTHUB_CLIENT_CONFIRMATION_OK"
9907,10326421880,10326421930,1,"IOTHUB_CLIENT_CONFIRMATION_OK"
9908,10326422080,10326422147,1,"IOTHUB_CLIENT_CONFIRMATION_OK"
9909,10326422280,10326422323,1,"IOTHUB_CLIENT_CONFIRMATION_OK"
9910,10326422480,10326422515,1,"IOTHUB_CLIENT_CONFIRMATION_OK"
9911,10326422680,10326422744,1,"IOTHUB_CLIENT_CONFIRMATION_OK"
9912,10326422880,10326422920,1,"IOTHUB_CLIENT_CONFIRMATION_OK"
9913,10326423081,10326423119,1,"IOTHUB_CLIENT_CONFIRMATION_OK"
9914,10326423281,10326423338,1,"IOTHUB_CLIENT_CONFIRMATION_OK"
9915,10326423481,10326423526,1,"IOTHUB_CLIENT_CONFIRMATION_OK"
9916,10326423681,10326423723,1,"IOTHUB_CLIENT_CONFIRMATION_OK"
9917,10326423881,10326423946,1,"IOTHUB_CLIENT_CONFIRMATION_OK"
9918,10326424081,10326424131,1,"IOTHUB_CLIENT_CONFIRMATION_OK"
9919,10326424282,10326424320,1,"IOTHUB_CLIENT_CONFIRMATION_OK"
9920,10326424482,10326424519,1,"IOTHUB_CLIENT_CONFIRMATION_OK"
9921,10326424682,10326424722,1,"IOTHUB_CLIENT_CONFIRMATION_OK"
9922,10326424882,10326425102,1,"IOTHUB_CLIENT_CONFIRMATION_OK"
9923,10326425082,10326425122,1,"IOTHUB_CLIENT_CONFIRMATION_OK"
9924,10326425283,10326425329,1,"IOTHUB_CLIENT_CONFIRMATION_OK"
9925,10326425483,10326425528,1,"IOTHUB_CLIENT_CONFIRMATION_OK"
9926,10326425683,10326425723,1,"IOTHUB_CLIENT_CONFIRMATION_OK"
9927,10326425883,10326425930,1,"IOTHUB_CLIENT_CONFIRMATION_OK"
9928,10326426083,10326426133,1,"IOTHUB_CLIENT_CONFIRMATION_OK"
9929,10326426284,10326426326,1,"IOTHUB_CLIENT_CONFIRMATION_OK"
9930,10326426484,10326426526,1,"IOTHUB_CLIENT_CONFIRMATION_OK"
9931,10326426684,10326426739,1,"IOTHUB_CLIENT_CONFIRMATION_OK"
9932,10326426884,10326426925,1,"IOTHUB_CLIENT_CONFIRMATION_OK"
9933,10326427084,10326427125,1,"IOTHUB_CLIENT_CONFIRMATION_OK"
9934,10326427284,10326427340,1,"IOTHUB_CLIENT_CONFIRMATION_OK"
9935,10326427485,10326427570,1,"IOTHUB_CLIENT_CONFIRMATION_OK"
9936,10326427685,10326427733,1,"IOTHUB_CLIENT_CONFIRMATION_OK"
9937,10326427885,10326427952,1,"IOTHUB_CLIENT_CONFIRMATION_OK"
9938,10326428085,10326428125,1,"IOTHUB_CLIENT_CONFIRMATION_OK"
9939,10326428285,10326428324,1,"IOTHUB_CLIENT_CONFIRMATION_OK"
9940,10326428485,10326428584,1,"IOTHUB_CLIENT_CONFIRMATION_OK"
9941,10326428685,10326428755,1,"IOTHUB_CLIENT_CONFIRMATION_OK"
9942,10326428886,10326428932,1,"IOTHUB_CLIENT_CONFIRMATION_OK"
9943,10326429086,10326429140,1,"IOTHUB_CLIENT_CONFIRMATION_OK"
9944,10326429286,10326429331,1,"IOTHUB_CLIENT_CONFIRMATION_OK"
9945,10326429486,10326429547,1,"IOTHUB_CLIENT_CONFIRMATION_OK"
9946,10326429686,10326429721,1,"IOTHUB_CLIENT_CONFIRMATION_OK"
9947,10326429886,10326429943,1,"IOTHUB_CLIENT_CONFIRMATION_OK"
9948,10326430086,10326430282,1,"IOTHUB_CLIENT_CONFIRMATION_OK"
9949,10326430287,10326430317,1,"IOTHUB_CLIENT_CONFIRMATION_OK"
9950,10326430487,10326430529,1,"IOTHUB_CLIENT_CONFIRMATION_OK"
9951,10326430687,10326430718,1,"IOTHUB_CLIENT_CONFIRMATION_OK"
9952,10326430887,10326430922,1,"IOTHUB_CLIENT_CONFIRMATION_OK"
9953,10326431088,10326431132,1,"IOTHUB_CLIENT_CONFIRMATION_OK"
9954,10326431288,10326431368,1,"IOTHUB_CLIENT_CONFIRMATION_OK"
9955,10326431488,10326431534,1,"IOTHUB_CLIENT_CONFIRMATION_OK"
9956,10326431688,10326431731,1,"IOTHUB_CLIENT_CONFIRMATION_OK"
9957,10326431888,10326431987,1,"IOTHUB_CLIENT_CONFIRMATION_OK"
9958,10326432088,10326432127,1,"IOTHUB_CLIENT_CONFIRMATION_OK"
9959,10326432289,10326432331,1,"IOTHUB_CLIENT_CONFIRMATION_OK"
9960,10326432489,10326432524,1,"IOTHUB_CLIENT_CONFIRMATION_OK"
9961,10326432689,10326432735,1,"IOTHUB_CLIENT_CONFIRMATION_OK"
9962,10326432889,10326432944,1,"IOTHUB_CLIENT_CONFIRMATION_OK"
9963,10326433089,10326433135,1,"IOTHUB_CLIENT_CONFIRMATION_OK"
9964,10326433289,10326433476,1,"IOTHUB_CLIENT_CONFIRMATION_OK"
9965,10326433490,10326433527,1,"IOTHUB_CLIENT_CONFIRMATION_OK"
9966,10326433690,10326433800,1,"IOTHUB_CLIENT_CONFIRMATION_OK"
9967,10326433890,10326433922,1,"IOTHUB_CLIENT_CONFIRMATION_OK"
9968,10326434090,10326434123,1,"IOTHUB_CLIENT_CONFIRMATION_OK"
9969,10326434290,10326434321,1,"IOTHUB_CLIENT_CONFIRMATION_OK"
9970,10326434490,10326434541,1,"IOTHUB_CLIENT_CONFIRMATION_OK"
9971,10326434690,10326434862,1,"IOTHUB_CLIENT_CONFIRMATION_OK"
9972,10326434891,10326434941,1,"IOTHUB_CLIENT_CONFIRMATION_OK"
9973,10326435091,10326435137,1,"IOTHUB_CLIENT_CONFIRMATION_OK"
9974,10326435291,10326435323,1,"IOTHUB_CLIENT_CONFIRMATION_OK"
9975,10326435491,10326435551,1,"IOTHUB_CLIENT_CONFIRMATION_OK"
9976,10326435691,10326435804,1,"IOTHUB_CLIENT_CONFIRMATION_OK"
9977,10326435891,10326435927,1,"IOTHUB_CLIENT_CONFIRMATION_OK"
9978,10326436092,10326436160,1,"IOTHUB_CLIENT_CONFIRMATION_OK"
9979,10326436292,10326436322,1,"IOTHUB_CLIENT_CONFIRMATION_OK"
9980,10326436492,10326436526,1,"IOTHUB_CLIENT_CONFIRMATION_OK"
9981,10326436692,10326436725,1,"IOTHUB_CLIENT_CONFIRMATION_OK"
9982,10326436892,10326436923,1,"IOTHUB_CLIENT_CONFIRMATION_OK"
9983,10326437093,10326437145,1,"IOTHUB_CLIENT_CONFIRMATION_OK"
9984,10326437293,10326437326,1,"IOTHUB_CLIENT_CONFIRMATION_OK"
9985,10326437493,10326437528,1,"IOTHUB_CLIENT_CONFIRMATION_OK"
9986,10326437693,10326437765,1,"IOTHUB_CLIENT_CONFIRMATION_OK"
9987,10326437893,10326437950,1,"IOTHUB_CLIENT_CONFIRMATION_OK"
9988,10326438093,10326438130,1,"IOTHUB_CLIENT_CONFIRMATION_OK"
9989,10326438293,10326438363,1,"IOTHUB_CLIENT_CONFIRMATION_OK"
9990,10326438494,10326438526,1,"IOTHUB_CLIENT_CONFIRMATION_OK"
9991,10326438694,10326438727,1,"IOTHUB_CLIENT_CONFIRMATION_OK"
9992,10326438894,10326438933,1,"IOTHUB_CLIENT_CONFIRMATION_OK"
9993,10326439094,10326439128,1,"IOTHUB_CLIENT_CONFIRMATION_OK"
9994,10326439294,10326439336,1,"IOTHUB_CLIENT_CONFIRMATION_OK"
9995,10326439494,10326439527,1,"IOTHUB_CLIENT_CONFIRMATION_OK"
9996,10326439695,10326439729,1,"IOTHUB_CLIENT_CONFIRMATION_OK"
9997,10326439895,10326439990,1,"IOTHUB_CLIENT_CONFIRMATION_OK"
9998,10326440095,10326440135,1,"IOTHUB_CLIENT_CONFIRMATION_OK"
9999,10326440295,10326440326,1,"IOTHUB_CLIENT_CONFIRMATION_OK"
10000,10326440495,10326440586,1,"IOTHUB_CLIENT_CONFIRMATION_OK"
10001,10326440695,10326440752,1,"IOTHUB_CLIENT_CONFIRMATION_OK"
10002,10326440895,10326440968,1,"IOTHUB_CLIENT_CONFIRMATION_OK"
10003,10326441096,10326441202,1,"IOTHUB_CLIENT_CONFIRMATION_OK"
10004,10326441296,10326441332,1,"IOTHUB_CLIENT_CONFIRMATION_OK"
10005,10326441496,10326441531,1,"IOTHUB_CLIENT_CONFIRMATION_OK"
10006,10326441696,10326441820,1,"IOTHUB_CLIENT_CONFIRMATION_OK"
10007,10326441896,10326441932,1,"IOTHUB_CLIENT_CONFIRMATION_OK"
10008,10326442096,10326442129,1,"IOTHUB_CLIENT_CONFIRMATION_OK"
10009,10326442296,10326442334,1,"IOTHUB_CLIENT_CONFIRMATION_OK"
10010,10326442497,10326442526,1,"IOTHUB_CLIENT_CONFIRMATION_OK"
10011,10326442697,10326442733,1,"IOTHUB_CLIENT_CONFIRMATION_OK"
10012,10326442897,10326442933,1,"IOTHUB_CLIENT_CONFIRMATION_OK"
10013,10326443097,10326443131,1,"IOTHUB_CLIENT_CONFIRMATION_OK"
10014,10326443297,10326443328,1,"IOTHUB_CLIENT_CONFIRMATION_OK"
10015,10326443498,10326443535,1,"IOTHUB_CLIENT_CONFIRMATION_OK"
10016,10326443698,10326443730,1,"IOTHUB_CLIENT_CONFIRMATION_OK"
10017,10326443898,10326443933,1,"IOTHUB_CLIENT_CONFIRMATION_OK"
10018,10326444098,10326444138,1,"IOTHUB_CLIENT_CONFIRMATION_OK"
10019,10326444298,10326444331,1,"IOTHUB_CLIENT_CONFIRMATION_OK"
10020,10326444498,10326444532,1,"IOTHUB_CLIENT_CONFIRMATION_OK"
10021,10326444698,10326444748,1,"IOTHUB_CLIENT_CONFIRMATION_OK"
10022,10326444899,10326444929,1,"IOTHUB_CLIENT_CONFIRMATION_OK"
10023,10326445099,10326445326,1,"IOTHUB_CLIENT_CONFIRMATION_OK"
10024,10326445299,10326445350,1,"IOTHUB_CLIENT_CONFIRMATION_OK"
10025,10326445499,10326445538,1,"IOTHUB_CLIENT_CONFIRMATION_OK"
10026,10326445699,10326445734,1,"IOTHUB_CLIENT_CONFIRMATION_OK"
10027,10326445899,10326445933,1,"IOTHUB_CLIENT_CONFIRMATION_OK"
10028,10326446100,10326446130,1,"IOTHUB_CLIENT_CONFIRMATION_OK"
10029,10326446300,10326446331,1,"IOTHUB_CLIENT_CONFIRMATION_OK"
10030,10326446500,10326446533,1,"IOTHUB_CLIENT_CONFIRMATION_OK"
10031,10326446700,10326446732,1,"IOTHUB_CLIENT_CONFIRMATION_OK"
10032,10326446900,10326446937,1,"IOTHUB_CLIENT_CONFIRMATION_OK"
10033,10326447100,10326447132,1,"IOTHUB_CLIENT_CONFIRMATION_OK"
10034,10326447300,10326447341,1,"IOTHUB_CLIENT_CONFIRMATION_OK"
10035,10326447501,10326447545,1,"IOTHUB_CLIENT_CONFIRMATION_OK"
10036,10326447701,10326447733,1,"IOTHUB_CLIENT_CONFIRMATION_OK"
10037,10326447901,10326447934,1,"IOTHUB_CLIENT_CONFIRMATION_OK"
10038,10326448101,10326448262,1,"IOTHUB_CLIENT_CONFIRMATION_OK"
10039,10326448301,10326448342,1,"IOTHUB_CLIENT_CONFIRMATION_OK"
10040,10326448501,10326448544,1,"IOTHUB_CLIENT_CONFIRMATION_OK"
10041,10326448702,10326448770,1,"IOTHUB_CLIENT_CONFIRMATION_OK"
10042,10326448902,10326448957,1,"IOTHUB_CLIENT_CONFIRMATION_OK"
10043,10326449102,10326449136,1,"IOTHUB_CLIENT_CONFIRMATION_OK"
10044,10326449302,10326449336,1,"IOTHUB_CLIENT_CONFIRMATION_OK"
10045,10326449502,10326449544,1,"IOTHUB_CLIENT_CONFIRMATION_OK"
10046,10326449702,10326449736,1,"IOTHUB_CLIENT_CONFIRMATION_OK"
10047,10326449903,10326449933,1,"IOTHUB_CLIENT_CONFIRMATION_OK"
10048,10326450103,10326450136,1,"IOTHUB_CLIENT_CONFIRMATION_OK"
10049,10326450303,10326450419,1,"IOTHUB_CLIENT_CONFIRMATION_OK"
10050,10326450503,10326450543,1,"IOTHUB_CLIENT_CONFIRMATION_OK"
10051,10326450703,10326450735,1,"IOTHUB_CLIENT_CONFIRMATION_OK"
10052,10326450903,10326451080,1,"IOTHUB_CLIENT_CONFIRMATION_OK"
10053,10326451103,10326451137,1,"IOTHUB_CLIENT_CONFIRMATION_OK"
10054,10326451304,10326451336,1,"IOTHUB_CLIENT_CONFIRMATION_OK"
10055,10326451504,10326451633,1,"IOTHUB_CLIENT_CONFIRMATION_OK"
10056,10326451704,10326451738,1,"IOTHUB_CLIENT_CONFIRMATION_OK"
10057,10326451904,10326451940,1,"IOTHUB_CLIENT_CONFIRMATION_OK"
10058,10326452104,10326452142,1,"IOTHUB_CLIENT_CONFIRMATION_OK"
10059,10326452304,10326452378,1,"IOTHUB_CLIENT_CONFIRMATION_OK"
10060,10326452505,10326452545,1,"IOTHUB_CLIENT_CONFIRMATION_OK"
10061,10326452705,10326452769,1,"IOTHUB_CLIENT_CONFIRMATION_OK"
10062,10326452905,10326452936,1,"IOTHUB_CLIENT_CONFIRMATION_OK"
10063,10326453105,10326453146,1,"IOTHUB_CLIENT_CONFIRMATION_OK"
10064,10326453305,10326453348,1,"IOTHUB_CLIENT_CONFIRMATION_OK"
10065,10326453505,10326453537,1,"IOTHUB_CLIENT_CONFIRMATION_OK"
10066,10326453706,10326453739,1,"IOTHUB_CLIENT_CONFIRMATION_OK"
10067,10326453906,10326453991,1,"IOTHUB_CLIENT_CONFIRMATION_OK"
10068,10326454106,10326454161,1,"IOTHUB_CLIENT_CONFIRMATION_OK"
10069,10326454306,10326454342,1,"IOTHUB_CLIENT_CONFIRMATION_OK"
10070,10326454506,10326454565,1,"IOTHUB_CLIENT_CONFIRMATION_OK"
10071,10326454706,10326454740,1,"IOTHUB_CLIENT_CONFIRMATION_OK"
10072,10326454907,10326455064,1,"IOTHUB_CLIENT_CONFIRMATION_OK"
10073,10326455107,10326455145,1,"IOTHUB_CLIENT_CONFIRMATION_OK"
10074,10326455307,10326455377,1,"IOTHUB_CLIENT_CONFIRMATION_OK"
10075,10326455507,10326455577,1,"IOTHUB_CLIENT_CONFIRMATION_OK"
10076,10326455707,10326455762,1,"IOTHUB_CLIENT_CONFIRMATION_OK"
10077,10326455908,10326455938,1,"IOTHUB_CLIENT_CONFIRMATION_OK"
10078,10326456108,10326456230,1,"IOTHUB_CLIENT_CONFIRMATION_OK"
10079,10326456308,10326456337,1,"IOTHUB_CLIENT_CONFIRMATION_OK"
10080,10326456508,10326456541,1,"IOTHUB_CLIENT_CONFIRMATION_OK"
10081,10326456708,10326456786,1,"IOTHUB_CLIENT_CONFIRMATION_OK"
10082,10326456908,10326456947,1,"IOTHUB_CLIENT_CONFIRMATION_OK"
10083,10326457108,10326457154,1,"IOTHUB_CLIENT_CONFIRMATION_OK"
10084,10326457309,10326457395,1,"IOTHUB_CLIENT_CONFIRMATION_OK"
10085,10326457509,10326457541,1,"IOTHUB_CLIENT_CONFIRMATION_OK"
10086,10326457709,10326457743,1,"IOTHUB_CLIENT_CONFIRMATION_OK"
10087,10326457909,10326458014,1,"IOTHUB_CLIENT_CONFIRMATION_OK"
10088,10326458109,10326458144,1,"IOTHUB_CLIENT_CONFIRMATION_OK"
10089,10326458309,10326458341,1,"IOTHUB_CLIENT_CONFIRMATION_OK"
10090,10326458510,10326458563,1,"IOTHUB_CLIENT_CONFIRMATION_OK"
10091,10326458710,10326458743,1,"IOTHUB_CLIENT_CONFIRMATION_OK"
10092,10326458910,10326458943,1,"IOTHUB_CLIENT_CONFIRMATION_OK"
10093,10326459110,10326459148,1,"IOTHUB_CLIENT_CONFIRMATION_OK"
10094,10326459310,10326459390,1,"IOTHUB_CLIENT_CONFIRMATION_OK"
10095,10326459510,10326459545,1,"IOTHUB_CLIENT_CONFIRMATION_OK"
10096,10326459710,10326459819,1,"IOTHUB_CLIENT_CONFIRMATION_OK"
10097,10326459911,10326459943,1,"IOTHUB_CLIENT_CONFIRMATION_OK"
10098,10326460111,10326460299,1,"IOTHUB_CLIENT_CONFIRMATION_OK"
10099,10326460311,10326460349,1,"IOTHUB_CLIENT_CONFIRMATION_OK"
10100,10326460511,10326460544,1,"IOTHUB_CLIENT_CONFIRMATION_OK"
10101,10326460711,10326460757,1,"IOTHUB_CLIENT_CONFIRMATION_OK"
10102,10326460911,10326460953,1,"IOTHUB_CLIENT_CONFIRMATION_OK"
10103,10326461112,10326461145,1,"IOTHUB_CLIENT_CONFIRMATION_OK"
10104,10326461312,10326461341,1,"IOTHUB_CLIENT_CONFIRMATION_OK"
10105,10326461512,10326461548,1,"IOTHUB_CLIENT_CONFIRMATION_OK"
10106,10326461712,10326461746,1,"IOTHUB_CLIENT_CONFIRMATION_OK"
10107,10326461912,10326461943,1,"IOTHUB_CLIENT_CONFIRMATION_OK"
10108,10326462112,10326462153,1,"IOTHUB_CLIENT_CONFIRMATION_OK"
10109,10326462313,10326462347,1,"IOTHUB_CLIENT_CONFIRMATION_OK"
10110,10326462513,10326462557,1,"IOTHUB_CLIENT_CONFIRMATION_OK"
10111,10326462713,10326462748,1,"IOTHUB_CLIENT_CONFIRMATION_OK"
10112,10326462913,10326462947,1,"IOTHUB_CLIENT_CONFIRMATION_OK"
10113,10326463113,10326463205,1,"IOTHUB_CLIENT_CONFIRMATION_OK"
10114,10326463313,10326463346,1,"IOTHUB_CLIENT_CONFIRMATION_OK"
10115,10326463514,10326463546,1,"IOTHUB_CLIENT_CONFIRMATION_OK"
10116,10326463714,10326463747,1,"IOTHUB_CLIENT_CONFIRMATION_OK"
10117,10326463914,10326463947,1,"IOTHUB_CLIENT_CONFIRMATION_OK"
10118,10326464114,10326464149,1,"IOTHUB_CLIENT_CONFIRMATION_OK"
10119,10326464314,10326464345,1,"IOTHUB_CLIENT_CONFIRMATION_OK"
10120,10326464514,10326464555,1,"IOTHUB_CLIENT_CONFIRMATION_OK"
10121,10326464715,10326464748,1,"IOTHUB_CLIENT_CONFIRMATION_OK"
10122,10326464915,10326464952,1,"IOTHUB_CLIENT_CONFIRMATION_OK"
10123,10326465115,10326465145,1,"IOTHUB_CLIENT_CONFIRMATION_OK"
10124,10326465315,10326465480,1,"IOTHUB_CLIENT_CONFIRMATION_OK"
10125,10326465515,10326465551,1,"IOTHUB_CLIENT_CONFIRMATION_OK"
10126,10326465715,10326465747,1,"IOTHUB_CLIENT_CONFIRMATION_OK"
10127,10326465915,10326466081,1,"IOTHUB_CLIENT_CONFIRMATION_OK"
10128,10326466116,10326466147,1,"IOTHUB_CLIENT_CONFIRMATION_OK"
10129,10326466316,10326466394,1,"IOTHUB_CLIENT_CONFIRMATION_OK"
10130,10326466516,10326466552,1,"IOTHUB_CLIENT_CONFIRMATION_OK"
10131,10326466716,10326466752,1,"IOTHUB_CLIENT_CONFIRMATION_OK"
10132,10326466916,10326466951,1,"IOTHUB_CLIENT_CONFIRMATION_OK"
10133,10326467116,10326467152,1,"IOTHUB_CLIENT_CONFIRMATION_OK"
10134,10326467316,10326467358,1,"IOTHUB_CLIENT_CONFIRMATION_OK"
10135,10326467517,10326467552,1,"IOTHUB_CLIENT_CONFIRMATION_OK"
10136,10326467717,10326467767,1,"IOTHUB_CLIENT_CONFIRMATION_OK"
10137,10326467917,10326467964,1,"IOTHUB_CLIENT_CONFIRMATION_OK"
10138,10326468117,10326468150,1,"IOTHUB_CLIENT_CONFIRMATION_OK"
10139,10326468317,10326468374,1,"IOTHUB_CLIENT_CONFIRMATION_OK"
10140,10326468518,10326468553,1,"IOTHUB_CLIENT_CONFIRMATION_OK"
10141,10326468718,10326468750,1,"IOTHUB_CLIENT_CONFIRMATION_OK"
10142,10326468918,10326468989,1,"IOTHUB_CLIENT_CONFIRMATION_OK"
10143,10326469118,10326469149,1,"IOTHUB_CLIENT_CONFIRMATION_OK"
10144,10326469318,10326469353,1,"IOTHUB_CLIENT_CONFIRMATION_OK"
10145,10326469518,10326469558,1,"IOTHUB_CLIENT_CONFIRMATION_OK"
10146,10326469718,10326469750,1,"IOTHUB_CLIENT_CONFIRMATION_OK"
10147,10326469919,10326469994,1,"IOTHUB_CLIENT_CONFIRMATION_OK"
10148,10326470119,10326470150,1,"IOTHUB_CLIENT_CONFIRMATION_OK"
10149,10326470319,10326470351,1,"IOTHUB_CLIENT_CONFIRMATION_OK"
10150,10326470519,10326470636,1,"IOTHUB_CLIENT_CONFIRMATION_OK"
10151,10326470719,10326470756,1,"IOTHUB_CLIENT_CONFIRMATION_OK"
10152,10326470920,10326470975,1,"IOTHUB_CLIENT_CONFIRMATION_OK"
10153,10326471120,10326471249,1,"IOTHUB_CLIENT_CONFIRMATION_OK"
10154,10326471320,10326471358,1,"IOTHUB_CLIENT_CONFIRMATION_OK"
10155,10326471520,10326471563,1,"IOTHUB_CLIENT_CONFIRMATION_OK"
10156,10326471720,10326471758,1,"IOTHUB_CLIENT_CONFIRMATION_OK"
10157,10326471920,10326472000,1,"IOTHUB_CLIENT_CONFIRMATION_OK"
10158,10326472121,10326472150,1,"IOTHUB_CLIENT_CONFIRMATION_OK"
10159,10326472321,10326472353,1,"IOTHUB_CLIENT_CONFIRMATION_OK"
10160,10326472521,10326472662,1,"IOTHUB_CLIENT_CONFIRMATION_OK"
10161,10326472721,10326472784,1,"IOTHUB_CLIENT_CONFIRMATION_OK"
10162,10326472921,10326472957,1,"IOTHUB_CLIENT_CONFIRMATION_OK"
10163,10326473121,10326473156,1,"IOTHUB_CLIENT_CONFIRMATION_OK"
10164,10326473322,10326473367,1,"IOTHUB_CLIENT_CONFIRMATION_OK"
10165,10326473522,10326473555,1,"IOTHUB_CLIENT_CONFIRMATION_OK"
10166,10326473722,10326473755,1,"IOTHUB_CLIENT_CONFIRMATION_OK"
10167,10326473922,10326473957,1,"IOTHUB_CLIENT_CONFIRMATION_OK"
10168,10326474122,10326474178,1,"IOTHUB_CLIENT_CONFIRMATION_OK"
10169,10326474322,10326474354,1,"IOTHUB_CLIENT_CONFIRMATION_OK"
10170,10326474522,10326474555,1,"IOTHUB_CLIENT_CONFIRMATION_OK"
10171,10326474723,10326474761,1,"IOTHUB_CLIENT_CONFIRMATION_OK"
10172,10326474923,10326474958,1,"IOTHUB_CLIENT_CONFIRMATION_OK"
10173,10326475123,10326475162,1,"IOTHUB_CLIENT_CONFIRMATION_OK"
10174,10326475323,10326475358,1,"IOTHUB_CLIENT_CONFIRMATION_OK"
10175,10326475523,10326475560,1,"IOTHUB_CLIENT_CONFIRMATION_OK"
10176,10326475723,10326475759,1,"IOTHUB_CLIENT_CONFIRMATION_OK"
10177,10326475924,10326475962,1,"IOTHUB_CLIENT_CONFIRMATION_OK"
10178,10326476124,10326476154,1,"IOTHUB_CLIENT_CONFIRMATION_OK"
10179,10326476324,10326476381,1,"IOTHUB_CLIENT_CONFIRMATION_OK"
10180,10326476524,10326476556,1,"IOTHUB_CLIENT_CONFIRMATION_OK"
10181,10326476724,10326476759,1,"IOTHUB_CLIENT_CONFIRMATION_OK"
10182,10326476924,10326477020,1,"IOTHUB_CLIENT_CONFIRMATION_OK"
10183,10326477125,10326477163,1,"IOTHUB_CLIENT_CONFIRMATION_OK"
10184,10326477325,10326477366,1,"IOTHUB_CLIENT_CONFIRMATION_OK"
10185,10326477525,10326477594,1,"IOTHUB_CLIENT_CONFIRMATION_OK"
10186,10326477725,10326477759,1,"IOTHUB_CLIENT_CONFIRMATION_OK"
10187,10326477925,10326477960,1,"IOTHUB_CLIENT_CONFIRMATION_OK"
10188,10326478126,10326478213,1,"IOTHUB_CLIENT_CONFIRMATION_OK"
10189,10326478326,10326478361,1,"IOTHUB_CLIENT_CONFIRMATION_OK"
10190,10326478526,10326478556,1,"IOTHUB_CLIENT_CONFIRMATION_OK"
10191,10326478726,10326478763,1,"IOTHUB_CLIENT_CONFIRMATION_OK"
10192,10326478927,10326478997,1,"IOTHUB_CLIENT_CONFIRMATION_OK"
10193,10326479127,10326479170,1,"IOTHUB_CLIENT_CONFIRMATION_OK"
10194,10326479327,10326479366,1,"IOTHUB_CLIENT_CONFIRMATION_OK"
10195,10326479527,10326479565,1,"IOTHUB_CLIENT_CONFIRMATION_OK"
10196,10326479727,10326479959,1,"IOTHUB_CLIENT_CONFIRMATION_OK"
10197,10326479928,10326479977,1,"IOTHUB_CLIENT_CONFIRMATION_OK"
10198,10326480128,10326480193,1,"IOTHUB_CLIENT_CONFIRMATION_OK"
10199,10326480328,10326480471,1,"IOTHUB_CLIENT_CONFIRMATION_OK"
10200,10326480528,10326480601,1,"IOTHUB_CLIENT_CONFIRMATION_OK"
10201,10326480728,10326480896,1,"IOTHUB_CLIENT_CONFIRMATION_OK"
10202,10326480928,10326481111,1,"IOTHUB_CLIENT_CONFIRMATION_OK"
10203,10326481129,10326481162,1,"IOTHUB_CLIENT_CONFIRMATION_OK"
10204,10326481329,10326481367,1,"IOTHUB_CLIENT_CONFIRMATION_OK"
10205,10326481529,10326481567,1,"IOTHUB_CLIENT_CONFIRMATION_OK"
10206,10326481729,10326481764,1,"IOTHUB_CLIENT_CONFIRMATION_OK"
10207,10326481929,10326481970,1,"IOTHUB_CLIENT_CONFIRMATION_OK"
10208,10326482129,10326482163,1,"IOTHUB_CLIENT_CONFIRMATION_OK"
10209,10326482329,10326482362,1,"IOTHUB_CLIENT_CONFIRMATION_OK"
10210,10326482530,10326482560,1,"IOTHUB_CLIENT_CONFIRMATION_OK"
10211,10326482730,10326482773,1,"IOTHUB_CLIENT_CONFIRMATION_OK"
10212,10326482930,10326483078,1,"IOTHUB_CLIENT_CONFIRMATION_OK"
10213,10326483130,10326483165,1,"IOTHUB_CLIENT_CONFIRMATION_OK"
10214,10326483330,10326483365,1,"IOTHUB_CLIENT_CONFIRMATION_OK"
10215,10326483531,10326483562,1,"IOTHUB_CLIENT_CONFIRMATION_OK"
10216,10326483731,10326483768,1,"IOTHUB_CLIENT_CONFIRMATION_OK"
10217,10326483931,10326483971,1,"IOTHUB_CLIENT_CONFIRMATION_OK"
10218,10326484131,10326484161,1,"IOTHUB_CLIENT_CONFIRMATION_OK"
10219,10326484332,10326484398,1,"IOTHUB_CLIENT_CONFIRMATION_OK"
10220,10326484532,10326484572,1,"IOTHUB_CLIENT_CONFIRMATION_OK"
10221,10326484732,10326484787,1,"IOTHUB_CLIENT_CONFIRMATION_OK"
10222,10326484932,10326484995,1,"IOTHUB_CLIENT_CONFIRMATION_OK"
10223,10326485132,10326485177,1,"IOTHUB_CLIENT_CONFIRMATION_OK"
10224,10326485333,10326485363,1,"IOTHUB_CLIENT_CONFIRMATION_OK"
10225,10326485533,10326485602,1,"IOTHUB_CLIENT_CONFIRMATION_OK"
10226,10326485733,10326485772,1,"IOTHUB_CLIENT_CONFIRMATION_OK"
10227,10326485933,10326485978,1,"IOTHUB_CLIENT_CONFIRMATION_OK"
10228,10326486133,10326486215,1,"IOTHUB_CLIENT_CONFIRMATION_OK"
10229,10326486333,10326486365,1,"IOTHUB_CLIENT_CONFIRMATION_OK"
10230,10326486534,10326486578,1,"IOTHUB_CLIENT_CONFIRMATION_OK"
10231,10326486734,10326486820,1,"IOTHUB_CLIENT_CONFIRMATION_OK"
10232,10326486934,10326486966,1,"IOTHUB_CLIENT_CONFIRMATION_OK"
10233,10326487134,10326487177,1,"IOTHUB_CLIENT_CONFIRMATION_OK"
10234,10326487334,10326487427,1,"IOTHUB_CLIENT_CONFIRMATION_OK"
10235,10326487534,10326487568,1,"IOTHUB_CLIENT_CONFIRMATION_OK"
10236,10326487735,10326487799,1,"IOTHUB_CLIENT_CONFIRMATION_OK"
10237,10326487935,10326488046,1,"IOTHUB_CLIENT_CONFIRMATION_OK"
10238,10326488135,10326488181,1,"IOTHUB_CLIENT_CONFIRMATION_OK"
10239,10326488335,10326488397,1,"IOTHUB_CLIENT_CONFIRMATION_OK"
10240,10326488535,10326488597,1,"IOTHUB_CLIENT_CONFIRMATION_OK"
10241,10326488735,10326488767,1,"IOTHUB_CLIENT_CONFIRMATION_OK"
10242,10326488935,10326488980,1,"IOTHUB_CLIENT_CONFIRMATION_OK"
10243,10326489136,10326489203,1,"IOTHUB_CLIENT_CONFIRMATION_OK"
10244,10326489336,10326489371,1,"IOTHUB_CLIENT_CONFIRMATION_OK"
10245,10326489536,10326489597,1,"IOTHUB_CLIENT_CONFIRMATION_OK"
10246,10326489736,10326489787,1,"IOTHUB_CLIENT_CONFIRMATION_OK"
10247,10326489936,10326489988,1,"IOTHUB_CLIENT_CONFIRMATION_OK"
10248,10326490137,10326490290,1,"IOTHUB_CLIENT_CONFIRMATION_OK"
10249,10326490337,10326490368,1,"IOTHUB_CLIENT_CONFIRMATION_OK"
10250,10326490537,10326490580,1,"IOTHUB_CLIENT_CONFIRMATION_OK"
10251,10326490737,10326490882,1,"IOTHUB_CLIENT_CONFIRMATION_OK"
10252,10326490937,10326490980,1,"IOTHUB_CLIENT_CONFIRMATION_OK"
10253,10326491138,10326491210,1,"IOTHUB_CLIENT_CONFIRMATION_OK"
10254,10326491338,10326491501,1,"IOTHUB_CLIENT_CONFIRMATION_OK"
10255,10326491538,10326491580,1,"IOTHUB_CLIENT_CONFIRMATION_OK"
10256,10326491738,10326491788,1,"IOTHUB_CLIENT_CONFIRMATION_OK"
10257,10326491938,10326491982,1,"IOTHUB_CLIENT_CONFIRMATION_OK"
10258,10326492138,10326492181,1,"IOTHUB_CLIENT_CONFIRMATION_OK"
10259,10326492339,10326492370,1,"IOTHUB_CLIENT_CONFIRMATION_OK"
10260,10326492539,10326492574,1,"IOTHUB_CLIENT_CONFIRMATION_OK"
10261,10326492739,10326492769,1,"IOTHUB_CLIENT_CONFIRMATION_OK"
10262,10326492939,10326492969,1,"IOTHUB_CLIENT_CONFIRMATION_OK"
10263,10326493139,10326493173,1,"IOTHUB_CLIENT_CONFIRMATION_OK"
10264,10326493339,10326493373,1,"IOTHUB_CLIENT_CONFIRMATION_OK"
10265,10326493539,10326493588,1,"IOTHUB_CLIENT_CONFIRMATION_OK"
10266,10326493740,10326493831,1,"IOTHUB_CLIENT_CONFIRMATION_OK"
10267,10326493940,10326493976,1,"IOTHUB_CLIENT_CONFIRMATION_OK"
10268,10326494140,10326494181,1,"IOTHUB_CLIENT_CONFIRMATION_OK"
10269,10326494340,10326494380,1,"IOTHUB_CLIENT_CONFIRMATION_OK"
10270,10326494540,10326494594,1,"IOTHUB_CLIENT_CONFIRMATION_OK"
10271,10326494740,10326494948,1,"IOTHUB_CLIENT_CONFIRMATION_OK"
10272,10326494941,10326495051,1,"IOTHUB_CLIENT_CONFIRMATION_OK"
10273,10326495141,10326495186,1,"IOTHUB_CLIENT_CONFIRMATION_OK"
10274,10326495341,10326495378,1,"IOTHUB_CLIENT_CONFIRMATION_OK"
10275,10326495541,10326495589,1,"IOTHUB_CLIENT_CONFIRMATION_OK"
10276,10326495741,10326495795,1,"IOTHUB_CLIENT_CONFIRMATION_OK"
10277,10326495941,10326495998,1,"IOTHUB_CLIENT_CONFIRMATION_OK"
10278,10326496141,10326496176,1,"IOTHUB_CLIENT_CONFIRMATION_OK"
10279,10326496342,10326496393,1,"IOTHUB_CLIENT_CONFIRMATION_OK"
10280,10326496542,10326496603,1,"IOTHUB_CLIENT_CONFIRMATION_OK"
10281,10326496742,10326496789,1,"IOTHUB_CLIENT_CONFIRMATION_OK"
10282,10326496942,10326497005,1,"IOTHUB_CLIENT_CONFIRMATION_OK"
10283,10326497142,10326497208,1,"IOTHUB_CLIENT_CONFIRMATION_OK"
10284,10326497343,10326497405,1,"IOTHUB_CLIENT_CONFIRMATION_OK"
10285,10326497543,10326497574,1,"IOTHUB_CLIENT_CONFIRMATION_OK"
10286,10326497743,10326497831,1,"IOTHUB_CLIENT_CONFIRMATION_OK"
10287,10326497943,10326498002,1,"IOTHUB_CLIENT_CONFIRMATION_OK"
10288,10326498143,10326498184,1,"IOTHUB_CLIENT_CONFIRMATION_OK"
10289,10326498343,10326498382,1,"IOTHUB_CLIENT_CONFIRMATION_OK"
10290,10326498544,10326498577,1,"IOTHUB_CLIENT_CONFIRMATION_OK"
10291,10326498744,10326498791,1,"IOTHUB_CLIENT_CONFIRMATION_OK"
10292,10326498944,10326498992,1,"IOTHUB_CLIENT_CONFIRMATION_OK"
10293,10326499144,10326499195,1,"IOTHUB_CLIENT_CONFIRMATION_OK"
10294,10326499344,10326499389,1,"IOTHUB_CLIENT_CONFIRMATION_OK"
10295,10326499545,10326499577,1,"IOTHUB_CLIENT_CONFIRMATION_OK"
10296,10326499745,10326499792,1,"IOTHUB_CLIENT_CONFIRMATION_OK"
10297,10326499945,10326500060,1,"IOTHUB_CLIENT_CONFIRMATION_OK"
10298,10326500145,10326500186,1,"IOTHUB_CLIENT_CONFIRMATION_OK"
10299,10326500345,10326500410,1,"IOTHUB_CLIENT_CONFIRMATION_OK"
10300,10326500545,10326500776,1,"IOTHUB_CLIENT_CONFIRMATION_OK"
10301,10326500746,10326500902,1,"IOTHUB_CLIENT_CONFIRMATION_OK"
10302,10326500946,10326500993,1,"IOTHUB_CLIENT_CONFIRMATION_OK"
10303,10326501146,10326501308,1,"IOTHUB_CLIENT_CONFIRMATION_OK"
10304,10326501346,10326501400,1,"IOTHUB_CLIENT_CONFIRMATION_OK"
10305,10326501546,10326501597,1,"IOTHUB_CLIENT_CONFIRMATION_OK"
10306,10326501747,10326501787,1,"IOTHUB_CLIENT_CONFIRMATION_OK"
10307,10326501947,10326501985,1,"IOTHUB_CLIENT_CONFIRMATION_OK"
10308,10326502147,10326502193,1,"IOTHUB_CLIENT_CONFIRMATION_OK"
10309,10326502347,10326502385,1,"IOTHUB_CLIENT_CONFIRMATION_OK"
10310,10326502547,10326502627,1,"IOTHUB_CLIENT_CONFIRMATION_OK"
10311,10326502747,10326502785,1,"IOTHUB_CLIENT_CONFIRMATION_OK"
10312,10326502947,10326502988,1,"IOTHUB_CLIENT_CONFIRMATION_OK"
10313,10326503148,10326503209,1,"IOTHUB_CLIENT_CONFIRMATION_OK"
10314,10326503348,10326503379,1,"IOTHUB_CLIENT_CONFIRMATION_OK"
10315,10326503548,10326503584,1,"IOTHUB_CLIENT_CONFIRMATION_OK"
10316,10326503748,10326503794,1,"IOTHUB_CLIENT_CONFIRMATION_OK"
10317,10326503948,10326503981,1,"IOTHUB_CLIENT_CONFIRMATION_OK"
10318,10326504148,10326504195,1,"IOTHUB_CLIENT_CONFIRMATION_OK"
10319,10326504349,10326504384,1,"IOTHUB_CLIENT_CONFIRMATION_OK"
10320,10326504549,10326504597,1,"IOTHUB_CLIENT_CONFIRMATION_OK"
10321,10326504749,10326504785,1,"IOTHUB_CLIENT_CONFIRMATION_OK"
10322,10326504949,10326504997,1,"IOTHUB_CLIENT_CONFIRMATION_OK"
10323,10326505149,10326505209,1,"IOTHUB_CLIENT_CONFIRMATION_OK"
10324,10326505349,10326505381,1,"IOTHUB_CLIENT_CONFIRMATION_OK"
10325,10326505549,10326505597,1,"IOTHUB_CLIENT_CONFIRMATION_OK"
10326,10326505750,10326505793,1,"IOTHUB_CLIENT_CONFIRMATION_OK"
10327,10326505950,10326505983,1,"IOTHUB_CLIENT_CONFIRMATION_OK"
10328,10326506150,10326506195,1,"IOTHUB_CLIENT_CONFIRMATION_OK"
10329,10326506350,10326506407,1,"IOTHUB_CLIENT_CONFIRMATION_OK"
10330,10326506551,10326506599,1,"IOTHUB_CLIENT_CONFIRMATION_OK"
10331,10326506751,10326506792,1,"IOTHUB_CLIENT_CONFIRMATION_OK"
10332,10326506951,10326507029,1,"IOTHUB_CLIENT_CONFIRMATION_OK"
10333,10326507151,10326507206,1,"IOTHUB_CLIENT_CONFIRMATION_OK"
10334,10326507351,10326507383,1,"IOTHUB_CLIENT_CONFIRMATION_OK"
10335,10326507551,10326507644,1,"IOTHUB_CLIENT_CONFIRMATION_OK"
10336,10326507751,10326507797,1,"IOTHUB_CLIENT_CONFIRMATION_OK"
10337,10326507952,10326508015,1,"IOTHUB_CLIENT_CONFIRMATION_OK"
10338,10326508152,10326508248,1,"IOTHUB_CLIENT_CONFIRMATION_OK"
10339,10326508352,10326508404,1,"IOTHUB_CLIENT_CONFIRMATION_OK"
10340,10326508552,10326508597,1,"IOTHUB_CLIENT_CONFIRMATION_OK"
10341,10326508752,10326508808,1,"IOTHUB_CLIENT_CONFIRMATION_OK"
10342,10326508953,10326508985,1,"IOTHUB_CLIENT_CONFIRMATION_OK"
10343,10326509153,10326509187,1,"IOTHUB_CLIENT_CONFIRMATION_OK"
10344,10326509353,10326509397,1,"IOTHUB_CLIENT_CONFIRMATION_OK"
10345,10326509553,10326509595,1,"IOTHUB_CLIENT_CONFIRMATION_OK"
10346,10326509754,10326509855,1,"IOTHUB_CLIENT_CONFIRMATION_OK"
10347,10326509954,10326510038,1,"IOTHUB_CLIENT_CONFIRMATION_OK"
10348,10326510154,10326510196,1,"IOTHUB_CLIENT_CONFIRMATION_OK"
10349,10326510354,10326510525,1,"IOTHUB_CLIENT_CONFIRMATION_OK"
10350,10326510554,10326510732,1,"IOTHUB_CLIENT_CONFIRMATION_OK"
10351,10326510754,10326510793,1,"IOTHUB_CLIENT_CONFIRMATION_OK"
10352,10326510954,10326511003,1,"IOTHUB_CLIENT_CONFIRMATION_OK"
10353,10326511155,10326511190,1,"IOTHUB_CLIENT_CONFIRMATION_OK"
10354,10326511355,10326511420,1,"IOTHUB_CLIENT_CONFIRMATION_OK"
10355,10326511555,10326511600,1,"IOTHUB_CLIENT_CONFIRMATION_OK"
10356,10326511755,10326511804,1,"IOTHUB_CLIENT_CONFIRMATION_OK"
10357,10326511955,10326512009,1,"IOTHUB_CLIENT_CONFIRMATION_OK"
10358,10326512156,10326512198,1,"IOTHUB_CLIENT_CONFIRMATION_OK"
10359,10326512356,10326512392,1,"IOTHUB_CLIENT_CONFIRMATION_OK"
10360,10326512556,10326512621,1,"IOTHUB_CLIENT_CONFIRMATION_OK"
10361,10326512756,10326512814,1,"IOTHUB_CLIENT_CONFIRMATION_OK"
10362,10326512956,10326513004,1,"IOTHUB_CLIENT_CONFIRMATION_OK"
10363,10326513156,10326513207,1,"IOTHUB_CLIENT_CONFIRMATION_OK"
10364,10326513357,10326513403,1,"IOTHUB_CLIENT_CONFIRMATION_OK"
10365,10326513557,10326513603,1,"IOTHUB_CLIENT_CONFIRMATION_OK"
10366,10326513757,10326513838,1,"IOTHUB_CLIENT_CONFIRMATION_OK"
10367,10326513957,10326514001,1,"IOTHUB_CLIENT_CONFIRMATION_OK"
10368,10326514157,10326514201,1,"IOTHUB_CLIENT_CONFIRMATION_OK"
10369,10326514357,10326514391,1,"IOTHUB_CLIENT_CONFIRMATION_OK"
10370,10326514557,10326514606,1,"IOTHUB_CLIENT_CONFIRMATION_OK"
10371,10326514758,10326514791,1,"IOTHUB_CLIENT_CONFIRMATION_OK"
10372,10326514958,10326515044,1,"IOTHUB_CLIENT_CONFIRMATION_OK"
10373,10326515158,10326515198,1,"IOTHUB_CLIENT_CONFIRMATION_OK"
10374,10326515358,10326515401,1,"IOTHUB_CLIENT_CONFIRMATION_OK"
10375,10326515558,10326515628,1,"IOTHUB_CLIENT_CONFIRMATION_OK"
10376,10326515758,10326515793,1,"IOTHUB_CLIENT_CONFIRMATION_OK"
10377,10326515958,10326516007,1,"IOTHUB_CLIENT_CONFIRMATION_OK"
10378,10326516159,10326516280,1,"IOTHUB_CLIENT_CONFIRMATION_OK"
10379,10326516359,10326516395,1,"IOTHUB_CLIENT_CONFIRMATION_OK"
10380,10326516559,10326516600,1,"IOTHUB_CLIENT_CONFIRMATION_OK"
10381,10326516759,10326516871,1,"IOTHUB_CLIENT_CONFIRMATION_OK"
10382,10326516960,10326516992,1,"IOTHUB_CLIENT_CONFIRMATION_OK"
10383,10326517160,10326517197,1,"IOTHUB_CLIENT_CONFIRMATION_OK"
10384,10326517360,10326517472,1,"IOTHUB_CLIENT_CONFIRMATION_OK"
10385,10326517560,10326517615,1,"IOTHUB_CLIENT_CONFIRMATION_OK"
10386,10326517760,10326517809,1,"IOTHUB_CLIENT_CONFIRMATION_OK"
10387,10326517960,10326517992,1,"IOTHUB_CLIENT_CONFIRMATION_OK"
10388,10326518160,10326518193,1,"IOTHUB_CLIENT_CONFIRMATION_OK"
10389,10326518361,10326518397,1,"IOTHUB_CLIENT_CONFIRMATION_OK"
10390,10326518561,10326518647,1,"IOTHUB_CLIENT_CONFIRMATION_OK"
10391,10326518761,10326518796,1,"IOTHUB_CLIENT_CONFIRMATION_OK"
10392,10326518961,10326518996,1,"IOTHUB_CLIENT_CONFIRMATION_OK"
10393,10326519161,10326519195,1,"IOTHUB_CLIENT_CONFIRMATION_OK"
10394,10326519361,10326519413,1,"IOTHUB_CLIENT_CONFIRMATION_OK"
10395,10326519562,10326519598,1,"IOTHUB_CLIENT_CONFIRMATION_OK"
10396,10326519762,10326519804,1,"IOTHUB_CLIENT_CONFIRMATION_OK"
10397,10326519962,10326520012,1,"IOTHUB_CLIENT_CONFIRMATION_OK"
10398,10326520162,10326520324,1,"IOTHUB_CLIENT_CONFIRMATION_OK"
10399,10326520362,10326520406,1,"IOTHUB_CLIENT_CONFIRMATION_OK"
10400,10326520563,10326520600,1,"IOTHUB_CLIENT_CONFIRMATION_OK"
10401,10326520763,10326520804,1,"IOTHUB_CLIENT_CONFIRMATION_OK"
10402,10326520963,10326521004,1,"IOTHUB_CLIENT_CONFIRMATION_OK"
10403,10326521163,10326521210,1,"IOTHUB_CLIENT_CONFIRMATION_OK"
10404,10326521363,10326521395,1,"IOTHUB_CLIENT_CONFIRMATION_OK"
10405,10326521563,10326521593,1,"IOTHUB_CLIENT_CONFIRMATION_OK"
10406,10326521764,10326521802,1,"IOTHUB_CLIENT_CONFIRMATION_OK"
10407,10326521964,10326522010,1,"IOTHUB_CLIENT_CONFIRMATION_OK"
10408,10326522164,10326522207,1,"IOTHUB_CLIENT_CONFIRMATION_OK"
10409,10326522364,10326522406,1,"IOTHUB_CLIENT_CONFIRMATION_OK"
10410,10326522564,10326522604,1,"IOTHUB_CLIENT_CONFIRMATION_OK"
10411,10326522764,10326522801,1,"IOTHUB_CLIENT_CONFIRMATION_OK"
10412,10326522964,10326523010,1,"IOTHUB_CLIENT_CONFIRMATION_OK"
10413,10326523165,10326523243,1,"IOTHUB_CLIENT_CONFIRMATION_OK"
10414,10326523365,10326523398,1,"IOTHUB_CLIENT_CONFIRMATION_OK"
10415,10326523565,10326523641,1,"IOTHUB_CLIENT_CONFIRMATION_OK"
10416,10326523765,10326523797,1,"IOTHUB_CLIENT_CONFIRMATION_OK"
10417,10326523965,10326523999,1,"IOTHUB_CLIENT_CONFIRMATION_OK"
10418,10326524165,10326524249,1,"IOTHUB_CLIENT_CONFIRMATION_OK"
10419,10326524366,10326524398,1,"IOTHUB_CLIENT_CONFIRMATION_OK"
10420,10326524566,10326524611,1,"IOTHUB_CLIENT_CONFIRMATION_OK"
10421,10326524766,10326524844,1,"IOTHUB_CLIENT_CONFIRMATION_OK"
10422,10326524966,10326524997,1,"IOTHUB_CLIENT_CONFIRMATION_OK"
10423,10326525166,10326525199,1,"IOTHUB_CLIENT_CONFIRMATION_OK"
10424,10326525366,10326525472,1,"IOTHUB_CLIENT_CONFIRMATION_OK"
10425,10326525566,10326525613,1,"IOTHUB_CLIENT_CONFIRMATION_OK"
10426,10326525767,10326525812,1,"IOTHUB_CLIENT_CONFIRMATION_OK"
10427,10326525967,10326526127,1,"IOTHUB_CLIENT_CONFIRMATION_OK"
10428,10326526167,10326526209,1,"IOTHUB_CLIENT_CONFIRMATION_OK"
10429,10326526367,10326526400,1,"IOTHUB_CLIENT_CONFIRMATION_OK"
10430,10326526567,10326526610,1,"IOTHUB_CLIENT_CONFIRMATION_OK"
10431,10326526768,10326526818,1,"IOTHUB_CLIENT_CONFIRMATION_OK"
10432,10326526968,10326527015,1,"IOTHUB_CLIENT_CONFIRMATION_OK"
10433,10326527168,10326527208,1,"IOTHUB_CLIENT_CONFIRMATION_OK"
10434,10326527368,10326527459,1,"IOTHUB_CLIENT_CONFIRMATION_OK"
10435,10326527568,10326527599,1,"IOTHUB_CLIENT_CONFIRMATION_OK"
10436,10326527768,10326527804,1,"IOTHUB_CLIENT_CONFIRMATION_OK"
10437,10326527969,10326528017,1,"IOTHUB_CLIENT_CONFIRMATION_OK"
10438,10326528169,10326528210,1,"IOTHUB_CLIENT_CONFIRMATION_OK"
10439,10326528369,10326528411,1,"IOTHUB_CLIENT_CONFIRMATION_OK"
10440,10326528569,10326528602,1,"IOTHUB_CLIENT_CONFIRMATION_OK"
10441,10326528769,10326528812,1,"IOTHUB_CLIENT_CONFIRMATION_OK"
10442,10326528969,10326529022,1,"IOTHUB_CLIENT_CONFIRMATION_OK"
10443,10326529169,10326529202,1,"IOTHUB_CLIENT_CONFIRMATION_OK"
10444,10326529370,10326529408,1,"IOTHUB_CLIENT_CONFIRMATION_OK"
10445,10326529570,10326529603,1,"IOTHUB_CLIENT_CONFIRMATION_OK"
10446,10326529770,10326529801,1,"IOTHUB_CLIENT_CONFIRMATION_OK"
10447,10326529970,10326530032,1,"IOTHUB_CLIENT_CONFIRMATION_OK"
10448,10326530170,10326530225,1,"IOTHUB_CLIENT_CONFIRMATION_OK"
10449,10326530370,10326530411,1,"IOTHUB_CLIENT_CONFIRMATION_OK"
10450,10326530571,10326530667,1,"IOTHUB_CLIENT_CONFIRMATION_OK"
10451,10326530771,10326530810,1,"IOTHUB_CLIENT_CONFIRMATION_OK"
10452,10326530971,10326531016,1,"IOTHUB_CLIENT_CONFIRMATION_OK"
10453,10326531171,10326531271,1,"IOTHUB_CLIENT_CONFIRMATION_OK"
10454,10326531371,10326531405,1,"IOTHUB_CLIENT_CONFIRMATION_OK"
10455,10326531571,10326531612,1,"IOTHUB_CLIENT_CONFIRMATION_OK"
10456,10326531772,10326531877,1,"IOTHUB_CLIENT_CONFIRMATION_OK"
10457,10326531972,10326532004,1,"IOTHUB_CLIENT_CONFIRMATION_OK"
10458,10326532172,10326532228,1,"IOTHUB_CLIENT_CONFIRMATION_OK"
10459,10326532372,10326532494,1,"IOTHUB_CLIENT_CONFIRMATION_OK"
10460,10326532573,10326532636,1,"IOTHUB_CLIENT_CONFIRMATION_OK"
10461,10326532773,10326532925,1,"IOTHUB_CLIENT_CONFIRMATION_OK"
10462,10326532973,10326533159,1,"IOTHUB_CLIENT_CONFIRMATION_OK"
10463,10326533173,10326533239,1,"IOTHUB_CLIENT_CONFIRMATION_OK"
10464,10326533373,10326533442,1,"IOTHUB_CLIENT_CONFIRMATION_OK"
10465,10326533573,10326533616,1,"IOTHUB_CLIENT_CONFIRMATION_OK"
10466,10326533773,10326533813,1,"IOTHUB_CLIENT_CONFIRMATION_OK"
10467,10326533974,10326534014,1,"IOTHUB_CLIENT_CONFIRMATION_OK"
10468,10326534174,10326534218,1,"IOTHUB_CLIENT_CONFIRMATION_OK"
10469,10326534374,10326534418,1,"IOTHUB_CLIENT_CONFIRMATION_OK"
10470,10326534574,10326534606,1,"IOTHUB_CLIENT_CONFIRMATION_OK"
10471,10326534774,10326534818,1,"IOTHUB_CLIENT_CONFIRMATION_OK"
10472,10326534974,10326535017,1,"IOTHUB_CLIENT_CONFIRMATION_OK"
10473,10326535175,10326535213,1,"IOTHUB_CLIENT_CONFIRMATION_OK"
10474,10326535375,10326535459,1,"IOTHUB_CLIENT_CONFIRMATION_OK"
10475,10326535575,10326535613,1,"IOTHUB_CLIENT_CONFIRMATION_OK"
10476,10326535775,10326535846,1,"IOTHUB_CLIENT_CONFIRMATION_OK"
10477,10326535975,10326536011,1,"IOTHUB_CLIENT_CONFIRMATION_OK"
10478,10326536175,10326536222,1,"IOTHUB_CLIENT_CONFIRMATION_OK"
10479,10326536375,10326536468,1,"IOTHUB_CLIENT_CONFIRMATION_OK"
10480,10326536576,10326536623,1,"IOTHUB_CLIENT_CONFIRMATION_OK"
10481,10326536776,10326536823,1,"IOTHUB_CLIENT_CONFIRMATION_OK"
10482,10326536976,10326537080,1,"IOTHUB_CLIENT_CONFIRMATION_OK"
10483,10326537176,10326537216,1,"IOTHUB_CLIENT_CONFIRMATION_OK"
10484,10326537377,10326537426,1,"IOTHUB_CLIENT_CONFIRMATION_OK"
10485,10326537577,10326537682,1,"IOTHUB_CLIENT_CONFIRMATION_OK"
10486,10326537777,10326537822,1,"IOTHUB_CLIENT_CONFIRMATION_OK"
10487,10326537977,10326538017,1,"IOTHUB_CLIENT_CONFIRMATION_OK"
10488,10326538177,10326538214,1,"IOTHUB_CLIENT_CONFIRMATION_OK"
10489,10326538378,10326538419,1,"IOTHUB_CLIENT_CONFIRMATION_OK"
10490,10326538578,10326538623,1,"IOTHUB_CLIENT_CONFIRMATION_OK"
10491,10326538778,10326538822,1,"IOTHUB_CLIENT_CONFIRMATION_OK"
10492,10326538978,10326539177,1,"IOTHUB_CLIENT_CONFIRMATION_OK"
10493,10326539178,10326539234,1,"IOTHUB_CLIENT_CONFIRMATION_OK"
10494,10326539378,10326539419,1,"IOTHUB_CLIENT_CONFIRMATION_OK"
10495,10326539578,10326539622,1,"IOTHUB_CLIENT_CONFIRMATION_OK"
10496,10326539779,10326539825,1,"IOTHUB_CLIENT_CONFIRMATION_OK"
10497,10326539979,10326540046,1,"IOTHUB_CLIENT_CONFIRMATION_OK"
10498,10326540179,10326540252,1,"IOTHUB_CLIENT_CONFIRMATION_OK"
10499,10326540379,10326540497,1,"IOTHUB_CLIENT_CONFIRMATION_OK"
10500,10326540579,10326540634,1,"IOTHUB_CLIENT_CONFIRMATION_OK"
10501,10326540780,10326540824,1,"IOTHUB_CLIENT_CONFIRMATION_OK"
10502,10326540980,10326541123,1,"IOTHUB_CLIENT_CONFIRMATION_OK"
10503,10326541180,10326541221,1,"IOTHUB_CLIENT_CONFIRMATION_OK"
10504,10326541380,10326541454,1,"IOTHUB_CLIENT_CONFIRMATION_OK"
10505,10326541581,10326541714,1,"IOTHUB_CLIENT_CONFIRMATION_OK"
10506,10326541781,10326541824,1,"IOTHUB_CLIENT_CONFIRMATION_OK"
10507,10326541981,10326542058,1,"IOTHUB_CLIENT_CONFIRMATION_OK"
10508,10326542181,10326542223,1,"IOTHUB_CLIENT_CONFIRMATION_OK"
10509,10326542381,10326542426,1,"IOTHUB_CLIENT_CONFIRMATION_OK"
10510,10326542581,10326542633,1,"IOTHUB_CLIENT_CONFIRMATION_OK"
10511,10326542782,10326542838,1,"IOTHUB_CLIENT_CONFIRMATION_OK"
10512,10326542982,10326543032,1,"IOTHUB_CLIENT_CONFIRMATION_OK"
10513,10326543182,10326543270,1,"IOTHUB_CLIENT_CONFIRMATION_OK"
10514,10326543382,10326543432,1,"IOTHUB_CLIENT_CONFIRMATION_OK"
10515,10326543582,10326543626,1,"IOTHUB_CLIENT_CONFIRMATION_OK"
10516,10326543782,10326543851,1,"IOTHUB_CLIENT_CONFIRMATION_OK"
10517,10326543983,10326544024,1,"IOTHUB_CLIENT_CONFIRMATION_OK"
10518,10326544183,10326544279,1,"IOTHUB_CLIENT_CONFIRMATION_OK"
10519,10326544383,10326544459,1,"IOTHUB_CLIENT_CONFIRMATION_OK"
10520,10326544583,10326544628,1,"IOTHUB_CLIENT_CONFIRMATION_OK"
10521,10326544783,10326544840,1,"IOTHUB_CLIENT_CONFIRMATION_OK"
10522,10326544983,10326545115,1,"IOTHUB_CLIENT_CONFIRMATION_OK"
10523,10326545184,10326545235,1,"IOTHUB_CLIENT_CONFIRMATION_OK"
10524,10326545384,10326545431,1,"IOTHUB_CLIENT_CONFIRMATION_OK"
10525,10326545584,10326545724,1,"IOTHUB_CLIENT_CONFIRMATION_OK"
10526,10326545784,10326545839,1,"IOTHUB_CLIENT_CONFIRMATION_OK"
10527,10326545984,10326546039,1,"IOTHUB_CLIENT_CONFIRMATION_OK"
10528,10326546184,10326546329,1,"IOTHUB_CLIENT_CONFIRMATION_OK"
10529,10326546385,10326546428,1,"IOTHUB_CLIENT_CONFIRMATION_OK"
10530,10326546585,10326546627,1,"IOTHUB_CLIENT_CONFIRMATION_OK"
10531,10326546785,10326546821,1,"IOTHUB_CLIENT_CONFIRMATION_OK"
10532,10326546985,10326547040,1,"IOTHUB_CLIENT_CONFIRMATION_OK"
10533,10326547185,10326547241,1,"IOTHUB_CLIENT_CONFIRMATION_OK"
10534,10326547385,10326547460,1,"IOTHUB_CLIENT_CONFIRMATION_OK"
10535,10326547585,10326547625,1,"IOTHUB_CLIENT_CONFIRMATION_OK"
10536,10326547786,10326547830,1,"IOTHUB_CLIENT_CONFIRMATION_OK"
10537,10326547986,10326548030,1,"IOTHUB_CLIENT_CONFIRMATION_OK"
10538,10326548186,10326548275,1,"IOTHUB_CLIENT_CONFIRMATION_OK"
10539,10326548386,10326548437,1,"IOTHUB_CLIENT_CONFIRMATION_OK"
10540,10326548586,10326548630,1,"IOTHUB_CLIENT_CONFIRMATION_OK"
10541,10326548786,10326548842,1,"IOTHUB_CLIENT_CONFIRMATION_OK"
10542,10326548987,10326549042,1,"IOTHUB_CLIENT_CONFIRMATION_OK"
10543,10326549187,10326549228,1,"IOTHUB_CLIENT_CONFIRMATION_OK"
10544,10326549387,10326549432,1,"IOTHUB_CLIENT_CONFIRMATION_OK"
10545,10326549587,10326549673,1,"IOTHUB_CLIENT_CONFIRMATION_OK"
10546,10326549787,10326549834,1,"IOTHUB_CLIENT_CONFIRMATION_OK"
10547,10326549987,10326550021,1,"IOTHUB_CLIENT_CONFIRMATION_OK"
10548,10326550188,10326550256,1,"IOTHUB_CLIENT_CONFIRMATION_OK"
10549,10326550388,10326550432,1,"IOTHUB_CLIENT_CONFIRMATION_OK"
10550,10326550588,10326550632,1,"IOTHUB_CLIENT_CONFIRMATION_OK"
10551,10326550788,10326550833,1,"IOTHUB_CLIENT_CONFIRMATION_OK"
10552,10326550988,10326551029,1,"IOTHUB_CLIENT_CONFIRMATION_OK"
10553,10326551189,10326551238,1,"IOTHUB_CLIENT_CONFIRMATION_OK"
10554,10326551389,10326551432,1,"IOTHUB_CLIENT_CONFIRMATION_OK"
10555,10326551589,10326551724,1,"IOTHUB_CLIENT_CONFIRMATION_OK"
10556,10326551789,10326551839,1,"IOTHUB_CLIENT_CONFIRMATION_OK"
10557,10326551989,10326552053,1,"IOTHUB_CLIENT_CONFIRMATION_OK"
10558,10326552189,10326552309,1,"IOTHUB_CLIENT_CONFIRMATION_OK"
10559,10326552389,10326552430,1,"IOTHUB_CLIENT_CONFIRMATION_OK"
10560,10326552590,10326552698,1,"IOTHUB_CLIENT_CONFIRMATION_OK"
10561,10326552790,10326552892,1,"IOTHUB_CLIENT_CONFIRMATION_OK"
10562,10326552990,10326553055,1,"IOTHUB_CLIENT_CONFIRMATION_OK"
10563,10326553190,10326553255,1,"IOTHUB_CLIENT_CONFIRMATION_OK"
10564,10326553390,10326553449,1,"IOTHUB_CLIENT_CONFIRMATION_OK"
10565,10326553591,10326553686,1,"IOTHUB_CLIENT_CONFIRMATION_OK"
10566,10326553791,10326553872,1,"IOTHUB_CLIENT_CONFIRMATION_OK"
10567,10326553991,10326554058,1,"IOTHUB_CLIENT_CONFIRMATION_OK"
10568,10326554191,10326554241,1,"IOTHUB_CLIENT_CONFIRMATION_OK"
10569,10326554391,10326554434,1,"IOTHUB_CLIENT_CONFIRMATION_OK"
10570,10326554592,10326554643,1,"IOTHUB_CLIENT_CONFIRMATION_OK"
10571,10326554792,10326554911,1,"IOTHUB_CLIENT_CONFIRMATION_OK"
10572,10326554992,10326555042,1,"IOTHUB_CLIENT_CONFIRMATION_OK"
10573,10326555192,10326555246,1,"IOTHUB_CLIENT_CONFIRMATION_OK"
10574,10326555392,10326555513,1,"IOTHUB_CLIENT_CONFIRMATION_OK"
10575,10326555592,10326555642,1,"IOTHUB_CLIENT_CONFIRMATION_OK"
10576,10326555793,10326555840,1,"IOTHUB_CLIENT_CONFIRMATION_OK"
10577,10326555993,10326556126,1,"IOTHUB_CLIENT_CONFIRMATION_OK"
10578,10326556193,10326556260,1,"IOTHUB_CLIENT_CONFIRMATION_OK"
10579,10326556393,10326556440,1,"IOTHUB_CLIENT_CONFIRMATION_OK"
10580,10326556593,10326556746,1,"IOTHUB_CLIENT_CONFIRMATION_OK"
10581,10326556793,10326556839,1,"IOTHUB_CLIENT_CONFIRMATION_OK"
10582,10326556994,10326557043,1,"IOTHUB_CLIENT_CONFIRMATION_OK"
10583,10326557194,10326557239,1,"IOTHUB_CLIENT_CONFIRMATION_OK"
10584,10326557394,10326557433,1,"IOTHUB_CLIENT_CONFIRMATION_OK"
10585,10326557594,10326557689,1,"IOTHUB_CLIENT_CONFIRMATION_OK"
10586,10326557794,10326558030,1,"IOTHUB_CLIENT_CONFIRMATION_OK"
10587,10326557994,10326558048,1,"IOTHUB_CLIENT_CONFIRMATION_OK"
10588,10326558195,10326558236,1,"IOTHUB_CLIENT_CONFIRMATION_OK"
10589,10326558395,10326558430,1,"IOTHUB_CLIENT_CONFIRMATION_OK"
10590,10326558595,10326558636,1,"IOTHUB_CLIENT_CONFIRMATION_OK"
10591,10326558795,10326558838,1,"IOTHUB_CLIENT_CONFIRMATION_OK"
10592,10326558995,10326559041,1,"IOTHUB_CLIENT_CONFIRMATION_OK"
10593,10326559195,10326559241,1,"IOTHUB_CLIENT_CONFIRMATION_OK"
10594,10326559395,10326559442,1,"IOTHUB_CLIENT_CONFIRMATION_OK"
10595,10326559596,10326559665,1,"IOTHUB_CLIENT_CONFIRMATION_OK"
10596,10326559796,10326559838,1,"IOTHUB_CLIENT_CONFIRMATION_OK"
10597,10326559996,10326560175,1,"IOTHUB_CLIENT_CONFIRMATION_OK"
10598,10326560196,10326560239,1,"IOTHUB_CLIENT_CONFIRMATION_OK"
10599,10326560396,10326560442,1,"IOTHUB_CLIENT_CONFIRMATION_OK"
10600,10326560596,10326560640,1,"IOTHUB_CLIENT_CONFIRMATION_OK"
10601,10326560796,10326560841,1,"IOTHUB_CLIENT_CONFIRMATION_OK"
10602,10326560997,10326561047,1,"IOTHUB_CLIENT_CONFIRMATION_OK"
10603,10326561197,10326561238,1,"IOTHUB_CLIENT_CONFIRMATION_OK"
10604,10326561397,10326561446,1,"IOTHUB_CLIENT_CONFIRMATION_OK"
10605,10326561597,10326561633,1,"IOTHUB_CLIENT_CONFIRMATION_OK"
10606,10326561797,10326561836,1,"IOTHUB_CLIENT_CONFIRMATION_OK"
10607,10326561997,10326562045,1,"IOTHUB_CLIENT_CONFIRMATION_OK"
10608,10326562198,10326562255,1,"IOTHUB_CLIENT_CONFIRMATION_OK"
10609,10326562398,10326562441,1,"IOTHUB_CLIENT_CONFIRMATION_OK"
10610,10326562598,10326562640,1,"IOTHUB_CLIENT_CONFIRMATION_OK"
10611,10326562798,10326562841,1,"IOTHUB_CLIENT_CONFIRMATION_OK"
10612,10326562998,10326563041,1,"IOTHUB_CLIENT_CONFIRMATION_OK"
10613,10326563199,10326563236,1,"IOTHUB_CLIENT_CONFIRMATION_OK"
10614,10326563399,10326563524,1,"IOTHUB_CLIENT_CONFIRMATION_OK"
10615,10326563599,10326563662,1,"IOTHUB_CLIENT_CONFIRMATION_OK"
10616,10326563799,10326563849,1,"IOTHUB_CLIENT_CONFIRMATION_OK"
10617,10326563999,10326564058,1,"IOTHUB_CLIENT_CONFIRMATION_OK"
10618,10326564199,10326564255,1,"IOTHUB_CLIENT_CONFIRMATION_OK"
10619,10326564400,10326564455,1,"IOTHUB_CLIENT_CONFIRMATION_OK"
10620,10326564600,10326564643,1,"IOTHUB_CLIENT_CONFIRMATION_OK"
10621,10326564800,10326564919,1,"IOTHUB_CLIENT_CONFIRMATION_OK"
10622,10326565000,10326565050,1,"IOTHUB_CLIENT_CONFIRMATION_OK"
10623,10326565200,10326565267,1,"IOTHUB_CLIENT_CONFIRMATION_OK"
10624,10326565400,10326565455,1,"IOTHUB_CLIENT_CONFIRMATION_OK"
10625,10326565601,10326565637,1,"IOTHUB_CLIENT_CONFIRMATION_OK"
10626,10326565801,10326565890,1,"IOTHUB_CLIENT_CONFIRMATION_OK"
10627,10326566001,10326566048,1,"IOTHUB_CLIENT_CONFIRMATION_OK"
10628,10326566201,10326566235,1,"IOTHUB_CLIENT_CONFIRMATION_OK"
10629,10326566401,10326566486,1,"IOTHUB_CLIENT_CONFIRMATION_OK"
10630,10326566601,10326566645,1,"IOTHUB_CLIENT_CONFIRMATION_OK"
10631,10326566801,10326566845,1,"IOTHUB_CLIENT_CONFIRMATION_OK"
10632,10326567002,10326567163,1,"IOTHUB_CLIENT_CONFIRMATION_OK"
10633,10326567202,10326567232,1,"IOTHUB_CLIENT_CONFIRMATION_OK"
10634,10326567402,10326567453,1,"IOTHUB_CLIENT_CONFIRMATION_OK"
10635,10326567602,10326567708,1,"IOTHUB_CLIENT_CONFIRMATION_OK"
10636,10326567802,10326567854,1,"IOTHUB_CLIENT_CONFIRMATION_OK"
10637,10326568003,10326568068,1,"IOTHUB_CLIENT_CONFIRMATION_OK"
10638,10326568203,10326568240,1,"IOTHUB_CLIENT_CONFIRMATION_OK"
10639,10326568403,10326568461,1,"IOTHUB_CLIENT_CONFIRMATION_OK"
10640,10326568603,10326568644,1,"IOTHUB_CLIENT_CONFIRMATION_OK"
10641,10326568803,10326568850,1,"IOTHUB_CLIENT_CONFIRMATION_OK"
10642,10326569003,10326569032,1,"IOTHUB_CLIENT_CONFIRMATION_OK"
10643,10326569203,10326569239,1,"IOTHUB_CLIENT_CONFIRMATION_OK"
10644,10326569404,10326569466,1,"IOTHUB_CLIENT_CONFIRMATION_OK"
10645,10326569604,10326569638,1,"IOTHUB_CLIENT_CONFIRMATION_OK"
10646,10326569804,10326569973,1,"IOTHUB_CLIENT_CONFIRMATION_OK"
10647,10326570004,10326570038,1,"IOTHUB_CLIENT_CONFIRMATION_OK"
10648,10326570204,10326570249,1,"IOTHUB_CLIENT_CONFIRMATION_OK"
10649,10326570405,10326570441,1,"IOTHUB_CLIENT_CONFIRMATION_OK"
10650,10326570605,10326570650,1,"IOTHUB_CLIENT_CONFIRMATION_OK"
10651,10326570805,10326570846,1,"IOTHUB_CLIENT_CONFIRMATION_OK"
10652,10326571005,10326571052,1,"IOTHUB_CLIENT_CONFIRMATION_OK"
10653,10326571205,10326571243,1,"IOTHUB_CLIENT_CONFIRMATION_OK"
10654,10326571405,10326571439,1,"IOTHUB_CLIENT_CONFIRMATION_OK"
10655,10326571606,10326571639,1,"IOTHUB_CLIENT_CONFIRMATION_OK"
10656,10326571806,10326571853,1,"IOTHUB_CLIENT_CONFIRMATION_OK"
10657,10326572006,10326572085,1,"IOTHUB_CLIENT_CONFIRMATION_OK"
10658,10326572206,10326572238,1,"IOTHUB_CLIENT_CONFIRMATION_OK"
10659,10326572406,10326572452,1,"IOTHUB_CLIENT_CONFIRMATION_OK"
10660,10326572607,10326572676,1,"IOTHUB_CLIENT_CONFIRMATION_OK"
10661,10326572807,10326572839,1,"IOTHUB_CLIENT_CONFIRMATION_OK"
10662,10326573007,10326573044,1,"IOTHUB_CLIENT_CONFIRMATION_OK"
10663,10326573207,10326573246,1,"IOTHUB_CLIENT_CONFIRMATION_OK"
10664,10326573407,10326573452,1,"IOTHUB_CLIENT_CONFIRMATION_OK"
10665,10326573608,10326573652,1,"IOTHUB_CLIENT_CONFIRMATION_OK"
10666,10326573808,10326573847,1,"IOTHUB_CLIENT_CONFIRMATION_OK"
10667,10326574008,10326574101,1,"IOTHUB_CLIENT_CONFIRMATION_OK"
10668,10326574208,10326574256,1,"IOTHUB_CLIENT_CONFIRMATION_OK"
10669,10326574408,10326574453,1,"IOTHUB_CLIENT_CONFIRMATION_OK"
10670,10326574608,10326574650,1,"IOTHUB_CLIENT_CONFIRMATION_OK"
10671,10326574808,10326574853,1,"IOTHUB_CLIENT_CONFIRMATION_OK"
10672,10326575009,10326575065,1,"IOTHUB_CLIENT_CONFIRMATION_OK"
10673,10326575209,10326575252,1,"IOTHUB_CLIENT_CONFIRMATION_OK"
10674,10326575409,10326575455,1,"IOTHUB_CLIENT_CONFIRMATION_OK"
10675,10326575609,10326575745,1,"IOTHUB_CLIENT_CONFIRMATION_OK"
10676,10326575809,10326575901,1,"IOTHUB_CLIENT_CONFIRMATION_OK"
10677,10326576009,10326576158,1,"IOTHUB_CLIENT_CONFIRMATION_OK"
10678,10326576210,10326576370,1,"IOTHUB_CLIENT_CONFIRMATION_OK"
10679,10326576410,10326576460,1,"IOTHUB_CLIENT_CONFIRMATION_OK"
10680,10326576610,10326576731,1,"IOTHUB_CLIENT_CONFIRMATION_OK"
10681,10326576810,10326576853,1,"IOTHUB_CLIENT_CONFIRMATION_OK"
10682,10326577010,10326577055,1,"IOTHUB_CLIENT_CONFIRMATION_OK"
10683,10326577210,10326577246,1,"IOTHUB_CLIENT_CONFIRMATION_OK"
10684,10326577410,10326577502,1,"IOTHUB_CLIENT_CONFIRMATION_OK"
10685,10326577611,10326577654,1,"IOTHUB_CLIENT_CONFIRMATION_OK"
10686,10326577811,10326577874,1,"IOTHUB_CLIENT_CONFIRMATION_OK"
10687,10326578011,10326578154,1,"IOTHUB_CLIENT_CONFIRMATION_OK"
10688,10326578211,10326578624,1,"IOTHUB_CLIENT_CONFIRMATION_OK"
10689,10326578411,10326578653,1,"IOTHUB_CLIENT_CONFIRMATION_OK"
10690,10326578611,10326578686,1,"IOTHUB_CLIENT_CONFIRMATION_OK"
10691,10326578812,10326578859,1,"IOTHUB_CLIENT_CONFIRMATION_OK"
10692,10326579012,10326579043,1,"IOTHUB_CLIENT_CONFIRMATION_OK"
10693,10326579212,10326579475,1,"IOTHUB_CLIENT_CONFIRMATION_OK"
10694,10326579412,10326579509,1,"IOTHUB_CLIENT_CONFIRMATION_OK"
10695,10326579612,10326579653,1,"IOTHUB_CLIENT_CONFIRMATION_OK"
10696,10326579812,10326579843,1,"IOTHUB_CLIENT_CONFIRMATION_OK"
10697,10326580013,10326580057,1,"IOTHUB_CLIENT_CONFIRMATION_OK"
10698,10326580213,10326580387,1,"IOTHUB_CLIENT_CONFIRMATION_OK"
10699,10326580413,10326580469,1,"IOTHUB_CLIENT_CONFIRMATION_OK"
10700,10326580613,10326580651,1,"IOTHUB_CLIENT_CONFIRMATION_OK"
10701,10326580813,10326580869,1,"IOTHUB_CLIENT_CONFIRMATION_OK"
10702,10326581013,10326581042,1,"IOTHUB_CLIENT_CONFIRMATION_OK"
10703,10326581214,10326581290,1,"IOTHUB_CLIENT_CONFIRMATION_OK"
10704,10326581414,10326581457,1,"IOTHUB_CLIENT_CONFIRMATION_OK"
10705,10326581614,10326581686,1,"IOTHUB_CLIENT_CONFIRMATION_OK"
10706,10326581814,10326581859,1,"IOTHUB_CLIENT_CONFIRMATION_OK"
10707,10326582014,10326582072,1,"IOTHUB_CLIENT_CONFIRMATION_OK"
10708,10326582215,10326582286,1,"IOTHUB_CLIENT_CONFIRMATION_OK"
10709,10326582415,10326582445,1,"IOTHUB_CLIENT_CONFIRMATION_OK"
10710,10326582615,10326582666,1,"IOTHUB_CLIENT_CONFIRMATION_OK"
10711,10326582815,10326582926,1,"IOTHUB_CLIENT_CONFIRMATION_OK"
10712,10326583015,10326583058,1,"IOTHUB_CLIENT_CONFIRMATION_OK"
10713,10326583215,10326583544,1,"IOTHUB_CLIENT_CONFIRMATION_OK"
10714,10326583416,10326583571,1,"IOTHUB_CLIENT_CONFIRMATION_OK"
10715,10326583616,10326583649,1,"IOTHUB_CLIENT_CONFIRMATION_OK"
10716,10326583816,10326583851,1,"IOTHUB_CLIENT_CONFIRMATION_OK"
10717,10326584016,10326584053,1,"IOTHUB_CLIENT_CONFIRMATION_OK"
10718,10326584216,10326584258,1,"IOTHUB_CLIENT_CONFIRMATION_OK"
10719,10326584416,10326584453,1,"IOTHUB_CLIENT_CONFIRMATION_OK"
10720,10326584616,10326584671,1,"IOTHUB_CLIENT_CONFIRMATION_OK"
10721,10326584817,10326584855,1,"IOTHUB_CLIENT_CONFIRMATION_OK"
10722,10326585017,10326585077,1,"IOTHUB_CLIENT_CONFIRMATION_OK"
10723,10326585217,10326585277,1,"IOTHUB_CLIENT_CONFIRMATION_OK"
10724,10326585417,10326585548,1,"IOTHUB_CLIENT_CONFIRMATION_OK"
10725,10326585618,10326585657,1,"IOTHUB_CLIENT_CONFIRMATION_OK"
10726,10326585818,10326585858,1,"IOTHUB_CLIENT_CONFIRMATION_OK"
10727,10326586018,10326586167,1,"IOTHUB_CLIENT_CONFIRMATION_OK"
10728,10326586218,10326586260,1,"IOTHUB_CLIENT_CONFIRMATION_OK"
10729,10326586418,10326586587,1,"IOTHUB_CLIENT_CONFIRMATION_OK"
10730,10326586618,10326586818,1,"IOTHUB_CLIENT_CONFIRMATION_OK"
10731,10326586818,10326586874,1,"IOTHUB_CLIENT_CONFIRMATION_OK"
10732,10326587019,10326587071,1,"IOTHUB_CLIENT_CONFIRMATION_OK"
10733,10326587219,10326587262,1,"IOTHUB_CLIENT_CONFIRMATION_OK"
10734,10326587419,10326587462,1,"IOTHUB_CLIENT_CONFIRMATION_OK"
10735,10326587619,10326587657,1,"IOTHUB_CLIENT_CONFIRMATION_OK"
10736,10326587820,10326587863,1,"IOTHUB_CLIENT_CONFIRMATION_OK"
10737,10326588020,10326588061,1,"IOTHUB_CLIENT_CONFIRMATION_OK"
10738,10326588220,10326588264,1,"IOTHUB_CLIENT_CONFIRMATION_OK"
10739,10326588420,10326588487,1,"IOTHUB_CLIENT_CONFIRMATION_OK"
10740,10326588620,10326588665,1,"IOTHUB_CLIENT_CONFIRMATION_OK"
10741,10326588820,10326588864,1,"IOTHUB_CLIENT_CONFIRMATION_OK"
10742,10326589020,10326589074,1,"IOTHUB_CLIENT_CONFIRMATION_OK"
10743,10326589221,10326589253,1,"IOTHUB_CLIENT_CONFIRMATION_OK"
10744,10326589421,10326589463,1,"IOTHUB_CLIENT_CONFIRMATION_OK"
10745,10326589621,10326589663,1,"IOTHUB_CLIENT_CONFIRMATION_OK"
10746,10326589821,10326589870,1,"IOTHUB_CLIENT_CONFIRMATION_OK"
10747,10326590021,10326590254,1,"IOTHUB_CLIENT_CONFIRMATION_OK"
10748,10326590221,10326590280,1,"IOTHUB_CLIENT_CONFIRMATION_OK"
10749,10326590422,10326590466,1,"IOTHUB_CLIENT_CONFIRMATION_OK"
10750,10326590622,10326590675,1,"IOTHUB_CLIENT_CONFIRMATION_OK"
10751,10326590822,10326590866,1,"IOTHUB_CLIENT_CONFIRMATION_OK"
10752,10326591022,10326591068,1,"IOTHUB_CLIENT_CONFIRMATION_OK"
10753,10326591222,10326591271,1,"IOTHUB_CLIENT_CONFIRMATION_OK"
10754,10326591422,10326591467,1,"IOTHUB_CLIENT_CONFIRMATION_OK"
10755,10326591622,10326591846,1,"IOTHUB_CLIENT_CONFIRMATION_OK"
10756,10326591823,10326591876,1,"IOTHUB_CLIENT_CONFIRMATION_OK"
10757,10326592023,10326592068,1,"IOTHUB_CLIENT_CONFIRMATION_OK"
10758,10326592223,10326592268,1,"IOTHUB_CLIENT_CONFIRMATION_OK"
10759,10326592423,10326592472,1,"IOTHUB_CLIENT_CONFIRMATION_OK"
10760,10326592623,10326592670,1,"IOTHUB_CLIENT_CONFIRMATION_OK"
10761,10326592823,10326592867,1,"IOTHUB_CLIENT_CONFIRMATION_OK"
10762,10326593024,10326593087,1,"IOTHUB_CLIENT_CONFIRMATION_OK"
10763,10326593224,10326593277,1,"IOTHUB_CLIENT_CONFIRMATION_OK"
10764,10326593424,10326593469,1,"IOTHUB_CLIENT_CONFIRMATION_OK"
10765,10326593624,10326593694,1,"IOTHUB_CLIENT_CONFIRMATION_OK"
10766,10326593824,10326593859,1,"IOTHUB_CLIENT_CONFIRMATION_OK"
10767,10326594024,10326594066,1,"IOTHUB_CLIENT_CONFIRMATION_OK"
10768,10326594224,10326594263,1,"IOTHUB_CLIENT_CONFIRMATION_OK"
10769,10326594425,10326594468,1,"IOTHUB_CLIENT_CONFIRMATION_OK"
10770,10326594625,10326594657,1,"IOTHUB_CLIENT_CONFIRMATION_OK"
10771,10326594825,10326594885,1,"IOTHUB_CLIENT_CONFIRMATION_OK"
10772,10326595025,10326595063,1,"IOTHUB_CLIENT_CONFIRMATION_OK"
10773,10326595226,10326595346,1,"IOTHUB_CLIENT_CONFIRMATION_OK"
10774,10326595426,10326595486,1,"IOTHUB_CLIENT_CONFIRMATION_OK"
10775,10326595626,10326595667,1,"IOTHUB_CLIENT_CONFIRMATION_OK"
10776,10326595826,10326595947,1,"IOTHUB_CLIENT_CONFIRMATION_OK"
10777,10326596026,10326596065,1,"IOTHUB_CLIENT_CONFIRMATION_OK"
10778,10326596226,10326596257,1,"IOTHUB_CLIENT_CONFIRMATION_OK"
10779,10326596426,10326596564,1,"IOTHUB_CLIENT_CONFIRMATION_OK"
10780,10326596627,10326596671,1,"IOTHUB_CLIENT_CONFIRMATION_OK"
10781,10326596827,10326596872,1,"IOTHUB_CLIENT_CONFIRMATION_OK"
10782,10326597027,10326597070,1,"IOTHUB_CLIENT_CONFIRMATION_OK"
10783,10326597227,10326597269,1,"IOTHUB_CLIENT_CONFIRMATION_OK"
10784,10326597427,10326597499,1,"IOTHUB_CLIENT_CONFIRMATION_OK"
10785,10326597627,10326597680,1,"IOTHUB_CLIENT_CONFIRMATION_OK"
10786,10326597827,10326597861,1,"IOTHUB_CLIENT_CONFIRMATION_OK"
10787,10326598028,10326598061,1,"IOTHUB_CLIENT_CONFIRMATION_OK"
10788,10326598228,10326598348,1,"IOTHUB_CLIENT_CONFIRMATION_OK"
10789,10326598428,10326598473,1,"IOTHUB_CLIENT_CONFIRMATION_OK"
10790,10326598628,10326598693,1,"IOTHUB_CLIENT_CONFIRMATION_OK"
10791,10326598829,10326598919,1,"IOTHUB_CLIENT_CONFIRMATION_OK"
10792,10326599029,10326599065,1,"IOTHUB_CLIENT_CONFIRMATION_OK"
10793,10326599229,10326599271,1,"IOTHUB_CLIENT_CONFIRMATION_OK"
10794,10326599429,10326599503,1,"IOTHUB_CLIENT_CONFIRMATION_OK"
10795,10326599629,10326599674,1,"IOTHUB_CLIENT_CONFIRMATION_OK"
10796,10326599829,10326599917,1,"IOTHUB_CLIENT_CONFIRMATION_OK"
10797,10326600029,10326600061,1,"IOTHUB_CLIENT_CONFIRMATION_OK"
10798,10326600230,10326600271,1,"IOTHUB_CLIENT_CONFIRMATION_OK"
10799,10326600430,10326600529,1,"IOTHUB_CLIENT_CONFIRMATION_OK"
10800,10326600630,10326600665,1,"IOTHUB_CLIENT_CONFIRMATION_OK"
10801,10326600830,10326601049,1,"IOTHUB_CLIENT_CONFIRMATION_OK"
10802,10326601030,10326601169,1,"IOTHUB_CLIENT_CONFIRMATION_OK"
10803,10326601230,10326601267,1,"IOTHUB_CLIENT_CONFIRMATION_OK"
10804,10326601430,10326601481,1,"IOTHUB_CLIENT_CONFIRMATION_OK"
10805,10326601631,10326601776,1,"IOTHUB_CLIENT_CONFIRMATION_OK"
10806,10326601831,10326601893,1,"IOTHUB_CLIENT_CONFIRMATION_OK"
10807,10326602031,10326602067,1,"IOTHUB_CLIENT_CONFIRMATION_OK"
10808,10326602231,10326602278,1,"IOTHUB_CLIENT_CONFIRMATION_OK"
10809,10326602431,10326602486,1,"IOTHUB_CLIENT_CONFIRMATION_OK"
10810,10326602631,10326602684,1,"IOTHUB_CLIENT_CONFIRMATION_OK"
10811,10326602832,10326602876,1,"IOTHUB_CLIENT_CONFIRMATION_OK"
10812,10326603032,10326603067,1,"IOTHUB_CLIENT_CONFIRMATION_OK"
10813,10326603232,10326603367,1,"IOTHUB_CLIENT_CONFIRMATION_OK"
10814,10326603432,10326603478,1,"IOTHUB_CLIENT_CONFIRMATION_OK"
10815,10326603632,10326603663,1,"IOTHUB_CLIENT_CONFIRMATION_OK"
10816,10326603833,10326603869,1,"IOTHUB_CLIENT_CONFIRMATION_OK"
10817,10326604033,10326604075,1,"IOTHUB_CLIENT_CONFIRMATION_OK"
10818,10326604233,10326604265,1,"IOTHUB_CLIENT_CONFIRMATION_OK"
10819,10326604433,10326604486,1,"IOTHUB_CLIENT_CONFIRMATION_OK"
10820,10326604633,10326604711,1,"IOTHUB_CLIENT_CONFIRMATION_OK"
10821,10326604833,10326604877,1,"IOTHUB_CLIENT_CONFIRMATION_OK"
10822,10326605033,10326605214,1,"IOTHUB_CLIENT_CONFIRMATION_OK"
10823,10326605234,10326605278,1,"IOTHUB_CLIENT_CONFIRMATION_OK"
10824,10326605434,10326605490,1,"IOTHUB_CLIENT_CONFIRMATION_OK"
10825,10326605634,10326605704,1,"IOTHUB_CLIENT_CONFIRMATION_OK"
10826,10326605834,10326605896,1,"IOTHUB_CLIENT_CONFIRMATION_OK"
10827,10326606034,10326606079,1,"IOTHUB_CLIENT_CONFIRMATION_OK"
10828,10326606234,10326606267,1,"IOTHUB_CLIENT_CONFIRMATION_OK"
10829,10326606435,10326606504,1,"IOTHUB_CLIENT_CONFIRMATION_OK"
10830,10326606635,10326606679,1,"IOTHUB_CLIENT_CONFIRMATION_OK"
10831,10326606835,10326606870,1,"IOTHUB_CLIENT_CONFIRMATION_OK"
10832,10326607035,10326607069,1,"IOTHUB_CLIENT_CONFIRMATION_OK"
10833,10326607235,10326607286,1,"IOTHUB_CLIENT_CONFIRMATION_OK"
10834,10326607435,10326607481,1,"IOTHUB_CLIENT_CONFIRMATION_OK"
10835,10326607636,10326607672,1,"IOTHUB_CLIENT_CONFIRMATION_OK"
10836,10326607836,10326607883,1,"IOTHUB_CLIENT_CONFIRMATION_OK"
10837,10326608036,10326608079,1,"IOTHUB_CLIENT_CONFIRMATION_OK"
10838,10326608236,10326608314,1,"IOTHUB_CLIENT_CONFIRMATION_OK"
10839,10326608436,10326608540,1,"IOTHUB_CLIENT_CONFIRMATION_OK"
10840,10326608636,10326608682,1,"IOTHUB_CLIENT_CONFIRMATION_OK"
10841,10326608836,10326608879,1,"IOTHUB_CLIENT_CONFIRMATION_OK"
10842,10326609037,10326609082,1,"IOTHUB_CLIENT_CONFIRMATION_OK"
10843,10326609237,10326609284,1,"IOTHUB_CLIENT_CONFIRMATION_OK"
10844,10326609437,10326609470,1,"IOTHUB_CLIENT_CONFIRMATION_OK"
10845,10326609637,10326609729,1,"IOTHUB_CLIENT_CONFIRMATION_OK"
10846,10326609837,10326609875,1,"IOTHUB_CLIENT_CONFIRMATION_OK"
10847,10326610037,10326610081,1,"IOTHUB_CLIENT_CONFIRMATION_OK"
10848,10326610237,10326610298,1,"IOTHUB_CLIENT_CONFIRMATION_OK"
10849,10326610438,10326610471,1,"IOTHUB_CLIENT_CONFIRMATION_OK"
10850,10326610638,10326610688,1,"IOTHUB_CLIENT_CONFIRMATION_OK"
10851,10326610838,10326610923,1,"IOTHUB_CLIENT_CONFIRMATION_OK"
10852,10326611038,10326611072,1,"IOTHUB_CLIENT_CONFIRMATION_OK"
10853,10326611238,10326611290,1,"IOTHUB_CLIENT_CONFIRMATION_OK"
10854,10326611439,10326611568,1,"IOTHUB_CLIENT_CONFIRMATION_OK"
10855,10326611639,10326611825,1,"IOTHUB_CLIENT_CONFIRMATION_OK"
10856,10326611839,10326611957,1,"IOTHUB_CLIENT_CONFIRMATION_OK"
10857,10326612039,10326612082,1,"IOTHUB_CLIENT_CONFIRMATION_OK"
10858,10326612239,10326612276,1,"IOTHUB_CLIENT_CONFIRMATION_OK"
10859,10326612439,10326612485,1,"IOTHUB_CLIENT_CONFIRMATION_OK"
10860,10326612640,10326612682,1,"IOTHUB_CLIENT_CONFIRMATION_OK"
10861,10326612840,10326612894,1,"IOTHUB_CLIENT_CONFIRMATION_OK"
10862,10326613040,10326613191,1,"IOTHUB_CLIENT_CONFIRMATION_OK"
10863,10326613240,10326613276,1,"IOTHUB_CLIENT_CONFIRMATION_OK"
10864,10326613440,10326613473,1,"IOTHUB_CLIENT_CONFIRMATION_OK"
10865,10326613640,10326613693,1,"IOTHUB_CLIENT_CONFIRMATION_OK"
10866,10326613841,10326613881,1,"IOTHUB_CLIENT_CONFIRMATION_OK"
10867,10326614041,10326614105,1,"IOTHUB_CLIENT_CONFIRMATION_OK"
10868,10326614241,10326614285,1,"IOTHUB_CLIENT_CONFIRMATION_OK"
10869,10326614441,10326614475,1,"IOTHUB_CLIENT_CONFIRMATION_OK"
10870,10326614641,10326614743,1,"IOTHUB_CLIENT_CONFIRMATION_OK"
10871,10326614841,10326615067,1,"IOTHUB_CLIENT_CONFIRMATION_OK"
10872,10326615042,10326615118,1,"IOTHUB_CLIENT_CONFIRMATION_OK"
10873,10326615242,10326615284,1,"IOTHUB_CLIENT_CONFIRMATION_OK"
10874,10326615442,10326615488,1,"IOTHUB_CLIENT_CONFIRMATION_OK"
10875,10326615642,10326615675,1,"IOTHUB_CLIENT_CONFIRMATION_OK"
10876,10326615842,10326615887,1,"IOTHUB_CLIENT_CONFIRMATION_OK"
10877,10326616042,10326616080,1,"IOTHUB_CLIENT_CONFIRMATION_OK"
10878,10326616242,10326616281,1,"IOTHUB_CLIENT_CONFIRMATION_OK"
10879,10326616443,10326616479,1,"IOTHUB_CLIENT_CONFIRMATION_OK"
10880,10326616643,10326616697,1,"IOTHUB_CLIENT_CONFIRMATION_OK"
10881,10326616843,10326616897,1,"IOTHUB_CLIENT_CONFIRMATION_OK"
10882,10326617043,10326617084,1,"IOTHUB_CLIENT_CONFIRMATION_OK"
10883,10326617243,10326617312,1,"IOTHUB_CLIENT_CONFIRMATION_OK"
10884,10326617443,10326617483,1,"IOTHUB_CLIENT_CONFIRMATION_OK"
10885,10326617644,10326617733,1,"IOTHUB_CLIENT_CONFIRMATION_OK"
10886,10326617844,10326617936,1,"IOTHUB_CLIENT_CONFIRMATION_OK"
10887,10326618044,10326618081,1,"IOTHUB_CLIENT_CONFIRMATION_OK"
10888,10326618244,10326618283,1,"IOTHUB_CLIENT_CONFIRMATION_OK"
10889,10326618445,10326618542,1,"IOTHUB_CLIENT_CONFIRMATION_OK"
10890,10326618645,10326618677,1,"IOTHUB_CLIENT_CONFIRMATION_OK"
10891,10326618845,10326618884,1,"IOTHUB_CLIENT_CONFIRMATION_OK"
10892,10326619045,10326619098,1,"IOTHUB_CLIENT_CONFIRMATION_OK"
10893,10326619246,10326619289,1,"IOTHUB_CLIENT_CONFIRMATION_OK"
10894,10326619446,10326619488,1,"IOTHUB_CLIENT_CONFIRMATION_OK"
10895,10326619646,10326619698,1,"IOTHUB_CLIENT_CONFIRMATION_OK"
10896,10326619846,10326619886,1,"IOTHUB_CLIENT_CONFIRMATION_OK"
10897,10326620046,10326620184,1,"IOTHUB_CLIENT_CONFIRMATION_OK"
10898,10326620246,10326620279,1,"IOTHUB_CLIENT_CONFIRMATION_OK"
10899,10326620446,10326620524,1,"IOTHUB_CLIENT_CONFIRMATION_OK"
10900,10326620647,10326620793,1,"IOTHUB_CLIENT_CONFIRMATION_OK"
10901,10326620847,10326620894,1,"IOTHUB_CLIENT_CONFIRMATION_OK"
10902,10326621047,10326621092,1,"IOTHUB_CLIENT_CONFIRMATION_OK"
10903,10326621247,10326621410,1,"IOTHUB_CLIENT_CONFIRMATION_OK"
10904,10326621447,10326621492,1,"IOTHUB_CLIENT_CONFIRMATION_OK"
10905,10326621647,10326621682,1,"IOTHUB_CLIENT_CONFIRMATION_OK"
10906,10326621848,10326621895,1,"IOTHUB_CLIENT_CONFIRMATION_OK"
10907,10326622048,10326622091,1,"IOTHUB_CLIENT_CONFIRMATION_OK"
10908,10326622248,10326622291,1,"IOTHUB_CLIENT_CONFIRMATION_OK"
10909,10326622448,10326622491,1,"IOTHUB_CLIENT_CONFIRMATION_OK"
10910,10326622648,10326622682,1,"IOTHUB_CLIENT_CONFIRMATION_OK"
10911,10326622849,10326622896,1,"IOTHUB_CLIENT_CONFIRMATION_OK"
10912,10326623049,10326623092,1,"IOTHUB_CLIENT_CONFIRMATION_OK"
10913,10326623249,10326623295,1,"IOTHUB_CLIENT_CONFIRMATION_OK"
10914,10326623449,10326623544,1,"IOTHUB_CLIENT_CONFIRMATION_OK"
10915,10326623649,10326623701,1,"IOTHUB_CLIENT_CONFIRMATION_OK"
10916,10326623849,10326623891,1,"IOTHUB_CLIENT_CONFIRMATION_OK"
10917,10326624050,10326624092,1,"IOTHUB_CLIENT_CONFIRMATION_OK"
10918,10326624250,10326624293,1,"IOTHUB_CLIENT_CONFIRMATION_OK"
10919,10326624450,10326624494,1,"IOTHUB_CLIENT_CONFIRMATION_OK"
10920,10326624650,10326624692,1,"IOTHUB_CLIENT_CONFIRMATION_OK"
10921,10326624850,10326624916,1,"IOTHUB_CLIENT_CONFIRMATION_OK"
10922,10326625050,10326625092,1,"IOTHUB_CLIENT_CONFIRMATION_OK"
10923,10326625250,10326625284,1,"IOTHUB_CLIENT_CONFIRMATION_OK"
10924,10326625451,10326625495,1,"IOTHUB_CLIENT_CONFIRMATION_OK"
10925,10326625651,10326625753,1,"IOTHUB_CLIENT_CONFIRMATION_OK"
10926,10326625851,10326626227,1,"IOTHUB_CLIENT_CONFIRMATION_OK"
10927,10326626051,10326626257,1,"IOTHUB_CLIENT_CONFIRMATION_OK"
10928,10326626251,10326626318,1,"IOTHUB_CLIENT_CONFIRMATION_OK"
10929,10326626451,10326626577,1,"IOTHUB_CLIENT_CONFIRMATION_OK"
10930,10326626651,10326626708,1,"IOTHUB_CLIENT_CONFIRMATION_OK"
10931,10326626852,10326626897,1,"IOTHUB_CLIENT_CONFIRMATION_OK"
10932,10326627052,10326627098,1,"IOTHUB_CLIENT_CONFIRMATION_OK"
10933,10326627252,10326627309,1,"IOTHUB_CLIENT_CONFIRMATION_OK"
10934,10326627452,10326627513,1,"IOTHUB_CLIENT_CONFIRMATION_OK"
10935,10326627652,10326627698,1,"IOTHUB_CLIENT_CONFIRMATION_OK"
10936,10326627853,10326627924,1,"IOTHUB_CLIENT_CONFIRMATION_OK"
10937,10326628053,10326628180,1,"IOTHUB_CLIENT_CONFIRMATION_OK"
10938,10326628253,10326628296,1,"IOTHUB_CLIENT_CONFIRMATION_OK"
10939,10326628453,10326628491,1,"IOTHUB_CLIENT_CONFIRMATION_OK"
10940,10326628653,10326628719,1,"IOTHUB_CLIENT_CONFIRMATION_OK"
10941,10326628854,10326629398,1,"IOTHUB_CLIENT_CONFIRMATION_OK"
10942,10326629054,10326629440,1,"IOTHUB_CLIENT_CONFIRMATION_OK"
10943,10326629254,10326629476,1,"IOTHUB_CLIENT_CONFIRMATION_OK"
10944,10326629454,10326629502,1,"IOTHUB_CLIENT_CONFIRMATION_OK"
10945,10326629654,10326629703,1,"IOTHUB_CLIENT_CONFIRMATION_OK"
10946,10326629854,10326630030,1,"IOTHUB_CLIENT_CONFIRMATION_OK"
10947,10326630054,10326630171,1,"IOTHUB_CLIENT_CONFIRMATION_OK"
10948,10326630255,10326630319,1,"IOTHUB_CLIENT_CONFIRMATION_OK"
10949,10326630455,10326630497,1,"IOTHUB_CLIENT_CONFIRMATION_OK"
10950,10326630655,10326630698,1,"IOTHUB_CLIENT_CONFIRMATION_OK"
10951,10326630856,10326630898,1,"IOTHUB_CLIENT_CONFIRMATION_OK"
10952,10326631056,10326631200,1,"IOTHUB_CLIENT_CONFIRMATION_OK"
10953,10326631256,10326631301,1,"IOTHUB_CLIENT_CONFIRMATION_OK"
10954,10326631456,10326631512,1,"IOTHUB_CLIENT_CONFIRMATION_OK"
10955,10326631656,10326631693,1,"IOTHUB_CLIENT_CONFIRMATION_OK"
10956,10326631857,10326631934,1,"IOTHUB_CLIENT_CONFIRMATION_OK"
10957,10326632057,10326632088,1,"IOTHUB_CLIENT_CONFIRMATION_OK"
10958,10326632257,10326632311,1,"IOTHUB_CLIENT_CONFIRMATION_OK"
10959,10326632457,10326632498,1,"IOTHUB_CLIENT_CONFIRMATION_OK"
10960,10326632657,10326632695,1,"IOTHUB_CLIENT_CONFIRMATION_OK"
10961,10326632857,10326632934,1,"IOTHUB_CLIENT_CONFIRMATION_OK"
10962,10326633057,10326633229,1,"IOTHUB_CLIENT_CONFIRMATION_OK"
10963,10326633258,10326633294,1,"IOTHUB_CLIENT_CONFIRMATION_OK"
10964,10326633458,10326633562,1,"IOTHUB_CLIENT_CONFIRMATION_OK"
10965,10326633658,10326633766,1,"IOTHUB_CLIENT_CONFIRMATION_OK"
10966,10326633858,10326633905,1,"IOTHUB_CLIENT_CONFIRMATION_OK"
10967,10326634058,10326634096,1,"IOTHUB_CLIENT_CONFIRMATION_OK"
10968,10326634258,10326634332,1,"IOTHUB_CLIENT_CONFIRMATION_OK"
10969,10326634459,10326634513,1,"IOTHUB_CLIENT_CONFIRMATION_OK"
10970,10326634659,10326634766,1,"IOTHUB_CLIENT_CONFIRMATION_OK"
10971,10326634859,10326634936,1,"IOTHUB_CLIENT_CONFIRMATION_OK"
10972,10326635059,10326635187,1,"IOTHUB_CLIENT_CONFIRMATION_OK"
10973,10326635259,10326635288,1,"IOTHUB_CLIENT_CONFIRMATION_OK"
10974,10326635459,10326635656,1,"IOTHUB_CLIENT_CONFIRMATION_OK"
10975,10326635659,10326635858,1,"IOTHUB_CLIENT_CONFIRMATION_OK"
10976,10326635860,10326635897,1,"IOTHUB_CLIENT_CONFIRMATION_OK"
10977,10326636060,10326636210,1,"IOTHUB_CLIENT_CONFIRMATION_OK"
10978,10326636260,10326636293,1,"IOTHUB_CLIENT_CONFIRMATION_OK"
10979,10326636460,10326636503,1,"IOTHUB_CLIENT_CONFIRMATION_OK"
10980,10326636660,10326636714,1,"IOTHUB_CLIENT_CONFIRMATION_OK"
10981,10326636860,10326636947,1,"IOTHUB_CLIENT_CONFIRMATION_OK"
10982,10326637061,10326637103,1,"IOTHUB_CLIENT_CONFIRMATION_OK"
10983,10326637261,10326637358,1,"IOTHUB_CLIENT_CONFIRMATION_OK"
10984,10326637461,10326637522,1,"IOTHUB_CLIENT_CONFIRMATION_OK"
10985,10326637661,10326637707,1,"IOTHUB_CLIENT_CONFIRMATION_OK"
10986,10326637861,10326637945,1,"IOTHUB_CLIENT_CONFIRMATION_OK"
10987,10326638061,10326638123,1,"IOTHUB_CLIENT_CONFIRMATION_OK"
10988,10326638262,10326638298,1,"IOTHUB_CLIENT_CONFIRMATION_OK"
10989,10326638462,10326638502,1,"IOTHUB_CLIENT_CONFIRMATION_OK"
10990,10326638662,10326638729,1,"IOTHUB_CLIENT_CONFIRMATION_OK"
10991,10326638862,10326638907,1,"IOTHUB_CLIENT_CONFIRMATION_OK"
10992,10326639062,10326639127,1,"IOTHUB_CLIENT_CONFIRMATION_OK"
10993,10326639263,10326639304,1,"IOTHUB_CLIENT_CONFIRMATION_OK"
10994,10326639463,10326639493,1,"IOTHUB_CLIENT_CONFIRMATION_OK"
10995,10326639663,10326639698,1,"IOTHUB_CLIENT_CONFIRMATION_OK"
10996,10326639863,10326639902,1,"IOTHUB_CLIENT_CONFIRMATION_OK"
10997,10326640063,10326640103,1,"IOTHUB_CLIENT_CONFIRMATION_OK"
10998,10326640263,10326640362,1,"IOTHUB_CLIENT_CONFIRMATION_OK"
10999,10326640464,10326640560,1,"IOTHUB_CLIENT_CONFIRMATION_OK"
11000,10326640664,10326640707,1,"IOTHUB_CLIENT_CONFIRMATION_OK"
11001,10326640864,10326640967,1,"IOTHUB_CLIENT_CONFIRMATION_OK"
11002,10326641064,10326641105,1,"IOTHUB_CLIENT_CONFIRMATION_OK"
11003,10326641264,10326641357,1,"IOTHUB_CLIENT_CONFIRMATION_OK"
11004,10326641464,10326641616,1,"IOTHUB_CLIENT_CONFIRMATION_OK"
11005,10326641665,10326641705,1,"IOTHUB_CLIENT_CONFIRMATION_OK"
11006,10326641865,10326641902,1,"IOTHUB_CLIENT_CONFIRMATION_OK"
11007,10326642065,10326642104,1,"IOTHUB_CLIENT_CONFIRMATION_OK"
11008,10326642265,10326642305,1,"IOTHUB_CLIENT_CONFIRMATION_OK"
11009,10326642465,10326642506,1,"IOTHUB_CLIENT_CONFIRMATION_OK"
11010,10326642665,10326642708,1,"IOTHUB_CLIENT_CONFIRMATION_OK"
11011,10326642865,10326642904,1,"IOTHUB_CLIENT_CONFIRMATION_OK"
11012,10326643066,10326643126,1,"IOTHUB_CLIENT_CONFIRMATION_OK"
11013,10326643266,10326643326,1,"IOTHUB_CLIENT_CONFIRMATION_OK"
11014,10326643466,10326643497,1,"IOTHUB_CLIENT_CONFIRMATION_OK"
11015,10326643666,10326643712,1,"IOTHUB_CLIENT_CONFIRMATION_OK"
11016,10326643866,10326643912,1,"IOTHUB_CLIENT_CONFIRMATION_OK"
11017,10326644066,10326644133,1,"IOTHUB_CLIENT_CONFIRMATION_OK"
11018,10326644267,10326644314,1,"IOTHUB_CLIENT_CONFIRMATION_OK"
11019,10326644467,10326644498,1,"IOTHUB_CLIENT_CONFIRMATION_OK"
11020,10326644667,10326644699,1,"IOTHUB_CLIENT_CONFIRMATION_OK"
11021,10326644867,10326645089,1,"IOTHUB_CLIENT_CONFIRMATION_OK"
11022,10326645067,10326645118,1,"IOTHUB_CLIENT_CONFIRMATION_OK"
11023,10326645267,10326645300,1,"IOTHUB_CLIENT_CONFIRMATION_OK"
11024,10326645467,10326645504,1,"IOTHUB_CLIENT_CONFIRMATION_OK"
11025,10326645668,10326645703,1,"IOTHUB_CLIENT_CONFIRMATION_OK"
11026,10326645868,10326645913,1,"IOTHUB_CLIENT_CONFIRMATION_OK"
11027,10326646068,10326646105,1,"IOTHUB_CLIENT_CONFIRMATION_OK"
11028,10326646268,10326646305,1,"IOTHUB_CLIENT_CONFIRMATION_OK"
11029,10326646468,10326646508,1,"IOTHUB_CLIENT_CONFIRMATION_OK"
11030,10326646668,10326646706,1,"IOTHUB_CLIENT_CONFIRMATION_OK"
11031,10326646868,10326646903,1,"IOTHUB_CLIENT_CONFIRMATION_OK"
11032,10326647069,10326647114,1,"IOTHUB_CLIENT_CONFIRMATION_OK"
11033,10326647269,10326647318,1,"IOTHUB_CLIENT_CONFIRMATION_OK"
11034,10326647469,10326647511,1,"IOTHUB_CLIENT_CONFIRMATION_OK"
11035,10326647669,10326647711,1,"IOTHUB_CLIENT_CONFIRMATION_OK"
11036,10326647869,10326647939,1,"IOTHUB_CLIENT_CONFIRMATION_OK"
11037,10326648070,10326648230,1,"IOTHUB_CLIENT_CONFIRMATION_OK"
11038,10326648270,10326648306,1,"IOTHUB_CLIENT_CONFIRMATION_OK"
11039,10326648470,10326648540,1,"IOTHUB_CLIENT_CONFIRMATION_OK"
11040,10326648670,10326648712,1,"IOTHUB_CLIENT_CONFIRMATION_OK"
11041,10326648870,10326648909,1,"IOTHUB_CLIENT_CONFIRMATION_OK"
11042,10326649070,10326649151,1,"IOTHUB_CLIENT_CONFIRMATION_OK"
11043,10326649271,10326649344,1,"IOTHUB_CLIENT_CONFIRMATION_OK"
11044,10326649471,10326649514,1,"IOTHUB_CLIENT_CONFIRMATION_OK"
11045,10326649671,10326649704,1,"IOTHUB_CLIENT_CONFIRMATION_OK"
11046,10326649871,10326649922,1,"IOTHUB_CLIENT_CONFIRMATION_OK"
11047,10326650071,10326650177,1,"IOTHUB_CLIENT_CONFIRMATION_OK"
11048,10326650271,10326650313,1,"IOTHUB_CLIENT_CONFIRMATION_OK"
11049,10326650471,10326650505,1,"IOTHUB_CLIENT_CONFIRMATION_OK"
11050,10326650672,10326650786,1,"IOTHUB_CLIENT_CONFIRMATION_OK"
11051,10326650872,10326650918,1,"IOTHUB_CLIENT_CONFIRMATION_OK"
11052,10326651072,10326651105,1,"IOTHUB_CLIENT_CONFIRMATION_OK"
11053,10326651272,10326651395,1,"IOTHUB_CLIENT_CONFIRMATION_OK"
11054,10326651472,10326651544,1,"IOTHUB_CLIENT_CONFIRMATION_OK"
11055,10326651672,10326651706,1,"IOTHUB_CLIENT_CONFIRMATION_OK"
11056,10326651873,10326651921,1,"IOTHUB_CLIENT_CONFIRMATION_OK"
11057,10326652073,10326652105,1,"IOTHUB_CLIENT_CONFIRMATION_OK"
11058,10326652273,10326652318,1,"IOTHUB_CLIENT_CONFIRMATION_OK"
11059,10326652473,10326652556,1,"IOTHUB_CLIENT_CONFIRMATION_OK"
11060,10326652674,10326652779,1,"IOTHUB_CLIENT_CONFIRMATION_OK"
11061,10326652874,10326652918,1,"IOTHUB_CLIENT_CONFIRMATION_OK"
11062,10326653074,10326653105,1,"IOTHUB_CLIENT_CONFIRMATION_OK"
11063,10326653274,10326653305,1,"IOTHUB_CLIENT_CONFIRMATION_OK"
11064,10326653475,10326653505,1,"IOTHUB_CLIENT_CONFIRMATION_OK"
11065,10326653675,10326653732,1,"IOTHUB_CLIENT_CONFIRMATION_OK"
11066,10326653875,10326653910,1,"IOTHUB_CLIENT_CONFIRMATION_OK"
11067,10326654075,10326654113,1,"IOTHUB_CLIENT_CONFIRMATION_OK"
11068,10326654275,10326654392,1,"IOTHUB_CLIENT_CONFIRMATION_OK"
11069,10326654476,10326654529,1,"IOTHUB_CLIENT_CONFIRMATION_OK"
11070,10326654676,10326654721,1,"IOTHUB_CLIENT_CONFIRMATION_OK"
11071,10326654876,10326654931,1,"IOTHUB_CLIENT_CONFIRMATION_OK"
11072,10326655076,10326655120,1,"IOTHUB_CLIENT_CONFIRMATION_OK"
11073,10326655276,10326655484,1,"IOTHUB_CLIENT_CONFIRMATION_OK"
11074,10326655477,10326655542,1,"IOTHUB_CLIENT_CONFIRMATION_OK"
11075,10326655677,10326655723,1,"IOTHUB_CLIENT_CONFIRMATION_OK"
11076,10326655877,10326656023,1,"IOTHUB_CLIENT_CONFIRMATION_OK"
11077,10326656077,10326656115,1,"IOTHUB_CLIENT_CONFIRMATION_OK"
11078,10326656277,10326656309,1,"IOTHUB_CLIENT_CONFIRMATION_OK"
11079,10326656477,10326656514,1,"IOTHUB_CLIENT_CONFIRMATION_OK"
11080,10326656677,10326656720,1,"IOTHUB_CLIENT_CONFIRMATION_OK"
11081,10326656878,10326656913,1,"IOTHUB_CLIENT_CONFIRMATION_OK"
11082,10326657078,10326657123,1,"IOTHUB_CLIENT_CONFIRMATION_OK"
11083,10326657278,10326657313,1,"IOTHUB_CLIENT_CONFIRMATION_OK"
11084,10326657478,10326657509,1,"IOTHUB_CLIENT_CONFIRMATION_OK"
11085,10326657678,10326657725,1,"IOTHUB_CLIENT_CONFIRMATION_OK"
11086,10326657878,10326657910,1,"IOTHUB_CLIENT_CONFIRMATION_OK"
11087,10326658079,10326658112,1,"IOTHUB_CLIENT_CONFIRMATION_OK"
11088,10326658279,10326658318,1,"IOTHUB_CLIENT_CONFIRMATION_OK"
11089,10326658479,10326658522,1,"IOTHUB_CLIENT_CONFIRMATION_OK"
11090,10326658679,10326658719,1,"IOTHUB_CLIENT_CONFIRMATION_OK"
11091,10326658879,10326658926,1,"IOTHUB_CLIENT_CONFIRMATION_OK"
11092,10326659079,10326659112,1,"IOTHUB_CLIENT_CONFIRMATION_OK"
11093,10326659279,10326659319,1,"IOTHUB_CLIENT_CONFIRMATION_OK"
11094,10326659480,10326659523,1,"IOTHUB_CLIENT_CONFIRMATION_OK"
11095,10326659680,10326659710,1,"IOTHUB_CLIENT_CONFIRMATION_OK"
11096,10326659880,10326659922,1,"IOTHUB_CLIENT_CONFIRMATION_OK"
11097,10326660080,10326660118,1,"IOTHUB_CLIENT_CONFIRMATION_OK"
11098,10326660281,10326660385,1,"IOTHUB_CLIENT_CONFIRMATION_OK"
11099,10326660481,10326660524,1,"IOTHUB_CLIENT_CONFIRMATION_OK"
11100,10326660681,10326660715,1,"IOTHUB_CLIENT_CONFIRMATION_OK"
11101,10326660881,10326660921,1,"IOTHUB_CLIENT_CONFIRMATION_OK"
11102,10326661081,10326661136,1,"IOTHUB_CLIENT_CONFIRMATION_OK"
11103,10326661282,10326661328,1,"IOTHUB_CLIENT_CONFIRMATION_OK"
11104,10326661482,10326661515,1,"IOTHUB_CLIENT_CONFIRMATION_OK"
11105,10326661682,10326661839,1,"IOTHUB_CLIENT_CONFIRMATION_OK"
11106,10326661882,10326661912,1,"IOTHUB_CLIENT_CONFIRMATION_OK"
11107,10326662082,10326662113,1,"IOTHUB_CLIENT_CONFIRMATION_OK"
11108,10326662283,10326662411,1,"IOTHUB_CLIENT_CONFIRMATION_OK"
11109,10326662483,10326662516,1,"IOTHUB_CLIENT_CONFIRMATION_OK"
11110,10326662683,10326662725,1,"IOTHUB_CLIENT_CONFIRMATION_OK"
11111,10326662883,10326662920,1,"IOTHUB_CLIENT_CONFIRMATION_OK"
11112,10326663083,10326663116,1,"IOTHUB_CLIENT_CONFIRMATION_OK"
11113,10326663283,10326663314,1,"IOTHUB_CLIENT_CONFIRMATION_OK"
11114,10326663483,10326663524,1,"IOTHUB_CLIENT_CONFIRMATION_OK"
11115,10326663684,10326663715,1,"IOTHUB_CLIENT_CONFIRMATION_OK"
11116,10326663884,10326663933,1,"IOTHUB_CLIENT_CONFIRMATION_OK"
11117,10326664084,10326664128,1,"IOTHUB_CLIENT_CONFIRMATION_OK"
11118,10326664284,10326664343,1,"IOTHUB_CLIENT_CONFIRMATION_OK"
11119,10326664484,10326664523,1,"IOTHUB_CLIENT_CONFIRMATION_OK"
11120,10326664684,10326664717,1,"IOTHUB_CLIENT_CONFIRMATION_OK"
11121,10326664884,10326664928,1,"IOTHUB_CLIENT_CONFIRMATION_OK"
11122,10326665085,10326665249,1,"IOTHUB_CLIENT_CONFIRMATION_OK"
11123,10326665285,10326665318,1,"IOTHUB_CLIENT_CONFIRMATION_OK"
11124,10326665485,10326665534,1,"IOTHUB_CLIENT_CONFIRMATION_OK"
11125,10326665685,10326665727,1,"IOTHUB_CLIENT_CONFIRMATION_OK"
11126,10326665885,10326665948,1,"IOTHUB_CLIENT_CONFIRMATION_OK"
11127,10326666086,10326666121,1,"IOTHUB_CLIENT_CONFIRMATION_OK"
11128,10326666286,10326666345,1,"IOTHUB_CLIENT_CONFIRMATION_OK"
11129,10326666486,10326666523,1,"IOTHUB_CLIENT_CONFIRMATION_OK"
11130,10326666686,10326666723,1,"IOTHUB_CLIENT_CONFIRMATION_OK"
11131,10326666886,10326666919,1,"IOTHUB_CLIENT_CONFIRMATION_OK"
11132,10326667086,10326667122,1,"IOTHUB_CLIENT_CONFIRMATION_OK"
11133,10326667286,10326667324,1,"IOTHUB_CLIENT_CONFIRMATION_OK"
11134,10326667487,10326667590,1,"IOTHUB_CLIENT_CONFIRMATION_OK"
11135,10326667687,10326667739,1,"IOTHUB_CLIENT_CONFIRMATION_OK"
11136,10326667887,10326667966,1,"IOTHUB_CLIENT_CONFIRMATION_OK"
11137,10326668087,10326668135,1,"IOTHUB_CLIENT_CONFIRMATION_OK"
11138,10326668287,10326668325,1,"IOTHUB_CLIENT_CONFIRMATION_OK"
11139,10326668487,10326668564,1,"IOTHUB_CLIENT_CONFIRMATION_OK"
11140,10326668688,10326668746,1,"IOTHUB_CLIENT_CONFIRMATION_OK"
11141,10326668888,10326668989,1,"IOTHUB_CLIENT_CONFIRMATION_OK"
11142,10326669088,10326669124,1,"IOTHUB_CLIENT_CONFIRMATION_OK"
11143,10326669288,10326669339,1,"IOTHUB_CLIENT_CONFIRMATION_OK"
11144,10326669488,10326669544,1,"IOTHUB_CLIENT_CONFIRMATION_OK"
11145,10326669688,10326669720,1,"IOTHUB_CLIENT_CONFIRMATION_OK"
11146,10326669888,10326669966,1,"IOTHUB_CLIENT_CONFIRMATION_OK"
11147,10326670089,10326670139,1,"IOTHUB_CLIENT_CONFIRMATION_OK"
11148,10326670289,10326670468,1,"IOTHUB_CLIENT_CONFIRMATION_OK"
11149,10326670489,10326670540,1,"IOTHUB_CLIENT_CONFIRMATION_OK"
11150,10326670689,10326670730,1,"IOTHUB_CLIENT_CONFIRMATION_OK"
11151,10326670889,10326670929,1,"IOTHUB_CLIENT_CONFIRMATION_OK"
11152,10326671089,10326671128,1,"IOTHUB_CLIENT_CONFIRMATION_OK"
11153,10326671290,10326671358,1,"IOTHUB_CLIENT_CONFIRMATION_OK"
11154,10326671490,10326671541,1,"IOTHUB_CLIENT_CONFIRMATION_OK"
11155,10326671690,10326671738,1,"IOTHUB_CLIENT_CONFIRMATION_OK"
11156,10326671890,10326671942,1,"IOTHUB_CLIENT_CONFIRMATION_OK"
11157,10326672090,10326672127,1,"IOTHUB_CLIENT_CONFIRMATION_OK"
11158,10326672290,10326672332,1,"IOTHUB_CLIENT_CONFIRMATION_OK"
11159,10326672491,10326672524,1,"IOTHUB_CLIENT_CONFIRMATION_OK"
11160,10326672691,10326672729,1,"IOTHUB_CLIENT_CONFIRMATION_OK"
11161,10326672891,10326672963,1,"IOTHUB_CLIENT_CONFIRMATION_OK"
11162,10326673091,10326673152,1,"IOTHUB_CLIENT_CONFIRMATION_OK"
11163,10326673291,10326673406,1,"IOTHUB_CLIENT_CONFIRMATION_OK"
11164,10326673492,10326673527,1,"IOTHUB_CLIENT_CONFIRMATION_OK"
11165,10326673692,10326673722,1,"IOTHUB_CLIENT_CONFIRMATION_OK"
11166,10326673892,10326674035,1,"IOTHUB_CLIENT_CONFIRMATION_OK"
11167,10326674092,10326674123,1,"IOTHUB_CLIENT_CONFIRMATION_OK"
11168,10326674292,10326674362,1,"IOTHUB_CLIENT_CONFIRMATION_OK"
11169,10326674492,10326674712,1,"IOTHUB_CLIENT_CONFIRMATION_OK"
11170,10326674692,10326674738,1,"IOTHUB_CLIENT_CONFIRMATION_OK"
11171,10326674893,10326675055,1,"IOTHUB_CLIENT_CONFIRMATION_OK"
11172,10326675093,10326675146,1,"IOTHUB_CLIENT_CONFIRMATION_OK"
11173,10326675293,10326675361,1,"IOTHUB_CLIENT_CONFIRMATION_OK"
11174,10326675493,10326675526,1,"IOTHUB_CLIENT_CONFIRMATION_OK"
11175,10326675693,10326675735,1,"IOTHUB_CLIENT_CONFIRMATION_OK"
11176,10326675894,10326675925,1,"IOTHUB_CLIENT_CONFIRMATION_OK"
11177,10326676094,10326676124,1,"IOTHUB_CLIENT_CONFIRMATION_OK"
11178,10326676294,10326676346,1,"IOTHUB_CLIENT_CONFIRMATION_OK"
11179,10326676494,10326676549,1,"IOTHUB_CLIENT_CONFIRMATION_OK"
11180,10326676694,10326676736,1,"IOTHUB_CLIENT_CONFIRMATION_OK"
11181,10326676895,10326676946,1,"IOTHUB_CLIENT_CONFIRMATION_OK"
11182,10326677095,10326677149,1,"IOTHUB_CLIENT_CONFIRMATION_OK"
11183,10326677295,10326677333,1,"IOTHUB_CLIENT_CONFIRMATION_OK"
11184,10326677495,10326677572,1,"IOTHUB_CLIENT_CONFIRMATION_OK"
11185,10326677695,10326677742,1,"IOTHUB_CLIENT_CONFIRMATION_OK"
11186,10326677895,10326678018,1,"IOTHUB_CLIENT_CONFIRMATION_OK"
11187,10326678095,10326678275,1,"IOTHUB_CLIENT_CONFIRMATION_OK"
11188,10326678296,10326678330,1,"IOTHUB_CLIENT_CONFIRMATION_OK"
11189,10326678496,10326678594,1,"IOTHUB_CLIENT_CONFIRMATION_OK"
11190,10326678696,10326678727,1,"IOTHUB_CLIENT_CONFIRMATION_OK"
11191,10326678896,10326678984,1,"IOTHUB_CLIENT_CONFIRMATION_OK"
11192,10326679096,10326679138,1,"IOTHUB_CLIENT_CONFIRMATION_OK"
11193,10326679297,10326679333,1,"IOTHUB_CLIENT_CONFIRMATION_OK"
11194,10326679497,10326679531,1,"IOTHUB_CLIENT_CONFIRMATION_OK"
11195,10326679697,10326679739,1,"IOTHUB_CLIENT_CONFIRMATION_OK"
11196,10326679897,10326679942,1,"IOTHUB_CLIENT_CONFIRMATION_OK"
11197,10326680097,10326680208,1,"IOTHUB_CLIENT_CONFIRMATION_OK"
11198,10326680297,10326680391,1,"IOTHUB_CLIENT_CONFIRMATION_OK"
11199,10326680497,10326680564,1,"IOTHUB_CLIENT_CONFIRMATION_OK"
11200,10326680698,10326680808,1,"IOTHUB_CLIENT_CONFIRMATION_OK"
11201,10326680898,10326680935,1,"IOTHUB_CLIENT_CONFIRMATION_OK"
11202,10326681098,10326681149,1,"IOTHUB_CLIENT_CONFIRMATION_OK"
11203,10326681298,10326681428,1,"IOTHUB_CLIENT_CONFIRMATION_OK"
11204,10326681499,10326681548,1,"IOTHUB_CLIENT_CONFIRMATION_OK"
11205,10326681699,10326681777,1,"IOTHUB_CLIENT_CONFIRMATION_OK"
11206,10326681899,10326681936,1,"IOTHUB_CLIENT_CONFIRMATION_OK"
11207,10326682099,10326682135,1,"IOTHUB_CLIENT_CONFIRMATION_OK"
11208,10326682299,10326682340,1,"IOTHUB_CLIENT_CONFIRMATION_OK"
11209,10326682500,10326682540,1,"IOTHUB_CLIENT_CONFIRMATION_OK"
11210,10326682700,10326682749,1,"IOTHUB_CLIENT_CONFIRMATION_OK"
11211,10326682900,10326683028,1,"IOTHUB_CLIENT_CONFIRMATION_OK"
11212,10326683100,10326683203,1,"IOTHUB_CLIENT_CONFIRMATION_OK"
11213,10326683300,10326683360,1,"IOTHUB_CLIENT_CONFIRMATION_OK"
11214,10326683500,10326683536,1,"IOTHUB_CLIENT_CONFIRMATION_OK"
11215,10326683700,10326683745,1,"IOTHUB_CLIENT_CONFIRMATION_OK"
11216,10326683901,10326683961,1,"IOTHUB_CLIENT_CONFIRMATION_OK"
11217,10326684101,10326684161,1,"IOTHUB_CLIENT_CONFIRMATION_OK"
11218,10326684301,10326684372,1,"IOTHUB_CLIENT_CONFIRMATION_OK"
11219,10326684501,10326684536,1,"IOTHUB_CLIENT_CONFIRMATION_OK"
11220,10326684701,10326684809,1,"IOTHUB_CLIENT_CONFIRMATION_OK"
11221,10326684901,10326685037,1,"IOTHUB_CLIENT_CONFIRMATION_OK"
11222,10326685102,10326685132,1,"IOTHUB_CLIENT_CONFIRMATION_OK"
11223,10326685302,10326685518,1,"IOTHUB_CLIENT_CONFIRMATION_OK"
11224,10326685502,10326685538,1,"IOTHUB_CLIENT_CONFIRMATION_OK"
11225,10326685702,10326686005,1,"IOTHUB_CLIENT_CONFIRMATION_OK"
11226,10326685902,10326686041,1,"IOTHUB_CLIENT_CONFIRMATION_OK"
11227,10326686102,10326686149,1,"IOTHUB_CLIENT_CONFIRMATION_OK"
11228,10326686303,10326686346,1,"IOTHUB_CLIENT_CONFIRMATION_OK"
11229,10326686503,10326686574,1,"IOTHUB_CLIENT_CONFIRMATION_OK"
11230,10326686703,10326686752,1,"IOTHUB_CLIENT_CONFIRMATION_OK"
11231,10326686903,10326686934,1,"IOTHUB_CLIENT_CONFIRMATION_OK"
11232,10326687103,10326687178,1,"IOTHUB_CLIENT_CONFIRMATION_OK"
11233,10326687303,10326687343,1,"IOTHUB_CLIENT_CONFIRMATION_OK"
11234,10326687504,10326687537,1,"IOTHUB_CLIENT_CONFIRMATION_OK"
11235,10326687704,10326687761,1,"IOTHUB_CLIENT_CONFIRMATION_OK"
11236,10326687904,10326687943,1,"IOTHUB_CLIENT_CONFIRMATION_OK"
11237,10326688104,10326688156,1,"IOTHUB_CLIENT_CONFIRMATION_OK"
11238,10326688304,10326688381,1,"IOTHUB_CLIENT_CONFIRMATION_OK"
11239,10326688505,10326688534,1,"IOTHUB_CLIENT_CONFIRMATION_OK"
11240,10326688705,10326688746,1,"IOTHUB_CLIENT_CONFIRMATION_OK"
11241,10326688905,10326688936,1,"IOTHUB_CLIENT_CONFIRMATION_OK"
11242,10326689105,10326689139,1,"IOTHUB_CLIENT_CONFIRMATION_OK"
11243,10326689305,10326689346,1,"IOTHUB_CLIENT_CONFIRMATION_OK"
11244,10326689506,10326689539,1,"IOTHUB_CLIENT_CONFIRMATION_OK"
11245,10326689706,10326689786,1,"IOTHUB_CLIENT_CONFIRMATION_OK"
11246,10326689906,10326689994,1,"IOTHUB_CLIENT_CONFIRMATION_OK"
11247,10326690106,10326690143,1,"IOTHUB_CLIENT_CONFIRMATION_OK"
11248,10326690306,10326690340,1,"IOTHUB_CLIENT_CONFIRMATION_OK"
11249,10326690506,10326690633,1,"IOTHUB_CLIENT_CONFIRMATION_OK"
11250,10326690707,10326690779,1,"IOTHUB_CLIENT_CONFIRMATION_OK"
11251,10326690907,10326690939,1,"IOTHUB_CLIENT_CONFIRMATION_OK"
11252,10326691107,10326691247,1,"IOTHUB_CLIENT_CONFIRMATION_OK"
11253,10326691307,10326691350,1,"IOTHUB_CLIENT_CONFIRMATION_OK"
11254,10326691507,10326691597,1,"IOTHUB_CLIENT_CONFIRMATION_OK"
11255,10326691707,10326691807,1,"IOTHUB_CLIENT_CONFIRMATION_OK"
11256,10326691908,10326691987,1,"IOTHUB_CLIENT_CONFIRMATION_OK"
11257,10326692108,10326692170,1,"IOTHUB_CLIENT_CONFIRMATION_OK"
11258,10326692308,10326692427,1,"IOTHUB_CLIENT_CONFIRMATION_OK"
11259,10326692508,10326692539,1,"IOTHUB_CLIENT_CONFIRMATION_OK"
11260,10326692708,10326692741,1,"IOTHUB_CLIENT_CONFIRMATION_OK"
11261,10326692908,10326692959,1,"IOTHUB_CLIENT_CONFIRMATION_OK"
11262,10326693108,10326693151,1,"IOTHUB_CLIENT_CONFIRMATION_OK"
11263,10326693309,10326693348,1,"IOTHUB_CLIENT_CONFIRMATION_OK"
11264,10326693509,10326693543,1,"IOTHUB_CLIENT_CONFIRMATION_OK"
11265,10326693709,10326693768,1,"IOTHUB_CLIENT_CONFIRMATION_OK"
11266,10326693909,10326693943,1,"IOTHUB_CLIENT_CONFIRMATION_OK"
11267,10326694109,10326694170,1,"IOTHUB_CLIENT_CONFIRMATION_OK"
11268,10326694309,10326694349,1,"IOTHUB_CLIENT_CONFIRMATION_OK"
11269,10326694510,10326694556,1,"IOTHUB_CLIENT_CONFIRMATION_OK"
11270,10326694710,10326694741,1,"IOTHUB_CLIENT_CONFIRMATION_OK"
11271,10326694910,10326694943,1,"IOTHUB_CLIENT_CONFIRMATION_OK"
11272,10326695110,10326695288,1,"IOTHUB_CLIENT_CONFIRMATION_OK"
11273,10326695310,10326695376,1,"IOTHUB_CLIENT_CONFIRMATION_OK"
11274,10326695510,10326695556,1,"IOTHUB_CLIENT_CONFIRMATION_OK"
11275,10326695710,10326695756,1,"IOTHUB_CLIENT_CONFIRMATION_OK"
11276,10326695911,10326695978,1,"IOTHUB_CLIENT_CONFIRMATION_OK"
11277,10326696111,10326696148,1,"IOTHUB_CLIENT_CONFIRMATION_OK"
11278,10326696311,10326696357,1,"IOTHUB_CLIENT_CONFIRMATION_OK"
11279,10326696511,10326696549,1,"IOTHUB_CLIENT_CONFIRMATION_OK"
11280,10326696711,10326696753,1,"IOTHUB_CLIENT_CONFIRMATION_OK"
11281,10326696911,10326696970,1,"IOTHUB_CLIENT_CONFIRMATION_OK"
11282,10326697112,10326697146,1,"IOTHUB_CLIENT_CONFIRMATION_OK"
11283,10326697312,10326697353,1,"IOTHUB_CLIENT_CONFIRMATION_OK"
11284,10326697512,10326697553,1,"IOTHUB_CLIENT_CONFIRMATION_OK"
11285,10326697712,10326697741,1,"IOTHUB_CLIENT_CONFIRMATION_OK"
11286,10326697912,10326697945,1,"IOTHUB_CLIENT_CONFIRMATION_OK"
11287,10326698112,10326698167,1,"IOTHUB_CLIENT_CONFIRMATION_OK"
11288,10326698313,10326698361,1,"IOTHUB_CLIENT_CONFIRMATION_OK"
11289,10326698513,10326698550,1,"IOTHUB_CLIENT_CONFIRMATION_OK"
11290,10326698713,10326698773,1,"IOTHUB_CLIENT_CONFIRMATION_OK"
11291,10326698913,10326698956,1,"IOTHUB_CLIENT_CONFIRMATION_OK"
11292,10326699113,10326699163,1,"IOTHUB_CLIENT_CONFIRMATION_OK"
11293,10326699313,10326699351,1,"IOTHUB_CLIENT_CONFIRMATION_OK"
11294,10326699514,10326699545,1,"IOTHUB_CLIENT_CONFIRMATION_OK"
11295,10326699714,10326699748,1,"IOTHUB_CLIENT_CONFIRMATION_OK"
11296,10326699914,10326699963,1,"IOTHUB_CLIENT_CONFIRMATION_OK"
11297,10326700114,10326700152,1,"IOTHUB_CLIENT_CONFIRMATION_OK"
11298,10326700314,10326700400,1,"IOTHUB_CLIENT_CONFIRMATION_OK"
11299,10326700514,10326700559,1,"IOTHUB_CLIENT_CONFIRMATION_OK"
11300,10326700714,10326700758,1,"IOTHUB_CLIENT_CONFIRMATION_OK"
11301,10326700915,10326701038,1,"IOTHUB_CLIENT_CONFIRMATION_OK"
11302,10326701115,10326701179,1,"IOTHUB_CLIENT_CONFIRMATION_OK"
11303,10326701315,10326701354,1,"IOTHUB_CLIENT_CONFIRMATION_OK"
11304,10326701515,10326701632,1,"IOTHUB_CLIENT_CONFIRMATION_OK"
11305,10326701715,10326701745,1,"IOTHUB_CLIENT_CONFIRMATION_OK"
11306,10326701915,10326701974,1,"IOTHUB_CLIENT_CONFIRMATION_OK"
11307,10326702116,10326702245,1,"IOTHUB_CLIENT_CONFIRMATION_OK"
11308,10326702316,10326702361,1,"IOTHUB_CLIENT_CONFIRMATION_OK"
11309,10326702516,10326702546,1,"IOTHUB_CLIENT_CONFIRMATION_OK"
11310,10326702716,10326702790,1,"IOTHUB_CLIENT_CONFIRMATION_OK"
11311,10326702916,10326702955,1,"IOTHUB_CLIENT_CONFIRMATION_OK"
11312,10326703117,10326703159,1,"IOTHUB_CLIENT_CONFIRMATION_OK"
11313,10326703317,10326703349,1,"IOTHUB_CLIENT_CONFIRMATION_OK"
11314,10326703517,10326703558,1,"IOTHUB_CLIENT_CONFIRMATION_OK"
11315,10326703717,10326703748,1,"IOTHUB_CLIENT_CONFIRMATION_OK"
11316,10326703917,10326703950,1,"IOTHUB_CLIENT_CONFIRMATION_OK"
11317,10326704117,10326704162,1,"IOTHUB_CLIENT_CONFIRMATION_OK"
11318,10326704318,10326704375,1,"IOTHUB_CLIENT_CONFIRMATION_OK"
11319,10326704518,10326704550,1,"IOTHUB_CLIENT_CONFIRMATION_OK"
11320,10326704718,10326704763,1,"IOTHUB_CLIENT_CONFIRMATION_OK"
11321,10326704918,10326705079,1,"IOTHUB_CLIENT_CONFIRMATION_OK"
11322,10326705118,10326705165,1,"IOTHUB_CLIENT_CONFIRMATION_OK"
11323,10326705318,10326705361,1,"IOTHUB_CLIENT_CONFIRMATION_OK"
11324,10326705518,10326705711,1,"IOTHUB_CLIENT_CONFIRMATION_OK"
11325,10326705719,10326705750,1,"IOTHUB_CLIENT_CONFIRMATION_OK"
11326,10326705919,10326705974,1,"IOTHUB_CLIENT_CONFIRMATION_OK"
11327,10326706119,10326706161,1,"IOTHUB_CLIENT_CONFIRMATION_OK"
11328,10326706319,10326706357,1,"IOTHUB_CLIENT_CONFIRMATION_OK"
11329,10326706519,10326706566,1,"IOTHUB_CLIENT_CONFIRMATION_OK"
11330,10326706719,10326706760,1,"IOTHUB_CLIENT_CONFIRMATION_OK"
11331,10326706920,10326706955,1,"IOTHUB_CLIENT_CONFIRMATION_OK"
11332,10326707120,10326707161,1,"IOTHUB_CLIENT_CONFIRMATION_OK"
11333,10326707320,10326707364,1,"IOTHUB_CLIENT_CONFIRMATION_OK"
11334,10326707520,10326707641,1,"IOTHUB_CLIENT_CONFIRMATION_OK"
11335,10326707720,10326707766,1,"IOTHUB_CLIENT_CONFIRMATION_OK"
11336,10326707920,10326707968,1,"IOTHUB_CLIENT_CONFIRMATION_OK"
11337,10326708121,10326708166,1,"IOTHUB_CLIENT_CONFIRMATION_OK"
11338,10326708321,10326708378,1,"IOTHUB_CLIENT_CONFIRMATION_OK"
11339,10326708521,10326708573,1,"IOTHUB_CLIENT_CONFIRMATION_OK"
11340,10326708721,10326708763,1,"IOTHUB_CLIENT_CONFIRMATION_OK"
11341,10326708921,10326708968,1,"IOTHUB_CLIENT_CONFIRMATION_OK"
11342,10326709121,10326709171,1,"IOTHUB_CLIENT_CONFIRMATION_OK"
11343,10326709321,10326709362,1,"IOTHUB_CLIENT_CONFIRMATION_OK"
11344,10326709522,10326709565,1,"IOTHUB_CLIENT_CONFIRMATION_OK"
11345,10326709722,10326709779,1,"IOTHUB_CLIENT_CONFIRMATION_OK"
11346,10326709922,10326709978,1,"IOTHUB_CLIENT_CONFIRMATION_OK"
11347,10326710122,10326710187,1,"IOTHUB_CLIENT_CONFIRMATION_OK"
11348,10326710322,10326710379,1,"IOTHUB_CLIENT_CONFIRMATION_OK"
11349,10326710522,10326710568,1,"IOTHUB_CLIENT_CONFIRMATION_OK"
11350,10326710723,10326710804,1,"IOTHUB_CLIENT_CONFIRMATION_OK"
11351,10326710923,10326710959,1,"IOTHUB_CLIENT_CONFIRMATION_OK"
11352,10326711123,10326711160,1,"IOTHUB_CLIENT_CONFIRMATION_OK"
11353,10326711323,10326711408,1,"IOTHUB_CLIENT_CONFIRMATION_OK"
11354,10326711523,10326711552,1,"IOTHUB_CLIENT_CONFIRMATION_OK"
11355,10326711723,10326711757,1,"IOTHUB_CLIENT_CONFIRMATION_OK"
11356,10326711924,10326712025,1,"IOTHUB_CLIENT_CONFIRMATION_OK"
11357,10326712124,10326712155,1,"IOTHUB_CLIENT_CONFIRMATION_OK"
11358,10326712324,10326712371,1,"IOTHUB_CLIENT_CONFIRMATION_OK"
11359,10326712524,10326712644,1,"IOTHUB_CLIENT_CONFIRMATION_OK"
11360,10326712724,10326712792,1,"IOTHUB_CLIENT_CONFIRMATION_OK"
11361,10326712925,10326712959,1,"IOTHUB_CLIENT_CONFIRMATION_OK"
11362,10326713125,10326713157,1,"IOTHUB_CLIENT_CONFIRMATION_OK"
11363,10326713325,10326713368,1,"IOTHUB_CLIENT_CONFIRMATION_OK"
11364,10326713525,10326713559,1,"IOTHUB_CLIENT_CONFIRMATION_OK"
11365,10326713725,10326713756,1,"IOTHUB_CLIENT_CONFIRMATION_OK"
11366,10326713926,10326713962,1,"IOTHUB_CLIENT_CONFIRMATION_OK"
11367,10326714126,10326714160,1,"IOTHUB_CLIENT_CONFIRMATION_OK"
11368,10326714326,10326714392,1,"IOTHUB_CLIENT_CONFIRMATION_OK"
11369,10326714526,10326714563,1,"IOTHUB_CLIENT_CONFIRMATION_OK"
11370,10326714726,10326714769,1,"IOTHUB_CLIENT_CONFIRMATION_OK"
11371,10326714927,10326714964,1,"IOTHUB_CLIENT_CONFIRMATION_OK"
11372,10326715127,10326715167,1,"IOTHUB_CLIENT_CONFIRMATION_OK"
11373,10326715327,10326715544,1,"IOTHUB_CLIENT_CONFIRMATION_OK"
11374,10326715527,10326715570,1,"IOTHUB_CLIENT_CONFIRMATION_OK"
11375,10326715727,10326715761,1,"IOTHUB_CLIENT_CONFIRMATION_OK"
11376,10326715928,10326715985,1,"IOTHUB_CLIENT_CONFIRMATION_OK"
11377,10326716128,10326716170,1,"IOTHUB_CLIENT_CONFIRMATION_OK"
11378,10326716328,10326716383,1,"IOTHUB_CLIENT_CONFIRMATION_OK"
11379,10326716528,10326716679,1,"IOTHUB_CLIENT_CONFIRMATION_OK"
11380,10326716728,10326716790,1,"IOTHUB_CLIENT_CONFIRMATION_OK"
11381,10326716928,10326716996,1,"IOTHUB_CLIENT_CONFIRMATION_OK"
11382,10326717129,10326717258,1,"IOTHUB_CLIENT_CONFIRMATION_OK"
11383,10326717329,10326717370,1,"IOTHUB_CLIENT_CONFIRMATION_OK"
11384,10326717529,10326717565,1,"IOTHUB_CLIENT_CONFIRMATION_OK"
11385,10326717729,10326717780,1,"IOTHUB_CLIENT_CONFIRMATION_OK"
11386,10326717929,10326717971,1,"IOTHUB_CLIENT_CONFIRMATION_OK"
11387,10326718129,10326718178,1,"IOTHUB_CLIENT_CONFIRMATION_OK"
11388,10326718329,10326718364,1,"IOTHUB_CLIENT_CONFIRMATION_OK"
11389,10326718530,10326718565,1,"IOTHUB_CLIENT_CONFIRMATION_OK"
11390,10326718730,10326718784,1,"IOTHUB_CLIENT_CONFIRMATION_OK"
11391,10326718930,10326719031,1,"IOTHUB_CLIENT_CONFIRMATION_OK"
11392,10326719130,10326719159,1,"IOTHUB_CLIENT_CONFIRMATION_OK"
11393,10326719330,10326719373,1,"IOTHUB_CLIENT_CONFIRMATION_OK"
11394,10326719530,10326719563,1,"IOTHUB_CLIENT_CONFIRMATION_OK"
11395,10326719731,10326719763,1,"IOTHUB_CLIENT_CONFIRMATION_OK"
11396,10326719931,10326720098,1,"IOTHUB_CLIENT_CONFIRMATION_OK"
11397,10326720131,10326720171,1,"IOTHUB_CLIENT_CONFIRMATION_OK"
11398,10326720331,10326720380,1,"IOTHUB_CLIENT_CONFIRMATION_OK"
11399,10326720531,10326720608,1,"IOTHUB_CLIENT_CONFIRMATION_OK"
11400,10326720731,10326720769,1,"IOTHUB_CLIENT_CONFIRMATION_OK"
11401,10326720932,10326721007,1,"IOTHUB_CLIENT_CONFIRMATION_OK"
11402,10326721132,10326721177,1,"IOTHUB_CLIENT_CONFIRMATION_OK"
11403,10326721332,10326721363,1,"IOTHUB_CLIENT_CONFIRMATION_OK"
11404,10326721532,10326721577,1,"IOTHUB_CLIENT_CONFIRMATION_OK"
11405,10326721732,10326721769,1,"IOTHUB_CLIENT_CONFIRMATION_OK"
11406,10326721933,10326721987,1,"IOTHUB_CLIENT_CONFIRMATION_OK"
11407,10326722133,10326722220,1,"IOTHUB_CLIENT_CONFIRMATION_OK"
11408,10326722333,10326722371,1,"IOTHUB_CLIENT_CONFIRMATION_OK"
11409,10326722533,10326722569,1,"IOTHUB_CLIENT_CONFIRMATION_OK"
11410,10326722733,10326722775,1,"IOTHUB_CLIENT_CONFIRMATION_OK"
11411,10326722934,10326722977,1,"IOTHUB_CLIENT_CONFIRMATION_OK"
11412,10326723134,10326723189,1,"IOTHUB_CLIENT_CONFIRMATION_OK"
11413,10326723334,10326723378,1,"IOTHUB_CLIENT_CONFIRMATION_OK"
11414,10326723534,10326723571,1,"IOTHUB_CLIENT_CONFIRMATION_OK"
11415,10326723734,10326723772,1,"IOTHUB_CLIENT_CONFIRMATION_OK"
11416,10326723934,10326723967,1,"IOTHUB_CLIENT_CONFIRMATION_OK"
11417,10326724134,10326724191,1,"IOTHUB_CLIENT_CONFIRMATION_OK"
11418,10326724335,10326724381,1,"IOTHUB_CLIENT_CONFIRMATION_OK"
11419,10326724535,10326724584,1,"IOTHUB_CLIENT_CONFIRMATION_OK"
11420,10326724735,10326724887,1,"IOTHUB_CLIENT_CONFIRMATION_OK"
11421,10326724935,10326724986,1,"IOTHUB_CLIENT_CONFIRMATION_OK"
11422,10326725135,10326725204,1,"IOTHUB_CLIENT_CONFIRMATION_OK"
11423,10326725335,10326725371,1,"IOTHUB_CLIENT_CONFIRMATION_OK"
11424,10326725536,10326725570,1,"IOTHUB_CLIENT_CONFIRMATION_OK"
11425,10326725736,10326725854,1,"IOTHUB_CLIENT_CONFIRMATION_OK"
11426,10326725936,10326725969,1,"IOTHUB_CLIENT_CONFIRMATION_OK"
11427,10326726136,10326726211,1,"IOTHUB_CLIENT_CONFIRMATION_OK"
11428,10326726336,10326726474,1,"IOTHUB_CLIENT_CONFIRMATION_OK"
11429,10326726536,10326726569,1,"IOTHUB_CLIENT_CONFIRMATION_OK"
11430,10326726737,10326726781,1,"IOTHUB_CLIENT_CONFIRMATION_OK"
11431,10326726937,10326727099,1,"IOTHUB_CLIENT_CONFIRMATION_OK"
11432,10326727137,10326727227,1,"IOTHUB_CLIENT_CONFIRMATION_OK"
11433,10326727337,10326727432,1,"IOTHUB_CLIENT_CONFIRMATION_OK"
11434,10326727537,10326727613,1,"IOTHUB_CLIENT_CONFIRMATION_OK"
11435,10326727737,10326727781,1,"IOTHUB_CLIENT_CONFIRMATION_OK"
11436,10326727938,10326728000,1,"IOTHUB_CLIENT_CONFIRMATION_OK"
11437,10326728138,10326728252,1,"IOTHUB_CLIENT_CONFIRMATION_OK"
11438,10326728338,10326728404,1,"IOTHUB_CLIENT_CONFIRMATION_OK"
11439,10326728538,10326728580,1,"IOTHUB_CLIENT_CONFIRMATION_OK"
11440,10326728739,10326728803,1,"IOTHUB_CLIENT_CONFIRMATION_OK"
11441,10326728939,10326728968,1,"IOTHUB_CLIENT_CONFIRMATION_OK"
11442,10326729139,10326729199,1,"IOTHUB_CLIENT_CONFIRMATION_OK"
11443,10326729339,10326729382,1,"IOTHUB_CLIENT_CONFIRMATION_OK"
11444,10326729539,10326729604,1,"IOTHUB_CLIENT_CONFIRMATION_OK"
11445,10326729739,10326729777,1,"IOTHUB_CLIENT_CONFIRMATION_OK"
11446,10326729939,10326729982,1,"IOTHUB_CLIENT_CONFIRMATION_OK"
11447,10326730140,10326730294,1,"IOTHUB_CLIENT_CONFIRMATION_OK"
11448,10326730340,10326730448,1,"IOTHUB_CLIENT_CONFIRMATION_OK"
11449,10326730540,10326730582,1,"IOTHUB_CLIENT_CONFIRMATION_OK"
11450,10326730740,10326730790,1,"IOTHUB_CLIENT_CONFIRMATION_OK"
11451,10326730940,10326731055,1,"IOTHUB_CLIENT_CONFIRMATION_OK"
11452,10326731140,10326731181,1,"IOTHUB_CLIENT_CONFIRMATION_OK"
11453,10326731340,10326731385,1,"IOTHUB_CLIENT_CONFIRMATION_OK"
11454,10326731541,10326731645,1,"IOTHUB_CLIENT_CONFIRMATION_OK"
11455,10326731741,10326731778,1,"IOTHUB_CLIENT_CONFIRMATION_OK"
11456,10326731941,10326731981,1,"IOTHUB_CLIENT_CONFIRMATION_OK"
11457,10326732141,10326732335,1,"IOTHUB_CLIENT_CONFIRMATION_OK"
11458,10326732341,10326732381,1,"IOTHUB_CLIENT_CONFIRMATION_OK"
11459,10326732541,10326732591,1,"IOTHUB_CLIENT_CONFIRMATION_OK"
11460,10326732742,10326732791,1,"IOTHUB_CLIENT_CONFIRMATION_OK"
11461,10326732942,10326732984,1,"IOTHUB_CLIENT_CONFIRMATION_OK"
11462,10326733142,10326733177,1,"IOTHUB_CLIENT_CONFIRMATION_OK"
11463,10326733342,10326733385,1,"IOTHUB_CLIENT_CONFIRMATION_OK"
11464,10326733542,10326733599,1,"IOTHUB_CLIENT_CONFIRMATION_OK"
11465,10326733742,10326733777,1,"IOTHUB_CLIENT_CONFIRMATION_OK"
11466,10326733942,10326733980,1,"IOTHUB_CLIENT_CONFIRMATION_OK"
11467,10326734143,10326734219,1,"IOTHUB_CLIENT_CONFIRMATION_OK"
11468,10326734343,10326734381,1,"IOTHUB_CLIENT_CONFIRMATION_OK"
11469,10326734543,10326734581,1,"IOTHUB_CLIENT_CONFIRMATION_OK"
11470,10326734743,10326734859,1,"IOTHUB_CLIENT_CONFIRMATION_OK"
11471,10326734943,10326735006,1,"IOTHUB_CLIENT_CONFIRMATION_OK"
11472,10326735143,10326735189,1,"IOTHUB_CLIENT_CONFIRMATION_OK"
11473,10326735344,10326735378,1,"IOTHUB_CLIENT_CONFIRMATION_OK"
11474,10326735544,10326735593,1,"IOTHUB_CLIENT_CONFIRMATION_OK"
11475,10326735744,10326735775,1,"IOTHUB_CLIENT_CONFIRMATION_OK"
11476,10326735944,10326735978,1,"IOTHUB_CLIENT_CONFIRMATION_OK"
11477,10326736144,10326736229,1,"IOTHUB_CLIENT_CONFIRMATION_OK"
11478,10326736344,10326736391,1,"IOTHUB_CLIENT_CONFIRMATION_OK"
11479,10326736544,10326736605,1,"IOTHUB_CLIENT_CONFIRMATION_OK"
11480,10326736745,10326736826,1,"IOTHUB_CLIENT_CONFIRMATION_OK"
11481,10326736945,10326736980,1,"IOTHUB_CLIENT_CONFIRMATION_OK"
11482,10326737145,10326737183,1,"IOTHUB_CLIENT_CONFIRMATION_OK"
11483,10326737345,10326737431,1,"IOTHUB_CLIENT_CONFIRMATION_OK"
11484,10326737545,10326737620,1,"IOTHUB_CLIENT_CONFIRMATION_OK"
11485,10326737746,10326737777,1,"IOTHUB_CLIENT_CONFIRMATION_OK"
11486,10326737946,10326738070,1,"IOTHUB_CLIENT_CONFIRMATION_OK"
11487,10326738146,10326738179,1,"IOTHUB_CLIENT_CONFIRMATION_OK"
11488,10326738346,10326738379,1,"IOTHUB_CLIENT_CONFIRMATION_OK"
11489,10326738546,10326738646,1,"IOTHUB_CLIENT_CONFIRMATION_OK"
11490,10326738746,10326738792,1,"IOTHUB_CLIENT_CONFIRMATION_OK"
11491,10326738947,10326738981,1,"IOTHUB_CLIENT_CONFIRMATION_OK"
11492,10326739147,10326739198,1,"IOTHUB_CLIENT_CONFIRMATION_OK"
11493,10326739347,10326739381,1,"IOTHUB_CLIENT_CONFIRMATION_OK"
11494,10326739547,10326739583,1,"IOTHUB_CLIENT_CONFIRMATION_OK"
11495,10326739747,10326739803,1,"IOTHUB_CLIENT_CONFIRMATION_OK"
11496,10326739947,10326739978,1,"IOTHUB_CLIENT_CONFIRMATION_OK"
11497,10326740148,10326740270,1,"IOTHUB_CLIENT_CONFIRMATION_OK"
11498,10326740348,10326740385,1,"IOTHUB_CLIENT_CONFIRMATION_OK"
11499,10326740548,10326740586,1,"IOTHUB_CLIENT_CONFIRMATION_OK"
11500,10326740748,10326740888,1,"IOTHUB_CLIENT_CONFIRMATION_OK"
11501,10326740948,10326741013,1,"IOTHUB_CLIENT_CONFIRMATION_OK"
11502,10326741148,10326741234,1,"IOTHUB_CLIENT_CONFIRMATION_OK"
11503,10326741348,10326741490,1,"IOTHUB_CLIENT_CONFIRMATION_OK"
11504,10326741549,10326741582,1,"IOTHUB_CLIENT_CONFIRMATION_OK"
11505,10326741749,10326741793,1,"IOTHUB_CLIENT_CONFIRMATION_OK"
11506,10326741949,10326741982,1,"IOTHUB_CLIENT_CONFIRMATION_OK"
11507,10326742149,10326742183,1,"IOTHUB_CLIENT_CONFIRMATION_OK"
11508,10326742349,10326742383,1,"IOTHUB_CLIENT_CONFIRMATION_OK"
11509,10326742550,10326742584,1,"IOTHUB_CLIENT_CONFIRMATION_OK"
11510,10326742750,10326742786,1,"IOTHUB_CLIENT_CONFIRMATION_OK"
11511,10326742950,10326743024,1,"IOTHUB_CLIENT_CONFIRMATION_OK"
11512,10326743150,10326743217,1,"IOTHUB_CLIENT_CONFIRMATION_OK"
11513,10326743350,10326743393,1,"IOTHUB_CLIENT_CONFIRMATION_OK"
11514,10326743550,10326743605,1,"IOTHUB_CLIENT_CONFIRMATION_OK"
11515,10326743751,10326743792,1,"IOTHUB_CLIENT_CONFIRMATION_OK"
11516,10326743951,10326743998,1,"IOTHUB_CLIENT_CONFIRMATION_OK"
11517,10326744151,10326744318,1,"IOTHUB_CLIENT_CONFIRMATION_OK"
11518,10326744351,10326744385,1,"IOTHUB_CLIENT_CONFIRMATION_OK"
11519,10326744551,10326744585,1,"IOTHUB_CLIENT_CONFIRMATION_OK"
11520,10326744751,10326744783,1,"IOTHUB_CLIENT_CONFIRMATION_OK"
11521,10326744951,10326745002,1,"IOTHUB_CLIENT_CONFIRMATION_OK"
11522,10326745152,10326745187,1,"IOTHUB_CLIENT_CONFIRMATION_OK"
11523,10326745352,10326745565,1,"IOTHUB_CLIENT_CONFIRMATION_OK"
11524,10326745552,10326745640,1,"IOTHUB_CLIENT_CONFIRMATION_OK"
11525,10326745752,10326745783,1,"IOTHUB_CLIENT_CONFIRMATION_OK"
11526,10326745952,10326745983,1,"IOTHUB_CLIENT_CONFIRMATION_OK"
11527,10326746152,10326746194,1,"IOTHUB_CLIENT_CONFIRMATION_OK"
11528,10326746352,10326746383,1,"IOTHUB_CLIENT_CONFIRMATION_OK"
11529,10326746553,10326746600,1,"IOTHUB_CLIENT_CONFIRMATION_OK"
11530,10326746753,10326746817,1,"IOTHUB_CLIENT_CONFIRMATION_OK"
11531,10326746953,10326746988,1,"IOTHUB_CLIENT_CONFIRMATION_OK"
11532,10326747153,10326747200,1,"IOTHUB_CLIENT_CONFIRMATION_OK"
11533,10326747353,10326747388,1,"IOTHUB_CLIENT_CONFIRMATION_OK"
11534,10326747553,10326747587,1,"IOTHUB_CLIENT_CONFIRMATION_OK"
11535,10326747754,10326747798,1,"IOTHUB_CLIENT_CONFIRMATION_OK"
11536,10326747954,10326747989,1,"IOTHUB_CLIENT_CONFIRMATION_OK"
11537,10326748154,10326748206,1,"IOTHUB_CLIENT_CONFIRMATION_OK"
11538,10326748354,10326748447,1,"IOTHUB_CLIENT_CONFIRMATION_OK"
11539,10326748554,10326748586,1,"IOTHUB_CLIENT_CONFIRMATION_OK"
11540,10326748754,10326748802,1,"IOTHUB_CLIENT_CONFIRMATION_OK"
11541,10326748954,10326749033,1,"IOTHUB_CLIENT_CONFIRMATION_OK"
11542,10326749155,10326749209,1,"IOTHUB_CLIENT_CONFIRMATION_OK"
11543,10326749355,10326749427,1,"IOTHUB_CLIENT_CONFIRMATION_OK"
11544,10326749555,10326749589,1,"IOTHUB_CLIENT_CONFIRMATION_OK"
11545,10326749755,10326749789,1,"IOTHUB_CLIENT_CONFIRMATION_OK"
11546,10326749956,10326750012,1,"IOTHUB_CLIENT_CONFIRMATION_OK"
11547,10326750156,10326750186,1,"IOTHUB_CLIENT_CONFIRMATION_OK"
11548,10326750356,10326750387,1,"IOTHUB_CLIENT_CONFIRMATION_OK"
11549,10326750556,10326750662,1,"IOTHUB_CLIENT_CONFIRMATION_OK"
11550,10326750756,10326750809,1,"IOTHUB_CLIENT_CONFIRMATION_OK"
11551,10326750956,10326751007,1,"IOTHUB_CLIENT_CONFIRMATION_OK"
11552,10326751157,10326751271,1,"IOTHUB_CLIENT_CONFIRMATION_OK"
11553,10326751357,10326751501,1,"IOTHUB_CLIENT_CONFIRMATION_OK"
11554,10326751557,10326751606,1,"IOTHUB_CLIENT_CONFIRMATION_OK"
11555,10326751757,10326751795,1,"IOTHUB_CLIENT_CONFIRMATION_OK"
11556,10326751957,10326751989,1,"IOTHUB_CLIENT_CONFIRMATION_OK"
11557,10326752158,10326752202,1,"IOTHUB_CLIENT_CONFIRMATION_OK"
11558,10326752358,10326752403,1,"IOTHUB_CLIENT_CONFIRMATION_OK"
11559,10326752558,10326752592,1,"IOTHUB_CLIENT_CONFIRMATION_OK"
11560,10326752758,10326752793,1,"IOTHUB_CLIENT_CONFIRMATION_OK"
11561,10326752958,10326752998,1,"IOTHUB_CLIENT_CONFIRMATION_OK"
11562,10326753159,10326753190,1,"IOTHUB_CLIENT_CONFIRMATION_OK"
11563,10326753359,10326753407,1,"IOTHUB_CLIENT_CONFIRMATION_OK"
11564,10326753559,10326753598,1,"IOTHUB_CLIENT_CONFIRMATION_OK"
11565,10326753759,10326753830,1,"IOTHUB_CLIENT_CONFIRMATION_OK"
11566,10326753959,10326754001,1,"IOTHUB_CLIENT_CONFIRMATION_OK"
11567,10326754159,10326754241,1,"IOTHUB_CLIENT_CONFIRMATION_OK"
11568,10326754360,10326754401,1,"IOTHUB_CLIENT_CONFIRMATION_OK"
11569,10326754560,10326754619,1,"IOTHUB_CLIENT_CONFIRMATION_OK"
11570,10326754760,10326754797,1,"IOTHUB_CLIENT_CONFIRMATION_OK"
11571,10326754960,10326754997,1,"IOTHUB_CLIENT_CONFIRMATION_OK"
11572,10326755160,10326755203,1,"IOTHUB_CLIENT_CONFIRMATION_OK"
11573,10326755360,10326755429,1,"IOTHUB_CLIENT_CONFIRMATION_OK"
11574,10326755561,10326755593,1,"IOTHUB_CLIENT_CONFIRMATION_OK"
11575,10326755761,10326755815,1,"IOTHUB_CLIENT_CONFIRMATION_OK"
11576,10326755961,10326755997,1,"IOTHUB_CLIENT_CONFIRMATION_OK"
11577,10326756161,10326756190,1,"IOTHUB_CLIENT_CONFIRMATION_OK"
11578,10326756361,10326756397,1,"IOTHUB_CLIENT_CONFIRMATION_OK"
11579,10326756561,10326756596,1,"IOTHUB_CLIENT_CONFIRMATION_OK"
11580,10326756762,10326756798,1,"IOTHUB_CLIENT_CONFIRMATION_OK"
11581,10326756962,10326757011,1,"IOTHUB_CLIENT_CONFIRMATION_OK"
11582,10326757162,10326757230,1,"IOTHUB_CLIENT_CONFIRMATION_OK"
11583,10326757362,10326757398,1,"IOTHUB_CLIENT_CONFIRMATION_OK"
11584,10326757562,10326757702,1,"IOTHUB_CLIENT_CONFIRMATION_OK"
11585,10326757762,10326757799,1,"IOTHUB_CLIENT_CONFIRMATION_OK"
11586,10326757963,10326758017,1,"IOTHUB_CLIENT_CONFIRMATION_OK"
11587,10326758163,10326758220,1,"IOTHUB_CLIENT_CONFIRMATION_OK"
11588,10326758363,10326758407,1,"IOTHUB_CLIENT_CONFIRMATION_OK"
11589,10326758563,10326758596,1,"IOTHUB_CLIENT_CONFIRMATION_OK"
11590,10326758763,10326758805,1,"IOTHUB_CLIENT_CONFIRMATION_OK"
11591,10326758963,10326759045,1,"IOTHUB_CLIENT_CONFIRMATION_OK"
11592,10326759163,10326759200,1,"IOTHUB_CLIENT_CONFIRMATION_OK"
11593,10326759364,10326759402,1,"IOTHUB_CLIENT_CONFIRMATION_OK"
11594,10326759564,10326759600,1,"IOTHUB_CLIENT_CONFIRMATION_OK"
11595,10326759764,10326759799,1,"IOTHUB_CLIENT_CONFIRMATION_OK"
11596,10326759964,10326760005,1,"IOTHUB_CLIENT_CONFIRMATION_OK"
11597,10326760164,10326760220,1,"IOTHUB_CLIENT_CONFIRMATION_OK"
11598,10326760364,10326762716,1,"IOTHUB_CLIENT_CONFIRMATION_OK"
11599,10326760565,10326764004,1,"IOTHUB_CLIENT_CONFIRMATION_OK"
11600,10326760765,10326764045,1,"IOTHUB_CLIENT_CONFIRMATION_OK"
11601,10326760965,10326764102,1,"IOTHUB_CLIENT_CONFIRMATION_OK"
11602,10326761165,10326764131,1,"IOTHUB_CLIENT_CONFIRMATION_OK"
11603,10326761366,10326764197,1,"IOTHUB_CLIENT_CONFIRMATION_OK"
11604,10326761566,10326764515,1,"IOTHUB_CLIENT_CONFIRMATION_OK"
11605,10326761766,10326764555,1,"IOTHUB_CLIENT_CONFIRMATION_OK"
11606,10326761966,10326764598,1,"IOTHUB_CLIENT_CONFIRMATION_OK"
11607,10326762166,10326764626,1,"IOTHUB_CLIENT_CONFIRMATION_OK"
11608,10326762367,10326764800,1,"IOTHUB_CLIENT_CONFIRMATION_OK"
11609,10326762567,10326764970,1,"IOTHUB_CLIENT_CONFIRMATION_OK"
11610,10326762767,10326765008,1,"IOTHUB_CLIENT_CONFIRMATION_OK"
11611,10326762967,10326765126,1,"IOTHUB_CLIENT_CONFIRMATION_OK"
11612,10326763167,10326765245,1,"IOTHUB_CLIENT_CONFIRMATION_OK"
11613,10326763367,10326765283,1,"IOTHUB_CLIENT_CONFIRMATION_OK"
11614,10326763567,10326765317,1,"IOTHUB_CLIENT_CONFIRMATION_OK"
11615,10326763768,10326765352,1,"IOTHUB_CLIENT_CONFIRMATION_OK"
11616,10326763968,10326765385,1,"IOTHUB_CLIENT_CONFIRMATION_OK"
11617,10326764168,10326765443,1,"IOTHUB_CLIENT_CONFIRMATION_OK"
11618,10326764368,10326765482,1,"IOTHUB_CLIENT_CONFIRMATION_OK"
11619,10326764568,10326765516,1,"IOTHUB_CLIENT_CONFIRMATION_OK"
11620,10326764768,10326765548,1,"IOTHUB_CLIENT_CONFIRMATION_OK"
11621,10326764969,10326765574,1,"IOTHUB_CLIENT_CONFIRMATION_OK"
11622,10326765169,10326765599,1,"IOTHUB_CLIENT_CONFIRMATION_OK"
11623,10326765369,10326765624,1,"IOTHUB_CLIENT_CONFIRMATION_OK"
11624,10326765569,10326765672,1,"IOTHUB_CLIENT_CONFIRMATION_OK"
11625,10326765769,10326765849,1,"IOTHUB_CLIENT_CONFIRMATION_OK"
11626,10326765969,10326766051,1,"IOTHUB_CLIENT_CONFIRMATION_OK"
11627,10326766169,10326766268,1,"IOTHUB_CLIENT_CONFIRMATION_OK"
11628,10326766370,10326766422,1,"IOTHUB_CLIENT_CONFIRMATION_OK"
11629,10326766570,10326766618,1,"IOTHUB_CLIENT_CONFIRMATION_OK"
11630,10326766770,10326766954,1,"IOTHUB_CLIENT_CONFIRMATION_OK"
11631,10326766970,10326767020,1,"IOTHUB_CLIENT_CONFIRMATION_OK"
11632,10326767170,10326767213,1,"IOTHUB_CLIENT_CONFIRMATION_OK"
11633,10326767370,10326767408,1,"IOTHUB_CLIENT_CONFIRMATION_OK"
11634,10326767571,10326767627,1,"IOTHUB_CLIENT_CONFIRMATION_OK"
11635,10326767771,10326767802,1,"IOTHUB_CLIENT_CONFIRMATION_OK"
11636,10326767971,10326768006,1,"IOTHUB_CLIENT_CONFIRMATION_OK"
11637,10326768171,10326768205,1,"IOTHUB_CLIENT_CONFIRMATION_OK"
11638,10326768371,10326768423,1,"IOTHUB_CLIENT_CONFIRMATION_OK"
11639,10326768571,10326768609,1,"IOTHUB_CLIENT_CONFIRMATION_OK"
11640,10326768772,10326768804,1,"IOTHUB_CLIENT_CONFIRMATION_OK"
11641,10326768972,10326769065,1,"IOTHUB_CLIENT_CONFIRMATION_OK"
11642,10326769172,10326769215,1,"IOTHUB_CLIENT_CONFIRMATION_OK"
11643,10326769372,10326769404,1,"IOTHUB_CLIENT_CONFIRMATION_OK"
11644,10326769572,10326769618,1,"IOTHUB_CLIENT_CONFIRMATION_OK"
11645,10326769773,10326769810,1,"IOTHUB_CLIENT_CONFIRMATION_OK"
11646,10326769973,10326770009,1,"IOTHUB_CLIENT_CONFIRMATION_OK"
11647,10326770173,10326770220,1,"IOTHUB_CLIENT_CONFIRMATION_OK"
11648,10326770373,10326770412,1,"IOTHUB_CLIENT_CONFIRMATION_OK"
11649,10326770573,10326770610,1,"IOTHUB_CLIENT_CONFIRMATION_OK"
11650,10326770773,10326770810,1,"IOTHUB_CLIENT_CONFIRMATION_OK"
11651,10326770974,10326771258,1,"IOTHUB_CLIENT_CONFIRMATION_OK"
11652,10326771174,10326771306,1,"IOTHUB_CLIENT_CONFIRMATION_OK"
11653,10326771374,10326771513,1,"IOTHUB_CLIENT_CONFIRMATION_OK"
11654,10326771574,10326771622,1,"IOTHUB_CLIENT_CONFIRMATION_OK"
11655,10326771774,10326771824,1,"IOTHUB_CLIENT_CONFIRMATION_OK"
11656,10326771974,10326772114,1,"IOTHUB_CLIENT_CONFIRMATION_OK"
11657,10326772174,10326772243,1,"IOTHUB_CLIENT_CONFIRMATION_OK"
11658,10326772375,10326772468,1,"IOTHUB_CLIENT_CONFIRMATION_OK"
11659,10326772575,10326772614,1,"IOTHUB_CLIENT_CONFIRMATION_OK"
11660,10326772775,10326772824,1,"IOTHUB_CLIENT_CONFIRMATION_OK"
11661,10326772975,10326773016,1,"IOTHUB_CLIENT_CONFIRMATION_OK"
11662,10326773175,10326773220,1,"IOTHUB_CLIENT_CONFIRMATION_OK"
11663,10326773375,10326773411,1,"IOTHUB_CLIENT_CONFIRMATION_OK"
11664,10326773575,10326773612,1,"IOTHUB_CLIENT_CONFIRMATION_OK"
11665,10326773776,10326773816,1,"IOTHUB_CLIENT_CONFIRMATION_OK"
11666,10326773976,10326774055,1,"IOTHUB_CLIENT_CONFIRMATION_OK"
11667,10326774176,10326774298,1,"IOTHUB_CLIENT_CONFIRMATION_OK"
11668,10326774376,10326774420,1,"IOTHUB_CLIENT_CONFIRMATION_OK"
11669,10326774576,10326774620,1,"IOTHUB_CLIENT_CONFIRMATION_OK"
11670,10326774776,10326774848,1,"IOTHUB_CLIENT_CONFIRMATION_OK"
11671,10326774977,10326775032,1,"IOTHUB_CLIENT_CONFIRMATION_OK"
11672,10326775177,10326775209,1,"IOTHUB_CLIENT_CONFIRMATION_OK"
11673,10326775377,10326775473,1,"IOTHUB_CLIENT_CONFIRMATION_OK"
11674,10326775577,10326775611,1,"IOTHUB_CLIENT_CONFIRMATION_OK"
11675,10326775777,10326775814,1,"IOTHUB_CLIENT_CONFIRMATION_OK"
11676,10326775977,10326776049,1,"IOTHUB_CLIENT_CONFIRMATION_OK"
11677,10326776177,10326776227,1,"IOTHUB_CLIENT_CONFIRMATION_OK"
11678,10326776378,10326776421,1,"IOTHUB_CLIENT_CONFIRMATION_OK"
11679,10326776578,10326776642,1,"IOTHUB_CLIENT_CONFIRMATION_OK"
11680,10326776778,10326776822,1,"IOTHUB_CLIENT_CONFIRMATION_OK"
11681,10326776978,10326777072,1,"IOTHUB_CLIENT_CONFIRMATION_OK"
11682,10326777178,10326777265,1,"IOTHUB_CLIENT_CONFIRMATION_OK"
11683,10326777378,10326777416,1,"IOTHUB_CLIENT_CONFIRMATION_OK"
11684,10326777579,10326777623,1,"IOTHUB_CLIENT_CONFIRMATION_OK"
11685,10326777779,10326777916,1,"IOTHUB_CLIENT_CONFIRMATION_OK"
11686,10326777979,10326778020,1,"IOTHUB_CLIENT_CONFIRMATION_OK"
11687,10326778179,10326778255,1,"IOTHUB_CLIENT_CONFIRMATION_OK"
11688,10326778379,10326778488,1,"IOTHUB_CLIENT_CONFIRMATION_OK"
11689,10326778579,10326778704,1,"IOTHUB_CLIENT_CONFIRMATION_OK"
11690,10326778780,10326778888,1,"IOTHUB_CLIENT_CONFIRMATION_OK"
11691,10326778980,10326779104,1,"IOTHUB_CLIENT_CONFIRMATION_OK"
11692,10326779180,10326779214,1,"IOTHUB_CLIENT_CONFIRMATION_OK"
11693,10326779380,10326779481,1,"IOTHUB_CLIENT_CONFIRMATION_OK"
11694,10326779580,10326779614,1,"IOTHUB_CLIENT_CONFIRMATION_OK"
11695,10326779780,10326779819,1,"IOTHUB_CLIENT_CONFIRMATION_OK"
11696,10326779980,10326780028,1,"IOTHUB_CLIENT_CONFIRMATION_OK"
11697,10326780181,10326780232,1,"IOTHUB_CLIENT_CONFIRMATION_OK"
11698,10326780381,10326780419,1,"IOTHUB_CLIENT_CONFIRMATION_OK"
11699,10326780581,10326780780,1,"IOTHUB_CLIENT_CONFIRMATION_OK"
11700,10326780781,10326780829,1,"IOTHUB_CLIENT_CONFIRMATION_OK"
11701,10326780982,10326781077,1,"IOTHUB_CLIENT_CONFIRMATION_OK"
11702,10326781182,10326781216,1,"IOTHUB_CLIENT_CONFIRMATION_OK"
11703,10326781382,10326781417,1,"IOTHUB_CLIENT_CONFIRMATION_OK"
11704,10326781582,10326781627,1,"IOTHUB_CLIENT_CONFIRMATION_OK"
11705,10326781782,10326781973,1,"IOTHUB_CLIENT_CONFIRMATION_OK"
11706,10326781982,10326782018,1,"IOTHUB_CLIENT_CONFIRMATION_OK"
11707,10326782182,10326782229,1,"IOTHUB_CLIENT_CONFIRMATION_OK"
11708,10326782383,10326782434,1,"IOTHUB_CLIENT_CONFIRMATION_OK"
11709,10326782583,10326782628,1,"IOTHUB_CLIENT_CONFIRMATION_OK"
11710,10326782783,10326782821,1,"IOTHUB_CLIENT_CONFIRMATION_OK"
11711,10326782983,10326783077,1,"IOTHUB_CLIENT_CONFIRMATION_OK"
11712,10326783183,10326783243,1,"IOTHUB_CLIENT_CONFIRMATION_OK"
11713,10326783383,10326783422,1,"IOTHUB_CLIENT_CONFIRMATION_OK"
11714,10326783584,10326783629,1,"IOTHUB_CLIENT_CONFIRMATION_OK"
11715,10326783784,10326783828,1,"IOTHUB_CLIENT_CONFIRMATION_OK"
11716,10326783984,10326784026,1,"IOTHUB_CLIENT_CONFIRMATION_OK"
11717,10326784184,10326784231,1,"IOTHUB_CLIENT_CONFIRMATION_OK"
11718,10326784384,10326784425,1,"IOTHUB_CLIENT_CONFIRMATION_OK"
11719,10326784584,10326784623,1,"IOTHUB_CLIENT_CONFIRMATION_OK"
11720,10326784784,10326784831,1,"IOTHUB_CLIENT_CONFIRMATION_OK"
11721,10326784985,10326785026,1,"IOTHUB_CLIENT_CONFIRMATION_OK"
11722,10326785185,10326785223,1,"IOTHUB_CLIENT_CONFIRMATION_OK"
11723,10326785385,10326785447,1,"IOTHUB_CLIENT_CONFIRMATION_OK"
11724,10326785585,10326785621,1,"IOTHUB_CLIENT_CONFIRMATION_OK"
11725,10326785785,10326785841,1,"IOTHUB_CLIENT_CONFIRMATION_OK"
11726,10326785985,10326786023,1,"IOTHUB_CLIENT_CONFIRMATION_OK"
11727,10326786186,10326786226,1,"IOTHUB_CLIENT_CONFIRMATION_OK"
11728,10326786386,10326786454,1,"IOTHUB_CLIENT_CONFIRMATION_OK"
11729,10326786586,10326786629,1,"IOTHUB_CLIENT_CONFIRMATION_OK"
11730,10326786786,10326786831,1,"IOTHUB_CLIENT_CONFIRMATION_OK"
11731,10326786986,10326787056,1,"IOTHUB_CLIENT_CONFIRMATION_OK"
11732,10326787187,10326787240,1,"IOTHUB_CLIENT_CONFIRMATION_OK"
11733,10326787387,10326787425,1,"IOTHUB_CLIENT_CONFIRMATION_OK"
11734,10326787587,10326787675,1,"IOTHUB_CLIENT_CONFIRMATION_OK"
11735,10326787787,10326787821,1,"IOTHUB_CLIENT_CONFIRMATION_OK"
11736,10326787987,10326788340,1,"IOTHUB_CLIENT_CONFIRMATION_OK"
11737,10326788187,10326788376,1,"IOTHUB_CLIENT_CONFIRMATION_OK"
11738,10326788388,10326788453,1,"IOTHUB_CLIENT_CONFIRMATION_OK"
11739,10326788588,10326788635,1,"IOTHUB_CLIENT_CONFIRMATION_OK"
11740,10326788788,10326788832,1,"IOTHUB_CLIENT_CONFIRMATION_OK"
11741,10326788988,10326789032,1,"IOTHUB_CLIENT_CONFIRMATION_OK"
11742,10326789188,10326789252,1,"IOTHUB_CLIENT_CONFIRMATION_OK"
11743,10326789388,10326789446,1,"IOTHUB_CLIENT_CONFIRMATION_OK"
11744,10326789589,10326789709,1,"IOTHUB_CLIENT_CONFIRMATION_OK"
11745,10326789789,10326789823,1,"IOTHUB_CLIENT_CONFIRMATION_OK"
11746,10326789989,10326790023,1,"IOTHUB_CLIENT_CONFIRMATION_OK"
11747,10326790189,10326790255,1,"IOTHUB_CLIENT_CONFIRMATION_OK"
11748,10326790389,10326790573,1,"IOTHUB_CLIENT_CONFIRMATION_OK"
11749,10326790589,10326790633,1,"IOTHUB_CLIENT_CONFIRMATION_OK"
11750,10326790790,10326790829,1,"IOTHUB_CLIENT_CONFIRMATION_OK"
11751,10326790990,10326791158,1,"IOTHUB_CLIENT_CONFIRMATION_OK"
11752,10326791190,10326791230,1,"IOTHUB_CLIENT_CONFIRMATION_OK"
11753,10326791390,10326791457,1,"IOTHUB_CLIENT_CONFIRMATION_OK"
11754,10326791590,10326791639,1,"IOTHUB_CLIENT_CONFIRMATION_OK"
11755,10326791791,10326791868,1,"IOTHUB_CLIENT_CONFIRMATION_OK"
11756,10326791991,10326792039,1,"IOTHUB_CLIENT_CONFIRMATION_OK"
11757,10326792191,10326792226,1,"IOTHUB_CLIENT_CONFIRMATION_OK"
11758,10326792391,10326792426,1,"IOTHUB_CLIENT_CONFIRMATION_OK"
11759,10326792591,10326792651,1,"IOTHUB_CLIENT_CONFIRMATION_OK"
11760,10326792792,10326792863,1,"IOTHUB_CLIENT_CONFIRMATION_OK"
11761,10326792992,10326793040,1,"IOTHUB_CLIENT_CONFIRMATION_OK"
11762,10326793192,10326793273,1,"IOTHUB_CLIENT_CONFIRMATION_OK"
11763,10326793392,10326793434,1,"IOTHUB_CLIENT_CONFIRMATION_OK"
11764,10326793592,10326793630,1,"IOTHUB_CLIENT_CONFIRMATION_OK"
11765,10326793792,10326793863,1,"IOTHUB_CLIENT_CONFIRMATION_OK"
11766,10326793992,10326794034,1,"IOTHUB_CLIENT_CONFIRMATION_OK"
11767,10326794193,10326794344,1,"IOTHUB_CLIENT_CONFIRMATION_OK"
11768,10326794393,10326794446,1,"IOTHUB_CLIENT_CONFIRMATION_OK"
11769,10326794593,10326794645,1,"IOTHUB_CLIENT_CONFIRMATION_OK"
11770,10326794793,10326794847,1,"IOTHUB_CLIENT_CONFIRMATION_OK"
11771,10326794993,10326795212,1,"IOTHUB_CLIENT_CONFIRMATION_OK"
11772,10326795193,10326795242,1,"IOTHUB_CLIENT_CONFIRMATION_OK"
11773,10326795394,10326795453,1,"IOTHUB_CLIENT_CONFIRMATION_OK"
11774,10326795594,10326795651,1,"IOTHUB_CLIENT_CONFIRMATION_OK"
11775,10326795794,10326795830,1,"IOTHUB_CLIENT_CONFIRMATION_OK"
11776,10326795994,10326796041,1,"IOTHUB_CLIENT_CONFIRMATION_OK"
11777,10326796194,10326796240,1,"IOTHUB_CLIENT_CONFIRMATION_OK"
11778,10326796394,10326796431,1,"IOTHUB_CLIENT_CONFIRMATION_OK"
11779,10326796594,10326796634,1,"IOTHUB_CLIENT_CONFIRMATION_OK"
11780,10326796795,10326796848,1,"IOTHUB_CLIENT_CONFIRMATION_OK"
11781,10326796995,10326797033,1,"IOTHUB_CLIENT_CONFIRMATION_OK"
11782,10326797195,10326797253,1,"IOTHUB_CLIENT_CONFIRMATION_OK"
11783,10326797395,10326797474,1,"IOTHUB_CLIENT_CONFIRMATION_OK"
11784,10326797595,10326797691,1,"IOTHUB_CLIENT_CONFIRMATION_OK"
11785,10326797795,10326797835,1,"IOTHUB_CLIENT_CONFIRMATION_OK"
11786,10326797996,10326798063,1,"IOTHUB_CLIENT_CONFIRMATION_OK"
11787,10326798196,10326798232,1,"IOTHUB_CLIENT_CONFIRMATION_OK"
11788,10326798396,10326798435,1,"IOTHUB_CLIENT_CONFIRMATION_OK"
11789,10326798596,10326798645,1,"IOTHUB_CLIENT_CONFIRMATION_OK"
11790,10326798796,10326798835,1,"IOTHUB_CLIENT_CONFIRMATION_OK"
11791,10326798996,10326799037,1,"IOTHUB_CLIENT_CONFIRMATION_OK"
11792,10326799197,10326799256,1,"IOTHUB_CLIENT_CONFIRMATION_OK"
11793,10326799397,10326799478,1,"IOTHUB_CLIENT_CONFIRMATION_OK"
11794,10326799597,10326799634,1,"IOTHUB_CLIENT_CONFIRMATION_OK"
11795,10326799797,10326799842,1,"IOTHUB_CLIENT_CONFIRMATION_OK"
11796,10326799997,10326800035,1,"IOTHUB_CLIENT_CONFIRMATION_OK"
11797,10326800197,10326800241,1,"IOTHUB_CLIENT_CONFIRMATION_OK"
11798,10326800397,10326800436,1,"IOTHUB_CLIENT_CONFIRMATION_OK"
11799,10326800598,10326800670,1,"IOTHUB_CLIENT_CONFIRMATION_OK"
11800,10326800798,10326800850,1,"IOTHUB_CLIENT_CONFIRMATION_OK"
11801,10326800998,10326801033,1,"IOTHUB_CLIENT_CONFIRMATION_OK"
11802,10326801198,10326801345,1,"IOTHUB_CLIENT_CONFIRMATION_OK"
11803,10326801398,10326801542,1,"IOTHUB_CLIENT_CONFIRMATION_OK"
11804,10326801599,10326801650,1,"IOTHUB_CLIENT_CONFIRMATION_OK"
11805,10326801799,10326801840,1,"IOTHUB_CLIENT_CONFIRMATION_OK"
11806,10326801999,10326802035,1,"IOTHUB_CLIENT_CONFIRMATION_OK"
11807,10326802199,10326802236,1,"IOTHUB_CLIENT_CONFIRMATION_OK"
11808,10326802399,10326802453,1,"IOTHUB_CLIENT_CONFIRMATION_OK"
11809,10326802600,10326802647,1,"IOTHUB_CLIENT_CONFIRMATION_OK"
11810,10326802800,10326802837,1,"IOTHUB_CLIENT_CONFIRMATION_OK"
11811,10326803000,10326803045,1,"IOTHUB_CLIENT_CONFIRMATION_OK"
11812,10326803200,10326803252,1,"IOTHUB_CLIENT_CONFIRMATION_OK"
11813,10326803400,10326803446,1,"IOTHUB_CLIENT_CONFIRMATION_OK"
11814,10326803600,10326803654,1,"IOTHUB_CLIENT_CONFIRMATION_OK"
11815,10326803800,10326803891,1,"IOTHUB_CLIENT_CONFIRMATION_OK"
11816,10326804001,10326804044,1,"IOTHUB_CLIENT_CONFIRMATION_OK"
11817,10326804201,10326804244,1,"IOTHUB_CLIENT_CONFIRMATION_OK"
11818,10326804401,10326804440,1,"IOTHUB_CLIENT_CONFIRMATION_OK"
11819,10326804601,10326804671,1,"IOTHUB_CLIENT_CONFIRMATION_OK"
11820,10326804801,10326804838,1,"IOTHUB_CLIENT_CONFIRMATION_OK"
11821,10326805001,10326805080,1,"IOTHUB_CLIENT_CONFIRMATION_OK"
11822,10326805202,10326805242,1,"IOTHUB_CLIENT_CONFIRMATION_OK"
11823,10326805402,10326805441,1,"IOTHUB_CLIENT_CONFIRMATION_OK"
11824,10326805602,10326805647,1,"IOTHUB_CLIENT_CONFIRMATION_OK"
11825,10326805802,10326805846,1,"IOTHUB_CLIENT_CONFIRMATION_OK"
11826,10326806002,10326806049,1,"IOTHUB_CLIENT_CONFIRMATION_OK"
11827,10326806202,10326806261,1,"IOTHUB_CLIENT_CONFIRMATION_OK"
11828,10326806403,10326806450,1,"IOTHUB_CLIENT_CONFIRMATION_OK"
11829,10326806603,10326806648,1,"IOTHUB_CLIENT_CONFIRMATION_OK"
11830,10326806803,10326806844,1,"IOTHUB_CLIENT_CONFIRMATION_OK"
11831,10326807003,10326807048,1,"IOTHUB_CLIENT_CONFIRMATION_OK"
11832,10326807203,10326807284,1,"IOTHUB_CLIENT_CONFIRMATION_OK"
11833,10326807403,10326807444,1,"IOTHUB_CLIENT_CONFIRMATION_OK"
11834,10326807604,10326807649,1,"IOTHUB_CLIENT_CONFIRMATION_OK"
11835,10326807804,10326807871,1,"IOTHUB_CLIENT_CONFIRMATION_OK"
11836,10326808004,10326808041,1,"IOTHUB_CLIENT_CONFIRMATION_OK"
11837,10326808204,10326808243,1,"IOTHUB_CLIENT_CONFIRMATION_OK"
11838,10326808404,10326808480,1,"IOTHUB_CLIENT_CONFIRMATION_OK"
11839,10326808604,10326808749,1,"IOTHUB_CLIENT_CONFIRMATION_OK"
11840,10326808804,10326809269,1,"IOTHUB_CLIENT_CONFIRMATION_OK"
11841,10326809005,10326809534,1,"IOTHUB_CLIENT_CONFIRMATION_OK"
11842,10326809205,10326809587,1,"IOTHUB_CLIENT_CONFIRMATION_OK"
11843,10326809405,10326809652,1,"IOTHUB_CLIENT_CONFIRMATION_OK"
11844,10326809605,10326809692,1,"IOTHUB_CLIENT_CONFIRMATION_OK"
11845,10326809805,10326809850,1,"IOTHUB_CLIENT_CONFIRMATION_OK"
11846,10326810006,10326810070,1,"IOTHUB_CLIENT_CONFIRMATION_OK"
11847,10326810206,10326810255,1,"IOTHUB_CLIENT_CONFIRMATION_OK"
11848,10326810406,10326810462,1,"IOTHUB_CLIENT_CONFIRMATION_OK"
11849,10326810606,10326810647,1,"IOTHUB_CLIENT_CONFIRMATION_OK"
11850,10326810806,10326810843,1,"IOTHUB_CLIENT_CONFIRMATION_OK"
11851,10326811006,10326811046,1,"IOTHUB_CLIENT_CONFIRMATION_OK"
11852,10326811207,10326811307,1,"IOTHUB_CLIENT_CONFIRMATION_OK"
11853,10326811407,10326811444,1,"IOTHUB_CLIENT_CONFIRMATION_OK"
11854,10326811607,10326811647,1,"IOTHUB_CLIENT_CONFIRMATION_OK"
11855,10326811807,10326811852,1,"IOTHUB_CLIENT_CONFIRMATION_OK"
11856,10326812007,10326812049,1,"IOTHUB_CLIENT_CONFIRMATION_OK"
11857,10326812207,10326812249,1,"IOTHUB_CLIENT_CONFIRMATION_OK"
11858,10326812408,10326812448,1,"IOTHUB_CLIENT_CONFIRMATION_OK"
11859,10326812608,10326812663,1,"IOTHUB_CLIENT_CONFIRMATION_OK"
11860,10326812808,10326812846,1,"IOTHUB_CLIENT_CONFIRMATION_OK"
11861,10326813008,10326813067,1,"IOTHUB_CLIENT_CONFIRMATION_OK"
11862,10326813208,10326813304,1,"IOTHUB_CLIENT_CONFIRMATION_OK"
11863,10326813408,10326813445,1,"IOTHUB_CLIENT_CONFIRMATION_OK"
11864,10326813608,10326813685,1,"IOTHUB_CLIENT_CONFIRMATION_OK"
11865,10326813809,10326813859,1,"IOTHUB_CLIENT_CONFIRMATION_OK"
11866,10326814009,10326814127,1,"IOTHUB_CLIENT_CONFIRMATION_OK"
11867,10326814209,10326814250,1,"IOTHUB_CLIENT_CONFIRMATION_OK"
11868,10326814409,10326814460,1,"IOTHUB_CLIENT_CONFIRMATION_OK"
11869,10326814609,10326814645,1,"IOTHUB_CLIENT_CONFIRMATION_OK"
11870,10326814809,10326814855,1,"IOTHUB_CLIENT_CONFIRMATION_OK"
11871,10326815010,10326815085,1,"IOTHUB_CLIENT_CONFIRMATION_OK"
11872,10326815210,10326815302,1,"IOTHUB_CLIENT_CONFIRMATION_OK"
11873,10326815410,10326815449,1,"IOTHUB_CLIENT_CONFIRMATION_OK"
11874,10326815610,10326815657,1,"IOTHUB_CLIENT_CONFIRMATION_OK"
11875,10326815810,10326815945,1,"IOTHUB_CLIENT_CONFIRMATION_OK"
11876,10326816010,10326816048,1,"IOTHUB_CLIENT_CONFIRMATION_OK"
11877,10326816211,10326816272,1,"IOTHUB_CLIENT_CONFIRMATION_OK"
11878,10326816411,10326816532,1,"IOTHUB_CLIENT_CONFIRMATION_OK"
11879,10326816611,10326816653,1,"IOTHUB_CLIENT_CONFIRMATION_OK"
11880,10326816811,10326816847,1,"IOTHUB_CLIENT_CONFIRMATION_OK"
11881,10326817011,10326817048,1,"IOTHUB_CLIENT_CONFIRMATION_OK"
11882,10326817212,10326817251,1,"IOTHUB_CLIENT_CONFIRMATION_OK"
11883,10326817412,10326817452,1,"IOTHUB_CLIENT_CONFIRMATION_OK"
11884,10326817612,10326817678,1,"IOTHUB_CLIENT_CONFIRMATION_OK"
11885,10326817812,10326817855,1,"IOTHUB_CLIENT_CONFIRMATION_OK"
11886,10326818012,10326818049,1,"IOTHUB_CLIENT_CONFIRMATION_OK"
11887,10326818212,10326818249,1,"IOTHUB_CLIENT_CONFIRMATION_OK"
11888,10326818413,10326818490,1,"IOTHUB_CLIENT_CONFIRMATION_OK"
11889,10326818613,10326818649,1,"IOTHUB_CLIENT_CONFIRMATION_OK"
11890,10326818813,10326818945,1,"IOTHUB_CLIENT_CONFIRMATION_OK"
11891,10326819013,10326819057,1,"IOTHUB_CLIENT_CONFIRMATION_OK"
11892,10326819213,10326819262,1,"IOTHUB_CLIENT_CONFIRMATION_OK"
11893,10326819413,10326819452,1,"IOTHUB_CLIENT_CONFIRMATION_OK"
11894,10326819613,10326819657,1,"IOTHUB_CLIENT_CONFIRMATION_OK"
11895,10326819814,10326819873,1,"IOTHUB_CLIENT_CONFIRMATION_OK"
11896,10326820014,10326820084,1,"IOTHUB_CLIENT_CONFIRMATION_OK"
11897,10326820214,10326820252,1,"IOTHUB_CLIENT_CONFIRMATION_OK"
11898,10326820414,10326820464,1,"IOTHUB_CLIENT_CONFIRMATION_OK"
11899,10326820614,10326820659,1,"IOTHUB_CLIENT_CONFIRMATION_OK"
11900,10326820814,10326820848,1,"IOTHUB_CLIENT_CONFIRMATION_OK"
11901,10326821014,10326821141,1,"IOTHUB_CLIENT_CONFIRMATION_OK"
11902,10326821215,10326821257,1,"IOTHUB_CLIENT_CONFIRMATION_OK"
11903,10326821415,10326821452,1,"IOTHUB_CLIENT_CONFIRMATION_OK"
11904,10326821615,10326821655,1,"IOTHUB_CLIENT_CONFIRMATION_OK"
11905,10326821815,10326821852,1,"IOTHUB_CLIENT_CONFIRMATION_OK"
11906,10326822015,10326822082,1,"IOTHUB_CLIENT_CONFIRMATION_OK"
11907,10326822215,10326822275,1,"IOTHUB_CLIENT_CONFIRMATION_OK"
11908,10326822415,10326822473,1,"IOTHUB_CLIENT_CONFIRMATION_OK"
11909,10326822616,10326822664,1,"IOTHUB_CLIENT_CONFIRMATION_OK"
11910,10326822816,10326822906,1,"IOTHUB_CLIENT_CONFIRMATION_OK"
11911,10326823016,10326823061,1,"IOTHUB_CLIENT_CONFIRMATION_OK"
11912,10326823216,10326823321,1,"IOTHUB_CLIENT_CONFIRMATION_OK"
11913,10326823416,10326823515,1,"IOTHUB_CLIENT_CONFIRMATION_OK"
11914,10326823616,10326823654,1,"IOTHUB_CLIENT_CONFIRMATION_OK"
11915,10326823817,10326823855,1,"IOTHUB_CLIENT_CONFIRMATION_OK"
11916,10326824017,10326824056,1,"IOTHUB_CLIENT_CONFIRMATION_OK"
11917,10326824217,10326824257,1,"IOTHUB_CLIENT_CONFIRMATION_OK"
11918,10326824417,10326824454,1,"IOTHUB_CLIENT_CONFIRMATION_OK"
11919,10326824617,10326824655,1,"IOTHUB_CLIENT_CONFIRMATION_OK"
11920,10326824817,10326824862,1,"IOTHUB_CLIENT_CONFIRMATION_OK"
11921,10326825017,10326825062,1,"IOTHUB_CLIENT_CONFIRMATION_OK"
11922,10326825218,10326825365,1,"IOTHUB_CLIENT_CONFIRMATION_OK"
11923,10326825418,10326825483,1,"IOTHUB_CLIENT_CONFIRMATION_OK"
11924,10326825618,10326825765,1,"IOTHUB_CLIENT_CONFIRMATION_OK"
11925,10326825818,10326825872,1,"IOTHUB_CLIENT_CONFIRMATION_OK"
11926,10326826018,10326826068,1,"IOTHUB_CLIENT_CONFIRMATION_OK"
11927,10326826218,10326826401,1,"IOTHUB_CLIENT_CONFIRMATION_OK"
11928,10326826419,10326826482,1,"IOTHUB_CLIENT_CONFIRMATION_OK"
11929,10326826619,10326826655,1,"IOTHUB_CLIENT_CONFIRMATION_OK"
11930,10326826819,10326826963,1,"IOTHUB_CLIENT_CONFIRMATION_OK"
11931,10326827019,10326827058,1,"IOTHUB_CLIENT_CONFIRMATION_OK"
11932,10326827219,10326827257,1,"IOTHUB_CLIENT_CONFIRMATION_OK"
11933,10326827419,10326827462,1,"IOTHUB_CLIENT_CONFIRMATION_OK"
11934,10326827620,10326827663,1,"IOTHUB_CLIENT_CONFIRMATION_OK"
11935,10326827820,10326827861,1,"IOTHUB_CLIENT_CONFIRMATION_OK"
11936,10326828020,10326828059,1,"IOTHUB_CLIENT_CONFIRMATION_OK"
11937,10326828220,10326828382,1,"IOTHUB_CLIENT_CONFIRMATION_OK"
11938,10326828420,10326828458,1,"IOTHUB_CLIENT_CONFIRMATION_OK"
11939,10326828620,10326828658,1,"IOTHUB_CLIENT_CONFIRMATION_OK"
11940,10326828821,10326828856,1,"IOTHUB_CLIENT_CONFIRMATION_OK"
11941,10326829021,10326829167,1,"IOTHUB_CLIENT_CONFIRMATION_OK"
11942,10326829221,10326829270,1,"IOTHUB_CLIENT_CONFIRMATION_OK"
11943,10326829421,10326829460,1,"IOTHUB_CLIENT_CONFIRMATION_OK"
11944,10326829621,10326829669,1,"IOTHUB_CLIENT_CONFIRMATION_OK"
11945,10326829822,10326829863,1,"IOTHUB_CLIENT_CONFIRMATION_OK"
11946,10326830022,10326830057,1,"IOTHUB_CLIENT_CONFIRMATION_OK"
11947,10326830222,10326830412,1,"IOTHUB_CLIENT_CONFIRMATION_OK"
11948,10326830422,10326830478,1,"IOTHUB_CLIENT_CONFIRMATION_OK"
11949,10326830622,10326830656,1,"IOTHUB_CLIENT_CONFIRMATION_OK"
11950,10326830822,10326830866,1,"IOTHUB_CLIENT_CONFIRMATION_OK"
11951,10326831022,10326831104,1,"IOTHUB_CLIENT_CONFIRMATION_OK"
11952,10326831223,10326831259,1,"IOTHUB_CLIENT_CONFIRMATION_OK"
11953,10326831423,10326831467,1,"IOTHUB_CLIENT_CONFIRMATION_OK"
11954,10326831623,10326831661,1,"IOTHUB_CLIENT_CONFIRMATION_OK"
11955,10326831823,10326831860,1,"IOTHUB_CLIENT_CONFIRMATION_OK"
11956,10326832023,10326832061,1,"IOTHUB_CLIENT_CONFIRMATION_OK"
11957,10326832224,10326832267,1,"IOTHUB_CLIENT_CONFIRMATION_OK"
11958,10326832424,10326832460,1,"IOTHUB_CLIENT_CONFIRMATION_OK"
11959,10326832624,10326832661,1,"IOTHUB_CLIENT_CONFIRMATION_OK"
11960,10326832824,10326832874,1,"IOTHUB_CLIENT_CONFIRMATION_OK"
11961,10326833024,10326833063,1,"IOTHUB_CLIENT_CONFIRMATION_OK"
11962,10326833225,10326833291,1,"IOTHUB_CLIENT_CONFIRMATION_OK"
11963,10326833425,10326833470,1,"IOTHUB_CLIENT_CONFIRMATION_OK"
11964,10326833625,10326833665,1,"IOTHUB_CLIENT_CONFIRMATION_OK"
11965,10326833825,10326833863,1,"IOTHUB_CLIENT_CONFIRMATION_OK"
11966,10326834025,10326834062,1,"IOTHUB_CLIENT_CONFIRMATION_OK"
11967,10326834225,10326834292,1,"IOTHUB_CLIENT_CONFIRMATION_OK"
11968,10326834425,10326834464,1,"IOTHUB_CLIENT_CONFIRMATION_OK"
11969,10326834626,10326834664,1,"IOTHUB_CLIENT_CONFIRMATION_OK"
11970,10326834826,10326834863,1,"IOTHUB_CLIENT_CONFIRMATION_OK"
11971,10326835026,10326835289,1,"IOTHUB_CLIENT_CONFIRMATION_OK"
11972,10326835226,10326835311,1,"IOTHUB_CLIENT_CONFIRMATION_OK"
11973,10326835426,10326835584,1,"IOTHUB_CLIENT_CONFIRMATION_OK"
11974,10326835626,10326835689,1,"IOTHUB_CLIENT_CONFIRMATION_OK"
11975,10326835826,10326835871,1,"IOTHUB_CLIENT_CONFIRMATION_OK"
11976,10326836027,10326836202,1,"IOTHUB_CLIENT_CONFIRMATION_OK"
11977,10326836227,10326836393,1,"IOTHUB_CLIENT_CONFIRMATION_OK"
11978,10326836427,10326836474,1,"IOTHUB_CLIENT_CONFIRMATION_OK"
11979,10326836627,10326836667,1,"IOTHUB_CLIENT_CONFIRMATION_OK"
11980,10326836827,10326836869,1,"IOTHUB_CLIENT_CONFIRMATION_OK"
11981,10326837028,10326837065,1,"IOTHUB_CLIENT_CONFIRMATION_OK"
11982,10326837228,10326837280,1,"IOTHUB_CLIENT_CONFIRMATION_OK"
11983,10326837428,10326837469,1,"IOTHUB_CLIENT_CONFIRMATION_OK"
11984,10326837628,10326837672,1,"IOTHUB_CLIENT_CONFIRMATION_OK"
11985,10326837828,10326837873,1,"IOTHUB_CLIENT_CONFIRMATION_OK"
11986,10326838028,10326838075,1,"IOTHUB_CLIENT_CONFIRMATION_OK"
11987,10326838229,10326838269,1,"IOTHUB_CLIENT_CONFIRMATION_OK"
11988,10326838429,10326838464,1,"IOTHUB_CLIENT_CONFIRMATION_OK"
11989,10326838629,10326838666,1,"IOTHUB_CLIENT_CONFIRMATION_OK"
11990,10326838829,10326838866,1,"IOTHUB_CLIENT_CONFIRMATION_OK"
11991,10326839029,10326839070,1,"IOTHUB_CLIENT_CONFIRMATION_OK"
11992,10326839229,10326839276,1,"IOTHUB_CLIENT_CONFIRMATION_OK"
11993,10326839429,10326839469,1,"IOTHUB_CLIENT_CONFIRMATION_OK"
11994,10326839630,10326839692,1,"IOTHUB_CLIENT_CONFIRMATION_OK"
11995,10326839830,10326839868,1,"IOTHUB_CLIENT_CONFIRMATION_OK"
11996,10326840030,10326840085,1,"IOTHUB_CLIENT_CONFIRMATION_OK"
11997,10326840230,10326840273,1,"IOTHUB_CLIENT_CONFIRMATION_OK"
11998,10326840430,10326840488,1,"IOTHUB_CLIENT_CONFIRMATION_OK"
11999,10326840630,10326840722,1,"IOTHUB_CLIENT_CONFIRMATION_OK"
12000,10326840831,10326840876,1,"IOTHUB_CLIENT_CONFIRMATION_OK"
12001,10326841031,10326841072,1,"IOTHUB_CLIENT_CONFIRMATION_OK"
12002,10326841231,10326841344,1,"IOTHUB_CLIENT_CONFIRMATION_OK"
12003,10326841431,10326841520,1,"IOTHUB_CLIENT_CONFIRMATION_OK"
12004,10326841631,10326841677,1,"IOTHUB_CLIENT_CONFIRMATION_OK"
12005,10326841831,10326841887,1,"IOTHUB_CLIENT_CONFIRMATION_OK"
12006,10326842032,10326842198,1,"IOTHUB_CLIENT_CONFIRMATION_OK"
12007,10326842232,10326842419,1,"IOTHUB_CLIENT_CONFIRMATION_OK"
12008,10326842432,10326842476,1,"IOTHUB_CLIENT_CONFIRMATION_OK"
12009,10326842632,10326842676,1,"IOTHUB_CLIENT_CONFIRMATION_OK"
12010,10326842832,10326842872,1,"IOTHUB_CLIENT_CONFIRMATION_OK"
12011,10326843032,10326843098,1,"IOTHUB_CLIENT_CONFIRMATION_OK"
12012,10326843232,10326843280,1,"IOTHUB_CLIENT_CONFIRMATION_OK"
12013,10326843433,10326843470,1,"IOTHUB_CLIENT_CONFIRMATION_OK"
12014,10326843633,10326843696,1,"IOTHUB_CLIENT_CONFIRMATION_OK"
12015,10326843833,10326843878,1,"IOTHUB_CLIENT_CONFIRMATION_OK"
12016,10326844033,10326844119,1,"IOTHUB_CLIENT_CONFIRMATION_OK"
12017,10326844233,10326844307,1,"IOTHUB_CLIENT_CONFIRMATION_OK"
12018,10326844433,10326844471,1,"IOTHUB_CLIENT_CONFIRMATION_OK"
12019,10326844634,10326844676,1,"IOTHUB_CLIENT_CONFIRMATION_OK"
12020,10326844834,10326844875,1,"IOTHUB_CLIENT_CONFIRMATION_OK"
12021,10326845034,10326845073,1,"IOTHUB_CLIENT_CONFIRMATION_OK"
12022,10326845234,10326845311,1,"IOTHUB_CLIENT_CONFIRMATION_OK"
12023,10326845434,10326845479,1,"IOTHUB_CLIENT_CONFIRMATION_OK"
12024,10326845634,10326845674,1,"IOTHUB_CLIENT_CONFIRMATION_OK"
12025,10326845834,10326845927,1,"IOTHUB_CLIENT_CONFIRMATION_OK"
12026,10326846035,10326846073,1,"IOTHUB_CLIENT_CONFIRMATION_OK"
12027,10326846235,10326846275,1,"IOTHUB_CLIENT_CONFIRMATION_OK"
12028,10326846435,10326846547,1,"IOTHUB_CLIENT_CONFIRMATION_OK"
12029,10326846635,10326846673,1,"IOTHUB_CLIENT_CONFIRMATION_OK"
12030,10326846835,10326846894,1,"IOTHUB_CLIENT_CONFIRMATION_OK"
12031,10326847035,10326847151,1,"IOTHUB_CLIENT_CONFIRMATION_OK"
12032,10326847236,10326847283,1,"IOTHUB_CLIENT_CONFIRMATION_OK"
12033,10326847436,10326847556,1,"IOTHUB_CLIENT_CONFIRMATION_OK"
12034,10326847636,10326847687,1,"IOTHUB_CLIENT_CONFIRMATION_OK"
12035,10326847836,10326847880,1,"IOTHUB_CLIENT_CONFIRMATION_OK"
12036,10326848036,10326848156,1,"IOTHUB_CLIENT_CONFIRMATION_OK"
12037,10326848236,10326848295,1,"IOTHUB_CLIENT_CONFIRMATION_OK"
12038,10326848436,10326848479,1,"IOTHUB_CLIENT_CONFIRMATION_OK"
12039,10326848637,10326848676,1,"IOTHUB_CLIENT_CONFIRMATION_OK"
12040,10326848837,10326848889,1,"IOTHUB_CLIENT_CONFIRMATION_OK"
12041,10326849037,10326849085,1,"IOTHUB_CLIENT_CONFIRMATION_OK"
12042,10326849237,10326849369,1,"IOTHUB_CLIENT_CONFIRMATION_OK"
12043,10326849437,10326849477,1,"IOTHUB_CLIENT_CONFIRMATION_OK"
12044,10326849637,10326849676,1,"IOTHUB_CLIENT_CONFIRMATION_OK"
12045,10326849838,10326849880,1,"IOTHUB_CLIENT_CONFIRMATION_OK"
12046,10326850038,10326850105,1,"IOTHUB_CLIENT_CONFIRMATION_OK"
12047,10326850238,10326850274,1,"IOTHUB_CLIENT_CONFIRMATION_OK"
12048,10326850438,10326850633,1,"IOTHUB_CLIENT_CONFIRMATION_OK"
12049,10326850638,10326850676,1,"IOTHUB_CLIENT_CONFIRMATION_OK"
12050,10326850838,10326850877,1,"IOTHUB_CLIENT_CONFIRMATION_OK"
12051,10326851039,10326851096,1,"IOTHUB_CLIENT_CONFIRMATION_OK"
12052,10326851239,10326851282,1,"IOTHUB_CLIENT_CONFIRMATION_OK"
12053,10326851439,10326851478,1,"IOTHUB_CLIENT_CONFIRMATION_OK"
12054,10326851639,10326851681,1,"IOTHUB_CLIENT_CONFIRMATION_OK"
12055,10326851839,10326851938,1,"IOTHUB_CLIENT_CONFIRMATION_OK"
12056,10326852039,10326852077,1,"IOTHUB_CLIENT_CONFIRMATION_OK"
12057,10326852240,10326852345,1,"IOTHUB_CLIENT_CONFIRMATION_OK"
12058,10326852440,10326852478,1,"IOTHUB_CLIENT_CONFIRMATION_OK"
12059,10326852640,10326852681,1,"IOTHUB_CLIENT_CONFIRMATION_OK"
12060,10326852840,10326852953,1,"IOTHUB_CLIENT_CONFIRMATION_OK"
12061,10326853040,10326853087,1,"IOTHUB_CLIENT_CONFIRMATION_OK"
12062,10326853241,10326853284,1,"IOTHUB_CLIENT_CONFIRMATION_OK"
12063,10326853441,10326853481,1,"IOTHUB_CLIENT_CONFIRMATION_OK"
12064,10326853641,10326853678,1,"IOTHUB_CLIENT_CONFIRMATION_OK"
12065,10326853841,10326853886,1,"IOTHUB_CLIENT_CONFIRMATION_OK"
12066,10326854041,10326854081,1,"IOTHUB_CLIENT_CONFIRMATION_OK"
12067,10326854241,10326854288,1,"IOTHUB_CLIENT_CONFIRMATION_OK"
12068,10326854442,10326854490,1,"IOTHUB_CLIENT_CONFIRMATION_OK"
12069,10326854642,10326854745,1,"IOTHUB_CLIENT_CONFIRMATION_OK"
12070,10326854842,10326854882,1,"IOTHUB_CLIENT_CONFIRMATION_OK"
12071,10326855042,10326855341,1,"IOTHUB_CLIENT_CONFIRMATION_OK"
12072,10326855242,10326855375,1,"IOTHUB_CLIENT_CONFIRMATION_OK"
12073,10326855442,10326855481,1,"IOTHUB_CLIENT_CONFIRMATION_OK"
12074,10326855642,10326855691,1,"IOTHUB_CLIENT_CONFIRMATION_OK"
12075,10326855843,10326855881,1,"IOTHUB_CLIENT_CONFIRMATION_OK"
12076,10326856043,10326856083,1,"IOTHUB_CLIENT_CONFIRMATION_OK"
12077,10326856243,10326856298,1,"IOTHUB_CLIENT_CONFIRMATION_OK"
12078,10326856443,10326856482,1,"IOTHUB_CLIENT_CONFIRMATION_OK"
12079,10326856643,10326856693,1,"IOTHUB_CLIENT_CONFIRMATION_OK"
12080,10326856843,10326856931,1,"IOTHUB_CLIENT_CONFIRMATION_OK"
12081,10326857043,10326857129,1,"IOTHUB_CLIENT_CONFIRMATION_OK"
12082,10326857244,10326857281,1,"IOTHUB_CLIENT_CONFIRMATION_OK"
12083,10326857444,10326857508,1,"IOTHUB_CLIENT_CONFIRMATION_OK"
12084,10326857644,10326857682,1,"IOTHUB_CLIENT_CONFIRMATION_OK"
12085,10326857844,10326857887,1,"IOTHUB_CLIENT_CONFIRMATION_OK"
12086,10326858044,10326858154,1,"IOTHUB_CLIENT_CONFIRMATION_OK"
12087,10326858245,10326858287,1,"IOTHUB_CLIENT_CONFIRMATION_OK"
12088,10326858445,10326858507,1,"IOTHUB_CLIENT_CONFIRMATION_OK"
12089,10326858645,10326858750,1,"IOTHUB_CLIENT_CONFIRMATION_OK"
12090,10326858845,10326858891,1,"IOTHUB_CLIENT_CONFIRMATION_OK"
12091,10326859045,10326859084,1,"IOTHUB_CLIENT_CONFIRMATION_OK"
12092,10326859245,10326859318,1,"IOTHUB_CLIENT_CONFIRMATION_OK"
12093,10326859446,10326859496,1,"IOTHUB_CLIENT_CONFIRMATION_OK"
12094,10326859646,10326859687,1,"IOTHUB_CLIENT_CONFIRMATION_OK"
12095,10326859846,10326859888,1,"IOTHUB_CLIENT_CONFIRMATION_OK"
12096,10326860046,10326860091,1,"IOTHUB_CLIENT_CONFIRMATION_OK"
12097,10326860246,10326860383,1,"IOTHUB_CLIENT_CONFIRMATION_OK"
12098,10326860446,10326860490,1,"IOTHUB_CLIENT_CONFIRMATION_OK"
12099,10326860646,10326860710,1,"IOTHUB_CLIENT_CONFIRMATION_OK"
12100,10326860847,10326861043,1,"IOTHUB_CLIENT_CONFIRMATION_OK"
12101,10326861047,10326861090,1,"IOTHUB_CLIENT_CONFIRMATION_OK"
12102,10326861247,10326861318,1,"IOTHUB_CLIENT_CONFIRMATION_OK"
12103,10326861447,10326861586,1,"IOTHUB_CLIENT_CONFIRMATION_OK"
12104,10326861647,10326861684,1,"IOTHUB_CLIENT_CONFIRMATION_OK"
12105,10326861847,10326861888,1,"IOTHUB_CLIENT_CONFIRMATION_OK"
12106,10326862048,10326862114,1,"IOTHUB_CLIENT_CONFIRMATION_OK"
12107,10326862248,10326862315,1,"IOTHUB_CLIENT_CONFIRMATION_OK"
12108,10326862448,10326862499,1,"IOTHUB_CLIENT_CONFIRMATION_OK"
12109,10326862648,10326862695,1,"IOTHUB_CLIENT_CONFIRMATION_OK"
12110,10326862848,10326863023,1,"IOTHUB_CLIENT_CONFIRMATION_OK"
12111,10326863048,10326863090,1,"IOTHUB_CLIENT_CONFIRMATION_OK"
12112,10326863248,10326863291,1,"IOTHUB_CLIENT_CONFIRMATION_OK"
12113,10326863449,10326863495,1,"IOTHUB_CLIENT_CONFIRMATION_OK"
12114,10326863649,10326863694,1,"IOTHUB_CLIENT_CONFIRMATION_OK"
12115,10326863849,10326863897,1,"IOTHUB_CLIENT_CONFIRMATION_OK"
12116,10326864049,10326864088,1,"IOTHUB_CLIENT_CONFIRMATION_OK"
12117,10326864249,10326864288,1,"IOTHUB_CLIENT_CONFIRMATION_OK"
12118,10326864449,10326864524,1,"IOTHUB_CLIENT_CONFIRMATION_OK"
12119,10326864650,10326864689,1,"IOTHUB_CLIENT_CONFIRMATION_OK"
12120,10326864850,10326864955,1,"IOTHUB_CLIENT_CONFIRMATION_OK"
12121,10326865050,10326865101,1,"IOTHUB_CLIENT_CONFIRMATION_OK"
12122,10326865250,10326865485,1,"IOTHUB_CLIENT_CONFIRMATION_OK"
12123,10326865450,10326865598,1,"IOTHUB_CLIENT_CONFIRMATION_OK"
12124,10326865650,10326865867,1,"IOTHUB_CLIENT_CONFIRMATION_OK"
12125,10326865850,10326865908,1,"IOTHUB_CLIENT_CONFIRMATION_OK"
12126,10326866051,10326866091,1,"IOTHUB_CLIENT_CONFIRMATION_OK"
12127,10326866251,10326866326,1,"IOTHUB_CLIENT_CONFIRMATION_OK"
12128,10326866451,10326866528,1,"IOTHUB_CLIENT_CONFIRMATION_OK"
12129,10326866651,10326866700,1,"IOTHUB_CLIENT_CONFIRMATION_OK"
12130,10326866851,10326866888,1,"IOTHUB_CLIENT_CONFIRMATION_OK"
12131,10326867051,10326867091,1,"IOTHUB_CLIENT_CONFIRMATION_OK"
12132,10326867252,10326867292,1,"IOTHUB_CLIENT_CONFIRMATION_OK"
12133,10326867452,10326867507,1,"IOTHUB_CLIENT_CONFIRMATION_OK"
12134,10326867652,10326867697,1,"IOTHUB_CLIENT_CONFIRMATION_OK"
12135,10326867852,10326867908,1,"IOTHUB_CLIENT_CONFIRMATION_OK"
12136,10326868052,10326868135,1,"IOTHUB_CLIENT_CONFIRMATION_OK"
12137,10326868252,10326868429,1,"IOTHUB_CLIENT_CONFIRMATION_OK"
12138,10326868452,10326868500,1,"IOTHUB_CLIENT_CONFIRMATION_OK"
12139,10326868653,10326868710,1,"IOTHUB_CLIENT_CONFIRMATION_OK"
12140,10326868853,10326868907,1,"IOTHUB_CLIENT_CONFIRMATION_OK"
12141,10326869053,10326869122,1,"IOTHUB_CLIENT_CONFIRMATION_OK"
12142,10326869253,10326869288,1,"IOTHUB_CLIENT_CONFIRMATION_OK"
12143,10326869453,10326869493,1,"IOTHUB_CLIENT_CONFIRMATION_OK"
12144,10326869654,10326869784,1,"IOTHUB_CLIENT_CONFIRMATION_OK"
12145,10326869854,10326869902,1,"IOTHUB_CLIENT_CONFIRMATION_OK"
12146,10326870054,10326870136,1,"IOTHUB_CLIENT_CONFIRMATION_OK"
12147,10326870254,10326870313,1,"IOTHUB_CLIENT_CONFIRMATION_OK"
12148,10326870454,10326870498,1,"IOTHUB_CLIENT_CONFIRMATION_OK"
12149,10326870654,10326870817,1,"IOTHUB_CLIENT_CONFIRMATION_OK"
12150,10326870854,10326870912,1,"IOTHUB_CLIENT_CONFIRMATION_OK"
12151,10326871055,10326871174,1,"IOTHUB_CLIENT_CONFIRMATION_OK"
12152,10326871255,10326871375,1,"IOTHUB_CLIENT_CONFIRMATION_OK"
12153,10326871455,10326871544,1,"IOTHUB_CLIENT_CONFIRMATION_OK"
12154,10326871655,10326871700,1,"IOTHUB_CLIENT_CONFIRMATION_OK"
12155,10326871855,10326872063,1,"IOTHUB_CLIENT_CONFIRMATION_OK"
12156,10326872056,10326872100,1,"IOTHUB_CLIENT_CONFIRMATION_OK"
12157,10326872256,10326872422,1,"IOTHUB_CLIENT_CONFIRMATION_OK"
12158,10326872456,10326872606,1,"IOTHUB_CLIENT_CONFIRMATION_OK"
12159,10326872656,10326872781,1,"IOTHUB_CLIENT_CONFIRMATION_OK"
12160,10326872856,10326872904,1,"IOTHUB_CLIENT_CONFIRMATION_OK"
12161,10326873056,10326873099,1,"IOTHUB_CLIENT_CONFIRMATION_OK"
12162,10326873256,10326873302,1,"IOTHUB_CLIENT_CONFIRMATION_OK"
12163,10326873456,10326873510,1,"IOTHUB_CLIENT_CONFIRMATION_OK"
12164,10326873657,10326873748,1,"IOTHUB_CLIENT_CONFIRMATION_OK"
12165,10326873857,10326874053,1,"IOTHUB_CLIENT_CONFIRMATION_OK"
12166,10326874057,10326874098,1,"IOTHUB_CLIENT_CONFIRMATION_OK"
12167,10326874257,10326874300,1,"IOTHUB_CLIENT_CONFIRMATION_OK"
12168,10326874457,10326874499,1,"IOTHUB_CLIENT_CONFIRMATION_OK"
12169,10326874657,10326874701,1,"IOTHUB_CLIENT_CONFIRMATION_OK"
12170,10326874858,10326874977,1,"IOTHUB_CLIENT_CONFIRMATION_OK"
12171,10326875058,10326875134,1,"IOTHUB_CLIENT_CONFIRMATION_OK"
12172,10326875258,10326875459,1,"IOTHUB_CLIENT_CONFIRMATION_OK"
12173,10326875458,10326875503,1,"IOTHUB_CLIENT_CONFIRMATION_OK"
12174,10326875658,10326875698,1,"IOTHUB_CLIENT_CONFIRMATION_OK"
12175,10326875859,10326875900,1,"IOTHUB_CLIENT_CONFIRMATION_OK"
12176,10326876059,10326876097,1,"IOTHUB_CLIENT_CONFIRMATION_OK"
12177,10326876259,10326876296,1,"IOTHUB_CLIENT_CONFIRMATION_OK"
12178,10326876459,10326876508,1,"IOTHUB_CLIENT_CONFIRMATION_OK"
12179,10326876659,10326876771,1,"IOTHUB_CLIENT_CONFIRMATION_OK"
12180,10326876859,10326876917,1,"IOTHUB_CLIENT_CONFIRMATION_OK"
12181,10326877059,10326877306,1,"IOTHUB_CLIENT_CONFIRMATION_OK"
12182,10326877260,10326877337,1,"IOTHUB_CLIENT_CONFIRMATION_OK"
12183,10326877460,10326877533,1,"IOTHUB_CLIENT_CONFIRMATION_OK"
12184,10326877660,10326877706,1,"IOTHUB_CLIENT_CONFIRMATION_OK"
12185,10326877860,10326877904,1,"IOTHUB_CLIENT_CONFIRMATION_OK"
12186,10326878060,10326878104,1,"IOTHUB_CLIENT_CONFIRMATION_OK"
12187,10326878260,10326878307,1,"IOTHUB_CLIENT_CONFIRMATION_OK"
12188,10326878461,10326878648,1,"IOTHUB_CLIENT_CONFIRMATION_OK"
12189,10326878661,10326878699,1,"IOTHUB_CLIENT_CONFIRMATION_OK"
12190,10326878861,10326878934,1,"IOTHUB_CLIENT_CONFIRMATION_OK"
12191,10326879061,10326879100,1,"IOTHUB_CLIENT_CONFIRMATION_OK"
12192,10326879261,10326879300,1,"IOTHUB_CLIENT_CONFIRMATION_OK"
12193,10326879461,10326879504,1,"IOTHUB_CLIENT_CONFIRMATION_OK"
12194,10326879661,10326879712,1,"IOTHUB_CLIENT_CONFIRMATION_OK"
12195,10326879862,10326879934,1,"IOTHUB_CLIENT_CONFIRMATION_OK"
12196,10326880062,10326880100,1,"IOTHUB_CLIENT_CONFIRMATION_OK"
12197,10326880262,10326880300,1,"IOTHUB_CLIENT_CONFIRMATION_OK"
12198,10326880462,10326880565,1,"IOTHUB_CLIENT_CONFIRMATION_OK"
12199,10326880662,10326880743,1,"IOTHUB_CLIENT_CONFIRMATION_OK"
12200,10326880862,10326880939,1,"IOTHUB_CLIENT_CONFIRMATION_OK"
12201,10326881062,10326881170,1,"IOTHUB_CLIENT_CONFIRMATION_OK"
12202,10326881263,10326881310,1,"IOTHUB_CLIENT_CONFIRMATION_OK"
12203,10326881463,10326881504,1,"IOTHUB_CLIENT_CONFIRMATION_OK"
12204,10326881663,10326881793,1,"IOTHUB_CLIENT_CONFIRMATION_OK"
12205,10326881863,10326881912,1,"IOTHUB_CLIENT_CONFIRMATION_OK"
12206,10326882063,10326882145,1,"IOTHUB_CLIENT_CONFIRMATION_OK"
12207,10326882263,10326882381,1,"IOTHUB_CLIENT_CONFIRMATION_OK"
12208,10326882463,10326882500,1,"IOTHUB_CLIENT_CONFIRMATION_OK"
12209,10326882664,10326882705,1,"IOTHUB_CLIENT_CONFIRMATION_OK"
12210,10326882864,10326882904,1,"IOTHUB_CLIENT_CONFIRMATION_OK"
12211,10326883064,10326883110,1,"IOTHUB_CLIENT_CONFIRMATION_OK"
12212,10326883264,10326883305,1,"IOTHUB_CLIENT_CONFIRMATION_OK"
12213,10326883464,10326883510,1,"IOTHUB_CLIENT_CONFIRMATION_OK"
12214,10326883664,10326883747,1,"IOTHUB_CLIENT_CONFIRMATION_OK"
12215,10326883865,10326883930,1,"IOTHUB_CLIENT_CONFIRMATION_OK"
12216,10326884065,10326884134,1,"IOTHUB_CLIENT_CONFIRMATION_OK"
12217,10326884265,10326884307,1,"IOTHUB_CLIENT_CONFIRMATION_OK"
12218,10326884465,10326884506,1,"IOTHUB_CLIENT_CONFIRMATION_OK"
12219,10326884665,10326884703,1,"IOTHUB_CLIENT_CONFIRMATION_OK"
12220,10326884865,10326884909,1,"IOTHUB_CLIENT_CONFIRMATION_OK"
12221,10326885065,10326885128,1,"IOTHUB_CLIENT_CONFIRMATION_OK"
12222,10326885266,10326885318,1,"IOTHUB_CLIENT_CONFIRMATION_OK"
12223,10326885466,10326885504,1,"IOTHUB_CLIENT_CONFIRMATION_OK"
12224,10326885666,10326885751,1,"IOTHUB_CLIENT_CONFIRMATION_OK"
12225,10326885866,10326885940,1,"IOTHUB_CLIENT_CONFIRMATION_OK"
12226,10326886066,10326886118,1,"IOTHUB_CLIENT_CONFIRMATION_OK"
12227,10326886266,10326886359,1,"IOTHUB_CLIENT_CONFIRMATION_OK"
12228,10326886467,10326886586,1,"IOTHUB_CLIENT_CONFIRMATION_OK"
12229,10326886667,10326886711,1,"IOTHUB_CLIENT_CONFIRMATION_OK"
12230,10326886867,10326886972,1,"IOTHUB_CLIENT_CONFIRMATION_OK"
12231,10326887067,10326887131,1,"IOTHUB_CLIENT_CONFIRMATION_OK"
12232,10326887267,10326887312,1,"IOTHUB_CLIENT_CONFIRMATION_OK"
12233,10326887467,10326887582,1,"IOTHUB_CLIENT_CONFIRMATION_OK"
12234,10326887667,10326887724,1,"IOTHUB_CLIENT_CONFIRMATION_OK"
12235,10326887868,10326887925,1,"IOTHUB_CLIENT_CONFIRMATION_OK"
12236,10326888068,10326888173,1,"IOTHUB_CLIENT_CONFIRMATION_OK"
12237,10326888268,10326888312,1,"IOTHUB_CLIENT_CONFIRMATION_OK"
12238,10326888468,10326888512,1,"IOTHUB_CLIENT_CONFIRMATION_OK"
12239,10326888668,10326888707,1,"IOTHUB_CLIENT_CONFIRMATION_OK"
12240,10326888868,10326888912,1,"IOTHUB_CLIENT_CONFIRMATION_OK"
12241,10326889068,10326889111,1,"IOTHUB_CLIENT_CONFIRMATION_OK"
12242,10326889269,10326889313,1,"IOTHUB_CLIENT_CONFIRMATION_OK"
12243,10326889469,10326889510,1,"IOTHUB_CLIENT_CONFIRMATION_OK"
12244,10326889669,10326889710,1,"IOTHUB_CLIENT_CONFIRMATION_OK"
12245,10326889869,10326889922,1,"IOTHUB_CLIENT_CONFIRMATION_OK"
12246,10326890069,10326890112,1,"IOTHUB_CLIENT_CONFIRMATION_OK"
12247,10326890270,10326890419,1,"IOTHUB_CLIENT_CONFIRMATION_OK"
12248,10326890470,10326890522,1,"IOTHUB_CLIENT_CONFIRMATION_OK"
12249,10326890670,10326890713,1,"IOTHUB_CLIENT_CONFIRMATION_OK"
12250,10326890870,10326891047,1,"IOTHUB_CLIENT_CONFIRMATION_OK"
12251,10326891070,10326891122,1,"IOTHUB_CLIENT_CONFIRMATION_OK"
12252,10326891271,10326891312,1,"IOTHUB_CLIENT_CONFIRMATION_OK"
12253,10326891471,10326891512,1,"IOTHUB_CLIENT_CONFIRMATION_OK"
12254,10326891671,10326891715,1,"IOTHUB_CLIENT_CONFIRMATION_OK"
12255,10326891871,10326891924,1,"IOTHUB_CLIENT_CONFIRMATION_OK"
12256,10326892071,10326892115,1,"IOTHUB_CLIENT_CONFIRMATION_OK"
12257,10326892272,10326892315,1,"IOTHUB_CLIENT_CONFIRMATION_OK"
12258,10326892472,10326892512,1,"IOTHUB_CLIENT_CONFIRMATION_OK"
12259,10326892672,10326892715,1,"IOTHUB_CLIENT_CONFIRMATION_OK"
12260,10326892872,10326892913,1,"IOTHUB_CLIENT_CONFIRMATION_OK"
12261,10326893072,10326893114,1,"IOTHUB_CLIENT_CONFIRMATION_OK"
12262,10326893272,10326893317,1,"IOTHUB_CLIENT_CONFIRMATION_OK"
12263,10326893473,10326893520,1,"IOTHUB_CLIENT_CONFIRMATION_OK"
12264,10326893673,10326893716,1,"IOTHUB_CLIENT_CONFIRMATION_OK"
12265,10326893873,10326893934,1,"IOTHUB_CLIENT_CONFIRMATION_OK"
12266,10326894073,10326894117,1,"IOTHUB_CLIENT_CONFIRMATION_OK"
12267,10326894273,10326894317,1,"IOTHUB_CLIENT_CONFIRMATION_OK"
12268,10326894473,10326894534,1,"IOTHUB_CLIENT_CONFIRMATION_OK"
12269,10326894673,10326894718,1,"IOTHUB_CLIENT_CONFIRMATION_OK"
12270,10326894874,10326894916,1,"IOTHUB_CLIENT_CONFIRMATION_OK"
12271,10326895074,10326895114,1,"IOTHUB_CLIENT_CONFIRMATION_OK"
12272,10326895274,10326895313,1,"IOTHUB_CLIENT_CONFIRMATION_OK"
12273,10326895474,10326895555,1,"IOTHUB_CLIENT_CONFIRMATION_OK"
12274,10326895674,10326895716,1,"IOTHUB_CLIENT_CONFIRMATION_OK"
12275,10326895874,10326895928,1,"IOTHUB_CLIENT_CONFIRMATION_OK"
12276,10326896075,10326896171,1,"IOTHUB_CLIENT_CONFIRMATION_OK"
12277,10326896275,10326896322,1,"IOTHUB_CLIENT_CONFIRMATION_OK"
12278,10326896475,10326896517,1,"IOTHUB_CLIENT_CONFIRMATION_OK"
12279,10326896675,10326896785,1,"IOTHUB_CLIENT_CONFIRMATION_OK"
12280,10326896875,10326896969,1,"IOTHUB_CLIENT_CONFIRMATION_OK"
12281,10326897075,10326897228,1,"IOTHUB_CLIENT_CONFIRMATION_OK"
12282,10326897275,10326897393,1,"IOTHUB_CLIENT_CONFIRMATION_OK"
12283,10326897476,10326897516,1,"IOTHUB_CLIENT_CONFIRMATION_OK"
12284,10326897676,10326897732,1,"IOTHUB_CLIENT_CONFIRMATION_OK"
12285,10326897876,10326898002,1,"IOTHUB_CLIENT_CONFIRMATION_OK"
12286,10326898076,10326898122,1,"IOTHUB_CLIENT_CONFIRMATION_OK"
12287,10326898276,10326898364,1,"IOTHUB_CLIENT_CONFIRMATION_OK"
12288,10326898476,10326898520,1,"IOTHUB_CLIENT_CONFIRMATION_OK"
12289,10326898677,10326898722,1,"IOTHUB_CLIENT_CONFIRMATION_OK"
12290,10326898877,10326898925,1,"IOTHUB_CLIENT_CONFIRMATION_OK"
12291,10326899077,10326899123,1,"IOTHUB_CLIENT_CONFIRMATION_OK"
12292,10326899277,10326899329,1,"IOTHUB_CLIENT_CONFIRMATION_OK"
12293,10326899477,10326899520,1,"IOTHUB_CLIENT_CONFIRMATION_OK"
12294,10326899677,10326899754,1,"IOTHUB_CLIENT_CONFIRMATION_OK"
12295,10326899878,10326899956,1,"IOTHUB_CLIENT_CONFIRMATION_OK"
12296,10326900078,10326900169,1,"IOTHUB_CLIENT_CONFIRMATION_OK"
12297,10326900278,10326900318,1,"IOTHUB_CLIENT_CONFIRMATION_OK"
12298,10326900478,10326900527,1,"IOTHUB_CLIENT_CONFIRMATION_OK"
12299,10326900678,10326900916,1,"IOTHUB_CLIENT_CONFIRMATION_OK"
12300,10326900878,10326900946,1,"IOTHUB_CLIENT_CONFIRMATION_OK"
12301,10326901079,10326901136,1,"IOTHUB_CLIENT_CONFIRMATION_OK"
12302,10326901279,10326901329,1,"IOTHUB_CLIENT_CONFIRMATION_OK"
12303,10326901479,10326901520,1,"IOTHUB_CLIENT_CONFIRMATION_OK"
12304,10326901679,10326901740,1,"IOTHUB_CLIENT_CONFIRMATION_OK"
12305,10326901879,10326901922,1,"IOTHUB_CLIENT_CONFIRMATION_OK"
12306,10326902079,10326902125,1,"IOTHUB_CLIENT_CONFIRMATION_OK"
12307,10326902280,10326902321,1,"IOTHUB_CLIENT_CONFIRMATION_OK"
12308,10326902480,10326902523,1,"IOTHUB_CLIENT_CONFIRMATION_OK"
12309,10326902680,10326902727,1,"IOTHUB_CLIENT_CONFIRMATION_OK"
12310,10326902880,10326902945,1,"IOTHUB_CLIENT_CONFIRMATION_OK"
12311,10326903081,10326903146,1,"IOTHUB_CLIENT_CONFIRMATION_OK"
12312,10326903281,10326903335,1,"IOTHUB_CLIENT_CONFIRMATION_OK"
12313,10326903481,10326903536,1,"IOTHUB_CLIENT_CONFIRMATION_OK"
12314,10326903681,10326903730,1,"IOTHUB_CLIENT_CONFIRMATION_OK"
12315,10326903881,10326903919,1,"IOTHUB_CLIENT_CONFIRMATION_OK"
12316,10326904081,10326904123,1,"IOTHUB_CLIENT_CONFIRMATION_OK"
12317,10326904281,10326904323,1,"IOTHUB_CLIENT_CONFIRMATION_OK"
12318,10326904482,10326904524,1,"IOTHUB_CLIENT_CONFIRMATION_OK"
12319,10326904682,10326904724,1,"IOTHUB_CLIENT_CONFIRMATION_OK"
12320,10326904882,10326904933,1,"IOTHUB_CLIENT_CONFIRMATION_OK"
12321,10326905082,10326905140,1,"IOTHUB_CLIENT_CONFIRMATION_OK"
12322,10326905282,10326905357,1,"IOTHUB_CLIENT_CONFIRMATION_OK"
12323,10326905483,10326905535,1,"IOTHUB_CLIENT_CONFIRMATION_OK"
12324,10326905683,10326905728,1,"IOTHUB_CLIENT_CONFIRMATION_OK"
12325,10326905883,10326905948,1,"IOTHUB_CLIENT_CONFIRMATION_OK"
12326,10326906083,10326906127,1,"IOTHUB_CLIENT_CONFIRMATION_OK"
12327,10326906283,10326906323,1,"IOTHUB_CLIENT_CONFIRMATION_OK"
12328,10326906484,10326906552,1,"IOTHUB_CLIENT_CONFIRMATION_OK"
12329,10326906684,10326906737,1,"IOTHUB_CLIENT_CONFIRMATION_OK"
12330,10326906884,10326906928,1,"IOTHUB_CLIENT_CONFIRMATION_OK"
12331,10326907084,10326907165,1,"IOTHUB_CLIENT_CONFIRMATION_OK"
12332,10326907285,10326907341,1,"IOTHUB_CLIENT_CONFIRMATION_OK"
12333,10326907485,10326907536,1,"IOTHUB_CLIENT_CONFIRMATION_OK"
12334,10326907685,10326907784,1,"IOTHUB_CLIENT_CONFIRMATION_OK"
12335,10326907885,10326907927,1,"IOTHUB_CLIENT_CONFIRMATION_OK"
12336,10326908085,10326908125,1,"IOTHUB_CLIENT_CONFIRMATION_OK"
12337,10326908286,10326908384,1,"IOTHUB_CLIENT_CONFIRMATION_OK"
12338,10326908486,10326908524,1,"IOTHUB_CLIENT_CONFIRMATION_OK"
12339,10326908686,10326908732,1,"IOTHUB_CLIENT_CONFIRMATION_OK"
12340,10326908886,10326908951,1,"IOTHUB_CLIENT_CONFIRMATION_OK"
12341,10326909086,10326909131,1,"IOTHUB_CLIENT_CONFIRMATION_OK"
12342,10326909287,10326909328,1,"IOTHUB_CLIENT_CONFIRMATION_OK"
12343,10326909487,10326909545,1,"IOTHUB_CLIENT_CONFIRMATION_OK"
12344,10326909687,10326909736,1,"IOTHUB_CLIENT_CONFIRMATION_OK"
12345,10326909887,10326910066,1,"IOTHUB_CLIENT_CONFIRMATION_OK"
12346,10326910087,10326910129,1,"IOTHUB_CLIENT_CONFIRMATION_OK"
12347,10326910287,10326910330,1,"IOTHUB_CLIENT_CONFIRMATION_OK"
12348,10326910488,10326910668,1,"IOTHUB_CLIENT_CONFIRMATION_OK"
12349,10326910688,10326910731,1,"IOTHUB_CLIENT_CONFIRMATION_OK"
12350,10326910888,10326910929,1,"IOTHUB_CLIENT_CONFIRMATION_OK"
12351,10326911088,10326911253,1,"IOTHUB_CLIENT_CONFIRMATION_OK"
12352,10326911288,10326911330,1,"IOTHUB_CLIENT_CONFIRMATION_OK"
12353,10326911488,10326911528,1,"IOTHUB_CLIENT_CONFIRMATION_OK"
12354,10326911689,10326911734,1,"IOTHUB_CLIENT_CONFIRMATION_OK"
12355,10326911889,10326911938,1,"IOTHUB_CLIENT_CONFIRMATION_OK"
12356,10326912089,10326912128,1,"IOTHUB_CLIENT_CONFIRMATION_OK"
12357,10326912289,10326912331,1,"IOTHUB_CLIENT_CONFIRMATION_OK"
12358,10326912489,10326912526,1,"IOTHUB_CLIENT_CONFIRMATION_OK"
12359,10326912689,10326912727,1,"IOTHUB_CLIENT_CONFIRMATION_OK"
12360,10326912890,10326912930,1,"IOTHUB_CLIENT_CONFIRMATION_OK"
12361,10326913090,10326913164,1,"IOTHUB_CLIENT_CONFIRMATION_OK"
12362,10326913290,10326913338,1,"IOTHUB_CLIENT_CONFIRMATION_OK"
12363,10326913490,10326913543,1,"IOTHUB_CLIENT_CONFIRMATION_OK"
12364,10326913690,10326913747,1,"IOTHUB_CLIENT_CONFIRMATION_OK"
12365,10326913890,10326913986,1,"IOTHUB_CLIENT_CONFIRMATION_OK"
12366,10326914091,10326914131,1,"IOTHUB_CLIENT_CONFIRMATION_OK"
12367,10326914291,10326914339,1,"IOTHUB_CLIENT_CONFIRMATION_OK"
12368,10326914491,10326914530,1,"IOTHUB_CLIENT_CONFIRMATION_OK"
12369,10326914691,10326914742,1,"IOTHUB_CLIENT_CONFIRMATION_OK"
12370,10326914891,10326914935,1,"IOTHUB_CLIENT_CONFIRMATION_OK"
12371,10326915091,10326915162,1,"IOTHUB_CLIENT_CONFIRMATION_OK"
12372,10326915291,10326915340,1,"IOTHUB_CLIENT_CONFIRMATION_OK"
12373,10326915492,10326915547,1,"IOTHUB_CLIENT_CONFIRMATION_OK"
12374,10326915692,10326915758,1,"IOTHUB_CLIENT_CONFIRMATION_OK"
12375,10326915892,10326915944,1,"IOTHUB_CLIENT_CONFIRMATION_OK"
12376,10326916092,10326916138,1,"IOTHUB_CLIENT_CONFIRMATION_OK"
12377,10326916292,10326916370,1,"IOTHUB_CLIENT_CONFIRMATION_OK"
12378,10326916493,10326916535,1,"IOTHUB_CLIENT_CONFIRMATION_OK"
12379,10326916693,10326916737,1,"IOTHUB_CLIENT_CONFIRMATION_OK"
12380,10326916893,10326917086,1,"IOTHUB_CLIENT_CONFIRMATION_OK"
12381,10326917093,10326917133,1,"IOTHUB_CLIENT_CONFIRMATION_OK"
12382,10326917293,10326917344,1,"IOTHUB_CLIENT_CONFIRMATION_OK"
12383,10326917493,10326917583,1,"IOTHUB_CLIENT_CONFIRMATION_OK"
12384,10326917694,10326917777,1,"IOTHUB_CLIENT_CONFIRMATION_OK"
12385,10326917894,10326917935,1,"IOTHUB_CLIENT_CONFIRMATION_OK"
12386,10326918094,10326918174,1,"IOTHUB_CLIENT_CONFIRMATION_OK"
12387,10326918294,10326918340,1,"IOTHUB_CLIENT_CONFIRMATION_OK"
12388,10326918494,10326918535,1,"IOTHUB_CLIENT_CONFIRMATION_OK"
12389,10326918694,10326918793,1,"IOTHUB_CLIENT_CONFIRMATION_OK"
12390,10326918895,10326918935,1,"IOTHUB_CLIENT_CONFIRMATION_OK"
12391,10326919095,10326919300,1,"IOTHUB_CLIENT_CONFIRMATION_OK"
12392,10326919295,10326919513,1,"IOTHUB_CLIENT_CONFIRMATION_OK"
12393,10326919495,10326919534,1,"IOTHUB_CLIENT_CONFIRMATION_OK"
12394,10326919695,10326919747,1,"IOTHUB_CLIENT_CONFIRMATION_OK"
12395,10326919896,10326919945,1,"IOTHUB_CLIENT_CONFIRMATION_OK"
12396,10326920096,10326920166,1,"IOTHUB_CLIENT_CONFIRMATION_OK"
12397,10326920296,10326920345,1,"IOTHUB_CLIENT_CONFIRMATION_OK"
12398,10326920496,10326920548,1,"IOTHUB_CLIENT_CONFIRMATION_OK"
12399,10326920696,10326920740,1,"IOTHUB_CLIENT_CONFIRMATION_OK"
12400,10326920896,10326920941,1,"IOTHUB_CLIENT_CONFIRMATION_OK"
12401,10326921097,10326921137,1,"IOTHUB_CLIENT_CONFIRMATION_OK"
12402,10326921297,10326921334,1,"IOTHUB_CLIENT_CONFIRMATION_OK"
12403,10326921497,10326921530,1,"IOTHUB_CLIENT_CONFIRMATION_OK"
12404,10326921697,10326921748,1,"IOTHUB_CLIENT_CONFIRMATION_OK"
12405,10326921897,10326921948,1,"IOTHUB_CLIENT_CONFIRMATION_OK"
12406,10326922097,10326922165,1,"IOTHUB_CLIENT_CONFIRMATION_OK"
12407,10326922298,10326922426,1,"IOTHUB_CLIENT_CONFIRMATION_OK"
12408,10326922498,10326922537,1,"IOTHUB_CLIENT_CONFIRMATION_OK"
12409,10326922698,10326922782,1,"IOTHUB_CLIENT_CONFIRMATION_OK"
12410,10326922898,10326922945,1,"IOTHUB_CLIENT_CONFIRMATION_OK"
12411,10326923098,10326923146,1,"IOTHUB_CLIENT_CONFIRMATION_OK"
12412,10326923298,10326923365,1,"IOTHUB_CLIENT_CONFIRMATION_OK"
12413,10326923499,10326923540,1,"IOTHUB_CLIENT_CONFIRMATION_OK"
12414,10326923699,10326923751,1,"IOTHUB_CLIENT_CONFIRMATION_OK"
12415,10326923899,10326924084,1,"IOTHUB_CLIENT_CONFIRMATION_OK"
12416,10326924099,10326924142,1,"IOTHUB_CLIENT_CONFIRMATION_OK"
12417,10326924299,10326924342,1,"IOTHUB_CLIENT_CONFIRMATION_OK"
12418,10326924500,10326924542,1,"IOTHUB_CLIENT_CONFIRMATION_OK"
12419,10326924700,10326924765,1,"IOTHUB_CLIENT_CONFIRMATION_OK"
12420,10326924900,10326924940,1,"IOTHUB_CLIENT_CONFIRMATION_OK"
12421,10326925100,10326925138,1,"IOTHUB_CLIENT_CONFIRMATION_OK"
12422,10326925300,10326925345,1,"IOTHUB_CLIENT_CONFIRMATION_OK"
12423,10326925500,10326925566,1,"IOTHUB_CLIENT_CONFIRMATION_OK"
12424,10326925701,10326925862,1,"IOTHUB_CLIENT_CONFIRMATION_OK"
12425,10326925901,10326925948,1,"IOTHUB_CLIENT_CONFIRMATION_OK"
12426,10326926101,10326926167,1,"IOTHUB_CLIENT_CONFIRMATION_OK"
12427,10326926301,10326926352,1,"IOTHUB_CLIENT_CONFIRMATION_OK"
12428,10326926501,10326926562,1,"IOTHUB_CLIENT_CONFIRMATION_OK"
12429,10326926702,10326926751,1,"IOTHUB_CLIENT_CONFIRMATION_OK"
12430,10326926902,10326926945,1,"IOTHUB_CLIENT_CONFIRMATION_OK"
12431,10326927102,10326927264,1,"IOTHUB_CLIENT_CONFIRMATION_OK"
12432,10326927302,10326927339,1,"IOTHUB_CLIENT_CONFIRMATION_OK"
12433,10326927502,10326927540,1,"IOTHUB_CLIENT_CONFIRMATION_OK"
12434,10326927703,10326927820,1,"IOTHUB_CLIENT_CONFIRMATION_OK"
12435,10326927903,10326928117,1,"IOTHUB_CLIENT_CONFIRMATION_OK"
12436,10326928103,10326928171,1,"IOTHUB_CLIENT_CONFIRMATION_OK"
12437,10326928303,10326928353,1,"IOTHUB_CLIENT_CONFIRMATION_OK"
12438,10326928503,10326928585,1,"IOTHUB_CLIENT_CONFIRMATION_OK"
12439,10326928704,10326928744,1,"IOTHUB_CLIENT_CONFIRMATION_OK"
12440,10326928904,10326928953,1,"IOTHUB_CLIENT_CONFIRMATION_OK"
12441,10326929104,10326929657,1,"IOTHUB_CLIENT_CONFIRMATION_OK"
12442,10326929304,10326929692,1,"IOTHUB_CLIENT_CONFIRMATION_OK"
12443,10326929504,10326929796,1,"IOTHUB_CLIENT_CONFIRMATION_OK"
12444,10326929704,10326929823,1,"IOTHUB_CLIENT_CONFIRMATION_OK"
12445,10326929905,10326929959,1,"IOTHUB_CLIENT_CONFIRMATION_OK"
12446,10326930105,10326930442,1,"IOTHUB_CLIENT_CONFIRMATION_OK"
12447,10326930305,10326930473,1,"IOTHUB_CLIENT_CONFIRMATION_OK"
12448,10326930505,10326930545,1,"IOTHUB_CLIENT_CONFIRMATION_OK"
12449,10326930705,10326930810,1,"IOTHUB_CLIENT_CONFIRMATION_OK"
12450,10326930905,10326930945,1,"IOTHUB_CLIENT_CONFIRMATION_OK"
12451,10326931106,10326931148,1,"IOTHUB_CLIENT_CONFIRMATION_OK"
12452,10326931306,10326931604,1,"IOTHUB_CLIENT_CONFIRMATION_OK"
12453,10326931506,10326931622,1,"IOTHUB_CLIENT_CONFIRMATION_OK"
12454,10326931706,10326931764,1,"IOTHUB_CLIENT_CONFIRMATION_OK"
12455,10326931906,10326931999,1,"IOTHUB_CLIENT_CONFIRMATION_OK"
12456,10326932106,10326932260,1,"IOTHUB_CLIENT_CONFIRMATION_OK"
12457,10326932306,10326932358,1,"IOTHUB_CLIENT_CONFIRMATION_OK"
12458,10326932507,10326932613,1,"IOTHUB_CLIENT_CONFIRMATION_OK"
12459,10326932707,10326932749,1,"IOTHUB_CLIENT_CONFIRMATION_OK"
12460,10326932907,10326932948,1,"IOTHUB_CLIENT_CONFIRMATION_OK"
12461,10326933107,10326933148,1,"IOTHUB_CLIENT_CONFIRMATION_OK"
12462,10326933307,10326933363,1,"IOTHUB_CLIENT_CONFIRMATION_OK"
12463,10326933507,10326933549,1,"IOTHUB_CLIENT_CONFIRMATION_OK"
12464,10326933708,10326933751,1,"IOTHUB_CLIENT_CONFIRMATION_OK"
12465,10326933908,10326933951,1,"IOTHUB_CLIENT_CONFIRMATION_OK"
12466,10326934108,10326934184,1,"IOTHUB_CLIENT_CONFIRMATION_OK"
12467,10326934308,10326934353,1,"IOTHUB_CLIENT_CONFIRMATION_OK"
12468,10326934508,10326934554,1,"IOTHUB_CLIENT_CONFIRMATION_OK"
12469,10326934709,10326934748,1,"IOTHUB_CLIENT_CONFIRMATION_OK"
12470,10326934909,10326934951,1,"IOTHUB_CLIENT_CONFIRMATION_OK"
12471,10326935109,10326935189,1,"IOTHUB_CLIENT_CONFIRMATION_OK"
12472,10326935309,10326935503,1,"IOTHUB_CLIENT_CONFIRMATION_OK"
12473,10326935509,10326935543,1,"IOTHUB_CLIENT_CONFIRMATION_OK"
12474,10326935710,10326935824,1,"IOTHUB_CLIENT_CONFIRMATION_OK"
12475,10326935910,10326935953,1,"IOTHUB_CLIENT_CONFIRMATION_OK"
12476,10326936110,10326936150,1,"IOTHUB_CLIENT_CONFIRMATION_OK"
12477,10326936310,10326936375,1,"IOTHUB_CLIENT_CONFIRMATION_OK"
12478,10326936510,10326936554,1,"IOTHUB_CLIENT_CONFIRMATION_OK"
12479,10326936710,10326936749,1,"IOTHUB_CLIENT_CONFIRMATION_OK"
12480,10326936910,10326936956,1,"IOTHUB_CLIENT_CONFIRMATION_OK"
12481,10326937111,10326937154,1,"IOTHUB_CLIENT_CONFIRMATION_OK"
12482,10326937311,10326937419,1,"IOTHUB_CLIENT_CONFIRMATION_OK"
12483,10326937511,10326937557,1,"IOTHUB_CLIENT_CONFIRMATION_OK"
12484,10326937711,10326937750,1,"IOTHUB_CLIENT_CONFIRMATION_OK"
12485,10326937911,10326937966,1,"IOTHUB_CLIENT_CONFIRMATION_OK"
12486,10326938111,10326938150,1,"IOTHUB_CLIENT_CONFIRMATION_OK"
12487,10326938311,10326938351,1,"IOTHUB_CLIENT_CONFIRMATION_OK"
12488,10326938512,10326938565,1,"IOTHUB_CLIENT_CONFIRMATION_OK"
12489,10326938712,10326938772,1,"IOTHUB_CLIENT_CONFIRMATION_OK"
12490,10326938912,10326938963,1,"IOTHUB_CLIENT_CONFIRMATION_OK"
12491,10326939112,10326939154,1,"IOTHUB_CLIENT_CONFIRMATION_OK"
12492,10326939312,10326939354,1,"IOTHUB_CLIENT_CONFIRMATION_OK"
12493,10326939512,10326939568,1,"IOTHUB_CLIENT_CONFIRMATION_OK"
12494,10326939713,10326939752,1,"IOTHUB_CLIENT_CONFIRMATION_OK"
12495,10326939913,10326940214,1,"IOTHUB_CLIENT_CONFIRMATION_OK"
12496,10326940113,10326940236,1,"IOTHUB_CLIENT_CONFIRMATION_OK"
12497,10326940313,10326940356,1,"IOTHUB_CLIENT_CONFIRMATION_OK"
12498,10326940513,10326940564,1,"IOTHUB_CLIENT_CONFIRMATION_OK"
12499,10326940714,10326940758,1,"IOTHUB_CLIENT_CONFIRMATION_OK"
12500,10326940914,10326940964,1,"IOTHUB_CLIENT_CONFIRMATION_OK"
12501,10326941114,10326941202,1,"IOTHUB_CLIENT_CONFIRMATION_OK"
12502,10326941314,10326941356,1,"IOTHUB_CLIENT_CONFIRMATION_OK"
12503,10326941514,10326941599,1,"IOTHUB_CLIENT_CONFIRMATION_OK"
12504,10326941714,10326941971,1,"IOTHUB_CLIENT_CONFIRMATION_OK"
12505,10326941915,10326942197,1,"IOTHUB_CLIENT_CONFIRMATION_OK"
12506,10326942115,10326942213,1,"IOTHUB_CLIENT_CONFIRMATION_OK"
12507,10326942315,10326942468,1,"IOTHUB_CLIENT_CONFIRMATION_OK"
12508,10326942515,10326942560,1,"IOTHUB_CLIENT_CONFIRMATION_OK"
12509,10326942715,10326942802,1,"IOTHUB_CLIENT_CONFIRMATION_OK"
12510,10326942915,10326942978,1,"IOTHUB_CLIENT_CONFIRMATION_OK"
12511,10326943115,10326943157,1,"IOTHUB_CLIENT_CONFIRMATION_OK"
12512,10326943316,10326943564,1,"IOTHUB_CLIENT_CONFIRMATION_OK"
12513,10326943516,10326943593,1,"IOTHUB_CLIENT_CONFIRMATION_OK"
12514,10326943716,10326945144,1,"IOTHUB_CLIENT_CONFIRMATION_OK"
12515,10326943916,10326945191,1,"IOTHUB_CLIENT_CONFIRMATION_OK"
12516,10326944116,10326945253,1,"IOTHUB_CLIENT_CONFIRMATION_OK"
12517,10326944317,10326945330,1,"IOTHUB_CLIENT_CONFIRMATION_OK"
12518,10326944517,10326945371,1,"IOTHUB_CLIENT_CONFIRMATION_OK"
12519,10326944717,10326945511,1,"IOTHUB_CLIENT_CONFIRMATION_OK"
12520,10326944917,10326945532,1,"IOTHUB_CLIENT_CONFIRMATION_OK"
12521,10326945117,10326945555,1,"IOTHUB_CLIENT_CONFIRMATION_OK"
12522,10326945318,10326945594,1,"IOTHUB_CLIENT_CONFIRMATION_OK"
12523,10326945518,10326945622,1,"IOTHUB_CLIENT_CONFIRMATION_OK"
12524,10326945718,10326945799,1,"IOTHUB_CLIENT_CONFIRMATION_OK"
12525,10326945918,10326945959,1,"IOTHUB_CLIENT_CONFIRMATION_OK"
12526,10326946118,10326946157,1,"IOTHUB_CLIENT_CONFIRMATION_OK"
12527,10326946318,10326946359,1,"IOTHUB_CLIENT_CONFIRMATION_OK"
12528,10326946519,10326946563,1,"IOTHUB_CLIENT_CONFIRMATION_OK"
12529,10326946719,10326946761,1,"IOTHUB_CLIENT_CONFIRMATION_OK"
12530,10326946919,10326946964,1,"IOTHUB_CLIENT_CONFIRMATION_OK"
12531,10326947119,10326947167,1,"IOTHUB_CLIENT_CONFIRMATION_OK"
12532,10326947319,10326947367,1,"IOTHUB_CLIENT_CONFIRMATION_OK"
12533,10326947519,10326947555,1,"IOTHUB_CLIENT_CONFIRMATION_OK"
12534,10326947720,10326947756,1,"IOTHUB_CLIENT_CONFIRMATION_OK"
12535,10326947920,10326948140,1,"IOTHUB_CLIENT_CONFIRMATION_OK"
12536,10326948120,10326948174,1,"IOTHUB_CLIENT_CONFIRMATION_OK"
12537,10326948320,10326948361,1,"IOTHUB_CLIENT_CONFIRMATION_OK"
12538,10326948520,10326948561,1,"IOTHUB_CLIENT_CONFIRMATION_OK"
12539,10326948720,10326948769,1,"IOTHUB_CLIENT_CONFIRMATION_OK"
12540,10326948921,10326948962,1,"IOTHUB_CLIENT_CONFIRMATION_OK"
12541,10326949121,10326949528,1,"IOTHUB_CLIENT_CONFIRMATION_OK"
12542,10326949321,10326949542,1,"IOTHUB_CLIENT_CONFIRMATION_OK"
12543,10326949521,10326949565,1,"IOTHUB_CLIENT_CONFIRMATION_OK"
12544,10326949721,10326949760,1,"IOTHUB_CLIENT_CONFIRMATION_OK"
12545,10326949921,10326950056,1,"IOTHUB_CLIENT_CONFIRMATION_OK"
12546,10326950122,10326950177,1,"IOTHUB_CLIENT_CONFIRMATION_OK"
12547,10326950322,10326950361,1,"IOTHUB_CLIENT_CONFIRMATION_OK"
12548,10326950522,10326950576,1,"IOTHUB_CLIENT_CONFIRMATION_OK"
12549,10326950722,10326950768,1,"IOTHUB_CLIENT_CONFIRMATION_OK"
12550,10326950922,10326950969,1,"IOTHUB_CLIENT_CONFIRMATION_OK"
12551,10326951123,10326951195,1,"IOTHUB_CLIENT_CONFIRMATION_OK"
12552,10326951323,10326951364,1,"IOTHUB_CLIENT_CONFIRMATION_OK"
12553,10326951523,10326951568,1,"IOTHUB_CLIENT_CONFIRMATION_OK"
12554,10326951723,10326951769,1,"IOTHUB_CLIENT_CONFIRMATION_OK"
12555,10326951923,10326951961,1,"IOTHUB_CLIENT_CONFIRMATION_OK"
12556,10326952123,10326952168,1,"IOTHUB_CLIENT_CONFIRMATION_OK"
12557,10326952323,10326952370,1,"IOTHUB_CLIENT_CONFIRMATION_OK"
12558,10326952524,10326952600,1,"IOTHUB_CLIENT_CONFIRMATION_OK"
12559,10326952724,10326952785,1,"IOTHUB_CLIENT_CONFIRMATION_OK"
12560,10326952924,10326953038,1,"IOTHUB_CLIENT_CONFIRMATION_OK"
12561,10326953124,10326953167,1,"IOTHUB_CLIENT_CONFIRMATION_OK"
12562,10326953324,10326953403,1,"IOTHUB_CLIENT_CONFIRMATION_OK"
12563,10326953524,10326953575,1,"IOTHUB_CLIENT_CONFIRMATION_OK"
12564,10326953725,10326953773,1,"IOTHUB_CLIENT_CONFIRMATION_OK"
12565,10326953925,10326954000,1,"IOTHUB_CLIENT_CONFIRMATION_OK"
12566,10326954125,10326954167,1,"IOTHUB_CLIENT_CONFIRMATION_OK"
12567,10326954325,10326954372,1,"IOTHUB_CLIENT_CONFIRMATION_OK"
12568,10326954525,10326954580,1,"IOTHUB_CLIENT_CONFIRMATION_OK"
12569,10326954725,10326954777,1,"IOTHUB_CLIENT_CONFIRMATION_OK"
12570,10326954925,10326954967,1,"IOTHUB_CLIENT_CONFIRMATION_OK"
12571,10326955126,10326955202,1,"IOTHUB_CLIENT_CONFIRMATION_OK"
12572,10326955326,10326955369,1,"IOTHUB_CLIENT_CONFIRMATION_OK"
12573,10326955526,10326955639,1,"IOTHUB_CLIENT_CONFIRMATION_OK"
12574,10326955726,10326955772,1,"IOTHUB_CLIENT_CONFIRMATION_OK"
12575,10326955926,10326955967,1,"IOTHUB_CLIENT_CONFIRMATION_OK"
12576,10326956127,10326956248,1,"IOTHUB_CLIENT_CONFIRMATION_OK"
12577,10326956327,10326956452,1,"IOTHUB_CLIENT_CONFIRMATION_OK"
12578,10326956527,10326956569,1,"IOTHUB_CLIENT_CONFIRMATION_OK"
12579,10326956727,10326956768,1,"IOTHUB_CLIENT_CONFIRMATION_OK"
12580,10326956928,10326956983,1,"IOTHUB_CLIENT_CONFIRMATION_OK"
12581,10326957128,10326957168,1,"IOTHUB_CLIENT_CONFIRMATION_OK"
12582,10326957328,10326957373,1,"IOTHUB_CLIENT_CONFIRMATION_OK"
12583,10326957528,10326957569,1,"IOTHUB_CLIENT_CONFIRMATION_OK"
12584,10326957728,10326957783,1,"IOTHUB_CLIENT_CONFIRMATION_OK"
12585,10326957928,10326957968,1,"IOTHUB_CLIENT_CONFIRMATION_OK"
12586,10326958129,10326958169,1,"IOTHUB_CLIENT_CONFIRMATION_OK"
12587,10326958329,10326958388,1,"IOTHUB_CLIENT_CONFIRMATION_OK"
12588,10326958529,10326958571,1,"IOTHUB_CLIENT_CONFIRMATION_OK"
12589,10326958729,10326958762,1,"IOTHUB_CLIENT_CONFIRMATION_OK"
12590,10326958929,10326958971,1,"IOTHUB_CLIENT_CONFIRMATION_OK"
12591,10326959129,10326959169,1,"IOTHUB_CLIENT_CONFIRMATION_OK"
12592,10326959330,10326959368,1,"IOTHUB_CLIENT_CONFIRMATION_OK"
12593,10326959530,10326959589,1,"IOTHUB_CLIENT_CONFIRMATION_OK"
12594,10326959730,10326959777,1,"IOTHUB_CLIENT_CONFIRMATION_OK"
12595,10326959930,10326959983,1,"IOTHUB_CLIENT_CONFIRMATION_OK"
12596,10326960130,10326960206,1,"IOTHUB_CLIENT_CONFIRMATION_OK"
12597,10326960331,10326960388,1,"IOTHUB_CLIENT_CONFIRMATION_OK"
12598,10326960531,10326960570,1,"IOTHUB_CLIENT_CONFIRMATION_OK"
12599,10326960731,10326960774,1,"IOTHUB_CLIENT_CONFIRMATION_OK"
12600,10326960931,10326961010,1,"IOTHUB_CLIENT_CONFIRMATION_OK"
12601,10326961132,10326961213,1,"IOTHUB_CLIENT_CONFIRMATION_OK"
12602,10326961332,10326961373,1,"IOTHUB_CLIENT_CONFIRMATION_OK"
12603,10326961532,10326961573,1,"IOTHUB_CLIENT_CONFIRMATION_OK"
12604,10326961732,10326961780,1,"IOTHUB_CLIENT_CONFIRMATION_OK"
12605,10326961932,10326962013,1,"IOTHUB_CLIENT_CONFIRMATION_OK"
12606,10326962133,10326962171,1,"IOTHUB_CLIENT_CONFIRMATION_OK"
12607,10326962333,10326962371,1,"IOTHUB_CLIENT_CONFIRMATION_OK"
12608,10326962533,10326962597,1,"IOTHUB_CLIENT_CONFIRMATION_OK"
12609,10326962733,10326962773,1,"IOTHUB_CLIENT_CONFIRMATION_OK"
12610,10326962933,10326962981,1,"IOTHUB_CLIENT_CONFIRMATION_OK"
12611,10326963133,10326963203,1,"IOTHUB_CLIENT_CONFIRMATION_OK"
12612,10326963334,10326963375,1,"IOTHUB_CLIENT_CONFIRMATION_OK"
12613,10326963534,10326963581,1,"IOTHUB_CLIENT_CONFIRMATION_OK"
12614,10326963734,10326963802,1,"IOTHUB_CLIENT_CONFIRMATION_OK"
12615,10326963934,10326963981,1,"IOTHUB_CLIENT_CONFIRMATION_OK"
12616,10326964134,10326964189,1,"IOTHUB_CLIENT_CONFIRMATION_OK"
12617,10326964334,10326964410,1,"IOTHUB_CLIENT_CONFIRMATION_OK"
12618,10326964534,10326964575,1,"IOTHUB_CLIENT_CONFIRMATION_OK"
12619,10326964735,10326964774,1,"IOTHUB_CLIENT_CONFIRMATION_OK"
12620,10326964935,10326964990,1,"IOTHUB_CLIENT_CONFIRMATION_OK"
12621,10326965135,10326965191,1,"IOTHUB_CLIENT_CONFIRMATION_OK"
12622,10326965335,10326965513,1,"IOTHUB_CLIENT_CONFIRMATION_OK"
12623,10326965535,10326965591,1,"IOTHUB_CLIENT_CONFIRMATION_OK"
12624,10326965736,10326965796,1,"IOTHUB_CLIENT_CONFIRMATION_OK"
12625,10326965936,10326966010,1,"IOTHUB_CLIENT_CONFIRMATION_OK"
12626,10326966136,10326966181,1,"IOTHUB_CLIENT_CONFIRMATION_OK"
12627,10326966336,10326966378,1,"IOTHUB_CLIENT_CONFIRMATION_OK"
12628,10326966536,10326966573,1,"IOTHUB_CLIENT_CONFIRMATION_OK"
12629,10326966736,10326966777,1,"IOTHUB_CLIENT_CONFIRMATION_OK"
12630,10326966936,10326966981,1,"IOTHUB_CLIENT_CONFIRMATION_OK"
12631,10326967137,10326967190,1,"IOTHUB_CLIENT_CONFIRMATION_OK"
12632,10326967337,10326967377,1,"IOTHUB_CLIENT_CONFIRMATION_OK"
12633,10326967537,10326967598,1,"IOTHUB_CLIENT_CONFIRMATION_OK"
12634,10326967737,10326967822,1,"IOTHUB_CLIENT_CONFIRMATION_OK"
12635,10326967937,10326967980,1,"IOTHUB_CLIENT_CONFIRMATION_OK"
12636,10326968137,10326968180,1,"IOTHUB_CLIENT_CONFIRMATION_OK"
12637,10326968337,10326968437,1,"IOTHUB_CLIENT_CONFIRMATION_OK"
12638,10326968538,10326968593,1,"IOTHUB_CLIENT_CONFIRMATION_OK"
12639,10326968738,10326968799,1,"IOTHUB_CLIENT_CONFIRMATION_OK"
12640,10326968938,10326968990,1,"IOTHUB_CLIENT_CONFIRMATION_OK"
12641,10326969138,10326969182,1,"IOTHUB_CLIENT_CONFIRMATION_OK"
12642,10326969338,10326969381,1,"IOTHUB_CLIENT_CONFIRMATION_OK"
12643,10326969538,10326969580,1,"IOTHUB_CLIENT_CONFIRMATION_OK"
12644,10326969739,10326969782,1,"IOTHUB_CLIENT_CONFIRMATION_OK"
12645,10326969939,10326970271,1,"IOTHUB_CLIENT_CONFIRMATION_OK"
12646,10326970139,10326970295,1,"IOTHUB_CLIENT_CONFIRMATION_OK"
12647,10326970339,10326970381,1,"IOTHUB_CLIENT_CONFIRMATION_OK"
12648,10326970539,10326970731,1,"IOTHUB_CLIENT_CONFIRMATION_OK"
12649,10326970739,10326970815,1,"IOTHUB_CLIENT_CONFIRMATION_OK"
12650,10326970939,10326970986,1,"IOTHUB_CLIENT_CONFIRMATION_OK"
12651,10326971140,10326971201,1,"IOTHUB_CLIENT_CONFIRMATION_OK"
12652,10326971340,10326971399,1,"IOTHUB_CLIENT_CONFIRMATION_OK"
12653,10326971540,10326971581,1,"IOTHUB_CLIENT_CONFIRMATION_OK"
12654,10326971740,10326971813,1,"IOTHUB_CLIENT_CONFIRMATION_OK"
12655,10326971940,10326971983,1,"IOTHUB_CLIENT_CONFIRMATION_OK"
12656,10326972140,10326972188,1,"IOTHUB_CLIENT_CONFIRMATION_OK"
12657,10326972340,10326972401,1,"IOTHUB_CLIENT_CONFIRMATION_OK"
12658,10326972541,10326972584,1,"IOTHUB_CLIENT_CONFIRMATION_OK"
12659,10326972741,10326972787,1,"IOTHUB_CLIENT_CONFIRMATION_OK"
12660,10326972941,10326973024,1,"IOTHUB_CLIENT_CONFIRMATION_OK"
12661,10326973141,10326973183,1,"IOTHUB_CLIENT_CONFIRMATION_OK"
12662,10326973341,10326973392,1,"IOTHUB_CLIENT_CONFIRMATION_OK"
12663,10326973541,10326973641,1,"IOTHUB_CLIENT_CONFIRMATION_OK"
12664,10326973741,10326973789,1,"IOTHUB_CLIENT_CONFIRMATION_OK"
12665,10326973942,10326973982,1,"IOTHUB_CLIENT_CONFIRMATION_OK"
12666,10326974142,10326974184,1,"IOTHUB_CLIENT_CONFIRMATION_OK"
12667,10326974342,10326974382,1,"IOTHUB_CLIENT_CONFIRMATION_OK"
12668,10326974542,10326974584,1,"IOTHUB_CLIENT_CONFIRMATION_OK"
12669,10326974742,10326974782,1,"IOTHUB_CLIENT_CONFIRMATION_OK"
12670,10326974943,10326974982,1,"IOTHUB_CLIENT_CONFIRMATION_OK"
12671,10326975143,10326975182,1,"IOTHUB_CLIENT_CONFIRMATION_OK"
12672,10326975343,10326975383,1,"IOTHUB_CLIENT_CONFIRMATION_OK"
12673,10326975543,10326975591,1,"IOTHUB_CLIENT_CONFIRMATION_OK"
12674,10326975743,10326975880,1,"IOTHUB_CLIENT_CONFIRMATION_OK"
12675,10326975943,10326975994,1,"IOTHUB_CLIENT_CONFIRMATION_OK"
12676,10326976144,10326976191,1,"IOTHUB_CLIENT_CONFIRMATION_OK"
12677,10326976344,10326976481,1,"IOTHUB_CLIENT_CONFIRMATION_OK"
12678,10326976544,10326976583,1,"IOTHUB_CLIENT_CONFIRMATION_OK"
12679,10326976744,10326976786,1,"IOTHUB_CLIENT_CONFIRMATION_OK"
12680,10326976944,10326976991,1,"IOTHUB_CLIENT_CONFIRMATION_OK"
12681,10326977144,10326977183,1,"IOTHUB_CLIENT_CONFIRMATION_OK"
12682,10326977344,10326977390,1,"IOTHUB_CLIENT_CONFIRMATION_OK"
12683,10326977545,10326977595,1,"IOTHUB_CLIENT_CONFIRMATION_OK"
12684,10326977745,10326977836,1,"IOTHUB_CLIENT_CONFIRMATION_OK"
12685,10326977945,10326978010,1,"IOTHUB_CLIENT_CONFIRMATION_OK"
12686,10326978145,10326978186,1,"IOTHUB_CLIENT_CONFIRMATION_OK"
12687,10326978345,10326978391,1,"IOTHUB_CLIENT_CONFIRMATION_OK"
12688,10326978545,10326978591,1,"IOTHUB_CLIENT_CONFIRMATION_OK"
12689,10326978745,10326978793,1,"IOTHUB_CLIENT_CONFIRMATION_OK"
12690,10326978946,10326978983,1,"IOTHUB_CLIENT_CONFIRMATION_OK"
12691,10326979146,10326979196,1,"IOTHUB_CLIENT_CONFIRMATION_OK"
12692,10326979346,10326979387,1,"IOTHUB_CLIENT_CONFIRMATION_OK"
12693,10326979546,10326979772,1,"IOTHUB_CLIENT_CONFIRMATION_OK"
12694,10326979746,10326979792,1,"IOTHUB_CLIENT_CONFIRMATION_OK"
12695,10326979946,10326979991,1,"IOTHUB_CLIENT_CONFIRMATION_OK"
12696,10326980147,10326980222,1,"IOTHUB_CLIENT_CONFIRMATION_OK"
12697,10326980347,10326980395,1,"IOTHUB_CLIENT_CONFIRMATION_OK"
12698,10326980547,10326980590,1,"IOTHUB_CLIENT_CONFIRMATION_OK"
12699,10326980747,10326980957,1,"IOTHUB_CLIENT_CONFIRMATION_OK"
12700,10326980947,10326980995,1,"IOTHUB_CLIENT_CONFIRMATION_OK"
12701,10326981147,10326981188,1,"IOTHUB_CLIENT_CONFIRMATION_OK"
12702,10326981347,10326981386,1,"IOTHUB_CLIENT_CONFIRMATION_OK"
12703,10326981548,10326981602,1,"IOTHUB_CLIENT_CONFIRMATION_OK"
12704,10326981748,10326981789,1,"IOTHUB_CLIENT_CONFIRMATION_OK"
12705,10326981948,10326981994,1,"IOTHUB_CLIENT_CONFIRMATION_OK"
12706,10326982148,10326982212,1,"IOTHUB_CLIENT_CONFIRMATION_OK"
12707,10326982348,10326982396,1,"IOTHUB_CLIENT_CONFIRMATION_OK"
12708,10326982548,10326982593,1,"IOTHUB_CLIENT_CONFIRMATION_OK"
12709,10326982748,10326982867,1,"IOTHUB_CLIENT_CONFIRMATION_OK"
12710,10326982949,10326983026,1,"IOTHUB_CLIENT_CONFIRMATION_OK"
12711,10326983149,10326983240,1,"IOTHUB_CLIENT_CONFIRMATION_OK"
12712,10326983349,10326983445,1,"IOTHUB_CLIENT_CONFIRMATION_OK"
12713,10326983549,10326983599,1,"IOTHUB_CLIENT_CONFIRMATION_OK"
12714,10326983749,10326983786,1,"IOTHUB_CLIENT_CONFIRMATION_OK"
12715,10326983949,10326983995,1,"IOTHUB_CLIENT_CONFIRMATION_OK"
12716,10326984149,10326984204,1,"IOTHUB_CLIENT_CONFIRMATION_OK"
12717,10326984350,10326984391,1,"IOTHUB_CLIENT_CONFIRMATION_OK"
12718,10326984550,10326984591,1,"IOTHUB_CLIENT_CONFIRMATION_OK"
12719,10326984750,10326984793,1,"IOTHUB_CLIENT_CONFIRMATION_OK"
12720,10326984950,10326984994,1,"IOTHUB_CLIENT_CONFIRMATION_OK"
12721,10326985150,10326985212,1,"IOTHUB_CLIENT_CONFIRMATION_OK"
12722,10326985351,10326985467,1,"IOTHUB_CLIENT_CONFIRMATION_OK"
12723,10326985551,10326985673,1,"IOTHUB_CLIENT_CONFIRMATION_OK"
12724,10326985751,10326985825,1,"IOTHUB_CLIENT_CONFIRMATION_OK"
12725,10326985951,10326986009,1,"IOTHUB_CLIENT_CONFIRMATION_OK"
12726,10326986152,10326986283,1,"IOTHUB_CLIENT_CONFIRMATION_OK"
12727,10326986352,10326986391,1,"IOTHUB_CLIENT_CONFIRMATION_OK"
12728,10326986552,10326986620,1,"IOTHUB_CLIENT_CONFIRMATION_OK"
12729,10326986752,10326986909,1,"IOTHUB_CLIENT_CONFIRMATION_OK"
12730,10326986952,10326986992,1,"IOTHUB_CLIENT_CONFIRMATION_OK"
12731,10326987153,10326987191,1,"IOTHUB_CLIENT_CONFIRMATION_OK"
12732,10326987353,10326987402,1,"IOTHUB_CLIENT_CONFIRMATION_OK"
12733,10326987553,10326987593,1,"IOTHUB_CLIENT_CONFIRMATION_OK"
12734,10326987753,10326987850,1,"IOTHUB_CLIENT_CONFIRMATION_OK"
12735,10326987953,10326987990,1,"IOTHUB_CLIENT_CONFIRMATION_OK"
12736,10326988153,10326988195,1,"IOTHUB_CLIENT_CONFIRMATION_OK"
12737,10326988354,10326988396,1,"IOTHUB_CLIENT_CONFIRMATION_OK"
12738,10326988554,10326988601,1,"IOTHUB_CLIENT_CONFIRMATION_OK"
12739,10326988754,10326988795,1,"IOTHUB_CLIENT_CONFIRMATION_OK"
12740,10326988954,10326989156,1,"IOTHUB_CLIENT_CONFIRMATION_OK"
12741,10326989154,10326989199,1,"IOTHUB_CLIENT_CONFIRMATION_OK"
12742,10326989355,10326989397,1,"IOTHUB_CLIENT_CONFIRMATION_OK"
12743,10326989555,10326989605,1,"IOTHUB_CLIENT_CONFIRMATION_OK"
12744,10326989755,10326989871,1,"IOTHUB_CLIENT_CONFIRMATION_OK"
12745,10326989956,10326990040,1,"IOTHUB_CLIENT_CONFIRMATION_OK"
12746,10326990156,10326990256,1,"IOTHUB_CLIENT_CONFIRMATION_OK"
12747,10326990356,10326990393,1,"IOTHUB_CLIENT_CONFIRMATION_OK"
12748,10326990556,10326990600,1,"IOTHUB_CLIENT_CONFIRMATION_OK"
12749,10326990756,10326990818,1,"IOTHUB_CLIENT_CONFIRMATION_OK"
12750,10326990956,10326991043,1,"IOTHUB_CLIENT_CONFIRMATION_OK"
12751,10326991156,10326991200,1,"IOTHUB_CLIENT_CONFIRMATION_OK"
12752,10326991357,10326991460,1,"IOTHUB_CLIENT_CONFIRMATION_OK"
12753,10326991557,10326991594,1,"IOTHUB_CLIENT_CONFIRMATION_OK"
12754,10326991757,10326991794,1,"IOTHUB_CLIENT_CONFIRMATION_OK"
12755,10326991957,10326991999,1,"IOTHUB_CLIENT_CONFIRMATION_OK"
12756,10326992157,10326992198,1,"IOTHUB_CLIENT_CONFIRMATION_OK"
12757,10326992358,10326992415,1,"IOTHUB_CLIENT_CONFIRMATION_OK"
12758,10326992558,10326992882,1,"IOTHUB_CLIENT_CONFIRMATION_OK"
12759,10326992758,10326992914,1,"IOTHUB_CLIENT_CONFIRMATION_OK"
12760,10326992958,10326993005,1,"IOTHUB_CLIENT_CONFIRMATION_OK"
12761,10326993158,10326993210,1,"IOTHUB_CLIENT_CONFIRMATION_OK"
12762,10326993358,10326993399,1,"IOTHUB_CLIENT_CONFIRMATION_OK"
12763,10326993559,10326993597,1,"IOTHUB_CLIENT_CONFIRMATION_OK"
12764,10326993759,10326993825,1,"IOTHUB_CLIENT_CONFIRMATION_OK"
12765,10326993959,10326994023,1,"IOTHUB_CLIENT_CONFIRMATION_OK"
12766,10326994159,10326994199,1,"IOTHUB_CLIENT_CONFIRMATION_OK"
12767,10326994359,10326994449,1,"IOTHUB_CLIENT_CONFIRMATION_OK"
12768,10326994559,10326994607,1,"IOTHUB_CLIENT_CONFIRMATION_OK"
12769,10326994760,10326994801,1,"IOTHUB_CLIENT_CONFIRMATION_OK"
12770,10326994960,10326995084,1,"IOTHUB_CLIENT_CONFIRMATION_OK"
12771,10326995160,10326995198,1,"IOTHUB_CLIENT_CONFIRMATION_OK"
12772,10326995360,10326995510,1,"IOTHUB_CLIENT_CONFIRMATION_OK"
12773,10326995560,10326995600,1,"IOTHUB_CLIENT_CONFIRMATION_OK"
12774,10326995760,10326995796,1,"IOTHUB_CLIENT_CONFIRMATION_OK"
12775,10326995961,10326996462,1,"IOTHUB_CLIENT_CONFIRMATION_OK"
12776,10326996161,10326996496,1,"IOTHUB_CLIENT_CONFIRMATION_OK"
12777,10326996361,10326996530,1,"IOTHUB_CLIENT_CONFIRMATION_OK"
12778,10326996561,10326996604,1,"IOTHUB_CLIENT_CONFIRMATION_OK"
12779,10326996761,10326997281,1,"IOTHUB_CLIENT_CONFIRMATION_OK"
12780,10326996961,10326997322,1,"IOTHUB_CLIENT_CONFIRMATION_OK"
12781,10326997161,10326997371,1,"IOTHUB_CLIENT_CONFIRMATION_OK"
12782,10326997362,10326997410,1,"IOTHUB_CLIENT_CONFIRMATION_OK"
12783,10326997562,10326997683,1,"IOTHUB_CLIENT_CONFIRMATION_OK"
12784,10326997762,10326997806,1,"IOTHUB_CLIENT_CONFIRMATION_OK"
12785,10326997962,10326998004,1,"IOTHUB_CLIENT_CONFIRMATION_OK"
12786,10326998162,10326998220,1,"IOTHUB_CLIENT_CONFIRMATION_OK"
12787,10326998362,10326998403,1,"IOTHUB_CLIENT_CONFIRMATION_OK"
12788,10326998562,10326998598,1,"IOTHUB_CLIENT_CONFIRMATION_OK"
12789,10326998763,10326998816,1,"IOTHUB_CLIENT_CONFIRMATION_OK"
12790,10326998963,10326999003,1,"IOTHUB_CLIENT_CONFIRMATION_OK"
12791,10326999163,10326999205,1,"IOTHUB_CLIENT_CONFIRMATION_OK"
12792,10326999363,10326999439,1,"IOTHUB_CLIENT_CONFIRMATION_OK"
12793,10326999563,10326999610,1,"IOTHUB_CLIENT_CONFIRMATION_OK"
12794,10326999763,10326999808,1,"IOTHUB_CLIENT_CONFIRMATION_OK"
12795,10326999963,10327000009,1,"IOTHUB_CLIENT_CONFIRMATION_OK"
12796,10327000164,10327000215,1,"IOTHUB_CLIENT_CONFIRMATION_OK"
12797,10327000364,10327000415,1,"IOTHUB_CLIENT_CONFIRMATION_OK"
12798,10327000564,10327000630,1,"IOTHUB_CLIENT_CONFIRMATION_OK"
12799,10327000764,10327000819,1,"IOTHUB_CLIENT_CONFIRMATION_OK"
12800,10327000964,10327001052,1,"IOTHUB_CLIENT_CONFIRMATION_OK"
12801,10327001164,10327001246,1,"IOTHUB_CLIENT_CONFIRMATION_OK"
12802,10327001364,10327001401,1,"IOTHUB_CLIENT_CONFIRMATION_OK"
12803,10327001565,10327001609,1,"IOTHUB_CLIENT_CONFIRMATION_OK"
12804,10327001765,10327001842,1,"IOTHUB_CLIENT_CONFIRMATION_OK"
12805,10327001965,10327002010,1,"IOTHUB_CLIENT_CONFIRMATION_OK"
12806,10327002165,10327002217,1,"IOTHUB_CLIENT_CONFIRMATION_OK"
12807,10327002365,10327002471,1,"IOTHUB_CLIENT_CONFIRMATION_OK"
12808,10327002565,10327002607,1,"IOTHUB_CLIENT_CONFIRMATION_OK"
12809,10327002766,10327002817,1,"IOTHUB_CLIENT_CONFIRMATION_OK"
12810,10327002966,10327003075,1,"IOTHUB_CLIENT_CONFIRMATION_OK"
12811,10327003166,10327003219,1,"IOTHUB_CLIENT_CONFIRMATION_OK"
12812,10327003366,10327003417,1,"IOTHUB_CLIENT_CONFIRMATION_OK"
12813,10327003566,10327003612,1,"IOTHUB_CLIENT_CONFIRMATION_OK"
12814,10327003766,10327003862,1,"IOTHUB_CLIENT_CONFIRMATION_OK"
12815,10327003967,10327004022,1,"IOTHUB_CLIENT_CONFIRMATION_OK"
12816,10327004167,10327004213,1,"IOTHUB_CLIENT_CONFIRMATION_OK"
12817,10327004367,10327004407,1,"IOTHUB_CLIENT_CONFIRMATION_OK"
12818,10327004567,10327004613,1,"IOTHUB_CLIENT_CONFIRMATION_OK"
12819,10327004767,10327004833,1,"IOTHUB_CLIENT_CONFIRMATION_OK"
12820,10327004967,10327005007,1,"IOTHUB_CLIENT_CONFIRMATION_OK"
12821,10327005167,10327005219,1,"IOTHUB_CLIENT_CONFIRMATION_OK"
12822,10327005368,10327005444,1,"IOTHUB_CLIENT_CONFIRMATION_OK"
12823,10327005568,10327005650,1,"IOTHUB_CLIENT_CONFIRMATION_OK"
12824,10327005768,10327005827,1,"IOTHUB_CLIENT_CONFIRMATION_OK"
12825,10327005968,10327006022,1,"IOTHUB_CLIENT_CONFIRMATION_OK"
12826,10327006168,10327006219,1,"IOTHUB_CLIENT_CONFIRMATION_OK"
12827,10327006368,10327006456,1,"IOTHUB_CLIENT_CONFIRMATION_OK"
12828,10327006568,10327006610,1,"IOTHUB_CLIENT_CONFIRMATION_OK"
12829,10327006769,10327006816,1,"IOTHUB_CLIENT_CONFIRMATION_OK"
12830,10327006969,10327007168,1,"IOTHUB_CLIENT_CONFIRMATION_OK"
12831,10327007169,10327007214,1,"IOTHUB_CLIENT_CONFIRMATION_OK"
12832,10327007369,10327007415,1,"IOTHUB_CLIENT_CONFIRMATION_OK"
12833,10327007569,10327007667,1,"IOTHUB_CLIENT_CONFIRMATION_OK"
12834,10327007770,10327007811,1,"IOTHUB_CLIENT_CONFIRMATION_OK"
12835,10327007970,10327008041,1,"IOTHUB_CLIENT_CONFIRMATION_OK"
12836,10327008170,10327008270,1,"IOTHUB_CLIENT_CONFIRMATION_OK"
12837,10327008370,10327008413,1,"IOTHUB_CLIENT_CONFIRMATION_OK"
12838,10327008570,10327008613,1,"IOTHUB_CLIENT_CONFIRMATION_OK"
12839,10327008770,10327009007,1,"IOTHUB_CLIENT_CONFIRMATION_OK"
12840,10327008971,10327009092,1,"IOTHUB_CLIENT_CONFIRMATION_OK"
12841,10327009171,10327009214,1,"IOTHUB_CLIENT_CONFIRMATION_OK"
12842,10327009371,10327009415,1,"IOTHUB_CLIENT_CONFIRMATION_OK"
12843,10327009571,10327009630,1,"IOTHUB_CLIENT_CONFIRMATION_OK"
12844,10327009771,10327009817,1,"IOTHUB_CLIENT_CONFIRMATION_OK"
12845,10327009971,10327010037,1,"IOTHUB_CLIENT_CONFIRMATION_OK"
12846,10327010171,10327010235,1,"IOTHUB_CLIENT_CONFIRMATION_OK"
12847,10327010372,10327010498,1,"IOTHUB_CLIENT_CONFIRMATION_OK"
12848,10327010572,10327010629,1,"IOTHUB_CLIENT_CONFIRMATION_OK"
12849,10327010772,10327010824,1,"IOTHUB_CLIENT_CONFIRMATION_OK"
12850,10327010972,10327011105,1,"IOTHUB_CLIENT_CONFIRMATION_OK"
12851,10327011173,10327011225,1,"IOTHUB_CLIENT_CONFIRMATION_OK"
12852,10327011373,10327011413,1,"IOTHUB_CLIENT_CONFIRMATION_OK"
12853,10327011573,10327011711,1,"IOTHUB_CLIENT_CONFIRMATION_OK"
12854,10327011773,10327011818,1,"IOTHUB_CLIENT_CONFIRMATION_OK"
12855,10327011974,10327012039,1,"IOTHUB_CLIENT_CONFIRMATION_OK"
12856,10327012174,10327012215,1,"IOTHUB_CLIENT_CONFIRMATION_OK"
12857,10327012374,10327012418,1,"IOTHUB_CLIENT_CONFIRMATION_OK"
12858,10327012574,10327012617,1,"IOTHUB_CLIENT_CONFIRMATION_OK"
12859,10327012774,10327012820,1,"IOTHUB_CLIENT_CONFIRMATION_OK"
12860,10327012974,10327013029,1,"IOTHUB_CLIENT_CONFIRMATION_OK"
12861,10327013174,10327013287,1,"IOTHUB_CLIENT_CONFIRMATION_OK"
12862,10327013375,10327013414,1,"IOTHUB_CLIENT_CONFIRMATION_OK"
12863,10327013575,10327013611,1,"IOTHUB_CLIENT_CONFIRMATION_OK"
12864,10327013775,10327013827,1,"IOTHUB_CLIENT_CONFIRMATION_OK"
12865,10327013975,10327014029,1,"IOTHUB_CLIENT_CONFIRMATION_OK"
12866,10327014175,10327014237,1,"IOTHUB_CLIENT_CONFIRMATION_OK"
12867,10327014376,10327014432,1,"IOTHUB_CLIENT_CONFIRMATION_OK"
12868,10327014576,10327014621,1,"IOTHUB_CLIENT_CONFIRMATION_OK"
12869,10327014776,10327014826,1,"IOTHUB_CLIENT_CONFIRMATION_OK"
12870,10327014976,10327015022,1,"IOTHUB_CLIENT_CONFIRMATION_OK"
12871,10327015176,10327015224,1,"IOTHUB_CLIENT_CONFIRMATION_OK"
12872,10327015376,10327015420,1,"IOTHUB_CLIENT_CONFIRMATION_OK"
12873,10327015577,10327015617,1,"IOTHUB_CLIENT_CONFIRMATION_OK"
12874,10327015777,10327015823,1,"IOTHUB_CLIENT_CONFIRMATION_OK"
12875,10327015977,10327016016,1,"IOTHUB_CLIENT_CONFIRMATION_OK"
12876,10327016177,10327016220,1,"IOTHUB_CLIENT_CONFIRMATION_OK"
12877,10327016377,10327016418,1,"IOTHUB_CLIENT_CONFIRMATION_OK"
12878,10327016577,10327016638,1,"IOTHUB_CLIENT_CONFIRMATION_OK"
12879,10327016778,10327016822,1,"IOTHUB_CLIENT_CONFIRMATION_OK"
12880,10327016978,10327017020,1,"IOTHUB_CLIENT_CONFIRMATION_OK"
12881,10327017178,10327017220,1,"IOTHUB_CLIENT_CONFIRMATION_OK"
12882,10327017378,10327017463,1,"IOTHUB_CLIENT_CONFIRMATION_OK"
12883,10327017578,10327017627,1,"IOTHUB_CLIENT_CONFIRMATION_OK"
12884,10327017778,10327017826,1,"IOTHUB_CLIENT_CONFIRMATION_OK"
12885,10327017979,10327018036,1,"IOTHUB_CLIENT_CONFIRMATION_OK"
12886,10327018179,10327018322,1,"IOTHUB_CLIENT_CONFIRMATION_OK"
12887,10327018379,10327018430,1,"IOTHUB_CLIENT_CONFIRMATION_OK"
12888,10327018579,10327018642,1,"IOTHUB_CLIENT_CONFIRMATION_OK"
12889,10327018779,10327018876,1,"IOTHUB_CLIENT_CONFIRMATION_OK"
12890,10327018979,10327019234,1,"IOTHUB_CLIENT_CONFIRMATION_OK"
12891,10327019179,10327019304,1,"IOTHUB_CLIENT_CONFIRMATION_OK"
12892,10327019380,10327019418,1,"IOTHUB_CLIENT_CONFIRMATION_OK"
12893,10327019580,10327019627,1,"IOTHUB_CLIENT_CONFIRMATION_OK"
12894,10327019780,10327019824,1,"IOTHUB_CLIENT_CONFIRMATION_OK"
12895,10327019980,10327020045,1,"IOTHUB_CLIENT_CONFIRMATION_OK"
12896,10327020180,10327020230,1,"IOTHUB_CLIENT_CONFIRMATION_OK"
12897,10327020380,10327020467,1,"IOTHUB_CLIENT_CONFIRMATION_OK"
12898,10327020581,10327020622,1,"IOTHUB_CLIENT_CONFIRMATION_OK"
12899,10327020781,10327020914,1,"IOTHUB_CLIENT_CONFIRMATION_OK"
12900,10327020981,10327021038,1,"IOTHUB_CLIENT_CONFIRMATION_OK"
12901,10327021181,10327021226,1,"IOTHUB_CLIENT_CONFIRMATION_OK"
12902,10327021381,10327021514,1,"IOTHUB_CLIENT_CONFIRMATION_OK"
12903,10327021581,10327021642,1,"IOTHUB_CLIENT_CONFIRMATION_OK"
12904,10327021782,10327021827,1,"IOTHUB_CLIENT_CONFIRMATION_OK"
12905,10327021982,10327022123,1,"IOTHUB_CLIENT_CONFIRMATION_OK"
12906,10327022182,10327022224,1,"IOTHUB_CLIENT_CONFIRMATION_OK"
12907,10327022382,10327022436,1,"IOTHUB_CLIENT_CONFIRMATION_OK"
12908,10327022582,10327022627,1,"IOTHUB_CLIENT_CONFIRMATION_OK"
12909,10327022783,10327022822,1,"IOTHUB_CLIENT_CONFIRMATION_OK"
12910,10327022983,10327023025,1,"IOTHUB_CLIENT_CONFIRMATION_OK"
12911,10327023183,10327023226,1,"IOTHUB_CLIENT_CONFIRMATION_OK"
12912,10327023383,10327023427,1,"IOTHUB_CLIENT_CONFIRMATION_OK"
12913,10327023583,10327023668,1,"IOTHUB_CLIENT_CONFIRMATION_OK"
12914,10327023783,10327023855,1,"IOTHUB_CLIENT_CONFIRMATION_OK"
12915,10327023984,10327024029,1,"IOTHUB_CLIENT_CONFIRMATION_OK"
12916,10327024184,10327024235,1,"IOTHUB_CLIENT_CONFIRMATION_OK"
12917,10327024384,10327024427,1,"IOTHUB_CLIENT_CONFIRMATION_OK"
12918,10327024584,10327024627,1,"IOTHUB_CLIENT_CONFIRMATION_OK"
12919,10327024784,10327024912,1,"IOTHUB_CLIENT_CONFIRMATION_OK"
12920,10327024984,10327025139,1,"IOTHUB_CLIENT_CONFIRMATION_OK"
12921,10327025184,10327025224,1,"IOTHUB_CLIENT_CONFIRMATION_OK"
12922,10327025385,10327025577,1,"IOTHUB_CLIENT_CONFIRMATION_OK"
12923,10327025585,10327025626,1,"IOTHUB_CLIENT_CONFIRMATION_OK"
12924,10327025785,10327025824,1,"IOTHUB_CLIENT_CONFIRMATION_OK"
12925,10327025986,10327026025,1,"IOTHUB_CLIENT_CONFIRMATION_OK"
12926,10327026186,10327026229,1,"IOTHUB_CLIENT_CONFIRMATION_OK"
12927,10327026386,10327026428,1,"IOTHUB_CLIENT_CONFIRMATION_OK"
12928,10327026586,10327026641,1,"IOTHUB_CLIENT_CONFIRMATION_OK"
12929,10327026786,10327026827,1,"IOTHUB_CLIENT_CONFIRMATION_OK"
12930,10327026986,10327027038,1,"IOTHUB_CLIENT_CONFIRMATION_OK"
12931,10327027186,10327027235,1,"IOTHUB_CLIENT_CONFIRMATION_OK"
12932,10327027387,10327027431,1,"IOTHUB_CLIENT_CONFIRMATION_OK"
12933,10327027587,10327027625,1,"IOTHUB_CLIENT_CONFIRMATION_OK"
12934,10327027787,10327027826,1,"IOTHUB_CLIENT_CONFIRMATION_OK"
12935,10327027987,10327028029,1,"IOTHUB_CLIENT_CONFIRMATION_OK"
12936,10327028187,10327028235,1,"IOTHUB_CLIENT_CONFIRMATION_OK"
12937,10327028387,10327028445,1,"IOTHUB_CLIENT_CONFIRMATION_OK"
12938,10327028587,10327028629,1,"IOTHUB_CLIENT_CONFIRMATION_OK"
12939,10327028788,10327028833,1,"IOTHUB_CLIENT_CONFIRMATION_OK"
12940,10327028988,10327029048,1,"IOTHUB_CLIENT_CONFIRMATION_OK"
12941,10327029188,10327029234,1,"IOTHUB_CLIENT_CONFIRMATION_OK"
12942,10327029388,10327029433,1,"IOTHUB_CLIENT_CONFIRMATION_OK"
12943,10327029588,10327029667,1,"IOTHUB_CLIENT_CONFIRMATION_OK"
12944,10327029789,10327029834,1,"IOTHUB_CLIENT_CONFIRMATION_OK"
12945,10327029989,10327030030,1,"IOTHUB_CLIENT_CONFIRMATION_OK"
12946,10327030189,10327030230,1,"IOTHUB_CLIENT_CONFIRMATION_OK"
12947,10327030389,10327030440,1,"IOTHUB_CLIENT_CONFIRMATION_OK"
12948,10327030589,10327030676,1,"IOTHUB_CLIENT_CONFIRMATION_OK"
12949,10327030789,10327030828,1,"IOTHUB_CLIENT_CONFIRMATION_OK"
12950,10327030989,10327031041,1,"IOTHUB_CLIENT_CONFIRMATION_OK"
12951,10327031190,10327031304,1,"IOTHUB_CLIENT_CONFIRMATION_OK"
12952,10327031390,10327031433,1,"IOTHUB_CLIENT_CONFIRMATION_OK"
12953,10327031590,10327031636,1,"IOTHUB_CLIENT_CONFIRMATION_OK"
12954,10327031790,10327031923,1,"IOTHUB_CLIENT_CONFIRMATION_OK"
12955,10327031990,10327032031,1,"IOTHUB_CLIENT_CONFIRMATION_OK"
12956,10327032190,10327032274,1,"IOTHUB_CLIENT_CONFIRMATION_OK"
12957,10327032390,10327032555,1,"IOTHUB_CLIENT_CONFIRMATION_OK"
12958,10327032591,10327032633,1,"IOTHUB_CLIENT_CONFIRMATION_OK"
12959,10327032791,10327032835,1,"IOTHUB_CLIENT_CONFIRMATION_OK"
12960,10327032991,10327033047,1,"IOTHUB_CLIENT_CONFIRMATION_OK"
12961,10327033191,10327033283,1,"IOTHUB_CLIENT_CONFIRMATION_OK"
12962,10327033391,10327033434,1,"IOTHUB_CLIENT_CONFIRMATION_OK"
12963,10327033591,10327033634,1,"IOTHUB_CLIENT_CONFIRMATION_OK"
12964,10327033792,10327033841,1,"IOTHUB_CLIENT_CONFIRMATION_OK"
12965,10327033992,10327034059,1,"IOTHUB_CLIENT_CONFIRMATION_OK"
12966,10327034192,10327034231,1,"IOTHUB_CLIENT_CONFIRMATION_OK"
12967,10327034392,10327034447,1,"IOTHUB_CLIENT_CONFIRMATION_OK"
12968,10327034593,10327034747,1,"IOTHUB_CLIENT_CONFIRMATION_OK"
12969,10327034793,10327034839,1,"IOTHUB_CLIENT_CONFIRMATION_OK"
12970,10327034993,10327035034,1,"IOTHUB_CLIENT_CONFIRMATION_OK"
12971,10327035193,10327035256,1,"IOTHUB_CLIENT_CONFIRMATION_OK"
12972,10327035393,10327035437,1,"IOTHUB_CLIENT_CONFIRMATION_OK"
12973,10327035593,10327035636,1,"IOTHUB_CLIENT_CONFIRMATION_OK"
12974,10327035793,10327035988,1,"IOTHUB_CLIENT_CONFIRMATION_OK"
12975,10327035994,10327036038,1,"IOTHUB_CLIENT_CONFIRMATION_OK"
12976,10327036194,10327036280,1,"IOTHUB_CLIENT_CONFIRMATION_OK"
12977,10327036394,10327036443,1,"IOTHUB_CLIENT_CONFIRMATION_OK"
12978,10327036594,10327036645,1,"IOTHUB_CLIENT_CONFIRMATION_OK"
12979,10327036794,10327036837,1,"IOTHUB_CLIENT_CONFIRMATION_OK"
12980,10327036995,10327037054,1,"IOTHUB_CLIENT_CONFIRMATION_OK"
12981,10327037195,10327037234,1,"IOTHUB_CLIENT_CONFIRMATION_OK"
12982,10327037395,10327037435,1,"IOTHUB_CLIENT_CONFIRMATION_OK"
12983,10327037595,10327037655,1,"IOTHUB_CLIENT_CONFIRMATION_OK"
12984,10327037795,10327037840,1,"IOTHUB_CLIENT_CONFIRMATION_OK"
12985,10327037996,10327038040,1,"IOTHUB_CLIENT_CONFIRMATION_OK"
12986,10327038196,10327038240,1,"IOTHUB_CLIENT_CONFIRMATION_OK"
12987,10327038396,10327038437,1,"IOTHUB_CLIENT_CONFIRMATION_OK"
12988,10327038596,10327038636,1,"IOTHUB_CLIENT_CONFIRMATION_OK"
12989,10327038796,10327038839,1,"IOTHUB_CLIENT_CONFIRMATION_OK"
12990,10327038997,10327039038,1,"IOTHUB_CLIENT_CONFIRMATION_OK"
12991,10327039197,10327039249,1,"IOTHUB_CLIENT_CONFIRMATION_OK"
12992,10327039397,10327039440,1,"IOTHUB_CLIENT_CONFIRMATION_OK"
12993,10327039597,10327039643,1,"IOTHUB_CLIENT_CONFIRMATION_OK"
12994,10327039797,10327039844,1,"IOTHUB_CLIENT_CONFIRMATION_OK"
12995,10327039997,10327040188,1,"IOTHUB_CLIENT_CONFIRMATION_OK"
12996,10327040198,10327040243,1,"IOTHUB_CLIENT_CONFIRMATION_OK"
12997,10327040398,10327040444,1,"IOTHUB_CLIENT_CONFIRMATION_OK"
12998,10327040598,10327040640,1,"IOTHUB_CLIENT_CONFIRMATION_OK"
12999,10327040798,10327040839,1,"IOTHUB_CLIENT_CONFIRMATION_OK"
13000,10327040998,10327041048,1,"IOTHUB_CLIENT_CONFIRMATION_OK"
13001,10327041198,10327041237,1,"IOTHUB_CLIENT_CONFIRMATION_OK"
13002,10327041399,10327041437,1,"IOTHUB_CLIENT_CONFIRMATION_OK"
13003,10327041599,10327041657,1,"IOTHUB_CLIENT_CONFIRMATION_OK"
13004,10327041799,10327041843,1,"IOTHUB_CLIENT_CONFIRMATION_OK"
13005,10327041999,10327042045,1,"IOTHUB_CLIENT_CONFIRMATION_OK"
13006,10327042199,10327042284,1,"IOTHUB_CLIENT_CONFIRMATION_OK"
13007,10327042399,10327042445,1,"IOTHUB_CLIENT_CONFIRMATION_OK"
13008,10327042600,10327042642,1,"IOTHUB_CLIENT_CONFIRMATION_OK"
13009,10327042800,10327042874,1,"IOTHUB_CLIENT_CONFIRMATION_OK"
13010,10327043000,10327043041,1,"IOTHUB_CLIENT_CONFIRMATION_OK"
13011,10327043200,10327043239,1,"IOTHUB_CLIENT_CONFIRMATION_OK"
13012,10327043400,10327043488,1,"IOTHUB_CLIENT_CONFIRMATION_OK"
13013,10327043600,10327043662,1,"IOTHUB_CLIENT_CONFIRMATION_OK"
13014,10327043801,10327043854,1,"IOTHUB_CLIENT_CONFIRMATION_OK"
13015,10327044001,10327044056,1,"IOTHUB_CLIENT_CONFIRMATION_OK"
13016,10327044201,10327044255,1,"IOTHUB_CLIENT_CONFIRMATION_OK"
13017,10327044401,10327044449,1,"IOTHUB_CLIENT_CONFIRMATION_OK"
13018,10327044601,10327044658,1,"IOTHUB_CLIENT_CONFIRMATION_OK"
13019,10327044801,10327044839,1,"IOTHUB_CLIENT_CONFIRMATION_OK"
13020,10327045002,10327045122,1,"IOTHUB_CLIENT_CONFIRMATION_OK"
13021,10327045202,10327045239,1,"IOTHUB_CLIENT_CONFIRMATION_OK"
13022,10327045402,10327045440,1,"IOTHUB_CLIENT_CONFIRMATION_OK"
13023,10327045602,10327045746,1,"IOTHUB_CLIENT_CONFIRMATION_OK"
13024,10327045802,10327045852,1,"IOTHUB_CLIENT_CONFIRMATION_OK"
13025,10327046003,10327046070,1,"IOTHUB_CLIENT_CONFIRMATION_OK"
13026,10327046203,10327046456,1,"IOTHUB_CLIENT_CONFIRMATION_OK"
13027,10327046403,10327046537,1,"IOTHUB_CLIENT_CONFIRMATION_OK"
13028,10327046603,10327046662,1,"IOTHUB_CLIENT_CONFIRMATION_OK"
13029,10327046803,10327046849,1,"IOTHUB_CLIENT_CONFIRMATION_OK"
13030,10327047003,10327047043,1,"IOTHUB_CLIENT_CONFIRMATION_OK"
13031,10327047204,10327047267,1,"IOTHUB_CLIENT_CONFIRMATION_OK"
13032,10327047404,10327047448,1,"IOTHUB_CLIENT_CONFIRMATION_OK"
13033,10327047604,10327047646,1,"IOTHUB_CLIENT_CONFIRMATION_OK"
13034,10327047804,10327047847,1,"IOTHUB_CLIENT_CONFIRMATION_OK"
13035,10327048004,10327048046,1,"IOTHUB_CLIENT_CONFIRMATION_OK"
13036,10327048205,10327048285,1,"IOTHUB_CLIENT_CONFIRMATION_OK"
13037,10327048405,10327048449,1,"IOTHUB_CLIENT_CONFIRMATION_OK"
13038,10327048605,10327048651,1,"IOTHUB_CLIENT_CONFIRMATION_OK"
13039,10327048805,10327048849,1,"IOTHUB_CLIENT_CONFIRMATION_OK"
13040,10327049005,10327049052,1,"IOTHUB_CLIENT_CONFIRMATION_OK"
13041,10327049205,10327049247,1,"IOTHUB_CLIENT_CONFIRMATION_OK"
13042,10327049406,10327049446,1,"IOTHUB_CLIENT_CONFIRMATION_OK"
13043,10327049606,10327049647,1,"IOTHUB_CLIENT_CONFIRMATION_OK"
13044,10327049806,10327049853,1,"IOTHUB_CLIENT_CONFIRMATION_OK"
13045,10327050006,10327050048,1,"IOTHUB_CLIENT_CONFIRMATION_OK"
13046,10327050206,10327050261,1,"IOTHUB_CLIENT_CONFIRMATION_OK"
13047,10327050407,10327050484,1,"IOTHUB_CLIENT_CONFIRMATION_OK"
13048,10327050607,10327050657,1,"IOTHUB_CLIENT_CONFIRMATION_OK"
13049,10327050807,10327050849,1,"IOTHUB_CLIENT_CONFIRMATION_OK"
13050,10327051007,10327051055,1,"IOTHUB_CLIENT_CONFIRMATION_OK"
13051,10327051207,10327051250,1,"IOTHUB_CLIENT_CONFIRMATION_OK"
13052,10327051407,10327051485,1,"IOTHUB_CLIENT_CONFIRMATION_OK"
13053,10327051608,10327051666,1,"IOTHUB_CLIENT_CONFIRMATION_OK"
13054,10327051808,10327051861,1,"IOTHUB_CLIENT_CONFIRMATION_OK"
13055,10327052008,10327052049,1,"IOTHUB_CLIENT_CONFIRMATION_OK"
13056,10327052208,10327052252,1,"IOTHUB_CLIENT_CONFIRMATION_OK"
13057,10327052408,10327052454,1,"IOTHUB_CLIENT_CONFIRMATION_OK"
13058,10327052608,10327052668,1,"IOTHUB_CLIENT_CONFIRMATION_OK"
13059,10327052808,10327052862,1,"IOTHUB_CLIENT_CONFIRMATION_OK"
13060,10327053009,10327053047,1,"IOTHUB_CLIENT_CONFIRMATION_OK"
13061,10327053209,10327053267,1,"IOTHUB_CLIENT_CONFIRMATION_OK"
13062,10327053409,10327053451,1,"IOTHUB_CLIENT_CONFIRMATION_OK"
13063,10327053609,10327053648,1,"IOTHUB_CLIENT_CONFIRMATION_OK"
13064,10327053809,10327053874,1,"IOTHUB_CLIENT_CONFIRMATION_OK"
13065,10327054010,10327054065,1,"IOTHUB_CLIENT_CONFIRMATION_OK"
13066,10327054210,10327054251,1,"IOTHUB_CLIENT_CONFIRMATION_OK"
13067,10327054410,10327054494,1,"IOTHUB_CLIENT_CONFIRMATION_OK"
13068,10327054610,10327054650,1,"IOTHUB_CLIENT_CONFIRMATION_OK"
13069,10327054810,10327054854,1,"IOTHUB_CLIENT_CONFIRMATION_OK"
13070,10327055010,10327055073,1,"IOTHUB_CLIENT_CONFIRMATION_OK"
13071,10327055210,10327055249,1,"IOTHUB_CLIENT_CONFIRMATION_OK"
13072,10327055411,10327055583,1,"IOTHUB_CLIENT_CONFIRMATION_OK"
13073,10327055611,10327055653,1,"IOTHUB_CLIENT_CONFIRMATION_OK"
13074,10327055811,10327055851,1,"IOTHUB_CLIENT_CONFIRMATION_OK"
13075,10327056011,10327056101,1,"IOTHUB_CLIENT_CONFIRMATION_OK"
13076,10327056211,10327056291,1,"IOTHUB_CLIENT_CONFIRMATION_OK"
13077,10327056411,10327056456,1,"IOTHUB_CLIENT_CONFIRMATION_OK"
13078,10327056611,10327056730,1,"IOTHUB_CLIENT_CONFIRMATION_OK"
13079,10327056812,10327056855,1,"IOTHUB_CLIENT_CONFIRMATION_OK"
13080,10327057012,10327057168,1,"IOTHUB_CLIENT_CONFIRMATION_OK"
13081,10327057212,10327057367,1,"IOTHUB_CLIENT_CONFIRMATION_OK"
13082,10327057412,10327057464,1,"IOTHUB_CLIENT_CONFIRMATION_OK"
13083,10327057612,10327057649,1,"IOTHUB_CLIENT_CONFIRMATION_OK"
13084,10327057812,10327057866,1,"IOTHUB_CLIENT_CONFIRMATION_OK"
13085,10327058013,10327058062,1,"IOTHUB_CLIENT_CONFIRMATION_OK"
13086,10327058213,10327058293,1,"IOTHUB_CLIENT_CONFIRMATION_OK"
13087,10327058413,10327058464,1,"IOTHUB_CLIENT_CONFIRMATION_OK"
13088,10327058613,10327058653,1,"IOTHUB_CLIENT_CONFIRMATION_OK"
13089,10327058813,10327058859,1,"IOTHUB_CLIENT_CONFIRMATION_OK"
13090,10327059013,10327059057,1,"IOTHUB_CLIENT_CONFIRMATION_OK"
13091,10327059214,10327059251,1,"IOTHUB_CLIENT_CONFIRMATION_OK"
13092,10327059414,10327059455,1,"IOTHUB_CLIENT_CONFIRMATION_OK"
13093,10327059614,10327059661,1,"IOTHUB_CLIENT_CONFIRMATION_OK"
13094,10327059814,10327059854,1,"IOTHUB_CLIENT_CONFIRMATION_OK"
13095,10327060014,10327060054,1,"IOTHUB_CLIENT_CONFIRMATION_OK"
13096,10327060214,10327060255,1,"IOTHUB_CLIENT_CONFIRMATION_OK"
13097,10327060414,10327060461,1,"IOTHUB_CLIENT_CONFIRMATION_OK"
13098,10327060615,10327060655,1,"IOTHUB_CLIENT_CONFIRMATION_OK"
13099,10327060815,10327060861,1,"IOTHUB_CLIENT_CONFIRMATION_OK"
13100,10327061015,10327061060,1,"IOTHUB_CLIENT_CONFIRMATION_OK"
13101,10327061215,10327061267,1,"IOTHUB_CLIENT_CONFIRMATION_OK"
13102,10327061415,10327061453,1,"IOTHUB_CLIENT_CONFIRMATION_OK"
13103,10327061615,10327061695,1,"IOTHUB_CLIENT_CONFIRMATION_OK"
13104,10327061816,10327061863,1,"IOTHUB_CLIENT_CONFIRMATION_OK"
13105,10327062016,10327062060,1,"IOTHUB_CLIENT_CONFIRMATION_OK"
13106,10327062216,10327062265,1,"IOTHUB_CLIENT_CONFIRMATION_OK"
13107,10327062416,10327062487,1,"IOTHUB_CLIENT_CONFIRMATION_OK"
13108,10327062616,10327062656,1,"IOTHUB_CLIENT_CONFIRMATION_OK"
13109,10327062817,10327062860,1,"IOTHUB_CLIENT_CONFIRMATION_OK"
13110,10327063017,10327063099,1,"IOTHUB_CLIENT_CONFIRMATION_OK"
13111,10327063217,10327063288,1,"IOTHUB_CLIENT_CONFIRMATION_OK"
13112,10327063417,10327063600,1,"IOTHUB_CLIENT_CONFIRMATION_OK"
13113,10327063617,10327063819,1,"IOTHUB_CLIENT_CONFIRMATION_OK"
13114,10327063817,10327063856,1,"IOTHUB_CLIENT_CONFIRMATION_OK"
13115,10327064017,10327064058,1,"IOTHUB_CLIENT_CONFIRMATION_OK"
13116,10327064218,10327064288,1,"IOTHUB_CLIENT_CONFIRMATION_OK"
13117,10327064418,10327064460,1,"IOTHUB_CLIENT_CONFIRMATION_OK"
13118,10327064618,10327064663,1,"IOTHUB_CLIENT_CONFIRMATION_OK"
13119,10327064818,10327064870,1,"IOTHUB_CLIENT_CONFIRMATION_OK"
13120,10327065019,10327065062,1,"IOTHUB_CLIENT_CONFIRMATION_OK"
13121,10327065219,10327065266,1,"IOTHUB_CLIENT_CONFIRMATION_OK"
13122,10327065419,10327065458,1,"IOTHUB_CLIENT_CONFIRMATION_OK"
13123,10327065619,10327065666,1,"IOTHUB_CLIENT_CONFIRMATION_OK"
13124,10327065819,10327065875,1,"IOTHUB_CLIENT_CONFIRMATION_OK"
13125,10327066019,10327066059,1,"IOTHUB_CLIENT_CONFIRMATION_OK"
13126,10327066219,10327066272,1,"IOTHUB_CLIENT_CONFIRMATION_OK"
13127,10327066420,10327066517,1,"IOTHUB_CLIENT_CONFIRMATION_OK"
13128,10327066620,10327066672,1,"IOTHUB_CLIENT_CONFIRMATION_OK"
13129,10327066820,10327066865,1,"IOTHUB_CLIENT_CONFIRMATION_OK"
13130,10327067020,10327067133,1,"IOTHUB_CLIENT_CONFIRMATION_OK"
13131,10327067220,10327067261,1,"IOTHUB_CLIENT_CONFIRMATION_OK"
13132,10327067420,10327067466,1,"IOTHUB_CLIENT_CONFIRMATION_OK"
13133,10327067620,10327067751,1,"IOTHUB_CLIENT_CONFIRMATION_OK"
13134,10327067821,10327067866,1,"IOTHUB_CLIENT_CONFIRMATION_OK"
13135,10327068021,10327068068,1,"IOTHUB_CLIENT_CONFIRMATION_OK"
13136,10327068221,10327068259,1,"IOTHUB_CLIENT_CONFIRMATION_OK"
13137,10327068421,10327068462,1,"IOTHUB_CLIENT_CONFIRMATION_OK"
13138,10327068621,10327068681,1,"IOTHUB_CLIENT_CONFIRMATION_OK"
13139,10327068821,10327068938,1,"IOTHUB_CLIENT_CONFIRMATION_OK"
13140,10327069022,10327069064,1,"IOTHUB_CLIENT_CONFIRMATION_OK"
13141,10327069222,10327069272,1,"IOTHUB_CLIENT_CONFIRMATION_OK"
13142,10327069422,10327069474,1,"IOTHUB_CLIENT_CONFIRMATION_OK"
13143,10327069622,10327069681,1,"IOTHUB_CLIENT_CONFIRMATION_OK"
13144,10327069822,10327069873,1,"IOTHUB_CLIENT_CONFIRMATION_OK"
13145,10327070022,10327070063,1,"IOTHUB_CLIENT_CONFIRMATION_OK"
13146,10327070223,10327070304,1,"IOTHUB_CLIENT_CONFIRMATION_OK"
13147,10327070423,10327070642,1,"IOTHUB_CLIENT_CONFIRMATION_OK"
13148,10327070623,10327070670,1,"IOTHUB_CLIENT_CONFIRMATION_OK"
13149,10327070823,10327070862,1,"IOTHUB_CLIENT_CONFIRMATION_OK"
13150,10327071023,10327071062,1,"IOTHUB_CLIENT_CONFIRMATION_OK"
13151,10327071223,10327071278,1,"IOTHUB_CLIENT_CONFIRMATION_OK"
13152,10327071424,10327071475,1,"IOTHUB_CLIENT_CONFIRMATION_OK"
13153,10327071624,10327071665,1,"IOTHUB_CLIENT_CONFIRMATION_OK"
13154,10327071824,10327071868,1,"IOTHUB_CLIENT_CONFIRMATION_OK"
13155,10327072024,10327072085,1,"IOTHUB_CLIENT_CONFIRMATION_OK"
13156,10327072224,10327072274,1,"IOTHUB_CLIENT_CONFIRMATION_OK"
13157,10327072424,10327072471,1,"IOTHUB_CLIENT_CONFIRMATION_OK"
13158,10327072624,10327072669,1,"IOTHUB_CLIENT_CONFIRMATION_OK"
13159,10327072825,10327072869,1,"IOTHUB_CLIENT_CONFIRMATION_OK"
13160,10327073025,10327073073,1,"IOTHUB_CLIENT_CONFIRMATION_OK"
13161,10327073225,10327073263,1,"IOTHUB_CLIENT_CONFIRMATION_OK"
13162,10327073425,10327073488,1,"IOTHUB_CLIENT_CONFIRMATION_OK"
13163,10327073626,10327073671,1,"IOTHUB_CLIENT_CONFIRMATION_OK"
13164,10327073826,10327073953,1,"IOTHUB_CLIENT_CONFIRMATION_OK"
13165,10327074026,10327074074,1,"IOTHUB_CLIENT_CONFIRMATION_OK"
13166,10327074226,10327074270,1,"IOTHUB_CLIENT_CONFIRMATION_OK"
13167,10327074426,10327074469,1,"IOTHUB_CLIENT_CONFIRMATION_OK"
13168,10327074627,10327074674,1,"IOTHUB_CLIENT_CONFIRMATION_OK"
13169,10327074827,10327074868,1,"IOTHUB_CLIENT_CONFIRMATION_OK"
13170,10327075027,10327075089,1,"IOTHUB_CLIENT_CONFIRMATION_OK"
13171,10327075227,10327075274,1,"IOTHUB_CLIENT_CONFIRMATION_OK"
13172,10327075427,10327075499,1,"IOTHUB_CLIENT_CONFIRMATION_OK"
13173,10327075627,10327075690,1,"IOTHUB_CLIENT_CONFIRMATION_OK"
13174,10327075828,10327075892,1,"IOTHUB_CLIENT_CONFIRMATION_OK"
13175,10327076028,10327076129,1,"IOTHUB_CLIENT_CONFIRMATION_OK"
13176,10327076228,10327076297,1,"IOTHUB_CLIENT_CONFIRMATION_OK"
13177,10327076428,10327076477,1,"IOTHUB_CLIENT_CONFIRMATION_OK"
13178,10327076628,10327076670,1,"IOTHUB_CLIENT_CONFIRMATION_OK"
13179,10327076829,10327076904,1,"IOTHUB_CLIENT_CONFIRMATION_OK"
13180,10327077029,10327077176,1,"IOTHUB_CLIENT_CONFIRMATION_OK"
13181,10327077229,10327077298,1,"IOTHUB_CLIENT_CONFIRMATION_OK"
13182,10327077429,10327077578,1,"IOTHUB_CLIENT_CONFIRMATION_OK"
13183,10327077629,10327077684,1,"IOTHUB_CLIENT_CONFIRMATION_OK"
13184,10327077829,10327077868,1,"IOTHUB_CLIENT_CONFIRMATION_OK"
13185,10327078030,10327078133,1,"IOTHUB_CLIENT_CONFIRMATION_OK"
13186,10327078230,10327078272,1,"IOTHUB_CLIENT_CONFIRMATION_OK"
13187,10327078430,10327078471,1,"IOTHUB_CLIENT_CONFIRMATION_OK"
13188,10327078630,10327078673,1,"IOTHUB_CLIENT_CONFIRMATION_OK"
13189,10327078830,10327078873,1,"IOTHUB_CLIENT_CONFIRMATION_OK"
13190,10327079030,10327079070,1,"IOTHUB_CLIENT_CONFIRMATION_OK"
13191,10327079231,10327079271,1,"IOTHUB_CLIENT_CONFIRMATION_OK"
13192,10327079431,10327079470,1,"IOTHUB_CLIENT_CONFIRMATION_OK"
13193,10327079631,10327079672,1,"IOTHUB_CLIENT_CONFIRMATION_OK"
13194,10327079831,10327079885,1,"IOTHUB_CLIENT_CONFIRMATION_OK"
13195,10327080031,10327080074,1,"IOTHUB_CLIENT_CONFIRMATION_OK"
13196,10327080232,10327080270,1,"IOTHUB_CLIENT_CONFIRMATION_OK"
13197,10327080432,10327080477,1,"IOTHUB_CLIENT_CONFIRMATION_OK"
13198,10327080632,10327080747,1,"IOTHUB_CLIENT_CONFIRMATION_OK"
13199,10327080832,10327081002,1,"IOTHUB_CLIENT_CONFIRMATION_OK"
13200,10327081032,10327081121,1,"IOTHUB_CLIENT_CONFIRMATION_OK"
13201,10327081232,10327081270,1,"IOTHUB_CLIENT_CONFIRMATION_OK"
13202,10327081432,10327081863,1,"IOTHUB_CLIENT_CONFIRMATION_OK"
13203,10327081633,10327081932,1,"IOTHUB_CLIENT_CONFIRMATION_OK"
13204,10327081833,10327081961,1,"IOTHUB_CLIENT_CONFIRMATION_OK"
13205,10327082033,10327082089,1,"IOTHUB_CLIENT_CONFIRMATION_OK"
13206,10327082233,10327082273,1,"IOTHUB_CLIENT_CONFIRMATION_OK"
13207,10327082433,10327082488,1,"IOTHUB_CLIENT_CONFIRMATION_OK"
13208,10327082633,10327082844,1,"IOTHUB_CLIENT_CONFIRMATION_OK"
13209,10327082833,10327082879,1,"IOTHUB_CLIENT_CONFIRMATION_OK"
13210,10327083034,10327083073,1,"IOTHUB_CLIENT_CONFIRMATION_OK"
13211,10327083234,10327083303,1,"IOTHUB_CLIENT_CONFIRMATION_OK"
13212,10327083434,10327083473,1,"IOTHUB_CLIENT_CONFIRMATION_OK"
13213,10327083634,10327083672,1,"IOTHUB_CLIENT_CONFIRMATION_OK"
13214,10327083834,10327083895,1,"IOTHUB_CLIENT_CONFIRMATION_OK"
13215,10327084034,10327084075,1,"IOTHUB_CLIENT_CONFIRMATION_OK"
13216,10327084235,10327084280,1,"IOTHUB_CLIENT_CONFIRMATION_OK"
13217,10327084435,10327084509,1,"IOTHUB_CLIENT_CONFIRMATION_OK"
13218,10327084635,10327084673,1,"IOTHUB_CLIENT_CONFIRMATION_OK"
13219,10327084835,10327084941,1,"IOTHUB_CLIENT_CONFIRMATION_OK"
13220,10327085035,10327085098,1,"IOTHUB_CLIENT_CONFIRMATION_OK"
13221,10327085235,10327085282,1,"IOTHUB_CLIENT_CONFIRMATION_OK"
13222,10327085435,10327085521,1,"IOTHUB_CLIENT_CONFIRMATION_OK"
13223,10327085636,10327085679,1,"IOTHUB_CLIENT_CONFIRMATION_OK"
13224,10327085836,10327085874,1,"IOTHUB_CLIENT_CONFIRMATION_OK"
13225,10327086036,10327086131,1,"IOTHUB_CLIENT_CONFIRMATION_OK"
13226,10327086236,10327086273,1,"IOTHUB_CLIENT_CONFIRMATION_OK"
13227,10327086437,10327086476,1,"IOTHUB_CLIENT_CONFIRMATION_OK"
13228,10327086637,10327086743,1,"IOTHUB_CLIENT_CONFIRMATION_OK"
13229,10327086837,10327086908,1,"IOTHUB_CLIENT_CONFIRMATION_OK"
13230,10327087037,10327087081,1,"IOTHUB_CLIENT_CONFIRMATION_OK"
13231,10327087237,10327087354,1,"IOTHUB_CLIENT_CONFIRMATION_OK"
13232,10327087437,10327087504,1,"IOTHUB_CLIENT_CONFIRMATION_OK"
13233,10327087638,10327087681,1,"IOTHUB_CLIENT_CONFIRMATION_OK"
13234,10327087838,10327087961,1,"IOTHUB_CLIENT_CONFIRMATION_OK"
13235,10327088038,10327088082,1,"IOTHUB_CLIENT_CONFIRMATION_OK"
13236,10327088238,10327088289,1,"IOTHUB_CLIENT_CONFIRMATION_OK"
13237,10327088438,10327088481,1,"IOTHUB_CLIENT_CONFIRMATION_OK"
13238,10327088638,10327088680,1,"IOTHUB_CLIENT_CONFIRMATION_OK"
13239,10327088839,10327088881,1,"IOTHUB_CLIENT_CONFIRMATION_OK"
13240,10327089039,10327089108,1,"IOTHUB_CLIENT_CONFIRMATION_OK"
13241,10327089239,10327089289,1,"IOTHUB_CLIENT_CONFIRMATION_OK"
13242,10327089439,10327089481,1,"IOTHUB_CLIENT_CONFIRMATION_OK"
13243,10327089639,10327089680,1,"IOTHUB_CLIENT_CONFIRMATION_OK"
13244,10327089840,10327089916,1,"IOTHUB_CLIENT_CONFIRMATION_OK"
13245,10327090040,10327090091,1,"IOTHUB_CLIENT_CONFIRMATION_OK"
13246,10327090240,10327090276,1,"IOTHUB_CLIENT_CONFIRMATION_OK"
13247,10327090440,10327090483,1,"IOTHUB_CLIENT_CONFIRMATION_OK"
13248,10327090640,10327090903,1,"IOTHUB_CLIENT_CONFIRMATION_OK"
13249,10327090840,10327090933,1,"IOTHUB_CLIENT_CONFIRMATION_OK"
13250,10327091040,10327091084,1,"IOTHUB_CLIENT_CONFIRMATION_OK"
13251,10327091241,10327091552,1,"IOTHUB_CLIENT_CONFIRMATION_OK"
13252,10327091441,10327091582,1,"IOTHUB_CLIENT_CONFIRMATION_OK"
13253,10327091641,10327091688,1,"IOTHUB_CLIENT_CONFIRMATION_OK"
13254,10327091841,10327092054,1,"IOTHUB_CLIENT_CONFIRMATION_OK"
13255,10327092041,10327092122,1,"IOTHUB_CLIENT_CONFIRMATION_OK"
13256,10327092241,10327092280,1,"IOTHUB_CLIENT_CONFIRMATION_OK"
13257,10327092441,10327092539,1,"IOTHUB_CLIENT_CONFIRMATION_OK"
13258,10327092642,10327092692,1,"IOTHUB_CLIENT_CONFIRMATION_OK"
13259,10327092842,10327092881,1,"IOTHUB_CLIENT_CONFIRMATION_OK"
13260,10327093042,10327093152,1,"IOTHUB_CLIENT_CONFIRMATION_OK"
13261,10327093242,10327093304,1,"IOTHUB_CLIENT_CONFIRMATION_OK"
13262,10327093442,10327093496,1,"IOTHUB_CLIENT_CONFIRMATION_OK"
13263,10327093642,10327093682,1,"IOTHUB_CLIENT_CONFIRMATION_OK"
13264,10327093843,10327093883,1,"IOTHUB_CLIENT_CONFIRMATION_OK"
13265,10327094043,10327094083,1,"IOTHUB_CLIENT_CONFIRMATION_OK"
13266,10327094243,10327094374,1,"IOTHUB_CLIENT_CONFIRMATION_OK"
13267,10327094443,10327094495,1,"IOTHUB_CLIENT_CONFIRMATION_OK"
13268,10327094643,10327094682,1,"IOTHUB_CLIENT_CONFIRMATION_OK"
13269,10327094843,10327095021,1,"IOTHUB_CLIENT_CONFIRMATION_OK"
13270,10327095044,10327095106,1,"IOTHUB_CLIENT_CONFIRMATION_OK"
13271,10327095244,10327095393,1,"IOTHUB_CLIENT_CONFIRMATION_OK"
13272,10327095444,10327095488,1,"IOTHUB_CLIENT_CONFIRMATION_OK"
13273,10327095644,10327095724,1,"IOTHUB_CLIENT_CONFIRMATION_OK"
13274,10327095844,10327096070,1,"IOTHUB_CLIENT_CONFIRMATION_OK"
13275,10327096044,10327096128,1,"IOTHUB_CLIENT_CONFIRMATION_OK"
13276,10327096245,10327096288,1,"IOTHUB_CLIENT_CONFIRMATION_OK"
13277,10327096445,10327096606,1,"IOTHUB_CLIENT_CONFIRMATION_OK"
13278,10327096645,10327096689,1,"IOTHUB_CLIENT_CONFIRMATION_OK"
13279,10327096845,10327096895,1,"IOTHUB_CLIENT_CONFIRMATION_OK"
13280,10327097045,10327097089,1,"IOTHUB_CLIENT_CONFIRMATION_OK"
13281,10327097245,10327097286,1,"IOTHUB_CLIENT_CONFIRMATION_OK"
13282,10327097446,10327097487,1,"IOTHUB_CLIENT_CONFIRMATION_OK"
13283,10327097646,10327097687,1,"IOTHUB_CLIENT_CONFIRMATION_OK"
13284,10327097846,10327097892,1,"IOTHUB_CLIENT_CONFIRMATION_OK"
13285,10327098046,10327098090,1,"IOTHUB_CLIENT_CONFIRMATION_OK"
13286,10327098246,10327098283,1,"IOTHUB_CLIENT_CONFIRMATION_OK"
13287,10327098447,10327098488,1,"IOTHUB_CLIENT_CONFIRMATION_OK"
13288,10327098647,10327098698,1,"IOTHUB_CLIENT_CONFIRMATION_OK"
13289,10327098847,10327098931,1,"IOTHUB_CLIENT_CONFIRMATION_OK"
13290,10327099047,10327099091,1,"IOTHUB_CLIENT_CONFIRMATION_OK"
13291,10327099247,10327099299,1,"IOTHUB_CLIENT_CONFIRMATION_OK"
13292,10327099447,10327099496,1,"IOTHUB_CLIENT_CONFIRMATION_OK"
13293,10327099648,10327099684,1,"IOTHUB_CLIENT_CONFIRMATION_OK"
13294,10327099848,10327099897,1,"IOTHUB_CLIENT_CONFIRMATION_OK"
13295,10327100048,10327100103,1,"IOTHUB_CLIENT_CONFIRMATION_OK"
13296,10327100248,10327100322,1,"IOTHUB_CLIENT_CONFIRMATION_OK"
13297,10327100448,10327100680,1,"IOTHUB_CLIENT_CONFIRMATION_OK"
13298,10327100648,10327100702,1,"IOTHUB_CLIENT_CONFIRMATION_OK"
13299,10327100848,10327100886,1,"IOTHUB_CLIENT_CONFIRMATION_OK"
13300,10327101049,10327101093,1,"IOTHUB_CLIENT_CONFIRMATION_OK"
13301,10327101249,10327101290,1,"IOTHUB_CLIENT_CONFIRMATION_OK"
13302,10327101449,10327101493,1,"IOTHUB_CLIENT_CONFIRMATION_OK"
13303,10327101649,10327101713,1,"IOTHUB_CLIENT_CONFIRMATION_OK"
13304,10327101849,10327101896,1,"IOTHUB_CLIENT_CONFIRMATION_OK"
13305,10327102049,10327102101,1,"IOTHUB_CLIENT_CONFIRMATION_OK"
13306,10327102250,10327102308,1,"IOTHUB_CLIENT_CONFIRMATION_OK"
13307,10327102450,10327102491,1,"IOTHUB_CLIENT_CONFIRMATION_OK"
13308,10327102650,10327102692,1,"IOTHUB_CLIENT_CONFIRMATION_OK"
13309,10327102850,10327102921,1,"IOTHUB_CLIENT_CONFIRMATION_OK"
13310,10327103050,10327103126,1,"IOTHUB_CLIENT_CONFIRMATION_OK"
13311,10327103250,10327103287,1,"IOTHUB_CLIENT_CONFIRMATION_OK"
13312,10327103450,10327103572,1,"IOTHUB_CLIENT_CONFIRMATION_OK"
13313,10327103651,10327103691,1,"IOTHUB_CLIENT_CONFIRMATION_OK"
13314,10327103851,10327103894,1,"IOTHUB_CLIENT_CONFIRMATION_OK"
13315,10327104051,10327104108,1,"IOTHUB_CLIENT_CONFIRMATION_OK"
13316,10327104251,10327104291,1,"IOTHUB_CLIENT_CONFIRMATION_OK"
13317,10327104451,10327104516,1,"IOTHUB_CLIENT_CONFIRMATION_OK"
13318,10327104651,10327104689,1,"IOTHUB_CLIENT_CONFIRMATION_OK"
13319,10327104852,10327104890,1,"IOTHUB_CLIENT_CONFIRMATION_OK"
13320,10327105052,10327105089,1,"IOTHUB_CLIENT_CONFIRMATION_OK"
13321,10327105252,10327105301,1,"IOTHUB_CLIENT_CONFIRMATION_OK"
13322,10327105452,10327105491,1,"IOTHUB_CLIENT_CONFIRMATION_OK"
13323,10327105652,10327105828,1,"IOTHUB_CLIENT_CONFIRMATION_OK"
13324,10327105852,10327105896,1,"IOTHUB_CLIENT_CONFIRMATION_OK"
13325,10327106052,10327106103,1,"IOTHUB_CLIENT_CONFIRMATION_OK"
13326,10327106253,10327106320,1,"IOTHUB_CLIENT_CONFIRMATION_OK"
13327,10327106453,10327106492,1,"IOTHUB_CLIENT_CONFIRMATION_OK"
13328,10327106653,10327106694,1,"IOTHUB_CLIENT_CONFIRMATION_OK"
13329,10327106853,10327107049,1,"IOTHUB_CLIENT_CONFIRMATION_OK"
13330,10327107053,10327107111,1,"IOTHUB_CLIENT_CONFIRMATION_OK"
13331,10327107254,10327107297,1,"IOTHUB_CLIENT_CONFIRMATION_OK"
13332,10327107454,10327107528,1,"IOTHUB_CLIENT_CONFIRMATION_OK"
13333,10327107654,10327107693,1,"IOTHUB_CLIENT_CONFIRMATION_OK"
13334,10327107854,10327107903,1,"IOTHUB_CLIENT_CONFIRMATION_OK"
13335,10327108054,10327108136,1,"IOTHUB_CLIENT_CONFIRMATION_OK"
13336,10327108254,10327108323,1,"IOTHUB_CLIENT_CONFIRMATION_OK"
13337,10327108454,10327108494,1,"IOTHUB_CLIENT_CONFIRMATION_OK"
13338,10327108655,10327108698,1,"IOTHUB_CLIENT_CONFIRMATION_OK"
13339,10327108855,10327108989,1,"IOTHUB_CLIENT_CONFIRMATION_OK"
13340,10327109055,10327109089,1,"IOTHUB_CLIENT_CONFIRMATION_OK"
13341,10327109255,10327109304,1,"IOTHUB_CLIENT_CONFIRMATION_OK"
13342,10327109455,10327109505,1,"IOTHUB_CLIENT_CONFIRMATION_OK"
13343,10327109655,10327109694,1,"IOTHUB_CLIENT_CONFIRMATION_OK"
13344,10327109855,10327109927,1,"IOTHUB_CLIENT_CONFIRMATION_OK"
13345,10327110056,10327110102,1,"IOTHUB_CLIENT_CONFIRMATION_OK"
13346,10327110256,10327110412,1,"IOTHUB_CLIENT_CONFIRMATION_OK"
13347,10327110456,10327110511,1,"IOTHUB_CLIENT_CONFIRMATION_OK"
13348,10327110656,10327110707,1,"IOTHUB_CLIENT_CONFIRMATION_OK"
13349,10327110856,10327111013,1,"IOTHUB_CLIENT_CONFIRMATION_OK"
13350,10327111056,10327111101,1,"IOTHUB_CLIENT_CONFIRMATION_OK"
13351,10327111257,10327111301,1,"IOTHUB_CLIENT_CONFIRMATION_OK"
13352,10327111457,10327111499,1,"IOTHUB_CLIENT_CONFIRMATION_OK"
13353,10327111657,10327111698,1,"IOTHUB_CLIENT_CONFIRMATION_OK"
13354,10327111857,10327111921,1,"IOTHUB_CLIENT_CONFIRMATION_OK"
13355,10327112057,10327112099,1,"IOTHUB_CLIENT_CONFIRMATION_OK"
13356,10327112257,10327112307,1,"IOTHUB_CLIENT_CONFIRMATION_OK"
13357,10327112457,10327112521,1,"IOTHUB_CLIENT_CONFIRMATION_OK"
13358,10327112658,10327112703,1,"IOTHUB_CLIENT_CONFIRMATION_OK"
13359,10327112858,10327112913,1,"IOTHUB_CLIENT_CONFIRMATION_OK"
13360,10327113058,10327113098,1,"IOTHUB_CLIENT_CONFIRMATION_OK"
13361,10327113258,10327113296,1,"IOTHUB_CLIENT_CONFIRMATION_OK"
13362,10327113458,10327113508,1,"IOTHUB_CLIENT_CONFIRMATION_OK"
13363,10327113658,10327113697,1,"IOTHUB_CLIENT_CONFIRMATION_OK"
13364,10327113858,10327113919,1,"IOTHUB_CLIENT_CONFIRMATION_OK"
13365,10327114059,10327114133,1,"IOTHUB_CLIENT_CONFIRMATION_OK"
13366,10327114259,10327114327,1,"IOTHUB_CLIENT_CONFIRMATION_OK"
13367,10327114459,10327114528,1,"IOTHUB_CLIENT_CONFIRMATION_OK"
13368,10327114659,10327114695,1,"IOTHUB_CLIENT_CONFIRMATION_OK"
13369,10327114860,10327114899,1,"IOTHUB_CLIENT_CONFIRMATION_OK"
13370,10327115060,10327115101,1,"IOTHUB_CLIENT_CONFIRMATION_OK"
13371,10327115260,10327115308,1,"IOTHUB_CLIENT_CONFIRMATION_OK"
13372,10327115460,10327115618,1,"IOTHUB_CLIENT_CONFIRMATION_OK"
13373,10327115660,10327115709,1,"IOTHUB_CLIENT_CONFIRMATION_OK"
13374,10327115860,10327116015,1,"IOTHUB_CLIENT_CONFIRMATION_OK"
13375,10327116061,10327116228,1,"IOTHUB_CLIENT_CONFIRMATION_OK"
13376,10327116261,10327116302,1,"IOTHUB_CLIENT_CONFIRMATION_OK"
13377,10327116461,10327116623,1,"IOTHUB_CLIENT_CONFIRMATION_OK"
13378,10327116661,10327116760,1,"IOTHUB_CLIENT_CONFIRMATION_OK"
13379,10327116862,10327116907,1,"IOTHUB_CLIENT_CONFIRMATION_OK"
13380,10327117062,10327117108,1,"IOTHUB_CLIENT_CONFIRMATION_OK"
13381,10327117262,10327117305,1,"IOTHUB_CLIENT_CONFIRMATION_OK"
13382,10327117462,10327117500,1,"IOTHUB_CLIENT_CONFIRMATION_OK"
13383,10327117662,10327117703,1,"IOTHUB_CLIENT_CONFIRMATION_OK"
13384,10327117863,10327117909,1,"IOTHUB_CLIENT_CONFIRMATION_OK"
13385,10327118063,10327118106,1,"IOTHUB_CLIENT_CONFIRMATION_OK"
13386,10327118263,10327118305,1,"IOTHUB_CLIENT_CONFIRMATION_OK"
13387,10327118463,10327118504,1,"IOTHUB_CLIENT_CONFIRMATION_OK"
13388,10327118663,10327118704,1,"IOTHUB_CLIENT_CONFIRMATION_OK"
13389,10327118863,10327118955,1,"IOTHUB_CLIENT_CONFIRMATION_OK"
13390,10327119063,10327119124,1,"IOTHUB_CLIENT_CONFIRMATION_OK"
13391,10327119264,10327119307,1,"IOTHUB_CLIENT_CONFIRMATION_OK"
13392,10327119464,10327119509,1,"IOTHUB_CLIENT_CONFIRMATION_OK"
13393,10327119664,10327119738,1,"IOTHUB_CLIENT_CONFIRMATION_OK"
13394,10327119864,10327119909,1,"IOTHUB_CLIENT_CONFIRMATION_OK"
13395,10327120064,10327120105,1,"IOTHUB_CLIENT_CONFIRMATION_OK"
13396,10327120264,10327120306,1,"IOTHUB_CLIENT_CONFIRMATION_OK"
13397,10327120465,10327120506,1,"IOTHUB_CLIENT_CONFIRMATION_OK"
13398,10327120665,10327120755,1,"IOTHUB_CLIENT_CONFIRMATION_OK"
13399,10327120865,10327120936,1,"IOTHUB_CLIENT_CONFIRMATION_OK"
13400,10327121065,10327121196,1,"IOTHUB_CLIENT_CONFIRMATION_OK"
13401,10327121265,10327121376,1,"IOTHUB_CLIENT_CONFIRMATION_OK"
13402,10327121465,10327121509,1,"IOTHUB_CLIENT_CONFIRMATION_OK"
13403,10327121665,10327121741,1,"IOTHUB_CLIENT_CONFIRMATION_OK"
13404,10327121866,10327121958,1,"IOTHUB_CLIENT_CONFIRMATION_OK"
13405,10327122066,10327122135,1,"IOTHUB_CLIENT_CONFIRMATION_OK"
13406,10327122266,10327122326,1,"IOTHUB_CLIENT_CONFIRMATION_OK"
13407,10327122466,10327122587,1,"IOTHUB_CLIENT_CONFIRMATION_OK"
13408,10327122666,10327122707,1,"IOTHUB_CLIENT_CONFIRMATION_OK"
13409,10327122867,10327122910,1,"IOTHUB_CLIENT_CONFIRMATION_OK"
13410,10327123067,10327123187,1,"IOTHUB_CLIENT_CONFIRMATION_OK"
13411,10327123267,10327123312,1,"IOTHUB_CLIENT_CONFIRMATION_OK"
13412,10327123467,10327123536,1,"IOTHUB_CLIENT_CONFIRMATION_OK"
13413,10327123667,10327123709,1,"IOTHUB_CLIENT_CONFIRMATION_OK"
13414,10327123867,10327123908,1,"IOTHUB_CLIENT_CONFIRMATION_OK"
13415,10327124067,10327124111,1,"IOTHUB_CLIENT_CONFIRMATION_OK"
13416,10327124268,10327124312,1,"IOTHUB_CLIENT_CONFIRMATION_OK"
13417,10327124468,10327124511,1,"IOTHUB_CLIENT_CONFIRMATION_OK"
13418,10327124668,10327124710,1,"IOTHUB_CLIENT_CONFIRMATION_OK"
13419,10327124868,10327124957,1,"IOTHUB_CLIENT_CONFIRMATION_OK"
13420,10327125068,10327125125,1,"IOTHUB_CLIENT_CONFIRMATION_OK"
13421,10327125268,10327125419,1,"IOTHUB_CLIENT_CONFIRMATION_OK"
13422,10327125469,10327125766,1,"IOTHUB_CLIENT_CONFIRMATION_OK"
13423,10327125669,10327125796,1,"IOTHUB_CLIENT_CONFIRMATION_OK"
13424,10327125869,10327126053,1,"IOTHUB_CLIENT_CONFIRMATION_OK"
13425,10327126069,10327126118,1,"IOTHUB_CLIENT_CONFIRMATION_OK"
13426,10327126269,10327126318,1,"IOTHUB_CLIENT_CONFIRMATION_OK"
13427,10327126469,10327126648,1,"IOTHUB_CLIENT_CONFIRMATION_OK"
13428,10327126670,10327126721,1,"IOTHUB_CLIENT_CONFIRMATION_OK"
13429,10327126870,10327126913,1,"IOTHUB_CLIENT_CONFIRMATION_OK"
13430,10327127070,10327127111,1,"IOTHUB_CLIENT_CONFIRMATION_OK"
13431,10327127270,10327127342,1,"IOTHUB_CLIENT_CONFIRMATION_OK"
13432,10327127470,10327127524,1,"IOTHUB_CLIENT_CONFIRMATION_OK"
13433,10327127670,10327127721,1,"IOTHUB_CLIENT_CONFIRMATION_OK"
13434,10327127871,10327127912,1,"IOTHUB_CLIENT_CONFIRMATION_OK"
13435,10327128071,10327128120,1,"IOTHUB_CLIENT_CONFIRMATION_OK"
13436,10327128271,10327128315,1,"IOTHUB_CLIENT_CONFIRMATION_OK"
13437,10327128471,10327128517,1,"IOTHUB_CLIENT_CONFIRMATION_OK"
13438,10327128671,10327128712,1,"IOTHUB_CLIENT_CONFIRMATION_OK"
13439,10327128871,10327128916,1,"IOTHUB_CLIENT_CONFIRMATION_OK"
13440,10327129072,10327129153,1,"IOTHUB_CLIENT_CONFIRMATION_OK"
13441,10327129272,10327129313,1,"IOTHUB_CLIENT_CONFIRMATION_OK"
13442,10327129472,10327129518,1,"IOTHUB_CLIENT_CONFIRMATION_OK"
13443,10327129672,10327129725,1,"IOTHUB_CLIENT_CONFIRMATION_OK"
13444,10327129872,10327129916,1,"IOTHUB_CLIENT_CONFIRMATION_OK"
13445,10327130073,10327130109,1,"IOTHUB_CLIENT_CONFIRMATION_OK"
13446,10327130273,10327130359,1,"IOTHUB_CLIENT_CONFIRMATION_OK"
13447,10327130473,10327130562,1,"IOTHUB_CLIENT_CONFIRMATION_OK"
13448,10327130673,10327130718,1,"IOTHUB_CLIENT_CONFIRMATION_OK"
13449,10327130873,10327130926,1,"IOTHUB_CLIENT_CONFIRMATION_OK"
13450,10327131073,10327131172,1,"IOTHUB_CLIENT_CONFIRMATION_OK"
13451,10327131273,10327131321,1,"IOTHUB_CLIENT_CONFIRMATION_OK"
13452,10327131474,10327131514,1,"IOTHUB_CLIENT_CONFIRMATION_OK"
13453,10327131674,10327131809,1,"IOTHUB_CLIENT_CONFIRMATION_OK"
13454,10327131874,10327131914,1,"IOTHUB_CLIENT_CONFIRMATION_OK"
13455,10327132074,10327132179,1,"IOTHUB_CLIENT_CONFIRMATION_OK"
13456,10327132274,10327132404,1,"IOTHUB_CLIENT_CONFIRMATION_OK"
13457,10327132475,10327132526,1,"IOTHUB_CLIENT_CONFIRMATION_OK"
13458,10327132675,10327132729,1,"IOTHUB_CLIENT_CONFIRMATION_OK"
13459,10327132875,10327133108,1,"IOTHUB_CLIENT_CONFIRMATION_OK"
13460,10327133075,10327133135,1,"IOTHUB_CLIENT_CONFIRMATION_OK"
13461,10327133275,10327133329,1,"IOTHUB_CLIENT_CONFIRMATION_OK"
13462,10327133475,10327133514,1,"IOTHUB_CLIENT_CONFIRMATION_OK"
13463,10327133675,10327133714,1,"IOTHUB_CLIENT_CONFIRMATION_OK"
13464,10327133876,10327134023,1,"IOTHUB_CLIENT_CONFIRMATION_OK"
13465,10327134076,10327134127,1,"IOTHUB_CLIENT_CONFIRMATION_OK"
13466,10327134276,10327134321,1,"IOTHUB_CLIENT_CONFIRMATION_OK"
13467,10327134476,10327134531,1,"IOTHUB_CLIENT_CONFIRMATION_OK"
13468,10327134676,10327134718,1,"IOTHUB_CLIENT_CONFIRMATION_OK"
13469,10327134876,10327134932,1,"IOTHUB_CLIENT_CONFIRMATION_OK"
13470,10327135077,10327135166,1,"IOTHUB_CLIENT_CONFIRMATION_OK"
13471,10327135277,10327135325,1,"IOTHUB_CLIENT_CONFIRMATION_OK"
13472,10327135477,10327135525,1,"IOTHUB_CLIENT_CONFIRMATION_OK"
13473,10327135677,10327135851,1,"IOTHUB_CLIENT_CONFIRMATION_OK"
13474,10327135877,10327135923,1,"IOTHUB_CLIENT_CONFIRMATION_OK"
13475,10327136077,10327136125,1,"IOTHUB_CLIENT_CONFIRMATION_OK"
13476,10327136278,10327136335,1,"IOTHUB_CLIENT_CONFIRMATION_OK"
13477,10327136478,10327136528,1,"IOTHUB_CLIENT_CONFIRMATION_OK"
13478,10327136678,10327136722,1,"IOTHUB_CLIENT_CONFIRMATION_OK"
13479,10327136878,10327136925,1,"IOTHUB_CLIENT_CONFIRMATION_OK"
13480,10327137078,10327137124,1,"IOTHUB_CLIENT_CONFIRMATION_OK"
13481,10327137279,10327137324,1,"IOTHUB_CLIENT_CONFIRMATION_OK"
13482,10327137479,10327137533,1,"IOTHUB_CLIENT_CONFIRMATION_OK"
13483,10327137679,10327137729,1,"IOTHUB_CLIENT_CONFIRMATION_OK"
13484,10327137879,10327137921,1,"IOTHUB_CLIENT_CONFIRMATION_OK"
13485,10327138079,10327138122,1,"IOTHUB_CLIENT_CONFIRMATION_OK"
13486,10327138279,10327138336,1,"IOTHUB_CLIENT_CONFIRMATION_OK"
13487,10327138480,10327138545,1,"IOTHUB_CLIENT_CONFIRMATION_OK"
13488,10327138680,10327138723,1,"IOTHUB_CLIENT_CONFIRMATION_OK"
13489,10327138880,10327138932,1,"IOTHUB_CLIENT_CONFIRMATION_OK"
13490,10327139080,10327139157,1,"IOTHUB_CLIENT_CONFIRMATION_OK"
13491,10327139280,10327139335,1,"IOTHUB_CLIENT_CONFIRMATION_OK"
13492,10327139480,10327139522,1,"IOTHUB_CLIENT_CONFIRMATION_OK"
13493,10327139680,10327139722,1,"IOTHUB_CLIENT_CONFIRMATION_OK"
13494,10327139881,10327140116,1,"IOTHUB_CLIENT_CONFIRMATION_OK"
13495,10327140081,10327140146,1,"IOTHUB_CLIENT_CONFIRMATION_OK"
13496,10327140281,10327140334,1,"IOTHUB_CLIENT_CONFIRMATION_OK"
13497,10327140481,10327140529,1,"IOTHUB_CLIENT_CONFIRMATION_OK"
13498,10327140681,10327140725,1,"IOTHUB_CLIENT_CONFIRMATION_OK"
13499,10327140881,10327140960,1,"IOTHUB_CLIENT_CONFIRMATION_OK"
13500,10327141082,10327141180,1,"IOTHUB_CLIENT_CONFIRMATION_OK"
13501,10327141282,10327141329,1,"IOTHUB_CLIENT_CONFIRMATION_OK"
13502,10327141482,10327141568,1,"IOTHUB_CLIENT_CONFIRMATION_OK"
13503,10327141682,10327141733,1,"IOTHUB_CLIENT_CONFIRMATION_OK"
13504,10327141882,10327141924,1,"IOTHUB_CLIENT_CONFIRMATION_OK"
13505,10327142082,10327142171,1,"IOTHUB_CLIENT_CONFIRMATION_OK"
13506,10327142283,10327142324,1,"IOTHUB_CLIENT_CONFIRMATION_OK"
13507,10327142483,10327142529,1,"IOTHUB_CLIENT_CONFIRMATION_OK"
13508,10327142683,10327142798,1,"IOTHUB_CLIENT_CONFIRMATION_OK"
13509,10327142883,10327143171,1,"IOTHUB_CLIENT_CONFIRMATION_OK"
13510,10327143083,10327143254,1,"IOTHUB_CLIENT_CONFIRMATION_OK"
13511,10327143284,10327143383,1,"IOTHUB_CLIENT_CONFIRMATION_OK"
13512,10327143484,10327143537,1,"IOTHUB_CLIENT_CONFIRMATION_OK"
13513,10327143684,10327143741,1,"IOTHUB_CLIENT_CONFIRMATION_OK"
13514,10327143884,10327143930,1,"IOTHUB_CLIENT_CONFIRMATION_OK"
13515,10327144084,10327144124,1,"IOTHUB_CLIENT_CONFIRMATION_OK"
13516,10327144284,10327144352,1,"IOTHUB_CLIENT_CONFIRMATION_OK"
13517,10327144484,10327144598,1,"IOTHUB_CLIENT_CONFIRMATION_OK"
13518,10327144685,10327144816,1,"IOTHUB_CLIENT_CONFIRMATION_OK"
13519,10327144885,10327144932,1,"IOTHUB_CLIENT_CONFIRMATION_OK"
13520,10327145085,10327145137,1,"IOTHUB_CLIENT_CONFIRMATION_OK"
13521,10327145285,10327145342,1,"IOTHUB_CLIENT_CONFIRMATION_OK"
13522,10327145485,10327145641,1,"IOTHUB_CLIENT_CONFIRMATION_OK"
13523,10327145685,10327145731,1,"IOTHUB_CLIENT_CONFIRMATION_OK"
13524,10327145885,10327145995,1,"IOTHUB_CLIENT_CONFIRMATION_OK"
13525,10327146086,10327146234,1,"IOTHUB_CLIENT_CONFIRMATION_OK"
13526,10327146286,10327146330,1,"IOTHUB_CLIENT_CONFIRMATION_OK"
13527,10327146486,10327146527,1,"IOTHUB_CLIENT_CONFIRMATION_OK"
13528,10327146686,10327146868,1,"IOTHUB_CLIENT_CONFIRMATION_OK"
13529,10327146886,10327147009,1,"IOTHUB_CLIENT_CONFIRMATION_OK"
13530,10327147086,10327147139,1,"IOTHUB_CLIENT_CONFIRMATION_OK"
13531,10327147286,10327147350,1,"IOTHUB_CLIENT_CONFIRMATION_OK"
13532,10327147487,10327147534,1,"IOTHUB_CLIENT_CONFIRMATION_OK"
13533,10327147687,10327147750,1,"IOTHUB_CLIENT_CONFIRMATION_OK"
13534,10327147887,10327147947,1,"IOTHUB_CLIENT_CONFIRMATION_OK"
13535,10327148087,10327148134,1,"IOTHUB_CLIENT_CONFIRMATION_OK"
13536,10327148287,10327148335,1,"IOTHUB_CLIENT_CONFIRMATION_OK"
13537,10327148488,10327148575,1,"IOTHUB_CLIENT_CONFIRMATION_OK"
13538,10327148688,10327148725,1,"IOTHUB_CLIENT_CONFIRMATION_OK"
13539,10327148888,10327149201,1,"IOTHUB_CLIENT_CONFIRMATION_OK"
13540,10327149088,10327149312,1,"IOTHUB_CLIENT_CONFIRMATION_OK"
13541,10327149288,10327149335,1,"IOTHUB_CLIENT_CONFIRMATION_OK"
13542,10327149489,10327149695,1,"IOTHUB_CLIENT_CONFIRMATION_OK"
13543,10327149689,10327149734,1,"IOTHUB_CLIENT_CONFIRMATION_OK"
13544,10327149889,10327149940,1,"IOTHUB_CLIENT_CONFIRMATION_OK"
13545,10327150089,10327150137,1,"IOTHUB_CLIENT_CONFIRMATION_OK"
13546,10327150289,10327150333,1,"IOTHUB_CLIENT_CONFIRMATION_OK"
13547,10327150489,10327150540,1,"IOTHUB_CLIENT_CONFIRMATION_OK"
13548,10327150689,10327150849,1,"IOTHUB_CLIENT_CONFIRMATION_OK"
13549,10327150890,10327151002,1,"IOTHUB_CLIENT_CONFIRMATION_OK"
13550,10327151090,10327151138,1,"IOTHUB_CLIENT_CONFIRMATION_OK"
13551,10327151290,10327151453,1,"IOTHUB_CLIENT_CONFIRMATION_OK"
13552,10327151490,10327151535,1,"IOTHUB_CLIENT_CONFIRMATION_OK"
13553,10327151690,10327151730,1,"IOTHUB_CLIENT_CONFIRMATION_OK"
13554,10327151891,10327151934,1,"IOTHUB_CLIENT_CONFIRMATION_OK"
13555,10327152091,10327152134,1,"IOTHUB_CLIENT_CONFIRMATION_OK"
13556,10327152291,10327152331,1,"IOTHUB_CLIENT_CONFIRMATION_OK"
13557,10327152491,10327152535,1,"IOTHUB_CLIENT_CONFIRMATION_OK"
13558,10327152691,10327152732,1,"IOTHUB_CLIENT_CONFIRMATION_OK"
13559,10327152891,10327152929,1,"IOTHUB_CLIENT_CONFIRMATION_OK"
13560,10327153092,10327153136,1,"IOTHUB_CLIENT_CONFIRMATION_OK"
13561,10327153292,10327153336,1,"IOTHUB_CLIENT_CONFIRMATION_OK"
13562,10327153492,10327153534,1,"IOTHUB_CLIENT_CONFIRMATION_OK"
13563,10327153692,10327153898,1,"IOTHUB_CLIENT_CONFIRMATION_OK"
13564,10327153892,10327153935,1,"IOTHUB_CLIENT_CONFIRMATION_OK"
13565,10327154092,10327154168,1,"IOTHUB_CLIENT_CONFIRMATION_OK"
13566,10327154293,10327154332,1,"IOTHUB_CLIENT_CONFIRMATION_OK"
13567,10327154493,10327154532,1,"IOTHUB_CLIENT_CONFIRMATION_OK"
13568,10327154693,10327154737,1,"IOTHUB_CLIENT_CONFIRMATION_OK"
13569,10327154893,10327155042,1,"IOTHUB_CLIENT_CONFIRMATION_OK"
13570,10327155093,10327155139,1,"IOTHUB_CLIENT_CONFIRMATION_OK"
13571,10327155293,10327155339,1,"IOTHUB_CLIENT_CONFIRMATION_OK"
13572,10327155494,10327155546,1,"IOTHUB_CLIENT_CONFIRMATION_OK"
13573,10327155694,10327155733,1,"IOTHUB_CLIENT_CONFIRMATION_OK"
13574,10327155894,10327155954,1,"IOTHUB_CLIENT_CONFIRMATION_OK"
13575,10327156094,10327156145,1,"IOTHUB_CLIENT_CONFIRMATION_OK"
13576,10327156294,10327156334,1,"IOTHUB_CLIENT_CONFIRMATION_OK"
13577,10327156495,10327156569,1,"IOTHUB_CLIENT_CONFIRMATION_OK"
13578,10327156695,10327156736,1,"IOTHUB_CLIENT_CONFIRMATION_OK"
13579,10327156895,10327156940,1,"IOTHUB_CLIENT_CONFIRMATION_OK"
13580,10327157095,10327157177,1,"IOTHUB_CLIENT_CONFIRMATION_OK"
13581,10327157295,10327157343,1,"IOTHUB_CLIENT_CONFIRMATION_OK"
13582,10327157495,10327157539,1,"IOTHUB_CLIENT_CONFIRMATION_OK"
13583,10327157696,10327157739,1,"IOTHUB_CLIENT_CONFIRMATION_OK"
13584,10327157896,10327157937,1,"IOTHUB_CLIENT_CONFIRMATION_OK"
13585,10327158096,10327158140,1,"IOTHUB_CLIENT_CONFIRMATION_OK"
13586,10327158296,10327158391,1,"IOTHUB_CLIENT_CONFIRMATION_OK"
13587,10327158496,10327158542,1,"IOTHUB_CLIENT_CONFIRMATION_OK"
13588,10327158696,10327158734,1,"IOTHUB_CLIENT_CONFIRMATION_OK"
13589,10327158897,10327158934,1,"IOTHUB_CLIENT_CONFIRMATION_OK"
13590,10327159097,10327159139,1,"IOTHUB_CLIENT_CONFIRMATION_OK"
13591,10327159297,10327159372,1,"IOTHUB_CLIENT_CONFIRMATION_OK"
13592,10327159497,10327159538,1,"IOTHUB_CLIENT_CONFIRMATION_OK"
13593,10327159697,10327159749,1,"IOTHUB_CLIENT_CONFIRMATION_OK"
13594,10327159897,10327159953,1,"IOTHUB_CLIENT_CONFIRMATION_OK"
13595,10327160098,10327160175,1,"IOTHUB_CLIENT_CONFIRMATION_OK"
13596,10327160298,10327160343,1,"IOTHUB_CLIENT_CONFIRMATION_OK"
13597,10327160498,10327160539,1,"IOTHUB_CLIENT_CONFIRMATION_OK"
13598,10327160698,10327160739,1,"IOTHUB_CLIENT_CONFIRMATION_OK"
13599,10327160898,10327160942,1,"IOTHUB_CLIENT_CONFIRMATION_OK"
13600,10327161098,10327161168,1,"IOTHUB_CLIENT_CONFIRMATION_OK"
13601,10327161299,10327161343,1,"IOTHUB_CLIENT_CONFIRMATION_OK"
13602,10327161499,10327161541,1,"IOTHUB_CLIENT_CONFIRMATION_OK"
13603,10327161699,10327161780,1,"IOTHUB_CLIENT_CONFIRMATION_OK"
13604,10327161899,10327161945,1,"IOTHUB_CLIENT_CONFIRMATION_OK"
13605,10327162099,10327162176,1,"IOTHUB_CLIENT_CONFIRMATION_OK"
13606,10327162299,10327162413,1,"IOTHUB_CLIENT_CONFIRMATION_OK"
13607,10327162500,10327162544,1,"IOTHUB_CLIENT_CONFIRMATION_OK"
13608,10327162700,10327162747,1,"IOTHUB_CLIENT_CONFIRMATION_OK"
13609,10327162900,10327163028,1,"IOTHUB_CLIENT_CONFIRMATION_OK"
13610,10327163100,10327163138,1,"IOTHUB_CLIENT_CONFIRMATION_OK"
13611,10327163300,10327163344,1,"IOTHUB_CLIENT_CONFIRMATION_OK"
13612,10327163501,10327163540,1,"IOTHUB_CLIENT_CONFIRMATION_OK"
13613,10327163701,10327163762,1,"IOTHUB_CLIENT_CONFIRMATION_OK"
13614,10327163901,10327163941,1,"IOTHUB_CLIENT_CONFIRMATION_OK"
13615,10327164101,10327164144,1,"IOTHUB_CLIENT_CONFIRMATION_OK"
13616,10327164301,10327164344,1,"IOTHUB_CLIENT_CONFIRMATION_OK"
13617,10327164501,10327164544,1,"IOTHUB_CLIENT_CONFIRMATION_OK"
13618,10327164702,10327164899,1,"IOTHUB_CLIENT_CONFIRMATION_OK"
13619,10327164902,10327164941,1,"IOTHUB_CLIENT_CONFIRMATION_OK"
13620,10327165102,10327165140,1,"IOTHUB_CLIENT_CONFIRMATION_OK"
13621,10327165302,10327165381,1,"IOTHUB_CLIENT_CONFIRMATION_OK"
13622,10327165502,10327165542,1,"IOTHUB_CLIENT_CONFIRMATION_OK"
13623,10327165702,10327165870,1,"IOTHUB_CLIENT_CONFIRMATION_OK"
13624,10327165903,10327165958,1,"IOTHUB_CLIENT_CONFIRMATION_OK"
13625,10327166103,10327166142,1,"IOTHUB_CLIENT_CONFIRMATION_OK"
13626,10327166303,10327166481,1,"IOTHUB_CLIENT_CONFIRMATION_OK"
13627,10327166503,10327166546,1,"IOTHUB_CLIENT_CONFIRMATION_OK"
13628,10327166703,10327166749,1,"IOTHUB_CLIENT_CONFIRMATION_OK"
13629,10327166903,10327166960,1,"IOTHUB_CLIENT_CONFIRMATION_OK"
13630,10327167104,10327167150,1,"IOTHUB_CLIENT_CONFIRMATION_OK"
13631,10327167304,10327167349,1,"IOTHUB_CLIENT_CONFIRMATION_OK"
13632,10327167504,10327167547,1,"IOTHUB_CLIENT_CONFIRMATION_OK"
13633,10327167704,10327167745,1,"IOTHUB_CLIENT_CONFIRMATION_OK"
13634,10327167904,10327167949,1,"IOTHUB_CLIENT_CONFIRMATION_OK"
13635,10327168104,10327168143,1,"IOTHUB_CLIENT_CONFIRMATION_OK"
13636,10327168305,10327168344,1,"IOTHUB_CLIENT_CONFIRMATION_OK"
13637,10327168505,10327168544,1,"IOTHUB_CLIENT_CONFIRMATION_OK"
13638,10327168705,10327168751,1,"IOTHUB_CLIENT_CONFIRMATION_OK"
13639,10327168905,10327168968,1,"IOTHUB_CLIENT_CONFIRMATION_OK"
13640,10327169105,10327169172,1,"IOTHUB_CLIENT_CONFIRMATION_OK"
13641,10327169305,10327169345,1,"IOTHUB_CLIENT_CONFIRMATION_OK"
13642,10327169506,10327169550,1,"IOTHUB_CLIENT_CONFIRMATION_OK"
13643,10327169706,10327169757,1,"IOTHUB_CLIENT_CONFIRMATION_OK"
13644,10327169906,10327169962,1,"IOTHUB_CLIENT_CONFIRMATION_OK"
13645,10327170106,10327170147,1,"IOTHUB_CLIENT_CONFIRMATION_OK"
13646,10327170306,10327170369,1,"IOTHUB_CLIENT_CONFIRMATION_OK"
13647,10327170506,10327170559,1,"IOTHUB_CLIENT_CONFIRMATION_OK"
13648,10327170707,10327170748,1,"IOTHUB_CLIENT_CONFIRMATION_OK"
13649,10327170907,10327170979,1,"IOTHUB_CLIENT_CONFIRMATION_OK"
13650,10327171107,10327171212,1,"IOTHUB_CLIENT_CONFIRMATION_OK"
13651,10327171307,10327171355,1,"IOTHUB_CLIENT_CONFIRMATION_OK"
13652,10327171508,10327171599,1,"IOTHUB_CLIENT_CONFIRMATION_OK"
13653,10327171708,10327171751,1,"IOTHUB_CLIENT_CONFIRMATION_OK"
13654,10327171908,10327171945,1,"IOTHUB_CLIENT_CONFIRMATION_OK"
13655,10327172108,10327172229,1,"IOTHUB_CLIENT_CONFIRMATION_OK"
13656,10327172308,10327172347,1,"IOTHUB_CLIENT_CONFIRMATION_OK"
13657,10327172509,10327172580,1,"IOTHUB_CLIENT_CONFIRMATION_OK"
13658,10327172709,10327172834,1,"IOTHUB_CLIENT_CONFIRMATION_OK"
13659,10327172909,10327172954,1,"IOTHUB_CLIENT_CONFIRMATION_OK"
13660,10327173109,10327173296,1,"IOTHUB_CLIENT_CONFIRMATION_OK"
13661,10327173309,10327173353,1,"IOTHUB_CLIENT_CONFIRMATION_OK"
13662,10327173510,10327173820,1,"IOTHUB_CLIENT_CONFIRMATION_OK"
13663,10327173710,10327173862,1,"IOTHUB_CLIENT_CONFIRMATION_OK"
13664,10327173910,10327174195,1,"IOTHUB_CLIENT_CONFIRMATION_OK"
13665,10327174110,10327174226,1,"IOTHUB_CLIENT_CONFIRMATION_OK"
13666,10327174310,10327175599,1,"IOTHUB_CLIENT_CONFIRMATION_OK"
13667,10327174510,10327176399,1,"IOTHUB_CLIENT_CONFIRMATION_OK"
13668,10327174711,10327176452,1,"IOTHUB_CLIENT_CONFIRMATION_OK"
13669,10327174911,10327176481,1,"IOTHUB_CLIENT_CONFIRMATION_OK"
13670,10327175111,10327176509,1,"IOTHUB_CLIENT_CONFIRMATION_OK"
13671,10327175311,10327176549,1,"IOTHUB_CLIENT_CONFIRMATION_OK"
13672,10327175511,10327176751,1,"IOTHUB_CLIENT_CONFIRMATION_OK"
13673,10327175711,10327176784,1,"IOTHUB_CLIENT_CONFIRMATION_OK"
13674,10327175911,10327176817,1,"IOTHUB_CLIENT_CONFIRMATION_OK"
13675,10327176112,10327176849,1,"IOTHUB_CLIENT_CONFIRMATION_OK"
13676,10327176312,10327176876,1,"IOTHUB_CLIENT_CONFIRMATION_OK"
13677,10327176512,10327176927,1,"IOTHUB_CLIENT_CONFIRMATION_OK"
13678,10327176712,10327177005,1,"IOTHUB_CLIENT_CONFIRMATION_OK"
13679,10327176912,10327177027,1,"IOTHUB_CLIENT_CONFIRMATION_OK"
13680,10327177112,10327177153,1,"IOTHUB_CLIENT_CONFIRMATION_OK"
13681,10327177312,10327177352,1,"IOTHUB_CLIENT_CONFIRMATION_OK"
13682,10327177513,10327177558,1,"IOTHUB_CLIENT_CONFIRMATION_OK"
13683,10327177713,10327177813,1,"IOTHUB_CLIENT_CONFIRMATION_OK"
13684,10327177913,10327177954,1,"IOTHUB_CLIENT_CONFIRMATION_OK"
13685,10327178113,10327178194,1,"IOTHUB_CLIENT_CONFIRMATION_OK"
13686,10327178313,10327178371,1,"IOTHUB_CLIENT_CONFIRMATION_OK"
13687,10327178513,10327178602,1,"IOTHUB_CLIENT_CONFIRMATION_OK"
13688,10327178714,10327178766,1,"IOTHUB_CLIENT_CONFIRMATION_OK"
13689,10327178914,10327178959,1,"IOTHUB_CLIENT_CONFIRMATION_OK"
13690,10327179114,10327179174,1,"IOTHUB_CLIENT_CONFIRMATION_OK"
13691,10327179314,10327179400,1,"IOTHUB_CLIENT_CONFIRMATION_OK"
13692,10327179514,10327179555,1,"IOTHUB_CLIENT_CONFIRMATION_OK"
13693,10327179714,10327179789,1,"IOTHUB_CLIENT_CONFIRMATION_OK"
13694,10327179914,10327179958,1,"IOTHUB_CLIENT_CONFIRMATION_OK"
13695,10327180115,10327180210,1,"IOTHUB_CLIENT_CONFIRMATION_OK"
13696,10327180315,10327180356,1,"IOTHUB_CLIENT_CONFIRMATION_OK"
13697,10327180515,10327180555,1,"IOTHUB_CLIENT_CONFIRMATION_OK"
13698,10327180715,10327180801,1,"IOTHUB_CLIENT_CONFIRMATION_OK"
13699,10327180915,10327181133,1,"IOTHUB_CLIENT_CONFIRMATION_OK"
13700,10327181116,10327181164,1,"IOTHUB_CLIENT_CONFIRMATION_OK"
13701,10327181316,10327182224,1,"IOTHUB_CLIENT_CONFIRMATION_OK"
13702,10327181516,10327182255,1,"IOTHUB_CLIENT_CONFIRMATION_OK"
13703,10327181716,10327182289,1,"IOTHUB_CLIENT_CONFIRMATION_OK"
13704,10327181916,10327182483,1,"IOTHUB_CLIENT_CONFIRMATION_OK"
13705,10327182116,10327182546,1,"IOTHUB_CLIENT_CONFIRMATION_OK"
13706,10327182316,10327182627,1,"IOTHUB_CLIENT_CONFIRMATION_OK"
13707,10327182517,10327182874,1,"IOTHUB_CLIENT_CONFIRMATION_OK"
13708,10327182717,10327182911,1,"IOTHUB_CLIENT_CONFIRMATION_OK"
13709,10327182917,10327182960,1,"IOTHUB_CLIENT_CONFIRMATION_OK"
13710,10327183117,10327183241,1,"IOTHUB_CLIENT_CONFIRMATION_OK"
13711,10327183317,10327183452,1,"IOTHUB_CLIENT_CONFIRMATION_OK"
13712,10327183517,10327183559,1,"IOTHUB_CLIENT_CONFIRMATION_OK"
13713,10327183718,10327183765,1,"IOTHUB_CLIENT_CONFIRMATION_OK"
13714,10327183918,10327183958,1,"IOTHUB_CLIENT_CONFIRMATION_OK"
13715,10327184118,10327184202,1,"IOTHUB_CLIENT_CONFIRMATION_OK"
13716,10327184318,10327184357,1,"IOTHUB_CLIENT_CONFIRMATION_OK"
13717,10327184518,10327184562,1,"IOTHUB_CLIENT_CONFIRMATION_OK"
13718,10327184718,10327184762,1,"IOTHUB_CLIENT_CONFIRMATION_OK"
13719,10327184918,10327184962,1,"IOTHUB_CLIENT_CONFIRMATION_OK"
13720,10327185119,10327185158,1,"IOTHUB_CLIENT_CONFIRMATION_OK"
13721,10327185319,10327185370,1,"IOTHUB_CLIENT_CONFIRMATION_OK"
13722,10327185519,10327185561,1,"IOTHUB_CLIENT_CONFIRMATION_OK"
13723,10327185719,10327185761,1,"IOTHUB_CLIENT_CONFIRMATION_OK"
13724,10327185919,10327186076,1,"IOTHUB_CLIENT_CONFIRMATION_OK"
13725,10327186119,10327186162,1,"IOTHUB_CLIENT_CONFIRMATION_OK"
13726,10327186319,10327186367,1,"IOTHUB_CLIENT_CONFIRMATION_OK"
13727,10327186520,10327186673,1,"IOTHUB_CLIENT_CONFIRMATION_OK"
13728,10327186720,10327186760,1,"IOTHUB_CLIENT_CONFIRMATION_OK"
13729,10327186920,10327186974,1,"IOTHUB_CLIENT_CONFIRMATION_OK"
13730,10327187120,10327187164,1,"IOTHUB_CLIENT_CONFIRMATION_OK"
13731,10327187320,10327187364,1,"IOTHUB_CLIENT_CONFIRMATION_OK"
13732,10327187520,10327187564,1,"IOTHUB_CLIENT_CONFIRMATION_OK"
13733,10327187721,10327187759,1,"IOTHUB_CLIENT_CONFIRMATION_OK"
13734,10327187921,10327187988,1,"IOTHUB_CLIENT_CONFIRMATION_OK"
13735,10327188121,10327188170,1,"IOTHUB_CLIENT_CONFIRMATION_OK"
13736,10327188321,10327188367,1,"IOTHUB_CLIENT_CONFIRMATION_OK"
13737,10327188521,10327188581,1,"IOTHUB_CLIENT_CONFIRMATION_OK"
13738,10327188721,10327188759,1,"IOTHUB_CLIENT_CONFIRMATION_OK"
13739,10327188921,10327188959,1,"IOTHUB_CLIENT_CONFIRMATION_OK"
13740,10327189122,10327189164,1,"IOTHUB_CLIENT_CONFIRMATION_OK"
13741,10327189322,10327189430,1,"IOTHUB_CLIENT_CONFIRMATION_OK"
13742,10327189522,10327189565,1,"IOTHUB_CLIENT_CONFIRMATION_OK"
13743,10327189722,10327189786,1,"IOTHUB_CLIENT_CONFIRMATION_OK"
13744,10327189922,10327189999,1,"IOTHUB_CLIENT_CONFIRMATION_OK"
13745,10327190122,10327190163,1,"IOTHUB_CLIENT_CONFIRMATION_OK"
13746,10327190323,10327190383,1,"IOTHUB_CLIENT_CONFIRMATION_OK"
13747,10327190523,10327190566,1,"IOTHUB_CLIENT_CONFIRMATION_OK"
13748,10327190723,10327190768,1,"IOTHUB_CLIENT_CONFIRMATION_OK"
13749,10327190923,10327190966,1,"IOTHUB_CLIENT_CONFIRMATION_OK"
13750,10327191123,10327191177,1,"IOTHUB_CLIENT_CONFIRMATION_OK"
13751,10327191323,10327191474,1,"IOTHUB_CLIENT_CONFIRMATION_OK"
13752,10327191524,10327191575,1,"IOTHUB_CLIENT_CONFIRMATION_OK"
13753,10327191724,10327191791,1,"IOTHUB_CLIENT_CONFIRMATION_OK"
13754,10327191924,10327191992,1,"IOTHUB_CLIENT_CONFIRMATION_OK"
13755,10327192124,10327192163,1,"IOTHUB_CLIENT_CONFIRMATION_OK"
13756,10327192324,10327192404,1,"IOTHUB_CLIENT_CONFIRMATION_OK"
13757,10327192524,10327192566,1,"IOTHUB_CLIENT_CONFIRMATION_OK"
13758,10327192724,10327192765,1,"IOTHUB_CLIENT_CONFIRMATION_OK"
13759,10327192925,10327192999,1,"IOTHUB_CLIENT_CONFIRMATION_OK"
13760,10327193125,10327193167,1,"IOTHUB_CLIENT_CONFIRMATION_OK"
13761,10327193325,10327193370,1,"IOTHUB_CLIENT_CONFIRMATION_OK"
13762,10327193525,10327193612,1,"IOTHUB_CLIENT_CONFIRMATION_OK"
13763,10327193725,10327193774,1,"IOTHUB_CLIENT_CONFIRMATION_OK"
13764,10327193925,10327193965,1,"IOTHUB_CLIENT_CONFIRMATION_OK"
13765,10327194126,10327194168,1,"IOTHUB_CLIENT_CONFIRMATION_OK"
13766,10327194326,10327194364,1,"IOTHUB_CLIENT_CONFIRMATION_OK"
13767,10327194526,10327194570,1,"IOTHUB_CLIENT_CONFIRMATION_OK"
13768,10327194726,10327194767,1,"IOTHUB_CLIENT_CONFIRMATION_OK"
13769,10327194926,10327194967,1,"IOTHUB_CLIENT_CONFIRMATION_OK"
13770,10327195126,10327195171,1,"IOTHUB_CLIENT_CONFIRMATION_OK"
13771,10327195327,10327195370,1,"IOTHUB_CLIENT_CONFIRMATION_OK"
13772,10327195527,10327195606,1,"IOTHUB_CLIENT_CONFIRMATION_OK"
13773,10327195727,10327195882,1,"IOTHUB_CLIENT_CONFIRMATION_OK"
13774,10327195927,10327195970,1,"IOTHUB_CLIENT_CONFIRMATION_OK"
13775,10327196127,10327196167,1,"IOTHUB_CLIENT_CONFIRMATION_OK"
13776,10327196327,10327196532,1,"IOTHUB_CLIENT_CONFIRMATION_OK"
13777,10327196527,10327196568,1,"IOTHUB_CLIENT_CONFIRMATION_OK"
13778,10327196728,10327196769,1,"IOTHUB_CLIENT_CONFIRMATION_OK"
13779,10327196928,10327196972,1,"IOTHUB_CLIENT_CONFIRMATION_OK"
13780,10327197128,10327197176,1,"IOTHUB_CLIENT_CONFIRMATION_OK"
13781,10327197328,10327197406,1,"IOTHUB_CLIENT_CONFIRMATION_OK"
13782,10327197528,10327197578,1,"IOTHUB_CLIENT_CONFIRMATION_OK"
13783,10327197729,10327198020,1,"IOTHUB_CLIENT_CONFIRMATION_OK"
13784,10327197929,10327198039,1,"IOTHUB_CLIENT_CONFIRMATION_OK"
13785,10327198129,10327198169,1,"IOTHUB_CLIENT_CONFIRMATION_OK"
13786,10327198329,10327198379,1,"IOTHUB_CLIENT_CONFIRMATION_OK"
13787,10327198529,10327198576,1,"IOTHUB_CLIENT_CONFIRMATION_OK"
13788,10327198729,10327198767,1,"IOTHUB_CLIENT_CONFIRMATION_OK"
13789,10327198929,10327198973,1,"IOTHUB_CLIENT_CONFIRMATION_OK"
13790,10327199130,10327199168,1,"IOTHUB_CLIENT_CONFIRMATION_OK"
13791,10327199330,10327199371,1,"IOTHUB_CLIENT_CONFIRMATION_OK"
13792,10327199530,10327199576,1,"IOTHUB_CLIENT_CONFIRMATION_OK"
13793,10327199730,10327199776,1,"IOTHUB_CLIENT_CONFIRMATION_OK"
13794,10327199930,10327199968,1,"IOTHUB_CLIENT_CONFIRMATION_OK"
13795,10327200130,10327200179,1,"IOTHUB_CLIENT_CONFIRMATION_OK"
13796,10327200331,10327200553,1,"IOTHUB_CLIENT_CONFIRMATION_OK"
13797,10327200531,10327200587,1,"IOTHUB_CLIENT_CONFIRMATION_OK"
13798,10327200731,10327200772,1,"IOTHUB_CLIENT_CONFIRMATION_OK"
13799,10327200931,10327200979,1,"IOTHUB_CLIENT_CONFIRMATION_OK"
13800,10327201131,10327201197,1,"IOTHUB_CLIENT_CONFIRMATION_OK"
13801,10327201332,10327201377,1,"IOTHUB_CLIENT_CONFIRMATION_OK"
13802,10327201532,10327201569,1,"IOTHUB_CLIENT_CONFIRMATION_OK"
13803,10327201732,10327201772,1,"IOTHUB_CLIENT_CONFIRMATION_OK"
13804,10327201932,10327201976,1,"IOTHUB_CLIENT_CONFIRMATION_OK"
13805,10327202132,10327202191,1,"IOTHUB_CLIENT_CONFIRMATION_OK"
13806,10327202332,10327202385,1,"IOTHUB_CLIENT_CONFIRMATION_OK"
13807,10327202532,10327202587,1,"IOTHUB_CLIENT_CONFIRMATION_OK"
13808,10327202733,10327202800,1,"IOTHUB_CLIENT_CONFIRMATION_OK"
13809,10327202933,10327202971,1,"IOTHUB_CLIENT_CONFIRMATION_OK"
13810,10327203133,10327203179,1,"IOTHUB_CLIENT_CONFIRMATION_OK"
13811,10327203333,10327203420,1,"IOTHUB_CLIENT_CONFIRMATION_OK"
13812,10327203533,10327203574,1,"IOTHUB_CLIENT_CONFIRMATION_OK"
13813,10327203733,10327203775,1,"IOTHUB_CLIENT_CONFIRMATION_OK"
13814,10327203933,10327204020,1,"IOTHUB_CLIENT_CONFIRMATION_OK"
13815,10327204134,10327204175,1,"IOTHUB_CLIENT_CONFIRMATION_OK"
13816,10327204334,10327204375,1,"IOTHUB_CLIENT_CONFIRMATION_OK"
13817,10327204534,10327204575,1,"IOTHUB_CLIENT_CONFIRMATION_OK"
13818,10327204734,10327204835,1,"IOTHUB_CLIENT_CONFIRMATION_OK"
13819,10327204934,10327204984,1,"IOTHUB_CLIENT_CONFIRMATION_OK"
13820,10327205134,10327205177,1,"IOTHUB_CLIENT_CONFIRMATION_OK"
13821,10327205335,10327205376,1,"IOTHUB_CLIENT_CONFIRMATION_OK"
13822,10327205535,10327205741,1,"IOTHUB_CLIENT_CONFIRMATION_OK"
13823,10327205735,10327205784,1,"IOTHUB_CLIENT_CONFIRMATION_OK"
13824,10327205935,10327205999,1,"IOTHUB_CLIENT_CONFIRMATION_OK"
13825,10327206136,10327206253,1,"IOTHUB_CLIENT_CONFIRMATION_OK"
13826,10327206336,10327206417,1,"IOTHUB_CLIENT_CONFIRMATION_OK"
13827,10327206536,10327206595,1,"IOTHUB_CLIENT_CONFIRMATION_OK"
13828,10327206736,10327206872,1,"IOTHUB_CLIENT_CONFIRMATION_OK"
13829,10327206936,10327206974,1,"IOTHUB_CLIENT_CONFIRMATION_OK"
13830,10327207137,10327207190,1,"IOTHUB_CLIENT_CONFIRMATION_OK"
13831,10327207337,10327207500,1,"IOTHUB_CLIENT_CONFIRMATION_OK"
13832,10327207537,10327207583,1,"IOTHUB_CLIENT_CONFIRMATION_OK"
13833,10327207737,10327207782,1,"IOTHUB_CLIENT_CONFIRMATION_OK"
13834,10327207937,10327207984,1,"IOTHUB_CLIENT_CONFIRMATION_OK"
13835,10327208138,10327208214,1,"IOTHUB_CLIENT_CONFIRMATION_OK"
13836,10327208338,10327208381,1,"IOTHUB_CLIENT_CONFIRMATION_OK"
13837,10327208538,10327208576,1,"IOTHUB_CLIENT_CONFIRMATION_OK"
13838,10327208738,10327208798,1,"IOTHUB_CLIENT_CONFIRMATION_OK"
13839,10327208938,10327208967,1,"IOTHUB_CLIENT_CONFIRMATION_OK"
13840,10327209138,10327209178,1,"IOTHUB_CLIENT_CONFIRMATION_OK"
13841,10327209339,10327209393,1,"IOTHUB_CLIENT_CONFIRMATION_OK"
13842,10327209539,10327209595,1,"IOTHUB_CLIENT_CONFIRMATION_OK"
13843,10327209739,10327209789,1,"IOTHUB_CLIENT_CONFIRMATION_OK"
13844,10327209939,10327209990,1,"IOTHUB_CLIENT_CONFIRMATION_OK"
13845,10327210139,10327210199,1,"IOTHUB_CLIENT_CONFIRMATION_OK"
13846,10327210339,10327210377,1,"IOTHUB_CLIENT_CONFIRMATION_OK"
13847,10327210539,10327210584,1,"IOTHUB_CLIENT_CONFIRMATION_OK"
13848,10327210740,10327210929,1,"IOTHUB_CLIENT_CONFIRMATION_OK"
13849,10327210940,10327210981,1,"IOTHUB_CLIENT_CONFIRMATION_OK"
13850,10327211140,10327211178,1,"IOTHUB_CLIENT_CONFIRMATION_OK"
13851,10327211340,10327211379,1,"IOTHUB_CLIENT_CONFIRMATION_OK"
13852,10327211540,10327211587,1,"IOTHUB_CLIENT_CONFIRMATION_OK"
13853,10327211740,10327211839,1,"IOTHUB_CLIENT_CONFIRMATION_OK"
13854,10327211940,10327212062,1,"IOTHUB_CLIENT_CONFIRMATION_OK"
13855,10327212141,10327212182,1,"IOTHUB_CLIENT_CONFIRMATION_OK"
13856,10327212341,10327212402,1,"IOTHUB_CLIENT_CONFIRMATION_OK"
13857,10327212541,10327212716,1,"IOTHUB_CLIENT_CONFIRMATION_OK"
13858,10327212741,10327212782,1,"IOTHUB_CLIENT_CONFIRMATION_OK"
13859,10327212941,10327212981,1,"IOTHUB_CLIENT_CONFIRMATION_OK"
13860,10327213141,10327213181,1,"IOTHUB_CLIENT_CONFIRMATION_OK"
13861,10327213341,10327213379,1,"IOTHUB_CLIENT_CONFIRMATION_OK"
13862,10327213542,10327213589,1,"IOTHUB_CLIENT_CONFIRMATION_OK"
13863,10327213742,10327213785,1,"IOTHUB_CLIENT_CONFIRMATION_OK"
13864,10327213942,10327213982,1,"IOTHUB_CLIENT_CONFIRMATION_OK"
13865,10327214142,10327214185,1,"IOTHUB_CLIENT_CONFIRMATION_OK"
13866,10327214342,10327214400,1,"IOTHUB_CLIENT_CONFIRMATION_OK"
13867,10327214542,10327214589,1,"IOTHUB_CLIENT_CONFIRMATION_OK"
13868,10327214742,10327214787,1,"IOTHUB_CLIENT_CONFIRMATION_OK"
13869,10327214943,10327215019,1,"IOTHUB_CLIENT_CONFIRMATION_OK"
13870,10327215143,10327215184,1,"IOTHUB_CLIENT_CONFIRMATION_OK"
13871,10327215343,10327215390,1,"IOTHUB_CLIENT_CONFIRMATION_OK"
13872,10327215543,10327215585,1,"IOTHUB_CLIENT_CONFIRMATION_OK"
13873,10327215743,10327215794,1,"IOTHUB_CLIENT_CONFIRMATION_OK"
13874,10327215943,10327216030,1,"IOTHUB_CLIENT_CONFIRMATION_OK"
13875,10327216144,10327216229,1,"IOTHUB_CLIENT_CONFIRMATION_OK"
13876,10327216344,10327216396,1,"IOTHUB_CLIENT_CONFIRMATION_OK"
13877,10327216544,10327216587,1,"IOTHUB_CLIENT_CONFIRMATION_OK"
13878,10327216744,10327216788,1,"IOTHUB_CLIENT_CONFIRMATION_OK"
13879,10327216944,10327216998,1,"IOTHUB_CLIENT_CONFIRMATION_OK"
13880,10327217144,10327217191,1,"IOTHUB_CLIENT_CONFIRMATION_OK"
13881,10327217345,10327217389,1,"IOTHUB_CLIENT_CONFIRMATION_OK"
13882,10327217545,10327217583,1,"IOTHUB_CLIENT_CONFIRMATION_OK"
13883,10327217745,10327217790,1,"IOTHUB_CLIENT_CONFIRMATION_OK"
13884,10327217945,10327217988,1,"IOTHUB_CLIENT_CONFIRMATION_OK"
13885,10327218145,10327218181,1,"IOTHUB_CLIENT_CONFIRMATION_OK"
13886,10327218346,10327218387,1,"IOTHUB_CLIENT_CONFIRMATION_OK"
13887,10327218546,10327218587,1,"IOTHUB_CLIENT_CONFIRMATION_OK"
13888,10327218746,10327218784,1,"IOTHUB_CLIENT_CONFIRMATION_OK"
13889,10327218946,10327218991,1,"IOTHUB_CLIENT_CONFIRMATION_OK"
13890,10327219146,10327219186,1,"IOTHUB_CLIENT_CONFIRMATION_OK"
13891,10327219346,10327219384,1,"IOTHUB_CLIENT_CONFIRMATION_OK"
13892,10327219547,10327219587,1,"IOTHUB_CLIENT_CONFIRMATION_OK"
13893,10327219747,10327219798,1,"IOTHUB_CLIENT_CONFIRMATION_OK"
13894,10327219947,10327219989,1,"IOTHUB_CLIENT_CONFIRMATION_OK"
13895,10327220147,10327220192,1,"IOTHUB_CLIENT_CONFIRMATION_OK"
13896,10327220347,10327220387,1,"IOTHUB_CLIENT_CONFIRMATION_OK"
13897,10327220547,10327220608,1,"IOTHUB_CLIENT_CONFIRMATION_OK"
13898,10327220748,10327220791,1,"IOTHUB_CLIENT_CONFIRMATION_OK"
13899,10327220948,10327221006,1,"IOTHUB_CLIENT_CONFIRMATION_OK"
13900,10327221148,10327221212,1,"IOTHUB_CLIENT_CONFIRMATION_OK"
13901,10327221348,10327221390,1,"IOTHUB_CLIENT_CONFIRMATION_OK"
13902,10327221548,10327221589,1,"IOTHUB_CLIENT_CONFIRMATION_OK"
13903,10327221748,10327221827,1,"IOTHUB_CLIENT_CONFIRMATION_OK"
13904,10327221949,10327221992,1,"IOTHUB_CLIENT_CONFIRMATION_OK"
13905,10327222149,10327222223,1,"IOTHUB_CLIENT_CONFIRMATION_OK"
13906,10327222349,10327222450,1,"IOTHUB_CLIENT_CONFIRMATION_OK"
13907,10327222549,10327222602,1,"IOTHUB_CLIENT_CONFIRMATION_OK"
13908,10327222749,10327222830,1,"IOTHUB_CLIENT_CONFIRMATION_OK"
13909,10327222949,10327223057,1,"IOTHUB_CLIENT_CONFIRMATION_OK"
13910,10327223150,10327223191,1,"IOTHUB_CLIENT_CONFIRMATION_OK"
13911,10327223350,10327223390,1,"IOTHUB_CLIENT_CONFIRMATION_OK"
13912,10327223550,10327223609,1,"IOTHUB_CLIENT_CONFIRMATION_OK"
13913,10327223750,10327223794,1,"IOTHUB_CLIENT_CONFIRMATION_OK"
13914,10327223950,10327223990,1,"IOTHUB_CLIENT_CONFIRMATION_OK"
13915,10327224150,10327224324,1,"IOTHUB_CLIENT_CONFIRMATION_OK"
13916,10327224350,10327224397,1,"IOTHUB_CLIENT_CONFIRMATION_OK"
13917,10327224551,10327224628,1,"IOTHUB_CLIENT_CONFIRMATION_OK"
13918,10327224751,10327224805,1,"IOTHUB_CLIENT_CONFIRMATION_OK"
13919,10327224951,10327225003,1,"IOTHUB_CLIENT_CONFIRMATION_OK"
13920,10327225151,10327225197,1,"IOTHUB_CLIENT_CONFIRMATION_OK"
13921,10327225351,10327225391,1,"IOTHUB_CLIENT_CONFIRMATION_OK"
13922,10327225551,10327225603,1,"IOTHUB_CLIENT_CONFIRMATION_OK"
13923,10327225752,10327225934,1,"IOTHUB_CLIENT_CONFIRMATION_OK"
13924,10327225952,10327226004,1,"IOTHUB_CLIENT_CONFIRMATION_OK"
13925,10327226152,10327226196,1,"IOTHUB_CLIENT_CONFIRMATION_OK"
13926,10327226352,10327226394,1,"IOTHUB_CLIENT_CONFIRMATION_OK"
13927,10327226552,10327226593,1,"IOTHUB_CLIENT_CONFIRMATION_OK"
13928,10327226753,10327226831,1,"IOTHUB_CLIENT_CONFIRMATION_OK"
13929,10327226953,10327226998,1,"IOTHUB_CLIENT_CONFIRMATION_OK"
13930,10327227153,10327227200,1,"IOTHUB_CLIENT_CONFIRMATION_OK"
13931,10327227353,10327227395,1,"IOTHUB_CLIENT_CONFIRMATION_OK"
13932,10327227553,10327227603,1,"IOTHUB_CLIENT_CONFIRMATION_OK"
13933,10327227753,10327227803,1,"IOTHUB_CLIENT_CONFIRMATION_OK"
13934,10327227954,10327227994,1,"IOTHUB_CLIENT_CONFIRMATION_OK"
13935,10327228154,10327228198,1,"IOTHUB_CLIENT_CONFIRMATION_OK"
13936,10327228354,10327228664,1,"IOTHUB_CLIENT_CONFIRMATION_OK"
13937,10327228554,10327228809,1,"IOTHUB_CLIENT_CONFIRMATION_OK"
13938,10327228754,10327228846,1,"IOTHUB_CLIENT_CONFIRMATION_OK"
13939,10327228954,10327228996,1,"IOTHUB_CLIENT_CONFIRMATION_OK"
13940,10327229155,10327229205,1,"IOTHUB_CLIENT_CONFIRMATION_OK"
13941,10327229355,10327229388,1,"IOTHUB_CLIENT_CONFIRMATION_OK"
13942,10327229555,10327229598,1,"IOTHUB_CLIENT_CONFIRMATION_OK"
13943,10327229755,10327229800,1,"IOTHUB_CLIENT_CONFIRMATION_OK"
13944,10327229956,10327229996,1,"IOTHUB_CLIENT_CONFIRMATION_OK"
13945,10327230156,10327230208,1,"IOTHUB_CLIENT_CONFIRMATION_OK"
13946,10327230356,10327230398,1,"IOTHUB_CLIENT_CONFIRMATION_OK"
13947,10327230556,10327230598,1,"IOTHUB_CLIENT_CONFIRMATION_OK"
13948,10327230756,10327230814,1,"IOTHUB_CLIENT_CONFIRMATION_OK"
13949,10327230957,10327231036,1,"IOTHUB_CLIENT_CONFIRMATION_OK"
13950,10327231157,10327231202,1,"IOTHUB_CLIENT_CONFIRMATION_OK"
13951,10327231357,10327231398,1,"IOTHUB_CLIENT_CONFIRMATION_OK"
13952,10327231557,10327231642,1,"IOTHUB_CLIENT_CONFIRMATION_OK"
13953,10327231757,10327231801,1,"IOTHUB_CLIENT_CONFIRMATION_OK"
13954,10327231957,10327232011,1,"IOTHUB_CLIENT_CONFIRMATION_OK"
13955,10327232157,10327232293,1,"IOTHUB_CLIENT_CONFIRMATION_OK"
13956,10327232358,10327232399,1,"IOTHUB_CLIENT_CONFIRMATION_OK"
13957,10327232558,10327232605,1,"IOTHUB_CLIENT_CONFIRMATION_OK"
13958,10327232758,10327232883,1,"IOTHUB_CLIENT_CONFIRMATION_OK"
13959,10327232958,10327233003,1,"IOTHUB_CLIENT_CONFIRMATION_OK"
13960,10327233159,10327233200,1,"IOTHUB_CLIENT_CONFIRMATION_OK"
13961,10327233359,10327233400,1,"IOTHUB_CLIENT_CONFIRMATION_OK"
13962,10327233559,10327233609,1,"IOTHUB_CLIENT_CONFIRMATION_OK"
13963,10327233759,10327233807,1,"IOTHUB_CLIENT_CONFIRMATION_OK"
13964,10327233959,10327234006,1,"IOTHUB_CLIENT_CONFIRMATION_OK"
13965,10327234159,10327234207,1,"IOTHUB_CLIENT_CONFIRMATION_OK"
13966,10327234359,10327234403,1,"IOTHUB_CLIENT_CONFIRMATION_OK"
13967,10327234560,10327234603,1,"IOTHUB_CLIENT_CONFIRMATION_OK"
13968,10327234760,10327234811,1,"IOTHUB_CLIENT_CONFIRMATION_OK"
13969,10327234960,10327235027,1,"IOTHUB_CLIENT_CONFIRMATION_OK"
13970,10327235160,10327235213,1,"IOTHUB_CLIENT_CONFIRMATION_OK"
13971,10327235361,10327235403,1,"IOTHUB_CLIENT_CONFIRMATION_OK"
13972,10327235561,10327235743,1,"IOTHUB_CLIENT_CONFIRMATION_OK"
13973,10327235761,10327235811,1,"IOTHUB_CLIENT_CONFIRMATION_OK"
13974,10327235961,10327236018,1,"IOTHUB_CLIENT_CONFIRMATION_OK"
13975,10327236161,10327236333,1,"IOTHUB_CLIENT_CONFIRMATION_OK"
13976,10327236361,10327236480,1,"IOTHUB_CLIENT_CONFIRMATION_OK"
13977,10327236562,10327236612,1,"IOTHUB_CLIENT_CONFIRMATION_OK"
13978,10327236762,10327236797,1,"IOTHUB_CLIENT_CONFIRMATION_OK"
13979,10327236962,10327237016,1,"IOTHUB_CLIENT_CONFIRMATION_OK"
13980,10327237162,10327237202,1,"IOTHUB_CLIENT_CONFIRMATION_OK"
13981,10327237362,10327237412,1,"IOTHUB_CLIENT_CONFIRMATION_OK"
13982,10327237562,10327237614,1,"IOTHUB_CLIENT_CONFIRMATION_OK"
13983,10327237762,10327237817,1,"IOTHUB_CLIENT_CONFIRMATION_OK"
13984,10327237963,10327238001,1,"IOTHUB_CLIENT_CONFIRMATION_OK"
13985,10327238163,10327238202,1,"IOTHUB_CLIENT_CONFIRMATION_OK"
13986,10327238363,10327238406,1,"IOTHUB_CLIENT_CONFIRMATION_OK"
13987,10327238563,10327238605,1,"IOTHUB_CLIENT_CONFIRMATION_OK"
13988,10327238763,10327238812,1,"IOTHUB_CLIENT_CONFIRMATION_OK"
13989,10327238963,10327239011,1,"IOTHUB_CLIENT_CONFIRMATION_OK"
13990,10327239164,10327239213,1,"IOTHUB_CLIENT_CONFIRMATION_OK"
13991,10327239364,10327239405,1,"IOTHUB_CLIENT_CONFIRMATION_OK"
13992,10327239564,10327239693,1,"IOTHUB_CLIENT_CONFIRMATION_OK"
13993,10327239764,10327239803,1,"IOTHUB_CLIENT_CONFIRMATION_OK"
13994,10327239964,10327240335,1,"IOTHUB_CLIENT_CONFIRMATION_OK"
13995,10327240164,10327240407,1,"IOTHUB_CLIENT_CONFIRMATION_OK"
13996,10327240364,10327240431,1,"IOTHUB_CLIENT_CONFIRMATION_OK"
13997,10327240565,10327240608,1,"IOTHUB_CLIENT_CONFIRMATION_OK"
13998,10327240765,10327240810,1,"IOTHUB_CLIENT_CONFIRMATION_OK"
13999,10327240965,10327241004,1,"IOTHUB_CLIENT_CONFIRMATION_OK"
14000,10327241165,10327241347,1,"IOTHUB_CLIENT_CONFIRMATION_OK"
14001,10327241365,10327241545,1,"IOTHUB_CLIENT_CONFIRMATION_OK"
14002,10327241565,10327241608,1,"IOTHUB_CLIENT_CONFIRMATION_OK"
14003,10327241766,10327241807,1,"IOTHUB_CLIENT_CONFIRMATION_OK"
14004,10327241966,10327242007,1,"IOTHUB_CLIENT_CONFIRMATION_OK"
14005,10327242166,10327242213,1,"IOTHUB_CLIENT_CONFIRMATION_OK"
14006,10327242366,10327242409,1,"IOTHUB_CLIENT_CONFIRMATION_OK"
14007,10327242566,10327242613,1,"IOTHUB_CLIENT_CONFIRMATION_OK"
14008,10327242766,10327242805,1,"IOTHUB_CLIENT_CONFIRMATION_OK"
14009,10327242966,10327243013,1,"IOTHUB_CLIENT_CONFIRMATION_OK"
14010,10327243167,10327243276,1,"IOTHUB_CLIENT_CONFIRMATION_OK"
14011,10327243367,10327243410,1,"IOTHUB_CLIENT_CONFIRMATION_OK"
14012,10327243567,10327243627,1,"IOTHUB_CLIENT_CONFIRMATION_OK"
14013,10327243767,10327243825,1,"IOTHUB_CLIENT_CONFIRMATION_OK"
14014,10327243967,10327244010,1,"IOTHUB_CLIENT_CONFIRMATION_OK"
14015,10327244167,10327244205,1,"IOTHUB_CLIENT_CONFIRMATION_OK"
14016,10327244367,10327244448,1,"IOTHUB_CLIENT_CONFIRMATION_OK"
14017,10327244568,10327244607,1,"IOTHUB_CLIENT_CONFIRMATION_OK"
14018,10327244768,10327244819,1,"IOTHUB_CLIENT_CONFIRMATION_OK"
14019,10327244968,10327245011,1,"IOTHUB_CLIENT_CONFIRMATION_OK"
14020,10327245168,10327245223,1,"IOTHUB_CLIENT_CONFIRMATION_OK"
14021,10327245368,10327245413,1,"IOTHUB_CLIENT_CONFIRMATION_OK"
14022,10327245568,10327245666,1,"IOTHUB_CLIENT_CONFIRMATION_OK"
14023,10327245769,10327245811,1,"IOTHUB_CLIENT_CONFIRMATION_OK"
14024,10327245969,10327246007,1,"IOTHUB_CLIENT_CONFIRMATION_OK"
14025,10327246169,10327246207,1,"IOTHUB_CLIENT_CONFIRMATION_OK"
14026,10327246369,10327246409,1,"IOTHUB_CLIENT_CONFIRMATION_OK"
14027,10327246569,10327246618,1,"IOTHUB_CLIENT_CONFIRMATION_OK"
14028,10327246769,10327246812,1,"IOTHUB_CLIENT_CONFIRMATION_OK"
14029,10327246970,10327247017,1,"IOTHUB_CLIENT_CONFIRMATION_OK"
14030,10327247170,10327247234,1,"IOTHUB_CLIENT_CONFIRMATION_OK"
14031,10327247370,10327247415,1,"IOTHUB_CLIENT_CONFIRMATION_OK"
14032,10327247570,10327247626,1,"IOTHUB_CLIENT_CONFIRMATION_OK"
14033,10327247770,10327247943,1,"IOTHUB_CLIENT_CONFIRMATION_OK"
14034,10327247971,10327248021,1,"IOTHUB_CLIENT_CONFIRMATION_OK"
14035,10327248171,10327248211,1,"IOTHUB_CLIENT_CONFIRMATION_OK"
14036,10327248371,10327248411,1,"IOTHUB_CLIENT_CONFIRMATION_OK"
14037,10327248571,10327248622,1,"IOTHUB_CLIENT_CONFIRMATION_OK"
14038,10327248771,10327248812,1,"IOTHUB_CLIENT_CONFIRMATION_OK"
14039,10327248972,10327249015,1,"IOTHUB_CLIENT_CONFIRMATION_OK"
14040,10327249172,10327249210,1,"IOTHUB_CLIENT_CONFIRMATION_OK"
14041,10327249372,10327249414,1,"IOTHUB_CLIENT_CONFIRMATION_OK"
14042,10327249572,10327249619,1,"IOTHUB_CLIENT_CONFIRMATION_OK"
14043,10327249772,10327249814,1,"IOTHUB_CLIENT_CONFIRMATION_OK"
14044,10327249972,10327250013,1,"IOTHUB_CLIENT_CONFIRMATION_OK"
14045,10327250173,10327250212,1,"IOTHUB_CLIENT_CONFIRMATION_OK"
14046,10327250373,10327250421,1,"IOTHUB_CLIENT_CONFIRMATION_OK"
14047,10327250573,10327250783,1,"IOTHUB_CLIENT_CONFIRMATION_OK"
14048,10327250773,10327250813,1,"IOTHUB_CLIENT_CONFIRMATION_OK"
14049,10327250973,10327251019,1,"IOTHUB_CLIENT_CONFIRMATION_OK"
14050,10327251174,10327251240,1,"IOTHUB_CLIENT_CONFIRMATION_OK"
14051,10327251374,10327251415,1,"IOTHUB_CLIENT_CONFIRMATION_OK"
14052,10327251574,10327251618,1,"IOTHUB_CLIENT_CONFIRMATION_OK"
14053,10327251774,10327251822,1,"IOTHUB_CLIENT_CONFIRMATION_OK"
14054,10327251974,10327252036,1,"IOTHUB_CLIENT_CONFIRMATION_OK"
14055,10327252175,10327252216,1,"IOTHUB_CLIENT_CONFIRMATION_OK"
14056,10327252375,10327252425,1,"IOTHUB_CLIENT_CONFIRMATION_OK"
14057,10327252575,10327252629,1,"IOTHUB_CLIENT_CONFIRMATION_OK"
14058,10327252775,10327252817,1,"IOTHUB_CLIENT_CONFIRMATION_OK"
14059,10327252975,10327253011,1,"IOTHUB_CLIENT_CONFIRMATION_OK"
14060,10327253175,10327253222,1,"IOTHUB_CLIENT_CONFIRMATION_OK"
14061,10327253375,10327253423,1,"IOTHUB_CLIENT_CONFIRMATION_OK"
14062,10327253576,10327253618,1,"IOTHUB_CLIENT_CONFIRMATION_OK"
14063,10327253776,10327253822,1,"IOTHUB_CLIENT_CONFIRMATION_OK"
14064,10327253976,10327254042,1,"IOTHUB_CLIENT_CONFIRMATION_OK"
14065,10327254176,10327254248,1,"IOTHUB_CLIENT_CONFIRMATION_OK"
14066,10327254376,10327254416,1,"IOTHUB_CLIENT_CONFIRMATION_OK"
14067,10327254576,10327254622,1,"IOTHUB_CLIENT_CONFIRMATION_OK"
14068,10327254777,10327254815,1,"IOTHUB_CLIENT_CONFIRMATION_OK"
14069,10327254977,10327255023,1,"IOTHUB_CLIENT_CONFIRMATION_OK"
14070,10327255177,10327255228,1,"IOTHUB_CLIENT_CONFIRMATION_OK"
14071,10327255377,10327255428,1,"IOTHUB_CLIENT_CONFIRMATION_OK"
14072,10327255577,10327255640,1,"IOTHUB_CLIENT_CONFIRMATION_OK"
14073,10327255777,10327255894,1,"IOTHUB_CLIENT_CONFIRMATION_OK"
14074,10327255977,10327256013,1,"IOTHUB_CLIENT_CONFIRMATION_OK"
14075,10327256178,10327256218,1,"IOTHUB_CLIENT_CONFIRMATION_OK"
14076,10327256378,10327256514,1,"IOTHUB_CLIENT_CONFIRMATION_OK"
14077,10327256578,10327256616,1,"IOTHUB_CLIENT_CONFIRMATION_OK"
14078,10327256778,10327256906,1,"IOTHUB_CLIENT_CONFIRMATION_OK"
14079,10327256978,10327257153,1,"IOTHUB_CLIENT_CONFIRMATION_OK"
14080,10327257178,10327257221,1,"IOTHUB_CLIENT_CONFIRMATION_OK"
14081,10327257379,10327257423,1,"IOTHUB_CLIENT_CONFIRMATION_OK"
14082,10327257579,10327257621,1,"IOTHUB_CLIENT_CONFIRMATION_OK"
14083,10327257779,10327257819,1,"IOTHUB_CLIENT_CONFIRMATION_OK"
14084,10327257979,10327258027,1,"IOTHUB_CLIENT_CONFIRMATION_OK"
14085,10327258179,10327258221,1,"IOTHUB_CLIENT_CONFIRMATION_OK"
14086,10327258379,10327258422,1,"IOTHUB_CLIENT_CONFIRMATION_OK"
14087,10327258580,10327258622,1,"IOTHUB_CLIENT_CONFIRMATION_OK"
14088,10327258780,10327258819,1,"IOTHUB_CLIENT_CONFIRMATION_OK"
14089,10327258980,10327259022,1,"IOTHUB_CLIENT_CONFIRMATION_OK"
14090,10327259180,10327259220,1,"IOTHUB_CLIENT_CONFIRMATION_OK"
14091,10327259380,10327259424,1,"IOTHUB_CLIENT_CONFIRMATION_OK"
14092,10327259580,10327259625,1,"IOTHUB_CLIENT_CONFIRMATION_OK"
14093,10327259780,10327259828,1,"IOTHUB_CLIENT_CONFIRMATION_OK"
14094,10327259981,10327260066,1,"IOTHUB_CLIENT_CONFIRMATION_OK"
14095,10327260181,10327260221,1,"IOTHUB_CLIENT_CONFIRMATION_OK"
14096,10327260381,10327260451,1,"IOTHUB_CLIENT_CONFIRMATION_OK"
14097,10327260581,10327260636,1,"IOTHUB_CLIENT_CONFIRMATION_OK"
14098,10327260781,10327260825,1,"IOTHUB_CLIENT_CONFIRMATION_OK"
14099,10327260981,10327261023,1,"IOTHUB_CLIENT_CONFIRMATION_OK"
14100,10327261182,10327261232,1,"IOTHUB_CLIENT_CONFIRMATION_OK"
14101,10327261382,10327261421,1,"IOTHUB_CLIENT_CONFIRMATION_OK"
14102,10327261582,10327261639,1,"IOTHUB_CLIENT_CONFIRMATION_OK"
14103,10327261782,10327261824,1,"IOTHUB_CLIENT_CONFIRMATION_OK"
14104,10327261982,10327262023,1,"IOTHUB_CLIENT_CONFIRMATION_OK"
14105,10327262182,10327262239,1,"IOTHUB_CLIENT_CONFIRMATION_OK"
14106,10327262382,10327262432,1,"IOTHUB_CLIENT_CONFIRMATION_OK"
14107,10327262583,10327262626,1,"IOTHUB_CLIENT_CONFIRMATION_OK"
14108,10327262783,10327262816,1,"IOTHUB_CLIENT_CONFIRMATION_OK"
14109,10327262983,10327263022,1,"IOTHUB_CLIENT_CONFIRMATION_OK"
14110,10327263183,10327263222,1,"IOTHUB_CLIENT_CONFIRMATION_OK"
14111,10327263383,10327263440,1,"IOTHUB_CLIENT_CONFIRMATION_OK"
14112,10327263584,10327263640,1,"IOTHUB_CLIENT_CONFIRMATION_OK"
14113,10327263784,10327264027,1,"IOTHUB_CLIENT_CONFIRMATION_OK"
14114,10327263984,10327264061,1,"IOTHUB_CLIENT_CONFIRMATION_OK"
14115,10327264184,10327264224,1,"IOTHUB_CLIENT_CONFIRMATION_OK"
14116,10327264384,10327264430,1,"IOTHUB_CLIENT_CONFIRMATION_OK"
14117,10327264584,10327264654,1,"IOTHUB_CLIENT_CONFIRMATION_OK"
14118,10327264785,10327264840,1,"IOTHUB_CLIENT_CONFIRMATION_OK"
14119,10327264985,10327265041,1,"IOTHUB_CLIENT_CONFIRMATION_OK"
14120,10327265185,10327265236,1,"IOTHUB_CLIENT_CONFIRMATION_OK"
14121,10327265385,10327265452,1,"IOTHUB_CLIENT_CONFIRMATION_OK"
14122,10327265585,10327265678,1,"IOTHUB_CLIENT_CONFIRMATION_OK"
14123,10327265785,10327265899,1,"IOTHUB_CLIENT_CONFIRMATION_OK"
14124,10327265986,10327266035,1,"IOTHUB_CLIENT_CONFIRMATION_OK"
14125,10327266186,10327266276,1,"IOTHUB_CLIENT_CONFIRMATION_OK"
14126,10327266386,10327266425,1,"IOTHUB_CLIENT_CONFIRMATION_OK"
14127,10327266586,10327266632,1,"IOTHUB_CLIENT_CONFIRMATION_OK"
14128,10327266786,10327266890,1,"IOTHUB_CLIENT_CONFIRMATION_OK"
14129,10327266987,10327267029,1,"IOTHUB_CLIENT_CONFIRMATION_OK"
14130,10327267187,10327267232,1,"IOTHUB_CLIENT_CONFIRMATION_OK"
14131,10327267387,10327267510,1,"IOTHUB_CLIENT_CONFIRMATION_OK"
14132,10327267587,10327267636,1,"IOTHUB_CLIENT_CONFIRMATION_OK"
14133,10327267787,10327267879,1,"IOTHUB_CLIENT_CONFIRMATION_OK"
14134,10327267987,10327268184,1,"IOTHUB_CLIENT_CONFIRMATION_OK"
14135,10327268187,10327268248,1,"IOTHUB_CLIENT_CONFIRMATION_OK"
14136,10327268388,10327268449,1,"IOTHUB_CLIENT_CONFIRMATION_OK"
14137,10327268588,10327268632,1,"IOTHUB_CLIENT_CONFIRMATION_OK"
14138,10327268788,10327268828,1,"IOTHUB_CLIENT_CONFIRMATION_OK"
14139,10327268988,10327269030,1,"IOTHUB_CLIENT_CONFIRMATION_OK"
14140,10327269188,10327269229,1,"IOTHUB_CLIENT_CONFIRMATION_OK"
14141,10327269388,10327269453,1,"IOTHUB_CLIENT_CONFIRMATION_OK"
14142,10327269589,10327269635,1,"IOTHUB_CLIENT_CONFIRMATION_OK"
14143,10327269789,10327269834,1,"IOTHUB_CLIENT_CONFIRMATION_OK"
14144,10327269989,10327270035,1,"IOTHUB_CLIENT_CONFIRMATION_OK"
14145,10327270189,10327270250,1,"IOTHUB_CLIENT_CONFIRMATION_OK"
14146,10327270389,10327270734,1,"IOTHUB_CLIENT_CONFIRMATION_OK"
14147,10327270589,10327270817,1,"IOTHUB_CLIENT_CONFIRMATION_OK"
14148,10327270790,10327271092,1,"IOTHUB_CLIENT_CONFIRMATION_OK"
14149,10327270990,10327271118,1,"IOTHUB_CLIENT_CONFIRMATION_OK"
14150,10327271190,10327271267,1,"IOTHUB_CLIENT_CONFIRMATION_OK"
14151,10327271390,10327271601,1,"IOTHUB_CLIENT_CONFIRMATION_OK"
14152,10327271590,10327271652,1,"IOTHUB_CLIENT_CONFIRMATION_OK"
14153,10327271791,10327271831,1,"IOTHUB_CLIENT_CONFIRMATION_OK"
14154,10327271991,10327272035,1,"IOTHUB_CLIENT_CONFIRMATION_OK"
14155,10327272191,10327272228,1,"IOTHUB_CLIENT_CONFIRMATION_OK"
14156,10327272391,10327272438,1,"IOTHUB_CLIENT_CONFIRMATION_OK"
14157,10327272591,10327272658,1,"IOTHUB_CLIENT_CONFIRMATION_OK"
14158,10327272792,10327272849,1,"IOTHUB_CLIENT_CONFIRMATION_OK"
14159,10327272992,10327273034,1,"IOTHUB_CLIENT_CONFIRMATION_OK"
14160,10327273192,10327273233,1,"IOTHUB_CLIENT_CONFIRMATION_OK"
14161,10327273392,10327273431,1,"IOTHUB_CLIENT_CONFIRMATION_OK"
14162,10327273592,10327273736,1,"IOTHUB_CLIENT_CONFIRMATION_OK"
14163,10327273793,10327273844,1,"IOTHUB_CLIENT_CONFIRMATION_OK"
14164,10327273993,10327274057,1,"IOTHUB_CLIENT_CONFIRMATION_OK"
14165,10327274193,10327274271,1,"IOTHUB_CLIENT_CONFIRMATION_OK"
14166,10327274393,10327274439,1,"IOTHUB_CLIENT_CONFIRMATION_OK"
14167,10327274593,10327274646,1,"IOTHUB_CLIENT_CONFIRMATION_OK"
14168,10327274794,10327274837,1,"IOTHUB_CLIENT_CONFIRMATION_OK"
14169,10327274994,10327275040,1,"IOTHUB_CLIENT_CONFIRMATION_OK"
14170,10327275194,10327275240,1,"IOTHUB_CLIENT_CONFIRMATION_OK"
14171,10327275394,10327275493,1,"IOTHUB_CLIENT_CONFIRMATION_OK"
14172,10327275594,10327275637,1,"IOTHUB_CLIENT_CONFIRMATION_OK"
14173,10327275794,10327275900,1,"IOTHUB_CLIENT_CONFIRMATION_OK"
14174,10327275995,10327276045,1,"IOTHUB_CLIENT_CONFIRMATION_OK"
14175,10327276195,10327276239,1,"IOTHUB_CLIENT_CONFIRMATION_OK"
14176,10327276395,10327276450,1,"IOTHUB_CLIENT_CONFIRMATION_OK"
14177,10327276595,10327276656,1,"IOTHUB_CLIENT_CONFIRMATION_OK"
14178,10327276795,10327276843,1,"IOTHUB_CLIENT_CONFIRMATION_OK"
14179,10327276995,10327277051,1,"IOTHUB_CLIENT_CONFIRMATION_OK"
14180,10327277195,10327277245,1,"IOTHUB_CLIENT_CONFIRMATION_OK"
14181,10327277396,10327277442,1,"IOTHUB_CLIENT_CONFIRMATION_OK"
14182,10327277596,10327277644,1,"IOTHUB_CLIENT_CONFIRMATION_OK"
14183,10327277796,10327277871,1,"IOTHUB_CLIENT_CONFIRMATION_OK"
14184,10327277996,10327278044,1,"IOTHUB_CLIENT_CONFIRMATION_OK"
14185,10327278196,10327278244,1,"IOTHUB_CLIENT_CONFIRMATION_OK"
14186,10327278396,10327278468,1,"IOTHUB_CLIENT_CONFIRMATION_OK"
14187,10327278596,10327278643,1,"IOTHUB_CLIENT_CONFIRMATION_OK"
14188,10327278797,10327278848,1,"IOTHUB_CLIENT_CONFIRMATION_OK"
14189,10327278997,10327279090,1,"IOTHUB_CLIENT_CONFIRMATION_OK"
14190,10327279197,10327279244,1,"IOTHUB_CLIENT_CONFIRMATION_OK"
14191,10327279397,10327279442,1,"IOTHUB_CLIENT_CONFIRMATION_OK"
14192,10327279597,10327279631,1,"IOTHUB_CLIENT_CONFIRMATION_OK"
14193,10327279797,10327279835,1,"IOTHUB_CLIENT_CONFIRMATION_OK"
14194,10327279998,10327280066,1,"IOTHUB_CLIENT_CONFIRMATION_OK"
14195,10327280198,10327280229,1,"IOTHUB_CLIENT_CONFIRMATION_OK"
14196,10327280398,10327280449,1,"IOTHUB_CLIENT_CONFIRMATION_OK"
14197,10327280598,10327280727,1,"IOTHUB_CLIENT_CONFIRMATION_OK"
14198,10327280798,10327281000,1,"IOTHUB_CLIENT_CONFIRMATION_OK"
14199,10327280998,10327281053,1,"IOTHUB_CLIENT_CONFIRMATION_OK"
14200,10327281199,10327281233,1,"IOTHUB_CLIENT_CONFIRMATION_OK"
14201,10327281399,10327281431,1,"IOTHUB_CLIENT_CONFIRMATION_OK"
14202,10327281599,10327281654,1,"IOTHUB_CLIENT_CONFIRMATION_OK"
14203,10327281799,10327281849,1,"IOTHUB_CLIENT_CONFIRMATION_OK"
14204,10327281999,10327282042,1,"IOTHUB_CLIENT_CONFIRMATION_OK"
14205,10327282199,10327282243,1,"IOTHUB_CLIENT_CONFIRMATION_OK"
14206,10327282400,10327282428,1,"IOTHUB_CLIENT_CONFIRMATION_OK"
14207,10327282600,10327282636,1,"IOTHUB_CLIENT_CONFIRMATION_OK"
14208,10327282800,10327282890,1,"IOTHUB_CLIENT_CONFIRMATION_OK"
14209,10327283000,10327283031,1,"IOTHUB_CLIENT_CONFIRMATION_OK"
14210,10327283200,10327283244,1,"IOTHUB_CLIENT_CONFIRMATION_OK"
14211,10327283400,10327283436,1,"IOTHUB_CLIENT_CONFIRMATION_OK"
14212,10327283600,10327283637,1,"IOTHUB_CLIENT_CONFIRMATION_OK"
14213,10327283801,10327283846,1,"IOTHUB_CLIENT_CONFIRMATION_OK"
14214,10327284001,10327284043,1,"IOTHUB_CLIENT_CONFIRMATION_OK"
14215,10327284201,10327284255,1,"IOTHUB_CLIENT_CONFIRMATION_OK"
14216,10327284401,10327284455,1,"IOTHUB_CLIENT_CONFIRMATION_OK"
14217,10327284601,10327284676,1,"IOTHUB_CLIENT_CONFIRMATION_OK"
14218,10327284801,10327284856,1,"IOTHUB_CLIENT_CONFIRMATION_OK"
14219,10327285002,10327285039,1,"IOTHUB_CLIENT_CONFIRMATION_OK"
14220,10327285202,10327285279,1,"IOTHUB_CLIENT_CONFIRMATION_OK"
14221,10327285402,10327285435,1,"IOTHUB_CLIENT_CONFIRMATION_OK"
14222,10327285602,10327285673,1,"IOTHUB_CLIENT_CONFIRMATION_OK"
14223,10327285802,10327285843,1,"IOTHUB_CLIENT_CONFIRMATION_OK"
14224,10327286002,10327286041,1,"IOTHUB_CLIENT_CONFIRMATION_OK"
14225,10327286202,10327286234,1,"IOTHUB_CLIENT_CONFIRMATION_OK"
14226,10327286403,10327286537,1,"IOTHUB_CLIENT_CONFIRMATION_OK"
14227,10327286603,10327286664,1,"IOTHUB_CLIENT_CONFIRMATION_OK"
14228,10327286803,10327286851,1,"IOTHUB_CLIENT_CONFIRMATION_OK"
14229,10327287003,10327287143,1,"IOTHUB_CLIENT_CONFIRMATION_OK"
14230,10327287203,10327287240,1,"IOTHUB_CLIENT_CONFIRMATION_OK"
14231,10327287403,10327287446,1,"IOTHUB_CLIENT_CONFIRMATION_OK"
14232,10327287604,10327287638,1,"IOTHUB_CLIENT_CONFIRMATION_OK"
14233,10327287804,10327287847,1,"IOTHUB_CLIENT_CONFIRMATION_OK"
14234,10327288004,10327288039,1,"IOTHUB_CLIENT_CONFIRMATION_OK"
14235,10327288204,10327288238,1,"IOTHUB_CLIENT_CONFIRMATION_OK"
14236,10327288405,10327288439,1,"IOTHUB_CLIENT_CONFIRMATION_OK"
14237,10327288605,10327288651,1,"IOTHUB_CLIENT_CONFIRMATION_OK"
14238,10327288805,10327288841,1,"IOTHUB_CLIENT_CONFIRMATION_OK"
14239,10327289005,10327289085,1,"IOTHUB_CLIENT_CONFIRMATION_OK"
14240,10327289205,10327289236,1,"IOTHUB_CLIENT_CONFIRMATION_OK"
14241,10327289406,10327289452,1,"IOTHUB_CLIENT_CONFIRMATION_OK"
14242,10327289606,10327289666,1,"IOTHUB_CLIENT_CONFIRMATION_OK"
14243,10327289806,10327289837,1,"IOTHUB_CLIENT_CONFIRMATION_OK"
14244,10327290006,10327290038,1,"IOTHUB_CLIENT_CONFIRMATION_OK"
14245,10327290206,10327290237,1,"IOTHUB_CLIENT_CONFIRMATION_OK"
14246,10327290407,10327290438,1,"IOTHUB_CLIENT_CONFIRMATION_OK"
14247,10327290607,10327290852,1,"IOTHUB_CLIENT_CONFIRMATION_OK"
14248,10327290807,10327290883,1,"IOTHUB_CLIENT_CONFIRMATION_OK"
14249,10327291007,10327291072,1,"IOTHUB_CLIENT_CONFIRMATION_OK"
14250,10327291207,10327291345,1,"IOTHUB_CLIENT_CONFIRMATION_OK"
14251,10327291407,10327291457,1,"IOTHUB_CLIENT_CONFIRMATION_OK"
14252,10327291608,10327291748,1,"IOTHUB_CLIENT_CONFIRMATION_OK"
14253,10327291808,10327291857,1,"IOTHUB_CLIENT_CONFIRMATION_OK"
14254,10327292008,10327292050,1,"IOTHUB_CLIENT_CONFIRMATION_OK"
14255,10327292208,10327292357,1,"IOTHUB_CLIENT_CONFIRMATION_OK"
14256,10327292408,10327292447,1,"IOTHUB_CLIENT_CONFIRMATION_OK"
14257,10327292609,10327292661,1,"IOTHUB_CLIENT_CONFIRMATION_OK"
14258,10327292809,10327292862,1,"IOTHUB_CLIENT_CONFIRMATION_OK"
14259,10327293009,10327293041,1,"IOTHUB_CLIENT_CONFIRMATION_OK"
14260,10327293209,10327293259,1,"IOTHUB_CLIENT_CONFIRMATION_OK"
14261,10327293409,10327293483,1,"IOTHUB_CLIENT_CONFIRMATION_OK"
14262,10327293609,10327293658,1,"IOTHUB_CLIENT_CONFIRMATION_OK"
14263,10327293810,10327293854,1,"IOTHUB_CLIENT_CONFIRMATION_OK"
14264,10327294010,10327294074,1,"IOTHUB_CLIENT_CONFIRMATION_OK"
14265,10327294210,10327294254,1,"IOTHUB_CLIENT_CONFIRMATION_OK"
14266,10327294410,10327294454,1,"IOTHUB_CLIENT_CONFIRMATION_OK"
14267,10327294610,10327294654,1,"IOTHUB_CLIENT_CONFIRMATION_OK"
14268,10327294810,10327294866,1,"IOTHUB_CLIENT_CONFIRMATION_OK"
14269,10327295011,10327295057,1,"IOTHUB_CLIENT_CONFIRMATION_OK"
14270,10327295211,10327295244,1,"IOTHUB_CLIENT_CONFIRMATION_OK"
14271,10327295411,10327295447,1,"IOTHUB_CLIENT_CONFIRMATION_OK"
14272,10327295611,10327295644,1,"IOTHUB_CLIENT_CONFIRMATION_OK"
14273,10327295811,10327295858,1,"IOTHUB_CLIENT_CONFIRMATION_OK"
14274,10327296011,10327296054,1,"IOTHUB_CLIENT_CONFIRMATION_OK"
14275,10327296211,10327296256,1,"IOTHUB_CLIENT_CONFIRMATION_OK"
14276,10327296412,10327296473,1,"IOTHUB_CLIENT_CONFIRMATION_OK"
14277,10327296612,10327296646,1,"IOTHUB_CLIENT_CONFIRMATION_OK"
14278,10327296812,10327296856,1,"IOTHUB_CLIENT_CONFIRMATION_OK"
14279,10327297012,10327297065,1,"IOTHUB_CLIENT_CONFIRMATION_OK"
14280,10327297212,10327297261,1,"IOTHUB_CLIENT_CONFIRMATION_OK"
14281,10327297412,10327297464,1,"IOTHUB_CLIENT_CONFIRMATION_OK"
14282,10327297613,10327297648,1,"IOTHUB_CLIENT_CONFIRMATION_OK"
14283,10327297813,10327297858,1,"IOTHUB_CLIENT_CONFIRMATION_OK"
14284,10327298013,10327298157,1,"IOTHUB_CLIENT_CONFIRMATION_OK"
14285,10327298213,10327298258,1,"IOTHUB_CLIENT_CONFIRMATION_OK"
14286,10327298413,10327298472,1,"IOTHUB_CLIENT_CONFIRMATION_OK"
14287,10327298613,10327298688,1,"IOTHUB_CLIENT_CONFIRMATION_OK"
14288,10327298813,10327298848,1,"IOTHUB_CLIENT_CONFIRMATION_OK"
14289,10327299014,10327299083,1,"IOTHUB_CLIENT_CONFIRMATION_OK"
14290,10327299214,10327299261,1,"IOTHUB_CLIENT_CONFIRMATION_OK"
14291,10327299414,10327299487,1,"IOTHUB_CLIENT_CONFIRMATION_OK"
14292,10327299614,10327299700,1,"IOTHUB_CLIENT_CONFIRMATION_OK"
14293,10327299814,10327299881,1,"IOTHUB_CLIENT_CONFIRMATION_OK"
14294,10327300014,10327300120,1,"IOTHUB_CLIENT_CONFIRMATION_OK"
14295,10327300215,10327300249,1,"IOTHUB_CLIENT_CONFIRMATION_OK"
14296,10327300415,10327300446,1,"IOTHUB_CLIENT_CONFIRMATION_OK"
14297,10327300615,10327300674,1,"IOTHUB_CLIENT_CONFIRMATION_OK"
14298,10327300815,10327300936,1,"IOTHUB_CLIENT_CONFIRMATION_OK"
14299,10327301015,10327301045,1,"IOTHUB_CLIENT_CONFIRMATION_OK"
14300,10327301215,10327301274,1,"IOTHUB_CLIENT_CONFIRMATION_OK"
14301,10327301415,10327301564,1,"IOTHUB_CLIENT_CONFIRMATION_OK"
14302,10327301616,10327301648,1,"IOTHUB_CLIENT_CONFIRMATION_OK"
14303,10327301816,10327301859,1,"IOTHUB_CLIENT_CONFIRMATION_OK"
14304,10327302016,10327302181,1,"IOTHUB_CLIENT_CONFIRMATION_OK"
14305,10327302216,10327302257,1,"IOTHUB_CLIENT_CONFIRMATION_OK"
14306,10327302416,10327302449,1,"IOTHUB_CLIENT_CONFIRMATION_OK"
14307,10327302616,10327302669,1,"IOTHUB_CLIENT_CONFIRMATION_OK"
14308,10327302817,10327302850,1,"IOTHUB_CLIENT_CONFIRMATION_OK"
14309,10327303017,10327303061,1,"IOTHUB_CLIENT_CONFIRMATION_OK"
14310,10327303217,10327303251,1,"IOTHUB_CLIENT_CONFIRMATION_OK"
14311,10327303417,10327303461,1,"IOTHUB_CLIENT_CONFIRMATION_OK"
14312,10327303617,10327303665,1,"IOTHUB_CLIENT_CONFIRMATION_OK"
14313,10327303817,10327303863,1,"IOTHUB_CLIENT_CONFIRMATION_OK"
14314,10327304017,10327304056,1,"IOTHUB_CLIENT_CONFIRMATION_OK"
14315,10327304218,10327304260,1,"IOTHUB_CLIENT_CONFIRMATION_OK"
14316,10327304418,10327304467,1,"IOTHUB_CLIENT_CONFIRMATION_OK"
14317,10327304618,10327304656,1,"IOTHUB_CLIENT_CONFIRMATION_OK"
14318,10327304818,10327304863,1,"IOTHUB_CLIENT_CONFIRMATION_OK"
14319,10327305018,10327305049,1,"IOTHUB_CLIENT_CONFIRMATION_OK"
14320,10327305218,10327305251,1,"IOTHUB_CLIENT_CONFIRMATION_OK"
14321,10327305419,10327305448,1,"IOTHUB_CLIENT_CONFIRMATION_OK"
14322,10327305619,10327305651,1,"IOTHUB_CLIENT_CONFIRMATION_OK"
14323,10327305819,10327305851,1,"IOTHUB_CLIENT_CONFIRMATION_OK"
14324,10327306019,10327306084,1,"IOTHUB_CLIENT_CONFIRMATION_OK"
14325,10327306219,10327306288,1,"IOTHUB_CLIENT_CONFIRMATION_OK"
14326,10327306419,10327306480,1,"IOTHUB_CLIENT_CONFIRMATION_OK"
14327,10327306620,10327306664,1,"IOTHUB_CLIENT_CONFIRMATION_OK"
14328,10327306820,10327306861,1,"IOTHUB_CLIENT_CONFIRMATION_OK"
14329,10327307020,10327307056,1,"IOTHUB_CLIENT_CONFIRMATION_OK"
14330,10327307220,10327307386,1,"IOTHUB_CLIENT_CONFIRMATION_OK"
14331,10327307420,10327307451,1,"IOTHUB_CLIENT_CONFIRMATION_OK"
14332,10327307620,10327307652,1,"IOTHUB_CLIENT_CONFIRMATION_OK"
14333,10327307821,10327307858,1,"IOTHUB_CLIENT_CONFIRMATION_OK"
14334,10327308021,10327308065,1,"IOTHUB_CLIENT_CONFIRMATION_OK"
14335,10327308221,10327308267,1,"IOTHUB_CLIENT_CONFIRMATION_OK"
14336,10327308421,10327308483,1,"IOTHUB_CLIENT_CONFIRMATION_OK"
14337,10327308621,10327308656,1,"IOTHUB_CLIENT_CONFIRMATION_OK"
14338,10327308821,10327308851,1,"IOTHUB_CLIENT_CONFIRMATION_OK"
14339,10327309022,10327309090,1,"IOTHUB_CLIENT_CONFIRMATION_OK"
14340,10327309222,10327309417,1,"IOTHUB_CLIENT_CONFIRMATION_OK"
14341,10327309422,10327309454,1,"IOTHUB_CLIENT_CONFIRMATION_OK"
14342,10327309622,10327309656,1,"IOTHUB_CLIENT_CONFIRMATION_OK"
14343,10327309823,10327309963,1,"IOTHUB_CLIENT_CONFIRMATION_OK"
14344,10327310023,10327310066,1,"IOTHUB_CLIENT_CONFIRMATION_OK"
14345,10327310223,10327310260,1,"IOTHUB_CLIENT_CONFIRMATION_OK"
14346,10327310423,10327310470,1,"IOTHUB_CLIENT_CONFIRMATION_OK"
14347,10327310623,10327310658,1,"IOTHUB_CLIENT_CONFIRMATION_OK"
14348,10327310823,10327310858,1,"IOTHUB_CLIENT_CONFIRMATION_OK"
14349,10327311023,10327311074,1,"IOTHUB_CLIENT_CONFIRMATION_OK"
14350,10327311224,10327311254,1,"IOTHUB_CLIENT_CONFIRMATION_OK"
14351,10327311424,10327311516,1,"IOTHUB_CLIENT_CONFIRMATION_OK"
14352,10327311624,10327311666,1,"IOTHUB_CLIENT_CONFIRMATION_OK"
14353,10327311824,10327311876,1,"IOTHUB_CLIENT_CONFIRMATION_OK"
14354,10327312024,10327312118,1,"IOTHUB_CLIENT_CONFIRMATION_OK"
14355,10327312225,10327312264,1,"IOTHUB_CLIENT_CONFIRMATION_OK"
14356,10327312425,10327312480,1,"IOTHUB_CLIENT_CONFIRMATION_OK"
14357,10327312625,10327312669,1,"IOTHUB_CLIENT_CONFIRMATION_OK"
14358,10327312825,10327312870,1,"IOTHUB_CLIENT_CONFIRMATION_OK"
14359,10327313025,10327313099,1,"IOTHUB_CLIENT_CONFIRMATION_OK"
14360,10327313225,10327313300,1,"IOTHUB_CLIENT_CONFIRMATION_OK"
14361,10327313425,10327313469,1,"IOTHUB_CLIENT_CONFIRMATION_OK"
14362,10327313626,10327313696,1,"IOTHUB_CLIENT_CONFIRMATION_OK"
14363,10327313826,10327314081,1,"IOTHUB_CLIENT_CONFIRMATION_OK"
14364,10327314026,10327314103,1,"IOTHUB_CLIENT_CONFIRMATION_OK"
14365,10327314226,10327314308,1,"IOTHUB_CLIENT_CONFIRMATION_OK"
14366,10327314426,10327314492,1,"IOTHUB_CLIENT_CONFIRMATION_OK"
14367,10327314627,10327314682,1,"IOTHUB_CLIENT_CONFIRMATION_OK"
14368,10327314827,10327314891,1,"IOTHUB_CLIENT_CONFIRMATION_OK"
14369,10327315027,10327315081,1,"IOTHUB_CLIENT_CONFIRMATION_OK"
14370,10327315227,10327315270,1,"IOTHUB_CLIENT_CONFIRMATION_OK"
14371,10327315428,10327315470,1,"IOTHUB_CLIENT_CONFIRMATION_OK"
14372,10327315628,10327315663,1,"IOTHUB_CLIENT_CONFIRMATION_OK"
14373,10327315828,10327315974,1,"IOTHUB_CLIENT_CONFIRMATION_OK"
14374,10327316028,10327316155,1,"IOTHUB_CLIENT_CONFIRMATION_OK"
14375,10327316228,10327316276,1,"IOTHUB_CLIENT_CONFIRMATION_OK"
14376,10327316428,10327316565,1,"IOTHUB_CLIENT_CONFIRMATION_OK"
14377,10327316629,10327316663,1,"IOTHUB_CLIENT_CONFIRMATION_OK"
14378,10327316829,10327316860,1,"IOTHUB_CLIENT_CONFIRMATION_OK"
14379,10327317029,10327317177,1,"IOTHUB_CLIENT_CONFIRMATION_OK"
14380,10327317229,10327317259,1,"IOTHUB_CLIENT_CONFIRMATION_OK"
14381,10327317429,10327317473,1,"IOTHUB_CLIENT_CONFIRMATION_OK"
14382,10327317629,10327317708,1,"IOTHUB_CLIENT_CONFIRMATION_OK"
14383,10327317830,10327317871,1,"IOTHUB_CLIENT_CONFIRMATION_OK"
14384,10327318030,10327318064,1,"IOTHUB_CLIENT_CONFIRMATION_OK"
14385,10327318230,10327318276,1,"IOTHUB_CLIENT_CONFIRMATION_OK"
14386,10327318430,10327318474,1,"IOTHUB_CLIENT_CONFIRMATION_OK"
14387,10327318630,10327318672,1,"IOTHUB_CLIENT_CONFIRMATION_OK"
14388,10327318830,10327318914,1,"IOTHUB_CLIENT_CONFIRMATION_OK"
14389,10327319031,10327319075,1,"IOTHUB_CLIENT_CONFIRMATION_OK"
14390,10327319231,10327319278,1,"IOTHUB_CLIENT_CONFIRMATION_OK"
14391,10327319431,10327319504,1,"IOTHUB_CLIENT_CONFIRMATION_OK"
14392,10327319633,10327319677,1,"IOTHUB_CLIENT_CONFIRMATION_OK"
14393,10327319833,10327320018,1,"IOTHUB_CLIENT_CONFIRMATION_OK"
14394,10327320073,10327320106,1,"IOTHUB_CLIENT_CONFIRMATION_OK"
14395,10327320273,10327320313,1,"IOTHUB_CLIENT_CONFIRMATION_OK"
14396,10327320473,10327320520,1,"IOTHUB_CLIENT_CONFIRMATION_OK"
14397,10327320673,10327320780,1,"IOTHUB_CLIENT_CONFIRMATION_OK"
14398,10327320873,10327320908,1,"IOTHUB_CLIENT_CONFIRMATION_OK"
14399,10327321074,10327321131,1,"IOTHUB_CLIENT_CONFIRMATION_OK"
14400,10327321274,10327321395,1,"IOTHUB_CLIENT_CONFIRMATION_OK"
14401,10327321474,10327321521,1,"IOTHUB_CLIENT_CONFIRMATION_OK"
14402,10327321674,10327321711,1,"IOTHUB_CLIENT_CONFIRMATION_OK"
14403,10327321874,10327321931,1,"IOTHUB_CLIENT_CONFIRMATION_OK"
14404,10327322074,10327322107,1,"IOTHUB_CLIENT_CONFIRMATION_OK"
14405,10327322275,10327322309,1,"IOTHUB_CLIENT_CONFIRMATION_OK"
14406,10327322475,10327322511,1,"IOTHUB_CLIENT_CONFIRMATION_OK"
14407,10327322675,10327322729,1,"IOTHUB_CLIENT_CONFIRMATION_OK"
14408,10327322875,10327322938,1,"IOTHUB_CLIENT_CONFIRMATION_OK"
14409,10327323075,10327323144,1,"IOTHUB_CLIENT_CONFIRMATION_OK"
14410,10327323275,10327323307,1,"IOTHUB_CLIENT_CONFIRMATION_OK"
14411,10327323475,10327323754,1,"IOTHUB_CLIENT_CONFIRMATION_OK"
14412,10327323676,10327323789,1,"IOTHUB_CLIENT_CONFIRMATION_OK"
14413,10327323876,10327323919,1,"IOTHUB_CLIENT_CONFIRMATION_OK"
14414,10327324076,10327324158,1,"IOTHUB_CLIENT_CONFIRMATION_OK"
14415,10327324276,10327324306,1,"IOTHUB_CLIENT_CONFIRMATION_OK"
14416,10327324476,10327324508,1,"IOTHUB_CLIENT_CONFIRMATION_OK"
14417,10327324677,10327324762,1,"IOTHUB_CLIENT_CONFIRMATION_OK"
14418,10327324877,10327324908,1,"IOTHUB_CLIENT_CONFIRMATION_OK"
14419,10327325077,10327325110,1,"IOTHUB_CLIENT_CONFIRMATION_OK"
14420,10327325277,10327325306,1,"IOTHUB_CLIENT_CONFIRMATION_OK"
14421,10327325477,10327325546,1,"IOTHUB_CLIENT_CONFIRMATION_OK"
14422,10327325677,10327325789,1,"IOTHUB_CLIENT_CONFIRMATION_OK"
14423,10327325877,10327325913,1,"IOTHUB_CLIENT_CONFIRMATION_OK"
14424,10327326078,10327326113,1,"IOTHUB_CLIENT_CONFIRMATION_OK"
14425,10327326278,10327326389,1,"IOTHUB_CLIENT_CONFIRMATION_OK"
14426,10327326478,10327326513,1,"IOTHUB_CLIENT_CONFIRMATION_OK"
14427,10327326678,10327326711,1,"IOTHUB_CLIENT_CONFIRMATION_OK"
14428,10327326878,10327326915,1,"IOTHUB_CLIENT_CONFIRMATION_OK"
14429,10327327078,10327327111,1,"IOTHUB_CLIENT_CONFIRMATION_OK"
14430,10327327279,10327327446,1,"IOTHUB_CLIENT_CONFIRMATION_OK"
14431,10327327479,10327327531,1,"IOTHUB_CLIENT_CONFIRMATION_OK"
14432,10327327679,10327327715,1,"IOTHUB_CLIENT_CONFIRMATION_OK"
14433,10327327879,10327327915,1,"IOTHUB_CLIENT_CONFIRMATION_OK"
14434,10327328079,10327328139,1,"IOTHUB_CLIENT_CONFIRMATION_OK"
14435,10327328279,10327328458,1,"IOTHUB_CLIENT_CONFIRMATION_OK"
14436,10327328479,10327328514,1,"IOTHUB_CLIENT_CONFIRMATION_OK"
14437,10327328680,10327328728,1,"IOTHUB_CLIENT_CONFIRMATION_OK"
14438,10327328880,10327328910,1,"IOTHUB_CLIENT_CONFIRMATION_OK"
14439,10327329080,10327329109,1,"IOTHUB_CLIENT_CONFIRMATION_OK"
14440,10327329280,10327329312,1,"IOTHUB_CLIENT_CONFIRMATION_OK"
14441,10327329480,10327329518,1,"IOTHUB_CLIENT_CONFIRMATION_OK"
14442,10327329680,10327329715,1,"IOTHUB_CLIENT_CONFIRMATION_OK"
14443,10327329881,10327330107,1,"IOTHUB_CLIENT_CONFIRMATION_OK"
14444,10327330081,10327330118,1,"IOTHUB_CLIENT_CONFIRMATION_OK"
14445,10327330281,10327330314,1,"IOTHUB_CLIENT_CONFIRMATION_OK"
14446,10327330481,10327330510,1,"IOTHUB_CLIENT_CONFIRMATION_OK"
14447,10327330681,10327330712,1,"IOTHUB_CLIENT_CONFIRMATION_OK"
14448,10327330882,10327330926,1,"IOTHUB_CLIENT_CONFIRMATION_OK"
14449,10327331082,10327331116,1,"IOTHUB_CLIENT_CONFIRMATION_OK"
14450,10327331282,10327331315,1,"IOTHUB_CLIENT_CONFIRMATION_OK"
14451,10327331482,10327331537,1,"IOTHUB_CLIENT_CONFIRMATION_OK"
14452,10327331682,10327331712,1,"IOTHUB_CLIENT_CONFIRMATION_OK"
14453,10327331882,10327331912,1,"IOTHUB_CLIENT_CONFIRMATION_OK"
14454,10327332083,10327332145,1,"IOTHUB_CLIENT_CONFIRMATION_OK"
14455,10327332283,10327332330,1,"IOTHUB_CLIENT_CONFIRMATION_OK"
14456,10327332483,10327332534,1,"IOTHUB_CLIENT_CONFIRMATION_OK"
14457,10327332683,10327332717,1,"IOTHUB_CLIENT_CONFIRMATION_OK"
14458,10327332883,10327332914,1,"IOTHUB_CLIENT_CONFIRMATION_OK"
14459,10327333083,10327333154,1,"IOTHUB_CLIENT_CONFIRMATION_OK"
14460,10327333284,10327333317,1,"IOTHUB_CLIENT_CONFIRMATION_OK"
14461,10327333484,10327333515,1,"IOTHUB_CLIENT_CONFIRMATION_OK"
14462,10327333684,10327333721,1,"IOTHUB_CLIENT_CONFIRMATION_OK"
14463,10327333884,10327333928,1,"IOTHUB_CLIENT_CONFIRMATION_OK"
14464,10327334084,10327334158,1,"IOTHUB_CLIENT_CONFIRMATION_OK"
14465,10327334285,10327334320,1,"IOTHUB_CLIENT_CONFIRMATION_OK"
14466,10327334485,10327334527,1,"IOTHUB_CLIENT_CONFIRMATION_OK"
14467,10327334685,10327334778,1,"IOTHUB_CLIENT_CONFIRMATION_OK"
14468,10327334885,10327334922,1,"IOTHUB_CLIENT_CONFIRMATION_OK"
14469,10327335085,10327335119,1,"IOTHUB_CLIENT_CONFIRMATION_OK"
14470,10327335285,10327335314,1,"IOTHUB_CLIENT_CONFIRMATION_OK"
14471,10327335485,10327335523,1,"IOTHUB_CLIENT_CONFIRMATION_OK"
14472,10327335686,10327335784,1,"IOTHUB_CLIENT_CONFIRMATION_OK"
14473,10327335886,10327335935,1,"IOTHUB_CLIENT_CONFIRMATION_OK"
14474,10327336086,10327336124,1,"IOTHUB_CLIENT_CONFIRMATION_OK"
14475,10327336286,10327336321,1,"IOTHUB_CLIENT_CONFIRMATION_OK"
14476,10327336486,10327336515,1,"IOTHUB_CLIENT_CONFIRMATION_OK"
14477,10327336686,10327336719,1,"IOTHUB_CLIENT_CONFIRMATION_OK"
14478,10327336886,10327336935,1,"IOTHUB_CLIENT_CONFIRMATION_OK"
14479,10327337087,10327337116,1,"IOTHUB_CLIENT_CONFIRMATION_OK"
14480,10327337287,10327337428,1,"IOTHUB_CLIENT_CONFIRMATION_OK"
14481,10327337487,10327337522,1,"IOTHUB_CLIENT_CONFIRMATION_OK"
14482,10327337687,10327337719,1,"IOTHUB_CLIENT_CONFIRMATION_OK"
14483,10327337887,10327337918,1,"IOTHUB_CLIENT_CONFIRMATION_OK"
14484,10327338087,10327338152,1,"IOTHUB_CLIENT_CONFIRMATION_OK"
14485,10327338288,10327338468,1,"IOTHUB_CLIENT_CONFIRMATION_OK"
14486,10327338488,10327338520,1,"IOTHUB_CLIENT_CONFIRMATION_OK"
14487,10327338688,10327338722,1,"IOTHUB_CLIENT_CONFIRMATION_OK"
14488,10327338888,10327338930,1,"IOTHUB_CLIENT_CONFIRMATION_OK"
14489,10327339088,10327339140,1,"IOTHUB_CLIENT_CONFIRMATION_OK"
14490,10327339288,10327339323,1,"IOTHUB_CLIENT_CONFIRMATION_OK"
14491,10327339488,10327339523,1,"IOTHUB_CLIENT_CONFIRMATION_OK"
14492,10327339689,10327339722,1,"IOTHUB_CLIENT_CONFIRMATION_OK"
14493,10327339889,10327339929,1,"IOTHUB_CLIENT_CONFIRMATION_OK"
14494,10327340089,10327340122,1,"IOTHUB_CLIENT_CONFIRMATION_OK"
14495,10327340289,10327340319,1,"IOTHUB_CLIENT_CONFIRMATION_OK"
14496,10327340489,10327340524,1,"IOTHUB_CLIENT_CONFIRMATION_OK"
14497,10327340689,10327340868,1,"IOTHUB_CLIENT_CONFIRMATION_OK"
14498,10327340890,10327340924,1,"IOTHUB_CLIENT_CONFIRMATION_OK"
14499,10327341090,10327341137,1,"IOTHUB_CLIENT_CONFIRMATION_OK"
14500,10327341290,10327341323,1,"IOTHUB_CLIENT_CONFIRMATION_OK"
14501,10327341490,10327341534,1,"IOTHUB_CLIENT_CONFIRMATION_OK"
14502,10327341690,10327341726,1,"IOTHUB_CLIENT_CONFIRMATION_OK"
14503,10327341890,10327341926,1,"IOTHUB_CLIENT_CONFIRMATION_OK"
14504,10327342090,10327342153,1,"IOTHUB_CLIENT_CONFIRMATION_OK"
14505,10327342291,10327342323,1,"IOTHUB_CLIENT_CONFIRMATION_OK"
14506,10327342491,10327342534,1,"IOTHUB_CLIENT_CONFIRMATION_OK"
14507,10327342691,10327342724,1,"IOTHUB_CLIENT_CONFIRMATION_OK"
14508,10327342891,10327342920,1,"IOTHUB_CLIENT_CONFIRMATION_OK"
14509,10327343091,10327343152,1,"IOTHUB_CLIENT_CONFIRMATION_OK"
14510,10327343292,10327343334,1,"IOTHUB_CLIENT_CONFIRMATION_OK"
14511,10327343492,10327343525,1,"IOTHUB_CLIENT_CONFIRMATION_OK"
14512,10327343692,10327343769,1,"IOTHUB_CLIENT_CONFIRMATION_OK"
14513,10327343892,10327343925,1,"IOTHUB_CLIENT_CONFIRMATION_OK"
14514,10327344092,10327344170,1,"IOTHUB_CLIENT_CONFIRMATION_OK"
14515,10327344292,10327344322,1,"IOTHUB_CLIENT_CONFIRMATION_OK"
14516,10327344492,10327344527,1,"IOTHUB_CLIENT_CONFIRMATION_OK"
14517,10327344693,10327344776,1,"IOTHUB_CLIENT_CONFIRMATION_OK"
14518,10327344893,10327344925,1,"IOTHUB_CLIENT_CONFIRMATION_OK"
14519,10327345093,10327345125,1,"IOTHUB_CLIENT_CONFIRMATION_OK"
14520,10327345293,10327345335,1,"IOTHUB_CLIENT_CONFIRMATION_OK"
14521,10327345493,10327345571,1,"IOTHUB_CLIENT_CONFIRMATION_OK"
14522,10327345693,10327345792,1,"IOTHUB_CLIENT_CONFIRMATION_OK"
14523,10327345894,10327345923,1,"IOTHUB_CLIENT_CONFIRMATION_OK"
14524,10327346094,10327346136,1,"IOTHUB_CLIENT_CONFIRMATION_OK"
14525,10327346294,10327346408,1,"IOTHUB_CLIENT_CONFIRMATION_OK"
14526,10327346494,10327346531,1,"IOTHUB_CLIENT_CONFIRMATION_OK"
14527,10327346694,10327346727,1,"IOTHUB_CLIENT_CONFIRMATION_OK"
14528,10327346894,10327346926,1,"IOTHUB_CLIENT_CONFIRMATION_OK"
14529,10327347094,10327347126,1,"IOTHUB_CLIENT_CONFIRMATION_OK"
14530,10327347295,10327347438,1,"IOTHUB_CLIENT_CONFIRMATION_OK"
14531,10327347495,10327347561,1,"IOTHUB_CLIENT_CONFIRMATION_OK"
14532,10327347695,10327347729,1,"IOTHUB_CLIENT_CONFIRMATION_OK"
14533,10327347895,10327347930,1,"IOTHUB_CLIENT_CONFIRMATION_OK"
14534,10327348095,10327348126,1,"IOTHUB_CLIENT_CONFIRMATION_OK"
14535,10327348295,10327348526,1,"IOTHUB_CLIENT_CONFIRMATION_OK"
14536,10327348496,10327348554,1,"IOTHUB_CLIENT_CONFIRMATION_OK"
14537,10327348696,10327348727,1,"IOTHUB_CLIENT_CONFIRMATION_OK"
14538,10327348896,10327348992,1,"IOTHUB_CLIENT_CONFIRMATION_OK"
14539,10327349096,10327349127,1,"IOTHUB_CLIENT_CONFIRMATION_OK"
14540,10327349296,10327349327,1,"IOTHUB_CLIENT_CONFIRMATION_OK"
14541,10327349496,10327349528,1,"IOTHUB_CLIENT_CONFIRMATION_OK"
14542,10327349697,10327349726,1,"IOTHUB_CLIENT_CONFIRMATION_OK"
14543,10327349897,10327350097,1,"IOTHUB_CLIENT_CONFIRMATION_OK"
14544,10327350097,10327350134,1,"IOTHUB_CLIENT_CONFIRMATION_OK"
14545,10327350297,10327350340,1,"IOTHUB_CLIENT_CONFIRMATION_OK"
14546,10327350497,10327350617,1,"IOTHUB_CLIENT_CONFIRMATION_OK"
14547,10327350697,10327350728,1,"IOTHUB_CLIENT_CONFIRMATION_OK"
14548,10327350898,10327350927,1,"IOTHUB_CLIENT_CONFIRMATION_OK"
14549,10327351098,10327351274,1,"IOTHUB_CLIENT_CONFIRMATION_OK"
14550,10327351298,10327351328,1,"IOTHUB_CLIENT_CONFIRMATION_OK"
14551,10327351498,10327351539,1,"IOTHUB_CLIENT_CONFIRMATION_OK"
14552,10327351698,10327351730,1,"IOTHUB_CLIENT_CONFIRMATION_OK"
14553,10327351898,10327351941,1,"IOTHUB_CLIENT_CONFIRMATION_OK"
14554,10327352099,10327352134,1,"IOTHUB_CLIENT_CONFIRMATION_OK"
14555,10327352299,10327352454,1,"IOTHUB_CLIENT_CONFIRMATION_OK"
14556,10327352499,10327352794,1,"IOTHUB_CLIENT_CONFIRMATION_OK"
14557,10327352699,10327352828,1,"IOTHUB_CLIENT_CONFIRMATION_OK"
14558,10327352899,10327352950,1,"IOTHUB_CLIENT_CONFIRMATION_OK"
14559,10327353099,10327353150,1,"IOTHUB_CLIENT_CONFIRMATION_OK"
14560,10327353300,10327353329,1,"IOTHUB_CLIENT_CONFIRMATION_OK"
14561,10327353500,10327353531,1,"IOTHUB_CLIENT_CONFIRMATION_OK"
14562,10327353700,10327353738,1,"IOTHUB_CLIENT_CONFIRMATION_OK"
14563,10327353900,10327354005,1,"IOTHUB_CLIENT_CONFIRMATION_OK"
14564,10327354100,10327354157,1,"IOTHUB_CLIENT_CONFIRMATION_OK"
14565,10327354300,10327354332,1,"IOTHUB_CLIENT_CONFIRMATION_OK"
14566,10327354501,10327354608,1,"IOTHUB_CLIENT_CONFIRMATION_OK"
14567,10327354701,10327354780,1,"IOTHUB_CLIENT_CONFIRMATION_OK"
14568,10327354901,10327354930,1,"IOTHUB_CLIENT_CONFIRMATION_OK"
14569,10327355101,10327355225,1,"IOTHUB_CLIENT_CONFIRMATION_OK"
14570,10327355301,10327355337,1,"IOTHUB_CLIENT_CONFIRMATION_OK"
14571,10327355501,10327355567,1,"IOTHUB_CLIENT_CONFIRMATION_OK"
14572,10327355701,10327355836,1,"IOTHUB_CLIENT_CONFIRMATION_OK"
14573,10327355902,10327355933,1,"IOTHUB_CLIENT_CONFIRMATION_OK"
14574,10327356102,10327356136,1,"IOTHUB_CLIENT_CONFIRMATION_OK"
14575,10327356302,10327356348,1,"IOTHUB_CLIENT_CONFIRMATION_OK"
14576,10327356502,10327356533,1,"IOTHUB_CLIENT_CONFIRMATION_OK"
14577,10327356702,10327356731,1,"IOTHUB_CLIENT_CONFIRMATION_OK"
14578,10327356902,10327356934,1,"IOTHUB_CLIENT_CONFIRMATION_OK"
14579,10327357103,10327357131,1,"IOTHUB_CLIENT_CONFIRMATION_OK"
14580,10327357303,10327357336,1,"IOTHUB_CLIENT_CONFIRMATION_OK"
14581,10327357503,10327357553,1,"IOTHUB_CLIENT_CONFIRMATION_OK"
14582,10327357703,10327357741,1,"IOTHUB_CLIENT_CONFIRMATION_OK"
14583,10327357903,10327357938,1,"IOTHUB_CLIENT_CONFIRMATION_OK"
14584,10327358103,10327358139,1,"IOTHUB_CLIENT_CONFIRMATION_OK"
14585,10327358304,10327358519,1,"IOTHUB_CLIENT_CONFIRMATION_OK"
14586,10327358504,10327358535,1,"IOTHUB_CLIENT_CONFIRMATION_OK"
14587,10327358704,10327358736,1,"IOTHUB_CLIENT_CONFIRMATION_OK"
14588,10327358904,10327358937,1,"IOTHUB_CLIENT_CONFIRMATION_OK"
14589,10327359104,10327359134,1,"IOTHUB_CLIENT_CONFIRMATION_OK"
14590,10327359305,10327359339,1,"IOTHUB_CLIENT_CONFIRMATION_OK"
14591,10327359505,10327359537,1,"IOTHUB_CLIENT_CONFIRMATION_OK"
14592,10327359705,10327359740,1,"IOTHUB_CLIENT_CONFIRMATION_OK"
14593,10327359905,10327359940,1,"IOTHUB_CLIENT_CONFIRMATION_OK"
14594,10327360105,10327360134,1,"IOTHUB_CLIENT_CONFIRMATION_OK"
14595,10327360305,10327360420,1,"IOTHUB_CLIENT_CONFIRMATION_OK"
14596,10327360505,10327360570,1,"IOTHUB_CLIENT_CONFIRMATION_OK"
14597,10327360706,10327360742,1,"IOTHUB_CLIENT_CONFIRMATION_OK"
14598,10327360906,10327361029,1,"IOTHUB_CLIENT_CONFIRMATION_OK"
14599,10327361106,10327361159,1,"IOTHUB_CLIENT_CONFIRMATION_OK"
14600,10327361306,10327361340,1,"IOTHUB_CLIENT_CONFIRMATION_OK"
14601,10327361506,10327361563,1,"IOTHUB_CLIENT_CONFIRMATION_OK"
14602,10327361706,10327361740,1,"IOTHUB_CLIENT_CONFIRMATION_OK"
14603,10327361907,10327361943,1,"IOTHUB_CLIENT_CONFIRMATION_OK"
14604,10327362107,10327362192,1,"IOTHUB_CLIENT_CONFIRMATION_OK"
14605,10327362307,10327362368,1,"IOTHUB_CLIENT_CONFIRMATION_OK"
14606,10327362507,10327362544,1,"IOTHUB_CLIENT_CONFIRMATION_OK"
14607,10327362707,10327362740,1,"IOTHUB_CLIENT_CONFIRMATION_OK"
14608,10327362907,10327362961,1,"IOTHUB_CLIENT_CONFIRMATION_OK"
14609,10327363107,10327363216,1,"IOTHUB_CLIENT_CONFIRMATION_OK"
14610,10327363308,10327363351,1,"IOTHUB_CLIENT_CONFIRMATION_OK"
14611,10327363508,10327363543,1,"IOTHUB_CLIENT_CONFIRMATION_OK"
14612,10327363708,10327363781,1,"IOTHUB_CLIENT_CONFIRMATION_OK"
14613,10327363908,10327363939,1,"IOTHUB_CLIENT_CONFIRMATION_OK"
14614,10327364108,10327364199,1,"IOTHUB_CLIENT_CONFIRMATION_OK"
14615,10327364308,10327364348,1,"IOTHUB_CLIENT_CONFIRMATION_OK"
14616,10327364509,10327364540,1,"IOTHUB_CLIENT_CONFIRMATION_OK"
14617,10327364709,10327364816,1,"IOTHUB_CLIENT_CONFIRMATION_OK"
14618,10327364909,10327364945,1,"IOTHUB_CLIENT_CONFIRMATION_OK"
14619,10327365109,10327365144,1,"IOTHUB_CLIENT_CONFIRMATION_OK"
14620,10327365309,10327365340,1,"IOTHUB_CLIENT_CONFIRMATION_OK"
14621,10327365509,10327365541,1,"IOTHUB_CLIENT_CONFIRMATION_OK"
14622,10327365709,10327365820,1,"IOTHUB_CLIENT_CONFIRMATION_OK"
14623,10327365910,10327365942,1,"IOTHUB_CLIENT_CONFIRMATION_OK"
14624,10327366110,10327366140,1,"IOTHUB_CLIENT_CONFIRMATION_OK"
14625,10327366310,10327366342,1,"IOTHUB_CLIENT_CONFIRMATION_OK"
14626,10327366510,10327366556,1,"IOTHUB_CLIENT_CONFIRMATION_OK"
14627,10327366710,10327366745,1,"IOTHUB_CLIENT_CONFIRMATION_OK"
14628,10327366910,10327366939,1,"IOTHUB_CLIENT_CONFIRMATION_OK"
14629,10327367111,10327367142,1,"IOTHUB_CLIENT_CONFIRMATION_OK"
14630,10327367311,10327367453,1,"IOTHUB_CLIENT_CONFIRMATION_OK"
14631,10327367511,10327367653,1,"IOTHUB_CLIENT_CONFIRMATION_OK"
14632,10327367711,10327367740,1,"IOTHUB_CLIENT_CONFIRMATION_OK"
14633,10327367911,10327367940,1,"IOTHUB_CLIENT_CONFIRMATION_OK"
14634,10327368111,10327368142,1,"IOTHUB_CLIENT_CONFIRMATION_OK"
14635,10327368312,10327368473,1,"IOTHUB_CLIENT_CONFIRMATION_OK"
14636,10327368512,10327368546,1,"IOTHUB_CLIENT_CONFIRMATION_OK"
14637,10327368712,10327368742,1,"IOTHUB_CLIENT_CONFIRMATION_OK"
14638,10327368912,10327368951,1,"IOTHUB_CLIENT_CONFIRMATION_OK"
14639,10327369112,10327369142,1,"IOTHUB_CLIENT_CONFIRMATION_OK"
14640,10327369312,10327369376,1,"IOTHUB_CLIENT_CONFIRMATION_OK"
14641,10327369513,10327369545,1,"IOTHUB_CLIENT_CONFIRMATION_OK"
14642,10327369713,10327369746,1,"IOTHUB_CLIENT_CONFIRMATION_OK"
14643,10327369913,10327370088,1,"IOTHUB_CLIENT_CONFIRMATION_OK"
14644,10327370113,10327370145,1,"IOTHUB_CLIENT_CONFIRMATION_OK"
14645,10327370313,10327370356,1,"IOTHUB_CLIENT_CONFIRMATION_OK"
14646,10327370513,10327370547,1,"IOTHUB_CLIENT_CONFIRMATION_OK"
14647,10327370713,10327370755,1,"IOTHUB_CLIENT_CONFIRMATION_OK"
14648,10327370914,10327371034,1,"IOTHUB_CLIENT_CONFIRMATION_OK"
14649,10327371114,10327371158,1,"IOTHUB_CLIENT_CONFIRMATION_OK"
14650,10327371314,10327371351,1,"IOTHUB_CLIENT_CONFIRMATION_OK"
14651,10327371514,10327371547,1,"IOTHUB_CLIENT_CONFIRMATION_OK"
14652,10327371714,10327371759,1,"IOTHUB_CLIENT_CONFIRMATION_OK"
14653,10327371914,10327371969,1,"IOTHUB_CLIENT_CONFIRMATION_OK"
14654,10327372114,10327372205,1,"IOTHUB_CLIENT_CONFIRMATION_OK"
14655,10327372315,10327372352,1,"IOTHUB_CLIENT_CONFIRMATION_OK"
14656,10327372515,10327372550,1,"IOTHUB_CLIENT_CONFIRMATION_OK"
14657,10327372715,10327372758,1,"IOTHUB_CLIENT_CONFIRMATION_OK"
14658,10327372915,10327373021,1,"IOTHUB_CLIENT_CONFIRMATION_OK"
14659,10327373115,10327373160,1,"IOTHUB_CLIENT_CONFIRMATION_OK"
14660,10327373315,10327373375,1,"IOTHUB_CLIENT_CONFIRMATION_OK"
14661,10327373515,10327373550,1,"IOTHUB_CLIENT_CONFIRMATION_OK"
14662,10327373716,10327373772,1,"IOTHUB_CLIENT_CONFIRMATION_OK"
14663,10327373916,10327373955,1,"IOTHUB_CLIENT_CONFIRMATION_OK"
14664,10327374116,10327374165,1,"IOTHUB_CLIENT_CONFIRMATION_OK"
14665,10327374316,10327374349,1,"IOTHUB_CLIENT_CONFIRMATION_OK"
14666,10327374516,10327374547,1,"IOTHUB_CLIENT_CONFIRMATION_OK"
14667,10327374717,10327374788,1,"IOTHUB_CLIENT_CONFIRMATION_OK"
14668,10327374917,10327374953,1,"IOTHUB_CLIENT_CONFIRMATION_OK"
14669,10327375117,10327375153,1,"IOTHUB_CLIENT_CONFIRMATION_OK"
14670,10327375317,10327375352,1,"IOTHUB_CLIENT_CONFIRMATION_OK"
14671,10327375517,10327375558,1,"IOTHUB_CLIENT_CONFIRMATION_OK"
14672,10327375718,10327375789,1,"IOTHUB_CLIENT_CONFIRMATION_OK"
14673,10327375918,10327375949,1,"IOTHUB_CLIENT_CONFIRMATION_OK"
14674,10327376118,10327376152,1,"IOTHUB_CLIENT_CONFIRMATION_OK"
14675,10327376318,10327376422,1,"IOTHUB_CLIENT_CONFIRMATION_OK"
14676,10327376518,10327376552,1,"IOTHUB_CLIENT_CONFIRMATION_OK"
14677,10327376719,10327376766,1,"IOTHUB_CLIENT_CONFIRMATION_OK"
14678,10327376919,10327376952,1,"IOTHUB_CLIENT_CONFIRMATION_OK"
14679,10327377119,10327377155,1,"IOTHUB_CLIENT_CONFIRMATION_OK"
14680,10327377319,10327377438,1,"IOTHUB_CLIENT_CONFIRMATION_OK"
14681,10327377519,10327377550,1,"IOTHUB_CLIENT_CONFIRMATION_OK"
14682,10327377719,10327377752,1,"IOTHUB_CLIENT_CONFIRMATION_OK"
14683,10327377920,10327377952,1,"IOTHUB_CLIENT_CONFIRMATION_OK"
14684,10327378120,10327378152,1,"IOTHUB_CLIENT_CONFIRMATION_OK"
14685,10327378320,10327378455,1,"IOTHUB_CLIENT_CONFIRMATION_OK"
14686,10327378520,10327378554,1,"IOTHUB_CLIENT_CONFIRMATION_OK"
14687,10327378720,10327378752,1,"IOTHUB_CLIENT_CONFIRMATION_OK"
14688,10327378920,10327379071,1,"IOTHUB_CLIENT_CONFIRMATION_OK"
14689,10327379120,10327379150,1,"IOTHUB_CLIENT_CONFIRMATION_OK"
14690,10327379321,10327379350,1,"IOTHUB_CLIENT_CONFIRMATION_OK"
14691,10327379521,10327379575,1,"IOTHUB_CLIENT_CONFIRMATION_OK"
14692,10327379721,10327379750,1,"IOTHUB_CLIENT_CONFIRMATION_OK"
14693,10327379921,10327380071,1,"IOTHUB_CLIENT_CONFIRMATION_OK"
14694,10327380122,10327380151,1,"IOTHUB_CLIENT_CONFIRMATION_OK"
14695,10327380322,10327380351,1,"IOTHUB_CLIENT_CONFIRMATION_OK"
14696,10327380522,10327380555,1,"IOTHUB_CLIENT_CONFIRMATION_OK"
14697,10327380722,10327380780,1,"IOTHUB_CLIENT_CONFIRMATION_OK"
14698,10327380922,10327380961,1,"IOTHUB_CLIENT_CONFIRMATION_OK"
14699,10327381122,10327381157,1,"IOTHUB_CLIENT_CONFIRMATION_OK"
14700,10327381323,10327381363,1,"IOTHUB_CLIENT_CONFIRMATION_OK"
14701,10327381523,10327381651,1,"IOTHUB_CLIENT_CONFIRMATION_OK"
14702,10327381723,10327381754,1,"IOTHUB_CLIENT_CONFIRMATION_OK"
14703,10327381923,10327381955,1,"IOTHUB_CLIENT_CONFIRMATION_OK"
14704,10327382123,10327382156,1,"IOTHUB_CLIENT_CONFIRMATION_OK"
14705,10327382323,10327382353,1,"IOTHUB_CLIENT_CONFIRMATION_OK"
14706,10327382523,10327382557,1,"IOTHUB_CLIENT_CONFIRMATION_OK"
14707,10327382724,10327382767,1,"IOTHUB_CLIENT_CONFIRMATION_OK"
14708,10327382924,10327382959,1,"IOTHUB_CLIENT_CONFIRMATION_OK"
14709,10327383124,10327383157,1,"IOTHUB_CLIENT_CONFIRMATION_OK"
14710,10327383324,10327383362,1,"IOTHUB_CLIENT_CONFIRMATION_OK"
14711,10327383524,10327383564,1,"IOTHUB_CLIENT_CONFIRMATION_OK"
14712,10327383724,10327383753,1,"IOTHUB_CLIENT_CONFIRMATION_OK"
14713,10327383924,10327383958,1,"IOTHUB_CLIENT_CONFIRMATION_OK"
14714,10327384125,10327384167,1,"IOTHUB_CLIENT_CONFIRMATION_OK"
14715,10327384325,10327384384,1,"IOTHUB_CLIENT_CONFIRMATION_OK"
14716,10327384525,10327384583,1,"IOTHUB_CLIENT_CONFIRMATION_OK"
14717,10327384725,10327384774,1,"IOTHUB_CLIENT_CONFIRMATION_OK"
14718,10327384925,10327384975,1,"IOTHUB_CLIENT_CONFIRMATION_OK"
14719,10327385125,10327385180,1,"IOTHUB_CLIENT_CONFIRMATION_OK"
14720,10327385326,10327385382,1,"IOTHUB_CLIENT_CONFIRMATION_OK"
14721,10327385526,10327385572,1,"IOTHUB_CLIENT_CONFIRMATION_OK"
14722,10327385726,10327385760,1,"IOTHUB_CLIENT_CONFIRMATION_OK"
14723,10327385926,10327385955,1,"IOTHUB_CLIENT_CONFIRMATION_OK"
14724,10327386126,10327386208,1,"IOTHUB_CLIENT_CONFIRMATION_OK"
14725,10327386326,10327386359,1,"IOTHUB_CLIENT_CONFIRMATION_OK"
14726,10327386526,10327386559,1,"IOTHUB_CLIENT_CONFIRMATION_OK"
14727,10327386727,10327386834,1,"IOTHUB_CLIENT_CONFIRMATION_OK"
14728,10327386927,10327386966,1,"IOTHUB_CLIENT_CONFIRMATION_OK"
14729,10327387127,10327387166,1,"IOTHUB_CLIENT_CONFIRMATION_OK"
14730,10327387327,10327387366,1,"IOTHUB_CLIENT_CONFIRMATION_OK"
14731,10327387528,10327387577,1,"IOTHUB_CLIENT_CONFIRMATION_OK"
14732,10327387728,10327387848,1,"IOTHUB_CLIENT_CONFIRMATION_OK"
14733,10327387928,10327387958,1,"IOTHUB_CLIENT_CONFIRMATION_OK"
14734,10327388128,10327388197,1,"IOTHUB_CLIENT_CONFIRMATION_OK"
14735,10327388328,10327388361,1,"IOTHUB_CLIENT_CONFIRMATION_OK"
14736,10327388528,10327388586,1,"IOTHUB_CLIENT_CONFIRMATION_OK"
14737,10327388729,10327388776,1,"IOTHUB_CLIENT_CONFIRMATION_OK"
14738,10327388929,10327389102,1,"IOTHUB_CLIENT_CONFIRMATION_OK"
14739,10327389129,10327389177,1,"IOTHUB_CLIENT_CONFIRMATION_OK"
14740,10327389329,10327389360,1,"IOTHUB_CLIENT_CONFIRMATION_OK"
14741,10327389529,10327389572,1,"IOTHUB_CLIENT_CONFIRMATION_OK"
14742,10327389729,10327389763,1,"IOTHUB_CLIENT_CONFIRMATION_OK"
14743,10327389929,10327389962,1,"IOTHUB_CLIENT_CONFIRMATION_OK"
14744,10327390130,10327390162,1,"IOTHUB_CLIENT_CONFIRMATION_OK"
14745,10327390330,10327390576,1,"IOTHUB_CLIENT_CONFIRMATION_OK"
14746,10327390530,10327390590,1,"IOTHUB_CLIENT_CONFIRMATION_OK"
14747,10327390730,10327390763,1,"IOTHUB_CLIENT_CONFIRMATION_OK"
14748,10327390930,10327390966,1,"IOTHUB_CLIENT_CONFIRMATION_OK"
14749,10327391130,10327391163,1,"IOTHUB_CLIENT_CONFIRMATION_OK"
14750,10327391331,10327391361,1,"IOTHUB_CLIENT_CONFIRMATION_OK"
14751,10327391531,10327391566,1,"IOTHUB_CLIENT_CONFIRMATION_OK"
14752,10327391731,10327391772,1,"IOTHUB_CLIENT_CONFIRMATION_OK"
14753,10327391931,10327391959,1,"IOTHUB_CLIENT_CONFIRMATION_OK"
14754,10327392131,10327392163,1,"IOTHUB_CLIENT_CONFIRMATION_OK"
14755,10327392331,10327392362,1,"IOTHUB_CLIENT_CONFIRMATION_OK"
14756,10327392531,10327392592,1,"IOTHUB_CLIENT_CONFIRMATION_OK"
14757,10327392732,10327392772,1,"IOTHUB_CLIENT_CONFIRMATION_OK"
14758,10327392932,10327392992,1,"IOTHUB_CLIENT_CONFIRMATION_OK"
14759,10327393132,10327393164,1,"IOTHUB_CLIENT_CONFIRMATION_OK"
14760,10327393333,10327393397,1,"IOTHUB_CLIENT_CONFIRMATION_OK"
14761,10327393533,10327393601,1,"IOTHUB_CLIENT_CONFIRMATION_OK"
14762,10327393733,10327393765,1,"IOTHUB_CLIENT_CONFIRMATION_OK"
14763,10327393933,10327393970,1,"IOTHUB_CLIENT_CONFIRMATION_OK"
14764,10327394133,10327394209,1,"IOTHUB_CLIENT_CONFIRMATION_OK"
14765,10327394333,10327394366,1,"IOTHUB_CLIENT_CONFIRMATION_OK"
14766,10327394534,10327394647,1,"IOTHUB_CLIENT_CONFIRMATION_OK"
14767,10327394734,10327394792,1,"IOTHUB_CLIENT_CONFIRMATION_OK"
14768,10327394934,10327394966,1,"IOTHUB_CLIENT_CONFIRMATION_OK"
14769,10327395134,10327395267,1,"IOTHUB_CLIENT_CONFIRMATION_OK"
14770,10327395334,10327395365,1,"IOTHUB_CLIENT_CONFIRMATION_OK"
14771,10327395534,10327395570,1,"IOTHUB_CLIENT_CONFIRMATION_OK"
14772,10327395734,10327395774,1,"IOTHUB_CLIENT_CONFIRMATION_OK"
14773,10327395935,10327395969,1,"IOTHUB_CLIENT_CONFIRMATION_OK"
14774,10327396135,10327396233,1,"IOTHUB_CLIENT_CONFIRMATION_OK"
14775,10327396335,10327396372,1,"IOTHUB_CLIENT_CONFIRMATION_OK"
14776,10327396535,10327396620,1,"IOTHUB_CLIENT_CONFIRMATION_OK"
14777,10327396735,10327396865,1,"IOTHUB_CLIENT_CONFIRMATION_OK"
14778,10327396935,10327396974,1,"IOTHUB_CLIENT_CONFIRMATION_OK"
14779,10327397135,10327397283,1,"IOTHUB_CLIENT_CONFIRMATION_OK"
14780,10327397336,10327397371,1,"IOTHUB_CLIENT_CONFIRMATION_OK"
14781,10327397536,10327397572,1,"IOTHUB_CLIENT_CONFIRMATION_OK"
14782,10327397736,10327397881,1,"IOTHUB_CLIENT_CONFIRMATION_OK"
14783,10327397936,10327397977,1,"IOTHUB_CLIENT_CONFIRMATION_OK"
14784,10327398136,10327398170,1,"IOTHUB_CLIENT_CONFIRMATION_OK"
14785,10327398336,10327398369,1,"IOTHUB_CLIENT_CONFIRMATION_OK"
14786,10327398537,10327398642,1,"IOTHUB_CLIENT_CONFIRMATION_OK"
14787,10327398737,10327398892,1,"IOTHUB_CLIENT_CONFIRMATION_OK"
14788,10327398937,10327398972,1,"IOTHUB_CLIENT_CONFIRMATION_OK"
14789,10327399137,10327399169,1,"IOTHUB_CLIENT_CONFIRMATION_OK"
14790,10327399337,10327399369,1,"IOTHUB_CLIENT_CONFIRMATION_OK"
14791,10327399537,10327399581,1,"IOTHUB_CLIENT_CONFIRMATION_OK"
14792,10327399738,10327399779,1,"IOTHUB_CLIENT_CONFIRMATION_OK"
14793,10327399938,10327399968,1,"IOTHUB_CLIENT_CONFIRMATION_OK"
14794,10327400138,10327400175,1,"IOTHUB_CLIENT_CONFIRMATION_OK"
14795,10327400338,10327400569,1,"IOTHUB_CLIENT_CONFIRMATION_OK"
14796,10327400538,10327400578,1,"IOTHUB_CLIENT_CONFIRMATION_OK"
14797,10327400738,10327400769,1,"IOTHUB_CLIENT_CONFIRMATION_OK"
14798,10327400938,10327400971,1,"IOTHUB_CLIENT_CONFIRMATION_OK"
14799,10327401139,10327401176,1,"IOTHUB_CLIENT_CONFIRMATION_OK"
14800,10327401339,10327401429,1,"IOTHUB_CLIENT_CONFIRMATION_OK"
14801,10327401539,10327401571,1,"IOTHUB_CLIENT_CONFIRMATION_OK"
14802,10327401739,10327401776,1,"IOTHUB_CLIENT_CONFIRMATION_OK"
14803,10327401939,10327402162,1,"IOTHUB_CLIENT_CONFIRMATION_OK"
14804,10327402140,10327402180,1,"IOTHUB_CLIENT_CONFIRMATION_OK"
14805,10327402340,10327402379,1,"IOTHUB_CLIENT_CONFIRMATION_OK"
14806,10327402540,10327402584,1,"IOTHUB_CLIENT_CONFIRMATION_OK"
14807,10327402740,10327402772,1,"IOTHUB_CLIENT_CONFIRMATION_OK"
14808,10327402940,10327402975,1,"IOTHUB_CLIENT_CONFIRMATION_OK"
14809,10327403140,10327403183,1,"IOTHUB_CLIENT_CONFIRMATION_OK"
14810,10327403340,10327403376,1,"IOTHUB_CLIENT_CONFIRMATION_OK"
14811,10327403541,10327403592,1,"IOTHUB_CLIENT_CONFIRMATION_OK"
14812,10327403741,10327403775,1,"IOTHUB_CLIENT_CONFIRMATION_OK"
14813,10327403941,10327403973,1,"IOTHUB_CLIENT_CONFIRMATION_OK"
14814,10327404141,10327404202,1,"IOTHUB_CLIENT_CONFIRMATION_OK"
14815,10327404341,10327404375,1,"IOTHUB_CLIENT_CONFIRMATION_OK"
14816,10327404541,10327404608,1,"IOTHUB_CLIENT_CONFIRMATION_OK"
14817,10327404742,10327404775,1,"IOTHUB_CLIENT_CONFIRMATION_OK"
14818,10327404942,10327404974,1,"IOTHUB_CLIENT_CONFIRMATION_OK"
14819,10327405142,10327405173,1,"IOTHUB_CLIENT_CONFIRMATION_OK"
14820,10327405342,10327405372,1,"IOTHUB_CLIENT_CONFIRMATION_OK"
14821,10327405542,10327405573,1,"IOTHUB_CLIENT_CONFIRMATION_OK"
14822,10327405742,10327405789,1,"IOTHUB_CLIENT_CONFIRMATION_OK"
14823,10327405942,10327406016,1,"IOTHUB_CLIENT_CONFIRMATION_OK"
14824,10327406143,10327406328,1,"IOTHUB_CLIENT_CONFIRMATION_OK"
14825,10327406343,10327406380,1,"IOTHUB_CLIENT_CONFIRMATION_OK"
14826,10327406543,10327406578,1,"IOTHUB_CLIENT_CONFIRMATION_OK"
14827,10327406743,10327406840,1,"IOTHUB_CLIENT_CONFIRMATION_OK"
14828,10327406943,10327406972,1,"IOTHUB_CLIENT_CONFIRMATION_OK"
14829,10327407143,10327407173,1,"IOTHUB_CLIENT_CONFIRMATION_OK"
14830,10327407343,10327407374,1,"IOTHUB_CLIENT_CONFIRMATION_OK"
14831,10327407544,10327407606,1,"IOTHUB_CLIENT_CONFIRMATION_OK"
14832,10327407744,10327407775,1,"IOTHUB_CLIENT_CONFIRMATION_OK"
14833,10327407944,10327407977,1,"IOTHUB_CLIENT_CONFIRMATION_OK"
14834,10327408144,10327408176,1,"IOTHUB_CLIENT_CONFIRMATION_OK"
14835,10327408344,10327408377,1,"IOTHUB_CLIENT_CONFIRMATION_OK"
14836,10327408544,10327408591,1,"IOTHUB_CLIENT_CONFIRMATION_OK"
14837,10327408744,10327408778,1,"IOTHUB_CLIENT_CONFIRMATION_OK"
14838,10327408945,10327408989,1,"IOTHUB_CLIENT_CONFIRMATION_OK"
14839,10327409145,10327409175,1,"IOTHUB_CLIENT_CONFIRMATION_OK"
14840,10327409345,10327409407,1,"IOTHUB_CLIENT_CONFIRMATION_OK"
14841,10327409545,10327409575,1,"IOTHUB_CLIENT_CONFIRMATION_OK"
14842,10327409745,10327409778,1,"IOTHUB_CLIENT_CONFIRMATION_OK"
14843,10327409945,10327410006,1,"IOTHUB_CLIENT_CONFIRMATION_OK"
14844,10327410146,10327410177,1,"IOTHUB_CLIENT_CONFIRMATION_OK"
14845,10327410346,10327410417,1,"IOTHUB_CLIENT_CONFIRMATION_OK"
14846,10327410546,10327410577,1,"IOTHUB_CLIENT_CONFIRMATION_OK"
14847,10327410746,10327410785,1,"IOTHUB_CLIENT_CONFIRMATION_OK"
14848,10327410946,10327411023,1,"IOTHUB_CLIENT_CONFIRMATION_OK"
14849,10327411146,10327411184,1,"IOTHUB_CLIENT_CONFIRMATION_OK"
14850,10327411347,10327411383,1,"IOTHUB_CLIENT_CONFIRMATION_OK"
14851,10327411547,10327411578,1,"IOTHUB_CLIENT_CONFIRMATION_OK"
14852,10327411747,10327411780,1,"IOTHUB_CLIENT_CONFIRMATION_OK"
14853,10327411947,10327412090,1,"IOTHUB_CLIENT_CONFIRMATION_OK"
14854,10327412147,10327412178,1,"IOTHUB_CLIENT_CONFIRMATION_OK"
14855,10327412347,10327412393,1,"IOTHUB_CLIENT_CONFIRMATION_OK"
14856,10327412548,10327412626,1,"IOTHUB_CLIENT_CONFIRMATION_OK"
14857,10327412748,10327412778,1,"IOTHUB_CLIENT_CONFIRMATION_OK"
14858,10327412948,10327412983,1,"IOTHUB_CLIENT_CONFIRMATION_OK"
14859,10327413148,10327413183,1,"IOTHUB_CLIENT_CONFIRMATION_OK"
14860,10327413348,10327413379,1,"IOTHUB_CLIENT_CONFIRMATION_OK"
14861,10327413549,10327413580,1,"IOTHUB_CLIENT_CONFIRMATION_OK"
14862,10327413749,10327413778,1,"IOTHUB_CLIENT_CONFIRMATION_OK"
14863,10327413949,10327413989,1,"IOTHUB_CLIENT_CONFIRMATION_OK"
14864,10327414149,10327414194,1,"IOTHUB_CLIENT_CONFIRMATION_OK"
14865,10327414349,10327414383,1,"IOTHUB_CLIENT_CONFIRMATION_OK"
14866,10327414549,10327414822,1,"IOTHUB_CLIENT_CONFIRMATION_OK"
14867,10327414749,10327414836,1,"IOTHUB_CLIENT_CONFIRMATION_OK"
14868,10327414950,10327414981,1,"IOTHUB_CLIENT_CONFIRMATION_OK"
14869,10327415150,10327415187,1,"IOTHUB_CLIENT_CONFIRMATION_OK"
14870,10327415350,10327415385,1,"IOTHUB_CLIENT_CONFIRMATION_OK"
14871,10327415550,10327415595,1,"IOTHUB_CLIENT_CONFIRMATION_OK"
14872,10327415750,10327415805,1,"IOTHUB_CLIENT_CONFIRMATION_OK"
14873,10327415950,10327415985,1,"IOTHUB_CLIENT_CONFIRMATION_OK"
14874,10327416150,10327416193,1,"IOTHUB_CLIENT_CONFIRMATION_OK"
14875,10327416351,10327416387,1,"IOTHUB_CLIENT_CONFIRMATION_OK"
14876,10327416551,10327416590,1,"IOTHUB_CLIENT_CONFIRMATION_OK"
14877,10327416751,10327416828,1,"IOTHUB_CLIENT_CONFIRMATION_OK"
14878,10327416951,10327416984,1,"IOTHUB_CLIENT_CONFIRMATION_OK"
14879,10327417151,10327417185,1,"IOTHUB_CLIENT_CONFIRMATION_OK"
14880,10327417351,10327417400,1,"IOTHUB_CLIENT_CONFIRMATION_OK"
14881,10327417551,10327417587,1,"IOTHUB_CLIENT_CONFIRMATION_OK"
14882,10327417752,10327417848,1,"IOTHUB_CLIENT_CONFIRMATION_OK"
14883,10327417952,10327417984,1,"IOTHUB_CLIENT_CONFIRMATION_OK"
14884,10327418152,10327418191,1,"IOTHUB_CLIENT_CONFIRMATION_OK"
14885,10327418352,10327418384,1,"IOTHUB_CLIENT_CONFIRMATION_OK"
14886,10327418552,10327418589,1,"IOTHUB_CLIENT_CONFIRMATION_OK"
14887,10327418752,10327418784,1,"IOTHUB_CLIENT_CONFIRMATION_OK"
14888,10327418952,10327419022,1,"IOTHUB_CLIENT_CONFIRMATION_OK"
14889,10327419153,10327419187,1,"IOTHUB_CLIENT_CONFIRMATION_OK"
14890,10327419353,10327419478,1,"IOTHUB_CLIENT_CONFIRMATION_OK"
14891,10327419553,10327419583,1,"IOTHUB_CLIENT_CONFIRMATION_OK"
14892,10327419753,10327419783,1,"IOTHUB_CLIENT_CONFIRMATION_OK"
14893,10327419953,10327419988,1,"IOTHUB_CLIENT_CONFIRMATION_OK"
14894,10327420153,10327420182,1,"IOTHUB_CLIENT_CONFIRMATION_OK"
14895,10327420354,10327420491,1,"IOTHUB_CLIENT_CONFIRMATION_OK"
14896,10327420554,10327420584,1,"IOTHUB_CLIENT_CONFIRMATION_OK"
14897,10327420754,10327420789,1,"IOTHUB_CLIENT_CONFIRMATION_OK"
14898,10327420954,10327420991,1,"IOTHUB_CLIENT_CONFIRMATION_OK"
14899,10327421154,10327421295,1,"IOTHUB_CLIENT_CONFIRMATION_OK"
14900,10327421354,10327421384,1,"IOTHUB_CLIENT_CONFIRMATION_OK"
14901,10327421554,10327421700,1,"IOTHUB_CLIENT_CONFIRMATION_OK"
14902,10327421755,10327421783,1,"IOTHUB_CLIENT_CONFIRMATION_OK"
14903,10327421955,10327422156,1,"IOTHUB_CLIENT_CONFIRMATION_OK"
14904,10327422155,10327422185,1,"IOTHUB_CLIENT_CONFIRMATION_OK"
14905,10327422355,10327422485,1,"IOTHUB_CLIENT_CONFIRMATION_OK"
14906,10327422555,10327422588,1,"IOTHUB_CLIENT_CONFIRMATION_OK"
14907,10327422755,10327422785,1,"IOTHUB_CLIENT_CONFIRMATION_OK"
14908,10327422955,10327422990,1,"IOTHUB_CLIENT_CONFIRMATION_OK"
14909,10327423156,10327423189,1,"IOTHUB_CLIENT_CONFIRMATION_OK"
14910,10327423356,10327423393,1,"IOTHUB_CLIENT_CONFIRMATION_OK"
14911,10327423556,10327423592,1,"IOTHUB_CLIENT_CONFIRMATION_OK"
14912,10327423756,10327423790,1,"IOTHUB_CLIENT_CONFIRMATION_OK"
14913,10327423956,10327423985,1,"IOTHUB_CLIENT_CONFIRMATION_OK"
14914,10327424156,10327424196,1,"IOTHUB_CLIENT_CONFIRMATION_OK"
14915,10327424357,10327424391,1,"IOTHUB_CLIENT_CONFIRMATION_OK"
14916,10327424557,10327424626,1,"IOTHUB_CLIENT_CONFIRMATION_OK"
14917,10327424757,10327424789,1,"IOTHUB_CLIENT_CONFIRMATION_OK"
14918,10327424957,10327424988,1,"IOTHUB_CLIENT_CONFIRMATION_OK"
14919,10327425157,10327425224,1,"IOTHUB_CLIENT_CONFIRMATION_OK"
14920,10327425357,10327425394,1,"IOTHUB_CLIENT_CONFIRMATION_OK"
14921,10327425558,10327425589,1,"IOTHUB_CLIENT_CONFIRMATION_OK"
14922,10327425758,10327425823,1,"IOTHUB_CLIENT_CONFIRMATION_OK"
14923,10327425958,10327425990,1,"IOTHUB_CLIENT_CONFIRMATION_OK"
14924,10327426158,10327426216,1,"IOTHUB_CLIENT_CONFIRMATION_OK"
14925,10327426358,10327426406,1,"IOTHUB_CLIENT_CONFIRMATION_OK"
14926,10327426558,10327426594,1,"IOTHUB_CLIENT_CONFIRMATION_OK"
14927,10327426759,10327426842,1,"IOTHUB_CLIENT_CONFIRMATION_OK"
14928,10327426959,10327427003,1,"IOTHUB_CLIENT_CONFIRMATION_OK"
14929,10327427159,10327427192,1,"IOTHUB_CLIENT_CONFIRMATION_OK"
14930,10327427359,10327427398,1,"IOTHUB_CLIENT_CONFIRMATION_OK"
14931,10327427560,10327427591,1,"IOTHUB_CLIENT_CONFIRMATION_OK"
14932,10327427760,10327427894,1,"IOTHUB_CLIENT_CONFIRMATION_OK"
14933,10327427960,10327427993,1,"IOTHUB_CLIENT_CONFIRMATION_OK"
14934,10327428160,10327428195,1,"IOTHUB_CLIENT_CONFIRMATION_OK"
14935,10327428360,10327428390,1,"IOTHUB_CLIENT_CONFIRMATION_OK"
14936,10327428561,10327428750,1,"IOTHUB_CLIENT_CONFIRMATION_OK"
14937,10327428761,10327428799,1,"IOTHUB_CLIENT_CONFIRMATION_OK"
14938,10327428961,10327428993,1,"IOTHUB_CLIENT_CONFIRMATION_OK"
14939,10327429161,10327429194,1,"IOTHUB_CLIENT_CONFIRMATION_OK"
14940,10327429361,10327429402,1,"IOTHUB_CLIENT_CONFIRMATION_OK"
14941,10327429561,10327429593,1,"IOTHUB_CLIENT_CONFIRMATION_OK"
14942,10327429762,10327429790,1,"IOTHUB_CLIENT_CONFIRMATION_OK"
14943,10327429962,10327429994,1,"IOTHUB_CLIENT_CONFIRMATION_OK"
14944,10327430162,10327430193,1,"IOTHUB_CLIENT_CONFIRMATION_OK"
14945,10327430362,10327430395,1,"IOTHUB_CLIENT_CONFIRMATION_OK"
14946,10327430562,10327430612,1,"IOTHUB_CLIENT_CONFIRMATION_OK"
14947,10327430762,10327430819,1,"IOTHUB_CLIENT_CONFIRMATION_OK"
14948,10327430962,10327431006,1,"IOTHUB_CLIENT_CONFIRMATION_OK"
14949,10327431163,10327431200,1,"IOTHUB_CLIENT_CONFIRMATION_OK"
14950,10327431363,10327431420,1,"IOTHUB_CLIENT_CONFIRMATION_OK"
14951,10327431563,10327431611,1,"IOTHUB_CLIENT_CONFIRMATION_OK"
14952,10327431763,10327431793,1,"IOTHUB_CLIENT_CONFIRMATION_OK"
14953,10327431963,10327432000,1,"IOTHUB_CLIENT_CONFIRMATION_OK"
14954,10327432163,10327432212,1,"IOTHUB_CLIENT_CONFIRMATION_OK"
14955,10327432364,10327432391,1,"IOTHUB_CLIENT_CONFIRMATION_OK"
14956,10327432564,10327432684,1,"IOTHUB_CLIENT_CONFIRMATION_OK"
14957,10327432764,10327432797,1,"IOTHUB_CLIENT_CONFIRMATION_OK"
14958,10327432964,10327433016,1,"IOTHUB_CLIENT_CONFIRMATION_OK"
14959,10327433164,10327433407,1,"IOTHUB_CLIENT_CONFIRMATION_OK"
14960,10327433364,10327433439,1,"IOTHUB_CLIENT_CONFIRMATION_OK"
14961,10327433565,10327433639,1,"IOTHUB_CLIENT_CONFIRMATION_OK"
14962,10327433765,10327433810,1,"IOTHUB_CLIENT_CONFIRMATION_OK"
14963,10327433965,10327433995,1,"IOTHUB_CLIENT_CONFIRMATION_OK"
14964,10327434165,10327434257,1,"IOTHUB_CLIENT_CONFIRMATION_OK"
14965,10327434365,10327434397,1,"IOTHUB_CLIENT_CONFIRMATION_OK"
14966,10327434565,10327434682,1,"IOTHUB_CLIENT_CONFIRMATION_OK"
14967,10327434766,10327434797,1,"IOTHUB_CLIENT_CONFIRMATION_OK"
14968,10327434966,10327435044,1,"IOTHUB_CLIENT_CONFIRMATION_OK"
14969,10327435166,10327435268,1,"IOTHUB_CLIENT_CONFIRMATION_OK"
14970,10327435366,10327435402,1,"IOTHUB_CLIENT_CONFIRMATION_OK"
14971,10327435566,10327435601,1,"IOTHUB_CLIENT_CONFIRMATION_OK"
14972,10327435766,10327435818,1,"IOTHUB_CLIENT_CONFIRMATION_OK"
14973,10327435967,10327436001,1,"IOTHUB_CLIENT_CONFIRMATION_OK"
14974,10327436167,10327436199,1,"IOTHUB_CLIENT_CONFIRMATION_OK"
14975,10327436367,10327436400,1,"IOTHUB_CLIENT_CONFIRMATION_OK"
14976,10327436567,10327436610,1,"IOTHUB_CLIENT_CONFIRMATION_OK"
14977,10327436767,10327436811,1,"IOTHUB_CLIENT_CONFIRMATION_OK"
14978,10327436967,10327437013,1,"IOTHUB_CLIENT_CONFIRMATION_OK"
14979,10327437168,10327437200,1,"IOTHUB_CLIENT_CONFIRMATION_OK"
14980,10327437368,10327437401,1,"IOTHUB_CLIENT_CONFIRMATION_OK"
14981,10327437568,10327437601,1,"IOTHUB_CLIENT_CONFIRMATION_OK"
14982,10327437768,10327437846,1,"IOTHUB_CLIENT_CONFIRMATION_OK"
14983,10327437968,10327437998,1,"IOTHUB_CLIENT_CONFIRMATION_OK"
14984,10327438168,10327438201,1,"IOTHUB_CLIENT_CONFIRMATION_OK"
14985,10327438368,10327438451,1,"IOTHUB_CLIENT_CONFIRMATION_OK"
14986,10327438569,10327438600,1,"IOTHUB_CLIENT_CONFIRMATION_OK"
14987,10327438769,10327438802,1,"IOTHUB_CLIENT_CONFIRMATION_OK"
14988,10327438969,10327439019,1,"IOTHUB_CLIENT_CONFIRMATION_OK"
14989,10327439169,10327439205,1,"IOTHUB_CLIENT_CONFIRMATION_OK"
14990,10327439369,10327439468,1,"IOTHUB_CLIENT_CONFIRMATION_OK"
14991,10327439570,10327439603,1,"IOTHUB_CLIENT_CONFIRMATION_OK"
14992,10327439770,10327439806,1,"IOTHUB_CLIENT_CONFIRMATION_OK"
14993,10327439970,10327440015,1,"IOTHUB_CLIENT_CONFIRMATION_OK"
14994,10327440170,10327440201,1,"IOTHUB_CLIENT_CONFIRMATION_OK"
14995,10327440370,10327440524,1,"IOTHUB_CLIENT_CONFIRMATION_OK"
14996,10327440570,10327440606,1,"IOTHUB_CLIENT_CONFIRMATION_OK"
14997,10327440770,10327440803,1,"IOTHUB_CLIENT_CONFIRMATION_OK"
14998,10327440971,10327441118,1,"IOTHUB_CLIENT_CONFIRMATION_OK"
14999,10327441171,10327441201,1,"IOTHUB_CLIENT_CONFIRMATION_OK"
15000,10327441371,10327441411,1,"IOTHUB_CLIENT_CONFIRMATION_OK"
15001,10327441571,10327441609,1,"IOTHUB_CLIENT_CONFIRMATION_OK"
15002,10327441771,10327441816,1,"IOTHUB_CLIENT_CONFIRMATION_OK"
15003,10327441971,10327442138,1,"IOTHUB_CLIENT_CONFIRMATION_OK"
15004,10327442172,10327442203,1,"IOTHUB_CLIENT_CONFIRMATION_OK"
15005,10327442372,10327442421,1,"IOTHUB_CLIENT_CONFIRMATION_OK"
15006,10327442572,10327442610,1,"IOTHUB_CLIENT_CONFIRMATION_OK"
15007,10327442772,10327442837,1,"IOTHUB_CLIENT_CONFIRMATION_OK"
15008,10327442972,10327443003,1,"IOTHUB_CLIENT_CONFIRMATION_OK"
15009,10327443173,10327443204,1,"IOTHUB_CLIENT_CONFIRMATION_OK"
15010,10327443373,10327443435,1,"IOTHUB_CLIENT_CONFIRMATION_OK"
15011,10327443573,10327443699,1,"IOTHUB_CLIENT_CONFIRMATION_OK"
15012,10327443773,10327443808,1,"IOTHUB_CLIENT_CONFIRMATION_OK"
15013,10327443973,10327444016,1,"IOTHUB_CLIENT_CONFIRMATION_OK"
15014,10327444173,10327444204,1,"IOTHUB_CLIENT_CONFIRMATION_OK"
15015,10327444373,10327444407,1,"IOTHUB_CLIENT_CONFIRMATION_OK"
15016,10327444574,10327444681,1,"IOTHUB_CLIENT_CONFIRMATION_OK"
15017,10327444774,10327444806,1,"IOTHUB_CLIENT_CONFIRMATION_OK"
15018,10327444974,10327445005,1,"IOTHUB_CLIENT_CONFIRMATION_OK"
15019,10327445174,10327445331,1,"IOTHUB_CLIENT_CONFIRMATION_OK"
15020,10327445374,10327445406,1,"IOTHUB_CLIENT_CONFIRMATION_OK"
15021,10327445574,10327445748,1,"IOTHUB_CLIENT_CONFIRMATION_OK"
15022,10327445774,10327445816,1,"IOTHUB_CLIENT_CONFIRMATION_OK"
15023,10327445975,10327446055,1,"IOTHUB_CLIENT_CONFIRMATION_OK"
15024,10327446175,10327446311,1,"IOTHUB_CLIENT_CONFIRMATION_OK"
15025,10327446375,10327446433,1,"IOTHUB_CLIENT_CONFIRMATION_OK"
15026,10327446575,10327446609,1,"IOTHUB_CLIENT_CONFIRMATION_OK"
15027,10327446775,10327446830,1,"IOTHUB_CLIENT_CONFIRMATION_OK"
15028,10327446975,10327447011,1,"IOTHUB_CLIENT_CONFIRMATION_OK"
15029,10327447176,10327447217,1,"IOTHUB_CLIENT_CONFIRMATION_OK"
15030,10327447376,10327447409,1,"IOTHUB_CLIENT_CONFIRMATION_OK"
15031,10327447576,10327447609,1,"IOTHUB_CLIENT_CONFIRMATION_OK"
15032,10327447776,10327448034,1,"IOTHUB_CLIENT_CONFIRMATION_OK"
15033,10327447976,10327448057,1,"IOTHUB_CLIENT_CONFIRMATION_OK"
15034,10327448176,10327448216,1,"IOTHUB_CLIENT_CONFIRMATION_OK"
15035,10327448376,10327448441,1,"IOTHUB_CLIENT_CONFIRMATION_OK"
15036,10327448577,10327448610,1,"IOTHUB_CLIENT_CONFIRMATION_OK"
15037,10327448777,10327448811,1,"IOTHUB_CLIENT_CONFIRMATION_OK"
15038,10327448977,10327449005,1,"IOTHUB_CLIENT_CONFIRMATION_OK"
15039,10327449177,10327449222,1,"IOTHUB_CLIENT_CONFIRMATION_OK"
15040,10327449377,10327449470,1,"IOTHUB_CLIENT_CONFIRMATION_OK"
15041,10327449577,10327449612,1,"IOTHUB_CLIENT_CONFIRMATION_OK"
15042,10327449778,10327449881,1,"IOTHUB_CLIENT_CONFIRMATION_OK"
15043,10327449978,10327450098,1,"IOTHUB_CLIENT_CONFIRMATION_OK"
15044,10327450178,10327450214,1,"IOTHUB_CLIENT_CONFIRMATION_OK"
15045,10327450378,10327450486,1,"IOTHUB_CLIENT_CONFIRMATION_OK"
15046,10327450578,10327450733,1,"IOTHUB_CLIENT_CONFIRMATION_OK"
15047,10327450778,10327450810,1,"IOTHUB_CLIENT_CONFIRMATION_OK"
15048,10327450979,10327451124,1,"IOTHUB_CLIENT_CONFIRMATION_OK"
15049,10327451179,10327451210,1,"IOTHUB_CLIENT_CONFIRMATION_OK"
15050,10327451379,10327451409,1,"IOTHUB_CLIENT_CONFIRMATION_OK"
15051,10327451579,10327451643,1,"IOTHUB_CLIENT_CONFIRMATION_OK"
15052,10327451779,10327451881,1,"IOTHUB_CLIENT_CONFIRMATION_OK"
15053,10327451979,10327452150,1,"IOTHUB_CLIENT_CONFIRMATION_OK"
15054,10327452180,10327452213,1,"IOTHUB_CLIENT_CONFIRMATION_OK"
15055,10327452380,10327452413,1,"IOTHUB_CLIENT_CONFIRMATION_OK"
15056,10327452580,10327452639,1,"IOTHUB_CLIENT_CONFIRMATION_OK"
15057,10327452780,10327452828,1,"IOTHUB_CLIENT_CONFIRMATION_OK"
15058,10327452980,10327453019,1,"IOTHUB_CLIENT_CONFIRMATION_OK"
15059,10327453180,10327453212,1,"IOTHUB_CLIENT_CONFIRMATION_OK"
15060,10327453381,10327453411,1,"IOTHUB_CLIENT_CONFIRMATION_OK"
15061,10327453581,10327453617,1,"IOTHUB_CLIENT_CONFIRMATION_OK"
15062,10327453781,10327453817,1,"IOTHUB_CLIENT_CONFIRMATION_OK"
15063,10327453981,10327454014,1,"IOTHUB_CLIENT_CONFIRMATION_OK"
15064,10327454181,10327454218,1,"IOTHUB_CLIENT_CONFIRMATION_OK"
15065,10327454381,10327454412,1,"IOTHUB_CLIENT_CONFIRMATION_OK"
15066,10327454582,10327454817,1,"IOTHUB_CLIENT_CONFIRMATION_OK"
15067,10327454782,10327454826,1,"IOTHUB_CLIENT_CONFIRMATION_OK"
15068,10327454982,10327455076,1,"IOTHUB_CLIENT_CONFIRMATION_OK"
15069,10327455182,10327455225,1,"IOTHUB_CLIENT_CONFIRMATION_OK"
15070,10327455382,10327455514,1,"IOTHUB_CLIENT_CONFIRMATION_OK"
15071,10327455582,10327455623,1,"IOTHUB_CLIENT_CONFIRMATION_OK"
15072,10327455783,10327455854,1,"IOTHUB_CLIENT_CONFIRMATION_OK"
15073,10327455983,10327456042,1,"IOTHUB_CLIENT_CONFIRMATION_OK"
15074,10327456183,10327456250,1,"IOTHUB_CLIENT_CONFIRMATION_OK"
15075,10327456383,10327456427,1,"IOTHUB_CLIENT_CONFIRMATION_OK"
15076,10327456583,10327456620,1,"IOTHUB_CLIENT_CONFIRMATION_OK"
15077,10327456783,10327456870,1,"IOTHUB_CLIENT_CONFIRMATION_OK"
15078,10327456983,10327457017,1,"IOTHUB_CLIENT_CONFIRMATION_OK"
15079,10327457184,10327457220,1,"IOTHUB_CLIENT_CONFIRMATION_OK"
15080,10327457384,10327457437,1,"IOTHUB_CLIENT_CONFIRMATION_OK"
15081,10327457584,10327457619,1,"IOTHUB_CLIENT_CONFIRMATION_OK"
15082,10327457784,10327457902,1,"IOTHUB_CLIENT_CONFIRMATION_OK"
15083,10327457984,10327458031,1,"IOTHUB_CLIENT_CONFIRMATION_OK"
15084,10327458184,10327458216,1,"IOTHUB_CLIENT_CONFIRMATION_OK"
15085,10327458385,10327458426,1,"IOTHUB_CLIENT_CONFIRMATION_OK"
15086,10327458585,10327458618,1,"IOTHUB_CLIENT_CONFIRMATION_OK"
15087,10327458785,10327458819,1,"IOTHUB_CLIENT_CONFIRMATION_OK"
15088,10327458985,10327459030,1,"IOTHUB_CLIENT_CONFIRMATION_OK"
15089,10327459185,10327459216,1,"IOTHUB_CLIENT_CONFIRMATION_OK"
15090,10327459385,10327459425,1,"IOTHUB_CLIENT_CONFIRMATION_OK"
15091,10327459586,10327459654,1,"IOTHUB_CLIENT_CONFIRMATION_OK"
15092,10327459786,10327459816,1,"IOTHUB_CLIENT_CONFIRMATION_OK"
15093,10327459986,10327460018,1,"IOTHUB_CLIENT_CONFIRMATION_OK"
15094,10327460186,10327460232,1,"IOTHUB_CLIENT_CONFIRMATION_OK"
15095,10327460386,10327460591,1,"IOTHUB_CLIENT_CONFIRMATION_OK"
15096,10327460586,10327460631,1,"IOTHUB_CLIENT_CONFIRMATION_OK"
15097,10327460786,10327460820,1,"IOTHUB_CLIENT_CONFIRMATION_OK"
15098,10327460987,10327461017,1,"IOTHUB_CLIENT_CONFIRMATION_OK"
15099,10327461187,10327461229,1,"IOTHUB_CLIENT_CONFIRMATION_OK"
15100,10327461387,10327461422,1,"IOTHUB_CLIENT_CONFIRMATION_OK"
15101,10327461587,10327461620,1,"IOTHUB_CLIENT_CONFIRMATION_OK"
15102,10327461787,10327461818,1,"IOTHUB_CLIENT_CONFIRMATION_OK"
15103,10327461987,10327462017,1,"IOTHUB_CLIENT_CONFIRMATION_OK"
15104,10327462187,10327462226,1,"IOTHUB_CLIENT_CONFIRMATION_OK"
15105,10327462388,10327462422,1,"IOTHUB_CLIENT_CONFIRMATION_OK"
15106,10327462588,10327462627,1,"IOTHUB_CLIENT_CONFIRMATION_OK"
15107,10327462788,10327462919,1,"IOTHUB_CLIENT_CONFIRMATION_OK"
15108,10327462988,10327463022,1,"IOTHUB_CLIENT_CONFIRMATION_OK"
15109,10327463188,10327463224,1,"IOTHUB_CLIENT_CONFIRMATION_OK"
15110,10327463389,10327463421,1,"IOTHUB_CLIENT_CONFIRMATION_OK"
15111,10327463589,10327463746,1,"IOTHUB_CLIENT_CONFIRMATION_OK"
15112,10327463789,10327463819,1,"IOTHUB_CLIENT_CONFIRMATION_OK"
15113,10327463989,10327464022,1,"IOTHUB_CLIENT_CONFIRMATION_OK"
15114,10327464189,10327464221,1,"IOTHUB_CLIENT_CONFIRMATION_OK"
15115,10327464389,10327464455,1,"IOTHUB_CLIENT_CONFIRMATION_OK"
15116,10327464589,10327464639,1,"IOTHUB_CLIENT_CONFIRMATION_OK"
15117,10327464790,10327464838,1,"IOTHUB_CLIENT_CONFIRMATION_OK"
15118,10327464990,10327465026,1,"IOTHUB_CLIENT_CONFIRMATION_OK"
15119,10327465190,10327465233,1,"IOTHUB_CLIENT_CONFIRMATION_OK"
15120,10327465390,10327465420,1,"IOTHUB_CLIENT_CONFIRMATION_OK"
15121,10327465590,10327465621,1,"IOTHUB_CLIENT_CONFIRMATION_OK"
15122,10327465790,10327465872,1,"IOTHUB_CLIENT_CONFIRMATION_OK"
15123,10327465991,10327466023,1,"IOTHUB_CLIENT_CONFIRMATION_OK"
15124,10327466191,10327466237,1,"IOTHUB_CLIENT_CONFIRMATION_OK"
15125,10327466391,10327466425,1,"IOTHUB_CLIENT_CONFIRMATION_OK"
15126,10327466591,10327466649,1,"IOTHUB_CLIENT_CONFIRMATION_OK"
15127,10327466791,10327466867,1,"IOTHUB_CLIENT_CONFIRMATION_OK"
15128,10327466991,10327467032,1,"IOTHUB_CLIENT_CONFIRMATION_OK"
15129,10327467192,10327467222,1,"IOTHUB_CLIENT_CONFIRMATION_OK"
15130,10327467392,10327467424,1,"IOTHUB_CLIENT_CONFIRMATION_OK"
15131,10327467592,10327467620,1,"IOTHUB_CLIENT_CONFIRMATION_OK"
15132,10327467792,10327467873,1,"IOTHUB_CLIENT_CONFIRMATION_OK"
15133,10327467992,10327468024,1,"IOTHUB_CLIENT_CONFIRMATION_OK"
15134,10327468193,10327468239,1,"IOTHUB_CLIENT_CONFIRMATION_OK"
15135,10327468393,10327468498,1,"IOTHUB_CLIENT_CONFIRMATION_OK"
15136,10327468593,10327468733,1,"IOTHUB_CLIENT_CONFIRMATION_OK"
15137,10327468793,10327468837,1,"IOTHUB_CLIENT_CONFIRMATION_OK"
15138,10327468993,10327469026,1,"IOTHUB_CLIENT_CONFIRMATION_OK"
15139,10327469193,10327469235,1,"IOTHUB_CLIENT_CONFIRMATION_OK"
15140,10327469394,10327469538,1,"IOTHUB_CLIENT_CONFIRMATION_OK"
15141,10327469594,10327469633,1,"IOTHUB_CLIENT_CONFIRMATION_OK"
15142,10327469794,10327469827,1,"IOTHUB_CLIENT_CONFIRMATION_OK"
15143,10327469994,10327470028,1,"IOTHUB_CLIENT_CONFIRMATION_OK"
15144,10327470194,10327470237,1,"IOTHUB_CLIENT_CONFIRMATION_OK"
15145,10327470394,10327470567,1,"IOTHUB_CLIENT_CONFIRMATION_OK"
15146,10327470594,10327470625,1,"IOTHUB_CLIENT_CONFIRMATION_OK"
15147,10327470795,10327470848,1,"IOTHUB_CLIENT_CONFIRMATION_OK"
15148,10327470995,10327471033,1,"IOTHUB_CLIENT_CONFIRMATION_OK"
15149,10327471195,10327471227,1,"IOTHUB_CLIENT_CONFIRMATION_OK"
15150,10327471395,10327471448,1,"IOTHUB_CLIENT_CONFIRMATION_OK"
15151,10327471595,10327471627,1,"IOTHUB_CLIENT_CONFIRMATION_OK"
15152,10327471796,10327471824,1,"IOTHUB_CLIENT_CONFIRMATION_OK"
15153,10327471996,10327472198,1,"IOTHUB_CLIENT_CONFIRMATION_OK"
15154,10327472196,10327472229,1,"IOTHUB_CLIENT_CONFIRMATION_OK"
15155,10327472396,10327472427,1,"IOTHUB_CLIENT_CONFIRMATION_OK"
15156,10327472596,10327472625,1,"IOTHUB_CLIENT_CONFIRMATION_OK"
15157,10327472796,10327472830,1,"IOTHUB_CLIENT_CONFIRMATION_OK"
15158,10327472997,10327473029,1,"IOTHUB_CLIENT_CONFIRMATION_OK"
15159,10327473197,10327473235,1,"IOTHUB_CLIENT_CONFIRMATION_OK"
15160,10327473397,10327473432,1,"IOTHUB_CLIENT_CONFIRMATION_OK"
15161,10327473597,10327473647,1,"IOTHUB_CLIENT_CONFIRMATION_OK"
15162,10327473797,10327473833,1,"IOTHUB_CLIENT_CONFIRMATION_OK"
15163,10327473997,10327474037,1,"IOTHUB_CLIENT_CONFIRMATION_OK"
15164,10327474197,10327474323,1,"IOTHUB_CLIENT_CONFIRMATION_OK"
15165,10327474398,10327474433,1,"IOTHUB_CLIENT_CONFIRMATION_OK"
15166,10327474598,10327474651,1,"IOTHUB_CLIENT_CONFIRMATION_OK"
15167,10327474798,10327474830,1,"IOTHUB_CLIENT_CONFIRMATION_OK"
15168,10327474998,10327475142,1,"IOTHUB_CLIENT_CONFIRMATION_OK"
15169,10327475198,10327475348,1,"IOTHUB_CLIENT_CONFIRMATION_OK"
15170,10327475399,10327475431,1,"IOTHUB_CLIENT_CONFIRMATION_OK"
15171,10327475599,10327475629,1,"IOTHUB_CLIENT_CONFIRMATION_OK"
15172,10327475799,10327475831,1,"IOTHUB_CLIENT_CONFIRMATION_OK"
15173,10327475999,10327476035,1,"IOTHUB_CLIENT_CONFIRMATION_OK"
15174,10327476199,10327476380,1,"IOTHUB_CLIENT_CONFIRMATION_OK"
15175,10327476399,10327476429,1,"IOTHUB_CLIENT_CONFIRMATION_OK"
15176,10327476600,10327476640,1,"IOTHUB_CLIENT_CONFIRMATION_OK"
15177,10327476800,10327476831,1,"IOTHUB_CLIENT_CONFIRMATION_OK"
15178,10327477000,10327477031,1,"IOTHUB_CLIENT_CONFIRMATION_OK"
15179,10327477200,10327477239,1,"IOTHUB_CLIENT_CONFIRMATION_OK"
15180,10327477400,10327477431,1,"IOTHUB_CLIENT_CONFIRMATION_OK"
15181,10327477600,10327477643,1,"IOTHUB_CLIENT_CONFIRMATION_OK"
15182,10327477801,10327477847,1,"IOTHUB_CLIENT_CONFIRMATION_OK"
15183,10327478001,10327478097,1,"IOTHUB_CLIENT_CONFIRMATION_OK"
15184,10327478201,10327478238,1,"IOTHUB_CLIENT_CONFIRMATION_OK"
15185,10327478401,10327478453,1,"IOTHUB_CLIENT_CONFIRMATION_OK"
15186,10327478601,10327478636,1,"IOTHUB_CLIENT_CONFIRMATION_OK"
15187,10327478801,10327478886,1,"IOTHUB_CLIENT_CONFIRMATION_OK"
15188,10327479001,10327479047,1,"IOTHUB_CLIENT_CONFIRMATION_OK"
15189,10327479202,10327479241,1,"IOTHUB_CLIENT_CONFIRMATION_OK"
15190,10327479402,10327479478,1,"IOTHUB_CLIENT_CONFIRMATION_OK"
15191,10327479602,10327479632,1,"IOTHUB_CLIENT_CONFIRMATION_OK"
15192,10327479802,10327479833,1,"IOTHUB_CLIENT_CONFIRMATION_OK"
15193,10327480002,10327480082,1,"IOTHUB_CLIENT_CONFIRMATION_OK"
15194,10327480203,10327480272,1,"IOTHUB_CLIENT_CONFIRMATION_OK"
15195,10327480403,10327480477,1,"IOTHUB_CLIENT_CONFIRMATION_OK"
15196,10327480603,10327480635,1,"IOTHUB_CLIENT_CONFIRMATION_OK"
15197,10327480803,10327480836,1,"IOTHUB_CLIENT_CONFIRMATION_OK"
15198,10327481003,10327481099,1,"IOTHUB_CLIENT_CONFIRMATION_OK"
15199,10327481203,10327481235,1,"IOTHUB_CLIENT_CONFIRMATION_OK"
15200,10327481403,10327481434,1,"IOTHUB_CLIENT_CONFIRMATION_OK"
15201,10327481604,10327481637,1,"IOTHUB_CLIENT_CONFIRMATION_OK"
15202,10327481804,10327481846,1,"IOTHUB_CLIENT_CONFIRMATION_OK"
15203,10327482004,10327482105,1,"IOTHUB_CLIENT_CONFIRMATION_OK"
15204,10327482204,10327482246,1,"IOTHUB_CLIENT_CONFIRMATION_OK"
15205,10327482404,10327482488,1,"IOTHUB_CLIENT_CONFIRMATION_OK"
15206,10327482604,10327482743,1,"IOTHUB_CLIENT_CONFIRMATION_OK"
15207,10327482804,10327482844,1,"IOTHUB_CLIENT_CONFIRMATION_OK"
15208,10327483005,10327483032,1,"IOTHUB_CLIENT_CONFIRMATION_OK"
15209,10327483205,10327483245,1,"IOTHUB_CLIENT_CONFIRMATION_OK"
15210,10327483405,10327483448,1,"IOTHUB_CLIENT_CONFIRMATION_OK"
15211,10327483605,10327483739,1,"IOTHUB_CLIENT_CONFIRMATION_OK"
15212,10327483805,10327483881,1,"IOTHUB_CLIENT_CONFIRMATION_OK"
15213,10327484005,10327484037,1,"IOTHUB_CLIENT_CONFIRMATION_OK"
15214,10327484206,10327484253,1,"IOTHUB_CLIENT_CONFIRMATION_OK"
15215,10327484406,10327484439,1,"IOTHUB_CLIENT_CONFIRMATION_OK"
15216,10327484606,10327484774,1,"IOTHUB_CLIENT_CONFIRMATION_OK"
15217,10327484806,10327484875,1,"IOTHUB_CLIENT_CONFIRMATION_OK"
15218,10327485006,10327485039,1,"IOTHUB_CLIENT_CONFIRMATION_OK"
15219,10327485206,10327485368,1,"IOTHUB_CLIENT_CONFIRMATION_OK"
15220,10327485406,10327485437,1,"IOTHUB_CLIENT_CONFIRMATION_OK"
15221,10327485607,10327485670,1,"IOTHUB_CLIENT_CONFIRMATION_OK"
15222,10327485807,10327485839,1,"IOTHUB_CLIENT_CONFIRMATION_OK"
15223,10327486007,10327486042,1,"IOTHUB_CLIENT_CONFIRMATION_OK"
15224,10327486207,10327486382,1,"IOTHUB_CLIENT_CONFIRMATION_OK"
15225,10327486407,10327486450,1,"IOTHUB_CLIENT_CONFIRMATION_OK"
15226,10327486607,10327486685,1,"IOTHUB_CLIENT_CONFIRMATION_OK"
15227,10327486808,10327486841,1,"IOTHUB_CLIENT_CONFIRMATION_OK"
15228,10327487008,10327487040,1,"IOTHUB_CLIENT_CONFIRMATION_OK"
15229,10327487208,10327487239,1,"IOTHUB_CLIENT_CONFIRMATION_OK"
15230,10327487408,10327487437,1,"IOTHUB_CLIENT_CONFIRMATION_OK"
15231,10327487608,10327487640,1,"IOTHUB_CLIENT_CONFIRMATION_OK"
15232,10327487808,10327487842,1,"IOTHUB_CLIENT_CONFIRMATION_OK"
15233,10327488008,10327488045,1,"IOTHUB_CLIENT_CONFIRMATION_OK"
15234,10327488209,10327488238,1,"IOTHUB_CLIENT_CONFIRMATION_OK"
15235,10327488409,10327488443,1,"IOTHUB_CLIENT_CONFIRMATION_OK"
15236,10327488609,10327488643,1,"IOTHUB_CLIENT_CONFIRMATION_OK"
15237,10327488809,10327488842,1,"IOTHUB_CLIENT_CONFIRMATION_OK"
15238,10327489009,10327489065,1,"IOTHUB_CLIENT_CONFIRMATION_OK"
15239,10327489209,10327489243,1,"IOTHUB_CLIENT_CONFIRMATION_OK"
15240,10327489410,10327489521,1,"IOTHUB_CLIENT_CONFIRMATION_OK"
15241,10327489610,10327489649,1,"IOTHUB_CLIENT_CONFIRMATION_OK"
15242,10327489810,10327489854,1,"IOTHUB_CLIENT_CONFIRMATION_OK"
15243,10327490010,10327490084,1,"IOTHUB_CLIENT_CONFIRMATION_OK"
15244,10327490210,10327490246,1,"IOTHUB_CLIENT_CONFIRMATION_OK"
15245,10327490410,10327490490,1,"IOTHUB_CLIENT_CONFIRMATION_OK"
15246,10327490610,10327490649,1,"IOTHUB_CLIENT_CONFIRMATION_OK"
15247,10327490811,10327490856,1,"IOTHUB_CLIENT_CONFIRMATION_OK"
15248,10327491011,10327491116,1,"IOTHUB_CLIENT_CONFIRMATION_OK"
15249,10327491211,10327491269,1,"IOTHUB_CLIENT_CONFIRMATION_OK"
15250,10327491411,10327491444,1,"IOTHUB_CLIENT_CONFIRMATION_OK"
15251,10327491611,10327491640,1,"IOTHUB_CLIENT_CONFIRMATION_OK"
15252,10327491811,10327491850,1,"IOTHUB_CLIENT_CONFIRMATION_OK"
15253,10327492012,10327492126,1,"IOTHUB_CLIENT_CONFIRMATION_OK"
15254,10327492212,10327492244,1,"IOTHUB_CLIENT_CONFIRMATION_OK"
15255,10327492412,10327492441,1,"IOTHUB_CLIENT_CONFIRMATION_OK"
15256,10327492612,10327492642,1,"IOTHUB_CLIENT_CONFIRMATION_OK"
15257,10327492812,10327492851,1,"IOTHUB_CLIENT_CONFIRMATION_OK"
15258,10327493013,10327493045,1,"IOTHUB_CLIENT_CONFIRMATION_OK"
15259,10327493213,10327493265,1,"IOTHUB_CLIENT_CONFIRMATION_OK"
15260,10327493413,10327493443,1,"IOTHUB_CLIENT_CONFIRMATION_OK"
15261,10327493613,10327493755,1,"IOTHUB_CLIENT_CONFIRMATION_OK"
15262,10327493813,10327493845,1,"IOTHUB_CLIENT_CONFIRMATION_OK"
15263,10327494013,10327494045,1,"IOTHUB_CLIENT_CONFIRMATION_OK"
15264,10327494214,10327494246,1,"IOTHUB_CLIENT_CONFIRMATION_OK"
15265,10327494414,10327494447,1,"IOTHUB_CLIENT_CONFIRMATION_OK"
15266,10327494614,10327494808,1,"IOTHUB_CLIENT_CONFIRMATION_OK"
15267,10327494814,10327494848,1,"IOTHUB_CLIENT_CONFIRMATION_OK"
15268,10327495014,10327495049,1,"IOTHUB_CLIENT_CONFIRMATION_OK"
15269,10327495214,10327495247,1,"IOTHUB_CLIENT_CONFIRMATION_OK"
15270,10327495415,10327495456,1,"IOTHUB_CLIENT_CONFIRMATION_OK"
15271,10327495615,10327495651,1,"IOTHUB_CLIENT_CONFIRMATION_OK"
15272,10327495815,10327495849,1,"IOTHUB_CLIENT_CONFIRMATION_OK"
15273,10327496015,10327496046,1,"IOTHUB_CLIENT_CONFIRMATION_OK"
15274,10327496215,10327496368,1,"IOTHUB_CLIENT_CONFIRMATION_OK"
15275,10327496415,10327496449,1,"IOTHUB_CLIENT_CONFIRMATION_OK"
15276,10327496616,10327496645,1,"IOTHUB_CLIENT_CONFIRMATION_OK"
15277,10327496816,10327496852,1,"IOTHUB_CLIENT_CONFIRMATION_OK"
15278,10327497016,10327497471,1,"IOTHUB_CLIENT_CONFIRMATION_OK"
15279,10327497216,10327497499,1,"IOTHUB_CLIENT_CONFIRMATION_OK"
15280,10327497416,10327497551,1,"IOTHUB_CLIENT_CONFIRMATION_OK"
15281,10327497616,10327497675,1,"IOTHUB_CLIENT_CONFIRMATION_OK"
15282,10327497817,10327497989,1,"IOTHUB_CLIENT_CONFIRMATION_OK"
15283,10327498017,10327498089,1,"IOTHUB_CLIENT_CONFIRMATION_OK"
15284,10327498217,10327498252,1,"IOTHUB_CLIENT_CONFIRMATION_OK"
15285,10327498417,10327498446,1,"IOTHUB_CLIENT_CONFIRMATION_OK"
15286,10327498617,10327498661,1,"IOTHUB_CLIENT_CONFIRMATION_OK"
15287,10327498817,10327498853,1,"IOTHUB_CLIENT_CONFIRMATION_OK"
15288,10327499017,10327499049,1,"IOTHUB_CLIENT_CONFIRMATION_OK"
15289,10327499218,10327499254,1,"IOTHUB_CLIENT_CONFIRMATION_OK"
15290,10327499418,10327499473,1,"IOTHUB_CLIENT_CONFIRMATION_OK"
15291,10327499618,10327499659,1,"IOTHUB_CLIENT_CONFIRMATION_OK"
15292,10327499818,10327499862,1,"IOTHUB_CLIENT_CONFIRMATION_OK"
15293,10327500018,10327500054,1,"IOTHUB_CLIENT_CONFIRMATION_OK"
15294,10327500218,10327500249,1,"IOTHUB_CLIENT_CONFIRMATION_OK"
15295,10327500419,10327500449,1,"IOTHUB_CLIENT_CONFIRMATION_OK"
15296,10327500619,10327500653,1,"IOTHUB_CLIENT_CONFIRMATION_OK"
15297,10327500819,10327500849,1,"IOTHUB_CLIENT_CONFIRMATION_OK"
15298,10327501019,10327501057,1,"IOTHUB_CLIENT_CONFIRMATION_OK"
15299,10327501219,10327501281,1,"IOTHUB_CLIENT_CONFIRMATION_OK"
15300,10327501419,10327501456,1,"IOTHUB_CLIENT_CONFIRMATION_OK"
15301,10327501620,10327501692,1,"IOTHUB_CLIENT_CONFIRMATION_OK"
15302,10327501820,10327501854,1,"IOTHUB_CLIENT_CONFIRMATION_OK"
15303,10327502020,10327502087,1,"IOTHUB_CLIENT_CONFIRMATION_OK"
15304,10327502220,10327502259,1,"IOTHUB_CLIENT_CONFIRMATION_OK"
15305,10327502421,10327502455,1,"IOTHUB_CLIENT_CONFIRMATION_OK"
15306,10327502621,10327502715,1,"IOTHUB_CLIENT_CONFIRMATION_OK"
15307,10327502821,10327502869,1,"IOTHUB_CLIENT_CONFIRMATION_OK"
15308,10327503021,10327503058,1,"IOTHUB_CLIENT_CONFIRMATION_OK"
15309,10327503221,10327503256,1,"IOTHUB_CLIENT_CONFIRMATION_OK"
15310,10327503421,10327503459,1,"IOTHUB_CLIENT_CONFIRMATION_OK"
15311,10327503622,10327503734,1,"IOTHUB_CLIENT_CONFIRMATION_OK"
15312,10327503822,10327503939,1,"IOTHUB_CLIENT_CONFIRMATION_OK"
15313,10327504022,10327504052,1,"IOTHUB_CLIENT_CONFIRMATION_OK"
15314,10327504222,10327504254,1,"IOTHUB_CLIENT_CONFIRMATION_OK"
15315,10327504422,10327504453,1,"IOTHUB_CLIENT_CONFIRMATION_OK"
15316,10327504623,10327504731,1,"IOTHUB_CLIENT_CONFIRMATION_OK"
15317,10327504823,10327504879,1,"IOTHUB_CLIENT_CONFIRMATION_OK"
15318,10327505023,10327505055,1,"IOTHUB_CLIENT_CONFIRMATION_OK"
15319,10327505223,10327505375,1,"IOTHUB_CLIENT_CONFIRMATION_OK"
15320,10327505423,10327505454,1,"IOTHUB_CLIENT_CONFIRMATION_OK"
15321,10327505623,10327505676,1,"IOTHUB_CLIENT_CONFIRMATION_OK"
15322,10327505824,10327505879,1,"IOTHUB_CLIENT_CONFIRMATION_OK"
15323,10327506024,10327506061,1,"IOTHUB_CLIENT_CONFIRMATION_OK"
15324,10327506224,10327506422,1,"IOTHUB_CLIENT_CONFIRMATION_OK"
15325,10327506424,10327506455,1,"IOTHUB_CLIENT_CONFIRMATION_OK"
15326,10327506624,10327506675,1,"IOTHUB_CLIENT_CONFIRMATION_OK"
15327,10327506824,10327506856,1,"IOTHUB_CLIENT_CONFIRMATION_OK"
15328,10327507024,10327507056,1,"IOTHUB_CLIENT_CONFIRMATION_OK"
15329,10327507225,10327507259,1,"IOTHUB_CLIENT_CONFIRMATION_OK"
15330,10327507425,10327507461,1,"IOTHUB_CLIENT_CONFIRMATION_OK"
15331,10327507625,10327507664,1,"IOTHUB_CLIENT_CONFIRMATION_OK"
15332,10327507825,10327507874,1,"IOTHUB_CLIENT_CONFIRMATION_OK"
15333,10327508025,10327508055,1,"IOTHUB_CLIENT_CONFIRMATION_OK"
15334,10327508225,10327508264,1,"IOTHUB_CLIENT_CONFIRMATION_OK"
15335,10327508425,10327508481,1,"IOTHUB_CLIENT_CONFIRMATION_OK"
15336,10327508626,10327508660,1,"IOTHUB_CLIENT_CONFIRMATION_OK"
15337,10327508826,10327508882,1,"IOTHUB_CLIENT_CONFIRMATION_OK"
15338,10327509026,10327509058,1,"IOTHUB_CLIENT_CONFIRMATION_OK"
15339,10327509226,10327509258,1,"IOTHUB_CLIENT_CONFIRMATION_OK"
15340,10327509426,10327509504,1,"IOTHUB_CLIENT_CONFIRMATION_OK"
15341,10327509626,10327509676,1,"IOTHUB_CLIENT_CONFIRMATION_OK"
15342,10327509826,10327509871,1,"IOTHUB_CLIENT_CONFIRMATION_OK"
15343,10327510027,10327510128,1,"IOTHUB_CLIENT_CONFIRMATION_OK"
15344,10327510227,10327510261,1,"IOTHUB_CLIENT_CONFIRMATION_OK"
15345,10327510427,10327510538,1,"IOTHUB_CLIENT_CONFIRMATION_OK"
15346,10327510627,10327510662,1,"IOTHUB_CLIENT_CONFIRMATION_OK"
15347,10327510827,10327510861,1,"IOTHUB_CLIENT_CONFIRMATION_OK"
15348,10327511028,10327511164,1,"IOTHUB_CLIENT_CONFIRMATION_OK"
15349,10327511228,10327511269,1,"IOTHUB_CLIENT_CONFIRMATION_OK"
15350,10327511428,10327511477,1,"IOTHUB_CLIENT_CONFIRMATION_OK"
15351,10327511628,10327511679,1,"IOTHUB_CLIENT_CONFIRMATION_OK"
15352,10327511828,10327511861,1,"IOTHUB_CLIENT_CONFIRMATION_OK"
15353,10327512028,10327512167,1,"IOTHUB_CLIENT_CONFIRMATION_OK"
15354,10327512229,10327512276,1,"IOTHUB_CLIENT_CONFIRMATION_OK"
15355,10327512429,10327512460,1,"IOTHUB_CLIENT_CONFIRMATION_OK"
15356,10327512629,10327512659,1,"IOTHUB_CLIENT_CONFIRMATION_OK"
15357,10327512829,10327512941,1,"IOTHUB_CLIENT_CONFIRMATION_OK"
15358,10327513029,10327513064,1,"IOTHUB_CLIENT_CONFIRMATION_OK"
15359,10327513229,10327513261,1,"IOTHUB_CLIENT_CONFIRMATION_OK"
15360,10327513430,10327513464,1,"IOTHUB_CLIENT_CONFIRMATION_OK"
15361,10327513630,10327513808,1,"IOTHUB_CLIENT_CONFIRMATION_OK"
15362,10327513830,10327513874,1,"IOTHUB_CLIENT_CONFIRMATION_OK"
15363,10327514030,10327514077,1,"IOTHUB_CLIENT_CONFIRMATION_OK"
15364,10327514230,10327514316,1,"IOTHUB_CLIENT_CONFIRMATION_OK"
15365,10327514430,10327514463,1,"IOTHUB_CLIENT_CONFIRMATION_OK"
15366,10327514630,10327514808,1,"IOTHUB_CLIENT_CONFIRMATION_OK"
15367,10327514831,10327514862,1,"IOTHUB_CLIENT_CONFIRMATION_OK"
15368,10327515031,10327515062,1,"IOTHUB_CLIENT_CONFIRMATION_OK"
15369,10327515231,10327515260,1,"IOTHUB_CLIENT_CONFIRMATION_OK"
15370,10327515431,10327515462,1,"IOTHUB_CLIENT_CONFIRMATION_OK"
15371,10327515631,10327515690,1,"IOTHUB_CLIENT_CONFIRMATION_OK"
15372,10327515831,10327515887,1,"IOTHUB_CLIENT_CONFIRMATION_OK"
15373,10327516032,10327516078,1,"IOTHUB_CLIENT_CONFIRMATION_OK"
15374,10327516232,10327516266,1,"IOTHUB_CLIENT_CONFIRMATION_OK"
15375,10327516432,10327516474,1,"IOTHUB_CLIENT_CONFIRMATION_OK"
15376,10327516632,10327516683,1,"IOTHUB_CLIENT_CONFIRMATION_OK"
15377,10327516832,10327516882,1,"IOTHUB_CLIENT_CONFIRMATION_OK"
15378,10327517032,10327517082,1,"IOTHUB_CLIENT_CONFIRMATION_OK"
15379,10327517232,10327517266,1,"IOTHUB_CLIENT_CONFIRMATION_OK"
15380,10327517433,10327517466,1,"IOTHUB_CLIENT_CONFIRMATION_OK"
15381,10327517633,10327517716,1,"IOTHUB_CLIENT_CONFIRMATION_OK"
15382,10327517833,10327517917,1,"IOTHUB_CLIENT_CONFIRMATION_OK"
15383,10327518033,10327518097,1,"IOTHUB_CLIENT_CONFIRMATION_OK"
15384,10327518233,10327518267,1,"IOTHUB_CLIENT_CONFIRMATION_OK"
15385,10327518434,10327518512,1,"IOTHUB_CLIENT_CONFIRMATION_OK"
15386,10327518634,10327518672,1,"IOTHUB_CLIENT_CONFIRMATION_OK"
15387,10327518834,10327518890,1,"IOTHUB_CLIENT_CONFIRMATION_OK"
15388,10327519034,10327519065,1,"IOTHUB_CLIENT_CONFIRMATION_OK"
15389,10327519234,10327519306,1,"IOTHUB_CLIENT_CONFIRMATION_OK"
15390,10327519434,10327519532,1,"IOTHUB_CLIENT_CONFIRMATION_OK"
15391,10327519635,10327519687,1,"IOTHUB_CLIENT_CONFIRMATION_OK"
15392,10327519835,10327519876,1,"IOTHUB_CLIENT_CONFIRMATION_OK"
15393,10327520035,10327520068,1,"IOTHUB_CLIENT_CONFIRMATION_OK"
15394,10327520235,10327520287,1,"IOTHUB_CLIENT_CONFIRMATION_OK"
15395,10327520435,10327520534,1,"IOTHUB_CLIENT_CONFIRMATION_OK"
15396,10327520635,10327520669,1,"IOTHUB_CLIENT_CONFIRMATION_OK"
15397,10327520835,10327520883,1,"IOTHUB_CLIENT_CONFIRMATION_OK"
15398,10327521036,10327521170,1,"IOTHUB_CLIENT_CONFIRMATION_OK"
15399,10327521236,10327521269,1,"IOTHUB_CLIENT_CONFIRMATION_OK"
15400,10327521436,10327521471,1,"IOTHUB_CLIENT_CONFIRMATION_OK"
15401,10327521636,10327521671,1,"IOTHUB_CLIENT_CONFIRMATION_OK"
15402,10327521836,10327521869,1,"IOTHUB_CLIENT_CONFIRMATION_OK"
15403,10327522036,10327522215,1,"IOTHUB_CLIENT_CONFIRMATION_OK"
15404,10327522236,10327522301,1,"IOTHUB_CLIENT_CONFIRMATION_OK"
15405,10327522437,10327522472,1,"IOTHUB_CLIENT_CONFIRMATION_OK"
15406,10327522637,10327522680,1,"IOTHUB_CLIENT_CONFIRMATION_OK"
15407,10327522837,10327522867,1,"IOTHUB_CLIENT_CONFIRMATION_OK"
15408,10327523037,10327523072,1,"IOTHUB_CLIENT_CONFIRMATION_OK"
15409,10327523237,10327523285,1,"IOTHUB_CLIENT_CONFIRMATION_OK"
15410,10327523438,10327523471,1,"IOTHUB_CLIENT_CONFIRMATION_OK"
15411,10327523638,10327523673,1,"IOTHUB_CLIENT_CONFIRMATION_OK"
15412,10327523838,10327523875,1,"IOTHUB_CLIENT_CONFIRMATION_OK"
15413,10327524038,10327524160,1,"IOTHUB_CLIENT_CONFIRMATION_OK"
15414,10327524238,10327524273,1,"IOTHUB_CLIENT_CONFIRMATION_OK"
15415,10327524438,10327524522,1,"IOTHUB_CLIENT_CONFIRMATION_OK"
15416,10327524639,10327524833,1,"IOTHUB_CLIENT_CONFIRMATION_OK"
15417,10327524839,10327524869,1,"IOTHUB_CLIENT_CONFIRMATION_OK"
15418,10327525039,10327525083,1,"IOTHUB_CLIENT_CONFIRMATION_OK"
15419,10327525239,10327525270,1,"IOTHUB_CLIENT_CONFIRMATION_OK"
15420,10327525439,10327525475,1,"IOTHUB_CLIENT_CONFIRMATION_OK"
15421,10327525639,10327525677,1,"IOTHUB_CLIENT_CONFIRMATION_OK"
15422,10327525840,10327525870,1,"IOTHUB_CLIENT_CONFIRMATION_OK"
15423,10327526040,10327526088,1,"IOTHUB_CLIENT_CONFIRMATION_OK"
15424,10327526240,10327526270,1,"IOTHUB_CLIENT_CONFIRMATION_OK"
15425,10327526440,10327526475,1,"IOTHUB_CLIENT_CONFIRMATION_OK"
15426,10327526640,10327526694,1,"IOTHUB_CLIENT_CONFIRMATION_OK"
15427,10327526840,10327526878,1,"IOTHUB_CLIENT_CONFIRMATION_OK"
15428,10327527040,10327527074,1,"IOTHUB_CLIENT_CONFIRMATION_OK"
15429,10327527241,10327527273,1,"IOTHUB_CLIENT_CONFIRMATION_OK"
15430,10327527441,10327527480,1,"IOTHUB_CLIENT_CONFIRMATION_OK"
15431,10327527641,10327527672,1,"IOTHUB_CLIENT_CONFIRMATION_OK"
15432,10327527841,10327527879,1,"IOTHUB_CLIENT_CONFIRMATION_OK"
15433,10327528041,10327528072,1,"IOTHUB_CLIENT_CONFIRMATION_OK"
15434,10327528241,10327528273,1,"IOTHUB_CLIENT_CONFIRMATION_OK"
15435,10327528442,10327528493,1,"IOTHUB_CLIENT_CONFIRMATION_OK"
15436,10327528642,10327528681,1,"IOTHUB_CLIENT_CONFIRMATION_OK"
15437,10327528842,10327528895,1,"IOTHUB_CLIENT_CONFIRMATION_OK"
15438,10327529042,10327529082,1,"IOTHUB_CLIENT_CONFIRMATION_OK"
15439,10327529242,10327529271,1,"IOTHUB_CLIENT_CONFIRMATION_OK"
15440,10327529442,10327529510,1,"IOTHUB_CLIENT_CONFIRMATION_OK"
15441,10327529643,10327529671,1,"IOTHUB_CLIENT_CONFIRMATION_OK"
15442,10327529843,10327529873,1,"IOTHUB_CLIENT_CONFIRMATION_OK"
15443,10327530043,10327530122,1,"IOTHUB_CLIENT_CONFIRMATION_OK"
15444,10327530243,10327530274,1,"IOTHUB_CLIENT_CONFIRMATION_OK"
15445,10327530443,10327530526,1,"IOTHUB_CLIENT_CONFIRMATION_OK"
15446,10327530643,10327530674,1,"IOTHUB_CLIENT_CONFIRMATION_OK"
15447,10327530844,10327530875,1,"IOTHUB_CLIENT_CONFIRMATION_OK"
15448,10327531044,10327531144,1,"IOTHUB_CLIENT_CONFIRMATION_OK"
15449,10327531244,10327531477,1,"IOTHUB_CLIENT_CONFIRMATION_OK"
15450,10327531444,10327531503,1,"IOTHUB_CLIENT_CONFIRMATION_OK"
15451,10327531644,10327531679,1,"IOTHUB_CLIENT_CONFIRMATION_OK"
15452,10327531844,10327532024,1,"IOTHUB_CLIENT_CONFIRMATION_OK"
15453,10327532044,10327532240,1,"IOTHUB_CLIENT_CONFIRMATION_OK"
15454,10327532245,10327532278,1,"IOTHUB_CLIENT_CONFIRMATION_OK"
15455,10327532445,10327532481,1,"IOTHUB_CLIENT_CONFIRMATION_OK"
15456,10327532645,10327532679,1,"IOTHUB_CLIENT_CONFIRMATION_OK"
15457,10327532845,10327532875,1,"IOTHUB_CLIENT_CONFIRMATION_OK"
15458,10327533045,10327533088,1,"IOTHUB_CLIENT_CONFIRMATION_OK"
15459,10327533245,10327533274,1,"IOTHUB_CLIENT_CONFIRMATION_OK"
15460,10327533446,10327533478,1,"IOTHUB_CLIENT_CONFIRMATION_OK"
15461,10327533646,10327533682,1,"IOTHUB_CLIENT_CONFIRMATION_OK"
15462,10327533846,10327533890,1,"IOTHUB_CLIENT_CONFIRMATION_OK"
15463,10327534046,10327534080,1,"IOTHUB_CLIENT_CONFIRMATION_OK"
15464,10327534246,10327534285,1,"IOTHUB_CLIENT_CONFIRMATION_OK"
15465,10327534447,10327534481,1,"IOTHUB_CLIENT_CONFIRMATION_OK"
15466,10327534647,10327534676,1,"IOTHUB_CLIENT_CONFIRMATION_OK"
15467,10327534847,10327534878,1,"IOTHUB_CLIENT_CONFIRMATION_OK"
15468,10327535047,10327535080,1,"IOTHUB_CLIENT_CONFIRMATION_OK"
15469,10327535247,10327535309,1,"IOTHUB_CLIENT_CONFIRMATION_OK"
15470,10327535447,10327535477,1,"IOTHUB_CLIENT_CONFIRMATION_OK"
15471,10327535648,10327535678,1,"IOTHUB_CLIENT_CONFIRMATION_OK"
15472,10327535848,10327535908,1,"IOTHUB_CLIENT_CONFIRMATION_OK"
15473,10327536048,10327536078,1,"IOTHUB_CLIENT_CONFIRMATION_OK"
15474,10327536248,10327536296,1,"IOTHUB_CLIENT_CONFIRMATION_OK"
15475,10327536448,10327536480,1,"IOTHUB_CLIENT_CONFIRMATION_OK"
15476,10327536649,10327536687,1,"IOTHUB_CLIENT_CONFIRMATION_OK"
15477,10327536849,10327536920,1,"IOTHUB_CLIENT_CONFIRMATION_OK"
15478,10327537049,10327537084,1,"IOTHUB_CLIENT_CONFIRMATION_OK"
15479,10327537249,10327537281,1,"IOTHUB_CLIENT_CONFIRMATION_OK"
15480,10327537449,10327537478,1,"IOTHUB_CLIENT_CONFIRMATION_OK"
15481,10327537649,10327537682,1,"IOTHUB_CLIENT_CONFIRMATION_OK"
15482,10327537850,10327537950,1,"IOTHUB_CLIENT_CONFIRMATION_OK"
15483,10327538050,10327538082,1,"IOTHUB_CLIENT_CONFIRMATION_OK"
15484,10327538250,10327538282,1,"IOTHUB_CLIENT_CONFIRMATION_OK"
15485,10327538450,10327538503,1,"IOTHUB_CLIENT_CONFIRMATION_OK"
15486,10327538651,10327538706,1,"IOTHUB_CLIENT_CONFIRMATION_OK"
15487,10327538851,10327538947,1,"IOTHUB_CLIENT_CONFIRMATION_OK"
15488,10327539051,10327539093,1,"IOTHUB_CLIENT_CONFIRMATION_OK"
15489,10327539251,10327539293,1,"IOTHUB_CLIENT_CONFIRMATION_OK"
15490,10327539451,10327539617,1,"IOTHUB_CLIENT_CONFIRMATION_OK"
15491,10327539651,10327539682,1,"IOTHUB_CLIENT_CONFIRMATION_OK"
15492,10327539851,10327539886,1,"IOTHUB_CLIENT_CONFIRMATION_OK"
15493,10327540052,10327540085,1,"IOTHUB_CLIENT_CONFIRMATION_OK"
15494,10327540252,10327540281,1,"IOTHUB_CLIENT_CONFIRMATION_OK"
15495,10327540452,10327540596,1,"IOTHUB_CLIENT_CONFIRMATION_OK"
15496,10327540652,10327540722,1,"IOTHUB_CLIENT_CONFIRMATION_OK"
15497,10327540852,10327540897,1,"IOTHUB_CLIENT_CONFIRMATION_OK"
15498,10327541052,10327541089,1,"IOTHUB_CLIENT_CONFIRMATION_OK"
15499,10327541253,10327541283,1,"IOTHUB_CLIENT_CONFIRMATION_OK"
15500,10327541453,10327541496,1,"IOTHUB_CLIENT_CONFIRMATION_OK"
15501,10327541653,10327541696,1,"IOTHUB_CLIENT_CONFIRMATION_OK"
15502,10327541853,10327541886,1,"IOTHUB_CLIENT_CONFIRMATION_OK"
15503,10327542053,10327542266,1,"IOTHUB_CLIENT_CONFIRMATION_OK"
15504,10327542254,10327542286,1,"IOTHUB_CLIENT_CONFIRMATION_OK"
15505,10327542454,10327542488,1,"IOTHUB_CLIENT_CONFIRMATION_OK"
15506,10327542654,10327542703,1,"IOTHUB_CLIENT_CONFIRMATION_OK"
15507,10327542854,10327542889,1,"IOTHUB_CLIENT_CONFIRMATION_OK"
15508,10327543054,10327543093,1,"IOTHUB_CLIENT_CONFIRMATION_OK"
15509,10327543254,10327543300,1,"IOTHUB_CLIENT_CONFIRMATION_OK"
15510,10327543454,10327543487,1,"IOTHUB_CLIENT_CONFIRMATION_OK"
15511,10327543655,10327543694,1,"IOTHUB_CLIENT_CONFIRMATION_OK"
15512,10327543855,10327543889,1,"IOTHUB_CLIENT_CONFIRMATION_OK"
15513,10327544055,10327544095,1,"IOTHUB_CLIENT_CONFIRMATION_OK"
15514,10327544255,10327544298,1,"IOTHUB_CLIENT_CONFIRMATION_OK"
15515,10327544455,10327544488,1,"IOTHUB_CLIENT_CONFIRMATION_OK"
15516,10327544655,10327544688,1,"IOTHUB_CLIENT_CONFIRMATION_OK"
15517,10327544855,10327544890,1,"IOTHUB_CLIENT_CONFIRMATION_OK"
15518,10327545056,10327545096,1,"IOTHUB_CLIENT_CONFIRMATION_OK"
15519,10327545256,10327545317,1,"IOTHUB_CLIENT_CONFIRMATION_OK"
15520,10327545456,10327545489,1,"IOTHUB_CLIENT_CONFIRMATION_OK"
15521,10327545656,10327545768,1,"IOTHUB_CLIENT_CONFIRMATION_OK"
15522,10327545856,10327545888,1,"IOTHUB_CLIENT_CONFIRMATION_OK"
15523,10327546056,10327546089,1,"IOTHUB_CLIENT_CONFIRMATION_OK"
15524,10327546257,10327546377,1,"IOTHUB_CLIENT_CONFIRMATION_OK"
15525,10327546457,10327546486,1,"IOTHUB_CLIENT_CONFIRMATION_OK"
15526,10327546657,10327546688,1,"IOTHUB_CLIENT_CONFIRMATION_OK"
15527,10327546857,10327546997,1,"IOTHUB_CLIENT_CONFIRMATION_OK"
15528,10327547057,10327547105,1,"IOTHUB_CLIENT_CONFIRMATION_OK"
15529,10327547257,10327547300,1,"IOTHUB_CLIENT_CONFIRMATION_OK"
15530,10327547457,10327547488,1,"IOTHUB_CLIENT_CONFIRMATION_OK"
15531,10327547658,10327547689,1,"IOTHUB_CLIENT_CONFIRMATION_OK"
15532,10327547858,10327548034,1,"IOTHUB_CLIENT_CONFIRMATION_OK"
15533,10327548058,10327548088,1,"IOTHUB_CLIENT_CONFIRMATION_OK"
15534,10327548258,10327548289,1,"IOTHUB_CLIENT_CONFIRMATION_OK"
15535,10327548458,10327548502,1,"IOTHUB_CLIENT_CONFIRMATION_OK"
15536,10327548658,10327548690,1,"IOTHUB_CLIENT_CONFIRMATION_OK"
15537,10327548858,10327548902,1,"IOTHUB_CLIENT_CONFIRMATION_OK"
15538,10327549059,10327549095,1,"IOTHUB_CLIENT_CONFIRMATION_OK"
15539,10327549259,10327549311,1,"IOTHUB_CLIENT_CONFIRMATION_OK"
15540,10327549459,10327549494,1,"IOTHUB_CLIENT_CONFIRMATION_OK"
15541,10327549659,10327549690,1,"IOTHUB_CLIENT_CONFIRMATION_OK"
15542,10327549859,10327549888,1,"IOTHUB_CLIENT_CONFIRMATION_OK"
15543,10327550060,10327550096,1,"IOTHUB_CLIENT_CONFIRMATION_OK"
15544,10327550260,10327550290,1,"IOTHUB_CLIENT_CONFIRMATION_OK"
15545,10327550460,10327550644,1,"IOTHUB_CLIENT_CONFIRMATION_OK"
15546,10327550660,10327550692,1,"IOTHUB_CLIENT_CONFIRMATION_OK"
15547,10327550860,10327550895,1,"IOTHUB_CLIENT_CONFIRMATION_OK"
15548,10327551061,10327551091,1,"IOTHUB_CLIENT_CONFIRMATION_OK"
15549,10327551261,10327551300,1,"IOTHUB_CLIENT_CONFIRMATION_OK"
15550,10327551461,10327551493,1,"IOTHUB_CLIENT_CONFIRMATION_OK"
15551,10327551661,10327551698,1,"IOTHUB_CLIENT_CONFIRMATION_OK"
15552,10327551861,10327551892,1,"IOTHUB_CLIENT_CONFIRMATION_OK"
15553,10327552061,10327552092,1,"IOTHUB_CLIENT_CONFIRMATION_OK"
15554,10327552262,10327552294,1,"IOTHUB_CLIENT_CONFIRMATION_OK"
15555,10327552462,10327552494,1,"IOTHUB_CLIENT_CONFIRMATION_OK"
15556,10327552662,10327552697,1,"IOTHUB_CLIENT_CONFIRMATION_OK"
15557,10327552862,10327552902,1,"IOTHUB_CLIENT_CONFIRMATION_OK"
15558,10327553062,10327553123,1,"IOTHUB_CLIENT_CONFIRMATION_OK"
15559,10327553262,10327553415,1,"IOTHUB_CLIENT_CONFIRMATION_OK"
15560,10327553463,10327553519,1,"IOTHUB_CLIENT_CONFIRMATION_OK"
15561,10327553663,10327553699,1,"IOTHUB_CLIENT_CONFIRMATION_OK"
15562,10327553863,10327553964,1,"IOTHUB_CLIENT_CONFIRMATION_OK"
15563,10327554063,10327554099,1,"IOTHUB_CLIENT_CONFIRMATION_OK"
15564,10327554263,10327554310,1,"IOTHUB_CLIENT_CONFIRMATION_OK"
15565,10327554463,10327554494,1,"IOTHUB_CLIENT_CONFIRMATION_OK"
15566,10327554664,10327554704,1,"IOTHUB_CLIENT_CONFIRMATION_OK"
15567,10327554864,10327554894,1,"IOTHUB_CLIENT_CONFIRMATION_OK"
15568,10327555064,10327555105,1,"IOTHUB_CLIENT_CONFIRMATION_OK"
15569,10327555264,10327555353,1,"IOTHUB_CLIENT_CONFIRMATION_OK"
15570,10327555464,10327555497,1,"IOTHUB_CLIENT_CONFIRMATION_OK"
15571,10327555664,10327555702,1,"IOTHUB_CLIENT_CONFIRMATION_OK"
15572,10327555865,10327555938,1,"IOTHUB_CLIENT_CONFIRMATION_OK"
15573,10327556065,10327556095,1,"IOTHUB_CLIENT_CONFIRMATION_OK"
15574,10327556265,10327556339,1,"IOTHUB_CLIENT_CONFIRMATION_OK"
15575,10327556465,10327556498,1,"IOTHUB_CLIENT_CONFIRMATION_OK"
15576,10327556665,10327556697,1,"IOTHUB_CLIENT_CONFIRMATION_OK"
15577,10327556865,10327556951,1,"IOTHUB_CLIENT_CONFIRMATION_OK"
15578,10327557066,10327557100,1,"IOTHUB_CLIENT_CONFIRMATION_OK"
15579,10327557266,10327557335,1,"IOTHUB_CLIENT_CONFIRMATION_OK"
15580,10327557466,10327557504,1,"IOTHUB_CLIENT_CONFIRMATION_OK"
15581,10327557666,10327557699,1,"IOTHUB_CLIENT_CONFIRMATION_OK"
15582,10327557866,10327557966,1,"IOTHUB_CLIENT_CONFIRMATION_OK"
15583,10327558066,10327558096,1,"IOTHUB_CLIENT_CONFIRMATION_OK"
15584,10327558267,10327558300,1,"IOTHUB_CLIENT_CONFIRMATION_OK"
15585,10327558467,10327558495,1,"IOTHUB_CLIENT_CONFIRMATION_OK"
15586,10327558667,10327558699,1,"IOTHUB_CLIENT_CONFIRMATION_OK"
15587,10327558867,10327558896,1,"IOTHUB_CLIENT_CONFIRMATION_OK"
15588,10327559067,10327559100,1,"IOTHUB_CLIENT_CONFIRMATION_OK"
15589,10327559267,10327559305,1,"IOTHUB_CLIENT_CONFIRMATION_OK"
15590,10327559468,10327559613,1,"IOTHUB_CLIENT_CONFIRMATION_OK"
15591,10327559668,10327559697,1,"IOTHUB_CLIENT_CONFIRMATION_OK"
15592,10327559868,10327559900,1,"IOTHUB_CLIENT_CONFIRMATION_OK"
15593,10327560068,10327560104,1,"IOTHUB_CLIENT_CONFIRMATION_OK"
15594,10327560268,10327560298,1,"IOTHUB_CLIENT_CONFIRMATION_OK"
15595,10327560468,10327560624,1,"IOTHUB_CLIENT_CONFIRMATION_OK"
15596,10327560668,10327560702,1,"IOTHUB_CLIENT_CONFIRMATION_OK"
15597,10327560869,10327560908,1,"IOTHUB_CLIENT_CONFIRMATION_OK"
15598,10327561069,10327561107,1,"IOTHUB_CLIENT_CONFIRMATION_OK"
15599,10327561269,10327561326,1,"IOTHUB_CLIENT_CONFIRMATION_OK"
15600,10327561469,10327561661,1,"IOTHUB_CLIENT_CONFIRMATION_OK"
15601,10327561669,10327561699,1,"IOTHUB_CLIENT_CONFIRMATION_OK"
15602,10327561869,10327561901,1,"IOTHUB_CLIENT_CONFIRMATION_OK"
15603,10327562070,10327562269,1,"IOTHUB_CLIENT_CONFIRMATION_OK"
15604,10327562270,10327562304,1,"IOTHUB_CLIENT_CONFIRMATION_OK"
15605,10327562470,10327562517,1,"IOTHUB_CLIENT_CONFIRMATION_OK"
15606,10327562670,10327562703,1,"IOTHUB_CLIENT_CONFIRMATION_OK"
15607,10327562870,10327562903,1,"IOTHUB_CLIENT_CONFIRMATION_OK"
15608,10327563070,10327563099,1,"IOTHUB_CLIENT_CONFIRMATION_OK"
15609,10327563270,10327563301,1,"IOTHUB_CLIENT_CONFIRMATION_OK"
15610,10327563471,10327563502,1,"IOTHUB_CLIENT_CONFIRMATION_OK"
15611,10327563671,10327563700,1,"IOTHUB_CLIENT_CONFIRMATION_OK"
15612,10327563871,10327563908,1,"IOTHUB_CLIENT_CONFIRMATION_OK"
15613,10327564071,10327564101,1,"IOTHUB_CLIENT_CONFIRMATION_OK"
15614,10327564271,10327564342,1,"IOTHUB_CLIENT_CONFIRMATION_OK"
15615,10327564472,10327564510,1,"IOTHUB_CLIENT_CONFIRMATION_OK"
15616,10327564672,10327564704,1,"IOTHUB_CLIENT_CONFIRMATION_OK"
15617,10327564872,10327564902,1,"IOTHUB_CLIENT_CONFIRMATION_OK"
15618,10327565072,10327565105,1,"IOTHUB_CLIENT_CONFIRMATION_OK"
15619,10327565272,10327565325,1,"IOTHUB_CLIENT_CONFIRMATION_OK"
15620,10327565472,10327565505,1,"IOTHUB_CLIENT_CONFIRMATION_OK"
15621,10327565672,10327565709,1,"IOTHUB_CLIENT_CONFIRMATION_OK"
15622,10327565873,10327565979,1,"IOTHUB_CLIENT_CONFIRMATION_OK"
15623,10327566073,10327566123,1,"IOTHUB_CLIENT_CONFIRMATION_OK"
15624,10327566273,10327566352,1,"IOTHUB_CLIENT_CONFIRMATION_OK"
15625,10327566473,10327566509,1,"IOTHUB_CLIENT_CONFIRMATION_OK"
15626,10327566673,10327566711,1,"IOTHUB_CLIENT_CONFIRMATION_OK"
15627,10327566873,10327566952,1,"IOTHUB_CLIENT_CONFIRMATION_OK"
15628,10327567073,10327567107,1,"IOTHUB_CLIENT_CONFIRMATION_OK"
15629,10327567274,10327567306,1,"IOTHUB_CLIENT_CONFIRMATION_OK"
15630,10327567474,10327567505,1,"IOTHUB_CLIENT_CONFIRMATION_OK"
15631,10327567674,10327567717,1,"IOTHUB_CLIENT_CONFIRMATION_OK"
15632,10327567874,10327568018,1,"IOTHUB_CLIENT_CONFIRMATION_OK"
15633,10327568074,10327568111,1,"IOTHUB_CLIENT_CONFIRMATION_OK"
15634,10327568275,10327568319,1,"IOTHUB_CLIENT_CONFIRMATION_OK"
15635,10327568475,10327568603,1,"IOTHUB_CLIENT_CONFIRMATION_OK"
15636,10327568675,10327568705,1,"IOTHUB_CLIENT_CONFIRMATION_OK"
15637,10327568875,10327568921,1,"IOTHUB_CLIENT_CONFIRMATION_OK"
15638,10327569075,10327569120,1,"IOTHUB_CLIENT_CONFIRMATION_OK"
15639,10327569276,10327569308,1,"IOTHUB_CLIENT_CONFIRMATION_OK"
15640,10327569476,10327569633,1,"IOTHUB_CLIENT_CONFIRMATION_OK"
15641,10327569676,10327569713,1,"IOTHUB_CLIENT_CONFIRMATION_OK"
15642,10327569876,10327569912,1,"IOTHUB_CLIENT_CONFIRMATION_OK"
15643,10327570076,10327570127,1,"IOTHUB_CLIENT_CONFIRMATION_OK"
15644,10327570277,10327570308,1,"IOTHUB_CLIENT_CONFIRMATION_OK"
15645,10327570477,10327570637,1,"IOTHUB_CLIENT_CONFIRMATION_OK"
15646,10327570677,10327570707,1,"IOTHUB_CLIENT_CONFIRMATION_OK"
15647,10327570877,10327570913,1,"IOTHUB_CLIENT_CONFIRMATION_OK"
15648,10327571077,10327571107,1,"IOTHUB_CLIENT_CONFIRMATION_OK"
15649,10327571277,10327571310,1,"IOTHUB_CLIENT_CONFIRMATION_OK"
15650,10327571478,10327571507,1,"IOTHUB_CLIENT_CONFIRMATION_OK"
15651,10327571678,10327571718,1,"IOTHUB_CLIENT_CONFIRMATION_OK"
15652,10327571878,10327571911,1,"IOTHUB_CLIENT_CONFIRMATION_OK"
15653,10327572078,10327572301,1,"IOTHUB_CLIENT_CONFIRMATION_OK"
15654,10327572278,10327572314,1,"IOTHUB_CLIENT_CONFIRMATION_OK"
15655,10327572478,10327572509,1,"IOTHUB_CLIENT_CONFIRMATION_OK"
15656,10327572678,10327572713,1,"IOTHUB_CLIENT_CONFIRMATION_OK"
15657,10327572879,10327572909,1,"IOTHUB_CLIENT_CONFIRMATION_OK"
15658,10327573079,10327573109,1,"IOTHUB_CLIENT_CONFIRMATION_OK"
15659,10327573279,10327573319,1,"IOTHUB_CLIENT_CONFIRMATION_OK"
15660,10327573479,10327573508,1,"IOTHUB_CLIENT_CONFIRMATION_OK"
15661,10327573679,10327573721,1,"IOTHUB_CLIENT_CONFIRMATION_OK"
15662,10327573879,10327573914,1,"IOTHUB_CLIENT_CONFIRMATION_OK"
15663,10327574079,10327574112,1,"IOTHUB_CLIENT_CONFIRMATION_OK"
15664,10327574280,10327574342,1,"IOTHUB_CLIENT_CONFIRMATION_OK"
15665,10327574480,10327574523,1,"IOTHUB_CLIENT_CONFIRMATION_OK"
15666,10327574680,10327574946,1,"IOTHUB_CLIENT_CONFIRMATION_OK"
15667,10327574880,10327574985,1,"IOTHUB_CLIENT_CONFIRMATION_OK"
15668,10327575080,10327575124,1,"IOTHUB_CLIENT_CONFIRMATION_OK"
15669,10327575280,10327575351,1,"IOTHUB_CLIENT_CONFIRMATION_OK"
15670,10327575481,10327575511,1,"IOTHUB_CLIENT_CONFIRMATION_OK"
15671,10327575681,10327575709,1,"IOTHUB_CLIENT_CONFIRMATION_OK"
15672,10327575881,10327575913,1,"IOTHUB_CLIENT_CONFIRMATION_OK"
15673,10327576081,10327576117,1,"IOTHUB_CLIENT_CONFIRMATION_OK"
15674,10327576281,10327576354,1,"IOTHUB_CLIENT_CONFIRMATION_OK"
15675,10327576482,10327576555,1,"IOTHUB_CLIENT_CONFIRMATION_OK"
15676,10327576682,10327576732,1,"IOTHUB_CLIENT_CONFIRMATION_OK"
15677,10327576882,10327576990,1,"IOTHUB_CLIENT_CONFIRMATION_OK"
15678,10327577082,10327577117,1,"IOTHUB_CLIENT_CONFIRMATION_OK"
15679,10327577282,10327577315,1,"IOTHUB_CLIENT_CONFIRMATION_OK"
15680,10327577482,10327577514,1,"IOTHUB_CLIENT_CONFIRMATION_OK"
15681,10327577682,10327577713,1,"IOTHUB_CLIENT_CONFIRMATION_OK"
15682,10327577883,10327577990,1,"IOTHUB_CLIENT_CONFIRMATION_OK"
15683,10327578083,10327578118,1,"IOTHUB_CLIENT_CONFIRMATION_OK"
15684,10327578283,10327578333,1,"IOTHUB_CLIENT_CONFIRMATION_OK"
15685,10327578483,10327578517,1,"IOTHUB_CLIENT_CONFIRMATION_OK"
15686,10327578683,10327578715,1,"IOTHUB_CLIENT_CONFIRMATION_OK"
15687,10327578884,10327578932,1,"IOTHUB_CLIENT_CONFIRMATION_OK"
15688,10327579084,10327579116,1,"IOTHUB_CLIENT_CONFIRMATION_OK"
15689,10327579284,10327579371,1,"IOTHUB_CLIENT_CONFIRMATION_OK"
15690,10327579484,10327579614,1,"IOTHUB_CLIENT_CONFIRMATION_OK"
15691,10327579684,10327579715,1,"IOTHUB_CLIENT_CONFIRMATION_OK"
15692,10327579884,10327579916,1,"IOTHUB_CLIENT_CONFIRMATION_OK"
15693,10327580085,10327580116,1,"IOTHUB_CLIENT_CONFIRMATION_OK"
15694,10327580285,10327580316,1,"IOTHUB_CLIENT_CONFIRMATION_OK"
15695,10327580485,10327580635,1,"IOTHUB_CLIENT_CONFIRMATION_OK"
15696,10327580685,10327580726,1,"IOTHUB_CLIENT_CONFIRMATION_OK"
15697,10327580885,10327580920,1,"IOTHUB_CLIENT_CONFIRMATION_OK"
15698,10327581086,10327581245,1,"IOTHUB_CLIENT_CONFIRMATION_OK"
15699,10327581286,10327581316,1,"IOTHUB_CLIENT_CONFIRMATION_OK"
15700,10327581486,10327581518,1,"IOTHUB_CLIENT_CONFIRMATION_OK"
15701,10327581686,10327581722,1,"IOTHUB_CLIENT_CONFIRMATION_OK"
15702,10327581886,10327581917,1,"IOTHUB_CLIENT_CONFIRMATION_OK"
15703,10327582086,10327582259,1,"IOTHUB_CLIENT_CONFIRMATION_OK"
15704,10327582287,10327582325,1,"IOTHUB_CLIENT_CONFIRMATION_OK"
15705,10327582487,10327582516,1,"IOTHUB_CLIENT_CONFIRMATION_OK"
15706,10327582687,10327582825,1,"IOTHUB_CLIENT_CONFIRMATION_OK"
15707,10327582887,10327583194,1,"IOTHUB_CLIENT_CONFIRMATION_OK"
15708,10327583087,10327583286,1,"IOTHUB_CLIENT_CONFIRMATION_OK"
15709,10327583287,10327583367,1,"IOTHUB_CLIENT_CONFIRMATION_OK"
15710,10327583487,10327583521,1,"IOTHUB_CLIENT_CONFIRMATION_OK"
15711,10327583688,10327583722,1,"IOTHUB_CLIENT_CONFIRMATION_OK"
15712,10327583888,10327583917,1,"IOTHUB_CLIENT_CONFIRMATION_OK"
15713,10327584088,10327584120,1,"IOTHUB_CLIENT_CONFIRMATION_OK"
15714,10327584288,10327584319,1,"IOTHUB_CLIENT_CONFIRMATION_OK"
15715,10327584488,10327584523,1,"IOTHUB_CLIENT_CONFIRMATION_OK"
15716,10327584689,10327584906,1,"IOTHUB_CLIENT_CONFIRMATION_OK"
15717,10327584889,10327584928,1,"IOTHUB_CLIENT_CONFIRMATION_OK"
15718,10327585089,10327585126,1,"IOTHUB_CLIENT_CONFIRMATION_OK"
15719,10327585289,10327585327,1,"IOTHUB_CLIENT_CONFIRMATION_OK"
15720,10327585489,10327585521,1,"IOTHUB_CLIENT_CONFIRMATION_OK"
15721,10327585689,10327585724,1,"IOTHUB_CLIENT_CONFIRMATION_OK"
15722,10327585889,10327585927,1,"IOTHUB_CLIENT_CONFIRMATION_OK"
15723,10327586090,10327586125,1,"IOTHUB_CLIENT_CONFIRMATION_OK"
15724,10327586290,10327586320,1,"IOTHUB_CLIENT_CONFIRMATION_OK"
15725,10327586490,10327586521,1,"IOTHUB_CLIENT_CONFIRMATION_OK"
15726,10327586690,10327586724,1,"IOTHUB_CLIENT_CONFIRMATION_OK"
15727,10327586890,10327586958,1,"IOTHUB_CLIENT_CONFIRMATION_OK"
15728,10327587090,10327587150,1,"IOTHUB_CLIENT_CONFIRMATION_OK"
15729,10327587290,10327587322,1,"IOTHUB_CLIENT_CONFIRMATION_OK"
15730,10327587491,10327587528,1,"IOTHUB_CLIENT_CONFIRMATION_OK"
15731,10327587691,10327587814,1,"IOTHUB_CLIENT_CONFIRMATION_OK"
15732,10327587891,10327587965,1,"IOTHUB_CLIENT_CONFIRMATION_OK"
15733,10327588091,10327588128,1,"IOTHUB_CLIENT_CONFIRMATION_OK"
15734,10327588291,10327588329,1,"IOTHUB_CLIENT_CONFIRMATION_OK"
15735,10327588491,10327588586,1,"IOTHUB_CLIENT_CONFIRMATION_OK"
15736,10327588692,10327588725,1,"IOTHUB_CLIENT_CONFIRMATION_OK"
15737,10327588892,10327588931,1,"IOTHUB_CLIENT_CONFIRMATION_OK"
15738,10327589092,10327589130,1,"IOTHUB_CLIENT_CONFIRMATION_OK"
15739,10327589292,10327589327,1,"IOTHUB_CLIENT_CONFIRMATION_OK"
15740,10327589492,10327589597,1,"IOTHUB_CLIENT_CONFIRMATION_OK"
15741,10327589692,10327589816,1,"IOTHUB_CLIENT_CONFIRMATION_OK"
15742,10327589892,10327590024,1,"IOTHUB_CLIENT_CONFIRMATION_OK"
15743,10327590093,10327590187,1,"IOTHUB_CLIENT_CONFIRMATION_OK"
15744,10327590293,10327590322,1,"IOTHUB_CLIENT_CONFIRMATION_OK"
15745,10327590493,10327590639,1,"IOTHUB_CLIENT_CONFIRMATION_OK"
15746,10327590693,10327590738,1,"IOTHUB_CLIENT_CONFIRMATION_OK"
15747,10327590893,10327590928,1,"IOTHUB_CLIENT_CONFIRMATION_OK"
15748,10327591093,10327591236,1,"IOTHUB_CLIENT_CONFIRMATION_OK"
15749,10327591294,10327591327,1,"IOTHUB_CLIENT_CONFIRMATION_OK"
15750,10327591494,10327591527,1,"IOTHUB_CLIENT_CONFIRMATION_OK"
15751,10327591694,10327591726,1,"IOTHUB_CLIENT_CONFIRMATION_OK"
15752,10327591894,10327591928,1,"IOTHUB_CLIENT_CONFIRMATION_OK"
15753,10327592094,10327592246,1,"IOTHUB_CLIENT_CONFIRMATION_OK"
15754,10327592294,10327592325,1,"IOTHUB_CLIENT_CONFIRMATION_OK"
15755,10327592494,10327592530,1,"IOTHUB_CLIENT_CONFIRMATION_OK"
15756,10327592695,10327592725,1,"IOTHUB_CLIENT_CONFIRMATION_OK"
15757,10327592895,10327592939,1,"IOTHUB_CLIENT_CONFIRMATION_OK"
15758,10327593095,10327593125,1,"IOTHUB_CLIENT_CONFIRMATION_OK"
15759,10327593295,10327593326,1,"IOTHUB_CLIENT_CONFIRMATION_OK"
15760,10327593495,10327593529,1,"IOTHUB_CLIENT_CONFIRMATION_OK"
15761,10327593695,10327593870,1,"IOTHUB_CLIENT_CONFIRMATION_OK"
15762,10327593895,10327593929,1,"IOTHUB_CLIENT_CONFIRMATION_OK"
15763,10327594096,10327594126,1,"IOTHUB_CLIENT_CONFIRMATION_OK"
15764,10327594296,10327594330,1,"IOTHUB_CLIENT_CONFIRMATION_OK"
15765,10327594496,10327594527,1,"IOTHUB_CLIENT_CONFIRMATION_OK"
15766,10327594696,10327594895,1,"IOTHUB_CLIENT_CONFIRMATION_OK"
15767,10327594896,10327594939,1,"IOTHUB_CLIENT_CONFIRMATION_OK"
15768,10327595096,10327595129,1,"IOTHUB_CLIENT_CONFIRMATION_OK"
15769,10327595297,10327595328,1,"IOTHUB_CLIENT_CONFIRMATION_OK"
15770,10327595497,10327595528,1,"IOTHUB_CLIENT_CONFIRMATION_OK"
15771,10327595697,10327595732,1,"IOTHUB_CLIENT_CONFIRMATION_OK"
15772,10327595897,10327595926,1,"IOTHUB_CLIENT_CONFIRMATION_OK"
15773,10327596097,10327596127,1,"IOTHUB_CLIENT_CONFIRMATION_OK"
15774,10327596298,10327596500,1,"IOTHUB_CLIENT_CONFIRMATION_OK"
15775,10327596498,10327596527,1,"IOTHUB_CLIENT_CONFIRMATION_OK"
15776,10327596698,10327596730,1,"IOTHUB_CLIENT_CONFIRMATION_OK"
15777,10327596898,10327596933,1,"IOTHUB_CLIENT_CONFIRMATION_OK"
15778,10327597098,10327597139,1,"IOTHUB_CLIENT_CONFIRMATION_OK"
15779,10327597298,10327597336,1,"IOTHUB_CLIENT_CONFIRMATION_OK"
15780,10327597498,10327597539,1,"IOTHUB_CLIENT_CONFIRMATION_OK"
15781,10327597699,10327597759,1,"IOTHUB_CLIENT_CONFIRMATION_OK"
15782,10327597899,10327597947,1,"IOTHUB_CLIENT_CONFIRMATION_OK"
15783,10327598099,10327598129,1,"IOTHUB_CLIENT_CONFIRMATION_OK"
15784,10327598299,10327598337,1,"IOTHUB_CLIENT_CONFIRMATION_OK"
15785,10327598499,10327598536,1,"IOTHUB_CLIENT_CONFIRMATION_OK"
15786,10327598699,10327598733,1,"IOTHUB_CLIENT_CONFIRMATION_OK"
15787,10327598900,10327598937,1,"IOTHUB_CLIENT_CONFIRMATION_OK"
15788,10327599100,10327599132,1,"IOTHUB_CLIENT_CONFIRMATION_OK"
15789,10327599300,10327599347,1,"IOTHUB_CLIENT_CONFIRMATION_OK"
15790,10327599500,10327599556,1,"IOTHUB_CLIENT_CONFIRMATION_OK"
15791,10327599700,10327599747,1,"IOTHUB_CLIENT_CONFIRMATION_OK"
15792,10327599901,10327599933,1,"IOTHUB_CLIENT_CONFIRMATION_OK"
15793,10327600101,10327600161,1,"IOTHUB_CLIENT_CONFIRMATION_OK"
15794,10327600301,10327600331,1,"IOTHUB_CLIENT_CONFIRMATION_OK"
15795,10327600501,10327600560,1,"IOTHUB_CLIENT_CONFIRMATION_OK"
15796,10327600701,10327600730,1,"IOTHUB_CLIENT_CONFIRMATION_OK"
15797,10327600901,10327600940,1,"IOTHUB_CLIENT_CONFIRMATION_OK"
15798,10327601102,10327601187,1,"IOTHUB_CLIENT_CONFIRMATION_OK"
15799,10327601302,10327601334,1,"IOTHUB_CLIENT_CONFIRMATION_OK"
15800,10327601502,10327601540,1,"IOTHUB_CLIENT_CONFIRMATION_OK"
15801,10327601702,10327601735,1,"IOTHUB_CLIENT_CONFIRMATION_OK"
15802,10327601902,10327601933,1,"IOTHUB_CLIENT_CONFIRMATION_OK"
15803,10327602102,10327602243,1,"IOTHUB_CLIENT_CONFIRMATION_OK"
15804,10327602302,10327602333,1,"IOTHUB_CLIENT_CONFIRMATION_OK"
15805,10327602503,10327602535,1,"IOTHUB_CLIENT_CONFIRMATION_OK"
15806,10327602703,10327602802,1,"IOTHUB_CLIENT_CONFIRMATION_OK"
15807,10327602903,10327602943,1,"IOTHUB_CLIENT_CONFIRMATION_OK"
15808,10327603103,10327603132,1,"IOTHUB_CLIENT_CONFIRMATION_OK"
15809,10327603303,10327603364,1,"IOTHUB_CLIENT_CONFIRMATION_OK"
15810,10327603503,10327603537,1,"IOTHUB_CLIENT_CONFIRMATION_OK"
15811,10327603703,10327603762,1,"IOTHUB_CLIENT_CONFIRMATION_OK"
15812,10327603904,10327603951,1,"IOTHUB_CLIENT_CONFIRMATION_OK"
15813,10327604104,10327604149,1,"IOTHUB_CLIENT_CONFIRMATION_OK"
15814,10327604304,10327604338,1,"IOTHUB_CLIENT_CONFIRMATION_OK"
15815,10327604504,10327604551,1,"IOTHUB_CLIENT_CONFIRMATION_OK"
15816,10327604704,10327604919,1,"IOTHUB_CLIENT_CONFIRMATION_OK"
15817,10327604904,10327604942,1,"IOTHUB_CLIENT_CONFIRMATION_OK"
15818,10327605104,10327605151,1,"IOTHUB_CLIENT_CONFIRMATION_OK"
15819,10327605305,10327605337,1,"IOTHUB_CLIENT_CONFIRMATION_OK"
15820,10327605505,10327605672,1,"IOTHUB_CLIENT_CONFIRMATION_OK"
15821,10327605705,10327605754,1,"IOTHUB_CLIENT_CONFIRMATION_OK"
15822,10327605905,10327605942,1,"IOTHUB_CLIENT_CONFIRMATION_OK"
15823,10327606105,10327606176,1,"IOTHUB_CLIENT_CONFIRMATION_OK"
15824,10327606305,10327606335,1,"IOTHUB_CLIENT_CONFIRMATION_OK"
15825,10327606505,10327606540,1,"IOTHUB_CLIENT_CONFIRMATION_OK"
15826,10327606706,10327606736,1,"IOTHUB_CLIENT_CONFIRMATION_OK"
15827,10327606906,10327606951,1,"IOTHUB_CLIENT_CONFIRMATION_OK"
15828,10327607106,10327607138,1,"IOTHUB_CLIENT_CONFIRMATION_OK"
15829,10327607306,10327607337,1,"IOTHUB_CLIENT_CONFIRMATION_OK"
15830,10327607506,10327607594,1,"IOTHUB_CLIENT_CONFIRMATION_OK"
15831,10327607706,10327607738,1,"IOTHUB_CLIENT_CONFIRMATION_OK"
15832,10327607907,10327607968,1,"IOTHUB_CLIENT_CONFIRMATION_OK"
15833,10327608107,10327608144,1,"IOTHUB_CLIENT_CONFIRMATION_OK"
15834,10327608307,10327608338,1,"IOTHUB_CLIENT_CONFIRMATION_OK"
15835,10327608507,10327608585,1,"IOTHUB_CLIENT_CONFIRMATION_OK"
15836,10327608707,10327608752,1,"IOTHUB_CLIENT_CONFIRMATION_OK"
15837,10327608907,10327608979,1,"IOTHUB_CLIENT_CONFIRMATION_OK"
15838,10327609107,10327609138,1,"IOTHUB_CLIENT_CONFIRMATION_OK"
15839,10327609307,10327609346,1,"IOTHUB_CLIENT_CONFIRMATION_OK"
15840,10327609508,10327609638,1,"IOTHUB_CLIENT_CONFIRMATION_OK"
15841,10327609708,10327609747,1,"IOTHUB_CLIENT_CONFIRMATION_OK"
15842,10327609908,10327609950,1,"IOTHUB_CLIENT_CONFIRMATION_OK"
15843,10327610108,10327610167,1,"IOTHUB_CLIENT_CONFIRMATION_OK"
15844,10327610308,10327610351,1,"IOTHUB_CLIENT_CONFIRMATION_OK"
15845,10327610508,10327610660,1,"IOTHUB_CLIENT_CONFIRMATION_OK"
15846,10327610709,10327610746,1,"IOTHUB_CLIENT_CONFIRMATION_OK"
15847,10327610909,10327610940,1,"IOTHUB_CLIENT_CONFIRMATION_OK"
15848,10327611109,10327611142,1,"IOTHUB_CLIENT_CONFIRMATION_OK"
15849,10327611309,10327611340,1,"IOTHUB_CLIENT_CONFIRMATION_OK"
15850,10327611509,10327611682,1,"IOTHUB_CLIENT_CONFIRMATION_OK"
15851,10327611709,10327611748,1,"IOTHUB_CLIENT_CONFIRMATION_OK"
15852,10327611909,10327611974,1,"IOTHUB_CLIENT_CONFIRMATION_OK"
15853,10327612110,10327612145,1,"IOTHUB_CLIENT_CONFIRMATION_OK"
15854,10327612310,10327612342,1,"IOTHUB_CLIENT_CONFIRMATION_OK"
15855,10327612510,10327612546,1,"IOTHUB_CLIENT_CONFIRMATION_OK"
15856,10327612710,10327612746,1,"IOTHUB_CLIENT_CONFIRMATION_OK"
15857,10327612910,10327612952,1,"IOTHUB_CLIENT_CONFIRMATION_OK"
15858,10327613111,10327613142,1,"IOTHUB_CLIENT_CONFIRMATION_OK"
15859,10327613311,10327613350,1,"IOTHUB_CLIENT_CONFIRMATION_OK"
15860,10327613511,10327613547,1,"IOTHUB_CLIENT_CONFIRMATION_OK"
15861,10327613711,10327613786,1,"IOTHUB_CLIENT_CONFIRMATION_OK"
15862,10327613911,10327613948,1,"IOTHUB_CLIENT_CONFIRMATION_OK"
15863,10327614111,10327614145,1,"IOTHUB_CLIENT_CONFIRMATION_OK"
15864,10327614311,10327614393,1,"IOTHUB_CLIENT_CONFIRMATION_OK"
15865,10327614512,10327614543,1,"IOTHUB_CLIENT_CONFIRMATION_OK"
15866,10327614712,10327614791,1,"IOTHUB_CLIENT_CONFIRMATION_OK"
15867,10327614912,10327614949,1,"IOTHUB_CLIENT_CONFIRMATION_OK"
15868,10327615112,10327615148,1,"IOTHUB_CLIENT_CONFIRMATION_OK"
15869,10327615312,10327615404,1,"IOTHUB_CLIENT_CONFIRMATION_OK"
15870,10327615512,10327615545,1,"IOTHUB_CLIENT_CONFIRMATION_OK"
15871,10327615712,10327615750,1,"IOTHUB_CLIENT_CONFIRMATION_OK"
15872,10327615913,10327615978,1,"IOTHUB_CLIENT_CONFIRMATION_OK"
15873,10327616113,10327616162,1,"IOTHUB_CLIENT_CONFIRMATION_OK"
15874,10327616313,10327616406,1,"IOTHUB_CLIENT_CONFIRMATION_OK"
15875,10327616513,10327616545,1,"IOTHUB_CLIENT_CONFIRMATION_OK"
15876,10327616713,10327616746,1,"IOTHUB_CLIENT_CONFIRMATION_OK"
15877,10327616913,10327617024,1,"IOTHUB_CLIENT_CONFIRMATION_OK"
15878,10327617113,10327617149,1,"IOTHUB_CLIENT_CONFIRMATION_OK"
15879,10327617314,10327617349,1,"IOTHUB_CLIENT_CONFIRMATION_OK"
15880,10327617514,10327617548,1,"IOTHUB_CLIENT_CONFIRMATION_OK"
15881,10327617714,10327617747,1,"IOTHUB_CLIENT_CONFIRMATION_OK"
15882,10327617914,10327618040,1,"IOTHUB_CLIENT_CONFIRMATION_OK"
15883,10327618114,10327618251,1,"IOTHUB_CLIENT_CONFIRMATION_OK"
15884,10327618314,10327618347,1,"IOTHUB_CLIENT_CONFIRMATION_OK"
15885,10327618515,10327618548,1,"IOTHUB_CLIENT_CONFIRMATION_OK"
15886,10327618715,10327618746,1,"IOTHUB_CLIENT_CONFIRMATION_OK"
15887,10327618915,10327618956,1,"IOTHUB_CLIENT_CONFIRMATION_OK"
15888,10327619115,10327619151,1,"IOTHUB_CLIENT_CONFIRMATION_OK"
15889,10327619315,10327619354,1,"IOTHUB_CLIENT_CONFIRMATION_OK"
15890,10327619515,10327619545,1,"IOTHUB_CLIENT_CONFIRMATION_OK"
15891,10327619715,10327619767,1,"IOTHUB_CLIENT_CONFIRMATION_OK"
15892,10327619916,10327619952,1,"IOTHUB_CLIENT_CONFIRMATION_OK"
15893,10327620116,10327620157,1,"IOTHUB_CLIENT_CONFIRMATION_OK"
15894,10327620316,10327620355,1,"IOTHUB_CLIENT_CONFIRMATION_OK"
15895,10327620516,10327620717,1,"IOTHUB_CLIENT_CONFIRMATION_OK"
15896,10327620716,10327620750,1,"IOTHUB_CLIENT_CONFIRMATION_OK"
15897,10327620916,10327620957,1,"IOTHUB_CLIENT_CONFIRMATION_OK"
15898,10327621116,10327621153,1,"IOTHUB_CLIENT_CONFIRMATION_OK"
15899,10327621317,10327621359,1,"IOTHUB_CLIENT_CONFIRMATION_OK"
15900,10327621517,10327621551,1,"IOTHUB_CLIENT_CONFIRMATION_OK"
15901,10327621717,10327621763,1,"IOTHUB_CLIENT_CONFIRMATION_OK"
15902,10327621917,10327621960,1,"IOTHUB_CLIENT_CONFIRMATION_OK"
15903,10327622117,10327622148,1,"IOTHUB_CLIENT_CONFIRMATION_OK"
15904,10327622317,10327622371,1,"IOTHUB_CLIENT_CONFIRMATION_OK"
15905,10327622518,10327622552,1,"IOTHUB_CLIENT_CONFIRMATION_OK"
15906,10327622718,10327622777,1,"IOTHUB_CLIENT_CONFIRMATION_OK"
15907,10327622918,10327622952,1,"IOTHUB_CLIENT_CONFIRMATION_OK"
15908,10327623118,10327623156,1,"IOTHUB_CLIENT_CONFIRMATION_OK"
15909,10327623318,10327623356,1,"IOTHUB_CLIENT_CONFIRMATION_OK"
15910,10327623518,10327623548,1,"IOTHUB_CLIENT_CONFIRMATION_OK"
15911,10327623718,10327623773,1,"IOTHUB_CLIENT_CONFIRMATION_OK"
15912,10327623919,10327623963,1,"IOTHUB_CLIENT_CONFIRMATION_OK"
15913,10327624119,10327624158,1,"IOTHUB_CLIENT_CONFIRMATION_OK"
15914,10327624319,10327624385,1,"IOTHUB_CLIENT_CONFIRMATION_OK"
15915,10327624519,10327624551,1,"IOTHUB_CLIENT_CONFIRMATION_OK"
15916,10327624719,10327624782,1,"IOTHUB_CLIENT_CONFIRMATION_OK"
15917,10327624919,10327624977,1,"IOTHUB_CLIENT_CONFIRMATION_OK"
15918,10327625119,10327625163,1,"IOTHUB_CLIENT_CONFIRMATION_OK"
15919,10327625320,10327625408,1,"IOTHUB_CLIENT_CONFIRMATION_OK"
15920,10327625520,10327625551,1,"IOTHUB_CLIENT_CONFIRMATION_OK"
15921,10327625720,10327625751,1,"IOTHUB_CLIENT_CONFIRMATION_OK"
15922,10327625920,10327625951,1,"IOTHUB_CLIENT_CONFIRMATION_OK"
15923,10327626120,10327626150,1,"IOTHUB_CLIENT_CONFIRMATION_OK"
15924,10327626320,10327626404,1,"IOTHUB_CLIENT_CONFIRMATION_OK"
15925,10327626521,10327626564,1,"IOTHUB_CLIENT_CONFIRMATION_OK"
15926,10327626721,10327626765,1,"IOTHUB_CLIENT_CONFIRMATION_OK"
15927,10327626921,10327627025,1,"IOTHUB_CLIENT_CONFIRMATION_OK"
15928,10327627121,10327627153,1,"IOTHUB_CLIENT_CONFIRMATION_OK"
15929,10327627321,10327627362,1,"IOTHUB_CLIENT_CONFIRMATION_OK"
15930,10327627521,10327627560,1,"IOTHUB_CLIENT_CONFIRMATION_OK"
15931,10327627721,10327627767,1,"IOTHUB_CLIENT_CONFIRMATION_OK"
15932,10327627922,10327628037,1,"IOTHUB_CLIENT_CONFIRMATION_OK"
15933,10327628122,10327628162,1,"IOTHUB_CLIENT_CONFIRMATION_OK"
15934,10327628322,10327628364,1,"IOTHUB_CLIENT_CONFIRMATION_OK"
15935,10327628522,10327628578,1,"IOTHUB_CLIENT_CONFIRMATION_OK"
15936,10327628722,10327628766,1,"IOTHUB_CLIENT_CONFIRMATION_OK"
15937,10327628922,10327628959,1,"IOTHUB_CLIENT_CONFIRMATION_OK"
15938,10327629122,10327629163,1,"IOTHUB_CLIENT_CONFIRMATION_OK"
15939,10327629323,10327629359,1,"IOTHUB_CLIENT_CONFIRMATION_OK"
15940,10327629523,10327629683,1,"IOTHUB_CLIENT_CONFIRMATION_OK"
15941,10327629723,10327629757,1,"IOTHUB_CLIENT_CONFIRMATION_OK"
15942,10327629923,10327629973,1,"IOTHUB_CLIENT_CONFIRMATION_OK"
15943,10327630123,10327630156,1,"IOTHUB_CLIENT_CONFIRMATION_OK"
15944,10327630323,10327630354,1,"IOTHUB_CLIENT_CONFIRMATION_OK"
15945,10327630524,10327630678,1,"IOTHUB_CLIENT_CONFIRMATION_OK"
15946,10327630724,10327630763,1,"IOTHUB_CLIENT_CONFIRMATION_OK"
15947,10327630924,10327630956,1,"IOTHUB_CLIENT_CONFIRMATION_OK"
15948,10327631124,10327631183,1,"IOTHUB_CLIENT_CONFIRMATION_OK"
15949,10327631324,10327631361,1,"IOTHUB_CLIENT_CONFIRMATION_OK"
15950,10327631524,10327631560,1,"IOTHUB_CLIENT_CONFIRMATION_OK"
15951,10327631724,10327631852,1,"IOTHUB_CLIENT_CONFIRMATION_OK"
15952,10327631925,10327631961,1,"IOTHUB_CLIENT_CONFIRMATION_OK"
15953,10327632125,10327632309,1,"IOTHUB_CLIENT_CONFIRMATION_OK"
15954,10327632325,10327632370,1,"IOTHUB_CLIENT_CONFIRMATION_OK"
15955,10327632525,10327632554,1,"IOTHUB_CLIENT_CONFIRMATION_OK"
15956,10327632725,10327632757,1,"IOTHUB_CLIENT_CONFIRMATION_OK"
15957,10327632925,10327633072,1,"IOTHUB_CLIENT_CONFIRMATION_OK"
15958,10327633126,10327633159,1,"IOTHUB_CLIENT_CONFIRMATION_OK"
15959,10327633326,10327633452,1,"IOTHUB_CLIENT_CONFIRMATION_OK"
15960,10327633526,10327633559,1,"IOTHUB_CLIENT_CONFIRMATION_OK"
15961,10327633726,10327633767,1,"IOTHUB_CLIENT_CONFIRMATION_OK"
15962,10327633926,10327633963,1,"IOTHUB_CLIENT_CONFIRMATION_OK"
15963,10327634126,10327634164,1,"IOTHUB_CLIENT_CONFIRMATION_OK"
15964,10327634326,10327634357,1,"IOTHUB_CLIENT_CONFIRMATION_OK"
15965,10327634527,10327634561,1,"IOTHUB_CLIENT_CONFIRMATION_OK"
15966,10327634727,10327634982,1,"IOTHUB_CLIENT_CONFIRMATION_OK"
15967,10327634927,10327635029,1,"IOTHUB_CLIENT_CONFIRMATION_OK"
15968,10327635127,10327635166,1,"IOTHUB_CLIENT_CONFIRMATION_OK"
15969,10327635327,10327635367,1,"IOTHUB_CLIENT_CONFIRMATION_OK"
15970,10327635527,10327635568,1,"IOTHUB_CLIENT_CONFIRMATION_OK"
15971,10327635727,10327635760,1,"IOTHUB_CLIENT_CONFIRMATION_OK"
15972,10327635928,10327635978,1,"IOTHUB_CLIENT_CONFIRMATION_OK"
15973,10327636128,10327636167,1,"IOTHUB_CLIENT_CONFIRMATION_OK"
15974,10327636328,10327636371,1,"IOTHUB_CLIENT_CONFIRMATION_OK"
15975,10327636528,10327636575,1,"IOTHUB_CLIENT_CONFIRMATION_OK"
15976,10327636728,10327636761,1,"IOTHUB_CLIENT_CONFIRMATION_OK"
15977,10327636928,10327636984,1,"IOTHUB_CLIENT_CONFIRMATION_OK"
15978,10327637129,10327637162,1,"IOTHUB_CLIENT_CONFIRMATION_OK"
15979,10327637329,10327637363,1,"IOTHUB_CLIENT_CONFIRMATION_OK"
15980,10327637529,10327637561,1,"IOTHUB_CLIENT_CONFIRMATION_OK"
15981,10327637729,10327637760,1,"IOTHUB_CLIENT_CONFIRMATION_OK"
15982,10327637929,10327638001,1,"IOTHUB_CLIENT_CONFIRMATION_OK"
15983,10327638129,10327638463,1,"IOTHUB_CLIENT_CONFIRMATION_OK"
15984,10327638329,10327638562,1,"IOTHUB_CLIENT_CONFIRMATION_OK"
15985,10327638530,10327638604,1,"IOTHUB_CLIENT_CONFIRMATION_OK"
15986,10327638730,10327638932,1,"IOTHUB_CLIENT_CONFIRMATION_OK"
15987,10327638930,10327639059,1,"IOTHUB_CLIENT_CONFIRMATION_OK"
15988,10327639130,10327639164,1,"IOTHUB_CLIENT_CONFIRMATION_OK"
15989,10327639330,10327639369,1,"IOTHUB_CLIENT_CONFIRMATION_OK"
15990,10327639530,10327639682,1,"IOTHUB_CLIENT_CONFIRMATION_OK"
15991,10327639730,10327639764,1,"IOTHUB_CLIENT_CONFIRMATION_OK"
15992,10327639931,10327639976,1,"IOTHUB_CLIENT_CONFIRMATION_OK"
15993,10327640131,10327640169,1,"IOTHUB_CLIENT_CONFIRMATION_OK"
15994,10327640331,10327640363,1,"IOTHUB_CLIENT_CONFIRMATION_OK"
15995,10327640531,10327640697,1,"IOTHUB_CLIENT_CONFIRMATION_OK"
15996,10327640731,10327640762,1,"IOTHUB_CLIENT_CONFIRMATION_OK"
15997,10327640932,10327640973,1,"IOTHUB_CLIENT_CONFIRMATION_OK"
15998,10327641132,10327641186,1,"IOTHUB_CLIENT_CONFIRMATION_OK"
15999,10327641332,10327641369,1,"IOTHUB_CLIENT_CONFIRMATION_OK"
16000,10327641532,10327641565,1,"IOTHUB_CLIENT_CONFIRMATION_OK"
16001,10327641732,10327641764,1,"IOTHUB_CLIENT_CONFIRMATION_OK"
16002,10327641932,10327641968,1,"IOTHUB_CLIENT_CONFIRMATION_OK"
16003,10327642132,10327642324,1,"IOTHUB_CLIENT_CONFIRMATION_OK"
16004,10327642333,10327642366,1,"IOTHUB_CLIENT_CONFIRMATION_OK"
16005,10327642533,10327642569,1,"IOTHUB_CLIENT_CONFIRMATION_OK"
16006,10327642733,10327642762,1,"IOTHUB_CLIENT_CONFIRMATION_OK"
16007,10327642933,10327642976,1,"IOTHUB_CLIENT_CONFIRMATION_OK"
16008,10327643133,10327643189,1,"IOTHUB_CLIENT_CONFIRMATION_OK"
16009,10327643333,10327643364,1,"IOTHUB_CLIENT_CONFIRMATION_OK"
16010,10327643533,10327643589,1,"IOTHUB_CLIENT_CONFIRMATION_OK"
16011,10327643734,10327643776,1,"IOTHUB_CLIENT_CONFIRMATION_OK"
16012,10327643934,10327643967,1,"IOTHUB_CLIENT_CONFIRMATION_OK"
16013,10327644134,10327644187,1,"IOTHUB_CLIENT_CONFIRMATION_OK"
16014,10327644334,10327644377,1,"IOTHUB_CLIENT_CONFIRMATION_OK"
16015,10327644534,10327644565,1,"IOTHUB_CLIENT_CONFIRMATION_OK"
16016,10327644734,10327644786,1,"IOTHUB_CLIENT_CONFIRMATION_OK"
16017,10327644934,10327644972,1,"IOTHUB_CLIENT_CONFIRMATION_OK"
16018,10327645135,10327645167,1,"IOTHUB_CLIENT_CONFIRMATION_OK"
16019,10327645335,10327645406,1,"IOTHUB_CLIENT_CONFIRMATION_OK"
16020,10327645535,10327645575,1,"IOTHUB_CLIENT_CONFIRMATION_OK"
16021,10327645735,10327645765,1,"IOTHUB_CLIENT_CONFIRMATION_OK"
16022,10327645935,10327646042,1,"IOTHUB_CLIENT_CONFIRMATION_OK"
16023,10327646135,10327646176,1,"IOTHUB_CLIENT_CONFIRMATION_OK"
16024,10327646336,10327646432,1,"IOTHUB_CLIENT_CONFIRMATION_OK"
16025,10327646536,10327646623,1,"IOTHUB_CLIENT_CONFIRMATION_OK"
16026,10327646736,10327646772,1,"IOTHUB_CLIENT_CONFIRMATION_OK"
16027,10327646936,10327647082,1,"IOTHUB_CLIENT_CONFIRMATION_OK"
16028,10327647136,10327647182,1,"IOTHUB_CLIENT_CONFIRMATION_OK"
16029,10327647336,10327647388,1,"IOTHUB_CLIENT_CONFIRMATION_OK"
16030,10327647536,10327647566,1,"IOTHUB_CLIENT_CONFIRMATION_OK"
16031,10327647737,10327647768,1,"IOTHUB_CLIENT_CONFIRMATION_OK"
16032,10327647937,10327648047,1,"IOTHUB_CLIENT_CONFIRMATION_OK"
16033,10327648137,10327648167,1,"IOTHUB_CLIENT_CONFIRMATION_OK"
16034,10327648337,10327648384,1,"IOTHUB_CLIENT_CONFIRMATION_OK"
16035,10327648538,10327648579,1,"IOTHUB_CLIENT_CONFIRMATION_OK"
16036,10327648738,10327648781,1,"IOTHUB_CLIENT_CONFIRMATION_OK"
16037,10327648938,10327648987,1,"IOTHUB_CLIENT_CONFIRMATION_OK"
16038,10327649138,10327649169,1,"IOTHUB_CLIENT_CONFIRMATION_OK"
16039,10327649338,10327649372,1,"IOTHUB_CLIENT_CONFIRMATION_OK"
16040,10327649539,10327649666,1,"IOTHUB_CLIENT_CONFIRMATION_OK"
16041,10327649739,10327649777,1,"IOTHUB_CLIENT_CONFIRMATION_OK"
16042,10327649939,10327649972,1,"IOTHUB_CLIENT_CONFIRMATION_OK"
16043,10327650139,10327650169,1,"IOTHUB_CLIENT_CONFIRMATION_OK"
16044,10327650339,10327650399,1,"IOTHUB_CLIENT_CONFIRMATION_OK"
16045,10327650539,10327650703,1,"IOTHUB_CLIENT_CONFIRMATION_OK"
16046,10327650739,10327650774,1,"IOTHUB_CLIENT_CONFIRMATION_OK"
16047,10327650940,10327650979,1,"IOTHUB_CLIENT_CONFIRMATION_OK"
16048,10327651140,10327651181,1,"IOTHUB_CLIENT_CONFIRMATION_OK"
16049,10327651340,10327651373,1,"IOTHUB_CLIENT_CONFIRMATION_OK"
16050,10327651540,10327651586,1,"IOTHUB_CLIENT_CONFIRMATION_OK"
16051,10327651740,10327651785,1,"IOTHUB_CLIENT_CONFIRMATION_OK"
16052,10327651940,10327651970,1,"IOTHUB_CLIENT_CONFIRMATION_OK"
16053,10327652141,10327652323,1,"IOTHUB_CLIENT_CONFIRMATION_OK"
16054,10327652341,10327652384,1,"IOTHUB_CLIENT_CONFIRMATION_OK"
16055,10327652541,10327652576,1,"IOTHUB_CLIENT_CONFIRMATION_OK"
16056,10327652741,10327652803,1,"IOTHUB_CLIENT_CONFIRMATION_OK"
16057,10327652941,10327652990,1,"IOTHUB_CLIENT_CONFIRMATION_OK"
16058,10327653141,10327653174,1,"IOTHUB_CLIENT_CONFIRMATION_OK"
16059,10327653342,10327653379,1,"IOTHUB_CLIENT_CONFIRMATION_OK"
16060,10327653542,10327653588,1,"IOTHUB_CLIENT_CONFIRMATION_OK"
16061,10327653742,10327653953,1,"IOTHUB_CLIENT_CONFIRMATION_OK"
16062,10327653942,10327653979,1,"IOTHUB_CLIENT_CONFIRMATION_OK"
16063,10327654142,10327654170,1,"IOTHUB_CLIENT_CONFIRMATION_OK"
16064,10327654342,10327654372,1,"IOTHUB_CLIENT_CONFIRMATION_OK"
16065,10327654542,10327654574,1,"IOTHUB_CLIENT_CONFIRMATION_OK"
16066,10327654743,10327654954,1,"IOTHUB_CLIENT_CONFIRMATION_OK"
16067,10327654943,10327654976,1,"IOTHUB_CLIENT_CONFIRMATION_OK"
16068,10327655143,10327655196,1,"IOTHUB_CLIENT_CONFIRMATION_OK"
16069,10327655343,10327655387,1,"IOTHUB_CLIENT_CONFIRMATION_OK"
16070,10327655543,10327655575,1,"IOTHUB_CLIENT_CONFIRMATION_OK"
16071,10327655743,10327655977,1,"IOTHUB_CLIENT_CONFIRMATION_OK"
16072,10327655944,10327655995,1,"IOTHUB_CLIENT_CONFIRMATION_OK"
16073,10327656144,10327656174,1,"IOTHUB_CLIENT_CONFIRMATION_OK"
16074,10327656344,10327656422,1,"IOTHUB_CLIENT_CONFIRMATION_OK"
16075,10327656544,10327656575,1,"IOTHUB_CLIENT_CONFIRMATION_OK"
16076,10327656744,10327656783,1,"IOTHUB_CLIENT_CONFIRMATION_OK"
16077,10327656944,10327657022,1,"IOTHUB_CLIENT_CONFIRMATION_OK"
16078,10327657144,10327657178,1,"IOTHUB_CLIENT_CONFIRMATION_OK"
16079,10327657345,10327657379,1,"IOTHUB_CLIENT_CONFIRMATION_OK"
16080,10327657545,10327657588,1,"IOTHUB_CLIENT_CONFIRMATION_OK"
16081,10327657745,10327657796,1,"IOTHUB_CLIENT_CONFIRMATION_OK"
16082,10327657945,10327658036,1,"IOTHUB_CLIENT_CONFIRMATION_OK"
16083,10327658145,10327658188,1,"IOTHUB_CLIENT_CONFIRMATION_OK"
16084,10327658345,10327658377,1,"IOTHUB_CLIENT_CONFIRMATION_OK"
16085,10327658545,10327658662,1,"IOTHUB_CLIENT_CONFIRMATION_OK"
16086,10327658746,10327658787,1,"IOTHUB_CLIENT_CONFIRMATION_OK"
16087,10327658946,10327658979,1,"IOTHUB_CLIENT_CONFIRMATION_OK"
16088,10327659146,10327659179,1,"IOTHUB_CLIENT_CONFIRMATION_OK"
16089,10327659346,10327659379,1,"IOTHUB_CLIENT_CONFIRMATION_OK"
16090,10327659547,10327659681,1,"IOTHUB_CLIENT_CONFIRMATION_OK"
16091,10327659747,10327659788,1,"IOTHUB_CLIENT_CONFIRMATION_OK"
16092,10327659947,10327660003,1,"IOTHUB_CLIENT_CONFIRMATION_OK"
16093,10327660147,10327660205,1,"IOTHUB_CLIENT_CONFIRMATION_OK"
16094,10327660347,10327660411,1,"IOTHUB_CLIENT_CONFIRMATION_OK"
16095,10327660548,10327660680,1,"IOTHUB_CLIENT_CONFIRMATION_OK"
16096,10327660748,10327660784,1,"IOTHUB_CLIENT_CONFIRMATION_OK"
16097,10327660948,10327660980,1,"IOTHUB_CLIENT_CONFIRMATION_OK"
16098,10327661148,10327661178,1,"IOTHUB_CLIENT_CONFIRMATION_OK"
16099,10327661349,10327661382,1,"IOTHUB_CLIENT_CONFIRMATION_OK"
16100,10327661549,10327661580,1,"IOTHUB_CLIENT_CONFIRMATION_OK"
16101,10327661749,10327661781,1,"IOTHUB_CLIENT_CONFIRMATION_OK"
16102,10327661949,10327661982,1,"IOTHUB_CLIENT_CONFIRMATION_OK"
16103,10327662149,10327662340,1,"IOTHUB_CLIENT_CONFIRMATION_OK"
16104,10327662350,10327662384,1,"IOTHUB_CLIENT_CONFIRMATION_OK"
16105,10327662550,10327662592,1,"IOTHUB_CLIENT_CONFIRMATION_OK"
16106,10327662750,10327662795,1,"IOTHUB_CLIENT_CONFIRMATION_OK"
16107,10327662950,10327663001,1,"IOTHUB_CLIENT_CONFIRMATION_OK"
16108,10327663150,10327663184,1,"IOTHUB_CLIENT_CONFIRMATION_OK"
16109,10327663351,10327663387,1,"IOTHUB_CLIENT_CONFIRMATION_OK"
16110,10327663551,10327663582,1,"IOTHUB_CLIENT_CONFIRMATION_OK"
16111,10327663751,10327663940,1,"IOTHUB_CLIENT_CONFIRMATION_OK"
16112,10327663951,10327663987,1,"IOTHUB_CLIENT_CONFIRMATION_OK"
16113,10327664151,10327664194,1,"IOTHUB_CLIENT_CONFIRMATION_OK"
16114,10327664351,10327664395,1,"IOTHUB_CLIENT_CONFIRMATION_OK"
16115,10327664552,10327664587,1,"IOTHUB_CLIENT_CONFIRMATION_OK"
16116,10327664752,10327664963,1,"IOTHUB_CLIENT_CONFIRMATION_OK"
16117,10327664952,10327664984,1,"IOTHUB_CLIENT_CONFIRMATION_OK"
16118,10327665152,10327665181,1,"IOTHUB_CLIENT_CONFIRMATION_OK"
16119,10327665352,10327665382,1,"IOTHUB_CLIENT_CONFIRMATION_OK"
16120,10327665552,10327665587,1,"IOTHUB_CLIENT_CONFIRMATION_OK"
16121,10327665753,10327665807,1,"IOTHUB_CLIENT_CONFIRMATION_OK"
16122,10327665953,10327666006,1,"IOTHUB_CLIENT_CONFIRMATION_OK"
16123,10327666153,10327666188,1,"IOTHUB_CLIENT_CONFIRMATION_OK"
16124,10327666353,10327666396,1,"IOTHUB_CLIENT_CONFIRMATION_OK"
16125,10327666553,10327666587,1,"IOTHUB_CLIENT_CONFIRMATION_OK"
16126,10327666754,10327666789,1,"IOTHUB_CLIENT_CONFIRMATION_OK"
16127,10327666954,10327667034,1,"IOTHUB_CLIENT_CONFIRMATION_OK"
16128,10327667154,10327667184,1,"IOTHUB_CLIENT_CONFIRMATION_OK"
16129,10327667354,10327667391,1,"IOTHUB_CLIENT_CONFIRMATION_OK"
16130,10327667554,10327667588,1,"IOTHUB_CLIENT_CONFIRMATION_OK"
16131,10327667754,10327667788,1,"IOTHUB_CLIENT_CONFIRMATION_OK"
16132,10327667955,10327668063,1,"IOTHUB_CLIENT_CONFIRMATION_OK"
16133,10327668155,10327668209,1,"IOTHUB_CLIENT_CONFIRMATION_OK"
16134,10327668355,10327668387,1,"IOTHUB_CLIENT_CONFIRMATION_OK"
16135,10327668555,10327668588,1,"IOTHUB_CLIENT_CONFIRMATION_OK"
16136,10327668755,10327668814,1,"IOTHUB_CLIENT_CONFIRMATION_OK"
16137,10327668955,10327668984,1,"IOTHUB_CLIENT_CONFIRMATION_OK"
16138,10327669155,10327669187,1,"IOTHUB_CLIENT_CONFIRMATION_OK"
16139,10327669356,10327669385,1,"IOTHUB_CLIENT_CONFIRMATION_OK"
16140,10327669556,10327669738,1,"IOTHUB_CLIENT_CONFIRMATION_OK"
16141,10327669756,10327669796,1,"IOTHUB_CLIENT_CONFIRMATION_OK"
16142,10327669956,10327670185,1,"IOTHUB_CLIENT_CONFIRMATION_OK"
16143,10327670156,10327670218,1,"IOTHUB_CLIENT_CONFIRMATION_OK"
16144,10327670356,10327670393,1,"IOTHUB_CLIENT_CONFIRMATION_OK"
16145,10327670556,10327670744,1,"IOTHUB_CLIENT_CONFIRMATION_OK"
16146,10327670757,10327670793,1,"IOTHUB_CLIENT_CONFIRMATION_OK"
16147,10327670957,10327670991,1,"IOTHUB_CLIENT_CONFIRMATION_OK"
16148,10327671157,10327671342,1,"IOTHUB_CLIENT_CONFIRMATION_OK"
16149,10327671357,10327671409,1,"IOTHUB_CLIENT_CONFIRMATION_OK"
16150,10327671557,10327671591,1,"IOTHUB_CLIENT_CONFIRMATION_OK"
16151,10327671758,10327671790,1,"IOTHUB_CLIENT_CONFIRMATION_OK"
16152,10327671958,10327671992,1,"IOTHUB_CLIENT_CONFIRMATION_OK"
16153,10327672158,10327672310,1,"IOTHUB_CLIENT_CONFIRMATION_OK"
16154,10327672358,10327672400,1,"IOTHUB_CLIENT_CONFIRMATION_OK"
16155,10327672558,10327672596,1,"IOTHUB_CLIENT_CONFIRMATION_OK"
16156,10327672758,10327672812,1,"IOTHUB_CLIENT_CONFIRMATION_OK"
16157,10327672959,10327673097,1,"IOTHUB_CLIENT_CONFIRMATION_OK"
16158,10327673159,10327673203,1,"IOTHUB_CLIENT_CONFIRMATION_OK"
16159,10327673359,10327673395,1,"IOTHUB_CLIENT_CONFIRMATION_OK"
16160,10327673559,10327673593,1,"IOTHUB_CLIENT_CONFIRMATION_OK"
16161,10327673759,10327673926,1,"IOTHUB_CLIENT_CONFIRMATION_OK"
16162,10327673959,10327673987,1,"IOTHUB_CLIENT_CONFIRMATION_OK"
16163,10327674159,10327674195,1,"IOTHUB_CLIENT_CONFIRMATION_OK"
16164,10327674360,10327674403,1,"IOTHUB_CLIENT_CONFIRMATION_OK"
16165,10327674560,10327674597,1,"IOTHUB_CLIENT_CONFIRMATION_OK"
16166,10327674760,10327675002,1,"IOTHUB_CLIENT_CONFIRMATION_OK"
16167,10327674960,10327675068,1,"IOTHUB_CLIENT_CONFIRMATION_OK"
16168,10327675160,10327675200,1,"IOTHUB_CLIENT_CONFIRMATION_OK"
16169,10327675361,10327675430,1,"IOTHUB_CLIENT_CONFIRMATION_OK"
16170,10327675561,10327675598,1,"IOTHUB_CLIENT_CONFIRMATION_OK"
16171,10327675761,10327675803,1,"IOTHUB_CLIENT_CONFIRMATION_OK"
16172,10327675961,10327675997,1,"IOTHUB_CLIENT_CONFIRMATION_OK"
16173,10327676161,10327676199,1,"IOTHUB_CLIENT_CONFIRMATION_OK"
16174,10327676361,10327676552,1,"IOTHUB_CLIENT_CONFIRMATION_OK"
16175,10327676561,10327676591,1,"IOTHUB_CLIENT_CONFIRMATION_OK"
16176,10327676762,10327676793,1,"IOTHUB_CLIENT_CONFIRMATION_OK"
16177,10327676962,10327676994,1,"IOTHUB_CLIENT_CONFIRMATION_OK"
16178,10327677162,10327677193,1,"IOTHUB_CLIENT_CONFIRMATION_OK"
16179,10327677362,10327677407,1,"IOTHUB_CLIENT_CONFIRMATION_OK"
16180,10327677562,10327677603,1,"IOTHUB_CLIENT_CONFIRMATION_OK"
16181,10327677762,10327677800,1,"IOTHUB_CLIENT_CONFIRMATION_OK"
16182,10327677963,10327677997,1,"IOTHUB_CLIENT_CONFIRMATION_OK"
16183,10327678163,10327678194,1,"IOTHUB_CLIENT_CONFIRMATION_OK"
16184,10327678363,10327678395,1,"IOTHUB_CLIENT_CONFIRMATION_OK"
16185,10327678563,10327678603,1,"IOTHUB_CLIENT_CONFIRMATION_OK"
16186,10327678763,10327678861,1,"IOTHUB_CLIENT_CONFIRMATION_OK"
16187,10327678963,10327678996,1,"IOTHUB_CLIENT_CONFIRMATION_OK"
16188,10327679164,10327679204,1,"IOTHUB_CLIENT_CONFIRMATION_OK"
16189,10327679364,10327679402,1,"IOTHUB_CLIENT_CONFIRMATION_OK"
16190,10327679564,10327679701,1,"IOTHUB_CLIENT_CONFIRMATION_OK"
16191,10327679764,10327679802,1,"IOTHUB_CLIENT_CONFIRMATION_OK"
16192,10327679964,10327680000,1,"IOTHUB_CLIENT_CONFIRMATION_OK"
16193,10327680164,10327680195,1,"IOTHUB_CLIENT_CONFIRMATION_OK"
16194,10327680364,10327680400,1,"IOTHUB_CLIENT_CONFIRMATION_OK"
16195,10327680565,10327680695,1,"IOTHUB_CLIENT_CONFIRMATION_OK"
16196,10327680765,10327680800,1,"IOTHUB_CLIENT_CONFIRMATION_OK"
16197,10327680965,10327681000,1,"IOTHUB_CLIENT_CONFIRMATION_OK"
16198,10327681165,10327681203,1,"IOTHUB_CLIENT_CONFIRMATION_OK"
16199,10327681365,10327681404,1,"IOTHUB_CLIENT_CONFIRMATION_OK"
16200,10327681566,10327681613,1,"IOTHUB_CLIENT_CONFIRMATION_OK"
16201,10327681766,10327681801,1,"IOTHUB_CLIENT_CONFIRMATION_OK"
16202,10327681966,10327682025,1,"IOTHUB_CLIENT_CONFIRMATION_OK"
16203,10327682166,10327682326,1,"IOTHUB_CLIENT_CONFIRMATION_OK"
16204,10327682366,10327682398,1,"IOTHUB_CLIENT_CONFIRMATION_OK"
16205,10327682567,10327682610,1,"IOTHUB_CLIENT_CONFIRMATION_OK"
16206,10327682767,10327682799,1,"IOTHUB_CLIENT_CONFIRMATION_OK"
16207,10327682967,10327682999,1,"IOTHUB_CLIENT_CONFIRMATION_OK"
16208,10327683167,10327683196,1,"IOTHUB_CLIENT_CONFIRMATION_OK"
16209,10327683367,10327683402,1,"IOTHUB_CLIENT_CONFIRMATION_OK"
16210,10327683567,10327683609,1,"IOTHUB_CLIENT_CONFIRMATION_OK"
16211,10327683768,10327683804,1,"IOTHUB_CLIENT_CONFIRMATION_OK"
16212,10327683968,10327684003,1,"IOTHUB_CLIENT_CONFIRMATION_OK"
16213,10327684168,10327684198,1,"IOTHUB_CLIENT_CONFIRMATION_OK"
16214,10327684368,10327684403,1,"IOTHUB_CLIENT_CONFIRMATION_OK"
16215,10327684568,10327684597,1,"IOTHUB_CLIENT_CONFIRMATION_OK"
16216,10327684768,10327684964,1,"IOTHUB_CLIENT_CONFIRMATION_OK"
16217,10327684968,10327685003,1,"IOTHUB_CLIENT_CONFIRMATION_OK"
16218,10327685169,10327685221,1,"IOTHUB_CLIENT_CONFIRMATION_OK"
16219,10327685369,10327685408,1,"IOTHUB_CLIENT_CONFIRMATION_OK"
16220,10327685569,10327685631,1,"IOTHUB_CLIENT_CONFIRMATION_OK"
16221,10327685769,10327685885,1,"IOTHUB_CLIENT_CONFIRMATION_OK"
16222,10327685969,10327686018,1,"IOTHUB_CLIENT_CONFIRMATION_OK"
16223,10327686170,10327686212,1,"IOTHUB_CLIENT_CONFIRMATION_OK"
16224,10327686370,10327686403,1,"IOTHUB_CLIENT_CONFIRMATION_OK"
16225,10327686570,10327686601,1,"IOTHUB_CLIENT_CONFIRMATION_OK"
16226,10327686770,10327686801,1,"IOTHUB_CLIENT_CONFIRMATION_OK"
16227,10327686970,10327687020,1,"IOTHUB_CLIENT_CONFIRMATION_OK"
16228,10327687171,10327687204,1,"IOTHUB_CLIENT_CONFIRMATION_OK"
16229,10327687371,10327687408,1,"IOTHUB_CLIENT_CONFIRMATION_OK"
16230,10327687571,10327687615,1,"IOTHUB_CLIENT_CONFIRMATION_OK"
16231,10327687771,10327687804,1,"IOTHUB_CLIENT_CONFIRMATION_OK"
16232,10327687971,10327688043,1,"IOTHUB_CLIENT_CONFIRMATION_OK"
16233,10327688171,10327688220,1,"IOTHUB_CLIENT_CONFIRMATION_OK"
16234,10327688372,10327688400,1,"IOTHUB_CLIENT_CONFIRMATION_OK"
16235,10327688572,10327688653,1,"IOTHUB_CLIENT_CONFIRMATION_OK"
16236,10327688772,10327688804,1,"IOTHUB_CLIENT_CONFIRMATION_OK"
16237,10327688972,10327689182,1,"IOTHUB_CLIENT_CONFIRMATION_OK"
16238,10327689172,10327689215,1,"IOTHUB_CLIENT_CONFIRMATION_OK"
16239,10327689373,10327689409,1,"IOTHUB_CLIENT_CONFIRMATION_OK"
16240,10327689573,10327689683,1,"IOTHUB_CLIENT_CONFIRMATION_OK"
16241,10327689773,10327689810,1,"IOTHUB_CLIENT_CONFIRMATION_OK"
16242,10327689973,10327690016,1,"IOTHUB_CLIENT_CONFIRMATION_OK"
16243,10327690173,10327690211,1,"IOTHUB_CLIENT_CONFIRMATION_OK"
16244,10327690373,10327690413,1,"IOTHUB_CLIENT_CONFIRMATION_OK"
16245,10327690574,10327690704,1,"IOTHUB_CLIENT_CONFIRMATION_OK"
16246,10327690774,10327690858,1,"IOTHUB_CLIENT_CONFIRMATION_OK"
16247,10327690974,10327691018,1,"IOTHUB_CLIENT_CONFIRMATION_OK"
16248,10327691174,10327691211,1,"IOTHUB_CLIENT_CONFIRMATION_OK"
16249,10327691374,10327691421,1,"IOTHUB_CLIENT_CONFIRMATION_OK"
16250,10327691574,10327691608,1,"IOTHUB_CLIENT_CONFIRMATION_OK"
16251,10327691775,10327691808,1,"IOTHUB_CLIENT_CONFIRMATION_OK"
16252,10327691975,10327692023,1,"IOTHUB_CLIENT_CONFIRMATION_OK"
16253,10327692175,10327692329,1,"IOTHUB_CLIENT_CONFIRMATION_OK"
16254,10327692375,10327692405,1,"IOTHUB_CLIENT_CONFIRMATION_OK"
16255,10327692575,10327692605,1,"IOTHUB_CLIENT_CONFIRMATION_OK"
16256,10327692775,10327692812,1,"IOTHUB_CLIENT_CONFIRMATION_OK"
16257,10327692976,10327693005,1,"IOTHUB_CLIENT_CONFIRMATION_OK"
16258,10327693176,10327693226,1,"IOTHUB_CLIENT_CONFIRMATION_OK"
16259,10327693376,10327693413,1,"IOTHUB_CLIENT_CONFIRMATION_OK"
16260,10327693576,10327693610,1,"IOTHUB_CLIENT_CONFIRMATION_OK"
16261,10327693776,10327693984,1,"IOTHUB_CLIENT_CONFIRMATION_OK"
16262,10327693976,10327694017,1,"IOTHUB_CLIENT_CONFIRMATION_OK"
16263,10327694177,10327694223,1,"IOTHUB_CLIENT_CONFIRMATION_OK"
16264,10327694377,10327694417,1,"IOTHUB_CLIENT_CONFIRMATION_OK"
16265,10327694577,10327694611,1,"IOTHUB_CLIENT_CONFIRMATION_OK"
16266,10327694777,10327694992,1,"IOTHUB_CLIENT_CONFIRMATION_OK"
16267,10327694977,10327695012,1,"IOTHUB_CLIENT_CONFIRMATION_OK"
16268,10327695177,10327695218,1,"IOTHUB_CLIENT_CONFIRMATION_OK"
16269,10327695378,10327695409,1,"IOTHUB_CLIENT_CONFIRMATION_OK"
16270,10327695578,10327695609,1,"IOTHUB_CLIENT_CONFIRMATION_OK"
16271,10327695778,10327695815,1,"IOTHUB_CLIENT_CONFIRMATION_OK"
16272,10327695978,10327696015,1,"IOTHUB_CLIENT_CONFIRMATION_OK"
16273,10327696178,10327696209,1,"IOTHUB_CLIENT_CONFIRMATION_OK"
16274,10327696379,10327696413,1,"IOTHUB_CLIENT_CONFIRMATION_OK"
16275,10327696579,10327696612,1,"IOTHUB_CLIENT_CONFIRMATION_OK"
16276,10327696779,10327696812,1,"IOTHUB_CLIENT_CONFIRMATION_OK"
16277,10327696979,10327697057,1,"IOTHUB_CLIENT_CONFIRMATION_OK"
16278,10327697179,10327697353,1,"IOTHUB_CLIENT_CONFIRMATION_OK"
16279,10327697379,10327697412,1,"IOTHUB_CLIENT_CONFIRMATION_OK"
16280,10327697580,10327697612,1,"IOTHUB_CLIENT_CONFIRMATION_OK"
16281,10327697780,10327697812,1,"IOTHUB_CLIENT_CONFIRMATION_OK"
16282,10327697980,10327698106,1,"IOTHUB_CLIENT_CONFIRMATION_OK"
16283,10327698180,10327698213,1,"IOTHUB_CLIENT_CONFIRMATION_OK"
16284,10327698380,10327698413,1,"IOTHUB_CLIENT_CONFIRMATION_OK"
16285,10327698580,10327698615,1,"IOTHUB_CLIENT_CONFIRMATION_OK"
16286,10327698781,10327698820,1,"IOTHUB_CLIENT_CONFIRMATION_OK"
16287,10327698981,10327699012,1,"IOTHUB_CLIENT_CONFIRMATION_OK"
16288,10327699181,10327699827,1,"IOTHUB_CLIENT_CONFIRMATION_OK"
16289,10327699381,10327699852,1,"IOTHUB_CLIENT_CONFIRMATION_OK"
16290,10327699581,10327699888,1,"IOTHUB_CLIENT_CONFIRMATION_OK"
16291,10327699782,10327699967,1,"IOTHUB_CLIENT_CONFIRMATION_OK"
16292,10327699982,10327700019,1,"IOTHUB_CLIENT_CONFIRMATION_OK"
16293,10327700182,10327700229,1,"IOTHUB_CLIENT_CONFIRMATION_OK"
16294,10327700382,10327700431,1,"IOTHUB_CLIENT_CONFIRMATION_OK"
16295,10327700582,10327700802,1,"IOTHUB_CLIENT_CONFIRMATION_OK"
16296,10327700783,10327700824,1,"IOTHUB_CLIENT_CONFIRMATION_OK"
16297,10327700983,10327701076,1,"IOTHUB_CLIENT_CONFIRMATION_OK"
16298,10327701183,10327701219,1,"IOTHUB_CLIENT_CONFIRMATION_OK"
16299,10327701383,10327701441,1,"IOTHUB_CLIENT_CONFIRMATION_OK"
16300,10327701583,10327701621,1,"IOTHUB_CLIENT_CONFIRMATION_OK"
16301,10327701783,10327701823,1,"IOTHUB_CLIENT_CONFIRMATION_OK"
16302,10327701984,10327702015,1,"IOTHUB_CLIENT_CONFIRMATION_OK"
16303,10327702184,10327702221,1,"IOTHUB_CLIENT_CONFIRMATION_OK"
16304,10327702384,10327702414,1,"IOTHUB_CLIENT_CONFIRMATION_OK"
16305,10327702584,10327702619,1,"IOTHUB_CLIENT_CONFIRMATION_OK"
16306,10327702784,10327702839,1,"IOTHUB_CLIENT_CONFIRMATION_OK"
16307,10327702984,10327703015,1,"IOTHUB_CLIENT_CONFIRMATION_OK"
16308,10327703184,10327703232,1,"IOTHUB_CLIENT_CONFIRMATION_OK"
16309,10327703385,10327703428,1,"IOTHUB_CLIENT_CONFIRMATION_OK"
16310,10327703585,10327703617,1,"IOTHUB_CLIENT_CONFIRMATION_OK"
16311,10327703785,10327703876,1,"IOTHUB_CLIENT_CONFIRMATION_OK"
16312,10327703985,10327704014,1,"IOTHUB_CLIENT_CONFIRMATION_OK"
16313,10327704185,10327704517,1,"IOTHUB_CLIENT_CONFIRMATION_OK"
16314,10327704386,10327704544,1,"IOTHUB_CLIENT_CONFIRMATION_OK"
16315,10327704586,10327704628,1,"IOTHUB_CLIENT_CONFIRMATION_OK"
16316,10327704786,10327704935,1,"IOTHUB_CLIENT_CONFIRMATION_OK"
16317,10327704986,10327705019,1,"IOTHUB_CLIENT_CONFIRMATION_OK"
16318,10327705186,10327705244,1,"IOTHUB_CLIENT_CONFIRMATION_OK"
16319,10327705386,10327705541,1,"IOTHUB_CLIENT_CONFIRMATION_OK"
16320,10327705587,10327705618,1,"IOTHUB_CLIENT_CONFIRMATION_OK"
16321,10327705787,10327705819,1,"IOTHUB_CLIENT_CONFIRMATION_OK"
16322,10327705987,10327706019,1,"IOTHUB_CLIENT_CONFIRMATION_OK"
16323,10327706187,10327706218,1,"IOTHUB_CLIENT_CONFIRMATION_OK"
16324,10327706387,10327706610,1,"IOTHUB_CLIENT_CONFIRMATION_OK"
16325,10327706587,10327706637,1,"IOTHUB_CLIENT_CONFIRMATION_OK"
16326,10327706788,10327706836,1,"IOTHUB_CLIENT_CONFIRMATION_OK"
16327,10327706988,10327707042,1,"IOTHUB_CLIENT_CONFIRMATION_OK"
16328,10327707188,10327707217,1,"IOTHUB_CLIENT_CONFIRMATION_OK"
16329,10327707388,10327707418,1,"IOTHUB_CLIENT_CONFIRMATION_OK"
16330,10327707588,10327707642,1,"IOTHUB_CLIENT_CONFIRMATION_OK"
16331,10327707788,10327707824,1,"IOTHUB_CLIENT_CONFIRMATION_OK"
16332,10327707989,10327708207,1,"IOTHUB_CLIENT_CONFIRMATION_OK"
16333,10327708189,10327708231,1,"IOTHUB_CLIENT_CONFIRMATION_OK"
16334,10327708389,10327708419,1,"IOTHUB_CLIENT_CONFIRMATION_OK"
16335,10327708589,10327708623,1,"IOTHUB_CLIENT_CONFIRMATION_OK"
16336,10327708789,10327708833,1,"IOTHUB_CLIENT_CONFIRMATION_OK"
16337,10327708990,10327709024,1,"IOTHUB_CLIENT_CONFIRMATION_OK"
16338,10327709190,10327709227,1,"IOTHUB_CLIENT_CONFIRMATION_OK"
16339,10327709390,10327709437,1,"IOTHUB_CLIENT_CONFIRMATION_OK"
16340,10327709590,10327709633,1,"IOTHUB_CLIENT_CONFIRMATION_OK"
16341,10327709790,10327709824,1,"IOTHUB_CLIENT_CONFIRMATION_OK"
16342,10327709991,10327710023,1,"IOTHUB_CLIENT_CONFIRMATION_OK"
16343,10327710191,10327710230,1,"IOTHUB_CLIENT_CONFIRMATION_OK"
16344,10327710391,10327710431,1,"IOTHUB_CLIENT_CONFIRMATION_OK"
16345,10327710591,10327710632,1,"IOTHUB_CLIENT_CONFIRMATION_OK"
16346,10327710791,10327710869,1,"IOTHUB_CLIENT_CONFIRMATION_OK"
16347,10327710991,10327711036,1,"IOTHUB_CLIENT_CONFIRMATION_OK"
16348,10327711192,10327711246,1,"IOTHUB_CLIENT_CONFIRMATION_OK"
16349,10327711392,10327711515,1,"IOTHUB_CLIENT_CONFIRMATION_OK"
16350,10327711592,10327711623,1,"IOTHUB_CLIENT_CONFIRMATION_OK"
16351,10327711792,10327711828,1,"IOTHUB_CLIENT_CONFIRMATION_OK"
16352,10327711992,10327712022,1,"IOTHUB_CLIENT_CONFIRMATION_OK"
16353,10327712192,10327712329,1,"IOTHUB_CLIENT_CONFIRMATION_OK"
16354,10327712393,10327712422,1,"IOTHUB_CLIENT_CONFIRMATION_OK"
16355,10327712593,10327712627,1,"IOTHUB_CLIENT_CONFIRMATION_OK"
16356,10327712793,10327712826,1,"IOTHUB_CLIENT_CONFIRMATION_OK"
16357,10327712993,10327713029,1,"IOTHUB_CLIENT_CONFIRMATION_OK"
16358,10327713193,10327713226,1,"IOTHUB_CLIENT_CONFIRMATION_OK"
16359,10327713394,10327713431,1,"IOTHUB_CLIENT_CONFIRMATION_OK"
16360,10327713594,10327713645,1,"IOTHUB_CLIENT_CONFIRMATION_OK"
16361,10327713794,10327714169,1,"IOTHUB_CLIENT_CONFIRMATION_OK"
16362,10327713994,10327714193,1,"IOTHUB_CLIENT_CONFIRMATION_OK"
16363,10327714194,10327714229,1,"IOTHUB_CLIENT_CONFIRMATION_OK"
16364,10327714394,10327714425,1,"IOTHUB_CLIENT_CONFIRMATION_OK"
16365,10327714595,10327714631,1,"IOTHUB_CLIENT_CONFIRMATION_OK"
16366,10327714795,10327714989,1,"IOTHUB_CLIENT_CONFIRMATION_OK"
16367,10327714995,10327715040,1,"IOTHUB_CLIENT_CONFIRMATION_OK"
16368,10327715195,10327715240,1,"IOTHUB_CLIENT_CONFIRMATION_OK"
16369,10327715395,10327715429,1,"IOTHUB_CLIENT_CONFIRMATION_OK"
16370,10327715595,10327715624,1,"IOTHUB_CLIENT_CONFIRMATION_OK"
16371,10327715795,10327715827,1,"IOTHUB_CLIENT_CONFIRMATION_OK"
16372,10327715996,10327716057,1,"IOTHUB_CLIENT_CONFIRMATION_OK"
16373,10327716196,10327716226,1,"IOTHUB_CLIENT_CONFIRMATION_OK"
16374,10327716396,10327716467,1,"IOTHUB_CLIENT_CONFIRMATION_OK"
16375,10327716596,10327716626,1,"IOTHUB_CLIENT_CONFIRMATION_OK"
16376,10327716796,10327716901,1,"IOTHUB_CLIENT_CONFIRMATION_OK"
16377,10327716997,10327717109,1,"IOTHUB_CLIENT_CONFIRMATION_OK"
16378,10327717197,10327717228,1,"IOTHUB_CLIENT_CONFIRMATION_OK"
16379,10327717397,10327717433,1,"IOTHUB_CLIENT_CONFIRMATION_OK"
16380,10327717597,10327717627,1,"IOTHUB_CLIENT_CONFIRMATION_OK"
16381,10327717797,10327717827,1,"IOTHUB_CLIENT_CONFIRMATION_OK"
16382,10327717997,10327718127,1,"IOTHUB_CLIENT_CONFIRMATION_OK"
16383,10327718198,10327718243,1,"IOTHUB_CLIENT_CONFIRMATION_OK"
16384,10327718398,10327718433,1,"IOTHUB_CLIENT_CONFIRMATION_OK"
16385,10327718598,10327718630,1,"IOTHUB_CLIENT_CONFIRMATION_OK"
16386,10327718799,10327718828,1,"IOTHUB_CLIENT_CONFIRMATION_OK"
16387,10327718999,10327719029,1,"IOTHUB_CLIENT_CONFIRMATION_OK"
16388,10327719199,10327719231,1,"IOTHUB_CLIENT_CONFIRMATION_OK"
16389,10327719399,10327719433,1,"IOTHUB_CLIENT_CONFIRMATION_OK"
16390,10327719599,10327719677,1,"IOTHUB_CLIENT_CONFIRMATION_OK"
16391,10327719799,10327719828,1,"IOTHUB_CLIENT_CONFIRMATION_OK"
16392,10327720000,10327720034,1,"IOTHUB_CLIENT_CONFIRMATION_OK"
16393,10327720200,10327720289,1,"IOTHUB_CLIENT_CONFIRMATION_OK"
16394,10327720400,10327720434,1,"IOTHUB_CLIENT_CONFIRMATION_OK"
16395,10327720600,10327720690,1,"IOTHUB_CLIENT_CONFIRMATION_OK"
16396,10327720800,10327720841,1,"IOTHUB_CLIENT_CONFIRMATION_OK"
16397,10327721000,10327721034,1,"IOTHUB_CLIENT_CONFIRMATION_OK"
16398,10327721200,10327721332,1,"IOTHUB_CLIENT_CONFIRMATION_OK"
16399,10327721401,10327721433,1,"IOTHUB_CLIENT_CONFIRMATION_OK"
16400,10327721601,10327721632,1,"IOTHUB_CLIENT_CONFIRMATION_OK"
16401,10327721801,10327721831,1,"IOTHUB_CLIENT_CONFIRMATION_OK"
16402,10327722001,10327722034,1,"IOTHUB_CLIENT_CONFIRMATION_OK"
16403,10327722201,10327722338,1,"IOTHUB_CLIENT_CONFIRMATION_OK"
16404,10327722401,10327722434,1,"IOTHUB_CLIENT_CONFIRMATION_OK"
16405,10327722602,10327722632,1,"IOTHUB_CLIENT_CONFIRMATION_OK"
16406,10327722802,10327722835,1,"IOTHUB_CLIENT_CONFIRMATION_OK"
16407,10327723002,10327723034,1,"IOTHUB_CLIENT_CONFIRMATION_OK"
16408,10327723202,10327723347,1,"IOTHUB_CLIENT_CONFIRMATION_OK"
16409,10327723402,10327723432,1,"IOTHUB_CLIENT_CONFIRMATION_OK"
16410,10327723602,10327723637,1,"IOTHUB_CLIENT_CONFIRMATION_OK"
16411,10327723803,10327723965,1,"IOTHUB_CLIENT_CONFIRMATION_OK"
16412,10327724003,10327724032,1,"IOTHUB_CLIENT_CONFIRMATION_OK"
16413,10327724203,10327724233,1,"IOTHUB_CLIENT_CONFIRMATION_OK"
16414,10327724403,10327724451,1,"IOTHUB_CLIENT_CONFIRMATION_OK"
16415,10327724603,10327724650,1,"IOTHUB_CLIENT_CONFIRMATION_OK"
16416,10327724803,10327725011,1,"IOTHUB_CLIENT_CONFIRMATION_OK"
16417,10327725004,10327725083,1,"IOTHUB_CLIENT_CONFIRMATION_OK"
16418,10327725204,10327725239,1,"IOTHUB_CLIENT_CONFIRMATION_OK"
16419,10327725404,10327725440,1,"IOTHUB_CLIENT_CONFIRMATION_OK"
16420,10327725604,10327725649,1,"IOTHUB_CLIENT_CONFIRMATION_OK"
16421,10327725804,10327725836,1,"IOTHUB_CLIENT_CONFIRMATION_OK"
16422,10327726004,10327726037,1,"IOTHUB_CLIENT_CONFIRMATION_OK"
16423,10327726204,10327726241,1,"IOTHUB_CLIENT_CONFIRMATION_OK"
16424,10327726405,10327726612,1,"IOTHUB_CLIENT_CONFIRMATION_OK"
16425,10327726605,10327726637,1,"IOTHUB_CLIENT_CONFIRMATION_OK"
16426,10327726805,10327726838,1,"IOTHUB_CLIENT_CONFIRMATION_OK"
16427,10327727005,10327727047,1,"IOTHUB_CLIENT_CONFIRMATION_OK"
16428,10327727205,10327727244,1,"IOTHUB_CLIENT_CONFIRMATION_OK"
16429,10327727406,10327727439,1,"IOTHUB_CLIENT_CONFIRMATION_OK"
16430,10327727606,10327727656,1,"IOTHUB_CLIENT_CONFIRMATION_OK"
16431,10327727806,10327727902,1,"IOTHUB_CLIENT_CONFIRMATION_OK"
16432,10327728006,10327728094,1,"IOTHUB_CLIENT_CONFIRMATION_OK"
16433,10327728206,10327728244,1,"IOTHUB_CLIENT_CONFIRMATION_OK"
16434,10327728406,10327728446,1,"IOTHUB_CLIENT_CONFIRMATION_OK"
16435,10327728606,10327728701,1,"IOTHUB_CLIENT_CONFIRMATION_OK"
16436,10327728807,10327728840,1,"IOTHUB_CLIENT_CONFIRMATION_OK"
16437,10327729007,10327729036,1,"IOTHUB_CLIENT_CONFIRMATION_OK"
16438,10327729207,10327729247,1,"IOTHUB_CLIENT_CONFIRMATION_OK"
16439,10327729407,10327729443,1,"IOTHUB_CLIENT_CONFIRMATION_OK"
16440,10327729607,10327729712,1,"IOTHUB_CLIENT_CONFIRMATION_OK"
16441,10327729807,10327729840,1,"IOTHUB_CLIENT_CONFIRMATION_OK"
16442,10327730007,10327730039,1,"IOTHUB_CLIENT_CONFIRMATION_OK"
16443,10327730208,10327730243,1,"IOTHUB_CLIENT_CONFIRMATION_OK"
16444,10327730408,10327730455,1,"IOTHUB_CLIENT_CONFIRMATION_OK"
16445,10327730608,10327730707,1,"IOTHUB_CLIENT_CONFIRMATION_OK"
16446,10327730808,10327730841,1,"IOTHUB_CLIENT_CONFIRMATION_OK"
16447,10327731008,10327731039,1,"IOTHUB_CLIENT_CONFIRMATION_OK"
16448,10327731208,10327731340,1,"IOTHUB_CLIENT_CONFIRMATION_OK"
16449,10327731409,10327731440,1,"IOTHUB_CLIENT_CONFIRMATION_OK"
16450,10327731609,10327731641,1,"IOTHUB_CLIENT_CONFIRMATION_OK"
16451,10327731809,10327731922,1,"IOTHUB_CLIENT_CONFIRMATION_OK"
16452,10327732009,10327732039,1,"IOTHUB_CLIENT_CONFIRMATION_OK"
16453,10327732209,10327732355,1,"IOTHUB_CLIENT_CONFIRMATION_OK"
16454,10327732409,10327732445,1,"IOTHUB_CLIENT_CONFIRMATION_OK"
16455,10327732609,10327732642,1,"IOTHUB_CLIENT_CONFIRMATION_OK"
16456,10327732810,10327732846,1,"IOTHUB_CLIENT_CONFIRMATION_OK"
16457,10327733010,10327733043,1,"IOTHUB_CLIENT_CONFIRMATION_OK"
16458,10327733210,10327733252,1,"IOTHUB_CLIENT_CONFIRMATION_OK"
16459,10327733410,10327733444,1,"IOTHUB_CLIENT_CONFIRMATION_OK"
16460,10327733610,10327733645,1,"IOTHUB_CLIENT_CONFIRMATION_OK"
16461,10327733811,10327733967,1,"IOTHUB_CLIENT_CONFIRMATION_OK"
16462,10327734011,10327734044,1,"IOTHUB_CLIENT_CONFIRMATION_OK"
16463,10327734211,10327734240,1,"IOTHUB_CLIENT_CONFIRMATION_OK"
16464,10327734411,10327734446,1,"IOTHUB_CLIENT_CONFIRMATION_OK"
16465,10327734611,10327734641,1,"IOTHUB_CLIENT_CONFIRMATION_OK"
16466,10327734811,10327734849,1,"IOTHUB_CLIENT_CONFIRMATION_OK"
16467,10327735011,10327735099,1,"IOTHUB_CLIENT_CONFIRMATION_OK"
16468,10327735212,10327735241,1,"IOTHUB_CLIENT_CONFIRMATION_OK"
16469,10327735412,10327735464,1,"IOTHUB_CLIENT_CONFIRMATION_OK"
16470,10327735612,10327735653,1,"IOTHUB_CLIENT_CONFIRMATION_OK"
16471,10327735812,10327735850,1,"IOTHUB_CLIENT_CONFIRMATION_OK"
16472,10327736012,10327736057,1,"IOTHUB_CLIENT_CONFIRMATION_OK"
16473,10327736213,10327736251,1,"IOTHUB_CLIENT_CONFIRMATION_OK"
16474,10327736413,10327736612,1,"IOTHUB_CLIENT_CONFIRMATION_OK"
16475,10327736613,10327736643,1,"IOTHUB_CLIENT_CONFIRMATION_OK"
16476,10327736813,10327736845,1,"IOTHUB_CLIENT_CONFIRMATION_OK"
16477,10327737013,10327737047,1,"IOTHUB_CLIENT_CONFIRMATION_OK"
16478,10327737213,10327737260,1,"IOTHUB_CLIENT_CONFIRMATION_OK"
16479,10327737413,10327737462,1,"IOTHUB_CLIENT_CONFIRMATION_OK"
16480,10327737614,10327737668,1,"IOTHUB_CLIENT_CONFIRMATION_OK"
16481,10327737814,10327737844,1,"IOTHUB_CLIENT_CONFIRMATION_OK"
16482,10327738014,10327738115,1,"IOTHUB_CLIENT_CONFIRMATION_OK"
16483,10327738214,10327738244,1,"IOTHUB_CLIENT_CONFIRMATION_OK"
16484,10327738414,10327738445,1,"IOTHUB_CLIENT_CONFIRMATION_OK"
16485,10327738615,10327738692,1,"IOTHUB_CLIENT_CONFIRMATION_OK"
16486,10327738815,10327738848,1,"IOTHUB_CLIENT_CONFIRMATION_OK"
16487,10327739015,10327739050,1,"IOTHUB_CLIENT_CONFIRMATION_OK"
16488,10327739215,10327739334,1,"IOTHUB_CLIENT_CONFIRMATION_OK"
16489,10327739415,10327739451,1,"IOTHUB_CLIENT_CONFIRMATION_OK"
16490,10327739615,10327739761,1,"IOTHUB_CLIENT_CONFIRMATION_OK"
16491,10327739815,10327739846,1,"IOTHUB_CLIENT_CONFIRMATION_OK"
16492,10327740016,10327740049,1,"IOTHUB_CLIENT_CONFIRMATION_OK"
16493,10327740216,10327740265,1,"IOTHUB_CLIENT_CONFIRMATION_OK"
16494,10327740416,10327740462,1,"IOTHUB_CLIENT_CONFIRMATION_OK"
16495,10327740616,10327740746,1,"IOTHUB_CLIENT_CONFIRMATION_OK"
16496,10327740816,10327740858,1,"IOTHUB_CLIENT_CONFIRMATION_OK"
16497,10327741016,10327741046,1,"IOTHUB_CLIENT_CONFIRMATION_OK"
16498,10327741216,10327741356,1,"IOTHUB_CLIENT_CONFIRMATION_OK"
16499,10327741417,10327741445,1,"IOTHUB_CLIENT_CONFIRMATION_OK"
16500,10327741617,10327741672,1,"IOTHUB_CLIENT_CONFIRMATION_OK"
16501,10327741817,10327741850,1,"IOTHUB_CLIENT_CONFIRMATION_OK"
16502,10327742017,10327742084,1,"IOTHUB_CLIENT_CONFIRMATION_OK"
16503,10327742217,10327742401,1,"IOTHUB_CLIENT_CONFIRMATION_OK"
16504,10327742417,10327742450,1,"IOTHUB_CLIENT_CONFIRMATION_OK"
16505,10327742618,10327742648,1,"IOTHUB_CLIENT_CONFIRMATION_OK"
16506,10327742818,10327742858,1,"IOTHUB_CLIENT_CONFIRMATION_OK"
16507,10327743018,10327743052,1,"IOTHUB_CLIENT_CONFIRMATION_OK"
16508,10327743218,10327743251,1,"IOTHUB_CLIENT_CONFIRMATION_OK"
16509,10327743418,10327743449,1,"IOTHUB_CLIENT_CONFIRMATION_OK"
16510,10327743618,10327743652,1,"IOTHUB_CLIENT_CONFIRMATION_OK"
16511,10327743819,10327743851,1,"IOTHUB_CLIENT_CONFIRMATION_OK"
16512,10327744019,10327744054,1,"IOTHUB_CLIENT_CONFIRMATION_OK"
16513,10327744219,10327744252,1,"IOTHUB_CLIENT_CONFIRMATION_OK"
16514,10327744419,10327744451,1,"IOTHUB_CLIENT_CONFIRMATION_OK"
16515,10327744619,10327744648,1,"IOTHUB_CLIENT_CONFIRMATION_OK"
16516,10327744819,10327744852,1,"IOTHUB_CLIENT_CONFIRMATION_OK"
16517,10327745020,10327745051,1,"IOTHUB_CLIENT_CONFIRMATION_OK"
16518,10327745220,10327745253,1,"IOTHUB_CLIENT_CONFIRMATION_OK"
16519,10327745420,10327745457,1,"IOTHUB_CLIENT_CONFIRMATION_OK"
16520,10327745620,10327745652,1,"IOTHUB_CLIENT_CONFIRMATION_OK"
16521,10327745820,10327745870,1,"IOTHUB_CLIENT_CONFIRMATION_OK"
16522,10327746020,10327746062,1,"IOTHUB_CLIENT_CONFIRMATION_OK"
16523,10327746221,10327746255,1,"IOTHUB_CLIENT_CONFIRMATION_OK"
16524,10327746421,10327746461,1,"IOTHUB_CLIENT_CONFIRMATION_OK"
16525,10327746621,10327746656,1,"IOTHUB_CLIENT_CONFIRMATION_OK"
16526,10327746821,10327746856,1,"IOTHUB_CLIENT_CONFIRMATION_OK"
16527,10327747021,10327747105,1,"IOTHUB_CLIENT_CONFIRMATION_OK"
16528,10327747221,10327747252,1,"IOTHUB_CLIENT_CONFIRMATION_OK"
16529,10327747421,10327747467,1,"IOTHUB_CLIENT_CONFIRMATION_OK"
16530,10327747622,10327747650,1,"IOTHUB_CLIENT_CONFIRMATION_OK"
16531,10327747822,10327747854,1,"IOTHUB_CLIENT_CONFIRMATION_OK"
16532,10327748022,10327748092,1,"IOTHUB_CLIENT_CONFIRMATION_OK"
16533,10327748222,10327748255,1,"IOTHUB_CLIENT_CONFIRMATION_OK"
16534,10327748422,10327748465,1,"IOTHUB_CLIENT_CONFIRMATION_OK"
16535,10327748622,10327748716,1,"IOTHUB_CLIENT_CONFIRMATION_OK"
16536,10327748822,10327748855,1,"IOTHUB_CLIENT_CONFIRMATION_OK"
16537,10327749023,10327749056,1,"IOTHUB_CLIENT_CONFIRMATION_OK"
16538,10327749223,10327749260,1,"IOTHUB_CLIENT_CONFIRMATION_OK"
16539,10327749423,10327749456,1,"IOTHUB_CLIENT_CONFIRMATION_OK"
16540,10327749623,10327749742,1,"IOTHUB_CLIENT_CONFIRMATION_OK"
16541,10327749823,10327749856,1,"IOTHUB_CLIENT_CONFIRMATION_OK"
16542,10327750023,10327750056,1,"IOTHUB_CLIENT_CONFIRMATION_OK"
16543,10327750223,10327750259,1,"IOTHUB_CLIENT_CONFIRMATION_OK"
16544,10327750424,10327750470,1,"IOTHUB_CLIENT_CONFIRMATION_OK"
16545,10327750624,10327750757,1,"IOTHUB_CLIENT_CONFIRMATION_OK"
16546,10327750824,10327750857,1,"IOTHUB_CLIENT_CONFIRMATION_OK"
16547,10327751024,10327751057,1,"IOTHUB_CLIENT_CONFIRMATION_OK"
16548,10327751224,10327751358,1,"IOTHUB_CLIENT_CONFIRMATION_OK"
16549,10327751424,10327751460,1,"IOTHUB_CLIENT_CONFIRMATION_OK"
16550,10327751625,10327751661,1,"IOTHUB_CLIENT_CONFIRMATION_OK"
16551,10327751825,10327751875,1,"IOTHUB_CLIENT_CONFIRMATION_OK"
16552,10327752025,10327752056,1,"IOTHUB_CLIENT_CONFIRMATION_OK"
16553,10327752225,10327752372,1,"IOTHUB_CLIENT_CONFIRMATION_OK"
16554,10327752425,10327752461,1,"IOTHUB_CLIENT_CONFIRMATION_OK"
16555,10327752626,10327752672,1,"IOTHUB_CLIENT_CONFIRMATION_OK"
16556,10327752826,10327752869,1,"IOTHUB_CLIENT_CONFIRMATION_OK"
16557,10327753026,10327753057,1,"IOTHUB_CLIENT_CONFIRMATION_OK"
16558,10327753226,10327753265,1,"IOTHUB_CLIENT_CONFIRMATION_OK"
16559,10327753426,10327753463,1,"IOTHUB_CLIENT_CONFIRMATION_OK"
16560,10327753626,10327753706,1,"IOTHUB_CLIENT_CONFIRMATION_OK"
16561,10327753827,10327753874,1,"IOTHUB_CLIENT_CONFIRMATION_OK"
16562,10327754027,10327754056,1,"IOTHUB_CLIENT_CONFIRMATION_OK"
16563,10327754227,10327754271,1,"IOTHUB_CLIENT_CONFIRMATION_OK"
16564,10327754427,10327754504,1,"IOTHUB_CLIENT_CONFIRMATION_OK"
16565,10327754627,10327754674,1,"IOTHUB_CLIENT_CONFIRMATION_OK"
16566,10327754827,10327754868,1,"IOTHUB_CLIENT_CONFIRMATION_OK"
16567,10327755027,10327755061,1,"IOTHUB_CLIENT_CONFIRMATION_OK"
16568,10327755228,10327755267,1,"IOTHUB_CLIENT_CONFIRMATION_OK"
16569,10327755428,10327755484,1,"IOTHUB_CLIENT_CONFIRMATION_OK"
16570,10327755628,10327755657,1,"IOTHUB_CLIENT_CONFIRMATION_OK"
16571,10327755828,10327755889,1,"IOTHUB_CLIENT_CONFIRMATION_OK"
16572,10327756028,10327756097,1,"IOTHUB_CLIENT_CONFIRMATION_OK"
16573,10327756228,10327756261,1,"IOTHUB_CLIENT_CONFIRMATION_OK"
16574,10327756428,10327756491,1,"IOTHUB_CLIENT_CONFIRMATION_OK"
16575,10327756629,10327756673,1,"IOTHUB_CLIENT_CONFIRMATION_OK"
16576,10327756829,10327756867,1,"IOTHUB_CLIENT_CONFIRMATION_OK"
16577,10327757029,10327757121,1,"IOTHUB_CLIENT_CONFIRMATION_OK"
16578,10327757229,10327757286,1,"IOTHUB_CLIENT_CONFIRMATION_OK"
16579,10327757429,10327757459,1,"IOTHUB_CLIENT_CONFIRMATION_OK"
16580,10327757629,10327757659,1,"IOTHUB_CLIENT_CONFIRMATION_OK"
16581,10327757830,10327757863,1,"IOTHUB_CLIENT_CONFIRMATION_OK"
16582,10327758030,10327758132,1,"IOTHUB_CLIENT_CONFIRMATION_OK"
16583,10327758230,10327758265,1,"IOTHUB_CLIENT_CONFIRMATION_OK"
16584,10327758430,10327758464,1,"IOTHUB_CLIENT_CONFIRMATION_OK"
16585,10327758630,10327758764,1,"IOTHUB_CLIENT_CONFIRMATION_OK"
16586,10327758830,10327758864,1,"IOTHUB_CLIENT_CONFIRMATION_OK"
16587,10327759030,10327759060,1,"IOTHUB_CLIENT_CONFIRMATION_OK"
16588,10327759231,10327759288,1,"IOTHUB_CLIENT_CONFIRMATION_OK"
16589,10327759431,10327759468,1,"IOTHUB_CLIENT_CONFIRMATION_OK"
16590,10327759631,10327759752,1,"IOTHUB_CLIENT_CONFIRMATION_OK"
16591,10327759831,10327759997,1,"IOTHUB_CLIENT_CONFIRMATION_OK"
16592,10327760031,10327760065,1,"IOTHUB_CLIENT_CONFIRMATION_OK"
16593,10327760231,10327760268,1,"IOTHUB_CLIENT_CONFIRMATION_OK"
16594,10327760431,10327760464,1,"IOTHUB_CLIENT_CONFIRMATION_OK"
16595,10327760632,10327760787,1,"IOTHUB_CLIENT_CONFIRMATION_OK"
16596,10327760832,10327760870,1,"IOTHUB_CLIENT_CONFIRMATION_OK"
16597,10327761032,10327761062,1,"IOTHUB_CLIENT_CONFIRMATION_OK"
16598,10327761232,10327761265,1,"IOTHUB_CLIENT_CONFIRMATION_OK"
16599,10327761432,10327761473,1,"IOTHUB_CLIENT_CONFIRMATION_OK"
16600,10327761632,10327761668,1,"IOTHUB_CLIENT_CONFIRMATION_OK"
16601,10327761833,10327761867,1,"IOTHUB_CLIENT_CONFIRMATION_OK"
16602,10327762033,10327762063,1,"IOTHUB_CLIENT_CONFIRMATION_OK"
16603,10327762233,10327762432,1,"IOTHUB_CLIENT_CONFIRMATION_OK"
16604,10327762433,10327762467,1,"IOTHUB_CLIENT_CONFIRMATION_OK"
16605,10327762633,10327762666,1,"IOTHUB_CLIENT_CONFIRMATION_OK"
16606,10327762833,10327762898,1,"IOTHUB_CLIENT_CONFIRMATION_OK"
16607,10327763034,10327763064,1,"IOTHUB_CLIENT_CONFIRMATION_OK"
16608,10327763234,10327763266,1,"IOTHUB_CLIENT_CONFIRMATION_OK"
16609,10327763434,10327763468,1,"IOTHUB_CLIENT_CONFIRMATION_OK"
16610,10327763634,10327763676,1,"IOTHUB_CLIENT_CONFIRMATION_OK"
16611,10327763834,10327763878,1,"IOTHUB_CLIENT_CONFIRMATION_OK"
16612,10327764034,10327764073,1,"IOTHUB_CLIENT_CONFIRMATION_OK"
16613,10327764235,10327764266,1,"IOTHUB_CLIENT_CONFIRMATION_OK"
16614,10327764435,10327764499,1,"IOTHUB_CLIENT_CONFIRMATION_OK"
16615,10327764635,10327764665,1,"IOTHUB_CLIENT_CONFIRMATION_OK"
16616,10327764835,10327765066,1,"IOTHUB_CLIENT_CONFIRMATION_OK"
16617,10327765035,10327765075,1,"IOTHUB_CLIENT_CONFIRMATION_OK"
16618,10327765235,10327765275,1,"IOTHUB_CLIENT_CONFIRMATION_OK"
16619,10327765435,10327765479,1,"IOTHUB_CLIENT_CONFIRMATION_OK"
16620,10327765636,10327765669,1,"IOTHUB_CLIENT_CONFIRMATION_OK"
16621,10327765836,10327765869,1,"IOTHUB_CLIENT_CONFIRMATION_OK"
16622,10327766036,10327766227,1,"IOTHUB_CLIENT_CONFIRMATION_OK"
16623,10327766236,10327766340,1,"IOTHUB_CLIENT_CONFIRMATION_OK"
16624,10327766436,10327766488,1,"IOTHUB_CLIENT_CONFIRMATION_OK"
16625,10327766636,10327766667,1,"IOTHUB_CLIENT_CONFIRMATION_OK"
16626,10327766837,10327766875,1,"IOTHUB_CLIENT_CONFIRMATION_OK"
16627,10327767037,10327767103,1,"IOTHUB_CLIENT_CONFIRMATION_OK"
16628,10327767237,10327767275,1,"IOTHUB_CLIENT_CONFIRMATION_OK"
16629,10327767437,10327767471,1,"IOTHUB_CLIENT_CONFIRMATION_OK"
16630,10327767637,10327767678,1,"IOTHUB_CLIENT_CONFIRMATION_OK"
16631,10327767837,10327767873,1,"IOTHUB_CLIENT_CONFIRMATION_OK"
16632,10327768038,10327768116,1,"IOTHUB_CLIENT_CONFIRMATION_OK"
16633,10327768238,10327768278,1,"IOTHUB_CLIENT_CONFIRMATION_OK"
16634,10327768438,10327768470,1,"IOTHUB_CLIENT_CONFIRMATION_OK"
16635,10327768638,10327768752,1,"IOTHUB_CLIENT_CONFIRMATION_OK"
16636,10327768838,10327768873,1,"IOTHUB_CLIENT_CONFIRMATION_OK"
16637,10327769038,10327769069,1,"IOTHUB_CLIENT_CONFIRMATION_OK"
16638,10327769239,10327769270,1,"IOTHUB_CLIENT_CONFIRMATION_OK"
16639,10327769439,10327769469,1,"IOTHUB_CLIENT_CONFIRMATION_OK"
16640,10327769639,10327769740,1,"IOTHUB_CLIENT_CONFIRMATION_OK"
16641,10327769839,10327769867,1,"IOTHUB_CLIENT_CONFIRMATION_OK"
16642,10327770039,10327770073,1,"IOTHUB_CLIENT_CONFIRMATION_OK"
16643,10327770239,10327770275,1,"IOTHUB_CLIENT_CONFIRMATION_OK"
16644,10327770439,10327770475,1,"IOTHUB_CLIENT_CONFIRMATION_OK"
16645,10327770640,10327770760,1,"IOTHUB_CLIENT_CONFIRMATION_OK"
16646,10327770840,10327770876,1,"IOTHUB_CLIENT_CONFIRMATION_OK"
16647,10327771040,10327771074,1,"IOTHUB_CLIENT_CONFIRMATION_OK"
16648,10327771240,10327771382,1,"IOTHUB_CLIENT_CONFIRMATION_OK"
16649,10327771440,10327771471,1,"IOTHUB_CLIENT_CONFIRMATION_OK"
16650,10327771640,10327771728,1,"IOTHUB_CLIENT_CONFIRMATION_OK"
16651,10327771841,10327771870,1,"IOTHUB_CLIENT_CONFIRMATION_OK"
16652,10327772041,10327772079,1,"IOTHUB_CLIENT_CONFIRMATION_OK"
16653,10327772241,10327772398,1,"IOTHUB_CLIENT_CONFIRMATION_OK"
16654,10327772441,10327772491,1,"IOTHUB_CLIENT_CONFIRMATION_OK"
16655,10327772641,10327772675,1,"IOTHUB_CLIENT_CONFIRMATION_OK"
16656,10327772841,10327772891,1,"IOTHUB_CLIENT_CONFIRMATION_OK"
16657,10327773042,10327773072,1,"IOTHUB_CLIENT_CONFIRMATION_OK"
16658,10327773242,10327773281,1,"IOTHUB_CLIENT_CONFIRMATION_OK"
16659,10327773442,10327773472,1,"IOTHUB_CLIENT_CONFIRMATION_OK"
16660,10327773642,10327773685,1,"IOTHUB_CLIENT_CONFIRMATION_OK"
16661,10327773842,10327774139,1,"IOTHUB_CLIENT_CONFIRMATION_OK"
16662,10327774042,10327774250,1,"IOTHUB_CLIENT_CONFIRMATION_OK"
16663,10327774243,10327774392,1,"IOTHUB_CLIENT_CONFIRMATION_OK"
16664,10327774443,10327774858,1,"IOTHUB_CLIENT_CONFIRMATION_OK"
16665,10327774643,10327774897,1,"IOTHUB_CLIENT_CONFIRMATION_OK"
16666,10327774844,10327775100,1,"IOTHUB_CLIENT_CONFIRMATION_OK"
16667,10327775044,10327775126,1,"IOTHUB_CLIENT_CONFIRMATION_OK"
16668,10327775244,10327775314,1,"IOTHUB_CLIENT_CONFIRMATION_OK"
16669,10327775444,10327775609,1,"IOTHUB_CLIENT_CONFIRMATION_OK"
16670,10327775644,10327775676,1,"IOTHUB_CLIENT_CONFIRMATION_OK"
16671,10327775844,10327775888,1,"IOTHUB_CLIENT_CONFIRMATION_OK"
16672,10327776045,10327776117,1,"IOTHUB_CLIENT_CONFIRMATION_OK"
16673,10327776245,10327776292,1,"IOTHUB_CLIENT_CONFIRMATION_OK"
16674,10327776445,10327776511,1,"IOTHUB_CLIENT_CONFIRMATION_OK"
16675,10327776645,10327776678,1,"IOTHUB_CLIENT_CONFIRMATION_OK"
16676,10327776845,10327776901,1,"IOTHUB_CLIENT_CONFIRMATION_OK"
16677,10327777045,10327777133,1,"IOTHUB_CLIENT_CONFIRMATION_OK"
16678,10327777246,10327777285,1,"IOTHUB_CLIENT_CONFIRMATION_OK"
16679,10327777446,10327777475,1,"IOTHUB_CLIENT_CONFIRMATION_OK"
16680,10327777646,10327777680,1,"IOTHUB_CLIENT_CONFIRMATION_OK"
16681,10327777846,10327777930,1,"IOTHUB_CLIENT_CONFIRMATION_OK"
16682,10327778046,10327778512,1,"IOTHUB_CLIENT_CONFIRMATION_OK"
16683,10327778247,10327778544,1,"IOTHUB_CLIENT_CONFIRMATION_OK"
16684,10327778447,10327778568,1,"IOTHUB_CLIENT_CONFIRMATION_OK"
16685,10327778647,10327778762,1,"IOTHUB_CLIENT_CONFIRMATION_OK"
16686,10327778847,10327778880,1,"IOTHUB_CLIENT_CONFIRMATION_OK"
16687,10327779047,10327779087,1,"IOTHUB_CLIENT_CONFIRMATION_OK"
16688,10327779248,10327779311,1,"IOTHUB_CLIENT_CONFIRMATION_OK"
16689,10327779448,10327779483,1,"IOTHUB_CLIENT_CONFIRMATION_OK"
16690,10327779648,10327779793,1,"IOTHUB_CLIENT_CONFIRMATION_OK"
16691,10327779848,10327779885,1,"IOTHUB_CLIENT_CONFIRMATION_OK"
16692,10327780048,10327780081,1,"IOTHUB_CLIENT_CONFIRMATION_OK"
16693,10327780249,10327780286,1,"IOTHUB_CLIENT_CONFIRMATION_OK"
16694,10327780449,10327780630,1,"IOTHUB_CLIENT_CONFIRMATION_OK"
16695,10327780649,10327780977,1,"IOTHUB_CLIENT_CONFIRMATION_OK"
16696,10327780849,10327781012,1,"IOTHUB_CLIENT_CONFIRMATION_OK"
16697,10327781049,10327781132,1,"IOTHUB_CLIENT_CONFIRMATION_OK"
16698,10327781249,10327781293,1,"IOTHUB_CLIENT_CONFIRMATION_OK"
16699,10327781450,10327781550,1,"IOTHUB_CLIENT_CONFIRMATION_OK"
16700,10327781650,10327781683,1,"IOTHUB_CLIENT_CONFIRMATION_OK"
16701,10327781850,10327781911,1,"IOTHUB_CLIENT_CONFIRMATION_OK"
16702,10327782050,10327782083,1,"IOTHUB_CLIENT_CONFIRMATION_OK"
16703,10327782250,10327782313,1,"IOTHUB_CLIENT_CONFIRMATION_OK"
16704,10327782451,10327782486,1,"IOTHUB_CLIENT_CONFIRMATION_OK"
16705,10327782651,10327782681,1,"IOTHUB_CLIENT_CONFIRMATION_OK"
16706,10327782851,10327782934,1,"IOTHUB_CLIENT_CONFIRMATION_OK"
16707,10327783051,10327783081,1,"IOTHUB_CLIENT_CONFIRMATION_OK"
16708,10327783251,10327783298,1,"IOTHUB_CLIENT_CONFIRMATION_OK"
16709,10327783451,10327783507,1,"IOTHUB_CLIENT_CONFIRMATION_OK"
16710,10327783651,10327783683,1,"IOTHUB_CLIENT_CONFIRMATION_OK"
16711,10327783852,10327783952,1,"IOTHUB_CLIENT_CONFIRMATION_OK"
16712,10327784052,10327784083,1,"IOTHUB_CLIENT_CONFIRMATION_OK"
16713,10327784252,10327784283,1,"IOTHUB_CLIENT_CONFIRMATION_OK"
16714,10327784452,10327784572,1,"IOTHUB_CLIENT_CONFIRMATION_OK"
16715,10327784652,10327784702,1,"IOTHUB_CLIENT_CONFIRMATION_OK"
16716,10327784852,10327784948,1,"IOTHUB_CLIENT_CONFIRMATION_OK"
16717,10327785053,10327785087,1,"IOTHUB_CLIENT_CONFIRMATION_OK"
16718,10327785253,10327785286,1,"IOTHUB_CLIENT_CONFIRMATION_OK"
16719,10327785453,10327785573,1,"IOTHUB_CLIENT_CONFIRMATION_OK"
16720,10327785653,10327785690,1,"IOTHUB_CLIENT_CONFIRMATION_OK"
16721,10327785854,10327785921,1,"IOTHUB_CLIENT_CONFIRMATION_OK"
16722,10327786054,10327786085,1,"IOTHUB_CLIENT_CONFIRMATION_OK"
16723,10327786254,10327786292,1,"IOTHUB_CLIENT_CONFIRMATION_OK"
16724,10327786454,10327786575,1,"IOTHUB_CLIENT_CONFIRMATION_OK"
16725,10327786654,10327786727,1,"IOTHUB_CLIENT_CONFIRMATION_OK"
16726,10327786855,10327786885,1,"IOTHUB_CLIENT_CONFIRMATION_OK"
16727,10327787055,10327787197,1,"IOTHUB_CLIENT_CONFIRMATION_OK"
16728,10327787255,10327787298,1,"IOTHUB_CLIENT_CONFIRMATION_OK"
16729,10327787455,10327787503,1,"IOTHUB_CLIENT_CONFIRMATION_OK"
16730,10327787655,10327787690,1,"IOTHUB_CLIENT_CONFIRMATION_OK"
16731,10327787856,10327787893,1,"IOTHUB_CLIENT_CONFIRMATION_OK"
16732,10327788056,10327788320,1,"IOTHUB_CLIENT_CONFIRMATION_OK"
16733,10327788256,10327788340,1,"IOTHUB_CLIENT_CONFIRMATION_OK"
16734,10327788456,10327788486,1,"IOTHUB_CLIENT_CONFIRMATION_OK"
16735,10327788656,10327788736,1,"IOTHUB_CLIENT_CONFIRMATION_OK"
16736,10327788856,10327788893,1,"IOTHUB_CLIENT_CONFIRMATION_OK"
16737,10327789056,10327789090,1,"IOTHUB_CLIENT_CONFIRMATION_OK"
16738,10327789257,10327789291,1,"IOTHUB_CLIENT_CONFIRMATION_OK"
16739,10327789457,10327789488,1,"IOTHUB_CLIENT_CONFIRMATION_OK"
16740,10327789657,10327789789,1,"IOTHUB_CLIENT_CONFIRMATION_OK"
16741,10327789857,10327789891,1,"IOTHUB_CLIENT_CONFIRMATION_OK"
16742,10327790057,10327790110,1,"IOTHUB_CLIENT_CONFIRMATION_OK"
16743,10327790257,10327790305,1,"IOTHUB_CLIENT_CONFIRMATION_OK"
16744,10327790458,10327790503,1,"IOTHUB_CLIENT_CONFIRMATION_OK"
16745,10327790658,10327790799,1,"IOTHUB_CLIENT_CONFIRMATION_OK"
16746,10327790858,10327790890,1,"IOTHUB_CLIENT_CONFIRMATION_OK"
16747,10327791058,10327791169,1,"IOTHUB_CLIENT_CONFIRMATION_OK"
16748,10327791258,10327791312,1,"IOTHUB_CLIENT_CONFIRMATION_OK"
16749,10327791458,10327791497,1,"IOTHUB_CLIENT_CONFIRMATION_OK"
16750,10327791658,10327791687,1,"IOTHUB_CLIENT_CONFIRMATION_OK"
16751,10327791859,10327791894,1,"IOTHUB_CLIENT_CONFIRMATION_OK"
16752,10327792059,10327792143,1,"IOTHUB_CLIENT_CONFIRMATION_OK"
16753,10327792259,10327792432,1,"IOTHUB_CLIENT_CONFIRMATION_OK"
16754,10327792459,10327792494,1,"IOTHUB_CLIENT_CONFIRMATION_OK"
16755,10327792659,10327792694,1,"IOTHUB_CLIENT_CONFIRMATION_OK"
16756,10327792859,10327792889,1,"IOTHUB_CLIENT_CONFIRMATION_OK"
16757,10327793060,10327793090,1,"IOTHUB_CLIENT_CONFIRMATION_OK"
16758,10327793260,10327793291,1,"IOTHUB_CLIENT_CONFIRMATION_OK"
16759,10327793460,10327793497,1,"IOTHUB_CLIENT_CONFIRMATION_OK"
16760,10327793660,10327793695,1,"IOTHUB_CLIENT_CONFIRMATION_OK"
16761,10327793860,10327793910,1,"IOTHUB_CLIENT_CONFIRMATION_OK"
16762,10327794060,10327794098,1,"IOTHUB_CLIENT_CONFIRMATION_OK"
16763,10327794261,10327794443,1,"IOTHUB_CLIENT_CONFIRMATION_OK"
16764,10327794461,10327794493,1,"IOTHUB_CLIENT_CONFIRMATION_OK"
16765,10327794661,10327794691,1,"IOTHUB_CLIENT_CONFIRMATION_OK"
16766,10327794861,10327795078,1,"IOTHUB_CLIENT_CONFIRMATION_OK"
16767,10327795061,10327795103,1,"IOTHUB_CLIENT_CONFIRMATION_OK"
16768,10327795261,10327795295,1,"IOTHUB_CLIENT_CONFIRMATION_OK"
16769,10327795461,10327795502,1,"IOTHUB_CLIENT_CONFIRMATION_OK"
16770,10327795662,10327795697,1,"IOTHUB_CLIENT_CONFIRMATION_OK"
16771,10327795862,10327795894,1,"IOTHUB_CLIENT_CONFIRMATION_OK"
16772,10327796062,10327796107,1,"IOTHUB_CLIENT_CONFIRMATION_OK"
16773,10327796262,10327796318,1,"IOTHUB_CLIENT_CONFIRMATION_OK"
16774,10327796462,10327796494,1,"IOTHUB_CLIENT_CONFIRMATION_OK"
16775,10327796662,10327796691,1,"IOTHUB_CLIENT_CONFIRMATION_OK"
16776,10327796863,10327796895,1,"IOTHUB_CLIENT_CONFIRMATION_OK"
16777,10327797063,10327797164,1,"IOTHUB_CLIENT_CONFIRMATION_OK"
16778,10327797263,10327797322,1,"IOTHUB_CLIENT_CONFIRMATION_OK"
16779,10327797463,10327797495,1,"IOTHUB_CLIENT_CONFIRMATION_OK"
16780,10327797664,10327797705,1,"IOTHUB_CLIENT_CONFIRMATION_OK"
16781,10327797864,10327797896,1,"IOTHUB_CLIENT_CONFIRMATION_OK"
16782,10327798064,10327798171,1,"IOTHUB_CLIENT_CONFIRMATION_OK"
16783,10327798264,10327798298,1,"IOTHUB_CLIENT_CONFIRMATION_OK"
16784,10327798464,10327798518,1,"IOTHUB_CLIENT_CONFIRMATION_OK"
16785,10327798664,10327798694,1,"IOTHUB_CLIENT_CONFIRMATION_OK"
16786,10327798865,10327798902,1,"IOTHUB_CLIENT_CONFIRMATION_OK"
16787,10327799065,10327799130,1,"IOTHUB_CLIENT_CONFIRMATION_OK"
16788,10327799265,10327799298,1,"IOTHUB_CLIENT_CONFIRMATION_OK"
16789,10327799465,10327799497,1,"IOTHUB_CLIENT_CONFIRMATION_OK"
16790,10327799665,10327799788,1,"IOTHUB_CLIENT_CONFIRMATION_OK"
16791,10327799865,10327799907,1,"IOTHUB_CLIENT_CONFIRMATION_OK"
16792,10327800066,10327800096,1,"IOTHUB_CLIENT_CONFIRMATION_OK"
16793,10327800266,10327800341,1,"IOTHUB_CLIENT_CONFIRMATION_OK"
16794,10327800466,10327800523,1,"IOTHUB_CLIENT_CONFIRMATION_OK"
16795,10327800666,10327800806,1,"IOTHUB_CLIENT_CONFIRMATION_OK"
16796,10327800866,10327800896,1,"IOTHUB_CLIENT_CONFIRMATION_OK"
16797,10327801067,10327801115,1,"IOTHUB_CLIENT_CONFIRMATION_OK"
16798,10327801267,10327801432,1,"IOTHUB_CLIENT_CONFIRMATION_OK"
16799,10327801467,10327801497,1,"IOTHUB_CLIENT_CONFIRMATION_OK"
16800,10327801667,10327801702,1,"IOTHUB_CLIENT_CONFIRMATION_OK"
16801,10327801867,10327801900,1,"IOTHUB_CLIENT_CONFIRMATION_OK"
16802,10327802067,10327802179,1,"IOTHUB_CLIENT_CONFIRMATION_OK"
16803,10327802267,10327802429,1,"IOTHUB_CLIENT_CONFIRMATION_OK"
16804,10327802468,10327802500,1,"IOTHUB_CLIENT_CONFIRMATION_OK"
16805,10327802668,10327802702,1,"IOTHUB_CLIENT_CONFIRMATION_OK"
16806,10327802868,10327802898,1,"IOTHUB_CLIENT_CONFIRMATION_OK"
16807,10327803068,10327803103,1,"IOTHUB_CLIENT_CONFIRMATION_OK"
16808,10327803268,10327803316,1,"IOTHUB_CLIENT_CONFIRMATION_OK"
16809,10327803468,10327803498,1,"IOTHUB_CLIENT_CONFIRMATION_OK"
16810,10327803669,10327803702,1,"IOTHUB_CLIENT_CONFIRMATION_OK"
16811,10327803869,10327804057,1,"IOTHUB_CLIENT_CONFIRMATION_OK"
16812,10327804069,10327804133,1,"IOTHUB_CLIENT_CONFIRMATION_OK"
16813,10327804269,10327804321,1,"IOTHUB_CLIENT_CONFIRMATION_OK"
16814,10327804470,10327804503,1,"IOTHUB_CLIENT_CONFIRMATION_OK"
16815,10327804670,10327804707,1,"IOTHUB_CLIENT_CONFIRMATION_OK"
16816,10327804870,10327805059,1,"IOTHUB_CLIENT_CONFIRMATION_OK"
16817,10327805070,10327805105,1,"IOTHUB_CLIENT_CONFIRMATION_OK"
16818,10327805271,10327805303,1,"IOTHUB_CLIENT_CONFIRMATION_OK"
16819,10327805471,10327805506,1,"IOTHUB_CLIENT_CONFIRMATION_OK"
16820,10327805671,10327805705,1,"IOTHUB_CLIENT_CONFIRMATION_OK"
16821,10327805871,10327805903,1,"IOTHUB_CLIENT_CONFIRMATION_OK"
16822,10327806071,10327806128,1,"IOTHUB_CLIENT_CONFIRMATION_OK"
16823,10327806271,10327806303,1,"IOTHUB_CLIENT_CONFIRMATION_OK"
16824,10327806472,10327806509,1,"IOTHUB_CLIENT_CONFIRMATION_OK"
16825,10327806672,10327806707,1,"IOTHUB_CLIENT_CONFIRMATION_OK"
16826,10327806872,10327806904,1,"IOTHUB_CLIENT_CONFIRMATION_OK"
16827,10327807072,10327807119,1,"IOTHUB_CLIENT_CONFIRMATION_OK"
16828,10327807272,10327807303,1,"IOTHUB_CLIENT_CONFIRMATION_OK"
16829,10327807472,10327807511,1,"IOTHUB_CLIENT_CONFIRMATION_OK"
16830,10327807673,10327807704,1,"IOTHUB_CLIENT_CONFIRMATION_OK"
16831,10327807873,10327807905,1,"IOTHUB_CLIENT_CONFIRMATION_OK"
16832,10327808073,10327808137,1,"IOTHUB_CLIENT_CONFIRMATION_OK"
16833,10327808273,10327808333,1,"IOTHUB_CLIENT_CONFIRMATION_OK"
16834,10327808473,10327808503,1,"IOTHUB_CLIENT_CONFIRMATION_OK"
16835,10327808674,10327808862,1,"IOTHUB_CLIENT_CONFIRMATION_OK"
16836,10327808874,10327808904,1,"IOTHUB_CLIENT_CONFIRMATION_OK"
16837,10327809074,10327809106,1,"IOTHUB_CLIENT_CONFIRMATION_OK"
16838,10327809274,10327809318,1,"IOTHUB_CLIENT_CONFIRMATION_OK"
16839,10327809474,10327809514,1,"IOTHUB_CLIENT_CONFIRMATION_OK"
16840,10327809675,10327809774,1,"IOTHUB_CLIENT_CONFIRMATION_OK"
16841,10327809875,10327809905,1,"IOTHUB_CLIENT_CONFIRMATION_OK"
16842,10327810075,10327810111,1,"IOTHUB_CLIENT_CONFIRMATION_OK"
16843,10327810275,10327810306,1,"IOTHUB_CLIENT_CONFIRMATION_OK"
16844,10327810475,10327810508,1,"IOTHUB_CLIENT_CONFIRMATION_OK"
16845,10327810676,10327810779,1,"IOTHUB_CLIENT_CONFIRMATION_OK"
16846,10327810876,10327810908,1,"IOTHUB_CLIENT_CONFIRMATION_OK"
16847,10327811076,10327811108,1,"IOTHUB_CLIENT_CONFIRMATION_OK"
16848,10327811276,10327811405,1,"IOTHUB_CLIENT_CONFIRMATION_OK"
16849,10327811476,10327811510,1,"IOTHUB_CLIENT_CONFIRMATION_OK"
16850,10327811676,10327811716,1,"IOTHUB_CLIENT_CONFIRMATION_OK"
16851,10327811877,10327811908,1,"IOTHUB_CLIENT_CONFIRMATION_OK"
16852,10327812077,10327812109,1,"IOTHUB_CLIENT_CONFIRMATION_OK"
16853,10327812277,10327812453,1,"IOTHUB_CLIENT_CONFIRMATION_OK"
16854,10327812477,10327812509,1,"IOTHUB_CLIENT_CONFIRMATION_OK"
16855,10327812677,10327812714,1,"IOTHUB_CLIENT_CONFIRMATION_OK"
16856,10327812877,10327813005,1,"IOTHUB_CLIENT_CONFIRMATION_OK"
16857,10327813078,10327813109,1,"IOTHUB_CLIENT_CONFIRMATION_OK"
16858,10327813278,10327813312,1,"IOTHUB_CLIENT_CONFIRMATION_OK"
16859,10327813478,10327813513,1,"IOTHUB_CLIENT_CONFIRMATION_OK"
16860,10327813678,10327813709,1,"IOTHUB_CLIENT_CONFIRMATION_OK"
16861,10327813878,10327813968,1,"IOTHUB_CLIENT_CONFIRMATION_OK"
16862,10327814078,10327814111,1,"IOTHUB_CLIENT_CONFIRMATION_OK"
16863,10327814279,10327814313,1,"IOTHUB_CLIENT_CONFIRMATION_OK"
16864,10327814479,10327814511,1,"IOTHUB_CLIENT_CONFIRMATION_OK"
16865,10327814679,10327814760,1,"IOTHUB_CLIENT_CONFIRMATION_OK"
16866,10327814879,10327814949,1,"IOTHUB_CLIENT_CONFIRMATION_OK"
16867,10327815079,10327815114,1,"IOTHUB_CLIENT_CONFIRMATION_OK"
16868,10327815279,10327815311,1,"IOTHUB_CLIENT_CONFIRMATION_OK"
16869,10327815480,10327815590,1,"IOTHUB_CLIENT_CONFIRMATION_OK"
16870,10327815680,10327815711,1,"IOTHUB_CLIENT_CONFIRMATION_OK"
16871,10327815880,10327815918,1,"IOTHUB_CLIENT_CONFIRMATION_OK"
16872,10327816080,10327816114,1,"IOTHUB_CLIENT_CONFIRMATION_OK"
16873,10327816280,10327816313,1,"IOTHUB_CLIENT_CONFIRMATION_OK"
16874,10327816480,10327816624,1,"IOTHUB_CLIENT_CONFIRMATION_OK"
16875,10327816681,10327816714,1,"IOTHUB_CLIENT_CONFIRMATION_OK"
16876,10327816881,10327816937,1,"IOTHUB_CLIENT_CONFIRMATION_OK"
16877,10327817081,10327817128,1,"IOTHUB_CLIENT_CONFIRMATION_OK"
16878,10327817281,10327817355,1,"IOTHUB_CLIENT_CONFIRMATION_OK"
16879,10327817481,10327817519,1,"IOTHUB_CLIENT_CONFIRMATION_OK"
16880,10327817682,10327817718,1,"IOTHUB_CLIENT_CONFIRMATION_OK"
16881,10327817882,10327817911,1,"IOTHUB_CLIENT_CONFIRMATION_OK"
16882,10327818082,10327818252,1,"IOTHUB_CLIENT_CONFIRMATION_OK"
16883,10327818282,10327818314,1,"IOTHUB_CLIENT_CONFIRMATION_OK"
16884,10327818483,10327818516,1,"IOTHUB_CLIENT_CONFIRMATION_OK"
16885,10327818683,10327818713,1,"IOTHUB_CLIENT_CONFIRMATION_OK"
16886,10327818883,10327818918,1,"IOTHUB_CLIENT_CONFIRMATION_OK"
16887,10327819083,10327819123,1,"IOTHUB_CLIENT_CONFIRMATION_OK"
16888,10327819283,10327819316,1,"IOTHUB_CLIENT_CONFIRMATION_OK"
16889,10327819484,10327819669,1,"IOTHUB_CLIENT_CONFIRMATION_OK"
16890,10327819684,10327819723,1,"IOTHUB_CLIENT_CONFIRMATION_OK"
16891,10327819884,10327819914,1,"IOTHUB_CLIENT_CONFIRMATION_OK"
16892,10327820084,10327820178,1,"IOTHUB_CLIENT_CONFIRMATION_OK"
16893,10327820284,10327820317,1,"IOTHUB_CLIENT_CONFIRMATION_OK"
16894,10327820484,10327820515,1,"IOTHUB_CLIENT_CONFIRMATION_OK"
16895,10327820685,10327820876,1,"IOTHUB_CLIENT_CONFIRMATION_OK"
16896,10327820885,10327820940,1,"IOTHUB_CLIENT_CONFIRMATION_OK"
16897,10327821085,10327821118,1,"IOTHUB_CLIENT_CONFIRMATION_OK"
16898,10327821285,10327821406,1,"IOTHUB_CLIENT_CONFIRMATION_OK"
16899,10327821486,10327821590,1,"IOTHUB_CLIENT_CONFIRMATION_OK"
16900,10327821686,10327821714,1,"IOTHUB_CLIENT_CONFIRMATION_OK"
16901,10327821886,10327821918,1,"IOTHUB_CLIENT_CONFIRMATION_OK"
16902,10327822086,10327822118,1,"IOTHUB_CLIENT_CONFIRMATION_OK"
16903,10327822286,10327822425,1,"IOTHUB_CLIENT_CONFIRMATION_OK"
16904,10327822486,10327822530,1,"IOTHUB_CLIENT_CONFIRMATION_OK"
16905,10327822687,10327822717,1,"IOTHUB_CLIENT_CONFIRMATION_OK"
16906,10327822887,10327822919,1,"IOTHUB_CLIENT_CONFIRMATION_OK"
16907,10327823087,10327823123,1,"IOTHUB_CLIENT_CONFIRMATION_OK"
16908,10327823287,10327823428,1,"IOTHUB_CLIENT_CONFIRMATION_OK"
16909,10327823487,10327823529,1,"IOTHUB_CLIENT_CONFIRMATION_OK"
16910,10327823687,10327823720,1,"IOTHUB_CLIENT_CONFIRMATION_OK"
16911,10327823887,10327824068,1,"IOTHUB_CLIENT_CONFIRMATION_OK"
16912,10327824088,10327824117,1,"IOTHUB_CLIENT_CONFIRMATION_OK"
16913,10327824288,10327824318,1,"IOTHUB_CLIENT_CONFIRMATION_OK"
16914,10327824488,10327824518,1,"IOTHUB_CLIENT_CONFIRMATION_OK"
16915,10327824688,10327824722,1,"IOTHUB_CLIENT_CONFIRMATION_OK"
16916,10327824888,10327825052,1,"IOTHUB_CLIENT_CONFIRMATION_OK"
16917,10327825088,10327825120,1,"IOTHUB_CLIENT_CONFIRMATION_OK"
16918,10327825288,10327825321,1,"IOTHUB_CLIENT_CONFIRMATION_OK"
16919,10327825489,10327825521,1,"IOTHUB_CLIENT_CONFIRMATION_OK"
16920,10327825689,10327825736,1,"IOTHUB_CLIENT_CONFIRMATION_OK"
16921,10327825889,10327825920,1,"IOTHUB_CLIENT_CONFIRMATION_OK"
16922,10327826089,10327826124,1,"IOTHUB_CLIENT_CONFIRMATION_OK"
16923,10327826289,10327826318,1,"IOTHUB_CLIENT_CONFIRMATION_OK"
16924,10327826490,10327826518,1,"IOTHUB_CLIENT_CONFIRMATION_OK"
16925,10327826690,10327826726,1,"IOTHUB_CLIENT_CONFIRMATION_OK"
16926,10327826890,10327826921,1,"IOTHUB_CLIENT_CONFIRMATION_OK"
16927,10327827090,10327827133,1,"IOTHUB_CLIENT_CONFIRMATION_OK"
16928,10327827290,10327827327,1,"IOTHUB_CLIENT_CONFIRMATION_OK"
16929,10327827491,10327827524,1,"IOTHUB_CLIENT_CONFIRMATION_OK"
16930,10327827691,10327827742,1,"IOTHUB_CLIENT_CONFIRMATION_OK"
16931,10327827891,10327827921,1,"IOTHUB_CLIENT_CONFIRMATION_OK"
16932,10327828091,10327828145,1,"IOTHUB_CLIENT_CONFIRMATION_OK"
16933,10327828291,10327828320,1,"IOTHUB_CLIENT_CONFIRMATION_OK"
16934,10327828491,10327828522,1,"IOTHUB_CLIENT_CONFIRMATION_OK"
16935,10327828691,10327828757,1,"IOTHUB_CLIENT_CONFIRMATION_OK"
16936,10327828892,10327828925,1,"IOTHUB_CLIENT_CONFIRMATION_OK"
16937,10327829092,10327829129,1,"IOTHUB_CLIENT_CONFIRMATION_OK"
16938,10327829292,10327829336,1,"IOTHUB_CLIENT_CONFIRMATION_OK"
16939,10327829492,10327829554,1,"IOTHUB_CLIENT_CONFIRMATION_OK"
16940,10327829692,10327829778,1,"IOTHUB_CLIENT_CONFIRMATION_OK"
16941,10327829892,10327829948,1,"IOTHUB_CLIENT_CONFIRMATION_OK"
16942,10327830093,10327830131,1,"IOTHUB_CLIENT_CONFIRMATION_OK"
16943,10327830293,10327830382,1,"IOTHUB_CLIENT_CONFIRMATION_OK"
16944,10327830493,10327830530,1,"IOTHUB_CLIENT_CONFIRMATION_OK"
16945,10327830693,10327830790,1,"IOTHUB_CLIENT_CONFIRMATION_OK"
16946,10327830893,10327830926,1,"IOTHUB_CLIENT_CONFIRMATION_OK"
16947,10327831093,10327831126,1,"IOTHUB_CLIENT_CONFIRMATION_OK"
16948,10327831293,10327831420,1,"IOTHUB_CLIENT_CONFIRMATION_OK"
16949,10327831494,10327831568,1,"IOTHUB_CLIENT_CONFIRMATION_OK"
16950,10327831694,10327831729,1,"IOTHUB_CLIENT_CONFIRMATION_OK"
16951,10327831894,10327831930,1,"IOTHUB_CLIENT_CONFIRMATION_OK"
16952,10327832094,10327832124,1,"IOTHUB_CLIENT_CONFIRMATION_OK"
16953,10327832294,10327832407,1,"IOTHUB_CLIENT_CONFIRMATION_OK"
16954,10327832494,10327832526,1,"IOTHUB_CLIENT_CONFIRMATION_OK"
16955,10327832695,10327832725,1,"IOTHUB_CLIENT_CONFIRMATION_OK"
16956,10327832895,10327832963,1,"IOTHUB_CLIENT_CONFIRMATION_OK"
16957,10327833095,10327833148,1,"IOTHUB_CLIENT_CONFIRMATION_OK"
16958,10327833295,10327833326,1,"IOTHUB_CLIENT_CONFIRMATION_OK"
16959,10327833495,10327833694,1,"IOTHUB_CLIENT_CONFIRMATION_OK"
16960,10327833695,10327833725,1,"IOTHUB_CLIENT_CONFIRMATION_OK"
16961,10327833896,10327833935,1,"IOTHUB_CLIENT_CONFIRMATION_OK"
16962,10327834096,10327834127,1,"IOTHUB_CLIENT_CONFIRMATION_OK"
16963,10327834296,10327834330,1,"IOTHUB_CLIENT_CONFIRMATION_OK"
16964,10327834496,10327834617,1,"IOTHUB_CLIENT_CONFIRMATION_OK"
16965,10327834696,10327834735,1,"IOTHUB_CLIENT_CONFIRMATION_OK"
16966,10327834897,10327834927,1,"IOTHUB_CLIENT_CONFIRMATION_OK"
16967,10327835097,10327835134,1,"IOTHUB_CLIENT_CONFIRMATION_OK"
16968,10327835297,10327835335,1,"IOTHUB_CLIENT_CONFIRMATION_OK"
16969,10327835497,10327835542,1,"IOTHUB_CLIENT_CONFIRMATION_OK"
16970,10327835697,10327835829,1,"IOTHUB_CLIENT_CONFIRMATION_OK"
16971,10327835897,10327835934,1,"IOTHUB_CLIENT_CONFIRMATION_OK"
16972,10327836097,10327836138,1,"IOTHUB_CLIENT_CONFIRMATION_OK"
16973,10327836298,10327836327,1,"IOTHUB_CLIENT_CONFIRMATION_OK"
16974,10327836498,10327836530,1,"IOTHUB_CLIENT_CONFIRMATION_OK"
16975,10327836698,10327836730,1,"IOTHUB_CLIENT_CONFIRMATION_OK"
16976,10327836898,10327836934,1,"IOTHUB_CLIENT_CONFIRMATION_OK"
16977,10327837098,10327837152,1,"IOTHUB_CLIENT_CONFIRMATION_OK"
16978,10327837298,10327837329,1,"IOTHUB_CLIENT_CONFIRMATION_OK"
16979,10327837499,10327837534,1,"IOTHUB_CLIENT_CONFIRMATION_OK"
16980,10327837699,10327837737,1,"IOTHUB_CLIENT_CONFIRMATION_OK"
16981,10327837899,10327837932,1,"IOTHUB_CLIENT_CONFIRMATION_OK"
16982,10327838099,10327838195,1,"IOTHUB_CLIENT_CONFIRMATION_OK"
16983,10327838299,10327838332,1,"IOTHUB_CLIENT_CONFIRMATION_OK"
16984,10327838500,10327838550,1,"IOTHUB_CLIENT_CONFIRMATION_OK"
16985,10327838700,10327838832,1,"IOTHUB_CLIENT_CONFIRMATION_OK"
16986,10327838900,10327838948,1,"IOTHUB_CLIENT_CONFIRMATION_OK"
16987,10327839100,10327839147,1,"IOTHUB_CLIENT_CONFIRMATION_OK"
16988,10327839300,10327839339,1,"IOTHUB_CLIENT_CONFIRMATION_OK"
16989,10327839500,10327839540,1,"IOTHUB_CLIENT_CONFIRMATION_OK"
16990,10327839700,10327839845,1,"IOTHUB_CLIENT_CONFIRMATION_OK"
16991,10327839901,10327839934,1,"IOTHUB_CLIENT_CONFIRMATION_OK"
16992,10327840101,10327840135,1,"IOTHUB_CLIENT_CONFIRMATION_OK"
16993,10327840301,10327840330,1,"IOTHUB_CLIENT_CONFIRMATION_OK"
16994,10327840501,10327840558,1,"IOTHUB_CLIENT_CONFIRMATION_OK"
16995,10327840701,10327840869,1,"IOTHUB_CLIENT_CONFIRMATION_OK"
16996,10327840901,10327840938,1,"IOTHUB_CLIENT_CONFIRMATION_OK"
16997,10327841101,10327841132,1,"IOTHUB_CLIENT_CONFIRMATION_OK"
16998,10327841302,10327841333,1,"IOTHUB_CLIENT_CONFIRMATION_OK"
16999,10327841502,10327841534,1,"IOTHUB_CLIENT_CONFIRMATION_OK"
17000,10327841702,10327841732,1,"IOTHUB_CLIENT_CONFIRMATION_OK"
17001,10327841902,10327841935,1,"IOTHUB_CLIENT_CONFIRMATION_OK"
17002,10327842102,10327842138,1,"IOTHUB_CLIENT_CONFIRMATION_OK"
17003,10327842302,10327842481,1,"IOTHUB_CLIENT_CONFIRMATION_OK"
17004,10327842503,10327842533,1,"IOTHUB_CLIENT_CONFIRMATION_OK"
17005,10327842703,10327842733,1,"IOTHUB_CLIENT_CONFIRMATION_OK"
17006,10327842903,10327842935,1,"IOTHUB_CLIENT_CONFIRMATION_OK"
17007,10327843103,10327843137,1,"IOTHUB_CLIENT_CONFIRMATION_OK"
17008,10327843303,10327843339,1,"IOTHUB_CLIENT_CONFIRMATION_OK"
17009,10327843503,10327843536,1,"IOTHUB_CLIENT_CONFIRMATION_OK"
17010,10327843704,10327843829,1,"IOTHUB_CLIENT_CONFIRMATION_OK"
17011,10327843904,10327843934,1,"IOTHUB_CLIENT_CONFIRMATION_OK"
17012,10327844104,10327844134,1,"IOTHUB_CLIENT_CONFIRMATION_OK"
17013,10327844304,10327844336,1,"IOTHUB_CLIENT_CONFIRMATION_OK"
17014,10327844504,10327844547,1,"IOTHUB_CLIENT_CONFIRMATION_OK"
17015,10327844704,10327844752,1,"IOTHUB_CLIENT_CONFIRMATION_OK"
17016,10327844904,10327844966,1,"IOTHUB_CLIENT_CONFIRMATION_OK"
17017,10327845105,10327845147,1,"IOTHUB_CLIENT_CONFIRMATION_OK"
17018,10327845305,10327845338,1,"IOTHUB_CLIENT_CONFIRMATION_OK"
17019,10327845505,10327845544,1,"IOTHUB_CLIENT_CONFIRMATION_OK"
17020,10327845705,10327845738,1,"IOTHUB_CLIENT_CONFIRMATION_OK"
17021,10327845906,10327845940,1,"IOTHUB_CLIENT_CONFIRMATION_OK"
17022,10327846106,10327846188,1,"IOTHUB_CLIENT_CONFIRMATION_OK"
17023,10327846306,10327846343,1,"IOTHUB_CLIENT_CONFIRMATION_OK"
17024,10327846506,10327846563,1,"IOTHUB_CLIENT_CONFIRMATION_OK"
17025,10327846706,10327846739,1,"IOTHUB_CLIENT_CONFIRMATION_OK"
17026,10327846906,10327846971,1,"IOTHUB_CLIENT_CONFIRMATION_OK"
17027,10327847107,10327847199,1,"IOTHUB_CLIENT_CONFIRMATION_OK"
17028,10327847307,10327847360,1,"IOTHUB_CLIENT_CONFIRMATION_OK"
17029,10327847507,10327847568,1,"IOTHUB_CLIENT_CONFIRMATION_OK"
17030,10327847707,10327847763,1,"IOTHUB_CLIENT_CONFIRMATION_OK"
17031,10327847907,10327847978,1,"IOTHUB_CLIENT_CONFIRMATION_OK"
17032,10327848108,10327848202,1,"IOTHUB_CLIENT_CONFIRMATION_OK"
17033,10327848308,10327848339,1,"IOTHUB_CLIENT_CONFIRMATION_OK"
17034,10327848508,10327848542,1,"IOTHUB_CLIENT_CONFIRMATION_OK"
17035,10327848708,10327848821,1,"IOTHUB_CLIENT_CONFIRMATION_OK"
17036,10327848908,10327848941,1,"IOTHUB_CLIENT_CONFIRMATION_OK"
17037,10327849109,10327849141,1,"IOTHUB_CLIENT_CONFIRMATION_OK"
17038,10327849309,10327849339,1,"IOTHUB_CLIENT_CONFIRMATION_OK"
17039,10327849509,10327849539,1,"IOTHUB_CLIENT_CONFIRMATION_OK"
17040,10327849709,10327849855,1,"IOTHUB_CLIENT_CONFIRMATION_OK"
17041,10327849909,10327850073,1,"IOTHUB_CLIENT_CONFIRMATION_OK"
17042,10327850109,10327850143,1,"IOTHUB_CLIENT_CONFIRMATION_OK"
17043,10327850309,10327850340,1,"IOTHUB_CLIENT_CONFIRMATION_OK"
17044,10327850510,10327850539,1,"IOTHUB_CLIENT_CONFIRMATION_OK"
17045,10327850710,10327850848,1,"IOTHUB_CLIENT_CONFIRMATION_OK"
17046,10327850910,10327850944,1,"IOTHUB_CLIENT_CONFIRMATION_OK"
17047,10327851110,10327851153,1,"IOTHUB_CLIENT_CONFIRMATION_OK"
17048,10327851310,10327851341,1,"IOTHUB_CLIENT_CONFIRMATION_OK"
17049,10327851510,10327851543,1,"IOTHUB_CLIENT_CONFIRMATION_OK"
17050,10327851710,10327851741,1,"IOTHUB_CLIENT_CONFIRMATION_OK"
17051,10327851911,10327851941,1,"IOTHUB_CLIENT_CONFIRMATION_OK"
17052,10327852111,10327852152,1,"IOTHUB_CLIENT_CONFIRMATION_OK"
17053,10327852311,10327852494,1,"IOTHUB_CLIENT_CONFIRMATION_OK"
17054,10327852511,10327852550,1,"IOTHUB_CLIENT_CONFIRMATION_OK"
17055,10327852711,10327852760,1,"IOTHUB_CLIENT_CONFIRMATION_OK"
17056,10327852912,10327852945,1,"IOTHUB_CLIENT_CONFIRMATION_OK"
17057,10327853112,10327853154,1,"IOTHUB_CLIENT_CONFIRMATION_OK"
17058,10327853312,10327853344,1,"IOTHUB_CLIENT_CONFIRMATION_OK"
17059,10327853512,10327853547,1,"IOTHUB_CLIENT_CONFIRMATION_OK"
17060,10327853712,10327853743,1,"IOTHUB_CLIENT_CONFIRMATION_OK"
17061,10327853912,10327853945,1,"IOTHUB_CLIENT_CONFIRMATION_OK"
17062,10327854112,10327854148,1,"IOTHUB_CLIENT_CONFIRMATION_OK"
17063,10327854313,10327854342,1,"IOTHUB_CLIENT_CONFIRMATION_OK"
17064,10327854513,10327854542,1,"IOTHUB_CLIENT_CONFIRMATION_OK"
17065,10327854713,10327854748,1,"IOTHUB_CLIENT_CONFIRMATION_OK"
17066,10327854913,10327855112,1,"IOTHUB_CLIENT_CONFIRMATION_OK"
17067,10327855113,10327855166,1,"IOTHUB_CLIENT_CONFIRMATION_OK"
17068,10327855313,10327855353,1,"IOTHUB_CLIENT_CONFIRMATION_OK"
17069,10327855514,10327855550,1,"IOTHUB_CLIENT_CONFIRMATION_OK"
17070,10327855714,10327855742,1,"IOTHUB_CLIENT_CONFIRMATION_OK"
17071,10327855914,10327855947,1,"IOTHUB_CLIENT_CONFIRMATION_OK"
17072,10327856114,10327856157,1,"IOTHUB_CLIENT_CONFIRMATION_OK"
17073,10327856314,10327856351,1,"IOTHUB_CLIENT_CONFIRMATION_OK"
17074,10327856514,10327856550,1,"IOTHUB_CLIENT_CONFIRMATION_OK"
17075,10327856715,10327856772,1,"IOTHUB_CLIENT_CONFIRMATION_OK"
17076,10327856915,10327856959,1,"IOTHUB_CLIENT_CONFIRMATION_OK"
17077,10327857115,10327857164,1,"IOTHUB_CLIENT_CONFIRMATION_OK"
17078,10327857315,10327857349,1,"IOTHUB_CLIENT_CONFIRMATION_OK"
17079,10327857516,10327857548,1,"IOTHUB_CLIENT_CONFIRMATION_OK"
17080,10327857716,10327857763,1,"IOTHUB_CLIENT_CONFIRMATION_OK"
17081,10327857916,10327857955,1,"IOTHUB_CLIENT_CONFIRMATION_OK"
17082,10327858116,10327858184,1,"IOTHUB_CLIENT_CONFIRMATION_OK"
17083,10327858316,10327858353,1,"IOTHUB_CLIENT_CONFIRMATION_OK"
17084,10327858516,10327858546,1,"IOTHUB_CLIENT_CONFIRMATION_OK"
17085,10327858717,10327858784,1,"IOTHUB_CLIENT_CONFIRMATION_OK"
17086,10327858917,10327858955,1,"IOTHUB_CLIENT_CONFIRMATION_OK"
17087,10327859117,10327859150,1,"IOTHUB_CLIENT_CONFIRMATION_OK"
17088,10327859317,10327859349,1,"IOTHUB_CLIENT_CONFIRMATION_OK"
17089,10327859517,10327859556,1,"IOTHUB_CLIENT_CONFIRMATION_OK"
17090,10327859717,10327859826,1,"IOTHUB_CLIENT_CONFIRMATION_OK"
17091,10327859918,10327859962,1,"IOTHUB_CLIENT_CONFIRMATION_OK"
17092,10327860118,10327860152,1,"IOTHUB_CLIENT_CONFIRMATION_OK"
17093,10327860318,10327860368,1,"IOTHUB_CLIENT_CONFIRMATION_OK"
17094,10327860518,10327860553,1,"IOTHUB_CLIENT_CONFIRMATION_OK"
17095,10327860718,10327860820,1,"IOTHUB_CLIENT_CONFIRMATION_OK"
17096,10327860918,10327860969,1,"IOTHUB_CLIENT_CONFIRMATION_OK"
17097,10327861118,10327861156,1,"IOTHUB_CLIENT_CONFIRMATION_OK"
17098,10327861319,10327861450,1,"IOTHUB_CLIENT_CONFIRMATION_OK"
17099,10327861519,10327861550,1,"IOTHUB_CLIENT_CONFIRMATION_OK"
17100,10327861719,10327861751,1,"IOTHUB_CLIENT_CONFIRMATION_OK"
17101,10327861919,10327861958,1,"IOTHUB_CLIENT_CONFIRMATION_OK"
17102,10327862119,10327862150,1,"IOTHUB_CLIENT_CONFIRMATION_OK"
17103,10327862319,10327862505,1,"IOTHUB_CLIENT_CONFIRMATION_OK"
17104,10327862520,10327862554,1,"IOTHUB_CLIENT_CONFIRMATION_OK"
17105,10327862720,10327862749,1,"IOTHUB_CLIENT_CONFIRMATION_OK"
17106,10327862920,10327863005,1,"IOTHUB_CLIENT_CONFIRMATION_OK"
17107,10327863120,10327863159,1,"IOTHUB_CLIENT_CONFIRMATION_OK"
17108,10327863320,10327863349,1,"IOTHUB_CLIENT_CONFIRMATION_OK"
17109,10327863521,10327863558,1,"IOTHUB_CLIENT_CONFIRMATION_OK"
17110,10327863721,10327863757,1,"IOTHUB_CLIENT_CONFIRMATION_OK"
17111,10327863921,10327863965,1,"IOTHUB_CLIENT_CONFIRMATION_OK"
17112,10327864121,10327864196,1,"IOTHUB_CLIENT_CONFIRMATION_OK"
17113,10327864321,10327864375,1,"IOTHUB_CLIENT_CONFIRMATION_OK"
17114,10327864522,10327864636,1,"IOTHUB_CLIENT_CONFIRMATION_OK"
17115,10327864722,10327864794,1,"IOTHUB_CLIENT_CONFIRMATION_OK"
17116,10327864922,10327864960,1,"IOTHUB_CLIENT_CONFIRMATION_OK"
17117,10327865122,10327865155,1,"IOTHUB_CLIENT_CONFIRMATION_OK"
17118,10327865322,10327865357,1,"IOTHUB_CLIENT_CONFIRMATION_OK"
17119,10327865522,10327865577,1,"IOTHUB_CLIENT_CONFIRMATION_OK"
17120,10327865722,10327865759,1,"IOTHUB_CLIENT_CONFIRMATION_OK"
17121,10327865923,10327865954,1,"IOTHUB_CLIENT_CONFIRMATION_OK"
17122,10327866123,10327866176,1,"IOTHUB_CLIENT_CONFIRMATION_OK"
17123,10327866323,10327866353,1,"IOTHUB_CLIENT_CONFIRMATION_OK"
17124,10327866523,10327866604,1,"IOTHUB_CLIENT_CONFIRMATION_OK"
17125,10327866723,10327866756,1,"IOTHUB_CLIENT_CONFIRMATION_OK"
17126,10327866923,10327866966,1,"IOTHUB_CLIENT_CONFIRMATION_OK"
17127,10327867124,10327867235,1,"IOTHUB_CLIENT_CONFIRMATION_OK"
17128,10327867324,10327867358,1,"IOTHUB_CLIENT_CONFIRMATION_OK"
17129,10327867524,10327867554,1,"IOTHUB_CLIENT_CONFIRMATION_OK"
17130,10327867724,10327867774,1,"IOTHUB_CLIENT_CONFIRMATION_OK"
17131,10327867924,10327867959,1,"IOTHUB_CLIENT_CONFIRMATION_OK"
17132,10327868124,10327868302,1,"IOTHUB_CLIENT_CONFIRMATION_OK"
17133,10327868324,10327868427,1,"IOTHUB_CLIENT_CONFIRMATION_OK"
17134,10327868525,10327868558,1,"IOTHUB_CLIENT_CONFIRMATION_OK"
17135,10327868725,10327868759,1,"IOTHUB_CLIENT_CONFIRMATION_OK"
17136,10327868925,10327868970,1,"IOTHUB_CLIENT_CONFIRMATION_OK"
17137,10327869125,10327869160,1,"IOTHUB_CLIENT_CONFIRMATION_OK"
17138,10327869325,10327869359,1,"IOTHUB_CLIENT_CONFIRMATION_OK"
17139,10327869525,10327869559,1,"IOTHUB_CLIENT_CONFIRMATION_OK"
17140,10327869726,10327869756,1,"IOTHUB_CLIENT_CONFIRMATION_OK"
17141,10327869926,10327869961,1,"IOTHUB_CLIENT_CONFIRMATION_OK"
17142,10327870126,10327870175,1,"IOTHUB_CLIENT_CONFIRMATION_OK"
17143,10327870326,10327870371,1,"IOTHUB_CLIENT_CONFIRMATION_OK"
17144,10327870526,10327870562,1,"IOTHUB_CLIENT_CONFIRMATION_OK"
17145,10327870726,10327870762,1,"IOTHUB_CLIENT_CONFIRMATION_OK"
17146,10327870926,10327870960,1,"IOTHUB_CLIENT_CONFIRMATION_OK"
17147,10327871127,10327871169,1,"IOTHUB_CLIENT_CONFIRMATION_OK"
17148,10327871327,10327871396,1,"IOTHUB_CLIENT_CONFIRMATION_OK"
17149,10327871527,10327871561,1,"IOTHUB_CLIENT_CONFIRMATION_OK"
17150,10327871727,10327871761,1,"IOTHUB_CLIENT_CONFIRMATION_OK"
17151,10327871927,10327871977,1,"IOTHUB_CLIENT_CONFIRMATION_OK"
17152,10327872127,10327872159,1,"IOTHUB_CLIENT_CONFIRMATION_OK"
17153,10327872328,10327872397,1,"IOTHUB_CLIENT_CONFIRMATION_OK"
17154,10327872528,10327872576,1,"IOTHUB_CLIENT_CONFIRMATION_OK"
17155,10327872728,10327872762,1,"IOTHUB_CLIENT_CONFIRMATION_OK"
17156,10327872928,10327873028,1,"IOTHUB_CLIENT_CONFIRMATION_OK"
17157,10327873128,10327873164,1,"IOTHUB_CLIENT_CONFIRMATION_OK"
17158,10327873328,10327873370,1,"IOTHUB_CLIENT_CONFIRMATION_OK"
17159,10327873528,10327873571,1,"IOTHUB_CLIENT_CONFIRMATION_OK"
17160,10327873729,10327873761,1,"IOTHUB_CLIENT_CONFIRMATION_OK"
17161,10327873929,10327874051,1,"IOTHUB_CLIENT_CONFIRMATION_OK"
17162,10327874129,10327874180,1,"IOTHUB_CLIENT_CONFIRMATION_OK"
17163,10327874329,10327874364,1,"IOTHUB_CLIENT_CONFIRMATION_OK"
17164,10327874529,10327874568,1,"IOTHUB_CLIENT_CONFIRMATION_OK"
17165,10327874729,10327874762,1,"IOTHUB_CLIENT_CONFIRMATION_OK"
17166,10327874930,10327874967,1,"IOTHUB_CLIENT_CONFIRMATION_OK"
17167,10327875130,10327875167,1,"IOTHUB_CLIENT_CONFIRMATION_OK"
17168,10327875330,10327875385,1,"IOTHUB_CLIENT_CONFIRMATION_OK"
17169,10327875530,10327875706,1,"IOTHUB_CLIENT_CONFIRMATION_OK"
17170,10327875730,10327875764,1,"IOTHUB_CLIENT_CONFIRMATION_OK"
17171,10327875930,10327875961,1,"IOTHUB_CLIENT_CONFIRMATION_OK"
17172,10327876130,10327876165,1,"IOTHUB_CLIENT_CONFIRMATION_OK"
17173,10327876331,10327876362,1,"IOTHUB_CLIENT_CONFIRMATION_OK"
17174,10327876531,10327876842,1,"IOTHUB_CLIENT_CONFIRMATION_OK"
17175,10327876731,10327876871,1,"IOTHUB_CLIENT_CONFIRMATION_OK"
17176,10327876931,10327877202,1,"IOTHUB_CLIENT_CONFIRMATION_OK"
17177,10327877131,10327877263,1,"IOTHUB_CLIENT_CONFIRMATION_OK"
17178,10327877332,10327877364,1,"IOTHUB_CLIENT_CONFIRMATION_OK"
17179,10327877532,10327877566,1,"IOTHUB_CLIENT_CONFIRMATION_OK"
17180,10327877732,10327877777,1,"IOTHUB_CLIENT_CONFIRMATION_OK"
17181,10327877932,10327877968,1,"IOTHUB_CLIENT_CONFIRMATION_OK"
17182,10327878132,10327878278,1,"IOTHUB_CLIENT_CONFIRMATION_OK"
17183,10327878332,10327878370,1,"IOTHUB_CLIENT_CONFIRMATION_OK"
17184,10327878533,10327878567,1,"IOTHUB_CLIENT_CONFIRMATION_OK"
17185,10327878733,10327878771,1,"IOTHUB_CLIENT_CONFIRMATION_OK"
17186,10327878933,10327878971,1,"IOTHUB_CLIENT_CONFIRMATION_OK"
17187,10327879133,10327879184,1,"IOTHUB_CLIENT_CONFIRMATION_OK"
17188,10327879333,10327879373,1,"IOTHUB_CLIENT_CONFIRMATION_OK"
17189,10327879533,10327879564,1,"IOTHUB_CLIENT_CONFIRMATION_OK"
17190,10327879734,10327879951,1,"IOTHUB_CLIENT_CONFIRMATION_OK"
17191,10327879934,10327879971,1,"IOTHUB_CLIENT_CONFIRMATION_OK"
17192,10327880134,10327880164,1,"IOTHUB_CLIENT_CONFIRMATION_OK"
17193,10327880334,10327880372,1,"IOTHUB_CLIENT_CONFIRMATION_OK"
17194,10327880534,10327880587,1,"IOTHUB_CLIENT_CONFIRMATION_OK"
17195,10327880734,10327880945,1,"IOTHUB_CLIENT_CONFIRMATION_OK"
17196,10327880935,10327880965,1,"IOTHUB_CLIENT_CONFIRMATION_OK"
17197,10327881135,10327881186,1,"IOTHUB_CLIENT_CONFIRMATION_OK"
17198,10327881335,10327881400,1,"IOTHUB_CLIENT_CONFIRMATION_OK"
17199,10327881535,10327881565,1,"IOTHUB_CLIENT_CONFIRMATION_OK"
17200,10327881735,10327881767,1,"IOTHUB_CLIENT_CONFIRMATION_OK"
17201,10327881935,10327881977,1,"IOTHUB_CLIENT_CONFIRMATION_OK"
17202,10327882135,10327882168,1,"IOTHUB_CLIENT_CONFIRMATION_OK"
17203,10327882336,10327882368,1,"IOTHUB_CLIENT_CONFIRMATION_OK"
17204,10327882536,10327882570,1,"IOTHUB_CLIENT_CONFIRMATION_OK"
17205,10327882736,10327882775,1,"IOTHUB_CLIENT_CONFIRMATION_OK"
17206,10327882936,10327883006,1,"IOTHUB_CLIENT_CONFIRMATION_OK"
17207,10327883136,10327883190,1,"IOTHUB_CLIENT_CONFIRMATION_OK"
17208,10327883337,10327883373,1,"IOTHUB_CLIENT_CONFIRMATION_OK"
17209,10327883537,10327883591,1,"IOTHUB_CLIENT_CONFIRMATION_OK"
17210,10327883737,10327883781,1,"IOTHUB_CLIENT_CONFIRMATION_OK"
17211,10327883937,10327884019,1,"IOTHUB_CLIENT_CONFIRMATION_OK"
17212,10327884137,10327884167,1,"IOTHUB_CLIENT_CONFIRMATION_OK"
17213,10327884338,10327884375,1,"IOTHUB_CLIENT_CONFIRMATION_OK"
17214,10327884538,10327884630,1,"IOTHUB_CLIENT_CONFIRMATION_OK"
17215,10327884738,10327884770,1,"IOTHUB_CLIENT_CONFIRMATION_OK"
17216,10327884938,10327885027,1,"IOTHUB_CLIENT_CONFIRMATION_OK"
17217,10327885138,10327885172,1,"IOTHUB_CLIENT_CONFIRMATION_OK"
17218,10327885338,10327885371,1,"IOTHUB_CLIENT_CONFIRMATION_OK"
17219,10327885539,10327885663,1,"IOTHUB_CLIENT_CONFIRMATION_OK"
17220,10327885739,10327885784,1,"IOTHUB_CLIENT_CONFIRMATION_OK"
17221,10327885939,10327885971,1,"IOTHUB_CLIENT_CONFIRMATION_OK"
17222,10327886139,10327886173,1,"IOTHUB_CLIENT_CONFIRMATION_OK"
17223,10327886339,10327886371,1,"IOTHUB_CLIENT_CONFIRMATION_OK"
17224,10327886539,10327886652,1,"IOTHUB_CLIENT_CONFIRMATION_OK"
17225,10327886739,10327887038,1,"IOTHUB_CLIENT_CONFIRMATION_OK"
17226,10327886940,10327887076,1,"IOTHUB_CLIENT_CONFIRMATION_OK"
17227,10327887140,10327887311,1,"IOTHUB_CLIENT_CONFIRMATION_OK"
17228,10327887340,10327887379,1,"IOTHUB_CLIENT_CONFIRMATION_OK"
17229,10327887540,10327887578,1,"IOTHUB_CLIENT_CONFIRMATION_OK"
17230,10327887740,10327887778,1,"IOTHUB_CLIENT_CONFIRMATION_OK"
17231,10327887940,10327887976,1,"IOTHUB_CLIENT_CONFIRMATION_OK"
17232,10327888141,10327888332,1,"IOTHUB_CLIENT_CONFIRMATION_OK"
17233,10327888341,10327888374,1,"IOTHUB_CLIENT_CONFIRMATION_OK"
17234,10327888541,10327888579,1,"IOTHUB_CLIENT_CONFIRMATION_OK"
17235,10327888741,10327888774,1,"IOTHUB_CLIENT_CONFIRMATION_OK"
17236,10327888941,10327888974,1,"IOTHUB_CLIENT_CONFIRMATION_OK"
17237,10327889141,10327889172,1,"IOTHUB_CLIENT_CONFIRMATION_OK"
17238,10327889341,10327889378,1,"IOTHUB_CLIENT_CONFIRMATION_OK"
17239,10327889542,10327889596,1,"IOTHUB_CLIENT_CONFIRMATION_OK"
17240,10327889742,10327889776,1,"IOTHUB_CLIENT_CONFIRMATION_OK"
17241,10327889942,10327889988,1,"IOTHUB_CLIENT_CONFIRMATION_OK"
17242,10327890142,10327890174,1,"IOTHUB_CLIENT_CONFIRMATION_OK"
17243,10327890342,10327890374,1,"IOTHUB_CLIENT_CONFIRMATION_OK"
17244,10327890543,10327890577,1,"IOTHUB_CLIENT_CONFIRMATION_OK"
17245,10327890743,10327890935,1,"IOTHUB_CLIENT_CONFIRMATION_OK"
17246,10327890943,10327891064,1,"IOTHUB_CLIENT_CONFIRMATION_OK"
17247,10327891144,10327891172,1,"IOTHUB_CLIENT_CONFIRMATION_OK"
17248,10327891344,10327891373,1,"IOTHUB_CLIENT_CONFIRMATION_OK"
17249,10327891544,10327891577,1,"IOTHUB_CLIENT_CONFIRMATION_OK"
17250,10327891744,10327891778,1,"IOTHUB_CLIENT_CONFIRMATION_OK"
17251,10327891944,10327891993,1,"IOTHUB_CLIENT_CONFIRMATION_OK"
17252,10327892144,10327892181,1,"IOTHUB_CLIENT_CONFIRMATION_OK"
17253,10327892345,10327892378,1,"IOTHUB_CLIENT_CONFIRMATION_OK"
17254,10327892545,10327892575,1,"IOTHUB_CLIENT_CONFIRMATION_OK"
17255,10327892745,10327892774,1,"IOTHUB_CLIENT_CONFIRMATION_OK"
17256,10327892945,10327892989,1,"IOTHUB_CLIENT_CONFIRMATION_OK"
17257,10327893146,10327893178,1,"IOTHUB_CLIENT_CONFIRMATION_OK"
17258,10327893346,10327893405,1,"IOTHUB_CLIENT_CONFIRMATION_OK"
17259,10327893546,10327893597,1,"IOTHUB_CLIENT_CONFIRMATION_OK"
17260,10327893746,10327893781,1,"IOTHUB_CLIENT_CONFIRMATION_OK"
17261,10327893946,10327893998,1,"IOTHUB_CLIENT_CONFIRMATION_OK"
17262,10327894146,10327894177,1,"IOTHUB_CLIENT_CONFIRMATION_OK"
17263,10327894347,10327894378,1,"IOTHUB_CLIENT_CONFIRMATION_OK"
17264,10327894547,10327894601,1,"IOTHUB_CLIENT_CONFIRMATION_OK"
17265,10327894747,10327894781,1,"IOTHUB_CLIENT_CONFIRMATION_OK"
17266,10327894947,10327895004,1,"IOTHUB_CLIENT_CONFIRMATION_OK"
17267,10327895147,10327895189,1,"IOTHUB_CLIENT_CONFIRMATION_OK"
17268,10327895347,10327895378,1,"IOTHUB_CLIENT_CONFIRMATION_OK"
17269,10327895547,10327895627,1,"IOTHUB_CLIENT_CONFIRMATION_OK"
17270,10327895748,10327895782,1,"IOTHUB_CLIENT_CONFIRMATION_OK"
17271,10327895948,10327895982,1,"IOTHUB_CLIENT_CONFIRMATION_OK"
17272,10327896148,10327896183,1,"IOTHUB_CLIENT_CONFIRMATION_OK"
17273,10327896348,10327896407,1,"IOTHUB_CLIENT_CONFIRMATION_OK"
17274,10327896548,10327896654,1,"IOTHUB_CLIENT_CONFIRMATION_OK"
17275,10327896749,10327896791,1,"IOTHUB_CLIENT_CONFIRMATION_OK"
17276,10327896949,10327896978,1,"IOTHUB_CLIENT_CONFIRMATION_OK"
17277,10327897149,10327897293,1,"IOTHUB_CLIENT_CONFIRMATION_OK"
17278,10327897349,10327897381,1,"IOTHUB_CLIENT_CONFIRMATION_OK"
17279,10327897549,10327897578,1,"IOTHUB_CLIENT_CONFIRMATION_OK"
17280,10327897749,10327897801,1,"IOTHUB_CLIENT_CONFIRMATION_OK"
17281,10327897949,10327897986,1,"IOTHUB_CLIENT_CONFIRMATION_OK"
17282,10327898150,10327898282,1,"IOTHUB_CLIENT_CONFIRMATION_OK"
17283,10327898350,10327898379,1,"IOTHUB_CLIENT_CONFIRMATION_OK"
17284,10327898550,10327898588,1,"IOTHUB_CLIENT_CONFIRMATION_OK"
17285,10327898750,10327898781,1,"IOTHUB_CLIENT_CONFIRMATION_OK"
17286,10327898950,10327898983,1,"IOTHUB_CLIENT_CONFIRMATION_OK"
17287,10327899150,10327899182,1,"IOTHUB_CLIENT_CONFIRMATION_OK"
17288,10327899351,10327899383,1,"IOTHUB_CLIENT_CONFIRMATION_OK"
17289,10327899551,10327899593,1,"IOTHUB_CLIENT_CONFIRMATION_OK"
17290,10327899751,10327899919,1,"IOTHUB_CLIENT_CONFIRMATION_OK"
17291,10327899951,10327899987,1,"IOTHUB_CLIENT_CONFIRMATION_OK"
17292,10327900151,10327900184,1,"IOTHUB_CLIENT_CONFIRMATION_OK"
17293,10327900351,10327900385,1,"IOTHUB_CLIENT_CONFIRMATION_OK"
17294,10327900552,10327900597,1,"IOTHUB_CLIENT_CONFIRMATION_OK"
17295,10327900752,10327900929,1,"IOTHUB_CLIENT_CONFIRMATION_OK"
17296,10327900952,10327900982,1,"IOTHUB_CLIENT_CONFIRMATION_OK"
17297,10327901152,10327901184,1,"IOTHUB_CLIENT_CONFIRMATION_OK"
17298,10327901352,10327901391,1,"IOTHUB_CLIENT_CONFIRMATION_OK"
17299,10327901552,10327901592,1,"IOTHUB_CLIENT_CONFIRMATION_OK"
17300,10327901753,10327901785,1,"IOTHUB_CLIENT_CONFIRMATION_OK"
17301,10327901953,10327901992,1,"IOTHUB_CLIENT_CONFIRMATION_OK"
17302,10327902153,10327902187,1,"IOTHUB_CLIENT_CONFIRMATION_OK"
17303,10327902353,10327902545,1,"IOTHUB_CLIENT_CONFIRMATION_OK"
17304,10327902553,10327902597,1,"IOTHUB_CLIENT_CONFIRMATION_OK"
17305,10327902753,10327902786,1,"IOTHUB_CLIENT_CONFIRMATION_OK"
17306,10327902953,10327903334,1,"IOTHUB_CLIENT_CONFIRMATION_OK"
17307,10327903154,10327903540,1,"IOTHUB_CLIENT_CONFIRMATION_OK"
17308,10327903354,10327903791,1,"IOTHUB_CLIENT_CONFIRMATION_OK"
17309,10327903554,10327904067,1,"IOTHUB_CLIENT_CONFIRMATION_OK"
17310,10327903754,10327904291,1,"IOTHUB_CLIENT_CONFIRMATION_OK"
17311,10327903954,10327904312,1,"IOTHUB_CLIENT_CONFIRMATION_OK"
17312,10327904154,10327904333,1,"IOTHUB_CLIENT_CONFIRMATION_OK"
17313,10327904355,10327904408,1,"IOTHUB_CLIENT_CONFIRMATION_OK"
17314,10327904555,10327904592,1,"IOTHUB_CLIENT_CONFIRMATION_OK"
17315,10327904755,10327904813,1,"IOTHUB_CLIENT_CONFIRMATION_OK"
17316,10327904955,10327904987,1,"IOTHUB_CLIENT_CONFIRMATION_OK"
17317,10327905155,10327905186,1,"IOTHUB_CLIENT_CONFIRMATION_OK"
17318,10327905355,10327905387,1,"IOTHUB_CLIENT_CONFIRMATION_OK"
17319,10327905555,10327905736,1,"IOTHUB_CLIENT_CONFIRMATION_OK"
17320,10327905756,10327905785,1,"IOTHUB_CLIENT_CONFIRMATION_OK"
17321,10327905956,10327906024,1,"IOTHUB_CLIENT_CONFIRMATION_OK"
17322,10327906156,10327906186,1,"IOTHUB_CLIENT_CONFIRMATION_OK"
17323,10327906356,10327906393,1,"IOTHUB_CLIENT_CONFIRMATION_OK"
17324,10327906556,10327906731,1,"IOTHUB_CLIENT_CONFIRMATION_OK"
17325,10327906756,10327906791,1,"IOTHUB_CLIENT_CONFIRMATION_OK"
17326,10327906957,10327906986,1,"IOTHUB_CLIENT_CONFIRMATION_OK"
17327,10327907157,10327907188,1,"IOTHUB_CLIENT_CONFIRMATION_OK"
17328,10327907357,10327907392,1,"IOTHUB_CLIENT_CONFIRMATION_OK"
17329,10327907557,10327907588,1,"IOTHUB_CLIENT_CONFIRMATION_OK"
17330,10327907757,10327907801,1,"IOTHUB_CLIENT_CONFIRMATION_OK"
17331,10327907958,10327907993,1,"IOTHUB_CLIENT_CONFIRMATION_OK"
17332,10327908158,10327908201,1,"IOTHUB_CLIENT_CONFIRMATION_OK"
17333,10327908358,10327908392,1,"IOTHUB_CLIENT_CONFIRMATION_OK"
17334,10327908558,10327908589,1,"IOTHUB_CLIENT_CONFIRMATION_OK"
17335,10327908758,10327908802,1,"IOTHUB_CLIENT_CONFIRMATION_OK"
17336,10327908958,10327908990,1,"IOTHUB_CLIENT_CONFIRMATION_OK"
17337,10327909159,10327909191,1,"IOTHUB_CLIENT_CONFIRMATION_OK"
17338,10327909359,10327909415,1,"IOTHUB_CLIENT_CONFIRMATION_OK"
17339,10327909559,10327909589,1,"IOTHUB_CLIENT_CONFIRMATION_OK"
17340,10327909759,10327909899,1,"IOTHUB_CLIENT_CONFIRMATION_OK"
17341,10327909959,10327909990,1,"IOTHUB_CLIENT_CONFIRMATION_OK"
17342,10327910160,10327910192,1,"IOTHUB_CLIENT_CONFIRMATION_OK"
17343,10327910360,10327910397,1,"IOTHUB_CLIENT_CONFIRMATION_OK"
17344,10327910560,10327910620,1,"IOTHUB_CLIENT_CONFIRMATION_OK"
17345,10327910760,10327910911,1,"IOTHUB_CLIENT_CONFIRMATION_OK"
17346,10327910960,10327910993,1,"IOTHUB_CLIENT_CONFIRMATION_OK"
17347,10327911160,10327911189,1,"IOTHUB_CLIENT_CONFIRMATION_OK"
17348,10327911360,10327911395,1,"IOTHUB_CLIENT_CONFIRMATION_OK"
17349,10327911561,10327911630,1,"IOTHUB_CLIENT_CONFIRMATION_OK"
17350,10327911761,10327911793,1,"IOTHUB_CLIENT_CONFIRMATION_OK"
17351,10327911961,10327912025,1,"IOTHUB_CLIENT_CONFIRMATION_OK"
17352,10327912161,10327912192,1,"IOTHUB_CLIENT_CONFIRMATION_OK"
17353,10327912361,10327912439,1,"IOTHUB_CLIENT_CONFIRMATION_OK"
17354,10327912561,10327912595,1,"IOTHUB_CLIENT_CONFIRMATION_OK"
17355,10327912762,10327912798,1,"IOTHUB_CLIENT_CONFIRMATION_OK"
17356,10327912962,10327913054,1,"IOTHUB_CLIENT_CONFIRMATION_OK"
17357,10327913162,10327913195,1,"IOTHUB_CLIENT_CONFIRMATION_OK"
17358,10327913362,10327913404,1,"IOTHUB_CLIENT_CONFIRMATION_OK"
17359,10327913562,10327913613,1,"IOTHUB_CLIENT_CONFIRMATION_OK"
17360,10327913763,10327913811,1,"IOTHUB_CLIENT_CONFIRMATION_OK"
17361,10327913963,10327914076,1,"IOTHUB_CLIENT_CONFIRMATION_OK"
17362,10327914163,10327914198,1,"IOTHUB_CLIENT_CONFIRMATION_OK"
17363,10327914363,10327914394,1,"IOTHUB_CLIENT_CONFIRMATION_OK"
17364,10327914563,10327914600,1,"IOTHUB_CLIENT_CONFIRMATION_OK"
17365,10327914763,10327914803,1,"IOTHUB_CLIENT_CONFIRMATION_OK"
17366,10327914964,10327915096,1,"IOTHUB_CLIENT_CONFIRMATION_OK"
17367,10327915164,10327915197,1,"IOTHUB_CLIENT_CONFIRMATION_OK"
17368,10327915364,10327915400,1,"IOTHUB_CLIENT_CONFIRMATION_OK"
17369,10327915564,10327915728,1,"IOTHUB_CLIENT_CONFIRMATION_OK"
17370,10327915764,10327915797,1,"IOTHUB_CLIENT_CONFIRMATION_OK"
17371,10327915964,10327915997,1,"IOTHUB_CLIENT_CONFIRMATION_OK"
17372,10327916165,10327916202,1,"IOTHUB_CLIENT_CONFIRMATION_OK"
17373,10327916365,10327916399,1,"IOTHUB_CLIENT_CONFIRMATION_OK"
17374,10327916565,10327916763,1,"IOTHUB_CLIENT_CONFIRMATION_OK"
17375,10327916765,10327916797,1,"IOTHUB_CLIENT_CONFIRMATION_OK"
17376,10327916965,10327917010,1,"IOTHUB_CLIENT_CONFIRMATION_OK"
17377,10327917165,10327917198,1,"IOTHUB_CLIENT_CONFIRMATION_OK"
17378,10327917365,10327917395,1,"IOTHUB_CLIENT_CONFIRMATION_OK"
17379,10327917566,10327917595,1,"IOTHUB_CLIENT_CONFIRMATION_OK"
17380,10327917766,10327917800,1,"IOTHUB_CLIENT_CONFIRMATION_OK"
17381,10327917966,10327918000,1,"IOTHUB_CLIENT_CONFIRMATION_OK"
17382,10327918166,10327918207,1,"IOTHUB_CLIENT_CONFIRMATION_OK"
17383,10327918366,10327918401,1,"IOTHUB_CLIENT_CONFIRMATION_OK"
17384,10327918566,10327918601,1,"IOTHUB_CLIENT_CONFIRMATION_OK"
17385,10327918767,10327918926,1,"IOTHUB_CLIENT_CONFIRMATION_OK"
17386,10327918967,10327919000,1,"IOTHUB_CLIENT_CONFIRMATION_OK"
17387,10327919167,10327919199,1,"IOTHUB_CLIENT_CONFIRMATION_OK"
17388,10327919367,10327919413,1,"IOTHUB_CLIENT_CONFIRMATION_OK"
17389,10327919567,10327919597,1,"IOTHUB_CLIENT_CONFIRMATION_OK"
17390,10327919767,10327919842,1,"IOTHUB_CLIENT_CONFIRMATION_OK"
17391,10327919968,10327920003,1,"IOTHUB_CLIENT_CONFIRMATION_OK"
17392,10327920168,10327920201,1,"IOTHUB_CLIENT_CONFIRMATION_OK"
17393,10327920368,10327920418,1,"IOTHUB_CLIENT_CONFIRMATION_OK"
17394,10327920568,10327920623,1,"IOTHUB_CLIENT_CONFIRMATION_OK"
17395,10327920768,10327920812,1,"IOTHUB_CLIENT_CONFIRMATION_OK"
17396,10327920968,10327921011,1,"IOTHUB_CLIENT_CONFIRMATION_OK"
17397,10327921168,10327921208,1,"IOTHUB_CLIENT_CONFIRMATION_OK"
17398,10327921369,10327921452,1,"IOTHUB_CLIENT_CONFIRMATION_OK"
17399,10327921569,10327921608,1,"IOTHUB_CLIENT_CONFIRMATION_OK"
17400,10327921769,10327921812,1,"IOTHUB_CLIENT_CONFIRMATION_OK"
17401,10327921969,10327922006,1,"IOTHUB_CLIENT_CONFIRMATION_OK"
17402,10327922169,10327922198,1,"IOTHUB_CLIENT_CONFIRMATION_OK"
17403,10327922370,10327922451,1,"IOTHUB_CLIENT_CONFIRMATION_OK"
17404,10327922570,10327922607,1,"IOTHUB_CLIENT_CONFIRMATION_OK"
17405,10327922770,10327922829,1,"IOTHUB_CLIENT_CONFIRMATION_OK"
17406,10327922970,10327923088,1,"IOTHUB_CLIENT_CONFIRMATION_OK"
17407,10327923170,10327923226,1,"IOTHUB_CLIENT_CONFIRMATION_OK"
17408,10327923370,10327923403,1,"IOTHUB_CLIENT_CONFIRMATION_OK"
17409,10327923571,10327923625,1,"IOTHUB_CLIENT_CONFIRMATION_OK"
17410,10327923771,10327923801,1,"IOTHUB_CLIENT_CONFIRMATION_OK"
17411,10327923971,10327924104,1,"IOTHUB_CLIENT_CONFIRMATION_OK"
17412,10327924171,10327924204,1,"IOTHUB_CLIENT_CONFIRMATION_OK"
17413,10327924371,10327924418,1,"IOTHUB_CLIENT_CONFIRMATION_OK"
17414,10327924571,10327924624,1,"IOTHUB_CLIENT_CONFIRMATION_OK"
17415,10327924772,10327924812,1,"IOTHUB_CLIENT_CONFIRMATION_OK"
17416,10327924972,10327925004,1,"IOTHUB_CLIENT_CONFIRMATION_OK"
17417,10327925172,10327925202,1,"IOTHUB_CLIENT_CONFIRMATION_OK"
17418,10327925372,10327925405,1,"IOTHUB_CLIENT_CONFIRMATION_OK"
17419,10327925572,10327925622,1,"IOTHUB_CLIENT_CONFIRMATION_OK"
17420,10327925772,10327925806,1,"IOTHUB_CLIENT_CONFIRMATION_OK"
17421,10327925973,10327926113,1,"IOTHUB_CLIENT_CONFIRMATION_OK"
17422,10327926173,10327926209,1,"IOTHUB_CLIENT_CONFIRMATION_OK"
17423,10327926373,10327926402,1,"IOTHUB_CLIENT_CONFIRMATION_OK"
17424,10327926573,10327926739,1,"IOTHUB_CLIENT_CONFIRMATION_OK"
17425,10327926773,10327926805,1,"IOTHUB_CLIENT_CONFIRMATION_OK"
17426,10327926974,10327927030,1,"IOTHUB_CLIENT_CONFIRMATION_OK"
17427,10327927174,10327927204,1,"IOTHUB_CLIENT_CONFIRMATION_OK"
17428,10327927374,10327927415,1,"IOTHUB_CLIENT_CONFIRMATION_OK"
17429,10327927574,10327927614,1,"IOTHUB_CLIENT_CONFIRMATION_OK"
17430,10327927774,10327927850,1,"IOTHUB_CLIENT_CONFIRMATION_OK"
17431,10327927974,10327928003,1,"IOTHUB_CLIENT_CONFIRMATION_OK"
17432,10327928175,10327928369,1,"IOTHUB_CLIENT_CONFIRMATION_OK"
17433,10327928375,10327928407,1,"IOTHUB_CLIENT_CONFIRMATION_OK"
17434,10327928575,10327928607,1,"IOTHUB_CLIENT_CONFIRMATION_OK"
17435,10327928775,10327928807,1,"IOTHUB_CLIENT_CONFIRMATION_OK"
17436,10327928975,10327929014,1,"IOTHUB_CLIENT_CONFIRMATION_OK"
17437,10327929176,10327929210,1,"IOTHUB_CLIENT_CONFIRMATION_OK"
17438,10327929376,10327929423,1,"IOTHUB_CLIENT_CONFIRMATION_OK"
17439,10327929576,10327929608,1,"IOTHUB_CLIENT_CONFIRMATION_OK"
17440,10327929776,10327929809,1,"IOTHUB_CLIENT_CONFIRMATION_OK"
17441,10327929976,10327930009,1,"IOTHUB_CLIENT_CONFIRMATION_OK"
17442,10327930176,10327930206,1,"IOTHUB_CLIENT_CONFIRMATION_OK"
17443,10327930377,10327930421,1,"IOTHUB_CLIENT_CONFIRMATION_OK"
17444,10327930577,10327930609,1,"IOTHUB_CLIENT_CONFIRMATION_OK"
17445,10327930777,10327930808,1,"IOTHUB_CLIENT_CONFIRMATION_OK"
17446,10327930977,10327931007,1,"IOTHUB_CLIENT_CONFIRMATION_OK"
17447,10327931177,10327931213,1,"IOTHUB_CLIENT_CONFIRMATION_OK"
17448,10327931377,10327931434,1,"IOTHUB_CLIENT_CONFIRMATION_OK"
17449,10327931577,10327931609,1,"IOTHUB_CLIENT_CONFIRMATION_OK"
17450,10327931778,10327931809,1,"IOTHUB_CLIENT_CONFIRMATION_OK"
17451,10327931978,10327932058,1,"IOTHUB_CLIENT_CONFIRMATION_OK"
17452,10327932178,10327932209,1,"IOTHUB_CLIENT_CONFIRMATION_OK"
17453,10327932378,10327932449,1,"IOTHUB_CLIENT_CONFIRMATION_OK"
17454,10327932578,10327932609,1,"IOTHUB_CLIENT_CONFIRMATION_OK"
17455,10327932779,10327932828,1,"IOTHUB_CLIENT_CONFIRMATION_OK"
17456,10327932979,10327933088,1,"IOTHUB_CLIENT_CONFIRMATION_OK"
17457,10327933179,10327933212,1,"IOTHUB_CLIENT_CONFIRMATION_OK"
17458,10327933379,10327933412,1,"IOTHUB_CLIENT_CONFIRMATION_OK"
17459,10327933579,10327933611,1,"IOTHUB_CLIENT_CONFIRMATION_OK"
17460,10327933779,10327933816,1,"IOTHUB_CLIENT_CONFIRMATION_OK"
17461,10327933980,10327934072,1,"IOTHUB_CLIENT_CONFIRMATION_OK"
17462,10327934180,10327934239,1,"IOTHUB_CLIENT_CONFIRMATION_OK"
17463,10327934380,10327934411,1,"IOTHUB_CLIENT_CONFIRMATION_OK"
17464,10327934580,10327934612,1,"IOTHUB_CLIENT_CONFIRMATION_OK"
17465,10327934780,10327934812,1,"IOTHUB_CLIENT_CONFIRMATION_OK"
17466,10327934980,10327935078,1,"IOTHUB_CLIENT_CONFIRMATION_OK"
17467,10327935180,10327935211,1,"IOTHUB_CLIENT_CONFIRMATION_OK"
17468,10327935381,10327935415,1,"IOTHUB_CLIENT_CONFIRMATION_OK"
17469,10327935581,10327935699,1,"IOTHUB_CLIENT_CONFIRMATION_OK"
17470,10327935781,10327935815,1,"IOTHUB_CLIENT_CONFIRMATION_OK"
17471,10327935981,10327936015,1,"IOTHUB_CLIENT_CONFIRMATION_OK"
17472,10327936181,10327936212,1,"IOTHUB_CLIENT_CONFIRMATION_OK"
17473,10327936381,10327936415,1,"IOTHUB_CLIENT_CONFIRMATION_OK"
17474,10327936581,10327936723,1,"IOTHUB_CLIENT_CONFIRMATION_OK"
17475,10327936782,10327936888,1,"IOTHUB_CLIENT_CONFIRMATION_OK"
17476,10327936982,10327937011,1,"IOTHUB_CLIENT_CONFIRMATION_OK"
17477,10327937182,10327937215,1,"IOTHUB_CLIENT_CONFIRMATION_OK"
17478,10327937382,10327937415,1,"IOTHUB_CLIENT_CONFIRMATION_OK"
17479,10327937582,10327937617,1,"IOTHUB_CLIENT_CONFIRMATION_OK"
17480,10327937782,10327937813,1,"IOTHUB_CLIENT_CONFIRMATION_OK"
17481,10327937983,10327938035,1,"IOTHUB_CLIENT_CONFIRMATION_OK"
17482,10327938183,10327938418,1,"IOTHUB_CLIENT_CONFIRMATION_OK"
17483,10327938383,10327938453,1,"IOTHUB_CLIENT_CONFIRMATION_OK"
17484,10327938583,10327938612,1,"IOTHUB_CLIENT_CONFIRMATION_OK"
17485,10327938783,10327938819,1,"IOTHUB_CLIENT_CONFIRMATION_OK"
17486,10327938983,10327939013,1,"IOTHUB_CLIENT_CONFIRMATION_OK"
17487,10327939183,10327939218,1,"IOTHUB_CLIENT_CONFIRMATION_OK"
17488,10327939384,10327939417,1,"IOTHUB_CLIENT_CONFIRMATION_OK"
17489,10327939584,10327939625,1,"IOTHUB_CLIENT_CONFIRMATION_OK"
17490,10327939784,10327939817,1,"IOTHUB_CLIENT_CONFIRMATION_OK"
17491,10327939984,10327940035,1,"IOTHUB_CLIENT_CONFIRMATION_OK"
17492,10327940184,10327940239,1,"IOTHUB_CLIENT_CONFIRMATION_OK"
17493,10327940385,10327940429,1,"IOTHUB_CLIENT_CONFIRMATION_OK"
17494,10327940585,10327940621,1,"IOTHUB_CLIENT_CONFIRMATION_OK"
17495,10327940785,10327940821,1,"IOTHUB_CLIENT_CONFIRMATION_OK"
17496,10327940985,10327941016,1,"IOTHUB_CLIENT_CONFIRMATION_OK"
17497,10327941185,10327941217,1,"IOTHUB_CLIENT_CONFIRMATION_OK"
17498,10327941386,10327941435,1,"IOTHUB_CLIENT_CONFIRMATION_OK"
17499,10327941586,10327941617,1,"IOTHUB_CLIENT_CONFIRMATION_OK"
17500,10327941786,10327941821,1,"IOTHUB_CLIENT_CONFIRMATION_OK"
17501,10327941986,10327942043,1,"IOTHUB_CLIENT_CONFIRMATION_OK"
17502,10327942186,10327942227,1,"IOTHUB_CLIENT_CONFIRMATION_OK"
17503,10327942386,10327942453,1,"IOTHUB_CLIENT_CONFIRMATION_OK"
17504,10327942587,10327942627,1,"IOTHUB_CLIENT_CONFIRMATION_OK"
17505,10327942787,10327942824,1,"IOTHUB_CLIENT_CONFIRMATION_OK"
17506,10327942987,10327943076,1,"IOTHUB_CLIENT_CONFIRMATION_OK"
17507,10327943187,10327943220,1,"IOTHUB_CLIENT_CONFIRMATION_OK"
17508,10327943387,10327943443,1,"IOTHUB_CLIENT_CONFIRMATION_OK"
17509,10327943588,10327943620,1,"IOTHUB_CLIENT_CONFIRMATION_OK"
17510,10327943788,10327943820,1,"IOTHUB_CLIENT_CONFIRMATION_OK"
17511,10327943988,10327944071,1,"IOTHUB_CLIENT_CONFIRMATION_OK"
17512,10327944188,10327944234,1,"IOTHUB_CLIENT_CONFIRMATION_OK"
17513,10327944388,10327944430,1,"IOTHUB_CLIENT_CONFIRMATION_OK"
17514,10327944588,10327944780,1,"IOTHUB_CLIENT_CONFIRMATION_OK"
17515,10327944789,10327944818,1,"IOTHUB_CLIENT_CONFIRMATION_OK"
17516,10327944989,10327945018,1,"IOTHUB_CLIENT_CONFIRMATION_OK"
17517,10327945189,10327945257,1,"IOTHUB_CLIENT_CONFIRMATION_OK"
17518,10327945389,10327945424,1,"IOTHUB_CLIENT_CONFIRMATION_OK"
17519,10327945589,10327945701,1,"IOTHUB_CLIENT_CONFIRMATION_OK"
17520,10327945789,10327945851,1,"IOTHUB_CLIENT_CONFIRMATION_OK"
17521,10327945990,10327946024,1,"IOTHUB_CLIENT_CONFIRMATION_OK"
17522,10327946190,10327946220,1,"IOTHUB_CLIENT_CONFIRMATION_OK"
17523,10327946390,10327946420,1,"IOTHUB_CLIENT_CONFIRMATION_OK"
17524,10327946590,10327946722,1,"IOTHUB_CLIENT_CONFIRMATION_OK"
17525,10327946790,10327946829,1,"IOTHUB_CLIENT_CONFIRMATION_OK"
17526,10327946991,10327947050,1,"IOTHUB_CLIENT_CONFIRMATION_OK"
17527,10327947191,10327947342,1,"IOTHUB_CLIENT_CONFIRMATION_OK"
17528,10327947391,10327947430,1,"IOTHUB_CLIENT_CONFIRMATION_OK"
17529,10327947591,10327947626,1,"IOTHUB_CLIENT_CONFIRMATION_OK"
17530,10327947791,10327947824,1,"IOTHUB_CLIENT_CONFIRMATION_OK"
17531,10327947992,10327948028,1,"IOTHUB_CLIENT_CONFIRMATION_OK"
17532,10327948192,10327948344,1,"IOTHUB_CLIENT_CONFIRMATION_OK"
17533,10327948392,10327948422,1,"IOTHUB_CLIENT_CONFIRMATION_OK"
17534,10327948592,10327948658,1,"IOTHUB_CLIENT_CONFIRMATION_OK"
17535,10327948792,10327948825,1,"IOTHUB_CLIENT_CONFIRMATION_OK"
17536,10327948992,10327949286,1,"IOTHUB_CLIENT_CONFIRMATION_OK"
17537,10327949193,10327949357,1,"IOTHUB_CLIENT_CONFIRMATION_OK"
17538,10327949393,10327949426,1,"IOTHUB_CLIENT_CONFIRMATION_OK"
17539,10327949593,10327949621,1,"IOTHUB_CLIENT_CONFIRMATION_OK"
17540,10327949793,10327950006,1,"IOTHUB_CLIENT_CONFIRMATION_OK"
17541,10327949993,10327950038,1,"IOTHUB_CLIENT_CONFIRMATION_OK"
17542,10327950193,10327950226,1,"IOTHUB_CLIENT_CONFIRMATION_OK"
17543,10327950394,10327950431,1,"IOTHUB_CLIENT_CONFIRMATION_OK"
17544,10327950594,10327950624,1,"IOTHUB_CLIENT_CONFIRMATION_OK"
17545,10327950794,10327951030,1,"IOTHUB_CLIENT_CONFIRMATION_OK"
17546,10327950994,10327951089,1,"IOTHUB_CLIENT_CONFIRMATION_OK"
17547,10327951194,10327951461,1,"IOTHUB_CLIENT_CONFIRMATION_OK"
17548,10327951394,10327951487,1,"IOTHUB_CLIENT_CONFIRMATION_OK"
17549,10327951594,10327951625,1,"IOTHUB_CLIENT_CONFIRMATION_OK"
17550,10327951795,10327951869,1,"IOTHUB_CLIENT_CONFIRMATION_OK"
17551,10327951995,10327952421,1,"IOTHUB_CLIENT_CONFIRMATION_OK"
17552,10327952195,10327952451,1,"IOTHUB_CLIENT_CONFIRMATION_OK"
17553,10327952395,10327952639,1,"IOTHUB_CLIENT_CONFIRMATION_OK"
17554,10327952596,10327952658,1,"IOTHUB_CLIENT_CONFIRMATION_OK"
17555,10327952796,10327952850,1,"IOTHUB_CLIENT_CONFIRMATION_OK"
17556,10327952996,10327953042,1,"IOTHUB_CLIENT_CONFIRMATION_OK"
17557,10327953196,10327953228,1,"IOTHUB_CLIENT_CONFIRMATION_OK"
17558,10327953396,10327953429,1,"IOTHUB_CLIENT_CONFIRMATION_OK"
17559,10327953596,10327953632,1,"IOTHUB_CLIENT_CONFIRMATION_OK"
17560,10327953797,10327953829,1,"IOTHUB_CLIENT_CONFIRMATION_OK"
17561,10327953997,10327954088,1,"IOTHUB_CLIENT_CONFIRMATION_OK"
17562,10327954197,10327954261,1,"IOTHUB_CLIENT_CONFIRMATION_OK"
17563,10327954397,10327954429,1,"IOTHUB_CLIENT_CONFIRMATION_OK"
17564,10327954597,10327954722,1,"IOTHUB_CLIENT_CONFIRMATION_OK"
17565,10327954797,10327954833,1,"IOTHUB_CLIENT_CONFIRMATION_OK"
17566,10327954998,10327955077,1,"IOTHUB_CLIENT_CONFIRMATION_OK"
17567,10327955198,10327955228,1,"IOTHUB_CLIENT_CONFIRMATION_OK"
17568,10327955398,10327955431,1,"IOTHUB_CLIENT_CONFIRMATION_OK"
17569,10327955598,10327955716,1,"IOTHUB_CLIENT_CONFIRMATION_OK"
17570,10327955798,10327955832,1,"IOTHUB_CLIENT_CONFIRMATION_OK"
17571,10327955998,10327956033,1,"IOTHUB_CLIENT_CONFIRMATION_OK"
17572,10327956199,10327956240,1,"IOTHUB_CLIENT_CONFIRMATION_OK"
17573,10327956399,10327956471,1,"IOTHUB_CLIENT_CONFIRMATION_OK"
17574,10327956599,10327956704,1,"IOTHUB_CLIENT_CONFIRMATION_OK"
17575,10327956799,10327956832,1,"IOTHUB_CLIENT_CONFIRMATION_OK"
17576,10327956999,10327957034,1,"IOTHUB_CLIENT_CONFIRMATION_OK"
17577,10327957199,10327957337,1,"IOTHUB_CLIENT_CONFIRMATION_OK"
17578,10327957400,10327957443,1,"IOTHUB_CLIENT_CONFIRMATION_OK"
17579,10327957600,10327957709,1,"IOTHUB_CLIENT_CONFIRMATION_OK"
17580,10327957800,10327957829,1,"IOTHUB_CLIENT_CONFIRMATION_OK"
17581,10327958000,10327958043,1,"IOTHUB_CLIENT_CONFIRMATION_OK"
17582,10327958200,10327958360,1,"IOTHUB_CLIENT_CONFIRMATION_OK"
17583,10327958400,10327958433,1,"IOTHUB_CLIENT_CONFIRMATION_OK"
17584,10327958601,10327958632,1,"IOTHUB_CLIENT_CONFIRMATION_OK"
17585,10327958801,10327958881,1,"IOTHUB_CLIENT_CONFIRMATION_OK"
17586,10327959001,10327959166,1,"IOTHUB_CLIENT_CONFIRMATION_OK"
17587,10327959201,10327959231,1,"IOTHUB_CLIENT_CONFIRMATION_OK"
17588,10327959401,10327959431,1,"IOTHUB_CLIENT_CONFIRMATION_OK"
17589,10327959602,10327959644,1,"IOTHUB_CLIENT_CONFIRMATION_OK"
17590,10327959802,10327959832,1,"IOTHUB_CLIENT_CONFIRMATION_OK"
17591,10327960002,10327960046,1,"IOTHUB_CLIENT_CONFIRMATION_OK"
17592,10327960202,10327960243,1,"IOTHUB_CLIENT_CONFIRMATION_OK"
17593,10327960402,10327960435,1,"IOTHUB_CLIENT_CONFIRMATION_OK"
17594,10327960602,10327960633,1,"IOTHUB_CLIENT_CONFIRMATION_OK"
17595,10327960802,10327961013,1,"IOTHUB_CLIENT_CONFIRMATION_OK"
17596,10327961003,10327961035,1,"IOTHUB_CLIENT_CONFIRMATION_OK"
17597,10327961203,10327961233,1,"IOTHUB_CLIENT_CONFIRMATION_OK"
17598,10327961403,10327961438,1,"IOTHUB_CLIENT_CONFIRMATION_OK"
17599,10327961603,10327961637,1,"IOTHUB_CLIENT_CONFIRMATION_OK"
17600,10327961803,10327961831,1,"IOTHUB_CLIENT_CONFIRMATION_OK"
17601,10327962003,10327962078,1,"IOTHUB_CLIENT_CONFIRMATION_OK"
17602,10327962204,10327962252,1,"IOTHUB_CLIENT_CONFIRMATION_OK"
17603,10327962404,10327962448,1,"IOTHUB_CLIENT_CONFIRMATION_OK"
17604,10327962604,10327962641,1,"IOTHUB_CLIENT_CONFIRMATION_OK"
17605,10327962804,10327962837,1,"IOTHUB_CLIENT_CONFIRMATION_OK"
17606,10327963004,10327963060,1,"IOTHUB_CLIENT_CONFIRMATION_OK"
17607,10327963204,10327963232,1,"IOTHUB_CLIENT_CONFIRMATION_OK"
17608,10327963405,10327963437,1,"IOTHUB_CLIENT_CONFIRMATION_OK"
17609,10327963605,10327963668,1,"IOTHUB_CLIENT_CONFIRMATION_OK"
17610,10327963805,10327963849,1,"IOTHUB_CLIENT_CONFIRMATION_OK"
17611,10327964005,10327964061,1,"IOTHUB_CLIENT_CONFIRMATION_OK"
17612,10327964205,10327964235,1,"IOTHUB_CLIENT_CONFIRMATION_OK"
17613,10327964405,10327964440,1,"IOTHUB_CLIENT_CONFIRMATION_OK"
17614,10327964606,10327964675,1,"IOTHUB_CLIENT_CONFIRMATION_OK"
17615,10327964806,10327964838,1,"IOTHUB_CLIENT_CONFIRMATION_OK"
17616,10327965006,10327965068,1,"IOTHUB_CLIENT_CONFIRMATION_OK"
17617,10327965206,10327965239,1,"IOTHUB_CLIENT_CONFIRMATION_OK"
17618,10327965406,10327965447,1,"IOTHUB_CLIENT_CONFIRMATION_OK"
17619,10327965606,10327965691,1,"IOTHUB_CLIENT_CONFIRMATION_OK"
17620,10327965807,10327965865,1,"IOTHUB_CLIENT_CONFIRMATION_OK"
17621,10327966007,10327966037,1,"IOTHUB_CLIENT_CONFIRMATION_OK"
17622,10327966207,10327966239,1,"IOTHUB_CLIENT_CONFIRMATION_OK"
17623,10327966407,10327966462,1,"IOTHUB_CLIENT_CONFIRMATION_OK"
17624,10327966607,10327966710,1,"IOTHUB_CLIENT_CONFIRMATION_OK"
17625,10327966808,10327966840,1,"IOTHUB_CLIENT_CONFIRMATION_OK"
17626,10327967008,10327967098,1,"IOTHUB_CLIENT_CONFIRMATION_OK"
17627,10327967208,10327967326,1,"IOTHUB_CLIENT_CONFIRMATION_OK"
17628,10327967408,10327967441,1,"IOTHUB_CLIENT_CONFIRMATION_OK"
17629,10327967608,10327967666,1,"IOTHUB_CLIENT_CONFIRMATION_OK"
17630,10327967808,10327967850,1,"IOTHUB_CLIENT_CONFIRMATION_OK"
17631,10327968009,10327968040,1,"IOTHUB_CLIENT_CONFIRMATION_OK"
17632,10327968209,10327968341,1,"IOTHUB_CLIENT_CONFIRMATION_OK"
17633,10327968409,10327968439,1,"IOTHUB_CLIENT_CONFIRMATION_OK"
17634,10327968609,10327968639,1,"IOTHUB_CLIENT_CONFIRMATION_OK"
17635,10327968809,10327968842,1,"IOTHUB_CLIENT_CONFIRMATION_OK"
17636,10327969009,10327969042,1,"IOTHUB_CLIENT_CONFIRMATION_OK"
17637,10327969210,10327969244,1,"IOTHUB_CLIENT_CONFIRMATION_OK"
17638,10327969410,10327969448,1,"IOTHUB_CLIENT_CONFIRMATION_OK"
17639,10327969610,10327969664,1,"IOTHUB_CLIENT_CONFIRMATION_OK"
17640,10327969810,10327970010,1,"IOTHUB_CLIENT_CONFIRMATION_OK"
17641,10327970010,10327970081,1,"IOTHUB_CLIENT_CONFIRMATION_OK"
17642,10327970210,10327970241,1,"IOTHUB_CLIENT_CONFIRMATION_OK"
17643,10327970410,10327970450,1,"IOTHUB_CLIENT_CONFIRMATION_OK"
17644,10327970611,10327970651,1,"IOTHUB_CLIENT_CONFIRMATION_OK"
17645,10327970811,10327970895,1,"IOTHUB_CLIENT_CONFIRMATION_OK"
17646,10327971011,10327971049,1,"IOTHUB_CLIENT_CONFIRMATION_OK"
17647,10327971211,10327971254,1,"IOTHUB_CLIENT_CONFIRMATION_OK"
17648,10327971411,10327971484,1,"IOTHUB_CLIENT_CONFIRMATION_OK"
17649,10327971611,10327971648,1,"IOTHUB_CLIENT_CONFIRMATION_OK"
17650,10327971812,10327971842,1,"IOTHUB_CLIENT_CONFIRMATION_OK"
17651,10327972012,10327972047,1,"IOTHUB_CLIENT_CONFIRMATION_OK"
17652,10327972212,10327972243,1,"IOTHUB_CLIENT_CONFIRMATION_OK"
17653,10327972412,10327972504,1,"IOTHUB_CLIENT_CONFIRMATION_OK"
17654,10327972612,10327972645,1,"IOTHUB_CLIENT_CONFIRMATION_OK"
17655,10327972812,10327972843,1,"IOTHUB_CLIENT_CONFIRMATION_OK"
17656,10327973013,10327973116,1,"IOTHUB_CLIENT_CONFIRMATION_OK"
17657,10327973213,10327973244,1,"IOTHUB_CLIENT_CONFIRMATION_OK"
17658,10327973413,10327973453,1,"IOTHUB_CLIENT_CONFIRMATION_OK"
17659,10327973613,10327973646,1,"IOTHUB_CLIENT_CONFIRMATION_OK"
17660,10327973813,10327973843,1,"IOTHUB_CLIENT_CONFIRMATION_OK"
17661,10327974014,10327974191,1,"IOTHUB_CLIENT_CONFIRMATION_OK"
17662,10327974214,10327974245,1,"IOTHUB_CLIENT_CONFIRMATION_OK"
17663,10327974414,10327974444,1,"IOTHUB_CLIENT_CONFIRMATION_OK"
17664,10327974614,10327974651,1,"IOTHUB_CLIENT_CONFIRMATION_OK"
17665,10327974814,10327974848,1,"IOTHUB_CLIENT_CONFIRMATION_OK"
17666,10327975015,10327975046,1,"IOTHUB_CLIENT_CONFIRMATION_OK"
17667,10327975215,10327975245,1,"IOTHUB_CLIENT_CONFIRMATION_OK"
17668,10327975415,10327975449,1,"IOTHUB_CLIENT_CONFIRMATION_OK"
17669,10327975615,10327975644,1,"IOTHUB_CLIENT_CONFIRMATION_OK"
17670,10327975815,10327975849,1,"IOTHUB_CLIENT_CONFIRMATION_OK"
17671,10327976015,10327976080,1,"IOTHUB_CLIENT_CONFIRMATION_OK"
17672,10327976215,10327976247,1,"IOTHUB_CLIENT_CONFIRMATION_OK"
17673,10327976416,10327976452,1,"IOTHUB_CLIENT_CONFIRMATION_OK"
17674,10327976616,10327976819,1,"IOTHUB_CLIENT_CONFIRMATION_OK"
17675,10327976816,10327976847,1,"IOTHUB_CLIENT_CONFIRMATION_OK"
17676,10327977016,10327977049,1,"IOTHUB_CLIENT_CONFIRMATION_OK"
17677,10327977216,10327977250,1,"IOTHUB_CLIENT_CONFIRMATION_OK"
17678,10327977417,10327977450,1,"IOTHUB_CLIENT_CONFIRMATION_OK"
17679,10327977617,10327977650,1,"IOTHUB_CLIENT_CONFIRMATION_OK"
17680,10327977817,10327977848,1,"IOTHUB_CLIENT_CONFIRMATION_OK"
17681,10327978017,10327978049,1,"IOTHUB_CLIENT_CONFIRMATION_OK"
17682,10327978217,10327978266,1,"IOTHUB_CLIENT_CONFIRMATION_OK"
17683,10327978418,10327978452,1,"IOTHUB_CLIENT_CONFIRMATION_OK"
17684,10327978618,10327978651,1,"IOTHUB_CLIENT_CONFIRMATION_OK"
17685,10327978818,10327978862,1,"IOTHUB_CLIENT_CONFIRMATION_OK"
17686,10327979018,10327979050,1,"IOTHUB_CLIENT_CONFIRMATION_OK"
17687,10327979218,10327979250,1,"IOTHUB_CLIENT_CONFIRMATION_OK"
17688,10327979419,10327979451,1,"IOTHUB_CLIENT_CONFIRMATION_OK"
17689,10327979619,10327979652,1,"IOTHUB_CLIENT_CONFIRMATION_OK"
17690,10327979819,10327979874,1,"IOTHUB_CLIENT_CONFIRMATION_OK"
17691,10327980019,10327980055,1,"IOTHUB_CLIENT_CONFIRMATION_OK"
17692,10327980219,10327980273,1,"IOTHUB_CLIENT_CONFIRMATION_OK"
17693,10327980419,10327980489,1,"IOTHUB_CLIENT_CONFIRMATION_OK"
17694,10327980620,10327980649,1,"IOTHUB_CLIENT_CONFIRMATION_OK"
17695,10327980820,10327980880,1,"IOTHUB_CLIENT_CONFIRMATION_OK"
17696,10327981020,10327981052,1,"IOTHUB_CLIENT_CONFIRMATION_OK"
17697,10327981220,10327981254,1,"IOTHUB_CLIENT_CONFIRMATION_OK"
17698,10327981420,10327981501,1,"IOTHUB_CLIENT_CONFIRMATION_OK"
17699,10327981621,10327981747,1,"IOTHUB_CLIENT_CONFIRMATION_OK"
17700,10327981821,10327981872,1,"IOTHUB_CLIENT_CONFIRMATION_OK"
17701,10327982021,10327982054,1,"IOTHUB_CLIENT_CONFIRMATION_OK"
17702,10327982221,10327982252,1,"IOTHUB_CLIENT_CONFIRMATION_OK"
17703,10327982422,10327982537,1,"IOTHUB_CLIENT_CONFIRMATION_OK"
17704,10327982622,10327982657,1,"IOTHUB_CLIENT_CONFIRMATION_OK"
17705,10327982822,10327982853,1,"IOTHUB_CLIENT_CONFIRMATION_OK"
17706,10327983022,10327983060,1,"IOTHUB_CLIENT_CONFIRMATION_OK"
17707,10327983222,10327983257,1,"IOTHUB_CLIENT_CONFIRMATION_OK"
17708,10327983422,10327983463,1,"IOTHUB_CLIENT_CONFIRMATION_OK"
17709,10327983623,10327983653,1,"IOTHUB_CLIENT_CONFIRMATION_OK"
17710,10327983823,10327983871,1,"IOTHUB_CLIENT_CONFIRMATION_OK"
17711,10327984023,10327984177,1,"IOTHUB_CLIENT_CONFIRMATION_OK"
17712,10327984223,10327984252,1,"IOTHUB_CLIENT_CONFIRMATION_OK"
17713,10327984423,10327984452,1,"IOTHUB_CLIENT_CONFIRMATION_OK"
17714,10327984624,10327984654,1,"IOTHUB_CLIENT_CONFIRMATION_OK"
17715,10327984824,10327984856,1,"IOTHUB_CLIENT_CONFIRMATION_OK"
17716,10327985024,10327985052,1,"IOTHUB_CLIENT_CONFIRMATION_OK"
17717,10327985224,10327985265,1,"IOTHUB_CLIENT_CONFIRMATION_OK"
17718,10327985424,10327985462,1,"IOTHUB_CLIENT_CONFIRMATION_OK"
17719,10327985624,10327985658,1,"IOTHUB_CLIENT_CONFIRMATION_OK"
17720,10327985825,10327985855,1,"IOTHUB_CLIENT_CONFIRMATION_OK"
17721,10327986025,10327986057,1,"IOTHUB_CLIENT_CONFIRMATION_OK"
17722,10327986225,10327986255,1,"IOTHUB_CLIENT_CONFIRMATION_OK"
17723,10327986425,10327986459,1,"IOTHUB_CLIENT_CONFIRMATION_OK"
17724,10327986625,10327986848,1,"IOTHUB_CLIENT_CONFIRMATION_OK"
17725,10327986825,10327986868,1,"IOTHUB_CLIENT_CONFIRMATION_OK"
17726,10327987025,10327987096,1,"IOTHUB_CLIENT_CONFIRMATION_OK"
17727,10327987226,10327987260,1,"IOTHUB_CLIENT_CONFIRMATION_OK"
17728,10327987426,10327987461,1,"IOTHUB_CLIENT_CONFIRMATION_OK"
17729,10327987626,10327987657,1,"IOTHUB_CLIENT_CONFIRMATION_OK"
17730,10327987826,10327987859,1,"IOTHUB_CLIENT_CONFIRMATION_OK"
17731,10327988026,10327988061,1,"IOTHUB_CLIENT_CONFIRMATION_OK"
17732,10327988226,10327988292,1,"IOTHUB_CLIENT_CONFIRMATION_OK"
17733,10327988427,10327988582,1,"IOTHUB_CLIENT_CONFIRMATION_OK"
17734,10327988627,10327988657,1,"IOTHUB_CLIENT_CONFIRMATION_OK"
17735,10327988827,10327988937,1,"IOTHUB_CLIENT_CONFIRMATION_OK"
17736,10327989027,10327989063,1,"IOTHUB_CLIENT_CONFIRMATION_OK"
17737,10327989227,10327989261,1,"IOTHUB_CLIENT_CONFIRMATION_OK"
17738,10327989427,10327989458,1,"IOTHUB_CLIENT_CONFIRMATION_OK"
17739,10327989627,10327989664,1,"IOTHUB_CLIENT_CONFIRMATION_OK"
17740,10327989828,10327989975,1,"IOTHUB_CLIENT_CONFIRMATION_OK"
17741,10327990028,10327990058,1,"IOTHUB_CLIENT_CONFIRMATION_OK"
17742,10327990228,10327990321,1,"IOTHUB_CLIENT_CONFIRMATION_OK"
17743,10327990428,10327990535,1,"IOTHUB_CLIENT_CONFIRMATION_OK"
17744,10327990628,10327990660,1,"IOTHUB_CLIENT_CONFIRMATION_OK"
17745,10327990829,10327990981,1,"IOTHUB_CLIENT_CONFIRMATION_OK"
17746,10327991029,10327991064,1,"IOTHUB_CLIENT_CONFIRMATION_OK"
17747,10327991229,10327991259,1,"IOTHUB_CLIENT_CONFIRMATION_OK"
17748,10327991429,10327991465,1,"IOTHUB_CLIENT_CONFIRMATION_OK"
17749,10327991629,10327991689,1,"IOTHUB_CLIENT_CONFIRMATION_OK"
17750,10327991829,10327991890,1,"IOTHUB_CLIENT_CONFIRMATION_OK"
17751,10327992029,10327992089,1,"IOTHUB_CLIENT_CONFIRMATION_OK"
17752,10327992230,10327992259,1,"IOTHUB_CLIENT_CONFIRMATION_OK"
17753,10327992430,10327992599,1,"IOTHUB_CLIENT_CONFIRMATION_OK"
17754,10327992630,10327992662,1,"IOTHUB_CLIENT_CONFIRMATION_OK"
17755,10327992830,10327992861,1,"IOTHUB_CLIENT_CONFIRMATION_OK"
17756,10327993030,10327993060,1,"IOTHUB_CLIENT_CONFIRMATION_OK"
17757,10327993230,10327993277,1,"IOTHUB_CLIENT_CONFIRMATION_OK"
17758,10327993430,10327993467,1,"IOTHUB_CLIENT_CONFIRMATION_OK"
17759,10327993631,10327993667,1,"IOTHUB_CLIENT_CONFIRMATION_OK"
17760,10327993831,10327993891,1,"IOTHUB_CLIENT_CONFIRMATION_OK"
17761,10327994031,10327994095,1,"IOTHUB_CLIENT_CONFIRMATION_OK"
17762,10327994231,10327994334,1,"IOTHUB_CLIENT_CONFIRMATION_OK"
17763,10327994431,10327994481,1,"IOTHUB_CLIENT_CONFIRMATION_OK"
17764,10327994632,10327994688,1,"IOTHUB_CLIENT_CONFIRMATION_OK"
17765,10327994832,10327994868,1,"IOTHUB_CLIENT_CONFIRMATION_OK"
17766,10327995032,10327995224,1,"IOTHUB_CLIENT_CONFIRMATION_OK"
17767,10327995232,10327995264,1,"IOTHUB_CLIENT_CONFIRMATION_OK"
17768,10327995432,10327995462,1,"IOTHUB_CLIENT_CONFIRMATION_OK"
17769,10327995633,10327995710,1,"IOTHUB_CLIENT_CONFIRMATION_OK"
17770,10327995833,10327995867,1,"IOTHUB_CLIENT_CONFIRMATION_OK"
17771,10327996033,10327996067,1,"IOTHUB_CLIENT_CONFIRMATION_OK"
17772,10327996233,10327996273,1,"IOTHUB_CLIENT_CONFIRMATION_OK"
17773,10327996433,10327996470,1,"IOTHUB_CLIENT_CONFIRMATION_OK"
17774,10327996633,10327996713,1,"IOTHUB_CLIENT_CONFIRMATION_OK"
17775,10327996833,10327996934,1,"IOTHUB_CLIENT_CONFIRMATION_OK"
17776,10327997034,10327997078,1,"IOTHUB_CLIENT_CONFIRMATION_OK"
17777,10327997234,10327997332,1,"IOTHUB_CLIENT_CONFIRMATION_OK"
17778,10327997434,10327997465,1,"IOTHUB_CLIENT_CONFIRMATION_OK"
17779,10327997634,10327997669,1,"IOTHUB_CLIENT_CONFIRMATION_OK"
17780,10327997834,10327997868,1,"IOTHUB_CLIENT_CONFIRMATION_OK"
17781,10327998035,10327998078,1,"IOTHUB_CLIENT_CONFIRMATION_OK"
17782,10327998235,10327998353,1,"IOTHUB_CLIENT_CONFIRMATION_OK"
17783,10327998435,10327998466,1,"IOTHUB_CLIENT_CONFIRMATION_OK"
17784,10327998635,10327998689,1,"IOTHUB_CLIENT_CONFIRMATION_OK"
17785,10327998835,10327998864,1,"IOTHUB_CLIENT_CONFIRMATION_OK"
17786,10327999035,10327999110,1,"IOTHUB_CLIENT_CONFIRMATION_OK"
17787,10327999235,10327999278,1,"IOTHUB_CLIENT_CONFIRMATION_OK"
17788,10327999436,10327999467,1,"IOTHUB_CLIENT_CONFIRMATION_OK"
17789,10327999636,10327999671,1,"IOTHUB_CLIENT_CONFIRMATION_OK"
17790,10327999836,10327999975,1,"IOTHUB_CLIENT_CONFIRMATION_OK"
17791,10328000036,10328000079,1,"IOTHUB_CLIENT_CONFIRMATION_OK"
17792,10328000236,10328000333,1,"IOTHUB_CLIENT_CONFIRMATION_OK"
17793,10328000436,10328000472,1,"IOTHUB_CLIENT_CONFIRMATION_OK"
17794,10328000637,10328000667,1,"IOTHUB_CLIENT_CONFIRMATION_OK"
17795,10328000837,10328000982,1,"IOTHUB_CLIENT_CONFIRMATION_OK"
17796,10328001037,10328001067,1,"IOTHUB_CLIENT_CONFIRMATION_OK"
17797,10328001237,10328001279,1,"IOTHUB_CLIENT_CONFIRMATION_OK"
17798,10328001437,10328001468,1,"IOTHUB_CLIENT_CONFIRMATION_OK"
17799,10328001637,10328001674,1,"IOTHUB_CLIENT_CONFIRMATION_OK"
17800,10328001838,10328001869,1,"IOTHUB_CLIENT_CONFIRMATION_OK"
17801,10328002038,10328002070,1,"IOTHUB_CLIENT_CONFIRMATION_OK"
17802,10328002238,10328002270,1,"IOTHUB_CLIENT_CONFIRMATION_OK"
17803,10328002438,10328002609,1,"IOTHUB_CLIENT_CONFIRMATION_OK"
17804,10328002638,10328002669,1,"IOTHUB_CLIENT_CONFIRMATION_OK"
17805,10328002839,10328002868,1,"IOTHUB_CLIENT_CONFIRMATION_OK"
17806,10328003039,10328003070,1,"IOTHUB_CLIENT_CONFIRMATION_OK"
17807,10328003239,10328003276,1,"IOTHUB_CLIENT_CONFIRMATION_OK"
17808,10328003439,10328003476,1,"IOTHUB_CLIENT_CONFIRMATION_OK"
17809,10328003639,10328003675,1,"IOTHUB_CLIENT_CONFIRMATION_OK"
17810,10328003839,10328003873,1,"IOTHUB_CLIENT_CONFIRMATION_OK"
17811,10328004040,10328004069,1,"IOTHUB_CLIENT_CONFIRMATION_OK"
17812,10328004240,10328004270,1,"IOTHUB_CLIENT_CONFIRMATION_OK"
17813,10328004440,10328004492,1,"IOTHUB_CLIENT_CONFIRMATION_OK"
17814,10328004640,10328004697,1,"IOTHUB_CLIENT_CONFIRMATION_OK"
17815,10328004840,10328004872,1,"IOTHUB_CLIENT_CONFIRMATION_OK"
17816,10328005040,10328005072,1,"IOTHUB_CLIENT_CONFIRMATION_OK"
17817,10328005241,10328005271,1,"IOTHUB_CLIENT_CONFIRMATION_OK"
17818,10328005441,10328005474,1,"IOTHUB_CLIENT_CONFIRMATION_OK"
17819,10328005641,10328005676,1,"IOTHUB_CLIENT_CONFIRMATION_OK"
17820,10328005841,10328005872,1,"IOTHUB_CLIENT_CONFIRMATION_OK"
17821,10328006041,10328006071,1,"IOTHUB_CLIENT_CONFIRMATION_OK"
17822,10328006241,10328006289,1,"IOTHUB_CLIENT_CONFIRMATION_OK"
17823,10328006441,10328006470,1,"IOTHUB_CLIENT_CONFIRMATION_OK"
17824,10328006642,10328006683,1,"IOTHUB_CLIENT_CONFIRMATION_OK"
17825,10328006842,10328006876,1,"IOTHUB_CLIENT_CONFIRMATION_OK"
17826,10328007042,10328007072,1,"IOTHUB_CLIENT_CONFIRMATION_OK"
17827,10328007242,10328007305,1,"IOTHUB_CLIENT_CONFIRMATION_OK"
17828,10328007442,10328007498,1,"IOTHUB_CLIENT_CONFIRMATION_OK"
17829,10328007642,10328007711,1,"IOTHUB_CLIENT_CONFIRMATION_OK"
17830,10328007843,10328007873,1,"IOTHUB_CLIENT_CONFIRMATION_OK"
17831,10328008043,10328008081,1,"IOTHUB_CLIENT_CONFIRMATION_OK"
17832,10328008243,10328008388,1,"IOTHUB_CLIENT_CONFIRMATION_OK"
17833,10328008443,10328008476,1,"IOTHUB_CLIENT_CONFIRMATION_OK"
17834,10328008643,10328008678,1,"IOTHUB_CLIENT_CONFIRMATION_OK"
17835,10328008843,10328008872,1,"IOTHUB_CLIENT_CONFIRMATION_OK"
17836,10328009044,10328009077,1,"IOTHUB_CLIENT_CONFIRMATION_OK"
17837,10328009244,10328009292,1,"IOTHUB_CLIENT_CONFIRMATION_OK"
17838,10328009444,10328009476,1,"IOTHUB_CLIENT_CONFIRMATION_OK"
17839,10328009644,10328009683,1,"IOTHUB_CLIENT_CONFIRMATION_OK"
17840,10328009844,10328010010,1,"IOTHUB_CLIENT_CONFIRMATION_OK"
17841,10328010045,10328010074,1,"IOTHUB_CLIENT_CONFIRMATION_OK"
17842,10328010245,10328010276,1,"IOTHUB_CLIENT_CONFIRMATION_OK"
17843,10328010445,10328010478,1,"IOTHUB_CLIENT_CONFIRMATION_OK"
17844,10328010645,10328010705,1,"IOTHUB_CLIENT_CONFIRMATION_OK"
17845,10328010845,10328011009,1,"IOTHUB_CLIENT_CONFIRMATION_OK"
17846,10328011045,10328011076,1,"IOTHUB_CLIENT_CONFIRMATION_OK"
17847,10328011245,10328011279,1,"IOTHUB_CLIENT_CONFIRMATION_OK"
17848,10328011446,10328011478,1,"IOTHUB_CLIENT_CONFIRMATION_OK"
17849,10328011646,10328011698,1,"IOTHUB_CLIENT_CONFIRMATION_OK"
17850,10328011846,10328011885,1,"IOTHUB_CLIENT_CONFIRMATION_OK"
17851,10328012046,10328012075,1,"IOTHUB_CLIENT_CONFIRMATION_OK"
17852,10328012246,10328012295,1,"IOTHUB_CLIENT_CONFIRMATION_OK"
17853,10328012446,10328012677,1,"IOTHUB_CLIENT_CONFIRMATION_OK"
17854,10328012647,10328012704,1,"IOTHUB_CLIENT_CONFIRMATION_OK"
17855,10328012847,10328012881,1,"IOTHUB_CLIENT_CONFIRMATION_OK"
17856,10328013047,10328013077,1,"IOTHUB_CLIENT_CONFIRMATION_OK"
17857,10328013247,10328013276,1,"IOTHUB_CLIENT_CONFIRMATION_OK"
17858,10328013447,10328013514,1,"IOTHUB_CLIENT_CONFIRMATION_OK"
17859,10328013647,10328013677,1,"IOTHUB_CLIENT_CONFIRMATION_OK"
17860,10328013848,10328013889,1,"IOTHUB_CLIENT_CONFIRMATION_OK"
17861,10328014048,10328014083,1,"IOTHUB_CLIENT_CONFIRMATION_OK"
17862,10328014248,10328014303,1,"IOTHUB_CLIENT_CONFIRMATION_OK"
17863,10328014448,10328014481,1,"IOTHUB_CLIENT_CONFIRMATION_OK"
17864,10328014648,10328014690,1,"IOTHUB_CLIENT_CONFIRMATION_OK"
17865,10328014848,10328014881,1,"IOTHUB_CLIENT_CONFIRMATION_OK"
17866,10328015049,10328015083,1,"IOTHUB_CLIENT_CONFIRMATION_OK"
17867,10328015249,10328015500,1,"IOTHUB_CLIENT_CONFIRMATION_OK"
17868,10328015449,10328015624,1,"IOTHUB_CLIENT_CONFIRMATION_OK"
17869,10328015649,10328015845,1,"IOTHUB_CLIENT_CONFIRMATION_OK"
17870,10328015849,10328015944,1,"IOTHUB_CLIENT_CONFIRMATION_OK"
17871,10328016049,10328016211,1,"IOTHUB_CLIENT_CONFIRMATION_OK"
17872,10328016250,10328016285,1,"IOTHUB_CLIENT_CONFIRMATION_OK"
17873,10328016450,10328016483,1,"IOTHUB_CLIENT_CONFIRMATION_OK"
17874,10328016650,10328016777,1,"IOTHUB_CLIENT_CONFIRMATION_OK"
17875,10328016850,10328016885,1,"IOTHUB_CLIENT_CONFIRMATION_OK"
17876,10328017050,10328017086,1,"IOTHUB_CLIENT_CONFIRMATION_OK"
17877,10328017250,10328017280,1,"IOTHUB_CLIENT_CONFIRMATION_OK"
17878,10328017451,10328017481,1,"IOTHUB_CLIENT_CONFIRMATION_OK"
17879,10328017651,10328017697,1,"IOTHUB_CLIENT_CONFIRMATION_OK"
17880,10328017851,10328017890,1,"IOTHUB_CLIENT_CONFIRMATION_OK"
17881,10328018051,10328018082,1,"IOTHUB_CLIENT_CONFIRMATION_OK"
17882,10328018251,10328018400,1,"IOTHUB_CLIENT_CONFIRMATION_OK"
17883,10328018451,10328018486,1,"IOTHUB_CLIENT_CONFIRMATION_OK"
17884,10328018651,10328018687,1,"IOTHUB_CLIENT_CONFIRMATION_OK"
17885,10328018852,10328018909,1,"IOTHUB_CLIENT_CONFIRMATION_OK"
17886,10328019052,10328019084,1,"IOTHUB_CLIENT_CONFIRMATION_OK"
17887,10328019252,10328019289,1,"IOTHUB_CLIENT_CONFIRMATION_OK"
17888,10328019452,10328019485,1,"IOTHUB_CLIENT_CONFIRMATION_OK"
17889,10328019652,10328019686,1,"IOTHUB_CLIENT_CONFIRMATION_OK"
17890,10328019852,10328020057,1,"IOTHUB_CLIENT_CONFIRMATION_OK"
17891,10328020053,10328020086,1,"IOTHUB_CLIENT_CONFIRMATION_OK"
17892,10328020253,10328020284,1,"IOTHUB_CLIENT_CONFIRMATION_OK"
17893,10328020453,10328020517,1,"IOTHUB_CLIENT_CONFIRMATION_OK"
17894,10328020653,10328020685,1,"IOTHUB_CLIENT_CONFIRMATION_OK"
17895,10328020853,10328021041,1,"IOTHUB_CLIENT_CONFIRMATION_OK"
17896,10328021053,10328021087,1,"IOTHUB_CLIENT_CONFIRMATION_OK"
17897,10328021253,10328021288,1,"IOTHUB_CLIENT_CONFIRMATION_OK"
17898,10328021454,10328021488,1,"IOTHUB_CLIENT_CONFIRMATION_OK"
17899,10328021654,10328021834,1,"IOTHUB_CLIENT_CONFIRMATION_OK"
17900,10328021854,10328021886,1,"IOTHUB_CLIENT_CONFIRMATION_OK"
17901,10328022054,10328022087,1,"IOTHUB_CLIENT_CONFIRMATION_OK"
17902,10328022254,10328022285,1,"IOTHUB_CLIENT_CONFIRMATION_OK"
17903,10328022454,10328022672,1,"IOTHUB_CLIENT_CONFIRMATION_OK"
17904,10328022655,10328022687,1,"IOTHUB_CLIENT_CONFIRMATION_OK"
17905,10328022855,10328022909,1,"IOTHUB_CLIENT_CONFIRMATION_OK"
17906,10328023055,10328023100,1,"IOTHUB_CLIENT_CONFIRMATION_OK"
17907,10328023255,10328023293,1,"IOTHUB_CLIENT_CONFIRMATION_OK"
17908,10328023455,10328023487,1,"IOTHUB_CLIENT_CONFIRMATION_OK"
17909,10328023655,10328023690,1,"IOTHUB_CLIENT_CONFIRMATION_OK"
17910,10328023855,10328023886,1,"IOTHUB_CLIENT_CONFIRMATION_OK"
17911,10328024056,10328024097,1,"IOTHUB_CLIENT_CONFIRMATION_OK"
17912,10328024256,10328024408,1,"IOTHUB_CLIENT_CONFIRMATION_OK"
17913,10328024456,10328024490,1,"IOTHUB_CLIENT_CONFIRMATION_OK"
17914,10328024656,10328024763,1,"IOTHUB_CLIENT_CONFIRMATION_OK"
17915,10328024856,10328024892,1,"IOTHUB_CLIENT_CONFIRMATION_OK"
17916,10328025057,10328025101,1,"IOTHUB_CLIENT_CONFIRMATION_OK"
17917,10328025257,10328025288,1,"IOTHUB_CLIENT_CONFIRMATION_OK"
17918,10328025457,10328025489,1,"IOTHUB_CLIENT_CONFIRMATION_OK"
17919,10328025657,10328025716,1,"IOTHUB_CLIENT_CONFIRMATION_OK"
17920,10328025858,10328025890,1,"IOTHUB_CLIENT_CONFIRMATION_OK"
17921,10328026058,10328026090,1,"IOTHUB_CLIENT_CONFIRMATION_OK"
17922,10328026258,10328026322,1,"IOTHUB_CLIENT_CONFIRMATION_OK"
17923,10328026458,10328026490,1,"IOTHUB_CLIENT_CONFIRMATION_OK"
17924,10328026659,10328026722,1,"IOTHUB_CLIENT_CONFIRMATION_OK"
17925,10328026859,10328026914,1,"IOTHUB_CLIENT_CONFIRMATION_OK"
17926,10328027059,10328027093,1,"IOTHUB_CLIENT_CONFIRMATION_OK"
17927,10328027259,10328027343,1,"IOTHUB_CLIENT_CONFIRMATION_OK"
17928,10328027459,10328027493,1,"IOTHUB_CLIENT_CONFIRMATION_OK"
17929,10328027659,10328027690,1,"IOTHUB_CLIENT_CONFIRMATION_OK"
17930,10328027860,10328027895,1,"IOTHUB_CLIENT_CONFIRMATION_OK"
17931,10328028060,10328028092,1,"IOTHUB_CLIENT_CONFIRMATION_OK"
17932,10328028260,10328028439,1,"IOTHUB_CLIENT_CONFIRMATION_OK"
17933,10328028460,10328028495,1,"IOTHUB_CLIENT_CONFIRMATION_OK"
17934,10328028660,10328028697,1,"IOTHUB_CLIENT_CONFIRMATION_OK"
17935,10328028860,10328028910,1,"IOTHUB_CLIENT_CONFIRMATION_OK"
17936,10328029061,10328029125,1,"IOTHUB_CLIENT_CONFIRMATION_OK"
17937,10328029261,10328029296,1,"IOTHUB_CLIENT_CONFIRMATION_OK"
17938,10328029461,10328029493,1,"IOTHUB_CLIENT_CONFIRMATION_OK"
17939,10328029661,10328029701,1,"IOTHUB_CLIENT_CONFIRMATION_OK"
17940,10328029861,10328029895,1,"IOTHUB_CLIENT_CONFIRMATION_OK"
17941,10328030061,10328030092,1,"IOTHUB_CLIENT_CONFIRMATION_OK"
17942,10328030262,10328030305,1,"IOTHUB_CLIENT_CONFIRMATION_OK"
17943,10328030462,10328030507,1,"IOTHUB_CLIENT_CONFIRMATION_OK"
17944,10328030662,10328030693,1,"IOTHUB_CLIENT_CONFIRMATION_OK"
17945,10328030862,10328030895,1,"IOTHUB_CLIENT_CONFIRMATION_OK"
17946,10328031062,10328031095,1,"IOTHUB_CLIENT_CONFIRMATION_OK"
17947,10328031262,10328031293,1,"IOTHUB_CLIENT_CONFIRMATION_OK"
17948,10328031463,10328031506,1,"IOTHUB_CLIENT_CONFIRMATION_OK"
17949,10328031663,10328031694,1,"IOTHUB_CLIENT_CONFIRMATION_OK"
17950,10328031863,10328031899,1,"IOTHUB_CLIENT_CONFIRMATION_OK"
17951,10328032063,10328032117,1,"IOTHUB_CLIENT_CONFIRMATION_OK"
17952,10328032263,10328032295,1,"IOTHUB_CLIENT_CONFIRMATION_OK"
17953,10328032464,10328032515,1,"IOTHUB_CLIENT_CONFIRMATION_OK"
17954,10328032664,10328032695,1,"IOTHUB_CLIENT_CONFIRMATION_OK"
17955,10328032864,10328032903,1,"IOTHUB_CLIENT_CONFIRMATION_OK"
17956,10328033064,10328033132,1,"IOTHUB_CLIENT_CONFIRMATION_OK"
17957,10328033264,10328033300,1,"IOTHUB_CLIENT_CONFIRMATION_OK"
17958,10328033464,10328033494,1,"IOTHUB_CLIENT_CONFIRMATION_OK"
17959,10328033664,10328033702,1,"IOTHUB_CLIENT_CONFIRMATION_OK"
17960,10328033865,10328033894,1,"IOTHUB_CLIENT_CONFIRMATION_OK"
17961,10328034065,10328034150,1,"IOTHUB_CLIENT_CONFIRMATION_OK"
17962,10328034265,10328034295,1,"IOTHUB_CLIENT_CONFIRMATION_OK"
17963,10328034465,10328034502,1,"IOTHUB_CLIENT_CONFIRMATION_OK"
17964,10328034665,10328034836,1,"IOTHUB_CLIENT_CONFIRMATION_OK"
17965,10328034865,10328034910,1,"IOTHUB_CLIENT_CONFIRMATION_OK"
17966,10328035065,10328035232,1,"IOTHUB_CLIENT_CONFIRMATION_OK"
17967,10328035266,10328035296,1,"IOTHUB_CLIENT_CONFIRMATION_OK"
17968,10328035466,10328035497,1,"IOTHUB_CLIENT_CONFIRMATION_OK"
17969,10328035666,10328035699,1,"IOTHUB_CLIENT_CONFIRMATION_OK"
17970,10328035866,10328035896,1,"IOTHUB_CLIENT_CONFIRMATION_OK"
17971,10328036066,10328036098,1,"IOTHUB_CLIENT_CONFIRMATION_OK"
17972,10328036266,10328036312,1,"IOTHUB_CLIENT_CONFIRMATION_OK"
17973,10328036467,10328036501,1,"IOTHUB_CLIENT_CONFIRMATION_OK"
17974,10328036667,10328036865,1,"IOTHUB_CLIENT_CONFIRMATION_OK"
17975,10328036867,10328036900,1,"IOTHUB_CLIENT_CONFIRMATION_OK"
17976,10328037067,10328037100,1,"IOTHUB_CLIENT_CONFIRMATION_OK"
17977,10328037267,10328037339,1,"IOTHUB_CLIENT_CONFIRMATION_OK"
17978,10328037468,10328037507,1,"IOTHUB_CLIENT_CONFIRMATION_OK"
17979,10328037668,10328037701,1,"IOTHUB_CLIENT_CONFIRMATION_OK"
17980,10328037868,10328037903,1,"IOTHUB_CLIENT_CONFIRMATION_OK"
17981,10328038068,10328038125,1,"IOTHUB_CLIENT_CONFIRMATION_OK"
17982,10328038268,10328038312,1,"IOTHUB_CLIENT_CONFIRMATION_OK"
17983,10328038468,10328038499,1,"IOTHUB_CLIENT_CONFIRMATION_OK"
17984,10328038669,10328038760,1,"IOTHUB_CLIENT_CONFIRMATION_OK"
17985,10328038869,10328038907,1,"IOTHUB_CLIENT_CONFIRMATION_OK"
17986,10328039069,10328039118,1,"IOTHUB_CLIENT_CONFIRMATION_OK"
17987,10328039269,10328039301,1,"IOTHUB_CLIENT_CONFIRMATION_OK"
17988,10328039469,10328039545,1,"IOTHUB_CLIENT_CONFIRMATION_OK"
17989,10328039669,10328039702,1,"IOTHUB_CLIENT_CONFIRMATION_OK"
17990,10328039869,10328039919,1,"IOTHUB_CLIENT_CONFIRMATION_OK"
17991,10328040070,10328040140,1,"IOTHUB_CLIENT_CONFIRMATION_OK"
17992,10328040270,10328040323,1,"IOTHUB_CLIENT_CONFIRMATION_OK"
17993,10328040470,10328040522,1,"IOTHUB_CLIENT_CONFIRMATION_OK"
17994,10328040670,10328040713,1,"IOTHUB_CLIENT_CONFIRMATION_OK"
17995,10328040870,10328040920,1,"IOTHUB_CLIENT_CONFIRMATION_OK"
17996,10328041071,10328041104,1,"IOTHUB_CLIENT_CONFIRMATION_OK"
17997,10328041271,10328041304,1,"IOTHUB_CLIENT_CONFIRMATION_OK"
17998,10328041471,10328041541,1,"IOTHUB_CLIENT_CONFIRMATION_OK"
17999,10328041671,10328041703,1,"IOTHUB_CLIENT_CONFIRMATION_OK"
18000,10328041871,10328041904,1,"IOTHUB_CLIENT_CONFIRMATION_OK"
18001,10328042071,10328042107,1,"IOTHUB_CLIENT_CONFIRMATION_OK"
18002,10328042271,10328042306,1,"IOTHUB_CLIENT_CONFIRMATION_OK"
18003,10328042472,10328042564,1,"IOTHUB_CLIENT_CONFIRMATION_OK"
18004,10328042672,10328042771,1,"IOTHUB_CLIENT_CONFIRMATION_OK"
18005,10328042872,10328042903,1,"IOTHUB_CLIENT_CONFIRMATION_OK"
18006,10328043072,10328043178,1,"IOTHUB_CLIENT_CONFIRMATION_OK"
18007,10328043272,10328043306,1,"IOTHUB_CLIENT_CONFIRMATION_OK"
18008,10328043472,10328043530,1,"IOTHUB_CLIENT_CONFIRMATION_OK"
18009,10328043673,10328043705,1,"IOTHUB_CLIENT_CONFIRMATION_OK"
18010,10328043873,10328043904,1,"IOTHUB_CLIENT_CONFIRMATION_OK"
18011,10328044073,10328044193,1,"IOTHUB_CLIENT_CONFIRMATION_OK"
18012,10328044273,10328044311,1,"IOTHUB_CLIENT_CONFIRMATION_OK"
18013,10328044473,10328044505,1,"IOTHUB_CLIENT_CONFIRMATION_OK"
18014,10328044674,10328044713,1,"IOTHUB_CLIENT_CONFIRMATION_OK"
18015,10328044874,10328044924,1,"IOTHUB_CLIENT_CONFIRMATION_OK"
18016,10328045074,10328045201,1,"IOTHUB_CLIENT_CONFIRMATION_OK"
18017,10328045274,10328045305,1,"IOTHUB_CLIENT_CONFIRMATION_OK"
18018,10328045474,10328045513,1,"IOTHUB_CLIENT_CONFIRMATION_OK"
18019,10328045674,10328045819,1,"IOTHUB_CLIENT_CONFIRMATION_OK"
18020,10328045875,10328045905,1,"IOTHUB_CLIENT_CONFIRMATION_OK"
18021,10328046075,10328046108,1,"IOTHUB_CLIENT_CONFIRMATION_OK"
18022,10328046275,10328046307,1,"IOTHUB_CLIENT_CONFIRMATION_OK"
18023,10328046475,10328046508,1,"IOTHUB_CLIENT_CONFIRMATION_OK"
18024,10328046675,10328046834,1,"IOTHUB_CLIENT_CONFIRMATION_OK"
18025,10328046875,10328046918,1,"IOTHUB_CLIENT_CONFIRMATION_OK"
18026,10328047075,10328047106,1,"IOTHUB_CLIENT_CONFIRMATION_OK"
18027,10328047276,10328047312,1,"IOTHUB_CLIENT_CONFIRMATION_OK"
18028,10328047476,10328047507,1,"IOTHUB_CLIENT_CONFIRMATION_OK"
18029,10328047676,10328047736,1,"IOTHUB_CLIENT_CONFIRMATION_OK"
18030,10328047876,10328047907,1,"IOTHUB_CLIENT_CONFIRMATION_OK"
18031,10328048076,10328048107,1,"IOTHUB_CLIENT_CONFIRMATION_OK"
18032,10328048277,10328048465,1,"IOTHUB_CLIENT_CONFIRMATION_OK"
18033,10328048477,10328048507,1,"IOTHUB_CLIENT_CONFIRMATION_OK"
18034,10328048677,10328048709,1,"IOTHUB_CLIENT_CONFIRMATION_OK"
18035,10328048877,10328049037,1,"IOTHUB_CLIENT_CONFIRMATION_OK"
18036,10328049077,10328049109,1,"IOTHUB_CLIENT_CONFIRMATION_OK"
18037,10328049277,10328049315,1,"IOTHUB_CLIENT_CONFIRMATION_OK"
18038,10328049477,10328049545,1,"IOTHUB_CLIENT_CONFIRMATION_OK"
18039,10328049678,10328049709,1,"IOTHUB_CLIENT_CONFIRMATION_OK"
18040,10328049878,10328049916,1,"IOTHUB_CLIENT_CONFIRMATION_OK"
18041,10328050078,10328050193,1,"IOTHUB_CLIENT_CONFIRMATION_OK"
18042,10328050278,10328050322,1,"IOTHUB_CLIENT_CONFIRMATION_OK"
18043,10328050478,10328050523,1,"IOTHUB_CLIENT_CONFIRMATION_OK"
18044,10328050678,10328050714,1,"IOTHUB_CLIENT_CONFIRMATION_OK"
18045,10328050879,10328050921,1,"IOTHUB_CLIENT_CONFIRMATION_OK"
18046,10328051079,10328051112,1,"IOTHUB_CLIENT_CONFIRMATION_OK"
18047,10328051279,10328051310,1,"IOTHUB_CLIENT_CONFIRMATION_OK"
18048,10328051479,10328051553,1,"IOTHUB_CLIENT_CONFIRMATION_OK"
18049,10328051679,10328051712,1,"IOTHUB_CLIENT_CONFIRMATION_OK"
18050,10328051879,10328051911,1,"IOTHUB_CLIENT_CONFIRMATION_OK"
18051,10328052079,10328052171,1,"IOTHUB_CLIENT_CONFIRMATION_OK"
18052,10328052280,10328052314,1,"IOTHUB_CLIENT_CONFIRMATION_OK"
18053,10328052480,10328052570,1,"IOTHUB_CLIENT_CONFIRMATION_OK"
18054,10328052680,10328052716,1,"IOTHUB_CLIENT_CONFIRMATION_OK"
18055,10328052880,10328052912,1,"IOTHUB_CLIENT_CONFIRMATION_OK"
18056,10328053080,10328053187,1,"IOTHUB_CLIENT_CONFIRMATION_OK"
18057,10328053281,10328053319,1,"IOTHUB_CLIENT_CONFIRMATION_OK"
18058,10328053481,10328053525,1,"IOTHUB_CLIENT_CONFIRMATION_OK"
18059,10328053681,10328053716,1,"IOTHUB_CLIENT_CONFIRMATION_OK"
18060,10328053881,10328053914,1,"IOTHUB_CLIENT_CONFIRMATION_OK"
18061,10328054081,10328054209,1,"IOTHUB_CLIENT_CONFIRMATION_OK"
18062,10328054282,10328054313,1,"IOTHUB_CLIENT_CONFIRMATION_OK"
18063,10328054482,10328054521,1,"IOTHUB_CLIENT_CONFIRMATION_OK"
18064,10328054682,10328054713,1,"IOTHUB_CLIENT_CONFIRMATION_OK"
18065,10328054882,10328054928,1,"IOTHUB_CLIENT_CONFIRMATION_OK"
18066,10328055083,10328055116,1,"IOTHUB_CLIENT_CONFIRMATION_OK"
18067,10328055283,10328055316,1,"IOTHUB_CLIENT_CONFIRMATION_OK"
18068,10328055483,10328055522,1,"IOTHUB_CLIENT_CONFIRMATION_OK"
18069,10328055683,10328055717,1,"IOTHUB_CLIENT_CONFIRMATION_OK"
18070,10328055883,10328055915,1,"IOTHUB_CLIENT_CONFIRMATION_OK"
18071,10328056084,10328056115,1,"IOTHUB_CLIENT_CONFIRMATION_OK"
18072,10328056284,10328056317,1,"IOTHUB_CLIENT_CONFIRMATION_OK"
18073,10328056484,10328056515,1,"IOTHUB_CLIENT_CONFIRMATION_OK"
18074,10328056684,10328056894,1,"IOTHUB_CLIENT_CONFIRMATION_OK"
18075,10328056884,10328056928,1,"IOTHUB_CLIENT_CONFIRMATION_OK"
18076,10328057084,10328057123,1,"IOTHUB_CLIENT_CONFIRMATION_OK"
18077,10328057284,10328057322,1,"IOTHUB_CLIENT_CONFIRMATION_OK"
18078,10328057485,10328057516,1,"IOTHUB_CLIENT_CONFIRMATION_OK"
18079,10328057685,10328057718,1,"IOTHUB_CLIENT_CONFIRMATION_OK"
18080,10328057885,10328057928,1,"IOTHUB_CLIENT_CONFIRMATION_OK"
18081,10328058085,10328058115,1,"IOTHUB_CLIENT_CONFIRMATION_OK"
18082,10328058285,10328058322,1,"IOTHUB_CLIENT_CONFIRMATION_OK"
18083,10328058486,10328058732,1,"IOTHUB_CLIENT_CONFIRMATION_OK"
18084,10328058686,10328058756,1,"IOTHUB_CLIENT_CONFIRMATION_OK"
18085,10328058886,10328058955,1,"IOTHUB_CLIENT_CONFIRMATION_OK"
18086,10328059086,10328059118,1,"IOTHUB_CLIENT_CONFIRMATION_OK"
18087,10328059286,10328059323,1,"IOTHUB_CLIENT_CONFIRMATION_OK"
18088,10328059486,10328059522,1,"IOTHUB_CLIENT_CONFIRMATION_OK"
18089,10328059687,10328059718,1,"IOTHUB_CLIENT_CONFIRMATION_OK"
18090,10328059887,10328059991,1,"IOTHUB_CLIENT_CONFIRMATION_OK"
18091,10328060087,10328060130,1,"IOTHUB_CLIENT_CONFIRMATION_OK"
18092,10328060287,10328060318,1,"IOTHUB_CLIENT_CONFIRMATION_OK"
18093,10328060487,10328060531,1,"IOTHUB_CLIENT_CONFIRMATION_OK"
18094,10328060687,10328060718,1,"IOTHUB_CLIENT_CONFIRMATION_OK"
18095,10328060887,10328061183,1,"IOTHUB_CLIENT_CONFIRMATION_OK"
18096,10328061088,10328061207,1,"IOTHUB_CLIENT_CONFIRMATION_OK"
18097,10328061288,10328061325,1,"IOTHUB_CLIENT_CONFIRMATION_OK"
18098,10328061488,10328061611,1,"IOTHUB_CLIENT_CONFIRMATION_OK"
18099,10328061688,10328061727,1,"IOTHUB_CLIENT_CONFIRMATION_OK"
18100,10328061888,10328061921,1,"IOTHUB_CLIENT_CONFIRMATION_OK"
18101,10328062088,10328062121,1,"IOTHUB_CLIENT_CONFIRMATION_OK"
18102,10328062288,10328062319,1,"IOTHUB_CLIENT_CONFIRMATION_OK"
18103,10328062489,10328062641,1,"IOTHUB_CLIENT_CONFIRMATION_OK"
18104,10328062689,10328062731,1,"IOTHUB_CLIENT_CONFIRMATION_OK"
18105,10328062889,10328062932,1,"IOTHUB_CLIENT_CONFIRMATION_OK"
18106,10328063089,10328063121,1,"IOTHUB_CLIENT_CONFIRMATION_OK"
18107,10328063289,10328063320,1,"IOTHUB_CLIENT_CONFIRMATION_OK"
18108,10328063489,10328063526,1,"IOTHUB_CLIENT_CONFIRMATION_OK"
18109,10328063690,10328063783,1,"IOTHUB_CLIENT_CONFIRMATION_OK"
18110,10328063890,10328063931,1,"IOTHUB_CLIENT_CONFIRMATION_OK"
18111,10328064090,10328064188,1,"IOTHUB_CLIENT_CONFIRMATION_OK"
18112,10328064290,10328064321,1,"IOTHUB_CLIENT_CONFIRMATION_OK"
18113,10328064490,10328064534,1,"IOTHUB_CLIENT_CONFIRMATION_OK"
18114,10328064691,10328064723,1,"IOTHUB_CLIENT_CONFIRMATION_OK"
18115,10328064891,10328064921,1,"IOTHUB_CLIENT_CONFIRMATION_OK"
18116,10328065091,10328065210,1,"IOTHUB_CLIENT_CONFIRMATION_OK"
18117,10328065291,10328065330,1,"IOTHUB_CLIENT_CONFIRMATION_OK"
18118,10328065491,10328065522,1,"IOTHUB_CLIENT_CONFIRMATION_OK"
18119,10328065691,10328065819,1,"IOTHUB_CLIENT_CONFIRMATION_OK"
18120,10328065892,10328065922,1,"IOTHUB_CLIENT_CONFIRMATION_OK"
18121,10328066092,10328066126,1,"IOTHUB_CLIENT_CONFIRMATION_OK"
18122,10328066292,10328066324,1,"IOTHUB_CLIENT_CONFIRMATION_OK"
18123,10328066492,10328066525,1,"IOTHUB_CLIENT_CONFIRMATION_OK"
18124,10328066692,10328066825,1,"IOTHUB_CLIENT_CONFIRMATION_OK"
18125,10328066892,10328066925,1,"IOTHUB_CLIENT_CONFIRMATION_OK"
18126,10328067092,10328067124,1,"IOTHUB_CLIENT_CONFIRMATION_OK"
18127,10328067293,10328067328,1,"IOTHUB_CLIENT_CONFIRMATION_OK"
18128,10328067493,10328067525,1,"IOTHUB_CLIENT_CONFIRMATION_OK"
18129,10328067693,10328067732,1,"IOTHUB_CLIENT_CONFIRMATION_OK"
18130,10328067894,10328067948,1,"IOTHUB_CLIENT_CONFIRMATION_OK"
18131,10328068094,10328068127,1,"IOTHUB_CLIENT_CONFIRMATION_OK"
18132,10328068294,10328068452,1,"IOTHUB_CLIENT_CONFIRMATION_OK"
18133,10328068494,10328068525,1,"IOTHUB_CLIENT_CONFIRMATION_OK"
18134,10328068694,10328068730,1,"IOTHUB_CLIENT_CONFIRMATION_OK"
18135,10328068894,10328068925,1,"IOTHUB_CLIENT_CONFIRMATION_OK"
18136,10328069094,10328069123,1,"IOTHUB_CLIENT_CONFIRMATION_OK"
18137,10328069295,10328069329,1,"IOTHUB_CLIENT_CONFIRMATION_OK"
18138,10328069495,10328069529,1,"IOTHUB_CLIENT_CONFIRMATION_OK"
18139,10328069695,10328069729,1,"IOTHUB_CLIENT_CONFIRMATION_OK"
18140,10328069895,10328069930,1,"IOTHUB_CLIENT_CONFIRMATION_OK"
18141,10328070095,10328070125,1,"IOTHUB_CLIENT_CONFIRMATION_OK"
18142,10328070295,10328070345,1,"IOTHUB_CLIENT_CONFIRMATION_OK"
18143,10328070496,10328070546,1,"IOTHUB_CLIENT_CONFIRMATION_OK"
18144,10328070696,10328070728,1,"IOTHUB_CLIENT_CONFIRMATION_OK"
18145,10328070896,10328070926,1,"IOTHUB_CLIENT_CONFIRMATION_OK"
18146,10328071096,10328071124,1,"IOTHUB_CLIENT_CONFIRMATION_OK"
18147,10328071296,10328071326,1,"IOTHUB_CLIENT_CONFIRMATION_OK"
18148,10328071496,10328071535,1,"IOTHUB_CLIENT_CONFIRMATION_OK"
18149,10328071696,10328071724,1,"IOTHUB_CLIENT_CONFIRMATION_OK"
18150,10328071897,10328071931,1,"IOTHUB_CLIENT_CONFIRMATION_OK"
18151,10328072097,10328072138,1,"IOTHUB_CLIENT_CONFIRMATION_OK"
18152,10328072297,10328072331,1,"IOTHUB_CLIENT_CONFIRMATION_OK"
18153,10328072497,10328072574,1,"IOTHUB_CLIENT_CONFIRMATION_OK"
18154,10328072697,10328072729,1,"IOTHUB_CLIENT_CONFIRMATION_OK"
18155,10328072898,10328072938,1,"IOTHUB_CLIENT_CONFIRMATION_OK"
18156,10328073098,10328073154,1,"IOTHUB_CLIENT_CONFIRMATION_OK"
18157,10328073298,10328073331,1,"IOTHUB_CLIENT_CONFIRMATION_OK"
18158,10328073498,10328073530,1,"IOTHUB_CLIENT_CONFIRMATION_OK"
18159,10328073698,10328073727,1,"IOTHUB_CLIENT_CONFIRMATION_OK"
18160,10328073898,10328073942,1,"IOTHUB_CLIENT_CONFIRMATION_OK"
18161,10328074099,10328074179,1,"IOTHUB_CLIENT_CONFIRMATION_OK"
18162,10328074299,10328074333,1,"IOTHUB_CLIENT_CONFIRMATION_OK"
18163,10328074499,10328074533,1,"IOTHUB_CLIENT_CONFIRMATION_OK"
18164,10328074699,10328074783,1,"IOTHUB_CLIENT_CONFIRMATION_OK"
18165,10328074899,10328074928,1,"IOTHUB_CLIENT_CONFIRMATION_OK"
18166,10328075099,10328075161,1,"IOTHUB_CLIENT_CONFIRMATION_OK"
18167,10328075300,10328075335,1,"IOTHUB_CLIENT_CONFIRMATION_OK"
18168,10328075500,10328075536,1,"IOTHUB_CLIENT_CONFIRMATION_OK"
18169,10328075700,10328075808,1,"IOTHUB_CLIENT_CONFIRMATION_OK"
18170,10328075900,10328075940,1,"IOTHUB_CLIENT_CONFIRMATION_OK"
18171,10328076101,10328076131,1,"IOTHUB_CLIENT_CONFIRMATION_OK"
18172,10328076301,10328076349,1,"IOTHUB_CLIENT_CONFIRMATION_OK"
18173,10328076501,10328076531,1,"IOTHUB_CLIENT_CONFIRMATION_OK"
18174,10328076701,10328076838,1,"IOTHUB_CLIENT_CONFIRMATION_OK"
18175,10328076901,10328076934,1,"IOTHUB_CLIENT_CONFIRMATION_OK"
18176,10328077101,10328077144,1,"IOTHUB_CLIENT_CONFIRMATION_OK"
18177,10328077302,10328077334,1,"IOTHUB_CLIENT_CONFIRMATION_OK"
18178,10328077502,10328077538,1,"IOTHUB_CLIENT_CONFIRMATION_OK"
18179,10328077702,10328077735,1,"IOTHUB_CLIENT_CONFIRMATION_OK"
18180,10328077902,10328077931,1,"IOTHUB_CLIENT_CONFIRMATION_OK"
18181,10328078102,10328078145,1,"IOTHUB_CLIENT_CONFIRMATION_OK"
18182,10328078303,10328078471,1,"IOTHUB_CLIENT_CONFIRMATION_OK"
18183,10328078503,10328078558,1,"IOTHUB_CLIENT_CONFIRMATION_OK"
18184,10328078703,10328078732,1,"IOTHUB_CLIENT_CONFIRMATION_OK"
18185,10328078903,10328078936,1,"IOTHUB_CLIENT_CONFIRMATION_OK"
18186,10328079103,10328079137,1,"IOTHUB_CLIENT_CONFIRMATION_OK"
18187,10328079304,10328079345,1,"IOTHUB_CLIENT_CONFIRMATION_OK"
18188,10328079504,10328079539,1,"IOTHUB_CLIENT_CONFIRMATION_OK"
18189,10328079704,10328079738,1,"IOTHUB_CLIENT_CONFIRMATION_OK"
18190,10328079904,10328079962,1,"IOTHUB_CLIENT_CONFIRMATION_OK"
18191,10328080104,10328080136,1,"IOTHUB_CLIENT_CONFIRMATION_OK"
18192,10328080305,10328080335,1,"IOTHUB_CLIENT_CONFIRMATION_OK"
18193,10328080505,10328080558,1,"IOTHUB_CLIENT_CONFIRMATION_OK"
18194,10328080705,10328080739,1,"IOTHUB_CLIENT_CONFIRMATION_OK"
18195,10328080905,10328080957,1,"IOTHUB_CLIENT_CONFIRMATION_OK"
18196,10328081105,10328081273,1,"IOTHUB_CLIENT_CONFIRMATION_OK"
18197,10328081305,10328081335,1,"IOTHUB_CLIENT_CONFIRMATION_OK"
18198,10328081506,10328081538,1,"IOTHUB_CLIENT_CONFIRMATION_OK"
18199,10328081706,10328081750,1,"IOTHUB_CLIENT_CONFIRMATION_OK"
18200,10328081906,10328081939,1,"IOTHUB_CLIENT_CONFIRMATION_OK"
18201,10328082106,10328082141,1,"IOTHUB_CLIENT_CONFIRMATION_OK"
18202,10328082306,10328082334,1,"IOTHUB_CLIENT_CONFIRMATION_OK"
18203,10328082506,10328082677,1,"IOTHUB_CLIENT_CONFIRMATION_OK"
18204,10328082706,10328082734,1,"IOTHUB_CLIENT_CONFIRMATION_OK"
18205,10328082907,10328082939,1,"IOTHUB_CLIENT_CONFIRMATION_OK"
18206,10328083107,10328083145,1,"IOTHUB_CLIENT_CONFIRMATION_OK"
18207,10328083307,10328083342,1,"IOTHUB_CLIENT_CONFIRMATION_OK"
18208,10328083507,10328083559,1,"IOTHUB_CLIENT_CONFIRMATION_OK"
18209,10328083707,10328083752,1,"IOTHUB_CLIENT_CONFIRMATION_OK"
18210,10328083907,10328083938,1,"IOTHUB_CLIENT_CONFIRMATION_OK"
18211,10328084108,10328084135,1,"IOTHUB_CLIENT_CONFIRMATION_OK"
18212,10328084308,10328084347,1,"IOTHUB_CLIENT_CONFIRMATION_OK"
18213,10328084508,10328084543,1,"IOTHUB_CLIENT_CONFIRMATION_OK"
18214,10328084708,10328084755,1,"IOTHUB_CLIENT_CONFIRMATION_OK"
18215,10328084908,10328084938,1,"IOTHUB_CLIENT_CONFIRMATION_OK"
18216,10328085108,10328085316,1,"IOTHUB_CLIENT_CONFIRMATION_OK"
18217,10328085308,10328085345,1,"IOTHUB_CLIENT_CONFIRMATION_OK"
18218,10328085509,10328085543,1,"IOTHUB_CLIENT_CONFIRMATION_OK"
18219,10328085709,10328085746,1,"IOTHUB_CLIENT_CONFIRMATION_OK"
18220,10328085909,10328085941,1,"IOTHUB_CLIENT_CONFIRMATION_OK"
18221,10328086109,10328086152,1,"IOTHUB_CLIENT_CONFIRMATION_OK"
18222,10328086309,10328086343,1,"IOTHUB_CLIENT_CONFIRMATION_OK"
18223,10328086509,10328086548,1,"IOTHUB_CLIENT_CONFIRMATION_OK"
18224,10328086709,10328086747,1,"IOTHUB_CLIENT_CONFIRMATION_OK"
18225,10328086910,10328086942,1,"IOTHUB_CLIENT_CONFIRMATION_OK"
18226,10328087110,10328087174,1,"IOTHUB_CLIENT_CONFIRMATION_OK"
18227,10328087310,10328087363,1,"IOTHUB_CLIENT_CONFIRMATION_OK"
18228,10328087510,10328087547,1,"IOTHUB_CLIENT_CONFIRMATION_OK"
18229,10328087710,10328087770,1,"IOTHUB_CLIENT_CONFIRMATION_OK"
18230,10328087911,10328087945,1,"IOTHUB_CLIENT_CONFIRMATION_OK"
18231,10328088111,10328088150,1,"IOTHUB_CLIENT_CONFIRMATION_OK"
18232,10328088311,10328088434,1,"IOTHUB_CLIENT_CONFIRMATION_OK"
18233,10328088511,10328088544,1,"IOTHUB_CLIENT_CONFIRMATION_OK"
18234,10328088712,10328088746,1,"IOTHUB_CLIENT_CONFIRMATION_OK"
18235,10328088912,10328088944,1,"IOTHUB_CLIENT_CONFIRMATION_OK"
18236,10328089112,10328089163,1,"IOTHUB_CLIENT_CONFIRMATION_OK"
18237,10328089312,10328089343,1,"IOTHUB_CLIENT_CONFIRMATION_OK"
18238,10328089512,10328089548,1,"IOTHUB_CLIENT_CONFIRMATION_OK"
18239,10328089712,10328089744,1,"IOTHUB_CLIENT_CONFIRMATION_OK"
18240,10328089913,10328090062,1,"IOTHUB_CLIENT_CONFIRMATION_OK"
18241,10328090113,10328090147,1,"IOTHUB_CLIENT_CONFIRMATION_OK"
18242,10328090313,10328090345,1,"IOTHUB_CLIENT_CONFIRMATION_OK"
18243,10328090513,10328090544,1,"IOTHUB_CLIENT_CONFIRMATION_OK"
18244,10328090713,10328090747,1,"IOTHUB_CLIENT_CONFIRMATION_OK"
18245,10328090914,10328091069,1,"IOTHUB_CLIENT_CONFIRMATION_OK"
18246,10328091114,10328091143,1,"IOTHUB_CLIENT_CONFIRMATION_OK"
18247,10328091314,10328091379,1,"IOTHUB_CLIENT_CONFIRMATION_OK"
18248,10328091514,10328091549,1,"IOTHUB_CLIENT_CONFIRMATION_OK"
18249,10328091714,10328091750,1,"IOTHUB_CLIENT_CONFIRMATION_OK"
18250,10328091915,10328091947,1,"IOTHUB_CLIENT_CONFIRMATION_OK"
18251,10328092115,10328092162,1,"IOTHUB_CLIENT_CONFIRMATION_OK"
18252,10328092315,10328092349,1,"IOTHUB_CLIENT_CONFIRMATION_OK"
18253,10328092515,10328092694,1,"IOTHUB_CLIENT_CONFIRMATION_OK"
18254,10328092715,10328092757,1,"IOTHUB_CLIENT_CONFIRMATION_OK"
18255,10328092916,10328092947,1,"IOTHUB_CLIENT_CONFIRMATION_OK"
18256,10328093116,10328093148,1,"IOTHUB_CLIENT_CONFIRMATION_OK"
18257,10328093316,10328093347,1,"IOTHUB_CLIENT_CONFIRMATION_OK"
18258,10328093516,10328093793,1,"IOTHUB_CLIENT_CONFIRMATION_OK"
18259,10328093716,10328093813,1,"IOTHUB_CLIENT_CONFIRMATION_OK"
18260,10328093917,10328093949,1,"IOTHUB_CLIENT_CONFIRMATION_OK"
18261,10328094117,10328094184,1,"IOTHUB_CLIENT_CONFIRMATION_OK"
18262,10328094317,10328094390,1,"IOTHUB_CLIENT_CONFIRMATION_OK"
18263,10328094517,10328094548,1,"IOTHUB_CLIENT_CONFIRMATION_OK"
18264,10328094717,10328094863,1,"IOTHUB_CLIENT_CONFIRMATION_OK"
18265,10328094917,10328094947,1,"IOTHUB_CLIENT_CONFIRMATION_OK"
18266,10328095117,10328095190,1,"IOTHUB_CLIENT_CONFIRMATION_OK"
18267,10328095318,10328095351,1,"IOTHUB_CLIENT_CONFIRMATION_OK"
18268,10328095518,10328095551,1,"IOTHUB_CLIENT_CONFIRMATION_OK"
18269,10328095718,10328095814,1,"IOTHUB_CLIENT_CONFIRMATION_OK"
18270,10328095918,10328095948,1,"IOTHUB_CLIENT_CONFIRMATION_OK"
18271,10328096118,10328096149,1,"IOTHUB_CLIENT_CONFIRMATION_OK"
18272,10328096318,10328096350,1,"IOTHUB_CLIENT_CONFIRMATION_OK"
18273,10328096519,10328096567,1,"IOTHUB_CLIENT_CONFIRMATION_OK"
18274,10328096719,10328096828,1,"IOTHUB_CLIENT_CONFIRMATION_OK"
18275,10328096919,10328096951,1,"IOTHUB_CLIENT_CONFIRMATION_OK"
18276,10328097119,10328097155,1,"IOTHUB_CLIENT_CONFIRMATION_OK"
18277,10328097319,10328097437,1,"IOTHUB_CLIENT_CONFIRMATION_OK"
18278,10328097519,10328097553,1,"IOTHUB_CLIENT_CONFIRMATION_OK"
18279,10328097720,10328097751,1,"IOTHUB_CLIENT_CONFIRMATION_OK"
18280,10328097920,10328097951,1,"IOTHUB_CLIENT_CONFIRMATION_OK"
18281,10328098120,10328098171,1,"IOTHUB_CLIENT_CONFIRMATION_OK"
18282,10328098320,10328098475,1,"IOTHUB_CLIENT_CONFIRMATION_OK"
18283,10328098520,10328098555,1,"IOTHUB_CLIENT_CONFIRMATION_OK"
18284,10328098720,10328098752,1,"IOTHUB_CLIENT_CONFIRMATION_OK"
18285,10328098920,10328098953,1,"IOTHUB_CLIENT_CONFIRMATION_OK"
18286,10328099121,10328099182,1,"IOTHUB_CLIENT_CONFIRMATION_OK"
18287,10328099321,10328099510,1,"IOTHUB_CLIENT_CONFIRMATION_OK"
18288,10328099521,10328099551,1,"IOTHUB_CLIENT_CONFIRMATION_OK"
18289,10328099721,10328099757,1,"IOTHUB_CLIENT_CONFIRMATION_OK"
18290,10328099921,10328099957,1,"IOTHUB_CLIENT_CONFIRMATION_OK"
18291,10328100121,10328100165,1,"IOTHUB_CLIENT_CONFIRMATION_OK"
18292,10328100322,10328100354,1,"IOTHUB_CLIENT_CONFIRMATION_OK"
18293,10328100522,10328100629,1,"IOTHUB_CLIENT_CONFIRMATION_OK"
18294,10328100722,10328100753,1,"IOTHUB_CLIENT_CONFIRMATION_OK"
18295,10328100922,10328101130,1,"IOTHUB_CLIENT_CONFIRMATION_OK"
18296,10328101122,10328101155,1,"IOTHUB_CLIENT_CONFIRMATION_OK"
18297,10328101322,10328101420,1,"IOTHUB_CLIENT_CONFIRMATION_OK"
18298,10328101523,10328101556,1,"IOTHUB_CLIENT_CONFIRMATION_OK"
18299,10328101723,10328101756,1,"IOTHUB_CLIENT_CONFIRMATION_OK"
18300,10328101923,10328101960,1,"IOTHUB_CLIENT_CONFIRMATION_OK"
18301,10328102123,10328102174,1,"IOTHUB_CLIENT_CONFIRMATION_OK"
18302,10328102323,10328102375,1,"IOTHUB_CLIENT_CONFIRMATION_OK"
18303,10328102523,10328102594,1,"IOTHUB_CLIENT_CONFIRMATION_OK"
18304,10328102723,10328102755,1,"IOTHUB_CLIENT_CONFIRMATION_OK"
18305,10328102924,10328102957,1,"IOTHUB_CLIENT_CONFIRMATION_OK"
18306,10328103124,10328103184,1,"IOTHUB_CLIENT_CONFIRMATION_OK"
18307,10328103324,10328103356,1,"IOTHUB_CLIENT_CONFIRMATION_OK"
18308,10328103524,10328103557,1,"IOTHUB_CLIENT_CONFIRMATION_OK"
18309,10328103724,10328103753,1,"IOTHUB_CLIENT_CONFIRMATION_OK"
18310,10328103924,10328103956,1,"IOTHUB_CLIENT_CONFIRMATION_OK"
18311,10328104124,10328104202,1,"IOTHUB_CLIENT_CONFIRMATION_OK"
18312,10328104325,10328104359,1,"IOTHUB_CLIENT_CONFIRMATION_OK"
18313,10328104525,10328104585,1,"IOTHUB_CLIENT_CONFIRMATION_OK"
18314,10328104725,10328104810,1,"IOTHUB_CLIENT_CONFIRMATION_OK"
18315,10328104925,10328104953,1,"IOTHUB_CLIENT_CONFIRMATION_OK"
18316,10328105125,10328105160,1,"IOTHUB_CLIENT_CONFIRMATION_OK"
18317,10328105325,10328105359,1,"IOTHUB_CLIENT_CONFIRMATION_OK"
18318,10328105526,10328105566,1,"IOTHUB_CLIENT_CONFIRMATION_OK"
18319,10328105726,10328105830,1,"IOTHUB_CLIENT_CONFIRMATION_OK"
18320,10328105926,10328105957,1,"IOTHUB_CLIENT_CONFIRMATION_OK"
18321,10328106126,10328106161,1,"IOTHUB_CLIENT_CONFIRMATION_OK"
18322,10328106326,10328106360,1,"IOTHUB_CLIENT_CONFIRMATION_OK"
18323,10328106526,10328106555,1,"IOTHUB_CLIENT_CONFIRMATION_OK"
18324,10328106727,10328106839,1,"IOTHUB_CLIENT_CONFIRMATION_OK"
18325,10328106927,10328106957,1,"IOTHUB_CLIENT_CONFIRMATION_OK"
18326,10328107127,10328107158,1,"IOTHUB_CLIENT_CONFIRMATION_OK"
18327,10328107327,10328107456,1,"IOTHUB_CLIENT_CONFIRMATION_OK"
18328,10328107527,10328107569,1,"IOTHUB_CLIENT_CONFIRMATION_OK"
18329,10328107727,10328107761,1,"IOTHUB_CLIENT_CONFIRMATION_OK"
18330,10328107928,10328107956,1,"IOTHUB_CLIENT_CONFIRMATION_OK"
18331,10328108128,10328108213,1,"IOTHUB_CLIENT_CONFIRMATION_OK"
18332,10328108328,10328108472,1,"IOTHUB_CLIENT_CONFIRMATION_OK"
18333,10328108528,10328108562,1,"IOTHUB_CLIENT_CONFIRMATION_OK"
18334,10328108728,10328108775,1,"IOTHUB_CLIENT_CONFIRMATION_OK"
18335,10328108928,10328108957,1,"IOTHUB_CLIENT_CONFIRMATION_OK"
18336,10328109129,10328109161,1,"IOTHUB_CLIENT_CONFIRMATION_OK"
18337,10328109329,10328109364,1,"IOTHUB_CLIENT_CONFIRMATION_OK"
18338,10328109529,10328109560,1,"IOTHUB_CLIENT_CONFIRMATION_OK"
18339,10328109729,10328109774,1,"IOTHUB_CLIENT_CONFIRMATION_OK"
18340,10328109929,10328110115,1,"IOTHUB_CLIENT_CONFIRMATION_OK"
18341,10328110129,10328110158,1,"IOTHUB_CLIENT_CONFIRMATION_OK"
18342,10328110330,10328110371,1,"IOTHUB_CLIENT_CONFIRMATION_OK"
18343,10328110530,10328110561,1,"IOTHUB_CLIENT_CONFIRMATION_OK"
18344,10328110730,10328110764,1,"IOTHUB_CLIENT_CONFIRMATION_OK"
18345,10328110930,10328111117,1,"IOTHUB_CLIENT_CONFIRMATION_OK"
18346,10328111130,10328111163,1,"IOTHUB_CLIENT_CONFIRMATION_OK"
18347,10328111331,10328111361,1,"IOTHUB_CLIENT_CONFIRMATION_OK"
18348,10328111531,10328111563,1,"IOTHUB_CLIENT_CONFIRMATION_OK"
18349,10328111731,10328111761,1,"IOTHUB_CLIENT_CONFIRMATION_OK"
18350,10328111931,10328111962,1,"IOTHUB_CLIENT_CONFIRMATION_OK"
18351,10328112131,10328112180,1,"IOTHUB_CLIENT_CONFIRMATION_OK"
18352,10328112332,10328112406,1,"IOTHUB_CLIENT_CONFIRMATION_OK"
18353,10328112532,10328112586,1,"IOTHUB_CLIENT_CONFIRMATION_OK"
18354,10328112732,10328112769,1,"IOTHUB_CLIENT_CONFIRMATION_OK"
18355,10328112932,10328112963,1,"IOTHUB_CLIENT_CONFIRMATION_OK"
18356,10328113132,10328113174,1,"IOTHUB_CLIENT_CONFIRMATION_OK"
18357,10328113332,10328113364,1,"IOTHUB_CLIENT_CONFIRMATION_OK"
18358,10328113533,10328113569,1,"IOTHUB_CLIENT_CONFIRMATION_OK"
18359,10328113733,10328113822,1,"IOTHUB_CLIENT_CONFIRMATION_OK"
18360,10328113933,10328113966,1,"IOTHUB_CLIENT_CONFIRMATION_OK"
18361,10328114133,10328114228,1,"IOTHUB_CLIENT_CONFIRMATION_OK"
18362,10328114333,10328114365,1,"IOTHUB_CLIENT_CONFIRMATION_OK"
18363,10328114534,10328114566,1,"IOTHUB_CLIENT_CONFIRMATION_OK"
18364,10328114734,10328114846,1,"IOTHUB_CLIENT_CONFIRMATION_OK"
18365,10328114934,10328114970,1,"IOTHUB_CLIENT_CONFIRMATION_OK"
18366,10328115134,10328115234,1,"IOTHUB_CLIENT_CONFIRMATION_OK"
18367,10328115335,10328115371,1,"IOTHUB_CLIENT_CONFIRMATION_OK"
18368,10328115535,10328115565,1,"IOTHUB_CLIENT_CONFIRMATION_OK"
18369,10328115735,10328115848,1,"IOTHUB_CLIENT_CONFIRMATION_OK"
18370,10328115935,10328115995,1,"IOTHUB_CLIENT_CONFIRMATION_OK"
18371,10328116135,10328116175,1,"IOTHUB_CLIENT_CONFIRMATION_OK"
18372,10328116335,10328116371,1,"IOTHUB_CLIENT_CONFIRMATION_OK"
18373,10328116535,10328116569,1,"IOTHUB_CLIENT_CONFIRMATION_OK"
18374,10328116736,10328116888,1,"IOTHUB_CLIENT_CONFIRMATION_OK"
18375,10328116936,10328116969,1,"IOTHUB_CLIENT_CONFIRMATION_OK"
18376,10328117136,10328117172,1,"IOTHUB_CLIENT_CONFIRMATION_OK"
18377,10328117336,10328117369,1,"IOTHUB_CLIENT_CONFIRMATION_OK"
18378,10328117536,10328117565,1,"IOTHUB_CLIENT_CONFIRMATION_OK"
18379,10328117736,10328117771,1,"IOTHUB_CLIENT_CONFIRMATION_OK"
18380,10328117937,10328117969,1,"IOTHUB_CLIENT_CONFIRMATION_OK"
18381,10328118137,10328118182,1,"IOTHUB_CLIENT_CONFIRMATION_OK"
18382,10328118337,10328118505,1,"IOTHUB_CLIENT_CONFIRMATION_OK"
18383,10328118537,10328118568,1,"IOTHUB_CLIENT_CONFIRMATION_OK"
18384,10328118737,10328118778,1,"IOTHUB_CLIENT_CONFIRMATION_OK"
18385,10328118937,10328118974,1,"IOTHUB_CLIENT_CONFIRMATION_OK"
18386,10328119138,10328119171,1,"IOTHUB_CLIENT_CONFIRMATION_OK"
18387,10328119338,10328119367,1,"IOTHUB_CLIENT_CONFIRMATION_OK"
18388,10328119538,10328119573,1,"IOTHUB_CLIENT_CONFIRMATION_OK"
18389,10328119738,10328119777,1,"IOTHUB_CLIENT_CONFIRMATION_OK"
18390,10328119938,10328119967,1,"IOTHUB_CLIENT_CONFIRMATION_OK"
18391,10328120138,10328120170,1,"IOTHUB_CLIENT_CONFIRMATION_OK"
18392,10328120338,10328120371,1,"IOTHUB_CLIENT_CONFIRMATION_OK"
18393,10328120539,10328120571,1,"IOTHUB_CLIENT_CONFIRMATION_OK"
18394,10328120739,10328120810,1,"IOTHUB_CLIENT_CONFIRMATION_OK"
18395,10328120939,10328120975,1,"IOTHUB_CLIENT_CONFIRMATION_OK"
18396,10328121139,10328121175,1,"IOTHUB_CLIENT_CONFIRMATION_OK"
18397,10328121339,10328121373,1,"IOTHUB_CLIENT_CONFIRMATION_OK"
18398,10328121539,10328121572,1,"IOTHUB_CLIENT_CONFIRMATION_OK"
18399,10328121740,10328121788,1,"IOTHUB_CLIENT_CONFIRMATION_OK"
18400,10328121940,10328121991,1,"IOTHUB_CLIENT_CONFIRMATION_OK"
18401,10328122140,10328122293,1,"IOTHUB_CLIENT_CONFIRMATION_OK"
18402,10328122341,10328122371,1,"IOTHUB_CLIENT_CONFIRMATION_OK"
18403,10328122541,10328122584,1,"IOTHUB_CLIENT_CONFIRMATION_OK"
18404,10328122741,10328122788,1,"IOTHUB_CLIENT_CONFIRMATION_OK"
18405,10328122941,10328122979,1,"IOTHUB_CLIENT_CONFIRMATION_OK"
18406,10328123141,10328123197,1,"IOTHUB_CLIENT_CONFIRMATION_OK"
18407,10328123341,10328123384,1,"IOTHUB_CLIENT_CONFIRMATION_OK"
18408,10328123542,10328123576,1,"IOTHUB_CLIENT_CONFIRMATION_OK"
18409,10328123742,10328123774,1,"IOTHUB_CLIENT_CONFIRMATION_OK"
18410,10328123942,10328123974,1,"IOTHUB_CLIENT_CONFIRMATION_OK"
18411,10328124142,10328124748,1,"IOTHUB_CLIENT_CONFIRMATION_OK"
18412,10328124342,10328124782,1,"IOTHUB_CLIENT_CONFIRMATION_OK"
18413,10328124542,10328124877,1,"IOTHUB_CLIENT_CONFIRMATION_OK"
18414,10328124742,10328124900,1,"IOTHUB_CLIENT_CONFIRMATION_OK"
18415,10328124943,10328124979,1,"IOTHUB_CLIENT_CONFIRMATION_OK"
18416,10328125143,10328125274,1,"IOTHUB_CLIENT_CONFIRMATION_OK"
18417,10328125343,10328125535,1,"IOTHUB_CLIENT_CONFIRMATION_OK"
18418,10328125543,10328125576,1,"IOTHUB_CLIENT_CONFIRMATION_OK"
18419,10328125743,10328125775,1,"IOTHUB_CLIENT_CONFIRMATION_OK"
18420,10328125944,10328125976,1,"IOTHUB_CLIENT_CONFIRMATION_OK"
18421,10328126144,10328126174,1,"IOTHUB_CLIENT_CONFIRMATION_OK"
18422,10328126344,10328126379,1,"IOTHUB_CLIENT_CONFIRMATION_OK"
18423,10328126544,10328126578,1,"IOTHUB_CLIENT_CONFIRMATION_OK"
18424,10328126744,10328126852,1,"IOTHUB_CLIENT_CONFIRMATION_OK"
18425,10328126944,10328126977,1,"IOTHUB_CLIENT_CONFIRMATION_OK"
18426,10328127144,10328127274,1,"IOTHUB_CLIENT_CONFIRMATION_OK"
18427,10328127345,10328127427,1,"IOTHUB_CLIENT_CONFIRMATION_OK"
18428,10328127545,10328127578,1,"IOTHUB_CLIENT_CONFIRMATION_OK"
18429,10328127745,10328127777,1,"IOTHUB_CLIENT_CONFIRMATION_OK"
18430,10328127945,10328127980,1,"IOTHUB_CLIENT_CONFIRMATION_OK"
18431,10328128145,10328128177,1,"IOTHUB_CLIENT_CONFIRMATION_OK"
18432,10328128346,10328128384,1,"IOTHUB_CLIENT_CONFIRMATION_OK"
18433,10328128546,10328128585,1,"IOTHUB_CLIENT_CONFIRMATION_OK"
18434,10328128746,10328128778,1,"IOTHUB_CLIENT_CONFIRMATION_OK"
18435,10328128946,10328128993,1,"IOTHUB_CLIENT_CONFIRMATION_OK"
18436,10328129146,10328129252,1,"IOTHUB_CLIENT_CONFIRMATION_OK"
18437,10328129346,10328129393,1,"IOTHUB_CLIENT_CONFIRMATION_OK"
18438,10328129546,10328129580,1,"IOTHUB_CLIENT_CONFIRMATION_OK"
18439,10328129747,10328129785,1,"IOTHUB_CLIENT_CONFIRMATION_OK"
18440,10328129947,10328130025,1,"IOTHUB_CLIENT_CONFIRMATION_OK"
18441,10328130147,10328130179,1,"IOTHUB_CLIENT_CONFIRMATION_OK"
18442,10328130347,10328130377,1,"IOTHUB_CLIENT_CONFIRMATION_OK"
18443,10328130547,10328130652,1,"IOTHUB_CLIENT_CONFIRMATION_OK"
18444,10328130747,10328130779,1,"IOTHUB_CLIENT_CONFIRMATION_OK"
18445,10328130947,10328131050,1,"IOTHUB_CLIENT_CONFIRMATION_OK"
18446,10328131148,10328131181,1,"IOTHUB_CLIENT_CONFIRMATION_OK"
18447,10328131348,10328131385,1,"IOTHUB_CLIENT_CONFIRMATION_OK"
18448,10328131548,10328131662,1,"IOTHUB_CLIENT_CONFIRMATION_OK"
18449,10328131748,10328131775,1,"IOTHUB_CLIENT_CONFIRMATION_OK"
18450,10328131948,10328131986,1,"IOTHUB_CLIENT_CONFIRMATION_OK"
18451,10328132148,10328132179,1,"IOTHUB_CLIENT_CONFIRMATION_OK"
18452,10328132349,10328132384,1,"IOTHUB_CLIENT_CONFIRMATION_OK"
18453,10328132549,10328132689,1,"IOTHUB_CLIENT_CONFIRMATION_OK"
18454,10328132749,10328132782,1,"IOTHUB_CLIENT_CONFIRMATION_OK"
18455,10328132949,10328132985,1,"IOTHUB_CLIENT_CONFIRMATION_OK"
18456,10328133150,10328133199,1,"IOTHUB_CLIENT_CONFIRMATION_OK"
18457,10328133350,10328133409,1,"IOTHUB_CLIENT_CONFIRMATION_OK"
18458,10328133550,10328133598,1,"IOTHUB_CLIENT_CONFIRMATION_OK"
18459,10328133750,10328133897,1,"IOTHUB_CLIENT_CONFIRMATION_OK"
18460,10328133950,10328133993,1,"IOTHUB_CLIENT_CONFIRMATION_OK"
18461,10328134150,10328134352,1,"IOTHUB_CLIENT_CONFIRMATION_OK"
18462,10328134350,10328134383,1,"IOTHUB_CLIENT_CONFIRMATION_OK"
18463,10328134551,10328134667,1,"IOTHUB_CLIENT_CONFIRMATION_OK"
18464,10328134751,10328134783,1,"IOTHUB_CLIENT_CONFIRMATION_OK"
18465,10328134951,10328134984,1,"IOTHUB_CLIENT_CONFIRMATION_OK"
18466,10328135151,10328135355,1,"IOTHUB_CLIENT_CONFIRMATION_OK"
18467,10328135351,10328135385,1,"IOTHUB_CLIENT_CONFIRMATION_OK"
18468,10328135552,10328135586,1,"IOTHUB_CLIENT_CONFIRMATION_OK"
18469,10328135752,10328135814,1,"IOTHUB_CLIENT_CONFIRMATION_OK"
18470,10328135952,10328136002,1,"IOTHUB_CLIENT_CONFIRMATION_OK"
18471,10328136152,10328136184,1,"IOTHUB_CLIENT_CONFIRMATION_OK"
18472,10328136352,10328136393,1,"IOTHUB_CLIENT_CONFIRMATION_OK"
18473,10328136552,10328136602,1,"IOTHUB_CLIENT_CONFIRMATION_OK"
18474,10328136753,10328136792,1,"IOTHUB_CLIENT_CONFIRMATION_OK"
18475,10328136953,10328137092,1,"IOTHUB_CLIENT_CONFIRMATION_OK"
18476,10328137153,10328137202,1,"IOTHUB_CLIENT_CONFIRMATION_OK"
18477,10328137353,10328137414,1,"IOTHUB_CLIENT_CONFIRMATION_OK"
18478,10328137553,10328137588,1,"IOTHUB_CLIENT_CONFIRMATION_OK"
18479,10328137753,10328137784,1,"IOTHUB_CLIENT_CONFIRMATION_OK"
18480,10328137953,10328137986,1,"IOTHUB_CLIENT_CONFIRMATION_OK"
18481,10328138154,10328138186,1,"IOTHUB_CLIENT_CONFIRMATION_OK"
18482,10328138354,10328138449,1,"IOTHUB_CLIENT_CONFIRMATION_OK"
18483,10328138554,10328138584,1,"IOTHUB_CLIENT_CONFIRMATION_OK"
18484,10328138754,10328138791,1,"IOTHUB_CLIENT_CONFIRMATION_OK"
18485,10328138954,10328139035,1,"IOTHUB_CLIENT_CONFIRMATION_OK"
18486,10328139155,10328139186,1,"IOTHUB_CLIENT_CONFIRMATION_OK"
18487,10328139355,10328139390,1,"IOTHUB_CLIENT_CONFIRMATION_OK"
18488,10328139555,10328139588,1,"IOTHUB_CLIENT_CONFIRMATION_OK"
18489,10328139755,10328139788,1,"IOTHUB_CLIENT_CONFIRMATION_OK"
18490,10328139955,10328140055,1,"IOTHUB_CLIENT_CONFIRMATION_OK"
18491,10328140156,10328140188,1,"IOTHUB_CLIENT_CONFIRMATION_OK"
18492,10328140356,10328140388,1,"IOTHUB_CLIENT_CONFIRMATION_OK"
18493,10328140556,10328140695,1,"IOTHUB_CLIENT_CONFIRMATION_OK"
18494,10328140756,10328140809,1,"IOTHUB_CLIENT_CONFIRMATION_OK"
18495,10328140956,10328141101,1,"IOTHUB_CLIENT_CONFIRMATION_OK"
18496,10328141156,10328141189,1,"IOTHUB_CLIENT_CONFIRMATION_OK"
18497,10328141356,10328141408,1,"IOTHUB_CLIENT_CONFIRMATION_OK"
18498,10328141557,10328141588,1,"IOTHUB_CLIENT_CONFIRMATION_OK"
18499,10328141757,10328141791,1,"IOTHUB_CLIENT_CONFIRMATION_OK"
18500,10328141957,10328142005,1,"IOTHUB_CLIENT_CONFIRMATION_OK"
18501,10328142157,10328142190,1,"IOTHUB_CLIENT_CONFIRMATION_OK"
18502,10328142357,10328142397,1,"IOTHUB_CLIENT_CONFIRMATION_OK"
18503,10328142557,10328142713,1,"IOTHUB_CLIENT_CONFIRMATION_OK"
18504,10328142758,10328142798,1,"IOTHUB_CLIENT_CONFIRMATION_OK"
18505,10328142958,10328142993,1,"IOTHUB_CLIENT_CONFIRMATION_OK"
18506,10328143158,10328143190,1,"IOTHUB_CLIENT_CONFIRMATION_OK"
18507,10328143358,10328143404,1,"IOTHUB_CLIENT_CONFIRMATION_OK"
18508,10328143558,10328143599,1,"IOTHUB_CLIENT_CONFIRMATION_OK"
18509,10328143758,10328143793,1,"IOTHUB_CLIENT_CONFIRMATION_OK"
18510,10328143959,10328143991,1,"IOTHUB_CLIENT_CONFIRMATION_OK"
18511,10328144159,10328144194,1,"IOTHUB_CLIENT_CONFIRMATION_OK"
18512,10328144359,10328144390,1,"IOTHUB_CLIENT_CONFIRMATION_OK"
18513,10328144559,10328144671,1,"IOTHUB_CLIENT_CONFIRMATION_OK"
18514,10328144759,10328144798,1,"IOTHUB_CLIENT_CONFIRMATION_OK"
18515,10328144959,10328144993,1,"IOTHUB_CLIENT_CONFIRMATION_OK"
18516,10328145159,10328145354,1,"IOTHUB_CLIENT_CONFIRMATION_OK"
18517,10328145360,10328145396,1,"IOTHUB_CLIENT_CONFIRMATION_OK"
18518,10328145560,10328145594,1,"IOTHUB_CLIENT_CONFIRMATION_OK"
18519,10328145760,10328145807,1,"IOTHUB_CLIENT_CONFIRMATION_OK"
18520,10328145960,10328145991,1,"IOTHUB_CLIENT_CONFIRMATION_OK"
18521,10328146160,10328146194,1,"IOTHUB_CLIENT_CONFIRMATION_OK"
18522,10328146360,10328146394,1,"IOTHUB_CLIENT_CONFIRMATION_OK"
18523,10328146561,10328146589,1,"IOTHUB_CLIENT_CONFIRMATION_OK"
18524,10328146761,10328146796,1,"IOTHUB_CLIENT_CONFIRMATION_OK"
18525,10328146961,10328146992,1,"IOTHUB_CLIENT_CONFIRMATION_OK"
18526,10328147161,10328147195,1,"IOTHUB_CLIENT_CONFIRMATION_OK"
18527,10328147361,10328147413,1,"IOTHUB_CLIENT_CONFIRMATION_OK"
18528,10328147561,10328147595,1,"IOTHUB_CLIENT_CONFIRMATION_OK"
18529,10328147761,10328147791,1,"IOTHUB_CLIENT_CONFIRMATION_OK"
18530,10328147962,10328148017,1,"IOTHUB_CLIENT_CONFIRMATION_OK"
18531,10328148162,10328148197,1,"IOTHUB_CLIENT_CONFIRMATION_OK"
18532,10328148362,10328148509,1,"IOTHUB_CLIENT_CONFIRMATION_OK"
18533,10328148562,10328148592,1,"IOTHUB_CLIENT_CONFIRMATION_OK"
18534,10328148762,10328148790,1,"IOTHUB_CLIENT_CONFIRMATION_OK"
18535,10328148962,10328149055,1,"IOTHUB_CLIENT_CONFIRMATION_OK"
18536,10328149163,10328149226,1,"IOTHUB_CLIENT_CONFIRMATION_OK"
18537,10328149363,10328149393,1,"IOTHUB_CLIENT_CONFIRMATION_OK"
18538,10328149563,10328149592,1,"IOTHUB_CLIENT_CONFIRMATION_OK"
18539,10328149763,10328149800,1,"IOTHUB_CLIENT_CONFIRMATION_OK"
18540,10328149963,10328150065,1,"IOTHUB_CLIENT_CONFIRMATION_OK"
18541,10328150163,10328150193,1,"IOTHUB_CLIENT_CONFIRMATION_OK"
18542,10328150363,10328150397,1,"IOTHUB_CLIENT_CONFIRMATION_OK"
18543,10328150564,10328150676,1,"IOTHUB_CLIENT_CONFIRMATION_OK"
18544,10328150764,10328150795,1,"IOTHUB_CLIENT_CONFIRMATION_OK"
18545,10328150964,10328151091,1,"IOTHUB_CLIENT_CONFIRMATION_OK"
18546,10328151164,10328151199,1,"IOTHUB_CLIENT_CONFIRMATION_OK"
18547,10328151364,10328151404,1,"IOTHUB_CLIENT_CONFIRMATION_OK"
18548,10328151565,10328151693,1,"IOTHUB_CLIENT_CONFIRMATION_OK"
18549,10328151765,10328151798,1,"IOTHUB_CLIENT_CONFIRMATION_OK"
18550,10328151965,10328152014,1,"IOTHUB_CLIENT_CONFIRMATION_OK"
18551,10328152165,10328152200,1,"IOTHUB_CLIENT_CONFIRMATION_OK"
18552,10328152365,10328152395,1,"IOTHUB_CLIENT_CONFIRMATION_OK"
18553,10328152565,10328152730,1,"IOTHUB_CLIENT_CONFIRMATION_OK"
18554,10328152765,10328152793,1,"IOTHUB_CLIENT_CONFIRMATION_OK"
18555,10328152966,10328152997,1,"IOTHUB_CLIENT_CONFIRMATION_OK"
18556,10328153166,10328153195,1,"IOTHUB_CLIENT_CONFIRMATION_OK"
18557,10328153366,10328153397,1,"IOTHUB_CLIENT_CONFIRMATION_OK"
18558,10328153566,10328153600,1,"IOTHUB_CLIENT_CONFIRMATION_OK"
18559,10328153766,10328153830,1,"IOTHUB_CLIENT_CONFIRMATION_OK"
18560,10328153967,10328154058,1,"IOTHUB_CLIENT_CONFIRMATION_OK"
18561,10328154167,10328154339,1,"IOTHUB_CLIENT_CONFIRMATION_OK"
18562,10328154367,10328154403,1,"IOTHUB_CLIENT_CONFIRMATION_OK"
18563,10328154567,10328154601,1,"IOTHUB_CLIENT_CONFIRMATION_OK"
18564,10328154767,10328154799,1,"IOTHUB_CLIENT_CONFIRMATION_OK"
18565,10328154967,10328155005,1,"IOTHUB_CLIENT_CONFIRMATION_OK"
18566,10328155168,10328155346,1,"IOTHUB_CLIENT_CONFIRMATION_OK"
18567,10328155368,10328155430,1,"IOTHUB_CLIENT_CONFIRMATION_OK"
18568,10328155568,10328155647,1,"IOTHUB_CLIENT_CONFIRMATION_OK"
18569,10328155768,10328155866,1,"IOTHUB_CLIENT_CONFIRMATION_OK"
18570,10328155968,10328156001,1,"IOTHUB_CLIENT_CONFIRMATION_OK"
18571,10328156168,10328156201,1,"IOTHUB_CLIENT_CONFIRMATION_OK"
18572,10328156368,10328156398,1,"IOTHUB_CLIENT_CONFIRMATION_OK"
18573,10328156569,10328156601,1,"IOTHUB_CLIENT_CONFIRMATION_OK"
18574,10328156769,10328156871,1,"IOTHUB_CLIENT_CONFIRMATION_OK"
18575,10328156969,10328157003,1,"IOTHUB_CLIENT_CONFIRMATION_OK"
18576,10328157169,10328157201,1,"IOTHUB_CLIENT_CONFIRMATION_OK"
18577,10328157369,10328157593,1,"IOTHUB_CLIENT_CONFIRMATION_OK"
18578,10328157569,10328157649,1,"IOTHUB_CLIENT_CONFIRMATION_OK"
18579,10328157769,10328157802,1,"IOTHUB_CLIENT_CONFIRMATION_OK"
18580,10328157970,10328157998,1,"IOTHUB_CLIENT_CONFIRMATION_OK"
18581,10328158170,10328158204,1,"IOTHUB_CLIENT_CONFIRMATION_OK"
18582,10328158370,10328158516,1,"IOTHUB_CLIENT_CONFIRMATION_OK"
18583,10328158570,10328158615,1,"IOTHUB_CLIENT_CONFIRMATION_OK"
18584,10328158770,10328158803,1,"IOTHUB_CLIENT_CONFIRMATION_OK"
18585,10328158971,10328159015,1,"IOTHUB_CLIENT_CONFIRMATION_OK"
18586,10328159171,10328159204,1,"IOTHUB_CLIENT_CONFIRMATION_OK"
18587,10328159371,10328159404,1,"IOTHUB_CLIENT_CONFIRMATION_OK"
18588,10328159571,10328159603,1,"IOTHUB_CLIENT_CONFIRMATION_OK"
18589,10328159771,10328159807,1,"IOTHUB_CLIENT_CONFIRMATION_OK"
18590,10328159971,10328160153,1,"IOTHUB_CLIENT_CONFIRMATION_OK"
18591,10328160172,10328160204,1,"IOTHUB_CLIENT_CONFIRMATION_OK"
18592,10328160372,10328160404,1,"IOTHUB_CLIENT_CONFIRMATION_OK"
18593,10328160572,10328160606,1,"IOTHUB_CLIENT_CONFIRMATION_OK"
18594,10328160772,10328160800,1,"IOTHUB_CLIENT_CONFIRMATION_OK"
18595,10328160972,10328161160,1,"IOTHUB_CLIENT_CONFIRMATION_OK"
18596,10328161173,10328161204,1,"IOTHUB_CLIENT_CONFIRMATION_OK"
18597,10328161373,10328161406,1,"IOTHUB_CLIENT_CONFIRMATION_OK"
18598,10328161573,10328161606,1,"IOTHUB_CLIENT_CONFIRMATION_OK"
18599,10328161773,10328161802,1,"IOTHUB_CLIENT_CONFIRMATION_OK"
18600,10328161973,10328162016,1,"IOTHUB_CLIENT_CONFIRMATION_OK"
18601,10328162173,10328162210,1,"IOTHUB_CLIENT_CONFIRMATION_OK"
18602,10328162374,10328162406,1,"IOTHUB_CLIENT_CONFIRMATION_OK"
18603,10328162574,10328162607,1,"IOTHUB_CLIENT_CONFIRMATION_OK"
18604,10328162774,10328162901,1,"IOTHUB_CLIENT_CONFIRMATION_OK"
18605,10328162974,10328163002,1,"IOTHUB_CLIENT_CONFIRMATION_OK"
18606,10328163174,10328163207,1,"IOTHUB_CLIENT_CONFIRMATION_OK"
18607,10328163375,10328163405,1,"IOTHUB_CLIENT_CONFIRMATION_OK"
18608,10328163575,10328163664,1,"IOTHUB_CLIENT_CONFIRMATION_OK"
18609,10328163775,10328163804,1,"IOTHUB_CLIENT_CONFIRMATION_OK"
18610,10328163975,10328164038,1,"IOTHUB_CLIENT_CONFIRMATION_OK"
18611,10328164175,10328164310,1,"IOTHUB_CLIENT_CONFIRMATION_OK"
18612,10328164375,10328164403,1,"IOTHUB_CLIENT_CONFIRMATION_OK"
18613,10328164575,10328164606,1,"IOTHUB_CLIENT_CONFIRMATION_OK"
18614,10328164776,10328164815,1,"IOTHUB_CLIENT_CONFIRMATION_OK"
18615,10328164976,10328165008,1,"IOTHUB_CLIENT_CONFIRMATION_OK"
18616,10328165176,10328165324,1,"IOTHUB_CLIENT_CONFIRMATION_OK"
18617,10328165376,10328165406,1,"IOTHUB_CLIENT_CONFIRMATION_OK"
18618,10328165576,10328165611,1,"IOTHUB_CLIENT_CONFIRMATION_OK"
18619,10328165776,10328165943,1,"IOTHUB_CLIENT_CONFIRMATION_OK"
18620,10328165977,10328166012,1,"IOTHUB_CLIENT_CONFIRMATION_OK"
18621,10328166177,10328166205,1,"IOTHUB_CLIENT_CONFIRMATION_OK"
18622,10328166377,10328166410,1,"IOTHUB_CLIENT_CONFIRMATION_OK"
18623,10328166577,10328166615,1,"IOTHUB_CLIENT_CONFIRMATION_OK"
18624,10328166777,10328166955,1,"IOTHUB_CLIENT_CONFIRMATION_OK"
18625,10328166978,10328167020,1,"IOTHUB_CLIENT_CONFIRMATION_OK"
18626,10328167178,10328167209,1,"IOTHUB_CLIENT_CONFIRMATION_OK"
18627,10328167378,10328167409,1,"IOTHUB_CLIENT_CONFIRMATION_OK"
18628,10328167578,10328167608,1,"IOTHUB_CLIENT_CONFIRMATION_OK"
18629,10328167778,10328167822,1,"IOTHUB_CLIENT_CONFIRMATION_OK"
18630,10328167978,10328168008,1,"IOTHUB_CLIENT_CONFIRMATION_OK"
18631,10328168178,10328168212,1,"IOTHUB_CLIENT_CONFIRMATION_OK"
18632,10328168379,10328168418,1,"IOTHUB_CLIENT_CONFIRMATION_OK"
18633,10328168579,10328168611,1,"IOTHUB_CLIENT_CONFIRMATION_OK"
18634,10328168779,10328168816,1,"IOTHUB_CLIENT_CONFIRMATION_OK"
18635,10328168979,10328169015,1,"IOTHUB_CLIENT_CONFIRMATION_OK"
18636,10328169179,10328169212,1,"IOTHUB_CLIENT_CONFIRMATION_OK"
18637,10328169379,10328169412,1,"IOTHUB_CLIENT_CONFIRMATION_OK"
18638,10328169580,10328169695,1,"IOTHUB_CLIENT_CONFIRMATION_OK"
18639,10328169780,10328169810,1,"IOTHUB_CLIENT_CONFIRMATION_OK"
18640,10328169980,10328170115,1,"IOTHUB_CLIENT_CONFIRMATION_OK"
18641,10328170180,10328170405,1,"IOTHUB_CLIENT_CONFIRMATION_OK"
18642,10328170380,10328170447,1,"IOTHUB_CLIENT_CONFIRMATION_OK"
18643,10328170580,10328170617,1,"IOTHUB_CLIENT_CONFIRMATION_OK"
18644,10328170781,10328170817,1,"IOTHUB_CLIENT_CONFIRMATION_OK"
18645,10328170981,10328171115,1,"IOTHUB_CLIENT_CONFIRMATION_OK"
18646,10328171181,10328171223,1,"IOTHUB_CLIENT_CONFIRMATION_OK"
18647,10328171381,10328171416,1,"IOTHUB_CLIENT_CONFIRMATION_OK"
18648,10328171581,10328171635,1,"IOTHUB_CLIENT_CONFIRMATION_OK"
18649,10328171782,10328171821,1,"IOTHUB_CLIENT_CONFIRMATION_OK"
18650,10328171982,10328172020,1,"IOTHUB_CLIENT_CONFIRMATION_OK"
18651,10328172182,10328172225,1,"IOTHUB_CLIENT_CONFIRMATION_OK"
18652,10328172382,10328172412,1,"IOTHUB_CLIENT_CONFIRMATION_OK"
18653,10328172582,10328172786,1,"IOTHUB_CLIENT_CONFIRMATION_OK"
18654,10328172782,10328172813,1,"IOTHUB_CLIENT_CONFIRMATION_OK"
18655,10328172982,10328173107,1,"IOTHUB_CLIENT_CONFIRMATION_OK"
18656,10328173183,10328173216,1,"IOTHUB_CLIENT_CONFIRMATION_OK"
18657,10328173383,10328173415,1,"IOTHUB_CLIENT_CONFIRMATION_OK"
18658,10328173583,10328173612,1,"IOTHUB_CLIENT_CONFIRMATION_OK"
18659,10328173783,10328173827,1,"IOTHUB_CLIENT_CONFIRMATION_OK"
18660,10328173983,10328174015,1,"IOTHUB_CLIENT_CONFIRMATION_OK"
18661,10328174183,10328174218,1,"IOTHUB_CLIENT_CONFIRMATION_OK"
18662,10328174384,10328174416,1,"IOTHUB_CLIENT_CONFIRMATION_OK"
18663,10328174584,10328174641,1,"IOTHUB_CLIENT_CONFIRMATION_OK"
18664,10328174784,10328174829,1,"IOTHUB_CLIENT_CONFIRMATION_OK"
18665,10328174984,10328175430,1,"IOTHUB_CLIENT_CONFIRMATION_OK"
18666,10328175184,10328175460,1,"IOTHUB_CLIENT_CONFIRMATION_OK"
18667,10328175384,10328175480,1,"IOTHUB_CLIENT_CONFIRMATION_OK"
18668,10328175584,10328175618,1,"IOTHUB_CLIENT_CONFIRMATION_OK"
18669,10328175785,10328175858,1,"IOTHUB_CLIENT_CONFIRMATION_OK"
18670,10328175985,10328176018,1,"IOTHUB_CLIENT_CONFIRMATION_OK"
18671,10328176185,10328176218,1,"IOTHUB_CLIENT_CONFIRMATION_OK"
18672,10328176385,10328176418,1,"IOTHUB_CLIENT_CONFIRMATION_OK"
18673,10328176585,10328176620,1,"IOTHUB_CLIENT_CONFIRMATION_OK"
18674,10328176785,10328176886,1,"IOTHUB_CLIENT_CONFIRMATION_OK"
18675,10328176986,10328177022,1,"IOTHUB_CLIENT_CONFIRMATION_OK"
18676,10328177186,10328177220,1,"IOTHUB_CLIENT_CONFIRMATION_OK"
18677,10328177386,10328177505,1,"IOTHUB_CLIENT_CONFIRMATION_OK"
18678,10328177586,10328177615,1,"IOTHUB_CLIENT_CONFIRMATION_OK"
18679,10328177786,10328177832,1,"IOTHUB_CLIENT_CONFIRMATION_OK"
18680,10328177986,10328178038,1,"IOTHUB_CLIENT_CONFIRMATION_OK"
18681,10328178187,10328178219,1,"IOTHUB_CLIENT_CONFIRMATION_OK"
18682,10328178387,10328178534,1,"IOTHUB_CLIENT_CONFIRMATION_OK"
18683,10328178587,10328178621,1,"IOTHUB_CLIENT_CONFIRMATION_OK"
18684,10328178787,10328178822,1,"IOTHUB_CLIENT_CONFIRMATION_OK"
18685,10328178987,10328179017,1,"IOTHUB_CLIENT_CONFIRMATION_OK"
18686,10328179188,10328179220,1,"IOTHUB_CLIENT_CONFIRMATION_OK"
18687,10328179388,10328179420,1,"IOTHUB_CLIENT_CONFIRMATION_OK"
18688,10328179588,10328179622,1,"IOTHUB_CLIENT_CONFIRMATION_OK"
18689,10328179788,10328179822,1,"IOTHUB_CLIENT_CONFIRMATION_OK"
18690,10328179988,10328180020,1,"IOTHUB_CLIENT_CONFIRMATION_OK"
18691,10328180188,10328180223,1,"IOTHUB_CLIENT_CONFIRMATION_OK"
18692,10328180388,10328180429,1,"IOTHUB_CLIENT_CONFIRMATION_OK"
18693,10328180589,10328180617,1,"IOTHUB_CLIENT_CONFIRMATION_OK"
18694,10328180789,10328180819,1,"IOTHUB_CLIENT_CONFIRMATION_OK"
18695,10328180989,10328181208,1,"IOTHUB_CLIENT_CONFIRMATION_OK"
18696,10328181189,10328181226,1,"IOTHUB_CLIENT_CONFIRMATION_OK"
18697,10328181389,10328181422,1,"IOTHUB_CLIENT_CONFIRMATION_OK"
18698,10328181589,10328181737,1,"IOTHUB_CLIENT_CONFIRMATION_OK"
18699,10328181790,10328181820,1,"IOTHUB_CLIENT_CONFIRMATION_OK"
18700,10328181990,10328182019,1,"IOTHUB_CLIENT_CONFIRMATION_OK"
18701,10328182190,10328182227,1,"IOTHUB_CLIENT_CONFIRMATION_OK"
18702,10328182390,10328182418,1,"IOTHUB_CLIENT_CONFIRMATION_OK"
18703,10328182590,10328182856,1,"IOTHUB_CLIENT_CONFIRMATION_OK"
18704,10328182791,10328182893,1,"IOTHUB_CLIENT_CONFIRMATION_OK"
18705,10328182991,10328183025,1,"IOTHUB_CLIENT_CONFIRMATION_OK"
18706,10328183191,10328183226,1,"IOTHUB_CLIENT_CONFIRMATION_OK"
18707,10328183391,10328183423,1,"IOTHUB_CLIENT_CONFIRMATION_OK"
18708,10328183591,10328183628,1,"IOTHUB_CLIENT_CONFIRMATION_OK"
18709,10328183791,10328183821,1,"IOTHUB_CLIENT_CONFIRMATION_OK"
18710,10328183992,10328184023,1,"IOTHUB_CLIENT_CONFIRMATION_OK"
18711,10328184192,10328184223,1,"IOTHUB_CLIENT_CONFIRMATION_OK"
18712,10328184392,10328184420,1,"IOTHUB_CLIENT_CONFIRMATION_OK"
18713,10328184592,10328184634,1,"IOTHUB_CLIENT_CONFIRMATION_OK"
18714,10328184792,10328184839,1,"IOTHUB_CLIENT_CONFIRMATION_OK"
18715,10328184992,10328185024,1,"IOTHUB_CLIENT_CONFIRMATION_OK"
18716,10328185193,10328185416,1,"IOTHUB_CLIENT_CONFIRMATION_OK"
18717,10328185393,10328185442,1,"IOTHUB_CLIENT_CONFIRMATION_OK"
18718,10328185593,10328185628,1,"IOTHUB_CLIENT_CONFIRMATION_OK"
18719,10328185793,10328185860,1,"IOTHUB_CLIENT_CONFIRMATION_OK"
18720,10328185993,10328186026,1,"IOTHUB_CLIENT_CONFIRMATION_OK"
18721,10328186193,10328186233,1,"IOTHUB_CLIENT_CONFIRMATION_OK"
18722,10328186393,10328186465,1,"IOTHUB_CLIENT_CONFIRMATION_OK"
18723,10328186594,10328186623,1,"IOTHUB_CLIENT_CONFIRMATION_OK"
18724,10328186794,10328186847,1,"IOTHUB_CLIENT_CONFIRMATION_OK"
18725,10328186994,10328187025,1,"IOTHUB_CLIENT_CONFIRMATION_OK"
18726,10328187194,10328187312,1,"IOTHUB_CLIENT_CONFIRMATION_OK"
18727,10328187394,10328187472,1,"IOTHUB_CLIENT_CONFIRMATION_OK"
18728,10328187595,10328187625,1,"IOTHUB_CLIENT_CONFIRMATION_OK"
18729,10328187795,10328187839,1,"IOTHUB_CLIENT_CONFIRMATION_OK"
18730,10328187995,10328188031,1,"IOTHUB_CLIENT_CONFIRMATION_OK"
18731,10328188195,10328188229,1,"IOTHUB_CLIENT_CONFIRMATION_OK"
18732,10328188395,10328188486,1,"IOTHUB_CLIENT_CONFIRMATION_OK"
18733,10328188596,10328188634,1,"IOTHUB_CLIENT_CONFIRMATION_OK"
18734,10328188796,10328188836,1,"IOTHUB_CLIENT_CONFIRMATION_OK"
18735,10328188996,10328189091,1,"IOTHUB_CLIENT_CONFIRMATION_OK"
18736,10328189196,10328189225,1,"IOTHUB_CLIENT_CONFIRMATION_OK"
18737,10328189396,10328189430,1,"IOTHUB_CLIENT_CONFIRMATION_OK"
18738,10328189596,10328189642,1,"IOTHUB_CLIENT_CONFIRMATION_OK"
18739,10328189797,10328189830,1,"IOTHUB_CLIENT_CONFIRMATION_OK"
18740,10328189997,10328190040,1,"IOTHUB_CLIENT_CONFIRMATION_OK"
18741,10328190197,10328190227,1,"IOTHUB_CLIENT_CONFIRMATION_OK"
18742,10328190397,10328190429,1,"IOTHUB_CLIENT_CONFIRMATION_OK"
18743,10328190597,10328190639,1,"IOTHUB_CLIENT_CONFIRMATION_OK"
18744,10328190797,10328190834,1,"IOTHUB_CLIENT_CONFIRMATION_OK"
18745,10328190998,10328191047,1,"IOTHUB_CLIENT_CONFIRMATION_OK"
18746,10328191198,10328191231,1,"IOTHUB_CLIENT_CONFIRMATION_OK"
18747,10328191398,10328191433,1,"IOTHUB_CLIENT_CONFIRMATION_OK"
18748,10328191598,10328191674,1,"IOTHUB_CLIENT_CONFIRMATION_OK"
18749,10328191798,10328191853,1,"IOTHUB_CLIENT_CONFIRMATION_OK"
18750,10328191998,10328192031,1,"IOTHUB_CLIENT_CONFIRMATION_OK"
18751,10328192199,10328192241,1,"IOTHUB_CLIENT_CONFIRMATION_OK"
18752,10328192399,10328192427,1,"IOTHUB_CLIENT_CONFIRMATION_OK"
18753,10328192599,10328192678,1,"IOTHUB_CLIENT_CONFIRMATION_OK"
18754,10328192799,10328192833,1,"IOTHUB_CLIENT_CONFIRMATION_OK"
18755,10328192999,10328193033,1,"IOTHUB_CLIENT_CONFIRMATION_OK"
18756,10328193199,10328193314,1,"IOTHUB_CLIENT_CONFIRMATION_OK"
18757,10328193399,10328193433,1,"IOTHUB_CLIENT_CONFIRMATION_OK"
18758,10328193600,10328193628,1,"IOTHUB_CLIENT_CONFIRMATION_OK"
18759,10328193800,10328193836,1,"IOTHUB_CLIENT_CONFIRMATION_OK"
18760,10328194000,10328194035,1,"IOTHUB_CLIENT_CONFIRMATION_OK"
18761,10328194200,10328194331,1,"IOTHUB_CLIENT_CONFIRMATION_OK"
18762,10328194400,10328194431,1,"IOTHUB_CLIENT_CONFIRMATION_OK"
18763,10328194600,10328194632,1,"IOTHUB_CLIENT_CONFIRMATION_OK"
18764,10328194800,10328194828,1,"IOTHUB_CLIENT_CONFIRMATION_OK"
18765,10328195001,10328195034,1,"IOTHUB_CLIENT_CONFIRMATION_OK"
18766,10328195201,10328195333,1,"IOTHUB_CLIENT_CONFIRMATION_OK"
18767,10328195401,10328195433,1,"IOTHUB_CLIENT_CONFIRMATION_OK"
18768,10328195601,10328195636,1,"IOTHUB_CLIENT_CONFIRMATION_OK"
18769,10328195802,10328195837,1,"IOTHUB_CLIENT_CONFIRMATION_OK"
18770,10328196002,10328196037,1,"IOTHUB_CLIENT_CONFIRMATION_OK"
18771,10328196202,10328196235,1,"IOTHUB_CLIENT_CONFIRMATION_OK"
18772,10328196402,10328196439,1,"IOTHUB_CLIENT_CONFIRMATION_OK"
18773,10328196603,10328196636,1,"IOTHUB_CLIENT_CONFIRMATION_OK"
18774,10328196803,10328196989,1,"IOTHUB_CLIENT_CONFIRMATION_OK"
18775,10328197003,10328197036,1,"IOTHUB_CLIENT_CONFIRMATION_OK"
18776,10328197203,10328197234,1,"IOTHUB_CLIENT_CONFIRMATION_OK"
18777,10328197404,10328197439,1,"IOTHUB_CLIENT_CONFIRMATION_OK"
18778,10328197604,10328197637,1,"IOTHUB_CLIENT_CONFIRMATION_OK"
18779,10328197804,10328197848,1,"IOTHUB_CLIENT_CONFIRMATION_OK"
18780,10328198004,10328198062,1,"IOTHUB_CLIENT_CONFIRMATION_OK"
18781,10328198204,10328198238,1,"IOTHUB_CLIENT_CONFIRMATION_OK"
18782,10328198405,10328198443,1,"IOTHUB_CLIENT_CONFIRMATION_OK"
18783,10328198605,10328198637,1,"IOTHUB_CLIENT_CONFIRMATION_OK"
18784,10328198805,10328198846,1,"IOTHUB_CLIENT_CONFIRMATION_OK"
18785,10328199005,10328199047,1,"IOTHUB_CLIENT_CONFIRMATION_OK"
18786,10328199205,10328199238,1,"IOTHUB_CLIENT_CONFIRMATION_OK"
18787,10328199405,10328199443,1,"IOTHUB_CLIENT_CONFIRMATION_OK"
18788,10328199606,10328199667,1,"IOTHUB_CLIENT_CONFIRMATION_OK"
18789,10328199806,10328199838,1,"IOTHUB_CLIENT_CONFIRMATION_OK"
18790,10328200006,10328200066,1,"IOTHUB_CLIENT_CONFIRMATION_OK"
18791,10328200206,10328200239,1,"IOTHUB_CLIENT_CONFIRMATION_OK"
18792,10328200406,10328200461,1,"IOTHUB_CLIENT_CONFIRMATION_OK"
18793,10328200606,10328200690,1,"IOTHUB_CLIENT_CONFIRMATION_OK"
18794,10328200807,10328200840,1,"IOTHUB_CLIENT_CONFIRMATION_OK"
18795,10328201007,10328201084,1,"IOTHUB_CLIENT_CONFIRMATION_OK"
18796,10328201207,10328201244,1,"IOTHUB_CLIENT_CONFIRMATION_OK"
18797,10328201407,10328201444,1,"IOTHUB_CLIENT_CONFIRMATION_OK"
18798,10328201607,10328201707,1,"IOTHUB_CLIENT_CONFIRMATION_OK"
18799,10328201807,10328201841,1,"IOTHUB_CLIENT_CONFIRMATION_OK"
18800,10328202007,10328202097,1,"IOTHUB_CLIENT_CONFIRMATION_OK"
18801,10328202208,10328202244,1,"IOTHUB_CLIENT_CONFIRMATION_OK"
18802,10328202408,10328202442,1,"IOTHUB_CLIENT_CONFIRMATION_OK"
18803,10328202608,10328202757,1,"IOTHUB_CLIENT_CONFIRMATION_OK"
18804,10328202808,10328202848,1,"IOTHUB_CLIENT_CONFIRMATION_OK"
18805,10328203008,10328203071,1,"IOTHUB_CLIENT_CONFIRMATION_OK"
18806,10328203208,10328203239,1,"IOTHUB_CLIENT_CONFIRMATION_OK"
18807,10328203408,10328203439,1,"IOTHUB_CLIENT_CONFIRMATION_OK"
18808,10328203609,10328203641,1,"IOTHUB_CLIENT_CONFIRMATION_OK"
18809,10328203809,10328203840,1,"IOTHUB_CLIENT_CONFIRMATION_OK"
18810,10328204009,10328204042,1,"IOTHUB_CLIENT_CONFIRMATION_OK"
18811,10328204209,10328204247,1,"IOTHUB_CLIENT_CONFIRMATION_OK"
18812,10328204410,10328204447,1,"IOTHUB_CLIENT_CONFIRMATION_OK"
18813,10328204610,10328204639,1,"IOTHUB_CLIENT_CONFIRMATION_OK"
18814,10328204810,10328204843,1,"IOTHUB_CLIENT_CONFIRMATION_OK"
18815,10328205010,10328205349,1,"IOTHUB_CLIENT_CONFIRMATION_OK"
18816,10328205210,10328205442,1,"IOTHUB_CLIENT_CONFIRMATION_OK"
18817,10328205410,10328205453,1,"IOTHUB_CLIENT_CONFIRMATION_OK"
18818,10328205611,10328205642,1,"IOTHUB_CLIENT_CONFIRMATION_OK"
18819,10328205811,10328205857,1,"IOTHUB_CLIENT_CONFIRMATION_OK"
18820,10328206011,10328206042,1,"IOTHUB_CLIENT_CONFIRMATION_OK"
18821,10328206211,10328206268,1,"IOTHUB_CLIENT_CONFIRMATION_OK"
18822,10328206411,10328206455,1,"IOTHUB_CLIENT_CONFIRMATION_OK"
18823,10328206611,10328206645,1,"IOTHUB_CLIENT_CONFIRMATION_OK"
18824,10328206811,10328206850,1,"IOTHUB_CLIENT_CONFIRMATION_OK"
18825,10328207012,10328207047,1,"IOTHUB_CLIENT_CONFIRMATION_OK"
18826,10328207212,10328207244,1,"IOTHUB_CLIENT_CONFIRMATION_OK"
18827,10328207412,10328207468,1,"IOTHUB_CLIENT_CONFIRMATION_OK"
18828,10328207612,10328207652,1,"IOTHUB_CLIENT_CONFIRMATION_OK"
18829,10328207812,10328207845,1,"IOTHUB_CLIENT_CONFIRMATION_OK"
18830,10328208013,10328208045,1,"IOTHUB_CLIENT_CONFIRMATION_OK"
18831,10328208213,10328208297,1,"IOTHUB_CLIENT_CONFIRMATION_OK"
18832,10328208413,10328208499,1,"IOTHUB_CLIENT_CONFIRMATION_OK"
18833,10328208613,10328208647,1,"IOTHUB_CLIENT_CONFIRMATION_OK"
18834,10328208813,10328208844,1,"IOTHUB_CLIENT_CONFIRMATION_OK"
18835,10328209013,10328209111,1,"IOTHUB_CLIENT_CONFIRMATION_OK"
18836,10328209213,10328209244,1,"IOTHUB_CLIENT_CONFIRMATION_OK"
18837,10328209414,10328209446,1,"IOTHUB_CLIENT_CONFIRMATION_OK"
18838,10328209614,10328209647,1,"IOTHUB_CLIENT_CONFIRMATION_OK"
18839,10328209814,10328209908,1,"IOTHUB_CLIENT_CONFIRMATION_OK"
18840,10328210014,10328210047,1,"IOTHUB_CLIENT_CONFIRMATION_OK"
18841,10328210214,10328210262,1,"IOTHUB_CLIENT_CONFIRMATION_OK"
18842,10328210415,10328210448,1,"IOTHUB_CLIENT_CONFIRMATION_OK"
18843,10328210615,10328210660,1,"IOTHUB_CLIENT_CONFIRMATION_OK"
18844,10328210815,10328210848,1,"IOTHUB_CLIENT_CONFIRMATION_OK"
18845,10328211015,10328211190,1,"IOTHUB_CLIENT_CONFIRMATION_OK"
18846,10328211215,10328211251,1,"IOTHUB_CLIENT_CONFIRMATION_OK"
18847,10328211415,10328211460,1,"IOTHUB_CLIENT_CONFIRMATION_OK"
18848,10328211615,10328211647,1,"IOTHUB_CLIENT_CONFIRMATION_OK"
18849,10328211816,10328211848,1,"IOTHUB_CLIENT_CONFIRMATION_OK"
18850,10328212016,10328212062,1,"IOTHUB_CLIENT_CONFIRMATION_OK"
18851,10328212216,10328212261,1,"IOTHUB_CLIENT_CONFIRMATION_OK"
18852,10328212416,10328212450,1,"IOTHUB_CLIENT_CONFIRMATION_OK"
18853,10328212616,10328212656,1,"IOTHUB_CLIENT_CONFIRMATION_OK"
18854,10328212816,10328212849,1,"IOTHUB_CLIENT_CONFIRMATION_OK"
18855,10328213017,10328213056,1,"IOTHUB_CLIENT_CONFIRMATION_OK"
18856,10328213217,10328213267,1,"IOTHUB_CLIENT_CONFIRMATION_OK"
18857,10328213417,10328213460,1,"IOTHUB_CLIENT_CONFIRMATION_OK"
18858,10328213617,10328213648,1,"IOTHUB_CLIENT_CONFIRMATION_OK"
18859,10328213817,10328213862,1,"IOTHUB_CLIENT_CONFIRMATION_OK"
18860,10328214017,10328214049,1,"IOTHUB_CLIENT_CONFIRMATION_OK"
18861,10328214217,10328214282,1,"IOTHUB_CLIENT_CONFIRMATION_OK"
18862,10328214418,10328214449,1,"IOTHUB_CLIENT_CONFIRMATION_OK"
18863,10328214618,10328214651,1,"IOTHUB_CLIENT_CONFIRMATION_OK"
18864,10328214818,10328214905,1,"IOTHUB_CLIENT_CONFIRMATION_OK"
18865,10328215018,10328215052,1,"IOTHUB_CLIENT_CONFIRMATION_OK"
18866,10328215218,10328215289,1,"IOTHUB_CLIENT_CONFIRMATION_OK"
18867,10328215418,10328215452,1,"IOTHUB_CLIENT_CONFIRMATION_OK"
18868,10328215619,10328215652,1,"IOTHUB_CLIENT_CONFIRMATION_OK"
18869,10328215819,10328215908,1,"IOTHUB_CLIENT_CONFIRMATION_OK"
18870,10328216019,10328216049,1,"IOTHUB_CLIENT_CONFIRMATION_OK"
18871,10328216219,10328216257,1,"IOTHUB_CLIENT_CONFIRMATION_OK"
18872,10328216419,10328216468,1,"IOTHUB_CLIENT_CONFIRMATION_OK"
18873,10328216619,10328216674,1,"IOTHUB_CLIENT_CONFIRMATION_OK"
18874,10328216820,10328216939,1,"IOTHUB_CLIENT_CONFIRMATION_OK"
18875,10328217020,10328217063,1,"IOTHUB_CLIENT_CONFIRMATION_OK"
18876,10328217220,10328217249,1,"IOTHUB_CLIENT_CONFIRMATION_OK"
18877,10328217420,10328217453,1,"IOTHUB_CLIENT_CONFIRMATION_OK"
18878,10328217620,10328217709,1,"IOTHUB_CLIENT_CONFIRMATION_OK"
18879,10328217820,10328217904,1,"IOTHUB_CLIENT_CONFIRMATION_OK"
18880,10328218021,10328218059,1,"IOTHUB_CLIENT_CONFIRMATION_OK"
18881,10328218221,10328218254,1,"IOTHUB_CLIENT_CONFIRMATION_OK"
18882,10328218421,10328218518,1,"IOTHUB_CLIENT_CONFIRMATION_OK"
18883,10328218621,10328218655,1,"IOTHUB_CLIENT_CONFIRMATION_OK"
18884,10328218821,10328218866,1,"IOTHUB_CLIENT_CONFIRMATION_OK"
18885,10328219021,10328219056,1,"IOTHUB_CLIENT_CONFIRMATION_OK"
18886,10328219222,10328219255,1,"IOTHUB_CLIENT_CONFIRMATION_OK"
18887,10328219422,10328219451,1,"IOTHUB_CLIENT_CONFIRMATION_OK"
18888,10328219622,10328219657,1,"IOTHUB_CLIENT_CONFIRMATION_OK"
18889,10328219822,10328219868,1,"IOTHUB_CLIENT_CONFIRMATION_OK"
18890,10328220022,10328220190,1,"IOTHUB_CLIENT_CONFIRMATION_OK"
18891,10328220223,10328220255,1,"IOTHUB_CLIENT_CONFIRMATION_OK"
18892,10328220423,10328220452,1,"IOTHUB_CLIENT_CONFIRMATION_OK"
18893,10328220623,10328220654,1,"IOTHUB_CLIENT_CONFIRMATION_OK"
18894,10328220823,10328220857,1,"IOTHUB_CLIENT_CONFIRMATION_OK"
18895,10328221023,10328221220,1,"IOTHUB_CLIENT_CONFIRMATION_OK"
18896,10328221223,10328221254,1,"IOTHUB_CLIENT_CONFIRMATION_OK"
18897,10328221423,10328221462,1,"IOTHUB_CLIENT_CONFIRMATION_OK"
18898,10328221624,10328221653,1,"IOTHUB_CLIENT_CONFIRMATION_OK"
18899,10328221824,10328221885,1,"IOTHUB_CLIENT_CONFIRMATION_OK"
18900,10328222024,10328222056,1,"IOTHUB_CLIENT_CONFIRMATION_OK"
18901,10328222224,10328222256,1,"IOTHUB_CLIENT_CONFIRMATION_OK"
18902,10328222424,10328222456,1,"IOTHUB_CLIENT_CONFIRMATION_OK"
18903,10328222624,10328222658,1,"IOTHUB_CLIENT_CONFIRMATION_OK"
18904,10328222825,10328222871,1,"IOTHUB_CLIENT_CONFIRMATION_OK"
18905,10328223025,10328223074,1,"IOTHUB_CLIENT_CONFIRMATION_OK"
18906,10328223225,10328223257,1,"IOTHUB_CLIENT_CONFIRMATION_OK"
18907,10328223425,10328223534,1,"IOTHUB_CLIENT_CONFIRMATION_OK"
18908,10328223625,10328223659,1,"IOTHUB_CLIENT_CONFIRMATION_OK"
18909,10328223825,10328223861,1,"IOTHUB_CLIENT_CONFIRMATION_OK"
18910,10328224025,10328224062,1,"IOTHUB_CLIENT_CONFIRMATION_OK"
18911,10328224226,10328224266,1,"IOTHUB_CLIENT_CONFIRMATION_OK"
18912,10328224426,10328224540,1,"IOTHUB_CLIENT_CONFIRMATION_OK"
18913,10328224626,10328224663,1,"IOTHUB_CLIENT_CONFIRMATION_OK"
18914,10328224826,10328224863,1,"IOTHUB_CLIENT_CONFIRMATION_OK"
18915,10328225026,10328225061,1,"IOTHUB_CLIENT_CONFIRMATION_OK"
18916,10328225226,10328225257,1,"IOTHUB_CLIENT_CONFIRMATION_OK"
18917,10328225427,10328225465,1,"IOTHUB_CLIENT_CONFIRMATION_OK"
18918,10328225627,10328225657,1,"IOTHUB_CLIENT_CONFIRMATION_OK"
18919,10328225827,10328225883,1,"IOTHUB_CLIENT_CONFIRMATION_OK"
18920,10328226027,10328226070,1,"IOTHUB_CLIENT_CONFIRMATION_OK"
18921,10328226227,10328226266,1,"IOTHUB_CLIENT_CONFIRMATION_OK"
18922,10328226427,10328226525,1,"IOTHUB_CLIENT_CONFIRMATION_OK"
18923,10328226627,10328226657,1,"IOTHUB_CLIENT_CONFIRMATION_OK"
18924,10328226828,10328226899,1,"IOTHUB_CLIENT_CONFIRMATION_OK"
18925,10328227028,10328227060,1,"IOTHUB_CLIENT_CONFIRMATION_OK"
18926,10328227228,10328227260,1,"IOTHUB_CLIENT_CONFIRMATION_OK"
18927,10328227428,10328227520,1,"IOTHUB_CLIENT_CONFIRMATION_OK"
18928,10328227628,10328227658,1,"IOTHUB_CLIENT_CONFIRMATION_OK"
18929,10328227829,10328227864,1,"IOTHUB_CLIENT_CONFIRMATION_OK"
18930,10328228029,10328228074,1,"IOTHUB_CLIENT_CONFIRMATION_OK"
18931,10328228229,10328228297,1,"IOTHUB_CLIENT_CONFIRMATION_OK"
18932,10328228429,10328228552,1,"IOTHUB_CLIENT_CONFIRMATION_OK"
18933,10328228629,10328228665,1,"IOTHUB_CLIENT_CONFIRMATION_OK"
18934,10328228830,10328228867,1,"IOTHUB_CLIENT_CONFIRMATION_OK"
18935,10328229030,10328229062,1,"IOTHUB_CLIENT_CONFIRMATION_OK"
18936,10328229230,10328229264,1,"IOTHUB_CLIENT_CONFIRMATION_OK"
18937,10328229430,10328229461,1,"IOTHUB_CLIENT_CONFIRMATION_OK"
18938,10328229630,10328229664,1,"IOTHUB_CLIENT_CONFIRMATION_OK"
18939,10328229830,10328229859,1,"IOTHUB_CLIENT_CONFIRMATION_OK"
18940,10328230030,10328230198,1,"IOTHUB_CLIENT_CONFIRMATION_OK"
18941,10328230231,10328230261,1,"IOTHUB_CLIENT_CONFIRMATION_OK"
18942,10328230431,10328230464,1,"IOTHUB_CLIENT_CONFIRMATION_OK"
18943,10328230631,10328230661,1,"IOTHUB_CLIENT_CONFIRMATION_OK"
18944,10328230831,10328230865,1,"IOTHUB_CLIENT_CONFIRMATION_OK"
18945,10328231031,10328231061,1,"IOTHUB_CLIENT_CONFIRMATION_OK"
18946,10328231231,10328231339,1,"IOTHUB_CLIENT_CONFIRMATION_OK"
18947,10328231432,10328231463,1,"IOTHUB_CLIENT_CONFIRMATION_OK"
18948,10328231632,10328231692,1,"IOTHUB_CLIENT_CONFIRMATION_OK"
18949,10328231832,10328231862,1,"IOTHUB_CLIENT_CONFIRMATION_OK"
18950,10328232033,10328232066,1,"IOTHUB_CLIENT_CONFIRMATION_OK"
18951,10328232233,10328232275,1,"IOTHUB_CLIENT_CONFIRMATION_OK"
18952,10328232433,10328232465,1,"IOTHUB_CLIENT_CONFIRMATION_OK"
18953,10328232633,10328233069,1,"IOTHUB_CLIENT_CONFIRMATION_OK"
18954,10328232833,10328233107,1,"IOTHUB_CLIENT_CONFIRMATION_OK"
18955,10328233034,10328233134,1,"IOTHUB_CLIENT_CONFIRMATION_OK"
18956,10328233234,10328233310,1,"IOTHUB_CLIENT_CONFIRMATION_OK"
18957,10328233434,10328233475,1,"IOTHUB_CLIENT_CONFIRMATION_OK"
18958,10328233634,10328233670,1,"IOTHUB_CLIENT_CONFIRMATION_OK"
18959,10328233834,10328233883,1,"IOTHUB_CLIENT_CONFIRMATION_OK"
18960,10328234034,10328234066,1,"IOTHUB_CLIENT_CONFIRMATION_OK"
18961,10328234235,10328234341,1,"IOTHUB_CLIENT_CONFIRMATION_OK"
18962,10328234435,10328234493,1,"IOTHUB_CLIENT_CONFIRMATION_OK"
18963,10328234635,10328234672,1,"IOTHUB_CLIENT_CONFIRMATION_OK"
18964,10328234835,10328234868,1,"IOTHUB_CLIENT_CONFIRMATION_OK"
18965,10328235035,10328235069,1,"IOTHUB_CLIENT_CONFIRMATION_OK"
18966,10328235235,10328235343,1,"IOTHUB_CLIENT_CONFIRMATION_OK"
18967,10328235435,10328235466,1,"IOTHUB_CLIENT_CONFIRMATION_OK"
18968,10328235636,10328235666,1,"IOTHUB_CLIENT_CONFIRMATION_OK"
18969,10328235836,10328235961,1,"IOTHUB_CLIENT_CONFIRMATION_OK"
18970,10328236036,10328236065,1,"IOTHUB_CLIENT_CONFIRMATION_OK"
18971,10328236236,10328236267,1,"IOTHUB_CLIENT_CONFIRMATION_OK"
18972,10328236436,10328236470,1,"IOTHUB_CLIENT_CONFIRMATION_OK"
18973,10328236636,10328236672,1,"IOTHUB_CLIENT_CONFIRMATION_OK"
18974,10328236837,10328236969,1,"IOTHUB_CLIENT_CONFIRMATION_OK"
18975,10328237037,10328237071,1,"IOTHUB_CLIENT_CONFIRMATION_OK"
18976,10328237237,10328237353,1,"IOTHUB_CLIENT_CONFIRMATION_OK"
18977,10328237437,10328237468,1,"IOTHUB_CLIENT_CONFIRMATION_OK"
18978,10328237637,10328237668,1,"IOTHUB_CLIENT_CONFIRMATION_OK"
18979,10328237837,10328237870,1,"IOTHUB_CLIENT_CONFIRMATION_OK"
18980,10328238038,10328238086,1,"IOTHUB_CLIENT_CONFIRMATION_OK"
18981,10328238238,10328238271,1,"IOTHUB_CLIENT_CONFIRMATION_OK"
18982,10328238438,10328238598,1,"IOTHUB_CLIENT_CONFIRMATION_OK"
18983,10328238638,10328238669,1,"IOTHUB_CLIENT_CONFIRMATION_OK"
18984,10328238838,10328238872,1,"IOTHUB_CLIENT_CONFIRMATION_OK"
18985,10328239038,10328239070,1,"IOTHUB_CLIENT_CONFIRMATION_OK"
18986,10328239239,10328239268,1,"IOTHUB_CLIENT_CONFIRMATION_OK"
18987,10328239439,10328239479,1,"IOTHUB_CLIENT_CONFIRMATION_OK"
18988,10328239639,10328239679,1,"IOTHUB_CLIENT_CONFIRMATION_OK"
18989,10328239839,10328239870,1,"IOTHUB_CLIENT_CONFIRMATION_OK"
18990,10328240039,10328240118,1,"IOTHUB_CLIENT_CONFIRMATION_OK"
18991,10328240239,10328240270,1,"IOTHUB_CLIENT_CONFIRMATION_OK"
18992,10328240440,10328240471,1,"IOTHUB_CLIENT_CONFIRMATION_OK"
18993,10328240640,10328240683,1,"IOTHUB_CLIENT_CONFIRMATION_OK"
18994,10328240840,10328240867,1,"IOTHUB_CLIENT_CONFIRMATION_OK"
18995,10328241040,10328241074,1,"IOTHUB_CLIENT_CONFIRMATION_OK"
18996,10328241240,10328241273,1,"IOTHUB_CLIENT_CONFIRMATION_OK"
18997,10328241440,10328241495,1,"IOTHUB_CLIENT_CONFIRMATION_OK"
18998,10328241641,10328241677,1,"IOTHUB_CLIENT_CONFIRMATION_OK"
18999,10328241841,10328241883,1,"IOTHUB_CLIENT_CONFIRMATION_OK"
19000,10328242041,10328242082,1,"IOTHUB_CLIENT_CONFIRMATION_OK"
19001,10328242241,10328242275,1,"IOTHUB_CLIENT_CONFIRMATION_OK"
19002,10328242441,10328242479,1,"IOTHUB_CLIENT_CONFIRMATION_OK"
19003,10328242641,10328242717,1,"IOTHUB_CLIENT_CONFIRMATION_OK"
19004,10328242842,10328242895,1,"IOTHUB_CLIENT_CONFIRMATION_OK"
19005,10328243042,10328243074,1,"IOTHUB_CLIENT_CONFIRMATION_OK"
19006,10328243242,10328243335,1,"IOTHUB_CLIENT_CONFIRMATION_OK"
19007,10328243442,10328243471,1,"IOTHUB_CLIENT_CONFIRMATION_OK"
19008,10328243643,10328243677,1,"IOTHUB_CLIENT_CONFIRMATION_OK"
19009,10328243843,10328243873,1,"IOTHUB_CLIENT_CONFIRMATION_OK"
19010,10328244043,10328244077,1,"IOTHUB_CLIENT_CONFIRMATION_OK"
19011,10328244243,10328244379,1,"IOTHUB_CLIENT_CONFIRMATION_OK"
19012,10328244443,10328244476,1,"IOTHUB_CLIENT_CONFIRMATION_OK"
19013,10328244643,10328244672,1,"IOTHUB_CLIENT_CONFIRMATION_OK"
19014,10328244843,10328244998,1,"IOTHUB_CLIENT_CONFIRMATION_OK"
19015,10328245044,10328245077,1,"IOTHUB_CLIENT_CONFIRMATION_OK"
19016,10328245244,10328245414,1,"IOTHUB_CLIENT_CONFIRMATION_OK"
19017,10328245444,10328245477,1,"IOTHUB_CLIENT_CONFIRMATION_OK"
19018,10328245644,10328245691,1,"IOTHUB_CLIENT_CONFIRMATION_OK"
19019,10328245844,10328245890,1,"IOTHUB_CLIENT_CONFIRMATION_OK"
19020,10328246044,10328246081,1,"IOTHUB_CLIENT_CONFIRMATION_OK"
19021,10328246244,10328246275,1,"IOTHUB_CLIENT_CONFIRMATION_OK"
19022,10328246445,10328246481,1,"IOTHUB_CLIENT_CONFIRMATION_OK"
19023,10328246645,10328246677,1,"IOTHUB_CLIENT_CONFIRMATION_OK"
19024,10328246845,10328247015,1,"IOTHUB_CLIENT_CONFIRMATION_OK"
19025,10328247045,10328247078,1,"IOTHUB_CLIENT_CONFIRMATION_OK"
19026,10328247245,10328247278,1,"IOTHUB_CLIENT_CONFIRMATION_OK"
19027,10328247445,10328247474,1,"IOTHUB_CLIENT_CONFIRMATION_OK"
19028,10328247646,10328247680,1,"IOTHUB_CLIENT_CONFIRMATION_OK"
19029,10328247846,10328247877,1,"IOTHUB_CLIENT_CONFIRMATION_OK"
19030,10328248046,10328248097,1,"IOTHUB_CLIENT_CONFIRMATION_OK"
19031,10328248246,10328248281,1,"IOTHUB_CLIENT_CONFIRMATION_OK"
19032,10328248446,10328248483,1,"IOTHUB_CLIENT_CONFIRMATION_OK"
19033,10328248646,10328248706,1,"IOTHUB_CLIENT_CONFIRMATION_OK"
19034,10328248846,10328248879,1,"IOTHUB_CLIENT_CONFIRMATION_OK"
19035,10328249047,10328249093,1,"IOTHUB_CLIENT_CONFIRMATION_OK"
19036,10328249247,10328249281,1,"IOTHUB_CLIENT_CONFIRMATION_OK"
19037,10328249447,10328249484,1,"IOTHUB_CLIENT_CONFIRMATION_OK"
19038,10328249647,10328249699,1,"IOTHUB_CLIENT_CONFIRMATION_OK"
19039,10328249847,10328249905,1,"IOTHUB_CLIENT_CONFIRMATION_OK"
19040,10328250047,10328250109,1,"IOTHUB_CLIENT_CONFIRMATION_OK"
19041,10328250248,10328250281,1,"IOTHUB_CLIENT_CONFIRMATION_OK"
19042,10328250448,10328250482,1,"IOTHUB_CLIENT_CONFIRMATION_OK"
19043,10328250648,10328250710,1,"IOTHUB_CLIENT_CONFIRMATION_OK"
19044,10328250848,10328250884,1,"IOTHUB_CLIENT_CONFIRMATION_OK"
19045,10328251048,10328251108,1,"IOTHUB_CLIENT_CONFIRMATION_OK"
19046,10328251248,10328251281,1,"IOTHUB_CLIENT_CONFIRMATION_OK"
19047,10328251449,10328251483,1,"IOTHUB_CLIENT_CONFIRMATION_OK"
19048,10328251649,10328251758,1,"IOTHUB_CLIENT_CONFIRMATION_OK"
19049,10328251849,10328251880,1,"IOTHUB_CLIENT_CONFIRMATION_OK"
19050,10328252049,10328252092,1,"IOTHUB_CLIENT_CONFIRMATION_OK"
19051,10328252249,10328252282,1,"IOTHUB_CLIENT_CONFIRMATION_OK"
19052,10328252449,10328252527,1,"IOTHUB_CLIENT_CONFIRMATION_OK"
19053,10328252649,10328252766,1,"IOTHUB_CLIENT_CONFIRMATION_OK"
19054,10328252850,10328252882,1,"IOTHUB_CLIENT_CONFIRMATION_OK"
19055,10328253050,10328253125,1,"IOTHUB_CLIENT_CONFIRMATION_OK"
19056,10328253250,10328253283,1,"IOTHUB_CLIENT_CONFIRMATION_OK"
19057,10328253450,10328253484,1,"IOTHUB_CLIENT_CONFIRMATION_OK"
19058,10328253650,10328253678,1,"IOTHUB_CLIENT_CONFIRMATION_OK"
19059,10328253850,10328253888,1,"IOTHUB_CLIENT_CONFIRMATION_OK"
19060,10328254051,10328254110,1,"IOTHUB_CLIENT_CONFIRMATION_OK"
19061,10328254251,10328254423,1,"IOTHUB_CLIENT_CONFIRMATION_OK"
19062,10328254451,10328254483,1,"IOTHUB_CLIENT_CONFIRMATION_OK"
19063,10328254651,10328254731,1,"IOTHUB_CLIENT_CONFIRMATION_OK"
19064,10328254851,10328254887,1,"IOTHUB_CLIENT_CONFIRMATION_OK"
19065,10328255051,10328255114,1,"IOTHUB_CLIENT_CONFIRMATION_OK"
19066,10328255252,10328255871,1,"IOTHUB_CLIENT_CONFIRMATION_OK"
19067,10328255452,10328255960,1,"IOTHUB_CLIENT_CONFIRMATION_OK"
19068,10328255652,10328256467,1,"IOTHUB_CLIENT_CONFIRMATION_OK"
19069,10328255852,10328256556,1,"IOTHUB_CLIENT_CONFIRMATION_OK"
19070,10328256052,10328256643,1,"IOTHUB_CLIENT_CONFIRMATION_OK"
19071,10328256252,10328256664,1,"IOTHUB_CLIENT_CONFIRMATION_OK"
19072,10328256452,10328256686,1,"IOTHUB_CLIENT_CONFIRMATION_OK"
19073,10328256653,10328256706,1,"IOTHUB_CLIENT_CONFIRMATION_OK"
19074,10328256853,10328257396,1,"IOTHUB_CLIENT_CONFIRMATION_OK"
19075,10328257053,10328257433,1,"IOTHUB_CLIENT_CONFIRMATION_OK"
19076,10328257253,10328257576,1,"IOTHUB_CLIENT_CONFIRMATION_OK"
19077,10328257453,10328257697,1,"IOTHUB_CLIENT_CONFIRMATION_OK"
19078,10328257654,10328257728,1,"IOTHUB_CLIENT_CONFIRMATION_OK"
19079,10328257854,10328257911,1,"IOTHUB_CLIENT_CONFIRMATION_OK"
19080,10328258054,10328258253,1,"IOTHUB_CLIENT_CONFIRMATION_OK"
19081,10328258254,10328258296,1,"IOTHUB_CLIENT_CONFIRMATION_OK"
19082,10328258454,10328258489,1,"IOTHUB_CLIENT_CONFIRMATION_OK"
19083,10328258654,10328258686,1,"IOTHUB_CLIENT_CONFIRMATION_OK"
19084,10328258854,10328258887,1,"IOTHUB_CLIENT_CONFIRMATION_OK"
19085,10328259055,10328259099,1,"IOTHUB_CLIENT_CONFIRMATION_OK"
19086,10328259255,10328259285,1,"IOTHUB_CLIENT_CONFIRMATION_OK"
19087,10328259455,10328259483,1,"IOTHUB_CLIENT_CONFIRMATION_OK"
19088,10328259655,10328259836,1,"IOTHUB_CLIENT_CONFIRMATION_OK"
19089,10328259855,10328259889,1,"IOTHUB_CLIENT_CONFIRMATION_OK"
19090,10328260055,10328260101,1,"IOTHUB_CLIENT_CONFIRMATION_OK"
19091,10328260256,10328260306,1,"IOTHUB_CLIENT_CONFIRMATION_OK"
19092,10328260456,10328260495,1,"IOTHUB_CLIENT_CONFIRMATION_OK"
19093,10328260656,10328260705,1,"IOTHUB_CLIENT_CONFIRMATION_OK"
19094,10328260856,10328260893,1,"IOTHUB_CLIENT_CONFIRMATION_OK"
19095,10328261056,10328261387,1,"IOTHUB_CLIENT_CONFIRMATION_OK"
19096,10328261256,10328261420,1,"IOTHUB_CLIENT_CONFIRMATION_OK"
19097,10328261457,10328261488,1,"IOTHUB_CLIENT_CONFIRMATION_OK"
19098,10328261657,10328261715,1,"IOTHUB_CLIENT_CONFIRMATION_OK"
19099,10328261857,10328261893,1,"IOTHUB_CLIENT_CONFIRMATION_OK"
19100,10328262057,10328262230,1,"IOTHUB_CLIENT_CONFIRMATION_OK"
19101,10328262257,10328262341,1,"IOTHUB_CLIENT_CONFIRMATION_OK"
19102,10328262457,10328262490,1,"IOTHUB_CLIENT_CONFIRMATION_OK"
19103,10328262657,10328262734,1,"IOTHUB_CLIENT_CONFIRMATION_OK"
19104,10328262858,10328262891,1,"IOTHUB_CLIENT_CONFIRMATION_OK"
19105,10328263058,10328263224,1,"IOTHUB_CLIENT_CONFIRMATION_OK"
19106,10328263258,10328263407,1,"IOTHUB_CLIENT_CONFIRMATION_OK"
19107,10328263458,10328263531,1,"IOTHUB_CLIENT_CONFIRMATION_OK"
19108,10328263658,10328263692,1,"IOTHUB_CLIENT_CONFIRMATION_OK"
19109,10328263859,10328263894,1,"IOTHUB_CLIENT_CONFIRMATION_OK"
19110,10328264059,10328264091,1,"IOTHUB_CLIENT_CONFIRMATION_OK"
19111,10328264259,10328264369,1,"IOTHUB_CLIENT_CONFIRMATION_OK"
19112,10328264459,10328264493,1,"IOTHUB_CLIENT_CONFIRMATION_OK"
19113,10328264659,10328264693,1,"IOTHUB_CLIENT_CONFIRMATION_OK"
19114,10328264859,10328264894,1,"IOTHUB_CLIENT_CONFIRMATION_OK"
19115,10328265060,10328265090,1,"IOTHUB_CLIENT_CONFIRMATION_OK"
19116,10328265260,10328265305,1,"IOTHUB_CLIENT_CONFIRMATION_OK"
19117,10328265460,10328265592,1,"IOTHUB_CLIENT_CONFIRMATION_OK"
19118,10328265660,10328265689,1,"IOTHUB_CLIENT_CONFIRMATION_OK"
19119,10328265860,10328266001,1,"IOTHUB_CLIENT_CONFIRMATION_OK"
19120,10328266060,10328266620,1,"IOTHUB_CLIENT_CONFIRMATION_OK"
19121,10328266261,10328266657,1,"IOTHUB_CLIENT_CONFIRMATION_OK"
19122,10328266461,10328266689,1,"IOTHUB_CLIENT_CONFIRMATION_OK"
19123,10328266661,10328266715,1,"IOTHUB_CLIENT_CONFIRMATION_OK"
19124,10328266861,10328267088,1,"IOTHUB_CLIENT_CONFIRMATION_OK"
19125,10328267061,10328267099,1,"IOTHUB_CLIENT_CONFIRMATION_OK"
19126,10328267261,10328267314,1,"IOTHUB_CLIENT_CONFIRMATION_OK"
19127,10328267462,10328267501,1,"IOTHUB_CLIENT_CONFIRMATION_OK"
19128,10328267662,10328267693,1,"IOTHUB_CLIENT_CONFIRMATION_OK"
19129,10328267862,10328267898,1,"IOTHUB_CLIENT_CONFIRMATION_OK"
19130,10328268062,10328268167,1,"IOTHUB_CLIENT_CONFIRMATION_OK"
19131,10328268262,10328268297,1,"IOTHUB_CLIENT_CONFIRMATION_OK"
19132,10328268462,10328268523,1,"IOTHUB_CLIENT_CONFIRMATION_OK"
19133,10328268663,10328268696,1,"IOTHUB_CLIENT_CONFIRMATION_OK"
19134,10328268863,10328268898,1,"IOTHUB_CLIENT_CONFIRMATION_OK"
19135,10328269063,10328269125,1,"IOTHUB_CLIENT_CONFIRMATION_OK"
19136,10328269263,10328269298,1,"IOTHUB_CLIENT_CONFIRMATION_OK"
19137,10328269463,10328269497,1,"IOTHUB_CLIENT_CONFIRMATION_OK"
19138,10328269663,10328269707,1,"IOTHUB_CLIENT_CONFIRMATION_OK"
19139,10328269864,10328269892,1,"IOTHUB_CLIENT_CONFIRMATION_OK"
19140,10328270064,10328270157,1,"IOTHUB_CLIENT_CONFIRMATION_OK"
19141,10328270264,10328270316,1,"IOTHUB_CLIENT_CONFIRMATION_OK"
19142,10328270464,10328270498,1,"IOTHUB_CLIENT_CONFIRMATION_OK"
19143,10328270664,10328270697,1,"IOTHUB_CLIENT_CONFIRMATION_OK"
19144,10328270864,10328270932,1,"IOTHUB_CLIENT_CONFIRMATION_OK"
19145,10328271065,10328271308,1,"IOTHUB_CLIENT_CONFIRMATION_OK"
19146,10328271265,10328271341,1,"IOTHUB_CLIENT_CONFIRMATION_OK"
19147,10328271465,10328271494,1,"IOTHUB_CLIENT_CONFIRMATION_OK"
19148,10328271665,10328271785,1,"IOTHUB_CLIENT_CONFIRMATION_OK"
19149,10328271865,10328271900,1,"IOTHUB_CLIENT_CONFIRMATION_OK"
19150,10328272066,10328272096,1,"IOTHUB_CLIENT_CONFIRMATION_OK"
19151,10328272266,10328272311,1,"IOTHUB_CLIENT_CONFIRMATION_OK"
19152,10328272466,10328272497,1,"IOTHUB_CLIENT_CONFIRMATION_OK"
19153,10328272666,10328272787,1,"IOTHUB_CLIENT_CONFIRMATION_OK"
19154,10328272866,10328272896,1,"IOTHUB_CLIENT_CONFIRMATION_OK"
19155,10328273066,10328273186,1,"IOTHUB_CLIENT_CONFIRMATION_OK"
19156,10328273266,10328273514,1,"IOTHUB_CLIENT_CONFIRMATION_OK"
19157,10328273467,10328273549,1,"IOTHUB_CLIENT_CONFIRMATION_OK"
19158,10328273667,10328273696,1,"IOTHUB_CLIENT_CONFIRMATION_OK"
19159,10328273867,10328273977,1,"IOTHUB_CLIENT_CONFIRMATION_OK"
19160,10328274067,10328274234,1,"IOTHUB_CLIENT_CONFIRMATION_OK"
19161,10328274267,10328274423,1,"IOTHUB_CLIENT_CONFIRMATION_OK"
19162,10328274467,10328274497,1,"IOTHUB_CLIENT_CONFIRMATION_OK"
19163,10328274668,10328274729,1,"IOTHUB_CLIENT_CONFIRMATION_OK"
19164,10328274868,10328274900,1,"IOTHUB_CLIENT_CONFIRMATION_OK"
19165,10328275068,10328275747,1,"IOTHUB_CLIENT_CONFIRMATION_OK"
19166,10328275268,10328275798,1,"IOTHUB_CLIENT_CONFIRMATION_OK"
19167,10328275468,10328275837,1,"IOTHUB_CLIENT_CONFIRMATION_OK"
19168,10328275669,10328275872,1,"IOTHUB_CLIENT_CONFIRMATION_OK"
19169,10328275869,10328276072,1,"IOTHUB_CLIENT_CONFIRMATION_OK"
19170,10328276069,10328276106,1,"IOTHUB_CLIENT_CONFIRMATION_OK"
19171,10328276269,10328276303,1,"IOTHUB_CLIENT_CONFIRMATION_OK"
19172,10328276469,10328276523,1,"IOTHUB_CLIENT_CONFIRMATION_OK"
19173,10328276669,10328276845,1,"IOTHUB_CLIENT_CONFIRMATION_OK"
19174,10328276869,10328277089,1,"IOTHUB_CLIENT_CONFIRMATION_OK"
19175,10328277070,10328277108,1,"IOTHUB_CLIENT_CONFIRMATION_OK"
19176,10328277270,10328277316,1,"IOTHUB_CLIENT_CONFIRMATION_OK"
19177,10328277470,10328277500,1,"IOTHUB_CLIENT_CONFIRMATION_OK"
19178,10328277670,10328277707,1,"IOTHUB_CLIENT_CONFIRMATION_OK"
19179,10328277870,10328277908,1,"IOTHUB_CLIENT_CONFIRMATION_OK"
19180,10328278070,10328278186,1,"IOTHUB_CLIENT_CONFIRMATION_OK"
19181,10328278271,10328278405,1,"IOTHUB_CLIENT_CONFIRMATION_OK"
19182,10328278471,10328278535,1,"IOTHUB_CLIENT_CONFIRMATION_OK"
19183,10328278671,10328278699,1,"IOTHUB_CLIENT_CONFIRMATION_OK"
19184,10328278871,10328278905,1,"IOTHUB_CLIENT_CONFIRMATION_OK"
19185,10328279071,10328279107,1,"IOTHUB_CLIENT_CONFIRMATION_OK"
19186,10328279271,10328279302,1,"IOTHUB_CLIENT_CONFIRMATION_OK"
19187,10328279471,10328279505,1,"IOTHUB_CLIENT_CONFIRMATION_OK"
19188,10328279672,10328279710,1,"IOTHUB_CLIENT_CONFIRMATION_OK"
19189,10328279872,10328279903,1,"IOTHUB_CLIENT_CONFIRMATION_OK"
19190,10328280072,10328280131,1,"IOTHUB_CLIENT_CONFIRMATION_OK"
19191,10328280272,10328280309,1,"IOTHUB_CLIENT_CONFIRMATION_OK"
19192,10328280472,10328280505,1,"IOTHUB_CLIENT_CONFIRMATION_OK"
19193,10328280673,10328280793,1,"IOTHUB_CLIENT_CONFIRMATION_OK"
19194,10328280873,10328280925,1,"IOTHUB_CLIENT_CONFIRMATION_OK"
19195,10328281073,10328281132,1,"IOTHUB_CLIENT_CONFIRMATION_OK"
19196,10328281273,10328281302,1,"IOTHUB_CLIENT_CONFIRMATION_OK"
19197,10328281473,10328281507,1,"IOTHUB_CLIENT_CONFIRMATION_OK"
19198,10328281673,10328281749,1,"IOTHUB_CLIENT_CONFIRMATION_OK"
19199,10328281873,10328281905,1,"IOTHUB_CLIENT_CONFIRMATION_OK"
19200,10328282074,10328282108,1,"IOTHUB_CLIENT_CONFIRMATION_OK"
19201,10328282274,10328282309,1,"IOTHUB_CLIENT_CONFIRMATION_OK"
19202,10328282474,10328282505,1,"IOTHUB_CLIENT_CONFIRMATION_OK"
19203,10328282674,10328282799,1,"IOTHUB_CLIENT_CONFIRMATION_OK"
19204,10328282874,10328282908,1,"IOTHUB_CLIENT_CONFIRMATION_OK"
19205,10328283074,10328283107,1,"IOTHUB_CLIENT_CONFIRMATION_OK"
19206,10328283275,10328283378,1,"IOTHUB_CLIENT_CONFIRMATION_OK"
19207,10328283475,10328283509,1,"IOTHUB_CLIENT_CONFIRMATION_OK"
19208,10328283675,10328283712,1,"IOTHUB_CLIENT_CONFIRMATION_OK"
19209,10328283875,10328283923,1,"IOTHUB_CLIENT_CONFIRMATION_OK"
19210,10328284075,10328284108,1,"IOTHUB_CLIENT_CONFIRMATION_OK"
19211,10328284275,10328284410,1,"IOTHUB_CLIENT_CONFIRMATION_OK"
19212,10328284476,10328284507,1,"IOTHUB_CLIENT_CONFIRMATION_OK"
19213,10328284676,10328284709,1,"IOTHUB_CLIENT_CONFIRMATION_OK"
19214,10328284876,10328284911,1,"IOTHUB_CLIENT_CONFIRMATION_OK"
19215,10328285076,10328285109,1,"IOTHUB_CLIENT_CONFIRMATION_OK"
19216,10328285276,10328285309,1,"IOTHUB_CLIENT_CONFIRMATION_OK"
19217,10328285476,10328285506,1,"IOTHUB_CLIENT_CONFIRMATION_OK"
19218,10328285676,10328285729,1,"IOTHUB_CLIENT_CONFIRMATION_OK"
19219,10328285877,10328286055,1,"IOTHUB_CLIENT_CONFIRMATION_OK"
19220,10328286077,10328286108,1,"IOTHUB_CLIENT_CONFIRMATION_OK"
19221,10328286277,10328286319,1,"IOTHUB_CLIENT_CONFIRMATION_OK"
19222,10328286477,10328286507,1,"IOTHUB_CLIENT_CONFIRMATION_OK"
19223,10328286677,10328286712,1,"IOTHUB_CLIENT_CONFIRMATION_OK"
19224,10328286877,10328287022,1,"IOTHUB_CLIENT_CONFIRMATION_OK"
19225,10328287078,10328287107,1,"IOTHUB_CLIENT_CONFIRMATION_OK"
19226,10328287278,10328287310,1,"IOTHUB_CLIENT_CONFIRMATION_OK"
19227,10328287478,10328287517,1,"IOTHUB_CLIENT_CONFIRMATION_OK"
19228,10328287678,10328287714,1,"IOTHUB_CLIENT_CONFIRMATION_OK"
19229,10328287878,10328287914,1,"IOTHUB_CLIENT_CONFIRMATION_OK"
19230,10328288078,10328288114,1,"IOTHUB_CLIENT_CONFIRMATION_OK"
19231,10328288279,10328288308,1,"IOTHUB_CLIENT_CONFIRMATION_OK"
19232,10328288479,10328288687,1,"IOTHUB_CLIENT_CONFIRMATION_OK"
19233,10328288679,10328288728,1,"IOTHUB_CLIENT_CONFIRMATION_OK"
19234,10328288879,10328288919,1,"IOTHUB_CLIENT_CONFIRMATION_OK"
19235,10328289079,10328289110,1,"IOTHUB_CLIENT_CONFIRMATION_OK"
19236,10328289279,10328289314,1,"IOTHUB_CLIENT_CONFIRMATION_OK"
19237,10328289480,10328289510,1,"IOTHUB_CLIENT_CONFIRMATION_OK"
19238,10328289680,10328289828,1,"IOTHUB_CLIENT_CONFIRMATION_OK"
19239,10328289880,10328289913,1,"IOTHUB_CLIENT_CONFIRMATION_OK"
19240,10328290080,10328290124,1,"IOTHUB_CLIENT_CONFIRMATION_OK"
19241,10328290280,10328290325,1,"IOTHUB_CLIENT_CONFIRMATION_OK"
19242,10328290481,10328290511,1,"IOTHUB_CLIENT_CONFIRMATION_OK"
19243,10328290681,10328290709,1,"IOTHUB_CLIENT_CONFIRMATION_OK"
19244,10328290881,10328290917,1,"IOTHUB_CLIENT_CONFIRMATION_OK"
19245,10328291081,10328291132,1,"IOTHUB_CLIENT_CONFIRMATION_OK"
19246,10328291281,10328291326,1,"IOTHUB_CLIENT_CONFIRMATION_OK"
19247,10328291481,10328291511,1,"IOTHUB_CLIENT_CONFIRMATION_OK"
19248,10328291681,10328291717,1,"IOTHUB_CLIENT_CONFIRMATION_OK"
19249,10328291882,10328291925,1,"IOTHUB_CLIENT_CONFIRMATION_OK"
19250,10328292082,10328292125,1,"IOTHUB_CLIENT_CONFIRMATION_OK"
19251,10328292282,10328292350,1,"IOTHUB_CLIENT_CONFIRMATION_OK"
19252,10328292482,10328292521,1,"IOTHUB_CLIENT_CONFIRMATION_OK"
19253,10328292682,10328292742,1,"IOTHUB_CLIENT_CONFIRMATION_OK"
19254,10328292882,10328292920,1,"IOTHUB_CLIENT_CONFIRMATION_OK"
19255,10328293083,10328293116,1,"IOTHUB_CLIENT_CONFIRMATION_OK"
19256,10328293283,10328293361,1,"IOTHUB_CLIENT_CONFIRMATION_OK"
19257,10328293483,10328293512,1,"IOTHUB_CLIENT_CONFIRMATION_OK"
19258,10328293683,10328293718,1,"IOTHUB_CLIENT_CONFIRMATION_OK"
19259,10328293883,10328293916,1,"IOTHUB_CLIENT_CONFIRMATION_OK"
19260,10328294083,10328294116,1,"IOTHUB_CLIENT_CONFIRMATION_OK"
19261,10328294284,10328294379,1,"IOTHUB_CLIENT_CONFIRMATION_OK"
19262,10328294484,10328294515,1,"IOTHUB_CLIENT_CONFIRMATION_OK"
19263,10328294684,10328294719,1,"IOTHUB_CLIENT_CONFIRMATION_OK"
19264,10328294884,10328295017,1,"IOTHUB_CLIENT_CONFIRMATION_OK"
19265,10328295085,10328295136,1,"IOTHUB_CLIENT_CONFIRMATION_OK"
19266,10328295285,10328295401,1,"IOTHUB_CLIENT_CONFIRMATION_OK"
19267,10328295485,10328295521,1,"IOTHUB_CLIENT_CONFIRMATION_OK"
19268,10328295685,10328295718,1,"IOTHUB_CLIENT_CONFIRMATION_OK"
19269,10328295886,10328296020,1,"IOTHUB_CLIENT_CONFIRMATION_OK"
19270,10328296086,10328296121,1,"IOTHUB_CLIENT_CONFIRMATION_OK"
19271,10328296286,10328296316,1,"IOTHUB_CLIENT_CONFIRMATION_OK"
19272,10328296486,10328296528,1,"IOTHUB_CLIENT_CONFIRMATION_OK"
19273,10328296686,10328296720,1,"IOTHUB_CLIENT_CONFIRMATION_OK"
19274,10328296886,10328297025,1,"IOTHUB_CLIENT_CONFIRMATION_OK"
19275,10328297087,10328297116,1,"IOTHUB_CLIENT_CONFIRMATION_OK"
19276,10328297287,10328297325,1,"IOTHUB_CLIENT_CONFIRMATION_OK"
19277,10328297487,10328297520,1,"IOTHUB_CLIENT_CONFIRMATION_OK"
19278,10328297687,10328297721,1,"IOTHUB_CLIENT_CONFIRMATION_OK"
19279,10328297888,10328297918,1,"IOTHUB_CLIENT_CONFIRMATION_OK"
19280,10328298088,10328298141,1,"IOTHUB_CLIENT_CONFIRMATION_OK"
19281,10328298288,10328298398,1,"IOTHUB_CLIENT_CONFIRMATION_OK"
19282,10328298488,10328298708,1,"IOTHUB_CLIENT_CONFIRMATION_OK"
19283,10328298688,10328298723,1,"IOTHUB_CLIENT_CONFIRMATION_OK"
19284,10328298888,10328298925,1,"IOTHUB_CLIENT_CONFIRMATION_OK"
19285,10328299089,10328299121,1,"IOTHUB_CLIENT_CONFIRMATION_OK"
19286,10328299289,10328299319,1,"IOTHUB_CLIENT_CONFIRMATION_OK"
19287,10328299489,10328299531,1,"IOTHUB_CLIENT_CONFIRMATION_OK"
19288,10328299689,10328299717,1,"IOTHUB_CLIENT_CONFIRMATION_OK"
19289,10328299889,10328299925,1,"IOTHUB_CLIENT_CONFIRMATION_OK"
19290,10328300089,10328300119,1,"IOTHUB_CLIENT_CONFIRMATION_OK"
19291,10328300290,10328300320,1,"IOTHUB_CLIENT_CONFIRMATION_OK"
19292,10328300490,10328300531,1,"IOTHUB_CLIENT_CONFIRMATION_OK"
19293,10328300690,10328300724,1,"IOTHUB_CLIENT_CONFIRMATION_OK"
19294,10328300890,10328300923,1,"IOTHUB_CLIENT_CONFIRMATION_OK"
19295,10328301090,10328301318,1,"IOTHUB_CLIENT_CONFIRMATION_OK"
19296,10328301290,10328301326,1,"IOTHUB_CLIENT_CONFIRMATION_OK"
19297,10328301491,10328301536,1,"IOTHUB_CLIENT_CONFIRMATION_OK"
19298,10328301691,10328301730,1,"IOTHUB_CLIENT_CONFIRMATION_OK"
19299,10328301891,10328301938,1,"IOTHUB_CLIENT_CONFIRMATION_OK"
19300,10328302091,10328302124,1,"IOTHUB_CLIENT_CONFIRMATION_OK"
19301,10328302291,10328302468,1,"IOTHUB_CLIENT_CONFIRMATION_OK"
19302,10328302491,10328302530,1,"IOTHUB_CLIENT_CONFIRMATION_OK"
19303,10328302692,10328302725,1,"IOTHUB_CLIENT_CONFIRMATION_OK"
19304,10328302892,10328302929,1,"IOTHUB_CLIENT_CONFIRMATION_OK"
19305,10328303092,10328303124,1,"IOTHUB_CLIENT_CONFIRMATION_OK"
19306,10328303292,10328303359,1,"IOTHUB_CLIENT_CONFIRMATION_OK"
19307,10328303492,10328303526,1,"IOTHUB_CLIENT_CONFIRMATION_OK"
19308,10328303692,10328303725,1,"IOTHUB_CLIENT_CONFIRMATION_OK"
19309,10328303893,10328303925,1,"IOTHUB_CLIENT_CONFIRMATION_OK"
19310,10328304093,10328304123,1,"IOTHUB_CLIENT_CONFIRMATION_OK"
19311,10328304293,10328304363,1,"IOTHUB_CLIENT_CONFIRMATION_OK"
19312,10328304493,10328304523,1,"IOTHUB_CLIENT_CONFIRMATION_OK"
19313,10328304693,10328304723,1,"IOTHUB_CLIENT_CONFIRMATION_OK"
19314,10328304893,10328305096,1,"IOTHUB_CLIENT_CONFIRMATION_OK"
19315,10328305094,10328305140,1,"IOTHUB_CLIENT_CONFIRMATION_OK"
19316,10328305294,10328305364,1,"IOTHUB_CLIENT_CONFIRMATION_OK"
19317,10328305494,10328305526,1,"IOTHUB_CLIENT_CONFIRMATION_OK"
19318,10328305695,10328305725,1,"IOTHUB_CLIENT_CONFIRMATION_OK"
19319,10328305895,10328306033,1,"IOTHUB_CLIENT_CONFIRMATION_OK"
19320,10328306095,10328306134,1,"IOTHUB_CLIENT_CONFIRMATION_OK"
19321,10328306295,10328306323,1,"IOTHUB_CLIENT_CONFIRMATION_OK"
19322,10328306495,10328306528,1,"IOTHUB_CLIENT_CONFIRMATION_OK"
19323,10328306695,10328306790,1,"IOTHUB_CLIENT_CONFIRMATION_OK"
19324,10328306895,10328307008,1,"IOTHUB_CLIENT_CONFIRMATION_OK"
19325,10328307096,10328307129,1,"IOTHUB_CLIENT_CONFIRMATION_OK"
19326,10328307296,10328307326,1,"IOTHUB_CLIENT_CONFIRMATION_OK"
19327,10328307496,10328307618,1,"IOTHUB_CLIENT_CONFIRMATION_OK"
19328,10328307696,10328307729,1,"IOTHUB_CLIENT_CONFIRMATION_OK"
19329,10328307896,10328307930,1,"IOTHUB_CLIENT_CONFIRMATION_OK"
19330,10328308096,10328308147,1,"IOTHUB_CLIENT_CONFIRMATION_OK"
19331,10328308297,10328308328,1,"IOTHUB_CLIENT_CONFIRMATION_OK"
19332,10328308497,10328308631,1,"IOTHUB_CLIENT_CONFIRMATION_OK"
19333,10328308697,10328308754,1,"IOTHUB_CLIENT_CONFIRMATION_OK"
19334,10328308897,10328308930,1,"IOTHUB_CLIENT_CONFIRMATION_OK"
19335,10328309097,10328309128,1,"IOTHUB_CLIENT_CONFIRMATION_OK"
19336,10328309297,10328309331,1,"IOTHUB_CLIENT_CONFIRMATION_OK"
19337,10328309498,10328309529,1,"IOTHUB_CLIENT_CONFIRMATION_OK"
19338,10328309698,10328309731,1,"IOTHUB_CLIENT_CONFIRMATION_OK"
19339,10328309898,10328309947,1,"IOTHUB_CLIENT_CONFIRMATION_OK"
19340,10328310098,10328310129,1,"IOTHUB_CLIENT_CONFIRMATION_OK"
19341,10328310298,10328310335,1,"IOTHUB_CLIENT_CONFIRMATION_OK"
19342,10328310498,10328310531,1,"IOTHUB_CLIENT_CONFIRMATION_OK"
19343,10328310699,10328310739,1,"IOTHUB_CLIENT_CONFIRMATION_OK"
19344,10328310899,10328310933,1,"IOTHUB_CLIENT_CONFIRMATION_OK"
19345,10328311099,10328311289,1,"IOTHUB_CLIENT_CONFIRMATION_OK"
19346,10328311299,10328311332,1,"IOTHUB_CLIENT_CONFIRMATION_OK"
19347,10328311499,10328311534,1,"IOTHUB_CLIENT_CONFIRMATION_OK"
19348,10328311700,10328311731,1,"IOTHUB_CLIENT_CONFIRMATION_OK"
19349,10328311900,10328311929,1,"IOTHUB_CLIENT_CONFIRMATION_OK"
19350,10328312100,10328312132,1,"IOTHUB_CLIENT_CONFIRMATION_OK"
19351,10328312300,10328312331,1,"IOTHUB_CLIENT_CONFIRMATION_OK"
19352,10328312500,10328312543,1,"IOTHUB_CLIENT_CONFIRMATION_OK"
19353,10328312700,10328312742,1,"IOTHUB_CLIENT_CONFIRMATION_OK"
19354,10328312900,10328312935,1,"IOTHUB_CLIENT_CONFIRMATION_OK"
19355,10328313101,10328313135,1,"IOTHUB_CLIENT_CONFIRMATION_OK"
19356,10328313301,10328313359,1,"IOTHUB_CLIENT_CONFIRMATION_OK"
19357,10328313501,10328313530,1,"IOTHUB_CLIENT_CONFIRMATION_OK"
19358,10328313701,10328313742,1,"IOTHUB_CLIENT_CONFIRMATION_OK"
19359,10328313901,10328313951,1,"IOTHUB_CLIENT_CONFIRMATION_OK"
19360,10328314102,10328314136,1,"IOTHUB_CLIENT_CONFIRMATION_OK"
19361,10328314302,10328314347,1,"IOTHUB_CLIENT_CONFIRMATION_OK"
19362,10328314502,10328314545,1,"IOTHUB_CLIENT_CONFIRMATION_OK"
19363,10328314702,10328314739,1,"IOTHUB_CLIENT_CONFIRMATION_OK"
19364,10328314902,10328314965,1,"IOTHUB_CLIENT_CONFIRMATION_OK"
19365,10328315102,10328315138,1,"IOTHUB_CLIENT_CONFIRMATION_OK"
19366,10328315303,10328315336,1,"IOTHUB_CLIENT_CONFIRMATION_OK"
19367,10328315503,10328315541,1,"IOTHUB_CLIENT_CONFIRMATION_OK"
19368,10328315703,10328315738,1,"IOTHUB_CLIENT_CONFIRMATION_OK"
19369,10328315903,10328315976,1,"IOTHUB_CLIENT_CONFIRMATION_OK"
19370,10328316103,10328316200,1,"IOTHUB_CLIENT_CONFIRMATION_OK"
19371,10328316303,10328316335,1,"IOTHUB_CLIENT_CONFIRMATION_OK"
19372,10328316503,10328316539,1,"IOTHUB_CLIENT_CONFIRMATION_OK"
19373,10328316704,10328316761,1,"IOTHUB_CLIENT_CONFIRMATION_OK"
19374,10328316904,10328317073,1,"IOTHUB_CLIENT_CONFIRMATION_OK"
19375,10328317104,10328317133,1,"IOTHUB_CLIENT_CONFIRMATION_OK"
19376,10328317304,10328317338,1,"IOTHUB_CLIENT_CONFIRMATION_OK"
19377,10328317504,10328317539,1,"IOTHUB_CLIENT_CONFIRMATION_OK"
19378,10328317705,10328317739,1,"IOTHUB_CLIENT_CONFIRMATION_OK"
19379,10328317905,10328317940,1,"IOTHUB_CLIENT_CONFIRMATION_OK"
19380,10328318105,10328318139,1,"IOTHUB_CLIENT_CONFIRMATION_OK"
19381,10328318305,10328318339,1,"IOTHUB_CLIENT_CONFIRMATION_OK"
19382,10328318505,10328318535,1,"IOTHUB_CLIENT_CONFIRMATION_OK"
19383,10328318705,10328318738,1,"IOTHUB_CLIENT_CONFIRMATION_OK"
19384,10328318905,10328318938,1,"IOTHUB_CLIENT_CONFIRMATION_OK"
19385,10328319106,10328319139,1,"IOTHUB_CLIENT_CONFIRMATION_OK"
19386,10328319306,10328319343,1,"IOTHUB_CLIENT_CONFIRMATION_OK"
19387,10328319506,10328319545,1,"IOTHUB_CLIENT_CONFIRMATION_OK"
19388,10328319706,10328319739,1,"IOTHUB_CLIENT_CONFIRMATION_OK"
19389,10328319906,10328319935,1,"IOTHUB_CLIENT_CONFIRMATION_OK"
19390,10328320107,10328320149,1,"IOTHUB_CLIENT_CONFIRMATION_OK"
19391,10328320307,10328320339,1,"IOTHUB_CLIENT_CONFIRMATION_OK"
19392,10328320507,10328320542,1,"IOTHUB_CLIENT_CONFIRMATION_OK"
19393,10328320707,10328320747,1,"IOTHUB_CLIENT_CONFIRMATION_OK"
19394,10328320907,10328320950,1,"IOTHUB_CLIENT_CONFIRMATION_OK"
19395,10328321107,10328321140,1,"IOTHUB_CLIENT_CONFIRMATION_OK"
19396,10328321308,10328321341,1,"IOTHUB_CLIENT_CONFIRMATION_OK"
19397,10328321508,10328321539,1,"IOTHUB_CLIENT_CONFIRMATION_OK"
19398,10328321708,10328321756,1,"IOTHUB_CLIENT_CONFIRMATION_OK"
19399,10328321908,10328321945,1,"IOTHUB_CLIENT_CONFIRMATION_OK"
19400,10328322108,10328322142,1,"IOTHUB_CLIENT_CONFIRMATION_OK"
19401,10328322308,10328322378,1,"IOTHUB_CLIENT_CONFIRMATION_OK"
19402,10328322509,10328322548,1,"IOTHUB_CLIENT_CONFIRMATION_OK"
19403,10328322709,10328322764,1,"IOTHUB_CLIENT_CONFIRMATION_OK"
19404,10328322909,10328322946,1,"IOTHUB_CLIENT_CONFIRMATION_OK"
19405,10328323109,10328323143,1,"IOTHUB_CLIENT_CONFIRMATION_OK"
19406,10328323309,10328323386,1,"IOTHUB_CLIENT_CONFIRMATION_OK"
19407,10328323509,10328323546,1,"IOTHUB_CLIENT_CONFIRMATION_OK"
19408,10328323709,10328323739,1,"IOTHUB_CLIENT_CONFIRMATION_OK"
19409,10328323910,10328323944,1,"IOTHUB_CLIENT_CONFIRMATION_OK"
19410,10328324110,10328324142,1,"IOTHUB_CLIENT_CONFIRMATION_OK"
19411,10328324310,10328324391,1,"IOTHUB_CLIENT_CONFIRMATION_OK"
19412,10328324510,10328324542,1,"IOTHUB_CLIENT_CONFIRMATION_OK"
19413,10328324710,10328324745,1,"IOTHUB_CLIENT_CONFIRMATION_OK"
19414,10328324910,10328325016,1,"IOTHUB_CLIENT_CONFIRMATION_OK"
19415,10328325111,10328325145,1,"IOTHUB_CLIENT_CONFIRMATION_OK"
19416,10328325311,10328325416,1,"IOTHUB_CLIENT_CONFIRMATION_OK"
19417,10328325511,10328325565,1,"IOTHUB_CLIENT_CONFIRMATION_OK"
19418,10328325711,10328325747,1,"IOTHUB_CLIENT_CONFIRMATION_OK"
19419,10328325911,10328326022,1,"IOTHUB_CLIENT_CONFIRMATION_OK"
19420,10328326111,10328326145,1,"IOTHUB_CLIENT_CONFIRMATION_OK"
19421,10328326311,10328326347,1,"IOTHUB_CLIENT_CONFIRMATION_OK"
19422,10328326512,10328326556,1,"IOTHUB_CLIENT_CONFIRMATION_OK"
19423,10328326712,10328326745,1,"IOTHUB_CLIENT_CONFIRMATION_OK"
19424,10328326912,10328327041,1,"IOTHUB_CLIENT_CONFIRMATION_OK"
19425,10328327112,10328327144,1,"IOTHUB_CLIENT_CONFIRMATION_OK"
19426,10328327312,10328327346,1,"IOTHUB_CLIENT_CONFIRMATION_OK"
19427,10328327513,10328327556,1,"IOTHUB_CLIENT_CONFIRMATION_OK"
19428,10328327713,10328327751,1,"IOTHUB_CLIENT_CONFIRMATION_OK"
19429,10328327913,10328327948,1,"IOTHUB_CLIENT_CONFIRMATION_OK"
19430,10328328113,10328328146,1,"IOTHUB_CLIENT_CONFIRMATION_OK"
19431,10328328313,10328328351,1,"IOTHUB_CLIENT_CONFIRMATION_OK"
19432,10328328513,10328328668,1,"IOTHUB_CLIENT_CONFIRMATION_OK"
19433,10328328713,10328328744,1,"IOTHUB_CLIENT_CONFIRMATION_OK"
19434,10328328914,10328328946,1,"IOTHUB_CLIENT_CONFIRMATION_OK"
19435,10328329114,10328329146,1,"IOTHUB_CLIENT_CONFIRMATION_OK"
19436,10328329314,10328329351,1,"IOTHUB_CLIENT_CONFIRMATION_OK"
19437,10328329514,10328329546,1,"IOTHUB_CLIENT_CONFIRMATION_OK"
19438,10328329714,10328329749,1,"IOTHUB_CLIENT_CONFIRMATION_OK"
19439,10328329914,10328329948,1,"IOTHUB_CLIENT_CONFIRMATION_OK"
19440,10328330114,10328330182,1,"IOTHUB_CLIENT_CONFIRMATION_OK"
19441,10328330315,10328330510,1,"IOTHUB_CLIENT_CONFIRMATION_OK"
19442,10328330515,10328330579,1,"IOTHUB_CLIENT_CONFIRMATION_OK"
19443,10328330715,10328330747,1,"IOTHUB_CLIENT_CONFIRMATION_OK"
19444,10328330915,10328330955,1,"IOTHUB_CLIENT_CONFIRMATION_OK"
19445,10328331116,10328331143,1,"IOTHUB_CLIENT_CONFIRMATION_OK"
19446,10328331316,10328331347,1,"IOTHUB_CLIENT_CONFIRMATION_OK"
19447,10328331516,10328331547,1,"IOTHUB_CLIENT_CONFIRMATION_OK"
19448,10328331716,10328331752,1,"IOTHUB_CLIENT_CONFIRMATION_OK"
19449,10328331917,10328331946,1,"IOTHUB_CLIENT_CONFIRMATION_OK"
19450,10328332117,10328332147,1,"IOTHUB_CLIENT_CONFIRMATION_OK"
19451,10328332317,10328332354,1,"IOTHUB_CLIENT_CONFIRMATION_OK"
19452,10328332517,10328332550,1,"IOTHUB_CLIENT_CONFIRMATION_OK"
19453,10328332717,10328332749,1,"IOTHUB_CLIENT_CONFIRMATION_OK"
19454,10328332918,10328332948,1,"IOTHUB_CLIENT_CONFIRMATION_OK"
19455,10328333118,10328333150,1,"IOTHUB_CLIENT_CONFIRMATION_OK"
19456,10328333318,10328333375,1,"IOTHUB_CLIENT_CONFIRMATION_OK"
19457,10328333518,10328333549,1,"IOTHUB_CLIENT_CONFIRMATION_OK"
19458,10328333718,10328333751,1,"IOTHUB_CLIENT_CONFIRMATION_OK"
19459,10328333919,10328333963,1,"IOTHUB_CLIENT_CONFIRMATION_OK"
19460,10328334119,10328334157,1,"IOTHUB_CLIENT_CONFIRMATION_OK"
19461,10328334319,10328334382,1,"IOTHUB_CLIENT_CONFIRMATION_OK"
19462,10328334519,10328334562,1,"IOTHUB_CLIENT_CONFIRMATION_OK"
19463,10328334719,10328334753,1,"IOTHUB_CLIENT_CONFIRMATION_OK"
19464,10328334919,10328335000,1,"IOTHUB_CLIENT_CONFIRMATION_OK"
19465,10328335119,10328335151,1,"IOTHUB_CLIENT_CONFIRMATION_OK"
19466,10328335320,10328335401,1,"IOTHUB_CLIENT_CONFIRMATION_OK"
19467,10328335520,10328335553,1,"IOTHUB_CLIENT_CONFIRMATION_OK"
19468,10328335720,10328335754,1,"IOTHUB_CLIENT_CONFIRMATION_OK"
19469,10328335920,10328336025,1,"IOTHUB_CLIENT_CONFIRMATION_OK"
19470,10328336120,10328336165,1,"IOTHUB_CLIENT_CONFIRMATION_OK"
19471,10328336320,10328336357,1,"IOTHUB_CLIENT_CONFIRMATION_OK"
19472,10328336521,10328336561,1,"IOTHUB_CLIENT_CONFIRMATION_OK"
19473,10328336721,10328336752,1,"IOTHUB_CLIENT_CONFIRMATION_OK"
19474,10328336921,10328337046,1,"IOTHUB_CLIENT_CONFIRMATION_OK"
19475,10328337121,10328337154,1,"IOTHUB_CLIENT_CONFIRMATION_OK"
19476,10328337321,10328337364,1,"IOTHUB_CLIENT_CONFIRMATION_OK"
19477,10328337521,10328337671,1,"IOTHUB_CLIENT_CONFIRMATION_OK"
19478,10328337722,10328337754,1,"IOTHUB_CLIENT_CONFIRMATION_OK"
19479,10328337922,10328337954,1,"IOTHUB_CLIENT_CONFIRMATION_OK"
19480,10328338122,10328338157,1,"IOTHUB_CLIENT_CONFIRMATION_OK"
19481,10328338322,10328338354,1,"IOTHUB_CLIENT_CONFIRMATION_OK"
19482,10328338522,10328338700,1,"IOTHUB_CLIENT_CONFIRMATION_OK"
19483,10328338722,10328338753,1,"IOTHUB_CLIENT_CONFIRMATION_OK"
19484,10328338922,10328338952,1,"IOTHUB_CLIENT_CONFIRMATION_OK"
19485,10328339123,10328339153,1,"IOTHUB_CLIENT_CONFIRMATION_OK"
19486,10328339323,10328339358,1,"IOTHUB_CLIENT_CONFIRMATION_OK"
19487,10328339523,10328339554,1,"IOTHUB_CLIENT_CONFIRMATION_OK"
19488,10328339723,10328339752,1,"IOTHUB_CLIENT_CONFIRMATION_OK"
19489,10328339923,10328339962,1,"IOTHUB_CLIENT_CONFIRMATION_OK"
19490,10328340123,10328340584,1,"IOTHUB_CLIENT_CONFIRMATION_OK"
19491,10328340323,10328340618,1,"IOTHUB_CLIENT_CONFIRMATION_OK"
19492,10328340524,10328340819,1,"IOTHUB_CLIENT_CONFIRMATION_OK"
19493,10328340724,10328340861,1,"IOTHUB_CLIENT_CONFIRMATION_OK"
19494,10328340924,10328340961,1,"IOTHUB_CLIENT_CONFIRMATION_OK"
19495,10328341124,10328341201,1,"IOTHUB_CLIENT_CONFIRMATION_OK"
19496,10328341324,10328341411,1,"IOTHUB_CLIENT_CONFIRMATION_OK"
19497,10328341525,10328341583,1,"IOTHUB_CLIENT_CONFIRMATION_OK"
19498,10328341725,10328341827,1,"IOTHUB_CLIENT_CONFIRMATION_OK"
19499,10328341925,10328341955,1,"IOTHUB_CLIENT_CONFIRMATION_OK"
19500,10328342125,10328342175,1,"IOTHUB_CLIENT_CONFIRMATION_OK"
19501,10328342325,10328342356,1,"IOTHUB_CLIENT_CONFIRMATION_OK"
19502,10328342525,10328342566,1,"IOTHUB_CLIENT_CONFIRMATION_OK"
19503,10328342726,10328342842,1,"IOTHUB_CLIENT_CONFIRMATION_OK"
19504,10328342926,10328342972,1,"IOTHUB_CLIENT_CONFIRMATION_OK"
19505,10328343126,10328343157,1,"IOTHUB_CLIENT_CONFIRMATION_OK"
19506,10328343326,10328343357,1,"IOTHUB_CLIENT_CONFIRMATION_OK"
19507,10328343526,10328343558,1,"IOTHUB_CLIENT_CONFIRMATION_OK"
19508,10328343726,10328343759,1,"IOTHUB_CLIENT_CONFIRMATION_OK"
19509,10328343926,10328343958,1,"IOTHUB_CLIENT_CONFIRMATION_OK"
19510,10328344127,10328344163,1,"IOTHUB_CLIENT_CONFIRMATION_OK"
19511,10328344327,10328344372,1,"IOTHUB_CLIENT_CONFIRMATION_OK"
19512,10328344527,10328344562,1,"IOTHUB_CLIENT_CONFIRMATION_OK"
19513,10328344727,10328344763,1,"IOTHUB_CLIENT_CONFIRMATION_OK"
19514,10328344927,10328344967,1,"IOTHUB_CLIENT_CONFIRMATION_OK"
19515,10328345128,10328345160,1,"IOTHUB_CLIENT_CONFIRMATION_OK"
19516,10328345328,10328345543,1,"IOTHUB_CLIENT_CONFIRMATION_OK"
19517,10328345528,10328345581,1,"IOTHUB_CLIENT_CONFIRMATION_OK"
19518,10328345728,10328345758,1,"IOTHUB_CLIENT_CONFIRMATION_OK"
19519,10328345928,10328345979,1,"IOTHUB_CLIENT_CONFIRMATION_OK"
19520,10328346129,10328346160,1,"IOTHUB_CLIENT_CONFIRMATION_OK"
19521,10328346329,10328346370,1,"IOTHUB_CLIENT_CONFIRMATION_OK"
19522,10328346529,10328346612,1,"IOTHUB_CLIENT_CONFIRMATION_OK"
19523,10328346729,10328346770,1,"IOTHUB_CLIENT_CONFIRMATION_OK"
19524,10328346929,10328346986,1,"IOTHUB_CLIENT_CONFIRMATION_OK"
19525,10328347129,10328347181,1,"IOTHUB_CLIENT_CONFIRMATION_OK"
19526,10328347329,10328347360,1,"IOTHUB_CLIENT_CONFIRMATION_OK"
19527,10328347530,10328347604,1,"IOTHUB_CLIENT_CONFIRMATION_OK"
19528,10328347730,10328347762,1,"IOTHUB_CLIENT_CONFIRMATION_OK"
19529,10328347930,10328348000,1,"IOTHUB_CLIENT_CONFIRMATION_OK"
19530,10328348130,10328348168,1,"IOTHUB_CLIENT_CONFIRMATION_OK"
19531,10328348330,10328348368,1,"IOTHUB_CLIENT_CONFIRMATION_OK"
19532,10328348530,10328348651,1,"IOTHUB_CLIENT_CONFIRMATION_OK"
19533,10328348731,10328348766,1,"IOTHUB_CLIENT_CONFIRMATION_OK"
19534,10328348931,10328348960,1,"IOTHUB_CLIENT_CONFIRMATION_OK"
19535,10328349131,10328349163,1,"IOTHUB_CLIENT_CONFIRMATION_OK"
19536,10328349331,10328349362,1,"IOTHUB_CLIENT_CONFIRMATION_OK"
19537,10328349531,10328349595,1,"IOTHUB_CLIENT_CONFIRMATION_OK"
19538,10328349731,10328349773,1,"IOTHUB_CLIENT_CONFIRMATION_OK"
19539,10328349931,10328349961,1,"IOTHUB_CLIENT_CONFIRMATION_OK"
19540,10328350132,10328350270,1,"IOTHUB_CLIENT_CONFIRMATION_OK"
19541,10328350332,10328350364,1,"IOTHUB_CLIENT_CONFIRMATION_OK"
19542,10328350532,10328350563,1,"IOTHUB_CLIENT_CONFIRMATION_OK"
19543,10328350732,10328350763,1,"IOTHUB_CLIENT_CONFIRMATION_OK"
19544,10328350932,10328351101,1,"IOTHUB_CLIENT_CONFIRMATION_OK"
19545,10328351132,10328351269,1,"IOTHUB_CLIENT_CONFIRMATION_OK"
19546,10328351333,10328351393,1,"IOTHUB_CLIENT_CONFIRMATION_OK"
19547,10328351533,10328351567,1,"IOTHUB_CLIENT_CONFIRMATION_OK"
19548,10328351733,10328351767,1,"IOTHUB_CLIENT_CONFIRMATION_OK"
19549,10328351933,10328351970,1,"IOTHUB_CLIENT_CONFIRMATION_OK"
19550,10328352133,10328352164,1,"IOTHUB_CLIENT_CONFIRMATION_OK"
19551,10328352333,10328352363,1,"IOTHUB_CLIENT_CONFIRMATION_OK"
19552,10328352534,10328352573,1,"IOTHUB_CLIENT_CONFIRMATION_OK"
19553,10328352734,10328352919,1,"IOTHUB_CLIENT_CONFIRMATION_OK"
19554,10328352934,10328352967,1,"IOTHUB_CLIENT_CONFIRMATION_OK"
19555,10328353134,10328353167,1,"IOTHUB_CLIENT_CONFIRMATION_OK"
19556,10328353334,10328353368,1,"IOTHUB_CLIENT_CONFIRMATION_OK"
19557,10328353534,10328353567,1,"IOTHUB_CLIENT_CONFIRMATION_OK"
19558,10328353734,10328353764,1,"IOTHUB_CLIENT_CONFIRMATION_OK"
19559,10328353935,10328353974,1,"IOTHUB_CLIENT_CONFIRMATION_OK"
19560,10328354135,10328354166,1,"IOTHUB_CLIENT_CONFIRMATION_OK"
19561,10328354335,10328354366,1,"IOTHUB_CLIENT_CONFIRMATION_OK"
19562,10328354535,10328354567,1,"IOTHUB_CLIENT_CONFIRMATION_OK"
19563,10328354735,10328354769,1,"IOTHUB_CLIENT_CONFIRMATION_OK"
19564,10328354936,10328355006,1,"IOTHUB_CLIENT_CONFIRMATION_OK"
19565,10328355136,10328355199,1,"IOTHUB_CLIENT_CONFIRMATION_OK"
19566,10328355336,10328355368,1,"IOTHUB_CLIENT_CONFIRMATION_OK"
19567,10328355536,10328355569,1,"IOTHUB_CLIENT_CONFIRMATION_OK"
19568,10328355736,10328355771,1,"IOTHUB_CLIENT_CONFIRMATION_OK"
19569,10328355936,10328355980,1,"IOTHUB_CLIENT_CONFIRMATION_OK"
19570,10328356137,10328356168,1,"IOTHUB_CLIENT_CONFIRMATION_OK"
19571,10328356337,10328356368,1,"IOTHUB_CLIENT_CONFIRMATION_OK"
19572,10328356537,10328356574,1,"IOTHUB_CLIENT_CONFIRMATION_OK"
19573,10328356737,10328356770,1,"IOTHUB_CLIENT_CONFIRMATION_OK"
19574,10328356937,10328357065,1,"IOTHUB_CLIENT_CONFIRMATION_OK"
19575,10328357137,10328357169,1,"IOTHUB_CLIENT_CONFIRMATION_OK"
19576,10328357337,10328357370,1,"IOTHUB_CLIENT_CONFIRMATION_OK"
19577,10328357538,10328357581,1,"IOTHUB_CLIENT_CONFIRMATION_OK"
19578,10328357738,10328357768,1,"IOTHUB_CLIENT_CONFIRMATION_OK"
19579,10328357938,10328357971,1,"IOTHUB_CLIENT_CONFIRMATION_OK"
19580,10328358138,10328358172,1,"IOTHUB_CLIENT_CONFIRMATION_OK"
19581,10328358338,10328358383,1,"IOTHUB_CLIENT_CONFIRMATION_OK"
19582,10328358539,10328358729,1,"IOTHUB_CLIENT_CONFIRMATION_OK"
19583,10328358739,10328358770,1,"IOTHUB_CLIENT_CONFIRMATION_OK"
19584,10328358939,10328358971,1,"IOTHUB_CLIENT_CONFIRMATION_OK"
19585,10328359139,10328359174,1,"IOTHUB_CLIENT_CONFIRMATION_OK"
19586,10328359340,10328359388,1,"IOTHUB_CLIENT_CONFIRMATION_OK"
19587,10328359540,10328359573,1,"IOTHUB_CLIENT_CONFIRMATION_OK"
19588,10328359740,10328359770,1,"IOTHUB_CLIENT_CONFIRMATION_OK"
19589,10328359940,10328359973,1,"IOTHUB_CLIENT_CONFIRMATION_OK"
19590,10328360140,10328360171,1,"IOTHUB_CLIENT_CONFIRMATION_OK"
19591,10328360340,10328360375,1,"IOTHUB_CLIENT_CONFIRMATION_OK"
19592,10328360540,10328360576,1,"IOTHUB_CLIENT_CONFIRMATION_OK"
19593,10328360741,10328360772,1,"IOTHUB_CLIENT_CONFIRMATION_OK"
19594,10328360941,10328360971,1,"IOTHUB_CLIENT_CONFIRMATION_OK"
19595,10328361141,10328361334,1,"IOTHUB_CLIENT_CONFIRMATION_OK"
19596,10328361341,10328361372,1,"IOTHUB_CLIENT_CONFIRMATION_OK"
19597,10328361542,10328361573,1,"IOTHUB_CLIENT_CONFIRMATION_OK"
19598,10328361742,10328361773,1,"IOTHUB_CLIENT_CONFIRMATION_OK"
19599,10328361942,10328361993,1,"IOTHUB_CLIENT_CONFIRMATION_OK"
19600,10328362142,10328362184,1,"IOTHUB_CLIENT_CONFIRMATION_OK"
19601,10328362342,10328362385,1,"IOTHUB_CLIENT_CONFIRMATION_OK"
19602,10328362542,10328362598,1,"IOTHUB_CLIENT_CONFIRMATION_OK"
19603,10328362743,10328362884,1,"IOTHUB_CLIENT_CONFIRMATION_OK"
19604,10328362943,10328362976,1,"IOTHUB_CLIENT_CONFIRMATION_OK"
19605,10328363143,10328363172,1,"IOTHUB_CLIENT_CONFIRMATION_OK"
19606,10328363343,10328363390,1,"IOTHUB_CLIENT_CONFIRMATION_OK"
19607,10328363543,10328363579,1,"IOTHUB_CLIENT_CONFIRMATION_OK"
19608,10328363743,10328363774,1,"IOTHUB_CLIENT_CONFIRMATION_OK"
19609,10328363943,10328364008,1,"IOTHUB_CLIENT_CONFIRMATION_OK"
19610,10328364144,10328364203,1,"IOTHUB_CLIENT_CONFIRMATION_OK"
19611,10328364344,10328364397,1,"IOTHUB_CLIENT_CONFIRMATION_OK"
19612,10328364544,10328364576,1,"IOTHUB_CLIENT_CONFIRMATION_OK"
19613,10328364744,10328364779,1,"IOTHUB_CLIENT_CONFIRMATION_OK"
19614,10328364944,10328365006,1,"IOTHUB_CLIENT_CONFIRMATION_OK"
19615,10328365144,10328365227,1,"IOTHUB_CLIENT_CONFIRMATION_OK"
19616,10328365345,10328365399,1,"IOTHUB_CLIENT_CONFIRMATION_OK"
19617,10328365545,10328365578,1,"IOTHUB_CLIENT_CONFIRMATION_OK"
19618,10328365745,10328365775,1,"IOTHUB_CLIENT_CONFIRMATION_OK"
19619,10328365945,10328366034,1,"IOTHUB_CLIENT_CONFIRMATION_OK"
19620,10328366145,10328366180,1,"IOTHUB_CLIENT_CONFIRMATION_OK"
19621,10328366345,10328366408,1,"IOTHUB_CLIENT_CONFIRMATION_OK"
19622,10328366545,10328366591,1,"IOTHUB_CLIENT_CONFIRMATION_OK"
19623,10328366746,10328366779,1,"IOTHUB_CLIENT_CONFIRMATION_OK"
19624,10328366946,10328367025,1,"IOTHUB_CLIENT_CONFIRMATION_OK"
19625,10328367146,10328367178,1,"IOTHUB_CLIENT_CONFIRMATION_OK"
19626,10328367346,10328367378,1,"IOTHUB_CLIENT_CONFIRMATION_OK"
19627,10328367546,10328367662,1,"IOTHUB_CLIENT_CONFIRMATION_OK"
19628,10328367746,10328367775,1,"IOTHUB_CLIENT_CONFIRMATION_OK"
19629,10328367946,10328367979,1,"IOTHUB_CLIENT_CONFIRMATION_OK"
19630,10328368147,10328368177,1,"IOTHUB_CLIENT_CONFIRMATION_OK"
19631,10328368347,10328368376,1,"IOTHUB_CLIENT_CONFIRMATION_OK"
19632,10328368547,10328368702,1,"IOTHUB_CLIENT_CONFIRMATION_OK"
19633,10328368747,10328368778,1,"IOTHUB_CLIENT_CONFIRMATION_OK"
19634,10328368947,10328368981,1,"IOTHUB_CLIENT_CONFIRMATION_OK"
19635,10328369147,10328369181,1,"IOTHUB_CLIENT_CONFIRMATION_OK"
19636,10328369348,10328369389,1,"IOTHUB_CLIENT_CONFIRMATION_OK"
19637,10328369548,10328369580,1,"IOTHUB_CLIENT_CONFIRMATION_OK"
19638,10328369748,10328369779,1,"IOTHUB_CLIENT_CONFIRMATION_OK"
19639,10328369948,10328369979,1,"IOTHUB_CLIENT_CONFIRMATION_OK"
19640,10328370148,10328370180,1,"IOTHUB_CLIENT_CONFIRMATION_OK"
19641,10328370348,10328370402,1,"IOTHUB_CLIENT_CONFIRMATION_OK"
19642,10328370548,10328370590,1,"IOTHUB_CLIENT_CONFIRMATION_OK"
19643,10328370749,10328370837,1,"IOTHUB_CLIENT_CONFIRMATION_OK"
19644,10328370949,10328370980,1,"IOTHUB_CLIENT_CONFIRMATION_OK"
19645,10328371149,10328371230,1,"IOTHUB_CLIENT_CONFIRMATION_OK"
19646,10328371349,10328371382,1,"IOTHUB_CLIENT_CONFIRMATION_OK"
19647,10328371549,10328371583,1,"IOTHUB_CLIENT_CONFIRMATION_OK"
19648,10328371749,10328371852,1,"IOTHUB_CLIENT_CONFIRMATION_OK"
19649,10328371949,10328371982,1,"IOTHUB_CLIENT_CONFIRMATION_OK"
19650,10328372150,10328372183,1,"IOTHUB_CLIENT_CONFIRMATION_OK"
19651,10328372350,10328372382,1,"IOTHUB_CLIENT_CONFIRMATION_OK"
19652,10328372550,10328372599,1,"IOTHUB_CLIENT_CONFIRMATION_OK"
19653,10328372750,10328372904,1,"IOTHUB_CLIENT_CONFIRMATION_OK"
19654,10328372951,10328372984,1,"IOTHUB_CLIENT_CONFIRMATION_OK"
19655,10328373151,10328373183,1,"IOTHUB_CLIENT_CONFIRMATION_OK"
19656,10328373351,10328373385,1,"IOTHUB_CLIENT_CONFIRMATION_OK"
19657,10328373551,10328373584,1,"IOTHUB_CLIENT_CONFIRMATION_OK"
19658,10328373751,10328373785,1,"IOTHUB_CLIENT_CONFIRMATION_OK"
19659,10328373951,10328373991,1,"IOTHUB_CLIENT_CONFIRMATION_OK"
19660,10328374152,10328374195,1,"IOTHUB_CLIENT_CONFIRMATION_OK"
19661,10328374352,10328374506,1,"IOTHUB_CLIENT_CONFIRMATION_OK"
19662,10328374552,10328374584,1,"IOTHUB_CLIENT_CONFIRMATION_OK"
19663,10328374752,10328374813,1,"IOTHUB_CLIENT_CONFIRMATION_OK"
19664,10328374952,10328374986,1,"IOTHUB_CLIENT_CONFIRMATION_OK"
19665,10328375152,10328375203,1,"IOTHUB_CLIENT_CONFIRMATION_OK"
19666,10328375353,10328375514,1,"IOTHUB_CLIENT_CONFIRMATION_OK"
19667,10328375553,10328375597,1,"IOTHUB_CLIENT_CONFIRMATION_OK"
19668,10328375753,10328375784,1,"IOTHUB_CLIENT_CONFIRMATION_OK"
19669,10328375953,10328376001,1,"IOTHUB_CLIENT_CONFIRMATION_OK"
19670,10328376153,10328376183,1,"IOTHUB_CLIENT_CONFIRMATION_OK"
19671,10328376353,10328376386,1,"IOTHUB_CLIENT_CONFIRMATION_OK"
19672,10328376554,10328376589,1,"IOTHUB_CLIENT_CONFIRMATION_OK"
19673,10328376754,10328376821,1,"IOTHUB_CLIENT_CONFIRMATION_OK"
19674,10328376954,10328376986,1,"IOTHUB_CLIENT_CONFIRMATION_OK"
19675,10328377154,10328377196,1,"IOTHUB_CLIENT_CONFIRMATION_OK"
19676,10328377354,10328377391,1,"IOTHUB_CLIENT_CONFIRMATION_OK"
19677,10328377554,10328377603,1,"IOTHUB_CLIENT_CONFIRMATION_OK"
19678,10328377755,10328377793,1,"IOTHUB_CLIENT_CONFIRMATION_OK"
19679,10328377955,10328377987,1,"IOTHUB_CLIENT_CONFIRMATION_OK"
19680,10328378155,10328378216,1,"IOTHUB_CLIENT_CONFIRMATION_OK"
19681,10328378355,10328378389,1,"IOTHUB_CLIENT_CONFIRMATION_OK"
19682,10328378555,10328378618,1,"IOTHUB_CLIENT_CONFIRMATION_OK"
19683,10328378755,10328378789,1,"IOTHUB_CLIENT_CONFIRMATION_OK"
19684,10328378956,10328378986,1,"IOTHUB_CLIENT_CONFIRMATION_OK"
19685,10328379156,10328379225,1,"IOTHUB_CLIENT_CONFIRMATION_OK"
19686,10328379356,10328379387,1,"IOTHUB_CLIENT_CONFIRMATION_OK"
19687,10328379556,10328379592,1,"IOTHUB_CLIENT_CONFIRMATION_OK"
19688,10328379756,10328379792,1,"IOTHUB_CLIENT_CONFIRMATION_OK"
19689,10328379956,10328379992,1,"IOTHUB_CLIENT_CONFIRMATION_OK"
19690,10328380157,10328380239,1,"IOTHUB_CLIENT_CONFIRMATION_OK"
19691,10328380357,10328380392,1,"IOTHUB_CLIENT_CONFIRMATION_OK"
19692,10328380557,10328380598,1,"IOTHUB_CLIENT_CONFIRMATION_OK"
19693,10328380757,10328380851,1,"IOTHUB_CLIENT_CONFIRMATION_OK"
19694,10328380957,10328380991,1,"IOTHUB_CLIENT_CONFIRMATION_OK"
19695,10328381157,10328381246,1,"IOTHUB_CLIENT_CONFIRMATION_OK"
19696,10328381358,10328381390,1,"IOTHUB_CLIENT_CONFIRMATION_OK"
19697,10328381558,10328381588,1,"IOTHUB_CLIENT_CONFIRMATION_OK"
19698,10328381758,10328381929,1,"IOTHUB_CLIENT_CONFIRMATION_OK"
19699,10328381958,10328381991,1,"IOTHUB_CLIENT_CONFIRMATION_OK"
19700,10328382158,10328382193,1,"IOTHUB_CLIENT_CONFIRMATION_OK"
19701,10328382358,10328382393,1,"IOTHUB_CLIENT_CONFIRMATION_OK"
19702,10328382558,10328382670,1,"IOTHUB_CLIENT_CONFIRMATION_OK"
19703,10328382759,10328382794,1,"IOTHUB_CLIENT_CONFIRMATION_OK"
19704,10328382959,10328382993,1,"IOTHUB_CLIENT_CONFIRMATION_OK"
19705,10328383159,10328383314,1,"IOTHUB_CLIENT_CONFIRMATION_OK"
19706,10328383359,10328383399,1,"IOTHUB_CLIENT_CONFIRMATION_OK"
19707,10328383559,10328383591,1,"IOTHUB_CLIENT_CONFIRMATION_OK"
19708,10328383759,10328383790,1,"IOTHUB_CLIENT_CONFIRMATION_OK"
19709,10328383960,10328384010,1,"IOTHUB_CLIENT_CONFIRMATION_OK"
19710,10328384160,10328384198,1,"IOTHUB_CLIENT_CONFIRMATION_OK"
19711,10328384360,10328384427,1,"IOTHUB_CLIENT_CONFIRMATION_OK"
19712,10328384560,10328384594,1,"IOTHUB_CLIENT_CONFIRMATION_OK"
19713,10328384760,10328384800,1,"IOTHUB_CLIENT_CONFIRMATION_OK"
19714,10328384960,10328385035,1,"IOTHUB_CLIENT_CONFIRMATION_OK"
19715,10328385161,10328385203,1,"IOTHUB_CLIENT_CONFIRMATION_OK"
19716,10328385361,10328385448,1,"IOTHUB_CLIENT_CONFIRMATION_OK"
19717,10328385561,10328385594,1,"IOTHUB_CLIENT_CONFIRMATION_OK"
19718,10328385761,10328385794,1,"IOTHUB_CLIENT_CONFIRMATION_OK"
19719,10328385961,10328386093,1,"IOTHUB_CLIENT_CONFIRMATION_OK"
19720,10328386161,10328386195,1,"IOTHUB_CLIENT_CONFIRMATION_OK"
19721,10328386361,10328386397,1,"IOTHUB_CLIENT_CONFIRMATION_OK"
19722,10328386562,10328386594,1,"IOTHUB_CLIENT_CONFIRMATION_OK"
19723,10328386762,10328386794,1,"IOTHUB_CLIENT_CONFIRMATION_OK"
19724,10328386962,10328387115,1,"IOTHUB_CLIENT_CONFIRMATION_OK"
19725,10328387162,10328387195,1,"IOTHUB_CLIENT_CONFIRMATION_OK"
19726,10328387362,10328387639,1,"IOTHUB_CLIENT_CONFIRMATION_OK"
19727,10328387563,10328387674,1,"IOTHUB_CLIENT_CONFIRMATION_OK"
19728,10328387763,10328387812,1,"IOTHUB_CLIENT_CONFIRMATION_OK"
19729,10328387963,10328388631,1,"IOTHUB_CLIENT_CONFIRMATION_OK"
19730,10328388163,10328388669,1,"IOTHUB_CLIENT_CONFIRMATION_OK"
19731,10328388363,10328388758,1,"IOTHUB_CLIENT_CONFIRMATION_OK"
19732,10328388564,10328388784,1,"IOTHUB_CLIENT_CONFIRMATION_OK"
19733,10328388764,10328388856,1,"IOTHUB_CLIENT_CONFIRMATION_OK"
19734,10328388964,10328389005,1,"IOTHUB_CLIENT_CONFIRMATION_OK"
19735,10328389164,10328389193,1,"IOTHUB_CLIENT_CONFIRMATION_OK"
19736,10328389364,10328389395,1,"IOTHUB_CLIENT_CONFIRMATION_OK"
19737,10328389564,10328389596,1,"IOTHUB_CLIENT_CONFIRMATION_OK"
19738,10328389764,10328389797,1,"IOTHUB_CLIENT_CONFIRMATION_OK"
19739,10328389965,10328390119,1,"IOTHUB_CLIENT_CONFIRMATION_OK"
19740,10328390165,10328390204,1,"IOTHUB_CLIENT_CONFIRMATION_OK"
19741,10328390365,10328390412,1,"IOTHUB_CLIENT_CONFIRMATION_OK"
19742,10328390565,10328390619,1,"IOTHUB_CLIENT_CONFIRMATION_OK"
19743,10328390765,10328390816,1,"IOTHUB_CLIENT_CONFIRMATION_OK"
19744,10328390965,10328391148,1,"IOTHUB_CLIENT_CONFIRMATION_OK"
19745,10328391166,10328391196,1,"IOTHUB_CLIENT_CONFIRMATION_OK"
19746,10328391366,10328391415,1,"IOTHUB_CLIENT_CONFIRMATION_OK"
19747,10328391566,10328391597,1,"IOTHUB_CLIENT_CONFIRMATION_OK"
19748,10328391766,10328391807,1,"IOTHUB_CLIENT_CONFIRMATION_OK"
19749,10328391967,10328392013,1,"IOTHUB_CLIENT_CONFIRMATION_OK"
19750,10328392167,10328392204,1,"IOTHUB_CLIENT_CONFIRMATION_OK"
19751,10328392367,10328392414,1,"IOTHUB_CLIENT_CONFIRMATION_OK"
19752,10328392567,10328392602,1,"IOTHUB_CLIENT_CONFIRMATION_OK"
19753,10328392767,10328392825,1,"IOTHUB_CLIENT_CONFIRMATION_OK"
19754,10328392968,10328393001,1,"IOTHUB_CLIENT_CONFIRMATION_OK"
19755,10328393168,10328393200,1,"IOTHUB_CLIENT_CONFIRMATION_OK"
19756,10328393368,10328393428,1,"IOTHUB_CLIENT_CONFIRMATION_OK"
19757,10328393568,10328393598,1,"IOTHUB_CLIENT_CONFIRMATION_OK"
19758,10328393768,10328393802,1,"IOTHUB_CLIENT_CONFIRMATION_OK"
19759,10328393969,10328394009,1,"IOTHUB_CLIENT_CONFIRMATION_OK"
19760,10328394169,10328394200,1,"IOTHUB_CLIENT_CONFIRMATION_OK"
19761,10328394369,10328394449,1,"IOTHUB_CLIENT_CONFIRMATION_OK"
19762,10328394569,10328394601,1,"IOTHUB_CLIENT_CONFIRMATION_OK"
19763,10328394769,10328394806,1,"IOTHUB_CLIENT_CONFIRMATION_OK"
19764,10328394969,10328395061,1,"IOTHUB_CLIENT_CONFIRMATION_OK"
19765,10328395170,10328395209,1,"IOTHUB_CLIENT_CONFIRMATION_OK"
19766,10328395370,10328395451,1,"IOTHUB_CLIENT_CONFIRMATION_OK"
19767,10328395570,10328395609,1,"IOTHUB_CLIENT_CONFIRMATION_OK"
19768,10328395770,10328395803,1,"IOTHUB_CLIENT_CONFIRMATION_OK"
19769,10328395970,10328396072,1,"IOTHUB_CLIENT_CONFIRMATION_OK"
19770,10328396170,10328396201,1,"IOTHUB_CLIENT_CONFIRMATION_OK"
19771,10328396371,10328396405,1,"IOTHUB_CLIENT_CONFIRMATION_OK"
19772,10328396571,10328396626,1,"IOTHUB_CLIENT_CONFIRMATION_OK"
19773,10328396771,10328396807,1,"IOTHUB_CLIENT_CONFIRMATION_OK"
19774,10328396971,10328397167,1,"IOTHUB_CLIENT_CONFIRMATION_OK"
19775,10328397171,10328397218,1,"IOTHUB_CLIENT_CONFIRMATION_OK"
19776,10328397372,10328397403,1,"IOTHUB_CLIENT_CONFIRMATION_OK"
19777,10328397572,10328397602,1,"IOTHUB_CLIENT_CONFIRMATION_OK"
19778,10328397772,10328397821,1,"IOTHUB_CLIENT_CONFIRMATION_OK"
19779,10328397972,10328398004,1,"IOTHUB_CLIENT_CONFIRMATION_OK"
19780,10328398172,10328398202,1,"IOTHUB_CLIENT_CONFIRMATION_OK"
19781,10328398372,10328398401,1,"IOTHUB_CLIENT_CONFIRMATION_OK"
19782,10328398573,10328398774,1,"IOTHUB_CLIENT_CONFIRMATION_OK"
19783,10328398773,10328398806,1,"IOTHUB_CLIENT_CONFIRMATION_OK"
19784,10328398973,10328399003,1,"IOTHUB_CLIENT_CONFIRMATION_OK"
19785,10328399173,10328399204,1,"IOTHUB_CLIENT_CONFIRMATION_OK"
19786,10328399373,10328399405,1,"IOTHUB_CLIENT_CONFIRMATION_OK"
19787,10328399573,10328399625,1,"IOTHUB_CLIENT_CONFIRMATION_OK"
19788,10328399773,10328399828,1,"IOTHUB_CLIENT_CONFIRMATION_OK"
19789,10328399974,10328400005,1,"IOTHUB_CLIENT_CONFIRMATION_OK"
19790,10328400174,10328400207,1,"IOTHUB_CLIENT_CONFIRMATION_OK"
19791,10328400374,10328400405,1,"IOTHUB_CLIENT_CONFIRMATION_OK"
19792,10328400574,10328400612,1,"IOTHUB_CLIENT_CONFIRMATION_OK"
19793,10328400774,10328400817,1,"IOTHUB_CLIENT_CONFIRMATION_OK"
19794,10328400975,10328401007,1,"IOTHUB_CLIENT_CONFIRMATION_OK"
19795,10328401175,10328401208,1,"IOTHUB_CLIENT_CONFIRMATION_OK"
19796,10328401375,10328401405,1,"IOTHUB_CLIENT_CONFIRMATION_OK"
19797,10328401575,10328401605,1,"IOTHUB_CLIENT_CONFIRMATION_OK"
19798,10328401775,10328401821,1,"IOTHUB_CLIENT_CONFIRMATION_OK"
19799,10328401975,10328402008,1,"IOTHUB_CLIENT_CONFIRMATION_OK"
19800,10328402175,10328402206,1,"IOTHUB_CLIENT_CONFIRMATION_OK"
19801,10328402376,10328402436,1,"IOTHUB_CLIENT_CONFIRMATION_OK"
19802,10328402576,10328402612,1,"IOTHUB_CLIENT_CONFIRMATION_OK"
19803,10328402776,10328402839,1,"IOTHUB_CLIENT_CONFIRMATION_OK"
19804,10328402976,10328403012,1,"IOTHUB_CLIENT_CONFIRMATION_OK"
19805,10328403176,10328403206,1,"IOTHUB_CLIENT_CONFIRMATION_OK"
19806,10328403376,10328403460,1,"IOTHUB_CLIENT_CONFIRMATION_OK"
19807,10328403577,10328403610,1,"IOTHUB_CLIENT_CONFIRMATION_OK"
19808,10328403777,10328403808,1,"IOTHUB_CLIENT_CONFIRMATION_OK"
19809,10328403977,10328404059,1,"IOTHUB_CLIENT_CONFIRMATION_OK"
19810,10328404177,10328404210,1,"IOTHUB_CLIENT_CONFIRMATION_OK"
19811,10328404377,10328404460,1,"IOTHUB_CLIENT_CONFIRMATION_OK"
19812,10328404577,10328404616,1,"IOTHUB_CLIENT_CONFIRMATION_OK"
19813,10328404777,10328404808,1,"IOTHUB_CLIENT_CONFIRMATION_OK"
19814,10328404978,10328405143,1,"IOTHUB_CLIENT_CONFIRMATION_OK"
19815,10328405178,10328405213,1,"IOTHUB_CLIENT_CONFIRMATION_OK"
19816,10328405378,10328405527,1,"IOTHUB_CLIENT_CONFIRMATION_OK"
19817,10328405578,10328405613,1,"IOTHUB_CLIENT_CONFIRMATION_OK"
19818,10328405778,10328405832,1,"IOTHUB_CLIENT_CONFIRMATION_OK"
19819,10328405978,10328406012,1,"IOTHUB_CLIENT_CONFIRMATION_OK"
19820,10328406179,10328406213,1,"IOTHUB_CLIENT_CONFIRMATION_OK"
19821,10328406379,10328406411,1,"IOTHUB_CLIENT_CONFIRMATION_OK"
19822,10328406579,10328406609,1,"IOTHUB_CLIENT_CONFIRMATION_OK"
19823,10328406779,10328406811,1,"IOTHUB_CLIENT_CONFIRMATION_OK"
19824,10328406979,10328407170,1,"IOTHUB_CLIENT_CONFIRMATION_OK"
19825,10328407179,10328407213,1,"IOTHUB_CLIENT_CONFIRMATION_OK"
19826,10328407380,10328407411,1,"IOTHUB_CLIENT_CONFIRMATION_OK"
19827,10328407580,10328407611,1,"IOTHUB_CLIENT_CONFIRMATION_OK"
19828,10328407780,10328407814,1,"IOTHUB_CLIENT_CONFIRMATION_OK"
19829,10328407980,10328408012,1,"IOTHUB_CLIENT_CONFIRMATION_OK"
19830,10328408180,10328408221,1,"IOTHUB_CLIENT_CONFIRMATION_OK"
19831,10328408380,10328408417,1,"IOTHUB_CLIENT_CONFIRMATION_OK"
19832,10328408580,10328408626,1,"IOTHUB_CLIENT_CONFIRMATION_OK"
19833,10328408781,10328408812,1,"IOTHUB_CLIENT_CONFIRMATION_OK"
19834,10328408981,10328409016,1,"IOTHUB_CLIENT_CONFIRMATION_OK"
19835,10328409181,10328409229,1,"IOTHUB_CLIENT_CONFIRMATION_OK"
19836,10328409381,10328409415,1,"IOTHUB_CLIENT_CONFIRMATION_OK"
19837,10328409581,10328409615,1,"IOTHUB_CLIENT_CONFIRMATION_OK"
19838,10328409781,10328409844,1,"IOTHUB_CLIENT_CONFIRMATION_OK"
19839,10328409982,10328410014,1,"IOTHUB_CLIENT_CONFIRMATION_OK"
19840,10328410182,10328410232,1,"IOTHUB_CLIENT_CONFIRMATION_OK"
19841,10328410382,10328410414,1,"IOTHUB_CLIENT_CONFIRMATION_OK"
19842,10328410582,10328410612,1,"IOTHUB_CLIENT_CONFIRMATION_OK"
19843,10328410782,10328410837,1,"IOTHUB_CLIENT_CONFIRMATION_OK"
19844,10328410983,10328411054,1,"IOTHUB_CLIENT_CONFIRMATION_OK"
19845,10328411183,10328411231,1,"IOTHUB_CLIENT_CONFIRMATION_OK"
19846,10328411383,10328411501,1,"IOTHUB_CLIENT_CONFIRMATION_OK"
19847,10328411583,10328411618,1,"IOTHUB_CLIENT_CONFIRMATION_OK"
19848,10328411783,10328411905,1,"IOTHUB_CLIENT_CONFIRMATION_OK"
19849,10328411983,10328412013,1,"IOTHUB_CLIENT_CONFIRMATION_OK"
19850,10328412183,10328412215,1,"IOTHUB_CLIENT_CONFIRMATION_OK"
19851,10328412384,10328412414,1,"IOTHUB_CLIENT_CONFIRMATION_OK"
19852,10328412584,10328412613,1,"IOTHUB_CLIENT_CONFIRMATION_OK"
19853,10328412784,10328412927,1,"IOTHUB_CLIENT_CONFIRMATION_OK"
19854,10328412984,10328413018,1,"IOTHUB_CLIENT_CONFIRMATION_OK"
19855,10328413184,10328413230,1,"IOTHUB_CLIENT_CONFIRMATION_OK"
19856,10328413384,10328413418,1,"IOTHUB_CLIENT_CONFIRMATION_OK"
19857,10328413585,10328413634,1,"IOTHUB_CLIENT_CONFIRMATION_OK"
19858,10328413785,10328413816,1,"IOTHUB_CLIENT_CONFIRMATION_OK"
19859,10328413985,10328414017,1,"IOTHUB_CLIENT_CONFIRMATION_OK"
19860,10328414185,10328414222,1,"IOTHUB_CLIENT_CONFIRMATION_OK"
19861,10328414385,10328414559,1,"IOTHUB_CLIENT_CONFIRMATION_OK"
19862,10328414585,10328414615,1,"IOTHUB_CLIENT_CONFIRMATION_OK"
19863,10328414786,10328414816,1,"IOTHUB_CLIENT_CONFIRMATION_OK"
19864,10328414986,10328415045,1,"IOTHUB_CLIENT_CONFIRMATION_OK"
19865,10328415186,10328415221,1,"IOTHUB_CLIENT_CONFIRMATION_OK"
19866,10328415386,10328415565,1,"IOTHUB_CLIENT_CONFIRMATION_OK"
19867,10328415586,10328415634,1,"IOTHUB_CLIENT_CONFIRMATION_OK"
19868,10328415786,10328415823,1,"IOTHUB_CLIENT_CONFIRMATION_OK"
19869,10328415987,10328416320,1,"IOTHUB_CLIENT_CONFIRMATION_OK"
19870,10328416187,10328416380,1,"IOTHUB_CLIENT_CONFIRMATION_OK"
19871,10328416387,10328416418,1,"IOTHUB_CLIENT_CONFIRMATION_OK"
19872,10328416587,10328416622,1,"IOTHUB_CLIENT_CONFIRMATION_OK"
19873,10328416787,10328416858,1,"IOTHUB_CLIENT_CONFIRMATION_OK"
19874,10328416988,10328417301,1,"IOTHUB_CLIENT_CONFIRMATION_OK"
19875,10328417188,10328417341,1,"IOTHUB_CLIENT_CONFIRMATION_OK"
19876,10328417388,10328417418,1,"IOTHUB_CLIENT_CONFIRMATION_OK"
19877,10328417588,10328417627,1,"IOTHUB_CLIENT_CONFIRMATION_OK"
19878,10328417788,10328417826,1,"IOTHUB_CLIENT_CONFIRMATION_OK"
19879,10328417988,10328418037,1,"IOTHUB_CLIENT_CONFIRMATION_OK"
19880,10328418189,10328418256,1,"IOTHUB_CLIENT_CONFIRMATION_OK"
19881,10328418389,10328418418,1,"IOTHUB_CLIENT_CONFIRMATION_OK"
19882,10328418589,10328418650,1,"IOTHUB_CLIENT_CONFIRMATION_OK"
19883,10328418789,10328418960,1,"IOTHUB_CLIENT_CONFIRMATION_OK"
19884,10328418989,10328419024,1,"IOTHUB_CLIENT_CONFIRMATION_OK"
19885,10328419189,10328419266,1,"IOTHUB_CLIENT_CONFIRMATION_OK"
19886,10328419389,10328419421,1,"IOTHUB_CLIENT_CONFIRMATION_OK"
19887,10328419590,10328419619,1,"IOTHUB_CLIENT_CONFIRMATION_OK"
19888,10328419790,10328419820,1,"IOTHUB_CLIENT_CONFIRMATION_OK"
19889,10328419990,10328420090,1,"IOTHUB_CLIENT_CONFIRMATION_OK"
19890,10328420190,10328420282,1,"IOTHUB_CLIENT_CONFIRMATION_OK"
19891,10328420390,10328420422,1,"IOTHUB_CLIENT_CONFIRMATION_OK"
19892,10328420590,10328420624,1,"IOTHUB_CLIENT_CONFIRMATION_OK"
19893,10328420791,10328420905,1,"IOTHUB_CLIENT_CONFIRMATION_OK"
19894,10328420991,10328421023,1,"IOTHUB_CLIENT_CONFIRMATION_OK"
19895,10328421191,10328421314,1,"IOTHUB_CLIENT_CONFIRMATION_OK"
19896,10328421391,10328421443,1,"IOTHUB_CLIENT_CONFIRMATION_OK"
19897,10328421591,10328421671,1,"IOTHUB_CLIENT_CONFIRMATION_OK"
19898,10328421791,10328421921,1,"IOTHUB_CLIENT_CONFIRMATION_OK"
19899,10328421992,10328422022,1,"IOTHUB_CLIENT_CONFIRMATION_OK"
19900,10328422192,10328422226,1,"IOTHUB_CLIENT_CONFIRMATION_OK"
19901,10328422392,10328422425,1,"IOTHUB_CLIENT_CONFIRMATION_OK"
19902,10328422592,10328422626,1,"IOTHUB_CLIENT_CONFIRMATION_OK"
19903,10328422792,10328422941,1,"IOTHUB_CLIENT_CONFIRMATION_OK"
19904,10328422992,10328423026,1,"IOTHUB_CLIENT_CONFIRMATION_OK"
19905,10328423193,10328423231,1,"IOTHUB_CLIENT_CONFIRMATION_OK"
19906,10328423393,10328423429,1,"IOTHUB_CLIENT_CONFIRMATION_OK"
19907,10328423593,10328423627,1,"IOTHUB_CLIENT_CONFIRMATION_OK"
19908,10328423793,10328423825,1,"IOTHUB_CLIENT_CONFIRMATION_OK"
19909,10328423993,10328424124,1,"IOTHUB_CLIENT_CONFIRMATION_OK"
19910,10328424193,10328424225,1,"IOTHUB_CLIENT_CONFIRMATION_OK"
19911,10328424393,10328424650,1,"IOTHUB_CLIENT_CONFIRMATION_OK"
19912,10328424594,10328424673,1,"IOTHUB_CLIENT_CONFIRMATION_OK"
19913,10328424794,10328424825,1,"IOTHUB_CLIENT_CONFIRMATION_OK"
19914,10328424994,10328425031,1,"IOTHUB_CLIENT_CONFIRMATION_OK"
19915,10328425194,10328425229,1,"IOTHUB_CLIENT_CONFIRMATION_OK"
19916,10328425394,10328425650,1,"IOTHUB_CLIENT_CONFIRMATION_OK"
19917,10328425594,10328425673,1,"IOTHUB_CLIENT_CONFIRMATION_OK"
19918,10328425795,10328425830,1,"IOTHUB_CLIENT_CONFIRMATION_OK"
19919,10328425995,10328426100,1,"IOTHUB_CLIENT_CONFIRMATION_OK"
19920,10328426195,10328426226,1,"IOTHUB_CLIENT_CONFIRMATION_OK"
19921,10328426395,10328426464,1,"IOTHUB_CLIENT_CONFIRMATION_OK"
19922,10328426595,10328426646,1,"IOTHUB_CLIENT_CONFIRMATION_OK"
19923,10328426795,10328426831,1,"IOTHUB_CLIENT_CONFIRMATION_OK"
19924,10328426995,10328427083,1,"IOTHUB_CLIENT_CONFIRMATION_OK"
19925,10328427196,10328427233,1,"IOTHUB_CLIENT_CONFIRMATION_OK"
19926,10328427396,10328427427,1,"IOTHUB_CLIENT_CONFIRMATION_OK"
19927,10328427596,10328427705,1,"IOTHUB_CLIENT_CONFIRMATION_OK"
19928,10328427796,10328427826,1,"IOTHUB_CLIENT_CONFIRMATION_OK"
19929,10328427996,10328428042,1,"IOTHUB_CLIENT_CONFIRMATION_OK"
19930,10328428196,10328428228,1,"IOTHUB_CLIENT_CONFIRMATION_OK"
19931,10328428397,10328428428,1,"IOTHUB_CLIENT_CONFIRMATION_OK"
19932,10328428597,10328428725,1,"IOTHUB_CLIENT_CONFIRMATION_OK"
19933,10328428797,10328428830,1,"IOTHUB_CLIENT_CONFIRMATION_OK"
19934,10328428997,10328429028,1,"IOTHUB_CLIENT_CONFIRMATION_OK"
19935,10328429197,10328429230,1,"IOTHUB_CLIENT_CONFIRMATION_OK"
19936,10328429397,10328429454,1,"IOTHUB_CLIENT_CONFIRMATION_OK"
19937,10328429597,10328429628,1,"IOTHUB_CLIENT_CONFIRMATION_OK"
19938,10328429798,10328429827,1,"IOTHUB_CLIENT_CONFIRMATION_OK"
19939,10328429998,10328430029,1,"IOTHUB_CLIENT_CONFIRMATION_OK"
19940,10328430198,10328430344,1,"IOTHUB_CLIENT_CONFIRMATION_OK"
19941,10328430398,10328430431,1,"IOTHUB_CLIENT_CONFIRMATION_OK"
19942,10328430598,10328430635,1,"IOTHUB_CLIENT_CONFIRMATION_OK"
19943,10328430798,10328430831,1,"IOTHUB_CLIENT_CONFIRMATION_OK"
19944,10328430998,10328431032,1,"IOTHUB_CLIENT_CONFIRMATION_OK"
19945,10328431199,10328431364,1,"IOTHUB_CLIENT_CONFIRMATION_OK"
19946,10328431399,10328431444,1,"IOTHUB_CLIENT_CONFIRMATION_OK"
19947,10328431599,10328431639,1,"IOTHUB_CLIENT_CONFIRMATION_OK"
19948,10328431799,10328431834,1,"IOTHUB_CLIENT_CONFIRMATION_OK"
19949,10328431999,10328432044,1,"IOTHUB_CLIENT_CONFIRMATION_OK"
19950,10328432199,10328432228,1,"IOTHUB_CLIENT_CONFIRMATION_OK"
19951,10328432399,10328432446,1,"IOTHUB_CLIENT_CONFIRMATION_OK"
19952,10328432600,10328432633,1,"IOTHUB_CLIENT_CONFIRMATION_OK"
19953,10328432800,10328433076,1,"IOTHUB_CLIENT_CONFIRMATION_OK"
19954,10328433000,10328433096,1,"IOTHUB_CLIENT_CONFIRMATION_OK"
19955,10328433200,10328433236,1,"IOTHUB_CLIENT_CONFIRMATION_OK"
19956,10328433400,10328433483,1,"IOTHUB_CLIENT_CONFIRMATION_OK"
19957,10328433600,10328433640,1,"IOTHUB_CLIENT_CONFIRMATION_OK"
19958,10328433801,10328433832,1,"IOTHUB_CLIENT_CONFIRMATION_OK"
19959,10328434001,10328434109,1,"IOTHUB_CLIENT_CONFIRMATION_OK"
19960,10328434201,10328434232,1,"IOTHUB_CLIENT_CONFIRMATION_OK"
19961,10328434401,10328434495,1,"IOTHUB_CLIENT_CONFIRMATION_OK"
19962,10328434601,10328434631,1,"IOTHUB_CLIENT_CONFIRMATION_OK"
19963,10328434801,10328434834,1,"IOTHUB_CLIENT_CONFIRMATION_OK"
19964,10328435002,10328435106,1,"IOTHUB_CLIENT_CONFIRMATION_OK"
19965,10328435202,10328435279,1,"IOTHUB_CLIENT_CONFIRMATION_OK"
19966,10328435402,10328435511,1,"IOTHUB_CLIENT_CONFIRMATION_OK"
19967,10328435602,10328435635,1,"IOTHUB_CLIENT_CONFIRMATION_OK"
19968,10328435802,10328435835,1,"IOTHUB_CLIENT_CONFIRMATION_OK"
19969,10328436002,10328436120,1,"IOTHUB_CLIENT_CONFIRMATION_OK"
19970,10328436202,10328436242,1,"IOTHUB_CLIENT_CONFIRMATION_OK"
19971,10328436403,10328436476,1,"IOTHUB_CLIENT_CONFIRMATION_OK"
19972,10328436603,10328436634,1,"IOTHUB_CLIENT_CONFIRMATION_OK"
19973,10328436803,10328436841,1,"IOTHUB_CLIENT_CONFIRMATION_OK"
19974,10328437003,10328437138,1,"IOTHUB_CLIENT_CONFIRMATION_OK"
19975,10328437203,10328437238,1,"IOTHUB_CLIENT_CONFIRMATION_OK"
19976,10328437403,10328437441,1,"IOTHUB_CLIENT_CONFIRMATION_OK"
19977,10328437603,10328437642,1,"IOTHUB_CLIENT_CONFIRMATION_OK"
19978,10328437804,10328437836,1,"IOTHUB_CLIENT_CONFIRMATION_OK"
19979,10328438004,10328438033,1,"IOTHUB_CLIENT_CONFIRMATION_OK"
19980,10328438204,10328438237,1,"IOTHUB_CLIENT_CONFIRMATION_OK"
19981,10328438404,10328438436,1,"IOTHUB_CLIENT_CONFIRMATION_OK"
19982,10328438604,10328438786,1,"IOTHUB_CLIENT_CONFIRMATION_OK"
19983,10328438804,10328438835,1,"IOTHUB_CLIENT_CONFIRMATION_OK"
19984,10328439005,10328439042,1,"IOTHUB_CLIENT_CONFIRMATION_OK"
19985,10328439205,10328439237,1,"IOTHUB_CLIENT_CONFIRMATION_OK"
19986,10328439405,10328439442,1,"IOTHUB_CLIENT_CONFIRMATION_OK"
19987,10328439605,10328439638,1,"IOTHUB_CLIENT_CONFIRMATION_OK"
19988,10328439805,10328439911,1,"IOTHUB_CLIENT_CONFIRMATION_OK"
19989,10328440005,10328440043,1,"IOTHUB_CLIENT_CONFIRMATION_OK"
19990,10328440206,10328440237,1,"IOTHUB_CLIENT_CONFIRMATION_OK"
19991,10328440406,10328440449,1,"IOTHUB_CLIENT_CONFIRMATION_OK"
19992,10328440606,10328440638,1,"IOTHUB_CLIENT_CONFIRMATION_OK"
19993,10328440806,10328440864,1,"IOTHUB_CLIENT_CONFIRMATION_OK"
19994,10328441007,10328441037,1,"IOTHUB_CLIENT_CONFIRMATION_OK"
19995,10328441207,10328441393,1,"IOTHUB_CLIENT_CONFIRMATION_OK"
19996,10328441407,10328441438,1,"IOTHUB_CLIENT_CONFIRMATION_OK"
19997,10328441607,10328441644,1,"IOTHUB_CLIENT_CONFIRMATION_OK"
19998,10328441807,10328441860,1,"IOTHUB_CLIENT_CONFIRMATION_OK"
19999,10328442007,10328442039,1,"IOTHUB_CLIENT_CONFIRMATION_OK"
20000,10328442207,10328442240,1,"IOTHUB_CLIENT_CONFIRMATION_OK"
20001,10328442408,10328442449,1,"IOTHUB_CLIENT_CONFIRMATION_OK"
20002,10328442608,10328442640,1,"IOTHUB_CLIENT_CONFIRMATION_OK"
20003,10328442808,10328442839,1,"IOTHUB_CLIENT_CONFIRMATION_OK"
20004,10328443008,10328443042,1,"IOTHUB_CLIENT_CONFIRMATION_OK"
20005,10328443208,10328443238,1,"IOTHUB_CLIENT_CONFIRMATION_OK"
20006,10328443408,10328443445,1,"IOTHUB_CLIENT_CONFIRMATION_OK"
20007,10328443609,10328443654,1,"IOTHUB_CLIENT_CONFIRMATION_OK"
20008,10328443809,10328443848,1,"IOTHUB_CLIENT_CONFIRMATION_OK"
20009,10328444009,10328444045,1,"IOTHUB_CLIENT_CONFIRMATION_OK"
20010,10328444209,10328444252,1,"IOTHUB_CLIENT_CONFIRMATION_OK"
20011,10328444409,10328444447,1,"IOTHUB_CLIENT_CONFIRMATION_OK"
20012,10328444609,10328444644,1,"IOTHUB_CLIENT_CONFIRMATION_OK"
20013,10328444809,10328444850,1,"IOTHUB_CLIENT_CONFIRMATION_OK"
20014,10328445010,10328445057,1,"IOTHUB_CLIENT_CONFIRMATION_OK"
20015,10328445210,10328445240,1,"IOTHUB_CLIENT_CONFIRMATION_OK"
20016,10328445410,10328445454,1,"IOTHUB_CLIENT_CONFIRMATION_OK"
20017,10328445610,10328445670,1,"IOTHUB_CLIENT_CONFIRMATION_OK"
20018,10328445810,10328445844,1,"IOTHUB_CLIENT_CONFIRMATION_OK"
20019,10328446011,10328446074,1,"IOTHUB_CLIENT_CONFIRMATION_OK"
20020,10328446211,10328446251,1,"IOTHUB_CLIENT_CONFIRMATION_OK"
20021,10328446411,10328446447,1,"IOTHUB_CLIENT_CONFIRMATION_OK"
20022,10328446611,10328446739,1,"IOTHUB_CLIENT_CONFIRMATION_OK"
20023,10328446811,10328446842,1,"IOTHUB_CLIENT_CONFIRMATION_OK"
20024,10328447011,10328447127,1,"IOTHUB_CLIENT_CONFIRMATION_OK"
20025,10328447212,10328447348,1,"IOTHUB_CLIENT_CONFIRMATION_OK"
20026,10328447412,10328447448,1,"IOTHUB_CLIENT_CONFIRMATION_OK"
20027,10328447612,10328447645,1,"IOTHUB_CLIENT_CONFIRMATION_OK"
20028,10328447812,10328447923,1,"IOTHUB_CLIENT_CONFIRMATION_OK"
20029,10328448012,10328448050,1,"IOTHUB_CLIENT_CONFIRMATION_OK"
20030,10328448212,10328448249,1,"IOTHUB_CLIENT_CONFIRMATION_OK"
20031,10328448413,10328448462,1,"IOTHUB_CLIENT_CONFIRMATION_OK"
20032,10328448613,10328448827,1,"IOTHUB_CLIENT_CONFIRMATION_OK"
20033,10328448813,10328448852,1,"IOTHUB_CLIENT_CONFIRMATION_OK"
20034,10328449013,10328449055,1,"IOTHUB_CLIENT_CONFIRMATION_OK"
20035,10328449213,10328449244,1,"IOTHUB_CLIENT_CONFIRMATION_OK"
20036,10328449413,10328449446,1,"IOTHUB_CLIENT_CONFIRMATION_OK"
20037,10328449613,10328449651,1,"IOTHUB_CLIENT_CONFIRMATION_OK"
20038,10328449814,10328449849,1,"IOTHUB_CLIENT_CONFIRMATION_OK"
20039,10328450014,10328450054,1,"IOTHUB_CLIENT_CONFIRMATION_OK"
20040,10328450214,10328450256,1,"IOTHUB_CLIENT_CONFIRMATION_OK"
20041,10328450414,10328450446,1,"IOTHUB_CLIENT_CONFIRMATION_OK"
20042,10328450614,10328450648,1,"IOTHUB_CLIENT_CONFIRMATION_OK"
20043,10328450814,10328450858,1,"IOTHUB_CLIENT_CONFIRMATION_OK"
20044,10328451014,10328451047,1,"IOTHUB_CLIENT_CONFIRMATION_OK"
20045,10328451215,10328451244,1,"IOTHUB_CLIENT_CONFIRMATION_OK"
20046,10328451415,10328451443,1,"IOTHUB_CLIENT_CONFIRMATION_OK"
20047,10328451615,10328451647,1,"IOTHUB_CLIENT_CONFIRMATION_OK"
20048,10328451815,10328451886,1,"IOTHUB_CLIENT_CONFIRMATION_OK"
20049,10328452016,10328452048,1,"IOTHUB_CLIENT_CONFIRMATION_OK"
20050,10328452216,10328452251,1,"IOTHUB_CLIENT_CONFIRMATION_OK"
20051,10328452416,10328452479,1,"IOTHUB_CLIENT_CONFIRMATION_OK"
20052,10328452616,10328452651,1,"IOTHUB_CLIENT_CONFIRMATION_OK"
20053,10328452816,10328452889,1,"IOTHUB_CLIENT_CONFIRMATION_OK"
20054,10328453016,10328453054,1,"IOTHUB_CLIENT_CONFIRMATION_OK"
20055,10328453216,10328453253,1,"IOTHUB_CLIENT_CONFIRMATION_OK"
20056,10328453417,10328453482,1,"IOTHUB_CLIENT_CONFIRMATION_OK"
20057,10328453617,10328453652,1,"IOTHUB_CLIENT_CONFIRMATION_OK"
20058,10328453817,10328453849,1,"IOTHUB_CLIENT_CONFIRMATION_OK"
20059,10328454017,10328454050,1,"IOTHUB_CLIENT_CONFIRMATION_OK"
20060,10328454217,10328454258,1,"IOTHUB_CLIENT_CONFIRMATION_OK"
20061,10328454418,10328454652,1,"IOTHUB_CLIENT_CONFIRMATION_OK"
20062,10328454618,10328454678,1,"IOTHUB_CLIENT_CONFIRMATION_OK"
20063,10328454818,10328454877,1,"IOTHUB_CLIENT_CONFIRMATION_OK"
20064,10328455018,10328455056,1,"IOTHUB_CLIENT_CONFIRMATION_OK"
20065,10328455218,10328455248,1,"IOTHUB_CLIENT_CONFIRMATION_OK"
20066,10328455418,10328455455,1,"IOTHUB_CLIENT_CONFIRMATION_OK"
20067,10328455618,10328455649,1,"IOTHUB_CLIENT_CONFIRMATION_OK"
20068,10328455819,10328455853,1,"IOTHUB_CLIENT_CONFIRMATION_OK"
20069,10328456019,10328456083,1,"IOTHUB_CLIENT_CONFIRMATION_OK"
20070,10328456219,10328456248,1,"IOTHUB_CLIENT_CONFIRMATION_OK"
20071,10328456419,10328456460,1,"IOTHUB_CLIENT_CONFIRMATION_OK"
20072,10328456619,10328456689,1,"IOTHUB_CLIENT_CONFIRMATION_OK"
20073,10328456819,10328456852,1,"IOTHUB_CLIENT_CONFIRMATION_OK"
20074,10328457020,10328457079,1,"IOTHUB_CLIENT_CONFIRMATION_OK"
20075,10328457220,10328457253,1,"IOTHUB_CLIENT_CONFIRMATION_OK"
20076,10328457420,10328457450,1,"IOTHUB_CLIENT_CONFIRMATION_OK"
20077,10328457620,10328457711,1,"IOTHUB_CLIENT_CONFIRMATION_OK"
20078,10328457820,10328457852,1,"IOTHUB_CLIENT_CONFIRMATION_OK"
20079,10328458020,10328458054,1,"IOTHUB_CLIENT_CONFIRMATION_OK"
20080,10328458221,10328458267,1,"IOTHUB_CLIENT_CONFIRMATION_OK"
20081,10328458421,10328458487,1,"IOTHUB_CLIENT_CONFIRMATION_OK"
20082,10328458621,10328458720,1,"IOTHUB_CLIENT_CONFIRMATION_OK"
20083,10328458821,10328458855,1,"IOTHUB_CLIENT_CONFIRMATION_OK"
20084,10328459021,10328459052,1,"IOTHUB_CLIENT_CONFIRMATION_OK"
20085,10328459221,10328459353,1,"IOTHUB_CLIENT_CONFIRMATION_OK"
20086,10328459422,10328459452,1,"IOTHUB_CLIENT_CONFIRMATION_OK"
20087,10328459622,10328459683,1,"IOTHUB_CLIENT_CONFIRMATION_OK"
20088,10328459822,10328459856,1,"IOTHUB_CLIENT_CONFIRMATION_OK"
20089,10328460022,10328460054,1,"IOTHUB_CLIENT_CONFIRMATION_OK"
20090,10328460222,10328460341,1,"IOTHUB_CLIENT_CONFIRMATION_OK"
20091,10328460422,10328460457,1,"IOTHUB_CLIENT_CONFIRMATION_OK"
20092,10328460622,10328460653,1,"IOTHUB_CLIENT_CONFIRMATION_OK"
20093,10328460823,10328460855,1,"IOTHUB_CLIENT_CONFIRMATION_OK"
20094,10328461023,10328461070,1,"IOTHUB_CLIENT_CONFIRMATION_OK"
20095,10328461223,10328461345,1,"IOTHUB_CLIENT_CONFIRMATION_OK"
20096,10328461423,10328461477,1,"IOTHUB_CLIENT_CONFIRMATION_OK"
20097,10328461623,10328461652,1,"IOTHUB_CLIENT_CONFIRMATION_OK"
20098,10328461823,10328462000,1,"IOTHUB_CLIENT_CONFIRMATION_OK"
20099,10328462024,10328462055,1,"IOTHUB_CLIENT_CONFIRMATION_OK"
20100,10328462224,10328462274,1,"IOTHUB_CLIENT_CONFIRMATION_OK"
20101,10328462424,10328462458,1,"IOTHUB_CLIENT_CONFIRMATION_OK"
20102,10328462624,10328462663,1,"IOTHUB_CLIENT_CONFIRMATION_OK"
20103,10328462824,10328462997,1,"IOTHUB_CLIENT_CONFIRMATION_OK"
20104,10328463024,10328463065,1,"IOTHUB_CLIENT_CONFIRMATION_OK"
20105,10328463224,10328463257,1,"IOTHUB_CLIENT_CONFIRMATION_OK"
20106,10328463425,10328463455,1,"IOTHUB_CLIENT_CONFIRMATION_OK"
20107,10328463625,10328463746,1,"IOTHUB_CLIENT_CONFIRMATION_OK"
20108,10328463825,10328463855,1,"IOTHUB_CLIENT_CONFIRMATION_OK"
20109,10328464025,10328464054,1,"IOTHUB_CLIENT_CONFIRMATION_OK"
20110,10328464225,10328464278,1,"IOTHUB_CLIENT_CONFIRMATION_OK"
20111,10328464425,10328464466,1,"IOTHUB_CLIENT_CONFIRMATION_OK"
20112,10328464626,10328464662,1,"IOTHUB_CLIENT_CONFIRMATION_OK"
20113,10328464826,10328464856,1,"IOTHUB_CLIENT_CONFIRMATION_OK"
20114,10328465026,10328465059,1,"IOTHUB_CLIENT_CONFIRMATION_OK"
20115,10328465226,10328465263,1,"IOTHUB_CLIENT_CONFIRMATION_OK"
20116,10328465426,10328465648,1,"IOTHUB_CLIENT_CONFIRMATION_OK"
20117,10328465626,10328465673,1,"IOTHUB_CLIENT_CONFIRMATION_OK"
20118,10328465826,10328465863,1,"IOTHUB_CLIENT_CONFIRMATION_OK"
20119,10328466027,10328466064,1,"IOTHUB_CLIENT_CONFIRMATION_OK"
20120,10328466227,10328466258,1,"IOTHUB_CLIENT_CONFIRMATION_OK"
20121,10328466427,10328466459,1,"IOTHUB_CLIENT_CONFIRMATION_OK"
20122,10328466627,10328466672,1,"IOTHUB_CLIENT_CONFIRMATION_OK"
20123,10328466827,10328466863,1,"IOTHUB_CLIENT_CONFIRMATION_OK"
20124,10328467027,10328467072,1,"IOTHUB_CLIENT_CONFIRMATION_OK"
20125,10328467227,10328467275,1,"IOTHUB_CLIENT_CONFIRMATION_OK"
20126,10328467428,10328467467,1,"IOTHUB_CLIENT_CONFIRMATION_OK"
20127,10328467628,10328467708,1,"IOTHUB_CLIENT_CONFIRMATION_OK"
20128,10328467828,10328467861,1,"IOTHUB_CLIENT_CONFIRMATION_OK"
20129,10328468028,10328468061,1,"IOTHUB_CLIENT_CONFIRMATION_OK"
20130,10328468228,10328468309,1,"IOTHUB_CLIENT_CONFIRMATION_OK"
20131,10328468428,10328468520,1,"IOTHUB_CLIENT_CONFIRMATION_OK"
20132,10328468629,10328468714,1,"IOTHUB_CLIENT_CONFIRMATION_OK"
20133,10328468829,10328468862,1,"IOTHUB_CLIENT_CONFIRMATION_OK"
20134,10328469029,10328469089,1,"IOTHUB_CLIENT_CONFIRMATION_OK"
20135,10328469229,10328469427,1,"IOTHUB_CLIENT_CONFIRMATION_OK"
20136,10328469429,10328469461,1,"IOTHUB_CLIENT_CONFIRMATION_OK"
20137,10328469629,10328469665,1,"IOTHUB_CLIENT_CONFIRMATION_OK"
20138,10328469830,10328469865,1,"IOTHUB_CLIENT_CONFIRMATION_OK"
20139,10328470030,10328470062,1,"IOTHUB_CLIENT_CONFIRMATION_OK"
20140,10328470230,10328470263,1,"IOTHUB_CLIENT_CONFIRMATION_OK"
20141,10328470430,10328470476,1,"IOTHUB_CLIENT_CONFIRMATION_OK"
20142,10328470630,10328470668,1,"IOTHUB_CLIENT_CONFIRMATION_OK"
20143,10328470830,10328470883,1,"IOTHUB_CLIENT_CONFIRMATION_OK"
20144,10328471030,10328471065,1,"IOTHUB_CLIENT_CONFIRMATION_OK"
20145,10328471231,10328471267,1,"IOTHUB_CLIENT_CONFIRMATION_OK"
20146,10328471431,10328471464,1,"IOTHUB_CLIENT_CONFIRMATION_OK"
20147,10328471631,10328471665,1,"IOTHUB_CLIENT_CONFIRMATION_OK"
20148,10328471831,10328471875,1,"IOTHUB_CLIENT_CONFIRMATION_OK"
20149,10328472031,10328472082,1,"IOTHUB_CLIENT_CONFIRMATION_OK"
20150,10328472231,10328472271,1,"IOTHUB_CLIENT_CONFIRMATION_OK"
20151,10328472431,10328472508,1,"IOTHUB_CLIENT_CONFIRMATION_OK"
20152,10328472632,10328472678,1,"IOTHUB_CLIENT_CONFIRMATION_OK"
20153,10328472832,10328472908,1,"IOTHUB_CLIENT_CONFIRMATION_OK"
20154,10328473032,10328473064,1,"IOTHUB_CLIENT_CONFIRMATION_OK"
20155,10328473232,10328473284,1,"IOTHUB_CLIENT_CONFIRMATION_OK"
20156,10328473432,10328473513,1,"IOTHUB_CLIENT_CONFIRMATION_OK"
20157,10328473632,10328473662,1,"IOTHUB_CLIENT_CONFIRMATION_OK"
20158,10328473832,10328473866,1,"IOTHUB_CLIENT_CONFIRMATION_OK"
20159,10328474033,10328474131,1,"IOTHUB_CLIENT_CONFIRMATION_OK"
20160,10328474233,10328474270,1,"IOTHUB_CLIENT_CONFIRMATION_OK"
20161,10328474433,10328474529,1,"IOTHUB_CLIENT_CONFIRMATION_OK"
20162,10328474633,10328474790,1,"IOTHUB_CLIENT_CONFIRMATION_OK"
20163,10328474833,10328474868,1,"IOTHUB_CLIENT_CONFIRMATION_OK"
20164,10328475033,10328475165,1,"IOTHUB_CLIENT_CONFIRMATION_OK"
20165,10328475234,10328475267,1,"IOTHUB_CLIENT_CONFIRMATION_OK"
20166,10328475434,10328475548,1,"IOTHUB_CLIENT_CONFIRMATION_OK"
20167,10328475634,10328475663,1,"IOTHUB_CLIENT_CONFIRMATION_OK"
20168,10328475834,10328475866,1,"IOTHUB_CLIENT_CONFIRMATION_OK"
20169,10328476034,10328476156,1,"IOTHUB_CLIENT_CONFIRMATION_OK"
20170,10328476234,10328476266,1,"IOTHUB_CLIENT_CONFIRMATION_OK"
20171,10328476434,10328476473,1,"IOTHUB_CLIENT_CONFIRMATION_OK"
20172,10328476635,10328476664,1,"IOTHUB_CLIENT_CONFIRMATION_OK"
20173,10328476835,10328476937,1,"IOTHUB_CLIENT_CONFIRMATION_OK"
20174,10328477035,10328477530,1,"IOTHUB_CLIENT_CONFIRMATION_OK"
20175,10328477235,10328477569,1,"IOTHUB_CLIENT_CONFIRMATION_OK"
20176,10328477435,10328477598,1,"IOTHUB_CLIENT_CONFIRMATION_OK"
20177,10328477635,10328477781,1,"IOTHUB_CLIENT_CONFIRMATION_OK"
20178,10328477835,10328477867,1,"IOTHUB_CLIENT_CONFIRMATION_OK"
20179,10328478036,10328478091,1,"IOTHUB_CLIENT_CONFIRMATION_OK"
20180,10328478236,10328478269,1,"IOTHUB_CLIENT_CONFIRMATION_OK"
20181,10328478436,10328478489,1,"IOTHUB_CLIENT_CONFIRMATION_OK"
20182,10328478636,10328478799,1,"IOTHUB_CLIENT_CONFIRMATION_OK"
20183,10328478836,10328478870,1,"IOTHUB_CLIENT_CONFIRMATION_OK"
20184,10328479036,10328479071,1,"IOTHUB_CLIENT_CONFIRMATION_OK"
20185,10328479237,10328479271,1,"IOTHUB_CLIENT_CONFIRMATION_OK"
20186,10328479437,10328479478,1,"IOTHUB_CLIENT_CONFIRMATION_OK"
20187,10328479637,10328479670,1,"IOTHUB_CLIENT_CONFIRMATION_OK"
20188,10328479837,10328479868,1,"IOTHUB_CLIENT_CONFIRMATION_OK"
20189,10328480037,10328480091,1,"IOTHUB_CLIENT_CONFIRMATION_OK"
20190,10328480237,10328480270,1,"IOTHUB_CLIENT_CONFIRMATION_OK"
20191,10328480438,10328480470,1,"IOTHUB_CLIENT_CONFIRMATION_OK"
20192,10328480638,10328480671,1,"IOTHUB_CLIENT_CONFIRMATION_OK"
20193,10328480838,10328480875,1,"IOTHUB_CLIENT_CONFIRMATION_OK"
20194,10328481038,10328481071,1,"IOTHUB_CLIENT_CONFIRMATION_OK"
20195,10328481239,10328481281,1,"IOTHUB_CLIENT_CONFIRMATION_OK"
20196,10328481439,10328481473,1,"IOTHUB_CLIENT_CONFIRMATION_OK"
20197,10328481639,10328481670,1,"IOTHUB_CLIENT_CONFIRMATION_OK"
20198,10328481839,10328481887,1,"IOTHUB_CLIENT_CONFIRMATION_OK"
20199,10328482039,10328482068,1,"IOTHUB_CLIENT_CONFIRMATION_OK"
20200,10328482239,10328482274,1,"IOTHUB_CLIENT_CONFIRMATION_OK"
20201,10328482440,10328482492,1,"IOTHUB_CLIENT_CONFIRMATION_OK"
20202,10328482640,10328482669,1,"IOTHUB_CLIENT_CONFIRMATION_OK"
20203,10328482840,10328482899,1,"IOTHUB_CLIENT_CONFIRMATION_OK"
20204,10328483040,10328483153,1,"IOTHUB_CLIENT_CONFIRMATION_OK"
20205,10328483240,10328483272,1,"IOTHUB_CLIENT_CONFIRMATION_OK"
20206,10328483440,10328483527,1,"IOTHUB_CLIENT_CONFIRMATION_OK"
20207,10328483641,10328483674,1,"IOTHUB_CLIENT_CONFIRMATION_OK"
20208,10328483841,10328483878,1,"IOTHUB_CLIENT_CONFIRMATION_OK"
20209,10328484041,10328484077,1,"IOTHUB_CLIENT_CONFIRMATION_OK"
20210,10328484241,10328484271,1,"IOTHUB_CLIENT_CONFIRMATION_OK"
20211,10328484441,10328484515,1,"IOTHUB_CLIENT_CONFIRMATION_OK"
20212,10328484642,10328484675,1,"IOTHUB_CLIENT_CONFIRMATION_OK"
20213,10328484842,10328484873,1,"IOTHUB_CLIENT_CONFIRMATION_OK"
20214,10328485042,10328485075,1,"IOTHUB_CLIENT_CONFIRMATION_OK"
20215,10328485242,10328485273,1,"IOTHUB_CLIENT_CONFIRMATION_OK"
20216,10328485442,10328485472,1,"IOTHUB_CLIENT_CONFIRMATION_OK"
20217,10328485642,10328485686,1,"IOTHUB_CLIENT_CONFIRMATION_OK"
20218,10328485842,10328485875,1,"IOTHUB_CLIENT_CONFIRMATION_OK"
20219,10328486043,10328486075,1,"IOTHUB_CLIENT_CONFIRMATION_OK"
20220,10328486243,10328486272,1,"IOTHUB_CLIENT_CONFIRMATION_OK"
20221,10328486443,10328486475,1,"IOTHUB_CLIENT_CONFIRMATION_OK"
20222,10328486643,10328486678,1,"IOTHUB_CLIENT_CONFIRMATION_OK"
20223,10328486843,10328486879,1,"IOTHUB_CLIENT_CONFIRMATION_OK"
20224,10328487043,10328487081,1,"IOTHUB_CLIENT_CONFIRMATION_OK"
20225,10328487244,10328487277,1,"IOTHUB_CLIENT_CONFIRMATION_OK"
20226,10328487444,10328487473,1,"IOTHUB_CLIENT_CONFIRMATION_OK"
20227,10328487644,10328487695,1,"IOTHUB_CLIENT_CONFIRMATION_OK"
20228,10328487844,10328487879,1,"IOTHUB_CLIENT_CONFIRMATION_OK"
20229,10328488044,10328488072,1,"IOTHUB_CLIENT_CONFIRMATION_OK"
20230,10328488244,10328488302,1,"IOTHUB_CLIENT_CONFIRMATION_OK"
20231,10328488444,10328488472,1,"IOTHUB_CLIENT_CONFIRMATION_OK"
20232,10328488645,10328488705,1,"IOTHUB_CLIENT_CONFIRMATION_OK"
20233,10328488845,10328488891,1,"IOTHUB_CLIENT_CONFIRMATION_OK"
20234,10328489045,10328489079,1,"IOTHUB_CLIENT_CONFIRMATION_OK"
20235,10328489245,10328489327,1,"IOTHUB_CLIENT_CONFIRMATION_OK"
20236,10328489445,10328489481,1,"IOTHUB_CLIENT_CONFIRMATION_OK"
20237,10328489645,10328489678,1,"IOTHUB_CLIENT_CONFIRMATION_OK"
20238,10328489846,10328489896,1,"IOTHUB_CLIENT_CONFIRMATION_OK"
20239,10328490046,10328490087,1,"IOTHUB_CLIENT_CONFIRMATION_OK"
20240,10328490246,10328490341,1,"IOTHUB_CLIENT_CONFIRMATION_OK"
20241,10328490446,10328490480,1,"IOTHUB_CLIENT_CONFIRMATION_OK"
20242,10328490646,10328490681,1,"IOTHUB_CLIENT_CONFIRMATION_OK"
20243,10328490847,10328490940,1,"IOTHUB_CLIENT_CONFIRMATION_OK"
20244,10328491047,10328491159,1,"IOTHUB_CLIENT_CONFIRMATION_OK"
20245,10328491247,10328491337,1,"IOTHUB_CLIENT_CONFIRMATION_OK"
20246,10328491447,10328491478,1,"IOTHUB_CLIENT_CONFIRMATION_OK"
20247,10328491647,10328491738,1,"IOTHUB_CLIENT_CONFIRMATION_OK"
20248,10328491847,10328491958,1,"IOTHUB_CLIENT_CONFIRMATION_OK"
20249,10328492048,10328492086,1,"IOTHUB_CLIENT_CONFIRMATION_OK"
20250,10328492248,10328492281,1,"IOTHUB_CLIENT_CONFIRMATION_OK"
20251,10328492448,10328492476,1,"IOTHUB_CLIENT_CONFIRMATION_OK"
20252,10328492648,10328492682,1,"IOTHUB_CLIENT_CONFIRMATION_OK"
20253,10328492848,10328492877,1,"IOTHUB_CLIENT_CONFIRMATION_OK"
20254,10328493049,10328493084,1,"IOTHUB_CLIENT_CONFIRMATION_OK"
20255,10328493249,10328493277,1,"IOTHUB_CLIENT_CONFIRMATION_OK"
20256,10328493449,10328493479,1,"IOTHUB_CLIENT_CONFIRMATION_OK"
20257,10328493649,10328493804,1,"IOTHUB_CLIENT_CONFIRMATION_OK"
20258,10328493849,10328493883,1,"IOTHUB_CLIENT_CONFIRMATION_OK"
20259,10328494049,10328494080,1,"IOTHUB_CLIENT_CONFIRMATION_OK"
20260,10328494250,10328494303,1,"IOTHUB_CLIENT_CONFIRMATION_OK"
20261,10328494450,10328494484,1,"IOTHUB_CLIENT_CONFIRMATION_OK"
20262,10328494650,10328494680,1,"IOTHUB_CLIENT_CONFIRMATION_OK"
20263,10328494850,10328494884,1,"IOTHUB_CLIENT_CONFIRMATION_OK"
20264,10328495051,10328495078,1,"IOTHUB_CLIENT_CONFIRMATION_OK"
20265,10328495251,10328495279,1,"IOTHUB_CLIENT_CONFIRMATION_OK"
20266,10328495451,10328495480,1,"IOTHUB_CLIENT_CONFIRMATION_OK"
20267,10328495651,10328495689,1,"IOTHUB_CLIENT_CONFIRMATION_OK"
20268,10328495851,10328495887,1,"IOTHUB_CLIENT_CONFIRMATION_OK"
20269,10328496051,10328496085,1,"IOTHUB_CLIENT_CONFIRMATION_OK"
20270,10328496251,10328496282,1,"IOTHUB_CLIENT_CONFIRMATION_OK"
20271,10328496452,10328496484,1,"IOTHUB_CLIENT_CONFIRMATION_OK"
20272,10328496652,10328496691,1,"IOTHUB_CLIENT_CONFIRMATION_OK"
20273,10328496852,10328496885,1,"IOTHUB_CLIENT_CONFIRMATION_OK"
20274,10328497052,10328497082,1,"IOTHUB_CLIENT_CONFIRMATION_OK"
20275,10328497252,10328497287,1,"IOTHUB_CLIENT_CONFIRMATION_OK"
20276,10328497453,10328497504,1,"IOTHUB_CLIENT_CONFIRMATION_OK"
20277,10328497653,10328497697,1,"IOTHUB_CLIENT_CONFIRMATION_OK"
20278,10328497853,10328497887,1,"IOTHUB_CLIENT_CONFIRMATION_OK"
20279,10328498053,10328498124,1,"IOTHUB_CLIENT_CONFIRMATION_OK"
20280,10328498253,10328498286,1,"IOTHUB_CLIENT_CONFIRMATION_OK"
20281,10328498454,10328498500,1,"IOTHUB_CLIENT_CONFIRMATION_OK"
20282,10328498654,10328498689,1,"IOTHUB_CLIENT_CONFIRMATION_OK"
20283,10328498854,10328499086,1,"IOTHUB_CLIENT_CONFIRMATION_OK"
20284,10328499054,10328499108,1,"IOTHUB_CLIENT_CONFIRMATION_OK"
20285,10328499254,10328499299,1,"IOTHUB_CLIENT_CONFIRMATION_OK"
20286,10328499454,10328499488,1,"IOTHUB_CLIENT_CONFIRMATION_OK"
20287,10328499655,10328499752,1,"IOTHUB_CLIENT_CONFIRMATION_OK"
20288,10328499855,10328499889,1,"IOTHUB_CLIENT_CONFIRMATION_OK"
20289,10328500055,10328500093,1,"IOTHUB_CLIENT_CONFIRMATION_OK"
20290,10328500255,10328500334,1,"IOTHUB_CLIENT_CONFIRMATION_OK"
20291,10328500455,10328500511,1,"IOTHUB_CLIENT_CONFIRMATION_OK"
20292,10328500655,10328500709,1,"IOTHUB_CLIENT_CONFIRMATION_OK"
20293,10328500855,10328500942,1,"IOTHUB_CLIENT_CONFIRMATION_OK"
20294,10328501056,10328501090,1,"IOTHUB_CLIENT_CONFIRMATION_OK"
20295,10328501256,10328501335,1,"IOTHUB_CLIENT_CONFIRMATION_OK"
20296,10328501456,10328501506,1,"IOTHUB_CLIENT_CONFIRMATION_OK"
20297,10328501656,10328501689,1,"IOTHUB_CLIENT_CONFIRMATION_OK"
20298,10328501857,10328501957,1,"IOTHUB_CLIENT_CONFIRMATION_OK"
20299,10328502057,10328502085,1,"IOTHUB_CLIENT_CONFIRMATION_OK"
20300,10328502257,10328502294,1,"IOTHUB_CLIENT_CONFIRMATION_OK"
20301,10328502457,10328502488,1,"IOTHUB_CLIENT_CONFIRMATION_OK"
20302,10328502657,10328502691,1,"IOTHUB_CLIENT_CONFIRMATION_OK"
20303,10328502857,10328502961,1,"IOTHUB_CLIENT_CONFIRMATION_OK"
20304,10328503058,10328503089,1,"IOTHUB_CLIENT_CONFIRMATION_OK"
20305,10328503258,10328503320,1,"IOTHUB_CLIENT_CONFIRMATION_OK"
20306,10328503458,10328503506,1,"IOTHUB_CLIENT_CONFIRMATION_OK"
20307,10328503658,10328503690,1,"IOTHUB_CLIENT_CONFIRMATION_OK"
20308,10328503858,10328503889,1,"IOTHUB_CLIENT_CONFIRMATION_OK"
20309,10328504058,10328504092,1,"IOTHUB_CLIENT_CONFIRMATION_OK"
20310,10328504258,10328504291,1,"IOTHUB_CLIENT_CONFIRMATION_OK"
20311,10328504459,10328504597,1,"IOTHUB_CLIENT_CONFIRMATION_OK"
20312,10328504659,10328504734,1,"IOTHUB_CLIENT_CONFIRMATION_OK"
20313,10328504859,10328504972,1,"IOTHUB_CLIENT_CONFIRMATION_OK"
20314,10328505059,10328505167,1,"IOTHUB_CLIENT_CONFIRMATION_OK"
20315,10328505259,10328505326,1,"IOTHUB_CLIENT_CONFIRMATION_OK"
20316,10328505460,10328505652,1,"IOTHUB_CLIENT_CONFIRMATION_OK"
20317,10328505660,10328505704,1,"IOTHUB_CLIENT_CONFIRMATION_OK"
20318,10328505860,10328505937,1,"IOTHUB_CLIENT_CONFIRMATION_OK"
20319,10328506060,10328506110,1,"IOTHUB_CLIENT_CONFIRMATION_OK"
20320,10328506260,10328506292,1,"IOTHUB_CLIENT_CONFIRMATION_OK"
20321,10328506460,10328506493,1,"IOTHUB_CLIENT_CONFIRMATION_OK"
20322,10328506660,10328506715,1,"IOTHUB_CLIENT_CONFIRMATION_OK"
20323,10328506861,10328506906,1,"IOTHUB_CLIENT_CONFIRMATION_OK"
20324,10328507061,10328507100,1,"IOTHUB_CLIENT_CONFIRMATION_OK"
20325,10328507261,10328507294,1,"IOTHUB_CLIENT_CONFIRMATION_OK"
20326,10328507461,10328507490,1,"IOTHUB_CLIENT_CONFIRMATION_OK"
20327,10328507661,10328507727,1,"IOTHUB_CLIENT_CONFIRMATION_OK"
20328,10328507861,10328507896,1,"IOTHUB_CLIENT_CONFIRMATION_OK"
20329,10328508062,10328508103,1,"IOTHUB_CLIENT_CONFIRMATION_OK"
20330,10328508262,10328508295,1,"IOTHUB_CLIENT_CONFIRMATION_OK"
20331,10328508462,10328508499,1,"IOTHUB_CLIENT_CONFIRMATION_OK"
20332,10328508662,10328508754,1,"IOTHUB_CLIENT_CONFIRMATION_OK"
20333,10328508862,10328508901,1,"IOTHUB_CLIENT_CONFIRMATION_OK"
20334,10328509062,10328509096,1,"IOTHUB_CLIENT_CONFIRMATION_OK"
20335,10328509262,10328509369,1,"IOTHUB_CLIENT_CONFIRMATION_OK"
20336,10328509463,10328509500,1,"IOTHUB_CLIENT_CONFIRMATION_OK"
20337,10328509663,10328509751,1,"IOTHUB_CLIENT_CONFIRMATION_OK"
20338,10328509863,10328509897,1,"IOTHUB_CLIENT_CONFIRMATION_OK"
20339,10328510063,10328510111,1,"IOTHUB_CLIENT_CONFIRMATION_OK"
20340,10328510263,10328510391,1,"IOTHUB_CLIENT_CONFIRMATION_OK"
20341,10328510463,10328510497,1,"IOTHUB_CLIENT_CONFIRMATION_OK"
20342,10328510664,10328510698,1,"IOTHUB_CLIENT_CONFIRMATION_OK"
20343,10328510864,10328510894,1,"IOTHUB_CLIENT_CONFIRMATION_OK"
20344,10328511064,10328511097,1,"IOTHUB_CLIENT_CONFIRMATION_OK"
20345,10328511264,10328511413,1,"IOTHUB_CLIENT_CONFIRMATION_OK"
20346,10328511464,10328511506,1,"IOTHUB_CLIENT_CONFIRMATION_OK"
20347,10328511664,10328511696,1,"IOTHUB_CLIENT_CONFIRMATION_OK"
20348,10328511864,10328511897,1,"IOTHUB_CLIENT_CONFIRMATION_OK"
20349,10328512065,10328512098,1,"IOTHUB_CLIENT_CONFIRMATION_OK"
20350,10328512265,10328512296,1,"IOTHUB_CLIENT_CONFIRMATION_OK"
20351,10328512465,10328512511,1,"IOTHUB_CLIENT_CONFIRMATION_OK"
20352,10328512665,10328512737,1,"IOTHUB_CLIENT_CONFIRMATION_OK"
20353,10328512865,10328512900,1,"IOTHUB_CLIENT_CONFIRMATION_OK"
20354,10328513065,10328513148,1,"IOTHUB_CLIENT_CONFIRMATION_OK"
20355,10328513266,10328513338,1,"IOTHUB_CLIENT_CONFIRMATION_OK"
20356,10328513466,10328513558,1,"IOTHUB_CLIENT_CONFIRMATION_OK"
20357,10328513666,10328513704,1,"IOTHUB_CLIENT_CONFIRMATION_OK"
20358,10328513866,10328513899,1,"IOTHUB_CLIENT_CONFIRMATION_OK"
20359,10328514066,10328514110,1,"IOTHUB_CLIENT_CONFIRMATION_OK"
20360,10328514267,10328514300,1,"IOTHUB_CLIENT_CONFIRMATION_OK"
20361,10328514467,10328514607,1,"IOTHUB_CLIENT_CONFIRMATION_OK"
20362,10328514667,10328514702,1,"IOTHUB_CLIENT_CONFIRMATION_OK"
20363,10328514867,10328514930,1,"IOTHUB_CLIENT_CONFIRMATION_OK"
20364,10328515067,10328515221,1,"IOTHUB_CLIENT_CONFIRMATION_OK"
20365,10328515267,10328515305,1,"IOTHUB_CLIENT_CONFIRMATION_OK"
20366,10328515467,10328515657,1,"IOTHUB_CLIENT_CONFIRMATION_OK"
20367,10328515668,10328515696,1,"IOTHUB_CLIENT_CONFIRMATION_OK"
20368,10328515868,10328515916,1,"IOTHUB_CLIENT_CONFIRMATION_OK"
20369,10328516068,10328516207,1,"IOTHUB_CLIENT_CONFIRMATION_OK"
20370,10328516268,10328516315,1,"IOTHUB_CLIENT_CONFIRMATION_OK"
20371,10328516468,10328516502,1,"IOTHUB_CLIENT_CONFIRMATION_OK"
20372,10328516668,10328516697,1,"IOTHUB_CLIENT_CONFIRMATION_OK"
20373,10328516869,10328516897,1,"IOTHUB_CLIENT_CONFIRMATION_OK"
20374,10328517069,10328517220,1,"IOTHUB_CLIENT_CONFIRMATION_OK"
20375,10328517269,10328517315,1,"IOTHUB_CLIENT_CONFIRMATION_OK"
20376,10328517469,10328517502,1,"IOTHUB_CLIENT_CONFIRMATION_OK"
20377,10328517669,10328517710,1,"IOTHUB_CLIENT_CONFIRMATION_OK"
20378,10328517869,10328517909,1,"IOTHUB_CLIENT_CONFIRMATION_OK"
20379,10328518070,10328518102,1,"IOTHUB_CLIENT_CONFIRMATION_OK"
20380,10328518270,10328518306,1,"IOTHUB_CLIENT_CONFIRMATION_OK"
20381,10328518470,10328518509,1,"IOTHUB_CLIENT_CONFIRMATION_OK"
20382,10328518670,10328518704,1,"IOTHUB_CLIENT_CONFIRMATION_OK"
20383,10328518870,10328518967,1,"IOTHUB_CLIENT_CONFIRMATION_OK"
20384,10328519070,10328519104,1,"IOTHUB_CLIENT_CONFIRMATION_OK"
20385,10328519271,10328519364,1,"IOTHUB_CLIENT_CONFIRMATION_OK"
20386,10328519471,10328519517,1,"IOTHUB_CLIENT_CONFIRMATION_OK"
20387,10328519671,10328519814,1,"IOTHUB_CLIENT_CONFIRMATION_OK"
20388,10328519871,10328519931,1,"IOTHUB_CLIENT_CONFIRMATION_OK"
20389,10328520071,10328520105,1,"IOTHUB_CLIENT_CONFIRMATION_OK"
20390,10328520271,10328520339,1,"IOTHUB_CLIENT_CONFIRMATION_OK"
20391,10328520472,10328520549,1,"IOTHUB_CLIENT_CONFIRMATION_OK"
20392,10328520672,10328520703,1,"IOTHUB_CLIENT_CONFIRMATION_OK"
20393,10328520872,10328520952,1,"IOTHUB_CLIENT_CONFIRMATION_OK"
20394,10328521072,10328521106,1,"IOTHUB_CLIENT_CONFIRMATION_OK"
20395,10328521273,10328521327,1,"IOTHUB_CLIENT_CONFIRMATION_OK"
20396,10328521473,10328521506,1,"IOTHUB_CLIENT_CONFIRMATION_OK"
20397,10328521673,10328521725,1,"IOTHUB_CLIENT_CONFIRMATION_OK"
20398,10328521873,10328521942,1,"IOTHUB_CLIENT_CONFIRMATION_OK"
20399,10328522073,10328522120,1,"IOTHUB_CLIENT_CONFIRMATION_OK"
20400,10328522273,10328522307,1,"IOTHUB_CLIENT_CONFIRMATION_OK"
20401,10328522473,10328522542,1,"IOTHUB_CLIENT_CONFIRMATION_OK"
20402,10328522674,10328522707,1,"IOTHUB_CLIENT_CONFIRMATION_OK"
20403,10328522874,10328522952,1,"IOTHUB_CLIENT_CONFIRMATION_OK"
20404,10328523074,10328523107,1,"IOTHUB_CLIENT_CONFIRMATION_OK"
20405,10328523274,10328523311,1,"IOTHUB_CLIENT_CONFIRMATION_OK"
20406,10328523474,10328523573,1,"IOTHUB_CLIENT_CONFIRMATION_OK"
20407,10328523674,10328523709,1,"IOTHUB_CLIENT_CONFIRMATION_OK"
20408,10328523875,10328523925,1,"IOTHUB_CLIENT_CONFIRMATION_OK"
20409,10328524075,10328524108,1,"IOTHUB_CLIENT_CONFIRMATION_OK"
20410,10328524275,10328524306,1,"IOTHUB_CLIENT_CONFIRMATION_OK"
20411,10328524475,10328524600,1,"IOTHUB_CLIENT_CONFIRMATION_OK"
20412,10328524675,10328524704,1,"IOTHUB_CLIENT_CONFIRMATION_OK"
20413,10328524875,10328524910,1,"IOTHUB_CLIENT_CONFIRMATION_OK"
20414,10328525075,10328525110,1,"IOTHUB_CLIENT_CONFIRMATION_OK"
20415,10328525276,10328525307,1,"IOTHUB_CLIENT_CONFIRMATION_OK"
20416,10328525476,10328525511,1,"IOTHUB_CLIENT_CONFIRMATION_OK"
20417,10328525676,10328525710,1,"IOTHUB_CLIENT_CONFIRMATION_OK"
20418,10328525876,10328525916,1,"IOTHUB_CLIENT_CONFIRMATION_OK"
20419,10328526076,10328526133,1,"IOTHUB_CLIENT_CONFIRMATION_OK"
20420,10328526276,10328526307,1,"IOTHUB_CLIENT_CONFIRMATION_OK"
20421,10328526477,10328526532,1,"IOTHUB_CLIENT_CONFIRMATION_OK"
20422,10328526677,10328526725,1,"IOTHUB_CLIENT_CONFIRMATION_OK"
20423,10328526877,10328526910,1,"IOTHUB_CLIENT_CONFIRMATION_OK"
20424,10328527077,10328527134,1,"IOTHUB_CLIENT_CONFIRMATION_OK"
20425,10328527277,10328527308,1,"IOTHUB_CLIENT_CONFIRMATION_OK"
20426,10328527477,10328527520,1,"IOTHUB_CLIENT_CONFIRMATION_OK"
20427,10328527677,10328527769,1,"IOTHUB_CLIENT_CONFIRMATION_OK"
20428,10328527878,10328527911,1,"IOTHUB_CLIENT_CONFIRMATION_OK"
20429,10328528078,10328528112,1,"IOTHUB_CLIENT_CONFIRMATION_OK"
20430,10328528278,10328528322,1,"IOTHUB_CLIENT_CONFIRMATION_OK"
20431,10328528478,10328528510,1,"IOTHUB_CLIENT_CONFIRMATION_OK"
20432,10328528678,10328528777,1,"IOTHUB_CLIENT_CONFIRMATION_OK"
20433,10328528878,10328528917,1,"IOTHUB_CLIENT_CONFIRMATION_OK"
20434,10328529079,10328529117,1,"IOTHUB_CLIENT_CONFIRMATION_OK"
20435,10328529279,10328529383,1,"IOTHUB_CLIENT_CONFIRMATION_OK"
20436,10328529479,10328529511,1,"IOTHUB_CLIENT_CONFIRMATION_OK"
20437,10328529679,10328529713,1,"IOTHUB_CLIENT_CONFIRMATION_OK"
20438,10328529879,10328529918,1,"IOTHUB_CLIENT_CONFIRMATION_OK"
20439,10328530080,10328530112,1,"IOTHUB_CLIENT_CONFIRMATION_OK"
20440,10328530280,10328530403,1,"IOTHUB_CLIENT_CONFIRMATION_OK"
20441,10328530480,10328530510,1,"IOTHUB_CLIENT_CONFIRMATION_OK"
20442,10328530680,10328530716,1,"IOTHUB_CLIENT_CONFIRMATION_OK"
20443,10328530881,10328530914,1,"IOTHUB_CLIENT_CONFIRMATION_OK"
20444,10328531081,10328531138,1,"IOTHUB_CLIENT_CONFIRMATION_OK"
20445,10328531281,10328531339,1,"IOTHUB_CLIENT_CONFIRMATION_OK"
20446,10328531481,10328531509,1,"IOTHUB_CLIENT_CONFIRMATION_OK"
20447,10328531681,10328531743,1,"IOTHUB_CLIENT_CONFIRMATION_OK"
20448,10328531881,10328531968,1,"IOTHUB_CLIENT_CONFIRMATION_OK"
20449,10328532081,10328532141,1,"IOTHUB_CLIENT_CONFIRMATION_OK"
20450,10328532282,10328532315,1,"IOTHUB_CLIENT_CONFIRMATION_OK"
20451,10328532482,10328532519,1,"IOTHUB_CLIENT_CONFIRMATION_OK"
20452,10328532682,10328532712,1,"IOTHUB_CLIENT_CONFIRMATION_OK"
20453,10328532882,10328532967,1,"IOTHUB_CLIENT_CONFIRMATION_OK"
20454,10328533082,10328533126,1,"IOTHUB_CLIENT_CONFIRMATION_OK"
20455,10328533283,10328533319,1,"IOTHUB_CLIENT_CONFIRMATION_OK"
20456,10328533483,10328533585,1,"IOTHUB_CLIENT_CONFIRMATION_OK"
20457,10328533683,10328533712,1,"IOTHUB_CLIENT_CONFIRMATION_OK"
20458,10328533883,10328533931,1,"IOTHUB_CLIENT_CONFIRMATION_OK"
20459,10328534083,10328534127,1,"IOTHUB_CLIENT_CONFIRMATION_OK"
20460,10328534283,10328534318,1,"IOTHUB_CLIENT_CONFIRMATION_OK"
20461,10328534483,10328534616,1,"IOTHUB_CLIENT_CONFIRMATION_OK"
20462,10328534684,10328534740,1,"IOTHUB_CLIENT_CONFIRMATION_OK"
20463,10328534884,10328534916,1,"IOTHUB_CLIENT_CONFIRMATION_OK"
20464,10328535084,10328535121,1,"IOTHUB_CLIENT_CONFIRMATION_OK"
20465,10328535284,10328535317,1,"IOTHUB_CLIENT_CONFIRMATION_OK"
20466,10328535485,10328535628,1,"IOTHUB_CLIENT_CONFIRMATION_OK"
20467,10328535685,10328535721,1,"IOTHUB_CLIENT_CONFIRMATION_OK"
20468,10328535885,10328535921,1,"IOTHUB_CLIENT_CONFIRMATION_OK"
20469,10328536085,10328536230,1,"IOTHUB_CLIENT_CONFIRMATION_OK"
20470,10328536285,10328536318,1,"IOTHUB_CLIENT_CONFIRMATION_OK"
20471,10328536485,10328536515,1,"IOTHUB_CLIENT_CONFIRMATION_OK"
20472,10328536685,10328536740,1,"IOTHUB_CLIENT_CONFIRMATION_OK"
20473,10328536886,10328536919,1,"IOTHUB_CLIENT_CONFIRMATION_OK"
20474,10328537086,10328537329,1,"IOTHUB_CLIENT_CONFIRMATION_OK"
20475,10328537286,10328537348,1,"IOTHUB_CLIENT_CONFIRMATION_OK"
20476,10328537486,10328537545,1,"IOTHUB_CLIENT_CONFIRMATION_OK"
20477,10328537686,10328537731,1,"IOTHUB_CLIENT_CONFIRMATION_OK"
20478,10328537886,10328537936,1,"IOTHUB_CLIENT_CONFIRMATION_OK"
20479,10328538086,10328538114,1,"IOTHUB_CLIENT_CONFIRMATION_OK"
20480,10328538287,10328538347,1,"IOTHUB_CLIENT_CONFIRMATION_OK"
20481,10328538487,10328538522,1,"IOTHUB_CLIENT_CONFIRMATION_OK"
20482,10328538687,10328538767,1,"IOTHUB_CLIENT_CONFIRMATION_OK"
20483,10328538887,10328538921,1,"IOTHUB_CLIENT_CONFIRMATION_OK"
20484,10328539087,10328539125,1,"IOTHUB_CLIENT_CONFIRMATION_OK"
20485,10328539288,10328539367,1,"IOTHUB_CLIENT_CONFIRMATION_OK"
20486,10328539488,10328539519,1,"IOTHUB_CLIENT_CONFIRMATION_OK"
20487,10328539688,10328539718,1,"IOTHUB_CLIENT_CONFIRMATION_OK"
20488,10328539888,10328539924,1,"IOTHUB_CLIENT_CONFIRMATION_OK"
20489,10328540088,10328540132,1,"IOTHUB_CLIENT_CONFIRMATION_OK"
20490,10328540288,10328540426,1,"IOTHUB_CLIENT_CONFIRMATION_OK"
20491,10328540489,10328540552,1,"IOTHUB_CLIENT_CONFIRMATION_OK"
20492,10328540689,10328540723,1,"IOTHUB_CLIENT_CONFIRMATION_OK"
20493,10328540889,10328540928,1,"IOTHUB_CLIENT_CONFIRMATION_OK"
20494,10328541089,10328541138,1,"IOTHUB_CLIENT_CONFIRMATION_OK"
20495,10328541289,10328541451,1,"IOTHUB_CLIENT_CONFIRMATION_OK"
20496,10328541489,10328541518,1,"IOTHUB_CLIENT_CONFIRMATION_OK"
20497,10328541690,10328541724,1,"IOTHUB_CLIENT_CONFIRMATION_OK"
20498,10328541890,10328541924,1,"IOTHUB_CLIENT_CONFIRMATION_OK"
20499,10328542090,10328542126,1,"IOTHUB_CLIENT_CONFIRMATION_OK"
20500,10328542290,10328542320,1,"IOTHUB_CLIENT_CONFIRMATION_OK"
20501,10328542490,10328542524,1,"IOTHUB_CLIENT_CONFIRMATION_OK"
20502,10328542690,10328542727,1,"IOTHUB_CLIENT_CONFIRMATION_OK"
20503,10328542891,10328543076,1,"IOTHUB_CLIENT_CONFIRMATION_OK"
20504,10328543091,10328543125,1,"IOTHUB_CLIENT_CONFIRMATION_OK"
20505,10328543291,10328543401,1,"IOTHUB_CLIENT_CONFIRMATION_OK"
20506,10328543491,10328543523,1,"IOTHUB_CLIENT_CONFIRMATION_OK"
20507,10328543691,10328543726,1,"IOTHUB_CLIENT_CONFIRMATION_OK"
20508,10328543892,10328543934,1,"IOTHUB_CLIENT_CONFIRMATION_OK"
20509,10328544092,10328544121,1,"IOTHUB_CLIENT_CONFIRMATION_OK"
20510,10328544292,10328544327,1,"IOTHUB_CLIENT_CONFIRMATION_OK"
20511,10328544492,10328544525,1,"IOTHUB_CLIENT_CONFIRMATION_OK"
20512,10328544693,10328544739,1,"IOTHUB_CLIENT_CONFIRMATION_OK"
20513,10328544893,10328544928,1,"IOTHUB_CLIENT_CONFIRMATION_OK"
20514,10328545093,10328545134,1,"IOTHUB_CLIENT_CONFIRMATION_OK"
20515,10328545293,10328545347,1,"IOTHUB_CLIENT_CONFIRMATION_OK"
20516,10328545493,10328545522,1,"IOTHUB_CLIENT_CONFIRMATION_OK"
20517,10328545693,10328545727,1,"IOTHUB_CLIENT_CONFIRMATION_OK"
20518,10328545894,10328545921,1,"IOTHUB_CLIENT_CONFIRMATION_OK"
20519,10328546094,10328546151,1,"IOTHUB_CLIENT_CONFIRMATION_OK"
20520,10328546294,10328546327,1,"IOTHUB_CLIENT_CONFIRMATION_OK"
20521,10328546494,10328546527,1,"IOTHUB_CLIENT_CONFIRMATION_OK"
20522,10328546694,10328546763,1,"IOTHUB_CLIENT_CONFIRMATION_OK"
20523,10328546895,10328546940,1,"IOTHUB_CLIENT_CONFIRMATION_OK"
20524,10328547095,10328547157,1,"IOTHUB_CLIENT_CONFIRMATION_OK"
20525,10328547295,10328547328,1,"IOTHUB_CLIENT_CONFIRMATION_OK"
20526,10328547495,10328547529,1,"IOTHUB_CLIENT_CONFIRMATION_OK"
20527,10328547695,10328547789,1,"IOTHUB_CLIENT_CONFIRMATION_OK"
20528,10328547895,10328547924,1,"IOTHUB_CLIENT_CONFIRMATION_OK"
20529,10328548096,10328548130,1,"IOTHUB_CLIENT_CONFIRMATION_OK"
20530,10328548296,10328548329,1,"IOTHUB_CLIENT_CONFIRMATION_OK"
20531,10328548496,10328548527,1,"IOTHUB_CLIENT_CONFIRMATION_OK"
20532,10328548696,10328548867,1,"IOTHUB_CLIENT_CONFIRMATION_OK"
20533,10328548896,10328548929,1,"IOTHUB_CLIENT_CONFIRMATION_OK"
20534,10328549096,10328549196,1,"IOTHUB_CLIENT_CONFIRMATION_OK"
20535,10328549296,10328549337,1,"IOTHUB_CLIENT_CONFIRMATION_OK"
20536,10328549497,10328549528,1,"IOTHUB_CLIENT_CONFIRMATION_OK"
20537,10328549697,10328549727,1,"IOTHUB_CLIENT_CONFIRMATION_OK"
20538,10328549897,10328549926,1,"IOTHUB_CLIENT_CONFIRMATION_OK"
20539,10328550097,10328550127,1,"IOTHUB_CLIENT_CONFIRMATION_OK"
20540,10328550297,10328550330,1,"IOTHUB_CLIENT_CONFIRMATION_OK"
20541,10328550498,10328550533,1,"IOTHUB_CLIENT_CONFIRMATION_OK"
20542,10328550698,10328550731,1,"IOTHUB_CLIENT_CONFIRMATION_OK"
20543,10328550898,10328550926,1,"IOTHUB_CLIENT_CONFIRMATION_OK"
20544,10328551098,10328551129,1,"IOTHUB_CLIENT_CONFIRMATION_OK"
20545,10328551298,10328551339,1,"IOTHUB_CLIENT_CONFIRMATION_OK"
20546,10328551498,10328551529,1,"IOTHUB_CLIENT_CONFIRMATION_OK"
20547,10328551699,10328551736,1,"IOTHUB_CLIENT_CONFIRMATION_OK"
20548,10328551899,10328551938,1,"IOTHUB_CLIENT_CONFIRMATION_OK"
20549,10328552099,10328552166,1,"IOTHUB_CLIENT_CONFIRMATION_OK"
20550,10328552299,10328552406,1,"IOTHUB_CLIENT_CONFIRMATION_OK"
20551,10328552499,10328552574,1,"IOTHUB_CLIENT_CONFIRMATION_OK"
20552,10328552699,10328552734,1,"IOTHUB_CLIENT_CONFIRMATION_OK"
20553,10328552899,10328552971,1,"IOTHUB_CLIENT_CONFIRMATION_OK"
20554,10328553100,10328553138,1,"IOTHUB_CLIENT_CONFIRMATION_OK"
20555,10328553300,10328553334,1,"IOTHUB_CLIENT_CONFIRMATION_OK"
20556,10328553500,10328553573,1,"IOTHUB_CLIENT_CONFIRMATION_OK"
20557,10328553700,10328553731,1,"IOTHUB_CLIENT_CONFIRMATION_OK"
20558,10328553900,10328553933,1,"IOTHUB_CLIENT_CONFIRMATION_OK"
20559,10328554100,10328554142,1,"IOTHUB_CLIENT_CONFIRMATION_OK"
20560,10328554300,10328554333,1,"IOTHUB_CLIENT_CONFIRMATION_OK"
20561,10328554501,10328554592,1,"IOTHUB_CLIENT_CONFIRMATION_OK"
20562,10328554701,10328554738,1,"IOTHUB_CLIENT_CONFIRMATION_OK"
20563,10328554901,10328554932,1,"IOTHUB_CLIENT_CONFIRMATION_OK"
20564,10328555101,10328555202,1,"IOTHUB_CLIENT_CONFIRMATION_OK"
20565,10328555301,10328555360,1,"IOTHUB_CLIENT_CONFIRMATION_OK"
20566,10328555501,10328555592,1,"IOTHUB_CLIENT_CONFIRMATION_OK"
20567,10328555701,10328555734,1,"IOTHUB_CLIENT_CONFIRMATION_OK"
20568,10328555902,10328555935,1,"IOTHUB_CLIENT_CONFIRMATION_OK"
20569,10328556102,10328556212,1,"IOTHUB_CLIENT_CONFIRMATION_OK"
20570,10328556302,10328556345,1,"IOTHUB_CLIENT_CONFIRMATION_OK"
20571,10328556502,10328556530,1,"IOTHUB_CLIENT_CONFIRMATION_OK"
20572,10328556702,10328556736,1,"IOTHUB_CLIENT_CONFIRMATION_OK"
20573,10328556903,10328556946,1,"IOTHUB_CLIENT_CONFIRMATION_OK"
20574,10328557103,10328557252,1,"IOTHUB_CLIENT_CONFIRMATION_OK"
20575,10328557303,10328557335,1,"IOTHUB_CLIENT_CONFIRMATION_OK"
20576,10328557503,10328557535,1,"IOTHUB_CLIENT_CONFIRMATION_OK"
20577,10328557703,10328557742,1,"IOTHUB_CLIENT_CONFIRMATION_OK"
20578,10328557904,10328557938,1,"IOTHUB_CLIENT_CONFIRMATION_OK"
20579,10328558104,10328558189,1,"IOTHUB_CLIENT_CONFIRMATION_OK"
20580,10328558304,10328558378,1,"IOTHUB_CLIENT_CONFIRMATION_OK"
20581,10328558504,10328558562,1,"IOTHUB_CLIENT_CONFIRMATION_OK"
20582,10328558704,10328558791,1,"IOTHUB_CLIENT_CONFIRMATION_OK"
20583,10328558904,10328558967,1,"IOTHUB_CLIENT_CONFIRMATION_OK"
20584,10328559105,10328559135,1,"IOTHUB_CLIENT_CONFIRMATION_OK"
20585,10328559305,10328559409,1,"IOTHUB_CLIENT_CONFIRMATION_OK"
20586,10328559505,10328559537,1,"IOTHUB_CLIENT_CONFIRMATION_OK"
20587,10328559705,10328559739,1,"IOTHUB_CLIENT_CONFIRMATION_OK"
20588,10328559905,10328559945,1,"IOTHUB_CLIENT_CONFIRMATION_OK"
20589,10328560105,10328560200,1,"IOTHUB_CLIENT_CONFIRMATION_OK"
20590,10328560306,10328560493,1,"IOTHUB_CLIENT_CONFIRMATION_OK"
20591,10328560506,10328560535,1,"IOTHUB_CLIENT_CONFIRMATION_OK"
20592,10328560706,10328560737,1,"IOTHUB_CLIENT_CONFIRMATION_OK"
20593,10328560906,10328560942,1,"IOTHUB_CLIENT_CONFIRMATION_OK"
20594,10328561106,10328561137,1,"IOTHUB_CLIENT_CONFIRMATION_OK"
20595,10328561306,10328561507,1,"IOTHUB_CLIENT_CONFIRMATION_OK"
20596,10328561507,10328561550,1,"IOTHUB_CLIENT_CONFIRMATION_OK"
20597,10328561707,10328561737,1,"IOTHUB_CLIENT_CONFIRMATION_OK"
20598,10328561907,10328561941,1,"IOTHUB_CLIENT_CONFIRMATION_OK"
20599,10328562107,10328562155,1,"IOTHUB_CLIENT_CONFIRMATION_OK"
20600,10328562307,10328562341,1,"IOTHUB_CLIENT_CONFIRMATION_OK"
20601,10328562507,10328562542,1,"IOTHUB_CLIENT_CONFIRMATION_OK"
20602,10328562708,10328562737,1,"IOTHUB_CLIENT_CONFIRMATION_OK"
20603,10328562908,10328562942,1,"IOTHUB_CLIENT_CONFIRMATION_OK"
20604,10328563108,10328563141,1,"IOTHUB_CLIENT_CONFIRMATION_OK"
20605,10328563308,10328563356,1,"IOTHUB_CLIENT_CONFIRMATION_OK"
20606,10328563508,10328563575,1,"IOTHUB_CLIENT_CONFIRMATION_OK"
20607,10328563708,10328563741,1,"IOTHUB_CLIENT_CONFIRMATION_OK"
20608,10328563909,10328563942,1,"IOTHUB_CLIENT_CONFIRMATION_OK"
20609,10328564109,10328564143,1,"IOTHUB_CLIENT_CONFIRMATION_OK"
20610,10328564309,10328564344,1,"IOTHUB_CLIENT_CONFIRMATION_OK"
20611,10328564509,10328564571,1,"IOTHUB_CLIENT_CONFIRMATION_OK"
20612,10328564709,10328564742,1,"IOTHUB_CLIENT_CONFIRMATION_OK"
20613,10328564910,10328564942,1,"IOTHUB_CLIENT_CONFIRMATION_OK"
20614,10328565110,10328565189,1,"IOTHUB_CLIENT_CONFIRMATION_OK"
20615,10328565310,10328565347,1,"IOTHUB_CLIENT_CONFIRMATION_OK"
20616,10328565510,10328565540,1,"IOTHUB_CLIENT_CONFIRMATION_OK"
20617,10328565710,10328565766,1,"IOTHUB_CLIENT_CONFIRMATION_OK"
20618,10328565910,10328565957,1,"IOTHUB_CLIENT_CONFIRMATION_OK"
20619,10328566110,10328566198,1,"IOTHUB_CLIENT_CONFIRMATION_OK"
20620,10328566311,10328566344,1,"IOTHUB_CLIENT_CONFIRMATION_OK"
20621,10328566511,10328566549,1,"IOTHUB_CLIENT_CONFIRMATION_OK"
20622,10328566711,10328566755,1,"IOTHUB_CLIENT_CONFIRMATION_OK"
20623,10328566911,10328566952,1,"IOTHUB_CLIENT_CONFIRMATION_OK"
20624,10328567111,10328567223,1,"IOTHUB_CLIENT_CONFIRMATION_OK"
20625,10328567311,10328567340,1,"IOTHUB_CLIENT_CONFIRMATION_OK"
20626,10328567511,10328567545,1,"IOTHUB_CLIENT_CONFIRMATION_OK"
20627,10328567712,10328567837,1,"IOTHUB_CLIENT_CONFIRMATION_OK"
20628,10328567912,10328568011,1,"IOTHUB_CLIENT_CONFIRMATION_OK"
20629,10328568112,10328568142,1,"IOTHUB_CLIENT_CONFIRMATION_OK"
20630,10328568312,10328568357,1,"IOTHUB_CLIENT_CONFIRMATION_OK"
20631,10328568512,10328568593,1,"IOTHUB_CLIENT_CONFIRMATION_OK"
20632,10328568713,10328568877,1,"IOTHUB_CLIENT_CONFIRMATION_OK"
20633,10328568913,10328568965,1,"IOTHUB_CLIENT_CONFIRMATION_OK"
20634,10328569113,10328569146,1,"IOTHUB_CLIENT_CONFIRMATION_OK"
20635,10328569313,10328569344,1,"IOTHUB_CLIENT_CONFIRMATION_OK"
20636,10328569513,10328569547,1,"IOTHUB_CLIENT_CONFIRMATION_OK"
20637,10328569713,10328569746,1,"IOTHUB_CLIENT_CONFIRMATION_OK"
20638,10328569914,10328569950,1,"IOTHUB_CLIENT_CONFIRMATION_OK"
20639,10328570114,10328570146,1,"IOTHUB_CLIENT_CONFIRMATION_OK"
20640,10328570314,10328570345,1,"IOTHUB_CLIENT_CONFIRMATION_OK"
20641,10328570514,10328570547,1,"IOTHUB_CLIENT_CONFIRMATION_OK"
20642,10328570714,10328570755,1,"IOTHUB_CLIENT_CONFIRMATION_OK"
20643,10328570914,10328570945,1,"IOTHUB_CLIENT_CONFIRMATION_OK"
20644,10328571114,10328571240,1,"IOTHUB_CLIENT_CONFIRMATION_OK"
20645,10328571315,10328571530,1,"IOTHUB_CLIENT_CONFIRMATION_OK"
20646,10328571515,10328571555,1,"IOTHUB_CLIENT_CONFIRMATION_OK"
20647,10328571715,10328571746,1,"IOTHUB_CLIENT_CONFIRMATION_OK"
20648,10328571915,10328571951,1,"IOTHUB_CLIENT_CONFIRMATION_OK"
20649,10328572115,10328572153,1,"IOTHUB_CLIENT_CONFIRMATION_OK"
20650,10328572315,10328572362,1,"IOTHUB_CLIENT_CONFIRMATION_OK"
20651,10328572516,10328572575,1,"IOTHUB_CLIENT_CONFIRMATION_OK"
20652,10328572716,10328572751,1,"IOTHUB_CLIENT_CONFIRMATION_OK"
20653,10328572916,10328572981,1,"IOTHUB_CLIENT_CONFIRMATION_OK"
20654,10328573116,10328573145,1,"IOTHUB_CLIENT_CONFIRMATION_OK"
20655,10328573316,10328573350,1,"IOTHUB_CLIENT_CONFIRMATION_OK"
20656,10328573516,10328573592,1,"IOTHUB_CLIENT_CONFIRMATION_OK"
20657,10328573717,10328573747,1,"IOTHUB_CLIENT_CONFIRMATION_OK"
20658,10328573917,10328573950,1,"IOTHUB_CLIENT_CONFIRMATION_OK"
20659,10328574117,10328574150,1,"IOTHUB_CLIENT_CONFIRMATION_OK"
20660,10328574317,10328574349,1,"IOTHUB_CLIENT_CONFIRMATION_OK"
20661,10328574517,10328574610,1,"IOTHUB_CLIENT_CONFIRMATION_OK"
20662,10328574717,10328574749,1,"IOTHUB_CLIENT_CONFIRMATION_OK"
20663,10328574917,10328574959,1,"IOTHUB_CLIENT_CONFIRMATION_OK"
20664,10328575118,10328575247,1,"IOTHUB_CLIENT_CONFIRMATION_OK"
20665,10328575318,10328575389,1,"IOTHUB_CLIENT_CONFIRMATION_OK"
20666,10328575518,10328575609,1,"IOTHUB_CLIENT_CONFIRMATION_OK"
20667,10328575718,10328575752,1,"IOTHUB_CLIENT_CONFIRMATION_OK"
20668,10328575918,10328575955,1,"IOTHUB_CLIENT_CONFIRMATION_OK"
20669,10328576118,10328576233,1,"IOTHUB_CLIENT_CONFIRMATION_OK"
20670,10328576319,10328576351,1,"IOTHUB_CLIENT_CONFIRMATION_OK"
20671,10328576519,10328576554,1,"IOTHUB_CLIENT_CONFIRMATION_OK"
20672,10328576719,10328576764,1,"IOTHUB_CLIENT_CONFIRMATION_OK"
20673,10328576919,10328576951,1,"IOTHUB_CLIENT_CONFIRMATION_OK"
20674,10328577119,10328577303,1,"IOTHUB_CLIENT_CONFIRMATION_OK"
20675,10328577319,10328577351,1,"IOTHUB_CLIENT_CONFIRMATION_OK"
20676,10328577519,10328577549,1,"IOTHUB_CLIENT_CONFIRMATION_OK"
20677,10328577720,10328577773,1,"IOTHUB_CLIENT_CONFIRMATION_OK"
20678,10328577920,10328577956,1,"IOTHUB_CLIENT_CONFIRMATION_OK"
20679,10328578120,10328578157,1,"IOTHUB_CLIENT_CONFIRMATION_OK"
20680,10328578320,10328578355,1,"IOTHUB_CLIENT_CONFIRMATION_OK"
20681,10328578521,10328578552,1,"IOTHUB_CLIENT_CONFIRMATION_OK"
20682,10328578721,10328578997,1,"IOTHUB_CLIENT_CONFIRMATION_OK"
20683,10328578921,10328579019,1,"IOTHUB_CLIENT_CONFIRMATION_OK"
20684,10328579121,10328579154,1,"IOTHUB_CLIENT_CONFIRMATION_OK"
20685,10328579321,10328579403,1,"IOTHUB_CLIENT_CONFIRMATION_OK"
20686,10328579521,10328579555,1,"IOTHUB_CLIENT_CONFIRMATION_OK"
20687,10328579722,10328579764,1,"IOTHUB_CLIENT_CONFIRMATION_OK"
20688,10328579922,10328579955,1,"IOTHUB_CLIENT_CONFIRMATION_OK"
20689,10328580122,10328580153,1,"IOTHUB_CLIENT_CONFIRMATION_OK"
20690,10328580322,10328580436,1,"IOTHUB_CLIENT_CONFIRMATION_OK"
20691,10328580522,10328580552,1,"IOTHUB_CLIENT_CONFIRMATION_OK"
20692,10328580723,10328580751,1,"IOTHUB_CLIENT_CONFIRMATION_OK"
20693,10328580923,10328580956,1,"IOTHUB_CLIENT_CONFIRMATION_OK"
20694,10328581123,10328581177,1,"IOTHUB_CLIENT_CONFIRMATION_OK"
20695,10328581323,10328581456,1,"IOTHUB_CLIENT_CONFIRMATION_OK"
20696,10328581523,10328581557,1,"IOTHUB_CLIENT_CONFIRMATION_OK"
20697,10328581724,10328581753,1,"IOTHUB_CLIENT_CONFIRMATION_OK"
20698,10328581924,10328581958,1,"IOTHUB_CLIENT_CONFIRMATION_OK"
20699,10328582124,10328582159,1,"IOTHUB_CLIENT_CONFIRMATION_OK"
20700,10328582324,10328582362,1,"IOTHUB_CLIENT_CONFIRMATION_OK"
20701,10328582524,10328582583,1,"IOTHUB_CLIENT_CONFIRMATION_OK"
20702,10328582725,10328582757,1,"IOTHUB_CLIENT_CONFIRMATION_OK"
20703,10328582925,10328583094,1,"IOTHUB_CLIENT_CONFIRMATION_OK"
20704,10328583125,10328583166,1,"IOTHUB_CLIENT_CONFIRMATION_OK"
20705,10328583325,10328583355,1,"IOTHUB_CLIENT_CONFIRMATION_OK"
20706,10328583525,10328583567,1,"IOTHUB_CLIENT_CONFIRMATION_OK"
20707,10328583726,10328583754,1,"IOTHUB_CLIENT_CONFIRMATION_OK"
20708,10328583926,10328583960,1,"IOTHUB_CLIENT_CONFIRMATION_OK"
20709,10328584126,10328584186,1,"IOTHUB_CLIENT_CONFIRMATION_OK"
20710,10328584326,10328584357,1,"IOTHUB_CLIENT_CONFIRMATION_OK"
20711,10328584526,10328584557,1,"IOTHUB_CLIENT_CONFIRMATION_OK"
20712,10328584726,10328584774,1,"IOTHUB_CLIENT_CONFIRMATION_OK"
20713,10328584927,10328585064,1,"IOTHUB_CLIENT_CONFIRMATION_OK"
20714,10328585127,10328585155,1,"IOTHUB_CLIENT_CONFIRMATION_OK"
20715,10328585327,10328585362,1,"IOTHUB_CLIENT_CONFIRMATION_OK"
20716,10328585527,10328585558,1,"IOTHUB_CLIENT_CONFIRMATION_OK"
20717,10328585728,10328585883,1,"IOTHUB_CLIENT_CONFIRMATION_OK"
20718,10328585928,10328585961,1,"IOTHUB_CLIENT_CONFIRMATION_OK"
20719,10328586128,10328586165,1,"IOTHUB_CLIENT_CONFIRMATION_OK"
20720,10328586328,10328586359,1,"IOTHUB_CLIENT_CONFIRMATION_OK"
20721,10328586528,10328586570,1,"IOTHUB_CLIENT_CONFIRMATION_OK"
20722,10328586728,10328586775,1,"IOTHUB_CLIENT_CONFIRMATION_OK"
20723,10328586929,10328586960,1,"IOTHUB_CLIENT_CONFIRMATION_OK"
20724,10328587129,10328587158,1,"IOTHUB_CLIENT_CONFIRMATION_OK"
20725,10328587329,10328587369,1,"IOTHUB_CLIENT_CONFIRMATION_OK"
20726,10328587529,10328587561,1,"IOTHUB_CLIENT_CONFIRMATION_OK"
20727,10328587729,10328587786,1,"IOTHUB_CLIENT_CONFIRMATION_OK"
20728,10328587929,10328587962,1,"IOTHUB_CLIENT_CONFIRMATION_OK"
20729,10328588129,10328588165,1,"IOTHUB_CLIENT_CONFIRMATION_OK"
20730,10328588330,10328588365,1,"IOTHUB_CLIENT_CONFIRMATION_OK"
20731,10328588530,10328588562,1,"IOTHUB_CLIENT_CONFIRMATION_OK"
20732,10328588730,10328588810,1,"IOTHUB_CLIENT_CONFIRMATION_OK"
20733,10328588930,10328588964,1,"IOTHUB_CLIENT_CONFIRMATION_OK"
20734,10328589130,10328589167,1,"IOTHUB_CLIENT_CONFIRMATION_OK"
20735,10328589330,10328589417,1,"IOTHUB_CLIENT_CONFIRMATION_OK"
20736,10328589531,10328589631,1,"IOTHUB_CLIENT_CONFIRMATION_OK"
20737,10328589731,10328589773,1,"IOTHUB_CLIENT_CONFIRMATION_OK"
20738,10328589931,10328590001,1,"IOTHUB_CLIENT_CONFIRMATION_OK"
20739,10328590131,10328590165,1,"IOTHUB_CLIENT_CONFIRMATION_OK"
20740,10328590331,10328590451,1,"IOTHUB_CLIENT_CONFIRMATION_OK"
20741,10328590531,10328590566,1,"IOTHUB_CLIENT_CONFIRMATION_OK"
20742,10328590731,10328590759,1,"IOTHUB_CLIENT_CONFIRMATION_OK"
20743,10328590932,10328590980,1,"IOTHUB_CLIENT_CONFIRMATION_OK"
20744,10328591132,10328591170,1,"IOTHUB_CLIENT_CONFIRMATION_OK"
20745,10328591332,10328591487,1,"IOTHUB_CLIENT_CONFIRMATION_OK"
20746,10328591532,10328591672,1,"IOTHUB_CLIENT_CONFIRMATION_OK"
20747,10328591732,10328591760,1,"IOTHUB_CLIENT_CONFIRMATION_OK"
20748,10328591932,10328592597,1,"IOTHUB_CLIENT_CONFIRMATION_OK"
20749,10328592133,10328592619,1,"IOTHUB_CLIENT_CONFIRMATION_OK"
20750,10328592333,10328592790,1,"IOTHUB_CLIENT_CONFIRMATION_OK"
20751,10328592533,10328592820,1,"IOTHUB_CLIENT_CONFIRMATION_OK"
20752,10328592733,10328592852,1,"IOTHUB_CLIENT_CONFIRMATION_OK"
20753,10328592933,10328593006,1,"IOTHUB_CLIENT_CONFIRMATION_OK"
20754,10328593134,10328593182,1,"IOTHUB_CLIENT_CONFIRMATION_OK"
20755,10328593334,10328593362,1,"IOTHUB_CLIENT_CONFIRMATION_OK"
20756,10328593534,10328593623,1,"IOTHUB_CLIENT_CONFIRMATION_OK"
20757,10328593734,10328593772,1,"IOTHUB_CLIENT_CONFIRMATION_OK"
20758,10328593934,10328593996,1,"IOTHUB_CLIENT_CONFIRMATION_OK"
20759,10328594134,10328594177,1,"IOTHUB_CLIENT_CONFIRMATION_OK"
20760,10328594335,10328594366,1,"IOTHUB_CLIENT_CONFIRMATION_OK"
20761,10328594535,10328594640,1,"IOTHUB_CLIENT_CONFIRMATION_OK"
20762,10328594735,10328594772,1,"IOTHUB_CLIENT_CONFIRMATION_OK"
20763,10328594935,10328595020,1,"IOTHUB_CLIENT_CONFIRMATION_OK"
20764,10328595135,10328595167,1,"IOTHUB_CLIENT_CONFIRMATION_OK"
20765,10328595335,10328595365,1,"IOTHUB_CLIENT_CONFIRMATION_OK"
20766,10328595535,10328595648,1,"IOTHUB_CLIENT_CONFIRMATION_OK"
20767,10328595736,10328595799,1,"IOTHUB_CLIENT_CONFIRMATION_OK"
20768,10328595936,10328595983,1,"IOTHUB_CLIENT_CONFIRMATION_OK"
20769,10328596136,10328596268,1,"IOTHUB_CLIENT_CONFIRMATION_OK"
20770,10328596336,10328596368,1,"IOTHUB_CLIENT_CONFIRMATION_OK"
20771,10328596536,10328596569,1,"IOTHUB_CLIENT_CONFIRMATION_OK"
20772,10328596736,10328596765,1,"IOTHUB_CLIENT_CONFIRMATION_OK"
20773,10328596937,10328596987,1,"IOTHUB_CLIENT_CONFIRMATION_OK"
20774,10328597137,10328597284,1,"IOTHUB_CLIENT_CONFIRMATION_OK"
20775,10328597337,10328597386,1,"IOTHUB_CLIENT_CONFIRMATION_OK"
20776,10328597537,10328597596,1,"IOTHUB_CLIENT_CONFIRMATION_OK"
20777,10328597737,10328597817,1,"IOTHUB_CLIENT_CONFIRMATION_OK"
20778,10328597938,10328597993,1,"IOTHUB_CLIENT_CONFIRMATION_OK"
20779,10328598138,10328598171,1,"IOTHUB_CLIENT_CONFIRMATION_OK"
20780,10328598338,10328598396,1,"IOTHUB_CLIENT_CONFIRMATION_OK"
20781,10328598538,10328598570,1,"IOTHUB_CLIENT_CONFIRMATION_OK"
20782,10328598738,10328598854,1,"IOTHUB_CLIENT_CONFIRMATION_OK"
20783,10328598938,10328598977,1,"IOTHUB_CLIENT_CONFIRMATION_OK"
20784,10328599139,10328599278,1,"IOTHUB_CLIENT_CONFIRMATION_OK"
20785,10328599339,10328599606,1,"IOTHUB_CLIENT_CONFIRMATION_OK"
20786,10328599539,10328599691,1,"IOTHUB_CLIENT_CONFIRMATION_OK"
20787,10328599739,10328599769,1,"IOTHUB_CLIENT_CONFIRMATION_OK"
20788,10328599939,10328600011,1,"IOTHUB_CLIENT_CONFIRMATION_OK"
20789,10328600139,10328600195,1,"IOTHUB_CLIENT_CONFIRMATION_OK"
20790,10328600340,10328600473,1,"IOTHUB_CLIENT_CONFIRMATION_OK"
20791,10328600540,10328600600,1,"IOTHUB_CLIENT_CONFIRMATION_OK"
20792,10328600740,10328600802,1,"IOTHUB_CLIENT_CONFIRMATION_OK"
20793,10328600941,10328600971,1,"IOTHUB_CLIENT_CONFIRMATION_OK"
20794,10328601141,10328601191,1,"IOTHUB_CLIENT_CONFIRMATION_OK"
20795,10328601341,10328601497,1,"IOTHUB_CLIENT_CONFIRMATION_OK"
20796,10328601541,10328601575,1,"IOTHUB_CLIENT_CONFIRMATION_OK"
20797,10328601741,10328601775,1,"IOTHUB_CLIENT_CONFIRMATION_OK"
20798,10328601942,10328601980,1,"IOTHUB_CLIENT_CONFIRMATION_OK"
20799,10328602142,10328602184,1,"IOTHUB_CLIENT_CONFIRMATION_OK"
20800,10328602342,10328602380,1,"IOTHUB_CLIENT_CONFIRMATION_OK"
20801,10328602542,10328602586,1,"IOTHUB_CLIENT_CONFIRMATION_OK"
20802,10328602742,10328602778,1,"IOTHUB_CLIENT_CONFIRMATION_OK"
20803,10328602943,10328603374,1,"IOTHUB_CLIENT_CONFIRMATION_OK"
20804,10328603143,10328603415,1,"IOTHUB_CLIENT_CONFIRMATION_OK"
20805,10328603343,10328603436,1,"IOTHUB_CLIENT_CONFIRMATION_OK"
20806,10328603543,10328603582,1,"IOTHUB_CLIENT_CONFIRMATION_OK"
20807,10328603744,10328603786,1,"IOTHUB_CLIENT_CONFIRMATION_OK"
20808,10328603944,10328603975,1,"IOTHUB_CLIENT_CONFIRMATION_OK"
20809,10328604144,10328604209,1,"IOTHUB_CLIENT_CONFIRMATION_OK"
20810,10328604344,10328604373,1,"IOTHUB_CLIENT_CONFIRMATION_OK"
20811,10328604544,10328604588,1,"IOTHUB_CLIENT_CONFIRMATION_OK"
20812,10328604744,10328604779,1,"IOTHUB_CLIENT_CONFIRMATION_OK"
20813,10328604945,10328604979,1,"IOTHUB_CLIENT_CONFIRMATION_OK"
20814,10328605145,10328605204,1,"IOTHUB_CLIENT_CONFIRMATION_OK"
20815,10328605345,10328605389,1,"IOTHUB_CLIENT_CONFIRMATION_OK"
20816,10328605545,10328605582,1,"IOTHUB_CLIENT_CONFIRMATION_OK"
20817,10328605745,10328605779,1,"IOTHUB_CLIENT_CONFIRMATION_OK"
20818,10328605945,10328606072,1,"IOTHUB_CLIENT_CONFIRMATION_OK"
20819,10328606146,10328606268,1,"IOTHUB_CLIENT_CONFIRMATION_OK"
20820,10328606346,10328606391,1,"IOTHUB_CLIENT_CONFIRMATION_OK"
20821,10328606546,10328606579,1,"IOTHUB_CLIENT_CONFIRMATION_OK"
20822,10328606746,10328606776,1,"IOTHUB_CLIENT_CONFIRMATION_OK"
20823,10328606946,10328606983,1,"IOTHUB_CLIENT_CONFIRMATION_OK"
20824,10328607147,10328607282,1,"IOTHUB_CLIENT_CONFIRMATION_OK"
20825,10328607347,10328607379,1,"IOTHUB_CLIENT_CONFIRMATION_OK"
20826,10328607547,10328607594,1,"IOTHUB_CLIENT_CONFIRMATION_OK"
20827,10328607747,10328607775,1,"IOTHUB_CLIENT_CONFIRMATION_OK"
20828,10328607947,10328607981,1,"IOTHUB_CLIENT_CONFIRMATION_OK"
20829,10328608147,10328608178,1,"IOTHUB_CLIENT_CONFIRMATION_OK"
20830,10328608348,10328608383,1,"IOTHUB_CLIENT_CONFIRMATION_OK"
20831,10328608548,10328608597,1,"IOTHUB_CLIENT_CONFIRMATION_OK"
20832,10328608748,10328608778,1,"IOTHUB_CLIENT_CONFIRMATION_OK"
20833,10328608948,10328609014,1,"IOTHUB_CLIENT_CONFIRMATION_OK"
20834,10328609148,10328609187,1,"IOTHUB_CLIENT_CONFIRMATION_OK"
20835,10328609348,10328609389,1,"IOTHUB_CLIENT_CONFIRMATION_OK"
20836,10328609549,10328609581,1,"IOTHUB_CLIENT_CONFIRMATION_OK"
20837,10328609749,10328609781,1,"IOTHUB_CLIENT_CONFIRMATION_OK"
20838,10328609949,10328609995,1,"IOTHUB_CLIENT_CONFIRMATION_OK"
20839,10328610149,10328610194,1,"IOTHUB_CLIENT_CONFIRMATION_OK"
20840,10328610349,10328610393,1,"IOTHUB_CLIENT_CONFIRMATION_OK"
20841,10328610549,10328610585,1,"IOTHUB_CLIENT_CONFIRMATION_OK"
20842,10328610750,10328610784,1,"IOTHUB_CLIENT_CONFIRMATION_OK"
20843,10328610950,10328611229,1,"IOTHUB_CLIENT_CONFIRMATION_OK"
20844,10328611150,10328611286,1,"IOTHUB_CLIENT_CONFIRMATION_OK"
20845,10328611350,10328611394,1,"IOTHUB_CLIENT_CONFIRMATION_OK"
20846,10328611550,10328611584,1,"IOTHUB_CLIENT_CONFIRMATION_OK"
20847,10328611751,10328611784,1,"IOTHUB_CLIENT_CONFIRMATION_OK"
20848,10328611951,10328612036,1,"IOTHUB_CLIENT_CONFIRMATION_OK"
20849,10328612151,10328612222,1,"IOTHUB_CLIENT_CONFIRMATION_OK"
20850,10328612351,10328612404,1,"IOTHUB_CLIENT_CONFIRMATION_OK"
20851,10328612551,10328612592,1,"IOTHUB_CLIENT_CONFIRMATION_OK"
20852,10328612751,10328612850,1,"IOTHUB_CLIENT_CONFIRMATION_OK"
20853,10328612952,10328613086,1,"IOTHUB_CLIENT_CONFIRMATION_OK"
20854,10328613152,10328613181,1,"IOTHUB_CLIENT_CONFIRMATION_OK"
20855,10328613352,10328613386,1,"IOTHUB_CLIENT_CONFIRMATION_OK"
20856,10328613552,10328613680,1,"IOTHUB_CLIENT_CONFIRMATION_OK"
20857,10328613752,10328613787,1,"IOTHUB_CLIENT_CONFIRMATION_OK"
20858,10328613952,10328613989,1,"IOTHUB_CLIENT_CONFIRMATION_OK"
20859,10328614153,10328614184,1,"IOTHUB_CLIENT_CONFIRMATION_OK"
20860,10328614353,10328614384,1,"IOTHUB_CLIENT_CONFIRMATION_OK"
20861,10328614553,10328614685,1,"IOTHUB_CLIENT_CONFIRMATION_OK"
20862,10328614753,10328614785,1,"IOTHUB_CLIENT_CONFIRMATION_OK"
20863,10328614953,10328614986,1,"IOTHUB_CLIENT_CONFIRMATION_OK"
20864,10328615153,10328615213,1,"IOTHUB_CLIENT_CONFIRMATION_OK"
20865,10328615353,10328615389,1,"IOTHUB_CLIENT_CONFIRMATION_OK"
20866,10328615554,10328615715,1,"IOTHUB_CLIENT_CONFIRMATION_OK"
20867,10328615754,10328615788,1,"IOTHUB_CLIENT_CONFIRMATION_OK"
20868,10328615954,10328615989,1,"IOTHUB_CLIENT_CONFIRMATION_OK"
20869,10328616154,10328616332,1,"IOTHUB_CLIENT_CONFIRMATION_OK"
20870,10328616354,10328616394,1,"IOTHUB_CLIENT_CONFIRMATION_OK"
20871,10328616555,10328616586,1,"IOTHUB_CLIENT_CONFIRMATION_OK"
20872,10328616755,10328616788,1,"IOTHUB_CLIENT_CONFIRMATION_OK"
20873,10328616955,10328616988,1,"IOTHUB_CLIENT_CONFIRMATION_OK"
20874,10328617155,10328617353,1,"IOTHUB_CLIENT_CONFIRMATION_OK"
20875,10328617355,10328617388,1,"IOTHUB_CLIENT_CONFIRMATION_OK"
20876,10328617555,10328617588,1,"IOTHUB_CLIENT_CONFIRMATION_OK"
20877,10328617756,10328617790,1,"IOTHUB_CLIENT_CONFIRMATION_OK"
20878,10328617956,10328617986,1,"IOTHUB_CLIENT_CONFIRMATION_OK"
20879,10328618156,10328618187,1,"IOTHUB_CLIENT_CONFIRMATION_OK"
20880,10328618356,10328618389,1,"IOTHUB_CLIENT_CONFIRMATION_OK"
20881,10328618556,10328618590,1,"IOTHUB_CLIENT_CONFIRMATION_OK"
20882,10328618757,10328618825,1,"IOTHUB_CLIENT_CONFIRMATION_OK"
20883,10328618957,10328618987,1,"IOTHUB_CLIENT_CONFIRMATION_OK"
20884,10328619157,10328619210,1,"IOTHUB_CLIENT_CONFIRMATION_OK"
20885,10328619357,10328619395,1,"IOTHUB_CLIENT_CONFIRMATION_OK"
20886,10328619557,10328619586,1,"IOTHUB_CLIENT_CONFIRMATION_OK"
20887,10328619757,10328619794,1,"IOTHUB_CLIENT_CONFIRMATION_OK"
20888,10328619957,10328619989,1,"IOTHUB_CLIENT_CONFIRMATION_OK"
20889,10328620158,10328620192,1,"IOTHUB_CLIENT_CONFIRMATION_OK"
20890,10328620358,10328620413,1,"IOTHUB_CLIENT_CONFIRMATION_OK"
20891,10328620558,10328620590,1,"IOTHUB_CLIENT_CONFIRMATION_OK"
20892,10328620758,10328620792,1,"IOTHUB_CLIENT_CONFIRMATION_OK"
20893,10328620958,10328621041,1,"IOTHUB_CLIENT_CONFIRMATION_OK"
20894,10328621159,10328621209,1,"IOTHUB_CLIENT_CONFIRMATION_OK"
20895,10328621359,10328621418,1,"IOTHUB_CLIENT_CONFIRMATION_OK"
20896,10328621559,10328621595,1,"IOTHUB_CLIENT_CONFIRMATION_OK"
20897,10328621759,10328621789,1,"IOTHUB_CLIENT_CONFIRMATION_OK"
20898,10328621959,10328622036,1,"IOTHUB_CLIENT_CONFIRMATION_OK"
20899,10328622159,10328622195,1,"IOTHUB_CLIENT_CONFIRMATION_OK"
20900,10328622359,10328622389,1,"IOTHUB_CLIENT_CONFIRMATION_OK"
20901,10328622560,10328622594,1,"IOTHUB_CLIENT_CONFIRMATION_OK"
20902,10328622760,10328622793,1,"IOTHUB_CLIENT_CONFIRMATION_OK"
20903,10328622960,10328623054,1,"IOTHUB_CLIENT_CONFIRMATION_OK"
20904,10328623160,10328623195,1,"IOTHUB_CLIENT_CONFIRMATION_OK"
20905,10328623360,10328623390,1,"IOTHUB_CLIENT_CONFIRMATION_OK"
20906,10328623560,10328623678,1,"IOTHUB_CLIENT_CONFIRMATION_OK"
20907,10328623760,10328623795,1,"IOTHUB_CLIENT_CONFIRMATION_OK"
20908,10328623961,10328623997,1,"IOTHUB_CLIENT_CONFIRMATION_OK"
20909,10328624161,10328624204,1,"IOTHUB_CLIENT_CONFIRMATION_OK"
20910,10328624361,10328624405,1,"IOTHUB_CLIENT_CONFIRMATION_OK"
20911,10328624561,10328624672,1,"IOTHUB_CLIENT_CONFIRMATION_OK"
20912,10328624762,10328624795,1,"IOTHUB_CLIENT_CONFIRMATION_OK"
20913,10328624962,10328624994,1,"IOTHUB_CLIENT_CONFIRMATION_OK"
20914,10328625162,10328625197,1,"IOTHUB_CLIENT_CONFIRMATION_OK"
20915,10328625362,10328625395,1,"IOTHUB_CLIENT_CONFIRMATION_OK"
20916,10328625562,10328625680,1,"IOTHUB_CLIENT_CONFIRMATION_OK"
20917,10328625763,10328625797,1,"IOTHUB_CLIENT_CONFIRMATION_OK"
20918,10328625963,10328625995,1,"IOTHUB_CLIENT_CONFIRMATION_OK"
20919,10328626163,10328626441,1,"IOTHUB_CLIENT_CONFIRMATION_OK"
20920,10328626363,10328626460,1,"IOTHUB_CLIENT_CONFIRMATION_OK"
20921,10328626563,10328626595,1,"IOTHUB_CLIENT_CONFIRMATION_OK"
20922,10328626764,10328626822,1,"IOTHUB_CLIENT_CONFIRMATION_OK"
20923,10328626964,10328626996,1,"IOTHUB_CLIENT_CONFIRMATION_OK"
20924,10328627164,10328627248,1,"IOTHUB_CLIENT_CONFIRMATION_OK"
20925,10328627364,10328627417,1,"IOTHUB_CLIENT_CONFIRMATION_OK"
20926,10328627564,10328627601,1,"IOTHUB_CLIENT_CONFIRMATION_OK"
20927,10328627764,10328627902,1,"IOTHUB_CLIENT_CONFIRMATION_OK"
20928,10328627965,10328628016,1,"IOTHUB_CLIENT_CONFIRMATION_OK"
20929,10328628165,10328628198,1,"IOTHUB_CLIENT_CONFIRMATION_OK"
20930,10328628365,10328628400,1,"IOTHUB_CLIENT_CONFIRMATION_OK"
20931,10328628565,10328628597,1,"IOTHUB_CLIENT_CONFIRMATION_OK"
20932,10328628765,10328628928,1,"IOTHUB_CLIENT_CONFIRMATION_OK"
20933,10328628966,10328628995,1,"IOTHUB_CLIENT_CONFIRMATION_OK"
20934,10328629166,10328629199,1,"IOTHUB_CLIENT_CONFIRMATION_OK"
20935,10328629366,10328629399,1,"IOTHUB_CLIENT_CONFIRMATION_OK"
20936,10328629566,10328629596,1,"IOTHUB_CLIENT_CONFIRMATION_OK"
20937,10328629766,10328629798,1,"IOTHUB_CLIENT_CONFIRMATION_OK"
20938,10328629966,10328630013,1,"IOTHUB_CLIENT_CONFIRMATION_OK"
20939,10328630166,10328630201,1,"IOTHUB_CLIENT_CONFIRMATION_OK"
20940,10328630367,10328630399,1,"IOTHUB_CLIENT_CONFIRMATION_OK"
20941,10328630567,10328630600,1,"IOTHUB_CLIENT_CONFIRMATION_OK"
20942,10328630767,10328630800,1,"IOTHUB_CLIENT_CONFIRMATION_OK"
20943,10328630967,10328631001,1,"IOTHUB_CLIENT_CONFIRMATION_OK"
20944,10328631167,10328631199,1,"IOTHUB_CLIENT_CONFIRMATION_OK"
20945,10328631367,10328631596,1,"IOTHUB_CLIENT_CONFIRMATION_OK"
20946,10328631568,10328631613,1,"IOTHUB_CLIENT_CONFIRMATION_OK"
20947,10328631768,10328631797,1,"IOTHUB_CLIENT_CONFIRMATION_OK"
20948,10328631968,10328632005,1,"IOTHUB_CLIENT_CONFIRMATION_OK"
20949,10328632168,10328632204,1,"IOTHUB_CLIENT_CONFIRMATION_OK"
20950,10328632368,10328632400,1,"IOTHUB_CLIENT_CONFIRMATION_OK"
20951,10328632569,10328632614,1,"IOTHUB_CLIENT_CONFIRMATION_OK"
20952,10328632769,10328632803,1,"IOTHUB_CLIENT_CONFIRMATION_OK"
20953,10328632969,10328633096,1,"IOTHUB_CLIENT_CONFIRMATION_OK"
20954,10328633169,10328633259,1,"IOTHUB_CLIENT_CONFIRMATION_OK"
20955,10328633369,10328633402,1,"IOTHUB_CLIENT_CONFIRMATION_OK"
20956,10328633570,10328633632,1,"IOTHUB_CLIENT_CONFIRMATION_OK"
20957,10328633770,10328633802,1,"IOTHUB_CLIENT_CONFIRMATION_OK"
20958,10328633970,10328634002,1,"IOTHUB_CLIENT_CONFIRMATION_OK"
20959,10328634170,10328634274,1,"IOTHUB_CLIENT_CONFIRMATION_OK"
20960,10328634370,10328634407,1,"IOTHUB_CLIENT_CONFIRMATION_OK"
20961,10328634570,10328634730,1,"IOTHUB_CLIENT_CONFIRMATION_OK"
20962,10328634771,10328634810,1,"IOTHUB_CLIENT_CONFIRMATION_OK"
20963,10328634971,10328635001,1,"IOTHUB_CLIENT_CONFIRMATION_OK"
20964,10328635171,10328635203,1,"IOTHUB_CLIENT_CONFIRMATION_OK"
20965,10328635371,10328635415,1,"IOTHUB_CLIENT_CONFIRMATION_OK"
20966,10328635571,10328635680,1,"IOTHUB_CLIENT_CONFIRMATION_OK"
20967,10328635771,10328635809,1,"IOTHUB_CLIENT_CONFIRMATION_OK"
20968,10328635972,10328636007,1,"IOTHUB_CLIENT_CONFIRMATION_OK"
20969,10328636172,10328636321,1,"IOTHUB_CLIENT_CONFIRMATION_OK"
20970,10328636372,10328636404,1,"IOTHUB_CLIENT_CONFIRMATION_OK"
20971,10328636572,10328636618,1,"IOTHUB_CLIENT_CONFIRMATION_OK"
20972,10328636772,10328636806,1,"IOTHUB_CLIENT_CONFIRMATION_OK"
20973,10328636973,10328637026,1,"IOTHUB_CLIENT_CONFIRMATION_OK"
20974,10328637173,10328637331,1,"IOTHUB_CLIENT_CONFIRMATION_OK"
20975,10328637373,10328637427,1,"IOTHUB_CLIENT_CONFIRMATION_OK"
20976,10328637573,10328637605,1,"IOTHUB_CLIENT_CONFIRMATION_OK"
20977,10328637773,10328637802,1,"IOTHUB_CLIENT_CONFIRMATION_OK"
20978,10328637974,10328638013,1,"IOTHUB_CLIENT_CONFIRMATION_OK"
20979,10328638174,10328638203,1,"IOTHUB_CLIENT_CONFIRMATION_OK"
20980,10328638374,10328638402,1,"IOTHUB_CLIENT_CONFIRMATION_OK"
20981,10328638574,10328638606,1,"IOTHUB_CLIENT_CONFIRMATION_OK"
20982,10328638774,10328638971,1,"IOTHUB_CLIENT_CONFIRMATION_OK"
20983,10328638974,10328639007,1,"IOTHUB_CLIENT_CONFIRMATION_OK"
20984,10328639174,10328639216,1,"IOTHUB_CLIENT_CONFIRMATION_OK"
20985,10328639375,10328639408,1,"IOTHUB_CLIENT_CONFIRMATION_OK"
20986,10328639575,10328639608,1,"IOTHUB_CLIENT_CONFIRMATION_OK"
20987,10328639775,10328639807,1,"IOTHUB_CLIENT_CONFIRMATION_OK"
20988,10328639975,10328640070,1,"IOTHUB_CLIENT_CONFIRMATION_OK"
20989,10328640175,10328640205,1,"IOTHUB_CLIENT_CONFIRMATION_OK"
20990,10328640375,10328640430,1,"IOTHUB_CLIENT_CONFIRMATION_OK"
20991,10328640576,10328640617,1,"IOTHUB_CLIENT_CONFIRMATION_OK"
20992,10328640776,10328640808,1,"IOTHUB_CLIENT_CONFIRMATION_OK"
20993,10328640976,10328641011,1,"IOTHUB_CLIENT_CONFIRMATION_OK"
20994,10328641176,10328641220,1,"IOTHUB_CLIENT_CONFIRMATION_OK"
20995,10328641377,10328641409,1,"IOTHUB_CLIENT_CONFIRMATION_OK"
20996,10328641577,10328641606,1,"IOTHUB_CLIENT_CONFIRMATION_OK"
20997,10328641777,10328641808,1,"IOTHUB_CLIENT_CONFIRMATION_OK"
20998,10328641977,10328642036,1,"IOTHUB_CLIENT_CONFIRMATION_OK"
20999,10328642177,10328642209,1,"IOTHUB_CLIENT_CONFIRMATION_OK"
21000,10328642377,10328642412,1,"IOTHUB_CLIENT_CONFIRMATION_OK"
21001,10328642578,10328642635,1,"IOTHUB_CLIENT_CONFIRMATION_OK"
21002,10328642778,10328642811,1,"IOTHUB_CLIENT_CONFIRMATION_OK"
21003,10328642978,10328643039,1,"IOTHUB_CLIENT_CONFIRMATION_OK"
21004,10328643178,10328643210,1,"IOTHUB_CLIENT_CONFIRMATION_OK"
21005,10328643378,10328643412,1,"IOTHUB_CLIENT_CONFIRMATION_OK"
21006,10328643578,10328643648,1,"IOTHUB_CLIENT_CONFIRMATION_OK"
21007,10328643778,10328643808,1,"IOTHUB_CLIENT_CONFIRMATION_OK"
21008,10328643979,10328644015,1,"IOTHUB_CLIENT_CONFIRMATION_OK"
21009,10328644179,10328644212,1,"IOTHUB_CLIENT_CONFIRMATION_OK"
21010,10328644379,10328644430,1,"IOTHUB_CLIENT_CONFIRMATION_OK"
21011,10328644579,10328644669,1,"IOTHUB_CLIENT_CONFIRMATION_OK"
21012,10328644779,10328644811,1,"IOTHUB_CLIENT_CONFIRMATION_OK"
21013,10328644979,10328645015,1,"IOTHUB_CLIENT_CONFIRMATION_OK"
21014,10328645180,10328645273,1,"IOTHUB_CLIENT_CONFIRMATION_OK"
21015,10328645380,10328645427,1,"IOTHUB_CLIENT_CONFIRMATION_OK"
21016,10328645580,10328645667,1,"IOTHUB_CLIENT_CONFIRMATION_OK"
21017,10328645780,10328645814,1,"IOTHUB_CLIENT_CONFIRMATION_OK"
21018,10328645980,10328646011,1,"IOTHUB_CLIENT_CONFIRMATION_OK"
21019,10328646181,10328646288,1,"IOTHUB_CLIENT_CONFIRMATION_OK"
21020,10328646381,10328646415,1,"IOTHUB_CLIENT_CONFIRMATION_OK"
21021,10328646581,10328646616,1,"IOTHUB_CLIENT_CONFIRMATION_OK"
21022,10328646781,10328646816,1,"IOTHUB_CLIENT_CONFIRMATION_OK"
21023,10328646982,10328647017,1,"IOTHUB_CLIENT_CONFIRMATION_OK"
21024,10328647182,10328647291,1,"IOTHUB_CLIENT_CONFIRMATION_OK"
21025,10328647382,10328647417,1,"IOTHUB_CLIENT_CONFIRMATION_OK"
21026,10328647582,10328647644,1,"IOTHUB_CLIENT_CONFIRMATION_OK"
21027,10328647782,10328647920,1,"IOTHUB_CLIENT_CONFIRMATION_OK"
21028,10328647982,10328648015,1,"IOTHUB_CLIENT_CONFIRMATION_OK"
21029,10328648183,10328648220,1,"IOTHUB_CLIENT_CONFIRMATION_OK"
21030,10328648383,10328648416,1,"IOTHUB_CLIENT_CONFIRMATION_OK"
21031,10328648583,10328648618,1,"IOTHUB_CLIENT_CONFIRMATION_OK"
21032,10328648783,10328648991,1,"IOTHUB_CLIENT_CONFIRMATION_OK"
21033,10328648983,10328649035,1,"IOTHUB_CLIENT_CONFIRMATION_OK"
21034,10328649183,10328649224,1,"IOTHUB_CLIENT_CONFIRMATION_OK"
21035,10328649383,10328649427,1,"IOTHUB_CLIENT_CONFIRMATION_OK"
21036,10328649584,10328649617,1,"IOTHUB_CLIENT_CONFIRMATION_OK"
21037,10328649784,10328649816,1,"IOTHUB_CLIENT_CONFIRMATION_OK"
21038,10328649984,10328650146,1,"IOTHUB_CLIENT_CONFIRMATION_OK"
21039,10328650184,10328650217,1,"IOTHUB_CLIENT_CONFIRMATION_OK"
21040,10328650384,10328650414,1,"IOTHUB_CLIENT_CONFIRMATION_OK"
21041,10328650584,10328650622,1,"IOTHUB_CLIENT_CONFIRMATION_OK"
21042,10328650784,10328650830,1,"IOTHUB_CLIENT_CONFIRMATION_OK"
21043,10328650985,10328651036,1,"IOTHUB_CLIENT_CONFIRMATION_OK"
21044,10328651185,10328651215,1,"IOTHUB_CLIENT_CONFIRMATION_OK"
21045,10328651385,10328651425,1,"IOTHUB_CLIENT_CONFIRMATION_OK"
21046,10328651585,10328651616,1,"IOTHUB_CLIENT_CONFIRMATION_OK"
21047,10328651785,10328651819,1,"IOTHUB_CLIENT_CONFIRMATION_OK"
21048,10328651985,10328652030,1,"IOTHUB_CLIENT_CONFIRMATION_OK"
21049,10328652185,10328652218,1,"IOTHUB_CLIENT_CONFIRMATION_OK"
21050,10328652386,10328652455,1,"IOTHUB_CLIENT_CONFIRMATION_OK"
21051,10328652586,10328652657,1,"IOTHUB_CLIENT_CONFIRMATION_OK"
21052,10328652786,10328652825,1,"IOTHUB_CLIENT_CONFIRMATION_OK"
21053,10328652986,10328653044,1,"IOTHUB_CLIENT_CONFIRMATION_OK"
21054,10328653186,10328653222,1,"IOTHUB_CLIENT_CONFIRMATION_OK"
21055,10328653386,10328653430,1,"IOTHUB_CLIENT_CONFIRMATION_OK"
21056,10328653586,10328653650,1,"IOTHUB_CLIENT_CONFIRMATION_OK"
21057,10328653787,10328653818,1,"IOTHUB_CLIENT_CONFIRMATION_OK"
21058,10328653987,10328654028,1,"IOTHUB_CLIENT_CONFIRMATION_OK"
21059,10328654187,10328654219,1,"IOTHUB_CLIENT_CONFIRMATION_OK"
21060,10328654387,10328654426,1,"IOTHUB_CLIENT_CONFIRMATION_OK"
21061,10328654587,10328654742,1,"IOTHUB_CLIENT_CONFIRMATION_OK"
21062,10328654787,10328654819,1,"IOTHUB_CLIENT_CONFIRMATION_OK"
21063,10328654988,10328655046,1,"IOTHUB_CLIENT_CONFIRMATION_OK"
21064,10328655188,10328655221,1,"IOTHUB_CLIENT_CONFIRMATION_OK"
21065,10328655388,10328655441,1,"IOTHUB_CLIENT_CONFIRMATION_OK"
21066,10328655588,10328655620,1,"IOTHUB_CLIENT_CONFIRMATION_OK"
21067,10328655788,10328655819,1,"IOTHUB_CLIENT_CONFIRMATION_OK"
21068,10328655988,10328656020,1,"IOTHUB_CLIENT_CONFIRMATION_OK"
21069,10328656189,10328656308,1,"IOTHUB_CLIENT_CONFIRMATION_OK"
21070,10328656389,10328656427,1,"IOTHUB_CLIENT_CONFIRMATION_OK"
21071,10328656589,10328656623,1,"IOTHUB_CLIENT_CONFIRMATION_OK"
21072,10328656789,10328656850,1,"IOTHUB_CLIENT_CONFIRMATION_OK"
21073,10328656989,10328657034,1,"IOTHUB_CLIENT_CONFIRMATION_OK"
21074,10328657189,10328657311,1,"IOTHUB_CLIENT_CONFIRMATION_OK"
21075,10328657390,10328657427,1,"IOTHUB_CLIENT_CONFIRMATION_OK"
21076,10328657590,10328657620,1,"IOTHUB_CLIENT_CONFIRMATION_OK"
21077,10328657790,10328657830,1,"IOTHUB_CLIENT_CONFIRMATION_OK"
21078,10328657990,10328658020,1,"IOTHUB_CLIENT_CONFIRMATION_OK"
21079,10328658190,10328658229,1,"IOTHUB_CLIENT_CONFIRMATION_OK"
21080,10328658390,10328658423,1,"IOTHUB_CLIENT_CONFIRMATION_OK"
21081,10328658591,10328658623,1,"IOTHUB_CLIENT_CONFIRMATION_OK"
21082,10328658791,10328658941,1,"IOTHUB_CLIENT_CONFIRMATION_OK"
21083,10328658991,10328659021,1,"IOTHUB_CLIENT_CONFIRMATION_OK"
21084,10328659191,10328659227,1,"IOTHUB_CLIENT_CONFIRMATION_OK"
21085,10328659391,10328659426,1,"IOTHUB_CLIENT_CONFIRMATION_OK"
21086,10328659591,10328659621,1,"IOTHUB_CLIENT_CONFIRMATION_OK"
21087,10328659792,10328659822,1,"IOTHUB_CLIENT_CONFIRMATION_OK"
21088,10328659992,10328660049,1,"IOTHUB_CLIENT_CONFIRMATION_OK"
21089,10328660192,10328660236,1,"IOTHUB_CLIENT_CONFIRMATION_OK"
21090,10328660392,10328660424,1,"IOTHUB_CLIENT_CONFIRMATION_OK"
21091,10328660592,10328660623,1,"IOTHUB_CLIENT_CONFIRMATION_OK"
21092,10328660792,10328660827,1,"IOTHUB_CLIENT_CONFIRMATION_OK"
21093,10328660993,10328661024,1,"IOTHUB_CLIENT_CONFIRMATION_OK"
21094,10328661193,10328661226,1,"IOTHUB_CLIENT_CONFIRMATION_OK"
21095,10328661393,10328661587,1,"IOTHUB_CLIENT_CONFIRMATION_OK"
21096,10328661593,10328661652,1,"IOTHUB_CLIENT_CONFIRMATION_OK"
21097,10328661793,10328661846,1,"IOTHUB_CLIENT_CONFIRMATION_OK"
21098,10328661993,10328662025,1,"IOTHUB_CLIENT_CONFIRMATION_OK"
21099,10328662194,10328662233,1,"IOTHUB_CLIENT_CONFIRMATION_OK"
21100,10328662394,10328662424,1,"IOTHUB_CLIENT_CONFIRMATION_OK"
21101,10328662594,10328662632,1,"IOTHUB_CLIENT_CONFIRMATION_OK"
21102,10328662794,10328662828,1,"IOTHUB_CLIENT_CONFIRMATION_OK"
21103,10328662994,10328663030,1,"IOTHUB_CLIENT_CONFIRMATION_OK"
21104,10328663194,10328663228,1,"IOTHUB_CLIENT_CONFIRMATION_OK"
21105,10328663395,10328663428,1,"IOTHUB_CLIENT_CONFIRMATION_OK"
21106,10328663595,10328663645,1,"IOTHUB_CLIENT_CONFIRMATION_OK"
21107,10328663795,10328663837,1,"IOTHUB_CLIENT_CONFIRMATION_OK"
21108,10328663995,10328664028,1,"IOTHUB_CLIENT_CONFIRMATION_OK"
21109,10328664195,10328664228,1,"IOTHUB_CLIENT_CONFIRMATION_OK"
21110,10328664395,10328664427,1,"IOTHUB_CLIENT_CONFIRMATION_OK"
21111,10328664595,10328664662,1,"IOTHUB_CLIENT_CONFIRMATION_OK"
21112,10328664796,10328664826,1,"IOTHUB_CLIENT_CONFIRMATION_OK"
21113,10328664996,10328665102,1,"IOTHUB_CLIENT_CONFIRMATION_OK"
21114,10328665196,10328665283,1,"IOTHUB_CLIENT_CONFIRMATION_OK"
21115,10328665396,10328665433,1,"IOTHUB_CLIENT_CONFIRMATION_OK"
21116,10328665596,10328665636,1,"IOTHUB_CLIENT_CONFIRMATION_OK"
21117,10328665797,10328665830,1,"IOTHUB_CLIENT_CONFIRMATION_OK"
21118,10328665997,10328666045,1,"IOTHUB_CLIENT_CONFIRMATION_OK"
21119,10328666197,10328666310,1,"IOTHUB_CLIENT_CONFIRMATION_OK"
21120,10328666397,10328666430,1,"IOTHUB_CLIENT_CONFIRMATION_OK"
21121,10328666597,10328666652,1,"IOTHUB_CLIENT_CONFIRMATION_OK"
21122,10328666797,10328666841,1,"IOTHUB_CLIENT_CONFIRMATION_OK"
21123,10328666997,10328667031,1,"IOTHUB_CLIENT_CONFIRMATION_OK"
21124,10328667198,10328667326,1,"IOTHUB_CLIENT_CONFIRMATION_OK"
21125,10328667398,10328667432,1,"IOTHUB_CLIENT_CONFIRMATION_OK"
21126,10328667598,10328667639,1,"IOTHUB_CLIENT_CONFIRMATION_OK"
21127,10328667798,10328667832,1,"IOTHUB_CLIENT_CONFIRMATION_OK"
21128,10328667998,10328668027,1,"IOTHUB_CLIENT_CONFIRMATION_OK"
21129,10328668198,10328668231,1,"IOTHUB_CLIENT_CONFIRMATION_OK"
21130,10328668399,10328668436,1,"IOTHUB_CLIENT_CONFIRMATION_OK"
21131,10328668599,10328668630,1,"IOTHUB_CLIENT_CONFIRMATION_OK"
21132,10328668799,10328668969,1,"IOTHUB_CLIENT_CONFIRMATION_OK"
21133,10328668999,10328669029,1,"IOTHUB_CLIENT_CONFIRMATION_OK"
21134,10328669199,10328669231,1,"IOTHUB_CLIENT_CONFIRMATION_OK"
21135,10328669399,10328669433,1,"IOTHUB_CLIENT_CONFIRMATION_OK"
21136,10328669600,10328669643,1,"IOTHUB_CLIENT_CONFIRMATION_OK"
21137,10328669800,10328669833,1,"IOTHUB_CLIENT_CONFIRMATION_OK"
21138,10328670000,10328670035,1,"IOTHUB_CLIENT_CONFIRMATION_OK"
21139,10328670200,10328670233,1,"IOTHUB_CLIENT_CONFIRMATION_OK"
21140,10328670400,10328670442,1,"IOTHUB_CLIENT_CONFIRMATION_OK"
21141,10328670600,10328670633,1,"IOTHUB_CLIENT_CONFIRMATION_OK"
21142,10328670800,10328670833,1,"IOTHUB_CLIENT_CONFIRMATION_OK"
21143,10328671001,10328671032,1,"IOTHUB_CLIENT_CONFIRMATION_OK"
21144,10328671201,10328671250,1,"IOTHUB_CLIENT_CONFIRMATION_OK"
21145,10328671401,10328671601,1,"IOTHUB_CLIENT_CONFIRMATION_OK"
21146,10328671601,10328671630,1,"IOTHUB_CLIENT_CONFIRMATION_OK"
21147,10328671801,10328671836,1,"IOTHUB_CLIENT_CONFIRMATION_OK"
21148,10328672002,10328672036,1,"IOTHUB_CLIENT_CONFIRMATION_OK"
21149,10328672202,10328672232,1,"IOTHUB_CLIENT_CONFIRMATION_OK"
21150,10328672402,10328672434,1,"IOTHUB_CLIENT_CONFIRMATION_OK"
21151,10328672602,10328672653,1,"IOTHUB_CLIENT_CONFIRMATION_OK"
21152,10328672802,10328672845,1,"IOTHUB_CLIENT_CONFIRMATION_OK"
21153,10328673002,10328673041,1,"IOTHUB_CLIENT_CONFIRMATION_OK"
21154,10328673202,10328673243,1,"IOTHUB_CLIENT_CONFIRMATION_OK"
21155,10328673403,10328673449,1,"IOTHUB_CLIENT_CONFIRMATION_OK"
21156,10328673603,10328673641,1,"IOTHUB_CLIENT_CONFIRMATION_OK"
21157,10328673803,10328673837,1,"IOTHUB_CLIENT_CONFIRMATION_OK"
21158,10328674003,10328674037,1,"IOTHUB_CLIENT_CONFIRMATION_OK"
21159,10328674203,10328674237,1,"IOTHUB_CLIENT_CONFIRMATION_OK"
21160,10328674403,10328674445,1,"IOTHUB_CLIENT_CONFIRMATION_OK"
21161,10328674603,10328674651,1,"IOTHUB_CLIENT_CONFIRMATION_OK"
21162,10328674804,10328674839,1,"IOTHUB_CLIENT_CONFIRMATION_OK"
21163,10328675004,10328675036,1,"IOTHUB_CLIENT_CONFIRMATION_OK"
21164,10328675204,10328675236,1,"IOTHUB_CLIENT_CONFIRMATION_OK"
21165,10328675404,10328675436,1,"IOTHUB_CLIENT_CONFIRMATION_OK"
21166,10328675604,10328675641,1,"IOTHUB_CLIENT_CONFIRMATION_OK"
21167,10328675805,10328675842,1,"IOTHUB_CLIENT_CONFIRMATION_OK"
21168,10328676005,10328676037,1,"IOTHUB_CLIENT_CONFIRMATION_OK"
21169,10328676205,10328676265,1,"IOTHUB_CLIENT_CONFIRMATION_OK"
21170,10328676405,10328676434,1,"IOTHUB_CLIENT_CONFIRMATION_OK"
21171,10328676605,10328676704,1,"IOTHUB_CLIENT_CONFIRMATION_OK"
21172,10328676805,10328676837,1,"IOTHUB_CLIENT_CONFIRMATION_OK"
21173,10328677006,10328677039,1,"IOTHUB_CLIENT_CONFIRMATION_OK"
21174,10328677206,10328677427,1,"IOTHUB_CLIENT_CONFIRMATION_OK"
21175,10328677406,10328677437,1,"IOTHUB_CLIENT_CONFIRMATION_OK"
21176,10328677606,10328677655,1,"IOTHUB_CLIENT_CONFIRMATION_OK"
21177,10328677806,10328677857,1,"IOTHUB_CLIENT_CONFIRMATION_OK"
21178,10328678006,10328678288,1,"IOTHUB_CLIENT_CONFIRMATION_OK"
21179,10328678207,10328678397,1,"IOTHUB_CLIENT_CONFIRMATION_OK"
21180,10328678407,10328678527,1,"IOTHUB_CLIENT_CONFIRMATION_OK"
21181,10328678607,10328678639,1,"IOTHUB_CLIENT_CONFIRMATION_OK"
21182,10328678807,10328678866,1,"IOTHUB_CLIENT_CONFIRMATION_OK"
21183,10328679007,10328679043,1,"IOTHUB_CLIENT_CONFIRMATION_OK"
21184,10328679207,10328679240,1,"IOTHUB_CLIENT_CONFIRMATION_OK"
21185,10328679407,10328679505,1,"IOTHUB_CLIENT_CONFIRMATION_OK"
21186,10328679608,10328679640,1,"IOTHUB_CLIENT_CONFIRMATION_OK"
21187,10328679808,10328679841,1,"IOTHUB_CLIENT_CONFIRMATION_OK"
21188,10328680008,10328680043,1,"IOTHUB_CLIENT_CONFIRMATION_OK"
21189,10328680208,10328680250,1,"IOTHUB_CLIENT_CONFIRMATION_OK"
21190,10328680408,10328680473,1,"IOTHUB_CLIENT_CONFIRMATION_OK"
21191,10328680609,10328680641,1,"IOTHUB_CLIENT_CONFIRMATION_OK"
21192,10328680809,10328680874,1,"IOTHUB_CLIENT_CONFIRMATION_OK"
21193,10328681009,10328681118,1,"IOTHUB_CLIENT_CONFIRMATION_OK"
21194,10328681209,10328681241,1,"IOTHUB_CLIENT_CONFIRMATION_OK"
21195,10328681409,10328681497,1,"IOTHUB_CLIENT_CONFIRMATION_OK"
21196,10328681610,10328681643,1,"IOTHUB_CLIENT_CONFIRMATION_OK"
21197,10328681810,10328681964,1,"IOTHUB_CLIENT_CONFIRMATION_OK"
21198,10328682010,10328682127,1,"IOTHUB_CLIENT_CONFIRMATION_OK"
21199,10328682210,10328682244,1,"IOTHUB_CLIENT_CONFIRMATION_OK"
21200,10328682410,10328682442,1,"IOTHUB_CLIENT_CONFIRMATION_OK"
21201,10328682611,10328682641,1,"IOTHUB_CLIENT_CONFIRMATION_OK"
21202,10328682811,10328682843,1,"IOTHUB_CLIENT_CONFIRMATION_OK"
21203,10328683011,10328683144,1,"IOTHUB_CLIENT_CONFIRMATION_OK"
21204,10328683211,10328683243,1,"IOTHUB_CLIENT_CONFIRMATION_OK"
21205,10328683411,10328683444,1,"IOTHUB_CLIENT_CONFIRMATION_OK"
21206,10328683612,10328683640,1,"IOTHUB_CLIENT_CONFIRMATION_OK"
21207,10328683812,10328683844,1,"IOTHUB_CLIENT_CONFIRMATION_OK"
21208,10328684012,10328684045,1,"IOTHUB_CLIENT_CONFIRMATION_OK"
21209,10328684212,10328684244,1,"IOTHUB_CLIENT_CONFIRMATION_OK"
21210,10328684412,10328684446,1,"IOTHUB_CLIENT_CONFIRMATION_OK"
21211,10328684612,10328684766,1,"IOTHUB_CLIENT_CONFIRMATION_OK"
21212,10328684812,10328684843,1,"IOTHUB_CLIENT_CONFIRMATION_OK"
21213,10328685013,10328685043,1,"IOTHUB_CLIENT_CONFIRMATION_OK"
21214,10328685213,10328685252,1,"IOTHUB_CLIENT_CONFIRMATION_OK"
21215,10328685413,10328685444,1,"IOTHUB_CLIENT_CONFIRMATION_OK"
21216,10328685613,10328685723,1,"IOTHUB_CLIENT_CONFIRMATION_OK"
21217,10328685813,10328685845,1,"IOTHUB_CLIENT_CONFIRMATION_OK"
21218,10328686013,10328686047,1,"IOTHUB_CLIENT_CONFIRMATION_OK"
21219,10328686213,10328686246,1,"IOTHUB_CLIENT_CONFIRMATION_OK"
21220,10328686414,10328686570,1,"IOTHUB_CLIENT_CONFIRMATION_OK"
21221,10328686614,10328686744,1,"IOTHUB_CLIENT_CONFIRMATION_OK"
21222,10328686814,10328686843,1,"IOTHUB_CLIENT_CONFIRMATION_OK"
21223,10328687014,10328687149,1,"IOTHUB_CLIENT_CONFIRMATION_OK"
21224,10328687214,10328687423,1,"IOTHUB_CLIENT_CONFIRMATION_OK"
21225,10328687415,10328687517,1,"IOTHUB_CLIENT_CONFIRMATION_OK"
21226,10328687615,10328687656,1,"IOTHUB_CLIENT_CONFIRMATION_OK"
21227,10328687815,10328687847,1,"IOTHUB_CLIENT_CONFIRMATION_OK"
21228,10328688015,10328688058,1,"IOTHUB_CLIENT_CONFIRMATION_OK"
21229,10328688215,10328688281,1,"IOTHUB_CLIENT_CONFIRMATION_OK"
21230,10328688415,10328688552,1,"IOTHUB_CLIENT_CONFIRMATION_OK"
21231,10328688616,10328688721,1,"IOTHUB_CLIENT_CONFIRMATION_OK"
21232,10328688816,10328688956,1,"IOTHUB_CLIENT_CONFIRMATION_OK"
21233,10328689016,10328689046,1,"IOTHUB_CLIENT_CONFIRMATION_OK"
21234,10328689216,10328689249,1,"IOTHUB_CLIENT_CONFIRMATION_OK"
21235,10328689416,10328689450,1,"IOTHUB_CLIENT_CONFIRMATION_OK"
21236,10328689616,10328689646,1,"IOTHUB_CLIENT_CONFIRMATION_OK"
21237,10328689816,10328689870,1,"IOTHUB_CLIENT_CONFIRMATION_OK"
21238,10328690017,10328690049,1,"IOTHUB_CLIENT_CONFIRMATION_OK"
21239,10328690217,10328690251,1,"IOTHUB_CLIENT_CONFIRMATION_OK"
21240,10328690417,10328690450,1,"IOTHUB_CLIENT_CONFIRMATION_OK"
21241,10328690617,10328690651,1,"IOTHUB_CLIENT_CONFIRMATION_OK"
21242,10328690817,10328690862,1,"IOTHUB_CLIENT_CONFIRMATION_OK"
21243,10328691017,10328691152,1,"IOTHUB_CLIENT_CONFIRMATION_OK"
21244,10328691218,10328691248,1,"IOTHUB_CLIENT_CONFIRMATION_OK"
21245,10328691418,10328691624,1,"IOTHUB_CLIENT_CONFIRMATION_OK"
21246,10328691618,10328691657,1,"IOTHUB_CLIENT_CONFIRMATION_OK"
21247,10328691818,10328691850,1,"IOTHUB_CLIENT_CONFIRMATION_OK"
21248,10328692018,10328692245,1,"IOTHUB_CLIENT_CONFIRMATION_OK"
21249,10328692218,10328692349,1,"IOTHUB_CLIENT_CONFIRMATION_OK"
21250,10328692419,10328692449,1,"IOTHUB_CLIENT_CONFIRMATION_OK"
21251,10328692619,10328692670,1,"IOTHUB_CLIENT_CONFIRMATION_OK"
21252,10328692819,10328692852,1,"IOTHUB_CLIENT_CONFIRMATION_OK"
21253,10328693019,10328693068,1,"IOTHUB_CLIENT_CONFIRMATION_OK"
21254,10328693219,10328693250,1,"IOTHUB_CLIENT_CONFIRMATION_OK"
21255,10328693419,10328693458,1,"IOTHUB_CLIENT_CONFIRMATION_OK"
21256,10328693620,10328693660,1,"IOTHUB_CLIENT_CONFIRMATION_OK"
21257,10328693820,10328693861,1,"IOTHUB_CLIENT_CONFIRMATION_OK"
21258,10328694020,10328694053,1,"IOTHUB_CLIENT_CONFIRMATION_OK"
21259,10328694220,10328694266,1,"IOTHUB_CLIENT_CONFIRMATION_OK"
21260,10328694420,10328694452,1,"IOTHUB_CLIENT_CONFIRMATION_OK"
21261,10328694620,10328694691,1,"IOTHUB_CLIENT_CONFIRMATION_OK"
21262,10328694821,10328694895,1,"IOTHUB_CLIENT_CONFIRMATION_OK"
21263,10328695021,10328695183,1,"IOTHUB_CLIENT_CONFIRMATION_OK"
21264,10328695221,10328695325,1,"IOTHUB_CLIENT_CONFIRMATION_OK"
21265,10328695421,10328695452,1,"IOTHUB_CLIENT_CONFIRMATION_OK"
21266,10328695621,10328695711,1,"IOTHUB_CLIENT_CONFIRMATION_OK"
21267,10328695821,10328695853,1,"IOTHUB_CLIENT_CONFIRMATION_OK"
21268,10328696022,10328696061,1,"IOTHUB_CLIENT_CONFIRMATION_OK"
21269,10328696222,10328696331,1,"IOTHUB_CLIENT_CONFIRMATION_OK"
21270,10328696422,10328696453,1,"IOTHUB_CLIENT_CONFIRMATION_OK"
21271,10328696622,10328696656,1,"IOTHUB_CLIENT_CONFIRMATION_OK"
21272,10328696822,10328696866,1,"IOTHUB_CLIENT_CONFIRMATION_OK"
21273,10328697022,10328697053,1,"IOTHUB_CLIENT_CONFIRMATION_OK"
21274,10328697223,10328697375,1,"IOTHUB_CLIENT_CONFIRMATION_OK"
21275,10328697423,10328697452,1,"IOTHUB_CLIENT_CONFIRMATION_OK"
21276,10328697623,10328697653,1,"IOTHUB_CLIENT_CONFIRMATION_OK"
21277,10328697823,10328697880,1,"IOTHUB_CLIENT_CONFIRMATION_OK"
21278,10328698023,10328698163,1,"IOTHUB_CLIENT_CONFIRMATION_OK"
21279,10328698223,10328698255,1,"IOTHUB_CLIENT_CONFIRMATION_OK"
21280,10328698423,10328698456,1,"IOTHUB_CLIENT_CONFIRMATION_OK"
21281,10328698624,10328698655,1,"IOTHUB_CLIENT_CONFIRMATION_OK"
21282,10328698824,10328699020,1,"IOTHUB_CLIENT_CONFIRMATION_OK"
21283,10328699024,10328699060,1,"IOTHUB_CLIENT_CONFIRMATION_OK"
21284,10328699224,10328699263,1,"IOTHUB_CLIENT_CONFIRMATION_OK"
21285,10328699424,10328699458,1,"IOTHUB_CLIENT_CONFIRMATION_OK"
21286,10328699625,10328699664,1,"IOTHUB_CLIENT_CONFIRMATION_OK"
21287,10328699825,10328699876,1,"IOTHUB_CLIENT_CONFIRMATION_OK"
21288,10328700025,10328700057,1,"IOTHUB_CLIENT_CONFIRMATION_OK"
21289,10328700225,10328700313,1,"IOTHUB_CLIENT_CONFIRMATION_OK"
21290,10328700425,10328700457,1,"IOTHUB_CLIENT_CONFIRMATION_OK"
21291,10328700625,10328700656,1,"IOTHUB_CLIENT_CONFIRMATION_OK"
21292,10328700826,10328700857,1,"IOTHUB_CLIENT_CONFIRMATION_OK"
21293,10328701026,10328701093,1,"IOTHUB_CLIENT_CONFIRMATION_OK"
21294,10328701226,10328701354,1,"IOTHUB_CLIENT_CONFIRMATION_OK"
21295,10328701426,10328701549,1,"IOTHUB_CLIENT_CONFIRMATION_OK"
21296,10328701626,10328701676,1,"IOTHUB_CLIENT_CONFIRMATION_OK"
21297,10328701826,10328702060,1,"IOTHUB_CLIENT_CONFIRMATION_OK"
21298,10328702027,10328702307,1,"IOTHUB_CLIENT_CONFIRMATION_OK"
21299,10328702227,10328702330,1,"IOTHUB_CLIENT_CONFIRMATION_OK"
21300,10328702427,10328702499,1,"IOTHUB_CLIENT_CONFIRMATION_OK"
21301,10328702627,10328702657,1,"IOTHUB_CLIENT_CONFIRMATION_OK"
21302,10328702827,10328702859,1,"IOTHUB_CLIENT_CONFIRMATION_OK"
21303,10328703027,10328703180,1,"IOTHUB_CLIENT_CONFIRMATION_OK"
21304,10328703228,10328703267,1,"IOTHUB_CLIENT_CONFIRMATION_OK"
21305,10328703428,10328703457,1,"IOTHUB_CLIENT_CONFIRMATION_OK"
21306,10328703628,10328703660,1,"IOTHUB_CLIENT_CONFIRMATION_OK"
21307,10328703828,10328703865,1,"IOTHUB_CLIENT_CONFIRMATION_OK"
21308,10328704028,10328704058,1,"IOTHUB_CLIENT_CONFIRMATION_OK"
21309,10328704228,10328704271,1,"IOTHUB_CLIENT_CONFIRMATION_OK"
21310,10328704428,10328704458,1,"IOTHUB_CLIENT_CONFIRMATION_OK"
21311,10328704629,10328704797,1,"IOTHUB_CLIENT_CONFIRMATION_OK"
21312,10328704829,10328704860,1,"IOTHUB_CLIENT_CONFIRMATION_OK"
21313,10328705029,10328705062,1,"IOTHUB_CLIENT_CONFIRMATION_OK"
21314,10328705229,10328705261,1,"IOTHUB_CLIENT_CONFIRMATION_OK"
21315,10328705429,10328705461,1,"IOTHUB_CLIENT_CONFIRMATION_OK"
21316,10328705629,10328705916,1,"IOTHUB_CLIENT_CONFIRMATION_OK"
21317,10328705830,10328705965,1,"IOTHUB_CLIENT_CONFIRMATION_OK"
21318,10328706030,10328706072,1,"IOTHUB_CLIENT_CONFIRMATION_OK"
21319,10328706230,10328706298,1,"IOTHUB_CLIENT_CONFIRMATION_OK"
21320,10328706430,10328706462,1,"IOTHUB_CLIENT_CONFIRMATION_OK"
21321,10328706630,10328706732,1,"IOTHUB_CLIENT_CONFIRMATION_OK"
21322,10328706830,10328706862,1,"IOTHUB_CLIENT_CONFIRMATION_OK"
21323,10328707031,10328707062,1,"IOTHUB_CLIENT_CONFIRMATION_OK"
21324,10328707231,10328707317,1,"IOTHUB_CLIENT_CONFIRMATION_OK"
21325,10328707431,10328707462,1,"IOTHUB_CLIENT_CONFIRMATION_OK"
21326,10328707631,10328707662,1,"IOTHUB_CLIENT_CONFIRMATION_OK"
21327,10328707831,10328707945,1,"IOTHUB_CLIENT_CONFIRMATION_OK"
21328,10328708031,10328708066,1,"IOTHUB_CLIENT_CONFIRMATION_OK"
21329,10328708232,10328708263,1,"IOTHUB_CLIENT_CONFIRMATION_OK"
21330,10328708432,10328708466,1,"IOTHUB_CLIENT_CONFIRMATION_OK"
21331,10328708632,10328708741,1,"IOTHUB_CLIENT_CONFIRMATION_OK"
21332,10328708832,10328708975,1,"IOTHUB_CLIENT_CONFIRMATION_OK"
21333,10328709032,10328709063,1,"IOTHUB_CLIENT_CONFIRMATION_OK"
21334,10328709232,10328709264,1,"IOTHUB_CLIENT_CONFIRMATION_OK"
21335,10328709432,10328709479,1,"IOTHUB_CLIENT_CONFIRMATION_OK"
21336,10328709633,10328709668,1,"IOTHUB_CLIENT_CONFIRMATION_OK"
21337,10328709833,10328709865,1,"IOTHUB_CLIENT_CONFIRMATION_OK"
21338,10328710033,10328710065,1,"IOTHUB_CLIENT_CONFIRMATION_OK"
21339,10328710233,10328710264,1,"IOTHUB_CLIENT_CONFIRMATION_OK"
21340,10328710433,10328710596,1,"IOTHUB_CLIENT_CONFIRMATION_OK"
21341,10328710633,10328710667,1,"IOTHUB_CLIENT_CONFIRMATION_OK"
21342,10328710834,10328710869,1,"IOTHUB_CLIENT_CONFIRMATION_OK"
21343,10328711034,10328711066,1,"IOTHUB_CLIENT_CONFIRMATION_OK"
21344,10328711234,10328711264,1,"IOTHUB_CLIENT_CONFIRMATION_OK"
21345,10328711434,10328711622,1,"IOTHUB_CLIENT_CONFIRMATION_OK"
21346,10328711634,10328711675,1,"IOTHUB_CLIENT_CONFIRMATION_OK"
21347,10328711834,10328711891,1,"IOTHUB_CLIENT_CONFIRMATION_OK"
21348,10328712034,10328712063,1,"IOTHUB_CLIENT_CONFIRMATION_OK"
21349,10328712235,10328712264,1,"IOTHUB_CLIENT_CONFIRMATION_OK"
21350,10328712435,10328712464,1,"IOTHUB_CLIENT_CONFIRMATION_OK"
21351,10328712635,10328712668,1,"IOTHUB_CLIENT_CONFIRMATION_OK"
21352,10328712835,10328712869,1,"IOTHUB_CLIENT_CONFIRMATION_OK"
21353,10328713035,10328713069,1,"IOTHUB_CLIENT_CONFIRMATION_OK"
21354,10328713235,10328713282,1,"IOTHUB_CLIENT_CONFIRMATION_OK"
21355,10328713436,10328713466,1,"IOTHUB_CLIENT_CONFIRMATION_OK"
21356,10328713636,10328713670,1,"IOTHUB_CLIENT_CONFIRMATION_OK"
21357,10328713836,10328713879,1,"IOTHUB_CLIENT_CONFIRMATION_OK"
21358,10328714036,10328714072,1,"IOTHUB_CLIENT_CONFIRMATION_OK"
21359,10328714236,10328714280,1,"IOTHUB_CLIENT_CONFIRMATION_OK"
21360,10328714436,10328714467,1,"IOTHUB_CLIENT_CONFIRMATION_OK"
21361,10328714637,10328714879,1,"IOTHUB_CLIENT_CONFIRMATION_OK"
21362,10328714837,10328714905,1,"IOTHUB_CLIENT_CONFIRMATION_OK"
21363,10328715037,10328715083,1,"IOTHUB_CLIENT_CONFIRMATION_OK"
21364,10328715237,10328715305,1,"IOTHUB_CLIENT_CONFIRMATION_OK"
21365,10328715437,10328715469,1,"IOTHUB_CLIENT_CONFIRMATION_OK"
21366,10328715638,10328715673,1,"IOTHUB_CLIENT_CONFIRMATION_OK"
21367,10328715838,10328715868,1,"IOTHUB_CLIENT_CONFIRMATION_OK"
21368,10328716038,10328716068,1,"IOTHUB_CLIENT_CONFIRMATION_OK"
21369,10328716238,10328716331,1,"IOTHUB_CLIENT_CONFIRMATION_OK"
21370,10328716438,10328716483,1,"IOTHUB_CLIENT_CONFIRMATION_OK"
21371,10328716638,10328716669,1,"IOTHUB_CLIENT_CONFIRMATION_OK"
21372,10328716838,10328716872,1,"IOTHUB_CLIENT_CONFIRMATION_OK"
21373,10328717039,10328717068,1,"IOTHUB_CLIENT_CONFIRMATION_OK"
21374,10328717239,10328717367,1,"IOTHUB_CLIENT_CONFIRMATION_OK"
21375,10328717439,10328717472,1,"IOTHUB_CLIENT_CONFIRMATION_OK"
21376,10328717639,10328717692,1,"IOTHUB_CLIENT_CONFIRMATION_OK"
21377,10328717839,10328717899,1,"IOTHUB_CLIENT_CONFIRMATION_OK"
21378,10328718039,10328718069,1,"IOTHUB_CLIENT_CONFIRMATION_OK"
21379,10328718239,10328718272,1,"IOTHUB_CLIENT_CONFIRMATION_OK"
21380,10328718440,10328718469,1,"IOTHUB_CLIENT_CONFIRMATION_OK"
21381,10328718640,10328718671,1,"IOTHUB_CLIENT_CONFIRMATION_OK"
21382,10328718840,10328719099,1,"IOTHUB_CLIENT_CONFIRMATION_OK"
21383,10328719040,10328719121,1,"IOTHUB_CLIENT_CONFIRMATION_OK"
21384,10328719240,10328719274,1,"IOTHUB_CLIENT_CONFIRMATION_OK"
21385,10328719440,10328719505,1,"IOTHUB_CLIENT_CONFIRMATION_OK"
21386,10328719641,10328719673,1,"IOTHUB_CLIENT_CONFIRMATION_OK"
21387,10328719841,10328719876,1,"IOTHUB_CLIENT_CONFIRMATION_OK"
21388,10328720041,10328720089,1,"IOTHUB_CLIENT_CONFIRMATION_OK"
21389,10328720241,10328720331,1,"IOTHUB_CLIENT_CONFIRMATION_OK"
21390,10328720441,10328720540,1,"IOTHUB_CLIENT_CONFIRMATION_OK"
21391,10328720641,10328720671,1,"IOTHUB_CLIENT_CONFIRMATION_OK"
21392,10328720841,10328720875,1,"IOTHUB_CLIENT_CONFIRMATION_OK"
21393,10328721042,10328721073,1,"IOTHUB_CLIENT_CONFIRMATION_OK"
21394,10328721242,10328721381,1,"IOTHUB_CLIENT_CONFIRMATION_OK"
21395,10328721442,10328721486,1,"IOTHUB_CLIENT_CONFIRMATION_OK"
21396,10328721642,10328721674,1,"IOTHUB_CLIENT_CONFIRMATION_OK"
21397,10328721842,10328722415,1,"IOTHUB_CLIENT_CONFIRMATION_OK"
21398,10328722042,10328722519,1,"IOTHUB_CLIENT_CONFIRMATION_OK"
21399,10328722242,10328722552,1,"IOTHUB_CLIENT_CONFIRMATION_OK"
21400,10328722443,10328722575,1,"IOTHUB_CLIENT_CONFIRMATION_OK"
21401,10328722643,10328722676,1,"IOTHUB_CLIENT_CONFIRMATION_OK"
21402,10328722843,10328722873,1,"IOTHUB_CLIENT_CONFIRMATION_OK"
21403,10328723043,10328723249,1,"IOTHUB_CLIENT_CONFIRMATION_OK"
21404,10328723243,10328723290,1,"IOTHUB_CLIENT_CONFIRMATION_OK"
21405,10328723443,10328723484,1,"IOTHUB_CLIENT_CONFIRMATION_OK"
21406,10328723643,10328723685,1,"IOTHUB_CLIENT_CONFIRMATION_OK"
21407,10328723844,10328723894,1,"IOTHUB_CLIENT_CONFIRMATION_OK"
21408,10328724044,10328724085,1,"IOTHUB_CLIENT_CONFIRMATION_OK"
21409,10328724244,10328724319,1,"IOTHUB_CLIENT_CONFIRMATION_OK"
21410,10328724444,10328724475,1,"IOTHUB_CLIENT_CONFIRMATION_OK"
21411,10328724644,10328724699,1,"IOTHUB_CLIENT_CONFIRMATION_OK"
21412,10328724844,10328724913,1,"IOTHUB_CLIENT_CONFIRMATION_OK"
21413,10328725045,10328725074,1,"IOTHUB_CLIENT_CONFIRMATION_OK"
21414,10328725245,10328725304,1,"IOTHUB_CLIENT_CONFIRMATION_OK"
21415,10328725445,10328725477,1,"IOTHUB_CLIENT_CONFIRMATION_OK"
21416,10328725645,10328725680,1,"IOTHUB_CLIENT_CONFIRMATION_OK"
21417,10328725845,10328725896,1,"IOTHUB_CLIENT_CONFIRMATION_OK"
21418,10328726045,10328726080,1,"IOTHUB_CLIENT_CONFIRMATION_OK"
21419,10328726246,10328726283,1,"IOTHUB_CLIENT_CONFIRMATION_OK"
21420,10328726446,10328726482,1,"IOTHUB_CLIENT_CONFIRMATION_OK"
21421,10328726646,10328726685,1,"IOTHUB_CLIENT_CONFIRMATION_OK"
21422,10328726846,10328726898,1,"IOTHUB_CLIENT_CONFIRMATION_OK"
21423,10328727046,10328727076,1,"IOTHUB_CLIENT_CONFIRMATION_OK"
21424,10328727246,10328727416,1,"IOTHUB_CLIENT_CONFIRMATION_OK"
21425,10328727447,10328727476,1,"IOTHUB_CLIENT_CONFIRMATION_OK"
21426,10328727647,10328727680,1,"IOTHUB_CLIENT_CONFIRMATION_OK"
21427,10328727847,10328727878,1,"IOTHUB_CLIENT_CONFIRMATION_OK"
21428,10328728047,10328728080,1,"IOTHUB_CLIENT_CONFIRMATION_OK"
21429,10328728247,10328728279,1,"IOTHUB_CLIENT_CONFIRMATION_OK"
21430,10328728447,10328728478,1,"IOTHUB_CLIENT_CONFIRMATION_OK"
21431,10328728648,10328728690,1,"IOTHUB_CLIENT_CONFIRMATION_OK"
21432,10328728848,10328728881,1,"IOTHUB_CLIENT_CONFIRMATION_OK"
21433,10328729048,10328729118,1,"IOTHUB_CLIENT_CONFIRMATION_OK"
21434,10328729248,10328729279,1,"IOTHUB_CLIENT_CONFIRMATION_OK"
21435,10328729449,10328729536,1,"IOTHUB_CLIENT_CONFIRMATION_OK"
21436,10328729649,10328729679,1,"IOTHUB_CLIENT_CONFIRMATION_OK"
21437,10328729849,10328729886,1,"IOTHUB_CLIENT_CONFIRMATION_OK"
21438,10328730049,10328730080,1,"IOTHUB_CLIENT_CONFIRMATION_OK"
21439,10328730249,10328730280,1,"IOTHUB_CLIENT_CONFIRMATION_OK"
21440,10328730449,10328730578,1,"IOTHUB_CLIENT_CONFIRMATION_OK"
21441,10328730650,10328730681,1,"IOTHUB_CLIENT_CONFIRMATION_OK"
21442,10328730850,10328730968,1,"IOTHUB_CLIENT_CONFIRMATION_OK"
21443,10328731050,10328731094,1,"IOTHUB_CLIENT_CONFIRMATION_OK"
21444,10328731250,10328731285,1,"IOTHUB_CLIENT_CONFIRMATION_OK"
21445,10328731450,10328731612,1,"IOTHUB_CLIENT_CONFIRMATION_OK"
21446,10328731651,10328731680,1,"IOTHUB_CLIENT_CONFIRMATION_OK"
21447,10328731851,10328731911,1,"IOTHUB_CLIENT_CONFIRMATION_OK"
21448,10328732051,10328732081,1,"IOTHUB_CLIENT_CONFIRMATION_OK"
21449,10328732251,10328732284,1,"IOTHUB_CLIENT_CONFIRMATION_OK"
21450,10328732451,10328732490,1,"IOTHUB_CLIENT_CONFIRMATION_OK"
21451,10328732651,10328732686,1,"IOTHUB_CLIENT_CONFIRMATION_OK"
21452,10328732851,10328732892,1,"IOTHUB_CLIENT_CONFIRMATION_OK"
21453,10328733052,10328733324,1,"IOTHUB_CLIENT_CONFIRMATION_OK"
21454,10328733252,10328733369,1,"IOTHUB_CLIENT_CONFIRMATION_OK"
21455,10328733452,10328733485,1,"IOTHUB_CLIENT_CONFIRMATION_OK"
21456,10328733652,10328733697,1,"IOTHUB_CLIENT_CONFIRMATION_OK"
21457,10328733852,10328733886,1,"IOTHUB_CLIENT_CONFIRMATION_OK"
21458,10328734053,10328734088,1,"IOTHUB_CLIENT_CONFIRMATION_OK"
21459,10328734253,10328734283,1,"IOTHUB_CLIENT_CONFIRMATION_OK"
21460,10328734453,10328734485,1,"IOTHUB_CLIENT_CONFIRMATION_OK"
21461,10328734653,10328734685,1,"IOTHUB_CLIENT_CONFIRMATION_OK"
21462,10328734853,10328734890,1,"IOTHUB_CLIENT_CONFIRMATION_OK"
21463,10328735053,10328735085,1,"IOTHUB_CLIENT_CONFIRMATION_OK"
21464,10328735253,10328735300,1,"IOTHUB_CLIENT_CONFIRMATION_OK"
21465,10328735454,10328735493,1,"IOTHUB_CLIENT_CONFIRMATION_OK"
21466,10328735654,10328735686,1,"IOTHUB_CLIENT_CONFIRMATION_OK"
21467,10328735854,10328735893,1,"IOTHUB_CLIENT_CONFIRMATION_OK"
21468,10328736054,10328736092,1,"IOTHUB_CLIENT_CONFIRMATION_OK"
21469,10328736254,10328736294,1,"IOTHUB_CLIENT_CONFIRMATION_OK"
21470,10328736454,10328736484,1,"IOTHUB_CLIENT_CONFIRMATION_OK"
21471,10328736654,10328736749,1,"IOTHUB_CLIENT_CONFIRMATION_OK"
21472,10328736855,10328737004,1,"IOTHUB_CLIENT_CONFIRMATION_OK"
21473,10328737055,10328737090,1,"IOTHUB_CLIENT_CONFIRMATION_OK"
21474,10328737255,10328737292,1,"IOTHUB_CLIENT_CONFIRMATION_OK"
21475,10328737455,10328737490,1,"IOTHUB_CLIENT_CONFIRMATION_OK"
21476,10328737655,10328737685,1,"IOTHUB_CLIENT_CONFIRMATION_OK"
21477,10328737855,10328737918,1,"IOTHUB_CLIENT_CONFIRMATION_OK"
21478,10328738056,10328738159,1,"IOTHUB_CLIENT_CONFIRMATION_OK"
21479,10328738256,10328738288,1,"IOTHUB_CLIENT_CONFIRMATION_OK"
21480,10328738456,10328738573,1,"IOTHUB_CLIENT_CONFIRMATION_OK"
21481,10328738656,10328738720,1,"IOTHUB_CLIENT_CONFIRMATION_OK"
21482,10328738856,10328738900,1,"IOTHUB_CLIENT_CONFIRMATION_OK"
21483,10328739057,10328739096,1,"IOTHUB_CLIENT_CONFIRMATION_OK"
21484,10328739257,10328739286,1,"IOTHUB_CLIENT_CONFIRMATION_OK"
21485,10328739457,10328739485,1,"IOTHUB_CLIENT_CONFIRMATION_OK"
21486,10328739657,10328739690,1,"IOTHUB_CLIENT_CONFIRMATION_OK"
21487,10328739857,10328739889,1,"IOTHUB_CLIENT_CONFIRMATION_OK"
21488,10328740057,10328740093,1,"IOTHUB_CLIENT_CONFIRMATION_OK"
21489,10328740257,10328740288,1,"IOTHUB_CLIENT_CONFIRMATION_OK"
21490,10328740458,10328740498,1,"IOTHUB_CLIENT_CONFIRMATION_OK"
21491,10328740658,10328740694,1,"IOTHUB_CLIENT_CONFIRMATION_OK"
21492,10328740858,10328740902,1,"IOTHUB_CLIENT_CONFIRMATION_OK"
21493,10328741058,10328741100,1,"IOTHUB_CLIENT_CONFIRMATION_OK"
21494,10328741258,10328741290,1,"IOTHUB_CLIENT_CONFIRMATION_OK"
21495,10328741458,10328741514,1,"IOTHUB_CLIENT_CONFIRMATION_OK"
21496,10328741658,10328741687,1,"IOTHUB_CLIENT_CONFIRMATION_OK"
21497,10328741859,10328741892,1,"IOTHUB_CLIENT_CONFIRMATION_OK"
21498,10328742059,10328742163,1,"IOTHUB_CLIENT_CONFIRMATION_OK"
21499,10328742259,10328742290,1,"IOTHUB_CLIENT_CONFIRMATION_OK"
21500,10328742459,10328742489,1,"IOTHUB_CLIENT_CONFIRMATION_OK"
21501,10328742659,10328742713,1,"IOTHUB_CLIENT_CONFIRMATION_OK"
21502,10328742859,10328742900,1,"IOTHUB_CLIENT_CONFIRMATION_OK"
21503,10328743060,10328743153,1,"IOTHUB_CLIENT_CONFIRMATION_OK"
21504,10328743260,10328743291,1,"IOTHUB_CLIENT_CONFIRMATION_OK"
21505,10328743460,10328743495,1,"IOTHUB_CLIENT_CONFIRMATION_OK"
21506,10328743660,10328743779,1,"IOTHUB_CLIENT_CONFIRMATION_OK"
21507,10328743860,10328743890,1,"IOTHUB_CLIENT_CONFIRMATION_OK"
21508,10328744060,10328744092,1,"IOTHUB_CLIENT_CONFIRMATION_OK"
21509,10328744261,10328744295,1,"IOTHUB_CLIENT_CONFIRMATION_OK"
21510,10328744461,10328744494,1,"IOTHUB_CLIENT_CONFIRMATION_OK"
21511,10328744661,10328744805,1,"IOTHUB_CLIENT_CONFIRMATION_OK"
21512,10328744861,10328744893,1,"IOTHUB_CLIENT_CONFIRMATION_OK"
21513,10328745061,10328745094,1,"IOTHUB_CLIENT_CONFIRMATION_OK"
21514,10328745261,10328745297,1,"IOTHUB_CLIENT_CONFIRMATION_OK"
21515,10328745461,10328745502,1,"IOTHUB_CLIENT_CONFIRMATION_OK"
21516,10328745662,10328745824,1,"IOTHUB_CLIENT_CONFIRMATION_OK"
21517,10328745862,10328745899,1,"IOTHUB_CLIENT_CONFIRMATION_OK"
21518,10328746062,10328746094,1,"IOTHUB_CLIENT_CONFIRMATION_OK"
21519,10328746262,10328746294,1,"IOTHUB_CLIENT_CONFIRMATION_OK"
21520,10328746462,10328746499,1,"IOTHUB_CLIENT_CONFIRMATION_OK"
21521,10328746663,10328746700,1,"IOTHUB_CLIENT_CONFIRMATION_OK"
21522,10328746863,10328746901,1,"IOTHUB_CLIENT_CONFIRMATION_OK"
21523,10328747063,10328747095,1,"IOTHUB_CLIENT_CONFIRMATION_OK"
21524,10328747263,10328747467,1,"IOTHUB_CLIENT_CONFIRMATION_OK"
21525,10328747463,10328747495,1,"IOTHUB_CLIENT_CONFIRMATION_OK"
21526,10328747664,10328747734,1,"IOTHUB_CLIENT_CONFIRMATION_OK"
21527,10328747864,10328747897,1,"IOTHUB_CLIENT_CONFIRMATION_OK"
21528,10328748064,10328748135,1,"IOTHUB_CLIENT_CONFIRMATION_OK"
21529,10328748264,10328748330,1,"IOTHUB_CLIENT_CONFIRMATION_OK"
21530,10328748464,10328748507,1,"IOTHUB_CLIENT_CONFIRMATION_OK"
21531,10328748664,10328748700,1,"IOTHUB_CLIENT_CONFIRMATION_OK"
21532,10328748864,10328748929,1,"IOTHUB_CLIENT_CONFIRMATION_OK"
21533,10328749065,10328749099,1,"IOTHUB_CLIENT_CONFIRMATION_OK"
21534,10328749265,10328749298,1,"IOTHUB_CLIENT_CONFIRMATION_OK"
21535,10328749465,10328749517,1,"IOTHUB_CLIENT_CONFIRMATION_OK"
21536,10328749665,10328749698,1,"IOTHUB_CLIENT_CONFIRMATION_OK"
21537,10328749865,10328749927,1,"IOTHUB_CLIENT_CONFIRMATION_OK"
21538,10328750065,10328750100,1,"IOTHUB_CLIENT_CONFIRMATION_OK"
21539,10328750266,10328750296,1,"IOTHUB_CLIENT_CONFIRMATION_OK"
21540,10328750466,10328750540,1,"IOTHUB_CLIENT_CONFIRMATION_OK"
21541,10328750666,10328750696,1,"IOTHUB_CLIENT_CONFIRMATION_OK"
21542,10328750866,10328750899,1,"IOTHUB_CLIENT_CONFIRMATION_OK"
21543,10328751066,10328751177,1,"IOTHUB_CLIENT_CONFIRMATION_OK"
21544,10328751266,10328751299,1,"IOTHUB_CLIENT_CONFIRMATION_OK"
21545,10328751467,10328751545,1,"IOTHUB_CLIENT_CONFIRMATION_OK"
21546,10328751667,10328751867,1,"IOTHUB_CLIENT_CONFIRMATION_OK"
21547,10328751867,10328751996,1,"IOTHUB_CLIENT_CONFIRMATION_OK"
21548,10328752067,10328752443,1,"IOTHUB_CLIENT_CONFIRMATION_OK"
21549,10328752267,10328752487,1,"IOTHUB_CLIENT_CONFIRMATION_OK"
21550,10328752467,10328752545,1,"IOTHUB_CLIENT_CONFIRMATION_OK"
21551,10328752667,10328752777,1,"IOTHUB_CLIENT_CONFIRMATION_OK"
21552,10328752868,10328752903,1,"IOTHUB_CLIENT_CONFIRMATION_OK"
21553,10328753068,10328753181,1,"IOTHUB_CLIENT_CONFIRMATION_OK"
21554,10328753268,10328753319,1,"IOTHUB_CLIENT_CONFIRMATION_OK"
21555,10328753468,10328753503,1,"IOTHUB_CLIENT_CONFIRMATION_OK"
21556,10328753668,10328753716,1,"IOTHUB_CLIENT_CONFIRMATION_OK"
21557,10328753868,10328753898,1,"IOTHUB_CLIENT_CONFIRMATION_OK"
21558,10328754069,10328754101,1,"IOTHUB_CLIENT_CONFIRMATION_OK"
21559,10328754269,10328754301,1,"IOTHUB_CLIENT_CONFIRMATION_OK"
21560,10328754469,10328754504,1,"IOTHUB_CLIENT_CONFIRMATION_OK"
21561,10328754669,10328754824,1,"IOTHUB_CLIENT_CONFIRMATION_OK"
21562,10328754869,10328754902,1,"IOTHUB_CLIENT_CONFIRMATION_OK"
21563,10328755069,10328755099,1,"IOTHUB_CLIENT_CONFIRMATION_OK"
21564,10328755269,10328755331,1,"IOTHUB_CLIENT_CONFIRMATION_OK"
21565,10328755470,10328755501,1,"IOTHUB_CLIENT_CONFIRMATION_OK"
21566,10328755670,10328755702,1,"IOTHUB_CLIENT_CONFIRMATION_OK"
21567,10328755870,10328755904,1,"IOTHUB_CLIENT_CONFIRMATION_OK"
21568,10328756070,10328756099,1,"IOTHUB_CLIENT_CONFIRMATION_OK"
21569,10328756270,10328756302,1,"IOTHUB_CLIENT_CONFIRMATION_OK"
21570,10328756470,10328756503,1,"IOTHUB_CLIENT_CONFIRMATION_OK"
21571,10328756671,10328756704,1,"IOTHUB_CLIENT_CONFIRMATION_OK"
21572,10328756871,10328756902,1,"IOTHUB_CLIENT_CONFIRMATION_OK"
21573,10328757071,10328757104,1,"IOTHUB_CLIENT_CONFIRMATION_OK"
21574,10328757271,10328757468,1,"IOTHUB_CLIENT_CONFIRMATION_OK"
21575,10328757471,10328757505,1,"IOTHUB_CLIENT_CONFIRMATION_OK"
21576,10328757671,10328757704,1,"IOTHUB_CLIENT_CONFIRMATION_OK"
21577,10328757871,10328757905,1,"IOTHUB_CLIENT_CONFIRMATION_OK"
21578,10328758072,10328758106,1,"IOTHUB_CLIENT_CONFIRMATION_OK"
21579,10328758272,10328758304,1,"IOTHUB_CLIENT_CONFIRMATION_OK"
21580,10328758472,10328758524,1,"IOTHUB_CLIENT_CONFIRMATION_OK"
21581,10328758672,10328758734,1,"IOTHUB_CLIENT_CONFIRMATION_OK"
21582,10328758872,10328758928,1,"IOTHUB_CLIENT_CONFIRMATION_OK"
21583,10328759072,10328759116,1,"IOTHUB_CLIENT_CONFIRMATION_OK"
21584,10328759272,10328759308,1,"IOTHUB_CLIENT_CONFIRMATION_OK"
21585,10328759473,10328759549,1,"IOTHUB_CLIENT_CONFIRMATION_OK"
21586,10328759673,10328759706,1,"IOTHUB_CLIENT_CONFIRMATION_OK"
21587,10328759873,10328759906,1,"IOTHUB_CLIENT_CONFIRMATION_OK"
21588,10328760073,10328760108,1,"IOTHUB_CLIENT_CONFIRMATION_OK"
21589,10328760273,10328760303,1,"IOTHUB_CLIENT_CONFIRMATION_OK"
21590,10328760473,10328760608,1,"IOTHUB_CLIENT_CONFIRMATION_OK"
21591,10328760673,10328760708,1,"IOTHUB_CLIENT_CONFIRMATION_OK"
21592,10328760874,10328760901,1,"IOTHUB_CLIENT_CONFIRMATION_OK"
21593,10328761074,10328761168,1,"IOTHUB_CLIENT_CONFIRMATION_OK"
21594,10328761274,10328761308,1,"IOTHUB_CLIENT_CONFIRMATION_OK"
21595,10328761474,10328761577,1,"IOTHUB_CLIENT_CONFIRMATION_OK"
21596,10328761674,10328761706,1,"IOTHUB_CLIENT_CONFIRMATION_OK"
21597,10328761874,10328761910,1,"IOTHUB_CLIENT_CONFIRMATION_OK"
21598,10328762075,10328762187,1,"IOTHUB_CLIENT_CONFIRMATION_OK"
21599,10328762275,10328762319,1,"IOTHUB_CLIENT_CONFIRMATION_OK"
21600,10328762475,10328762517,1,"IOTHUB_CLIENT_CONFIRMATION_OK"
21601,10328762675,10328762730,1,"IOTHUB_CLIENT_CONFIRMATION_OK"
21602,10328762875,10328762904,1,"IOTHUB_CLIENT_CONFIRMATION_OK"
21603,10328763075,10328763219,1,"IOTHUB_CLIENT_CONFIRMATION_OK"
21604,10328763276,10328763308,1,"IOTHUB_CLIENT_CONFIRMATION_OK"
21605,10328763476,10328763509,1,"IOTHUB_CLIENT_CONFIRMATION_OK"
21606,10328763676,10328763730,1,"IOTHUB_CLIENT_CONFIRMATION_OK"
21607,10328763876,10328763910,1,"IOTHUB_CLIENT_CONFIRMATION_OK"
21608,10328764077,10328764111,1,"IOTHUB_CLIENT_CONFIRMATION_OK"
21609,10328764277,10328764310,1,"IOTHUB_CLIENT_CONFIRMATION_OK"
21610,10328764477,10328764510,1,"IOTHUB_CLIENT_CONFIRMATION_OK"
21611,10328764677,10328764843,1,"IOTHUB_CLIENT_CONFIRMATION_OK"
21612,10328764877,10328764910,1,"IOTHUB_CLIENT_CONFIRMATION_OK"
21613,10328765077,10328765110,1,"IOTHUB_CLIENT_CONFIRMATION_OK"
21614,10328765277,10328765354,1,"IOTHUB_CLIENT_CONFIRMATION_OK"
21615,10328765478,10328765507,1,"IOTHUB_CLIENT_CONFIRMATION_OK"
21616,10328765678,10328765847,1,"IOTHUB_CLIENT_CONFIRMATION_OK"
21617,10328765878,10328765911,1,"IOTHUB_CLIENT_CONFIRMATION_OK"
21618,10328766078,10328766153,1,"IOTHUB_CLIENT_CONFIRMATION_OK"
21619,10328766278,10328766313,1,"IOTHUB_CLIENT_CONFIRMATION_OK"
21620,10328766478,10328766517,1,"IOTHUB_CLIENT_CONFIRMATION_OK"
21621,10328766678,10328766728,1,"IOTHUB_CLIENT_CONFIRMATION_OK"
21622,10328766879,10328766910,1,"IOTHUB_CLIENT_CONFIRMATION_OK"
21623,10328767079,10328767131,1,"IOTHUB_CLIENT_CONFIRMATION_OK"
21624,10328767279,10328767470,1,"IOTHUB_CLIENT_CONFIRMATION_OK"
21625,10328767479,10328767539,1,"IOTHUB_CLIENT_CONFIRMATION_OK"
21626,10328767679,10328767708,1,"IOTHUB_CLIENT_CONFIRMATION_OK"
21627,10328767879,10328767969,1,"IOTHUB_CLIENT_CONFIRMATION_OK"
21628,10328768080,10328768117,1,"IOTHUB_CLIENT_CONFIRMATION_OK"
21629,10328768280,10328768369,1,"IOTHUB_CLIENT_CONFIRMATION_OK"
21630,10328768480,10328768528,1,"IOTHUB_CLIENT_CONFIRMATION_OK"
21631,10328768680,10328768741,1,"IOTHUB_CLIENT_CONFIRMATION_OK"
21632,10328768880,10328768942,1,"IOTHUB_CLIENT_CONFIRMATION_OK"
21633,10328769080,10328769114,1,"IOTHUB_CLIENT_CONFIRMATION_OK"
21634,10328769280,10328769314,1,"IOTHUB_CLIENT_CONFIRMATION_OK"
21635,10328769481,10328769554,1,"IOTHUB_CLIENT_CONFIRMATION_OK"
21636,10328769681,10328769713,1,"IOTHUB_CLIENT_CONFIRMATION_OK"
21637,10328769881,10328769922,1,"IOTHUB_CLIENT_CONFIRMATION_OK"
21638,10328770081,10328770124,1,"IOTHUB_CLIENT_CONFIRMATION_OK"
21639,10328770282,10328770317,1,"IOTHUB_CLIENT_CONFIRMATION_OK"
21640,10328770482,10328770689,1,"IOTHUB_CLIENT_CONFIRMATION_OK"
21641,10328770682,10328770732,1,"IOTHUB_CLIENT_CONFIRMATION_OK"
21642,10328770882,10328770922,1,"IOTHUB_CLIENT_CONFIRMATION_OK"
21643,10328771083,10328771255,1,"IOTHUB_CLIENT_CONFIRMATION_OK"
21644,10328771283,10328771322,1,"IOTHUB_CLIENT_CONFIRMATION_OK"
21645,10328771483,10328771681,1,"IOTHUB_CLIENT_CONFIRMATION_OK"
21646,10328771683,10328771717,1,"IOTHUB_CLIENT_CONFIRMATION_OK"
21647,10328771883,10328772045,1,"IOTHUB_CLIENT_CONFIRMATION_OK"
21648,10328772083,10328772185,1,"IOTHUB_CLIENT_CONFIRMATION_OK"
21649,10328772283,10328772360,1,"IOTHUB_CLIENT_CONFIRMATION_OK"
21650,10328772484,10328772516,1,"IOTHUB_CLIENT_CONFIRMATION_OK"
21651,10328772684,10328772727,1,"IOTHUB_CLIENT_CONFIRMATION_OK"
21652,10328772884,10328772914,1,"IOTHUB_CLIENT_CONFIRMATION_OK"
21653,10328773084,10328773120,1,"IOTHUB_CLIENT_CONFIRMATION_OK"
21654,10328773284,10328773319,1,"IOTHUB_CLIENT_CONFIRMATION_OK"
21655,10328773484,10328773657,1,"IOTHUB_CLIENT_CONFIRMATION_OK"
21656,10328773685,10328773732,1,"IOTHUB_CLIENT_CONFIRMATION_OK"
21657,10328773885,10328773919,1,"IOTHUB_CLIENT_CONFIRMATION_OK"
21658,10328774085,10328774123,1,"IOTHUB_CLIENT_CONFIRMATION_OK"
21659,10328774285,10328774320,1,"IOTHUB_CLIENT_CONFIRMATION_OK"
21660,10328774485,10328774520,1,"IOTHUB_CLIENT_CONFIRMATION_OK"
21661,10328774685,10328774820,1,"IOTHUB_CLIENT_CONFIRMATION_OK"
21662,10328774886,10328774957,1,"IOTHUB_CLIENT_CONFIRMATION_OK"
21663,10328775086,10328775121,1,"IOTHUB_CLIENT_CONFIRMATION_OK"
21664,10328775286,10328775322,1,"IOTHUB_CLIENT_CONFIRMATION_OK"
21665,10328775486,10328775533,1,"IOTHUB_CLIENT_CONFIRMATION_OK"
21666,10328775686,10328775719,1,"IOTHUB_CLIENT_CONFIRMATION_OK"
21667,10328775887,10328775924,1,"IOTHUB_CLIENT_CONFIRMATION_OK"
21668,10328776087,10328776116,1,"IOTHUB_CLIENT_CONFIRMATION_OK"
21669,10328776287,10328776422,1,"IOTHUB_CLIENT_CONFIRMATION_OK"
21670,10328776487,10328776555,1,"IOTHUB_CLIENT_CONFIRMATION_OK"
21671,10328776687,10328776730,1,"IOTHUB_CLIENT_CONFIRMATION_OK"
21672,10328776888,10328776924,1,"IOTHUB_CLIENT_CONFIRMATION_OK"
21673,10328777088,10328777119,1,"IOTHUB_CLIENT_CONFIRMATION_OK"
21674,10328777288,10328777424,1,"IOTHUB_CLIENT_CONFIRMATION_OK"
21675,10328777488,10328777695,1,"IOTHUB_CLIENT_CONFIRMATION_OK"
21676,10328777688,10328777724,1,"IOTHUB_CLIENT_CONFIRMATION_OK"
21677,10328777889,10328777918,1,"IOTHUB_CLIENT_CONFIRMATION_OK"
21678,10328778089,10328778124,1,"IOTHUB_CLIENT_CONFIRMATION_OK"
21679,10328778289,10328778322,1,"IOTHUB_CLIENT_CONFIRMATION_OK"
21680,10328778489,10328778525,1,"IOTHUB_CLIENT_CONFIRMATION_OK"
21681,10328778689,10328778725,1,"IOTHUB_CLIENT_CONFIRMATION_OK"
21682,10328778890,10328779063,1,"IOTHUB_CLIENT_CONFIRMATION_OK"
21683,10328779090,10328779127,1,"IOTHUB_CLIENT_CONFIRMATION_OK"
21684,10328779290,10328779324,1,"IOTHUB_CLIENT_CONFIRMATION_OK"
21685,10328779490,10328779522,1,"IOTHUB_CLIENT_CONFIRMATION_OK"
21686,10328779690,10328779732,1,"IOTHUB_CLIENT_CONFIRMATION_OK"
21687,10328779890,10328779924,1,"IOTHUB_CLIENT_CONFIRMATION_OK"
21688,10328780091,10328780130,1,"IOTHUB_CLIENT_CONFIRMATION_OK"
21689,10328780291,10328780327,1,"IOTHUB_CLIENT_CONFIRMATION_OK"
21690,10328780491,10328780533,1,"IOTHUB_CLIENT_CONFIRMATION_OK"
21691,10328780691,10328780722,1,"IOTHUB_CLIENT_CONFIRMATION_OK"
21692,10328780891,10328780927,1,"IOTHUB_CLIENT_CONFIRMATION_OK"
21693,10328781091,10328781226,1,"IOTHUB_CLIENT_CONFIRMATION_OK"
21694,10328781291,10328781327,1,"IOTHUB_CLIENT_CONFIRMATION_OK"
21695,10328781492,10328781532,1,"IOTHUB_CLIENT_CONFIRMATION_OK"
21696,10328781692,10328781724,1,"IOTHUB_CLIENT_CONFIRMATION_OK"
21697,10328781892,10328781924,1,"IOTHUB_CLIENT_CONFIRMATION_OK"
21698,10328782092,10328782161,1,"IOTHUB_CLIENT_CONFIRMATION_OK"
21699,10328782292,10328782337,1,"IOTHUB_CLIENT_CONFIRMATION_OK"
21700,10328782492,10328782530,1,"IOTHUB_CLIENT_CONFIRMATION_OK"
21701,10328782692,10328782779,1,"IOTHUB_CLIENT_CONFIRMATION_OK"
21702,10328782893,10328782924,1,"IOTHUB_CLIENT_CONFIRMATION_OK"
21703,10328783093,10328783164,1,"IOTHUB_CLIENT_CONFIRMATION_OK"
21704,10328783293,10328783324,1,"IOTHUB_CLIENT_CONFIRMATION_OK"
21705,10328783493,10328783526,1,"IOTHUB_CLIENT_CONFIRMATION_OK"
21706,10328783693,10328783818,1,"IOTHUB_CLIENT_CONFIRMATION_OK"
21707,10328783893,10328783942,1,"IOTHUB_CLIENT_CONFIRMATION_OK"
21708,10328784094,10328784195,1,"IOTHUB_CLIENT_CONFIRMATION_OK"
21709,10328784294,10328784327,1,"IOTHUB_CLIENT_CONFIRMATION_OK"
21710,10328784494,10328784524,1,"IOTHUB_CLIENT_CONFIRMATION_OK"
21711,10328784694,10328784832,1,"IOTHUB_CLIENT_CONFIRMATION_OK"
21712,10328784894,10328784933,1,"IOTHUB_CLIENT_CONFIRMATION_OK"
21713,10328785094,10328785131,1,"IOTHUB_CLIENT_CONFIRMATION_OK"
21714,10328785294,10328785336,1,"IOTHUB_CLIENT_CONFIRMATION_OK"
21715,10328785495,10328785529,1,"IOTHUB_CLIENT_CONFIRMATION_OK"
21716,10328785695,10328785848,1,"IOTHUB_CLIENT_CONFIRMATION_OK"
21717,10328785895,10328785936,1,"IOTHUB_CLIENT_CONFIRMATION_OK"
21718,10328786095,10328786129,1,"IOTHUB_CLIENT_CONFIRMATION_OK"
21719,10328786295,10328786455,1,"IOTHUB_CLIENT_CONFIRMATION_OK"
21720,10328786495,10328786544,1,"IOTHUB_CLIENT_CONFIRMATION_OK"
21721,10328786695,10328786727,1,"IOTHUB_CLIENT_CONFIRMATION_OK"
21722,10328786896,10328786929,1,"IOTHUB_CLIENT_CONFIRMATION_OK"
21723,10328787096,10328787128,1,"IOTHUB_CLIENT_CONFIRMATION_OK"
21724,10328787296,10328787479,1,"IOTHUB_CLIENT_CONFIRMATION_OK"
21725,10328787496,10328787627,1,"IOTHUB_CLIENT_CONFIRMATION_OK"
21726,10328787696,10328787725,1,"IOTHUB_CLIENT_CONFIRMATION_OK"
21727,10328787896,10328787930,1,"IOTHUB_CLIENT_CONFIRMATION_OK"
21728,10328788097,10328788129,1,"IOTHUB_CLIENT_CONFIRMATION_OK"
21729,10328788297,10328788328,1,"IOTHUB_CLIENT_CONFIRMATION_OK"
21730,10328788497,10328788541,1,"IOTHUB_CLIENT_CONFIRMATION_OK"
21731,10328788697,10328788731,1,"IOTHUB_CLIENT_CONFIRMATION_OK"
21732,10328788897,10328789102,1,"IOTHUB_CLIENT_CONFIRMATION_OK"
21733,10328789097,10328789134,1,"IOTHUB_CLIENT_CONFIRMATION_OK"
21734,10328789297,10328789328,1,"IOTHUB_CLIENT_CONFIRMATION_OK"
21735,10328789498,10328789538,1,"IOTHUB_CLIENT_CONFIRMATION_OK"
21736,10328789698,10328789726,1,"IOTHUB_CLIENT_CONFIRMATION_OK"
21737,10328789898,10328789931,1,"IOTHUB_CLIENT_CONFIRMATION_OK"
21738,10328790098,10328790129,1,"IOTHUB_CLIENT_CONFIRMATION_OK"
21739,10328790298,10328790329,1,"IOTHUB_CLIENT_CONFIRMATION_OK"
21740,10328790498,10328790529,1,"IOTHUB_CLIENT_CONFIRMATION_OK"
21741,10328790699,10328790776,1,"IOTHUB_CLIENT_CONFIRMATION_OK"
21742,10328790899,10328790958,1,"IOTHUB_CLIENT_CONFIRMATION_OK"
21743,10328791099,10328791186,1,"IOTHUB_CLIENT_CONFIRMATION_OK"
21744,10328791299,10328791332,1,"IOTHUB_CLIENT_CONFIRMATION_OK"
21745,10328791499,10328791616,1,"IOTHUB_CLIENT_CONFIRMATION_OK"
21746,10328791699,10328791753,1,"IOTHUB_CLIENT_CONFIRMATION_OK"
21747,10328791899,10328791933,1,"IOTHUB_CLIENT_CONFIRMATION_OK"
21748,10328792100,10328792220,1,"IOTHUB_CLIENT_CONFIRMATION_OK"
21749,10328792300,10328792332,1,"IOTHUB_CLIENT_CONFIRMATION_OK"
21750,10328792500,10328792533,1,"IOTHUB_CLIENT_CONFIRMATION_OK"
21751,10328792700,10328792733,1,"IOTHUB_CLIENT_CONFIRMATION_OK"
21752,10328792900,10328792934,1,"IOTHUB_CLIENT_CONFIRMATION_OK"
21753,10328793100,10328793227,1,"IOTHUB_CLIENT_CONFIRMATION_OK"
21754,10328793300,10328793335,1,"IOTHUB_CLIENT_CONFIRMATION_OK"
21755,10328793501,10328793537,1,"IOTHUB_CLIENT_CONFIRMATION_OK"
21756,10328793701,10328793735,1,"IOTHUB_CLIENT_CONFIRMATION_OK"
21757,10328793901,10328793950,1,"IOTHUB_CLIENT_CONFIRMATION_OK"
21758,10328794101,10328794133,1,"IOTHUB_CLIENT_CONFIRMATION_OK"
21759,10328794301,10328794335,1,"IOTHUB_CLIENT_CONFIRMATION_OK"
21760,10328794502,10328794541,1,"IOTHUB_CLIENT_CONFIRMATION_OK"
21761,10328794702,10328794856,1,"IOTHUB_CLIENT_CONFIRMATION_OK"
21762,10328794902,10328794933,1,"IOTHUB_CLIENT_CONFIRMATION_OK"
21763,10328795102,10328795135,1,"IOTHUB_CLIENT_CONFIRMATION_OK"
21764,10328795302,10328795331,1,"IOTHUB_CLIENT_CONFIRMATION_OK"
21765,10328795502,10328795531,1,"IOTHUB_CLIENT_CONFIRMATION_OK"
21766,10328795703,10328795898,1,"IOTHUB_CLIENT_CONFIRMATION_OK"
21767,10328795903,10328795967,1,"IOTHUB_CLIENT_CONFIRMATION_OK"
21768,10328796103,10328796209,1,"IOTHUB_CLIENT_CONFIRMATION_OK"
21769,10328796303,10328796352,1,"IOTHUB_CLIENT_CONFIRMATION_OK"
21770,10328796503,10328796537,1,"IOTHUB_CLIENT_CONFIRMATION_OK"
21771,10328796703,10328796738,1,"IOTHUB_CLIENT_CONFIRMATION_OK"
21772,10328796904,10328796942,1,"IOTHUB_CLIENT_CONFIRMATION_OK"
21773,10328797104,10328797137,1,"IOTHUB_CLIENT_CONFIRMATION_OK"
21774,10328797304,10328797532,1,"IOTHUB_CLIENT_CONFIRMATION_OK"
21775,10328797504,10328797542,1,"IOTHUB_CLIENT_CONFIRMATION_OK"
21776,10328797704,10328797754,1,"IOTHUB_CLIENT_CONFIRMATION_OK"
21777,10328797905,10328797995,1,"IOTHUB_CLIENT_CONFIRMATION_OK"
21778,10328798105,10328798144,1,"IOTHUB_CLIENT_CONFIRMATION_OK"
21779,10328798305,10328798340,1,"IOTHUB_CLIENT_CONFIRMATION_OK"
21780,10328798505,10328798540,1,"IOTHUB_CLIENT_CONFIRMATION_OK"
21781,10328798705,10328798734,1,"IOTHUB_CLIENT_CONFIRMATION_OK"
21782,10328798905,10328799050,1,"IOTHUB_CLIENT_CONFIRMATION_OK"
21783,10328799105,10328799133,1,"IOTHUB_CLIENT_CONFIRMATION_OK"
21784,10328799306,10328799352,1,"IOTHUB_CLIENT_CONFIRMATION_OK"
21785,10328799506,10328799541,1,"IOTHUB_CLIENT_CONFIRMATION_OK"
21786,10328799706,10328799740,1,"IOTHUB_CLIENT_CONFIRMATION_OK"
21787,10328799906,10328799946,1,"IOTHUB_CLIENT_CONFIRMATION_OK"
21788,10328800106,10328800141,1,"IOTHUB_CLIENT_CONFIRMATION_OK"
21789,10328800306,10328800385,1,"IOTHUB_CLIENT_CONFIRMATION_OK"
21790,10328800507,10328800671,1,"IOTHUB_CLIENT_CONFIRMATION_OK"
21791,10328800707,10328800745,1,"IOTHUB_CLIENT_CONFIRMATION_OK"
21792,10328800907,10328800938,1,"IOTHUB_CLIENT_CONFIRMATION_OK"
21793,10328801107,10328801137,1,"IOTHUB_CLIENT_CONFIRMATION_OK"
21794,10328801307,10328801336,1,"IOTHUB_CLIENT_CONFIRMATION_OK"
21795,10328801507,10328801695,1,"IOTHUB_CLIENT_CONFIRMATION_OK"
21796,10328801707,10328801740,1,"IOTHUB_CLIENT_CONFIRMATION_OK"
21797,10328801908,10328801943,1,"IOTHUB_CLIENT_CONFIRMATION_OK"
21798,10328802108,10328802137,1,"IOTHUB_CLIENT_CONFIRMATION_OK"
21799,10328802308,10328802345,1,"IOTHUB_CLIENT_CONFIRMATION_OK"
21800,10328802508,10328802539,1,"IOTHUB_CLIENT_CONFIRMATION_OK"
21801,10328802708,10328802751,1,"IOTHUB_CLIENT_CONFIRMATION_OK"
21802,10328802908,10328802937,1,"IOTHUB_CLIENT_CONFIRMATION_OK"
21803,10328803108,10328803138,1,"IOTHUB_CLIENT_CONFIRMATION_OK"
21804,10328803309,10328803587,1,"IOTHUB_CLIENT_CONFIRMATION_OK"
21805,10328803509,10328803608,1,"IOTHUB_CLIENT_CONFIRMATION_OK"
21806,10328803709,10328803808,1,"IOTHUB_CLIENT_CONFIRMATION_OK"
21807,10328803909,10328803939,1,"IOTHUB_CLIENT_CONFIRMATION_OK"
21808,10328804109,10328804140,1,"IOTHUB_CLIENT_CONFIRMATION_OK"
21809,10328804309,10328804339,1,"IOTHUB_CLIENT_CONFIRMATION_OK"
21810,10328804509,10328804542,1,"IOTHUB_CLIENT_CONFIRMATION_OK"
21811,10328804710,10328804886,1,"IOTHUB_CLIENT_CONFIRMATION_OK"
21812,10328804910,10328804948,1,"IOTHUB_CLIENT_CONFIRMATION_OK"
21813,10328805110,10328805141,1,"IOTHUB_CLIENT_CONFIRMATION_OK"
21814,10328805310,10328805343,1,"IOTHUB_CLIENT_CONFIRMATION_OK"
21815,10328805511,10328805544,1,"IOTHUB_CLIENT_CONFIRMATION_OK"
21816,10328805711,10328805743,1,"IOTHUB_CLIENT_CONFIRMATION_OK"
21817,10328805911,10328805939,1,"IOTHUB_CLIENT_CONFIRMATION_OK"
21818,10328806111,10328806144,1,"IOTHUB_CLIENT_CONFIRMATION_OK"
21819,10328806311,10328806341,1,"IOTHUB_CLIENT_CONFIRMATION_OK"
21820,10328806511,10328806544,1,"IOTHUB_CLIENT_CONFIRMATION_OK"
21821,10328806712,10328806768,1,"IOTHUB_CLIENT_CONFIRMATION_OK"
21822,10328806912,10328806941,1,"IOTHUB_CLIENT_CONFIRMATION_OK"
21823,10328807112,10328807155,1,"IOTHUB_CLIENT_CONFIRMATION_OK"
21824,10328807312,10328807347,1,"IOTHUB_CLIENT_CONFIRMATION_OK"
21825,10328807512,10328807559,1,"IOTHUB_CLIENT_CONFIRMATION_OK"
21826,10328807713,10328807744,1,"IOTHUB_CLIENT_CONFIRMATION_OK"
21827,10328807913,10328807947,1,"IOTHUB_CLIENT_CONFIRMATION_OK"
21828,10328808113,10328808147,1,"IOTHUB_CLIENT_CONFIRMATION_OK"
21829,10328808313,10328808373,1,"IOTHUB_CLIENT_CONFIRMATION_OK"
21830,10328808513,10328808551,1,"IOTHUB_CLIENT_CONFIRMATION_OK"
21831,10328808713,10328808742,1,"IOTHUB_CLIENT_CONFIRMATION_OK"
21832,10328808914,10328808951,1,"IOTHUB_CLIENT_CONFIRMATION_OK"
21833,10328809114,10328809157,1,"IOTHUB_CLIENT_CONFIRMATION_OK"
21834,10328809314,10328809372,1,"IOTHUB_CLIENT_CONFIRMATION_OK"
21835,10328809514,10328809574,1,"IOTHUB_CLIENT_CONFIRMATION_OK"
21836,10328809714,10328809747,1,"IOTHUB_CLIENT_CONFIRMATION_OK"
21837,10328809915,10328809944,1,"IOTHUB_CLIENT_CONFIRMATION_OK"
21838,10328810115,10328810147,1,"IOTHUB_CLIENT_CONFIRMATION_OK"
21839,10328810315,10328810345,1,"IOTHUB_CLIENT_CONFIRMATION_OK"
21840,10328810515,10328810577,1,"IOTHUB_CLIENT_CONFIRMATION_OK"
21841,10328810716,10328810745,1,"IOTHUB_CLIENT_CONFIRMATION_OK"
21842,10328810916,10328810950,1,"IOTHUB_CLIENT_CONFIRMATION_OK"
21843,10328811116,10328811184,1,"IOTHUB_CLIENT_CONFIRMATION_OK"
21844,10328811316,10328811358,1,"IOTHUB_CLIENT_CONFIRMATION_OK"
21845,10328811517,10328811584,1,"IOTHUB_CLIENT_CONFIRMATION_OK"
21846,10328811717,10328811752,1,"IOTHUB_CLIENT_CONFIRMATION_OK"
21847,10328811917,10328811947,1,"IOTHUB_CLIENT_CONFIRMATION_OK"
21848,10328812117,10328812202,1,"IOTHUB_CLIENT_CONFIRMATION_OK"
21849,10328812317,10328812414,1,"IOTHUB_CLIENT_CONFIRMATION_OK"
21850,10328812517,10328812561,1,"IOTHUB_CLIENT_CONFIRMATION_OK"
21851,10328812718,10328812756,1,"IOTHUB_CLIENT_CONFIRMATION_OK"
21852,10328812918,10328812956,1,"IOTHUB_CLIENT_CONFIRMATION_OK"
21853,10328813118,10328813226,1,"IOTHUB_CLIENT_CONFIRMATION_OK"
21854,10328813318,10328813352,1,"IOTHUB_CLIENT_CONFIRMATION_OK"
21855,10328813518,10328813551,1,"IOTHUB_CLIENT_CONFIRMATION_OK"
21856,10328813718,10328813825,1,"IOTHUB_CLIENT_CONFIRMATION_OK"
21857,10328813919,10328813952,1,"IOTHUB_CLIENT_CONFIRMATION_OK"
21858,10328814119,10328814151,1,"IOTHUB_CLIENT_CONFIRMATION_OK"
21859,10328814319,10328814380,1,"IOTHUB_CLIENT_CONFIRMATION_OK"
21860,10328814519,10328814552,1,"IOTHUB_CLIENT_CONFIRMATION_OK"
21861,10328814719,10328814844,1,"IOTHUB_CLIENT_CONFIRMATION_OK"
21862,10328814919,10328814955,1,"IOTHUB_CLIENT_CONFIRMATION_OK"
21863,10328815120,10328815158,1,"IOTHUB_CLIENT_CONFIRMATION_OK"
21864,10328815320,10328815354,1,"IOTHUB_CLIENT_CONFIRMATION_OK"
21865,10328815520,10328815553,1,"IOTHUB_CLIENT_CONFIRMATION_OK"
21866,10328815720,10328815776,1,"IOTHUB_CLIENT_CONFIRMATION_OK"
21867,10328815920,10328815953,1,"IOTHUB_CLIENT_CONFIRMATION_OK"
21868,10328816120,10328816191,1,"IOTHUB_CLIENT_CONFIRMATION_OK"
21869,10328816321,10328816359,1,"IOTHUB_CLIENT_CONFIRMATION_OK"
21870,10328816521,10328816575,1,"IOTHUB_CLIENT_CONFIRMATION_OK"
21871,10328816721,10328816754,1,"IOTHUB_CLIENT_CONFIRMATION_OK"
21872,10328816921,10328816954,1,"IOTHUB_CLIENT_CONFIRMATION_OK"
21873,10328817121,10328817161,1,"IOTHUB_CLIENT_CONFIRMATION_OK"
21874,10328817321,10328817522,1,"IOTHUB_CLIENT_CONFIRMATION_OK"
21875,10328817522,10328817555,1,"IOTHUB_CLIENT_CONFIRMATION_OK"
21876,10328817722,10328817758,1,"IOTHUB_CLIENT_CONFIRMATION_OK"
21877,10328817922,10328817967,1,"IOTHUB_CLIENT_CONFIRMATION_OK"
21878,10328818122,10328818159,1,"IOTHUB_CLIENT_CONFIRMATION_OK"
21879,10328818322,10328818370,1,"IOTHUB_CLIENT_CONFIRMATION_OK"
21880,10328818522,10328818556,1,"IOTHUB_CLIENT_CONFIRMATION_OK"
21881,10328818723,10328818755,1,"IOTHUB_CLIENT_CONFIRMATION_OK"
21882,10328818923,10328818963,1,"IOTHUB_CLIENT_CONFIRMATION_OK"
21883,10328819123,10328819154,1,"IOTHUB_CLIENT_CONFIRMATION_OK"
21884,10328819323,10328819365,1,"IOTHUB_CLIENT_CONFIRMATION_OK"
21885,10328819523,10328819565,1,"IOTHUB_CLIENT_CONFIRMATION_OK"
21886,10328819723,10328819910,1,"IOTHUB_CLIENT_CONFIRMATION_OK"
21887,10328819923,10328819967,1,"IOTHUB_CLIENT_CONFIRMATION_OK"
21888,10328820124,10328820153,1,"IOTHUB_CLIENT_CONFIRMATION_OK"
21889,10328820324,10328820372,1,"IOTHUB_CLIENT_CONFIRMATION_OK"
21890,10328820524,10328820558,1,"IOTHUB_CLIENT_CONFIRMATION_OK"
21891,10328820724,10328820761,1,"IOTHUB_CLIENT_CONFIRMATION_OK"
21892,10328820924,10328820963,1,"IOTHUB_CLIENT_CONFIRMATION_OK"
21893,10328821125,10328821160,1,"IOTHUB_CLIENT_CONFIRMATION_OK"
21894,10328821325,10328821363,1,"IOTHUB_CLIENT_CONFIRMATION_OK"
21895,10328821525,10328821735,1,"IOTHUB_CLIENT_CONFIRMATION_OK"
21896,10328821725,10328821768,1,"IOTHUB_CLIENT_CONFIRMATION_OK"
21897,10328821925,10328821956,1,"IOTHUB_CLIENT_CONFIRMATION_OK"
21898,10328822126,10328822163,1,"IOTHUB_CLIENT_CONFIRMATION_OK"
21899,10328822326,10328822358,1,"IOTHUB_CLIENT_CONFIRMATION_OK"
21900,10328822526,10328822560,1,"IOTHUB_CLIENT_CONFIRMATION_OK"
21901,10328822726,10328822786,1,"IOTHUB_CLIENT_CONFIRMATION_OK"
21902,10328822926,10328822978,1,"IOTHUB_CLIENT_CONFIRMATION_OK"
21903,10328823127,10328823176,1,"IOTHUB_CLIENT_CONFIRMATION_OK"
21904,10328823327,10328823359,1,"IOTHUB_CLIENT_CONFIRMATION_OK"
21905,10328823527,10328823559,1,"IOTHUB_CLIENT_CONFIRMATION_OK"
21906,10328823727,10328823792,1,"IOTHUB_CLIENT_CONFIRMATION_OK"
21907,10328823927,10328823963,1,"IOTHUB_CLIENT_CONFIRMATION_OK"
21908,10328824127,10328824160,1,"IOTHUB_CLIENT_CONFIRMATION_OK"
21909,10328824327,10328824362,1,"IOTHUB_CLIENT_CONFIRMATION_OK"
21910,10328824528,10328824569,1,"IOTHUB_CLIENT_CONFIRMATION_OK"
21911,10328824728,10328824826,1,"IOTHUB_CLIENT_CONFIRMATION_OK"
21912,10328824928,10328824959,1,"IOTHUB_CLIENT_CONFIRMATION_OK"
21913,10328825128,10328825165,1,"IOTHUB_CLIENT_CONFIRMATION_OK"
21914,10328825328,10328825361,1,"IOTHUB_CLIENT_CONFIRMATION_OK"
21915,10328825528,10328825565,1,"IOTHUB_CLIENT_CONFIRMATION_OK"
21916,10328825729,10328825836,1,"IOTHUB_CLIENT_CONFIRMATION_OK"
21917,10328825929,10328825965,1,"IOTHUB_CLIENT_CONFIRMATION_OK"
21918,10328826129,10328826170,1,"IOTHUB_CLIENT_CONFIRMATION_OK"
21919,10328826329,10328826454,1,"IOTHUB_CLIENT_CONFIRMATION_OK"
21920,10328826529,10328826560,1,"IOTHUB_CLIENT_CONFIRMATION_OK"
21921,10328826729,10328826764,1,"IOTHUB_CLIENT_CONFIRMATION_OK"
21922,10328826930,10328826960,1,"IOTHUB_CLIENT_CONFIRMATION_OK"
21923,10328827130,10328827162,1,"IOTHUB_CLIENT_CONFIRMATION_OK"
21924,10328827330,10328827461,1,"IOTHUB_CLIENT_CONFIRMATION_OK"
21925,10328827530,10328827563,1,"IOTHUB_CLIENT_CONFIRMATION_OK"
21926,10328827730,10328827839,1,"IOTHUB_CLIENT_CONFIRMATION_OK"
21927,10328827930,10328828031,1,"IOTHUB_CLIENT_CONFIRMATION_OK"
21928,10328828131,10328828173,1,"IOTHUB_CLIENT_CONFIRMATION_OK"
21929,10328828331,10328828374,1,"IOTHUB_CLIENT_CONFIRMATION_OK"
21930,10328828531,10328828564,1,"IOTHUB_CLIENT_CONFIRMATION_OK"
21931,10328828731,10328828764,1,"IOTHUB_CLIENT_CONFIRMATION_OK"
21932,10328828931,10328829094,1,"IOTHUB_CLIENT_CONFIRMATION_OK"
21933,10328829131,10328829164,1,"IOTHUB_CLIENT_CONFIRMATION_OK"
21934,10328829332,10328829362,1,"IOTHUB_CLIENT_CONFIRMATION_OK"
21935,10328829532,10328829575,1,"IOTHUB_CLIENT_CONFIRMATION_OK"
21936,10328829732,10328829763,1,"IOTHUB_CLIENT_CONFIRMATION_OK"
21937,10328829932,10328829965,1,"IOTHUB_CLIENT_CONFIRMATION_OK"
21938,10328830132,10328830185,1,"IOTHUB_CLIENT_CONFIRMATION_OK"
21939,10328830332,10328830363,1,"IOTHUB_CLIENT_CONFIRMATION_OK"
21940,10328830532,10328830566,1,"IOTHUB_CLIENT_CONFIRMATION_OK"
21941,10328830733,10328830766,1,"IOTHUB_CLIENT_CONFIRMATION_OK"
21942,10328830933,10328831011,1,"IOTHUB_CLIENT_CONFIRMATION_OK"
21943,10328831133,10328831168,1,"IOTHUB_CLIENT_CONFIRMATION_OK"
21944,10328831333,10328831375,1,"IOTHUB_CLIENT_CONFIRMATION_OK"
21945,10328831533,10328831738,1,"IOTHUB_CLIENT_CONFIRMATION_OK"
21946,10328831733,10328831769,1,"IOTHUB_CLIENT_CONFIRMATION_OK"
21947,10328831934,10328831989,1,"IOTHUB_CLIENT_CONFIRMATION_OK"
21948,10328832134,10328832165,1,"IOTHUB_CLIENT_CONFIRMATION_OK"
21949,10328832334,10328832373,1,"IOTHUB_CLIENT_CONFIRMATION_OK"
21950,10328832534,10328832565,1,"IOTHUB_CLIENT_CONFIRMATION_OK"
21951,10328832734,10328832766,1,"IOTHUB_CLIENT_CONFIRMATION_OK"
21952,10328832934,10328833051,1,"IOTHUB_CLIENT_CONFIRMATION_OK"
21953,10328833134,10328833227,1,"IOTHUB_CLIENT_CONFIRMATION_OK"
21954,10328833335,10328833385,1,"IOTHUB_CLIENT_CONFIRMATION_OK"
21955,10328833535,10328833567,1,"IOTHUB_CLIENT_CONFIRMATION_OK"
21956,10328833735,10328833855,1,"IOTHUB_CLIENT_CONFIRMATION_OK"
21957,10328833935,10328833971,1,"IOTHUB_CLIENT_CONFIRMATION_OK"
21958,10328834135,10328834168,1,"IOTHUB_CLIENT_CONFIRMATION_OK"
21959,10328834336,10328834372,1,"IOTHUB_CLIENT_CONFIRMATION_OK"
21960,10328834536,10328834576,1,"IOTHUB_CLIENT_CONFIRMATION_OK"
21961,10328834736,10328834898,1,"IOTHUB_CLIENT_CONFIRMATION_OK"
21962,10328834936,10328834966,1,"IOTHUB_CLIENT_CONFIRMATION_OK"
21963,10328835136,10328835169,1,"IOTHUB_CLIENT_CONFIRMATION_OK"
21964,10328835337,10328835369,1,"IOTHUB_CLIENT_CONFIRMATION_OK"
21965,10328835537,10328835578,1,"IOTHUB_CLIENT_CONFIRMATION_OK"
21966,10328835737,10328835865,1,"IOTHUB_CLIENT_CONFIRMATION_OK"
21967,10328835937,10328835970,1,"IOTHUB_CLIENT_CONFIRMATION_OK"
21968,10328836137,10328836171,1,"IOTHUB_CLIENT_CONFIRMATION_OK"
21969,10328836337,10328836519,1,"IOTHUB_CLIENT_CONFIRMATION_OK"
21970,10328836537,10328836568,1,"IOTHUB_CLIENT_CONFIRMATION_OK"
21971,10328836738,10328836773,1,"IOTHUB_CLIENT_CONFIRMATION_OK"
21972,10328836938,10328836972,1,"IOTHUB_CLIENT_CONFIRMATION_OK"
21973,10328837138,10328837168,1,"IOTHUB_CLIENT_CONFIRMATION_OK"
21974,10328837338,10328837493,1,"IOTHUB_CLIENT_CONFIRMATION_OK"
21975,10328837538,10328837576,1,"IOTHUB_CLIENT_CONFIRMATION_OK"
21976,10328837738,10328837770,1,"IOTHUB_CLIENT_CONFIRMATION_OK"
21977,10328837938,10328837972,1,"IOTHUB_CLIENT_CONFIRMATION_OK"
21978,10328838139,10328838171,1,"IOTHUB_CLIENT_CONFIRMATION_OK"
21979,10328838339,10328838372,1,"IOTHUB_CLIENT_CONFIRMATION_OK"
21980,10328838539,10328838572,1,"IOTHUB_CLIENT_CONFIRMATION_OK"
21981,10328838739,10328838798,1,"IOTHUB_CLIENT_CONFIRMATION_OK"
21982,10328838939,10328839132,1,"IOTHUB_CLIENT_CONFIRMATION_OK"
21983,10328839139,10328839174,1,"IOTHUB_CLIENT_CONFIRMATION_OK"
21984,10328839340,10328839374,1,"IOTHUB_CLIENT_CONFIRMATION_OK"
21985,10328839540,10328839577,1,"IOTHUB_CLIENT_CONFIRMATION_OK"
21986,10328839740,10328839774,1,"IOTHUB_CLIENT_CONFIRMATION_OK"
21987,10328839940,10328839972,1,"IOTHUB_CLIENT_CONFIRMATION_OK"
21988,10328840140,10328840173,1,"IOTHUB_CLIENT_CONFIRMATION_OK"
21989,10328840340,10328840371,1,"IOTHUB_CLIENT_CONFIRMATION_OK"
21990,10328840540,10328840583,1,"IOTHUB_CLIENT_CONFIRMATION_OK"
21991,10328840741,10328840780,1,"IOTHUB_CLIENT_CONFIRMATION_OK"
21992,10328840941,10328840973,1,"IOTHUB_CLIENT_CONFIRMATION_OK"
21993,10328841141,10328841180,1,"IOTHUB_CLIENT_CONFIRMATION_OK"
21994,10328841341,10328841372,1,"IOTHUB_CLIENT_CONFIRMATION_OK"
21995,10328841541,10328841586,1,"IOTHUB_CLIENT_CONFIRMATION_OK"
21996,10328841742,10328841779,1,"IOTHUB_CLIENT_CONFIRMATION_OK"
21997,10328841942,10328841970,1,"IOTHUB_CLIENT_CONFIRMATION_OK"
21998,10328842142,10328842212,1,"IOTHUB_CLIENT_CONFIRMATION_OK"
21999,10328842342,10328842375,1,"IOTHUB_CLIENT_CONFIRMATION_OK"
22000,10328842543,10328842575,1,"IOTHUB_CLIENT_CONFIRMATION_OK"
22001,10328842743,10328842780,1,"IOTHUB_CLIENT_CONFIRMATION_OK"
22002,10328842943,10328842975,1,"IOTHUB_CLIENT_CONFIRMATION_OK"
22003,10328843143,10328843189,1,"IOTHUB_CLIENT_CONFIRMATION_OK"
22004,10328843344,10328843372,1,"IOTHUB_CLIENT_CONFIRMATION_OK"
22005,10328843544,10328843578,1,"IOTHUB_CLIENT_CONFIRMATION_OK"
22006,10328843744,10328843814,1,"IOTHUB_CLIENT_CONFIRMATION_OK"
22007,10328843944,10328843977,1,"IOTHUB_CLIENT_CONFIRMATION_OK"
22008,10328844144,10328844196,1,"IOTHUB_CLIENT_CONFIRMATION_OK"
22009,10328844344,10328844375,1,"IOTHUB_CLIENT_CONFIRMATION_OK"
22010,10328844545,10328844577,1,"IOTHUB_CLIENT_CONFIRMATION_OK"
22011,10328844745,10328844815,1,"IOTHUB_CLIENT_CONFIRMATION_OK"
22012,10328844945,10328844991,1,"IOTHUB_CLIENT_CONFIRMATION_OK"
22013,10328845145,10328845174,1,"IOTHUB_CLIENT_CONFIRMATION_OK"
22014,10328845345,10328845433,1,"IOTHUB_CLIENT_CONFIRMATION_OK"
22015,10328845545,10328845719,1,"IOTHUB_CLIENT_CONFIRMATION_OK"
22016,10328845746,10328845822,1,"IOTHUB_CLIENT_CONFIRMATION_OK"
22017,10328845946,10328845983,1,"IOTHUB_CLIENT_CONFIRMATION_OK"
22018,10328846146,10328846177,1,"IOTHUB_CLIENT_CONFIRMATION_OK"
22019,10328846346,10328846442,1,"IOTHUB_CLIENT_CONFIRMATION_OK"
22020,10328846546,10328846578,1,"IOTHUB_CLIENT_CONFIRMATION_OK"
22021,10328846746,10328846779,1,"IOTHUB_CLIENT_CONFIRMATION_OK"
22022,10328846947,10328846981,1,"IOTHUB_CLIENT_CONFIRMATION_OK"
22023,10328847147,10328847277,1,"IOTHUB_CLIENT_CONFIRMATION_OK"
22024,10328847347,10328847462,1,"IOTHUB_CLIENT_CONFIRMATION_OK"
22025,10328847547,10328847579,1,"IOTHUB_CLIENT_CONFIRMATION_OK"
22026,10328847747,10328847781,1,"IOTHUB_CLIENT_CONFIRMATION_OK"
22027,10328847948,10328848104,1,"IOTHUB_CLIENT_CONFIRMATION_OK"
22028,10328848148,10328848186,1,"IOTHUB_CLIENT_CONFIRMATION_OK"
22029,10328848348,10328848388,1,"IOTHUB_CLIENT_CONFIRMATION_OK"
22030,10328848548,10328848619,1,"IOTHUB_CLIENT_CONFIRMATION_OK"
22031,10328848748,10328848793,1,"IOTHUB_CLIENT_CONFIRMATION_OK"
22032,10328848948,10328849100,1,"IOTHUB_CLIENT_CONFIRMATION_OK"
22033,10328849148,10328849183,1,"IOTHUB_CLIENT_CONFIRMATION_OK"
22034,10328849349,10328849382,1,"IOTHUB_CLIENT_CONFIRMATION_OK"
22035,10328849549,10328849579,1,"IOTHUB_CLIENT_CONFIRMATION_OK"
22036,10328849749,10328849798,1,"IOTHUB_CLIENT_CONFIRMATION_OK"
22037,10328849949,10328849982,1,"IOTHUB_CLIENT_CONFIRMATION_OK"
22038,10328850149,10328850179,1,"IOTHUB_CLIENT_CONFIRMATION_OK"
22039,10328850349,10328850382,1,"IOTHUB_CLIENT_CONFIRMATION_OK"
22040,10328850550,10328850726,1,"IOTHUB_CLIENT_CONFIRMATION_OK"
22041,10328850750,10328850781,1,"IOTHUB_CLIENT_CONFIRMATION_OK"
22042,10328850950,10328850983,1,"IOTHUB_CLIENT_CONFIRMATION_OK"
22043,10328851150,10328851188,1,"IOTHUB_CLIENT_CONFIRMATION_OK"
22044,10328851350,10328851387,1,"IOTHUB_CLIENT_CONFIRMATION_OK"
22045,10328851550,10328851752,1,"IOTHUB_CLIENT_CONFIRMATION_OK"
22046,10328851750,10328851785,1,"IOTHUB_CLIENT_CONFIRMATION_OK"
22047,10328851951,10328852018,1,"IOTHUB_CLIENT_CONFIRMATION_OK"
22048,10328852151,10328852184,1,"IOTHUB_CLIENT_CONFIRMATION_OK"
22049,10328852351,10328852383,1,"IOTHUB_CLIENT_CONFIRMATION_OK"
22050,10328852551,10328852582,1,"IOTHUB_CLIENT_CONFIRMATION_OK"
22051,10328852751,10328852791,1,"IOTHUB_CLIENT_CONFIRMATION_OK"
22052,10328852951,10328852984,1,"IOTHUB_CLIENT_CONFIRMATION_OK"
22053,10328853152,10328853186,1,"IOTHUB_CLIENT_CONFIRMATION_OK"
22054,10328853352,10328853401,1,"IOTHUB_CLIENT_CONFIRMATION_OK"
22055,10328853552,10328853587,1,"IOTHUB_CLIENT_CONFIRMATION_OK"
22056,10328853752,10328853811,1,"IOTHUB_CLIENT_CONFIRMATION_OK"
22057,10328853952,10328853985,1,"IOTHUB_CLIENT_CONFIRMATION_OK"
22058,10328854152,10328854184,1,"IOTHUB_CLIENT_CONFIRMATION_OK"
22059,10328854353,10328854416,1,"IOTHUB_CLIENT_CONFIRMATION_OK"
22060,10328854553,10328854589,1,"IOTHUB_CLIENT_CONFIRMATION_OK"
22061,10328854753,10328854819,1,"IOTHUB_CLIENT_CONFIRMATION_OK"
22062,10328854953,10328855013,1,"IOTHUB_CLIENT_CONFIRMATION_OK"
22063,10328855153,10328855185,1,"IOTHUB_CLIENT_CONFIRMATION_OK"
22064,10328855353,10328855424,1,"IOTHUB_CLIENT_CONFIRMATION_OK"
22065,10328855553,10328855585,1,"IOTHUB_CLIENT_CONFIRMATION_OK"
22066,10328855754,10328855784,1,"IOTHUB_CLIENT_CONFIRMATION_OK"
22067,10328855954,10328855990,1,"IOTHUB_CLIENT_CONFIRMATION_OK"
22068,10328856154,10328856220,1,"IOTHUB_CLIENT_CONFIRMATION_OK"
22069,10328856354,10328856441,1,"IOTHUB_CLIENT_CONFIRMATION_OK"
22070,10328856554,10328856604,1,"IOTHUB_CLIENT_CONFIRMATION_OK"
22071,10328856754,10328856787,1,"IOTHUB_CLIENT_CONFIRMATION_OK"
22072,10328856954,10328856987,1,"IOTHUB_CLIENT_CONFIRMATION_OK"
22073,10328857155,10328857186,1,"IOTHUB_CLIENT_CONFIRMATION_OK"
22074,10328857355,10328857473,1,"IOTHUB_CLIENT_CONFIRMATION_OK"
22075,10328857555,10328857588,1,"IOTHUB_CLIENT_CONFIRMATION_OK"
22076,10328857755,10328857789,1,"IOTHUB_CLIENT_CONFIRMATION_OK"
22077,10328857955,10328858096,1,"IOTHUB_CLIENT_CONFIRMATION_OK"
22078,10328858155,10328858187,1,"IOTHUB_CLIENT_CONFIRMATION_OK"
22079,10328858356,10328858391,1,"IOTHUB_CLIENT_CONFIRMATION_OK"
22080,10328858556,10328858590,1,"IOTHUB_CLIENT_CONFIRMATION_OK"
22081,10328858756,10328858799,1,"IOTHUB_CLIENT_CONFIRMATION_OK"
22082,10328858956,10328859097,1,"IOTHUB_CLIENT_CONFIRMATION_OK"
22083,10328859156,10328859190,1,"IOTHUB_CLIENT_CONFIRMATION_OK"
22084,10328859356,10328859385,1,"IOTHUB_CLIENT_CONFIRMATION_OK"
22085,10328859556,10328859589,1,"IOTHUB_CLIENT_CONFIRMATION_OK"
22086,10328859757,10328859791,1,"IOTHUB_CLIENT_CONFIRMATION_OK"
22087,10328859957,10328859988,1,"IOTHUB_CLIENT_CONFIRMATION_OK"
22088,10328860157,10328860260,1,"IOTHUB_CLIENT_CONFIRMATION_OK"
22089,10328860357,10328860392,1,"IOTHUB_CLIENT_CONFIRMATION_OK"
22090,10328860558,10328860755,1,"IOTHUB_CLIENT_CONFIRMATION_OK"
22091,10328860758,10328860786,1,"IOTHUB_CLIENT_CONFIRMATION_OK"
22092,10328860958,10328860991,1,"IOTHUB_CLIENT_CONFIRMATION_OK"
22093,10328861158,10328861188,1,"IOTHUB_CLIENT_CONFIRMATION_OK"
22094,10328861358,10328861390,1,"IOTHUB_CLIENT_CONFIRMATION_OK"
22095,10328861558,10328861730,1,"IOTHUB_CLIENT_CONFIRMATION_OK"
22096,10328861758,10328861788,1,"IOTHUB_CLIENT_CONFIRMATION_OK"
22097,10328861959,10328862033,1,"IOTHUB_CLIENT_CONFIRMATION_OK"
22098,10328862159,10328862188,1,"IOTHUB_CLIENT_CONFIRMATION_OK"
22099,10328862359,10328862531,1,"IOTHUB_CLIENT_CONFIRMATION_OK"
22100,10328862559,10328862594,1,"IOTHUB_CLIENT_CONFIRMATION_OK"
22101,10328862759,10328862793,1,"IOTHUB_CLIENT_CONFIRMATION_OK"
22102,10328862960,10328863004,1,"IOTHUB_CLIENT_CONFIRMATION_OK"
22103,10328863160,10328863335,1,"IOTHUB_CLIENT_CONFIRMATION_OK"
22104,10328863360,10328863393,1,"IOTHUB_CLIENT_CONFIRMATION_OK"
22105,10328863560,10328863690,1,"IOTHUB_CLIENT_CONFIRMATION_OK"
22106,10328863760,10328863790,1,"IOTHUB_CLIENT_CONFIRMATION_OK"
22107,10328863960,10328863996,1,"IOTHUB_CLIENT_CONFIRMATION_OK"
22108,10328864161,10328864203,1,"IOTHUB_CLIENT_CONFIRMATION_OK"
22109,10328864361,10328864390,1,"IOTHUB_CLIENT_CONFIRMATION_OK"
22110,10328864561,10328864591,1,"IOTHUB_CLIENT_CONFIRMATION_OK"
22111,10328864761,10328864793,1,"IOTHUB_CLIENT_CONFIRMATION_OK"
22112,10328864961,10328864993,1,"IOTHUB_CLIENT_CONFIRMATION_OK"
22113,10328865162,10328865242,1,"IOTHUB_CLIENT_CONFIRMATION_OK"
22114,10328865362,10328865399,1,"IOTHUB_CLIENT_CONFIRMATION_OK"
22115,10328865562,10328865598,1,"IOTHUB_CLIENT_CONFIRMATION_OK"
22116,10328865762,10328865798,1,"IOTHUB_CLIENT_CONFIRMATION_OK"
22117,10328865963,10328866167,1,"IOTHUB_CLIENT_CONFIRMATION_OK"
22118,10328866163,10328866215,1,"IOTHUB_CLIENT_CONFIRMATION_OK"
22119,10328866363,10328866399,1,"IOTHUB_CLIENT_CONFIRMATION_OK"
22120,10328866563,10328866594,1,"IOTHUB_CLIENT_CONFIRMATION_OK"
22121,10328866763,10328866798,1,"IOTHUB_CLIENT_CONFIRMATION_OK"
22122,10328866964,10328867064,1,"IOTHUB_CLIENT_CONFIRMATION_OK"
22123,10328867164,10328867219,1,"IOTHUB_CLIENT_CONFIRMATION_OK"
22124,10328867364,10328867394,1,"IOTHUB_CLIENT_CONFIRMATION_OK"
22125,10328867564,10328867601,1,"IOTHUB_CLIENT_CONFIRMATION_OK"
22126,10328867764,10328867797,1,"IOTHUB_CLIENT_CONFIRMATION_OK"
22127,10328867964,10328868016,1,"IOTHUB_CLIENT_CONFIRMATION_OK"
22128,10328868164,10328868205,1,"IOTHUB_CLIENT_CONFIRMATION_OK"
22129,10328868365,10328868408,1,"IOTHUB_CLIENT_CONFIRMATION_OK"
22130,10328868565,10328868772,1,"IOTHUB_CLIENT_CONFIRMATION_OK"
22131,10328868765,10328868804,1,"IOTHUB_CLIENT_CONFIRMATION_OK"
22132,10328868965,10328869035,1,"IOTHUB_CLIENT_CONFIRMATION_OK"
22133,10328869165,10328869199,1,"IOTHUB_CLIENT_CONFIRMATION_OK"
22134,10328869365,10328869404,1,"IOTHUB_CLIENT_CONFIRMATION_OK"
22135,10328869565,10328869633,1,"IOTHUB_CLIENT_CONFIRMATION_OK"
22136,10328869766,10328869802,1,"IOTHUB_CLIENT_CONFIRMATION_OK"
22137,10328869966,10328869998,1,"IOTHUB_CLIENT_CONFIRMATION_OK"
22138,10328870166,10328870198,1,"IOTHUB_CLIENT_CONFIRMATION_OK"
22139,10328870366,10328870403,1,"IOTHUB_CLIENT_CONFIRMATION_OK"
22140,10328870566,10328870642,1,"IOTHUB_CLIENT_CONFIRMATION_OK"
22141,10328870766,10328870799,1,"IOTHUB_CLIENT_CONFIRMATION_OK"
22142,10328870967,10328870999,1,"IOTHUB_CLIENT_CONFIRMATION_OK"
22143,10328871167,10328871296,1,"IOTHUB_CLIENT_CONFIRMATION_OK"
22144,10328871367,10328871430,1,"IOTHUB_CLIENT_CONFIRMATION_OK"
22145,10328871567,10328871659,1,"IOTHUB_CLIENT_CONFIRMATION_OK"
22146,10328871767,10328871797,1,"IOTHUB_CLIENT_CONFIRMATION_OK"
22147,10328871967,10328872030,1,"IOTHUB_CLIENT_CONFIRMATION_OK"
22148,10328872167,10328872429,1,"IOTHUB_CLIENT_CONFIRMATION_OK"
22149,10328872368,10328872461,1,"IOTHUB_CLIENT_CONFIRMATION_OK"
22150,10328872568,10328872597,1,"IOTHUB_CLIENT_CONFIRMATION_OK"
22151,10328872768,10328872810,1,"IOTHUB_CLIENT_CONFIRMATION_OK"
22152,10328872968,10328872997,1,"IOTHUB_CLIENT_CONFIRMATION_OK"
22153,10328873168,10328873306,1,"IOTHUB_CLIENT_CONFIRMATION_OK"
22154,10328873368,10328873399,1,"IOTHUB_CLIENT_CONFIRMATION_OK"
22155,10328873568,10328873605,1,"IOTHUB_CLIENT_CONFIRMATION_OK"
22156,10328873769,10328873806,1,"IOTHUB_CLIENT_CONFIRMATION_OK"
22157,10328873969,10328874005,1,"IOTHUB_CLIENT_CONFIRMATION_OK"
22158,10328874169,10328874214,1,"IOTHUB_CLIENT_CONFIRMATION_OK"
22159,10328874369,10328874399,1,"IOTHUB_CLIENT_CONFIRMATION_OK"
22160,10328874569,10328874603,1,"IOTHUB_CLIENT_CONFIRMATION_OK"
22161,10328874770,10328874810,1,"IOTHUB_CLIENT_CONFIRMATION_OK"
22162,10328874970,10328875092,1,"IOTHUB_CLIENT_CONFIRMATION_OK"
22163,10328875170,10328875204,1,"IOTHUB_CLIENT_CONFIRMATION_OK"
22164,10328875370,10328875399,1,"IOTHUB_CLIENT_CONFIRMATION_OK"
22165,10328875570,10328875603,1,"IOTHUB_CLIENT_CONFIRMATION_OK"
22166,10328875771,10328875804,1,"IOTHUB_CLIENT_CONFIRMATION_OK"
22167,10328875971,10328876072,1,"IOTHUB_CLIENT_CONFIRMATION_OK"
22168,10328876171,10328876203,1,"IOTHUB_CLIENT_CONFIRMATION_OK"
22169,10328876371,10328876405,1,"IOTHUB_CLIENT_CONFIRMATION_OK"
22170,10328876571,10328876604,1,"IOTHUB_CLIENT_CONFIRMATION_OK"
22171,10328876771,10328876806,1,"IOTHUB_CLIENT_CONFIRMATION_OK"
22172,10328876972,10328877019,1,"IOTHUB_CLIENT_CONFIRMATION_OK"
22173,10328877172,10328877206,1,"IOTHUB_CLIENT_CONFIRMATION_OK"
22174,10328877372,10328877406,1,"IOTHUB_CLIENT_CONFIRMATION_OK"
22175,10328877572,10328877600,1,"IOTHUB_CLIENT_CONFIRMATION_OK"
22176,10328877772,10328877800,1,"IOTHUB_CLIENT_CONFIRMATION_OK"
22177,10328877972,10328878021,1,"IOTHUB_CLIENT_CONFIRMATION_OK"
22178,10328878172,10328878205,1,"IOTHUB_CLIENT_CONFIRMATION_OK"
22179,10328878373,10328878403,1,"IOTHUB_CLIENT_CONFIRMATION_OK"
22180,10328878573,10328878687,1,"IOTHUB_CLIENT_CONFIRMATION_OK"
22181,10328878773,10328878804,1,"IOTHUB_CLIENT_CONFIRMATION_OK"
22182,10328878973,10328879038,1,"IOTHUB_CLIENT_CONFIRMATION_OK"
22183,10328879174,10328879204,1,"IOTHUB_CLIENT_CONFIRMATION_OK"
22184,10328879374,10328879406,1,"IOTHUB_CLIENT_CONFIRMATION_OK"
22185,10328879574,10328879659,1,"IOTHUB_CLIENT_CONFIRMATION_OK"
22186,10328879774,10328879804,1,"IOTHUB_CLIENT_CONFIRMATION_OK"
22187,10328879974,10328880008,1,"IOTHUB_CLIENT_CONFIRMATION_OK"
22188,10328880174,10328880203,1,"IOTHUB_CLIENT_CONFIRMATION_OK"
22189,10328880375,10328880408,1,"IOTHUB_CLIENT_CONFIRMATION_OK"
22190,10328880575,10328880665,1,"IOTHUB_CLIENT_CONFIRMATION_OK"
22191,10328880775,10328880809,1,"IOTHUB_CLIENT_CONFIRMATION_OK"
22192,10328880975,10328881206,1,"IOTHUB_CLIENT_CONFIRMATION_OK"
22193,10328881175,10328881278,1,"IOTHUB_CLIENT_CONFIRMATION_OK"
22194,10328881375,10328881416,1,"IOTHUB_CLIENT_CONFIRMATION_OK"
22195,10328881576,10328881682,1,"IOTHUB_CLIENT_CONFIRMATION_OK"
22196,10328881776,10328881836,1,"IOTHUB_CLIENT_CONFIRMATION_OK"
22197,10328881976,10328882009,1,"IOTHUB_CLIENT_CONFIRMATION_OK"
22198,10328882176,10328882288,1,"IOTHUB_CLIENT_CONFIRMATION_OK"
22199,10328882376,10328882411,1,"IOTHUB_CLIENT_CONFIRMATION_OK"
22200,10328882576,10328882613,1,"IOTHUB_CLIENT_CONFIRMATION_OK"
22201,10328882777,10328882809,1,"IOTHUB_CLIENT_CONFIRMATION_OK"
22202,10328882977,10328883063,1,"IOTHUB_CLIENT_CONFIRMATION_OK"
22203,10328883177,10328883293,1,"IOTHUB_CLIENT_CONFIRMATION_OK"
22204,10328883377,10328883411,1,"IOTHUB_CLIENT_CONFIRMATION_OK"
22205,10328883577,10328883617,1,"IOTHUB_CLIENT_CONFIRMATION_OK"
22206,10328883777,10328883810,1,"IOTHUB_CLIENT_CONFIRMATION_OK"
22207,10328883977,10328884012,1,"IOTHUB_CLIENT_CONFIRMATION_OK"
22208,10328884178,10328884295,1,"IOTHUB_CLIENT_CONFIRMATION_OK"
22209,10328884378,10328884407,1,"IOTHUB_CLIENT_CONFIRMATION_OK"
22210,10328884578,10328884621,1,"IOTHUB_CLIENT_CONFIRMATION_OK"
22211,10328884778,10328884946,1,"IOTHUB_CLIENT_CONFIRMATION_OK"
22212,10328884978,10328885013,1,"IOTHUB_CLIENT_CONFIRMATION_OK"
22213,10328885178,10328885208,1,"IOTHUB_CLIENT_CONFIRMATION_OK"
22214,10328885379,10328885440,1,"IOTHUB_CLIENT_CONFIRMATION_OK"
22215,10328885579,10328885673,1,"IOTHUB_CLIENT_CONFIRMATION_OK"
22216,10328885779,10328885813,1,"IOTHUB_CLIENT_CONFIRMATION_OK"
22217,10328885979,10328886010,1,"IOTHUB_CLIENT_CONFIRMATION_OK"
22218,10328886179,10328886215,1,"IOTHUB_CLIENT_CONFIRMATION_OK"
22219,10328886379,10328886413,1,"IOTHUB_CLIENT_CONFIRMATION_OK"
22220,10328886579,10328886636,1,"IOTHUB_CLIENT_CONFIRMATION_OK"
22221,10328886780,10328886825,1,"IOTHUB_CLIENT_CONFIRMATION_OK"
22222,10328886980,10328887018,1,"IOTHUB_CLIENT_CONFIRMATION_OK"
22223,10328887180,10328887354,1,"IOTHUB_CLIENT_CONFIRMATION_OK"
22224,10328887380,10328887574,1,"IOTHUB_CLIENT_CONFIRMATION_OK"
22225,10328887580,10328887614,1,"IOTHUB_CLIENT_CONFIRMATION_OK"
22226,10328887780,10328887816,1,"IOTHUB_CLIENT_CONFIRMATION_OK"
22227,10328887981,10328888072,1,"IOTHUB_CLIENT_CONFIRMATION_OK"
22228,10328888181,10328888215,1,"IOTHUB_CLIENT_CONFIRMATION_OK"
22229,10328888381,10328888411,1,"IOTHUB_CLIENT_CONFIRMATION_OK"
22230,10328888581,10328888619,1,"IOTHUB_CLIENT_CONFIRMATION_OK"
22231,10328888781,10328888811,1,"IOTHUB_CLIENT_CONFIRMATION_OK"
22232,10328888982,10328889098,1,"IOTHUB_CLIENT_CONFIRMATION_OK"
22233,10328889182,10328889219,1,"IOTHUB_CLIENT_CONFIRMATION_OK"
22234,10328889382,10328889416,1,"IOTHUB_CLIENT_CONFIRMATION_OK"
22235,10328889582,10328889619,1,"IOTHUB_CLIENT_CONFIRMATION_OK"
22236,10328889782,10328889816,1,"IOTHUB_CLIENT_CONFIRMATION_OK"
22237,10328889982,10328890012,1,"IOTHUB_CLIENT_CONFIRMATION_OK"
22238,10328890182,10328890216,1,"IOTHUB_CLIENT_CONFIRMATION_OK"
22239,10328890383,10328890416,1,"IOTHUB_CLIENT_CONFIRMATION_OK"
22240,10328890583,10328890723,1,"IOTHUB_CLIENT_CONFIRMATION_OK"
22241,10328890783,10328890817,1,"IOTHUB_CLIENT_CONFIRMATION_OK"
22242,10328890983,10328891060,1,"IOTHUB_CLIENT_CONFIRMATION_OK"
22243,10328891183,10328891231,1,"IOTHUB_CLIENT_CONFIRMATION_OK"
22244,10328891384,10328891416,1,"IOTHUB_CLIENT_CONFIRMATION_OK"
22245,10328891584,10328891732,1,"IOTHUB_CLIENT_CONFIRMATION_OK"
22246,10328891784,10328891812,1,"IOTHUB_CLIENT_CONFIRMATION_OK"
22247,10328891984,10328892017,1,"IOTHUB_CLIENT_CONFIRMATION_OK"
22248,10328892184,10328892213,1,"IOTHUB_CLIENT_CONFIRMATION_OK"
22249,10328892384,10328892417,1,"IOTHUB_CLIENT_CONFIRMATION_OK"
22250,10328892584,10328892613,1,"IOTHUB_CLIENT_CONFIRMATION_OK"
22251,10328892785,10328892816,1,"IOTHUB_CLIENT_CONFIRMATION_OK"
22252,10328892985,10328893059,1,"IOTHUB_CLIENT_CONFIRMATION_OK"
22253,10328893185,10328893415,1,"IOTHUB_CLIENT_CONFIRMATION_OK"
22254,10328893385,10328893424,1,"IOTHUB_CLIENT_CONFIRMATION_OK"
22255,10328893585,10328893620,1,"IOTHUB_CLIENT_CONFIRMATION_OK"
22256,10328893786,10328893820,1,"IOTHUB_CLIENT_CONFIRMATION_OK"
22257,10328893986,10328894015,1,"IOTHUB_CLIENT_CONFIRMATION_OK"
22258,10328894186,10328894217,1,"IOTHUB_CLIENT_CONFIRMATION_OK"
22259,10328894386,10328894442,1,"IOTHUB_CLIENT_CONFIRMATION_OK"
22260,10328894586,10328894619,1,"IOTHUB_CLIENT_CONFIRMATION_OK"
22261,10328894787,10328894814,1,"IOTHUB_CLIENT_CONFIRMATION_OK"
22262,10328894987,10328895021,1,"IOTHUB_CLIENT_CONFIRMATION_OK"
22263,10328895187,10328895232,1,"IOTHUB_CLIENT_CONFIRMATION_OK"
22264,10328895387,10328895418,1,"IOTHUB_CLIENT_CONFIRMATION_OK"
22265,10328895587,10328895623,1,"IOTHUB_CLIENT_CONFIRMATION_OK"
22266,10328895787,10328895993,1,"IOTHUB_CLIENT_CONFIRMATION_OK"
22267,10328895987,10328896021,1,"IOTHUB_CLIENT_CONFIRMATION_OK"
22268,10328896188,10328896232,1,"IOTHUB_CLIENT_CONFIRMATION_OK"
22269,10328896388,10328896433,1,"IOTHUB_CLIENT_CONFIRMATION_OK"
22270,10328896588,10328896618,1,"IOTHUB_CLIENT_CONFIRMATION_OK"
22271,10328896788,10328896821,1,"IOTHUB_CLIENT_CONFIRMATION_OK"
22272,10328896988,10328897124,1,"IOTHUB_CLIENT_CONFIRMATION_OK"
22273,10328897189,10328897223,1,"IOTHUB_CLIENT_CONFIRMATION_OK"
22274,10328897389,10328897512,1,"IOTHUB_CLIENT_CONFIRMATION_OK"
22275,10328897589,10328897619,1,"IOTHUB_CLIENT_CONFIRMATION_OK"
22276,10328897789,10328897822,1,"IOTHUB_CLIENT_CONFIRMATION_OK"
22277,10328897989,10328898020,1,"IOTHUB_CLIENT_CONFIRMATION_OK"
22278,10328898190,10328898222,1,"IOTHUB_CLIENT_CONFIRMATION_OK"
22279,10328898390,10328898423,1,"IOTHUB_CLIENT_CONFIRMATION_OK"
22280,10328898590,10328898674,1,"IOTHUB_CLIENT_CONFIRMATION_OK"
22281,10328898790,10328898835,1,"IOTHUB_CLIENT_CONFIRMATION_OK"
22282,10328898990,10328899148,1,"IOTHUB_CLIENT_CONFIRMATION_OK"
22283,10328899190,10328899225,1,"IOTHUB_CLIENT_CONFIRMATION_OK"
22284,10328899390,10328899480,1,"IOTHUB_CLIENT_CONFIRMATION_OK"
22285,10328899591,10328899630,1,"IOTHUB_CLIENT_CONFIRMATION_OK"
22286,10328899791,10328899828,1,"IOTHUB_CLIENT_CONFIRMATION_OK"
22287,10328899991,10328900025,1,"IOTHUB_CLIENT_CONFIRMATION_OK"
22288,10328900191,10328900221,1,"IOTHUB_CLIENT_CONFIRMATION_OK"
22289,10328900391,10328900427,1,"IOTHUB_CLIENT_CONFIRMATION_OK"
22290,10328900591,10328900626,1,"IOTHUB_CLIENT_CONFIRMATION_OK"
22291,10328900792,10328900820,1,"IOTHUB_CLIENT_CONFIRMATION_OK"
22292,10328900992,10328901026,1,"IOTHUB_CLIENT_CONFIRMATION_OK"
22293,10328901192,10328901225,1,"IOTHUB_CLIENT_CONFIRMATION_OK"
22294,10328901392,10328901424,1,"IOTHUB_CLIENT_CONFIRMATION_OK"
22295,10328901592,10328901820,1,"IOTHUB_CLIENT_CONFIRMATION_OK"
22296,10328901792,10328901830,1,"IOTHUB_CLIENT_CONFIRMATION_OK"
22297,10328901992,10328902023,1,"IOTHUB_CLIENT_CONFIRMATION_OK"
22298,10328902193,10328902232,1,"IOTHUB_CLIENT_CONFIRMATION_OK"
22299,10328902393,10328902476,1,"IOTHUB_CLIENT_CONFIRMATION_OK"
22300,10328902593,10328902632,1,"IOTHUB_CLIENT_CONFIRMATION_OK"
22301,10328902793,10328902832,1,"IOTHUB_CLIENT_CONFIRMATION_OK"
22302,10328902993,10328903023,1,"IOTHUB_CLIENT_CONFIRMATION_OK"
22303,10328903193,10328903226,1,"IOTHUB_CLIENT_CONFIRMATION_OK"
22304,10328903394,10328903432,1,"IOTHUB_CLIENT_CONFIRMATION_OK"
22305,10328903594,10328903627,1,"IOTHUB_CLIENT_CONFIRMATION_OK"
22306,10328903794,10328903845,1,"IOTHUB_CLIENT_CONFIRMATION_OK"
22307,10328903994,10328904027,1,"IOTHUB_CLIENT_CONFIRMATION_OK"
22308,10328904195,10328904236,1,"IOTHUB_CLIENT_CONFIRMATION_OK"
22309,10328904395,10328904437,1,"IOTHUB_CLIENT_CONFIRMATION_OK"
22310,10328904595,10328904626,1,"IOTHUB_CLIENT_CONFIRMATION_OK"
22311,10328904795,10328904853,1,"IOTHUB_CLIENT_CONFIRMATION_OK"
22312,10328904995,10328905026,1,"IOTHUB_CLIENT_CONFIRMATION_OK"
22313,10328905195,10328905228,1,"IOTHUB_CLIENT_CONFIRMATION_OK"
22314,10328905395,10328905464,1,"IOTHUB_CLIENT_CONFIRMATION_OK"
22315,10328905596,10328905631,1,"IOTHUB_CLIENT_CONFIRMATION_OK"
22316,10328905796,10328905860,1,"IOTHUB_CLIENT_CONFIRMATION_OK"
22317,10328905996,10328906109,1,"IOTHUB_CLIENT_CONFIRMATION_OK"
22318,10328906196,10328906228,1,"IOTHUB_CLIENT_CONFIRMATION_OK"
22319,10328906396,10328906481,1,"IOTHUB_CLIENT_CONFIRMATION_OK"
22320,10328906596,10328906630,1,"IOTHUB_CLIENT_CONFIRMATION_OK"
22321,10328906797,10328906831,1,"IOTHUB_CLIENT_CONFIRMATION_OK"
22322,10328906997,10328907035,1,"IOTHUB_CLIENT_CONFIRMATION_OK"
22323,10328907197,10328907232,1,"IOTHUB_CLIENT_CONFIRMATION_OK"
22324,10328907397,10328907482,1,"IOTHUB_CLIENT_CONFIRMATION_OK"
22325,10328907597,10328907639,1,"IOTHUB_CLIENT_CONFIRMATION_OK"
22326,10328907797,10328907859,1,"IOTHUB_CLIENT_CONFIRMATION_OK"
22327,10328907997,10328908105,1,"IOTHUB_CLIENT_CONFIRMATION_OK"
22328,10328908198,10328908234,1,"IOTHUB_CLIENT_CONFIRMATION_OK"
22329,10328908398,10328908439,1,"IOTHUB_CLIENT_CONFIRMATION_OK"
22330,10328908598,10328908635,1,"IOTHUB_CLIENT_CONFIRMATION_OK"
22331,10328908798,10328908833,1,"IOTHUB_CLIENT_CONFIRMATION_OK"
22332,10328908998,10328909121,1,"IOTHUB_CLIENT_CONFIRMATION_OK"
22333,10328909198,10328909230,1,"IOTHUB_CLIENT_CONFIRMATION_OK"
22334,10328909399,10328909432,1,"IOTHUB_CLIENT_CONFIRMATION_OK"
22335,10328909599,10328909634,1,"IOTHUB_CLIENT_CONFIRMATION_OK"
22336,10328909799,10328909832,1,"IOTHUB_CLIENT_CONFIRMATION_OK"
22337,10328909999,10328910131,1,"IOTHUB_CLIENT_CONFIRMATION_OK"
22338,10328910199,10328910233,1,"IOTHUB_CLIENT_CONFIRMATION_OK"
22339,10328910399,10328910431,1,"IOTHUB_CLIENT_CONFIRMATION_OK"
22340,10328910599,10328910752,1,"IOTHUB_CLIENT_CONFIRMATION_OK"
22341,10328910800,10328910832,1,"IOTHUB_CLIENT_CONFIRMATION_OK"
22342,10328911000,10328911033,1,"IOTHUB_CLIENT_CONFIRMATION_OK"
22343,10328911200,10328911326,1,"IOTHUB_CLIENT_CONFIRMATION_OK"
22344,10328911400,10328911446,1,"IOTHUB_CLIENT_CONFIRMATION_OK"
22345,10328911601,10328911756,1,"IOTHUB_CLIENT_CONFIRMATION_OK"
22346,10328911801,10328911835,1,"IOTHUB_CLIENT_CONFIRMATION_OK"
22347,10328912001,10328912033,1,"IOTHUB_CLIENT_CONFIRMATION_OK"
22348,10328912201,10328912234,1,"IOTHUB_CLIENT_CONFIRMATION_OK"
22349,10328912401,10328912432,1,"IOTHUB_CLIENT_CONFIRMATION_OK"
22350,10328912601,10328912641,1,"IOTHUB_CLIENT_CONFIRMATION_OK"
22351,10328912802,10328912837,1,"IOTHUB_CLIENT_CONFIRMATION_OK"
22352,10328913002,10328913036,1,"IOTHUB_CLIENT_CONFIRMATION_OK"
22353,10328913202,10328913377,1,"IOTHUB_CLIENT_CONFIRMATION_OK"
22354,10328913402,10328913434,1,"IOTHUB_CLIENT_CONFIRMATION_OK"
22355,10328913602,10328913635,1,"IOTHUB_CLIENT_CONFIRMATION_OK"
22356,10328913802,10328913835,1,"IOTHUB_CLIENT_CONFIRMATION_OK"
22357,10328914002,10328914032,1,"IOTHUB_CLIENT_CONFIRMATION_OK"
22358,10328914203,10328914233,1,"IOTHUB_CLIENT_CONFIRMATION_OK"
22359,10328914403,10328914437,1,"IOTHUB_CLIENT_CONFIRMATION_OK"
22360,10328914603,10328914634,1,"IOTHUB_CLIENT_CONFIRMATION_OK"
22361,10328914803,10328914833,1,"IOTHUB_CLIENT_CONFIRMATION_OK"
22362,10328915003,10328915037,1,"IOTHUB_CLIENT_CONFIRMATION_OK"
22363,10328915203,10328915238,1,"IOTHUB_CLIENT_CONFIRMATION_OK"
22364,10328915403,10328915445,1,"IOTHUB_CLIENT_CONFIRMATION_OK"
22365,10328915604,10328915647,1,"IOTHUB_CLIENT_CONFIRMATION_OK"
22366,10328915804,10328915847,1,"IOTHUB_CLIENT_CONFIRMATION_OK"
22367,10328916004,10328916047,1,"IOTHUB_CLIENT_CONFIRMATION_OK"
22368,10328916204,10328916253,1,"IOTHUB_CLIENT_CONFIRMATION_OK"
22369,10328916404,10328916446,1,"IOTHUB_CLIENT_CONFIRMATION_OK"
22370,10328916604,10328916634,1,"IOTHUB_CLIENT_CONFIRMATION_OK"
22371,10328916805,10328916839,1,"IOTHUB_CLIENT_CONFIRMATION_OK"
22372,10328917005,10328917060,1,"IOTHUB_CLIENT_CONFIRMATION_OK"
22373,10328917205,10328917244,1,"IOTHUB_CLIENT_CONFIRMATION_OK"
22374,10328917405,10328917468,1,"IOTHUB_CLIENT_CONFIRMATION_OK"
22375,10328917605,10328917663,1,"IOTHUB_CLIENT_CONFIRMATION_OK"
22376,10328917805,10328917842,1,"IOTHUB_CLIENT_CONFIRMATION_OK"
22377,10328918005,10328918081,1,"IOTHUB_CLIENT_CONFIRMATION_OK"
22378,10328918206,10328918257,1,"IOTHUB_CLIENT_CONFIRMATION_OK"
22379,10328918406,10328918442,1,"IOTHUB_CLIENT_CONFIRMATION_OK"
22380,10328918606,10328918741,1,"IOTHUB_CLIENT_CONFIRMATION_OK"
22381,10328918806,10328918839,1,"IOTHUB_CLIENT_CONFIRMATION_OK"
22382,10328919006,10328919136,1,"IOTHUB_CLIENT_CONFIRMATION_OK"
22383,10328919206,10328919247,1,"IOTHUB_CLIENT_CONFIRMATION_OK"
22384,10328919407,10328919462,1,"IOTHUB_CLIENT_CONFIRMATION_OK"
22385,10328919607,10328919663,1,"IOTHUB_CLIENT_CONFIRMATION_OK"
22386,10328919807,10328919839,1,"IOTHUB_CLIENT_CONFIRMATION_OK"
22387,10328920007,10328920057,1,"IOTHUB_CLIENT_CONFIRMATION_OK"
22388,10328920207,10328920236,1,"IOTHUB_CLIENT_CONFIRMATION_OK"
22389,10328920407,10328920439,1,"IOTHUB_CLIENT_CONFIRMATION_OK"
22390,10328920607,10328920762,1,"IOTHUB_CLIENT_CONFIRMATION_OK"
22391,10328920808,10328920843,1,"IOTHUB_CLIENT_CONFIRMATION_OK"
22392,10328921008,10328921048,1,"IOTHUB_CLIENT_CONFIRMATION_OK"
22393,10328921208,10328921250,1,"IOTHUB_CLIENT_CONFIRMATION_OK"
22394,10328921408,10328921448,1,"IOTHUB_CLIENT_CONFIRMATION_OK"
22395,10328921608,10328921793,1,"IOTHUB_CLIENT_CONFIRMATION_OK"
22396,10328921808,10328921842,1,"IOTHUB_CLIENT_CONFIRMATION_OK"
22397,10328922009,10328922044,1,"IOTHUB_CLIENT_CONFIRMATION_OK"
22398,10328922209,10328922238,1,"IOTHUB_CLIENT_CONFIRMATION_OK"
22399,10328922409,10328922438,1,"IOTHUB_CLIENT_CONFIRMATION_OK"
22400,10328922609,10328922644,1,"IOTHUB_CLIENT_CONFIRMATION_OK"
22401,10328922809,10328922848,1,"IOTHUB_CLIENT_CONFIRMATION_OK"
22402,10328923009,10328923042,1,"IOTHUB_CLIENT_CONFIRMATION_OK"
22403,10328923210,10328923388,1,"IOTHUB_CLIENT_CONFIRMATION_OK"
22404,10328923410,10328923446,1,"IOTHUB_CLIENT_CONFIRMATION_OK"
22405,10328923610,10328923705,1,"IOTHUB_CLIENT_CONFIRMATION_OK"
22406,10328923810,10328923904,1,"IOTHUB_CLIENT_CONFIRMATION_OK"
22407,10328924010,10328924040,1,"IOTHUB_CLIENT_CONFIRMATION_OK"
22408,10328924210,10328924244,1,"IOTHUB_CLIENT_CONFIRMATION_OK"
22409,10328924411,10328924447,1,"IOTHUB_CLIENT_CONFIRMATION_OK"
22410,10328924611,10328924653,1,"IOTHUB_CLIENT_CONFIRMATION_OK"
22411,10328924811,10328924917,1,"IOTHUB_CLIENT_CONFIRMATION_OK"
22412,10328925011,10328925040,1,"IOTHUB_CLIENT_CONFIRMATION_OK"
22413,10328925212,10328925246,1,"IOTHUB_CLIENT_CONFIRMATION_OK"
22414,10328925412,10328925451,1,"IOTHUB_CLIENT_CONFIRMATION_OK"
22415,10328925612,10328925649,1,"IOTHUB_CLIENT_CONFIRMATION_OK"
22416,10328925812,10328925877,1,"IOTHUB_CLIENT_CONFIRMATION_OK"
22417,10328926012,10328926043,1,"IOTHUB_CLIENT_CONFIRMATION_OK"
22418,10328926212,10328926242,1,"IOTHUB_CLIENT_CONFIRMATION_OK"
22419,10328926413,10328926548,1,"IOTHUB_CLIENT_CONFIRMATION_OK"
22420,10328926613,10328926642,1,"IOTHUB_CLIENT_CONFIRMATION_OK"
22421,10328926813,10328926844,1,"IOTHUB_CLIENT_CONFIRMATION_OK"
22422,10328927013,10328927061,1,"IOTHUB_CLIENT_CONFIRMATION_OK"
22423,10328927213,10328927242,1,"IOTHUB_CLIENT_CONFIRMATION_OK"
22424,10328927413,10328927589,1,"IOTHUB_CLIENT_CONFIRMATION_OK"
22425,10328927614,10328927647,1,"IOTHUB_CLIENT_CONFIRMATION_OK"
22426,10328927814,10328927860,1,"IOTHUB_CLIENT_CONFIRMATION_OK"
22427,10328928014,10328928048,1,"IOTHUB_CLIENT_CONFIRMATION_OK"
22428,10328928214,10328928242,1,"IOTHUB_CLIENT_CONFIRMATION_OK"
22429,10328928414,10328928444,1,"IOTHUB_CLIENT_CONFIRMATION_OK"
22430,10328928614,10328928650,1,"IOTHUB_CLIENT_CONFIRMATION_OK"
22431,10328928814,10328928846,1,"IOTHUB_CLIENT_CONFIRMATION_OK"
22432,10328929015,10328929054,1,"IOTHUB_CLIENT_CONFIRMATION_OK"
22433,10328929215,10328929249,1,"IOTHUB_CLIENT_CONFIRMATION_OK"
22434,10328929415,10328929454,1,"IOTHUB_CLIENT_CONFIRMATION_OK"
22435,10328929615,10328929644,1,"IOTHUB_CLIENT_CONFIRMATION_OK"
22436,10328929815,10328929847,1,"IOTHUB_CLIENT_CONFIRMATION_OK"
22437,10328930015,10328930049,1,"IOTHUB_CLIENT_CONFIRMATION_OK"
22438,10328930215,10328930372,1,"IOTHUB_CLIENT_CONFIRMATION_OK"
22439,10328930416,10328930453,1,"IOTHUB_CLIENT_CONFIRMATION_OK"
22440,10328930616,10328930651,1,"IOTHUB_CLIENT_CONFIRMATION_OK"
22441,10328930816,10328930852,1,"IOTHUB_CLIENT_CONFIRMATION_OK"
22442,10328931016,10328931049,1,"IOTHUB_CLIENT_CONFIRMATION_OK"
22443,10328931216,10328931264,1,"IOTHUB_CLIENT_CONFIRMATION_OK"
22444,10328931416,10328931453,1,"IOTHUB_CLIENT_CONFIRMATION_OK"
22445,10328931617,10328931676,1,"IOTHUB_CLIENT_CONFIRMATION_OK"
22446,10328931817,10328931850,1,"IOTHUB_CLIENT_CONFIRMATION_OK"
22447,10328932017,10328932045,1,"IOTHUB_CLIENT_CONFIRMATION_OK"
22448,10328932217,10328932309,1,"IOTHUB_CLIENT_CONFIRMATION_OK"
22449,10328932417,10328932451,1,"IOTHUB_CLIENT_CONFIRMATION_OK"
22450,10328932617,10328932650,1,"IOTHUB_CLIENT_CONFIRMATION_OK"
22451,10328932817,10328932861,1,"IOTHUB_CLIENT_CONFIRMATION_OK"
22452,10328933018,10328933046,1,"IOTHUB_CLIENT_CONFIRMATION_OK"
22453,10328933218,10328933342,1,"IOTHUB_CLIENT_CONFIRMATION_OK"
22454,10328933418,10328933449,1,"IOTHUB_CLIENT_CONFIRMATION_OK"
22455,10328933618,10328933647,1,"IOTHUB_CLIENT_CONFIRMATION_OK"
22456,10328933818,10328933934,1,"IOTHUB_CLIENT_CONFIRMATION_OK"
22457,10328934019,10328934046,1,"IOTHUB_CLIENT_CONFIRMATION_OK"
22458,10328934219,10328934252,1,"IOTHUB_CLIENT_CONFIRMATION_OK"
22459,10328934419,10328934452,1,"IOTHUB_CLIENT_CONFIRMATION_OK"
22460,10328934619,10328934652,1,"IOTHUB_CLIENT_CONFIRMATION_OK"
22461,10328934819,10328934975,1,"IOTHUB_CLIENT_CONFIRMATION_OK"
22462,10328935019,10328935051,1,"IOTHUB_CLIENT_CONFIRMATION_OK"
22463,10328935220,10328935253,1,"IOTHUB_CLIENT_CONFIRMATION_OK"
22464,10328935420,10328935449,1,"IOTHUB_CLIENT_CONFIRMATION_OK"
22465,10328935620,10328935659,1,"IOTHUB_CLIENT_CONFIRMATION_OK"
22466,10328935820,10328935857,1,"IOTHUB_CLIENT_CONFIRMATION_OK"
22467,10328936021,10328936051,1,"IOTHUB_CLIENT_CONFIRMATION_OK"
22468,10328936221,10328936249,1,"IOTHUB_CLIENT_CONFIRMATION_OK"
22469,10328936421,10328936467,1,"IOTHUB_CLIENT_CONFIRMATION_OK"
22470,10328936621,10328936650,1,"IOTHUB_CLIENT_CONFIRMATION_OK"
22471,10328936821,10328936865,1,"IOTHUB_CLIENT_CONFIRMATION_OK"
22472,10328937021,10328937052,1,"IOTHUB_CLIENT_CONFIRMATION_OK"
22473,10328937222,10328937253,1,"IOTHUB_CLIENT_CONFIRMATION_OK"
22474,10328937422,10328937652,1,"IOTHUB_CLIENT_CONFIRMATION_OK"
22475,10328937622,10328937662,1,"IOTHUB_CLIENT_CONFIRMATION_OK"
22476,10328937822,10328937855,1,"IOTHUB_CLIENT_CONFIRMATION_OK"
22477,10328938022,10328938058,1,"IOTHUB_CLIENT_CONFIRMATION_OK"
22478,10328938222,10328938256,1,"IOTHUB_CLIENT_CONFIRMATION_OK"
22479,10328938422,10328938460,1,"IOTHUB_CLIENT_CONFIRMATION_OK"
22480,10328938623,10328938783,1,"IOTHUB_CLIENT_CONFIRMATION_OK"
22481,10328938823,10328938853,1,"IOTHUB_CLIENT_CONFIRMATION_OK"
22482,10328939023,10328939090,1,"IOTHUB_CLIENT_CONFIRMATION_OK"
22483,10328939223,10328939313,1,"IOTHUB_CLIENT_CONFIRMATION_OK"
22484,10328939423,10328939455,1,"IOTHUB_CLIENT_CONFIRMATION_OK"
22485,10328939623,10328939702,1,"IOTHUB_CLIENT_CONFIRMATION_OK"
22486,10328939824,10328939880,1,"IOTHUB_CLIENT_CONFIRMATION_OK"
22487,10328940024,10328940054,1,"IOTHUB_CLIENT_CONFIRMATION_OK"
22488,10328940224,10328940258,1,"IOTHUB_CLIENT_CONFIRMATION_OK"
22489,10328940424,10328940459,1,"IOTHUB_CLIENT_CONFIRMATION_OK"
22490,10328940625,10328940753,1,"IOTHUB_CLIENT_CONFIRMATION_OK"
22491,10328940825,10328940855,1,"IOTHUB_CLIENT_CONFIRMATION_OK"
22492,10328941025,10328941184,1,"IOTHUB_CLIENT_CONFIRMATION_OK"
22493,10328941225,10328941258,1,"IOTHUB_CLIENT_CONFIRMATION_OK"
22494,10328941425,10328941458,1,"IOTHUB_CLIENT_CONFIRMATION_OK"
22495,10328941625,10328941762,1,"IOTHUB_CLIENT_CONFIRMATION_OK"
22496,10328941826,10328941856,1,"IOTHUB_CLIENT_CONFIRMATION_OK"
22497,10328942026,10328942060,1,"IOTHUB_CLIENT_CONFIRMATION_OK"
22498,10328942226,10328942376,1,"IOTHUB_CLIENT_CONFIRMATION_OK"
22499,10328942426,10328942462,1,"IOTHUB_CLIENT_CONFIRMATION_OK"
22500,10328942626,10328942656,1,"IOTHUB_CLIENT_CONFIRMATION_OK"
22501,10328942826,10328942859,1,"IOTHUB_CLIENT_CONFIRMATION_OK"
22502,10328943027,10328943075,1,"IOTHUB_CLIENT_CONFIRMATION_OK"
22503,10328943227,10328943381,1,"IOTHUB_CLIENT_CONFIRMATION_OK"
22504,10328943427,10328943461,1,"IOTHUB_CLIENT_CONFIRMATION_OK"
22505,10328943627,10328943661,1,"IOTHUB_CLIENT_CONFIRMATION_OK"
22506,10328943827,10328943855,1,"IOTHUB_CLIENT_CONFIRMATION_OK"
22507,10328944027,10328944065,1,"IOTHUB_CLIENT_CONFIRMATION_OK"
22508,10328944228,10328944260,1,"IOTHUB_CLIENT_CONFIRMATION_OK"
22509,10328944428,10328944468,1,"IOTHUB_CLIENT_CONFIRMATION_OK"
22510,10328944628,10328944691,1,"IOTHUB_CLIENT_CONFIRMATION_OK"
22511,10328944828,10328944971,1,"IOTHUB_CLIENT_CONFIRMATION_OK"
22512,10328945028,10328945060,1,"IOTHUB_CLIENT_CONFIRMATION_OK"
22513,10328945228,10328945320,1,"IOTHUB_CLIENT_CONFIRMATION_OK"
22514,10328945428,10328945456,1,"IOTHUB_CLIENT_CONFIRMATION_OK"
22515,10328945629,10328945658,1,"IOTHUB_CLIENT_CONFIRMATION_OK"
22516,10328945829,10328946023,1,"IOTHUB_CLIENT_CONFIRMATION_OK"
22517,10328946029,10328946062,1,"IOTHUB_CLIENT_CONFIRMATION_OK"
22518,10328946229,10328946263,1,"IOTHUB_CLIENT_CONFIRMATION_OK"
22519,10328946429,10328946462,1,"IOTHUB_CLIENT_CONFIRMATION_OK"
22520,10328946630,10328946685,1,"IOTHUB_CLIENT_CONFIRMATION_OK"
22521,10328946830,10328946887,1,"IOTHUB_CLIENT_CONFIRMATION_OK"
22522,10328947030,10328947081,1,"IOTHUB_CLIENT_CONFIRMATION_OK"
22523,10328947230,10328947265,1,"IOTHUB_CLIENT_CONFIRMATION_OK"
22524,10328947430,10328947470,1,"IOTHUB_CLIENT_CONFIRMATION_OK"
22525,10328947630,10328947664,1,"IOTHUB_CLIENT_CONFIRMATION_OK"
22526,10328947830,10328947865,1,"IOTHUB_CLIENT_CONFIRMATION_OK"
22527,10328948031,10328948098,1,"IOTHUB_CLIENT_CONFIRMATION_OK"
22528,10328948231,10328948278,1,"IOTHUB_CLIENT_CONFIRMATION_OK"
22529,10328948431,10328948464,1,"IOTHUB_CLIENT_CONFIRMATION_OK"
22530,10328948631,10328948676,1,"IOTHUB_CLIENT_CONFIRMATION_OK"
22531,10328948831,10328948868,1,"IOTHUB_CLIENT_CONFIRMATION_OK"
22532,10328949031,10328949125,1,"IOTHUB_CLIENT_CONFIRMATION_OK"
22533,10328949232,10328949264,1,"IOTHUB_CLIENT_CONFIRMATION_OK"
22534,10328949432,10328949478,1,"IOTHUB_CLIENT_CONFIRMATION_OK"
22535,10328949632,10328949711,1,"IOTHUB_CLIENT_CONFIRMATION_OK"
22536,10328949832,10328949868,1,"IOTHUB_CLIENT_CONFIRMATION_OK"
22537,10328950032,10328950060,1,"IOTHUB_CLIENT_CONFIRMATION_OK"
22538,10328950233,10328950276,1,"IOTHUB_CLIENT_CONFIRMATION_OK"
22539,10328950433,10328950471,1,"IOTHUB_CLIENT_CONFIRMATION_OK"
22540,10328950633,10328950708,1,"IOTHUB_CLIENT_CONFIRMATION_OK"
22541,10328950833,10328950865,1,"IOTHUB_CLIENT_CONFIRMATION_OK"
22542,10328951033,10328951361,1,"IOTHUB_CLIENT_CONFIRMATION_OK"
22543,10328951233,10328951398,1,"IOTHUB_CLIENT_CONFIRMATION_OK"
22544,10328951433,10328951475,1,"IOTHUB_CLIENT_CONFIRMATION_OK"
22545,10328951634,10328951761,1,"IOTHUB_CLIENT_CONFIRMATION_OK"
22546,10328951834,10328951865,1,"IOTHUB_CLIENT_CONFIRMATION_OK"
22547,10328952034,10328952070,1,"IOTHUB_CLIENT_CONFIRMATION_OK"
22548,10328952234,10328952409,1,"IOTHUB_CLIENT_CONFIRMATION_OK"
22549,10328952434,10328952474,1,"IOTHUB_CLIENT_CONFIRMATION_OK"
22550,10328952635,10328952671,1,"IOTHUB_CLIENT_CONFIRMATION_OK"
22551,10328952835,10328952866,1,"IOTHUB_CLIENT_CONFIRMATION_OK"
22552,10328953035,10328953078,1,"IOTHUB_CLIENT_CONFIRMATION_OK"
22553,10328953235,10328953425,1,"IOTHUB_CLIENT_CONFIRMATION_OK"
22554,10328953435,10328953467,1,"IOTHUB_CLIENT_CONFIRMATION_OK"
22555,10328953635,10328953683,1,"IOTHUB_CLIENT_CONFIRMATION_OK"
22556,10328953836,10328953866,1,"IOTHUB_CLIENT_CONFIRMATION_OK"
22557,10328954036,10328954067,1,"IOTHUB_CLIENT_CONFIRMATION_OK"
22558,10328954236,10328954309,1,"IOTHUB_CLIENT_CONFIRMATION_OK"
22559,10328954436,10328954511,1,"IOTHUB_CLIENT_CONFIRMATION_OK"
22560,10328954636,10328954686,1,"IOTHUB_CLIENT_CONFIRMATION_OK"
22561,10328954836,10328954871,1,"IOTHUB_CLIENT_CONFIRMATION_OK"
22562,10328955036,10328955084,1,"IOTHUB_CLIENT_CONFIRMATION_OK"
22563,10328955237,10328955266,1,"IOTHUB_CLIENT_CONFIRMATION_OK"
22564,10328955437,10328955469,1,"IOTHUB_CLIENT_CONFIRMATION_OK"
22565,10328955637,10328955667,1,"IOTHUB_CLIENT_CONFIRMATION_OK"
22566,10328955837,10328955868,1,"IOTHUB_CLIENT_CONFIRMATION_OK"
22567,10328956037,10328956074,1,"IOTHUB_CLIENT_CONFIRMATION_OK"
22568,10328956237,10328956270,1,"IOTHUB_CLIENT_CONFIRMATION_OK"
22569,10328956438,10328956476,1,"IOTHUB_CLIENT_CONFIRMATION_OK"
22570,10328956638,10328956690,1,"IOTHUB_CLIENT_CONFIRMATION_OK"
22571,10328956838,10328956881,1,"IOTHUB_CLIENT_CONFIRMATION_OK"
22572,10328957038,10328957117,1,"IOTHUB_CLIENT_CONFIRMATION_OK"
22573,10328957238,10328957276,1,"IOTHUB_CLIENT_CONFIRMATION_OK"
22574,10328957439,10328957497,1,"IOTHUB_CLIENT_CONFIRMATION_OK"
22575,10328957639,10328957805,1,"IOTHUB_CLIENT_CONFIRMATION_OK"
22576,10328957839,10328957870,1,"IOTHUB_CLIENT_CONFIRMATION_OK"
22577,10328958039,10328958085,1,"IOTHUB_CLIENT_CONFIRMATION_OK"
22578,10328958239,10328958275,1,"IOTHUB_CLIENT_CONFIRMATION_OK"
22579,10328958439,10328958471,1,"IOTHUB_CLIENT_CONFIRMATION_OK"
22580,10328958640,10328958672,1,"IOTHUB_CLIENT_CONFIRMATION_OK"
22581,10328958840,10328958873,1,"IOTHUB_CLIENT_CONFIRMATION_OK"
22582,10328959040,10328959069,1,"IOTHUB_CLIENT_CONFIRMATION_OK"
22583,10328959240,10328959271,1,"IOTHUB_CLIENT_CONFIRMATION_OK"
22584,10328959440,10328959480,1,"IOTHUB_CLIENT_CONFIRMATION_OK"
22585,10328959641,10328959675,1,"IOTHUB_CLIENT_CONFIRMATION_OK"
22586,10328959841,10328959898,1,"IOTHUB_CLIENT_CONFIRMATION_OK"
22587,10328960041,10328960085,1,"IOTHUB_CLIENT_CONFIRMATION_OK"
22588,10328960241,10328960289,1,"IOTHUB_CLIENT_CONFIRMATION_OK"
22589,10328960441,10328960478,1,"IOTHUB_CLIENT_CONFIRMATION_OK"
22590,10328960641,10328960677,1,"IOTHUB_CLIENT_CONFIRMATION_OK"
22591,10328960842,10328960898,1,"IOTHUB_CLIENT_CONFIRMATION_OK"
22592,10328961042,10328961071,1,"IOTHUB_CLIENT_CONFIRMATION_OK"
22593,10328961242,10328961287,1,"IOTHUB_CLIENT_CONFIRMATION_OK"
22594,10328961442,10328961475,1,"IOTHUB_CLIENT_CONFIRMATION_OK"
22595,10328961642,10328961709,1,"IOTHUB_CLIENT_CONFIRMATION_OK"
22596,10328961842,10328961875,1,"IOTHUB_CLIENT_CONFIRMATION_OK"
22597,10328962043,10328962085,1,"IOTHUB_CLIENT_CONFIRMATION_OK"
22598,10328962243,10328962303,1,"IOTHUB_CLIENT_CONFIRMATION_OK"
22599,10328962443,10328962478,1,"IOTHUB_CLIENT_CONFIRMATION_OK"
22600,10328962643,10328962677,1,"IOTHUB_CLIENT_CONFIRMATION_OK"
22601,10328962843,10328962917,1,"IOTHUB_CLIENT_CONFIRMATION_OK"
22602,10328963043,10328963085,1,"IOTHUB_CLIENT_CONFIRMATION_OK"
22603,10328963244,10328963307,1,"IOTHUB_CLIENT_CONFIRMATION_OK"
22604,10328963444,10328963476,1,"IOTHUB_CLIENT_CONFIRMATION_OK"
22605,10328963644,10328963679,1,"IOTHUB_CLIENT_CONFIRMATION_OK"
22606,10328963844,10328963926,1,"IOTHUB_CLIENT_CONFIRMATION_OK"
22607,10328964044,10328964078,1,"IOTHUB_CLIENT_CONFIRMATION_OK"
22608,10328964244,10328964279,1,"IOTHUB_CLIENT_CONFIRMATION_OK"
22609,10328964445,10328964477,1,"IOTHUB_CLIENT_CONFIRMATION_OK"
22610,10328964645,10328964712,1,"IOTHUB_CLIENT_CONFIRMATION_OK"
22611,10328964845,10328965060,1,"IOTHUB_CLIENT_CONFIRMATION_OK"
22612,10328965045,10328965082,1,"IOTHUB_CLIENT_CONFIRMATION_OK"
22613,10328965245,10328965281,1,"IOTHUB_CLIENT_CONFIRMATION_OK"
22614,10328965446,10328965482,1,"IOTHUB_CLIENT_CONFIRMATION_OK"
22615,10328965646,10328965689,1,"IOTHUB_CLIENT_CONFIRMATION_OK"
22616,10328965846,10328965875,1,"IOTHUB_CLIENT_CONFIRMATION_OK"
22617,10328966046,10328966095,1,"IOTHUB_CLIENT_CONFIRMATION_OK"
22618,10328966246,10328966279,1,"IOTHUB_CLIENT_CONFIRMATION_OK"
22619,10328966446,10328966488,1,"IOTHUB_CLIENT_CONFIRMATION_OK"
22620,10328966647,10328966678,1,"IOTHUB_CLIENT_CONFIRMATION_OK"
22621,10328966847,10328966880,1,"IOTHUB_CLIENT_CONFIRMATION_OK"
22622,10328967047,10328967101,1,"IOTHUB_CLIENT_CONFIRMATION_OK"
22623,10328967247,10328967288,1,"IOTHUB_CLIENT_CONFIRMATION_OK"
22624,10328967447,10328967493,1,"IOTHUB_CLIENT_CONFIRMATION_OK"
22625,10328967648,10328967692,1,"IOTHUB_CLIENT_CONFIRMATION_OK"
22626,10328967848,10328967881,1,"IOTHUB_CLIENT_CONFIRMATION_OK"
22627,10328968048,10328968184,1,"IOTHUB_CLIENT_CONFIRMATION_OK"
22628,10328968248,10328968281,1,"IOTHUB_CLIENT_CONFIRMATION_OK"
22629,10328968448,10328968505,1,"IOTHUB_CLIENT_CONFIRMATION_OK"
22630,10328968649,10328968680,1,"IOTHUB_CLIENT_CONFIRMATION_OK"
22631,10328968849,10328968880,1,"IOTHUB_CLIENT_CONFIRMATION_OK"
22632,10328969049,10328969153,1,"IOTHUB_CLIENT_CONFIRMATION_OK"
22633,10328969249,10328969303,1,"IOTHUB_CLIENT_CONFIRMATION_OK"
22634,10328969449,10328969480,1,"IOTHUB_CLIENT_CONFIRMATION_OK"
22635,10328969649,10328969745,1,"IOTHUB_CLIENT_CONFIRMATION_OK"
22636,10328969849,10328969887,1,"IOTHUB_CLIENT_CONFIRMATION_OK"
22637,10328970050,10328970082,1,"IOTHUB_CLIENT_CONFIRMATION_OK"
22638,10328970250,10328970282,1,"IOTHUB_CLIENT_CONFIRMATION_OK"
22639,10328970450,10328970488,1,"IOTHUB_CLIENT_CONFIRMATION_OK"
22640,10328970650,10328970764,1,"IOTHUB_CLIENT_CONFIRMATION_OK"
22641,10328970850,10328970890,1,"IOTHUB_CLIENT_CONFIRMATION_OK"
22642,10328971050,10328971085,1,"IOTHUB_CLIENT_CONFIRMATION_OK"
22643,10328971251,10328971289,1,"IOTHUB_CLIENT_CONFIRMATION_OK"
22644,10328971451,10328971483,1,"IOTHUB_CLIENT_CONFIRMATION_OK"
22645,10328971651,10328971892,1,"IOTHUB_CLIENT_CONFIRMATION_OK"
22646,10328971851,10328971914,1,"IOTHUB_CLIENT_CONFIRMATION_OK"
22647,10328972051,10328972084,1,"IOTHUB_CLIENT_CONFIRMATION_OK"
22648,10328972251,10328972307,1,"IOTHUB_CLIENT_CONFIRMATION_OK"
22649,10328972451,10328972511,1,"IOTHUB_CLIENT_CONFIRMATION_OK"
22650,10328972652,10328972727,1,"IOTHUB_CLIENT_CONFIRMATION_OK"
22651,10328972852,10328972919,1,"IOTHUB_CLIENT_CONFIRMATION_OK"
22652,10328973052,10328973085,1,"IOTHUB_CLIENT_CONFIRMATION_OK"
22653,10328973252,10328973317,1,"IOTHUB_CLIENT_CONFIRMATION_OK"
22654,10328973452,10328973485,1,"IOTHUB_CLIENT_CONFIRMATION_OK"
22655,10328973652,10328973686,1,"IOTHUB_CLIENT_CONFIRMATION_OK"
22656,10328973853,10328973930,1,"IOTHUB_CLIENT_CONFIRMATION_OK"
22657,10328974053,10328974114,1,"IOTHUB_CLIENT_CONFIRMATION_OK"
22658,10328974253,10328974286,1,"IOTHUB_CLIENT_CONFIRMATION_OK"
22659,10328974453,10328974488,1,"IOTHUB_CLIENT_CONFIRMATION_OK"
22660,10328974653,10328974706,1,"IOTHUB_CLIENT_CONFIRMATION_OK"
22661,10328974853,10328974947,1,"IOTHUB_CLIENT_CONFIRMATION_OK"
22662,10328975054,10328975085,1,"IOTHUB_CLIENT_CONFIRMATION_OK"
22663,10328975254,10328975287,1,"IOTHUB_CLIENT_CONFIRMATION_OK"
22664,10328975454,10328975559,1,"IOTHUB_CLIENT_CONFIRMATION_OK"
22665,10328975654,10328975686,1,"IOTHUB_CLIENT_CONFIRMATION_OK"
22666,10328975854,10328975949,1,"IOTHUB_CLIENT_CONFIRMATION_OK"
22667,10328976054,10328976101,1,"IOTHUB_CLIENT_CONFIRMATION_OK"
22668,10328976255,10328976287,1,"IOTHUB_CLIENT_CONFIRMATION_OK"
22669,10328976455,10328976570,1,"IOTHUB_CLIENT_CONFIRMATION_OK"
22670,10328976655,10328976708,1,"IOTHUB_CLIENT_CONFIRMATION_OK"
22671,10328976855,10328976888,1,"IOTHUB_CLIENT_CONFIRMATION_OK"
22672,10328977055,10328977113,1,"IOTHUB_CLIENT_CONFIRMATION_OK"
22673,10328977255,10328977289,1,"IOTHUB_CLIENT_CONFIRMATION_OK"
22674,10328977456,10328977579,1,"IOTHUB_CLIENT_CONFIRMATION_OK"
22675,10328977656,10328977690,1,"IOTHUB_CLIENT_CONFIRMATION_OK"
22676,10328977856,10328977889,1,"IOTHUB_CLIENT_CONFIRMATION_OK"
22677,10328978056,10328978086,1,"IOTHUB_CLIENT_CONFIRMATION_OK"
22678,10328978256,10328978289,1,"IOTHUB_CLIENT_CONFIRMATION_OK"
22679,10328978456,10328978488,1,"IOTHUB_CLIENT_CONFIRMATION_OK"
22680,10328978657,10328978687,1,"IOTHUB_CLIENT_CONFIRMATION_OK"
22681,10328978857,10328978909,1,"IOTHUB_CLIENT_CONFIRMATION_OK"
22682,10328979057,10328979112,1,"IOTHUB_CLIENT_CONFIRMATION_OK"
22683,10328979257,10328979299,1,"IOTHUB_CLIENT_CONFIRMATION_OK"
22684,10328979457,10328979492,1,"IOTHUB_CLIENT_CONFIRMATION_OK"
22685,10328979657,10328979710,1,"IOTHUB_CLIENT_CONFIRMATION_OK"
22686,10328979858,10328979898,1,"IOTHUB_CLIENT_CONFIRMATION_OK"
22687,10328980058,10328980096,1,"IOTHUB_CLIENT_CONFIRMATION_OK"
22688,10328980258,10328980301,1,"IOTHUB_CLIENT_CONFIRMATION_OK"
22689,10328980458,10328980490,1,"IOTHUB_CLIENT_CONFIRMATION_OK"
22690,10328980658,10328980695,1,"IOTHUB_CLIENT_CONFIRMATION_OK"
22691,10328980858,10328980891,1,"IOTHUB_CLIENT_CONFIRMATION_OK"
22692,10328981059,10328981092,1,"IOTHUB_CLIENT_CONFIRMATION_OK"
22693,10328981259,10328981306,1,"IOTHUB_CLIENT_CONFIRMATION_OK"
22694,10328981459,10328981489,1,"IOTHUB_CLIENT_CONFIRMATION_OK"
22695,10328981659,10328981787,1,"IOTHUB_CLIENT_CONFIRMATION_OK"
22696,10328981859,10328981898,1,"IOTHUB_CLIENT_CONFIRMATION_OK"
22697,10328982059,10328982097,1,"IOTHUB_CLIENT_CONFIRMATION_OK"
22698,10328982260,10328982294,1,"IOTHUB_CLIENT_CONFIRMATION_OK"
22699,10328982460,10328982513,1,"IOTHUB_CLIENT_CONFIRMATION_OK"
22700,10328982660,10328982699,1,"IOTHUB_CLIENT_CONFIRMATION_OK"
22701,10328982860,10328982897,1,"IOTHUB_CLIENT_CONFIRMATION_OK"
22702,10328983060,10328983100,1,"IOTHUB_CLIENT_CONFIRMATION_OK"
22703,10328983260,10328983460,1,"IOTHUB_CLIENT_CONFIRMATION_OK"
22704,10328983461,10328983495,1,"IOTHUB_CLIENT_CONFIRMATION_OK"
22705,10328983661,10328983716,1,"IOTHUB_CLIENT_CONFIRMATION_OK"
22706,10328983861,10328983899,1,"IOTHUB_CLIENT_CONFIRMATION_OK"
22707,10328984061,10328984094,1,"IOTHUB_CLIENT_CONFIRMATION_OK"
22708,10328984261,10328984294,1,"IOTHUB_CLIENT_CONFIRMATION_OK"
22709,10328984461,10328984527,1,"IOTHUB_CLIENT_CONFIRMATION_OK"
22710,10328984662,10328984695,1,"IOTHUB_CLIENT_CONFIRMATION_OK"
22711,10328984862,10328984957,1,"IOTHUB_CLIENT_CONFIRMATION_OK"
22712,10328985062,10328985096,1,"IOTHUB_CLIENT_CONFIRMATION_OK"
22713,10328985262,10328985295,1,"IOTHUB_CLIENT_CONFIRMATION_OK"
22714,10328985462,10328985562,1,"IOTHUB_CLIENT_CONFIRMATION_OK"
22715,10328985663,10328985696,1,"IOTHUB_CLIENT_CONFIRMATION_OK"
22716,10328985863,10328985998,1,"IOTHUB_CLIENT_CONFIRMATION_OK"
22717,10328986063,10328986114,1,"IOTHUB_CLIENT_CONFIRMATION_OK"
22718,10328986263,10328986301,1,"IOTHUB_CLIENT_CONFIRMATION_OK"
22719,10328986463,10328986559,1,"IOTHUB_CLIENT_CONFIRMATION_OK"
22720,10328986663,10328986696,1,"IOTHUB_CLIENT_CONFIRMATION_OK"
22721,10328986864,10328986897,1,"IOTHUB_CLIENT_CONFIRMATION_OK"
22722,10328987064,10328987097,1,"IOTHUB_CLIENT_CONFIRMATION_OK"
22723,10328987264,10328987299,1,"IOTHUB_CLIENT_CONFIRMATION_OK"
22724,10328987464,10328987563,1,"IOTHUB_CLIENT_CONFIRMATION_OK"
22725,10328987664,10328987699,1,"IOTHUB_CLIENT_CONFIRMATION_OK"
22726,10328987864,10328987906,1,"IOTHUB_CLIENT_CONFIRMATION_OK"
22727,10328988064,10328988183,1,"IOTHUB_CLIENT_CONFIRMATION_OK"
22728,10328988265,10328988301,1,"IOTHUB_CLIENT_CONFIRMATION_OK"
22729,10328988465,10328988501,1,"IOTHUB_CLIENT_CONFIRMATION_OK"
22730,10328988665,10328988694,1,"IOTHUB_CLIENT_CONFIRMATION_OK"
22731,10328988865,10328988907,1,"IOTHUB_CLIENT_CONFIRMATION_OK"
22732,10328989065,10328989204,1,"IOTHUB_CLIENT_CONFIRMATION_OK"
22733,10328989265,10328989308,1,"IOTHUB_CLIENT_CONFIRMATION_OK"
22734,10328989466,10328989515,1,"IOTHUB_CLIENT_CONFIRMATION_OK"
22735,10328989666,10328989698,1,"IOTHUB_CLIENT_CONFIRMATION_OK"
22736,10328989866,10328989908,1,"IOTHUB_CLIENT_CONFIRMATION_OK"
22737,10328990066,10328990117,1,"IOTHUB_CLIENT_CONFIRMATION_OK"
22738,10328990266,10328990302,1,"IOTHUB_CLIENT_CONFIRMATION_OK"
22739,10328990467,10328990563,1,"IOTHUB_CLIENT_CONFIRMATION_OK"
22740,10328990667,10328990826,1,"IOTHUB_CLIENT_CONFIRMATION_OK"
22741,10328990867,10328990928,1,"IOTHUB_CLIENT_CONFIRMATION_OK"
22742,10328991067,10328991100,1,"IOTHUB_CLIENT_CONFIRMATION_OK"
22743,10328991267,10328991300,1,"IOTHUB_CLIENT_CONFIRMATION_OK"
22744,10328991467,10328991504,1,"IOTHUB_CLIENT_CONFIRMATION_OK"
22745,10328991667,10328991899,1,"IOTHUB_CLIENT_CONFIRMATION_OK"
22746,10328991868,10328991908,1,"IOTHUB_CLIENT_CONFIRMATION_OK"
22747,10328992068,10328992105,1,"IOTHUB_CLIENT_CONFIRMATION_OK"
22748,10328992268,10328992313,1,"IOTHUB_CLIENT_CONFIRMATION_OK"
22749,10328992468,10328992504,1,"IOTHUB_CLIENT_CONFIRMATION_OK"
22750,10328992668,10328992702,1,"IOTHUB_CLIENT_CONFIRMATION_OK"
22751,10328992868,10328992944,1,"IOTHUB_CLIENT_CONFIRMATION_OK"
22752,10328993069,10328993102,1,"IOTHUB_CLIENT_CONFIRMATION_OK"
22753,10328993269,10328993305,1,"IOTHUB_CLIENT_CONFIRMATION_OK"
22754,10328993469,10328993505,1,"IOTHUB_CLIENT_CONFIRMATION_OK"
22755,10328993669,10328993702,1,"IOTHUB_CLIENT_CONFIRMATION_OK"
22756,10328993869,10328993921,1,"IOTHUB_CLIENT_CONFIRMATION_OK"
22757,10328994070,10328994110,1,"IOTHUB_CLIENT_CONFIRMATION_OK"
22758,10328994270,10328994370,1,"IOTHUB_CLIENT_CONFIRMATION_OK"
22759,10328994470,10328994524,1,"IOTHUB_CLIENT_CONFIRMATION_OK"
22760,10328994670,10328994700,1,"IOTHUB_CLIENT_CONFIRMATION_OK"
22761,10328994871,10328994935,1,"IOTHUB_CLIENT_CONFIRMATION_OK"
22762,10328995071,10328995114,1,"IOTHUB_CLIENT_CONFIRMATION_OK"
22763,10328995271,10328995304,1,"IOTHUB_CLIENT_CONFIRMATION_OK"
22764,10328995471,10328995541,1,"IOTHUB_CLIENT_CONFIRMATION_OK"
22765,10328995671,10328995701,1,"IOTHUB_CLIENT_CONFIRMATION_OK"
22766,10328995872,10328995943,1,"IOTHUB_CLIENT_CONFIRMATION_OK"
22767,10328996072,10328996104,1,"IOTHUB_CLIENT_CONFIRMATION_OK"
22768,10328996272,10328996305,1,"IOTHUB_CLIENT_CONFIRMATION_OK"
22769,10328996472,10328996558,1,"IOTHUB_CLIENT_CONFIRMATION_OK"
22770,10328996672,10328996706,1,"IOTHUB_CLIENT_CONFIRMATION_OK"
22771,10328996872,10328996905,1,"IOTHUB_CLIENT_CONFIRMATION_OK"
22772,10328997073,10328997103,1,"IOTHUB_CLIENT_CONFIRMATION_OK"
22773,10328997273,10328997304,1,"IOTHUB_CLIENT_CONFIRMATION_OK"
22774,10328997473,10328997588,1,"IOTHUB_CLIENT_CONFIRMATION_OK"
22775,10328997673,10328997707,1,"IOTHUB_CLIENT_CONFIRMATION_OK"
22776,10328997873,10328997904,1,"IOTHUB_CLIENT_CONFIRMATION_OK"
22777,10328998073,10328998205,1,"IOTHUB_CLIENT_CONFIRMATION_OK"
22778,10328998274,10328998333,1,"IOTHUB_CLIENT_CONFIRMATION_OK"
22779,10328998474,10328998534,1,"IOTHUB_CLIENT_CONFIRMATION_OK"
22780,10328998674,10328998715,1,"IOTHUB_CLIENT_CONFIRMATION_OK"
22781,10328998874,10328998906,1,"IOTHUB_CLIENT_CONFIRMATION_OK"
22782,10328999075,10328999306,1,"IOTHUB_CLIENT_CONFIRMATION_OK"
22783,10328999275,10328999326,1,"IOTHUB_CLIENT_CONFIRMATION_OK"
22784,10328999475,10328999504,1,"IOTHUB_CLIENT_CONFIRMATION_OK"
22785,10328999675,10328999716,1,"IOTHUB_CLIENT_CONFIRMATION_OK"
22786,10328999875,10328999909,1,"IOTHUB_CLIENT_CONFIRMATION_OK"
22787,10329000075,10329000109,1,"IOTHUB_CLIENT_CONFIRMATION_OK"
22788,10329000275,10329000310,1,"IOTHUB_CLIENT_CONFIRMATION_OK"
22789,10329000476,10329000509,1,"IOTHUB_CLIENT_CONFIRMATION_OK"
22790,10329000676,10329000735,1,"IOTHUB_CLIENT_CONFIRMATION_OK"
22791,10329000876,10329000931,1,"IOTHUB_CLIENT_CONFIRMATION_OK"
22792,10329001076,10329001150,1,"IOTHUB_CLIENT_CONFIRMATION_OK"
22793,10329001276,10329001339,1,"IOTHUB_CLIENT_CONFIRMATION_OK"
22794,10329001476,10329001511,1,"IOTHUB_CLIENT_CONFIRMATION_OK"
22795,10329001677,10329001750,1,"IOTHUB_CLIENT_CONFIRMATION_OK"
22796,10329001877,10329001911,1,"IOTHUB_CLIENT_CONFIRMATION_OK"
22797,10329002077,10329002109,1,"IOTHUB_CLIENT_CONFIRMATION_OK"
22798,10329002277,10329002360,1,"IOTHUB_CLIENT_CONFIRMATION_OK"
22799,10329002477,10329002579,1,"IOTHUB_CLIENT_CONFIRMATION_OK"
22800,10329002677,10329002722,1,"IOTHUB_CLIENT_CONFIRMATION_OK"
22801,10329002877,10329002906,1,"IOTHUB_CLIENT_CONFIRMATION_OK"
22802,10329003078,10329003113,1,"IOTHUB_CLIENT_CONFIRMATION_OK"
22803,10329003278,10329003371,1,"IOTHUB_CLIENT_CONFIRMATION_OK"
22804,10329003478,10329003508,1,"IOTHUB_CLIENT_CONFIRMATION_OK"
22805,10329003678,10329003709,1,"IOTHUB_CLIENT_CONFIRMATION_OK"
22806,10329003878,10329003987,1,"IOTHUB_CLIENT_CONFIRMATION_OK"
22807,10329004079,10329004124,1,"IOTHUB_CLIENT_CONFIRMATION_OK"
22808,10329004279,10329004310,1,"IOTHUB_CLIENT_CONFIRMATION_OK"
22809,10329004479,10329004513,1,"IOTHUB_CLIENT_CONFIRMATION_OK"
22810,10329004679,10329004746,1,"IOTHUB_CLIENT_CONFIRMATION_OK"
22811,10329004879,10329005012,1,"IOTHUB_CLIENT_CONFIRMATION_OK"
22812,10329005079,10329005112,1,"IOTHUB_CLIENT_CONFIRMATION_OK"
22813,10329005279,10329005308,1,"IOTHUB_CLIENT_CONFIRMATION_OK"
22814,10329005480,10329005511,1,"IOTHUB_CLIENT_CONFIRMATION_OK"
22815,10329005680,10329005714,1,"IOTHUB_CLIENT_CONFIRMATION_OK"
22816,10329005880,10329006043,1,"IOTHUB_CLIENT_CONFIRMATION_OK"
22817,10329006080,10329006121,1,"IOTHUB_CLIENT_CONFIRMATION_OK"
22818,10329006280,10329006311,1,"IOTHUB_CLIENT_CONFIRMATION_OK"
22819,10329006480,10329006667,1,"IOTHUB_CLIENT_CONFIRMATION_OK"
22820,10329006681,10329006716,1,"IOTHUB_CLIENT_CONFIRMATION_OK"
22821,10329006881,10329006916,1,"IOTHUB_CLIENT_CONFIRMATION_OK"
22822,10329007081,10329007115,1,"IOTHUB_CLIENT_CONFIRMATION_OK"
22823,10329007281,10329007315,1,"IOTHUB_CLIENT_CONFIRMATION_OK"
22824,10329007481,10329007646,1,"IOTHUB_CLIENT_CONFIRMATION_OK"
22825,10329007681,10329007714,1,"IOTHUB_CLIENT_CONFIRMATION_OK"
22826,10329007881,10329007909,1,"IOTHUB_CLIENT_CONFIRMATION_OK"
22827,10329008082,10329008112,1,"IOTHUB_CLIENT_CONFIRMATION_OK"
22828,10329008282,10329008316,1,"IOTHUB_CLIENT_CONFIRMATION_OK"
22829,10329008482,10329008516,1,"IOTHUB_CLIENT_CONFIRMATION_OK"
22830,10329008682,10329008716,1,"IOTHUB_CLIENT_CONFIRMATION_OK"
22831,10329008882,10329008932,1,"IOTHUB_CLIENT_CONFIRMATION_OK"
22832,10329009082,10329009236,1,"IOTHUB_CLIENT_CONFIRMATION_OK"
22833,10329009283,10329009316,1,"IOTHUB_CLIENT_CONFIRMATION_OK"
22834,10329009483,10329009534,1,"IOTHUB_CLIENT_CONFIRMATION_OK"
22835,10329009683,10329009713,1,"IOTHUB_CLIENT_CONFIRMATION_OK"
22836,10329009883,10329009917,1,"IOTHUB_CLIENT_CONFIRMATION_OK"
22837,10329010083,10329010126,1,"IOTHUB_CLIENT_CONFIRMATION_OK"
22838,10329010283,10329010313,1,"IOTHUB_CLIENT_CONFIRMATION_OK"
22839,10329010484,10329010513,1,"IOTHUB_CLIENT_CONFIRMATION_OK"
22840,10329010684,10329010719,1,"IOTHUB_CLIENT_CONFIRMATION_OK"
22841,10329010884,10329010913,1,"IOTHUB_CLIENT_CONFIRMATION_OK"
22842,10329011084,10329011113,1,"IOTHUB_CLIENT_CONFIRMATION_OK"
22843,10329011284,10329011331,1,"IOTHUB_CLIENT_CONFIRMATION_OK"
22844,10329011484,10329011524,1,"IOTHUB_CLIENT_CONFIRMATION_OK"
22845,10329011685,10329011717,1,"IOTHUB_CLIENT_CONFIRMATION_OK"
22846,10329011885,10329011917,1,"IOTHUB_CLIENT_CONFIRMATION_OK"
22847,10329012085,10329012119,1,"IOTHUB_CLIENT_CONFIRMATION_OK"
22848,10329012285,10329012326,1,"IOTHUB_CLIENT_CONFIRMATION_OK"
22849,10329012485,10329012520,1,"IOTHUB_CLIENT_CONFIRMATION_OK"
22850,10329012685,10329012720,1,"IOTHUB_CLIENT_CONFIRMATION_OK"
22851,10329012886,10329013043,1,"IOTHUB_CLIENT_CONFIRMATION_OK"
22852,10329013086,10329013139,1,"IOTHUB_CLIENT_CONFIRMATION_OK"
22853,10329013286,10329013344,1,"IOTHUB_CLIENT_CONFIRMATION_OK"
22854,10329013486,10329013515,1,"IOTHUB_CLIENT_CONFIRMATION_OK"
22855,10329013686,10329013720,1,"IOTHUB_CLIENT_CONFIRMATION_OK"
22856,10329013886,10329013956,1,"IOTHUB_CLIENT_CONFIRMATION_OK"
22857,10329014086,10329014132,1,"IOTHUB_CLIENT_CONFIRMATION_OK"
22858,10329014287,10329014330,1,"IOTHUB_CLIENT_CONFIRMATION_OK"
22859,10329014487,10329014517,1,"IOTHUB_CLIENT_CONFIRMATION_OK"
22860,10329014687,10329014950,1,"IOTHUB_CLIENT_CONFIRMATION_OK"
22861,10329014887,10329014982,1,"IOTHUB_CLIENT_CONFIRMATION_OK"
22862,10329015088,10329015126,1,"IOTHUB_CLIENT_CONFIRMATION_OK"
22863,10329015288,10329015323,1,"IOTHUB_CLIENT_CONFIRMATION_OK"
22864,10329015488,10329015614,1,"IOTHUB_CLIENT_CONFIRMATION_OK"
22865,10329015688,10329015719,1,"IOTHUB_CLIENT_CONFIRMATION_OK"
22866,10329015888,10329016003,1,"IOTHUB_CLIENT_CONFIRMATION_OK"
22867,10329016088,10329016121,1,"IOTHUB_CLIENT_CONFIRMATION_OK"
22868,10329016289,10329016317,1,"IOTHUB_CLIENT_CONFIRMATION_OK"
22869,10329016489,10329016653,1,"IOTHUB_CLIENT_CONFIRMATION_OK"
22870,10329016689,10329016722,1,"IOTHUB_CLIENT_CONFIRMATION_OK"
22871,10329016889,10329017255,1,"IOTHUB_CLIENT_CONFIRMATION_OK"
22872,10329017089,10329017470,1,"IOTHUB_CLIENT_CONFIRMATION_OK"
22873,10329017290,10329017758,1,"IOTHUB_CLIENT_CONFIRMATION_OK"
22874,10329017490,10329017790,1,"IOTHUB_CLIENT_CONFIRMATION_OK"
22875,10329017690,10329017857,1,"IOTHUB_CLIENT_CONFIRMATION_OK"
22876,10329017890,10329017924,1,"IOTHUB_CLIENT_CONFIRMATION_OK"
22877,10329018091,10329018122,1,"IOTHUB_CLIENT_CONFIRMATION_OK"
22878,10329018291,10329018325,1,"IOTHUB_CLIENT_CONFIRMATION_OK"
22879,10329018491,10329018524,1,"IOTHUB_CLIENT_CONFIRMATION_OK"
22880,10329018691,10329018723,1,"IOTHUB_CLIENT_CONFIRMATION_OK"
22881,10329018891,10329018927,1,"IOTHUB_CLIENT_CONFIRMATION_OK"
22882,10329019091,10329019286,1,"IOTHUB_CLIENT_CONFIRMATION_OK"
22883,10329019291,10329019335,1,"IOTHUB_CLIENT_CONFIRMATION_OK"
22884,10329019492,10329019526,1,"IOTHUB_CLIENT_CONFIRMATION_OK"
22885,10329019692,10329019727,1,"IOTHUB_CLIENT_CONFIRMATION_OK"
22886,10329019892,10329019922,1,"IOTHUB_CLIENT_CONFIRMATION_OK"
22887,10329020092,10329020122,1,"IOTHUB_CLIENT_CONFIRMATION_OK"
22888,10329020292,10329020326,1,"IOTHUB_CLIENT_CONFIRMATION_OK"
22889,10329020492,10329020523,1,"IOTHUB_CLIENT_CONFIRMATION_OK"
22890,10329020693,10329020807,1,"IOTHUB_CLIENT_CONFIRMATION_OK"
22891,10329020893,10329020927,1,"IOTHUB_CLIENT_CONFIRMATION_OK"
22892,10329021093,10329021139,1,"IOTHUB_CLIENT_CONFIRMATION_OK"
22893,10329021293,10329021324,1,"IOTHUB_CLIENT_CONFIRMATION_OK"
22894,10329021493,10329021529,1,"IOTHUB_CLIENT_CONFIRMATION_OK"
22895,10329021693,10329021815,1,"IOTHUB_CLIENT_CONFIRMATION_OK"
22896,10329021894,10329021931,1,"IOTHUB_CLIENT_CONFIRMATION_OK"
22897,10329022094,10329022157,1,"IOTHUB_CLIENT_CONFIRMATION_OK"
22898,10329022294,10329022330,1,"IOTHUB_CLIENT_CONFIRMATION_OK"
22899,10329022494,10329022524,1,"IOTHUB_CLIENT_CONFIRMATION_OK"
22900,10329022694,10329022742,1,"IOTHUB_CLIENT_CONFIRMATION_OK"
22901,10329022894,10329022929,1,"IOTHUB_CLIENT_CONFIRMATION_OK"
22902,10329023094,10329023129,1,"IOTHUB_CLIENT_CONFIRMATION_OK"
22903,10329023295,10329023463,1,"IOTHUB_CLIENT_CONFIRMATION_OK"
22904,10329023495,10329023528,1,"IOTHUB_CLIENT_CONFIRMATION_OK"
22905,10329023695,10329023732,1,"IOTHUB_CLIENT_CONFIRMATION_OK"
22906,10329023895,10329024342,1,"IOTHUB_CLIENT_CONFIRMATION_OK"
22907,10329024095,10329024375,1,"IOTHUB_CLIENT_CONFIRMATION_OK"
22908,10329024295,10329024516,1,"IOTHUB_CLIENT_CONFIRMATION_OK"
22909,10329024495,10329024530,1,"IOTHUB_CLIENT_CONFIRMATION_OK"
22910,10329024696,10329024724,1,"IOTHUB_CLIENT_CONFIRMATION_OK"
22911,10329024896,10329024933,1,"IOTHUB_CLIENT_CONFIRMATION_OK"
22912,10329025096,10329025125,1,"IOTHUB_CLIENT_CONFIRMATION_OK"
22913,10329025296,10329025325,1,"IOTHUB_CLIENT_CONFIRMATION_OK"
22914,10329025496,10329025539,1,"IOTHUB_CLIENT_CONFIRMATION_OK"
22915,10329025696,10329025752,1,"IOTHUB_CLIENT_CONFIRMATION_OK"
22916,10329025897,10329026186,1,"IOTHUB_CLIENT_CONFIRMATION_OK"
22917,10329026097,10329026210,1,"IOTHUB_CLIENT_CONFIRMATION_OK"
22918,10329026297,10329026338,1,"IOTHUB_CLIENT_CONFIRMATION_OK"
22919,10329026497,10329026581,1,"IOTHUB_CLIENT_CONFIRMATION_OK"
22920,10329026697,10329026728,1,"IOTHUB_CLIENT_CONFIRMATION_OK"
22921,10329026897,10329026932,1,"IOTHUB_CLIENT_CONFIRMATION_OK"
22922,10329027098,10329027137,1,"IOTHUB_CLIENT_CONFIRMATION_OK"
22923,10329027298,10329027349,1,"IOTHUB_CLIENT_CONFIRMATION_OK"
22924,10329027498,10329027586,1,"IOTHUB_CLIENT_CONFIRMATION_OK"
22925,10329027698,10329027727,1,"IOTHUB_CLIENT_CONFIRMATION_OK"
22926,10329027898,10329027938,1,"IOTHUB_CLIENT_CONFIRMATION_OK"
22927,10329028098,10329028236,1,"IOTHUB_CLIENT_CONFIRMATION_OK"
22928,10329028298,10329028337,1,"IOTHUB_CLIENT_CONFIRMATION_OK"
22929,10329028499,10329028542,1,"IOTHUB_CLIENT_CONFIRMATION_OK"
22930,10329028699,10329028732,1,"IOTHUB_CLIENT_CONFIRMATION_OK"
22931,10329028899,10329028933,1,"IOTHUB_CLIENT_CONFIRMATION_OK"
22932,10329029099,10329029251,1,"IOTHUB_CLIENT_CONFIRMATION_OK"
22933,10329029299,10329029330,1,"IOTHUB_CLIENT_CONFIRMATION_OK"
22934,10329029499,10329029533,1,"IOTHUB_CLIENT_CONFIRMATION_OK"
22935,10329029700,10329029731,1,"IOTHUB_CLIENT_CONFIRMATION_OK"
22936,10329029900,10329029933,1,"IOTHUB_CLIENT_CONFIRMATION_OK"
22937,10329030100,10329030282,1,"IOTHUB_CLIENT_CONFIRMATION_OK"
22938,10329030300,10329030333,1,"IOTHUB_CLIENT_CONFIRMATION_OK"
22939,10329030500,10329030529,1,"IOTHUB_CLIENT_CONFIRMATION_OK"
22940,10329030701,10329030735,1,"IOTHUB_CLIENT_CONFIRMATION_OK"
22941,10329030901,10329030935,1,"IOTHUB_CLIENT_CONFIRMATION_OK"
22942,10329031101,10329031140,1,"IOTHUB_CLIENT_CONFIRMATION_OK"
22943,10329031301,10329031338,1,"IOTHUB_CLIENT_CONFIRMATION_OK"
22944,10329031501,10329031548,1,"IOTHUB_CLIENT_CONFIRMATION_OK"
22945,10329031702,10329031814,1,"IOTHUB_CLIENT_CONFIRMATION_OK"
22946,10329031902,10329031936,1,"IOTHUB_CLIENT_CONFIRMATION_OK"
22947,10329032102,10329032133,1,"IOTHUB_CLIENT_CONFIRMATION_OK"
22948,10329032302,10329032337,1,"IOTHUB_CLIENT_CONFIRMATION_OK"
22949,10329032502,10329032556,1,"IOTHUB_CLIENT_CONFIRMATION_OK"
22950,10329032702,10329032736,1,"IOTHUB_CLIENT_CONFIRMATION_OK"
22951,10329032902,10329032944,1,"IOTHUB_CLIENT_CONFIRMATION_OK"
22952,10329033103,10329033143,1,"IOTHUB_CLIENT_CONFIRMATION_OK"
22953,10329033303,10329033399,1,"IOTHUB_CLIENT_CONFIRMATION_OK"
22954,10329033503,10329033535,1,"IOTHUB_CLIENT_CONFIRMATION_OK"
22955,10329033703,10329033736,1,"IOTHUB_CLIENT_CONFIRMATION_OK"
22956,10329033904,10329033963,1,"IOTHUB_CLIENT_CONFIRMATION_OK"
22957,10329034104,10329034144,1,"IOTHUB_CLIENT_CONFIRMATION_OK"
22958,10329034304,10329034333,1,"IOTHUB_CLIENT_CONFIRMATION_OK"
22959,10329034504,10329034539,1,"IOTHUB_CLIENT_CONFIRMATION_OK"
22960,10329034704,10329034741,1,"IOTHUB_CLIENT_CONFIRMATION_OK"
22961,10329034905,10329034975,1,"IOTHUB_CLIENT_CONFIRMATION_OK"
22962,10329035105,10329035139,1,"IOTHUB_CLIENT_CONFIRMATION_OK"
22963,10329035305,10329035350,1,"IOTHUB_CLIENT_CONFIRMATION_OK"
22964,10329035505,10329035591,1,"IOTHUB_CLIENT_CONFIRMATION_OK"
22965,10329035706,10329035749,1,"IOTHUB_CLIENT_CONFIRMATION_OK"
22966,10329035906,10329035978,1,"IOTHUB_CLIENT_CONFIRMATION_OK"
22967,10329036106,10329036143,1,"IOTHUB_CLIENT_CONFIRMATION_OK"
22968,10329036306,10329036339,1,"IOTHUB_CLIENT_CONFIRMATION_OK"
22969,10329036507,10329036597,1,"IOTHUB_CLIENT_CONFIRMATION_OK"
22970,10329036707,10329036738,1,"IOTHUB_CLIENT_CONFIRMATION_OK"
22971,10329036907,10329036940,1,"IOTHUB_CLIENT_CONFIRMATION_OK"
22972,10329037107,10329037146,1,"IOTHUB_CLIENT_CONFIRMATION_OK"
22973,10329037307,10329037342,1,"IOTHUB_CLIENT_CONFIRMATION_OK"
22974,10329037507,10329037617,1,"IOTHUB_CLIENT_CONFIRMATION_OK"
22975,10329037708,10329037770,1,"IOTHUB_CLIENT_CONFIRMATION_OK"
22976,10329037908,10329037942,1,"IOTHUB_CLIENT_CONFIRMATION_OK"
22977,10329038108,10329038223,1,"IOTHUB_CLIENT_CONFIRMATION_OK"
22978,10329038308,10329038343,1,"IOTHUB_CLIENT_CONFIRMATION_OK"
22979,10329038508,10329038542,1,"IOTHUB_CLIENT_CONFIRMATION_OK"
22980,10329038709,10329038796,1,"IOTHUB_CLIENT_CONFIRMATION_OK"
22981,10329038909,10329038943,1,"IOTHUB_CLIENT_CONFIRMATION_OK"
22982,10329039109,10329039249,1,"IOTHUB_CLIENT_CONFIRMATION_OK"
22983,10329039309,10329039419,1,"IOTHUB_CLIENT_CONFIRMATION_OK"
22984,10329039509,10329039543,1,"IOTHUB_CLIENT_CONFIRMATION_OK"
22985,10329039710,10329039766,1,"IOTHUB_CLIENT_CONFIRMATION_OK"
22986,10329039910,10329039989,1,"IOTHUB_CLIENT_CONFIRMATION_OK"
22987,10329040110,10329040148,1,"IOTHUB_CLIENT_CONFIRMATION_OK"
22988,10329040310,10329040346,1,"IOTHUB_CLIENT_CONFIRMATION_OK"
22989,10329040510,10329040545,1,"IOTHUB_CLIENT_CONFIRMATION_OK"
22990,10329040710,10329040867,1,"IOTHUB_CLIENT_CONFIRMATION_OK"
22991,10329040910,10329040980,1,"IOTHUB_CLIENT_CONFIRMATION_OK"
22992,10329041111,10329041139,1,"IOTHUB_CLIENT_CONFIRMATION_OK"
22993,10329041311,10329041346,1,"IOTHUB_CLIENT_CONFIRMATION_OK"
22994,10329041511,10329041560,1,"IOTHUB_CLIENT_CONFIRMATION_OK"
22995,10329041711,10329041878,1,"IOTHUB_CLIENT_CONFIRMATION_OK"
22996,10329041911,10329041946,1,"IOTHUB_CLIENT_CONFIRMATION_OK"
22997,10329042111,10329042144,1,"IOTHUB_CLIENT_CONFIRMATION_OK"
22998,10329042311,10329042345,1,"IOTHUB_CLIENT_CONFIRMATION_OK"
22999,10329042512,10329042549,1,"IOTHUB_CLIENT_CONFIRMATION_OK"
23000,10329042712,10329042742,1,"IOTHUB_CLIENT_CONFIRMATION_OK"
23001,10329042912,10329042945,1,"IOTHUB_CLIENT_CONFIRMATION_OK"
23002,10329043112,10329043144,1,"IOTHUB_CLIENT_CONFIRMATION_OK"
23003,10329043312,10329043501,1,"IOTHUB_CLIENT_CONFIRMATION_OK"
23004,10329043512,10329043541,1,"IOTHUB_CLIENT_CONFIRMATION_OK"
23005,10329043713,10329043746,1,"IOTHUB_CLIENT_CONFIRMATION_OK"
23006,10329043913,10329043947,1,"IOTHUB_CLIENT_CONFIRMATION_OK"
23007,10329044113,10329044153,1,"IOTHUB_CLIENT_CONFIRMATION_OK"
23008,10329044313,10329044345,1,"IOTHUB_CLIENT_CONFIRMATION_OK"
23009,10329044513,10329044544,1,"IOTHUB_CLIENT_CONFIRMATION_OK"
23010,10329044713,10329044752,1,"IOTHUB_CLIENT_CONFIRMATION_OK"
23011,10329044913,10329044947,1,"IOTHUB_CLIENT_CONFIRMATION_OK"
23012,10329045114,10329045166,1,"IOTHUB_CLIENT_CONFIRMATION_OK"
23013,10329045314,10329045358,1,"IOTHUB_CLIENT_CONFIRMATION_OK"
23014,10329045514,10329045548,1,"IOTHUB_CLIENT_CONFIRMATION_OK"
23015,10329045714,10329045764,1,"IOTHUB_CLIENT_CONFIRMATION_OK"
23016,10329045914,10329045960,1,"IOTHUB_CLIENT_CONFIRMATION_OK"
23017,10329046114,10329046146,1,"IOTHUB_CLIENT_CONFIRMATION_OK"
23018,10329046314,10329046344,1,"IOTHUB_CLIENT_CONFIRMATION_OK"
23019,10329046515,10329046670,1,"IOTHUB_CLIENT_CONFIRMATION_OK"
23020,10329046715,10329046759,1,"IOTHUB_CLIENT_CONFIRMATION_OK"
23021,10329046915,10329046954,1,"IOTHUB_CLIENT_CONFIRMATION_OK"
23022,10329047115,10329047145,1,"IOTHUB_CLIENT_CONFIRMATION_OK"
23023,10329047315,10329047345,1,"IOTHUB_CLIENT_CONFIRMATION_OK"
23024,10329047516,10329047683,1,"IOTHUB_CLIENT_CONFIRMATION_OK"
23025,10329047716,10329047751,1,"IOTHUB_CLIENT_CONFIRMATION_OK"
23026,10329047916,10329047950,1,"IOTHUB_CLIENT_CONFIRMATION_OK"
23027,10329048116,10329048153,1,"IOTHUB_CLIENT_CONFIRMATION_OK"
23028,10329048316,10329048351,1,"IOTHUB_CLIENT_CONFIRMATION_OK"
23029,10329048516,10329048551,1,"IOTHUB_CLIENT_CONFIRMATION_OK"
23030,10329048716,10329048752,1,"IOTHUB_CLIENT_CONFIRMATION_OK"
23031,10329048917,10329048950,1,"IOTHUB_CLIENT_CONFIRMATION_OK"
23032,10329049117,10329049148,1,"IOTHUB_CLIENT_CONFIRMATION_OK"
23033,10329049317,10329049349,1,"IOTHUB_CLIENT_CONFIRMATION_OK"
23034,10329049517,10329049574,1,"IOTHUB_CLIENT_CONFIRMATION_OK"
23035,10329049717,10329049747,1,"IOTHUB_CLIENT_CONFIRMATION_OK"
23036,10329049917,10329049947,1,"IOTHUB_CLIENT_CONFIRMATION_OK"
23037,10329050118,10329050153,1,"IOTHUB_CLIENT_CONFIRMATION_OK"
23038,10329050318,10329050346,1,"IOTHUB_CLIENT_CONFIRMATION_OK"
23039,10329050518,10329050552,1,"IOTHUB_CLIENT_CONFIRMATION_OK"
23040,10329050718,10329050758,1,"IOTHUB_CLIENT_CONFIRMATION_OK"
23041,10329050918,10329050952,1,"IOTHUB_CLIENT_CONFIRMATION_OK"
23042,10329051119,10329051154,1,"IOTHUB_CLIENT_CONFIRMATION_OK"
23043,10329051319,10329051365,1,"IOTHUB_CLIENT_CONFIRMATION_OK"
23044,10329051519,10329051554,1,"IOTHUB_CLIENT_CONFIRMATION_OK"
23045,10329051719,10329051797,1,"IOTHUB_CLIENT_CONFIRMATION_OK"
23046,10329051919,10329051948,1,"IOTHUB_CLIENT_CONFIRMATION_OK"
23047,10329052119,10329052154,1,"IOTHUB_CLIENT_CONFIRMATION_OK"
23048,10329052320,10329052412,1,"IOTHUB_CLIENT_CONFIRMATION_OK"
23049,10329052520,10329052554,1,"IOTHUB_CLIENT_CONFIRMATION_OK"
23050,10329052720,10329052754,1,"IOTHUB_CLIENT_CONFIRMATION_OK"
23051,10329052920,10329052954,1,"IOTHUB_CLIENT_CONFIRMATION_OK"
23052,10329053120,10329053158,1,"IOTHUB_CLIENT_CONFIRMATION_OK"
23053,10329053320,10329053427,1,"IOTHUB_CLIENT_CONFIRMATION_OK"
23054,10329053521,10329053550,1,"IOTHUB_CLIENT_CONFIRMATION_OK"
23055,10329053721,10329053757,1,"IOTHUB_CLIENT_CONFIRMATION_OK"
23056,10329053921,10329054033,1,"IOTHUB_CLIENT_CONFIRMATION_OK"
23057,10329054121,10329054151,1,"IOTHUB_CLIENT_CONFIRMATION_OK"
23058,10329054321,10329054355,1,"IOTHUB_CLIENT_CONFIRMATION_OK"
23059,10329054521,10329054568,1,"IOTHUB_CLIENT_CONFIRMATION_OK"
23060,10329054722,10329054751,1,"IOTHUB_CLIENT_CONFIRMATION_OK"
23061,10329054922,10329055053,1,"IOTHUB_CLIENT_CONFIRMATION_OK"
23062,10329055122,10329055178,1,"IOTHUB_CLIENT_CONFIRMATION_OK"
23063,10329055322,10329055356,1,"IOTHUB_CLIENT_CONFIRMATION_OK"
23064,10329055522,10329055553,1,"IOTHUB_CLIENT_CONFIRMATION_OK"
23065,10329055722,10329055770,1,"IOTHUB_CLIENT_CONFIRMATION_OK"
23066,10329055922,10329055957,1,"IOTHUB_CLIENT_CONFIRMATION_OK"
23067,10329056123,10329056151,1,"IOTHUB_CLIENT_CONFIRMATION_OK"
23068,10329056323,10329056355,1,"IOTHUB_CLIENT_CONFIRMATION_OK"
23069,10329056523,10329056553,1,"IOTHUB_CLIENT_CONFIRMATION_OK"
23070,10329056723,10329056767,1,"IOTHUB_CLIENT_CONFIRMATION_OK"
23071,10329056923,10329056966,1,"IOTHUB_CLIENT_CONFIRMATION_OK"
23072,10329057123,10329057160,1,"IOTHUB_CLIENT_CONFIRMATION_OK"
23073,10329057324,10329057351,1,"IOTHUB_CLIENT_CONFIRMATION_OK"
23074,10329057524,10329057712,1,"IOTHUB_CLIENT_CONFIRMATION_OK"
23075,10329057724,10329057758,1,"IOTHUB_CLIENT_CONFIRMATION_OK"
23076,10329057924,10329057969,1,"IOTHUB_CLIENT_CONFIRMATION_OK"
23077,10329058124,10329058154,1,"IOTHUB_CLIENT_CONFIRMATION_OK"
23078,10329058324,10329058367,1,"IOTHUB_CLIENT_CONFIRMATION_OK"
23079,10329058524,10329058558,1,"IOTHUB_CLIENT_CONFIRMATION_OK"
23080,10329058725,10329058759,1,"IOTHUB_CLIENT_CONFIRMATION_OK"
23081,10329058925,10329058959,1,"IOTHUB_CLIENT_CONFIRMATION_OK"
23082,10329059125,10329059160,1,"IOTHUB_CLIENT_CONFIRMATION_OK"
23083,10329059325,10329059359,1,"IOTHUB_CLIENT_CONFIRMATION_OK"
23084,10329059525,10329059622,1,"IOTHUB_CLIENT_CONFIRMATION_OK"
23085,10329059725,10329059758,1,"IOTHUB_CLIENT_CONFIRMATION_OK"
23086,10329059926,10329059964,1,"IOTHUB_CLIENT_CONFIRMATION_OK"
23087,10329060126,10329060240,1,"IOTHUB_CLIENT_CONFIRMATION_OK"
23088,10329060326,10329060360,1,"IOTHUB_CLIENT_CONFIRMATION_OK"
23089,10329060526,10329060557,1,"IOTHUB_CLIENT_CONFIRMATION_OK"
23090,10329060726,10329060762,1,"IOTHUB_CLIENT_CONFIRMATION_OK"
23091,10329060927,10329060986,1,"IOTHUB_CLIENT_CONFIRMATION_OK"
23092,10329061127,10329061160,1,"IOTHUB_CLIENT_CONFIRMATION_OK"
23093,10329061327,10329061374,1,"IOTHUB_CLIENT_CONFIRMATION_OK"
23094,10329061527,10329061584,1,"IOTHUB_CLIENT_CONFIRMATION_OK"
23095,10329061727,10329061759,1,"IOTHUB_CLIENT_CONFIRMATION_OK"
23096,10329061927,10329061960,1,"IOTHUB_CLIENT_CONFIRMATION_OK"
23097,10329062128,10329062158,1,"IOTHUB_CLIENT_CONFIRMATION_OK"
23098,10329062328,10329062386,1,"IOTHUB_CLIENT_CONFIRMATION_OK"
23099,10329062528,10329062563,1,"IOTHUB_CLIENT_CONFIRMATION_OK"
23100,10329062728,10329062762,1,"IOTHUB_CLIENT_CONFIRMATION_OK"
23101,10329062928,10329062990,1,"IOTHUB_CLIENT_CONFIRMATION_OK"
23102,10329063128,10329063161,1,"IOTHUB_CLIENT_CONFIRMATION_OK"
23103,10329063328,10329063385,1,"IOTHUB_CLIENT_CONFIRMATION_OK"
23104,10329063529,10329063563,1,"IOTHUB_CLIENT_CONFIRMATION_OK"
23105,10329063729,10329063764,1,"IOTHUB_CLIENT_CONFIRMATION_OK"
23106,10329063929,10329064009,1,"IOTHUB_CLIENT_CONFIRMATION_OK"
23107,10329064129,10329064162,1,"IOTHUB_CLIENT_CONFIRMATION_OK"
23108,10329064329,10329064358,1,"IOTHUB_CLIENT_CONFIRMATION_OK"
23109,10329064529,10329064564,1,"IOTHUB_CLIENT_CONFIRMATION_OK"
23110,10329064730,10329064765,1,"IOTHUB_CLIENT_CONFIRMATION_OK"
23111,10329064930,10329065037,1,"IOTHUB_CLIENT_CONFIRMATION_OK"
23112,10329065130,10329065165,1,"IOTHUB_CLIENT_CONFIRMATION_OK"
23113,10329065330,10329065375,1,"IOTHUB_CLIENT_CONFIRMATION_OK"
23114,10329065530,10329065632,1,"IOTHUB_CLIENT_CONFIRMATION_OK"
23115,10329065731,10329065765,1,"IOTHUB_CLIENT_CONFIRMATION_OK"
23116,10329065931,10329065964,1,"IOTHUB_CLIENT_CONFIRMATION_OK"
23117,10329066131,10329066163,1,"IOTHUB_CLIENT_CONFIRMATION_OK"
23118,10329066331,10329066364,1,"IOTHUB_CLIENT_CONFIRMATION_OK"
23119,10329066531,10329066658,1,"IOTHUB_CLIENT_CONFIRMATION_OK"
23120,10329066731,10329066782,1,"IOTHUB_CLIENT_CONFIRMATION_OK"
23121,10329066931,10329066960,1,"IOTHUB_CLIENT_CONFIRMATION_OK"
23122,10329067132,10329067167,1,"IOTHUB_CLIENT_CONFIRMATION_OK"
23123,10329067332,10329067364,1,"IOTHUB_CLIENT_CONFIRMATION_OK"
23124,10329067532,10329067654,1,"IOTHUB_CLIENT_CONFIRMATION_OK"
23125,10329067732,10329067773,1,"IOTHUB_CLIENT_CONFIRMATION_OK"
23126,10329067932,10329067974,1,"IOTHUB_CLIENT_CONFIRMATION_OK"
23127,10329068132,10329068172,1,"IOTHUB_CLIENT_CONFIRMATION_OK"
23128,10329068333,10329068435,1,"IOTHUB_CLIENT_CONFIRMATION_OK"
23129,10329068533,10329068562,1,"IOTHUB_CLIENT_CONFIRMATION_OK"
23130,10329068733,10329068771,1,"IOTHUB_CLIENT_CONFIRMATION_OK"
23131,10329068933,10329068966,1,"IOTHUB_CLIENT_CONFIRMATION_OK"
23132,10329069133,10329069322,1,"IOTHUB_CLIENT_CONFIRMATION_OK"
23133,10329069333,10329069368,1,"IOTHUB_CLIENT_CONFIRMATION_OK"
23134,10329069534,10329069569,1,"IOTHUB_CLIENT_CONFIRMATION_OK"
23135,10329069734,10329069767,1,"IOTHUB_CLIENT_CONFIRMATION_OK"
23136,10329069934,10329069967,1,"IOTHUB_CLIENT_CONFIRMATION_OK"
23137,10329070134,10329070169,1,"IOTHUB_CLIENT_CONFIRMATION_OK"
23138,10329070334,10329070366,1,"IOTHUB_CLIENT_CONFIRMATION_OK"
23139,10329070535,10329070586,1,"IOTHUB_CLIENT_CONFIRMATION_OK"
23140,10329070735,10329070915,1,"IOTHUB_CLIENT_CONFIRMATION_OK"
23141,10329070935,10329070971,1,"IOTHUB_CLIENT_CONFIRMATION_OK"
23142,10329071135,10329071171,1,"IOTHUB_CLIENT_CONFIRMATION_OK"
23143,10329071335,10329071370,1,"IOTHUB_CLIENT_CONFIRMATION_OK"
23144,10329071535,10329071572,1,"IOTHUB_CLIENT_CONFIRMATION_OK"
23145,10329071736,10329071952,1,"IOTHUB_CLIENT_CONFIRMATION_OK"
23146,10329071936,10329072015,1,"IOTHUB_CLIENT_CONFIRMATION_OK"
23147,10329072136,10329072178,1,"IOTHUB_CLIENT_CONFIRMATION_OK"
23148,10329072336,10329072366,1,"IOTHUB_CLIENT_CONFIRMATION_OK"
23149,10329072536,10329072568,1,"IOTHUB_CLIENT_CONFIRMATION_OK"
23150,10329072736,10329072771,1,"IOTHUB_CLIENT_CONFIRMATION_OK"
23151,10329072936,10329072989,1,"IOTHUB_CLIENT_CONFIRMATION_OK"
23152,10329073137,10329073170,1,"IOTHUB_CLIENT_CONFIRMATION_OK"
23153,10329073337,10329073368,1,"IOTHUB_CLIENT_CONFIRMATION_OK"
23154,10329073537,10329073585,1,"IOTHUB_CLIENT_CONFIRMATION_OK"
23155,10329073737,10329073767,1,"IOTHUB_CLIENT_CONFIRMATION_OK"
23156,10329073937,10329074107,1,"IOTHUB_CLIENT_CONFIRMATION_OK"
23157,10329074137,10329074173,1,"IOTHUB_CLIENT_CONFIRMATION_OK"
23158,10329074338,10329074373,1,"IOTHUB_CLIENT_CONFIRMATION_OK"
23159,10329074538,10329074616,1,"IOTHUB_CLIENT_CONFIRMATION_OK"
23160,10329074738,10329074772,1,"IOTHUB_CLIENT_CONFIRMATION_OK"
23161,10329074938,10329075101,1,"IOTHUB_CLIENT_CONFIRMATION_OK"
23162,10329075138,10329075180,1,"IOTHUB_CLIENT_CONFIRMATION_OK"
23163,10329075338,10329075399,1,"IOTHUB_CLIENT_CONFIRMATION_OK"
23164,10329075538,10329075601,1,"IOTHUB_CLIENT_CONFIRMATION_OK"
23165,10329075739,10329075776,1,"IOTHUB_CLIENT_CONFIRMATION_OK"
23166,10329075939,10329076123,1,"IOTHUB_CLIENT_CONFIRMATION_OK"
23167,10329076139,10329076170,1,"IOTHUB_CLIENT_CONFIRMATION_OK"
23168,10329076339,10329076372,1,"IOTHUB_CLIENT_CONFIRMATION_OK"
23169,10329076539,10329076578,1,"IOTHUB_CLIENT_CONFIRMATION_OK"
23170,10329076740,10329076784,1,"IOTHUB_CLIENT_CONFIRMATION_OK"
23171,10329076940,10329076974,1,"IOTHUB_CLIENT_CONFIRMATION_OK"
23172,10329077140,10329077170,1,"IOTHUB_CLIENT_CONFIRMATION_OK"
23173,10329077340,10329077378,1,"IOTHUB_CLIENT_CONFIRMATION_OK"
23174,10329077540,10329077784,1,"IOTHUB_CLIENT_CONFIRMATION_OK"
23175,10329077740,10329077805,1,"IOTHUB_CLIENT_CONFIRMATION_OK"
23176,10329077941,10329077971,1,"IOTHUB_CLIENT_CONFIRMATION_OK"
23177,10329078141,10329078191,1,"IOTHUB_CLIENT_CONFIRMATION_OK"
23178,10329078341,10329078393,1,"IOTHUB_CLIENT_CONFIRMATION_OK"
23179,10329078541,10329078573,1,"IOTHUB_CLIENT_CONFIRMATION_OK"
23180,10329078741,10329078818,1,"IOTHUB_CLIENT_CONFIRMATION_OK"
23181,10329078941,10329078969,1,"IOTHUB_CLIENT_CONFIRMATION_OK"
23182,10329079142,10329079238,1,"IOTHUB_CLIENT_CONFIRMATION_OK"
23183,10329079342,10329079373,1,"IOTHUB_CLIENT_CONFIRMATION_OK"
23184,10329079542,10329079575,1,"IOTHUB_CLIENT_CONFIRMATION_OK"
23185,10329079742,10329079774,1,"IOTHUB_CLIENT_CONFIRMATION_OK"
23186,10329079942,10329079971,1,"IOTHUB_CLIENT_CONFIRMATION_OK"
23187,10329080142,10329080170,1,"IOTHUB_CLIENT_CONFIRMATION_OK"
23188,10329080343,10329080450,1,"IOTHUB_CLIENT_CONFIRMATION_OK"
23189,10329080543,10329080576,1,"IOTHUB_CLIENT_CONFIRMATION_OK"
23190,10329080743,10329080872,1,"IOTHUB_CLIENT_CONFIRMATION_OK"
23191,10329080943,10329080976,1,"IOTHUB_CLIENT_CONFIRMATION_OK"
23192,10329081143,10329081205,1,"IOTHUB_CLIENT_CONFIRMATION_OK"
23193,10329081343,10329081382,1,"IOTHUB_CLIENT_CONFIRMATION_OK"
23194,10329081543,10329081579,1,"IOTHUB_CLIENT_CONFIRMATION_OK"
23195,10329081744,10329081898,1,"IOTHUB_CLIENT_CONFIRMATION_OK"
23196,10329081944,10329081979,1,"IOTHUB_CLIENT_CONFIRMATION_OK"
23197,10329082144,10329082179,1,"IOTHUB_CLIENT_CONFIRMATION_OK"
23198,10329082344,10329082375,1,"IOTHUB_CLIENT_CONFIRMATION_OK"
23199,10329082544,10329082577,1,"IOTHUB_CLIENT_CONFIRMATION_OK"
23200,10329082744,10329082777,1,"IOTHUB_CLIENT_CONFIRMATION_OK"
23201,10329082944,10329082978,1,"IOTHUB_CLIENT_CONFIRMATION_OK"
23202,10329083145,10329083178,1,"IOTHUB_CLIENT_CONFIRMATION_OK"
23203,10329083345,10329083555,1,"IOTHUB_CLIENT_CONFIRMATION_OK"
23204,10329083545,10329083574,1,"IOTHUB_CLIENT_CONFIRMATION_OK"
23205,10329083745,10329083809,1,"IOTHUB_CLIENT_CONFIRMATION_OK"
23206,10329083945,10329083979,1,"IOTHUB_CLIENT_CONFIRMATION_OK"
23207,10329084146,10329084185,1,"IOTHUB_CLIENT_CONFIRMATION_OK"
23208,10329084346,10329084391,1,"IOTHUB_CLIENT_CONFIRMATION_OK"
23209,10329084546,10329084584,1,"IOTHUB_CLIENT_CONFIRMATION_OK"
23210,10329084746,10329084775,1,"IOTHUB_CLIENT_CONFIRMATION_OK"
23211,10329084946,10329084980,1,"IOTHUB_CLIENT_CONFIRMATION_OK"
23212,10329085146,10329085175,1,"IOTHUB_CLIENT_CONFIRMATION_OK"
23213,10329085346,10329085380,1,"IOTHUB_CLIENT_CONFIRMATION_OK"
23214,10329085547,10329085588,1,"IOTHUB_CLIENT_CONFIRMATION_OK"
23215,10329085747,10329085802,1,"IOTHUB_CLIENT_CONFIRMATION_OK"
23216,10329085947,10329086105,1,"IOTHUB_CLIENT_CONFIRMATION_OK"
23217,10329086147,10329086285,1,"IOTHUB_CLIENT_CONFIRMATION_OK"
23218,10329086347,10329086395,1,"IOTHUB_CLIENT_CONFIRMATION_OK"
23219,10329086548,10329086728,1,"IOTHUB_CLIENT_CONFIRMATION_OK"
23220,10329086748,10329086776,1,"IOTHUB_CLIENT_CONFIRMATION_OK"
23221,10329086948,10329086996,1,"IOTHUB_CLIENT_CONFIRMATION_OK"
23222,10329087148,10329087183,1,"IOTHUB_CLIENT_CONFIRMATION_OK"
23223,10329087348,10329087378,1,"IOTHUB_CLIENT_CONFIRMATION_OK"
23224,10329087548,10329087723,1,"IOTHUB_CLIENT_CONFIRMATION_OK"
23225,10329087749,10329087782,1,"IOTHUB_CLIENT_CONFIRMATION_OK"
23226,10329087949,10329087979,1,"IOTHUB_CLIENT_CONFIRMATION_OK"
23227,10329088149,10329088203,1,"IOTHUB_CLIENT_CONFIRMATION_OK"
23228,10329088349,10329088389,1,"IOTHUB_CLIENT_CONFIRMATION_OK"
23229,10329088549,10329088577,1,"IOTHUB_CLIENT_CONFIRMATION_OK"
23230,10329088750,10329088782,1,"IOTHUB_CLIENT_CONFIRMATION_OK"
23231,10329088950,10329089074,1,"IOTHUB_CLIENT_CONFIRMATION_OK"
23232,10329089150,10329089182,1,"IOTHUB_CLIENT_CONFIRMATION_OK"
23233,10329089350,10329089390,1,"IOTHUB_CLIENT_CONFIRMATION_OK"
23234,10329089550,10329089592,1,"IOTHUB_CLIENT_CONFIRMATION_OK"
23235,10329089750,10329089780,1,"IOTHUB_CLIENT_CONFIRMATION_OK"
23236,10329089950,10329089981,1,"IOTHUB_CLIENT_CONFIRMATION_OK"
23237,10329090151,10329090224,1,"IOTHUB_CLIENT_CONFIRMATION_OK"
23238,10329090351,10329090396,1,"IOTHUB_CLIENT_CONFIRMATION_OK"
23239,10329090551,10329090589,1,"IOTHUB_CLIENT_CONFIRMATION_OK"
23240,10329090751,10329090785,1,"IOTHUB_CLIENT_CONFIRMATION_OK"
23241,10329090951,10329090985,1,"IOTHUB_CLIENT_CONFIRMATION_OK"
23242,10329091152,10329091184,1,"IOTHUB_CLIENT_CONFIRMATION_OK"
23243,10329091352,10329091425,1,"IOTHUB_CLIENT_CONFIRMATION_OK"
23244,10329091552,10329091622,1,"IOTHUB_CLIENT_CONFIRMATION_OK"
23245,10329091752,10329091786,1,"IOTHUB_CLIENT_CONFIRMATION_OK"
23246,10329091952,10329091994,1,"IOTHUB_CLIENT_CONFIRMATION_OK"
23247,10329092152,10329092199,1,"IOTHUB_CLIENT_CONFIRMATION_OK"
23248,10329092353,10329092400,1,"IOTHUB_CLIENT_CONFIRMATION_OK"
23249,10329092553,10329092586,1,"IOTHUB_CLIENT_CONFIRMATION_OK"
23250,10329092753,10329092792,1,"IOTHUB_CLIENT_CONFIRMATION_OK"
23251,10329092953,10329093011,1,"IOTHUB_CLIENT_CONFIRMATION_OK"
23252,10329093153,10329093183,1,"IOTHUB_CLIENT_CONFIRMATION_OK"
23253,10329093353,10329093413,1,"IOTHUB_CLIENT_CONFIRMATION_OK"
23254,10329093553,10329093585,1,"IOTHUB_CLIENT_CONFIRMATION_OK"
23255,10329093754,10329093791,1,"IOTHUB_CLIENT_CONFIRMATION_OK"
23256,10329093954,10329094028,1,"IOTHUB_CLIENT_CONFIRMATION_OK"
23257,10329094154,10329094189,1,"IOTHUB_CLIENT_CONFIRMATION_OK"
23258,10329094354,10329094389,1,"IOTHUB_CLIENT_CONFIRMATION_OK"
23259,10329094554,10329094667,1,"IOTHUB_CLIENT_CONFIRMATION_OK"
23260,10329094754,10329094801,1,"IOTHUB_CLIENT_CONFIRMATION_OK"
23261,10329094955,10329095083,1,"IOTHUB_CLIENT_CONFIRMATION_OK"
23262,10329095155,10329095186,1,"IOTHUB_CLIENT_CONFIRMATION_OK"
23263,10329095355,10329095411,1,"IOTHUB_CLIENT_CONFIRMATION_OK"
23264,10329095555,10329095588,1,"IOTHUB_CLIENT_CONFIRMATION_OK"
23265,10329095755,10329095799,1,"IOTHUB_CLIENT_CONFIRMATION_OK"
23266,10329095955,10329096007,1,"IOTHUB_CLIENT_CONFIRMATION_OK"
23267,10329096155,10329096191,1,"IOTHUB_CLIENT_CONFIRMATION_OK"
23268,10329096356,10329096405,1,"IOTHUB_CLIENT_CONFIRMATION_OK"
23269,10329096556,10329096716,1,"IOTHUB_CLIENT_CONFIRMATION_OK"
23270,10329096756,10329096787,1,"IOTHUB_CLIENT_CONFIRMATION_OK"
23271,10329096956,10329096990,1,"IOTHUB_CLIENT_CONFIRMATION_OK"
23272,10329097156,10329097185,1,"IOTHUB_CLIENT_CONFIRMATION_OK"
23273,10329097357,10329097392,1,"IOTHUB_CLIENT_CONFIRMATION_OK"
23274,10329097557,10329097756,1,"IOTHUB_CLIENT_CONFIRMATION_OK"
23275,10329097757,10329097789,1,"IOTHUB_CLIENT_CONFIRMATION_OK"
23276,10329097957,10329097994,1,"IOTHUB_CLIENT_CONFIRMATION_OK"
23277,10329098158,10329098192,1,"IOTHUB_CLIENT_CONFIRMATION_OK"
23278,10329098358,10329098394,1,"IOTHUB_CLIENT_CONFIRMATION_OK"
23279,10329098558,10329098590,1,"IOTHUB_CLIENT_CONFIRMATION_OK"
23280,10329098758,10329098814,1,"IOTHUB_CLIENT_CONFIRMATION_OK"
23281,10329098958,10329098992,1,"IOTHUB_CLIENT_CONFIRMATION_OK"
23282,10329099159,10329099192,1,"IOTHUB_CLIENT_CONFIRMATION_OK"
23283,10329099359,10329099426,1,"IOTHUB_CLIENT_CONFIRMATION_OK"
23284,10329099559,10329099591,1,"IOTHUB_CLIENT_CONFIRMATION_OK"
23285,10329099759,10329099810,1,"IOTHUB_CLIENT_CONFIRMATION_OK"
23286,10329099959,10329099995,1,"IOTHUB_CLIENT_CONFIRMATION_OK"
23287,10329100159,10329100202,1,"IOTHUB_CLIENT_CONFIRMATION_OK"
23288,10329100359,10329100396,1,"IOTHUB_CLIENT_CONFIRMATION_OK"
23289,10329100560,10329100588,1,"IOTHUB_CLIENT_CONFIRMATION_OK"
23290,10329100760,10329100906,1,"IOTHUB_CLIENT_CONFIRMATION_OK"
23291,10329100960,10329101004,1,"IOTHUB_CLIENT_CONFIRMATION_OK"
23292,10329101160,10329101191,1,"IOTHUB_CLIENT_CONFIRMATION_OK"
23293,10329101360,10329101425,1,"IOTHUB_CLIENT_CONFIRMATION_OK"
23294,10329101561,10329101591,1,"IOTHUB_CLIENT_CONFIRMATION_OK"
23295,10329101761,10329101832,1,"IOTHUB_CLIENT_CONFIRMATION_OK"
23296,10329101961,10329101995,1,"IOTHUB_CLIENT_CONFIRMATION_OK"
23297,10329102161,10329102217,1,"IOTHUB_CLIENT_CONFIRMATION_OK"
23298,10329102361,10329102446,1,"IOTHUB_CLIENT_CONFIRMATION_OK"
23299,10329102561,10329102600,1,"IOTHUB_CLIENT_CONFIRMATION_OK"
23300,10329102761,10329102797,1,"IOTHUB_CLIENT_CONFIRMATION_OK"
23301,10329102962,10329102998,1,"IOTHUB_CLIENT_CONFIRMATION_OK"
23302,10329103162,10329103197,1,"IOTHUB_CLIENT_CONFIRMATION_OK"
23303,10329103362,10329103455,1,"IOTHUB_CLIENT_CONFIRMATION_OK"
23304,10329103562,10329103591,1,"IOTHUB_CLIENT_CONFIRMATION_OK"
23305,10329103762,10329103799,1,"IOTHUB_CLIENT_CONFIRMATION_OK"
23306,10329103962,10329104062,1,"IOTHUB_CLIENT_CONFIRMATION_OK"
23307,10329104162,10329104195,1,"IOTHUB_CLIENT_CONFIRMATION_OK"
23308,10329104363,10329104396,1,"IOTHUB_CLIENT_CONFIRMATION_OK"
23309,10329104563,10329104600,1,"IOTHUB_CLIENT_CONFIRMATION_OK"
23310,10329104763,10329104834,1,"IOTHUB_CLIENT_CONFIRMATION_OK"
23311,10329104963,10329105137,1,"IOTHUB_CLIENT_CONFIRMATION_OK"
23312,10329105163,10329105191,1,"IOTHUB_CLIENT_CONFIRMATION_OK"
23313,10329105363,10329105397,1,"IOTHUB_CLIENT_CONFIRMATION_OK"
23314,10329105563,10329105591,1,"IOTHUB_CLIENT_CONFIRMATION_OK"
23315,10329105764,10329105797,1,"IOTHUB_CLIENT_CONFIRMATION_OK"
23316,10329105964,10329105998,1,"IOTHUB_CLIENT_CONFIRMATION_OK"
23317,10329106164,10329106196,1,"IOTHUB_CLIENT_CONFIRMATION_OK"
23318,10329106364,10329106405,1,"IOTHUB_CLIENT_CONFIRMATION_OK"
23319,10329106564,10329106719,1,"IOTHUB_CLIENT_CONFIRMATION_OK"
23320,10329106765,10329106799,1,"IOTHUB_CLIENT_CONFIRMATION_OK"
23321,10329106965,10329106998,1,"IOTHUB_CLIENT_CONFIRMATION_OK"
23322,10329107165,10329107192,1,"IOTHUB_CLIENT_CONFIRMATION_OK"
23323,10329107365,10329107400,1,"IOTHUB_CLIENT_CONFIRMATION_OK"
23324,10329107565,10329107739,1,"IOTHUB_CLIENT_CONFIRMATION_OK"
23325,10329107766,10329107800,1,"IOTHUB_CLIENT_CONFIRMATION_OK"
23326,10329107966,10329108009,1,"IOTHUB_CLIENT_CONFIRMATION_OK"
23327,10329108166,10329108283,1,"IOTHUB_CLIENT_CONFIRMATION_OK"
23328,10329108366,10329108447,1,"IOTHUB_CLIENT_CONFIRMATION_OK"
23329,10329108566,10329108598,1,"IOTHUB_CLIENT_CONFIRMATION_OK"
23330,10329108767,10329108803,1,"IOTHUB_CLIENT_CONFIRMATION_OK"
23331,10329108967,10329109006,1,"IOTHUB_CLIENT_CONFIRMATION_OK"
23332,10329109167,10329109359,1,"IOTHUB_CLIENT_CONFIRMATION_OK"
23333,10329109367,10329109396,1,"IOTHUB_CLIENT_CONFIRMATION_OK"
23334,10329109567,10329109607,1,"IOTHUB_CLIENT_CONFIRMATION_OK"
23335,10329109767,10329109799,1,"IOTHUB_CLIENT_CONFIRMATION_OK"
23336,10329109968,10329110007,1,"IOTHUB_CLIENT_CONFIRMATION_OK"
23337,10329110168,10329110248,1,"IOTHUB_CLIENT_CONFIRMATION_OK"
23338,10329110368,10329110407,1,"IOTHUB_CLIENT_CONFIRMATION_OK"
23339,10329110568,10329110603,1,"IOTHUB_CLIENT_CONFIRMATION_OK"
23340,10329110768,10329110803,1,"IOTHUB_CLIENT_CONFIRMATION_OK"
23341,10329110968,10329111002,1,"IOTHUB_CLIENT_CONFIRMATION_OK"
23342,10329111169,10329111220,1,"IOTHUB_CLIENT_CONFIRMATION_OK"
23343,10329111369,10329111408,1,"IOTHUB_CLIENT_CONFIRMATION_OK"
23344,10329111569,10329111601,1,"IOTHUB_CLIENT_CONFIRMATION_OK"
23345,10329111769,10329111803,1,"IOTHUB_CLIENT_CONFIRMATION_OK"
23346,10329111969,10329112043,1,"IOTHUB_CLIENT_CONFIRMATION_OK"
23347,10329112169,10329112202,1,"IOTHUB_CLIENT_CONFIRMATION_OK"
23348,10329112369,10329112473,1,"IOTHUB_CLIENT_CONFIRMATION_OK"
23349,10329112570,10329112606,1,"IOTHUB_CLIENT_CONFIRMATION_OK"
23350,10329112770,10329112804,1,"IOTHUB_CLIENT_CONFIRMATION_OK"
23351,10329112970,10329113037,1,"IOTHUB_CLIENT_CONFIRMATION_OK"
23352,10329113170,10329113200,1,"IOTHUB_CLIENT_CONFIRMATION_OK"
23353,10329113370,10329113448,1,"IOTHUB_CLIENT_CONFIRMATION_OK"
23354,10329113571,10329113606,1,"IOTHUB_CLIENT_CONFIRMATION_OK"
23355,10329113771,10329113801,1,"IOTHUB_CLIENT_CONFIRMATION_OK"
23356,10329113971,10329114050,1,"IOTHUB_CLIENT_CONFIRMATION_OK"
23357,10329114171,10329114204,1,"IOTHUB_CLIENT_CONFIRMATION_OK"
23358,10329114371,10329114432,1,"IOTHUB_CLIENT_CONFIRMATION_OK"
23359,10329114571,10329114601,1,"IOTHUB_CLIENT_CONFIRMATION_OK"
23360,10329114772,10329114806,1,"IOTHUB_CLIENT_CONFIRMATION_OK"
23361,10329114972,10329115074,1,"IOTHUB_CLIENT_CONFIRMATION_OK"
23362,10329115172,10329115203,1,"IOTHUB_CLIENT_CONFIRMATION_OK"
23363,10329115372,10329115401,1,"IOTHUB_CLIENT_CONFIRMATION_OK"
23364,10329115572,10329115606,1,"IOTHUB_CLIENT_CONFIRMATION_OK"
23365,10329115772,10329115805,1,"IOTHUB_CLIENT_CONFIRMATION_OK"
23366,10329115973,10329116166,1,"IOTHUB_CLIENT_CONFIRMATION_OK"
23367,10329116173,10329116206,1,"IOTHUB_CLIENT_CONFIRMATION_OK"
23368,10329116373,10329116421,1,"IOTHUB_CLIENT_CONFIRMATION_OK"
23369,10329116573,10329116607,1,"IOTHUB_CLIENT_CONFIRMATION_OK"
23370,10329116773,10329116852,1,"IOTHUB_CLIENT_CONFIRMATION_OK"
23371,10329116974,10329117052,1,"IOTHUB_CLIENT_CONFIRMATION_OK"
23372,10329117174,10329117212,1,"IOTHUB_CLIENT_CONFIRMATION_OK"
23373,10329117374,10329117420,1,"IOTHUB_CLIENT_CONFIRMATION_OK"
23374,10329117574,10329117607,1,"IOTHUB_CLIENT_CONFIRMATION_OK"
23375,10329117774,10329117808,1,"IOTHUB_CLIENT_CONFIRMATION_OK"
23376,10329117974,10329118003,1,"IOTHUB_CLIENT_CONFIRMATION_OK"
23377,10329118175,10329118237,1,"IOTHUB_CLIENT_CONFIRMATION_OK"
23378,10329118375,10329118501,1,"IOTHUB_CLIENT_CONFIRMATION_OK"
23379,10329118575,10329118610,1,"IOTHUB_CLIENT_CONFIRMATION_OK"
23380,10329118775,10329118855,1,"IOTHUB_CLIENT_CONFIRMATION_OK"
23381,10329118975,10329119035,1,"IOTHUB_CLIENT_CONFIRMATION_OK"
23382,10329119176,10329119260,1,"IOTHUB_CLIENT_CONFIRMATION_OK"
23383,10329119376,10329119409,1,"IOTHUB_CLIENT_CONFIRMATION_OK"
23384,10329119576,10329119612,1,"IOTHUB_CLIENT_CONFIRMATION_OK"
23385,10329119776,10329119866,1,"IOTHUB_CLIENT_CONFIRMATION_OK"
23386,10329119976,10329120009,1,"IOTHUB_CLIENT_CONFIRMATION_OK"
23387,10329120176,10329120264,1,"IOTHUB_CLIENT_CONFIRMATION_OK"
23388,10329120376,10329120409,1,"IOTHUB_CLIENT_CONFIRMATION_OK"
23389,10329120577,10329120608,1,"IOTHUB_CLIENT_CONFIRMATION_OK"
23390,10329120777,10329120920,1,"IOTHUB_CLIENT_CONFIRMATION_OK"
23391,10329120977,10329121191,1,"IOTHUB_CLIENT_CONFIRMATION_OK"
23392,10329121177,10329121230,1,"IOTHUB_CLIENT_CONFIRMATION_OK"
23393,10329121377,10329121408,1,"IOTHUB_CLIENT_CONFIRMATION_OK"
23394,10329121578,10329121633,1,"IOTHUB_CLIENT_CONFIRMATION_OK"
23395,10329121778,10329121905,1,"IOTHUB_CLIENT_CONFIRMATION_OK"
23396,10329121978,10329122009,1,"IOTHUB_CLIENT_CONFIRMATION_OK"
23397,10329122178,10329122213,1,"IOTHUB_CLIENT_CONFIRMATION_OK"
23398,10329122378,10329122527,1,"IOTHUB_CLIENT_CONFIRMATION_OK"
23399,10329122578,10329122613,1,"IOTHUB_CLIENT_CONFIRMATION_OK"
23400,10329122779,10329123024,1,"IOTHUB_CLIENT_CONFIRMATION_OK"
23401,10329122979,10329123041,1,"IOTHUB_CLIENT_CONFIRMATION_OK"
23402,10329123179,10329123214,1,"IOTHUB_CLIENT_CONFIRMATION_OK"
23403,10329123379,10329123615,1,"IOTHUB_CLIENT_CONFIRMATION_OK"
23404,10329123579,10329123636,1,"IOTHUB_CLIENT_CONFIRMATION_OK"
23405,10329123779,10329123811,1,"IOTHUB_CLIENT_CONFIRMATION_OK"
23406,10329123979,10329124058,1,"IOTHUB_CLIENT_CONFIRMATION_OK"
23407,10329124180,10329124214,1,"IOTHUB_CLIENT_CONFIRMATION_OK"
23408,10329124380,10329124419,1,"IOTHUB_CLIENT_CONFIRMATION_OK"
23409,10329124580,10329124613,1,"IOTHUB_CLIENT_CONFIRMATION_OK"
23410,10329124780,10329124822,1,"IOTHUB_CLIENT_CONFIRMATION_OK"
23411,10329124980,10329125074,1,"IOTHUB_CLIENT_CONFIRMATION_OK"
23412,10329125181,10329125214,1,"IOTHUB_CLIENT_CONFIRMATION_OK"
23413,10329125381,10329125414,1,"IOTHUB_CLIENT_CONFIRMATION_OK"
23414,10329125581,10329125681,1,"IOTHUB_CLIENT_CONFIRMATION_OK"
23415,10329125781,10329125818,1,"IOTHUB_CLIENT_CONFIRMATION_OK"
23416,10329125981,10329126085,1,"IOTHUB_CLIENT_CONFIRMATION_OK"
23417,10329126181,10329126215,1,"IOTHUB_CLIENT_CONFIRMATION_OK"
23418,10329126381,10329126418,1,"IOTHUB_CLIENT_CONFIRMATION_OK"
23419,10329126582,10329126699,1,"IOTHUB_CLIENT_CONFIRMATION_OK"
23420,10329126782,10329126832,1,"IOTHUB_CLIENT_CONFIRMATION_OK"
23421,10329126982,10329127012,1,"IOTHUB_CLIENT_CONFIRMATION_OK"
23422,10329127182,10329127217,1,"IOTHUB_CLIENT_CONFIRMATION_OK"
23423,10329127383,10329127412,1,"IOTHUB_CLIENT_CONFIRMATION_OK"
23424,10329127583,10329127811,1,"IOTHUB_CLIENT_CONFIRMATION_OK"
23425,10329127783,10329127840,1,"IOTHUB_CLIENT_CONFIRMATION_OK"
23426,10329127983,10329128016,1,"IOTHUB_CLIENT_CONFIRMATION_OK"
23427,10329128183,10329128219,1,"IOTHUB_CLIENT_CONFIRMATION_OK"
23428,10329128383,10329128479,1,"IOTHUB_CLIENT_CONFIRMATION_OK"
23429,10329128583,10329128616,1,"IOTHUB_CLIENT_CONFIRMATION_OK"
23430,10329128784,10329128817,1,"IOTHUB_CLIENT_CONFIRMATION_OK"
23431,10329128984,10329129022,1,"IOTHUB_CLIENT_CONFIRMATION_OK"
23432,10329129184,10329129386,1,"IOTHUB_CLIENT_CONFIRMATION_OK"
23433,10329129384,10329129426,1,"IOTHUB_CLIENT_CONFIRMATION_OK"
23434,10329129584,10329129617,1,"IOTHUB_CLIENT_CONFIRMATION_OK"
23435,10329129785,10329129841,1,"IOTHUB_CLIENT_CONFIRMATION_OK"
23436,10329129985,10329130018,1,"IOTHUB_CLIENT_CONFIRMATION_OK"
23437,10329130185,10329130214,1,"IOTHUB_CLIENT_CONFIRMATION_OK"
23438,10329130385,10329130500,1,"IOTHUB_CLIENT_CONFIRMATION_OK"
23439,10329130585,10329130617,1,"IOTHUB_CLIENT_CONFIRMATION_OK"
23440,10329130785,10329131110,1,"IOTHUB_CLIENT_CONFIRMATION_OK"
23441,10329130986,10329131139,1,"IOTHUB_CLIENT_CONFIRMATION_OK"
23442,10329131186,10329131218,1,"IOTHUB_CLIENT_CONFIRMATION_OK"
23443,10329131386,10329131421,1,"IOTHUB_CLIENT_CONFIRMATION_OK"
23444,10329131586,10329131622,1,"IOTHUB_CLIENT_CONFIRMATION_OK"
23445,10329131787,10329131822,1,"IOTHUB_CLIENT_CONFIRMATION_OK"
23446,10329131987,10329132023,1,"IOTHUB_CLIENT_CONFIRMATION_OK"
23447,10329132187,10329132255,1,"IOTHUB_CLIENT_CONFIRMATION_OK"
23448,10329132387,10329132449,1,"IOTHUB_CLIENT_CONFIRMATION_OK"
23449,10329132587,10329132620,1,"IOTHUB_CLIENT_CONFIRMATION_OK"
23450,10329132787,10329132819,1,"IOTHUB_CLIENT_CONFIRMATION_OK"
23451,10329132987,10329133070,1,"IOTHUB_CLIENT_CONFIRMATION_OK"
23452,10329133188,10329133221,1,"IOTHUB_CLIENT_CONFIRMATION_OK"
23453,10329133388,10329133456,1,"IOTHUB_CLIENT_CONFIRMATION_OK"
23454,10329133588,10329133624,1,"IOTHUB_CLIENT_CONFIRMATION_OK"
23455,10329133788,10329133821,1,"IOTHUB_CLIENT_CONFIRMATION_OK"
23456,10329133988,10329134096,1,"IOTHUB_CLIENT_CONFIRMATION_OK"
23457,10329134188,10329134221,1,"IOTHUB_CLIENT_CONFIRMATION_OK"
23458,10329134389,10329134418,1,"IOTHUB_CLIENT_CONFIRMATION_OK"
23459,10329134589,10329134634,1,"IOTHUB_CLIENT_CONFIRMATION_OK"
23460,10329134789,10329134824,1,"IOTHUB_CLIENT_CONFIRMATION_OK"
23461,10329134989,10329135093,1,"IOTHUB_CLIENT_CONFIRMATION_OK"
23462,10329135189,10329135221,1,"IOTHUB_CLIENT_CONFIRMATION_OK"
23463,10329135389,10329135447,1,"IOTHUB_CLIENT_CONFIRMATION_OK"
23464,10329135589,10329135650,1,"IOTHUB_CLIENT_CONFIRMATION_OK"
23465,10329135790,10329135821,1,"IOTHUB_CLIENT_CONFIRMATION_OK"
23466,10329135990,10329136125,1,"IOTHUB_CLIENT_CONFIRMATION_OK"
23467,10329136190,10329136221,1,"IOTHUB_CLIENT_CONFIRMATION_OK"
23468,10329136390,10329136518,1,"IOTHUB_CLIENT_CONFIRMATION_OK"
23469,10329136590,10329136739,1,"IOTHUB_CLIENT_CONFIRMATION_OK"
23470,10329136790,10329136824,1,"IOTHUB_CLIENT_CONFIRMATION_OK"
23471,10329136990,10329137022,1,"IOTHUB_CLIENT_CONFIRMATION_OK"
23472,10329137191,10329137224,1,"IOTHUB_CLIENT_CONFIRMATION_OK"
23473,10329137391,10329137428,1,"IOTHUB_CLIENT_CONFIRMATION_OK"
23474,10329137591,10329137744,1,"IOTHUB_CLIENT_CONFIRMATION_OK"
23475,10329137791,10329137828,1,"IOTHUB_CLIENT_CONFIRMATION_OK"
23476,10329137991,10329138205,1,"IOTHUB_CLIENT_CONFIRMATION_OK"
23477,10329138192,10329138229,1,"IOTHUB_CLIENT_CONFIRMATION_OK"
23478,10329138392,10329138451,1,"IOTHUB_CLIENT_CONFIRMATION_OK"
23479,10329138592,10329138620,1,"IOTHUB_CLIENT_CONFIRMATION_OK"
23480,10329138792,10329138831,1,"IOTHUB_CLIENT_CONFIRMATION_OK"
23481,10329138992,10329139026,1,"IOTHUB_CLIENT_CONFIRMATION_OK"
23482,10329139192,10329139227,1,"IOTHUB_CLIENT_CONFIRMATION_OK"
23483,10329139393,10329139420,1,"IOTHUB_CLIENT_CONFIRMATION_OK"
23484,10329139593,10329139652,1,"IOTHUB_CLIENT_CONFIRMATION_OK"
23485,10329139793,10329139842,1,"IOTHUB_CLIENT_CONFIRMATION_OK"
23486,10329139993,10329140029,1,"IOTHUB_CLIENT_CONFIRMATION_OK"
23487,10329140193,10329140248,1,"IOTHUB_CLIENT_CONFIRMATION_OK"
23488,10329140393,10329140483,1,"IOTHUB_CLIENT_CONFIRMATION_OK"
23489,10329140594,10329140627,1,"IOTHUB_CLIENT_CONFIRMATION_OK"
23490,10329140794,10329140858,1,"IOTHUB_CLIENT_CONFIRMATION_OK"
23491,10329140994,10329141026,1,"IOTHUB_CLIENT_CONFIRMATION_OK"
23492,10329141194,10329141237,1,"IOTHUB_CLIENT_CONFIRMATION_OK"
23493,10329141394,10329141479,1,"IOTHUB_CLIENT_CONFIRMATION_OK"
23494,10329141594,10329141629,1,"IOTHUB_CLIENT_CONFIRMATION_OK"
23495,10329141795,10329141914,1,"IOTHUB_CLIENT_CONFIRMATION_OK"
23496,10329141995,10329142030,1,"IOTHUB_CLIENT_CONFIRMATION_OK"
23497,10329142195,10329142231,1,"IOTHUB_CLIENT_CONFIRMATION_OK"
23498,10329142395,10329142531,1,"IOTHUB_CLIENT_CONFIRMATION_OK"
23499,10329142595,10329142683,1,"IOTHUB_CLIENT_CONFIRMATION_OK"
23500,10329142795,10329142835,1,"IOTHUB_CLIENT_CONFIRMATION_OK"
23501,10329142995,10329143028,1,"IOTHUB_CLIENT_CONFIRMATION_OK"
23502,10329143196,10329143260,1,"IOTHUB_CLIENT_CONFIRMATION_OK"
23503,10329143396,10329143561,1,"IOTHUB_CLIENT_CONFIRMATION_OK"
23504,10329143596,10329143630,1,"IOTHUB_CLIENT_CONFIRMATION_OK"
23505,10329143796,10329143843,1,"IOTHUB_CLIENT_CONFIRMATION_OK"
23506,10329143996,10329144030,1,"IOTHUB_CLIENT_CONFIRMATION_OK"
23507,10329144196,10329144229,1,"IOTHUB_CLIENT_CONFIRMATION_OK"
23508,10329144397,10329144433,1,"IOTHUB_CLIENT_CONFIRMATION_OK"
23509,10329144597,10329144638,1,"IOTHUB_CLIENT_CONFIRMATION_OK"
23510,10329144797,10329144831,1,"IOTHUB_CLIENT_CONFIRMATION_OK"
23511,10329144997,10329145026,1,"IOTHUB_CLIENT_CONFIRMATION_OK"
23512,10329145197,10329145226,1,"IOTHUB_CLIENT_CONFIRMATION_OK"
23513,10329145397,10329145436,1,"IOTHUB_CLIENT_CONFIRMATION_OK"
23514,10329145597,10329145633,1,"IOTHUB_CLIENT_CONFIRMATION_OK"
23515,10329145798,10329145831,1,"IOTHUB_CLIENT_CONFIRMATION_OK"
23516,10329145998,10329146036,1,"IOTHUB_CLIENT_CONFIRMATION_OK"
23517,10329146198,10329146253,1,"IOTHUB_CLIENT_CONFIRMATION_OK"
23518,10329146398,10329146466,1,"IOTHUB_CLIENT_CONFIRMATION_OK"
23519,10329146598,10329146631,1,"IOTHUB_CLIENT_CONFIRMATION_OK"
23520,10329146798,10329146845,1,"IOTHUB_CLIENT_CONFIRMATION_OK"
23521,10329146998,10329147032,1,"IOTHUB_CLIENT_CONFIRMATION_OK"
23522,10329147199,10329147237,1,"IOTHUB_CLIENT_CONFIRMATION_OK"
23523,10329147399,10329147492,1,"IOTHUB_CLIENT_CONFIRMATION_OK"
23524,10329147599,10329147640,1,"IOTHUB_CLIENT_CONFIRMATION_OK"
23525,10329147799,10329147854,1,"IOTHUB_CLIENT_CONFIRMATION_OK"
23526,10329148000,10329148058,1,"IOTHUB_CLIENT_CONFIRMATION_OK"
23527,10329148200,10329148265,1,"IOTHUB_CLIENT_CONFIRMATION_OK"
23528,10329148400,10329148445,1,"IOTHUB_CLIENT_CONFIRMATION_OK"
23529,10329148600,10329148638,1,"IOTHUB_CLIENT_CONFIRMATION_OK"
23530,10329148800,10329148879,1,"IOTHUB_CLIENT_CONFIRMATION_OK"
23531,10329149000,10329149030,1,"IOTHUB_CLIENT_CONFIRMATION_OK"
23532,10329149200,10329149267,1,"IOTHUB_CLIENT_CONFIRMATION_OK"
23533,10329149401,10329149436,1,"IOTHUB_CLIENT_CONFIRMATION_OK"
23534,10329149601,10329149632,1,"IOTHUB_CLIENT_CONFIRMATION_OK"
23535,10329149801,10329149921,1,"IOTHUB_CLIENT_CONFIRMATION_OK"
23536,10329150001,10329150032,1,"IOTHUB_CLIENT_CONFIRMATION_OK"
23537,10329150201,10329150244,1,"IOTHUB_CLIENT_CONFIRMATION_OK"
23538,10329150401,10329150441,1,"IOTHUB_CLIENT_CONFIRMATION_OK"
23539,10329150602,10329150632,1,"IOTHUB_CLIENT_CONFIRMATION_OK"
23540,10329150802,10329150918,1,"IOTHUB_CLIENT_CONFIRMATION_OK"
23541,10329151002,10329151036,1,"IOTHUB_CLIENT_CONFIRMATION_OK"
23542,10329151202,10329151234,1,"IOTHUB_CLIENT_CONFIRMATION_OK"
23543,10329151403,10329151434,1,"IOTHUB_CLIENT_CONFIRMATION_OK"
23544,10329151603,10329151637,1,"IOTHUB_CLIENT_CONFIRMATION_OK"
23545,10329151803,10329151944,1,"IOTHUB_CLIENT_CONFIRMATION_OK"
23546,10329152003,10329152046,1,"IOTHUB_CLIENT_CONFIRMATION_OK"
23547,10329152203,10329152236,1,"IOTHUB_CLIENT_CONFIRMATION_OK"
23548,10329152403,10329152550,1,"IOTHUB_CLIENT_CONFIRMATION_OK"
23549,10329152603,10329152641,1,"IOTHUB_CLIENT_CONFIRMATION_OK"
23550,10329152804,10329152839,1,"IOTHUB_CLIENT_CONFIRMATION_OK"
23551,10329153004,10329153048,1,"IOTHUB_CLIENT_CONFIRMATION_OK"
23552,10329153204,10329153237,1,"IOTHUB_CLIENT_CONFIRMATION_OK"
23553,10329153404,10329153551,1,"IOTHUB_CLIENT_CONFIRMATION_OK"
23554,10329153604,10329153666,1,"IOTHUB_CLIENT_CONFIRMATION_OK"
23555,10329153804,10329153837,1,"IOTHUB_CLIENT_CONFIRMATION_OK"
23556,10329154004,10329154040,1,"IOTHUB_CLIENT_CONFIRMATION_OK"
23557,10329154205,10329154235,1,"IOTHUB_CLIENT_CONFIRMATION_OK"
23558,10329154405,10329154439,1,"IOTHUB_CLIENT_CONFIRMATION_OK"
23559,10329154605,10329154640,1,"IOTHUB_CLIENT_CONFIRMATION_OK"
23560,10329154805,10329154840,1,"IOTHUB_CLIENT_CONFIRMATION_OK"
23561,10329155005,10329155045,1,"IOTHUB_CLIENT_CONFIRMATION_OK"
23562,10329155205,10329155235,1,"IOTHUB_CLIENT_CONFIRMATION_OK"
23563,10329155406,10329155448,1,"IOTHUB_CLIENT_CONFIRMATION_OK"
23564,10329155606,10329155676,1,"IOTHUB_CLIENT_CONFIRMATION_OK"
23565,10329155806,10329155856,1,"IOTHUB_CLIENT_CONFIRMATION_OK"
23566,10329156006,10329156037,1,"IOTHUB_CLIENT_CONFIRMATION_OK"
23567,10329156206,10329156241,1,"IOTHUB_CLIENT_CONFIRMATION_OK"
23568,10329156406,10329156448,1,"IOTHUB_CLIENT_CONFIRMATION_OK"
23569,10329156607,10329156658,1,"IOTHUB_CLIENT_CONFIRMATION_OK"
23570,10329156807,10329156848,1,"IOTHUB_CLIENT_CONFIRMATION_OK"
23571,10329157007,10329157072,1,"IOTHUB_CLIENT_CONFIRMATION_OK"
23572,10329157207,10329157273,1,"IOTHUB_CLIENT_CONFIRMATION_OK"
23573,10329157407,10329157439,1,"IOTHUB_CLIENT_CONFIRMATION_OK"
23574,10329157607,10329157659,1,"IOTHUB_CLIENT_CONFIRMATION_OK"
23575,10329157807,10329157841,1,"IOTHUB_CLIENT_CONFIRMATION_OK"
23576,10329158008,10329158036,1,"IOTHUB_CLIENT_CONFIRMATION_OK"
23577,10329158208,10329158292,1,"IOTHUB_CLIENT_CONFIRMATION_OK"
23578,10329158408,10329158437,1,"IOTHUB_CLIENT_CONFIRMATION_OK"
23579,10329158608,10329158791,1,"IOTHUB_CLIENT_CONFIRMATION_OK"
23580,10329158808,10329158840,1,"IOTHUB_CLIENT_CONFIRMATION_OK"
23581,10329159008,10329159050,1,"IOTHUB_CLIENT_CONFIRMATION_OK"
23582,10329159209,10329159392,1,"IOTHUB_CLIENT_CONFIRMATION_OK"
23583,10329159409,10329159474,1,"IOTHUB_CLIENT_CONFIRMATION_OK"
23584,10329159609,10329159642,1,"IOTHUB_CLIENT_CONFIRMATION_OK"
23585,10329159809,10329159838,1,"IOTHUB_CLIENT_CONFIRMATION_OK"
23586,10329160009,10329160037,1,"IOTHUB_CLIENT_CONFIRMATION_OK"
23587,10329160209,10329160242,1,"IOTHUB_CLIENT_CONFIRMATION_OK"
23588,10329160410,10329160442,1,"IOTHUB_CLIENT_CONFIRMATION_OK"
23589,10329160610,10329160643,1,"IOTHUB_CLIENT_CONFIRMATION_OK"
23590,10329160810,10329160845,1,"IOTHUB_CLIENT_CONFIRMATION_OK"
23591,10329161010,10329161044,1,"IOTHUB_CLIENT_CONFIRMATION_OK"
23592,10329161211,10329161246,1,"IOTHUB_CLIENT_CONFIRMATION_OK"
23593,10329161411,10329161464,1,"IOTHUB_CLIENT_CONFIRMATION_OK"
23594,10329161611,10329161643,1,"IOTHUB_CLIENT_CONFIRMATION_OK"
23595,10329161811,10329161845,1,"IOTHUB_CLIENT_CONFIRMATION_OK"
23596,10329162011,10329162043,1,"IOTHUB_CLIENT_CONFIRMATION_OK"
23597,10329162211,10329162261,1,"IOTHUB_CLIENT_CONFIRMATION_OK"
23598,10329162411,10329162471,1,"IOTHUB_CLIENT_CONFIRMATION_OK"
23599,10329162612,10329162645,1,"IOTHUB_CLIENT_CONFIRMATION_OK"
23600,10329162812,10329162846,1,"IOTHUB_CLIENT_CONFIRMATION_OK"
23601,10329163012,10329163084,1,"IOTHUB_CLIENT_CONFIRMATION_OK"
23602,10329163212,10329163255,1,"IOTHUB_CLIENT_CONFIRMATION_OK"
23603,10329163412,10329163486,1,"IOTHUB_CLIENT_CONFIRMATION_OK"
23604,10329163612,10329163647,1,"IOTHUB_CLIENT_CONFIRMATION_OK"
23605,10329163813,10329163891,1,"IOTHUB_CLIENT_CONFIRMATION_OK"
23606,10329164013,10329164093,1,"IOTHUB_CLIENT_CONFIRMATION_OK"
23607,10329164214,10329164245,1,"IOTHUB_CLIENT_CONFIRMATION_OK"
23608,10329164414,10329164447,1,"IOTHUB_CLIENT_CONFIRMATION_OK"
23609,10329164614,10329164648,1,"IOTHUB_CLIENT_CONFIRMATION_OK"
23610,10329164814,10329164847,1,"IOTHUB_CLIENT_CONFIRMATION_OK"
23611,10329165014,10329165196,1,"IOTHUB_CLIENT_CONFIRMATION_OK"
23612,10329165214,10329165250,1,"IOTHUB_CLIENT_CONFIRMATION_OK"
23613,10329165414,10329165448,1,"IOTHUB_CLIENT_CONFIRMATION_OK"
23614,10329165615,10329165649,1,"IOTHUB_CLIENT_CONFIRMATION_OK"
23615,10329165815,10329165853,1,"IOTHUB_CLIENT_CONFIRMATION_OK"
23616,10329166015,10329166193,1,"IOTHUB_CLIENT_CONFIRMATION_OK"
23617,10329166215,10329166252,1,"IOTHUB_CLIENT_CONFIRMATION_OK"
23618,10329166415,10329166448,1,"IOTHUB_CLIENT_CONFIRMATION_OK"
23619,10329166615,10329166649,1,"IOTHUB_CLIENT_CONFIRMATION_OK"
23620,10329166816,10329166871,1,"IOTHUB_CLIENT_CONFIRMATION_OK"
23621,10329167016,10329167063,1,"IOTHUB_CLIENT_CONFIRMATION_OK"
23622,10329167216,10329167322,1,"IOTHUB_CLIENT_CONFIRMATION_OK"
23623,10329167416,10329167469,1,"IOTHUB_CLIENT_CONFIRMATION_OK"
23624,10329167616,10329167817,1,"IOTHUB_CLIENT_CONFIRMATION_OK"
23625,10329167817,10329167850,1,"IOTHUB_CLIENT_CONFIRMATION_OK"
23626,10329168017,10329168072,1,"IOTHUB_CLIENT_CONFIRMATION_OK"
23627,10329168217,10329168277,1,"IOTHUB_CLIENT_CONFIRMATION_OK"
23628,10329168417,10329168451,1,"IOTHUB_CLIENT_CONFIRMATION_OK"
23629,10329168617,10329168651,1,"IOTHUB_CLIENT_CONFIRMATION_OK"
23630,10329168818,10329168857,1,"IOTHUB_CLIENT_CONFIRMATION_OK"
23631,10329169018,10329169051,1,"IOTHUB_CLIENT_CONFIRMATION_OK"
23632,10329169218,10329169256,1,"IOTHUB_CLIENT_CONFIRMATION_OK"
23633,10329169418,10329169453,1,"IOTHUB_CLIENT_CONFIRMATION_OK"
23634,10329169618,10329169650,1,"IOTHUB_CLIENT_CONFIRMATION_OK"
23635,10329169818,10329169858,1,"IOTHUB_CLIENT_CONFIRMATION_OK"
23636,10329170018,10329170056,1,"IOTHUB_CLIENT_CONFIRMATION_OK"
23637,10329170219,10329170250,1,"IOTHUB_CLIENT_CONFIRMATION_OK"
23638,10329170419,10329170450,1,"IOTHUB_CLIENT_CONFIRMATION_OK"
23639,10329170619,10329170683,1,"IOTHUB_CLIENT_CONFIRMATION_OK"
23640,10329170819,10329170879,1,"IOTHUB_CLIENT_CONFIRMATION_OK"
23641,10329171019,10329171054,1,"IOTHUB_CLIENT_CONFIRMATION_OK"
23642,10329171219,10329171253,1,"IOTHUB_CLIENT_CONFIRMATION_OK"
23643,10329171420,10329171485,1,"IOTHUB_CLIENT_CONFIRMATION_OK"
23644,10329171620,10329171654,1,"IOTHUB_CLIENT_CONFIRMATION_OK"
23645,10329171820,10329171876,1,"IOTHUB_CLIENT_CONFIRMATION_OK"
23646,10329172020,10329172052,1,"IOTHUB_CLIENT_CONFIRMATION_OK"
23647,10329172220,10329172253,1,"IOTHUB_CLIENT_CONFIRMATION_OK"
23648,10329172420,10329172499,1,"IOTHUB_CLIENT_CONFIRMATION_OK"
23649,10329172620,10329172665,1,"IOTHUB_CLIENT_CONFIRMATION_OK"
23650,10329172821,10329172855,1,"IOTHUB_CLIENT_CONFIRMATION_OK"
23651,10329173021,10329173057,1,"IOTHUB_CLIENT_CONFIRMATION_OK"
23652,10329173221,10329173254,1,"IOTHUB_CLIENT_CONFIRMATION_OK"
23653,10329173421,10329173521,1,"IOTHUB_CLIENT_CONFIRMATION_OK"
23654,10329173622,10329173677,1,"IOTHUB_CLIENT_CONFIRMATION_OK"
23655,10329173822,10329173856,1,"IOTHUB_CLIENT_CONFIRMATION_OK"
23656,10329174022,10329174130,1,"IOTHUB_CLIENT_CONFIRMATION_OK"
23657,10329174222,10329174256,1,"IOTHUB_CLIENT_CONFIRMATION_OK"
23658,10329174422,10329174455,1,"IOTHUB_CLIENT_CONFIRMATION_OK"
23659,10329174623,10329174655,1,"IOTHUB_CLIENT_CONFIRMATION_OK"
23660,10329174823,10329174864,1,"IOTHUB_CLIENT_CONFIRMATION_OK"
23661,10329175023,10329175143,1,"IOTHUB_CLIENT_CONFIRMATION_OK"
23662,10329175223,10329175266,1,"IOTHUB_CLIENT_CONFIRMATION_OK"
23663,10329175423,10329175455,1,"IOTHUB_CLIENT_CONFIRMATION_OK"
23664,10329175624,10329175657,1,"IOTHUB_CLIENT_CONFIRMATION_OK"
23665,10329175824,10329175857,1,"IOTHUB_CLIENT_CONFIRMATION_OK"
23666,10329176024,10329176149,1,"IOTHUB_CLIENT_CONFIRMATION_OK"
23667,10329176224,10329176255,1,"IOTHUB_CLIENT_CONFIRMATION_OK"
23668,10329176424,10329176477,1,"IOTHUB_CLIENT_CONFIRMATION_OK"
23669,10329176624,10329176764,1,"IOTHUB_CLIENT_CONFIRMATION_OK"
23670,10329176825,10329176856,1,"IOTHUB_CLIENT_CONFIRMATION_OK"
23671,10329177025,10329177064,1,"IOTHUB_CLIENT_CONFIRMATION_OK"
23672,10329177225,10329177258,1,"IOTHUB_CLIENT_CONFIRMATION_OK"
23673,10329177425,10329177503,1,"IOTHUB_CLIENT_CONFIRMATION_OK"
23674,10329177625,10329177788,1,"IOTHUB_CLIENT_CONFIRMATION_OK"
23675,10329177825,10329177857,1,"IOTHUB_CLIENT_CONFIRMATION_OK"
23676,10329178026,10329178057,1,"IOTHUB_CLIENT_CONFIRMATION_OK"
23677,10329178226,10329178261,1,"IOTHUB_CLIENT_CONFIRMATION_OK"
23678,10329178426,10329178458,1,"IOTHUB_CLIENT_CONFIRMATION_OK"
23679,10329178626,10329178658,1,"IOTHUB_CLIENT_CONFIRMATION_OK"
23680,10329178826,10329178859,1,"IOTHUB_CLIENT_CONFIRMATION_OK"
23681,10329179026,10329179060,1,"IOTHUB_CLIENT_CONFIRMATION_OK"
23682,10329179227,10329179449,1,"IOTHUB_CLIENT_CONFIRMATION_OK"
23683,10329179427,10329179467,1,"IOTHUB_CLIENT_CONFIRMATION_OK"
23684,10329179627,10329179660,1,"IOTHUB_CLIENT_CONFIRMATION_OK"
23685,10329179827,10329179865,1,"IOTHUB_CLIENT_CONFIRMATION_OK"
23686,10329180027,10329180072,1,"IOTHUB_CLIENT_CONFIRMATION_OK"
23687,10329180228,10329180259,1,"IOTHUB_CLIENT_CONFIRMATION_OK"
23688,10329180428,10329180462,1,"IOTHUB_CLIENT_CONFIRMATION_OK"
23689,10329180628,10329180661,1,"IOTHUB_CLIENT_CONFIRMATION_OK"
23690,10329180828,10329180894,1,"IOTHUB_CLIENT_CONFIRMATION_OK"
23691,10329181028,10329181060,1,"IOTHUB_CLIENT_CONFIRMATION_OK"
23692,10329181229,10329181260,1,"IOTHUB_CLIENT_CONFIRMATION_OK"
23693,10329181429,10329181561,1,"IOTHUB_CLIENT_CONFIRMATION_OK"
23694,10329181629,10329181677,1,"IOTHUB_CLIENT_CONFIRMATION_OK"
23695,10329181829,10329181895,1,"IOTHUB_CLIENT_CONFIRMATION_OK"
23696,10329182029,10329182062,1,"IOTHUB_CLIENT_CONFIRMATION_OK"
23697,10329182229,10329182265,1,"IOTHUB_CLIENT_CONFIRMATION_OK"
23698,10329182430,10329182521,1,"IOTHUB_CLIENT_CONFIRMATION_OK"
23699,10329182630,10329182681,1,"IOTHUB_CLIENT_CONFIRMATION_OK"
23700,10329182830,10329182865,1,"IOTHUB_CLIENT_CONFIRMATION_OK"
23701,10329183030,10329183063,1,"IOTHUB_CLIENT_CONFIRMATION_OK"
23702,10329183230,10329183281,1,"IOTHUB_CLIENT_CONFIRMATION_OK"
23703,10329183430,10329183531,1,"IOTHUB_CLIENT_CONFIRMATION_OK"
23704,10329183630,10329183664,1,"IOTHUB_CLIENT_CONFIRMATION_OK"
23705,10329183831,10329183864,1,"IOTHUB_CLIENT_CONFIRMATION_OK"
23706,10329184031,10329184160,1,"IOTHUB_CLIENT_CONFIRMATION_OK"
23707,10329184231,10329184265,1,"IOTHUB_CLIENT_CONFIRMATION_OK"
23708,10329184431,10329184464,1,"IOTHUB_CLIENT_CONFIRMATION_OK"
23709,10329184631,10329184664,1,"IOTHUB_CLIENT_CONFIRMATION_OK"
23710,10329184831,10329184884,1,"IOTHUB_CLIENT_CONFIRMATION_OK"
23711,10329185031,10329185159,1,"IOTHUB_CLIENT_CONFIRMATION_OK"
23712,10329185232,10329185264,1,"IOTHUB_CLIENT_CONFIRMATION_OK"
23713,10329185432,10329185498,1,"IOTHUB_CLIENT_CONFIRMATION_OK"
23714,10329185632,10329185665,1,"IOTHUB_CLIENT_CONFIRMATION_OK"
23715,10329185832,10329185910,1,"IOTHUB_CLIENT_CONFIRMATION_OK"
23716,10329186032,10329186165,1,"IOTHUB_CLIENT_CONFIRMATION_OK"
23717,10329186232,10329186328,1,"IOTHUB_CLIENT_CONFIRMATION_OK"
23718,10329186432,10329186465,1,"IOTHUB_CLIENT_CONFIRMATION_OK"
23719,10329186633,10329186802,1,"IOTHUB_CLIENT_CONFIRMATION_OK"
23720,10329186833,10329186867,1,"IOTHUB_CLIENT_CONFIRMATION_OK"
23721,10329187033,10329187066,1,"IOTHUB_CLIENT_CONFIRMATION_OK"
23722,10329187233,10329187687,1,"IOTHUB_CLIENT_CONFIRMATION_OK"
23723,10329187433,10329187725,1,"IOTHUB_CLIENT_CONFIRMATION_OK"
23724,10329187633,10329187816,1,"IOTHUB_CLIENT_CONFIRMATION_OK"
23725,10329187833,10329187889,1,"IOTHUB_CLIENT_CONFIRMATION_OK"
23726,10329188034,10329188070,1,"IOTHUB_CLIENT_CONFIRMATION_OK"
23727,10329188234,10329188284,1,"IOTHUB_CLIENT_CONFIRMATION_OK"
23728,10329188434,10329188517,1,"IOTHUB_CLIENT_CONFIRMATION_OK"
23729,10329188634,10329188665,1,"IOTHUB_CLIENT_CONFIRMATION_OK"
23730,10329188834,10329188868,1,"IOTHUB_CLIENT_CONFIRMATION_OK"
23731,10329189034,10329189066,1,"IOTHUB_CLIENT_CONFIRMATION_OK"
23732,10329189235,10329189424,1,"IOTHUB_CLIENT_CONFIRMATION_OK"
23733,10329189435,10329189470,1,"IOTHUB_CLIENT_CONFIRMATION_OK"
23734,10329189635,10329189671,1,"IOTHUB_CLIENT_CONFIRMATION_OK"
23735,10329189835,10329189870,1,"IOTHUB_CLIENT_CONFIRMATION_OK"
23736,10329190035,10329190067,1,"IOTHUB_CLIENT_CONFIRMATION_OK"
23737,10329190235,10329190269,1,"IOTHUB_CLIENT_CONFIRMATION_OK"
23738,10329190436,10329190466,1,"IOTHUB_CLIENT_CONFIRMATION_OK"
23739,10329190636,10329190669,1,"IOTHUB_CLIENT_CONFIRMATION_OK"
23740,10329190836,10329190880,1,"IOTHUB_CLIENT_CONFIRMATION_OK"
23741,10329191036,10329191069,1,"IOTHUB_CLIENT_CONFIRMATION_OK"
23742,10329191236,10329191267,1,"IOTHUB_CLIENT_CONFIRMATION_OK"
23743,10329191436,10329191471,1,"IOTHUB_CLIENT_CONFIRMATION_OK"
23744,10329191636,10329191679,1,"IOTHUB_CLIENT_CONFIRMATION_OK"
23745,10329191837,10329191871,1,"IOTHUB_CLIENT_CONFIRMATION_OK"
23746,10329192037,10329192069,1,"IOTHUB_CLIENT_CONFIRMATION_OK"
23747,10329192237,10329192270,1,"IOTHUB_CLIENT_CONFIRMATION_OK"
23748,10329192437,10329192481,1,"IOTHUB_CLIENT_CONFIRMATION_OK"
23749,10329192637,10329192672,1,"IOTHUB_CLIENT_CONFIRMATION_OK"
23750,10329192837,10329192873,1,"IOTHUB_CLIENT_CONFIRMATION_OK"
23751,10329193038,10329193095,1,"IOTHUB_CLIENT_CONFIRMATION_OK"
23752,10329193238,10329193272,1,"IOTHUB_CLIENT_CONFIRMATION_OK"
23753,10329193438,10329193489,1,"IOTHUB_CLIENT_CONFIRMATION_OK"
23754,10329193638,10329193670,1,"IOTHUB_CLIENT_CONFIRMATION_OK"
23755,10329193838,10329193872,1,"IOTHUB_CLIENT_CONFIRMATION_OK"
23756,10329194038,10329194111,1,"IOTHUB_CLIENT_CONFIRMATION_OK"
23757,10329194238,10329194272,1,"IOTHUB_CLIENT_CONFIRMATION_OK"
23758,10329194439,10329194468,1,"IOTHUB_CLIENT_CONFIRMATION_OK"
23759,10329194639,10329194681,1,"IOTHUB_CLIENT_CONFIRMATION_OK"
23760,10329194839,10329194873,1,"IOTHUB_CLIENT_CONFIRMATION_OK"
23761,10329195039,10329195147,1,"IOTHUB_CLIENT_CONFIRMATION_OK"
23762,10329195239,10329195275,1,"IOTHUB_CLIENT_CONFIRMATION_OK"
23763,10329195439,10329195469,1,"IOTHUB_CLIENT_CONFIRMATION_OK"
23764,10329195640,10329195745,1,"IOTHUB_CLIENT_CONFIRMATION_OK"
23765,10329195840,10329195873,1,"IOTHUB_CLIENT_CONFIRMATION_OK"
23766,10329196040,10329196114,1,"IOTHUB_CLIENT_CONFIRMATION_OK"
23767,10329196240,10329196273,1,"IOTHUB_CLIENT_CONFIRMATION_OK"
23768,10329196440,10329196480,1,"IOTHUB_CLIENT_CONFIRMATION_OK"
23769,10329196640,10329196820,1,"IOTHUB_CLIENT_CONFIRMATION_OK"
23770,10329196840,10329196885,1,"IOTHUB_CLIENT_CONFIRMATION_OK"
23771,10329197041,10329197091,1,"IOTHUB_CLIENT_CONFIRMATION_OK"
23772,10329197241,10329197279,1,"IOTHUB_CLIENT_CONFIRMATION_OK"
23773,10329197441,10329197502,1,"IOTHUB_CLIENT_CONFIRMATION_OK"
23774,10329197641,10329197855,1,"IOTHUB_CLIENT_CONFIRMATION_OK"
23775,10329197841,10329197904,1,"IOTHUB_CLIENT_CONFIRMATION_OK"
23776,10329198041,10329198094,1,"IOTHUB_CLIENT_CONFIRMATION_OK"
23777,10329198242,10329198442,1,"IOTHUB_CLIENT_CONFIRMATION_OK"
23778,10329198442,10329198489,1,"IOTHUB_CLIENT_CONFIRMATION_OK"
23779,10329198642,10329198688,1,"IOTHUB_CLIENT_CONFIRMATION_OK"
23780,10329198842,10329198876,1,"IOTHUB_CLIENT_CONFIRMATION_OK"
23781,10329199042,10329199080,1,"IOTHUB_CLIENT_CONFIRMATION_OK"
23782,10329199242,10329199407,1,"IOTHUB_CLIENT_CONFIRMATION_OK"
23783,10329199442,10329199507,1,"IOTHUB_CLIENT_CONFIRMATION_OK"
23784,10329199643,10329199678,1,"IOTHUB_CLIENT_CONFIRMATION_OK"
23785,10329199843,10329199875,1,"IOTHUB_CLIENT_CONFIRMATION_OK"
23786,10329200043,10329200156,1,"IOTHUB_CLIENT_CONFIRMATION_OK"
23787,10329200243,10329200300,1,"IOTHUB_CLIENT_CONFIRMATION_OK"
23788,10329200443,10329200478,1,"IOTHUB_CLIENT_CONFIRMATION_OK"
23789,10329200643,10329200674,1,"IOTHUB_CLIENT_CONFIRMATION_OK"
23790,10329200843,10329201049,1,"IOTHUB_CLIENT_CONFIRMATION_OK"
23791,10329201044,10329201082,1,"IOTHUB_CLIENT_CONFIRMATION_OK"
23792,10329201244,10329201275,1,"IOTHUB_CLIENT_CONFIRMATION_OK"
23793,10329201444,10329201480,1,"IOTHUB_CLIENT_CONFIRMATION_OK"
23794,10329201644,10329201692,1,"IOTHUB_CLIENT_CONFIRMATION_OK"
23795,10329201844,10329202021,1,"IOTHUB_CLIENT_CONFIRMATION_OK"
23796,10329202044,10329202080,1,"IOTHUB_CLIENT_CONFIRMATION_OK"
23797,10329202244,10329202299,1,"IOTHUB_CLIENT_CONFIRMATION_OK"
23798,10329202445,10329202484,1,"IOTHUB_CLIENT_CONFIRMATION_OK"
23799,10329202645,10329202679,1,"IOTHUB_CLIENT_CONFIRMATION_OK"
23800,10329202845,10329202899,1,"IOTHUB_CLIENT_CONFIRMATION_OK"
23801,10329203045,10329203109,1,"IOTHUB_CLIENT_CONFIRMATION_OK"
23802,10329203245,10329203274,1,"IOTHUB_CLIENT_CONFIRMATION_OK"
23803,10329203445,10329203481,1,"IOTHUB_CLIENT_CONFIRMATION_OK"
23804,10329203646,10329203677,1,"IOTHUB_CLIENT_CONFIRMATION_OK"
23805,10329203846,10329203876,1,"IOTHUB_CLIENT_CONFIRMATION_OK"
23806,10329204046,10329204075,1,"IOTHUB_CLIENT_CONFIRMATION_OK"
23807,10329204246,10329204279,1,"IOTHUB_CLIENT_CONFIRMATION_OK"
23808,10329204446,10329204476,1,"IOTHUB_CLIENT_CONFIRMATION_OK"
23809,10329204646,10329204779,1,"IOTHUB_CLIENT_CONFIRMATION_OK"
23810,10329204846,10329204881,1,"IOTHUB_CLIENT_CONFIRMATION_OK"
23811,10329205047,10329205094,1,"IOTHUB_CLIENT_CONFIRMATION_OK"
23812,10329205247,10329205282,1,"IOTHUB_CLIENT_CONFIRMATION_OK"
23813,10329205447,10329205481,1,"IOTHUB_CLIENT_CONFIRMATION_OK"
23814,10329205647,10329205689,1,"IOTHUB_CLIENT_CONFIRMATION_OK"
23815,10329205848,10329205899,1,"IOTHUB_CLIENT_CONFIRMATION_OK"
23816,10329206048,10329206091,1,"IOTHUB_CLIENT_CONFIRMATION_OK"
23817,10329206248,10329206369,1,"IOTHUB_CLIENT_CONFIRMATION_OK"
23818,10329206448,10329206495,1,"IOTHUB_CLIENT_CONFIRMATION_OK"
23819,10329206648,10329206802,1,"IOTHUB_CLIENT_CONFIRMATION_OK"
23820,10329206848,10329206890,1,"IOTHUB_CLIENT_CONFIRMATION_OK"
23821,10329207048,10329207076,1,"IOTHUB_CLIENT_CONFIRMATION_OK"
23822,10329207249,10329207293,1,"IOTHUB_CLIENT_CONFIRMATION_OK"
23823,10329207449,10329207533,1,"IOTHUB_CLIENT_CONFIRMATION_OK"
23824,10329207649,10329207846,1,"IOTHUB_CLIENT_CONFIRMATION_OK"
23825,10329207849,10329207888,1,"IOTHUB_CLIENT_CONFIRMATION_OK"
23826,10329208049,10329208171,1,"IOTHUB_CLIENT_CONFIRMATION_OK"
23827,10329208250,10329208291,1,"IOTHUB_CLIENT_CONFIRMATION_OK"
23828,10329208450,10329208482,1,"IOTHUB_CLIENT_CONFIRMATION_OK"
23829,10329208650,10329208872,1,"IOTHUB_CLIENT_CONFIRMATION_OK"
23830,10329208850,10329208901,1,"IOTHUB_CLIENT_CONFIRMATION_OK"
23831,10329209050,10329209430,1,"IOTHUB_CLIENT_CONFIRMATION_OK"
23832,10329209250,10329209473,1,"IOTHUB_CLIENT_CONFIRMATION_OK"
23833,10329209450,10329209501,1,"IOTHUB_CLIENT_CONFIRMATION_OK"
23834,10329209651,10329209680,1,"IOTHUB_CLIENT_CONFIRMATION_OK"
23835,10329209851,10329209896,1,"IOTHUB_CLIENT_CONFIRMATION_OK"
23836,10329210051,10329210597,1,"IOTHUB_CLIENT_CONFIRMATION_OK"
23837,10329210251,10329210624,1,"IOTHUB_CLIENT_CONFIRMATION_OK"
23838,10329210451,10329210661,1,"IOTHUB_CLIENT_CONFIRMATION_OK"
23839,10329210652,10329210701,1,"IOTHUB_CLIENT_CONFIRMATION_OK"
23840,10329210852,10329210941,1,"IOTHUB_CLIENT_CONFIRMATION_OK"
23841,10329211052,10329211085,1,"IOTHUB_CLIENT_CONFIRMATION_OK"
23842,10329211252,10329211286,1,"IOTHUB_CLIENT_CONFIRMATION_OK"
23843,10329211452,10329211537,1,"IOTHUB_CLIENT_CONFIRMATION_OK"
23844,10329211652,10329211690,1,"IOTHUB_CLIENT_CONFIRMATION_OK"
23845,10329211852,10329211956,1,"IOTHUB_CLIENT_CONFIRMATION_OK"
23846,10329212053,10329212096,1,"IOTHUB_CLIENT_CONFIRMATION_OK"
23847,10329212253,10329212292,1,"IOTHUB_CLIENT_CONFIRMATION_OK"
23848,10329212453,10329212537,1,"IOTHUB_CLIENT_CONFIRMATION_OK"
23849,10329212653,10329212686,1,"IOTHUB_CLIENT_CONFIRMATION_OK"
23850,10329212853,10329213293,1,"IOTHUB_CLIENT_CONFIRMATION_OK"
23851,10329213053,10329214833,1,"IOTHUB_CLIENT_CONFIRMATION_OK"
23852,10329213254,10329214921,1,"IOTHUB_CLIENT_CONFIRMATION_OK"
23853,10329213454,10329214962,1,"IOTHUB_CLIENT_CONFIRMATION_OK"
23854,10329213654,10329215303,1,"IOTHUB_CLIENT_CONFIRMATION_OK"
23855,10329213854,10329215374,1,"IOTHUB_CLIENT_CONFIRMATION_OK"
23856,10329214055,10329215435,1,"IOTHUB_CLIENT_CONFIRMATION_OK"
23857,10329214255,10329215662,1,"IOTHUB_CLIENT_CONFIRMATION_OK"
23858,10329214455,10329215742,1,"IOTHUB_CLIENT_CONFIRMATION_OK"
23859,10329214655,10329215769,1,"IOTHUB_CLIENT_CONFIRMATION_OK"
23860,10329214856,10329215803,1,"IOTHUB_CLIENT_CONFIRMATION_OK"
23861,10329215056,10329215855,1,"IOTHUB_CLIENT_CONFIRMATION_OK"
23862,10329215256,10329215924,1,"IOTHUB_CLIENT_CONFIRMATION_OK"
23863,10329215456,10329216009,1,"IOTHUB_CLIENT_CONFIRMATION_OK"
23864,10329215656,10329216044,1,"IOTHUB_CLIENT_CONFIRMATION_OK"
23865,10329215856,10329216068,1,"IOTHUB_CLIENT_CONFIRMATION_OK"
23866,10329216056,10329216097,1,"IOTHUB_CLIENT_CONFIRMATION_OK"
23867,10329216257,10329216312,1,"IOTHUB_CLIENT_CONFIRMATION_OK"
23868,10329216457,10329216488,1,"IOTHUB_CLIENT_CONFIRMATION_OK"
23869,10329216657,10329216690,1,"IOTHUB_CLIENT_CONFIRMATION_OK"
23870,10329216857,10329216890,1,"IOTHUB_CLIENT_CONFIRMATION_OK"
23871,10329217057,10329217141,1,"IOTHUB_CLIENT_CONFIRMATION_OK"
23872,10329217257,10329217293,1,"IOTHUB_CLIENT_CONFIRMATION_OK"
23873,10329217458,10329217490,1,"IOTHUB_CLIENT_CONFIRMATION_OK"
23874,10329217658,10329217880,1,"IOTHUB_CLIENT_CONFIRMATION_OK"
23875,10329217858,10329217898,1,"IOTHUB_CLIENT_CONFIRMATION_OK"
23876,10329218058,10329218093,1,"IOTHUB_CLIENT_CONFIRMATION_OK"
23877,10329218258,10329218293,1,"IOTHUB_CLIENT_CONFIRMATION_OK"
23878,10329218458,10329218487,1,"IOTHUB_CLIENT_CONFIRMATION_OK"
23879,10329218658,10329218693,1,"IOTHUB_CLIENT_CONFIRMATION_OK"
23880,10329218859,10329218913,1,"IOTHUB_CLIENT_CONFIRMATION_OK"
23881,10329219059,10329219092,1,"IOTHUB_CLIENT_CONFIRMATION_OK"
23882,10329219259,10329219340,1,"IOTHUB_CLIENT_CONFIRMATION_OK"
23883,10329219459,10329219498,1,"IOTHUB_CLIENT_CONFIRMATION_OK"
23884,10329219659,10329219701,1,"IOTHUB_CLIENT_CONFIRMATION_OK"
23885,10329219859,10329219960,1,"IOTHUB_CLIENT_CONFIRMATION_OK"
23886,10329220060,10329220119,1,"IOTHUB_CLIENT_CONFIRMATION_OK"
23887,10329220260,10329220309,1,"IOTHUB_CLIENT_CONFIRMATION_OK"
23888,10329220460,10329220493,1,"IOTHUB_CLIENT_CONFIRMATION_OK"
23889,10329220660,10329220701,1,"IOTHUB_CLIENT_CONFIRMATION_OK"
23890,10329220860,10329220929,1,"IOTHUB_CLIENT_CONFIRMATION_OK"
23891,10329221061,10329221097,1,"IOTHUB_CLIENT_CONFIRMATION_OK"
23892,10329221261,10329221301,1,"IOTHUB_CLIENT_CONFIRMATION_OK"
23893,10329221461,10329221549,1,"IOTHUB_CLIENT_CONFIRMATION_OK"
23894,10329221661,10329221694,1,"IOTHUB_CLIENT_CONFIRMATION_OK"
23895,10329221861,10329221939,1,"IOTHUB_CLIENT_CONFIRMATION_OK"
23896,10329222061,10329222091,1,"IOTHUB_CLIENT_CONFIRMATION_OK"
23897,10329222261,10329222296,1,"IOTHUB_CLIENT_CONFIRMATION_OK"
23898,10329222462,10329222556,1,"IOTHUB_CLIENT_CONFIRMATION_OK"
23899,10329222662,10329222731,1,"IOTHUB_CLIENT_CONFIRMATION_OK"
23900,10329222862,10329222899,1,"IOTHUB_CLIENT_CONFIRMATION_OK"
23901,10329223062,10329223111,1,"IOTHUB_CLIENT_CONFIRMATION_OK"
23902,10329223262,10329223298,1,"IOTHUB_CLIENT_CONFIRMATION_OK"
23903,10329223463,10329223575,1,"IOTHUB_CLIENT_CONFIRMATION_OK"
23904,10329223663,10329223702,1,"IOTHUB_CLIENT_CONFIRMATION_OK"
23905,10329223863,10329223913,1,"IOTHUB_CLIENT_CONFIRMATION_OK"
23906,10329224064,10329224180,1,"IOTHUB_CLIENT_CONFIRMATION_OK"
23907,10329224264,10329224298,1,"IOTHUB_CLIENT_CONFIRMATION_OK"
23908,10329224464,10329224496,1,"IOTHUB_CLIENT_CONFIRMATION_OK"
23909,10329224664,10329224698,1,"IOTHUB_CLIENT_CONFIRMATION_OK"
23910,10329224864,10329224900,1,"IOTHUB_CLIENT_CONFIRMATION_OK"
23911,10329225064,10329225484,1,"IOTHUB_CLIENT_CONFIRMATION_OK"
23912,10329225265,10329225512,1,"IOTHUB_CLIENT_CONFIRMATION_OK"
23913,10329225465,10329225551,1,"IOTHUB_CLIENT_CONFIRMATION_OK"
23914,10329225665,10329225706,1,"IOTHUB_CLIENT_CONFIRMATION_OK"
23915,10329225865,10329226021,1,"IOTHUB_CLIENT_CONFIRMATION_OK"
23916,10329226065,10329226230,1,"IOTHUB_CLIENT_CONFIRMATION_OK"
23917,10329226265,10329226294,1,"IOTHUB_CLIENT_CONFIRMATION_OK"
23918,10329226465,10329226566,1,"IOTHUB_CLIENT_CONFIRMATION_OK"
23919,10329226666,10329226709,1,"IOTHUB_CLIENT_CONFIRMATION_OK"
23920,10329226866,10329226902,1,"IOTHUB_CLIENT_CONFIRMATION_OK"
23921,10329227066,10329227101,1,"IOTHUB_CLIENT_CONFIRMATION_OK"
23922,10329227266,10329227328,1,"IOTHUB_CLIENT_CONFIRMATION_OK"
23923,10329227466,10329227508,1,"IOTHUB_CLIENT_CONFIRMATION_OK"
23924,10329227666,10329227900,1,"IOTHUB_CLIENT_CONFIRMATION_OK"
23925,10329227867,10329227923,1,"IOTHUB_CLIENT_CONFIRMATION_OK"
23926,10329228067,10329228098,1,"IOTHUB_CLIENT_CONFIRMATION_OK"
23927,10329228267,10329228300,1,"IOTHUB_CLIENT_CONFIRMATION_OK"
23928,10329228467,10329228500,1,"IOTHUB_CLIENT_CONFIRMATION_OK"
23929,10329228668,10329228701,1,"IOTHUB_CLIENT_CONFIRMATION_OK"
23930,10329228868,10329228902,1,"IOTHUB_CLIENT_CONFIRMATION_OK"
23931,10329229068,10329229113,1,"IOTHUB_CLIENT_CONFIRMATION_OK"
23932,10329229268,10329229297,1,"IOTHUB_CLIENT_CONFIRMATION_OK"
23933,10329229468,10329229510,1,"IOTHUB_CLIENT_CONFIRMATION_OK"
23934,10329229668,10329229706,1,"IOTHUB_CLIENT_CONFIRMATION_OK"
23935,10329229869,10329229909,1,"IOTHUB_CLIENT_CONFIRMATION_OK"
23936,10329230069,10329230108,1,"IOTHUB_CLIENT_CONFIRMATION_OK"
23937,10329230269,10329230304,1,"IOTHUB_CLIENT_CONFIRMATION_OK"
23938,10329230469,10329230519,1,"IOTHUB_CLIENT_CONFIRMATION_OK"
23939,10329230669,10329230745,1,"IOTHUB_CLIENT_CONFIRMATION_OK"
23940,10329230869,10329230946,1,"IOTHUB_CLIENT_CONFIRMATION_OK"
23941,10329231070,10329231101,1,"IOTHUB_CLIENT_CONFIRMATION_OK"
23942,10329231270,10329231302,1,"IOTHUB_CLIENT_CONFIRMATION_OK"
23943,10329231470,10329231566,1,"IOTHUB_CLIENT_CONFIRMATION_OK"
23944,10329231670,10329231785,1,"IOTHUB_CLIENT_CONFIRMATION_OK"
23945,10329231870,10329231989,1,"IOTHUB_CLIENT_CONFIRMATION_OK"
23946,10329232071,10329232105,1,"IOTHUB_CLIENT_CONFIRMATION_OK"
23947,10329232271,10329232622,1,"IOTHUB_CLIENT_CONFIRMATION_OK"
23948,10329232471,10329232658,1,"IOTHUB_CLIENT_CONFIRMATION_OK"
23949,10329232671,10329232730,1,"IOTHUB_CLIENT_CONFIRMATION_OK"
23950,10329232871,10329232901,1,"IOTHUB_CLIENT_CONFIRMATION_OK"
23951,10329233072,10329233305,1,"IOTHUB_CLIENT_CONFIRMATION_OK"
23952,10329233272,10329233343,1,"IOTHUB_CLIENT_CONFIRMATION_OK"
23953,10329233472,10329233751,1,"IOTHUB_CLIENT_CONFIRMATION_OK"
23954,10329233672,10329233772,1,"IOTHUB_CLIENT_CONFIRMATION_OK"
23955,10329233872,10329233907,1,"IOTHUB_CLIENT_CONFIRMATION_OK"
23956,10329234073,10329234100,1,"IOTHUB_CLIENT_CONFIRMATION_OK"
23957,10329234273,10329234306,1,"IOTHUB_CLIENT_CONFIRMATION_OK"
23958,10329234473,10329234502,1,"IOTHUB_CLIENT_CONFIRMATION_OK"
23959,10329234673,10329234708,1,"IOTHUB_CLIENT_CONFIRMATION_OK"
23960,10329234873,10329235382,1,"IOTHUB_CLIENT_CONFIRMATION_OK"
23961,10329235073,10329235427,1,"IOTHUB_CLIENT_CONFIRMATION_OK"
23962,10329235274,10329235463,1,"IOTHUB_CLIENT_CONFIRMATION_OK"
23963,10329235474,10329235507,1,"IOTHUB_CLIENT_CONFIRMATION_OK"
23964,10329235674,10329235853,1,"IOTHUB_CLIENT_CONFIRMATION_OK"
23965,10329235874,10329235949,1,"IOTHUB_CLIENT_CONFIRMATION_OK"
23966,10329236074,10329236226,1,"IOTHUB_CLIENT_CONFIRMATION_OK"
23967,10329236274,10329236309,1,"IOTHUB_CLIENT_CONFIRMATION_OK"
23968,10329236475,10329236505,1,"IOTHUB_CLIENT_CONFIRMATION_OK"
23969,10329236675,10329236707,1,"IOTHUB_CLIENT_CONFIRMATION_OK"
23970,10329236875,10329236908,1,"IOTHUB_CLIENT_CONFIRMATION_OK"
23971,10329237075,10329237106,1,"IOTHUB_CLIENT_CONFIRMATION_OK"
23972,10329237275,10329237310,1,"IOTHUB_CLIENT_CONFIRMATION_OK"
23973,10329237475,10329237506,1,"IOTHUB_CLIENT_CONFIRMATION_OK"
23974,10329237675,10329237866,1,"IOTHUB_CLIENT_CONFIRMATION_OK"
23975,10329237876,10329237909,1,"IOTHUB_CLIENT_CONFIRMATION_OK"
23976,10329238076,10329238108,1,"IOTHUB_CLIENT_CONFIRMATION_OK"
23977,10329238276,10329238310,1,"IOTHUB_CLIENT_CONFIRMATION_OK"
23978,10329238476,10329238509,1,"IOTHUB_CLIENT_CONFIRMATION_OK"
23979,10329238676,10329238705,1,"IOTHUB_CLIENT_CONFIRMATION_OK"
23980,10329238877,10329238907,1,"IOTHUB_CLIENT_CONFIRMATION_OK"
23981,10329239077,10329239204,1,"IOTHUB_CLIENT_CONFIRMATION_OK"
23982,10329239277,10329239315,1,"IOTHUB_CLIENT_CONFIRMATION_OK"
23983,10329239477,10329239506,1,"IOTHUB_CLIENT_CONFIRMATION_OK"
23984,10329239677,10329239712,1,"IOTHUB_CLIENT_CONFIRMATION_OK"
23985,10329239877,10329239935,1,"IOTHUB_CLIENT_CONFIRMATION_OK"
23986,10329240078,10329240112,1,"IOTHUB_CLIENT_CONFIRMATION_OK"
23987,10329240278,10329240311,1,"IOTHUB_CLIENT_CONFIRMATION_OK"
23988,10329240478,10329240511,1,"IOTHUB_CLIENT_CONFIRMATION_OK"
23989,10329240678,10329240714,1,"IOTHUB_CLIENT_CONFIRMATION_OK"
23990,10329240878,10329240928,1,"IOTHUB_CLIENT_CONFIRMATION_OK"
23991,10329241079,10329241221,1,"IOTHUB_CLIENT_CONFIRMATION_OK"
23992,10329241279,10329241315,1,"IOTHUB_CLIENT_CONFIRMATION_OK"
23993,10329241479,10329241530,1,"IOTHUB_CLIENT_CONFIRMATION_OK"
23994,10329241679,10329241709,1,"IOTHUB_CLIENT_CONFIRMATION_OK"
23995,10329241879,10329242016,1,"IOTHUB_CLIENT_CONFIRMATION_OK"
23996,10329242079,10329242111,1,"IOTHUB_CLIENT_CONFIRMATION_OK"
23997,10329242280,10329242313,1,"IOTHUB_CLIENT_CONFIRMATION_OK"
23998,10329242480,10329242525,1,"IOTHUB_CLIENT_CONFIRMATION_OK"
23999,10329242680,10329242753,1,"IOTHUB_CLIENT_CONFIRMATION_OK"
24000,10329242880,10329242913,1,"IOTHUB_CLIENT_CONFIRMATION_OK"
24001,10329243080,10329243114,1,"IOTHUB_CLIENT_CONFIRMATION_OK"
24002,10329243280,10329243313,1,"IOTHUB_CLIENT_CONFIRMATION_OK"
24003,10329243481,10329243661,1,"IOTHUB_CLIENT_CONFIRMATION_OK"
24004,10329243681,10329243717,1,"IOTHUB_CLIENT_CONFIRMATION_OK"
24005,10329243881,10329243919,1,"IOTHUB_CLIENT_CONFIRMATION_OK"
24006,10329244081,10329244122,1,"IOTHUB_CLIENT_CONFIRMATION_OK"
24007,10329244281,10329244317,1,"IOTHUB_CLIENT_CONFIRMATION_OK"
24008,10329244481,10329244515,1,"IOTHUB_CLIENT_CONFIRMATION_OK"
24009,10329244682,10329244715,1,"IOTHUB_CLIENT_CONFIRMATION_OK"
24010,10329244882,10329244915,1,"IOTHUB_CLIENT_CONFIRMATION_OK"
24011,10329245082,10329245132,1,"IOTHUB_CLIENT_CONFIRMATION_OK"
24012,10329245282,10329245325,1,"IOTHUB_CLIENT_CONFIRMATION_OK"
24013,10329245482,10329245516,1,"IOTHUB_CLIENT_CONFIRMATION_OK"
24014,10329245682,10329245774,1,"IOTHUB_CLIENT_CONFIRMATION_OK"
24015,10329245883,10329245928,1,"IOTHUB_CLIENT_CONFIRMATION_OK"
24016,10329246083,10329246187,1,"IOTHUB_CLIENT_CONFIRMATION_OK"
24017,10329246283,10329246315,1,"IOTHUB_CLIENT_CONFIRMATION_OK"
24018,10329246483,10329246559,1,"IOTHUB_CLIENT_CONFIRMATION_OK"
24019,10329246683,10329246802,1,"IOTHUB_CLIENT_CONFIRMATION_OK"
24020,10329246884,10329246918,1,"IOTHUB_CLIENT_CONFIRMATION_OK"
24021,10329247084,10329247118,1,"IOTHUB_CLIENT_CONFIRMATION_OK"
24022,10329247284,10329247327,1,"IOTHUB_CLIENT_CONFIRMATION_OK"
24023,10329247484,10329247535,1,"IOTHUB_CLIENT_CONFIRMATION_OK"
24024,10329247684,10329247800,1,"IOTHUB_CLIENT_CONFIRMATION_OK"
24025,10329247884,10329247926,1,"IOTHUB_CLIENT_CONFIRMATION_OK"
24026,10329248085,10329248122,1,"IOTHUB_CLIENT_CONFIRMATION_OK"
24027,10329248285,10329248421,1,"IOTHUB_CLIENT_CONFIRMATION_OK"
24028,10329248485,10329248516,1,"IOTHUB_CLIENT_CONFIRMATION_OK"
24029,10329248685,10329248718,1,"IOTHUB_CLIENT_CONFIRMATION_OK"
24030,10329248885,10329248920,1,"IOTHUB_CLIENT_CONFIRMATION_OK"
24031,10329249085,10329249120,1,"IOTHUB_CLIENT_CONFIRMATION_OK"
24032,10329249286,10329249472,1,"IOTHUB_CLIENT_CONFIRMATION_OK"
24033,10329249486,10329249518,1,"IOTHUB_CLIENT_CONFIRMATION_OK"
24034,10329249686,10329249716,1,"IOTHUB_CLIENT_CONFIRMATION_OK"
24035,10329249886,10329249934,1,"IOTHUB_CLIENT_CONFIRMATION_OK"
24036,10329250086,10329250119,1,"IOTHUB_CLIENT_CONFIRMATION_OK"
24037,10329250287,10329250327,1,"IOTHUB_CLIENT_CONFIRMATION_OK"
24038,10329250487,10329250548,1,"IOTHUB_CLIENT_CONFIRMATION_OK"
24039,10329250687,10329250720,1,"IOTHUB_CLIENT_CONFIRMATION_OK"
24040,10329250887,10329250921,1,"IOTHUB_CLIENT_CONFIRMATION_OK"
24041,10329251087,10329251121,1,"IOTHUB_CLIENT_CONFIRMATION_OK"
24042,10329251287,10329251327,1,"IOTHUB_CLIENT_CONFIRMATION_OK"
24043,10329251487,10329251528,1,"IOTHUB_CLIENT_CONFIRMATION_OK"
24044,10329251688,10329252040,1,"IOTHUB_CLIENT_CONFIRMATION_OK"
24045,10329251888,10329252119,1,"IOTHUB_CLIENT_CONFIRMATION_OK"
24046,10329252088,10329252137,1,"IOTHUB_CLIENT_CONFIRMATION_OK"
24047,10329252288,10329252361,1,"IOTHUB_CLIENT_CONFIRMATION_OK"
24048,10329252488,10329252542,1,"IOTHUB_CLIENT_CONFIRMATION_OK"
24049,10329252688,10329252723,1,"IOTHUB_CLIENT_CONFIRMATION_OK"
24050,10329252889,10329252952,1,"IOTHUB_CLIENT_CONFIRMATION_OK"
24051,10329253089,10329253125,1,"IOTHUB_CLIENT_CONFIRMATION_OK"
24052,10329253289,10329253324,1,"IOTHUB_CLIENT_CONFIRMATION_OK"
24053,10329253489,10329253582,1,"IOTHUB_CLIENT_CONFIRMATION_OK"
24054,10329253689,10329253722,1,"IOTHUB_CLIENT_CONFIRMATION_OK"
24055,10329253889,10329253930,1,"IOTHUB_CLIENT_CONFIRMATION_OK"
24056,10329254090,10329254190,1,"IOTHUB_CLIENT_CONFIRMATION_OK"
24057,10329254290,10329254319,1,"IOTHUB_CLIENT_CONFIRMATION_OK"
24058,10329254490,10329254525,1,"IOTHUB_CLIENT_CONFIRMATION_OK"
24059,10329254690,10329254726,1,"IOTHUB_CLIENT_CONFIRMATION_OK"
24060,10329254890,10329255002,1,"IOTHUB_CLIENT_CONFIRMATION_OK"
24061,10329255090,10329255216,1,"IOTHUB_CLIENT_CONFIRMATION_OK"
24062,10329255290,10329255320,1,"IOTHUB_CLIENT_CONFIRMATION_OK"
24063,10329255491,10329255520,1,"IOTHUB_CLIENT_CONFIRMATION_OK"
24064,10329255691,10329255724,1,"IOTHUB_CLIENT_CONFIRMATION_OK"
24065,10329255891,10329255938,1,"IOTHUB_CLIENT_CONFIRMATION_OK"
24066,10329256091,10329256231,1,"IOTHUB_CLIENT_CONFIRMATION_OK"
24067,10329256291,10329256395,1,"IOTHUB_CLIENT_CONFIRMATION_OK"
24068,10329256491,10329256520,1,"IOTHUB_CLIENT_CONFIRMATION_OK"
24069,10329256692,10329256825,1,"IOTHUB_CLIENT_CONFIRMATION_OK"
24070,10329256892,10329256929,1,"IOTHUB_CLIENT_CONFIRMATION_OK"
24071,10329257092,10329257147,1,"IOTHUB_CLIENT_CONFIRMATION_OK"
24072,10329257292,10329257336,1,"IOTHUB_CLIENT_CONFIRMATION_OK"
24073,10329257492,10329257545,1,"IOTHUB_CLIENT_CONFIRMATION_OK"
24074,10329257693,10329257874,1,"IOTHUB_CLIENT_CONFIRMATION_OK"
24075,10329257893,10329257925,1,"IOTHUB_CLIENT_CONFIRMATION_OK"
24076,10329258093,10329258130,1,"IOTHUB_CLIENT_CONFIRMATION_OK"
24077,10329258293,10329258502,1,"IOTHUB_CLIENT_CONFIRMATION_OK"
24078,10329258493,10329258546,1,"IOTHUB_CLIENT_CONFIRMATION_OK"
24079,10329258694,10329258753,1,"IOTHUB_CLIENT_CONFIRMATION_OK"
24080,10329258894,10329258939,1,"IOTHUB_CLIENT_CONFIRMATION_OK"
24081,10329259094,10329259131,1,"IOTHUB_CLIENT_CONFIRMATION_OK"
24082,10329259294,10329259330,1,"IOTHUB_CLIENT_CONFIRMATION_OK"
24083,10329259494,10329259580,1,"IOTHUB_CLIENT_CONFIRMATION_OK"
24084,10329259694,10329259722,1,"IOTHUB_CLIENT_CONFIRMATION_OK"
24085,10329259894,10329259933,1,"IOTHUB_CLIENT_CONFIRMATION_OK"
24086,10329260095,10329260132,1,"IOTHUB_CLIENT_CONFIRMATION_OK"
24087,10329260295,10329260329,1,"IOTHUB_CLIENT_CONFIRMATION_OK"
24088,10329260495,10329260530,1,"IOTHUB_CLIENT_CONFIRMATION_OK"
24089,10329260695,10329261090,1,"IOTHUB_CLIENT_CONFIRMATION_OK"
24090,10329260895,10329261123,1,"IOTHUB_CLIENT_CONFIRMATION_OK"
24091,10329261095,10329261157,1,"IOTHUB_CLIENT_CONFIRMATION_OK"
24092,10329261296,10329261342,1,"IOTHUB_CLIENT_CONFIRMATION_OK"
24093,10329261496,10329261624,1,"IOTHUB_CLIENT_CONFIRMATION_OK"
24094,10329261696,10329261733,1,"IOTHUB_CLIENT_CONFIRMATION_OK"
24095,10329261896,10329262002,1,"IOTHUB_CLIENT_CONFIRMATION_OK"
24096,10329262096,10329262124,1,"IOTHUB_CLIENT_CONFIRMATION_OK"
24097,10329262296,10329262325,1,"IOTHUB_CLIENT_CONFIRMATION_OK"
24098,10329262497,10329262591,1,"IOTHUB_CLIENT_CONFIRMATION_OK"
24099,10329262697,10329262726,1,"IOTHUB_CLIENT_CONFIRMATION_OK"
24100,10329262897,10329262932,1,"IOTHUB_CLIENT_CONFIRMATION_OK"
24101,10329263097,10329263136,1,"IOTHUB_CLIENT_CONFIRMATION_OK"
24102,10329263298,10329263328,1,"IOTHUB_CLIENT_CONFIRMATION_OK"
24103,10329263498,10329263629,1,"IOTHUB_CLIENT_CONFIRMATION_OK"
24104,10329263698,10329263748,1,"IOTHUB_CLIENT_CONFIRMATION_OK"
24105,10329263898,10329263931,1,"IOTHUB_CLIENT_CONFIRMATION_OK"
24106,10329264098,10329264132,1,"IOTHUB_CLIENT_CONFIRMATION_OK"
24107,10329264298,10329264331,1,"IOTHUB_CLIENT_CONFIRMATION_OK"
24108,10329264498,10329264533,1,"IOTHUB_CLIENT_CONFIRMATION_OK"
24109,10329264699,10329264730,1,"IOTHUB_CLIENT_CONFIRMATION_OK"
24110,10329264899,10329264935,1,"IOTHUB_CLIENT_CONFIRMATION_OK"
24111,10329265099,10329265265,1,"IOTHUB_CLIENT_CONFIRMATION_OK"
24112,10329265299,10329265333,1,"IOTHUB_CLIENT_CONFIRMATION_OK"
24113,10329265500,10329265534,1,"IOTHUB_CLIENT_CONFIRMATION_OK"
24114,10329265700,10329265731,1,"IOTHUB_CLIENT_CONFIRMATION_OK"
24115,10329265900,10329265933,1,"IOTHUB_CLIENT_CONFIRMATION_OK"
24116,10329266100,10329266134,1,"IOTHUB_CLIENT_CONFIRMATION_OK"
24117,10329266300,10329266333,1,"IOTHUB_CLIENT_CONFIRMATION_OK"
24118,10329266500,10329266533,1,"IOTHUB_CLIENT_CONFIRMATION_OK"
24119,10329266700,10329266737,1,"IOTHUB_CLIENT_CONFIRMATION_OK"
24120,10329266901,10329266935,1,"IOTHUB_CLIENT_CONFIRMATION_OK"
24121,10329267101,10329267145,1,"IOTHUB_CLIENT_CONFIRMATION_OK"
24122,10329267301,10329267339,1,"IOTHUB_CLIENT_CONFIRMATION_OK"
24123,10329267501,10329267534,1,"IOTHUB_CLIENT_CONFIRMATION_OK"
24124,10329267701,10329267798,1,"IOTHUB_CLIENT_CONFIRMATION_OK"
24125,10329267901,10329267934,1,"IOTHUB_CLIENT_CONFIRMATION_OK"
24126,10329268102,10329268138,1,"IOTHUB_CLIENT_CONFIRMATION_OK"
24127,10329268302,10329268455,1,"IOTHUB_CLIENT_CONFIRMATION_OK"
24128,10329268502,10329268538,1,"IOTHUB_CLIENT_CONFIRMATION_OK"
24129,10329268702,10329268733,1,"IOTHUB_CLIENT_CONFIRMATION_OK"
24130,10329268902,10329268937,1,"IOTHUB_CLIENT_CONFIRMATION_OK"
24131,10329269102,10329269133,1,"IOTHUB_CLIENT_CONFIRMATION_OK"
24132,10329269303,10329269418,1,"IOTHUB_CLIENT_CONFIRMATION_OK"
24133,10329269503,10329269545,1,"IOTHUB_CLIENT_CONFIRMATION_OK"
24134,10329269703,10329269734,1,"IOTHUB_CLIENT_CONFIRMATION_OK"
24135,10329269903,10329269941,1,"IOTHUB_CLIENT_CONFIRMATION_OK"
24136,10329270103,10329270136,1,"IOTHUB_CLIENT_CONFIRMATION_OK"
24137,10329270303,10329270337,1,"IOTHUB_CLIENT_CONFIRMATION_OK"
24138,10329270503,10329270539,1,"IOTHUB_CLIENT_CONFIRMATION_OK"
24139,10329270704,10329270737,1,"IOTHUB_CLIENT_CONFIRMATION_OK"
24140,10329270904,10329271043,1,"IOTHUB_CLIENT_CONFIRMATION_OK"
24141,10329271104,10329271140,1,"IOTHUB_CLIENT_CONFIRMATION_OK"
24142,10329271304,10329271349,1,"IOTHUB_CLIENT_CONFIRMATION_OK"
24143,10329271504,10329271543,1,"IOTHUB_CLIENT_CONFIRMATION_OK"
24144,10329271704,10329271744,1,"IOTHUB_CLIENT_CONFIRMATION_OK"
24145,10329271905,10329272076,1,"IOTHUB_CLIENT_CONFIRMATION_OK"
24146,10329272105,10329272139,1,"IOTHUB_CLIENT_CONFIRMATION_OK"
24147,10329272305,10329272334,1,"IOTHUB_CLIENT_CONFIRMATION_OK"
24148,10329272505,10329272540,1,"IOTHUB_CLIENT_CONFIRMATION_OK"
24149,10329272705,10329272742,1,"IOTHUB_CLIENT_CONFIRMATION_OK"
24150,10329272905,10329272940,1,"IOTHUB_CLIENT_CONFIRMATION_OK"
24151,10329273106,10329273188,1,"IOTHUB_CLIENT_CONFIRMATION_OK"
24152,10329273306,10329273341,1,"IOTHUB_CLIENT_CONFIRMATION_OK"
24153,10329273506,10329273710,1,"IOTHUB_CLIENT_CONFIRMATION_OK"
24154,10329273706,10329273741,1,"IOTHUB_CLIENT_CONFIRMATION_OK"
24155,10329273907,10329273939,1,"IOTHUB_CLIENT_CONFIRMATION_OK"
24156,10329274107,10329274144,1,"IOTHUB_CLIENT_CONFIRMATION_OK"
24157,10329274307,10329274338,1,"IOTHUB_CLIENT_CONFIRMATION_OK"
24158,10329274507,10329274554,1,"IOTHUB_CLIENT_CONFIRMATION_OK"
24159,10329274707,10329274751,1,"IOTHUB_CLIENT_CONFIRMATION_OK"
24160,10329274907,10329274941,1,"IOTHUB_CLIENT_CONFIRMATION_OK"
24161,10329275107,10329275161,1,"IOTHUB_CLIENT_CONFIRMATION_OK"
24162,10329275308,10329275351,1,"IOTHUB_CLIENT_CONFIRMATION_OK"
24163,10329275508,10329275552,1,"IOTHUB_CLIENT_CONFIRMATION_OK"
24164,10329275708,10329275746,1,"IOTHUB_CLIENT_CONFIRMATION_OK"
24165,10329275908,10329275937,1,"IOTHUB_CLIENT_CONFIRMATION_OK"
24166,10329276108,10329276140,1,"IOTHUB_CLIENT_CONFIRMATION_OK"
24167,10329276308,10329276341,1,"IOTHUB_CLIENT_CONFIRMATION_OK"
24168,10329276509,10329276542,1,"IOTHUB_CLIENT_CONFIRMATION_OK"
24169,10329276709,10329276769,1,"IOTHUB_CLIENT_CONFIRMATION_OK"
24170,10329276909,10329276965,1,"IOTHUB_CLIENT_CONFIRMATION_OK"
24171,10329277109,10329277145,1,"IOTHUB_CLIENT_CONFIRMATION_OK"
24172,10329277309,10329277376,1,"IOTHUB_CLIENT_CONFIRMATION_OK"
24173,10329277509,10329277575,1,"IOTHUB_CLIENT_CONFIRMATION_OK"
24174,10329277709,10329277773,1,"IOTHUB_CLIENT_CONFIRMATION_OK"
24175,10329277910,10329277946,1,"IOTHUB_CLIENT_CONFIRMATION_OK"
24176,10329278110,10329278142,1,"IOTHUB_CLIENT_CONFIRMATION_OK"
24177,10329278310,10329278386,1,"IOTHUB_CLIENT_CONFIRMATION_OK"
24178,10329278510,10329278543,1,"IOTHUB_CLIENT_CONFIRMATION_OK"
24179,10329278710,10329278743,1,"IOTHUB_CLIENT_CONFIRMATION_OK"
24180,10329278910,10329278954,1,"IOTHUB_CLIENT_CONFIRMATION_OK"
24181,10329279111,10329279145,1,"IOTHUB_CLIENT_CONFIRMATION_OK"
24182,10329279311,10329279436,1,"IOTHUB_CLIENT_CONFIRMATION_OK"
24183,10329279511,10329279539,1,"IOTHUB_CLIENT_CONFIRMATION_OK"
24184,10329279711,10329279787,1,"IOTHUB_CLIENT_CONFIRMATION_OK"
24185,10329279911,10329279945,1,"IOTHUB_CLIENT_CONFIRMATION_OK"
24186,10329280112,10329280146,1,"IOTHUB_CLIENT_CONFIRMATION_OK"
24187,10329280312,10329280467,1,"IOTHUB_CLIENT_CONFIRMATION_OK"
24188,10329280512,10329280542,1,"IOTHUB_CLIENT_CONFIRMATION_OK"
24189,10329280712,10329280743,1,"IOTHUB_CLIENT_CONFIRMATION_OK"
24190,10329280912,10329281064,1,"IOTHUB_CLIENT_CONFIRMATION_OK"
24191,10329281113,10329281171,1,"IOTHUB_CLIENT_CONFIRMATION_OK"
24192,10329281313,10329281348,1,"IOTHUB_CLIENT_CONFIRMATION_OK"
24193,10329281513,10329281548,1,"IOTHUB_CLIENT_CONFIRMATION_OK"
24194,10329281713,10329281767,1,"IOTHUB_CLIENT_CONFIRMATION_OK"
24195,10329281913,10329282076,1,"IOTHUB_CLIENT_CONFIRMATION_OK"
24196,10329282113,10329282142,1,"IOTHUB_CLIENT_CONFIRMATION_OK"
24197,10329282313,10329282342,1,"IOTHUB_CLIENT_CONFIRMATION_OK"
24198,10329282514,10329282575,1,"IOTHUB_CLIENT_CONFIRMATION_OK"
24199,10329282714,10329282745,1,"IOTHUB_CLIENT_CONFIRMATION_OK"
24200,10329282914,10329282947,1,"IOTHUB_CLIENT_CONFIRMATION_OK"
24201,10329283114,10329283164,1,"IOTHUB_CLIENT_CONFIRMATION_OK"
24202,10329283314,10329283348,1,"IOTHUB_CLIENT_CONFIRMATION_OK"
24203,10329283515,10329283704,1,"IOTHUB_CLIENT_CONFIRMATION_OK"
24204,10329283715,10329283749,1,"IOTHUB_CLIENT_CONFIRMATION_OK"
24205,10329283915,10329283953,1,"IOTHUB_CLIENT_CONFIRMATION_OK"
24206,10329284115,10329284148,1,"IOTHUB_CLIENT_CONFIRMATION_OK"
24207,10329284315,10329284346,1,"IOTHUB_CLIENT_CONFIRMATION_OK"
24208,10329284516,10329284568,1,"IOTHUB_CLIENT_CONFIRMATION_OK"
24209,10329284716,10329284749,1,"IOTHUB_CLIENT_CONFIRMATION_OK"
24210,10329284916,10329284957,1,"IOTHUB_CLIENT_CONFIRMATION_OK"
24211,10329285116,10329285145,1,"IOTHUB_CLIENT_CONFIRMATION_OK"
24212,10329285316,10329285356,1,"IOTHUB_CLIENT_CONFIRMATION_OK"
24213,10329285516,10329285550,1,"IOTHUB_CLIENT_CONFIRMATION_OK"
24214,10329285716,10329285752,1,"IOTHUB_CLIENT_CONFIRMATION_OK"
24215,10329285917,10329286010,1,"IOTHUB_CLIENT_CONFIRMATION_OK"
24216,10329286117,10329286150,1,"IOTHUB_CLIENT_CONFIRMATION_OK"
24217,10329286317,10329286349,1,"IOTHUB_CLIENT_CONFIRMATION_OK"
24218,10329286517,10329286640,1,"IOTHUB_CLIENT_CONFIRMATION_OK"
24219,10329286717,10329286875,1,"IOTHUB_CLIENT_CONFIRMATION_OK"
24220,10329286918,10329286953,1,"IOTHUB_CLIENT_CONFIRMATION_OK"
24221,10329287118,10329287151,1,"IOTHUB_CLIENT_CONFIRMATION_OK"
24222,10329287318,10329287357,1,"IOTHUB_CLIENT_CONFIRMATION_OK"
24223,10329287518,10329287553,1,"IOTHUB_CLIENT_CONFIRMATION_OK"
24224,10329287718,10329287846,1,"IOTHUB_CLIENT_CONFIRMATION_OK"
24225,10329287918,10329287955,1,"IOTHUB_CLIENT_CONFIRMATION_OK"
24226,10329288119,10329288147,1,"IOTHUB_CLIENT_CONFIRMATION_OK"
24227,10329288319,10329288449,1,"IOTHUB_CLIENT_CONFIRMATION_OK"
24228,10329288519,10329288552,1,"IOTHUB_CLIENT_CONFIRMATION_OK"
24229,10329288719,10329288753,1,"IOTHUB_CLIENT_CONFIRMATION_OK"
24230,10329288919,10329288954,1,"IOTHUB_CLIENT_CONFIRMATION_OK"
24231,10329289119,10329289148,1,"IOTHUB_CLIENT_CONFIRMATION_OK"
24232,10329289319,10329289484,1,"IOTHUB_CLIENT_CONFIRMATION_OK"
24233,10329289520,10329289553,1,"IOTHUB_CLIENT_CONFIRMATION_OK"
24234,10329289720,10329289757,1,"IOTHUB_CLIENT_CONFIRMATION_OK"
24235,10329289920,10329289950,1,"IOTHUB_CLIENT_CONFIRMATION_OK"
24236,10329290120,10329290152,1,"IOTHUB_CLIENT_CONFIRMATION_OK"
24237,10329290320,10329290354,1,"IOTHUB_CLIENT_CONFIRMATION_OK"
24238,10329290520,10329290553,1,"IOTHUB_CLIENT_CONFIRMATION_OK"
24239,10329290721,10329290755,1,"IOTHUB_CLIENT_CONFIRMATION_OK"
24240,10329290921,10329290953,1,"IOTHUB_CLIENT_CONFIRMATION_OK"
24241,10329291121,10329291165,1,"IOTHUB_CLIENT_CONFIRMATION_OK"
24242,10329291321,10329291359,1,"IOTHUB_CLIENT_CONFIRMATION_OK"
24243,10329291521,10329291552,1,"IOTHUB_CLIENT_CONFIRMATION_OK"
24244,10329291722,10329291756,1,"IOTHUB_CLIENT_CONFIRMATION_OK"
24245,10329291922,10329292136,1,"IOTHUB_CLIENT_CONFIRMATION_OK"
24246,10329292122,10329292172,1,"IOTHUB_CLIENT_CONFIRMATION_OK"
24247,10329292322,10329292468,1,"IOTHUB_CLIENT_CONFIRMATION_OK"
24248,10329292522,10329292560,1,"IOTHUB_CLIENT_CONFIRMATION_OK"
24249,10329292722,10329292767,1,"IOTHUB_CLIENT_CONFIRMATION_OK"
24250,10329292922,10329293049,1,"IOTHUB_CLIENT_CONFIRMATION_OK"
24251,10329293123,10329293251,1,"IOTHUB_CLIENT_CONFIRMATION_OK"
24252,10329293323,10329293363,1,"IOTHUB_CLIENT_CONFIRMATION_OK"
24253,10329293523,10329293568,1,"IOTHUB_CLIENT_CONFIRMATION_OK"
24254,10329293723,10329293782,1,"IOTHUB_CLIENT_CONFIRMATION_OK"
24255,10329293924,10329293960,1,"IOTHUB_CLIENT_CONFIRMATION_OK"
24256,10329294124,10329294703,1,"IOTHUB_CLIENT_CONFIRMATION_OK"
24257,10329294324,10329294921,1,"IOTHUB_CLIENT_CONFIRMATION_OK"
24258,10329294524,10329294973,1,"IOTHUB_CLIENT_CONFIRMATION_OK"
24259,10329294724,10329295000,1,"IOTHUB_CLIENT_CONFIRMATION_OK"
24260,10329294925,10329295017,1,"IOTHUB_CLIENT_CONFIRMATION_OK"
24261,10329295125,10329295195,1,"IOTHUB_CLIENT_CONFIRMATION_OK"
24262,10329295325,10329295356,1,"IOTHUB_CLIENT_CONFIRMATION_OK"
24263,10329295525,10329295558,1,"IOTHUB_CLIENT_CONFIRMATION_OK"
24264,10329295725,10329295799,1,"IOTHUB_CLIENT_CONFIRMATION_OK"
24265,10329295926,10329295992,1,"IOTHUB_CLIENT_CONFIRMATION_OK"
24266,10329296126,10329296191,1,"IOTHUB_CLIENT_CONFIRMATION_OK"
24267,10329296326,10329296408,1,"IOTHUB_CLIENT_CONFIRMATION_OK"
24268,10329296526,10329296558,1,"IOTHUB_CLIENT_CONFIRMATION_OK"
24269,10329296726,10329296821,1,"IOTHUB_CLIENT_CONFIRMATION_OK"
24270,10329296926,10329296999,1,"IOTHUB_CLIENT_CONFIRMATION_OK"
24271,10329297126,10329297423,1,"IOTHUB_CLIENT_CONFIRMATION_OK"
24272,10329297327,10329297457,1,"IOTHUB_CLIENT_CONFIRMATION_OK"
24273,10329297527,10329297580,1,"IOTHUB_CLIENT_CONFIRMATION_OK"
24274,10329297727,10329297879,1,"IOTHUB_CLIENT_CONFIRMATION_OK"
24275,10329297927,10329298006,1,"IOTHUB_CLIENT_CONFIRMATION_OK"
24276,10329298127,10329298191,1,"IOTHUB_CLIENT_CONFIRMATION_OK"
24277,10329298327,10329298452,1,"IOTHUB_CLIENT_CONFIRMATION_OK"
24278,10329298527,10329298561,1,"IOTHUB_CLIENT_CONFIRMATION_OK"
24279,10329298728,10329298760,1,"IOTHUB_CLIENT_CONFIRMATION_OK"
24280,10329298928,10329298958,1,"IOTHUB_CLIENT_CONFIRMATION_OK"
24281,10329299128,10329299212,1,"IOTHUB_CLIENT_CONFIRMATION_OK"
24282,10329299328,10329299499,1,"IOTHUB_CLIENT_CONFIRMATION_OK"
24283,10329299528,10329299561,1,"IOTHUB_CLIENT_CONFIRMATION_OK"
24284,10329299728,10329299773,1,"IOTHUB_CLIENT_CONFIRMATION_OK"
24285,10329299929,10329299998,1,"IOTHUB_CLIENT_CONFIRMATION_OK"
24286,10329300129,10329300161,1,"IOTHUB_CLIENT_CONFIRMATION_OK"
24287,10329300329,10329300383,1,"IOTHUB_CLIENT_CONFIRMATION_OK"
24288,10329300529,10329300562,1,"IOTHUB_CLIENT_CONFIRMATION_OK"
24289,10329300729,10329300768,1,"IOTHUB_CLIENT_CONFIRMATION_OK"
24290,10329300929,10329301107,1,"IOTHUB_CLIENT_CONFIRMATION_OK"
24291,10329301130,10329301314,1,"IOTHUB_CLIENT_CONFIRMATION_OK"
24292,10329301330,10329301381,1,"IOTHUB_CLIENT_CONFIRMATION_OK"
24293,10329301530,10329302610,1,"IOTHUB_CLIENT_CONFIRMATION_OK"
24294,10329301730,10329302635,1,"IOTHUB_CLIENT_CONFIRMATION_OK"
24295,10329301930,10329302678,1,"IOTHUB_CLIENT_CONFIRMATION_OK"
24296,10329302131,10329302757,1,"IOTHUB_CLIENT_CONFIRMATION_OK"
24297,10329302331,10329302787,1,"IOTHUB_CLIENT_CONFIRMATION_OK"
24298,10329302531,10329302829,1,"IOTHUB_CLIENT_CONFIRMATION_OK"
24299,10329302731,10329302865,1,"IOTHUB_CLIENT_CONFIRMATION_OK"
24300,10329302931,10329303226,1,"IOTHUB_CLIENT_CONFIRMATION_OK"
24301,10329303131,10329303264,1,"IOTHUB_CLIENT_CONFIRMATION_OK"
24302,10329303331,10329303368,1,"IOTHUB_CLIENT_CONFIRMATION_OK"
24303,10329303532,10329303612,1,"IOTHUB_CLIENT_CONFIRMATION_OK"
24304,10329303732,10329303766,1,"IOTHUB_CLIENT_CONFIRMATION_OK"
24305,10329303932,10329303974,1,"IOTHUB_CLIENT_CONFIRMATION_OK"
24306,10329304132,10329304205,1,"IOTHUB_CLIENT_CONFIRMATION_OK"
24307,10329304332,10329304377,1,"IOTHUB_CLIENT_CONFIRMATION_OK"
24308,10329304532,10329304566,1,"IOTHUB_CLIENT_CONFIRMATION_OK"
24309,10329304733,10329304769,1,"IOTHUB_CLIENT_CONFIRMATION_OK"
24310,10329304933,10329304967,1,"IOTHUB_CLIENT_CONFIRMATION_OK"
24311,10329305133,10329305257,1,"IOTHUB_CLIENT_CONFIRMATION_OK"
24312,10329305333,10329305375,1,"IOTHUB_CLIENT_CONFIRMATION_OK"
24313,10329305533,10329305566,1,"IOTHUB_CLIENT_CONFIRMATION_OK"
24314,10329305734,10329305767,1,"IOTHUB_CLIENT_CONFIRMATION_OK"
24315,10329305934,10329305963,1,"IOTHUB_CLIENT_CONFIRMATION_OK"
24316,10329306134,10329306323,1,"IOTHUB_CLIENT_CONFIRMATION_OK"
24317,10329306334,10329306367,1,"IOTHUB_CLIENT_CONFIRMATION_OK"
24318,10329306534,10329306567,1,"IOTHUB_CLIENT_CONFIRMATION_OK"
24319,10329306734,10329306767,1,"IOTHUB_CLIENT_CONFIRMATION_OK"
24320,10329306934,10329306966,1,"IOTHUB_CLIENT_CONFIRMATION_OK"
24321,10329307135,10329307173,1,"IOTHUB_CLIENT_CONFIRMATION_OK"
24322,10329307335,10329307369,1,"IOTHUB_CLIENT_CONFIRMATION_OK"
24323,10329307535,10329307571,1,"IOTHUB_CLIENT_CONFIRMATION_OK"
24324,10329307735,10329307794,1,"IOTHUB_CLIENT_CONFIRMATION_OK"
24325,10329307935,10329307969,1,"IOTHUB_CLIENT_CONFIRMATION_OK"
24326,10329308135,10329308254,1,"IOTHUB_CLIENT_CONFIRMATION_OK"
24327,10329308336,10329308372,1,"IOTHUB_CLIENT_CONFIRMATION_OK"
24328,10329308536,10329308581,1,"IOTHUB_CLIENT_CONFIRMATION_OK"
24329,10329308736,10329308767,1,"IOTHUB_CLIENT_CONFIRMATION_OK"
24330,10329308936,10329308976,1,"IOTHUB_CLIENT_CONFIRMATION_OK"
24331,10329309136,10329309187,1,"IOTHUB_CLIENT_CONFIRMATION_OK"
24332,10329309336,10329309381,1,"IOTHUB_CLIENT_CONFIRMATION_OK"
24333,10329309536,10329309587,1,"IOTHUB_CLIENT_CONFIRMATION_OK"
24334,10329309737,10329309771,1,"IOTHUB_CLIENT_CONFIRMATION_OK"
24335,10329309937,10329310347,1,"IOTHUB_CLIENT_CONFIRMATION_OK"
24336,10329310137,10329310390,1,"IOTHUB_CLIENT_CONFIRMATION_OK"
24337,10329310337,10329310414,1,"IOTHUB_CLIENT_CONFIRMATION_OK"
24338,10329310537,10329310599,1,"IOTHUB_CLIENT_CONFIRMATION_OK"
24339,10329310737,10329310776,1,"IOTHUB_CLIENT_CONFIRMATION_OK"
24340,10329310938,10329311032,1,"IOTHUB_CLIENT_CONFIRMATION_OK"
24341,10329311138,10329311172,1,"IOTHUB_CLIENT_CONFIRMATION_OK"
24342,10329311338,10329311372,1,"IOTHUB_CLIENT_CONFIRMATION_OK"
24343,10329311538,10329311628,1,"IOTHUB_CLIENT_CONFIRMATION_OK"
24344,10329311738,10329311771,1,"IOTHUB_CLIENT_CONFIRMATION_OK"
24345,10329311939,10329312075,1,"IOTHUB_CLIENT_CONFIRMATION_OK"
24346,10329312139,10329312174,1,"IOTHUB_CLIENT_CONFIRMATION_OK"
24347,10329312339,10329312375,1,"IOTHUB_CLIENT_CONFIRMATION_OK"
24348,10329312539,10329312738,1,"IOTHUB_CLIENT_CONFIRMATION_OK"
24349,10329312739,10329312775,1,"IOTHUB_CLIENT_CONFIRMATION_OK"
24350,10329312940,10329312987,1,"IOTHUB_CLIENT_CONFIRMATION_OK"
24351,10329313140,10329313194,1,"IOTHUB_CLIENT_CONFIRMATION_OK"
24352,10329313340,10329313417,1,"IOTHUB_CLIENT_CONFIRMATION_OK"
24353,10329313540,10329313707,1,"IOTHUB_CLIENT_CONFIRMATION_OK"
24354,10329313740,10329313783,1,"IOTHUB_CLIENT_CONFIRMATION_OK"
24355,10329313941,10329313974,1,"IOTHUB_CLIENT_CONFIRMATION_OK"
24356,10329314141,10329314170,1,"IOTHUB_CLIENT_CONFIRMATION_OK"
24357,10329314341,10329314370,1,"IOTHUB_CLIENT_CONFIRMATION_OK"
24358,10329314541,10329314570,1,"IOTHUB_CLIENT_CONFIRMATION_OK"
24359,10329314741,10329314871,1,"IOTHUB_CLIENT_CONFIRMATION_OK"
24360,10329314941,10329315033,1,"IOTHUB_CLIENT_CONFIRMATION_OK"
24361,10329315141,10329315320,1,"IOTHUB_CLIENT_CONFIRMATION_OK"
24362,10329315342,10329315390,1,"IOTHUB_CLIENT_CONFIRMATION_OK"
24363,10329315542,10329315574,1,"IOTHUB_CLIENT_CONFIRMATION_OK"
24364,10329315742,10329315774,1,"IOTHUB_CLIENT_CONFIRMATION_OK"
24365,10329315942,10329315981,1,"IOTHUB_CLIENT_CONFIRMATION_OK"
24366,10329316142,10329316335,1,"IOTHUB_CLIENT_CONFIRMATION_OK"
24367,10329316342,10329316404,1,"IOTHUB_CLIENT_CONFIRMATION_OK"
24368,10329316543,10329316575,1,"IOTHUB_CLIENT_CONFIRMATION_OK"
24369,10329316743,10329316782,1,"IOTHUB_CLIENT_CONFIRMATION_OK"
24370,10329316943,10329317008,1,"IOTHUB_CLIENT_CONFIRMATION_OK"
24371,10329317143,10329317180,1,"IOTHUB_CLIENT_CONFIRMATION_OK"
24372,10329317343,10329317388,1,"IOTHUB_CLIENT_CONFIRMATION_OK"
24373,10329317543,10329317575,1,"IOTHUB_CLIENT_CONFIRMATION_OK"
24374,10329317744,10329317779,1,"IOTHUB_CLIENT_CONFIRMATION_OK"
24375,10329317944,10329317979,1,"IOTHUB_CLIENT_CONFIRMATION_OK"
24376,10329318144,10329318173,1,"IOTHUB_CLIENT_CONFIRMATION_OK"
24377,10329318344,10329318396,1,"IOTHUB_CLIENT_CONFIRMATION_OK"
24378,10329318544,10329318575,1,"IOTHUB_CLIENT_CONFIRMATION_OK"
24379,10329318744,10329318779,1,"IOTHUB_CLIENT_CONFIRMATION_OK"
24380,10329318945,10329319013,1,"IOTHUB_CLIENT_CONFIRMATION_OK"
24381,10329319145,10329319190,1,"IOTHUB_CLIENT_CONFIRMATION_OK"
24382,10329319345,10329319422,1,"IOTHUB_CLIENT_CONFIRMATION_OK"
24383,10329319545,10329319579,1,"IOTHUB_CLIENT_CONFIRMATION_OK"
24384,10329319745,10329319774,1,"IOTHUB_CLIENT_CONFIRMATION_OK"
24385,10329319945,10329320042,1,"IOTHUB_CLIENT_CONFIRMATION_OK"
24386,10329320146,10329320172,1,"IOTHUB_CLIENT_CONFIRMATION_OK"
24387,10329320346,10329320380,1,"IOTHUB_CLIENT_CONFIRMATION_OK"
24388,10329320546,10329320577,1,"IOTHUB_CLIENT_CONFIRMATION_OK"
24389,10329320746,10329320789,1,"IOTHUB_CLIENT_CONFIRMATION_OK"
24390,10329320946,10329321069,1,"IOTHUB_CLIENT_CONFIRMATION_OK"
24391,10329321146,10329321184,1,"IOTHUB_CLIENT_CONFIRMATION_OK"
24392,10329321347,10329321388,1,"IOTHUB_CLIENT_CONFIRMATION_OK"
24393,10329321547,10329321580,1,"IOTHUB_CLIENT_CONFIRMATION_OK"
24394,10329321747,10329321892,1,"IOTHUB_CLIENT_CONFIRMATION_OK"
24395,10329321947,10329322069,1,"IOTHUB_CLIENT_CONFIRMATION_OK"
24396,10329322147,10329322182,1,"IOTHUB_CLIENT_CONFIRMATION_OK"
24397,10329322347,10329322381,1,"IOTHUB_CLIENT_CONFIRMATION_OK"
24398,10329322547,10329322714,1,"IOTHUB_CLIENT_CONFIRMATION_OK"
24399,10329322748,10329322783,1,"IOTHUB_CLIENT_CONFIRMATION_OK"
24400,10329322948,10329322982,1,"IOTHUB_CLIENT_CONFIRMATION_OK"
24401,10329323148,10329323190,1,"IOTHUB_CLIENT_CONFIRMATION_OK"
24402,10329323348,10329323382,1,"IOTHUB_CLIENT_CONFIRMATION_OK"
24403,10329323549,10329323722,1,"IOTHUB_CLIENT_CONFIRMATION_OK"
24404,10329323749,10329323780,1,"IOTHUB_CLIENT_CONFIRMATION_OK"
24405,10329323949,10329323983,1,"IOTHUB_CLIENT_CONFIRMATION_OK"
24406,10329324149,10329324183,1,"IOTHUB_CLIENT_CONFIRMATION_OK"
24407,10329324349,10329324413,1,"IOTHUB_CLIENT_CONFIRMATION_OK"
24408,10329324550,10329324585,1,"IOTHUB_CLIENT_CONFIRMATION_OK"
24409,10329324750,10329324784,1,"IOTHUB_CLIENT_CONFIRMATION_OK"
24410,10329324950,10329324984,1,"IOTHUB_CLIENT_CONFIRMATION_OK"
24411,10329325150,10329325183,1,"IOTHUB_CLIENT_CONFIRMATION_OK"
24412,10329325350,10329325385,1,"IOTHUB_CLIENT_CONFIRMATION_OK"
24413,10329325550,10329325585,1,"IOTHUB_CLIENT_CONFIRMATION_OK"
24414,10329325750,10329325784,1,"IOTHUB_CLIENT_CONFIRMATION_OK"
24415,10329325951,10329325984,1,"IOTHUB_CLIENT_CONFIRMATION_OK"
24416,10329326151,10329326184,1,"IOTHUB_CLIENT_CONFIRMATION_OK"
24417,10329326351,10329326385,1,"IOTHUB_CLIENT_CONFIRMATION_OK"
24418,10329326551,10329326579,1,"IOTHUB_CLIENT_CONFIRMATION_OK"
24419,10329326751,10329326785,1,"IOTHUB_CLIENT_CONFIRMATION_OK"
24420,10329326952,10329326982,1,"IOTHUB_CLIENT_CONFIRMATION_OK"
24421,10329327152,10329327187,1,"IOTHUB_CLIENT_CONFIRMATION_OK"
24422,10329327352,10329327397,1,"IOTHUB_CLIENT_CONFIRMATION_OK"
24423,10329327552,10329327604,1,"IOTHUB_CLIENT_CONFIRMATION_OK"
24424,10329327752,10329327787,1,"IOTHUB_CLIENT_CONFIRMATION_OK"
24425,10329327953,10329327985,1,"IOTHUB_CLIENT_CONFIRMATION_OK"
24426,10329328153,10329328181,1,"IOTHUB_CLIENT_CONFIRMATION_OK"
24427,10329328353,10329328409,1,"IOTHUB_CLIENT_CONFIRMATION_OK"
24428,10329328553,10329328586,1,"IOTHUB_CLIENT_CONFIRMATION_OK"
24429,10329328753,10329328783,1,"IOTHUB_CLIENT_CONFIRMATION_OK"
24430,10329328953,10329329131,1,"IOTHUB_CLIENT_CONFIRMATION_OK"
24431,10329329154,10329329187,1,"IOTHUB_CLIENT_CONFIRMATION_OK"
24432,10329329354,10329329538,1,"IOTHUB_CLIENT_CONFIRMATION_OK"
24433,10329329554,10329329587,1,"IOTHUB_CLIENT_CONFIRMATION_OK"
24434,10329329754,10329329787,1,"IOTHUB_CLIENT_CONFIRMATION_OK"
24435,10329329954,10329329984,1,"IOTHUB_CLIENT_CONFIRMATION_OK"
24436,10329330155,10329330187,1,"IOTHUB_CLIENT_CONFIRMATION_OK"
24437,10329330355,10329330388,1,"IOTHUB_CLIENT_CONFIRMATION_OK"
24438,10329330555,10329330602,1,"IOTHUB_CLIENT_CONFIRMATION_OK"
24439,10329330755,10329330789,1,"IOTHUB_CLIENT_CONFIRMATION_OK"
24440,10329330955,10329331006,1,"IOTHUB_CLIENT_CONFIRMATION_OK"
24441,10329331155,10329331188,1,"IOTHUB_CLIENT_CONFIRMATION_OK"
24442,10329331355,10329331387,1,"IOTHUB_CLIENT_CONFIRMATION_OK"
24443,10329331556,10329331604,1,"IOTHUB_CLIENT_CONFIRMATION_OK"
24444,10329331756,10329331828,1,"IOTHUB_CLIENT_CONFIRMATION_OK"
24445,10329331956,10329332009,1,"IOTHUB_CLIENT_CONFIRMATION_OK"
24446,10329332156,10329332190,1,"IOTHUB_CLIENT_CONFIRMATION_OK"
24447,10329332356,10329332404,1,"IOTHUB_CLIENT_CONFIRMATION_OK"
24448,10329332556,10329332659,1,"IOTHUB_CLIENT_CONFIRMATION_OK"
24449,10329332757,10329332787,1,"IOTHUB_CLIENT_CONFIRMATION_OK"
24450,10329332957,10329332990,1,"IOTHUB_CLIENT_CONFIRMATION_OK"
24451,10329333157,10329333191,1,"IOTHUB_CLIENT_CONFIRMATION_OK"
24452,10329333357,10329333413,1,"IOTHUB_CLIENT_CONFIRMATION_OK"
24453,10329333557,10329333683,1,"IOTHUB_CLIENT_CONFIRMATION_OK"
24454,10329333757,10329333787,1,"IOTHUB_CLIENT_CONFIRMATION_OK"
24455,10329333958,10329334019,1,"IOTHUB_CLIENT_CONFIRMATION_OK"
24456,10329334158,10329334187,1,"IOTHUB_CLIENT_CONFIRMATION_OK"
24457,10329334358,10329334391,1,"IOTHUB_CLIENT_CONFIRMATION_OK"
24458,10329334558,10329334589,1,"IOTHUB_CLIENT_CONFIRMATION_OK"
24459,10329334758,10329334790,1,"IOTHUB_CLIENT_CONFIRMATION_OK"
24460,10329334959,10329334994,1,"IOTHUB_CLIENT_CONFIRMATION_OK"
24461,10329335159,10329335328,1,"IOTHUB_CLIENT_CONFIRMATION_OK"
24462,10329335359,10329335404,1,"IOTHUB_CLIENT_CONFIRMATION_OK"
24463,10329335559,10329335589,1,"IOTHUB_CLIENT_CONFIRMATION_OK"
24464,10329335759,10329335813,1,"IOTHUB_CLIENT_CONFIRMATION_OK"
24465,10329335959,10329335991,1,"IOTHUB_CLIENT_CONFIRMATION_OK"
24466,10329336160,10329336308,1,"IOTHUB_CLIENT_CONFIRMATION_OK"
24467,10329336360,10329336482,1,"IOTHUB_CLIENT_CONFIRMATION_OK"
24468,10329336560,10329336593,1,"IOTHUB_CLIENT_CONFIRMATION_OK"
24469,10329336760,10329336798,1,"IOTHUB_CLIENT_CONFIRMATION_OK"
24470,10329336960,10329337004,1,"IOTHUB_CLIENT_CONFIRMATION_OK"
24471,10329337160,10329337196,1,"IOTHUB_CLIENT_CONFIRMATION_OK"
24472,10329337360,10329337394,1,"IOTHUB_CLIENT_CONFIRMATION_OK"
24473,10329337561,10329337596,1,"IOTHUB_CLIENT_CONFIRMATION_OK"
24474,10329337761,10329337949,1,"IOTHUB_CLIENT_CONFIRMATION_OK"
24475,10329337961,10329337991,1,"IOTHUB_CLIENT_CONFIRMATION_OK"
24476,10329338161,10329338192,1,"IOTHUB_CLIENT_CONFIRMATION_OK"
24477,10329338361,10329338391,1,"IOTHUB_CLIENT_CONFIRMATION_OK"
24478,10329338561,10329338863,1,"IOTHUB_CLIENT_CONFIRMATION_OK"
24479,10329338762,10329338980,1,"IOTHUB_CLIENT_CONFIRMATION_OK"
24480,10329338962,10329338998,1,"IOTHUB_CLIENT_CONFIRMATION_OK"
24481,10329339162,10329339192,1,"IOTHUB_CLIENT_CONFIRMATION_OK"
24482,10329339362,10329339459,1,"IOTHUB_CLIENT_CONFIRMATION_OK"
24483,10329339562,10329339610,1,"IOTHUB_CLIENT_CONFIRMATION_OK"
24484,10329339762,10329339794,1,"IOTHUB_CLIENT_CONFIRMATION_OK"
24485,10329339963,10329340075,1,"IOTHUB_CLIENT_CONFIRMATION_OK"
24486,10329340163,10329340329,1,"IOTHUB_CLIENT_CONFIRMATION_OK"
24487,10329340363,10329340399,1,"IOTHUB_CLIENT_CONFIRMATION_OK"
24488,10329340563,10329340592,1,"IOTHUB_CLIENT_CONFIRMATION_OK"
24489,10329340763,10329340794,1,"IOTHUB_CLIENT_CONFIRMATION_OK"
24490,10329340963,10329341048,1,"IOTHUB_CLIENT_CONFIRMATION_OK"
24491,10329341164,10329341194,1,"IOTHUB_CLIENT_CONFIRMATION_OK"
24492,10329341364,10329341394,1,"IOTHUB_CLIENT_CONFIRMATION_OK"
24493,10329341564,10329341657,1,"IOTHUB_CLIENT_CONFIRMATION_OK"
24494,10329341764,10329341796,1,"IOTHUB_CLIENT_CONFIRMATION_OK"
24495,10329341964,10329342067,1,"IOTHUB_CLIENT_CONFIRMATION_OK"
24496,10329342164,10329342199,1,"IOTHUB_CLIENT_CONFIRMATION_OK"
24497,10329342364,10329342397,1,"IOTHUB_CLIENT_CONFIRMATION_OK"
24498,10329342565,10329342770,1,"IOTHUB_CLIENT_CONFIRMATION_OK"
24499,10329342765,10329342798,1,"IOTHUB_CLIENT_CONFIRMATION_OK"
24500,10329342965,10329342998,1,"IOTHUB_CLIENT_CONFIRMATION_OK"
24501,10329343165,10329343264,1,"IOTHUB_CLIENT_CONFIRMATION_OK"
24502,10329343365,10329343404,1,"IOTHUB_CLIENT_CONFIRMATION_OK"
24503,10329343565,10329343695,1,"IOTHUB_CLIENT_CONFIRMATION_OK"
24504,10329343766,10329343818,1,"IOTHUB_CLIENT_CONFIRMATION_OK"
24505,10329343966,10329344061,1,"IOTHUB_CLIENT_CONFIRMATION_OK"
24506,10329344166,10329344210,1,"IOTHUB_CLIENT_CONFIRMATION_OK"
24507,10329344366,10329344458,1,"IOTHUB_CLIENT_CONFIRMATION_OK"
24508,10329344566,10329344651,1,"IOTHUB_CLIENT_CONFIRMATION_OK"
24509,10329344766,10329344798,1,"IOTHUB_CLIENT_CONFIRMATION_OK"
24510,10329344967,10329345074,1,"IOTHUB_CLIENT_CONFIRMATION_OK"
24511,10329345167,10329345318,1,"IOTHUB_CLIENT_CONFIRMATION_OK"
24512,10329345367,10329345399,1,"IOTHUB_CLIENT_CONFIRMATION_OK"
24513,10329345567,10329345620,1,"IOTHUB_CLIENT_CONFIRMATION_OK"
24514,10329345767,10329345810,1,"IOTHUB_CLIENT_CONFIRMATION_OK"
24515,10329345967,10329345995,1,"IOTHUB_CLIENT_CONFIRMATION_OK"
24516,10329346168,10329346317,1,"IOTHUB_CLIENT_CONFIRMATION_OK"
24517,10329346368,10329346396,1,"IOTHUB_CLIENT_CONFIRMATION_OK"
24518,10329346568,10329346622,1,"IOTHUB_CLIENT_CONFIRMATION_OK"
24519,10329346768,10329346829,1,"IOTHUB_CLIENT_CONFIRMATION_OK"
24520,10329346968,10329347012,1,"IOTHUB_CLIENT_CONFIRMATION_OK"
24521,10329347168,10329347204,1,"IOTHUB_CLIENT_CONFIRMATION_OK"
24522,10329347369,10329347403,1,"IOTHUB_CLIENT_CONFIRMATION_OK"
24523,10329347569,10329347668,1,"IOTHUB_CLIENT_CONFIRMATION_OK"
24524,10329347769,10329347971,1,"IOTHUB_CLIENT_CONFIRMATION_OK"
24525,10329347969,10329347999,1,"IOTHUB_CLIENT_CONFIRMATION_OK"
24526,10329348169,10329348199,1,"IOTHUB_CLIENT_CONFIRMATION_OK"
24527,10329348369,10329348402,1,"IOTHUB_CLIENT_CONFIRMATION_OK"
24528,10329348570,10329348716,1,"IOTHUB_CLIENT_CONFIRMATION_OK"
24529,10329348770,10329348802,1,"IOTHUB_CLIENT_CONFIRMATION_OK"
24530,10329348970,10329348999,1,"IOTHUB_CLIENT_CONFIRMATION_OK"
24531,10329349170,10329349200,1,"IOTHUB_CLIENT_CONFIRMATION_OK"
24532,10329349370,10329349409,1,"IOTHUB_CLIENT_CONFIRMATION_OK"
24533,10329349570,10329349611,1,"IOTHUB_CLIENT_CONFIRMATION_OK"
24534,10329349771,10329349805,1,"IOTHUB_CLIENT_CONFIRMATION_OK"
24535,10329349971,10329350016,1,"IOTHUB_CLIENT_CONFIRMATION_OK"
24536,10329350171,10329350200,1,"IOTHUB_CLIENT_CONFIRMATION_OK"
24537,10329350371,10329350400,1,"IOTHUB_CLIENT_CONFIRMATION_OK"
24538,10329350571,10329350613,1,"IOTHUB_CLIENT_CONFIRMATION_OK"
24539,10329350771,10329350804,1,"IOTHUB_CLIENT_CONFIRMATION_OK"
24540,10329350971,10329351072,1,"IOTHUB_CLIENT_CONFIRMATION_OK"
24541,10329351172,10329351205,1,"IOTHUB_CLIENT_CONFIRMATION_OK"
24542,10329351372,10329351409,1,"IOTHUB_CLIENT_CONFIRMATION_OK"
24543,10329351572,10329351672,1,"IOTHUB_CLIENT_CONFIRMATION_OK"
24544,10329351772,10329351804,1,"IOTHUB_CLIENT_CONFIRMATION_OK"
24545,10329351972,10329352060,1,"IOTHUB_CLIENT_CONFIRMATION_OK"
24546,10329352173,10329352229,1,"IOTHUB_CLIENT_CONFIRMATION_OK"
24547,10329352373,10329352400,1,"IOTHUB_CLIENT_CONFIRMATION_OK"
24548,10329352573,10329352681,1,"IOTHUB_CLIENT_CONFIRMATION_OK"
24549,10329352773,10329352808,1,"IOTHUB_CLIENT_CONFIRMATION_OK"
24550,10329352973,10329353008,1,"IOTHUB_CLIENT_CONFIRMATION_OK"
24551,10329353173,10329353212,1,"IOTHUB_CLIENT_CONFIRMATION_OK"
24552,10329353374,10329353416,1,"IOTHUB_CLIENT_CONFIRMATION_OK"
24553,10329353574,10329353694,1,"IOTHUB_CLIENT_CONFIRMATION_OK"
24554,10329353774,10329353809,1,"IOTHUB_CLIENT_CONFIRMATION_OK"
24555,10329353974,10329354072,1,"IOTHUB_CLIENT_CONFIRMATION_OK"
24556,10329354174,10329354208,1,"IOTHUB_CLIENT_CONFIRMATION_OK"
24557,10329354374,10329354405,1,"IOTHUB_CLIENT_CONFIRMATION_OK"
24558,10329354575,10329354605,1,"IOTHUB_CLIENT_CONFIRMATION_OK"
24559,10329354775,10329354821,1,"IOTHUB_CLIENT_CONFIRMATION_OK"
24560,10329354975,10329355041,1,"IOTHUB_CLIENT_CONFIRMATION_OK"
24561,10329355175,10329355333,1,"IOTHUB_CLIENT_CONFIRMATION_OK"
24562,10329355375,10329355408,1,"IOTHUB_CLIENT_CONFIRMATION_OK"
24563,10329355575,10329355610,1,"IOTHUB_CLIENT_CONFIRMATION_OK"
24564,10329355775,10329355821,1,"IOTHUB_CLIENT_CONFIRMATION_OK"
24565,10329355976,10329356006,1,"IOTHUB_CLIENT_CONFIRMATION_OK"
24566,10329356176,10329356208,1,"IOTHUB_CLIENT_CONFIRMATION_OK"
24567,10329356376,10329356412,1,"IOTHUB_CLIENT_CONFIRMATION_OK"
24568,10329356576,10329356606,1,"IOTHUB_CLIENT_CONFIRMATION_OK"
24569,10329356776,10329356821,1,"IOTHUB_CLIENT_CONFIRMATION_OK"
24570,10329356976,10329357008,1,"IOTHUB_CLIENT_CONFIRMATION_OK"
24571,10329357177,10329357227,1,"IOTHUB_CLIENT_CONFIRMATION_OK"
24572,10329357377,10329357428,1,"IOTHUB_CLIENT_CONFIRMATION_OK"
24573,10329357577,10329357606,1,"IOTHUB_CLIENT_CONFIRMATION_OK"
24574,10329357777,10329357857,1,"IOTHUB_CLIENT_CONFIRMATION_OK"
24575,10329357977,10329358034,1,"IOTHUB_CLIENT_CONFIRMATION_OK"
24576,10329358177,10329358217,1,"IOTHUB_CLIENT_CONFIRMATION_OK"
24577,10329358377,10329358445,1,"IOTHUB_CLIENT_CONFIRMATION_OK"
24578,10329358578,10329358609,1,"IOTHUB_CLIENT_CONFIRMATION_OK"
24579,10329358778,10329358809,1,"IOTHUB_CLIENT_CONFIRMATION_OK"
24580,10329358978,10329359051,1,"IOTHUB_CLIENT_CONFIRMATION_OK"
24581,10329359178,10329359208,1,"IOTHUB_CLIENT_CONFIRMATION_OK"
24582,10329359378,10329359461,1,"IOTHUB_CLIENT_CONFIRMATION_OK"
24583,10329359579,10329359612,1,"IOTHUB_CLIENT_CONFIRMATION_OK"
24584,10329359779,10329359810,1,"IOTHUB_CLIENT_CONFIRMATION_OK"
24585,10329359979,10329360085,1,"IOTHUB_CLIENT_CONFIRMATION_OK"
24586,10329360179,10329360218,1,"IOTHUB_CLIENT_CONFIRMATION_OK"
24587,10329360379,10329360413,1,"IOTHUB_CLIENT_CONFIRMATION_OK"
24588,10329360579,10329360619,1,"IOTHUB_CLIENT_CONFIRMATION_OK"
24589,10329360780,10329360835,1,"IOTHUB_CLIENT_CONFIRMATION_OK"
24590,10329360980,10329361145,1,"IOTHUB_CLIENT_CONFIRMATION_OK"
24591,10329361180,10329361261,1,"IOTHUB_CLIENT_CONFIRMATION_OK"
24592,10329361380,10329361412,1,"IOTHUB_CLIENT_CONFIRMATION_OK"
24593,10329361581,10329361649,1,"IOTHUB_CLIENT_CONFIRMATION_OK"
24594,10329361781,10329361814,1,"IOTHUB_CLIENT_CONFIRMATION_OK"
24595,10329361981,10329362135,1,"IOTHUB_CLIENT_CONFIRMATION_OK"
24596,10329362181,10329362218,1,"IOTHUB_CLIENT_CONFIRMATION_OK"
24597,10329362381,10329362416,1,"IOTHUB_CLIENT_CONFIRMATION_OK"
24598,10329362582,10329362617,1,"IOTHUB_CLIENT_CONFIRMATION_OK"
24599,10329362782,10329362809,1,"IOTHUB_CLIENT_CONFIRMATION_OK"
24600,10329362982,10329363017,1,"IOTHUB_CLIENT_CONFIRMATION_OK"
24601,10329363182,10329363213,1,"IOTHUB_CLIENT_CONFIRMATION_OK"
24602,10329363382,10329363415,1,"IOTHUB_CLIENT_CONFIRMATION_OK"
24603,10329363583,10329363786,1,"IOTHUB_CLIENT_CONFIRMATION_OK"
24604,10329363783,10329363825,1,"IOTHUB_CLIENT_CONFIRMATION_OK"
24605,10329363983,10329364028,1,"IOTHUB_CLIENT_CONFIRMATION_OK"
24606,10329364183,10329364229,1,"IOTHUB_CLIENT_CONFIRMATION_OK"
24607,10329364383,10329364420,1,"IOTHUB_CLIENT_CONFIRMATION_OK"
24608,10329364584,10329364619,1,"IOTHUB_CLIENT_CONFIRMATION_OK"
24609,10329364784,10329364817,1,"IOTHUB_CLIENT_CONFIRMATION_OK"
24610,10329364984,10329365023,1,"IOTHUB_CLIENT_CONFIRMATION_OK"
24611,10329365184,10329365260,1,"IOTHUB_CLIENT_CONFIRMATION_OK"
24612,10329365384,10329365420,1,"IOTHUB_CLIENT_CONFIRMATION_OK"
24613,10329365584,10329365615,1,"IOTHUB_CLIENT_CONFIRMATION_OK"
24614,10329365784,10329365878,1,"IOTHUB_CLIENT_CONFIRMATION_OK"
24615,10329365985,10329366014,1,"IOTHUB_CLIENT_CONFIRMATION_OK"
24616,10329366185,10329366223,1,"IOTHUB_CLIENT_CONFIRMATION_OK"
24617,10329366385,10329366451,1,"IOTHUB_CLIENT_CONFIRMATION_OK"
24618,10329366585,10329366619,1,"IOTHUB_CLIENT_CONFIRMATION_OK"
24619,10329366785,10329366984,1,"IOTHUB_CLIENT_CONFIRMATION_OK"
24620,10329366985,10329367017,1,"IOTHUB_CLIENT_CONFIRMATION_OK"
24621,10329367186,10329367247,1,"IOTHUB_CLIENT_CONFIRMATION_OK"
24622,10329367386,10329367420,1,"IOTHUB_CLIENT_CONFIRMATION_OK"
24623,10329367586,10329367618,1,"IOTHUB_CLIENT_CONFIRMATION_OK"
24624,10329367786,10329367897,1,"IOTHUB_CLIENT_CONFIRMATION_OK"
24625,10329367986,10329368021,1,"IOTHUB_CLIENT_CONFIRMATION_OK"
24626,10329368187,10329368225,1,"IOTHUB_CLIENT_CONFIRMATION_OK"
24627,10329368387,10329368514,1,"IOTHUB_CLIENT_CONFIRMATION_OK"
24628,10329368587,10329368621,1,"IOTHUB_CLIENT_CONFIRMATION_OK"
24629,10329368787,10329368823,1,"IOTHUB_CLIENT_CONFIRMATION_OK"
24630,10329368988,10329369019,1,"IOTHUB_CLIENT_CONFIRMATION_OK"
24631,10329369188,10329369221,1,"IOTHUB_CLIENT_CONFIRMATION_OK"
24632,10329369388,10329369577,1,"IOTHUB_CLIENT_CONFIRMATION_OK"
24633,10329369588,10329369625,1,"IOTHUB_CLIENT_CONFIRMATION_OK"
24634,10329369788,10329369831,1,"IOTHUB_CLIENT_CONFIRMATION_OK"
24635,10329369988,10329370023,1,"IOTHUB_CLIENT_CONFIRMATION_OK"
24636,10329370189,10329370222,1,"IOTHUB_CLIENT_CONFIRMATION_OK"
24637,10329370389,10329370419,1,"IOTHUB_CLIENT_CONFIRMATION_OK"
24638,10329370589,10329370618,1,"IOTHUB_CLIENT_CONFIRMATION_OK"
24639,10329370789,10329370823,1,"IOTHUB_CLIENT_CONFIRMATION_OK"
24640,10329370989,10329371031,1,"IOTHUB_CLIENT_CONFIRMATION_OK"
24641,10329371190,10329371223,1,"IOTHUB_CLIENT_CONFIRMATION_OK"
24642,10329371390,10329371423,1,"IOTHUB_CLIENT_CONFIRMATION_OK"
24643,10329371590,10329371622,1,"IOTHUB_CLIENT_CONFIRMATION_OK"
24644,10329371790,10329371824,1,"IOTHUB_CLIENT_CONFIRMATION_OK"
24645,10329371990,10329372195,1,"IOTHUB_CLIENT_CONFIRMATION_OK"
24646,10329372190,10329372223,1,"IOTHUB_CLIENT_CONFIRMATION_OK"
24647,10329372391,10329372464,1,"IOTHUB_CLIENT_CONFIRMATION_OK"
24648,10329372591,10329372622,1,"IOTHUB_CLIENT_CONFIRMATION_OK"
24649,10329372791,10329372851,1,"IOTHUB_CLIENT_CONFIRMATION_OK"
24650,10329372991,10329373035,1,"IOTHUB_CLIENT_CONFIRMATION_OK"
24651,10329373191,10329373305,1,"IOTHUB_CLIENT_CONFIRMATION_OK"
24652,10329373391,10329373431,1,"IOTHUB_CLIENT_CONFIRMATION_OK"
24653,10329373592,10329373627,1,"IOTHUB_CLIENT_CONFIRMATION_OK"
24654,10329373792,10329373826,1,"IOTHUB_CLIENT_CONFIRMATION_OK"
24655,10329373992,10329374040,1,"IOTHUB_CLIENT_CONFIRMATION_OK"
24656,10329374192,10329374254,1,"IOTHUB_CLIENT_CONFIRMATION_OK"
24657,10329374392,10329374436,1,"IOTHUB_CLIENT_CONFIRMATION_OK"
24658,10329374592,10329374636,1,"IOTHUB_CLIENT_CONFIRMATION_OK"
24659,10329374793,10329374878,1,"IOTHUB_CLIENT_CONFIRMATION_OK"
24660,10329374993,10329375027,1,"IOTHUB_CLIENT_CONFIRMATION_OK"
24661,10329375193,10329375254,1,"IOTHUB_CLIENT_CONFIRMATION_OK"
24662,10329375393,10329375428,1,"IOTHUB_CLIENT_CONFIRMATION_OK"
24663,10329375593,10329375626,1,"IOTHUB_CLIENT_CONFIRMATION_OK"
24664,10329375793,10329375869,1,"IOTHUB_CLIENT_CONFIRMATION_OK"
24665,10329375994,10329376026,1,"IOTHUB_CLIENT_CONFIRMATION_OK"
24666,10329376194,10329376251,1,"IOTHUB_CLIENT_CONFIRMATION_OK"
24667,10329376394,10329376428,1,"IOTHUB_CLIENT_CONFIRMATION_OK"
24668,10329376594,10329376628,1,"IOTHUB_CLIENT_CONFIRMATION_OK"
24669,10329376794,10329376873,1,"IOTHUB_CLIENT_CONFIRMATION_OK"
24670,10329376994,10329377033,1,"IOTHUB_CLIENT_CONFIRMATION_OK"
24671,10329377195,10329377235,1,"IOTHUB_CLIENT_CONFIRMATION_OK"
24672,10329377395,10329377424,1,"IOTHUB_CLIENT_CONFIRMATION_OK"
24673,10329377595,10329377632,1,"IOTHUB_CLIENT_CONFIRMATION_OK"
24674,10329377795,10329377902,1,"IOTHUB_CLIENT_CONFIRMATION_OK"
24675,10329377995,10329378025,1,"IOTHUB_CLIENT_CONFIRMATION_OK"
24676,10329378196,10329378230,1,"IOTHUB_CLIENT_CONFIRMATION_OK"
24677,10329378396,10329378512,1,"IOTHUB_CLIENT_CONFIRMATION_OK"
24678,10329378596,10329378747,1,"IOTHUB_CLIENT_CONFIRMATION_OK"
24679,10329378796,10329378828,1,"IOTHUB_CLIENT_CONFIRMATION_OK"
24680,10329378996,10329379030,1,"IOTHUB_CLIENT_CONFIRMATION_OK"
24681,10329379196,10329379226,1,"IOTHUB_CLIENT_CONFIRMATION_OK"
24682,10329379397,10329379551,1,"IOTHUB_CLIENT_CONFIRMATION_OK"
24683,10329379597,10329379630,1,"IOTHUB_CLIENT_CONFIRMATION_OK"
24684,10329379797,10329379870,1,"IOTHUB_CLIENT_CONFIRMATION_OK"
24685,10329379997,10329380057,1,"IOTHUB_CLIENT_CONFIRMATION_OK"
24686,10329380198,10329380230,1,"IOTHUB_CLIENT_CONFIRMATION_OK"
24687,10329380398,10329380430,1,"IOTHUB_CLIENT_CONFIRMATION_OK"
24688,10329380598,10329380631,1,"IOTHUB_CLIENT_CONFIRMATION_OK"
24689,10329380798,10329380830,1,"IOTHUB_CLIENT_CONFIRMATION_OK"
24690,10329380998,10329381030,1,"IOTHUB_CLIENT_CONFIRMATION_OK"
24691,10329381198,10329381232,1,"IOTHUB_CLIENT_CONFIRMATION_OK"
24692,10329381399,10329381435,1,"IOTHUB_CLIENT_CONFIRMATION_OK"
24693,10329381599,10329381632,1,"IOTHUB_CLIENT_CONFIRMATION_OK"
24694,10329381799,10329381831,1,"IOTHUB_CLIENT_CONFIRMATION_OK"
24695,10329381999,10329382226,1,"IOTHUB_CLIENT_CONFIRMATION_OK"
24696,10329382199,10329382244,1,"IOTHUB_CLIENT_CONFIRMATION_OK"
24697,10329382399,10329382432,1,"IOTHUB_CLIENT_CONFIRMATION_OK"
24698,10329382599,10329382694,1,"IOTHUB_CLIENT_CONFIRMATION_OK"
24699,10329382800,10329382841,1,"IOTHUB_CLIENT_CONFIRMATION_OK"
24700,10329383000,10329383182,1,"IOTHUB_CLIENT_CONFIRMATION_OK"
24701,10329383200,10329383235,1,"IOTHUB_CLIENT_CONFIRMATION_OK"
24702,10329383400,10329383432,1,"IOTHUB_CLIENT_CONFIRMATION_OK"
24703,10329383600,10329383648,1,"IOTHUB_CLIENT_CONFIRMATION_OK"
24704,10329383800,10329384021,1,"IOTHUB_CLIENT_CONFIRMATION_OK"
24705,10329384001,10329384051,1,"IOTHUB_CLIENT_CONFIRMATION_OK"
24706,10329384201,10329384230,1,"IOTHUB_CLIENT_CONFIRMATION_OK"
24707,10329384401,10329384496,1,"IOTHUB_CLIENT_CONFIRMATION_OK"
24708,10329384601,10329384634,1,"IOTHUB_CLIENT_CONFIRMATION_OK"
24709,10329384801,10329384838,1,"IOTHUB_CLIENT_CONFIRMATION_OK"
24710,10329385002,10329385036,1,"IOTHUB_CLIENT_CONFIRMATION_OK"
24711,10329385202,10329385306,1,"IOTHUB_CLIENT_CONFIRMATION_OK"
24712,10329385402,10329385455,1,"IOTHUB_CLIENT_CONFIRMATION_OK"
24713,10329385602,10329385638,1,"IOTHUB_CLIENT_CONFIRMATION_OK"
24714,10329385802,10329385865,1,"IOTHUB_CLIENT_CONFIRMATION_OK"
24715,10329386002,10329386376,1,"IOTHUB_CLIENT_CONFIRMATION_OK"
24716,10329386203,10329386482,1,"IOTHUB_CLIENT_CONFIRMATION_OK"
24717,10329386403,10329386501,1,"IOTHUB_CLIENT_CONFIRMATION_OK"
24718,10329386603,10329386644,1,"IOTHUB_CLIENT_CONFIRMATION_OK"
24719,10329386803,10329386870,1,"IOTHUB_CLIENT_CONFIRMATION_OK"
24720,10329387003,10329387449,1,"IOTHUB_CLIENT_CONFIRMATION_OK"
24721,10329387203,10329387530,1,"IOTHUB_CLIENT_CONFIRMATION_OK"
24722,10329387404,10329387562,1,"IOTHUB_CLIENT_CONFIRMATION_OK"
24723,10329387604,10329387644,1,"IOTHUB_CLIENT_CONFIRMATION_OK"
24724,10329387804,10329387937,1,"IOTHUB_CLIENT_CONFIRMATION_OK"
24725,10329388004,10329388087,1,"IOTHUB_CLIENT_CONFIRMATION_OK"
24726,10329388204,10329388256,1,"IOTHUB_CLIENT_CONFIRMATION_OK"
24727,10329388404,10329388708,1,"IOTHUB_CLIENT_CONFIRMATION_OK"
24728,10329388605,10329388730,1,"IOTHUB_CLIENT_CONFIRMATION_OK"
24729,10329388805,10329388901,1,"IOTHUB_CLIENT_CONFIRMATION_OK"
24730,10329389005,10329389036,1,"IOTHUB_CLIENT_CONFIRMATION_OK"
24731,10329389205,10329389244,1,"IOTHUB_CLIENT_CONFIRMATION_OK"
24732,10329389405,10329389539,1,"IOTHUB_CLIENT_CONFIRMATION_OK"
24733,10329389606,10329389640,1,"IOTHUB_CLIENT_CONFIRMATION_OK"
24734,10329389806,10329389852,1,"IOTHUB_CLIENT_CONFIRMATION_OK"
24735,10329390006,10329390037,1,"IOTHUB_CLIENT_CONFIRMATION_OK"
24736,10329390206,10329390253,1,"IOTHUB_CLIENT_CONFIRMATION_OK"
24737,10329390406,10329390475,1,"IOTHUB_CLIENT_CONFIRMATION_OK"
24738,10329390607,10329390641,1,"IOTHUB_CLIENT_CONFIRMATION_OK"
24739,10329390807,10329390932,1,"IOTHUB_CLIENT_CONFIRMATION_OK"
24740,10329391007,10329391158,1,"IOTHUB_CLIENT_CONFIRMATION_OK"
24741,10329391207,10329391265,1,"IOTHUB_CLIENT_CONFIRMATION_OK"
24742,10329391407,10329391440,1,"IOTHUB_CLIENT_CONFIRMATION_OK"
24743,10329391607,10329391655,1,"IOTHUB_CLIENT_CONFIRMATION_OK"
24744,10329391808,10329391841,1,"IOTHUB_CLIENT_CONFIRMATION_OK"
24745,10329392008,10329392189,1,"IOTHUB_CLIENT_CONFIRMATION_OK"
24746,10329392208,10329392236,1,"IOTHUB_CLIENT_CONFIRMATION_OK"
24747,10329392408,10329392509,1,"IOTHUB_CLIENT_CONFIRMATION_OK"
24748,10329392608,10329392656,1,"IOTHUB_CLIENT_CONFIRMATION_OK"
24749,10329392809,10329392841,1,"IOTHUB_CLIENT_CONFIRMATION_OK"
24750,10329393009,10329393329,1,"IOTHUB_CLIENT_CONFIRMATION_OK"
24751,10329393209,10329393355,1,"IOTHUB_CLIENT_CONFIRMATION_OK"
24752,10329393409,10329393438,1,"IOTHUB_CLIENT_CONFIRMATION_OK"
24753,10329393609,10329393647,1,"IOTHUB_CLIENT_CONFIRMATION_OK"
24754,10329393809,10329393841,1,"IOTHUB_CLIENT_CONFIRMATION_OK"
24755,10329394009,10329394044,1,"IOTHUB_CLIENT_CONFIRMATION_OK"
24756,10329394210,10329394275,1,"IOTHUB_CLIENT_CONFIRMATION_OK"
24757,10329394410,10329394444,1,"IOTHUB_CLIENT_CONFIRMATION_OK"
24758,10329394610,10329394642,1,"IOTHUB_CLIENT_CONFIRMATION_OK"
24759,10329394810,10329394854,1,"IOTHUB_CLIENT_CONFIRMATION_OK"
24760,10329395010,10329395044,1,"IOTHUB_CLIENT_CONFIRMATION_OK"
24761,10329395211,10329395287,1,"IOTHUB_CLIENT_CONFIRMATION_OK"
24762,10329395411,10329395449,1,"IOTHUB_CLIENT_CONFIRMATION_OK"
24763,10329395611,10329395693,1,"IOTHUB_CLIENT_CONFIRMATION_OK"
24764,10329395811,10329395909,1,"IOTHUB_CLIENT_CONFIRMATION_OK"
24765,10329396011,10329396060,1,"IOTHUB_CLIENT_CONFIRMATION_OK"
24766,10329396211,10329396291,1,"IOTHUB_CLIENT_CONFIRMATION_OK"
24767,10329396411,10329396441,1,"IOTHUB_CLIENT_CONFIRMATION_OK"
24768,10329396612,10329396644,1,"IOTHUB_CLIENT_CONFIRMATION_OK"
24769,10329396812,10329396961,1,"IOTHUB_CLIENT_CONFIRMATION_OK"
24770,10329397012,10329397044,1,"IOTHUB_CLIENT_CONFIRMATION_OK"
24771,10329397212,10329397244,1,"IOTHUB_CLIENT_CONFIRMATION_OK"
24772,10329397412,10329397471,1,"IOTHUB_CLIENT_CONFIRMATION_OK"
24773,10329397612,10329397652,1,"IOTHUB_CLIENT_CONFIRMATION_OK"
24774,10329397813,10329398042,1,"IOTHUB_CLIENT_CONFIRMATION_OK"
24775,10329398013,10329398083,1,"IOTHUB_CLIENT_CONFIRMATION_OK"
24776,10329398213,10329398244,1,"IOTHUB_CLIENT_CONFIRMATION_OK"
24777,10329398413,10329398506,1,"IOTHUB_CLIENT_CONFIRMATION_OK"
24778,10329398613,10329398645,1,"IOTHUB_CLIENT_CONFIRMATION_OK"
24779,10329398813,10329398845,1,"IOTHUB_CLIENT_CONFIRMATION_OK"
24780,10329399014,10329399093,1,"IOTHUB_CLIENT_CONFIRMATION_OK"
24781,10329399214,10329399246,1,"IOTHUB_CLIENT_CONFIRMATION_OK"
24782,10329399414,10329399452,1,"IOTHUB_CLIENT_CONFIRMATION_OK"
24783,10329399614,10329399648,1,"IOTHUB_CLIENT_CONFIRMATION_OK"
24784,10329399814,10329399886,1,"IOTHUB_CLIENT_CONFIRMATION_OK"
24785,10329400014,10329400062,1,"IOTHUB_CLIENT_CONFIRMATION_OK"
24786,10329400214,10329400258,1,"IOTHUB_CLIENT_CONFIRMATION_OK"
24787,10329400415,10329400450,1,"IOTHUB_CLIENT_CONFIRMATION_OK"
24788,10329400615,10329400648,1,"IOTHUB_CLIENT_CONFIRMATION_OK"
24789,10329400815,10329400848,1,"IOTHUB_CLIENT_CONFIRMATION_OK"
24790,10329401015,10329401063,1,"IOTHUB_CLIENT_CONFIRMATION_OK"
24791,10329401215,10329401253,1,"IOTHUB_CLIENT_CONFIRMATION_OK"
24792,10329401416,10329401448,1,"IOTHUB_CLIENT_CONFIRMATION_OK"
24793,10329401616,10329401688,1,"IOTHUB_CLIENT_CONFIRMATION_OK"
24794,10329401816,10329401862,1,"IOTHUB_CLIENT_CONFIRMATION_OK"
24795,10329402016,10329402086,1,"IOTHUB_CLIENT_CONFIRMATION_OK"
24796,10329402216,10329402247,1,"IOTHUB_CLIENT_CONFIRMATION_OK"
24797,10329402416,10329402492,1,"IOTHUB_CLIENT_CONFIRMATION_OK"
24798,10329402617,10329402831,1,"IOTHUB_CLIENT_CONFIRMATION_OK"
24799,10329402817,10329402857,1,"IOTHUB_CLIENT_CONFIRMATION_OK"
24800,10329403017,10329403048,1,"IOTHUB_CLIENT_CONFIRMATION_OK"
24801,10329403217,10329403267,1,"IOTHUB_CLIENT_CONFIRMATION_OK"
24802,10329403417,10329403483,1,"IOTHUB_CLIENT_CONFIRMATION_OK"
24803,10329403617,10329403752,1,"IOTHUB_CLIENT_CONFIRMATION_OK"
24804,10329403818,10329403850,1,"IOTHUB_CLIENT_CONFIRMATION_OK"
24805,10329404018,10329404059,1,"IOTHUB_CLIENT_CONFIRMATION_OK"
24806,10329404218,10329404278,1,"IOTHUB_CLIENT_CONFIRMATION_OK"
24807,10329404418,10329404448,1,"IOTHUB_CLIENT_CONFIRMATION_OK"
24808,10329404618,10329404648,1,"IOTHUB_CLIENT_CONFIRMATION_OK"
24809,10329404818,10329404853,1,"IOTHUB_CLIENT_CONFIRMATION_OK"
24810,10329405019,10329405051,1,"IOTHUB_CLIENT_CONFIRMATION_OK"
24811,10329405219,10329405286,1,"IOTHUB_CLIENT_CONFIRMATION_OK"
24812,10329405419,10329405510,1,"IOTHUB_CLIENT_CONFIRMATION_OK"
24813,10329405619,10329405650,1,"IOTHUB_CLIENT_CONFIRMATION_OK"
24814,10329405819,10329405903,1,"IOTHUB_CLIENT_CONFIRMATION_OK"
24815,10329406019,10329406052,1,"IOTHUB_CLIENT_CONFIRMATION_OK"
24816,10329406220,10329406288,1,"IOTHUB_CLIENT_CONFIRMATION_OK"
24817,10329406420,10329406659,1,"IOTHUB_CLIENT_CONFIRMATION_OK"
24818,10329406620,10329406687,1,"IOTHUB_CLIENT_CONFIRMATION_OK"
24819,10329406820,10329406913,1,"IOTHUB_CLIENT_CONFIRMATION_OK"
24820,10329407020,10329407053,1,"IOTHUB_CLIENT_CONFIRMATION_OK"
24821,10329407220,10329407259,1,"IOTHUB_CLIENT_CONFIRMATION_OK"
24822,10329407420,10329407450,1,"IOTHUB_CLIENT_CONFIRMATION_OK"
24823,10329407621,10329407650,1,"IOTHUB_CLIENT_CONFIRMATION_OK"
24824,10329407821,10329407931,1,"IOTHUB_CLIENT_CONFIRMATION_OK"
24825,10329408021,10329408357,1,"IOTHUB_CLIENT_CONFIRMATION_OK"
24826,10329408221,10329408393,1,"IOTHUB_CLIENT_CONFIRMATION_OK"
24827,10329408421,10329408539,1,"IOTHUB_CLIENT_CONFIRMATION_OK"
24828,10329408621,10329408658,1,"IOTHUB_CLIENT_CONFIRMATION_OK"
24829,10329408822,10329408855,1,"IOTHUB_CLIENT_CONFIRMATION_OK"
24830,10329409022,10329409053,1,"IOTHUB_CLIENT_CONFIRMATION_OK"
24831,10329409222,10329409278,1,"IOTHUB_CLIENT_CONFIRMATION_OK"
24832,10329409422,10329409588,1,"IOTHUB_CLIENT_CONFIRMATION_OK"
24833,10329409622,10329409655,1,"IOTHUB_CLIENT_CONFIRMATION_OK"
24834,10329409822,10329409855,1,"IOTHUB_CLIENT_CONFIRMATION_OK"
24835,10329410022,10329410057,1,"IOTHUB_CLIENT_CONFIRMATION_OK"
24836,10329410223,10329410456,1,"IOTHUB_CLIENT_CONFIRMATION_OK"
24837,10329410423,10329410492,1,"IOTHUB_CLIENT_CONFIRMATION_OK"
24838,10329410623,10329410667,1,"IOTHUB_CLIENT_CONFIRMATION_OK"
24839,10329410823,10329410875,1,"IOTHUB_CLIENT_CONFIRMATION_OK"
24840,10329411023,10329411199,1,"IOTHUB_CLIENT_CONFIRMATION_OK"
24841,10329411224,10329411277,1,"IOTHUB_CLIENT_CONFIRMATION_OK"
24842,10329411424,10329411479,1,"IOTHUB_CLIENT_CONFIRMATION_OK"
24843,10329411624,10329411672,1,"IOTHUB_CLIENT_CONFIRMATION_OK"
24844,10329411824,10329411863,1,"IOTHUB_CLIENT_CONFIRMATION_OK"
24845,10329412024,10329412231,1,"IOTHUB_CLIENT_CONFIRMATION_OK"
24846,10329412224,10329412258,1,"IOTHUB_CLIENT_CONFIRMATION_OK"
24847,10329412425,10329412458,1,"IOTHUB_CLIENT_CONFIRMATION_OK"
24848,10329412625,10329412662,1,"IOTHUB_CLIENT_CONFIRMATION_OK"
24849,10329412825,10329412937,1,"IOTHUB_CLIENT_CONFIRMATION_OK"
24850,10329413025,10329413135,1,"IOTHUB_CLIENT_CONFIRMATION_OK"
24851,10329413226,10329413274,1,"IOTHUB_CLIENT_CONFIRMATION_OK"
24852,10329413426,10329413457,1,"IOTHUB_CLIENT_CONFIRMATION_OK"
24853,10329413626,10329413807,1,"IOTHUB_CLIENT_CONFIRMATION_OK"
24854,10329413826,10329413894,1,"IOTHUB_CLIENT_CONFIRMATION_OK"
24855,10329414026,10329414068,1,"IOTHUB_CLIENT_CONFIRMATION_OK"
24856,10329414226,10329414274,1,"IOTHUB_CLIENT_CONFIRMATION_OK"
24857,10329414426,10329414460,1,"IOTHUB_CLIENT_CONFIRMATION_OK"
24858,10329414627,10329414661,1,"IOTHUB_CLIENT_CONFIRMATION_OK"
24859,10329414827,10329414862,1,"IOTHUB_CLIENT_CONFIRMATION_OK"
24860,10329415027,10329415074,1,"IOTHUB_CLIENT_CONFIRMATION_OK"
24861,10329415227,10329415265,1,"IOTHUB_CLIENT_CONFIRMATION_OK"
24862,10329415427,10329415460,1,"IOTHUB_CLIENT_CONFIRMATION_OK"
24863,10329415627,10329415686,1,"IOTHUB_CLIENT_CONFIRMATION_OK"
24864,10329415828,10329415869,1,"IOTHUB_CLIENT_CONFIRMATION_OK"
24865,10329416028,10329416061,1,"IOTHUB_CLIENT_CONFIRMATION_OK"
24866,10329416228,10329416419,1,"IOTHUB_CLIENT_CONFIRMATION_OK"
24867,10329416428,10329416460,1,"IOTHUB_CLIENT_CONFIRMATION_OK"
24868,10329416628,10329416676,1,"IOTHUB_CLIENT_CONFIRMATION_OK"
24869,10329416828,10329416867,1,"IOTHUB_CLIENT_CONFIRMATION_OK"
24870,10329417029,10329417063,1,"IOTHUB_CLIENT_CONFIRMATION_OK"
24871,10329417229,10329417260,1,"IOTHUB_CLIENT_CONFIRMATION_OK"
24872,10329417429,10329417571,1,"IOTHUB_CLIENT_CONFIRMATION_OK"
24873,10329417629,10329417669,1,"IOTHUB_CLIENT_CONFIRMATION_OK"
24874,10329417829,10329417871,1,"IOTHUB_CLIENT_CONFIRMATION_OK"
24875,10329418029,10329418074,1,"IOTHUB_CLIENT_CONFIRMATION_OK"
24876,10329418230,10329418262,1,"IOTHUB_CLIENT_CONFIRMATION_OK"
24877,10329418430,10329418508,1,"IOTHUB_CLIENT_CONFIRMATION_OK"
24878,10329418630,10329418660,1,"IOTHUB_CLIENT_CONFIRMATION_OK"
24879,10329418830,10329418886,1,"IOTHUB_CLIENT_CONFIRMATION_OK"
24880,10329419030,10329419092,1,"IOTHUB_CLIENT_CONFIRMATION_OK"
24881,10329419230,10329419266,1,"IOTHUB_CLIENT_CONFIRMATION_OK"
24882,10329419430,10329419531,1,"IOTHUB_CLIENT_CONFIRMATION_OK"
24883,10329419631,10329419687,1,"IOTHUB_CLIENT_CONFIRMATION_OK"
24884,10329419831,10329419893,1,"IOTHUB_CLIENT_CONFIRMATION_OK"
24885,10329420031,10329420228,1,"IOTHUB_CLIENT_CONFIRMATION_OK"
24886,10329420231,10329420267,1,"IOTHUB_CLIENT_CONFIRMATION_OK"
24887,10329420431,10329420532,1,"IOTHUB_CLIENT_CONFIRMATION_OK"
24888,10329420631,10329420666,1,"IOTHUB_CLIENT_CONFIRMATION_OK"
24889,10329420831,10329420872,1,"IOTHUB_CLIENT_CONFIRMATION_OK"
24890,10329421032,10329421164,1,"IOTHUB_CLIENT_CONFIRMATION_OK"
24891,10329421232,10329421271,1,"IOTHUB_CLIENT_CONFIRMATION_OK"
24892,10329421432,10329421466,1,"IOTHUB_CLIENT_CONFIRMATION_OK"
24893,10329421632,10329421689,1,"IOTHUB_CLIENT_CONFIRMATION_OK"
24894,10329421833,10329421885,1,"IOTHUB_CLIENT_CONFIRMATION_OK"
24895,10329422033,10329422173,1,"IOTHUB_CLIENT_CONFIRMATION_OK"
24896,10329422233,10329422266,1,"IOTHUB_CLIENT_CONFIRMATION_OK"
24897,10329422433,10329422462,1,"IOTHUB_CLIENT_CONFIRMATION_OK"
24898,10329422633,10329422674,1,"IOTHUB_CLIENT_CONFIRMATION_OK"
24899,10329422834,10329422876,1,"IOTHUB_CLIENT_CONFIRMATION_OK"
24900,10329423034,10329423075,1,"IOTHUB_CLIENT_CONFIRMATION_OK"
24901,10329423234,10329423265,1,"IOTHUB_CLIENT_CONFIRMATION_OK"
24902,10329423434,10329423464,1,"IOTHUB_CLIENT_CONFIRMATION_OK"
24903,10329423634,10329423818,1,"IOTHUB_CLIENT_CONFIRMATION_OK"
24904,10329423834,10329423868,1,"IOTHUB_CLIENT_CONFIRMATION_OK"
24905,10329424034,10329426031,1,"IOTHUB_CLIENT_CONFIRMATION_OK"
24906,10329424235,10329426249,1,"IOTHUB_CLIENT_CONFIRMATION_OK"
24907,10329424435,10329426292,1,"IOTHUB_CLIENT_CONFIRMATION_OK"
24908,10329424635,10329427822,1,"IOTHUB_CLIENT_CONFIRMATION_OK"
24909,10329424835,10329427904,1,"IOTHUB_CLIENT_CONFIRMATION_OK"
24910,10329425035,10329427929,1,"IOTHUB_CLIENT_CONFIRMATION_OK"
24911,10329425236,10329427961,1,"IOTHUB_CLIENT_CONFIRMATION_OK"
24912,10329425436,10329428239,1,"IOTHUB_CLIENT_CONFIRMATION_OK"
24913,10329425636,10329428270,1,"IOTHUB_CLIENT_CONFIRMATION_OK"
24914,10329425836,10329428292,1,"IOTHUB_CLIENT_CONFIRMATION_OK"
24915,10329426036,10329428343,1,"IOTHUB_CLIENT_CONFIRMATION_OK"
24916,10329426236,10329428382,1,"IOTHUB_CLIENT_CONFIRMATION_OK"
24917,10329426437,10329428646,1,"IOTHUB_CLIENT_CONFIRMATION_OK"
24918,10329426637,10329428717,1,"IOTHUB_CLIENT_CONFIRMATION_OK"
24919,10329426837,10329428797,1,"IOTHUB_CLIENT_CONFIRMATION_OK"
24920,10329427037,10329428998,1,"IOTHUB_CLIENT_CONFIRMATION_OK"
24921,10329427237,10329429147,1,"IOTHUB_CLIENT_CONFIRMATION_OK"
24922,10329427437,10329429181,1,"IOTHUB_CLIENT_CONFIRMATION_OK"
24923,10329427637,10329429424,1,"IOTHUB_CLIENT_CONFIRMATION_OK"
24924,10329427838,10329429457,1,"IOTHUB_CLIENT_CONFIRMATION_OK"
24925,10329428038,10329429488,1,"IOTHUB_CLIENT_CONFIRMATION_OK"
24926,10329428238,10329429517,1,"IOTHUB_CLIENT_CONFIRMATION_OK"
24927,10329428438,10329429543,1,"IOTHUB_CLIENT_CONFIRMATION_OK"
24928,10329428638,10329429567,1,"IOTHUB_CLIENT_CONFIRMATION_OK"
24929,10329428839,10329429819,1,"IOTHUB_CLIENT_CONFIRMATION_OK"
24930,10329429039,10329429831,1,"IOTHUB_CLIENT_CONFIRMATION_OK"
24931,10329429239,10329429852,1,"IOTHUB_CLIENT_CONFIRMATION_OK"
24932,10329429439,10329429868,1,"IOTHUB_CLIENT_CONFIRMATION_OK"
24933,10329429639,10329429888,1,"IOTHUB_CLIENT_CONFIRMATION_OK"
24934,10329429839,10329429897,1,"IOTHUB_CLIENT_CONFIRMATION_OK"
24935,10329430039,10329430490,1,"IOTHUB_CLIENT_CONFIRMATION_OK"
24936,10329430240,10329430520,1,"IOTHUB_CLIENT_CONFIRMATION_OK"
24937,10329430440,10329430652,1,"IOTHUB_CLIENT_CONFIRMATION_OK"
24938,10329430640,10329430679,1,"IOTHUB_CLIENT_CONFIRMATION_OK"
24939,10329430840,10329430869,1,"IOTHUB_CLIENT_CONFIRMATION_OK"
24940,10329431040,10329431071,1,"IOTHUB_CLIENT_CONFIRMATION_OK"
24941,10329431240,10329431269,1,"IOTHUB_CLIENT_CONFIRMATION_OK"
24942,10329431441,10329431475,1,"IOTHUB_CLIENT_CONFIRMATION_OK"
24943,10329431641,10329431723,1,"IOTHUB_CLIENT_CONFIRMATION_OK"
24944,10329431841,10329431887,1,"IOTHUB_CLIENT_CONFIRMATION_OK"
24945,10329432041,10329432080,1,"IOTHUB_CLIENT_CONFIRMATION_OK"
24946,10329432241,10329432981,1,"IOTHUB_CLIENT_CONFIRMATION_OK"
24947,10329432442,10329433189,1,"IOTHUB_CLIENT_CONFIRMATION_OK"
24948,10329432642,10329433314,1,"IOTHUB_CLIENT_CONFIRMATION_OK"
24949,10329432842,10329433545,1,"IOTHUB_CLIENT_CONFIRMATION_OK"
24950,10329433042,10329433571,1,"IOTHUB_CLIENT_CONFIRMATION_OK"
24951,10329433242,10329433736,1,"IOTHUB_CLIENT_CONFIRMATION_OK"
24952,10329433442,10329434837,1,"IOTHUB_CLIENT_CONFIRMATION_OK"
24953,10329433643,10329434874,1,"IOTHUB_CLIENT_CONFIRMATION_OK"
24954,10329433843,10329434910,1,"IOTHUB_CLIENT_CONFIRMATION_OK"
24955,10329434043,10329434944,1,"IOTHUB_CLIENT_CONFIRMATION_OK"
24956,10329434243,10329434977,1,"IOTHUB_CLIENT_CONFIRMATION_OK"
24957,10329434443,10329435168,1,"IOTHUB_CLIENT_CONFIRMATION_OK"
24958,10329434644,10329435203,1,"IOTHUB_CLIENT_CONFIRMATION_OK"
24959,10329434844,10329435231,1,"IOTHUB_CLIENT_CONFIRMATION_OK"
24960,10329435044,10329435268,1,"IOTHUB_CLIENT_CONFIRMATION_OK"
24961,10329435244,10329435420,1,"IOTHUB_CLIENT_CONFIRMATION_OK"
24962,10329435444,10329435473,1,"IOTHUB_CLIENT_CONFIRMATION_OK"
24963,10329435644,10329435697,1,"IOTHUB_CLIENT_CONFIRMATION_OK"
24964,10329435844,10329435876,1,"IOTHUB_CLIENT_CONFIRMATION_OK"
24965,10329436045,10329436123,1,"IOTHUB_CLIENT_CONFIRMATION_OK"
24966,10329436245,10329436361,1,"IOTHUB_CLIENT_CONFIRMATION_OK"
24967,10329436445,10329436479,1,"IOTHUB_CLIENT_CONFIRMATION_OK"
24968,10329436645,10329436945,1,"IOTHUB_CLIENT_CONFIRMATION_OK"
24969,10329436845,10329437110,1,"IOTHUB_CLIENT_CONFIRMATION_OK"
24970,10329437045,10329437189,1,"IOTHUB_CLIENT_CONFIRMATION_OK"
24971,10329437246,10329437279,1,"IOTHUB_CLIENT_CONFIRMATION_OK"
24972,10329437446,10329437484,1,"IOTHUB_CLIENT_CONFIRMATION_OK"
24973,10329437646,10329437679,1,"IOTHUB_CLIENT_CONFIRMATION_OK"
24974,10329437846,10329438160,1,"IOTHUB_CLIENT_CONFIRMATION_OK"
24975,10329438046,10329438181,1,"IOTHUB_CLIENT_CONFIRMATION_OK"
24976,10329438246,10329438331,1,"IOTHUB_CLIENT_CONFIRMATION_OK"
24977,10329438447,10329438482,1,"IOTHUB_CLIENT_CONFIRMATION_OK"
24978,10329438647,10329438693,1,"IOTHUB_CLIENT_CONFIRMATION_OK"
24979,10329438847,10329438890,1,"IOTHUB_CLIENT_CONFIRMATION_OK"
24980,10329439047,10329439123,1,"IOTHUB_CLIENT_CONFIRMATION_OK"
24981,10329439247,10329439277,1,"IOTHUB_CLIENT_CONFIRMATION_OK"
24982,10329439448,10329439497,1,"IOTHUB_CLIENT_CONFIRMATION_OK"
24983,10329439648,10329439936,1,"IOTHUB_CLIENT_CONFIRMATION_OK"
24984,10329439848,10329439959,1,"IOTHUB_CLIENT_CONFIRMATION_OK"
24985,10329440048,10329440158,1,"IOTHUB_CLIENT_CONFIRMATION_OK"
24986,10329440248,10329440339,1,"IOTHUB_CLIENT_CONFIRMATION_OK"
24987,10329440448,10329440490,1,"IOTHUB_CLIENT_CONFIRMATION_OK"
24988,10329440648,10329440678,1,"IOTHUB_CLIENT_CONFIRMATION_OK"
24989,10329440849,10329440904,1,"IOTHUB_CLIENT_CONFIRMATION_OK"
24990,10329441049,10329441170,1,"IOTHUB_CLIENT_CONFIRMATION_OK"
24991,10329441249,10329441294,1,"IOTHUB_CLIENT_CONFIRMATION_OK"
24992,10329441449,10329441482,1,"IOTHUB_CLIENT_CONFIRMATION_OK"
24993,10329441649,10329441678,1,"IOTHUB_CLIENT_CONFIRMATION_OK"
24994,10329441850,10329441975,1,"IOTHUB_CLIENT_CONFIRMATION_OK"
24995,10329442050,10329442461,1,"IOTHUB_CLIENT_CONFIRMATION_OK"
24996,10329442250,10329442494,1,"IOTHUB_CLIENT_CONFIRMATION_OK"
24997,10329442450,10329442515,1,"IOTHUB_CLIENT_CONFIRMATION_OK"
24998,10329442650,10329442804,1,"IOTHUB_CLIENT_CONFIRMATION_OK"
24999,10329442850,10329442884,1,"IOTHUB_CLIENT_CONFIRMATION_OK"
25000,10329443050,10329443093,1,"IOTHUB_CLIENT_CONFIRMATION_OK"
25001,10329443251,10329443293,1,"IOTHUB_CLIENT_CONFIRMATION_OK"
25002,10329443451,10329443482,1,"IOTHUB_CLIENT_CONFIRMATION_OK"
25003,10329443651,10329443697,1,"IOTHUB_CLIENT_CONFIRMATION_OK"
25004,10329443851,10329443886,1,"IOTHUB_CLIENT_CONFIRMATION_OK"
25005,10329444051,10329444082,1,"IOTHUB_CLIENT_CONFIRMATION_OK"
25006,10329444251,10329444295,1,"IOTHUB_CLIENT_CONFIRMATION_OK"
25007,10329444452,10329444485,1,"IOTHUB_CLIENT_CONFIRMATION_OK"
25008,10329444652,10329444684,1,"IOTHUB_CLIENT_CONFIRMATION_OK"
25009,10329444852,10329444894,1,"IOTHUB_CLIENT_CONFIRMATION_OK"
25010,10329445052,10329445085,1,"IOTHUB_CLIENT_CONFIRMATION_OK"
25011,10329445252,10329445331,1,"IOTHUB_CLIENT_CONFIRMATION_OK"
25012,10329445452,10329445485,1,"IOTHUB_CLIENT_CONFIRMATION_OK"
25013,10329445652,10329445694,1,"IOTHUB_CLIENT_CONFIRMATION_OK"
25014,10329445853,10329445923,1,"IOTHUB_CLIENT_CONFIRMATION_OK"
25015,10329446053,10329446180,1,"IOTHUB_CLIENT_CONFIRMATION_OK"
25016,10329446253,10329446302,1,"IOTHUB_CLIENT_CONFIRMATION_OK"
25017,10329446453,10329446557,1,"IOTHUB_CLIENT_CONFIRMATION_OK"
25018,10329446653,10329446684,1,"IOTHUB_CLIENT_CONFIRMATION_OK"
25019,10329446853,10329446952,1,"IOTHUB_CLIENT_CONFIRMATION_OK"
25020,10329447054,10329447087,1,"IOTHUB_CLIENT_CONFIRMATION_OK"
25021,10329447254,10329447339,1,"IOTHUB_CLIENT_CONFIRMATION_OK"
25022,10329447454,10329447492,1,"IOTHUB_CLIENT_CONFIRMATION_OK"
25023,10329447654,10329447690,1,"IOTHUB_CLIENT_CONFIRMATION_OK"
25024,10329447854,10329448008,1,"IOTHUB_CLIENT_CONFIRMATION_OK"
25025,10329448054,10329448084,1,"IOTHUB_CLIENT_CONFIRMATION_OK"
25026,10329448255,10329448284,1,"IOTHUB_CLIENT_CONFIRMATION_OK"
25027,10329448455,10329448777,1,"IOTHUB_CLIENT_CONFIRMATION_OK"
25028,10329448655,10329448875,1,"IOTHUB_CLIENT_CONFIRMATION_OK"
25029,10329448855,10329448906,1,"IOTHUB_CLIENT_CONFIRMATION_OK"
25030,10329449055,10329449341,1,"IOTHUB_CLIENT_CONFIRMATION_OK"
25031,10329449255,10329449557,1,"IOTHUB_CLIENT_CONFIRMATION_OK"
25032,10329449456,10329449647,1,"IOTHUB_CLIENT_CONFIRMATION_OK"
25033,10329449656,10329449687,1,"IOTHUB_CLIENT_CONFIRMATION_OK"
25034,10329449856,10329449888,1,"IOTHUB_CLIENT_CONFIRMATION_OK"
25035,10329450056,10329450085,1,"IOTHUB_CLIENT_CONFIRMATION_OK"
25036,10329450256,10329450299,1,"IOTHUB_CLIENT_CONFIRMATION_OK"
25037,10329450456,10329450493,1,"IOTHUB_CLIENT_CONFIRMATION_OK"
25038,10329450657,10329450685,1,"IOTHUB_CLIENT_CONFIRMATION_OK"
25039,10329450857,10329450890,1,"IOTHUB_CLIENT_CONFIRMATION_OK"
25040,10329451057,10329451087,1,"IOTHUB_CLIENT_CONFIRMATION_OK"
25041,10329451257,10329451298,1,"IOTHUB_CLIENT_CONFIRMATION_OK"
25042,10329451457,10329451490,1,"IOTHUB_CLIENT_CONFIRMATION_OK"
25043,10329451657,10329451697,1,"IOTHUB_CLIENT_CONFIRMATION_OK"
25044,10329451858,10329451913,1,"IOTHUB_CLIENT_CONFIRMATION_OK"
25045,10329452058,10329452093,1,"IOTHUB_CLIENT_CONFIRMATION_OK"
25046,10329452258,10329452307,1,"IOTHUB_CLIENT_CONFIRMATION_OK"
25047,10329452458,10329452491,1,"IOTHUB_CLIENT_CONFIRMATION_OK"
25048,10329452658,10329452706,1,"IOTHUB_CLIENT_CONFIRMATION_OK"
25049,10329452859,10329452899,1,"IOTHUB_CLIENT_CONFIRMATION_OK"
25050,10329453059,10329453088,1,"IOTHUB_CLIENT_CONFIRMATION_OK"
25051,10329453259,10329453316,1,"IOTHUB_CLIENT_CONFIRMATION_OK"
25052,10329453459,10329453527,1,"IOTHUB_CLIENT_CONFIRMATION_OK"
25053,10329453659,10329453725,1,"IOTHUB_CLIENT_CONFIRMATION_OK"
25054,10329453860,10329453906,1,"IOTHUB_CLIENT_CONFIRMATION_OK"
25055,10329454060,10329454096,1,"IOTHUB_CLIENT_CONFIRMATION_OK"
25056,10329454260,10329454449,1,"IOTHUB_CLIENT_CONFIRMATION_OK"
25057,10329454460,10329454512,1,"IOTHUB_CLIENT_CONFIRMATION_OK"
25058,10329454660,10329454694,1,"IOTHUB_CLIENT_CONFIRMATION_OK"
25059,10329454860,10329454899,1,"IOTHUB_CLIENT_CONFIRMATION_OK"
25060,10329455061,10329455089,1,"IOTHUB_CLIENT_CONFIRMATION_OK"
25061,10329455261,10329455401,1,"IOTHUB_CLIENT_CONFIRMATION_OK"
25062,10329455461,10329455493,1,"IOTHUB_CLIENT_CONFIRMATION_OK"
25063,10329455661,10329455690,1,"IOTHUB_CLIENT_CONFIRMATION_OK"
25064,10329455861,10329455965,1,"IOTHUB_CLIENT_CONFIRMATION_OK"
25065,10329456062,10329456105,1,"IOTHUB_CLIENT_CONFIRMATION_OK"
25066,10329456262,10329456298,1,"IOTHUB_CLIENT_CONFIRMATION_OK"
25067,10329456462,10329456541,1,"IOTHUB_CLIENT_CONFIRMATION_OK"
25068,10329456662,10329456719,1,"IOTHUB_CLIENT_CONFIRMATION_OK"
25069,10329456862,10329456974,1,"IOTHUB_CLIENT_CONFIRMATION_OK"
25070,10329457062,10329457097,1,"IOTHUB_CLIENT_CONFIRMATION_OK"
25071,10329457263,10329457309,1,"IOTHUB_CLIENT_CONFIRMATION_OK"
25072,10329457463,10329457615,1,"IOTHUB_CLIENT_CONFIRMATION_OK"
25073,10329457663,10329457696,1,"IOTHUB_CLIENT_CONFIRMATION_OK"
25074,10329457863,10329458004,1,"IOTHUB_CLIENT_CONFIRMATION_OK"
25075,10329458063,10329458229,1,"IOTHUB_CLIENT_CONFIRMATION_OK"
25076,10329458263,10329458296,1,"IOTHUB_CLIENT_CONFIRMATION_OK"
25077,10329458464,10329458499,1,"IOTHUB_CLIENT_CONFIRMATION_OK"
25078,10329458664,10329458694,1,"IOTHUB_CLIENT_CONFIRMATION_OK"
25079,10329458864,10329458898,1,"IOTHUB_CLIENT_CONFIRMATION_OK"
25080,10329459064,10329459231,1,"IOTHUB_CLIENT_CONFIRMATION_OK"
25081,10329459265,10329459297,1,"IOTHUB_CLIENT_CONFIRMATION_OK"
25082,10329459465,10329459637,1,"IOTHUB_CLIENT_CONFIRMATION_OK"
25083,10329459665,10329459699,1,"IOTHUB_CLIENT_CONFIRMATION_OK"
25084,10329459865,10329460024,1,"IOTHUB_CLIENT_CONFIRMATION_OK"
25085,10329460065,10329460146,1,"IOTHUB_CLIENT_CONFIRMATION_OK"
25086,10329460265,10329460299,1,"IOTHUB_CLIENT_CONFIRMATION_OK"
25087,10329460465,10329460497,1,"IOTHUB_CLIENT_CONFIRMATION_OK"
25088,10329460666,10329460694,1,"IOTHUB_CLIENT_CONFIRMATION_OK"
25089,10329460866,10329460909,1,"IOTHUB_CLIENT_CONFIRMATION_OK"
25090,10329461066,10329461561,1,"IOTHUB_CLIENT_CONFIRMATION_OK"
25091,10329461267,10329461597,1,"IOTHUB_CLIENT_CONFIRMATION_OK"
25092,10329461467,10329461743,1,"IOTHUB_CLIENT_CONFIRMATION_OK"
25093,10329461667,10329461768,1,"IOTHUB_CLIENT_CONFIRMATION_OK"
25094,10329461867,10329461901,1,"IOTHUB_CLIENT_CONFIRMATION_OK"
25095,10329462067,10329462103,1,"IOTHUB_CLIENT_CONFIRMATION_OK"
25096,10329462267,10329462376,1,"IOTHUB_CLIENT_CONFIRMATION_OK"
25097,10329462467,10329462496,1,"IOTHUB_CLIENT_CONFIRMATION_OK"
25098,10329462668,10329462713,1,"IOTHUB_CLIENT_CONFIRMATION_OK"
25099,10329462868,10329462900,1,"IOTHUB_CLIENT_CONFIRMATION_OK"
25100,10329463068,10329463099,1,"IOTHUB_CLIENT_CONFIRMATION_OK"
25101,10329463268,10329463316,1,"IOTHUB_CLIENT_CONFIRMATION_OK"
25102,10329463468,10329463501,1,"IOTHUB_CLIENT_CONFIRMATION_OK"
25103,10329463668,10329463712,1,"IOTHUB_CLIENT_CONFIRMATION_OK"
25104,10329463869,10329463918,1,"IOTHUB_CLIENT_CONFIRMATION_OK"
25105,10329464069,10329464098,1,"IOTHUB_CLIENT_CONFIRMATION_OK"
25106,10329464269,10329464329,1,"IOTHUB_CLIENT_CONFIRMATION_OK"
25107,10329464469,10329464498,1,"IOTHUB_CLIENT_CONFIRMATION_OK"
25108,10329464669,10329464700,1,"IOTHUB_CLIENT_CONFIRMATION_OK"
25109,10329464869,10329464898,1,"IOTHUB_CLIENT_CONFIRMATION_OK"
25110,10329465070,10329465098,1,"IOTHUB_CLIENT_CONFIRMATION_OK"
25111,10329465270,10329465536,1,"IOTHUB_CLIENT_CONFIRMATION_OK"
25112,10329465470,10329465572,1,"IOTHUB_CLIENT_CONFIRMATION_OK"
25113,10329465670,10329465714,1,"IOTHUB_CLIENT_CONFIRMATION_OK"
25114,10329465870,10329465955,1,"IOTHUB_CLIENT_CONFIRMATION_OK"
25115,10329466071,10329466102,1,"IOTHUB_CLIENT_CONFIRMATION_OK"
25116,10329466271,10329466304,1,"IOTHUB_CLIENT_CONFIRMATION_OK"
25117,10329466471,10329466505,1,"IOTHUB_CLIENT_CONFIRMATION_OK"
25118,10329466671,10329466705,1,"IOTHUB_CLIENT_CONFIRMATION_OK"
25119,10329466871,10329467033,1,"IOTHUB_CLIENT_CONFIRMATION_OK"
25120,10329467071,10329467099,1,"IOTHUB_CLIENT_CONFIRMATION_OK"
25121,10329467272,10329467307,1,"IOTHUB_CLIENT_CONFIRMATION_OK"
25122,10329467472,10329467521,1,"IOTHUB_CLIENT_CONFIRMATION_OK"
25123,10329467672,10329467702,1,"IOTHUB_CLIENT_CONFIRMATION_OK"
25124,10329467872,10329467984,1,"IOTHUB_CLIENT_CONFIRMATION_OK"
25125,10329468072,10329468107,1,"IOTHUB_CLIENT_CONFIRMATION_OK"
25126,10329468273,10329468305,1,"IOTHUB_CLIENT_CONFIRMATION_OK"
25127,10329468473,10329468584,1,"IOTHUB_CLIENT_CONFIRMATION_OK"
25128,10329468673,10329468703,1,"IOTHUB_CLIENT_CONFIRMATION_OK"
25129,10329468873,10329468907,1,"IOTHUB_CLIENT_CONFIRMATION_OK"
25130,10329469074,10329469125,1,"IOTHUB_CLIENT_CONFIRMATION_OK"
25131,10329469274,10329469436,1,"IOTHUB_CLIENT_CONFIRMATION_OK"
25132,10329469474,10329469649,1,"IOTHUB_CLIENT_CONFIRMATION_OK"
25133,10329469674,10329469706,1,"IOTHUB_CLIENT_CONFIRMATION_OK"
25134,10329469874,10329469909,1,"IOTHUB_CLIENT_CONFIRMATION_OK"
25135,10329470074,10329470104,1,"IOTHUB_CLIENT_CONFIRMATION_OK"
25136,10329470274,10329470304,1,"IOTHUB_CLIENT_CONFIRMATION_OK"
25137,10329470475,10329470504,1,"IOTHUB_CLIENT_CONFIRMATION_OK"
25138,10329470675,10329470705,1,"IOTHUB_CLIENT_CONFIRMATION_OK"
25139,10329470875,10329470909,1,"IOTHUB_CLIENT_CONFIRMATION_OK"
25140,10329471075,10329471109,1,"IOTHUB_CLIENT_CONFIRMATION_OK"
25141,10329471275,10329471303,1,"IOTHUB_CLIENT_CONFIRMATION_OK"
25142,10329471476,10329471535,1,"IOTHUB_CLIENT_CONFIRMATION_OK"
25143,10329471676,10329471724,1,"IOTHUB_CLIENT_CONFIRMATION_OK"
25144,10329471876,10329471907,1,"IOTHUB_CLIENT_CONFIRMATION_OK"
25145,10329472076,10329472293,1,"IOTHUB_CLIENT_CONFIRMATION_OK"
25146,10329472276,10329472312,1,"IOTHUB_CLIENT_CONFIRMATION_OK"
25147,10329472476,10329472506,1,"IOTHUB_CLIENT_CONFIRMATION_OK"
25148,10329472676,10329472749,1,"IOTHUB_CLIENT_CONFIRMATION_OK"
25149,10329472877,10329472912,1,"IOTHUB_CLIENT_CONFIRMATION_OK"
25150,10329473077,10329473129,1,"IOTHUB_CLIENT_CONFIRMATION_OK"
25151,10329473277,10329473350,1,"IOTHUB_CLIENT_CONFIRMATION_OK"
25152,10329473477,10329473516,1,"IOTHUB_CLIENT_CONFIRMATION_OK"
25153,10329473677,10329473733,1,"IOTHUB_CLIENT_CONFIRMATION_OK"
25154,10329473877,10329473915,1,"IOTHUB_CLIENT_CONFIRMATION_OK"
25155,10329474078,10329474111,1,"IOTHUB_CLIENT_CONFIRMATION_OK"
25156,10329474278,10329474358,1,"IOTHUB_CLIENT_CONFIRMATION_OK"
25157,10329474478,10329474532,1,"IOTHUB_CLIENT_CONFIRMATION_OK"
25158,10329474678,10329474714,1,"IOTHUB_CLIENT_CONFIRMATION_OK"
25159,10329474878,10329474912,1,"IOTHUB_CLIENT_CONFIRMATION_OK"
25160,10329475079,10329475113,1,"IOTHUB_CLIENT_CONFIRMATION_OK"
25161,10329475279,10329475368,1,"IOTHUB_CLIENT_CONFIRMATION_OK"
25162,10329475479,10329475517,1,"IOTHUB_CLIENT_CONFIRMATION_OK"
25163,10329475679,10329475707,1,"IOTHUB_CLIENT_CONFIRMATION_OK"
25164,10329475879,10329475983,1,"IOTHUB_CLIENT_CONFIRMATION_OK"
25165,10329476079,10329476134,1,"IOTHUB_CLIENT_CONFIRMATION_OK"
25166,10329476280,10329476311,1,"IOTHUB_CLIENT_CONFIRMATION_OK"
25167,10329476480,10329476510,1,"IOTHUB_CLIENT_CONFIRMATION_OK"
25168,10329476680,10329476712,1,"IOTHUB_CLIENT_CONFIRMATION_OK"
25169,10329476880,10329476995,1,"IOTHUB_CLIENT_CONFIRMATION_OK"
25170,10329477080,10329477120,1,"IOTHUB_CLIENT_CONFIRMATION_OK"
25171,10329477281,10329477356,1,"IOTHUB_CLIENT_CONFIRMATION_OK"
25172,10329477481,10329477516,1,"IOTHUB_CLIENT_CONFIRMATION_OK"
25173,10329477681,10329477711,1,"IOTHUB_CLIENT_CONFIRMATION_OK"
25174,10329477881,10329478016,1,"IOTHUB_CLIENT_CONFIRMATION_OK"
25175,10329478081,10329478136,1,"IOTHUB_CLIENT_CONFIRMATION_OK"
25176,10329478282,10329478312,1,"IOTHUB_CLIENT_CONFIRMATION_OK"
25177,10329478482,10329478514,1,"IOTHUB_CLIENT_CONFIRMATION_OK"
25178,10329478682,10329478714,1,"IOTHUB_CLIENT_CONFIRMATION_OK"
25179,10329478882,10329478911,1,"IOTHUB_CLIENT_CONFIRMATION_OK"
25180,10329479082,10329479113,1,"IOTHUB_CLIENT_CONFIRMATION_OK"
25181,10329479282,10329479328,1,"IOTHUB_CLIENT_CONFIRMATION_OK"
25182,10329479482,10329479633,1,"IOTHUB_CLIENT_CONFIRMATION_OK"
25183,10329479683,10329479743,1,"IOTHUB_CLIENT_CONFIRMATION_OK"
25184,10329479883,10329479929,1,"IOTHUB_CLIENT_CONFIRMATION_OK"
25185,10329480083,10329480173,1,"IOTHUB_CLIENT_CONFIRMATION_OK"
25186,10329480283,10329480313,1,"IOTHUB_CLIENT_CONFIRMATION_OK"
25187,10329480483,10329480518,1,"IOTHUB_CLIENT_CONFIRMATION_OK"
25188,10329480683,10329480717,1,"IOTHUB_CLIENT_CONFIRMATION_OK"
25189,10329480884,10329480914,1,"IOTHUB_CLIENT_CONFIRMATION_OK"
25190,10329481084,10329481120,1,"IOTHUB_CLIENT_CONFIRMATION_OK"
25191,10329481284,10329481315,1,"IOTHUB_CLIENT_CONFIRMATION_OK"
25192,10329481484,10329481512,1,"IOTHUB_CLIENT_CONFIRMATION_OK"
25193,10329481684,10329481719,1,"IOTHUB_CLIENT_CONFIRMATION_OK"
25194,10329481885,10329481920,1,"IOTHUB_CLIENT_CONFIRMATION_OK"
25195,10329482085,10329482287,1,"IOTHUB_CLIENT_CONFIRMATION_OK"
25196,10329482285,10329482318,1,"IOTHUB_CLIENT_CONFIRMATION_OK"
25197,10329482485,10329482520,1,"IOTHUB_CLIENT_CONFIRMATION_OK"
25198,10329482685,10329482800,1,"IOTHUB_CLIENT_CONFIRMATION_OK"
25199,10329482885,10329482980,1,"IOTHUB_CLIENT_CONFIRMATION_OK"
25200,10329483086,10329483129,1,"IOTHUB_CLIENT_CONFIRMATION_OK"
25201,10329483286,10329483325,1,"IOTHUB_CLIENT_CONFIRMATION_OK"
25202,10329483486,10329483596,1,"IOTHUB_CLIENT_CONFIRMATION_OK"
25203,10329483686,10329483725,1,"IOTHUB_CLIENT_CONFIRMATION_OK"
25204,10329483886,10329483929,1,"IOTHUB_CLIENT_CONFIRMATION_OK"
25205,10329484086,10329484119,1,"IOTHUB_CLIENT_CONFIRMATION_OK"
25206,10329484287,10329484326,1,"IOTHUB_CLIENT_CONFIRMATION_OK"
25207,10329484487,10329484570,1,"IOTHUB_CLIENT_CONFIRMATION_OK"
25208,10329484687,10329484715,1,"IOTHUB_CLIENT_CONFIRMATION_OK"
25209,10329484887,10329484932,1,"IOTHUB_CLIENT_CONFIRMATION_OK"
25210,10329485087,10329485135,1,"IOTHUB_CLIENT_CONFIRMATION_OK"
25211,10329485288,10329485344,1,"IOTHUB_CLIENT_CONFIRMATION_OK"
25212,10329485488,10329485662,1,"IOTHUB_CLIENT_CONFIRMATION_OK"
25213,10329485688,10329485723,1,"IOTHUB_CLIENT_CONFIRMATION_OK"
25214,10329485888,10329485962,1,"IOTHUB_CLIENT_CONFIRMATION_OK"
25215,10329486088,10329486121,1,"IOTHUB_CLIENT_CONFIRMATION_OK"
25216,10329486288,10329486319,1,"IOTHUB_CLIENT_CONFIRMATION_OK"
25217,10329486488,10329486521,1,"IOTHUB_CLIENT_CONFIRMATION_OK"
25218,10329486689,10329486718,1,"IOTHUB_CLIENT_CONFIRMATION_OK"
25219,10329486889,10329487004,1,"IOTHUB_CLIENT_CONFIRMATION_OK"
25220,10329487089,10329487124,1,"IOTHUB_CLIENT_CONFIRMATION_OK"
25221,10329487289,10329487342,1,"IOTHUB_CLIENT_CONFIRMATION_OK"
25222,10329487489,10329487543,1,"IOTHUB_CLIENT_CONFIRMATION_OK"
25223,10329487689,10329487723,1,"IOTHUB_CLIENT_CONFIRMATION_OK"
25224,10329487890,10329487978,1,"IOTHUB_CLIENT_CONFIRMATION_OK"
25225,10329488090,10329488124,1,"IOTHUB_CLIENT_CONFIRMATION_OK"
25226,10329488290,10329488340,1,"IOTHUB_CLIENT_CONFIRMATION_OK"
25227,10329488490,10329488590,1,"IOTHUB_CLIENT_CONFIRMATION_OK"
25228,10329488690,10329488724,1,"IOTHUB_CLIENT_CONFIRMATION_OK"
25229,10329488890,10329489400,1,"IOTHUB_CLIENT_CONFIRMATION_OK"
25230,10329489090,10329489422,1,"IOTHUB_CLIENT_CONFIRMATION_OK"
25231,10329489291,10329489466,1,"IOTHUB_CLIENT_CONFIRMATION_OK"
25232,10329489491,10329489610,1,"IOTHUB_CLIENT_CONFIRMATION_OK"
25233,10329489691,10329489726,1,"IOTHUB_CLIENT_CONFIRMATION_OK"
25234,10329489891,10329489979,1,"IOTHUB_CLIENT_CONFIRMATION_OK"
25235,10329490091,10329490146,1,"IOTHUB_CLIENT_CONFIRMATION_OK"
25236,10329490292,10329490322,1,"IOTHUB_CLIENT_CONFIRMATION_OK"
25237,10329490492,10329490572,1,"IOTHUB_CLIENT_CONFIRMATION_OK"
25238,10329490692,10329490723,1,"IOTHUB_CLIENT_CONFIRMATION_OK"
25239,10329490892,10329490925,1,"IOTHUB_CLIENT_CONFIRMATION_OK"
25240,10329491092,10329491249,1,"IOTHUB_CLIENT_CONFIRMATION_OK"
25241,10329491292,10329491456,1,"IOTHUB_CLIENT_CONFIRMATION_OK"
25242,10329491493,10329491534,1,"IOTHUB_CLIENT_CONFIRMATION_OK"
25243,10329491693,10329491726,1,"IOTHUB_CLIENT_CONFIRMATION_OK"
25244,10329491893,10329491926,1,"IOTHUB_CLIENT_CONFIRMATION_OK"
25245,10329492093,10329492287,1,"IOTHUB_CLIENT_CONFIRMATION_OK"
25246,10329492293,10329492326,1,"IOTHUB_CLIENT_CONFIRMATION_OK"
25247,10329492493,10329492621,1,"IOTHUB_CLIENT_CONFIRMATION_OK"
25248,10329492694,10329492743,1,"IOTHUB_CLIENT_CONFIRMATION_OK"
25249,10329492894,10329492926,1,"IOTHUB_CLIENT_CONFIRMATION_OK"
25250,10329493094,10329493128,1,"IOTHUB_CLIENT_CONFIRMATION_OK"
25251,10329493294,10329493334,1,"IOTHUB_CLIENT_CONFIRMATION_OK"
25252,10329493495,10329493531,1,"IOTHUB_CLIENT_CONFIRMATION_OK"
25253,10329493695,10329493730,1,"IOTHUB_CLIENT_CONFIRMATION_OK"
25254,10329493895,10329493947,1,"IOTHUB_CLIENT_CONFIRMATION_OK"
25255,10329494095,10329494137,1,"IOTHUB_CLIENT_CONFIRMATION_OK"
25256,10329494295,10329494337,1,"IOTHUB_CLIENT_CONFIRMATION_OK"
25257,10329494495,10329494528,1,"IOTHUB_CLIENT_CONFIRMATION_OK"
25258,10329494696,10329494732,1,"IOTHUB_CLIENT_CONFIRMATION_OK"
25259,10329494896,10329494937,1,"IOTHUB_CLIENT_CONFIRMATION_OK"
25260,10329495096,10329495127,1,"IOTHUB_CLIENT_CONFIRMATION_OK"
25261,10329495296,10329495343,1,"IOTHUB_CLIENT_CONFIRMATION_OK"
25262,10329495496,10329495529,1,"IOTHUB_CLIENT_CONFIRMATION_OK"
25263,10329495696,10329495730,1,"IOTHUB_CLIENT_CONFIRMATION_OK"
25264,10329495897,10329495958,1,"IOTHUB_CLIENT_CONFIRMATION_OK"
25265,10329496097,10329496125,1,"IOTHUB_CLIENT_CONFIRMATION_OK"
25266,10329496297,10329496348,1,"IOTHUB_CLIENT_CONFIRMATION_OK"
25267,10329496497,10329496541,1,"IOTHUB_CLIENT_CONFIRMATION_OK"
25268,10329496697,10329496730,1,"IOTHUB_CLIENT_CONFIRMATION_OK"
25269,10329496897,10329496964,1,"IOTHUB_CLIENT_CONFIRMATION_OK"
25270,10329497098,10329497128,1,"IOTHUB_CLIENT_CONFIRMATION_OK"
25271,10329497298,10329497333,1,"IOTHUB_CLIENT_CONFIRMATION_OK"
25272,10329497498,10329497779,1,"IOTHUB_CLIENT_CONFIRMATION_OK"
25273,10329497698,10329497818,1,"IOTHUB_CLIENT_CONFIRMATION_OK"
25274,10329497898,10329497978,1,"IOTHUB_CLIENT_CONFIRMATION_OK"
25275,10329498098,10329498288,1,"IOTHUB_CLIENT_CONFIRMATION_OK"
25276,10329498298,10329498345,1,"IOTHUB_CLIENT_CONFIRMATION_OK"
25277,10329498499,10329498625,1,"IOTHUB_CLIENT_CONFIRMATION_OK"
25278,10329498699,10329498731,1,"IOTHUB_CLIENT_CONFIRMATION_OK"
25279,10329498899,10329499073,1,"IOTHUB_CLIENT_CONFIRMATION_OK"
25280,10329499099,10329499152,1,"IOTHUB_CLIENT_CONFIRMATION_OK"
25281,10329499299,10329499332,1,"IOTHUB_CLIENT_CONFIRMATION_OK"
25282,10329499500,10329499536,1,"IOTHUB_CLIENT_CONFIRMATION_OK"
25283,10329499700,10329499731,1,"IOTHUB_CLIENT_CONFIRMATION_OK"
25284,10329499900,10329499947,1,"IOTHUB_CLIENT_CONFIRMATION_OK"
25285,10329500100,10329500132,1,"IOTHUB_CLIENT_CONFIRMATION_OK"
25286,10329500300,10329500369,1,"IOTHUB_CLIENT_CONFIRMATION_OK"
25287,10329500501,10329500537,1,"IOTHUB_CLIENT_CONFIRMATION_OK"
25288,10329500701,10329500733,1,"IOTHUB_CLIENT_CONFIRMATION_OK"
25289,10329500901,10329500934,1,"IOTHUB_CLIENT_CONFIRMATION_OK"
25290,10329501101,10329501143,1,"IOTHUB_CLIENT_CONFIRMATION_OK"
25291,10329501301,10329501332,1,"IOTHUB_CLIENT_CONFIRMATION_OK"
25292,10329501501,10329501537,1,"IOTHUB_CLIENT_CONFIRMATION_OK"
25293,10329501701,10329501759,1,"IOTHUB_CLIENT_CONFIRMATION_OK"
25294,10329501902,10329501935,1,"IOTHUB_CLIENT_CONFIRMATION_OK"
25295,10329502102,10329502143,1,"IOTHUB_CLIENT_CONFIRMATION_OK"
25296,10329502302,10329502353,1,"IOTHUB_CLIENT_CONFIRMATION_OK"
25297,10329502502,10329502546,1,"IOTHUB_CLIENT_CONFIRMATION_OK"
25298,10329502702,10329502765,1,"IOTHUB_CLIENT_CONFIRMATION_OK"
25299,10329502902,10329502980,1,"IOTHUB_CLIENT_CONFIRMATION_OK"
25300,10329503103,10329503137,1,"IOTHUB_CLIENT_CONFIRMATION_OK"
25301,10329503303,10329503378,1,"IOTHUB_CLIENT_CONFIRMATION_OK"
25302,10329503503,10329503539,1,"IOTHUB_CLIENT_CONFIRMATION_OK"
25303,10329503703,10329503790,1,"IOTHUB_CLIENT_CONFIRMATION_OK"
25304,10329503903,10329503936,1,"IOTHUB_CLIENT_CONFIRMATION_OK"
25305,10329504103,10329504173,1,"IOTHUB_CLIENT_CONFIRMATION_OK"
25306,10329504304,10329504389,1,"IOTHUB_CLIENT_CONFIRMATION_OK"
25307,10329504504,10329504535,1,"IOTHUB_CLIENT_CONFIRMATION_OK"
25308,10329504704,10329504737,1,"IOTHUB_CLIENT_CONFIRMATION_OK"
25309,10329504904,10329505023,1,"IOTHUB_CLIENT_CONFIRMATION_OK"
25310,10329505104,10329505178,1,"IOTHUB_CLIENT_CONFIRMATION_OK"
25311,10329505305,10329505413,1,"IOTHUB_CLIENT_CONFIRMATION_OK"
25312,10329505505,10329505545,1,"IOTHUB_CLIENT_CONFIRMATION_OK"
25313,10329505705,10329505808,1,"IOTHUB_CLIENT_CONFIRMATION_OK"
25314,10329505905,10329505939,1,"IOTHUB_CLIENT_CONFIRMATION_OK"
25315,10329506105,10329506137,1,"IOTHUB_CLIENT_CONFIRMATION_OK"
25316,10329506305,10329506422,1,"IOTHUB_CLIENT_CONFIRMATION_OK"
25317,10329506505,10329506542,1,"IOTHUB_CLIENT_CONFIRMATION_OK"
25318,10329506706,10329506745,1,"IOTHUB_CLIENT_CONFIRMATION_OK"
25319,10329506906,10329507032,1,"IOTHUB_CLIENT_CONFIRMATION_OK"
25320,10329507106,10329507140,1,"IOTHUB_CLIENT_CONFIRMATION_OK"
25321,10329507306,10329507335,1,"IOTHUB_CLIENT_CONFIRMATION_OK"
25322,10329507506,10329507539,1,"IOTHUB_CLIENT_CONFIRMATION_OK"
25323,10329507706,10329507742,1,"IOTHUB_CLIENT_CONFIRMATION_OK"
25324,10329507906,10329508047,1,"IOTHUB_CLIENT_CONFIRMATION_OK"
25325,10329508107,10329508142,1,"IOTHUB_CLIENT_CONFIRMATION_OK"
25326,10329508307,10329508344,1,"IOTHUB_CLIENT_CONFIRMATION_OK"
25327,10329508507,10329508567,1,"IOTHUB_CLIENT_CONFIRMATION_OK"
25328,10329508707,10329508745,1,"IOTHUB_CLIENT_CONFIRMATION_OK"
25329,10329508907,10329508941,1,"IOTHUB_CLIENT_CONFIRMATION_OK"
25330,10329509107,10329509141,1,"IOTHUB_CLIENT_CONFIRMATION_OK"
25331,10329509307,10329509336,1,"IOTHUB_CLIENT_CONFIRMATION_OK"
25332,10329509508,10329509579,1,"IOTHUB_CLIENT_CONFIRMATION_OK"
25333,10329509708,10329509744,1,"IOTHUB_CLIENT_CONFIRMATION_OK"
25334,10329509908,10329509940,1,"IOTHUB_CLIENT_CONFIRMATION_OK"
25335,10329510108,10329510137,1,"IOTHUB_CLIENT_CONFIRMATION_OK"
25336,10329510308,10329510338,1,"IOTHUB_CLIENT_CONFIRMATION_OK"
25337,10329510509,10329510580,1,"IOTHUB_CLIENT_CONFIRMATION_OK"
25338,10329510709,10329510741,1,"IOTHUB_CLIENT_CONFIRMATION_OK"
25339,10329510909,10329510937,1,"IOTHUB_CLIENT_CONFIRMATION_OK"
25340,10329511109,10329511143,1,"IOTHUB_CLIENT_CONFIRMATION_OK"
25341,10329511309,10329511346,1,"IOTHUB_CLIENT_CONFIRMATION_OK"
25342,10329511509,10329511542,1,"IOTHUB_CLIENT_CONFIRMATION_OK"
25343,10329511710,10329511748,1,"IOTHUB_CLIENT_CONFIRMATION_OK"
25344,10329511910,10329512046,1,"IOTHUB_CLIENT_CONFIRMATION_OK"
25345,10329512110,10329512213,1,"IOTHUB_CLIENT_CONFIRMATION_OK"
25346,10329512310,10329512347,1,"IOTHUB_CLIENT_CONFIRMATION_OK"
25347,10329512510,10329512539,1,"IOTHUB_CLIENT_CONFIRMATION_OK"
25348,10329512710,10329512829,1,"IOTHUB_CLIENT_CONFIRMATION_OK"
25349,10329512911,10329512941,1,"IOTHUB_CLIENT_CONFIRMATION_OK"
25350,10329513111,10329513142,1,"IOTHUB_CLIENT_CONFIRMATION_OK"
25351,10329513311,10329513343,1,"IOTHUB_CLIENT_CONFIRMATION_OK"
25352,10329513511,10329513540,1,"IOTHUB_CLIENT_CONFIRMATION_OK"
25353,10329513711,10329513853,1,"IOTHUB_CLIENT_CONFIRMATION_OK"
25354,10329513911,10329513944,1,"IOTHUB_CLIENT_CONFIRMATION_OK"
25355,10329514111,10329514144,1,"IOTHUB_CLIENT_CONFIRMATION_OK"
25356,10329514312,10329514346,1,"IOTHUB_CLIENT_CONFIRMATION_OK"
25357,10329514512,10329514542,1,"IOTHUB_CLIENT_CONFIRMATION_OK"
25358,10329514712,10329514742,1,"IOTHUB_CLIENT_CONFIRMATION_OK"
25359,10329514912,10329514971,1,"IOTHUB_CLIENT_CONFIRMATION_OK"
25360,10329515112,10329515143,1,"IOTHUB_CLIENT_CONFIRMATION_OK"
25361,10329515313,10329515499,1,"IOTHUB_CLIENT_CONFIRMATION_OK"
25362,10329515513,10329515547,1,"IOTHUB_CLIENT_CONFIRMATION_OK"
25363,10329515713,10329515747,1,"IOTHUB_CLIENT_CONFIRMATION_OK"
25364,10329515913,10329515965,1,"IOTHUB_CLIENT_CONFIRMATION_OK"
25365,10329516113,10329516142,1,"IOTHUB_CLIENT_CONFIRMATION_OK"
25366,10329516313,10329516494,1,"IOTHUB_CLIENT_CONFIRMATION_OK"
25367,10329516514,10329516548,1,"IOTHUB_CLIENT_CONFIRMATION_OK"
25368,10329516714,10329516765,1,"IOTHUB_CLIENT_CONFIRMATION_OK"
25369,10329516914,10329516950,1,"IOTHUB_CLIENT_CONFIRMATION_OK"
25370,10329517114,10329517148,1,"IOTHUB_CLIENT_CONFIRMATION_OK"
25371,10329517314,10329517350,1,"IOTHUB_CLIENT_CONFIRMATION_OK"
25372,10329517514,10329517542,1,"IOTHUB_CLIENT_CONFIRMATION_OK"
25373,10329517715,10329517747,1,"IOTHUB_CLIENT_CONFIRMATION_OK"
25374,10329517915,10329518174,1,"IOTHUB_CLIENT_CONFIRMATION_OK"
25375,10329518115,10329518193,1,"IOTHUB_CLIENT_CONFIRMATION_OK"
25376,10329518315,10329518350,1,"IOTHUB_CLIENT_CONFIRMATION_OK"
25377,10329518515,10329518574,1,"IOTHUB_CLIENT_CONFIRMATION_OK"
25378,10329518715,10329518748,1,"IOTHUB_CLIENT_CONFIRMATION_OK"
25379,10329518915,10329518954,1,"IOTHUB_CLIENT_CONFIRMATION_OK"
25380,10329519116,10329519190,1,"IOTHUB_CLIENT_CONFIRMATION_OK"
25381,10329519316,10329519350,1,"IOTHUB_CLIENT_CONFIRMATION_OK"
25382,10329519516,10329519589,1,"IOTHUB_CLIENT_CONFIRMATION_OK"
25383,10329519716,10329519744,1,"IOTHUB_CLIENT_CONFIRMATION_OK"
25384,10329519916,10329519967,1,"IOTHUB_CLIENT_CONFIRMATION_OK"
25385,10329520117,10329520203,1,"IOTHUB_CLIENT_CONFIRMATION_OK"
25386,10329520317,10329520350,1,"IOTHUB_CLIENT_CONFIRMATION_OK"
25387,10329520517,10329520551,1,"IOTHUB_CLIENT_CONFIRMATION_OK"
25388,10329520717,10329520754,1,"IOTHUB_CLIENT_CONFIRMATION_OK"
25389,10329520917,10329520954,1,"IOTHUB_CLIENT_CONFIRMATION_OK"
25390,10329521117,10329521227,1,"IOTHUB_CLIENT_CONFIRMATION_OK"
25391,10329521318,10329521354,1,"IOTHUB_CLIENT_CONFIRMATION_OK"
25392,10329521518,10329521547,1,"IOTHUB_CLIENT_CONFIRMATION_OK"
25393,10329521718,10329521754,1,"IOTHUB_CLIENT_CONFIRMATION_OK"
25394,10329521918,10329521975,1,"IOTHUB_CLIENT_CONFIRMATION_OK"
25395,10329522118,10329522225,1,"IOTHUB_CLIENT_CONFIRMATION_OK"
25396,10329522318,10329522351,1,"IOTHUB_CLIENT_CONFIRMATION_OK"
25397,10329522519,10329522553,1,"IOTHUB_CLIENT_CONFIRMATION_OK"
25398,10329522719,10329522849,1,"IOTHUB_CLIENT_CONFIRMATION_OK"
25399,10329522919,10329522948,1,"IOTHUB_CLIENT_CONFIRMATION_OK"
25400,10329523119,10329523151,1,"IOTHUB_CLIENT_CONFIRMATION_OK"
25401,10329523319,10329523348,1,"IOTHUB_CLIENT_CONFIRMATION_OK"
25402,10329523519,10329523586,1,"IOTHUB_CLIENT_CONFIRMATION_OK"
25403,10329523720,10329523894,1,"IOTHUB_CLIENT_CONFIRMATION_OK"
25404,10329523920,10329523970,1,"IOTHUB_CLIENT_CONFIRMATION_OK"
25405,10329524120,10329524161,1,"IOTHUB_CLIENT_CONFIRMATION_OK"
25406,10329524320,10329524356,1,"IOTHUB_CLIENT_CONFIRMATION_OK"
25407,10329524520,10329524563,1,"IOTHUB_CLIENT_CONFIRMATION_OK"
25408,10329524720,10329524761,1,"IOTHUB_CLIENT_CONFIRMATION_OK"
25409,10329524921,10329524955,1,"IOTHUB_CLIENT_CONFIRMATION_OK"
25410,10329525121,10329525158,1,"IOTHUB_CLIENT_CONFIRMATION_OK"
25411,10329525321,10329525356,1,"IOTHUB_CLIENT_CONFIRMATION_OK"
25412,10329525521,10329525556,1,"IOTHUB_CLIENT_CONFIRMATION_OK"
25413,10329525721,10329525757,1,"IOTHUB_CLIENT_CONFIRMATION_OK"
25414,10329525922,10329525957,1,"IOTHUB_CLIENT_CONFIRMATION_OK"
25415,10329526122,10329526156,1,"IOTHUB_CLIENT_CONFIRMATION_OK"
25416,10329526322,10329526522,1,"IOTHUB_CLIENT_CONFIRMATION_OK"
25417,10329526522,10329526562,1,"IOTHUB_CLIENT_CONFIRMATION_OK"
25418,10329526722,10329526763,1,"IOTHUB_CLIENT_CONFIRMATION_OK"
25419,10329526922,10329526953,1,"IOTHUB_CLIENT_CONFIRMATION_OK"
25420,10329527123,10329527162,1,"IOTHUB_CLIENT_CONFIRMATION_OK"
25421,10329527323,10329527353,1,"IOTHUB_CLIENT_CONFIRMATION_OK"
25422,10329527523,10329527560,1,"IOTHUB_CLIENT_CONFIRMATION_OK"
25423,10329527723,10329527761,1,"IOTHUB_CLIENT_CONFIRMATION_OK"
25424,10329527923,10329527960,1,"IOTHUB_CLIENT_CONFIRMATION_OK"
25425,10329528123,10329528158,1,"IOTHUB_CLIENT_CONFIRMATION_OK"
25426,10329528324,10329528385,1,"IOTHUB_CLIENT_CONFIRMATION_OK"
25427,10329528524,10329528567,1,"IOTHUB_CLIENT_CONFIRMATION_OK"
25428,10329528724,10329528759,1,"IOTHUB_CLIENT_CONFIRMATION_OK"
25429,10329528924,10329528959,1,"IOTHUB_CLIENT_CONFIRMATION_OK"
25430,10329529124,10329529217,1,"IOTHUB_CLIENT_CONFIRMATION_OK"
25431,10329529325,10329529356,1,"IOTHUB_CLIENT_CONFIRMATION_OK"
25432,10329529525,10329529581,1,"IOTHUB_CLIENT_CONFIRMATION_OK"
25433,10329529725,10329529755,1,"IOTHUB_CLIENT_CONFIRMATION_OK"
25434,10329529925,10329529960,1,"IOTHUB_CLIENT_CONFIRMATION_OK"
25435,10329530125,10329530198,1,"IOTHUB_CLIENT_CONFIRMATION_OK"
25436,10329530325,10329530360,1,"IOTHUB_CLIENT_CONFIRMATION_OK"
25437,10329530526,10329530566,1,"IOTHUB_CLIENT_CONFIRMATION_OK"
25438,10329530726,10329530759,1,"IOTHUB_CLIENT_CONFIRMATION_OK"
25439,10329530926,10329530960,1,"IOTHUB_CLIENT_CONFIRMATION_OK"
25440,10329531126,10329531229,1,"IOTHUB_CLIENT_CONFIRMATION_OK"
25441,10329531326,10329531356,1,"IOTHUB_CLIENT_CONFIRMATION_OK"
25442,10329531526,10329531559,1,"IOTHUB_CLIENT_CONFIRMATION_OK"
25443,10329531727,10329531764,1,"IOTHUB_CLIENT_CONFIRMATION_OK"
25444,10329531927,10329531961,1,"IOTHUB_CLIENT_CONFIRMATION_OK"
25445,10329532127,10329532243,1,"IOTHUB_CLIENT_CONFIRMATION_OK"
25446,10329532327,10329532362,1,"IOTHUB_CLIENT_CONFIRMATION_OK"
25447,10329532527,10329532559,1,"IOTHUB_CLIENT_CONFIRMATION_OK"
25448,10329532727,10329532843,1,"IOTHUB_CLIENT_CONFIRMATION_OK"
25449,10329532928,10329532960,1,"IOTHUB_CLIENT_CONFIRMATION_OK"
25450,10329533128,10329533160,1,"IOTHUB_CLIENT_CONFIRMATION_OK"
25451,10329533328,10329533362,1,"IOTHUB_CLIENT_CONFIRMATION_OK"
25452,10329533528,10329533589,1,"IOTHUB_CLIENT_CONFIRMATION_OK"
25453,10329533728,10329533864,1,"IOTHUB_CLIENT_CONFIRMATION_OK"
25454,10329533928,10329533959,1,"IOTHUB_CLIENT_CONFIRMATION_OK"
25455,10329534128,10329534163,1,"IOTHUB_CLIENT_CONFIRMATION_OK"
25456,10329534329,10329534377,1,"IOTHUB_CLIENT_CONFIRMATION_OK"
25457,10329534529,10329534561,1,"IOTHUB_CLIENT_CONFIRMATION_OK"
25458,10329534729,10329534759,1,"IOTHUB_CLIENT_CONFIRMATION_OK"
25459,10329534929,10329535031,1,"IOTHUB_CLIENT_CONFIRMATION_OK"
25460,10329535129,10329535168,1,"IOTHUB_CLIENT_CONFIRMATION_OK"
25461,10329535329,10329535486,1,"IOTHUB_CLIENT_CONFIRMATION_OK"
25462,10329535530,10329535562,1,"IOTHUB_CLIENT_CONFIRMATION_OK"
25463,10329535730,10329535759,1,"IOTHUB_CLIENT_CONFIRMATION_OK"
25464,10329535930,10329535962,1,"IOTHUB_CLIENT_CONFIRMATION_OK"
25465,10329536130,10329536163,1,"IOTHUB_CLIENT_CONFIRMATION_OK"
25466,10329536330,10329536391,1,"IOTHUB_CLIENT_CONFIRMATION_OK"
25467,10329536531,10329536565,1,"IOTHUB_CLIENT_CONFIRMATION_OK"
25468,10329536731,10329536762,1,"IOTHUB_CLIENT_CONFIRMATION_OK"
25469,10329536931,10329536959,1,"IOTHUB_CLIENT_CONFIRMATION_OK"
25470,10329537131,10329537166,1,"IOTHUB_CLIENT_CONFIRMATION_OK"
25471,10329537331,10329537360,1,"IOTHUB_CLIENT_CONFIRMATION_OK"
25472,10329537531,10329537567,1,"IOTHUB_CLIENT_CONFIRMATION_OK"
25473,10329537732,10329537820,1,"IOTHUB_CLIENT_CONFIRMATION_OK"
25474,10329537932,10329538014,1,"IOTHUB_CLIENT_CONFIRMATION_OK"
25475,10329538132,10329538244,1,"IOTHUB_CLIENT_CONFIRMATION_OK"
25476,10329538332,10329538374,1,"IOTHUB_CLIENT_CONFIRMATION_OK"
25477,10329538532,10329538631,1,"IOTHUB_CLIENT_CONFIRMATION_OK"
25478,10329538732,10329538768,1,"IOTHUB_CLIENT_CONFIRMATION_OK"
25479,10329538932,10329538983,1,"IOTHUB_CLIENT_CONFIRMATION_OK"
25480,10329539133,10329539167,1,"IOTHUB_CLIENT_CONFIRMATION_OK"
25481,10329539333,10329539367,1,"IOTHUB_CLIENT_CONFIRMATION_OK"
25482,10329539533,10329539643,1,"IOTHUB_CLIENT_CONFIRMATION_OK"
25483,10329539733,10329539767,1,"IOTHUB_CLIENT_CONFIRMATION_OK"
25484,10329539933,10329539966,1,"IOTHUB_CLIENT_CONFIRMATION_OK"
25485,10329540133,10329540168,1,"IOTHUB_CLIENT_CONFIRMATION_OK"
25486,10329540334,10329540370,1,"IOTHUB_CLIENT_CONFIRMATION_OK"
25487,10329540534,10329540565,1,"IOTHUB_CLIENT_CONFIRMATION_OK"
25488,10329540734,10329540769,1,"IOTHUB_CLIENT_CONFIRMATION_OK"
25489,10329540934,10329540980,1,"IOTHUB_CLIENT_CONFIRMATION_OK"
25490,10329541134,10329541264,1,"IOTHUB_CLIENT_CONFIRMATION_OK"
25491,10329541334,10329541368,1,"IOTHUB_CLIENT_CONFIRMATION_OK"
25492,10329541535,10329541570,1,"IOTHUB_CLIENT_CONFIRMATION_OK"
25493,10329541735,10329541767,1,"IOTHUB_CLIENT_CONFIRMATION_OK"
25494,10329541935,10329541966,1,"IOTHUB_CLIENT_CONFIRMATION_OK"
25495,10329542135,10329542315,1,"IOTHUB_CLIENT_CONFIRMATION_OK"
25496,10329542335,10329542369,1,"IOTHUB_CLIENT_CONFIRMATION_OK"
25497,10329542535,10329542571,1,"IOTHUB_CLIENT_CONFIRMATION_OK"
25498,10329542736,10329542779,1,"IOTHUB_CLIENT_CONFIRMATION_OK"
25499,10329542936,10329542973,1,"IOTHUB_CLIENT_CONFIRMATION_OK"
25500,10329543136,10329543169,1,"IOTHUB_CLIENT_CONFIRMATION_OK"
25501,10329543336,10329543369,1,"IOTHUB_CLIENT_CONFIRMATION_OK"
25502,10329543536,10329543567,1,"IOTHUB_CLIENT_CONFIRMATION_OK"
25503,10329543737,10329543769,1,"IOTHUB_CLIENT_CONFIRMATION_OK"
25504,10329543937,10329543971,1,"IOTHUB_CLIENT_CONFIRMATION_OK"
25505,10329544137,10329544181,1,"IOTHUB_CLIENT_CONFIRMATION_OK"
25506,10329544337,10329544366,1,"IOTHUB_CLIENT_CONFIRMATION_OK"
25507,10329544537,10329544571,1,"IOTHUB_CLIENT_CONFIRMATION_OK"
25508,10329544737,10329544825,1,"IOTHUB_CLIENT_CONFIRMATION_OK"
25509,10329544938,10329545042,1,"IOTHUB_CLIENT_CONFIRMATION_OK"
25510,10329545138,10329545255,1,"IOTHUB_CLIENT_CONFIRMATION_OK"
25511,10329545338,10329545366,1,"IOTHUB_CLIENT_CONFIRMATION_OK"
25512,10329545538,10329545570,1,"IOTHUB_CLIENT_CONFIRMATION_OK"
25513,10329545738,10329545788,1,"IOTHUB_CLIENT_CONFIRMATION_OK"
25514,10329545938,10329545991,1,"IOTHUB_CLIENT_CONFIRMATION_OK"
25515,10329546139,10329546204,1,"IOTHUB_CLIENT_CONFIRMATION_OK"
25516,10329546339,10329546371,1,"IOTHUB_CLIENT_CONFIRMATION_OK"
25517,10329546539,10329546580,1,"IOTHUB_CLIENT_CONFIRMATION_OK"
25518,10329546739,10329546775,1,"IOTHUB_CLIENT_CONFIRMATION_OK"
25519,10329546939,10329546988,1,"IOTHUB_CLIENT_CONFIRMATION_OK"
25520,10329547140,10329547184,1,"IOTHUB_CLIENT_CONFIRMATION_OK"
25521,10329547340,10329547374,1,"IOTHUB_CLIENT_CONFIRMATION_OK"
25522,10329547540,10329547596,1,"IOTHUB_CLIENT_CONFIRMATION_OK"
25523,10329547740,10329547773,1,"IOTHUB_CLIENT_CONFIRMATION_OK"
25524,10329547941,10329548006,1,"IOTHUB_CLIENT_CONFIRMATION_OK"
25525,10329548141,10329548174,1,"IOTHUB_CLIENT_CONFIRMATION_OK"
25526,10329548341,10329548374,1,"IOTHUB_CLIENT_CONFIRMATION_OK"
25527,10329548541,10329548615,1,"IOTHUB_CLIENT_CONFIRMATION_OK"
25528,10329548741,10329548777,1,"IOTHUB_CLIENT_CONFIRMATION_OK"
25529,10329548941,10329548979,1,"IOTHUB_CLIENT_CONFIRMATION_OK"
25530,10329549141,10329549176,1,"IOTHUB_CLIENT_CONFIRMATION_OK"
25531,10329549342,10329549375,1,"IOTHUB_CLIENT_CONFIRMATION_OK"
25532,10329549542,10329549649,1,"IOTHUB_CLIENT_CONFIRMATION_OK"
25533,10329549742,10329549775,1,"IOTHUB_CLIENT_CONFIRMATION_OK"
25534,10329549942,10329549976,1,"IOTHUB_CLIENT_CONFIRMATION_OK"
25535,10329550142,10329550170,1,"IOTHUB_CLIENT_CONFIRMATION_OK"
25536,10329550343,10329550375,1,"IOTHUB_CLIENT_CONFIRMATION_OK"
25537,10329550543,10329550605,1,"IOTHUB_CLIENT_CONFIRMATION_OK"
25538,10329550743,10329550774,1,"IOTHUB_CLIENT_CONFIRMATION_OK"
25539,10329550943,10329550977,1,"IOTHUB_CLIENT_CONFIRMATION_OK"
25540,10329551143,10329551270,1,"IOTHUB_CLIENT_CONFIRMATION_OK"
25541,10329551344,10329551375,1,"IOTHUB_CLIENT_CONFIRMATION_OK"
25542,10329551544,10329551587,1,"IOTHUB_CLIENT_CONFIRMATION_OK"
25543,10329551744,10329551788,1,"IOTHUB_CLIENT_CONFIRMATION_OK"
25544,10329551944,10329551974,1,"IOTHUB_CLIENT_CONFIRMATION_OK"
25545,10329552144,10329552271,1,"IOTHUB_CLIENT_CONFIRMATION_OK"
25546,10329552344,10329552373,1,"IOTHUB_CLIENT_CONFIRMATION_OK"
25547,10329552545,10329552579,1,"IOTHUB_CLIENT_CONFIRMATION_OK"
25548,10329552745,10329552773,1,"IOTHUB_CLIENT_CONFIRMATION_OK"
25549,10329552945,10329552987,1,"IOTHUB_CLIENT_CONFIRMATION_OK"
25550,10329553145,10329553181,1,"IOTHUB_CLIENT_CONFIRMATION_OK"
25551,10329553345,10329553381,1,"IOTHUB_CLIENT_CONFIRMATION_OK"
25552,10329553545,10329553599,1,"IOTHUB_CLIENT_CONFIRMATION_OK"
25553,10329553745,10329553912,1,"IOTHUB_CLIENT_CONFIRMATION_OK"
25554,10329553946,10329553981,1,"IOTHUB_CLIENT_CONFIRMATION_OK"
25555,10329554146,10329554178,1,"IOTHUB_CLIENT_CONFIRMATION_OK"
25556,10329554346,10329554382,1,"IOTHUB_CLIENT_CONFIRMATION_OK"
25557,10329554546,10329554672,1,"IOTHUB_CLIENT_CONFIRMATION_OK"
25558,10329554746,10329554780,1,"IOTHUB_CLIENT_CONFIRMATION_OK"
25559,10329554946,10329554988,1,"IOTHUB_CLIENT_CONFIRMATION_OK"
25560,10329555147,10329555178,1,"IOTHUB_CLIENT_CONFIRMATION_OK"
25561,10329555347,10329555390,1,"IOTHUB_CLIENT_CONFIRMATION_OK"
25562,10329555547,10329555578,1,"IOTHUB_CLIENT_CONFIRMATION_OK"
25563,10329555747,10329555783,1,"IOTHUB_CLIENT_CONFIRMATION_OK"
25564,10329555947,10329555996,1,"IOTHUB_CLIENT_CONFIRMATION_OK"
25565,10329556147,10329556179,1,"IOTHUB_CLIENT_CONFIRMATION_OK"
25566,10329556347,10329556567,1,"IOTHUB_CLIENT_CONFIRMATION_OK"
25567,10329556548,10329556577,1,"IOTHUB_CLIENT_CONFIRMATION_OK"
25568,10329556748,10329556784,1,"IOTHUB_CLIENT_CONFIRMATION_OK"
25569,10329556948,10329556982,1,"IOTHUB_CLIENT_CONFIRMATION_OK"
25570,10329557148,10329557181,1,"IOTHUB_CLIENT_CONFIRMATION_OK"
25571,10329557348,10329557392,1,"IOTHUB_CLIENT_CONFIRMATION_OK"
25572,10329557548,10329557741,1,"IOTHUB_CLIENT_CONFIRMATION_OK"
25573,10329557748,10329557885,1,"IOTHUB_CLIENT_CONFIRMATION_OK"
25574,10329557949,10329558139,1,"IOTHUB_CLIENT_CONFIRMATION_OK"
25575,10329558149,10329558182,1,"IOTHUB_CLIENT_CONFIRMATION_OK"
25576,10329558349,10329558382,1,"IOTHUB_CLIENT_CONFIRMATION_OK"
25577,10329558549,10329558581,1,"IOTHUB_CLIENT_CONFIRMATION_OK"
25578,10329558749,10329558783,1,"IOTHUB_CLIENT_CONFIRMATION_OK"
25579,10329558949,10329558980,1,"IOTHUB_CLIENT_CONFIRMATION_OK"
25580,10329559150,10329559185,1,"IOTHUB_CLIENT_CONFIRMATION_OK"
25581,10329559350,10329559385,1,"IOTHUB_CLIENT_CONFIRMATION_OK"
25582,10329559550,10329559590,1,"IOTHUB_CLIENT_CONFIRMATION_OK"
25583,10329559750,10329559786,1,"IOTHUB_CLIENT_CONFIRMATION_OK"
25584,10329559950,10329559986,1,"IOTHUB_CLIENT_CONFIRMATION_OK"
25585,10329560151,10329560193,1,"IOTHUB_CLIENT_CONFIRMATION_OK"
25586,10329560351,10329560382,1,"IOTHUB_CLIENT_CONFIRMATION_OK"
25587,10329560551,10329560608,1,"IOTHUB_CLIENT_CONFIRMATION_OK"
25588,10329560751,10329560780,1,"IOTHUB_CLIENT_CONFIRMATION_OK"
25589,10329560951,10329560993,1,"IOTHUB_CLIENT_CONFIRMATION_OK"
25590,10329561152,10329561235,1,"IOTHUB_CLIENT_CONFIRMATION_OK"
25591,10329561352,10329561385,1,"IOTHUB_CLIENT_CONFIRMATION_OK"
25592,10329561552,10329561591,1,"IOTHUB_CLIENT_CONFIRMATION_OK"
25593,10329561752,10329561823,1,"IOTHUB_CLIENT_CONFIRMATION_OK"
25594,10329561952,10329561983,1,"IOTHUB_CLIENT_CONFIRMATION_OK"
25595,10329562153,10329562220,1,"IOTHUB_CLIENT_CONFIRMATION_OK"
25596,10329562353,10329562386,1,"IOTHUB_CLIENT_CONFIRMATION_OK"
25597,10329562553,10329562586,1,"IOTHUB_CLIENT_CONFIRMATION_OK"
25598,10329562753,10329562859,1,"IOTHUB_CLIENT_CONFIRMATION_OK"
25599,10329562953,10329563026,1,"IOTHUB_CLIENT_CONFIRMATION_OK"
25600,10329563153,10329563183,1,"IOTHUB_CLIENT_CONFIRMATION_OK"
25601,10329563354,10329563422,1,"IOTHUB_CLIENT_CONFIRMATION_OK"
25602,10329563554,10329563585,1,"IOTHUB_CLIENT_CONFIRMATION_OK"
25603,10329563754,10329563852,1,"IOTHUB_CLIENT_CONFIRMATION_OK"
25604,10329563954,10329563990,1,"IOTHUB_CLIENT_CONFIRMATION_OK"
25605,10329564154,10329564187,1,"IOTHUB_CLIENT_CONFIRMATION_OK"
25606,10329564354,10329564460,1,"IOTHUB_CLIENT_CONFIRMATION_OK"
25607,10329564555,10329564620,1,"IOTHUB_CLIENT_CONFIRMATION_OK"
25608,10329564755,10329564812,1,"IOTHUB_CLIENT_CONFIRMATION_OK"
25609,10329564955,10329564997,1,"IOTHUB_CLIENT_CONFIRMATION_OK"
25610,10329565155,10329565191,1,"IOTHUB_CLIENT_CONFIRMATION_OK"
25611,10329565355,10329565487,1,"IOTHUB_CLIENT_CONFIRMATION_OK"
25612,10329565555,10329565634,1,"IOTHUB_CLIENT_CONFIRMATION_OK"
25613,10329565756,10329565866,1,"IOTHUB_CLIENT_CONFIRMATION_OK"
25614,10329565956,10329565988,1,"IOTHUB_CLIENT_CONFIRMATION_OK"
25615,10329566156,10329566184,1,"IOTHUB_CLIENT_CONFIRMATION_OK"
25616,10329566356,10329566390,1,"IOTHUB_CLIENT_CONFIRMATION_OK"
25617,10329566556,10329566665,1,"IOTHUB_CLIENT_CONFIRMATION_OK"
25618,10329566756,10329566788,1,"IOTHUB_CLIENT_CONFIRMATION_OK"
25619,10329566957,10329567183,1,"IOTHUB_CLIENT_CONFIRMATION_OK"
25620,10329567157,10329567234,1,"IOTHUB_CLIENT_CONFIRMATION_OK"
25621,10329567357,10329567392,1,"IOTHUB_CLIENT_CONFIRMATION_OK"
25622,10329567557,10329567620,1,"IOTHUB_CLIENT_CONFIRMATION_OK"
25623,10329567757,10329567792,1,"IOTHUB_CLIENT_CONFIRMATION_OK"
25624,10329567957,10329568060,1,"IOTHUB_CLIENT_CONFIRMATION_OK"
25625,10329568158,10329568192,1,"IOTHUB_CLIENT_CONFIRMATION_OK"
25626,10329568358,10329568394,1,"IOTHUB_CLIENT_CONFIRMATION_OK"
25627,10329568558,10329568628,1,"IOTHUB_CLIENT_CONFIRMATION_OK"
25628,10329568758,10329568792,1,"IOTHUB_CLIENT_CONFIRMATION_OK"
25629,10329568959,10329569022,1,"IOTHUB_CLIENT_CONFIRMATION_OK"
25630,10329569159,10329569195,1,"IOTHUB_CLIENT_CONFIRMATION_OK"
25631,10329569359,10329569390,1,"IOTHUB_CLIENT_CONFIRMATION_OK"
25632,10329569559,10329569657,1,"IOTHUB_CLIENT_CONFIRMATION_OK"
25633,10329569760,10329569804,1,"IOTHUB_CLIENT_CONFIRMATION_OK"
25634,10329569960,10329570077,1,"IOTHUB_CLIENT_CONFIRMATION_OK"
25635,10329570160,10329570337,1,"IOTHUB_CLIENT_CONFIRMATION_OK"
25636,10329570360,10329570407,1,"IOTHUB_CLIENT_CONFIRMATION_OK"
25637,10329570560,10329570616,1,"IOTHUB_CLIENT_CONFIRMATION_OK"
25638,10329570761,10329570790,1,"IOTHUB_CLIENT_CONFIRMATION_OK"
25639,10329570961,10329571030,1,"IOTHUB_CLIENT_CONFIRMATION_OK"
25640,10329571161,10329571281,1,"IOTHUB_CLIENT_CONFIRMATION_OK"
25641,10329571361,10329571410,1,"IOTHUB_CLIENT_CONFIRMATION_OK"
25642,10329571561,10329571594,1,"IOTHUB_CLIENT_CONFIRMATION_OK"
25643,10329571761,10329571794,1,"IOTHUB_CLIENT_CONFIRMATION_OK"
25644,10329571961,10329571994,1,"IOTHUB_CLIENT_CONFIRMATION_OK"
25645,10329572162,10329572262,1,"IOTHUB_CLIENT_CONFIRMATION_OK"
25646,10329572362,10329572398,1,"IOTHUB_CLIENT_CONFIRMATION_OK"
25647,10329572562,10329572593,1,"IOTHUB_CLIENT_CONFIRMATION_OK"
25648,10329572762,10329572812,1,"IOTHUB_CLIENT_CONFIRMATION_OK"
25649,10329572962,10329572997,1,"IOTHUB_CLIENT_CONFIRMATION_OK"
25650,10329573162,10329573195,1,"IOTHUB_CLIENT_CONFIRMATION_OK"
25651,10329573363,10329573435,1,"IOTHUB_CLIENT_CONFIRMATION_OK"
25652,10329573563,10329573596,1,"IOTHUB_CLIENT_CONFIRMATION_OK"
25653,10329573763,10329573803,1,"IOTHUB_CLIENT_CONFIRMATION_OK"
25654,10329573963,10329573997,1,"IOTHUB_CLIENT_CONFIRMATION_OK"
25655,10329574163,10329574196,1,"IOTHUB_CLIENT_CONFIRMATION_OK"
25656,10329574363,10329574414,1,"IOTHUB_CLIENT_CONFIRMATION_OK"
25657,10329574563,10329574608,1,"IOTHUB_CLIENT_CONFIRMATION_OK"
25658,10329574764,10329574806,1,"IOTHUB_CLIENT_CONFIRMATION_OK"
25659,10329574964,10329575002,1,"IOTHUB_CLIENT_CONFIRMATION_OK"
25660,10329575164,10329575192,1,"IOTHUB_CLIENT_CONFIRMATION_OK"
25661,10329575364,10329575430,1,"IOTHUB_CLIENT_CONFIRMATION_OK"
25662,10329575565,10329575620,1,"IOTHUB_CLIENT_CONFIRMATION_OK"
25663,10329575765,10329575824,1,"IOTHUB_CLIENT_CONFIRMATION_OK"
25664,10329575965,10329576089,1,"IOTHUB_CLIENT_CONFIRMATION_OK"
25665,10329576165,10329576195,1,"IOTHUB_CLIENT_CONFIRMATION_OK"
25666,10329576365,10329576398,1,"IOTHUB_CLIENT_CONFIRMATION_OK"
25667,10329576566,10329576599,1,"IOTHUB_CLIENT_CONFIRMATION_OK"
25668,10329576766,10329576800,1,"IOTHUB_CLIENT_CONFIRMATION_OK"
25669,10329576966,10329577074,1,"IOTHUB_CLIENT_CONFIRMATION_OK"
25670,10329577166,10329577199,1,"IOTHUB_CLIENT_CONFIRMATION_OK"
25671,10329577366,10329577405,1,"IOTHUB_CLIENT_CONFIRMATION_OK"
25672,10329577566,10329577602,1,"IOTHUB_CLIENT_CONFIRMATION_OK"
25673,10329577767,10329577797,1,"IOTHUB_CLIENT_CONFIRMATION_OK"
25674,10329577967,10329578106,1,"IOTHUB_CLIENT_CONFIRMATION_OK"
25675,10329578167,10329578195,1,"IOTHUB_CLIENT_CONFIRMATION_OK"
25676,10329578367,10329578400,1,"IOTHUB_CLIENT_CONFIRMATION_OK"
25677,10329578567,10329578598,1,"IOTHUB_CLIENT_CONFIRMATION_OK"
25678,10329578767,10329578893,1,"IOTHUB_CLIENT_CONFIRMATION_OK"
25679,10329578968,10329579007,1,"IOTHUB_CLIENT_CONFIRMATION_OK"
25680,10329579168,10329579203,1,"IOTHUB_CLIENT_CONFIRMATION_OK"
25681,10329579368,10329579399,1,"IOTHUB_CLIENT_CONFIRMATION_OK"
25682,10329579568,10329579759,1,"IOTHUB_CLIENT_CONFIRMATION_OK"
25683,10329579768,10329579820,1,"IOTHUB_CLIENT_CONFIRMATION_OK"
25684,10329579968,10329580004,1,"IOTHUB_CLIENT_CONFIRMATION_OK"
25685,10329580168,10329580198,1,"IOTHUB_CLIENT_CONFIRMATION_OK"
25686,10329580369,10329580400,1,"IOTHUB_CLIENT_CONFIRMATION_OK"
25687,10329580569,10329580612,1,"IOTHUB_CLIENT_CONFIRMATION_OK"
25688,10329580769,10329580808,1,"IOTHUB_CLIENT_CONFIRMATION_OK"
25689,10329580969,10329581000,1,"IOTHUB_CLIENT_CONFIRMATION_OK"
25690,10329581169,10329581212,1,"IOTHUB_CLIENT_CONFIRMATION_OK"
25691,10329581369,10329581412,1,"IOTHUB_CLIENT_CONFIRMATION_OK"
25692,10329581570,10329581674,1,"IOTHUB_CLIENT_CONFIRMATION_OK"
25693,10329581770,10329581807,1,"IOTHUB_CLIENT_CONFIRMATION_OK"
25694,10329581970,10329582018,1,"IOTHUB_CLIENT_CONFIRMATION_OK"
25695,10329582170,10329582210,1,"IOTHUB_CLIENT_CONFIRMATION_OK"
25696,10329582370,10329582401,1,"IOTHUB_CLIENT_CONFIRMATION_OK"
25697,10329582570,10329582621,1,"IOTHUB_CLIENT_CONFIRMATION_OK"
25698,10329582771,10329582834,1,"IOTHUB_CLIENT_CONFIRMATION_OK"
25699,10329582971,10329583001,1,"IOTHUB_CLIENT_CONFIRMATION_OK"
25700,10329583171,10329583203,1,"IOTHUB_CLIENT_CONFIRMATION_OK"
25701,10329583371,10329583410,1,"IOTHUB_CLIENT_CONFIRMATION_OK"
25702,10329583572,10329583665,1,"IOTHUB_CLIENT_CONFIRMATION_OK"
25703,10329583772,10329583816,1,"IOTHUB_CLIENT_CONFIRMATION_OK"
25704,10329583972,10329584005,1,"IOTHUB_CLIENT_CONFIRMATION_OK"
25705,10329584172,10329584226,1,"IOTHUB_CLIENT_CONFIRMATION_OK"
25706,10329584372,10329584422,1,"IOTHUB_CLIENT_CONFIRMATION_OK"
25707,10329584572,10329584606,1,"IOTHUB_CLIENT_CONFIRMATION_OK"
25708,10329584773,10329584826,1,"IOTHUB_CLIENT_CONFIRMATION_OK"
25709,10329584973,10329585006,1,"IOTHUB_CLIENT_CONFIRMATION_OK"
25710,10329585173,10329585308,1,"IOTHUB_CLIENT_CONFIRMATION_OK"
25711,10329585373,10329585429,1,"IOTHUB_CLIENT_CONFIRMATION_OK"
25712,10329585573,10329585617,1,"IOTHUB_CLIENT_CONFIRMATION_OK"
25713,10329585773,10329585831,1,"IOTHUB_CLIENT_CONFIRMATION_OK"
25714,10329585974,10329586012,1,"IOTHUB_CLIENT_CONFIRMATION_OK"
25715,10329586174,10329586208,1,"IOTHUB_CLIENT_CONFIRMATION_OK"
25716,10329586374,10329586403,1,"IOTHUB_CLIENT_CONFIRMATION_OK"
25717,10329586574,10329586607,1,"IOTHUB_CLIENT_CONFIRMATION_OK"
25718,10329586774,10329586826,1,"IOTHUB_CLIENT_CONFIRMATION_OK"
25719,10329586975,10329587036,1,"IOTHUB_CLIENT_CONFIRMATION_OK"
25720,10329587175,10329587234,1,"IOTHUB_CLIENT_CONFIRMATION_OK"
25721,10329587375,10329587407,1,"IOTHUB_CLIENT_CONFIRMATION_OK"
25722,10329587575,10329587690,1,"IOTHUB_CLIENT_CONFIRMATION_OK"
25723,10329587775,10329587804,1,"IOTHUB_CLIENT_CONFIRMATION_OK"
25724,10329587975,10329588045,1,"IOTHUB_CLIENT_CONFIRMATION_OK"
25725,10329588175,10329588208,1,"IOTHUB_CLIENT_CONFIRMATION_OK"
25726,10329588376,10329588406,1,"IOTHUB_CLIENT_CONFIRMATION_OK"
25727,10329588576,10329588687,1,"IOTHUB_CLIENT_CONFIRMATION_OK"
25728,10329588776,10329588809,1,"IOTHUB_CLIENT_CONFIRMATION_OK"
25729,10329588976,10329589009,1,"IOTHUB_CLIENT_CONFIRMATION_OK"
25730,10329589176,10329589222,1,"IOTHUB_CLIENT_CONFIRMATION_OK"
25731,10329589376,10329589410,1,"IOTHUB_CLIENT_CONFIRMATION_OK"
25732,10329589577,10329589689,1,"IOTHUB_CLIENT_CONFIRMATION_OK"
25733,10329589777,10329589821,1,"IOTHUB_CLIENT_CONFIRMATION_OK"
25734,10329589977,10329590008,1,"IOTHUB_CLIENT_CONFIRMATION_OK"
25735,10329590177,10329590207,1,"IOTHUB_CLIENT_CONFIRMATION_OK"
25736,10329590377,10329590410,1,"IOTHUB_CLIENT_CONFIRMATION_OK"
25737,10329590577,10329590605,1,"IOTHUB_CLIENT_CONFIRMATION_OK"
25738,10329590777,10329590813,1,"IOTHUB_CLIENT_CONFIRMATION_OK"
25739,10329590978,10329591018,1,"IOTHUB_CLIENT_CONFIRMATION_OK"
25740,10329591178,10329591324,1,"IOTHUB_CLIENT_CONFIRMATION_OK"
25741,10329591378,10329591408,1,"IOTHUB_CLIENT_CONFIRMATION_OK"
25742,10329591578,10329591627,1,"IOTHUB_CLIENT_CONFIRMATION_OK"
25743,10329591778,10329591812,1,"IOTHUB_CLIENT_CONFIRMATION_OK"
25744,10329591979,10329592014,1,"IOTHUB_CLIENT_CONFIRMATION_OK"
25745,10329592179,10329592356,1,"IOTHUB_CLIENT_CONFIRMATION_OK"
25746,10329592379,10329592412,1,"IOTHUB_CLIENT_CONFIRMATION_OK"
25747,10329592579,10329592613,1,"IOTHUB_CLIENT_CONFIRMATION_OK"
25748,10329592779,10329592827,1,"IOTHUB_CLIENT_CONFIRMATION_OK"
25749,10329592979,10329593015,1,"IOTHUB_CLIENT_CONFIRMATION_OK"
25750,10329593179,10329593213,1,"IOTHUB_CLIENT_CONFIRMATION_OK"
25751,10329593380,10329593409,1,"IOTHUB_CLIENT_CONFIRMATION_OK"
25752,10329593580,10329593614,1,"IOTHUB_CLIENT_CONFIRMATION_OK"
25753,10329593780,10329593830,1,"IOTHUB_CLIENT_CONFIRMATION_OK"
25754,10329593980,10329594014,1,"IOTHUB_CLIENT_CONFIRMATION_OK"
25755,10329594180,10329594211,1,"IOTHUB_CLIENT_CONFIRMATION_OK"
25756,10329594380,10329594418,1,"IOTHUB_CLIENT_CONFIRMATION_OK"
25757,10329594580,10329594626,1,"IOTHUB_CLIENT_CONFIRMATION_OK"
25758,10329594781,10329594851,1,"IOTHUB_CLIENT_CONFIRMATION_OK"
25759,10329594981,10329595017,1,"IOTHUB_CLIENT_CONFIRMATION_OK"
25760,10329595181,10329595214,1,"IOTHUB_CLIENT_CONFIRMATION_OK"
25761,10329595381,10329595443,1,"IOTHUB_CLIENT_CONFIRMATION_OK"
25762,10329595581,10329595615,1,"IOTHUB_CLIENT_CONFIRMATION_OK"
25763,10329595782,10329595815,1,"IOTHUB_CLIENT_CONFIRMATION_OK"
25764,10329595982,10329596028,1,"IOTHUB_CLIENT_CONFIRMATION_OK"
25765,10329596182,10329596217,1,"IOTHUB_CLIENT_CONFIRMATION_OK"
25766,10329596382,10329596454,1,"IOTHUB_CLIENT_CONFIRMATION_OK"
25767,10329596582,10329596618,1,"IOTHUB_CLIENT_CONFIRMATION_OK"
25768,10329596783,10329596818,1,"IOTHUB_CLIENT_CONFIRMATION_OK"
25769,10329596983,10329597052,1,"IOTHUB_CLIENT_CONFIRMATION_OK"
25770,10329597183,10329597218,1,"IOTHUB_CLIENT_CONFIRMATION_OK"
25771,10329597383,10329597418,1,"IOTHUB_CLIENT_CONFIRMATION_OK"
25772,10329597583,10329597652,1,"IOTHUB_CLIENT_CONFIRMATION_OK"
25773,10329597784,10329597819,1,"IOTHUB_CLIENT_CONFIRMATION_OK"
25774,10329597984,10329598060,1,"IOTHUB_CLIENT_CONFIRMATION_OK"
25775,10329598184,10329598214,1,"IOTHUB_CLIENT_CONFIRMATION_OK"
25776,10329598384,10329598413,1,"IOTHUB_CLIENT_CONFIRMATION_OK"
25777,10329598584,10329598686,1,"IOTHUB_CLIENT_CONFIRMATION_OK"
25778,10329598784,10329598823,1,"IOTHUB_CLIENT_CONFIRMATION_OK"
25779,10329598985,10329599034,1,"IOTHUB_CLIENT_CONFIRMATION_OK"
25780,10329599185,10329599214,1,"IOTHUB_CLIENT_CONFIRMATION_OK"
25781,10329599385,10329599420,1,"IOTHUB_CLIENT_CONFIRMATION_OK"
25782,10329599585,10329599699,1,"IOTHUB_CLIENT_CONFIRMATION_OK"
25783,10329599785,10329599819,1,"IOTHUB_CLIENT_CONFIRMATION_OK"
25784,10329599986,10329600020,1,"IOTHUB_CLIENT_CONFIRMATION_OK"
25785,10329600186,10329600222,1,"IOTHUB_CLIENT_CONFIRMATION_OK"
25786,10329600386,10329600420,1,"IOTHUB_CLIENT_CONFIRMATION_OK"
25787,10329600586,10329600621,1,"IOTHUB_CLIENT_CONFIRMATION_OK"
25788,10329600786,10329600818,1,"IOTHUB_CLIENT_CONFIRMATION_OK"
25789,10329600986,10329601021,1,"IOTHUB_CLIENT_CONFIRMATION_OK"
25790,10329601187,10329601338,1,"IOTHUB_CLIENT_CONFIRMATION_OK"
25791,10329601387,10329601484,1,"IOTHUB_CLIENT_CONFIRMATION_OK"
25792,10329601587,10329601621,1,"IOTHUB_CLIENT_CONFIRMATION_OK"
25793,10329601787,10329601816,1,"IOTHUB_CLIENT_CONFIRMATION_OK"
25794,10329601987,10329602020,1,"IOTHUB_CLIENT_CONFIRMATION_OK"
25795,10329602188,10329602340,1,"IOTHUB_CLIENT_CONFIRMATION_OK"
25796,10329602388,10329602456,1,"IOTHUB_CLIENT_CONFIRMATION_OK"
25797,10329602588,10329602625,1,"IOTHUB_CLIENT_CONFIRMATION_OK"
25798,10329602788,10329602894,1,"IOTHUB_CLIENT_CONFIRMATION_OK"
25799,10329602988,10329603038,1,"IOTHUB_CLIENT_CONFIRMATION_OK"
25800,10329603189,10329603223,1,"IOTHUB_CLIENT_CONFIRMATION_OK"
25801,10329603389,10329603422,1,"IOTHUB_CLIENT_CONFIRMATION_OK"
25802,10329603589,10329603621,1,"IOTHUB_CLIENT_CONFIRMATION_OK"
25803,10329603789,10329603972,1,"IOTHUB_CLIENT_CONFIRMATION_OK"
25804,10329603989,10329604019,1,"IOTHUB_CLIENT_CONFIRMATION_OK"
25805,10329604189,10329604222,1,"IOTHUB_CLIENT_CONFIRMATION_OK"
25806,10329604390,10329604514,1,"IOTHUB_CLIENT_CONFIRMATION_OK"
25807,10329604590,10329604631,1,"IOTHUB_CLIENT_CONFIRMATION_OK"
25808,10329604790,10329604820,1,"IOTHUB_CLIENT_CONFIRMATION_OK"
25809,10329604990,10329605027,1,"IOTHUB_CLIENT_CONFIRMATION_OK"
25810,10329605190,10329605223,1,"IOTHUB_CLIENT_CONFIRMATION_OK"
25811,10329605390,10329605426,1,"IOTHUB_CLIENT_CONFIRMATION_OK"
25812,10329605590,10329605624,1,"IOTHUB_CLIENT_CONFIRMATION_OK"
25813,10329605791,10329605821,1,"IOTHUB_CLIENT_CONFIRMATION_OK"
25814,10329605991,10329606020,1,"IOTHUB_CLIENT_CONFIRMATION_OK"
25815,10329606191,10329606219,1,"IOTHUB_CLIENT_CONFIRMATION_OK"
25816,10329606391,10329606425,1,"IOTHUB_CLIENT_CONFIRMATION_OK"
25817,10329606591,10329606626,1,"IOTHUB_CLIENT_CONFIRMATION_OK"
25818,10329606792,10329606823,1,"IOTHUB_CLIENT_CONFIRMATION_OK"
25819,10329606992,10329607034,1,"IOTHUB_CLIENT_CONFIRMATION_OK"
25820,10329607192,10329607228,1,"IOTHUB_CLIENT_CONFIRMATION_OK"
25821,10329607392,10329607425,1,"IOTHUB_CLIENT_CONFIRMATION_OK"
25822,10329607592,10329607673,1,"IOTHUB_CLIENT_CONFIRMATION_OK"
25823,10329607792,10329607826,1,"IOTHUB_CLIENT_CONFIRMATION_OK"
25824,10329607992,10329608144,1,"IOTHUB_CLIENT_CONFIRMATION_OK"
25825,10329608193,10329608227,1,"IOTHUB_CLIENT_CONFIRMATION_OK"
25826,10329608393,10329608582,1,"IOTHUB_CLIENT_CONFIRMATION_OK"
25827,10329608593,10329608796,1,"IOTHUB_CLIENT_CONFIRMATION_OK"
25828,10329608793,10329608831,1,"IOTHUB_CLIENT_CONFIRMATION_OK"
25829,10329608993,10329609029,1,"IOTHUB_CLIENT_CONFIRMATION_OK"
25830,10329609193,10329609232,1,"IOTHUB_CLIENT_CONFIRMATION_OK"
25831,10329609394,10329609428,1,"IOTHUB_CLIENT_CONFIRMATION_OK"
25832,10329609594,10329609778,1,"IOTHUB_CLIENT_CONFIRMATION_OK"
25833,10329609794,10329609829,1,"IOTHUB_CLIENT_CONFIRMATION_OK"
25834,10329609994,10329610036,1,"IOTHUB_CLIENT_CONFIRMATION_OK"
25835,10329610194,10329610227,1,"IOTHUB_CLIENT_CONFIRMATION_OK"
25836,10329610395,10329610427,1,"IOTHUB_CLIENT_CONFIRMATION_OK"
25837,10329610595,10329610635,1,"IOTHUB_CLIENT_CONFIRMATION_OK"
25838,10329610795,10329610846,1,"IOTHUB_CLIENT_CONFIRMATION_OK"
25839,10329610995,10329611034,1,"IOTHUB_CLIENT_CONFIRMATION_OK"
25840,10329611195,10329611230,1,"IOTHUB_CLIENT_CONFIRMATION_OK"
25841,10329611395,10329611439,1,"IOTHUB_CLIENT_CONFIRMATION_OK"
25842,10329611595,10329611630,1,"IOTHUB_CLIENT_CONFIRMATION_OK"
25843,10329611796,10329611844,1,"IOTHUB_CLIENT_CONFIRMATION_OK"
25844,10329611996,10329612141,1,"IOTHUB_CLIENT_CONFIRMATION_OK"
25845,10329612196,10329612354,1,"IOTHUB_CLIENT_CONFIRMATION_OK"
25846,10329612396,10329612429,1,"IOTHUB_CLIENT_CONFIRMATION_OK"
25847,10329612596,10329612648,1,"IOTHUB_CLIENT_CONFIRMATION_OK"
25848,10329612796,10329612827,1,"IOTHUB_CLIENT_CONFIRMATION_OK"
25849,10329612997,10329613030,1,"IOTHUB_CLIENT_CONFIRMATION_OK"
25850,10329613197,10329613230,1,"IOTHUB_CLIENT_CONFIRMATION_OK"
25851,10329613397,10329613425,1,"IOTHUB_CLIENT_CONFIRMATION_OK"
25852,10329613597,10329613630,1,"IOTHUB_CLIENT_CONFIRMATION_OK"
25853,10329613797,10329613970,1,"IOTHUB_CLIENT_CONFIRMATION_OK"
25854,10329613997,10329614057,1,"IOTHUB_CLIENT_CONFIRMATION_OK"
25855,10329614197,10329614233,1,"IOTHUB_CLIENT_CONFIRMATION_OK"
25856,10329614398,10329614503,1,"IOTHUB_CLIENT_CONFIRMATION_OK"
25857,10329614598,10329614663,1,"IOTHUB_CLIENT_CONFIRMATION_OK"
25858,10329614798,10329614846,1,"IOTHUB_CLIENT_CONFIRMATION_OK"
25859,10329614998,10329615032,1,"IOTHUB_CLIENT_CONFIRMATION_OK"
25860,10329615198,10329615233,1,"IOTHUB_CLIENT_CONFIRMATION_OK"
25861,10329615398,10329615457,1,"IOTHUB_CLIENT_CONFIRMATION_OK"
25862,10329615598,10329615657,1,"IOTHUB_CLIENT_CONFIRMATION_OK"
25863,10329615799,10329615828,1,"IOTHUB_CLIENT_CONFIRMATION_OK"
25864,10329615999,10329616075,1,"IOTHUB_CLIENT_CONFIRMATION_OK"
25865,10329616199,10329616239,1,"IOTHUB_CLIENT_CONFIRMATION_OK"
25866,10329616399,10329616456,1,"IOTHUB_CLIENT_CONFIRMATION_OK"
25867,10329616599,10329616643,1,"IOTHUB_CLIENT_CONFIRMATION_OK"
25868,10329616800,10329616833,1,"IOTHUB_CLIENT_CONFIRMATION_OK"
25869,10329617000,10329617076,1,"IOTHUB_CLIENT_CONFIRMATION_OK"
25870,10329617200,10329617237,1,"IOTHUB_CLIENT_CONFIRMATION_OK"
25871,10329617400,10329617440,1,"IOTHUB_CLIENT_CONFIRMATION_OK"
25872,10329617600,10329617636,1,"IOTHUB_CLIENT_CONFIRMATION_OK"
25873,10329617800,10329617833,1,"IOTHUB_CLIENT_CONFIRMATION_OK"
25874,10329618000,10329618090,1,"IOTHUB_CLIENT_CONFIRMATION_OK"
25875,10329618201,10329618272,1,"IOTHUB_CLIENT_CONFIRMATION_OK"
25876,10329618401,10329618439,1,"IOTHUB_CLIENT_CONFIRMATION_OK"
25877,10329618601,10329618785,1,"IOTHUB_CLIENT_CONFIRMATION_OK"
25878,10329618801,10329618834,1,"IOTHUB_CLIENT_CONFIRMATION_OK"
25879,10329619001,10329619030,1,"IOTHUB_CLIENT_CONFIRMATION_OK"
25880,10329619202,10329619347,1,"IOTHUB_CLIENT_CONFIRMATION_OK"
25881,10329619402,10329619439,1,"IOTHUB_CLIENT_CONFIRMATION_OK"
25882,10329619602,10329619745,1,"IOTHUB_CLIENT_CONFIRMATION_OK"
25883,10329619802,10329619836,1,"IOTHUB_CLIENT_CONFIRMATION_OK"
25884,10329620002,10329620031,1,"IOTHUB_CLIENT_CONFIRMATION_OK"
25885,10329620203,10329620238,1,"IOTHUB_CLIENT_CONFIRMATION_OK"
25886,10329620403,10329620435,1,"IOTHUB_CLIENT_CONFIRMATION_OK"
25887,10329620603,10329620641,1,"IOTHUB_CLIENT_CONFIRMATION_OK"
25888,10329620803,10329620863,1,"IOTHUB_CLIENT_CONFIRMATION_OK"
25889,10329621003,10329621045,1,"IOTHUB_CLIENT_CONFIRMATION_OK"
25890,10329621203,10329621375,1,"IOTHUB_CLIENT_CONFIRMATION_OK"
25891,10329621403,10329621435,1,"IOTHUB_CLIENT_CONFIRMATION_OK"
25892,10329621604,10329621634,1,"IOTHUB_CLIENT_CONFIRMATION_OK"
25893,10329621804,10329621831,1,"IOTHUB_CLIENT_CONFIRMATION_OK"
25894,10329622004,10329622032,1,"IOTHUB_CLIENT_CONFIRMATION_OK"
25895,10329622204,10329622401,1,"IOTHUB_CLIENT_CONFIRMATION_OK"
25896,10329622404,10329622449,1,"IOTHUB_CLIENT_CONFIRMATION_OK"
25897,10329622604,10329622648,1,"IOTHUB_CLIENT_CONFIRMATION_OK"
25898,10329622805,10329622895,1,"IOTHUB_CLIENT_CONFIRMATION_OK"
25899,10329623005,10329623034,1,"IOTHUB_CLIENT_CONFIRMATION_OK"
25900,10329623205,10329623239,1,"IOTHUB_CLIENT_CONFIRMATION_OK"
25901,10329623405,10329623439,1,"IOTHUB_CLIENT_CONFIRMATION_OK"
25902,10329623605,10329623641,1,"IOTHUB_CLIENT_CONFIRMATION_OK"
25903,10329623806,10329623939,1,"IOTHUB_CLIENT_CONFIRMATION_OK"
25904,10329624006,10329624034,1,"IOTHUB_CLIENT_CONFIRMATION_OK"
25905,10329624206,10329624263,1,"IOTHUB_CLIENT_CONFIRMATION_OK"
25906,10329624406,10329624464,1,"IOTHUB_CLIENT_CONFIRMATION_OK"
25907,10329624606,10329624634,1,"IOTHUB_CLIENT_CONFIRMATION_OK"
25908,10329624806,10329624855,1,"IOTHUB_CLIENT_CONFIRMATION_OK"
25909,10329625007,10329625036,1,"IOTHUB_CLIENT_CONFIRMATION_OK"
25910,10329625207,10329625241,1,"IOTHUB_CLIENT_CONFIRMATION_OK"
25911,10329625407,10329625574,1,"IOTHUB_CLIENT_CONFIRMATION_OK"
25912,10329625607,10329625666,1,"IOTHUB_CLIENT_CONFIRMATION_OK"
25913,10329625807,10329625837,1,"IOTHUB_CLIENT_CONFIRMATION_OK"
25914,10329626007,10329626041,1,"IOTHUB_CLIENT_CONFIRMATION_OK"
25915,10329626207,10329626240,1,"IOTHUB_CLIENT_CONFIRMATION_OK"
25916,10329626408,10329626572,1,"IOTHUB_CLIENT_CONFIRMATION_OK"
25917,10329626608,10329626722,1,"IOTHUB_CLIENT_CONFIRMATION_OK"
25918,10329626808,10329626840,1,"IOTHUB_CLIENT_CONFIRMATION_OK"
25919,10329627008,10329627041,1,"IOTHUB_CLIENT_CONFIRMATION_OK"
25920,10329627208,10329627248,1,"IOTHUB_CLIENT_CONFIRMATION_OK"
25921,10329627408,10329627442,1,"IOTHUB_CLIENT_CONFIRMATION_OK"
25922,10329627609,10329627642,1,"IOTHUB_CLIENT_CONFIRMATION_OK"
25923,10329627809,10329627873,1,"IOTHUB_CLIENT_CONFIRMATION_OK"
25924,10329628009,10329628210,1,"IOTHUB_CLIENT_CONFIRMATION_OK"
25925,10329628209,10329628262,1,"IOTHUB_CLIENT_CONFIRMATION_OK"
25926,10329628409,10329628460,1,"IOTHUB_CLIENT_CONFIRMATION_OK"
25927,10329628609,10329628643,1,"IOTHUB_CLIENT_CONFIRMATION_OK"
25928,10329628810,10329628839,1,"IOTHUB_CLIENT_CONFIRMATION_OK"
25929,10329629010,10329629040,1,"IOTHUB_CLIENT_CONFIRMATION_OK"
25930,10329629210,10329629250,1,"IOTHUB_CLIENT_CONFIRMATION_OK"
25931,10329629410,10329629443,1,"IOTHUB_CLIENT_CONFIRMATION_OK"
25932,10329629610,10329629638,1,"IOTHUB_CLIENT_CONFIRMATION_OK"
25933,10329629810,10329629842,1,"IOTHUB_CLIENT_CONFIRMATION_OK"
25934,10329630010,10329630049,1,"IOTHUB_CLIENT_CONFIRMATION_OK"
25935,10329630211,10329630315,1,"IOTHUB_CLIENT_CONFIRMATION_OK"
25936,10329630411,10329630461,1,"IOTHUB_CLIENT_CONFIRMATION_OK"
25937,10329630611,10329630649,1,"IOTHUB_CLIENT_CONFIRMATION_OK"
25938,10329630811,10329630845,1,"IOTHUB_CLIENT_CONFIRMATION_OK"
25939,10329631012,10329631044,1,"IOTHUB_CLIENT_CONFIRMATION_OK"
25940,10329631212,10329631340,1,"IOTHUB_CLIENT_CONFIRMATION_OK"
25941,10329631412,10329631453,1,"IOTHUB_CLIENT_CONFIRMATION_OK"
25942,10329631612,10329631660,1,"IOTHUB_CLIENT_CONFIRMATION_OK"
25943,10329631812,10329631846,1,"IOTHUB_CLIENT_CONFIRMATION_OK"
25944,10329632012,10329632057,1,"IOTHUB_CLIENT_CONFIRMATION_OK"
25945,10329632212,10329632350,1,"IOTHUB_CLIENT_CONFIRMATION_OK"
25946,10329632413,10329632446,1,"IOTHUB_CLIENT_CONFIRMATION_OK"
25947,10329632613,10329632657,1,"IOTHUB_CLIENT_CONFIRMATION_OK"
25948,10329632813,10329632970,1,"IOTHUB_CLIENT_CONFIRMATION_OK"
25949,10329633013,10329633046,1,"IOTHUB_CLIENT_CONFIRMATION_OK"
25950,10329633213,10329633243,1,"IOTHUB_CLIENT_CONFIRMATION_OK"
25951,10329633413,10329633445,1,"IOTHUB_CLIENT_CONFIRMATION_OK"
25952,10329633614,10329633693,1,"IOTHUB_CLIENT_CONFIRMATION_OK"
25953,10329633814,10329633861,1,"IOTHUB_CLIENT_CONFIRMATION_OK"
25954,10329634014,10329634070,1,"IOTHUB_CLIENT_CONFIRMATION_OK"
25955,10329634214,10329634258,1,"IOTHUB_CLIENT_CONFIRMATION_OK"
25956,10329634414,10329634451,1,"IOTHUB_CLIENT_CONFIRMATION_OK"
25957,10329634615,10329634649,1,"IOTHUB_CLIENT_CONFIRMATION_OK"
25958,10329634815,10329634871,1,"IOTHUB_CLIENT_CONFIRMATION_OK"
25959,10329635015,10329635043,1,"IOTHUB_CLIENT_CONFIRMATION_OK"
25960,10329635215,10329635250,1,"IOTHUB_CLIENT_CONFIRMATION_OK"
25961,10329635415,10329635444,1,"IOTHUB_CLIENT_CONFIRMATION_OK"
25962,10329635615,10329635658,1,"IOTHUB_CLIENT_CONFIRMATION_OK"
25963,10329635816,10329635849,1,"IOTHUB_CLIENT_CONFIRMATION_OK"
25964,10329636016,10329636050,1,"IOTHUB_CLIENT_CONFIRMATION_OK"
25965,10329636216,10329636285,1,"IOTHUB_CLIENT_CONFIRMATION_OK"
25966,10329636416,10329636450,1,"IOTHUB_CLIENT_CONFIRMATION_OK"
25967,10329636616,10329636679,1,"IOTHUB_CLIENT_CONFIRMATION_OK"
25968,10329636816,10329636844,1,"IOTHUB_CLIENT_CONFIRMATION_OK"
25969,10329637017,10329637096,1,"IOTHUB_CLIENT_CONFIRMATION_OK"
25970,10329637217,10329637260,1,"IOTHUB_CLIENT_CONFIRMATION_OK"
25971,10329637417,10329637450,1,"IOTHUB_CLIENT_CONFIRMATION_OK"
25972,10329637617,10329637657,1,"IOTHUB_CLIENT_CONFIRMATION_OK"
25973,10329637817,10329637850,1,"IOTHUB_CLIENT_CONFIRMATION_OK"
25974,10329638018,10329638169,1,"IOTHUB_CLIENT_CONFIRMATION_OK"
25975,10329638218,10329638250,1,"IOTHUB_CLIENT_CONFIRMATION_OK"
25976,10329638418,10329638455,1,"IOTHUB_CLIENT_CONFIRMATION_OK"
25977,10329638618,10329638680,1,"IOTHUB_CLIENT_CONFIRMATION_OK"
25978,10329638818,10329638852,1,"IOTHUB_CLIENT_CONFIRMATION_OK"
25979,10329639019,10329639050,1,"IOTHUB_CLIENT_CONFIRMATION_OK"
25980,10329639219,10329639247,1,"IOTHUB_CLIENT_CONFIRMATION_OK"
25981,10329639419,10329639451,1,"IOTHUB_CLIENT_CONFIRMATION_OK"
25982,10329639619,10329639783,1,"IOTHUB_CLIENT_CONFIRMATION_OK"
25983,10329639819,10329639850,1,"IOTHUB_CLIENT_CONFIRMATION_OK"
25984,10329640019,10329640053,1,"IOTHUB_CLIENT_CONFIRMATION_OK"
25985,10329640220,10329640258,1,"IOTHUB_CLIENT_CONFIRMATION_OK"
25986,10329640420,10329640449,1,"IOTHUB_CLIENT_CONFIRMATION_OK"
25987,10329640620,10329640654,1,"IOTHUB_CLIENT_CONFIRMATION_OK"
25988,10329640820,10329640869,1,"IOTHUB_CLIENT_CONFIRMATION_OK"
25989,10329641020,10329641054,1,"IOTHUB_CLIENT_CONFIRMATION_OK"
25990,10329641221,10329641253,1,"IOTHUB_CLIENT_CONFIRMATION_OK"
25991,10329641421,10329641484,1,"IOTHUB_CLIENT_CONFIRMATION_OK"
25992,10329641621,10329641659,1,"IOTHUB_CLIENT_CONFIRMATION_OK"
25993,10329641821,10329641865,1,"IOTHUB_CLIENT_CONFIRMATION_OK"
25994,10329642021,10329642052,1,"IOTHUB_CLIENT_CONFIRMATION_OK"
25995,10329642221,10329642261,1,"IOTHUB_CLIENT_CONFIRMATION_OK"
25996,10329642422,10329642456,1,"IOTHUB_CLIENT_CONFIRMATION_OK"
25997,10329642622,10329642691,1,"IOTHUB_CLIENT_CONFIRMATION_OK"
25998,10329642822,10329642868,1,"IOTHUB_CLIENT_CONFIRMATION_OK"
25999,10329643022,10329643069,1,"IOTHUB_CLIENT_CONFIRMATION_OK"
26000,10329643222,10329643255,1,"IOTHUB_CLIENT_CONFIRMATION_OK"
26001,10329643423,10329643460,1,"IOTHUB_CLIENT_CONFIRMATION_OK"
26002,10329643623,10329643694,1,"IOTHUB_CLIENT_CONFIRMATION_OK"
26003,10329643823,10329643867,1,"IOTHUB_CLIENT_CONFIRMATION_OK"
26004,10329644023,10329644055,1,"IOTHUB_CLIENT_CONFIRMATION_OK"
26005,10329644223,10329644255,1,"IOTHUB_CLIENT_CONFIRMATION_OK"
26006,10329644424,10329644475,1,"IOTHUB_CLIENT_CONFIRMATION_OK"
26007,10329644624,10329644755,1,"IOTHUB_CLIENT_CONFIRMATION_OK"
26008,10329644824,10329644866,1,"IOTHUB_CLIENT_CONFIRMATION_OK"
26009,10329645024,10329645079,1,"IOTHUB_CLIENT_CONFIRMATION_OK"
26010,10329645224,10329645252,1,"IOTHUB_CLIENT_CONFIRMATION_OK"
26011,10329645424,10329645552,1,"IOTHUB_CLIENT_CONFIRMATION_OK"
26012,10329645624,10329645654,1,"IOTHUB_CLIENT_CONFIRMATION_OK"
26013,10329645825,10329645855,1,"IOTHUB_CLIENT_CONFIRMATION_OK"
26014,10329646025,10329646054,1,"IOTHUB_CLIENT_CONFIRMATION_OK"
26015,10329646225,10329646257,1,"IOTHUB_CLIENT_CONFIRMATION_OK"
26016,10329646425,10329646559,1,"IOTHUB_CLIENT_CONFIRMATION_OK"
26017,10329646625,10329646665,1,"IOTHUB_CLIENT_CONFIRMATION_OK"
26018,10329646825,10329646899,1,"IOTHUB_CLIENT_CONFIRMATION_OK"
26019,10329647026,10329647057,1,"IOTHUB_CLIENT_CONFIRMATION_OK"
26020,10329647226,10329647263,1,"IOTHUB_CLIENT_CONFIRMATION_OK"
26021,10329647426,10329647460,1,"IOTHUB_CLIENT_CONFIRMATION_OK"
26022,10329647626,10329647660,1,"IOTHUB_CLIENT_CONFIRMATION_OK"
26023,10329647826,10329647854,1,"IOTHUB_CLIENT_CONFIRMATION_OK"
26024,10329648026,10329648188,1,"IOTHUB_CLIENT_CONFIRMATION_OK"
26025,10329648227,10329648255,1,"IOTHUB_CLIENT_CONFIRMATION_OK"
26026,10329648427,10329648486,1,"IOTHUB_CLIENT_CONFIRMATION_OK"
26027,10329648627,10329648662,1,"IOTHUB_CLIENT_CONFIRMATION_OK"
26028,10329648827,10329648899,1,"IOTHUB_CLIENT_CONFIRMATION_OK"
26029,10329649027,10329649061,1,"IOTHUB_CLIENT_CONFIRMATION_OK"
26030,10329649228,10329649264,1,"IOTHUB_CLIENT_CONFIRMATION_OK"
26031,10329649428,10329649467,1,"IOTHUB_CLIENT_CONFIRMATION_OK"
26032,10329649628,10329649659,1,"IOTHUB_CLIENT_CONFIRMATION_OK"
26033,10329649828,10329649867,1,"IOTHUB_CLIENT_CONFIRMATION_OK"
26034,10329650028,10329650058,1,"IOTHUB_CLIENT_CONFIRMATION_OK"
26035,10329650228,10329650259,1,"IOTHUB_CLIENT_CONFIRMATION_OK"
26036,10329650428,10329650462,1,"IOTHUB_CLIENT_CONFIRMATION_OK"
26037,10329650629,10329650663,1,"IOTHUB_CLIENT_CONFIRMATION_OK"
26038,10329650829,10329650868,1,"IOTHUB_CLIENT_CONFIRMATION_OK"
26039,10329651029,10329651066,1,"IOTHUB_CLIENT_CONFIRMATION_OK"
26040,10329651229,10329651258,1,"IOTHUB_CLIENT_CONFIRMATION_OK"
26041,10329651429,10329651463,1,"IOTHUB_CLIENT_CONFIRMATION_OK"
26042,10329651629,10329651724,1,"IOTHUB_CLIENT_CONFIRMATION_OK"
26043,10329651830,10329651941,1,"IOTHUB_CLIENT_CONFIRMATION_OK"
26044,10329652030,10329652063,1,"IOTHUB_CLIENT_CONFIRMATION_OK"
26045,10329652230,10329652367,1,"IOTHUB_CLIENT_CONFIRMATION_OK"
26046,10329652430,10329652466,1,"IOTHUB_CLIENT_CONFIRMATION_OK"
26047,10329652630,10329652663,1,"IOTHUB_CLIENT_CONFIRMATION_OK"
26048,10329652831,10329652901,1,"IOTHUB_CLIENT_CONFIRMATION_OK"
26049,10329653031,10329653086,1,"IOTHUB_CLIENT_CONFIRMATION_OK"
26050,10329653231,10329653280,1,"IOTHUB_CLIENT_CONFIRMATION_OK"
26051,10329653431,10329653466,1,"IOTHUB_CLIENT_CONFIRMATION_OK"
26052,10329653631,10329653675,1,"IOTHUB_CLIENT_CONFIRMATION_OK"
26053,10329653831,10329654009,1,"IOTHUB_CLIENT_CONFIRMATION_OK"
26054,10329654031,10329654059,1,"IOTHUB_CLIENT_CONFIRMATION_OK"
26055,10329654232,10329654266,1,"IOTHUB_CLIENT_CONFIRMATION_OK"
26056,10329654432,10329654461,1,"IOTHUB_CLIENT_CONFIRMATION_OK"
26057,10329654632,10329654666,1,"IOTHUB_CLIENT_CONFIRMATION_OK"
26058,10329654832,10329654869,1,"IOTHUB_CLIENT_CONFIRMATION_OK"
26059,10329655032,10329655077,1,"IOTHUB_CLIENT_CONFIRMATION_OK"
26060,10329655232,10329655315,1,"IOTHUB_CLIENT_CONFIRMATION_OK"
26061,10329655432,10329655473,1,"IOTHUB_CLIENT_CONFIRMATION_OK"
26062,10329655633,10329655666,1,"IOTHUB_CLIENT_CONFIRMATION_OK"
26063,10329655833,10329655865,1,"IOTHUB_CLIENT_CONFIRMATION_OK"
26064,10329656033,10329656068,1,"IOTHUB_CLIENT_CONFIRMATION_OK"
26065,10329656233,10329656264,1,"IOTHUB_CLIENT_CONFIRMATION_OK"
26066,10329656434,10329656464,1,"IOTHUB_CLIENT_CONFIRMATION_OK"
26067,10329656634,10329656668,1,"IOTHUB_CLIENT_CONFIRMATION_OK"
26068,10329656834,10329656935,1,"IOTHUB_CLIENT_CONFIRMATION_OK"
26069,10329657034,10329657062,1,"IOTHUB_CLIENT_CONFIRMATION_OK"
26070,10329657234,10329657269,1,"IOTHUB_CLIENT_CONFIRMATION_OK"
26071,10329657434,10329657463,1,"IOTHUB_CLIENT_CONFIRMATION_OK"
26072,10329657634,10329657667,1,"IOTHUB_CLIENT_CONFIRMATION_OK"
26073,10329657835,10329657868,1,"IOTHUB_CLIENT_CONFIRMATION_OK"
26074,10329658035,10329658068,1,"IOTHUB_CLIENT_CONFIRMATION_OK"
26075,10329658235,10329658264,1,"IOTHUB_CLIENT_CONFIRMATION_OK"
26076,10329658435,10329658500,1,"IOTHUB_CLIENT_CONFIRMATION_OK"
26077,10329658635,10329658667,1,"IOTHUB_CLIENT_CONFIRMATION_OK"
26078,10329658835,10329658880,1,"IOTHUB_CLIENT_CONFIRMATION_OK"
26079,10329659035,10329659069,1,"IOTHUB_CLIENT_CONFIRMATION_OK"
26080,10329659236,10329659302,1,"IOTHUB_CLIENT_CONFIRMATION_OK"
26081,10329659436,10329659471,1,"IOTHUB_CLIENT_CONFIRMATION_OK"
26082,10329659636,10329659725,1,"IOTHUB_CLIENT_CONFIRMATION_OK"
26083,10329659836,10329659871,1,"IOTHUB_CLIENT_CONFIRMATION_OK"
26084,10329660036,10329660094,1,"IOTHUB_CLIENT_CONFIRMATION_OK"
26085,10329660236,10329660317,1,"IOTHUB_CLIENT_CONFIRMATION_OK"
26086,10329660436,10329660474,1,"IOTHUB_CLIENT_CONFIRMATION_OK"
26087,10329660637,10329660664,1,"IOTHUB_CLIENT_CONFIRMATION_OK"
26088,10329660837,10329660873,1,"IOTHUB_CLIENT_CONFIRMATION_OK"
26089,10329661037,10329661083,1,"IOTHUB_CLIENT_CONFIRMATION_OK"
26090,10329661237,10329661345,1,"IOTHUB_CLIENT_CONFIRMATION_OK"
26091,10329661438,10329661472,1,"IOTHUB_CLIENT_CONFIRMATION_OK"
26092,10329661638,10329661669,1,"IOTHUB_CLIENT_CONFIRMATION_OK"
26093,10329661838,10329661869,1,"IOTHUB_CLIENT_CONFIRMATION_OK"
26094,10329662038,10329662070,1,"IOTHUB_CLIENT_CONFIRMATION_OK"
26095,10329662238,10329662344,1,"IOTHUB_CLIENT_CONFIRMATION_OK"
26096,10329662439,10329662477,1,"IOTHUB_CLIENT_CONFIRMATION_OK"
26097,10329662639,10329662677,1,"IOTHUB_CLIENT_CONFIRMATION_OK"
26098,10329662839,10329662965,1,"IOTHUB_CLIENT_CONFIRMATION_OK"
26099,10329663039,10329663074,1,"IOTHUB_CLIENT_CONFIRMATION_OK"
26100,10329663239,10329663325,1,"IOTHUB_CLIENT_CONFIRMATION_OK"
26101,10329663440,10329663471,1,"IOTHUB_CLIENT_CONFIRMATION_OK"
26102,10329663640,10329663676,1,"IOTHUB_CLIENT_CONFIRMATION_OK"
26103,10329663840,10329663981,1,"IOTHUB_CLIENT_CONFIRMATION_OK"
26104,10329664040,10329664074,1,"IOTHUB_CLIENT_CONFIRMATION_OK"
26105,10329664240,10329664277,1,"IOTHUB_CLIENT_CONFIRMATION_OK"
26106,10329664440,10329664472,1,"IOTHUB_CLIENT_CONFIRMATION_OK"
26107,10329664640,10329664670,1,"IOTHUB_CLIENT_CONFIRMATION_OK"
26108,10329664841,10329664874,1,"IOTHUB_CLIENT_CONFIRMATION_OK"
26109,10329665041,10329665075,1,"IOTHUB_CLIENT_CONFIRMATION_OK"
26110,10329665241,10329665271,1,"IOTHUB_CLIENT_CONFIRMATION_OK"
26111,10329665441,10329665606,1,"IOTHUB_CLIENT_CONFIRMATION_OK"
26112,10329665641,10329665678,1,"IOTHUB_CLIENT_CONFIRMATION_OK"
26113,10329665842,10329665899,1,"IOTHUB_CLIENT_CONFIRMATION_OK"
26114,10329666042,10329666078,1,"IOTHUB_CLIENT_CONFIRMATION_OK"
26115,10329666242,10329666281,1,"IOTHUB_CLIENT_CONFIRMATION_OK"
26116,10329666442,10329666484,1,"IOTHUB_CLIENT_CONFIRMATION_OK"
26117,10329666642,10329666670,1,"IOTHUB_CLIENT_CONFIRMATION_OK"
26118,10329666842,10329666876,1,"IOTHUB_CLIENT_CONFIRMATION_OK"
26119,10329667043,10329667097,1,"IOTHUB_CLIENT_CONFIRMATION_OK"
26120,10329667243,10329667276,1,"IOTHUB_CLIENT_CONFIRMATION_OK"
26121,10329667443,10329667483,1,"IOTHUB_CLIENT_CONFIRMATION_OK"
26122,10329667643,10329667718,1,"IOTHUB_CLIENT_CONFIRMATION_OK"
26123,10329667843,10329667881,1,"IOTHUB_CLIENT_CONFIRMATION_OK"
26124,10329668044,10329668113,1,"IOTHUB_CLIENT_CONFIRMATION_OK"
26125,10329668244,10329668327,1,"IOTHUB_CLIENT_CONFIRMATION_OK"
26126,10329668444,10329668472,1,"IOTHUB_CLIENT_CONFIRMATION_OK"
26127,10329668644,10329668733,1,"IOTHUB_CLIENT_CONFIRMATION_OK"
26128,10329668844,10329668874,1,"IOTHUB_CLIENT_CONFIRMATION_OK"
26129,10329669044,10329669074,1,"IOTHUB_CLIENT_CONFIRMATION_OK"
26130,10329669244,10329669276,1,"IOTHUB_CLIENT_CONFIRMATION_OK"
26131,10329669445,10329669480,1,"IOTHUB_CLIENT_CONFIRMATION_OK"
26132,10329669645,10329669771,1,"IOTHUB_CLIENT_CONFIRMATION_OK"
26133,10329669845,10329669877,1,"IOTHUB_CLIENT_CONFIRMATION_OK"
26134,10329670045,10329670073,1,"IOTHUB_CLIENT_CONFIRMATION_OK"
26135,10329670245,10329670280,1,"IOTHUB_CLIENT_CONFIRMATION_OK"
26136,10329670445,10329670484,1,"IOTHUB_CLIENT_CONFIRMATION_OK"
26137,10329670646,10329670678,1,"IOTHUB_CLIENT_CONFIRMATION_OK"
26138,10329670846,10329670884,1,"IOTHUB_CLIENT_CONFIRMATION_OK"
26139,10329671046,10329671081,1,"IOTHUB_CLIENT_CONFIRMATION_OK"
26140,10329671246,10329671417,1,"IOTHUB_CLIENT_CONFIRMATION_OK"
26141,10329671446,10329671486,1,"IOTHUB_CLIENT_CONFIRMATION_OK"
26142,10329671646,10329671703,1,"IOTHUB_CLIENT_CONFIRMATION_OK"
26143,10329671847,10329671883,1,"IOTHUB_CLIENT_CONFIRMATION_OK"
26144,10329672047,10329672076,1,"IOTHUB_CLIENT_CONFIRMATION_OK"
26145,10329672247,10329672472,1,"IOTHUB_CLIENT_CONFIRMATION_OK"
26146,10329672447,10329672570,1,"IOTHUB_CLIENT_CONFIRMATION_OK"
26147,10329672647,10329672717,1,"IOTHUB_CLIENT_CONFIRMATION_OK"
26148,10329672848,10329672880,1,"IOTHUB_CLIENT_CONFIRMATION_OK"
26149,10329673048,10329673082,1,"IOTHUB_CLIENT_CONFIRMATION_OK"
26150,10329673248,10329673278,1,"IOTHUB_CLIENT_CONFIRMATION_OK"
26151,10329673448,10329673528,1,"IOTHUB_CLIENT_CONFIRMATION_OK"
26152,10329673648,10329673691,1,"IOTHUB_CLIENT_CONFIRMATION_OK"
26153,10329673848,10329673922,1,"IOTHUB_CLIENT_CONFIRMATION_OK"
26154,10329674049,10329674082,1,"IOTHUB_CLIENT_CONFIRMATION_OK"
26155,10329674249,10329674282,1,"IOTHUB_CLIENT_CONFIRMATION_OK"
26156,10329674449,10329674528,1,"IOTHUB_CLIENT_CONFIRMATION_OK"
26157,10329674649,10329674678,1,"IOTHUB_CLIENT_CONFIRMATION_OK"
26158,10329674849,10329674880,1,"IOTHUB_CLIENT_CONFIRMATION_OK"
26159,10329675049,10329675080,1,"IOTHUB_CLIENT_CONFIRMATION_OK"
26160,10329675250,10329675279,1,"IOTHUB_CLIENT_CONFIRMATION_OK"
26161,10329675450,10329675543,1,"IOTHUB_CLIENT_CONFIRMATION_OK"
26162,10329675650,10329675691,1,"IOTHUB_CLIENT_CONFIRMATION_OK"
26163,10329675850,10329675879,1,"IOTHUB_CLIENT_CONFIRMATION_OK"
26164,10329676050,10329676100,1,"IOTHUB_CLIENT_CONFIRMATION_OK"
26165,10329676250,10329676280,1,"IOTHUB_CLIENT_CONFIRMATION_OK"
26166,10329676451,10329676552,1,"IOTHUB_CLIENT_CONFIRMATION_OK"
26167,10329676651,10329676693,1,"IOTHUB_CLIENT_CONFIRMATION_OK"
26168,10329676851,10329676879,1,"IOTHUB_CLIENT_CONFIRMATION_OK"
26169,10329677051,10329677169,1,"IOTHUB_CLIENT_CONFIRMATION_OK"
26170,10329677251,10329677280,1,"IOTHUB_CLIENT_CONFIRMATION_OK"
26171,10329677452,10329677607,1,"IOTHUB_CLIENT_CONFIRMATION_OK"
26172,10329677652,10329677682,1,"IOTHUB_CLIENT_CONFIRMATION_OK"
26173,10329677852,10329677902,1,"IOTHUB_CLIENT_CONFIRMATION_OK"
26174,10329678052,10329678098,1,"IOTHUB_CLIENT_CONFIRMATION_OK"
26175,10329678252,10329678315,1,"IOTHUB_CLIENT_CONFIRMATION_OK"
26176,10329678452,10329678492,1,"IOTHUB_CLIENT_CONFIRMATION_OK"
26177,10329678653,10329678730,1,"IOTHUB_CLIENT_CONFIRMATION_OK"
26178,10329678853,10329678886,1,"IOTHUB_CLIENT_CONFIRMATION_OK"
26179,10329679053,10329679103,1,"IOTHUB_CLIENT_CONFIRMATION_OK"
26180,10329679253,10329679286,1,"IOTHUB_CLIENT_CONFIRMATION_OK"
26181,10329679453,10329679482,1,"IOTHUB_CLIENT_CONFIRMATION_OK"
26182,10329679653,10329679773,1,"IOTHUB_CLIENT_CONFIRMATION_OK"
26183,10329679854,10329679891,1,"IOTHUB_CLIENT_CONFIRMATION_OK"
26184,10329680054,10329680101,1,"IOTHUB_CLIENT_CONFIRMATION_OK"
26185,10329680254,10329680285,1,"IOTHUB_CLIENT_CONFIRMATION_OK"
26186,10329680454,10329680489,1,"IOTHUB_CLIENT_CONFIRMATION_OK"
26187,10329680654,10329680691,1,"IOTHUB_CLIENT_CONFIRMATION_OK"
26188,10329680854,10329680886,1,"IOTHUB_CLIENT_CONFIRMATION_OK"
26189,10329681055,10329681082,1,"IOTHUB_CLIENT_CONFIRMATION_OK"
26190,10329681255,10329681440,1,"IOTHUB_CLIENT_CONFIRMATION_OK"
26191,10329681455,10329681489,1,"IOTHUB_CLIENT_CONFIRMATION_OK"
26192,10329681655,10329681704,1,"IOTHUB_CLIENT_CONFIRMATION_OK"
26193,10329681855,10329681906,1,"IOTHUB_CLIENT_CONFIRMATION_OK"
26194,10329682055,10329682089,1,"IOTHUB_CLIENT_CONFIRMATION_OK"
26195,10329682256,10329682396,1,"IOTHUB_CLIENT_CONFIRMATION_OK"
26196,10329682456,10329682512,1,"IOTHUB_CLIENT_CONFIRMATION_OK"
26197,10329682656,10329682687,1,"IOTHUB_CLIENT_CONFIRMATION_OK"
26198,10329682856,10329682922,1,"IOTHUB_CLIENT_CONFIRMATION_OK"
26199,10329683056,10329683084,1,"IOTHUB_CLIENT_CONFIRMATION_OK"
26200,10329683256,10329683357,1,"IOTHUB_CLIENT_CONFIRMATION_OK"
26201,10329683456,10329683572,1,"IOTHUB_CLIENT_CONFIRMATION_OK"
26202,10329683657,10329683692,1,"IOTHUB_CLIENT_CONFIRMATION_OK"
26203,10329683857,10329684035,1,"IOTHUB_CLIENT_CONFIRMATION_OK"
26204,10329684057,10329684091,1,"IOTHUB_CLIENT_CONFIRMATION_OK"
26205,10329684257,10329684292,1,"IOTHUB_CLIENT_CONFIRMATION_OK"
26206,10329684457,10329684492,1,"IOTHUB_CLIENT_CONFIRMATION_OK"
26207,10329684658,10329684690,1,"IOTHUB_CLIENT_CONFIRMATION_OK"
26208,10329684858,10329684892,1,"IOTHUB_CLIENT_CONFIRMATION_OK"
26209,10329685058,10329685087,1,"IOTHUB_CLIENT_CONFIRMATION_OK"
26210,10329685258,10329685290,1,"IOTHUB_CLIENT_CONFIRMATION_OK"
26211,10329685458,10329685548,1,"IOTHUB_CLIENT_CONFIRMATION_OK"
26212,10329685659,10329685802,1,"IOTHUB_CLIENT_CONFIRMATION_OK"
26213,10329685859,10329685888,1,"IOTHUB_CLIENT_CONFIRMATION_OK"
26214,10329686059,10329686133,1,"IOTHUB_CLIENT_CONFIRMATION_OK"
26215,10329686259,10329686305,1,"IOTHUB_CLIENT_CONFIRMATION_OK"
26216,10329686459,10329686494,1,"IOTHUB_CLIENT_CONFIRMATION_OK"
26217,10329686659,10329686723,1,"IOTHUB_CLIENT_CONFIRMATION_OK"
26218,10329686859,10329686887,1,"IOTHUB_CLIENT_CONFIRMATION_OK"
26219,10329687060,10329687107,1,"IOTHUB_CLIENT_CONFIRMATION_OK"
26220,10329687260,10329687289,1,"IOTHUB_CLIENT_CONFIRMATION_OK"
26221,10329687460,10329687493,1,"IOTHUB_CLIENT_CONFIRMATION_OK"
26222,10329687660,10329687724,1,"IOTHUB_CLIENT_CONFIRMATION_OK"
26223,10329687860,10329687899,1,"IOTHUB_CLIENT_CONFIRMATION_OK"
26224,10329688060,10329688131,1,"IOTHUB_CLIENT_CONFIRMATION_OK"
26225,10329688261,10329688290,1,"IOTHUB_CLIENT_CONFIRMATION_OK"
26226,10329688461,10329688502,1,"IOTHUB_CLIENT_CONFIRMATION_OK"
26227,10329688661,10329688731,1,"IOTHUB_CLIENT_CONFIRMATION_OK"
26228,10329688861,10329688889,1,"IOTHUB_CLIENT_CONFIRMATION_OK"
26229,10329689061,10329689160,1,"IOTHUB_CLIENT_CONFIRMATION_OK"
26230,10329689261,10329689295,1,"IOTHUB_CLIENT_CONFIRMATION_OK"
26231,10329689462,10329689490,1,"IOTHUB_CLIENT_CONFIRMATION_OK"
26232,10329689662,10329689821,1,"IOTHUB_CLIENT_CONFIRMATION_OK"
26233,10329689862,10329689899,1,"IOTHUB_CLIENT_CONFIRMATION_OK"
26234,10329690062,10329690098,1,"IOTHUB_CLIENT_CONFIRMATION_OK"
26235,10329690262,10329690319,1,"IOTHUB_CLIENT_CONFIRMATION_OK"
26236,10329690462,10329690506,1,"IOTHUB_CLIENT_CONFIRMATION_OK"
26237,10329690662,10329690699,1,"IOTHUB_CLIENT_CONFIRMATION_OK"
26238,10329690863,10329690899,1,"IOTHUB_CLIENT_CONFIRMATION_OK"
26239,10329691063,10329691095,1,"IOTHUB_CLIENT_CONFIRMATION_OK"
26240,10329691263,10329691422,1,"IOTHUB_CLIENT_CONFIRMATION_OK"
26241,10329691463,10329691502,1,"IOTHUB_CLIENT_CONFIRMATION_OK"
26242,10329691663,10329691692,1,"IOTHUB_CLIENT_CONFIRMATION_OK"
26243,10329691864,10329691910,1,"IOTHUB_CLIENT_CONFIRMATION_OK"
26244,10329692064,10329692098,1,"IOTHUB_CLIENT_CONFIRMATION_OK"
26245,10329692264,10329692470,1,"IOTHUB_CLIENT_CONFIRMATION_OK"
26246,10329692464,10329692493,1,"IOTHUB_CLIENT_CONFIRMATION_OK"
26247,10329692664,10329692702,1,"IOTHUB_CLIENT_CONFIRMATION_OK"
26248,10329692864,10329692897,1,"IOTHUB_CLIENT_CONFIRMATION_OK"
26249,10329693065,10329693095,1,"IOTHUB_CLIENT_CONFIRMATION_OK"
26250,10329693265,10329693300,1,"IOTHUB_CLIENT_CONFIRMATION_OK"
26251,10329693465,10329693503,1,"IOTHUB_CLIENT_CONFIRMATION_OK"
26252,10329693665,10329693699,1,"IOTHUB_CLIENT_CONFIRMATION_OK"
26253,10329693865,10329693904,1,"IOTHUB_CLIENT_CONFIRMATION_OK"
26254,10329694065,10329694094,1,"IOTHUB_CLIENT_CONFIRMATION_OK"
26255,10329694266,10329694309,1,"IOTHUB_CLIENT_CONFIRMATION_OK"
26256,10329694466,10329694528,1,"IOTHUB_CLIENT_CONFIRMATION_OK"
26257,10329694666,10329694697,1,"IOTHUB_CLIENT_CONFIRMATION_OK"
26258,10329694866,10329694906,1,"IOTHUB_CLIENT_CONFIRMATION_OK"
26259,10329695066,10329695098,1,"IOTHUB_CLIENT_CONFIRMATION_OK"
26260,10329695266,10329695298,1,"IOTHUB_CLIENT_CONFIRMATION_OK"
26261,10329695467,10329695536,1,"IOTHUB_CLIENT_CONFIRMATION_OK"
26262,10329695667,10329695700,1,"IOTHUB_CLIENT_CONFIRMATION_OK"
26263,10329695867,10329695912,1,"IOTHUB_CLIENT_CONFIRMATION_OK"
26264,10329696067,10329696183,1,"IOTHUB_CLIENT_CONFIRMATION_OK"
26265,10329696267,10329696298,1,"IOTHUB_CLIENT_CONFIRMATION_OK"
26266,10329696468,10329696526,1,"IOTHUB_CLIENT_CONFIRMATION_OK"
26267,10329696668,10329696709,1,"IOTHUB_CLIENT_CONFIRMATION_OK"
26268,10329696868,10329696910,1,"IOTHUB_CLIENT_CONFIRMATION_OK"
26269,10329697068,10329697152,1,"IOTHUB_CLIENT_CONFIRMATION_OK"
26270,10329697268,10329697316,1,"IOTHUB_CLIENT_CONFIRMATION_OK"
26271,10329697469,10329697498,1,"IOTHUB_CLIENT_CONFIRMATION_OK"
26272,10329697669,10329697698,1,"IOTHUB_CLIENT_CONFIRMATION_OK"
26273,10329697869,10329697903,1,"IOTHUB_CLIENT_CONFIRMATION_OK"
26274,10329698069,10329698173,1,"IOTHUB_CLIENT_CONFIRMATION_OK"
26275,10329698269,10329698303,1,"IOTHUB_CLIENT_CONFIRMATION_OK"
26276,10329698470,10329698504,1,"IOTHUB_CLIENT_CONFIRMATION_OK"
26277,10329698670,10329698801,1,"IOTHUB_CLIENT_CONFIRMATION_OK"
26278,10329698870,10329698899,1,"IOTHUB_CLIENT_CONFIRMATION_OK"
26279,10329699070,10329699110,1,"IOTHUB_CLIENT_CONFIRMATION_OK"
26280,10329699270,10329699304,1,"IOTHUB_CLIENT_CONFIRMATION_OK"
26281,10329699470,10329699503,1,"IOTHUB_CLIENT_CONFIRMATION_OK"
26282,10329699671,10329699813,1,"IOTHUB_CLIENT_CONFIRMATION_OK"
26283,10329699871,10329699900,1,"IOTHUB_CLIENT_CONFIRMATION_OK"
26284,10329700071,10329700162,1,"IOTHUB_CLIENT_CONFIRMATION_OK"
26285,10329700271,10329700364,1,"IOTHUB_CLIENT_CONFIRMATION_OK"
26286,10329700471,10329700577,1,"IOTHUB_CLIENT_CONFIRMATION_OK"
26287,10329700672,10329700775,1,"IOTHUB_CLIENT_CONFIRMATION_OK"
26288,10329700872,10329700908,1,"IOTHUB_CLIENT_CONFIRMATION_OK"
26289,10329701072,10329701106,1,"IOTHUB_CLIENT_CONFIRMATION_OK"
26290,10329701272,10329701440,1,"IOTHUB_CLIENT_CONFIRMATION_OK"
26291,10329701472,10329701506,1,"IOTHUB_CLIENT_CONFIRMATION_OK"
26292,10329701672,10329701722,1,"IOTHUB_CLIENT_CONFIRMATION_OK"
26293,10329701873,10329701913,1,"IOTHUB_CLIENT_CONFIRMATION_OK"
26294,10329702073,10329702130,1,"IOTHUB_CLIENT_CONFIRMATION_OK"
26295,10329702273,10329702344,1,"IOTHUB_CLIENT_CONFIRMATION_OK"
26296,10329702473,10329702503,1,"IOTHUB_CLIENT_CONFIRMATION_OK"
26297,10329702673,10329702743,1,"IOTHUB_CLIENT_CONFIRMATION_OK"
26298,10329702873,10329702923,1,"IOTHUB_CLIENT_CONFIRMATION_OK"
26299,10329703073,10329703117,1,"IOTHUB_CLIENT_CONFIRMATION_OK"
26300,10329703274,10329703301,1,"IOTHUB_CLIENT_CONFIRMATION_OK"
26301,10329703474,10329703553,1,"IOTHUB_CLIENT_CONFIRMATION_OK"
26302,10329703674,10329703704,1,"IOTHUB_CLIENT_CONFIRMATION_OK"
26303,10329703874,10329703949,1,"IOTHUB_CLIENT_CONFIRMATION_OK"
26304,10329704074,10329704107,1,"IOTHUB_CLIENT_CONFIRMATION_OK"
26305,10329704274,10329704306,1,"IOTHUB_CLIENT_CONFIRMATION_OK"
26306,10329704475,10329704577,1,"IOTHUB_CLIENT_CONFIRMATION_OK"
26307,10329704675,10329704707,1,"IOTHUB_CLIENT_CONFIRMATION_OK"
26308,10329704875,10329704911,1,"IOTHUB_CLIENT_CONFIRMATION_OK"
26309,10329705075,10329705125,1,"IOTHUB_CLIENT_CONFIRMATION_OK"
26310,10329705275,10329705309,1,"IOTHUB_CLIENT_CONFIRMATION_OK"
26311,10329705476,10329705585,1,"IOTHUB_CLIENT_CONFIRMATION_OK"
26312,10329705676,10329705707,1,"IOTHUB_CLIENT_CONFIRMATION_OK"
26313,10329705876,10329705970,1,"IOTHUB_CLIENT_CONFIRMATION_OK"
26314,10329706076,10329706110,1,"IOTHUB_CLIENT_CONFIRMATION_OK"
26315,10329706276,10329706304,1,"IOTHUB_CLIENT_CONFIRMATION_OK"
26316,10329706476,10329706512,1,"IOTHUB_CLIENT_CONFIRMATION_OK"
26317,10329706677,10329706713,1,"IOTHUB_CLIENT_CONFIRMATION_OK"
26318,10329706877,10329706906,1,"IOTHUB_CLIENT_CONFIRMATION_OK"
26319,10329707077,10329707112,1,"IOTHUB_CLIENT_CONFIRMATION_OK"
26320,10329707277,10329707321,1,"IOTHUB_CLIENT_CONFIRMATION_OK"
26321,10329707477,10329707512,1,"IOTHUB_CLIENT_CONFIRMATION_OK"
26322,10329707677,10329707712,1,"IOTHUB_CLIENT_CONFIRMATION_OK"
26323,10329707878,10329707923,1,"IOTHUB_CLIENT_CONFIRMATION_OK"
26324,10329708078,10329708126,1,"IOTHUB_CLIENT_CONFIRMATION_OK"
26325,10329708278,10329708308,1,"IOTHUB_CLIENT_CONFIRMATION_OK"
26326,10329708478,10329708512,1,"IOTHUB_CLIENT_CONFIRMATION_OK"
26327,10329708678,10329708723,1,"IOTHUB_CLIENT_CONFIRMATION_OK"
26328,10329708879,10329708922,1,"IOTHUB_CLIENT_CONFIRMATION_OK"
26329,10329709079,10329709137,1,"IOTHUB_CLIENT_CONFIRMATION_OK"
26330,10329709279,10329709318,1,"IOTHUB_CLIENT_CONFIRMATION_OK"
26331,10329709479,10329709512,1,"IOTHUB_CLIENT_CONFIRMATION_OK"
26332,10329709679,10329709722,1,"IOTHUB_CLIENT_CONFIRMATION_OK"
26333,10329709880,10329709914,1,"IOTHUB_CLIENT_CONFIRMATION_OK"
26334,10329710080,10329710115,1,"IOTHUB_CLIENT_CONFIRMATION_OK"
26335,10329710280,10329710326,1,"IOTHUB_CLIENT_CONFIRMATION_OK"
26336,10329710480,10329710539,1,"IOTHUB_CLIENT_CONFIRMATION_OK"
26337,10329710680,10329710712,1,"IOTHUB_CLIENT_CONFIRMATION_OK"
26338,10329710880,10329710920,1,"IOTHUB_CLIENT_CONFIRMATION_OK"
26339,10329711081,10329711127,1,"IOTHUB_CLIENT_CONFIRMATION_OK"
26340,10329711281,10329711350,1,"IOTHUB_CLIENT_CONFIRMATION_OK"
26341,10329711481,10329711515,1,"IOTHUB_CLIENT_CONFIRMATION_OK"
26342,10329711681,10329711715,1,"IOTHUB_CLIENT_CONFIRMATION_OK"
26343,10329711881,10329711983,1,"IOTHUB_CLIENT_CONFIRMATION_OK"
26344,10329712082,10329712150,1,"IOTHUB_CLIENT_CONFIRMATION_OK"
26345,10329712282,10329712396,1,"IOTHUB_CLIENT_CONFIRMATION_OK"
26346,10329712482,10329712517,1,"IOTHUB_CLIENT_CONFIRMATION_OK"
26347,10329712682,10329712711,1,"IOTHUB_CLIENT_CONFIRMATION_OK"
26348,10329712882,10329713019,1,"IOTHUB_CLIENT_CONFIRMATION_OK"
26349,10329713082,10329713125,1,"IOTHUB_CLIENT_CONFIRMATION_OK"
26350,10329713283,10329713317,1,"IOTHUB_CLIENT_CONFIRMATION_OK"
26351,10329713483,10329713527,1,"IOTHUB_CLIENT_CONFIRMATION_OK"
26352,10329713683,10329713713,1,"IOTHUB_CLIENT_CONFIRMATION_OK"
26353,10329713883,10329714062,1,"IOTHUB_CLIENT_CONFIRMATION_OK"
26354,10329714084,10329714119,1,"IOTHUB_CLIENT_CONFIRMATION_OK"
26355,10329714284,10329714317,1,"IOTHUB_CLIENT_CONFIRMATION_OK"
26356,10329714484,10329714542,1,"IOTHUB_CLIENT_CONFIRMATION_OK"
26357,10329714684,10329714717,1,"IOTHUB_CLIENT_CONFIRMATION_OK"
26358,10329714884,10329714924,1,"IOTHUB_CLIENT_CONFIRMATION_OK"
26359,10329715084,10329715114,1,"IOTHUB_CLIENT_CONFIRMATION_OK"
26360,10329715285,10329715319,1,"IOTHUB_CLIENT_CONFIRMATION_OK"
26361,10329715485,10329715546,1,"IOTHUB_CLIENT_CONFIRMATION_OK"
26362,10329715685,10329715718,1,"IOTHUB_CLIENT_CONFIRMATION_OK"
26363,10329715885,10329715921,1,"IOTHUB_CLIENT_CONFIRMATION_OK"
26364,10329716085,10329716142,1,"IOTHUB_CLIENT_CONFIRMATION_OK"
26365,10329716286,10329716319,1,"IOTHUB_CLIENT_CONFIRMATION_OK"
26366,10329716486,10329716518,1,"IOTHUB_CLIENT_CONFIRMATION_OK"
26367,10329716686,10329716751,1,"IOTHUB_CLIENT_CONFIRMATION_OK"
26368,10329716886,10329716918,1,"IOTHUB_CLIENT_CONFIRMATION_OK"
26369,10329717086,10329717153,1,"IOTHUB_CLIENT_CONFIRMATION_OK"
26370,10329717287,10329717321,1,"IOTHUB_CLIENT_CONFIRMATION_OK"
26371,10329717487,10329717522,1,"IOTHUB_CLIENT_CONFIRMATION_OK"
26372,10329717687,10329717764,1,"IOTHUB_CLIENT_CONFIRMATION_OK"
26373,10329717887,10329717918,1,"IOTHUB_CLIENT_CONFIRMATION_OK"
26374,10329718087,10329718172,1,"IOTHUB_CLIENT_CONFIRMATION_OK"
26375,10329718287,10329718322,1,"IOTHUB_CLIENT_CONFIRMATION_OK"
26376,10329718487,10329718522,1,"IOTHUB_CLIENT_CONFIRMATION_OK"
26377,10329718688,10329718781,1,"IOTHUB_CLIENT_CONFIRMATION_OK"
26378,10329718888,10329718918,1,"IOTHUB_CLIENT_CONFIRMATION_OK"
26379,10329719088,10329719138,1,"IOTHUB_CLIENT_CONFIRMATION_OK"
26380,10329719288,10329719328,1,"IOTHUB_CLIENT_CONFIRMATION_OK"
26381,10329719488,10329719530,1,"IOTHUB_CLIENT_CONFIRMATION_OK"
26382,10329719688,10329719794,1,"IOTHUB_CLIENT_CONFIRMATION_OK"
26383,10329719889,10329719921,1,"IOTHUB_CLIENT_CONFIRMATION_OK"
26384,10329720089,10329720149,1,"IOTHUB_CLIENT_CONFIRMATION_OK"
26385,10329720289,10329720325,1,"IOTHUB_CLIENT_CONFIRMATION_OK"
26386,10329720489,10329720519,1,"IOTHUB_CLIENT_CONFIRMATION_OK"
26387,10329720689,10329720726,1,"IOTHUB_CLIENT_CONFIRMATION_OK"
26388,10329720889,10329720926,1,"IOTHUB_CLIENT_CONFIRMATION_OK"
26389,10329721090,10329721133,1,"IOTHUB_CLIENT_CONFIRMATION_OK"
26390,10329721290,10329721433,1,"IOTHUB_CLIENT_CONFIRMATION_OK"
26391,10329721490,10329721526,1,"IOTHUB_CLIENT_CONFIRMATION_OK"
26392,10329721690,10329721723,1,"IOTHUB_CLIENT_CONFIRMATION_OK"
26393,10329721890,10329721924,1,"IOTHUB_CLIENT_CONFIRMATION_OK"
26394,10329722090,10329722123,1,"IOTHUB_CLIENT_CONFIRMATION_OK"
26395,10329722291,10329722428,1,"IOTHUB_CLIENT_CONFIRMATION_OK"
26396,10329722491,10329722526,1,"IOTHUB_CLIENT_CONFIRMATION_OK"
26397,10329722691,10329722720,1,"IOTHUB_CLIENT_CONFIRMATION_OK"
26398,10329722891,10329722939,1,"IOTHUB_CLIENT_CONFIRMATION_OK"
26399,10329723091,10329723139,1,"IOTHUB_CLIENT_CONFIRMATION_OK"
26400,10329723291,10329723325,1,"IOTHUB_CLIENT_CONFIRMATION_OK"
26401,10329723491,10329723879,1,"IOTHUB_CLIENT_CONFIRMATION_OK"
26402,10329723692,10329723911,1,"IOTHUB_CLIENT_CONFIRMATION_OK"
26403,10329723892,10329723938,1,"IOTHUB_CLIENT_CONFIRMATION_OK"
26404,10329724092,10329724189,1,"IOTHUB_CLIENT_CONFIRMATION_OK"
26405,10329724292,10329724326,1,"IOTHUB_CLIENT_CONFIRMATION_OK"
26406,10329724492,10329724522,1,"IOTHUB_CLIENT_CONFIRMATION_OK"
26407,10329724692,10329724935,1,"IOTHUB_CLIENT_CONFIRMATION_OK"
26408,10329724893,10329724964,1,"IOTHUB_CLIENT_CONFIRMATION_OK"
26409,10329725093,10329725122,1,"IOTHUB_CLIENT_CONFIRMATION_OK"
26410,10329725293,10329725324,1,"IOTHUB_CLIENT_CONFIRMATION_OK"
26411,10329725493,10329725640,1,"IOTHUB_CLIENT_CONFIRMATION_OK"
26412,10329725693,10329725727,1,"IOTHUB_CLIENT_CONFIRMATION_OK"
26413,10329725893,10329725935,1,"IOTHUB_CLIENT_CONFIRMATION_OK"
26414,10329726094,10329726127,1,"IOTHUB_CLIENT_CONFIRMATION_OK"
26415,10329726294,10329726327,1,"IOTHUB_CLIENT_CONFIRMATION_OK"
26416,10329726494,10329726642,1,"IOTHUB_CLIENT_CONFIRMATION_OK"
26417,10329726694,10329726734,1,"IOTHUB_CLIENT_CONFIRMATION_OK"
26418,10329726894,10329726957,1,"IOTHUB_CLIENT_CONFIRMATION_OK"
26419,10329727094,10329727136,1,"IOTHUB_CLIENT_CONFIRMATION_OK"
26420,10329727294,10329727327,1,"IOTHUB_CLIENT_CONFIRMATION_OK"
26421,10329727495,10329727547,1,"IOTHUB_CLIENT_CONFIRMATION_OK"
26422,10329727695,10329727729,1,"IOTHUB_CLIENT_CONFIRMATION_OK"
26423,10329727895,10329727930,1,"IOTHUB_CLIENT_CONFIRMATION_OK"
26424,10329728095,10329728310,1,"IOTHUB_CLIENT_CONFIRMATION_OK"
26425,10329728296,10329728332,1,"IOTHUB_CLIENT_CONFIRMATION_OK"
26426,10329728496,10329728529,1,"IOTHUB_CLIENT_CONFIRMATION_OK"
26427,10329728696,10329728832,1,"IOTHUB_CLIENT_CONFIRMATION_OK"
26428,10329728896,10329728930,1,"IOTHUB_CLIENT_CONFIRMATION_OK"
26429,10329729096,10329729133,1,"IOTHUB_CLIENT_CONFIRMATION_OK"
26430,10329729296,10329729362,1,"IOTHUB_CLIENT_CONFIRMATION_OK"
26431,10329729496,10329729542,1,"IOTHUB_CLIENT_CONFIRMATION_OK"
26432,10329729697,10329729724,1,"IOTHUB_CLIENT_CONFIRMATION_OK"
26433,10329729897,10329729930,1,"IOTHUB_CLIENT_CONFIRMATION_OK"
26434,10329730097,10329730130,1,"IOTHUB_CLIENT_CONFIRMATION_OK"
26435,10329730297,10329730331,1,"IOTHUB_CLIENT_CONFIRMATION_OK"
26436,10329730497,10329730532,1,"IOTHUB_CLIENT_CONFIRMATION_OK"
26437,10329730697,10329730744,1,"IOTHUB_CLIENT_CONFIRMATION_OK"
26438,10329730897,10329730931,1,"IOTHUB_CLIENT_CONFIRMATION_OK"
26439,10329731098,10329731128,1,"IOTHUB_CLIENT_CONFIRMATION_OK"
26440,10329731298,10329731343,1,"IOTHUB_CLIENT_CONFIRMATION_OK"
26441,10329731498,10329731536,1,"IOTHUB_CLIENT_CONFIRMATION_OK"
26442,10329731698,10329731733,1,"IOTHUB_CLIENT_CONFIRMATION_OK"
26443,10329731898,10329731957,1,"IOTHUB_CLIENT_CONFIRMATION_OK"
26444,10329732098,10329732129,1,"IOTHUB_CLIENT_CONFIRMATION_OK"
26445,10329732299,10329732355,1,"IOTHUB_CLIENT_CONFIRMATION_OK"
26446,10329732499,10329732527,1,"IOTHUB_CLIENT_CONFIRMATION_OK"
26447,10329732699,10329732732,1,"IOTHUB_CLIENT_CONFIRMATION_OK"
26448,10329732899,10329732966,1,"IOTHUB_CLIENT_CONFIRMATION_OK"
26449,10329733099,10329733133,1,"IOTHUB_CLIENT_CONFIRMATION_OK"
26450,10329733299,10329733327,1,"IOTHUB_CLIENT_CONFIRMATION_OK"
26451,10329733500,10329733580,1,"IOTHUB_CLIENT_CONFIRMATION_OK"
26452,10329733700,10329733731,1,"IOTHUB_CLIENT_CONFIRMATION_OK"
26453,10329733900,10329733994,1,"IOTHUB_CLIENT_CONFIRMATION_OK"
26454,10329734100,10329734134,1,"IOTHUB_CLIENT_CONFIRMATION_OK"
26455,10329734300,10329734330,1,"IOTHUB_CLIENT_CONFIRMATION_OK"
26456,10329734501,10329735002,1,"IOTHUB_CLIENT_CONFIRMATION_OK"
26457,10329734701,10329735042,1,"IOTHUB_CLIENT_CONFIRMATION_OK"
26458,10329734901,10329735208,1,"IOTHUB_CLIENT_CONFIRMATION_OK"
26459,10329735101,10329735230,1,"IOTHUB_CLIENT_CONFIRMATION_OK"
26460,10329735301,10329735334,1,"IOTHUB_CLIENT_CONFIRMATION_OK"
26461,10329735501,10329735615,1,"IOTHUB_CLIENT_CONFIRMATION_OK"
26462,10329735702,10329735737,1,"IOTHUB_CLIENT_CONFIRMATION_OK"
26463,10329735902,10329735968,1,"IOTHUB_CLIENT_CONFIRMATION_OK"
26464,10329736102,10329736130,1,"IOTHUB_CLIENT_CONFIRMATION_OK"
26465,10329736302,10329736335,1,"IOTHUB_CLIENT_CONFIRMATION_OK"
26466,10329736502,10329736677,1,"IOTHUB_CLIENT_CONFIRMATION_OK"
26467,10329736703,10329736735,1,"IOTHUB_CLIENT_CONFIRMATION_OK"
26468,10329736903,10329736937,1,"IOTHUB_CLIENT_CONFIRMATION_OK"
26469,10329737103,10329737143,1,"IOTHUB_CLIENT_CONFIRMATION_OK"
26470,10329737303,10329737334,1,"IOTHUB_CLIENT_CONFIRMATION_OK"
26471,10329737503,10329737543,1,"IOTHUB_CLIENT_CONFIRMATION_OK"
26472,10329737703,10329737763,1,"IOTHUB_CLIENT_CONFIRMATION_OK"
26473,10329737904,10329737935,1,"IOTHUB_CLIENT_CONFIRMATION_OK"
26474,10329738104,10329738284,1,"IOTHUB_CLIENT_CONFIRMATION_OK"
26475,10329738304,10329738378,1,"IOTHUB_CLIENT_CONFIRMATION_OK"
26476,10329738504,10329738540,1,"IOTHUB_CLIENT_CONFIRMATION_OK"
26477,10329738704,10329738827,1,"IOTHUB_CLIENT_CONFIRMATION_OK"
26478,10329738904,10329739309,1,"IOTHUB_CLIENT_CONFIRMATION_OK"
26479,10329739105,10329739351,1,"IOTHUB_CLIENT_CONFIRMATION_OK"
26480,10329739305,10329739381,1,"IOTHUB_CLIENT_CONFIRMATION_OK"
26481,10329739505,10329739567,1,"IOTHUB_CLIENT_CONFIRMATION_OK"
26482,10329739705,10329739743,1,"IOTHUB_CLIENT_CONFIRMATION_OK"
26483,10329739905,10329739934,1,"IOTHUB_CLIENT_CONFIRMATION_OK"
26484,10329740106,10329740133,1,"IOTHUB_CLIENT_CONFIRMATION_OK"
26485,10329740306,10329740346,1,"IOTHUB_CLIENT_CONFIRMATION_OK"
26486,10329740506,10329740540,1,"IOTHUB_CLIENT_CONFIRMATION_OK"
26487,10329740706,10329740740,1,"IOTHUB_CLIENT_CONFIRMATION_OK"
26488,10329740907,10329740935,1,"IOTHUB_CLIENT_CONFIRMATION_OK"
26489,10329741107,10329741144,1,"IOTHUB_CLIENT_CONFIRMATION_OK"
26490,10329741307,10329741358,1,"IOTHUB_CLIENT_CONFIRMATION_OK"
26491,10329741507,10329741537,1,"IOTHUB_CLIENT_CONFIRMATION_OK"
26492,10329741707,10329741736,1,"IOTHUB_CLIENT_CONFIRMATION_OK"
26493,10329741907,10329741968,1,"IOTHUB_CLIENT_CONFIRMATION_OK"
26494,10329742107,10329742140,1,"IOTHUB_CLIENT_CONFIRMATION_OK"
26495,10329742308,10329742376,1,"IOTHUB_CLIENT_CONFIRMATION_OK"
26496,10329742508,10329742542,1,"IOTHUB_CLIENT_CONFIRMATION_OK"
26497,10329742708,10329742738,1,"IOTHUB_CLIENT_CONFIRMATION_OK"
26498,10329742908,10329743007,1,"IOTHUB_CLIENT_CONFIRMATION_OK"
26499,10329743108,10329743141,1,"IOTHUB_CLIENT_CONFIRMATION_OK"
26500,10329743308,10329743340,1,"IOTHUB_CLIENT_CONFIRMATION_OK"
26501,10329743509,10329743549,1,"IOTHUB_CLIENT_CONFIRMATION_OK"
26502,10329743709,10329743749,1,"IOTHUB_CLIENT_CONFIRMATION_OK"
26503,10329743909,10329744175,1,"IOTHUB_CLIENT_CONFIRMATION_OK"
26504,10329744109,10329744196,1,"IOTHUB_CLIENT_CONFIRMATION_OK"
26505,10329744309,10329744340,1,"IOTHUB_CLIENT_CONFIRMATION_OK"
26506,10329744509,10329744582,1,"IOTHUB_CLIENT_CONFIRMATION_OK"
26507,10329744709,10329744737,1,"IOTHUB_CLIENT_CONFIRMATION_OK"
26508,10329744910,10329744942,1,"IOTHUB_CLIENT_CONFIRMATION_OK"
26509,10329745110,10329745144,1,"IOTHUB_CLIENT_CONFIRMATION_OK"
26510,10329745310,10329745343,1,"IOTHUB_CLIENT_CONFIRMATION_OK"
26511,10329745510,10329745600,1,"IOTHUB_CLIENT_CONFIRMATION_OK"
26512,10329745710,10329745743,1,"IOTHUB_CLIENT_CONFIRMATION_OK"
26513,10329745911,10329745945,1,"IOTHUB_CLIENT_CONFIRMATION_OK"
26514,10329746111,10329746221,1,"IOTHUB_CLIENT_CONFIRMATION_OK"
26515,10329746311,10329746343,1,"IOTHUB_CLIENT_CONFIRMATION_OK"
26516,10329746511,10329746614,1,"IOTHUB_CLIENT_CONFIRMATION_OK"
26517,10329746711,10329746741,1,"IOTHUB_CLIENT_CONFIRMATION_OK"
26518,10329746912,10329746944,1,"IOTHUB_CLIENT_CONFIRMATION_OK"
26519,10329747112,10329747253,1,"IOTHUB_CLIENT_CONFIRMATION_OK"
26520,10329747312,10329747349,1,"IOTHUB_CLIENT_CONFIRMATION_OK"
26521,10329747512,10329747546,1,"IOTHUB_CLIENT_CONFIRMATION_OK"
26522,10329747712,10329747747,1,"IOTHUB_CLIENT_CONFIRMATION_OK"
26523,10329747912,10329747945,1,"IOTHUB_CLIENT_CONFIRMATION_OK"
26524,10329748112,10329748257,1,"IOTHUB_CLIENT_CONFIRMATION_OK"
26525,10329748313,10329748347,1,"IOTHUB_CLIENT_CONFIRMATION_OK"
26526,10329748513,10329748543,1,"IOTHUB_CLIENT_CONFIRMATION_OK"
26527,10329748713,10329748745,1,"IOTHUB_CLIENT_CONFIRMATION_OK"
26528,10329748913,10329748948,1,"IOTHUB_CLIENT_CONFIRMATION_OK"
26529,10329749113,10329749149,1,"IOTHUB_CLIENT_CONFIRMATION_OK"
26530,10329749314,10329749365,1,"IOTHUB_CLIENT_CONFIRMATION_OK"
26531,10329749514,10329749549,1,"IOTHUB_CLIENT_CONFIRMATION_OK"
26532,10329749714,10329749886,1,"IOTHUB_CLIENT_CONFIRMATION_OK"
26533,10329749914,10329749951,1,"IOTHUB_CLIENT_CONFIRMATION_OK"
26534,10329750114,10329750176,1,"IOTHUB_CLIENT_CONFIRMATION_OK"
26535,10329750314,10329750348,1,"IOTHUB_CLIENT_CONFIRMATION_OK"
26536,10329750515,10329750548,1,"IOTHUB_CLIENT_CONFIRMATION_OK"
26537,10329750715,10329750750,1,"IOTHUB_CLIENT_CONFIRMATION_OK"
26538,10329750915,10329751273,1,"IOTHUB_CLIENT_CONFIRMATION_OK"
26539,10329751115,10329751305,1,"IOTHUB_CLIENT_CONFIRMATION_OK"
26540,10329751315,10329751370,1,"IOTHUB_CLIENT_CONFIRMATION_OK"
26541,10329751515,10329751553,1,"IOTHUB_CLIENT_CONFIRMATION_OK"
26542,10329751716,10329751750,1,"IOTHUB_CLIENT_CONFIRMATION_OK"
26543,10329751916,10329751956,1,"IOTHUB_CLIENT_CONFIRMATION_OK"
26544,10329752116,10329752146,1,"IOTHUB_CLIENT_CONFIRMATION_OK"
26545,10329752316,10329752512,1,"IOTHUB_CLIENT_CONFIRMATION_OK"
26546,10329752516,10329752557,1,"IOTHUB_CLIENT_CONFIRMATION_OK"
26547,10329752717,10329752754,1,"IOTHUB_CLIENT_CONFIRMATION_OK"
26548,10329752917,10329752955,1,"IOTHUB_CLIENT_CONFIRMATION_OK"
26549,10329753117,10329753145,1,"IOTHUB_CLIENT_CONFIRMATION_OK"
26550,10329753317,10329753358,1,"IOTHUB_CLIENT_CONFIRMATION_OK"
26551,10329753517,10329753545,1,"IOTHUB_CLIENT_CONFIRMATION_OK"
26552,10329753717,10329753751,1,"IOTHUB_CLIENT_CONFIRMATION_OK"
26553,10329753918,10329753954,1,"IOTHUB_CLIENT_CONFIRMATION_OK"
26554,10329754118,10329754150,1,"IOTHUB_CLIENT_CONFIRMATION_OK"
26555,10329754318,10329754351,1,"IOTHUB_CLIENT_CONFIRMATION_OK"
26556,10329754518,10329754566,1,"IOTHUB_CLIENT_CONFIRMATION_OK"
26557,10329754718,10329754750,1,"IOTHUB_CLIENT_CONFIRMATION_OK"
26558,10329754918,10329754949,1,"IOTHUB_CLIENT_CONFIRMATION_OK"
26559,10329755119,10329755168,1,"IOTHUB_CLIENT_CONFIRMATION_OK"
26560,10329755319,10329755348,1,"IOTHUB_CLIENT_CONFIRMATION_OK"
26561,10329755519,10329755569,1,"IOTHUB_CLIENT_CONFIRMATION_OK"
26562,10329755719,10329755757,1,"IOTHUB_CLIENT_CONFIRMATION_OK"
26563,10329755919,10329755955,1,"IOTHUB_CLIENT_CONFIRMATION_OK"
26564,10329756119,10329756178,1,"IOTHUB_CLIENT_CONFIRMATION_OK"
26565,10329756319,10329756348,1,"IOTHUB_CLIENT_CONFIRMATION_OK"
26566,10329756520,10329756571,1,"IOTHUB_CLIENT_CONFIRMATION_OK"
26567,10329756720,10329756755,1,"IOTHUB_CLIENT_CONFIRMATION_OK"
26568,10329756920,10329756949,1,"IOTHUB_CLIENT_CONFIRMATION_OK"
26569,10329757120,10329757193,1,"IOTHUB_CLIENT_CONFIRMATION_OK"
26570,10329757320,10329757352,1,"IOTHUB_CLIENT_CONFIRMATION_OK"
26571,10329757521,10329757549,1,"IOTHUB_CLIENT_CONFIRMATION_OK"
26572,10329757721,10329757801,1,"IOTHUB_CLIENT_CONFIRMATION_OK"
26573,10329757921,10329757949,1,"IOTHUB_CLIENT_CONFIRMATION_OK"
26574,10329758121,10329758205,1,"IOTHUB_CLIENT_CONFIRMATION_OK"
26575,10329758321,10329758355,1,"IOTHUB_CLIENT_CONFIRMATION_OK"
26576,10329758521,10329758557,1,"IOTHUB_CLIENT_CONFIRMATION_OK"
26577,10329758721,10329758826,1,"IOTHUB_CLIENT_CONFIRMATION_OK"
26578,10329758922,10329758957,1,"IOTHUB_CLIENT_CONFIRMATION_OK"
26579,10329759122,10329759159,1,"IOTHUB_CLIENT_CONFIRMATION_OK"
26580,10329759322,10329759357,1,"IOTHUB_CLIENT_CONFIRMATION_OK"
26581,10329759522,10329759559,1,"IOTHUB_CLIENT_CONFIRMATION_OK"
26582,10329759722,10329759830,1,"IOTHUB_CLIENT_CONFIRMATION_OK"
26583,10329759923,10329760001,1,"IOTHUB_CLIENT_CONFIRMATION_OK"
26584,10329760123,10329760151,1,"IOTHUB_CLIENT_CONFIRMATION_OK"
26585,10329760323,10329760387,1,"IOTHUB_CLIENT_CONFIRMATION_OK"
26586,10329760523,10329760557,1,"IOTHUB_CLIENT_CONFIRMATION_OK"
26587,10329760723,10329760753,1,"IOTHUB_CLIENT_CONFIRMATION_OK"
26588,10329760923,10329760957,1,"IOTHUB_CLIENT_CONFIRMATION_OK"
26589,10329761123,10329761159,1,"IOTHUB_CLIENT_CONFIRMATION_OK"
26590,10329761324,10329761522,1,"IOTHUB_CLIENT_CONFIRMATION_OK"
26591,10329761524,10329761556,1,"IOTHUB_CLIENT_CONFIRMATION_OK"
26592,10329761724,10329761759,1,"IOTHUB_CLIENT_CONFIRMATION_OK"
26593,10329761924,10329761973,1,"IOTHUB_CLIENT_CONFIRMATION_OK"
26594,10329762124,10329762171,1,"IOTHUB_CLIENT_CONFIRMATION_OK"
26595,10329762324,10329762525,1,"IOTHUB_CLIENT_CONFIRMATION_OK"
26596,10329762525,10329762554,1,"IOTHUB_CLIENT_CONFIRMATION_OK"
26597,10329762725,10329762756,1,"IOTHUB_CLIENT_CONFIRMATION_OK"
26598,10329762925,10329762960,1,"IOTHUB_CLIENT_CONFIRMATION_OK"
26599,10329763125,10329763190,1,"IOTHUB_CLIENT_CONFIRMATION_OK"
26600,10329763325,10329763362,1,"IOTHUB_CLIENT_CONFIRMATION_OK"
26601,10329763526,10329763559,1,"IOTHUB_CLIENT_CONFIRMATION_OK"
26602,10329763726,10329763755,1,"IOTHUB_CLIENT_CONFIRMATION_OK"
26603,10329763926,10329763954,1,"IOTHUB_CLIENT_CONFIRMATION_OK"
26604,10329764126,10329764159,1,"IOTHUB_CLIENT_CONFIRMATION_OK"
26605,10329764326,10329764354,1,"IOTHUB_CLIENT_CONFIRMATION_OK"
26606,10329764526,10329764563,1,"IOTHUB_CLIENT_CONFIRMATION_OK"
26607,10329764726,10329764755,1,"IOTHUB_CLIENT_CONFIRMATION_OK"
26608,10329764927,10329764971,1,"IOTHUB_CLIENT_CONFIRMATION_OK"
26609,10329765127,10329765173,1,"IOTHUB_CLIENT_CONFIRMATION_OK"
26610,10329765327,10329765362,1,"IOTHUB_CLIENT_CONFIRMATION_OK"
26611,10329765527,10329765568,1,"IOTHUB_CLIENT_CONFIRMATION_OK"
26612,10329765727,10329765760,1,"IOTHUB_CLIENT_CONFIRMATION_OK"
26613,10329765928,10329765962,1,"IOTHUB_CLIENT_CONFIRMATION_OK"
26614,10329766128,10329766180,1,"IOTHUB_CLIENT_CONFIRMATION_OK"
26615,10329766328,10329766362,1,"IOTHUB_CLIENT_CONFIRMATION_OK"
26616,10329766528,10329766571,1,"IOTHUB_CLIENT_CONFIRMATION_OK"
26617,10329766728,10329766760,1,"IOTHUB_CLIENT_CONFIRMATION_OK"
26618,10329766928,10329766964,1,"IOTHUB_CLIENT_CONFIRMATION_OK"
26619,10329767128,10329767331,1,"IOTHUB_CLIENT_CONFIRMATION_OK"
26620,10329767329,10329767357,1,"IOTHUB_CLIENT_CONFIRMATION_OK"
26621,10329767529,10329767563,1,"IOTHUB_CLIENT_CONFIRMATION_OK"
26622,10329767729,10329767801,1,"IOTHUB_CLIENT_CONFIRMATION_OK"
26623,10329767929,10329768000,1,"IOTHUB_CLIENT_CONFIRMATION_OK"
26624,10329768129,10329768208,1,"IOTHUB_CLIENT_CONFIRMATION_OK"
26625,10329768330,10329768363,1,"IOTHUB_CLIENT_CONFIRMATION_OK"
26626,10329768530,10329768564,1,"IOTHUB_CLIENT_CONFIRMATION_OK"
26627,10329768730,10329768821,1,"IOTHUB_CLIENT_CONFIRMATION_OK"
26628,10329768930,10329768993,1,"IOTHUB_CLIENT_CONFIRMATION_OK"
26629,10329769130,10329769176,1,"IOTHUB_CLIENT_CONFIRMATION_OK"
26630,10329769330,10329769364,1,"IOTHUB_CLIENT_CONFIRMATION_OK"
26631,10329769531,10329769560,1,"IOTHUB_CLIENT_CONFIRMATION_OK"
26632,10329769731,10329769832,1,"IOTHUB_CLIENT_CONFIRMATION_OK"
26633,10329769931,10329769963,1,"IOTHUB_CLIENT_CONFIRMATION_OK"
26634,10329770131,10329770179,1,"IOTHUB_CLIENT_CONFIRMATION_OK"
26635,10329770331,10329770366,1,"IOTHUB_CLIENT_CONFIRMATION_OK"
26636,10329770531,10329770561,1,"IOTHUB_CLIENT_CONFIRMATION_OK"
26637,10329770732,10329770766,1,"IOTHUB_CLIENT_CONFIRMATION_OK"
26638,10329770932,10329770967,1,"IOTHUB_CLIENT_CONFIRMATION_OK"
26639,10329771132,10329771164,1,"IOTHUB_CLIENT_CONFIRMATION_OK"
26640,10329771332,10329771489,1,"IOTHUB_CLIENT_CONFIRMATION_OK"
26641,10329771532,10329771571,1,"IOTHUB_CLIENT_CONFIRMATION_OK"
26642,10329771732,10329771771,1,"IOTHUB_CLIENT_CONFIRMATION_OK"
26643,10329771933,10329771961,1,"IOTHUB_CLIENT_CONFIRMATION_OK"
26644,10329772133,10329772166,1,"IOTHUB_CLIENT_CONFIRMATION_OK"
26645,10329772333,10329772518,1,"IOTHUB_CLIENT_CONFIRMATION_OK"
26646,10329772533,10329772569,1,"IOTHUB_CLIENT_CONFIRMATION_OK"
26647,10329772733,10329772787,1,"IOTHUB_CLIENT_CONFIRMATION_OK"
26648,10329772933,10329772972,1,"IOTHUB_CLIENT_CONFIRMATION_OK"
26649,10329773134,10329773239,1,"IOTHUB_CLIENT_CONFIRMATION_OK"
26650,10329773334,10329773372,1,"IOTHUB_CLIENT_CONFIRMATION_OK"
26651,10329773535,10329773562,1,"IOTHUB_CLIENT_CONFIRMATION_OK"
26652,10329773735,10329773789,1,"IOTHUB_CLIENT_CONFIRMATION_OK"
26653,10329773935,10329773986,1,"IOTHUB_CLIENT_CONFIRMATION_OK"
26654,10329774135,10329774170,1,"IOTHUB_CLIENT_CONFIRMATION_OK"
26655,10329774335,10329774371,1,"IOTHUB_CLIENT_CONFIRMATION_OK"
26656,10329774535,10329774588,1,"IOTHUB_CLIENT_CONFIRMATION_OK"
26657,10329774735,10329774789,1,"IOTHUB_CLIENT_CONFIRMATION_OK"
26658,10329774936,10329774970,1,"IOTHUB_CLIENT_CONFIRMATION_OK"
26659,10329775136,10329775270,1,"IOTHUB_CLIENT_CONFIRMATION_OK"
26660,10329775336,10329775368,1,"IOTHUB_CLIENT_CONFIRMATION_OK"
26661,10329775536,10329775570,1,"IOTHUB_CLIENT_CONFIRMATION_OK"
26662,10329775736,10329775771,1,"IOTHUB_CLIENT_CONFIRMATION_OK"
26663,10329775936,10329775970,1,"IOTHUB_CLIENT_CONFIRMATION_OK"
26664,10329776136,10329776175,1,"IOTHUB_CLIENT_CONFIRMATION_OK"
26665,10329776337,10329776371,1,"IOTHUB_CLIENT_CONFIRMATION_OK"
26666,10329776537,10329776571,1,"IOTHUB_CLIENT_CONFIRMATION_OK"
26667,10329776737,10329776782,1,"IOTHUB_CLIENT_CONFIRMATION_OK"
26668,10329776937,10329776971,1,"IOTHUB_CLIENT_CONFIRMATION_OK"
26669,10329777138,10329777192,1,"IOTHUB_CLIENT_CONFIRMATION_OK"
26670,10329777338,10329777371,1,"IOTHUB_CLIENT_CONFIRMATION_OK"
26671,10329777538,10329777571,1,"IOTHUB_CLIENT_CONFIRMATION_OK"
26672,10329777738,10329777834,1,"IOTHUB_CLIENT_CONFIRMATION_OK"
26673,10329777938,10329777979,1,"IOTHUB_CLIENT_CONFIRMATION_OK"
26674,10329778139,10329778206,1,"IOTHUB_CLIENT_CONFIRMATION_OK"
26675,10329778339,10329778372,1,"IOTHUB_CLIENT_CONFIRMATION_OK"
26676,10329778539,10329778572,1,"IOTHUB_CLIENT_CONFIRMATION_OK"
26677,10329778739,10329778818,1,"IOTHUB_CLIENT_CONFIRMATION_OK"
26678,10329778939,10329778976,1,"IOTHUB_CLIENT_CONFIRMATION_OK"
26679,10329779139,10329779180,1,"IOTHUB_CLIENT_CONFIRMATION_OK"
26680,10329779340,10329779377,1,"IOTHUB_CLIENT_CONFIRMATION_OK"
26681,10329779540,10329779571,1,"IOTHUB_CLIENT_CONFIRMATION_OK"
26682,10329779740,10329779775,1,"IOTHUB_CLIENT_CONFIRMATION_OK"
26683,10329779940,10329779973,1,"IOTHUB_CLIENT_CONFIRMATION_OK"
26684,10329780141,10329780170,1,"IOTHUB_CLIENT_CONFIRMATION_OK"
26685,10329780341,10329780375,1,"IOTHUB_CLIENT_CONFIRMATION_OK"
26686,10329780541,10329780574,1,"IOTHUB_CLIENT_CONFIRMATION_OK"
26687,10329780741,10329780786,1,"IOTHUB_CLIENT_CONFIRMATION_OK"
26688,10329780941,10329780976,1,"IOTHUB_CLIENT_CONFIRMATION_OK"
26689,10329781141,10329781177,1,"IOTHUB_CLIENT_CONFIRMATION_OK"
26690,10329781342,10329781379,1,"IOTHUB_CLIENT_CONFIRMATION_OK"
26691,10329781542,10329781610,1,"IOTHUB_CLIENT_CONFIRMATION_OK"
26692,10329781742,10329781777,1,"IOTHUB_CLIENT_CONFIRMATION_OK"
26693,10329781942,10329781973,1,"IOTHUB_CLIENT_CONFIRMATION_OK"
26694,10329782142,10329782199,1,"IOTHUB_CLIENT_CONFIRMATION_OK"
26695,10329782343,10329782384,1,"IOTHUB_CLIENT_CONFIRMATION_OK"
26696,10329782543,10329782576,1,"IOTHUB_CLIENT_CONFIRMATION_OK"
26697,10329782743,10329782794,1,"IOTHUB_CLIENT_CONFIRMATION_OK"
26698,10329782943,10329782990,1,"IOTHUB_CLIENT_CONFIRMATION_OK"
26699,10329783143,10329783176,1,"IOTHUB_CLIENT_CONFIRMATION_OK"
26700,10329783343,10329783393,1,"IOTHUB_CLIENT_CONFIRMATION_OK"
26701,10329783544,10329783604,1,"IOTHUB_CLIENT_CONFIRMATION_OK"
26702,10329783744,10329783773,1,"IOTHUB_CLIENT_CONFIRMATION_OK"
26703,10329783944,10329784019,1,"IOTHUB_CLIENT_CONFIRMATION_OK"
26704,10329784144,10329784177,1,"IOTHUB_CLIENT_CONFIRMATION_OK"
26705,10329784344,10329784374,1,"IOTHUB_CLIENT_CONFIRMATION_OK"
26706,10329784545,10329784622,1,"IOTHUB_CLIENT_CONFIRMATION_OK"
26707,10329784745,10329784784,1,"IOTHUB_CLIENT_CONFIRMATION_OK"
26708,10329784945,10329784977,1,"IOTHUB_CLIENT_CONFIRMATION_OK"
26709,10329785145,10329785178,1,"IOTHUB_CLIENT_CONFIRMATION_OK"
26710,10329785345,10329785476,1,"IOTHUB_CLIENT_CONFIRMATION_OK"
26711,10329785545,10329785696,1,"IOTHUB_CLIENT_CONFIRMATION_OK"
26712,10329785746,10329785776,1,"IOTHUB_CLIENT_CONFIRMATION_OK"
26713,10329785946,10329785980,1,"IOTHUB_CLIENT_CONFIRMATION_OK"
26714,10329786146,10329786181,1,"IOTHUB_CLIENT_CONFIRMATION_OK"
26715,10329786346,10329786384,1,"IOTHUB_CLIENT_CONFIRMATION_OK"
26716,10329786546,10329786699,1,"IOTHUB_CLIENT_CONFIRMATION_OK"
26717,10329786746,10329786779,1,"IOTHUB_CLIENT_CONFIRMATION_OK"
26718,10329786947,10329786980,1,"IOTHUB_CLIENT_CONFIRMATION_OK"
26719,10329787147,10329787182,1,"IOTHUB_CLIENT_CONFIRMATION_OK"
26720,10329787347,10329787375,1,"IOTHUB_CLIENT_CONFIRMATION_OK"
26721,10329787547,10329787581,1,"IOTHUB_CLIENT_CONFIRMATION_OK"
26722,10329787747,10329787783,1,"IOTHUB_CLIENT_CONFIRMATION_OK"
26723,10329787947,10329788008,1,"IOTHUB_CLIENT_CONFIRMATION_OK"
26724,10329788148,10329788338,1,"IOTHUB_CLIENT_CONFIRMATION_OK"
26725,10329788348,10329788381,1,"IOTHUB_CLIENT_CONFIRMATION_OK"
26726,10329788548,10329788580,1,"IOTHUB_CLIENT_CONFIRMATION_OK"
26727,10329788749,10329788780,1,"IOTHUB_CLIENT_CONFIRMATION_OK"
26728,10329788949,10329788981,1,"IOTHUB_CLIENT_CONFIRMATION_OK"
26729,10329789149,10329789210,1,"IOTHUB_CLIENT_CONFIRMATION_OK"
26730,10329789349,10329789392,1,"IOTHUB_CLIENT_CONFIRMATION_OK"
26731,10329789549,10329789583,1,"IOTHUB_CLIENT_CONFIRMATION_OK"
26732,10329789749,10329789780,1,"IOTHUB_CLIENT_CONFIRMATION_OK"
26733,10329789949,10329789982,1,"IOTHUB_CLIENT_CONFIRMATION_OK"
26734,10329790149,10329790219,1,"IOTHUB_CLIENT_CONFIRMATION_OK"
26735,10329790350,10329790395,1,"IOTHUB_CLIENT_CONFIRMATION_OK"
26736,10329790550,10329790581,1,"IOTHUB_CLIENT_CONFIRMATION_OK"
26737,10329790750,10329790784,1,"IOTHUB_CLIENT_CONFIRMATION_OK"
26738,10329790950,10329791097,1,"IOTHUB_CLIENT_CONFIRMATION_OK"
26739,10329791150,10329791185,1,"IOTHUB_CLIENT_CONFIRMATION_OK"
26740,10329791350,10329791509,1,"IOTHUB_CLIENT_CONFIRMATION_OK"
26741,10329791551,10329791588,1,"IOTHUB_CLIENT_CONFIRMATION_OK"
26742,10329791751,10329791782,1,"IOTHUB_CLIENT_CONFIRMATION_OK"
26743,10329791951,10329791998,1,"IOTHUB_CLIENT_CONFIRMATION_OK"
26744,10329792151,10329792187,1,"IOTHUB_CLIENT_CONFIRMATION_OK"
26745,10329792351,10329792512,1,"IOTHUB_CLIENT_CONFIRMATION_OK"
26746,10329792551,10329792585,1,"IOTHUB_CLIENT_CONFIRMATION_OK"
26747,10329792752,10329792783,1,"IOTHUB_CLIENT_CONFIRMATION_OK"
26748,10329792952,10329792988,1,"IOTHUB_CLIENT_CONFIRMATION_OK"
26749,10329793152,10329793181,1,"IOTHUB_CLIENT_CONFIRMATION_OK"
26750,10329793352,10329793389,1,"IOTHUB_CLIENT_CONFIRMATION_OK"
26751,10329793552,10329793587,1,"IOTHUB_CLIENT_CONFIRMATION_OK"
26752,10329793752,10329793789,1,"IOTHUB_CLIENT_CONFIRMATION_OK"
26753,10329793952,10329793988,1,"IOTHUB_CLIENT_CONFIRMATION_OK"
26754,10329794153,10329794187,1,"IOTHUB_CLIENT_CONFIRMATION_OK"
26755,10329794353,10329794385,1,"IOTHUB_CLIENT_CONFIRMATION_OK"
26756,10329794553,10329794613,1,"IOTHUB_CLIENT_CONFIRMATION_OK"
26757,10329794753,10329794788,1,"IOTHUB_CLIENT_CONFIRMATION_OK"
26758,10329794953,10329794988,1,"IOTHUB_CLIENT_CONFIRMATION_OK"
26759,10329795153,10329795189,1,"IOTHUB_CLIENT_CONFIRMATION_OK"
26760,10329795354,10329795382,1,"IOTHUB_CLIENT_CONFIRMATION_OK"
26761,10329795554,10329795591,1,"IOTHUB_CLIENT_CONFIRMATION_OK"
26762,10329795754,10329795801,1,"IOTHUB_CLIENT_CONFIRMATION_OK"
26763,10329795954,10329795988,1,"IOTHUB_CLIENT_CONFIRMATION_OK"
26764,10329796154,10329796199,1,"IOTHUB_CLIENT_CONFIRMATION_OK"
26765,10329796354,10329796425,1,"IOTHUB_CLIENT_CONFIRMATION_OK"
26766,10329796555,10329796622,1,"IOTHUB_CLIENT_CONFIRMATION_OK"
26767,10329796755,10329796790,1,"IOTHUB_CLIENT_CONFIRMATION_OK"
26768,10329796955,10329796987,1,"IOTHUB_CLIENT_CONFIRMATION_OK"
26769,10329797155,10329797209,1,"IOTHUB_CLIENT_CONFIRMATION_OK"
26770,10329797355,10329797394,1,"IOTHUB_CLIENT_CONFIRMATION_OK"
26771,10329797555,10329797587,1,"IOTHUB_CLIENT_CONFIRMATION_OK"
26772,10329797756,10329797819,1,"IOTHUB_CLIENT_CONFIRMATION_OK"
26773,10329797956,10329798022,1,"IOTHUB_CLIENT_CONFIRMATION_OK"
26774,10329798156,10329798219,1,"IOTHUB_CLIENT_CONFIRMATION_OK"
26775,10329798356,10329798384,1,"IOTHUB_CLIENT_CONFIRMATION_OK"
26776,10329798556,10329798592,1,"IOTHUB_CLIENT_CONFIRMATION_OK"
26777,10329798756,10329798836,1,"IOTHUB_CLIENT_CONFIRMATION_OK"
26778,10329798957,10329799001,1,"IOTHUB_CLIENT_CONFIRMATION_OK"
26779,10329799157,10329799185,1,"IOTHUB_CLIENT_CONFIRMATION_OK"
26780,10329799357,10329799389,1,"IOTHUB_CLIENT_CONFIRMATION_OK"
26781,10329799557,10329799591,1,"IOTHUB_CLIENT_CONFIRMATION_OK"
26782,10329799757,10329799942,1,"IOTHUB_CLIENT_CONFIRMATION_OK"
26783,10329799957,10329800015,1,"IOTHUB_CLIENT_CONFIRMATION_OK"
26784,10329800157,10329800191,1,"IOTHUB_CLIENT_CONFIRMATION_OK"
26785,10329800358,10329800464,1,"IOTHUB_CLIENT_CONFIRMATION_OK"
26786,10329800558,10329800589,1,"IOTHUB_CLIENT_CONFIRMATION_OK"
26787,10329800758,10329800790,1,"IOTHUB_CLIENT_CONFIRMATION_OK"
26788,10329800958,10329800986,1,"IOTHUB_CLIENT_CONFIRMATION_OK"
26789,10329801158,10329801190,1,"IOTHUB_CLIENT_CONFIRMATION_OK"
26790,10329801358,10329801474,1,"IOTHUB_CLIENT_CONFIRMATION_OK"
26791,10329801559,10329801592,1,"IOTHUB_CLIENT_CONFIRMATION_OK"
26792,10329801759,10329801802,1,"IOTHUB_CLIENT_CONFIRMATION_OK"
26793,10329801959,10329801994,1,"IOTHUB_CLIENT_CONFIRMATION_OK"
26794,10329802159,10329802200,1,"IOTHUB_CLIENT_CONFIRMATION_OK"
26795,10329802359,10329802479,1,"IOTHUB_CLIENT_CONFIRMATION_OK"
26796,10329802559,10329802712,1,"IOTHUB_CLIENT_CONFIRMATION_OK"
26797,10329802760,10329802798,1,"IOTHUB_CLIENT_CONFIRMATION_OK"
26798,10329802960,10329802993,1,"IOTHUB_CLIENT_CONFIRMATION_OK"
26799,10329803160,10329803195,1,"IOTHUB_CLIENT_CONFIRMATION_OK"
26800,10329803360,10329803393,1,"IOTHUB_CLIENT_CONFIRMATION_OK"
26801,10329803560,10329803597,1,"IOTHUB_CLIENT_CONFIRMATION_OK"
26802,10329803760,10329803797,1,"IOTHUB_CLIENT_CONFIRMATION_OK"
26803,10329803961,10329804136,1,"IOTHUB_CLIENT_CONFIRMATION_OK"
26804,10329804161,10329804194,1,"IOTHUB_CLIENT_CONFIRMATION_OK"
26805,10329804361,10329804410,1,"IOTHUB_CLIENT_CONFIRMATION_OK"
26806,10329804561,10329804600,1,"IOTHUB_CLIENT_CONFIRMATION_OK"
26807,10329804761,10329804789,1,"IOTHUB_CLIENT_CONFIRMATION_OK"
26808,10329804962,10329804994,1,"IOTHUB_CLIENT_CONFIRMATION_OK"
26809,10329805162,10329805205,1,"IOTHUB_CLIENT_CONFIRMATION_OK"
26810,10329805362,10329805396,1,"IOTHUB_CLIENT_CONFIRMATION_OK"
26811,10329805562,10329805596,1,"IOTHUB_CLIENT_CONFIRMATION_OK"
26812,10329805763,10329805794,1,"IOTHUB_CLIENT_CONFIRMATION_OK"
26813,10329805963,10329805997,1,"IOTHUB_CLIENT_CONFIRMATION_OK"
26814,10329806163,10329806212,1,"IOTHUB_CLIENT_CONFIRMATION_OK"
26815,10329806363,10329806401,1,"IOTHUB_CLIENT_CONFIRMATION_OK"
26816,10329806563,10329806603,1,"IOTHUB_CLIENT_CONFIRMATION_OK"
26817,10329806763,10329806805,1,"IOTHUB_CLIENT_CONFIRMATION_OK"
26818,10329806963,10329807000,1,"IOTHUB_CLIENT_CONFIRMATION_OK"
26819,10329807164,10329807199,1,"IOTHUB_CLIENT_CONFIRMATION_OK"
26820,10329807364,10329807396,1,"IOTHUB_CLIENT_CONFIRMATION_OK"
26821,10329807564,10329807598,1,"IOTHUB_CLIENT_CONFIRMATION_OK"
26822,10329807764,10329807801,1,"IOTHUB_CLIENT_CONFIRMATION_OK"
26823,10329807964,10329807999,1,"IOTHUB_CLIENT_CONFIRMATION_OK"
26824,10329808165,10329808246,1,"IOTHUB_CLIENT_CONFIRMATION_OK"
26825,10329808365,10329808433,1,"IOTHUB_CLIENT_CONFIRMATION_OK"
26826,10329808565,10329808600,1,"IOTHUB_CLIENT_CONFIRMATION_OK"
26827,10329808765,10329808860,1,"IOTHUB_CLIENT_CONFIRMATION_OK"
26828,10329808965,10329809002,1,"IOTHUB_CLIENT_CONFIRMATION_OK"
26829,10329809166,10329809200,1,"IOTHUB_CLIENT_CONFIRMATION_OK"
26830,10329809366,10329809399,1,"IOTHUB_CLIENT_CONFIRMATION_OK"
26831,10329809566,10329809600,1,"IOTHUB_CLIENT_CONFIRMATION_OK"
26832,10329809766,10329809867,1,"IOTHUB_CLIENT_CONFIRMATION_OK"
26833,10329809966,10329810000,1,"IOTHUB_CLIENT_CONFIRMATION_OK"
26834,10329810167,10329810194,1,"IOTHUB_CLIENT_CONFIRMATION_OK"
26835,10329810367,10329810399,1,"IOTHUB_CLIENT_CONFIRMATION_OK"
26836,10329810567,10329810600,1,"IOTHUB_CLIENT_CONFIRMATION_OK"
26837,10329810767,10329810796,1,"IOTHUB_CLIENT_CONFIRMATION_OK"
26838,10329810967,10329810997,1,"IOTHUB_CLIENT_CONFIRMATION_OK"
26839,10329811168,10329811205,1,"IOTHUB_CLIENT_CONFIRMATION_OK"
26840,10329811368,10329811553,1,"IOTHUB_CLIENT_CONFIRMATION_OK"
26841,10329811568,10329811642,1,"IOTHUB_CLIENT_CONFIRMATION_OK"
26842,10329811768,10329811804,1,"IOTHUB_CLIENT_CONFIRMATION_OK"
26843,10329811968,10329811998,1,"IOTHUB_CLIENT_CONFIRMATION_OK"
26844,10329812168,10329812198,1,"IOTHUB_CLIENT_CONFIRMATION_OK"
26845,10329812369,10329812563,1,"IOTHUB_CLIENT_CONFIRMATION_OK"
26846,10329812569,10329812603,1,"IOTHUB_CLIENT_CONFIRMATION_OK"
26847,10329812769,10329812803,1,"IOTHUB_CLIENT_CONFIRMATION_OK"
26848,10329812969,10329813002,1,"IOTHUB_CLIENT_CONFIRMATION_OK"
26849,10329813169,10329813205,1,"IOTHUB_CLIENT_CONFIRMATION_OK"
26850,10329813370,10329813404,1,"IOTHUB_CLIENT_CONFIRMATION_OK"
26851,10329813570,10329813602,1,"IOTHUB_CLIENT_CONFIRMATION_OK"
26852,10329813770,10329813804,1,"IOTHUB_CLIENT_CONFIRMATION_OK"
26853,10329813970,10329814002,1,"IOTHUB_CLIENT_CONFIRMATION_OK"
26854,10329814170,10329814216,1,"IOTHUB_CLIENT_CONFIRMATION_OK"
26855,10329814370,10329814405,1,"IOTHUB_CLIENT_CONFIRMATION_OK"
26856,10329814571,10329814603,1,"IOTHUB_CLIENT_CONFIRMATION_OK"
26857,10329814771,10329814843,1,"IOTHUB_CLIENT_CONFIRMATION_OK"
26858,10329814971,10329815007,1,"IOTHUB_CLIENT_CONFIRMATION_OK"
26859,10329815171,10329815204,1,"IOTHUB_CLIENT_CONFIRMATION_OK"
26860,10329815371,10329815438,1,"IOTHUB_CLIENT_CONFIRMATION_OK"
26861,10329815572,10329815723,1,"IOTHUB_CLIENT_CONFIRMATION_OK"
26862,10329815772,10329815800,1,"IOTHUB_CLIENT_CONFIRMATION_OK"
26863,10329815972,10329816006,1,"IOTHUB_CLIENT_CONFIRMATION_OK"
26864,10329816172,10329816214,1,"IOTHUB_CLIENT_CONFIRMATION_OK"
26865,10329816372,10329816408,1,"IOTHUB_CLIENT_CONFIRMATION_OK"
26866,10329816572,10329816730,1,"IOTHUB_CLIENT_CONFIRMATION_OK"
26867,10329816772,10329816805,1,"IOTHUB_CLIENT_CONFIRMATION_OK"
26868,10329816973,10329817005,1,"IOTHUB_CLIENT_CONFIRMATION_OK"
26869,10329817173,10329817290,1,"IOTHUB_CLIENT_CONFIRMATION_OK"
26870,10329817373,10329817412,1,"IOTHUB_CLIENT_CONFIRMATION_OK"
26871,10329817573,10329817611,1,"IOTHUB_CLIENT_CONFIRMATION_OK"
26872,10329817773,10329817806,1,"IOTHUB_CLIENT_CONFIRMATION_OK"
26873,10329817974,10329818092,1,"IOTHUB_CLIENT_CONFIRMATION_OK"
26874,10329818174,10329818408,1,"IOTHUB_CLIENT_CONFIRMATION_OK"
26875,10329818374,10329818434,1,"IOTHUB_CLIENT_CONFIRMATION_OK"
26876,10329818574,10329818609,1,"IOTHUB_CLIENT_CONFIRMATION_OK"
26877,10329818774,10329818830,1,"IOTHUB_CLIENT_CONFIRMATION_OK"
26878,10329818975,10329819006,1,"IOTHUB_CLIENT_CONFIRMATION_OK"
26879,10329819175,10329819208,1,"IOTHUB_CLIENT_CONFIRMATION_OK"
26880,10329819375,10329819466,1,"IOTHUB_CLIENT_CONFIRMATION_OK"
26881,10329819575,10329819639,1,"IOTHUB_CLIENT_CONFIRMATION_OK"
26882,10329819776,10329819837,1,"IOTHUB_CLIENT_CONFIRMATION_OK"
26883,10329819976,10329820009,1,"IOTHUB_CLIENT_CONFIRMATION_OK"
26884,10329820176,10329820209,1,"IOTHUB_CLIENT_CONFIRMATION_OK"
26885,10329820376,10329820473,1,"IOTHUB_CLIENT_CONFIRMATION_OK"
26886,10329820576,10329820607,1,"IOTHUB_CLIENT_CONFIRMATION_OK"
26887,10329820776,10329820824,1,"IOTHUB_CLIENT_CONFIRMATION_OK"
26888,10329820977,10329821013,1,"IOTHUB_CLIENT_CONFIRMATION_OK"
26889,10329821177,10329821210,1,"IOTHUB_CLIENT_CONFIRMATION_OK"
26890,10329821377,10329821526,1,"IOTHUB_CLIENT_CONFIRMATION_OK"
26891,10329821577,10329821610,1,"IOTHUB_CLIENT_CONFIRMATION_OK"
26892,10329821777,10329821811,1,"IOTHUB_CLIENT_CONFIRMATION_OK"
26893,10329821977,10329822008,1,"IOTHUB_CLIENT_CONFIRMATION_OK"
26894,10329822178,10329822212,1,"IOTHUB_CLIENT_CONFIRMATION_OK"
26895,10329822378,10329822493,1,"IOTHUB_CLIENT_CONFIRMATION_OK"
26896,10329822578,10329822615,1,"IOTHUB_CLIENT_CONFIRMATION_OK"
26897,10329822778,10329822812,1,"IOTHUB_CLIENT_CONFIRMATION_OK"
26898,10329822978,10329823135,1,"IOTHUB_CLIENT_CONFIRMATION_OK"
26899,10329823178,10329823241,1,"IOTHUB_CLIENT_CONFIRMATION_OK"
26900,10329823378,10329823422,1,"IOTHUB_CLIENT_CONFIRMATION_OK"
26901,10329823579,10329823607,1,"IOTHUB_CLIENT_CONFIRMATION_OK"
26902,10329823779,10329823845,1,"IOTHUB_CLIENT_CONFIRMATION_OK"
26903,10329823979,10329824122,1,"IOTHUB_CLIENT_CONFIRMATION_OK"
26904,10329824179,10329824211,1,"IOTHUB_CLIENT_CONFIRMATION_OK"
26905,10329824379,10329824412,1,"IOTHUB_CLIENT_CONFIRMATION_OK"
26906,10329824580,10329824681,1,"IOTHUB_CLIENT_CONFIRMATION_OK"
26907,10329824780,10329824809,1,"IOTHUB_CLIENT_CONFIRMATION_OK"
26908,10329824980,10329825013,1,"IOTHUB_CLIENT_CONFIRMATION_OK"
26909,10329825180,10329825236,1,"IOTHUB_CLIENT_CONFIRMATION_OK"
26910,10329825380,10329825414,1,"IOTHUB_CLIENT_CONFIRMATION_OK"
26911,10329825581,10329825615,1,"IOTHUB_CLIENT_CONFIRMATION_OK"
26912,10329825781,10329825826,1,"IOTHUB_CLIENT_CONFIRMATION_OK"
26913,10329825981,10329826015,1,"IOTHUB_CLIENT_CONFIRMATION_OK"
26914,10329826181,10329826211,1,"IOTHUB_CLIENT_CONFIRMATION_OK"
26915,10329826381,10329826412,1,"IOTHUB_CLIENT_CONFIRMATION_OK"
26916,10329826581,10329826779,1,"IOTHUB_CLIENT_CONFIRMATION_OK"
26917,10329826781,10329826815,1,"IOTHUB_CLIENT_CONFIRMATION_OK"
26918,10329826982,10329827011,1,"IOTHUB_CLIENT_CONFIRMATION_OK"
26919,10329827182,10329827217,1,"IOTHUB_CLIENT_CONFIRMATION_OK"
26920,10329827382,10329827416,1,"IOTHUB_CLIENT_CONFIRMATION_OK"
26921,10329827582,10329827615,1,"IOTHUB_CLIENT_CONFIRMATION_OK"
26922,10329827782,10329827841,1,"IOTHUB_CLIENT_CONFIRMATION_OK"
26923,10329827982,10329828245,1,"IOTHUB_CLIENT_CONFIRMATION_OK"
26924,10329828183,10329828445,1,"IOTHUB_CLIENT_CONFIRMATION_OK"
26925,10329828383,10329828463,1,"IOTHUB_CLIENT_CONFIRMATION_OK"
26926,10329828583,10329828619,1,"IOTHUB_CLIENT_CONFIRMATION_OK"
26927,10329828783,10329828863,1,"IOTHUB_CLIENT_CONFIRMATION_OK"
26928,10329828983,10329829012,1,"IOTHUB_CLIENT_CONFIRMATION_OK"
26929,10329829183,10329829216,1,"IOTHUB_CLIENT_CONFIRMATION_OK"
26930,10329829383,10329829417,1,"IOTHUB_CLIENT_CONFIRMATION_OK"
26931,10329829584,10329829614,1,"IOTHUB_CLIENT_CONFIRMATION_OK"
26932,10329829784,10329829885,1,"IOTHUB_CLIENT_CONFIRMATION_OK"
26933,10329829984,10329830014,1,"IOTHUB_CLIENT_CONFIRMATION_OK"
26934,10329830184,10329830220,1,"IOTHUB_CLIENT_CONFIRMATION_OK"
26935,10329830384,10329830499,1,"IOTHUB_CLIENT_CONFIRMATION_OK"
26936,10329830584,10329830625,1,"IOTHUB_CLIENT_CONFIRMATION_OK"
26937,10329830785,10329830818,1,"IOTHUB_CLIENT_CONFIRMATION_OK"
26938,10329830985,10329831297,1,"IOTHUB_CLIENT_CONFIRMATION_OK"
26939,10329831185,10329831329,1,"IOTHUB_CLIENT_CONFIRMATION_OK"
26940,10329831385,10329831532,1,"IOTHUB_CLIENT_CONFIRMATION_OK"
26941,10329831585,10329831622,1,"IOTHUB_CLIENT_CONFIRMATION_OK"
26942,10329831785,10329832533,1,"IOTHUB_CLIENT_CONFIRMATION_OK"
26943,10329831985,10329832659,1,"IOTHUB_CLIENT_CONFIRMATION_OK"
26944,10329832186,10329832762,1,"IOTHUB_CLIENT_CONFIRMATION_OK"
26945,10329832386,10329832790,1,"IOTHUB_CLIENT_CONFIRMATION_OK"
26946,10329832586,10329832816,1,"IOTHUB_CLIENT_CONFIRMATION_OK"
26947,10329832786,10329832844,1,"IOTHUB_CLIENT_CONFIRMATION_OK"
26948,10329832986,10329833185,1,"IOTHUB_CLIENT_CONFIRMATION_OK"
26949,10329833186,10329833248,1,"IOTHUB_CLIENT_CONFIRMATION_OK"
26950,10329833386,10329833418,1,"IOTHUB_CLIENT_CONFIRMATION_OK"
26951,10329833587,10329833622,1,"IOTHUB_CLIENT_CONFIRMATION_OK"
26952,10329833787,10329833818,1,"IOTHUB_CLIENT_CONFIRMATION_OK"
26953,10329833987,10329834021,1,"IOTHUB_CLIENT_CONFIRMATION_OK"
26954,10329834187,10329834218,1,"IOTHUB_CLIENT_CONFIRMATION_OK"
26955,10329834387,10329834600,1,"IOTHUB_CLIENT_CONFIRMATION_OK"
26956,10329834587,10329834741,1,"IOTHUB_CLIENT_CONFIRMATION_OK"
26957,10329834788,10329834821,1,"IOTHUB_CLIENT_CONFIRMATION_OK"
26958,10329834988,10329835021,1,"IOTHUB_CLIENT_CONFIRMATION_OK"
26959,10329835188,10329835223,1,"IOTHUB_CLIENT_CONFIRMATION_OK"
26960,10329835388,10329835423,1,"IOTHUB_CLIENT_CONFIRMATION_OK"
26961,10329835588,10329835623,1,"IOTHUB_CLIENT_CONFIRMATION_OK"
26962,10329835788,10329835949,1,"IOTHUB_CLIENT_CONFIRMATION_OK"
26963,10329835988,10329836022,1,"IOTHUB_CLIENT_CONFIRMATION_OK"
26964,10329836189,10329836217,1,"IOTHUB_CLIENT_CONFIRMATION_OK"
26965,10329836389,10329836425,1,"IOTHUB_CLIENT_CONFIRMATION_OK"
26966,10329836589,10329836697,1,"IOTHUB_CLIENT_CONFIRMATION_OK"
26967,10329836789,10329836823,1,"IOTHUB_CLIENT_CONFIRMATION_OK"
26968,10329836989,10329837022,1,"IOTHUB_CLIENT_CONFIRMATION_OK"
26969,10329837190,10329837318,1,"IOTHUB_CLIENT_CONFIRMATION_OK"
26970,10329837390,10329837421,1,"IOTHUB_CLIENT_CONFIRMATION_OK"
26971,10329837590,10329837636,1,"IOTHUB_CLIENT_CONFIRMATION_OK"
26972,10329837790,10329837824,1,"IOTHUB_CLIENT_CONFIRMATION_OK"
26973,10329837990,10329838031,1,"IOTHUB_CLIENT_CONFIRMATION_OK"
26974,10329838190,10329838310,1,"IOTHUB_CLIENT_CONFIRMATION_OK"
26975,10329838391,10329838442,1,"IOTHUB_CLIENT_CONFIRMATION_OK"
26976,10329838591,10329838626,1,"IOTHUB_CLIENT_CONFIRMATION_OK"
26977,10329838791,10329838825,1,"IOTHUB_CLIENT_CONFIRMATION_OK"
26978,10329838991,10329839032,1,"IOTHUB_CLIENT_CONFIRMATION_OK"
26979,10329839191,10329839224,1,"IOTHUB_CLIENT_CONFIRMATION_OK"
26980,10329839391,10329839446,1,"IOTHUB_CLIENT_CONFIRMATION_OK"
26981,10329839591,10329839624,1,"IOTHUB_CLIENT_CONFIRMATION_OK"
26982,10329839792,10329839957,1,"IOTHUB_CLIENT_CONFIRMATION_OK"
26983,10329839992,10329840020,1,"IOTHUB_CLIENT_CONFIRMATION_OK"
26984,10329840192,10329840233,1,"IOTHUB_CLIENT_CONFIRMATION_OK"
26985,10329840392,10329840425,1,"IOTHUB_CLIENT_CONFIRMATION_OK"
26986,10329840592,10329840632,1,"IOTHUB_CLIENT_CONFIRMATION_OK"
26987,10329840792,10329840859,1,"IOTHUB_CLIENT_CONFIRMATION_OK"
26988,10329840993,10329841026,1,"IOTHUB_CLIENT_CONFIRMATION_OK"
26989,10329841193,10329841272,1,"IOTHUB_CLIENT_CONFIRMATION_OK"
26990,10329841393,10329841518,1,"IOTHUB_CLIENT_CONFIRMATION_OK"
26991,10329841593,10329841630,1,"IOTHUB_CLIENT_CONFIRMATION_OK"
26992,10329841793,10329841828,1,"IOTHUB_CLIENT_CONFIRMATION_OK"
26993,10329841994,10329842294,1,"IOTHUB_CLIENT_CONFIRMATION_OK"
26994,10329842194,10329842318,1,"IOTHUB_CLIENT_CONFIRMATION_OK"
26995,10329842394,10329842497,1,"IOTHUB_CLIENT_CONFIRMATION_OK"
26996,10329842594,10329842635,1,"IOTHUB_CLIENT_CONFIRMATION_OK"
26997,10329842794,10329842830,1,"IOTHUB_CLIENT_CONFIRMATION_OK"
26998,10329842995,10329843106,1,"IOTHUB_CLIENT_CONFIRMATION_OK"
26999,10329843195,10329843226,1,"IOTHUB_CLIENT_CONFIRMATION_OK"
