Message ID,Send Time,Receive Time,Status,Error
0,10818359609,10818359789,1,"IOTHUB_CLIENT_CONFIRMATION_OK"
1,10818359942,10818359976,1,"IOTHUB_CLIENT_CONFIRMATION_OK"
2,10818360275,10818360426,1,"IOTHUB_CLIENT_CONFIRMATION_OK"
3,10818360608,10818360640,1,"IOTHUB_CLIENT_CONFIRMATION_OK"
4,10818360941,10818360971,1,"IOTHUB_CLIENT_CONFIRMATION_OK"
5,10818361275,10818361302,1,"IOTHUB_CLIENT_CONFIRMATION_OK"
6,10818361608,10818361648,1,"IOTHUB_CLIENT_CONFIRMATION_OK"
7,10818361941,10818361974,1,"IOTHUB_CLIENT_CONFIRMATION_OK"
8,10818362274,10818362312,1,"IOTHUB_CLIENT_CONFIRMATION_OK"
9,10818362607,10818362646,1,"IOTHUB_CLIENT_CONFIRMATION_OK"
10,10818362940,10818363087,1,"IOTHUB_CLIENT_CONFIRMATION_OK"
11,10818363274,10818363303,1,"IOTHUB_CLIENT_CONFIRMATION_OK"
12,10818363607,10818363636,1,"IOTHUB_CLIENT_CONFIRMATION_OK"
13,10818363940,10818364004,1,"IOTHUB_CLIENT_CONFIRMATION_OK"
14,10818364273,10818364302,1,"IOTHUB_CLIENT_CONFIRMATION_OK"
15,10818364606,10818364640,1,"IOTHUB_CLIENT_CONFIRMATION_OK"
16,10818364939,10818364974,1,"IOTHUB_CLIENT_CONFIRMATION_OK"
17,10818365273,10818365335,1,"IOTHUB_CLIENT_CONFIRMATION_OK"
18,10818365606,10818365661,1,"IOTHUB_CLIENT_CONFIRMATION_OK"
19,10818365939,10818365969,1,"IOTHUB_CLIENT_CONFIRMATION_OK"
20,10818366272,10818366301,1,"IOTHUB_CLIENT_CONFIRMATION_OK"
21,10818366605,10818366637,1,"IOTHUB_CLIENT_CONFIRMATION_OK"
22,10818366938,10818366968,1,"IOTHUB_CLIENT_CONFIRMATION_OK"
23,10818367272,10818367318,1,"IOTHUB_CLIENT_CONFIRMATION_OK"
24,10818367605,10818367635,1,"IOTHUB_CLIENT_CONFIRMATION_OK"
25,10818367938,10818367969,1,"IOTHUB_CLIENT_CONFIRMATION_OK"
26,10818368271,10818368302,1,"IOTHUB_CLIENT_CONFIRMATION_OK"
27,10818368604,10818368790,1,"IOTHUB_CLIENT_CONFIRMATION_OK"
28,10818368937,10818368971,1,"IOTHUB_CLIENT_CONFIRMATION_OK"
29,10818369271,10818369403,1,"IOTHUB_CLIENT_CONFIRMATION_OK"
30,10818369604,10818369643,1,"IOTHUB_CLIENT_CONFIRMATION_OK"
31,10818369937,10818369971,1,"IOTHUB_CLIENT_CONFIRMATION_OK"
32,10818370270,10818370303,1,"IOTHUB_CLIENT_CONFIRMATION_OK"
33,10818370603,10818370633,1,"IOTHUB_CLIENT_CONFIRMATION_OK"
34,10818370936,10818371025,1,"IOTHUB_CLIENT_CONFIRMATION_OK"
35,10818371270,10818371302,1,"IOTHUB_CLIENT_CONFIRMATION_OK"
36,10818371603,10818371651,1,"IOTHUB_CLIENT_CONFIRMATION_OK"
37,10818371936,10818371965,1,"IOTHUB_CLIENT_CONFIRMATION_OK"
38,10818372269,10818372304,1,"IOTHUB_CLIENT_CONFIRMATION_OK"
39,10818372602,10818372637,1,"IOTHUB_CLIENT_CONFIRMATION_OK"
40,10818372935,10818372967,1,"IOTHUB_CLIENT_CONFIRMATION_OK"
41,10818373269,10818373298,1,"IOTHUB_CLIENT_CONFIRMATION_OK"
42,10818373602,10818373641,1,"IOTHUB_CLIENT_CONFIRMATION_OK"
43,10818373935,10818373965,1,"IOTHUB_CLIENT_CONFIRMATION_OK"
44,10818374268,10818374298,1,"IOTHUB_CLIENT_CONFIRMATION_OK"
45,10818374601,10818374643,1,"IOTHUB_CLIENT_CONFIRMATION_OK"
46,10818374934,10818374966,1,"IOTHUB_CLIENT_CONFIRMATION_OK"
47,10818375268,10818375297,1,"IOTHUB_CLIENT_CONFIRMATION_OK"
48,10818375601,10818375638,1,"IOTHUB_CLIENT_CONFIRMATION_OK"
49,10818375934,10818375972,1,"IOTHUB_CLIENT_CONFIRMATION_OK"
50,10818376267,10818376299,1,"IOTHUB_CLIENT_CONFIRMATION_OK"
51,10818376600,10818376719,1,"IOTHUB_CLIENT_CONFIRMATION_OK"
52,10818376933,10818376963,1,"IOTHUB_CLIENT_CONFIRMATION_OK"
53,10818377267,10818377328,1,"IOTHUB_CLIENT_CONFIRMATION_OK"
54,10818377600,10818377629,1,"IOTHUB_CLIENT_CONFIRMATION_OK"
55,10818377933,10818377974,1,"IOTHUB_CLIENT_CONFIRMATION_OK"
56,10818378266,10818378333,1,"IOTHUB_CLIENT_CONFIRMATION_OK"
57,10818378599,10818378631,1,"IOTHUB_CLIENT_CONFIRMATION_OK"
58,10818378932,10818378964,1,"IOTHUB_CLIENT_CONFIRMATION_OK"
59,10818379265,10818379298,1,"IOTHUB_CLIENT_CONFIRMATION_OK"
60,10818379599,10818379631,1,"IOTHUB_CLIENT_CONFIRMATION_OK"
61,10818379932,10818379964,1,"IOTHUB_CLIENT_CONFIRMATION_OK"
62,10818380265,10818380293,1,"IOTHUB_CLIENT_CONFIRMATION_OK"
63,10818380598,10818380631,1,"IOTHUB_CLIENT_CONFIRMATION_OK"
64,10818380931,10818380961,1,"IOTHUB_CLIENT_CONFIRMATION_OK"
65,10818381264,10818381294,1,"IOTHUB_CLIENT_CONFIRMATION_OK"
66,10818381598,10818381628,1,"IOTHUB_CLIENT_CONFIRMATION_OK"
67,10818381931,10818381961,1,"IOTHUB_CLIENT_CONFIRMATION_OK"
68,10818382264,10818382304,1,"IOTHUB_CLIENT_CONFIRMATION_OK"
69,10818382597,10818382630,1,"IOTHUB_CLIENT_CONFIRMATION_OK"
70,10818382930,10818382976,1,"IOTHUB_CLIENT_CONFIRMATION_OK"
71,10818383263,10818383301,1,"IOTHUB_CLIENT_CONFIRMATION_OK"
72,10818383597,10818383626,1,"IOTHUB_CLIENT_CONFIRMATION_OK"
73,10818383930,10818384127,1,"IOTHUB_CLIENT_CONFIRMATION_OK"
74,10818384263,10818384300,1,"IOTHUB_CLIENT_CONFIRMATION_OK"
75,10818384596,10818384671,1,"IOTHUB_CLIENT_CONFIRMATION_OK"
76,10818384929,10818385064,1,"IOTHUB_CLIENT_CONFIRMATION_OK"
77,10818385263,10818385292,1,"IOTHUB_CLIENT_CONFIRMATION_OK"
78,10818385596,10818385641,1,"IOTHUB_CLIENT_CONFIRMATION_OK"
79,10818385929,10818385971,1,"IOTHUB_CLIENT_CONFIRMATION_OK"
80,10818386262,10818386390,1,"IOTHUB_CLIENT_CONFIRMATION_OK"
81,10818386595,10818386626,1,"IOTHUB_CLIENT_CONFIRMATION_OK"
82,10818386928,10818386958,1,"IOTHUB_CLIENT_CONFIRMATION_OK"
83,10818387262,10818387302,1,"IOTHUB_CLIENT_CONFIRMATION_OK"
84,10818387595,10818387625,1,"IOTHUB_CLIENT_CONFIRMATION_OK"
85,10818387928,10818388178,1,"IOTHUB_CLIENT_CONFIRMATION_OK"
86,10818388261,10818388293,1,"IOTHUB_CLIENT_CONFIRMATION_OK"
87,10818388594,10818388624,1,"IOTHUB_CLIENT_CONFIRMATION_OK"
88,10818388927,10818388961,1,"IOTHUB_CLIENT_CONFIRMATION_OK"
89,10818389261,10818389289,1,"IOTHUB_CLIENT_CONFIRMATION_OK"
90,10818389594,10818389636,1,"IOTHUB_CLIENT_CONFIRMATION_OK"
91,10818389927,10818389961,1,"IOTHUB_CLIENT_CONFIRMATION_OK"
92,10818390260,10818390353,1,"IOTHUB_CLIENT_CONFIRMATION_OK"
93,10818390593,10818390625,1,"IOTHUB_CLIENT_CONFIRMATION_OK"
94,10818390926,10818390958,1,"IOTHUB_CLIENT_CONFIRMATION_OK"
95,10818391260,10818391296,1,"IOTHUB_CLIENT_CONFIRMATION_OK"
96,10818391593,10818391626,1,"IOTHUB_CLIENT_CONFIRMATION_OK"
97,10818391926,10818391974,1,"IOTHUB_CLIENT_CONFIRMATION_OK"
98,10818392259,10818392303,1,"IOTHUB_CLIENT_CONFIRMATION_OK"
99,10818392592,10818392625,1,"IOTHUB_CLIENT_CONFIRMATION_OK"
100,10818392925,10818392958,1,"IOTHUB_CLIENT_CONFIRMATION_OK"
101,10818393259,10818393290,1,"IOTHUB_CLIENT_CONFIRMATION_OK"
102,10818393592,10818393624,1,"IOTHUB_CLIENT_CONFIRMATION_OK"
103,10818393925,10818393954,1,"IOTHUB_CLIENT_CONFIRMATION_OK"
104,10818394258,10818394290,1,"IOTHUB_CLIENT_CONFIRMATION_OK"
105,10818394591,10818394627,1,"IOTHUB_CLIENT_CONFIRMATION_OK"
106,10818394924,10818394952,1,"IOTHUB_CLIENT_CONFIRMATION_OK"
107,10818395257,10818395292,1,"IOTHUB_CLIENT_CONFIRMATION_OK"
108,10818395591,10818395623,1,"IOTHUB_CLIENT_CONFIRMATION_OK"
109,10818395924,10818395954,1,"IOTHUB_CLIENT_CONFIRMATION_OK"
110,10818396257,10818396296,1,"IOTHUB_CLIENT_CONFIRMATION_OK"
111,10818396590,10818396619,1,"IOTHUB_CLIENT_CONFIRMATION_OK"
112,10818396923,10818396952,1,"IOTHUB_CLIENT_CONFIRMATION_OK"
113,10818397257,10818397284,1,"IOTHUB_CLIENT_CONFIRMATION_OK"
114,10818397590,10818397620,1,"IOTHUB_CLIENT_CONFIRMATION_OK"
115,10818397923,10818397954,1,"IOTHUB_CLIENT_CONFIRMATION_OK"
116,10818398256,10818398285,1,"IOTHUB_CLIENT_CONFIRMATION_OK"
117,10818398589,10818398618,1,"IOTHUB_CLIENT_CONFIRMATION_OK"
118,10818398922,10818398952,1,"IOTHUB_CLIENT_CONFIRMATION_OK"
119,10818399256,10818399393,1,"IOTHUB_CLIENT_CONFIRMATION_OK"
120,10818399589,10818399617,1,"IOTHUB_CLIENT_CONFIRMATION_OK"
121,10818399922,10818399963,1,"IOTHUB_CLIENT_CONFIRMATION_OK"
122,10818400255,10818400293,1,"IOTHUB_CLIENT_CONFIRMATION_OK"
123,10818400588,10818400618,1,"IOTHUB_CLIENT_CONFIRMATION_OK"
124,10818400921,10818401024,1,"IOTHUB_CLIENT_CONFIRMATION_OK"
125,10818401254,10818401289,1,"IOTHUB_CLIENT_CONFIRMATION_OK"
126,10818401588,10818401637,1,"IOTHUB_CLIENT_CONFIRMATION_OK"
127,10818401921,10818401951,1,"IOTHUB_CLIENT_CONFIRMATION_OK"
128,10818402254,10818402289,1,"IOTHUB_CLIENT_CONFIRMATION_OK"
129,10818402587,10818402617,1,"IOTHUB_CLIENT_CONFIRMATION_OK"
130,10818402920,10818402949,1,"IOTHUB_CLIENT_CONFIRMATION_OK"
131,10818403253,10818403284,1,"IOTHUB_CLIENT_CONFIRMATION_OK"
132,10818403587,10818403616,1,"IOTHUB_CLIENT_CONFIRMATION_OK"
133,10818403920,10818403953,1,"IOTHUB_CLIENT_CONFIRMATION_OK"
134,10818404253,10818404288,1,"IOTHUB_CLIENT_CONFIRMATION_OK"
135,10818404586,10818404617,1,"IOTHUB_CLIENT_CONFIRMATION_OK"
136,10818404919,10818405085,1,"IOTHUB_CLIENT_CONFIRMATION_OK"
137,10818405252,10818405298,1,"IOTHUB_CLIENT_CONFIRMATION_OK"
138,10818405586,10818405614,1,"IOTHUB_CLIENT_CONFIRMATION_OK"
139,10818405919,10818405966,1,"IOTHUB_CLIENT_CONFIRMATION_OK"
140,10818406252,10818406305,1,"IOTHUB_CLIENT_CONFIRMATION_OK"
141,10818406585,10818406614,1,"IOTHUB_CLIENT_CONFIRMATION_OK"
142,10818406918,10818406952,1,"IOTHUB_CLIENT_CONFIRMATION_OK"
143,10818407251,10818407333,1,"IOTHUB_CLIENT_CONFIRMATION_OK"
144,10818407585,10818407614,1,"IOTHUB_CLIENT_CONFIRMATION_OK"
145,10818407918,10818407952,1,"IOTHUB_CLIENT_CONFIRMATION_OK"
146,10818408251,10818408284,1,"IOTHUB_CLIENT_CONFIRMATION_OK"
147,10818408584,10818408612,1,"IOTHUB_CLIENT_CONFIRMATION_OK"
148,10818408917,10818408955,1,"IOTHUB_CLIENT_CONFIRMATION_OK"
149,10818409250,10818409281,1,"IOTHUB_CLIENT_CONFIRMATION_OK"
150,10818409584,10818409617,1,"IOTHUB_CLIENT_CONFIRMATION_OK"
151,10818409917,10818409954,1,"IOTHUB_CLIENT_CONFIRMATION_OK"
152,10818410250,10818410279,1,"IOTHUB_CLIENT_CONFIRMATION_OK"
153,10818410583,10818410773,1,"IOTHUB_CLIENT_CONFIRMATION_OK"
154,10818410916,10818410953,1,"IOTHUB_CLIENT_CONFIRMATION_OK"
155,10818411249,10818411279,1,"IOTHUB_CLIENT_CONFIRMATION_OK"
156,10818411583,10818411613,1,"IOTHUB_CLIENT_CONFIRMATION_OK"
157,10818411916,10818411946,1,"IOTHUB_CLIENT_CONFIRMATION_OK"
158,10818412249,10818412280,1,"IOTHUB_CLIENT_CONFIRMATION_OK"
159,10818412582,10818412612,1,"IOTHUB_CLIENT_CONFIRMATION_OK"
160,10818412915,10818412949,1,"IOTHUB_CLIENT_CONFIRMATION_OK"
161,10818413248,10818413300,1,"IOTHUB_CLIENT_CONFIRMATION_OK"
162,10818413582,10818413618,1,"IOTHUB_CLIENT_CONFIRMATION_OK"
163,10818413915,10818413944,1,"IOTHUB_CLIENT_CONFIRMATION_OK"
164,10818414248,10818414277,1,"IOTHUB_CLIENT_CONFIRMATION_OK"
165,10818414581,10818414712,1,"IOTHUB_CLIENT_CONFIRMATION_OK"
166,10818414914,10818414945,1,"IOTHUB_CLIENT_CONFIRMATION_OK"
167,10818415247,10818415276,1,"IOTHUB_CLIENT_CONFIRMATION_OK"
168,10818415581,10818415611,1,"IOTHUB_CLIENT_CONFIRMATION_OK"
169,10818415914,10818415946,1,"IOTHUB_CLIENT_CONFIRMATION_OK"
170,10818416247,10818416348,1,"IOTHUB_CLIENT_CONFIRMATION_OK"
171,10818416580,10818416610,1,"IOTHUB_CLIENT_CONFIRMATION_OK"
172,10818416913,10818416961,1,"IOTHUB_CLIENT_CONFIRMATION_OK"
173,10818417246,10818417282,1,"IOTHUB_CLIENT_CONFIRMATION_OK"
174,10818417579,10818417611,1,"IOTHUB_CLIENT_CONFIRMATION_OK"
175,10818417913,10818417950,1,"IOTHUB_CLIENT_CONFIRMATION_OK"
176,10818418246,10818418316,1,"IOTHUB_CLIENT_CONFIRMATION_OK"
177,10818418579,10818418608,1,"IOTHUB_CLIENT_CONFIRMATION_OK"
178,10818418912,10818418945,1,"IOTHUB_CLIENT_CONFIRMATION_OK"
179,10818419245,10818419278,1,"IOTHUB_CLIENT_CONFIRMATION_OK"
180,10818419578,10818419613,1,"IOTHUB_CLIENT_CONFIRMATION_OK"
181,10818419912,10818419940,1,"IOTHUB_CLIENT_CONFIRMATION_OK"
182,10818420245,10818420511,1,"IOTHUB_CLIENT_CONFIRMATION_OK"
183,10818420578,10818420607,1,"IOTHUB_CLIENT_CONFIRMATION_OK"
184,10818420911,10818420942,1,"IOTHUB_CLIENT_CONFIRMATION_OK"
185,10818421244,10818421277,1,"IOTHUB_CLIENT_CONFIRMATION_OK"
186,10818421577,10818421608,1,"IOTHUB_CLIENT_CONFIRMATION_OK"
187,10818421911,10818421942,1,"IOTHUB_CLIENT_CONFIRMATION_OK"
188,10818422244,10818422278,1,"IOTHUB_CLIENT_CONFIRMATION_OK"
189,10818422577,10818422605,1,"IOTHUB_CLIENT_CONFIRMATION_OK"
190,10818422910,10818422945,1,"IOTHUB_CLIENT_CONFIRMATION_OK"
191,10818423243,10818423273,1,"IOTHUB_CLIENT_CONFIRMATION_OK"
192,10818423576,10818423606,1,"IOTHUB_CLIENT_CONFIRMATION_OK"
193,10818423910,10818423942,1,"IOTHUB_CLIENT_CONFIRMATION_OK"
194,10818424243,10818424363,1,"IOTHUB_CLIENT_CONFIRMATION_OK"
195,10818424576,10818424636,1,"IOTHUB_CLIENT_CONFIRMATION_OK"
196,10818424909,10818424939,1,"IOTHUB_CLIENT_CONFIRMATION_OK"
197,10818425242,10818425274,1,"IOTHUB_CLIENT_CONFIRMATION_OK"
198,10818425575,10818425606,1,"IOTHUB_CLIENT_CONFIRMATION_OK"
199,10818425908,10818425982,1,"IOTHUB_CLIENT_CONFIRMATION_OK"
200,10818426242,10818426272,1,"IOTHUB_CLIENT_CONFIRMATION_OK"
201,10818426575,10818426608,1,"IOTHUB_CLIENT_CONFIRMATION_OK"
202,10818426908,10818426941,1,"IOTHUB_CLIENT_CONFIRMATION_OK"
203,10818427241,10818427271,1,"IOTHUB_CLIENT_CONFIRMATION_OK"
204,10818427574,10818427616,1,"IOTHUB_CLIENT_CONFIRMATION_OK"
205,10818427907,10818427944,1,"IOTHUB_CLIENT_CONFIRMATION_OK"
206,10818428241,10818428273,1,"IOTHUB_CLIENT_CONFIRMATION_OK"
207,10818428574,10818428663,1,"IOTHUB_CLIENT_CONFIRMATION_OK"
208,10818428907,10818428955,1,"IOTHUB_CLIENT_CONFIRMATION_OK"
209,10818429240,10818429270,1,"IOTHUB_CLIENT_CONFIRMATION_OK"
210,10818429573,10818429604,1,"IOTHUB_CLIENT_CONFIRMATION_OK"
211,10818429906,10818430019,1,"IOTHUB_CLIENT_CONFIRMATION_OK"
212,10818430240,10818430274,1,"IOTHUB_CLIENT_CONFIRMATION_OK"
213,10818430573,10818430610,1,"IOTHUB_CLIENT_CONFIRMATION_OK"
214,10818430906,10818430935,1,"IOTHUB_CLIENT_CONFIRMATION_OK"
215,10818431239,10818431286,1,"IOTHUB_CLIENT_CONFIRMATION_OK"
216,10818431572,10818431603,1,"IOTHUB_CLIENT_CONFIRMATION_OK"
217,10818431905,10818431945,1,"IOTHUB_CLIENT_CONFIRMATION_OK"
218,10818432238,10818432268,1,"IOTHUB_CLIENT_CONFIRMATION_OK"
219,10818432572,10818432605,1,"IOTHUB_CLIENT_CONFIRMATION_OK"
220,10818432905,10818432934,1,"IOTHUB_CLIENT_CONFIRMATION_OK"
221,10818433238,10818433272,1,"IOTHUB_CLIENT_CONFIRMATION_OK"
222,10818433571,10818433610,1,"IOTHUB_CLIENT_CONFIRMATION_OK"
223,10818433904,10818433936,1,"IOTHUB_CLIENT_CONFIRMATION_OK"
224,10818434237,10818434267,1,"IOTHUB_CLIENT_CONFIRMATION_OK"
225,10818434571,10818434601,1,"IOTHUB_CLIENT_CONFIRMATION_OK"
226,10818434904,10818434943,1,"IOTHUB_CLIENT_CONFIRMATION_OK"
227,10818435237,10818435271,1,"IOTHUB_CLIENT_CONFIRMATION_OK"
228,10818435570,10818435681,1,"IOTHUB_CLIENT_CONFIRMATION_OK"
229,10818435903,10818435934,1,"IOTHUB_CLIENT_CONFIRMATION_OK"
230,10818436236,10818436271,1,"IOTHUB_CLIENT_CONFIRMATION_OK"
231,10818436570,10818436617,1,"IOTHUB_CLIENT_CONFIRMATION_OK"
232,10818436903,10818436933,1,"IOTHUB_CLIENT_CONFIRMATION_OK"
233,10818437236,10818437311,1,"IOTHUB_CLIENT_CONFIRMATION_OK"
234,10818437569,10818437597,1,"IOTHUB_CLIENT_CONFIRMATION_OK"
235,10818437902,10818437950,1,"IOTHUB_CLIENT_CONFIRMATION_OK"
236,10818438235,10818438264,1,"IOTHUB_CLIENT_CONFIRMATION_OK"
237,10818438568,10818438601,1,"IOTHUB_CLIENT_CONFIRMATION_OK"
238,10818438902,10818438930,1,"IOTHUB_CLIENT_CONFIRMATION_OK"
239,10818439235,10818439264,1,"IOTHUB_CLIENT_CONFIRMATION_OK"
240,10818439568,10818439612,1,"IOTHUB_CLIENT_CONFIRMATION_OK"
241,10818439901,10818439933,1,"IOTHUB_CLIENT_CONFIRMATION_OK"
242,10818440234,10818440291,1,"IOTHUB_CLIENT_CONFIRMATION_OK"
243,10818440567,10818440597,1,"IOTHUB_CLIENT_CONFIRMATION_OK"
244,10818440901,10818440934,1,"IOTHUB_CLIENT_CONFIRMATION_OK"
245,10818441234,10818441263,1,"IOTHUB_CLIENT_CONFIRMATION_OK"
246,10818441567,10818441598,1,"IOTHUB_CLIENT_CONFIRMATION_OK"
247,10818441900,10818441928,1,"IOTHUB_CLIENT_CONFIRMATION_OK"
248,10818442233,10818442264,1,"IOTHUB_CLIENT_CONFIRMATION_OK"
249,10818442566,10818442602,1,"IOTHUB_CLIENT_CONFIRMATION_OK"
250,10818442900,10818443229,1,"IOTHUB_CLIENT_CONFIRMATION_OK"
251,10818443233,10818443468,1,"IOTHUB_CLIENT_CONFIRMATION_OK"
252,10818443566,10818443691,1,"IOTHUB_CLIENT_CONFIRMATION_OK"
253,10818443899,10818443947,1,"IOTHUB_CLIENT_CONFIRMATION_OK"
254,10818444232,10818444263,1,"IOTHUB_CLIENT_CONFIRMATION_OK"
255,10818444565,10818444600,1,"IOTHUB_CLIENT_CONFIRMATION_OK"
256,10818444899,10818444928,1,"IOTHUB_CLIENT_CONFIRMATION_OK"
257,10818445232,10818445262,1,"IOTHUB_CLIENT_CONFIRMATION_OK"
258,10818445565,10818445597,1,"IOTHUB_CLIENT_CONFIRMATION_OK"
259,10818445898,10818445930,1,"IOTHUB_CLIENT_CONFIRMATION_OK"
260,10818446231,10818446261,1,"IOTHUB_CLIENT_CONFIRMATION_OK"
261,10818446564,10818446595,1,"IOTHUB_CLIENT_CONFIRMATION_OK"
262,10818446898,10818447101,1,"IOTHUB_CLIENT_CONFIRMATION_OK"
263,10818447231,10818447265,1,"IOTHUB_CLIENT_CONFIRMATION_OK"
264,10818447564,10818447596,1,"IOTHUB_CLIENT_CONFIRMATION_OK"
265,10818447897,10818447929,1,"IOTHUB_CLIENT_CONFIRMATION_OK"
266,10818448230,10818448259,1,"IOTHUB_CLIENT_CONFIRMATION_OK"
267,10818448563,10818448596,1,"IOTHUB_CLIENT_CONFIRMATION_OK"
268,10818448897,10818448925,1,"IOTHUB_CLIENT_CONFIRMATION_OK"
269,10818449230,10818449321,1,"IOTHUB_CLIENT_CONFIRMATION_OK"
270,10818449563,10818449591,1,"IOTHUB_CLIENT_CONFIRMATION_OK"
271,10818449896,10818449937,1,"IOTHUB_CLIENT_CONFIRMATION_OK"
272,10818450229,10818450258,1,"IOTHUB_CLIENT_CONFIRMATION_OK"
273,10818450562,10818450591,1,"IOTHUB_CLIENT_CONFIRMATION_OK"
274,10818450896,10818450937,1,"IOTHUB_CLIENT_CONFIRMATION_OK"
275,10818451229,10818451258,1,"IOTHUB_CLIENT_CONFIRMATION_OK"
276,10818451562,10818451603,1,"IOTHUB_CLIENT_CONFIRMATION_OK"
277,10818451895,10818451925,1,"IOTHUB_CLIENT_CONFIRMATION_OK"
278,10818452228,10818452268,1,"IOTHUB_CLIENT_CONFIRMATION_OK"
279,10818452561,10818452591,1,"IOTHUB_CLIENT_CONFIRMATION_OK"
280,10818452894,10818452922,1,"IOTHUB_CLIENT_CONFIRMATION_OK"
281,10818453228,10818453256,1,"IOTHUB_CLIENT_CONFIRMATION_OK"
282,10818453561,10818453665,1,"IOTHUB_CLIENT_CONFIRMATION_OK"
283,10818453894,10818453942,1,"IOTHUB_CLIENT_CONFIRMATION_OK"
284,10818454227,10818454258,1,"IOTHUB_CLIENT_CONFIRMATION_OK"
285,10818454560,10818454589,1,"IOTHUB_CLIENT_CONFIRMATION_OK"
286,10818454893,10818454951,1,"IOTHUB_CLIENT_CONFIRMATION_OK"
287,10818455227,10818455259,1,"IOTHUB_CLIENT_CONFIRMATION_OK"
288,10818455560,10818455589,1,"IOTHUB_CLIENT_CONFIRMATION_OK"
289,10818455893,10818455922,1,"IOTHUB_CLIENT_CONFIRMATION_OK"
290,10818456226,10818456256,1,"IOTHUB_CLIENT_CONFIRMATION_OK"
291,10818456559,10818456589,1,"IOTHUB_CLIENT_CONFIRMATION_OK"
292,10818456892,10818456924,1,"IOTHUB_CLIENT_CONFIRMATION_OK"
293,10818457225,10818457256,1,"IOTHUB_CLIENT_CONFIRMATION_OK"
294,10818457559,10818457596,1,"IOTHUB_CLIENT_CONFIRMATION_OK"
295,10818457892,10818457923,1,"IOTHUB_CLIENT_CONFIRMATION_OK"
296,10818458225,10818458351,1,"IOTHUB_CLIENT_CONFIRMATION_OK"
297,10818458558,10818458590,1,"IOTHUB_CLIENT_CONFIRMATION_OK"
298,10818458891,10818458929,1,"IOTHUB_CLIENT_CONFIRMATION_OK"
299,10818459224,10818459254,1,"IOTHUB_CLIENT_CONFIRMATION_OK"
300,10818459558,10818459588,1,"IOTHUB_CLIENT_CONFIRMATION_OK"
301,10818459891,10818459965,1,"IOTHUB_CLIENT_CONFIRMATION_OK"
302,10818460224,10818460253,1,"IOTHUB_CLIENT_CONFIRMATION_OK"
303,10818460557,10818460595,1,"IOTHUB_CLIENT_CONFIRMATION_OK"
304,10818460890,10818460976,1,"IOTHUB_CLIENT_CONFIRMATION_OK"
305,10818461223,10818461252,1,"IOTHUB_CLIENT_CONFIRMATION_OK"
306,10818461557,10818461590,1,"IOTHUB_CLIENT_CONFIRMATION_OK"
307,10818461890,10818461919,1,"IOTHUB_CLIENT_CONFIRMATION_OK"
308,10818462223,10818462254,1,"IOTHUB_CLIENT_CONFIRMATION_OK"
309,10818462556,10818462585,1,"IOTHUB_CLIENT_CONFIRMATION_OK"
310,10818462889,10818462922,1,"IOTHUB_CLIENT_CONFIRMATION_OK"
311,10818463222,10818463251,1,"IOTHUB_CLIENT_CONFIRMATION_OK"
312,10818463556,10818463589,1,"IOTHUB_CLIENT_CONFIRMATION_OK"
313,10818463889,10818464049,1,"IOTHUB_CLIENT_CONFIRMATION_OK"
314,10818464222,10818464253,1,"IOTHUB_CLIENT_CONFIRMATION_OK"
315,10818464555,10818464588,1,"IOTHUB_CLIENT_CONFIRMATION_OK"
316,10818464888,10818464916,1,"IOTHUB_CLIENT_CONFIRMATION_OK"
317,10818465222,10818465252,1,"IOTHUB_CLIENT_CONFIRMATION_OK"
318,10818465555,10818465661,1,"IOTHUB_CLIENT_CONFIRMATION_OK"
319,10818465888,10818465960,1,"IOTHUB_CLIENT_CONFIRMATION_OK"
320,10818466221,10818466273,1,"IOTHUB_CLIENT_CONFIRMATION_OK"
321,10818466554,10818466589,1,"IOTHUB_CLIENT_CONFIRMATION_OK"
322,10818466887,10818466917,1,"IOTHUB_CLIENT_CONFIRMATION_OK"
323,10818467221,10818467252,1,"IOTHUB_CLIENT_CONFIRMATION_OK"
324,10818467554,10818467584,1,"IOTHUB_CLIENT_CONFIRMATION_OK"
325,10818467887,10818467921,1,"IOTHUB_CLIENT_CONFIRMATION_OK"
326,10818468220,10818468302,1,"IOTHUB_CLIENT_CONFIRMATION_OK"
327,10818468553,10818468584,1,"IOTHUB_CLIENT_CONFIRMATION_OK"
328,10818468886,10818468916,1,"IOTHUB_CLIENT_CONFIRMATION_OK"
329,10818469220,10818469252,1,"IOTHUB_CLIENT_CONFIRMATION_OK"
330,10818469553,10818469724,1,"IOTHUB_CLIENT_CONFIRMATION_OK"
331,10818469886,10818469918,1,"IOTHUB_CLIENT_CONFIRMATION_OK"
332,10818470219,10818470267,1,"IOTHUB_CLIENT_CONFIRMATION_OK"
333,10818470552,10818470584,1,"IOTHUB_CLIENT_CONFIRMATION_OK"
334,10818470885,10818470917,1,"IOTHUB_CLIENT_CONFIRMATION_OK"
335,10818471219,10818471250,1,"IOTHUB_CLIENT_CONFIRMATION_OK"
336,10818471552,10818471581,1,"IOTHUB_CLIENT_CONFIRMATION_OK"
337,10818471885,10818471976,1,"IOTHUB_CLIENT_CONFIRMATION_OK"
338,10818472218,10818472250,1,"IOTHUB_CLIENT_CONFIRMATION_OK"
339,10818472551,10818472581,1,"IOTHUB_CLIENT_CONFIRMATION_OK"
340,10818472884,10818472920,1,"IOTHUB_CLIENT_CONFIRMATION_OK"
341,10818473217,10818473254,1,"IOTHUB_CLIENT_CONFIRMATION_OK"
342,10818473551,10818473580,1,"IOTHUB_CLIENT_CONFIRMATION_OK"
343,10818473884,10818473913,1,"IOTHUB_CLIENT_CONFIRMATION_OK"
344,10818474217,10818474254,1,"IOTHUB_CLIENT_CONFIRMATION_OK"
345,10818474550,10818474580,1,"IOTHUB_CLIENT_CONFIRMATION_OK"
346,10818474883,10818474923,1,"IOTHUB_CLIENT_CONFIRMATION_OK"
347,10818475216,10818475399,1,"IOTHUB_CLIENT_CONFIRMATION_OK"
348,10818475550,10818475585,1,"IOTHUB_CLIENT_CONFIRMATION_OK"
349,10818475883,10818475911,1,"IOTHUB_CLIENT_CONFIRMATION_OK"
350,10818476216,10818476246,1,"IOTHUB_CLIENT_CONFIRMATION_OK"
351,10818476549,10818476594,1,"IOTHUB_CLIENT_CONFIRMATION_OK"
352,10818476882,10818476911,1,"IOTHUB_CLIENT_CONFIRMATION_OK"
353,10818477215,10818477251,1,"IOTHUB_CLIENT_CONFIRMATION_OK"
354,10818477549,10818477649,1,"IOTHUB_CLIENT_CONFIRMATION_OK"
355,10818477882,10818477912,1,"IOTHUB_CLIENT_CONFIRMATION_OK"
356,10818478215,10818478262,1,"IOTHUB_CLIENT_CONFIRMATION_OK"
357,10818478548,10818478578,1,"IOTHUB_CLIENT_CONFIRMATION_OK"
358,10818478881,10818478912,1,"IOTHUB_CLIENT_CONFIRMATION_OK"
359,10818479214,10818479363,1,"IOTHUB_CLIENT_CONFIRMATION_OK"
360,10818479548,10818479581,1,"IOTHUB_CLIENT_CONFIRMATION_OK"
361,10818479881,10818479917,1,"IOTHUB_CLIENT_CONFIRMATION_OK"
362,10818480214,10818480243,1,"IOTHUB_CLIENT_CONFIRMATION_OK"
363,10818480547,10818480578,1,"IOTHUB_CLIENT_CONFIRMATION_OK"
364,10818480880,10818480909,1,"IOTHUB_CLIENT_CONFIRMATION_OK"
365,10818481213,10818481265,1,"IOTHUB_CLIENT_CONFIRMATION_OK"
366,10818481547,10818481603,1,"IOTHUB_CLIENT_CONFIRMATION_OK"
367,10818481880,10818481912,1,"IOTHUB_CLIENT_CONFIRMATION_OK"
368,10818482213,10818482244,1,"IOTHUB_CLIENT_CONFIRMATION_OK"
369,10818482546,10818482576,1,"IOTHUB_CLIENT_CONFIRMATION_OK"
370,10818482879,10818482910,1,"IOTHUB_CLIENT_CONFIRMATION_OK"
371,10818483212,10818483257,1,"IOTHUB_CLIENT_CONFIRMATION_OK"
372,10818483546,10818483575,1,"IOTHUB_CLIENT_CONFIRMATION_OK"
373,10818483879,10818483908,1,"IOTHUB_CLIENT_CONFIRMATION_OK"
374,10818484212,10818484240,1,"IOTHUB_CLIENT_CONFIRMATION_OK"
375,10818484545,10818484581,1,"IOTHUB_CLIENT_CONFIRMATION_OK"
376,10818484878,10818484907,1,"IOTHUB_CLIENT_CONFIRMATION_OK"
377,10818485211,10818485240,1,"IOTHUB_CLIENT_CONFIRMATION_OK"
378,10818485544,10818485573,1,"IOTHUB_CLIENT_CONFIRMATION_OK"
379,10818485878,10818485909,1,"IOTHUB_CLIENT_CONFIRMATION_OK"
380,10818486211,10818486242,1,"IOTHUB_CLIENT_CONFIRMATION_OK"
381,10818486544,10818486576,1,"IOTHUB_CLIENT_CONFIRMATION_OK"
382,10818486877,10818486906,1,"IOTHUB_CLIENT_CONFIRMATION_OK"
383,10818487210,10818487239,1,"IOTHUB_CLIENT_CONFIRMATION_OK"
384,10818487543,10818487576,1,"IOTHUB_CLIENT_CONFIRMATION_OK"
385,10818487877,10818487906,1,"IOTHUB_CLIENT_CONFIRMATION_OK"
386,10818488210,10818488239,1,"IOTHUB_CLIENT_CONFIRMATION_OK"
387,10818488543,10818488576,1,"IOTHUB_CLIENT_CONFIRMATION_OK"
388,10818488876,10818488907,1,"IOTHUB_CLIENT_CONFIRMATION_OK"
389,10818489209,10818489242,1,"IOTHUB_CLIENT_CONFIRMATION_OK"
390,10818489542,10818489571,1,"IOTHUB_CLIENT_CONFIRMATION_OK"
391,10818489876,10818489908,1,"IOTHUB_CLIENT_CONFIRMATION_OK"
392,10818490209,10818490244,1,"IOTHUB_CLIENT_CONFIRMATION_OK"
393,10818490542,10818490573,1,"IOTHUB_CLIENT_CONFIRMATION_OK"
394,10818490875,10818490903,1,"IOTHUB_CLIENT_CONFIRMATION_OK"
395,10818491208,10818491238,1,"IOTHUB_CLIENT_CONFIRMATION_OK"
396,10818491541,10818491578,1,"IOTHUB_CLIENT_CONFIRMATION_OK"
397,10818491874,10818491908,1,"IOTHUB_CLIENT_CONFIRMATION_OK"
398,10818492208,10818492350,1,"IOTHUB_CLIENT_CONFIRMATION_OK"
399,10818492541,10818492571,1,"IOTHUB_CLIENT_CONFIRMATION_OK"
400,10818492874,10818492903,1,"IOTHUB_CLIENT_CONFIRMATION_OK"
401,10818493207,10818493237,1,"IOTHUB_CLIENT_CONFIRMATION_OK"
402,10818493540,10818493574,1,"IOTHUB_CLIENT_CONFIRMATION_OK"
403,10818493873,10818493903,1,"IOTHUB_CLIENT_CONFIRMATION_OK"
404,10818494207,10818494235,1,"IOTHUB_CLIENT_CONFIRMATION_OK"
405,10818494540,10818494596,1,"IOTHUB_CLIENT_CONFIRMATION_OK"
406,10818494873,10818494906,1,"IOTHUB_CLIENT_CONFIRMATION_OK"
407,10818495206,10818495239,1,"IOTHUB_CLIENT_CONFIRMATION_OK"
408,10818495539,10818495570,1,"IOTHUB_CLIENT_CONFIRMATION_OK"
409,10818495872,10818495900,1,"IOTHUB_CLIENT_CONFIRMATION_OK"
410,10818496205,10818496236,1,"IOTHUB_CLIENT_CONFIRMATION_OK"
411,10818496539,10818496569,1,"IOTHUB_CLIENT_CONFIRMATION_OK"
412,10818496872,10818496908,1,"IOTHUB_CLIENT_CONFIRMATION_OK"
413,10818497205,10818497239,1,"IOTHUB_CLIENT_CONFIRMATION_OK"
414,10818497538,10818497567,1,"IOTHUB_CLIENT_CONFIRMATION_OK"
415,10818497871,10818497961,1,"IOTHUB_CLIENT_CONFIRMATION_OK"
416,10818498204,10818498249,1,"IOTHUB_CLIENT_CONFIRMATION_OK"
417,10818498538,10818498568,1,"IOTHUB_CLIENT_CONFIRMATION_OK"
418,10818498871,10818498900,1,"IOTHUB_CLIENT_CONFIRMATION_OK"
419,10818499204,10818499238,1,"IOTHUB_CLIENT_CONFIRMATION_OK"
420,10818499537,10818499566,1,"IOTHUB_CLIENT_CONFIRMATION_OK"
421,10818499870,10818499900,1,"IOTHUB_CLIENT_CONFIRMATION_OK"
422,10818500203,10818500244,1,"IOTHUB_CLIENT_CONFIRMATION_OK"
423,10818500536,10818500566,1,"IOTHUB_CLIENT_CONFIRMATION_OK"
424,10818500870,10818500900,1,"IOTHUB_CLIENT_CONFIRMATION_OK"
425,10818501203,10818501234,1,"IOTHUB_CLIENT_CONFIRMATION_OK"
426,10818501536,10818501566,1,"IOTHUB_CLIENT_CONFIRMATION_OK"
427,10818501869,10818501926,1,"IOTHUB_CLIENT_CONFIRMATION_OK"
428,10818502202,10818502238,1,"IOTHUB_CLIENT_CONFIRMATION_OK"
429,10818502535,10818502566,1,"IOTHUB_CLIENT_CONFIRMATION_OK"
430,10818502869,10818502898,1,"IOTHUB_CLIENT_CONFIRMATION_OK"
431,10818503202,10818503236,1,"IOTHUB_CLIENT_CONFIRMATION_OK"
432,10818503535,10818503563,1,"IOTHUB_CLIENT_CONFIRMATION_OK"
433,10818503868,10818503899,1,"IOTHUB_CLIENT_CONFIRMATION_OK"
434,10818504201,10818504247,1,"IOTHUB_CLIENT_CONFIRMATION_OK"
435,10818504534,10818504567,1,"IOTHUB_CLIENT_CONFIRMATION_OK"
436,10818504868,10818504909,1,"IOTHUB_CLIENT_CONFIRMATION_OK"
437,10818505201,10818505352,1,"IOTHUB_CLIENT_CONFIRMATION_OK"
438,10818505534,10818505565,1,"IOTHUB_CLIENT_CONFIRMATION_OK"
439,10818505867,10818505896,1,"IOTHUB_CLIENT_CONFIRMATION_OK"
440,10818506200,10818506234,1,"IOTHUB_CLIENT_CONFIRMATION_OK"
441,10818506533,10818506562,1,"IOTHUB_CLIENT_CONFIRMATION_OK"
442,10818506867,10818506955,1,"IOTHUB_CLIENT_CONFIRMATION_OK"
443,10818507200,10818507232,1,"IOTHUB_CLIENT_CONFIRMATION_OK"
444,10818507533,10818507584,1,"IOTHUB_CLIENT_CONFIRMATION_OK"
445,10818507866,10818507901,1,"IOTHUB_CLIENT_CONFIRMATION_OK"
446,10818508199,10818508229,1,"IOTHUB_CLIENT_CONFIRMATION_OK"
447,10818508532,10818508561,1,"IOTHUB_CLIENT_CONFIRMATION_OK"
448,10818508866,10818508899,1,"IOTHUB_CLIENT_CONFIRMATION_OK"
449,10818509199,10818509231,1,"IOTHUB_CLIENT_CONFIRMATION_OK"
450,10818509532,10818509562,1,"IOTHUB_CLIENT_CONFIRMATION_OK"
451,10818509865,10818509893,1,"IOTHUB_CLIENT_CONFIRMATION_OK"
452,10818510198,10818510229,1,"IOTHUB_CLIENT_CONFIRMATION_OK"
453,10818510531,10818510561,1,"IOTHUB_CLIENT_CONFIRMATION_OK"
454,10818510864,10818511043,1,"IOTHUB_CLIENT_CONFIRMATION_OK"
455,10818511198,10818511230,1,"IOTHUB_CLIENT_CONFIRMATION_OK"
456,10818511531,10818511560,1,"IOTHUB_CLIENT_CONFIRMATION_OK"
457,10818511864,10818511904,1,"IOTHUB_CLIENT_CONFIRMATION_OK"
458,10818512197,10818512227,1,"IOTHUB_CLIENT_CONFIRMATION_OK"
459,10818512530,10818512570,1,"IOTHUB_CLIENT_CONFIRMATION_OK"
460,10818512863,10818512894,1,"IOTHUB_CLIENT_CONFIRMATION_OK"
461,10818513197,10818513227,1,"IOTHUB_CLIENT_CONFIRMATION_OK"
462,10818513530,10818513559,1,"IOTHUB_CLIENT_CONFIRMATION_OK"
463,10818513863,10818513893,1,"IOTHUB_CLIENT_CONFIRMATION_OK"
464,10818514196,10818514227,1,"IOTHUB_CLIENT_CONFIRMATION_OK"
465,10818514529,10818514561,1,"IOTHUB_CLIENT_CONFIRMATION_OK"
466,10818514862,10818514995,1,"IOTHUB_CLIENT_CONFIRMATION_OK"
467,10818515195,10818515224,1,"IOTHUB_CLIENT_CONFIRMATION_OK"
468,10818515529,10818515561,1,"IOTHUB_CLIENT_CONFIRMATION_OK"
469,10818515862,10818515902,1,"IOTHUB_CLIENT_CONFIRMATION_OK"
470,10818516195,10818516223,1,"IOTHUB_CLIENT_CONFIRMATION_OK"
471,10818516528,10818516617,1,"IOTHUB_CLIENT_CONFIRMATION_OK"
472,10818516861,10818516890,1,"IOTHUB_CLIENT_CONFIRMATION_OK"
473,10818517194,10818517240,1,"IOTHUB_CLIENT_CONFIRMATION_OK"
474,10818517528,10818517571,1,"IOTHUB_CLIENT_CONFIRMATION_OK"
475,10818517861,10818517893,1,"IOTHUB_CLIENT_CONFIRMATION_OK"
476,10818518194,10818518223,1,"IOTHUB_CLIENT_CONFIRMATION_OK"
477,10818518527,10818518565,1,"IOTHUB_CLIENT_CONFIRMATION_OK"
478,10818518860,10818518889,1,"IOTHUB_CLIENT_CONFIRMATION_OK"
479,10818519193,10818519226,1,"IOTHUB_CLIENT_CONFIRMATION_OK"
480,10818519527,10818519568,1,"IOTHUB_CLIENT_CONFIRMATION_OK"
481,10818519860,10818519890,1,"IOTHUB_CLIENT_CONFIRMATION_OK"
482,10818520193,10818520223,1,"IOTHUB_CLIENT_CONFIRMATION_OK"
483,10818520526,10818520721,1,"IOTHUB_CLIENT_CONFIRMATION_OK"
484,10818520859,10818520925,1,"IOTHUB_CLIENT_CONFIRMATION_OK"
485,10818521192,10818521221,1,"IOTHUB_CLIENT_CONFIRMATION_OK"
486,10818521526,10818521571,1,"IOTHUB_CLIENT_CONFIRMATION_OK"
487,10818521859,10818521899,1,"IOTHUB_CLIENT_CONFIRMATION_OK"
488,10818522192,10818522299,1,"IOTHUB_CLIENT_CONFIRMATION_OK"
489,10818522525,10818522559,1,"IOTHUB_CLIENT_CONFIRMATION_OK"
490,10818522858,10818523030,1,"IOTHUB_CLIENT_CONFIRMATION_OK"
491,10818523191,10818523222,1,"IOTHUB_CLIENT_CONFIRMATION_OK"
492,10818523524,10818523577,1,"IOTHUB_CLIENT_CONFIRMATION_OK"
493,10818523858,10818523898,1,"IOTHUB_CLIENT_CONFIRMATION_OK"
494,10818524191,10818524224,1,"IOTHUB_CLIENT_CONFIRMATION_OK"
495,10818524524,10818524553,1,"IOTHUB_CLIENT_CONFIRMATION_OK"
496,10818524857,10818524891,1,"IOTHUB_CLIENT_CONFIRMATION_OK"
497,10818525190,10818525223,1,"IOTHUB_CLIENT_CONFIRMATION_OK"
498,10818525523,10818525553,1,"IOTHUB_CLIENT_CONFIRMATION_OK"
499,10818525857,10818525887,1,"IOTHUB_CLIENT_CONFIRMATION_OK"
500,10818526190,10818526373,1,"IOTHUB_CLIENT_CONFIRMATION_OK"
501,10818526523,10818526552,1,"IOTHUB_CLIENT_CONFIRMATION_OK"
502,10818526856,10818526887,1,"IOTHUB_CLIENT_CONFIRMATION_OK"
503,10818527189,10818527217,1,"IOTHUB_CLIENT_CONFIRMATION_OK"
504,10818527522,10818527560,1,"IOTHUB_CLIENT_CONFIRMATION_OK"
505,10818527856,10818527890,1,"IOTHUB_CLIENT_CONFIRMATION_OK"
506,10818528189,10818528220,1,"IOTHUB_CLIENT_CONFIRMATION_OK"
507,10818528522,10818528623,1,"IOTHUB_CLIENT_CONFIRMATION_OK"
508,10818528855,10818528888,1,"IOTHUB_CLIENT_CONFIRMATION_OK"
509,10818529188,10818529218,1,"IOTHUB_CLIENT_CONFIRMATION_OK"
510,10818529521,10818529552,1,"IOTHUB_CLIENT_CONFIRMATION_OK"
511,10818529855,10818529885,1,"IOTHUB_CLIENT_CONFIRMATION_OK"
512,10818530188,10818530242,1,"IOTHUB_CLIENT_CONFIRMATION_OK"
513,10818530521,10818530549,1,"IOTHUB_CLIENT_CONFIRMATION_OK"
514,10818530854,10818530885,1,"IOTHUB_CLIENT_CONFIRMATION_OK"
515,10818531187,10818531231,1,"IOTHUB_CLIENT_CONFIRMATION_OK"
516,10818531520,10818531552,1,"IOTHUB_CLIENT_CONFIRMATION_OK"
517,10818531854,10818531889,1,"IOTHUB_CLIENT_CONFIRMATION_OK"
518,10818532187,10818532225,1,"IOTHUB_CLIENT_CONFIRMATION_OK"
519,10818532520,10818532549,1,"IOTHUB_CLIENT_CONFIRMATION_OK"
520,10818532853,10818532898,1,"IOTHUB_CLIENT_CONFIRMATION_OK"
521,10818533186,10818533303,1,"IOTHUB_CLIENT_CONFIRMATION_OK"
522,10818533519,10818533548,1,"IOTHUB_CLIENT_CONFIRMATION_OK"
523,10818533853,10818533883,1,"IOTHUB_CLIENT_CONFIRMATION_OK"
524,10818534186,10818534215,1,"IOTHUB_CLIENT_CONFIRMATION_OK"
525,10818534519,10818534549,1,"IOTHUB_CLIENT_CONFIRMATION_OK"
526,10818534852,10818534893,1,"IOTHUB_CLIENT_CONFIRMATION_OK"
527,10818535185,10818535214,1,"IOTHUB_CLIENT_CONFIRMATION_OK"
528,10818535518,10818535549,1,"IOTHUB_CLIENT_CONFIRMATION_OK"
529,10818535851,10818535958,1,"IOTHUB_CLIENT_CONFIRMATION_OK"
530,10818536185,10818536222,1,"IOTHUB_CLIENT_CONFIRMATION_OK"
531,10818536518,10818536553,1,"IOTHUB_CLIENT_CONFIRMATION_OK"
532,10818536851,10818536881,1,"IOTHUB_CLIENT_CONFIRMATION_OK"
533,10818537184,10818537237,1,"IOTHUB_CLIENT_CONFIRMATION_OK"
534,10818537517,10818537586,1,"IOTHUB_CLIENT_CONFIRMATION_OK"
535,10818537850,10818537881,1,"IOTHUB_CLIENT_CONFIRMATION_OK"
536,10818538184,10818538218,1,"IOTHUB_CLIENT_CONFIRMATION_OK"
537,10818538517,10818538547,1,"IOTHUB_CLIENT_CONFIRMATION_OK"
538,10818538850,10818538883,1,"IOTHUB_CLIENT_CONFIRMATION_OK"
539,10818539183,10818539214,1,"IOTHUB_CLIENT_CONFIRMATION_OK"
540,10818539516,10818539549,1,"IOTHUB_CLIENT_CONFIRMATION_OK"
541,10818539849,10818539879,1,"IOTHUB_CLIENT_CONFIRMATION_OK"
542,10818540183,10818540212,1,"IOTHUB_CLIENT_CONFIRMATION_OK"
543,10818540516,10818540553,1,"IOTHUB_CLIENT_CONFIRMATION_OK"
544,10818540849,10818540878,1,"IOTHUB_CLIENT_CONFIRMATION_OK"
545,10818541182,10818541212,1,"IOTHUB_CLIENT_CONFIRMATION_OK"
546,10818541515,10818541622,1,"IOTHUB_CLIENT_CONFIRMATION_OK"
547,10818541848,10818541877,1,"IOTHUB_CLIENT_CONFIRMATION_OK"
548,10818542182,10818542246,1,"IOTHUB_CLIENT_CONFIRMATION_OK"
549,10818542515,10818542543,1,"IOTHUB_CLIENT_CONFIRMATION_OK"
550,10818542848,10818542918,1,"IOTHUB_CLIENT_CONFIRMATION_OK"
551,10818543181,10818543289,1,"IOTHUB_CLIENT_CONFIRMATION_OK"
552,10818543514,10818543547,1,"IOTHUB_CLIENT_CONFIRMATION_OK"
553,10818543847,10818543902,1,"IOTHUB_CLIENT_CONFIRMATION_OK"
554,10818544181,10818544209,1,"IOTHUB_CLIENT_CONFIRMATION_OK"
555,10818544514,10818544555,1,"IOTHUB_CLIENT_CONFIRMATION_OK"
556,10818544847,10818544897,1,"IOTHUB_CLIENT_CONFIRMATION_OK"
557,10818545180,10818545211,1,"IOTHUB_CLIENT_CONFIRMATION_OK"
558,10818545513,10818545542,1,"IOTHUB_CLIENT_CONFIRMATION_OK"
559,10818545846,10818545877,1,"IOTHUB_CLIENT_CONFIRMATION_OK"
560,10818546180,10818546210,1,"IOTHUB_CLIENT_CONFIRMATION_OK"
561,10818546513,10818546553,1,"IOTHUB_CLIENT_CONFIRMATION_OK"
562,10818546846,10818546879,1,"IOTHUB_CLIENT_CONFIRMATION_OK"
563,10818547179,10818547209,1,"IOTHUB_CLIENT_CONFIRMATION_OK"
564,10818547512,10818547545,1,"IOTHUB_CLIENT_CONFIRMATION_OK"
565,10818547845,10818547875,1,"IOTHUB_CLIENT_CONFIRMATION_OK"
566,10818548179,10818548212,1,"IOTHUB_CLIENT_CONFIRMATION_OK"
567,10818548512,10818548542,1,"IOTHUB_CLIENT_CONFIRMATION_OK"
568,10818548845,10818549004,1,"IOTHUB_CLIENT_CONFIRMATION_OK"
569,10818549178,10818549211,1,"IOTHUB_CLIENT_CONFIRMATION_OK"
570,10818549511,10818549545,1,"IOTHUB_CLIENT_CONFIRMATION_OK"
571,10818549844,10818549875,1,"IOTHUB_CLIENT_CONFIRMATION_OK"
572,10818550178,10818550218,1,"IOTHUB_CLIENT_CONFIRMATION_OK"
573,10818550511,10818550540,1,"IOTHUB_CLIENT_CONFIRMATION_OK"
574,10818550844,10818550877,1,"IOTHUB_CLIENT_CONFIRMATION_OK"
575,10818551177,10818551207,1,"IOTHUB_CLIENT_CONFIRMATION_OK"
576,10818551510,10818551540,1,"IOTHUB_CLIENT_CONFIRMATION_OK"
577,10818551843,10818551875,1,"IOTHUB_CLIENT_CONFIRMATION_OK"
578,10818552177,10818552206,1,"IOTHUB_CLIENT_CONFIRMATION_OK"
579,10818552510,10818552539,1,"IOTHUB_CLIENT_CONFIRMATION_OK"
580,10818552843,10818552998,1,"IOTHUB_CLIENT_CONFIRMATION_OK"
581,10818553176,10818553204,1,"IOTHUB_CLIENT_CONFIRMATION_OK"
582,10818553509,10818553549,1,"IOTHUB_CLIENT_CONFIRMATION_OK"
583,10818553842,10818553881,1,"IOTHUB_CLIENT_CONFIRMATION_OK"
584,10818554176,10818554207,1,"IOTHUB_CLIENT_CONFIRMATION_OK"
585,10818554509,10818554543,1,"IOTHUB_CLIENT_CONFIRMATION_OK"
586,10818554842,10818554875,1,"IOTHUB_CLIENT_CONFIRMATION_OK"
587,10818555175,10818555232,1,"IOTHUB_CLIENT_CONFIRMATION_OK"
588,10818555508,10818555557,1,"IOTHUB_CLIENT_CONFIRMATION_OK"
589,10818555841,10818555872,1,"IOTHUB_CLIENT_CONFIRMATION_OK"
590,10818556174,10818556205,1,"IOTHUB_CLIENT_CONFIRMATION_OK"
591,10818556508,10818556574,1,"IOTHUB_CLIENT_CONFIRMATION_OK"
592,10818556841,10818556874,1,"IOTHUB_CLIENT_CONFIRMATION_OK"
593,10818557174,10818557204,1,"IOTHUB_CLIENT_CONFIRMATION_OK"
594,10818557507,10818557537,1,"IOTHUB_CLIENT_CONFIRMATION_OK"
595,10818557840,10818557876,1,"IOTHUB_CLIENT_CONFIRMATION_OK"
596,10818558173,10818558203,1,"IOTHUB_CLIENT_CONFIRMATION_OK"
597,10818558507,10818558696,1,"IOTHUB_CLIENT_CONFIRMATION_OK"
598,10818558840,10818558869,1,"IOTHUB_CLIENT_CONFIRMATION_OK"
599,10818559173,10818559207,1,"IOTHUB_CLIENT_CONFIRMATION_OK"
600,10818559506,10818559545,1,"IOTHUB_CLIENT_CONFIRMATION_OK"
601,10818559839,10818559871,1,"IOTHUB_CLIENT_CONFIRMATION_OK"
602,10818560172,10818560201,1,"IOTHUB_CLIENT_CONFIRMATION_OK"
603,10818560506,10818560537,1,"IOTHUB_CLIENT_CONFIRMATION_OK"
604,10818560839,10818560940,1,"IOTHUB_CLIENT_CONFIRMATION_OK"
605,10818561172,10818561201,1,"IOTHUB_CLIENT_CONFIRMATION_OK"
606,10818561505,10818561535,1,"IOTHUB_CLIENT_CONFIRMATION_OK"
607,10818561838,10818561869,1,"IOTHUB_CLIENT_CONFIRMATION_OK"
608,10818562171,10818562203,1,"IOTHUB_CLIENT_CONFIRMATION_OK"
609,10818562505,10818562704,1,"IOTHUB_CLIENT_CONFIRMATION_OK"
610,10818562838,10818562870,1,"IOTHUB_CLIENT_CONFIRMATION_OK"
611,10818563171,10818563203,1,"IOTHUB_CLIENT_CONFIRMATION_OK"
612,10818563504,10818563553,1,"IOTHUB_CLIENT_CONFIRMATION_OK"
613,10818563837,10818563896,1,"IOTHUB_CLIENT_CONFIRMATION_OK"
614,10818564170,10818564368,1,"IOTHUB_CLIENT_CONFIRMATION_OK"
615,10818564504,10818564538,1,"IOTHUB_CLIENT_CONFIRMATION_OK"
616,10818564837,10818564865,1,"IOTHUB_CLIENT_CONFIRMATION_OK"
617,10818565170,10818565201,1,"IOTHUB_CLIENT_CONFIRMATION_OK"
618,10818565503,10818565532,1,"IOTHUB_CLIENT_CONFIRMATION_OK"
619,10818565836,10818565866,1,"IOTHUB_CLIENT_CONFIRMATION_OK"
620,10818566169,10818566201,1,"IOTHUB_CLIENT_CONFIRMATION_OK"
621,10818566503,10818566576,1,"IOTHUB_CLIENT_CONFIRMATION_OK"
622,10818566836,10818566866,1,"IOTHUB_CLIENT_CONFIRMATION_OK"
623,10818567169,10818567204,1,"IOTHUB_CLIENT_CONFIRMATION_OK"
624,10818567502,10818567536,1,"IOTHUB_CLIENT_CONFIRMATION_OK"
625,10818567835,10818567868,1,"IOTHUB_CLIENT_CONFIRMATION_OK"
626,10818568168,10818568199,1,"IOTHUB_CLIENT_CONFIRMATION_OK"
627,10818568502,10818568531,1,"IOTHUB_CLIENT_CONFIRMATION_OK"
628,10818568835,10818568868,1,"IOTHUB_CLIENT_CONFIRMATION_OK"
629,10818569168,10818569196,1,"IOTHUB_CLIENT_CONFIRMATION_OK"
630,10818569501,10818569546,1,"IOTHUB_CLIENT_CONFIRMATION_OK"
631,10818569834,10818569865,1,"IOTHUB_CLIENT_CONFIRMATION_OK"
632,10818570167,10818570197,1,"IOTHUB_CLIENT_CONFIRMATION_OK"
633,10818570500,10818570529,1,"IOTHUB_CLIENT_CONFIRMATION_OK"
634,10818570834,10818570863,1,"IOTHUB_CLIENT_CONFIRMATION_OK"
635,10818571167,10818571196,1,"IOTHUB_CLIENT_CONFIRMATION_OK"
636,10818571500,10818571531,1,"IOTHUB_CLIENT_CONFIRMATION_OK"
637,10818571833,10818571862,1,"IOTHUB_CLIENT_CONFIRMATION_OK"
638,10818572166,10818572822,1,"IOTHUB_CLIENT_CONFIRMATION_OK"
639,10818572499,10818573001,1,"IOTHUB_CLIENT_CONFIRMATION_OK"
640,10818572833,10818573021,1,"IOTHUB_CLIENT_CONFIRMATION_OK"
641,10818573166,10818573194,1,"IOTHUB_CLIENT_CONFIRMATION_OK"
642,10818573499,10818573528,1,"IOTHUB_CLIENT_CONFIRMATION_OK"
643,10818573832,10818574006,1,"IOTHUB_CLIENT_CONFIRMATION_OK"
644,10818574165,10818574196,1,"IOTHUB_CLIENT_CONFIRMATION_OK"
645,10818574498,10818574547,1,"IOTHUB_CLIENT_CONFIRMATION_OK"
646,10818574832,10818574864,1,"IOTHUB_CLIENT_CONFIRMATION_OK"
647,10818575165,10818575199,1,"IOTHUB_CLIENT_CONFIRMATION_OK"
648,10818575498,10818575526,1,"IOTHUB_CLIENT_CONFIRMATION_OK"
649,10818575831,10818575863,1,"IOTHUB_CLIENT_CONFIRMATION_OK"
650,10818576164,10818576255,1,"IOTHUB_CLIENT_CONFIRMATION_OK"
651,10818576497,10818576526,1,"IOTHUB_CLIENT_CONFIRMATION_OK"
652,10818576830,10818576867,1,"IOTHUB_CLIENT_CONFIRMATION_OK"
653,10818577164,10818577192,1,"IOTHUB_CLIENT_CONFIRMATION_OK"
654,10818577497,10818577528,1,"IOTHUB_CLIENT_CONFIRMATION_OK"
655,10818577830,10818577868,1,"IOTHUB_CLIENT_CONFIRMATION_OK"
656,10818578163,10818578197,1,"IOTHUB_CLIENT_CONFIRMATION_OK"
657,10818578496,10818578529,1,"IOTHUB_CLIENT_CONFIRMATION_OK"
658,10818578829,10818578860,1,"IOTHUB_CLIENT_CONFIRMATION_OK"
659,10818579163,10818579194,1,"IOTHUB_CLIENT_CONFIRMATION_OK"
660,10818579496,10818579692,1,"IOTHUB_CLIENT_CONFIRMATION_OK"
661,10818579829,10818579857,1,"IOTHUB_CLIENT_CONFIRMATION_OK"
662,10818580162,10818580192,1,"IOTHUB_CLIENT_CONFIRMATION_OK"
663,10818580495,10818580525,1,"IOTHUB_CLIENT_CONFIRMATION_OK"
664,10818580828,10818580858,1,"IOTHUB_CLIENT_CONFIRMATION_OK"
665,10818581162,10818581192,1,"IOTHUB_CLIENT_CONFIRMATION_OK"
666,10818581495,10818581529,1,"IOTHUB_CLIENT_CONFIRMATION_OK"
667,10818581828,10818581956,1,"IOTHUB_CLIENT_CONFIRMATION_OK"
668,10818582161,10818582194,1,"IOTHUB_CLIENT_CONFIRMATION_OK"
669,10818582494,10818582523,1,"IOTHUB_CLIENT_CONFIRMATION_OK"
670,10818582827,10818582859,1,"IOTHUB_CLIENT_CONFIRMATION_OK"
671,10818583161,10818583189,1,"IOTHUB_CLIENT_CONFIRMATION_OK"
672,10818583494,10818583634,1,"IOTHUB_CLIENT_CONFIRMATION_OK"
673,10818583827,10818583880,1,"IOTHUB_CLIENT_CONFIRMATION_OK"
674,10818584160,10818584218,1,"IOTHUB_CLIENT_CONFIRMATION_OK"
675,10818584493,10818584523,1,"IOTHUB_CLIENT_CONFIRMATION_OK"
676,10818584826,10818584856,1,"IOTHUB_CLIENT_CONFIRMATION_OK"
677,10818585160,10818585235,1,"IOTHUB_CLIENT_CONFIRMATION_OK"
678,10818585493,10818585521,1,"IOTHUB_CLIENT_CONFIRMATION_OK"
679,10818585826,10818585856,1,"IOTHUB_CLIENT_CONFIRMATION_OK"
680,10818586159,10818586187,1,"IOTHUB_CLIENT_CONFIRMATION_OK"
681,10818586492,10818586525,1,"IOTHUB_CLIENT_CONFIRMATION_OK"
682,10818586825,10818586856,1,"IOTHUB_CLIENT_CONFIRMATION_OK"
683,10818587159,10818587190,1,"IOTHUB_CLIENT_CONFIRMATION_OK"
684,10818587492,10818587520,1,"IOTHUB_CLIENT_CONFIRMATION_OK"
685,10818587825,10818587861,1,"IOTHUB_CLIENT_CONFIRMATION_OK"
686,10818588158,10818588189,1,"IOTHUB_CLIENT_CONFIRMATION_OK"
687,10818588491,10818588521,1,"IOTHUB_CLIENT_CONFIRMATION_OK"
688,10818588824,10818588853,1,"IOTHUB_CLIENT_CONFIRMATION_OK"
689,10818589158,10818589317,1,"IOTHUB_CLIENT_CONFIRMATION_OK"
690,10818589491,10818589524,1,"IOTHUB_CLIENT_CONFIRMATION_OK"
691,10818589824,10818589859,1,"IOTHUB_CLIENT_CONFIRMATION_OK"
692,10818590157,10818590212,1,"IOTHUB_CLIENT_CONFIRMATION_OK"
693,10818590490,10818590523,1,"IOTHUB_CLIENT_CONFIRMATION_OK"
694,10818590823,10818590929,1,"IOTHUB_CLIENT_CONFIRMATION_OK"
695,10818591157,10818591186,1,"IOTHUB_CLIENT_CONFIRMATION_OK"
696,10818591490,10818591558,1,"IOTHUB_CLIENT_CONFIRMATION_OK"
697,10818591823,10818591856,1,"IOTHUB_CLIENT_CONFIRMATION_OK"
698,10818592156,10818592186,1,"IOTHUB_CLIENT_CONFIRMATION_OK"
699,10818592489,10818592527,1,"IOTHUB_CLIENT_CONFIRMATION_OK"
700,10818592822,10818592852,1,"IOTHUB_CLIENT_CONFIRMATION_OK"
701,10818593155,10818593196,1,"IOTHUB_CLIENT_CONFIRMATION_OK"
702,10818593489,10818593520,1,"IOTHUB_CLIENT_CONFIRMATION_OK"
703,10818593822,10818593854,1,"IOTHUB_CLIENT_CONFIRMATION_OK"
704,10818594155,10818594188,1,"IOTHUB_CLIENT_CONFIRMATION_OK"
705,10818594488,10818594518,1,"IOTHUB_CLIENT_CONFIRMATION_OK"
706,10818594821,10818594907,1,"IOTHUB_CLIENT_CONFIRMATION_OK"
707,10818595154,10818595186,1,"IOTHUB_CLIENT_CONFIRMATION_OK"
708,10818595488,10818595531,1,"IOTHUB_CLIENT_CONFIRMATION_OK"
709,10818595821,10818595850,1,"IOTHUB_CLIENT_CONFIRMATION_OK"
710,10818596154,10818596222,1,"IOTHUB_CLIENT_CONFIRMATION_OK"
711,10818596487,10818596520,1,"IOTHUB_CLIENT_CONFIRMATION_OK"
712,10818596820,10818596849,1,"IOTHUB_CLIENT_CONFIRMATION_OK"
713,10818597153,10818597182,1,"IOTHUB_CLIENT_CONFIRMATION_OK"
714,10818597486,10818597515,1,"IOTHUB_CLIENT_CONFIRMATION_OK"
715,10818597820,10818597850,1,"IOTHUB_CLIENT_CONFIRMATION_OK"
716,10818598153,10818598181,1,"IOTHUB_CLIENT_CONFIRMATION_OK"
717,10818598486,10818598514,1,"IOTHUB_CLIENT_CONFIRMATION_OK"
718,10818598819,10818598974,1,"IOTHUB_CLIENT_CONFIRMATION_OK"
719,10818599152,10818599187,1,"IOTHUB_CLIENT_CONFIRMATION_OK"
720,10818599485,10818599530,1,"IOTHUB_CLIENT_CONFIRMATION_OK"
721,10818599819,10818599855,1,"IOTHUB_CLIENT_CONFIRMATION_OK"
722,10818600152,10818600180,1,"IOTHUB_CLIENT_CONFIRMATION_OK"
723,10818600485,10818600602,1,"IOTHUB_CLIENT_CONFIRMATION_OK"
724,10818600818,10818600851,1,"IOTHUB_CLIENT_CONFIRMATION_OK"
725,10818601151,10818601240,1,"IOTHUB_CLIENT_CONFIRMATION_OK"
726,10818601484,10818601514,1,"IOTHUB_CLIENT_CONFIRMATION_OK"
727,10818601817,10818601861,1,"IOTHUB_CLIENT_CONFIRMATION_OK"
728,10818602151,10818602182,1,"IOTHUB_CLIENT_CONFIRMATION_OK"
729,10818602484,10818602513,1,"IOTHUB_CLIENT_CONFIRMATION_OK"
730,10818602817,10818602871,1,"IOTHUB_CLIENT_CONFIRMATION_OK"
731,10818603150,10818603189,1,"IOTHUB_CLIENT_CONFIRMATION_OK"
732,10818603483,10818603512,1,"IOTHUB_CLIENT_CONFIRMATION_OK"
733,10818603816,10818603859,1,"IOTHUB_CLIENT_CONFIRMATION_OK"
734,10818604150,10818604193,1,"IOTHUB_CLIENT_CONFIRMATION_OK"
735,10818604483,10818604514,1,"IOTHUB_CLIENT_CONFIRMATION_OK"
736,10818604816,10818604855,1,"IOTHUB_CLIENT_CONFIRMATION_OK"
737,10818605149,10818605186,1,"IOTHUB_CLIENT_CONFIRMATION_OK"
738,10818605482,10818605515,1,"IOTHUB_CLIENT_CONFIRMATION_OK"
739,10818605815,10818605852,1,"IOTHUB_CLIENT_CONFIRMATION_OK"
740,10818606149,10818606183,1,"IOTHUB_CLIENT_CONFIRMATION_OK"
741,10818606482,10818606510,1,"IOTHUB_CLIENT_CONFIRMATION_OK"
742,10818606815,10818606845,1,"IOTHUB_CLIENT_CONFIRMATION_OK"
743,10818607148,10818607178,1,"IOTHUB_CLIENT_CONFIRMATION_OK"
744,10818607481,10818607511,1,"IOTHUB_CLIENT_CONFIRMATION_OK"
745,10818607814,10818607922,1,"IOTHUB_CLIENT_CONFIRMATION_OK"
746,10818608148,10818608181,1,"IOTHUB_CLIENT_CONFIRMATION_OK"
747,10818608481,10818608614,1,"IOTHUB_CLIENT_CONFIRMATION_OK"
748,10818608814,10818608846,1,"IOTHUB_CLIENT_CONFIRMATION_OK"
749,10818609147,10818609183,1,"IOTHUB_CLIENT_CONFIRMATION_OK"
750,10818609480,10818609511,1,"IOTHUB_CLIENT_CONFIRMATION_OK"
751,10818609813,10818609843,1,"IOTHUB_CLIENT_CONFIRMATION_OK"
752,10818610146,10818610296,1,"IOTHUB_CLIENT_CONFIRMATION_OK"
753,10818610480,10818610528,1,"IOTHUB_CLIENT_CONFIRMATION_OK"
754,10818610813,10818610890,1,"IOTHUB_CLIENT_CONFIRMATION_OK"
755,10818611146,10818611177,1,"IOTHUB_CLIENT_CONFIRMATION_OK"
756,10818611479,10818611513,1,"IOTHUB_CLIENT_CONFIRMATION_OK"
757,10818611812,10818611844,1,"IOTHUB_CLIENT_CONFIRMATION_OK"
758,10818612145,10818612177,1,"IOTHUB_CLIENT_CONFIRMATION_OK"
759,10818612479,10818612535,1,"IOTHUB_CLIENT_CONFIRMATION_OK"
760,10818612812,10818612844,1,"IOTHUB_CLIENT_CONFIRMATION_OK"
761,10818613145,10818613176,1,"IOTHUB_CLIENT_CONFIRMATION_OK"
762,10818613478,10818613508,1,"IOTHUB_CLIENT_CONFIRMATION_OK"
763,10818613811,10818613845,1,"IOTHUB_CLIENT_CONFIRMATION_OK"
764,10818614144,10818614294,1,"IOTHUB_CLIENT_CONFIRMATION_OK"
765,10818614478,10818614507,1,"IOTHUB_CLIENT_CONFIRMATION_OK"
766,10818614811,10818614840,1,"IOTHUB_CLIENT_CONFIRMATION_OK"
767,10818615144,10818615176,1,"IOTHUB_CLIENT_CONFIRMATION_OK"
768,10818615477,10818615506,1,"IOTHUB_CLIENT_CONFIRMATION_OK"
769,10818615810,10818615936,1,"IOTHUB_CLIENT_CONFIRMATION_OK"
770,10818616143,10818616174,1,"IOTHUB_CLIENT_CONFIRMATION_OK"
771,10818616477,10818616522,1,"IOTHUB_CLIENT_CONFIRMATION_OK"
772,10818616810,10818616839,1,"IOTHUB_CLIENT_CONFIRMATION_OK"
773,10818617143,10818617176,1,"IOTHUB_CLIENT_CONFIRMATION_OK"
774,10818617476,10818617506,1,"IOTHUB_CLIENT_CONFIRMATION_OK"
775,10818617809,10818617843,1,"IOTHUB_CLIENT_CONFIRMATION_OK"
776,10818618142,10818618173,1,"IOTHUB_CLIENT_CONFIRMATION_OK"
777,10818618475,10818618503,1,"IOTHUB_CLIENT_CONFIRMATION_OK"
778,10818618809,10818618874,1,"IOTHUB_CLIENT_CONFIRMATION_OK"
779,10818619142,10818619172,1,"IOTHUB_CLIENT_CONFIRMATION_OK"
780,10818619475,10818619505,1,"IOTHUB_CLIENT_CONFIRMATION_OK"
781,10818619808,10818619870,1,"IOTHUB_CLIENT_CONFIRMATION_OK"
782,10818620141,10818620175,1,"IOTHUB_CLIENT_CONFIRMATION_OK"
783,10818620474,10818620505,1,"IOTHUB_CLIENT_CONFIRMATION_OK"
784,10818620808,10818620838,1,"IOTHUB_CLIENT_CONFIRMATION_OK"
785,10818621141,10818621289,1,"IOTHUB_CLIENT_CONFIRMATION_OK"
786,10818621474,10818621514,1,"IOTHUB_CLIENT_CONFIRMATION_OK"
787,10818621807,10818621837,1,"IOTHUB_CLIENT_CONFIRMATION_OK"
788,10818622140,10818622171,1,"IOTHUB_CLIENT_CONFIRMATION_OK"
789,10818622473,10818622505,1,"IOTHUB_CLIENT_CONFIRMATION_OK"
790,10818622806,10818622839,1,"IOTHUB_CLIENT_CONFIRMATION_OK"
791,10818623140,10818623171,1,"IOTHUB_CLIENT_CONFIRMATION_OK"
792,10818623473,10818623504,1,"IOTHUB_CLIENT_CONFIRMATION_OK"
793,10818623806,10818623934,1,"IOTHUB_CLIENT_CONFIRMATION_OK"
794,10818624139,10818624169,1,"IOTHUB_CLIENT_CONFIRMATION_OK"
795,10818624472,10818624505,1,"IOTHUB_CLIENT_CONFIRMATION_OK"
796,10818624805,10818624836,1,"IOTHUB_CLIENT_CONFIRMATION_OK"
797,10818625139,10818625169,1,"IOTHUB_CLIENT_CONFIRMATION_OK"
798,10818625472,10818625612,1,"IOTHUB_CLIENT_CONFIRMATION_OK"
799,10818625805,10818625834,1,"IOTHUB_CLIENT_CONFIRMATION_OK"
800,10818626138,10818626169,1,"IOTHUB_CLIENT_CONFIRMATION_OK"
801,10818626471,10818626501,1,"IOTHUB_CLIENT_CONFIRMATION_OK"
802,10818626804,10818626834,1,"IOTHUB_CLIENT_CONFIRMATION_OK"
803,10818627137,10818627175,1,"IOTHUB_CLIENT_CONFIRMATION_OK"
804,10818627471,10818627540,1,"IOTHUB_CLIENT_CONFIRMATION_OK"
805,10818627804,10818627834,1,"IOTHUB_CLIENT_CONFIRMATION_OK"
806,10818628137,10818628165,1,"IOTHUB_CLIENT_CONFIRMATION_OK"
807,10818628470,10818628499,1,"IOTHUB_CLIENT_CONFIRMATION_OK"
808,10818628803,10818628832,1,"IOTHUB_CLIENT_CONFIRMATION_OK"
809,10818629137,10818629185,1,"IOTHUB_CLIENT_CONFIRMATION_OK"
810,10818629470,10818629530,1,"IOTHUB_CLIENT_CONFIRMATION_OK"
811,10818629803,10818629845,1,"IOTHUB_CLIENT_CONFIRMATION_OK"
812,10818630136,10818630169,1,"IOTHUB_CLIENT_CONFIRMATION_OK"
813,10818630469,10818630498,1,"IOTHUB_CLIENT_CONFIRMATION_OK"
814,10818630802,10818630855,1,"IOTHUB_CLIENT_CONFIRMATION_OK"
815,10818631136,10818631168,1,"IOTHUB_CLIENT_CONFIRMATION_OK"
816,10818631469,10818631517,1,"IOTHUB_CLIENT_CONFIRMATION_OK"
817,10818631802,10818631830,1,"IOTHUB_CLIENT_CONFIRMATION_OK"
818,10818632135,10818632165,1,"IOTHUB_CLIENT_CONFIRMATION_OK"
819,10818632468,10818632499,1,"IOTHUB_CLIENT_CONFIRMATION_OK"
820,10818632801,10818632985,1,"IOTHUB_CLIENT_CONFIRMATION_OK"
821,10818633135,10818633176,1,"IOTHUB_CLIENT_CONFIRMATION_OK"
822,10818633468,10818633502,1,"IOTHUB_CLIENT_CONFIRMATION_OK"
823,10818633801,10818633830,1,"IOTHUB_CLIENT_CONFIRMATION_OK"
824,10818634134,10818634164,1,"IOTHUB_CLIENT_CONFIRMATION_OK"
825,10818634467,10818634498,1,"IOTHUB_CLIENT_CONFIRMATION_OK"
826,10818634800,10818634830,1,"IOTHUB_CLIENT_CONFIRMATION_OK"
827,10818635133,10818635163,1,"IOTHUB_CLIENT_CONFIRMATION_OK"
828,10818635467,10818635497,1,"IOTHUB_CLIENT_CONFIRMATION_OK"
829,10818635800,10818635828,1,"IOTHUB_CLIENT_CONFIRMATION_OK"
830,10818636133,10818636174,1,"IOTHUB_CLIENT_CONFIRMATION_OK"
831,10818636466,10818636519,1,"IOTHUB_CLIENT_CONFIRMATION_OK"
832,10818636799,10818636827,1,"IOTHUB_CLIENT_CONFIRMATION_OK"
833,10818637132,10818637160,1,"IOTHUB_CLIENT_CONFIRMATION_OK"
834,10818637466,10818637493,1,"IOTHUB_CLIENT_CONFIRMATION_OK"
835,10818637799,10818637831,1,"IOTHUB_CLIENT_CONFIRMATION_OK"
836,10818638132,10818638167,1,"IOTHUB_CLIENT_CONFIRMATION_OK"
837,10818638465,10818638578,1,"IOTHUB_CLIENT_CONFIRMATION_OK"
838,10818638798,10818638847,1,"IOTHUB_CLIENT_CONFIRMATION_OK"
839,10818639131,10818639194,1,"IOTHUB_CLIENT_CONFIRMATION_OK"
840,10818639464,10818639493,1,"IOTHUB_CLIENT_CONFIRMATION_OK"
841,10818639798,10818639828,1,"IOTHUB_CLIENT_CONFIRMATION_OK"
842,10818640131,10818640200,1,"IOTHUB_CLIENT_CONFIRMATION_OK"
843,10818640464,10818640506,1,"IOTHUB_CLIENT_CONFIRMATION_OK"
844,10818640797,10818640837,1,"IOTHUB_CLIENT_CONFIRMATION_OK"
845,10818641130,10818641163,1,"IOTHUB_CLIENT_CONFIRMATION_OK"
846,10818641463,10818641494,1,"IOTHUB_CLIENT_CONFIRMATION_OK"
847,10818641797,10818641870,1,"IOTHUB_CLIENT_CONFIRMATION_OK"
848,10818642130,10818642159,1,"IOTHUB_CLIENT_CONFIRMATION_OK"
849,10818642463,10818642509,1,"IOTHUB_CLIENT_CONFIRMATION_OK"
850,10818642796,10818642825,1,"IOTHUB_CLIENT_CONFIRMATION_OK"
851,10818643129,10818643158,1,"IOTHUB_CLIENT_CONFIRMATION_OK"
852,10818643462,10818643493,1,"IOTHUB_CLIENT_CONFIRMATION_OK"
853,10818643796,10818643824,1,"IOTHUB_CLIENT_CONFIRMATION_OK"
854,10818644129,10818644270,1,"IOTHUB_CLIENT_CONFIRMATION_OK"
855,10818644462,10818644491,1,"IOTHUB_CLIENT_CONFIRMATION_OK"
856,10818644795,10818644824,1,"IOTHUB_CLIENT_CONFIRMATION_OK"
857,10818645128,10818645160,1,"IOTHUB_CLIENT_CONFIRMATION_OK"
858,10818645461,10818645490,1,"IOTHUB_CLIENT_CONFIRMATION_OK"
859,10818645794,10818645901,1,"IOTHUB_CLIENT_CONFIRMATION_OK"
860,10818646128,10818646157,1,"IOTHUB_CLIENT_CONFIRMATION_OK"
861,10818646461,10818646549,1,"IOTHUB_CLIENT_CONFIRMATION_OK"
862,10818646794,10818646826,1,"IOTHUB_CLIENT_CONFIRMATION_OK"
863,10818647127,10818647158,1,"IOTHUB_CLIENT_CONFIRMATION_OK"
864,10818647460,10818647490,1,"IOTHUB_CLIENT_CONFIRMATION_OK"
865,10818647793,10818647826,1,"IOTHUB_CLIENT_CONFIRMATION_OK"
866,10818648127,10818648178,1,"IOTHUB_CLIENT_CONFIRMATION_OK"
867,10818648460,10818648496,1,"IOTHUB_CLIENT_CONFIRMATION_OK"
868,10818648793,10818648821,1,"IOTHUB_CLIENT_CONFIRMATION_OK"
869,10818649126,10818649159,1,"IOTHUB_CLIENT_CONFIRMATION_OK"
870,10818649459,10818649496,1,"IOTHUB_CLIENT_CONFIRMATION_OK"
871,10818649792,10818649822,1,"IOTHUB_CLIENT_CONFIRMATION_OK"
872,10818650126,10818650164,1,"IOTHUB_CLIENT_CONFIRMATION_OK"
873,10818650459,10818650487,1,"IOTHUB_CLIENT_CONFIRMATION_OK"
874,10818650792,10818650821,1,"IOTHUB_CLIENT_CONFIRMATION_OK"
875,10818651125,10818651157,1,"IOTHUB_CLIENT_CONFIRMATION_OK"
876,10818651458,10818651486,1,"IOTHUB_CLIENT_CONFIRMATION_OK"
877,10818651791,10818651824,1,"IOTHUB_CLIENT_CONFIRMATION_OK"
878,10818652125,10818652155,1,"IOTHUB_CLIENT_CONFIRMATION_OK"
879,10818652458,10818652486,1,"IOTHUB_CLIENT_CONFIRMATION_OK"
880,10818652791,10818652821,1,"IOTHUB_CLIENT_CONFIRMATION_OK"
881,10818653124,10818653153,1,"IOTHUB_CLIENT_CONFIRMATION_OK"
882,10818653457,10818653490,1,"IOTHUB_CLIENT_CONFIRMATION_OK"
883,10818653790,10818653913,1,"IOTHUB_CLIENT_CONFIRMATION_OK"
884,10818654123,10818654161,1,"IOTHUB_CLIENT_CONFIRMATION_OK"
885,10818654457,10818654499,1,"IOTHUB_CLIENT_CONFIRMATION_OK"
886,10818654790,10818654823,1,"IOTHUB_CLIENT_CONFIRMATION_OK"
887,10818655123,10818655151,1,"IOTHUB_CLIENT_CONFIRMATION_OK"
888,10818655456,10818655497,1,"IOTHUB_CLIENT_CONFIRMATION_OK"
889,10818655789,10818655832,1,"IOTHUB_CLIENT_CONFIRMATION_OK"
890,10818656122,10818656153,1,"IOTHUB_CLIENT_CONFIRMATION_OK"
891,10818656456,10818656497,1,"IOTHUB_CLIENT_CONFIRMATION_OK"
892,10818656789,10818656823,1,"IOTHUB_CLIENT_CONFIRMATION_OK"
893,10818657122,10818657159,1,"IOTHUB_CLIENT_CONFIRMATION_OK"
894,10818657455,10818657483,1,"IOTHUB_CLIENT_CONFIRMATION_OK"
895,10818657788,10818657818,1,"IOTHUB_CLIENT_CONFIRMATION_OK"
896,10818658121,10818658175,1,"IOTHUB_CLIENT_CONFIRMATION_OK"
897,10818658455,10818658488,1,"IOTHUB_CLIENT_CONFIRMATION_OK"
898,10818658788,10818658824,1,"IOTHUB_CLIENT_CONFIRMATION_OK"
899,10818659121,10818659151,1,"IOTHUB_CLIENT_CONFIRMATION_OK"
