Message ID,Send Time,Receive Time,Status,Error
0,10818359739,10818359993,1,"IOTHUB_CLIENT_CONFIRMATION_OK"
1,10818360072,10818360119,1,"IOTHUB_CLIENT_CONFIRMATION_OK"
2,10818360406,10818360439,1,"IOTHUB_CLIENT_CONFIRMATION_OK"
3,10818360739,10818360956,1,"IOTHUB_CLIENT_CONFIRMATION_OK"
4,10818361072,10818361102,1,"IOTHUB_CLIENT_CONFIRMATION_OK"
5,10818361405,10818361545,1,"IOTHUB_CLIENT_CONFIRMATION_OK"
6,10818361738,10818361767,1,"IOTHUB_CLIENT_CONFIRMATION_OK"
7,10818362071,10818362108,1,"IOTHUB_CLIENT_CONFIRMATION_OK"
8,10818362405,10818362442,1,"IOTHUB_CLIENT_CONFIRMATION_OK"
9,10818362738,10818362768,1,"IOTHUB_CLIENT_CONFIRMATION_OK"
10,10818363071,10818363107,1,"IOTHUB_CLIENT_CONFIRMATION_OK"
11,10818363404,10818363461,1,"IOTHUB_CLIENT_CONFIRMATION_OK"
12,10818363737,10818363811,1,"IOTHUB_CLIENT_CONFIRMATION_OK"
13,10818364070,10818364099,1,"IOTHUB_CLIENT_CONFIRMATION_OK"
14,10818364404,10818364434,1,"IOTHUB_CLIENT_CONFIRMATION_OK"
15,10818364737,10818364767,1,"IOTHUB_CLIENT_CONFIRMATION_OK"
16,10818365070,10818365102,1,"IOTHUB_CLIENT_CONFIRMATION_OK"
17,10818365403,10818365443,1,"IOTHUB_CLIENT_CONFIRMATION_OK"
18,10818365736,10818365767,1,"IOTHUB_CLIENT_CONFIRMATION_OK"
19,10818366069,10818366104,1,"IOTHUB_CLIENT_CONFIRMATION_OK"
20,10818366402,10818366433,1,"IOTHUB_CLIENT_CONFIRMATION_OK"
21,10818366736,10818366767,1,"IOTHUB_CLIENT_CONFIRMATION_OK"
22,10818367069,10818367108,1,"IOTHUB_CLIENT_CONFIRMATION_OK"
23,10818367402,10818367432,1,"IOTHUB_CLIENT_CONFIRMATION_OK"
24,10818367735,10818367764,1,"IOTHUB_CLIENT_CONFIRMATION_OK"
25,10818368068,10818368099,1,"IOTHUB_CLIENT_CONFIRMATION_OK"
26,10818368401,10818368433,1,"IOTHUB_CLIENT_CONFIRMATION_OK"
27,10818368735,10818368767,1,"IOTHUB_CLIENT_CONFIRMATION_OK"
28,10818369068,10818369130,1,"IOTHUB_CLIENT_CONFIRMATION_OK"
29,10818369401,10818369432,1,"IOTHUB_CLIENT_CONFIRMATION_OK"
30,10818369734,10818369766,1,"IOTHUB_CLIENT_CONFIRMATION_OK"
31,10818370067,10818370099,1,"IOTHUB_CLIENT_CONFIRMATION_OK"
32,10818370401,10818370433,1,"IOTHUB_CLIENT_CONFIRMATION_OK"
33,10818370734,10818370761,1,"IOTHUB_CLIENT_CONFIRMATION_OK"
34,10818371067,10818371125,1,"IOTHUB_CLIENT_CONFIRMATION_OK"
35,10818371400,10818371620,1,"IOTHUB_CLIENT_CONFIRMATION_OK"
36,10818371733,10818371808,1,"IOTHUB_CLIENT_CONFIRMATION_OK"
37,10818372066,10818372101,1,"IOTHUB_CLIENT_CONFIRMATION_OK"
38,10818372399,10818372436,1,"IOTHUB_CLIENT_CONFIRMATION_OK"
39,10818372733,10818372764,1,"IOTHUB_CLIENT_CONFIRMATION_OK"
40,10818373066,10818373098,1,"IOTHUB_CLIENT_CONFIRMATION_OK"
41,10818373399,10818373430,1,"IOTHUB_CLIENT_CONFIRMATION_OK"
42,10818373732,10818373842,1,"IOTHUB_CLIENT_CONFIRMATION_OK"
43,10818374065,10818374097,1,"IOTHUB_CLIENT_CONFIRMATION_OK"
44,10818374398,10818374442,1,"IOTHUB_CLIENT_CONFIRMATION_OK"
45,10818374732,10818374766,1,"IOTHUB_CLIENT_CONFIRMATION_OK"
46,10818375065,10818375121,1,"IOTHUB_CLIENT_CONFIRMATION_OK"
47,10818375398,10818375428,1,"IOTHUB_CLIENT_CONFIRMATION_OK"
48,10818375731,10818375763,1,"IOTHUB_CLIENT_CONFIRMATION_OK"
49,10818376064,10818376096,1,"IOTHUB_CLIENT_CONFIRMATION_OK"
50,10818376397,10818376430,1,"IOTHUB_CLIENT_CONFIRMATION_OK"
51,10818376731,10818376891,1,"IOTHUB_CLIENT_CONFIRMATION_OK"
52,10818377064,10818377095,1,"IOTHUB_CLIENT_CONFIRMATION_OK"
53,10818377397,10818377425,1,"IOTHUB_CLIENT_CONFIRMATION_OK"
54,10818377730,10818377761,1,"IOTHUB_CLIENT_CONFIRMATION_OK"
55,10818378063,10818378097,1,"IOTHUB_CLIENT_CONFIRMATION_OK"
56,10818378396,10818378429,1,"IOTHUB_CLIENT_CONFIRMATION_OK"
57,10818378730,10818378761,1,"IOTHUB_CLIENT_CONFIRMATION_OK"
58,10818379063,10818379126,1,"IOTHUB_CLIENT_CONFIRMATION_OK"
59,10818379396,10818379433,1,"IOTHUB_CLIENT_CONFIRMATION_OK"
60,10818379729,10818379761,1,"IOTHUB_CLIENT_CONFIRMATION_OK"
61,10818380062,10818380095,1,"IOTHUB_CLIENT_CONFIRMATION_OK"
62,10818380395,10818380443,1,"IOTHUB_CLIENT_CONFIRMATION_OK"
63,10818380729,10818380778,1,"IOTHUB_CLIENT_CONFIRMATION_OK"
64,10818381062,10818381103,1,"IOTHUB_CLIENT_CONFIRMATION_OK"
65,10818381395,10818381424,1,"IOTHUB_CLIENT_CONFIRMATION_OK"
66,10818381728,10818381759,1,"IOTHUB_CLIENT_CONFIRMATION_OK"
67,10818382061,10818382102,1,"IOTHUB_CLIENT_CONFIRMATION_OK"
68,10818382394,10818382427,1,"IOTHUB_CLIENT_CONFIRMATION_OK"
69,10818382728,10818382760,1,"IOTHUB_CLIENT_CONFIRMATION_OK"
70,10818383061,10818383092,1,"IOTHUB_CLIENT_CONFIRMATION_OK"
71,10818383394,10818383427,1,"IOTHUB_CLIENT_CONFIRMATION_OK"
72,10818383727,10818383761,1,"IOTHUB_CLIENT_CONFIRMATION_OK"
73,10818384060,10818384103,1,"IOTHUB_CLIENT_CONFIRMATION_OK"
74,10818384393,10818384472,1,"IOTHUB_CLIENT_CONFIRMATION_OK"
75,10818384727,10818384760,1,"IOTHUB_CLIENT_CONFIRMATION_OK"
76,10818385060,10818385095,1,"IOTHUB_CLIENT_CONFIRMATION_OK"
77,10818385393,10818385422,1,"IOTHUB_CLIENT_CONFIRMATION_OK"
78,10818385726,10818385757,1,"IOTHUB_CLIENT_CONFIRMATION_OK"
79,10818386059,10818386119,1,"IOTHUB_CLIENT_CONFIRMATION_OK"
80,10818386392,10818386422,1,"IOTHUB_CLIENT_CONFIRMATION_OK"
81,10818386725,10818386920,1,"IOTHUB_CLIENT_CONFIRMATION_OK"
82,10818387059,10818387090,1,"IOTHUB_CLIENT_CONFIRMATION_OK"
83,10818387392,10818387425,1,"IOTHUB_CLIENT_CONFIRMATION_OK"
84,10818387725,10818387756,1,"IOTHUB_CLIENT_CONFIRMATION_OK"
85,10818388058,10818388086,1,"IOTHUB_CLIENT_CONFIRMATION_OK"
86,10818388391,10818388424,1,"IOTHUB_CLIENT_CONFIRMATION_OK"
87,10818388724,10818388758,1,"IOTHUB_CLIENT_CONFIRMATION_OK"
88,10818389058,10818389149,1,"IOTHUB_CLIENT_CONFIRMATION_OK"
89,10818389391,10818389418,1,"IOTHUB_CLIENT_CONFIRMATION_OK"
90,10818389724,10818389755,1,"IOTHUB_CLIENT_CONFIRMATION_OK"
91,10818390057,10818390088,1,"IOTHUB_CLIENT_CONFIRMATION_OK"
92,10818390390,10818390442,1,"IOTHUB_CLIENT_CONFIRMATION_OK"
93,10818390723,10818390756,1,"IOTHUB_CLIENT_CONFIRMATION_OK"
94,10818391057,10818391088,1,"IOTHUB_CLIENT_CONFIRMATION_OK"
95,10818391390,10818391422,1,"IOTHUB_CLIENT_CONFIRMATION_OK"
96,10818391723,10818391753,1,"IOTHUB_CLIENT_CONFIRMATION_OK"
97,10818392056,10818392086,1,"IOTHUB_CLIENT_CONFIRMATION_OK"
98,10818392389,10818392421,1,"IOTHUB_CLIENT_CONFIRMATION_OK"
99,10818392722,10818392779,1,"IOTHUB_CLIENT_CONFIRMATION_OK"
100,10818393056,10818393087,1,"IOTHUB_CLIENT_CONFIRMATION_OK"
101,10818393389,10818393418,1,"IOTHUB_CLIENT_CONFIRMATION_OK"
102,10818393722,10818393752,1,"IOTHUB_CLIENT_CONFIRMATION_OK"
103,10818394055,10818394088,1,"IOTHUB_CLIENT_CONFIRMATION_OK"
104,10818394388,10818394540,1,"IOTHUB_CLIENT_CONFIRMATION_OK"
105,10818394721,10818394753,1,"IOTHUB_CLIENT_CONFIRMATION_OK"
106,10818395055,10818395085,1,"IOTHUB_CLIENT_CONFIRMATION_OK"
107,10818395388,10818395439,1,"IOTHUB_CLIENT_CONFIRMATION_OK"
108,10818395721,10818395753,1,"IOTHUB_CLIENT_CONFIRMATION_OK"
109,10818396054,10818396082,1,"IOTHUB_CLIENT_CONFIRMATION_OK"
110,10818396387,10818396418,1,"IOTHUB_CLIENT_CONFIRMATION_OK"
111,10818396720,10818396777,1,"IOTHUB_CLIENT_CONFIRMATION_OK"
112,10818397054,10818397115,1,"IOTHUB_CLIENT_CONFIRMATION_OK"
113,10818397387,10818397415,1,"IOTHUB_CLIENT_CONFIRMATION_OK"
114,10818397720,10818397749,1,"IOTHUB_CLIENT_CONFIRMATION_OK"
115,10818398053,10818398086,1,"IOTHUB_CLIENT_CONFIRMATION_OK"
116,10818398386,10818398421,1,"IOTHUB_CLIENT_CONFIRMATION_OK"
117,10818398719,10818398754,1,"IOTHUB_CLIENT_CONFIRMATION_OK"
118,10818399052,10818399094,1,"IOTHUB_CLIENT_CONFIRMATION_OK"
119,10818399386,10818399414,1,"IOTHUB_CLIENT_CONFIRMATION_OK"
120,10818399719,10818399863,1,"IOTHUB_CLIENT_CONFIRMATION_OK"
121,10818400052,10818400083,1,"IOTHUB_CLIENT_CONFIRMATION_OK"
122,10818400385,10818400419,1,"IOTHUB_CLIENT_CONFIRMATION_OK"
123,10818400718,10818400749,1,"IOTHUB_CLIENT_CONFIRMATION_OK"
124,10818401051,10818401093,1,"IOTHUB_CLIENT_CONFIRMATION_OK"
125,10818401385,10818401496,1,"IOTHUB_CLIENT_CONFIRMATION_OK"
126,10818401718,10818401751,1,"IOTHUB_CLIENT_CONFIRMATION_OK"
127,10818402051,10818402107,1,"IOTHUB_CLIENT_CONFIRMATION_OK"
128,10818402384,10818402415,1,"IOTHUB_CLIENT_CONFIRMATION_OK"
129,10818402717,10818402748,1,"IOTHUB_CLIENT_CONFIRMATION_OK"
130,10818403050,10818403082,1,"IOTHUB_CLIENT_CONFIRMATION_OK"
131,10818403383,10818403572,1,"IOTHUB_CLIENT_CONFIRMATION_OK"
132,10818403717,10818403770,1,"IOTHUB_CLIENT_CONFIRMATION_OK"
133,10818404050,10818404081,1,"IOTHUB_CLIENT_CONFIRMATION_OK"
134,10818404383,10818404413,1,"IOTHUB_CLIENT_CONFIRMATION_OK"
135,10818404716,10818404745,1,"IOTHUB_CLIENT_CONFIRMATION_OK"
136,10818405049,10818405081,1,"IOTHUB_CLIENT_CONFIRMATION_OK"
137,10818405382,10818405413,1,"IOTHUB_CLIENT_CONFIRMATION_OK"
138,10818405716,10818405747,1,"IOTHUB_CLIENT_CONFIRMATION_OK"
139,10818406049,10818406083,1,"IOTHUB_CLIENT_CONFIRMATION_OK"
140,10818406382,10818406413,1,"IOTHUB_CLIENT_CONFIRMATION_OK"
141,10818406715,10818406827,1,"IOTHUB_CLIENT_CONFIRMATION_OK"
142,10818407048,10818407080,1,"IOTHUB_CLIENT_CONFIRMATION_OK"
143,10818407382,10818407414,1,"IOTHUB_CLIENT_CONFIRMATION_OK"
144,10818407715,10818407750,1,"IOTHUB_CLIENT_CONFIRMATION_OK"
145,10818408048,10818408081,1,"IOTHUB_CLIENT_CONFIRMATION_OK"
146,10818408381,10818408411,1,"IOTHUB_CLIENT_CONFIRMATION_OK"
147,10818408714,10818408749,1,"IOTHUB_CLIENT_CONFIRMATION_OK"
148,10818409047,10818409079,1,"IOTHUB_CLIENT_CONFIRMATION_OK"
149,10818409381,10818409413,1,"IOTHUB_CLIENT_CONFIRMATION_OK"
150,10818409714,10818409767,1,"IOTHUB_CLIENT_CONFIRMATION_OK"
151,10818410047,10818410081,1,"IOTHUB_CLIENT_CONFIRMATION_OK"
152,10818410380,10818410412,1,"IOTHUB_CLIENT_CONFIRMATION_OK"
153,10818410713,10818410743,1,"IOTHUB_CLIENT_CONFIRMATION_OK"
154,10818411046,10818411077,1,"IOTHUB_CLIENT_CONFIRMATION_OK"
155,10818411379,10818411413,1,"IOTHUB_CLIENT_CONFIRMATION_OK"
156,10818411713,10818411741,1,"IOTHUB_CLIENT_CONFIRMATION_OK"
157,10818412046,10818412106,1,"IOTHUB_CLIENT_CONFIRMATION_OK"
158,10818412379,10818412407,1,"IOTHUB_CLIENT_CONFIRMATION_OK"
159,10818412712,10818412750,1,"IOTHUB_CLIENT_CONFIRMATION_OK"
160,10818413045,10818413079,1,"IOTHUB_CLIENT_CONFIRMATION_OK"
161,10818413378,10818413408,1,"IOTHUB_CLIENT_CONFIRMATION_OK"
162,10818413712,10818413753,1,"IOTHUB_CLIENT_CONFIRMATION_OK"
163,10818414045,10818414077,1,"IOTHUB_CLIENT_CONFIRMATION_OK"
164,10818414378,10818414603,1,"IOTHUB_CLIENT_CONFIRMATION_OK"
165,10818414711,10818414740,1,"IOTHUB_CLIENT_CONFIRMATION_OK"
166,10818415044,10818415079,1,"IOTHUB_CLIENT_CONFIRMATION_OK"
167,10818415377,10818415408,1,"IOTHUB_CLIENT_CONFIRMATION_OK"
168,10818415710,10818415741,1,"IOTHUB_CLIENT_CONFIRMATION_OK"
169,10818416044,10818416235,1,"IOTHUB_CLIENT_CONFIRMATION_OK"
170,10818416377,10818416410,1,"IOTHUB_CLIENT_CONFIRMATION_OK"
171,10818416710,10818416739,1,"IOTHUB_CLIENT_CONFIRMATION_OK"
172,10818417043,10818417075,1,"IOTHUB_CLIENT_CONFIRMATION_OK"
173,10818417376,10818417416,1,"IOTHUB_CLIENT_CONFIRMATION_OK"
174,10818417709,10818417743,1,"IOTHUB_CLIENT_CONFIRMATION_OK"
175,10818418043,10818418072,1,"IOTHUB_CLIENT_CONFIRMATION_OK"
176,10818418376,10818418409,1,"IOTHUB_CLIENT_CONFIRMATION_OK"
177,10818418709,10818418739,1,"IOTHUB_CLIENT_CONFIRMATION_OK"
178,10818419042,10818419119,1,"IOTHUB_CLIENT_CONFIRMATION_OK"
179,10818419375,10818419409,1,"IOTHUB_CLIENT_CONFIRMATION_OK"
180,10818419709,10818419740,1,"IOTHUB_CLIENT_CONFIRMATION_OK"
181,10818420042,10818420074,1,"IOTHUB_CLIENT_CONFIRMATION_OK"
182,10818420375,10818420416,1,"IOTHUB_CLIENT_CONFIRMATION_OK"
183,10818420708,10818420738,1,"IOTHUB_CLIENT_CONFIRMATION_OK"
184,10818421041,10818421071,1,"IOTHUB_CLIENT_CONFIRMATION_OK"
185,10818421375,10818421406,1,"IOTHUB_CLIENT_CONFIRMATION_OK"
186,10818421708,10818421740,1,"IOTHUB_CLIENT_CONFIRMATION_OK"
187,10818422041,10818422153,1,"IOTHUB_CLIENT_CONFIRMATION_OK"
188,10818422374,10818422405,1,"IOTHUB_CLIENT_CONFIRMATION_OK"
189,10818422707,10818422741,1,"IOTHUB_CLIENT_CONFIRMATION_OK"
190,10818423040,10818423078,1,"IOTHUB_CLIENT_CONFIRMATION_OK"
191,10818423374,10818423416,1,"IOTHUB_CLIENT_CONFIRMATION_OK"
192,10818423707,10818423739,1,"IOTHUB_CLIENT_CONFIRMATION_OK"
193,10818424040,10818424072,1,"IOTHUB_CLIENT_CONFIRMATION_OK"
194,10818424373,10818424405,1,"IOTHUB_CLIENT_CONFIRMATION_OK"
195,10818424706,10818424736,1,"IOTHUB_CLIENT_CONFIRMATION_OK"
196,10818425039,10818425185,1,"IOTHUB_CLIENT_CONFIRMATION_OK"
197,10818425373,10818425403,1,"IOTHUB_CLIENT_CONFIRMATION_OK"
198,10818425706,10818425761,1,"IOTHUB_CLIENT_CONFIRMATION_OK"
199,10818426039,10818426073,1,"IOTHUB_CLIENT_CONFIRMATION_OK"
200,10818426372,10818426403,1,"IOTHUB_CLIENT_CONFIRMATION_OK"
201,10818426705,10818426733,1,"IOTHUB_CLIENT_CONFIRMATION_OK"
202,10818427038,10818427081,1,"IOTHUB_CLIENT_CONFIRMATION_OK"
203,10818427372,10818427539,1,"IOTHUB_CLIENT_CONFIRMATION_OK"
204,10818427705,10818427749,1,"IOTHUB_CLIENT_CONFIRMATION_OK"
205,10818428038,10818428071,1,"IOTHUB_CLIENT_CONFIRMATION_OK"
206,10818428371,10818428406,1,"IOTHUB_CLIENT_CONFIRMATION_OK"
207,10818428704,10818428734,1,"IOTHUB_CLIENT_CONFIRMATION_OK"
208,10818429037,10818429068,1,"IOTHUB_CLIENT_CONFIRMATION_OK"
209,10818429371,10818429405,1,"IOTHUB_CLIENT_CONFIRMATION_OK"
210,10818429704,10818429770,1,"IOTHUB_CLIENT_CONFIRMATION_OK"
211,10818430037,10818430075,1,"IOTHUB_CLIENT_CONFIRMATION_OK"
212,10818430370,10818430401,1,"IOTHUB_CLIENT_CONFIRMATION_OK"
213,10818430703,10818430740,1,"IOTHUB_CLIENT_CONFIRMATION_OK"
214,10818431036,10818431070,1,"IOTHUB_CLIENT_CONFIRMATION_OK"
215,10818431370,10818431415,1,"IOTHUB_CLIENT_CONFIRMATION_OK"
216,10818431703,10818431734,1,"IOTHUB_CLIENT_CONFIRMATION_OK"
217,10818432036,10818432195,1,"IOTHUB_CLIENT_CONFIRMATION_OK"
218,10818432369,10818432401,1,"IOTHUB_CLIENT_CONFIRMATION_OK"
219,10818432702,10818432802,1,"IOTHUB_CLIENT_CONFIRMATION_OK"
220,10818433035,10818433064,1,"IOTHUB_CLIENT_CONFIRMATION_OK"
221,10818433369,10818433403,1,"IOTHUB_CLIENT_CONFIRMATION_OK"
222,10818433702,10818433734,1,"IOTHUB_CLIENT_CONFIRMATION_OK"
223,10818434035,10818434067,1,"IOTHUB_CLIENT_CONFIRMATION_OK"
224,10818434368,10818434437,1,"IOTHUB_CLIENT_CONFIRMATION_OK"
225,10818434701,10818434732,1,"IOTHUB_CLIENT_CONFIRMATION_OK"
226,10818435034,10818435067,1,"IOTHUB_CLIENT_CONFIRMATION_OK"
227,10818435368,10818435400,1,"IOTHUB_CLIENT_CONFIRMATION_OK"
228,10818435701,10818435731,1,"IOTHUB_CLIENT_CONFIRMATION_OK"
229,10818436034,10818436066,1,"IOTHUB_CLIENT_CONFIRMATION_OK"
230,10818436367,10818436397,1,"IOTHUB_CLIENT_CONFIRMATION_OK"
231,10818436700,10818436733,1,"IOTHUB_CLIENT_CONFIRMATION_OK"
232,10818437033,10818437064,1,"IOTHUB_CLIENT_CONFIRMATION_OK"
233,10818437367,10818437474,1,"IOTHUB_CLIENT_CONFIRMATION_OK"
234,10818437700,10818437731,1,"IOTHUB_CLIENT_CONFIRMATION_OK"
235,10818438033,10818438065,1,"IOTHUB_CLIENT_CONFIRMATION_OK"
236,10818438366,10818438404,1,"IOTHUB_CLIENT_CONFIRMATION_OK"
237,10818438699,10818438731,1,"IOTHUB_CLIENT_CONFIRMATION_OK"
238,10818439032,10818439195,1,"IOTHUB_CLIENT_CONFIRMATION_OK"
239,10818439365,10818439398,1,"IOTHUB_CLIENT_CONFIRMATION_OK"
240,10818439699,10818439809,1,"IOTHUB_CLIENT_CONFIRMATION_OK"
241,10818440032,10818440061,1,"IOTHUB_CLIENT_CONFIRMATION_OK"
242,10818440365,10818440394,1,"IOTHUB_CLIENT_CONFIRMATION_OK"
243,10818440698,10818440730,1,"IOTHUB_CLIENT_CONFIRMATION_OK"
244,10818441031,10818441063,1,"IOTHUB_CLIENT_CONFIRMATION_OK"
245,10818441364,10818441396,1,"IOTHUB_CLIENT_CONFIRMATION_OK"
246,10818441698,10818441730,1,"IOTHUB_CLIENT_CONFIRMATION_OK"
247,10818442031,10818442063,1,"IOTHUB_CLIENT_CONFIRMATION_OK"
248,10818442364,10818442393,1,"IOTHUB_CLIENT_CONFIRMATION_OK"
249,10818442697,10818442859,1,"IOTHUB_CLIENT_CONFIRMATION_OK"
250,10818443030,10818443071,1,"IOTHUB_CLIENT_CONFIRMATION_OK"
251,10818443363,10818443419,1,"IOTHUB_CLIENT_CONFIRMATION_OK"
252,10818443696,10818443726,1,"IOTHUB_CLIENT_CONFIRMATION_OK"
253,10818444030,10818444060,1,"IOTHUB_CLIENT_CONFIRMATION_OK"
254,10818444363,10818444398,1,"IOTHUB_CLIENT_CONFIRMATION_OK"
255,10818444696,10818444727,1,"IOTHUB_CLIENT_CONFIRMATION_OK"
256,10818445029,10818445084,1,"IOTHUB_CLIENT_CONFIRMATION_OK"
257,10818445362,10818445421,1,"IOTHUB_CLIENT_CONFIRMATION_OK"
258,10818445695,10818445735,1,"IOTHUB_CLIENT_CONFIRMATION_OK"
259,10818446029,10818446061,1,"IOTHUB_CLIENT_CONFIRMATION_OK"
260,10818446362,10818446423,1,"IOTHUB_CLIENT_CONFIRMATION_OK"
261,10818446695,10818446727,1,"IOTHUB_CLIENT_CONFIRMATION_OK"
262,10818447028,10818447059,1,"IOTHUB_CLIENT_CONFIRMATION_OK"
263,10818447361,10818447393,1,"IOTHUB_CLIENT_CONFIRMATION_OK"
264,10818447694,10818447733,1,"IOTHUB_CLIENT_CONFIRMATION_OK"
265,10818448028,10818448059,1,"IOTHUB_CLIENT_CONFIRMATION_OK"
266,10818448361,10818448388,1,"IOTHUB_CLIENT_CONFIRMATION_OK"
267,10818448694,10818448733,1,"IOTHUB_CLIENT_CONFIRMATION_OK"
268,10818449027,10818449055,1,"IOTHUB_CLIENT_CONFIRMATION_OK"
269,10818449360,10818449420,1,"IOTHUB_CLIENT_CONFIRMATION_OK"
270,10818449693,10818449768,1,"IOTHUB_CLIENT_CONFIRMATION_OK"
271,10818450027,10818450054,1,"IOTHUB_CLIENT_CONFIRMATION_OK"
272,10818450360,10818450394,1,"IOTHUB_CLIENT_CONFIRMATION_OK"
273,10818450693,10818450720,1,"IOTHUB_CLIENT_CONFIRMATION_OK"
274,10818451026,10818451062,1,"IOTHUB_CLIENT_CONFIRMATION_OK"
275,10818451359,10818451389,1,"IOTHUB_CLIENT_CONFIRMATION_OK"
276,10818451692,10818451722,1,"IOTHUB_CLIENT_CONFIRMATION_OK"
277,10818452025,10818452055,1,"IOTHUB_CLIENT_CONFIRMATION_OK"
278,10818452359,10818452389,1,"IOTHUB_CLIENT_CONFIRMATION_OK"
279,10818452692,10818452815,1,"IOTHUB_CLIENT_CONFIRMATION_OK"
280,10818453025,10818453060,1,"IOTHUB_CLIENT_CONFIRMATION_OK"
281,10818453358,10818453387,1,"IOTHUB_CLIENT_CONFIRMATION_OK"
282,10818453691,10818453720,1,"IOTHUB_CLIENT_CONFIRMATION_OK"
283,10818454024,10818454056,1,"IOTHUB_CLIENT_CONFIRMATION_OK"
284,10818454358,10818454389,1,"IOTHUB_CLIENT_CONFIRMATION_OK"
285,10818454691,10818454725,1,"IOTHUB_CLIENT_CONFIRMATION_OK"
286,10818455024,10818455052,1,"IOTHUB_CLIENT_CONFIRMATION_OK"
287,10818455357,10818455398,1,"IOTHUB_CLIENT_CONFIRMATION_OK"
288,10818455690,10818455722,1,"IOTHUB_CLIENT_CONFIRMATION_OK"
289,10818456023,10818456061,1,"IOTHUB_CLIENT_CONFIRMATION_OK"
290,10818456357,10818456386,1,"IOTHUB_CLIENT_CONFIRMATION_OK"
291,10818456690,10818456728,1,"IOTHUB_CLIENT_CONFIRMATION_OK"
292,10818457023,10818457057,1,"IOTHUB_CLIENT_CONFIRMATION_OK"
293,10818457356,10818457392,1,"IOTHUB_CLIENT_CONFIRMATION_OK"
294,10818457689,10818457720,1,"IOTHUB_CLIENT_CONFIRMATION_OK"
295,10818458022,10818458103,1,"IOTHUB_CLIENT_CONFIRMATION_OK"
296,10818458356,10818458395,1,"IOTHUB_CLIENT_CONFIRMATION_OK"
297,10818458689,10818458718,1,"IOTHUB_CLIENT_CONFIRMATION_OK"
298,10818459022,10818459058,1,"IOTHUB_CLIENT_CONFIRMATION_OK"
299,10818459355,10818459484,1,"IOTHUB_CLIENT_CONFIRMATION_OK"
300,10818459688,10818459724,1,"IOTHUB_CLIENT_CONFIRMATION_OK"
301,10818460021,10818460053,1,"IOTHUB_CLIENT_CONFIRMATION_OK"
302,10818460354,10818460492,1,"IOTHUB_CLIENT_CONFIRMATION_OK"
303,10818460688,10818460720,1,"IOTHUB_CLIENT_CONFIRMATION_OK"
304,10818461021,10818461076,1,"IOTHUB_CLIENT_CONFIRMATION_OK"
305,10818461354,10818461385,1,"IOTHUB_CLIENT_CONFIRMATION_OK"
306,10818461687,10818461718,1,"IOTHUB_CLIENT_CONFIRMATION_OK"
307,10818462020,10818462049,1,"IOTHUB_CLIENT_CONFIRMATION_OK"
308,10818462353,10818462394,1,"IOTHUB_CLIENT_CONFIRMATION_OK"
309,10818462687,10818462763,1,"IOTHUB_CLIENT_CONFIRMATION_OK"
310,10818463020,10818463126,1,"IOTHUB_CLIENT_CONFIRMATION_OK"
311,10818463353,10818463381,1,"IOTHUB_CLIENT_CONFIRMATION_OK"
312,10818463686,10818463719,1,"IOTHUB_CLIENT_CONFIRMATION_OK"
313,10818464019,10818464057,1,"IOTHUB_CLIENT_CONFIRMATION_OK"
314,10818464352,10818464383,1,"IOTHUB_CLIENT_CONFIRMATION_OK"
315,10818464686,10818464716,1,"IOTHUB_CLIENT_CONFIRMATION_OK"
316,10818465019,10818465165,1,"IOTHUB_CLIENT_CONFIRMATION_OK"
317,10818465352,10818465391,1,"IOTHUB_CLIENT_CONFIRMATION_OK"
318,10818465685,10818465714,1,"IOTHUB_CLIENT_CONFIRMATION_OK"
319,10818466018,10818466049,1,"IOTHUB_CLIENT_CONFIRMATION_OK"
320,10818466351,10818466381,1,"IOTHUB_CLIENT_CONFIRMATION_OK"
321,10818466684,10818466712,1,"IOTHUB_CLIENT_CONFIRMATION_OK"
322,10818467018,10818467051,1,"IOTHUB_CLIENT_CONFIRMATION_OK"
323,10818467351,10818467381,1,"IOTHUB_CLIENT_CONFIRMATION_OK"
324,10818467684,10818467715,1,"IOTHUB_CLIENT_CONFIRMATION_OK"
325,10818468017,10818468202,1,"IOTHUB_CLIENT_CONFIRMATION_OK"
326,10818468350,10818468382,1,"IOTHUB_CLIENT_CONFIRMATION_OK"
327,10818468683,10818468716,1,"IOTHUB_CLIENT_CONFIRMATION_OK"
328,10818469017,10818469047,1,"IOTHUB_CLIENT_CONFIRMATION_OK"
329,10818469350,10818469380,1,"IOTHUB_CLIENT_CONFIRMATION_OK"
330,10818469683,10818469713,1,"IOTHUB_CLIENT_CONFIRMATION_OK"
331,10818470016,10818470044,1,"IOTHUB_CLIENT_CONFIRMATION_OK"
332,10818470349,10818470436,1,"IOTHUB_CLIENT_CONFIRMATION_OK"
333,10818470682,10818470715,1,"IOTHUB_CLIENT_CONFIRMATION_OK"
334,10818471016,10818471055,1,"IOTHUB_CLIENT_CONFIRMATION_OK"
335,10818471349,10818471390,1,"IOTHUB_CLIENT_CONFIRMATION_OK"
336,10818471682,10818471714,1,"IOTHUB_CLIENT_CONFIRMATION_OK"
337,10818472015,10818472046,1,"IOTHUB_CLIENT_CONFIRMATION_OK"
338,10818472348,10818472384,1,"IOTHUB_CLIENT_CONFIRMATION_OK"
339,10818472681,10818472716,1,"IOTHUB_CLIENT_CONFIRMATION_OK"
340,10818473015,10818473051,1,"IOTHUB_CLIENT_CONFIRMATION_OK"
341,10818473348,10818473380,1,"IOTHUB_CLIENT_CONFIRMATION_OK"
342,10818473681,10818473710,1,"IOTHUB_CLIENT_CONFIRMATION_OK"
343,10818474014,10818474045,1,"IOTHUB_CLIENT_CONFIRMATION_OK"
344,10818474347,10818474377,1,"IOTHUB_CLIENT_CONFIRMATION_OK"
345,10818474680,10818474746,1,"IOTHUB_CLIENT_CONFIRMATION_OK"
346,10818475014,10818475118,1,"IOTHUB_CLIENT_CONFIRMATION_OK"
347,10818475347,10818475378,1,"IOTHUB_CLIENT_CONFIRMATION_OK"
348,10818475680,10818475716,1,"IOTHUB_CLIENT_CONFIRMATION_OK"
349,10818476013,10818476045,1,"IOTHUB_CLIENT_CONFIRMATION_OK"
350,10818476346,10818476381,1,"IOTHUB_CLIENT_CONFIRMATION_OK"
351,10818476679,10818476732,1,"IOTHUB_CLIENT_CONFIRMATION_OK"
352,10818477013,10818477051,1,"IOTHUB_CLIENT_CONFIRMATION_OK"
353,10818477346,10818477379,1,"IOTHUB_CLIENT_CONFIRMATION_OK"
354,10818477679,10818477710,1,"IOTHUB_CLIENT_CONFIRMATION_OK"
355,10818478012,10818478151,1,"IOTHUB_CLIENT_CONFIRMATION_OK"
356,10818478345,10818478373,1,"IOTHUB_CLIENT_CONFIRMATION_OK"
357,10818478678,10818478710,1,"IOTHUB_CLIENT_CONFIRMATION_OK"
358,10818479012,10818479043,1,"IOTHUB_CLIENT_CONFIRMATION_OK"
359,10818479345,10818479376,1,"IOTHUB_CLIENT_CONFIRMATION_OK"
360,10818479678,10818479708,1,"IOTHUB_CLIENT_CONFIRMATION_OK"
361,10818480011,10818480043,1,"IOTHUB_CLIENT_CONFIRMATION_OK"
362,10818480344,10818480399,1,"IOTHUB_CLIENT_CONFIRMATION_OK"
363,10818480677,10818480709,1,"IOTHUB_CLIENT_CONFIRMATION_OK"
364,10818481011,10818481043,1,"IOTHUB_CLIENT_CONFIRMATION_OK"
365,10818481344,10818481373,1,"IOTHUB_CLIENT_CONFIRMATION_OK"
366,10818481677,10818481709,1,"IOTHUB_CLIENT_CONFIRMATION_OK"
367,10818482010,10818482046,1,"IOTHUB_CLIENT_CONFIRMATION_OK"
368,10818482343,10818482376,1,"IOTHUB_CLIENT_CONFIRMATION_OK"
369,10818482676,10818482707,1,"IOTHUB_CLIENT_CONFIRMATION_OK"
370,10818483009,10818483053,1,"IOTHUB_CLIENT_CONFIRMATION_OK"
371,10818483343,10818483436,1,"IOTHUB_CLIENT_CONFIRMATION_OK"
372,10818483676,10818483712,1,"IOTHUB_CLIENT_CONFIRMATION_OK"
373,10818484009,10818484093,1,"IOTHUB_CLIENT_CONFIRMATION_OK"
374,10818484342,10818484374,1,"IOTHUB_CLIENT_CONFIRMATION_OK"
375,10818484675,10818484706,1,"IOTHUB_CLIENT_CONFIRMATION_OK"
376,10818485008,10818485069,1,"IOTHUB_CLIENT_CONFIRMATION_OK"
377,10818485342,10818485391,1,"IOTHUB_CLIENT_CONFIRMATION_OK"
378,10818485675,10818485705,1,"IOTHUB_CLIENT_CONFIRMATION_OK"
379,10818486008,10818486038,1,"IOTHUB_CLIENT_CONFIRMATION_OK"
380,10818486341,10818486371,1,"IOTHUB_CLIENT_CONFIRMATION_OK"
381,10818486674,10818486702,1,"IOTHUB_CLIENT_CONFIRMATION_OK"
382,10818487007,10818487039,1,"IOTHUB_CLIENT_CONFIRMATION_OK"
383,10818487341,10818487370,1,"IOTHUB_CLIENT_CONFIRMATION_OK"
384,10818487674,10818487704,1,"IOTHUB_CLIENT_CONFIRMATION_OK"
385,10818488007,10818488113,1,"IOTHUB_CLIENT_CONFIRMATION_OK"
386,10818488340,10818488373,1,"IOTHUB_CLIENT_CONFIRMATION_OK"
387,10818488673,10818488724,1,"IOTHUB_CLIENT_CONFIRMATION_OK"
388,10818489006,10818489037,1,"IOTHUB_CLIENT_CONFIRMATION_OK"
389,10818489340,10818489371,1,"IOTHUB_CLIENT_CONFIRMATION_OK"
390,10818489673,10818489708,1,"IOTHUB_CLIENT_CONFIRMATION_OK"
391,10818490006,10818490035,1,"IOTHUB_CLIENT_CONFIRMATION_OK"
392,10818490339,10818490369,1,"IOTHUB_CLIENT_CONFIRMATION_OK"
393,10818490672,10818490702,1,"IOTHUB_CLIENT_CONFIRMATION_OK"
394,10818491005,10818491041,1,"IOTHUB_CLIENT_CONFIRMATION_OK"
395,10818491339,10818491371,1,"IOTHUB_CLIENT_CONFIRMATION_OK"
396,10818491672,10818491710,1,"IOTHUB_CLIENT_CONFIRMATION_OK"
397,10818492005,10818492036,1,"IOTHUB_CLIENT_CONFIRMATION_OK"
398,10818492338,10818492369,1,"IOTHUB_CLIENT_CONFIRMATION_OK"
399,10818492671,10818492805,1,"IOTHUB_CLIENT_CONFIRMATION_OK"
400,10818493004,10818493040,1,"IOTHUB_CLIENT_CONFIRMATION_OK"
401,10818493337,10818493394,1,"IOTHUB_CLIENT_CONFIRMATION_OK"
402,10818493671,10818493707,1,"IOTHUB_CLIENT_CONFIRMATION_OK"
403,10818494004,10818494038,1,"IOTHUB_CLIENT_CONFIRMATION_OK"
404,10818494337,10818494370,1,"IOTHUB_CLIENT_CONFIRMATION_OK"
405,10818494670,10818494712,1,"IOTHUB_CLIENT_CONFIRMATION_OK"
406,10818495003,10818495034,1,"IOTHUB_CLIENT_CONFIRMATION_OK"
407,10818495336,10818495376,1,"IOTHUB_CLIENT_CONFIRMATION_OK"
408,10818495670,10818495828,1,"IOTHUB_CLIENT_CONFIRMATION_OK"
409,10818496003,10818496033,1,"IOTHUB_CLIENT_CONFIRMATION_OK"
410,10818496336,10818496366,1,"IOTHUB_CLIENT_CONFIRMATION_OK"
411,10818496669,10818496704,1,"IOTHUB_CLIENT_CONFIRMATION_OK"
412,10818497002,10818497040,1,"IOTHUB_CLIENT_CONFIRMATION_OK"
413,10818497335,10818497367,1,"IOTHUB_CLIENT_CONFIRMATION_OK"
414,10818497669,10818497698,1,"IOTHUB_CLIENT_CONFIRMATION_OK"
415,10818498002,10818498079,1,"IOTHUB_CLIENT_CONFIRMATION_OK"
416,10818498335,10818498366,1,"IOTHUB_CLIENT_CONFIRMATION_OK"
417,10818498668,10818498706,1,"IOTHUB_CLIENT_CONFIRMATION_OK"
418,10818499001,10818499032,1,"IOTHUB_CLIENT_CONFIRMATION_OK"
419,10818499334,10818499364,1,"IOTHUB_CLIENT_CONFIRMATION_OK"
420,10818499668,10818499699,1,"IOTHUB_CLIENT_CONFIRMATION_OK"
421,10818500001,10818500148,1,"IOTHUB_CLIENT_CONFIRMATION_OK"
422,10818500334,10818500371,1,"IOTHUB_CLIENT_CONFIRMATION_OK"
423,10818500667,10818500700,1,"IOTHUB_CLIENT_CONFIRMATION_OK"
424,10818501000,10818501029,1,"IOTHUB_CLIENT_CONFIRMATION_OK"
425,10818501333,10818501372,1,"IOTHUB_CLIENT_CONFIRMATION_OK"
426,10818501667,10818501695,1,"IOTHUB_CLIENT_CONFIRMATION_OK"
427,10818502000,10818502030,1,"IOTHUB_CLIENT_CONFIRMATION_OK"
428,10818502333,10818502378,1,"IOTHUB_CLIENT_CONFIRMATION_OK"
429,10818502666,10818502695,1,"IOTHUB_CLIENT_CONFIRMATION_OK"
430,10818502999,10818503031,1,"IOTHUB_CLIENT_CONFIRMATION_OK"
431,10818503332,10818503405,1,"IOTHUB_CLIENT_CONFIRMATION_OK"
432,10818503666,10818503696,1,"IOTHUB_CLIENT_CONFIRMATION_OK"
433,10818503999,10818504052,1,"IOTHUB_CLIENT_CONFIRMATION_OK"
434,10818504332,10818504365,1,"IOTHUB_CLIENT_CONFIRMATION_OK"
435,10818504665,10818504697,1,"IOTHUB_CLIENT_CONFIRMATION_OK"
436,10818504998,10818505037,1,"IOTHUB_CLIENT_CONFIRMATION_OK"
437,10818505331,10818505366,1,"IOTHUB_CLIENT_CONFIRMATION_OK"
438,10818505665,10818505695,1,"IOTHUB_CLIENT_CONFIRMATION_OK"
439,10818505998,10818506027,1,"IOTHUB_CLIENT_CONFIRMATION_OK"
440,10818506331,10818506360,1,"IOTHUB_CLIENT_CONFIRMATION_OK"
441,10818506664,10818506693,1,"IOTHUB_CLIENT_CONFIRMATION_OK"
442,10818506997,10818507029,1,"IOTHUB_CLIENT_CONFIRMATION_OK"
443,10818507330,10818507362,1,"IOTHUB_CLIENT_CONFIRMATION_OK"
444,10818507664,10818507696,1,"IOTHUB_CLIENT_CONFIRMATION_OK"
445,10818507997,10818508099,1,"IOTHUB_CLIENT_CONFIRMATION_OK"
446,10818508330,10818508364,1,"IOTHUB_CLIENT_CONFIRMATION_OK"
447,10818508663,10818508709,1,"IOTHUB_CLIENT_CONFIRMATION_OK"
448,10818508996,10818509027,1,"IOTHUB_CLIENT_CONFIRMATION_OK"
449,10818509329,10818509365,1,"IOTHUB_CLIENT_CONFIRMATION_OK"
450,10818509663,10818509694,1,"IOTHUB_CLIENT_CONFIRMATION_OK"
451,10818509996,10818510477,1,"IOTHUB_CLIENT_CONFIRMATION_OK"
452,10818510329,10818510501,1,"IOTHUB_CLIENT_CONFIRMATION_OK"
453,10818510662,10818510694,1,"IOTHUB_CLIENT_CONFIRMATION_OK"
454,10818510995,10818511099,1,"IOTHUB_CLIENT_CONFIRMATION_OK"
455,10818511329,10818511695,1,"IOTHUB_CLIENT_CONFIRMATION_OK"
456,10818511662,10818511731,1,"IOTHUB_CLIENT_CONFIRMATION_OK"
457,10818511995,10818512220,1,"IOTHUB_CLIENT_CONFIRMATION_OK"
458,10818512328,10818512368,1,"IOTHUB_CLIENT_CONFIRMATION_OK"
459,10818512661,10818512694,1,"IOTHUB_CLIENT_CONFIRMATION_OK"
460,10818512994,10818513024,1,"IOTHUB_CLIENT_CONFIRMATION_OK"
461,10818513328,10818513430,1,"IOTHUB_CLIENT_CONFIRMATION_OK"
462,10818513661,10818513699,1,"IOTHUB_CLIENT_CONFIRMATION_OK"
463,10818513994,10818514023,1,"IOTHUB_CLIENT_CONFIRMATION_OK"
464,10818514327,10818514364,1,"IOTHUB_CLIENT_CONFIRMATION_OK"
465,10818514660,10818514728,1,"IOTHUB_CLIENT_CONFIRMATION_OK"
466,10818514994,10818515026,1,"IOTHUB_CLIENT_CONFIRMATION_OK"
467,10818515327,10818515356,1,"IOTHUB_CLIENT_CONFIRMATION_OK"
468,10818515660,10818515689,1,"IOTHUB_CLIENT_CONFIRMATION_OK"
469,10818515993,10818516026,1,"IOTHUB_CLIENT_CONFIRMATION_OK"
470,10818516326,10818516362,1,"IOTHUB_CLIENT_CONFIRMATION_OK"
471,10818516659,10818516695,1,"IOTHUB_CLIENT_CONFIRMATION_OK"
472,10818516993,10818517025,1,"IOTHUB_CLIENT_CONFIRMATION_OK"
473,10818517326,10818517378,1,"IOTHUB_CLIENT_CONFIRMATION_OK"
474,10818517659,10818517692,1,"IOTHUB_CLIENT_CONFIRMATION_OK"
475,10818517992,10818518035,1,"IOTHUB_CLIENT_CONFIRMATION_OK"
476,10818518325,10818518356,1,"IOTHUB_CLIENT_CONFIRMATION_OK"
477,10818518658,10818518723,1,"IOTHUB_CLIENT_CONFIRMATION_OK"
478,10818518992,10818519022,1,"IOTHUB_CLIENT_CONFIRMATION_OK"
479,10818519325,10818519358,1,"IOTHUB_CLIENT_CONFIRMATION_OK"
480,10818519658,10818519688,1,"IOTHUB_CLIENT_CONFIRMATION_OK"
481,10818519991,10818520025,1,"IOTHUB_CLIENT_CONFIRMATION_OK"
482,10818520324,10818520364,1,"IOTHUB_CLIENT_CONFIRMATION_OK"
483,10818520657,10818520691,1,"IOTHUB_CLIENT_CONFIRMATION_OK"
484,10818520991,10818521167,1,"IOTHUB_CLIENT_CONFIRMATION_OK"
485,10818521324,10818521353,1,"IOTHUB_CLIENT_CONFIRMATION_OK"
486,10818521657,10818521688,1,"IOTHUB_CLIENT_CONFIRMATION_OK"
487,10818521990,10818522022,1,"IOTHUB_CLIENT_CONFIRMATION_OK"
488,10818522323,10818522355,1,"IOTHUB_CLIENT_CONFIRMATION_OK"
489,10818522656,10818522799,1,"IOTHUB_CLIENT_CONFIRMATION_OK"
490,10818522990,10818523020,1,"IOTHUB_CLIENT_CONFIRMATION_OK"
491,10818523323,10818523408,1,"IOTHUB_CLIENT_CONFIRMATION_OK"
492,10818523656,10818523687,1,"IOTHUB_CLIENT_CONFIRMATION_OK"
493,10818523989,10818524019,1,"IOTHUB_CLIENT_CONFIRMATION_OK"
494,10818524322,10818524359,1,"IOTHUB_CLIENT_CONFIRMATION_OK"
495,10818524655,10818524685,1,"IOTHUB_CLIENT_CONFIRMATION_OK"
496,10818524989,10818525019,1,"IOTHUB_CLIENT_CONFIRMATION_OK"
497,10818525322,10818525401,1,"IOTHUB_CLIENT_CONFIRMATION_OK"
498,10818525655,10818525684,1,"IOTHUB_CLIENT_CONFIRMATION_OK"
499,10818525988,10818526025,1,"IOTHUB_CLIENT_CONFIRMATION_OK"
500,10818526321,10818526352,1,"IOTHUB_CLIENT_CONFIRMATION_OK"
501,10818526654,10818526694,1,"IOTHUB_CLIENT_CONFIRMATION_OK"
502,10818526988,10818527017,1,"IOTHUB_CLIENT_CONFIRMATION_OK"
503,10818527321,10818527362,1,"IOTHUB_CLIENT_CONFIRMATION_OK"
504,10818527654,10818527682,1,"IOTHUB_CLIENT_CONFIRMATION_OK"
505,10818527987,10818528027,1,"IOTHUB_CLIENT_CONFIRMATION_OK"
506,10818528320,10818528353,1,"IOTHUB_CLIENT_CONFIRMATION_OK"
507,10818528653,10818528714,1,"IOTHUB_CLIENT_CONFIRMATION_OK"
508,10818528987,10818529050,1,"IOTHUB_CLIENT_CONFIRMATION_OK"
509,10818529320,10818529352,1,"IOTHUB_CLIENT_CONFIRMATION_OK"
510,10818529653,10818529684,1,"IOTHUB_CLIENT_CONFIRMATION_OK"
511,10818529986,10818530015,1,"IOTHUB_CLIENT_CONFIRMATION_OK"
512,10818530319,10818530356,1,"IOTHUB_CLIENT_CONFIRMATION_OK"
513,10818530652,10818530683,1,"IOTHUB_CLIENT_CONFIRMATION_OK"
514,10818530986,10818531016,1,"IOTHUB_CLIENT_CONFIRMATION_OK"
515,10818531319,10818531365,1,"IOTHUB_CLIENT_CONFIRMATION_OK"
516,10818531652,10818531688,1,"IOTHUB_CLIENT_CONFIRMATION_OK"
517,10818531985,10818532037,1,"IOTHUB_CLIENT_CONFIRMATION_OK"
518,10818532318,10818532349,1,"IOTHUB_CLIENT_CONFIRMATION_OK"
519,10818532651,10818532715,1,"IOTHUB_CLIENT_CONFIRMATION_OK"
520,10818532985,10818533016,1,"IOTHUB_CLIENT_CONFIRMATION_OK"
521,10818533318,10818533437,1,"IOTHUB_CLIENT_CONFIRMATION_OK"
522,10818533651,10818533682,1,"IOTHUB_CLIENT_CONFIRMATION_OK"
523,10818533984,10818534016,1,"IOTHUB_CLIENT_CONFIRMATION_OK"
524,10818534317,10818534349,1,"IOTHUB_CLIENT_CONFIRMATION_OK"
525,10818534650,10818534685,1,"IOTHUB_CLIENT_CONFIRMATION_OK"
526,10818534983,10818535015,1,"IOTHUB_CLIENT_CONFIRMATION_OK"
527,10818535317,10818535353,1,"IOTHUB_CLIENT_CONFIRMATION_OK"
528,10818535650,10818535681,1,"IOTHUB_CLIENT_CONFIRMATION_OK"
529,10818535983,10818536012,1,"IOTHUB_CLIENT_CONFIRMATION_OK"
530,10818536316,10818536522,1,"IOTHUB_CLIENT_CONFIRMATION_OK"
531,10818536649,10818536685,1,"IOTHUB_CLIENT_CONFIRMATION_OK"
532,10818536982,10818537016,1,"IOTHUB_CLIENT_CONFIRMATION_OK"
533,10818537316,10818537347,1,"IOTHUB_CLIENT_CONFIRMATION_OK"
534,10818537649,10818537680,1,"IOTHUB_CLIENT_CONFIRMATION_OK"
535,10818537982,10818538016,1,"IOTHUB_CLIENT_CONFIRMATION_OK"
536,10818538315,10818538345,1,"IOTHUB_CLIENT_CONFIRMATION_OK"
537,10818538648,10818538769,1,"IOTHUB_CLIENT_CONFIRMATION_OK"
538,10818538981,10818539009,1,"IOTHUB_CLIENT_CONFIRMATION_OK"
539,10818539314,10818539347,1,"IOTHUB_CLIENT_CONFIRMATION_OK"
540,10818539648,10818539677,1,"IOTHUB_CLIENT_CONFIRMATION_OK"
541,10818539981,10818540012,1,"IOTHUB_CLIENT_CONFIRMATION_OK"
542,10818540314,10818540347,1,"IOTHUB_CLIENT_CONFIRMATION_OK"
543,10818540647,10818540677,1,"IOTHUB_CLIENT_CONFIRMATION_OK"
544,10818540980,10818541010,1,"IOTHUB_CLIENT_CONFIRMATION_OK"
545,10818541313,10818541345,1,"IOTHUB_CLIENT_CONFIRMATION_OK"
546,10818541647,10818541804,1,"IOTHUB_CLIENT_CONFIRMATION_OK"
547,10818541980,10818542021,1,"IOTHUB_CLIENT_CONFIRMATION_OK"
548,10818542313,10818542343,1,"IOTHUB_CLIENT_CONFIRMATION_OK"
549,10818542646,10818542676,1,"IOTHUB_CLIENT_CONFIRMATION_OK"
550,10818542979,10818543010,1,"IOTHUB_CLIENT_CONFIRMATION_OK"
551,10818543312,10818543343,1,"IOTHUB_CLIENT_CONFIRMATION_OK"
552,10818543646,10818543679,1,"IOTHUB_CLIENT_CONFIRMATION_OK"
553,10818543979,10818544041,1,"IOTHUB_CLIENT_CONFIRMATION_OK"
554,10818544312,10818544344,1,"IOTHUB_CLIENT_CONFIRMATION_OK"
555,10818544645,10818544674,1,"IOTHUB_CLIENT_CONFIRMATION_OK"
556,10818544978,10818545009,1,"IOTHUB_CLIENT_CONFIRMATION_OK"
557,10818545311,10818545343,1,"IOTHUB_CLIENT_CONFIRMATION_OK"
558,10818545644,10818545687,1,"IOTHUB_CLIENT_CONFIRMATION_OK"
559,10818545978,10818546008,1,"IOTHUB_CLIENT_CONFIRMATION_OK"
560,10818546311,10818546344,1,"IOTHUB_CLIENT_CONFIRMATION_OK"
561,10818546644,10818546677,1,"IOTHUB_CLIENT_CONFIRMATION_OK"
562,10818546977,10818547006,1,"IOTHUB_CLIENT_CONFIRMATION_OK"
563,10818547310,10818547351,1,"IOTHUB_CLIENT_CONFIRMATION_OK"
564,10818547643,10818547679,1,"IOTHUB_CLIENT_CONFIRMATION_OK"
565,10818547977,10818548009,1,"IOTHUB_CLIENT_CONFIRMATION_OK"
566,10818548310,10818548341,1,"IOTHUB_CLIENT_CONFIRMATION_OK"
567,10818548643,10818548715,1,"IOTHUB_CLIENT_CONFIRMATION_OK"
568,10818548976,10818549035,1,"IOTHUB_CLIENT_CONFIRMATION_OK"
569,10818549309,10818549338,1,"IOTHUB_CLIENT_CONFIRMATION_OK"
570,10818549642,10818549674,1,"IOTHUB_CLIENT_CONFIRMATION_OK"
571,10818549975,10818550006,1,"IOTHUB_CLIENT_CONFIRMATION_OK"
572,10818550309,10818550340,1,"IOTHUB_CLIENT_CONFIRMATION_OK"
573,10818550642,10818550676,1,"IOTHUB_CLIENT_CONFIRMATION_OK"
574,10818550975,10818551009,1,"IOTHUB_CLIENT_CONFIRMATION_OK"
575,10818551308,10818551338,1,"IOTHUB_CLIENT_CONFIRMATION_OK"
576,10818551641,10818551762,1,"IOTHUB_CLIENT_CONFIRMATION_OK"
577,10818551974,10818552007,1,"IOTHUB_CLIENT_CONFIRMATION_OK"
578,10818552308,10818552343,1,"IOTHUB_CLIENT_CONFIRMATION_OK"
579,10818552641,10818552672,1,"IOTHUB_CLIENT_CONFIRMATION_OK"
580,10818552974,10818553009,1,"IOTHUB_CLIENT_CONFIRMATION_OK"
581,10818553307,10818553339,1,"IOTHUB_CLIENT_CONFIRMATION_OK"
582,10818553640,10818553675,1,"IOTHUB_CLIENT_CONFIRMATION_OK"
583,10818553973,10818554006,1,"IOTHUB_CLIENT_CONFIRMATION_OK"
584,10818554307,10818554343,1,"IOTHUB_CLIENT_CONFIRMATION_OK"
585,10818554640,10818554673,1,"IOTHUB_CLIENT_CONFIRMATION_OK"
586,10818554973,10818555009,1,"IOTHUB_CLIENT_CONFIRMATION_OK"
587,10818555306,10818555337,1,"IOTHUB_CLIENT_CONFIRMATION_OK"
588,10818555639,10818555672,1,"IOTHUB_CLIENT_CONFIRMATION_OK"
589,10818555972,10818556024,1,"IOTHUB_CLIENT_CONFIRMATION_OK"
590,10818556306,10818556336,1,"IOTHUB_CLIENT_CONFIRMATION_OK"
591,10818556639,10818556673,1,"IOTHUB_CLIENT_CONFIRMATION_OK"
592,10818556972,10818557078,1,"IOTHUB_CLIENT_CONFIRMATION_OK"
593,10818557305,10818557338,1,"IOTHUB_CLIENT_CONFIRMATION_OK"
594,10818557638,10818557672,1,"IOTHUB_CLIENT_CONFIRMATION_OK"
595,10818557971,10818558002,1,"IOTHUB_CLIENT_CONFIRMATION_OK"
596,10818558305,10818558334,1,"IOTHUB_CLIENT_CONFIRMATION_OK"
597,10818558638,10818558680,1,"IOTHUB_CLIENT_CONFIRMATION_OK"
598,10818558971,10818559004,1,"IOTHUB_CLIENT_CONFIRMATION_OK"
599,10818559304,10818559491,1,"IOTHUB_CLIENT_CONFIRMATION_OK"
600,10818559637,10818559668,1,"IOTHUB_CLIENT_CONFIRMATION_OK"
601,10818559970,10818560000,1,"IOTHUB_CLIENT_CONFIRMATION_OK"
602,10818560304,10818560332,1,"IOTHUB_CLIENT_CONFIRMATION_OK"
603,10818560637,10818560672,1,"IOTHUB_CLIENT_CONFIRMATION_OK"
604,10818560970,10818560998,1,"IOTHUB_CLIENT_CONFIRMATION_OK"
605,10818561303,10818561335,1,"IOTHUB_CLIENT_CONFIRMATION_OK"
606,10818561636,10818561725,1,"IOTHUB_CLIENT_CONFIRMATION_OK"
607,10818561969,10818562003,1,"IOTHUB_CLIENT_CONFIRMATION_OK"
608,10818562302,10818562373,1,"IOTHUB_CLIENT_CONFIRMATION_OK"
609,10818562636,10818562676,1,"IOTHUB_CLIENT_CONFIRMATION_OK"
610,10818562969,10818563011,1,"IOTHUB_CLIENT_CONFIRMATION_OK"
611,10818563302,10818563334,1,"IOTHUB_CLIENT_CONFIRMATION_OK"
612,10818563635,10818563663,1,"IOTHUB_CLIENT_CONFIRMATION_OK"
613,10818563968,10818563999,1,"IOTHUB_CLIENT_CONFIRMATION_OK"
614,10818564301,10818564331,1,"IOTHUB_CLIENT_CONFIRMATION_OK"
615,10818564635,10818564668,1,"IOTHUB_CLIENT_CONFIRMATION_OK"
616,10818564968,10818565018,1,"IOTHUB_CLIENT_CONFIRMATION_OK"
617,10818565301,10818565334,1,"IOTHUB_CLIENT_CONFIRMATION_OK"
618,10818565634,10818565666,1,"IOTHUB_CLIENT_CONFIRMATION_OK"
619,10818565967,10818565999,1,"IOTHUB_CLIENT_CONFIRMATION_OK"
620,10818566300,10818566413,1,"IOTHUB_CLIENT_CONFIRMATION_OK"
621,10818566634,10818566668,1,"IOTHUB_CLIENT_CONFIRMATION_OK"
622,10818566967,10818567021,1,"IOTHUB_CLIENT_CONFIRMATION_OK"
623,10818567300,10818567331,1,"IOTHUB_CLIENT_CONFIRMATION_OK"
624,10818567633,10818567662,1,"IOTHUB_CLIENT_CONFIRMATION_OK"
625,10818567966,10818567995,1,"IOTHUB_CLIENT_CONFIRMATION_OK"
626,10818568300,10818568331,1,"IOTHUB_CLIENT_CONFIRMATION_OK"
627,10818568633,10818568666,1,"IOTHUB_CLIENT_CONFIRMATION_OK"
628,10818568966,10818568998,1,"IOTHUB_CLIENT_CONFIRMATION_OK"
629,10818569299,10818569457,1,"IOTHUB_CLIENT_CONFIRMATION_OK"
630,10818569632,10818569662,1,"IOTHUB_CLIENT_CONFIRMATION_OK"
631,10818569965,10818569999,1,"IOTHUB_CLIENT_CONFIRMATION_OK"
632,10818570299,10818570332,1,"IOTHUB_CLIENT_CONFIRMATION_OK"
633,10818570632,10818570712,1,"IOTHUB_CLIENT_CONFIRMATION_OK"
634,10818570965,10818570994,1,"IOTHUB_CLIENT_CONFIRMATION_OK"
635,10818571298,10818571332,1,"IOTHUB_CLIENT_CONFIRMATION_OK"
636,10818571631,10818571693,1,"IOTHUB_CLIENT_CONFIRMATION_OK"
637,10818571964,10818572002,1,"IOTHUB_CLIENT_CONFIRMATION_OK"
638,10818572298,10818572333,1,"IOTHUB_CLIENT_CONFIRMATION_OK"
639,10818572631,10818572666,1,"IOTHUB_CLIENT_CONFIRMATION_OK"
640,10818572964,10818572994,1,"IOTHUB_CLIENT_CONFIRMATION_OK"
641,10818573297,10818573328,1,"IOTHUB_CLIENT_CONFIRMATION_OK"
642,10818573630,10818573663,1,"IOTHUB_CLIENT_CONFIRMATION_OK"
643,10818573963,10818573997,1,"IOTHUB_CLIENT_CONFIRMATION_OK"
644,10818574297,10818574326,1,"IOTHUB_CLIENT_CONFIRMATION_OK"
645,10818574630,10818574759,1,"IOTHUB_CLIENT_CONFIRMATION_OK"
646,10818574963,10818575000,1,"IOTHUB_CLIENT_CONFIRMATION_OK"
647,10818575296,10818575329,1,"IOTHUB_CLIENT_CONFIRMATION_OK"
648,10818575629,10818575663,1,"IOTHUB_CLIENT_CONFIRMATION_OK"
649,10818575962,10818575996,1,"IOTHUB_CLIENT_CONFIRMATION_OK"
650,10818576296,10818576405,1,"IOTHUB_CLIENT_CONFIRMATION_OK"
651,10818576629,10818576660,1,"IOTHUB_CLIENT_CONFIRMATION_OK"
652,10818576962,10818576994,1,"IOTHUB_CLIENT_CONFIRMATION_OK"
653,10818577295,10818577336,1,"IOTHUB_CLIENT_CONFIRMATION_OK"
654,10818577628,10818577673,1,"IOTHUB_CLIENT_CONFIRMATION_OK"
655,10818577961,10818577996,1,"IOTHUB_CLIENT_CONFIRMATION_OK"
656,10818578295,10818578323,1,"IOTHUB_CLIENT_CONFIRMATION_OK"
657,10818578628,10818578672,1,"IOTHUB_CLIENT_CONFIRMATION_OK"
658,10818578961,10818579002,1,"IOTHUB_CLIENT_CONFIRMATION_OK"
659,10818579294,10818579456,1,"IOTHUB_CLIENT_CONFIRMATION_OK"
660,10818579627,10818579664,1,"IOTHUB_CLIENT_CONFIRMATION_OK"
661,10818579960,10818580007,1,"IOTHUB_CLIENT_CONFIRMATION_OK"
662,10818580293,10818580327,1,"IOTHUB_CLIENT_CONFIRMATION_OK"
663,10818580627,10818580656,1,"IOTHUB_CLIENT_CONFIRMATION_OK"
664,10818580960,10818580989,1,"IOTHUB_CLIENT_CONFIRMATION_OK"
665,10818581293,10818581328,1,"IOTHUB_CLIENT_CONFIRMATION_OK"
666,10818581626,10818581682,1,"IOTHUB_CLIENT_CONFIRMATION_OK"
667,10818581959,10818581992,1,"IOTHUB_CLIENT_CONFIRMATION_OK"
668,10818582292,10818582329,1,"IOTHUB_CLIENT_CONFIRMATION_OK"
669,10818582626,10818582656,1,"IOTHUB_CLIENT_CONFIRMATION_OK"
670,10818582959,10818582990,1,"IOTHUB_CLIENT_CONFIRMATION_OK"
671,10818583292,10818583321,1,"IOTHUB_CLIENT_CONFIRMATION_OK"
672,10818583625,10818583660,1,"IOTHUB_CLIENT_CONFIRMATION_OK"
673,10818583958,10818583989,1,"IOTHUB_CLIENT_CONFIRMATION_OK"
674,10818584291,10818584322,1,"IOTHUB_CLIENT_CONFIRMATION_OK"
675,10818584625,10818584806,1,"IOTHUB_CLIENT_CONFIRMATION_OK"
676,10818584958,10818584989,1,"IOTHUB_CLIENT_CONFIRMATION_OK"
677,10818585291,10818585321,1,"IOTHUB_CLIENT_CONFIRMATION_OK"
678,10818585624,10818585654,1,"IOTHUB_CLIENT_CONFIRMATION_OK"
679,10818585957,10818585987,1,"IOTHUB_CLIENT_CONFIRMATION_OK"
680,10818586290,10818586320,1,"IOTHUB_CLIENT_CONFIRMATION_OK"
681,10818586624,10818586653,1,"IOTHUB_CLIENT_CONFIRMATION_OK"
682,10818586957,10818587040,1,"IOTHUB_CLIENT_CONFIRMATION_OK"
683,10818587290,10818587338,1,"IOTHUB_CLIENT_CONFIRMATION_OK"
684,10818587623,10818587654,1,"IOTHUB_CLIENT_CONFIRMATION_OK"
685,10818587956,10818587994,1,"IOTHUB_CLIENT_CONFIRMATION_OK"
686,10818588289,10818588321,1,"IOTHUB_CLIENT_CONFIRMATION_OK"
687,10818588622,10818588677,1,"IOTHUB_CLIENT_CONFIRMATION_OK"
688,10818588956,10818588986,1,"IOTHUB_CLIENT_CONFIRMATION_OK"
689,10818589289,10818589325,1,"IOTHUB_CLIENT_CONFIRMATION_OK"
690,10818589622,10818589653,1,"IOTHUB_CLIENT_CONFIRMATION_OK"
691,10818589955,10818589991,1,"IOTHUB_CLIENT_CONFIRMATION_OK"
692,10818590288,10818590318,1,"IOTHUB_CLIENT_CONFIRMATION_OK"
693,10818590622,10818590654,1,"IOTHUB_CLIENT_CONFIRMATION_OK"
694,10818590955,10818590990,1,"IOTHUB_CLIENT_CONFIRMATION_OK"
695,10818591288,10818591321,1,"IOTHUB_CLIENT_CONFIRMATION_OK"
696,10818591621,10818591715,1,"IOTHUB_CLIENT_CONFIRMATION_OK"
697,10818591954,10818591992,1,"IOTHUB_CLIENT_CONFIRMATION_OK"
698,10818592287,10818592325,1,"IOTHUB_CLIENT_CONFIRMATION_OK"
699,10818592620,10818592652,1,"IOTHUB_CLIENT_CONFIRMATION_OK"
700,10818592954,10818592984,1,"IOTHUB_CLIENT_CONFIRMATION_OK"
701,10818593287,10818593318,1,"IOTHUB_CLIENT_CONFIRMATION_OK"
702,10818593620,10818593660,1,"IOTHUB_CLIENT_CONFIRMATION_OK"
703,10818593953,10818593984,1,"IOTHUB_CLIENT_CONFIRMATION_OK"
704,10818594286,10818594322,1,"IOTHUB_CLIENT_CONFIRMATION_OK"
705,10818594619,10818594756,1,"IOTHUB_CLIENT_CONFIRMATION_OK"
706,10818594953,10818594982,1,"IOTHUB_CLIENT_CONFIRMATION_OK"
707,10818595286,10818595322,1,"IOTHUB_CLIENT_CONFIRMATION_OK"
708,10818595619,10818595663,1,"IOTHUB_CLIENT_CONFIRMATION_OK"
709,10818595952,10818595982,1,"IOTHUB_CLIENT_CONFIRMATION_OK"
710,10818596285,10818596326,1,"IOTHUB_CLIENT_CONFIRMATION_OK"
711,10818596618,10818596654,1,"IOTHUB_CLIENT_CONFIRMATION_OK"
712,10818596952,10818596993,1,"IOTHUB_CLIENT_CONFIRMATION_OK"
713,10818597285,10818597316,1,"IOTHUB_CLIENT_CONFIRMATION_OK"
714,10818597618,10818597655,1,"IOTHUB_CLIENT_CONFIRMATION_OK"
715,10818597951,10818597982,1,"IOTHUB_CLIENT_CONFIRMATION_OK"
716,10818598284,10818598316,1,"IOTHUB_CLIENT_CONFIRMATION_OK"
717,10818598617,10818598646,1,"IOTHUB_CLIENT_CONFIRMATION_OK"
718,10818598951,10818598981,1,"IOTHUB_CLIENT_CONFIRMATION_OK"
719,10818599284,10818599373,1,"IOTHUB_CLIENT_CONFIRMATION_OK"
720,10818599617,10818599659,1,"IOTHUB_CLIENT_CONFIRMATION_OK"
721,10818599950,10818599979,1,"IOTHUB_CLIENT_CONFIRMATION_OK"
722,10818600283,10818600318,1,"IOTHUB_CLIENT_CONFIRMATION_OK"
723,10818600616,10818600645,1,"IOTHUB_CLIENT_CONFIRMATION_OK"
724,10818600950,10818600989,1,"IOTHUB_CLIENT_CONFIRMATION_OK"
725,10818601283,10818601314,1,"IOTHUB_CLIENT_CONFIRMATION_OK"
726,10818601616,10818601647,1,"IOTHUB_CLIENT_CONFIRMATION_OK"
727,10818601949,10818601986,1,"IOTHUB_CLIENT_CONFIRMATION_OK"
728,10818602282,10818602447,1,"IOTHUB_CLIENT_CONFIRMATION_OK"
729,10818602615,10818602645,1,"IOTHUB_CLIENT_CONFIRMATION_OK"
730,10818602949,10818602980,1,"IOTHUB_CLIENT_CONFIRMATION_OK"
731,10818603282,10818603312,1,"IOTHUB_CLIENT_CONFIRMATION_OK"
732,10818603615,10818603650,1,"IOTHUB_CLIENT_CONFIRMATION_OK"
733,10818603948,10818603978,1,"IOTHUB_CLIENT_CONFIRMATION_OK"
734,10818604281,10818604313,1,"IOTHUB_CLIENT_CONFIRMATION_OK"
735,10818604614,10818604684,1,"IOTHUB_CLIENT_CONFIRMATION_OK"
736,10818604947,10818604982,1,"IOTHUB_CLIENT_CONFIRMATION_OK"
737,10818605281,10818605312,1,"IOTHUB_CLIENT_CONFIRMATION_OK"
738,10818605614,10818605682,1,"IOTHUB_CLIENT_CONFIRMATION_OK"
739,10818605947,10818605977,1,"IOTHUB_CLIENT_CONFIRMATION_OK"
740,10818606280,10818606311,1,"IOTHUB_CLIENT_CONFIRMATION_OK"
741,10818606613,10818606641,1,"IOTHUB_CLIENT_CONFIRMATION_OK"
742,10818606946,10818606985,1,"IOTHUB_CLIENT_CONFIRMATION_OK"
743,10818607280,10818607313,1,"IOTHUB_CLIENT_CONFIRMATION_OK"
744,10818607613,10818607727,1,"IOTHUB_CLIENT_CONFIRMATION_OK"
745,10818607946,10818607978,1,"IOTHUB_CLIENT_CONFIRMATION_OK"
746,10818608279,10818608315,1,"IOTHUB_CLIENT_CONFIRMATION_OK"
747,10818608612,10818608641,1,"IOTHUB_CLIENT_CONFIRMATION_OK"
748,10818608945,10818608975,1,"IOTHUB_CLIENT_CONFIRMATION_OK"
749,10818609279,10818609308,1,"IOTHUB_CLIENT_CONFIRMATION_OK"
750,10818609612,10818609642,1,"IOTHUB_CLIENT_CONFIRMATION_OK"
751,10818609945,10818609993,1,"IOTHUB_CLIENT_CONFIRMATION_OK"
752,10818610278,10818610312,1,"IOTHUB_CLIENT_CONFIRMATION_OK"
753,10818610611,10818610645,1,"IOTHUB_CLIENT_CONFIRMATION_OK"
754,10818610944,10818610996,1,"IOTHUB_CLIENT_CONFIRMATION_OK"
755,10818611278,10818611308,1,"IOTHUB_CLIENT_CONFIRMATION_OK"
756,10818611611,10818611642,1,"IOTHUB_CLIENT_CONFIRMATION_OK"
757,10818611944,10818611975,1,"IOTHUB_CLIENT_CONFIRMATION_OK"
758,10818612277,10818612311,1,"IOTHUB_CLIENT_CONFIRMATION_OK"
759,10818612610,10818612638,1,"IOTHUB_CLIENT_CONFIRMATION_OK"
760,10818612943,10818613031,1,"IOTHUB_CLIENT_CONFIRMATION_OK"
761,10818613276,10818613307,1,"IOTHUB_CLIENT_CONFIRMATION_OK"
762,10818613610,10818613640,1,"IOTHUB_CLIENT_CONFIRMATION_OK"
763,10818613943,10818613975,1,"IOTHUB_CLIENT_CONFIRMATION_OK"
764,10818614276,10818614320,1,"IOTHUB_CLIENT_CONFIRMATION_OK"
765,10818614609,10818614668,1,"IOTHUB_CLIENT_CONFIRMATION_OK"
766,10818614942,10818614973,1,"IOTHUB_CLIENT_CONFIRMATION_OK"
767,10818615275,10818615309,1,"IOTHUB_CLIENT_CONFIRMATION_OK"
768,10818615609,10818615638,1,"IOTHUB_CLIENT_CONFIRMATION_OK"
769,10818615942,10818615973,1,"IOTHUB_CLIENT_CONFIRMATION_OK"
770,10818616275,10818616304,1,"IOTHUB_CLIENT_CONFIRMATION_OK"
771,10818616608,10818616641,1,"IOTHUB_CLIENT_CONFIRMATION_OK"
772,10818616941,10818616974,1,"IOTHUB_CLIENT_CONFIRMATION_OK"
773,10818617274,10818617306,1,"IOTHUB_CLIENT_CONFIRMATION_OK"
774,10818617608,10818617725,1,"IOTHUB_CLIENT_CONFIRMATION_OK"
775,10818617941,10818617971,1,"IOTHUB_CLIENT_CONFIRMATION_OK"
776,10818618274,10818618304,1,"IOTHUB_CLIENT_CONFIRMATION_OK"
777,10818618607,10818618638,1,"IOTHUB_CLIENT_CONFIRMATION_OK"
778,10818618940,10818618974,1,"IOTHUB_CLIENT_CONFIRMATION_OK"
779,10818619273,10818619303,1,"IOTHUB_CLIENT_CONFIRMATION_OK"
780,10818619606,10818619643,1,"IOTHUB_CLIENT_CONFIRMATION_OK"
781,10818619940,10818619976,1,"IOTHUB_CLIENT_CONFIRMATION_OK"
782,10818620273,10818620306,1,"IOTHUB_CLIENT_CONFIRMATION_OK"
783,10818620606,10818620636,1,"IOTHUB_CLIENT_CONFIRMATION_OK"
784,10818620939,10818620969,1,"IOTHUB_CLIENT_CONFIRMATION_OK"
785,10818621272,10818621307,1,"IOTHUB_CLIENT_CONFIRMATION_OK"
786,10818621605,10818621636,1,"IOTHUB_CLIENT_CONFIRMATION_OK"
787,10818621939,10818621985,1,"IOTHUB_CLIENT_CONFIRMATION_OK"
788,10818622272,10818622311,1,"IOTHUB_CLIENT_CONFIRMATION_OK"
789,10818622605,10818622639,1,"IOTHUB_CLIENT_CONFIRMATION_OK"
790,10818622938,10818623020,1,"IOTHUB_CLIENT_CONFIRMATION_OK"
791,10818623271,10818623310,1,"IOTHUB_CLIENT_CONFIRMATION_OK"
792,10818623604,10818623641,1,"IOTHUB_CLIENT_CONFIRMATION_OK"
793,10818623938,10818623971,1,"IOTHUB_CLIENT_CONFIRMATION_OK"
794,10818624271,10818624303,1,"IOTHUB_CLIENT_CONFIRMATION_OK"
795,10818624604,10818624651,1,"IOTHUB_CLIENT_CONFIRMATION_OK"
796,10818624937,10818624968,1,"IOTHUB_CLIENT_CONFIRMATION_OK"
797,10818625270,10818625299,1,"IOTHUB_CLIENT_CONFIRMATION_OK"
798,10818625603,10818625635,1,"IOTHUB_CLIENT_CONFIRMATION_OK"
799,10818625937,10818625966,1,"IOTHUB_CLIENT_CONFIRMATION_OK"
800,10818626270,10818626315,1,"IOTHUB_CLIENT_CONFIRMATION_OK"
801,10818626603,10818626633,1,"IOTHUB_CLIENT_CONFIRMATION_OK"
802,10818626936,10818626975,1,"IOTHUB_CLIENT_CONFIRMATION_OK"
803,10818627269,10818627302,1,"IOTHUB_CLIENT_CONFIRMATION_OK"
804,10818627602,10818627694,1,"IOTHUB_CLIENT_CONFIRMATION_OK"
805,10818627936,10818627966,1,"IOTHUB_CLIENT_CONFIRMATION_OK"
806,10818628269,10818628300,1,"IOTHUB_CLIENT_CONFIRMATION_OK"
807,10818628602,10818628699,1,"IOTHUB_CLIENT_CONFIRMATION_OK"
808,10818628935,10818628983,1,"IOTHUB_CLIENT_CONFIRMATION_OK"
809,10818629268,10818629300,1,"IOTHUB_CLIENT_CONFIRMATION_OK"
810,10818629601,10818629631,1,"IOTHUB_CLIENT_CONFIRMATION_OK"
811,10818629935,10818629967,1,"IOTHUB_CLIENT_CONFIRMATION_OK"
812,10818630268,10818630301,1,"IOTHUB_CLIENT_CONFIRMATION_OK"
813,10818630601,10818630753,1,"IOTHUB_CLIENT_CONFIRMATION_OK"
814,10818630934,10818630978,1,"IOTHUB_CLIENT_CONFIRMATION_OK"
815,10818631267,10818631300,1,"IOTHUB_CLIENT_CONFIRMATION_OK"
816,10818631600,10818631638,1,"IOTHUB_CLIENT_CONFIRMATION_OK"
817,10818631934,10818631967,1,"IOTHUB_CLIENT_CONFIRMATION_OK"
818,10818632267,10818632297,1,"IOTHUB_CLIENT_CONFIRMATION_OK"
819,10818632600,10818632631,1,"IOTHUB_CLIENT_CONFIRMATION_OK"
820,10818632933,10818632997,1,"IOTHUB_CLIENT_CONFIRMATION_OK"
821,10818633266,10818633296,1,"IOTHUB_CLIENT_CONFIRMATION_OK"
822,10818633599,10818633628,1,"IOTHUB_CLIENT_CONFIRMATION_OK"
823,10818633933,10818633963,1,"IOTHUB_CLIENT_CONFIRMATION_OK"
824,10818634266,10818634303,1,"IOTHUB_CLIENT_CONFIRMATION_OK"
825,10818634599,10818634634,1,"IOTHUB_CLIENT_CONFIRMATION_OK"
826,10818634932,10818634963,1,"IOTHUB_CLIENT_CONFIRMATION_OK"
827,10818635265,10818635293,1,"IOTHUB_CLIENT_CONFIRMATION_OK"
828,10818635598,10818635629,1,"IOTHUB_CLIENT_CONFIRMATION_OK"
829,10818635931,10818635970,1,"IOTHUB_CLIENT_CONFIRMATION_OK"
830,10818636265,10818636319,1,"IOTHUB_CLIENT_CONFIRMATION_OK"
831,10818636598,10818636627,1,"IOTHUB_CLIENT_CONFIRMATION_OK"
832,10818636931,10818636968,1,"IOTHUB_CLIENT_CONFIRMATION_OK"
833,10818637264,10818637298,1,"IOTHUB_CLIENT_CONFIRMATION_OK"
834,10818637597,10818637692,1,"IOTHUB_CLIENT_CONFIRMATION_OK"
835,10818637930,10818637965,1,"IOTHUB_CLIENT_CONFIRMATION_OK"
836,10818638264,10818638298,1,"IOTHUB_CLIENT_CONFIRMATION_OK"
837,10818638597,10818638630,1,"IOTHUB_CLIENT_CONFIRMATION_OK"
838,10818638930,10818638959,1,"IOTHUB_CLIENT_CONFIRMATION_OK"
839,10818639263,10818639300,1,"IOTHUB_CLIENT_CONFIRMATION_OK"
840,10818639596,10818639628,1,"IOTHUB_CLIENT_CONFIRMATION_OK"
841,10818639929,10818639959,1,"IOTHUB_CLIENT_CONFIRMATION_OK"
842,10818640262,10818640292,1,"IOTHUB_CLIENT_CONFIRMATION_OK"
843,10818640596,10818640740,1,"IOTHUB_CLIENT_CONFIRMATION_OK"
844,10818640929,10818640966,1,"IOTHUB_CLIENT_CONFIRMATION_OK"
845,10818641262,10818641350,1,"IOTHUB_CLIENT_CONFIRMATION_OK"
846,10818641595,10818641654,1,"IOTHUB_CLIENT_CONFIRMATION_OK"
847,10818641928,10818641970,1,"IOTHUB_CLIENT_CONFIRMATION_OK"
848,10818642261,10818642292,1,"IOTHUB_CLIENT_CONFIRMATION_OK"
849,10818642595,10818642624,1,"IOTHUB_CLIENT_CONFIRMATION_OK"
850,10818642928,10818642989,1,"IOTHUB_CLIENT_CONFIRMATION_OK"
851,10818643261,10818643295,1,"IOTHUB_CLIENT_CONFIRMATION_OK"
852,10818643594,10818643630,1,"IOTHUB_CLIENT_CONFIRMATION_OK"
853,10818643927,10818643968,1,"IOTHUB_CLIENT_CONFIRMATION_OK"
854,10818644260,10818644296,1,"IOTHUB_CLIENT_CONFIRMATION_OK"
855,10818644594,10818644786,1,"IOTHUB_CLIENT_CONFIRMATION_OK"
856,10818644927,10818644958,1,"IOTHUB_CLIENT_CONFIRMATION_OK"
857,10818645260,10818645290,1,"IOTHUB_CLIENT_CONFIRMATION_OK"
858,10818645593,10818645624,1,"IOTHUB_CLIENT_CONFIRMATION_OK"
859,10818645926,10818646008,1,"IOTHUB_CLIENT_CONFIRMATION_OK"
860,10818646259,10818646291,1,"IOTHUB_CLIENT_CONFIRMATION_OK"
861,10818646592,10818646625,1,"IOTHUB_CLIENT_CONFIRMATION_OK"
862,10818646926,10818646959,1,"IOTHUB_CLIENT_CONFIRMATION_OK"
863,10818647259,10818647292,1,"IOTHUB_CLIENT_CONFIRMATION_OK"
864,10818647592,10818647650,1,"IOTHUB_CLIENT_CONFIRMATION_OK"
865,10818647925,10818647972,1,"IOTHUB_CLIENT_CONFIRMATION_OK"
866,10818648258,10818648289,1,"IOTHUB_CLIENT_CONFIRMATION_OK"
867,10818648591,10818648622,1,"IOTHUB_CLIENT_CONFIRMATION_OK"
868,10818648925,10818648957,1,"IOTHUB_CLIENT_CONFIRMATION_OK"
869,10818649258,10818649291,1,"IOTHUB_CLIENT_CONFIRMATION_OK"
870,10818649591,10818649620,1,"IOTHUB_CLIENT_CONFIRMATION_OK"
871,10818649924,10818649960,1,"IOTHUB_CLIENT_CONFIRMATION_OK"
872,10818650257,10818650292,1,"IOTHUB_CLIENT_CONFIRMATION_OK"
873,10818650590,10818650738,1,"IOTHUB_CLIENT_CONFIRMATION_OK"
874,10818650924,10818650962,1,"IOTHUB_CLIENT_CONFIRMATION_OK"
875,10818651257,10818651285,1,"IOTHUB_CLIENT_CONFIRMATION_OK"
876,10818651590,10818651620,1,"IOTHUB_CLIENT_CONFIRMATION_OK"
877,10818651923,10818651956,1,"IOTHUB_CLIENT_CONFIRMATION_OK"
878,10818652256,10818652288,1,"IOTHUB_CLIENT_CONFIRMATION_OK"
879,10818652589,10818652623,1,"IOTHUB_CLIENT_CONFIRMATION_OK"
880,10818652922,10818653005,1,"IOTHUB_CLIENT_CONFIRMATION_OK"
881,10818653256,10818653286,1,"IOTHUB_CLIENT_CONFIRMATION_OK"
882,10818653589,10818653639,1,"IOTHUB_CLIENT_CONFIRMATION_OK"
883,10818653922,10818653951,1,"IOTHUB_CLIENT_CONFIRMATION_OK"
884,10818654255,10818654288,1,"IOTHUB_CLIENT_CONFIRMATION_OK"
885,10818654588,10818654620,1,"IOTHUB_CLIENT_CONFIRMATION_OK"
886,10818654921,10818654953,1,"IOTHUB_CLIENT_CONFIRMATION_OK"
887,10818655255,10818655285,1,"IOTHUB_CLIENT_CONFIRMATION_OK"
888,10818655588,10818655618,1,"IOTHUB_CLIENT_CONFIRMATION_OK"
889,10818655921,10818656057,1,"IOTHUB_CLIENT_CONFIRMATION_OK"
890,10818656254,10818656283,1,"IOTHUB_CLIENT_CONFIRMATION_OK"
891,10818656587,10818656617,1,"IOTHUB_CLIENT_CONFIRMATION_OK"
892,10818656920,10818656951,1,"IOTHUB_CLIENT_CONFIRMATION_OK"
893,10818657254,10818657285,1,"IOTHUB_CLIENT_CONFIRMATION_OK"
894,10818657587,10818657619,1,"IOTHUB_CLIENT_CONFIRMATION_OK"
895,10818657920,10818658029,1,"IOTHUB_CLIENT_CONFIRMATION_OK"
896,10818658253,10818658294,1,"IOTHUB_CLIENT_CONFIRMATION_OK"
897,10818658586,10818658616,1,"IOTHUB_CLIENT_CONFIRMATION_OK"
898,10818658919,10818658949,1,"IOTHUB_CLIENT_CONFIRMATION_OK"
899,10818659252,10818659286,1,"IOTHUB_CLIENT_CONFIRMATION_OK"
