Message ID,Send Time,Receive Time,Status,Error
0,10818359777,10818360087,1,"IOTHUB_CLIENT_CONFIRMATION_OK"
1,10818360110,10818360145,1,"IOTHUB_CLIENT_CONFIRMATION_OK"
2,10818360443,10818360474,1,"IOTHUB_CLIENT_CONFIRMATION_OK"
3,10818360776,10818360821,1,"IOTHUB_CLIENT_CONFIRMATION_OK"
4,10818361109,10818361139,1,"IOTHUB_CLIENT_CONFIRMATION_OK"
5,10818361443,10818361476,1,"IOTHUB_CLIENT_CONFIRMATION_OK"
6,10818361776,10818361807,1,"IOTHUB_CLIENT_CONFIRMATION_OK"
7,10818362109,10818362139,1,"IOTHUB_CLIENT_CONFIRMATION_OK"
8,10818362442,10818362474,1,"IOTHUB_CLIENT_CONFIRMATION_OK"
9,10818362775,10818362805,1,"IOTHUB_CLIENT_CONFIRMATION_OK"
10,10818363108,10818363142,1,"IOTHUB_CLIENT_CONFIRMATION_OK"
11,10818363441,10818363474,1,"IOTHUB_CLIENT_CONFIRMATION_OK"
12,10818363775,10818363807,1,"IOTHUB_CLIENT_CONFIRMATION_OK"
13,10818364108,10818364178,1,"IOTHUB_CLIENT_CONFIRMATION_OK"
14,10818364441,10818364472,1,"IOTHUB_CLIENT_CONFIRMATION_OK"
15,10818364774,10818364808,1,"IOTHUB_CLIENT_CONFIRMATION_OK"
16,10818365107,10818365140,1,"IOTHUB_CLIENT_CONFIRMATION_OK"
17,10818365440,10818365585,1,"IOTHUB_CLIENT_CONFIRMATION_OK"
18,10818365774,10818365815,1,"IOTHUB_CLIENT_CONFIRMATION_OK"
19,10818366107,10818366199,1,"IOTHUB_CLIENT_CONFIRMATION_OK"
20,10818366440,10818366474,1,"IOTHUB_CLIENT_CONFIRMATION_OK"
21,10818366773,10818366816,1,"IOTHUB_CLIENT_CONFIRMATION_OK"
22,10818367106,10818367136,1,"IOTHUB_CLIENT_CONFIRMATION_OK"
23,10818367439,10818367507,1,"IOTHUB_CLIENT_CONFIRMATION_OK"
24,10818367773,10818367801,1,"IOTHUB_CLIENT_CONFIRMATION_OK"
25,10818368106,10818368143,1,"IOTHUB_CLIENT_CONFIRMATION_OK"
26,10818368439,10818368472,1,"IOTHUB_CLIENT_CONFIRMATION_OK"
27,10818368772,10818368805,1,"IOTHUB_CLIENT_CONFIRMATION_OK"
28,10818369105,10818369189,1,"IOTHUB_CLIENT_CONFIRMATION_OK"
29,10818369438,10818369476,1,"IOTHUB_CLIENT_CONFIRMATION_OK"
30,10818369771,10818369804,1,"IOTHUB_CLIENT_CONFIRMATION_OK"
31,10818370105,10818370135,1,"IOTHUB_CLIENT_CONFIRMATION_OK"
32,10818370438,10818370484,1,"IOTHUB_CLIENT_CONFIRMATION_OK"
33,10818370771,10818370801,1,"IOTHUB_CLIENT_CONFIRMATION_OK"
34,10818371104,10818371138,1,"IOTHUB_CLIENT_CONFIRMATION_OK"
35,10818371437,10818371468,1,"IOTHUB_CLIENT_CONFIRMATION_OK"
36,10818371770,10818371803,1,"IOTHUB_CLIENT_CONFIRMATION_OK"
37,10818372104,10818372134,1,"IOTHUB_CLIENT_CONFIRMATION_OK"
38,10818372437,10818372522,1,"IOTHUB_CLIENT_CONFIRMATION_OK"
39,10818372770,10818372804,1,"IOTHUB_CLIENT_CONFIRMATION_OK"
40,10818373103,10818373144,1,"IOTHUB_CLIENT_CONFIRMATION_OK"
41,10818373436,10818373472,1,"IOTHUB_CLIENT_CONFIRMATION_OK"
42,10818373769,10818373799,1,"IOTHUB_CLIENT_CONFIRMATION_OK"
43,10818374102,10818374135,1,"IOTHUB_CLIENT_CONFIRMATION_OK"
44,10818374436,10818374536,1,"IOTHUB_CLIENT_CONFIRMATION_OK"
45,10818374769,10818374800,1,"IOTHUB_CLIENT_CONFIRMATION_OK"
46,10818375102,10818375148,1,"IOTHUB_CLIENT_CONFIRMATION_OK"
47,10818375435,10818375468,1,"IOTHUB_CLIENT_CONFIRMATION_OK"
48,10818375768,10818375799,1,"IOTHUB_CLIENT_CONFIRMATION_OK"
49,10818376101,10818376130,1,"IOTHUB_CLIENT_CONFIRMATION_OK"
50,10818376435,10818376469,1,"IOTHUB_CLIENT_CONFIRMATION_OK"
51,10818376768,10818376803,1,"IOTHUB_CLIENT_CONFIRMATION_OK"
52,10818377101,10818377134,1,"IOTHUB_CLIENT_CONFIRMATION_OK"
53,10818377434,10818377470,1,"IOTHUB_CLIENT_CONFIRMATION_OK"
54,10818377767,10818377800,1,"IOTHUB_CLIENT_CONFIRMATION_OK"
55,10818378100,10818378130,1,"IOTHUB_CLIENT_CONFIRMATION_OK"
56,10818378433,10818378477,1,"IOTHUB_CLIENT_CONFIRMATION_OK"
57,10818378767,10818378820,1,"IOTHUB_CLIENT_CONFIRMATION_OK"
58,10818379100,10818379132,1,"IOTHUB_CLIENT_CONFIRMATION_OK"
59,10818379433,10818379470,1,"IOTHUB_CLIENT_CONFIRMATION_OK"
60,10818379766,10818379800,1,"IOTHUB_CLIENT_CONFIRMATION_OK"
61,10818380099,10818380145,1,"IOTHUB_CLIENT_CONFIRMATION_OK"
62,10818380432,10818380462,1,"IOTHUB_CLIENT_CONFIRMATION_OK"
63,10818380766,10818380808,1,"IOTHUB_CLIENT_CONFIRMATION_OK"
64,10818381099,10818381129,1,"IOTHUB_CLIENT_CONFIRMATION_OK"
65,10818381432,10818381464,1,"IOTHUB_CLIENT_CONFIRMATION_OK"
66,10818381765,10818381798,1,"IOTHUB_CLIENT_CONFIRMATION_OK"
67,10818382098,10818382186,1,"IOTHUB_CLIENT_CONFIRMATION_OK"
68,10818382431,10818382462,1,"IOTHUB_CLIENT_CONFIRMATION_OK"
69,10818382765,10818382797,1,"IOTHUB_CLIENT_CONFIRMATION_OK"
70,10818383098,10818383131,1,"IOTHUB_CLIENT_CONFIRMATION_OK"
71,10818383431,10818383600,1,"IOTHUB_CLIENT_CONFIRMATION_OK"
72,10818383764,10818383802,1,"IOTHUB_CLIENT_CONFIRMATION_OK"
73,10818384097,10818384128,1,"IOTHUB_CLIENT_CONFIRMATION_OK"
74,10818384430,10818384475,1,"IOTHUB_CLIENT_CONFIRMATION_OK"
75,10818384764,10818384795,1,"IOTHUB_CLIENT_CONFIRMATION_OK"
76,10818385097,10818385130,1,"IOTHUB_CLIENT_CONFIRMATION_OK"
77,10818385430,10818385464,1,"IOTHUB_CLIENT_CONFIRMATION_OK"
78,10818385763,10818385808,1,"IOTHUB_CLIENT_CONFIRMATION_OK"
79,10818386096,10818386133,1,"IOTHUB_CLIENT_CONFIRMATION_OK"
80,10818386429,10818386460,1,"IOTHUB_CLIENT_CONFIRMATION_OK"
81,10818386762,10818386796,1,"IOTHUB_CLIENT_CONFIRMATION_OK"
82,10818387096,10818387127,1,"IOTHUB_CLIENT_CONFIRMATION_OK"
83,10818387429,10818387460,1,"IOTHUB_CLIENT_CONFIRMATION_OK"
84,10818387762,10818387797,1,"IOTHUB_CLIENT_CONFIRMATION_OK"
85,10818388095,10818388127,1,"IOTHUB_CLIENT_CONFIRMATION_OK"
86,10818388428,10818388481,1,"IOTHUB_CLIENT_CONFIRMATION_OK"
87,10818388761,10818388791,1,"IOTHUB_CLIENT_CONFIRMATION_OK"
88,10818389094,10818389199,1,"IOTHUB_CLIENT_CONFIRMATION_OK"
89,10818389428,10818389457,1,"IOTHUB_CLIENT_CONFIRMATION_OK"
90,10818389761,10818389806,1,"IOTHUB_CLIENT_CONFIRMATION_OK"
91,10818390094,10818390126,1,"IOTHUB_CLIENT_CONFIRMATION_OK"
92,10818390427,10818390459,1,"IOTHUB_CLIENT_CONFIRMATION_OK"
93,10818390760,10818390792,1,"IOTHUB_CLIENT_CONFIRMATION_OK"
94,10818391093,10818391215,1,"IOTHUB_CLIENT_CONFIRMATION_OK"
95,10818391427,10818391461,1,"IOTHUB_CLIENT_CONFIRMATION_OK"
96,10818391760,10818391872,1,"IOTHUB_CLIENT_CONFIRMATION_OK"
97,10818392093,10818392125,1,"IOTHUB_CLIENT_CONFIRMATION_OK"
98,10818392426,10818392458,1,"IOTHUB_CLIENT_CONFIRMATION_OK"
99,10818392759,10818392792,1,"IOTHUB_CLIENT_CONFIRMATION_OK"
100,10818393092,10818393120,1,"IOTHUB_CLIENT_CONFIRMATION_OK"
101,10818393426,10818393529,1,"IOTHUB_CLIENT_CONFIRMATION_OK"
102,10818393759,10818393792,1,"IOTHUB_CLIENT_CONFIRMATION_OK"
103,10818394092,10818394130,1,"IOTHUB_CLIENT_CONFIRMATION_OK"
104,10818394425,10818394459,1,"IOTHUB_CLIENT_CONFIRMATION_OK"
105,10818394758,10818394792,1,"IOTHUB_CLIENT_CONFIRMATION_OK"
106,10818395091,10818395130,1,"IOTHUB_CLIENT_CONFIRMATION_OK"
107,10818395425,10818395458,1,"IOTHUB_CLIENT_CONFIRMATION_OK"
108,10818395758,10818395788,1,"IOTHUB_CLIENT_CONFIRMATION_OK"
109,10818396091,10818396123,1,"IOTHUB_CLIENT_CONFIRMATION_OK"
110,10818396424,10818396460,1,"IOTHUB_CLIENT_CONFIRMATION_OK"
111,10818396757,10818396826,1,"IOTHUB_CLIENT_CONFIRMATION_OK"
112,10818397090,10818397123,1,"IOTHUB_CLIENT_CONFIRMATION_OK"
113,10818397423,10818397457,1,"IOTHUB_CLIENT_CONFIRMATION_OK"
114,10818397757,10818397788,1,"IOTHUB_CLIENT_CONFIRMATION_OK"
115,10818398090,10818398122,1,"IOTHUB_CLIENT_CONFIRMATION_OK"
116,10818398423,10818398458,1,"IOTHUB_CLIENT_CONFIRMATION_OK"
117,10818398756,10818398903,1,"IOTHUB_CLIENT_CONFIRMATION_OK"
118,10818399089,10818399122,1,"IOTHUB_CLIENT_CONFIRMATION_OK"
119,10818399422,10818399472,1,"IOTHUB_CLIENT_CONFIRMATION_OK"
120,10818399756,10818399788,1,"IOTHUB_CLIENT_CONFIRMATION_OK"
121,10818400089,10818400153,1,"IOTHUB_CLIENT_CONFIRMATION_OK"
122,10818400422,10818400456,1,"IOTHUB_CLIENT_CONFIRMATION_OK"
123,10818400755,10818400897,1,"IOTHUB_CLIENT_CONFIRMATION_OK"
124,10818401088,10818401131,1,"IOTHUB_CLIENT_CONFIRMATION_OK"
125,10818401421,10818401453,1,"IOTHUB_CLIENT_CONFIRMATION_OK"
126,10818401754,10818401799,1,"IOTHUB_CLIENT_CONFIRMATION_OK"
127,10818402088,10818402118,1,"IOTHUB_CLIENT_CONFIRMATION_OK"
128,10818402421,10818402454,1,"IOTHUB_CLIENT_CONFIRMATION_OK"
129,10818402754,10818402785,1,"IOTHUB_CLIENT_CONFIRMATION_OK"
130,10818403087,10818403119,1,"IOTHUB_CLIENT_CONFIRMATION_OK"
131,10818403420,10818403456,1,"IOTHUB_CLIENT_CONFIRMATION_OK"
132,10818403753,10818403783,1,"IOTHUB_CLIENT_CONFIRMATION_OK"
133,10818404087,10818404122,1,"IOTHUB_CLIENT_CONFIRMATION_OK"
134,10818404420,10818404465,1,"IOTHUB_CLIENT_CONFIRMATION_OK"
135,10818404753,10818404791,1,"IOTHUB_CLIENT_CONFIRMATION_OK"
136,10818405086,10818405115,1,"IOTHUB_CLIENT_CONFIRMATION_OK"
137,10818405419,10818405466,1,"IOTHUB_CLIENT_CONFIRMATION_OK"
138,10818405752,10818405782,1,"IOTHUB_CLIENT_CONFIRMATION_OK"
139,10818406086,10818406115,1,"IOTHUB_CLIENT_CONFIRMATION_OK"
140,10818406419,10818406458,1,"IOTHUB_CLIENT_CONFIRMATION_OK"
141,10818406752,10818406789,1,"IOTHUB_CLIENT_CONFIRMATION_OK"
142,10818407085,10818407116,1,"IOTHUB_CLIENT_CONFIRMATION_OK"
143,10818407418,10818407449,1,"IOTHUB_CLIENT_CONFIRMATION_OK"
144,10818407751,10818407781,1,"IOTHUB_CLIENT_CONFIRMATION_OK"
145,10818408085,10818408118,1,"IOTHUB_CLIENT_CONFIRMATION_OK"
146,10818408418,10818408490,1,"IOTHUB_CLIENT_CONFIRMATION_OK"
147,10818408751,10818408785,1,"IOTHUB_CLIENT_CONFIRMATION_OK"
148,10818409084,10818409118,1,"IOTHUB_CLIENT_CONFIRMATION_OK"
149,10818409417,10818409450,1,"IOTHUB_CLIENT_CONFIRMATION_OK"
150,10818409750,10818409938,1,"IOTHUB_CLIENT_CONFIRMATION_OK"
151,10818410083,10818410118,1,"IOTHUB_CLIENT_CONFIRMATION_OK"
152,10818410417,10818410452,1,"IOTHUB_CLIENT_CONFIRMATION_OK"
153,10818410750,10818410784,1,"IOTHUB_CLIENT_CONFIRMATION_OK"
154,10818411083,10818411121,1,"IOTHUB_CLIENT_CONFIRMATION_OK"
155,10818411416,10818411448,1,"IOTHUB_CLIENT_CONFIRMATION_OK"
156,10818411749,10818411799,1,"IOTHUB_CLIENT_CONFIRMATION_OK"
157,10818412082,10818412125,1,"IOTHUB_CLIENT_CONFIRMATION_OK"
158,10818412416,10818412446,1,"IOTHUB_CLIENT_CONFIRMATION_OK"
159,10818412749,10818412784,1,"IOTHUB_CLIENT_CONFIRMATION_OK"
160,10818413082,10818413126,1,"IOTHUB_CLIENT_CONFIRMATION_OK"
161,10818413415,10818413447,1,"IOTHUB_CLIENT_CONFIRMATION_OK"
162,10818413748,10818413785,1,"IOTHUB_CLIENT_CONFIRMATION_OK"
163,10818414081,10818414111,1,"IOTHUB_CLIENT_CONFIRMATION_OK"
164,10818414414,10818414448,1,"IOTHUB_CLIENT_CONFIRMATION_OK"
165,10818414748,10818414817,1,"IOTHUB_CLIENT_CONFIRMATION_OK"
166,10818415081,10818415111,1,"IOTHUB_CLIENT_CONFIRMATION_OK"
167,10818415414,10818415452,1,"IOTHUB_CLIENT_CONFIRMATION_OK"
168,10818415747,10818415777,1,"IOTHUB_CLIENT_CONFIRMATION_OK"
169,10818416080,10818416114,1,"IOTHUB_CLIENT_CONFIRMATION_OK"
170,10818416413,10818416444,1,"IOTHUB_CLIENT_CONFIRMATION_OK"
171,10818416747,10818416864,1,"IOTHUB_CLIENT_CONFIRMATION_OK"
172,10818417080,10818417111,1,"IOTHUB_CLIENT_CONFIRMATION_OK"
173,10818417413,10818417475,1,"IOTHUB_CLIENT_CONFIRMATION_OK"
174,10818417746,10818417782,1,"IOTHUB_CLIENT_CONFIRMATION_OK"
175,10818418079,10818418112,1,"IOTHUB_CLIENT_CONFIRMATION_OK"
176,10818418412,10818418441,1,"IOTHUB_CLIENT_CONFIRMATION_OK"
177,10818418745,10818418892,1,"IOTHUB_CLIENT_CONFIRMATION_OK"
178,10818419079,10818419138,1,"IOTHUB_CLIENT_CONFIRMATION_OK"
179,10818419412,10818419457,1,"IOTHUB_CLIENT_CONFIRMATION_OK"
180,10818419745,10818419778,1,"IOTHUB_CLIENT_CONFIRMATION_OK"
181,10818420078,10818420108,1,"IOTHUB_CLIENT_CONFIRMATION_OK"
182,10818420411,10818420442,1,"IOTHUB_CLIENT_CONFIRMATION_OK"
183,10818420744,10818420774,1,"IOTHUB_CLIENT_CONFIRMATION_OK"
184,10818421078,10818421107,1,"IOTHUB_CLIENT_CONFIRMATION_OK"
185,10818421411,10818421445,1,"IOTHUB_CLIENT_CONFIRMATION_OK"
186,10818421744,10818421786,1,"IOTHUB_CLIENT_CONFIRMATION_OK"
187,10818422077,10818422106,1,"IOTHUB_CLIENT_CONFIRMATION_OK"
188,10818422410,10818422441,1,"IOTHUB_CLIENT_CONFIRMATION_OK"
189,10818422743,10818422868,1,"IOTHUB_CLIENT_CONFIRMATION_OK"
190,10818423077,10818423133,1,"IOTHUB_CLIENT_CONFIRMATION_OK"
191,10818423410,10818423451,1,"IOTHUB_CLIENT_CONFIRMATION_OK"
192,10818423743,10818423774,1,"IOTHUB_CLIENT_CONFIRMATION_OK"
193,10818424076,10818424108,1,"IOTHUB_CLIENT_CONFIRMATION_OK"
194,10818424409,10818424477,1,"IOTHUB_CLIENT_CONFIRMATION_OK"
195,10818424742,10818424772,1,"IOTHUB_CLIENT_CONFIRMATION_OK"
196,10818425075,10818425104,1,"IOTHUB_CLIENT_CONFIRMATION_OK"
197,10818425409,10818425446,1,"IOTHUB_CLIENT_CONFIRMATION_OK"
198,10818425742,10818425775,1,"IOTHUB_CLIENT_CONFIRMATION_OK"
199,10818426075,10818426109,1,"IOTHUB_CLIENT_CONFIRMATION_OK"
200,10818426408,10818426512,1,"IOTHUB_CLIENT_CONFIRMATION_OK"
201,10818426741,10818426771,1,"IOTHUB_CLIENT_CONFIRMATION_OK"
202,10818427074,10818427119,1,"IOTHUB_CLIENT_CONFIRMATION_OK"
203,10818427408,10818427450,1,"IOTHUB_CLIENT_CONFIRMATION_OK"
204,10818427741,10818427774,1,"IOTHUB_CLIENT_CONFIRMATION_OK"
205,10818428074,10818428106,1,"IOTHUB_CLIENT_CONFIRMATION_OK"
206,10818428407,10818428438,1,"IOTHUB_CLIENT_CONFIRMATION_OK"
207,10818428740,10818428772,1,"IOTHUB_CLIENT_CONFIRMATION_OK"
208,10818429073,10818429105,1,"IOTHUB_CLIENT_CONFIRMATION_OK"
209,10818429407,10818429441,1,"IOTHUB_CLIENT_CONFIRMATION_OK"
210,10818429740,10818429776,1,"IOTHUB_CLIENT_CONFIRMATION_OK"
211,10818430073,10818430102,1,"IOTHUB_CLIENT_CONFIRMATION_OK"
212,10818430406,10818430437,1,"IOTHUB_CLIENT_CONFIRMATION_OK"
213,10818430739,10818430774,1,"IOTHUB_CLIENT_CONFIRMATION_OK"
214,10818431072,10818431103,1,"IOTHUB_CLIENT_CONFIRMATION_OK"
215,10818431406,10818431434,1,"IOTHUB_CLIENT_CONFIRMATION_OK"
216,10818431739,10818431787,1,"IOTHUB_CLIENT_CONFIRMATION_OK"
217,10818432072,10818432105,1,"IOTHUB_CLIENT_CONFIRMATION_OK"
218,10818432405,10818432469,1,"IOTHUB_CLIENT_CONFIRMATION_OK"
219,10818432738,10818432808,1,"IOTHUB_CLIENT_CONFIRMATION_OK"
220,10818433071,10818433109,1,"IOTHUB_CLIENT_CONFIRMATION_OK"
221,10818433405,10818433433,1,"IOTHUB_CLIENT_CONFIRMATION_OK"
222,10818433738,10818433773,1,"IOTHUB_CLIENT_CONFIRMATION_OK"
223,10818434071,10818434104,1,"IOTHUB_CLIENT_CONFIRMATION_OK"
224,10818434404,10818434436,1,"IOTHUB_CLIENT_CONFIRMATION_OK"
225,10818434737,10818434874,1,"IOTHUB_CLIENT_CONFIRMATION_OK"
226,10818435070,10818435106,1,"IOTHUB_CLIENT_CONFIRMATION_OK"
227,10818435404,10818435475,1,"IOTHUB_CLIENT_CONFIRMATION_OK"
228,10818435737,10818435794,1,"IOTHUB_CLIENT_CONFIRMATION_OK"
229,10818436070,10818436101,1,"IOTHUB_CLIENT_CONFIRMATION_OK"
230,10818436403,10818436437,1,"IOTHUB_CLIENT_CONFIRMATION_OK"
231,10818436736,10818436766,1,"IOTHUB_CLIENT_CONFIRMATION_OK"
232,10818437069,10818437102,1,"IOTHUB_CLIENT_CONFIRMATION_OK"
233,10818437403,10818437438,1,"IOTHUB_CLIENT_CONFIRMATION_OK"
234,10818437736,10818437768,1,"IOTHUB_CLIENT_CONFIRMATION_OK"
235,10818438069,10818438103,1,"IOTHUB_CLIENT_CONFIRMATION_OK"
236,10818438402,10818438432,1,"IOTHUB_CLIENT_CONFIRMATION_OK"
237,10818438735,10818438771,1,"IOTHUB_CLIENT_CONFIRMATION_OK"
238,10818439068,10818439100,1,"IOTHUB_CLIENT_CONFIRMATION_OK"
239,10818439401,10818439433,1,"IOTHUB_CLIENT_CONFIRMATION_OK"
240,10818439735,10818439767,1,"IOTHUB_CLIENT_CONFIRMATION_OK"
241,10818440068,10818440103,1,"IOTHUB_CLIENT_CONFIRMATION_OK"
242,10818440401,10818440433,1,"IOTHUB_CLIENT_CONFIRMATION_OK"
243,10818440734,10818440763,1,"IOTHUB_CLIENT_CONFIRMATION_OK"
244,10818441067,10818441100,1,"IOTHUB_CLIENT_CONFIRMATION_OK"
245,10818441401,10818441434,1,"IOTHUB_CLIENT_CONFIRMATION_OK"
246,10818441734,10818441813,1,"IOTHUB_CLIENT_CONFIRMATION_OK"
247,10818442067,10818442100,1,"IOTHUB_CLIENT_CONFIRMATION_OK"
248,10818442400,10818442443,1,"IOTHUB_CLIENT_CONFIRMATION_OK"
249,10818442733,10818442766,1,"IOTHUB_CLIENT_CONFIRMATION_OK"
250,10818443066,10818443100,1,"IOTHUB_CLIENT_CONFIRMATION_OK"
251,10818443400,10818443429,1,"IOTHUB_CLIENT_CONFIRMATION_OK"
252,10818443733,10818443831,1,"IOTHUB_CLIENT_CONFIRMATION_OK"
253,10818444066,10818444101,1,"IOTHUB_CLIENT_CONFIRMATION_OK"
254,10818444399,10818444437,1,"IOTHUB_CLIENT_CONFIRMATION_OK"
255,10818444732,10818444761,1,"IOTHUB_CLIENT_CONFIRMATION_OK"
256,10818445065,10818445098,1,"IOTHUB_CLIENT_CONFIRMATION_OK"
257,10818445399,10818445431,1,"IOTHUB_CLIENT_CONFIRMATION_OK"
258,10818445732,10818445762,1,"IOTHUB_CLIENT_CONFIRMATION_OK"
259,10818446065,10818446095,1,"IOTHUB_CLIENT_CONFIRMATION_OK"
260,10818446398,10818446433,1,"IOTHUB_CLIENT_CONFIRMATION_OK"
261,10818446732,10818446764,1,"IOTHUB_CLIENT_CONFIRMATION_OK"
262,10818447065,10818447105,1,"IOTHUB_CLIENT_CONFIRMATION_OK"
263,10818447398,10818447444,1,"IOTHUB_CLIENT_CONFIRMATION_OK"
264,10818447731,10818447762,1,"IOTHUB_CLIENT_CONFIRMATION_OK"
265,10818448064,10818448094,1,"IOTHUB_CLIENT_CONFIRMATION_OK"
266,10818448398,10818448427,1,"IOTHUB_CLIENT_CONFIRMATION_OK"
267,10818448731,10818448765,1,"IOTHUB_CLIENT_CONFIRMATION_OK"
268,10818449064,10818449100,1,"IOTHUB_CLIENT_CONFIRMATION_OK"
269,10818449397,10818449443,1,"IOTHUB_CLIENT_CONFIRMATION_OK"
270,10818449730,10818449763,1,"IOTHUB_CLIENT_CONFIRMATION_OK"
271,10818450063,10818450096,1,"IOTHUB_CLIENT_CONFIRMATION_OK"
272,10818450397,10818450844,1,"IOTHUB_CLIENT_CONFIRMATION_OK"
273,10818450730,10818450856,1,"IOTHUB_CLIENT_CONFIRMATION_OK"
274,10818451063,10818451099,1,"IOTHUB_CLIENT_CONFIRMATION_OK"
275,10818451396,10818451776,1,"IOTHUB_CLIENT_CONFIRMATION_OK"
276,10818451729,10818451797,1,"IOTHUB_CLIENT_CONFIRMATION_OK"
277,10818452062,10818452157,1,"IOTHUB_CLIENT_CONFIRMATION_OK"
278,10818452395,10818452432,1,"IOTHUB_CLIENT_CONFIRMATION_OK"
279,10818452729,10818452768,1,"IOTHUB_CLIENT_CONFIRMATION_OK"
280,10818453062,10818453095,1,"IOTHUB_CLIENT_CONFIRMATION_OK"
281,10818453395,10818453578,1,"IOTHUB_CLIENT_CONFIRMATION_OK"
282,10818453728,10818453758,1,"IOTHUB_CLIENT_CONFIRMATION_OK"
283,10818454061,10818454098,1,"IOTHUB_CLIENT_CONFIRMATION_OK"
284,10818454395,10818454426,1,"IOTHUB_CLIENT_CONFIRMATION_OK"
285,10818454728,10818454758,1,"IOTHUB_CLIENT_CONFIRMATION_OK"
286,10818455061,10818455094,1,"IOTHUB_CLIENT_CONFIRMATION_OK"
287,10818455394,10818455438,1,"IOTHUB_CLIENT_CONFIRMATION_OK"
288,10818455727,10818455760,1,"IOTHUB_CLIENT_CONFIRMATION_OK"
289,10818456060,10818456094,1,"IOTHUB_CLIENT_CONFIRMATION_OK"
290,10818456393,10818456423,1,"IOTHUB_CLIENT_CONFIRMATION_OK"
291,10818456727,10818456757,1,"IOTHUB_CLIENT_CONFIRMATION_OK"
292,10818457060,10818457090,1,"IOTHUB_CLIENT_CONFIRMATION_OK"
293,10818457393,10818457423,1,"IOTHUB_CLIENT_CONFIRMATION_OK"
294,10818457726,10818457759,1,"IOTHUB_CLIENT_CONFIRMATION_OK"
295,10818458059,10818458089,1,"IOTHUB_CLIENT_CONFIRMATION_OK"
296,10818458392,10818458451,1,"IOTHUB_CLIENT_CONFIRMATION_OK"
297,10818458726,10818458756,1,"IOTHUB_CLIENT_CONFIRMATION_OK"
298,10818459059,10818459091,1,"IOTHUB_CLIENT_CONFIRMATION_OK"
299,10818459392,10818459426,1,"IOTHUB_CLIENT_CONFIRMATION_OK"
300,10818459725,10818459761,1,"IOTHUB_CLIENT_CONFIRMATION_OK"
301,10818460058,10818460087,1,"IOTHUB_CLIENT_CONFIRMATION_OK"
302,10818460391,10818460478,1,"IOTHUB_CLIENT_CONFIRMATION_OK"
303,10818460725,10818460755,1,"IOTHUB_CLIENT_CONFIRMATION_OK"
304,10818461058,10818461111,1,"IOTHUB_CLIENT_CONFIRMATION_OK"
305,10818461391,10818461423,1,"IOTHUB_CLIENT_CONFIRMATION_OK"
306,10818461724,10818461754,1,"IOTHUB_CLIENT_CONFIRMATION_OK"
307,10818462057,10818462097,1,"IOTHUB_CLIENT_CONFIRMATION_OK"
308,10818462390,10818462523,1,"IOTHUB_CLIENT_CONFIRMATION_OK"
309,10818462724,10818462757,1,"IOTHUB_CLIENT_CONFIRMATION_OK"
310,10818463057,10818463089,1,"IOTHUB_CLIENT_CONFIRMATION_OK"
311,10818463390,10818463422,1,"IOTHUB_CLIENT_CONFIRMATION_OK"
312,10818463723,10818463762,1,"IOTHUB_CLIENT_CONFIRMATION_OK"
313,10818464056,10818464090,1,"IOTHUB_CLIENT_CONFIRMATION_OK"
314,10818464389,10818464567,1,"IOTHUB_CLIENT_CONFIRMATION_OK"
315,10818464723,10818464767,1,"IOTHUB_CLIENT_CONFIRMATION_OK"
316,10818465056,10818465090,1,"IOTHUB_CLIENT_CONFIRMATION_OK"
317,10818465389,10818465421,1,"IOTHUB_CLIENT_CONFIRMATION_OK"
318,10818465722,10818465756,1,"IOTHUB_CLIENT_CONFIRMATION_OK"
319,10818466055,10818466085,1,"IOTHUB_CLIENT_CONFIRMATION_OK"
320,10818466388,10818466422,1,"IOTHUB_CLIENT_CONFIRMATION_OK"
321,10818466721,10818466792,1,"IOTHUB_CLIENT_CONFIRMATION_OK"
322,10818467055,10818467085,1,"IOTHUB_CLIENT_CONFIRMATION_OK"
323,10818467388,10818467415,1,"IOTHUB_CLIENT_CONFIRMATION_OK"
324,10818467721,10818467753,1,"IOTHUB_CLIENT_CONFIRMATION_OK"
325,10818468054,10818468088,1,"IOTHUB_CLIENT_CONFIRMATION_OK"
326,10818468387,10818468422,1,"IOTHUB_CLIENT_CONFIRMATION_OK"
327,10818468720,10818468784,1,"IOTHUB_CLIENT_CONFIRMATION_OK"
328,10818469054,10818469086,1,"IOTHUB_CLIENT_CONFIRMATION_OK"
329,10818469387,10818469444,1,"IOTHUB_CLIENT_CONFIRMATION_OK"
330,10818469720,10818469768,1,"IOTHUB_CLIENT_CONFIRMATION_OK"
331,10818470053,10818470083,1,"IOTHUB_CLIENT_CONFIRMATION_OK"
332,10818470386,10818470417,1,"IOTHUB_CLIENT_CONFIRMATION_OK"
333,10818470719,10818470860,1,"IOTHUB_CLIENT_CONFIRMATION_OK"
334,10818471053,10818471085,1,"IOTHUB_CLIENT_CONFIRMATION_OK"
335,10818471386,10818471439,1,"IOTHUB_CLIENT_CONFIRMATION_OK"
336,10818471719,10818471750,1,"IOTHUB_CLIENT_CONFIRMATION_OK"
337,10818472052,10818472085,1,"IOTHUB_CLIENT_CONFIRMATION_OK"
338,10818472385,10818472415,1,"IOTHUB_CLIENT_CONFIRMATION_OK"
339,10818472718,10818472751,1,"IOTHUB_CLIENT_CONFIRMATION_OK"
340,10818473052,10818473082,1,"IOTHUB_CLIENT_CONFIRMATION_OK"
341,10818473385,10818473414,1,"IOTHUB_CLIENT_CONFIRMATION_OK"
342,10818473718,10818473747,1,"IOTHUB_CLIENT_CONFIRMATION_OK"
343,10818474051,10818474092,1,"IOTHUB_CLIENT_CONFIRMATION_OK"
344,10818474384,10818474416,1,"IOTHUB_CLIENT_CONFIRMATION_OK"
345,10818474717,10818474757,1,"IOTHUB_CLIENT_CONFIRMATION_OK"
346,10818475050,10818475079,1,"IOTHUB_CLIENT_CONFIRMATION_OK"
347,10818475384,10818475414,1,"IOTHUB_CLIENT_CONFIRMATION_OK"
348,10818475717,10818475759,1,"IOTHUB_CLIENT_CONFIRMATION_OK"
349,10818476050,10818476084,1,"IOTHUB_CLIENT_CONFIRMATION_OK"
350,10818476383,10818476427,1,"IOTHUB_CLIENT_CONFIRMATION_OK"
351,10818476716,10818476771,1,"IOTHUB_CLIENT_CONFIRMATION_OK"
352,10818477049,10818477089,1,"IOTHUB_CLIENT_CONFIRMATION_OK"
353,10818477383,10818477413,1,"IOTHUB_CLIENT_CONFIRMATION_OK"
354,10818477716,10818477788,1,"IOTHUB_CLIENT_CONFIRMATION_OK"
355,10818478049,10818478082,1,"IOTHUB_CLIENT_CONFIRMATION_OK"
356,10818478382,10818478464,1,"IOTHUB_CLIENT_CONFIRMATION_OK"
357,10818478715,10818478749,1,"IOTHUB_CLIENT_CONFIRMATION_OK"
358,10818479048,10818479085,1,"IOTHUB_CLIENT_CONFIRMATION_OK"
359,10818479381,10818479419,1,"IOTHUB_CLIENT_CONFIRMATION_OK"
360,10818479715,10818479887,1,"IOTHUB_CLIENT_CONFIRMATION_OK"
361,10818480048,10818480075,1,"IOTHUB_CLIENT_CONFIRMATION_OK"
362,10818480381,10818480410,1,"IOTHUB_CLIENT_CONFIRMATION_OK"
363,10818480714,10818480759,1,"IOTHUB_CLIENT_CONFIRMATION_OK"
364,10818481047,10818481081,1,"IOTHUB_CLIENT_CONFIRMATION_OK"
365,10818481380,10818481412,1,"IOTHUB_CLIENT_CONFIRMATION_OK"
366,10818481714,10818481743,1,"IOTHUB_CLIENT_CONFIRMATION_OK"
367,10818482047,10818482086,1,"IOTHUB_CLIENT_CONFIRMATION_OK"
368,10818482380,10818482422,1,"IOTHUB_CLIENT_CONFIRMATION_OK"
369,10818482713,10818482760,1,"IOTHUB_CLIENT_CONFIRMATION_OK"
370,10818483046,10818483084,1,"IOTHUB_CLIENT_CONFIRMATION_OK"
371,10818483379,10818483408,1,"IOTHUB_CLIENT_CONFIRMATION_OK"
372,10818483713,10818483743,1,"IOTHUB_CLIENT_CONFIRMATION_OK"
373,10818484046,10818484077,1,"IOTHUB_CLIENT_CONFIRMATION_OK"
374,10818484379,10818484412,1,"IOTHUB_CLIENT_CONFIRMATION_OK"
375,10818484712,10818484762,1,"IOTHUB_CLIENT_CONFIRMATION_OK"
376,10818485045,10818485079,1,"IOTHUB_CLIENT_CONFIRMATION_OK"
377,10818485378,10818485413,1,"IOTHUB_CLIENT_CONFIRMATION_OK"
378,10818485711,10818485745,1,"IOTHUB_CLIENT_CONFIRMATION_OK"
379,10818486045,10818486112,1,"IOTHUB_CLIENT_CONFIRMATION_OK"
380,10818486378,10818486408,1,"IOTHUB_CLIENT_CONFIRMATION_OK"
381,10818486711,10818486790,1,"IOTHUB_CLIENT_CONFIRMATION_OK"
382,10818487044,10818487076,1,"IOTHUB_CLIENT_CONFIRMATION_OK"
383,10818487377,10818487413,1,"IOTHUB_CLIENT_CONFIRMATION_OK"
384,10818487710,10818487742,1,"IOTHUB_CLIENT_CONFIRMATION_OK"
385,10818488044,10818488077,1,"IOTHUB_CLIENT_CONFIRMATION_OK"
386,10818488377,10818488405,1,"IOTHUB_CLIENT_CONFIRMATION_OK"
387,10818488710,10818488815,1,"IOTHUB_CLIENT_CONFIRMATION_OK"
388,10818489043,10818489074,1,"IOTHUB_CLIENT_CONFIRMATION_OK"
389,10818489376,10818489408,1,"IOTHUB_CLIENT_CONFIRMATION_OK"
390,10818489709,10818489739,1,"IOTHUB_CLIENT_CONFIRMATION_OK"
391,10818490043,10818490074,1,"IOTHUB_CLIENT_CONFIRMATION_OK"
392,10818490376,10818490407,1,"IOTHUB_CLIENT_CONFIRMATION_OK"
393,10818490709,10818490741,1,"IOTHUB_CLIENT_CONFIRMATION_OK"
394,10818491042,10818491076,1,"IOTHUB_CLIENT_CONFIRMATION_OK"
395,10818491375,10818491405,1,"IOTHUB_CLIENT_CONFIRMATION_OK"
396,10818491708,10818491737,1,"IOTHUB_CLIENT_CONFIRMATION_OK"
397,10818492042,10818492073,1,"IOTHUB_CLIENT_CONFIRMATION_OK"
398,10818492375,10818492407,1,"IOTHUB_CLIENT_CONFIRMATION_OK"
399,10818492708,10818492785,1,"IOTHUB_CLIENT_CONFIRMATION_OK"
400,10818493041,10818493073,1,"IOTHUB_CLIENT_CONFIRMATION_OK"
401,10818493374,10818493409,1,"IOTHUB_CLIENT_CONFIRMATION_OK"
402,10818493707,10818493761,1,"IOTHUB_CLIENT_CONFIRMATION_OK"
403,10818494041,10818494071,1,"IOTHUB_CLIENT_CONFIRMATION_OK"
404,10818494374,10818494406,1,"IOTHUB_CLIENT_CONFIRMATION_OK"
405,10818494707,10818494735,1,"IOTHUB_CLIENT_CONFIRMATION_OK"
406,10818495040,10818495077,1,"IOTHUB_CLIENT_CONFIRMATION_OK"
407,10818495373,10818495405,1,"IOTHUB_CLIENT_CONFIRMATION_OK"
408,10818495706,10818495786,1,"IOTHUB_CLIENT_CONFIRMATION_OK"
409,10818496040,10818496069,1,"IOTHUB_CLIENT_CONFIRMATION_OK"
410,10818496373,10818496412,1,"IOTHUB_CLIENT_CONFIRMATION_OK"
411,10818496706,10818496736,1,"IOTHUB_CLIENT_CONFIRMATION_OK"
412,10818497039,10818497074,1,"IOTHUB_CLIENT_CONFIRMATION_OK"
413,10818497372,10818497407,1,"IOTHUB_CLIENT_CONFIRMATION_OK"
414,10818497705,10818497822,1,"IOTHUB_CLIENT_CONFIRMATION_OK"
415,10818498038,10818498073,1,"IOTHUB_CLIENT_CONFIRMATION_OK"
416,10818498372,10818498405,1,"IOTHUB_CLIENT_CONFIRMATION_OK"
417,10818498705,10818498734,1,"IOTHUB_CLIENT_CONFIRMATION_OK"
418,10818499038,10818499113,1,"IOTHUB_CLIENT_CONFIRMATION_OK"
419,10818499371,10818499403,1,"IOTHUB_CLIENT_CONFIRMATION_OK"
420,10818499704,10818499738,1,"IOTHUB_CLIENT_CONFIRMATION_OK"
421,10818500037,10818500072,1,"IOTHUB_CLIENT_CONFIRMATION_OK"
422,10818500371,10818500403,1,"IOTHUB_CLIENT_CONFIRMATION_OK"
423,10818500704,10818500901,1,"IOTHUB_CLIENT_CONFIRMATION_OK"
424,10818501037,10818501095,1,"IOTHUB_CLIENT_CONFIRMATION_OK"
425,10818501370,10818501402,1,"IOTHUB_CLIENT_CONFIRMATION_OK"
426,10818501703,10818501735,1,"IOTHUB_CLIENT_CONFIRMATION_OK"
427,10818502036,10818502070,1,"IOTHUB_CLIENT_CONFIRMATION_OK"
428,10818502370,10818502415,1,"IOTHUB_CLIENT_CONFIRMATION_OK"
429,10818502703,10818502740,1,"IOTHUB_CLIENT_CONFIRMATION_OK"
430,10818503036,10818503067,1,"IOTHUB_CLIENT_CONFIRMATION_OK"
431,10818503369,10818503400,1,"IOTHUB_CLIENT_CONFIRMATION_OK"
432,10818503702,10818503734,1,"IOTHUB_CLIENT_CONFIRMATION_OK"
433,10818504035,10818504070,1,"IOTHUB_CLIENT_CONFIRMATION_OK"
434,10818504369,10818504416,1,"IOTHUB_CLIENT_CONFIRMATION_OK"
435,10818504702,10818504746,1,"IOTHUB_CLIENT_CONFIRMATION_OK"
436,10818505035,10818505066,1,"IOTHUB_CLIENT_CONFIRMATION_OK"
437,10818505368,10818505416,1,"IOTHUB_CLIENT_CONFIRMATION_OK"
438,10818505701,10818505738,1,"IOTHUB_CLIENT_CONFIRMATION_OK"
439,10818506034,10818506175,1,"IOTHUB_CLIENT_CONFIRMATION_OK"
440,10818506368,10818506400,1,"IOTHUB_CLIENT_CONFIRMATION_OK"
441,10818506701,10818506784,1,"IOTHUB_CLIENT_CONFIRMATION_OK"
442,10818507034,10818507066,1,"IOTHUB_CLIENT_CONFIRMATION_OK"
443,10818507367,10818507403,1,"IOTHUB_CLIENT_CONFIRMATION_OK"
444,10818507700,10818507730,1,"IOTHUB_CLIENT_CONFIRMATION_OK"
445,10818508033,10818508067,1,"IOTHUB_CLIENT_CONFIRMATION_OK"
446,10818508367,10818508401,1,"IOTHUB_CLIENT_CONFIRMATION_OK"
447,10818508700,10818508728,1,"IOTHUB_CLIENT_CONFIRMATION_OK"
448,10818509033,10818509148,1,"IOTHUB_CLIENT_CONFIRMATION_OK"
449,10818509366,10818509405,1,"IOTHUB_CLIENT_CONFIRMATION_OK"
450,10818509699,10818509739,1,"IOTHUB_CLIENT_CONFIRMATION_OK"
451,10818510032,10818510066,1,"IOTHUB_CLIENT_CONFIRMATION_OK"
452,10818510366,10818510395,1,"IOTHUB_CLIENT_CONFIRMATION_OK"
453,10818510699,10818510744,1,"IOTHUB_CLIENT_CONFIRMATION_OK"
454,10818511032,10818511062,1,"IOTHUB_CLIENT_CONFIRMATION_OK"
455,10818511365,10818511403,1,"IOTHUB_CLIENT_CONFIRMATION_OK"
456,10818511698,10818511729,1,"IOTHUB_CLIENT_CONFIRMATION_OK"
457,10818512031,10818512062,1,"IOTHUB_CLIENT_CONFIRMATION_OK"
458,10818512365,10818512394,1,"IOTHUB_CLIENT_CONFIRMATION_OK"
459,10818512698,10818512743,1,"IOTHUB_CLIENT_CONFIRMATION_OK"
460,10818513031,10818513075,1,"IOTHUB_CLIENT_CONFIRMATION_OK"
461,10818513364,10818513397,1,"IOTHUB_CLIENT_CONFIRMATION_OK"
462,10818513697,10818513727,1,"IOTHUB_CLIENT_CONFIRMATION_OK"
463,10818514030,10818514064,1,"IOTHUB_CLIENT_CONFIRMATION_OK"
464,10818514364,10818514519,1,"IOTHUB_CLIENT_CONFIRMATION_OK"
465,10818514697,10818514747,1,"IOTHUB_CLIENT_CONFIRMATION_OK"
466,10818515030,10818515129,1,"IOTHUB_CLIENT_CONFIRMATION_OK"
467,10818515363,10818515398,1,"IOTHUB_CLIENT_CONFIRMATION_OK"
468,10818515696,10818515726,1,"IOTHUB_CLIENT_CONFIRMATION_OK"
469,10818516029,10818516061,1,"IOTHUB_CLIENT_CONFIRMATION_OK"
470,10818516363,10818516409,1,"IOTHUB_CLIENT_CONFIRMATION_OK"
471,10818516696,10818516733,1,"IOTHUB_CLIENT_CONFIRMATION_OK"
472,10818517029,10818517061,1,"IOTHUB_CLIENT_CONFIRMATION_OK"
473,10818517362,10818517392,1,"IOTHUB_CLIENT_CONFIRMATION_OK"
474,10818517695,10818517728,1,"IOTHUB_CLIENT_CONFIRMATION_OK"
475,10818518028,10818518059,1,"IOTHUB_CLIENT_CONFIRMATION_OK"
476,10818518362,10818518398,1,"IOTHUB_CLIENT_CONFIRMATION_OK"
477,10818518695,10818518729,1,"IOTHUB_CLIENT_CONFIRMATION_OK"
478,10818519028,10818519062,1,"IOTHUB_CLIENT_CONFIRMATION_OK"
479,10818519361,10818519399,1,"IOTHUB_CLIENT_CONFIRMATION_OK"
480,10818519694,10818519723,1,"IOTHUB_CLIENT_CONFIRMATION_OK"
481,10818520027,10818520060,1,"IOTHUB_CLIENT_CONFIRMATION_OK"
482,10818520361,10818520403,1,"IOTHUB_CLIENT_CONFIRMATION_OK"
483,10818520694,10818520723,1,"IOTHUB_CLIENT_CONFIRMATION_OK"
484,10818521027,10818521057,1,"IOTHUB_CLIENT_CONFIRMATION_OK"
485,10818521360,10818521421,1,"IOTHUB_CLIENT_CONFIRMATION_OK"
486,10818521693,10818521722,1,"IOTHUB_CLIENT_CONFIRMATION_OK"
487,10818522026,10818522056,1,"IOTHUB_CLIENT_CONFIRMATION_OK"
488,10818522359,10818522399,1,"IOTHUB_CLIENT_CONFIRMATION_OK"
489,10818522693,10818522724,1,"IOTHUB_CLIENT_CONFIRMATION_OK"
490,10818523026,10818523092,1,"IOTHUB_CLIENT_CONFIRMATION_OK"
491,10818523359,10818523463,1,"IOTHUB_CLIENT_CONFIRMATION_OK"
492,10818523692,10818523738,1,"IOTHUB_CLIENT_CONFIRMATION_OK"
493,10818524025,10818524063,1,"IOTHUB_CLIENT_CONFIRMATION_OK"
494,10818524358,10818524397,1,"IOTHUB_CLIENT_CONFIRMATION_OK"
495,10818524692,10818524730,1,"IOTHUB_CLIENT_CONFIRMATION_OK"
496,10818525025,10818525056,1,"IOTHUB_CLIENT_CONFIRMATION_OK"
497,10818525358,10818525399,1,"IOTHUB_CLIENT_CONFIRMATION_OK"
498,10818525691,10818525731,1,"IOTHUB_CLIENT_CONFIRMATION_OK"
499,10818526024,10818526078,1,"IOTHUB_CLIENT_CONFIRMATION_OK"
500,10818526357,10818526387,1,"IOTHUB_CLIENT_CONFIRMATION_OK"
501,10818526690,10818526723,1,"IOTHUB_CLIENT_CONFIRMATION_OK"
502,10818527024,10818527053,1,"IOTHUB_CLIENT_CONFIRMATION_OK"
503,10818527357,10818527394,1,"IOTHUB_CLIENT_CONFIRMATION_OK"
504,10818527690,10818527722,1,"IOTHUB_CLIENT_CONFIRMATION_OK"
505,10818528023,10818528054,1,"IOTHUB_CLIENT_CONFIRMATION_OK"
506,10818528356,10818528391,1,"IOTHUB_CLIENT_CONFIRMATION_OK"
507,10818528689,10818528718,1,"IOTHUB_CLIENT_CONFIRMATION_OK"
508,10818529023,10818529051,1,"IOTHUB_CLIENT_CONFIRMATION_OK"
509,10818529356,10818529395,1,"IOTHUB_CLIENT_CONFIRMATION_OK"
510,10818529689,10818529787,1,"IOTHUB_CLIENT_CONFIRMATION_OK"
511,10818530022,10818530055,1,"IOTHUB_CLIENT_CONFIRMATION_OK"
512,10818530355,10818530390,1,"IOTHUB_CLIENT_CONFIRMATION_OK"
513,10818530688,10818530718,1,"IOTHUB_CLIENT_CONFIRMATION_OK"
514,10818531022,10818531051,1,"IOTHUB_CLIENT_CONFIRMATION_OK"
515,10818531355,10818531389,1,"IOTHUB_CLIENT_CONFIRMATION_OK"
516,10818531688,10818531794,1,"IOTHUB_CLIENT_CONFIRMATION_OK"
517,10818532021,10818532059,1,"IOTHUB_CLIENT_CONFIRMATION_OK"
518,10818532354,10818532407,1,"IOTHUB_CLIENT_CONFIRMATION_OK"
519,10818532687,10818532719,1,"IOTHUB_CLIENT_CONFIRMATION_OK"
520,10818533021,10818533055,1,"IOTHUB_CLIENT_CONFIRMATION_OK"
521,10818533354,10818533388,1,"IOTHUB_CLIENT_CONFIRMATION_OK"
522,10818533687,10818533825,1,"IOTHUB_CLIENT_CONFIRMATION_OK"
523,10818534020,10818534063,1,"IOTHUB_CLIENT_CONFIRMATION_OK"
524,10818534353,10818534389,1,"IOTHUB_CLIENT_CONFIRMATION_OK"
525,10818534686,10818534782,1,"IOTHUB_CLIENT_CONFIRMATION_OK"
526,10818535020,10818535051,1,"IOTHUB_CLIENT_CONFIRMATION_OK"
527,10818535353,10818535387,1,"IOTHUB_CLIENT_CONFIRMATION_OK"
528,10818535686,10818535719,1,"IOTHUB_CLIENT_CONFIRMATION_OK"
529,10818536019,10818536052,1,"IOTHUB_CLIENT_CONFIRMATION_OK"
530,10818536352,10818536387,1,"IOTHUB_CLIENT_CONFIRMATION_OK"
531,10818536685,10818536716,1,"IOTHUB_CLIENT_CONFIRMATION_OK"
532,10818537018,10818537053,1,"IOTHUB_CLIENT_CONFIRMATION_OK"
533,10818537352,10818537382,1,"IOTHUB_CLIENT_CONFIRMATION_OK"
534,10818537685,10818537749,1,"IOTHUB_CLIENT_CONFIRMATION_OK"
535,10818538018,10818538051,1,"IOTHUB_CLIENT_CONFIRMATION_OK"
536,10818538351,10818538385,1,"IOTHUB_CLIENT_CONFIRMATION_OK"
537,10818538684,10818538719,1,"IOTHUB_CLIENT_CONFIRMATION_OK"
538,10818539017,10818539047,1,"IOTHUB_CLIENT_CONFIRMATION_OK"
539,10818539351,10818539383,1,"IOTHUB_CLIENT_CONFIRMATION_OK"
540,10818539684,10818539717,1,"IOTHUB_CLIENT_CONFIRMATION_OK"
541,10818540017,10818540047,1,"IOTHUB_CLIENT_CONFIRMATION_OK"
542,10818540350,10818540382,1,"IOTHUB_CLIENT_CONFIRMATION_OK"
543,10818540683,10818540742,1,"IOTHUB_CLIENT_CONFIRMATION_OK"
544,10818541017,10818541051,1,"IOTHUB_CLIENT_CONFIRMATION_OK"
545,10818541350,10818541382,1,"IOTHUB_CLIENT_CONFIRMATION_OK"
546,10818541683,10818541718,1,"IOTHUB_CLIENT_CONFIRMATION_OK"
547,10818542016,10818542154,1,"IOTHUB_CLIENT_CONFIRMATION_OK"
548,10818542349,10818542377,1,"IOTHUB_CLIENT_CONFIRMATION_OK"
549,10818542682,10818542712,1,"IOTHUB_CLIENT_CONFIRMATION_OK"
550,10818543015,10818543046,1,"IOTHUB_CLIENT_CONFIRMATION_OK"
551,10818543349,10818543381,1,"IOTHUB_CLIENT_CONFIRMATION_OK"
552,10818543682,10818543741,1,"IOTHUB_CLIENT_CONFIRMATION_OK"
553,10818544015,10818544050,1,"IOTHUB_CLIENT_CONFIRMATION_OK"
554,10818544348,10818544381,1,"IOTHUB_CLIENT_CONFIRMATION_OK"
555,10818544681,10818544710,1,"IOTHUB_CLIENT_CONFIRMATION_OK"
556,10818545014,10818545052,1,"IOTHUB_CLIENT_CONFIRMATION_OK"
557,10818545348,10818545383,1,"IOTHUB_CLIENT_CONFIRMATION_OK"
558,10818545681,10818545718,1,"IOTHUB_CLIENT_CONFIRMATION_OK"
559,10818546014,10818546050,1,"IOTHUB_CLIENT_CONFIRMATION_OK"
560,10818546347,10818546392,1,"IOTHUB_CLIENT_CONFIRMATION_OK"
561,10818546680,10818546712,1,"IOTHUB_CLIENT_CONFIRMATION_OK"
562,10818547013,10818547043,1,"IOTHUB_CLIENT_CONFIRMATION_OK"
563,10818547347,10818547402,1,"IOTHUB_CLIENT_CONFIRMATION_OK"
564,10818547680,10818547711,1,"IOTHUB_CLIENT_CONFIRMATION_OK"
565,10818548013,10818548044,1,"IOTHUB_CLIENT_CONFIRMATION_OK"
566,10818548346,10818548377,1,"IOTHUB_CLIENT_CONFIRMATION_OK"
567,10818548679,10818548709,1,"IOTHUB_CLIENT_CONFIRMATION_OK"
568,10818549012,10818549069,1,"IOTHUB_CLIENT_CONFIRMATION_OK"
569,10818549346,10818549378,1,"IOTHUB_CLIENT_CONFIRMATION_OK"
570,10818549679,10818549713,1,"IOTHUB_CLIENT_CONFIRMATION_OK"
571,10818550012,10818550042,1,"IOTHUB_CLIENT_CONFIRMATION_OK"
572,10818550345,10818550497,1,"IOTHUB_CLIENT_CONFIRMATION_OK"
573,10818550678,10818550739,1,"IOTHUB_CLIENT_CONFIRMATION_OK"
574,10818551011,10818551102,1,"IOTHUB_CLIENT_CONFIRMATION_OK"
575,10818551345,10818551375,1,"IOTHUB_CLIENT_CONFIRMATION_OK"
576,10818551678,10818551707,1,"IOTHUB_CLIENT_CONFIRMATION_OK"
577,10818552011,10818552046,1,"IOTHUB_CLIENT_CONFIRMATION_OK"
578,10818552344,10818552377,1,"IOTHUB_CLIENT_CONFIRMATION_OK"
579,10818552677,10818552709,1,"IOTHUB_CLIENT_CONFIRMATION_OK"
580,10818553010,10818553044,1,"IOTHUB_CLIENT_CONFIRMATION_OK"
581,10818553343,10818553387,1,"IOTHUB_CLIENT_CONFIRMATION_OK"
582,10818553677,10818553708,1,"IOTHUB_CLIENT_CONFIRMATION_OK"
583,10818554010,10818554040,1,"IOTHUB_CLIENT_CONFIRMATION_OK"
584,10818554343,10818554372,1,"IOTHUB_CLIENT_CONFIRMATION_OK"
585,10818554676,10818554711,1,"IOTHUB_CLIENT_CONFIRMATION_OK"
586,10818555009,10818555039,1,"IOTHUB_CLIENT_CONFIRMATION_OK"
587,10818555342,10818555408,1,"IOTHUB_CLIENT_CONFIRMATION_OK"
588,10818555676,10818555728,1,"IOTHUB_CLIENT_CONFIRMATION_OK"
589,10818556009,10818556043,1,"IOTHUB_CLIENT_CONFIRMATION_OK"
590,10818556342,10818556380,1,"IOTHUB_CLIENT_CONFIRMATION_OK"
591,10818556675,10818556708,1,"IOTHUB_CLIENT_CONFIRMATION_OK"
592,10818557008,10818557074,1,"IOTHUB_CLIENT_CONFIRMATION_OK"
593,10818557341,10818557407,1,"IOTHUB_CLIENT_CONFIRMATION_OK"
594,10818557675,10818557706,1,"IOTHUB_CLIENT_CONFIRMATION_OK"
595,10818558008,10818558046,1,"IOTHUB_CLIENT_CONFIRMATION_OK"
596,10818558341,10818558376,1,"IOTHUB_CLIENT_CONFIRMATION_OK"
597,10818558674,10818558717,1,"IOTHUB_CLIENT_CONFIRMATION_OK"
598,10818559007,10818559041,1,"IOTHUB_CLIENT_CONFIRMATION_OK"
599,10818559340,10818559443,1,"IOTHUB_CLIENT_CONFIRMATION_OK"
600,10818559674,10818559705,1,"IOTHUB_CLIENT_CONFIRMATION_OK"
601,10818560007,10818560055,1,"IOTHUB_CLIENT_CONFIRMATION_OK"
602,10818560340,10818560372,1,"IOTHUB_CLIENT_CONFIRMATION_OK"
603,10818560673,10818560720,1,"IOTHUB_CLIENT_CONFIRMATION_OK"
604,10818561006,10818561038,1,"IOTHUB_CLIENT_CONFIRMATION_OK"
605,10818561339,10818561387,1,"IOTHUB_CLIENT_CONFIRMATION_OK"
606,10818561673,10818561726,1,"IOTHUB_CLIENT_CONFIRMATION_OK"
607,10818562006,10818562037,1,"IOTHUB_CLIENT_CONFIRMATION_OK"
608,10818562339,10818562371,1,"IOTHUB_CLIENT_CONFIRMATION_OK"
609,10818562672,10818562717,1,"IOTHUB_CLIENT_CONFIRMATION_OK"
610,10818563005,10818563047,1,"IOTHUB_CLIENT_CONFIRMATION_OK"
611,10818563338,10818563371,1,"IOTHUB_CLIENT_CONFIRMATION_OK"
612,10818563672,10818563711,1,"IOTHUB_CLIENT_CONFIRMATION_OK"
613,10818564005,10818564039,1,"IOTHUB_CLIENT_CONFIRMATION_OK"
614,10818564338,10818564368,1,"IOTHUB_CLIENT_CONFIRMATION_OK"
615,10818564671,10818564709,1,"IOTHUB_CLIENT_CONFIRMATION_OK"
616,10818565004,10818565035,1,"IOTHUB_CLIENT_CONFIRMATION_OK"
617,10818565337,10818565368,1,"IOTHUB_CLIENT_CONFIRMATION_OK"
618,10818565670,10818565746,1,"IOTHUB_CLIENT_CONFIRMATION_OK"
619,10818566004,10818566039,1,"IOTHUB_CLIENT_CONFIRMATION_OK"
620,10818566337,10818566393,1,"IOTHUB_CLIENT_CONFIRMATION_OK"
621,10818566670,10818566710,1,"IOTHUB_CLIENT_CONFIRMATION_OK"
622,10818567003,10818567034,1,"IOTHUB_CLIENT_CONFIRMATION_OK"
623,10818567336,10818567383,1,"IOTHUB_CLIENT_CONFIRMATION_OK"
624,10818567669,10818567783,1,"IOTHUB_CLIENT_CONFIRMATION_OK"
625,10818568003,10818568033,1,"IOTHUB_CLIENT_CONFIRMATION_OK"
626,10818568336,10818568401,1,"IOTHUB_CLIENT_CONFIRMATION_OK"
627,10818568669,10818568706,1,"IOTHUB_CLIENT_CONFIRMATION_OK"
628,10818569002,10818569036,1,"IOTHUB_CLIENT_CONFIRMATION_OK"
629,10818569335,10818569366,1,"IOTHUB_CLIENT_CONFIRMATION_OK"
630,10818569668,10818569699,1,"IOTHUB_CLIENT_CONFIRMATION_OK"
631,10818570001,10818570036,1,"IOTHUB_CLIENT_CONFIRMATION_OK"
632,10818570335,10818570364,1,"IOTHUB_CLIENT_CONFIRMATION_OK"
633,10818570668,10818570700,1,"IOTHUB_CLIENT_CONFIRMATION_OK"
634,10818571001,10818571180,1,"IOTHUB_CLIENT_CONFIRMATION_OK"
635,10818571334,10818571365,1,"IOTHUB_CLIENT_CONFIRMATION_OK"
636,10818571667,10818571696,1,"IOTHUB_CLIENT_CONFIRMATION_OK"
637,10818572000,10818572032,1,"IOTHUB_CLIENT_CONFIRMATION_OK"
638,10818572334,10818572368,1,"IOTHUB_CLIENT_CONFIRMATION_OK"
639,10818572667,10818572699,1,"IOTHUB_CLIENT_CONFIRMATION_OK"
640,10818573000,10818573033,1,"IOTHUB_CLIENT_CONFIRMATION_OK"
641,10818573333,10818573413,1,"IOTHUB_CLIENT_CONFIRMATION_OK"
642,10818573666,10818573707,1,"IOTHUB_CLIENT_CONFIRMATION_OK"
643,10818573999,10818574035,1,"IOTHUB_CLIENT_CONFIRMATION_OK"
644,10818574332,10818574363,1,"IOTHUB_CLIENT_CONFIRMATION_OK"
645,10818574666,10818574696,1,"IOTHUB_CLIENT_CONFIRMATION_OK"
646,10818574999,10818575034,1,"IOTHUB_CLIENT_CONFIRMATION_OK"
647,10818575332,10818575443,1,"IOTHUB_CLIENT_CONFIRMATION_OK"
648,10818575665,10818575714,1,"IOTHUB_CLIENT_CONFIRMATION_OK"
649,10818575998,10818576049,1,"IOTHUB_CLIENT_CONFIRMATION_OK"
650,10818576331,10818576366,1,"IOTHUB_CLIENT_CONFIRMATION_OK"
651,10818576664,10818576695,1,"IOTHUB_CLIENT_CONFIRMATION_OK"
652,10818576998,10818577031,1,"IOTHUB_CLIENT_CONFIRMATION_OK"
653,10818577331,10818577475,1,"IOTHUB_CLIENT_CONFIRMATION_OK"
654,10818577664,10818577694,1,"IOTHUB_CLIENT_CONFIRMATION_OK"
655,10818577997,10818578031,1,"IOTHUB_CLIENT_CONFIRMATION_OK"
656,10818578331,10818578359,1,"IOTHUB_CLIENT_CONFIRMATION_OK"
657,10818578664,10818578702,1,"IOTHUB_CLIENT_CONFIRMATION_OK"
658,10818578997,10818579043,1,"IOTHUB_CLIENT_CONFIRMATION_OK"
659,10818579330,10818579366,1,"IOTHUB_CLIENT_CONFIRMATION_OK"
660,10818579663,10818579695,1,"IOTHUB_CLIENT_CONFIRMATION_OK"
661,10818579996,10818580047,1,"IOTHUB_CLIENT_CONFIRMATION_OK"
662,10818580330,10818580361,1,"IOTHUB_CLIENT_CONFIRMATION_OK"
663,10818580663,10818580709,1,"IOTHUB_CLIENT_CONFIRMATION_OK"
664,10818580996,10818581027,1,"IOTHUB_CLIENT_CONFIRMATION_OK"
665,10818581329,10818581361,1,"IOTHUB_CLIENT_CONFIRMATION_OK"
666,10818581662,10818581726,1,"IOTHUB_CLIENT_CONFIRMATION_OK"
667,10818581995,10818582028,1,"IOTHUB_CLIENT_CONFIRMATION_OK"
668,10818582328,10818582382,1,"IOTHUB_CLIENT_CONFIRMATION_OK"
669,10818582662,10818582695,1,"IOTHUB_CLIENT_CONFIRMATION_OK"
670,10818582995,10818583032,1,"IOTHUB_CLIENT_CONFIRMATION_OK"
671,10818583328,10818583360,1,"IOTHUB_CLIENT_CONFIRMATION_OK"
672,10818583661,10818583690,1,"IOTHUB_CLIENT_CONFIRMATION_OK"
673,10818583994,10818584027,1,"IOTHUB_CLIENT_CONFIRMATION_OK"
674,10818584327,10818584400,1,"IOTHUB_CLIENT_CONFIRMATION_OK"
675,10818584661,10818584697,1,"IOTHUB_CLIENT_CONFIRMATION_OK"
676,10818584994,10818585033,1,"IOTHUB_CLIENT_CONFIRMATION_OK"
677,10818585327,10818585363,1,"IOTHUB_CLIENT_CONFIRMATION_OK"
678,10818585660,10818585828,1,"IOTHUB_CLIENT_CONFIRMATION_OK"
679,10818585993,10818586024,1,"IOTHUB_CLIENT_CONFIRMATION_OK"
680,10818586326,10818586359,1,"IOTHUB_CLIENT_CONFIRMATION_OK"
681,10818586660,10818586692,1,"IOTHUB_CLIENT_CONFIRMATION_OK"
682,10818586993,10818587023,1,"IOTHUB_CLIENT_CONFIRMATION_OK"
683,10818587326,10818587372,1,"IOTHUB_CLIENT_CONFIRMATION_OK"
684,10818587659,10818587690,1,"IOTHUB_CLIENT_CONFIRMATION_OK"
685,10818587992,10818588026,1,"IOTHUB_CLIENT_CONFIRMATION_OK"
686,10818588325,10818588358,1,"IOTHUB_CLIENT_CONFIRMATION_OK"
687,10818588659,10818588732,1,"IOTHUB_CLIENT_CONFIRMATION_OK"
688,10818588992,10818589024,1,"IOTHUB_CLIENT_CONFIRMATION_OK"
689,10818589325,10818589355,1,"IOTHUB_CLIENT_CONFIRMATION_OK"
690,10818589658,10818589687,1,"IOTHUB_CLIENT_CONFIRMATION_OK"
691,10818589991,10818590024,1,"IOTHUB_CLIENT_CONFIRMATION_OK"
692,10818590324,10818590361,1,"IOTHUB_CLIENT_CONFIRMATION_OK"
693,10818590658,10818590699,1,"IOTHUB_CLIENT_CONFIRMATION_OK"
694,10818590991,10818591035,1,"IOTHUB_CLIENT_CONFIRMATION_OK"
695,10818591324,10818591376,1,"IOTHUB_CLIENT_CONFIRMATION_OK"
696,10818591657,10818591689,1,"IOTHUB_CLIENT_CONFIRMATION_OK"
697,10818591990,10818592020,1,"IOTHUB_CLIENT_CONFIRMATION_OK"
698,10818592323,10818592360,1,"IOTHUB_CLIENT_CONFIRMATION_OK"
699,10818592656,10818592689,1,"IOTHUB_CLIENT_CONFIRMATION_OK"
700,10818592990,10818593022,1,"IOTHUB_CLIENT_CONFIRMATION_OK"
701,10818593323,10818593400,1,"IOTHUB_CLIENT_CONFIRMATION_OK"
702,10818593656,10818593685,1,"IOTHUB_CLIENT_CONFIRMATION_OK"
703,10818593989,10818594030,1,"IOTHUB_CLIENT_CONFIRMATION_OK"
704,10818594322,10818594354,1,"IOTHUB_CLIENT_CONFIRMATION_OK"
705,10818594655,10818594690,1,"IOTHUB_CLIENT_CONFIRMATION_OK"
706,10818594989,10818595021,1,"IOTHUB_CLIENT_CONFIRMATION_OK"
707,10818595322,10818595353,1,"IOTHUB_CLIENT_CONFIRMATION_OK"
708,10818595655,10818595686,1,"IOTHUB_CLIENT_CONFIRMATION_OK"
709,10818595988,10818596021,1,"IOTHUB_CLIENT_CONFIRMATION_OK"
710,10818596321,10818596356,1,"IOTHUB_CLIENT_CONFIRMATION_OK"
711,10818596655,10818596691,1,"IOTHUB_CLIENT_CONFIRMATION_OK"
712,10818596988,10818597018,1,"IOTHUB_CLIENT_CONFIRMATION_OK"
713,10818597321,10818597352,1,"IOTHUB_CLIENT_CONFIRMATION_OK"
714,10818597654,10818597695,1,"IOTHUB_CLIENT_CONFIRMATION_OK"
715,10818597987,10818598017,1,"IOTHUB_CLIENT_CONFIRMATION_OK"
716,10818598320,10818598353,1,"IOTHUB_CLIENT_CONFIRMATION_OK"
717,10818598653,10818598683,1,"IOTHUB_CLIENT_CONFIRMATION_OK"
718,10818598987,10818599017,1,"IOTHUB_CLIENT_CONFIRMATION_OK"
719,10818599320,10818599375,1,"IOTHUB_CLIENT_CONFIRMATION_OK"
720,10818599653,10818599725,1,"IOTHUB_CLIENT_CONFIRMATION_OK"
721,10818599986,10818600015,1,"IOTHUB_CLIENT_CONFIRMATION_OK"
722,10818600319,10818600427,1,"IOTHUB_CLIENT_CONFIRMATION_OK"
723,10818600652,10818600704,1,"IOTHUB_CLIENT_CONFIRMATION_OK"
724,10818600986,10818601023,1,"IOTHUB_CLIENT_CONFIRMATION_OK"
725,10818601319,10818601349,1,"IOTHUB_CLIENT_CONFIRMATION_OK"
726,10818601652,10818601683,1,"IOTHUB_CLIENT_CONFIRMATION_OK"
727,10818601985,10818602019,1,"IOTHUB_CLIENT_CONFIRMATION_OK"
728,10818602318,10818602478,1,"IOTHUB_CLIENT_CONFIRMATION_OK"
729,10818602651,10818602690,1,"IOTHUB_CLIENT_CONFIRMATION_OK"
730,10818602985,10818603015,1,"IOTHUB_CLIENT_CONFIRMATION_OK"
731,10818603318,10818603348,1,"IOTHUB_CLIENT_CONFIRMATION_OK"
732,10818603651,10818603686,1,"IOTHUB_CLIENT_CONFIRMATION_OK"
733,10818603984,10818604014,1,"IOTHUB_CLIENT_CONFIRMATION_OK"
734,10818604317,10818604348,1,"IOTHUB_CLIENT_CONFIRMATION_OK"
735,10818604650,10818604682,1,"IOTHUB_CLIENT_CONFIRMATION_OK"
736,10818604983,10818605020,1,"IOTHUB_CLIENT_CONFIRMATION_OK"
737,10818605317,10818605347,1,"IOTHUB_CLIENT_CONFIRMATION_OK"
738,10818605650,10818605683,1,"IOTHUB_CLIENT_CONFIRMATION_OK"
739,10818605983,10818606015,1,"IOTHUB_CLIENT_CONFIRMATION_OK"
740,10818606316,10818606350,1,"IOTHUB_CLIENT_CONFIRMATION_OK"
741,10818606649,10818606704,1,"IOTHUB_CLIENT_CONFIRMATION_OK"
742,10818606982,10818607014,1,"IOTHUB_CLIENT_CONFIRMATION_OK"
743,10818607316,10818607358,1,"IOTHUB_CLIENT_CONFIRMATION_OK"
744,10818607649,10818607690,1,"IOTHUB_CLIENT_CONFIRMATION_OK"
745,10818607982,10818608012,1,"IOTHUB_CLIENT_CONFIRMATION_OK"
746,10818608315,10818608371,1,"IOTHUB_CLIENT_CONFIRMATION_OK"
747,10818608648,10818608730,1,"IOTHUB_CLIENT_CONFIRMATION_OK"
748,10818608981,10818609016,1,"IOTHUB_CLIENT_CONFIRMATION_OK"
749,10818609314,10818609353,1,"IOTHUB_CLIENT_CONFIRMATION_OK"
750,10818609648,10818609679,1,"IOTHUB_CLIENT_CONFIRMATION_OK"
751,10818609981,10818610017,1,"IOTHUB_CLIENT_CONFIRMATION_OK"
752,10818610314,10818610346,1,"IOTHUB_CLIENT_CONFIRMATION_OK"
753,10818610647,10818610752,1,"IOTHUB_CLIENT_CONFIRMATION_OK"
754,10818610980,10818611014,1,"IOTHUB_CLIENT_CONFIRMATION_OK"
755,10818611313,10818611347,1,"IOTHUB_CLIENT_CONFIRMATION_OK"
756,10818611646,10818611677,1,"IOTHUB_CLIENT_CONFIRMATION_OK"
757,10818611980,10818612014,1,"IOTHUB_CLIENT_CONFIRMATION_OK"
758,10818612313,10818612344,1,"IOTHUB_CLIENT_CONFIRMATION_OK"
759,10818612646,10818612677,1,"IOTHUB_CLIENT_CONFIRMATION_OK"
760,10818612979,10818613018,1,"IOTHUB_CLIENT_CONFIRMATION_OK"
761,10818613312,10818613342,1,"IOTHUB_CLIENT_CONFIRMATION_OK"
762,10818613645,10818613677,1,"IOTHUB_CLIENT_CONFIRMATION_OK"
763,10818613979,10818614011,1,"IOTHUB_CLIENT_CONFIRMATION_OK"
764,10818614312,10818614343,1,"IOTHUB_CLIENT_CONFIRMATION_OK"
765,10818614645,10818614676,1,"IOTHUB_CLIENT_CONFIRMATION_OK"
766,10818614978,10818615007,1,"IOTHUB_CLIENT_CONFIRMATION_OK"
767,10818615311,10818615341,1,"IOTHUB_CLIENT_CONFIRMATION_OK"
768,10818615644,10818615701,1,"IOTHUB_CLIENT_CONFIRMATION_OK"
769,10818615977,10818616009,1,"IOTHUB_CLIENT_CONFIRMATION_OK"
770,10818616311,10818616343,1,"IOTHUB_CLIENT_CONFIRMATION_OK"
771,10818616644,10818616675,1,"IOTHUB_CLIENT_CONFIRMATION_OK"
772,10818616977,10818617007,1,"IOTHUB_CLIENT_CONFIRMATION_OK"
773,10818617310,10818617341,1,"IOTHUB_CLIENT_CONFIRMATION_OK"
774,10818617643,10818617721,1,"IOTHUB_CLIENT_CONFIRMATION_OK"
775,10818617976,10818618011,1,"IOTHUB_CLIENT_CONFIRMATION_OK"
776,10818618310,10818618344,1,"IOTHUB_CLIENT_CONFIRMATION_OK"
777,10818618643,10818618676,1,"IOTHUB_CLIENT_CONFIRMATION_OK"
778,10818618976,10818619135,1,"IOTHUB_CLIENT_CONFIRMATION_OK"
779,10818619309,10818619374,1,"IOTHUB_CLIENT_CONFIRMATION_OK"
780,10818619642,10818619797,1,"IOTHUB_CLIENT_CONFIRMATION_OK"
781,10818619975,10818620007,1,"IOTHUB_CLIENT_CONFIRMATION_OK"
782,10818620308,10818620342,1,"IOTHUB_CLIENT_CONFIRMATION_OK"
783,10818620642,10818620673,1,"IOTHUB_CLIENT_CONFIRMATION_OK"
784,10818620975,10818621003,1,"IOTHUB_CLIENT_CONFIRMATION_OK"
785,10818621308,10818621345,1,"IOTHUB_CLIENT_CONFIRMATION_OK"
786,10818621641,10818621675,1,"IOTHUB_CLIENT_CONFIRMATION_OK"
787,10818621974,10818622005,1,"IOTHUB_CLIENT_CONFIRMATION_OK"
788,10818622307,10818622342,1,"IOTHUB_CLIENT_CONFIRMATION_OK"
789,10818622641,10818622672,1,"IOTHUB_CLIENT_CONFIRMATION_OK"
790,10818622974,10818623005,1,"IOTHUB_CLIENT_CONFIRMATION_OK"
791,10818623307,10818623336,1,"IOTHUB_CLIENT_CONFIRMATION_OK"
792,10818623640,10818623680,1,"IOTHUB_CLIENT_CONFIRMATION_OK"
793,10818623973,10818624005,1,"IOTHUB_CLIENT_CONFIRMATION_OK"
794,10818624306,10818624338,1,"IOTHUB_CLIENT_CONFIRMATION_OK"
795,10818624640,10818624694,1,"IOTHUB_CLIENT_CONFIRMATION_OK"
796,10818624973,10818625018,1,"IOTHUB_CLIENT_CONFIRMATION_OK"
797,10818625306,10818625341,1,"IOTHUB_CLIENT_CONFIRMATION_OK"
798,10818625639,10818625671,1,"IOTHUB_CLIENT_CONFIRMATION_OK"
799,10818625972,10818626008,1,"IOTHUB_CLIENT_CONFIRMATION_OK"
800,10818626305,10818626342,1,"IOTHUB_CLIENT_CONFIRMATION_OK"
801,10818626638,10818626737,1,"IOTHUB_CLIENT_CONFIRMATION_OK"
802,10818626972,10818627004,1,"IOTHUB_CLIENT_CONFIRMATION_OK"
803,10818627305,10818627342,1,"IOTHUB_CLIENT_CONFIRMATION_OK"
804,10818627638,10818627671,1,"IOTHUB_CLIENT_CONFIRMATION_OK"
805,10818627971,10818628152,1,"IOTHUB_CLIENT_CONFIRMATION_OK"
806,10818628304,10818628337,1,"IOTHUB_CLIENT_CONFIRMATION_OK"
807,10818628637,10818628669,1,"IOTHUB_CLIENT_CONFIRMATION_OK"
808,10818628971,10818629002,1,"IOTHUB_CLIENT_CONFIRMATION_OK"
809,10818629304,10818629336,1,"IOTHUB_CLIENT_CONFIRMATION_OK"
810,10818629637,10818629667,1,"IOTHUB_CLIENT_CONFIRMATION_OK"
811,10818629970,10818630002,1,"IOTHUB_CLIENT_CONFIRMATION_OK"
812,10818630303,10818630338,1,"IOTHUB_CLIENT_CONFIRMATION_OK"
813,10818630636,10818630669,1,"IOTHUB_CLIENT_CONFIRMATION_OK"
814,10818630970,10818631001,1,"IOTHUB_CLIENT_CONFIRMATION_OK"
815,10818631303,10818631334,1,"IOTHUB_CLIENT_CONFIRMATION_OK"
816,10818631636,10818631694,1,"IOTHUB_CLIENT_CONFIRMATION_OK"
817,10818631969,10818632008,1,"IOTHUB_CLIENT_CONFIRMATION_OK"
818,10818632302,10818632337,1,"IOTHUB_CLIENT_CONFIRMATION_OK"
819,10818632635,10818632679,1,"IOTHUB_CLIENT_CONFIRMATION_OK"
820,10818632968,10818633031,1,"IOTHUB_CLIENT_CONFIRMATION_OK"
821,10818633302,10818633331,1,"IOTHUB_CLIENT_CONFIRMATION_OK"
822,10818633635,10818633666,1,"IOTHUB_CLIENT_CONFIRMATION_OK"
823,10818633968,10818634001,1,"IOTHUB_CLIENT_CONFIRMATION_OK"
824,10818634301,10818634334,1,"IOTHUB_CLIENT_CONFIRMATION_OK"
825,10818634634,10818634668,1,"IOTHUB_CLIENT_CONFIRMATION_OK"
826,10818634967,10818635065,1,"IOTHUB_CLIENT_CONFIRMATION_OK"
827,10818635301,10818635328,1,"IOTHUB_CLIENT_CONFIRMATION_OK"
828,10818635634,10818635675,1,"IOTHUB_CLIENT_CONFIRMATION_OK"
829,10818635967,10818636017,1,"IOTHUB_CLIENT_CONFIRMATION_OK"
830,10818636300,10818636333,1,"IOTHUB_CLIENT_CONFIRMATION_OK"
831,10818636633,10818636664,1,"IOTHUB_CLIENT_CONFIRMATION_OK"
832,10818636966,10818637087,1,"IOTHUB_CLIENT_CONFIRMATION_OK"
833,10818637300,10818637343,1,"IOTHUB_CLIENT_CONFIRMATION_OK"
834,10818637633,10818637664,1,"IOTHUB_CLIENT_CONFIRMATION_OK"
835,10818637966,10818637995,1,"IOTHUB_CLIENT_CONFIRMATION_OK"
836,10818638299,10818638331,1,"IOTHUB_CLIENT_CONFIRMATION_OK"
837,10818638632,10818638664,1,"IOTHUB_CLIENT_CONFIRMATION_OK"
838,10818638965,10818638997,1,"IOTHUB_CLIENT_CONFIRMATION_OK"
839,10818639299,10818639331,1,"IOTHUB_CLIENT_CONFIRMATION_OK"
840,10818639632,10818639668,1,"IOTHUB_CLIENT_CONFIRMATION_OK"
841,10818639965,10818639997,1,"IOTHUB_CLIENT_CONFIRMATION_OK"
842,10818640298,10818640336,1,"IOTHUB_CLIENT_CONFIRMATION_OK"
843,10818640631,10818640663,1,"IOTHUB_CLIENT_CONFIRMATION_OK"
844,10818640964,10818640994,1,"IOTHUB_CLIENT_CONFIRMATION_OK"
845,10818641297,10818641368,1,"IOTHUB_CLIENT_CONFIRMATION_OK"
846,10818641631,10818641664,1,"IOTHUB_CLIENT_CONFIRMATION_OK"
847,10818641964,10818641999,1,"IOTHUB_CLIENT_CONFIRMATION_OK"
848,10818642297,10818642334,1,"IOTHUB_CLIENT_CONFIRMATION_OK"
849,10818642630,10818642663,1,"IOTHUB_CLIENT_CONFIRMATION_OK"
850,10818642963,10818642997,1,"IOTHUB_CLIENT_CONFIRMATION_OK"
851,10818643296,10818643333,1,"IOTHUB_CLIENT_CONFIRMATION_OK"
852,10818643630,10818643660,1,"IOTHUB_CLIENT_CONFIRMATION_OK"
853,10818643963,10818644017,1,"IOTHUB_CLIENT_CONFIRMATION_OK"
854,10818644296,10818644327,1,"IOTHUB_CLIENT_CONFIRMATION_OK"
855,10818644629,10818644741,1,"IOTHUB_CLIENT_CONFIRMATION_OK"
856,10818644962,10818644993,1,"IOTHUB_CLIENT_CONFIRMATION_OK"
857,10818645295,10818645340,1,"IOTHUB_CLIENT_CONFIRMATION_OK"
858,10818645629,10818645675,1,"IOTHUB_CLIENT_CONFIRMATION_OK"
859,10818645962,10818646146,1,"IOTHUB_CLIENT_CONFIRMATION_OK"
860,10818646295,10818646328,1,"IOTHUB_CLIENT_CONFIRMATION_OK"
861,10818646628,10818646660,1,"IOTHUB_CLIENT_CONFIRMATION_OK"
862,10818646961,10818647019,1,"IOTHUB_CLIENT_CONFIRMATION_OK"
863,10818647294,10818647329,1,"IOTHUB_CLIENT_CONFIRMATION_OK"
864,10818647628,10818647658,1,"IOTHUB_CLIENT_CONFIRMATION_OK"
865,10818647961,10818647992,1,"IOTHUB_CLIENT_CONFIRMATION_OK"
866,10818648294,10818648339,1,"IOTHUB_CLIENT_CONFIRMATION_OK"
867,10818648627,10818648655,1,"IOTHUB_CLIENT_CONFIRMATION_OK"
868,10818648960,10818648999,1,"IOTHUB_CLIENT_CONFIRMATION_OK"
869,10818649293,10818649330,1,"IOTHUB_CLIENT_CONFIRMATION_OK"
870,10818649627,10818649658,1,"IOTHUB_CLIENT_CONFIRMATION_OK"
871,10818649960,10818649992,1,"IOTHUB_CLIENT_CONFIRMATION_OK"
872,10818650293,10818650321,1,"IOTHUB_CLIENT_CONFIRMATION_OK"
873,10818650626,10818650655,1,"IOTHUB_CLIENT_CONFIRMATION_OK"
874,10818650959,10818651048,1,"IOTHUB_CLIENT_CONFIRMATION_OK"
875,10818651292,10818651326,1,"IOTHUB_CLIENT_CONFIRMATION_OK"
876,10818651626,10818651672,1,"IOTHUB_CLIENT_CONFIRMATION_OK"
877,10818651959,10818651991,1,"IOTHUB_CLIENT_CONFIRMATION_OK"
878,10818652292,10818652320,1,"IOTHUB_CLIENT_CONFIRMATION_OK"
879,10818652625,10818652654,1,"IOTHUB_CLIENT_CONFIRMATION_OK"
880,10818652958,10818653063,1,"IOTHUB_CLIENT_CONFIRMATION_OK"
881,10818653291,10818653322,1,"IOTHUB_CLIENT_CONFIRMATION_OK"
882,10818653624,10818653681,1,"IOTHUB_CLIENT_CONFIRMATION_OK"
883,10818653958,10818654000,1,"IOTHUB_CLIENT_CONFIRMATION_OK"
884,10818654291,10818654321,1,"IOTHUB_CLIENT_CONFIRMATION_OK"
885,10818654624,10818654652,1,"IOTHUB_CLIENT_CONFIRMATION_OK"
886,10818654957,10818655120,1,"IOTHUB_CLIENT_CONFIRMATION_OK"
887,10818655290,10818655332,1,"IOTHUB_CLIENT_CONFIRMATION_OK"
888,10818655623,10818655660,1,"IOTHUB_CLIENT_CONFIRMATION_OK"
889,10818655957,10818655991,1,"IOTHUB_CLIENT_CONFIRMATION_OK"
890,10818656290,10818656319,1,"IOTHUB_CLIENT_CONFIRMATION_OK"
891,10818656623,10818656654,1,"IOTHUB_CLIENT_CONFIRMATION_OK"
892,10818656956,10818657067,1,"IOTHUB_CLIENT_CONFIRMATION_OK"
893,10818657289,10818657320,1,"IOTHUB_CLIENT_CONFIRMATION_OK"
894,10818657622,10818657664,1,"IOTHUB_CLIENT_CONFIRMATION_OK"
895,10818657956,10818657989,1,"IOTHUB_CLIENT_CONFIRMATION_OK"
896,10818658289,10818658323,1,"IOTHUB_CLIENT_CONFIRMATION_OK"
897,10818658622,10818658651,1,"IOTHUB_CLIENT_CONFIRMATION_OK"
898,10818658955,10818658993,1,"IOTHUB_CLIENT_CONFIRMATION_OK"
899,10818659288,10818659376,1,"IOTHUB_CLIENT_CONFIRMATION_OK"
