Message ID,Send Time,Receive Time,Status,Error
0,10401123415,10401123574,1,"IOTHUB_CLIENT_CONFIRMATION_OK"
1,10401123615,10401123653,1,"IOTHUB_CLIENT_CONFIRMATION_OK"
2,10401123815,10401123860,1,"IOTHUB_CLIENT_CONFIRMATION_OK"
3,10401124015,10401124058,1,"IOTHUB_CLIENT_CONFIRMATION_OK"
4,10401124216,10401124251,1,"IOTHUB_CLIENT_CONFIRMATION_OK"
5,10401124416,10401124453,1,"IOTHUB_CLIENT_CONFIRMATION_OK"
6,10401124616,10401124655,1,"IOTHUB_CLIENT_CONFIRMATION_OK"
7,10401124816,10401124889,1,"IOTHUB_CLIENT_CONFIRMATION_OK"
8,10401125016,10401125055,1,"IOTHUB_CLIENT_CONFIRMATION_OK"
9,10401125216,10401125276,1,"IOTHUB_CLIENT_CONFIRMATION_OK"
10,10401125417,10401125496,1,"IOTHUB_CLIENT_CONFIRMATION_OK"
11,10401125617,10401125647,1,"IOTHUB_CLIENT_CONFIRMATION_OK"
12,10401125817,10401125859,1,"IOTHUB_CLIENT_CONFIRMATION_OK"
13,10401126017,10401126063,1,"IOTHUB_CLIENT_CONFIRMATION_OK"
14,10401126217,10401126276,1,"IOTHUB_CLIENT_CONFIRMATION_OK"
15,10401126417,10401126482,1,"IOTHUB_CLIENT_CONFIRMATION_OK"
16,10401126617,10401126724,1,"IOTHUB_CLIENT_CONFIRMATION_OK"
17,10401126818,10401126870,1,"IOTHUB_CLIENT_CONFIRMATION_OK"
18,10401127020,10401127050,1,"IOTHUB_CLIENT_CONFIRMATION_OK"
19,10401127220,10401127248,1,"IOTHUB_CLIENT_CONFIRMATION_OK"
20,10401127420,10401127459,1,"IOTHUB_CLIENT_CONFIRMATION_OK"
21,10401127620,10401127650,1,"IOTHUB_CLIENT_CONFIRMATION_OK"
22,10401127820,10401127866,1,"IOTHUB_CLIENT_CONFIRMATION_OK"
23,10401128021,10401128070,1,"IOTHUB_CLIENT_CONFIRMATION_OK"
24,10401128221,10401128343,1,"IOTHUB_CLIENT_CONFIRMATION_OK"
25,10401128421,10401128449,1,"IOTHUB_CLIENT_CONFIRMATION_OK"
26,10401128621,10401128652,1,"IOTHUB_CLIENT_CONFIRMATION_OK"
27,10401128821,10401128854,1,"IOTHUB_CLIENT_CONFIRMATION_OK"
28,10401129021,10401129051,1,"IOTHUB_CLIENT_CONFIRMATION_OK"
29,10401129221,10401129252,1,"IOTHUB_CLIENT_CONFIRMATION_OK"
30,10401129422,10401129454,1,"IOTHUB_CLIENT_CONFIRMATION_OK"
31,10401129622,10401129651,1,"IOTHUB_CLIENT_CONFIRMATION_OK"
32,10401129822,10401129855,1,"IOTHUB_CLIENT_CONFIRMATION_OK"
33,10401130022,10401130064,1,"IOTHUB_CLIENT_CONFIRMATION_OK"
34,10401130222,10401130270,1,"IOTHUB_CLIENT_CONFIRMATION_OK"
35,10401130422,10401130458,1,"IOTHUB_CLIENT_CONFIRMATION_OK"
36,10401130623,10401130802,1,"IOTHUB_CLIENT_CONFIRMATION_OK"
37,10401130823,10401130858,1,"IOTHUB_CLIENT_CONFIRMATION_OK"
38,10401131023,10401131056,1,"IOTHUB_CLIENT_CONFIRMATION_OK"
39,10401131223,10401131255,1,"IOTHUB_CLIENT_CONFIRMATION_OK"
40,10401131423,10401131457,1,"IOTHUB_CLIENT_CONFIRMATION_OK"
41,10401131623,10401131665,1,"IOTHUB_CLIENT_CONFIRMATION_OK"
42,10401131824,10401131864,1,"IOTHUB_CLIENT_CONFIRMATION_OK"
43,10401132024,10401132070,1,"IOTHUB_CLIENT_CONFIRMATION_OK"
44,10401132224,10401132281,1,"IOTHUB_CLIENT_CONFIRMATION_OK"
45,10401132424,10401132479,1,"IOTHUB_CLIENT_CONFIRMATION_OK"
46,10401132624,10401132661,1,"IOTHUB_CLIENT_CONFIRMATION_OK"
47,10401132824,10401132886,1,"IOTHUB_CLIENT_CONFIRMATION_OK"
48,10401133025,10401133077,1,"IOTHUB_CLIENT_CONFIRMATION_OK"
49,10401133225,10401133257,1,"IOTHUB_CLIENT_CONFIRMATION_OK"
50,10401133425,10401133493,1,"IOTHUB_CLIENT_CONFIRMATION_OK"
51,10401133625,10401133671,1,"IOTHUB_CLIENT_CONFIRMATION_OK"
52,10401133825,10401133863,1,"IOTHUB_CLIENT_CONFIRMATION_OK"
53,10401134025,10401134079,1,"IOTHUB_CLIENT_CONFIRMATION_OK"
54,10401134225,10401134280,1,"IOTHUB_CLIENT_CONFIRMATION_OK"
55,10401134426,10401134460,1,"IOTHUB_CLIENT_CONFIRMATION_OK"
56,10401134626,10401134688,1,"IOTHUB_CLIENT_CONFIRMATION_OK"
57,10401134826,10401134865,1,"IOTHUB_CLIENT_CONFIRMATION_OK"
58,10401135026,10401135062,1,"IOTHUB_CLIENT_CONFIRMATION_OK"
59,10401135226,10401135296,1,"IOTHUB_CLIENT_CONFIRMATION_OK"
60,10401135426,10401135669,1,"IOTHUB_CLIENT_CONFIRMATION_OK"
61,10401135627,10401135709,1,"IOTHUB_CLIENT_CONFIRMATION_OK"
62,10401135827,10401135895,1,"IOTHUB_CLIENT_CONFIRMATION_OK"
63,10401136027,10401136066,1,"IOTHUB_CLIENT_CONFIRMATION_OK"
64,10401136227,10401136276,1,"IOTHUB_CLIENT_CONFIRMATION_OK"
65,10401136427,10401136463,1,"IOTHUB_CLIENT_CONFIRMATION_OK"
66,10401136627,10401136663,1,"IOTHUB_CLIENT_CONFIRMATION_OK"
67,10401136828,10401136897,1,"IOTHUB_CLIENT_CONFIRMATION_OK"
68,10401137028,10401137064,1,"IOTHUB_CLIENT_CONFIRMATION_OK"
69,10401137228,10401137263,1,"IOTHUB_CLIENT_CONFIRMATION_OK"
70,10401137428,10401137516,1,"IOTHUB_CLIENT_CONFIRMATION_OK"
71,10401137628,10401137666,1,"IOTHUB_CLIENT_CONFIRMATION_OK"
72,10401137828,10401137877,1,"IOTHUB_CLIENT_CONFIRMATION_OK"
73,10401138029,10401138123,1,"IOTHUB_CLIENT_CONFIRMATION_OK"
74,10401138229,10401138265,1,"IOTHUB_CLIENT_CONFIRMATION_OK"
75,10401138429,10401138465,1,"IOTHUB_CLIENT_CONFIRMATION_OK"
76,10401138629,10401138741,1,"IOTHUB_CLIENT_CONFIRMATION_OK"
77,10401138829,10401138860,1,"IOTHUB_CLIENT_CONFIRMATION_OK"
78,10401139029,10401139074,1,"IOTHUB_CLIENT_CONFIRMATION_OK"
79,10401139229,10401139268,1,"IOTHUB_CLIENT_CONFIRMATION_OK"
80,10401139430,10401139488,1,"IOTHUB_CLIENT_CONFIRMATION_OK"
81,10401139630,10401139663,1,"IOTHUB_CLIENT_CONFIRMATION_OK"
82,10401139830,10401139866,1,"IOTHUB_CLIENT_CONFIRMATION_OK"
83,10401140030,10401140065,1,"IOTHUB_CLIENT_CONFIRMATION_OK"
84,10401140230,10401140361,1,"IOTHUB_CLIENT_CONFIRMATION_OK"
85,10401140430,10401140463,1,"IOTHUB_CLIENT_CONFIRMATION_OK"
86,10401140630,10401140689,1,"IOTHUB_CLIENT_CONFIRMATION_OK"
87,10401140831,10401140877,1,"IOTHUB_CLIENT_CONFIRMATION_OK"
88,10401141031,10401141064,1,"IOTHUB_CLIENT_CONFIRMATION_OK"
89,10401141231,10401141272,1,"IOTHUB_CLIENT_CONFIRMATION_OK"
90,10401141431,10401141511,1,"IOTHUB_CLIENT_CONFIRMATION_OK"
91,10401141631,10401141697,1,"IOTHUB_CLIENT_CONFIRMATION_OK"
92,10401141831,10401141866,1,"IOTHUB_CLIENT_CONFIRMATION_OK"
93,10401142032,10401142110,1,"IOTHUB_CLIENT_CONFIRMATION_OK"
94,10401142232,10401142269,1,"IOTHUB_CLIENT_CONFIRMATION_OK"
95,10401142432,10401142469,1,"IOTHUB_CLIENT_CONFIRMATION_OK"
96,10401142632,10401142725,1,"IOTHUB_CLIENT_CONFIRMATION_OK"
97,10401142832,10401142874,1,"IOTHUB_CLIENT_CONFIRMATION_OK"
98,10401143032,10401143081,1,"IOTHUB_CLIENT_CONFIRMATION_OK"
99,10401143232,10401143267,1,"IOTHUB_CLIENT_CONFIRMATION_OK"
100,10401143433,10401143468,1,"IOTHUB_CLIENT_CONFIRMATION_OK"
101,10401143633,10401143669,1,"IOTHUB_CLIENT_CONFIRMATION_OK"
102,10401143833,10401143870,1,"IOTHUB_CLIENT_CONFIRMATION_OK"
103,10401144033,10401144070,1,"IOTHUB_CLIENT_CONFIRMATION_OK"
104,10401144233,10401144270,1,"IOTHUB_CLIENT_CONFIRMATION_OK"
105,10401144433,10401144477,1,"IOTHUB_CLIENT_CONFIRMATION_OK"
106,10401144634,10401144671,1,"IOTHUB_CLIENT_CONFIRMATION_OK"
107,10401144834,10401144954,1,"IOTHUB_CLIENT_CONFIRMATION_OK"
108,10401145034,10401145070,1,"IOTHUB_CLIENT_CONFIRMATION_OK"
109,10401145234,10401145272,1,"IOTHUB_CLIENT_CONFIRMATION_OK"
110,10401145434,10401145479,1,"IOTHUB_CLIENT_CONFIRMATION_OK"
111,10401145634,10401145669,1,"IOTHUB_CLIENT_CONFIRMATION_OK"
112,10401145835,10401145867,1,"IOTHUB_CLIENT_CONFIRMATION_OK"
113,10401146035,10401146072,1,"IOTHUB_CLIENT_CONFIRMATION_OK"
114,10401146235,10401146270,1,"IOTHUB_CLIENT_CONFIRMATION_OK"
115,10401146435,10401146511,1,"IOTHUB_CLIENT_CONFIRMATION_OK"
116,10401146635,10401146671,1,"IOTHUB_CLIENT_CONFIRMATION_OK"
117,10401146835,10401146874,1,"IOTHUB_CLIENT_CONFIRMATION_OK"
118,10401147036,10401147223,1,"IOTHUB_CLIENT_CONFIRMATION_OK"
119,10401147236,10401147273,1,"IOTHUB_CLIENT_CONFIRMATION_OK"
120,10401147436,10401147471,1,"IOTHUB_CLIENT_CONFIRMATION_OK"
121,10401147636,10401147671,1,"IOTHUB_CLIENT_CONFIRMATION_OK"
122,10401147836,10401147871,1,"IOTHUB_CLIENT_CONFIRMATION_OK"
123,10401148036,10401148083,1,"IOTHUB_CLIENT_CONFIRMATION_OK"
124,10401148236,10401148273,1,"IOTHUB_CLIENT_CONFIRMATION_OK"
125,10401148437,10401148472,1,"IOTHUB_CLIENT_CONFIRMATION_OK"
126,10401148637,10401148676,1,"IOTHUB_CLIENT_CONFIRMATION_OK"
127,10401148837,10401148878,1,"IOTHUB_CLIENT_CONFIRMATION_OK"
128,10401149037,10401149073,1,"IOTHUB_CLIENT_CONFIRMATION_OK"
129,10401149237,10401149276,1,"IOTHUB_CLIENT_CONFIRMATION_OK"
130,10401149437,10401149485,1,"IOTHUB_CLIENT_CONFIRMATION_OK"
131,10401149638,10401149674,1,"IOTHUB_CLIENT_CONFIRMATION_OK"
132,10401149838,10401149881,1,"IOTHUB_CLIENT_CONFIRMATION_OK"
133,10401150038,10401150068,1,"IOTHUB_CLIENT_CONFIRMATION_OK"
134,10401150238,10401150289,1,"IOTHUB_CLIENT_CONFIRMATION_OK"
135,10401150438,10401150493,1,"IOTHUB_CLIENT_CONFIRMATION_OK"
136,10401150638,10401150688,1,"IOTHUB_CLIENT_CONFIRMATION_OK"
137,10401150839,10401150875,1,"IOTHUB_CLIENT_CONFIRMATION_OK"
138,10401151039,10401151128,1,"IOTHUB_CLIENT_CONFIRMATION_OK"
139,10401151239,10401151279,1,"IOTHUB_CLIENT_CONFIRMATION_OK"
140,10401151439,10401151494,1,"IOTHUB_CLIENT_CONFIRMATION_OK"
141,10401151639,10401151759,1,"IOTHUB_CLIENT_CONFIRMATION_OK"
142,10401151839,10401151873,1,"IOTHUB_CLIENT_CONFIRMATION_OK"
143,10401152040,10401152076,1,"IOTHUB_CLIENT_CONFIRMATION_OK"
144,10401152240,10401152556,1,"IOTHUB_CLIENT_CONFIRMATION_OK"
145,10401152440,10401152576,1,"IOTHUB_CLIENT_CONFIRMATION_OK"
146,10401152640,10401152678,1,"IOTHUB_CLIENT_CONFIRMATION_OK"
147,10401152840,10401152889,1,"IOTHUB_CLIENT_CONFIRMATION_OK"
148,10401153041,10401153087,1,"IOTHUB_CLIENT_CONFIRMATION_OK"
149,10401153241,10401153276,1,"IOTHUB_CLIENT_CONFIRMATION_OK"
150,10401153441,10401153491,1,"IOTHUB_CLIENT_CONFIRMATION_OK"
151,10401153641,10401153690,1,"IOTHUB_CLIENT_CONFIRMATION_OK"
152,10401153841,10401153976,1,"IOTHUB_CLIENT_CONFIRMATION_OK"
153,10401154041,10401154077,1,"IOTHUB_CLIENT_CONFIRMATION_OK"
154,10401154241,10401154277,1,"IOTHUB_CLIENT_CONFIRMATION_OK"
155,10401154442,10401154649,1,"IOTHUB_CLIENT_CONFIRMATION_OK"
156,10401154642,10401154695,1,"IOTHUB_CLIENT_CONFIRMATION_OK"
157,10401154842,10401154891,1,"IOTHUB_CLIENT_CONFIRMATION_OK"
158,10401155042,10401155078,1,"IOTHUB_CLIENT_CONFIRMATION_OK"
159,10401155242,10401155281,1,"IOTHUB_CLIENT_CONFIRMATION_OK"
160,10401155442,10401155479,1,"IOTHUB_CLIENT_CONFIRMATION_OK"
161,10401155642,10401155705,1,"IOTHUB_CLIENT_CONFIRMATION_OK"
162,10401155843,10401155881,1,"IOTHUB_CLIENT_CONFIRMATION_OK"
163,10401156043,10401156080,1,"IOTHUB_CLIENT_CONFIRMATION_OK"
164,10401156243,10401156294,1,"IOTHUB_CLIENT_CONFIRMATION_OK"
165,10401156443,10401156506,1,"IOTHUB_CLIENT_CONFIRMATION_OK"
166,10401156643,10401156697,1,"IOTHUB_CLIENT_CONFIRMATION_OK"
167,10401156843,10401156887,1,"IOTHUB_CLIENT_CONFIRMATION_OK"
168,10401157044,10401157091,1,"IOTHUB_CLIENT_CONFIRMATION_OK"
169,10401157244,10401157281,1,"IOTHUB_CLIENT_CONFIRMATION_OK"
170,10401157444,10401157481,1,"IOTHUB_CLIENT_CONFIRMATION_OK"
171,10401157644,10401157689,1,"IOTHUB_CLIENT_CONFIRMATION_OK"
172,10401157844,10401157882,1,"IOTHUB_CLIENT_CONFIRMATION_OK"
173,10401158044,10401158080,1,"IOTHUB_CLIENT_CONFIRMATION_OK"
174,10401158244,10401158279,1,"IOTHUB_CLIENT_CONFIRMATION_OK"
175,10401158445,10401158502,1,"IOTHUB_CLIENT_CONFIRMATION_OK"
176,10401158645,10401158681,1,"IOTHUB_CLIENT_CONFIRMATION_OK"
177,10401158845,10401158881,1,"IOTHUB_CLIENT_CONFIRMATION_OK"
178,10401159045,10401159087,1,"IOTHUB_CLIENT_CONFIRMATION_OK"
179,10401159245,10401159311,1,"IOTHUB_CLIENT_CONFIRMATION_OK"
180,10401159445,10401159490,1,"IOTHUB_CLIENT_CONFIRMATION_OK"
181,10401159646,10401159708,1,"IOTHUB_CLIENT_CONFIRMATION_OK"
182,10401159846,10401159881,1,"IOTHUB_CLIENT_CONFIRMATION_OK"
183,10401160046,10401160087,1,"IOTHUB_CLIENT_CONFIRMATION_OK"
184,10401160246,10401160281,1,"IOTHUB_CLIENT_CONFIRMATION_OK"
185,10401160446,10401160481,1,"IOTHUB_CLIENT_CONFIRMATION_OK"
186,10401160646,10401160704,1,"IOTHUB_CLIENT_CONFIRMATION_OK"
187,10401160847,10401160899,1,"IOTHUB_CLIENT_CONFIRMATION_OK"
188,10401161047,10401161083,1,"IOTHUB_CLIENT_CONFIRMATION_OK"
189,10401161247,10401161327,1,"IOTHUB_CLIENT_CONFIRMATION_OK"
190,10401161447,10401161620,1,"IOTHUB_CLIENT_CONFIRMATION_OK"
191,10401161647,10401161682,1,"IOTHUB_CLIENT_CONFIRMATION_OK"
192,10401161847,10401161893,1,"IOTHUB_CLIENT_CONFIRMATION_OK"
193,10401162048,10401162083,1,"IOTHUB_CLIENT_CONFIRMATION_OK"
194,10401162248,10401162284,1,"IOTHUB_CLIENT_CONFIRMATION_OK"
195,10401162448,10401162496,1,"IOTHUB_CLIENT_CONFIRMATION_OK"
196,10401162648,10401162682,1,"IOTHUB_CLIENT_CONFIRMATION_OK"
197,10401162848,10401162886,1,"IOTHUB_CLIENT_CONFIRMATION_OK"
198,10401163048,10401163084,1,"IOTHUB_CLIENT_CONFIRMATION_OK"
199,10401163249,10401163313,1,"IOTHUB_CLIENT_CONFIRMATION_OK"
200,10401163449,10401163485,1,"IOTHUB_CLIENT_CONFIRMATION_OK"
201,10401163649,10401163689,1,"IOTHUB_CLIENT_CONFIRMATION_OK"
202,10401163849,10401163885,1,"IOTHUB_CLIENT_CONFIRMATION_OK"
203,10401164049,10401164089,1,"IOTHUB_CLIENT_CONFIRMATION_OK"
204,10401164249,10401164300,1,"IOTHUB_CLIENT_CONFIRMATION_OK"
205,10401164449,10401164492,1,"IOTHUB_CLIENT_CONFIRMATION_OK"
206,10401164650,10401164683,1,"IOTHUB_CLIENT_CONFIRMATION_OK"
207,10401164850,10401164889,1,"IOTHUB_CLIENT_CONFIRMATION_OK"
208,10401165050,10401165086,1,"IOTHUB_CLIENT_CONFIRMATION_OK"
209,10401165250,10401165316,1,"IOTHUB_CLIENT_CONFIRMATION_OK"
210,10401165450,10401165487,1,"IOTHUB_CLIENT_CONFIRMATION_OK"
211,10401165650,10401165710,1,"IOTHUB_CLIENT_CONFIRMATION_OK"
212,10401165851,10401165946,1,"IOTHUB_CLIENT_CONFIRMATION_OK"
213,10401166051,10401166084,1,"IOTHUB_CLIENT_CONFIRMATION_OK"
214,10401166251,10401166308,1,"IOTHUB_CLIENT_CONFIRMATION_OK"
215,10401166451,10401166498,1,"IOTHUB_CLIENT_CONFIRMATION_OK"
216,10401166651,10401166688,1,"IOTHUB_CLIENT_CONFIRMATION_OK"
217,10401166851,10401166944,1,"IOTHUB_CLIENT_CONFIRMATION_OK"
218,10401167051,10401167083,1,"IOTHUB_CLIENT_CONFIRMATION_OK"
219,10401167252,10401167287,1,"IOTHUB_CLIENT_CONFIRMATION_OK"
220,10401167452,10401167559,1,"IOTHUB_CLIENT_CONFIRMATION_OK"
221,10401167652,10401167700,1,"IOTHUB_CLIENT_CONFIRMATION_OK"
222,10401167852,10401167893,1,"IOTHUB_CLIENT_CONFIRMATION_OK"
223,10401168052,10401168170,1,"IOTHUB_CLIENT_CONFIRMATION_OK"
224,10401168252,10401168284,1,"IOTHUB_CLIENT_CONFIRMATION_OK"
225,10401168453,10401168523,1,"IOTHUB_CLIENT_CONFIRMATION_OK"
226,10401168653,10401168692,1,"IOTHUB_CLIENT_CONFIRMATION_OK"
227,10401168853,10401168899,1,"IOTHUB_CLIENT_CONFIRMATION_OK"
228,10401169053,10401169087,1,"IOTHUB_CLIENT_CONFIRMATION_OK"
229,10401169253,10401169290,1,"IOTHUB_CLIENT_CONFIRMATION_OK"
230,10401169453,10401169489,1,"IOTHUB_CLIENT_CONFIRMATION_OK"
231,10401169654,10401169688,1,"IOTHUB_CLIENT_CONFIRMATION_OK"
232,10401169854,10401169895,1,"IOTHUB_CLIENT_CONFIRMATION_OK"
233,10401170054,10401170090,1,"IOTHUB_CLIENT_CONFIRMATION_OK"
234,10401170254,10401170443,1,"IOTHUB_CLIENT_CONFIRMATION_OK"
235,10401170454,10401170492,1,"IOTHUB_CLIENT_CONFIRMATION_OK"
236,10401170654,10401170688,1,"IOTHUB_CLIENT_CONFIRMATION_OK"
237,10401170855,10401170897,1,"IOTHUB_CLIENT_CONFIRMATION_OK"
238,10401171055,10401171093,1,"IOTHUB_CLIENT_CONFIRMATION_OK"
239,10401171255,10401171294,1,"IOTHUB_CLIENT_CONFIRMATION_OK"
240,10401171455,10401171494,1,"IOTHUB_CLIENT_CONFIRMATION_OK"
241,10401171655,10401171690,1,"IOTHUB_CLIENT_CONFIRMATION_OK"
242,10401171855,10401171905,1,"IOTHUB_CLIENT_CONFIRMATION_OK"
243,10401172055,10401172101,1,"IOTHUB_CLIENT_CONFIRMATION_OK"
244,10401172256,10401172298,1,"IOTHUB_CLIENT_CONFIRMATION_OK"
245,10401172456,10401172517,1,"IOTHUB_CLIENT_CONFIRMATION_OK"
246,10401172656,10401172696,1,"IOTHUB_CLIENT_CONFIRMATION_OK"
247,10401172856,10401172901,1,"IOTHUB_CLIENT_CONFIRMATION_OK"
248,10401173056,10401173090,1,"IOTHUB_CLIENT_CONFIRMATION_OK"
249,10401173256,10401173309,1,"IOTHUB_CLIENT_CONFIRMATION_OK"
250,10401173457,10401173491,1,"IOTHUB_CLIENT_CONFIRMATION_OK"
251,10401173657,10401173710,1,"IOTHUB_CLIENT_CONFIRMATION_OK"
252,10401173857,10401173893,1,"IOTHUB_CLIENT_CONFIRMATION_OK"
253,10401174057,10401174094,1,"IOTHUB_CLIENT_CONFIRMATION_OK"
254,10401174257,10401174320,1,"IOTHUB_CLIENT_CONFIRMATION_OK"
255,10401174457,10401174494,1,"IOTHUB_CLIENT_CONFIRMATION_OK"
256,10401174658,10401174694,1,"IOTHUB_CLIENT_CONFIRMATION_OK"
257,10401174858,10401174930,1,"IOTHUB_CLIENT_CONFIRMATION_OK"
258,10401175058,10401175111,1,"IOTHUB_CLIENT_CONFIRMATION_OK"
259,10401175258,10401175310,1,"IOTHUB_CLIENT_CONFIRMATION_OK"
260,10401175458,10401175541,1,"IOTHUB_CLIENT_CONFIRMATION_OK"
261,10401175658,10401175697,1,"IOTHUB_CLIENT_CONFIRMATION_OK"
262,10401175859,10401175894,1,"IOTHUB_CLIENT_CONFIRMATION_OK"
263,10401176059,10401176092,1,"IOTHUB_CLIENT_CONFIRMATION_OK"
264,10401176259,10401176307,1,"IOTHUB_CLIENT_CONFIRMATION_OK"
265,10401176459,10401176542,1,"IOTHUB_CLIENT_CONFIRMATION_OK"
266,10401176659,10401176696,1,"IOTHUB_CLIENT_CONFIRMATION_OK"
267,10401176859,10401176900,1,"IOTHUB_CLIENT_CONFIRMATION_OK"
268,10401177060,10401177192,1,"IOTHUB_CLIENT_CONFIRMATION_OK"
269,10401177260,10401177298,1,"IOTHUB_CLIENT_CONFIRMATION_OK"
270,10401177460,10401177519,1,"IOTHUB_CLIENT_CONFIRMATION_OK"
271,10401177660,10401177772,1,"IOTHUB_CLIENT_CONFIRMATION_OK"
272,10401177860,10401177903,1,"IOTHUB_CLIENT_CONFIRMATION_OK"
273,10401178060,10401178110,1,"IOTHUB_CLIENT_CONFIRMATION_OK"
274,10401178260,10401178300,1,"IOTHUB_CLIENT_CONFIRMATION_OK"
275,10401178461,10401178498,1,"IOTHUB_CLIENT_CONFIRMATION_OK"
276,10401178661,10401178706,1,"IOTHUB_CLIENT_CONFIRMATION_OK"
277,10401178861,10401178899,1,"IOTHUB_CLIENT_CONFIRMATION_OK"
278,10401179061,10401179098,1,"IOTHUB_CLIENT_CONFIRMATION_OK"
279,10401179261,10401179299,1,"IOTHUB_CLIENT_CONFIRMATION_OK"
280,10401179461,10401179511,1,"IOTHUB_CLIENT_CONFIRMATION_OK"
281,10401179662,10401179694,1,"IOTHUB_CLIENT_CONFIRMATION_OK"
282,10401179862,10401180040,1,"IOTHUB_CLIENT_CONFIRMATION_OK"
283,10401180062,10401180101,1,"IOTHUB_CLIENT_CONFIRMATION_OK"
284,10401180262,10401180296,1,"IOTHUB_CLIENT_CONFIRMATION_OK"
285,10401180462,10401180529,1,"IOTHUB_CLIENT_CONFIRMATION_OK"
286,10401180662,10401180698,1,"IOTHUB_CLIENT_CONFIRMATION_OK"
287,10401180863,10401180899,1,"IOTHUB_CLIENT_CONFIRMATION_OK"
288,10401181063,10401181108,1,"IOTHUB_CLIENT_CONFIRMATION_OK"
289,10401181263,10401181307,1,"IOTHUB_CLIENT_CONFIRMATION_OK"
290,10401181463,10401181494,1,"IOTHUB_CLIENT_CONFIRMATION_OK"
291,10401181663,10401181698,1,"IOTHUB_CLIENT_CONFIRMATION_OK"
292,10401181863,10401181906,1,"IOTHUB_CLIENT_CONFIRMATION_OK"
293,10401182063,10401182096,1,"IOTHUB_CLIENT_CONFIRMATION_OK"
294,10401182264,10401182307,1,"IOTHUB_CLIENT_CONFIRMATION_OK"
295,10401182464,10401182506,1,"IOTHUB_CLIENT_CONFIRMATION_OK"
296,10401182664,10401182893,1,"IOTHUB_CLIENT_CONFIRMATION_OK"
297,10401182864,10401182913,1,"IOTHUB_CLIENT_CONFIRMATION_OK"
298,10401183064,10401183112,1,"IOTHUB_CLIENT_CONFIRMATION_OK"
299,10401183264,10401183299,1,"IOTHUB_CLIENT_CONFIRMATION_OK"
300,10401183465,10401183502,1,"IOTHUB_CLIENT_CONFIRMATION_OK"
301,10401183665,10401183698,1,"IOTHUB_CLIENT_CONFIRMATION_OK"
302,10401183865,10401183902,1,"IOTHUB_CLIENT_CONFIRMATION_OK"
303,10401184065,10401184100,1,"IOTHUB_CLIENT_CONFIRMATION_OK"
304,10401184265,10401184310,1,"IOTHUB_CLIENT_CONFIRMATION_OK"
305,10401184465,10401184505,1,"IOTHUB_CLIENT_CONFIRMATION_OK"
306,10401184665,10401184706,1,"IOTHUB_CLIENT_CONFIRMATION_OK"
307,10401184866,10401184899,1,"IOTHUB_CLIENT_CONFIRMATION_OK"
308,10401185066,10401185126,1,"IOTHUB_CLIENT_CONFIRMATION_OK"
309,10401185266,10401185303,1,"IOTHUB_CLIENT_CONFIRMATION_OK"
310,10401185466,10401185501,1,"IOTHUB_CLIENT_CONFIRMATION_OK"
311,10401185666,10401185701,1,"IOTHUB_CLIENT_CONFIRMATION_OK"
312,10401185866,10401185903,1,"IOTHUB_CLIENT_CONFIRMATION_OK"
313,10401186067,10401186127,1,"IOTHUB_CLIENT_CONFIRMATION_OK"
314,10401186267,10401186302,1,"IOTHUB_CLIENT_CONFIRMATION_OK"
315,10401186467,10401186503,1,"IOTHUB_CLIENT_CONFIRMATION_OK"
316,10401186667,10401186762,1,"IOTHUB_CLIENT_CONFIRMATION_OK"
317,10401186867,10401186905,1,"IOTHUB_CLIENT_CONFIRMATION_OK"
318,10401187067,10401187106,1,"IOTHUB_CLIENT_CONFIRMATION_OK"
319,10401187267,10401187356,1,"IOTHUB_CLIENT_CONFIRMATION_OK"
320,10401187468,10401187568,1,"IOTHUB_CLIENT_CONFIRMATION_OK"
321,10401187668,10401187706,1,"IOTHUB_CLIENT_CONFIRMATION_OK"
322,10401187868,10401187905,1,"IOTHUB_CLIENT_CONFIRMATION_OK"
323,10401188068,10401188102,1,"IOTHUB_CLIENT_CONFIRMATION_OK"
324,10401188268,10401188300,1,"IOTHUB_CLIENT_CONFIRMATION_OK"
325,10401188468,10401188504,1,"IOTHUB_CLIENT_CONFIRMATION_OK"
326,10401188669,10401188700,1,"IOTHUB_CLIENT_CONFIRMATION_OK"
327,10401188869,10401188918,1,"IOTHUB_CLIENT_CONFIRMATION_OK"
328,10401189069,10401189105,1,"IOTHUB_CLIENT_CONFIRMATION_OK"
329,10401189269,10401189305,1,"IOTHUB_CLIENT_CONFIRMATION_OK"
330,10401189469,10401189634,1,"IOTHUB_CLIENT_CONFIRMATION_OK"
331,10401189669,10401189702,1,"IOTHUB_CLIENT_CONFIRMATION_OK"
332,10401189870,10401189920,1,"IOTHUB_CLIENT_CONFIRMATION_OK"
333,10401190070,10401190235,1,"IOTHUB_CLIENT_CONFIRMATION_OK"
334,10401190270,10401190324,1,"IOTHUB_CLIENT_CONFIRMATION_OK"
335,10401190470,10401190508,1,"IOTHUB_CLIENT_CONFIRMATION_OK"
336,10401190670,10401190706,1,"IOTHUB_CLIENT_CONFIRMATION_OK"
337,10401190870,10401190913,1,"IOTHUB_CLIENT_CONFIRMATION_OK"
338,10401191071,10401191108,1,"IOTHUB_CLIENT_CONFIRMATION_OK"
339,10401191271,10401191309,1,"IOTHUB_CLIENT_CONFIRMATION_OK"
340,10401191471,10401191510,1,"IOTHUB_CLIENT_CONFIRMATION_OK"
341,10401191671,10401191707,1,"IOTHUB_CLIENT_CONFIRMATION_OK"
342,10401191871,10401191909,1,"IOTHUB_CLIENT_CONFIRMATION_OK"
343,10401192071,10401192111,1,"IOTHUB_CLIENT_CONFIRMATION_OK"
344,10401192271,10401192319,1,"IOTHUB_CLIENT_CONFIRMATION_OK"
345,10401192472,10401192513,1,"IOTHUB_CLIENT_CONFIRMATION_OK"
346,10401192672,10401192708,1,"IOTHUB_CLIENT_CONFIRMATION_OK"
347,10401192872,10401193072,1,"IOTHUB_CLIENT_CONFIRMATION_OK"
348,10401193072,10401193108,1,"IOTHUB_CLIENT_CONFIRMATION_OK"
349,10401193272,10401193308,1,"IOTHUB_CLIENT_CONFIRMATION_OK"
350,10401193472,10401193530,1,"IOTHUB_CLIENT_CONFIRMATION_OK"
351,10401193672,10401193714,1,"IOTHUB_CLIENT_CONFIRMATION_OK"
352,10401193873,10401193921,1,"IOTHUB_CLIENT_CONFIRMATION_OK"
353,10401194073,10401194121,1,"IOTHUB_CLIENT_CONFIRMATION_OK"
354,10401194273,10401194316,1,"IOTHUB_CLIENT_CONFIRMATION_OK"
355,10401194473,10401194512,1,"IOTHUB_CLIENT_CONFIRMATION_OK"
356,10401194673,10401194725,1,"IOTHUB_CLIENT_CONFIRMATION_OK"
357,10401194873,10401194915,1,"IOTHUB_CLIENT_CONFIRMATION_OK"
358,10401195074,10401195107,1,"IOTHUB_CLIENT_CONFIRMATION_OK"
359,10401195274,10401195345,1,"IOTHUB_CLIENT_CONFIRMATION_OK"
360,10401195474,10401195506,1,"IOTHUB_CLIENT_CONFIRMATION_OK"
361,10401195674,10401195710,1,"IOTHUB_CLIENT_CONFIRMATION_OK"
362,10401195874,10401195919,1,"IOTHUB_CLIENT_CONFIRMATION_OK"
363,10401196074,10401196118,1,"IOTHUB_CLIENT_CONFIRMATION_OK"
364,10401196274,10401196394,1,"IOTHUB_CLIENT_CONFIRMATION_OK"
365,10401196475,10401196515,1,"IOTHUB_CLIENT_CONFIRMATION_OK"
366,10401196675,10401196718,1,"IOTHUB_CLIENT_CONFIRMATION_OK"
367,10401196875,10401196973,1,"IOTHUB_CLIENT_CONFIRMATION_OK"
368,10401197075,10401197112,1,"IOTHUB_CLIENT_CONFIRMATION_OK"
369,10401197275,10401197313,1,"IOTHUB_CLIENT_CONFIRMATION_OK"
370,10401197475,10401197603,1,"IOTHUB_CLIENT_CONFIRMATION_OK"
371,10401197675,10401197712,1,"IOTHUB_CLIENT_CONFIRMATION_OK"
372,10401197876,10401197933,1,"IOTHUB_CLIENT_CONFIRMATION_OK"
373,10401198076,10401198114,1,"IOTHUB_CLIENT_CONFIRMATION_OK"
374,10401198276,10401198315,1,"IOTHUB_CLIENT_CONFIRMATION_OK"
375,10401198476,10401198528,1,"IOTHUB_CLIENT_CONFIRMATION_OK"
376,10401198676,10401198711,1,"IOTHUB_CLIENT_CONFIRMATION_OK"
377,10401198876,10401198910,1,"IOTHUB_CLIENT_CONFIRMATION_OK"
378,10401199077,10401199196,1,"IOTHUB_CLIENT_CONFIRMATION_OK"
379,10401199277,10401199316,1,"IOTHUB_CLIENT_CONFIRMATION_OK"
380,10401199477,10401199515,1,"IOTHUB_CLIENT_CONFIRMATION_OK"
381,10401199677,10401199973,1,"IOTHUB_CLIENT_CONFIRMATION_OK"
382,10401199877,10401199992,1,"IOTHUB_CLIENT_CONFIRMATION_OK"
383,10401200077,10401200113,1,"IOTHUB_CLIENT_CONFIRMATION_OK"
384,10401200277,10401200386,1,"IOTHUB_CLIENT_CONFIRMATION_OK"
385,10401200478,10401200522,1,"IOTHUB_CLIENT_CONFIRMATION_OK"
386,10401200678,10401200714,1,"IOTHUB_CLIENT_CONFIRMATION_OK"
387,10401200878,10401200994,1,"IOTHUB_CLIENT_CONFIRMATION_OK"
388,10401201078,10401201110,1,"IOTHUB_CLIENT_CONFIRMATION_OK"
389,10401201278,10401201311,1,"IOTHUB_CLIENT_CONFIRMATION_OK"
390,10401201478,10401201519,1,"IOTHUB_CLIENT_CONFIRMATION_OK"
391,10401201679,10401201742,1,"IOTHUB_CLIENT_CONFIRMATION_OK"
392,10401201879,10401201915,1,"IOTHUB_CLIENT_CONFIRMATION_OK"
393,10401202079,10401202117,1,"IOTHUB_CLIENT_CONFIRMATION_OK"
394,10401202279,10401202324,1,"IOTHUB_CLIENT_CONFIRMATION_OK"
395,10401202479,10401202629,1,"IOTHUB_CLIENT_CONFIRMATION_OK"
396,10401202679,10401202714,1,"IOTHUB_CLIENT_CONFIRMATION_OK"
397,10401202879,10401202922,1,"IOTHUB_CLIENT_CONFIRMATION_OK"
398,10401203080,10401203254,1,"IOTHUB_CLIENT_CONFIRMATION_OK"
399,10401203280,10401203329,1,"IOTHUB_CLIENT_CONFIRMATION_OK"
400,10401203480,10401203519,1,"IOTHUB_CLIENT_CONFIRMATION_OK"
401,10401203680,10401203714,1,"IOTHUB_CLIENT_CONFIRMATION_OK"
402,10401203880,10401203921,1,"IOTHUB_CLIENT_CONFIRMATION_OK"
403,10401204080,10401204117,1,"IOTHUB_CLIENT_CONFIRMATION_OK"
404,10401204281,10401204326,1,"IOTHUB_CLIENT_CONFIRMATION_OK"
405,10401204481,10401204536,1,"IOTHUB_CLIENT_CONFIRMATION_OK"
406,10401204681,10401204721,1,"IOTHUB_CLIENT_CONFIRMATION_OK"
407,10401204881,10401204928,1,"IOTHUB_CLIENT_CONFIRMATION_OK"
408,10401205081,10401205120,1,"IOTHUB_CLIENT_CONFIRMATION_OK"
409,10401205281,10401205314,1,"IOTHUB_CLIENT_CONFIRMATION_OK"
410,10401205482,10401205538,1,"IOTHUB_CLIENT_CONFIRMATION_OK"
411,10401205682,10401205758,1,"IOTHUB_CLIENT_CONFIRMATION_OK"
412,10401205882,10401205923,1,"IOTHUB_CLIENT_CONFIRMATION_OK"
413,10401206082,10401206116,1,"IOTHUB_CLIENT_CONFIRMATION_OK"
414,10401206282,10401206332,1,"IOTHUB_CLIENT_CONFIRMATION_OK"
415,10401206482,10401206535,1,"IOTHUB_CLIENT_CONFIRMATION_OK"
416,10401206682,10401206714,1,"IOTHUB_CLIENT_CONFIRMATION_OK"
417,10401206883,10401206924,1,"IOTHUB_CLIENT_CONFIRMATION_OK"
418,10401207083,10401207159,1,"IOTHUB_CLIENT_CONFIRMATION_OK"
419,10401207283,10401207329,1,"IOTHUB_CLIENT_CONFIRMATION_OK"
420,10401207483,10401207537,1,"IOTHUB_CLIENT_CONFIRMATION_OK"
421,10401207683,10401207789,1,"IOTHUB_CLIENT_CONFIRMATION_OK"
422,10401207883,10401207919,1,"IOTHUB_CLIENT_CONFIRMATION_OK"
423,10401208083,10401208119,1,"IOTHUB_CLIENT_CONFIRMATION_OK"
424,10401208284,10401208334,1,"IOTHUB_CLIENT_CONFIRMATION_OK"
425,10401208484,10401208523,1,"IOTHUB_CLIENT_CONFIRMATION_OK"
426,10401208684,10401208723,1,"IOTHUB_CLIENT_CONFIRMATION_OK"
427,10401208884,10401208925,1,"IOTHUB_CLIENT_CONFIRMATION_OK"
428,10401209084,10401209119,1,"IOTHUB_CLIENT_CONFIRMATION_OK"
429,10401209285,10401209423,1,"IOTHUB_CLIENT_CONFIRMATION_OK"
430,10401209485,10401209519,1,"IOTHUB_CLIENT_CONFIRMATION_OK"
431,10401209685,10401209778,1,"IOTHUB_CLIENT_CONFIRMATION_OK"
432,10401209885,10401210022,1,"IOTHUB_CLIENT_CONFIRMATION_OK"
433,10401210085,10401210121,1,"IOTHUB_CLIENT_CONFIRMATION_OK"
434,10401210285,10401210354,1,"IOTHUB_CLIENT_CONFIRMATION_OK"
435,10401210486,10401210526,1,"IOTHUB_CLIENT_CONFIRMATION_OK"
436,10401210686,10401210742,1,"IOTHUB_CLIENT_CONFIRMATION_OK"
437,10401210886,10401210922,1,"IOTHUB_CLIENT_CONFIRMATION_OK"
438,10401211086,10401211121,1,"IOTHUB_CLIENT_CONFIRMATION_OK"
439,10401211286,10401211322,1,"IOTHUB_CLIENT_CONFIRMATION_OK"
440,10401211486,10401211523,1,"IOTHUB_CLIENT_CONFIRMATION_OK"
441,10401211687,10401211718,1,"IOTHUB_CLIENT_CONFIRMATION_OK"
442,10401211887,10401211928,1,"IOTHUB_CLIENT_CONFIRMATION_OK"
443,10401212087,10401212249,1,"IOTHUB_CLIENT_CONFIRMATION_OK"
444,10401212287,10401212320,1,"IOTHUB_CLIENT_CONFIRMATION_OK"
445,10401212487,10401212520,1,"IOTHUB_CLIENT_CONFIRMATION_OK"
446,10401212687,10401212911,1,"IOTHUB_CLIENT_CONFIRMATION_OK"
447,10401212887,10401212934,1,"IOTHUB_CLIENT_CONFIRMATION_OK"
448,10401213088,10401213122,1,"IOTHUB_CLIENT_CONFIRMATION_OK"
449,10401213288,10401213327,1,"IOTHUB_CLIENT_CONFIRMATION_OK"
450,10401213488,10401213529,1,"IOTHUB_CLIENT_CONFIRMATION_OK"
451,10401213688,10401213736,1,"IOTHUB_CLIENT_CONFIRMATION_OK"
452,10401213888,10401213924,1,"IOTHUB_CLIENT_CONFIRMATION_OK"
453,10401214088,10401214144,1,"IOTHUB_CLIENT_CONFIRMATION_OK"
454,10401214289,10401214330,1,"IOTHUB_CLIENT_CONFIRMATION_OK"
455,10401214489,10401214523,1,"IOTHUB_CLIENT_CONFIRMATION_OK"
456,10401214689,10401214731,1,"IOTHUB_CLIENT_CONFIRMATION_OK"
457,10401214889,10401214928,1,"IOTHUB_CLIENT_CONFIRMATION_OK"
458,10401215089,10401215133,1,"IOTHUB_CLIENT_CONFIRMATION_OK"
459,10401215289,10401215324,1,"IOTHUB_CLIENT_CONFIRMATION_OK"
460,10401215489,10401215686,1,"IOTHUB_CLIENT_CONFIRMATION_OK"
461,10401215689,10401215735,1,"IOTHUB_CLIENT_CONFIRMATION_OK"
462,10401215890,10401215930,1,"IOTHUB_CLIENT_CONFIRMATION_OK"
463,10401216090,10401216174,1,"IOTHUB_CLIENT_CONFIRMATION_OK"
464,10401216290,10401216339,1,"IOTHUB_CLIENT_CONFIRMATION_OK"
465,10401216490,10401216526,1,"IOTHUB_CLIENT_CONFIRMATION_OK"
466,10401216690,10401216725,1,"IOTHUB_CLIENT_CONFIRMATION_OK"
467,10401216890,10401216930,1,"IOTHUB_CLIENT_CONFIRMATION_OK"
468,10401217091,10401217124,1,"IOTHUB_CLIENT_CONFIRMATION_OK"
469,10401217291,10401217330,1,"IOTHUB_CLIENT_CONFIRMATION_OK"
470,10401217491,10401217532,1,"IOTHUB_CLIENT_CONFIRMATION_OK"
471,10401217691,10401217729,1,"IOTHUB_CLIENT_CONFIRMATION_OK"
472,10401217891,10401217948,1,"IOTHUB_CLIENT_CONFIRMATION_OK"
473,10401218091,10401218128,1,"IOTHUB_CLIENT_CONFIRMATION_OK"
474,10401218292,10401218324,1,"IOTHUB_CLIENT_CONFIRMATION_OK"
475,10401218492,10401218546,1,"IOTHUB_CLIENT_CONFIRMATION_OK"
476,10401218692,10401218731,1,"IOTHUB_CLIENT_CONFIRMATION_OK"
477,10401218892,10401218974,1,"IOTHUB_CLIENT_CONFIRMATION_OK"
478,10401219092,10401219131,1,"IOTHUB_CLIENT_CONFIRMATION_OK"
479,10401219292,10401219331,1,"IOTHUB_CLIENT_CONFIRMATION_OK"
480,10401219492,10401219607,1,"IOTHUB_CLIENT_CONFIRMATION_OK"
481,10401219693,10401219737,1,"IOTHUB_CLIENT_CONFIRMATION_OK"
482,10401219893,10401219934,1,"IOTHUB_CLIENT_CONFIRMATION_OK"
483,10401220093,10401220224,1,"IOTHUB_CLIENT_CONFIRMATION_OK"
484,10401220293,10401220338,1,"IOTHUB_CLIENT_CONFIRMATION_OK"
485,10401220493,10401220530,1,"IOTHUB_CLIENT_CONFIRMATION_OK"
486,10401220693,10401220734,1,"IOTHUB_CLIENT_CONFIRMATION_OK"
487,10401220894,10401220958,1,"IOTHUB_CLIENT_CONFIRMATION_OK"
488,10401221094,10401221131,1,"IOTHUB_CLIENT_CONFIRMATION_OK"
489,10401221294,10401221335,1,"IOTHUB_CLIENT_CONFIRMATION_OK"
490,10401221494,10401221539,1,"IOTHUB_CLIENT_CONFIRMATION_OK"
491,10401221694,10401221734,1,"IOTHUB_CLIENT_CONFIRMATION_OK"
492,10401221894,10401221937,1,"IOTHUB_CLIENT_CONFIRMATION_OK"
493,10401222094,10401222216,1,"IOTHUB_CLIENT_CONFIRMATION_OK"
494,10401222295,10401222480,1,"IOTHUB_CLIENT_CONFIRMATION_OK"
495,10401222495,10401222535,1,"IOTHUB_CLIENT_CONFIRMATION_OK"
496,10401222695,10401222732,1,"IOTHUB_CLIENT_CONFIRMATION_OK"
497,10401222895,10401222954,1,"IOTHUB_CLIENT_CONFIRMATION_OK"
498,10401223095,10401223139,1,"IOTHUB_CLIENT_CONFIRMATION_OK"
499,10401223295,10401223334,1,"IOTHUB_CLIENT_CONFIRMATION_OK"
500,10401223496,10401223540,1,"IOTHUB_CLIENT_CONFIRMATION_OK"
501,10401223696,10401223728,1,"IOTHUB_CLIENT_CONFIRMATION_OK"
502,10401223896,10401223979,1,"IOTHUB_CLIENT_CONFIRMATION_OK"
503,10401224096,10401224133,1,"IOTHUB_CLIENT_CONFIRMATION_OK"
504,10401224296,10401224331,1,"IOTHUB_CLIENT_CONFIRMATION_OK"
505,10401224496,10401224541,1,"IOTHUB_CLIENT_CONFIRMATION_OK"
506,10401224696,10401224762,1,"IOTHUB_CLIENT_CONFIRMATION_OK"
507,10401224897,10401224934,1,"IOTHUB_CLIENT_CONFIRMATION_OK"
508,10401225097,10401225130,1,"IOTHUB_CLIENT_CONFIRMATION_OK"
509,10401225297,10401225340,1,"IOTHUB_CLIENT_CONFIRMATION_OK"
510,10401225497,10401225537,1,"IOTHUB_CLIENT_CONFIRMATION_OK"
511,10401225697,10401225749,1,"IOTHUB_CLIENT_CONFIRMATION_OK"
512,10401225897,10401225932,1,"IOTHUB_CLIENT_CONFIRMATION_OK"
513,10401226098,10401226208,1,"IOTHUB_CLIENT_CONFIRMATION_OK"
514,10401226298,10401226339,1,"IOTHUB_CLIENT_CONFIRMATION_OK"
515,10401226498,10401226534,1,"IOTHUB_CLIENT_CONFIRMATION_OK"
516,10401226698,10401226739,1,"IOTHUB_CLIENT_CONFIRMATION_OK"
517,10401226898,10401226948,1,"IOTHUB_CLIENT_CONFIRMATION_OK"
518,10401227098,10401227142,1,"IOTHUB_CLIENT_CONFIRMATION_OK"
519,10401227298,10401227338,1,"IOTHUB_CLIENT_CONFIRMATION_OK"
520,10401227499,10401227563,1,"IOTHUB_CLIENT_CONFIRMATION_OK"
521,10401227699,10401227735,1,"IOTHUB_CLIENT_CONFIRMATION_OK"
522,10401227899,10401227935,1,"IOTHUB_CLIENT_CONFIRMATION_OK"
523,10401228099,10401228180,1,"IOTHUB_CLIENT_CONFIRMATION_OK"
524,10401228299,10401228354,1,"IOTHUB_CLIENT_CONFIRMATION_OK"
525,10401228500,10401228539,1,"IOTHUB_CLIENT_CONFIRMATION_OK"
526,10401228700,10401228737,1,"IOTHUB_CLIENT_CONFIRMATION_OK"
527,10401228900,10401228935,1,"IOTHUB_CLIENT_CONFIRMATION_OK"
528,10401229100,10401229187,1,"IOTHUB_CLIENT_CONFIRMATION_OK"
529,10401229300,10401229339,1,"IOTHUB_CLIENT_CONFIRMATION_OK"
530,10401229500,10401229551,1,"IOTHUB_CLIENT_CONFIRMATION_OK"
531,10401229701,10401229833,1,"IOTHUB_CLIENT_CONFIRMATION_OK"
532,10401229901,10401229936,1,"IOTHUB_CLIENT_CONFIRMATION_OK"
533,10401230101,10401230134,1,"IOTHUB_CLIENT_CONFIRMATION_OK"
534,10401230301,10401230421,1,"IOTHUB_CLIENT_CONFIRMATION_OK"
535,10401230501,10401230539,1,"IOTHUB_CLIENT_CONFIRMATION_OK"
536,10401230701,10401230738,1,"IOTHUB_CLIENT_CONFIRMATION_OK"
537,10401230902,10401230958,1,"IOTHUB_CLIENT_CONFIRMATION_OK"
538,10401231102,10401231149,1,"IOTHUB_CLIENT_CONFIRMATION_OK"
539,10401231302,10401231338,1,"IOTHUB_CLIENT_CONFIRMATION_OK"
540,10401231502,10401231540,1,"IOTHUB_CLIENT_CONFIRMATION_OK"
541,10401231702,10401231736,1,"IOTHUB_CLIENT_CONFIRMATION_OK"
542,10401231902,10401231938,1,"IOTHUB_CLIENT_CONFIRMATION_OK"
543,10401232102,10401232138,1,"IOTHUB_CLIENT_CONFIRMATION_OK"
544,10401232303,10401232342,1,"IOTHUB_CLIENT_CONFIRMATION_OK"
545,10401232503,10401232682,1,"IOTHUB_CLIENT_CONFIRMATION_OK"
546,10401232703,10401232739,1,"IOTHUB_CLIENT_CONFIRMATION_OK"
547,10401232903,10401232938,1,"IOTHUB_CLIENT_CONFIRMATION_OK"
548,10401233103,10401233266,1,"IOTHUB_CLIENT_CONFIRMATION_OK"
549,10401233303,10401233338,1,"IOTHUB_CLIENT_CONFIRMATION_OK"
550,10401233504,10401233542,1,"IOTHUB_CLIENT_CONFIRMATION_OK"
551,10401233704,10401233737,1,"IOTHUB_CLIENT_CONFIRMATION_OK"
552,10401233904,10401233940,1,"IOTHUB_CLIENT_CONFIRMATION_OK"
553,10401234104,10401234142,1,"IOTHUB_CLIENT_CONFIRMATION_OK"
554,10401234304,10401234340,1,"IOTHUB_CLIENT_CONFIRMATION_OK"
555,10401234504,10401234555,1,"IOTHUB_CLIENT_CONFIRMATION_OK"
556,10401234704,10401234739,1,"IOTHUB_CLIENT_CONFIRMATION_OK"
557,10401234905,10401234947,1,"IOTHUB_CLIENT_CONFIRMATION_OK"
558,10401235105,10401235144,1,"IOTHUB_CLIENT_CONFIRMATION_OK"
559,10401235305,10401235340,1,"IOTHUB_CLIENT_CONFIRMATION_OK"
560,10401235505,10401235542,1,"IOTHUB_CLIENT_CONFIRMATION_OK"
561,10401235705,10401235743,1,"IOTHUB_CLIENT_CONFIRMATION_OK"
562,10401235905,10401235947,1,"IOTHUB_CLIENT_CONFIRMATION_OK"
563,10401236106,10401236142,1,"IOTHUB_CLIENT_CONFIRMATION_OK"
564,10401236306,10401236342,1,"IOTHUB_CLIENT_CONFIRMATION_OK"
565,10401236506,10401236545,1,"IOTHUB_CLIENT_CONFIRMATION_OK"
566,10401236706,10401236747,1,"IOTHUB_CLIENT_CONFIRMATION_OK"
567,10401236906,10401236949,1,"IOTHUB_CLIENT_CONFIRMATION_OK"
568,10401237106,10401237157,1,"IOTHUB_CLIENT_CONFIRMATION_OK"
569,10401237307,10401237344,1,"IOTHUB_CLIENT_CONFIRMATION_OK"
570,10401237507,10401237547,1,"IOTHUB_CLIENT_CONFIRMATION_OK"
571,10401237707,10401237758,1,"IOTHUB_CLIENT_CONFIRMATION_OK"
572,10401237907,10401237943,1,"IOTHUB_CLIENT_CONFIRMATION_OK"
573,10401238107,10401238152,1,"IOTHUB_CLIENT_CONFIRMATION_OK"
574,10401238307,10401238370,1,"IOTHUB_CLIENT_CONFIRMATION_OK"
575,10401238508,10401238570,1,"IOTHUB_CLIENT_CONFIRMATION_OK"
576,10401238708,10401238784,1,"IOTHUB_CLIENT_CONFIRMATION_OK"
577,10401238908,10401238947,1,"IOTHUB_CLIENT_CONFIRMATION_OK"
578,10401239108,10401239144,1,"IOTHUB_CLIENT_CONFIRMATION_OK"
579,10401239308,10401239372,1,"IOTHUB_CLIENT_CONFIRMATION_OK"
580,10401239508,10401239543,1,"IOTHUB_CLIENT_CONFIRMATION_OK"
581,10401239709,10401239744,1,"IOTHUB_CLIENT_CONFIRMATION_OK"
582,10401239909,10401239984,1,"IOTHUB_CLIENT_CONFIRMATION_OK"
583,10401240109,10401240145,1,"IOTHUB_CLIENT_CONFIRMATION_OK"
584,10401240309,10401240342,1,"IOTHUB_CLIENT_CONFIRMATION_OK"
585,10401240509,10401240597,1,"IOTHUB_CLIENT_CONFIRMATION_OK"
586,10401240709,10401240752,1,"IOTHUB_CLIENT_CONFIRMATION_OK"
587,10401240910,10401240946,1,"IOTHUB_CLIENT_CONFIRMATION_OK"
588,10401241110,10401241150,1,"IOTHUB_CLIENT_CONFIRMATION_OK"
589,10401241310,10401241346,1,"IOTHUB_CLIENT_CONFIRMATION_OK"
590,10401241510,10401241545,1,"IOTHUB_CLIENT_CONFIRMATION_OK"
591,10401241710,10401241805,1,"IOTHUB_CLIENT_CONFIRMATION_OK"
592,10401241910,10401241948,1,"IOTHUB_CLIENT_CONFIRMATION_OK"
593,10401242111,10401242232,1,"IOTHUB_CLIENT_CONFIRMATION_OK"
594,10401242311,10401242344,1,"IOTHUB_CLIENT_CONFIRMATION_OK"
595,10401242511,10401242559,1,"IOTHUB_CLIENT_CONFIRMATION_OK"
596,10401242711,10401242857,1,"IOTHUB_CLIENT_CONFIRMATION_OK"
597,10401242911,10401242949,1,"IOTHUB_CLIENT_CONFIRMATION_OK"
598,10401243111,10401243156,1,"IOTHUB_CLIENT_CONFIRMATION_OK"
599,10401243311,10401243350,1,"IOTHUB_CLIENT_CONFIRMATION_OK"
600,10401243512,10401243556,1,"IOTHUB_CLIENT_CONFIRMATION_OK"
601,10401243712,10401243762,1,"IOTHUB_CLIENT_CONFIRMATION_OK"
602,10401243912,10401243949,1,"IOTHUB_CLIENT_CONFIRMATION_OK"
603,10401244112,10401244147,1,"IOTHUB_CLIENT_CONFIRMATION_OK"
604,10401244312,10401244353,1,"IOTHUB_CLIENT_CONFIRMATION_OK"
605,10401244512,10401244549,1,"IOTHUB_CLIENT_CONFIRMATION_OK"
606,10401244713,10401244752,1,"IOTHUB_CLIENT_CONFIRMATION_OK"
607,10401244913,10401245144,1,"IOTHUB_CLIENT_CONFIRMATION_OK"
608,10401245113,10401245175,1,"IOTHUB_CLIENT_CONFIRMATION_OK"
609,10401245313,10401245362,1,"IOTHUB_CLIENT_CONFIRMATION_OK"
610,10401245513,10401245655,1,"IOTHUB_CLIENT_CONFIRMATION_OK"
611,10401245713,10401245744,1,"IOTHUB_CLIENT_CONFIRMATION_OK"
612,10401245913,10401245947,1,"IOTHUB_CLIENT_CONFIRMATION_OK"
613,10401246114,10401246265,1,"IOTHUB_CLIENT_CONFIRMATION_OK"
614,10401246314,10401246346,1,"IOTHUB_CLIENT_CONFIRMATION_OK"
615,10401246514,10401246560,1,"IOTHUB_CLIENT_CONFIRMATION_OK"
616,10401246714,10401246747,1,"IOTHUB_CLIENT_CONFIRMATION_OK"
617,10401246914,10401246942,1,"IOTHUB_CLIENT_CONFIRMATION_OK"
618,10401247114,10401247148,1,"IOTHUB_CLIENT_CONFIRMATION_OK"
619,10401247315,10401247364,1,"IOTHUB_CLIENT_CONFIRMATION_OK"
620,10401247515,10401247545,1,"IOTHUB_CLIENT_CONFIRMATION_OK"
621,10401247715,10401247747,1,"IOTHUB_CLIENT_CONFIRMATION_OK"
622,10401247915,10401247948,1,"IOTHUB_CLIENT_CONFIRMATION_OK"
623,10401248115,10401248154,1,"IOTHUB_CLIENT_CONFIRMATION_OK"
624,10401248315,10401248474,1,"IOTHUB_CLIENT_CONFIRMATION_OK"
625,10401248515,10401248555,1,"IOTHUB_CLIENT_CONFIRMATION_OK"
626,10401248716,10401248749,1,"IOTHUB_CLIENT_CONFIRMATION_OK"
627,10401248916,10401249107,1,"IOTHUB_CLIENT_CONFIRMATION_OK"
628,10401249116,10401249157,1,"IOTHUB_CLIENT_CONFIRMATION_OK"
629,10401249316,10401249365,1,"IOTHUB_CLIENT_CONFIRMATION_OK"
630,10401249516,10401249548,1,"IOTHUB_CLIENT_CONFIRMATION_OK"
631,10401249716,10401249781,1,"IOTHUB_CLIENT_CONFIRMATION_OK"
632,10401249917,10401249948,1,"IOTHUB_CLIENT_CONFIRMATION_OK"
633,10401250117,10401250146,1,"IOTHUB_CLIENT_CONFIRMATION_OK"
634,10401250317,10401250348,1,"IOTHUB_CLIENT_CONFIRMATION_OK"
635,10401250517,10401250547,1,"IOTHUB_CLIENT_CONFIRMATION_OK"
636,10401250717,10401250754,1,"IOTHUB_CLIENT_CONFIRMATION_OK"
637,10401250917,10401250947,1,"IOTHUB_CLIENT_CONFIRMATION_OK"
638,10401251118,10401251157,1,"IOTHUB_CLIENT_CONFIRMATION_OK"
639,10401251318,10401251348,1,"IOTHUB_CLIENT_CONFIRMATION_OK"
640,10401251518,10401251549,1,"IOTHUB_CLIENT_CONFIRMATION_OK"
641,10401251718,10401251807,1,"IOTHUB_CLIENT_CONFIRMATION_OK"
642,10401251918,10401252011,1,"IOTHUB_CLIENT_CONFIRMATION_OK"
643,10401252118,10401252150,1,"IOTHUB_CLIENT_CONFIRMATION_OK"
644,10401252319,10401252425,1,"IOTHUB_CLIENT_CONFIRMATION_OK"
645,10401252519,10401252557,1,"IOTHUB_CLIENT_CONFIRMATION_OK"
646,10401252719,10401252754,1,"IOTHUB_CLIENT_CONFIRMATION_OK"
647,10401252919,10401253042,1,"IOTHUB_CLIENT_CONFIRMATION_OK"
648,10401253119,10401253151,1,"IOTHUB_CLIENT_CONFIRMATION_OK"
649,10401253319,10401253372,1,"IOTHUB_CLIENT_CONFIRMATION_OK"
650,10401253519,10401253557,1,"IOTHUB_CLIENT_CONFIRMATION_OK"
651,10401253719,10401253792,1,"IOTHUB_CLIENT_CONFIRMATION_OK"
652,10401253920,10401253956,1,"IOTHUB_CLIENT_CONFIRMATION_OK"
653,10401254120,10401254147,1,"IOTHUB_CLIENT_CONFIRMATION_OK"
654,10401254320,10401254377,1,"IOTHUB_CLIENT_CONFIRMATION_OK"
655,10401254520,10401254548,1,"IOTHUB_CLIENT_CONFIRMATION_OK"
656,10401254720,10401254752,1,"IOTHUB_CLIENT_CONFIRMATION_OK"
657,10401254920,10401254954,1,"IOTHUB_CLIENT_CONFIRMATION_OK"
658,10401255121,10401255262,1,"IOTHUB_CLIENT_CONFIRMATION_OK"
659,10401255321,10401255352,1,"IOTHUB_CLIENT_CONFIRMATION_OK"
660,10401255521,10401255553,1,"IOTHUB_CLIENT_CONFIRMATION_OK"
661,10401255721,10401255880,1,"IOTHUB_CLIENT_CONFIRMATION_OK"
662,10401255921,10401255953,1,"IOTHUB_CLIENT_CONFIRMATION_OK"
663,10401256121,10401256505,1,"IOTHUB_CLIENT_CONFIRMATION_OK"
664,10401256321,10401256528,1,"IOTHUB_CLIENT_CONFIRMATION_OK"
665,10401256522,10401256585,1,"IOTHUB_CLIENT_CONFIRMATION_OK"
666,10401256722,10401256754,1,"IOTHUB_CLIENT_CONFIRMATION_OK"
667,10401256922,10401256955,1,"IOTHUB_CLIENT_CONFIRMATION_OK"
668,10401257122,10401257179,1,"IOTHUB_CLIENT_CONFIRMATION_OK"
669,10401257322,10401257354,1,"IOTHUB_CLIENT_CONFIRMATION_OK"
670,10401257522,10401257586,1,"IOTHUB_CLIENT_CONFIRMATION_OK"
671,10401257722,10401257753,1,"IOTHUB_CLIENT_CONFIRMATION_OK"
672,10401257923,10401257965,1,"IOTHUB_CLIENT_CONFIRMATION_OK"
673,10401258123,10401258153,1,"IOTHUB_CLIENT_CONFIRMATION_OK"
674,10401258323,10401258365,1,"IOTHUB_CLIENT_CONFIRMATION_OK"
675,10401258523,10401258593,1,"IOTHUB_CLIENT_CONFIRMATION_OK"
676,10401258723,10401258766,1,"IOTHUB_CLIENT_CONFIRMATION_OK"
677,10401258923,10401258952,1,"IOTHUB_CLIENT_CONFIRMATION_OK"
678,10401259124,10401259343,1,"IOTHUB_CLIENT_CONFIRMATION_OK"
679,10401259324,10401259364,1,"IOTHUB_CLIENT_CONFIRMATION_OK"
680,10401259524,10401259558,1,"IOTHUB_CLIENT_CONFIRMATION_OK"
681,10401259724,10401259759,1,"IOTHUB_CLIENT_CONFIRMATION_OK"
682,10401259924,10401259964,1,"IOTHUB_CLIENT_CONFIRMATION_OK"
683,10401260124,10401260153,1,"IOTHUB_CLIENT_CONFIRMATION_OK"
684,10401260324,10401260386,1,"IOTHUB_CLIENT_CONFIRMATION_OK"
685,10401260525,10401260562,1,"IOTHUB_CLIENT_CONFIRMATION_OK"
686,10401260725,10401260753,1,"IOTHUB_CLIENT_CONFIRMATION_OK"
687,10401260925,10401261001,1,"IOTHUB_CLIENT_CONFIRMATION_OK"
688,10401261125,10401261155,1,"IOTHUB_CLIENT_CONFIRMATION_OK"
689,10401261325,10401261366,1,"IOTHUB_CLIENT_CONFIRMATION_OK"
690,10401261525,10401261558,1,"IOTHUB_CLIENT_CONFIRMATION_OK"
691,10401261726,10401261758,1,"IOTHUB_CLIENT_CONFIRMATION_OK"
692,10401261926,10401262048,1,"IOTHUB_CLIENT_CONFIRMATION_OK"
693,10401262126,10401262156,1,"IOTHUB_CLIENT_CONFIRMATION_OK"
694,10401262326,10401262395,1,"IOTHUB_CLIENT_CONFIRMATION_OK"
695,10401262526,10401262675,1,"IOTHUB_CLIENT_CONFIRMATION_OK"
696,10401262726,10401262759,1,"IOTHUB_CLIENT_CONFIRMATION_OK"
697,10401262926,10401262958,1,"IOTHUB_CLIENT_CONFIRMATION_OK"
698,10401263127,10401263156,1,"IOTHUB_CLIENT_CONFIRMATION_OK"
699,10401263327,10401263365,1,"IOTHUB_CLIENT_CONFIRMATION_OK"
700,10401263527,10401263557,1,"IOTHUB_CLIENT_CONFIRMATION_OK"
701,10401263727,10401263759,1,"IOTHUB_CLIENT_CONFIRMATION_OK"
702,10401263927,10401263959,1,"IOTHUB_CLIENT_CONFIRMATION_OK"
703,10401264127,10401264160,1,"IOTHUB_CLIENT_CONFIRMATION_OK"
704,10401264328,10401264360,1,"IOTHUB_CLIENT_CONFIRMATION_OK"
705,10401264528,10401264568,1,"IOTHUB_CLIENT_CONFIRMATION_OK"
706,10401264728,10401264766,1,"IOTHUB_CLIENT_CONFIRMATION_OK"
707,10401264928,10401264959,1,"IOTHUB_CLIENT_CONFIRMATION_OK"
708,10401265128,10401265167,1,"IOTHUB_CLIENT_CONFIRMATION_OK"
709,10401265328,10401265361,1,"IOTHUB_CLIENT_CONFIRMATION_OK"
710,10401265529,10401265561,1,"IOTHUB_CLIENT_CONFIRMATION_OK"
711,10401265729,10401265759,1,"IOTHUB_CLIENT_CONFIRMATION_OK"
712,10401265929,10401265959,1,"IOTHUB_CLIENT_CONFIRMATION_OK"
713,10401266129,10401266163,1,"IOTHUB_CLIENT_CONFIRMATION_OK"
714,10401266329,10401266362,1,"IOTHUB_CLIENT_CONFIRMATION_OK"
715,10401266529,10401266563,1,"IOTHUB_CLIENT_CONFIRMATION_OK"
716,10401266729,10401266760,1,"IOTHUB_CLIENT_CONFIRMATION_OK"
717,10401266930,10401266960,1,"IOTHUB_CLIENT_CONFIRMATION_OK"
718,10401267130,10401267183,1,"IOTHUB_CLIENT_CONFIRMATION_OK"
719,10401267330,10401267361,1,"IOTHUB_CLIENT_CONFIRMATION_OK"
720,10401267530,10401267567,1,"IOTHUB_CLIENT_CONFIRMATION_OK"
721,10401267730,10401267785,1,"IOTHUB_CLIENT_CONFIRMATION_OK"
722,10401267931,10401267962,1,"IOTHUB_CLIENT_CONFIRMATION_OK"
723,10401268131,10401268171,1,"IOTHUB_CLIENT_CONFIRMATION_OK"
724,10401268331,10401268361,1,"IOTHUB_CLIENT_CONFIRMATION_OK"
725,10401268531,10401268582,1,"IOTHUB_CLIENT_CONFIRMATION_OK"
726,10401268731,10401268786,1,"IOTHUB_CLIENT_CONFIRMATION_OK"
727,10401268931,10401268975,1,"IOTHUB_CLIENT_CONFIRMATION_OK"
728,10401269132,10401269174,1,"IOTHUB_CLIENT_CONFIRMATION_OK"
729,10401269332,10401269397,1,"IOTHUB_CLIENT_CONFIRMATION_OK"
730,10401269532,10401269563,1,"IOTHUB_CLIENT_CONFIRMATION_OK"
731,10401269732,10401269765,1,"IOTHUB_CLIENT_CONFIRMATION_OK"
732,10401269932,10401270010,1,"IOTHUB_CLIENT_CONFIRMATION_OK"
733,10401270132,10401270162,1,"IOTHUB_CLIENT_CONFIRMATION_OK"
734,10401270333,10401270361,1,"IOTHUB_CLIENT_CONFIRMATION_OK"
735,10401270533,10401270567,1,"IOTHUB_CLIENT_CONFIRMATION_OK"
736,10401270733,10401270763,1,"IOTHUB_CLIENT_CONFIRMATION_OK"
737,10401270933,10401271003,1,"IOTHUB_CLIENT_CONFIRMATION_OK"
738,10401271133,10401271172,1,"IOTHUB_CLIENT_CONFIRMATION_OK"
739,10401271333,10401271364,1,"IOTHUB_CLIENT_CONFIRMATION_OK"
740,10401271533,10401271624,1,"IOTHUB_CLIENT_CONFIRMATION_OK"
741,10401271734,10401271777,1,"IOTHUB_CLIENT_CONFIRMATION_OK"
742,10401271934,10401271969,1,"IOTHUB_CLIENT_CONFIRMATION_OK"
743,10401272134,10401272240,1,"IOTHUB_CLIENT_CONFIRMATION_OK"
744,10401272334,10401272365,1,"IOTHUB_CLIENT_CONFIRMATION_OK"
745,10401272534,10401272564,1,"IOTHUB_CLIENT_CONFIRMATION_OK"
746,10401272734,10401272847,1,"IOTHUB_CLIENT_CONFIRMATION_OK"
747,10401272935,10401272967,1,"IOTHUB_CLIENT_CONFIRMATION_OK"
748,10401273135,10401273170,1,"IOTHUB_CLIENT_CONFIRMATION_OK"
749,10401273335,10401273366,1,"IOTHUB_CLIENT_CONFIRMATION_OK"
750,10401273535,10401273569,1,"IOTHUB_CLIENT_CONFIRMATION_OK"
751,10401273735,10401273763,1,"IOTHUB_CLIENT_CONFIRMATION_OK"
752,10401273935,10401273976,1,"IOTHUB_CLIENT_CONFIRMATION_OK"
753,10401274136,10401274170,1,"IOTHUB_CLIENT_CONFIRMATION_OK"
754,10401274336,10401274551,1,"IOTHUB_CLIENT_CONFIRMATION_OK"
755,10401274536,10401274567,1,"IOTHUB_CLIENT_CONFIRMATION_OK"
756,10401274736,10401274765,1,"IOTHUB_CLIENT_CONFIRMATION_OK"
757,10401274936,10401274965,1,"IOTHUB_CLIENT_CONFIRMATION_OK"
758,10401275136,10401275170,1,"IOTHUB_CLIENT_CONFIRMATION_OK"
759,10401275337,10401275368,1,"IOTHUB_CLIENT_CONFIRMATION_OK"
760,10401275537,10401275574,1,"IOTHUB_CLIENT_CONFIRMATION_OK"
761,10401275737,10401275770,1,"IOTHUB_CLIENT_CONFIRMATION_OK"
762,10401275937,10401275972,1,"IOTHUB_CLIENT_CONFIRMATION_OK"
763,10401276137,10401276221,1,"IOTHUB_CLIENT_CONFIRMATION_OK"
764,10401276337,10401276367,1,"IOTHUB_CLIENT_CONFIRMATION_OK"
765,10401276537,10401276572,1,"IOTHUB_CLIENT_CONFIRMATION_OK"
766,10401276738,10401276833,1,"IOTHUB_CLIENT_CONFIRMATION_OK"
767,10401276938,10401276972,1,"IOTHUB_CLIENT_CONFIRMATION_OK"
768,10401277138,10401277172,1,"IOTHUB_CLIENT_CONFIRMATION_OK"
769,10401277338,10401277369,1,"IOTHUB_CLIENT_CONFIRMATION_OK"
770,10401277538,10401277569,1,"IOTHUB_CLIENT_CONFIRMATION_OK"
771,10401277738,10401277826,1,"IOTHUB_CLIENT_CONFIRMATION_OK"
772,10401277939,10401277968,1,"IOTHUB_CLIENT_CONFIRMATION_OK"
773,10401278139,10401278168,1,"IOTHUB_CLIENT_CONFIRMATION_OK"
774,10401278339,10401278515,1,"IOTHUB_CLIENT_CONFIRMATION_OK"
775,10401278539,10401278572,1,"IOTHUB_CLIENT_CONFIRMATION_OK"
776,10401278739,10401278768,1,"IOTHUB_CLIENT_CONFIRMATION_OK"
777,10401278939,10401278967,1,"IOTHUB_CLIENT_CONFIRMATION_OK"
778,10401279140,10401279170,1,"IOTHUB_CLIENT_CONFIRMATION_OK"
779,10401279340,10401279368,1,"IOTHUB_CLIENT_CONFIRMATION_OK"
780,10401279540,10401279580,1,"IOTHUB_CLIENT_CONFIRMATION_OK"
781,10401279740,10401279771,1,"IOTHUB_CLIENT_CONFIRMATION_OK"
782,10401279940,10401279968,1,"IOTHUB_CLIENT_CONFIRMATION_OK"
783,10401280140,10401280174,1,"IOTHUB_CLIENT_CONFIRMATION_OK"
784,10401280340,10401280375,1,"IOTHUB_CLIENT_CONFIRMATION_OK"
785,10401280541,10401280572,1,"IOTHUB_CLIENT_CONFIRMATION_OK"
786,10401280741,10401280771,1,"IOTHUB_CLIENT_CONFIRMATION_OK"
787,10401280941,10401280973,1,"IOTHUB_CLIENT_CONFIRMATION_OK"
788,10401281141,10401281342,1,"IOTHUB_CLIENT_CONFIRMATION_OK"
789,10401281341,10401281374,1,"IOTHUB_CLIENT_CONFIRMATION_OK"
790,10401281541,10401281571,1,"IOTHUB_CLIENT_CONFIRMATION_OK"
791,10401281742,10401281774,1,"IOTHUB_CLIENT_CONFIRMATION_OK"
792,10401281942,10401281976,1,"IOTHUB_CLIENT_CONFIRMATION_OK"
793,10401282142,10401282194,1,"IOTHUB_CLIENT_CONFIRMATION_OK"
794,10401282342,10401282376,1,"IOTHUB_CLIENT_CONFIRMATION_OK"
795,10401282542,10401282578,1,"IOTHUB_CLIENT_CONFIRMATION_OK"
796,10401282742,10401282773,1,"IOTHUB_CLIENT_CONFIRMATION_OK"
797,10401282943,10401282982,1,"IOTHUB_CLIENT_CONFIRMATION_OK"
798,10401283143,10401283181,1,"IOTHUB_CLIENT_CONFIRMATION_OK"
799,10401283343,10401283385,1,"IOTHUB_CLIENT_CONFIRMATION_OK"
800,10401283543,10401283581,1,"IOTHUB_CLIENT_CONFIRMATION_OK"
801,10401283743,10401283777,1,"IOTHUB_CLIENT_CONFIRMATION_OK"
802,10401283943,10401283975,1,"IOTHUB_CLIENT_CONFIRMATION_OK"
803,10401284144,10401284186,1,"IOTHUB_CLIENT_CONFIRMATION_OK"
804,10401284344,10401284381,1,"IOTHUB_CLIENT_CONFIRMATION_OK"
805,10401284544,10401284596,1,"IOTHUB_CLIENT_CONFIRMATION_OK"
806,10401284744,10401284775,1,"IOTHUB_CLIENT_CONFIRMATION_OK"
807,10401284944,10401284976,1,"IOTHUB_CLIENT_CONFIRMATION_OK"
808,10401285144,10401285206,1,"IOTHUB_CLIENT_CONFIRMATION_OK"
809,10401285345,10401285483,1,"IOTHUB_CLIENT_CONFIRMATION_OK"
810,10401285545,10401285576,1,"IOTHUB_CLIENT_CONFIRMATION_OK"
811,10401285745,10401285777,1,"IOTHUB_CLIENT_CONFIRMATION_OK"
812,10401285945,10401285974,1,"IOTHUB_CLIENT_CONFIRMATION_OK"
813,10401286145,10401286182,1,"IOTHUB_CLIENT_CONFIRMATION_OK"
814,10401286346,10401286401,1,"IOTHUB_CLIENT_CONFIRMATION_OK"
815,10401286546,10401286578,1,"IOTHUB_CLIENT_CONFIRMATION_OK"
816,10401286746,10401286777,1,"IOTHUB_CLIENT_CONFIRMATION_OK"
817,10401286946,10401286980,1,"IOTHUB_CLIENT_CONFIRMATION_OK"
818,10401287146,10401287175,1,"IOTHUB_CLIENT_CONFIRMATION_OK"
819,10401287346,10401287397,1,"IOTHUB_CLIENT_CONFIRMATION_OK"
820,10401287547,10401287589,1,"IOTHUB_CLIENT_CONFIRMATION_OK"
821,10401287747,10401287778,1,"IOTHUB_CLIENT_CONFIRMATION_OK"
822,10401287947,10401287985,1,"IOTHUB_CLIENT_CONFIRMATION_OK"
823,10401288147,10401288201,1,"IOTHUB_CLIENT_CONFIRMATION_OK"
824,10401288347,10401288380,1,"IOTHUB_CLIENT_CONFIRMATION_OK"
825,10401288547,10401288578,1,"IOTHUB_CLIENT_CONFIRMATION_OK"
826,10401288747,10401288778,1,"IOTHUB_CLIENT_CONFIRMATION_OK"
827,10401288948,10401288977,1,"IOTHUB_CLIENT_CONFIRMATION_OK"
828,10401289148,10401289186,1,"IOTHUB_CLIENT_CONFIRMATION_OK"
829,10401289348,10401289383,1,"IOTHUB_CLIENT_CONFIRMATION_OK"
830,10401289548,10401289579,1,"IOTHUB_CLIENT_CONFIRMATION_OK"
831,10401289748,10401289796,1,"IOTHUB_CLIENT_CONFIRMATION_OK"
832,10401289948,10401289979,1,"IOTHUB_CLIENT_CONFIRMATION_OK"
833,10401290148,10401290183,1,"IOTHUB_CLIENT_CONFIRMATION_OK"
834,10401290349,10401290408,1,"IOTHUB_CLIENT_CONFIRMATION_OK"
835,10401290549,10401290584,1,"IOTHUB_CLIENT_CONFIRMATION_OK"
836,10401290749,10401290792,1,"IOTHUB_CLIENT_CONFIRMATION_OK"
837,10401290949,10401290984,1,"IOTHUB_CLIENT_CONFIRMATION_OK"
838,10401291149,10401291182,1,"IOTHUB_CLIENT_CONFIRMATION_OK"
839,10401291349,10401291412,1,"IOTHUB_CLIENT_CONFIRMATION_OK"
840,10401291550,10401291582,1,"IOTHUB_CLIENT_CONFIRMATION_OK"
841,10401291750,10401291804,1,"IOTHUB_CLIENT_CONFIRMATION_OK"
842,10401291950,10401292043,1,"IOTHUB_CLIENT_CONFIRMATION_OK"
843,10401292150,10401292180,1,"IOTHUB_CLIENT_CONFIRMATION_OK"
844,10401292350,10401292436,1,"IOTHUB_CLIENT_CONFIRMATION_OK"
845,10401292550,10401292648,1,"IOTHUB_CLIENT_CONFIRMATION_OK"
846,10401292750,10401292778,1,"IOTHUB_CLIENT_CONFIRMATION_OK"
847,10401292951,10401292982,1,"IOTHUB_CLIENT_CONFIRMATION_OK"
848,10401293151,10401293180,1,"IOTHUB_CLIENT_CONFIRMATION_OK"
849,10401293351,10401293386,1,"IOTHUB_CLIENT_CONFIRMATION_OK"
850,10401293551,10401293582,1,"IOTHUB_CLIENT_CONFIRMATION_OK"
851,10401293751,10401293800,1,"IOTHUB_CLIENT_CONFIRMATION_OK"
852,10401293951,10401293981,1,"IOTHUB_CLIENT_CONFIRMATION_OK"
853,10401294152,10401294263,1,"IOTHUB_CLIENT_CONFIRMATION_OK"
854,10401294352,10401294385,1,"IOTHUB_CLIENT_CONFIRMATION_OK"
855,10401294552,10401294582,1,"IOTHUB_CLIENT_CONFIRMATION_OK"
856,10401294752,10401294879,1,"IOTHUB_CLIENT_CONFIRMATION_OK"
857,10401294952,10401294984,1,"IOTHUB_CLIENT_CONFIRMATION_OK"
858,10401295152,10401295183,1,"IOTHUB_CLIENT_CONFIRMATION_OK"
859,10401295352,10401295497,1,"IOTHUB_CLIENT_CONFIRMATION_OK"
860,10401295553,10401295583,1,"IOTHUB_CLIENT_CONFIRMATION_OK"
861,10401295753,10401295786,1,"IOTHUB_CLIENT_CONFIRMATION_OK"
862,10401295953,10401295988,1,"IOTHUB_CLIENT_CONFIRMATION_OK"
863,10401296153,10401296196,1,"IOTHUB_CLIENT_CONFIRMATION_OK"
864,10401296353,10401296389,1,"IOTHUB_CLIENT_CONFIRMATION_OK"
865,10401296553,10401296602,1,"IOTHUB_CLIENT_CONFIRMATION_OK"
866,10401296754,10401296799,1,"IOTHUB_CLIENT_CONFIRMATION_OK"
867,10401296954,10401296987,1,"IOTHUB_CLIENT_CONFIRMATION_OK"
868,10401297154,10401297185,1,"IOTHUB_CLIENT_CONFIRMATION_OK"
869,10401297354,10401297386,1,"IOTHUB_CLIENT_CONFIRMATION_OK"
870,10401297554,10401297736,1,"IOTHUB_CLIENT_CONFIRMATION_OK"
871,10401297754,10401297785,1,"IOTHUB_CLIENT_CONFIRMATION_OK"
872,10401297955,10401297988,1,"IOTHUB_CLIENT_CONFIRMATION_OK"
873,10401298155,10401298182,1,"IOTHUB_CLIENT_CONFIRMATION_OK"
874,10401298355,10401298394,1,"IOTHUB_CLIENT_CONFIRMATION_OK"
875,10401298555,10401298664,1,"IOTHUB_CLIENT_CONFIRMATION_OK"
876,10401298755,10401298785,1,"IOTHUB_CLIENT_CONFIRMATION_OK"
877,10401298955,10401298985,1,"IOTHUB_CLIENT_CONFIRMATION_OK"
878,10401299155,10401299208,1,"IOTHUB_CLIENT_CONFIRMATION_OK"
879,10401299356,10401299387,1,"IOTHUB_CLIENT_CONFIRMATION_OK"
880,10401299556,10401299587,1,"IOTHUB_CLIENT_CONFIRMATION_OK"
881,10401299756,10401299824,1,"IOTHUB_CLIENT_CONFIRMATION_OK"
882,10401299956,10401299992,1,"IOTHUB_CLIENT_CONFIRMATION_OK"
883,10401300156,10401300184,1,"IOTHUB_CLIENT_CONFIRMATION_OK"
884,10401300356,10401300402,1,"IOTHUB_CLIENT_CONFIRMATION_OK"
885,10401300557,10401300599,1,"IOTHUB_CLIENT_CONFIRMATION_OK"
886,10401300757,10401300787,1,"IOTHUB_CLIENT_CONFIRMATION_OK"
887,10401300957,10401300989,1,"IOTHUB_CLIENT_CONFIRMATION_OK"
888,10401301157,10401301186,1,"IOTHUB_CLIENT_CONFIRMATION_OK"
889,10401301357,10401301396,1,"IOTHUB_CLIENT_CONFIRMATION_OK"
890,10401301557,10401301599,1,"IOTHUB_CLIENT_CONFIRMATION_OK"
891,10401301757,10401301868,1,"IOTHUB_CLIENT_CONFIRMATION_OK"
892,10401301958,10401301988,1,"IOTHUB_CLIENT_CONFIRMATION_OK"
893,10401302158,10401302213,1,"IOTHUB_CLIENT_CONFIRMATION_OK"
894,10401302358,10401302392,1,"IOTHUB_CLIENT_CONFIRMATION_OK"
895,10401302558,10401302589,1,"IOTHUB_CLIENT_CONFIRMATION_OK"
896,10401302758,10401302824,1,"IOTHUB_CLIENT_CONFIRMATION_OK"
897,10401302958,10401302990,1,"IOTHUB_CLIENT_CONFIRMATION_OK"
898,10401303159,10401303186,1,"IOTHUB_CLIENT_CONFIRMATION_OK"
899,10401303359,10401303431,1,"IOTHUB_CLIENT_CONFIRMATION_OK"
900,10401303559,10401303591,1,"IOTHUB_CLIENT_CONFIRMATION_OK"
901,10401303759,10401303789,1,"IOTHUB_CLIENT_CONFIRMATION_OK"
902,10401303959,10401303991,1,"IOTHUB_CLIENT_CONFIRMATION_OK"
903,10401304159,10401304188,1,"IOTHUB_CLIENT_CONFIRMATION_OK"
904,10401304360,10401304445,1,"IOTHUB_CLIENT_CONFIRMATION_OK"
905,10401304560,10401304592,1,"IOTHUB_CLIENT_CONFIRMATION_OK"
906,10401304760,10401304799,1,"IOTHUB_CLIENT_CONFIRMATION_OK"
907,10401304960,10401305068,1,"IOTHUB_CLIENT_CONFIRMATION_OK"
908,10401305160,10401305193,1,"IOTHUB_CLIENT_CONFIRMATION_OK"
909,10401305360,10401305390,1,"IOTHUB_CLIENT_CONFIRMATION_OK"
910,10401305561,10401305669,1,"IOTHUB_CLIENT_CONFIRMATION_OK"
911,10401305761,10401305792,1,"IOTHUB_CLIENT_CONFIRMATION_OK"
912,10401305961,10401305991,1,"IOTHUB_CLIENT_CONFIRMATION_OK"
913,10401306161,10401306191,1,"IOTHUB_CLIENT_CONFIRMATION_OK"
914,10401306361,10401306390,1,"IOTHUB_CLIENT_CONFIRMATION_OK"
915,10401306561,10401306598,1,"IOTHUB_CLIENT_CONFIRMATION_OK"
916,10401306761,10401306791,1,"IOTHUB_CLIENT_CONFIRMATION_OK"
917,10401306962,10401306993,1,"IOTHUB_CLIENT_CONFIRMATION_OK"
918,10401307162,10401307191,1,"IOTHUB_CLIENT_CONFIRMATION_OK"
919,10401307362,10401307405,1,"IOTHUB_CLIENT_CONFIRMATION_OK"
920,10401307562,10401307595,1,"IOTHUB_CLIENT_CONFIRMATION_OK"
921,10401307762,10401307901,1,"IOTHUB_CLIENT_CONFIRMATION_OK"
922,10401307962,10401307996,1,"IOTHUB_CLIENT_CONFIRMATION_OK"
923,10401308163,10401308191,1,"IOTHUB_CLIENT_CONFIRMATION_OK"
924,10401308363,10401308509,1,"IOTHUB_CLIENT_CONFIRMATION_OK"
925,10401308563,10401308596,1,"IOTHUB_CLIENT_CONFIRMATION_OK"
926,10401308763,10401308794,1,"IOTHUB_CLIENT_CONFIRMATION_OK"
927,10401308963,10401308996,1,"IOTHUB_CLIENT_CONFIRMATION_OK"
928,10401309163,10401309191,1,"IOTHUB_CLIENT_CONFIRMATION_OK"
929,10401309363,10401309394,1,"IOTHUB_CLIENT_CONFIRMATION_OK"
930,10401309564,10401309614,1,"IOTHUB_CLIENT_CONFIRMATION_OK"
931,10401309764,10401309804,1,"IOTHUB_CLIENT_CONFIRMATION_OK"
932,10401309964,10401309992,1,"IOTHUB_CLIENT_CONFIRMATION_OK"
933,10401310164,10401310233,1,"IOTHUB_CLIENT_CONFIRMATION_OK"
934,10401310364,10401310396,1,"IOTHUB_CLIENT_CONFIRMATION_OK"
935,10401310564,10401310622,1,"IOTHUB_CLIENT_CONFIRMATION_OK"
936,10401310764,10401310812,1,"IOTHUB_CLIENT_CONFIRMATION_OK"
937,10401310965,10401311190,1,"IOTHUB_CLIENT_CONFIRMATION_OK"
938,10401311165,10401311394,1,"IOTHUB_CLIENT_CONFIRMATION_OK"
939,10401311365,10401311418,1,"IOTHUB_CLIENT_CONFIRMATION_OK"
940,10401311565,10401311594,1,"IOTHUB_CLIENT_CONFIRMATION_OK"
941,10401311765,10401311812,1,"IOTHUB_CLIENT_CONFIRMATION_OK"
942,10401311965,10401311995,1,"IOTHUB_CLIENT_CONFIRMATION_OK"
943,10401312165,10401312198,1,"IOTHUB_CLIENT_CONFIRMATION_OK"
944,10401312366,10401312407,1,"IOTHUB_CLIENT_CONFIRMATION_OK"
945,10401312566,10401312604,1,"IOTHUB_CLIENT_CONFIRMATION_OK"
946,10401312766,10401312796,1,"IOTHUB_CLIENT_CONFIRMATION_OK"
947,10401312966,10401313014,1,"IOTHUB_CLIENT_CONFIRMATION_OK"
948,10401313166,10401313196,1,"IOTHUB_CLIENT_CONFIRMATION_OK"
949,10401313366,10401313395,1,"IOTHUB_CLIENT_CONFIRMATION_OK"
950,10401313567,10401313597,1,"IOTHUB_CLIENT_CONFIRMATION_OK"
951,10401313767,10401313810,1,"IOTHUB_CLIENT_CONFIRMATION_OK"
952,10401313967,10401314032,1,"IOTHUB_CLIENT_CONFIRMATION_OK"
953,10401314167,10401314250,1,"IOTHUB_CLIENT_CONFIRMATION_OK"
954,10401314367,10401314415,1,"IOTHUB_CLIENT_CONFIRMATION_OK"
955,10401314567,10401314645,1,"IOTHUB_CLIENT_CONFIRMATION_OK"
956,10401314768,10401314796,1,"IOTHUB_CLIENT_CONFIRMATION_OK"
957,10401314968,10401315011,1,"IOTHUB_CLIENT_CONFIRMATION_OK"
958,10401315168,10401315257,1,"IOTHUB_CLIENT_CONFIRMATION_OK"
959,10401315368,10401315405,1,"IOTHUB_CLIENT_CONFIRMATION_OK"
960,10401315568,10401315598,1,"IOTHUB_CLIENT_CONFIRMATION_OK"
961,10401315768,10401315877,1,"IOTHUB_CLIENT_CONFIRMATION_OK"
962,10401315969,10401316008,1,"IOTHUB_CLIENT_CONFIRMATION_OK"
963,10401316169,10401316209,1,"IOTHUB_CLIENT_CONFIRMATION_OK"
964,10401316369,10401316400,1,"IOTHUB_CLIENT_CONFIRMATION_OK"
965,10401316569,10401316609,1,"IOTHUB_CLIENT_CONFIRMATION_OK"
966,10401316769,10401316805,1,"IOTHUB_CLIENT_CONFIRMATION_OK"
967,10401316969,10401316999,1,"IOTHUB_CLIENT_CONFIRMATION_OK"
968,10401317170,10401317226,1,"IOTHUB_CLIENT_CONFIRMATION_OK"
969,10401317370,10401317497,1,"IOTHUB_CLIENT_CONFIRMATION_OK"
970,10401317570,10401317600,1,"IOTHUB_CLIENT_CONFIRMATION_OK"
971,10401317770,10401317809,1,"IOTHUB_CLIENT_CONFIRMATION_OK"
972,10401317970,10401318105,1,"IOTHUB_CLIENT_CONFIRMATION_OK"
973,10401318170,10401318203,1,"IOTHUB_CLIENT_CONFIRMATION_OK"
974,10401318371,10401318400,1,"IOTHUB_CLIENT_CONFIRMATION_OK"
975,10401318571,10401318600,1,"IOTHUB_CLIENT_CONFIRMATION_OK"
976,10401318771,10401318810,1,"IOTHUB_CLIENT_CONFIRMATION_OK"
977,10401318971,10401319000,1,"IOTHUB_CLIENT_CONFIRMATION_OK"
978,10401319171,10401319209,1,"IOTHUB_CLIENT_CONFIRMATION_OK"
979,10401319371,10401319400,1,"IOTHUB_CLIENT_CONFIRMATION_OK"
980,10401319572,10401319603,1,"IOTHUB_CLIENT_CONFIRMATION_OK"
981,10401319772,10401319803,1,"IOTHUB_CLIENT_CONFIRMATION_OK"
982,10401319972,10401320006,1,"IOTHUB_CLIENT_CONFIRMATION_OK"
983,10401320172,10401320209,1,"IOTHUB_CLIENT_CONFIRMATION_OK"
984,10401320372,10401320405,1,"IOTHUB_CLIENT_CONFIRMATION_OK"
985,10401320572,10401320607,1,"IOTHUB_CLIENT_CONFIRMATION_OK"
986,10401320772,10401320806,1,"IOTHUB_CLIENT_CONFIRMATION_OK"
987,10401320973,10401321003,1,"IOTHUB_CLIENT_CONFIRMATION_OK"
988,10401321173,10401321206,1,"IOTHUB_CLIENT_CONFIRMATION_OK"
989,10401321373,10401321403,1,"IOTHUB_CLIENT_CONFIRMATION_OK"
990,10401321573,10401321607,1,"IOTHUB_CLIENT_CONFIRMATION_OK"
991,10401321773,10401321813,1,"IOTHUB_CLIENT_CONFIRMATION_OK"
992,10401321973,10401322007,1,"IOTHUB_CLIENT_CONFIRMATION_OK"
993,10401322174,10401322203,1,"IOTHUB_CLIENT_CONFIRMATION_OK"
994,10401322374,10401322422,1,"IOTHUB_CLIENT_CONFIRMATION_OK"
995,10401322574,10401322652,1,"IOTHUB_CLIENT_CONFIRMATION_OK"
996,10401322774,10401322813,1,"IOTHUB_CLIENT_CONFIRMATION_OK"
997,10401322974,10401323008,1,"IOTHUB_CLIENT_CONFIRMATION_OK"
998,10401323174,10401323204,1,"IOTHUB_CLIENT_CONFIRMATION_OK"
999,10401323374,10401323403,1,"IOTHUB_CLIENT_CONFIRMATION_OK"
1000,10401323575,10401323623,1,"IOTHUB_CLIENT_CONFIRMATION_OK"
1001,10401323775,10401323807,1,"IOTHUB_CLIENT_CONFIRMATION_OK"
1002,10401323975,10401324039,1,"IOTHUB_CLIENT_CONFIRMATION_OK"
1003,10401324175,10401324244,1,"IOTHUB_CLIENT_CONFIRMATION_OK"
1004,10401324375,10401324403,1,"IOTHUB_CLIENT_CONFIRMATION_OK"
1005,10401324575,10401324603,1,"IOTHUB_CLIENT_CONFIRMATION_OK"
1006,10401324776,10401324853,1,"IOTHUB_CLIENT_CONFIRMATION_OK"
1007,10401324976,10401325008,1,"IOTHUB_CLIENT_CONFIRMATION_OK"
1008,10401325176,10401325208,1,"IOTHUB_CLIENT_CONFIRMATION_OK"
1009,10401325376,10401325472,1,"IOTHUB_CLIENT_CONFIRMATION_OK"
1010,10401325576,10401325609,1,"IOTHUB_CLIENT_CONFIRMATION_OK"
1011,10401325776,10401325805,1,"IOTHUB_CLIENT_CONFIRMATION_OK"
1012,10401325977,10401326009,1,"IOTHUB_CLIENT_CONFIRMATION_OK"
1013,10401326177,10401326206,1,"IOTHUB_CLIENT_CONFIRMATION_OK"
1014,10401326377,10401326438,1,"IOTHUB_CLIENT_CONFIRMATION_OK"
1015,10401326577,10401326609,1,"IOTHUB_CLIENT_CONFIRMATION_OK"
1016,10401326777,10401326811,1,"IOTHUB_CLIENT_CONFIRMATION_OK"
1017,10401326977,10401327085,1,"IOTHUB_CLIENT_CONFIRMATION_OK"
1018,10401327177,10401327213,1,"IOTHUB_CLIENT_CONFIRMATION_OK"
1019,10401327378,10401327409,1,"IOTHUB_CLIENT_CONFIRMATION_OK"
1020,10401327578,10401327728,1,"IOTHUB_CLIENT_CONFIRMATION_OK"
1021,10401327778,10401327872,1,"IOTHUB_CLIENT_CONFIRMATION_OK"
1022,10401327978,10401328010,1,"IOTHUB_CLIENT_CONFIRMATION_OK"
1023,10401328178,10401328326,1,"IOTHUB_CLIENT_CONFIRMATION_OK"
1024,10401328378,10401328411,1,"IOTHUB_CLIENT_CONFIRMATION_OK"
1025,10401328579,10401328607,1,"IOTHUB_CLIENT_CONFIRMATION_OK"
1026,10401328779,10401328812,1,"IOTHUB_CLIENT_CONFIRMATION_OK"
1027,10401328979,10401329016,1,"IOTHUB_CLIENT_CONFIRMATION_OK"
1028,10401329179,10401329211,1,"IOTHUB_CLIENT_CONFIRMATION_OK"
1029,10401329379,10401329412,1,"IOTHUB_CLIENT_CONFIRMATION_OK"
1030,10401329579,10401329621,1,"IOTHUB_CLIENT_CONFIRMATION_OK"
1031,10401329780,10401329850,1,"IOTHUB_CLIENT_CONFIRMATION_OK"
1032,10401329980,10401330020,1,"IOTHUB_CLIENT_CONFIRMATION_OK"
1033,10401330180,10401330212,1,"IOTHUB_CLIENT_CONFIRMATION_OK"
1034,10401330380,10401330541,1,"IOTHUB_CLIENT_CONFIRMATION_OK"
1035,10401330580,10401330639,1,"IOTHUB_CLIENT_CONFIRMATION_OK"
1036,10401330780,10401330810,1,"IOTHUB_CLIENT_CONFIRMATION_OK"
1037,10401330981,10401331168,1,"IOTHUB_CLIENT_CONFIRMATION_OK"
1038,10401331181,10401331213,1,"IOTHUB_CLIENT_CONFIRMATION_OK"
1039,10401331381,10401331410,1,"IOTHUB_CLIENT_CONFIRMATION_OK"
1040,10401331581,10401331612,1,"IOTHUB_CLIENT_CONFIRMATION_OK"
1041,10401331781,10401331817,1,"IOTHUB_CLIENT_CONFIRMATION_OK"
1042,10401331981,10401332016,1,"IOTHUB_CLIENT_CONFIRMATION_OK"
1043,10401332182,10401332211,1,"IOTHUB_CLIENT_CONFIRMATION_OK"
1044,10401332382,10401332426,1,"IOTHUB_CLIENT_CONFIRMATION_OK"
1045,10401332582,10401332621,1,"IOTHUB_CLIENT_CONFIRMATION_OK"
1046,10401332782,10401332821,1,"IOTHUB_CLIENT_CONFIRMATION_OK"
1047,10401332982,10401333014,1,"IOTHUB_CLIENT_CONFIRMATION_OK"
1048,10401333182,10401333222,1,"IOTHUB_CLIENT_CONFIRMATION_OK"
1049,10401333382,10401333415,1,"IOTHUB_CLIENT_CONFIRMATION_OK"
1050,10401333583,10401333623,1,"IOTHUB_CLIENT_CONFIRMATION_OK"
1051,10401333783,10401333816,1,"IOTHUB_CLIENT_CONFIRMATION_OK"
1052,10401333983,10401334012,1,"IOTHUB_CLIENT_CONFIRMATION_OK"
1053,10401334183,10401334212,1,"IOTHUB_CLIENT_CONFIRMATION_OK"
1054,10401334383,10401334509,1,"IOTHUB_CLIENT_CONFIRMATION_OK"
1055,10401334583,10401334614,1,"IOTHUB_CLIENT_CONFIRMATION_OK"
1056,10401334784,10401334815,1,"IOTHUB_CLIENT_CONFIRMATION_OK"
1057,10401334984,10401335052,1,"IOTHUB_CLIENT_CONFIRMATION_OK"
1058,10401335184,10401335231,1,"IOTHUB_CLIENT_CONFIRMATION_OK"
1059,10401335384,10401335446,1,"IOTHUB_CLIENT_CONFIRMATION_OK"
1060,10401335584,10401335665,1,"IOTHUB_CLIENT_CONFIRMATION_OK"
1061,10401335784,10401335815,1,"IOTHUB_CLIENT_CONFIRMATION_OK"
1062,10401335985,10401336014,1,"IOTHUB_CLIENT_CONFIRMATION_OK"
1063,10401336185,10401336221,1,"IOTHUB_CLIENT_CONFIRMATION_OK"
1064,10401336385,10401336414,1,"IOTHUB_CLIENT_CONFIRMATION_OK"
1065,10401336585,10401336657,1,"IOTHUB_CLIENT_CONFIRMATION_OK"
1066,10401336785,10401336818,1,"IOTHUB_CLIENT_CONFIRMATION_OK"
1067,10401336985,10401337019,1,"IOTHUB_CLIENT_CONFIRMATION_OK"
1068,10401337186,10401337281,1,"IOTHUB_CLIENT_CONFIRMATION_OK"
1069,10401337386,10401337417,1,"IOTHUB_CLIENT_CONFIRMATION_OK"
1070,10401337586,10401337637,1,"IOTHUB_CLIENT_CONFIRMATION_OK"
1071,10401337786,10401337894,1,"IOTHUB_CLIENT_CONFIRMATION_OK"
1072,10401337986,10401338021,1,"IOTHUB_CLIENT_CONFIRMATION_OK"
1073,10401338186,10401338221,1,"IOTHUB_CLIENT_CONFIRMATION_OK"
1074,10401338386,10401338499,1,"IOTHUB_CLIENT_CONFIRMATION_OK"
1075,10401338587,10401338627,1,"IOTHUB_CLIENT_CONFIRMATION_OK"
1076,10401338787,10401338821,1,"IOTHUB_CLIENT_CONFIRMATION_OK"
1077,10401338987,10401339023,1,"IOTHUB_CLIENT_CONFIRMATION_OK"
1078,10401339187,10401339228,1,"IOTHUB_CLIENT_CONFIRMATION_OK"
1079,10401339387,10401339419,1,"IOTHUB_CLIENT_CONFIRMATION_OK"
1080,10401339587,10401339624,1,"IOTHUB_CLIENT_CONFIRMATION_OK"
1081,10401339787,10401339852,1,"IOTHUB_CLIENT_CONFIRMATION_OK"
1082,10401339988,10401340134,1,"IOTHUB_CLIENT_CONFIRMATION_OK"
1083,10401340188,10401340217,1,"IOTHUB_CLIENT_CONFIRMATION_OK"
1084,10401340388,10401340418,1,"IOTHUB_CLIENT_CONFIRMATION_OK"
1085,10401340588,10401340754,1,"IOTHUB_CLIENT_CONFIRMATION_OK"
1086,10401340788,10401340825,1,"IOTHUB_CLIENT_CONFIRMATION_OK"
1087,10401340988,10401341019,1,"IOTHUB_CLIENT_CONFIRMATION_OK"
1088,10401341189,10401341225,1,"IOTHUB_CLIENT_CONFIRMATION_OK"
1089,10401341389,10401341421,1,"IOTHUB_CLIENT_CONFIRMATION_OK"
1090,10401341589,10401341618,1,"IOTHUB_CLIENT_CONFIRMATION_OK"
1091,10401341789,10401341825,1,"IOTHUB_CLIENT_CONFIRMATION_OK"
1092,10401341989,10401342020,1,"IOTHUB_CLIENT_CONFIRMATION_OK"
1093,10401342189,10401342220,1,"IOTHUB_CLIENT_CONFIRMATION_OK"
1094,10401342390,10401342418,1,"IOTHUB_CLIENT_CONFIRMATION_OK"
1095,10401342590,10401342641,1,"IOTHUB_CLIENT_CONFIRMATION_OK"
1096,10401342790,10401342941,1,"IOTHUB_CLIENT_CONFIRMATION_OK"
1097,10401342990,10401343078,1,"IOTHUB_CLIENT_CONFIRMATION_OK"
1098,10401343190,10401343231,1,"IOTHUB_CLIENT_CONFIRMATION_OK"
1099,10401343390,10401343424,1,"IOTHUB_CLIENT_CONFIRMATION_OK"
1100,10401343590,10401343621,1,"IOTHUB_CLIENT_CONFIRMATION_OK"
1101,10401343791,10401343822,1,"IOTHUB_CLIENT_CONFIRMATION_OK"
1102,10401343991,10401344042,1,"IOTHUB_CLIENT_CONFIRMATION_OK"
1103,10401344191,10401344231,1,"IOTHUB_CLIENT_CONFIRMATION_OK"
1104,10401344391,10401344423,1,"IOTHUB_CLIENT_CONFIRMATION_OK"
1105,10401344591,10401344652,1,"IOTHUB_CLIENT_CONFIRMATION_OK"
1106,10401344791,10401344828,1,"IOTHUB_CLIENT_CONFIRMATION_OK"
1107,10401344992,10401345028,1,"IOTHUB_CLIENT_CONFIRMATION_OK"
1108,10401345192,10401345272,1,"IOTHUB_CLIENT_CONFIRMATION_OK"
1109,10401345392,10401345423,1,"IOTHUB_CLIENT_CONFIRMATION_OK"
1110,10401345592,10401345626,1,"IOTHUB_CLIENT_CONFIRMATION_OK"
1111,10401345792,10401345823,1,"IOTHUB_CLIENT_CONFIRMATION_OK"
1112,10401345992,10401346022,1,"IOTHUB_CLIENT_CONFIRMATION_OK"
1113,10401346193,10401346294,1,"IOTHUB_CLIENT_CONFIRMATION_OK"
1114,10401346393,10401346455,1,"IOTHUB_CLIENT_CONFIRMATION_OK"
1115,10401346593,10401346632,1,"IOTHUB_CLIENT_CONFIRMATION_OK"
1116,10401346793,10401346892,1,"IOTHUB_CLIENT_CONFIRMATION_OK"
1117,10401346993,10401347024,1,"IOTHUB_CLIENT_CONFIRMATION_OK"
1118,10401347193,10401347223,1,"IOTHUB_CLIENT_CONFIRMATION_OK"
1119,10401347394,10401347502,1,"IOTHUB_CLIENT_CONFIRMATION_OK"
1120,10401347594,10401347625,1,"IOTHUB_CLIENT_CONFIRMATION_OK"
1121,10401347794,10401347822,1,"IOTHUB_CLIENT_CONFIRMATION_OK"
1122,10401347994,10401348117,1,"IOTHUB_CLIENT_CONFIRMATION_OK"
1123,10401348194,10401348229,1,"IOTHUB_CLIENT_CONFIRMATION_OK"
1124,10401348394,10401348425,1,"IOTHUB_CLIENT_CONFIRMATION_OK"
1125,10401348594,10401348631,1,"IOTHUB_CLIENT_CONFIRMATION_OK"
1126,10401348795,10401348831,1,"IOTHUB_CLIENT_CONFIRMATION_OK"
1127,10401348995,10401349026,1,"IOTHUB_CLIENT_CONFIRMATION_OK"
1128,10401349195,10401349236,1,"IOTHUB_CLIENT_CONFIRMATION_OK"
1129,10401349395,10401349432,1,"IOTHUB_CLIENT_CONFIRMATION_OK"
1130,10401349595,10401349732,1,"IOTHUB_CLIENT_CONFIRMATION_OK"
1131,10401349795,10401349845,1,"IOTHUB_CLIENT_CONFIRMATION_OK"
1132,10401349995,10401350032,1,"IOTHUB_CLIENT_CONFIRMATION_OK"
1133,10401350196,10401350344,1,"IOTHUB_CLIENT_CONFIRMATION_OK"
1134,10401350396,10401350428,1,"IOTHUB_CLIENT_CONFIRMATION_OK"
1135,10401350596,10401350624,1,"IOTHUB_CLIENT_CONFIRMATION_OK"
1136,10401350796,10401350959,1,"IOTHUB_CLIENT_CONFIRMATION_OK"
1137,10401350996,10401351028,1,"IOTHUB_CLIENT_CONFIRMATION_OK"
1138,10401351196,10401351225,1,"IOTHUB_CLIENT_CONFIRMATION_OK"
1139,10401351397,10401351427,1,"IOTHUB_CLIENT_CONFIRMATION_OK"
1140,10401351597,10401351651,1,"IOTHUB_CLIENT_CONFIRMATION_OK"
1141,10401351797,10401351827,1,"IOTHUB_CLIENT_CONFIRMATION_OK"
1142,10401351997,10401352028,1,"IOTHUB_CLIENT_CONFIRMATION_OK"
1143,10401352197,10401352235,1,"IOTHUB_CLIENT_CONFIRMATION_OK"
1144,10401352397,10401352428,1,"IOTHUB_CLIENT_CONFIRMATION_OK"
1145,10401352598,10401352643,1,"IOTHUB_CLIENT_CONFIRMATION_OK"
1146,10401352798,10401352827,1,"IOTHUB_CLIENT_CONFIRMATION_OK"
1147,10401352998,10401353026,1,"IOTHUB_CLIENT_CONFIRMATION_OK"
1148,10401353198,10401353227,1,"IOTHUB_CLIENT_CONFIRMATION_OK"
1149,10401353398,10401353427,1,"IOTHUB_CLIENT_CONFIRMATION_OK"
1150,10401353598,10401353664,1,"IOTHUB_CLIENT_CONFIRMATION_OK"
1151,10401353799,10401353839,1,"IOTHUB_CLIENT_CONFIRMATION_OK"
1152,10401353999,10401354039,1,"IOTHUB_CLIENT_CONFIRMATION_OK"
1153,10401354199,10401354263,1,"IOTHUB_CLIENT_CONFIRMATION_OK"
1154,10401354399,10401354428,1,"IOTHUB_CLIENT_CONFIRMATION_OK"
1155,10401354599,10401354632,1,"IOTHUB_CLIENT_CONFIRMATION_OK"
1156,10401354799,10401354879,1,"IOTHUB_CLIENT_CONFIRMATION_OK"
1157,10401354999,10401355030,1,"IOTHUB_CLIENT_CONFIRMATION_OK"
1158,10401355200,10401355229,1,"IOTHUB_CLIENT_CONFIRMATION_OK"
1159,10401355400,10401355435,1,"IOTHUB_CLIENT_CONFIRMATION_OK"
1160,10401355600,10401355669,1,"IOTHUB_CLIENT_CONFIRMATION_OK"
1161,10401355800,10401355832,1,"IOTHUB_CLIENT_CONFIRMATION_OK"
1162,10401356000,10401356029,1,"IOTHUB_CLIENT_CONFIRMATION_OK"
1163,10401356200,10401356231,1,"IOTHUB_CLIENT_CONFIRMATION_OK"
1164,10401356401,10401356564,1,"IOTHUB_CLIENT_CONFIRMATION_OK"
1165,10401356601,10401356638,1,"IOTHUB_CLIENT_CONFIRMATION_OK"
1166,10401356801,10401356833,1,"IOTHUB_CLIENT_CONFIRMATION_OK"
1167,10401357001,10401357164,1,"IOTHUB_CLIENT_CONFIRMATION_OK"
1168,10401357201,10401357236,1,"IOTHUB_CLIENT_CONFIRMATION_OK"
1169,10401357401,10401357440,1,"IOTHUB_CLIENT_CONFIRMATION_OK"
1170,10401357601,10401357643,1,"IOTHUB_CLIENT_CONFIRMATION_OK"
1171,10401357802,10401357833,1,"IOTHUB_CLIENT_CONFIRMATION_OK"
1172,10401358002,10401358032,1,"IOTHUB_CLIENT_CONFIRMATION_OK"
1173,10401358202,10401358235,1,"IOTHUB_CLIENT_CONFIRMATION_OK"
1174,10401358402,10401358432,1,"IOTHUB_CLIENT_CONFIRMATION_OK"
1175,10401358602,10401358643,1,"IOTHUB_CLIENT_CONFIRMATION_OK"
1176,10401358802,10401358874,1,"IOTHUB_CLIENT_CONFIRMATION_OK"
1177,10401359003,10401359033,1,"IOTHUB_CLIENT_CONFIRMATION_OK"
1178,10401359203,10401359398,1,"IOTHUB_CLIENT_CONFIRMATION_OK"
1179,10401359403,10401359436,1,"IOTHUB_CLIENT_CONFIRMATION_OK"
1180,10401359603,10401359634,1,"IOTHUB_CLIENT_CONFIRMATION_OK"
1181,10401359803,10401359835,1,"IOTHUB_CLIENT_CONFIRMATION_OK"
1182,10401360003,10401360049,1,"IOTHUB_CLIENT_CONFIRMATION_OK"
1183,10401360203,10401360238,1,"IOTHUB_CLIENT_CONFIRMATION_OK"
1184,10401360404,10401360436,1,"IOTHUB_CLIENT_CONFIRMATION_OK"
1185,10401360604,10401360648,1,"IOTHUB_CLIENT_CONFIRMATION_OK"
1186,10401360804,10401360837,1,"IOTHUB_CLIENT_CONFIRMATION_OK"
1187,10401361004,10401361036,1,"IOTHUB_CLIENT_CONFIRMATION_OK"
1188,10401361204,10401361233,1,"IOTHUB_CLIENT_CONFIRMATION_OK"
1189,10401361404,10401361437,1,"IOTHUB_CLIENT_CONFIRMATION_OK"
1190,10401361605,10401361656,1,"IOTHUB_CLIENT_CONFIRMATION_OK"
1191,10401361805,10401361834,1,"IOTHUB_CLIENT_CONFIRMATION_OK"
1192,10401362005,10401362043,1,"IOTHUB_CLIENT_CONFIRMATION_OK"
1193,10401362205,10401362256,1,"IOTHUB_CLIENT_CONFIRMATION_OK"
1194,10401362405,10401362435,1,"IOTHUB_CLIENT_CONFIRMATION_OK"
1195,10401362605,10401362651,1,"IOTHUB_CLIENT_CONFIRMATION_OK"
1196,10401362805,10401362846,1,"IOTHUB_CLIENT_CONFIRMATION_OK"
1197,10401363006,10401363040,1,"IOTHUB_CLIENT_CONFIRMATION_OK"
1198,10401363206,10401363309,1,"IOTHUB_CLIENT_CONFIRMATION_OK"
1199,10401363406,10401363435,1,"IOTHUB_CLIENT_CONFIRMATION_OK"
1200,10401363606,10401363639,1,"IOTHUB_CLIENT_CONFIRMATION_OK"
1201,10401363806,10401363941,1,"IOTHUB_CLIENT_CONFIRMATION_OK"
1202,10401364006,10401364042,1,"IOTHUB_CLIENT_CONFIRMATION_OK"
1203,10401364207,10401364237,1,"IOTHUB_CLIENT_CONFIRMATION_OK"
1204,10401364407,10401364440,1,"IOTHUB_CLIENT_CONFIRMATION_OK"
1205,10401364607,10401364646,1,"IOTHUB_CLIENT_CONFIRMATION_OK"
1206,10401364807,10401364944,1,"IOTHUB_CLIENT_CONFIRMATION_OK"
1207,10401365007,10401365194,1,"IOTHUB_CLIENT_CONFIRMATION_OK"
1208,10401365207,10401365240,1,"IOTHUB_CLIENT_CONFIRMATION_OK"
1209,10401365407,10401365438,1,"IOTHUB_CLIENT_CONFIRMATION_OK"
1210,10401365608,10401365662,1,"IOTHUB_CLIENT_CONFIRMATION_OK"
1211,10401365808,10401365836,1,"IOTHUB_CLIENT_CONFIRMATION_OK"
1212,10401366008,10401366210,1,"IOTHUB_CLIENT_CONFIRMATION_OK"
1213,10401366208,10401366249,1,"IOTHUB_CLIENT_CONFIRMATION_OK"
1214,10401366408,10401366477,1,"IOTHUB_CLIENT_CONFIRMATION_OK"
1215,10401366608,10401366653,1,"IOTHUB_CLIENT_CONFIRMATION_OK"
1216,10401366808,10401366844,1,"IOTHUB_CLIENT_CONFIRMATION_OK"
1217,10401367009,10401367047,1,"IOTHUB_CLIENT_CONFIRMATION_OK"
1218,10401367209,10401367256,1,"IOTHUB_CLIENT_CONFIRMATION_OK"
1219,10401367409,10401367439,1,"IOTHUB_CLIENT_CONFIRMATION_OK"
1220,10401367609,10401367642,1,"IOTHUB_CLIENT_CONFIRMATION_OK"
1221,10401367809,10401367842,1,"IOTHUB_CLIENT_CONFIRMATION_OK"
1222,10401368010,10401368047,1,"IOTHUB_CLIENT_CONFIRMATION_OK"
1223,10401368210,10401368241,1,"IOTHUB_CLIENT_CONFIRMATION_OK"
1224,10401368410,10401368444,1,"IOTHUB_CLIENT_CONFIRMATION_OK"
1225,10401368610,10401368661,1,"IOTHUB_CLIENT_CONFIRMATION_OK"
1226,10401368810,10401368853,1,"IOTHUB_CLIENT_CONFIRMATION_OK"
1227,10401369010,10401369042,1,"IOTHUB_CLIENT_CONFIRMATION_OK"
1228,10401369210,10401369252,1,"IOTHUB_CLIENT_CONFIRMATION_OK"
1229,10401369411,10401369454,1,"IOTHUB_CLIENT_CONFIRMATION_OK"
1230,10401369611,10401369686,1,"IOTHUB_CLIENT_CONFIRMATION_OK"
1231,10401369811,10401369892,1,"IOTHUB_CLIENT_CONFIRMATION_OK"
1232,10401370011,10401370077,1,"IOTHUB_CLIENT_CONFIRMATION_OK"
1233,10401370211,10401370303,1,"IOTHUB_CLIENT_CONFIRMATION_OK"
1234,10401370411,10401370443,1,"IOTHUB_CLIENT_CONFIRMATION_OK"
1235,10401370612,10401370704,1,"IOTHUB_CLIENT_CONFIRMATION_OK"
1236,10401370812,10401370845,1,"IOTHUB_CLIENT_CONFIRMATION_OK"
1237,10401371012,10401371047,1,"IOTHUB_CLIENT_CONFIRMATION_OK"
1238,10401371212,10401371254,1,"IOTHUB_CLIENT_CONFIRMATION_OK"
1239,10401371412,10401371446,1,"IOTHUB_CLIENT_CONFIRMATION_OK"
1240,10401371612,10401371643,1,"IOTHUB_CLIENT_CONFIRMATION_OK"
1241,10401371813,10401371841,1,"IOTHUB_CLIENT_CONFIRMATION_OK"
1242,10401372013,10401372046,1,"IOTHUB_CLIENT_CONFIRMATION_OK"
1243,10401372213,10401372244,1,"IOTHUB_CLIENT_CONFIRMATION_OK"
1244,10401372413,10401372443,1,"IOTHUB_CLIENT_CONFIRMATION_OK"
1245,10401372613,10401372649,1,"IOTHUB_CLIENT_CONFIRMATION_OK"
1246,10401372813,10401372967,1,"IOTHUB_CLIENT_CONFIRMATION_OK"
1247,10401373013,10401373048,1,"IOTHUB_CLIENT_CONFIRMATION_OK"
1248,10401373214,10401373246,1,"IOTHUB_CLIENT_CONFIRMATION_OK"
1249,10401373414,10401373579,1,"IOTHUB_CLIENT_CONFIRMATION_OK"
1250,10401373614,10401373680,1,"IOTHUB_CLIENT_CONFIRMATION_OK"
1251,10401373814,10401373844,1,"IOTHUB_CLIENT_CONFIRMATION_OK"
1252,10401374014,10401374083,1,"IOTHUB_CLIENT_CONFIRMATION_OK"
1253,10401374214,10401374249,1,"IOTHUB_CLIENT_CONFIRMATION_OK"
1254,10401374415,10401374444,1,"IOTHUB_CLIENT_CONFIRMATION_OK"
1255,10401374615,10401374643,1,"IOTHUB_CLIENT_CONFIRMATION_OK"
1256,10401374815,10401374851,1,"IOTHUB_CLIENT_CONFIRMATION_OK"
1257,10401375015,10401375049,1,"IOTHUB_CLIENT_CONFIRMATION_OK"
1258,10401375215,10401375247,1,"IOTHUB_CLIENT_CONFIRMATION_OK"
1259,10401375415,10401375471,1,"IOTHUB_CLIENT_CONFIRMATION_OK"
1260,10401375615,10401375667,1,"IOTHUB_CLIENT_CONFIRMATION_OK"
1261,10401375816,10401375853,1,"IOTHUB_CLIENT_CONFIRMATION_OK"
1262,10401376016,10401376047,1,"IOTHUB_CLIENT_CONFIRMATION_OK"
1263,10401376216,10401376249,1,"IOTHUB_CLIENT_CONFIRMATION_OK"
1264,10401376416,10401376453,1,"IOTHUB_CLIENT_CONFIRMATION_OK"
1265,10401376616,10401376647,1,"IOTHUB_CLIENT_CONFIRMATION_OK"
1266,10401376816,10401376849,1,"IOTHUB_CLIENT_CONFIRMATION_OK"
1267,10401377017,10401377095,1,"IOTHUB_CLIENT_CONFIRMATION_OK"
1268,10401377217,10401377260,1,"IOTHUB_CLIENT_CONFIRMATION_OK"
1269,10401377417,10401377507,1,"IOTHUB_CLIENT_CONFIRMATION_OK"
1270,10401377617,10401377667,1,"IOTHUB_CLIENT_CONFIRMATION_OK"
1271,10401377817,10401377851,1,"IOTHUB_CLIENT_CONFIRMATION_OK"
1272,10401378017,10401378050,1,"IOTHUB_CLIENT_CONFIRMATION_OK"
1273,10401378218,10401378245,1,"IOTHUB_CLIENT_CONFIRMATION_OK"
1274,10401378418,10401378447,1,"IOTHUB_CLIENT_CONFIRMATION_OK"
1275,10401378618,10401378651,1,"IOTHUB_CLIENT_CONFIRMATION_OK"
1276,10401378818,10401378851,1,"IOTHUB_CLIENT_CONFIRMATION_OK"
1277,10401379018,10401379117,1,"IOTHUB_CLIENT_CONFIRMATION_OK"
1278,10401379218,10401379252,1,"IOTHUB_CLIENT_CONFIRMATION_OK"
1279,10401379418,10401379451,1,"IOTHUB_CLIENT_CONFIRMATION_OK"
1280,10401379619,10401379740,1,"IOTHUB_CLIENT_CONFIRMATION_OK"
1281,10401379819,10401379848,1,"IOTHUB_CLIENT_CONFIRMATION_OK"
1282,10401380019,10401380059,1,"IOTHUB_CLIENT_CONFIRMATION_OK"
1283,10401380219,10401380357,1,"IOTHUB_CLIENT_CONFIRMATION_OK"
1284,10401380419,10401380452,1,"IOTHUB_CLIENT_CONFIRMATION_OK"
1285,10401380619,10401380651,1,"IOTHUB_CLIENT_CONFIRMATION_OK"
1286,10401380820,10401380848,1,"IOTHUB_CLIENT_CONFIRMATION_OK"
1287,10401381020,10401381059,1,"IOTHUB_CLIENT_CONFIRMATION_OK"
1288,10401381220,10401381249,1,"IOTHUB_CLIENT_CONFIRMATION_OK"
1289,10401381420,10401381449,1,"IOTHUB_CLIENT_CONFIRMATION_OK"
1290,10401381620,10401381655,1,"IOTHUB_CLIENT_CONFIRMATION_OK"
1291,10401381820,10401381853,1,"IOTHUB_CLIENT_CONFIRMATION_OK"
1292,10401382020,10401382054,1,"IOTHUB_CLIENT_CONFIRMATION_OK"
1293,10401382221,10401382251,1,"IOTHUB_CLIENT_CONFIRMATION_OK"
1294,10401382421,10401382578,1,"IOTHUB_CLIENT_CONFIRMATION_OK"
1295,10401382621,10401382652,1,"IOTHUB_CLIENT_CONFIRMATION_OK"
1296,10401382821,10401382852,1,"IOTHUB_CLIENT_CONFIRMATION_OK"
1297,10401383021,10401383296,1,"IOTHUB_CLIENT_CONFIRMATION_OK"
1298,10401383221,10401383318,1,"IOTHUB_CLIENT_CONFIRMATION_OK"
1299,10401383422,10401383452,1,"IOTHUB_CLIENT_CONFIRMATION_OK"
1300,10401383622,10401383716,1,"IOTHUB_CLIENT_CONFIRMATION_OK"
1301,10401383822,10401383850,1,"IOTHUB_CLIENT_CONFIRMATION_OK"
1302,10401384022,10401384055,1,"IOTHUB_CLIENT_CONFIRMATION_OK"
1303,10401384222,10401384250,1,"IOTHUB_CLIENT_CONFIRMATION_OK"
1304,10401384422,10401384456,1,"IOTHUB_CLIENT_CONFIRMATION_OK"
1305,10401384623,10401384654,1,"IOTHUB_CLIENT_CONFIRMATION_OK"
1306,10401384823,10401384856,1,"IOTHUB_CLIENT_CONFIRMATION_OK"
1307,10401385023,10401385054,1,"IOTHUB_CLIENT_CONFIRMATION_OK"
1308,10401385223,10401385343,1,"IOTHUB_CLIENT_CONFIRMATION_OK"
1309,10401385423,10401385466,1,"IOTHUB_CLIENT_CONFIRMATION_OK"
1310,10401385623,10401385662,1,"IOTHUB_CLIENT_CONFIRMATION_OK"
1311,10401385823,10401385951,1,"IOTHUB_CLIENT_CONFIRMATION_OK"
1312,10401386024,10401386054,1,"IOTHUB_CLIENT_CONFIRMATION_OK"
1313,10401386224,10401386263,1,"IOTHUB_CLIENT_CONFIRMATION_OK"
1314,10401386424,10401386627,1,"IOTHUB_CLIENT_CONFIRMATION_OK"
1315,10401386624,10401386665,1,"IOTHUB_CLIENT_CONFIRMATION_OK"
1316,10401386824,10401386854,1,"IOTHUB_CLIENT_CONFIRMATION_OK"
1317,10401387024,10401387058,1,"IOTHUB_CLIENT_CONFIRMATION_OK"
1318,10401387225,10401387258,1,"IOTHUB_CLIENT_CONFIRMATION_OK"
1319,10401387425,10401387459,1,"IOTHUB_CLIENT_CONFIRMATION_OK"
1320,10401387625,10401387663,1,"IOTHUB_CLIENT_CONFIRMATION_OK"
1321,10401387825,10401387857,1,"IOTHUB_CLIENT_CONFIRMATION_OK"
1322,10401388025,10401388053,1,"IOTHUB_CLIENT_CONFIRMATION_OK"
1323,10401388225,10401388277,1,"IOTHUB_CLIENT_CONFIRMATION_OK"
1324,10401388425,10401388469,1,"IOTHUB_CLIENT_CONFIRMATION_OK"
1325,10401388626,10401388663,1,"IOTHUB_CLIENT_CONFIRMATION_OK"
1326,10401388826,10401389076,1,"IOTHUB_CLIENT_CONFIRMATION_OK"
1327,10401389026,10401389096,1,"IOTHUB_CLIENT_CONFIRMATION_OK"
1328,10401389226,10401389266,1,"IOTHUB_CLIENT_CONFIRMATION_OK"
1329,10401389426,10401389456,1,"IOTHUB_CLIENT_CONFIRMATION_OK"
1330,10401389626,10401389659,1,"IOTHUB_CLIENT_CONFIRMATION_OK"
1331,10401389827,10401389878,1,"IOTHUB_CLIENT_CONFIRMATION_OK"
1332,10401390027,10401390059,1,"IOTHUB_CLIENT_CONFIRMATION_OK"
1333,10401390227,10401390257,1,"IOTHUB_CLIENT_CONFIRMATION_OK"
1334,10401390427,10401390500,1,"IOTHUB_CLIENT_CONFIRMATION_OK"
1335,10401390627,10401390665,1,"IOTHUB_CLIENT_CONFIRMATION_OK"
1336,10401390827,10401390868,1,"IOTHUB_CLIENT_CONFIRMATION_OK"
1337,10401391027,10401391110,1,"IOTHUB_CLIENT_CONFIRMATION_OK"
1338,10401391228,10401391258,1,"IOTHUB_CLIENT_CONFIRMATION_OK"
1339,10401391428,10401391467,1,"IOTHUB_CLIENT_CONFIRMATION_OK"
1340,10401391628,10401391670,1,"IOTHUB_CLIENT_CONFIRMATION_OK"
1341,10401391828,10401391873,1,"IOTHUB_CLIENT_CONFIRMATION_OK"
1342,10401392028,10401392130,1,"IOTHUB_CLIENT_CONFIRMATION_OK"
1343,10401392228,10401392262,1,"IOTHUB_CLIENT_CONFIRMATION_OK"
1344,10401392429,10401392464,1,"IOTHUB_CLIENT_CONFIRMATION_OK"
1345,10401392629,10401392730,1,"IOTHUB_CLIENT_CONFIRMATION_OK"
1346,10401392829,10401392869,1,"IOTHUB_CLIENT_CONFIRMATION_OK"
1347,10401393029,10401393061,1,"IOTHUB_CLIENT_CONFIRMATION_OK"
1348,10401393229,10401393565,1,"IOTHUB_CLIENT_CONFIRMATION_OK"
1349,10401393429,10401393586,1,"IOTHUB_CLIENT_CONFIRMATION_OK"
1350,10401393630,10401393659,1,"IOTHUB_CLIENT_CONFIRMATION_OK"
1351,10401393830,10401393874,1,"IOTHUB_CLIENT_CONFIRMATION_OK"
1352,10401394030,10401394065,1,"IOTHUB_CLIENT_CONFIRMATION_OK"
1353,10401394230,10401394302,1,"IOTHUB_CLIENT_CONFIRMATION_OK"
1354,10401394430,10401394462,1,"IOTHUB_CLIENT_CONFIRMATION_OK"
1355,10401394630,10401394667,1,"IOTHUB_CLIENT_CONFIRMATION_OK"
1356,10401394831,10401394865,1,"IOTHUB_CLIENT_CONFIRMATION_OK"
1357,10401395031,10401395060,1,"IOTHUB_CLIENT_CONFIRMATION_OK"
1358,10401395231,10401395263,1,"IOTHUB_CLIENT_CONFIRMATION_OK"
1359,10401395431,10401395595,1,"IOTHUB_CLIENT_CONFIRMATION_OK"
1360,10401395631,10401395662,1,"IOTHUB_CLIENT_CONFIRMATION_OK"
1361,10401395831,10401395866,1,"IOTHUB_CLIENT_CONFIRMATION_OK"
1362,10401396032,10401396210,1,"IOTHUB_CLIENT_CONFIRMATION_OK"
1363,10401396232,10401396259,1,"IOTHUB_CLIENT_CONFIRMATION_OK"
1364,10401396432,10401396463,1,"IOTHUB_CLIENT_CONFIRMATION_OK"
1365,10401396632,10401396668,1,"IOTHUB_CLIENT_CONFIRMATION_OK"
1366,10401396832,10401396862,1,"IOTHUB_CLIENT_CONFIRMATION_OK"
1367,10401397032,10401397064,1,"IOTHUB_CLIENT_CONFIRMATION_OK"
1368,10401397232,10401397267,1,"IOTHUB_CLIENT_CONFIRMATION_OK"
1369,10401397433,10401397462,1,"IOTHUB_CLIENT_CONFIRMATION_OK"
1370,10401397633,10401397665,1,"IOTHUB_CLIENT_CONFIRMATION_OK"
1371,10401397833,10401397871,1,"IOTHUB_CLIENT_CONFIRMATION_OK"
1372,10401398033,10401398068,1,"IOTHUB_CLIENT_CONFIRMATION_OK"
1373,10401398233,10401398267,1,"IOTHUB_CLIENT_CONFIRMATION_OK"
1374,10401398433,10401398466,1,"IOTHUB_CLIENT_CONFIRMATION_OK"
1375,10401398634,10401398662,1,"IOTHUB_CLIENT_CONFIRMATION_OK"
1376,10401398834,10401398871,1,"IOTHUB_CLIENT_CONFIRMATION_OK"
1377,10401399034,10401399067,1,"IOTHUB_CLIENT_CONFIRMATION_OK"
1378,10401399234,10401399271,1,"IOTHUB_CLIENT_CONFIRMATION_OK"
1379,10401399434,10401399495,1,"IOTHUB_CLIENT_CONFIRMATION_OK"
1380,10401399634,10401399666,1,"IOTHUB_CLIENT_CONFIRMATION_OK"
1381,10401399835,10401399862,1,"IOTHUB_CLIENT_CONFIRMATION_OK"
1382,10401400035,10401400271,1,"IOTHUB_CLIENT_CONFIRMATION_OK"
1383,10401400235,10401400294,1,"IOTHUB_CLIENT_CONFIRMATION_OK"
1384,10401400435,10401400464,1,"IOTHUB_CLIENT_CONFIRMATION_OK"
1385,10401400635,10401400668,1,"IOTHUB_CLIENT_CONFIRMATION_OK"
1386,10401400835,10401400865,1,"IOTHUB_CLIENT_CONFIRMATION_OK"
1387,10401401035,10401401068,1,"IOTHUB_CLIENT_CONFIRMATION_OK"
1388,10401401236,10401401284,1,"IOTHUB_CLIENT_CONFIRMATION_OK"
1389,10401401436,10401401472,1,"IOTHUB_CLIENT_CONFIRMATION_OK"
1390,10401401636,10401401664,1,"IOTHUB_CLIENT_CONFIRMATION_OK"
1391,10401401836,10401401905,1,"IOTHUB_CLIENT_CONFIRMATION_OK"
1392,10401402036,10401402074,1,"IOTHUB_CLIENT_CONFIRMATION_OK"
1393,10401402236,10401402439,1,"IOTHUB_CLIENT_CONFIRMATION_OK"
1394,10401402437,10401402479,1,"IOTHUB_CLIENT_CONFIRMATION_OK"
1395,10401402637,10401402677,1,"IOTHUB_CLIENT_CONFIRMATION_OK"
1396,10401402837,10401402869,1,"IOTHUB_CLIENT_CONFIRMATION_OK"
1397,10401403037,10401403078,1,"IOTHUB_CLIENT_CONFIRMATION_OK"
1398,10401403237,10401403270,1,"IOTHUB_CLIENT_CONFIRMATION_OK"
1399,10401403437,10401403475,1,"IOTHUB_CLIENT_CONFIRMATION_OK"
1400,10401403638,10401403669,1,"IOTHUB_CLIENT_CONFIRMATION_OK"
1401,10401403838,10401403871,1,"IOTHUB_CLIENT_CONFIRMATION_OK"
1402,10401404038,10401404094,1,"IOTHUB_CLIENT_CONFIRMATION_OK"
1403,10401404238,10401404274,1,"IOTHUB_CLIENT_CONFIRMATION_OK"
1404,10401404438,10401404468,1,"IOTHUB_CLIENT_CONFIRMATION_OK"
1405,10401404638,10401404667,1,"IOTHUB_CLIENT_CONFIRMATION_OK"
1406,10401404838,10401404882,1,"IOTHUB_CLIENT_CONFIRMATION_OK"
1407,10401405039,10401405103,1,"IOTHUB_CLIENT_CONFIRMATION_OK"
1408,10401405239,10401405269,1,"IOTHUB_CLIENT_CONFIRMATION_OK"
1409,10401405439,10401405471,1,"IOTHUB_CLIENT_CONFIRMATION_OK"
1410,10401405639,10401405721,1,"IOTHUB_CLIENT_CONFIRMATION_OK"
1411,10401405839,10401405889,1,"IOTHUB_CLIENT_CONFIRMATION_OK"
1412,10401406039,10401406070,1,"IOTHUB_CLIENT_CONFIRMATION_OK"
1413,10401406240,10401406362,1,"IOTHUB_CLIENT_CONFIRMATION_OK"
1414,10401406440,10401406469,1,"IOTHUB_CLIENT_CONFIRMATION_OK"
1415,10401406640,10401406683,1,"IOTHUB_CLIENT_CONFIRMATION_OK"
1416,10401406840,10401406872,1,"IOTHUB_CLIENT_CONFIRMATION_OK"
1417,10401407040,10401407068,1,"IOTHUB_CLIENT_CONFIRMATION_OK"
1418,10401407240,10401407337,1,"IOTHUB_CLIENT_CONFIRMATION_OK"
1419,10401407441,10401407485,1,"IOTHUB_CLIENT_CONFIRMATION_OK"
1420,10401407641,10401407669,1,"IOTHUB_CLIENT_CONFIRMATION_OK"
1421,10401407841,10401407874,1,"IOTHUB_CLIENT_CONFIRMATION_OK"
1422,10401408041,10401408069,1,"IOTHUB_CLIENT_CONFIRMATION_OK"
1423,10401408241,10401408272,1,"IOTHUB_CLIENT_CONFIRMATION_OK"
1424,10401408441,10401408580,1,"IOTHUB_CLIENT_CONFIRMATION_OK"
1425,10401408642,10401408671,1,"IOTHUB_CLIENT_CONFIRMATION_OK"
1426,10401408842,10401408875,1,"IOTHUB_CLIENT_CONFIRMATION_OK"
1427,10401409042,10401409214,1,"IOTHUB_CLIENT_CONFIRMATION_OK"
1428,10401409242,10401409273,1,"IOTHUB_CLIENT_CONFIRMATION_OK"
1429,10401409442,10401409492,1,"IOTHUB_CLIENT_CONFIRMATION_OK"
1430,10401409642,10401409691,1,"IOTHUB_CLIENT_CONFIRMATION_OK"
1431,10401409842,10401409874,1,"IOTHUB_CLIENT_CONFIRMATION_OK"
1432,10401410043,10401410071,1,"IOTHUB_CLIENT_CONFIRMATION_OK"
1433,10401410243,10401410274,1,"IOTHUB_CLIENT_CONFIRMATION_OK"
1434,10401410443,10401410481,1,"IOTHUB_CLIENT_CONFIRMATION_OK"
1435,10401410643,10401410675,1,"IOTHUB_CLIENT_CONFIRMATION_OK"
1436,10401410843,10401410875,1,"IOTHUB_CLIENT_CONFIRMATION_OK"
1437,10401411043,10401411077,1,"IOTHUB_CLIENT_CONFIRMATION_OK"
1438,10401411243,10401411273,1,"IOTHUB_CLIENT_CONFIRMATION_OK"
1439,10401411444,10401411473,1,"IOTHUB_CLIENT_CONFIRMATION_OK"
1440,10401411644,10401411684,1,"IOTHUB_CLIENT_CONFIRMATION_OK"
1441,10401411844,10401411891,1,"IOTHUB_CLIENT_CONFIRMATION_OK"
1442,10401412044,10401412072,1,"IOTHUB_CLIENT_CONFIRMATION_OK"
1443,10401412244,10401412274,1,"IOTHUB_CLIENT_CONFIRMATION_OK"
1444,10401412444,10401412478,1,"IOTHUB_CLIENT_CONFIRMATION_OK"
1445,10401412645,10401412676,1,"IOTHUB_CLIENT_CONFIRMATION_OK"
1446,10401412845,10401412885,1,"IOTHUB_CLIENT_CONFIRMATION_OK"
1447,10401413045,10401413074,1,"IOTHUB_CLIENT_CONFIRMATION_OK"
1448,10401413245,10401413278,1,"IOTHUB_CLIENT_CONFIRMATION_OK"
1449,10401413445,10401413501,1,"IOTHUB_CLIENT_CONFIRMATION_OK"
1450,10401413645,10401413679,1,"IOTHUB_CLIENT_CONFIRMATION_OK"
1451,10401413846,10401413946,1,"IOTHUB_CLIENT_CONFIRMATION_OK"
1452,10401414046,10401414076,1,"IOTHUB_CLIENT_CONFIRMATION_OK"
1453,10401414246,10401414281,1,"IOTHUB_CLIENT_CONFIRMATION_OK"
1454,10401414446,10401414561,1,"IOTHUB_CLIENT_CONFIRMATION_OK"
1455,10401414646,10401414679,1,"IOTHUB_CLIENT_CONFIRMATION_OK"
1456,10401414846,10401414916,1,"IOTHUB_CLIENT_CONFIRMATION_OK"
1457,10401415047,10401415077,1,"IOTHUB_CLIENT_CONFIRMATION_OK"
1458,10401415247,10401415281,1,"IOTHUB_CLIENT_CONFIRMATION_OK"
1459,10401415447,10401415476,1,"IOTHUB_CLIENT_CONFIRMATION_OK"
1460,10401415647,10401415681,1,"IOTHUB_CLIENT_CONFIRMATION_OK"
1461,10401415847,10401415975,1,"IOTHUB_CLIENT_CONFIRMATION_OK"
1462,10401416047,10401416078,1,"IOTHUB_CLIENT_CONFIRMATION_OK"
1463,10401416247,10401416286,1,"IOTHUB_CLIENT_CONFIRMATION_OK"
1464,10401416448,10401416479,1,"IOTHUB_CLIENT_CONFIRMATION_OK"
1465,10401416648,10401416683,1,"IOTHUB_CLIENT_CONFIRMATION_OK"
1466,10401416848,10401416880,1,"IOTHUB_CLIENT_CONFIRMATION_OK"
1467,10401417048,10401417079,1,"IOTHUB_CLIENT_CONFIRMATION_OK"
1468,10401417248,10401417285,1,"IOTHUB_CLIENT_CONFIRMATION_OK"
1469,10401417448,10401417485,1,"IOTHUB_CLIENT_CONFIRMATION_OK"
1470,10401417649,10401417684,1,"IOTHUB_CLIENT_CONFIRMATION_OK"
1471,10401417849,10401417883,1,"IOTHUB_CLIENT_CONFIRMATION_OK"
1472,10401418049,10401418206,1,"IOTHUB_CLIENT_CONFIRMATION_OK"
1473,10401418249,10401418282,1,"IOTHUB_CLIENT_CONFIRMATION_OK"
1474,10401418449,10401418483,1,"IOTHUB_CLIENT_CONFIRMATION_OK"
1475,10401418649,10401418822,1,"IOTHUB_CLIENT_CONFIRMATION_OK"
1476,10401418849,10401418881,1,"IOTHUB_CLIENT_CONFIRMATION_OK"
1477,10401419050,10401419082,1,"IOTHUB_CLIENT_CONFIRMATION_OK"
1478,10401419250,10401419291,1,"IOTHUB_CLIENT_CONFIRMATION_OK"
1479,10401419450,10401419481,1,"IOTHUB_CLIENT_CONFIRMATION_OK"
1480,10401419650,10401419683,1,"IOTHUB_CLIENT_CONFIRMATION_OK"
1481,10401419850,10401419887,1,"IOTHUB_CLIENT_CONFIRMATION_OK"
1482,10401420050,10401420102,1,"IOTHUB_CLIENT_CONFIRMATION_OK"
1483,10401420251,10401420287,1,"IOTHUB_CLIENT_CONFIRMATION_OK"
1484,10401420451,10401420488,1,"IOTHUB_CLIENT_CONFIRMATION_OK"
1485,10401420651,10401420684,1,"IOTHUB_CLIENT_CONFIRMATION_OK"
1486,10401420851,10401420883,1,"IOTHUB_CLIENT_CONFIRMATION_OK"
1487,10401421051,10401421082,1,"IOTHUB_CLIENT_CONFIRMATION_OK"
1488,10401421251,10401421283,1,"IOTHUB_CLIENT_CONFIRMATION_OK"
1489,10401421451,10401421486,1,"IOTHUB_CLIENT_CONFIRMATION_OK"
1490,10401421652,10401421690,1,"IOTHUB_CLIENT_CONFIRMATION_OK"
1491,10401421852,10401421887,1,"IOTHUB_CLIENT_CONFIRMATION_OK"
1492,10401422052,10401422087,1,"IOTHUB_CLIENT_CONFIRMATION_OK"
1493,10401422252,10401422283,1,"IOTHUB_CLIENT_CONFIRMATION_OK"
1494,10401422452,10401422486,1,"IOTHUB_CLIENT_CONFIRMATION_OK"
1495,10401422652,10401422697,1,"IOTHUB_CLIENT_CONFIRMATION_OK"
1496,10401422853,10401422893,1,"IOTHUB_CLIENT_CONFIRMATION_OK"
1497,10401423053,10401423083,1,"IOTHUB_CLIENT_CONFIRMATION_OK"
1498,10401423253,10401423314,1,"IOTHUB_CLIENT_CONFIRMATION_OK"
1499,10401423453,10401423488,1,"IOTHUB_CLIENT_CONFIRMATION_OK"
1500,10401423653,10401423684,1,"IOTHUB_CLIENT_CONFIRMATION_OK"
1501,10401423853,10401423884,1,"IOTHUB_CLIENT_CONFIRMATION_OK"
1502,10401424054,10401424116,1,"IOTHUB_CLIENT_CONFIRMATION_OK"
1503,10401424254,10401424324,1,"IOTHUB_CLIENT_CONFIRMATION_OK"
1504,10401424454,10401424514,1,"IOTHUB_CLIENT_CONFIRMATION_OK"
1505,10401424654,10401424689,1,"IOTHUB_CLIENT_CONFIRMATION_OK"
1506,10401424854,10401424938,1,"IOTHUB_CLIENT_CONFIRMATION_OK"
1507,10401425054,10401425093,1,"IOTHUB_CLIENT_CONFIRMATION_OK"
1508,10401425254,10401425283,1,"IOTHUB_CLIENT_CONFIRMATION_OK"
1509,10401425455,10401425538,1,"IOTHUB_CLIENT_CONFIRMATION_OK"
1510,10401425655,10401425687,1,"IOTHUB_CLIENT_CONFIRMATION_OK"
1511,10401425855,10401425887,1,"IOTHUB_CLIENT_CONFIRMATION_OK"
1512,10401426055,10401426156,1,"IOTHUB_CLIENT_CONFIRMATION_OK"
1513,10401426255,10401426286,1,"IOTHUB_CLIENT_CONFIRMATION_OK"
1514,10401426455,10401426488,1,"IOTHUB_CLIENT_CONFIRMATION_OK"
1515,10401426656,10401426697,1,"IOTHUB_CLIENT_CONFIRMATION_OK"
1516,10401426856,10401426888,1,"IOTHUB_CLIENT_CONFIRMATION_OK"
1517,10401427056,10401427086,1,"IOTHUB_CLIENT_CONFIRMATION_OK"
1518,10401427256,10401427289,1,"IOTHUB_CLIENT_CONFIRMATION_OK"
1519,10401427456,10401427487,1,"IOTHUB_CLIENT_CONFIRMATION_OK"
1520,10401427656,10401427773,1,"IOTHUB_CLIENT_CONFIRMATION_OK"
1521,10401427857,10401427907,1,"IOTHUB_CLIENT_CONFIRMATION_OK"
1522,10401428057,10401428086,1,"IOTHUB_CLIENT_CONFIRMATION_OK"
1523,10401428257,10401428384,1,"IOTHUB_CLIENT_CONFIRMATION_OK"
1524,10401428457,10401428503,1,"IOTHUB_CLIENT_CONFIRMATION_OK"
1525,10401428657,10401428686,1,"IOTHUB_CLIENT_CONFIRMATION_OK"
1526,10401428857,10401428893,1,"IOTHUB_CLIENT_CONFIRMATION_OK"
1527,10401429057,10401429087,1,"IOTHUB_CLIENT_CONFIRMATION_OK"
1528,10401429258,10401429288,1,"IOTHUB_CLIENT_CONFIRMATION_OK"
1529,10401429458,10401429495,1,"IOTHUB_CLIENT_CONFIRMATION_OK"
1530,10401429658,10401429704,1,"IOTHUB_CLIENT_CONFIRMATION_OK"
1531,10401429858,10401429907,1,"IOTHUB_CLIENT_CONFIRMATION_OK"
1532,10401430058,10401430089,1,"IOTHUB_CLIENT_CONFIRMATION_OK"
1533,10401430258,10401430290,1,"IOTHUB_CLIENT_CONFIRMATION_OK"
1534,10401430459,10401430646,1,"IOTHUB_CLIENT_CONFIRMATION_OK"
1535,10401430659,10401430697,1,"IOTHUB_CLIENT_CONFIRMATION_OK"
1536,10401430859,10401430886,1,"IOTHUB_CLIENT_CONFIRMATION_OK"
1537,10401431059,10401431240,1,"IOTHUB_CLIENT_CONFIRMATION_OK"
1538,10401431259,10401431300,1,"IOTHUB_CLIENT_CONFIRMATION_OK"
1539,10401431459,10401431491,1,"IOTHUB_CLIENT_CONFIRMATION_OK"
1540,10401431659,10401431692,1,"IOTHUB_CLIENT_CONFIRMATION_OK"
1541,10401431860,10401431891,1,"IOTHUB_CLIENT_CONFIRMATION_OK"
1542,10401432060,10401432091,1,"IOTHUB_CLIENT_CONFIRMATION_OK"
1543,10401432260,10401432292,1,"IOTHUB_CLIENT_CONFIRMATION_OK"
1544,10401432460,10401432500,1,"IOTHUB_CLIENT_CONFIRMATION_OK"
1545,10401432660,10401432692,1,"IOTHUB_CLIENT_CONFIRMATION_OK"
1546,10401432860,10401432907,1,"IOTHUB_CLIENT_CONFIRMATION_OK"
1547,10401433061,10401433090,1,"IOTHUB_CLIENT_CONFIRMATION_OK"
1548,10401433261,10401433295,1,"IOTHUB_CLIENT_CONFIRMATION_OK"
1549,10401433461,10401433499,1,"IOTHUB_CLIENT_CONFIRMATION_OK"
1550,10401433661,10401433694,1,"IOTHUB_CLIENT_CONFIRMATION_OK"
1551,10401433861,10401433895,1,"IOTHUB_CLIENT_CONFIRMATION_OK"
1552,10401434061,10401434092,1,"IOTHUB_CLIENT_CONFIRMATION_OK"
1553,10401434261,10401434293,1,"IOTHUB_CLIENT_CONFIRMATION_OK"
1554,10401434462,10401434519,1,"IOTHUB_CLIENT_CONFIRMATION_OK"
1555,10401434662,10401434730,1,"IOTHUB_CLIENT_CONFIRMATION_OK"
1556,10401434862,10401434893,1,"IOTHUB_CLIENT_CONFIRMATION_OK"
1557,10401435062,10401435103,1,"IOTHUB_CLIENT_CONFIRMATION_OK"
1558,10401435262,10401435320,1,"IOTHUB_CLIENT_CONFIRMATION_OK"
1559,10401435462,10401435490,1,"IOTHUB_CLIENT_CONFIRMATION_OK"
1560,10401435663,10401435745,1,"IOTHUB_CLIENT_CONFIRMATION_OK"
1561,10401435863,10401435903,1,"IOTHUB_CLIENT_CONFIRMATION_OK"
1562,10401436063,10401436091,1,"IOTHUB_CLIENT_CONFIRMATION_OK"
1563,10401436263,10401436299,1,"IOTHUB_CLIENT_CONFIRMATION_OK"
1564,10401436463,10401436496,1,"IOTHUB_CLIENT_CONFIRMATION_OK"
1565,10401436663,10401436753,1,"IOTHUB_CLIENT_CONFIRMATION_OK"
1566,10401436863,10401436911,1,"IOTHUB_CLIENT_CONFIRMATION_OK"
1567,10401437064,10401437098,1,"IOTHUB_CLIENT_CONFIRMATION_OK"
1568,10401437264,10401437379,1,"IOTHUB_CLIENT_CONFIRMATION_OK"
1569,10401437464,10401437492,1,"IOTHUB_CLIENT_CONFIRMATION_OK"
1570,10401437664,10401437704,1,"IOTHUB_CLIENT_CONFIRMATION_OK"
1571,10401437864,10401437980,1,"IOTHUB_CLIENT_CONFIRMATION_OK"
1572,10401438064,10401438095,1,"IOTHUB_CLIENT_CONFIRMATION_OK"
1573,10401438265,10401438319,1,"IOTHUB_CLIENT_CONFIRMATION_OK"
1574,10401438465,10401438498,1,"IOTHUB_CLIENT_CONFIRMATION_OK"
1575,10401438665,10401438698,1,"IOTHUB_CLIENT_CONFIRMATION_OK"
1576,10401438865,10401438896,1,"IOTHUB_CLIENT_CONFIRMATION_OK"
1577,10401439065,10401439103,1,"IOTHUB_CLIENT_CONFIRMATION_OK"
1578,10401439265,10401439305,1,"IOTHUB_CLIENT_CONFIRMATION_OK"
1579,10401439466,10401439493,1,"IOTHUB_CLIENT_CONFIRMATION_OK"
1580,10401439666,10401439694,1,"IOTHUB_CLIENT_CONFIRMATION_OK"
1581,10401439866,10401439904,1,"IOTHUB_CLIENT_CONFIRMATION_OK"
1582,10401440066,10401440208,1,"IOTHUB_CLIENT_CONFIRMATION_OK"
1583,10401440266,10401440303,1,"IOTHUB_CLIENT_CONFIRMATION_OK"
1584,10401440466,10401440499,1,"IOTHUB_CLIENT_CONFIRMATION_OK"
1585,10401440667,10401441081,1,"IOTHUB_CLIENT_CONFIRMATION_OK"
1586,10401440867,10401441111,1,"IOTHUB_CLIENT_CONFIRMATION_OK"
1587,10401441067,10401441129,1,"IOTHUB_CLIENT_CONFIRMATION_OK"
1588,10401441267,10401441372,1,"IOTHUB_CLIENT_CONFIRMATION_OK"
1589,10401441467,10401441499,1,"IOTHUB_CLIENT_CONFIRMATION_OK"
1590,10401441667,10401441698,1,"IOTHUB_CLIENT_CONFIRMATION_OK"
1591,10401441868,10401441903,1,"IOTHUB_CLIENT_CONFIRMATION_OK"
1592,10401442068,10401442099,1,"IOTHUB_CLIENT_CONFIRMATION_OK"
1593,10401442268,10401442310,1,"IOTHUB_CLIENT_CONFIRMATION_OK"
1594,10401442468,10401442510,1,"IOTHUB_CLIENT_CONFIRMATION_OK"
1595,10401442668,10401442698,1,"IOTHUB_CLIENT_CONFIRMATION_OK"
1596,10401442868,10401442902,1,"IOTHUB_CLIENT_CONFIRMATION_OK"
1597,10401443068,10401443098,1,"IOTHUB_CLIENT_CONFIRMATION_OK"
1598,10401443269,10401443321,1,"IOTHUB_CLIENT_CONFIRMATION_OK"
1599,10401443469,10401443536,1,"IOTHUB_CLIENT_CONFIRMATION_OK"
1600,10401443669,10401443699,1,"IOTHUB_CLIENT_CONFIRMATION_OK"
1601,10401443869,10401443901,1,"IOTHUB_CLIENT_CONFIRMATION_OK"
1602,10401444069,10401444122,1,"IOTHUB_CLIENT_CONFIRMATION_OK"
1603,10401444269,10401444305,1,"IOTHUB_CLIENT_CONFIRMATION_OK"
1604,10401444470,10401444515,1,"IOTHUB_CLIENT_CONFIRMATION_OK"
1605,10401444670,10401444736,1,"IOTHUB_CLIENT_CONFIRMATION_OK"
1606,10401444870,10401444902,1,"IOTHUB_CLIENT_CONFIRMATION_OK"
1607,10401445070,10401445103,1,"IOTHUB_CLIENT_CONFIRMATION_OK"
1608,10401445270,10401445338,1,"IOTHUB_CLIENT_CONFIRMATION_OK"
1609,10401445470,10401445501,1,"IOTHUB_CLIENT_CONFIRMATION_OK"
1610,10401445671,10401445702,1,"IOTHUB_CLIENT_CONFIRMATION_OK"
1611,10401445871,10401445915,1,"IOTHUB_CLIENT_CONFIRMATION_OK"
1612,10401446071,10401446104,1,"IOTHUB_CLIENT_CONFIRMATION_OK"
1613,10401446271,10401446429,1,"IOTHUB_CLIENT_CONFIRMATION_OK"
1614,10401446471,10401446501,1,"IOTHUB_CLIENT_CONFIRMATION_OK"
1615,10401446671,10401446704,1,"IOTHUB_CLIENT_CONFIRMATION_OK"
1616,10401446872,10401446973,1,"IOTHUB_CLIENT_CONFIRMATION_OK"
1617,10401447072,10401447101,1,"IOTHUB_CLIENT_CONFIRMATION_OK"
1618,10401447272,10401447312,1,"IOTHUB_CLIENT_CONFIRMATION_OK"
1619,10401447472,10401447596,1,"IOTHUB_CLIENT_CONFIRMATION_OK"
1620,10401447672,10401447718,1,"IOTHUB_CLIENT_CONFIRMATION_OK"
1621,10401447872,10401447903,1,"IOTHUB_CLIENT_CONFIRMATION_OK"
1622,10401448072,10401448101,1,"IOTHUB_CLIENT_CONFIRMATION_OK"
1623,10401448273,10401448311,1,"IOTHUB_CLIENT_CONFIRMATION_OK"
1624,10401448473,10401448503,1,"IOTHUB_CLIENT_CONFIRMATION_OK"
1625,10401448673,10401448719,1,"IOTHUB_CLIENT_CONFIRMATION_OK"
1626,10401448873,10401448905,1,"IOTHUB_CLIENT_CONFIRMATION_OK"
1627,10401449073,10401449103,1,"IOTHUB_CLIENT_CONFIRMATION_OK"
1628,10401449273,10401449316,1,"IOTHUB_CLIENT_CONFIRMATION_OK"
1629,10401449474,10401449502,1,"IOTHUB_CLIENT_CONFIRMATION_OK"
1630,10401449674,10401449852,1,"IOTHUB_CLIENT_CONFIRMATION_OK"
1631,10401449874,10401449909,1,"IOTHUB_CLIENT_CONFIRMATION_OK"
1632,10401450074,10401450106,1,"IOTHUB_CLIENT_CONFIRMATION_OK"
1633,10401450274,10401450451,1,"IOTHUB_CLIENT_CONFIRMATION_OK"
1634,10401450474,10401450514,1,"IOTHUB_CLIENT_CONFIRMATION_OK"
1635,10401450674,10401450705,1,"IOTHUB_CLIENT_CONFIRMATION_OK"
1636,10401450875,10401450907,1,"IOTHUB_CLIENT_CONFIRMATION_OK"
1637,10401451075,10401451107,1,"IOTHUB_CLIENT_CONFIRMATION_OK"
1638,10401451275,10401451307,1,"IOTHUB_CLIENT_CONFIRMATION_OK"
1639,10401451475,10401451507,1,"IOTHUB_CLIENT_CONFIRMATION_OK"
1640,10401451675,10401451715,1,"IOTHUB_CLIENT_CONFIRMATION_OK"
1641,10401451875,10401451936,1,"IOTHUB_CLIENT_CONFIRMATION_OK"
1642,10401452076,10401452112,1,"IOTHUB_CLIENT_CONFIRMATION_OK"
1643,10401452276,10401452307,1,"IOTHUB_CLIENT_CONFIRMATION_OK"
1644,10401452476,10401452507,1,"IOTHUB_CLIENT_CONFIRMATION_OK"
1645,10401452676,10401452711,1,"IOTHUB_CLIENT_CONFIRMATION_OK"
1646,10401452876,10401452907,1,"IOTHUB_CLIENT_CONFIRMATION_OK"
1647,10401453076,10401453150,1,"IOTHUB_CLIENT_CONFIRMATION_OK"
1648,10401453276,10401453308,1,"IOTHUB_CLIENT_CONFIRMATION_OK"
1649,10401453477,10401453517,1,"IOTHUB_CLIENT_CONFIRMATION_OK"
1650,10401453677,10401453715,1,"IOTHUB_CLIENT_CONFIRMATION_OK"
1651,10401453877,10401453908,1,"IOTHUB_CLIENT_CONFIRMATION_OK"
1652,10401454077,10401454106,1,"IOTHUB_CLIENT_CONFIRMATION_OK"
1653,10401454277,10401454323,1,"IOTHUB_CLIENT_CONFIRMATION_OK"
1654,10401454477,10401454527,1,"IOTHUB_CLIENT_CONFIRMATION_OK"
1655,10401454678,10401454711,1,"IOTHUB_CLIENT_CONFIRMATION_OK"
1656,10401454878,10401454945,1,"IOTHUB_CLIENT_CONFIRMATION_OK"
1657,10401455078,10401455119,1,"IOTHUB_CLIENT_CONFIRMATION_OK"
1658,10401455278,10401455310,1,"IOTHUB_CLIENT_CONFIRMATION_OK"
1659,10401455478,10401455507,1,"IOTHUB_CLIENT_CONFIRMATION_OK"
1660,10401455678,10401455709,1,"IOTHUB_CLIENT_CONFIRMATION_OK"
1661,10401455878,10401455946,1,"IOTHUB_CLIENT_CONFIRMATION_OK"
1662,10401456079,10401456110,1,"IOTHUB_CLIENT_CONFIRMATION_OK"
1663,10401456279,10401456312,1,"IOTHUB_CLIENT_CONFIRMATION_OK"
1664,10401456479,10401456589,1,"IOTHUB_CLIENT_CONFIRMATION_OK"
1665,10401456679,10401456712,1,"IOTHUB_CLIENT_CONFIRMATION_OK"
1666,10401456879,10401456911,1,"IOTHUB_CLIENT_CONFIRMATION_OK"
1667,10401457079,10401457197,1,"IOTHUB_CLIENT_CONFIRMATION_OK"
1668,10401457280,10401457309,1,"IOTHUB_CLIENT_CONFIRMATION_OK"
1669,10401457480,10401457537,1,"IOTHUB_CLIENT_CONFIRMATION_OK"
1670,10401457680,10401457797,1,"IOTHUB_CLIENT_CONFIRMATION_OK"
1671,10401457880,10401457918,1,"IOTHUB_CLIENT_CONFIRMATION_OK"
1672,10401458080,10401458112,1,"IOTHUB_CLIENT_CONFIRMATION_OK"
1673,10401458280,10401458314,1,"IOTHUB_CLIENT_CONFIRMATION_OK"
1674,10401458481,10401458510,1,"IOTHUB_CLIENT_CONFIRMATION_OK"
1675,10401458681,10401458708,1,"IOTHUB_CLIENT_CONFIRMATION_OK"
1676,10401458881,10401458930,1,"IOTHUB_CLIENT_CONFIRMATION_OK"
1677,10401459081,10401459110,1,"IOTHUB_CLIENT_CONFIRMATION_OK"
1678,10401459281,10401459443,1,"IOTHUB_CLIENT_CONFIRMATION_OK"
1679,10401459481,10401459511,1,"IOTHUB_CLIENT_CONFIRMATION_OK"
1680,10401459681,10401459710,1,"IOTHUB_CLIENT_CONFIRMATION_OK"
1681,10401459882,10401460053,1,"IOTHUB_CLIENT_CONFIRMATION_OK"
1682,10401460082,10401460115,1,"IOTHUB_CLIENT_CONFIRMATION_OK"
1683,10401460282,10401460310,1,"IOTHUB_CLIENT_CONFIRMATION_OK"
1684,10401460482,10401460516,1,"IOTHUB_CLIENT_CONFIRMATION_OK"
1685,10401460682,10401460713,1,"IOTHUB_CLIENT_CONFIRMATION_OK"
1686,10401460882,10401460921,1,"IOTHUB_CLIENT_CONFIRMATION_OK"
1687,10401461083,10401461111,1,"IOTHUB_CLIENT_CONFIRMATION_OK"
1688,10401461283,10401461317,1,"IOTHUB_CLIENT_CONFIRMATION_OK"
1689,10401461483,10401461516,1,"IOTHUB_CLIENT_CONFIRMATION_OK"
1690,10401461683,10401461715,1,"IOTHUB_CLIENT_CONFIRMATION_OK"
1691,10401461883,10401461913,1,"IOTHUB_CLIENT_CONFIRMATION_OK"
1692,10401462083,10401462284,1,"IOTHUB_CLIENT_CONFIRMATION_OK"
1693,10401462284,10401462316,1,"IOTHUB_CLIENT_CONFIRMATION_OK"
1694,10401462484,10401462517,1,"IOTHUB_CLIENT_CONFIRMATION_OK"
1695,10401462684,10401462736,1,"IOTHUB_CLIENT_CONFIRMATION_OK"
1696,10401462884,10401462930,1,"IOTHUB_CLIENT_CONFIRMATION_OK"
1697,10401463084,10401463113,1,"IOTHUB_CLIENT_CONFIRMATION_OK"
1698,10401463284,10401463315,1,"IOTHUB_CLIENT_CONFIRMATION_OK"
1699,10401463484,10401463514,1,"IOTHUB_CLIENT_CONFIRMATION_OK"
1700,10401463685,10401463867,1,"IOTHUB_CLIENT_CONFIRMATION_OK"
1701,10401463885,10401463999,1,"IOTHUB_CLIENT_CONFIRMATION_OK"
1702,10401464085,10401464120,1,"IOTHUB_CLIENT_CONFIRMATION_OK"
1703,10401464285,10401464349,1,"IOTHUB_CLIENT_CONFIRMATION_OK"
1704,10401464485,10401464591,1,"IOTHUB_CLIENT_CONFIRMATION_OK"
1705,10401464686,10401464715,1,"IOTHUB_CLIENT_CONFIRMATION_OK"
1706,10401464886,10401464914,1,"IOTHUB_CLIENT_CONFIRMATION_OK"
1707,10401465086,10401465116,1,"IOTHUB_CLIENT_CONFIRMATION_OK"
1708,10401465286,10401465317,1,"IOTHUB_CLIENT_CONFIRMATION_OK"
1709,10401465486,10401465598,1,"IOTHUB_CLIENT_CONFIRMATION_OK"
1710,10401465686,10401465715,1,"IOTHUB_CLIENT_CONFIRMATION_OK"
1711,10401465887,10401465917,1,"IOTHUB_CLIENT_CONFIRMATION_OK"
1712,10401466087,10401466215,1,"IOTHUB_CLIENT_CONFIRMATION_OK"
1713,10401466287,10401466315,1,"IOTHUB_CLIENT_CONFIRMATION_OK"
1714,10401466487,10401466549,1,"IOTHUB_CLIENT_CONFIRMATION_OK"
1715,10401466687,10401466830,1,"IOTHUB_CLIENT_CONFIRMATION_OK"
1716,10401466887,10401466919,1,"IOTHUB_CLIENT_CONFIRMATION_OK"
1717,10401467087,10401467120,1,"IOTHUB_CLIENT_CONFIRMATION_OK"
1718,10401467288,10401467342,1,"IOTHUB_CLIENT_CONFIRMATION_OK"
1719,10401467488,10401467518,1,"IOTHUB_CLIENT_CONFIRMATION_OK"
1720,10401467688,10401467718,1,"IOTHUB_CLIENT_CONFIRMATION_OK"
1721,10401467888,10401467918,1,"IOTHUB_CLIENT_CONFIRMATION_OK"
1722,10401468088,10401468120,1,"IOTHUB_CLIENT_CONFIRMATION_OK"
1723,10401468288,10401468325,1,"IOTHUB_CLIENT_CONFIRMATION_OK"
1724,10401468489,10401468518,1,"IOTHUB_CLIENT_CONFIRMATION_OK"
1725,10401468689,10401468720,1,"IOTHUB_CLIENT_CONFIRMATION_OK"
1726,10401468889,10401468918,1,"IOTHUB_CLIENT_CONFIRMATION_OK"
1727,10401469089,10401469130,1,"IOTHUB_CLIENT_CONFIRMATION_OK"
1728,10401469289,10401469318,1,"IOTHUB_CLIENT_CONFIRMATION_OK"
1729,10401469489,10401469665,1,"IOTHUB_CLIENT_CONFIRMATION_OK"
1730,10401469689,10401469722,1,"IOTHUB_CLIENT_CONFIRMATION_OK"
1731,10401469890,10401469933,1,"IOTHUB_CLIENT_CONFIRMATION_OK"
1732,10401470090,10401470118,1,"IOTHUB_CLIENT_CONFIRMATION_OK"
1733,10401470290,10401470320,1,"IOTHUB_CLIENT_CONFIRMATION_OK"
1734,10401470490,10401470520,1,"IOTHUB_CLIENT_CONFIRMATION_OK"
1735,10401470690,10401470734,1,"IOTHUB_CLIENT_CONFIRMATION_OK"
1736,10401470890,10401470925,1,"IOTHUB_CLIENT_CONFIRMATION_OK"
1737,10401471091,10401471122,1,"IOTHUB_CLIENT_CONFIRMATION_OK"
1738,10401471291,10401471370,1,"IOTHUB_CLIENT_CONFIRMATION_OK"
1739,10401471491,10401471520,1,"IOTHUB_CLIENT_CONFIRMATION_OK"
1740,10401471691,10401471733,1,"IOTHUB_CLIENT_CONFIRMATION_OK"
1741,10401471891,10401471923,1,"IOTHUB_CLIENT_CONFIRMATION_OK"
1742,10401472091,10401472123,1,"IOTHUB_CLIENT_CONFIRMATION_OK"
1743,10401472291,10401472369,1,"IOTHUB_CLIENT_CONFIRMATION_OK"
1744,10401472492,10401472524,1,"IOTHUB_CLIENT_CONFIRMATION_OK"
1745,10401472692,10401472723,1,"IOTHUB_CLIENT_CONFIRMATION_OK"
1746,10401472892,10401472978,1,"IOTHUB_CLIENT_CONFIRMATION_OK"
1747,10401473092,10401473121,1,"IOTHUB_CLIENT_CONFIRMATION_OK"
1748,10401473292,10401473324,1,"IOTHUB_CLIENT_CONFIRMATION_OK"
1749,10401473492,10401473576,1,"IOTHUB_CLIENT_CONFIRMATION_OK"
1750,10401473693,10401473724,1,"IOTHUB_CLIENT_CONFIRMATION_OK"
1751,10401473893,10401473922,1,"IOTHUB_CLIENT_CONFIRMATION_OK"
1752,10401474093,10401474216,1,"IOTHUB_CLIENT_CONFIRMATION_OK"
1753,10401474293,10401474320,1,"IOTHUB_CLIENT_CONFIRMATION_OK"
1754,10401474493,10401474523,1,"IOTHUB_CLIENT_CONFIRMATION_OK"
1755,10401474693,10401474730,1,"IOTHUB_CLIENT_CONFIRMATION_OK"
1756,10401474894,10401474925,1,"IOTHUB_CLIENT_CONFIRMATION_OK"
1757,10401475094,10401475127,1,"IOTHUB_CLIENT_CONFIRMATION_OK"
1758,10401475294,10401475327,1,"IOTHUB_CLIENT_CONFIRMATION_OK"
1759,10401475494,10401475524,1,"IOTHUB_CLIENT_CONFIRMATION_OK"
1760,10401475694,10401475819,1,"IOTHUB_CLIENT_CONFIRMATION_OK"
1761,10401475894,10401475926,1,"IOTHUB_CLIENT_CONFIRMATION_OK"
1762,10401476095,10401476125,1,"IOTHUB_CLIENT_CONFIRMATION_OK"
1763,10401476295,10401476419,1,"IOTHUB_CLIENT_CONFIRMATION_OK"
1764,10401476495,10401476526,1,"IOTHUB_CLIENT_CONFIRMATION_OK"
1765,10401476695,10401476765,1,"IOTHUB_CLIENT_CONFIRMATION_OK"
1766,10401476895,10401477090,1,"IOTHUB_CLIENT_CONFIRMATION_OK"
1767,10401477095,10401477137,1,"IOTHUB_CLIENT_CONFIRMATION_OK"
1768,10401477296,10401477325,1,"IOTHUB_CLIENT_CONFIRMATION_OK"
1769,10401477496,10401477525,1,"IOTHUB_CLIENT_CONFIRMATION_OK"
1770,10401477696,10401477725,1,"IOTHUB_CLIENT_CONFIRMATION_OK"
1771,10401477896,10401477931,1,"IOTHUB_CLIENT_CONFIRMATION_OK"
1772,10401478096,10401478138,1,"IOTHUB_CLIENT_CONFIRMATION_OK"
1773,10401478296,10401478327,1,"IOTHUB_CLIENT_CONFIRMATION_OK"
1774,10401478497,10401478526,1,"IOTHUB_CLIENT_CONFIRMATION_OK"
1775,10401478697,10401478741,1,"IOTHUB_CLIENT_CONFIRMATION_OK"
1776,10401478897,10401478928,1,"IOTHUB_CLIENT_CONFIRMATION_OK"
1777,10401479097,10401479134,1,"IOTHUB_CLIENT_CONFIRMATION_OK"
1778,10401479297,10401479337,1,"IOTHUB_CLIENT_CONFIRMATION_OK"
1779,10401479497,10401479529,1,"IOTHUB_CLIENT_CONFIRMATION_OK"
1780,10401479698,10401479779,1,"IOTHUB_CLIENT_CONFIRMATION_OK"
1781,10401479898,10401479940,1,"IOTHUB_CLIENT_CONFIRMATION_OK"
1782,10401480098,10401480126,1,"IOTHUB_CLIENT_CONFIRMATION_OK"
1783,10401480298,10401480333,1,"IOTHUB_CLIENT_CONFIRMATION_OK"
1784,10401480498,10401480528,1,"IOTHUB_CLIENT_CONFIRMATION_OK"
1785,10401480699,10401480740,1,"IOTHUB_CLIENT_CONFIRMATION_OK"
1786,10401480899,10401480959,1,"IOTHUB_CLIENT_CONFIRMATION_OK"
1787,10401481099,10401481140,1,"IOTHUB_CLIENT_CONFIRMATION_OK"
1788,10401481299,10401481328,1,"IOTHUB_CLIENT_CONFIRMATION_OK"
1789,10401481499,10401481558,1,"IOTHUB_CLIENT_CONFIRMATION_OK"
1790,10401481699,10401481729,1,"IOTHUB_CLIENT_CONFIRMATION_OK"
1791,10401481899,10401481963,1,"IOTHUB_CLIENT_CONFIRMATION_OK"
1792,10401482100,10401482131,1,"IOTHUB_CLIENT_CONFIRMATION_OK"
1793,10401482300,10401482331,1,"IOTHUB_CLIENT_CONFIRMATION_OK"
1794,10401482500,10401482559,1,"IOTHUB_CLIENT_CONFIRMATION_OK"
1795,10401482700,10401482734,1,"IOTHUB_CLIENT_CONFIRMATION_OK"
1796,10401482900,10401482931,1,"IOTHUB_CLIENT_CONFIRMATION_OK"
1797,10401483100,10401483170,1,"IOTHUB_CLIENT_CONFIRMATION_OK"
1798,10401483301,10401483396,1,"IOTHUB_CLIENT_CONFIRMATION_OK"
1799,10401483501,10401483530,1,"IOTHUB_CLIENT_CONFIRMATION_OK"
1800,10401483701,10401483732,1,"IOTHUB_CLIENT_CONFIRMATION_OK"
1801,10401483901,10401483930,1,"IOTHUB_CLIENT_CONFIRMATION_OK"
1802,10401484101,10401484132,1,"IOTHUB_CLIENT_CONFIRMATION_OK"
1803,10401484301,10401484330,1,"IOTHUB_CLIENT_CONFIRMATION_OK"
1804,10401484502,10401484532,1,"IOTHUB_CLIENT_CONFIRMATION_OK"
1805,10401484702,10401484741,1,"IOTHUB_CLIENT_CONFIRMATION_OK"
1806,10401484902,10401484953,1,"IOTHUB_CLIENT_CONFIRMATION_OK"
1807,10401485102,10401485132,1,"IOTHUB_CLIENT_CONFIRMATION_OK"
1808,10401485302,10401485410,1,"IOTHUB_CLIENT_CONFIRMATION_OK"
1809,10401485502,10401485538,1,"IOTHUB_CLIENT_CONFIRMATION_OK"
1810,10401485703,10401485737,1,"IOTHUB_CLIENT_CONFIRMATION_OK"
1811,10401485903,10401486035,1,"IOTHUB_CLIENT_CONFIRMATION_OK"
1812,10401486103,10401486133,1,"IOTHUB_CLIENT_CONFIRMATION_OK"
1813,10401486303,10401486335,1,"IOTHUB_CLIENT_CONFIRMATION_OK"
1814,10401486503,10401486644,1,"IOTHUB_CLIENT_CONFIRMATION_OK"
1815,10401486703,10401486738,1,"IOTHUB_CLIENT_CONFIRMATION_OK"
1816,10401486904,10401486958,1,"IOTHUB_CLIENT_CONFIRMATION_OK"
1817,10401487104,10401487147,1,"IOTHUB_CLIENT_CONFIRMATION_OK"
1818,10401487304,10401487340,1,"IOTHUB_CLIENT_CONFIRMATION_OK"
1819,10401487504,10401487579,1,"IOTHUB_CLIENT_CONFIRMATION_OK"
1820,10401487704,10401487738,1,"IOTHUB_CLIENT_CONFIRMATION_OK"
1821,10401487904,10401487944,1,"IOTHUB_CLIENT_CONFIRMATION_OK"
1822,10401488105,10401488145,1,"IOTHUB_CLIENT_CONFIRMATION_OK"
1823,10401488305,10401488347,1,"IOTHUB_CLIENT_CONFIRMATION_OK"
1824,10401488505,10401488548,1,"IOTHUB_CLIENT_CONFIRMATION_OK"
1825,10401488705,10401488925,1,"IOTHUB_CLIENT_CONFIRMATION_OK"
1826,10401488905,10401488947,1,"IOTHUB_CLIENT_CONFIRMATION_OK"
1827,10401489105,10401489135,1,"IOTHUB_CLIENT_CONFIRMATION_OK"
1828,10401489305,10401489549,1,"IOTHUB_CLIENT_CONFIRMATION_OK"
1829,10401489506,10401489572,1,"IOTHUB_CLIENT_CONFIRMATION_OK"
1830,10401489706,10401489742,1,"IOTHUB_CLIENT_CONFIRMATION_OK"
1831,10401489906,10401489953,1,"IOTHUB_CLIENT_CONFIRMATION_OK"
1832,10401490106,10401490138,1,"IOTHUB_CLIENT_CONFIRMATION_OK"
1833,10401490306,10401490334,1,"IOTHUB_CLIENT_CONFIRMATION_OK"
1834,10401490506,10401490568,1,"IOTHUB_CLIENT_CONFIRMATION_OK"
1835,10401490707,10401490740,1,"IOTHUB_CLIENT_CONFIRMATION_OK"
1836,10401490907,10401490939,1,"IOTHUB_CLIENT_CONFIRMATION_OK"
1837,10401491107,10401491174,1,"IOTHUB_CLIENT_CONFIRMATION_OK"
1838,10401491307,10401491337,1,"IOTHUB_CLIENT_CONFIRMATION_OK"
1839,10401491507,10401491537,1,"IOTHUB_CLIENT_CONFIRMATION_OK"
1840,10401491707,10401491740,1,"IOTHUB_CLIENT_CONFIRMATION_OK"
1841,10401491908,10401491945,1,"IOTHUB_CLIENT_CONFIRMATION_OK"
1842,10401492108,10401492176,1,"IOTHUB_CLIENT_CONFIRMATION_OK"
1843,10401492308,10401492338,1,"IOTHUB_CLIENT_CONFIRMATION_OK"
1844,10401492508,10401492556,1,"IOTHUB_CLIENT_CONFIRMATION_OK"
1845,10401492708,10401492823,1,"IOTHUB_CLIENT_CONFIRMATION_OK"
1846,10401492908,10401492937,1,"IOTHUB_CLIENT_CONFIRMATION_OK"
1847,10401493109,10401493140,1,"IOTHUB_CLIENT_CONFIRMATION_OK"
1848,10401493309,10401493403,1,"IOTHUB_CLIENT_CONFIRMATION_OK"
1849,10401493509,10401493538,1,"IOTHUB_CLIENT_CONFIRMATION_OK"
1850,10401493709,10401493749,1,"IOTHUB_CLIENT_CONFIRMATION_OK"
1851,10401493909,10401493941,1,"IOTHUB_CLIENT_CONFIRMATION_OK"
1852,10401494109,10401494141,1,"IOTHUB_CLIENT_CONFIRMATION_OK"
1853,10401494310,10401494342,1,"IOTHUB_CLIENT_CONFIRMATION_OK"
1854,10401494510,10401494539,1,"IOTHUB_CLIENT_CONFIRMATION_OK"
1855,10401494710,10401494738,1,"IOTHUB_CLIENT_CONFIRMATION_OK"
1856,10401494910,10401495016,1,"IOTHUB_CLIENT_CONFIRMATION_OK"
1857,10401495110,10401495140,1,"IOTHUB_CLIENT_CONFIRMATION_OK"
1858,10401495310,10401495342,1,"IOTHUB_CLIENT_CONFIRMATION_OK"
1859,10401495511,10401495667,1,"IOTHUB_CLIENT_CONFIRMATION_OK"
1860,10401495711,10401495740,1,"IOTHUB_CLIENT_CONFIRMATION_OK"
1861,10401495911,10401495941,1,"IOTHUB_CLIENT_CONFIRMATION_OK"
1862,10401496111,10401496300,1,"IOTHUB_CLIENT_CONFIRMATION_OK"
1863,10401496311,10401496372,1,"IOTHUB_CLIENT_CONFIRMATION_OK"
1864,10401496511,10401496542,1,"IOTHUB_CLIENT_CONFIRMATION_OK"
1865,10401496712,10401496766,1,"IOTHUB_CLIENT_CONFIRMATION_OK"
1866,10401496912,10401496944,1,"IOTHUB_CLIENT_CONFIRMATION_OK"
1867,10401497112,10401497144,1,"IOTHUB_CLIENT_CONFIRMATION_OK"
1868,10401497312,10401497343,1,"IOTHUB_CLIENT_CONFIRMATION_OK"
1869,10401497512,10401497545,1,"IOTHUB_CLIENT_CONFIRMATION_OK"
1870,10401497712,10401497745,1,"IOTHUB_CLIENT_CONFIRMATION_OK"
1871,10401497913,10401497951,1,"IOTHUB_CLIENT_CONFIRMATION_OK"
1872,10401498113,10401498142,1,"IOTHUB_CLIENT_CONFIRMATION_OK"
1873,10401498313,10401498356,1,"IOTHUB_CLIENT_CONFIRMATION_OK"
1874,10401498513,10401498548,1,"IOTHUB_CLIENT_CONFIRMATION_OK"
1875,10401498713,10401498745,1,"IOTHUB_CLIENT_CONFIRMATION_OK"
1876,10401498913,10401498955,1,"IOTHUB_CLIENT_CONFIRMATION_OK"
1877,10401499113,10401499144,1,"IOTHUB_CLIENT_CONFIRMATION_OK"
1878,10401499314,10401499345,1,"IOTHUB_CLIENT_CONFIRMATION_OK"
1879,10401499514,10401499546,1,"IOTHUB_CLIENT_CONFIRMATION_OK"
1880,10401499714,10401499747,1,"IOTHUB_CLIENT_CONFIRMATION_OK"
1881,10401499914,10401499948,1,"IOTHUB_CLIENT_CONFIRMATION_OK"
1882,10401500114,10401500163,1,"IOTHUB_CLIENT_CONFIRMATION_OK"
1883,10401500314,10401500347,1,"IOTHUB_CLIENT_CONFIRMATION_OK"
1884,10401500515,10401500579,1,"IOTHUB_CLIENT_CONFIRMATION_OK"
1885,10401500715,10401500789,1,"IOTHUB_CLIENT_CONFIRMATION_OK"
1886,10401500915,10401500958,1,"IOTHUB_CLIENT_CONFIRMATION_OK"
1887,10401501115,10401501145,1,"IOTHUB_CLIENT_CONFIRMATION_OK"
1888,10401501315,10401501348,1,"IOTHUB_CLIENT_CONFIRMATION_OK"
1889,10401501515,10401501549,1,"IOTHUB_CLIENT_CONFIRMATION_OK"
1890,10401501716,10401501793,1,"IOTHUB_CLIENT_CONFIRMATION_OK"
1891,10401501916,10401502003,1,"IOTHUB_CLIENT_CONFIRMATION_OK"
1892,10401502116,10401502147,1,"IOTHUB_CLIENT_CONFIRMATION_OK"
1893,10401502316,10401502400,1,"IOTHUB_CLIENT_CONFIRMATION_OK"
1894,10401502516,10401502556,1,"IOTHUB_CLIENT_CONFIRMATION_OK"
1895,10401502716,10401502753,1,"IOTHUB_CLIENT_CONFIRMATION_OK"
1896,10401502916,10401503021,1,"IOTHUB_CLIENT_CONFIRMATION_OK"
1897,10401503117,10401503151,1,"IOTHUB_CLIENT_CONFIRMATION_OK"
1898,10401503317,10401503348,1,"IOTHUB_CLIENT_CONFIRMATION_OK"
1899,10401503517,10401503625,1,"IOTHUB_CLIENT_CONFIRMATION_OK"
1900,10401503717,10401503756,1,"IOTHUB_CLIENT_CONFIRMATION_OK"
1901,10401503917,10401503950,1,"IOTHUB_CLIENT_CONFIRMATION_OK"
1902,10401504117,10401504148,1,"IOTHUB_CLIENT_CONFIRMATION_OK"
1903,10401504317,10401504356,1,"IOTHUB_CLIENT_CONFIRMATION_OK"
1904,10401504518,10401504547,1,"IOTHUB_CLIENT_CONFIRMATION_OK"
1905,10401504718,10401504747,1,"IOTHUB_CLIENT_CONFIRMATION_OK"
1906,10401504918,10401504948,1,"IOTHUB_CLIENT_CONFIRMATION_OK"
1907,10401505118,10401505254,1,"IOTHUB_CLIENT_CONFIRMATION_OK"
1908,10401505318,10401505350,1,"IOTHUB_CLIENT_CONFIRMATION_OK"
1909,10401505518,10401505549,1,"IOTHUB_CLIENT_CONFIRMATION_OK"
1910,10401505719,10401505886,1,"IOTHUB_CLIENT_CONFIRMATION_OK"
1911,10401505919,10401505948,1,"IOTHUB_CLIENT_CONFIRMATION_OK"
1912,10401506119,10401506230,1,"IOTHUB_CLIENT_CONFIRMATION_OK"
1913,10401506319,10401506354,1,"IOTHUB_CLIENT_CONFIRMATION_OK"
1914,10401506519,10401506590,1,"IOTHUB_CLIENT_CONFIRMATION_OK"
1915,10401506719,10401506759,1,"IOTHUB_CLIENT_CONFIRMATION_OK"
1916,10401506920,10401506950,1,"IOTHUB_CLIENT_CONFIRMATION_OK"
1917,10401507120,10401507151,1,"IOTHUB_CLIENT_CONFIRMATION_OK"
1918,10401507320,10401507353,1,"IOTHUB_CLIENT_CONFIRMATION_OK"
1919,10401507520,10401507559,1,"IOTHUB_CLIENT_CONFIRMATION_OK"
1920,10401507720,10401507757,1,"IOTHUB_CLIENT_CONFIRMATION_OK"
1921,10401507920,10401507950,1,"IOTHUB_CLIENT_CONFIRMATION_OK"
1922,10401508121,10401508193,1,"IOTHUB_CLIENT_CONFIRMATION_OK"
1923,10401508321,10401508364,1,"IOTHUB_CLIENT_CONFIRMATION_OK"
1924,10401508521,10401508578,1,"IOTHUB_CLIENT_CONFIRMATION_OK"
1925,10401508721,10401508759,1,"IOTHUB_CLIENT_CONFIRMATION_OK"
1926,10401508921,10401508954,1,"IOTHUB_CLIENT_CONFIRMATION_OK"
1927,10401509121,10401509185,1,"IOTHUB_CLIENT_CONFIRMATION_OK"
1928,10401509322,10401509350,1,"IOTHUB_CLIENT_CONFIRMATION_OK"
1929,10401509522,10401509557,1,"IOTHUB_CLIENT_CONFIRMATION_OK"
1930,10401509722,10401509801,1,"IOTHUB_CLIENT_CONFIRMATION_OK"
1931,10401509922,10401509953,1,"IOTHUB_CLIENT_CONFIRMATION_OK"
1932,10401510122,10401510156,1,"IOTHUB_CLIENT_CONFIRMATION_OK"
1933,10401510322,10401510407,1,"IOTHUB_CLIENT_CONFIRMATION_OK"
1934,10401510523,10401510555,1,"IOTHUB_CLIENT_CONFIRMATION_OK"
1935,10401510723,10401510764,1,"IOTHUB_CLIENT_CONFIRMATION_OK"
1936,10401510923,10401510957,1,"IOTHUB_CLIENT_CONFIRMATION_OK"
1937,10401511123,10401511153,1,"IOTHUB_CLIENT_CONFIRMATION_OK"
1938,10401511323,10401511369,1,"IOTHUB_CLIENT_CONFIRMATION_OK"
1939,10401511523,10401511553,1,"IOTHUB_CLIENT_CONFIRMATION_OK"
1940,10401511724,10401511755,1,"IOTHUB_CLIENT_CONFIRMATION_OK"
1941,10401511924,10401512041,1,"IOTHUB_CLIENT_CONFIRMATION_OK"
1942,10401512124,10401512166,1,"IOTHUB_CLIENT_CONFIRMATION_OK"
1943,10401512324,10401512359,1,"IOTHUB_CLIENT_CONFIRMATION_OK"
1944,10401512524,10401512716,1,"IOTHUB_CLIENT_CONFIRMATION_OK"
1945,10401512724,10401512758,1,"IOTHUB_CLIENT_CONFIRMATION_OK"
1946,10401512924,10401512957,1,"IOTHUB_CLIENT_CONFIRMATION_OK"
1947,10401513125,10401513155,1,"IOTHUB_CLIENT_CONFIRMATION_OK"
1948,10401513325,10401513355,1,"IOTHUB_CLIENT_CONFIRMATION_OK"
1949,10401513525,10401513566,1,"IOTHUB_CLIENT_CONFIRMATION_OK"
1950,10401513725,10401513763,1,"IOTHUB_CLIENT_CONFIRMATION_OK"
1951,10401513925,10401513956,1,"IOTHUB_CLIENT_CONFIRMATION_OK"
1952,10401514125,10401514158,1,"IOTHUB_CLIENT_CONFIRMATION_OK"
1953,10401514326,10401514367,1,"IOTHUB_CLIENT_CONFIRMATION_OK"
1954,10401514526,10401514597,1,"IOTHUB_CLIENT_CONFIRMATION_OK"
1955,10401514726,10401514763,1,"IOTHUB_CLIENT_CONFIRMATION_OK"
1956,10401514926,10401514969,1,"IOTHUB_CLIENT_CONFIRMATION_OK"
1957,10401515126,10401515170,1,"IOTHUB_CLIENT_CONFIRMATION_OK"
1958,10401515326,10401515412,1,"IOTHUB_CLIENT_CONFIRMATION_OK"
1959,10401515527,10401515569,1,"IOTHUB_CLIENT_CONFIRMATION_OK"
1960,10401515727,10401515773,1,"IOTHUB_CLIENT_CONFIRMATION_OK"
1961,10401515927,10401515995,1,"IOTHUB_CLIENT_CONFIRMATION_OK"
1962,10401516127,10401516158,1,"IOTHUB_CLIENT_CONFIRMATION_OK"
1963,10401516327,10401516358,1,"IOTHUB_CLIENT_CONFIRMATION_OK"
1964,10401516527,10401516609,1,"IOTHUB_CLIENT_CONFIRMATION_OK"
1965,10401516727,10401516786,1,"IOTHUB_CLIENT_CONFIRMATION_OK"
1966,10401516928,10401516958,1,"IOTHUB_CLIENT_CONFIRMATION_OK"
1967,10401517128,10401517223,1,"IOTHUB_CLIENT_CONFIRMATION_OK"
1968,10401517328,10401517361,1,"IOTHUB_CLIENT_CONFIRMATION_OK"
1969,10401517528,10401517562,1,"IOTHUB_CLIENT_CONFIRMATION_OK"
1970,10401517728,10401517764,1,"IOTHUB_CLIENT_CONFIRMATION_OK"
1971,10401517928,10401517958,1,"IOTHUB_CLIENT_CONFIRMATION_OK"
1972,10401518129,10401518158,1,"IOTHUB_CLIENT_CONFIRMATION_OK"
1973,10401518329,10401518357,1,"IOTHUB_CLIENT_CONFIRMATION_OK"
1974,10401518529,10401518561,1,"IOTHUB_CLIENT_CONFIRMATION_OK"
1975,10401518729,10401518846,1,"IOTHUB_CLIENT_CONFIRMATION_OK"
1976,10401518929,10401518961,1,"IOTHUB_CLIENT_CONFIRMATION_OK"
1977,10401519129,10401519172,1,"IOTHUB_CLIENT_CONFIRMATION_OK"
1978,10401519330,10401519462,1,"IOTHUB_CLIENT_CONFIRMATION_OK"
1979,10401519530,10401519559,1,"IOTHUB_CLIENT_CONFIRMATION_OK"
1980,10401519730,10401519761,1,"IOTHUB_CLIENT_CONFIRMATION_OK"
1981,10401519930,10401519960,1,"IOTHUB_CLIENT_CONFIRMATION_OK"
1982,10401520130,10401520161,1,"IOTHUB_CLIENT_CONFIRMATION_OK"
1983,10401520330,10401520362,1,"IOTHUB_CLIENT_CONFIRMATION_OK"
1984,10401520530,10401520559,1,"IOTHUB_CLIENT_CONFIRMATION_OK"
1985,10401520731,10401520777,1,"IOTHUB_CLIENT_CONFIRMATION_OK"
1986,10401520931,10401520968,1,"IOTHUB_CLIENT_CONFIRMATION_OK"
1987,10401521131,10401521161,1,"IOTHUB_CLIENT_CONFIRMATION_OK"
1988,10401521331,10401521362,1,"IOTHUB_CLIENT_CONFIRMATION_OK"
1989,10401521531,10401521686,1,"IOTHUB_CLIENT_CONFIRMATION_OK"
1990,10401521731,10401521763,1,"IOTHUB_CLIENT_CONFIRMATION_OK"
1991,10401521932,10401521961,1,"IOTHUB_CLIENT_CONFIRMATION_OK"
1992,10401522132,10401522325,1,"IOTHUB_CLIENT_CONFIRMATION_OK"
1993,10401522332,10401522365,1,"IOTHUB_CLIENT_CONFIRMATION_OK"
1994,10401522532,10401522563,1,"IOTHUB_CLIENT_CONFIRMATION_OK"
1995,10401522732,10401522762,1,"IOTHUB_CLIENT_CONFIRMATION_OK"
1996,10401522932,10401522966,1,"IOTHUB_CLIENT_CONFIRMATION_OK"
1997,10401523133,10401523164,1,"IOTHUB_CLIENT_CONFIRMATION_OK"
1998,10401523333,10401523363,1,"IOTHUB_CLIENT_CONFIRMATION_OK"
1999,10401523533,10401523572,1,"IOTHUB_CLIENT_CONFIRMATION_OK"
2000,10401523733,10401523763,1,"IOTHUB_CLIENT_CONFIRMATION_OK"
2001,10401523933,10401523963,1,"IOTHUB_CLIENT_CONFIRMATION_OK"
2002,10401524133,10401524199,1,"IOTHUB_CLIENT_CONFIRMATION_OK"
2003,10401524334,10401524363,1,"IOTHUB_CLIENT_CONFIRMATION_OK"
2004,10401524534,10401524577,1,"IOTHUB_CLIENT_CONFIRMATION_OK"
2005,10401524734,10401524767,1,"IOTHUB_CLIENT_CONFIRMATION_OK"
2006,10401524934,10401524968,1,"IOTHUB_CLIENT_CONFIRMATION_OK"
2007,10401525134,10401525165,1,"IOTHUB_CLIENT_CONFIRMATION_OK"
2008,10401525334,10401525365,1,"IOTHUB_CLIENT_CONFIRMATION_OK"
2009,10401525534,10401525579,1,"IOTHUB_CLIENT_CONFIRMATION_OK"
2010,10401525735,10401525767,1,"IOTHUB_CLIENT_CONFIRMATION_OK"
2011,10401525935,10401525980,1,"IOTHUB_CLIENT_CONFIRMATION_OK"
2012,10401526135,10401526184,1,"IOTHUB_CLIENT_CONFIRMATION_OK"
2013,10401526335,10401526372,1,"IOTHUB_CLIENT_CONFIRMATION_OK"
2014,10401526535,10401526582,1,"IOTHUB_CLIENT_CONFIRMATION_OK"
2015,10401526735,10401526802,1,"IOTHUB_CLIENT_CONFIRMATION_OK"
2016,10401526936,10401526975,1,"IOTHUB_CLIENT_CONFIRMATION_OK"
2017,10401527136,10401527166,1,"IOTHUB_CLIENT_CONFIRMATION_OK"
2018,10401527336,10401527418,1,"IOTHUB_CLIENT_CONFIRMATION_OK"
2019,10401527536,10401527567,1,"IOTHUB_CLIENT_CONFIRMATION_OK"
2020,10401527736,10401527769,1,"IOTHUB_CLIENT_CONFIRMATION_OK"
2021,10401527936,10401527967,1,"IOTHUB_CLIENT_CONFIRMATION_OK"
2022,10401528137,10401528167,1,"IOTHUB_CLIENT_CONFIRMATION_OK"
2023,10401528337,10401528421,1,"IOTHUB_CLIENT_CONFIRMATION_OK"
2024,10401528537,10401528570,1,"IOTHUB_CLIENT_CONFIRMATION_OK"
2025,10401528737,10401528771,1,"IOTHUB_CLIENT_CONFIRMATION_OK"
2026,10401528937,10401529042,1,"IOTHUB_CLIENT_CONFIRMATION_OK"
2027,10401529137,10401529173,1,"IOTHUB_CLIENT_CONFIRMATION_OK"
2028,10401529338,10401529369,1,"IOTHUB_CLIENT_CONFIRMATION_OK"
2029,10401529538,10401529867,1,"IOTHUB_CLIENT_CONFIRMATION_OK"
2030,10401529738,10401529898,1,"IOTHUB_CLIENT_CONFIRMATION_OK"
2031,10401529938,10401529971,1,"IOTHUB_CLIENT_CONFIRMATION_OK"
2032,10401530138,10401530169,1,"IOTHUB_CLIENT_CONFIRMATION_OK"
2033,10401530339,10401530370,1,"IOTHUB_CLIENT_CONFIRMATION_OK"
2034,10401530539,10401530570,1,"IOTHUB_CLIENT_CONFIRMATION_OK"
2035,10401530739,10401530770,1,"IOTHUB_CLIENT_CONFIRMATION_OK"
2036,10401530939,10401530970,1,"IOTHUB_CLIENT_CONFIRMATION_OK"
2037,10401531139,10401531169,1,"IOTHUB_CLIENT_CONFIRMATION_OK"
2038,10401531339,10401531382,1,"IOTHUB_CLIENT_CONFIRMATION_OK"
2039,10401531539,10401531567,1,"IOTHUB_CLIENT_CONFIRMATION_OK"
2040,10401531740,10401531940,1,"IOTHUB_CLIENT_CONFIRMATION_OK"
2041,10401531940,10401531975,1,"IOTHUB_CLIENT_CONFIRMATION_OK"
2042,10401532140,10401532169,1,"IOTHUB_CLIENT_CONFIRMATION_OK"
2043,10401532340,10401532390,1,"IOTHUB_CLIENT_CONFIRMATION_OK"
2044,10401532540,10401532571,1,"IOTHUB_CLIENT_CONFIRMATION_OK"
2045,10401532740,10401532785,1,"IOTHUB_CLIENT_CONFIRMATION_OK"
2046,10401532940,10401532971,1,"IOTHUB_CLIENT_CONFIRMATION_OK"
2047,10401533141,10401533172,1,"IOTHUB_CLIENT_CONFIRMATION_OK"
2048,10401533341,10401533387,1,"IOTHUB_CLIENT_CONFIRMATION_OK"
2049,10401533541,10401533570,1,"IOTHUB_CLIENT_CONFIRMATION_OK"
2050,10401533741,10401533779,1,"IOTHUB_CLIENT_CONFIRMATION_OK"
2051,10401533941,10401533971,1,"IOTHUB_CLIENT_CONFIRMATION_OK"
2052,10401534141,10401534173,1,"IOTHUB_CLIENT_CONFIRMATION_OK"
2053,10401534342,10401534379,1,"IOTHUB_CLIENT_CONFIRMATION_OK"
2054,10401534542,10401534794,1,"IOTHUB_CLIENT_CONFIRMATION_OK"
2055,10401534742,10401534816,1,"IOTHUB_CLIENT_CONFIRMATION_OK"
2056,10401534942,10401535011,1,"IOTHUB_CLIENT_CONFIRMATION_OK"
2057,10401535142,10401535201,1,"IOTHUB_CLIENT_CONFIRMATION_OK"
2058,10401535342,10401535386,1,"IOTHUB_CLIENT_CONFIRMATION_OK"
2059,10401535543,10401535579,1,"IOTHUB_CLIENT_CONFIRMATION_OK"
2060,10401535743,10401535814,1,"IOTHUB_CLIENT_CONFIRMATION_OK"
2061,10401535943,10401535975,1,"IOTHUB_CLIENT_CONFIRMATION_OK"
2062,10401536143,10401536173,1,"IOTHUB_CLIENT_CONFIRMATION_OK"
2063,10401536343,10401536438,1,"IOTHUB_CLIENT_CONFIRMATION_OK"
2064,10401536543,10401536587,1,"IOTHUB_CLIENT_CONFIRMATION_OK"
2065,10401536744,10401536777,1,"IOTHUB_CLIENT_CONFIRMATION_OK"
2066,10401536944,10401537033,1,"IOTHUB_CLIENT_CONFIRMATION_OK"
2067,10401537144,10401537174,1,"IOTHUB_CLIENT_CONFIRMATION_OK"
2068,10401537344,10401537382,1,"IOTHUB_CLIENT_CONFIRMATION_OK"
2069,10401537544,10401537574,1,"IOTHUB_CLIENT_CONFIRMATION_OK"
2070,10401537744,10401537786,1,"IOTHUB_CLIENT_CONFIRMATION_OK"
2071,10401537944,10401538038,1,"IOTHUB_CLIENT_CONFIRMATION_OK"
2072,10401538145,10401538173,1,"IOTHUB_CLIENT_CONFIRMATION_OK"
2073,10401538345,10401538378,1,"IOTHUB_CLIENT_CONFIRMATION_OK"
2074,10401538545,10401538670,1,"IOTHUB_CLIENT_CONFIRMATION_OK"
2075,10401538745,10401538783,1,"IOTHUB_CLIENT_CONFIRMATION_OK"
2076,10401538945,10401538974,1,"IOTHUB_CLIENT_CONFIRMATION_OK"
2077,10401539145,10401539302,1,"IOTHUB_CLIENT_CONFIRMATION_OK"
2078,10401539345,10401539401,1,"IOTHUB_CLIENT_CONFIRMATION_OK"
2079,10401539546,10401539576,1,"IOTHUB_CLIENT_CONFIRMATION_OK"
2080,10401539746,10401539775,1,"IOTHUB_CLIENT_CONFIRMATION_OK"
2081,10401539946,10401539979,1,"IOTHUB_CLIENT_CONFIRMATION_OK"
2082,10401540146,10401540174,1,"IOTHUB_CLIENT_CONFIRMATION_OK"
2083,10401540346,10401540495,1,"IOTHUB_CLIENT_CONFIRMATION_OK"
2084,10401540547,10401540615,1,"IOTHUB_CLIENT_CONFIRMATION_OK"
2085,10401540747,10401540776,1,"IOTHUB_CLIENT_CONFIRMATION_OK"
2086,10401540947,10401540977,1,"IOTHUB_CLIENT_CONFIRMATION_OK"
2087,10401541147,10401541205,1,"IOTHUB_CLIENT_CONFIRMATION_OK"
2088,10401541347,10401541518,1,"IOTHUB_CLIENT_CONFIRMATION_OK"
2089,10401541547,10401541582,1,"IOTHUB_CLIENT_CONFIRMATION_OK"
2090,10401541747,10401541776,1,"IOTHUB_CLIENT_CONFIRMATION_OK"
2091,10401541948,10401541977,1,"IOTHUB_CLIENT_CONFIRMATION_OK"
2092,10401542148,10401542179,1,"IOTHUB_CLIENT_CONFIRMATION_OK"
2093,10401542348,10401542399,1,"IOTHUB_CLIENT_CONFIRMATION_OK"
2094,10401542548,10401542586,1,"IOTHUB_CLIENT_CONFIRMATION_OK"
2095,10401542748,10401542777,1,"IOTHUB_CLIENT_CONFIRMATION_OK"
2096,10401542948,10401542977,1,"IOTHUB_CLIENT_CONFIRMATION_OK"
2097,10401543148,10401543179,1,"IOTHUB_CLIENT_CONFIRMATION_OK"
2098,10401543349,10401543378,1,"IOTHUB_CLIENT_CONFIRMATION_OK"
2099,10401543549,10401543578,1,"IOTHUB_CLIENT_CONFIRMATION_OK"
2100,10401543749,10401543779,1,"IOTHUB_CLIENT_CONFIRMATION_OK"
2101,10401543949,10401543988,1,"IOTHUB_CLIENT_CONFIRMATION_OK"
2102,10401544149,10401544351,1,"IOTHUB_CLIENT_CONFIRMATION_OK"
2103,10401544349,10401544391,1,"IOTHUB_CLIENT_CONFIRMATION_OK"
2104,10401544550,10401544594,1,"IOTHUB_CLIENT_CONFIRMATION_OK"
2105,10401544750,10401544782,1,"IOTHUB_CLIENT_CONFIRMATION_OK"
2106,10401544950,10401544990,1,"IOTHUB_CLIENT_CONFIRMATION_OK"
2107,10401545150,10401545181,1,"IOTHUB_CLIENT_CONFIRMATION_OK"
2108,10401545350,10401545387,1,"IOTHUB_CLIENT_CONFIRMATION_OK"
2109,10401545550,10401545585,1,"IOTHUB_CLIENT_CONFIRMATION_OK"
2110,10401545751,10401545782,1,"IOTHUB_CLIENT_CONFIRMATION_OK"
2111,10401545951,10401545984,1,"IOTHUB_CLIENT_CONFIRMATION_OK"
2112,10401546151,10401546183,1,"IOTHUB_CLIENT_CONFIRMATION_OK"
2113,10401546351,10401546387,1,"IOTHUB_CLIENT_CONFIRMATION_OK"
2114,10401546551,10401546595,1,"IOTHUB_CLIENT_CONFIRMATION_OK"
2115,10401546751,10401546780,1,"IOTHUB_CLIENT_CONFIRMATION_OK"
2116,10401546951,10401547039,1,"IOTHUB_CLIENT_CONFIRMATION_OK"
2117,10401547152,10401547244,1,"IOTHUB_CLIENT_CONFIRMATION_OK"
2118,10401547352,10401547382,1,"IOTHUB_CLIENT_CONFIRMATION_OK"
2119,10401547552,10401547637,1,"IOTHUB_CLIENT_CONFIRMATION_OK"
2120,10401547752,10401547789,1,"IOTHUB_CLIENT_CONFIRMATION_OK"
2121,10401547952,10401547983,1,"IOTHUB_CLIENT_CONFIRMATION_OK"
2122,10401548152,10401548268,1,"IOTHUB_CLIENT_CONFIRMATION_OK"
2123,10401548353,10401548382,1,"IOTHUB_CLIENT_CONFIRMATION_OK"
2124,10401548553,10401548583,1,"IOTHUB_CLIENT_CONFIRMATION_OK"
2125,10401548753,10401548910,1,"IOTHUB_CLIENT_CONFIRMATION_OK"
2126,10401548953,10401548983,1,"IOTHUB_CLIENT_CONFIRMATION_OK"
2127,10401549153,10401549183,1,"IOTHUB_CLIENT_CONFIRMATION_OK"
2128,10401549353,10401549394,1,"IOTHUB_CLIENT_CONFIRMATION_OK"
2129,10401549554,10401549621,1,"IOTHUB_CLIENT_CONFIRMATION_OK"
2130,10401549754,10401549799,1,"IOTHUB_CLIENT_CONFIRMATION_OK"
2131,10401549954,10401549986,1,"IOTHUB_CLIENT_CONFIRMATION_OK"
2132,10401550154,10401550183,1,"IOTHUB_CLIENT_CONFIRMATION_OK"
2133,10401550354,10401550386,1,"IOTHUB_CLIENT_CONFIRMATION_OK"
2134,10401550554,10401550584,1,"IOTHUB_CLIENT_CONFIRMATION_OK"
2135,10401550755,10401550796,1,"IOTHUB_CLIENT_CONFIRMATION_OK"
2136,10401550955,10401551102,1,"IOTHUB_CLIENT_CONFIRMATION_OK"
2137,10401551155,10401551200,1,"IOTHUB_CLIENT_CONFIRMATION_OK"
2138,10401551355,10401551391,1,"IOTHUB_CLIENT_CONFIRMATION_OK"
2139,10401551555,10401551721,1,"IOTHUB_CLIENT_CONFIRMATION_OK"
2140,10401551755,10401551786,1,"IOTHUB_CLIENT_CONFIRMATION_OK"
2141,10401551955,10401551994,1,"IOTHUB_CLIENT_CONFIRMATION_OK"
2142,10401552156,10401552186,1,"IOTHUB_CLIENT_CONFIRMATION_OK"
2143,10401552356,10401552390,1,"IOTHUB_CLIENT_CONFIRMATION_OK"
2144,10401552556,10401552597,1,"IOTHUB_CLIENT_CONFIRMATION_OK"
2145,10401552756,10401552791,1,"IOTHUB_CLIENT_CONFIRMATION_OK"
2146,10401552956,10401553075,1,"IOTHUB_CLIENT_CONFIRMATION_OK"
2147,10401553156,10401553187,1,"IOTHUB_CLIENT_CONFIRMATION_OK"
2148,10401553357,10401553493,1,"IOTHUB_CLIENT_CONFIRMATION_OK"
2149,10401553557,10401553589,1,"IOTHUB_CLIENT_CONFIRMATION_OK"
2150,10401553757,10401554168,1,"IOTHUB_CLIENT_CONFIRMATION_OK"
2151,10401553957,10401554218,1,"IOTHUB_CLIENT_CONFIRMATION_OK"
2152,10401554157,10401554283,1,"IOTHUB_CLIENT_CONFIRMATION_OK"
2153,10401554357,10401554581,1,"IOTHUB_CLIENT_CONFIRMATION_OK"
2154,10401554558,10401554609,1,"IOTHUB_CLIENT_CONFIRMATION_OK"
2155,10401554758,10401554787,1,"IOTHUB_CLIENT_CONFIRMATION_OK"
2156,10401554958,10401554987,1,"IOTHUB_CLIENT_CONFIRMATION_OK"
2157,10401555158,10401555189,1,"IOTHUB_CLIENT_CONFIRMATION_OK"
2158,10401555358,10401555391,1,"IOTHUB_CLIENT_CONFIRMATION_OK"
2159,10401555558,10401555603,1,"IOTHUB_CLIENT_CONFIRMATION_OK"
2160,10401555759,10401555791,1,"IOTHUB_CLIENT_CONFIRMATION_OK"
2161,10401555959,10401555991,1,"IOTHUB_CLIENT_CONFIRMATION_OK"
2162,10401556159,10401556213,1,"IOTHUB_CLIENT_CONFIRMATION_OK"
2163,10401556359,10401556391,1,"IOTHUB_CLIENT_CONFIRMATION_OK"
2164,10401556559,10401556594,1,"IOTHUB_CLIENT_CONFIRMATION_OK"
2165,10401556759,10401556837,1,"IOTHUB_CLIENT_CONFIRMATION_OK"
2166,10401556960,10401557041,1,"IOTHUB_CLIENT_CONFIRMATION_OK"
2167,10401557160,10401557190,1,"IOTHUB_CLIENT_CONFIRMATION_OK"
2168,10401557360,10401557389,1,"IOTHUB_CLIENT_CONFIRMATION_OK"
2169,10401557560,10401557594,1,"IOTHUB_CLIENT_CONFIRMATION_OK"
2170,10401557760,10401557833,1,"IOTHUB_CLIENT_CONFIRMATION_OK"
2171,10401557960,10401557990,1,"IOTHUB_CLIENT_CONFIRMATION_OK"
2172,10401558161,10401558191,1,"IOTHUB_CLIENT_CONFIRMATION_OK"
2173,10401558361,10401558458,1,"IOTHUB_CLIENT_CONFIRMATION_OK"
2174,10401558561,10401558597,1,"IOTHUB_CLIENT_CONFIRMATION_OK"
2175,10401558761,10401558794,1,"IOTHUB_CLIENT_CONFIRMATION_OK"
2176,10401558961,10401559086,1,"IOTHUB_CLIENT_CONFIRMATION_OK"
2177,10401559162,10401559196,1,"IOTHUB_CLIENT_CONFIRMATION_OK"
2178,10401559362,10401559393,1,"IOTHUB_CLIENT_CONFIRMATION_OK"
2179,10401559562,10401559593,1,"IOTHUB_CLIENT_CONFIRMATION_OK"
2180,10401559762,10401559797,1,"IOTHUB_CLIENT_CONFIRMATION_OK"
2181,10401559962,10401559991,1,"IOTHUB_CLIENT_CONFIRMATION_OK"
2182,10401560162,10401560203,1,"IOTHUB_CLIENT_CONFIRMATION_OK"
2183,10401560362,10401560390,1,"IOTHUB_CLIENT_CONFIRMATION_OK"
2184,10401560563,10401560591,1,"IOTHUB_CLIENT_CONFIRMATION_OK"
2185,10401560763,10401560793,1,"IOTHUB_CLIENT_CONFIRMATION_OK"
2186,10401560963,10401560994,1,"IOTHUB_CLIENT_CONFIRMATION_OK"
2187,10401561163,10401561336,1,"IOTHUB_CLIENT_CONFIRMATION_OK"
2188,10401561363,10401561396,1,"IOTHUB_CLIENT_CONFIRMATION_OK"
2189,10401561563,10401561595,1,"IOTHUB_CLIENT_CONFIRMATION_OK"
2190,10401561764,10401561997,1,"IOTHUB_CLIENT_CONFIRMATION_OK"
2191,10401561964,10401562019,1,"IOTHUB_CLIENT_CONFIRMATION_OK"
2192,10401562164,10401562193,1,"IOTHUB_CLIENT_CONFIRMATION_OK"
2193,10401562364,10401562404,1,"IOTHUB_CLIENT_CONFIRMATION_OK"
2194,10401562564,10401562592,1,"IOTHUB_CLIENT_CONFIRMATION_OK"
2195,10401562764,10401562796,1,"IOTHUB_CLIENT_CONFIRMATION_OK"
2196,10401562964,10401563022,1,"IOTHUB_CLIENT_CONFIRMATION_OK"
2197,10401563165,10401563201,1,"IOTHUB_CLIENT_CONFIRMATION_OK"
2198,10401563365,10401563396,1,"IOTHUB_CLIENT_CONFIRMATION_OK"
2199,10401563565,10401563615,1,"IOTHUB_CLIENT_CONFIRMATION_OK"
2200,10401563765,10401563797,1,"IOTHUB_CLIENT_CONFIRMATION_OK"
2201,10401563965,10401564005,1,"IOTHUB_CLIENT_CONFIRMATION_OK"
2202,10401564165,10401564206,1,"IOTHUB_CLIENT_CONFIRMATION_OK"
2203,10401564366,10401564402,1,"IOTHUB_CLIENT_CONFIRMATION_OK"
2204,10401564566,10401564658,1,"IOTHUB_CLIENT_CONFIRMATION_OK"
2205,10401564766,10401564798,1,"IOTHUB_CLIENT_CONFIRMATION_OK"
2206,10401564966,10401564999,1,"IOTHUB_CLIENT_CONFIRMATION_OK"
2207,10401565166,10401565242,1,"IOTHUB_CLIENT_CONFIRMATION_OK"
2208,10401565366,10401565396,1,"IOTHUB_CLIENT_CONFIRMATION_OK"
2209,10401565567,10401565597,1,"IOTHUB_CLIENT_CONFIRMATION_OK"
2210,10401565767,10401565882,1,"IOTHUB_CLIENT_CONFIRMATION_OK"
2211,10401565967,10401565999,1,"IOTHUB_CLIENT_CONFIRMATION_OK"
2212,10401566167,10401566196,1,"IOTHUB_CLIENT_CONFIRMATION_OK"
2213,10401566367,10401566398,1,"IOTHUB_CLIENT_CONFIRMATION_OK"
2214,10401566567,10401566611,1,"IOTHUB_CLIENT_CONFIRMATION_OK"
2215,10401566767,10401566798,1,"IOTHUB_CLIENT_CONFIRMATION_OK"
2216,10401566968,10401567076,1,"IOTHUB_CLIENT_CONFIRMATION_OK"
2217,10401567168,10401567195,1,"IOTHUB_CLIENT_CONFIRMATION_OK"
2218,10401567368,10401567400,1,"IOTHUB_CLIENT_CONFIRMATION_OK"
2219,10401567568,10401567620,1,"IOTHUB_CLIENT_CONFIRMATION_OK"
2220,10401567768,10401567803,1,"IOTHUB_CLIENT_CONFIRMATION_OK"
2221,10401567968,10401568133,1,"IOTHUB_CLIENT_CONFIRMATION_OK"
2222,10401568169,10401568200,1,"IOTHUB_CLIENT_CONFIRMATION_OK"
2223,10401568369,10401568400,1,"IOTHUB_CLIENT_CONFIRMATION_OK"
2224,10401568569,10401568609,1,"IOTHUB_CLIENT_CONFIRMATION_OK"
2225,10401568769,10401568797,1,"IOTHUB_CLIENT_CONFIRMATION_OK"
2226,10401568969,10401569002,1,"IOTHUB_CLIENT_CONFIRMATION_OK"
2227,10401569169,10401569210,1,"IOTHUB_CLIENT_CONFIRMATION_OK"
2228,10401569370,10401569397,1,"IOTHUB_CLIENT_CONFIRMATION_OK"
2229,10401569570,10401569606,1,"IOTHUB_CLIENT_CONFIRMATION_OK"
2230,10401569770,10401569803,1,"IOTHUB_CLIENT_CONFIRMATION_OK"
2231,10401569970,10401569998,1,"IOTHUB_CLIENT_CONFIRMATION_OK"
2232,10401570170,10401570203,1,"IOTHUB_CLIENT_CONFIRMATION_OK"
2233,10401570370,10401570432,1,"IOTHUB_CLIENT_CONFIRMATION_OK"
2234,10401570570,10401570607,1,"IOTHUB_CLIENT_CONFIRMATION_OK"
2235,10401570771,10401570810,1,"IOTHUB_CLIENT_CONFIRMATION_OK"
2236,10401570971,10401571000,1,"IOTHUB_CLIENT_CONFIRMATION_OK"
2237,10401571171,10401571200,1,"IOTHUB_CLIENT_CONFIRMATION_OK"
2238,10401571371,10401571410,1,"IOTHUB_CLIENT_CONFIRMATION_OK"
2239,10401571571,10401571603,1,"IOTHUB_CLIENT_CONFIRMATION_OK"
2240,10401571771,10401571801,1,"IOTHUB_CLIENT_CONFIRMATION_OK"
2241,10401571972,10401572015,1,"IOTHUB_CLIENT_CONFIRMATION_OK"
2242,10401572172,10401572202,1,"IOTHUB_CLIENT_CONFIRMATION_OK"
2243,10401572372,10401572413,1,"IOTHUB_CLIENT_CONFIRMATION_OK"
2244,10401572572,10401572618,1,"IOTHUB_CLIENT_CONFIRMATION_OK"
2245,10401572772,10401572805,1,"IOTHUB_CLIENT_CONFIRMATION_OK"
2246,10401572972,10401573006,1,"IOTHUB_CLIENT_CONFIRMATION_OK"
2247,10401573173,10401573237,1,"IOTHUB_CLIENT_CONFIRMATION_OK"
2248,10401573373,10401573402,1,"IOTHUB_CLIENT_CONFIRMATION_OK"
2249,10401573573,10401573663,1,"IOTHUB_CLIENT_CONFIRMATION_OK"
2250,10401573773,10401573809,1,"IOTHUB_CLIENT_CONFIRMATION_OK"
2251,10401573973,10401574002,1,"IOTHUB_CLIENT_CONFIRMATION_OK"
2252,10401574173,10401574233,1,"IOTHUB_CLIENT_CONFIRMATION_OK"
2253,10401574373,10401574406,1,"IOTHUB_CLIENT_CONFIRMATION_OK"
2254,10401574574,10401574602,1,"IOTHUB_CLIENT_CONFIRMATION_OK"
2255,10401574774,10401574881,1,"IOTHUB_CLIENT_CONFIRMATION_OK"
2256,10401574974,10401575002,1,"IOTHUB_CLIENT_CONFIRMATION_OK"
2257,10401575174,10401575204,1,"IOTHUB_CLIENT_CONFIRMATION_OK"
2258,10401575374,10401575487,1,"IOTHUB_CLIENT_CONFIRMATION_OK"
2259,10401575574,10401575605,1,"IOTHUB_CLIENT_CONFIRMATION_OK"
2260,10401575774,10401575807,1,"IOTHUB_CLIENT_CONFIRMATION_OK"
2261,10401575975,10401576006,1,"IOTHUB_CLIENT_CONFIRMATION_OK"
2262,10401576175,10401576208,1,"IOTHUB_CLIENT_CONFIRMATION_OK"
2263,10401576375,10401576407,1,"IOTHUB_CLIENT_CONFIRMATION_OK"
2264,10401576575,10401576605,1,"IOTHUB_CLIENT_CONFIRMATION_OK"
2265,10401576775,10401576819,1,"IOTHUB_CLIENT_CONFIRMATION_OK"
2266,10401576975,10401577184,1,"IOTHUB_CLIENT_CONFIRMATION_OK"
2267,10401577175,10401577215,1,"IOTHUB_CLIENT_CONFIRMATION_OK"
2268,10401577376,10401577406,1,"IOTHUB_CLIENT_CONFIRMATION_OK"
2269,10401577576,10401577613,1,"IOTHUB_CLIENT_CONFIRMATION_OK"
2270,10401577776,10401577806,1,"IOTHUB_CLIENT_CONFIRMATION_OK"
2271,10401577976,10401578017,1,"IOTHUB_CLIENT_CONFIRMATION_OK"
2272,10401578176,10401578215,1,"IOTHUB_CLIENT_CONFIRMATION_OK"
2273,10401578376,10401578408,1,"IOTHUB_CLIENT_CONFIRMATION_OK"
2274,10401578577,10401578606,1,"IOTHUB_CLIENT_CONFIRMATION_OK"
2275,10401578777,10401578809,1,"IOTHUB_CLIENT_CONFIRMATION_OK"
2276,10401578977,10401579006,1,"IOTHUB_CLIENT_CONFIRMATION_OK"
2277,10401579177,10401579209,1,"IOTHUB_CLIENT_CONFIRMATION_OK"
2278,10401579377,10401579410,1,"IOTHUB_CLIENT_CONFIRMATION_OK"
2279,10401579577,10401579757,1,"IOTHUB_CLIENT_CONFIRMATION_OK"
2280,10401579777,10401579839,1,"IOTHUB_CLIENT_CONFIRMATION_OK"
2281,10401579978,10401580163,1,"IOTHUB_CLIENT_CONFIRMATION_OK"
2282,10401580178,10401580207,1,"IOTHUB_CLIENT_CONFIRMATION_OK"
2283,10401580378,10401580582,1,"IOTHUB_CLIENT_CONFIRMATION_OK"
2284,10401580578,10401580608,1,"IOTHUB_CLIENT_CONFIRMATION_OK"
2285,10401580778,10401580811,1,"IOTHUB_CLIENT_CONFIRMATION_OK"
2286,10401580978,10401581008,1,"IOTHUB_CLIENT_CONFIRMATION_OK"
2287,10401581179,10401581215,1,"IOTHUB_CLIENT_CONFIRMATION_OK"
2288,10401581379,10401581413,1,"IOTHUB_CLIENT_CONFIRMATION_OK"
2289,10401581579,10401581618,1,"IOTHUB_CLIENT_CONFIRMATION_OK"
2290,10401581779,10401581808,1,"IOTHUB_CLIENT_CONFIRMATION_OK"
2291,10401581979,10401582010,1,"IOTHUB_CLIENT_CONFIRMATION_OK"
2292,10401582179,10401582258,1,"IOTHUB_CLIENT_CONFIRMATION_OK"
2293,10401582379,10401582424,1,"IOTHUB_CLIENT_CONFIRMATION_OK"
2294,10401582580,10401582612,1,"IOTHUB_CLIENT_CONFIRMATION_OK"
2295,10401582780,10401582836,1,"IOTHUB_CLIENT_CONFIRMATION_OK"
2296,10401582980,10401583010,1,"IOTHUB_CLIENT_CONFIRMATION_OK"
2297,10401583180,10401583213,1,"IOTHUB_CLIENT_CONFIRMATION_OK"
2298,10401583380,10401583414,1,"IOTHUB_CLIENT_CONFIRMATION_OK"
2299,10401583580,10401583611,1,"IOTHUB_CLIENT_CONFIRMATION_OK"
2300,10401583781,10401583865,1,"IOTHUB_CLIENT_CONFIRMATION_OK"
2301,10401583981,10401584011,1,"IOTHUB_CLIENT_CONFIRMATION_OK"
2302,10401584181,10401584229,1,"IOTHUB_CLIENT_CONFIRMATION_OK"
2303,10401584381,10401584477,1,"IOTHUB_CLIENT_CONFIRMATION_OK"
2304,10401584581,10401584609,1,"IOTHUB_CLIENT_CONFIRMATION_OK"
2305,10401584781,10401584812,1,"IOTHUB_CLIENT_CONFIRMATION_OK"
2306,10401584982,10401585118,1,"IOTHUB_CLIENT_CONFIRMATION_OK"
2307,10401585182,10401585214,1,"IOTHUB_CLIENT_CONFIRMATION_OK"
2308,10401585382,10401585414,1,"IOTHUB_CLIENT_CONFIRMATION_OK"
2309,10401585582,10401585611,1,"IOTHUB_CLIENT_CONFIRMATION_OK"
2310,10401585782,10401585826,1,"IOTHUB_CLIENT_CONFIRMATION_OK"
2311,10401585982,10401586012,1,"IOTHUB_CLIENT_CONFIRMATION_OK"
2312,10401586182,10401586215,1,"IOTHUB_CLIENT_CONFIRMATION_OK"
2313,10401586383,10401586415,1,"IOTHUB_CLIENT_CONFIRMATION_OK"
2314,10401586583,10401586615,1,"IOTHUB_CLIENT_CONFIRMATION_OK"
2315,10401586783,10401586813,1,"IOTHUB_CLIENT_CONFIRMATION_OK"
2316,10401586983,10401587022,1,"IOTHUB_CLIENT_CONFIRMATION_OK"
2317,10401587183,10401587371,1,"IOTHUB_CLIENT_CONFIRMATION_OK"
2318,10401587383,10401587414,1,"IOTHUB_CLIENT_CONFIRMATION_OK"
2319,10401587584,10401587631,1,"IOTHUB_CLIENT_CONFIRMATION_OK"
2320,10401587784,10401587847,1,"IOTHUB_CLIENT_CONFIRMATION_OK"
2321,10401587984,10401588014,1,"IOTHUB_CLIENT_CONFIRMATION_OK"
2322,10401588184,10401588214,1,"IOTHUB_CLIENT_CONFIRMATION_OK"
2323,10401588384,10401588422,1,"IOTHUB_CLIENT_CONFIRMATION_OK"
2324,10401588584,10401588628,1,"IOTHUB_CLIENT_CONFIRMATION_OK"
2325,10401588784,10401588816,1,"IOTHUB_CLIENT_CONFIRMATION_OK"
2326,10401588985,10401589033,1,"IOTHUB_CLIENT_CONFIRMATION_OK"
2327,10401589185,10401589240,1,"IOTHUB_CLIENT_CONFIRMATION_OK"
2328,10401589385,10401589421,1,"IOTHUB_CLIENT_CONFIRMATION_OK"
2329,10401589585,10401589660,1,"IOTHUB_CLIENT_CONFIRMATION_OK"
2330,10401589785,10401589821,1,"IOTHUB_CLIENT_CONFIRMATION_OK"
2331,10401589985,10401590017,1,"IOTHUB_CLIENT_CONFIRMATION_OK"
2332,10401590186,10401590225,1,"IOTHUB_CLIENT_CONFIRMATION_OK"
2333,10401590386,10401590424,1,"IOTHUB_CLIENT_CONFIRMATION_OK"
2334,10401590586,10401590678,1,"IOTHUB_CLIENT_CONFIRMATION_OK"
2335,10401590786,10401590819,1,"IOTHUB_CLIENT_CONFIRMATION_OK"
2336,10401590986,10401591026,1,"IOTHUB_CLIENT_CONFIRMATION_OK"
2337,10401591186,10401591269,1,"IOTHUB_CLIENT_CONFIRMATION_OK"
2338,10401591387,10401591417,1,"IOTHUB_CLIENT_CONFIRMATION_OK"
2339,10401591587,10401591617,1,"IOTHUB_CLIENT_CONFIRMATION_OK"
2340,10401591787,10401591924,1,"IOTHUB_CLIENT_CONFIRMATION_OK"
2341,10401591987,10401592025,1,"IOTHUB_CLIENT_CONFIRMATION_OK"
2342,10401592187,10401592219,1,"IOTHUB_CLIENT_CONFIRMATION_OK"
2343,10401592387,10401592416,1,"IOTHUB_CLIENT_CONFIRMATION_OK"
2344,10401592587,10401592618,1,"IOTHUB_CLIENT_CONFIRMATION_OK"
2345,10401592788,10401592821,1,"IOTHUB_CLIENT_CONFIRMATION_OK"
2346,10401592988,10401593018,1,"IOTHUB_CLIENT_CONFIRMATION_OK"
2347,10401593188,10401593217,1,"IOTHUB_CLIENT_CONFIRMATION_OK"
2348,10401593388,10401593421,1,"IOTHUB_CLIENT_CONFIRMATION_OK"
2349,10401593588,10401593619,1,"IOTHUB_CLIENT_CONFIRMATION_OK"
2350,10401593788,10401593827,1,"IOTHUB_CLIENT_CONFIRMATION_OK"
2351,10401593989,10401594154,1,"IOTHUB_CLIENT_CONFIRMATION_OK"
2352,10401594189,10401594219,1,"IOTHUB_CLIENT_CONFIRMATION_OK"
2353,10401594389,10401594423,1,"IOTHUB_CLIENT_CONFIRMATION_OK"
2354,10401594589,10401594763,1,"IOTHUB_CLIENT_CONFIRMATION_OK"
2355,10401594789,10401594822,1,"IOTHUB_CLIENT_CONFIRMATION_OK"
2356,10401594989,10401595018,1,"IOTHUB_CLIENT_CONFIRMATION_OK"
2357,10401595189,10401595221,1,"IOTHUB_CLIENT_CONFIRMATION_OK"
2358,10401595390,10401595422,1,"IOTHUB_CLIENT_CONFIRMATION_OK"
2359,10401595590,10401595674,1,"IOTHUB_CLIENT_CONFIRMATION_OK"
2360,10401595790,10401595917,1,"IOTHUB_CLIENT_CONFIRMATION_OK"
2361,10401595990,10401596020,1,"IOTHUB_CLIENT_CONFIRMATION_OK"
2362,10401596190,10401596232,1,"IOTHUB_CLIENT_CONFIRMATION_OK"
2363,10401596390,10401596420,1,"IOTHUB_CLIENT_CONFIRMATION_OK"
2364,10401596590,10401596619,1,"IOTHUB_CLIENT_CONFIRMATION_OK"
2365,10401596791,10401596823,1,"IOTHUB_CLIENT_CONFIRMATION_OK"
2366,10401596991,10401597019,1,"IOTHUB_CLIENT_CONFIRMATION_OK"
2367,10401597191,10401597221,1,"IOTHUB_CLIENT_CONFIRMATION_OK"
2368,10401597391,10401597572,1,"IOTHUB_CLIENT_CONFIRMATION_OK"
2369,10401597591,10401597628,1,"IOTHUB_CLIENT_CONFIRMATION_OK"
2370,10401597791,10401597824,1,"IOTHUB_CLIENT_CONFIRMATION_OK"
2371,10401597992,10401598022,1,"IOTHUB_CLIENT_CONFIRMATION_OK"
2372,10401598192,10401598222,1,"IOTHUB_CLIENT_CONFIRMATION_OK"
2373,10401598392,10401598443,1,"IOTHUB_CLIENT_CONFIRMATION_OK"
2374,10401598592,10401598628,1,"IOTHUB_CLIENT_CONFIRMATION_OK"
2375,10401598792,10401598822,1,"IOTHUB_CLIENT_CONFIRMATION_OK"
2376,10401598992,10401599031,1,"IOTHUB_CLIENT_CONFIRMATION_OK"
2377,10401599193,10401599222,1,"IOTHUB_CLIENT_CONFIRMATION_OK"
2378,10401599393,10401599424,1,"IOTHUB_CLIENT_CONFIRMATION_OK"
2379,10401599593,10401599627,1,"IOTHUB_CLIENT_CONFIRMATION_OK"
2380,10401599793,10401599834,1,"IOTHUB_CLIENT_CONFIRMATION_OK"
2381,10401599993,10401600025,1,"IOTHUB_CLIENT_CONFIRMATION_OK"
2382,10401600193,10401600405,1,"IOTHUB_CLIENT_CONFIRMATION_OK"
2383,10401600394,10401600430,1,"IOTHUB_CLIENT_CONFIRMATION_OK"
2384,10401600594,10401600625,1,"IOTHUB_CLIENT_CONFIRMATION_OK"
2385,10401600794,10401600841,1,"IOTHUB_CLIENT_CONFIRMATION_OK"
2386,10401600994,10401601025,1,"IOTHUB_CLIENT_CONFIRMATION_OK"
2387,10401601194,10401601225,1,"IOTHUB_CLIENT_CONFIRMATION_OK"
2388,10401601394,10401601429,1,"IOTHUB_CLIENT_CONFIRMATION_OK"
2389,10401601595,10401601628,1,"IOTHUB_CLIENT_CONFIRMATION_OK"
2390,10401601795,10401601861,1,"IOTHUB_CLIENT_CONFIRMATION_OK"
2391,10401601995,10401602048,1,"IOTHUB_CLIENT_CONFIRMATION_OK"
2392,10401602195,10401602241,1,"IOTHUB_CLIENT_CONFIRMATION_OK"
2393,10401602395,10401602426,1,"IOTHUB_CLIENT_CONFIRMATION_OK"
2394,10401602595,10401602671,1,"IOTHUB_CLIENT_CONFIRMATION_OK"
2395,10401602795,10401602826,1,"IOTHUB_CLIENT_CONFIRMATION_OK"
2396,10401602996,10401603025,1,"IOTHUB_CLIENT_CONFIRMATION_OK"
2397,10401603196,10401603231,1,"IOTHUB_CLIENT_CONFIRMATION_OK"
2398,10401603396,10401603425,1,"IOTHUB_CLIENT_CONFIRMATION_OK"
2399,10401603596,10401603671,1,"IOTHUB_CLIENT_CONFIRMATION_OK"
2400,10401603796,10401603833,1,"IOTHUB_CLIENT_CONFIRMATION_OK"
2401,10401603996,10401604027,1,"IOTHUB_CLIENT_CONFIRMATION_OK"
2402,10401604197,10401604324,1,"IOTHUB_CLIENT_CONFIRMATION_OK"
2403,10401604397,10401604441,1,"IOTHUB_CLIENT_CONFIRMATION_OK"
2404,10401604597,10401604635,1,"IOTHUB_CLIENT_CONFIRMATION_OK"
2405,10401604797,10401604953,1,"IOTHUB_CLIENT_CONFIRMATION_OK"
2406,10401604997,10401605025,1,"IOTHUB_CLIENT_CONFIRMATION_OK"
2407,10401605197,10401605227,1,"IOTHUB_CLIENT_CONFIRMATION_OK"
2408,10401605397,10401605429,1,"IOTHUB_CLIENT_CONFIRMATION_OK"
2409,10401605598,10401605629,1,"IOTHUB_CLIENT_CONFIRMATION_OK"
2410,10401605798,10401605829,1,"IOTHUB_CLIENT_CONFIRMATION_OK"
2411,10401605998,10401606037,1,"IOTHUB_CLIENT_CONFIRMATION_OK"
2412,10401606198,10401606233,1,"IOTHUB_CLIENT_CONFIRMATION_OK"
2413,10401606398,10401606465,1,"IOTHUB_CLIENT_CONFIRMATION_OK"
2414,10401606599,10401606629,1,"IOTHUB_CLIENT_CONFIRMATION_OK"
2415,10401606799,10401606832,1,"IOTHUB_CLIENT_CONFIRMATION_OK"
2416,10401606999,10401607176,1,"IOTHUB_CLIENT_CONFIRMATION_OK"
2417,10401607199,10401607229,1,"IOTHUB_CLIENT_CONFIRMATION_OK"
2418,10401607399,10401607431,1,"IOTHUB_CLIENT_CONFIRMATION_OK"
2419,10401607599,10401607835,1,"IOTHUB_CLIENT_CONFIRMATION_OK"
2420,10401607799,10401607855,1,"IOTHUB_CLIENT_CONFIRMATION_OK"
2421,10401608000,10401608042,1,"IOTHUB_CLIENT_CONFIRMATION_OK"
2422,10401608200,10401608231,1,"IOTHUB_CLIENT_CONFIRMATION_OK"
2423,10401608400,10401608440,1,"IOTHUB_CLIENT_CONFIRMATION_OK"
2424,10401608600,10401608641,1,"IOTHUB_CLIENT_CONFIRMATION_OK"
2425,10401608800,10401608840,1,"IOTHUB_CLIENT_CONFIRMATION_OK"
2426,10401609000,10401609039,1,"IOTHUB_CLIENT_CONFIRMATION_OK"
2427,10401609201,10401609277,1,"IOTHUB_CLIENT_CONFIRMATION_OK"
2428,10401609401,10401609442,1,"IOTHUB_CLIENT_CONFIRMATION_OK"
2429,10401609601,10401609633,1,"IOTHUB_CLIENT_CONFIRMATION_OK"
2430,10401609801,10401609836,1,"IOTHUB_CLIENT_CONFIRMATION_OK"
2431,10401610001,10401610054,1,"IOTHUB_CLIENT_CONFIRMATION_OK"
2432,10401610201,10401610235,1,"IOTHUB_CLIENT_CONFIRMATION_OK"
2433,10401610402,10401610436,1,"IOTHUB_CLIENT_CONFIRMATION_OK"
2434,10401610602,10401610632,1,"IOTHUB_CLIENT_CONFIRMATION_OK"
2435,10401610802,10401610860,1,"IOTHUB_CLIENT_CONFIRMATION_OK"
2436,10401611002,10401611058,1,"IOTHUB_CLIENT_CONFIRMATION_OK"
2437,10401611202,10401611234,1,"IOTHUB_CLIENT_CONFIRMATION_OK"
2438,10401611402,10401611432,1,"IOTHUB_CLIENT_CONFIRMATION_OK"
2439,10401611603,10401611685,1,"IOTHUB_CLIENT_CONFIRMATION_OK"
2440,10401611803,10401611845,1,"IOTHUB_CLIENT_CONFIRMATION_OK"
2441,10401612003,10401612057,1,"IOTHUB_CLIENT_CONFIRMATION_OK"
2442,10401612203,10401612287,1,"IOTHUB_CLIENT_CONFIRMATION_OK"
2443,10401612403,10401612445,1,"IOTHUB_CLIENT_CONFIRMATION_OK"
2444,10401612603,10401612634,1,"IOTHUB_CLIENT_CONFIRMATION_OK"
2445,10401612804,10401612842,1,"IOTHUB_CLIENT_CONFIRMATION_OK"
2446,10401613004,10401613033,1,"IOTHUB_CLIENT_CONFIRMATION_OK"
2447,10401613204,10401613280,1,"IOTHUB_CLIENT_CONFIRMATION_OK"
2448,10401613404,10401613435,1,"IOTHUB_CLIENT_CONFIRMATION_OK"
2449,10401613604,10401613636,1,"IOTHUB_CLIENT_CONFIRMATION_OK"
2450,10401613804,10401613908,1,"IOTHUB_CLIENT_CONFIRMATION_OK"
2451,10401614005,10401614039,1,"IOTHUB_CLIENT_CONFIRMATION_OK"
2452,10401614205,10401614238,1,"IOTHUB_CLIENT_CONFIRMATION_OK"
2453,10401614405,10401614559,1,"IOTHUB_CLIENT_CONFIRMATION_OK"
2454,10401614605,10401614638,1,"IOTHUB_CLIENT_CONFIRMATION_OK"
2455,10401614805,10401614833,1,"IOTHUB_CLIENT_CONFIRMATION_OK"
2456,10401615005,10401615037,1,"IOTHUB_CLIENT_CONFIRMATION_OK"
2457,10401615206,10401615235,1,"IOTHUB_CLIENT_CONFIRMATION_OK"
2458,10401615406,10401615446,1,"IOTHUB_CLIENT_CONFIRMATION_OK"
2459,10401615606,10401615637,1,"IOTHUB_CLIENT_CONFIRMATION_OK"
2460,10401615806,10401615838,1,"IOTHUB_CLIENT_CONFIRMATION_OK"
2461,10401616006,10401616055,1,"IOTHUB_CLIENT_CONFIRMATION_OK"
2462,10401616206,10401616254,1,"IOTHUB_CLIENT_CONFIRMATION_OK"
2463,10401616406,10401616435,1,"IOTHUB_CLIENT_CONFIRMATION_OK"
2464,10401616607,10401616808,1,"IOTHUB_CLIENT_CONFIRMATION_OK"
2465,10401616807,10401616837,1,"IOTHUB_CLIENT_CONFIRMATION_OK"
2466,10401617007,10401617035,1,"IOTHUB_CLIENT_CONFIRMATION_OK"
2467,10401617207,10401617235,1,"IOTHUB_CLIENT_CONFIRMATION_OK"
2468,10401617407,10401617437,1,"IOTHUB_CLIENT_CONFIRMATION_OK"
2469,10401617607,10401617636,1,"IOTHUB_CLIENT_CONFIRMATION_OK"
2470,10401617808,10401617839,1,"IOTHUB_CLIENT_CONFIRMATION_OK"
2471,10401618008,10401618044,1,"IOTHUB_CLIENT_CONFIRMATION_OK"
2472,10401618208,10401618236,1,"IOTHUB_CLIENT_CONFIRMATION_OK"
2473,10401618408,10401618451,1,"IOTHUB_CLIENT_CONFIRMATION_OK"
2474,10401618608,10401618642,1,"IOTHUB_CLIENT_CONFIRMATION_OK"
2475,10401618808,10401618839,1,"IOTHUB_CLIENT_CONFIRMATION_OK"
2476,10401619009,10401619066,1,"IOTHUB_CLIENT_CONFIRMATION_OK"
2477,10401619209,10401619241,1,"IOTHUB_CLIENT_CONFIRMATION_OK"
2478,10401619409,10401619440,1,"IOTHUB_CLIENT_CONFIRMATION_OK"
2479,10401619609,10401619639,1,"IOTHUB_CLIENT_CONFIRMATION_OK"
2480,10401619809,10401619869,1,"IOTHUB_CLIENT_CONFIRMATION_OK"
2481,10401620009,10401620105,1,"IOTHUB_CLIENT_CONFIRMATION_OK"
2482,10401620209,10401620239,1,"IOTHUB_CLIENT_CONFIRMATION_OK"
2483,10401620410,10401620447,1,"IOTHUB_CLIENT_CONFIRMATION_OK"
2484,10401620610,10401620715,1,"IOTHUB_CLIENT_CONFIRMATION_OK"
2485,10401620810,10401620839,1,"IOTHUB_CLIENT_CONFIRMATION_OK"
2486,10401621010,10401621038,1,"IOTHUB_CLIENT_CONFIRMATION_OK"
2487,10401621210,10401621332,1,"IOTHUB_CLIENT_CONFIRMATION_OK"
2488,10401621410,10401621441,1,"IOTHUB_CLIENT_CONFIRMATION_OK"
2489,10401621611,10401621640,1,"IOTHUB_CLIENT_CONFIRMATION_OK"
2490,10401621811,10401621842,1,"IOTHUB_CLIENT_CONFIRMATION_OK"
2491,10401622011,10401622050,1,"IOTHUB_CLIENT_CONFIRMATION_OK"
2492,10401622211,10401622244,1,"IOTHUB_CLIENT_CONFIRMATION_OK"
2493,10401622411,10401622449,1,"IOTHUB_CLIENT_CONFIRMATION_OK"
2494,10401622611,10401622645,1,"IOTHUB_CLIENT_CONFIRMATION_OK"
2495,10401622812,10401622842,1,"IOTHUB_CLIENT_CONFIRMATION_OK"
2496,10401623012,10401623052,1,"IOTHUB_CLIENT_CONFIRMATION_OK"
2497,10401623212,10401623243,1,"IOTHUB_CLIENT_CONFIRMATION_OK"
2498,10401623412,10401623581,1,"IOTHUB_CLIENT_CONFIRMATION_OK"
2499,10401623612,10401623644,1,"IOTHUB_CLIENT_CONFIRMATION_OK"
2500,10401623812,10401623854,1,"IOTHUB_CLIENT_CONFIRMATION_OK"
2501,10401624012,10401624053,1,"IOTHUB_CLIENT_CONFIRMATION_OK"
2502,10401624213,10401624241,1,"IOTHUB_CLIENT_CONFIRMATION_OK"
2503,10401624413,10401624443,1,"IOTHUB_CLIENT_CONFIRMATION_OK"
2504,10401624613,10401624696,1,"IOTHUB_CLIENT_CONFIRMATION_OK"
2505,10401624813,10401624840,1,"IOTHUB_CLIENT_CONFIRMATION_OK"
2506,10401625013,10401625042,1,"IOTHUB_CLIENT_CONFIRMATION_OK"
2507,10401625213,10401625275,1,"IOTHUB_CLIENT_CONFIRMATION_OK"
2508,10401625414,10401625444,1,"IOTHUB_CLIENT_CONFIRMATION_OK"
2509,10401625614,10401625644,1,"IOTHUB_CLIENT_CONFIRMATION_OK"
2510,10401625814,10401625874,1,"IOTHUB_CLIENT_CONFIRMATION_OK"
2511,10401626014,10401626043,1,"IOTHUB_CLIENT_CONFIRMATION_OK"
2512,10401626214,10401626248,1,"IOTHUB_CLIENT_CONFIRMATION_OK"
2513,10401626414,10401626442,1,"IOTHUB_CLIENT_CONFIRMATION_OK"
2514,10401626615,10401626643,1,"IOTHUB_CLIENT_CONFIRMATION_OK"
2515,10401626815,10401626889,1,"IOTHUB_CLIENT_CONFIRMATION_OK"
2516,10401627015,10401627047,1,"IOTHUB_CLIENT_CONFIRMATION_OK"
2517,10401627215,10401627244,1,"IOTHUB_CLIENT_CONFIRMATION_OK"
2518,10401627415,10401627495,1,"IOTHUB_CLIENT_CONFIRMATION_OK"
2519,10401627615,10401627669,1,"IOTHUB_CLIENT_CONFIRMATION_OK"
2520,10401627816,10401627847,1,"IOTHUB_CLIENT_CONFIRMATION_OK"
2521,10401628016,10401628107,1,"IOTHUB_CLIENT_CONFIRMATION_OK"
2522,10401628216,10401628262,1,"IOTHUB_CLIENT_CONFIRMATION_OK"
2523,10401628416,10401628446,1,"IOTHUB_CLIENT_CONFIRMATION_OK"
2524,10401628616,10401628648,1,"IOTHUB_CLIENT_CONFIRMATION_OK"
2525,10401628816,10401628846,1,"IOTHUB_CLIENT_CONFIRMATION_OK"
2526,10401629016,10401629046,1,"IOTHUB_CLIENT_CONFIRMATION_OK"
2527,10401629217,10401629248,1,"IOTHUB_CLIENT_CONFIRMATION_OK"
2528,10401629417,10401629448,1,"IOTHUB_CLIENT_CONFIRMATION_OK"
2529,10401629617,10401629746,1,"IOTHUB_CLIENT_CONFIRMATION_OK"
2530,10401629817,10401629868,1,"IOTHUB_CLIENT_CONFIRMATION_OK"
2531,10401630017,10401630047,1,"IOTHUB_CLIENT_CONFIRMATION_OK"
2532,10401630217,10401630353,1,"IOTHUB_CLIENT_CONFIRMATION_OK"
2533,10401630417,10401630449,1,"IOTHUB_CLIENT_CONFIRMATION_OK"
2534,10401630618,10401630649,1,"IOTHUB_CLIENT_CONFIRMATION_OK"
2535,10401630818,10401630978,1,"IOTHUB_CLIENT_CONFIRMATION_OK"
2536,10401631018,10401631056,1,"IOTHUB_CLIENT_CONFIRMATION_OK"
2537,10401631218,10401631259,1,"IOTHUB_CLIENT_CONFIRMATION_OK"
2538,10401631418,10401631453,1,"IOTHUB_CLIENT_CONFIRMATION_OK"
2539,10401631618,10401631662,1,"IOTHUB_CLIENT_CONFIRMATION_OK"
2540,10401631819,10401631847,1,"IOTHUB_CLIENT_CONFIRMATION_OK"
2541,10401632019,10401632051,1,"IOTHUB_CLIENT_CONFIRMATION_OK"
2542,10401632219,10401632251,1,"IOTHUB_CLIENT_CONFIRMATION_OK"
2543,10401632419,10401632450,1,"IOTHUB_CLIENT_CONFIRMATION_OK"
2544,10401632619,10401632650,1,"IOTHUB_CLIENT_CONFIRMATION_OK"
2545,10401632819,10401632852,1,"IOTHUB_CLIENT_CONFIRMATION_OK"
2546,10401633020,10401633189,1,"IOTHUB_CLIENT_CONFIRMATION_OK"
2547,10401633220,10401633255,1,"IOTHUB_CLIENT_CONFIRMATION_OK"
2548,10401633420,10401633488,1,"IOTHUB_CLIENT_CONFIRMATION_OK"
2549,10401633620,10401633858,1,"IOTHUB_CLIENT_CONFIRMATION_OK"
2550,10401633820,10401633885,1,"IOTHUB_CLIENT_CONFIRMATION_OK"
2551,10401634020,10401634049,1,"IOTHUB_CLIENT_CONFIRMATION_OK"
2552,10401634221,10401634255,1,"IOTHUB_CLIENT_CONFIRMATION_OK"
2553,10401634421,10401634450,1,"IOTHUB_CLIENT_CONFIRMATION_OK"
2554,10401634621,10401634652,1,"IOTHUB_CLIENT_CONFIRMATION_OK"
2555,10401634821,10401634858,1,"IOTHUB_CLIENT_CONFIRMATION_OK"
2556,10401635021,10401635052,1,"IOTHUB_CLIENT_CONFIRMATION_OK"
2557,10401635221,10401635259,1,"IOTHUB_CLIENT_CONFIRMATION_OK"
2558,10401635422,10401635477,1,"IOTHUB_CLIENT_CONFIRMATION_OK"
2559,10401635622,10401635652,1,"IOTHUB_CLIENT_CONFIRMATION_OK"
2560,10401635822,10401635860,1,"IOTHUB_CLIENT_CONFIRMATION_OK"
2561,10401636022,10401636056,1,"IOTHUB_CLIENT_CONFIRMATION_OK"
2562,10401636222,10401636252,1,"IOTHUB_CLIENT_CONFIRMATION_OK"
2563,10401636422,10401636491,1,"IOTHUB_CLIENT_CONFIRMATION_OK"
2564,10401636623,10401636686,1,"IOTHUB_CLIENT_CONFIRMATION_OK"
2565,10401636823,10401636856,1,"IOTHUB_CLIENT_CONFIRMATION_OK"
2566,10401637023,10401637124,1,"IOTHUB_CLIENT_CONFIRMATION_OK"
2567,10401637223,10401637253,1,"IOTHUB_CLIENT_CONFIRMATION_OK"
2568,10401637423,10401637456,1,"IOTHUB_CLIENT_CONFIRMATION_OK"
2569,10401637623,10401637732,1,"IOTHUB_CLIENT_CONFIRMATION_OK"
2570,10401637823,10401637862,1,"IOTHUB_CLIENT_CONFIRMATION_OK"
2571,10401638024,10401638060,1,"IOTHUB_CLIENT_CONFIRMATION_OK"
2572,10401638224,10401638255,1,"IOTHUB_CLIENT_CONFIRMATION_OK"
2573,10401638424,10401638458,1,"IOTHUB_CLIENT_CONFIRMATION_OK"
2574,10401638624,10401638654,1,"IOTHUB_CLIENT_CONFIRMATION_OK"
2575,10401638824,10401638855,1,"IOTHUB_CLIENT_CONFIRMATION_OK"
2576,10401639025,10401639059,1,"IOTHUB_CLIENT_CONFIRMATION_OK"
2577,10401639225,10401639255,1,"IOTHUB_CLIENT_CONFIRMATION_OK"
2578,10401639425,10401639460,1,"IOTHUB_CLIENT_CONFIRMATION_OK"
2579,10401639625,10401639657,1,"IOTHUB_CLIENT_CONFIRMATION_OK"
2580,10401639825,10401639976,1,"IOTHUB_CLIENT_CONFIRMATION_OK"
2581,10401640025,10401640056,1,"IOTHUB_CLIENT_CONFIRMATION_OK"
2582,10401640226,10401640465,1,"IOTHUB_CLIENT_CONFIRMATION_OK"
2583,10401640426,10401640674,1,"IOTHUB_CLIENT_CONFIRMATION_OK"
2584,10401640626,10401640697,1,"IOTHUB_CLIENT_CONFIRMATION_OK"
2585,10401640826,10401640859,1,"IOTHUB_CLIENT_CONFIRMATION_OK"
2586,10401641026,10401641079,1,"IOTHUB_CLIENT_CONFIRMATION_OK"
2587,10401641226,10401641276,1,"IOTHUB_CLIENT_CONFIRMATION_OK"
2588,10401641426,10401641463,1,"IOTHUB_CLIENT_CONFIRMATION_OK"
2589,10401641626,10401641691,1,"IOTHUB_CLIENT_CONFIRMATION_OK"
2590,10401641827,10401641859,1,"IOTHUB_CLIENT_CONFIRMATION_OK"
2591,10401642027,10401642056,1,"IOTHUB_CLIENT_CONFIRMATION_OK"
2592,10401642227,10401642298,1,"IOTHUB_CLIENT_CONFIRMATION_OK"
2593,10401642427,10401642456,1,"IOTHUB_CLIENT_CONFIRMATION_OK"
2594,10401642627,10401642659,1,"IOTHUB_CLIENT_CONFIRMATION_OK"
2595,10401642827,10401642864,1,"IOTHUB_CLIENT_CONFIRMATION_OK"
2596,10401643028,10401643056,1,"IOTHUB_CLIENT_CONFIRMATION_OK"
2597,10401643228,10401643329,1,"IOTHUB_CLIENT_CONFIRMATION_OK"
2598,10401643428,10401643467,1,"IOTHUB_CLIENT_CONFIRMATION_OK"
2599,10401643628,10401643661,1,"IOTHUB_CLIENT_CONFIRMATION_OK"
2600,10401643828,10401643935,1,"IOTHUB_CLIENT_CONFIRMATION_OK"
2601,10401644028,10401644060,1,"IOTHUB_CLIENT_CONFIRMATION_OK"
2602,10401644228,10401644260,1,"IOTHUB_CLIENT_CONFIRMATION_OK"
2603,10401644429,10401644541,1,"IOTHUB_CLIENT_CONFIRMATION_OK"
2604,10401644629,10401644663,1,"IOTHUB_CLIENT_CONFIRMATION_OK"
2605,10401644829,10401644858,1,"IOTHUB_CLIENT_CONFIRMATION_OK"
2606,10401645029,10401645070,1,"IOTHUB_CLIENT_CONFIRMATION_OK"
2607,10401645229,10401645279,1,"IOTHUB_CLIENT_CONFIRMATION_OK"
2608,10401645429,10401645465,1,"IOTHUB_CLIENT_CONFIRMATION_OK"
2609,10401645630,10401645661,1,"IOTHUB_CLIENT_CONFIRMATION_OK"
2610,10401645830,10401645860,1,"IOTHUB_CLIENT_CONFIRMATION_OK"
2611,10401646030,10401646058,1,"IOTHUB_CLIENT_CONFIRMATION_OK"
2612,10401646230,10401646261,1,"IOTHUB_CLIENT_CONFIRMATION_OK"
2613,10401646430,10401646552,1,"IOTHUB_CLIENT_CONFIRMATION_OK"
2614,10401646630,10401646679,1,"IOTHUB_CLIENT_CONFIRMATION_OK"
2615,10401646830,10401646869,1,"IOTHUB_CLIENT_CONFIRMATION_OK"
2616,10401647031,10401647061,1,"IOTHUB_CLIENT_CONFIRMATION_OK"
2617,10401647231,10401647280,1,"IOTHUB_CLIENT_CONFIRMATION_OK"
2618,10401647431,10401647463,1,"IOTHUB_CLIENT_CONFIRMATION_OK"
2619,10401647631,10401647661,1,"IOTHUB_CLIENT_CONFIRMATION_OK"
2620,10401647831,10401647910,1,"IOTHUB_CLIENT_CONFIRMATION_OK"
2621,10401648031,10401648063,1,"IOTHUB_CLIENT_CONFIRMATION_OK"
2622,10401648232,10401648261,1,"IOTHUB_CLIENT_CONFIRMATION_OK"
2623,10401648432,10401648526,1,"IOTHUB_CLIENT_CONFIRMATION_OK"
2624,10401648632,10401648662,1,"IOTHUB_CLIENT_CONFIRMATION_OK"
2625,10401648832,10401648865,1,"IOTHUB_CLIENT_CONFIRMATION_OK"
2626,10401649032,10401649063,1,"IOTHUB_CLIENT_CONFIRMATION_OK"
2627,10401649232,10401649272,1,"IOTHUB_CLIENT_CONFIRMATION_OK"
2628,10401649432,10401649464,1,"IOTHUB_CLIENT_CONFIRMATION_OK"
2629,10401649633,10401649664,1,"IOTHUB_CLIENT_CONFIRMATION_OK"
2630,10401649833,10401649863,1,"IOTHUB_CLIENT_CONFIRMATION_OK"
2631,10401650033,10401650138,1,"IOTHUB_CLIENT_CONFIRMATION_OK"
2632,10401650233,10401650287,1,"IOTHUB_CLIENT_CONFIRMATION_OK"
2633,10401650433,10401650466,1,"IOTHUB_CLIENT_CONFIRMATION_OK"
2634,10401650633,10401650769,1,"IOTHUB_CLIENT_CONFIRMATION_OK"
2635,10401650834,10401650862,1,"IOTHUB_CLIENT_CONFIRMATION_OK"
2636,10401651034,10401651065,1,"IOTHUB_CLIENT_CONFIRMATION_OK"
2637,10401651234,10401651263,1,"IOTHUB_CLIENT_CONFIRMATION_OK"
2638,10401651434,10401651463,1,"IOTHUB_CLIENT_CONFIRMATION_OK"
2639,10401651634,10401651665,1,"IOTHUB_CLIENT_CONFIRMATION_OK"
2640,10401651834,10401651869,1,"IOTHUB_CLIENT_CONFIRMATION_OK"
2641,10401652035,10401652088,1,"IOTHUB_CLIENT_CONFIRMATION_OK"
2642,10401652235,10401652274,1,"IOTHUB_CLIENT_CONFIRMATION_OK"
2643,10401652435,10401652489,1,"IOTHUB_CLIENT_CONFIRMATION_OK"
2644,10401652635,10401652664,1,"IOTHUB_CLIENT_CONFIRMATION_OK"
2645,10401652835,10401653047,1,"IOTHUB_CLIENT_CONFIRMATION_OK"
2646,10401653035,10401653067,1,"IOTHUB_CLIENT_CONFIRMATION_OK"
2647,10401653236,10401653275,1,"IOTHUB_CLIENT_CONFIRMATION_OK"
2648,10401653436,10401653467,1,"IOTHUB_CLIENT_CONFIRMATION_OK"
2649,10401653636,10401653674,1,"IOTHUB_CLIENT_CONFIRMATION_OK"
2650,10401653836,10401653867,1,"IOTHUB_CLIENT_CONFIRMATION_OK"
2651,10401654036,10401654074,1,"IOTHUB_CLIENT_CONFIRMATION_OK"
2652,10401654236,10401654274,1,"IOTHUB_CLIENT_CONFIRMATION_OK"
2653,10401654436,10401654478,1,"IOTHUB_CLIENT_CONFIRMATION_OK"
2654,10401654637,10401654690,1,"IOTHUB_CLIENT_CONFIRMATION_OK"
2655,10401654837,10401654872,1,"IOTHUB_CLIENT_CONFIRMATION_OK"
2656,10401655037,10401655066,1,"IOTHUB_CLIENT_CONFIRMATION_OK"
2657,10401655237,10401655301,1,"IOTHUB_CLIENT_CONFIRMATION_OK"
2658,10401655437,10401655469,1,"IOTHUB_CLIENT_CONFIRMATION_OK"
2659,10401655637,10401655671,1,"IOTHUB_CLIENT_CONFIRMATION_OK"
2660,10401655838,10401655867,1,"IOTHUB_CLIENT_CONFIRMATION_OK"
2661,10401656038,10401656079,1,"IOTHUB_CLIENT_CONFIRMATION_OK"
2662,10401656238,10401656312,1,"IOTHUB_CLIENT_CONFIRMATION_OK"
2663,10401656438,10401656468,1,"IOTHUB_CLIENT_CONFIRMATION_OK"
2664,10401656638,10401656676,1,"IOTHUB_CLIENT_CONFIRMATION_OK"
2665,10401656838,10401656936,1,"IOTHUB_CLIENT_CONFIRMATION_OK"
2666,10401657038,10401657069,1,"IOTHUB_CLIENT_CONFIRMATION_OK"
2667,10401657239,10401657271,1,"IOTHUB_CLIENT_CONFIRMATION_OK"
2668,10401657439,10401657575,1,"IOTHUB_CLIENT_CONFIRMATION_OK"
2669,10401657639,10401657670,1,"IOTHUB_CLIENT_CONFIRMATION_OK"
2670,10401657839,10401657871,1,"IOTHUB_CLIENT_CONFIRMATION_OK"
2671,10401658039,10401658071,1,"IOTHUB_CLIENT_CONFIRMATION_OK"
2672,10401658239,10401658272,1,"IOTHUB_CLIENT_CONFIRMATION_OK"
2673,10401658440,10401658470,1,"IOTHUB_CLIENT_CONFIRMATION_OK"
2674,10401658640,10401658673,1,"IOTHUB_CLIENT_CONFIRMATION_OK"
2675,10401658840,10401658870,1,"IOTHUB_CLIENT_CONFIRMATION_OK"
2676,10401659040,10401659069,1,"IOTHUB_CLIENT_CONFIRMATION_OK"
2677,10401659240,10401659273,1,"IOTHUB_CLIENT_CONFIRMATION_OK"
2678,10401659440,10401659473,1,"IOTHUB_CLIENT_CONFIRMATION_OK"
2679,10401659641,10401659811,1,"IOTHUB_CLIENT_CONFIRMATION_OK"
2680,10401659841,10401659882,1,"IOTHUB_CLIENT_CONFIRMATION_OK"
2681,10401660041,10401660071,1,"IOTHUB_CLIENT_CONFIRMATION_OK"
2682,10401660241,10401660273,1,"IOTHUB_CLIENT_CONFIRMATION_OK"
2683,10401660441,10401660475,1,"IOTHUB_CLIENT_CONFIRMATION_OK"
2684,10401660641,10401660681,1,"IOTHUB_CLIENT_CONFIRMATION_OK"
2685,10401660842,10401660884,1,"IOTHUB_CLIENT_CONFIRMATION_OK"
2686,10401661042,10401661077,1,"IOTHUB_CLIENT_CONFIRMATION_OK"
2687,10401661242,10401661273,1,"IOTHUB_CLIENT_CONFIRMATION_OK"
2688,10401661442,10401661474,1,"IOTHUB_CLIENT_CONFIRMATION_OK"
2689,10401661642,10401661673,1,"IOTHUB_CLIENT_CONFIRMATION_OK"
2690,10401661842,10401661878,1,"IOTHUB_CLIENT_CONFIRMATION_OK"
2691,10401662043,10401662075,1,"IOTHUB_CLIENT_CONFIRMATION_OK"
2692,10401662243,10401662272,1,"IOTHUB_CLIENT_CONFIRMATION_OK"
2693,10401662443,10401662647,1,"IOTHUB_CLIENT_CONFIRMATION_OK"
2694,10401662643,10401662674,1,"IOTHUB_CLIENT_CONFIRMATION_OK"
2695,10401662843,10401662874,1,"IOTHUB_CLIENT_CONFIRMATION_OK"
2696,10401663043,10401663076,1,"IOTHUB_CLIENT_CONFIRMATION_OK"
2697,10401663244,10401663278,1,"IOTHUB_CLIENT_CONFIRMATION_OK"
2698,10401663444,10401663473,1,"IOTHUB_CLIENT_CONFIRMATION_OK"
2699,10401663644,10401663691,1,"IOTHUB_CLIENT_CONFIRMATION_OK"
2700,10401663844,10401663883,1,"IOTHUB_CLIENT_CONFIRMATION_OK"
2701,10401664044,10401664076,1,"IOTHUB_CLIENT_CONFIRMATION_OK"
2702,10401664244,10401664316,1,"IOTHUB_CLIENT_CONFIRMATION_OK"
2703,10401664444,10401664479,1,"IOTHUB_CLIENT_CONFIRMATION_OK"
2704,10401664645,10401664673,1,"IOTHUB_CLIENT_CONFIRMATION_OK"
2705,10401664845,10401664933,1,"IOTHUB_CLIENT_CONFIRMATION_OK"
2706,10401665045,10401665076,1,"IOTHUB_CLIENT_CONFIRMATION_OK"
2707,10401665245,10401665283,1,"IOTHUB_CLIENT_CONFIRMATION_OK"
2708,10401665445,10401665488,1,"IOTHUB_CLIENT_CONFIRMATION_OK"
2709,10401665645,10401665684,1,"IOTHUB_CLIENT_CONFIRMATION_OK"
2710,10401665846,10401665942,1,"IOTHUB_CLIENT_CONFIRMATION_OK"
2711,10401666046,10401666076,1,"IOTHUB_CLIENT_CONFIRMATION_OK"
2712,10401666246,10401666278,1,"IOTHUB_CLIENT_CONFIRMATION_OK"
2713,10401666446,10401666561,1,"IOTHUB_CLIENT_CONFIRMATION_OK"
2714,10401666646,10401666691,1,"IOTHUB_CLIENT_CONFIRMATION_OK"
2715,10401666846,10401666880,1,"IOTHUB_CLIENT_CONFIRMATION_OK"
2716,10401667047,10401667183,1,"IOTHUB_CLIENT_CONFIRMATION_OK"
2717,10401667247,10401667277,1,"IOTHUB_CLIENT_CONFIRMATION_OK"
2718,10401667447,10401667479,1,"IOTHUB_CLIENT_CONFIRMATION_OK"
2719,10401667647,10401667684,1,"IOTHUB_CLIENT_CONFIRMATION_OK"
2720,10401667847,10401667886,1,"IOTHUB_CLIENT_CONFIRMATION_OK"
2721,10401668047,10401668079,1,"IOTHUB_CLIENT_CONFIRMATION_OK"
2722,10401668247,10401668282,1,"IOTHUB_CLIENT_CONFIRMATION_OK"
2723,10401668448,10401668478,1,"IOTHUB_CLIENT_CONFIRMATION_OK"
2724,10401668648,10401668679,1,"IOTHUB_CLIENT_CONFIRMATION_OK"
2725,10401668848,10401668878,1,"IOTHUB_CLIENT_CONFIRMATION_OK"
2726,10401669048,10401669079,1,"IOTHUB_CLIENT_CONFIRMATION_OK"
2727,10401669248,10401669428,1,"IOTHUB_CLIENT_CONFIRMATION_OK"
2728,10401669448,10401669509,1,"IOTHUB_CLIENT_CONFIRMATION_OK"
2729,10401669649,10401669678,1,"IOTHUB_CLIENT_CONFIRMATION_OK"
2730,10401669849,10401670032,1,"IOTHUB_CLIENT_CONFIRMATION_OK"
2731,10401670049,10401670095,1,"IOTHUB_CLIENT_CONFIRMATION_OK"
2732,10401670249,10401670290,1,"IOTHUB_CLIENT_CONFIRMATION_OK"
2733,10401670449,10401670479,1,"IOTHUB_CLIENT_CONFIRMATION_OK"
2734,10401670649,10401670680,1,"IOTHUB_CLIENT_CONFIRMATION_OK"
2735,10401670850,10401670884,1,"IOTHUB_CLIENT_CONFIRMATION_OK"
2736,10401671050,10401671081,1,"IOTHUB_CLIENT_CONFIRMATION_OK"
2737,10401671250,10401671294,1,"IOTHUB_CLIENT_CONFIRMATION_OK"
2738,10401671450,10401671481,1,"IOTHUB_CLIENT_CONFIRMATION_OK"
2739,10401671650,10401671690,1,"IOTHUB_CLIENT_CONFIRMATION_OK"
2740,10401671850,10401671889,1,"IOTHUB_CLIENT_CONFIRMATION_OK"
2741,10401672050,10401672082,1,"IOTHUB_CLIENT_CONFIRMATION_OK"
2742,10401672251,10401672292,1,"IOTHUB_CLIENT_CONFIRMATION_OK"
2743,10401672451,10401672480,1,"IOTHUB_CLIENT_CONFIRMATION_OK"
2744,10401672651,10401672681,1,"IOTHUB_CLIENT_CONFIRMATION_OK"
2745,10401672851,10401672881,1,"IOTHUB_CLIENT_CONFIRMATION_OK"
2746,10401673051,10401673082,1,"IOTHUB_CLIENT_CONFIRMATION_OK"
2747,10401673251,10401673311,1,"IOTHUB_CLIENT_CONFIRMATION_OK"
2748,10401673451,10401673484,1,"IOTHUB_CLIENT_CONFIRMATION_OK"
2749,10401673652,10401673681,1,"IOTHUB_CLIENT_CONFIRMATION_OK"
2750,10401673852,10401673929,1,"IOTHUB_CLIENT_CONFIRMATION_OK"
2751,10401674052,10401674101,1,"IOTHUB_CLIENT_CONFIRMATION_OK"
2752,10401674252,10401674335,1,"IOTHUB_CLIENT_CONFIRMATION_OK"
2753,10401674452,10401674559,1,"IOTHUB_CLIENT_CONFIRMATION_OK"
2754,10401674652,10401674682,1,"IOTHUB_CLIENT_CONFIRMATION_OK"
2755,10401674853,10401674884,1,"IOTHUB_CLIENT_CONFIRMATION_OK"
2756,10401675053,10401675132,1,"IOTHUB_CLIENT_CONFIRMATION_OK"
2757,10401675253,10401675285,1,"IOTHUB_CLIENT_CONFIRMATION_OK"
2758,10401675453,10401675486,1,"IOTHUB_CLIENT_CONFIRMATION_OK"
2759,10401675653,10401675685,1,"IOTHUB_CLIENT_CONFIRMATION_OK"
2760,10401675853,10401675889,1,"IOTHUB_CLIENT_CONFIRMATION_OK"
2761,10401676053,10401676146,1,"IOTHUB_CLIENT_CONFIRMATION_OK"
2762,10401676254,10401676288,1,"IOTHUB_CLIENT_CONFIRMATION_OK"
2763,10401676454,10401676537,1,"IOTHUB_CLIENT_CONFIRMATION_OK"
2764,10401676654,10401676763,1,"IOTHUB_CLIENT_CONFIRMATION_OK"
2765,10401676854,10401676891,1,"IOTHUB_CLIENT_CONFIRMATION_OK"
2766,10401677054,10401677087,1,"IOTHUB_CLIENT_CONFIRMATION_OK"
2767,10401677254,10401677394,1,"IOTHUB_CLIENT_CONFIRMATION_OK"
2768,10401677455,10401677487,1,"IOTHUB_CLIENT_CONFIRMATION_OK"
2769,10401677655,10401677687,1,"IOTHUB_CLIENT_CONFIRMATION_OK"
2770,10401677855,10401677891,1,"IOTHUB_CLIENT_CONFIRMATION_OK"
2771,10401678055,10401678086,1,"IOTHUB_CLIENT_CONFIRMATION_OK"
2772,10401678255,10401678286,1,"IOTHUB_CLIENT_CONFIRMATION_OK"
2773,10401678455,10401678486,1,"IOTHUB_CLIENT_CONFIRMATION_OK"
2774,10401678655,10401678710,1,"IOTHUB_CLIENT_CONFIRMATION_OK"
2775,10401678856,10401678891,1,"IOTHUB_CLIENT_CONFIRMATION_OK"
2776,10401679056,10401679087,1,"IOTHUB_CLIENT_CONFIRMATION_OK"
2777,10401679256,10401679288,1,"IOTHUB_CLIENT_CONFIRMATION_OK"
2778,10401679456,10401679625,1,"IOTHUB_CLIENT_CONFIRMATION_OK"
2779,10401679656,10401679697,1,"IOTHUB_CLIENT_CONFIRMATION_OK"
2780,10401679856,10401679899,1,"IOTHUB_CLIENT_CONFIRMATION_OK"
2781,10401680057,10401680223,1,"IOTHUB_CLIENT_CONFIRMATION_OK"
2782,10401680257,10401680292,1,"IOTHUB_CLIENT_CONFIRMATION_OK"
2783,10401680457,10401680495,1,"IOTHUB_CLIENT_CONFIRMATION_OK"
2784,10401680657,10401680698,1,"IOTHUB_CLIENT_CONFIRMATION_OK"
2785,10401680857,10401680887,1,"IOTHUB_CLIENT_CONFIRMATION_OK"
2786,10401681057,10401681088,1,"IOTHUB_CLIENT_CONFIRMATION_OK"
2787,10401681258,10401681296,1,"IOTHUB_CLIENT_CONFIRMATION_OK"
2788,10401681458,10401681486,1,"IOTHUB_CLIENT_CONFIRMATION_OK"
2789,10401681658,10401681689,1,"IOTHUB_CLIENT_CONFIRMATION_OK"
2790,10401681858,10401681971,1,"IOTHUB_CLIENT_CONFIRMATION_OK"
2791,10401682058,10401682087,1,"IOTHUB_CLIENT_CONFIRMATION_OK"
2792,10401682258,10401682288,1,"IOTHUB_CLIENT_CONFIRMATION_OK"
2793,10401682458,10401682507,1,"IOTHUB_CLIENT_CONFIRMATION_OK"
2794,10401682659,10401682701,1,"IOTHUB_CLIENT_CONFIRMATION_OK"
2795,10401682859,10401682893,1,"IOTHUB_CLIENT_CONFIRMATION_OK"
2796,10401683059,10401683089,1,"IOTHUB_CLIENT_CONFIRMATION_OK"
2797,10401683259,10401683291,1,"IOTHUB_CLIENT_CONFIRMATION_OK"
2798,10401683459,10401683502,1,"IOTHUB_CLIENT_CONFIRMATION_OK"
2799,10401683659,10401683699,1,"IOTHUB_CLIENT_CONFIRMATION_OK"
2800,10401683860,10401683889,1,"IOTHUB_CLIENT_CONFIRMATION_OK"
2801,10401684060,10401684139,1,"IOTHUB_CLIENT_CONFIRMATION_OK"
2802,10401684260,10401684291,1,"IOTHUB_CLIENT_CONFIRMATION_OK"
2803,10401684460,10401684489,1,"IOTHUB_CLIENT_CONFIRMATION_OK"
2804,10401684660,10401684751,1,"IOTHUB_CLIENT_CONFIRMATION_OK"
2805,10401684860,10401684895,1,"IOTHUB_CLIENT_CONFIRMATION_OK"
2806,10401685060,10401685091,1,"IOTHUB_CLIENT_CONFIRMATION_OK"
2807,10401685261,10401685288,1,"IOTHUB_CLIENT_CONFIRMATION_OK"
2808,10401685461,10401685512,1,"IOTHUB_CLIENT_CONFIRMATION_OK"
2809,10401685661,10401685717,1,"IOTHUB_CLIENT_CONFIRMATION_OK"
2810,10401685861,10401685898,1,"IOTHUB_CLIENT_CONFIRMATION_OK"
2811,10401686061,10401686103,1,"IOTHUB_CLIENT_CONFIRMATION_OK"
2812,10401686261,10401686416,1,"IOTHUB_CLIENT_CONFIRMATION_OK"
2813,10401686462,10401686491,1,"IOTHUB_CLIENT_CONFIRMATION_OK"
2814,10401686662,10401686688,1,"IOTHUB_CLIENT_CONFIRMATION_OK"
2815,10401686862,10401687016,1,"IOTHUB_CLIENT_CONFIRMATION_OK"
2816,10401687062,10401687093,1,"IOTHUB_CLIENT_CONFIRMATION_OK"
2817,10401687262,10401687290,1,"IOTHUB_CLIENT_CONFIRMATION_OK"
2818,10401687462,10401687491,1,"IOTHUB_CLIENT_CONFIRMATION_OK"
2819,10401687663,10401687696,1,"IOTHUB_CLIENT_CONFIRMATION_OK"
2820,10401687863,10401687979,1,"IOTHUB_CLIENT_CONFIRMATION_OK"
2821,10401688063,10401688093,1,"IOTHUB_CLIENT_CONFIRMATION_OK"
2822,10401688263,10401688294,1,"IOTHUB_CLIENT_CONFIRMATION_OK"
2823,10401688463,10401688493,1,"IOTHUB_CLIENT_CONFIRMATION_OK"
2824,10401688663,10401688698,1,"IOTHUB_CLIENT_CONFIRMATION_OK"
2825,10401688863,10401688891,1,"IOTHUB_CLIENT_CONFIRMATION_OK"
2826,10401689064,10401689095,1,"IOTHUB_CLIENT_CONFIRMATION_OK"
2827,10401689264,10401689292,1,"IOTHUB_CLIENT_CONFIRMATION_OK"
2828,10401689464,10401689492,1,"IOTHUB_CLIENT_CONFIRMATION_OK"
2829,10401689664,10401689704,1,"IOTHUB_CLIENT_CONFIRMATION_OK"
2830,10401689864,10401689906,1,"IOTHUB_CLIENT_CONFIRMATION_OK"
2831,10401690064,10401690108,1,"IOTHUB_CLIENT_CONFIRMATION_OK"
2832,10401690264,10401690337,1,"IOTHUB_CLIENT_CONFIRMATION_OK"
2833,10401690465,10401690504,1,"IOTHUB_CLIENT_CONFIRMATION_OK"
2834,10401690665,10401690698,1,"IOTHUB_CLIENT_CONFIRMATION_OK"
2835,10401690865,10401690930,1,"IOTHUB_CLIENT_CONFIRMATION_OK"
2836,10401691065,10401691097,1,"IOTHUB_CLIENT_CONFIRMATION_OK"
2837,10401691265,10401691296,1,"IOTHUB_CLIENT_CONFIRMATION_OK"
2838,10401691465,10401691558,1,"IOTHUB_CLIENT_CONFIRMATION_OK"
2839,10401691666,10401691696,1,"IOTHUB_CLIENT_CONFIRMATION_OK"
2840,10401691866,10401691928,1,"IOTHUB_CLIENT_CONFIRMATION_OK"
2841,10401692066,10401692097,1,"IOTHUB_CLIENT_CONFIRMATION_OK"
2842,10401692266,10401692300,1,"IOTHUB_CLIENT_CONFIRMATION_OK"
2843,10401692466,10401692573,1,"IOTHUB_CLIENT_CONFIRMATION_OK"
2844,10401692666,10401692696,1,"IOTHUB_CLIENT_CONFIRMATION_OK"
2845,10401692867,10401692904,1,"IOTHUB_CLIENT_CONFIRMATION_OK"
2846,10401693067,10401693221,1,"IOTHUB_CLIENT_CONFIRMATION_OK"
2847,10401693267,10401693305,1,"IOTHUB_CLIENT_CONFIRMATION_OK"
2848,10401693467,10401693497,1,"IOTHUB_CLIENT_CONFIRMATION_OK"
2849,10401693667,10401693696,1,"IOTHUB_CLIENT_CONFIRMATION_OK"
2850,10401693867,10401693901,1,"IOTHUB_CLIENT_CONFIRMATION_OK"
2851,10401694067,10401694115,1,"IOTHUB_CLIENT_CONFIRMATION_OK"
2852,10401694268,10401694298,1,"IOTHUB_CLIENT_CONFIRMATION_OK"
2853,10401694468,10401694504,1,"IOTHUB_CLIENT_CONFIRMATION_OK"
2854,10401694668,10401694699,1,"IOTHUB_CLIENT_CONFIRMATION_OK"
2855,10401694868,10401694912,1,"IOTHUB_CLIENT_CONFIRMATION_OK"
2856,10401695068,10401695103,1,"IOTHUB_CLIENT_CONFIRMATION_OK"
2857,10401695268,10401695313,1,"IOTHUB_CLIENT_CONFIRMATION_OK"
2858,10401695469,10401695506,1,"IOTHUB_CLIENT_CONFIRMATION_OK"
2859,10401695669,10401695698,1,"IOTHUB_CLIENT_CONFIRMATION_OK"
2860,10401695869,10401695900,1,"IOTHUB_CLIENT_CONFIRMATION_OK"
2861,10401696069,10401696098,1,"IOTHUB_CLIENT_CONFIRMATION_OK"
2862,10401696269,10401696302,1,"IOTHUB_CLIENT_CONFIRMATION_OK"
2863,10401696469,10401696507,1,"IOTHUB_CLIENT_CONFIRMATION_OK"
2864,10401696670,10401696702,1,"IOTHUB_CLIENT_CONFIRMATION_OK"
2865,10401696870,10401696899,1,"IOTHUB_CLIENT_CONFIRMATION_OK"
2866,10401697070,10401697128,1,"IOTHUB_CLIENT_CONFIRMATION_OK"
2867,10401697270,10401697312,1,"IOTHUB_CLIENT_CONFIRMATION_OK"
2868,10401697470,10401697502,1,"IOTHUB_CLIENT_CONFIRMATION_OK"
2869,10401697670,10401697748,1,"IOTHUB_CLIENT_CONFIRMATION_OK"
2870,10401697871,10401697901,1,"IOTHUB_CLIENT_CONFIRMATION_OK"
2871,10401698071,10401698112,1,"IOTHUB_CLIENT_CONFIRMATION_OK"
2872,10401698271,10401698305,1,"IOTHUB_CLIENT_CONFIRMATION_OK"
2873,10401698471,10401698504,1,"IOTHUB_CLIENT_CONFIRMATION_OK"
2874,10401698671,10401698703,1,"IOTHUB_CLIENT_CONFIRMATION_OK"
2875,10401698871,10401698901,1,"IOTHUB_CLIENT_CONFIRMATION_OK"
2876,10401699072,10401699103,1,"IOTHUB_CLIENT_CONFIRMATION_OK"
2877,10401699272,10401699501,1,"IOTHUB_CLIENT_CONFIRMATION_OK"
2878,10401699472,10401699521,1,"IOTHUB_CLIENT_CONFIRMATION_OK"
2879,10401699672,10401699703,1,"IOTHUB_CLIENT_CONFIRMATION_OK"
2880,10401699872,10401699915,1,"IOTHUB_CLIENT_CONFIRMATION_OK"
2881,10401700072,10401700104,1,"IOTHUB_CLIENT_CONFIRMATION_OK"
2882,10401700272,10401700302,1,"IOTHUB_CLIENT_CONFIRMATION_OK"
2883,10401700473,10401700574,1,"IOTHUB_CLIENT_CONFIRMATION_OK"
2884,10401700673,10401700702,1,"IOTHUB_CLIENT_CONFIRMATION_OK"
2885,10401700873,10401700915,1,"IOTHUB_CLIENT_CONFIRMATION_OK"
2886,10401701073,10401701116,1,"IOTHUB_CLIENT_CONFIRMATION_OK"
2887,10401701273,10401701330,1,"IOTHUB_CLIENT_CONFIRMATION_OK"
2888,10401701473,10401701512,1,"IOTHUB_CLIENT_CONFIRMATION_OK"
2889,10401701674,10401701710,1,"IOTHUB_CLIENT_CONFIRMATION_OK"
2890,10401701874,10401701909,1,"IOTHUB_CLIENT_CONFIRMATION_OK"
2891,10401702074,10401702131,1,"IOTHUB_CLIENT_CONFIRMATION_OK"
2892,10401702274,10401702306,1,"IOTHUB_CLIENT_CONFIRMATION_OK"
2893,10401702474,10401702507,1,"IOTHUB_CLIENT_CONFIRMATION_OK"
2894,10401702674,10401702867,1,"IOTHUB_CLIENT_CONFIRMATION_OK"
2895,10401702875,10401702912,1,"IOTHUB_CLIENT_CONFIRMATION_OK"
2896,10401703075,10401703112,1,"IOTHUB_CLIENT_CONFIRMATION_OK"
2897,10401703275,10401703305,1,"IOTHUB_CLIENT_CONFIRMATION_OK"
2898,10401703475,10401703511,1,"IOTHUB_CLIENT_CONFIRMATION_OK"
2899,10401703675,10401703705,1,"IOTHUB_CLIENT_CONFIRMATION_OK"
2900,10401703875,10401703904,1,"IOTHUB_CLIENT_CONFIRMATION_OK"
2901,10401704076,10401704105,1,"IOTHUB_CLIENT_CONFIRMATION_OK"
2902,10401704276,10401704320,1,"IOTHUB_CLIENT_CONFIRMATION_OK"
2903,10401704476,10401704524,1,"IOTHUB_CLIENT_CONFIRMATION_OK"
2904,10401704676,10401704705,1,"IOTHUB_CLIENT_CONFIRMATION_OK"
2905,10401704876,10401704909,1,"IOTHUB_CLIENT_CONFIRMATION_OK"
2906,10401705076,10401705106,1,"IOTHUB_CLIENT_CONFIRMATION_OK"
2907,10401705276,10401705310,1,"IOTHUB_CLIENT_CONFIRMATION_OK"
2908,10401705477,10401705508,1,"IOTHUB_CLIENT_CONFIRMATION_OK"
2909,10401705677,10401705705,1,"IOTHUB_CLIENT_CONFIRMATION_OK"
2910,10401705877,10401705909,1,"IOTHUB_CLIENT_CONFIRMATION_OK"
2911,10401706077,10401706278,1,"IOTHUB_CLIENT_CONFIRMATION_OK"
2912,10401706277,10401706318,1,"IOTHUB_CLIENT_CONFIRMATION_OK"
2913,10401706477,10401706512,1,"IOTHUB_CLIENT_CONFIRMATION_OK"
2914,10401706677,10401706726,1,"IOTHUB_CLIENT_CONFIRMATION_OK"
2915,10401706878,10401706907,1,"IOTHUB_CLIENT_CONFIRMATION_OK"
2916,10401707078,10401707110,1,"IOTHUB_CLIENT_CONFIRMATION_OK"
2917,10401707278,10401707313,1,"IOTHUB_CLIENT_CONFIRMATION_OK"
2918,10401707478,10401707520,1,"IOTHUB_CLIENT_CONFIRMATION_OK"
2919,10401707678,10401707728,1,"IOTHUB_CLIENT_CONFIRMATION_OK"
2920,10401707878,10401707921,1,"IOTHUB_CLIENT_CONFIRMATION_OK"
2921,10401708079,10401708110,1,"IOTHUB_CLIENT_CONFIRMATION_OK"
2922,10401708279,10401708309,1,"IOTHUB_CLIENT_CONFIRMATION_OK"
2923,10401708479,10401708516,1,"IOTHUB_CLIENT_CONFIRMATION_OK"
2924,10401708679,10401708708,1,"IOTHUB_CLIENT_CONFIRMATION_OK"
2925,10401708879,10401708912,1,"IOTHUB_CLIENT_CONFIRMATION_OK"
2926,10401709079,10401709108,1,"IOTHUB_CLIENT_CONFIRMATION_OK"
2927,10401709279,10401709310,1,"IOTHUB_CLIENT_CONFIRMATION_OK"
2928,10401709480,10401709524,1,"IOTHUB_CLIENT_CONFIRMATION_OK"
2929,10401709680,10401709727,1,"IOTHUB_CLIENT_CONFIRMATION_OK"
2930,10401709880,10401709935,1,"IOTHUB_CLIENT_CONFIRMATION_OK"
2931,10401710080,10401710133,1,"IOTHUB_CLIENT_CONFIRMATION_OK"
2932,10401710280,10401710340,1,"IOTHUB_CLIENT_CONFIRMATION_OK"
2933,10401710480,10401710516,1,"IOTHUB_CLIENT_CONFIRMATION_OK"
2934,10401710681,10401710747,1,"IOTHUB_CLIENT_CONFIRMATION_OK"
2935,10401710881,10401710913,1,"IOTHUB_CLIENT_CONFIRMATION_OK"
2936,10401711081,10401711110,1,"IOTHUB_CLIENT_CONFIRMATION_OK"
2937,10401711281,10401711372,1,"IOTHUB_CLIENT_CONFIRMATION_OK"
2938,10401711481,10401711511,1,"IOTHUB_CLIENT_CONFIRMATION_OK"
2939,10401711681,10401711713,1,"IOTHUB_CLIENT_CONFIRMATION_OK"
2940,10401711882,10401711913,1,"IOTHUB_CLIENT_CONFIRMATION_OK"
2941,10401712082,10401712117,1,"IOTHUB_CLIENT_CONFIRMATION_OK"
2942,10401712282,10401712378,1,"IOTHUB_CLIENT_CONFIRMATION_OK"
2943,10401712482,10401712515,1,"IOTHUB_CLIENT_CONFIRMATION_OK"
2944,10401712682,10401712711,1,"IOTHUB_CLIENT_CONFIRMATION_OK"
2945,10401712882,10401712980,1,"IOTHUB_CLIENT_CONFIRMATION_OK"
2946,10401713082,10401713113,1,"IOTHUB_CLIENT_CONFIRMATION_OK"
2947,10401713283,10401713321,1,"IOTHUB_CLIENT_CONFIRMATION_OK"
2948,10401713483,10401713588,1,"IOTHUB_CLIENT_CONFIRMATION_OK"
2949,10401713683,10401713737,1,"IOTHUB_CLIENT_CONFIRMATION_OK"
2950,10401713883,10401713913,1,"IOTHUB_CLIENT_CONFIRMATION_OK"
2951,10401714083,10401714112,1,"IOTHUB_CLIENT_CONFIRMATION_OK"
2952,10401714283,10401714325,1,"IOTHUB_CLIENT_CONFIRMATION_OK"
2953,10401714484,10401714514,1,"IOTHUB_CLIENT_CONFIRMATION_OK"
2954,10401714684,10401714730,1,"IOTHUB_CLIENT_CONFIRMATION_OK"
2955,10401714884,10401714915,1,"IOTHUB_CLIENT_CONFIRMATION_OK"
2956,10401715084,10401715122,1,"IOTHUB_CLIENT_CONFIRMATION_OK"
2957,10401715284,10401715317,1,"IOTHUB_CLIENT_CONFIRMATION_OK"
2958,10401715484,10401715518,1,"IOTHUB_CLIENT_CONFIRMATION_OK"
2959,10401715684,10401715847,1,"IOTHUB_CLIENT_CONFIRMATION_OK"
2960,10401715885,10401715916,1,"IOTHUB_CLIENT_CONFIRMATION_OK"
2961,10401716085,10401716121,1,"IOTHUB_CLIENT_CONFIRMATION_OK"
2962,10401716285,10401716508,1,"IOTHUB_CLIENT_CONFIRMATION_OK"
2963,10401716485,10401716533,1,"IOTHUB_CLIENT_CONFIRMATION_OK"
2964,10401716685,10401716713,1,"IOTHUB_CLIENT_CONFIRMATION_OK"
2965,10401716885,10401716915,1,"IOTHUB_CLIENT_CONFIRMATION_OK"
2966,10401717086,10401717124,1,"IOTHUB_CLIENT_CONFIRMATION_OK"
2967,10401717286,10401717318,1,"IOTHUB_CLIENT_CONFIRMATION_OK"
2968,10401717486,10401717544,1,"IOTHUB_CLIENT_CONFIRMATION_OK"
2969,10401717686,10401717719,1,"IOTHUB_CLIENT_CONFIRMATION_OK"
2970,10401717886,10401717954,1,"IOTHUB_CLIENT_CONFIRMATION_OK"
2971,10401718086,10401718116,1,"IOTHUB_CLIENT_CONFIRMATION_OK"
2972,10401718286,10401718320,1,"IOTHUB_CLIENT_CONFIRMATION_OK"
2973,10401718487,10401718679,1,"IOTHUB_CLIENT_CONFIRMATION_OK"
2974,10401718687,10401718718,1,"IOTHUB_CLIENT_CONFIRMATION_OK"
2975,10401718887,10401718918,1,"IOTHUB_CLIENT_CONFIRMATION_OK"
2976,10401719087,10401719125,1,"IOTHUB_CLIENT_CONFIRMATION_OK"
2977,10401719287,10401719322,1,"IOTHUB_CLIENT_CONFIRMATION_OK"
2978,10401719487,10401719517,1,"IOTHUB_CLIENT_CONFIRMATION_OK"
2979,10401719688,10401719719,1,"IOTHUB_CLIENT_CONFIRMATION_OK"
2980,10401719888,10401719919,1,"IOTHUB_CLIENT_CONFIRMATION_OK"
2981,10401720088,10401720118,1,"IOTHUB_CLIENT_CONFIRMATION_OK"
2982,10401720288,10401720322,1,"IOTHUB_CLIENT_CONFIRMATION_OK"
2983,10401720488,10401720520,1,"IOTHUB_CLIENT_CONFIRMATION_OK"
2984,10401720688,10401720723,1,"IOTHUB_CLIENT_CONFIRMATION_OK"
2985,10401720889,10401720935,1,"IOTHUB_CLIENT_CONFIRMATION_OK"
2986,10401721089,10401721125,1,"IOTHUB_CLIENT_CONFIRMATION_OK"
2987,10401721289,10401721321,1,"IOTHUB_CLIENT_CONFIRMATION_OK"
2988,10401721489,10401721522,1,"IOTHUB_CLIENT_CONFIRMATION_OK"
2989,10401721689,10401721725,1,"IOTHUB_CLIENT_CONFIRMATION_OK"
2990,10401721889,10401721924,1,"IOTHUB_CLIENT_CONFIRMATION_OK"
2991,10401722089,10401722122,1,"IOTHUB_CLIENT_CONFIRMATION_OK"
2992,10401722290,10401722322,1,"IOTHUB_CLIENT_CONFIRMATION_OK"
2993,10401722490,10401722555,1,"IOTHUB_CLIENT_CONFIRMATION_OK"
2994,10401722690,10401722759,1,"IOTHUB_CLIENT_CONFIRMATION_OK"
2995,10401722890,10401722919,1,"IOTHUB_CLIENT_CONFIRMATION_OK"
2996,10401723090,10401723160,1,"IOTHUB_CLIENT_CONFIRMATION_OK"
2997,10401723290,10401723323,1,"IOTHUB_CLIENT_CONFIRMATION_OK"
2998,10401723491,10401723521,1,"IOTHUB_CLIENT_CONFIRMATION_OK"
2999,10401723691,10401723779,1,"IOTHUB_CLIENT_CONFIRMATION_OK"
3000,10401723891,10401723922,1,"IOTHUB_CLIENT_CONFIRMATION_OK"
3001,10401724091,10401724123,1,"IOTHUB_CLIENT_CONFIRMATION_OK"
3002,10401724291,10401724360,1,"IOTHUB_CLIENT_CONFIRMATION_OK"
3003,10401724491,10401724522,1,"IOTHUB_CLIENT_CONFIRMATION_OK"
3004,10401724692,10401724722,1,"IOTHUB_CLIENT_CONFIRMATION_OK"
3005,10401724892,10401724923,1,"IOTHUB_CLIENT_CONFIRMATION_OK"
3006,10401725092,10401725123,1,"IOTHUB_CLIENT_CONFIRMATION_OK"
3007,10401725292,10401725419,1,"IOTHUB_CLIENT_CONFIRMATION_OK"
3008,10401725492,10401725532,1,"IOTHUB_CLIENT_CONFIRMATION_OK"
3009,10401725692,10401725729,1,"IOTHUB_CLIENT_CONFIRMATION_OK"
3010,10401725893,10401726016,1,"IOTHUB_CLIENT_CONFIRMATION_OK"
3011,10401726093,10401726123,1,"IOTHUB_CLIENT_CONFIRMATION_OK"
3012,10401726293,10401726327,1,"IOTHUB_CLIENT_CONFIRMATION_OK"
3013,10401726493,10401726624,1,"IOTHUB_CLIENT_CONFIRMATION_OK"
3014,10401726693,10401726724,1,"IOTHUB_CLIENT_CONFIRMATION_OK"
3015,10401726893,10401726926,1,"IOTHUB_CLIENT_CONFIRMATION_OK"
3016,10401727094,10401727127,1,"IOTHUB_CLIENT_CONFIRMATION_OK"
3017,10401727294,10401727326,1,"IOTHUB_CLIENT_CONFIRMATION_OK"
3018,10401727494,10401727524,1,"IOTHUB_CLIENT_CONFIRMATION_OK"
3019,10401727694,10401727724,1,"IOTHUB_CLIENT_CONFIRMATION_OK"
3020,10401727894,10401727925,1,"IOTHUB_CLIENT_CONFIRMATION_OK"
3021,10401728094,10401728127,1,"IOTHUB_CLIENT_CONFIRMATION_OK"
3022,10401728295,10401728338,1,"IOTHUB_CLIENT_CONFIRMATION_OK"
3023,10401728495,10401728531,1,"IOTHUB_CLIENT_CONFIRMATION_OK"
3024,10401728695,10401729010,1,"IOTHUB_CLIENT_CONFIRMATION_OK"
3025,10401728895,10401729033,1,"IOTHUB_CLIENT_CONFIRMATION_OK"
3026,10401729095,10401729138,1,"IOTHUB_CLIENT_CONFIRMATION_OK"
3027,10401729295,10401729332,1,"IOTHUB_CLIENT_CONFIRMATION_OK"
3028,10401729495,10401729525,1,"IOTHUB_CLIENT_CONFIRMATION_OK"
3029,10401729696,10401729728,1,"IOTHUB_CLIENT_CONFIRMATION_OK"
3030,10401729896,10401729951,1,"IOTHUB_CLIENT_CONFIRMATION_OK"
3031,10401730096,10401730145,1,"IOTHUB_CLIENT_CONFIRMATION_OK"
3032,10401730296,10401730326,1,"IOTHUB_CLIENT_CONFIRMATION_OK"
3033,10401730496,10401730537,1,"IOTHUB_CLIENT_CONFIRMATION_OK"
3034,10401730696,10401730727,1,"IOTHUB_CLIENT_CONFIRMATION_OK"
3035,10401730897,10401730935,1,"IOTHUB_CLIENT_CONFIRMATION_OK"
3036,10401731097,10401731177,1,"IOTHUB_CLIENT_CONFIRMATION_OK"
3037,10401731297,10401731329,1,"IOTHUB_CLIENT_CONFIRMATION_OK"
3038,10401731497,10401731543,1,"IOTHUB_CLIENT_CONFIRMATION_OK"
3039,10401731697,10401731729,1,"IOTHUB_CLIENT_CONFIRMATION_OK"
3040,10401731897,10401731929,1,"IOTHUB_CLIENT_CONFIRMATION_OK"
3041,10401732098,10401732152,1,"IOTHUB_CLIENT_CONFIRMATION_OK"
3042,10401732298,10401732330,1,"IOTHUB_CLIENT_CONFIRMATION_OK"
3043,10401732498,10401732531,1,"IOTHUB_CLIENT_CONFIRMATION_OK"
3044,10401732698,10401732787,1,"IOTHUB_CLIENT_CONFIRMATION_OK"
3045,10401732898,10401732931,1,"IOTHUB_CLIENT_CONFIRMATION_OK"
3046,10401733098,10401733135,1,"IOTHUB_CLIENT_CONFIRMATION_OK"
3047,10401733298,10401733421,1,"IOTHUB_CLIENT_CONFIRMATION_OK"
3048,10401733499,10401733532,1,"IOTHUB_CLIENT_CONFIRMATION_OK"
3049,10401733699,10401733731,1,"IOTHUB_CLIENT_CONFIRMATION_OK"
3050,10401733899,10401733931,1,"IOTHUB_CLIENT_CONFIRMATION_OK"
3051,10401734099,10401734133,1,"IOTHUB_CLIENT_CONFIRMATION_OK"
3052,10401734299,10401734332,1,"IOTHUB_CLIENT_CONFIRMATION_OK"
3053,10401734500,10401734540,1,"IOTHUB_CLIENT_CONFIRMATION_OK"
3054,10401734700,10401734740,1,"IOTHUB_CLIENT_CONFIRMATION_OK"
3055,10401734900,10401734947,1,"IOTHUB_CLIENT_CONFIRMATION_OK"
3056,10401735100,10401735170,1,"IOTHUB_CLIENT_CONFIRMATION_OK"
3057,10401735300,10401735328,1,"IOTHUB_CLIENT_CONFIRMATION_OK"
3058,10401735500,10401735559,1,"IOTHUB_CLIENT_CONFIRMATION_OK"
3059,10401735700,10401735730,1,"IOTHUB_CLIENT_CONFIRMATION_OK"
3060,10401735901,10401735932,1,"IOTHUB_CLIENT_CONFIRMATION_OK"
3061,10401736101,10401736170,1,"IOTHUB_CLIENT_CONFIRMATION_OK"
3062,10401736301,10401736341,1,"IOTHUB_CLIENT_CONFIRMATION_OK"
3063,10401736501,10401736533,1,"IOTHUB_CLIENT_CONFIRMATION_OK"
3064,10401736701,10401736786,1,"IOTHUB_CLIENT_CONFIRMATION_OK"
3065,10401736901,10401736944,1,"IOTHUB_CLIENT_CONFIRMATION_OK"
3066,10401737102,10401737130,1,"IOTHUB_CLIENT_CONFIRMATION_OK"
3067,10401737302,10401737341,1,"IOTHUB_CLIENT_CONFIRMATION_OK"
3068,10401737502,10401737546,1,"IOTHUB_CLIENT_CONFIRMATION_OK"
3069,10401737702,10401737731,1,"IOTHUB_CLIENT_CONFIRMATION_OK"
3070,10401737902,10401737938,1,"IOTHUB_CLIENT_CONFIRMATION_OK"
3071,10401738102,10401738134,1,"IOTHUB_CLIENT_CONFIRMATION_OK"
3072,10401738303,10401738400,1,"IOTHUB_CLIENT_CONFIRMATION_OK"
3073,10401738503,10401738556,1,"IOTHUB_CLIENT_CONFIRMATION_OK"
3074,10401738703,10401738735,1,"IOTHUB_CLIENT_CONFIRMATION_OK"
3075,10401738903,10401739041,1,"IOTHUB_CLIENT_CONFIRMATION_OK"
3076,10401739103,10401739135,1,"IOTHUB_CLIENT_CONFIRMATION_OK"
3077,10401739303,10401739333,1,"IOTHUB_CLIENT_CONFIRMATION_OK"
3078,10401739504,10401739533,1,"IOTHUB_CLIENT_CONFIRMATION_OK"
3079,10401739704,10401739734,1,"IOTHUB_CLIENT_CONFIRMATION_OK"
3080,10401739904,10401739946,1,"IOTHUB_CLIENT_CONFIRMATION_OK"
3081,10401740104,10401740135,1,"IOTHUB_CLIENT_CONFIRMATION_OK"
3082,10401740304,10401740348,1,"IOTHUB_CLIENT_CONFIRMATION_OK"
3083,10401740504,10401740536,1,"IOTHUB_CLIENT_CONFIRMATION_OK"
3084,10401740704,10401740736,1,"IOTHUB_CLIENT_CONFIRMATION_OK"
3085,10401740905,10401740937,1,"IOTHUB_CLIENT_CONFIRMATION_OK"
3086,10401741105,10401741287,1,"IOTHUB_CLIENT_CONFIRMATION_OK"
3087,10401741305,10401741338,1,"IOTHUB_CLIENT_CONFIRMATION_OK"
3088,10401741505,10401741555,1,"IOTHUB_CLIENT_CONFIRMATION_OK"
3089,10401741705,10401741739,1,"IOTHUB_CLIENT_CONFIRMATION_OK"
3090,10401741905,10401741957,1,"IOTHUB_CLIENT_CONFIRMATION_OK"
3091,10401742106,10401742136,1,"IOTHUB_CLIENT_CONFIRMATION_OK"
3092,10401742306,10401742338,1,"IOTHUB_CLIENT_CONFIRMATION_OK"
3093,10401742506,10401742535,1,"IOTHUB_CLIENT_CONFIRMATION_OK"
3094,10401742706,10401742734,1,"IOTHUB_CLIENT_CONFIRMATION_OK"
3095,10401742906,10401742944,1,"IOTHUB_CLIENT_CONFIRMATION_OK"
3096,10401743106,10401743135,1,"IOTHUB_CLIENT_CONFIRMATION_OK"
3097,10401743306,10401743338,1,"IOTHUB_CLIENT_CONFIRMATION_OK"
3098,10401743507,10401743543,1,"IOTHUB_CLIENT_CONFIRMATION_OK"
3099,10401743707,10401743749,1,"IOTHUB_CLIENT_CONFIRMATION_OK"
3100,10401743907,10401743941,1,"IOTHUB_CLIENT_CONFIRMATION_OK"
3101,10401744107,10401744148,1,"IOTHUB_CLIENT_CONFIRMATION_OK"
3102,10401744307,10401744346,1,"IOTHUB_CLIENT_CONFIRMATION_OK"
3103,10401744507,10401744538,1,"IOTHUB_CLIENT_CONFIRMATION_OK"
3104,10401744708,10401744740,1,"IOTHUB_CLIENT_CONFIRMATION_OK"
3105,10401744908,10401744951,1,"IOTHUB_CLIENT_CONFIRMATION_OK"
3106,10401745108,10401745168,1,"IOTHUB_CLIENT_CONFIRMATION_OK"
3107,10401745308,10401745338,1,"IOTHUB_CLIENT_CONFIRMATION_OK"
3108,10401745508,10401745542,1,"IOTHUB_CLIENT_CONFIRMATION_OK"
3109,10401745709,10401745782,1,"IOTHUB_CLIENT_CONFIRMATION_OK"
3110,10401745909,10401745942,1,"IOTHUB_CLIENT_CONFIRMATION_OK"
3111,10401746109,10401746148,1,"IOTHUB_CLIENT_CONFIRMATION_OK"
3112,10401746309,10401746386,1,"IOTHUB_CLIENT_CONFIRMATION_OK"
3113,10401746509,10401746540,1,"IOTHUB_CLIENT_CONFIRMATION_OK"
3114,10401746709,10401746743,1,"IOTHUB_CLIENT_CONFIRMATION_OK"
3115,10401746909,10401746939,1,"IOTHUB_CLIENT_CONFIRMATION_OK"
3116,10401747110,10401747138,1,"IOTHUB_CLIENT_CONFIRMATION_OK"
3117,10401747310,10401747344,1,"IOTHUB_CLIENT_CONFIRMATION_OK"
3118,10401747510,10401747542,1,"IOTHUB_CLIENT_CONFIRMATION_OK"
3119,10401747710,10401747745,1,"IOTHUB_CLIENT_CONFIRMATION_OK"
3120,10401747910,10401748017,1,"IOTHUB_CLIENT_CONFIRMATION_OK"
3121,10401748110,10401748143,1,"IOTHUB_CLIENT_CONFIRMATION_OK"
3122,10401748311,10401748340,1,"IOTHUB_CLIENT_CONFIRMATION_OK"
3123,10401748511,10401748651,1,"IOTHUB_CLIENT_CONFIRMATION_OK"
3124,10401748711,10401748739,1,"IOTHUB_CLIENT_CONFIRMATION_OK"
3125,10401748911,10401748940,1,"IOTHUB_CLIENT_CONFIRMATION_OK"
3126,10401749111,10401749241,1,"IOTHUB_CLIENT_CONFIRMATION_OK"
3127,10401749311,10401749341,1,"IOTHUB_CLIENT_CONFIRMATION_OK"
3128,10401749512,10401749545,1,"IOTHUB_CLIENT_CONFIRMATION_OK"
3129,10401749712,10401749743,1,"IOTHUB_CLIENT_CONFIRMATION_OK"
3130,10401749912,10401749941,1,"IOTHUB_CLIENT_CONFIRMATION_OK"
3131,10401750112,10401750141,1,"IOTHUB_CLIENT_CONFIRMATION_OK"
3132,10401750312,10401750344,1,"IOTHUB_CLIENT_CONFIRMATION_OK"
3133,10401750512,10401750545,1,"IOTHUB_CLIENT_CONFIRMATION_OK"
3134,10401750713,10401750752,1,"IOTHUB_CLIENT_CONFIRMATION_OK"
3135,10401750913,10401751016,1,"IOTHUB_CLIENT_CONFIRMATION_OK"
3136,10401751113,10401751147,1,"IOTHUB_CLIENT_CONFIRMATION_OK"
3137,10401751313,10401751470,1,"IOTHUB_CLIENT_CONFIRMATION_OK"
3138,10401751513,10401751544,1,"IOTHUB_CLIENT_CONFIRMATION_OK"
3139,10401751713,10401751746,1,"IOTHUB_CLIENT_CONFIRMATION_OK"
3140,10401751913,10401752079,1,"IOTHUB_CLIENT_CONFIRMATION_OK"
3141,10401752114,10401752181,1,"IOTHUB_CLIENT_CONFIRMATION_OK"
3142,10401752314,10401752353,1,"IOTHUB_CLIENT_CONFIRMATION_OK"
3143,10401752514,10401752557,1,"IOTHUB_CLIENT_CONFIRMATION_OK"
3144,10401752714,10401752755,1,"IOTHUB_CLIENT_CONFIRMATION_OK"
3145,10401752914,10401752945,1,"IOTHUB_CLIENT_CONFIRMATION_OK"
3146,10401753114,10401753143,1,"IOTHUB_CLIENT_CONFIRMATION_OK"
3147,10401753315,10401753345,1,"IOTHUB_CLIENT_CONFIRMATION_OK"
3148,10401753515,10401753545,1,"IOTHUB_CLIENT_CONFIRMATION_OK"
3149,10401753715,10401753752,1,"IOTHUB_CLIENT_CONFIRMATION_OK"
3150,10401753915,10401753947,1,"IOTHUB_CLIENT_CONFIRMATION_OK"
3151,10401754115,10401754314,1,"IOTHUB_CLIENT_CONFIRMATION_OK"
3152,10401754315,10401754355,1,"IOTHUB_CLIENT_CONFIRMATION_OK"
3153,10401754515,10401754547,1,"IOTHUB_CLIENT_CONFIRMATION_OK"
3154,10401754716,10401754745,1,"IOTHUB_CLIENT_CONFIRMATION_OK"
3155,10401754916,10401754946,1,"IOTHUB_CLIENT_CONFIRMATION_OK"
3156,10401755116,10401755157,1,"IOTHUB_CLIENT_CONFIRMATION_OK"
3157,10401755316,10401755346,1,"IOTHUB_CLIENT_CONFIRMATION_OK"
3158,10401755516,10401755547,1,"IOTHUB_CLIENT_CONFIRMATION_OK"
3159,10401755716,10401755764,1,"IOTHUB_CLIENT_CONFIRMATION_OK"
3160,10401755917,10401755960,1,"IOTHUB_CLIENT_CONFIRMATION_OK"
3161,10401756117,10401756146,1,"IOTHUB_CLIENT_CONFIRMATION_OK"
3162,10401756317,10401756350,1,"IOTHUB_CLIENT_CONFIRMATION_OK"
3163,10401756517,10401756584,1,"IOTHUB_CLIENT_CONFIRMATION_OK"
3164,10401756717,10401756761,1,"IOTHUB_CLIENT_CONFIRMATION_OK"
3165,10401756917,10401756953,1,"IOTHUB_CLIENT_CONFIRMATION_OK"
3166,10401757118,10401757147,1,"IOTHUB_CLIENT_CONFIRMATION_OK"
3167,10401757318,10401757347,1,"IOTHUB_CLIENT_CONFIRMATION_OK"
3168,10401757518,10401757581,1,"IOTHUB_CLIENT_CONFIRMATION_OK"
3169,10401757718,10401757767,1,"IOTHUB_CLIENT_CONFIRMATION_OK"
3170,10401757918,10401757947,1,"IOTHUB_CLIENT_CONFIRMATION_OK"
3171,10401758118,10401758188,1,"IOTHUB_CLIENT_CONFIRMATION_OK"
3172,10401758319,10401758346,1,"IOTHUB_CLIENT_CONFIRMATION_OK"
3173,10401758519,10401758550,1,"IOTHUB_CLIENT_CONFIRMATION_OK"
3174,10401758719,10401758831,1,"IOTHUB_CLIENT_CONFIRMATION_OK"
3175,10401758919,10401758949,1,"IOTHUB_CLIENT_CONFIRMATION_OK"
3176,10401759119,10401759148,1,"IOTHUB_CLIENT_CONFIRMATION_OK"
3177,10401759319,10401759349,1,"IOTHUB_CLIENT_CONFIRMATION_OK"
3178,10401759519,10401759548,1,"IOTHUB_CLIENT_CONFIRMATION_OK"
3179,10401759720,10401759757,1,"IOTHUB_CLIENT_CONFIRMATION_OK"
3180,10401759920,10401759950,1,"IOTHUB_CLIENT_CONFIRMATION_OK"
3181,10401760120,10401760162,1,"IOTHUB_CLIENT_CONFIRMATION_OK"
3182,10401760320,10401760364,1,"IOTHUB_CLIENT_CONFIRMATION_OK"
3183,10401760520,10401760548,1,"IOTHUB_CLIENT_CONFIRMATION_OK"
3184,10401760721,10401760772,1,"IOTHUB_CLIENT_CONFIRMATION_OK"
3185,10401760921,10401761046,1,"IOTHUB_CLIENT_CONFIRMATION_OK"
3186,10401761121,10401761156,1,"IOTHUB_CLIENT_CONFIRMATION_OK"
3187,10401761321,10401761360,1,"IOTHUB_CLIENT_CONFIRMATION_OK"
3188,10401761521,10401761680,1,"IOTHUB_CLIENT_CONFIRMATION_OK"
3189,10401761721,10401761753,1,"IOTHUB_CLIENT_CONFIRMATION_OK"
3190,10401761921,10401761951,1,"IOTHUB_CLIENT_CONFIRMATION_OK"
3191,10401762122,10401762164,1,"IOTHUB_CLIENT_CONFIRMATION_OK"
3192,10401762322,10401762357,1,"IOTHUB_CLIENT_CONFIRMATION_OK"
3193,10401762522,10401762551,1,"IOTHUB_CLIENT_CONFIRMATION_OK"
3194,10401762722,10401762756,1,"IOTHUB_CLIENT_CONFIRMATION_OK"
3195,10401762922,10401762951,1,"IOTHUB_CLIENT_CONFIRMATION_OK"
3196,10401763122,10401763162,1,"IOTHUB_CLIENT_CONFIRMATION_OK"
3197,10401763323,10401763353,1,"IOTHUB_CLIENT_CONFIRMATION_OK"
3198,10401763523,10401763552,1,"IOTHUB_CLIENT_CONFIRMATION_OK"
3199,10401763723,10401763925,1,"IOTHUB_CLIENT_CONFIRMATION_OK"
3200,10401763923,10401763953,1,"IOTHUB_CLIENT_CONFIRMATION_OK"
3201,10401764123,10401764152,1,"IOTHUB_CLIENT_CONFIRMATION_OK"
3202,10401764323,10401764358,1,"IOTHUB_CLIENT_CONFIRMATION_OK"
3203,10401764524,10401764554,1,"IOTHUB_CLIENT_CONFIRMATION_OK"
3204,10401764724,10401764756,1,"IOTHUB_CLIENT_CONFIRMATION_OK"
3205,10401764924,10401764962,1,"IOTHUB_CLIENT_CONFIRMATION_OK"
3206,10401765124,10401765158,1,"IOTHUB_CLIENT_CONFIRMATION_OK"
3207,10401765324,10401765358,1,"IOTHUB_CLIENT_CONFIRMATION_OK"
3208,10401765524,10401765556,1,"IOTHUB_CLIENT_CONFIRMATION_OK"
3209,10401765725,10401765792,1,"IOTHUB_CLIENT_CONFIRMATION_OK"
3210,10401765925,10401765955,1,"IOTHUB_CLIENT_CONFIRMATION_OK"
3211,10401766125,10401766182,1,"IOTHUB_CLIENT_CONFIRMATION_OK"
3212,10401766325,10401766358,1,"IOTHUB_CLIENT_CONFIRMATION_OK"
3213,10401766525,10401766556,1,"IOTHUB_CLIENT_CONFIRMATION_OK"
3214,10401766725,10401766778,1,"IOTHUB_CLIENT_CONFIRMATION_OK"
3215,10401766925,10401766954,1,"IOTHUB_CLIENT_CONFIRMATION_OK"
3216,10401767126,10401767166,1,"IOTHUB_CLIENT_CONFIRMATION_OK"
3217,10401767326,10401767353,1,"IOTHUB_CLIENT_CONFIRMATION_OK"
3218,10401767526,10401767559,1,"IOTHUB_CLIENT_CONFIRMATION_OK"
3219,10401767726,10401767783,1,"IOTHUB_CLIENT_CONFIRMATION_OK"
3220,10401767926,10401768018,1,"IOTHUB_CLIENT_CONFIRMATION_OK"
3221,10401768126,10401768161,1,"IOTHUB_CLIENT_CONFIRMATION_OK"
3222,10401768327,10401768423,1,"IOTHUB_CLIENT_CONFIRMATION_OK"
3223,10401768527,10401768561,1,"IOTHUB_CLIENT_CONFIRMATION_OK"
3224,10401768727,10401768757,1,"IOTHUB_CLIENT_CONFIRMATION_OK"
3225,10401768927,10401769080,1,"IOTHUB_CLIENT_CONFIRMATION_OK"
3226,10401769127,10401769156,1,"IOTHUB_CLIENT_CONFIRMATION_OK"
3227,10401769327,10401769373,1,"IOTHUB_CLIENT_CONFIRMATION_OK"
3228,10401769528,10401769595,1,"IOTHUB_CLIENT_CONFIRMATION_OK"
3229,10401769728,10401769765,1,"IOTHUB_CLIENT_CONFIRMATION_OK"
3230,10401769928,10401769964,1,"IOTHUB_CLIENT_CONFIRMATION_OK"
3231,10401770128,10401770158,1,"IOTHUB_CLIENT_CONFIRMATION_OK"
3232,10401770328,10401770360,1,"IOTHUB_CLIENT_CONFIRMATION_OK"
3233,10401770528,10401770714,1,"IOTHUB_CLIENT_CONFIRMATION_OK"
3234,10401770728,10401770758,1,"IOTHUB_CLIENT_CONFIRMATION_OK"
3235,10401770929,10401770961,1,"IOTHUB_CLIENT_CONFIRMATION_OK"
3236,10401771129,10401771165,1,"IOTHUB_CLIENT_CONFIRMATION_OK"
3237,10401771329,10401771360,1,"IOTHUB_CLIENT_CONFIRMATION_OK"
3238,10401771529,10401771560,1,"IOTHUB_CLIENT_CONFIRMATION_OK"
3239,10401771729,10401771782,1,"IOTHUB_CLIENT_CONFIRMATION_OK"
3240,10401771929,10401771956,1,"IOTHUB_CLIENT_CONFIRMATION_OK"
3241,10401772130,10401772158,1,"IOTHUB_CLIENT_CONFIRMATION_OK"
3242,10401772330,10401772368,1,"IOTHUB_CLIENT_CONFIRMATION_OK"
3243,10401772530,10401772567,1,"IOTHUB_CLIENT_CONFIRMATION_OK"
3244,10401772730,10401772760,1,"IOTHUB_CLIENT_CONFIRMATION_OK"
3245,10401772930,10401772965,1,"IOTHUB_CLIENT_CONFIRMATION_OK"
3246,10401773130,10401773164,1,"IOTHUB_CLIENT_CONFIRMATION_OK"
3247,10401773330,10401773363,1,"IOTHUB_CLIENT_CONFIRMATION_OK"
3248,10401773531,10401773626,1,"IOTHUB_CLIENT_CONFIRMATION_OK"
3249,10401773731,10401773790,1,"IOTHUB_CLIENT_CONFIRMATION_OK"
3250,10401773931,10401773972,1,"IOTHUB_CLIENT_CONFIRMATION_OK"
3251,10401774131,10401774163,1,"IOTHUB_CLIENT_CONFIRMATION_OK"
3252,10401774331,10401774394,1,"IOTHUB_CLIENT_CONFIRMATION_OK"
3253,10401774531,10401774583,1,"IOTHUB_CLIENT_CONFIRMATION_OK"
3254,10401774732,10401774763,1,"IOTHUB_CLIENT_CONFIRMATION_OK"
3255,10401774932,10401775014,1,"IOTHUB_CLIENT_CONFIRMATION_OK"
3256,10401775132,10401775202,1,"IOTHUB_CLIENT_CONFIRMATION_OK"
3257,10401775332,10401775363,1,"IOTHUB_CLIENT_CONFIRMATION_OK"
3258,10401775532,10401775562,1,"IOTHUB_CLIENT_CONFIRMATION_OK"
3259,10401775732,10401775838,1,"IOTHUB_CLIENT_CONFIRMATION_OK"
3260,10401775933,10401775963,1,"IOTHUB_CLIENT_CONFIRMATION_OK"
3261,10401776133,10401776162,1,"IOTHUB_CLIENT_CONFIRMATION_OK"
3262,10401776333,10401776366,1,"IOTHUB_CLIENT_CONFIRMATION_OK"
3263,10401776533,10401776564,1,"IOTHUB_CLIENT_CONFIRMATION_OK"
3264,10401776733,10401776775,1,"IOTHUB_CLIENT_CONFIRMATION_OK"
3265,10401776933,10401776965,1,"IOTHUB_CLIENT_CONFIRMATION_OK"
3266,10401777133,10401777164,1,"IOTHUB_CLIENT_CONFIRMATION_OK"
3267,10401777334,10401777493,1,"IOTHUB_CLIENT_CONFIRMATION_OK"
3268,10401777534,10401777567,1,"IOTHUB_CLIENT_CONFIRMATION_OK"
3269,10401777734,10401777764,1,"IOTHUB_CLIENT_CONFIRMATION_OK"
3270,10401777934,10401778137,1,"IOTHUB_CLIENT_CONFIRMATION_OK"
3271,10401778134,10401778170,1,"IOTHUB_CLIENT_CONFIRMATION_OK"
3272,10401778334,10401778363,1,"IOTHUB_CLIENT_CONFIRMATION_OK"
3273,10401778535,10401778565,1,"IOTHUB_CLIENT_CONFIRMATION_OK"
3274,10401778735,10401778782,1,"IOTHUB_CLIENT_CONFIRMATION_OK"
3275,10401778935,10401778964,1,"IOTHUB_CLIENT_CONFIRMATION_OK"
3276,10401779135,10401779166,1,"IOTHUB_CLIENT_CONFIRMATION_OK"
3277,10401779335,10401779397,1,"IOTHUB_CLIENT_CONFIRMATION_OK"
3278,10401779535,10401779611,1,"IOTHUB_CLIENT_CONFIRMATION_OK"
3279,10401779735,10401779770,1,"IOTHUB_CLIENT_CONFIRMATION_OK"
3280,10401779936,10401779972,1,"IOTHUB_CLIENT_CONFIRMATION_OK"
3281,10401780136,10401780167,1,"IOTHUB_CLIENT_CONFIRMATION_OK"
3282,10401780336,10401780374,1,"IOTHUB_CLIENT_CONFIRMATION_OK"
3283,10401780536,10401780573,1,"IOTHUB_CLIENT_CONFIRMATION_OK"
3284,10401780736,10401780769,1,"IOTHUB_CLIENT_CONFIRMATION_OK"
3285,10401780936,10401780976,1,"IOTHUB_CLIENT_CONFIRMATION_OK"
3286,10401781137,10401781168,1,"IOTHUB_CLIENT_CONFIRMATION_OK"
3287,10401781337,10401781379,1,"IOTHUB_CLIENT_CONFIRMATION_OK"
3288,10401781537,10401781669,1,"IOTHUB_CLIENT_CONFIRMATION_OK"
3289,10401781737,10401781774,1,"IOTHUB_CLIENT_CONFIRMATION_OK"
3290,10401781937,10401781992,1,"IOTHUB_CLIENT_CONFIRMATION_OK"
3291,10401782137,10401782178,1,"IOTHUB_CLIENT_CONFIRMATION_OK"
3292,10401782337,10401782375,1,"IOTHUB_CLIENT_CONFIRMATION_OK"
3293,10401782538,10401782598,1,"IOTHUB_CLIENT_CONFIRMATION_OK"
3294,10401782738,10401782784,1,"IOTHUB_CLIENT_CONFIRMATION_OK"
3295,10401782938,10401782969,1,"IOTHUB_CLIENT_CONFIRMATION_OK"
3296,10401783138,10401783208,1,"IOTHUB_CLIENT_CONFIRMATION_OK"
3297,10401783338,10401783371,1,"IOTHUB_CLIENT_CONFIRMATION_OK"
3298,10401783538,10401783568,1,"IOTHUB_CLIENT_CONFIRMATION_OK"
3299,10401783739,10401783777,1,"IOTHUB_CLIENT_CONFIRMATION_OK"
3300,10401783939,10401783970,1,"IOTHUB_CLIENT_CONFIRMATION_OK"
3301,10401784139,10401784238,1,"IOTHUB_CLIENT_CONFIRMATION_OK"
3302,10401784339,10401784376,1,"IOTHUB_CLIENT_CONFIRMATION_OK"
3303,10401784539,10401784570,1,"IOTHUB_CLIENT_CONFIRMATION_OK"
3304,10401784739,10401784864,1,"IOTHUB_CLIENT_CONFIRMATION_OK"
3305,10401784940,10401784971,1,"IOTHUB_CLIENT_CONFIRMATION_OK"
3306,10401785140,10401785170,1,"IOTHUB_CLIENT_CONFIRMATION_OK"
3307,10401785340,10401785371,1,"IOTHUB_CLIENT_CONFIRMATION_OK"
3308,10401785540,10401785575,1,"IOTHUB_CLIENT_CONFIRMATION_OK"
3309,10401785740,10401785771,1,"IOTHUB_CLIENT_CONFIRMATION_OK"
3310,10401785941,10401785969,1,"IOTHUB_CLIENT_CONFIRMATION_OK"
3311,10401786141,10401786172,1,"IOTHUB_CLIENT_CONFIRMATION_OK"
3312,10401786341,10401786372,1,"IOTHUB_CLIENT_CONFIRMATION_OK"
3313,10401786541,10401786571,1,"IOTHUB_CLIENT_CONFIRMATION_OK"
3314,10401786741,10401786773,1,"IOTHUB_CLIENT_CONFIRMATION_OK"
3315,10401786941,10401787103,1,"IOTHUB_CLIENT_CONFIRMATION_OK"
3316,10401787141,10401787170,1,"IOTHUB_CLIENT_CONFIRMATION_OK"
3317,10401787342,10401787371,1,"IOTHUB_CLIENT_CONFIRMATION_OK"
3318,10401787542,10401787751,1,"IOTHUB_CLIENT_CONFIRMATION_OK"
3319,10401787742,10401787776,1,"IOTHUB_CLIENT_CONFIRMATION_OK"
3320,10401787942,10401787976,1,"IOTHUB_CLIENT_CONFIRMATION_OK"
3321,10401788142,10401788173,1,"IOTHUB_CLIENT_CONFIRMATION_OK"
3322,10401788342,10401788375,1,"IOTHUB_CLIENT_CONFIRMATION_OK"
3323,10401788543,10401788576,1,"IOTHUB_CLIENT_CONFIRMATION_OK"
3324,10401788743,10401788786,1,"IOTHUB_CLIENT_CONFIRMATION_OK"
3325,10401788943,10401788986,1,"IOTHUB_CLIENT_CONFIRMATION_OK"
3326,10401789143,10401789171,1,"IOTHUB_CLIENT_CONFIRMATION_OK"
3327,10401789343,10401789409,1,"IOTHUB_CLIENT_CONFIRMATION_OK"
3328,10401789543,10401789574,1,"IOTHUB_CLIENT_CONFIRMATION_OK"
3329,10401789744,10401789774,1,"IOTHUB_CLIENT_CONFIRMATION_OK"
3330,10401789944,10401789976,1,"IOTHUB_CLIENT_CONFIRMATION_OK"
3331,10401790144,10401790182,1,"IOTHUB_CLIENT_CONFIRMATION_OK"
3332,10401790344,10401790409,1,"IOTHUB_CLIENT_CONFIRMATION_OK"
3333,10401790544,10401790576,1,"IOTHUB_CLIENT_CONFIRMATION_OK"
3334,10401790744,10401791099,1,"IOTHUB_CLIENT_CONFIRMATION_OK"
3335,10401790944,10401791303,1,"IOTHUB_CLIENT_CONFIRMATION_OK"
3336,10401791145,10401791331,1,"IOTHUB_CLIENT_CONFIRMATION_OK"
3337,10401791345,10401791377,1,"IOTHUB_CLIENT_CONFIRMATION_OK"
3338,10401791545,10401791577,1,"IOTHUB_CLIENT_CONFIRMATION_OK"
3339,10401791745,10401791796,1,"IOTHUB_CLIENT_CONFIRMATION_OK"
3340,10401791945,10401791977,1,"IOTHUB_CLIENT_CONFIRMATION_OK"
3341,10401792145,10401792178,1,"IOTHUB_CLIENT_CONFIRMATION_OK"
3342,10401792346,10401792380,1,"IOTHUB_CLIENT_CONFIRMATION_OK"
3343,10401792546,10401792576,1,"IOTHUB_CLIENT_CONFIRMATION_OK"
3344,10401792746,10401792775,1,"IOTHUB_CLIENT_CONFIRMATION_OK"
3345,10401792946,10401792977,1,"IOTHUB_CLIENT_CONFIRMATION_OK"
3346,10401793146,10401793179,1,"IOTHUB_CLIENT_CONFIRMATION_OK"
3347,10401793346,10401793378,1,"IOTHUB_CLIENT_CONFIRMATION_OK"
3348,10401793547,10401793616,1,"IOTHUB_CLIENT_CONFIRMATION_OK"
3349,10401793747,10401793800,1,"IOTHUB_CLIENT_CONFIRMATION_OK"
3350,10401793947,10401793977,1,"IOTHUB_CLIENT_CONFIRMATION_OK"
3351,10401794147,10401794175,1,"IOTHUB_CLIENT_CONFIRMATION_OK"
3352,10401794347,10401794429,1,"IOTHUB_CLIENT_CONFIRMATION_OK"
3353,10401794547,10401794585,1,"IOTHUB_CLIENT_CONFIRMATION_OK"
3354,10401794748,10401794779,1,"IOTHUB_CLIENT_CONFIRMATION_OK"
3355,10401794948,10401795049,1,"IOTHUB_CLIENT_CONFIRMATION_OK"
3356,10401795148,10401795181,1,"IOTHUB_CLIENT_CONFIRMATION_OK"
3357,10401795348,10401795376,1,"IOTHUB_CLIENT_CONFIRMATION_OK"
3358,10401795548,10401795685,1,"IOTHUB_CLIENT_CONFIRMATION_OK"
3359,10401795748,10401795779,1,"IOTHUB_CLIENT_CONFIRMATION_OK"
3360,10401795948,10401795978,1,"IOTHUB_CLIENT_CONFIRMATION_OK"
3361,10401796149,10401796181,1,"IOTHUB_CLIENT_CONFIRMATION_OK"
3362,10401796349,10401796382,1,"IOTHUB_CLIENT_CONFIRMATION_OK"
3363,10401796549,10401796583,1,"IOTHUB_CLIENT_CONFIRMATION_OK"
3364,10401796749,10401796777,1,"IOTHUB_CLIENT_CONFIRMATION_OK"
3365,10401796949,10401796993,1,"IOTHUB_CLIENT_CONFIRMATION_OK"
3366,10401797149,10401797310,1,"IOTHUB_CLIENT_CONFIRMATION_OK"
3367,10401797350,10401797386,1,"IOTHUB_CLIENT_CONFIRMATION_OK"
3368,10401797550,10401797591,1,"IOTHUB_CLIENT_CONFIRMATION_OK"
3369,10401797750,10401797915,1,"IOTHUB_CLIENT_CONFIRMATION_OK"
3370,10401797950,10401797989,1,"IOTHUB_CLIENT_CONFIRMATION_OK"
3371,10401798150,10401798182,1,"IOTHUB_CLIENT_CONFIRMATION_OK"
3372,10401798350,10401798380,1,"IOTHUB_CLIENT_CONFIRMATION_OK"
3373,10401798550,10401798582,1,"IOTHUB_CLIENT_CONFIRMATION_OK"
3374,10401798751,10401798809,1,"IOTHUB_CLIENT_CONFIRMATION_OK"
3375,10401798951,10401798979,1,"IOTHUB_CLIENT_CONFIRMATION_OK"
3376,10401799151,10401799181,1,"IOTHUB_CLIENT_CONFIRMATION_OK"
3377,10401799351,10401799402,1,"IOTHUB_CLIENT_CONFIRMATION_OK"
3378,10401799551,10401799662,1,"IOTHUB_CLIENT_CONFIRMATION_OK"
3379,10401799751,10401799781,1,"IOTHUB_CLIENT_CONFIRMATION_OK"
3380,10401799952,10401799983,1,"IOTHUB_CLIENT_CONFIRMATION_OK"
3381,10401800152,10401800191,1,"IOTHUB_CLIENT_CONFIRMATION_OK"
3382,10401800352,10401800395,1,"IOTHUB_CLIENT_CONFIRMATION_OK"
3383,10401800552,10401800601,1,"IOTHUB_CLIENT_CONFIRMATION_OK"
3384,10401800752,10401800794,1,"IOTHUB_CLIENT_CONFIRMATION_OK"
3385,10401800952,10401801002,1,"IOTHUB_CLIENT_CONFIRMATION_OK"
3386,10401801153,10401801208,1,"IOTHUB_CLIENT_CONFIRMATION_OK"
3387,10401801353,10401801389,1,"IOTHUB_CLIENT_CONFIRMATION_OK"
3388,10401801553,10401801602,1,"IOTHUB_CLIENT_CONFIRMATION_OK"
3389,10401801753,10401801812,1,"IOTHUB_CLIENT_CONFIRMATION_OK"
3390,10401801953,10401801997,1,"IOTHUB_CLIENT_CONFIRMATION_OK"
3391,10401802153,10401802213,1,"IOTHUB_CLIENT_CONFIRMATION_OK"
3392,10401802354,10401802442,1,"IOTHUB_CLIENT_CONFIRMATION_OK"
3393,10401802554,10401802592,1,"IOTHUB_CLIENT_CONFIRMATION_OK"
3394,10401802754,10401802795,1,"IOTHUB_CLIENT_CONFIRMATION_OK"
3395,10401802954,10401802982,1,"IOTHUB_CLIENT_CONFIRMATION_OK"
3396,10401803154,10401803183,1,"IOTHUB_CLIENT_CONFIRMATION_OK"
3397,10401803354,10401803426,1,"IOTHUB_CLIENT_CONFIRMATION_OK"
3398,10401803555,10401803594,1,"IOTHUB_CLIENT_CONFIRMATION_OK"
3399,10401803755,10401803813,1,"IOTHUB_CLIENT_CONFIRMATION_OK"
3400,10401803955,10401804041,1,"IOTHUB_CLIENT_CONFIRMATION_OK"
3401,10401804155,10401804183,1,"IOTHUB_CLIENT_CONFIRMATION_OK"
3402,10401804355,10401804434,1,"IOTHUB_CLIENT_CONFIRMATION_OK"
3403,10401804555,10401804648,1,"IOTHUB_CLIENT_CONFIRMATION_OK"
3404,10401804755,10401804805,1,"IOTHUB_CLIENT_CONFIRMATION_OK"
3405,10401804956,10401804987,1,"IOTHUB_CLIENT_CONFIRMATION_OK"
3406,10401805156,10401805258,1,"IOTHUB_CLIENT_CONFIRMATION_OK"
3407,10401805356,10401805385,1,"IOTHUB_CLIENT_CONFIRMATION_OK"
3408,10401805556,10401805600,1,"IOTHUB_CLIENT_CONFIRMATION_OK"
3409,10401805756,10401805788,1,"IOTHUB_CLIENT_CONFIRMATION_OK"
3410,10401805956,10401805984,1,"IOTHUB_CLIENT_CONFIRMATION_OK"
3411,10401806157,10401806204,1,"IOTHUB_CLIENT_CONFIRMATION_OK"
3412,10401806357,10401806396,1,"IOTHUB_CLIENT_CONFIRMATION_OK"
3413,10401806557,10401806598,1,"IOTHUB_CLIENT_CONFIRMATION_OK"
3414,10401806757,10401806880,1,"IOTHUB_CLIENT_CONFIRMATION_OK"
3415,10401806957,10401806989,1,"IOTHUB_CLIENT_CONFIRMATION_OK"
3416,10401807157,10401807203,1,"IOTHUB_CLIENT_CONFIRMATION_OK"
3417,10401807358,10401807498,1,"IOTHUB_CLIENT_CONFIRMATION_OK"
3418,10401807558,10401807587,1,"IOTHUB_CLIENT_CONFIRMATION_OK"
3419,10401807758,10401807799,1,"IOTHUB_CLIENT_CONFIRMATION_OK"
3420,10401807958,10401807987,1,"IOTHUB_CLIENT_CONFIRMATION_OK"
3421,10401808158,10401808188,1,"IOTHUB_CLIENT_CONFIRMATION_OK"
3422,10401808358,10401808387,1,"IOTHUB_CLIENT_CONFIRMATION_OK"
3423,10401808559,10401808604,1,"IOTHUB_CLIENT_CONFIRMATION_OK"
3424,10401808759,10401808795,1,"IOTHUB_CLIENT_CONFIRMATION_OK"
3425,10401808959,10401808991,1,"IOTHUB_CLIENT_CONFIRMATION_OK"
3426,10401809159,10401809191,1,"IOTHUB_CLIENT_CONFIRMATION_OK"
3427,10401809359,10401809393,1,"IOTHUB_CLIENT_CONFIRMATION_OK"
3428,10401809559,10401809783,1,"IOTHUB_CLIENT_CONFIRMATION_OK"
3429,10401809759,10401809796,1,"IOTHUB_CLIENT_CONFIRMATION_OK"
3430,10401809960,10401809988,1,"IOTHUB_CLIENT_CONFIRMATION_OK"
3431,10401810160,10401810333,1,"IOTHUB_CLIENT_CONFIRMATION_OK"
3432,10401810360,10401810391,1,"IOTHUB_CLIENT_CONFIRMATION_OK"
3433,10401810560,10401810590,1,"IOTHUB_CLIENT_CONFIRMATION_OK"
3434,10401810760,10401810795,1,"IOTHUB_CLIENT_CONFIRMATION_OK"
3435,10401810960,10401810989,1,"IOTHUB_CLIENT_CONFIRMATION_OK"
3436,10401811161,10401811198,1,"IOTHUB_CLIENT_CONFIRMATION_OK"
3437,10401811361,10401811415,1,"IOTHUB_CLIENT_CONFIRMATION_OK"
3438,10401811561,10401811595,1,"IOTHUB_CLIENT_CONFIRMATION_OK"
3439,10401811761,10401811794,1,"IOTHUB_CLIENT_CONFIRMATION_OK"
3440,10401811961,10401811990,1,"IOTHUB_CLIENT_CONFIRMATION_OK"
3441,10401812161,10401812209,1,"IOTHUB_CLIENT_CONFIRMATION_OK"
3442,10401812361,10401812394,1,"IOTHUB_CLIENT_CONFIRMATION_OK"
3443,10401812562,10401812596,1,"IOTHUB_CLIENT_CONFIRMATION_OK"
3444,10401812762,10401812792,1,"IOTHUB_CLIENT_CONFIRMATION_OK"
3445,10401812962,10401812994,1,"IOTHUB_CLIENT_CONFIRMATION_OK"
3446,10401813162,10401813191,1,"IOTHUB_CLIENT_CONFIRMATION_OK"
3447,10401813362,10401813418,1,"IOTHUB_CLIENT_CONFIRMATION_OK"
3448,10401813562,10401813622,1,"IOTHUB_CLIENT_CONFIRMATION_OK"
3449,10401813763,10401813793,1,"IOTHUB_CLIENT_CONFIRMATION_OK"
3450,10401813963,10401813992,1,"IOTHUB_CLIENT_CONFIRMATION_OK"
3451,10401814163,10401814252,1,"IOTHUB_CLIENT_CONFIRMATION_OK"
3452,10401814363,10401814407,1,"IOTHUB_CLIENT_CONFIRMATION_OK"
3453,10401814563,10401814601,1,"IOTHUB_CLIENT_CONFIRMATION_OK"
3454,10401814764,10401814983,1,"IOTHUB_CLIENT_CONFIRMATION_OK"
3455,10401814964,10401815000,1,"IOTHUB_CLIENT_CONFIRMATION_OK"
3456,10401815164,10401815196,1,"IOTHUB_CLIENT_CONFIRMATION_OK"
3457,10401815364,10401815399,1,"IOTHUB_CLIENT_CONFIRMATION_OK"
3458,10401815564,10401815603,1,"IOTHUB_CLIENT_CONFIRMATION_OK"
3459,10401815764,10401815801,1,"IOTHUB_CLIENT_CONFIRMATION_OK"
3460,10401815965,10401816003,1,"IOTHUB_CLIENT_CONFIRMATION_OK"
3461,10401816165,10401816202,1,"IOTHUB_CLIENT_CONFIRMATION_OK"
3462,10401816365,10401816396,1,"IOTHUB_CLIENT_CONFIRMATION_OK"
3463,10401816565,10401816603,1,"IOTHUB_CLIENT_CONFIRMATION_OK"
3464,10401816765,10401816796,1,"IOTHUB_CLIENT_CONFIRMATION_OK"
3465,10401816965,10401817006,1,"IOTHUB_CLIENT_CONFIRMATION_OK"
3466,10401817165,10401817194,1,"IOTHUB_CLIENT_CONFIRMATION_OK"
3467,10401817366,10401817398,1,"IOTHUB_CLIENT_CONFIRMATION_OK"
3468,10401817566,10401817622,1,"IOTHUB_CLIENT_CONFIRMATION_OK"
3469,10401817766,10401817809,1,"IOTHUB_CLIENT_CONFIRMATION_OK"
3470,10401817966,10401817998,1,"IOTHUB_CLIENT_CONFIRMATION_OK"
3471,10401818166,10401818244,1,"IOTHUB_CLIENT_CONFIRMATION_OK"
3472,10401818366,10401818398,1,"IOTHUB_CLIENT_CONFIRMATION_OK"
3473,10401818567,10401818594,1,"IOTHUB_CLIENT_CONFIRMATION_OK"
3474,10401818767,10401818871,1,"IOTHUB_CLIENT_CONFIRMATION_OK"
3475,10401818967,10401819015,1,"IOTHUB_CLIENT_CONFIRMATION_OK"
3476,10401819167,10401819207,1,"IOTHUB_CLIENT_CONFIRMATION_OK"
3477,10401819367,10401819395,1,"IOTHUB_CLIENT_CONFIRMATION_OK"
3478,10401819567,10401819599,1,"IOTHUB_CLIENT_CONFIRMATION_OK"
3479,10401819767,10401819849,1,"IOTHUB_CLIENT_CONFIRMATION_OK"
3480,10401819968,10401820000,1,"IOTHUB_CLIENT_CONFIRMATION_OK"
3481,10401820168,10401820204,1,"IOTHUB_CLIENT_CONFIRMATION_OK"
3482,10401820368,10401820465,1,"IOTHUB_CLIENT_CONFIRMATION_OK"
3483,10401820568,10401820605,1,"IOTHUB_CLIENT_CONFIRMATION_OK"
3484,10401820768,10401820880,1,"IOTHUB_CLIENT_CONFIRMATION_OK"
3485,10401820969,10401821092,1,"IOTHUB_CLIENT_CONFIRMATION_OK"
3486,10401821169,10401821199,1,"IOTHUB_CLIENT_CONFIRMATION_OK"
3487,10401821369,10401821401,1,"IOTHUB_CLIENT_CONFIRMATION_OK"
3488,10401821569,10401821603,1,"IOTHUB_CLIENT_CONFIRMATION_OK"
3489,10401821769,10401821817,1,"IOTHUB_CLIENT_CONFIRMATION_OK"
3490,10401821969,10401821998,1,"IOTHUB_CLIENT_CONFIRMATION_OK"
3491,10401822169,10401822208,1,"IOTHUB_CLIENT_CONFIRMATION_OK"
3492,10401822370,10401822425,1,"IOTHUB_CLIENT_CONFIRMATION_OK"
3493,10401822570,10401822604,1,"IOTHUB_CLIENT_CONFIRMATION_OK"
3494,10401822770,10401822804,1,"IOTHUB_CLIENT_CONFIRMATION_OK"
3495,10401822970,10401823001,1,"IOTHUB_CLIENT_CONFIRMATION_OK"
3496,10401823170,10401823361,1,"IOTHUB_CLIENT_CONFIRMATION_OK"
3497,10401823370,10401823417,1,"IOTHUB_CLIENT_CONFIRMATION_OK"
3498,10401823570,10401823603,1,"IOTHUB_CLIENT_CONFIRMATION_OK"
3499,10401823771,10401823800,1,"IOTHUB_CLIENT_CONFIRMATION_OK"
3500,10401823971,10401824005,1,"IOTHUB_CLIENT_CONFIRMATION_OK"
3501,10401824171,10401824200,1,"IOTHUB_CLIENT_CONFIRMATION_OK"
3502,10401824371,10401824441,1,"IOTHUB_CLIENT_CONFIRMATION_OK"
3503,10401824571,10401824606,1,"IOTHUB_CLIENT_CONFIRMATION_OK"
3504,10401824771,10401824805,1,"IOTHUB_CLIENT_CONFIRMATION_OK"
3505,10401824972,10401825025,1,"IOTHUB_CLIENT_CONFIRMATION_OK"
3506,10401825172,10401825200,1,"IOTHUB_CLIENT_CONFIRMATION_OK"
3507,10401825372,10401825402,1,"IOTHUB_CLIENT_CONFIRMATION_OK"
3508,10401825572,10401825745,1,"IOTHUB_CLIENT_CONFIRMATION_OK"
3509,10401825772,10401825806,1,"IOTHUB_CLIENT_CONFIRMATION_OK"
3510,10401825972,10401826003,1,"IOTHUB_CLIENT_CONFIRMATION_OK"
3511,10401826172,10401826210,1,"IOTHUB_CLIENT_CONFIRMATION_OK"
3512,10401826373,10401826405,1,"IOTHUB_CLIENT_CONFIRMATION_OK"
3513,10401826573,10401826617,1,"IOTHUB_CLIENT_CONFIRMATION_OK"
3514,10401826773,10401826823,1,"IOTHUB_CLIENT_CONFIRMATION_OK"
3515,10401826973,10401827003,1,"IOTHUB_CLIENT_CONFIRMATION_OK"
3516,10401827173,10401827245,1,"IOTHUB_CLIENT_CONFIRMATION_OK"
3517,10401827374,10401827402,1,"IOTHUB_CLIENT_CONFIRMATION_OK"
3518,10401827574,10401827606,1,"IOTHUB_CLIENT_CONFIRMATION_OK"
3519,10401827774,10401827852,1,"IOTHUB_CLIENT_CONFIRMATION_OK"
3520,10401827974,10401828007,1,"IOTHUB_CLIENT_CONFIRMATION_OK"
3521,10401828174,10401828206,1,"IOTHUB_CLIENT_CONFIRMATION_OK"
3522,10401828374,10401828463,1,"IOTHUB_CLIENT_CONFIRMATION_OK"
3523,10401828574,10401828602,1,"IOTHUB_CLIENT_CONFIRMATION_OK"
3524,10401828775,10401828805,1,"IOTHUB_CLIENT_CONFIRMATION_OK"
3525,10401828975,10401829006,1,"IOTHUB_CLIENT_CONFIRMATION_OK"
3526,10401829175,10401829219,1,"IOTHUB_CLIENT_CONFIRMATION_OK"
3527,10401829375,10401829403,1,"IOTHUB_CLIENT_CONFIRMATION_OK"
3528,10401829575,10401829604,1,"IOTHUB_CLIENT_CONFIRMATION_OK"
3529,10401829775,10401829806,1,"IOTHUB_CLIENT_CONFIRMATION_OK"
3530,10401829976,10401830088,1,"IOTHUB_CLIENT_CONFIRMATION_OK"
3531,10401830176,10401830222,1,"IOTHUB_CLIENT_CONFIRMATION_OK"
3532,10401830376,10401830404,1,"IOTHUB_CLIENT_CONFIRMATION_OK"
3533,10401830576,10401830732,1,"IOTHUB_CLIENT_CONFIRMATION_OK"
3534,10401830776,10401830807,1,"IOTHUB_CLIENT_CONFIRMATION_OK"
3535,10401830976,10401831005,1,"IOTHUB_CLIENT_CONFIRMATION_OK"
3536,10401831176,10401831207,1,"IOTHUB_CLIENT_CONFIRMATION_OK"
3537,10401831377,10401831408,1,"IOTHUB_CLIENT_CONFIRMATION_OK"
3538,10401831577,10401831607,1,"IOTHUB_CLIENT_CONFIRMATION_OK"
3539,10401831777,10401831831,1,"IOTHUB_CLIENT_CONFIRMATION_OK"
3540,10401831977,10401832007,1,"IOTHUB_CLIENT_CONFIRMATION_OK"
3541,10401832177,10401832207,1,"IOTHUB_CLIENT_CONFIRMATION_OK"
3542,10401832377,10401832408,1,"IOTHUB_CLIENT_CONFIRMATION_OK"
3543,10401832578,10401832607,1,"IOTHUB_CLIENT_CONFIRMATION_OK"
3544,10401832778,10401832985,1,"IOTHUB_CLIENT_CONFIRMATION_OK"
3545,10401832978,10401833014,1,"IOTHUB_CLIENT_CONFIRMATION_OK"
3546,10401833178,10401833209,1,"IOTHUB_CLIENT_CONFIRMATION_OK"
3547,10401833378,10401833408,1,"IOTHUB_CLIENT_CONFIRMATION_OK"
3548,10401833578,10401833606,1,"IOTHUB_CLIENT_CONFIRMATION_OK"
3549,10401833779,10401833814,1,"IOTHUB_CLIENT_CONFIRMATION_OK"
3550,10401833979,10401834032,1,"IOTHUB_CLIENT_CONFIRMATION_OK"
3551,10401834179,10401834210,1,"IOTHUB_CLIENT_CONFIRMATION_OK"
3552,10401834379,10401834409,1,"IOTHUB_CLIENT_CONFIRMATION_OK"
3553,10401834579,10401834649,1,"IOTHUB_CLIENT_CONFIRMATION_OK"
3554,10401834779,10401834815,1,"IOTHUB_CLIENT_CONFIRMATION_OK"
3555,10401834980,10401835008,1,"IOTHUB_CLIENT_CONFIRMATION_OK"
3556,10401835180,10401835262,1,"IOTHUB_CLIENT_CONFIRMATION_OK"
3557,10401835380,10401835410,1,"IOTHUB_CLIENT_CONFIRMATION_OK"
3558,10401835580,10401835611,1,"IOTHUB_CLIENT_CONFIRMATION_OK"
3559,10401835780,10401835821,1,"IOTHUB_CLIENT_CONFIRMATION_OK"
3560,10401835980,10401836011,1,"IOTHUB_CLIENT_CONFIRMATION_OK"
3561,10401836181,10401836272,1,"IOTHUB_CLIENT_CONFIRMATION_OK"
3562,10401836381,10401836437,1,"IOTHUB_CLIENT_CONFIRMATION_OK"
3563,10401836581,10401836611,1,"IOTHUB_CLIENT_CONFIRMATION_OK"
3564,10401836781,10401836885,1,"IOTHUB_CLIENT_CONFIRMATION_OK"
3565,10401836981,10401837011,1,"IOTHUB_CLIENT_CONFIRMATION_OK"
3566,10401837181,10401837210,1,"IOTHUB_CLIENT_CONFIRMATION_OK"
3567,10401837381,10401837543,1,"IOTHUB_CLIENT_CONFIRMATION_OK"
3568,10401837582,10401837616,1,"IOTHUB_CLIENT_CONFIRMATION_OK"
3569,10401837782,10401837813,1,"IOTHUB_CLIENT_CONFIRMATION_OK"
3570,10401837982,10401838024,1,"IOTHUB_CLIENT_CONFIRMATION_OK"
3571,10401838182,10401838213,1,"IOTHUB_CLIENT_CONFIRMATION_OK"
3572,10401838382,10401838416,1,"IOTHUB_CLIENT_CONFIRMATION_OK"
3573,10401838582,10401838618,1,"IOTHUB_CLIENT_CONFIRMATION_OK"
3574,10401838783,10401838814,1,"IOTHUB_CLIENT_CONFIRMATION_OK"
3575,10401838983,10401839014,1,"IOTHUB_CLIENT_CONFIRMATION_OK"
3576,10401839183,10401839216,1,"IOTHUB_CLIENT_CONFIRMATION_OK"
3577,10401839383,10401839411,1,"IOTHUB_CLIENT_CONFIRMATION_OK"
3578,10401839583,10401839828,1,"IOTHUB_CLIENT_CONFIRMATION_OK"
3579,10401839783,10401839856,1,"IOTHUB_CLIENT_CONFIRMATION_OK"
3580,10401839984,10401840016,1,"IOTHUB_CLIENT_CONFIRMATION_OK"
3581,10401840184,10401840223,1,"IOTHUB_CLIENT_CONFIRMATION_OK"
3582,10401840384,10401840435,1,"IOTHUB_CLIENT_CONFIRMATION_OK"
3583,10401840584,10401840617,1,"IOTHUB_CLIENT_CONFIRMATION_OK"
3584,10401840784,10401840846,1,"IOTHUB_CLIENT_CONFIRMATION_OK"
3585,10401840984,10401841016,1,"IOTHUB_CLIENT_CONFIRMATION_OK"
3586,10401841184,10401841216,1,"IOTHUB_CLIENT_CONFIRMATION_OK"
3587,10401841385,10401841444,1,"IOTHUB_CLIENT_CONFIRMATION_OK"
3588,10401841585,10401841621,1,"IOTHUB_CLIENT_CONFIRMATION_OK"
3589,10401841785,10401841821,1,"IOTHUB_CLIENT_CONFIRMATION_OK"
3590,10401841985,10401842077,1,"IOTHUB_CLIENT_CONFIRMATION_OK"
3591,10401842185,10401842216,1,"IOTHUB_CLIENT_CONFIRMATION_OK"
3592,10401842385,10401842417,1,"IOTHUB_CLIENT_CONFIRMATION_OK"
3593,10401842586,10401842614,1,"IOTHUB_CLIENT_CONFIRMATION_OK"
3594,10401842786,10401842815,1,"IOTHUB_CLIENT_CONFIRMATION_OK"
3595,10401842986,10401843064,1,"IOTHUB_CLIENT_CONFIRMATION_OK"
3596,10401843186,10401843217,1,"IOTHUB_CLIENT_CONFIRMATION_OK"
3597,10401843386,10401843416,1,"IOTHUB_CLIENT_CONFIRMATION_OK"
3598,10401843586,10401843681,1,"IOTHUB_CLIENT_CONFIRMATION_OK"
3599,10401843786,10401843822,1,"IOTHUB_CLIENT_CONFIRMATION_OK"
3600,10401843987,10401844027,1,"IOTHUB_CLIENT_CONFIRMATION_OK"
3601,10401844187,10401844296,1,"IOTHUB_CLIENT_CONFIRMATION_OK"
3602,10401844387,10401844428,1,"IOTHUB_CLIENT_CONFIRMATION_OK"
3603,10401844587,10401844620,1,"IOTHUB_CLIENT_CONFIRMATION_OK"
3604,10401844787,10401844820,1,"IOTHUB_CLIENT_CONFIRMATION_OK"
3605,10401844987,10401845018,1,"IOTHUB_CLIENT_CONFIRMATION_OK"
3606,10401845188,10401845218,1,"IOTHUB_CLIENT_CONFIRMATION_OK"
3607,10401845388,10401845417,1,"IOTHUB_CLIENT_CONFIRMATION_OK"
3608,10401845588,10401845625,1,"IOTHUB_CLIENT_CONFIRMATION_OK"
3609,10401845788,10401845824,1,"IOTHUB_CLIENT_CONFIRMATION_OK"
3610,10401845988,10401846022,1,"IOTHUB_CLIENT_CONFIRMATION_OK"
3611,10401846188,10401846222,1,"IOTHUB_CLIENT_CONFIRMATION_OK"
3612,10401846389,10401846584,1,"IOTHUB_CLIENT_CONFIRMATION_OK"
3613,10401846589,10401846649,1,"IOTHUB_CLIENT_CONFIRMATION_OK"
3614,10401846789,10401846817,1,"IOTHUB_CLIENT_CONFIRMATION_OK"
3615,10401846989,10401847019,1,"IOTHUB_CLIENT_CONFIRMATION_OK"
3616,10401847189,10401847228,1,"IOTHUB_CLIENT_CONFIRMATION_OK"
3617,10401847389,10401847420,1,"IOTHUB_CLIENT_CONFIRMATION_OK"
3618,10401847590,10401847625,1,"IOTHUB_CLIENT_CONFIRMATION_OK"
3619,10401847790,10401847821,1,"IOTHUB_CLIENT_CONFIRMATION_OK"
3620,10401847990,10401848026,1,"IOTHUB_CLIENT_CONFIRMATION_OK"
3621,10401848190,10401848223,1,"IOTHUB_CLIENT_CONFIRMATION_OK"
3622,10401848390,10401848420,1,"IOTHUB_CLIENT_CONFIRMATION_OK"
3623,10401848590,10401848619,1,"IOTHUB_CLIENT_CONFIRMATION_OK"
3624,10401848791,10401848882,1,"IOTHUB_CLIENT_CONFIRMATION_OK"
3625,10401848991,10401849019,1,"IOTHUB_CLIENT_CONFIRMATION_OK"
3626,10401849191,10401849222,1,"IOTHUB_CLIENT_CONFIRMATION_OK"
3627,10401849391,10401849444,1,"IOTHUB_CLIENT_CONFIRMATION_OK"
3628,10401849591,10401849620,1,"IOTHUB_CLIENT_CONFIRMATION_OK"
3629,10401849791,10401849829,1,"IOTHUB_CLIENT_CONFIRMATION_OK"
3630,10401849992,10401850019,1,"IOTHUB_CLIENT_CONFIRMATION_OK"
3631,10401850192,10401850227,1,"IOTHUB_CLIENT_CONFIRMATION_OK"
3632,10401850392,10401850449,1,"IOTHUB_CLIENT_CONFIRMATION_OK"
3633,10401850592,10401850621,1,"IOTHUB_CLIENT_CONFIRMATION_OK"
3634,10401850792,10401850825,1,"IOTHUB_CLIENT_CONFIRMATION_OK"
3635,10401850992,10401851103,1,"IOTHUB_CLIENT_CONFIRMATION_OK"
3636,10401851192,10401851225,1,"IOTHUB_CLIENT_CONFIRMATION_OK"
3637,10401851393,10401851442,1,"IOTHUB_CLIENT_CONFIRMATION_OK"
3638,10401851593,10401851725,1,"IOTHUB_CLIENT_CONFIRMATION_OK"
3639,10401851793,10401851836,1,"IOTHUB_CLIENT_CONFIRMATION_OK"
3640,10401851993,10401852025,1,"IOTHUB_CLIENT_CONFIRMATION_OK"
3641,10401852193,10401852232,1,"IOTHUB_CLIENT_CONFIRMATION_OK"
3642,10401852393,10401852422,1,"IOTHUB_CLIENT_CONFIRMATION_OK"
3643,10401852593,10401852625,1,"IOTHUB_CLIENT_CONFIRMATION_OK"
3644,10401852794,10401852823,1,"IOTHUB_CLIENT_CONFIRMATION_OK"
3645,10401852994,10401853022,1,"IOTHUB_CLIENT_CONFIRMATION_OK"
3646,10401853194,10401853335,1,"IOTHUB_CLIENT_CONFIRMATION_OK"
3647,10401853394,10401853445,1,"IOTHUB_CLIENT_CONFIRMATION_OK"
3648,10401853594,10401853631,1,"IOTHUB_CLIENT_CONFIRMATION_OK"
3649,10401853794,10401853944,1,"IOTHUB_CLIENT_CONFIRMATION_OK"
3650,10401853995,10401854026,1,"IOTHUB_CLIENT_CONFIRMATION_OK"
3651,10401854195,10401854224,1,"IOTHUB_CLIENT_CONFIRMATION_OK"
3652,10401854395,10401854426,1,"IOTHUB_CLIENT_CONFIRMATION_OK"
3653,10401854595,10401854639,1,"IOTHUB_CLIENT_CONFIRMATION_OK"
3654,10401854795,10401854824,1,"IOTHUB_CLIENT_CONFIRMATION_OK"
3655,10401854995,10401855029,1,"IOTHUB_CLIENT_CONFIRMATION_OK"
3656,10401855196,10401855225,1,"IOTHUB_CLIENT_CONFIRMATION_OK"
3657,10401855396,10401855425,1,"IOTHUB_CLIENT_CONFIRMATION_OK"
3658,10401855596,10401855627,1,"IOTHUB_CLIENT_CONFIRMATION_OK"
3659,10401855796,10401855826,1,"IOTHUB_CLIENT_CONFIRMATION_OK"
3660,10401855996,10401856034,1,"IOTHUB_CLIENT_CONFIRMATION_OK"
3661,10401856196,10401856232,1,"IOTHUB_CLIENT_CONFIRMATION_OK"
3662,10401856397,10401856427,1,"IOTHUB_CLIENT_CONFIRMATION_OK"
3663,10401856597,10401856635,1,"IOTHUB_CLIENT_CONFIRMATION_OK"
3664,10401856797,10401856829,1,"IOTHUB_CLIENT_CONFIRMATION_OK"
3665,10401856997,10401857029,1,"IOTHUB_CLIENT_CONFIRMATION_OK"
3666,10401857197,10401857236,1,"IOTHUB_CLIENT_CONFIRMATION_OK"
3667,10401857397,10401857428,1,"IOTHUB_CLIENT_CONFIRMATION_OK"
3668,10401857597,10401857628,1,"IOTHUB_CLIENT_CONFIRMATION_OK"
3669,10401857798,10401857842,1,"IOTHUB_CLIENT_CONFIRMATION_OK"
3670,10401857998,10401858026,1,"IOTHUB_CLIENT_CONFIRMATION_OK"
3671,10401858198,10401858235,1,"IOTHUB_CLIENT_CONFIRMATION_OK"
3672,10401858398,10401858481,1,"IOTHUB_CLIENT_CONFIRMATION_OK"
3673,10401858598,10401858627,1,"IOTHUB_CLIENT_CONFIRMATION_OK"
3674,10401858798,10401858838,1,"IOTHUB_CLIENT_CONFIRMATION_OK"
3675,10401858999,10401859030,1,"IOTHUB_CLIENT_CONFIRMATION_OK"
3676,10401859199,10401859230,1,"IOTHUB_CLIENT_CONFIRMATION_OK"
3677,10401859399,10401859514,1,"IOTHUB_CLIENT_CONFIRMATION_OK"
3678,10401859599,10401859630,1,"IOTHUB_CLIENT_CONFIRMATION_OK"
3679,10401859799,10401859828,1,"IOTHUB_CLIENT_CONFIRMATION_OK"
3680,10401859999,10401860105,1,"IOTHUB_CLIENT_CONFIRMATION_OK"
3681,10401860199,10401860228,1,"IOTHUB_CLIENT_CONFIRMATION_OK"
3682,10401860400,10401860431,1,"IOTHUB_CLIENT_CONFIRMATION_OK"
3683,10401860600,10401860733,1,"IOTHUB_CLIENT_CONFIRMATION_OK"
3684,10401860800,10401860828,1,"IOTHUB_CLIENT_CONFIRMATION_OK"
3685,10401861000,10401861032,1,"IOTHUB_CLIENT_CONFIRMATION_OK"
3686,10401861200,10401861231,1,"IOTHUB_CLIENT_CONFIRMATION_OK"
3687,10401861400,10401861433,1,"IOTHUB_CLIENT_CONFIRMATION_OK"
3688,10401861600,10401861630,1,"IOTHUB_CLIENT_CONFIRMATION_OK"
3689,10401861801,10401861829,1,"IOTHUB_CLIENT_CONFIRMATION_OK"
3690,10401862001,10401862037,1,"IOTHUB_CLIENT_CONFIRMATION_OK"
3691,10401862201,10401862237,1,"IOTHUB_CLIENT_CONFIRMATION_OK"
3692,10401862401,10401862495,1,"IOTHUB_CLIENT_CONFIRMATION_OK"
3693,10401862601,10401862647,1,"IOTHUB_CLIENT_CONFIRMATION_OK"
3694,10401862801,10401862941,1,"IOTHUB_CLIENT_CONFIRMATION_OK"
3695,10401863002,10401863032,1,"IOTHUB_CLIENT_CONFIRMATION_OK"
3696,10401863202,10401863232,1,"IOTHUB_CLIENT_CONFIRMATION_OK"
3697,10401863402,10401863567,1,"IOTHUB_CLIENT_CONFIRMATION_OK"
3698,10401863602,10401863632,1,"IOTHUB_CLIENT_CONFIRMATION_OK"
3699,10401863802,10401863831,1,"IOTHUB_CLIENT_CONFIRMATION_OK"
3700,10401864002,10401864034,1,"IOTHUB_CLIENT_CONFIRMATION_OK"
3701,10401864203,10401864234,1,"IOTHUB_CLIENT_CONFIRMATION_OK"
3702,10401864403,10401864463,1,"IOTHUB_CLIENT_CONFIRMATION_OK"
3703,10401864603,10401864638,1,"IOTHUB_CLIENT_CONFIRMATION_OK"
3704,10401864803,10401864832,1,"IOTHUB_CLIENT_CONFIRMATION_OK"
3705,10401865003,10401865036,1,"IOTHUB_CLIENT_CONFIRMATION_OK"
3706,10401865203,10401865239,1,"IOTHUB_CLIENT_CONFIRMATION_OK"
3707,10401865403,10401865433,1,"IOTHUB_CLIENT_CONFIRMATION_OK"
3708,10401865604,10401865633,1,"IOTHUB_CLIENT_CONFIRMATION_OK"
3709,10401865804,10401865845,1,"IOTHUB_CLIENT_CONFIRMATION_OK"
3710,10401866004,10401866036,1,"IOTHUB_CLIENT_CONFIRMATION_OK"
3711,10401866204,10401866406,1,"IOTHUB_CLIENT_CONFIRMATION_OK"
3712,10401866404,10401866432,1,"IOTHUB_CLIENT_CONFIRMATION_OK"
3713,10401866604,10401866644,1,"IOTHUB_CLIENT_CONFIRMATION_OK"
3714,10401866805,10401866836,1,"IOTHUB_CLIENT_CONFIRMATION_OK"
3715,10401867005,10401867063,1,"IOTHUB_CLIENT_CONFIRMATION_OK"
3716,10401867205,10401867234,1,"IOTHUB_CLIENT_CONFIRMATION_OK"
3717,10401867405,10401867447,1,"IOTHUB_CLIENT_CONFIRMATION_OK"
3718,10401867605,10401867637,1,"IOTHUB_CLIENT_CONFIRMATION_OK"
3719,10401867805,10401867911,1,"IOTHUB_CLIENT_CONFIRMATION_OK"
3720,10401868006,10401868047,1,"IOTHUB_CLIENT_CONFIRMATION_OK"
3721,10401868206,10401868248,1,"IOTHUB_CLIENT_CONFIRMATION_OK"
3722,10401868406,10401868438,1,"IOTHUB_CLIENT_CONFIRMATION_OK"
3723,10401868606,10401868648,1,"IOTHUB_CLIENT_CONFIRMATION_OK"
3724,10401868806,10401868837,1,"IOTHUB_CLIENT_CONFIRMATION_OK"
3725,10401869006,10401869037,1,"IOTHUB_CLIENT_CONFIRMATION_OK"
3726,10401869206,10401869235,1,"IOTHUB_CLIENT_CONFIRMATION_OK"
3727,10401869407,10401869436,1,"IOTHUB_CLIENT_CONFIRMATION_OK"
3728,10401869607,10401869672,1,"IOTHUB_CLIENT_CONFIRMATION_OK"
3729,10401869807,10401869838,1,"IOTHUB_CLIENT_CONFIRMATION_OK"
3730,10401870007,10401870047,1,"IOTHUB_CLIENT_CONFIRMATION_OK"
3731,10401870207,10401870266,1,"IOTHUB_CLIENT_CONFIRMATION_OK"
3732,10401870407,10401870438,1,"IOTHUB_CLIENT_CONFIRMATION_OK"
3733,10401870608,10401870637,1,"IOTHUB_CLIENT_CONFIRMATION_OK"
3734,10401870808,10401870873,1,"IOTHUB_CLIENT_CONFIRMATION_OK"
3735,10401871008,10401871065,1,"IOTHUB_CLIENT_CONFIRMATION_OK"
3736,10401871208,10401871238,1,"IOTHUB_CLIENT_CONFIRMATION_OK"
3737,10401871408,10401871493,1,"IOTHUB_CLIENT_CONFIRMATION_OK"
3738,10401871608,10401871657,1,"IOTHUB_CLIENT_CONFIRMATION_OK"
3739,10401871808,10401871841,1,"IOTHUB_CLIENT_CONFIRMATION_OK"
3740,10401872009,10401872037,1,"IOTHUB_CLIENT_CONFIRMATION_OK"
3741,10401872209,10401872242,1,"IOTHUB_CLIENT_CONFIRMATION_OK"
3742,10401872409,10401872491,1,"IOTHUB_CLIENT_CONFIRMATION_OK"
3743,10401872609,10401872639,1,"IOTHUB_CLIENT_CONFIRMATION_OK"
3744,10401872809,10401872843,1,"IOTHUB_CLIENT_CONFIRMATION_OK"
3745,10401873009,10401873110,1,"IOTHUB_CLIENT_CONFIRMATION_OK"
3746,10401873210,10401873237,1,"IOTHUB_CLIENT_CONFIRMATION_OK"
3747,10401873410,10401873442,1,"IOTHUB_CLIENT_CONFIRMATION_OK"
3748,10401873610,10401873722,1,"IOTHUB_CLIENT_CONFIRMATION_OK"
3749,10401873810,10401873841,1,"IOTHUB_CLIENT_CONFIRMATION_OK"
3750,10401874010,10401874042,1,"IOTHUB_CLIENT_CONFIRMATION_OK"
3751,10401874210,10401874241,1,"IOTHUB_CLIENT_CONFIRMATION_OK"
3752,10401874411,10401874482,1,"IOTHUB_CLIENT_CONFIRMATION_OK"
3753,10401874611,10401874645,1,"IOTHUB_CLIENT_CONFIRMATION_OK"
3754,10401874811,10401874841,1,"IOTHUB_CLIENT_CONFIRMATION_OK"
3755,10401875011,10401875040,1,"IOTHUB_CLIENT_CONFIRMATION_OK"
3756,10401875211,10401875243,1,"IOTHUB_CLIENT_CONFIRMATION_OK"
3757,10401875411,10401875444,1,"IOTHUB_CLIENT_CONFIRMATION_OK"
3758,10401875611,10401875643,1,"IOTHUB_CLIENT_CONFIRMATION_OK"
3759,10401875812,10401875955,1,"IOTHUB_CLIENT_CONFIRMATION_OK"
3760,10401876012,10401876039,1,"IOTHUB_CLIENT_CONFIRMATION_OK"
3761,10401876212,10401876242,1,"IOTHUB_CLIENT_CONFIRMATION_OK"
3762,10401876412,10401876564,1,"IOTHUB_CLIENT_CONFIRMATION_OK"
3763,10401876612,10401876644,1,"IOTHUB_CLIENT_CONFIRMATION_OK"
3764,10401876812,10401876853,1,"IOTHUB_CLIENT_CONFIRMATION_OK"
3765,10401877013,10401877041,1,"IOTHUB_CLIENT_CONFIRMATION_OK"
3766,10401877213,10401877248,1,"IOTHUB_CLIENT_CONFIRMATION_OK"
3767,10401877413,10401877448,1,"IOTHUB_CLIENT_CONFIRMATION_OK"
3768,10401877613,10401877642,1,"IOTHUB_CLIENT_CONFIRMATION_OK"
3769,10401877813,10401877844,1,"IOTHUB_CLIENT_CONFIRMATION_OK"
3770,10401878013,10401878044,1,"IOTHUB_CLIENT_CONFIRMATION_OK"
3771,10401878213,10401878275,1,"IOTHUB_CLIENT_CONFIRMATION_OK"
3772,10401878414,10401878446,1,"IOTHUB_CLIENT_CONFIRMATION_OK"
3773,10401878614,10401878649,1,"IOTHUB_CLIENT_CONFIRMATION_OK"
3774,10401878814,10401878843,1,"IOTHUB_CLIENT_CONFIRMATION_OK"
3775,10401879014,10401879047,1,"IOTHUB_CLIENT_CONFIRMATION_OK"
3776,10401879214,10401879412,1,"IOTHUB_CLIENT_CONFIRMATION_OK"
3777,10401879414,10401879444,1,"IOTHUB_CLIENT_CONFIRMATION_OK"
3778,10401879614,10401879644,1,"IOTHUB_CLIENT_CONFIRMATION_OK"
3779,10401879815,10401879856,1,"IOTHUB_CLIENT_CONFIRMATION_OK"
3780,10401880015,10401880680,1,"IOTHUB_CLIENT_CONFIRMATION_OK"
3781,10401880215,10401880772,1,"IOTHUB_CLIENT_CONFIRMATION_OK"
3782,10401880415,10401880829,1,"IOTHUB_CLIENT_CONFIRMATION_OK"
3783,10401880615,10401880886,1,"IOTHUB_CLIENT_CONFIRMATION_OK"
3784,10401880815,10401880947,1,"IOTHUB_CLIENT_CONFIRMATION_OK"
3785,10401881016,10401881059,1,"IOTHUB_CLIENT_CONFIRMATION_OK"
3786,10401881216,10401881247,1,"IOTHUB_CLIENT_CONFIRMATION_OK"
3787,10401881416,10401881445,1,"IOTHUB_CLIENT_CONFIRMATION_OK"
3788,10401881616,10401881654,1,"IOTHUB_CLIENT_CONFIRMATION_OK"
3789,10401881816,10401881846,1,"IOTHUB_CLIENT_CONFIRMATION_OK"
3790,10401882016,10401882056,1,"IOTHUB_CLIENT_CONFIRMATION_OK"
3791,10401882217,10401882259,1,"IOTHUB_CLIENT_CONFIRMATION_OK"
3792,10401882417,10401882447,1,"IOTHUB_CLIENT_CONFIRMATION_OK"
3793,10401882617,10401882658,1,"IOTHUB_CLIENT_CONFIRMATION_OK"
3794,10401882817,10401882848,1,"IOTHUB_CLIENT_CONFIRMATION_OK"
3795,10401883017,10401883046,1,"IOTHUB_CLIENT_CONFIRMATION_OK"
3796,10401883217,10401883279,1,"IOTHUB_CLIENT_CONFIRMATION_OK"
3797,10401883417,10401883447,1,"IOTHUB_CLIENT_CONFIRMATION_OK"
3798,10401883618,10401883651,1,"IOTHUB_CLIENT_CONFIRMATION_OK"
3799,10401883818,10401883879,1,"IOTHUB_CLIENT_CONFIRMATION_OK"
3800,10401884018,10401884050,1,"IOTHUB_CLIENT_CONFIRMATION_OK"
3801,10401884218,10401884248,1,"IOTHUB_CLIENT_CONFIRMATION_OK"
3802,10401884418,10401884492,1,"IOTHUB_CLIENT_CONFIRMATION_OK"
3803,10401884618,10401884649,1,"IOTHUB_CLIENT_CONFIRMATION_OK"
3804,10401884819,10401884849,1,"IOTHUB_CLIENT_CONFIRMATION_OK"
3805,10401885019,10401885046,1,"IOTHUB_CLIENT_CONFIRMATION_OK"
3806,10401885219,10401885252,1,"IOTHUB_CLIENT_CONFIRMATION_OK"
3807,10401885419,10401885507,1,"IOTHUB_CLIENT_CONFIRMATION_OK"
3808,10401885619,10401885651,1,"IOTHUB_CLIENT_CONFIRMATION_OK"
3809,10401885819,10401885850,1,"IOTHUB_CLIENT_CONFIRMATION_OK"
3810,10401886020,10401886107,1,"IOTHUB_CLIENT_CONFIRMATION_OK"
3811,10401886220,10401886247,1,"IOTHUB_CLIENT_CONFIRMATION_OK"
3812,10401886420,10401886454,1,"IOTHUB_CLIENT_CONFIRMATION_OK"
3813,10401886620,10401886727,1,"IOTHUB_CLIENT_CONFIRMATION_OK"
3814,10401886820,10401886857,1,"IOTHUB_CLIENT_CONFIRMATION_OK"
3815,10401887020,10401887156,1,"IOTHUB_CLIENT_CONFIRMATION_OK"
3816,10401887220,10401887364,1,"IOTHUB_CLIENT_CONFIRMATION_OK"
3817,10401887421,10401887451,1,"IOTHUB_CLIENT_CONFIRMATION_OK"
3818,10401887621,10401887662,1,"IOTHUB_CLIENT_CONFIRMATION_OK"
3819,10401887821,10401887850,1,"IOTHUB_CLIENT_CONFIRMATION_OK"
3820,10401888021,10401888052,1,"IOTHUB_CLIENT_CONFIRMATION_OK"
3821,10401888221,10401888253,1,"IOTHUB_CLIENT_CONFIRMATION_OK"
3822,10401888421,10401888454,1,"IOTHUB_CLIENT_CONFIRMATION_OK"
3823,10401888622,10401888649,1,"IOTHUB_CLIENT_CONFIRMATION_OK"
3824,10401888822,10401888975,1,"IOTHUB_CLIENT_CONFIRMATION_OK"
3825,10401889022,10401889051,1,"IOTHUB_CLIENT_CONFIRMATION_OK"
3826,10401889222,10401889258,1,"IOTHUB_CLIENT_CONFIRMATION_OK"
3827,10401889422,10401889583,1,"IOTHUB_CLIENT_CONFIRMATION_OK"
3828,10401889622,10401889657,1,"IOTHUB_CLIENT_CONFIRMATION_OK"
3829,10401889823,10401889855,1,"IOTHUB_CLIENT_CONFIRMATION_OK"
3830,10401890023,10401890058,1,"IOTHUB_CLIENT_CONFIRMATION_OK"
3831,10401890223,10401890251,1,"IOTHUB_CLIENT_CONFIRMATION_OK"
3832,10401890423,10401890454,1,"IOTHUB_CLIENT_CONFIRMATION_OK"
3833,10401890623,10401890651,1,"IOTHUB_CLIENT_CONFIRMATION_OK"
3834,10401890823,10401890854,1,"IOTHUB_CLIENT_CONFIRMATION_OK"
3835,10401891023,10401891052,1,"IOTHUB_CLIENT_CONFIRMATION_OK"
3836,10401891224,10401891259,1,"IOTHUB_CLIENT_CONFIRMATION_OK"
3837,10401891424,10401891452,1,"IOTHUB_CLIENT_CONFIRMATION_OK"
3838,10401891624,10401891664,1,"IOTHUB_CLIENT_CONFIRMATION_OK"
3839,10401891824,10401891855,1,"IOTHUB_CLIENT_CONFIRMATION_OK"
3840,10401892024,10401892053,1,"IOTHUB_CLIENT_CONFIRMATION_OK"
3841,10401892224,10401892422,1,"IOTHUB_CLIENT_CONFIRMATION_OK"
3842,10401892425,10401892463,1,"IOTHUB_CLIENT_CONFIRMATION_OK"
3843,10401892625,10401892658,1,"IOTHUB_CLIENT_CONFIRMATION_OK"
3844,10401892825,10401892928,1,"IOTHUB_CLIENT_CONFIRMATION_OK"
3845,10401893025,10401893081,1,"IOTHUB_CLIENT_CONFIRMATION_OK"
3846,10401893225,10401893258,1,"IOTHUB_CLIENT_CONFIRMATION_OK"
3847,10401893425,10401893524,1,"IOTHUB_CLIENT_CONFIRMATION_OK"
3848,10401893626,10401893657,1,"IOTHUB_CLIENT_CONFIRMATION_OK"
3849,10401893826,10401893864,1,"IOTHUB_CLIENT_CONFIRMATION_OK"
3850,10401894026,10401894060,1,"IOTHUB_CLIENT_CONFIRMATION_OK"
3851,10401894226,10401894269,1,"IOTHUB_CLIENT_CONFIRMATION_OK"
3852,10401894426,10401894466,1,"IOTHUB_CLIENT_CONFIRMATION_OK"
3853,10401894626,10401894659,1,"IOTHUB_CLIENT_CONFIRMATION_OK"
3854,10401894827,10401894858,1,"IOTHUB_CLIENT_CONFIRMATION_OK"
3855,10401895027,10401895136,1,"IOTHUB_CLIENT_CONFIRMATION_OK"
3856,10401895227,10401895256,1,"IOTHUB_CLIENT_CONFIRMATION_OK"
3857,10401895427,10401895460,1,"IOTHUB_CLIENT_CONFIRMATION_OK"
3858,10401895627,10401895752,1,"IOTHUB_CLIENT_CONFIRMATION_OK"
3859,10401895827,10401895861,1,"IOTHUB_CLIENT_CONFIRMATION_OK"
3860,10401896028,10401896061,1,"IOTHUB_CLIENT_CONFIRMATION_OK"
3861,10401896228,10401896360,1,"IOTHUB_CLIENT_CONFIRMATION_OK"
3862,10401896428,10401896477,1,"IOTHUB_CLIENT_CONFIRMATION_OK"
3863,10401896628,10401896690,1,"IOTHUB_CLIENT_CONFIRMATION_OK"
3864,10401896828,10401896863,1,"IOTHUB_CLIENT_CONFIRMATION_OK"
3865,10401897028,10401897057,1,"IOTHUB_CLIENT_CONFIRMATION_OK"
3866,10401897229,10401897257,1,"IOTHUB_CLIENT_CONFIRMATION_OK"
3867,10401897429,10401897459,1,"IOTHUB_CLIENT_CONFIRMATION_OK"
3868,10401897629,10401897660,1,"IOTHUB_CLIENT_CONFIRMATION_OK"
3869,10401897829,10401897861,1,"IOTHUB_CLIENT_CONFIRMATION_OK"
3870,10401898029,10401898058,1,"IOTHUB_CLIENT_CONFIRMATION_OK"
3871,10401898229,10401898263,1,"IOTHUB_CLIENT_CONFIRMATION_OK"
3872,10401898430,10401898590,1,"IOTHUB_CLIENT_CONFIRMATION_OK"
3873,10401898630,10401898658,1,"IOTHUB_CLIENT_CONFIRMATION_OK"
3874,10401898830,10401898865,1,"IOTHUB_CLIENT_CONFIRMATION_OK"
3875,10401899030,10401899221,1,"IOTHUB_CLIENT_CONFIRMATION_OK"
3876,10401899230,10401899259,1,"IOTHUB_CLIENT_CONFIRMATION_OK"
3877,10401899430,10401899472,1,"IOTHUB_CLIENT_CONFIRMATION_OK"
3878,10401899630,10401899663,1,"IOTHUB_CLIENT_CONFIRMATION_OK"
3879,10401899831,10401899881,1,"IOTHUB_CLIENT_CONFIRMATION_OK"
3880,10401900031,10401900061,1,"IOTHUB_CLIENT_CONFIRMATION_OK"
3881,10401900231,10401900259,1,"IOTHUB_CLIENT_CONFIRMATION_OK"
3882,10401900431,10401900463,1,"IOTHUB_CLIENT_CONFIRMATION_OK"
3883,10401900631,10401900659,1,"IOTHUB_CLIENT_CONFIRMATION_OK"
3884,10401900831,10401900875,1,"IOTHUB_CLIENT_CONFIRMATION_OK"
3885,10401901032,10401901075,1,"IOTHUB_CLIENT_CONFIRMATION_OK"
3886,10401901232,10401901269,1,"IOTHUB_CLIENT_CONFIRMATION_OK"
3887,10401901432,10401901464,1,"IOTHUB_CLIENT_CONFIRMATION_OK"
3888,10401901632,10401901662,1,"IOTHUB_CLIENT_CONFIRMATION_OK"
3889,10401901832,10401901865,1,"IOTHUB_CLIENT_CONFIRMATION_OK"
3890,10401902032,10401902063,1,"IOTHUB_CLIENT_CONFIRMATION_OK"
3891,10401902233,10401902274,1,"IOTHUB_CLIENT_CONFIRMATION_OK"
3892,10401902433,10401902490,1,"IOTHUB_CLIENT_CONFIRMATION_OK"
3893,10401902633,10401902665,1,"IOTHUB_CLIENT_CONFIRMATION_OK"
3894,10401902833,10401902868,1,"IOTHUB_CLIENT_CONFIRMATION_OK"
3895,10401903033,10401903071,1,"IOTHUB_CLIENT_CONFIRMATION_OK"
3896,10401903233,10401903275,1,"IOTHUB_CLIENT_CONFIRMATION_OK"
3897,10401903434,10401903462,1,"IOTHUB_CLIENT_CONFIRMATION_OK"
3898,10401903634,10401903680,1,"IOTHUB_CLIENT_CONFIRMATION_OK"
3899,10401903834,10401903872,1,"IOTHUB_CLIENT_CONFIRMATION_OK"
3900,10401904034,10401904064,1,"IOTHUB_CLIENT_CONFIRMATION_OK"
3901,10401904234,10401904297,1,"IOTHUB_CLIENT_CONFIRMATION_OK"
3902,10401904434,10401904462,1,"IOTHUB_CLIENT_CONFIRMATION_OK"
3903,10401904635,10401904666,1,"IOTHUB_CLIENT_CONFIRMATION_OK"
3904,10401904835,10401904891,1,"IOTHUB_CLIENT_CONFIRMATION_OK"
3905,10401905035,10401905075,1,"IOTHUB_CLIENT_CONFIRMATION_OK"
3906,10401905235,10401905304,1,"IOTHUB_CLIENT_CONFIRMATION_OK"
3907,10401905435,10401905475,1,"IOTHUB_CLIENT_CONFIRMATION_OK"
3908,10401905635,10401905667,1,"IOTHUB_CLIENT_CONFIRMATION_OK"
3909,10401905836,10401905911,1,"IOTHUB_CLIENT_CONFIRMATION_OK"
3910,10401906036,10401906068,1,"IOTHUB_CLIENT_CONFIRMATION_OK"
3911,10401906236,10401906270,1,"IOTHUB_CLIENT_CONFIRMATION_OK"
3912,10401906436,10401906522,1,"IOTHUB_CLIENT_CONFIRMATION_OK"
3913,10401906636,10401906666,1,"IOTHUB_CLIENT_CONFIRMATION_OK"
3914,10401906836,10401906865,1,"IOTHUB_CLIENT_CONFIRMATION_OK"
3915,10401907037,10401907164,1,"IOTHUB_CLIENT_CONFIRMATION_OK"
3916,10401907237,10401907276,1,"IOTHUB_CLIENT_CONFIRMATION_OK"
3917,10401907437,10401907483,1,"IOTHUB_CLIENT_CONFIRMATION_OK"
3918,10401907637,10401907668,1,"IOTHUB_CLIENT_CONFIRMATION_OK"
3919,10401907837,10401907879,1,"IOTHUB_CLIENT_CONFIRMATION_OK"
3920,10401908037,10401908134,1,"IOTHUB_CLIENT_CONFIRMATION_OK"
3921,10401908238,10401908275,1,"IOTHUB_CLIENT_CONFIRMATION_OK"
3922,10401908438,10401908475,1,"IOTHUB_CLIENT_CONFIRMATION_OK"
3923,10401908638,10401908758,1,"IOTHUB_CLIENT_CONFIRMATION_OK"
3924,10401908838,10401908888,1,"IOTHUB_CLIENT_CONFIRMATION_OK"
3925,10401909038,10401909069,1,"IOTHUB_CLIENT_CONFIRMATION_OK"
3926,10401909238,10401909383,1,"IOTHUB_CLIENT_CONFIRMATION_OK"
3927,10401909439,10401909471,1,"IOTHUB_CLIENT_CONFIRMATION_OK"
3928,10401909639,10401909691,1,"IOTHUB_CLIENT_CONFIRMATION_OK"
3929,10401909839,10401909869,1,"IOTHUB_CLIENT_CONFIRMATION_OK"
3930,10401910039,10401910070,1,"IOTHUB_CLIENT_CONFIRMATION_OK"
3931,10401910239,10401910280,1,"IOTHUB_CLIENT_CONFIRMATION_OK"
3932,10401910439,10401910470,1,"IOTHUB_CLIENT_CONFIRMATION_OK"
3933,10401910639,10401910672,1,"IOTHUB_CLIENT_CONFIRMATION_OK"
3934,10401910840,10401910888,1,"IOTHUB_CLIENT_CONFIRMATION_OK"
3935,10401911040,10401911074,1,"IOTHUB_CLIENT_CONFIRMATION_OK"
3936,10401911240,10401911270,1,"IOTHUB_CLIENT_CONFIRMATION_OK"
3937,10401911440,10401911680,1,"IOTHUB_CLIENT_CONFIRMATION_OK"
3938,10401911640,10401911696,1,"IOTHUB_CLIENT_CONFIRMATION_OK"
3939,10401911840,10401911883,1,"IOTHUB_CLIENT_CONFIRMATION_OK"
3940,10401912041,10401912230,1,"IOTHUB_CLIENT_CONFIRMATION_OK"
3941,10401912241,10401912271,1,"IOTHUB_CLIENT_CONFIRMATION_OK"
3942,10401912441,10401912471,1,"IOTHUB_CLIENT_CONFIRMATION_OK"
3943,10401912641,10401912670,1,"IOTHUB_CLIENT_CONFIRMATION_OK"
3944,10401912841,10401912871,1,"IOTHUB_CLIENT_CONFIRMATION_OK"
3945,10401913041,10401913079,1,"IOTHUB_CLIENT_CONFIRMATION_OK"
3946,10401913242,10401913270,1,"IOTHUB_CLIENT_CONFIRMATION_OK"
3947,10401913442,10401913478,1,"IOTHUB_CLIENT_CONFIRMATION_OK"
3948,10401913642,10401913684,1,"IOTHUB_CLIENT_CONFIRMATION_OK"
3949,10401913842,10401913894,1,"IOTHUB_CLIENT_CONFIRMATION_OK"
3950,10401914042,10401914072,1,"IOTHUB_CLIENT_CONFIRMATION_OK"
3951,10401914242,10401914285,1,"IOTHUB_CLIENT_CONFIRMATION_OK"
3952,10401914442,10401914471,1,"IOTHUB_CLIENT_CONFIRMATION_OK"
3953,10401914643,10401914677,1,"IOTHUB_CLIENT_CONFIRMATION_OK"
3954,10401914843,10401914886,1,"IOTHUB_CLIENT_CONFIRMATION_OK"
3955,10401915043,10401915080,1,"IOTHUB_CLIENT_CONFIRMATION_OK"
3956,10401915243,10401915270,1,"IOTHUB_CLIENT_CONFIRMATION_OK"
3957,10401915443,10401915489,1,"IOTHUB_CLIENT_CONFIRMATION_OK"
3958,10401915643,10401915679,1,"IOTHUB_CLIENT_CONFIRMATION_OK"
3959,10401915844,10401915882,1,"IOTHUB_CLIENT_CONFIRMATION_OK"
3960,10401916044,10401916077,1,"IOTHUB_CLIENT_CONFIRMATION_OK"
3961,10401916244,10401916274,1,"IOTHUB_CLIENT_CONFIRMATION_OK"
3962,10401916444,10401916473,1,"IOTHUB_CLIENT_CONFIRMATION_OK"
3963,10401916644,10401916703,1,"IOTHUB_CLIENT_CONFIRMATION_OK"
3964,10401916844,10401916874,1,"IOTHUB_CLIENT_CONFIRMATION_OK"
3965,10401917045,10401917077,1,"IOTHUB_CLIENT_CONFIRMATION_OK"
3966,10401917245,10401917293,1,"IOTHUB_CLIENT_CONFIRMATION_OK"
3967,10401917445,10401917477,1,"IOTHUB_CLIENT_CONFIRMATION_OK"
3968,10401917645,10401917748,1,"IOTHUB_CLIENT_CONFIRMATION_OK"
3969,10401917845,10401917931,1,"IOTHUB_CLIENT_CONFIRMATION_OK"
3970,10401918045,10401918076,1,"IOTHUB_CLIENT_CONFIRMATION_OK"
3971,10401918245,10401918370,1,"IOTHUB_CLIENT_CONFIRMATION_OK"
3972,10401918446,10401918477,1,"IOTHUB_CLIENT_CONFIRMATION_OK"
3973,10401918646,10401918674,1,"IOTHUB_CLIENT_CONFIRMATION_OK"
3974,10401918846,10401918978,1,"IOTHUB_CLIENT_CONFIRMATION_OK"
3975,10401919046,10401919087,1,"IOTHUB_CLIENT_CONFIRMATION_OK"
3976,10401919246,10401919280,1,"IOTHUB_CLIENT_CONFIRMATION_OK"
3977,10401919446,10401919607,1,"IOTHUB_CLIENT_CONFIRMATION_OK"
3978,10401919647,10401919688,1,"IOTHUB_CLIENT_CONFIRMATION_OK"
3979,10401919847,10401919878,1,"IOTHUB_CLIENT_CONFIRMATION_OK"
3980,10401920047,10401920076,1,"IOTHUB_CLIENT_CONFIRMATION_OK"
3981,10401920247,10401920279,1,"IOTHUB_CLIENT_CONFIRMATION_OK"
3982,10401920447,10401920504,1,"IOTHUB_CLIENT_CONFIRMATION_OK"
3983,10401920647,10401920677,1,"IOTHUB_CLIENT_CONFIRMATION_OK"
3984,10401920848,10401920885,1,"IOTHUB_CLIENT_CONFIRMATION_OK"
3985,10401921048,10401921076,1,"IOTHUB_CLIENT_CONFIRMATION_OK"
3986,10401921248,10401921294,1,"IOTHUB_CLIENT_CONFIRMATION_OK"
3987,10401921448,10401921476,1,"IOTHUB_CLIENT_CONFIRMATION_OK"
3988,10401921648,10401921822,1,"IOTHUB_CLIENT_CONFIRMATION_OK"
3989,10401921848,10401921878,1,"IOTHUB_CLIENT_CONFIRMATION_OK"
3990,10401922049,10401922086,1,"IOTHUB_CLIENT_CONFIRMATION_OK"
3991,10401922249,10401922276,1,"IOTHUB_CLIENT_CONFIRMATION_OK"
3992,10401922449,10401922479,1,"IOTHUB_CLIENT_CONFIRMATION_OK"
3993,10401922649,10401922684,1,"IOTHUB_CLIENT_CONFIRMATION_OK"
3994,10401922849,10401922966,1,"IOTHUB_CLIENT_CONFIRMATION_OK"
3995,10401923049,10401923083,1,"IOTHUB_CLIENT_CONFIRMATION_OK"
3996,10401923250,10401923301,1,"IOTHUB_CLIENT_CONFIRMATION_OK"
3997,10401923450,10401923483,1,"IOTHUB_CLIENT_CONFIRMATION_OK"
3998,10401923650,10401923682,1,"IOTHUB_CLIENT_CONFIRMATION_OK"
3999,10401923850,10401923896,1,"IOTHUB_CLIENT_CONFIRMATION_OK"
4000,10401924050,10401924083,1,"IOTHUB_CLIENT_CONFIRMATION_OK"
4001,10401924250,10401924283,1,"IOTHUB_CLIENT_CONFIRMATION_OK"
4002,10401924451,10401924653,1,"IOTHUB_CLIENT_CONFIRMATION_OK"
4003,10401924651,10401924684,1,"IOTHUB_CLIENT_CONFIRMATION_OK"
4004,10401924851,10401924920,1,"IOTHUB_CLIENT_CONFIRMATION_OK"
4005,10401925051,10401925101,1,"IOTHUB_CLIENT_CONFIRMATION_OK"
4006,10401925251,10401925283,1,"IOTHUB_CLIENT_CONFIRMATION_OK"
4007,10401925451,10401925484,1,"IOTHUB_CLIENT_CONFIRMATION_OK"
4008,10401925651,10401925682,1,"IOTHUB_CLIENT_CONFIRMATION_OK"
4009,10401925852,10401925886,1,"IOTHUB_CLIENT_CONFIRMATION_OK"
4010,10401926052,10401926085,1,"IOTHUB_CLIENT_CONFIRMATION_OK"
4011,10401926252,10401926294,1,"IOTHUB_CLIENT_CONFIRMATION_OK"
4012,10401926452,10401926483,1,"IOTHUB_CLIENT_CONFIRMATION_OK"
4013,10401926652,10401926684,1,"IOTHUB_CLIENT_CONFIRMATION_OK"
4014,10401926852,10401926920,1,"IOTHUB_CLIENT_CONFIRMATION_OK"
4015,10401927053,10401927083,1,"IOTHUB_CLIENT_CONFIRMATION_OK"
4016,10401927253,10401927287,1,"IOTHUB_CLIENT_CONFIRMATION_OK"
4017,10401927453,10401927486,1,"IOTHUB_CLIENT_CONFIRMATION_OK"
4018,10401927653,10401927688,1,"IOTHUB_CLIENT_CONFIRMATION_OK"
4019,10401927853,10401927917,1,"IOTHUB_CLIENT_CONFIRMATION_OK"
4020,10401928053,10401928086,1,"IOTHUB_CLIENT_CONFIRMATION_OK"
4021,10401928253,10401928285,1,"IOTHUB_CLIENT_CONFIRMATION_OK"
4022,10401928454,10401928522,1,"IOTHUB_CLIENT_CONFIRMATION_OK"
4023,10401928654,10401928684,1,"IOTHUB_CLIENT_CONFIRMATION_OK"
4024,10401928854,10401928886,1,"IOTHUB_CLIENT_CONFIRMATION_OK"
4025,10401929054,10401929135,1,"IOTHUB_CLIENT_CONFIRMATION_OK"
4026,10401929254,10401929283,1,"IOTHUB_CLIENT_CONFIRMATION_OK"
4027,10401929454,10401929491,1,"IOTHUB_CLIENT_CONFIRMATION_OK"
4028,10401929655,10401929747,1,"IOTHUB_CLIENT_CONFIRMATION_OK"
4029,10401929855,10401929887,1,"IOTHUB_CLIENT_CONFIRMATION_OK"
4030,10401930055,10401930094,1,"IOTHUB_CLIENT_CONFIRMATION_OK"
4031,10401930255,10401930288,1,"IOTHUB_CLIENT_CONFIRMATION_OK"
4032,10401930455,10401930493,1,"IOTHUB_CLIENT_CONFIRMATION_OK"
4033,10401930655,10401930693,1,"IOTHUB_CLIENT_CONFIRMATION_OK"
4034,10401930856,10401930886,1,"IOTHUB_CLIENT_CONFIRMATION_OK"
4035,10401931056,10401931087,1,"IOTHUB_CLIENT_CONFIRMATION_OK"
4036,10401931256,10401931368,1,"IOTHUB_CLIENT_CONFIRMATION_OK"
4037,10401931456,10401931486,1,"IOTHUB_CLIENT_CONFIRMATION_OK"
4038,10401931656,10401931685,1,"IOTHUB_CLIENT_CONFIRMATION_OK"
4039,10401931856,10401931978,1,"IOTHUB_CLIENT_CONFIRMATION_OK"
4040,10401932056,10401932090,1,"IOTHUB_CLIENT_CONFIRMATION_OK"
4041,10401932257,10401932286,1,"IOTHUB_CLIENT_CONFIRMATION_OK"
4042,10401932457,10401932505,1,"IOTHUB_CLIENT_CONFIRMATION_OK"
4043,10401932657,10401932687,1,"IOTHUB_CLIENT_CONFIRMATION_OK"
4044,10401932857,10401932890,1,"IOTHUB_CLIENT_CONFIRMATION_OK"
4045,10401933057,10401933086,1,"IOTHUB_CLIENT_CONFIRMATION_OK"
4046,10401933257,10401933290,1,"IOTHUB_CLIENT_CONFIRMATION_OK"
4047,10401933457,10401933490,1,"IOTHUB_CLIENT_CONFIRMATION_OK"
4048,10401933658,10401933702,1,"IOTHUB_CLIENT_CONFIRMATION_OK"
4049,10401933858,10401933890,1,"IOTHUB_CLIENT_CONFIRMATION_OK"
4050,10401934058,10401934223,1,"IOTHUB_CLIENT_CONFIRMATION_OK"
4051,10401934258,10401934288,1,"IOTHUB_CLIENT_CONFIRMATION_OK"
4052,10401934458,10401934492,1,"IOTHUB_CLIENT_CONFIRMATION_OK"
4053,10401934658,10401934827,1,"IOTHUB_CLIENT_CONFIRMATION_OK"
4054,10401934859,10401934900,1,"IOTHUB_CLIENT_CONFIRMATION_OK"
4055,10401935059,10401935089,1,"IOTHUB_CLIENT_CONFIRMATION_OK"
4056,10401935259,10401935289,1,"IOTHUB_CLIENT_CONFIRMATION_OK"
4057,10401935459,10401935488,1,"IOTHUB_CLIENT_CONFIRMATION_OK"
4058,10401935659,10401935695,1,"IOTHUB_CLIENT_CONFIRMATION_OK"
4059,10401935859,10401935891,1,"IOTHUB_CLIENT_CONFIRMATION_OK"
4060,10401936059,10401936091,1,"IOTHUB_CLIENT_CONFIRMATION_OK"
4061,10401936260,10401936290,1,"IOTHUB_CLIENT_CONFIRMATION_OK"
4062,10401936460,10401936490,1,"IOTHUB_CLIENT_CONFIRMATION_OK"
4063,10401936660,10401936692,1,"IOTHUB_CLIENT_CONFIRMATION_OK"
4064,10401936860,10401936900,1,"IOTHUB_CLIENT_CONFIRMATION_OK"
4065,10401937060,10401937089,1,"IOTHUB_CLIENT_CONFIRMATION_OK"
4066,10401937260,10401937290,1,"IOTHUB_CLIENT_CONFIRMATION_OK"
4067,10401937461,10401937665,1,"IOTHUB_CLIENT_CONFIRMATION_OK"
4068,10401937661,10401937700,1,"IOTHUB_CLIENT_CONFIRMATION_OK"
4069,10401937861,10401937893,1,"IOTHUB_CLIENT_CONFIRMATION_OK"
4070,10401938061,10401938173,1,"IOTHUB_CLIENT_CONFIRMATION_OK"
4071,10401938261,10401938296,1,"IOTHUB_CLIENT_CONFIRMATION_OK"
4072,10401938461,10401938492,1,"IOTHUB_CLIENT_CONFIRMATION_OK"
4073,10401938661,10401938702,1,"IOTHUB_CLIENT_CONFIRMATION_OK"
4074,10401938862,10401938907,1,"IOTHUB_CLIENT_CONFIRMATION_OK"
4075,10401939062,10401939100,1,"IOTHUB_CLIENT_CONFIRMATION_OK"
4076,10401939262,10401939304,1,"IOTHUB_CLIENT_CONFIRMATION_OK"
4077,10401939462,10401939513,1,"IOTHUB_CLIENT_CONFIRMATION_OK"
4078,10401939662,10401939689,1,"IOTHUB_CLIENT_CONFIRMATION_OK"
4079,10401939862,10401939917,1,"IOTHUB_CLIENT_CONFIRMATION_OK"
4080,10401940062,10401940093,1,"IOTHUB_CLIENT_CONFIRMATION_OK"
4081,10401940263,10401940294,1,"IOTHUB_CLIENT_CONFIRMATION_OK"
4082,10401940463,10401940492,1,"IOTHUB_CLIENT_CONFIRMATION_OK"
4083,10401940663,10401940693,1,"IOTHUB_CLIENT_CONFIRMATION_OK"
4084,10401940863,10401940922,1,"IOTHUB_CLIENT_CONFIRMATION_OK"
4085,10401941063,10401941094,1,"IOTHUB_CLIENT_CONFIRMATION_OK"
4086,10401941263,10401941318,1,"IOTHUB_CLIENT_CONFIRMATION_OK"
4087,10401941463,10401941528,1,"IOTHUB_CLIENT_CONFIRMATION_OK"
4088,10401941664,10401941696,1,"IOTHUB_CLIENT_CONFIRMATION_OK"
4089,10401941864,10401941900,1,"IOTHUB_CLIENT_CONFIRMATION_OK"
4090,10401942064,10401942138,1,"IOTHUB_CLIENT_CONFIRMATION_OK"
4091,10401942264,10401942303,1,"IOTHUB_CLIENT_CONFIRMATION_OK"
4092,10401942464,10401942494,1,"IOTHUB_CLIENT_CONFIRMATION_OK"
4093,10401942664,10401942746,1,"IOTHUB_CLIENT_CONFIRMATION_OK"
4094,10401942865,10401942899,1,"IOTHUB_CLIENT_CONFIRMATION_OK"
4095,10401943065,10401943093,1,"IOTHUB_CLIENT_CONFIRMATION_OK"
4096,10401943265,10401943310,1,"IOTHUB_CLIENT_CONFIRMATION_OK"
4097,10401943465,10401943495,1,"IOTHUB_CLIENT_CONFIRMATION_OK"
4098,10401943665,10401943748,1,"IOTHUB_CLIENT_CONFIRMATION_OK"
4099,10401943865,10401943897,1,"IOTHUB_CLIENT_CONFIRMATION_OK"
4100,10401944066,10401944096,1,"IOTHUB_CLIENT_CONFIRMATION_OK"
4101,10401944266,10401944368,1,"IOTHUB_CLIENT_CONFIRMATION_OK"
4102,10401944466,10401944495,1,"IOTHUB_CLIENT_CONFIRMATION_OK"
4103,10401944666,10401944695,1,"IOTHUB_CLIENT_CONFIRMATION_OK"
4104,10401944866,10401944986,1,"IOTHUB_CLIENT_CONFIRMATION_OK"
4105,10401945066,10401945100,1,"IOTHUB_CLIENT_CONFIRMATION_OK"
4106,10401945266,10401945295,1,"IOTHUB_CLIENT_CONFIRMATION_OK"
4107,10401945467,10401945499,1,"IOTHUB_CLIENT_CONFIRMATION_OK"
4108,10401945667,10401945698,1,"IOTHUB_CLIENT_CONFIRMATION_OK"
4109,10401945867,10401945898,1,"IOTHUB_CLIENT_CONFIRMATION_OK"
4110,10401946067,10401946098,1,"IOTHUB_CLIENT_CONFIRMATION_OK"
4111,10401946267,10401946306,1,"IOTHUB_CLIENT_CONFIRMATION_OK"
4112,10401946467,10401946499,1,"IOTHUB_CLIENT_CONFIRMATION_OK"
4113,10401946668,10401946697,1,"IOTHUB_CLIENT_CONFIRMATION_OK"
4114,10401946868,10401946899,1,"IOTHUB_CLIENT_CONFIRMATION_OK"
4115,10401947068,10401947221,1,"IOTHUB_CLIENT_CONFIRMATION_OK"
4116,10401947268,10401947299,1,"IOTHUB_CLIENT_CONFIRMATION_OK"
4117,10401947468,10401947502,1,"IOTHUB_CLIENT_CONFIRMATION_OK"
4118,10401947668,10401947715,1,"IOTHUB_CLIENT_CONFIRMATION_OK"
4119,10401947868,10401947898,1,"IOTHUB_CLIENT_CONFIRMATION_OK"
4120,10401948069,10401948104,1,"IOTHUB_CLIENT_CONFIRMATION_OK"
4121,10401948269,10401948300,1,"IOTHUB_CLIENT_CONFIRMATION_OK"
4122,10401948469,10401948512,1,"IOTHUB_CLIENT_CONFIRMATION_OK"
4123,10401948669,10401948707,1,"IOTHUB_CLIENT_CONFIRMATION_OK"
4124,10401948869,10401948901,1,"IOTHUB_CLIENT_CONFIRMATION_OK"
4125,10401949069,10401949099,1,"IOTHUB_CLIENT_CONFIRMATION_OK"
4126,10401949270,10401949299,1,"IOTHUB_CLIENT_CONFIRMATION_OK"
4127,10401949470,10401949510,1,"IOTHUB_CLIENT_CONFIRMATION_OK"
4128,10401949670,10401949698,1,"IOTHUB_CLIENT_CONFIRMATION_OK"
4129,10401949870,10401950064,1,"IOTHUB_CLIENT_CONFIRMATION_OK"
4130,10401950070,10401950102,1,"IOTHUB_CLIENT_CONFIRMATION_OK"
4131,10401950270,10401950300,1,"IOTHUB_CLIENT_CONFIRMATION_OK"
4132,10401950470,10401950512,1,"IOTHUB_CLIENT_CONFIRMATION_OK"
4133,10401950671,10401950701,1,"IOTHUB_CLIENT_CONFIRMATION_OK"
4134,10401950871,10401950899,1,"IOTHUB_CLIENT_CONFIRMATION_OK"
4135,10401951071,10401951108,1,"IOTHUB_CLIENT_CONFIRMATION_OK"
4136,10401951271,10401951302,1,"IOTHUB_CLIENT_CONFIRMATION_OK"
4137,10401951471,10401951500,1,"IOTHUB_CLIENT_CONFIRMATION_OK"
4138,10401951671,10401951704,1,"IOTHUB_CLIENT_CONFIRMATION_OK"
4139,10401951872,10401951916,1,"IOTHUB_CLIENT_CONFIRMATION_OK"
4140,10401952072,10401952104,1,"IOTHUB_CLIENT_CONFIRMATION_OK"
4141,10401952272,10401952327,1,"IOTHUB_CLIENT_CONFIRMATION_OK"
4142,10401952472,10401952503,1,"IOTHUB_CLIENT_CONFIRMATION_OK"
4143,10401952672,10401952704,1,"IOTHUB_CLIENT_CONFIRMATION_OK"
4144,10401952872,10401952921,1,"IOTHUB_CLIENT_CONFIRMATION_OK"
4145,10401953073,10401953111,1,"IOTHUB_CLIENT_CONFIRMATION_OK"
4146,10401953273,10401953314,1,"IOTHUB_CLIENT_CONFIRMATION_OK"
4147,10401953473,10401953507,1,"IOTHUB_CLIENT_CONFIRMATION_OK"
4148,10401953673,10401953704,1,"IOTHUB_CLIENT_CONFIRMATION_OK"
4149,10401953873,10401953959,1,"IOTHUB_CLIENT_CONFIRMATION_OK"
4150,10401954073,10401954106,1,"IOTHUB_CLIENT_CONFIRMATION_OK"
4151,10401954274,10401954306,1,"IOTHUB_CLIENT_CONFIRMATION_OK"
4152,10401954474,10401954576,1,"IOTHUB_CLIENT_CONFIRMATION_OK"
4153,10401954674,10401954703,1,"IOTHUB_CLIENT_CONFIRMATION_OK"
4154,10401954874,10401954904,1,"IOTHUB_CLIENT_CONFIRMATION_OK"
4155,10401955074,10401955154,1,"IOTHUB_CLIENT_CONFIRMATION_OK"
4156,10401955274,10401955315,1,"IOTHUB_CLIENT_CONFIRMATION_OK"
4157,10401955474,10401955514,1,"IOTHUB_CLIENT_CONFIRMATION_OK"
4158,10401955675,10401955703,1,"IOTHUB_CLIENT_CONFIRMATION_OK"
4159,10401955875,10401955908,1,"IOTHUB_CLIENT_CONFIRMATION_OK"
4160,10401956075,10401956125,1,"IOTHUB_CLIENT_CONFIRMATION_OK"
4161,10401956275,10401956310,1,"IOTHUB_CLIENT_CONFIRMATION_OK"
4162,10401956475,10401956508,1,"IOTHUB_CLIENT_CONFIRMATION_OK"
4163,10401956675,10401956790,1,"IOTHUB_CLIENT_CONFIRMATION_OK"
4164,10401956875,10401956906,1,"IOTHUB_CLIENT_CONFIRMATION_OK"
4165,10401957076,10401957110,1,"IOTHUB_CLIENT_CONFIRMATION_OK"
4166,10401957276,10401957446,1,"IOTHUB_CLIENT_CONFIRMATION_OK"
4167,10401957476,10401957509,1,"IOTHUB_CLIENT_CONFIRMATION_OK"
4168,10401957676,10401957709,1,"IOTHUB_CLIENT_CONFIRMATION_OK"
4169,10401957876,10401957907,1,"IOTHUB_CLIENT_CONFIRMATION_OK"
4170,10401958076,10401958105,1,"IOTHUB_CLIENT_CONFIRMATION_OK"
4171,10401958277,10401958308,1,"IOTHUB_CLIENT_CONFIRMATION_OK"
4172,10401958477,10401958508,1,"IOTHUB_CLIENT_CONFIRMATION_OK"
4173,10401958677,10401958709,1,"IOTHUB_CLIENT_CONFIRMATION_OK"
4174,10401958877,10401958910,1,"IOTHUB_CLIENT_CONFIRMATION_OK"
4175,10401959077,10401959111,1,"IOTHUB_CLIENT_CONFIRMATION_OK"
4176,10401959277,10401959307,1,"IOTHUB_CLIENT_CONFIRMATION_OK"
4177,10401959477,10401959508,1,"IOTHUB_CLIENT_CONFIRMATION_OK"
4178,10401959678,10401959714,1,"IOTHUB_CLIENT_CONFIRMATION_OK"
4179,10401959878,10401959907,1,"IOTHUB_CLIENT_CONFIRMATION_OK"
4180,10401960078,10401960909,1,"IOTHUB_CLIENT_CONFIRMATION_OK"
4181,10401960278,10401960942,1,"IOTHUB_CLIENT_CONFIRMATION_OK"
4182,10401960478,10401960961,1,"IOTHUB_CLIENT_CONFIRMATION_OK"
4183,10401960678,10401961109,1,"IOTHUB_CLIENT_CONFIRMATION_OK"
4184,10401960879,10401961127,1,"IOTHUB_CLIENT_CONFIRMATION_OK"
4185,10401961079,10401961160,1,"IOTHUB_CLIENT_CONFIRMATION_OK"
4186,10401961279,10401961316,1,"IOTHUB_CLIENT_CONFIRMATION_OK"
4187,10401961479,10401961512,1,"IOTHUB_CLIENT_CONFIRMATION_OK"
4188,10401961679,10401961715,1,"IOTHUB_CLIENT_CONFIRMATION_OK"
4189,10401961879,10401961924,1,"IOTHUB_CLIENT_CONFIRMATION_OK"
4190,10401962080,10401962111,1,"IOTHUB_CLIENT_CONFIRMATION_OK"
4191,10401962280,10401962314,1,"IOTHUB_CLIENT_CONFIRMATION_OK"
4192,10401962480,10401962577,1,"IOTHUB_CLIENT_CONFIRMATION_OK"
4193,10401962680,10401962714,1,"IOTHUB_CLIENT_CONFIRMATION_OK"
4194,10401962880,10401962931,1,"IOTHUB_CLIENT_CONFIRMATION_OK"
4195,10401963080,10401963116,1,"IOTHUB_CLIENT_CONFIRMATION_OK"
4196,10401963280,10401963318,1,"IOTHUB_CLIENT_CONFIRMATION_OK"
4197,10401963481,10401963579,1,"IOTHUB_CLIENT_CONFIRMATION_OK"
4198,10401963681,10401963720,1,"IOTHUB_CLIENT_CONFIRMATION_OK"
4199,10401963881,10401963913,1,"IOTHUB_CLIENT_CONFIRMATION_OK"
4200,10401964081,10401964184,1,"IOTHUB_CLIENT_CONFIRMATION_OK"
4201,10401964281,10401964312,1,"IOTHUB_CLIENT_CONFIRMATION_OK"
4202,10401964481,10401964511,1,"IOTHUB_CLIENT_CONFIRMATION_OK"
4203,10401964682,10401964799,1,"IOTHUB_CLIENT_CONFIRMATION_OK"
4204,10401964882,10401964925,1,"IOTHUB_CLIENT_CONFIRMATION_OK"
4205,10401965082,10401965114,1,"IOTHUB_CLIENT_CONFIRMATION_OK"
4206,10401965282,10401965311,1,"IOTHUB_CLIENT_CONFIRMATION_OK"
4207,10401965482,10401965512,1,"IOTHUB_CLIENT_CONFIRMATION_OK"
4208,10401965682,10401965714,1,"IOTHUB_CLIENT_CONFIRMATION_OK"
4209,10401965883,10401965912,1,"IOTHUB_CLIENT_CONFIRMATION_OK"
4210,10401966083,10401966115,1,"IOTHUB_CLIENT_CONFIRMATION_OK"
4211,10401966283,10401966422,1,"IOTHUB_CLIENT_CONFIRMATION_OK"
4212,10401966483,10401966512,1,"IOTHUB_CLIENT_CONFIRMATION_OK"
4213,10401966683,10401966712,1,"IOTHUB_CLIENT_CONFIRMATION_OK"
4214,10401966883,10401967028,1,"IOTHUB_CLIENT_CONFIRMATION_OK"
4215,10401967083,10401967113,1,"IOTHUB_CLIENT_CONFIRMATION_OK"
4216,10401967284,10401967315,1,"IOTHUB_CLIENT_CONFIRMATION_OK"
4217,10401967484,10401967636,1,"IOTHUB_CLIENT_CONFIRMATION_OK"
4218,10401967684,10401967713,1,"IOTHUB_CLIENT_CONFIRMATION_OK"
4219,10401967884,10401967929,1,"IOTHUB_CLIENT_CONFIRMATION_OK"
4220,10401968084,10401968116,1,"IOTHUB_CLIENT_CONFIRMATION_OK"
4221,10401968284,10401968316,1,"IOTHUB_CLIENT_CONFIRMATION_OK"
4222,10401968484,10401968516,1,"IOTHUB_CLIENT_CONFIRMATION_OK"
4223,10401968685,10401968731,1,"IOTHUB_CLIENT_CONFIRMATION_OK"
4224,10401968885,10401968924,1,"IOTHUB_CLIENT_CONFIRMATION_OK"
4225,10401969085,10401969119,1,"IOTHUB_CLIENT_CONFIRMATION_OK"
4226,10401969285,10401969342,1,"IOTHUB_CLIENT_CONFIRMATION_OK"
4227,10401969485,10401969520,1,"IOTHUB_CLIENT_CONFIRMATION_OK"
4228,10401969685,10401969737,1,"IOTHUB_CLIENT_CONFIRMATION_OK"
4229,10401969886,10401969922,1,"IOTHUB_CLIENT_CONFIRMATION_OK"
4230,10401970086,10401970118,1,"IOTHUB_CLIENT_CONFIRMATION_OK"
4231,10401970286,10401970349,1,"IOTHUB_CLIENT_CONFIRMATION_OK"
4232,10401970486,10401970514,1,"IOTHUB_CLIENT_CONFIRMATION_OK"
4233,10401970686,10401970717,1,"IOTHUB_CLIENT_CONFIRMATION_OK"
4234,10401970886,10401970964,1,"IOTHUB_CLIENT_CONFIRMATION_OK"
4235,10401971087,10401971124,1,"IOTHUB_CLIENT_CONFIRMATION_OK"
4236,10401971287,10401971317,1,"IOTHUB_CLIENT_CONFIRMATION_OK"
4237,10401971487,10401971566,1,"IOTHUB_CLIENT_CONFIRMATION_OK"
4238,10401971687,10401971718,1,"IOTHUB_CLIENT_CONFIRMATION_OK"
4239,10401971887,10401971916,1,"IOTHUB_CLIENT_CONFIRMATION_OK"
4240,10401972087,10401972176,1,"IOTHUB_CLIENT_CONFIRMATION_OK"
4241,10401972288,10401972316,1,"IOTHUB_CLIENT_CONFIRMATION_OK"
4242,10401972488,10401972519,1,"IOTHUB_CLIENT_CONFIRMATION_OK"
4243,10401972688,10401972718,1,"IOTHUB_CLIENT_CONFIRMATION_OK"
4244,10401972888,10401972927,1,"IOTHUB_CLIENT_CONFIRMATION_OK"
4245,10401973088,10401973181,1,"IOTHUB_CLIENT_CONFIRMATION_OK"
4246,10401973288,10401973329,1,"IOTHUB_CLIENT_CONFIRMATION_OK"
4247,10401973488,10401973517,1,"IOTHUB_CLIENT_CONFIRMATION_OK"
4248,10401973689,10401973797,1,"IOTHUB_CLIENT_CONFIRMATION_OK"
4249,10401973889,10401973922,1,"IOTHUB_CLIENT_CONFIRMATION_OK"
4250,10401974089,10401974120,1,"IOTHUB_CLIENT_CONFIRMATION_OK"
4251,10401974289,10401974433,1,"IOTHUB_CLIENT_CONFIRMATION_OK"
4252,10401974489,10401974566,1,"IOTHUB_CLIENT_CONFIRMATION_OK"
4253,10401974689,10401974729,1,"IOTHUB_CLIENT_CONFIRMATION_OK"
4254,10401974889,10401974922,1,"IOTHUB_CLIENT_CONFIRMATION_OK"
4255,10401975090,10401975121,1,"IOTHUB_CLIENT_CONFIRMATION_OK"
4256,10401975290,10401975334,1,"IOTHUB_CLIENT_CONFIRMATION_OK"
4257,10401975490,10401975518,1,"IOTHUB_CLIENT_CONFIRMATION_OK"
4258,10401975690,10401975722,1,"IOTHUB_CLIENT_CONFIRMATION_OK"
4259,10401975890,10401975920,1,"IOTHUB_CLIENT_CONFIRMATION_OK"
4260,10401976090,10401976120,1,"IOTHUB_CLIENT_CONFIRMATION_OK"
4261,10401976291,10401976346,1,"IOTHUB_CLIENT_CONFIRMATION_OK"
4262,10401976491,10401976657,1,"IOTHUB_CLIENT_CONFIRMATION_OK"
4263,10401976691,10401976720,1,"IOTHUB_CLIENT_CONFIRMATION_OK"
4264,10401976891,10401976928,1,"IOTHUB_CLIENT_CONFIRMATION_OK"
4265,10401977091,10401977271,1,"IOTHUB_CLIENT_CONFIRMATION_OK"
4266,10401977291,10401977346,1,"IOTHUB_CLIENT_CONFIRMATION_OK"
4267,10401977492,10401977533,1,"IOTHUB_CLIENT_CONFIRMATION_OK"
4268,10401977692,10401977725,1,"IOTHUB_CLIENT_CONFIRMATION_OK"
4269,10401977892,10401977923,1,"IOTHUB_CLIENT_CONFIRMATION_OK"
4270,10401978092,10401978122,1,"IOTHUB_CLIENT_CONFIRMATION_OK"
4271,10401978292,10401978343,1,"IOTHUB_CLIENT_CONFIRMATION_OK"
4272,10401978492,10401978523,1,"IOTHUB_CLIENT_CONFIRMATION_OK"
4273,10401978693,10401978736,1,"IOTHUB_CLIENT_CONFIRMATION_OK"
4274,10401978893,10401978933,1,"IOTHUB_CLIENT_CONFIRMATION_OK"
4275,10401979093,10401979161,1,"IOTHUB_CLIENT_CONFIRMATION_OK"
4276,10401979293,10401979324,1,"IOTHUB_CLIENT_CONFIRMATION_OK"
4277,10401979493,10401979525,1,"IOTHUB_CLIENT_CONFIRMATION_OK"
4278,10401979693,10401979724,1,"IOTHUB_CLIENT_CONFIRMATION_OK"
4279,10401979894,10401979930,1,"IOTHUB_CLIENT_CONFIRMATION_OK"
4280,10401980094,10401980144,1,"IOTHUB_CLIENT_CONFIRMATION_OK"
4281,10401980294,10401980335,1,"IOTHUB_CLIENT_CONFIRMATION_OK"
4282,10401980494,10401980707,1,"IOTHUB_CLIENT_CONFIRMATION_OK"
4283,10401980694,10401980741,1,"IOTHUB_CLIENT_CONFIRMATION_OK"
4284,10401980894,10401980931,1,"IOTHUB_CLIENT_CONFIRMATION_OK"
4285,10401981095,10401981153,1,"IOTHUB_CLIENT_CONFIRMATION_OK"
4286,10401981295,10401981323,1,"IOTHUB_CLIENT_CONFIRMATION_OK"
4287,10401981495,10401981523,1,"IOTHUB_CLIENT_CONFIRMATION_OK"
4288,10401981695,10401981736,1,"IOTHUB_CLIENT_CONFIRMATION_OK"
4289,10401981895,10401981924,1,"IOTHUB_CLIENT_CONFIRMATION_OK"
4290,10401982095,10401982137,1,"IOTHUB_CLIENT_CONFIRMATION_OK"
4291,10401982295,10401982358,1,"IOTHUB_CLIENT_CONFIRMATION_OK"
4292,10401982496,10401982526,1,"IOTHUB_CLIENT_CONFIRMATION_OK"
4293,10401982696,10401982734,1,"IOTHUB_CLIENT_CONFIRMATION_OK"
4294,10401982896,10401982925,1,"IOTHUB_CLIENT_CONFIRMATION_OK"
4295,10401983096,10401983152,1,"IOTHUB_CLIENT_CONFIRMATION_OK"
4296,10401983296,10401983357,1,"IOTHUB_CLIENT_CONFIRMATION_OK"
4297,10401983496,10401983527,1,"IOTHUB_CLIENT_CONFIRMATION_OK"
4298,10401983697,10401983727,1,"IOTHUB_CLIENT_CONFIRMATION_OK"
4299,10401983897,10401983975,1,"IOTHUB_CLIENT_CONFIRMATION_OK"
4300,10401984097,10401984125,1,"IOTHUB_CLIENT_CONFIRMATION_OK"
4301,10401984297,10401984329,1,"IOTHUB_CLIENT_CONFIRMATION_OK"
4302,10401984497,10401984578,1,"IOTHUB_CLIENT_CONFIRMATION_OK"
4303,10401984697,10401984735,1,"IOTHUB_CLIENT_CONFIRMATION_OK"
4304,10401984897,10401984929,1,"IOTHUB_CLIENT_CONFIRMATION_OK"
4305,10401985098,10401985200,1,"IOTHUB_CLIENT_CONFIRMATION_OK"
4306,10401985298,10401985326,1,"IOTHUB_CLIENT_CONFIRMATION_OK"
4307,10401985498,10401985609,1,"IOTHUB_CLIENT_CONFIRMATION_OK"
4308,10401985698,10401985824,1,"IOTHUB_CLIENT_CONFIRMATION_OK"
4309,10401985898,10401985936,1,"IOTHUB_CLIENT_CONFIRMATION_OK"
4310,10401986098,10401986127,1,"IOTHUB_CLIENT_CONFIRMATION_OK"
4311,10401986299,10401986332,1,"IOTHUB_CLIENT_CONFIRMATION_OK"
4312,10401986499,10401986529,1,"IOTHUB_CLIENT_CONFIRMATION_OK"
4313,10401986699,10401986826,1,"IOTHUB_CLIENT_CONFIRMATION_OK"
4314,10401986899,10401986932,1,"IOTHUB_CLIENT_CONFIRMATION_OK"
4315,10401987099,10401987132,1,"IOTHUB_CLIENT_CONFIRMATION_OK"
4316,10401987299,10401987437,1,"IOTHUB_CLIENT_CONFIRMATION_OK"
4317,10401987500,10401987528,1,"IOTHUB_CLIENT_CONFIRMATION_OK"
4318,10401987700,10401987731,1,"IOTHUB_CLIENT_CONFIRMATION_OK"
4319,10401987900,10401987937,1,"IOTHUB_CLIENT_CONFIRMATION_OK"
4320,10401988100,10401988139,1,"IOTHUB_CLIENT_CONFIRMATION_OK"
4321,10401988300,10401988330,1,"IOTHUB_CLIENT_CONFIRMATION_OK"
4322,10401988500,10401988530,1,"IOTHUB_CLIENT_CONFIRMATION_OK"
4323,10401988701,10401988751,1,"IOTHUB_CLIENT_CONFIRMATION_OK"
4324,10401988901,10401988938,1,"IOTHUB_CLIENT_CONFIRMATION_OK"
4325,10401989101,10401989132,1,"IOTHUB_CLIENT_CONFIRMATION_OK"
4326,10401989301,10401989329,1,"IOTHUB_CLIENT_CONFIRMATION_OK"
4327,10401989501,10401989664,1,"IOTHUB_CLIENT_CONFIRMATION_OK"
4328,10401989701,10401989736,1,"IOTHUB_CLIENT_CONFIRMATION_OK"
4329,10401989901,10401989929,1,"IOTHUB_CLIENT_CONFIRMATION_OK"
4330,10401990102,10401990306,1,"IOTHUB_CLIENT_CONFIRMATION_OK"
4331,10401990302,10401990335,1,"IOTHUB_CLIENT_CONFIRMATION_OK"
4332,10401990502,10401990633,1,"IOTHUB_CLIENT_CONFIRMATION_OK"
4333,10401990702,10401990740,1,"IOTHUB_CLIENT_CONFIRMATION_OK"
4334,10401990902,10401990952,1,"IOTHUB_CLIENT_CONFIRMATION_OK"
4335,10401991102,10401991131,1,"IOTHUB_CLIENT_CONFIRMATION_OK"
4336,10401991303,10401991334,1,"IOTHUB_CLIENT_CONFIRMATION_OK"
4337,10401991503,10401991573,1,"IOTHUB_CLIENT_CONFIRMATION_OK"
4338,10401991703,10401991730,1,"IOTHUB_CLIENT_CONFIRMATION_OK"
4339,10401991903,10401991945,1,"IOTHUB_CLIENT_CONFIRMATION_OK"
4340,10401992103,10401992135,1,"IOTHUB_CLIENT_CONFIRMATION_OK"
4341,10401992303,10401992344,1,"IOTHUB_CLIENT_CONFIRMATION_OK"
4342,10401992504,10401992551,1,"IOTHUB_CLIENT_CONFIRMATION_OK"
4343,10401992704,10401992733,1,"IOTHUB_CLIENT_CONFIRMATION_OK"
4344,10401992904,10401992936,1,"IOTHUB_CLIENT_CONFIRMATION_OK"
4345,10401993104,10401993133,1,"IOTHUB_CLIENT_CONFIRMATION_OK"
4346,10401993304,10401993338,1,"IOTHUB_CLIENT_CONFIRMATION_OK"
4347,10401993504,10401993563,1,"IOTHUB_CLIENT_CONFIRMATION_OK"
4348,10401993704,10401993740,1,"IOTHUB_CLIENT_CONFIRMATION_OK"
4349,10401993905,10401993936,1,"IOTHUB_CLIENT_CONFIRMATION_OK"
4350,10401994105,10401994159,1,"IOTHUB_CLIENT_CONFIRMATION_OK"
4351,10401994305,10401994341,1,"IOTHUB_CLIENT_CONFIRMATION_OK"
4352,10401994505,10401994549,1,"IOTHUB_CLIENT_CONFIRMATION_OK"
4353,10401994705,10401994766,1,"IOTHUB_CLIENT_CONFIRMATION_OK"
4354,10401994905,10401994936,1,"IOTHUB_CLIENT_CONFIRMATION_OK"
4355,10401995106,10401995206,1,"IOTHUB_CLIENT_CONFIRMATION_OK"
4356,10401995306,10401995405,1,"IOTHUB_CLIENT_CONFIRMATION_OK"
4357,10401995506,10401995536,1,"IOTHUB_CLIENT_CONFIRMATION_OK"
4358,10401995706,10401995736,1,"IOTHUB_CLIENT_CONFIRMATION_OK"
4359,10401995906,10401995938,1,"IOTHUB_CLIENT_CONFIRMATION_OK"
4360,10401996106,10401996145,1,"IOTHUB_CLIENT_CONFIRMATION_OK"
4361,10401996307,10401996430,1,"IOTHUB_CLIENT_CONFIRMATION_OK"
4362,10401996507,10401996536,1,"IOTHUB_CLIENT_CONFIRMATION_OK"
4363,10401996707,10401996739,1,"IOTHUB_CLIENT_CONFIRMATION_OK"
4364,10401996907,10401997033,1,"IOTHUB_CLIENT_CONFIRMATION_OK"
4365,10401997107,10401997138,1,"IOTHUB_CLIENT_CONFIRMATION_OK"
4366,10401997307,10401997338,1,"IOTHUB_CLIENT_CONFIRMATION_OK"
4367,10401997508,10401997664,1,"IOTHUB_CLIENT_CONFIRMATION_OK"
4368,10401997708,10401997737,1,"IOTHUB_CLIENT_CONFIRMATION_OK"
4369,10401997908,10401997941,1,"IOTHUB_CLIENT_CONFIRMATION_OK"
4370,10401998108,10401998264,1,"IOTHUB_CLIENT_CONFIRMATION_OK"
4371,10401998308,10401998343,1,"IOTHUB_CLIENT_CONFIRMATION_OK"
4372,10401998508,10401998540,1,"IOTHUB_CLIENT_CONFIRMATION_OK"
4373,10401998708,10401998739,1,"IOTHUB_CLIENT_CONFIRMATION_OK"
4374,10401998909,10401998939,1,"IOTHUB_CLIENT_CONFIRMATION_OK"
4375,10401999109,10401999142,1,"IOTHUB_CLIENT_CONFIRMATION_OK"
4376,10401999309,10401999347,1,"IOTHUB_CLIENT_CONFIRMATION_OK"
4377,10401999509,10401999538,1,"IOTHUB_CLIENT_CONFIRMATION_OK"
4378,10401999709,10401999894,1,"IOTHUB_CLIENT_CONFIRMATION_OK"
4379,10401999909,10401999940,1,"IOTHUB_CLIENT_CONFIRMATION_OK"
4380,10402000110,10402000142,1,"IOTHUB_CLIENT_CONFIRMATION_OK"
4381,10402000310,10402000346,1,"IOTHUB_CLIENT_CONFIRMATION_OK"
4382,10402000510,10402000541,1,"IOTHUB_CLIENT_CONFIRMATION_OK"
4383,10402000710,10402000828,1,"IOTHUB_CLIENT_CONFIRMATION_OK"
4384,10402000910,10402001008,1,"IOTHUB_CLIENT_CONFIRMATION_OK"
4385,10402001110,10402001139,1,"IOTHUB_CLIENT_CONFIRMATION_OK"
4386,10402001311,10402001340,1,"IOTHUB_CLIENT_CONFIRMATION_OK"
4387,10402001511,10402001609,1,"IOTHUB_CLIENT_CONFIRMATION_OK"
4388,10402001711,10402001754,1,"IOTHUB_CLIENT_CONFIRMATION_OK"
4389,10402001911,10402001941,1,"IOTHUB_CLIENT_CONFIRMATION_OK"
4390,10402002111,10402002142,1,"IOTHUB_CLIENT_CONFIRMATION_OK"
4391,10402002311,10402002360,1,"IOTHUB_CLIENT_CONFIRMATION_OK"
4392,10402002512,10402002541,1,"IOTHUB_CLIENT_CONFIRMATION_OK"
4393,10402002712,10402002740,1,"IOTHUB_CLIENT_CONFIRMATION_OK"
4394,10402002912,10402002942,1,"IOTHUB_CLIENT_CONFIRMATION_OK"
4395,10402003112,10402003269,1,"IOTHUB_CLIENT_CONFIRMATION_OK"
4396,10402003312,10402003341,1,"IOTHUB_CLIENT_CONFIRMATION_OK"
4397,10402003512,10402003550,1,"IOTHUB_CLIENT_CONFIRMATION_OK"
4398,10402003712,10402003880,1,"IOTHUB_CLIENT_CONFIRMATION_OK"
4399,10402003913,10402003941,1,"IOTHUB_CLIENT_CONFIRMATION_OK"
4400,10402004113,10402004145,1,"IOTHUB_CLIENT_CONFIRMATION_OK"
4401,10402004313,10402004368,1,"IOTHUB_CLIENT_CONFIRMATION_OK"
4402,10402004513,10402004552,1,"IOTHUB_CLIENT_CONFIRMATION_OK"
4403,10402004713,10402004744,1,"IOTHUB_CLIENT_CONFIRMATION_OK"
4404,10402004913,10402004944,1,"IOTHUB_CLIENT_CONFIRMATION_OK"
4405,10402005114,10402005146,1,"IOTHUB_CLIENT_CONFIRMATION_OK"
4406,10402005314,10402005344,1,"IOTHUB_CLIENT_CONFIRMATION_OK"
4407,10402005514,10402005545,1,"IOTHUB_CLIENT_CONFIRMATION_OK"
4408,10402005714,10402005745,1,"IOTHUB_CLIENT_CONFIRMATION_OK"
4409,10402005914,10402005961,1,"IOTHUB_CLIENT_CONFIRMATION_OK"
4410,10402006114,10402006145,1,"IOTHUB_CLIENT_CONFIRMATION_OK"
4411,10402006315,10402006434,1,"IOTHUB_CLIENT_CONFIRMATION_OK"
4412,10402006515,10402006554,1,"IOTHUB_CLIENT_CONFIRMATION_OK"
4413,10402006715,10402006745,1,"IOTHUB_CLIENT_CONFIRMATION_OK"
4414,10402006915,10402006944,1,"IOTHUB_CLIENT_CONFIRMATION_OK"
4415,10402007115,10402007154,1,"IOTHUB_CLIENT_CONFIRMATION_OK"
4416,10402007315,10402007343,1,"IOTHUB_CLIENT_CONFIRMATION_OK"
4417,10402007515,10402007545,1,"IOTHUB_CLIENT_CONFIRMATION_OK"
4418,10402007716,10402007754,1,"IOTHUB_CLIENT_CONFIRMATION_OK"
4419,10402007916,10402007946,1,"IOTHUB_CLIENT_CONFIRMATION_OK"
4420,10402008116,10402008152,1,"IOTHUB_CLIENT_CONFIRMATION_OK"
4421,10402008316,10402008353,1,"IOTHUB_CLIENT_CONFIRMATION_OK"
4422,10402008516,10402008559,1,"IOTHUB_CLIENT_CONFIRMATION_OK"
4423,10402008716,10402008747,1,"IOTHUB_CLIENT_CONFIRMATION_OK"
4424,10402008917,10402008970,1,"IOTHUB_CLIENT_CONFIRMATION_OK"
4425,10402009117,10402009147,1,"IOTHUB_CLIENT_CONFIRMATION_OK"
4426,10402009317,10402009360,1,"IOTHUB_CLIENT_CONFIRMATION_OK"
4427,10402009517,10402009566,1,"IOTHUB_CLIENT_CONFIRMATION_OK"
4428,10402009717,10402009746,1,"IOTHUB_CLIENT_CONFIRMATION_OK"
4429,10402009917,10402009985,1,"IOTHUB_CLIENT_CONFIRMATION_OK"
4430,10402010117,10402010149,1,"IOTHUB_CLIENT_CONFIRMATION_OK"
4431,10402010318,10402010357,1,"IOTHUB_CLIENT_CONFIRMATION_OK"
4432,10402010518,10402010596,1,"IOTHUB_CLIENT_CONFIRMATION_OK"
4433,10402010718,10402010752,1,"IOTHUB_CLIENT_CONFIRMATION_OK"
4434,10402010918,10402010959,1,"IOTHUB_CLIENT_CONFIRMATION_OK"
4435,10402011118,10402011192,1,"IOTHUB_CLIENT_CONFIRMATION_OK"
4436,10402011318,10402011361,1,"IOTHUB_CLIENT_CONFIRMATION_OK"
4437,10402011519,10402011553,1,"IOTHUB_CLIENT_CONFIRMATION_OK"
4438,10402011719,10402011749,1,"IOTHUB_CLIENT_CONFIRMATION_OK"
4439,10402011919,10402011950,1,"IOTHUB_CLIENT_CONFIRMATION_OK"
4440,10402012119,10402012160,1,"IOTHUB_CLIENT_CONFIRMATION_OK"
4441,10402012319,10402012349,1,"IOTHUB_CLIENT_CONFIRMATION_OK"
4442,10402012519,10402012549,1,"IOTHUB_CLIENT_CONFIRMATION_OK"
4443,10402012719,10402012829,1,"IOTHUB_CLIENT_CONFIRMATION_OK"
4444,10402012920,10402012957,1,"IOTHUB_CLIENT_CONFIRMATION_OK"
4445,10402013120,10402013151,1,"IOTHUB_CLIENT_CONFIRMATION_OK"
4446,10402013320,10402013474,1,"IOTHUB_CLIENT_CONFIRMATION_OK"
4447,10402013520,10402013552,1,"IOTHUB_CLIENT_CONFIRMATION_OK"
4448,10402013720,10402013750,1,"IOTHUB_CLIENT_CONFIRMATION_OK"
4449,10402013921,10402013973,1,"IOTHUB_CLIENT_CONFIRMATION_OK"
4450,10402014121,10402014152,1,"IOTHUB_CLIENT_CONFIRMATION_OK"
4451,10402014321,10402014354,1,"IOTHUB_CLIENT_CONFIRMATION_OK"
4452,10402014521,10402014555,1,"IOTHUB_CLIENT_CONFIRMATION_OK"
4453,10402014721,10402014751,1,"IOTHUB_CLIENT_CONFIRMATION_OK"
4454,10402014921,10402014961,1,"IOTHUB_CLIENT_CONFIRMATION_OK"
4455,10402015122,10402015151,1,"IOTHUB_CLIENT_CONFIRMATION_OK"
4456,10402015322,10402015351,1,"IOTHUB_CLIENT_CONFIRMATION_OK"
4457,10402015522,10402015718,1,"IOTHUB_CLIENT_CONFIRMATION_OK"
4458,10402015722,10402015750,1,"IOTHUB_CLIENT_CONFIRMATION_OK"
4459,10402015922,10402015952,1,"IOTHUB_CLIENT_CONFIRMATION_OK"
4460,10402016122,10402016151,1,"IOTHUB_CLIENT_CONFIRMATION_OK"
4461,10402016323,10402016366,1,"IOTHUB_CLIENT_CONFIRMATION_OK"
4462,10402016523,10402016552,1,"IOTHUB_CLIENT_CONFIRMATION_OK"
4463,10402016723,10402016759,1,"IOTHUB_CLIENT_CONFIRMATION_OK"
4464,10402016923,10402016964,1,"IOTHUB_CLIENT_CONFIRMATION_OK"
4465,10402017123,10402017153,1,"IOTHUB_CLIENT_CONFIRMATION_OK"
4466,10402017323,10402017355,1,"IOTHUB_CLIENT_CONFIRMATION_OK"
4467,10402017524,10402017555,1,"IOTHUB_CLIENT_CONFIRMATION_OK"
4468,10402017724,10402017754,1,"IOTHUB_CLIENT_CONFIRMATION_OK"
4469,10402017924,10402017954,1,"IOTHUB_CLIENT_CONFIRMATION_OK"
4470,10402018124,10402018154,1,"IOTHUB_CLIENT_CONFIRMATION_OK"
4471,10402018324,10402018352,1,"IOTHUB_CLIENT_CONFIRMATION_OK"
4472,10402018524,10402018567,1,"IOTHUB_CLIENT_CONFIRMATION_OK"
4473,10402018725,10402018768,1,"IOTHUB_CLIENT_CONFIRMATION_OK"
4474,10402018925,10402018984,1,"IOTHUB_CLIENT_CONFIRMATION_OK"
4475,10402019125,10402019155,1,"IOTHUB_CLIENT_CONFIRMATION_OK"
4476,10402019325,10402019368,1,"IOTHUB_CLIENT_CONFIRMATION_OK"
4477,10402019525,10402019608,1,"IOTHUB_CLIENT_CONFIRMATION_OK"
4478,10402019725,10402019758,1,"IOTHUB_CLIENT_CONFIRMATION_OK"
4479,10402019925,10402019962,1,"IOTHUB_CLIENT_CONFIRMATION_OK"
4480,10402020126,10402020205,1,"IOTHUB_CLIENT_CONFIRMATION_OK"
4481,10402020326,10402020361,1,"IOTHUB_CLIENT_CONFIRMATION_OK"
4482,10402020526,10402020555,1,"IOTHUB_CLIENT_CONFIRMATION_OK"
4483,10402020726,10402020818,1,"IOTHUB_CLIENT_CONFIRMATION_OK"
4484,10402020926,10402020962,1,"IOTHUB_CLIENT_CONFIRMATION_OK"
4485,10402021126,10402021156,1,"IOTHUB_CLIENT_CONFIRMATION_OK"
4486,10402021327,10402021355,1,"IOTHUB_CLIENT_CONFIRMATION_OK"
4487,10402021527,10402021562,1,"IOTHUB_CLIENT_CONFIRMATION_OK"
4488,10402021727,10402021764,1,"IOTHUB_CLIENT_CONFIRMATION_OK"
4489,10402021927,10402021963,1,"IOTHUB_CLIENT_CONFIRMATION_OK"
4490,10402022127,10402022163,1,"IOTHUB_CLIENT_CONFIRMATION_OK"
4491,10402022327,10402022466,1,"IOTHUB_CLIENT_CONFIRMATION_OK"
4492,10402022528,10402022557,1,"IOTHUB_CLIENT_CONFIRMATION_OK"
4493,10402022728,10402022756,1,"IOTHUB_CLIENT_CONFIRMATION_OK"
4494,10402022928,10402023088,1,"IOTHUB_CLIENT_CONFIRMATION_OK"
4495,10402023128,10402023177,1,"IOTHUB_CLIENT_CONFIRMATION_OK"
4496,10402023328,10402023359,1,"IOTHUB_CLIENT_CONFIRMATION_OK"
4497,10402023528,10402023559,1,"IOTHUB_CLIENT_CONFIRMATION_OK"
4498,10402023729,10402023849,1,"IOTHUB_CLIENT_CONFIRMATION_OK"
4499,10402023929,10402023957,1,"IOTHUB_CLIENT_CONFIRMATION_OK"
4500,10402024129,10402024243,1,"IOTHUB_CLIENT_CONFIRMATION_OK"
4501,10402024329,10402024371,1,"IOTHUB_CLIENT_CONFIRMATION_OK"
4502,10402024529,10402024579,1,"IOTHUB_CLIENT_CONFIRMATION_OK"
4503,10402024729,10402024759,1,"IOTHUB_CLIENT_CONFIRMATION_OK"
4504,10402024929,10402024960,1,"IOTHUB_CLIENT_CONFIRMATION_OK"
4505,10402025130,10402025163,1,"IOTHUB_CLIENT_CONFIRMATION_OK"
4506,10402025330,10402025358,1,"IOTHUB_CLIENT_CONFIRMATION_OK"
4507,10402025530,10402025577,1,"IOTHUB_CLIENT_CONFIRMATION_OK"
4508,10402025730,10402025862,1,"IOTHUB_CLIENT_CONFIRMATION_OK"
4509,10402025930,10402025960,1,"IOTHUB_CLIENT_CONFIRMATION_OK"
4510,10402026131,10402026161,1,"IOTHUB_CLIENT_CONFIRMATION_OK"
4511,10402026331,10402026478,1,"IOTHUB_CLIENT_CONFIRMATION_OK"
4512,10402026531,10402026562,1,"IOTHUB_CLIENT_CONFIRMATION_OK"
4513,10402026731,10402026768,1,"IOTHUB_CLIENT_CONFIRMATION_OK"
4514,10402026931,10402026962,1,"IOTHUB_CLIENT_CONFIRMATION_OK"
4515,10402027131,10402027163,1,"IOTHUB_CLIENT_CONFIRMATION_OK"
4516,10402027331,10402027363,1,"IOTHUB_CLIENT_CONFIRMATION_OK"
4517,10402027532,10402027560,1,"IOTHUB_CLIENT_CONFIRMATION_OK"
4518,10402027732,10402027768,1,"IOTHUB_CLIENT_CONFIRMATION_OK"
4519,10402027932,10402027968,1,"IOTHUB_CLIENT_CONFIRMATION_OK"
4520,10402028132,10402028166,1,"IOTHUB_CLIENT_CONFIRMATION_OK"
4521,10402028332,10402028361,1,"IOTHUB_CLIENT_CONFIRMATION_OK"
4522,10402028532,10402028564,1,"IOTHUB_CLIENT_CONFIRMATION_OK"
4523,10402028733,10402028766,1,"IOTHUB_CLIENT_CONFIRMATION_OK"
4524,10402028933,10402028962,1,"IOTHUB_CLIENT_CONFIRMATION_OK"
4525,10402029133,10402029325,1,"IOTHUB_CLIENT_CONFIRMATION_OK"
4526,10402029333,10402029505,1,"IOTHUB_CLIENT_CONFIRMATION_OK"
4527,10402029533,10402029564,1,"IOTHUB_CLIENT_CONFIRMATION_OK"
4528,10402029733,10402029763,1,"IOTHUB_CLIENT_CONFIRMATION_OK"
4529,10402029933,10402029963,1,"IOTHUB_CLIENT_CONFIRMATION_OK"
4530,10402030134,10402030175,1,"IOTHUB_CLIENT_CONFIRMATION_OK"
4531,10402030334,10402030363,1,"IOTHUB_CLIENT_CONFIRMATION_OK"
4532,10402030534,10402030572,1,"IOTHUB_CLIENT_CONFIRMATION_OK"
4533,10402030734,10402030766,1,"IOTHUB_CLIENT_CONFIRMATION_OK"
4534,10402030934,10402030974,1,"IOTHUB_CLIENT_CONFIRMATION_OK"
4535,10402031134,10402031163,1,"IOTHUB_CLIENT_CONFIRMATION_OK"
4536,10402031335,10402031366,1,"IOTHUB_CLIENT_CONFIRMATION_OK"
4537,10402031535,10402031566,1,"IOTHUB_CLIENT_CONFIRMATION_OK"
4538,10402031735,10402031773,1,"IOTHUB_CLIENT_CONFIRMATION_OK"
4539,10402031935,10402031967,1,"IOTHUB_CLIENT_CONFIRMATION_OK"
4540,10402032135,10402032170,1,"IOTHUB_CLIENT_CONFIRMATION_OK"
4541,10402032335,10402032365,1,"IOTHUB_CLIENT_CONFIRMATION_OK"
4542,10402032535,10402032580,1,"IOTHUB_CLIENT_CONFIRMATION_OK"
4543,10402032736,10402032766,1,"IOTHUB_CLIENT_CONFIRMATION_OK"
4544,10402032936,10402032964,1,"IOTHUB_CLIENT_CONFIRMATION_OK"
4545,10402033136,10402033166,1,"IOTHUB_CLIENT_CONFIRMATION_OK"
4546,10402033336,10402033368,1,"IOTHUB_CLIENT_CONFIRMATION_OK"
4547,10402033536,10402033566,1,"IOTHUB_CLIENT_CONFIRMATION_OK"
4548,10402033736,10402033804,1,"IOTHUB_CLIENT_CONFIRMATION_OK"
4549,10402033937,10402033988,1,"IOTHUB_CLIENT_CONFIRMATION_OK"
4550,10402034137,10402034167,1,"IOTHUB_CLIENT_CONFIRMATION_OK"
4551,10402034337,10402034432,1,"IOTHUB_CLIENT_CONFIRMATION_OK"
4552,10402034537,10402034570,1,"IOTHUB_CLIENT_CONFIRMATION_OK"
4553,10402034737,10402034766,1,"IOTHUB_CLIENT_CONFIRMATION_OK"
4554,10402034937,10402035023,1,"IOTHUB_CLIENT_CONFIRMATION_OK"
4555,10402035138,10402035172,1,"IOTHUB_CLIENT_CONFIRMATION_OK"
4556,10402035338,10402035470,1,"IOTHUB_CLIENT_CONFIRMATION_OK"
4557,10402035538,10402035567,1,"IOTHUB_CLIENT_CONFIRMATION_OK"
4558,10402035738,10402035769,1,"IOTHUB_CLIENT_CONFIRMATION_OK"
4559,10402035938,10402036086,1,"IOTHUB_CLIENT_CONFIRMATION_OK"
4560,10402036138,10402036167,1,"IOTHUB_CLIENT_CONFIRMATION_OK"
4561,10402036339,10402036369,1,"IOTHUB_CLIENT_CONFIRMATION_OK"
4562,10402036539,10402036705,1,"IOTHUB_CLIENT_CONFIRMATION_OK"
4563,10402036739,10402036773,1,"IOTHUB_CLIENT_CONFIRMATION_OK"
4564,10402036939,10402036970,1,"IOTHUB_CLIENT_CONFIRMATION_OK"
4565,10402037139,10402037186,1,"IOTHUB_CLIENT_CONFIRMATION_OK"
4566,10402037339,10402037368,1,"IOTHUB_CLIENT_CONFIRMATION_OK"
4567,10402037539,10402037570,1,"IOTHUB_CLIENT_CONFIRMATION_OK"
4568,10402037740,10402037773,1,"IOTHUB_CLIENT_CONFIRMATION_OK"
4569,10402037940,10402037971,1,"IOTHUB_CLIENT_CONFIRMATION_OK"
4570,10402038140,10402038178,1,"IOTHUB_CLIENT_CONFIRMATION_OK"
4571,10402038340,10402038373,1,"IOTHUB_CLIENT_CONFIRMATION_OK"
4572,10402038540,10402038572,1,"IOTHUB_CLIENT_CONFIRMATION_OK"
4573,10402038740,10402038934,1,"IOTHUB_CLIENT_CONFIRMATION_OK"
4574,10402038941,10402038969,1,"IOTHUB_CLIENT_CONFIRMATION_OK"
4575,10402039141,10402039171,1,"IOTHUB_CLIENT_CONFIRMATION_OK"
4576,10402039341,10402039371,1,"IOTHUB_CLIENT_CONFIRMATION_OK"
4577,10402039541,10402039572,1,"IOTHUB_CLIENT_CONFIRMATION_OK"
4578,10402039741,10402039771,1,"IOTHUB_CLIENT_CONFIRMATION_OK"
4579,10402039941,10402039973,1,"IOTHUB_CLIENT_CONFIRMATION_OK"
4580,10402040142,10402040173,1,"IOTHUB_CLIENT_CONFIRMATION_OK"
4581,10402040342,10402040375,1,"IOTHUB_CLIENT_CONFIRMATION_OK"
4582,10402040542,10402040574,1,"IOTHUB_CLIENT_CONFIRMATION_OK"
4583,10402040742,10402040798,1,"IOTHUB_CLIENT_CONFIRMATION_OK"
4584,10402040942,10402040981,1,"IOTHUB_CLIENT_CONFIRMATION_OK"
4585,10402041142,10402041303,1,"IOTHUB_CLIENT_CONFIRMATION_OK"
4586,10402041342,10402041373,1,"IOTHUB_CLIENT_CONFIRMATION_OK"
4587,10402041543,10402041572,1,"IOTHUB_CLIENT_CONFIRMATION_OK"
4588,10402041743,10402041771,1,"IOTHUB_CLIENT_CONFIRMATION_OK"
4589,10402041943,10402041973,1,"IOTHUB_CLIENT_CONFIRMATION_OK"
4590,10402042143,10402042275,1,"IOTHUB_CLIENT_CONFIRMATION_OK"
4591,10402042343,10402042376,1,"IOTHUB_CLIENT_CONFIRMATION_OK"
4592,10402042543,10402042580,1,"IOTHUB_CLIENT_CONFIRMATION_OK"
4593,10402042744,10402042888,1,"IOTHUB_CLIENT_CONFIRMATION_OK"
4594,10402042944,10402042973,1,"IOTHUB_CLIENT_CONFIRMATION_OK"
4595,10402043144,10402043229,1,"IOTHUB_CLIENT_CONFIRMATION_OK"
4596,10402043344,10402043502,1,"IOTHUB_CLIENT_CONFIRMATION_OK"
4597,10402043544,10402043574,1,"IOTHUB_CLIENT_CONFIRMATION_OK"
4598,10402043744,10402043774,1,"IOTHUB_CLIENT_CONFIRMATION_OK"
4599,10402043945,10402043978,1,"IOTHUB_CLIENT_CONFIRMATION_OK"
4600,10402044145,10402044181,1,"IOTHUB_CLIENT_CONFIRMATION_OK"
4601,10402044345,10402044382,1,"IOTHUB_CLIENT_CONFIRMATION_OK"
4602,10402044545,10402044579,1,"IOTHUB_CLIENT_CONFIRMATION_OK"
4603,10402044745,10402044816,1,"IOTHUB_CLIENT_CONFIRMATION_OK"
4604,10402044945,10402044977,1,"IOTHUB_CLIENT_CONFIRMATION_OK"
4605,10402045145,10402045180,1,"IOTHUB_CLIENT_CONFIRMATION_OK"
4606,10402045346,10402045380,1,"IOTHUB_CLIENT_CONFIRMATION_OK"
4607,10402045546,10402045583,1,"IOTHUB_CLIENT_CONFIRMATION_OK"
4608,10402045746,10402045775,1,"IOTHUB_CLIENT_CONFIRMATION_OK"
4609,10402045946,10402045977,1,"IOTHUB_CLIENT_CONFIRMATION_OK"
4610,10402046146,10402046190,1,"IOTHUB_CLIENT_CONFIRMATION_OK"
4611,10402046346,10402046381,1,"IOTHUB_CLIENT_CONFIRMATION_OK"
4612,10402046547,10402046577,1,"IOTHUB_CLIENT_CONFIRMATION_OK"
4613,10402046747,10402046819,1,"IOTHUB_CLIENT_CONFIRMATION_OK"
4614,10402046947,10402046976,1,"IOTHUB_CLIENT_CONFIRMATION_OK"
4615,10402047147,10402047187,1,"IOTHUB_CLIENT_CONFIRMATION_OK"
4616,10402047347,10402047400,1,"IOTHUB_CLIENT_CONFIRMATION_OK"
4617,10402047547,10402047580,1,"IOTHUB_CLIENT_CONFIRMATION_OK"
4618,10402047748,10402047776,1,"IOTHUB_CLIENT_CONFIRMATION_OK"
4619,10402047948,10402048025,1,"IOTHUB_CLIENT_CONFIRMATION_OK"
4620,10402048148,10402048176,1,"IOTHUB_CLIENT_CONFIRMATION_OK"
4621,10402048348,10402048381,1,"IOTHUB_CLIENT_CONFIRMATION_OK"
4622,10402048548,10402048577,1,"IOTHUB_CLIENT_CONFIRMATION_OK"
4623,10402048748,10402048812,1,"IOTHUB_CLIENT_CONFIRMATION_OK"
4624,10402048949,10402049037,1,"IOTHUB_CLIENT_CONFIRMATION_OK"
4625,10402049149,10402049187,1,"IOTHUB_CLIENT_CONFIRMATION_OK"
4626,10402049349,10402049381,1,"IOTHUB_CLIENT_CONFIRMATION_OK"
4627,10402049549,10402049650,1,"IOTHUB_CLIENT_CONFIRMATION_OK"
4628,10402049749,10402049808,1,"IOTHUB_CLIENT_CONFIRMATION_OK"
4629,10402049949,10402049979,1,"IOTHUB_CLIENT_CONFIRMATION_OK"
4630,10402050150,10402050274,1,"IOTHUB_CLIENT_CONFIRMATION_OK"
4631,10402050350,10402050379,1,"IOTHUB_CLIENT_CONFIRMATION_OK"
4632,10402050550,10402050586,1,"IOTHUB_CLIENT_CONFIRMATION_OK"
4633,10402050750,10402050787,1,"IOTHUB_CLIENT_CONFIRMATION_OK"
4634,10402050950,10402050982,1,"IOTHUB_CLIENT_CONFIRMATION_OK"
4635,10402051150,10402051188,1,"IOTHUB_CLIENT_CONFIRMATION_OK"
4636,10402051350,10402051382,1,"IOTHUB_CLIENT_CONFIRMATION_OK"
4637,10402051551,10402051581,1,"IOTHUB_CLIENT_CONFIRMATION_OK"
4638,10402051751,10402051780,1,"IOTHUB_CLIENT_CONFIRMATION_OK"
4639,10402051951,10402052013,1,"IOTHUB_CLIENT_CONFIRMATION_OK"
4640,10402052151,10402052196,1,"IOTHUB_CLIENT_CONFIRMATION_OK"
4641,10402052351,10402052411,1,"IOTHUB_CLIENT_CONFIRMATION_OK"
4642,10402052551,10402052588,1,"IOTHUB_CLIENT_CONFIRMATION_OK"
4643,10402052752,10402052782,1,"IOTHUB_CLIENT_CONFIRMATION_OK"
4644,10402052952,10402053008,1,"IOTHUB_CLIENT_CONFIRMATION_OK"
4645,10402053152,10402053183,1,"IOTHUB_CLIENT_CONFIRMATION_OK"
4646,10402053352,10402053433,1,"IOTHUB_CLIENT_CONFIRMATION_OK"
4647,10402053552,10402053631,1,"IOTHUB_CLIENT_CONFIRMATION_OK"
4648,10402053752,10402053781,1,"IOTHUB_CLIENT_CONFIRMATION_OK"
4649,10402053953,10402053982,1,"IOTHUB_CLIENT_CONFIRMATION_OK"
4650,10402054153,10402054182,1,"IOTHUB_CLIENT_CONFIRMATION_OK"
4651,10402054353,10402054385,1,"IOTHUB_CLIENT_CONFIRMATION_OK"
4652,10402054553,10402054595,1,"IOTHUB_CLIENT_CONFIRMATION_OK"
4653,10402054753,10402054785,1,"IOTHUB_CLIENT_CONFIRMATION_OK"
4654,10402054953,10402054993,1,"IOTHUB_CLIENT_CONFIRMATION_OK"
4655,10402055153,10402055316,1,"IOTHUB_CLIENT_CONFIRMATION_OK"
4656,10402055354,10402055382,1,"IOTHUB_CLIENT_CONFIRMATION_OK"
4657,10402055554,10402055584,1,"IOTHUB_CLIENT_CONFIRMATION_OK"
4658,10402055754,10402055930,1,"IOTHUB_CLIENT_CONFIRMATION_OK"
4659,10402055954,10402055985,1,"IOTHUB_CLIENT_CONFIRMATION_OK"
4660,10402056154,10402056206,1,"IOTHUB_CLIENT_CONFIRMATION_OK"
4661,10402056354,10402056395,1,"IOTHUB_CLIENT_CONFIRMATION_OK"
4662,10402056555,10402056589,1,"IOTHUB_CLIENT_CONFIRMATION_OK"
4663,10402056755,10402056785,1,"IOTHUB_CLIENT_CONFIRMATION_OK"
4664,10402056955,10402057005,1,"IOTHUB_CLIENT_CONFIRMATION_OK"
4665,10402057155,10402057187,1,"IOTHUB_CLIENT_CONFIRMATION_OK"
4666,10402057355,10402057393,1,"IOTHUB_CLIENT_CONFIRMATION_OK"
4667,10402057555,10402057600,1,"IOTHUB_CLIENT_CONFIRMATION_OK"
4668,10402057756,10402057785,1,"IOTHUB_CLIENT_CONFIRMATION_OK"
4669,10402057956,10402057999,1,"IOTHUB_CLIENT_CONFIRMATION_OK"
4670,10402058156,10402058186,1,"IOTHUB_CLIENT_CONFIRMATION_OK"
4671,10402058356,10402058386,1,"IOTHUB_CLIENT_CONFIRMATION_OK"
4672,10402058556,10402058764,1,"IOTHUB_CLIENT_CONFIRMATION_OK"
4673,10402058756,10402058790,1,"IOTHUB_CLIENT_CONFIRMATION_OK"
4674,10402058957,10402058987,1,"IOTHUB_CLIENT_CONFIRMATION_OK"
4675,10402059157,10402059220,1,"IOTHUB_CLIENT_CONFIRMATION_OK"
4676,10402059357,10402059390,1,"IOTHUB_CLIENT_CONFIRMATION_OK"
4677,10402059557,10402059589,1,"IOTHUB_CLIENT_CONFIRMATION_OK"
4678,10402059757,10402059801,1,"IOTHUB_CLIENT_CONFIRMATION_OK"
4679,10402059957,10402059986,1,"IOTHUB_CLIENT_CONFIRMATION_OK"
4680,10402060158,10402060195,1,"IOTHUB_CLIENT_CONFIRMATION_OK"
4681,10402060358,10402060460,1,"IOTHUB_CLIENT_CONFIRMATION_OK"
4682,10402060558,10402060587,1,"IOTHUB_CLIENT_CONFIRMATION_OK"
4683,10402060758,10402060788,1,"IOTHUB_CLIENT_CONFIRMATION_OK"
4684,10402060958,10402061060,1,"IOTHUB_CLIENT_CONFIRMATION_OK"
4685,10402061158,10402061191,1,"IOTHUB_CLIENT_CONFIRMATION_OK"
4686,10402061358,10402061389,1,"IOTHUB_CLIENT_CONFIRMATION_OK"
4687,10402061559,10402061587,1,"IOTHUB_CLIENT_CONFIRMATION_OK"
4688,10402061759,10402061788,1,"IOTHUB_CLIENT_CONFIRMATION_OK"
4689,10402061959,10402062072,1,"IOTHUB_CLIENT_CONFIRMATION_OK"
4690,10402062159,10402062189,1,"IOTHUB_CLIENT_CONFIRMATION_OK"
4691,10402062359,10402062389,1,"IOTHUB_CLIENT_CONFIRMATION_OK"
4692,10402062559,10402062699,1,"IOTHUB_CLIENT_CONFIRMATION_OK"
4693,10402062759,10402062787,1,"IOTHUB_CLIENT_CONFIRMATION_OK"
4694,10402062960,10402062990,1,"IOTHUB_CLIENT_CONFIRMATION_OK"
4695,10402063160,10402063205,1,"IOTHUB_CLIENT_CONFIRMATION_OK"
4696,10402063360,10402063390,1,"IOTHUB_CLIENT_CONFIRMATION_OK"
4697,10402063560,10402063599,1,"IOTHUB_CLIENT_CONFIRMATION_OK"
4698,10402063760,10402063791,1,"IOTHUB_CLIENT_CONFIRMATION_OK"
4699,10402063960,10402064001,1,"IOTHUB_CLIENT_CONFIRMATION_OK"
4700,10402064161,10402064189,1,"IOTHUB_CLIENT_CONFIRMATION_OK"
4701,10402064361,10402064391,1,"IOTHUB_CLIENT_CONFIRMATION_OK"
4702,10402064561,10402064599,1,"IOTHUB_CLIENT_CONFIRMATION_OK"
4703,10402064761,10402064801,1,"IOTHUB_CLIENT_CONFIRMATION_OK"
4704,10402064961,10402064999,1,"IOTHUB_CLIENT_CONFIRMATION_OK"
4705,10402065161,10402065190,1,"IOTHUB_CLIENT_CONFIRMATION_OK"
4706,10402065362,10402065392,1,"IOTHUB_CLIENT_CONFIRMATION_OK"
4707,10402065562,10402065600,1,"IOTHUB_CLIENT_CONFIRMATION_OK"
4708,10402065762,10402065794,1,"IOTHUB_CLIENT_CONFIRMATION_OK"
4709,10402065962,10402066007,1,"IOTHUB_CLIENT_CONFIRMATION_OK"
4710,10402066162,10402066194,1,"IOTHUB_CLIENT_CONFIRMATION_OK"
4711,10402066362,10402066398,1,"IOTHUB_CLIENT_CONFIRMATION_OK"
4712,10402066562,10402066610,1,"IOTHUB_CLIENT_CONFIRMATION_OK"
4713,10402066763,10402066793,1,"IOTHUB_CLIENT_CONFIRMATION_OK"
4714,10402066963,10402066997,1,"IOTHUB_CLIENT_CONFIRMATION_OK"
4715,10402067163,10402067211,1,"IOTHUB_CLIENT_CONFIRMATION_OK"
4716,10402067363,10402067406,1,"IOTHUB_CLIENT_CONFIRMATION_OK"
4717,10402067563,10402067609,1,"IOTHUB_CLIENT_CONFIRMATION_OK"
4718,10402067763,10402067804,1,"IOTHUB_CLIENT_CONFIRMATION_OK"
4719,10402067964,10402068002,1,"IOTHUB_CLIENT_CONFIRMATION_OK"
4720,10402068164,10402068219,1,"IOTHUB_CLIENT_CONFIRMATION_OK"
4721,10402068364,10402068417,1,"IOTHUB_CLIENT_CONFIRMATION_OK"
4722,10402068564,10402068603,1,"IOTHUB_CLIENT_CONFIRMATION_OK"
4723,10402068764,10402068838,1,"IOTHUB_CLIENT_CONFIRMATION_OK"
4724,10402068964,10402068997,1,"IOTHUB_CLIENT_CONFIRMATION_OK"
4725,10402069165,10402069207,1,"IOTHUB_CLIENT_CONFIRMATION_OK"
4726,10402069365,10402069436,1,"IOTHUB_CLIENT_CONFIRMATION_OK"
4727,10402069565,10402069600,1,"IOTHUB_CLIENT_CONFIRMATION_OK"
4728,10402069765,10402069795,1,"IOTHUB_CLIENT_CONFIRMATION_OK"
4729,10402069965,10402070066,1,"IOTHUB_CLIENT_CONFIRMATION_OK"
4730,10402070165,10402070197,1,"IOTHUB_CLIENT_CONFIRMATION_OK"
4731,10402070365,10402070398,1,"IOTHUB_CLIENT_CONFIRMATION_OK"
4732,10402070566,10402070596,1,"IOTHUB_CLIENT_CONFIRMATION_OK"
4733,10402070766,10402070797,1,"IOTHUB_CLIENT_CONFIRMATION_OK"
4734,10402070966,10402071048,1,"IOTHUB_CLIENT_CONFIRMATION_OK"
4735,10402071166,10402071199,1,"IOTHUB_CLIENT_CONFIRMATION_OK"
4736,10402071366,10402071395,1,"IOTHUB_CLIENT_CONFIRMATION_OK"
4737,10402071566,10402071669,1,"IOTHUB_CLIENT_CONFIRMATION_OK"
4738,10402071767,10402071797,1,"IOTHUB_CLIENT_CONFIRMATION_OK"
4739,10402071967,10402072004,1,"IOTHUB_CLIENT_CONFIRMATION_OK"
4740,10402072167,10402072288,1,"IOTHUB_CLIENT_CONFIRMATION_OK"
4741,10402072367,10402072398,1,"IOTHUB_CLIENT_CONFIRMATION_OK"
4742,10402072567,10402072596,1,"IOTHUB_CLIENT_CONFIRMATION_OK"
4743,10402072767,10402072799,1,"IOTHUB_CLIENT_CONFIRMATION_OK"
4744,10402072968,10402073004,1,"IOTHUB_CLIENT_CONFIRMATION_OK"
4745,10402073168,10402073222,1,"IOTHUB_CLIENT_CONFIRMATION_OK"
4746,10402073368,10402073399,1,"IOTHUB_CLIENT_CONFIRMATION_OK"
4747,10402073568,10402073600,1,"IOTHUB_CLIENT_CONFIRMATION_OK"
4748,10402073768,10402073799,1,"IOTHUB_CLIENT_CONFIRMATION_OK"
4749,10402073968,10402073997,1,"IOTHUB_CLIENT_CONFIRMATION_OK"
4750,10402074169,10402074201,1,"IOTHUB_CLIENT_CONFIRMATION_OK"
4751,10402074369,10402074527,1,"IOTHUB_CLIENT_CONFIRMATION_OK"
4752,10402074569,10402074633,1,"IOTHUB_CLIENT_CONFIRMATION_OK"
4753,10402074769,10402074804,1,"IOTHUB_CLIENT_CONFIRMATION_OK"
4754,10402074969,10402075123,1,"IOTHUB_CLIENT_CONFIRMATION_OK"
4755,10402075169,10402075210,1,"IOTHUB_CLIENT_CONFIRMATION_OK"
4756,10402075370,10402075406,1,"IOTHUB_CLIENT_CONFIRMATION_OK"
4757,10402075570,10402075602,1,"IOTHUB_CLIENT_CONFIRMATION_OK"
4758,10402075770,10402075802,1,"IOTHUB_CLIENT_CONFIRMATION_OK"
4759,10402075970,10402076001,1,"IOTHUB_CLIENT_CONFIRMATION_OK"
4760,10402076170,10402076217,1,"IOTHUB_CLIENT_CONFIRMATION_OK"
4761,10402076370,10402076403,1,"IOTHUB_CLIENT_CONFIRMATION_OK"
4762,10402076570,10402076598,1,"IOTHUB_CLIENT_CONFIRMATION_OK"
4763,10402076771,10402076800,1,"IOTHUB_CLIENT_CONFIRMATION_OK"
4764,10402076971,10402077001,1,"IOTHUB_CLIENT_CONFIRMATION_OK"
4765,10402077171,10402077206,1,"IOTHUB_CLIENT_CONFIRMATION_OK"
4766,10402077371,10402077426,1,"IOTHUB_CLIENT_CONFIRMATION_OK"
4767,10402077571,10402077621,1,"IOTHUB_CLIENT_CONFIRMATION_OK"
4768,10402077771,10402077802,1,"IOTHUB_CLIENT_CONFIRMATION_OK"
4769,10402077972,10402078002,1,"IOTHUB_CLIENT_CONFIRMATION_OK"
4770,10402078172,10402078210,1,"IOTHUB_CLIENT_CONFIRMATION_OK"
4771,10402078372,10402078405,1,"IOTHUB_CLIENT_CONFIRMATION_OK"
4772,10402078572,10402078620,1,"IOTHUB_CLIENT_CONFIRMATION_OK"
4773,10402078772,10402078810,1,"IOTHUB_CLIENT_CONFIRMATION_OK"
4774,10402078972,10402079011,1,"IOTHUB_CLIENT_CONFIRMATION_OK"
4775,10402079172,10402079203,1,"IOTHUB_CLIENT_CONFIRMATION_OK"
4776,10402079373,10402079408,1,"IOTHUB_CLIENT_CONFIRMATION_OK"
4777,10402079573,10402079620,1,"IOTHUB_CLIENT_CONFIRMATION_OK"
4778,10402079773,10402079820,1,"IOTHUB_CLIENT_CONFIRMATION_OK"
4779,10402079973,10402080039,1,"IOTHUB_CLIENT_CONFIRMATION_OK"
4780,10402080173,10402080253,1,"IOTHUB_CLIENT_CONFIRMATION_OK"
4781,10402080373,10402080426,1,"IOTHUB_CLIENT_CONFIRMATION_OK"
4782,10402080574,10402080613,1,"IOTHUB_CLIENT_CONFIRMATION_OK"
4783,10402080774,10402080834,1,"IOTHUB_CLIENT_CONFIRMATION_OK"
4784,10402080974,10402081013,1,"IOTHUB_CLIENT_CONFIRMATION_OK"
4785,10402081174,10402081262,1,"IOTHUB_CLIENT_CONFIRMATION_OK"
4786,10402081374,10402081403,1,"IOTHUB_CLIENT_CONFIRMATION_OK"
4787,10402081574,10402081604,1,"IOTHUB_CLIENT_CONFIRMATION_OK"
4788,10402081774,10402081869,1,"IOTHUB_CLIENT_CONFIRMATION_OK"
4789,10402081975,10402082003,1,"IOTHUB_CLIENT_CONFIRMATION_OK"
4790,10402082175,10402082220,1,"IOTHUB_CLIENT_CONFIRMATION_OK"
4791,10402082375,10402082488,1,"IOTHUB_CLIENT_CONFIRMATION_OK"
4792,10402082575,10402082606,1,"IOTHUB_CLIENT_CONFIRMATION_OK"
4793,10402082775,10402082809,1,"IOTHUB_CLIENT_CONFIRMATION_OK"
4794,10402082975,10402083015,1,"IOTHUB_CLIENT_CONFIRMATION_OK"
4795,10402083176,10402083211,1,"IOTHUB_CLIENT_CONFIRMATION_OK"
4796,10402083376,10402083411,1,"IOTHUB_CLIENT_CONFIRMATION_OK"
4797,10402083576,10402083623,1,"IOTHUB_CLIENT_CONFIRMATION_OK"
4798,10402083776,10402083807,1,"IOTHUB_CLIENT_CONFIRMATION_OK"
4799,10402083976,10402084094,1,"IOTHUB_CLIENT_CONFIRMATION_OK"
4800,10402084176,10402084208,1,"IOTHUB_CLIENT_CONFIRMATION_OK"
4801,10402084377,10402084409,1,"IOTHUB_CLIENT_CONFIRMATION_OK"
4802,10402084577,10402084750,1,"IOTHUB_CLIENT_CONFIRMATION_OK"
4803,10402084777,10402084818,1,"IOTHUB_CLIENT_CONFIRMATION_OK"
4804,10402084977,10402085006,1,"IOTHUB_CLIENT_CONFIRMATION_OK"
4805,10402085177,10402085259,1,"IOTHUB_CLIENT_CONFIRMATION_OK"
4806,10402085377,10402085408,1,"IOTHUB_CLIENT_CONFIRMATION_OK"
4807,10402085577,10402085608,1,"IOTHUB_CLIENT_CONFIRMATION_OK"
4808,10402085778,10402085809,1,"IOTHUB_CLIENT_CONFIRMATION_OK"
4809,10402085978,10402086005,1,"IOTHUB_CLIENT_CONFIRMATION_OK"
4810,10402086178,10402086207,1,"IOTHUB_CLIENT_CONFIRMATION_OK"
4811,10402086378,10402086422,1,"IOTHUB_CLIENT_CONFIRMATION_OK"
4812,10402086578,10402086614,1,"IOTHUB_CLIENT_CONFIRMATION_OK"
4813,10402086778,10402086809,1,"IOTHUB_CLIENT_CONFIRMATION_OK"
4814,10402086979,10402087022,1,"IOTHUB_CLIENT_CONFIRMATION_OK"
4815,10402087179,10402087219,1,"IOTHUB_CLIENT_CONFIRMATION_OK"
4816,10402087379,10402087554,1,"IOTHUB_CLIENT_CONFIRMATION_OK"
4817,10402087579,10402087613,1,"IOTHUB_CLIENT_CONFIRMATION_OK"
4818,10402087779,10402087811,1,"IOTHUB_CLIENT_CONFIRMATION_OK"
4819,10402087979,10402088160,1,"IOTHUB_CLIENT_CONFIRMATION_OK"
4820,10402088180,10402088212,1,"IOTHUB_CLIENT_CONFIRMATION_OK"
4821,10402088380,10402088418,1,"IOTHUB_CLIENT_CONFIRMATION_OK"
4822,10402088580,10402088612,1,"IOTHUB_CLIENT_CONFIRMATION_OK"
4823,10402088780,10402088824,1,"IOTHUB_CLIENT_CONFIRMATION_OK"
4824,10402088980,10402089009,1,"IOTHUB_CLIENT_CONFIRMATION_OK"
4825,10402089180,10402089211,1,"IOTHUB_CLIENT_CONFIRMATION_OK"
4826,10402089380,10402089414,1,"IOTHUB_CLIENT_CONFIRMATION_OK"
4827,10402089581,10402089609,1,"IOTHUB_CLIENT_CONFIRMATION_OK"
4828,10402089781,10402089812,1,"IOTHUB_CLIENT_CONFIRMATION_OK"
4829,10402089981,10402090011,1,"IOTHUB_CLIENT_CONFIRMATION_OK"
4830,10402090181,10402090210,1,"IOTHUB_CLIENT_CONFIRMATION_OK"
4831,10402090381,10402090410,1,"IOTHUB_CLIENT_CONFIRMATION_OK"
4832,10402090581,10402090614,1,"IOTHUB_CLIENT_CONFIRMATION_OK"
4833,10402090782,10402090833,1,"IOTHUB_CLIENT_CONFIRMATION_OK"
4834,10402090982,10402091016,1,"IOTHUB_CLIENT_CONFIRMATION_OK"
4835,10402091182,10402091210,1,"IOTHUB_CLIENT_CONFIRMATION_OK"
4836,10402091382,10402091468,1,"IOTHUB_CLIENT_CONFIRMATION_OK"
4837,10402091582,10402091611,1,"IOTHUB_CLIENT_CONFIRMATION_OK"
4838,10402091782,10402091819,1,"IOTHUB_CLIENT_CONFIRMATION_OK"
4839,10402091983,10402092073,1,"IOTHUB_CLIENT_CONFIRMATION_OK"
4840,10402092183,10402092211,1,"IOTHUB_CLIENT_CONFIRMATION_OK"
4841,10402092383,10402092412,1,"IOTHUB_CLIENT_CONFIRMATION_OK"
4842,10402092583,10402092746,1,"IOTHUB_CLIENT_CONFIRMATION_OK"
4843,10402092783,10402092815,1,"IOTHUB_CLIENT_CONFIRMATION_OK"
4844,10402092983,10402093014,1,"IOTHUB_CLIENT_CONFIRMATION_OK"
4845,10402093183,10402093217,1,"IOTHUB_CLIENT_CONFIRMATION_OK"
4846,10402093384,10402093435,1,"IOTHUB_CLIENT_CONFIRMATION_OK"
4847,10402093584,10402093620,1,"IOTHUB_CLIENT_CONFIRMATION_OK"
4848,10402093784,10402093814,1,"IOTHUB_CLIENT_CONFIRMATION_OK"
4849,10402093984,10402094015,1,"IOTHUB_CLIENT_CONFIRMATION_OK"
4850,10402094184,10402094298,1,"IOTHUB_CLIENT_CONFIRMATION_OK"
4851,10402094384,10402094417,1,"IOTHUB_CLIENT_CONFIRMATION_OK"
4852,10402094584,10402094616,1,"IOTHUB_CLIENT_CONFIRMATION_OK"
4853,10402094785,10402094939,1,"IOTHUB_CLIENT_CONFIRMATION_OK"
4854,10402094985,10402095015,1,"IOTHUB_CLIENT_CONFIRMATION_OK"
4855,10402095185,10402095215,1,"IOTHUB_CLIENT_CONFIRMATION_OK"
4856,10402095385,10402095416,1,"IOTHUB_CLIENT_CONFIRMATION_OK"
4857,10402095585,10402095616,1,"IOTHUB_CLIENT_CONFIRMATION_OK"
4858,10402095785,10402095816,1,"IOTHUB_CLIENT_CONFIRMATION_OK"
4859,10402095986,10402096014,1,"IOTHUB_CLIENT_CONFIRMATION_OK"
4860,10402096186,10402096220,1,"IOTHUB_CLIENT_CONFIRMATION_OK"
4861,10402096386,10402096419,1,"IOTHUB_CLIENT_CONFIRMATION_OK"
4862,10402096586,10402096615,1,"IOTHUB_CLIENT_CONFIRMATION_OK"
4863,10402096786,10402096816,1,"IOTHUB_CLIENT_CONFIRMATION_OK"
4864,10402096986,10402097029,1,"IOTHUB_CLIENT_CONFIRMATION_OK"
4865,10402097187,10402097230,1,"IOTHUB_CLIENT_CONFIRMATION_OK"
4866,10402097387,10402097418,1,"IOTHUB_CLIENT_CONFIRMATION_OK"
4867,10402097587,10402097764,1,"IOTHUB_CLIENT_CONFIRMATION_OK"
4868,10402097787,10402097826,1,"IOTHUB_CLIENT_CONFIRMATION_OK"
4869,10402097987,10402098016,1,"IOTHUB_CLIENT_CONFIRMATION_OK"
4870,10402098187,10402098223,1,"IOTHUB_CLIENT_CONFIRMATION_OK"
4871,10402098387,10402098419,1,"IOTHUB_CLIENT_CONFIRMATION_OK"
4872,10402098588,10402098618,1,"IOTHUB_CLIENT_CONFIRMATION_OK"
4873,10402098788,10402098907,1,"IOTHUB_CLIENT_CONFIRMATION_OK"
4874,10402098988,10402099020,1,"IOTHUB_CLIENT_CONFIRMATION_OK"
4875,10402099188,10402099220,1,"IOTHUB_CLIENT_CONFIRMATION_OK"
4876,10402099388,10402099419,1,"IOTHUB_CLIENT_CONFIRMATION_OK"
4877,10402099588,10402099628,1,"IOTHUB_CLIENT_CONFIRMATION_OK"
4878,10402099789,10402099829,1,"IOTHUB_CLIENT_CONFIRMATION_OK"
4879,10402099989,10402100020,1,"IOTHUB_CLIENT_CONFIRMATION_OK"
4880,10402100189,10402100218,1,"IOTHUB_CLIENT_CONFIRMATION_OK"
4881,10402100389,10402100557,1,"IOTHUB_CLIENT_CONFIRMATION_OK"
4882,10402100589,10402100619,1,"IOTHUB_CLIENT_CONFIRMATION_OK"
4883,10402100789,10402100834,1,"IOTHUB_CLIENT_CONFIRMATION_OK"
4884,10402100990,10402101185,1,"IOTHUB_CLIENT_CONFIRMATION_OK"
4885,10402101190,10402101221,1,"IOTHUB_CLIENT_CONFIRMATION_OK"
4886,10402101390,10402101430,1,"IOTHUB_CLIENT_CONFIRMATION_OK"
4887,10402101590,10402101622,1,"IOTHUB_CLIENT_CONFIRMATION_OK"
4888,10402101790,10402101818,1,"IOTHUB_CLIENT_CONFIRMATION_OK"
4889,10402101990,10402102020,1,"IOTHUB_CLIENT_CONFIRMATION_OK"
4890,10402102191,10402102219,1,"IOTHUB_CLIENT_CONFIRMATION_OK"
4891,10402102391,10402102444,1,"IOTHUB_CLIENT_CONFIRMATION_OK"
4892,10402102591,10402102622,1,"IOTHUB_CLIENT_CONFIRMATION_OK"
4893,10402102791,10402102821,1,"IOTHUB_CLIENT_CONFIRMATION_OK"
4894,10402102991,10402103028,1,"IOTHUB_CLIENT_CONFIRMATION_OK"
4895,10402103191,10402103223,1,"IOTHUB_CLIENT_CONFIRMATION_OK"
4896,10402103391,10402103421,1,"IOTHUB_CLIENT_CONFIRMATION_OK"
4897,10402103592,10402103621,1,"IOTHUB_CLIENT_CONFIRMATION_OK"
4898,10402103792,10402103821,1,"IOTHUB_CLIENT_CONFIRMATION_OK"
4899,10402103992,10402104023,1,"IOTHUB_CLIENT_CONFIRMATION_OK"
4900,10402104192,10402104224,1,"IOTHUB_CLIENT_CONFIRMATION_OK"
4901,10402104392,10402104438,1,"IOTHUB_CLIENT_CONFIRMATION_OK"
4902,10402104592,10402104829,1,"IOTHUB_CLIENT_CONFIRMATION_OK"
4903,10402104793,10402104845,1,"IOTHUB_CLIENT_CONFIRMATION_OK"
4904,10402104993,10402105033,1,"IOTHUB_CLIENT_CONFIRMATION_OK"
4905,10402105193,10402105224,1,"IOTHUB_CLIENT_CONFIRMATION_OK"
4906,10402105393,10402105447,1,"IOTHUB_CLIENT_CONFIRMATION_OK"
4907,10402105593,10402105630,1,"IOTHUB_CLIENT_CONFIRMATION_OK"
4908,10402105793,10402105838,1,"IOTHUB_CLIENT_CONFIRMATION_OK"
4909,10402105994,10402106022,1,"IOTHUB_CLIENT_CONFIRMATION_OK"
4910,10402106194,10402106238,1,"IOTHUB_CLIENT_CONFIRMATION_OK"
4911,10402106394,10402106428,1,"IOTHUB_CLIENT_CONFIRMATION_OK"
4912,10402106594,10402106632,1,"IOTHUB_CLIENT_CONFIRMATION_OK"
4913,10402106794,10402106833,1,"IOTHUB_CLIENT_CONFIRMATION_OK"
4914,10402106994,10402107022,1,"IOTHUB_CLIENT_CONFIRMATION_OK"
4915,10402107194,10402107250,1,"IOTHUB_CLIENT_CONFIRMATION_OK"
4916,10402107395,10402107426,1,"IOTHUB_CLIENT_CONFIRMATION_OK"
4917,10402107595,10402107625,1,"IOTHUB_CLIENT_CONFIRMATION_OK"
4918,10402107795,10402107846,1,"IOTHUB_CLIENT_CONFIRMATION_OK"
4919,10402107995,10402108029,1,"IOTHUB_CLIENT_CONFIRMATION_OK"
4920,10402108195,10402108228,1,"IOTHUB_CLIENT_CONFIRMATION_OK"
4921,10402108395,10402108456,1,"IOTHUB_CLIENT_CONFIRMATION_OK"
4922,10402108596,10402108627,1,"IOTHUB_CLIENT_CONFIRMATION_OK"
4923,10402108796,10402108826,1,"IOTHUB_CLIENT_CONFIRMATION_OK"
4924,10402108996,10402109064,1,"IOTHUB_CLIENT_CONFIRMATION_OK"
4925,10402109196,10402109225,1,"IOTHUB_CLIENT_CONFIRMATION_OK"
4926,10402109396,10402109426,1,"IOTHUB_CLIENT_CONFIRMATION_OK"
4927,10402109596,10402109678,1,"IOTHUB_CLIENT_CONFIRMATION_OK"
4928,10402109797,10402109939,1,"IOTHUB_CLIENT_CONFIRMATION_OK"
4929,10402109997,10402110024,1,"IOTHUB_CLIENT_CONFIRMATION_OK"
4930,10402110197,10402110234,1,"IOTHUB_CLIENT_CONFIRMATION_OK"
4931,10402110397,10402110428,1,"IOTHUB_CLIENT_CONFIRMATION_OK"
4932,10402110597,10402110737,1,"IOTHUB_CLIENT_CONFIRMATION_OK"
4933,10402110797,10402110829,1,"IOTHUB_CLIENT_CONFIRMATION_OK"
4934,10402110997,10402111030,1,"IOTHUB_CLIENT_CONFIRMATION_OK"
4935,10402111198,10402111347,1,"IOTHUB_CLIENT_CONFIRMATION_OK"
4936,10402111398,10402111429,1,"IOTHUB_CLIENT_CONFIRMATION_OK"
4937,10402111598,10402111629,1,"IOTHUB_CLIENT_CONFIRMATION_OK"
4938,10402111798,10402111827,1,"IOTHUB_CLIENT_CONFIRMATION_OK"
4939,10402111998,10402112030,1,"IOTHUB_CLIENT_CONFIRMATION_OK"
4940,10402112198,10402112226,1,"IOTHUB_CLIENT_CONFIRMATION_OK"
4941,10402112399,10402112430,1,"IOTHUB_CLIENT_CONFIRMATION_OK"
4942,10402112599,10402112630,1,"IOTHUB_CLIENT_CONFIRMATION_OK"
4943,10402112799,10402112830,1,"IOTHUB_CLIENT_CONFIRMATION_OK"
4944,10402112999,10402113031,1,"IOTHUB_CLIENT_CONFIRMATION_OK"
4945,10402113199,10402113233,1,"IOTHUB_CLIENT_CONFIRMATION_OK"
4946,10402113399,10402113431,1,"IOTHUB_CLIENT_CONFIRMATION_OK"
4947,10402113599,10402113629,1,"IOTHUB_CLIENT_CONFIRMATION_OK"
4948,10402113800,10402113834,1,"IOTHUB_CLIENT_CONFIRMATION_OK"
4949,10402114000,10402114029,1,"IOTHUB_CLIENT_CONFIRMATION_OK"
4950,10402114200,10402114235,1,"IOTHUB_CLIENT_CONFIRMATION_OK"
4951,10402114400,10402114429,1,"IOTHUB_CLIENT_CONFIRMATION_OK"
4952,10402114600,10402114631,1,"IOTHUB_CLIENT_CONFIRMATION_OK"
4953,10402114800,10402114834,1,"IOTHUB_CLIENT_CONFIRMATION_OK"
4954,10402115001,10402115033,1,"IOTHUB_CLIENT_CONFIRMATION_OK"
4955,10402115201,10402115231,1,"IOTHUB_CLIENT_CONFIRMATION_OK"
4956,10402115401,10402115430,1,"IOTHUB_CLIENT_CONFIRMATION_OK"
4957,10402115601,10402115632,1,"IOTHUB_CLIENT_CONFIRMATION_OK"
4958,10402115801,10402115841,1,"IOTHUB_CLIENT_CONFIRMATION_OK"
4959,10402116001,10402116033,1,"IOTHUB_CLIENT_CONFIRMATION_OK"
4960,10402116201,10402116228,1,"IOTHUB_CLIENT_CONFIRMATION_OK"
4961,10402116402,10402116452,1,"IOTHUB_CLIENT_CONFIRMATION_OK"
4962,10402116602,10402116630,1,"IOTHUB_CLIENT_CONFIRMATION_OK"
4963,10402116802,10402116837,1,"IOTHUB_CLIENT_CONFIRMATION_OK"
4964,10402117002,10402117040,1,"IOTHUB_CLIENT_CONFIRMATION_OK"
4965,10402117202,10402117232,1,"IOTHUB_CLIENT_CONFIRMATION_OK"
4966,10402117402,10402117460,1,"IOTHUB_CLIENT_CONFIRMATION_OK"
4967,10402117603,10402117635,1,"IOTHUB_CLIENT_CONFIRMATION_OK"
4968,10402117803,10402117835,1,"IOTHUB_CLIENT_CONFIRMATION_OK"
4969,10402118003,10402118065,1,"IOTHUB_CLIENT_CONFIRMATION_OK"
4970,10402118203,10402118236,1,"IOTHUB_CLIENT_CONFIRMATION_OK"
4971,10402118403,10402118447,1,"IOTHUB_CLIENT_CONFIRMATION_OK"
4972,10402118603,10402118704,1,"IOTHUB_CLIENT_CONFIRMATION_OK"
4973,10402118803,10402118834,1,"IOTHUB_CLIENT_CONFIRMATION_OK"
4974,10402119004,10402119032,1,"IOTHUB_CLIENT_CONFIRMATION_OK"
4975,10402119204,10402119248,1,"IOTHUB_CLIENT_CONFIRMATION_OK"
4976,10402119404,10402119440,1,"IOTHUB_CLIENT_CONFIRMATION_OK"
4977,10402119604,10402119635,1,"IOTHUB_CLIENT_CONFIRMATION_OK"
4978,10402119804,10402119834,1,"IOTHUB_CLIENT_CONFIRMATION_OK"
4979,10402120004,10402120041,1,"IOTHUB_CLIENT_CONFIRMATION_OK"
4980,10402120205,10402120319,1,"IOTHUB_CLIENT_CONFIRMATION_OK"
4981,10402120405,10402120435,1,"IOTHUB_CLIENT_CONFIRMATION_OK"
4982,10402120605,10402120635,1,"IOTHUB_CLIENT_CONFIRMATION_OK"
4983,10402120805,10402120840,1,"IOTHUB_CLIENT_CONFIRMATION_OK"
4984,10402121005,10402121035,1,"IOTHUB_CLIENT_CONFIRMATION_OK"
4985,10402121205,10402121236,1,"IOTHUB_CLIENT_CONFIRMATION_OK"
4986,10402121405,10402121433,1,"IOTHUB_CLIENT_CONFIRMATION_OK"
4987,10402121606,10402121640,1,"IOTHUB_CLIENT_CONFIRMATION_OK"
4988,10402121806,10402121837,1,"IOTHUB_CLIENT_CONFIRMATION_OK"
4989,10402122006,10402122035,1,"IOTHUB_CLIENT_CONFIRMATION_OK"
4990,10402122206,10402122235,1,"IOTHUB_CLIENT_CONFIRMATION_OK"
4991,10402122406,10402122461,1,"IOTHUB_CLIENT_CONFIRMATION_OK"
4992,10402122606,10402122638,1,"IOTHUB_CLIENT_CONFIRMATION_OK"
4993,10402122806,10402122836,1,"IOTHUB_CLIENT_CONFIRMATION_OK"
4994,10402123007,10402123040,1,"IOTHUB_CLIENT_CONFIRMATION_OK"
4995,10402123207,10402123244,1,"IOTHUB_CLIENT_CONFIRMATION_OK"
4996,10402123407,10402123436,1,"IOTHUB_CLIENT_CONFIRMATION_OK"
4997,10402123607,10402123648,1,"IOTHUB_CLIENT_CONFIRMATION_OK"
4998,10402123807,10402123843,1,"IOTHUB_CLIENT_CONFIRMATION_OK"
4999,10402124007,10402124044,1,"IOTHUB_CLIENT_CONFIRMATION_OK"
5000,10402124208,10402124252,1,"IOTHUB_CLIENT_CONFIRMATION_OK"
5001,10402124408,10402124444,1,"IOTHUB_CLIENT_CONFIRMATION_OK"
5002,10402124608,10402124658,1,"IOTHUB_CLIENT_CONFIRMATION_OK"
5003,10402124808,10402124881,1,"IOTHUB_CLIENT_CONFIRMATION_OK"
5004,10402125008,10402125041,1,"IOTHUB_CLIENT_CONFIRMATION_OK"
5005,10402125208,10402125243,1,"IOTHUB_CLIENT_CONFIRMATION_OK"
5006,10402125409,10402125495,1,"IOTHUB_CLIENT_CONFIRMATION_OK"
5007,10402125609,10402125648,1,"IOTHUB_CLIENT_CONFIRMATION_OK"
5008,10402125809,10402125841,1,"IOTHUB_CLIENT_CONFIRMATION_OK"
5009,10402126009,10402126052,1,"IOTHUB_CLIENT_CONFIRMATION_OK"
5010,10402126209,10402126241,1,"IOTHUB_CLIENT_CONFIRMATION_OK"
5011,10402126409,10402126443,1,"IOTHUB_CLIENT_CONFIRMATION_OK"
5012,10402126609,10402126647,1,"IOTHUB_CLIENT_CONFIRMATION_OK"
5013,10402126810,10402126839,1,"IOTHUB_CLIENT_CONFIRMATION_OK"
5014,10402127010,10402127193,1,"IOTHUB_CLIENT_CONFIRMATION_OK"
5015,10402127210,10402127249,1,"IOTHUB_CLIENT_CONFIRMATION_OK"
5016,10402127410,10402127438,1,"IOTHUB_CLIENT_CONFIRMATION_OK"
5017,10402127610,10402127789,1,"IOTHUB_CLIENT_CONFIRMATION_OK"
5018,10402127810,10402127843,1,"IOTHUB_CLIENT_CONFIRMATION_OK"
5019,10402128011,10402128042,1,"IOTHUB_CLIENT_CONFIRMATION_OK"
5020,10402128211,10402128249,1,"IOTHUB_CLIENT_CONFIRMATION_OK"
5021,10402128411,10402128459,1,"IOTHUB_CLIENT_CONFIRMATION_OK"
5022,10402128611,10402128660,1,"IOTHUB_CLIENT_CONFIRMATION_OK"
5023,10402128811,10402128871,1,"IOTHUB_CLIENT_CONFIRMATION_OK"
5024,10402129011,10402129044,1,"IOTHUB_CLIENT_CONFIRMATION_OK"
5025,10402129211,10402129244,1,"IOTHUB_CLIENT_CONFIRMATION_OK"
5026,10402129412,10402129488,1,"IOTHUB_CLIENT_CONFIRMATION_OK"
5027,10402129612,10402129645,1,"IOTHUB_CLIENT_CONFIRMATION_OK"
5028,10402129812,10402129842,1,"IOTHUB_CLIENT_CONFIRMATION_OK"
5029,10402130012,10402130042,1,"IOTHUB_CLIENT_CONFIRMATION_OK"
5030,10402130212,10402130247,1,"IOTHUB_CLIENT_CONFIRMATION_OK"
5031,10402130412,10402130490,1,"IOTHUB_CLIENT_CONFIRMATION_OK"
5032,10402130613,10402130651,1,"IOTHUB_CLIENT_CONFIRMATION_OK"
5033,10402130813,10402130845,1,"IOTHUB_CLIENT_CONFIRMATION_OK"
5034,10402131013,10402131093,1,"IOTHUB_CLIENT_CONFIRMATION_OK"
5035,10402131213,10402131242,1,"IOTHUB_CLIENT_CONFIRMATION_OK"
5036,10402131413,10402131451,1,"IOTHUB_CLIENT_CONFIRMATION_OK"
5037,10402131613,10402131719,1,"IOTHUB_CLIENT_CONFIRMATION_OK"
5038,10402131814,10402131851,1,"IOTHUB_CLIENT_CONFIRMATION_OK"
5039,10402132014,10402132044,1,"IOTHUB_CLIENT_CONFIRMATION_OK"
5040,10402132214,10402132243,1,"IOTHUB_CLIENT_CONFIRMATION_OK"
5041,10402132414,10402132445,1,"IOTHUB_CLIENT_CONFIRMATION_OK"
5042,10402132614,10402132649,1,"IOTHUB_CLIENT_CONFIRMATION_OK"
5043,10402132814,10402132847,1,"IOTHUB_CLIENT_CONFIRMATION_OK"
5044,10402133014,10402133044,1,"IOTHUB_CLIENT_CONFIRMATION_OK"
5045,10402133215,10402133400,1,"IOTHUB_CLIENT_CONFIRMATION_OK"
5046,10402133415,10402133443,1,"IOTHUB_CLIENT_CONFIRMATION_OK"
5047,10402133615,10402133646,1,"IOTHUB_CLIENT_CONFIRMATION_OK"
5048,10402133815,10402133850,1,"IOTHUB_CLIENT_CONFIRMATION_OK"
5049,10402134015,10402134045,1,"IOTHUB_CLIENT_CONFIRMATION_OK"
5050,10402134215,10402134247,1,"IOTHUB_CLIENT_CONFIRMATION_OK"
5051,10402134416,10402134483,1,"IOTHUB_CLIENT_CONFIRMATION_OK"
5052,10402134616,10402134662,1,"IOTHUB_CLIENT_CONFIRMATION_OK"
5053,10402134816,10402134845,1,"IOTHUB_CLIENT_CONFIRMATION_OK"
5054,10402135016,10402135046,1,"IOTHUB_CLIENT_CONFIRMATION_OK"
5055,10402135216,10402135247,1,"IOTHUB_CLIENT_CONFIRMATION_OK"
5056,10402135416,10402135446,1,"IOTHUB_CLIENT_CONFIRMATION_OK"
5057,10402135617,10402135673,1,"IOTHUB_CLIENT_CONFIRMATION_OK"
5058,10402135817,10402135858,1,"IOTHUB_CLIENT_CONFIRMATION_OK"
5059,10402136017,10402136055,1,"IOTHUB_CLIENT_CONFIRMATION_OK"
5060,10402136217,10402136268,1,"IOTHUB_CLIENT_CONFIRMATION_OK"
5061,10402136417,10402136451,1,"IOTHUB_CLIENT_CONFIRMATION_OK"
5062,10402136617,10402136649,1,"IOTHUB_CLIENT_CONFIRMATION_OK"
5063,10402136818,10402136862,1,"IOTHUB_CLIENT_CONFIRMATION_OK"
5064,10402137018,10402137066,1,"IOTHUB_CLIENT_CONFIRMATION_OK"
5065,10402137218,10402137293,1,"IOTHUB_CLIENT_CONFIRMATION_OK"
5066,10402137418,10402137447,1,"IOTHUB_CLIENT_CONFIRMATION_OK"
5067,10402137618,10402137649,1,"IOTHUB_CLIENT_CONFIRMATION_OK"
5068,10402137818,10402137899,1,"IOTHUB_CLIENT_CONFIRMATION_OK"
5069,10402138018,10402138049,1,"IOTHUB_CLIENT_CONFIRMATION_OK"
5070,10402138219,10402138250,1,"IOTHUB_CLIENT_CONFIRMATION_OK"
5071,10402138419,10402138512,1,"IOTHUB_CLIENT_CONFIRMATION_OK"
5072,10402138619,10402138649,1,"IOTHUB_CLIENT_CONFIRMATION_OK"
5073,10402138819,10402138854,1,"IOTHUB_CLIENT_CONFIRMATION_OK"
5074,10402139019,10402139050,1,"IOTHUB_CLIENT_CONFIRMATION_OK"
5075,10402139219,10402139247,1,"IOTHUB_CLIENT_CONFIRMATION_OK"
5076,10402139420,10402139459,1,"IOTHUB_CLIENT_CONFIRMATION_OK"
5077,10402139620,10402139651,1,"IOTHUB_CLIENT_CONFIRMATION_OK"
5078,10402139820,10402139855,1,"IOTHUB_CLIENT_CONFIRMATION_OK"
5079,10402140020,10402140184,1,"IOTHUB_CLIENT_CONFIRMATION_OK"
5080,10402140220,10402140251,1,"IOTHUB_CLIENT_CONFIRMATION_OK"
5081,10402140420,10402140459,1,"IOTHUB_CLIENT_CONFIRMATION_OK"
5082,10402140620,10402140793,1,"IOTHUB_CLIENT_CONFIRMATION_OK"
5083,10402140821,10402140853,1,"IOTHUB_CLIENT_CONFIRMATION_OK"
5084,10402141021,10402141060,1,"IOTHUB_CLIENT_CONFIRMATION_OK"
5085,10402141221,10402141249,1,"IOTHUB_CLIENT_CONFIRMATION_OK"
5086,10402141421,10402141458,1,"IOTHUB_CLIENT_CONFIRMATION_OK"
5087,10402141621,10402141671,1,"IOTHUB_CLIENT_CONFIRMATION_OK"
5088,10402141821,10402141854,1,"IOTHUB_CLIENT_CONFIRMATION_OK"
5089,10402142022,10402142053,1,"IOTHUB_CLIENT_CONFIRMATION_OK"
5090,10402142222,10402142252,1,"IOTHUB_CLIENT_CONFIRMATION_OK"
5091,10402142422,10402142452,1,"IOTHUB_CLIENT_CONFIRMATION_OK"
5092,10402142622,10402142659,1,"IOTHUB_CLIENT_CONFIRMATION_OK"
5093,10402142822,10402142851,1,"IOTHUB_CLIENT_CONFIRMATION_OK"
5094,10402143022,10402143061,1,"IOTHUB_CLIENT_CONFIRMATION_OK"
5095,10402143223,10402143254,1,"IOTHUB_CLIENT_CONFIRMATION_OK"
5096,10402143423,10402143629,1,"IOTHUB_CLIENT_CONFIRMATION_OK"
5097,10402143623,10402143654,1,"IOTHUB_CLIENT_CONFIRMATION_OK"
5098,10402143823,10402143869,1,"IOTHUB_CLIENT_CONFIRMATION_OK"
5099,10402144023,10402144077,1,"IOTHUB_CLIENT_CONFIRMATION_OK"
5100,10402144223,10402144257,1,"IOTHUB_CLIENT_CONFIRMATION_OK"
5101,10402144424,10402144458,1,"IOTHUB_CLIENT_CONFIRMATION_OK"
5102,10402144624,10402144658,1,"IOTHUB_CLIENT_CONFIRMATION_OK"
5103,10402144824,10402144860,1,"IOTHUB_CLIENT_CONFIRMATION_OK"
5104,10402145024,10402145054,1,"IOTHUB_CLIENT_CONFIRMATION_OK"
5105,10402145224,10402145273,1,"IOTHUB_CLIENT_CONFIRMATION_OK"
5106,10402145424,10402145532,1,"IOTHUB_CLIENT_CONFIRMATION_OK"
5107,10402145624,10402145656,1,"IOTHUB_CLIENT_CONFIRMATION_OK"
5108,10402145825,10402145851,1,"IOTHUB_CLIENT_CONFIRMATION_OK"
5109,10402146025,10402146080,1,"IOTHUB_CLIENT_CONFIRMATION_OK"
5110,10402146225,10402146262,1,"IOTHUB_CLIENT_CONFIRMATION_OK"
5111,10402146425,10402146453,1,"IOTHUB_CLIENT_CONFIRMATION_OK"
5112,10402146625,10402146664,1,"IOTHUB_CLIENT_CONFIRMATION_OK"
5113,10402146825,10402146945,1,"IOTHUB_CLIENT_CONFIRMATION_OK"
5114,10402147026,10402147055,1,"IOTHUB_CLIENT_CONFIRMATION_OK"
5115,10402147226,10402147255,1,"IOTHUB_CLIENT_CONFIRMATION_OK"
5116,10402147426,10402147555,1,"IOTHUB_CLIENT_CONFIRMATION_OK"
5117,10402147626,10402147679,1,"IOTHUB_CLIENT_CONFIRMATION_OK"
5118,10402147826,10402147859,1,"IOTHUB_CLIENT_CONFIRMATION_OK"
5119,10402148026,10402148056,1,"IOTHUB_CLIENT_CONFIRMATION_OK"
5120,10402148227,10402148256,1,"IOTHUB_CLIENT_CONFIRMATION_OK"
5121,10402148427,10402148455,1,"IOTHUB_CLIENT_CONFIRMATION_OK"
5122,10402148627,10402148657,1,"IOTHUB_CLIENT_CONFIRMATION_OK"
5123,10402148827,10402148857,1,"IOTHUB_CLIENT_CONFIRMATION_OK"
5124,10402149027,10402149067,1,"IOTHUB_CLIENT_CONFIRMATION_OK"
5125,10402149227,10402149261,1,"IOTHUB_CLIENT_CONFIRMATION_OK"
5126,10402149427,10402149464,1,"IOTHUB_CLIENT_CONFIRMATION_OK"
5127,10402149628,10402149800,1,"IOTHUB_CLIENT_CONFIRMATION_OK"
5128,10402149828,10402149862,1,"IOTHUB_CLIENT_CONFIRMATION_OK"
5129,10402150028,10402150059,1,"IOTHUB_CLIENT_CONFIRMATION_OK"
5130,10402150228,10402150413,1,"IOTHUB_CLIENT_CONFIRMATION_OK"
5131,10402150428,10402150458,1,"IOTHUB_CLIENT_CONFIRMATION_OK"
5132,10402150628,10402150662,1,"IOTHUB_CLIENT_CONFIRMATION_OK"
5133,10402150829,10402150862,1,"IOTHUB_CLIENT_CONFIRMATION_OK"
5134,10402151029,10402151058,1,"IOTHUB_CLIENT_CONFIRMATION_OK"
5135,10402151229,10402151258,1,"IOTHUB_CLIENT_CONFIRMATION_OK"
5136,10402151429,10402151464,1,"IOTHUB_CLIENT_CONFIRMATION_OK"
5137,10402151629,10402151657,1,"IOTHUB_CLIENT_CONFIRMATION_OK"
5138,10402151829,10402151860,1,"IOTHUB_CLIENT_CONFIRMATION_OK"
5139,10402152030,10402152058,1,"IOTHUB_CLIENT_CONFIRMATION_OK"
5140,10402152230,10402152300,1,"IOTHUB_CLIENT_CONFIRMATION_OK"
5141,10402152430,10402152485,1,"IOTHUB_CLIENT_CONFIRMATION_OK"
5142,10402152630,10402152668,1,"IOTHUB_CLIENT_CONFIRMATION_OK"
5143,10402152830,10402152866,1,"IOTHUB_CLIENT_CONFIRMATION_OK"
5144,10402153030,10402153702,1,"IOTHUB_CLIENT_CONFIRMATION_OK"
5145,10402153231,10402153778,1,"IOTHUB_CLIENT_CONFIRMATION_OK"
5146,10402153431,10402153830,1,"IOTHUB_CLIENT_CONFIRMATION_OK"
5147,10402153631,10402153896,1,"IOTHUB_CLIENT_CONFIRMATION_OK"
5148,10402153831,10402153947,1,"IOTHUB_CLIENT_CONFIRMATION_OK"
5149,10402154031,10402154061,1,"IOTHUB_CLIENT_CONFIRMATION_OK"
5150,10402154231,10402154348,1,"IOTHUB_CLIENT_CONFIRMATION_OK"
5151,10402154432,10402154464,1,"IOTHUB_CLIENT_CONFIRMATION_OK"
5152,10402154632,10402154661,1,"IOTHUB_CLIENT_CONFIRMATION_OK"
5153,10402154832,10402154864,1,"IOTHUB_CLIENT_CONFIRMATION_OK"
5154,10402155032,10402155062,1,"IOTHUB_CLIENT_CONFIRMATION_OK"
5155,10402155232,10402155281,1,"IOTHUB_CLIENT_CONFIRMATION_OK"
5156,10402155432,10402155468,1,"IOTHUB_CLIENT_CONFIRMATION_OK"
5157,10402155632,10402155666,1,"IOTHUB_CLIENT_CONFIRMATION_OK"
5158,10402155833,10402155861,1,"IOTHUB_CLIENT_CONFIRMATION_OK"
5159,10402156033,10402156062,1,"IOTHUB_CLIENT_CONFIRMATION_OK"
5160,10402156233,10402156263,1,"IOTHUB_CLIENT_CONFIRMATION_OK"
5161,10402156433,10402156607,1,"IOTHUB_CLIENT_CONFIRMATION_OK"
5162,10402156633,10402156673,1,"IOTHUB_CLIENT_CONFIRMATION_OK"
5163,10402156833,10402156868,1,"IOTHUB_CLIENT_CONFIRMATION_OK"
5164,10402157034,10402157072,1,"IOTHUB_CLIENT_CONFIRMATION_OK"
5165,10402157234,10402157263,1,"IOTHUB_CLIENT_CONFIRMATION_OK"
5166,10402157434,10402157467,1,"IOTHUB_CLIENT_CONFIRMATION_OK"
5167,10402157634,10402157662,1,"IOTHUB_CLIENT_CONFIRMATION_OK"
5168,10402157834,10402157879,1,"IOTHUB_CLIENT_CONFIRMATION_OK"
5169,10402158034,10402158067,1,"IOTHUB_CLIENT_CONFIRMATION_OK"
5170,10402158235,10402158306,1,"IOTHUB_CLIENT_CONFIRMATION_OK"
5171,10402158435,10402158467,1,"IOTHUB_CLIENT_CONFIRMATION_OK"
5172,10402158635,10402158667,1,"IOTHUB_CLIENT_CONFIRMATION_OK"
5173,10402158835,10402158885,1,"IOTHUB_CLIENT_CONFIRMATION_OK"
5174,10402159035,10402159066,1,"IOTHUB_CLIENT_CONFIRMATION_OK"
5175,10402159235,10402159305,1,"IOTHUB_CLIENT_CONFIRMATION_OK"
5176,10402159436,10402159467,1,"IOTHUB_CLIENT_CONFIRMATION_OK"
5177,10402159636,10402159666,1,"IOTHUB_CLIENT_CONFIRMATION_OK"
5178,10402159836,10402159927,1,"IOTHUB_CLIENT_CONFIRMATION_OK"
5179,10402160036,10402160067,1,"IOTHUB_CLIENT_CONFIRMATION_OK"
5180,10402160236,10402160266,1,"IOTHUB_CLIENT_CONFIRMATION_OK"
5181,10402160436,10402160541,1,"IOTHUB_CLIENT_CONFIRMATION_OK"
5182,10402160637,10402160667,1,"IOTHUB_CLIENT_CONFIRMATION_OK"
5183,10402160837,10402160870,1,"IOTHUB_CLIENT_CONFIRMATION_OK"
5184,10402161037,10402161146,1,"IOTHUB_CLIENT_CONFIRMATION_OK"
5185,10402161237,10402161270,1,"IOTHUB_CLIENT_CONFIRMATION_OK"
5186,10402161437,10402161472,1,"IOTHUB_CLIENT_CONFIRMATION_OK"
5187,10402161637,10402161666,1,"IOTHUB_CLIENT_CONFIRMATION_OK"
5188,10402161838,10402161871,1,"IOTHUB_CLIENT_CONFIRMATION_OK"
5189,10402162038,10402162067,1,"IOTHUB_CLIENT_CONFIRMATION_OK"
5190,10402162238,10402162275,1,"IOTHUB_CLIENT_CONFIRMATION_OK"
5191,10402162438,10402162479,1,"IOTHUB_CLIENT_CONFIRMATION_OK"
5192,10402162638,10402162771,1,"IOTHUB_CLIENT_CONFIRMATION_OK"
5193,10402162838,10402162867,1,"IOTHUB_CLIENT_CONFIRMATION_OK"
5194,10402163039,10402163068,1,"IOTHUB_CLIENT_CONFIRMATION_OK"
5195,10402163239,10402163383,1,"IOTHUB_CLIENT_CONFIRMATION_OK"
5196,10402163439,10402163469,1,"IOTHUB_CLIENT_CONFIRMATION_OK"
5197,10402163639,10402163693,1,"IOTHUB_CLIENT_CONFIRMATION_OK"
5198,10402163839,10402163869,1,"IOTHUB_CLIENT_CONFIRMATION_OK"
5199,10402164039,10402164068,1,"IOTHUB_CLIENT_CONFIRMATION_OK"
5200,10402164240,10402164281,1,"IOTHUB_CLIENT_CONFIRMATION_OK"
5201,10402164440,10402164475,1,"IOTHUB_CLIENT_CONFIRMATION_OK"
5202,10402164640,10402164672,1,"IOTHUB_CLIENT_CONFIRMATION_OK"
5203,10402164840,10402164869,1,"IOTHUB_CLIENT_CONFIRMATION_OK"
5204,10402165040,10402165079,1,"IOTHUB_CLIENT_CONFIRMATION_OK"
5205,10402165240,10402165276,1,"IOTHUB_CLIENT_CONFIRMATION_OK"
5206,10402165441,10402165474,1,"IOTHUB_CLIENT_CONFIRMATION_OK"
5207,10402165641,10402165681,1,"IOTHUB_CLIENT_CONFIRMATION_OK"
5208,10402165841,10402165883,1,"IOTHUB_CLIENT_CONFIRMATION_OK"
5209,10402166041,10402166096,1,"IOTHUB_CLIENT_CONFIRMATION_OK"
5210,10402166241,10402166275,1,"IOTHUB_CLIENT_CONFIRMATION_OK"
5211,10402166441,10402166470,1,"IOTHUB_CLIENT_CONFIRMATION_OK"
5212,10402166642,10402166711,1,"IOTHUB_CLIENT_CONFIRMATION_OK"
5213,10402166842,10402166870,1,"IOTHUB_CLIENT_CONFIRMATION_OK"
5214,10402167042,10402167083,1,"IOTHUB_CLIENT_CONFIRMATION_OK"
5215,10402167242,10402167328,1,"IOTHUB_CLIENT_CONFIRMATION_OK"
5216,10402167442,10402167480,1,"IOTHUB_CLIENT_CONFIRMATION_OK"
5217,10402167642,10402167673,1,"IOTHUB_CLIENT_CONFIRMATION_OK"
5218,10402167842,10402167972,1,"IOTHUB_CLIENT_CONFIRMATION_OK"
5219,10402168043,10402168085,1,"IOTHUB_CLIENT_CONFIRMATION_OK"
5220,10402168243,10402168273,1,"IOTHUB_CLIENT_CONFIRMATION_OK"
5221,10402168443,10402168483,1,"IOTHUB_CLIENT_CONFIRMATION_OK"
5222,10402168643,10402168687,1,"IOTHUB_CLIENT_CONFIRMATION_OK"
5223,10402168843,10402168957,1,"IOTHUB_CLIENT_CONFIRMATION_OK"
5224,10402169043,10402169074,1,"IOTHUB_CLIENT_CONFIRMATION_OK"
5225,10402169244,10402169282,1,"IOTHUB_CLIENT_CONFIRMATION_OK"
5226,10402169444,10402169575,1,"IOTHUB_CLIENT_CONFIRMATION_OK"
5227,10402169644,10402169681,1,"IOTHUB_CLIENT_CONFIRMATION_OK"
5228,10402169844,10402169902,1,"IOTHUB_CLIENT_CONFIRMATION_OK"
5229,10402170044,10402170179,1,"IOTHUB_CLIENT_CONFIRMATION_OK"
5230,10402170244,10402170275,1,"IOTHUB_CLIENT_CONFIRMATION_OK"
5231,10402170445,10402170492,1,"IOTHUB_CLIENT_CONFIRMATION_OK"
5232,10402170645,10402170678,1,"IOTHUB_CLIENT_CONFIRMATION_OK"
5233,10402170845,10402170875,1,"IOTHUB_CLIENT_CONFIRMATION_OK"
5234,10402171045,10402171073,1,"IOTHUB_CLIENT_CONFIRMATION_OK"
5235,10402171245,10402171277,1,"IOTHUB_CLIENT_CONFIRMATION_OK"
5236,10402171445,10402171474,1,"IOTHUB_CLIENT_CONFIRMATION_OK"
5237,10402171646,10402171677,1,"IOTHUB_CLIENT_CONFIRMATION_OK"
5238,10402171846,10402171874,1,"IOTHUB_CLIENT_CONFIRMATION_OK"
5239,10402172046,10402172078,1,"IOTHUB_CLIENT_CONFIRMATION_OK"
5240,10402172246,10402172408,1,"IOTHUB_CLIENT_CONFIRMATION_OK"
5241,10402172446,10402172477,1,"IOTHUB_CLIENT_CONFIRMATION_OK"
5242,10402172646,10402172677,1,"IOTHUB_CLIENT_CONFIRMATION_OK"
5243,10402172846,10402173036,1,"IOTHUB_CLIENT_CONFIRMATION_OK"
5244,10402173047,10402173086,1,"IOTHUB_CLIENT_CONFIRMATION_OK"
5245,10402173247,10402173276,1,"IOTHUB_CLIENT_CONFIRMATION_OK"
5246,10402173447,10402173479,1,"IOTHUB_CLIENT_CONFIRMATION_OK"
5247,10402173647,10402173682,1,"IOTHUB_CLIENT_CONFIRMATION_OK"
5248,10402173847,10402173878,1,"IOTHUB_CLIENT_CONFIRMATION_OK"
5249,10402174047,10402174078,1,"IOTHUB_CLIENT_CONFIRMATION_OK"
5250,10402174247,10402174280,1,"IOTHUB_CLIENT_CONFIRMATION_OK"
5251,10402174448,10402174477,1,"IOTHUB_CLIENT_CONFIRMATION_OK"
5252,10402174648,10402174737,1,"IOTHUB_CLIENT_CONFIRMATION_OK"
5253,10402174848,10402174878,1,"IOTHUB_CLIENT_CONFIRMATION_OK"
5254,10402175048,10402175112,1,"IOTHUB_CLIENT_CONFIRMATION_OK"
5255,10402175248,10402175304,1,"IOTHUB_CLIENT_CONFIRMATION_OK"
5256,10402175448,10402175486,1,"IOTHUB_CLIENT_CONFIRMATION_OK"
5257,10402175649,10402175700,1,"IOTHUB_CLIENT_CONFIRMATION_OK"
5258,10402175849,10402175895,1,"IOTHUB_CLIENT_CONFIRMATION_OK"
5259,10402176049,10402176079,1,"IOTHUB_CLIENT_CONFIRMATION_OK"
5260,10402176249,10402176321,1,"IOTHUB_CLIENT_CONFIRMATION_OK"
5261,10402176449,10402176478,1,"IOTHUB_CLIENT_CONFIRMATION_OK"
5262,10402176649,10402176677,1,"IOTHUB_CLIENT_CONFIRMATION_OK"
5263,10402176849,10402176935,1,"IOTHUB_CLIENT_CONFIRMATION_OK"
5264,10402177050,10402177080,1,"IOTHUB_CLIENT_CONFIRMATION_OK"
5265,10402177250,10402177278,1,"IOTHUB_CLIENT_CONFIRMATION_OK"
5266,10402177450,10402177541,1,"IOTHUB_CLIENT_CONFIRMATION_OK"
5267,10402177650,10402177686,1,"IOTHUB_CLIENT_CONFIRMATION_OK"
5268,10402177850,10402177881,1,"IOTHUB_CLIENT_CONFIRMATION_OK"
5269,10402178050,10402178084,1,"IOTHUB_CLIENT_CONFIRMATION_OK"
5270,10402178251,10402178297,1,"IOTHUB_CLIENT_CONFIRMATION_OK"
5271,10402178451,10402178482,1,"IOTHUB_CLIENT_CONFIRMATION_OK"
5272,10402178651,10402178689,1,"IOTHUB_CLIENT_CONFIRMATION_OK"
5273,10402178851,10402178881,1,"IOTHUB_CLIENT_CONFIRMATION_OK"
5274,10402179051,10402179080,1,"IOTHUB_CLIENT_CONFIRMATION_OK"
5275,10402179251,10402179283,1,"IOTHUB_CLIENT_CONFIRMATION_OK"
5276,10402179451,10402179484,1,"IOTHUB_CLIENT_CONFIRMATION_OK"
5277,10402179652,10402179691,1,"IOTHUB_CLIENT_CONFIRMATION_OK"
5278,10402179852,10402179911,1,"IOTHUB_CLIENT_CONFIRMATION_OK"
5279,10402180052,10402180080,1,"IOTHUB_CLIENT_CONFIRMATION_OK"
5280,10402180252,10402180317,1,"IOTHUB_CLIENT_CONFIRMATION_OK"
5281,10402180452,10402180481,1,"IOTHUB_CLIENT_CONFIRMATION_OK"
5282,10402180652,10402180757,1,"IOTHUB_CLIENT_CONFIRMATION_OK"
5283,10402180853,10402180954,1,"IOTHUB_CLIENT_CONFIRMATION_OK"
5284,10402181053,10402181083,1,"IOTHUB_CLIENT_CONFIRMATION_OK"
5285,10402181253,10402181294,1,"IOTHUB_CLIENT_CONFIRMATION_OK"
5286,10402181453,10402181490,1,"IOTHUB_CLIENT_CONFIRMATION_OK"
5287,10402181653,10402181696,1,"IOTHUB_CLIENT_CONFIRMATION_OK"
5288,10402181853,10402181890,1,"IOTHUB_CLIENT_CONFIRMATION_OK"
5289,10402182054,10402182083,1,"IOTHUB_CLIENT_CONFIRMATION_OK"
5290,10402182254,10402182286,1,"IOTHUB_CLIENT_CONFIRMATION_OK"
5291,10402182454,10402182571,1,"IOTHUB_CLIENT_CONFIRMATION_OK"
5292,10402182654,10402182684,1,"IOTHUB_CLIENT_CONFIRMATION_OK"
5293,10402182854,10402182888,1,"IOTHUB_CLIENT_CONFIRMATION_OK"
5294,10402183054,10402183183,1,"IOTHUB_CLIENT_CONFIRMATION_OK"
5295,10402183254,10402183287,1,"IOTHUB_CLIENT_CONFIRMATION_OK"
5296,10402183455,10402183485,1,"IOTHUB_CLIENT_CONFIRMATION_OK"
5297,10402183655,10402183712,1,"IOTHUB_CLIENT_CONFIRMATION_OK"
5298,10402183855,10402183887,1,"IOTHUB_CLIENT_CONFIRMATION_OK"
5299,10402184055,10402184086,1,"IOTHUB_CLIENT_CONFIRMATION_OK"
5300,10402184255,10402184287,1,"IOTHUB_CLIENT_CONFIRMATION_OK"
5301,10402184455,10402184485,1,"IOTHUB_CLIENT_CONFIRMATION_OK"
5302,10402184656,10402184685,1,"IOTHUB_CLIENT_CONFIRMATION_OK"
5303,10402184856,10402184912,1,"IOTHUB_CLIENT_CONFIRMATION_OK"
5304,10402185056,10402185092,1,"IOTHUB_CLIENT_CONFIRMATION_OK"
5305,10402185256,10402185416,1,"IOTHUB_CLIENT_CONFIRMATION_OK"
5306,10402185456,10402185485,1,"IOTHUB_CLIENT_CONFIRMATION_OK"
5307,10402185656,10402185725,1,"IOTHUB_CLIENT_CONFIRMATION_OK"
5308,10402185856,10402186034,1,"IOTHUB_CLIENT_CONFIRMATION_OK"
5309,10402186057,10402186085,1,"IOTHUB_CLIENT_CONFIRMATION_OK"
5310,10402186257,10402186290,1,"IOTHUB_CLIENT_CONFIRMATION_OK"
5311,10402186457,10402186646,1,"IOTHUB_CLIENT_CONFIRMATION_OK"
5312,10402186657,10402186693,1,"IOTHUB_CLIENT_CONFIRMATION_OK"
5313,10402186857,10402186886,1,"IOTHUB_CLIENT_CONFIRMATION_OK"
5314,10402187057,10402187092,1,"IOTHUB_CLIENT_CONFIRMATION_OK"
5315,10402187258,10402187288,1,"IOTHUB_CLIENT_CONFIRMATION_OK"
5316,10402187458,10402187490,1,"IOTHUB_CLIENT_CONFIRMATION_OK"
5317,10402187658,10402187702,1,"IOTHUB_CLIENT_CONFIRMATION_OK"
5318,10402187858,10402187887,1,"IOTHUB_CLIENT_CONFIRMATION_OK"
5319,10402188058,10402188097,1,"IOTHUB_CLIENT_CONFIRMATION_OK"
5320,10402188259,10402188291,1,"IOTHUB_CLIENT_CONFIRMATION_OK"
5321,10402188459,10402188509,1,"IOTHUB_CLIENT_CONFIRMATION_OK"
5322,10402188659,10402188877,1,"IOTHUB_CLIENT_CONFIRMATION_OK"
5323,10402188859,10402188896,1,"IOTHUB_CLIENT_CONFIRMATION_OK"
5324,10402189059,10402189092,1,"IOTHUB_CLIENT_CONFIRMATION_OK"
5325,10402189259,10402189398,1,"IOTHUB_CLIENT_CONFIRMATION_OK"
5326,10402189459,10402189493,1,"IOTHUB_CLIENT_CONFIRMATION_OK"
5327,10402189660,10402189729,1,"IOTHUB_CLIENT_CONFIRMATION_OK"
5328,10402189860,10402190005,1,"IOTHUB_CLIENT_CONFIRMATION_OK"
5329,10402190060,10402190092,1,"IOTHUB_CLIENT_CONFIRMATION_OK"
5330,10402190260,10402190292,1,"IOTHUB_CLIENT_CONFIRMATION_OK"
5331,10402190460,10402190489,1,"IOTHUB_CLIENT_CONFIRMATION_OK"
5332,10402190660,10402190700,1,"IOTHUB_CLIENT_CONFIRMATION_OK"
5333,10402190861,10402190895,1,"IOTHUB_CLIENT_CONFIRMATION_OK"
5334,10402191061,10402191094,1,"IOTHUB_CLIENT_CONFIRMATION_OK"
5335,10402191261,10402191296,1,"IOTHUB_CLIENT_CONFIRMATION_OK"
5336,10402191461,10402191491,1,"IOTHUB_CLIENT_CONFIRMATION_OK"
5337,10402191661,10402191691,1,"IOTHUB_CLIENT_CONFIRMATION_OK"
5338,10402191861,10402191910,1,"IOTHUB_CLIENT_CONFIRMATION_OK"
5339,10402192062,10402192236,1,"IOTHUB_CLIENT_CONFIRMATION_OK"
5340,10402192262,10402192293,1,"IOTHUB_CLIENT_CONFIRMATION_OK"
5341,10402192462,10402192508,1,"IOTHUB_CLIENT_CONFIRMATION_OK"
5342,10402192662,10402192849,1,"IOTHUB_CLIENT_CONFIRMATION_OK"
5343,10402192862,10402192893,1,"IOTHUB_CLIENT_CONFIRMATION_OK"
5344,10402193062,10402193094,1,"IOTHUB_CLIENT_CONFIRMATION_OK"
5345,10402193263,10402193353,1,"IOTHUB_CLIENT_CONFIRMATION_OK"
5346,10402193463,10402193495,1,"IOTHUB_CLIENT_CONFIRMATION_OK"
5347,10402193663,10402193696,1,"IOTHUB_CLIENT_CONFIRMATION_OK"
5348,10402193863,10402193901,1,"IOTHUB_CLIENT_CONFIRMATION_OK"
5349,10402194063,10402194093,1,"IOTHUB_CLIENT_CONFIRMATION_OK"
5350,10402194263,10402194293,1,"IOTHUB_CLIENT_CONFIRMATION_OK"
5351,10402194464,10402194495,1,"IOTHUB_CLIENT_CONFIRMATION_OK"
5352,10402194664,10402194697,1,"IOTHUB_CLIENT_CONFIRMATION_OK"
5353,10402194864,10402194896,1,"IOTHUB_CLIENT_CONFIRMATION_OK"
5354,10402195064,10402195096,1,"IOTHUB_CLIENT_CONFIRMATION_OK"
5355,10402195264,10402195306,1,"IOTHUB_CLIENT_CONFIRMATION_OK"
5356,10402195464,10402195494,1,"IOTHUB_CLIENT_CONFIRMATION_OK"
5357,10402195665,10402195700,1,"IOTHUB_CLIENT_CONFIRMATION_OK"
5358,10402195865,10402195907,1,"IOTHUB_CLIENT_CONFIRMATION_OK"
5359,10402196065,10402196103,1,"IOTHUB_CLIENT_CONFIRMATION_OK"
5360,10402196265,10402196297,1,"IOTHUB_CLIENT_CONFIRMATION_OK"
5361,10402196465,10402196495,1,"IOTHUB_CLIENT_CONFIRMATION_OK"
5362,10402196665,10402196705,1,"IOTHUB_CLIENT_CONFIRMATION_OK"
5363,10402196865,10402196905,1,"IOTHUB_CLIENT_CONFIRMATION_OK"
5364,10402197066,10402197113,1,"IOTHUB_CLIENT_CONFIRMATION_OK"
5365,10402197266,10402197307,1,"IOTHUB_CLIENT_CONFIRMATION_OK"
5366,10402197466,10402197501,1,"IOTHUB_CLIENT_CONFIRMATION_OK"
5367,10402197666,10402197698,1,"IOTHUB_CLIENT_CONFIRMATION_OK"
5368,10402197866,10402197916,1,"IOTHUB_CLIENT_CONFIRMATION_OK"
5369,10402198066,10402198115,1,"IOTHUB_CLIENT_CONFIRMATION_OK"
5370,10402198267,10402198296,1,"IOTHUB_CLIENT_CONFIRMATION_OK"
5371,10402198467,10402198503,1,"IOTHUB_CLIENT_CONFIRMATION_OK"
5372,10402198667,10402198697,1,"IOTHUB_CLIENT_CONFIRMATION_OK"
5373,10402198867,10402198946,1,"IOTHUB_CLIENT_CONFIRMATION_OK"
5374,10402199067,10402199106,1,"IOTHUB_CLIENT_CONFIRMATION_OK"
5375,10402199267,10402199310,1,"IOTHUB_CLIENT_CONFIRMATION_OK"
5376,10402199468,10402199543,1,"IOTHUB_CLIENT_CONFIRMATION_OK"
5377,10402199668,10402199696,1,"IOTHUB_CLIENT_CONFIRMATION_OK"
5378,10402199868,10402199902,1,"IOTHUB_CLIENT_CONFIRMATION_OK"
5379,10402200068,10402200152,1,"IOTHUB_CLIENT_CONFIRMATION_OK"
5380,10402200268,10402200300,1,"IOTHUB_CLIENT_CONFIRMATION_OK"
5381,10402200468,10402200497,1,"IOTHUB_CLIENT_CONFIRMATION_OK"
5382,10402200669,10402200793,1,"IOTHUB_CLIENT_CONFIRMATION_OK"
5383,10402200869,10402200901,1,"IOTHUB_CLIENT_CONFIRMATION_OK"
5384,10402201069,10402201100,1,"IOTHUB_CLIENT_CONFIRMATION_OK"
5385,10402201269,10402201300,1,"IOTHUB_CLIENT_CONFIRMATION_OK"
5386,10402201469,10402201500,1,"IOTHUB_CLIENT_CONFIRMATION_OK"
5387,10402201669,10402201701,1,"IOTHUB_CLIENT_CONFIRMATION_OK"
5388,10402201870,10402201905,1,"IOTHUB_CLIENT_CONFIRMATION_OK"
5389,10402202070,10402202100,1,"IOTHUB_CLIENT_CONFIRMATION_OK"
5390,10402202270,10402202406,1,"IOTHUB_CLIENT_CONFIRMATION_OK"
5391,10402202470,10402202515,1,"IOTHUB_CLIENT_CONFIRMATION_OK"
5392,10402202670,10402202703,1,"IOTHUB_CLIENT_CONFIRMATION_OK"
5393,10402202870,10402203014,1,"IOTHUB_CLIENT_CONFIRMATION_OK"
5394,10402203070,10402203106,1,"IOTHUB_CLIENT_CONFIRMATION_OK"
5395,10402203271,10402203318,1,"IOTHUB_CLIENT_CONFIRMATION_OK"
5396,10402203471,10402203501,1,"IOTHUB_CLIENT_CONFIRMATION_OK"
5397,10402203671,10402203699,1,"IOTHUB_CLIENT_CONFIRMATION_OK"
5398,10402203871,10402203904,1,"IOTHUB_CLIENT_CONFIRMATION_OK"
5399,10402204071,10402204099,1,"IOTHUB_CLIENT_CONFIRMATION_OK"
5400,10402204272,10402204312,1,"IOTHUB_CLIENT_CONFIRMATION_OK"
5401,10402204472,10402204503,1,"IOTHUB_CLIENT_CONFIRMATION_OK"
5402,10402204672,10402204702,1,"IOTHUB_CLIENT_CONFIRMATION_OK"
5403,10402204872,10402204907,1,"IOTHUB_CLIENT_CONFIRMATION_OK"
5404,10402205072,10402205299,1,"IOTHUB_CLIENT_CONFIRMATION_OK"
5405,10402205272,10402205319,1,"IOTHUB_CLIENT_CONFIRMATION_OK"
5406,10402205472,10402205501,1,"IOTHUB_CLIENT_CONFIRMATION_OK"
5407,10402205673,10402205864,1,"IOTHUB_CLIENT_CONFIRMATION_OK"
5408,10402205873,10402205905,1,"IOTHUB_CLIENT_CONFIRMATION_OK"
5409,10402206073,10402206101,1,"IOTHUB_CLIENT_CONFIRMATION_OK"
5410,10402206273,10402206302,1,"IOTHUB_CLIENT_CONFIRMATION_OK"
5411,10402206473,10402206505,1,"IOTHUB_CLIENT_CONFIRMATION_OK"
5412,10402206673,10402206710,1,"IOTHUB_CLIENT_CONFIRMATION_OK"
5413,10402206874,10402206909,1,"IOTHUB_CLIENT_CONFIRMATION_OK"
5414,10402207074,10402207119,1,"IOTHUB_CLIENT_CONFIRMATION_OK"
5415,10402207274,10402207311,1,"IOTHUB_CLIENT_CONFIRMATION_OK"
5416,10402207474,10402207513,1,"IOTHUB_CLIENT_CONFIRMATION_OK"
5417,10402207674,10402207721,1,"IOTHUB_CLIENT_CONFIRMATION_OK"
5418,10402207874,10402207912,1,"IOTHUB_CLIENT_CONFIRMATION_OK"
5419,10402208075,10402208115,1,"IOTHUB_CLIENT_CONFIRMATION_OK"
5420,10402208275,10402208312,1,"IOTHUB_CLIENT_CONFIRMATION_OK"
5421,10402208475,10402208506,1,"IOTHUB_CLIENT_CONFIRMATION_OK"
5422,10402208675,10402208705,1,"IOTHUB_CLIENT_CONFIRMATION_OK"
5423,10402208875,10402208904,1,"IOTHUB_CLIENT_CONFIRMATION_OK"
5424,10402209075,10402209117,1,"IOTHUB_CLIENT_CONFIRMATION_OK"
5425,10402209276,10402209306,1,"IOTHUB_CLIENT_CONFIRMATION_OK"
5426,10402209476,10402209514,1,"IOTHUB_CLIENT_CONFIRMATION_OK"
5427,10402209676,10402209760,1,"IOTHUB_CLIENT_CONFIRMATION_OK"
5428,10402209876,10402209929,1,"IOTHUB_CLIENT_CONFIRMATION_OK"
5429,10402210076,10402210105,1,"IOTHUB_CLIENT_CONFIRMATION_OK"
5430,10402210276,10402210361,1,"IOTHUB_CLIENT_CONFIRMATION_OK"
5431,10402210477,10402210506,1,"IOTHUB_CLIENT_CONFIRMATION_OK"
5432,10402210677,10402210705,1,"IOTHUB_CLIENT_CONFIRMATION_OK"
5433,10402210877,10402210938,1,"IOTHUB_CLIENT_CONFIRMATION_OK"
5434,10402211077,10402211109,1,"IOTHUB_CLIENT_CONFIRMATION_OK"
5435,10402211277,10402211309,1,"IOTHUB_CLIENT_CONFIRMATION_OK"
5436,10402211477,10402211513,1,"IOTHUB_CLIENT_CONFIRMATION_OK"
5437,10402211677,10402211706,1,"IOTHUB_CLIENT_CONFIRMATION_OK"
5438,10402211878,10402211976,1,"IOTHUB_CLIENT_CONFIRMATION_OK"
5439,10402212078,10402212108,1,"IOTHUB_CLIENT_CONFIRMATION_OK"
5440,10402212278,10402212308,1,"IOTHUB_CLIENT_CONFIRMATION_OK"
5441,10402212478,10402212613,1,"IOTHUB_CLIENT_CONFIRMATION_OK"
5442,10402212678,10402212710,1,"IOTHUB_CLIENT_CONFIRMATION_OK"
5443,10402212878,10402212910,1,"IOTHUB_CLIENT_CONFIRMATION_OK"
5444,10402213079,10402213200,1,"IOTHUB_CLIENT_CONFIRMATION_OK"
5445,10402213279,10402213309,1,"IOTHUB_CLIENT_CONFIRMATION_OK"
5446,10402213479,10402213508,1,"IOTHUB_CLIENT_CONFIRMATION_OK"
5447,10402213679,10402213708,1,"IOTHUB_CLIENT_CONFIRMATION_OK"
5448,10402213879,10402213911,1,"IOTHUB_CLIENT_CONFIRMATION_OK"
5449,10402214079,10402214110,1,"IOTHUB_CLIENT_CONFIRMATION_OK"
5450,10402214280,10402214317,1,"IOTHUB_CLIENT_CONFIRMATION_OK"
5451,10402214480,10402214508,1,"IOTHUB_CLIENT_CONFIRMATION_OK"
5452,10402214680,10402214822,1,"IOTHUB_CLIENT_CONFIRMATION_OK"
5453,10402214880,10402214909,1,"IOTHUB_CLIENT_CONFIRMATION_OK"
5454,10402215080,10402215110,1,"IOTHUB_CLIENT_CONFIRMATION_OK"
5455,10402215280,10402215429,1,"IOTHUB_CLIENT_CONFIRMATION_OK"
5456,10402215480,10402215510,1,"IOTHUB_CLIENT_CONFIRMATION_OK"
5457,10402215681,10402215716,1,"IOTHUB_CLIENT_CONFIRMATION_OK"
5458,10402215881,10402216061,1,"IOTHUB_CLIENT_CONFIRMATION_OK"
5459,10402216081,10402216116,1,"IOTHUB_CLIENT_CONFIRMATION_OK"
5460,10402216281,10402216317,1,"IOTHUB_CLIENT_CONFIRMATION_OK"
5461,10402216481,10402216511,1,"IOTHUB_CLIENT_CONFIRMATION_OK"
5462,10402216681,10402216721,1,"IOTHUB_CLIENT_CONFIRMATION_OK"
5463,10402216882,10402216915,1,"IOTHUB_CLIENT_CONFIRMATION_OK"
5464,10402217082,10402217120,1,"IOTHUB_CLIENT_CONFIRMATION_OK"
5465,10402217282,10402217319,1,"IOTHUB_CLIENT_CONFIRMATION_OK"
5466,10402217482,10402217528,1,"IOTHUB_CLIENT_CONFIRMATION_OK"
5467,10402217682,10402217713,1,"IOTHUB_CLIENT_CONFIRMATION_OK"
5468,10402217882,10402217910,1,"IOTHUB_CLIENT_CONFIRMATION_OK"
5469,10402218082,10402218282,1,"IOTHUB_CLIENT_CONFIRMATION_OK"
5470,10402218283,10402218376,1,"IOTHUB_CLIENT_CONFIRMATION_OK"
5471,10402218483,10402218521,1,"IOTHUB_CLIENT_CONFIRMATION_OK"
5472,10402218683,10402218717,1,"IOTHUB_CLIENT_CONFIRMATION_OK"
5473,10402218883,10402218916,1,"IOTHUB_CLIENT_CONFIRMATION_OK"
5474,10402219083,10402219112,1,"IOTHUB_CLIENT_CONFIRMATION_OK"
5475,10402219283,10402219312,1,"IOTHUB_CLIENT_CONFIRMATION_OK"
5476,10402219484,10402219515,1,"IOTHUB_CLIENT_CONFIRMATION_OK"
5477,10402219684,10402219718,1,"IOTHUB_CLIENT_CONFIRMATION_OK"
5478,10402219884,10402219921,1,"IOTHUB_CLIENT_CONFIRMATION_OK"
5479,10402220084,10402220112,1,"IOTHUB_CLIENT_CONFIRMATION_OK"
5480,10402220284,10402220322,1,"IOTHUB_CLIENT_CONFIRMATION_OK"
5481,10402220484,10402220529,1,"IOTHUB_CLIENT_CONFIRMATION_OK"
5482,10402220685,10402220715,1,"IOTHUB_CLIENT_CONFIRMATION_OK"
5483,10402220885,10402220920,1,"IOTHUB_CLIENT_CONFIRMATION_OK"
5484,10402221085,10402221113,1,"IOTHUB_CLIENT_CONFIRMATION_OK"
5485,10402221285,10402221318,1,"IOTHUB_CLIENT_CONFIRMATION_OK"
5486,10402221485,10402221552,1,"IOTHUB_CLIENT_CONFIRMATION_OK"
5487,10402221685,10402221719,1,"IOTHUB_CLIENT_CONFIRMATION_OK"
5488,10402221885,10402221918,1,"IOTHUB_CLIENT_CONFIRMATION_OK"
5489,10402222086,10402222152,1,"IOTHUB_CLIENT_CONFIRMATION_OK"
5490,10402222286,10402222322,1,"IOTHUB_CLIENT_CONFIRMATION_OK"
5491,10402222486,10402222520,1,"IOTHUB_CLIENT_CONFIRMATION_OK"
5492,10402222686,10402222771,1,"IOTHUB_CLIENT_CONFIRMATION_OK"
5493,10402222886,10402222914,1,"IOTHUB_CLIENT_CONFIRMATION_OK"
5494,10402223086,10402223121,1,"IOTHUB_CLIENT_CONFIRMATION_OK"
5495,10402223287,10402223369,1,"IOTHUB_CLIENT_CONFIRMATION_OK"
5496,10402223487,10402223522,1,"IOTHUB_CLIENT_CONFIRMATION_OK"
5497,10402223687,10402223717,1,"IOTHUB_CLIENT_CONFIRMATION_OK"
5498,10402223887,10402223919,1,"IOTHUB_CLIENT_CONFIRMATION_OK"
5499,10402224087,10402224116,1,"IOTHUB_CLIENT_CONFIRMATION_OK"
5500,10402224287,10402224320,1,"IOTHUB_CLIENT_CONFIRMATION_OK"
5501,10402224488,10402224520,1,"IOTHUB_CLIENT_CONFIRMATION_OK"
5502,10402224688,10402224745,1,"IOTHUB_CLIENT_CONFIRMATION_OK"
5503,10402224888,10402225100,1,"IOTHUB_CLIENT_CONFIRMATION_OK"
5504,10402225088,10402225122,1,"IOTHUB_CLIENT_CONFIRMATION_OK"
5505,10402225288,10402225324,1,"IOTHUB_CLIENT_CONFIRMATION_OK"
5506,10402225488,10402225520,1,"IOTHUB_CLIENT_CONFIRMATION_OK"
5507,10402225688,10402225730,1,"IOTHUB_CLIENT_CONFIRMATION_OK"
5508,10402225889,10402225934,1,"IOTHUB_CLIENT_CONFIRMATION_OK"
5509,10402226089,10402226128,1,"IOTHUB_CLIENT_CONFIRMATION_OK"
5510,10402226289,10402226319,1,"IOTHUB_CLIENT_CONFIRMATION_OK"
5511,10402226489,10402226520,1,"IOTHUB_CLIENT_CONFIRMATION_OK"
5512,10402226689,10402226730,1,"IOTHUB_CLIENT_CONFIRMATION_OK"
5513,10402226889,10402226919,1,"IOTHUB_CLIENT_CONFIRMATION_OK"
5514,10402227090,10402227129,1,"IOTHUB_CLIENT_CONFIRMATION_OK"
5515,10402227290,10402227344,1,"IOTHUB_CLIENT_CONFIRMATION_OK"
5516,10402227490,10402227524,1,"IOTHUB_CLIENT_CONFIRMATION_OK"
5517,10402227690,10402227740,1,"IOTHUB_CLIENT_CONFIRMATION_OK"
5518,10402227890,10402227925,1,"IOTHUB_CLIENT_CONFIRMATION_OK"
5519,10402228090,10402228120,1,"IOTHUB_CLIENT_CONFIRMATION_OK"
5520,10402228291,10402228370,1,"IOTHUB_CLIENT_CONFIRMATION_OK"
5521,10402228491,10402228522,1,"IOTHUB_CLIENT_CONFIRMATION_OK"
5522,10402228691,10402228721,1,"IOTHUB_CLIENT_CONFIRMATION_OK"
5523,10402228891,10402228979,1,"IOTHUB_CLIENT_CONFIRMATION_OK"
5524,10402229091,10402229120,1,"IOTHUB_CLIENT_CONFIRMATION_OK"
5525,10402229291,10402229329,1,"IOTHUB_CLIENT_CONFIRMATION_OK"
5526,10402229492,10402229590,1,"IOTHUB_CLIENT_CONFIRMATION_OK"
5527,10402229692,10402229722,1,"IOTHUB_CLIENT_CONFIRMATION_OK"
5528,10402229892,10402229937,1,"IOTHUB_CLIENT_CONFIRMATION_OK"
5529,10402230092,10402230124,1,"IOTHUB_CLIENT_CONFIRMATION_OK"
5530,10402230292,10402230448,1,"IOTHUB_CLIENT_CONFIRMATION_OK"
5531,10402230492,10402230522,1,"IOTHUB_CLIENT_CONFIRMATION_OK"
5532,10402230692,10402230738,1,"IOTHUB_CLIENT_CONFIRMATION_OK"
5533,10402230893,10402230923,1,"IOTHUB_CLIENT_CONFIRMATION_OK"
5534,10402231093,10402231280,1,"IOTHUB_CLIENT_CONFIRMATION_OK"
5535,10402231293,10402231338,1,"IOTHUB_CLIENT_CONFIRMATION_OK"
5536,10402231493,10402231524,1,"IOTHUB_CLIENT_CONFIRMATION_OK"
5537,10402231693,10402231726,1,"IOTHUB_CLIENT_CONFIRMATION_OK"
5538,10402231893,10402231928,1,"IOTHUB_CLIENT_CONFIRMATION_OK"
5539,10402232094,10402232124,1,"IOTHUB_CLIENT_CONFIRMATION_OK"
5540,10402232294,10402232324,1,"IOTHUB_CLIENT_CONFIRMATION_OK"
5541,10402232494,10402232545,1,"IOTHUB_CLIENT_CONFIRMATION_OK"
5542,10402232694,10402232726,1,"IOTHUB_CLIENT_CONFIRMATION_OK"
5543,10402232894,10402232926,1,"IOTHUB_CLIENT_CONFIRMATION_OK"
5544,10402233094,10402233126,1,"IOTHUB_CLIENT_CONFIRMATION_OK"
5545,10402233294,10402233323,1,"IOTHUB_CLIENT_CONFIRMATION_OK"
5546,10402233495,10402233535,1,"IOTHUB_CLIENT_CONFIRMATION_OK"
5547,10402233695,10402233731,1,"IOTHUB_CLIENT_CONFIRMATION_OK"
5548,10402233895,10402233927,1,"IOTHUB_CLIENT_CONFIRMATION_OK"
5549,10402234095,10402234129,1,"IOTHUB_CLIENT_CONFIRMATION_OK"
5550,10402234295,10402234326,1,"IOTHUB_CLIENT_CONFIRMATION_OK"
5551,10402234495,10402234531,1,"IOTHUB_CLIENT_CONFIRMATION_OK"
5552,10402234696,10402234730,1,"IOTHUB_CLIENT_CONFIRMATION_OK"
5553,10402234896,10402234929,1,"IOTHUB_CLIENT_CONFIRMATION_OK"
5554,10402235096,10402235134,1,"IOTHUB_CLIENT_CONFIRMATION_OK"
5555,10402235296,10402235327,1,"IOTHUB_CLIENT_CONFIRMATION_OK"
5556,10402235496,10402235527,1,"IOTHUB_CLIENT_CONFIRMATION_OK"
5557,10402235696,10402235818,1,"IOTHUB_CLIENT_CONFIRMATION_OK"
5558,10402235896,10402235927,1,"IOTHUB_CLIENT_CONFIRMATION_OK"
5559,10402236097,10402236127,1,"IOTHUB_CLIENT_CONFIRMATION_OK"
5560,10402236297,10402236328,1,"IOTHUB_CLIENT_CONFIRMATION_OK"
5561,10402236497,10402236529,1,"IOTHUB_CLIENT_CONFIRMATION_OK"
5562,10402236697,10402236730,1,"IOTHUB_CLIENT_CONFIRMATION_OK"
5563,10402236897,10402236930,1,"IOTHUB_CLIENT_CONFIRMATION_OK"
5564,10402237097,10402237134,1,"IOTHUB_CLIENT_CONFIRMATION_OK"
5565,10402237298,10402237336,1,"IOTHUB_CLIENT_CONFIRMATION_OK"
5566,10402237498,10402237543,1,"IOTHUB_CLIENT_CONFIRMATION_OK"
5567,10402237698,10402237729,1,"IOTHUB_CLIENT_CONFIRMATION_OK"
5568,10402237898,10402238064,1,"IOTHUB_CLIENT_CONFIRMATION_OK"
5569,10402238098,10402238130,1,"IOTHUB_CLIENT_CONFIRMATION_OK"
5570,10402238298,10402238329,1,"IOTHUB_CLIENT_CONFIRMATION_OK"
5571,10402238498,10402238687,1,"IOTHUB_CLIENT_CONFIRMATION_OK"
5572,10402238699,10402238736,1,"IOTHUB_CLIENT_CONFIRMATION_OK"
5573,10402238899,10402238941,1,"IOTHUB_CLIENT_CONFIRMATION_OK"
5574,10402239099,10402239147,1,"IOTHUB_CLIENT_CONFIRMATION_OK"
5575,10402239299,10402239331,1,"IOTHUB_CLIENT_CONFIRMATION_OK"
5576,10402239499,10402239527,1,"IOTHUB_CLIENT_CONFIRMATION_OK"
5577,10402239699,10402239730,1,"IOTHUB_CLIENT_CONFIRMATION_OK"
5578,10402239900,10402239930,1,"IOTHUB_CLIENT_CONFIRMATION_OK"
5579,10402240100,10402240132,1,"IOTHUB_CLIENT_CONFIRMATION_OK"
5580,10402240300,10402240341,1,"IOTHUB_CLIENT_CONFIRMATION_OK"
5581,10402240500,10402240533,1,"IOTHUB_CLIENT_CONFIRMATION_OK"
5582,10402240700,10402240729,1,"IOTHUB_CLIENT_CONFIRMATION_OK"
5583,10402240900,10402240933,1,"IOTHUB_CLIENT_CONFIRMATION_OK"
5584,10402241100,10402241133,1,"IOTHUB_CLIENT_CONFIRMATION_OK"
5585,10402241301,10402241333,1,"IOTHUB_CLIENT_CONFIRMATION_OK"
5586,10402241501,10402241541,1,"IOTHUB_CLIENT_CONFIRMATION_OK"
5587,10402241701,10402241742,1,"IOTHUB_CLIENT_CONFIRMATION_OK"
5588,10402241901,10402241952,1,"IOTHUB_CLIENT_CONFIRMATION_OK"
5589,10402242101,10402242131,1,"IOTHUB_CLIENT_CONFIRMATION_OK"
5590,10402242301,10402242331,1,"IOTHUB_CLIENT_CONFIRMATION_OK"
5591,10402242502,10402242562,1,"IOTHUB_CLIENT_CONFIRMATION_OK"
5592,10402242702,10402242733,1,"IOTHUB_CLIENT_CONFIRMATION_OK"
5593,10402242902,10402242940,1,"IOTHUB_CLIENT_CONFIRMATION_OK"
5594,10402243102,10402243171,1,"IOTHUB_CLIENT_CONFIRMATION_OK"
5595,10402243302,10402243331,1,"IOTHUB_CLIENT_CONFIRMATION_OK"
5596,10402243502,10402243543,1,"IOTHUB_CLIENT_CONFIRMATION_OK"
5597,10402243702,10402243732,1,"IOTHUB_CLIENT_CONFIRMATION_OK"
5598,10402243903,10402243939,1,"IOTHUB_CLIENT_CONFIRMATION_OK"
5599,10402244103,10402244191,1,"IOTHUB_CLIENT_CONFIRMATION_OK"
5600,10402244303,10402244334,1,"IOTHUB_CLIENT_CONFIRMATION_OK"
5601,10402244503,10402244534,1,"IOTHUB_CLIENT_CONFIRMATION_OK"
5602,10402244703,10402244808,1,"IOTHUB_CLIENT_CONFIRMATION_OK"
5603,10402244903,10402244935,1,"IOTHUB_CLIENT_CONFIRMATION_OK"
5604,10402245104,10402245133,1,"IOTHUB_CLIENT_CONFIRMATION_OK"
5605,10402245304,10402245418,1,"IOTHUB_CLIENT_CONFIRMATION_OK"
5606,10402245504,10402245535,1,"IOTHUB_CLIENT_CONFIRMATION_OK"
5607,10402245704,10402245749,1,"IOTHUB_CLIENT_CONFIRMATION_OK"
5608,10402245904,10402245933,1,"IOTHUB_CLIENT_CONFIRMATION_OK"
5609,10402246104,10402246146,1,"IOTHUB_CLIENT_CONFIRMATION_OK"
5610,10402246305,10402246336,1,"IOTHUB_CLIENT_CONFIRMATION_OK"
5611,10402246505,10402246536,1,"IOTHUB_CLIENT_CONFIRMATION_OK"
5612,10402246705,10402246733,1,"IOTHUB_CLIENT_CONFIRMATION_OK"
5613,10402246905,10402246975,1,"IOTHUB_CLIENT_CONFIRMATION_OK"
5614,10402247105,10402247133,1,"IOTHUB_CLIENT_CONFIRMATION_OK"
5615,10402247305,10402247337,1,"IOTHUB_CLIENT_CONFIRMATION_OK"
5616,10402247505,10402247744,1,"IOTHUB_CLIENT_CONFIRMATION_OK"
5617,10402247706,10402247757,1,"IOTHUB_CLIENT_CONFIRMATION_OK"
5618,10402247906,10402247936,1,"IOTHUB_CLIENT_CONFIRMATION_OK"
5619,10402248106,10402248265,1,"IOTHUB_CLIENT_CONFIRMATION_OK"
5620,10402248306,10402248340,1,"IOTHUB_CLIENT_CONFIRMATION_OK"
5621,10402248506,10402248541,1,"IOTHUB_CLIENT_CONFIRMATION_OK"
5622,10402248706,10402248743,1,"IOTHUB_CLIENT_CONFIRMATION_OK"
5623,10402248906,10402248941,1,"IOTHUB_CLIENT_CONFIRMATION_OK"
5624,10402249107,10402249153,1,"IOTHUB_CLIENT_CONFIRMATION_OK"
5625,10402249307,10402249337,1,"IOTHUB_CLIENT_CONFIRMATION_OK"
5626,10402249507,10402249545,1,"IOTHUB_CLIENT_CONFIRMATION_OK"
5627,10402249707,10402249747,1,"IOTHUB_CLIENT_CONFIRMATION_OK"
5628,10402249907,10402249955,1,"IOTHUB_CLIENT_CONFIRMATION_OK"
5629,10402250107,10402250157,1,"IOTHUB_CLIENT_CONFIRMATION_OK"
5630,10402250308,10402250342,1,"IOTHUB_CLIENT_CONFIRMATION_OK"
5631,10402250508,10402250559,1,"IOTHUB_CLIENT_CONFIRMATION_OK"
5632,10402250708,10402250742,1,"IOTHUB_CLIENT_CONFIRMATION_OK"
5633,10402250908,10402250948,1,"IOTHUB_CLIENT_CONFIRMATION_OK"
5634,10402251108,10402251136,1,"IOTHUB_CLIENT_CONFIRMATION_OK"
5635,10402251308,10402251340,1,"IOTHUB_CLIENT_CONFIRMATION_OK"
5636,10402251508,10402251563,1,"IOTHUB_CLIENT_CONFIRMATION_OK"
5637,10402251709,10402251736,1,"IOTHUB_CLIENT_CONFIRMATION_OK"
5638,10402251909,10402251938,1,"IOTHUB_CLIENT_CONFIRMATION_OK"
5639,10402252109,10402252179,1,"IOTHUB_CLIENT_CONFIRMATION_OK"
5640,10402252309,10402252348,1,"IOTHUB_CLIENT_CONFIRMATION_OK"
5641,10402252509,10402252548,1,"IOTHUB_CLIENT_CONFIRMATION_OK"
5642,10402252709,10402252784,1,"IOTHUB_CLIENT_CONFIRMATION_OK"
5643,10402252910,10402252941,1,"IOTHUB_CLIENT_CONFIRMATION_OK"
5644,10402253110,10402253146,1,"IOTHUB_CLIENT_CONFIRMATION_OK"
5645,10402253310,10402253352,1,"IOTHUB_CLIENT_CONFIRMATION_OK"
5646,10402253510,10402253541,1,"IOTHUB_CLIENT_CONFIRMATION_OK"
5647,10402253710,10402253784,1,"IOTHUB_CLIENT_CONFIRMATION_OK"
5648,10402253910,10402253953,1,"IOTHUB_CLIENT_CONFIRMATION_OK"
5649,10402254110,10402254141,1,"IOTHUB_CLIENT_CONFIRMATION_OK"
5650,10402254311,10402254407,1,"IOTHUB_CLIENT_CONFIRMATION_OK"
5651,10402254511,10402254561,1,"IOTHUB_CLIENT_CONFIRMATION_OK"
5652,10402254711,10402254740,1,"IOTHUB_CLIENT_CONFIRMATION_OK"
5653,10402254911,10402255016,1,"IOTHUB_CLIENT_CONFIRMATION_OK"
5654,10402255111,10402255141,1,"IOTHUB_CLIENT_CONFIRMATION_OK"
5655,10402255311,10402255340,1,"IOTHUB_CLIENT_CONFIRMATION_OK"
5656,10402255512,10402255620,1,"IOTHUB_CLIENT_CONFIRMATION_OK"
5657,10402255712,10402255744,1,"IOTHUB_CLIENT_CONFIRMATION_OK"
5658,10402255912,10402255952,1,"IOTHUB_CLIENT_CONFIRMATION_OK"
5659,10402256112,10402256152,1,"IOTHUB_CLIENT_CONFIRMATION_OK"
5660,10402256312,10402256345,1,"IOTHUB_CLIENT_CONFIRMATION_OK"
5661,10402256512,10402256548,1,"IOTHUB_CLIENT_CONFIRMATION_OK"
5662,10402256713,10402256748,1,"IOTHUB_CLIENT_CONFIRMATION_OK"
5663,10402256913,10402256947,1,"IOTHUB_CLIENT_CONFIRMATION_OK"
5664,10402257113,10402257235,1,"IOTHUB_CLIENT_CONFIRMATION_OK"
5665,10402257313,10402257343,1,"IOTHUB_CLIENT_CONFIRMATION_OK"
5666,10402257513,10402257544,1,"IOTHUB_CLIENT_CONFIRMATION_OK"
5667,10402257713,10402257887,1,"IOTHUB_CLIENT_CONFIRMATION_OK"
5668,10402257913,10402257944,1,"IOTHUB_CLIENT_CONFIRMATION_OK"
5669,10402258114,10402258144,1,"IOTHUB_CLIENT_CONFIRMATION_OK"
5670,10402258314,10402258473,1,"IOTHUB_CLIENT_CONFIRMATION_OK"
5671,10402258514,10402258542,1,"IOTHUB_CLIENT_CONFIRMATION_OK"
5672,10402258714,10402258744,1,"IOTHUB_CLIENT_CONFIRMATION_OK"
5673,10402258914,10402258946,1,"IOTHUB_CLIENT_CONFIRMATION_OK"
5674,10402259114,10402259150,1,"IOTHUB_CLIENT_CONFIRMATION_OK"
5675,10402259315,10402259346,1,"IOTHUB_CLIENT_CONFIRMATION_OK"
5676,10402259515,10402259554,1,"IOTHUB_CLIENT_CONFIRMATION_OK"
5677,10402259715,10402259745,1,"IOTHUB_CLIENT_CONFIRMATION_OK"
5678,10402259915,10402259945,1,"IOTHUB_CLIENT_CONFIRMATION_OK"
5679,10402260115,10402260160,1,"IOTHUB_CLIENT_CONFIRMATION_OK"
5680,10402260315,10402260345,1,"IOTHUB_CLIENT_CONFIRMATION_OK"
5681,10402260515,10402260700,1,"IOTHUB_CLIENT_CONFIRMATION_OK"
5682,10402260716,10402260768,1,"IOTHUB_CLIENT_CONFIRMATION_OK"
5683,10402260916,10402260989,1,"IOTHUB_CLIENT_CONFIRMATION_OK"
5684,10402261116,10402261159,1,"IOTHUB_CLIENT_CONFIRMATION_OK"
5685,10402261316,10402261347,1,"IOTHUB_CLIENT_CONFIRMATION_OK"
5686,10402261516,10402261547,1,"IOTHUB_CLIENT_CONFIRMATION_OK"
5687,10402261716,10402261762,1,"IOTHUB_CLIENT_CONFIRMATION_OK"
5688,10402261917,10402261947,1,"IOTHUB_CLIENT_CONFIRMATION_OK"
5689,10402262117,10402262198,1,"IOTHUB_CLIENT_CONFIRMATION_OK"
5690,10402262317,10402262356,1,"IOTHUB_CLIENT_CONFIRMATION_OK"
5691,10402262517,10402262555,1,"IOTHUB_CLIENT_CONFIRMATION_OK"
5692,10402262717,10402262752,1,"IOTHUB_CLIENT_CONFIRMATION_OK"
5693,10402262917,10402262957,1,"IOTHUB_CLIENT_CONFIRMATION_OK"
5694,10402263117,10402263147,1,"IOTHUB_CLIENT_CONFIRMATION_OK"
5695,10402263318,10402263349,1,"IOTHUB_CLIENT_CONFIRMATION_OK"
5696,10402263518,10402263607,1,"IOTHUB_CLIENT_CONFIRMATION_OK"
5697,10402263718,10402263751,1,"IOTHUB_CLIENT_CONFIRMATION_OK"
5698,10402263918,10402263961,1,"IOTHUB_CLIENT_CONFIRMATION_OK"
5699,10402264118,10402264151,1,"IOTHUB_CLIENT_CONFIRMATION_OK"
5700,10402264318,10402264366,1,"IOTHUB_CLIENT_CONFIRMATION_OK"
5701,10402264519,10402264605,1,"IOTHUB_CLIENT_CONFIRMATION_OK"
5702,10402264719,10402264751,1,"IOTHUB_CLIENT_CONFIRMATION_OK"
5703,10402264919,10402264951,1,"IOTHUB_CLIENT_CONFIRMATION_OK"
5704,10402265119,10402265201,1,"IOTHUB_CLIENT_CONFIRMATION_OK"
5705,10402265319,10402265353,1,"IOTHUB_CLIENT_CONFIRMATION_OK"
5706,10402265519,10402265550,1,"IOTHUB_CLIENT_CONFIRMATION_OK"
5707,10402265720,10402265752,1,"IOTHUB_CLIENT_CONFIRMATION_OK"
5708,10402265920,10402265961,1,"IOTHUB_CLIENT_CONFIRMATION_OK"
5709,10402266120,10402266147,1,"IOTHUB_CLIENT_CONFIRMATION_OK"
5710,10402266320,10402266472,1,"IOTHUB_CLIENT_CONFIRMATION_OK"
5711,10402266520,10402266550,1,"IOTHUB_CLIENT_CONFIRMATION_OK"
5712,10402266720,10402266752,1,"IOTHUB_CLIENT_CONFIRMATION_OK"
5713,10402266920,10402266983,1,"IOTHUB_CLIENT_CONFIRMATION_OK"
5714,10402267121,10402267150,1,"IOTHUB_CLIENT_CONFIRMATION_OK"
5715,10402267321,10402267499,1,"IOTHUB_CLIENT_CONFIRMATION_OK"
5716,10402267521,10402267557,1,"IOTHUB_CLIENT_CONFIRMATION_OK"
5717,10402267721,10402267757,1,"IOTHUB_CLIENT_CONFIRMATION_OK"
5718,10402267921,10402267951,1,"IOTHUB_CLIENT_CONFIRMATION_OK"
5719,10402268122,10402268164,1,"IOTHUB_CLIENT_CONFIRMATION_OK"
5720,10402268322,10402268361,1,"IOTHUB_CLIENT_CONFIRMATION_OK"
5721,10402268522,10402268551,1,"IOTHUB_CLIENT_CONFIRMATION_OK"
5722,10402268722,10402268761,1,"IOTHUB_CLIENT_CONFIRMATION_OK"
5723,10402268922,10402268954,1,"IOTHUB_CLIENT_CONFIRMATION_OK"
5724,10402269122,10402269182,1,"IOTHUB_CLIENT_CONFIRMATION_OK"
5725,10402269322,10402269357,1,"IOTHUB_CLIENT_CONFIRMATION_OK"
5726,10402269523,10402269551,1,"IOTHUB_CLIENT_CONFIRMATION_OK"
5727,10402269723,10402269757,1,"IOTHUB_CLIENT_CONFIRMATION_OK"
5728,10402269923,10402269973,1,"IOTHUB_CLIENT_CONFIRMATION_OK"
5729,10402270123,10402270342,1,"IOTHUB_CLIENT_CONFIRMATION_OK"
5730,10402270323,10402270367,1,"IOTHUB_CLIENT_CONFIRMATION_OK"
5731,10402270523,10402270587,1,"IOTHUB_CLIENT_CONFIRMATION_OK"
5732,10402270723,10402270767,1,"IOTHUB_CLIENT_CONFIRMATION_OK"
5733,10402270924,10402270964,1,"IOTHUB_CLIENT_CONFIRMATION_OK"
5734,10402271124,10402271154,1,"IOTHUB_CLIENT_CONFIRMATION_OK"
5735,10402271324,10402271370,1,"IOTHUB_CLIENT_CONFIRMATION_OK"
5736,10402271524,10402271555,1,"IOTHUB_CLIENT_CONFIRMATION_OK"
5737,10402271724,10402271755,1,"IOTHUB_CLIENT_CONFIRMATION_OK"
5738,10402271924,10402271984,1,"IOTHUB_CLIENT_CONFIRMATION_OK"
5739,10402272125,10402272164,1,"IOTHUB_CLIENT_CONFIRMATION_OK"
5740,10402272325,10402272355,1,"IOTHUB_CLIENT_CONFIRMATION_OK"
5741,10402272525,10402272598,1,"IOTHUB_CLIENT_CONFIRMATION_OK"
5742,10402272725,10402272771,1,"IOTHUB_CLIENT_CONFIRMATION_OK"
5743,10402272925,10402272956,1,"IOTHUB_CLIENT_CONFIRMATION_OK"
5744,10402273125,10402273174,1,"IOTHUB_CLIENT_CONFIRMATION_OK"
5745,10402273325,10402273358,1,"IOTHUB_CLIENT_CONFIRMATION_OK"
5746,10402273526,10402273599,1,"IOTHUB_CLIENT_CONFIRMATION_OK"
5747,10402273726,10402273758,1,"IOTHUB_CLIENT_CONFIRMATION_OK"
5748,10402273926,10402273958,1,"IOTHUB_CLIENT_CONFIRMATION_OK"
5749,10402274126,10402274218,1,"IOTHUB_CLIENT_CONFIRMATION_OK"
5750,10402274326,10402274371,1,"IOTHUB_CLIENT_CONFIRMATION_OK"
5751,10402274526,10402274557,1,"IOTHUB_CLIENT_CONFIRMATION_OK"
5752,10402274727,10402274844,1,"IOTHUB_CLIENT_CONFIRMATION_OK"
5753,10402274927,10402274959,1,"IOTHUB_CLIENT_CONFIRMATION_OK"
5754,10402275127,10402275160,1,"IOTHUB_CLIENT_CONFIRMATION_OK"
5755,10402275327,10402275356,1,"IOTHUB_CLIENT_CONFIRMATION_OK"
5756,10402275527,10402275556,1,"IOTHUB_CLIENT_CONFIRMATION_OK"
5757,10402275727,10402275776,1,"IOTHUB_CLIENT_CONFIRMATION_OK"
5758,10402275927,10402275963,1,"IOTHUB_CLIENT_CONFIRMATION_OK"
5759,10402276128,10402276156,1,"IOTHUB_CLIENT_CONFIRMATION_OK"
5760,10402276328,10402276357,1,"IOTHUB_CLIENT_CONFIRMATION_OK"
5761,10402276528,10402276561,1,"IOTHUB_CLIENT_CONFIRMATION_OK"
5762,10402276728,10402276761,1,"IOTHUB_CLIENT_CONFIRMATION_OK"
5763,10402276928,10402277068,1,"IOTHUB_CLIENT_CONFIRMATION_OK"
5764,10402277128,10402277163,1,"IOTHUB_CLIENT_CONFIRMATION_OK"
5765,10402277329,10402277359,1,"IOTHUB_CLIENT_CONFIRMATION_OK"
5766,10402277529,10402277733,1,"IOTHUB_CLIENT_CONFIRMATION_OK"
5767,10402277729,10402277763,1,"IOTHUB_CLIENT_CONFIRMATION_OK"
5768,10402277929,10402277960,1,"IOTHUB_CLIENT_CONFIRMATION_OK"
5769,10402278129,10402278159,1,"IOTHUB_CLIENT_CONFIRMATION_OK"
5770,10402278329,10402278359,1,"IOTHUB_CLIENT_CONFIRMATION_OK"
5771,10402278530,10402278561,1,"IOTHUB_CLIENT_CONFIRMATION_OK"
5772,10402278730,10402278786,1,"IOTHUB_CLIENT_CONFIRMATION_OK"
5773,10402278930,10402278960,1,"IOTHUB_CLIENT_CONFIRMATION_OK"
5774,10402279130,10402279164,1,"IOTHUB_CLIENT_CONFIRMATION_OK"
5775,10402279330,10402279414,1,"IOTHUB_CLIENT_CONFIRMATION_OK"
5776,10402279530,10402279571,1,"IOTHUB_CLIENT_CONFIRMATION_OK"
5777,10402279730,10402279759,1,"IOTHUB_CLIENT_CONFIRMATION_OK"
5778,10402279931,10402279962,1,"IOTHUB_CLIENT_CONFIRMATION_OK"
5779,10402280131,10402280160,1,"IOTHUB_CLIENT_CONFIRMATION_OK"
5780,10402280331,10402280430,1,"IOTHUB_CLIENT_CONFIRMATION_OK"
5781,10402280531,10402280559,1,"IOTHUB_CLIENT_CONFIRMATION_OK"
5782,10402280731,10402280760,1,"IOTHUB_CLIENT_CONFIRMATION_OK"
5783,10402280931,10402281067,1,"IOTHUB_CLIENT_CONFIRMATION_OK"
5784,10402281132,10402281166,1,"IOTHUB_CLIENT_CONFIRMATION_OK"
5785,10402281332,10402281362,1,"IOTHUB_CLIENT_CONFIRMATION_OK"
5786,10402281532,10402281684,1,"IOTHUB_CLIENT_CONFIRMATION_OK"
5787,10402281732,10402281779,1,"IOTHUB_CLIENT_CONFIRMATION_OK"
5788,10402281932,10402281962,1,"IOTHUB_CLIENT_CONFIRMATION_OK"
5789,10402282132,10402282164,1,"IOTHUB_CLIENT_CONFIRMATION_OK"
5790,10402282332,10402282361,1,"IOTHUB_CLIENT_CONFIRMATION_OK"
5791,10402282533,10402282561,1,"IOTHUB_CLIENT_CONFIRMATION_OK"
5792,10402282733,10402282777,1,"IOTHUB_CLIENT_CONFIRMATION_OK"
5793,10402282933,10402282971,1,"IOTHUB_CLIENT_CONFIRMATION_OK"
5794,10402283133,10402283164,1,"IOTHUB_CLIENT_CONFIRMATION_OK"
5795,10402283333,10402283370,1,"IOTHUB_CLIENT_CONFIRMATION_OK"
5796,10402283533,10402283562,1,"IOTHUB_CLIENT_CONFIRMATION_OK"
5797,10402283734,10402283924,1,"IOTHUB_CLIENT_CONFIRMATION_OK"
5798,10402283934,10402283966,1,"IOTHUB_CLIENT_CONFIRMATION_OK"
5799,10402284134,10402284163,1,"IOTHUB_CLIENT_CONFIRMATION_OK"
5800,10402284334,10402284368,1,"IOTHUB_CLIENT_CONFIRMATION_OK"
5801,10402284534,10402284574,1,"IOTHUB_CLIENT_CONFIRMATION_OK"
5802,10402284734,10402284818,1,"IOTHUB_CLIENT_CONFIRMATION_OK"
5803,10402284934,10402285027,1,"IOTHUB_CLIENT_CONFIRMATION_OK"
5804,10402285135,10402285166,1,"IOTHUB_CLIENT_CONFIRMATION_OK"
5805,10402285335,10402285365,1,"IOTHUB_CLIENT_CONFIRMATION_OK"
5806,10402285535,10402285649,1,"IOTHUB_CLIENT_CONFIRMATION_OK"
5807,10402285735,10402285773,1,"IOTHUB_CLIENT_CONFIRMATION_OK"
5808,10402285935,10402285967,1,"IOTHUB_CLIENT_CONFIRMATION_OK"
5809,10402286135,10402286165,1,"IOTHUB_CLIENT_CONFIRMATION_OK"
5810,10402286336,10402286368,1,"IOTHUB_CLIENT_CONFIRMATION_OK"
5811,10402286536,10402286570,1,"IOTHUB_CLIENT_CONFIRMATION_OK"
5812,10402286736,10402286822,1,"IOTHUB_CLIENT_CONFIRMATION_OK"
5813,10402286936,10402286968,1,"IOTHUB_CLIENT_CONFIRMATION_OK"
5814,10402287136,10402287272,1,"IOTHUB_CLIENT_CONFIRMATION_OK"
5815,10402287336,10402287366,1,"IOTHUB_CLIENT_CONFIRMATION_OK"
5816,10402287537,10402287568,1,"IOTHUB_CLIENT_CONFIRMATION_OK"
5817,10402287737,10402287886,1,"IOTHUB_CLIENT_CONFIRMATION_OK"
5818,10402287937,10402287966,1,"IOTHUB_CLIENT_CONFIRMATION_OK"
5819,10402288137,10402288165,1,"IOTHUB_CLIENT_CONFIRMATION_OK"
5820,10402288337,10402288376,1,"IOTHUB_CLIENT_CONFIRMATION_OK"
5821,10402288537,10402288568,1,"IOTHUB_CLIENT_CONFIRMATION_OK"
5822,10402288737,10402288786,1,"IOTHUB_CLIENT_CONFIRMATION_OK"
5823,10402288938,10402288979,1,"IOTHUB_CLIENT_CONFIRMATION_OK"
5824,10402289138,10402289168,1,"IOTHUB_CLIENT_CONFIRMATION_OK"
5825,10402289338,10402289389,1,"IOTHUB_CLIENT_CONFIRMATION_OK"
5826,10402289538,10402289571,1,"IOTHUB_CLIENT_CONFIRMATION_OK"
5827,10402289738,10402289775,1,"IOTHUB_CLIENT_CONFIRMATION_OK"
5828,10402289938,10402289974,1,"IOTHUB_CLIENT_CONFIRMATION_OK"
5829,10402290139,10402290196,1,"IOTHUB_CLIENT_CONFIRMATION_OK"
5830,10402290339,10402290372,1,"IOTHUB_CLIENT_CONFIRMATION_OK"
5831,10402290539,10402290578,1,"IOTHUB_CLIENT_CONFIRMATION_OK"
5832,10402290739,10402290781,1,"IOTHUB_CLIENT_CONFIRMATION_OK"
5833,10402290939,10402290983,1,"IOTHUB_CLIENT_CONFIRMATION_OK"
5834,10402291139,10402291198,1,"IOTHUB_CLIENT_CONFIRMATION_OK"
5835,10402291340,10402291381,1,"IOTHUB_CLIENT_CONFIRMATION_OK"
5836,10402291540,10402291573,1,"IOTHUB_CLIENT_CONFIRMATION_OK"
5837,10402291740,10402291811,1,"IOTHUB_CLIENT_CONFIRMATION_OK"
5838,10402291940,10402291991,1,"IOTHUB_CLIENT_CONFIRMATION_OK"
5839,10402292140,10402292173,1,"IOTHUB_CLIENT_CONFIRMATION_OK"
5840,10402292340,10402292413,1,"IOTHUB_CLIENT_CONFIRMATION_OK"
5841,10402292541,10402292571,1,"IOTHUB_CLIENT_CONFIRMATION_OK"
5842,10402292741,10402292772,1,"IOTHUB_CLIENT_CONFIRMATION_OK"
5843,10402292941,10402292975,1,"IOTHUB_CLIENT_CONFIRMATION_OK"
5844,10402293141,10402293170,1,"IOTHUB_CLIENT_CONFIRMATION_OK"
5845,10402293341,10402293424,1,"IOTHUB_CLIENT_CONFIRMATION_OK"
5846,10402293541,10402293572,1,"IOTHUB_CLIENT_CONFIRMATION_OK"
5847,10402293741,10402293773,1,"IOTHUB_CLIENT_CONFIRMATION_OK"
5848,10402293941,10402294040,1,"IOTHUB_CLIENT_CONFIRMATION_OK"
5849,10402294142,10402294197,1,"IOTHUB_CLIENT_CONFIRMATION_OK"
5850,10402294342,10402294373,1,"IOTHUB_CLIENT_CONFIRMATION_OK"
5851,10402294542,10402294675,1,"IOTHUB_CLIENT_CONFIRMATION_OK"
5852,10402294742,10402294772,1,"IOTHUB_CLIENT_CONFIRMATION_OK"
5853,10402294942,10402295033,1,"IOTHUB_CLIENT_CONFIRMATION_OK"
5854,10402295142,10402295174,1,"IOTHUB_CLIENT_CONFIRMATION_OK"
5855,10402295343,10402295373,1,"IOTHUB_CLIENT_CONFIRMATION_OK"
5856,10402295543,10402295578,1,"IOTHUB_CLIENT_CONFIRMATION_OK"
5857,10402295743,10402295773,1,"IOTHUB_CLIENT_CONFIRMATION_OK"
5858,10402295943,10402295983,1,"IOTHUB_CLIENT_CONFIRMATION_OK"
5859,10402296143,10402296174,1,"IOTHUB_CLIENT_CONFIRMATION_OK"
5860,10402296343,10402296374,1,"IOTHUB_CLIENT_CONFIRMATION_OK"
5861,10402296543,10402296593,1,"IOTHUB_CLIENT_CONFIRMATION_OK"
5862,10402296744,10402296913,1,"IOTHUB_CLIENT_CONFIRMATION_OK"
5863,10402296944,10402296980,1,"IOTHUB_CLIENT_CONFIRMATION_OK"
5864,10402297144,10402297181,1,"IOTHUB_CLIENT_CONFIRMATION_OK"
5865,10402297344,10402297388,1,"IOTHUB_CLIENT_CONFIRMATION_OK"
5866,10402297544,10402297573,1,"IOTHUB_CLIENT_CONFIRMATION_OK"
5867,10402297744,10402297783,1,"IOTHUB_CLIENT_CONFIRMATION_OK"
5868,10402297945,10402297988,1,"IOTHUB_CLIENT_CONFIRMATION_OK"
5869,10402298145,10402298176,1,"IOTHUB_CLIENT_CONFIRMATION_OK"
5870,10402298345,10402298379,1,"IOTHUB_CLIENT_CONFIRMATION_OK"
5871,10402298545,10402298586,1,"IOTHUB_CLIENT_CONFIRMATION_OK"
5872,10402298745,10402298781,1,"IOTHUB_CLIENT_CONFIRMATION_OK"
5873,10402298945,10402298977,1,"IOTHUB_CLIENT_CONFIRMATION_OK"
5874,10402299146,10402299377,1,"IOTHUB_CLIENT_CONFIRMATION_OK"
5875,10402299346,10402299396,1,"IOTHUB_CLIENT_CONFIRMATION_OK"
5876,10402299546,10402299583,1,"IOTHUB_CLIENT_CONFIRMATION_OK"
5877,10402299746,10402299777,1,"IOTHUB_CLIENT_CONFIRMATION_OK"
5878,10402299946,10402299975,1,"IOTHUB_CLIENT_CONFIRMATION_OK"
5879,10402300146,10402300193,1,"IOTHUB_CLIENT_CONFIRMATION_OK"
5880,10402300346,10402300375,1,"IOTHUB_CLIENT_CONFIRMATION_OK"
5881,10402300547,10402300583,1,"IOTHUB_CLIENT_CONFIRMATION_OK"
5882,10402300747,10402300812,1,"IOTHUB_CLIENT_CONFIRMATION_OK"
5883,10402300947,10402300980,1,"IOTHUB_CLIENT_CONFIRMATION_OK"
5884,10402301147,10402301280,1,"IOTHUB_CLIENT_CONFIRMATION_OK"
5885,10402301347,10402301492,1,"IOTHUB_CLIENT_CONFIRMATION_OK"
5886,10402301547,10402301580,1,"IOTHUB_CLIENT_CONFIRMATION_OK"
5887,10402301748,10402301802,1,"IOTHUB_CLIENT_CONFIRMATION_OK"
5888,10402301948,10402301983,1,"IOTHUB_CLIENT_CONFIRMATION_OK"
5889,10402302148,10402302188,1,"IOTHUB_CLIENT_CONFIRMATION_OK"
5890,10402302348,10402302393,1,"IOTHUB_CLIENT_CONFIRMATION_OK"
5891,10402302548,10402302585,1,"IOTHUB_CLIENT_CONFIRMATION_OK"
5892,10402302748,10402302778,1,"IOTHUB_CLIENT_CONFIRMATION_OK"
5893,10402302948,10402302977,1,"IOTHUB_CLIENT_CONFIRMATION_OK"
5894,10402303149,10402303190,1,"IOTHUB_CLIENT_CONFIRMATION_OK"
5895,10402303349,10402303379,1,"IOTHUB_CLIENT_CONFIRMATION_OK"
5896,10402303549,10402303732,1,"IOTHUB_CLIENT_CONFIRMATION_OK"
5897,10402303749,10402303781,1,"IOTHUB_CLIENT_CONFIRMATION_OK"
5898,10402303949,10402303983,1,"IOTHUB_CLIENT_CONFIRMATION_OK"
5899,10402304149,10402304178,1,"IOTHUB_CLIENT_CONFIRMATION_OK"
5900,10402304349,10402304400,1,"IOTHUB_CLIENT_CONFIRMATION_OK"
5901,10402304550,10402304588,1,"IOTHUB_CLIENT_CONFIRMATION_OK"
5902,10402304750,10402304795,1,"IOTHUB_CLIENT_CONFIRMATION_OK"
5903,10402304950,10402304981,1,"IOTHUB_CLIENT_CONFIRMATION_OK"
5904,10402305150,10402305179,1,"IOTHUB_CLIENT_CONFIRMATION_OK"
5905,10402305350,10402305387,1,"IOTHUB_CLIENT_CONFIRMATION_OK"
5906,10402305550,10402305581,1,"IOTHUB_CLIENT_CONFIRMATION_OK"
5907,10402305751,10402305781,1,"IOTHUB_CLIENT_CONFIRMATION_OK"
5908,10402305951,10402306017,1,"IOTHUB_CLIENT_CONFIRMATION_OK"
5909,10402306151,10402306180,1,"IOTHUB_CLIENT_CONFIRMATION_OK"
5910,10402306351,10402306392,1,"IOTHUB_CLIENT_CONFIRMATION_OK"
5911,10402306551,10402306582,1,"IOTHUB_CLIENT_CONFIRMATION_OK"
5912,10402306751,10402306789,1,"IOTHUB_CLIENT_CONFIRMATION_OK"
5913,10402306951,10402307027,1,"IOTHUB_CLIENT_CONFIRMATION_OK"
5914,10402307152,10402307273,1,"IOTHUB_CLIENT_CONFIRMATION_OK"
5915,10402307352,10402307396,1,"IOTHUB_CLIENT_CONFIRMATION_OK"
5916,10402307552,10402307681,1,"IOTHUB_CLIENT_CONFIRMATION_OK"
5917,10402307752,10402307784,1,"IOTHUB_CLIENT_CONFIRMATION_OK"
5918,10402307952,10402307982,1,"IOTHUB_CLIENT_CONFIRMATION_OK"
5919,10402308152,10402308194,1,"IOTHUB_CLIENT_CONFIRMATION_OK"
5920,10402308353,10402308387,1,"IOTHUB_CLIENT_CONFIRMATION_OK"
5921,10402308553,10402308587,1,"IOTHUB_CLIENT_CONFIRMATION_OK"
5922,10402308753,10402308790,1,"IOTHUB_CLIENT_CONFIRMATION_OK"
5923,10402308953,10402308988,1,"IOTHUB_CLIENT_CONFIRMATION_OK"
5924,10402309153,10402309181,1,"IOTHUB_CLIENT_CONFIRMATION_OK"
5925,10402309353,10402309398,1,"IOTHUB_CLIENT_CONFIRMATION_OK"
5926,10402309553,10402309588,1,"IOTHUB_CLIENT_CONFIRMATION_OK"
5927,10402309754,10402309963,1,"IOTHUB_CLIENT_CONFIRMATION_OK"
5928,10402309954,10402309986,1,"IOTHUB_CLIENT_CONFIRMATION_OK"
5929,10402310154,10402310186,1,"IOTHUB_CLIENT_CONFIRMATION_OK"
5930,10402310354,10402310385,1,"IOTHUB_CLIENT_CONFIRMATION_OK"
5931,10402310554,10402310586,1,"IOTHUB_CLIENT_CONFIRMATION_OK"
5932,10402310754,10402310809,1,"IOTHUB_CLIENT_CONFIRMATION_OK"
5933,10402310955,10402310996,1,"IOTHUB_CLIENT_CONFIRMATION_OK"
5934,10402311155,10402311185,1,"IOTHUB_CLIENT_CONFIRMATION_OK"
5935,10402311355,10402311396,1,"IOTHUB_CLIENT_CONFIRMATION_OK"
5936,10402311555,10402311589,1,"IOTHUB_CLIENT_CONFIRMATION_OK"
5937,10402311755,10402311798,1,"IOTHUB_CLIENT_CONFIRMATION_OK"
5938,10402311955,10402311985,1,"IOTHUB_CLIENT_CONFIRMATION_OK"
5939,10402312156,10402312196,1,"IOTHUB_CLIENT_CONFIRMATION_OK"
5940,10402312356,10402312385,1,"IOTHUB_CLIENT_CONFIRMATION_OK"
5941,10402312556,10402312587,1,"IOTHUB_CLIENT_CONFIRMATION_OK"
5942,10402312756,10402312837,1,"IOTHUB_CLIENT_CONFIRMATION_OK"
5943,10402312956,10402312986,1,"IOTHUB_CLIENT_CONFIRMATION_OK"
5944,10402313156,10402313209,1,"IOTHUB_CLIENT_CONFIRMATION_OK"
5945,10402313357,10402313387,1,"IOTHUB_CLIENT_CONFIRMATION_OK"
5946,10402313557,10402313587,1,"IOTHUB_CLIENT_CONFIRMATION_OK"
5947,10402313757,10402313819,1,"IOTHUB_CLIENT_CONFIRMATION_OK"
5948,10402313957,10402313991,1,"IOTHUB_CLIENT_CONFIRMATION_OK"
5949,10402314157,10402314192,1,"IOTHUB_CLIENT_CONFIRMATION_OK"
5950,10402314357,10402314429,1,"IOTHUB_CLIENT_CONFIRMATION_OK"
5951,10402314558,10402314618,1,"IOTHUB_CLIENT_CONFIRMATION_OK"
5952,10402314758,10402314791,1,"IOTHUB_CLIENT_CONFIRMATION_OK"
5953,10402314958,10402315078,1,"IOTHUB_CLIENT_CONFIRMATION_OK"
5954,10402315158,10402315252,1,"IOTHUB_CLIENT_CONFIRMATION_OK"
5955,10402315358,10402315391,1,"IOTHUB_CLIENT_CONFIRMATION_OK"
5956,10402315558,10402315589,1,"IOTHUB_CLIENT_CONFIRMATION_OK"
5957,10402315759,10402315789,1,"IOTHUB_CLIENT_CONFIRMATION_OK"
5958,10402315959,10402315989,1,"IOTHUB_CLIENT_CONFIRMATION_OK"
5959,10402316159,10402316190,1,"IOTHUB_CLIENT_CONFIRMATION_OK"
5960,10402316359,10402316392,1,"IOTHUB_CLIENT_CONFIRMATION_OK"
5961,10402316559,10402316722,1,"IOTHUB_CLIENT_CONFIRMATION_OK"
5962,10402316759,10402316796,1,"IOTHUB_CLIENT_CONFIRMATION_OK"
5963,10402316959,10402316990,1,"IOTHUB_CLIENT_CONFIRMATION_OK"
5964,10402317160,10402317326,1,"IOTHUB_CLIENT_CONFIRMATION_OK"
5965,10402317360,10402317388,1,"IOTHUB_CLIENT_CONFIRMATION_OK"
5966,10402317560,10402317597,1,"IOTHUB_CLIENT_CONFIRMATION_OK"
5967,10402317760,10402317792,1,"IOTHUB_CLIENT_CONFIRMATION_OK"
5968,10402317960,10402317996,1,"IOTHUB_CLIENT_CONFIRMATION_OK"
5969,10402318160,10402318194,1,"IOTHUB_CLIENT_CONFIRMATION_OK"
5970,10402318360,10402318394,1,"IOTHUB_CLIENT_CONFIRMATION_OK"
5971,10402318561,10402318594,1,"IOTHUB_CLIENT_CONFIRMATION_OK"
5972,10402318761,10402318794,1,"IOTHUB_CLIENT_CONFIRMATION_OK"
5973,10402318961,10402319001,1,"IOTHUB_CLIENT_CONFIRMATION_OK"
5974,10402319161,10402319204,1,"IOTHUB_CLIENT_CONFIRMATION_OK"
5975,10402319361,10402319389,1,"IOTHUB_CLIENT_CONFIRMATION_OK"
5976,10402319561,10402319615,1,"IOTHUB_CLIENT_CONFIRMATION_OK"
5977,10402319762,10402319808,1,"IOTHUB_CLIENT_CONFIRMATION_OK"
5978,10402319962,10402320005,1,"IOTHUB_CLIENT_CONFIRMATION_OK"
5979,10402320162,10402320191,1,"IOTHUB_CLIENT_CONFIRMATION_OK"
5980,10402320362,10402320396,1,"IOTHUB_CLIENT_CONFIRMATION_OK"
5981,10402320562,10402320614,1,"IOTHUB_CLIENT_CONFIRMATION_OK"
5982,10402320762,10402320894,1,"IOTHUB_CLIENT_CONFIRMATION_OK"
5983,10402320962,10402320993,1,"IOTHUB_CLIENT_CONFIRMATION_OK"
5984,10402321163,10402321193,1,"IOTHUB_CLIENT_CONFIRMATION_OK"
5985,10402321363,10402321394,1,"IOTHUB_CLIENT_CONFIRMATION_OK"
5986,10402321563,10402321594,1,"IOTHUB_CLIENT_CONFIRMATION_OK"
5987,10402321763,10402321795,1,"IOTHUB_CLIENT_CONFIRMATION_OK"
5988,10402321963,10402321992,1,"IOTHUB_CLIENT_CONFIRMATION_OK"
5989,10402322163,10402322196,1,"IOTHUB_CLIENT_CONFIRMATION_OK"
5990,10402322363,10402322398,1,"IOTHUB_CLIENT_CONFIRMATION_OK"
5991,10402322564,10402322596,1,"IOTHUB_CLIENT_CONFIRMATION_OK"
5992,10402322764,10402322916,1,"IOTHUB_CLIENT_CONFIRMATION_OK"
5993,10402322964,10402323003,1,"IOTHUB_CLIENT_CONFIRMATION_OK"
5994,10402323164,10402323199,1,"IOTHUB_CLIENT_CONFIRMATION_OK"
5995,10402323364,10402323540,1,"IOTHUB_CLIENT_CONFIRMATION_OK"
5996,10402323564,10402323597,1,"IOTHUB_CLIENT_CONFIRMATION_OK"
5997,10402323765,10402323807,1,"IOTHUB_CLIENT_CONFIRMATION_OK"
5998,10402323965,10402323998,1,"IOTHUB_CLIENT_CONFIRMATION_OK"
5999,10402324165,10402324200,1,"IOTHUB_CLIENT_CONFIRMATION_OK"
6000,10402324365,10402324394,1,"IOTHUB_CLIENT_CONFIRMATION_OK"
6001,10402324565,10402324595,1,"IOTHUB_CLIENT_CONFIRMATION_OK"
6002,10402324765,10402324821,1,"IOTHUB_CLIENT_CONFIRMATION_OK"
6003,10402324966,10402325003,1,"IOTHUB_CLIENT_CONFIRMATION_OK"
6004,10402325166,10402325209,1,"IOTHUB_CLIENT_CONFIRMATION_OK"
6005,10402325366,10402325396,1,"IOTHUB_CLIENT_CONFIRMATION_OK"
6006,10402325566,10402325599,1,"IOTHUB_CLIENT_CONFIRMATION_OK"
6007,10402325766,10402325830,1,"IOTHUB_CLIENT_CONFIRMATION_OK"
6008,10402325966,10402325997,1,"IOTHUB_CLIENT_CONFIRMATION_OK"
6009,10402326167,10402326199,1,"IOTHUB_CLIENT_CONFIRMATION_OK"
6010,10402326367,10402326395,1,"IOTHUB_CLIENT_CONFIRMATION_OK"
6011,10402326567,10402326923,1,"IOTHUB_CLIENT_CONFIRMATION_OK"
6012,10402326767,10402327012,1,"IOTHUB_CLIENT_CONFIRMATION_OK"
6013,10402326967,10402327045,1,"IOTHUB_CLIENT_CONFIRMATION_OK"
6014,10402327167,10402327198,1,"IOTHUB_CLIENT_CONFIRMATION_OK"
6015,10402327367,10402327459,1,"IOTHUB_CLIENT_CONFIRMATION_OK"
6016,10402327568,10402327599,1,"IOTHUB_CLIENT_CONFIRMATION_OK"
6017,10402327768,10402327800,1,"IOTHUB_CLIENT_CONFIRMATION_OK"
6018,10402327968,10402328054,1,"IOTHUB_CLIENT_CONFIRMATION_OK"
6019,10402328168,10402328206,1,"IOTHUB_CLIENT_CONFIRMATION_OK"
6020,10402328368,10402328397,1,"IOTHUB_CLIENT_CONFIRMATION_OK"
6021,10402328568,10402328598,1,"IOTHUB_CLIENT_CONFIRMATION_OK"
6022,10402328769,10402328799,1,"IOTHUB_CLIENT_CONFIRMATION_OK"
6023,10402328969,10402328998,1,"IOTHUB_CLIENT_CONFIRMATION_OK"
6024,10402329169,10402329208,1,"IOTHUB_CLIENT_CONFIRMATION_OK"
6025,10402329369,10402329400,1,"IOTHUB_CLIENT_CONFIRMATION_OK"
6026,10402329569,10402329703,1,"IOTHUB_CLIENT_CONFIRMATION_OK"
6027,10402329769,10402329805,1,"IOTHUB_CLIENT_CONFIRMATION_OK"
6028,10402329969,10402330023,1,"IOTHUB_CLIENT_CONFIRMATION_OK"
6029,10402330170,10402330292,1,"IOTHUB_CLIENT_CONFIRMATION_OK"
6030,10402330370,10402330416,1,"IOTHUB_CLIENT_CONFIRMATION_OK"
6031,10402330570,10402330599,1,"IOTHUB_CLIENT_CONFIRMATION_OK"
6032,10402330770,10402330802,1,"IOTHUB_CLIENT_CONFIRMATION_OK"
6033,10402330970,10402331002,1,"IOTHUB_CLIENT_CONFIRMATION_OK"
6034,10402331170,10402331201,1,"IOTHUB_CLIENT_CONFIRMATION_OK"
6035,10402331371,10402331404,1,"IOTHUB_CLIENT_CONFIRMATION_OK"
6036,10402331571,10402331615,1,"IOTHUB_CLIENT_CONFIRMATION_OK"
6037,10402331771,10402331816,1,"IOTHUB_CLIENT_CONFIRMATION_OK"
6038,10402331971,10402332063,1,"IOTHUB_CLIENT_CONFIRMATION_OK"
6039,10402332171,10402332200,1,"IOTHUB_CLIENT_CONFIRMATION_OK"
6040,10402332371,10402332545,1,"IOTHUB_CLIENT_CONFIRMATION_OK"
6041,10402332571,10402332604,1,"IOTHUB_CLIENT_CONFIRMATION_OK"
6042,10402332772,10402332819,1,"IOTHUB_CLIENT_CONFIRMATION_OK"
6043,10402332972,10402333007,1,"IOTHUB_CLIENT_CONFIRMATION_OK"
6044,10402333172,10402333203,1,"IOTHUB_CLIENT_CONFIRMATION_OK"
6045,10402333372,10402333408,1,"IOTHUB_CLIENT_CONFIRMATION_OK"
6046,10402333572,10402333611,1,"IOTHUB_CLIENT_CONFIRMATION_OK"
6047,10402333772,10402333807,1,"IOTHUB_CLIENT_CONFIRMATION_OK"
6048,10402333972,10402334003,1,"IOTHUB_CLIENT_CONFIRMATION_OK"
6049,10402334173,10402334205,1,"IOTHUB_CLIENT_CONFIRMATION_OK"
6050,10402334373,10402334403,1,"IOTHUB_CLIENT_CONFIRMATION_OK"
6051,10402334573,10402334605,1,"IOTHUB_CLIENT_CONFIRMATION_OK"
6052,10402334773,10402334805,1,"IOTHUB_CLIENT_CONFIRMATION_OK"
6053,10402334973,10402335002,1,"IOTHUB_CLIENT_CONFIRMATION_OK"
6054,10402335173,10402335202,1,"IOTHUB_CLIENT_CONFIRMATION_OK"
6055,10402335374,10402335422,1,"IOTHUB_CLIENT_CONFIRMATION_OK"
6056,10402335574,10402335610,1,"IOTHUB_CLIENT_CONFIRMATION_OK"
6057,10402335774,10402335808,1,"IOTHUB_CLIENT_CONFIRMATION_OK"
6058,10402335974,10402336014,1,"IOTHUB_CLIENT_CONFIRMATION_OK"
6059,10402336174,10402336212,1,"IOTHUB_CLIENT_CONFIRMATION_OK"
6060,10402336374,10402336426,1,"IOTHUB_CLIENT_CONFIRMATION_OK"
6061,10402336574,10402336608,1,"IOTHUB_CLIENT_CONFIRMATION_OK"
6062,10402336775,10402336809,1,"IOTHUB_CLIENT_CONFIRMATION_OK"
6063,10402336975,10402337025,1,"IOTHUB_CLIENT_CONFIRMATION_OK"
6064,10402337175,10402337207,1,"IOTHUB_CLIENT_CONFIRMATION_OK"
6065,10402337375,10402337406,1,"IOTHUB_CLIENT_CONFIRMATION_OK"
6066,10402337575,10402337632,1,"IOTHUB_CLIENT_CONFIRMATION_OK"
6067,10402337775,10402337807,1,"IOTHUB_CLIENT_CONFIRMATION_OK"
6068,10402337976,10402338050,1,"IOTHUB_CLIENT_CONFIRMATION_OK"
6069,10402338176,10402338262,1,"IOTHUB_CLIENT_CONFIRMATION_OK"
6070,10402338376,10402338429,1,"IOTHUB_CLIENT_CONFIRMATION_OK"
6071,10402338576,10402338622,1,"IOTHUB_CLIENT_CONFIRMATION_OK"
6072,10402338776,10402338809,1,"IOTHUB_CLIENT_CONFIRMATION_OK"
6073,10402338976,10402339010,1,"IOTHUB_CLIENT_CONFIRMATION_OK"
6074,10402339176,10402339273,1,"IOTHUB_CLIENT_CONFIRMATION_OK"
6075,10402339377,10402339409,1,"IOTHUB_CLIENT_CONFIRMATION_OK"
6076,10402339577,10402339611,1,"IOTHUB_CLIENT_CONFIRMATION_OK"
6077,10402339777,10402339894,1,"IOTHUB_CLIENT_CONFIRMATION_OK"
6078,10402339977,10402340008,1,"IOTHUB_CLIENT_CONFIRMATION_OK"
6079,10402340177,10402340209,1,"IOTHUB_CLIENT_CONFIRMATION_OK"
6080,10402340377,10402340529,1,"IOTHUB_CLIENT_CONFIRMATION_OK"
6081,10402340578,10402340611,1,"IOTHUB_CLIENT_CONFIRMATION_OK"
6082,10402340778,10402340808,1,"IOTHUB_CLIENT_CONFIRMATION_OK"
6083,10402340978,10402341013,1,"IOTHUB_CLIENT_CONFIRMATION_OK"
6084,10402341178,10402341216,1,"IOTHUB_CLIENT_CONFIRMATION_OK"
6085,10402341378,10402341414,1,"IOTHUB_CLIENT_CONFIRMATION_OK"
6086,10402341578,10402341609,1,"IOTHUB_CLIENT_CONFIRMATION_OK"
6087,10402341779,10402341819,1,"IOTHUB_CLIENT_CONFIRMATION_OK"
6088,10402341979,10402342015,1,"IOTHUB_CLIENT_CONFIRMATION_OK"
6089,10402342179,10402342212,1,"IOTHUB_CLIENT_CONFIRMATION_OK"
6090,10402342379,10402342409,1,"IOTHUB_CLIENT_CONFIRMATION_OK"
6091,10402342579,10402342775,1,"IOTHUB_CLIENT_CONFIRMATION_OK"
6092,10402342779,10402342811,1,"IOTHUB_CLIENT_CONFIRMATION_OK"
6093,10402342980,10402343008,1,"IOTHUB_CLIENT_CONFIRMATION_OK"
6094,10402343180,10402343212,1,"IOTHUB_CLIENT_CONFIRMATION_OK"
6095,10402343380,10402343411,1,"IOTHUB_CLIENT_CONFIRMATION_OK"
6096,10402343580,10402343621,1,"IOTHUB_CLIENT_CONFIRMATION_OK"
6097,10402343780,10402343817,1,"IOTHUB_CLIENT_CONFIRMATION_OK"
6098,10402343980,10402344027,1,"IOTHUB_CLIENT_CONFIRMATION_OK"
6099,10402344181,10402344210,1,"IOTHUB_CLIENT_CONFIRMATION_OK"
6100,10402344381,10402344418,1,"IOTHUB_CLIENT_CONFIRMATION_OK"
6101,10402344581,10402344610,1,"IOTHUB_CLIENT_CONFIRMATION_OK"
6102,10402344781,10402344812,1,"IOTHUB_CLIENT_CONFIRMATION_OK"
6103,10402344981,10402345024,1,"IOTHUB_CLIENT_CONFIRMATION_OK"
6104,10402345181,10402345211,1,"IOTHUB_CLIENT_CONFIRMATION_OK"
6105,10402345381,10402345419,1,"IOTHUB_CLIENT_CONFIRMATION_OK"
6106,10402345582,10402345614,1,"IOTHUB_CLIENT_CONFIRMATION_OK"
6107,10402345782,10402345817,1,"IOTHUB_CLIENT_CONFIRMATION_OK"
6108,10402345982,10402346058,1,"IOTHUB_CLIENT_CONFIRMATION_OK"
6109,10402346182,10402346213,1,"IOTHUB_CLIENT_CONFIRMATION_OK"
6110,10402346382,10402346413,1,"IOTHUB_CLIENT_CONFIRMATION_OK"
6111,10402346582,10402346677,1,"IOTHUB_CLIENT_CONFIRMATION_OK"
6112,10402346783,10402346815,1,"IOTHUB_CLIENT_CONFIRMATION_OK"
6113,10402346983,10402347017,1,"IOTHUB_CLIENT_CONFIRMATION_OK"
6114,10402347183,10402347282,1,"IOTHUB_CLIENT_CONFIRMATION_OK"
6115,10402347383,10402347420,1,"IOTHUB_CLIENT_CONFIRMATION_OK"
6116,10402347583,10402347619,1,"IOTHUB_CLIENT_CONFIRMATION_OK"
6117,10402347783,10402347816,1,"IOTHUB_CLIENT_CONFIRMATION_OK"
6118,10402347984,10402348037,1,"IOTHUB_CLIENT_CONFIRMATION_OK"
6119,10402348184,10402348215,1,"IOTHUB_CLIENT_CONFIRMATION_OK"
6120,10402348384,10402348415,1,"IOTHUB_CLIENT_CONFIRMATION_OK"
6121,10402348584,10402348616,1,"IOTHUB_CLIENT_CONFIRMATION_OK"
6122,10402348784,10402348959,1,"IOTHUB_CLIENT_CONFIRMATION_OK"
6123,10402348984,10402349014,1,"IOTHUB_CLIENT_CONFIRMATION_OK"
6124,10402349185,10402349222,1,"IOTHUB_CLIENT_CONFIRMATION_OK"
6125,10402349385,10402349558,1,"IOTHUB_CLIENT_CONFIRMATION_OK"
6126,10402349585,10402349627,1,"IOTHUB_CLIENT_CONFIRMATION_OK"
6127,10402349785,10402349823,1,"IOTHUB_CLIENT_CONFIRMATION_OK"
6128,10402349985,10402350030,1,"IOTHUB_CLIENT_CONFIRMATION_OK"
6129,10402350185,10402350219,1,"IOTHUB_CLIENT_CONFIRMATION_OK"
6130,10402350386,10402350442,1,"IOTHUB_CLIENT_CONFIRMATION_OK"
6131,10402350586,10402350617,1,"IOTHUB_CLIENT_CONFIRMATION_OK"
6132,10402350786,10402350828,1,"IOTHUB_CLIENT_CONFIRMATION_OK"
6133,10402350986,10402351035,1,"IOTHUB_CLIENT_CONFIRMATION_OK"
6134,10402351186,10402351217,1,"IOTHUB_CLIENT_CONFIRMATION_OK"
6135,10402351386,10402351421,1,"IOTHUB_CLIENT_CONFIRMATION_OK"
6136,10402351586,10402351615,1,"IOTHUB_CLIENT_CONFIRMATION_OK"
6137,10402351787,10402351830,1,"IOTHUB_CLIENT_CONFIRMATION_OK"
6138,10402351987,10402352018,1,"IOTHUB_CLIENT_CONFIRMATION_OK"
6139,10402352187,10402352222,1,"IOTHUB_CLIENT_CONFIRMATION_OK"
6140,10402352387,10402352418,1,"IOTHUB_CLIENT_CONFIRMATION_OK"
6141,10402352587,10402352653,1,"IOTHUB_CLIENT_CONFIRMATION_OK"
6142,10402352787,10402352823,1,"IOTHUB_CLIENT_CONFIRMATION_OK"
6143,10402352988,10402353017,1,"IOTHUB_CLIENT_CONFIRMATION_OK"
6144,10402353188,10402353218,1,"IOTHUB_CLIENT_CONFIRMATION_OK"
6145,10402353388,10402353427,1,"IOTHUB_CLIENT_CONFIRMATION_OK"
6146,10402353588,10402353629,1,"IOTHUB_CLIENT_CONFIRMATION_OK"
6147,10402353788,10402353825,1,"IOTHUB_CLIENT_CONFIRMATION_OK"
6148,10402353988,10402354039,1,"IOTHUB_CLIENT_CONFIRMATION_OK"
6149,10402354189,10402354221,1,"IOTHUB_CLIENT_CONFIRMATION_OK"
6150,10402354389,10402354429,1,"IOTHUB_CLIENT_CONFIRMATION_OK"
6151,10402354589,10402354685,1,"IOTHUB_CLIENT_CONFIRMATION_OK"
6152,10402354789,10402354822,1,"IOTHUB_CLIENT_CONFIRMATION_OK"
6153,10402354989,10402355021,1,"IOTHUB_CLIENT_CONFIRMATION_OK"
6154,10402355189,10402355220,1,"IOTHUB_CLIENT_CONFIRMATION_OK"
6155,10402355389,10402355420,1,"IOTHUB_CLIENT_CONFIRMATION_OK"
6156,10402355590,10402355667,1,"IOTHUB_CLIENT_CONFIRMATION_OK"
6157,10402355790,10402355821,1,"IOTHUB_CLIENT_CONFIRMATION_OK"
6158,10402355990,10402356022,1,"IOTHUB_CLIENT_CONFIRMATION_OK"
6159,10402356190,10402356275,1,"IOTHUB_CLIENT_CONFIRMATION_OK"
6160,10402356390,10402356419,1,"IOTHUB_CLIENT_CONFIRMATION_OK"
6161,10402356590,10402356635,1,"IOTHUB_CLIENT_CONFIRMATION_OK"
6162,10402356791,10402356887,1,"IOTHUB_CLIENT_CONFIRMATION_OK"
6163,10402356991,10402357022,1,"IOTHUB_CLIENT_CONFIRMATION_OK"
6164,10402357191,10402357224,1,"IOTHUB_CLIENT_CONFIRMATION_OK"
6165,10402357391,10402357424,1,"IOTHUB_CLIENT_CONFIRMATION_OK"
6166,10402357591,10402357624,1,"IOTHUB_CLIENT_CONFIRMATION_OK"
6167,10402357791,10402357823,1,"IOTHUB_CLIENT_CONFIRMATION_OK"
6168,10402357992,10402358030,1,"IOTHUB_CLIENT_CONFIRMATION_OK"
6169,10402358192,10402358233,1,"IOTHUB_CLIENT_CONFIRMATION_OK"
6170,10402358392,10402358461,1,"IOTHUB_CLIENT_CONFIRMATION_OK"
6171,10402358592,10402358628,1,"IOTHUB_CLIENT_CONFIRMATION_OK"
6172,10402358792,10402358838,1,"IOTHUB_CLIENT_CONFIRMATION_OK"
6173,10402358992,10402359150,1,"IOTHUB_CLIENT_CONFIRMATION_OK"
6174,10402359192,10402359231,1,"IOTHUB_CLIENT_CONFIRMATION_OK"
6175,10402359393,10402359423,1,"IOTHUB_CLIENT_CONFIRMATION_OK"
6176,10402359593,10402359746,1,"IOTHUB_CLIENT_CONFIRMATION_OK"
6177,10402359793,10402359828,1,"IOTHUB_CLIENT_CONFIRMATION_OK"
6178,10402359993,10402360025,1,"IOTHUB_CLIENT_CONFIRMATION_OK"
6179,10402360193,10402360251,1,"IOTHUB_CLIENT_CONFIRMATION_OK"
6180,10402360393,10402360447,1,"IOTHUB_CLIENT_CONFIRMATION_OK"
6181,10402360594,10402360625,1,"IOTHUB_CLIENT_CONFIRMATION_OK"
6182,10402360794,10402360825,1,"IOTHUB_CLIENT_CONFIRMATION_OK"
6183,10402360994,10402361025,1,"IOTHUB_CLIENT_CONFIRMATION_OK"
6184,10402361194,10402361231,1,"IOTHUB_CLIENT_CONFIRMATION_OK"
6185,10402361394,10402361435,1,"IOTHUB_CLIENT_CONFIRMATION_OK"
6186,10402361594,10402361625,1,"IOTHUB_CLIENT_CONFIRMATION_OK"
6187,10402361795,10402361990,1,"IOTHUB_CLIENT_CONFIRMATION_OK"
6188,10402361995,10402362024,1,"IOTHUB_CLIENT_CONFIRMATION_OK"
6189,10402362195,10402362224,1,"IOTHUB_CLIENT_CONFIRMATION_OK"
6190,10402362395,10402362430,1,"IOTHUB_CLIENT_CONFIRMATION_OK"
6191,10402362595,10402362628,1,"IOTHUB_CLIENT_CONFIRMATION_OK"
6192,10402362796,10402362831,1,"IOTHUB_CLIENT_CONFIRMATION_OK"
6193,10402362996,10402363040,1,"IOTHUB_CLIENT_CONFIRMATION_OK"
6194,10402363196,10402363227,1,"IOTHUB_CLIENT_CONFIRMATION_OK"
6195,10402363396,10402363438,1,"IOTHUB_CLIENT_CONFIRMATION_OK"
6196,10402363596,10402363631,1,"IOTHUB_CLIENT_CONFIRMATION_OK"
6197,10402363796,10402363826,1,"IOTHUB_CLIENT_CONFIRMATION_OK"
6198,10402363997,10402364033,1,"IOTHUB_CLIENT_CONFIRMATION_OK"
6199,10402364197,10402364250,1,"IOTHUB_CLIENT_CONFIRMATION_OK"
6200,10402364397,10402364432,1,"IOTHUB_CLIENT_CONFIRMATION_OK"
6201,10402364597,10402364630,1,"IOTHUB_CLIENT_CONFIRMATION_OK"
6202,10402364797,10402364849,1,"IOTHUB_CLIENT_CONFIRMATION_OK"
6203,10402364997,10402365029,1,"IOTHUB_CLIENT_CONFIRMATION_OK"
6204,10402365198,10402365255,1,"IOTHUB_CLIENT_CONFIRMATION_OK"
6205,10402365398,10402365429,1,"IOTHUB_CLIENT_CONFIRMATION_OK"
6206,10402365598,10402365629,1,"IOTHUB_CLIENT_CONFIRMATION_OK"
6207,10402365798,10402365901,1,"IOTHUB_CLIENT_CONFIRMATION_OK"
6208,10402365998,10402366029,1,"IOTHUB_CLIENT_CONFIRMATION_OK"
6209,10402366198,10402366229,1,"IOTHUB_CLIENT_CONFIRMATION_OK"
6210,10402366399,10402366470,1,"IOTHUB_CLIENT_CONFIRMATION_OK"
6211,10402366599,10402366627,1,"IOTHUB_CLIENT_CONFIRMATION_OK"
6212,10402366799,10402366834,1,"IOTHUB_CLIENT_CONFIRMATION_OK"
6213,10402366999,10402367080,1,"IOTHUB_CLIENT_CONFIRMATION_OK"
6214,10402367199,10402367261,1,"IOTHUB_CLIENT_CONFIRMATION_OK"
6215,10402367399,10402367435,1,"IOTHUB_CLIENT_CONFIRMATION_OK"
6216,10402367599,10402367628,1,"IOTHUB_CLIENT_CONFIRMATION_OK"
6217,10402367800,10402367834,1,"IOTHUB_CLIENT_CONFIRMATION_OK"
6218,10402368000,10402368030,1,"IOTHUB_CLIENT_CONFIRMATION_OK"
6219,10402368200,10402368256,1,"IOTHUB_CLIENT_CONFIRMATION_OK"
6220,10402368400,10402368429,1,"IOTHUB_CLIENT_CONFIRMATION_OK"
6221,10402368600,10402368725,1,"IOTHUB_CLIENT_CONFIRMATION_OK"
6222,10402368800,10402368841,1,"IOTHUB_CLIENT_CONFIRMATION_OK"
6223,10402369001,10402369031,1,"IOTHUB_CLIENT_CONFIRMATION_OK"
6224,10402369201,10402369334,1,"IOTHUB_CLIENT_CONFIRMATION_OK"
6225,10402369401,10402369432,1,"IOTHUB_CLIENT_CONFIRMATION_OK"
6226,10402369601,10402369630,1,"IOTHUB_CLIENT_CONFIRMATION_OK"
6227,10402369801,10402369908,1,"IOTHUB_CLIENT_CONFIRMATION_OK"
6228,10402370001,10402370032,1,"IOTHUB_CLIENT_CONFIRMATION_OK"
6229,10402370202,10402370254,1,"IOTHUB_CLIENT_CONFIRMATION_OK"
6230,10402370402,10402370433,1,"IOTHUB_CLIENT_CONFIRMATION_OK"
6231,10402370602,10402370642,1,"IOTHUB_CLIENT_CONFIRMATION_OK"
6232,10402370802,10402370960,1,"IOTHUB_CLIENT_CONFIRMATION_OK"
6233,10402371002,10402371032,1,"IOTHUB_CLIENT_CONFIRMATION_OK"
6234,10402371202,10402371233,1,"IOTHUB_CLIENT_CONFIRMATION_OK"
6235,10402371402,10402371432,1,"IOTHUB_CLIENT_CONFIRMATION_OK"
6236,10402371603,10402371637,1,"IOTHUB_CLIENT_CONFIRMATION_OK"
6237,10402371803,10402371833,1,"IOTHUB_CLIENT_CONFIRMATION_OK"
6238,10402372003,10402372191,1,"IOTHUB_CLIENT_CONFIRMATION_OK"
6239,10402372203,10402372232,1,"IOTHUB_CLIENT_CONFIRMATION_OK"
6240,10402372403,10402372435,1,"IOTHUB_CLIENT_CONFIRMATION_OK"
6241,10402372603,10402372635,1,"IOTHUB_CLIENT_CONFIRMATION_OK"
6242,10402372804,10402372834,1,"IOTHUB_CLIENT_CONFIRMATION_OK"
6243,10402373004,10402373031,1,"IOTHUB_CLIENT_CONFIRMATION_OK"
6244,10402373204,10402373238,1,"IOTHUB_CLIENT_CONFIRMATION_OK"
6245,10402373404,10402373454,1,"IOTHUB_CLIENT_CONFIRMATION_OK"
6246,10402373604,10402373634,1,"IOTHUB_CLIENT_CONFIRMATION_OK"
6247,10402373804,10402373845,1,"IOTHUB_CLIENT_CONFIRMATION_OK"
6248,10402374004,10402374039,1,"IOTHUB_CLIENT_CONFIRMATION_OK"
6249,10402374205,10402374245,1,"IOTHUB_CLIENT_CONFIRMATION_OK"
6250,10402374405,10402374464,1,"IOTHUB_CLIENT_CONFIRMATION_OK"
6251,10402374605,10402374638,1,"IOTHUB_CLIENT_CONFIRMATION_OK"
6252,10402374805,10402374870,1,"IOTHUB_CLIENT_CONFIRMATION_OK"
6253,10402375005,10402375038,1,"IOTHUB_CLIENT_CONFIRMATION_OK"
6254,10402375205,10402375235,1,"IOTHUB_CLIENT_CONFIRMATION_OK"
6255,10402375406,10402375449,1,"IOTHUB_CLIENT_CONFIRMATION_OK"
6256,10402375606,10402375644,1,"IOTHUB_CLIENT_CONFIRMATION_OK"
6257,10402375806,10402375836,1,"IOTHUB_CLIENT_CONFIRMATION_OK"
6258,10402376006,10402376058,1,"IOTHUB_CLIENT_CONFIRMATION_OK"
6259,10402376206,10402376238,1,"IOTHUB_CLIENT_CONFIRMATION_OK"
6260,10402376406,10402376435,1,"IOTHUB_CLIENT_CONFIRMATION_OK"
6261,10402376606,10402376672,1,"IOTHUB_CLIENT_CONFIRMATION_OK"
6262,10402376807,10402376838,1,"IOTHUB_CLIENT_CONFIRMATION_OK"
6263,10402377007,10402377040,1,"IOTHUB_CLIENT_CONFIRMATION_OK"
6264,10402377207,10402377297,1,"IOTHUB_CLIENT_CONFIRMATION_OK"
6265,10402377407,10402377436,1,"IOTHUB_CLIENT_CONFIRMATION_OK"
6266,10402377607,10402377639,1,"IOTHUB_CLIENT_CONFIRMATION_OK"
6267,10402377807,10402377836,1,"IOTHUB_CLIENT_CONFIRMATION_OK"
6268,10402378008,10402378036,1,"IOTHUB_CLIENT_CONFIRMATION_OK"
6269,10402378208,10402378297,1,"IOTHUB_CLIENT_CONFIRMATION_OK"
6270,10402378408,10402378438,1,"IOTHUB_CLIENT_CONFIRMATION_OK"
6271,10402378608,10402378639,1,"IOTHUB_CLIENT_CONFIRMATION_OK"
6272,10402378808,10402378928,1,"IOTHUB_CLIENT_CONFIRMATION_OK"
6273,10402379008,10402379039,1,"IOTHUB_CLIENT_CONFIRMATION_OK"
6274,10402379209,10402379240,1,"IOTHUB_CLIENT_CONFIRMATION_OK"
6275,10402379409,10402379531,1,"IOTHUB_CLIENT_CONFIRMATION_OK"
6276,10402379609,10402379637,1,"IOTHUB_CLIENT_CONFIRMATION_OK"
6277,10402379809,10402379880,1,"IOTHUB_CLIENT_CONFIRMATION_OK"
6278,10402380009,10402380040,1,"IOTHUB_CLIENT_CONFIRMATION_OK"
6279,10402380209,10402380239,1,"IOTHUB_CLIENT_CONFIRMATION_OK"
6280,10402380409,10402380440,1,"IOTHUB_CLIENT_CONFIRMATION_OK"
6281,10402380610,10402380639,1,"IOTHUB_CLIENT_CONFIRMATION_OK"
6282,10402380810,10402380843,1,"IOTHUB_CLIENT_CONFIRMATION_OK"
6283,10402381010,10402381039,1,"IOTHUB_CLIENT_CONFIRMATION_OK"
6284,10402381210,10402381240,1,"IOTHUB_CLIENT_CONFIRMATION_OK"
6285,10402381410,10402381442,1,"IOTHUB_CLIENT_CONFIRMATION_OK"
6286,10402381610,10402381766,1,"IOTHUB_CLIENT_CONFIRMATION_OK"
6287,10402381811,10402381840,1,"IOTHUB_CLIENT_CONFIRMATION_OK"
6288,10402382011,10402382039,1,"IOTHUB_CLIENT_CONFIRMATION_OK"
6289,10402382211,10402382381,1,"IOTHUB_CLIENT_CONFIRMATION_OK"
6290,10402382411,10402382447,1,"IOTHUB_CLIENT_CONFIRMATION_OK"
6291,10402382611,10402382641,1,"IOTHUB_CLIENT_CONFIRMATION_OK"
6292,10402382811,10402382839,1,"IOTHUB_CLIENT_CONFIRMATION_OK"
6293,10402383011,10402383041,1,"IOTHUB_CLIENT_CONFIRMATION_OK"
6294,10402383212,10402383246,1,"IOTHUB_CLIENT_CONFIRMATION_OK"
6295,10402383412,10402383448,1,"IOTHUB_CLIENT_CONFIRMATION_OK"
6296,10402383612,10402383699,1,"IOTHUB_CLIENT_CONFIRMATION_OK"
6297,10402383812,10402383855,1,"IOTHUB_CLIENT_CONFIRMATION_OK"
6298,10402384012,10402384045,1,"IOTHUB_CLIENT_CONFIRMATION_OK"
6299,10402384212,10402384245,1,"IOTHUB_CLIENT_CONFIRMATION_OK"
6300,10402384413,10402384452,1,"IOTHUB_CLIENT_CONFIRMATION_OK"
6301,10402384613,10402384659,1,"IOTHUB_CLIENT_CONFIRMATION_OK"
6302,10402384813,10402384842,1,"IOTHUB_CLIENT_CONFIRMATION_OK"
6303,10402385013,10402385059,1,"IOTHUB_CLIENT_CONFIRMATION_OK"
6304,10402385213,10402385242,1,"IOTHUB_CLIENT_CONFIRMATION_OK"
6305,10402385413,10402385447,1,"IOTHUB_CLIENT_CONFIRMATION_OK"
6306,10402385613,10402385670,1,"IOTHUB_CLIENT_CONFIRMATION_OK"
6307,10402385814,10402385849,1,"IOTHUB_CLIENT_CONFIRMATION_OK"
6308,10402386014,10402386045,1,"IOTHUB_CLIENT_CONFIRMATION_OK"
6309,10402386214,10402386300,1,"IOTHUB_CLIENT_CONFIRMATION_OK"
6310,10402386414,10402386455,1,"IOTHUB_CLIENT_CONFIRMATION_OK"
6311,10402386614,10402386643,1,"IOTHUB_CLIENT_CONFIRMATION_OK"
6312,10402386814,10402386925,1,"IOTHUB_CLIENT_CONFIRMATION_OK"
6313,10402387015,10402387052,1,"IOTHUB_CLIENT_CONFIRMATION_OK"
6314,10402387215,10402387251,1,"IOTHUB_CLIENT_CONFIRMATION_OK"
6315,10402387415,10402387448,1,"IOTHUB_CLIENT_CONFIRMATION_OK"
6316,10402387615,10402387654,1,"IOTHUB_CLIENT_CONFIRMATION_OK"
6317,10402387815,10402387845,1,"IOTHUB_CLIENT_CONFIRMATION_OK"
6318,10402388015,10402388047,1,"IOTHUB_CLIENT_CONFIRMATION_OK"
6319,10402388216,10402388247,1,"IOTHUB_CLIENT_CONFIRMATION_OK"
6320,10402388416,10402388554,1,"IOTHUB_CLIENT_CONFIRMATION_OK"
6321,10402388616,10402388649,1,"IOTHUB_CLIENT_CONFIRMATION_OK"
6322,10402388816,10402388860,1,"IOTHUB_CLIENT_CONFIRMATION_OK"
6323,10402389016,10402389161,1,"IOTHUB_CLIENT_CONFIRMATION_OK"
6324,10402389216,10402389252,1,"IOTHUB_CLIENT_CONFIRMATION_OK"
6325,10402389416,10402389450,1,"IOTHUB_CLIENT_CONFIRMATION_OK"
6326,10402389617,10402389649,1,"IOTHUB_CLIENT_CONFIRMATION_OK"
6327,10402389817,10402389846,1,"IOTHUB_CLIENT_CONFIRMATION_OK"
6328,10402390017,10402390052,1,"IOTHUB_CLIENT_CONFIRMATION_OK"
6329,10402390217,10402390250,1,"IOTHUB_CLIENT_CONFIRMATION_OK"
6330,10402390417,10402390447,1,"IOTHUB_CLIENT_CONFIRMATION_OK"
6331,10402390617,10402390767,1,"IOTHUB_CLIENT_CONFIRMATION_OK"
6332,10402390817,10402390934,1,"IOTHUB_CLIENT_CONFIRMATION_OK"
6333,10402391018,10402391047,1,"IOTHUB_CLIENT_CONFIRMATION_OK"
6334,10402391218,10402391247,1,"IOTHUB_CLIENT_CONFIRMATION_OK"
6335,10402391418,10402391450,1,"IOTHUB_CLIENT_CONFIRMATION_OK"
6336,10402391618,10402391648,1,"IOTHUB_CLIENT_CONFIRMATION_OK"
6337,10402391818,10402392009,1,"IOTHUB_CLIENT_CONFIRMATION_OK"
6338,10402392018,10402392051,1,"IOTHUB_CLIENT_CONFIRMATION_OK"
6339,10402392219,10402392250,1,"IOTHUB_CLIENT_CONFIRMATION_OK"
6340,10402392419,10402392448,1,"IOTHUB_CLIENT_CONFIRMATION_OK"
6341,10402392619,10402392651,1,"IOTHUB_CLIENT_CONFIRMATION_OK"
6342,10402392819,10402392857,1,"IOTHUB_CLIENT_CONFIRMATION_OK"
6343,10402393019,10402393051,1,"IOTHUB_CLIENT_CONFIRMATION_OK"
6344,10402393219,10402393251,1,"IOTHUB_CLIENT_CONFIRMATION_OK"
6345,10402393420,10402393474,1,"IOTHUB_CLIENT_CONFIRMATION_OK"
6346,10402393620,10402393658,1,"IOTHUB_CLIENT_CONFIRMATION_OK"
6347,10402393820,10402393851,1,"IOTHUB_CLIENT_CONFIRMATION_OK"
6348,10402394020,10402394048,1,"IOTHUB_CLIENT_CONFIRMATION_OK"
6349,10402394220,10402394249,1,"IOTHUB_CLIENT_CONFIRMATION_OK"
6350,10402394420,10402394450,1,"IOTHUB_CLIENT_CONFIRMATION_OK"
6351,10402394621,10402394654,1,"IOTHUB_CLIENT_CONFIRMATION_OK"
6352,10402394821,10402394876,1,"IOTHUB_CLIENT_CONFIRMATION_OK"
6353,10402395021,10402395050,1,"IOTHUB_CLIENT_CONFIRMATION_OK"
6354,10402395221,10402395265,1,"IOTHUB_CLIENT_CONFIRMATION_OK"
6355,10402395421,10402395452,1,"IOTHUB_CLIENT_CONFIRMATION_OK"
6356,10402395621,10402395665,1,"IOTHUB_CLIENT_CONFIRMATION_OK"
6357,10402395821,10402395906,1,"IOTHUB_CLIENT_CONFIRMATION_OK"
6358,10402396022,10402396192,1,"IOTHUB_CLIENT_CONFIRMATION_OK"
6359,10402396222,10402396382,1,"IOTHUB_CLIENT_CONFIRMATION_OK"
6360,10402396422,10402396502,1,"IOTHUB_CLIENT_CONFIRMATION_OK"
6361,10402396622,10402396939,1,"IOTHUB_CLIENT_CONFIRMATION_OK"
6362,10402396822,10402397143,1,"IOTHUB_CLIENT_CONFIRMATION_OK"
6363,10402397022,10402397158,1,"IOTHUB_CLIENT_CONFIRMATION_OK"
6364,10402397223,10402397373,1,"IOTHUB_CLIENT_CONFIRMATION_OK"
6365,10402397423,10402397463,1,"IOTHUB_CLIENT_CONFIRMATION_OK"
6366,10402397623,10402397665,1,"IOTHUB_CLIENT_CONFIRMATION_OK"
6367,10402397823,10402397853,1,"IOTHUB_CLIENT_CONFIRMATION_OK"
6368,10402398023,10402398180,1,"IOTHUB_CLIENT_CONFIRMATION_OK"
6369,10402398223,10402398253,1,"IOTHUB_CLIENT_CONFIRMATION_OK"
6370,10402398423,10402398463,1,"IOTHUB_CLIENT_CONFIRMATION_OK"
6371,10402398624,10402398803,1,"IOTHUB_CLIENT_CONFIRMATION_OK"
6372,10402398824,10402398858,1,"IOTHUB_CLIENT_CONFIRMATION_OK"
6373,10402399024,10402399152,1,"IOTHUB_CLIENT_CONFIRMATION_OK"
6374,10402399224,10402399258,1,"IOTHUB_CLIENT_CONFIRMATION_OK"
6375,10402399424,10402399452,1,"IOTHUB_CLIENT_CONFIRMATION_OK"
6376,10402399624,10402399666,1,"IOTHUB_CLIENT_CONFIRMATION_OK"
6377,10402399825,10402399854,1,"IOTHUB_CLIENT_CONFIRMATION_OK"
6378,10402400025,10402400066,1,"IOTHUB_CLIENT_CONFIRMATION_OK"
6379,10402400225,10402400256,1,"IOTHUB_CLIENT_CONFIRMATION_OK"
6380,10402400425,10402400457,1,"IOTHUB_CLIENT_CONFIRMATION_OK"
6381,10402400625,10402400656,1,"IOTHUB_CLIENT_CONFIRMATION_OK"
6382,10402400825,10402400856,1,"IOTHUB_CLIENT_CONFIRMATION_OK"
6383,10402401026,10402401077,1,"IOTHUB_CLIENT_CONFIRMATION_OK"
6384,10402401226,10402401256,1,"IOTHUB_CLIENT_CONFIRMATION_OK"
6385,10402401426,10402401457,1,"IOTHUB_CLIENT_CONFIRMATION_OK"
6386,10402401626,10402401661,1,"IOTHUB_CLIENT_CONFIRMATION_OK"
6387,10402401826,10402401856,1,"IOTHUB_CLIENT_CONFIRMATION_OK"
6388,10402402026,10402402057,1,"IOTHUB_CLIENT_CONFIRMATION_OK"
6389,10402402226,10402402260,1,"IOTHUB_CLIENT_CONFIRMATION_OK"
6390,10402402427,10402402457,1,"IOTHUB_CLIENT_CONFIRMATION_OK"
6391,10402402627,10402402668,1,"IOTHUB_CLIENT_CONFIRMATION_OK"
6392,10402402827,10402402857,1,"IOTHUB_CLIENT_CONFIRMATION_OK"
6393,10402403027,10402403064,1,"IOTHUB_CLIENT_CONFIRMATION_OK"
6394,10402403227,10402403278,1,"IOTHUB_CLIENT_CONFIRMATION_OK"
6395,10402403427,10402403461,1,"IOTHUB_CLIENT_CONFIRMATION_OK"
6396,10402403628,10402403660,1,"IOTHUB_CLIENT_CONFIRMATION_OK"
6397,10402403828,10402403877,1,"IOTHUB_CLIENT_CONFIRMATION_OK"
6398,10402404028,10402404060,1,"IOTHUB_CLIENT_CONFIRMATION_OK"
6399,10402404228,10402404261,1,"IOTHUB_CLIENT_CONFIRMATION_OK"
6400,10402404428,10402404462,1,"IOTHUB_CLIENT_CONFIRMATION_OK"
6401,10402404628,10402404672,1,"IOTHUB_CLIENT_CONFIRMATION_OK"
6402,10402404829,10402404907,1,"IOTHUB_CLIENT_CONFIRMATION_OK"
6403,10402405029,10402405064,1,"IOTHUB_CLIENT_CONFIRMATION_OK"
6404,10402405229,10402405261,1,"IOTHUB_CLIENT_CONFIRMATION_OK"
6405,10402405429,10402405499,1,"IOTHUB_CLIENT_CONFIRMATION_OK"
6406,10402405629,10402405670,1,"IOTHUB_CLIENT_CONFIRMATION_OK"
6407,10402405829,10402405873,1,"IOTHUB_CLIENT_CONFIRMATION_OK"
6408,10402406030,10402406111,1,"IOTHUB_CLIENT_CONFIRMATION_OK"
6409,10402406230,10402406263,1,"IOTHUB_CLIENT_CONFIRMATION_OK"
6410,10402406430,10402406462,1,"IOTHUB_CLIENT_CONFIRMATION_OK"
6411,10402406630,10402406723,1,"IOTHUB_CLIENT_CONFIRMATION_OK"
6412,10402406830,10402406862,1,"IOTHUB_CLIENT_CONFIRMATION_OK"
6413,10402407030,10402407063,1,"IOTHUB_CLIENT_CONFIRMATION_OK"
6414,10402407230,10402407265,1,"IOTHUB_CLIENT_CONFIRMATION_OK"
6415,10402407431,10402407461,1,"IOTHUB_CLIENT_CONFIRMATION_OK"
6416,10402407631,10402407662,1,"IOTHUB_CLIENT_CONFIRMATION_OK"
6417,10402407831,10402407858,1,"IOTHUB_CLIENT_CONFIRMATION_OK"
6418,10402408031,10402408067,1,"IOTHUB_CLIENT_CONFIRMATION_OK"
6419,10402408231,10402408342,1,"IOTHUB_CLIENT_CONFIRMATION_OK"
6420,10402408431,10402408462,1,"IOTHUB_CLIENT_CONFIRMATION_OK"
6421,10402408632,10402408683,1,"IOTHUB_CLIENT_CONFIRMATION_OK"
6422,10402408832,10402408950,1,"IOTHUB_CLIENT_CONFIRMATION_OK"
6423,10402409032,10402409065,1,"IOTHUB_CLIENT_CONFIRMATION_OK"
6424,10402409232,10402409270,1,"IOTHUB_CLIENT_CONFIRMATION_OK"
6425,10402409432,10402409464,1,"IOTHUB_CLIENT_CONFIRMATION_OK"
6426,10402409632,10402409665,1,"IOTHUB_CLIENT_CONFIRMATION_OK"
6427,10402409832,10402409861,1,"IOTHUB_CLIENT_CONFIRMATION_OK"
6428,10402410033,10402410064,1,"IOTHUB_CLIENT_CONFIRMATION_OK"
6429,10402410233,10402410261,1,"IOTHUB_CLIENT_CONFIRMATION_OK"
6430,10402410433,10402410463,1,"IOTHUB_CLIENT_CONFIRMATION_OK"
6431,10402410633,10402410665,1,"IOTHUB_CLIENT_CONFIRMATION_OK"
6432,10402410833,10402410864,1,"IOTHUB_CLIENT_CONFIRMATION_OK"
6433,10402411033,10402411182,1,"IOTHUB_CLIENT_CONFIRMATION_OK"
6434,10402411234,10402411265,1,"IOTHUB_CLIENT_CONFIRMATION_OK"
6435,10402411434,10402411463,1,"IOTHUB_CLIENT_CONFIRMATION_OK"
6436,10402411634,10402411808,1,"IOTHUB_CLIENT_CONFIRMATION_OK"
6437,10402411834,10402411866,1,"IOTHUB_CLIENT_CONFIRMATION_OK"
6438,10402412034,10402412064,1,"IOTHUB_CLIENT_CONFIRMATION_OK"
6439,10402412234,10402412265,1,"IOTHUB_CLIENT_CONFIRMATION_OK"
6440,10402412435,10402412473,1,"IOTHUB_CLIENT_CONFIRMATION_OK"
6441,10402412635,10402412667,1,"IOTHUB_CLIENT_CONFIRMATION_OK"
6442,10402412835,10402412871,1,"IOTHUB_CLIENT_CONFIRMATION_OK"
6443,10402413035,10402413091,1,"IOTHUB_CLIENT_CONFIRMATION_OK"
6444,10402413235,10402413277,1,"IOTHUB_CLIENT_CONFIRMATION_OK"
6445,10402413435,10402413511,1,"IOTHUB_CLIENT_CONFIRMATION_OK"
6446,10402413636,10402413668,1,"IOTHUB_CLIENT_CONFIRMATION_OK"
6447,10402413836,10402413913,1,"IOTHUB_CLIENT_CONFIRMATION_OK"
6448,10402414036,10402414069,1,"IOTHUB_CLIENT_CONFIRMATION_OK"
6449,10402414236,10402414284,1,"IOTHUB_CLIENT_CONFIRMATION_OK"
6450,10402414436,10402414549,1,"IOTHUB_CLIENT_CONFIRMATION_OK"
6451,10402414636,10402414676,1,"IOTHUB_CLIENT_CONFIRMATION_OK"
6452,10402414837,10402414868,1,"IOTHUB_CLIENT_CONFIRMATION_OK"
6453,10402415037,10402415183,1,"IOTHUB_CLIENT_CONFIRMATION_OK"
6454,10402415237,10402415270,1,"IOTHUB_CLIENT_CONFIRMATION_OK"
6455,10402415437,10402415470,1,"IOTHUB_CLIENT_CONFIRMATION_OK"
6456,10402415637,10402415668,1,"IOTHUB_CLIENT_CONFIRMATION_OK"
6457,10402415837,10402415869,1,"IOTHUB_CLIENT_CONFIRMATION_OK"
6458,10402416038,10402416072,1,"IOTHUB_CLIENT_CONFIRMATION_OK"
6459,10402416238,10402416270,1,"IOTHUB_CLIENT_CONFIRMATION_OK"
6460,10402416438,10402416468,1,"IOTHUB_CLIENT_CONFIRMATION_OK"
6461,10402416638,10402416669,1,"IOTHUB_CLIENT_CONFIRMATION_OK"
6462,10402416838,10402416876,1,"IOTHUB_CLIENT_CONFIRMATION_OK"
6463,10402417038,10402417074,1,"IOTHUB_CLIENT_CONFIRMATION_OK"
6464,10402417239,10402417268,1,"IOTHUB_CLIENT_CONFIRMATION_OK"
6465,10402417439,10402417480,1,"IOTHUB_CLIENT_CONFIRMATION_OK"
6466,10402417639,10402417675,1,"IOTHUB_CLIENT_CONFIRMATION_OK"
6467,10402417839,10402417870,1,"IOTHUB_CLIENT_CONFIRMATION_OK"
6468,10402418039,10402418078,1,"IOTHUB_CLIENT_CONFIRMATION_OK"
6469,10402418239,10402418269,1,"IOTHUB_CLIENT_CONFIRMATION_OK"
6470,10402418439,10402418472,1,"IOTHUB_CLIENT_CONFIRMATION_OK"
6471,10402418640,10402418669,1,"IOTHUB_CLIENT_CONFIRMATION_OK"
6472,10402418840,10402418872,1,"IOTHUB_CLIENT_CONFIRMATION_OK"
6473,10402419040,10402419069,1,"IOTHUB_CLIENT_CONFIRMATION_OK"
6474,10402419240,10402419272,1,"IOTHUB_CLIENT_CONFIRMATION_OK"
6475,10402419440,10402419479,1,"IOTHUB_CLIENT_CONFIRMATION_OK"
6476,10402419640,10402419674,1,"IOTHUB_CLIENT_CONFIRMATION_OK"
6477,10402419841,10402419883,1,"IOTHUB_CLIENT_CONFIRMATION_OK"
6478,10402420041,10402420076,1,"IOTHUB_CLIENT_CONFIRMATION_OK"
6479,10402420241,10402420281,1,"IOTHUB_CLIENT_CONFIRMATION_OK"
6480,10402420441,10402420470,1,"IOTHUB_CLIENT_CONFIRMATION_OK"
6481,10402420641,10402420674,1,"IOTHUB_CLIENT_CONFIRMATION_OK"
6482,10402420841,10402420874,1,"IOTHUB_CLIENT_CONFIRMATION_OK"
6483,10402421042,10402421074,1,"IOTHUB_CLIENT_CONFIRMATION_OK"
6484,10402421242,10402421312,1,"IOTHUB_CLIENT_CONFIRMATION_OK"
6485,10402421442,10402421473,1,"IOTHUB_CLIENT_CONFIRMATION_OK"
6486,10402421642,10402421672,1,"IOTHUB_CLIENT_CONFIRMATION_OK"
6487,10402421842,10402421892,1,"IOTHUB_CLIENT_CONFIRMATION_OK"
6488,10402422042,10402422072,1,"IOTHUB_CLIENT_CONFIRMATION_OK"
6489,10402422242,10402422274,1,"IOTHUB_CLIENT_CONFIRMATION_OK"
6490,10402422443,10402422506,1,"IOTHUB_CLIENT_CONFIRMATION_OK"
6491,10402422643,10402422678,1,"IOTHUB_CLIENT_CONFIRMATION_OK"
6492,10402422843,10402422872,1,"IOTHUB_CLIENT_CONFIRMATION_OK"
6493,10402423043,10402423114,1,"IOTHUB_CLIENT_CONFIRMATION_OK"
6494,10402423243,10402423275,1,"IOTHUB_CLIENT_CONFIRMATION_OK"
6495,10402423443,10402423473,1,"IOTHUB_CLIENT_CONFIRMATION_OK"
6496,10402423644,10402423678,1,"IOTHUB_CLIENT_CONFIRMATION_OK"
6497,10402423844,10402423880,1,"IOTHUB_CLIENT_CONFIRMATION_OK"
6498,10402424044,10402424119,1,"IOTHUB_CLIENT_CONFIRMATION_OK"
6499,10402424244,10402424277,1,"IOTHUB_CLIENT_CONFIRMATION_OK"
6500,10402424444,10402424476,1,"IOTHUB_CLIENT_CONFIRMATION_OK"
6501,10402424644,10402424737,1,"IOTHUB_CLIENT_CONFIRMATION_OK"
6502,10402424844,10402424905,1,"IOTHUB_CLIENT_CONFIRMATION_OK"
6503,10402425045,10402425075,1,"IOTHUB_CLIENT_CONFIRMATION_OK"
6504,10402425245,10402425440,1,"IOTHUB_CLIENT_CONFIRMATION_OK"
6505,10402425445,10402425485,1,"IOTHUB_CLIENT_CONFIRMATION_OK"
6506,10402425645,10402425677,1,"IOTHUB_CLIENT_CONFIRMATION_OK"
6507,10402425845,10402425878,1,"IOTHUB_CLIENT_CONFIRMATION_OK"
6508,10402426045,10402426078,1,"IOTHUB_CLIENT_CONFIRMATION_OK"
6509,10402426246,10402426280,1,"IOTHUB_CLIENT_CONFIRMATION_OK"
6510,10402426446,10402426490,1,"IOTHUB_CLIENT_CONFIRMATION_OK"
6511,10402426646,10402426697,1,"IOTHUB_CLIENT_CONFIRMATION_OK"
6512,10402426846,10402426879,1,"IOTHUB_CLIENT_CONFIRMATION_OK"
6513,10402427046,10402427079,1,"IOTHUB_CLIENT_CONFIRMATION_OK"
6514,10402427246,10402427288,1,"IOTHUB_CLIENT_CONFIRMATION_OK"
6515,10402427447,10402427584,1,"IOTHUB_CLIENT_CONFIRMATION_OK"
6516,10402427647,10402427677,1,"IOTHUB_CLIENT_CONFIRMATION_OK"
6517,10402427847,10402427880,1,"IOTHUB_CLIENT_CONFIRMATION_OK"
6518,10402428047,10402428189,1,"IOTHUB_CLIENT_CONFIRMATION_OK"
6519,10402428247,10402428280,1,"IOTHUB_CLIENT_CONFIRMATION_OK"
6520,10402428447,10402428480,1,"IOTHUB_CLIENT_CONFIRMATION_OK"
6521,10402428647,10402428682,1,"IOTHUB_CLIENT_CONFIRMATION_OK"
6522,10402428848,10402428893,1,"IOTHUB_CLIENT_CONFIRMATION_OK"
6523,10402429048,10402429078,1,"IOTHUB_CLIENT_CONFIRMATION_OK"
6524,10402429248,10402429316,1,"IOTHUB_CLIENT_CONFIRMATION_OK"
6525,10402429448,10402429478,1,"IOTHUB_CLIENT_CONFIRMATION_OK"
6526,10402429648,10402429679,1,"IOTHUB_CLIENT_CONFIRMATION_OK"
6527,10402429848,10402429883,1,"IOTHUB_CLIENT_CONFIRMATION_OK"
6528,10402430049,10402430080,1,"IOTHUB_CLIENT_CONFIRMATION_OK"
6529,10402430249,10402430461,1,"IOTHUB_CLIENT_CONFIRMATION_OK"
6530,10402430449,10402430487,1,"IOTHUB_CLIENT_CONFIRMATION_OK"
6531,10402430649,10402430698,1,"IOTHUB_CLIENT_CONFIRMATION_OK"
6532,10402430849,10402430880,1,"IOTHUB_CLIENT_CONFIRMATION_OK"
6533,10402431049,10402431080,1,"IOTHUB_CLIENT_CONFIRMATION_OK"
6534,10402431249,10402431291,1,"IOTHUB_CLIENT_CONFIRMATION_OK"
6535,10402431450,10402431479,1,"IOTHUB_CLIENT_CONFIRMATION_OK"
6536,10402431650,10402431680,1,"IOTHUB_CLIENT_CONFIRMATION_OK"
6537,10402431850,10402431882,1,"IOTHUB_CLIENT_CONFIRMATION_OK"
6538,10402432050,10402432132,1,"IOTHUB_CLIENT_CONFIRMATION_OK"
6539,10402432250,10402432278,1,"IOTHUB_CLIENT_CONFIRMATION_OK"
6540,10402432450,10402432485,1,"IOTHUB_CLIENT_CONFIRMATION_OK"
6541,10402432650,10402432683,1,"IOTHUB_CLIENT_CONFIRMATION_OK"
6542,10402432851,10402432885,1,"IOTHUB_CLIENT_CONFIRMATION_OK"
6543,10402433051,10402433080,1,"IOTHUB_CLIENT_CONFIRMATION_OK"
6544,10402433251,10402433297,1,"IOTHUB_CLIENT_CONFIRMATION_OK"
6545,10402433451,10402433488,1,"IOTHUB_CLIENT_CONFIRMATION_OK"
6546,10402433651,10402433764,1,"IOTHUB_CLIENT_CONFIRMATION_OK"
6547,10402433851,10402433882,1,"IOTHUB_CLIENT_CONFIRMATION_OK"
6548,10402434052,10402434088,1,"IOTHUB_CLIENT_CONFIRMATION_OK"
6549,10402434252,10402434381,1,"IOTHUB_CLIENT_CONFIRMATION_OK"
6550,10402434452,10402434485,1,"IOTHUB_CLIENT_CONFIRMATION_OK"
6551,10402434652,10402434694,1,"IOTHUB_CLIENT_CONFIRMATION_OK"
6552,10402434852,10402434988,1,"IOTHUB_CLIENT_CONFIRMATION_OK"
6553,10402435052,10402435082,1,"IOTHUB_CLIENT_CONFIRMATION_OK"
6554,10402435252,10402435282,1,"IOTHUB_CLIENT_CONFIRMATION_OK"
6555,10402435453,10402435484,1,"IOTHUB_CLIENT_CONFIRMATION_OK"
6556,10402435653,10402435687,1,"IOTHUB_CLIENT_CONFIRMATION_OK"
6557,10402435853,10402435886,1,"IOTHUB_CLIENT_CONFIRMATION_OK"
6558,10402436053,10402436085,1,"IOTHUB_CLIENT_CONFIRMATION_OK"
6559,10402436253,10402436298,1,"IOTHUB_CLIENT_CONFIRMATION_OK"
6560,10402436453,10402436483,1,"IOTHUB_CLIENT_CONFIRMATION_OK"
6561,10402436654,10402436695,1,"IOTHUB_CLIENT_CONFIRMATION_OK"
6562,10402436854,10402436884,1,"IOTHUB_CLIENT_CONFIRMATION_OK"
6563,10402437054,10402437085,1,"IOTHUB_CLIENT_CONFIRMATION_OK"
6564,10402437254,10402437296,1,"IOTHUB_CLIENT_CONFIRMATION_OK"
6565,10402437454,10402437513,1,"IOTHUB_CLIENT_CONFIRMATION_OK"
6566,10402437654,10402437839,1,"IOTHUB_CLIENT_CONFIRMATION_OK"
6567,10402437855,10402437883,1,"IOTHUB_CLIENT_CONFIRMATION_OK"
6568,10402438055,10402438093,1,"IOTHUB_CLIENT_CONFIRMATION_OK"
6569,10402438255,10402438292,1,"IOTHUB_CLIENT_CONFIRMATION_OK"
6570,10402438455,10402438484,1,"IOTHUB_CLIENT_CONFIRMATION_OK"
6571,10402438655,10402438686,1,"IOTHUB_CLIENT_CONFIRMATION_OK"
6572,10402438855,10402438903,1,"IOTHUB_CLIENT_CONFIRMATION_OK"
6573,10402439056,10402439088,1,"IOTHUB_CLIENT_CONFIRMATION_OK"
6574,10402439256,10402439295,1,"IOTHUB_CLIENT_CONFIRMATION_OK"
6575,10402439456,10402439502,1,"IOTHUB_CLIENT_CONFIRMATION_OK"
6576,10402439656,10402439692,1,"IOTHUB_CLIENT_CONFIRMATION_OK"
6577,10402439856,10402439886,1,"IOTHUB_CLIENT_CONFIRMATION_OK"
6578,10402440056,10402440085,1,"IOTHUB_CLIENT_CONFIRMATION_OK"
6579,10402440257,10402440289,1,"IOTHUB_CLIENT_CONFIRMATION_OK"
6580,10402440457,10402440515,1,"IOTHUB_CLIENT_CONFIRMATION_OK"
6581,10402440657,10402440686,1,"IOTHUB_CLIENT_CONFIRMATION_OK"
6582,10402440857,10402440899,1,"IOTHUB_CLIENT_CONFIRMATION_OK"
6583,10402441057,10402441139,1,"IOTHUB_CLIENT_CONFIRMATION_OK"
6584,10402441257,10402441286,1,"IOTHUB_CLIENT_CONFIRMATION_OK"
6585,10402441458,10402441487,1,"IOTHUB_CLIENT_CONFIRMATION_OK"
6586,10402441658,10402441740,1,"IOTHUB_CLIENT_CONFIRMATION_OK"
6587,10402441858,10402441893,1,"IOTHUB_CLIENT_CONFIRMATION_OK"
6588,10402442058,10402442089,1,"IOTHUB_CLIENT_CONFIRMATION_OK"
6589,10402442258,10402442388,1,"IOTHUB_CLIENT_CONFIRMATION_OK"
6590,10402442458,10402442487,1,"IOTHUB_CLIENT_CONFIRMATION_OK"
6591,10402442659,10402442691,1,"IOTHUB_CLIENT_CONFIRMATION_OK"
6592,10402442859,10402442891,1,"IOTHUB_CLIENT_CONFIRMATION_OK"
6593,10402443059,10402443088,1,"IOTHUB_CLIENT_CONFIRMATION_OK"
6594,10402443259,10402443314,1,"IOTHUB_CLIENT_CONFIRMATION_OK"
6595,10402443459,10402443491,1,"IOTHUB_CLIENT_CONFIRMATION_OK"
6596,10402443659,10402443690,1,"IOTHUB_CLIENT_CONFIRMATION_OK"
6597,10402443859,10402444034,1,"IOTHUB_CLIENT_CONFIRMATION_OK"
6598,10402444060,10402444089,1,"IOTHUB_CLIENT_CONFIRMATION_OK"
6599,10402444260,10402444298,1,"IOTHUB_CLIENT_CONFIRMATION_OK"
6600,10402444460,10402444631,1,"IOTHUB_CLIENT_CONFIRMATION_OK"
6601,10402444660,10402444691,1,"IOTHUB_CLIENT_CONFIRMATION_OK"
6602,10402444860,10402444891,1,"IOTHUB_CLIENT_CONFIRMATION_OK"
6603,10402445060,10402445090,1,"IOTHUB_CLIENT_CONFIRMATION_OK"
6604,10402445260,10402445292,1,"IOTHUB_CLIENT_CONFIRMATION_OK"
6605,10402445461,10402445502,1,"IOTHUB_CLIENT_CONFIRMATION_OK"
6606,10402445661,10402445697,1,"IOTHUB_CLIENT_CONFIRMATION_OK"
6607,10402445861,10402445892,1,"IOTHUB_CLIENT_CONFIRMATION_OK"
6608,10402446061,10402446100,1,"IOTHUB_CLIENT_CONFIRMATION_OK"
6609,10402446261,10402446297,1,"IOTHUB_CLIENT_CONFIRMATION_OK"
6610,10402446461,10402446490,1,"IOTHUB_CLIENT_CONFIRMATION_OK"
6611,10402446662,10402446704,1,"IOTHUB_CLIENT_CONFIRMATION_OK"
6612,10402446862,10402446894,1,"IOTHUB_CLIENT_CONFIRMATION_OK"
6613,10402447062,10402447091,1,"IOTHUB_CLIENT_CONFIRMATION_OK"
6614,10402447262,10402447298,1,"IOTHUB_CLIENT_CONFIRMATION_OK"
6615,10402447462,10402447497,1,"IOTHUB_CLIENT_CONFIRMATION_OK"
6616,10402447662,10402447697,1,"IOTHUB_CLIENT_CONFIRMATION_OK"
6617,10402447863,10402447932,1,"IOTHUB_CLIENT_CONFIRMATION_OK"
6618,10402448063,10402448097,1,"IOTHUB_CLIENT_CONFIRMATION_OK"
6619,10402448263,10402448299,1,"IOTHUB_CLIENT_CONFIRMATION_OK"
6620,10402448463,10402448521,1,"IOTHUB_CLIENT_CONFIRMATION_OK"
6621,10402448663,10402448694,1,"IOTHUB_CLIENT_CONFIRMATION_OK"
6622,10402448863,10402448893,1,"IOTHUB_CLIENT_CONFIRMATION_OK"
6623,10402449064,10402449155,1,"IOTHUB_CLIENT_CONFIRMATION_OK"
6624,10402449264,10402449293,1,"IOTHUB_CLIENT_CONFIRMATION_OK"
6625,10402449464,10402449495,1,"IOTHUB_CLIENT_CONFIRMATION_OK"
6626,10402449664,10402449696,1,"IOTHUB_CLIENT_CONFIRMATION_OK"
6627,10402449864,10402449911,1,"IOTHUB_CLIENT_CONFIRMATION_OK"
6628,10402450064,10402450156,1,"IOTHUB_CLIENT_CONFIRMATION_OK"
6629,10402450264,10402450294,1,"IOTHUB_CLIENT_CONFIRMATION_OK"
6630,10402450465,10402450493,1,"IOTHUB_CLIENT_CONFIRMATION_OK"
6631,10402450665,10402450778,1,"IOTHUB_CLIENT_CONFIRMATION_OK"
6632,10402450865,10402450898,1,"IOTHUB_CLIENT_CONFIRMATION_OK"
6633,10402451065,10402451094,1,"IOTHUB_CLIENT_CONFIRMATION_OK"
6634,10402451265,10402451390,1,"IOTHUB_CLIENT_CONFIRMATION_OK"
6635,10402451465,10402451501,1,"IOTHUB_CLIENT_CONFIRMATION_OK"
6636,10402451666,10402451713,1,"IOTHUB_CLIENT_CONFIRMATION_OK"
6637,10402451866,10402451901,1,"IOTHUB_CLIENT_CONFIRMATION_OK"
6638,10402452066,10402452100,1,"IOTHUB_CLIENT_CONFIRMATION_OK"
6639,10402452266,10402452298,1,"IOTHUB_CLIENT_CONFIRMATION_OK"
6640,10402452466,10402452498,1,"IOTHUB_CLIENT_CONFIRMATION_OK"
6641,10402452666,10402452715,1,"IOTHUB_CLIENT_CONFIRMATION_OK"
6642,10402452867,10402452901,1,"IOTHUB_CLIENT_CONFIRMATION_OK"
6643,10402453067,10402453098,1,"IOTHUB_CLIENT_CONFIRMATION_OK"
6644,10402453267,10402453299,1,"IOTHUB_CLIENT_CONFIRMATION_OK"
6645,10402453467,10402453663,1,"IOTHUB_CLIENT_CONFIRMATION_OK"
6646,10402453667,10402453700,1,"IOTHUB_CLIENT_CONFIRMATION_OK"
6647,10402453867,10402453902,1,"IOTHUB_CLIENT_CONFIRMATION_OK"
6648,10402454067,10402454098,1,"IOTHUB_CLIENT_CONFIRMATION_OK"
6649,10402454268,10402454314,1,"IOTHUB_CLIENT_CONFIRMATION_OK"
6650,10402454468,10402454497,1,"IOTHUB_CLIENT_CONFIRMATION_OK"
6651,10402454668,10402454702,1,"IOTHUB_CLIENT_CONFIRMATION_OK"
6652,10402454868,10402454905,1,"IOTHUB_CLIENT_CONFIRMATION_OK"
6653,10402455068,10402455121,1,"IOTHUB_CLIENT_CONFIRMATION_OK"
6654,10402455268,10402455308,1,"IOTHUB_CLIENT_CONFIRMATION_OK"
6655,10402455469,10402455507,1,"IOTHUB_CLIENT_CONFIRMATION_OK"
6656,10402455669,10402455699,1,"IOTHUB_CLIENT_CONFIRMATION_OK"
6657,10402455869,10402455937,1,"IOTHUB_CLIENT_CONFIRMATION_OK"
6658,10402456069,10402456099,1,"IOTHUB_CLIENT_CONFIRMATION_OK"
6659,10402456269,10402456304,1,"IOTHUB_CLIENT_CONFIRMATION_OK"
6660,10402456469,10402456511,1,"IOTHUB_CLIENT_CONFIRMATION_OK"
6661,10402456670,10402456704,1,"IOTHUB_CLIENT_CONFIRMATION_OK"
6662,10402456870,10402456917,1,"IOTHUB_CLIENT_CONFIRMATION_OK"
6663,10402457070,10402457122,1,"IOTHUB_CLIENT_CONFIRMATION_OK"
6664,10402457270,10402457305,1,"IOTHUB_CLIENT_CONFIRMATION_OK"
6665,10402457470,10402457505,1,"IOTHUB_CLIENT_CONFIRMATION_OK"
6666,10402457670,10402457715,1,"IOTHUB_CLIENT_CONFIRMATION_OK"
6667,10402457871,10402457906,1,"IOTHUB_CLIENT_CONFIRMATION_OK"
6668,10402458071,10402458118,1,"IOTHUB_CLIENT_CONFIRMATION_OK"
6669,10402458271,10402458302,1,"IOTHUB_CLIENT_CONFIRMATION_OK"
6670,10402458471,10402458503,1,"IOTHUB_CLIENT_CONFIRMATION_OK"
6671,10402458671,10402458738,1,"IOTHUB_CLIENT_CONFIRMATION_OK"
6672,10402458871,10402458901,1,"IOTHUB_CLIENT_CONFIRMATION_OK"
6673,10402459072,10402459103,1,"IOTHUB_CLIENT_CONFIRMATION_OK"
6674,10402459272,10402459304,1,"IOTHUB_CLIENT_CONFIRMATION_OK"
6675,10402459472,10402459508,1,"IOTHUB_CLIENT_CONFIRMATION_OK"
6676,10402459672,10402459730,1,"IOTHUB_CLIENT_CONFIRMATION_OK"
6677,10402459872,10402459909,1,"IOTHUB_CLIENT_CONFIRMATION_OK"
6678,10402460072,10402460104,1,"IOTHUB_CLIENT_CONFIRMATION_OK"
6679,10402460272,10402460357,1,"IOTHUB_CLIENT_CONFIRMATION_OK"
6680,10402460473,10402460502,1,"IOTHUB_CLIENT_CONFIRMATION_OK"
6681,10402460673,10402460712,1,"IOTHUB_CLIENT_CONFIRMATION_OK"
6682,10402460873,10402460959,1,"IOTHUB_CLIENT_CONFIRMATION_OK"
6683,10402461073,10402461132,1,"IOTHUB_CLIENT_CONFIRMATION_OK"
6684,10402461273,10402461303,1,"IOTHUB_CLIENT_CONFIRMATION_OK"
6685,10402461473,10402461579,1,"IOTHUB_CLIENT_CONFIRMATION_OK"
6686,10402461674,10402461705,1,"IOTHUB_CLIENT_CONFIRMATION_OK"
6687,10402461874,10402461907,1,"IOTHUB_CLIENT_CONFIRMATION_OK"
6688,10402462074,10402462102,1,"IOTHUB_CLIENT_CONFIRMATION_OK"
6689,10402462274,10402462364,1,"IOTHUB_CLIENT_CONFIRMATION_OK"
6690,10402462474,10402462505,1,"IOTHUB_CLIENT_CONFIRMATION_OK"
6691,10402462674,10402462702,1,"IOTHUB_CLIENT_CONFIRMATION_OK"
6692,10402462874,10402462915,1,"IOTHUB_CLIENT_CONFIRMATION_OK"
6693,10402463075,10402463221,1,"IOTHUB_CLIENT_CONFIRMATION_OK"
6694,10402463275,10402463311,1,"IOTHUB_CLIENT_CONFIRMATION_OK"
6695,10402463475,10402463507,1,"IOTHUB_CLIENT_CONFIRMATION_OK"
6696,10402463675,10402463865,1,"IOTHUB_CLIENT_CONFIRMATION_OK"
6697,10402463875,10402463921,1,"IOTHUB_CLIENT_CONFIRMATION_OK"
6698,10402464075,10402464106,1,"IOTHUB_CLIENT_CONFIRMATION_OK"
6699,10402464276,10402464309,1,"IOTHUB_CLIENT_CONFIRMATION_OK"
6700,10402464476,10402464506,1,"IOTHUB_CLIENT_CONFIRMATION_OK"
6701,10402464676,10402464712,1,"IOTHUB_CLIENT_CONFIRMATION_OK"
6702,10402464876,10402464951,1,"IOTHUB_CLIENT_CONFIRMATION_OK"
6703,10402465076,10402465112,1,"IOTHUB_CLIENT_CONFIRMATION_OK"
6704,10402465276,10402465312,1,"IOTHUB_CLIENT_CONFIRMATION_OK"
6705,10402465477,10402465518,1,"IOTHUB_CLIENT_CONFIRMATION_OK"
6706,10402465677,10402465712,1,"IOTHUB_CLIENT_CONFIRMATION_OK"
6707,10402465877,10402465909,1,"IOTHUB_CLIENT_CONFIRMATION_OK"
6708,10402466077,10402466111,1,"IOTHUB_CLIENT_CONFIRMATION_OK"
6709,10402466277,10402466310,1,"IOTHUB_CLIENT_CONFIRMATION_OK"
6710,10402466477,10402466545,1,"IOTHUB_CLIENT_CONFIRMATION_OK"
6711,10402466678,10402466708,1,"IOTHUB_CLIENT_CONFIRMATION_OK"
6712,10402466878,10402466927,1,"IOTHUB_CLIENT_CONFIRMATION_OK"
6713,10402467078,10402467131,1,"IOTHUB_CLIENT_CONFIRMATION_OK"
6714,10402467278,10402467307,1,"IOTHUB_CLIENT_CONFIRMATION_OK"
6715,10402467478,10402467538,1,"IOTHUB_CLIENT_CONFIRMATION_OK"
6716,10402467678,10402467767,1,"IOTHUB_CLIENT_CONFIRMATION_OK"
6717,10402467878,10402467930,1,"IOTHUB_CLIENT_CONFIRMATION_OK"
6718,10402468079,10402468110,1,"IOTHUB_CLIENT_CONFIRMATION_OK"
6719,10402468279,10402468393,1,"IOTHUB_CLIENT_CONFIRMATION_OK"
6720,10402468479,10402468510,1,"IOTHUB_CLIENT_CONFIRMATION_OK"
6721,10402468679,10402468710,1,"IOTHUB_CLIENT_CONFIRMATION_OK"
6722,10402468879,10402468926,1,"IOTHUB_CLIENT_CONFIRMATION_OK"
6723,10402469079,10402469110,1,"IOTHUB_CLIENT_CONFIRMATION_OK"
6724,10402469280,10402469412,1,"IOTHUB_CLIENT_CONFIRMATION_OK"
6725,10402469480,10402469514,1,"IOTHUB_CLIENT_CONFIRMATION_OK"
6726,10402469680,10402469713,1,"IOTHUB_CLIENT_CONFIRMATION_OK"
6727,10402469880,10402470033,1,"IOTHUB_CLIENT_CONFIRMATION_OK"
6728,10402470080,10402470127,1,"IOTHUB_CLIENT_CONFIRMATION_OK"
6729,10402470280,10402470312,1,"IOTHUB_CLIENT_CONFIRMATION_OK"
6730,10402470480,10402470514,1,"IOTHUB_CLIENT_CONFIRMATION_OK"
6731,10402470681,10402470712,1,"IOTHUB_CLIENT_CONFIRMATION_OK"
6732,10402470881,10402470934,1,"IOTHUB_CLIENT_CONFIRMATION_OK"
6733,10402471081,10402471112,1,"IOTHUB_CLIENT_CONFIRMATION_OK"
6734,10402471281,10402471318,1,"IOTHUB_CLIENT_CONFIRMATION_OK"
6735,10402471481,10402471513,1,"IOTHUB_CLIENT_CONFIRMATION_OK"
6736,10402471681,10402471716,1,"IOTHUB_CLIENT_CONFIRMATION_OK"
6737,10402471882,10402471916,1,"IOTHUB_CLIENT_CONFIRMATION_OK"
6738,10402472082,10402472134,1,"IOTHUB_CLIENT_CONFIRMATION_OK"
6739,10402472282,10402472311,1,"IOTHUB_CLIENT_CONFIRMATION_OK"
6740,10402472482,10402472517,1,"IOTHUB_CLIENT_CONFIRMATION_OK"
6741,10402472682,10402472808,1,"IOTHUB_CLIENT_CONFIRMATION_OK"
6742,10402472882,10402472996,1,"IOTHUB_CLIENT_CONFIRMATION_OK"
6743,10402473083,10402473111,1,"IOTHUB_CLIENT_CONFIRMATION_OK"
6744,10402473283,10402473448,1,"IOTHUB_CLIENT_CONFIRMATION_OK"
6745,10402473483,10402473515,1,"IOTHUB_CLIENT_CONFIRMATION_OK"
6746,10402473683,10402473714,1,"IOTHUB_CLIENT_CONFIRMATION_OK"
6747,10402473883,10402473921,1,"IOTHUB_CLIENT_CONFIRMATION_OK"
6748,10402474083,10402474117,1,"IOTHUB_CLIENT_CONFIRMATION_OK"
6749,10402474283,10402474317,1,"IOTHUB_CLIENT_CONFIRMATION_OK"
6750,10402474484,10402474521,1,"IOTHUB_CLIENT_CONFIRMATION_OK"
6751,10402474684,10402474713,1,"IOTHUB_CLIENT_CONFIRMATION_OK"
6752,10402474884,10402474975,1,"IOTHUB_CLIENT_CONFIRMATION_OK"
6753,10402475084,10402475122,1,"IOTHUB_CLIENT_CONFIRMATION_OK"
6754,10402475284,10402475316,1,"IOTHUB_CLIENT_CONFIRMATION_OK"
6755,10402475484,10402475520,1,"IOTHUB_CLIENT_CONFIRMATION_OK"
6756,10402475685,10402475733,1,"IOTHUB_CLIENT_CONFIRMATION_OK"
6757,10402475885,10402475915,1,"IOTHUB_CLIENT_CONFIRMATION_OK"
6758,10402476085,10402476116,1,"IOTHUB_CLIENT_CONFIRMATION_OK"
6759,10402476285,10402476315,1,"IOTHUB_CLIENT_CONFIRMATION_OK"
6760,10402476485,10402476517,1,"IOTHUB_CLIENT_CONFIRMATION_OK"
6761,10402476685,10402476717,1,"IOTHUB_CLIENT_CONFIRMATION_OK"
6762,10402476886,10402476927,1,"IOTHUB_CLIENT_CONFIRMATION_OK"
6763,10402477086,10402477122,1,"IOTHUB_CLIENT_CONFIRMATION_OK"
6764,10402477286,10402477360,1,"IOTHUB_CLIENT_CONFIRMATION_OK"
6765,10402477486,10402477515,1,"IOTHUB_CLIENT_CONFIRMATION_OK"
6766,10402477686,10402477723,1,"IOTHUB_CLIENT_CONFIRMATION_OK"
6767,10402477886,10402477987,1,"IOTHUB_CLIENT_CONFIRMATION_OK"
6768,10402478086,10402478135,1,"IOTHUB_CLIENT_CONFIRMATION_OK"
6769,10402478287,10402478323,1,"IOTHUB_CLIENT_CONFIRMATION_OK"
6770,10402478487,10402478515,1,"IOTHUB_CLIENT_CONFIRMATION_OK"
6771,10402478687,10402478718,1,"IOTHUB_CLIENT_CONFIRMATION_OK"
6772,10402478887,10402478996,1,"IOTHUB_CLIENT_CONFIRMATION_OK"
6773,10402479087,10402479117,1,"IOTHUB_CLIENT_CONFIRMATION_OK"
6774,10402479287,10402479319,1,"IOTHUB_CLIENT_CONFIRMATION_OK"
6775,10402479488,10402479605,1,"IOTHUB_CLIENT_CONFIRMATION_OK"
6776,10402479688,10402479717,1,"IOTHUB_CLIENT_CONFIRMATION_OK"
6777,10402479888,10402479918,1,"IOTHUB_CLIENT_CONFIRMATION_OK"
6778,10402480088,10402480218,1,"IOTHUB_CLIENT_CONFIRMATION_OK"
6779,10402480288,10402480318,1,"IOTHUB_CLIENT_CONFIRMATION_OK"
6780,10402480488,10402480526,1,"IOTHUB_CLIENT_CONFIRMATION_OK"
6781,10402480689,10402480720,1,"IOTHUB_CLIENT_CONFIRMATION_OK"
6782,10402480889,10402480925,1,"IOTHUB_CLIENT_CONFIRMATION_OK"
6783,10402481089,10402481139,1,"IOTHUB_CLIENT_CONFIRMATION_OK"
6784,10402481289,10402481321,1,"IOTHUB_CLIENT_CONFIRMATION_OK"
6785,10402481489,10402481517,1,"IOTHUB_CLIENT_CONFIRMATION_OK"
6786,10402481689,10402481721,1,"IOTHUB_CLIENT_CONFIRMATION_OK"
6787,10402481889,10402481929,1,"IOTHUB_CLIENT_CONFIRMATION_OK"
6788,10402482090,10402482133,1,"IOTHUB_CLIENT_CONFIRMATION_OK"
6789,10402482290,10402482495,1,"IOTHUB_CLIENT_CONFIRMATION_OK"
6790,10402482490,10402482521,1,"IOTHUB_CLIENT_CONFIRMATION_OK"
6791,10402482690,10402482718,1,"IOTHUB_CLIENT_CONFIRMATION_OK"
6792,10402482890,10402482936,1,"IOTHUB_CLIENT_CONFIRMATION_OK"
6793,10402483090,10402483123,1,"IOTHUB_CLIENT_CONFIRMATION_OK"
6794,10402483291,10402483353,1,"IOTHUB_CLIENT_CONFIRMATION_OK"
6795,10402483491,10402483530,1,"IOTHUB_CLIENT_CONFIRMATION_OK"
6796,10402483691,10402483751,1,"IOTHUB_CLIENT_CONFIRMATION_OK"
6797,10402483891,10402483981,1,"IOTHUB_CLIENT_CONFIRMATION_OK"
6798,10402484091,10402484185,1,"IOTHUB_CLIENT_CONFIRMATION_OK"
6799,10402484291,10402484322,1,"IOTHUB_CLIENT_CONFIRMATION_OK"
6800,10402484492,10402484524,1,"IOTHUB_CLIENT_CONFIRMATION_OK"
6801,10402484692,10402484727,1,"IOTHUB_CLIENT_CONFIRMATION_OK"
6802,10402484892,10402484921,1,"IOTHUB_CLIENT_CONFIRMATION_OK"
6803,10402485092,10402485123,1,"IOTHUB_CLIENT_CONFIRMATION_OK"
6804,10402485292,10402485321,1,"IOTHUB_CLIENT_CONFIRMATION_OK"
6805,10402485492,10402485520,1,"IOTHUB_CLIENT_CONFIRMATION_OK"
6806,10402485692,10402485855,1,"IOTHUB_CLIENT_CONFIRMATION_OK"
6807,10402485893,10402485924,1,"IOTHUB_CLIENT_CONFIRMATION_OK"
6808,10402486093,10402486127,1,"IOTHUB_CLIENT_CONFIRMATION_OK"
6809,10402486293,10402486462,1,"IOTHUB_CLIENT_CONFIRMATION_OK"
6810,10402486493,10402486529,1,"IOTHUB_CLIENT_CONFIRMATION_OK"
6811,10402486693,10402486723,1,"IOTHUB_CLIENT_CONFIRMATION_OK"
6812,10402486893,10402486928,1,"IOTHUB_CLIENT_CONFIRMATION_OK"
6813,10402487094,10402487144,1,"IOTHUB_CLIENT_CONFIRMATION_OK"
6814,10402487294,10402487322,1,"IOTHUB_CLIENT_CONFIRMATION_OK"
6815,10402487494,10402487527,1,"IOTHUB_CLIENT_CONFIRMATION_OK"
6816,10402487694,10402487731,1,"IOTHUB_CLIENT_CONFIRMATION_OK"
6817,10402487894,10402487924,1,"IOTHUB_CLIENT_CONFIRMATION_OK"
6818,10402488094,10402488124,1,"IOTHUB_CLIENT_CONFIRMATION_OK"
6819,10402488294,10402488326,1,"IOTHUB_CLIENT_CONFIRMATION_OK"
6820,10402488495,10402488528,1,"IOTHUB_CLIENT_CONFIRMATION_OK"
6821,10402488695,10402488724,1,"IOTHUB_CLIENT_CONFIRMATION_OK"
6822,10402488895,10402488924,1,"IOTHUB_CLIENT_CONFIRMATION_OK"
6823,10402489095,10402489127,1,"IOTHUB_CLIENT_CONFIRMATION_OK"
6824,10402489295,10402489411,1,"IOTHUB_CLIENT_CONFIRMATION_OK"
6825,10402489495,10402489523,1,"IOTHUB_CLIENT_CONFIRMATION_OK"
6826,10402489696,10402489729,1,"IOTHUB_CLIENT_CONFIRMATION_OK"
6827,10402489896,10402489960,1,"IOTHUB_CLIENT_CONFIRMATION_OK"
6828,10402490096,10402490130,1,"IOTHUB_CLIENT_CONFIRMATION_OK"
6829,10402490296,10402490330,1,"IOTHUB_CLIENT_CONFIRMATION_OK"
6830,10402490496,10402490527,1,"IOTHUB_CLIENT_CONFIRMATION_OK"
6831,10402490696,10402490729,1,"IOTHUB_CLIENT_CONFIRMATION_OK"
6832,10402490896,10402491050,1,"IOTHUB_CLIENT_CONFIRMATION_OK"
6833,10402491097,10402491133,1,"IOTHUB_CLIENT_CONFIRMATION_OK"
6834,10402491297,10402491330,1,"IOTHUB_CLIENT_CONFIRMATION_OK"
6835,10402491497,10402491559,1,"IOTHUB_CLIENT_CONFIRMATION_OK"
6836,10402491697,10402491743,1,"IOTHUB_CLIENT_CONFIRMATION_OK"
6837,10402491897,10402491927,1,"IOTHUB_CLIENT_CONFIRMATION_OK"
6838,10402492097,10402492135,1,"IOTHUB_CLIENT_CONFIRMATION_OK"
6839,10402492298,10402492374,1,"IOTHUB_CLIENT_CONFIRMATION_OK"
6840,10402492498,10402492556,1,"IOTHUB_CLIENT_CONFIRMATION_OK"
6841,10402492698,10402492734,1,"IOTHUB_CLIENT_CONFIRMATION_OK"
6842,10402492898,10402492929,1,"IOTHUB_CLIENT_CONFIRMATION_OK"
6843,10402493098,10402493182,1,"IOTHUB_CLIENT_CONFIRMATION_OK"
6844,10402493298,10402493351,1,"IOTHUB_CLIENT_CONFIRMATION_OK"
6845,10402493499,10402493530,1,"IOTHUB_CLIENT_CONFIRMATION_OK"
6846,10402493699,10402493778,1,"IOTHUB_CLIENT_CONFIRMATION_OK"
6847,10402493899,10402493935,1,"IOTHUB_CLIENT_CONFIRMATION_OK"
6848,10402494099,10402494132,1,"IOTHUB_CLIENT_CONFIRMATION_OK"
6849,10402494299,10402494388,1,"IOTHUB_CLIENT_CONFIRMATION_OK"
6850,10402494499,10402494533,1,"IOTHUB_CLIENT_CONFIRMATION_OK"
6851,10402494700,10402494732,1,"IOTHUB_CLIENT_CONFIRMATION_OK"
6852,10402494900,10402494929,1,"IOTHUB_CLIENT_CONFIRMATION_OK"
6853,10402495100,10402495129,1,"IOTHUB_CLIENT_CONFIRMATION_OK"
6854,10402495300,10402495404,1,"IOTHUB_CLIENT_CONFIRMATION_OK"
6855,10402495500,10402495534,1,"IOTHUB_CLIENT_CONFIRMATION_OK"
6856,10402495700,10402495732,1,"IOTHUB_CLIENT_CONFIRMATION_OK"
6857,10402495900,10402496009,1,"IOTHUB_CLIENT_CONFIRMATION_OK"
6858,10402496101,10402496129,1,"IOTHUB_CLIENT_CONFIRMATION_OK"
6859,10402496301,10402496335,1,"IOTHUB_CLIENT_CONFIRMATION_OK"
6860,10402496501,10402496621,1,"IOTHUB_CLIENT_CONFIRMATION_OK"
6861,10402496701,10402496740,1,"IOTHUB_CLIENT_CONFIRMATION_OK"
6862,10402496901,10402496930,1,"IOTHUB_CLIENT_CONFIRMATION_OK"
6863,10402497101,10402497134,1,"IOTHUB_CLIENT_CONFIRMATION_OK"
6864,10402497302,10402497343,1,"IOTHUB_CLIENT_CONFIRMATION_OK"
6865,10402497502,10402497531,1,"IOTHUB_CLIENT_CONFIRMATION_OK"
6866,10402497702,10402497738,1,"IOTHUB_CLIENT_CONFIRMATION_OK"
6867,10402497902,10402497934,1,"IOTHUB_CLIENT_CONFIRMATION_OK"
6868,10402498102,10402498132,1,"IOTHUB_CLIENT_CONFIRMATION_OK"
6869,10402498302,10402498331,1,"IOTHUB_CLIENT_CONFIRMATION_OK"
6870,10402498502,10402498533,1,"IOTHUB_CLIENT_CONFIRMATION_OK"
6871,10402498703,10402498886,1,"IOTHUB_CLIENT_CONFIRMATION_OK"
6872,10402498903,10402498931,1,"IOTHUB_CLIENT_CONFIRMATION_OK"
6873,10402499103,10402499145,1,"IOTHUB_CLIENT_CONFIRMATION_OK"
6874,10402499303,10402499506,1,"IOTHUB_CLIENT_CONFIRMATION_OK"
6875,10402499503,10402499543,1,"IOTHUB_CLIENT_CONFIRMATION_OK"
6876,10402499703,10402499732,1,"IOTHUB_CLIENT_CONFIRMATION_OK"
6877,10402499904,10402499977,1,"IOTHUB_CLIENT_CONFIRMATION_OK"
6878,10402500104,10402500135,1,"IOTHUB_CLIENT_CONFIRMATION_OK"
6879,10402500304,10402500336,1,"IOTHUB_CLIENT_CONFIRMATION_OK"
6880,10402500504,10402500607,1,"IOTHUB_CLIENT_CONFIRMATION_OK"
6881,10402500704,10402500737,1,"IOTHUB_CLIENT_CONFIRMATION_OK"
6882,10402500904,10402500937,1,"IOTHUB_CLIENT_CONFIRMATION_OK"
6883,10402501105,10402501137,1,"IOTHUB_CLIENT_CONFIRMATION_OK"
6884,10402501305,10402501343,1,"IOTHUB_CLIENT_CONFIRMATION_OK"
6885,10402501505,10402501541,1,"IOTHUB_CLIENT_CONFIRMATION_OK"
6886,10402501705,10402501791,1,"IOTHUB_CLIENT_CONFIRMATION_OK"
6887,10402501905,10402501935,1,"IOTHUB_CLIENT_CONFIRMATION_OK"
6888,10402502105,10402502267,1,"IOTHUB_CLIENT_CONFIRMATION_OK"
6889,10402502305,10402502333,1,"IOTHUB_CLIENT_CONFIRMATION_OK"
6890,10402502506,10402502572,1,"IOTHUB_CLIENT_CONFIRMATION_OK"
6891,10402502706,10402502849,1,"IOTHUB_CLIENT_CONFIRMATION_OK"
6892,10402502906,10402502940,1,"IOTHUB_CLIENT_CONFIRMATION_OK"
6893,10402503106,10402503157,1,"IOTHUB_CLIENT_CONFIRMATION_OK"
6894,10402503306,10402503340,1,"IOTHUB_CLIENT_CONFIRMATION_OK"
6895,10402503506,10402503537,1,"IOTHUB_CLIENT_CONFIRMATION_OK"
6896,10402503707,10402503741,1,"IOTHUB_CLIENT_CONFIRMATION_OK"
6897,10402503907,10402503935,1,"IOTHUB_CLIENT_CONFIRMATION_OK"
6898,10402504107,10402504137,1,"IOTHUB_CLIENT_CONFIRMATION_OK"
6899,10402504307,10402504339,1,"IOTHUB_CLIENT_CONFIRMATION_OK"
6900,10402504507,10402504539,1,"IOTHUB_CLIENT_CONFIRMATION_OK"
6901,10402504707,10402504739,1,"IOTHUB_CLIENT_CONFIRMATION_OK"
6902,10402504908,10402505088,1,"IOTHUB_CLIENT_CONFIRMATION_OK"
6903,10402505108,10402505147,1,"IOTHUB_CLIENT_CONFIRMATION_OK"
6904,10402505308,10402505338,1,"IOTHUB_CLIENT_CONFIRMATION_OK"
6905,10402505508,10402505549,1,"IOTHUB_CLIENT_CONFIRMATION_OK"
6906,10402505708,10402505739,1,"IOTHUB_CLIENT_CONFIRMATION_OK"
6907,10402505908,10402505939,1,"IOTHUB_CLIENT_CONFIRMATION_OK"
6908,10402506109,10402506140,1,"IOTHUB_CLIENT_CONFIRMATION_OK"
6909,10402506309,10402506341,1,"IOTHUB_CLIENT_CONFIRMATION_OK"
6910,10402506509,10402506541,1,"IOTHUB_CLIENT_CONFIRMATION_OK"
6911,10402506709,10402506745,1,"IOTHUB_CLIENT_CONFIRMATION_OK"
6912,10402506909,10402506940,1,"IOTHUB_CLIENT_CONFIRMATION_OK"
6913,10402507109,10402507141,1,"IOTHUB_CLIENT_CONFIRMATION_OK"
6914,10402507310,10402507359,1,"IOTHUB_CLIENT_CONFIRMATION_OK"
6915,10402507510,10402507543,1,"IOTHUB_CLIENT_CONFIRMATION_OK"
6916,10402507710,10402507744,1,"IOTHUB_CLIENT_CONFIRMATION_OK"
6917,10402507910,10402507961,1,"IOTHUB_CLIENT_CONFIRMATION_OK"
6918,10402508110,10402508141,1,"IOTHUB_CLIENT_CONFIRMATION_OK"
6919,10402508310,10402508448,1,"IOTHUB_CLIENT_CONFIRMATION_OK"
6920,10402508511,10402508540,1,"IOTHUB_CLIENT_CONFIRMATION_OK"
6921,10402508711,10402508746,1,"IOTHUB_CLIENT_CONFIRMATION_OK"
6922,10402508911,10402509097,1,"IOTHUB_CLIENT_CONFIRMATION_OK"
6923,10402509111,10402509160,1,"IOTHUB_CLIENT_CONFIRMATION_OK"
6924,10402509311,10402509343,1,"IOTHUB_CLIENT_CONFIRMATION_OK"
6925,10402509511,10402509543,1,"IOTHUB_CLIENT_CONFIRMATION_OK"
6926,10402509712,10402509748,1,"IOTHUB_CLIENT_CONFIRMATION_OK"
6927,10402509912,10402509941,1,"IOTHUB_CLIENT_CONFIRMATION_OK"
6928,10402510112,10402510141,1,"IOTHUB_CLIENT_CONFIRMATION_OK"
6929,10402510312,10402510345,1,"IOTHUB_CLIENT_CONFIRMATION_OK"
6930,10402510512,10402510549,1,"IOTHUB_CLIENT_CONFIRMATION_OK"
6931,10402510712,10402510743,1,"IOTHUB_CLIENT_CONFIRMATION_OK"
6932,10402510913,10402510949,1,"IOTHUB_CLIENT_CONFIRMATION_OK"
6933,10402511113,10402511142,1,"IOTHUB_CLIENT_CONFIRMATION_OK"
6934,10402511313,10402511354,1,"IOTHUB_CLIENT_CONFIRMATION_OK"
6935,10402511513,10402511552,1,"IOTHUB_CLIENT_CONFIRMATION_OK"
6936,10402511713,10402511752,1,"IOTHUB_CLIENT_CONFIRMATION_OK"
6937,10402511913,10402511952,1,"IOTHUB_CLIENT_CONFIRMATION_OK"
6938,10402512114,10402512149,1,"IOTHUB_CLIENT_CONFIRMATION_OK"
6939,10402512314,10402512360,1,"IOTHUB_CLIENT_CONFIRMATION_OK"
6940,10402512514,10402512554,1,"IOTHUB_CLIENT_CONFIRMATION_OK"
6941,10402512714,10402512743,1,"IOTHUB_CLIENT_CONFIRMATION_OK"
6942,10402512914,10402512972,1,"IOTHUB_CLIENT_CONFIRMATION_OK"
6943,10402513114,10402513147,1,"IOTHUB_CLIENT_CONFIRMATION_OK"
6944,10402513315,10402513345,1,"IOTHUB_CLIENT_CONFIRMATION_OK"
6945,10402513515,10402513576,1,"IOTHUB_CLIENT_CONFIRMATION_OK"
6946,10402513715,10402513746,1,"IOTHUB_CLIENT_CONFIRMATION_OK"
6947,10402513915,10402513945,1,"IOTHUB_CLIENT_CONFIRMATION_OK"
6948,10402514115,10402514191,1,"IOTHUB_CLIENT_CONFIRMATION_OK"
6949,10402514315,10402514356,1,"IOTHUB_CLIENT_CONFIRMATION_OK"
6950,10402514515,10402514549,1,"IOTHUB_CLIENT_CONFIRMATION_OK"
6951,10402514716,10402514749,1,"IOTHUB_CLIENT_CONFIRMATION_OK"
6952,10402514916,10402514952,1,"IOTHUB_CLIENT_CONFIRMATION_OK"
6953,10402515116,10402515232,1,"IOTHUB_CLIENT_CONFIRMATION_OK"
6954,10402515316,10402515350,1,"IOTHUB_CLIENT_CONFIRMATION_OK"
6955,10402515516,10402515552,1,"IOTHUB_CLIENT_CONFIRMATION_OK"
6956,10402515716,10402515881,1,"IOTHUB_CLIENT_CONFIRMATION_OK"
6957,10402515917,10402515945,1,"IOTHUB_CLIENT_CONFIRMATION_OK"
6958,10402516117,10402516156,1,"IOTHUB_CLIENT_CONFIRMATION_OK"
6959,10402516317,10402516351,1,"IOTHUB_CLIENT_CONFIRMATION_OK"
6960,10402516517,10402516560,1,"IOTHUB_CLIENT_CONFIRMATION_OK"
6961,10402516717,10402516750,1,"IOTHUB_CLIENT_CONFIRMATION_OK"
6962,10402516917,10402516949,1,"IOTHUB_CLIENT_CONFIRMATION_OK"
6963,10402517118,10402517155,1,"IOTHUB_CLIENT_CONFIRMATION_OK"
6964,10402517318,10402517352,1,"IOTHUB_CLIENT_CONFIRMATION_OK"
6965,10402517518,10402517549,1,"IOTHUB_CLIENT_CONFIRMATION_OK"
6966,10402517718,10402517747,1,"IOTHUB_CLIENT_CONFIRMATION_OK"
6967,10402517918,10402518084,1,"IOTHUB_CLIENT_CONFIRMATION_OK"
6968,10402518118,10402518149,1,"IOTHUB_CLIENT_CONFIRMATION_OK"
6969,10402518319,10402518351,1,"IOTHUB_CLIENT_CONFIRMATION_OK"
6970,10402518519,10402518703,1,"IOTHUB_CLIENT_CONFIRMATION_OK"
6971,10402518719,10402518757,1,"IOTHUB_CLIENT_CONFIRMATION_OK"
6972,10402518919,10402518948,1,"IOTHUB_CLIENT_CONFIRMATION_OK"
6973,10402519119,10402519164,1,"IOTHUB_CLIENT_CONFIRMATION_OK"
6974,10402519319,10402519349,1,"IOTHUB_CLIENT_CONFIRMATION_OK"
6975,10402519520,10402519555,1,"IOTHUB_CLIENT_CONFIRMATION_OK"
6976,10402519720,10402519774,1,"IOTHUB_CLIENT_CONFIRMATION_OK"
6977,10402519920,10402519950,1,"IOTHUB_CLIENT_CONFIRMATION_OK"
6978,10402520120,10402520155,1,"IOTHUB_CLIENT_CONFIRMATION_OK"
6979,10402520320,10402520360,1,"IOTHUB_CLIENT_CONFIRMATION_OK"
6980,10402520520,10402520550,1,"IOTHUB_CLIENT_CONFIRMATION_OK"
6981,10402520720,10402520753,1,"IOTHUB_CLIENT_CONFIRMATION_OK"
6982,10402520921,10402520975,1,"IOTHUB_CLIENT_CONFIRMATION_OK"
6983,10402521121,10402521153,1,"IOTHUB_CLIENT_CONFIRMATION_OK"
6984,10402521321,10402521612,1,"IOTHUB_CLIENT_CONFIRMATION_OK"
6985,10402521521,10402521646,1,"IOTHUB_CLIENT_CONFIRMATION_OK"
6986,10402521721,10402521756,1,"IOTHUB_CLIENT_CONFIRMATION_OK"
6987,10402521921,10402522042,1,"IOTHUB_CLIENT_CONFIRMATION_OK"
6988,10402522122,10402522152,1,"IOTHUB_CLIENT_CONFIRMATION_OK"
6989,10402522322,10402522353,1,"IOTHUB_CLIENT_CONFIRMATION_OK"
6990,10402522522,10402522647,1,"IOTHUB_CLIENT_CONFIRMATION_OK"
6991,10402522722,10402522753,1,"IOTHUB_CLIENT_CONFIRMATION_OK"
6992,10402522922,10402522951,1,"IOTHUB_CLIENT_CONFIRMATION_OK"
6993,10402523122,10402523154,1,"IOTHUB_CLIENT_CONFIRMATION_OK"
6994,10402523323,10402523352,1,"IOTHUB_CLIENT_CONFIRMATION_OK"
6995,10402523523,10402523551,1,"IOTHUB_CLIENT_CONFIRMATION_OK"
6996,10402523723,10402523753,1,"IOTHUB_CLIENT_CONFIRMATION_OK"
6997,10402523923,10402523953,1,"IOTHUB_CLIENT_CONFIRMATION_OK"
6998,10402524123,10402524154,1,"IOTHUB_CLIENT_CONFIRMATION_OK"
6999,10402524323,10402524356,1,"IOTHUB_CLIENT_CONFIRMATION_OK"
7000,10402524523,10402524555,1,"IOTHUB_CLIENT_CONFIRMATION_OK"
7001,10402524724,10402524871,1,"IOTHUB_CLIENT_CONFIRMATION_OK"
7002,10402524924,10402524995,1,"IOTHUB_CLIENT_CONFIRMATION_OK"
7003,10402525124,10402525152,1,"IOTHUB_CLIENT_CONFIRMATION_OK"
7004,10402525324,10402525480,1,"IOTHUB_CLIENT_CONFIRMATION_OK"
7005,10402525524,10402525555,1,"IOTHUB_CLIENT_CONFIRMATION_OK"
7006,10402525724,10402525762,1,"IOTHUB_CLIENT_CONFIRMATION_OK"
7007,10402525925,10402525955,1,"IOTHUB_CLIENT_CONFIRMATION_OK"
7008,10402526125,10402526156,1,"IOTHUB_CLIENT_CONFIRMATION_OK"
7009,10402526325,10402526355,1,"IOTHUB_CLIENT_CONFIRMATION_OK"
7010,10402526525,10402526562,1,"IOTHUB_CLIENT_CONFIRMATION_OK"
7011,10402526725,10402526761,1,"IOTHUB_CLIENT_CONFIRMATION_OK"
7012,10402526925,10402526954,1,"IOTHUB_CLIENT_CONFIRMATION_OK"
7013,10402527126,10402527156,1,"IOTHUB_CLIENT_CONFIRMATION_OK"
7014,10402527326,10402527356,1,"IOTHUB_CLIENT_CONFIRMATION_OK"
7015,10402527526,10402527558,1,"IOTHUB_CLIENT_CONFIRMATION_OK"
7016,10402527726,10402527764,1,"IOTHUB_CLIENT_CONFIRMATION_OK"
7017,10402527926,10402527958,1,"IOTHUB_CLIENT_CONFIRMATION_OK"
7018,10402528126,10402528161,1,"IOTHUB_CLIENT_CONFIRMATION_OK"
7019,10402528326,10402528362,1,"IOTHUB_CLIENT_CONFIRMATION_OK"
7020,10402528527,10402528557,1,"IOTHUB_CLIENT_CONFIRMATION_OK"
7021,10402528727,10402528769,1,"IOTHUB_CLIENT_CONFIRMATION_OK"
7022,10402528927,10402528961,1,"IOTHUB_CLIENT_CONFIRMATION_OK"
7023,10402529127,10402529156,1,"IOTHUB_CLIENT_CONFIRMATION_OK"
7024,10402529327,10402529374,1,"IOTHUB_CLIENT_CONFIRMATION_OK"
7025,10402529527,10402529558,1,"IOTHUB_CLIENT_CONFIRMATION_OK"
7026,10402529728,10402529762,1,"IOTHUB_CLIENT_CONFIRMATION_OK"
7027,10402529928,10402529982,1,"IOTHUB_CLIENT_CONFIRMATION_OK"
7028,10402530128,10402530162,1,"IOTHUB_CLIENT_CONFIRMATION_OK"
7029,10402530328,10402530359,1,"IOTHUB_CLIENT_CONFIRMATION_OK"
7030,10402530528,10402530592,1,"IOTHUB_CLIENT_CONFIRMATION_OK"
7031,10402530728,10402530760,1,"IOTHUB_CLIENT_CONFIRMATION_OK"
7032,10402530928,10402530963,1,"IOTHUB_CLIENT_CONFIRMATION_OK"
7033,10402531129,10402531159,1,"IOTHUB_CLIENT_CONFIRMATION_OK"
7034,10402531329,10402531359,1,"IOTHUB_CLIENT_CONFIRMATION_OK"
7035,10402531529,10402531629,1,"IOTHUB_CLIENT_CONFIRMATION_OK"
7036,10402531729,10402531762,1,"IOTHUB_CLIENT_CONFIRMATION_OK"
7037,10402531929,10402531957,1,"IOTHUB_CLIENT_CONFIRMATION_OK"
7038,10402532129,10402532218,1,"IOTHUB_CLIENT_CONFIRMATION_OK"
7039,10402532330,10402532362,1,"IOTHUB_CLIENT_CONFIRMATION_OK"
7040,10402532530,10402532560,1,"IOTHUB_CLIENT_CONFIRMATION_OK"
7041,10402532730,10402532834,1,"IOTHUB_CLIENT_CONFIRMATION_OK"
7042,10402532930,10402532977,1,"IOTHUB_CLIENT_CONFIRMATION_OK"
7043,10402533130,10402533172,1,"IOTHUB_CLIENT_CONFIRMATION_OK"
7044,10402533330,10402533360,1,"IOTHUB_CLIENT_CONFIRMATION_OK"
7045,10402533531,10402533563,1,"IOTHUB_CLIENT_CONFIRMATION_OK"
7046,10402533731,10402533763,1,"IOTHUB_CLIENT_CONFIRMATION_OK"
7047,10402533931,10402533963,1,"IOTHUB_CLIENT_CONFIRMATION_OK"
7048,10402534131,10402534164,1,"IOTHUB_CLIENT_CONFIRMATION_OK"
7049,10402534331,10402534376,1,"IOTHUB_CLIENT_CONFIRMATION_OK"
7050,10402534531,10402534592,1,"IOTHUB_CLIENT_CONFIRMATION_OK"
7051,10402534731,10402534762,1,"IOTHUB_CLIENT_CONFIRMATION_OK"
7052,10402534932,10402534967,1,"IOTHUB_CLIENT_CONFIRMATION_OK"
7053,10402535132,10402535179,1,"IOTHUB_CLIENT_CONFIRMATION_OK"
7054,10402535332,10402535379,1,"IOTHUB_CLIENT_CONFIRMATION_OK"
7055,10402535532,10402535569,1,"IOTHUB_CLIENT_CONFIRMATION_OK"
7056,10402535732,10402535829,1,"IOTHUB_CLIENT_CONFIRMATION_OK"
7057,10402535932,10402535962,1,"IOTHUB_CLIENT_CONFIRMATION_OK"
7058,10402536133,10402536181,1,"IOTHUB_CLIENT_CONFIRMATION_OK"
7059,10402536333,10402536367,1,"IOTHUB_CLIENT_CONFIRMATION_OK"
7060,10402536533,10402536574,1,"IOTHUB_CLIENT_CONFIRMATION_OK"
7061,10402536733,10402536779,1,"IOTHUB_CLIENT_CONFIRMATION_OK"
7062,10402536933,10402536961,1,"IOTHUB_CLIENT_CONFIRMATION_OK"
7063,10402537133,10402537165,1,"IOTHUB_CLIENT_CONFIRMATION_OK"
7064,10402537333,10402537395,1,"IOTHUB_CLIENT_CONFIRMATION_OK"
7065,10402537534,10402537566,1,"IOTHUB_CLIENT_CONFIRMATION_OK"
7066,10402537734,10402537764,1,"IOTHUB_CLIENT_CONFIRMATION_OK"
7067,10402537934,10402537968,1,"IOTHUB_CLIENT_CONFIRMATION_OK"
7068,10402538134,10402538166,1,"IOTHUB_CLIENT_CONFIRMATION_OK"
7069,10402538334,10402538436,1,"IOTHUB_CLIENT_CONFIRMATION_OK"
7070,10402538535,10402538584,1,"IOTHUB_CLIENT_CONFIRMATION_OK"
7071,10402538735,10402538774,1,"IOTHUB_CLIENT_CONFIRMATION_OK"
7072,10402538935,10402539047,1,"IOTHUB_CLIENT_CONFIRMATION_OK"
7073,10402539135,10402539166,1,"IOTHUB_CLIENT_CONFIRMATION_OK"
7074,10402539335,10402539366,1,"IOTHUB_CLIENT_CONFIRMATION_OK"
7075,10402539535,10402539568,1,"IOTHUB_CLIENT_CONFIRMATION_OK"
7076,10402539735,10402539767,1,"IOTHUB_CLIENT_CONFIRMATION_OK"
7077,10402539936,10402539966,1,"IOTHUB_CLIENT_CONFIRMATION_OK"
7078,10402540136,10402540166,1,"IOTHUB_CLIENT_CONFIRMATION_OK"
7079,10402540336,10402540378,1,"IOTHUB_CLIENT_CONFIRMATION_OK"
7080,10402540536,10402540568,1,"IOTHUB_CLIENT_CONFIRMATION_OK"
7081,10402540736,10402540798,1,"IOTHUB_CLIENT_CONFIRMATION_OK"
7082,10402540936,10402540973,1,"IOTHUB_CLIENT_CONFIRMATION_OK"
7083,10402541137,10402541302,1,"IOTHUB_CLIENT_CONFIRMATION_OK"
7084,10402541337,10402541380,1,"IOTHUB_CLIENT_CONFIRMATION_OK"
7085,10402541537,10402541572,1,"IOTHUB_CLIENT_CONFIRMATION_OK"
7086,10402541737,10402541948,1,"IOTHUB_CLIENT_CONFIRMATION_OK"
7087,10402541937,10402541972,1,"IOTHUB_CLIENT_CONFIRMATION_OK"
7088,10402542137,10402542181,1,"IOTHUB_CLIENT_CONFIRMATION_OK"
7089,10402542338,10402542368,1,"IOTHUB_CLIENT_CONFIRMATION_OK"
7090,10402542538,10402542573,1,"IOTHUB_CLIENT_CONFIRMATION_OK"
7091,10402542738,10402542770,1,"IOTHUB_CLIENT_CONFIRMATION_OK"
7092,10402542938,10402542967,1,"IOTHUB_CLIENT_CONFIRMATION_OK"
7093,10402543138,10402543182,1,"IOTHUB_CLIENT_CONFIRMATION_OK"
7094,10402543338,10402543376,1,"IOTHUB_CLIENT_CONFIRMATION_OK"
7095,10402543538,10402543576,1,"IOTHUB_CLIENT_CONFIRMATION_OK"
7096,10402543739,10402543775,1,"IOTHUB_CLIENT_CONFIRMATION_OK"
7097,10402543939,10402543971,1,"IOTHUB_CLIENT_CONFIRMATION_OK"
7098,10402544139,10402544196,1,"IOTHUB_CLIENT_CONFIRMATION_OK"
7099,10402544339,10402544369,1,"IOTHUB_CLIENT_CONFIRMATION_OK"
7100,10402544539,10402544588,1,"IOTHUB_CLIENT_CONFIRMATION_OK"
7101,10402544739,10402544770,1,"IOTHUB_CLIENT_CONFIRMATION_OK"
7102,10402544940,10402544969,1,"IOTHUB_CLIENT_CONFIRMATION_OK"
7103,10402545140,10402545202,1,"IOTHUB_CLIENT_CONFIRMATION_OK"
7104,10402545340,10402545379,1,"IOTHUB_CLIENT_CONFIRMATION_OK"
7105,10402545540,10402545576,1,"IOTHUB_CLIENT_CONFIRMATION_OK"
7106,10402545740,10402545830,1,"IOTHUB_CLIENT_CONFIRMATION_OK"
7107,10402545940,10402545972,1,"IOTHUB_CLIENT_CONFIRMATION_OK"
7108,10402546141,10402546194,1,"IOTHUB_CLIENT_CONFIRMATION_OK"
7109,10402546341,10402546461,1,"IOTHUB_CLIENT_CONFIRMATION_OK"
7110,10402546541,10402546574,1,"IOTHUB_CLIENT_CONFIRMATION_OK"
7111,10402546741,10402546770,1,"IOTHUB_CLIENT_CONFIRMATION_OK"
7112,10402546941,10402546984,1,"IOTHUB_CLIENT_CONFIRMATION_OK"
7113,10402547141,10402547172,1,"IOTHUB_CLIENT_CONFIRMATION_OK"
7114,10402547342,10402547385,1,"IOTHUB_CLIENT_CONFIRMATION_OK"
7115,10402547542,10402547573,1,"IOTHUB_CLIENT_CONFIRMATION_OK"
7116,10402547742,10402547775,1,"IOTHUB_CLIENT_CONFIRMATION_OK"
7117,10402547942,10402548127,1,"IOTHUB_CLIENT_CONFIRMATION_OK"
7118,10402548142,10402548175,1,"IOTHUB_CLIENT_CONFIRMATION_OK"
7119,10402548342,10402548385,1,"IOTHUB_CLIENT_CONFIRMATION_OK"
7120,10402548543,10402548573,1,"IOTHUB_CLIENT_CONFIRMATION_OK"
7121,10402548743,10402548799,1,"IOTHUB_CLIENT_CONFIRMATION_OK"
7122,10402548943,10402548971,1,"IOTHUB_CLIENT_CONFIRMATION_OK"
7123,10402549143,10402549173,1,"IOTHUB_CLIENT_CONFIRMATION_OK"
7124,10402549343,10402549385,1,"IOTHUB_CLIENT_CONFIRMATION_OK"
7125,10402549543,10402549574,1,"IOTHUB_CLIENT_CONFIRMATION_OK"
7126,10402549743,10402549774,1,"IOTHUB_CLIENT_CONFIRMATION_OK"
7127,10402549944,10402549973,1,"IOTHUB_CLIENT_CONFIRMATION_OK"
7128,10402550144,10402550175,1,"IOTHUB_CLIENT_CONFIRMATION_OK"
7129,10402550344,10402550385,1,"IOTHUB_CLIENT_CONFIRMATION_OK"
7130,10402550544,10402550584,1,"IOTHUB_CLIENT_CONFIRMATION_OK"
7131,10402550744,10402550787,1,"IOTHUB_CLIENT_CONFIRMATION_OK"
7132,10402550944,10402550981,1,"IOTHUB_CLIENT_CONFIRMATION_OK"
7133,10402551145,10402551242,1,"IOTHUB_CLIENT_CONFIRMATION_OK"
7134,10402551345,10402551398,1,"IOTHUB_CLIENT_CONFIRMATION_OK"
7135,10402551545,10402551573,1,"IOTHUB_CLIENT_CONFIRMATION_OK"
7136,10402551745,10402551775,1,"IOTHUB_CLIENT_CONFIRMATION_OK"
7137,10402551945,10402551981,1,"IOTHUB_CLIENT_CONFIRMATION_OK"
7138,10402552145,10402552174,1,"IOTHUB_CLIENT_CONFIRMATION_OK"
7139,10402552345,10402552381,1,"IOTHUB_CLIENT_CONFIRMATION_OK"
7140,10402552546,10402552596,1,"IOTHUB_CLIENT_CONFIRMATION_OK"
7141,10402552746,10402552796,1,"IOTHUB_CLIENT_CONFIRMATION_OK"
7142,10402552946,10402552976,1,"IOTHUB_CLIENT_CONFIRMATION_OK"
7143,10402553146,10402553201,1,"IOTHUB_CLIENT_CONFIRMATION_OK"
7144,10402553346,10402553442,1,"IOTHUB_CLIENT_CONFIRMATION_OK"
7145,10402553546,10402553588,1,"IOTHUB_CLIENT_CONFIRMATION_OK"
7146,10402553747,10402553776,1,"IOTHUB_CLIENT_CONFIRMATION_OK"
7147,10402553947,10402553979,1,"IOTHUB_CLIENT_CONFIRMATION_OK"
7148,10402554147,10402554176,1,"IOTHUB_CLIENT_CONFIRMATION_OK"
7149,10402554347,10402554378,1,"IOTHUB_CLIENT_CONFIRMATION_OK"
7150,10402554547,10402554577,1,"IOTHUB_CLIENT_CONFIRMATION_OK"
7151,10402554747,10402554888,1,"IOTHUB_CLIENT_CONFIRMATION_OK"
7152,10402554948,10402554987,1,"IOTHUB_CLIENT_CONFIRMATION_OK"
7153,10402555148,10402555178,1,"IOTHUB_CLIENT_CONFIRMATION_OK"
7154,10402555348,10402555502,1,"IOTHUB_CLIENT_CONFIRMATION_OK"
7155,10402555548,10402555579,1,"IOTHUB_CLIENT_CONFIRMATION_OK"
7156,10402555748,10402555776,1,"IOTHUB_CLIENT_CONFIRMATION_OK"
7157,10402555948,10402555990,1,"IOTHUB_CLIENT_CONFIRMATION_OK"
7158,10402556148,10402556189,1,"IOTHUB_CLIENT_CONFIRMATION_OK"
7159,10402556349,10402556387,1,"IOTHUB_CLIENT_CONFIRMATION_OK"
7160,10402556549,10402556581,1,"IOTHUB_CLIENT_CONFIRMATION_OK"
7161,10402556749,10402556794,1,"IOTHUB_CLIENT_CONFIRMATION_OK"
7162,10402556949,10402556998,1,"IOTHUB_CLIENT_CONFIRMATION_OK"
7163,10402557149,10402557181,1,"IOTHUB_CLIENT_CONFIRMATION_OK"
7164,10402557349,10402557381,1,"IOTHUB_CLIENT_CONFIRMATION_OK"
7165,10402557550,10402557581,1,"IOTHUB_CLIENT_CONFIRMATION_OK"
7166,10402557750,10402557783,1,"IOTHUB_CLIENT_CONFIRMATION_OK"
7167,10402557950,10402557979,1,"IOTHUB_CLIENT_CONFIRMATION_OK"
7168,10402558150,10402558178,1,"IOTHUB_CLIENT_CONFIRMATION_OK"
7169,10402558350,10402558415,1,"IOTHUB_CLIENT_CONFIRMATION_OK"
7170,10402558550,10402558581,1,"IOTHUB_CLIENT_CONFIRMATION_OK"
7171,10402558751,10402558787,1,"IOTHUB_CLIENT_CONFIRMATION_OK"
7172,10402558951,10402558987,1,"IOTHUB_CLIENT_CONFIRMATION_OK"
7173,10402559151,10402559181,1,"IOTHUB_CLIENT_CONFIRMATION_OK"
7174,10402559351,10402559443,1,"IOTHUB_CLIENT_CONFIRMATION_OK"
7175,10402559551,10402559586,1,"IOTHUB_CLIENT_CONFIRMATION_OK"
7176,10402559751,10402559781,1,"IOTHUB_CLIENT_CONFIRMATION_OK"
7177,10402559952,10402559986,1,"IOTHUB_CLIENT_CONFIRMATION_OK"
7178,10402560152,10402560189,1,"IOTHUB_CLIENT_CONFIRMATION_OK"
7179,10402560352,10402560391,1,"IOTHUB_CLIENT_CONFIRMATION_OK"
7180,10402560552,10402560592,1,"IOTHUB_CLIENT_CONFIRMATION_OK"
7181,10402560752,10402560781,1,"IOTHUB_CLIENT_CONFIRMATION_OK"
7182,10402560952,10402561064,1,"IOTHUB_CLIENT_CONFIRMATION_OK"
7183,10402561152,10402561183,1,"IOTHUB_CLIENT_CONFIRMATION_OK"
7184,10402561353,10402561383,1,"IOTHUB_CLIENT_CONFIRMATION_OK"
7185,10402561553,10402561673,1,"IOTHUB_CLIENT_CONFIRMATION_OK"
7186,10402561753,10402561789,1,"IOTHUB_CLIENT_CONFIRMATION_OK"
7187,10402561953,10402561984,1,"IOTHUB_CLIENT_CONFIRMATION_OK"
7188,10402562153,10402562290,1,"IOTHUB_CLIENT_CONFIRMATION_OK"
7189,10402562353,10402562398,1,"IOTHUB_CLIENT_CONFIRMATION_OK"
7190,10402562553,10402562609,1,"IOTHUB_CLIENT_CONFIRMATION_OK"
7191,10402562754,10402562786,1,"IOTHUB_CLIENT_CONFIRMATION_OK"
7192,10402562954,10402562984,1,"IOTHUB_CLIENT_CONFIRMATION_OK"
7193,10402563154,10402563187,1,"IOTHUB_CLIENT_CONFIRMATION_OK"
7194,10402563354,10402563388,1,"IOTHUB_CLIENT_CONFIRMATION_OK"
7195,10402563554,10402563589,1,"IOTHUB_CLIENT_CONFIRMATION_OK"
7196,10402563754,10402563792,1,"IOTHUB_CLIENT_CONFIRMATION_OK"
7197,10402563955,10402563994,1,"IOTHUB_CLIENT_CONFIRMATION_OK"
7198,10402564155,10402564200,1,"IOTHUB_CLIENT_CONFIRMATION_OK"
7199,10402564355,10402564529,1,"IOTHUB_CLIENT_CONFIRMATION_OK"
7200,10402564555,10402564588,1,"IOTHUB_CLIENT_CONFIRMATION_OK"
7201,10402564755,10402564789,1,"IOTHUB_CLIENT_CONFIRMATION_OK"
7202,10402564955,10402564987,1,"IOTHUB_CLIENT_CONFIRMATION_OK"
7203,10402565156,10402565188,1,"IOTHUB_CLIENT_CONFIRMATION_OK"
7204,10402565356,10402565437,1,"IOTHUB_CLIENT_CONFIRMATION_OK"
7205,10402565556,10402565603,1,"IOTHUB_CLIENT_CONFIRMATION_OK"
7206,10402565756,10402565787,1,"IOTHUB_CLIENT_CONFIRMATION_OK"
7207,10402565956,10402565988,1,"IOTHUB_CLIENT_CONFIRMATION_OK"
7208,10402566156,10402566189,1,"IOTHUB_CLIENT_CONFIRMATION_OK"
7209,10402566356,10402566398,1,"IOTHUB_CLIENT_CONFIRMATION_OK"
7210,10402566557,10402566595,1,"IOTHUB_CLIENT_CONFIRMATION_OK"
7211,10402566757,10402566816,1,"IOTHUB_CLIENT_CONFIRMATION_OK"
7212,10402566957,10402566988,1,"IOTHUB_CLIENT_CONFIRMATION_OK"
7213,10402567157,10402567207,1,"IOTHUB_CLIENT_CONFIRMATION_OK"
7214,10402567357,10402567386,1,"IOTHUB_CLIENT_CONFIRMATION_OK"
7215,10402567557,10402567586,1,"IOTHUB_CLIENT_CONFIRMATION_OK"
7216,10402567757,10402567882,1,"IOTHUB_CLIENT_CONFIRMATION_OK"
7217,10402567958,10402567990,1,"IOTHUB_CLIENT_CONFIRMATION_OK"
7218,10402568158,10402568188,1,"IOTHUB_CLIENT_CONFIRMATION_OK"
7219,10402568358,10402568490,1,"IOTHUB_CLIENT_CONFIRMATION_OK"
7220,10402568558,10402568590,1,"IOTHUB_CLIENT_CONFIRMATION_OK"
7221,10402568758,10402568796,1,"IOTHUB_CLIENT_CONFIRMATION_OK"
7222,10402568958,10402569007,1,"IOTHUB_CLIENT_CONFIRMATION_OK"
7223,10402569158,10402569197,1,"IOTHUB_CLIENT_CONFIRMATION_OK"
7224,10402569359,10402569396,1,"IOTHUB_CLIENT_CONFIRMATION_OK"
7225,10402569559,10402569594,1,"IOTHUB_CLIENT_CONFIRMATION_OK"
7226,10402569759,10402569797,1,"IOTHUB_CLIENT_CONFIRMATION_OK"
7227,10402569959,10402569999,1,"IOTHUB_CLIENT_CONFIRMATION_OK"
7228,10402570159,10402570188,1,"IOTHUB_CLIENT_CONFIRMATION_OK"
7229,10402570360,10402570391,1,"IOTHUB_CLIENT_CONFIRMATION_OK"
7230,10402570560,10402570761,1,"IOTHUB_CLIENT_CONFIRMATION_OK"
7231,10402570760,10402570798,1,"IOTHUB_CLIENT_CONFIRMATION_OK"
7232,10402570960,10402570988,1,"IOTHUB_CLIENT_CONFIRMATION_OK"
7233,10402571160,10402571345,1,"IOTHUB_CLIENT_CONFIRMATION_OK"
7234,10402571361,10402571390,1,"IOTHUB_CLIENT_CONFIRMATION_OK"
7235,10402571561,10402571590,1,"IOTHUB_CLIENT_CONFIRMATION_OK"
7236,10402571761,10402571796,1,"IOTHUB_CLIENT_CONFIRMATION_OK"
7237,10402571961,10402571994,1,"IOTHUB_CLIENT_CONFIRMATION_OK"
7238,10402572161,10402572191,1,"IOTHUB_CLIENT_CONFIRMATION_OK"
7239,10402572361,10402572397,1,"IOTHUB_CLIENT_CONFIRMATION_OK"
7240,10402572561,10402572594,1,"IOTHUB_CLIENT_CONFIRMATION_OK"
7241,10402572762,10402572790,1,"IOTHUB_CLIENT_CONFIRMATION_OK"
7242,10402572962,10402573005,1,"IOTHUB_CLIENT_CONFIRMATION_OK"
7243,10402573162,10402573198,1,"IOTHUB_CLIENT_CONFIRMATION_OK"
7244,10402573362,10402573401,1,"IOTHUB_CLIENT_CONFIRMATION_OK"
7245,10402573562,10402573615,1,"IOTHUB_CLIENT_CONFIRMATION_OK"
7246,10402573762,10402573792,1,"IOTHUB_CLIENT_CONFIRMATION_OK"
7247,10402573962,10402574022,1,"IOTHUB_CLIENT_CONFIRMATION_OK"
7248,10402574163,10402574199,1,"IOTHUB_CLIENT_CONFIRMATION_OK"
7249,10402574363,10402574397,1,"IOTHUB_CLIENT_CONFIRMATION_OK"
7250,10402574563,10402574642,1,"IOTHUB_CLIENT_CONFIRMATION_OK"
7251,10402574763,10402574792,1,"IOTHUB_CLIENT_CONFIRMATION_OK"
7252,10402574963,10402575064,1,"IOTHUB_CLIENT_CONFIRMATION_OK"
7253,10402575163,10402575268,1,"IOTHUB_CLIENT_CONFIRMATION_OK"
7254,10402575364,10402575397,1,"IOTHUB_CLIENT_CONFIRMATION_OK"
7255,10402575564,10402575605,1,"IOTHUB_CLIENT_CONFIRMATION_OK"
7256,10402575764,10402575875,1,"IOTHUB_CLIENT_CONFIRMATION_OK"
7257,10402575964,10402575994,1,"IOTHUB_CLIENT_CONFIRMATION_OK"
7258,10402576164,10402576196,1,"IOTHUB_CLIENT_CONFIRMATION_OK"
7259,10402576364,10402576398,1,"IOTHUB_CLIENT_CONFIRMATION_OK"
7260,10402576565,10402576607,1,"IOTHUB_CLIENT_CONFIRMATION_OK"
7261,10402576765,10402576801,1,"IOTHUB_CLIENT_CONFIRMATION_OK"
7262,10402576965,10402576995,1,"IOTHUB_CLIENT_CONFIRMATION_OK"
7263,10402577165,10402577206,1,"IOTHUB_CLIENT_CONFIRMATION_OK"
7264,10402577365,10402577476,1,"IOTHUB_CLIENT_CONFIRMATION_OK"
7265,10402577565,10402577594,1,"IOTHUB_CLIENT_CONFIRMATION_OK"
7266,10402577766,10402577798,1,"IOTHUB_CLIENT_CONFIRMATION_OK"
7267,10402577966,10402578096,1,"IOTHUB_CLIENT_CONFIRMATION_OK"
7268,10402578166,10402578196,1,"IOTHUB_CLIENT_CONFIRMATION_OK"
7269,10402578366,10402578396,1,"IOTHUB_CLIENT_CONFIRMATION_OK"
7270,10402578566,10402578706,1,"IOTHUB_CLIENT_CONFIRMATION_OK"
7271,10402578766,10402578800,1,"IOTHUB_CLIENT_CONFIRMATION_OK"
7272,10402578967,10402578997,1,"IOTHUB_CLIENT_CONFIRMATION_OK"
7273,10402579167,10402579197,1,"IOTHUB_CLIENT_CONFIRMATION_OK"
7274,10402579367,10402579416,1,"IOTHUB_CLIENT_CONFIRMATION_OK"
7275,10402579567,10402579600,1,"IOTHUB_CLIENT_CONFIRMATION_OK"
7276,10402579767,10402579798,1,"IOTHUB_CLIENT_CONFIRMATION_OK"
7277,10402579967,10402580015,1,"IOTHUB_CLIENT_CONFIRMATION_OK"
7278,10402580167,10402580199,1,"IOTHUB_CLIENT_CONFIRMATION_OK"
7279,10402580368,10402580405,1,"IOTHUB_CLIENT_CONFIRMATION_OK"
7280,10402580568,10402580617,1,"IOTHUB_CLIENT_CONFIRMATION_OK"
7281,10402580768,10402580958,1,"IOTHUB_CLIENT_CONFIRMATION_OK"
7282,10402580968,10402580998,1,"IOTHUB_CLIENT_CONFIRMATION_OK"
7283,10402581168,10402581205,1,"IOTHUB_CLIENT_CONFIRMATION_OK"
7284,10402581368,10402581407,1,"IOTHUB_CLIENT_CONFIRMATION_OK"
7285,10402581568,10402581597,1,"IOTHUB_CLIENT_CONFIRMATION_OK"
7286,10402581769,10402581800,1,"IOTHUB_CLIENT_CONFIRMATION_OK"
7287,10402581969,10402581999,1,"IOTHUB_CLIENT_CONFIRMATION_OK"
7288,10402582169,10402582204,1,"IOTHUB_CLIENT_CONFIRMATION_OK"
7289,10402582369,10402582411,1,"IOTHUB_CLIENT_CONFIRMATION_OK"
7290,10402582569,10402582680,1,"IOTHUB_CLIENT_CONFIRMATION_OK"
7291,10402582770,10402582833,1,"IOTHUB_CLIENT_CONFIRMATION_OK"
7292,10402582970,10402583004,1,"IOTHUB_CLIENT_CONFIRMATION_OK"
7293,10402583170,10402583202,1,"IOTHUB_CLIENT_CONFIRMATION_OK"
7294,10402583370,10402583410,1,"IOTHUB_CLIENT_CONFIRMATION_OK"
7295,10402583570,10402583606,1,"IOTHUB_CLIENT_CONFIRMATION_OK"
7296,10402583770,10402583802,1,"IOTHUB_CLIENT_CONFIRMATION_OK"
7297,10402583971,10402584006,1,"IOTHUB_CLIENT_CONFIRMATION_OK"
7298,10402584171,10402584280,1,"IOTHUB_CLIENT_CONFIRMATION_OK"
7299,10402584371,10402584402,1,"IOTHUB_CLIENT_CONFIRMATION_OK"
7300,10402584571,10402584612,1,"IOTHUB_CLIENT_CONFIRMATION_OK"
7301,10402584771,10402584913,1,"IOTHUB_CLIENT_CONFIRMATION_OK"
7302,10402584971,10402585002,1,"IOTHUB_CLIENT_CONFIRMATION_OK"
7303,10402585171,10402585212,1,"IOTHUB_CLIENT_CONFIRMATION_OK"
7304,10402585372,10402585402,1,"IOTHUB_CLIENT_CONFIRMATION_OK"
7305,10402585572,10402585601,1,"IOTHUB_CLIENT_CONFIRMATION_OK"
7306,10402585772,10402585802,1,"IOTHUB_CLIENT_CONFIRMATION_OK"
7307,10402585972,10402586001,1,"IOTHUB_CLIENT_CONFIRMATION_OK"
7308,10402586172,10402586203,1,"IOTHUB_CLIENT_CONFIRMATION_OK"
7309,10402586372,10402586402,1,"IOTHUB_CLIENT_CONFIRMATION_OK"
7310,10402586573,10402586611,1,"IOTHUB_CLIENT_CONFIRMATION_OK"
7311,10402586773,10402586804,1,"IOTHUB_CLIENT_CONFIRMATION_OK"
7312,10402586973,10402587168,1,"IOTHUB_CLIENT_CONFIRMATION_OK"
7313,10402587173,10402587218,1,"IOTHUB_CLIENT_CONFIRMATION_OK"
7314,10402587373,10402587404,1,"IOTHUB_CLIENT_CONFIRMATION_OK"
7315,10402587573,10402587623,1,"IOTHUB_CLIENT_CONFIRMATION_OK"
7316,10402587774,10402587804,1,"IOTHUB_CLIENT_CONFIRMATION_OK"
7317,10402587974,10402588002,1,"IOTHUB_CLIENT_CONFIRMATION_OK"
7318,10402588174,10402588205,1,"IOTHUB_CLIENT_CONFIRMATION_OK"
7319,10402588374,10402588402,1,"IOTHUB_CLIENT_CONFIRMATION_OK"
7320,10402588574,10402588626,1,"IOTHUB_CLIENT_CONFIRMATION_OK"
7321,10402588774,10402588810,1,"IOTHUB_CLIENT_CONFIRMATION_OK"
7322,10402588975,10402589005,1,"IOTHUB_CLIENT_CONFIRMATION_OK"
7323,10402589175,10402589228,1,"IOTHUB_CLIENT_CONFIRMATION_OK"
7324,10402589375,10402589418,1,"IOTHUB_CLIENT_CONFIRMATION_OK"
7325,10402589575,10402589605,1,"IOTHUB_CLIENT_CONFIRMATION_OK"
7326,10402589775,10402589807,1,"IOTHUB_CLIENT_CONFIRMATION_OK"
7327,10402589975,10402590024,1,"IOTHUB_CLIENT_CONFIRMATION_OK"
7328,10402590175,10402590208,1,"IOTHUB_CLIENT_CONFIRMATION_OK"
7329,10402590376,10402590411,1,"IOTHUB_CLIENT_CONFIRMATION_OK"
7330,10402590576,10402590605,1,"IOTHUB_CLIENT_CONFIRMATION_OK"
7331,10402590776,10402590815,1,"IOTHUB_CLIENT_CONFIRMATION_OK"
7332,10402590976,10402591033,1,"IOTHUB_CLIENT_CONFIRMATION_OK"
7333,10402591176,10402591206,1,"IOTHUB_CLIENT_CONFIRMATION_OK"
7334,10402591376,10402591406,1,"IOTHUB_CLIENT_CONFIRMATION_OK"
7335,10402591576,10402591645,1,"IOTHUB_CLIENT_CONFIRMATION_OK"
7336,10402591777,10402591812,1,"IOTHUB_CLIENT_CONFIRMATION_OK"
7337,10402591977,10402592017,1,"IOTHUB_CLIENT_CONFIRMATION_OK"
7338,10402592177,10402592280,1,"IOTHUB_CLIENT_CONFIRMATION_OK"
7339,10402592377,10402592409,1,"IOTHUB_CLIENT_CONFIRMATION_OK"
7340,10402592577,10402592605,1,"IOTHUB_CLIENT_CONFIRMATION_OK"
7341,10402592777,10402592808,1,"IOTHUB_CLIENT_CONFIRMATION_OK"
7342,10402592978,10402593011,1,"IOTHUB_CLIENT_CONFIRMATION_OK"
7343,10402593178,10402593231,1,"IOTHUB_CLIENT_CONFIRMATION_OK"
7344,10402593378,10402593432,1,"IOTHUB_CLIENT_CONFIRMATION_OK"
7345,10402593578,10402593610,1,"IOTHUB_CLIENT_CONFIRMATION_OK"
7346,10402593778,10402593939,1,"IOTHUB_CLIENT_CONFIRMATION_OK"
7347,10402593978,10402594008,1,"IOTHUB_CLIENT_CONFIRMATION_OK"
7348,10402594179,10402594207,1,"IOTHUB_CLIENT_CONFIRMATION_OK"
7349,10402594379,10402594517,1,"IOTHUB_CLIENT_CONFIRMATION_OK"
7350,10402594579,10402594622,1,"IOTHUB_CLIENT_CONFIRMATION_OK"
7351,10402594779,10402594826,1,"IOTHUB_CLIENT_CONFIRMATION_OK"
7352,10402594979,10402595011,1,"IOTHUB_CLIENT_CONFIRMATION_OK"
7353,10402595179,10402595213,1,"IOTHUB_CLIENT_CONFIRMATION_OK"
7354,10402595379,10402595419,1,"IOTHUB_CLIENT_CONFIRMATION_OK"
7355,10402595580,10402595624,1,"IOTHUB_CLIENT_CONFIRMATION_OK"
7356,10402595780,10402595811,1,"IOTHUB_CLIENT_CONFIRMATION_OK"
7357,10402595980,10402596021,1,"IOTHUB_CLIENT_CONFIRMATION_OK"
7358,10402596180,10402596211,1,"IOTHUB_CLIENT_CONFIRMATION_OK"
7359,10402596380,10402596409,1,"IOTHUB_CLIENT_CONFIRMATION_OK"
7360,10402596580,10402596757,1,"IOTHUB_CLIENT_CONFIRMATION_OK"
7361,10402596781,10402596810,1,"IOTHUB_CLIENT_CONFIRMATION_OK"
7362,10402596981,10402597014,1,"IOTHUB_CLIENT_CONFIRMATION_OK"
7363,10402597181,10402597253,1,"IOTHUB_CLIENT_CONFIRMATION_OK"
7364,10402597381,10402597412,1,"IOTHUB_CLIENT_CONFIRMATION_OK"
7365,10402597581,10402597615,1,"IOTHUB_CLIENT_CONFIRMATION_OK"
7366,10402597781,10402597818,1,"IOTHUB_CLIENT_CONFIRMATION_OK"
7367,10402597982,10402598012,1,"IOTHUB_CLIENT_CONFIRMATION_OK"
7368,10402598182,10402598212,1,"IOTHUB_CLIENT_CONFIRMATION_OK"
7369,10402598382,10402598415,1,"IOTHUB_CLIENT_CONFIRMATION_OK"
7370,10402598582,10402598616,1,"IOTHUB_CLIENT_CONFIRMATION_OK"
7371,10402598782,10402598812,1,"IOTHUB_CLIENT_CONFIRMATION_OK"
7372,10402598982,10402599097,1,"IOTHUB_CLIENT_CONFIRMATION_OK"
7373,10402599182,10402599215,1,"IOTHUB_CLIENT_CONFIRMATION_OK"
7374,10402599383,10402599420,1,"IOTHUB_CLIENT_CONFIRMATION_OK"
7375,10402599583,10402599616,1,"IOTHUB_CLIENT_CONFIRMATION_OK"
7376,10402599783,10402599819,1,"IOTHUB_CLIENT_CONFIRMATION_OK"
7377,10402599983,10402600134,1,"IOTHUB_CLIENT_CONFIRMATION_OK"
7378,10402600183,10402600220,1,"IOTHUB_CLIENT_CONFIRMATION_OK"
7379,10402600383,10402600415,1,"IOTHUB_CLIENT_CONFIRMATION_OK"
7380,10402600584,10402600735,1,"IOTHUB_CLIENT_CONFIRMATION_OK"
7381,10402600784,10402600821,1,"IOTHUB_CLIENT_CONFIRMATION_OK"
7382,10402600984,10402601026,1,"IOTHUB_CLIENT_CONFIRMATION_OK"
7383,10402601184,10402601216,1,"IOTHUB_CLIENT_CONFIRMATION_OK"
7384,10402601384,10402601420,1,"IOTHUB_CLIENT_CONFIRMATION_OK"
7385,10402601584,10402601635,1,"IOTHUB_CLIENT_CONFIRMATION_OK"
7386,10402601785,10402601815,1,"IOTHUB_CLIENT_CONFIRMATION_OK"
7387,10402601985,10402602015,1,"IOTHUB_CLIENT_CONFIRMATION_OK"
7388,10402602185,10402602220,1,"IOTHUB_CLIENT_CONFIRMATION_OK"
7389,10402602385,10402602420,1,"IOTHUB_CLIENT_CONFIRMATION_OK"
7390,10402602585,10402602617,1,"IOTHUB_CLIENT_CONFIRMATION_OK"
7391,10402602785,10402602836,1,"IOTHUB_CLIENT_CONFIRMATION_OK"
7392,10402602986,10402603016,1,"IOTHUB_CLIENT_CONFIRMATION_OK"
7393,10402603186,10402603225,1,"IOTHUB_CLIENT_CONFIRMATION_OK"
7394,10402603386,10402603431,1,"IOTHUB_CLIENT_CONFIRMATION_OK"
7395,10402603586,10402603618,1,"IOTHUB_CLIENT_CONFIRMATION_OK"
7396,10402603786,10402603822,1,"IOTHUB_CLIENT_CONFIRMATION_OK"
7397,10402603986,10402604023,1,"IOTHUB_CLIENT_CONFIRMATION_OK"
7398,10402604187,10402604220,1,"IOTHUB_CLIENT_CONFIRMATION_OK"
7399,10402604387,10402604417,1,"IOTHUB_CLIENT_CONFIRMATION_OK"
7400,10402604587,10402604649,1,"IOTHUB_CLIENT_CONFIRMATION_OK"
7401,10402604787,10402604832,1,"IOTHUB_CLIENT_CONFIRMATION_OK"
7402,10402604987,10402605017,1,"IOTHUB_CLIENT_CONFIRMATION_OK"
7403,10402605187,10402605307,1,"IOTHUB_CLIENT_CONFIRMATION_OK"
7404,10402605387,10402605425,1,"IOTHUB_CLIENT_CONFIRMATION_OK"
7405,10402605588,10402605632,1,"IOTHUB_CLIENT_CONFIRMATION_OK"
7406,10402605788,10402605939,1,"IOTHUB_CLIENT_CONFIRMATION_OK"
7407,10402605988,10402606020,1,"IOTHUB_CLIENT_CONFIRMATION_OK"
7408,10402606188,10402606227,1,"IOTHUB_CLIENT_CONFIRMATION_OK"
7409,10402606388,10402606424,1,"IOTHUB_CLIENT_CONFIRMATION_OK"
7410,10402606588,10402606620,1,"IOTHUB_CLIENT_CONFIRMATION_OK"
7411,10402606789,10402606923,1,"IOTHUB_CLIENT_CONFIRMATION_OK"
7412,10402606989,10402607021,1,"IOTHUB_CLIENT_CONFIRMATION_OK"
7413,10402607189,10402607225,1,"IOTHUB_CLIENT_CONFIRMATION_OK"
7414,10402607389,10402607551,1,"IOTHUB_CLIENT_CONFIRMATION_OK"
7415,10402607589,10402607623,1,"IOTHUB_CLIENT_CONFIRMATION_OK"
7416,10402607789,10402607828,1,"IOTHUB_CLIENT_CONFIRMATION_OK"
7417,10402607989,10402608020,1,"IOTHUB_CLIENT_CONFIRMATION_OK"
7418,10402608190,10402608222,1,"IOTHUB_CLIENT_CONFIRMATION_OK"
7419,10402608390,10402608419,1,"IOTHUB_CLIENT_CONFIRMATION_OK"
7420,10402608590,10402608620,1,"IOTHUB_CLIENT_CONFIRMATION_OK"
7421,10402608790,10402608838,1,"IOTHUB_CLIENT_CONFIRMATION_OK"
7422,10402608990,10402609024,1,"IOTHUB_CLIENT_CONFIRMATION_OK"
7423,10402609190,10402609222,1,"IOTHUB_CLIENT_CONFIRMATION_OK"
7424,10402609391,10402609445,1,"IOTHUB_CLIENT_CONFIRMATION_OK"
7425,10402609591,10402609621,1,"IOTHUB_CLIENT_CONFIRMATION_OK"
7426,10402609791,10402609821,1,"IOTHUB_CLIENT_CONFIRMATION_OK"
7427,10402609991,10402610033,1,"IOTHUB_CLIENT_CONFIRMATION_OK"
7428,10402610191,10402610240,1,"IOTHUB_CLIENT_CONFIRMATION_OK"
7429,10402610391,10402610420,1,"IOTHUB_CLIENT_CONFIRMATION_OK"
7430,10402610592,10402610622,1,"IOTHUB_CLIENT_CONFIRMATION_OK"
7431,10402610792,10402610832,1,"IOTHUB_CLIENT_CONFIRMATION_OK"
7432,10402610992,10402611048,1,"IOTHUB_CLIENT_CONFIRMATION_OK"
7433,10402611192,10402611231,1,"IOTHUB_CLIENT_CONFIRMATION_OK"
7434,10402611392,10402611472,1,"IOTHUB_CLIENT_CONFIRMATION_OK"
7435,10402611592,10402611624,1,"IOTHUB_CLIENT_CONFIRMATION_OK"
7436,10402611792,10402611869,1,"IOTHUB_CLIENT_CONFIRMATION_OK"
7437,10402611993,10402612084,1,"IOTHUB_CLIENT_CONFIRMATION_OK"
7438,10402612193,10402612227,1,"IOTHUB_CLIENT_CONFIRMATION_OK"
7439,10402612393,10402612428,1,"IOTHUB_CLIENT_CONFIRMATION_OK"
7440,10402612593,10402612627,1,"IOTHUB_CLIENT_CONFIRMATION_OK"
7441,10402612793,10402612829,1,"IOTHUB_CLIENT_CONFIRMATION_OK"
7442,10402612994,10402613096,1,"IOTHUB_CLIENT_CONFIRMATION_OK"
7443,10402613194,10402613227,1,"IOTHUB_CLIENT_CONFIRMATION_OK"
7444,10402613394,10402613426,1,"IOTHUB_CLIENT_CONFIRMATION_OK"
7445,10402613594,10402613707,1,"IOTHUB_CLIENT_CONFIRMATION_OK"
7446,10402613794,10402613828,1,"IOTHUB_CLIENT_CONFIRMATION_OK"
7447,10402613994,10402614026,1,"IOTHUB_CLIENT_CONFIRMATION_OK"
7448,10402614194,10402614319,1,"IOTHUB_CLIENT_CONFIRMATION_OK"
7449,10402614395,10402614427,1,"IOTHUB_CLIENT_CONFIRMATION_OK"
7450,10402614595,10402614630,1,"IOTHUB_CLIENT_CONFIRMATION_OK"
7451,10402614795,10402614828,1,"IOTHUB_CLIENT_CONFIRMATION_OK"
7452,10402614995,10402615027,1,"IOTHUB_CLIENT_CONFIRMATION_OK"
7453,10402615195,10402615230,1,"IOTHUB_CLIENT_CONFIRMATION_OK"
7454,10402615395,10402615424,1,"IOTHUB_CLIENT_CONFIRMATION_OK"
7455,10402615595,10402615630,1,"IOTHUB_CLIENT_CONFIRMATION_OK"
7456,10402615796,10402615828,1,"IOTHUB_CLIENT_CONFIRMATION_OK"
7457,10402615996,10402616026,1,"IOTHUB_CLIENT_CONFIRMATION_OK"
7458,10402616196,10402616224,1,"IOTHUB_CLIENT_CONFIRMATION_OK"
7459,10402616396,10402616545,1,"IOTHUB_CLIENT_CONFIRMATION_OK"
7460,10402616596,10402616627,1,"IOTHUB_CLIENT_CONFIRMATION_OK"
7461,10402616796,10402616847,1,"IOTHUB_CLIENT_CONFIRMATION_OK"
7462,10402616997,10402617206,1,"IOTHUB_CLIENT_CONFIRMATION_OK"
7463,10402617197,10402617232,1,"IOTHUB_CLIENT_CONFIRMATION_OK"
7464,10402617397,10402617427,1,"IOTHUB_CLIENT_CONFIRMATION_OK"
7465,10402617597,10402617626,1,"IOTHUB_CLIENT_CONFIRMATION_OK"
7466,10402617797,10402617828,1,"IOTHUB_CLIENT_CONFIRMATION_OK"
7467,10402617997,10402618030,1,"IOTHUB_CLIENT_CONFIRMATION_OK"
7468,10402618197,10402618233,1,"IOTHUB_CLIENT_CONFIRMATION_OK"
7469,10402618398,10402618446,1,"IOTHUB_CLIENT_CONFIRMATION_OK"
7470,10402618598,10402618648,1,"IOTHUB_CLIENT_CONFIRMATION_OK"
7471,10402618798,10402618838,1,"IOTHUB_CLIENT_CONFIRMATION_OK"
7472,10402618998,10402619029,1,"IOTHUB_CLIENT_CONFIRMATION_OK"
7473,10402619198,10402619242,1,"IOTHUB_CLIENT_CONFIRMATION_OK"
7474,10402619398,10402619429,1,"IOTHUB_CLIENT_CONFIRMATION_OK"
7475,10402619599,10402619632,1,"IOTHUB_CLIENT_CONFIRMATION_OK"
7476,10402619799,10402619848,1,"IOTHUB_CLIENT_CONFIRMATION_OK"
7477,10402619999,10402620036,1,"IOTHUB_CLIENT_CONFIRMATION_OK"
7478,10402620199,10402620249,1,"IOTHUB_CLIENT_CONFIRMATION_OK"
7479,10402620399,10402620455,1,"IOTHUB_CLIENT_CONFIRMATION_OK"
7480,10402620599,10402620648,1,"IOTHUB_CLIENT_CONFIRMATION_OK"
7481,10402620800,10402620830,1,"IOTHUB_CLIENT_CONFIRMATION_OK"
7482,10402621000,10402621066,1,"IOTHUB_CLIENT_CONFIRMATION_OK"
7483,10402621200,10402621235,1,"IOTHUB_CLIENT_CONFIRMATION_OK"
7484,10402621400,10402621431,1,"IOTHUB_CLIENT_CONFIRMATION_OK"
7485,10402621600,10402621683,1,"IOTHUB_CLIENT_CONFIRMATION_OK"
7486,10402621800,10402621842,1,"IOTHUB_CLIENT_CONFIRMATION_OK"
7487,10402622001,10402622046,1,"IOTHUB_CLIENT_CONFIRMATION_OK"
7488,10402622201,10402622232,1,"IOTHUB_CLIENT_CONFIRMATION_OK"
7489,10402622401,10402622434,1,"IOTHUB_CLIENT_CONFIRMATION_OK"
7490,10402622601,10402622678,1,"IOTHUB_CLIENT_CONFIRMATION_OK"
7491,10402622801,10402622838,1,"IOTHUB_CLIENT_CONFIRMATION_OK"
7492,10402623001,10402623033,1,"IOTHUB_CLIENT_CONFIRMATION_OK"
7493,10402623202,10402623317,1,"IOTHUB_CLIENT_CONFIRMATION_OK"
7494,10402623402,10402623446,1,"IOTHUB_CLIENT_CONFIRMATION_OK"
7495,10402623602,10402623643,1,"IOTHUB_CLIENT_CONFIRMATION_OK"
7496,10402623802,10402623936,1,"IOTHUB_CLIENT_CONFIRMATION_OK"
7497,10402624002,10402624031,1,"IOTHUB_CLIENT_CONFIRMATION_OK"
7498,10402624202,10402624234,1,"IOTHUB_CLIENT_CONFIRMATION_OK"
7499,10402624403,10402624433,1,"IOTHUB_CLIENT_CONFIRMATION_OK"
7500,10402624603,10402624636,1,"IOTHUB_CLIENT_CONFIRMATION_OK"
7501,10402624803,10402624837,1,"IOTHUB_CLIENT_CONFIRMATION_OK"
7502,10402625003,10402625063,1,"IOTHUB_CLIENT_CONFIRMATION_OK"
7503,10402625203,10402625244,1,"IOTHUB_CLIENT_CONFIRMATION_OK"
7504,10402625403,10402625437,1,"IOTHUB_CLIENT_CONFIRMATION_OK"
7505,10402625603,10402625635,1,"IOTHUB_CLIENT_CONFIRMATION_OK"
7506,10402625804,10402625837,1,"IOTHUB_CLIENT_CONFIRMATION_OK"
7507,10402626004,10402626218,1,"IOTHUB_CLIENT_CONFIRMATION_OK"
7508,10402626204,10402626237,1,"IOTHUB_CLIENT_CONFIRMATION_OK"
7509,10402626404,10402626444,1,"IOTHUB_CLIENT_CONFIRMATION_OK"
7510,10402626604,10402626637,1,"IOTHUB_CLIENT_CONFIRMATION_OK"
7511,10402626804,10402626837,1,"IOTHUB_CLIENT_CONFIRMATION_OK"
7512,10402627005,10402627041,1,"IOTHUB_CLIENT_CONFIRMATION_OK"
7513,10402627205,10402627236,1,"IOTHUB_CLIENT_CONFIRMATION_OK"
7514,10402627405,10402627437,1,"IOTHUB_CLIENT_CONFIRMATION_OK"
7515,10402627605,10402627639,1,"IOTHUB_CLIENT_CONFIRMATION_OK"
7516,10402627805,10402627868,1,"IOTHUB_CLIENT_CONFIRMATION_OK"
7517,10402628005,10402628040,1,"IOTHUB_CLIENT_CONFIRMATION_OK"
7518,10402628206,10402628240,1,"IOTHUB_CLIENT_CONFIRMATION_OK"
7519,10402628406,10402628467,1,"IOTHUB_CLIENT_CONFIRMATION_OK"
7520,10402628606,10402628640,1,"IOTHUB_CLIENT_CONFIRMATION_OK"
7521,10402628806,10402628838,1,"IOTHUB_CLIENT_CONFIRMATION_OK"
7522,10402629006,10402629038,1,"IOTHUB_CLIENT_CONFIRMATION_OK"
7523,10402629206,10402629236,1,"IOTHUB_CLIENT_CONFIRMATION_OK"
7524,10402629406,10402629497,1,"IOTHUB_CLIENT_CONFIRMATION_OK"
7525,10402629607,10402629645,1,"IOTHUB_CLIENT_CONFIRMATION_OK"
7526,10402629807,10402629864,1,"IOTHUB_CLIENT_CONFIRMATION_OK"
7527,10402630007,10402630168,1,"IOTHUB_CLIENT_CONFIRMATION_OK"
7528,10402630207,10402630286,1,"IOTHUB_CLIENT_CONFIRMATION_OK"
7529,10402630407,10402630446,1,"IOTHUB_CLIENT_CONFIRMATION_OK"
7530,10402630607,10402630711,1,"IOTHUB_CLIENT_CONFIRMATION_OK"
7531,10402630808,10402630842,1,"IOTHUB_CLIENT_CONFIRMATION_OK"
7532,10402631008,10402631049,1,"IOTHUB_CLIENT_CONFIRMATION_OK"
7533,10402631208,10402631249,1,"IOTHUB_CLIENT_CONFIRMATION_OK"
7534,10402631408,10402631439,1,"IOTHUB_CLIENT_CONFIRMATION_OK"
7535,10402631608,10402631646,1,"IOTHUB_CLIENT_CONFIRMATION_OK"
7536,10402631808,10402631842,1,"IOTHUB_CLIENT_CONFIRMATION_OK"
7537,10402632008,10402632040,1,"IOTHUB_CLIENT_CONFIRMATION_OK"
7538,10402632209,10402632242,1,"IOTHUB_CLIENT_CONFIRMATION_OK"
7539,10402632409,10402632468,1,"IOTHUB_CLIENT_CONFIRMATION_OK"
7540,10402632609,10402632641,1,"IOTHUB_CLIENT_CONFIRMATION_OK"
7541,10402632809,10402632958,1,"IOTHUB_CLIENT_CONFIRMATION_OK"
7542,10402633009,10402633040,1,"IOTHUB_CLIENT_CONFIRMATION_OK"
7543,10402633209,10402633242,1,"IOTHUB_CLIENT_CONFIRMATION_OK"
7544,10402633410,10402633602,1,"IOTHUB_CLIENT_CONFIRMATION_OK"
7545,10402633610,10402633646,1,"IOTHUB_CLIENT_CONFIRMATION_OK"
7546,10402633810,10402634489,1,"IOTHUB_CLIENT_CONFIRMATION_OK"
7547,10402634010,10402634547,1,"IOTHUB_CLIENT_CONFIRMATION_OK"
7548,10402634210,10402634604,1,"IOTHUB_CLIENT_CONFIRMATION_OK"
7549,10402634410,10402634808,1,"IOTHUB_CLIENT_CONFIRMATION_OK"
7550,10402634611,10402634831,1,"IOTHUB_CLIENT_CONFIRMATION_OK"
7551,10402634811,10402634875,1,"IOTHUB_CLIENT_CONFIRMATION_OK"
7552,10402635011,10402635048,1,"IOTHUB_CLIENT_CONFIRMATION_OK"
7553,10402635211,10402635250,1,"IOTHUB_CLIENT_CONFIRMATION_OK"
7554,10402635411,10402635448,1,"IOTHUB_CLIENT_CONFIRMATION_OK"
7555,10402635611,10402635643,1,"IOTHUB_CLIENT_CONFIRMATION_OK"
7556,10402635811,10402635844,1,"IOTHUB_CLIENT_CONFIRMATION_OK"
7557,10402636012,10402636044,1,"IOTHUB_CLIENT_CONFIRMATION_OK"
7558,10402636212,10402636245,1,"IOTHUB_CLIENT_CONFIRMATION_OK"
7559,10402636412,10402636448,1,"IOTHUB_CLIENT_CONFIRMATION_OK"
7560,10402636612,10402636644,1,"IOTHUB_CLIENT_CONFIRMATION_OK"
7561,10402636812,10402636853,1,"IOTHUB_CLIENT_CONFIRMATION_OK"
7562,10402637012,10402637062,1,"IOTHUB_CLIENT_CONFIRMATION_OK"
7563,10402637212,10402637250,1,"IOTHUB_CLIENT_CONFIRMATION_OK"
7564,10402637413,10402637459,1,"IOTHUB_CLIENT_CONFIRMATION_OK"
7565,10402637613,10402637651,1,"IOTHUB_CLIENT_CONFIRMATION_OK"
7566,10402637813,10402637852,1,"IOTHUB_CLIENT_CONFIRMATION_OK"
7567,10402638013,10402638076,1,"IOTHUB_CLIENT_CONFIRMATION_OK"
7568,10402638213,10402638248,1,"IOTHUB_CLIENT_CONFIRMATION_OK"
7569,10402638413,10402638446,1,"IOTHUB_CLIENT_CONFIRMATION_OK"
7570,10402638614,10402638677,1,"IOTHUB_CLIENT_CONFIRMATION_OK"
7571,10402638814,10402638843,1,"IOTHUB_CLIENT_CONFIRMATION_OK"
7572,10402639014,10402639045,1,"IOTHUB_CLIENT_CONFIRMATION_OK"
7573,10402639214,10402639257,1,"IOTHUB_CLIENT_CONFIRMATION_OK"
7574,10402639414,10402639450,1,"IOTHUB_CLIENT_CONFIRMATION_OK"
7575,10402639614,10402639702,1,"IOTHUB_CLIENT_CONFIRMATION_OK"
7576,10402639814,10402639854,1,"IOTHUB_CLIENT_CONFIRMATION_OK"
7577,10402640015,10402640049,1,"IOTHUB_CLIENT_CONFIRMATION_OK"
7578,10402640215,10402640305,1,"IOTHUB_CLIENT_CONFIRMATION_OK"
7579,10402640415,10402640448,1,"IOTHUB_CLIENT_CONFIRMATION_OK"
7580,10402640615,10402640650,1,"IOTHUB_CLIENT_CONFIRMATION_OK"
7581,10402640815,10402640921,1,"IOTHUB_CLIENT_CONFIRMATION_OK"
7582,10402641015,10402641046,1,"IOTHUB_CLIENT_CONFIRMATION_OK"
7583,10402641216,10402641251,1,"IOTHUB_CLIENT_CONFIRMATION_OK"
7584,10402641416,10402641448,1,"IOTHUB_CLIENT_CONFIRMATION_OK"
7585,10402641616,10402641656,1,"IOTHUB_CLIENT_CONFIRMATION_OK"
7586,10402641816,10402641850,1,"IOTHUB_CLIENT_CONFIRMATION_OK"
7587,10402642016,10402642049,1,"IOTHUB_CLIENT_CONFIRMATION_OK"
7588,10402642216,10402642249,1,"IOTHUB_CLIENT_CONFIRMATION_OK"
7589,10402642416,10402642525,1,"IOTHUB_CLIENT_CONFIRMATION_OK"
7590,10402642617,10402642650,1,"IOTHUB_CLIENT_CONFIRMATION_OK"
7591,10402642817,10402642869,1,"IOTHUB_CLIENT_CONFIRMATION_OK"
7592,10402643017,10402643143,1,"IOTHUB_CLIENT_CONFIRMATION_OK"
7593,10402643217,10402643247,1,"IOTHUB_CLIENT_CONFIRMATION_OK"
7594,10402643417,10402643447,1,"IOTHUB_CLIENT_CONFIRMATION_OK"
7595,10402643617,10402643767,1,"IOTHUB_CLIENT_CONFIRMATION_OK"
7596,10402643818,10402643848,1,"IOTHUB_CLIENT_CONFIRMATION_OK"
7597,10402644018,10402644052,1,"IOTHUB_CLIENT_CONFIRMATION_OK"
7598,10402644218,10402644250,1,"IOTHUB_CLIENT_CONFIRMATION_OK"
7599,10402644418,10402644449,1,"IOTHUB_CLIENT_CONFIRMATION_OK"
7600,10402644618,10402644649,1,"IOTHUB_CLIENT_CONFIRMATION_OK"
7601,10402644818,10402644862,1,"IOTHUB_CLIENT_CONFIRMATION_OK"
7602,10402645018,10402645051,1,"IOTHUB_CLIENT_CONFIRMATION_OK"
7603,10402645219,10402645250,1,"IOTHUB_CLIENT_CONFIRMATION_OK"
7604,10402645419,10402645458,1,"IOTHUB_CLIENT_CONFIRMATION_OK"
7605,10402645619,10402645659,1,"IOTHUB_CLIENT_CONFIRMATION_OK"
7606,10402645819,10402646017,1,"IOTHUB_CLIENT_CONFIRMATION_OK"
7607,10402646019,10402646059,1,"IOTHUB_CLIENT_CONFIRMATION_OK"
7608,10402646219,10402646251,1,"IOTHUB_CLIENT_CONFIRMATION_OK"
7609,10402646420,10402646457,1,"IOTHUB_CLIENT_CONFIRMATION_OK"
7610,10402646620,10402646653,1,"IOTHUB_CLIENT_CONFIRMATION_OK"
7611,10402646820,10402646860,1,"IOTHUB_CLIENT_CONFIRMATION_OK"
7612,10402647020,10402647063,1,"IOTHUB_CLIENT_CONFIRMATION_OK"
7613,10402647220,10402647251,1,"IOTHUB_CLIENT_CONFIRMATION_OK"
7614,10402647420,10402647459,1,"IOTHUB_CLIENT_CONFIRMATION_OK"
7615,10402647621,10402647655,1,"IOTHUB_CLIENT_CONFIRMATION_OK"
7616,10402647821,10402647863,1,"IOTHUB_CLIENT_CONFIRMATION_OK"
7617,10402648021,10402648071,1,"IOTHUB_CLIENT_CONFIRMATION_OK"
7618,10402648221,10402648268,1,"IOTHUB_CLIENT_CONFIRMATION_OK"
7619,10402648421,10402648455,1,"IOTHUB_CLIENT_CONFIRMATION_OK"
7620,10402648621,10402648655,1,"IOTHUB_CLIENT_CONFIRMATION_OK"
7621,10402648822,10402648852,1,"IOTHUB_CLIENT_CONFIRMATION_OK"
7622,10402649022,10402649056,1,"IOTHUB_CLIENT_CONFIRMATION_OK"
7623,10402649222,10402649266,1,"IOTHUB_CLIENT_CONFIRMATION_OK"
7624,10402649422,10402649466,1,"IOTHUB_CLIENT_CONFIRMATION_OK"
7625,10402649622,10402649656,1,"IOTHUB_CLIENT_CONFIRMATION_OK"
7626,10402649822,10402649875,1,"IOTHUB_CLIENT_CONFIRMATION_OK"
7627,10402650022,10402650055,1,"IOTHUB_CLIENT_CONFIRMATION_OK"
7628,10402650223,10402650252,1,"IOTHUB_CLIENT_CONFIRMATION_OK"
7629,10402650423,10402650489,1,"IOTHUB_CLIENT_CONFIRMATION_OK"
7630,10402650623,10402650656,1,"IOTHUB_CLIENT_CONFIRMATION_OK"
7631,10402650823,10402650854,1,"IOTHUB_CLIENT_CONFIRMATION_OK"
7632,10402651023,10402651097,1,"IOTHUB_CLIENT_CONFIRMATION_OK"
7633,10402651223,10402651256,1,"IOTHUB_CLIENT_CONFIRMATION_OK"
7634,10402651424,10402651461,1,"IOTHUB_CLIENT_CONFIRMATION_OK"
7635,10402651624,10402651658,1,"IOTHUB_CLIENT_CONFIRMATION_OK"
7636,10402651824,10402651861,1,"IOTHUB_CLIENT_CONFIRMATION_OK"
7637,10402652024,10402652105,1,"IOTHUB_CLIENT_CONFIRMATION_OK"
7638,10402652224,10402652265,1,"IOTHUB_CLIENT_CONFIRMATION_OK"
7639,10402652424,10402652459,1,"IOTHUB_CLIENT_CONFIRMATION_OK"
7640,10402652624,10402652742,1,"IOTHUB_CLIENT_CONFIRMATION_OK"
7641,10402652825,10402652881,1,"IOTHUB_CLIENT_CONFIRMATION_OK"
7642,10402653025,10402653056,1,"IOTHUB_CLIENT_CONFIRMATION_OK"
7643,10402653225,10402653385,1,"IOTHUB_CLIENT_CONFIRMATION_OK"
7644,10402653425,10402653456,1,"IOTHUB_CLIENT_CONFIRMATION_OK"
7645,10402653625,10402653659,1,"IOTHUB_CLIENT_CONFIRMATION_OK"
7646,10402653825,10402653855,1,"IOTHUB_CLIENT_CONFIRMATION_OK"
7647,10402654026,10402654091,1,"IOTHUB_CLIENT_CONFIRMATION_OK"
7648,10402654226,10402654256,1,"IOTHUB_CLIENT_CONFIRMATION_OK"
7649,10402654426,10402654460,1,"IOTHUB_CLIENT_CONFIRMATION_OK"
7650,10402654626,10402654658,1,"IOTHUB_CLIENT_CONFIRMATION_OK"
7651,10402654826,10402654862,1,"IOTHUB_CLIENT_CONFIRMATION_OK"
7652,10402655026,10402655056,1,"IOTHUB_CLIENT_CONFIRMATION_OK"
7653,10402655226,10402655291,1,"IOTHUB_CLIENT_CONFIRMATION_OK"
7654,10402655427,10402655608,1,"IOTHUB_CLIENT_CONFIRMATION_OK"
7655,10402655627,10402655673,1,"IOTHUB_CLIENT_CONFIRMATION_OK"
7656,10402655827,10402655861,1,"IOTHUB_CLIENT_CONFIRMATION_OK"
7657,10402656027,10402656062,1,"IOTHUB_CLIENT_CONFIRMATION_OK"
7658,10402656227,10402656264,1,"IOTHUB_CLIENT_CONFIRMATION_OK"
7659,10402656427,10402656464,1,"IOTHUB_CLIENT_CONFIRMATION_OK"
7660,10402656627,10402656663,1,"IOTHUB_CLIENT_CONFIRMATION_OK"
7661,10402656828,10402656864,1,"IOTHUB_CLIENT_CONFIRMATION_OK"
7662,10402657028,10402657060,1,"IOTHUB_CLIENT_CONFIRMATION_OK"
7663,10402657228,10402657275,1,"IOTHUB_CLIENT_CONFIRMATION_OK"
7664,10402657428,10402657466,1,"IOTHUB_CLIENT_CONFIRMATION_OK"
7665,10402657628,10402657659,1,"IOTHUB_CLIENT_CONFIRMATION_OK"
7666,10402657828,10402657894,1,"IOTHUB_CLIENT_CONFIRMATION_OK"
7667,10402658029,10402658059,1,"IOTHUB_CLIENT_CONFIRMATION_OK"
7668,10402658229,10402658263,1,"IOTHUB_CLIENT_CONFIRMATION_OK"
7669,10402658429,10402658461,1,"IOTHUB_CLIENT_CONFIRMATION_OK"
7670,10402658629,10402658664,1,"IOTHUB_CLIENT_CONFIRMATION_OK"
7671,10402658829,10402658897,1,"IOTHUB_CLIENT_CONFIRMATION_OK"
7672,10402659029,10402659060,1,"IOTHUB_CLIENT_CONFIRMATION_OK"
7673,10402659229,10402659261,1,"IOTHUB_CLIENT_CONFIRMATION_OK"
7674,10402659430,10402659508,1,"IOTHUB_CLIENT_CONFIRMATION_OK"
7675,10402659630,10402659713,1,"IOTHUB_CLIENT_CONFIRMATION_OK"
7676,10402659830,10402659870,1,"IOTHUB_CLIENT_CONFIRMATION_OK"
7677,10402660030,10402660127,1,"IOTHUB_CLIENT_CONFIRMATION_OK"
7678,10402660230,10402660264,1,"IOTHUB_CLIENT_CONFIRMATION_OK"
7679,10402660430,10402660472,1,"IOTHUB_CLIENT_CONFIRMATION_OK"
7680,10402660631,10402660730,1,"IOTHUB_CLIENT_CONFIRMATION_OK"
7681,10402660831,10402660875,1,"IOTHUB_CLIENT_CONFIRMATION_OK"
7682,10402661031,10402661066,1,"IOTHUB_CLIENT_CONFIRMATION_OK"
7683,10402661231,10402661266,1,"IOTHUB_CLIENT_CONFIRMATION_OK"
7684,10402661431,10402661464,1,"IOTHUB_CLIENT_CONFIRMATION_OK"
7685,10402661631,10402661667,1,"IOTHUB_CLIENT_CONFIRMATION_OK"
7686,10402661831,10402661884,1,"IOTHUB_CLIENT_CONFIRMATION_OK"
7687,10402662032,10402662065,1,"IOTHUB_CLIENT_CONFIRMATION_OK"
7688,10402662232,10402662351,1,"IOTHUB_CLIENT_CONFIRMATION_OK"
7689,10402662432,10402662482,1,"IOTHUB_CLIENT_CONFIRMATION_OK"
7690,10402662632,10402662669,1,"IOTHUB_CLIENT_CONFIRMATION_OK"
7691,10402662832,10402662972,1,"IOTHUB_CLIENT_CONFIRMATION_OK"
7692,10402663032,10402663067,1,"IOTHUB_CLIENT_CONFIRMATION_OK"
7693,10402663233,10402663268,1,"IOTHUB_CLIENT_CONFIRMATION_OK"
7694,10402663433,10402663576,1,"IOTHUB_CLIENT_CONFIRMATION_OK"
7695,10402663633,10402663666,1,"IOTHUB_CLIENT_CONFIRMATION_OK"
7696,10402663833,10402663866,1,"IOTHUB_CLIENT_CONFIRMATION_OK"
7697,10402664033,10402664067,1,"IOTHUB_CLIENT_CONFIRMATION_OK"
7698,10402664233,10402664268,1,"IOTHUB_CLIENT_CONFIRMATION_OK"
7699,10402664434,10402664472,1,"IOTHUB_CLIENT_CONFIRMATION_OK"
7700,10402664634,10402664663,1,"IOTHUB_CLIENT_CONFIRMATION_OK"
7701,10402664834,10402664863,1,"IOTHUB_CLIENT_CONFIRMATION_OK"
7702,10402665034,10402665081,1,"IOTHUB_CLIENT_CONFIRMATION_OK"
7703,10402665234,10402665266,1,"IOTHUB_CLIENT_CONFIRMATION_OK"
7704,10402665434,10402665465,1,"IOTHUB_CLIENT_CONFIRMATION_OK"
7705,10402665635,10402665809,1,"IOTHUB_CLIENT_CONFIRMATION_OK"
7706,10402665835,10402665875,1,"IOTHUB_CLIENT_CONFIRMATION_OK"
7707,10402666035,10402666066,1,"IOTHUB_CLIENT_CONFIRMATION_OK"
7708,10402666235,10402666272,1,"IOTHUB_CLIENT_CONFIRMATION_OK"
7709,10402666435,10402666483,1,"IOTHUB_CLIENT_CONFIRMATION_OK"
7710,10402666635,10402666686,1,"IOTHUB_CLIENT_CONFIRMATION_OK"
7711,10402666836,10402666873,1,"IOTHUB_CLIENT_CONFIRMATION_OK"
7712,10402667036,10402667094,1,"IOTHUB_CLIENT_CONFIRMATION_OK"
7713,10402667236,10402667268,1,"IOTHUB_CLIENT_CONFIRMATION_OK"
7714,10402667436,10402667479,1,"IOTHUB_CLIENT_CONFIRMATION_OK"
7715,10402667636,10402667682,1,"IOTHUB_CLIENT_CONFIRMATION_OK"
7716,10402667836,10402667869,1,"IOTHUB_CLIENT_CONFIRMATION_OK"
7717,10402668037,10402668105,1,"IOTHUB_CLIENT_CONFIRMATION_OK"
7718,10402668237,10402668273,1,"IOTHUB_CLIENT_CONFIRMATION_OK"
7719,10402668437,10402668489,1,"IOTHUB_CLIENT_CONFIRMATION_OK"
7720,10402668637,10402668675,1,"IOTHUB_CLIENT_CONFIRMATION_OK"
7721,10402668837,10402668875,1,"IOTHUB_CLIENT_CONFIRMATION_OK"
7722,10402669037,10402669100,1,"IOTHUB_CLIENT_CONFIRMATION_OK"
7723,10402669238,10402669289,1,"IOTHUB_CLIENT_CONFIRMATION_OK"
7724,10402669438,10402669474,1,"IOTHUB_CLIENT_CONFIRMATION_OK"
7725,10402669638,10402669717,1,"IOTHUB_CLIENT_CONFIRMATION_OK"
7726,10402669838,10402669875,1,"IOTHUB_CLIENT_CONFIRMATION_OK"
7727,10402670038,10402670071,1,"IOTHUB_CLIENT_CONFIRMATION_OK"
7728,10402670238,10402670334,1,"IOTHUB_CLIENT_CONFIRMATION_OK"
7729,10402670439,10402670480,1,"IOTHUB_CLIENT_CONFIRMATION_OK"
7730,10402670639,10402670680,1,"IOTHUB_CLIENT_CONFIRMATION_OK"
7731,10402670839,10402670869,1,"IOTHUB_CLIENT_CONFIRMATION_OK"
7732,10402671039,10402671069,1,"IOTHUB_CLIENT_CONFIRMATION_OK"
7733,10402671239,10402671273,1,"IOTHUB_CLIENT_CONFIRMATION_OK"
7734,10402671439,10402671474,1,"IOTHUB_CLIENT_CONFIRMATION_OK"
7735,10402671639,10402671671,1,"IOTHUB_CLIENT_CONFIRMATION_OK"
7736,10402671840,10402671963,1,"IOTHUB_CLIENT_CONFIRMATION_OK"
7737,10402672040,10402672133,1,"IOTHUB_CLIENT_CONFIRMATION_OK"
7738,10402672240,10402672274,1,"IOTHUB_CLIENT_CONFIRMATION_OK"
7739,10402672440,10402672578,1,"IOTHUB_CLIENT_CONFIRMATION_OK"
7740,10402672640,10402672689,1,"IOTHUB_CLIENT_CONFIRMATION_OK"
7741,10402672840,10402672872,1,"IOTHUB_CLIENT_CONFIRMATION_OK"
7742,10402673041,10402673081,1,"IOTHUB_CLIENT_CONFIRMATION_OK"
7743,10402673241,10402673280,1,"IOTHUB_CLIENT_CONFIRMATION_OK"
7744,10402673441,10402673475,1,"IOTHUB_CLIENT_CONFIRMATION_OK"
7745,10402673641,10402673674,1,"IOTHUB_CLIENT_CONFIRMATION_OK"
7746,10402673841,10402673882,1,"IOTHUB_CLIENT_CONFIRMATION_OK"
7747,10402674041,10402674078,1,"IOTHUB_CLIENT_CONFIRMATION_OK"
7748,10402674241,10402674286,1,"IOTHUB_CLIENT_CONFIRMATION_OK"
7749,10402674442,10402674474,1,"IOTHUB_CLIENT_CONFIRMATION_OK"
7750,10402674642,10402674807,1,"IOTHUB_CLIENT_CONFIRMATION_OK"
7751,10402674842,10402674877,1,"IOTHUB_CLIENT_CONFIRMATION_OK"
7752,10402675042,10402675098,1,"IOTHUB_CLIENT_CONFIRMATION_OK"
7753,10402675242,10402675410,1,"IOTHUB_CLIENT_CONFIRMATION_OK"
7754,10402675442,10402675486,1,"IOTHUB_CLIENT_CONFIRMATION_OK"
7755,10402675643,10402675797,1,"IOTHUB_CLIENT_CONFIRMATION_OK"
7756,10402675843,10402675876,1,"IOTHUB_CLIENT_CONFIRMATION_OK"
7757,10402676043,10402676083,1,"IOTHUB_CLIENT_CONFIRMATION_OK"
7758,10402676243,10402676285,1,"IOTHUB_CLIENT_CONFIRMATION_OK"
7759,10402676443,10402676473,1,"IOTHUB_CLIENT_CONFIRMATION_OK"
7760,10402676643,10402676679,1,"IOTHUB_CLIENT_CONFIRMATION_OK"
7761,10402676844,10402676876,1,"IOTHUB_CLIENT_CONFIRMATION_OK"
7762,10402677044,10402677079,1,"IOTHUB_CLIENT_CONFIRMATION_OK"
7763,10402677244,10402677278,1,"IOTHUB_CLIENT_CONFIRMATION_OK"
7764,10402677444,10402677476,1,"IOTHUB_CLIENT_CONFIRMATION_OK"
7765,10402677644,10402677676,1,"IOTHUB_CLIENT_CONFIRMATION_OK"
7766,10402677844,10402677888,1,"IOTHUB_CLIENT_CONFIRMATION_OK"
7767,10402678045,10402678073,1,"IOTHUB_CLIENT_CONFIRMATION_OK"
7768,10402678245,10402678278,1,"IOTHUB_CLIENT_CONFIRMATION_OK"
7769,10402678445,10402678483,1,"IOTHUB_CLIENT_CONFIRMATION_OK"
7770,10402678645,10402678686,1,"IOTHUB_CLIENT_CONFIRMATION_OK"
7771,10402678845,10402678881,1,"IOTHUB_CLIENT_CONFIRMATION_OK"
7772,10402679045,10402679085,1,"IOTHUB_CLIENT_CONFIRMATION_OK"
7773,10402679246,10402679295,1,"IOTHUB_CLIENT_CONFIRMATION_OK"
7774,10402679446,10402679481,1,"IOTHUB_CLIENT_CONFIRMATION_OK"
7775,10402679646,10402679677,1,"IOTHUB_CLIENT_CONFIRMATION_OK"
7776,10402679846,10402679928,1,"IOTHUB_CLIENT_CONFIRMATION_OK"
7777,10402680046,10402680078,1,"IOTHUB_CLIENT_CONFIRMATION_OK"
7778,10402680246,10402680284,1,"IOTHUB_CLIENT_CONFIRMATION_OK"
7779,10402680447,10402680482,1,"IOTHUB_CLIENT_CONFIRMATION_OK"
7780,10402680647,10402680688,1,"IOTHUB_CLIENT_CONFIRMATION_OK"
7781,10402680847,10402680931,1,"IOTHUB_CLIENT_CONFIRMATION_OK"
7782,10402681047,10402681082,1,"IOTHUB_CLIENT_CONFIRMATION_OK"
7783,10402681247,10402681283,1,"IOTHUB_CLIENT_CONFIRMATION_OK"
7784,10402681447,10402681547,1,"IOTHUB_CLIENT_CONFIRMATION_OK"
7785,10402681647,10402681693,1,"IOTHUB_CLIENT_CONFIRMATION_OK"
7786,10402681848,10402681882,1,"IOTHUB_CLIENT_CONFIRMATION_OK"
7787,10402682048,10402682221,1,"IOTHUB_CLIENT_CONFIRMATION_OK"
7788,10402682248,10402682285,1,"IOTHUB_CLIENT_CONFIRMATION_OK"
7789,10402682448,10402682481,1,"IOTHUB_CLIENT_CONFIRMATION_OK"
7790,10402682648,10402682758,1,"IOTHUB_CLIENT_CONFIRMATION_OK"
7791,10402682848,10402682884,1,"IOTHUB_CLIENT_CONFIRMATION_OK"
7792,10402683049,10402683095,1,"IOTHUB_CLIENT_CONFIRMATION_OK"
7793,10402683249,10402683283,1,"IOTHUB_CLIENT_CONFIRMATION_OK"
7794,10402683449,10402683494,1,"IOTHUB_CLIENT_CONFIRMATION_OK"
7795,10402683649,10402683683,1,"IOTHUB_CLIENT_CONFIRMATION_OK"
7796,10402683849,10402683882,1,"IOTHUB_CLIENT_CONFIRMATION_OK"
7797,10402684049,10402684103,1,"IOTHUB_CLIENT_CONFIRMATION_OK"
7798,10402684250,10402684380,1,"IOTHUB_CLIENT_CONFIRMATION_OK"
7799,10402684450,10402684481,1,"IOTHUB_CLIENT_CONFIRMATION_OK"
7800,10402684650,10402684681,1,"IOTHUB_CLIENT_CONFIRMATION_OK"
7801,10402684850,10402685036,1,"IOTHUB_CLIENT_CONFIRMATION_OK"
7802,10402685050,10402685094,1,"IOTHUB_CLIENT_CONFIRMATION_OK"
7803,10402685250,10402685288,1,"IOTHUB_CLIENT_CONFIRMATION_OK"
7804,10402685451,10402685486,1,"IOTHUB_CLIENT_CONFIRMATION_OK"
7805,10402685651,10402685680,1,"IOTHUB_CLIENT_CONFIRMATION_OK"
7806,10402685851,10402685887,1,"IOTHUB_CLIENT_CONFIRMATION_OK"
7807,10402686051,10402686087,1,"IOTHUB_CLIENT_CONFIRMATION_OK"
7808,10402686251,10402686287,1,"IOTHUB_CLIENT_CONFIRMATION_OK"
7809,10402686451,10402686480,1,"IOTHUB_CLIENT_CONFIRMATION_OK"
7810,10402686652,10402686701,1,"IOTHUB_CLIENT_CONFIRMATION_OK"
7811,10402686852,10402686903,1,"IOTHUB_CLIENT_CONFIRMATION_OK"
7812,10402687052,10402687214,1,"IOTHUB_CLIENT_CONFIRMATION_OK"
7813,10402687252,10402687286,1,"IOTHUB_CLIENT_CONFIRMATION_OK"
7814,10402687452,10402687490,1,"IOTHUB_CLIENT_CONFIRMATION_OK"
7815,10402687652,10402687833,1,"IOTHUB_CLIENT_CONFIRMATION_OK"
7816,10402687853,10402687910,1,"IOTHUB_CLIENT_CONFIRMATION_OK"
7817,10402688053,10402688087,1,"IOTHUB_CLIENT_CONFIRMATION_OK"
7818,10402688253,10402688283,1,"IOTHUB_CLIENT_CONFIRMATION_OK"
7819,10402688453,10402688488,1,"IOTHUB_CLIENT_CONFIRMATION_OK"
7820,10402688653,10402688758,1,"IOTHUB_CLIENT_CONFIRMATION_OK"
7821,10402688853,10402688900,1,"IOTHUB_CLIENT_CONFIRMATION_OK"
7822,10402689054,10402689084,1,"IOTHUB_CLIENT_CONFIRMATION_OK"
7823,10402689254,10402689285,1,"IOTHUB_CLIENT_CONFIRMATION_OK"
7824,10402689454,10402689490,1,"IOTHUB_CLIENT_CONFIRMATION_OK"
7825,10402689654,10402689691,1,"IOTHUB_CLIENT_CONFIRMATION_OK"
7826,10402689854,10402689887,1,"IOTHUB_CLIENT_CONFIRMATION_OK"
7827,10402690054,10402690089,1,"IOTHUB_CLIENT_CONFIRMATION_OK"
7828,10402690255,10402690292,1,"IOTHUB_CLIENT_CONFIRMATION_OK"
7829,10402690455,10402690490,1,"IOTHUB_CLIENT_CONFIRMATION_OK"
7830,10402690655,10402690688,1,"IOTHUB_CLIENT_CONFIRMATION_OK"
7831,10402690855,10402690886,1,"IOTHUB_CLIENT_CONFIRMATION_OK"
7832,10402691055,10402691096,1,"IOTHUB_CLIENT_CONFIRMATION_OK"
7833,10402691255,10402691289,1,"IOTHUB_CLIENT_CONFIRMATION_OK"
7834,10402691455,10402691490,1,"IOTHUB_CLIENT_CONFIRMATION_OK"
7835,10402691656,10402691717,1,"IOTHUB_CLIENT_CONFIRMATION_OK"
7836,10402691856,10402691886,1,"IOTHUB_CLIENT_CONFIRMATION_OK"
7837,10402692056,10402692087,1,"IOTHUB_CLIENT_CONFIRMATION_OK"
7838,10402692256,10402692335,1,"IOTHUB_CLIENT_CONFIRMATION_OK"
7839,10402692456,10402692487,1,"IOTHUB_CLIENT_CONFIRMATION_OK"
7840,10402692656,10402692689,1,"IOTHUB_CLIENT_CONFIRMATION_OK"
7841,10402692857,10402693012,1,"IOTHUB_CLIENT_CONFIRMATION_OK"
7842,10402693057,10402693094,1,"IOTHUB_CLIENT_CONFIRMATION_OK"
7843,10402693257,10402693292,1,"IOTHUB_CLIENT_CONFIRMATION_OK"
7844,10402693457,10402693493,1,"IOTHUB_CLIENT_CONFIRMATION_OK"
7845,10402693657,10402693692,1,"IOTHUB_CLIENT_CONFIRMATION_OK"
7846,10402693857,10402693887,1,"IOTHUB_CLIENT_CONFIRMATION_OK"
7847,10402694057,10402694089,1,"IOTHUB_CLIENT_CONFIRMATION_OK"
7848,10402694258,10402694299,1,"IOTHUB_CLIENT_CONFIRMATION_OK"
7849,10402694458,10402694491,1,"IOTHUB_CLIENT_CONFIRMATION_OK"
7850,10402694658,10402694728,1,"IOTHUB_CLIENT_CONFIRMATION_OK"
7851,10402694858,10402694913,1,"IOTHUB_CLIENT_CONFIRMATION_OK"
7852,10402695058,10402695103,1,"IOTHUB_CLIENT_CONFIRMATION_OK"
7853,10402695258,10402695315,1,"IOTHUB_CLIENT_CONFIRMATION_OK"
7854,10402695459,10402695494,1,"IOTHUB_CLIENT_CONFIRMATION_OK"
7855,10402695659,10402695720,1,"IOTHUB_CLIENT_CONFIRMATION_OK"
7856,10402695859,10402695897,1,"IOTHUB_CLIENT_CONFIRMATION_OK"
7857,10402696059,10402696094,1,"IOTHUB_CLIENT_CONFIRMATION_OK"
7858,10402696259,10402696358,1,"IOTHUB_CLIENT_CONFIRMATION_OK"
7859,10402696459,10402696511,1,"IOTHUB_CLIENT_CONFIRMATION_OK"
7860,10402696659,10402696689,1,"IOTHUB_CLIENT_CONFIRMATION_OK"
7861,10402696860,10402696904,1,"IOTHUB_CLIENT_CONFIRMATION_OK"
7862,10402697060,10402697089,1,"IOTHUB_CLIENT_CONFIRMATION_OK"
7863,10402697260,10402697346,1,"IOTHUB_CLIENT_CONFIRMATION_OK"
7864,10402697460,10402697492,1,"IOTHUB_CLIENT_CONFIRMATION_OK"
7865,10402697660,10402697697,1,"IOTHUB_CLIENT_CONFIRMATION_OK"
7866,10402697860,10402697948,1,"IOTHUB_CLIENT_CONFIRMATION_OK"
7867,10402698061,10402698091,1,"IOTHUB_CLIENT_CONFIRMATION_OK"
7868,10402698261,10402698300,1,"IOTHUB_CLIENT_CONFIRMATION_OK"
7869,10402698461,10402698557,1,"IOTHUB_CLIENT_CONFIRMATION_OK"
7870,10402698661,10402698704,1,"IOTHUB_CLIENT_CONFIRMATION_OK"
7871,10402698861,10402698909,1,"IOTHUB_CLIENT_CONFIRMATION_OK"
7872,10402699061,10402699096,1,"IOTHUB_CLIENT_CONFIRMATION_OK"
7873,10402699262,10402699296,1,"IOTHUB_CLIENT_CONFIRMATION_OK"
7874,10402699462,10402699497,1,"IOTHUB_CLIENT_CONFIRMATION_OK"
7875,10402699662,10402699693,1,"IOTHUB_CLIENT_CONFIRMATION_OK"
7876,10402699862,10402699905,1,"IOTHUB_CLIENT_CONFIRMATION_OK"
7877,10402700062,10402700192,1,"IOTHUB_CLIENT_CONFIRMATION_OK"
7878,10402700262,10402700301,1,"IOTHUB_CLIENT_CONFIRMATION_OK"
7879,10402700463,10402700502,1,"IOTHUB_CLIENT_CONFIRMATION_OK"
7880,10402700663,10402700823,1,"IOTHUB_CLIENT_CONFIRMATION_OK"
7881,10402700863,10402700902,1,"IOTHUB_CLIENT_CONFIRMATION_OK"
7882,10402701063,10402701096,1,"IOTHUB_CLIENT_CONFIRMATION_OK"
7883,10402701263,10402701418,1,"IOTHUB_CLIENT_CONFIRMATION_OK"
7884,10402701463,10402701521,1,"IOTHUB_CLIENT_CONFIRMATION_OK"
7885,10402701663,10402701698,1,"IOTHUB_CLIENT_CONFIRMATION_OK"
7886,10402701864,10402701901,1,"IOTHUB_CLIENT_CONFIRMATION_OK"
7887,10402702064,10402702099,1,"IOTHUB_CLIENT_CONFIRMATION_OK"
7888,10402702264,10402702299,1,"IOTHUB_CLIENT_CONFIRMATION_OK"
7889,10402702464,10402702498,1,"IOTHUB_CLIENT_CONFIRMATION_OK"
7890,10402702664,10402702695,1,"IOTHUB_CLIENT_CONFIRMATION_OK"
7891,10402702864,10402702899,1,"IOTHUB_CLIENT_CONFIRMATION_OK"
7892,10402703065,10402703097,1,"IOTHUB_CLIENT_CONFIRMATION_OK"
7893,10402703265,10402703309,1,"IOTHUB_CLIENT_CONFIRMATION_OK"
7894,10402703465,10402703670,1,"IOTHUB_CLIENT_CONFIRMATION_OK"
7895,10402703665,10402703699,1,"IOTHUB_CLIENT_CONFIRMATION_OK"
7896,10402703865,10402703904,1,"IOTHUB_CLIENT_CONFIRMATION_OK"
7897,10402704065,10402704103,1,"IOTHUB_CLIENT_CONFIRMATION_OK"
7898,10402704266,10402704299,1,"IOTHUB_CLIENT_CONFIRMATION_OK"
7899,10402704466,10402704505,1,"IOTHUB_CLIENT_CONFIRMATION_OK"
7900,10402704666,10402704707,1,"IOTHUB_CLIENT_CONFIRMATION_OK"
7901,10402704866,10402704911,1,"IOTHUB_CLIENT_CONFIRMATION_OK"
7902,10402705066,10402705097,1,"IOTHUB_CLIENT_CONFIRMATION_OK"
7903,10402705266,10402705325,1,"IOTHUB_CLIENT_CONFIRMATION_OK"
7904,10402705466,10402705511,1,"IOTHUB_CLIENT_CONFIRMATION_OK"
7905,10402705667,10402705703,1,"IOTHUB_CLIENT_CONFIRMATION_OK"
7906,10402705867,10402705921,1,"IOTHUB_CLIENT_CONFIRMATION_OK"
7907,10402706067,10402706102,1,"IOTHUB_CLIENT_CONFIRMATION_OK"
7908,10402706267,10402706304,1,"IOTHUB_CLIENT_CONFIRMATION_OK"
7909,10402706467,10402706508,1,"IOTHUB_CLIENT_CONFIRMATION_OK"
7910,10402706667,10402706706,1,"IOTHUB_CLIENT_CONFIRMATION_OK"
7911,10402706868,10402706903,1,"IOTHUB_CLIENT_CONFIRMATION_OK"
7912,10402707068,10402707101,1,"IOTHUB_CLIENT_CONFIRMATION_OK"
7913,10402707268,10402707298,1,"IOTHUB_CLIENT_CONFIRMATION_OK"
7914,10402707468,10402707508,1,"IOTHUB_CLIENT_CONFIRMATION_OK"
7915,10402707668,10402707698,1,"IOTHUB_CLIENT_CONFIRMATION_OK"
7916,10402707868,10402707938,1,"IOTHUB_CLIENT_CONFIRMATION_OK"
7917,10402708069,10402708117,1,"IOTHUB_CLIENT_CONFIRMATION_OK"
7918,10402708269,10402708302,1,"IOTHUB_CLIENT_CONFIRMATION_OK"
7919,10402708469,10402708502,1,"IOTHUB_CLIENT_CONFIRMATION_OK"
7920,10402708669,10402708739,1,"IOTHUB_CLIENT_CONFIRMATION_OK"
7921,10402708869,10402708904,1,"IOTHUB_CLIENT_CONFIRMATION_OK"
7922,10402709069,10402709100,1,"IOTHUB_CLIENT_CONFIRMATION_OK"
7923,10402709270,10402709342,1,"IOTHUB_CLIENT_CONFIRMATION_OK"
7924,10402709470,10402709503,1,"IOTHUB_CLIENT_CONFIRMATION_OK"
7925,10402709670,10402709703,1,"IOTHUB_CLIENT_CONFIRMATION_OK"
7926,10402709870,10402709908,1,"IOTHUB_CLIENT_CONFIRMATION_OK"
7927,10402710070,10402710110,1,"IOTHUB_CLIENT_CONFIRMATION_OK"
7928,10402710270,10402710365,1,"IOTHUB_CLIENT_CONFIRMATION_OK"
7929,10402710471,10402710584,1,"IOTHUB_CLIENT_CONFIRMATION_OK"
7930,10402710671,10402710703,1,"IOTHUB_CLIENT_CONFIRMATION_OK"
7931,10402710871,10402710993,1,"IOTHUB_CLIENT_CONFIRMATION_OK"
7932,10402711071,10402711104,1,"IOTHUB_CLIENT_CONFIRMATION_OK"
7933,10402711271,10402711307,1,"IOTHUB_CLIENT_CONFIRMATION_OK"
7934,10402711471,10402711602,1,"IOTHUB_CLIENT_CONFIRMATION_OK"
7935,10402711672,10402711707,1,"IOTHUB_CLIENT_CONFIRMATION_OK"
7936,10402711872,10402711912,1,"IOTHUB_CLIENT_CONFIRMATION_OK"
7937,10402712072,10402712106,1,"IOTHUB_CLIENT_CONFIRMATION_OK"
7938,10402712272,10402712310,1,"IOTHUB_CLIENT_CONFIRMATION_OK"
7939,10402712472,10402712507,1,"IOTHUB_CLIENT_CONFIRMATION_OK"
7940,10402712673,10402712711,1,"IOTHUB_CLIENT_CONFIRMATION_OK"
7941,10402712873,10402712917,1,"IOTHUB_CLIENT_CONFIRMATION_OK"
7942,10402713073,10402713109,1,"IOTHUB_CLIENT_CONFIRMATION_OK"
7943,10402713273,10402713304,1,"IOTHUB_CLIENT_CONFIRMATION_OK"
7944,10402713473,10402713509,1,"IOTHUB_CLIENT_CONFIRMATION_OK"
7945,10402713673,10402713869,1,"IOTHUB_CLIENT_CONFIRMATION_OK"
7946,10402713873,10402713914,1,"IOTHUB_CLIENT_CONFIRMATION_OK"
7947,10402714074,10402714109,1,"IOTHUB_CLIENT_CONFIRMATION_OK"
7948,10402714274,10402714311,1,"IOTHUB_CLIENT_CONFIRMATION_OK"
7949,10402714474,10402714511,1,"IOTHUB_CLIENT_CONFIRMATION_OK"
7950,10402714674,10402714714,1,"IOTHUB_CLIENT_CONFIRMATION_OK"
7951,10402714874,10402714907,1,"IOTHUB_CLIENT_CONFIRMATION_OK"
7952,10402715074,10402715108,1,"IOTHUB_CLIENT_CONFIRMATION_OK"
7953,10402715275,10402715353,1,"IOTHUB_CLIENT_CONFIRMATION_OK"
7954,10402715475,10402715589,1,"IOTHUB_CLIENT_CONFIRMATION_OK"
7955,10402715675,10402715718,1,"IOTHUB_CLIENT_CONFIRMATION_OK"
7956,10402715875,10402715918,1,"IOTHUB_CLIENT_CONFIRMATION_OK"
7957,10402716075,10402716110,1,"IOTHUB_CLIENT_CONFIRMATION_OK"
7958,10402716275,10402716316,1,"IOTHUB_CLIENT_CONFIRMATION_OK"
7959,10402716476,10402716517,1,"IOTHUB_CLIENT_CONFIRMATION_OK"
7960,10402716676,10402716711,1,"IOTHUB_CLIENT_CONFIRMATION_OK"
7961,10402716876,10402716913,1,"IOTHUB_CLIENT_CONFIRMATION_OK"
7962,10402717076,10402717233,1,"IOTHUB_CLIENT_CONFIRMATION_OK"
7963,10402717276,10402717311,1,"IOTHUB_CLIENT_CONFIRMATION_OK"
7964,10402717476,10402717521,1,"IOTHUB_CLIENT_CONFIRMATION_OK"
7965,10402717677,10402717834,1,"IOTHUB_CLIENT_CONFIRMATION_OK"
7966,10402717877,10402717918,1,"IOTHUB_CLIENT_CONFIRMATION_OK"
7967,10402718077,10402718111,1,"IOTHUB_CLIENT_CONFIRMATION_OK"
7968,10402718277,10402718317,1,"IOTHUB_CLIENT_CONFIRMATION_OK"
7969,10402718477,10402718512,1,"IOTHUB_CLIENT_CONFIRMATION_OK"
7970,10402718677,10402718716,1,"IOTHUB_CLIENT_CONFIRMATION_OK"
7971,10402718877,10402718909,1,"IOTHUB_CLIENT_CONFIRMATION_OK"
7972,10402719078,10402719118,1,"IOTHUB_CLIENT_CONFIRMATION_OK"
7973,10402719278,10402719311,1,"IOTHUB_CLIENT_CONFIRMATION_OK"
7974,10402719478,10402719516,1,"IOTHUB_CLIENT_CONFIRMATION_OK"
7975,10402719678,10402719711,1,"IOTHUB_CLIENT_CONFIRMATION_OK"
7976,10402719878,10402719913,1,"IOTHUB_CLIENT_CONFIRMATION_OK"
7977,10402720078,10402720125,1,"IOTHUB_CLIENT_CONFIRMATION_OK"
7978,10402720279,10402720313,1,"IOTHUB_CLIENT_CONFIRMATION_OK"
7979,10402720479,10402720521,1,"IOTHUB_CLIENT_CONFIRMATION_OK"
7980,10402720679,10402720720,1,"IOTHUB_CLIENT_CONFIRMATION_OK"
7981,10402720879,10402720909,1,"IOTHUB_CLIENT_CONFIRMATION_OK"
7982,10402721079,10402721122,1,"IOTHUB_CLIENT_CONFIRMATION_OK"
7983,10402721279,10402721312,1,"IOTHUB_CLIENT_CONFIRMATION_OK"
7984,10402721480,10402721511,1,"IOTHUB_CLIENT_CONFIRMATION_OK"
7985,10402721680,10402721744,1,"IOTHUB_CLIENT_CONFIRMATION_OK"
7986,10402721880,10402721918,1,"IOTHUB_CLIENT_CONFIRMATION_OK"
7987,10402722080,10402722111,1,"IOTHUB_CLIENT_CONFIRMATION_OK"
7988,10402722280,10402722356,1,"IOTHUB_CLIENT_CONFIRMATION_OK"
7989,10402722480,10402722515,1,"IOTHUB_CLIENT_CONFIRMATION_OK"
7990,10402722681,10402722716,1,"IOTHUB_CLIENT_CONFIRMATION_OK"
7991,10402722881,10402722913,1,"IOTHUB_CLIENT_CONFIRMATION_OK"
7992,10402723081,10402723120,1,"IOTHUB_CLIENT_CONFIRMATION_OK"
7993,10402723281,10402723358,1,"IOTHUB_CLIENT_CONFIRMATION_OK"
7994,10402723481,10402723523,1,"IOTHUB_CLIENT_CONFIRMATION_OK"
7995,10402723681,10402723717,1,"IOTHUB_CLIENT_CONFIRMATION_OK"
7996,10402723881,10402723976,1,"IOTHUB_CLIENT_CONFIRMATION_OK"
7997,10402724082,10402724116,1,"IOTHUB_CLIENT_CONFIRMATION_OK"
7998,10402724282,10402724319,1,"IOTHUB_CLIENT_CONFIRMATION_OK"
7999,10402724482,10402724588,1,"IOTHUB_CLIENT_CONFIRMATION_OK"
8000,10402724682,10402724722,1,"IOTHUB_CLIENT_CONFIRMATION_OK"
8001,10402724882,10402724931,1,"IOTHUB_CLIENT_CONFIRMATION_OK"
8002,10402725082,10402725136,1,"IOTHUB_CLIENT_CONFIRMATION_OK"
8003,10402725283,10402725316,1,"IOTHUB_CLIENT_CONFIRMATION_OK"
8004,10402725483,10402725527,1,"IOTHUB_CLIENT_CONFIRMATION_OK"
8005,10402725683,10402725780,1,"IOTHUB_CLIENT_CONFIRMATION_OK"
8006,10402725883,10402725918,1,"IOTHUB_CLIENT_CONFIRMATION_OK"
8007,10402726083,10402726123,1,"IOTHUB_CLIENT_CONFIRMATION_OK"
8008,10402726283,10402726316,1,"IOTHUB_CLIENT_CONFIRMATION_OK"
8009,10402726484,10402726519,1,"IOTHUB_CLIENT_CONFIRMATION_OK"
8010,10402726684,10402726885,1,"IOTHUB_CLIENT_CONFIRMATION_OK"
8011,10402726884,10402726919,1,"IOTHUB_CLIENT_CONFIRMATION_OK"
8012,10402727084,10402727121,1,"IOTHUB_CLIENT_CONFIRMATION_OK"
8013,10402727284,10402727320,1,"IOTHUB_CLIENT_CONFIRMATION_OK"
8014,10402727484,10402727521,1,"IOTHUB_CLIENT_CONFIRMATION_OK"
8015,10402727685,10402727721,1,"IOTHUB_CLIENT_CONFIRMATION_OK"
8016,10402727885,10402727915,1,"IOTHUB_CLIENT_CONFIRMATION_OK"
8017,10402728085,10402728128,1,"IOTHUB_CLIENT_CONFIRMATION_OK"
8018,10402728285,10402728318,1,"IOTHUB_CLIENT_CONFIRMATION_OK"
8019,10402728485,10402728545,1,"IOTHUB_CLIENT_CONFIRMATION_OK"
8020,10402728685,10402728733,1,"IOTHUB_CLIENT_CONFIRMATION_OK"
8021,10402728886,10402728916,1,"IOTHUB_CLIENT_CONFIRMATION_OK"
8022,10402729086,10402729139,1,"IOTHUB_CLIENT_CONFIRMATION_OK"
8023,10402729286,10402729316,1,"IOTHUB_CLIENT_CONFIRMATION_OK"
8024,10402729486,10402729522,1,"IOTHUB_CLIENT_CONFIRMATION_OK"
8025,10402729686,10402729736,1,"IOTHUB_CLIENT_CONFIRMATION_OK"
8026,10402729886,10402729922,1,"IOTHUB_CLIENT_CONFIRMATION_OK"
8027,10402730086,10402730138,1,"IOTHUB_CLIENT_CONFIRMATION_OK"
8028,10402730287,10402730319,1,"IOTHUB_CLIENT_CONFIRMATION_OK"
8029,10402730487,10402730519,1,"IOTHUB_CLIENT_CONFIRMATION_OK"
8030,10402730687,10402730746,1,"IOTHUB_CLIENT_CONFIRMATION_OK"
8031,10402730887,10402730923,1,"IOTHUB_CLIENT_CONFIRMATION_OK"
8032,10402731087,10402731118,1,"IOTHUB_CLIENT_CONFIRMATION_OK"
8033,10402731287,10402731420,1,"IOTHUB_CLIENT_CONFIRMATION_OK"
8034,10402731488,10402731534,1,"IOTHUB_CLIENT_CONFIRMATION_OK"
8035,10402731688,10402731726,1,"IOTHUB_CLIENT_CONFIRMATION_OK"
8036,10402731888,10402731929,1,"IOTHUB_CLIENT_CONFIRMATION_OK"
8037,10402732088,10402732119,1,"IOTHUB_CLIENT_CONFIRMATION_OK"
8038,10402732288,10402732326,1,"IOTHUB_CLIENT_CONFIRMATION_OK"
8039,10402732488,10402732520,1,"IOTHUB_CLIENT_CONFIRMATION_OK"
8040,10402732689,10402732877,1,"IOTHUB_CLIENT_CONFIRMATION_OK"
8041,10402732889,10402732922,1,"IOTHUB_CLIENT_CONFIRMATION_OK"
8042,10402733089,10402733119,1,"IOTHUB_CLIENT_CONFIRMATION_OK"
8043,10402733289,10402733329,1,"IOTHUB_CLIENT_CONFIRMATION_OK"
8044,10402733489,10402733524,1,"IOTHUB_CLIENT_CONFIRMATION_OK"
8045,10402733689,10402733730,1,"IOTHUB_CLIENT_CONFIRMATION_OK"
8046,10402733890,10402733927,1,"IOTHUB_CLIENT_CONFIRMATION_OK"
8047,10402734090,10402734127,1,"IOTHUB_CLIENT_CONFIRMATION_OK"
8048,10402734290,10402734327,1,"IOTHUB_CLIENT_CONFIRMATION_OK"
8049,10402734490,10402734525,1,"IOTHUB_CLIENT_CONFIRMATION_OK"
8050,10402734690,10402734754,1,"IOTHUB_CLIENT_CONFIRMATION_OK"
8051,10402734890,10402734936,1,"IOTHUB_CLIENT_CONFIRMATION_OK"
8052,10402735091,10402735136,1,"IOTHUB_CLIENT_CONFIRMATION_OK"
8053,10402735291,10402735373,1,"IOTHUB_CLIENT_CONFIRMATION_OK"
8054,10402735491,10402735528,1,"IOTHUB_CLIENT_CONFIRMATION_OK"
8055,10402735691,10402735726,1,"IOTHUB_CLIENT_CONFIRMATION_OK"
8056,10402735891,10402735925,1,"IOTHUB_CLIENT_CONFIRMATION_OK"
8057,10402736091,10402736123,1,"IOTHUB_CLIENT_CONFIRMATION_OK"
8058,10402736291,10402736331,1,"IOTHUB_CLIENT_CONFIRMATION_OK"
8059,10402736492,10402736528,1,"IOTHUB_CLIENT_CONFIRMATION_OK"
8060,10402736692,10402736722,1,"IOTHUB_CLIENT_CONFIRMATION_OK"
8061,10402736892,10402737029,1,"IOTHUB_CLIENT_CONFIRMATION_OK"
8062,10402737092,10402737130,1,"IOTHUB_CLIENT_CONFIRMATION_OK"
8063,10402737292,10402737336,1,"IOTHUB_CLIENT_CONFIRMATION_OK"
8064,10402737492,10402737644,1,"IOTHUB_CLIENT_CONFIRMATION_OK"
8065,10402737693,10402737733,1,"IOTHUB_CLIENT_CONFIRMATION_OK"
8066,10402737893,10402737929,1,"IOTHUB_CLIENT_CONFIRMATION_OK"
8067,10402738093,10402738123,1,"IOTHUB_CLIENT_CONFIRMATION_OK"
8068,10402738293,10402738347,1,"IOTHUB_CLIENT_CONFIRMATION_OK"
8069,10402738493,10402738548,1,"IOTHUB_CLIENT_CONFIRMATION_OK"
8070,10402738693,10402738742,1,"IOTHUB_CLIENT_CONFIRMATION_OK"
8071,10402738893,10402738932,1,"IOTHUB_CLIENT_CONFIRMATION_OK"
8072,10402739094,10402739135,1,"IOTHUB_CLIENT_CONFIRMATION_OK"
8073,10402739294,10402739345,1,"IOTHUB_CLIENT_CONFIRMATION_OK"
8074,10402739494,10402739526,1,"IOTHUB_CLIENT_CONFIRMATION_OK"
8075,10402739694,10402739729,1,"IOTHUB_CLIENT_CONFIRMATION_OK"
8076,10402739894,10402739929,1,"IOTHUB_CLIENT_CONFIRMATION_OK"
8077,10402740094,10402740125,1,"IOTHUB_CLIENT_CONFIRMATION_OK"
8078,10402740294,10402740338,1,"IOTHUB_CLIENT_CONFIRMATION_OK"
8079,10402740495,10402740531,1,"IOTHUB_CLIENT_CONFIRMATION_OK"
8080,10402740695,10402740729,1,"IOTHUB_CLIENT_CONFIRMATION_OK"
8081,10402740895,10402740935,1,"IOTHUB_CLIENT_CONFIRMATION_OK"
8082,10402741095,10402741132,1,"IOTHUB_CLIENT_CONFIRMATION_OK"
8083,10402741295,10402741346,1,"IOTHUB_CLIENT_CONFIRMATION_OK"
8084,10402741495,10402741577,1,"IOTHUB_CLIENT_CONFIRMATION_OK"
8085,10402741696,10402741729,1,"IOTHUB_CLIENT_CONFIRMATION_OK"
8086,10402741896,10402741953,1,"IOTHUB_CLIENT_CONFIRMATION_OK"
8087,10402742096,10402742184,1,"IOTHUB_CLIENT_CONFIRMATION_OK"
8088,10402742296,10402742335,1,"IOTHUB_CLIENT_CONFIRMATION_OK"
8089,10402742496,10402742531,1,"IOTHUB_CLIENT_CONFIRMATION_OK"
8090,10402742696,10402742732,1,"IOTHUB_CLIENT_CONFIRMATION_OK"
8091,10402742896,10402742948,1,"IOTHUB_CLIENT_CONFIRMATION_OK"
8092,10402743097,10402743144,1,"IOTHUB_CLIENT_CONFIRMATION_OK"
8093,10402743297,10402743330,1,"IOTHUB_CLIENT_CONFIRMATION_OK"
8094,10402743497,10402743554,1,"IOTHUB_CLIENT_CONFIRMATION_OK"
8095,10402743697,10402743824,1,"IOTHUB_CLIENT_CONFIRMATION_OK"
8096,10402743897,10402743942,1,"IOTHUB_CLIENT_CONFIRMATION_OK"
8097,10402744097,10402744129,1,"IOTHUB_CLIENT_CONFIRMATION_OK"
8098,10402744298,10402744465,1,"IOTHUB_CLIENT_CONFIRMATION_OK"
8099,10402744498,10402744545,1,"IOTHUB_CLIENT_CONFIRMATION_OK"
8100,10402744698,10402744731,1,"IOTHUB_CLIENT_CONFIRMATION_OK"
8101,10402744898,10402744942,1,"IOTHUB_CLIENT_CONFIRMATION_OK"
8102,10402745098,10402745129,1,"IOTHUB_CLIENT_CONFIRMATION_OK"
8103,10402745298,10402745343,1,"IOTHUB_CLIENT_CONFIRMATION_OK"
8104,10402745498,10402745533,1,"IOTHUB_CLIENT_CONFIRMATION_OK"
8105,10402745699,10402745754,1,"IOTHUB_CLIENT_CONFIRMATION_OK"
8106,10402745899,10402745936,1,"IOTHUB_CLIENT_CONFIRMATION_OK"
8107,10402746099,10402746135,1,"IOTHUB_CLIENT_CONFIRMATION_OK"
8108,10402746299,10402746334,1,"IOTHUB_CLIENT_CONFIRMATION_OK"
8109,10402746499,10402746714,1,"IOTHUB_CLIENT_CONFIRMATION_OK"
8110,10402746699,10402746751,1,"IOTHUB_CLIENT_CONFIRMATION_OK"
8111,10402746899,10402746932,1,"IOTHUB_CLIENT_CONFIRMATION_OK"
8112,10402747100,10402747132,1,"IOTHUB_CLIENT_CONFIRMATION_OK"
8113,10402747300,10402747394,1,"IOTHUB_CLIENT_CONFIRMATION_OK"
8114,10402747500,10402747533,1,"IOTHUB_CLIENT_CONFIRMATION_OK"
8115,10402747700,10402747733,1,"IOTHUB_CLIENT_CONFIRMATION_OK"
8116,10402747900,10402747933,1,"IOTHUB_CLIENT_CONFIRMATION_OK"
8117,10402748100,10402748140,1,"IOTHUB_CLIENT_CONFIRMATION_OK"
8118,10402748301,10402748359,1,"IOTHUB_CLIENT_CONFIRMATION_OK"
8119,10402748501,10402748537,1,"IOTHUB_CLIENT_CONFIRMATION_OK"
8120,10402748701,10402748736,1,"IOTHUB_CLIENT_CONFIRMATION_OK"
8121,10402748901,10402748965,1,"IOTHUB_CLIENT_CONFIRMATION_OK"
8122,10402749101,10402749141,1,"IOTHUB_CLIENT_CONFIRMATION_OK"
8123,10402749301,10402749342,1,"IOTHUB_CLIENT_CONFIRMATION_OK"
8124,10402749501,10402749533,1,"IOTHUB_CLIENT_CONFIRMATION_OK"
8125,10402749702,10402749734,1,"IOTHUB_CLIENT_CONFIRMATION_OK"
8126,10402749902,10402749987,1,"IOTHUB_CLIENT_CONFIRMATION_OK"
8127,10402750102,10402750136,1,"IOTHUB_CLIENT_CONFIRMATION_OK"
8128,10402750302,10402750336,1,"IOTHUB_CLIENT_CONFIRMATION_OK"
8129,10402750502,10402750601,1,"IOTHUB_CLIENT_CONFIRMATION_OK"
8130,10402750702,10402750752,1,"IOTHUB_CLIENT_CONFIRMATION_OK"
8131,10402750903,10402750941,1,"IOTHUB_CLIENT_CONFIRMATION_OK"
8132,10402751103,10402751211,1,"IOTHUB_CLIENT_CONFIRMATION_OK"
8133,10402751303,10402751336,1,"IOTHUB_CLIENT_CONFIRMATION_OK"
8134,10402751503,10402751544,1,"IOTHUB_CLIENT_CONFIRMATION_OK"
8135,10402751703,10402751738,1,"IOTHUB_CLIENT_CONFIRMATION_OK"
8136,10402751903,10402751939,1,"IOTHUB_CLIENT_CONFIRMATION_OK"
8137,10402752104,10402752139,1,"IOTHUB_CLIENT_CONFIRMATION_OK"
8138,10402752304,10402752338,1,"IOTHUB_CLIENT_CONFIRMATION_OK"
8139,10402752504,10402752537,1,"IOTHUB_CLIENT_CONFIRMATION_OK"
8140,10402752704,10402752741,1,"IOTHUB_CLIENT_CONFIRMATION_OK"
8141,10402752904,10402752944,1,"IOTHUB_CLIENT_CONFIRMATION_OK"
8142,10402753104,10402753138,1,"IOTHUB_CLIENT_CONFIRMATION_OK"
8143,10402753305,10402753484,1,"IOTHUB_CLIENT_CONFIRMATION_OK"
8144,10402753505,10402753546,1,"IOTHUB_CLIENT_CONFIRMATION_OK"
8145,10402753705,10402753739,1,"IOTHUB_CLIENT_CONFIRMATION_OK"
8146,10402753905,10402754101,1,"IOTHUB_CLIENT_CONFIRMATION_OK"
8147,10402754105,10402754140,1,"IOTHUB_CLIENT_CONFIRMATION_OK"
8148,10402754305,10402754343,1,"IOTHUB_CLIENT_CONFIRMATION_OK"
8149,10402754505,10402754541,1,"IOTHUB_CLIENT_CONFIRMATION_OK"
8150,10402754706,10402754751,1,"IOTHUB_CLIENT_CONFIRMATION_OK"
8151,10402754906,10402754937,1,"IOTHUB_CLIENT_CONFIRMATION_OK"
8152,10402755106,10402755139,1,"IOTHUB_CLIENT_CONFIRMATION_OK"
8153,10402755306,10402755373,1,"IOTHUB_CLIENT_CONFIRMATION_OK"
8154,10402755506,10402755539,1,"IOTHUB_CLIENT_CONFIRMATION_OK"
8155,10402755706,10402755753,1,"IOTHUB_CLIENT_CONFIRMATION_OK"
8156,10402755907,10402755940,1,"IOTHUB_CLIENT_CONFIRMATION_OK"
8157,10402756107,10402756153,1,"IOTHUB_CLIENT_CONFIRMATION_OK"
8158,10402756307,10402756341,1,"IOTHUB_CLIENT_CONFIRMATION_OK"
8159,10402756507,10402756542,1,"IOTHUB_CLIENT_CONFIRMATION_OK"
8160,10402756707,10402756806,1,"IOTHUB_CLIENT_CONFIRMATION_OK"
8161,10402756907,10402756941,1,"IOTHUB_CLIENT_CONFIRMATION_OK"
8162,10402757107,10402757147,1,"IOTHUB_CLIENT_CONFIRMATION_OK"
8163,10402757308,10402757370,1,"IOTHUB_CLIENT_CONFIRMATION_OK"
8164,10402757508,10402757555,1,"IOTHUB_CLIENT_CONFIRMATION_OK"
8165,10402757708,10402757742,1,"IOTHUB_CLIENT_CONFIRMATION_OK"
8166,10402757908,10402757952,1,"IOTHUB_CLIENT_CONFIRMATION_OK"
8167,10402758108,10402758140,1,"IOTHUB_CLIENT_CONFIRMATION_OK"
8168,10402758308,10402758341,1,"IOTHUB_CLIENT_CONFIRMATION_OK"
8169,10402758509,10402758570,1,"IOTHUB_CLIENT_CONFIRMATION_OK"
8170,10402758709,10402758749,1,"IOTHUB_CLIENT_CONFIRMATION_OK"
8171,10402758909,10402758945,1,"IOTHUB_CLIENT_CONFIRMATION_OK"
8172,10402759109,10402759142,1,"IOTHUB_CLIENT_CONFIRMATION_OK"
8173,10402759309,10402759347,1,"IOTHUB_CLIENT_CONFIRMATION_OK"
8174,10402759509,10402759582,1,"IOTHUB_CLIENT_CONFIRMATION_OK"
8175,10402759710,10402759776,1,"IOTHUB_CLIENT_CONFIRMATION_OK"
8176,10402759910,10402759953,1,"IOTHUB_CLIENT_CONFIRMATION_OK"
8177,10402760110,10402760188,1,"IOTHUB_CLIENT_CONFIRMATION_OK"
8178,10402760310,10402760344,1,"IOTHUB_CLIENT_CONFIRMATION_OK"
8179,10402760510,10402760543,1,"IOTHUB_CLIENT_CONFIRMATION_OK"
8180,10402760710,10402760806,1,"IOTHUB_CLIENT_CONFIRMATION_OK"
8181,10402760910,10402760951,1,"IOTHUB_CLIENT_CONFIRMATION_OK"
8182,10402761111,10402761142,1,"IOTHUB_CLIENT_CONFIRMATION_OK"
8183,10402761311,10402761425,1,"IOTHUB_CLIENT_CONFIRMATION_OK"
8184,10402761511,10402761547,1,"IOTHUB_CLIENT_CONFIRMATION_OK"
8185,10402761711,10402761747,1,"IOTHUB_CLIENT_CONFIRMATION_OK"
8186,10402761911,10402761941,1,"IOTHUB_CLIENT_CONFIRMATION_OK"
8187,10402762111,10402762147,1,"IOTHUB_CLIENT_CONFIRMATION_OK"
8188,10402762311,10402762346,1,"IOTHUB_CLIENT_CONFIRMATION_OK"
8189,10402762512,10402762548,1,"IOTHUB_CLIENT_CONFIRMATION_OK"
8190,10402762712,10402762750,1,"IOTHUB_CLIENT_CONFIRMATION_OK"
8191,10402762912,10402763057,1,"IOTHUB_CLIENT_CONFIRMATION_OK"
8192,10402763112,10402763149,1,"IOTHUB_CLIENT_CONFIRMATION_OK"
8193,10402763313,10402763356,1,"IOTHUB_CLIENT_CONFIRMATION_OK"
8194,10402763513,10402763686,1,"IOTHUB_CLIENT_CONFIRMATION_OK"
8195,10402763713,10402763751,1,"IOTHUB_CLIENT_CONFIRMATION_OK"
8196,10402763913,10402763946,1,"IOTHUB_CLIENT_CONFIRMATION_OK"
8197,10402764113,10402764151,1,"IOTHUB_CLIENT_CONFIRMATION_OK"
8198,10402764313,10402764351,1,"IOTHUB_CLIENT_CONFIRMATION_OK"
8199,10402764513,10402764545,1,"IOTHUB_CLIENT_CONFIRMATION_OK"
8200,10402764714,10402764747,1,"IOTHUB_CLIENT_CONFIRMATION_OK"
8201,10402764914,10402764946,1,"IOTHUB_CLIENT_CONFIRMATION_OK"
8202,10402765114,10402765164,1,"IOTHUB_CLIENT_CONFIRMATION_OK"
8203,10402765314,10402765349,1,"IOTHUB_CLIENT_CONFIRMATION_OK"
8204,10402765514,10402765556,1,"IOTHUB_CLIENT_CONFIRMATION_OK"
8205,10402765714,10402765758,1,"IOTHUB_CLIENT_CONFIRMATION_OK"
8206,10402765915,10402765954,1,"IOTHUB_CLIENT_CONFIRMATION_OK"
8207,10402766115,10402766183,1,"IOTHUB_CLIENT_CONFIRMATION_OK"
8208,10402766315,10402766352,1,"IOTHUB_CLIENT_CONFIRMATION_OK"
8209,10402766515,10402766549,1,"IOTHUB_CLIENT_CONFIRMATION_OK"
8210,10402766715,10402766751,1,"IOTHUB_CLIENT_CONFIRMATION_OK"
8211,10402766915,10402766954,1,"IOTHUB_CLIENT_CONFIRMATION_OK"
8212,10402767115,10402767150,1,"IOTHUB_CLIENT_CONFIRMATION_OK"
8213,10402767316,10402767350,1,"IOTHUB_CLIENT_CONFIRMATION_OK"
8214,10402767516,10402767548,1,"IOTHUB_CLIENT_CONFIRMATION_OK"
8215,10402767716,10402767753,1,"IOTHUB_CLIENT_CONFIRMATION_OK"
8216,10402767916,10402767955,1,"IOTHUB_CLIENT_CONFIRMATION_OK"
8217,10402768116,10402768167,1,"IOTHUB_CLIENT_CONFIRMATION_OK"
8218,10402768316,10402768354,1,"IOTHUB_CLIENT_CONFIRMATION_OK"
8219,10402768516,10402768551,1,"IOTHUB_CLIENT_CONFIRMATION_OK"
8220,10402768717,10402768831,1,"IOTHUB_CLIENT_CONFIRMATION_OK"
8221,10402768917,10402768954,1,"IOTHUB_CLIENT_CONFIRMATION_OK"
8222,10402769117,10402769167,1,"IOTHUB_CLIENT_CONFIRMATION_OK"
8223,10402769317,10402769362,1,"IOTHUB_CLIENT_CONFIRMATION_OK"
8224,10402769517,10402769551,1,"IOTHUB_CLIENT_CONFIRMATION_OK"
8225,10402769717,10402769839,1,"IOTHUB_CLIENT_CONFIRMATION_OK"
8226,10402769918,10402769953,1,"IOTHUB_CLIENT_CONFIRMATION_OK"
8227,10402770118,10402770150,1,"IOTHUB_CLIENT_CONFIRMATION_OK"
8228,10402770318,10402770462,1,"IOTHUB_CLIENT_CONFIRMATION_OK"
8229,10402770518,10402770551,1,"IOTHUB_CLIENT_CONFIRMATION_OK"
8230,10402770718,10402770749,1,"IOTHUB_CLIENT_CONFIRMATION_OK"
8231,10402770918,10402770959,1,"IOTHUB_CLIENT_CONFIRMATION_OK"
8232,10402771119,10402771168,1,"IOTHUB_CLIENT_CONFIRMATION_OK"
8233,10402771319,10402771353,1,"IOTHUB_CLIENT_CONFIRMATION_OK"
8234,10402771519,10402771559,1,"IOTHUB_CLIENT_CONFIRMATION_OK"
8235,10402771719,10402771752,1,"IOTHUB_CLIENT_CONFIRMATION_OK"
8236,10402771919,10402771962,1,"IOTHUB_CLIENT_CONFIRMATION_OK"
8237,10402772119,10402772159,1,"IOTHUB_CLIENT_CONFIRMATION_OK"
8238,10402772319,10402772356,1,"IOTHUB_CLIENT_CONFIRMATION_OK"
8239,10402772520,10402772677,1,"IOTHUB_CLIENT_CONFIRMATION_OK"
8240,10402772720,10402772770,1,"IOTHUB_CLIENT_CONFIRMATION_OK"
8241,10402772920,10402772955,1,"IOTHUB_CLIENT_CONFIRMATION_OK"
8242,10402773120,10402773391,1,"IOTHUB_CLIENT_CONFIRMATION_OK"
8243,10402773320,10402773408,1,"IOTHUB_CLIENT_CONFIRMATION_OK"
8244,10402773520,10402773551,1,"IOTHUB_CLIENT_CONFIRMATION_OK"
8245,10402773720,10402773760,1,"IOTHUB_CLIENT_CONFIRMATION_OK"
8246,10402773921,10402773952,1,"IOTHUB_CLIENT_CONFIRMATION_OK"
8247,10402774121,10402774156,1,"IOTHUB_CLIENT_CONFIRMATION_OK"
8248,10402774321,10402774361,1,"IOTHUB_CLIENT_CONFIRMATION_OK"
8249,10402774521,10402774565,1,"IOTHUB_CLIENT_CONFIRMATION_OK"
8250,10402774721,10402774758,1,"IOTHUB_CLIENT_CONFIRMATION_OK"
8251,10402774921,10402774971,1,"IOTHUB_CLIENT_CONFIRMATION_OK"
8252,10402775122,10402775179,1,"IOTHUB_CLIENT_CONFIRMATION_OK"
8253,10402775322,10402775354,1,"IOTHUB_CLIENT_CONFIRMATION_OK"
8254,10402775522,10402775556,1,"IOTHUB_CLIENT_CONFIRMATION_OK"
8255,10402775722,10402775762,1,"IOTHUB_CLIENT_CONFIRMATION_OK"
8256,10402775922,10402775956,1,"IOTHUB_CLIENT_CONFIRMATION_OK"
8257,10402776122,10402776153,1,"IOTHUB_CLIENT_CONFIRMATION_OK"
8258,10402776323,10402776354,1,"IOTHUB_CLIENT_CONFIRMATION_OK"
8259,10402776523,10402776564,1,"IOTHUB_CLIENT_CONFIRMATION_OK"
8260,10402776723,10402776759,1,"IOTHUB_CLIENT_CONFIRMATION_OK"
8261,10402776923,10402776962,1,"IOTHUB_CLIENT_CONFIRMATION_OK"
8262,10402777123,10402777168,1,"IOTHUB_CLIENT_CONFIRMATION_OK"
8263,10402777323,10402777364,1,"IOTHUB_CLIENT_CONFIRMATION_OK"
8264,10402777523,10402777556,1,"IOTHUB_CLIENT_CONFIRMATION_OK"
8265,10402777724,10402777777,1,"IOTHUB_CLIENT_CONFIRMATION_OK"
8266,10402777924,10402777958,1,"IOTHUB_CLIENT_CONFIRMATION_OK"
8267,10402778124,10402778184,1,"IOTHUB_CLIENT_CONFIRMATION_OK"
8268,10402778324,10402778401,1,"IOTHUB_CLIENT_CONFIRMATION_OK"
8269,10402778524,10402778579,1,"IOTHUB_CLIENT_CONFIRMATION_OK"
8270,10402778724,10402778758,1,"IOTHUB_CLIENT_CONFIRMATION_OK"
8271,10402778925,10402778967,1,"IOTHUB_CLIENT_CONFIRMATION_OK"
8272,10402779125,10402779157,1,"IOTHUB_CLIENT_CONFIRMATION_OK"
8273,10402779325,10402779424,1,"IOTHUB_CLIENT_CONFIRMATION_OK"
8274,10402779525,10402779577,1,"IOTHUB_CLIENT_CONFIRMATION_OK"
8275,10402779725,10402779758,1,"IOTHUB_CLIENT_CONFIRMATION_OK"
8276,10402779925,10402780056,1,"IOTHUB_CLIENT_CONFIRMATION_OK"
8277,10402780125,10402780165,1,"IOTHUB_CLIENT_CONFIRMATION_OK"
8278,10402780326,10402780359,1,"IOTHUB_CLIENT_CONFIRMATION_OK"
8279,10402780526,10402780558,1,"IOTHUB_CLIENT_CONFIRMATION_OK"
8280,10402780726,10402780769,1,"IOTHUB_CLIENT_CONFIRMATION_OK"
8281,10402780926,10402780962,1,"IOTHUB_CLIENT_CONFIRMATION_OK"
8282,10402781126,10402781174,1,"IOTHUB_CLIENT_CONFIRMATION_OK"
8283,10402781326,10402781362,1,"IOTHUB_CLIENT_CONFIRMATION_OK"
8284,10402781527,10402781561,1,"IOTHUB_CLIENT_CONFIRMATION_OK"
8285,10402781727,10402781760,1,"IOTHUB_CLIENT_CONFIRMATION_OK"
8286,10402781927,10402781975,1,"IOTHUB_CLIENT_CONFIRMATION_OK"
8287,10402782127,10402782281,1,"IOTHUB_CLIENT_CONFIRMATION_OK"
8288,10402782327,10402782360,1,"IOTHUB_CLIENT_CONFIRMATION_OK"
8289,10402782527,10402782578,1,"IOTHUB_CLIENT_CONFIRMATION_OK"
8290,10402782727,10402782894,1,"IOTHUB_CLIENT_CONFIRMATION_OK"
8291,10402782928,10402782965,1,"IOTHUB_CLIENT_CONFIRMATION_OK"
8292,10402783128,10402783178,1,"IOTHUB_CLIENT_CONFIRMATION_OK"
8293,10402783328,10402783366,1,"IOTHUB_CLIENT_CONFIRMATION_OK"
8294,10402783528,10402783560,1,"IOTHUB_CLIENT_CONFIRMATION_OK"
8295,10402783728,10402783767,1,"IOTHUB_CLIENT_CONFIRMATION_OK"
8296,10402783928,10402783968,1,"IOTHUB_CLIENT_CONFIRMATION_OK"
8297,10402784129,10402784166,1,"IOTHUB_CLIENT_CONFIRMATION_OK"
8298,10402784329,10402784375,1,"IOTHUB_CLIENT_CONFIRMATION_OK"
8299,10402784529,10402784581,1,"IOTHUB_CLIENT_CONFIRMATION_OK"
8300,10402784729,10402784770,1,"IOTHUB_CLIENT_CONFIRMATION_OK"
8301,10402784929,10402784973,1,"IOTHUB_CLIENT_CONFIRMATION_OK"
8302,10402785129,10402785180,1,"IOTHUB_CLIENT_CONFIRMATION_OK"
8303,10402785329,10402785373,1,"IOTHUB_CLIENT_CONFIRMATION_OK"
8304,10402785530,10402785593,1,"IOTHUB_CLIENT_CONFIRMATION_OK"
8305,10402785730,10402785763,1,"IOTHUB_CLIENT_CONFIRMATION_OK"
8306,10402785930,10402785986,1,"IOTHUB_CLIENT_CONFIRMATION_OK"
8307,10402786130,10402786217,1,"IOTHUB_CLIENT_CONFIRMATION_OK"
8308,10402786330,10402786369,1,"IOTHUB_CLIENT_CONFIRMATION_OK"
8309,10402786530,10402786568,1,"IOTHUB_CLIENT_CONFIRMATION_OK"
8310,10402786731,10402786827,1,"IOTHUB_CLIENT_CONFIRMATION_OK"
8311,10402786931,10402786978,1,"IOTHUB_CLIENT_CONFIRMATION_OK"
8312,10402787131,10402787171,1,"IOTHUB_CLIENT_CONFIRMATION_OK"
8313,10402787331,10402787436,1,"IOTHUB_CLIENT_CONFIRMATION_OK"
8314,10402787531,10402787566,1,"IOTHUB_CLIENT_CONFIRMATION_OK"
8315,10402787731,10402787768,1,"IOTHUB_CLIENT_CONFIRMATION_OK"
8316,10402787931,10402787969,1,"IOTHUB_CLIENT_CONFIRMATION_OK"
8317,10402788132,10402788168,1,"IOTHUB_CLIENT_CONFIRMATION_OK"
8318,10402788332,10402788371,1,"IOTHUB_CLIENT_CONFIRMATION_OK"
8319,10402788532,10402788569,1,"IOTHUB_CLIENT_CONFIRMATION_OK"
8320,10402788732,10402788774,1,"IOTHUB_CLIENT_CONFIRMATION_OK"
8321,10402788932,10402789060,1,"IOTHUB_CLIENT_CONFIRMATION_OK"
8322,10402789132,10402789172,1,"IOTHUB_CLIENT_CONFIRMATION_OK"
8323,10402789332,10402789385,1,"IOTHUB_CLIENT_CONFIRMATION_OK"
8324,10402789533,10402789678,1,"IOTHUB_CLIENT_CONFIRMATION_OK"
8325,10402789733,10402789779,1,"IOTHUB_CLIENT_CONFIRMATION_OK"
8326,10402789933,10402789974,1,"IOTHUB_CLIENT_CONFIRMATION_OK"
8327,10402790133,10402790167,1,"IOTHUB_CLIENT_CONFIRMATION_OK"
8328,10402790333,10402790372,1,"IOTHUB_CLIENT_CONFIRMATION_OK"
8329,10402790533,10402790569,1,"IOTHUB_CLIENT_CONFIRMATION_OK"
8330,10402790733,10402790797,1,"IOTHUB_CLIENT_CONFIRMATION_OK"
8331,10402790934,10402790966,1,"IOTHUB_CLIENT_CONFIRMATION_OK"
8332,10402791134,10402791178,1,"IOTHUB_CLIENT_CONFIRMATION_OK"
8333,10402791334,10402791373,1,"IOTHUB_CLIENT_CONFIRMATION_OK"
8334,10402791534,10402791571,1,"IOTHUB_CLIENT_CONFIRMATION_OK"
8335,10402791734,10402791910,1,"IOTHUB_CLIENT_CONFIRMATION_OK"
8336,10402791934,10402791974,1,"IOTHUB_CLIENT_CONFIRMATION_OK"
8337,10402792135,10402792174,1,"IOTHUB_CLIENT_CONFIRMATION_OK"
8338,10402792335,10402792373,1,"IOTHUB_CLIENT_CONFIRMATION_OK"
8339,10402792535,10402792573,1,"IOTHUB_CLIENT_CONFIRMATION_OK"
8340,10402792735,10402792875,1,"IOTHUB_CLIENT_CONFIRMATION_OK"
8341,10402792935,10402792982,1,"IOTHUB_CLIENT_CONFIRMATION_OK"
8342,10402793135,10402793169,1,"IOTHUB_CLIENT_CONFIRMATION_OK"
8343,10402793336,10402793375,1,"IOTHUB_CLIENT_CONFIRMATION_OK"
8344,10402793536,10402793571,1,"IOTHUB_CLIENT_CONFIRMATION_OK"
8345,10402793736,10402793774,1,"IOTHUB_CLIENT_CONFIRMATION_OK"
8346,10402793936,10402793969,1,"IOTHUB_CLIENT_CONFIRMATION_OK"
8347,10402794136,10402794179,1,"IOTHUB_CLIENT_CONFIRMATION_OK"
8348,10402794336,10402794377,1,"IOTHUB_CLIENT_CONFIRMATION_OK"
8349,10402794536,10402794571,1,"IOTHUB_CLIENT_CONFIRMATION_OK"
8350,10402794737,10402794771,1,"IOTHUB_CLIENT_CONFIRMATION_OK"
8351,10402794937,10402794970,1,"IOTHUB_CLIENT_CONFIRMATION_OK"
8352,10402795137,10402795182,1,"IOTHUB_CLIENT_CONFIRMATION_OK"
8353,10402795337,10402795371,1,"IOTHUB_CLIENT_CONFIRMATION_OK"
8354,10402795537,10402795573,1,"IOTHUB_CLIENT_CONFIRMATION_OK"
8355,10402795737,10402795799,1,"IOTHUB_CLIENT_CONFIRMATION_OK"
8356,10402795938,10402795971,1,"IOTHUB_CLIENT_CONFIRMATION_OK"
8357,10402796138,10402796174,1,"IOTHUB_CLIENT_CONFIRMATION_OK"
8358,10402796338,10402796422,1,"IOTHUB_CLIENT_CONFIRMATION_OK"
8359,10402796538,10402796576,1,"IOTHUB_CLIENT_CONFIRMATION_OK"
8360,10402796738,10402796776,1,"IOTHUB_CLIENT_CONFIRMATION_OK"
8361,10402796938,10402797058,1,"IOTHUB_CLIENT_CONFIRMATION_OK"
8362,10402797138,10402797176,1,"IOTHUB_CLIENT_CONFIRMATION_OK"
8363,10402797339,10402797422,1,"IOTHUB_CLIENT_CONFIRMATION_OK"
8364,10402797539,10402797584,1,"IOTHUB_CLIENT_CONFIRMATION_OK"
8365,10402797739,10402797775,1,"IOTHUB_CLIENT_CONFIRMATION_OK"
8366,10402797939,10402798053,1,"IOTHUB_CLIENT_CONFIRMATION_OK"
8367,10402798139,10402798177,1,"IOTHUB_CLIENT_CONFIRMATION_OK"
8368,10402798339,10402798388,1,"IOTHUB_CLIENT_CONFIRMATION_OK"
8369,10402798540,10402798688,1,"IOTHUB_CLIENT_CONFIRMATION_OK"
8370,10402798740,10402798779,1,"IOTHUB_CLIENT_CONFIRMATION_OK"
8371,10402798940,10402798975,1,"IOTHUB_CLIENT_CONFIRMATION_OK"
8372,10402799140,10402799296,1,"IOTHUB_CLIENT_CONFIRMATION_OK"
8373,10402799340,10402799378,1,"IOTHUB_CLIENT_CONFIRMATION_OK"
8374,10402799540,10402799575,1,"IOTHUB_CLIENT_CONFIRMATION_OK"
8375,10402799741,10402799779,1,"IOTHUB_CLIENT_CONFIRMATION_OK"
8376,10402799941,10402799978,1,"IOTHUB_CLIENT_CONFIRMATION_OK"
8377,10402800141,10402800180,1,"IOTHUB_CLIENT_CONFIRMATION_OK"
8378,10402800341,10402800379,1,"IOTHUB_CLIENT_CONFIRMATION_OK"
8379,10402800541,10402800573,1,"IOTHUB_CLIENT_CONFIRMATION_OK"
8380,10402800741,10402800781,1,"IOTHUB_CLIENT_CONFIRMATION_OK"
8381,10402800942,10402800973,1,"IOTHUB_CLIENT_CONFIRMATION_OK"
8382,10402801142,10402801180,1,"IOTHUB_CLIENT_CONFIRMATION_OK"
8383,10402801342,10402801541,1,"IOTHUB_CLIENT_CONFIRMATION_OK"
8384,10402801542,10402801594,1,"IOTHUB_CLIENT_CONFIRMATION_OK"
8385,10402801742,10402801791,1,"IOTHUB_CLIENT_CONFIRMATION_OK"
8386,10402801942,10402801993,1,"IOTHUB_CLIENT_CONFIRMATION_OK"
8387,10402802142,10402802192,1,"IOTHUB_CLIENT_CONFIRMATION_OK"
8388,10402802343,10402802378,1,"IOTHUB_CLIENT_CONFIRMATION_OK"
8389,10402802543,10402802581,1,"IOTHUB_CLIENT_CONFIRMATION_OK"
8390,10402802743,10402802780,1,"IOTHUB_CLIENT_CONFIRMATION_OK"
8391,10402802943,10402802986,1,"IOTHUB_CLIENT_CONFIRMATION_OK"
8392,10402803143,10402803209,1,"IOTHUB_CLIENT_CONFIRMATION_OK"
8393,10402803343,10402803383,1,"IOTHUB_CLIENT_CONFIRMATION_OK"
8394,10402803544,10402803583,1,"IOTHUB_CLIENT_CONFIRMATION_OK"
8395,10402803744,10402803804,1,"IOTHUB_CLIENT_CONFIRMATION_OK"
8396,10402803944,10402803981,1,"IOTHUB_CLIENT_CONFIRMATION_OK"
8397,10402804144,10402804173,1,"IOTHUB_CLIENT_CONFIRMATION_OK"
8398,10402804344,10402804389,1,"IOTHUB_CLIENT_CONFIRMATION_OK"
8399,10402804544,10402804585,1,"IOTHUB_CLIENT_CONFIRMATION_OK"
8400,10402804745,10402804821,1,"IOTHUB_CLIENT_CONFIRMATION_OK"
8401,10402804945,10402804981,1,"IOTHUB_CLIENT_CONFIRMATION_OK"
8402,10402805145,10402805185,1,"IOTHUB_CLIENT_CONFIRMATION_OK"
8403,10402805345,10402805486,1,"IOTHUB_CLIENT_CONFIRMATION_OK"
8404,10402805545,10402805597,1,"IOTHUB_CLIENT_CONFIRMATION_OK"
8405,10402805745,10402805780,1,"IOTHUB_CLIENT_CONFIRMATION_OK"
8406,10402805945,10402805984,1,"IOTHUB_CLIENT_CONFIRMATION_OK"
8407,10402806146,10402806185,1,"IOTHUB_CLIENT_CONFIRMATION_OK"
8408,10402806346,10402806389,1,"IOTHUB_CLIENT_CONFIRMATION_OK"
8409,10402806546,10402806582,1,"IOTHUB_CLIENT_CONFIRMATION_OK"
8410,10402806746,10402806785,1,"IOTHUB_CLIENT_CONFIRMATION_OK"
8411,10402806946,10402806983,1,"IOTHUB_CLIENT_CONFIRMATION_OK"
8412,10402807146,10402807185,1,"IOTHUB_CLIENT_CONFIRMATION_OK"
8413,10402807347,10402807386,1,"IOTHUB_CLIENT_CONFIRMATION_OK"
8414,10402807547,10402807738,1,"IOTHUB_CLIENT_CONFIRMATION_OK"
8415,10402807747,10402807791,1,"IOTHUB_CLIENT_CONFIRMATION_OK"
8416,10402807947,10402807983,1,"IOTHUB_CLIENT_CONFIRMATION_OK"
8417,10402808147,10402808192,1,"IOTHUB_CLIENT_CONFIRMATION_OK"
8418,10402808347,10402808389,1,"IOTHUB_CLIENT_CONFIRMATION_OK"
8419,10402808548,10402808584,1,"IOTHUB_CLIENT_CONFIRMATION_OK"
8420,10402808748,10402808787,1,"IOTHUB_CLIENT_CONFIRMATION_OK"
8421,10402808948,10402808984,1,"IOTHUB_CLIENT_CONFIRMATION_OK"
8422,10402809148,10402809186,1,"IOTHUB_CLIENT_CONFIRMATION_OK"
8423,10402809348,10402809383,1,"IOTHUB_CLIENT_CONFIRMATION_OK"
8424,10402809548,10402809590,1,"IOTHUB_CLIENT_CONFIRMATION_OK"
8425,10402809748,10402809790,1,"IOTHUB_CLIENT_CONFIRMATION_OK"
8426,10402809949,10402810018,1,"IOTHUB_CLIENT_CONFIRMATION_OK"
8427,10402810149,10402810188,1,"IOTHUB_CLIENT_CONFIRMATION_OK"
8428,10402810349,10402810388,1,"IOTHUB_CLIENT_CONFIRMATION_OK"
8429,10402810549,10402810632,1,"IOTHUB_CLIENT_CONFIRMATION_OK"
8430,10402810749,10402810785,1,"IOTHUB_CLIENT_CONFIRMATION_OK"
8431,10402810949,10402811017,1,"IOTHUB_CLIENT_CONFIRMATION_OK"
8432,10402811150,10402811185,1,"IOTHUB_CLIENT_CONFIRMATION_OK"
8433,10402811350,10402811385,1,"IOTHUB_CLIENT_CONFIRMATION_OK"
8434,10402811550,10402811629,1,"IOTHUB_CLIENT_CONFIRMATION_OK"
8435,10402811750,10402811791,1,"IOTHUB_CLIENT_CONFIRMATION_OK"
8436,10402811950,10402811989,1,"IOTHUB_CLIENT_CONFIRMATION_OK"
8437,10402812150,10402812251,1,"IOTHUB_CLIENT_CONFIRMATION_OK"
8438,10402812351,10402812387,1,"IOTHUB_CLIENT_CONFIRMATION_OK"
8439,10402812551,10402812588,1,"IOTHUB_CLIENT_CONFIRMATION_OK"
8440,10402812751,10402812848,1,"IOTHUB_CLIENT_CONFIRMATION_OK"
8441,10402812951,10402813009,1,"IOTHUB_CLIENT_CONFIRMATION_OK"
8442,10402813151,10402813189,1,"IOTHUB_CLIENT_CONFIRMATION_OK"
8443,10402813351,10402813393,1,"IOTHUB_CLIENT_CONFIRMATION_OK"
8444,10402813551,10402813591,1,"IOTHUB_CLIENT_CONFIRMATION_OK"
8445,10402813752,10402813792,1,"IOTHUB_CLIENT_CONFIRMATION_OK"
8446,10402813952,10402813997,1,"IOTHUB_CLIENT_CONFIRMATION_OK"
8447,10402814152,10402814199,1,"IOTHUB_CLIENT_CONFIRMATION_OK"
8448,10402814352,10402814473,1,"IOTHUB_CLIENT_CONFIRMATION_OK"
8449,10402814552,10402814601,1,"IOTHUB_CLIENT_CONFIRMATION_OK"
8450,10402814752,10402814817,1,"IOTHUB_CLIENT_CONFIRMATION_OK"
8451,10402814953,10402815091,1,"IOTHUB_CLIENT_CONFIRMATION_OK"
8452,10402815153,10402815190,1,"IOTHUB_CLIENT_CONFIRMATION_OK"
8453,10402815353,10402815389,1,"IOTHUB_CLIENT_CONFIRMATION_OK"
8454,10402815553,10402815696,1,"IOTHUB_CLIENT_CONFIRMATION_OK"
8455,10402815753,10402815789,1,"IOTHUB_CLIENT_CONFIRMATION_OK"
8456,10402815953,10402815998,1,"IOTHUB_CLIENT_CONFIRMATION_OK"
8457,10402816154,10402816184,1,"IOTHUB_CLIENT_CONFIRMATION_OK"
8458,10402816354,10402816390,1,"IOTHUB_CLIENT_CONFIRMATION_OK"
8459,10402816554,10402816589,1,"IOTHUB_CLIENT_CONFIRMATION_OK"
8460,10402816754,10402816803,1,"IOTHUB_CLIENT_CONFIRMATION_OK"
8461,10402816954,10402816995,1,"IOTHUB_CLIENT_CONFIRMATION_OK"
8462,10402817154,10402817212,1,"IOTHUB_CLIENT_CONFIRMATION_OK"
8463,10402817354,10402817396,1,"IOTHUB_CLIENT_CONFIRMATION_OK"
8464,10402817555,10402817588,1,"IOTHUB_CLIENT_CONFIRMATION_OK"
8465,10402817755,10402817807,1,"IOTHUB_CLIENT_CONFIRMATION_OK"
8466,10402817955,10402817987,1,"IOTHUB_CLIENT_CONFIRMATION_OK"
8467,10402818155,10402818226,1,"IOTHUB_CLIENT_CONFIRMATION_OK"
8468,10402818355,10402818423,1,"IOTHUB_CLIENT_CONFIRMATION_OK"
8469,10402818555,10402818596,1,"IOTHUB_CLIENT_CONFIRMATION_OK"
8470,10402818755,10402818813,1,"IOTHUB_CLIENT_CONFIRMATION_OK"
8471,10402818956,10402819037,1,"IOTHUB_CLIENT_CONFIRMATION_OK"
8472,10402819156,10402819208,1,"IOTHUB_CLIENT_CONFIRMATION_OK"
8473,10402819356,10402819396,1,"IOTHUB_CLIENT_CONFIRMATION_OK"
8474,10402819556,10402819682,1,"IOTHUB_CLIENT_CONFIRMATION_OK"
8475,10402819756,10402819793,1,"IOTHUB_CLIENT_CONFIRMATION_OK"
8476,10402819956,10402819999,1,"IOTHUB_CLIENT_CONFIRMATION_OK"
8477,10402820157,10402820200,1,"IOTHUB_CLIENT_CONFIRMATION_OK"
8478,10402820357,10402820393,1,"IOTHUB_CLIENT_CONFIRMATION_OK"
8479,10402820557,10402820601,1,"IOTHUB_CLIENT_CONFIRMATION_OK"
8480,10402820757,10402820801,1,"IOTHUB_CLIENT_CONFIRMATION_OK"
8481,10402820957,10402821007,1,"IOTHUB_CLIENT_CONFIRMATION_OK"
8482,10402821157,10402821265,1,"IOTHUB_CLIENT_CONFIRMATION_OK"
8483,10402821358,10402821398,1,"IOTHUB_CLIENT_CONFIRMATION_OK"
8484,10402821558,10402821596,1,"IOTHUB_CLIENT_CONFIRMATION_OK"
8485,10402821758,10402821875,1,"IOTHUB_CLIENT_CONFIRMATION_OK"
8486,10402821958,10402821988,1,"IOTHUB_CLIENT_CONFIRMATION_OK"
8487,10402822158,10402822198,1,"IOTHUB_CLIENT_CONFIRMATION_OK"
8488,10402822358,10402822490,1,"IOTHUB_CLIENT_CONFIRMATION_OK"
8489,10402822559,10402822681,1,"IOTHUB_CLIENT_CONFIRMATION_OK"
8490,10402822759,10402822797,1,"IOTHUB_CLIENT_CONFIRMATION_OK"
8491,10402822959,10402822996,1,"IOTHUB_CLIENT_CONFIRMATION_OK"
8492,10402823159,10402823195,1,"IOTHUB_CLIENT_CONFIRMATION_OK"
8493,10402823359,10402823396,1,"IOTHUB_CLIENT_CONFIRMATION_OK"
8494,10402823559,10402823603,1,"IOTHUB_CLIENT_CONFIRMATION_OK"
8495,10402823759,10402823796,1,"IOTHUB_CLIENT_CONFIRMATION_OK"
8496,10402823960,10402823996,1,"IOTHUB_CLIENT_CONFIRMATION_OK"
8497,10402824160,10402824200,1,"IOTHUB_CLIENT_CONFIRMATION_OK"
8498,10402824360,10402824399,1,"IOTHUB_CLIENT_CONFIRMATION_OK"
8499,10402824560,10402824752,1,"IOTHUB_CLIENT_CONFIRMATION_OK"
8500,10402824760,10402824797,1,"IOTHUB_CLIENT_CONFIRMATION_OK"
8501,10402824960,10402824996,1,"IOTHUB_CLIENT_CONFIRMATION_OK"
8502,10402825161,10402825227,1,"IOTHUB_CLIENT_CONFIRMATION_OK"
8503,10402825361,10402825398,1,"IOTHUB_CLIENT_CONFIRMATION_OK"
8504,10402825561,10402825598,1,"IOTHUB_CLIENT_CONFIRMATION_OK"
8505,10402825761,10402825797,1,"IOTHUB_CLIENT_CONFIRMATION_OK"
8506,10402825961,10402825998,1,"IOTHUB_CLIENT_CONFIRMATION_OK"
8507,10402826161,10402826200,1,"IOTHUB_CLIENT_CONFIRMATION_OK"
8508,10402826362,10402826404,1,"IOTHUB_CLIENT_CONFIRMATION_OK"
8509,10402826562,10402826607,1,"IOTHUB_CLIENT_CONFIRMATION_OK"
8510,10402826762,10402826799,1,"IOTHUB_CLIENT_CONFIRMATION_OK"
8511,10402826962,10402827018,1,"IOTHUB_CLIENT_CONFIRMATION_OK"
8512,10402827162,10402827201,1,"IOTHUB_CLIENT_CONFIRMATION_OK"
8513,10402827362,10402827424,1,"IOTHUB_CLIENT_CONFIRMATION_OK"
8514,10402827563,10402827614,1,"IOTHUB_CLIENT_CONFIRMATION_OK"
8515,10402827763,10402827799,1,"IOTHUB_CLIENT_CONFIRMATION_OK"
8516,10402827963,10402828036,1,"IOTHUB_CLIENT_CONFIRMATION_OK"
8517,10402828163,10402828202,1,"IOTHUB_CLIENT_CONFIRMATION_OK"
8518,10402828363,10402828401,1,"IOTHUB_CLIENT_CONFIRMATION_OK"
8519,10402828563,10402828667,1,"IOTHUB_CLIENT_CONFIRMATION_OK"
8520,10402828763,10402828799,1,"IOTHUB_CLIENT_CONFIRMATION_OK"
8521,10402828964,10402829001,1,"IOTHUB_CLIENT_CONFIRMATION_OK"
8522,10402829164,10402829261,1,"IOTHUB_CLIENT_CONFIRMATION_OK"
8523,10402829364,10402829434,1,"IOTHUB_CLIENT_CONFIRMATION_OK"
8524,10402829564,10402829603,1,"IOTHUB_CLIENT_CONFIRMATION_OK"
8525,10402829764,10402829805,1,"IOTHUB_CLIENT_CONFIRMATION_OK"
8526,10402829964,10402830001,1,"IOTHUB_CLIENT_CONFIRMATION_OK"
8527,10402830165,10402830202,1,"IOTHUB_CLIENT_CONFIRMATION_OK"
8528,10402830365,10402830402,1,"IOTHUB_CLIENT_CONFIRMATION_OK"
8529,10402830565,10402830601,1,"IOTHUB_CLIENT_CONFIRMATION_OK"
8530,10402830765,10402830874,1,"IOTHUB_CLIENT_CONFIRMATION_OK"
8531,10402830965,10402831004,1,"IOTHUB_CLIENT_CONFIRMATION_OK"
8532,10402831165,10402831199,1,"IOTHUB_CLIENT_CONFIRMATION_OK"
8533,10402831365,10402831486,1,"IOTHUB_CLIENT_CONFIRMATION_OK"
8534,10402831566,10402831615,1,"IOTHUB_CLIENT_CONFIRMATION_OK"
8535,10402831766,10402831801,1,"IOTHUB_CLIENT_CONFIRMATION_OK"
8536,10402831966,10402832098,1,"IOTHUB_CLIENT_CONFIRMATION_OK"
8537,10402832166,10402832220,1,"IOTHUB_CLIENT_CONFIRMATION_OK"
8538,10402832366,10402832396,1,"IOTHUB_CLIENT_CONFIRMATION_OK"
8539,10402832566,10402832606,1,"IOTHUB_CLIENT_CONFIRMATION_OK"
8540,10402832766,10402832799,1,"IOTHUB_CLIENT_CONFIRMATION_OK"
8541,10402832967,10402832998,1,"IOTHUB_CLIENT_CONFIRMATION_OK"
8542,10402833167,10402833207,1,"IOTHUB_CLIENT_CONFIRMATION_OK"
8543,10402833367,10402833405,1,"IOTHUB_CLIENT_CONFIRMATION_OK"
8544,10402833567,10402833606,1,"IOTHUB_CLIENT_CONFIRMATION_OK"
8545,10402833767,10402833805,1,"IOTHUB_CLIENT_CONFIRMATION_OK"
8546,10402833967,10402834006,1,"IOTHUB_CLIENT_CONFIRMATION_OK"
8547,10402834168,10402834331,1,"IOTHUB_CLIENT_CONFIRMATION_OK"
8548,10402834368,10402834409,1,"IOTHUB_CLIENT_CONFIRMATION_OK"
8549,10402834568,10402834616,1,"IOTHUB_CLIENT_CONFIRMATION_OK"
8550,10402834768,10402834959,1,"IOTHUB_CLIENT_CONFIRMATION_OK"
8551,10402834968,10402835004,1,"IOTHUB_CLIENT_CONFIRMATION_OK"
8552,10402835168,10402835203,1,"IOTHUB_CLIENT_CONFIRMATION_OK"
8553,10402835369,10402835406,1,"IOTHUB_CLIENT_CONFIRMATION_OK"
8554,10402835569,10402835606,1,"IOTHUB_CLIENT_CONFIRMATION_OK"
8555,10402835769,10402835800,1,"IOTHUB_CLIENT_CONFIRMATION_OK"
8556,10402835969,10402836000,1,"IOTHUB_CLIENT_CONFIRMATION_OK"
8557,10402836169,10402836207,1,"IOTHUB_CLIENT_CONFIRMATION_OK"
8558,10402836369,10402836400,1,"IOTHUB_CLIENT_CONFIRMATION_OK"
8559,10402836569,10402836612,1,"IOTHUB_CLIENT_CONFIRMATION_OK"
8560,10402836770,10402836800,1,"IOTHUB_CLIENT_CONFIRMATION_OK"
8561,10402836970,10402837010,1,"IOTHUB_CLIENT_CONFIRMATION_OK"
8562,10402837170,10402837208,1,"IOTHUB_CLIENT_CONFIRMATION_OK"
8563,10402837370,10402837407,1,"IOTHUB_CLIENT_CONFIRMATION_OK"
8564,10402837570,10402837610,1,"IOTHUB_CLIENT_CONFIRMATION_OK"
8565,10402837770,10402837803,1,"IOTHUB_CLIENT_CONFIRMATION_OK"
8566,10402837971,10402838000,1,"IOTHUB_CLIENT_CONFIRMATION_OK"
8567,10402838171,10402838234,1,"IOTHUB_CLIENT_CONFIRMATION_OK"
8568,10402838371,10402838409,1,"IOTHUB_CLIENT_CONFIRMATION_OK"
8569,10402838571,10402838600,1,"IOTHUB_CLIENT_CONFIRMATION_OK"
8570,10402838771,10402838832,1,"IOTHUB_CLIENT_CONFIRMATION_OK"
8571,10402838971,10402839020,1,"IOTHUB_CLIENT_CONFIRMATION_OK"
8572,10402839172,10402839208,1,"IOTHUB_CLIENT_CONFIRMATION_OK"
8573,10402839372,10402839443,1,"IOTHUB_CLIENT_CONFIRMATION_OK"
8574,10402839572,10402839601,1,"IOTHUB_CLIENT_CONFIRMATION_OK"
8575,10402839772,10402839802,1,"IOTHUB_CLIENT_CONFIRMATION_OK"
8576,10402839972,10402840073,1,"IOTHUB_CLIENT_CONFIRMATION_OK"
8577,10402840172,10402840227,1,"IOTHUB_CLIENT_CONFIRMATION_OK"
8578,10402840373,10402840484,1,"IOTHUB_CLIENT_CONFIRMATION_OK"
8579,10402840573,10402840612,1,"IOTHUB_CLIENT_CONFIRMATION_OK"
8580,10402840773,10402840807,1,"IOTHUB_CLIENT_CONFIRMATION_OK"
8581,10402840973,10402841097,1,"IOTHUB_CLIENT_CONFIRMATION_OK"
8582,10402841173,10402841239,1,"IOTHUB_CLIENT_CONFIRMATION_OK"
8583,10402841373,10402841412,1,"IOTHUB_CLIENT_CONFIRMATION_OK"
8584,10402841573,10402841709,1,"IOTHUB_CLIENT_CONFIRMATION_OK"
8585,10402841774,10402841808,1,"IOTHUB_CLIENT_CONFIRMATION_OK"
8586,10402841974,10402842009,1,"IOTHUB_CLIENT_CONFIRMATION_OK"
8587,10402842174,10402842206,1,"IOTHUB_CLIENT_CONFIRMATION_OK"
8588,10402842374,10402842481,1,"IOTHUB_CLIENT_CONFIRMATION_OK"
8589,10402842574,10402842607,1,"IOTHUB_CLIENT_CONFIRMATION_OK"
8590,10402842774,10402842811,1,"IOTHUB_CLIENT_CONFIRMATION_OK"
8591,10402842975,10402843013,1,"IOTHUB_CLIENT_CONFIRMATION_OK"
8592,10402843175,10402843217,1,"IOTHUB_CLIENT_CONFIRMATION_OK"
8593,10402843375,10402843406,1,"IOTHUB_CLIENT_CONFIRMATION_OK"
8594,10402843575,10402843615,1,"IOTHUB_CLIENT_CONFIRMATION_OK"
8595,10402843775,10402843939,1,"IOTHUB_CLIENT_CONFIRMATION_OK"
8596,10402843975,10402844004,1,"IOTHUB_CLIENT_CONFIRMATION_OK"
8597,10402844175,10402844224,1,"IOTHUB_CLIENT_CONFIRMATION_OK"
8598,10402844376,10402844531,1,"IOTHUB_CLIENT_CONFIRMATION_OK"
8599,10402844576,10402844615,1,"IOTHUB_CLIENT_CONFIRMATION_OK"
8600,10402844776,10402844811,1,"IOTHUB_CLIENT_CONFIRMATION_OK"
8601,10402844976,10402845015,1,"IOTHUB_CLIENT_CONFIRMATION_OK"
8602,10402845176,10402845269,1,"IOTHUB_CLIENT_CONFIRMATION_OK"
8603,10402845376,10402845425,1,"IOTHUB_CLIENT_CONFIRMATION_OK"
8604,10402845577,10402845610,1,"IOTHUB_CLIENT_CONFIRMATION_OK"
8605,10402845777,10402845804,1,"IOTHUB_CLIENT_CONFIRMATION_OK"
8606,10402845977,10402846015,1,"IOTHUB_CLIENT_CONFIRMATION_OK"
8607,10402846177,10402846207,1,"IOTHUB_CLIENT_CONFIRMATION_OK"
8608,10402846377,10402846412,1,"IOTHUB_CLIENT_CONFIRMATION_OK"
8609,10402846577,10402846617,1,"IOTHUB_CLIENT_CONFIRMATION_OK"
8610,10402846777,10402846819,1,"IOTHUB_CLIENT_CONFIRMATION_OK"
8611,10402846978,10402847007,1,"IOTHUB_CLIENT_CONFIRMATION_OK"
8612,10402847178,10402847209,1,"IOTHUB_CLIENT_CONFIRMATION_OK"
8613,10402847378,10402847415,1,"IOTHUB_CLIENT_CONFIRMATION_OK"
8614,10402847578,10402847615,1,"IOTHUB_CLIENT_CONFIRMATION_OK"
8615,10402847778,10402847818,1,"IOTHUB_CLIENT_CONFIRMATION_OK"
8616,10402847978,10402848020,1,"IOTHUB_CLIENT_CONFIRMATION_OK"
8617,10402848179,10402848218,1,"IOTHUB_CLIENT_CONFIRMATION_OK"
8618,10402848379,10402848444,1,"IOTHUB_CLIENT_CONFIRMATION_OK"
8619,10402848579,10402848609,1,"IOTHUB_CLIENT_CONFIRMATION_OK"
8620,10402848779,10402848809,1,"IOTHUB_CLIENT_CONFIRMATION_OK"
8621,10402848979,10402849067,1,"IOTHUB_CLIENT_CONFIRMATION_OK"
8622,10402849179,10402849211,1,"IOTHUB_CLIENT_CONFIRMATION_OK"
8623,10402849379,10402849411,1,"IOTHUB_CLIENT_CONFIRMATION_OK"
8624,10402849580,10402849609,1,"IOTHUB_CLIENT_CONFIRMATION_OK"
8625,10402849780,10402849810,1,"IOTHUB_CLIENT_CONFIRMATION_OK"
8626,10402849980,10402850008,1,"IOTHUB_CLIENT_CONFIRMATION_OK"
8627,10402850180,10402850212,1,"IOTHUB_CLIENT_CONFIRMATION_OK"
8628,10402850380,10402850418,1,"IOTHUB_CLIENT_CONFIRMATION_OK"
8629,10402850580,10402850688,1,"IOTHUB_CLIENT_CONFIRMATION_OK"
8630,10402850781,10402850811,1,"IOTHUB_CLIENT_CONFIRMATION_OK"
8631,10402850981,10402851023,1,"IOTHUB_CLIENT_CONFIRMATION_OK"
8632,10402851181,10402851304,1,"IOTHUB_CLIENT_CONFIRMATION_OK"
8633,10402851381,10402851414,1,"IOTHUB_CLIENT_CONFIRMATION_OK"
8634,10402851581,10402851621,1,"IOTHUB_CLIENT_CONFIRMATION_OK"
8635,10402851781,10402851812,1,"IOTHUB_CLIENT_CONFIRMATION_OK"
8636,10402851981,10402852026,1,"IOTHUB_CLIENT_CONFIRMATION_OK"
8637,10402852182,10402852225,1,"IOTHUB_CLIENT_CONFIRMATION_OK"
8638,10402852382,10402852411,1,"IOTHUB_CLIENT_CONFIRMATION_OK"
8639,10402852582,10402852613,1,"IOTHUB_CLIENT_CONFIRMATION_OK"
8640,10402852782,10402852814,1,"IOTHUB_CLIENT_CONFIRMATION_OK"
8641,10402852982,10402853018,1,"IOTHUB_CLIENT_CONFIRMATION_OK"
8642,10402853182,10402853316,1,"IOTHUB_CLIENT_CONFIRMATION_OK"
8643,10402853383,10402853526,1,"IOTHUB_CLIENT_CONFIRMATION_OK"
8644,10402853583,10402853624,1,"IOTHUB_CLIENT_CONFIRMATION_OK"
8645,10402853783,10402853813,1,"IOTHUB_CLIENT_CONFIRMATION_OK"
8646,10402853983,10402854144,1,"IOTHUB_CLIENT_CONFIRMATION_OK"
8647,10402854183,10402854216,1,"IOTHUB_CLIENT_CONFIRMATION_OK"
8648,10402854383,10402854438,1,"IOTHUB_CLIENT_CONFIRMATION_OK"
8649,10402854583,10402854614,1,"IOTHUB_CLIENT_CONFIRMATION_OK"
8650,10402854784,10402854824,1,"IOTHUB_CLIENT_CONFIRMATION_OK"
8651,10402854984,10402855014,1,"IOTHUB_CLIENT_CONFIRMATION_OK"
8652,10402855184,10402855243,1,"IOTHUB_CLIENT_CONFIRMATION_OK"
8653,10402855384,10402855430,1,"IOTHUB_CLIENT_CONFIRMATION_OK"
8654,10402855584,10402855614,1,"IOTHUB_CLIENT_CONFIRMATION_OK"
8655,10402855784,10402855815,1,"IOTHUB_CLIENT_CONFIRMATION_OK"
8656,10402855985,10402856023,1,"IOTHUB_CLIENT_CONFIRMATION_OK"
8657,10402856185,10402856217,1,"IOTHUB_CLIENT_CONFIRMATION_OK"
8658,10402856385,10402856430,1,"IOTHUB_CLIENT_CONFIRMATION_OK"
8659,10402856585,10402856615,1,"IOTHUB_CLIENT_CONFIRMATION_OK"
8660,10402856785,10402856990,1,"IOTHUB_CLIENT_CONFIRMATION_OK"
8661,10402856985,10402857118,1,"IOTHUB_CLIENT_CONFIRMATION_OK"
8662,10402857185,10402857221,1,"IOTHUB_CLIENT_CONFIRMATION_OK"
8663,10402857386,10402857420,1,"IOTHUB_CLIENT_CONFIRMATION_OK"
8664,10402857586,10402857625,1,"IOTHUB_CLIENT_CONFIRMATION_OK"
8665,10402857786,10402857817,1,"IOTHUB_CLIENT_CONFIRMATION_OK"
8666,10402857986,10402858014,1,"IOTHUB_CLIENT_CONFIRMATION_OK"
8667,10402858186,10402858218,1,"IOTHUB_CLIENT_CONFIRMATION_OK"
8668,10402858386,10402858429,1,"IOTHUB_CLIENT_CONFIRMATION_OK"
8669,10402858587,10402858628,1,"IOTHUB_CLIENT_CONFIRMATION_OK"
8670,10402858787,10402858824,1,"IOTHUB_CLIENT_CONFIRMATION_OK"
8671,10402858987,10402859015,1,"IOTHUB_CLIENT_CONFIRMATION_OK"
8672,10402859187,10402859239,1,"IOTHUB_CLIENT_CONFIRMATION_OK"
8673,10402859387,10402859436,1,"IOTHUB_CLIENT_CONFIRMATION_OK"
8674,10402859587,10402859628,1,"IOTHUB_CLIENT_CONFIRMATION_OK"
8675,10402859787,10402859841,1,"IOTHUB_CLIENT_CONFIRMATION_OK"
8676,10402859988,10402860016,1,"IOTHUB_CLIENT_CONFIRMATION_OK"
8677,10402860188,10402860238,1,"IOTHUB_CLIENT_CONFIRMATION_OK"
8678,10402860388,10402860428,1,"IOTHUB_CLIENT_CONFIRMATION_OK"
8679,10402860588,10402860618,1,"IOTHUB_CLIENT_CONFIRMATION_OK"
8680,10402860788,10402860851,1,"IOTHUB_CLIENT_CONFIRMATION_OK"
8681,10402860988,10402861018,1,"IOTHUB_CLIENT_CONFIRMATION_OK"
8682,10402861189,10402861249,1,"IOTHUB_CLIENT_CONFIRMATION_OK"
8683,10402861389,10402861481,1,"IOTHUB_CLIENT_CONFIRMATION_OK"
8684,10402861589,10402861621,1,"IOTHUB_CLIENT_CONFIRMATION_OK"
8685,10402861789,10402861831,1,"IOTHUB_CLIENT_CONFIRMATION_OK"
8686,10402861989,10402862020,1,"IOTHUB_CLIENT_CONFIRMATION_OK"
8687,10402862189,10402862227,1,"IOTHUB_CLIENT_CONFIRMATION_OK"
8688,10402862390,10402862418,1,"IOTHUB_CLIENT_CONFIRMATION_OK"
8689,10402862590,10402862626,1,"IOTHUB_CLIENT_CONFIRMATION_OK"
8690,10402862790,10402862865,1,"IOTHUB_CLIENT_CONFIRMATION_OK"
8691,10402862990,10402863098,1,"IOTHUB_CLIENT_CONFIRMATION_OK"
8692,10402863190,10402863220,1,"IOTHUB_CLIENT_CONFIRMATION_OK"
8693,10402863390,10402863419,1,"IOTHUB_CLIENT_CONFIRMATION_OK"
8694,10402863590,10402863705,1,"IOTHUB_CLIENT_CONFIRMATION_OK"
8695,10402863791,10402863822,1,"IOTHUB_CLIENT_CONFIRMATION_OK"
8696,10402863991,10402864020,1,"IOTHUB_CLIENT_CONFIRMATION_OK"
8697,10402864191,10402864316,1,"IOTHUB_CLIENT_CONFIRMATION_OK"
8698,10402864391,10402864421,1,"IOTHUB_CLIENT_CONFIRMATION_OK"
8699,10402864591,10402864629,1,"IOTHUB_CLIENT_CONFIRMATION_OK"
8700,10402864791,10402864821,1,"IOTHUB_CLIENT_CONFIRMATION_OK"
8701,10402864992,10402865027,1,"IOTHUB_CLIENT_CONFIRMATION_OK"
8702,10402865192,10402865228,1,"IOTHUB_CLIENT_CONFIRMATION_OK"
8703,10402865392,10402865421,1,"IOTHUB_CLIENT_CONFIRMATION_OK"
8704,10402865592,10402865627,1,"IOTHUB_CLIENT_CONFIRMATION_OK"
8705,10402865792,10402865840,1,"IOTHUB_CLIENT_CONFIRMATION_OK"
8706,10402865992,10402866039,1,"IOTHUB_CLIENT_CONFIRMATION_OK"
8707,10402866192,10402866221,1,"IOTHUB_CLIENT_CONFIRMATION_OK"
8708,10402866393,10402866422,1,"IOTHUB_CLIENT_CONFIRMATION_OK"
8709,10402866593,10402866636,1,"IOTHUB_CLIENT_CONFIRMATION_OK"
8710,10402866793,10402866825,1,"IOTHUB_CLIENT_CONFIRMATION_OK"
8711,10402866993,10402867066,1,"IOTHUB_CLIENT_CONFIRMATION_OK"
8712,10402867193,10402867225,1,"IOTHUB_CLIENT_CONFIRMATION_OK"
8713,10402867393,10402867428,1,"IOTHUB_CLIENT_CONFIRMATION_OK"
8714,10402867594,10402867679,1,"IOTHUB_CLIENT_CONFIRMATION_OK"
8715,10402867794,10402867826,1,"IOTHUB_CLIENT_CONFIRMATION_OK"
8716,10402867994,10402868030,1,"IOTHUB_CLIENT_CONFIRMATION_OK"
8717,10402868194,10402868317,1,"IOTHUB_CLIENT_CONFIRMATION_OK"
8718,10402868394,10402868448,1,"IOTHUB_CLIENT_CONFIRMATION_OK"
8719,10402868594,10402868629,1,"IOTHUB_CLIENT_CONFIRMATION_OK"
8720,10402868795,10402868837,1,"IOTHUB_CLIENT_CONFIRMATION_OK"
8721,10402868995,10402869023,1,"IOTHUB_CLIENT_CONFIRMATION_OK"
8722,10402869195,10402869230,1,"IOTHUB_CLIENT_CONFIRMATION_OK"
8723,10402869395,10402869427,1,"IOTHUB_CLIENT_CONFIRMATION_OK"
8724,10402869595,10402869625,1,"IOTHUB_CLIENT_CONFIRMATION_OK"
8725,10402869795,10402869923,1,"IOTHUB_CLIENT_CONFIRMATION_OK"
8726,10402869995,10402870031,1,"IOTHUB_CLIENT_CONFIRMATION_OK"
8727,10402870196,10402870648,1,"IOTHUB_CLIENT_CONFIRMATION_OK"
8728,10402870396,10402870668,1,"IOTHUB_CLIENT_CONFIRMATION_OK"
8729,10402870596,10402870685,1,"IOTHUB_CLIENT_CONFIRMATION_OK"
8730,10402870796,10402870827,1,"IOTHUB_CLIENT_CONFIRMATION_OK"
8731,10402870996,10402871084,1,"IOTHUB_CLIENT_CONFIRMATION_OK"
8732,10402871196,10402871249,1,"IOTHUB_CLIENT_CONFIRMATION_OK"
8733,10402871397,10402871441,1,"IOTHUB_CLIENT_CONFIRMATION_OK"
8734,10402871597,10402871696,1,"IOTHUB_CLIENT_CONFIRMATION_OK"
8735,10402871797,10402871828,1,"IOTHUB_CLIENT_CONFIRMATION_OK"
8736,10402871997,10402872026,1,"IOTHUB_CLIENT_CONFIRMATION_OK"
8737,10402872197,10402872231,1,"IOTHUB_CLIENT_CONFIRMATION_OK"
8738,10402872397,10402872429,1,"IOTHUB_CLIENT_CONFIRMATION_OK"
8739,10402872597,10402872703,1,"IOTHUB_CLIENT_CONFIRMATION_OK"
8740,10402872798,10402872829,1,"IOTHUB_CLIENT_CONFIRMATION_OK"
8741,10402872998,10402873037,1,"IOTHUB_CLIENT_CONFIRMATION_OK"
8742,10402873198,10402873345,1,"IOTHUB_CLIENT_CONFIRMATION_OK"
8743,10402873398,10402873433,1,"IOTHUB_CLIENT_CONFIRMATION_OK"
8744,10402873598,10402873630,1,"IOTHUB_CLIENT_CONFIRMATION_OK"
8745,10402873798,10402873934,1,"IOTHUB_CLIENT_CONFIRMATION_OK"
8746,10402873999,10402874043,1,"IOTHUB_CLIENT_CONFIRMATION_OK"
8747,10402874199,10402874304,1,"IOTHUB_CLIENT_CONFIRMATION_OK"
8748,10402874399,10402874429,1,"IOTHUB_CLIENT_CONFIRMATION_OK"
8749,10402874599,10402874644,1,"IOTHUB_CLIENT_CONFIRMATION_OK"
8750,10402874799,10402874829,1,"IOTHUB_CLIENT_CONFIRMATION_OK"
8751,10402874999,10402875028,1,"IOTHUB_CLIENT_CONFIRMATION_OK"
8752,10402875199,10402875263,1,"IOTHUB_CLIENT_CONFIRMATION_OK"
8753,10402875400,10402875430,1,"IOTHUB_CLIENT_CONFIRMATION_OK"
8754,10402875600,10402875631,1,"IOTHUB_CLIENT_CONFIRMATION_OK"
8755,10402875800,10402875844,1,"IOTHUB_CLIENT_CONFIRMATION_OK"
8756,10402876000,10402876160,1,"IOTHUB_CLIENT_CONFIRMATION_OK"
8757,10402876200,10402876235,1,"IOTHUB_CLIENT_CONFIRMATION_OK"
8758,10402876401,10402876442,1,"IOTHUB_CLIENT_CONFIRMATION_OK"
8759,10402876601,10402876791,1,"IOTHUB_CLIENT_CONFIRMATION_OK"
8760,10402876801,10402876872,1,"IOTHUB_CLIENT_CONFIRMATION_OK"
8761,10402877001,10402877031,1,"IOTHUB_CLIENT_CONFIRMATION_OK"
8762,10402877201,10402877243,1,"IOTHUB_CLIENT_CONFIRMATION_OK"
8763,10402877401,10402877432,1,"IOTHUB_CLIENT_CONFIRMATION_OK"
8764,10402877601,10402877632,1,"IOTHUB_CLIENT_CONFIRMATION_OK"
8765,10402877802,10402877851,1,"IOTHUB_CLIENT_CONFIRMATION_OK"
8766,10402878002,10402878036,1,"IOTHUB_CLIENT_CONFIRMATION_OK"
8767,10402878202,10402878232,1,"IOTHUB_CLIENT_CONFIRMATION_OK"
8768,10402878402,10402878430,1,"IOTHUB_CLIENT_CONFIRMATION_OK"
8769,10402878602,10402878658,1,"IOTHUB_CLIENT_CONFIRMATION_OK"
8770,10402878802,10402878833,1,"IOTHUB_CLIENT_CONFIRMATION_OK"
8771,10402879003,10402879033,1,"IOTHUB_CLIENT_CONFIRMATION_OK"
8772,10402879203,10402879241,1,"IOTHUB_CLIENT_CONFIRMATION_OK"
8773,10402879403,10402879498,1,"IOTHUB_CLIENT_CONFIRMATION_OK"
8774,10402879603,10402879633,1,"IOTHUB_CLIENT_CONFIRMATION_OK"
8775,10402879803,10402879834,1,"IOTHUB_CLIENT_CONFIRMATION_OK"
8776,10402880003,10402880099,1,"IOTHUB_CLIENT_CONFIRMATION_OK"
8777,10402880204,10402880252,1,"IOTHUB_CLIENT_CONFIRMATION_OK"
8778,10402880404,10402880499,1,"IOTHUB_CLIENT_CONFIRMATION_OK"
8779,10402880604,10402880716,1,"IOTHUB_CLIENT_CONFIRMATION_OK"
8780,10402880804,10402880863,1,"IOTHUB_CLIENT_CONFIRMATION_OK"
8781,10402881004,10402881045,1,"IOTHUB_CLIENT_CONFIRMATION_OK"
8782,10402881204,10402881324,1,"IOTHUB_CLIENT_CONFIRMATION_OK"
8783,10402881405,10402881445,1,"IOTHUB_CLIENT_CONFIRMATION_OK"
8784,10402881605,10402881646,1,"IOTHUB_CLIENT_CONFIRMATION_OK"
8785,10402881805,10402881835,1,"IOTHUB_CLIENT_CONFIRMATION_OK"
8786,10402882005,10402882045,1,"IOTHUB_CLIENT_CONFIRMATION_OK"
8787,10402882205,10402882254,1,"IOTHUB_CLIENT_CONFIRMATION_OK"
8788,10402882405,10402882444,1,"IOTHUB_CLIENT_CONFIRMATION_OK"
8789,10402882605,10402882640,1,"IOTHUB_CLIENT_CONFIRMATION_OK"
8790,10402882806,10402882965,1,"IOTHUB_CLIENT_CONFIRMATION_OK"
8791,10402883006,10402883056,1,"IOTHUB_CLIENT_CONFIRMATION_OK"
8792,10402883206,10402883237,1,"IOTHUB_CLIENT_CONFIRMATION_OK"
8793,10402883406,10402883576,1,"IOTHUB_CLIENT_CONFIRMATION_OK"
8794,10402883606,10402883673,1,"IOTHUB_CLIENT_CONFIRMATION_OK"
8795,10402883806,10402883839,1,"IOTHUB_CLIENT_CONFIRMATION_OK"
8796,10402884006,10402884037,1,"IOTHUB_CLIENT_CONFIRMATION_OK"
8797,10402884207,10402884239,1,"IOTHUB_CLIENT_CONFIRMATION_OK"
8798,10402884407,10402884438,1,"IOTHUB_CLIENT_CONFIRMATION_OK"
8799,10402884607,10402884658,1,"IOTHUB_CLIENT_CONFIRMATION_OK"
8800,10402884807,10402884842,1,"IOTHUB_CLIENT_CONFIRMATION_OK"
8801,10402885007,10402885057,1,"IOTHUB_CLIENT_CONFIRMATION_OK"
8802,10402885207,10402885240,1,"IOTHUB_CLIENT_CONFIRMATION_OK"
8803,10402885408,10402885439,1,"IOTHUB_CLIENT_CONFIRMATION_OK"
8804,10402885608,10402885636,1,"IOTHUB_CLIENT_CONFIRMATION_OK"
8805,10402885808,10402885836,1,"IOTHUB_CLIENT_CONFIRMATION_OK"
8806,10402886008,10402886038,1,"IOTHUB_CLIENT_CONFIRMATION_OK"
8807,10402886208,10402886296,1,"IOTHUB_CLIENT_CONFIRMATION_OK"
8808,10402886408,10402886440,1,"IOTHUB_CLIENT_CONFIRMATION_OK"
8809,10402886609,10402886683,1,"IOTHUB_CLIENT_CONFIRMATION_OK"
8810,10402886809,10402886909,1,"IOTHUB_CLIENT_CONFIRMATION_OK"
8811,10402887009,10402887057,1,"IOTHUB_CLIENT_CONFIRMATION_OK"
8812,10402887209,10402887240,1,"IOTHUB_CLIENT_CONFIRMATION_OK"
8813,10402887409,10402887529,1,"IOTHUB_CLIENT_CONFIRMATION_OK"
8814,10402887609,10402887655,1,"IOTHUB_CLIENT_CONFIRMATION_OK"
8815,10402887809,10402887844,1,"IOTHUB_CLIENT_CONFIRMATION_OK"
8816,10402888010,10402888039,1,"IOTHUB_CLIENT_CONFIRMATION_OK"
8817,10402888210,10402888248,1,"IOTHUB_CLIENT_CONFIRMATION_OK"
8818,10402888410,10402888441,1,"IOTHUB_CLIENT_CONFIRMATION_OK"
8819,10402888610,10402888648,1,"IOTHUB_CLIENT_CONFIRMATION_OK"
8820,10402888810,10402888842,1,"IOTHUB_CLIENT_CONFIRMATION_OK"
8821,10402889010,10402889046,1,"IOTHUB_CLIENT_CONFIRMATION_OK"
8822,10402889211,10402889248,1,"IOTHUB_CLIENT_CONFIRMATION_OK"
8823,10402889411,10402889450,1,"IOTHUB_CLIENT_CONFIRMATION_OK"
8824,10402889611,10402889766,1,"IOTHUB_CLIENT_CONFIRMATION_OK"
8825,10402889811,10402889845,1,"IOTHUB_CLIENT_CONFIRMATION_OK"
8826,10402890011,10402890050,1,"IOTHUB_CLIENT_CONFIRMATION_OK"
8827,10402890211,10402890388,1,"IOTHUB_CLIENT_CONFIRMATION_OK"
8828,10402890412,10402890450,1,"IOTHUB_CLIENT_CONFIRMATION_OK"
8829,10402890612,10402890655,1,"IOTHUB_CLIENT_CONFIRMATION_OK"
8830,10402890812,10402890842,1,"IOTHUB_CLIENT_CONFIRMATION_OK"
8831,10402891012,10402891050,1,"IOTHUB_CLIENT_CONFIRMATION_OK"
8832,10402891212,10402891245,1,"IOTHUB_CLIENT_CONFIRMATION_OK"
8833,10402891412,10402891450,1,"IOTHUB_CLIENT_CONFIRMATION_OK"
8834,10402891613,10402891665,1,"IOTHUB_CLIENT_CONFIRMATION_OK"
8835,10402891813,10402891888,1,"IOTHUB_CLIENT_CONFIRMATION_OK"
8836,10402892013,10402892056,1,"IOTHUB_CLIENT_CONFIRMATION_OK"
8837,10402892213,10402892245,1,"IOTHUB_CLIENT_CONFIRMATION_OK"
8838,10402892413,10402892457,1,"IOTHUB_CLIENT_CONFIRMATION_OK"
8839,10402892613,10402892644,1,"IOTHUB_CLIENT_CONFIRMATION_OK"
8840,10402892813,10402892853,1,"IOTHUB_CLIENT_CONFIRMATION_OK"
8841,10402893014,10402893051,1,"IOTHUB_CLIENT_CONFIRMATION_OK"
8842,10402893214,10402893266,1,"IOTHUB_CLIENT_CONFIRMATION_OK"
8843,10402893414,10402893445,1,"IOTHUB_CLIENT_CONFIRMATION_OK"
8844,10402893614,10402893646,1,"IOTHUB_CLIENT_CONFIRMATION_OK"
8845,10402893814,10402893846,1,"IOTHUB_CLIENT_CONFIRMATION_OK"
8846,10402894014,10402894059,1,"IOTHUB_CLIENT_CONFIRMATION_OK"
8847,10402894215,10402894264,1,"IOTHUB_CLIENT_CONFIRMATION_OK"
8848,10402894415,10402894449,1,"IOTHUB_CLIENT_CONFIRMATION_OK"
8849,10402894615,10402894654,1,"IOTHUB_CLIENT_CONFIRMATION_OK"
8850,10402894815,10402894849,1,"IOTHUB_CLIENT_CONFIRMATION_OK"
8851,10402895015,10402895048,1,"IOTHUB_CLIENT_CONFIRMATION_OK"
8852,10402895215,10402895254,1,"IOTHUB_CLIENT_CONFIRMATION_OK"
8853,10402895416,10402895449,1,"IOTHUB_CLIENT_CONFIRMATION_OK"
8854,10402895616,10402895650,1,"IOTHUB_CLIENT_CONFIRMATION_OK"
8855,10402895816,10402895883,1,"IOTHUB_CLIENT_CONFIRMATION_OK"
8856,10402896016,10402896055,1,"IOTHUB_CLIENT_CONFIRMATION_OK"
8857,10402896216,10402896262,1,"IOTHUB_CLIENT_CONFIRMATION_OK"
8858,10402896416,10402896476,1,"IOTHUB_CLIENT_CONFIRMATION_OK"
8859,10402896617,10402896781,1,"IOTHUB_CLIENT_CONFIRMATION_OK"
8860,10402896817,10402896920,1,"IOTHUB_CLIENT_CONFIRMATION_OK"
8861,10402897017,10402897131,1,"IOTHUB_CLIENT_CONFIRMATION_OK"
8862,10402897217,10402897257,1,"IOTHUB_CLIENT_CONFIRMATION_OK"
8863,10402897417,10402897508,1,"IOTHUB_CLIENT_CONFIRMATION_OK"
8864,10402897617,10402897655,1,"IOTHUB_CLIENT_CONFIRMATION_OK"
8865,10402897817,10402897845,1,"IOTHUB_CLIENT_CONFIRMATION_OK"
8866,10402898018,10402898049,1,"IOTHUB_CLIENT_CONFIRMATION_OK"
8867,10402898218,10402898261,1,"IOTHUB_CLIENT_CONFIRMATION_OK"
8868,10402898418,10402898457,1,"IOTHUB_CLIENT_CONFIRMATION_OK"
8869,10402898618,10402898764,1,"IOTHUB_CLIENT_CONFIRMATION_OK"
8870,10402898818,10402898857,1,"IOTHUB_CLIENT_CONFIRMATION_OK"
8871,10402899018,10402899052,1,"IOTHUB_CLIENT_CONFIRMATION_OK"
8872,10402899219,10402899386,1,"IOTHUB_CLIENT_CONFIRMATION_OK"
8873,10402899419,10402899464,1,"IOTHUB_CLIENT_CONFIRMATION_OK"
8874,10402899619,10402899677,1,"IOTHUB_CLIENT_CONFIRMATION_OK"
8875,10402899819,10402900002,1,"IOTHUB_CLIENT_CONFIRMATION_OK"
8876,10402900019,10402900052,1,"IOTHUB_CLIENT_CONFIRMATION_OK"
8877,10402900219,10402900261,1,"IOTHUB_CLIENT_CONFIRMATION_OK"
8878,10402900419,10402900456,1,"IOTHUB_CLIENT_CONFIRMATION_OK"
8879,10402900620,10402900670,1,"IOTHUB_CLIENT_CONFIRMATION_OK"
8880,10402900820,10402900873,1,"IOTHUB_CLIENT_CONFIRMATION_OK"
8881,10402901020,10402901073,1,"IOTHUB_CLIENT_CONFIRMATION_OK"
8882,10402901220,10402901253,1,"IOTHUB_CLIENT_CONFIRMATION_OK"
8883,10402901420,10402901461,1,"IOTHUB_CLIENT_CONFIRMATION_OK"
8884,10402901620,10402901657,1,"IOTHUB_CLIENT_CONFIRMATION_OK"
8885,10402901820,10402901869,1,"IOTHUB_CLIENT_CONFIRMATION_OK"
8886,10402902021,10402902228,1,"IOTHUB_CLIENT_CONFIRMATION_OK"
8887,10402902221,10402902255,1,"IOTHUB_CLIENT_CONFIRMATION_OK"
8888,10402902421,10402902506,1,"IOTHUB_CLIENT_CONFIRMATION_OK"
8889,10402902621,10402902720,1,"IOTHUB_CLIENT_CONFIRMATION_OK"
8890,10402902821,10402902853,1,"IOTHUB_CLIENT_CONFIRMATION_OK"
8891,10402903021,10402903068,1,"IOTHUB_CLIENT_CONFIRMATION_OK"
8892,10402903222,10402903337,1,"IOTHUB_CLIENT_CONFIRMATION_OK"
8893,10402903422,10402903866,1,"IOTHUB_CLIENT_CONFIRMATION_OK"
8894,10402903622,10402904240,1,"IOTHUB_CLIENT_CONFIRMATION_OK"
8895,10402903822,10402904499,1,"IOTHUB_CLIENT_CONFIRMATION_OK"
8896,10402904022,10402904620,1,"IOTHUB_CLIENT_CONFIRMATION_OK"
8897,10402904222,10402904687,1,"IOTHUB_CLIENT_CONFIRMATION_OK"
8898,10402904423,10402904792,1,"IOTHUB_CLIENT_CONFIRMATION_OK"
8899,10402904623,10402904909,1,"IOTHUB_CLIENT_CONFIRMATION_OK"
8900,10402904823,10402904989,1,"IOTHUB_CLIENT_CONFIRMATION_OK"
8901,10402905023,10402905062,1,"IOTHUB_CLIENT_CONFIRMATION_OK"
8902,10402905223,10402905264,1,"IOTHUB_CLIENT_CONFIRMATION_OK"
8903,10402905423,10402905553,1,"IOTHUB_CLIENT_CONFIRMATION_OK"
8904,10402905623,10402905653,1,"IOTHUB_CLIENT_CONFIRMATION_OK"
8905,10402905824,10402905854,1,"IOTHUB_CLIENT_CONFIRMATION_OK"
8906,10402906024,10402906170,1,"IOTHUB_CLIENT_CONFIRMATION_OK"
8907,10402906224,10402906259,1,"IOTHUB_CLIENT_CONFIRMATION_OK"
8908,10402906424,10402906468,1,"IOTHUB_CLIENT_CONFIRMATION_OK"
8909,10402906624,10402906764,1,"IOTHUB_CLIENT_CONFIRMATION_OK"
8910,10402906824,10402906858,1,"IOTHUB_CLIENT_CONFIRMATION_OK"
8911,10402907024,10402907061,1,"IOTHUB_CLIENT_CONFIRMATION_OK"
8912,10402907225,10402907257,1,"IOTHUB_CLIENT_CONFIRMATION_OK"
8913,10402907425,10402907544,1,"IOTHUB_CLIENT_CONFIRMATION_OK"
8914,10402907625,10402907665,1,"IOTHUB_CLIENT_CONFIRMATION_OK"
8915,10402907825,10402907856,1,"IOTHUB_CLIENT_CONFIRMATION_OK"
8916,10402908025,10402908062,1,"IOTHUB_CLIENT_CONFIRMATION_OK"
8917,10402908225,10402908258,1,"IOTHUB_CLIENT_CONFIRMATION_OK"
8918,10402908426,10402908468,1,"IOTHUB_CLIENT_CONFIRMATION_OK"
8919,10402908626,10402908664,1,"IOTHUB_CLIENT_CONFIRMATION_OK"
8920,10402908826,10402909017,1,"IOTHUB_CLIENT_CONFIRMATION_OK"
8921,10402909026,10402909073,1,"IOTHUB_CLIENT_CONFIRMATION_OK"
8922,10402909226,10402909283,1,"IOTHUB_CLIENT_CONFIRMATION_OK"
8923,10402909427,10402909462,1,"IOTHUB_CLIENT_CONFIRMATION_OK"
8924,10402909627,10402909675,1,"IOTHUB_CLIENT_CONFIRMATION_OK"
8925,10402909827,10402909859,1,"IOTHUB_CLIENT_CONFIRMATION_OK"
8926,10402910027,10402910062,1,"IOTHUB_CLIENT_CONFIRMATION_OK"
8927,10402910227,10402910261,1,"IOTHUB_CLIENT_CONFIRMATION_OK"
8928,10402910427,10402910462,1,"IOTHUB_CLIENT_CONFIRMATION_OK"
8929,10402910627,10402910681,1,"IOTHUB_CLIENT_CONFIRMATION_OK"
8930,10402910828,10402910859,1,"IOTHUB_CLIENT_CONFIRMATION_OK"
8931,10402911028,10402911104,1,"IOTHUB_CLIENT_CONFIRMATION_OK"
8932,10402911228,10402911285,1,"IOTHUB_CLIENT_CONFIRMATION_OK"
8933,10402911428,10402911469,1,"IOTHUB_CLIENT_CONFIRMATION_OK"
8934,10402911628,10402911672,1,"IOTHUB_CLIENT_CONFIRMATION_OK"
8935,10402911828,10402911866,1,"IOTHUB_CLIENT_CONFIRMATION_OK"
8936,10402912029,10402912069,1,"IOTHUB_CLIENT_CONFIRMATION_OK"
8937,10402912229,10402912283,1,"IOTHUB_CLIENT_CONFIRMATION_OK"
8938,10402912429,10402912464,1,"IOTHUB_CLIENT_CONFIRMATION_OK"
8939,10402912629,10402912668,1,"IOTHUB_CLIENT_CONFIRMATION_OK"
8940,10402912829,10402912886,1,"IOTHUB_CLIENT_CONFIRMATION_OK"
8941,10402913029,10402913058,1,"IOTHUB_CLIENT_CONFIRMATION_OK"
8942,10402913229,10402913260,1,"IOTHUB_CLIENT_CONFIRMATION_OK"
8943,10402913430,10402913499,1,"IOTHUB_CLIENT_CONFIRMATION_OK"
8944,10402913630,10402913685,1,"IOTHUB_CLIENT_CONFIRMATION_OK"
8945,10402913830,10402913866,1,"IOTHUB_CLIENT_CONFIRMATION_OK"
8946,10402914030,10402914105,1,"IOTHUB_CLIENT_CONFIRMATION_OK"
8947,10402914230,10402914273,1,"IOTHUB_CLIENT_CONFIRMATION_OK"
8948,10402914431,10402914465,1,"IOTHUB_CLIENT_CONFIRMATION_OK"
8949,10402914631,10402914783,1,"IOTHUB_CLIENT_CONFIRMATION_OK"
8950,10402914831,10402914883,1,"IOTHUB_CLIENT_CONFIRMATION_OK"
8951,10402915031,10402915148,1,"IOTHUB_CLIENT_CONFIRMATION_OK"
8952,10402915231,10402915270,1,"IOTHUB_CLIENT_CONFIRMATION_OK"
8953,10402915431,10402915473,1,"IOTHUB_CLIENT_CONFIRMATION_OK"
8954,10402915631,10402915745,1,"IOTHUB_CLIENT_CONFIRMATION_OK"
8955,10402915832,10402915870,1,"IOTHUB_CLIENT_CONFIRMATION_OK"
8956,10402916032,10402916073,1,"IOTHUB_CLIENT_CONFIRMATION_OK"
8957,10402916232,10402916356,1,"IOTHUB_CLIENT_CONFIRMATION_OK"
8958,10402916432,10402916483,1,"IOTHUB_CLIENT_CONFIRMATION_OK"
8959,10402916632,10402916668,1,"IOTHUB_CLIENT_CONFIRMATION_OK"
8960,10402916832,10402916872,1,"IOTHUB_CLIENT_CONFIRMATION_OK"
8961,10402917033,10402917075,1,"IOTHUB_CLIENT_CONFIRMATION_OK"
8962,10402917233,10402917279,1,"IOTHUB_CLIENT_CONFIRMATION_OK"
8963,10402917433,10402917485,1,"IOTHUB_CLIENT_CONFIRMATION_OK"
8964,10402917633,10402917670,1,"IOTHUB_CLIENT_CONFIRMATION_OK"
8965,10402917833,10402917869,1,"IOTHUB_CLIENT_CONFIRMATION_OK"
8966,10402918033,10402918073,1,"IOTHUB_CLIENT_CONFIRMATION_OK"
8967,10402918233,10402918286,1,"IOTHUB_CLIENT_CONFIRMATION_OK"
8968,10402918434,10402918594,1,"IOTHUB_CLIENT_CONFIRMATION_OK"
8969,10402918634,10402918691,1,"IOTHUB_CLIENT_CONFIRMATION_OK"
8970,10402918834,10402918865,1,"IOTHUB_CLIENT_CONFIRMATION_OK"
8971,10402919034,10402919215,1,"IOTHUB_CLIENT_CONFIRMATION_OK"
8972,10402919234,10402919278,1,"IOTHUB_CLIENT_CONFIRMATION_OK"
8973,10402919434,10402919481,1,"IOTHUB_CLIENT_CONFIRMATION_OK"
8974,10402919635,10402919672,1,"IOTHUB_CLIENT_CONFIRMATION_OK"
8975,10402919835,10402919876,1,"IOTHUB_CLIENT_CONFIRMATION_OK"
8976,10402920035,10402920070,1,"IOTHUB_CLIENT_CONFIRMATION_OK"
8977,10402920235,10402920358,1,"IOTHUB_CLIENT_CONFIRMATION_OK"
8978,10402920435,10402920470,1,"IOTHUB_CLIENT_CONFIRMATION_OK"
8979,10402920635,10402920688,1,"IOTHUB_CLIENT_CONFIRMATION_OK"
8980,10402920835,10402920868,1,"IOTHUB_CLIENT_CONFIRMATION_OK"
8981,10402921036,10402921066,1,"IOTHUB_CLIENT_CONFIRMATION_OK"
8982,10402921236,10402921288,1,"IOTHUB_CLIENT_CONFIRMATION_OK"
8983,10402921436,10402921490,1,"IOTHUB_CLIENT_CONFIRMATION_OK"
8984,10402921636,10402921671,1,"IOTHUB_CLIENT_CONFIRMATION_OK"
8985,10402921836,10402921971,1,"IOTHUB_CLIENT_CONFIRMATION_OK"
8986,10402922036,10402922075,1,"IOTHUB_CLIENT_CONFIRMATION_OK"
8987,10402922237,10402922269,1,"IOTHUB_CLIENT_CONFIRMATION_OK"
8988,10402922437,10402922587,1,"IOTHUB_CLIENT_CONFIRMATION_OK"
8989,10402922637,10402922680,1,"IOTHUB_CLIENT_CONFIRMATION_OK"
8990,10402922837,10402922897,1,"IOTHUB_CLIENT_CONFIRMATION_OK"
8991,10402923037,10402923072,1,"IOTHUB_CLIENT_CONFIRMATION_OK"
8992,10402923237,10402923285,1,"IOTHUB_CLIENT_CONFIRMATION_OK"
8993,10402923438,10402923473,1,"IOTHUB_CLIENT_CONFIRMATION_OK"
8994,10402923638,10402923681,1,"IOTHUB_CLIENT_CONFIRMATION_OK"
8995,10402923838,10402923878,1,"IOTHUB_CLIENT_CONFIRMATION_OK"
8996,10402924038,10402924078,1,"IOTHUB_CLIENT_CONFIRMATION_OK"
8997,10402924238,10402924287,1,"IOTHUB_CLIENT_CONFIRMATION_OK"
8998,10402924438,10402924473,1,"IOTHUB_CLIENT_CONFIRMATION_OK"
8999,10402924638,10402924843,1,"IOTHUB_CLIENT_CONFIRMATION_OK"
9000,10402924839,10402924925,1,"IOTHUB_CLIENT_CONFIRMATION_OK"
9001,10402925039,10402925081,1,"IOTHUB_CLIENT_CONFIRMATION_OK"
9002,10402925239,10402925429,1,"IOTHUB_CLIENT_CONFIRMATION_OK"
9003,10402925439,10402925476,1,"IOTHUB_CLIENT_CONFIRMATION_OK"
9004,10402925639,10402925672,1,"IOTHUB_CLIENT_CONFIRMATION_OK"
9005,10402925839,10402925885,1,"IOTHUB_CLIENT_CONFIRMATION_OK"
9006,10402926040,10402926094,1,"IOTHUB_CLIENT_CONFIRMATION_OK"
9007,10402926240,10402926283,1,"IOTHUB_CLIENT_CONFIRMATION_OK"
9008,10402926440,10402926493,1,"IOTHUB_CLIENT_CONFIRMATION_OK"
9009,10402926640,10402926679,1,"IOTHUB_CLIENT_CONFIRMATION_OK"
9010,10402926840,10402926876,1,"IOTHUB_CLIENT_CONFIRMATION_OK"
9011,10402927040,10402927101,1,"IOTHUB_CLIENT_CONFIRMATION_OK"
9012,10402927240,10402927276,1,"IOTHUB_CLIENT_CONFIRMATION_OK"
9013,10402927441,10402927490,1,"IOTHUB_CLIENT_CONFIRMATION_OK"
9014,10402927641,10402927677,1,"IOTHUB_CLIENT_CONFIRMATION_OK"
9015,10402927841,10402927874,1,"IOTHUB_CLIENT_CONFIRMATION_OK"
9016,10402928041,10402928116,1,"IOTHUB_CLIENT_CONFIRMATION_OK"
9017,10402928241,10402928274,1,"IOTHUB_CLIENT_CONFIRMATION_OK"
9018,10402928441,10402928498,1,"IOTHUB_CLIENT_CONFIRMATION_OK"
9019,10402928642,10402928717,1,"IOTHUB_CLIENT_CONFIRMATION_OK"
9020,10402928842,10402928876,1,"IOTHUB_CLIENT_CONFIRMATION_OK"
9021,10402929042,10402929090,1,"IOTHUB_CLIENT_CONFIRMATION_OK"
9022,10402929242,10402929327,1,"IOTHUB_CLIENT_CONFIRMATION_OK"
9023,10402929442,10402929482,1,"IOTHUB_CLIENT_CONFIRMATION_OK"
9024,10402929642,10402929682,1,"IOTHUB_CLIENT_CONFIRMATION_OK"
9025,10402929843,10402929937,1,"IOTHUB_CLIENT_CONFIRMATION_OK"
9026,10402930043,10402930096,1,"IOTHUB_CLIENT_CONFIRMATION_OK"
9027,10402930243,10402930297,1,"IOTHUB_CLIENT_CONFIRMATION_OK"
9028,10402930443,10402930488,1,"IOTHUB_CLIENT_CONFIRMATION_OK"
9029,10402930643,10402930687,1,"IOTHUB_CLIENT_CONFIRMATION_OK"
9030,10402930843,10402930886,1,"IOTHUB_CLIENT_CONFIRMATION_OK"
9031,10402931044,10402931075,1,"IOTHUB_CLIENT_CONFIRMATION_OK"
9032,10402931244,10402931274,1,"IOTHUB_CLIENT_CONFIRMATION_OK"
9033,10402931444,10402931576,1,"IOTHUB_CLIENT_CONFIRMATION_OK"
9034,10402931644,10402931688,1,"IOTHUB_CLIENT_CONFIRMATION_OK"
9035,10402931844,10402931875,1,"IOTHUB_CLIENT_CONFIRMATION_OK"
9036,10402932044,10402932197,1,"IOTHUB_CLIENT_CONFIRMATION_OK"
9037,10402932245,10402932288,1,"IOTHUB_CLIENT_CONFIRMATION_OK"
9038,10402932445,10402932484,1,"IOTHUB_CLIENT_CONFIRMATION_OK"
9039,10402932645,10402932694,1,"IOTHUB_CLIENT_CONFIRMATION_OK"
9040,10402932845,10402932902,1,"IOTHUB_CLIENT_CONFIRMATION_OK"
9041,10402933045,10402933085,1,"IOTHUB_CLIENT_CONFIRMATION_OK"
9042,10402933245,10402933274,1,"IOTHUB_CLIENT_CONFIRMATION_OK"
9043,10402933445,10402933475,1,"IOTHUB_CLIENT_CONFIRMATION_OK"
9044,10402933646,10402933679,1,"IOTHUB_CLIENT_CONFIRMATION_OK"
9045,10402933846,10402933931,1,"IOTHUB_CLIENT_CONFIRMATION_OK"
9046,10402934046,10402934085,1,"IOTHUB_CLIENT_CONFIRMATION_OK"
9047,10402934246,10402934436,1,"IOTHUB_CLIENT_CONFIRMATION_OK"
9048,10402934446,10402934489,1,"IOTHUB_CLIENT_CONFIRMATION_OK"
9049,10402934646,10402934678,1,"IOTHUB_CLIENT_CONFIRMATION_OK"
9050,10402934846,10402934885,1,"IOTHUB_CLIENT_CONFIRMATION_OK"
9051,10402935047,10402935085,1,"IOTHUB_CLIENT_CONFIRMATION_OK"
9052,10402935247,10402935311,1,"IOTHUB_CLIENT_CONFIRMATION_OK"
9053,10402935447,10402935476,1,"IOTHUB_CLIENT_CONFIRMATION_OK"
9054,10402935647,10402935690,1,"IOTHUB_CLIENT_CONFIRMATION_OK"
9055,10402935847,10402935889,1,"IOTHUB_CLIENT_CONFIRMATION_OK"
9056,10402936047,10402936094,1,"IOTHUB_CLIENT_CONFIRMATION_OK"
9057,10402936248,10402936308,1,"IOTHUB_CLIENT_CONFIRMATION_OK"
9058,10402936448,10402936484,1,"IOTHUB_CLIENT_CONFIRMATION_OK"
9059,10402936648,10402936726,1,"IOTHUB_CLIENT_CONFIRMATION_OK"
9060,10402936848,10402936880,1,"IOTHUB_CLIENT_CONFIRMATION_OK"
9061,10402937048,10402937079,1,"IOTHUB_CLIENT_CONFIRMATION_OK"
9062,10402937248,10402937296,1,"IOTHUB_CLIENT_CONFIRMATION_OK"
9063,10402937448,10402937478,1,"IOTHUB_CLIENT_CONFIRMATION_OK"
9064,10402937649,10402937696,1,"IOTHUB_CLIENT_CONFIRMATION_OK"
9065,10402937849,10402937889,1,"IOTHUB_CLIENT_CONFIRMATION_OK"
9066,10402938049,10402938089,1,"IOTHUB_CLIENT_CONFIRMATION_OK"
9067,10402938249,10402938311,1,"IOTHUB_CLIENT_CONFIRMATION_OK"
9068,10402938449,10402938490,1,"IOTHUB_CLIENT_CONFIRMATION_OK"
9069,10402938649,10402938680,1,"IOTHUB_CLIENT_CONFIRMATION_OK"
9070,10402938850,10402938942,1,"IOTHUB_CLIENT_CONFIRMATION_OK"
9071,10402939050,10402939083,1,"IOTHUB_CLIENT_CONFIRMATION_OK"
9072,10402939250,10402939282,1,"IOTHUB_CLIENT_CONFIRMATION_OK"
9073,10402939450,10402939537,1,"IOTHUB_CLIENT_CONFIRMATION_OK"
9074,10402939650,10402939687,1,"IOTHUB_CLIENT_CONFIRMATION_OK"
9075,10402939850,10402939890,1,"IOTHUB_CLIENT_CONFIRMATION_OK"
9076,10402940050,10402940095,1,"IOTHUB_CLIENT_CONFIRMATION_OK"
9077,10402940251,10402940310,1,"IOTHUB_CLIENT_CONFIRMATION_OK"
9078,10402940451,10402940643,1,"IOTHUB_CLIENT_CONFIRMATION_OK"
9079,10402940651,10402940684,1,"IOTHUB_CLIENT_CONFIRMATION_OK"
9080,10402940851,10402940891,1,"IOTHUB_CLIENT_CONFIRMATION_OK"
9081,10402941051,10402941097,1,"IOTHUB_CLIENT_CONFIRMATION_OK"
9082,10402941251,10402941345,1,"IOTHUB_CLIENT_CONFIRMATION_OK"
9083,10402941452,10402941509,1,"IOTHUB_CLIENT_CONFIRMATION_OK"
9084,10402941652,10402941685,1,"IOTHUB_CLIENT_CONFIRMATION_OK"
9085,10402941852,10402941907,1,"IOTHUB_CLIENT_CONFIRMATION_OK"
9086,10402942052,10402942098,1,"IOTHUB_CLIENT_CONFIRMATION_OK"
9087,10402942252,10402942291,1,"IOTHUB_CLIENT_CONFIRMATION_OK"
9088,10402942452,10402942510,1,"IOTHUB_CLIENT_CONFIRMATION_OK"
9089,10402942652,10402942686,1,"IOTHUB_CLIENT_CONFIRMATION_OK"
9090,10402942853,10402942895,1,"IOTHUB_CLIENT_CONFIRMATION_OK"
9091,10402943053,10402943088,1,"IOTHUB_CLIENT_CONFIRMATION_OK"
9092,10402943253,10402943305,1,"IOTHUB_CLIENT_CONFIRMATION_OK"
9093,10402943453,10402943526,1,"IOTHUB_CLIENT_CONFIRMATION_OK"
9094,10402943653,10402943692,1,"IOTHUB_CLIENT_CONFIRMATION_OK"
9095,10402943853,10402943924,1,"IOTHUB_CLIENT_CONFIRMATION_OK"
9096,10402944054,10402944083,1,"IOTHUB_CLIENT_CONFIRMATION_OK"
9097,10402944254,10402944286,1,"IOTHUB_CLIENT_CONFIRMATION_OK"
9098,10402944454,10402944555,1,"IOTHUB_CLIENT_CONFIRMATION_OK"
9099,10402944654,10402944713,1,"IOTHUB_CLIENT_CONFIRMATION_OK"
9100,10402944854,10402944895,1,"IOTHUB_CLIENT_CONFIRMATION_OK"
9101,10402945054,10402945147,1,"IOTHUB_CLIENT_CONFIRMATION_OK"
9102,10402945255,10402945293,1,"IOTHUB_CLIENT_CONFIRMATION_OK"
9103,10402945455,10402945495,1,"IOTHUB_CLIENT_CONFIRMATION_OK"
9104,10402945655,10402945748,1,"IOTHUB_CLIENT_CONFIRMATION_OK"
9105,10402945855,10402945998,1,"IOTHUB_CLIENT_CONFIRMATION_OK"
9106,10402946055,10402946099,1,"IOTHUB_CLIENT_CONFIRMATION_OK"
9107,10402946255,10402946300,1,"IOTHUB_CLIENT_CONFIRMATION_OK"
9108,10402946455,10402946489,1,"IOTHUB_CLIENT_CONFIRMATION_OK"
9109,10402946656,10402946713,1,"IOTHUB_CLIENT_CONFIRMATION_OK"
9110,10402946856,10402946902,1,"IOTHUB_CLIENT_CONFIRMATION_OK"
9111,10402947056,10402947104,1,"IOTHUB_CLIENT_CONFIRMATION_OK"
9112,10402947256,10402947471,1,"IOTHUB_CLIENT_CONFIRMATION_OK"
9113,10402947456,10402947591,1,"IOTHUB_CLIENT_CONFIRMATION_OK"
9114,10402947656,10402947689,1,"IOTHUB_CLIENT_CONFIRMATION_OK"
9115,10402947857,10402947895,1,"IOTHUB_CLIENT_CONFIRMATION_OK"
9116,10402948057,10402948084,1,"IOTHUB_CLIENT_CONFIRMATION_OK"
9117,10402948257,10402948287,1,"IOTHUB_CLIENT_CONFIRMATION_OK"
9118,10402948457,10402948500,1,"IOTHUB_CLIENT_CONFIRMATION_OK"
9119,10402948657,10402948700,1,"IOTHUB_CLIENT_CONFIRMATION_OK"
9120,10402948857,10402948913,1,"IOTHUB_CLIENT_CONFIRMATION_OK"
9121,10402949057,10402949446,1,"IOTHUB_CLIENT_CONFIRMATION_OK"
9122,10402949258,10402949480,1,"IOTHUB_CLIENT_CONFIRMATION_OK"
9123,10402949458,10402949507,1,"IOTHUB_CLIENT_CONFIRMATION_OK"
9124,10402949658,10402949690,1,"IOTHUB_CLIENT_CONFIRMATION_OK"
9125,10402949858,10402949897,1,"IOTHUB_CLIENT_CONFIRMATION_OK"
9126,10402950058,10402950243,1,"IOTHUB_CLIENT_CONFIRMATION_OK"
9127,10402950258,10402950293,1,"IOTHUB_CLIENT_CONFIRMATION_OK"
9128,10402950459,10402950501,1,"IOTHUB_CLIENT_CONFIRMATION_OK"
9129,10402950659,10402950711,1,"IOTHUB_CLIENT_CONFIRMATION_OK"
9130,10402950859,10402950901,1,"IOTHUB_CLIENT_CONFIRMATION_OK"
9131,10402951059,10402951096,1,"IOTHUB_CLIENT_CONFIRMATION_OK"
9132,10402951259,10402951296,1,"IOTHUB_CLIENT_CONFIRMATION_OK"
9133,10402951459,10402951499,1,"IOTHUB_CLIENT_CONFIRMATION_OK"
9134,10402951660,10402951701,1,"IOTHUB_CLIENT_CONFIRMATION_OK"
9135,10402951860,10402951909,1,"IOTHUB_CLIENT_CONFIRMATION_OK"
9136,10402952060,10402952097,1,"IOTHUB_CLIENT_CONFIRMATION_OK"
9137,10402952260,10402952293,1,"IOTHUB_CLIENT_CONFIRMATION_OK"
9138,10402952460,10402952507,1,"IOTHUB_CLIENT_CONFIRMATION_OK"
9139,10402952660,10402952700,1,"IOTHUB_CLIENT_CONFIRMATION_OK"
9140,10402952860,10402952907,1,"IOTHUB_CLIENT_CONFIRMATION_OK"
9141,10402953061,10402953117,1,"IOTHUB_CLIENT_CONFIRMATION_OK"
9142,10402953261,10402953329,1,"IOTHUB_CLIENT_CONFIRMATION_OK"
9143,10402953461,10402953521,1,"IOTHUB_CLIENT_CONFIRMATION_OK"
9144,10402953661,10402953694,1,"IOTHUB_CLIENT_CONFIRMATION_OK"
9145,10402953861,10402953931,1,"IOTHUB_CLIENT_CONFIRMATION_OK"
9146,10402954061,10402954172,1,"IOTHUB_CLIENT_CONFIRMATION_OK"
9147,10402954262,10402954304,1,"IOTHUB_CLIENT_CONFIRMATION_OK"
9148,10402954462,10402954505,1,"IOTHUB_CLIENT_CONFIRMATION_OK"
9149,10402954662,10402954819,1,"IOTHUB_CLIENT_CONFIRMATION_OK"
9150,10402954862,10402954896,1,"IOTHUB_CLIENT_CONFIRMATION_OK"
9151,10402955062,10402955104,1,"IOTHUB_CLIENT_CONFIRMATION_OK"
9152,10402955262,10402955309,1,"IOTHUB_CLIENT_CONFIRMATION_OK"
9153,10402955462,10402955519,1,"IOTHUB_CLIENT_CONFIRMATION_OK"
9154,10402955663,10402955705,1,"IOTHUB_CLIENT_CONFIRMATION_OK"
9155,10402955863,10402955905,1,"IOTHUB_CLIENT_CONFIRMATION_OK"
9156,10402956063,10402956103,1,"IOTHUB_CLIENT_CONFIRMATION_OK"
9157,10402956263,10402956438,1,"IOTHUB_CLIENT_CONFIRMATION_OK"
9158,10402956463,10402956513,1,"IOTHUB_CLIENT_CONFIRMATION_OK"
9159,10402956663,10402956700,1,"IOTHUB_CLIENT_CONFIRMATION_OK"
9160,10402956864,10402957046,1,"IOTHUB_CLIENT_CONFIRMATION_OK"
9161,10402957064,10402957096,1,"IOTHUB_CLIENT_CONFIRMATION_OK"
9162,10402957264,10402957301,1,"IOTHUB_CLIENT_CONFIRMATION_OK"
9163,10402957464,10402957500,1,"IOTHUB_CLIENT_CONFIRMATION_OK"
9164,10402957664,10402957698,1,"IOTHUB_CLIENT_CONFIRMATION_OK"
9165,10402957864,10402957908,1,"IOTHUB_CLIENT_CONFIRMATION_OK"
9166,10402958065,10402958108,1,"IOTHUB_CLIENT_CONFIRMATION_OK"
9167,10402958265,10402958296,1,"IOTHUB_CLIENT_CONFIRMATION_OK"
9168,10402958465,10402958527,1,"IOTHUB_CLIENT_CONFIRMATION_OK"
9169,10402958665,10402958697,1,"IOTHUB_CLIENT_CONFIRMATION_OK"
9170,10402958865,10402958922,1,"IOTHUB_CLIENT_CONFIRMATION_OK"
9171,10402959065,10402959104,1,"IOTHUB_CLIENT_CONFIRMATION_OK"
9172,10402959265,10402959313,1,"IOTHUB_CLIENT_CONFIRMATION_OK"
9173,10402959466,10402959517,1,"IOTHUB_CLIENT_CONFIRMATION_OK"
9174,10402959666,10402959715,1,"IOTHUB_CLIENT_CONFIRMATION_OK"
9175,10402959866,10402959900,1,"IOTHUB_CLIENT_CONFIRMATION_OK"
9176,10402960066,10402960114,1,"IOTHUB_CLIENT_CONFIRMATION_OK"
9177,10402960266,10402960314,1,"IOTHUB_CLIENT_CONFIRMATION_OK"
9178,10402960466,10402960512,1,"IOTHUB_CLIENT_CONFIRMATION_OK"
9179,10402960666,10402960709,1,"IOTHUB_CLIENT_CONFIRMATION_OK"
9180,10402960867,10402960908,1,"IOTHUB_CLIENT_CONFIRMATION_OK"
9181,10402961067,10402961096,1,"IOTHUB_CLIENT_CONFIRMATION_OK"
9182,10402961267,10402961322,1,"IOTHUB_CLIENT_CONFIRMATION_OK"
9183,10402961467,10402961501,1,"IOTHUB_CLIENT_CONFIRMATION_OK"
9184,10402961667,10402961711,1,"IOTHUB_CLIENT_CONFIRMATION_OK"
9185,10402961867,10402961905,1,"IOTHUB_CLIENT_CONFIRMATION_OK"
9186,10402962068,10402962135,1,"IOTHUB_CLIENT_CONFIRMATION_OK"
9187,10402962268,10402962307,1,"IOTHUB_CLIENT_CONFIRMATION_OK"
9188,10402962468,10402962508,1,"IOTHUB_CLIENT_CONFIRMATION_OK"
9189,10402962668,10402962738,1,"IOTHUB_CLIENT_CONFIRMATION_OK"
9190,10402962868,10402962910,1,"IOTHUB_CLIENT_CONFIRMATION_OK"
9191,10402963068,10402963137,1,"IOTHUB_CLIENT_CONFIRMATION_OK"
9192,10402963268,10402963306,1,"IOTHUB_CLIENT_CONFIRMATION_OK"
9193,10402963469,10402963525,1,"IOTHUB_CLIENT_CONFIRMATION_OK"
9194,10402963669,10402963763,1,"IOTHUB_CLIENT_CONFIRMATION_OK"
9195,10402963869,10402963908,1,"IOTHUB_CLIENT_CONFIRMATION_OK"
9196,10402964069,10402964102,1,"IOTHUB_CLIENT_CONFIRMATION_OK"
9197,10402964269,10402964365,1,"IOTHUB_CLIENT_CONFIRMATION_OK"
9198,10402964470,10402964516,1,"IOTHUB_CLIENT_CONFIRMATION_OK"
9199,10402964670,10402964712,1,"IOTHUB_CLIENT_CONFIRMATION_OK"
9200,10402964870,10402964978,1,"IOTHUB_CLIENT_CONFIRMATION_OK"
9201,10402965070,10402965117,1,"IOTHUB_CLIENT_CONFIRMATION_OK"
9202,10402965270,10402965304,1,"IOTHUB_CLIENT_CONFIRMATION_OK"
9203,10402965470,10402965506,1,"IOTHUB_CLIENT_CONFIRMATION_OK"
9204,10402965670,10402965706,1,"IOTHUB_CLIENT_CONFIRMATION_OK"
9205,10402965871,10402965922,1,"IOTHUB_CLIENT_CONFIRMATION_OK"
9206,10402966071,10402966120,1,"IOTHUB_CLIENT_CONFIRMATION_OK"
9207,10402966271,10402966331,1,"IOTHUB_CLIENT_CONFIRMATION_OK"
9208,10402966471,10402966620,1,"IOTHUB_CLIENT_CONFIRMATION_OK"
9209,10402966671,10402966716,1,"IOTHUB_CLIENT_CONFIRMATION_OK"
9210,10402966871,10402966918,1,"IOTHUB_CLIENT_CONFIRMATION_OK"
9211,10402967072,10402967230,1,"IOTHUB_CLIENT_CONFIRMATION_OK"
9212,10402967272,10402967308,1,"IOTHUB_CLIENT_CONFIRMATION_OK"
9213,10402967472,10402967512,1,"IOTHUB_CLIENT_CONFIRMATION_OK"
9214,10402967672,10402967768,1,"IOTHUB_CLIENT_CONFIRMATION_OK"
9215,10402967872,10402967925,1,"IOTHUB_CLIENT_CONFIRMATION_OK"
9216,10402968072,10402968105,1,"IOTHUB_CLIENT_CONFIRMATION_OK"
9217,10402968272,10402968325,1,"IOTHUB_CLIENT_CONFIRMATION_OK"
9218,10402968473,10402968509,1,"IOTHUB_CLIENT_CONFIRMATION_OK"
9219,10402968673,10402968707,1,"IOTHUB_CLIENT_CONFIRMATION_OK"
9220,10402968873,10402968933,1,"IOTHUB_CLIENT_CONFIRMATION_OK"
9221,10402969073,10402969127,1,"IOTHUB_CLIENT_CONFIRMATION_OK"
9222,10402969273,10402969454,1,"IOTHUB_CLIENT_CONFIRMATION_OK"
9223,10402969473,10402969523,1,"IOTHUB_CLIENT_CONFIRMATION_OK"
9224,10402969674,10402969722,1,"IOTHUB_CLIENT_CONFIRMATION_OK"
9225,10402969874,10402970070,1,"IOTHUB_CLIENT_CONFIRMATION_OK"
9226,10402970074,10402970111,1,"IOTHUB_CLIENT_CONFIRMATION_OK"
9227,10402970274,10402970318,1,"IOTHUB_CLIENT_CONFIRMATION_OK"
9228,10402970474,10402970513,1,"IOTHUB_CLIENT_CONFIRMATION_OK"
9229,10402970674,10402970725,1,"IOTHUB_CLIENT_CONFIRMATION_OK"
9230,10402970875,10402970925,1,"IOTHUB_CLIENT_CONFIRMATION_OK"
9231,10402971075,10402971113,1,"IOTHUB_CLIENT_CONFIRMATION_OK"
9232,10402971275,10402971322,1,"IOTHUB_CLIENT_CONFIRMATION_OK"
9233,10402971475,10402971509,1,"IOTHUB_CLIENT_CONFIRMATION_OK"
9234,10402971675,10402971732,1,"IOTHUB_CLIENT_CONFIRMATION_OK"
9235,10402971875,10402971906,1,"IOTHUB_CLIENT_CONFIRMATION_OK"
9236,10402972075,10402972131,1,"IOTHUB_CLIENT_CONFIRMATION_OK"
9237,10402972276,10402972317,1,"IOTHUB_CLIENT_CONFIRMATION_OK"
9238,10402972476,10402972521,1,"IOTHUB_CLIENT_CONFIRMATION_OK"
9239,10402972676,10402972900,1,"IOTHUB_CLIENT_CONFIRMATION_OK"
9240,10402972876,10402972919,1,"IOTHUB_CLIENT_CONFIRMATION_OK"
9241,10402973076,10402973110,1,"IOTHUB_CLIENT_CONFIRMATION_OK"
9242,10402973276,10402973325,1,"IOTHUB_CLIENT_CONFIRMATION_OK"
9243,10402973477,10402973508,1,"IOTHUB_CLIENT_CONFIRMATION_OK"
9244,10402973677,10402973803,1,"IOTHUB_CLIENT_CONFIRMATION_OK"
9245,10402973877,10402974034,1,"IOTHUB_CLIENT_CONFIRMATION_OK"
9246,10402974077,10402974119,1,"IOTHUB_CLIENT_CONFIRMATION_OK"
9247,10402974277,10402974305,1,"IOTHUB_CLIENT_CONFIRMATION_OK"
9248,10402974477,10402974602,1,"IOTHUB_CLIENT_CONFIRMATION_OK"
9249,10402974677,10402974750,1,"IOTHUB_CLIENT_CONFIRMATION_OK"
9250,10402974878,10402974925,1,"IOTHUB_CLIENT_CONFIRMATION_OK"
9251,10402975078,10402975113,1,"IOTHUB_CLIENT_CONFIRMATION_OK"
9252,10402975278,10402975379,1,"IOTHUB_CLIENT_CONFIRMATION_OK"
9253,10402975478,10402975521,1,"IOTHUB_CLIENT_CONFIRMATION_OK"
9254,10402975678,10402975738,1,"IOTHUB_CLIENT_CONFIRMATION_OK"
9255,10402975878,10402975924,1,"IOTHUB_CLIENT_CONFIRMATION_OK"
9256,10402976079,10402976224,1,"IOTHUB_CLIENT_CONFIRMATION_OK"
9257,10402976279,10402976329,1,"IOTHUB_CLIENT_CONFIRMATION_OK"
9258,10402976479,10402976525,1,"IOTHUB_CLIENT_CONFIRMATION_OK"
9259,10402976679,10402976857,1,"IOTHUB_CLIENT_CONFIRMATION_OK"
9260,10402976879,10402976920,1,"IOTHUB_CLIENT_CONFIRMATION_OK"
9261,10402977079,10402977116,1,"IOTHUB_CLIENT_CONFIRMATION_OK"
9262,10402977280,10402977321,1,"IOTHUB_CLIENT_CONFIRMATION_OK"
9263,10402977480,10402977511,1,"IOTHUB_CLIENT_CONFIRMATION_OK"
9264,10402977680,10402977713,1,"IOTHUB_CLIENT_CONFIRMATION_OK"
9265,10402977880,10402977911,1,"IOTHUB_CLIENT_CONFIRMATION_OK"
9266,10402978080,10402978128,1,"IOTHUB_CLIENT_CONFIRMATION_OK"
9267,10402978280,10402978324,1,"IOTHUB_CLIENT_CONFIRMATION_OK"
9268,10402978480,10402978516,1,"IOTHUB_CLIENT_CONFIRMATION_OK"
9269,10402978681,10402978719,1,"IOTHUB_CLIENT_CONFIRMATION_OK"
9270,10402978881,10402978929,1,"IOTHUB_CLIENT_CONFIRMATION_OK"
9271,10402979081,10402979117,1,"IOTHUB_CLIENT_CONFIRMATION_OK"
9272,10402979281,10402979350,1,"IOTHUB_CLIENT_CONFIRMATION_OK"
9273,10402979481,10402979681,1,"IOTHUB_CLIENT_CONFIRMATION_OK"
9274,10402979681,10402979714,1,"IOTHUB_CLIENT_CONFIRMATION_OK"
9275,10402979881,10402979919,1,"IOTHUB_CLIENT_CONFIRMATION_OK"
9276,10402980082,10402980141,1,"IOTHUB_CLIENT_CONFIRMATION_OK"
9277,10402980282,10402980337,1,"IOTHUB_CLIENT_CONFIRMATION_OK"
9278,10402980482,10402980525,1,"IOTHUB_CLIENT_CONFIRMATION_OK"
9279,10402980682,10402980715,1,"IOTHUB_CLIENT_CONFIRMATION_OK"
9280,10402980882,10402980921,1,"IOTHUB_CLIENT_CONFIRMATION_OK"
9281,10402981082,10402981112,1,"IOTHUB_CLIENT_CONFIRMATION_OK"
9282,10402981283,10402981338,1,"IOTHUB_CLIENT_CONFIRMATION_OK"
9283,10402981483,10402981663,1,"IOTHUB_CLIENT_CONFIRMATION_OK"
9284,10402981683,10402981723,1,"IOTHUB_CLIENT_CONFIRMATION_OK"
9285,10402981883,10402981916,1,"IOTHUB_CLIENT_CONFIRMATION_OK"
9286,10402982083,10402982114,1,"IOTHUB_CLIENT_CONFIRMATION_OK"
9287,10402982283,10402982404,1,"IOTHUB_CLIENT_CONFIRMATION_OK"
9288,10402982484,10402982526,1,"IOTHUB_CLIENT_CONFIRMATION_OK"
9289,10402982684,10402982722,1,"IOTHUB_CLIENT_CONFIRMATION_OK"
9290,10402982884,10402982990,1,"IOTHUB_CLIENT_CONFIRMATION_OK"
9291,10402983084,10402983115,1,"IOTHUB_CLIENT_CONFIRMATION_OK"
9292,10402983284,10402983329,1,"IOTHUB_CLIENT_CONFIRMATION_OK"
9293,10402983484,10402983633,1,"IOTHUB_CLIENT_CONFIRMATION_OK"
9294,10402983685,10402983718,1,"IOTHUB_CLIENT_CONFIRMATION_OK"
9295,10402983885,10402983932,1,"IOTHUB_CLIENT_CONFIRMATION_OK"
9296,10402984085,10402984230,1,"IOTHUB_CLIENT_CONFIRMATION_OK"
9297,10402984285,10402984326,1,"IOTHUB_CLIENT_CONFIRMATION_OK"
9298,10402984485,10402984530,1,"IOTHUB_CLIENT_CONFIRMATION_OK"
9299,10402984685,10402984720,1,"IOTHUB_CLIENT_CONFIRMATION_OK"
9300,10402984886,10402984944,1,"IOTHUB_CLIENT_CONFIRMATION_OK"
9301,10402985086,10402985126,1,"IOTHUB_CLIENT_CONFIRMATION_OK"
9302,10402985286,10402985325,1,"IOTHUB_CLIENT_CONFIRMATION_OK"
9303,10402985486,10402985537,1,"IOTHUB_CLIENT_CONFIRMATION_OK"
9304,10402985686,10402985854,1,"IOTHUB_CLIENT_CONFIRMATION_OK"
9305,10402985886,10402985940,1,"IOTHUB_CLIENT_CONFIRMATION_OK"
9306,10402986087,10402986122,1,"IOTHUB_CLIENT_CONFIRMATION_OK"
9307,10402986287,10402986474,1,"IOTHUB_CLIENT_CONFIRMATION_OK"
9308,10402986487,10402986530,1,"IOTHUB_CLIENT_CONFIRMATION_OK"
9309,10402986687,10402986735,1,"IOTHUB_CLIENT_CONFIRMATION_OK"
9310,10402986887,10402986920,1,"IOTHUB_CLIENT_CONFIRMATION_OK"
9311,10402987087,10402987122,1,"IOTHUB_CLIENT_CONFIRMATION_OK"
9312,10402987287,10402987340,1,"IOTHUB_CLIENT_CONFIRMATION_OK"
9313,10402987488,10402987522,1,"IOTHUB_CLIENT_CONFIRMATION_OK"
9314,10402987688,10402987718,1,"IOTHUB_CLIENT_CONFIRMATION_OK"
9315,10402987888,10402988094,1,"IOTHUB_CLIENT_CONFIRMATION_OK"
9316,10402988088,10402988130,1,"IOTHUB_CLIENT_CONFIRMATION_OK"
9317,10402988288,10402988322,1,"IOTHUB_CLIENT_CONFIRMATION_OK"
9318,10402988488,10402988552,1,"IOTHUB_CLIENT_CONFIRMATION_OK"
9319,10402988688,10402988736,1,"IOTHUB_CLIENT_CONFIRMATION_OK"
9320,10402988889,10402988921,1,"IOTHUB_CLIENT_CONFIRMATION_OK"
9321,10402989089,10402989128,1,"IOTHUB_CLIENT_CONFIRMATION_OK"
9322,10402989289,10402989333,1,"IOTHUB_CLIENT_CONFIRMATION_OK"
9323,10402989489,10402989522,1,"IOTHUB_CLIENT_CONFIRMATION_OK"
9324,10402989689,10402989734,1,"IOTHUB_CLIENT_CONFIRMATION_OK"
9325,10402989889,10402989922,1,"IOTHUB_CLIENT_CONFIRMATION_OK"
9326,10402990090,10402990130,1,"IOTHUB_CLIENT_CONFIRMATION_OK"
9327,10402990290,10402990343,1,"IOTHUB_CLIENT_CONFIRMATION_OK"
9328,10402990490,10402990536,1,"IOTHUB_CLIENT_CONFIRMATION_OK"
9329,10402990690,10402990729,1,"IOTHUB_CLIENT_CONFIRMATION_OK"
9330,10402990890,10402990959,1,"IOTHUB_CLIENT_CONFIRMATION_OK"
9331,10402991090,10402991150,1,"IOTHUB_CLIENT_CONFIRMATION_OK"
9332,10402991291,10402991354,1,"IOTHUB_CLIENT_CONFIRMATION_OK"
9333,10402991491,10402991555,1,"IOTHUB_CLIENT_CONFIRMATION_OK"
9334,10402991691,10402991756,1,"IOTHUB_CLIENT_CONFIRMATION_OK"
9335,10402991891,10402991921,1,"IOTHUB_CLIENT_CONFIRMATION_OK"
9336,10402992091,10402992146,1,"IOTHUB_CLIENT_CONFIRMATION_OK"
9337,10402992291,10402992338,1,"IOTHUB_CLIENT_CONFIRMATION_OK"
9338,10402992492,10402992585,1,"IOTHUB_CLIENT_CONFIRMATION_OK"
9339,10402992692,10402992742,1,"IOTHUB_CLIENT_CONFIRMATION_OK"
9340,10402992892,10402992926,1,"IOTHUB_CLIENT_CONFIRMATION_OK"
9341,10402993092,10402993183,1,"IOTHUB_CLIENT_CONFIRMATION_OK"
9342,10402993292,10402993348,1,"IOTHUB_CLIENT_CONFIRMATION_OK"
9343,10402993492,10402993552,1,"IOTHUB_CLIENT_CONFIRMATION_OK"
9344,10402993693,10402993795,1,"IOTHUB_CLIENT_CONFIRMATION_OK"
9345,10402993893,10402993993,1,"IOTHUB_CLIENT_CONFIRMATION_OK"
9346,10402994093,10402994139,1,"IOTHUB_CLIENT_CONFIRMATION_OK"
9347,10402994293,10402994331,1,"IOTHUB_CLIENT_CONFIRMATION_OK"
9348,10402994493,10402994535,1,"IOTHUB_CLIENT_CONFIRMATION_OK"
9349,10402994693,10402994730,1,"IOTHUB_CLIENT_CONFIRMATION_OK"
9350,10402994894,10402994926,1,"IOTHUB_CLIENT_CONFIRMATION_OK"
9351,10402995094,10402995124,1,"IOTHUB_CLIENT_CONFIRMATION_OK"
9352,10402995294,10402995336,1,"IOTHUB_CLIENT_CONFIRMATION_OK"
9353,10402995494,10402995544,1,"IOTHUB_CLIENT_CONFIRMATION_OK"
9354,10402995694,10402995746,1,"IOTHUB_CLIENT_CONFIRMATION_OK"
9355,10402995894,10402996040,1,"IOTHUB_CLIENT_CONFIRMATION_OK"
9356,10402996095,10402996139,1,"IOTHUB_CLIENT_CONFIRMATION_OK"
9357,10402996295,10402996327,1,"IOTHUB_CLIENT_CONFIRMATION_OK"
9358,10402996495,10402996640,1,"IOTHUB_CLIENT_CONFIRMATION_OK"
9359,10402996695,10402996728,1,"IOTHUB_CLIENT_CONFIRMATION_OK"
9360,10402996895,10402996931,1,"IOTHUB_CLIENT_CONFIRMATION_OK"
9361,10402997095,10402997136,1,"IOTHUB_CLIENT_CONFIRMATION_OK"
9362,10402997295,10402997331,1,"IOTHUB_CLIENT_CONFIRMATION_OK"
9363,10402997496,10402997536,1,"IOTHUB_CLIENT_CONFIRMATION_OK"
9364,10402997696,10402997733,1,"IOTHUB_CLIENT_CONFIRMATION_OK"
9365,10402997896,10402997931,1,"IOTHUB_CLIENT_CONFIRMATION_OK"
9366,10402998096,10402998133,1,"IOTHUB_CLIENT_CONFIRMATION_OK"
9367,10402998296,10402998327,1,"IOTHUB_CLIENT_CONFIRMATION_OK"
9368,10402998496,10402998528,1,"IOTHUB_CLIENT_CONFIRMATION_OK"
9369,10402998697,10402998870,1,"IOTHUB_CLIENT_CONFIRMATION_OK"
9370,10402998897,10402998936,1,"IOTHUB_CLIENT_CONFIRMATION_OK"
9371,10402999097,10402999155,1,"IOTHUB_CLIENT_CONFIRMATION_OK"
9372,10402999297,10402999484,1,"IOTHUB_CLIENT_CONFIRMATION_OK"
9373,10402999497,10402999535,1,"IOTHUB_CLIENT_CONFIRMATION_OK"
9374,10402999697,10402999729,1,"IOTHUB_CLIENT_CONFIRMATION_OK"
9375,10402999898,10402999959,1,"IOTHUB_CLIENT_CONFIRMATION_OK"
9376,10403000098,10403000133,1,"IOTHUB_CLIENT_CONFIRMATION_OK"
9377,10403000298,10403000390,1,"IOTHUB_CLIENT_CONFIRMATION_OK"
9378,10403000498,10403000571,1,"IOTHUB_CLIENT_CONFIRMATION_OK"
9379,10403000698,10403000729,1,"IOTHUB_CLIENT_CONFIRMATION_OK"
9380,10403000898,10403000937,1,"IOTHUB_CLIENT_CONFIRMATION_OK"
9381,10403001099,10403001145,1,"IOTHUB_CLIENT_CONFIRMATION_OK"
9382,10403001299,10403001331,1,"IOTHUB_CLIENT_CONFIRMATION_OK"
9383,10403001499,10403001535,1,"IOTHUB_CLIENT_CONFIRMATION_OK"
9384,10403001699,10403001735,1,"IOTHUB_CLIENT_CONFIRMATION_OK"
9385,10403001899,10403001939,1,"IOTHUB_CLIENT_CONFIRMATION_OK"
9386,10403002099,10403002138,1,"IOTHUB_CLIENT_CONFIRMATION_OK"
9387,10403002300,10403002356,1,"IOTHUB_CLIENT_CONFIRMATION_OK"
9388,10403002500,10403002538,1,"IOTHUB_CLIENT_CONFIRMATION_OK"
9389,10403002700,10403002749,1,"IOTHUB_CLIENT_CONFIRMATION_OK"
9390,10403002900,10403002933,1,"IOTHUB_CLIENT_CONFIRMATION_OK"
9391,10403003100,10403003164,1,"IOTHUB_CLIENT_CONFIRMATION_OK"
9392,10403003300,10403003354,1,"IOTHUB_CLIENT_CONFIRMATION_OK"
9393,10403003501,10403003544,1,"IOTHUB_CLIENT_CONFIRMATION_OK"
9394,10403003701,10403003744,1,"IOTHUB_CLIENT_CONFIRMATION_OK"
9395,10403003901,10403003968,1,"IOTHUB_CLIENT_CONFIRMATION_OK"
9396,10403004101,10403004146,1,"IOTHUB_CLIENT_CONFIRMATION_OK"
9397,10403004301,10403004340,1,"IOTHUB_CLIENT_CONFIRMATION_OK"
9398,10403004501,10403004577,1,"IOTHUB_CLIENT_CONFIRMATION_OK"
9399,10403004702,10403004791,1,"IOTHUB_CLIENT_CONFIRMATION_OK"
9400,10403004902,10403004936,1,"IOTHUB_CLIENT_CONFIRMATION_OK"
9401,10403005102,10403005132,1,"IOTHUB_CLIENT_CONFIRMATION_OK"
9402,10403005302,10403005335,1,"IOTHUB_CLIENT_CONFIRMATION_OK"
9403,10403005502,10403005582,1,"IOTHUB_CLIENT_CONFIRMATION_OK"
9404,10403005702,10403005745,1,"IOTHUB_CLIENT_CONFIRMATION_OK"
9405,10403005902,10403005940,1,"IOTHUB_CLIENT_CONFIRMATION_OK"
9406,10403006103,10403006206,1,"IOTHUB_CLIENT_CONFIRMATION_OK"
9407,10403006303,10403006335,1,"IOTHUB_CLIENT_CONFIRMATION_OK"
9408,10403006503,10403006553,1,"IOTHUB_CLIENT_CONFIRMATION_OK"
9409,10403006703,10403006809,1,"IOTHUB_CLIENT_CONFIRMATION_OK"
9410,10403006903,10403006953,1,"IOTHUB_CLIENT_CONFIRMATION_OK"
9411,10403007103,10403007146,1,"IOTHUB_CLIENT_CONFIRMATION_OK"
9412,10403007304,10403007344,1,"IOTHUB_CLIENT_CONFIRMATION_OK"
9413,10403007504,10403007557,1,"IOTHUB_CLIENT_CONFIRMATION_OK"
9414,10403007704,10403007763,1,"IOTHUB_CLIENT_CONFIRMATION_OK"
9415,10403007904,10403007958,1,"IOTHUB_CLIENT_CONFIRMATION_OK"
9416,10403008104,10403008134,1,"IOTHUB_CLIENT_CONFIRMATION_OK"
9417,10403008304,10403008433,1,"IOTHUB_CLIENT_CONFIRMATION_OK"
9418,10403008505,10403008535,1,"IOTHUB_CLIENT_CONFIRMATION_OK"
9419,10403008705,10403008745,1,"IOTHUB_CLIENT_CONFIRMATION_OK"
9420,10403008905,10403009046,1,"IOTHUB_CLIENT_CONFIRMATION_OK"
9421,10403009105,10403009150,1,"IOTHUB_CLIENT_CONFIRMATION_OK"
9422,10403009305,10403009346,1,"IOTHUB_CLIENT_CONFIRMATION_OK"
9423,10403009505,10403009669,1,"IOTHUB_CLIENT_CONFIRMATION_OK"
9424,10403009705,10403009751,1,"IOTHUB_CLIENT_CONFIRMATION_OK"
9425,10403009906,10403009941,1,"IOTHUB_CLIENT_CONFIRMATION_OK"
9426,10403010106,10403010148,1,"IOTHUB_CLIENT_CONFIRMATION_OK"
9427,10403010306,10403010356,1,"IOTHUB_CLIENT_CONFIRMATION_OK"
9428,10403010506,10403010538,1,"IOTHUB_CLIENT_CONFIRMATION_OK"
9429,10403010706,10403010741,1,"IOTHUB_CLIENT_CONFIRMATION_OK"
9430,10403010906,10403010939,1,"IOTHUB_CLIENT_CONFIRMATION_OK"
9431,10403011107,10403011152,1,"IOTHUB_CLIENT_CONFIRMATION_OK"
9432,10403011307,10403011339,1,"IOTHUB_CLIENT_CONFIRMATION_OK"
9433,10403011507,10403011544,1,"IOTHUB_CLIENT_CONFIRMATION_OK"
9434,10403011707,10403011910,1,"IOTHUB_CLIENT_CONFIRMATION_OK"
9435,10403011907,10403011958,1,"IOTHUB_CLIENT_CONFIRMATION_OK"
9436,10403012107,10403012144,1,"IOTHUB_CLIENT_CONFIRMATION_OK"
9437,10403012307,10403012340,1,"IOTHUB_CLIENT_CONFIRMATION_OK"
9438,10403012508,10403012544,1,"IOTHUB_CLIENT_CONFIRMATION_OK"
9439,10403012708,10403012790,1,"IOTHUB_CLIENT_CONFIRMATION_OK"
9440,10403012908,10403012941,1,"IOTHUB_CLIENT_CONFIRMATION_OK"
9441,10403013108,10403013139,1,"IOTHUB_CLIENT_CONFIRMATION_OK"
9442,10403013308,10403013356,1,"IOTHUB_CLIENT_CONFIRMATION_OK"
9443,10403013508,10403013544,1,"IOTHUB_CLIENT_CONFIRMATION_OK"
9444,10403013709,10403013739,1,"IOTHUB_CLIENT_CONFIRMATION_OK"
9445,10403013909,10403013965,1,"IOTHUB_CLIENT_CONFIRMATION_OK"
9446,10403014109,10403014146,1,"IOTHUB_CLIENT_CONFIRMATION_OK"
9447,10403014309,10403014371,1,"IOTHUB_CLIENT_CONFIRMATION_OK"
9448,10403014509,10403014549,1,"IOTHUB_CLIENT_CONFIRMATION_OK"
9449,10403014709,10403014766,1,"IOTHUB_CLIENT_CONFIRMATION_OK"
9450,10403014910,10403014953,1,"IOTHUB_CLIENT_CONFIRMATION_OK"
9451,10403015110,10403015153,1,"IOTHUB_CLIENT_CONFIRMATION_OK"
9452,10403015310,10403015353,1,"IOTHUB_CLIENT_CONFIRMATION_OK"
9453,10403015510,10403015561,1,"IOTHUB_CLIENT_CONFIRMATION_OK"
9454,10403015710,10403015776,1,"IOTHUB_CLIENT_CONFIRMATION_OK"
9455,10403015910,10403015945,1,"IOTHUB_CLIENT_CONFIRMATION_OK"
9456,10403016110,10403016147,1,"IOTHUB_CLIENT_CONFIRMATION_OK"
9457,10403016311,10403016403,1,"IOTHUB_CLIENT_CONFIRMATION_OK"
9458,10403016511,10403016568,1,"IOTHUB_CLIENT_CONFIRMATION_OK"
9459,10403016711,10403016759,1,"IOTHUB_CLIENT_CONFIRMATION_OK"
9460,10403016911,10403017007,1,"IOTHUB_CLIENT_CONFIRMATION_OK"
9461,10403017111,10403017144,1,"IOTHUB_CLIENT_CONFIRMATION_OK"
9462,10403017311,10403017347,1,"IOTHUB_CLIENT_CONFIRMATION_OK"
9463,10403017512,10403017544,1,"IOTHUB_CLIENT_CONFIRMATION_OK"
9464,10403017712,10403017750,1,"IOTHUB_CLIENT_CONFIRMATION_OK"
9465,10403017912,10403017948,1,"IOTHUB_CLIENT_CONFIRMATION_OK"
9466,10403018112,10403018157,1,"IOTHUB_CLIENT_CONFIRMATION_OK"
9467,10403018312,10403018348,1,"IOTHUB_CLIENT_CONFIRMATION_OK"
9468,10403018512,10403018645,1,"IOTHUB_CLIENT_CONFIRMATION_OK"
9469,10403018713,10403018770,1,"IOTHUB_CLIENT_CONFIRMATION_OK"
9470,10403018913,10403018950,1,"IOTHUB_CLIENT_CONFIRMATION_OK"
9471,10403019113,10403019256,1,"IOTHUB_CLIENT_CONFIRMATION_OK"
9472,10403019313,10403019377,1,"IOTHUB_CLIENT_CONFIRMATION_OK"
9473,10403019513,10403019561,1,"IOTHUB_CLIENT_CONFIRMATION_OK"
9474,10403019713,10403019758,1,"IOTHUB_CLIENT_CONFIRMATION_OK"
9475,10403019914,10403019947,1,"IOTHUB_CLIENT_CONFIRMATION_OK"
9476,10403020114,10403020147,1,"IOTHUB_CLIENT_CONFIRMATION_OK"
9477,10403020314,10403020367,1,"IOTHUB_CLIENT_CONFIRMATION_OK"
9478,10403020514,10403020563,1,"IOTHUB_CLIENT_CONFIRMATION_OK"
9479,10403020714,10403020749,1,"IOTHUB_CLIENT_CONFIRMATION_OK"
9480,10403020914,10403020947,1,"IOTHUB_CLIENT_CONFIRMATION_OK"
9481,10403021115,10403021161,1,"IOTHUB_CLIENT_CONFIRMATION_OK"
9482,10403021315,10403021488,1,"IOTHUB_CLIENT_CONFIRMATION_OK"
9483,10403021515,10403021554,1,"IOTHUB_CLIENT_CONFIRMATION_OK"
9484,10403021715,10403021754,1,"IOTHUB_CLIENT_CONFIRMATION_OK"
9485,10403021915,10403022110,1,"IOTHUB_CLIENT_CONFIRMATION_OK"
9486,10403022115,10403022150,1,"IOTHUB_CLIENT_CONFIRMATION_OK"
9487,10403022315,10403022365,1,"IOTHUB_CLIENT_CONFIRMATION_OK"
9488,10403022516,10403022544,1,"IOTHUB_CLIENT_CONFIRMATION_OK"
9489,10403022716,10403022786,1,"IOTHUB_CLIENT_CONFIRMATION_OK"
9490,10403022916,10403022979,1,"IOTHUB_CLIENT_CONFIRMATION_OK"
9491,10403023116,10403023171,1,"IOTHUB_CLIENT_CONFIRMATION_OK"
9492,10403023316,10403023371,1,"IOTHUB_CLIENT_CONFIRMATION_OK"
9493,10403023516,10403023557,1,"IOTHUB_CLIENT_CONFIRMATION_OK"
9494,10403023717,10403023788,1,"IOTHUB_CLIENT_CONFIRMATION_OK"
9495,10403023917,10403023953,1,"IOTHUB_CLIENT_CONFIRMATION_OK"
9496,10403024117,10403024172,1,"IOTHUB_CLIENT_CONFIRMATION_OK"
9497,10403024317,10403024354,1,"IOTHUB_CLIENT_CONFIRMATION_OK"
9498,10403024517,10403024557,1,"IOTHUB_CLIENT_CONFIRMATION_OK"
9499,10403024717,10403024795,1,"IOTHUB_CLIENT_CONFIRMATION_OK"
9500,10403024918,10403024956,1,"IOTHUB_CLIENT_CONFIRMATION_OK"
9501,10403025118,10403025146,1,"IOTHUB_CLIENT_CONFIRMATION_OK"
9502,10403025318,10403025461,1,"IOTHUB_CLIENT_CONFIRMATION_OK"
9503,10403025518,10403025564,1,"IOTHUB_CLIENT_CONFIRMATION_OK"
9504,10403025718,10403025751,1,"IOTHUB_CLIENT_CONFIRMATION_OK"
9505,10403025918,10403026075,1,"IOTHUB_CLIENT_CONFIRMATION_OK"
9506,10403026118,10403026148,1,"IOTHUB_CLIENT_CONFIRMATION_OK"
9507,10403026319,10403026360,1,"IOTHUB_CLIENT_CONFIRMATION_OK"
9508,10403026519,10403026560,1,"IOTHUB_CLIENT_CONFIRMATION_OK"
9509,10403026719,10403026753,1,"IOTHUB_CLIENT_CONFIRMATION_OK"
9510,10403026919,10403026959,1,"IOTHUB_CLIENT_CONFIRMATION_OK"
9511,10403027119,10403027151,1,"IOTHUB_CLIENT_CONFIRMATION_OK"
9512,10403027319,10403027350,1,"IOTHUB_CLIENT_CONFIRMATION_OK"
9513,10403027519,10403027548,1,"IOTHUB_CLIENT_CONFIRMATION_OK"
9514,10403027720,10403027772,1,"IOTHUB_CLIENT_CONFIRMATION_OK"
9515,10403027920,10403027950,1,"IOTHUB_CLIENT_CONFIRMATION_OK"
9516,10403028120,10403028214,1,"IOTHUB_CLIENT_CONFIRMATION_OK"
9517,10403028320,10403028351,1,"IOTHUB_CLIENT_CONFIRMATION_OK"
9518,10403028520,10403028554,1,"IOTHUB_CLIENT_CONFIRMATION_OK"
9519,10403028720,10403028946,1,"IOTHUB_CLIENT_CONFIRMATION_OK"
9520,10403028921,10403028967,1,"IOTHUB_CLIENT_CONFIRMATION_OK"
9521,10403029121,10403029152,1,"IOTHUB_CLIENT_CONFIRMATION_OK"
9522,10403029321,10403029353,1,"IOTHUB_CLIENT_CONFIRMATION_OK"
9523,10403029521,10403029558,1,"IOTHUB_CLIENT_CONFIRMATION_OK"
9524,10403029721,10403029752,1,"IOTHUB_CLIENT_CONFIRMATION_OK"
9525,10403029921,10403029955,1,"IOTHUB_CLIENT_CONFIRMATION_OK"
9526,10403030122,10403030160,1,"IOTHUB_CLIENT_CONFIRMATION_OK"
9527,10403030322,10403030363,1,"IOTHUB_CLIENT_CONFIRMATION_OK"
9528,10403030522,10403030557,1,"IOTHUB_CLIENT_CONFIRMATION_OK"
9529,10403030722,10403030771,1,"IOTHUB_CLIENT_CONFIRMATION_OK"
9530,10403030922,10403030958,1,"IOTHUB_CLIENT_CONFIRMATION_OK"
9531,10403031122,10403031155,1,"IOTHUB_CLIENT_CONFIRMATION_OK"
9532,10403031323,10403031357,1,"IOTHUB_CLIENT_CONFIRMATION_OK"
9533,10403031523,10403031554,1,"IOTHUB_CLIENT_CONFIRMATION_OK"
9534,10403031723,10403031758,1,"IOTHUB_CLIENT_CONFIRMATION_OK"
9535,10403031923,10403031957,1,"IOTHUB_CLIENT_CONFIRMATION_OK"
9536,10403032123,10403032159,1,"IOTHUB_CLIENT_CONFIRMATION_OK"
9537,10403032323,10403032354,1,"IOTHUB_CLIENT_CONFIRMATION_OK"
9538,10403032524,10403032556,1,"IOTHUB_CLIENT_CONFIRMATION_OK"
9539,10403032724,10403032776,1,"IOTHUB_CLIENT_CONFIRMATION_OK"
9540,10403032924,10403032952,1,"IOTHUB_CLIENT_CONFIRMATION_OK"
9541,10403033124,10403033159,1,"IOTHUB_CLIENT_CONFIRMATION_OK"
9542,10403033324,10403033480,1,"IOTHUB_CLIENT_CONFIRMATION_OK"
9543,10403033524,10403033563,1,"IOTHUB_CLIENT_CONFIRMATION_OK"
9544,10403033724,10403033752,1,"IOTHUB_CLIENT_CONFIRMATION_OK"
9545,10403033925,10403033954,1,"IOTHUB_CLIENT_CONFIRMATION_OK"
9546,10403034125,10403034174,1,"IOTHUB_CLIENT_CONFIRMATION_OK"
9547,10403034325,10403034356,1,"IOTHUB_CLIENT_CONFIRMATION_OK"
9548,10403034525,10403034641,1,"IOTHUB_CLIENT_CONFIRMATION_OK"
9549,10403034725,10403034762,1,"IOTHUB_CLIENT_CONFIRMATION_OK"
9550,10403034925,10403035082,1,"IOTHUB_CLIENT_CONFIRMATION_OK"
9551,10403035126,10403035159,1,"IOTHUB_CLIENT_CONFIRMATION_OK"
9552,10403035326,10403035357,1,"IOTHUB_CLIENT_CONFIRMATION_OK"
9553,10403035526,10403035694,1,"IOTHUB_CLIENT_CONFIRMATION_OK"
9554,10403035726,10403035755,1,"IOTHUB_CLIENT_CONFIRMATION_OK"
9555,10403035926,10403035955,1,"IOTHUB_CLIENT_CONFIRMATION_OK"
9556,10403036126,10403036175,1,"IOTHUB_CLIENT_CONFIRMATION_OK"
9557,10403036326,10403036357,1,"IOTHUB_CLIENT_CONFIRMATION_OK"
9558,10403036527,10403036558,1,"IOTHUB_CLIENT_CONFIRMATION_OK"
9559,10403036727,10403036758,1,"IOTHUB_CLIENT_CONFIRMATION_OK"
9560,10403036927,10403036958,1,"IOTHUB_CLIENT_CONFIRMATION_OK"
9561,10403037127,10403037165,1,"IOTHUB_CLIENT_CONFIRMATION_OK"
9562,10403037327,10403037358,1,"IOTHUB_CLIENT_CONFIRMATION_OK"
9563,10403037527,10403037568,1,"IOTHUB_CLIENT_CONFIRMATION_OK"
9564,10403037728,10403037762,1,"IOTHUB_CLIENT_CONFIRMATION_OK"
9565,10403037928,10403037959,1,"IOTHUB_CLIENT_CONFIRMATION_OK"
9566,10403038128,10403038167,1,"IOTHUB_CLIENT_CONFIRMATION_OK"
9567,10403038328,10403038559,1,"IOTHUB_CLIENT_CONFIRMATION_OK"
9568,10403038528,10403038575,1,"IOTHUB_CLIENT_CONFIRMATION_OK"
9569,10403038728,10403038758,1,"IOTHUB_CLIENT_CONFIRMATION_OK"
9570,10403038928,10403038960,1,"IOTHUB_CLIENT_CONFIRMATION_OK"
9571,10403039129,10403039159,1,"IOTHUB_CLIENT_CONFIRMATION_OK"
9572,10403039329,10403039381,1,"IOTHUB_CLIENT_CONFIRMATION_OK"
9573,10403039529,10403039557,1,"IOTHUB_CLIENT_CONFIRMATION_OK"
9574,10403039729,10403039769,1,"IOTHUB_CLIENT_CONFIRMATION_OK"
9575,10403039929,10403039958,1,"IOTHUB_CLIENT_CONFIRMATION_OK"
9576,10403040129,10403040191,1,"IOTHUB_CLIENT_CONFIRMATION_OK"
9577,10403040330,10403040360,1,"IOTHUB_CLIENT_CONFIRMATION_OK"
9578,10403040530,10403040561,1,"IOTHUB_CLIENT_CONFIRMATION_OK"
9579,10403040730,10403040820,1,"IOTHUB_CLIENT_CONFIRMATION_OK"
9580,10403040930,10403040970,1,"IOTHUB_CLIENT_CONFIRMATION_OK"
9581,10403041130,10403041162,1,"IOTHUB_CLIENT_CONFIRMATION_OK"
9582,10403041330,10403041365,1,"IOTHUB_CLIENT_CONFIRMATION_OK"
9583,10403041530,10403041560,1,"IOTHUB_CLIENT_CONFIRMATION_OK"
9584,10403041731,10403041819,1,"IOTHUB_CLIENT_CONFIRMATION_OK"
9585,10403041931,10403041966,1,"IOTHUB_CLIENT_CONFIRMATION_OK"
9586,10403042131,10403042160,1,"IOTHUB_CLIENT_CONFIRMATION_OK"
9587,10403042331,10403042429,1,"IOTHUB_CLIENT_CONFIRMATION_OK"
9588,10403042531,10403042559,1,"IOTHUB_CLIENT_CONFIRMATION_OK"
9589,10403042731,10403042775,1,"IOTHUB_CLIENT_CONFIRMATION_OK"
9590,10403042932,10403043051,1,"IOTHUB_CLIENT_CONFIRMATION_OK"
9591,10403043132,10403043161,1,"IOTHUB_CLIENT_CONFIRMATION_OK"
9592,10403043332,10403043371,1,"IOTHUB_CLIENT_CONFIRMATION_OK"
9593,10403043532,10403043565,1,"IOTHUB_CLIENT_CONFIRMATION_OK"
9594,10403043732,10403043762,1,"IOTHUB_CLIENT_CONFIRMATION_OK"
9595,10403043932,10403044021,1,"IOTHUB_CLIENT_CONFIRMATION_OK"
9596,10403044133,10403044171,1,"IOTHUB_CLIENT_CONFIRMATION_OK"
9597,10403044333,10403044362,1,"IOTHUB_CLIENT_CONFIRMATION_OK"
9598,10403044533,10403044566,1,"IOTHUB_CLIENT_CONFIRMATION_OK"
9599,10403044733,10403044794,1,"IOTHUB_CLIENT_CONFIRMATION_OK"
9600,10403044933,10403044961,1,"IOTHUB_CLIENT_CONFIRMATION_OK"
9601,10403045133,10403045363,1,"IOTHUB_CLIENT_CONFIRMATION_OK"
9602,10403045333,10403045382,1,"IOTHUB_CLIENT_CONFIRMATION_OK"
9603,10403045534,10403045565,1,"IOTHUB_CLIENT_CONFIRMATION_OK"
9604,10403045734,10403045872,1,"IOTHUB_CLIENT_CONFIRMATION_OK"
9605,10403045934,10403045966,1,"IOTHUB_CLIENT_CONFIRMATION_OK"
9606,10403046134,10403046165,1,"IOTHUB_CLIENT_CONFIRMATION_OK"
9607,10403046334,10403046364,1,"IOTHUB_CLIENT_CONFIRMATION_OK"
9608,10403046534,10403046567,1,"IOTHUB_CLIENT_CONFIRMATION_OK"
9609,10403046734,10403046770,1,"IOTHUB_CLIENT_CONFIRMATION_OK"
9610,10403046935,10403046965,1,"IOTHUB_CLIENT_CONFIRMATION_OK"
9611,10403047135,10403047174,1,"IOTHUB_CLIENT_CONFIRMATION_OK"
9612,10403047335,10403047363,1,"IOTHUB_CLIENT_CONFIRMATION_OK"
9613,10403047535,10403047639,1,"IOTHUB_CLIENT_CONFIRMATION_OK"
9614,10403047735,10403047766,1,"IOTHUB_CLIENT_CONFIRMATION_OK"
9615,10403047935,10403048107,1,"IOTHUB_CLIENT_CONFIRMATION_OK"
9616,10403048136,10403048166,1,"IOTHUB_CLIENT_CONFIRMATION_OK"
9617,10403048336,10403048394,1,"IOTHUB_CLIENT_CONFIRMATION_OK"
9618,10403048536,10403048724,1,"IOTHUB_CLIENT_CONFIRMATION_OK"
9619,10403048736,10403048766,1,"IOTHUB_CLIENT_CONFIRMATION_OK"
9620,10403048936,10403048974,1,"IOTHUB_CLIENT_CONFIRMATION_OK"
9621,10403049136,10403049185,1,"IOTHUB_CLIENT_CONFIRMATION_OK"
9622,10403049337,10403049367,1,"IOTHUB_CLIENT_CONFIRMATION_OK"
9623,10403049537,10403049803,1,"IOTHUB_CLIENT_CONFIRMATION_OK"
9624,10403049737,10403049859,1,"IOTHUB_CLIENT_CONFIRMATION_OK"
9625,10403049937,10403049966,1,"IOTHUB_CLIENT_CONFIRMATION_OK"
9626,10403050137,10403050168,1,"IOTHUB_CLIENT_CONFIRMATION_OK"
9627,10403050337,10403050367,1,"IOTHUB_CLIENT_CONFIRMATION_OK"
9628,10403050537,10403050568,1,"IOTHUB_CLIENT_CONFIRMATION_OK"
9629,10403050738,10403050780,1,"IOTHUB_CLIENT_CONFIRMATION_OK"
9630,10403050938,10403050967,1,"IOTHUB_CLIENT_CONFIRMATION_OK"
9631,10403051138,10403051171,1,"IOTHUB_CLIENT_CONFIRMATION_OK"
9632,10403051338,10403051479,1,"IOTHUB_CLIENT_CONFIRMATION_OK"
9633,10403051538,10403051572,1,"IOTHUB_CLIENT_CONFIRMATION_OK"
9634,10403051738,10403051774,1,"IOTHUB_CLIENT_CONFIRMATION_OK"
9635,10403051939,10403052085,1,"IOTHUB_CLIENT_CONFIRMATION_OK"
9636,10403052139,10403052173,1,"IOTHUB_CLIENT_CONFIRMATION_OK"
9637,10403052339,10403052383,1,"IOTHUB_CLIENT_CONFIRMATION_OK"
9638,10403052539,10403052568,1,"IOTHUB_CLIENT_CONFIRMATION_OK"
9639,10403052739,10403052770,1,"IOTHUB_CLIENT_CONFIRMATION_OK"
9640,10403052939,10403053011,1,"IOTHUB_CLIENT_CONFIRMATION_OK"
9641,10403053140,10403053207,1,"IOTHUB_CLIENT_CONFIRMATION_OK"
9642,10403053340,10403053370,1,"IOTHUB_CLIENT_CONFIRMATION_OK"
9643,10403053540,10403053572,1,"IOTHUB_CLIENT_CONFIRMATION_OK"
9644,10403053740,10403053769,1,"IOTHUB_CLIENT_CONFIRMATION_OK"
9645,10403053940,10403053969,1,"IOTHUB_CLIENT_CONFIRMATION_OK"
9646,10403054140,10403054170,1,"IOTHUB_CLIENT_CONFIRMATION_OK"
9647,10403054341,10403054374,1,"IOTHUB_CLIENT_CONFIRMATION_OK"
9648,10403054541,10403054580,1,"IOTHUB_CLIENT_CONFIRMATION_OK"
9649,10403054741,10403054774,1,"IOTHUB_CLIENT_CONFIRMATION_OK"
9650,10403054941,10403054969,1,"IOTHUB_CLIENT_CONFIRMATION_OK"
9651,10403055141,10403055171,1,"IOTHUB_CLIENT_CONFIRMATION_OK"
9652,10403055341,10403055385,1,"IOTHUB_CLIENT_CONFIRMATION_OK"
9653,10403055542,10403055574,1,"IOTHUB_CLIENT_CONFIRMATION_OK"
9654,10403055742,10403055774,1,"IOTHUB_CLIENT_CONFIRMATION_OK"
9655,10403055942,10403055995,1,"IOTHUB_CLIENT_CONFIRMATION_OK"
9656,10403056142,10403056184,1,"IOTHUB_CLIENT_CONFIRMATION_OK"
9657,10403056342,10403056372,1,"IOTHUB_CLIENT_CONFIRMATION_OK"
9658,10403056542,10403056599,1,"IOTHUB_CLIENT_CONFIRMATION_OK"
9659,10403056743,10403056783,1,"IOTHUB_CLIENT_CONFIRMATION_OK"
9660,10403056943,10403056973,1,"IOTHUB_CLIENT_CONFIRMATION_OK"
9661,10403057143,10403057174,1,"IOTHUB_CLIENT_CONFIRMATION_OK"
9662,10403057343,10403057371,1,"IOTHUB_CLIENT_CONFIRMATION_OK"
9663,10403057543,10403057615,1,"IOTHUB_CLIENT_CONFIRMATION_OK"
9664,10403057743,10403057776,1,"IOTHUB_CLIENT_CONFIRMATION_OK"
9665,10403057943,10403057975,1,"IOTHUB_CLIENT_CONFIRMATION_OK"
9666,10403058144,10403058291,1,"IOTHUB_CLIENT_CONFIRMATION_OK"
9667,10403058344,10403058373,1,"IOTHUB_CLIENT_CONFIRMATION_OK"
9668,10403058544,10403058573,1,"IOTHUB_CLIENT_CONFIRMATION_OK"
9669,10403058744,10403058893,1,"IOTHUB_CLIENT_CONFIRMATION_OK"
9670,10403058944,10403058974,1,"IOTHUB_CLIENT_CONFIRMATION_OK"
9671,10403059144,10403059227,1,"IOTHUB_CLIENT_CONFIRMATION_OK"
9672,10403059345,10403059380,1,"IOTHUB_CLIENT_CONFIRMATION_OK"
9673,10403059545,10403059574,1,"IOTHUB_CLIENT_CONFIRMATION_OK"
9674,10403059745,10403059782,1,"IOTHUB_CLIENT_CONFIRMATION_OK"
9675,10403059945,10403059976,1,"IOTHUB_CLIENT_CONFIRMATION_OK"
9676,10403060145,10403060184,1,"IOTHUB_CLIENT_CONFIRMATION_OK"
9677,10403060345,10403060376,1,"IOTHUB_CLIENT_CONFIRMATION_OK"
9678,10403060546,10403060579,1,"IOTHUB_CLIENT_CONFIRMATION_OK"
9679,10403060746,10403060774,1,"IOTHUB_CLIENT_CONFIRMATION_OK"
9680,10403060946,10403061133,1,"IOTHUB_CLIENT_CONFIRMATION_OK"
9681,10403061146,10403061180,1,"IOTHUB_CLIENT_CONFIRMATION_OK"
9682,10403061346,10403061376,1,"IOTHUB_CLIENT_CONFIRMATION_OK"
9683,10403061546,10403061591,1,"IOTHUB_CLIENT_CONFIRMATION_OK"
9684,10403061747,10403061776,1,"IOTHUB_CLIENT_CONFIRMATION_OK"
9685,10403061947,10403061977,1,"IOTHUB_CLIENT_CONFIRMATION_OK"
9686,10403062147,10403062180,1,"IOTHUB_CLIENT_CONFIRMATION_OK"
9687,10403062347,10403062377,1,"IOTHUB_CLIENT_CONFIRMATION_OK"
9688,10403062547,10403062584,1,"IOTHUB_CLIENT_CONFIRMATION_OK"
9689,10403062747,10403062781,1,"IOTHUB_CLIENT_CONFIRMATION_OK"
9690,10403062948,10403062978,1,"IOTHUB_CLIENT_CONFIRMATION_OK"
9691,10403063148,10403063180,1,"IOTHUB_CLIENT_CONFIRMATION_OK"
9692,10403063348,10403063376,1,"IOTHUB_CLIENT_CONFIRMATION_OK"
9693,10403063548,10403063585,1,"IOTHUB_CLIENT_CONFIRMATION_OK"
9694,10403063748,10403063780,1,"IOTHUB_CLIENT_CONFIRMATION_OK"
9695,10403063948,10403063986,1,"IOTHUB_CLIENT_CONFIRMATION_OK"
9696,10403064149,10403064177,1,"IOTHUB_CLIENT_CONFIRMATION_OK"
9697,10403064349,10403064387,1,"IOTHUB_CLIENT_CONFIRMATION_OK"
9698,10403064549,10403064584,1,"IOTHUB_CLIENT_CONFIRMATION_OK"
9699,10403064749,10403064780,1,"IOTHUB_CLIENT_CONFIRMATION_OK"
9700,10403064949,10403064994,1,"IOTHUB_CLIENT_CONFIRMATION_OK"
9701,10403065149,10403065178,1,"IOTHUB_CLIENT_CONFIRMATION_OK"
9702,10403065349,10403065395,1,"IOTHUB_CLIENT_CONFIRMATION_OK"
9703,10403065550,10403065616,1,"IOTHUB_CLIENT_CONFIRMATION_OK"
9704,10403065750,10403065780,1,"IOTHUB_CLIENT_CONFIRMATION_OK"
9705,10403065950,10403065981,1,"IOTHUB_CLIENT_CONFIRMATION_OK"
9706,10403066150,10403066184,1,"IOTHUB_CLIENT_CONFIRMATION_OK"
9707,10403066350,10403066379,1,"IOTHUB_CLIENT_CONFIRMATION_OK"
9708,10403066550,10403066587,1,"IOTHUB_CLIENT_CONFIRMATION_OK"
9709,10403066750,10403066780,1,"IOTHUB_CLIENT_CONFIRMATION_OK"
9710,10403066951,10403066981,1,"IOTHUB_CLIENT_CONFIRMATION_OK"
9711,10403067151,10403067181,1,"IOTHUB_CLIENT_CONFIRMATION_OK"
9712,10403067351,10403067378,1,"IOTHUB_CLIENT_CONFIRMATION_OK"
9713,10403067551,10403067579,1,"IOTHUB_CLIENT_CONFIRMATION_OK"
9714,10403067751,10403067935,1,"IOTHUB_CLIENT_CONFIRMATION_OK"
9715,10403067951,10403067985,1,"IOTHUB_CLIENT_CONFIRMATION_OK"
9716,10403068152,10403068185,1,"IOTHUB_CLIENT_CONFIRMATION_OK"
9717,10403068352,10403068442,1,"IOTHUB_CLIENT_CONFIRMATION_OK"
9718,10403068552,10403068592,1,"IOTHUB_CLIENT_CONFIRMATION_OK"
9719,10403068752,10403068781,1,"IOTHUB_CLIENT_CONFIRMATION_OK"
9720,10403068952,10403068986,1,"IOTHUB_CLIENT_CONFIRMATION_OK"
9721,10403069152,10403069182,1,"IOTHUB_CLIENT_CONFIRMATION_OK"
9722,10403069353,10403069390,1,"IOTHUB_CLIENT_CONFIRMATION_OK"
9723,10403069553,10403069603,1,"IOTHUB_CLIENT_CONFIRMATION_OK"
9724,10403069753,10403069806,1,"IOTHUB_CLIENT_CONFIRMATION_OK"
9725,10403069953,10403069999,1,"IOTHUB_CLIENT_CONFIRMATION_OK"
9726,10403070153,10403070199,1,"IOTHUB_CLIENT_CONFIRMATION_OK"
9727,10403070353,10403070408,1,"IOTHUB_CLIENT_CONFIRMATION_OK"
9728,10403070554,10403070582,1,"IOTHUB_CLIENT_CONFIRMATION_OK"
9729,10403070754,10403070940,1,"IOTHUB_CLIENT_CONFIRMATION_OK"
9730,10403070954,10403071082,1,"IOTHUB_CLIENT_CONFIRMATION_OK"
9731,10403071154,10403071194,1,"IOTHUB_CLIENT_CONFIRMATION_OK"
9732,10403071354,10403071383,1,"IOTHUB_CLIENT_CONFIRMATION_OK"
9733,10403071554,10403071586,1,"IOTHUB_CLIENT_CONFIRMATION_OK"
9734,10403071754,10403071806,1,"IOTHUB_CLIENT_CONFIRMATION_OK"
9735,10403071955,10403071983,1,"IOTHUB_CLIENT_CONFIRMATION_OK"
9736,10403072155,10403072186,1,"IOTHUB_CLIENT_CONFIRMATION_OK"
9737,10403072355,10403072435,1,"IOTHUB_CLIENT_CONFIRMATION_OK"
9738,10403072555,10403072651,1,"IOTHUB_CLIENT_CONFIRMATION_OK"
9739,10403072755,10403072787,1,"IOTHUB_CLIENT_CONFIRMATION_OK"
9740,10403072956,10403072986,1,"IOTHUB_CLIENT_CONFIRMATION_OK"
9741,10403073156,10403073184,1,"IOTHUB_CLIENT_CONFIRMATION_OK"
9742,10403073356,10403073388,1,"IOTHUB_CLIENT_CONFIRMATION_OK"
9743,10403073556,10403073586,1,"IOTHUB_CLIENT_CONFIRMATION_OK"
9744,10403073756,10403073791,1,"IOTHUB_CLIENT_CONFIRMATION_OK"
9745,10403073956,10403074065,1,"IOTHUB_CLIENT_CONFIRMATION_OK"
9746,10403074156,10403074190,1,"IOTHUB_CLIENT_CONFIRMATION_OK"
9747,10403074357,10403074390,1,"IOTHUB_CLIENT_CONFIRMATION_OK"
9748,10403074557,10403074692,1,"IOTHUB_CLIENT_CONFIRMATION_OK"
9749,10403074757,10403074798,1,"IOTHUB_CLIENT_CONFIRMATION_OK"
9750,10403074957,10403074985,1,"IOTHUB_CLIENT_CONFIRMATION_OK"
9751,10403075157,10403075287,1,"IOTHUB_CLIENT_CONFIRMATION_OK"
9752,10403075357,10403075415,1,"IOTHUB_CLIENT_CONFIRMATION_OK"
9753,10403075558,10403075598,1,"IOTHUB_CLIENT_CONFIRMATION_OK"
9754,10403075758,10403075801,1,"IOTHUB_CLIENT_CONFIRMATION_OK"
9755,10403075958,10403076000,1,"IOTHUB_CLIENT_CONFIRMATION_OK"
9756,10403076158,10403076201,1,"IOTHUB_CLIENT_CONFIRMATION_OK"
9757,10403076358,10403076389,1,"IOTHUB_CLIENT_CONFIRMATION_OK"
9758,10403076558,10403076590,1,"IOTHUB_CLIENT_CONFIRMATION_OK"
9759,10403076758,10403076787,1,"IOTHUB_CLIENT_CONFIRMATION_OK"
9760,10403076959,10403076996,1,"IOTHUB_CLIENT_CONFIRMATION_OK"
9761,10403077159,10403077193,1,"IOTHUB_CLIENT_CONFIRMATION_OK"
9762,10403077359,10403077538,1,"IOTHUB_CLIENT_CONFIRMATION_OK"
9763,10403077559,10403077599,1,"IOTHUB_CLIENT_CONFIRMATION_OK"
9764,10403077759,10403077788,1,"IOTHUB_CLIENT_CONFIRMATION_OK"
9765,10403077959,10403077988,1,"IOTHUB_CLIENT_CONFIRMATION_OK"
9766,10403078160,10403078199,1,"IOTHUB_CLIENT_CONFIRMATION_OK"
9767,10403078360,10403078396,1,"IOTHUB_CLIENT_CONFIRMATION_OK"
9768,10403078560,10403078595,1,"IOTHUB_CLIENT_CONFIRMATION_OK"
9769,10403078760,10403078791,1,"IOTHUB_CLIENT_CONFIRMATION_OK"
9770,10403078960,10403078995,1,"IOTHUB_CLIENT_CONFIRMATION_OK"
9771,10403079160,10403079195,1,"IOTHUB_CLIENT_CONFIRMATION_OK"
9772,10403079361,10403079395,1,"IOTHUB_CLIENT_CONFIRMATION_OK"
9773,10403079561,10403079590,1,"IOTHUB_CLIENT_CONFIRMATION_OK"
9774,10403079761,10403080026,1,"IOTHUB_CLIENT_CONFIRMATION_OK"
9775,10403079961,10403080479,1,"IOTHUB_CLIENT_CONFIRMATION_OK"
9776,10403080161,10403080554,1,"IOTHUB_CLIENT_CONFIRMATION_OK"
9777,10403080361,10403080601,1,"IOTHUB_CLIENT_CONFIRMATION_OK"
9778,10403080562,10403080665,1,"IOTHUB_CLIENT_CONFIRMATION_OK"
9779,10403080762,10403080804,1,"IOTHUB_CLIENT_CONFIRMATION_OK"
9780,10403080962,10403081009,1,"IOTHUB_CLIENT_CONFIRMATION_OK"
9781,10403081162,10403081193,1,"IOTHUB_CLIENT_CONFIRMATION_OK"
9782,10403081362,10403081426,1,"IOTHUB_CLIENT_CONFIRMATION_OK"
9783,10403081562,10403081601,1,"IOTHUB_CLIENT_CONFIRMATION_OK"
9784,10403081762,10403081804,1,"IOTHUB_CLIENT_CONFIRMATION_OK"
9785,10403081963,10403082024,1,"IOTHUB_CLIENT_CONFIRMATION_OK"
9786,10403082163,10403082192,1,"IOTHUB_CLIENT_CONFIRMATION_OK"
9787,10403082363,10403082398,1,"IOTHUB_CLIENT_CONFIRMATION_OK"
9788,10403082563,10403082634,1,"IOTHUB_CLIENT_CONFIRMATION_OK"
9789,10403082763,10403082808,1,"IOTHUB_CLIENT_CONFIRMATION_OK"
9790,10403082963,10403082994,1,"IOTHUB_CLIENT_CONFIRMATION_OK"
9791,10403083164,10403083270,1,"IOTHUB_CLIENT_CONFIRMATION_OK"
9792,10403083364,10403083396,1,"IOTHUB_CLIENT_CONFIRMATION_OK"
9793,10403083564,10403083671,1,"IOTHUB_CLIENT_CONFIRMATION_OK"
9794,10403083764,10403083798,1,"IOTHUB_CLIENT_CONFIRMATION_OK"
9795,10403083964,10403084016,1,"IOTHUB_CLIENT_CONFIRMATION_OK"
9796,10403084164,10403084303,1,"IOTHUB_CLIENT_CONFIRMATION_OK"
9797,10403084365,10403084400,1,"IOTHUB_CLIENT_CONFIRMATION_OK"
9798,10403084565,10403084604,1,"IOTHUB_CLIENT_CONFIRMATION_OK"
9799,10403084765,10403084921,1,"IOTHUB_CLIENT_CONFIRMATION_OK"
9800,10403084965,10403084998,1,"IOTHUB_CLIENT_CONFIRMATION_OK"
9801,10403085165,10403085202,1,"IOTHUB_CLIENT_CONFIRMATION_OK"
9802,10403085365,10403085396,1,"IOTHUB_CLIENT_CONFIRMATION_OK"
9803,10403085566,10403085603,1,"IOTHUB_CLIENT_CONFIRMATION_OK"
9804,10403085766,10403085793,1,"IOTHUB_CLIENT_CONFIRMATION_OK"
9805,10403085966,10403085996,1,"IOTHUB_CLIENT_CONFIRMATION_OK"
9806,10403086166,10403086194,1,"IOTHUB_CLIENT_CONFIRMATION_OK"
9807,10403086366,10403086452,1,"IOTHUB_CLIENT_CONFIRMATION_OK"
9808,10403086566,10403086602,1,"IOTHUB_CLIENT_CONFIRMATION_OK"
9809,10403086766,10403086796,1,"IOTHUB_CLIENT_CONFIRMATION_OK"
9810,10403086967,10403087134,1,"IOTHUB_CLIENT_CONFIRMATION_OK"
9811,10403087167,10403087204,1,"IOTHUB_CLIENT_CONFIRMATION_OK"
9812,10403087367,10403087397,1,"IOTHUB_CLIENT_CONFIRMATION_OK"
9813,10403087567,10403087761,1,"IOTHUB_CLIENT_CONFIRMATION_OK"
9814,10403087767,10403087801,1,"IOTHUB_CLIENT_CONFIRMATION_OK"
9815,10403087967,10403087998,1,"IOTHUB_CLIENT_CONFIRMATION_OK"
9816,10403088168,10403088196,1,"IOTHUB_CLIENT_CONFIRMATION_OK"
9817,10403088368,10403088407,1,"IOTHUB_CLIENT_CONFIRMATION_OK"
9818,10403088568,10403088604,1,"IOTHUB_CLIENT_CONFIRMATION_OK"
9819,10403088768,10403088800,1,"IOTHUB_CLIENT_CONFIRMATION_OK"
9820,10403088968,10403089002,1,"IOTHUB_CLIENT_CONFIRMATION_OK"
9821,10403089168,10403089231,1,"IOTHUB_CLIENT_CONFIRMATION_OK"
9822,10403089369,10403089443,1,"IOTHUB_CLIENT_CONFIRMATION_OK"
9823,10403089569,10403089602,1,"IOTHUB_CLIENT_CONFIRMATION_OK"
9824,10403089769,10403089803,1,"IOTHUB_CLIENT_CONFIRMATION_OK"
9825,10403089969,10403090009,1,"IOTHUB_CLIENT_CONFIRMATION_OK"
9826,10403090169,10403090209,1,"IOTHUB_CLIENT_CONFIRMATION_OK"
9827,10403090369,10403090449,1,"IOTHUB_CLIENT_CONFIRMATION_OK"
9828,10403090570,10403090599,1,"IOTHUB_CLIENT_CONFIRMATION_OK"
9829,10403090770,10403090802,1,"IOTHUB_CLIENT_CONFIRMATION_OK"
9830,10403090970,10403091053,1,"IOTHUB_CLIENT_CONFIRMATION_OK"
9831,10403091170,10403091211,1,"IOTHUB_CLIENT_CONFIRMATION_OK"
9832,10403091370,10403091408,1,"IOTHUB_CLIENT_CONFIRMATION_OK"
9833,10403091570,10403091670,1,"IOTHUB_CLIENT_CONFIRMATION_OK"
9834,10403091770,10403091803,1,"IOTHUB_CLIENT_CONFIRMATION_OK"
9835,10403091971,10403091999,1,"IOTHUB_CLIENT_CONFIRMATION_OK"
9836,10403092171,10403092274,1,"IOTHUB_CLIENT_CONFIRMATION_OK"
9837,10403092371,10403092404,1,"IOTHUB_CLIENT_CONFIRMATION_OK"
9838,10403092571,10403092613,1,"IOTHUB_CLIENT_CONFIRMATION_OK"
9839,10403092771,10403092799,1,"IOTHUB_CLIENT_CONFIRMATION_OK"
9840,10403092971,10403093012,1,"IOTHUB_CLIENT_CONFIRMATION_OK"
9841,10403093172,10403093218,1,"IOTHUB_CLIENT_CONFIRMATION_OK"
9842,10403093372,10403093403,1,"IOTHUB_CLIENT_CONFIRMATION_OK"
9843,10403093572,10403093603,1,"IOTHUB_CLIENT_CONFIRMATION_OK"
9844,10403093772,10403093906,1,"IOTHUB_CLIENT_CONFIRMATION_OK"
9845,10403093972,10403094001,1,"IOTHUB_CLIENT_CONFIRMATION_OK"
9846,10403094172,10403094203,1,"IOTHUB_CLIENT_CONFIRMATION_OK"
9847,10403094373,10403094587,1,"IOTHUB_CLIENT_CONFIRMATION_OK"
9848,10403094573,10403094607,1,"IOTHUB_CLIENT_CONFIRMATION_OK"
9849,10403094773,10403094803,1,"IOTHUB_CLIENT_CONFIRMATION_OK"
9850,10403094973,10403095012,1,"IOTHUB_CLIENT_CONFIRMATION_OK"
9851,10403095173,10403095203,1,"IOTHUB_CLIENT_CONFIRMATION_OK"
9852,10403095373,10403095474,1,"IOTHUB_CLIENT_CONFIRMATION_OK"
9853,10403095573,10403095694,1,"IOTHUB_CLIENT_CONFIRMATION_OK"
9854,10403095774,10403095806,1,"IOTHUB_CLIENT_CONFIRMATION_OK"
9855,10403095974,10403096003,1,"IOTHUB_CLIENT_CONFIRMATION_OK"
9856,10403096174,10403096206,1,"IOTHUB_CLIENT_CONFIRMATION_OK"
9857,10403096374,10403096430,1,"IOTHUB_CLIENT_CONFIRMATION_OK"
9858,10403096574,10403096606,1,"IOTHUB_CLIENT_CONFIRMATION_OK"
9859,10403096774,10403096813,1,"IOTHUB_CLIENT_CONFIRMATION_OK"
9860,10403096975,10403097007,1,"IOTHUB_CLIENT_CONFIRMATION_OK"
9861,10403097175,10403097305,1,"IOTHUB_CLIENT_CONFIRMATION_OK"
9862,10403097375,10403097406,1,"IOTHUB_CLIENT_CONFIRMATION_OK"
9863,10403097575,10403097656,1,"IOTHUB_CLIENT_CONFIRMATION_OK"
9864,10403097775,10403097930,1,"IOTHUB_CLIENT_CONFIRMATION_OK"
9865,10403097975,10403098014,1,"IOTHUB_CLIENT_CONFIRMATION_OK"
9866,10403098176,10403098216,1,"IOTHUB_CLIENT_CONFIRMATION_OK"
9867,10403098376,10403098408,1,"IOTHUB_CLIENT_CONFIRMATION_OK"
9868,10403098576,10403098618,1,"IOTHUB_CLIENT_CONFIRMATION_OK"
9869,10403098776,10403098807,1,"IOTHUB_CLIENT_CONFIRMATION_OK"
9870,10403098976,10403099007,1,"IOTHUB_CLIENT_CONFIRMATION_OK"
9871,10403099176,10403099208,1,"IOTHUB_CLIENT_CONFIRMATION_OK"
9872,10403099377,10403099442,1,"IOTHUB_CLIENT_CONFIRMATION_OK"
9873,10403099577,10403099610,1,"IOTHUB_CLIENT_CONFIRMATION_OK"
9874,10403099777,10403099808,1,"IOTHUB_CLIENT_CONFIRMATION_OK"
9875,10403099977,10403100148,1,"IOTHUB_CLIENT_CONFIRMATION_OK"
9876,10403100177,10403100215,1,"IOTHUB_CLIENT_CONFIRMATION_OK"
9877,10403100377,10403100407,1,"IOTHUB_CLIENT_CONFIRMATION_OK"
9878,10403100577,10403100761,1,"IOTHUB_CLIENT_CONFIRMATION_OK"
9879,10403100778,10403100818,1,"IOTHUB_CLIENT_CONFIRMATION_OK"
9880,10403100978,10403101008,1,"IOTHUB_CLIENT_CONFIRMATION_OK"
9881,10403101178,10403101280,1,"IOTHUB_CLIENT_CONFIRMATION_OK"
9882,10403101378,10403101423,1,"IOTHUB_CLIENT_CONFIRMATION_OK"
9883,10403101578,10403101610,1,"IOTHUB_CLIENT_CONFIRMATION_OK"
9884,10403101778,10403101880,1,"IOTHUB_CLIENT_CONFIRMATION_OK"
9885,10403101979,10403102014,1,"IOTHUB_CLIENT_CONFIRMATION_OK"
9886,10403102179,10403102218,1,"IOTHUB_CLIENT_CONFIRMATION_OK"
9887,10403102379,10403102408,1,"IOTHUB_CLIENT_CONFIRMATION_OK"
9888,10403102579,10403102623,1,"IOTHUB_CLIENT_CONFIRMATION_OK"
9889,10403102779,10403102810,1,"IOTHUB_CLIENT_CONFIRMATION_OK"
9890,10403102979,10403103017,1,"IOTHUB_CLIENT_CONFIRMATION_OK"
9891,10403103180,10403103228,1,"IOTHUB_CLIENT_CONFIRMATION_OK"
9892,10403103380,10403103511,1,"IOTHUB_CLIENT_CONFIRMATION_OK"
9893,10403103580,10403103614,1,"IOTHUB_CLIENT_CONFIRMATION_OK"
9894,10403103780,10403103815,1,"IOTHUB_CLIENT_CONFIRMATION_OK"
9895,10403103980,10403104134,1,"IOTHUB_CLIENT_CONFIRMATION_OK"
9896,10403104180,10403104213,1,"IOTHUB_CLIENT_CONFIRMATION_OK"
9897,10403104381,10403104411,1,"IOTHUB_CLIENT_CONFIRMATION_OK"
9898,10403104581,10403104615,1,"IOTHUB_CLIENT_CONFIRMATION_OK"
9899,10403104781,10403104812,1,"IOTHUB_CLIENT_CONFIRMATION_OK"
9900,10403104981,10403105018,1,"IOTHUB_CLIENT_CONFIRMATION_OK"
9901,10403105181,10403105212,1,"IOTHUB_CLIENT_CONFIRMATION_OK"
9902,10403105381,10403105418,1,"IOTHUB_CLIENT_CONFIRMATION_OK"
9903,10403105582,10403105613,1,"IOTHUB_CLIENT_CONFIRMATION_OK"
9904,10403105782,10403105812,1,"IOTHUB_CLIENT_CONFIRMATION_OK"
9905,10403105982,10403106010,1,"IOTHUB_CLIENT_CONFIRMATION_OK"
9906,10403106182,10403106223,1,"IOTHUB_CLIENT_CONFIRMATION_OK"
9907,10403106382,10403106421,1,"IOTHUB_CLIENT_CONFIRMATION_OK"
9908,10403106582,10403106623,1,"IOTHUB_CLIENT_CONFIRMATION_OK"
9909,10403106782,10403106983,1,"IOTHUB_CLIENT_CONFIRMATION_OK"
9910,10403106983,10403107016,1,"IOTHUB_CLIENT_CONFIRMATION_OK"
9911,10403107183,10403107212,1,"IOTHUB_CLIENT_CONFIRMATION_OK"
9912,10403107383,10403107412,1,"IOTHUB_CLIENT_CONFIRMATION_OK"
9913,10403107583,10403107625,1,"IOTHUB_CLIENT_CONFIRMATION_OK"
9914,10403107783,10403107827,1,"IOTHUB_CLIENT_CONFIRMATION_OK"
9915,10403107983,10403108023,1,"IOTHUB_CLIENT_CONFIRMATION_OK"
9916,10403108184,10403108212,1,"IOTHUB_CLIENT_CONFIRMATION_OK"
9917,10403108384,10403108416,1,"IOTHUB_CLIENT_CONFIRMATION_OK"
9918,10403108584,10403108637,1,"IOTHUB_CLIENT_CONFIRMATION_OK"
9919,10403108784,10403108813,1,"IOTHUB_CLIENT_CONFIRMATION_OK"
9920,10403108984,10403109020,1,"IOTHUB_CLIENT_CONFIRMATION_OK"
9921,10403109184,10403109253,1,"IOTHUB_CLIENT_CONFIRMATION_OK"
9922,10403109385,10403109422,1,"IOTHUB_CLIENT_CONFIRMATION_OK"
9923,10403109585,10403109616,1,"IOTHUB_CLIENT_CONFIRMATION_OK"
9924,10403109785,10403109815,1,"IOTHUB_CLIENT_CONFIRMATION_OK"
9925,10403109985,10403110017,1,"IOTHUB_CLIENT_CONFIRMATION_OK"
9926,10403110185,10403110259,1,"IOTHUB_CLIENT_CONFIRMATION_OK"
9927,10403110385,10403110425,1,"IOTHUB_CLIENT_CONFIRMATION_OK"
9928,10403110585,10403110614,1,"IOTHUB_CLIENT_CONFIRMATION_OK"
9929,10403110786,10403110894,1,"IOTHUB_CLIENT_CONFIRMATION_OK"
9930,10403110986,10403111015,1,"IOTHUB_CLIENT_CONFIRMATION_OK"
9931,10403111186,10403111216,1,"IOTHUB_CLIENT_CONFIRMATION_OK"
9932,10403111386,10403111503,1,"IOTHUB_CLIENT_CONFIRMATION_OK"
9933,10403111586,10403111614,1,"IOTHUB_CLIENT_CONFIRMATION_OK"
9934,10403111787,10403111820,1,"IOTHUB_CLIENT_CONFIRMATION_OK"
9935,10403111987,10403112026,1,"IOTHUB_CLIENT_CONFIRMATION_OK"
9936,10403112187,10403112217,1,"IOTHUB_CLIENT_CONFIRMATION_OK"
9937,10403112387,10403112422,1,"IOTHUB_CLIENT_CONFIRMATION_OK"
9938,10403112587,10403112620,1,"IOTHUB_CLIENT_CONFIRMATION_OK"
9939,10403112787,10403112818,1,"IOTHUB_CLIENT_CONFIRMATION_OK"
9940,10403112987,10403113126,1,"IOTHUB_CLIENT_CONFIRMATION_OK"
9941,10403113188,10403113220,1,"IOTHUB_CLIENT_CONFIRMATION_OK"
9942,10403113388,10403113512,1,"IOTHUB_CLIENT_CONFIRMATION_OK"
9943,10403113588,10403113761,1,"IOTHUB_CLIENT_CONFIRMATION_OK"
9944,10403113788,10403113827,1,"IOTHUB_CLIENT_CONFIRMATION_OK"
9945,10403113988,10403114019,1,"IOTHUB_CLIENT_CONFIRMATION_OK"
9946,10403114188,10403114223,1,"IOTHUB_CLIENT_CONFIRMATION_OK"
9947,10403114389,10403114418,1,"IOTHUB_CLIENT_CONFIRMATION_OK"
9948,10403114589,10403114618,1,"IOTHUB_CLIENT_CONFIRMATION_OK"
9949,10403114789,10403114819,1,"IOTHUB_CLIENT_CONFIRMATION_OK"
9950,10403114989,10403115029,1,"IOTHUB_CLIENT_CONFIRMATION_OK"
9951,10403115189,10403115225,1,"IOTHUB_CLIENT_CONFIRMATION_OK"
9952,10403115389,10403115420,1,"IOTHUB_CLIENT_CONFIRMATION_OK"
9953,10403115589,10403115621,1,"IOTHUB_CLIENT_CONFIRMATION_OK"
9954,10403115790,10403115830,1,"IOTHUB_CLIENT_CONFIRMATION_OK"
9955,10403115990,10403116023,1,"IOTHUB_CLIENT_CONFIRMATION_OK"
9956,10403116190,10403116218,1,"IOTHUB_CLIENT_CONFIRMATION_OK"
9957,10403116390,10403116596,1,"IOTHUB_CLIENT_CONFIRMATION_OK"
9958,10403116590,10403116625,1,"IOTHUB_CLIENT_CONFIRMATION_OK"
9959,10403116791,10403116832,1,"IOTHUB_CLIENT_CONFIRMATION_OK"
9960,10403116991,10403117031,1,"IOTHUB_CLIENT_CONFIRMATION_OK"
9961,10403117191,10403117223,1,"IOTHUB_CLIENT_CONFIRMATION_OK"
9962,10403117391,10403117420,1,"IOTHUB_CLIENT_CONFIRMATION_OK"
9963,10403117591,10403117639,1,"IOTHUB_CLIENT_CONFIRMATION_OK"
9964,10403117791,10403117829,1,"IOTHUB_CLIENT_CONFIRMATION_OK"
9965,10403117991,10403118046,1,"IOTHUB_CLIENT_CONFIRMATION_OK"
9966,10403118192,10403118233,1,"IOTHUB_CLIENT_CONFIRMATION_OK"
9967,10403118392,10403118422,1,"IOTHUB_CLIENT_CONFIRMATION_OK"
9968,10403118592,10403118631,1,"IOTHUB_CLIENT_CONFIRMATION_OK"
9969,10403118792,10403118841,1,"IOTHUB_CLIENT_CONFIRMATION_OK"
9970,10403118992,10403119035,1,"IOTHUB_CLIENT_CONFIRMATION_OK"
9971,10403119192,10403119231,1,"IOTHUB_CLIENT_CONFIRMATION_OK"
9972,10403119393,10403119433,1,"IOTHUB_CLIENT_CONFIRMATION_OK"
9973,10403119593,10403119632,1,"IOTHUB_CLIENT_CONFIRMATION_OK"
9974,10403119793,10403119912,1,"IOTHUB_CLIENT_CONFIRMATION_OK"
9975,10403119993,10403120026,1,"IOTHUB_CLIENT_CONFIRMATION_OK"
9976,10403120193,10403120225,1,"IOTHUB_CLIENT_CONFIRMATION_OK"
9977,10403120393,10403120480,1,"IOTHUB_CLIENT_CONFIRMATION_OK"
9978,10403120594,10403120624,1,"IOTHUB_CLIENT_CONFIRMATION_OK"
9979,10403120794,10403120826,1,"IOTHUB_CLIENT_CONFIRMATION_OK"
9980,10403120994,10403121091,1,"IOTHUB_CLIENT_CONFIRMATION_OK"
9981,10403121194,10403121226,1,"IOTHUB_CLIENT_CONFIRMATION_OK"
9982,10403121394,10403121445,1,"IOTHUB_CLIENT_CONFIRMATION_OK"
9983,10403121594,10403121732,1,"IOTHUB_CLIENT_CONFIRMATION_OK"
9984,10403121794,10403121834,1,"IOTHUB_CLIENT_CONFIRMATION_OK"
9985,10403121995,10403122043,1,"IOTHUB_CLIENT_CONFIRMATION_OK"
9986,10403122195,10403122252,1,"IOTHUB_CLIENT_CONFIRMATION_OK"
9987,10403122395,10403122428,1,"IOTHUB_CLIENT_CONFIRMATION_OK"
9988,10403122595,10403122634,1,"IOTHUB_CLIENT_CONFIRMATION_OK"
9989,10403122795,10403122828,1,"IOTHUB_CLIENT_CONFIRMATION_OK"
9990,10403122995,10403123027,1,"IOTHUB_CLIENT_CONFIRMATION_OK"
9991,10403123196,10403123355,1,"IOTHUB_CLIENT_CONFIRMATION_OK"
9992,10403123396,10403123427,1,"IOTHUB_CLIENT_CONFIRMATION_OK"
9993,10403123596,10403123630,1,"IOTHUB_CLIENT_CONFIRMATION_OK"
9994,10403123796,10403123982,1,"IOTHUB_CLIENT_CONFIRMATION_OK"
9995,10403123996,10403124026,1,"IOTHUB_CLIENT_CONFIRMATION_OK"
9996,10403124196,10403124233,1,"IOTHUB_CLIENT_CONFIRMATION_OK"
9997,10403124397,10403124429,1,"IOTHUB_CLIENT_CONFIRMATION_OK"
9998,10403124597,10403124635,1,"IOTHUB_CLIENT_CONFIRMATION_OK"
9999,10403124797,10403124827,1,"IOTHUB_CLIENT_CONFIRMATION_OK"
10000,10403124997,10403125035,1,"IOTHUB_CLIENT_CONFIRMATION_OK"
10001,10403125197,10403125225,1,"IOTHUB_CLIENT_CONFIRMATION_OK"
10002,10403125397,10403125460,1,"IOTHUB_CLIENT_CONFIRMATION_OK"
10003,10403125598,10403125639,1,"IOTHUB_CLIENT_CONFIRMATION_OK"
10004,10403125798,10403125828,1,"IOTHUB_CLIENT_CONFIRMATION_OK"
10005,10403125998,10403126033,1,"IOTHUB_CLIENT_CONFIRMATION_OK"
10006,10403126198,10403126253,1,"IOTHUB_CLIENT_CONFIRMATION_OK"
10007,10403126398,10403126433,1,"IOTHUB_CLIENT_CONFIRMATION_OK"
10008,10403126598,10403126630,1,"IOTHUB_CLIENT_CONFIRMATION_OK"
10009,10403126799,10403126829,1,"IOTHUB_CLIENT_CONFIRMATION_OK"
10010,10403126999,10403127030,1,"IOTHUB_CLIENT_CONFIRMATION_OK"
10011,10403127199,10403127245,1,"IOTHUB_CLIENT_CONFIRMATION_OK"
10012,10403127399,10403127434,1,"IOTHUB_CLIENT_CONFIRMATION_OK"
10013,10403127599,10403127633,1,"IOTHUB_CLIENT_CONFIRMATION_OK"
10014,10403127799,10403127921,1,"IOTHUB_CLIENT_CONFIRMATION_OK"
10015,10403127999,10403128033,1,"IOTHUB_CLIENT_CONFIRMATION_OK"
10016,10403128200,10403128231,1,"IOTHUB_CLIENT_CONFIRMATION_OK"
10017,10403128400,10403128430,1,"IOTHUB_CLIENT_CONFIRMATION_OK"
10018,10403128600,10403128632,1,"IOTHUB_CLIENT_CONFIRMATION_OK"
10019,10403128800,10403128830,1,"IOTHUB_CLIENT_CONFIRMATION_OK"
10020,10403129000,10403129041,1,"IOTHUB_CLIENT_CONFIRMATION_OK"
10021,10403129200,10403129229,1,"IOTHUB_CLIENT_CONFIRMATION_OK"
10022,10403129401,10403129518,1,"IOTHUB_CLIENT_CONFIRMATION_OK"
10023,10403129601,10403129634,1,"IOTHUB_CLIENT_CONFIRMATION_OK"
10024,10403129801,10403129831,1,"IOTHUB_CLIENT_CONFIRMATION_OK"
10025,10403130001,10403130139,1,"IOTHUB_CLIENT_CONFIRMATION_OK"
10026,10403130201,10403130231,1,"IOTHUB_CLIENT_CONFIRMATION_OK"
10027,10403130401,10403130435,1,"IOTHUB_CLIENT_CONFIRMATION_OK"
10028,10403130601,10403130752,1,"IOTHUB_CLIENT_CONFIRMATION_OK"
10029,10403130802,10403130830,1,"IOTHUB_CLIENT_CONFIRMATION_OK"
10030,10403131002,10403131042,1,"IOTHUB_CLIENT_CONFIRMATION_OK"
10031,10403131202,10403131234,1,"IOTHUB_CLIENT_CONFIRMATION_OK"
10032,10403131402,10403131431,1,"IOTHUB_CLIENT_CONFIRMATION_OK"
10033,10403131602,10403131633,1,"IOTHUB_CLIENT_CONFIRMATION_OK"
10034,10403131802,10403131836,1,"IOTHUB_CLIENT_CONFIRMATION_OK"
10035,10403132003,10403132033,1,"IOTHUB_CLIENT_CONFIRMATION_OK"
10036,10403132203,10403132232,1,"IOTHUB_CLIENT_CONFIRMATION_OK"
10037,10403132403,10403132433,1,"IOTHUB_CLIENT_CONFIRMATION_OK"
10038,10403132603,10403132642,1,"IOTHUB_CLIENT_CONFIRMATION_OK"
10039,10403132803,10403132987,1,"IOTHUB_CLIENT_CONFIRMATION_OK"
10040,10403133003,10403133033,1,"IOTHUB_CLIENT_CONFIRMATION_OK"
10041,10403133203,10403133235,1,"IOTHUB_CLIENT_CONFIRMATION_OK"
10042,10403133404,10403133597,1,"IOTHUB_CLIENT_CONFIRMATION_OK"
10043,10403133604,10403133635,1,"IOTHUB_CLIENT_CONFIRMATION_OK"
10044,10403133804,10403133858,1,"IOTHUB_CLIENT_CONFIRMATION_OK"
10045,10403134004,10403134039,1,"IOTHUB_CLIENT_CONFIRMATION_OK"
10046,10403134204,10403134234,1,"IOTHUB_CLIENT_CONFIRMATION_OK"
10047,10403134404,10403134435,1,"IOTHUB_CLIENT_CONFIRMATION_OK"
10048,10403134605,10403134641,1,"IOTHUB_CLIENT_CONFIRMATION_OK"
10049,10403134805,10403134834,1,"IOTHUB_CLIENT_CONFIRMATION_OK"
10050,10403135005,10403135049,1,"IOTHUB_CLIENT_CONFIRMATION_OK"
10051,10403135205,10403135266,1,"IOTHUB_CLIENT_CONFIRMATION_OK"
10052,10403135405,10403135439,1,"IOTHUB_CLIENT_CONFIRMATION_OK"
10053,10403135605,10403135857,1,"IOTHUB_CLIENT_CONFIRMATION_OK"
10054,10403135806,10403135968,1,"IOTHUB_CLIENT_CONFIRMATION_OK"
10055,10403136006,10403136051,1,"IOTHUB_CLIENT_CONFIRMATION_OK"
10056,10403136206,10403136360,1,"IOTHUB_CLIENT_CONFIRMATION_OK"
10057,10403136406,10403136442,1,"IOTHUB_CLIENT_CONFIRMATION_OK"
10058,10403136606,10403136652,1,"IOTHUB_CLIENT_CONFIRMATION_OK"
10059,10403136806,10403136965,1,"IOTHUB_CLIENT_CONFIRMATION_OK"
10060,10403137006,10403137047,1,"IOTHUB_CLIENT_CONFIRMATION_OK"
10061,10403137207,10403137239,1,"IOTHUB_CLIENT_CONFIRMATION_OK"
10062,10403137407,10403137439,1,"IOTHUB_CLIENT_CONFIRMATION_OK"
10063,10403137607,10403137670,1,"IOTHUB_CLIENT_CONFIRMATION_OK"
10064,10403137807,10403137836,1,"IOTHUB_CLIENT_CONFIRMATION_OK"
10065,10403138007,10403138035,1,"IOTHUB_CLIENT_CONFIRMATION_OK"
10066,10403138207,10403138237,1,"IOTHUB_CLIENT_CONFIRMATION_OK"
10067,10403138408,10403138439,1,"IOTHUB_CLIENT_CONFIRMATION_OK"
10068,10403138608,10403138653,1,"IOTHUB_CLIENT_CONFIRMATION_OK"
10069,10403138808,10403138838,1,"IOTHUB_CLIENT_CONFIRMATION_OK"
10070,10403139008,10403139045,1,"IOTHUB_CLIENT_CONFIRMATION_OK"
10071,10403139208,10403139259,1,"IOTHUB_CLIENT_CONFIRMATION_OK"
10072,10403139408,10403139444,1,"IOTHUB_CLIENT_CONFIRMATION_OK"
10073,10403139609,10403139639,1,"IOTHUB_CLIENT_CONFIRMATION_OK"
10074,10403139809,10403139839,1,"IOTHUB_CLIENT_CONFIRMATION_OK"
10075,10403140009,10403140046,1,"IOTHUB_CLIENT_CONFIRMATION_OK"
10076,10403140209,10403140247,1,"IOTHUB_CLIENT_CONFIRMATION_OK"
10077,10403140409,10403140437,1,"IOTHUB_CLIENT_CONFIRMATION_OK"
10078,10403140609,10403140658,1,"IOTHUB_CLIENT_CONFIRMATION_OK"
10079,10403140810,10403140877,1,"IOTHUB_CLIENT_CONFIRMATION_OK"
10080,10403141010,10403141042,1,"IOTHUB_CLIENT_CONFIRMATION_OK"
10081,10403141210,10403141243,1,"IOTHUB_CLIENT_CONFIRMATION_OK"
10082,10403141410,10403141469,1,"IOTHUB_CLIENT_CONFIRMATION_OK"
10083,10403141610,10403141640,1,"IOTHUB_CLIENT_CONFIRMATION_OK"
10084,10403141810,10403141841,1,"IOTHUB_CLIENT_CONFIRMATION_OK"
10085,10403142010,10403142084,1,"IOTHUB_CLIENT_CONFIRMATION_OK"
10086,10403142211,10403142249,1,"IOTHUB_CLIENT_CONFIRMATION_OK"
10087,10403142411,10403142450,1,"IOTHUB_CLIENT_CONFIRMATION_OK"
10088,10403142611,10403142649,1,"IOTHUB_CLIENT_CONFIRMATION_OK"
10089,10403142811,10403142853,1,"IOTHUB_CLIENT_CONFIRMATION_OK"
10090,10403143011,10403143095,1,"IOTHUB_CLIENT_CONFIRMATION_OK"
10091,10403143211,10403143249,1,"IOTHUB_CLIENT_CONFIRMATION_OK"
10092,10403143412,10403143441,1,"IOTHUB_CLIENT_CONFIRMATION_OK"
10093,10403143612,10403143705,1,"IOTHUB_CLIENT_CONFIRMATION_OK"
10094,10403143812,10403143845,1,"IOTHUB_CLIENT_CONFIRMATION_OK"
10095,10403144012,10403144040,1,"IOTHUB_CLIENT_CONFIRMATION_OK"
10096,10403144212,10403144331,1,"IOTHUB_CLIENT_CONFIRMATION_OK"
10097,10403144412,10403144443,1,"IOTHUB_CLIENT_CONFIRMATION_OK"
10098,10403144613,10403144643,1,"IOTHUB_CLIENT_CONFIRMATION_OK"
10099,10403144813,10403144921,1,"IOTHUB_CLIENT_CONFIRMATION_OK"
10100,10403145013,10403145047,1,"IOTHUB_CLIENT_CONFIRMATION_OK"
10101,10403145213,10403145244,1,"IOTHUB_CLIENT_CONFIRMATION_OK"
10102,10403145413,10403145442,1,"IOTHUB_CLIENT_CONFIRMATION_OK"
10103,10403145613,10403145640,1,"IOTHUB_CLIENT_CONFIRMATION_OK"
10104,10403145813,10403145842,1,"IOTHUB_CLIENT_CONFIRMATION_OK"
10105,10403146014,10403146045,1,"IOTHUB_CLIENT_CONFIRMATION_OK"
10106,10403146214,10403146243,1,"IOTHUB_CLIENT_CONFIRMATION_OK"
10107,10403146414,10403146577,1,"IOTHUB_CLIENT_CONFIRMATION_OK"
10108,10403146614,10403146649,1,"IOTHUB_CLIENT_CONFIRMATION_OK"
10109,10403146814,10403146861,1,"IOTHUB_CLIENT_CONFIRMATION_OK"
10110,10403147014,10403147044,1,"IOTHUB_CLIENT_CONFIRMATION_OK"
10111,10403147214,10403147244,1,"IOTHUB_CLIENT_CONFIRMATION_OK"
10112,10403147415,10403147445,1,"IOTHUB_CLIENT_CONFIRMATION_OK"
10113,10403147615,10403147696,1,"IOTHUB_CLIENT_CONFIRMATION_OK"
10114,10403147815,10403147843,1,"IOTHUB_CLIENT_CONFIRMATION_OK"
10115,10403148015,10403148047,1,"IOTHUB_CLIENT_CONFIRMATION_OK"
10116,10403148215,10403148250,1,"IOTHUB_CLIENT_CONFIRMATION_OK"
10117,10403148415,10403148449,1,"IOTHUB_CLIENT_CONFIRMATION_OK"
10118,10403148616,10403148648,1,"IOTHUB_CLIENT_CONFIRMATION_OK"
10119,10403148816,10403148847,1,"IOTHUB_CLIENT_CONFIRMATION_OK"
10120,10403149016,10403149048,1,"IOTHUB_CLIENT_CONFIRMATION_OK"
10121,10403149216,10403149244,1,"IOTHUB_CLIENT_CONFIRMATION_OK"
10122,10403149416,10403149454,1,"IOTHUB_CLIENT_CONFIRMATION_OK"
10123,10403149616,10403149650,1,"IOTHUB_CLIENT_CONFIRMATION_OK"
10124,10403149817,10403149863,1,"IOTHUB_CLIENT_CONFIRMATION_OK"
10125,10403150017,10403150046,1,"IOTHUB_CLIENT_CONFIRMATION_OK"
10126,10403150217,10403150246,1,"IOTHUB_CLIENT_CONFIRMATION_OK"
10127,10403150417,10403150462,1,"IOTHUB_CLIENT_CONFIRMATION_OK"
10128,10403150617,10403150669,1,"IOTHUB_CLIENT_CONFIRMATION_OK"
10129,10403150817,10403150852,1,"IOTHUB_CLIENT_CONFIRMATION_OK"
10130,10403151017,10403151063,1,"IOTHUB_CLIENT_CONFIRMATION_OK"
10131,10403151218,10403151249,1,"IOTHUB_CLIENT_CONFIRMATION_OK"
10132,10403151418,10403151462,1,"IOTHUB_CLIENT_CONFIRMATION_OK"
10133,10403151618,10403151686,1,"IOTHUB_CLIENT_CONFIRMATION_OK"
10134,10403151818,10403151851,1,"IOTHUB_CLIENT_CONFIRMATION_OK"
10135,10403152018,10403152050,1,"IOTHUB_CLIENT_CONFIRMATION_OK"
10136,10403152218,10403152253,1,"IOTHUB_CLIENT_CONFIRMATION_OK"
10137,10403152419,10403152450,1,"IOTHUB_CLIENT_CONFIRMATION_OK"
10138,10403152619,10403152689,1,"IOTHUB_CLIENT_CONFIRMATION_OK"
10139,10403152819,10403152851,1,"IOTHUB_CLIENT_CONFIRMATION_OK"
10140,10403153019,10403153055,1,"IOTHUB_CLIENT_CONFIRMATION_OK"
10141,10403153219,10403153311,1,"IOTHUB_CLIENT_CONFIRMATION_OK"
10142,10403153419,10403153448,1,"IOTHUB_CLIENT_CONFIRMATION_OK"
10143,10403153619,10403153649,1,"IOTHUB_CLIENT_CONFIRMATION_OK"
10144,10403153820,10403153910,1,"IOTHUB_CLIENT_CONFIRMATION_OK"
10145,10403154020,10403154092,1,"IOTHUB_CLIENT_CONFIRMATION_OK"
10146,10403154220,10403154250,1,"IOTHUB_CLIENT_CONFIRMATION_OK"
10147,10403154420,10403154516,1,"IOTHUB_CLIENT_CONFIRMATION_OK"
10148,10403154620,10403154652,1,"IOTHUB_CLIENT_CONFIRMATION_OK"
10149,10403154820,10403154856,1,"IOTHUB_CLIENT_CONFIRMATION_OK"
10150,10403155021,10403155146,1,"IOTHUB_CLIENT_CONFIRMATION_OK"
10151,10403155221,10403155285,1,"IOTHUB_CLIENT_CONFIRMATION_OK"
10152,10403155421,10403155466,1,"IOTHUB_CLIENT_CONFIRMATION_OK"
10153,10403155621,10403155665,1,"IOTHUB_CLIENT_CONFIRMATION_OK"
10154,10403155821,10403155853,1,"IOTHUB_CLIENT_CONFIRMATION_OK"
10155,10403156021,10403156166,1,"IOTHUB_CLIENT_CONFIRMATION_OK"
10156,10403156221,10403156263,1,"IOTHUB_CLIENT_CONFIRMATION_OK"
10157,10403156422,10403156464,1,"IOTHUB_CLIENT_CONFIRMATION_OK"
10158,10403156622,10403156773,1,"IOTHUB_CLIENT_CONFIRMATION_OK"
10159,10403156822,10403156854,1,"IOTHUB_CLIENT_CONFIRMATION_OK"
10160,10403157022,10403157053,1,"IOTHUB_CLIENT_CONFIRMATION_OK"
10161,10403157222,10403157262,1,"IOTHUB_CLIENT_CONFIRMATION_OK"
10162,10403157422,10403157453,1,"IOTHUB_CLIENT_CONFIRMATION_OK"
10163,10403157623,10403157655,1,"IOTHUB_CLIENT_CONFIRMATION_OK"
10164,10403157823,10403157865,1,"IOTHUB_CLIENT_CONFIRMATION_OK"
10165,10403158023,10403158054,1,"IOTHUB_CLIENT_CONFIRMATION_OK"
10166,10403158223,10403158281,1,"IOTHUB_CLIENT_CONFIRMATION_OK"
10167,10403158423,10403158456,1,"IOTHUB_CLIENT_CONFIRMATION_OK"
10168,10403158623,10403158655,1,"IOTHUB_CLIENT_CONFIRMATION_OK"
10169,10403158824,10403158854,1,"IOTHUB_CLIENT_CONFIRMATION_OK"
10170,10403159024,10403159057,1,"IOTHUB_CLIENT_CONFIRMATION_OK"
10171,10403159224,10403159264,1,"IOTHUB_CLIENT_CONFIRMATION_OK"
10172,10403159424,10403159621,1,"IOTHUB_CLIENT_CONFIRMATION_OK"
10173,10403159624,10403159655,1,"IOTHUB_CLIENT_CONFIRMATION_OK"
10174,10403159824,10403159854,1,"IOTHUB_CLIENT_CONFIRMATION_OK"
10175,10403160024,10403160055,1,"IOTHUB_CLIENT_CONFIRMATION_OK"
10176,10403160225,10403160285,1,"IOTHUB_CLIENT_CONFIRMATION_OK"
10177,10403160425,10403160462,1,"IOTHUB_CLIENT_CONFIRMATION_OK"
10178,10403160625,10403160657,1,"IOTHUB_CLIENT_CONFIRMATION_OK"
10179,10403160825,10403160858,1,"IOTHUB_CLIENT_CONFIRMATION_OK"
10180,10403161025,10403161061,1,"IOTHUB_CLIENT_CONFIRMATION_OK"
10181,10403161225,10403161255,1,"IOTHUB_CLIENT_CONFIRMATION_OK"
10182,10403161426,10403161454,1,"IOTHUB_CLIENT_CONFIRMATION_OK"
10183,10403161626,10403161657,1,"IOTHUB_CLIENT_CONFIRMATION_OK"
10184,10403161826,10403161867,1,"IOTHUB_CLIENT_CONFIRMATION_OK"
10185,10403162026,10403162058,1,"IOTHUB_CLIENT_CONFIRMATION_OK"
10186,10403162226,10403162257,1,"IOTHUB_CLIENT_CONFIRMATION_OK"
10187,10403162426,10403162455,1,"IOTHUB_CLIENT_CONFIRMATION_OK"
10188,10403162626,10403162659,1,"IOTHUB_CLIENT_CONFIRMATION_OK"
10189,10403162827,10403162866,1,"IOTHUB_CLIENT_CONFIRMATION_OK"
10190,10403163027,10403163056,1,"IOTHUB_CLIENT_CONFIRMATION_OK"
10191,10403163227,10403163267,1,"IOTHUB_CLIENT_CONFIRMATION_OK"
10192,10403163427,10403163464,1,"IOTHUB_CLIENT_CONFIRMATION_OK"
10193,10403163627,10403163681,1,"IOTHUB_CLIENT_CONFIRMATION_OK"
10194,10403163827,10403163861,1,"IOTHUB_CLIENT_CONFIRMATION_OK"
10195,10403164027,10403164079,1,"IOTHUB_CLIENT_CONFIRMATION_OK"
10196,10403164228,10403164265,1,"IOTHUB_CLIENT_CONFIRMATION_OK"
10197,10403164428,10403164457,1,"IOTHUB_CLIENT_CONFIRMATION_OK"
10198,10403164628,10403164762,1,"IOTHUB_CLIENT_CONFIRMATION_OK"
10199,10403164828,10403164867,1,"IOTHUB_CLIENT_CONFIRMATION_OK"
10200,10403165028,10403165063,1,"IOTHUB_CLIENT_CONFIRMATION_OK"
10201,10403165228,10403165266,1,"IOTHUB_CLIENT_CONFIRMATION_OK"
10202,10403165429,10403165462,1,"IOTHUB_CLIENT_CONFIRMATION_OK"
10203,10403165629,10403165705,1,"IOTHUB_CLIENT_CONFIRMATION_OK"
10204,10403165829,10403165862,1,"IOTHUB_CLIENT_CONFIRMATION_OK"
10205,10403166029,10403166061,1,"IOTHUB_CLIENT_CONFIRMATION_OK"
10206,10403166229,10403166313,1,"IOTHUB_CLIENT_CONFIRMATION_OK"
10207,10403166429,10403166477,1,"IOTHUB_CLIENT_CONFIRMATION_OK"
10208,10403166630,10403166661,1,"IOTHUB_CLIENT_CONFIRMATION_OK"
10209,10403166830,10403166927,1,"IOTHUB_CLIENT_CONFIRMATION_OK"
10210,10403167030,10403167069,1,"IOTHUB_CLIENT_CONFIRMATION_OK"
10211,10403167230,10403167258,1,"IOTHUB_CLIENT_CONFIRMATION_OK"
10212,10403167430,10403167555,1,"IOTHUB_CLIENT_CONFIRMATION_OK"
10213,10403167630,10403167661,1,"IOTHUB_CLIENT_CONFIRMATION_OK"
10214,10403167831,10403167862,1,"IOTHUB_CLIENT_CONFIRMATION_OK"
10215,10403168031,10403168061,1,"IOTHUB_CLIENT_CONFIRMATION_OK"
10216,10403168231,10403168260,1,"IOTHUB_CLIENT_CONFIRMATION_OK"
10217,10403168431,10403168472,1,"IOTHUB_CLIENT_CONFIRMATION_OK"
10218,10403168631,10403168666,1,"IOTHUB_CLIENT_CONFIRMATION_OK"
10219,10403168831,10403168882,1,"IOTHUB_CLIENT_CONFIRMATION_OK"
10220,10403169031,10403169175,1,"IOTHUB_CLIENT_CONFIRMATION_OK"
10221,10403169232,10403169276,1,"IOTHUB_CLIENT_CONFIRMATION_OK"
10222,10403169432,10403169467,1,"IOTHUB_CLIENT_CONFIRMATION_OK"
10223,10403169632,10403169780,1,"IOTHUB_CLIENT_CONFIRMATION_OK"
10224,10403169832,10403169872,1,"IOTHUB_CLIENT_CONFIRMATION_OK"
10225,10403170032,10403170095,1,"IOTHUB_CLIENT_CONFIRMATION_OK"
10226,10403170232,10403170264,1,"IOTHUB_CLIENT_CONFIRMATION_OK"
10227,10403170433,10403170467,1,"IOTHUB_CLIENT_CONFIRMATION_OK"
10228,10403170633,10403170669,1,"IOTHUB_CLIENT_CONFIRMATION_OK"
10229,10403170833,10403170874,1,"IOTHUB_CLIENT_CONFIRMATION_OK"
10230,10403171033,10403171078,1,"IOTHUB_CLIENT_CONFIRMATION_OK"
10231,10403171233,10403171297,1,"IOTHUB_CLIENT_CONFIRMATION_OK"
10232,10403171433,10403171481,1,"IOTHUB_CLIENT_CONFIRMATION_OK"
10233,10403171634,10403171701,1,"IOTHUB_CLIENT_CONFIRMATION_OK"
10234,10403171834,10403171865,1,"IOTHUB_CLIENT_CONFIRMATION_OK"
10235,10403172034,10403172072,1,"IOTHUB_CLIENT_CONFIRMATION_OK"
10236,10403172234,10403172287,1,"IOTHUB_CLIENT_CONFIRMATION_OK"
10237,10403172434,10403172499,1,"IOTHUB_CLIENT_CONFIRMATION_OK"
10238,10403172634,10403172671,1,"IOTHUB_CLIENT_CONFIRMATION_OK"
10239,10403172835,10403172874,1,"IOTHUB_CLIENT_CONFIRMATION_OK"
10240,10403173035,10403173108,1,"IOTHUB_CLIENT_CONFIRMATION_OK"
10241,10403173235,10403173276,1,"IOTHUB_CLIENT_CONFIRMATION_OK"
10242,10403173435,10403173467,1,"IOTHUB_CLIENT_CONFIRMATION_OK"
10243,10403173635,10403173731,1,"IOTHUB_CLIENT_CONFIRMATION_OK"
10244,10403173835,10403173872,1,"IOTHUB_CLIENT_CONFIRMATION_OK"
10245,10403174036,10403174082,1,"IOTHUB_CLIENT_CONFIRMATION_OK"
10246,10403174236,10403174339,1,"IOTHUB_CLIENT_CONFIRMATION_OK"
10247,10403174436,10403174472,1,"IOTHUB_CLIENT_CONFIRMATION_OK"
10248,10403174636,10403174681,1,"IOTHUB_CLIENT_CONFIRMATION_OK"
10249,10403174836,10403174872,1,"IOTHUB_CLIENT_CONFIRMATION_OK"
10250,10403175036,10403175074,1,"IOTHUB_CLIENT_CONFIRMATION_OK"
10251,10403175236,10403175338,1,"IOTHUB_CLIENT_CONFIRMATION_OK"
10252,10403175437,10403175477,1,"IOTHUB_CLIENT_CONFIRMATION_OK"
10253,10403175637,10403175681,1,"IOTHUB_CLIENT_CONFIRMATION_OK"
10254,10403175837,10403175995,1,"IOTHUB_CLIENT_CONFIRMATION_OK"
10255,10403176037,10403176067,1,"IOTHUB_CLIENT_CONFIRMATION_OK"
10256,10403176237,10403176267,1,"IOTHUB_CLIENT_CONFIRMATION_OK"
10257,10403176437,10403176597,1,"IOTHUB_CLIENT_CONFIRMATION_OK"
10258,10403176637,10403176674,1,"IOTHUB_CLIENT_CONFIRMATION_OK"
10259,10403176838,10403176991,1,"IOTHUB_CLIENT_CONFIRMATION_OK"
10260,10403177038,10403177070,1,"IOTHUB_CLIENT_CONFIRMATION_OK"
10261,10403177238,10403177271,1,"IOTHUB_CLIENT_CONFIRMATION_OK"
10262,10403177438,10403177471,1,"IOTHUB_CLIENT_CONFIRMATION_OK"
10263,10403177638,10403177672,1,"IOTHUB_CLIENT_CONFIRMATION_OK"
10264,10403177838,10403177881,1,"IOTHUB_CLIENT_CONFIRMATION_OK"
10265,10403178039,10403178072,1,"IOTHUB_CLIENT_CONFIRMATION_OK"
10266,10403178239,10403178286,1,"IOTHUB_CLIENT_CONFIRMATION_OK"
10267,10403178439,10403178468,1,"IOTHUB_CLIENT_CONFIRMATION_OK"
10268,10403178639,10403178674,1,"IOTHUB_CLIENT_CONFIRMATION_OK"
10269,10403178839,10403178880,1,"IOTHUB_CLIENT_CONFIRMATION_OK"
10270,10403179039,10403179069,1,"IOTHUB_CLIENT_CONFIRMATION_OK"
10271,10403179239,10403179275,1,"IOTHUB_CLIENT_CONFIRMATION_OK"
10272,10403179440,10403179473,1,"IOTHUB_CLIENT_CONFIRMATION_OK"
10273,10403179640,10403179679,1,"IOTHUB_CLIENT_CONFIRMATION_OK"
10274,10403179840,10403179905,1,"IOTHUB_CLIENT_CONFIRMATION_OK"
10275,10403180040,10403180070,1,"IOTHUB_CLIENT_CONFIRMATION_OK"
10276,10403180240,10403180272,1,"IOTHUB_CLIENT_CONFIRMATION_OK"
10277,10403180440,10403180514,1,"IOTHUB_CLIENT_CONFIRMATION_OK"
10278,10403180640,10403180674,1,"IOTHUB_CLIENT_CONFIRMATION_OK"
10279,10403180841,10403180873,1,"IOTHUB_CLIENT_CONFIRMATION_OK"
10280,10403181041,10403181076,1,"IOTHUB_CLIENT_CONFIRMATION_OK"
10281,10403181241,10403181273,1,"IOTHUB_CLIENT_CONFIRMATION_OK"
10282,10403181441,10403181474,1,"IOTHUB_CLIENT_CONFIRMATION_OK"
10283,10403181641,10403181675,1,"IOTHUB_CLIENT_CONFIRMATION_OK"
10284,10403181841,10403181871,1,"IOTHUB_CLIENT_CONFIRMATION_OK"
10285,10403182042,10403182074,1,"IOTHUB_CLIENT_CONFIRMATION_OK"
10286,10403182242,10403182299,1,"IOTHUB_CLIENT_CONFIRMATION_OK"
10287,10403182442,10403182480,1,"IOTHUB_CLIENT_CONFIRMATION_OK"
10288,10403182642,10403182680,1,"IOTHUB_CLIENT_CONFIRMATION_OK"
10289,10403182842,10403182871,1,"IOTHUB_CLIENT_CONFIRMATION_OK"
10290,10403183042,10403183074,1,"IOTHUB_CLIENT_CONFIRMATION_OK"
10291,10403183242,10403183293,1,"IOTHUB_CLIENT_CONFIRMATION_OK"
10292,10403183443,10403183477,1,"IOTHUB_CLIENT_CONFIRMATION_OK"
10293,10403183643,10403183688,1,"IOTHUB_CLIENT_CONFIRMATION_OK"
10294,10403183843,10403183883,1,"IOTHUB_CLIENT_CONFIRMATION_OK"
10295,10403184043,10403184073,1,"IOTHUB_CLIENT_CONFIRMATION_OK"
10296,10403184243,10403184285,1,"IOTHUB_CLIENT_CONFIRMATION_OK"
10297,10403184443,10403184478,1,"IOTHUB_CLIENT_CONFIRMATION_OK"
10298,10403184644,10403184677,1,"IOTHUB_CLIENT_CONFIRMATION_OK"
10299,10403184844,10403184875,1,"IOTHUB_CLIENT_CONFIRMATION_OK"
10300,10403185044,10403185082,1,"IOTHUB_CLIENT_CONFIRMATION_OK"
10301,10403185244,10403185272,1,"IOTHUB_CLIENT_CONFIRMATION_OK"
10302,10403185444,10403185475,1,"IOTHUB_CLIENT_CONFIRMATION_OK"
10303,10403185644,10403185673,1,"IOTHUB_CLIENT_CONFIRMATION_OK"
10304,10403185845,10403185878,1,"IOTHUB_CLIENT_CONFIRMATION_OK"
10305,10403186045,10403186077,1,"IOTHUB_CLIENT_CONFIRMATION_OK"
10306,10403186245,10403186283,1,"IOTHUB_CLIENT_CONFIRMATION_OK"
10307,10403186445,10403186657,1,"IOTHUB_CLIENT_CONFIRMATION_OK"
10308,10403186645,10403186693,1,"IOTHUB_CLIENT_CONFIRMATION_OK"
10309,10403186845,10403186876,1,"IOTHUB_CLIENT_CONFIRMATION_OK"
10310,10403187046,10403187084,1,"IOTHUB_CLIENT_CONFIRMATION_OK"
10311,10403187246,10403187280,1,"IOTHUB_CLIENT_CONFIRMATION_OK"
10312,10403187446,10403187477,1,"IOTHUB_CLIENT_CONFIRMATION_OK"
10313,10403187646,10403187686,1,"IOTHUB_CLIENT_CONFIRMATION_OK"
10314,10403187846,10403187885,1,"IOTHUB_CLIENT_CONFIRMATION_OK"
10315,10403188046,10403188076,1,"IOTHUB_CLIENT_CONFIRMATION_OK"
10316,10403188247,10403188281,1,"IOTHUB_CLIENT_CONFIRMATION_OK"
10317,10403188447,10403188482,1,"IOTHUB_CLIENT_CONFIRMATION_OK"
10318,10403188647,10403188678,1,"IOTHUB_CLIENT_CONFIRMATION_OK"
10319,10403188847,10403188882,1,"IOTHUB_CLIENT_CONFIRMATION_OK"
10320,10403189047,10403189285,1,"IOTHUB_CLIENT_CONFIRMATION_OK"
10321,10403189247,10403189309,1,"IOTHUB_CLIENT_CONFIRMATION_OK"
10322,10403189447,10403189492,1,"IOTHUB_CLIENT_CONFIRMATION_OK"
10323,10403189648,10403189681,1,"IOTHUB_CLIENT_CONFIRMATION_OK"
10324,10403189848,10403189911,1,"IOTHUB_CLIENT_CONFIRMATION_OK"
10325,10403190048,10403190097,1,"IOTHUB_CLIENT_CONFIRMATION_OK"
10326,10403190248,10403190288,1,"IOTHUB_CLIENT_CONFIRMATION_OK"
10327,10403190448,10403190515,1,"IOTHUB_CLIENT_CONFIRMATION_OK"
10328,10403190648,10403190691,1,"IOTHUB_CLIENT_CONFIRMATION_OK"
10329,10403190849,10403190878,1,"IOTHUB_CLIENT_CONFIRMATION_OK"
10330,10403191049,10403191089,1,"IOTHUB_CLIENT_CONFIRMATION_OK"
10331,10403191249,10403191315,1,"IOTHUB_CLIENT_CONFIRMATION_OK"
10332,10403191449,10403191478,1,"IOTHUB_CLIENT_CONFIRMATION_OK"
10333,10403191649,10403191685,1,"IOTHUB_CLIENT_CONFIRMATION_OK"
10334,10403191849,10403191879,1,"IOTHUB_CLIENT_CONFIRMATION_OK"
10335,10403192049,10403192193,1,"IOTHUB_CLIENT_CONFIRMATION_OK"
10336,10403192250,10403192279,1,"IOTHUB_CLIENT_CONFIRMATION_OK"
10337,10403192450,10403192484,1,"IOTHUB_CLIENT_CONFIRMATION_OK"
10338,10403192650,10403192767,1,"IOTHUB_CLIENT_CONFIRMATION_OK"
10339,10403192850,10403192889,1,"IOTHUB_CLIENT_CONFIRMATION_OK"
10340,10403193050,10403193157,1,"IOTHUB_CLIENT_CONFIRMATION_OK"
10341,10403193250,10403193282,1,"IOTHUB_CLIENT_CONFIRMATION_OK"
10342,10403193451,10403193570,1,"IOTHUB_CLIENT_CONFIRMATION_OK"
10343,10403193651,10403193788,1,"IOTHUB_CLIENT_CONFIRMATION_OK"
10344,10403193851,10403194009,1,"IOTHUB_CLIENT_CONFIRMATION_OK"
10345,10403194051,10403194085,1,"IOTHUB_CLIENT_CONFIRMATION_OK"
10346,10403194251,10403194281,1,"IOTHUB_CLIENT_CONFIRMATION_OK"
10347,10403194451,10403194614,1,"IOTHUB_CLIENT_CONFIRMATION_OK"
10348,10403194652,10403194681,1,"IOTHUB_CLIENT_CONFIRMATION_OK"
10349,10403194852,10403194883,1,"IOTHUB_CLIENT_CONFIRMATION_OK"
10350,10403195052,10403195082,1,"IOTHUB_CLIENT_CONFIRMATION_OK"
10351,10403195252,10403195279,1,"IOTHUB_CLIENT_CONFIRMATION_OK"
10352,10403195452,10403195483,1,"IOTHUB_CLIENT_CONFIRMATION_OK"
10353,10403195652,10403195682,1,"IOTHUB_CLIENT_CONFIRMATION_OK"
10354,10403195853,10403195889,1,"IOTHUB_CLIENT_CONFIRMATION_OK"
10355,10403196053,10403196082,1,"IOTHUB_CLIENT_CONFIRMATION_OK"
10356,10403196253,10403196298,1,"IOTHUB_CLIENT_CONFIRMATION_OK"
10357,10403196453,10403196484,1,"IOTHUB_CLIENT_CONFIRMATION_OK"
10358,10403196653,10403196686,1,"IOTHUB_CLIENT_CONFIRMATION_OK"
10359,10403196853,10403196886,1,"IOTHUB_CLIENT_CONFIRMATION_OK"
10360,10403197053,10403197086,1,"IOTHUB_CLIENT_CONFIRMATION_OK"
10361,10403197254,10403197284,1,"IOTHUB_CLIENT_CONFIRMATION_OK"
10362,10403197454,10403197483,1,"IOTHUB_CLIENT_CONFIRMATION_OK"
10363,10403197654,10403197719,1,"IOTHUB_CLIENT_CONFIRMATION_OK"
10364,10403197854,10403197936,1,"IOTHUB_CLIENT_CONFIRMATION_OK"
10365,10403198054,10403198090,1,"IOTHUB_CLIENT_CONFIRMATION_OK"
10366,10403198254,10403198303,1,"IOTHUB_CLIENT_CONFIRMATION_OK"
10367,10403198454,10403198544,1,"IOTHUB_CLIENT_CONFIRMATION_OK"
10368,10403198655,10403198685,1,"IOTHUB_CLIENT_CONFIRMATION_OK"
10369,10403198855,10403198885,1,"IOTHUB_CLIENT_CONFIRMATION_OK"
10370,10403199055,10403199154,1,"IOTHUB_CLIENT_CONFIRMATION_OK"
10371,10403199255,10403199287,1,"IOTHUB_CLIENT_CONFIRMATION_OK"
10372,10403199455,10403199485,1,"IOTHUB_CLIENT_CONFIRMATION_OK"
10373,10403199655,10403199689,1,"IOTHUB_CLIENT_CONFIRMATION_OK"
10374,10403199856,10403199909,1,"IOTHUB_CLIENT_CONFIRMATION_OK"
10375,10403200056,10403200091,1,"IOTHUB_CLIENT_CONFIRMATION_OK"
10376,10403200256,10403200288,1,"IOTHUB_CLIENT_CONFIRMATION_OK"
10377,10403200456,10403200487,1,"IOTHUB_CLIENT_CONFIRMATION_OK"
10378,10403200656,10403200814,1,"IOTHUB_CLIENT_CONFIRMATION_OK"
10379,10403200856,10403200889,1,"IOTHUB_CLIENT_CONFIRMATION_OK"
10380,10403201057,10403201089,1,"IOTHUB_CLIENT_CONFIRMATION_OK"
10381,10403201257,10403201427,1,"IOTHUB_CLIENT_CONFIRMATION_OK"
10382,10403201457,10403201487,1,"IOTHUB_CLIENT_CONFIRMATION_OK"
10383,10403201657,10403201686,1,"IOTHUB_CLIENT_CONFIRMATION_OK"
10384,10403201857,10403201896,1,"IOTHUB_CLIENT_CONFIRMATION_OK"
10385,10403202057,10403202111,1,"IOTHUB_CLIENT_CONFIRMATION_OK"
10386,10403202257,10403202295,1,"IOTHUB_CLIENT_CONFIRMATION_OK"
10387,10403202458,10403202494,1,"IOTHUB_CLIENT_CONFIRMATION_OK"
10388,10403202658,10403202688,1,"IOTHUB_CLIENT_CONFIRMATION_OK"
10389,10403202858,10403202886,1,"IOTHUB_CLIENT_CONFIRMATION_OK"
10390,10403203058,10403203086,1,"IOTHUB_CLIENT_CONFIRMATION_OK"
10391,10403203258,10403203290,1,"IOTHUB_CLIENT_CONFIRMATION_OK"
10392,10403203458,10403203661,1,"IOTHUB_CLIENT_CONFIRMATION_OK"
10393,10403203659,10403203697,1,"IOTHUB_CLIENT_CONFIRMATION_OK"
10394,10403203859,10403203896,1,"IOTHUB_CLIENT_CONFIRMATION_OK"
10395,10403204059,10403204097,1,"IOTHUB_CLIENT_CONFIRMATION_OK"
10396,10403204259,10403204297,1,"IOTHUB_CLIENT_CONFIRMATION_OK"
10397,10403204459,10403204492,1,"IOTHUB_CLIENT_CONFIRMATION_OK"
10398,10403204659,10403204721,1,"IOTHUB_CLIENT_CONFIRMATION_OK"
10399,10403204860,10403204900,1,"IOTHUB_CLIENT_CONFIRMATION_OK"
10400,10403205060,10403205088,1,"IOTHUB_CLIENT_CONFIRMATION_OK"
10401,10403205260,10403205318,1,"IOTHUB_CLIENT_CONFIRMATION_OK"
10402,10403205460,10403205491,1,"IOTHUB_CLIENT_CONFIRMATION_OK"
10403,10403205660,10403205689,1,"IOTHUB_CLIENT_CONFIRMATION_OK"
10404,10403205860,10403205912,1,"IOTHUB_CLIENT_CONFIRMATION_OK"
10405,10403206061,10403206092,1,"IOTHUB_CLIENT_CONFIRMATION_OK"
10406,10403206261,10403206291,1,"IOTHUB_CLIENT_CONFIRMATION_OK"
10407,10403206461,10403206493,1,"IOTHUB_CLIENT_CONFIRMATION_OK"
10408,10403206661,10403206695,1,"IOTHUB_CLIENT_CONFIRMATION_OK"
10409,10403206861,10403206921,1,"IOTHUB_CLIENT_CONFIRMATION_OK"
10410,10403207061,10403207093,1,"IOTHUB_CLIENT_CONFIRMATION_OK"
10411,10403207261,10403207296,1,"IOTHUB_CLIENT_CONFIRMATION_OK"
10412,10403207462,10403207547,1,"IOTHUB_CLIENT_CONFIRMATION_OK"
10413,10403207662,10403207704,1,"IOTHUB_CLIENT_CONFIRMATION_OK"
10414,10403207862,10403207898,1,"IOTHUB_CLIENT_CONFIRMATION_OK"
10415,10403208062,10403208146,1,"IOTHUB_CLIENT_CONFIRMATION_OK"
10416,10403208262,10403208291,1,"IOTHUB_CLIENT_CONFIRMATION_OK"
10417,10403208462,10403208492,1,"IOTHUB_CLIENT_CONFIRMATION_OK"
10418,10403208663,10403208957,1,"IOTHUB_CLIENT_CONFIRMATION_OK"
10419,10403208863,10403208983,1,"IOTHUB_CLIENT_CONFIRMATION_OK"
10420,10403209063,10403209093,1,"IOTHUB_CLIENT_CONFIRMATION_OK"
10421,10403209263,10403209357,1,"IOTHUB_CLIENT_CONFIRMATION_OK"
10422,10403209463,10403209494,1,"IOTHUB_CLIENT_CONFIRMATION_OK"
10423,10403209663,10403209694,1,"IOTHUB_CLIENT_CONFIRMATION_OK"
10424,10403209863,10403209902,1,"IOTHUB_CLIENT_CONFIRMATION_OK"
10425,10403210064,10403210093,1,"IOTHUB_CLIENT_CONFIRMATION_OK"
10426,10403210264,10403210975,1,"IOTHUB_CLIENT_CONFIRMATION_OK"
10427,10403210464,10403211006,1,"IOTHUB_CLIENT_CONFIRMATION_OK"
10428,10403210664,10403211027,1,"IOTHUB_CLIENT_CONFIRMATION_OK"
10429,10403210864,10403211160,1,"IOTHUB_CLIENT_CONFIRMATION_OK"
10430,10403211064,10403211174,1,"IOTHUB_CLIENT_CONFIRMATION_OK"
10431,10403211265,10403211296,1,"IOTHUB_CLIENT_CONFIRMATION_OK"
10432,10403211465,10403211571,1,"IOTHUB_CLIENT_CONFIRMATION_OK"
10433,10403211665,10403211698,1,"IOTHUB_CLIENT_CONFIRMATION_OK"
10434,10403211865,10403211895,1,"IOTHUB_CLIENT_CONFIRMATION_OK"
10435,10403212065,10403212203,1,"IOTHUB_CLIENT_CONFIRMATION_OK"
10436,10403212265,10403212295,1,"IOTHUB_CLIENT_CONFIRMATION_OK"
10437,10403212465,10403212505,1,"IOTHUB_CLIENT_CONFIRMATION_OK"
10438,10403212666,10403212694,1,"IOTHUB_CLIENT_CONFIRMATION_OK"
10439,10403212866,10403212901,1,"IOTHUB_CLIENT_CONFIRMATION_OK"
10440,10403213066,10403213108,1,"IOTHUB_CLIENT_CONFIRMATION_OK"
10441,10403213266,10403213300,1,"IOTHUB_CLIENT_CONFIRMATION_OK"
10442,10403213466,10403213520,1,"IOTHUB_CLIENT_CONFIRMATION_OK"
10443,10403213666,10403213800,1,"IOTHUB_CLIENT_CONFIRMATION_OK"
10444,10403213867,10403213906,1,"IOTHUB_CLIENT_CONFIRMATION_OK"
10445,10403214067,10403214095,1,"IOTHUB_CLIENT_CONFIRMATION_OK"
10446,10403214267,10403214414,1,"IOTHUB_CLIENT_CONFIRMATION_OK"
10447,10403214467,10403214498,1,"IOTHUB_CLIENT_CONFIRMATION_OK"
10448,10403214667,10403214718,1,"IOTHUB_CLIENT_CONFIRMATION_OK"
10449,10403214867,10403214901,1,"IOTHUB_CLIENT_CONFIRMATION_OK"
10450,10403215068,10403215100,1,"IOTHUB_CLIENT_CONFIRMATION_OK"
10451,10403215268,10403215307,1,"IOTHUB_CLIENT_CONFIRMATION_OK"
10452,10403215468,10403215675,1,"IOTHUB_CLIENT_CONFIRMATION_OK"
10453,10403215668,10403215887,1,"IOTHUB_CLIENT_CONFIRMATION_OK"
10454,10403215868,10403215946,1,"IOTHUB_CLIENT_CONFIRMATION_OK"
10455,10403216068,10403216192,1,"IOTHUB_CLIENT_CONFIRMATION_OK"
10456,10403216269,10403216306,1,"IOTHUB_CLIENT_CONFIRMATION_OK"
10457,10403216469,10403216496,1,"IOTHUB_CLIENT_CONFIRMATION_OK"
10458,10403216669,10403216701,1,"IOTHUB_CLIENT_CONFIRMATION_OK"
10459,10403216869,10403216915,1,"IOTHUB_CLIENT_CONFIRMATION_OK"
10460,10403217069,10403217231,1,"IOTHUB_CLIENT_CONFIRMATION_OK"
10461,10403217269,10403217302,1,"IOTHUB_CLIENT_CONFIRMATION_OK"
10462,10403217469,10403217504,1,"IOTHUB_CLIENT_CONFIRMATION_OK"
10463,10403217670,10403217835,1,"IOTHUB_CLIENT_CONFIRMATION_OK"
10464,10403217870,10403217909,1,"IOTHUB_CLIENT_CONFIRMATION_OK"
10465,10403218070,10403218135,1,"IOTHUB_CLIENT_CONFIRMATION_OK"
10466,10403218270,10403218301,1,"IOTHUB_CLIENT_CONFIRMATION_OK"
10467,10403218470,10403218506,1,"IOTHUB_CLIENT_CONFIRMATION_OK"
10468,10403218670,10403218711,1,"IOTHUB_CLIENT_CONFIRMATION_OK"
10469,10403218871,10403218903,1,"IOTHUB_CLIENT_CONFIRMATION_OK"
10470,10403219071,10403219103,1,"IOTHUB_CLIENT_CONFIRMATION_OK"
10471,10403219271,10403219303,1,"IOTHUB_CLIENT_CONFIRMATION_OK"
10472,10403219471,10403219502,1,"IOTHUB_CLIENT_CONFIRMATION_OK"
10473,10403219671,10403219701,1,"IOTHUB_CLIENT_CONFIRMATION_OK"
10474,10403219871,10403220077,1,"IOTHUB_CLIENT_CONFIRMATION_OK"
10475,10403220071,10403220111,1,"IOTHUB_CLIENT_CONFIRMATION_OK"
10476,10403220272,10403220304,1,"IOTHUB_CLIENT_CONFIRMATION_OK"
10477,10403220472,10403220500,1,"IOTHUB_CLIENT_CONFIRMATION_OK"
10478,10403220672,10403220704,1,"IOTHUB_CLIENT_CONFIRMATION_OK"
10479,10403220872,10403220905,1,"IOTHUB_CLIENT_CONFIRMATION_OK"
10480,10403221072,10403221137,1,"IOTHUB_CLIENT_CONFIRMATION_OK"
10481,10403221272,10403221323,1,"IOTHUB_CLIENT_CONFIRMATION_OK"
10482,10403221473,10403221544,1,"IOTHUB_CLIENT_CONFIRMATION_OK"
10483,10403221673,10403221742,1,"IOTHUB_CLIENT_CONFIRMATION_OK"
10484,10403221873,10403221904,1,"IOTHUB_CLIENT_CONFIRMATION_OK"
10485,10403222073,10403222106,1,"IOTHUB_CLIENT_CONFIRMATION_OK"
10486,10403222273,10403222334,1,"IOTHUB_CLIENT_CONFIRMATION_OK"
10487,10403222473,10403222503,1,"IOTHUB_CLIENT_CONFIRMATION_OK"
10488,10403222674,10403222703,1,"IOTHUB_CLIENT_CONFIRMATION_OK"
10489,10403222874,10403222909,1,"IOTHUB_CLIENT_CONFIRMATION_OK"
10490,10403223074,10403223122,1,"IOTHUB_CLIENT_CONFIRMATION_OK"
10491,10403223274,10403223352,1,"IOTHUB_CLIENT_CONFIRMATION_OK"
10492,10403223474,10403223512,1,"IOTHUB_CLIENT_CONFIRMATION_OK"
10493,10403223674,10403223716,1,"IOTHUB_CLIENT_CONFIRMATION_OK"
10494,10403223875,10403223955,1,"IOTHUB_CLIENT_CONFIRMATION_OK"
10495,10403224075,10403224107,1,"IOTHUB_CLIENT_CONFIRMATION_OK"
10496,10403224275,10403224304,1,"IOTHUB_CLIENT_CONFIRMATION_OK"
10497,10403224475,10403224569,1,"IOTHUB_CLIENT_CONFIRMATION_OK"
10498,10403224675,10403224714,1,"IOTHUB_CLIENT_CONFIRMATION_OK"
10499,10403224875,10403224909,1,"IOTHUB_CLIENT_CONFIRMATION_OK"
10500,10403225075,10403225181,1,"IOTHUB_CLIENT_CONFIRMATION_OK"
10501,10403225276,10403225306,1,"IOTHUB_CLIENT_CONFIRMATION_OK"
10502,10403225476,10403225511,1,"IOTHUB_CLIENT_CONFIRMATION_OK"
10503,10403225676,10403225707,1,"IOTHUB_CLIENT_CONFIRMATION_OK"
10504,10403225876,10403225904,1,"IOTHUB_CLIENT_CONFIRMATION_OK"
10505,10403226076,10403226108,1,"IOTHUB_CLIENT_CONFIRMATION_OK"
10506,10403226276,10403226308,1,"IOTHUB_CLIENT_CONFIRMATION_OK"
10507,10403226477,10403226508,1,"IOTHUB_CLIENT_CONFIRMATION_OK"
10508,10403226677,10403226804,1,"IOTHUB_CLIENT_CONFIRMATION_OK"
10509,10403226877,10403226905,1,"IOTHUB_CLIENT_CONFIRMATION_OK"
10510,10403227077,10403227105,1,"IOTHUB_CLIENT_CONFIRMATION_OK"
10511,10403227277,10403227431,1,"IOTHUB_CLIENT_CONFIRMATION_OK"
10512,10403227477,10403227510,1,"IOTHUB_CLIENT_CONFIRMATION_OK"
10513,10403227678,10403227714,1,"IOTHUB_CLIENT_CONFIRMATION_OK"
10514,10403227878,10403227925,1,"IOTHUB_CLIENT_CONFIRMATION_OK"
10515,10403228078,10403228110,1,"IOTHUB_CLIENT_CONFIRMATION_OK"
10516,10403228278,10403228316,1,"IOTHUB_CLIENT_CONFIRMATION_OK"
10517,10403228478,10403228521,1,"IOTHUB_CLIENT_CONFIRMATION_OK"
10518,10403228678,10403228711,1,"IOTHUB_CLIENT_CONFIRMATION_OK"
10519,10403228879,10403228934,1,"IOTHUB_CLIENT_CONFIRMATION_OK"
10520,10403229079,10403229108,1,"IOTHUB_CLIENT_CONFIRMATION_OK"
10521,10403229279,10403229312,1,"IOTHUB_CLIENT_CONFIRMATION_OK"
10522,10403229479,10403229511,1,"IOTHUB_CLIENT_CONFIRMATION_OK"
10523,10403229679,10403229707,1,"IOTHUB_CLIENT_CONFIRMATION_OK"
10524,10403229879,10403229914,1,"IOTHUB_CLIENT_CONFIRMATION_OK"
10525,10403230079,10403230110,1,"IOTHUB_CLIENT_CONFIRMATION_OK"
10526,10403230280,10403230310,1,"IOTHUB_CLIENT_CONFIRMATION_OK"
10527,10403230480,10403230512,1,"IOTHUB_CLIENT_CONFIRMATION_OK"
10528,10403230680,10403230721,1,"IOTHUB_CLIENT_CONFIRMATION_OK"
10529,10403230880,10403230937,1,"IOTHUB_CLIENT_CONFIRMATION_OK"
10530,10403231080,10403231115,1,"IOTHUB_CLIENT_CONFIRMATION_OK"
10531,10403231280,10403231341,1,"IOTHUB_CLIENT_CONFIRMATION_OK"
10532,10403231481,10403231509,1,"IOTHUB_CLIENT_CONFIRMATION_OK"
10533,10403231681,10403231718,1,"IOTHUB_CLIENT_CONFIRMATION_OK"
10534,10403231881,10403231924,1,"IOTHUB_CLIENT_CONFIRMATION_OK"
10535,10403232081,10403232121,1,"IOTHUB_CLIENT_CONFIRMATION_OK"
10536,10403232281,10403232310,1,"IOTHUB_CLIENT_CONFIRMATION_OK"
10537,10403232481,10403232536,1,"IOTHUB_CLIENT_CONFIRMATION_OK"
10538,10403232682,10403232717,1,"IOTHUB_CLIENT_CONFIRMATION_OK"
10539,10403232882,10403232921,1,"IOTHUB_CLIENT_CONFIRMATION_OK"
10540,10403233082,10403233119,1,"IOTHUB_CLIENT_CONFIRMATION_OK"
10541,10403233282,10403233313,1,"IOTHUB_CLIENT_CONFIRMATION_OK"
10542,10403233482,10403233546,1,"IOTHUB_CLIENT_CONFIRMATION_OK"
10543,10403233682,10403233724,1,"IOTHUB_CLIENT_CONFIRMATION_OK"
10544,10403233883,10403233919,1,"IOTHUB_CLIENT_CONFIRMATION_OK"
10545,10403234083,10403234165,1,"IOTHUB_CLIENT_CONFIRMATION_OK"
10546,10403234283,10403234315,1,"IOTHUB_CLIENT_CONFIRMATION_OK"
10547,10403234483,10403234514,1,"IOTHUB_CLIENT_CONFIRMATION_OK"
10548,10403234683,10403234777,1,"IOTHUB_CLIENT_CONFIRMATION_OK"
10549,10403234883,10403234913,1,"IOTHUB_CLIENT_CONFIRMATION_OK"
10550,10403235084,10403235124,1,"IOTHUB_CLIENT_CONFIRMATION_OK"
10551,10403235284,10403235324,1,"IOTHUB_CLIENT_CONFIRMATION_OK"
10552,10403235484,10403235529,1,"IOTHUB_CLIENT_CONFIRMATION_OK"
10553,10403235684,10403235724,1,"IOTHUB_CLIENT_CONFIRMATION_OK"
10554,10403235884,10403235914,1,"IOTHUB_CLIENT_CONFIRMATION_OK"
10555,10403236084,10403236129,1,"IOTHUB_CLIENT_CONFIRMATION_OK"
10556,10403236284,10403236432,1,"IOTHUB_CLIENT_CONFIRMATION_OK"
10557,10403236485,10403236521,1,"IOTHUB_CLIENT_CONFIRMATION_OK"
10558,10403236685,10403236719,1,"IOTHUB_CLIENT_CONFIRMATION_OK"
10559,10403236885,10403237040,1,"IOTHUB_CLIENT_CONFIRMATION_OK"
10560,10403237085,10403237123,1,"IOTHUB_CLIENT_CONFIRMATION_OK"
10561,10403237285,10403237316,1,"IOTHUB_CLIENT_CONFIRMATION_OK"
10562,10403237485,10403237516,1,"IOTHUB_CLIENT_CONFIRMATION_OK"
10563,10403237686,10403237722,1,"IOTHUB_CLIENT_CONFIRMATION_OK"
10564,10403237886,10403237917,1,"IOTHUB_CLIENT_CONFIRMATION_OK"
10565,10403238086,10403238121,1,"IOTHUB_CLIENT_CONFIRMATION_OK"
10566,10403238286,10403238324,1,"IOTHUB_CLIENT_CONFIRMATION_OK"
10567,10403238486,10403238524,1,"IOTHUB_CLIENT_CONFIRMATION_OK"
10568,10403238686,10403238717,1,"IOTHUB_CLIENT_CONFIRMATION_OK"
10569,10403238886,10403238924,1,"IOTHUB_CLIENT_CONFIRMATION_OK"
10570,10403239087,10403239127,1,"IOTHUB_CLIENT_CONFIRMATION_OK"
10571,10403239287,10403239317,1,"IOTHUB_CLIENT_CONFIRMATION_OK"
10572,10403239487,10403239526,1,"IOTHUB_CLIENT_CONFIRMATION_OK"
10573,10403239687,10403239893,1,"IOTHUB_CLIENT_CONFIRMATION_OK"
10574,10403239887,10403239924,1,"IOTHUB_CLIENT_CONFIRMATION_OK"
10575,10403240087,10403240126,1,"IOTHUB_CLIENT_CONFIRMATION_OK"
10576,10403240288,10403240345,1,"IOTHUB_CLIENT_CONFIRMATION_OK"
10577,10403240488,10403240519,1,"IOTHUB_CLIENT_CONFIRMATION_OK"
10578,10403240688,10403240718,1,"IOTHUB_CLIENT_CONFIRMATION_OK"
10579,10403240888,10403240986,1,"IOTHUB_CLIENT_CONFIRMATION_OK"
10580,10403241088,10403241116,1,"IOTHUB_CLIENT_CONFIRMATION_OK"
10581,10403241288,10403241340,1,"IOTHUB_CLIENT_CONFIRMATION_OK"
10582,10403241489,10403241586,1,"IOTHUB_CLIENT_CONFIRMATION_OK"
10583,10403241689,10403241718,1,"IOTHUB_CLIENT_CONFIRMATION_OK"
10584,10403241889,10403241924,1,"IOTHUB_CLIENT_CONFIRMATION_OK"
10585,10403242089,10403242121,1,"IOTHUB_CLIENT_CONFIRMATION_OK"
10586,10403242289,10403242326,1,"IOTHUB_CLIENT_CONFIRMATION_OK"
10587,10403242489,10403242519,1,"IOTHUB_CLIENT_CONFIRMATION_OK"
10588,10403242690,10403242722,1,"IOTHUB_CLIENT_CONFIRMATION_OK"
10589,10403242890,10403242917,1,"IOTHUB_CLIENT_CONFIRMATION_OK"
10590,10403243090,10403243198,1,"IOTHUB_CLIENT_CONFIRMATION_OK"
10591,10403243290,10403243322,1,"IOTHUB_CLIENT_CONFIRMATION_OK"
10592,10403243490,10403243524,1,"IOTHUB_CLIENT_CONFIRMATION_OK"
10593,10403243690,10403243822,1,"IOTHUB_CLIENT_CONFIRMATION_OK"
10594,10403243891,10403243923,1,"IOTHUB_CLIENT_CONFIRMATION_OK"
10595,10403244091,10403244130,1,"IOTHUB_CLIENT_CONFIRMATION_OK"
10596,10403244291,10403244441,1,"IOTHUB_CLIENT_CONFIRMATION_OK"
10597,10403244491,10403244521,1,"IOTHUB_CLIENT_CONFIRMATION_OK"
10598,10403244691,10403244734,1,"IOTHUB_CLIENT_CONFIRMATION_OK"
10599,10403244891,10403244949,1,"IOTHUB_CLIENT_CONFIRMATION_OK"
10600,10403245091,10403245124,1,"IOTHUB_CLIENT_CONFIRMATION_OK"
10601,10403245292,10403245321,1,"IOTHUB_CLIENT_CONFIRMATION_OK"
10602,10403245492,10403245554,1,"IOTHUB_CLIENT_CONFIRMATION_OK"
10603,10403245692,10403245724,1,"IOTHUB_CLIENT_CONFIRMATION_OK"
10604,10403245892,10403246047,1,"IOTHUB_CLIENT_CONFIRMATION_OK"
10605,10403246092,10403246208,1,"IOTHUB_CLIENT_CONFIRMATION_OK"
10606,10403246292,10403246322,1,"IOTHUB_CLIENT_CONFIRMATION_OK"
10607,10403246493,10403246668,1,"IOTHUB_CLIENT_CONFIRMATION_OK"
10608,10403246693,10403246742,1,"IOTHUB_CLIENT_CONFIRMATION_OK"
10609,10403246893,10403246923,1,"IOTHUB_CLIENT_CONFIRMATION_OK"
10610,10403247093,10403247123,1,"IOTHUB_CLIENT_CONFIRMATION_OK"
10611,10403247293,10403247336,1,"IOTHUB_CLIENT_CONFIRMATION_OK"
10612,10403247493,10403247529,1,"IOTHUB_CLIENT_CONFIRMATION_OK"
10613,10403247693,10403247761,1,"IOTHUB_CLIENT_CONFIRMATION_OK"
10614,10403247894,10403247927,1,"IOTHUB_CLIENT_CONFIRMATION_OK"
10615,10403248094,10403248129,1,"IOTHUB_CLIENT_CONFIRMATION_OK"
10616,10403248294,10403248331,1,"IOTHUB_CLIENT_CONFIRMATION_OK"
10617,10403248494,10403248527,1,"IOTHUB_CLIENT_CONFIRMATION_OK"
10618,10403248694,10403248726,1,"IOTHUB_CLIENT_CONFIRMATION_OK"
10619,10403248894,10403248934,1,"IOTHUB_CLIENT_CONFIRMATION_OK"
10620,10403249095,10403249126,1,"IOTHUB_CLIENT_CONFIRMATION_OK"
10621,10403249295,10403249502,1,"IOTHUB_CLIENT_CONFIRMATION_OK"
10622,10403249495,10403249531,1,"IOTHUB_CLIENT_CONFIRMATION_OK"
10623,10403249695,10403249728,1,"IOTHUB_CLIENT_CONFIRMATION_OK"
10624,10403249895,10403249936,1,"IOTHUB_CLIENT_CONFIRMATION_OK"
10625,10403250095,10403250129,1,"IOTHUB_CLIENT_CONFIRMATION_OK"
10626,10403250296,10403250330,1,"IOTHUB_CLIENT_CONFIRMATION_OK"
10627,10403250496,10403250533,1,"IOTHUB_CLIENT_CONFIRMATION_OK"
10628,10403250696,10403250725,1,"IOTHUB_CLIENT_CONFIRMATION_OK"
10629,10403250896,10403250928,1,"IOTHUB_CLIENT_CONFIRMATION_OK"
10630,10403251096,10403251153,1,"IOTHUB_CLIENT_CONFIRMATION_OK"
10631,10403251296,10403251325,1,"IOTHUB_CLIENT_CONFIRMATION_OK"
10632,10403251497,10403251528,1,"IOTHUB_CLIENT_CONFIRMATION_OK"
10633,10403251697,10403251755,1,"IOTHUB_CLIENT_CONFIRMATION_OK"
10634,10403251897,10403251928,1,"IOTHUB_CLIENT_CONFIRMATION_OK"
10635,10403252097,10403252135,1,"IOTHUB_CLIENT_CONFIRMATION_OK"
10636,10403252297,10403252367,1,"IOTHUB_CLIENT_CONFIRMATION_OK"
10637,10403252497,10403252527,1,"IOTHUB_CLIENT_CONFIRMATION_OK"
10638,10403252697,10403252773,1,"IOTHUB_CLIENT_CONFIRMATION_OK"
10639,10403252898,10403252930,1,"IOTHUB_CLIENT_CONFIRMATION_OK"
10640,10403253098,10403253131,1,"IOTHUB_CLIENT_CONFIRMATION_OK"
10641,10403253298,10403253380,1,"IOTHUB_CLIENT_CONFIRMATION_OK"
10642,10403253498,10403253535,1,"IOTHUB_CLIENT_CONFIRMATION_OK"
10643,10403253698,10403253729,1,"IOTHUB_CLIENT_CONFIRMATION_OK"
10644,10403253898,10403253977,1,"IOTHUB_CLIENT_CONFIRMATION_OK"
10645,10403254099,10403254129,1,"IOTHUB_CLIENT_CONFIRMATION_OK"
10646,10403254299,10403254331,1,"IOTHUB_CLIENT_CONFIRMATION_OK"
10647,10403254499,10403254589,1,"IOTHUB_CLIENT_CONFIRMATION_OK"
10648,10403254699,10403254735,1,"IOTHUB_CLIENT_CONFIRMATION_OK"
10649,10403254899,10403254932,1,"IOTHUB_CLIENT_CONFIRMATION_OK"
10650,10403255099,10403255137,1,"IOTHUB_CLIENT_CONFIRMATION_OK"
10651,10403255299,10403255340,1,"IOTHUB_CLIENT_CONFIRMATION_OK"
10652,10403255499,10403255528,1,"IOTHUB_CLIENT_CONFIRMATION_OK"
10653,10403255700,10403255729,1,"IOTHUB_CLIENT_CONFIRMATION_OK"
10654,10403255900,10403255930,1,"IOTHUB_CLIENT_CONFIRMATION_OK"
10655,10403256100,10403256212,1,"IOTHUB_CLIENT_CONFIRMATION_OK"
10656,10403256300,10403256343,1,"IOTHUB_CLIENT_CONFIRMATION_OK"
10657,10403256500,10403256595,1,"IOTHUB_CLIENT_CONFIRMATION_OK"
10658,10403256700,10403256824,1,"IOTHUB_CLIENT_CONFIRMATION_OK"
10659,10403256900,10403256929,1,"IOTHUB_CLIENT_CONFIRMATION_OK"
10660,10403257101,10403257132,1,"IOTHUB_CLIENT_CONFIRMATION_OK"
10661,10403257301,10403257429,1,"IOTHUB_CLIENT_CONFIRMATION_OK"
10662,10403257501,10403257549,1,"IOTHUB_CLIENT_CONFIRMATION_OK"
10663,10403257701,10403257732,1,"IOTHUB_CLIENT_CONFIRMATION_OK"
10664,10403257901,10403257944,1,"IOTHUB_CLIENT_CONFIRMATION_OK"
10665,10403258101,10403258137,1,"IOTHUB_CLIENT_CONFIRMATION_OK"
10666,10403258302,10403258333,1,"IOTHUB_CLIENT_CONFIRMATION_OK"
10667,10403258502,10403258535,1,"IOTHUB_CLIENT_CONFIRMATION_OK"
10668,10403258702,10403258733,1,"IOTHUB_CLIENT_CONFIRMATION_OK"
10669,10403258902,10403258947,1,"IOTHUB_CLIENT_CONFIRMATION_OK"
10670,10403259102,10403259134,1,"IOTHUB_CLIENT_CONFIRMATION_OK"
10671,10403259302,10403259332,1,"IOTHUB_CLIENT_CONFIRMATION_OK"
10672,10403259502,10403259664,1,"IOTHUB_CLIENT_CONFIRMATION_OK"
10673,10403259703,10403259735,1,"IOTHUB_CLIENT_CONFIRMATION_OK"
10674,10403259903,10403259936,1,"IOTHUB_CLIENT_CONFIRMATION_OK"
10675,10403260103,10403260135,1,"IOTHUB_CLIENT_CONFIRMATION_OK"
10676,10403260303,10403260331,1,"IOTHUB_CLIENT_CONFIRMATION_OK"
10677,10403260503,10403260532,1,"IOTHUB_CLIENT_CONFIRMATION_OK"
10678,10403260703,10403260734,1,"IOTHUB_CLIENT_CONFIRMATION_OK"
10679,10403260904,10403260936,1,"IOTHUB_CLIENT_CONFIRMATION_OK"
10680,10403261104,10403261135,1,"IOTHUB_CLIENT_CONFIRMATION_OK"
10681,10403261304,10403261335,1,"IOTHUB_CLIENT_CONFIRMATION_OK"
10682,10403261504,10403261535,1,"IOTHUB_CLIENT_CONFIRMATION_OK"
10683,10403261704,10403261733,1,"IOTHUB_CLIENT_CONFIRMATION_OK"
10684,10403261904,10403261938,1,"IOTHUB_CLIENT_CONFIRMATION_OK"
10685,10403262104,10403262132,1,"IOTHUB_CLIENT_CONFIRMATION_OK"
10686,10403262305,10403262526,1,"IOTHUB_CLIENT_CONFIRMATION_OK"
10687,10403262505,10403262546,1,"IOTHUB_CLIENT_CONFIRMATION_OK"
10688,10403262705,10403262756,1,"IOTHUB_CLIENT_CONFIRMATION_OK"
10689,10403262905,10403262960,1,"IOTHUB_CLIENT_CONFIRMATION_OK"
10690,10403263105,10403263139,1,"IOTHUB_CLIENT_CONFIRMATION_OK"
10691,10403263305,10403263335,1,"IOTHUB_CLIENT_CONFIRMATION_OK"
10692,10403263506,10403263591,1,"IOTHUB_CLIENT_CONFIRMATION_OK"
10693,10403263706,10403263749,1,"IOTHUB_CLIENT_CONFIRMATION_OK"
10694,10403263906,10403263936,1,"IOTHUB_CLIENT_CONFIRMATION_OK"
10695,10403264106,10403264184,1,"IOTHUB_CLIENT_CONFIRMATION_OK"
10696,10403264306,10403264338,1,"IOTHUB_CLIENT_CONFIRMATION_OK"
10697,10403264506,10403264538,1,"IOTHUB_CLIENT_CONFIRMATION_OK"
10698,10403264706,10403264802,1,"IOTHUB_CLIENT_CONFIRMATION_OK"
10699,10403264907,10403264938,1,"IOTHUB_CLIENT_CONFIRMATION_OK"
10700,10403265107,10403265137,1,"IOTHUB_CLIENT_CONFIRMATION_OK"
10701,10403265307,10403265350,1,"IOTHUB_CLIENT_CONFIRMATION_OK"
10702,10403265507,10403265536,1,"IOTHUB_CLIENT_CONFIRMATION_OK"
10703,10403265707,10403265805,1,"IOTHUB_CLIENT_CONFIRMATION_OK"
10704,10403265907,10403265938,1,"IOTHUB_CLIENT_CONFIRMATION_OK"
10705,10403266108,10403266138,1,"IOTHUB_CLIENT_CONFIRMATION_OK"
10706,10403266308,10403266418,1,"IOTHUB_CLIENT_CONFIRMATION_OK"
10707,10403266508,10403266557,1,"IOTHUB_CLIENT_CONFIRMATION_OK"
10708,10403266708,10403266737,1,"IOTHUB_CLIENT_CONFIRMATION_OK"
10709,10403266908,10403267040,1,"IOTHUB_CLIENT_CONFIRMATION_OK"
10710,10403267108,10403267166,1,"IOTHUB_CLIENT_CONFIRMATION_OK"
10711,10403267309,10403267338,1,"IOTHUB_CLIENT_CONFIRMATION_OK"
10712,10403267509,10403267543,1,"IOTHUB_CLIENT_CONFIRMATION_OK"
10713,10403267709,10403267742,1,"IOTHUB_CLIENT_CONFIRMATION_OK"
10714,10403267909,10403267946,1,"IOTHUB_CLIENT_CONFIRMATION_OK"
10715,10403268109,10403268140,1,"IOTHUB_CLIENT_CONFIRMATION_OK"
10716,10403268309,10403268355,1,"IOTHUB_CLIENT_CONFIRMATION_OK"
10717,10403268510,10403268540,1,"IOTHUB_CLIENT_CONFIRMATION_OK"
10718,10403268710,10403268746,1,"IOTHUB_CLIENT_CONFIRMATION_OK"
10719,10403268910,10403268941,1,"IOTHUB_CLIENT_CONFIRMATION_OK"
10720,10403269110,10403269140,1,"IOTHUB_CLIENT_CONFIRMATION_OK"
10721,10403269310,10403269342,1,"IOTHUB_CLIENT_CONFIRMATION_OK"
10722,10403269510,10403269540,1,"IOTHUB_CLIENT_CONFIRMATION_OK"
10723,10403269711,10403269741,1,"IOTHUB_CLIENT_CONFIRMATION_OK"
10724,10403269911,10403269974,1,"IOTHUB_CLIENT_CONFIRMATION_OK"
10725,10403270111,10403270141,1,"IOTHUB_CLIENT_CONFIRMATION_OK"
10726,10403270311,10403270345,1,"IOTHUB_CLIENT_CONFIRMATION_OK"
10727,10403270511,10403270570,1,"IOTHUB_CLIENT_CONFIRMATION_OK"
10728,10403270711,10403270757,1,"IOTHUB_CLIENT_CONFIRMATION_OK"
10729,10403270912,10403270953,1,"IOTHUB_CLIENT_CONFIRMATION_OK"
10730,10403271112,10403271143,1,"IOTHUB_CLIENT_CONFIRMATION_OK"
10731,10403271312,10403271390,1,"IOTHUB_CLIENT_CONFIRMATION_OK"
10732,10403271512,10403271574,1,"IOTHUB_CLIENT_CONFIRMATION_OK"
10733,10403271712,10403271754,1,"IOTHUB_CLIENT_CONFIRMATION_OK"
10734,10403271912,10403271949,1,"IOTHUB_CLIENT_CONFIRMATION_OK"
10735,10403272112,10403272142,1,"IOTHUB_CLIENT_CONFIRMATION_OK"
10736,10403272313,10403272345,1,"IOTHUB_CLIENT_CONFIRMATION_OK"
10737,10403272513,10403272572,1,"IOTHUB_CLIENT_CONFIRMATION_OK"
10738,10403272713,10403273437,1,"IOTHUB_CLIENT_CONFIRMATION_OK"
10739,10403272913,10403273513,1,"IOTHUB_CLIENT_CONFIRMATION_OK"
10740,10403273113,10403273584,1,"IOTHUB_CLIENT_CONFIRMATION_OK"
10741,10403273314,10403273633,1,"IOTHUB_CLIENT_CONFIRMATION_OK"
10742,10403273514,10403273679,1,"IOTHUB_CLIENT_CONFIRMATION_OK"
10743,10403273714,10403273817,1,"IOTHUB_CLIENT_CONFIRMATION_OK"
10744,10403273914,10403273944,1,"IOTHUB_CLIENT_CONFIRMATION_OK"
10745,10403274114,10403274150,1,"IOTHUB_CLIENT_CONFIRMATION_OK"
10746,10403274314,10403274345,1,"IOTHUB_CLIENT_CONFIRMATION_OK"
10747,10403274514,10403274545,1,"IOTHUB_CLIENT_CONFIRMATION_OK"
10748,10403274715,10403274763,1,"IOTHUB_CLIENT_CONFIRMATION_OK"
10749,10403274915,10403274946,1,"IOTHUB_CLIENT_CONFIRMATION_OK"
10750,10403275115,10403275147,1,"IOTHUB_CLIENT_CONFIRMATION_OK"
10751,10403275315,10403275437,1,"IOTHUB_CLIENT_CONFIRMATION_OK"
10752,10403275515,10403275609,1,"IOTHUB_CLIENT_CONFIRMATION_OK"
10753,10403275715,10403275745,1,"IOTHUB_CLIENT_CONFIRMATION_OK"
10754,10403275916,10403276043,1,"IOTHUB_CLIENT_CONFIRMATION_OK"
10755,10403276116,10403276166,1,"IOTHUB_CLIENT_CONFIRMATION_OK"
10756,10403276316,10403276378,1,"IOTHUB_CLIENT_CONFIRMATION_OK"
10757,10403276516,10403276707,1,"IOTHUB_CLIENT_CONFIRMATION_OK"
10758,10403276716,10403276749,1,"IOTHUB_CLIENT_CONFIRMATION_OK"
10759,10403276916,10403276946,1,"IOTHUB_CLIENT_CONFIRMATION_OK"
10760,10403277117,10403277150,1,"IOTHUB_CLIENT_CONFIRMATION_OK"
10761,10403277317,10403277352,1,"IOTHUB_CLIENT_CONFIRMATION_OK"
10762,10403277517,10403277547,1,"IOTHUB_CLIENT_CONFIRMATION_OK"
10763,10403277717,10403277751,1,"IOTHUB_CLIENT_CONFIRMATION_OK"
10764,10403277917,10403277949,1,"IOTHUB_CLIENT_CONFIRMATION_OK"
10765,10403278117,10403278146,1,"IOTHUB_CLIENT_CONFIRMATION_OK"
10766,10403278318,10403278357,1,"IOTHUB_CLIENT_CONFIRMATION_OK"
10767,10403278518,10403278561,1,"IOTHUB_CLIENT_CONFIRMATION_OK"
10768,10403278718,10403278748,1,"IOTHUB_CLIENT_CONFIRMATION_OK"
10769,10403278918,10403278948,1,"IOTHUB_CLIENT_CONFIRMATION_OK"
10770,10403279118,10403279147,1,"IOTHUB_CLIENT_CONFIRMATION_OK"
10771,10403279318,10403279354,1,"IOTHUB_CLIENT_CONFIRMATION_OK"
10772,10403279519,10403279553,1,"IOTHUB_CLIENT_CONFIRMATION_OK"
10773,10403279719,10403279767,1,"IOTHUB_CLIENT_CONFIRMATION_OK"
10774,10403279919,10403279976,1,"IOTHUB_CLIENT_CONFIRMATION_OK"
10775,10403280119,10403280153,1,"IOTHUB_CLIENT_CONFIRMATION_OK"
10776,10403280319,10403280348,1,"IOTHUB_CLIENT_CONFIRMATION_OK"
10777,10403280519,10403280600,1,"IOTHUB_CLIENT_CONFIRMATION_OK"
10778,10403280720,10403280756,1,"IOTHUB_CLIENT_CONFIRMATION_OK"
10779,10403280920,10403280948,1,"IOTHUB_CLIENT_CONFIRMATION_OK"
10780,10403281120,10403281197,1,"IOTHUB_CLIENT_CONFIRMATION_OK"
10781,10403281320,10403281351,1,"IOTHUB_CLIENT_CONFIRMATION_OK"
10782,10403281520,10403281552,1,"IOTHUB_CLIENT_CONFIRMATION_OK"
10783,10403281720,10403281759,1,"IOTHUB_CLIENT_CONFIRMATION_OK"
10784,10403281921,10403282077,1,"IOTHUB_CLIENT_CONFIRMATION_OK"
10785,10403282121,10403282303,1,"IOTHUB_CLIENT_CONFIRMATION_OK"
10786,10403282321,10403282351,1,"IOTHUB_CLIENT_CONFIRMATION_OK"
10787,10403282521,10403282556,1,"IOTHUB_CLIENT_CONFIRMATION_OK"
10788,10403282721,10403282751,1,"IOTHUB_CLIENT_CONFIRMATION_OK"
10789,10403282921,10403282955,1,"IOTHUB_CLIENT_CONFIRMATION_OK"
10790,10403283122,10403283149,1,"IOTHUB_CLIENT_CONFIRMATION_OK"
10791,10403283322,10403283366,1,"IOTHUB_CLIENT_CONFIRMATION_OK"
10792,10403283522,10403283551,1,"IOTHUB_CLIENT_CONFIRMATION_OK"
10793,10403283722,10403283767,1,"IOTHUB_CLIENT_CONFIRMATION_OK"
10794,10403283922,10403283961,1,"IOTHUB_CLIENT_CONFIRMATION_OK"
10795,10403284122,10403284155,1,"IOTHUB_CLIENT_CONFIRMATION_OK"
10796,10403284323,10403284357,1,"IOTHUB_CLIENT_CONFIRMATION_OK"
10797,10403284523,10403284570,1,"IOTHUB_CLIENT_CONFIRMATION_OK"
10798,10403284723,10403284756,1,"IOTHUB_CLIENT_CONFIRMATION_OK"
10799,10403284923,10403284960,1,"IOTHUB_CLIENT_CONFIRMATION_OK"
10800,10403285123,10403285155,1,"IOTHUB_CLIENT_CONFIRMATION_OK"
10801,10403285323,10403285352,1,"IOTHUB_CLIENT_CONFIRMATION_OK"
10802,10403285523,10403285561,1,"IOTHUB_CLIENT_CONFIRMATION_OK"
10803,10403285724,10403285765,1,"IOTHUB_CLIENT_CONFIRMATION_OK"
10804,10403285924,10403285967,1,"IOTHUB_CLIENT_CONFIRMATION_OK"
10805,10403286124,10403286177,1,"IOTHUB_CLIENT_CONFIRMATION_OK"
10806,10403286324,10403286360,1,"IOTHUB_CLIENT_CONFIRMATION_OK"
10807,10403286524,10403286554,1,"IOTHUB_CLIENT_CONFIRMATION_OK"
10808,10403286724,10403286824,1,"IOTHUB_CLIENT_CONFIRMATION_OK"
10809,10403286925,10403286963,1,"IOTHUB_CLIENT_CONFIRMATION_OK"
10810,10403287125,10403287159,1,"IOTHUB_CLIENT_CONFIRMATION_OK"
10811,10403287325,10403287389,1,"IOTHUB_CLIENT_CONFIRMATION_OK"
10812,10403287525,10403287555,1,"IOTHUB_CLIENT_CONFIRMATION_OK"
10813,10403287725,10403287756,1,"IOTHUB_CLIENT_CONFIRMATION_OK"
10814,10403287925,10403287958,1,"IOTHUB_CLIENT_CONFIRMATION_OK"
10815,10403288126,10403288153,1,"IOTHUB_CLIENT_CONFIRMATION_OK"
10816,10403288326,10403288406,1,"IOTHUB_CLIENT_CONFIRMATION_OK"
10817,10403288526,10403288556,1,"IOTHUB_CLIENT_CONFIRMATION_OK"
10818,10403288726,10403288764,1,"IOTHUB_CLIENT_CONFIRMATION_OK"
10819,10403288926,10403289107,1,"IOTHUB_CLIENT_CONFIRMATION_OK"
10820,10403289126,10403289157,1,"IOTHUB_CLIENT_CONFIRMATION_OK"
10821,10403289327,10403289369,1,"IOTHUB_CLIENT_CONFIRMATION_OK"
10822,10403289527,10403289559,1,"IOTHUB_CLIENT_CONFIRMATION_OK"
10823,10403289727,10403289756,1,"IOTHUB_CLIENT_CONFIRMATION_OK"
10824,10403289927,10403289957,1,"IOTHUB_CLIENT_CONFIRMATION_OK"
10825,10403290127,10403290157,1,"IOTHUB_CLIENT_CONFIRMATION_OK"
10826,10403290327,10403290357,1,"IOTHUB_CLIENT_CONFIRMATION_OK"
10827,10403290528,10403290561,1,"IOTHUB_CLIENT_CONFIRMATION_OK"
10828,10403290728,10403290785,1,"IOTHUB_CLIENT_CONFIRMATION_OK"
10829,10403290928,10403290969,1,"IOTHUB_CLIENT_CONFIRMATION_OK"
10830,10403291128,10403291159,1,"IOTHUB_CLIENT_CONFIRMATION_OK"
10831,10403291328,10403291368,1,"IOTHUB_CLIENT_CONFIRMATION_OK"
10832,10403291528,10403291569,1,"IOTHUB_CLIENT_CONFIRMATION_OK"
10833,10403291729,10403291758,1,"IOTHUB_CLIENT_CONFIRMATION_OK"
10834,10403291929,10403291961,1,"IOTHUB_CLIENT_CONFIRMATION_OK"
10835,10403292129,10403292160,1,"IOTHUB_CLIENT_CONFIRMATION_OK"
10836,10403292329,10403292373,1,"IOTHUB_CLIENT_CONFIRMATION_OK"
10837,10403292529,10403292563,1,"IOTHUB_CLIENT_CONFIRMATION_OK"
10838,10403292729,10403292760,1,"IOTHUB_CLIENT_CONFIRMATION_OK"
10839,10403292930,10403292993,1,"IOTHUB_CLIENT_CONFIRMATION_OK"
10840,10403293130,10403293163,1,"IOTHUB_CLIENT_CONFIRMATION_OK"
10841,10403293330,10403293361,1,"IOTHUB_CLIENT_CONFIRMATION_OK"
10842,10403293530,10403293630,1,"IOTHUB_CLIENT_CONFIRMATION_OK"
10843,10403293730,10403293765,1,"IOTHUB_CLIENT_CONFIRMATION_OK"
10844,10403293930,10403293962,1,"IOTHUB_CLIENT_CONFIRMATION_OK"
10845,10403294131,10403294270,1,"IOTHUB_CLIENT_CONFIRMATION_OK"
10846,10403294331,10403294380,1,"IOTHUB_CLIENT_CONFIRMATION_OK"
10847,10403294531,10403294560,1,"IOTHUB_CLIENT_CONFIRMATION_OK"
10848,10403294731,10403294763,1,"IOTHUB_CLIENT_CONFIRMATION_OK"
10849,10403294931,10403294961,1,"IOTHUB_CLIENT_CONFIRMATION_OK"
10850,10403295131,10403295223,1,"IOTHUB_CLIENT_CONFIRMATION_OK"
10851,10403295331,10403295362,1,"IOTHUB_CLIENT_CONFIRMATION_OK"
10852,10403295532,10403295562,1,"IOTHUB_CLIENT_CONFIRMATION_OK"
10853,10403295732,10403295840,1,"IOTHUB_CLIENT_CONFIRMATION_OK"
10854,10403295932,10403295964,1,"IOTHUB_CLIENT_CONFIRMATION_OK"
10855,10403296132,10403296169,1,"IOTHUB_CLIENT_CONFIRMATION_OK"
10856,10403296332,10403296476,1,"IOTHUB_CLIENT_CONFIRMATION_OK"
10857,10403296532,10403296569,1,"IOTHUB_CLIENT_CONFIRMATION_OK"
10858,10403296733,10403296769,1,"IOTHUB_CLIENT_CONFIRMATION_OK"
10859,10403296933,10403296971,1,"IOTHUB_CLIENT_CONFIRMATION_OK"
10860,10403297133,10403297163,1,"IOTHUB_CLIENT_CONFIRMATION_OK"
10861,10403297333,10403297362,1,"IOTHUB_CLIENT_CONFIRMATION_OK"
10862,10403297533,10403297562,1,"IOTHUB_CLIENT_CONFIRMATION_OK"
10863,10403297733,10403297822,1,"IOTHUB_CLIENT_CONFIRMATION_OK"
10864,10403297934,10403297964,1,"IOTHUB_CLIENT_CONFIRMATION_OK"
10865,10403298134,10403298166,1,"IOTHUB_CLIENT_CONFIRMATION_OK"
10866,10403298334,10403298367,1,"IOTHUB_CLIENT_CONFIRMATION_OK"
10867,10403298534,10403298702,1,"IOTHUB_CLIENT_CONFIRMATION_OK"
10868,10403298734,10403298767,1,"IOTHUB_CLIENT_CONFIRMATION_OK"
10869,10403298934,10403298972,1,"IOTHUB_CLIENT_CONFIRMATION_OK"
10870,10403299135,10403299170,1,"IOTHUB_CLIENT_CONFIRMATION_OK"
10871,10403299335,10403299366,1,"IOTHUB_CLIENT_CONFIRMATION_OK"
10872,10403299535,10403299567,1,"IOTHUB_CLIENT_CONFIRMATION_OK"
10873,10403299735,10403299764,1,"IOTHUB_CLIENT_CONFIRMATION_OK"
10874,10403299935,10403300001,1,"IOTHUB_CLIENT_CONFIRMATION_OK"
10875,10403300135,10403300174,1,"IOTHUB_CLIENT_CONFIRMATION_OK"
10876,10403300336,10403300410,1,"IOTHUB_CLIENT_CONFIRMATION_OK"
10877,10403300536,10403300564,1,"IOTHUB_CLIENT_CONFIRMATION_OK"
10878,10403300736,10403300771,1,"IOTHUB_CLIENT_CONFIRMATION_OK"
10879,10403300936,10403300969,1,"IOTHUB_CLIENT_CONFIRMATION_OK"
10880,10403301136,10403301169,1,"IOTHUB_CLIENT_CONFIRMATION_OK"
10881,10403301336,10403301409,1,"IOTHUB_CLIENT_CONFIRMATION_OK"
10882,10403301537,10403301583,1,"IOTHUB_CLIENT_CONFIRMATION_OK"
10883,10403301737,10403301768,1,"IOTHUB_CLIENT_CONFIRMATION_OK"
10884,10403301937,10403302020,1,"IOTHUB_CLIENT_CONFIRMATION_OK"
10885,10403302137,10403302165,1,"IOTHUB_CLIENT_CONFIRMATION_OK"
10886,10403302337,10403302371,1,"IOTHUB_CLIENT_CONFIRMATION_OK"
10887,10403302537,10403302631,1,"IOTHUB_CLIENT_CONFIRMATION_OK"
10888,10403302738,10403302767,1,"IOTHUB_CLIENT_CONFIRMATION_OK"
10889,10403302938,10403302974,1,"IOTHUB_CLIENT_CONFIRMATION_OK"
10890,10403303138,10403303236,1,"IOTHUB_CLIENT_CONFIRMATION_OK"
10891,10403303338,10403303374,1,"IOTHUB_CLIENT_CONFIRMATION_OK"
10892,10403303538,10403303567,1,"IOTHUB_CLIENT_CONFIRMATION_OK"
10893,10403303738,10403303773,1,"IOTHUB_CLIENT_CONFIRMATION_OK"
10894,10403303939,10403303969,1,"IOTHUB_CLIENT_CONFIRMATION_OK"
10895,10403304139,10403304167,1,"IOTHUB_CLIENT_CONFIRMATION_OK"
10896,10403304339,10403304370,1,"IOTHUB_CLIENT_CONFIRMATION_OK"
10897,10403304539,10403304570,1,"IOTHUB_CLIENT_CONFIRMATION_OK"
10898,10403304739,10403304857,1,"IOTHUB_CLIENT_CONFIRMATION_OK"
10899,10403304939,10403304973,1,"IOTHUB_CLIENT_CONFIRMATION_OK"
10900,10403305140,10403305170,1,"IOTHUB_CLIENT_CONFIRMATION_OK"
10901,10403305340,10403305477,1,"IOTHUB_CLIENT_CONFIRMATION_OK"
10902,10403305540,10403305570,1,"IOTHUB_CLIENT_CONFIRMATION_OK"
10903,10403305740,10403305777,1,"IOTHUB_CLIENT_CONFIRMATION_OK"
10904,10403305940,10403305971,1,"IOTHUB_CLIENT_CONFIRMATION_OK"
10905,10403306140,10403306167,1,"IOTHUB_CLIENT_CONFIRMATION_OK"
10906,10403306341,10403306381,1,"IOTHUB_CLIENT_CONFIRMATION_OK"
10907,10403306541,10403306574,1,"IOTHUB_CLIENT_CONFIRMATION_OK"
10908,10403306741,10403306772,1,"IOTHUB_CLIENT_CONFIRMATION_OK"
10909,10403306941,10403306975,1,"IOTHUB_CLIENT_CONFIRMATION_OK"
10910,10403307141,10403307171,1,"IOTHUB_CLIENT_CONFIRMATION_OK"
10911,10403307341,10403307370,1,"IOTHUB_CLIENT_CONFIRMATION_OK"
10912,10403307541,10403307707,1,"IOTHUB_CLIENT_CONFIRMATION_OK"
10913,10403307742,10403307774,1,"IOTHUB_CLIENT_CONFIRMATION_OK"
10914,10403307942,10403307976,1,"IOTHUB_CLIENT_CONFIRMATION_OK"
10915,10403308142,10403308311,1,"IOTHUB_CLIENT_CONFIRMATION_OK"
10916,10403308342,10403308388,1,"IOTHUB_CLIENT_CONFIRMATION_OK"
10917,10403308542,10403308575,1,"IOTHUB_CLIENT_CONFIRMATION_OK"
10918,10403308742,10403308778,1,"IOTHUB_CLIENT_CONFIRMATION_OK"
10919,10403308943,10403308976,1,"IOTHUB_CLIENT_CONFIRMATION_OK"
10920,10403309143,10403309174,1,"IOTHUB_CLIENT_CONFIRMATION_OK"
10921,10403309343,10403309375,1,"IOTHUB_CLIENT_CONFIRMATION_OK"
10922,10403309543,10403309573,1,"IOTHUB_CLIENT_CONFIRMATION_OK"
10923,10403309743,10403309789,1,"IOTHUB_CLIENT_CONFIRMATION_OK"
10924,10403309943,10403309974,1,"IOTHUB_CLIENT_CONFIRMATION_OK"
10925,10403310144,10403310175,1,"IOTHUB_CLIENT_CONFIRMATION_OK"
10926,10403310344,10403310391,1,"IOTHUB_CLIENT_CONFIRMATION_OK"
10927,10403310544,10403310578,1,"IOTHUB_CLIENT_CONFIRMATION_OK"
10928,10403310744,10403310784,1,"IOTHUB_CLIENT_CONFIRMATION_OK"
10929,10403310944,10403310976,1,"IOTHUB_CLIENT_CONFIRMATION_OK"
10930,10403311144,10403311175,1,"IOTHUB_CLIENT_CONFIRMATION_OK"
10931,10403311345,10403311383,1,"IOTHUB_CLIENT_CONFIRMATION_OK"
10932,10403311545,10403311578,1,"IOTHUB_CLIENT_CONFIRMATION_OK"
10933,10403311745,10403311781,1,"IOTHUB_CLIENT_CONFIRMATION_OK"
10934,10403311945,10403311991,1,"IOTHUB_CLIENT_CONFIRMATION_OK"
10935,10403312145,10403312206,1,"IOTHUB_CLIENT_CONFIRMATION_OK"
10936,10403312345,10403312385,1,"IOTHUB_CLIENT_CONFIRMATION_OK"
10937,10403312545,10403312582,1,"IOTHUB_CLIENT_CONFIRMATION_OK"
10938,10403312746,10403312819,1,"IOTHUB_CLIENT_CONFIRMATION_OK"
10939,10403312946,10403312983,1,"IOTHUB_CLIENT_CONFIRMATION_OK"
10940,10403313146,10403313180,1,"IOTHUB_CLIENT_CONFIRMATION_OK"
10941,10403313346,10403313379,1,"IOTHUB_CLIENT_CONFIRMATION_OK"
10942,10403313546,10403313589,1,"IOTHUB_CLIENT_CONFIRMATION_OK"
10943,10403313746,10403313833,1,"IOTHUB_CLIENT_CONFIRMATION_OK"
10944,10403313947,10403313984,1,"IOTHUB_CLIENT_CONFIRMATION_OK"
10945,10403314147,10403314179,1,"IOTHUB_CLIENT_CONFIRMATION_OK"
10946,10403314347,10403314470,1,"IOTHUB_CLIENT_CONFIRMATION_OK"
10947,10403314547,10403314579,1,"IOTHUB_CLIENT_CONFIRMATION_OK"
10948,10403314747,10403314795,1,"IOTHUB_CLIENT_CONFIRMATION_OK"
10949,10403314947,10403315045,1,"IOTHUB_CLIENT_CONFIRMATION_OK"
10950,10403315148,10403315189,1,"IOTHUB_CLIENT_CONFIRMATION_OK"
10951,10403315348,10403315380,1,"IOTHUB_CLIENT_CONFIRMATION_OK"
10952,10403315548,10403315664,1,"IOTHUB_CLIENT_CONFIRMATION_OK"
10953,10403315748,10403315779,1,"IOTHUB_CLIENT_CONFIRMATION_OK"
10954,10403315948,10403315988,1,"IOTHUB_CLIENT_CONFIRMATION_OK"
10955,10403316148,10403316180,1,"IOTHUB_CLIENT_CONFIRMATION_OK"
10956,10403316348,10403316385,1,"IOTHUB_CLIENT_CONFIRMATION_OK"
10957,10403316549,10403316579,1,"IOTHUB_CLIENT_CONFIRMATION_OK"
10958,10403316749,10403316787,1,"IOTHUB_CLIENT_CONFIRMATION_OK"
10959,10403316949,10403316979,1,"IOTHUB_CLIENT_CONFIRMATION_OK"
10960,10403317149,10403317339,1,"IOTHUB_CLIENT_CONFIRMATION_OK"
10961,10403317349,10403317388,1,"IOTHUB_CLIENT_CONFIRMATION_OK"
10962,10403317549,10403317580,1,"IOTHUB_CLIENT_CONFIRMATION_OK"
10963,10403317750,10403317783,1,"IOTHUB_CLIENT_CONFIRMATION_OK"
10964,10403317950,10403317981,1,"IOTHUB_CLIENT_CONFIRMATION_OK"
10965,10403318150,10403318179,1,"IOTHUB_CLIENT_CONFIRMATION_OK"
10966,10403318350,10403318382,1,"IOTHUB_CLIENT_CONFIRMATION_OK"
10967,10403318550,10403318580,1,"IOTHUB_CLIENT_CONFIRMATION_OK"
10968,10403318750,10403318787,1,"IOTHUB_CLIENT_CONFIRMATION_OK"
10969,10403318951,10403318986,1,"IOTHUB_CLIENT_CONFIRMATION_OK"
10970,10403319151,10403319188,1,"IOTHUB_CLIENT_CONFIRMATION_OK"
10971,10403319351,10403319385,1,"IOTHUB_CLIENT_CONFIRMATION_OK"
10972,10403319551,10403319589,1,"IOTHUB_CLIENT_CONFIRMATION_OK"
10973,10403319751,10403319781,1,"IOTHUB_CLIENT_CONFIRMATION_OK"
10974,10403319951,10403320036,1,"IOTHUB_CLIENT_CONFIRMATION_OK"
10975,10403320152,10403320199,1,"IOTHUB_CLIENT_CONFIRMATION_OK"
10976,10403320352,10403320380,1,"IOTHUB_CLIENT_CONFIRMATION_OK"
10977,10403320552,10403320631,1,"IOTHUB_CLIENT_CONFIRMATION_OK"
10978,10403320752,10403320784,1,"IOTHUB_CLIENT_CONFIRMATION_OK"
10979,10403320952,10403320990,1,"IOTHUB_CLIENT_CONFIRMATION_OK"
10980,10403321152,10403321208,1,"IOTHUB_CLIENT_CONFIRMATION_OK"
10981,10403321353,10403321391,1,"IOTHUB_CLIENT_CONFIRMATION_OK"
10982,10403321553,10403321584,1,"IOTHUB_CLIENT_CONFIRMATION_OK"
10983,10403321753,10403321819,1,"IOTHUB_CLIENT_CONFIRMATION_OK"
10984,10403321953,10403321982,1,"IOTHUB_CLIENT_CONFIRMATION_OK"
10985,10403322153,10403322183,1,"IOTHUB_CLIENT_CONFIRMATION_OK"
10986,10403322353,10403322431,1,"IOTHUB_CLIENT_CONFIRMATION_OK"
10987,10403322554,10403322595,1,"IOTHUB_CLIENT_CONFIRMATION_OK"
10988,10403322754,10403322793,1,"IOTHUB_CLIENT_CONFIRMATION_OK"
10989,10403322954,10403322981,1,"IOTHUB_CLIENT_CONFIRMATION_OK"
10990,10403323154,10403323197,1,"IOTHUB_CLIENT_CONFIRMATION_OK"
10991,10403323354,10403323521,1,"IOTHUB_CLIENT_CONFIRMATION_OK"
10992,10403323554,10403323584,1,"IOTHUB_CLIENT_CONFIRMATION_OK"
10993,10403323755,10403323783,1,"IOTHUB_CLIENT_CONFIRMATION_OK"
10994,10403323955,10403324048,1,"IOTHUB_CLIENT_CONFIRMATION_OK"
10995,10403324155,10403324186,1,"IOTHUB_CLIENT_CONFIRMATION_OK"
10996,10403324355,10403324385,1,"IOTHUB_CLIENT_CONFIRMATION_OK"
10997,10403324555,10403324660,1,"IOTHUB_CLIENT_CONFIRMATION_OK"
10998,10403324755,10403324795,1,"IOTHUB_CLIENT_CONFIRMATION_OK"
10999,10403324956,10403324986,1,"IOTHUB_CLIENT_CONFIRMATION_OK"
11000,10403325156,10403325280,1,"IOTHUB_CLIENT_CONFIRMATION_OK"
11001,10403325356,10403325387,1,"IOTHUB_CLIENT_CONFIRMATION_OK"
11002,10403325556,10403325596,1,"IOTHUB_CLIENT_CONFIRMATION_OK"
11003,10403325756,10403325786,1,"IOTHUB_CLIENT_CONFIRMATION_OK"
11004,10403325956,10403325987,1,"IOTHUB_CLIENT_CONFIRMATION_OK"
11005,10403326157,10403326190,1,"IOTHUB_CLIENT_CONFIRMATION_OK"
11006,10403326357,10403326385,1,"IOTHUB_CLIENT_CONFIRMATION_OK"
11007,10403326557,10403326592,1,"IOTHUB_CLIENT_CONFIRMATION_OK"
11008,10403326757,10403326897,1,"IOTHUB_CLIENT_CONFIRMATION_OK"
11009,10403326957,10403326987,1,"IOTHUB_CLIENT_CONFIRMATION_OK"
11010,10403327157,10403327185,1,"IOTHUB_CLIENT_CONFIRMATION_OK"
11011,10403327358,10403327503,1,"IOTHUB_CLIENT_CONFIRMATION_OK"
11012,10403327558,10403327589,1,"IOTHUB_CLIENT_CONFIRMATION_OK"
11013,10403327758,10403327790,1,"IOTHUB_CLIENT_CONFIRMATION_OK"
11014,10403327958,10403327989,1,"IOTHUB_CLIENT_CONFIRMATION_OK"
11015,10403328158,10403328191,1,"IOTHUB_CLIENT_CONFIRMATION_OK"
11016,10403328358,10403328396,1,"IOTHUB_CLIENT_CONFIRMATION_OK"
11017,10403328559,10403328591,1,"IOTHUB_CLIENT_CONFIRMATION_OK"
11018,10403328759,10403328788,1,"IOTHUB_CLIENT_CONFIRMATION_OK"
11019,10403328959,10403328990,1,"IOTHUB_CLIENT_CONFIRMATION_OK"
11020,10403329159,10403329188,1,"IOTHUB_CLIENT_CONFIRMATION_OK"
11021,10403329359,10403329391,1,"IOTHUB_CLIENT_CONFIRMATION_OK"
11022,10403329559,10403329598,1,"IOTHUB_CLIENT_CONFIRMATION_OK"
11023,10403329760,10403329791,1,"IOTHUB_CLIENT_CONFIRMATION_OK"
11024,10403329960,10403330001,1,"IOTHUB_CLIENT_CONFIRMATION_OK"
11025,10403330160,10403330351,1,"IOTHUB_CLIENT_CONFIRMATION_OK"
11026,10403330360,10403330390,1,"IOTHUB_CLIENT_CONFIRMATION_OK"
11027,10403330560,10403330600,1,"IOTHUB_CLIENT_CONFIRMATION_OK"
11028,10403330760,10403330791,1,"IOTHUB_CLIENT_CONFIRMATION_OK"
11029,10403330960,10403331004,1,"IOTHUB_CLIENT_CONFIRMATION_OK"
11030,10403331161,10403331198,1,"IOTHUB_CLIENT_CONFIRMATION_OK"
11031,10403331361,10403331403,1,"IOTHUB_CLIENT_CONFIRMATION_OK"
11032,10403331561,10403331592,1,"IOTHUB_CLIENT_CONFIRMATION_OK"
11033,10403331761,10403331794,1,"IOTHUB_CLIENT_CONFIRMATION_OK"
11034,10403331961,10403331991,1,"IOTHUB_CLIENT_CONFIRMATION_OK"
11035,10403332161,10403332192,1,"IOTHUB_CLIENT_CONFIRMATION_OK"
11036,10403332362,10403332393,1,"IOTHUB_CLIENT_CONFIRMATION_OK"
11037,10403332562,10403332642,1,"IOTHUB_CLIENT_CONFIRMATION_OK"
11038,10403332762,10403332792,1,"IOTHUB_CLIENT_CONFIRMATION_OK"
11039,10403332962,10403332993,1,"IOTHUB_CLIENT_CONFIRMATION_OK"
11040,10403333162,10403333194,1,"IOTHUB_CLIENT_CONFIRMATION_OK"
11041,10403333362,10403333393,1,"IOTHUB_CLIENT_CONFIRMATION_OK"
11042,10403333563,10403333610,1,"IOTHUB_CLIENT_CONFIRMATION_OK"
11043,10403333763,10403333799,1,"IOTHUB_CLIENT_CONFIRMATION_OK"
11044,10403333963,10403333990,1,"IOTHUB_CLIENT_CONFIRMATION_OK"
11045,10403334163,10403334224,1,"IOTHUB_CLIENT_CONFIRMATION_OK"
11046,10403334363,10403334396,1,"IOTHUB_CLIENT_CONFIRMATION_OK"
11047,10403334563,10403334593,1,"IOTHUB_CLIENT_CONFIRMATION_OK"
11048,10403334764,10403334834,1,"IOTHUB_CLIENT_CONFIRMATION_OK"
11049,10403334964,10403334993,1,"IOTHUB_CLIENT_CONFIRMATION_OK"
11050,10403335164,10403335196,1,"IOTHUB_CLIENT_CONFIRMATION_OK"
11051,10403335364,10403335457,1,"IOTHUB_CLIENT_CONFIRMATION_OK"
11052,10403335564,10403335596,1,"IOTHUB_CLIENT_CONFIRMATION_OK"
11053,10403335764,10403335797,1,"IOTHUB_CLIENT_CONFIRMATION_OK"
11054,10403335964,10403336025,1,"IOTHUB_CLIENT_CONFIRMATION_OK"
11055,10403336165,10403336198,1,"IOTHUB_CLIENT_CONFIRMATION_OK"
11056,10403336365,10403336461,1,"IOTHUB_CLIENT_CONFIRMATION_OK"
11057,10403336565,10403336603,1,"IOTHUB_CLIENT_CONFIRMATION_OK"
11058,10403336765,10403336809,1,"IOTHUB_CLIENT_CONFIRMATION_OK"
11059,10403336965,10403337128,1,"IOTHUB_CLIENT_CONFIRMATION_OK"
11060,10403337165,10403337205,1,"IOTHUB_CLIENT_CONFIRMATION_OK"
11061,10403337366,10403337412,1,"IOTHUB_CLIENT_CONFIRMATION_OK"
11062,10403337566,10403337605,1,"IOTHUB_CLIENT_CONFIRMATION_OK"
11063,10403337766,10403337797,1,"IOTHUB_CLIENT_CONFIRMATION_OK"
11064,10403337966,10403338000,1,"IOTHUB_CLIENT_CONFIRMATION_OK"
11065,10403338166,10403338198,1,"IOTHUB_CLIENT_CONFIRMATION_OK"
11066,10403338366,10403338399,1,"IOTHUB_CLIENT_CONFIRMATION_OK"
11067,10403338567,10403338597,1,"IOTHUB_CLIENT_CONFIRMATION_OK"
11068,10403338767,10403338802,1,"IOTHUB_CLIENT_CONFIRMATION_OK"
11069,10403338967,10403338997,1,"IOTHUB_CLIENT_CONFIRMATION_OK"
11070,10403339167,10403339210,1,"IOTHUB_CLIENT_CONFIRMATION_OK"
11071,10403339367,10403339409,1,"IOTHUB_CLIENT_CONFIRMATION_OK"
11072,10403339567,10403339609,1,"IOTHUB_CLIENT_CONFIRMATION_OK"
11073,10403339768,10403339977,1,"IOTHUB_CLIENT_CONFIRMATION_OK"
11074,10403339968,10403340001,1,"IOTHUB_CLIENT_CONFIRMATION_OK"
11075,10403340168,10403340207,1,"IOTHUB_CLIENT_CONFIRMATION_OK"
11076,10403340368,10403340401,1,"IOTHUB_CLIENT_CONFIRMATION_OK"
11077,10403340568,10403340607,1,"IOTHUB_CLIENT_CONFIRMATION_OK"
11078,10403340768,10403340802,1,"IOTHUB_CLIENT_CONFIRMATION_OK"
11079,10403340969,10403341011,1,"IOTHUB_CLIENT_CONFIRMATION_OK"
11080,10403341169,10403341207,1,"IOTHUB_CLIENT_CONFIRMATION_OK"
11081,10403341369,10403341396,1,"IOTHUB_CLIENT_CONFIRMATION_OK"
11082,10403341569,10403341607,1,"IOTHUB_CLIENT_CONFIRMATION_OK"
11083,10403341769,10403341798,1,"IOTHUB_CLIENT_CONFIRMATION_OK"
11084,10403341969,10403342006,1,"IOTHUB_CLIENT_CONFIRMATION_OK"
11085,10403342170,10403342208,1,"IOTHUB_CLIENT_CONFIRMATION_OK"
11086,10403342370,10403342402,1,"IOTHUB_CLIENT_CONFIRMATION_OK"
11087,10403342570,10403342603,1,"IOTHUB_CLIENT_CONFIRMATION_OK"
11088,10403342770,10403342800,1,"IOTHUB_CLIENT_CONFIRMATION_OK"
11089,10403342970,10403343009,1,"IOTHUB_CLIENT_CONFIRMATION_OK"
11090,10403343170,10403343223,1,"IOTHUB_CLIENT_CONFIRMATION_OK"
11091,10403343370,10403343401,1,"IOTHUB_CLIENT_CONFIRMATION_OK"
11092,10403343571,10403343604,1,"IOTHUB_CLIENT_CONFIRMATION_OK"
11093,10403343771,10403343837,1,"IOTHUB_CLIENT_CONFIRMATION_OK"
11094,10403343971,10403344006,1,"IOTHUB_CLIENT_CONFIRMATION_OK"
11095,10403344171,10403344205,1,"IOTHUB_CLIENT_CONFIRMATION_OK"
11096,10403344371,10403344462,1,"IOTHUB_CLIENT_CONFIRMATION_OK"
11097,10403344571,10403344603,1,"IOTHUB_CLIENT_CONFIRMATION_OK"
11098,10403344772,10403344804,1,"IOTHUB_CLIENT_CONFIRMATION_OK"
11099,10403344972,10403345058,1,"IOTHUB_CLIENT_CONFIRMATION_OK"
11100,10403345172,10403345205,1,"IOTHUB_CLIENT_CONFIRMATION_OK"
11101,10403345372,10403345401,1,"IOTHUB_CLIENT_CONFIRMATION_OK"
11102,10403345572,10403345614,1,"IOTHUB_CLIENT_CONFIRMATION_OK"
11103,10403345772,10403345800,1,"IOTHUB_CLIENT_CONFIRMATION_OK"
11104,10403345973,10403346059,1,"IOTHUB_CLIENT_CONFIRMATION_OK"
11105,10403346173,10403346223,1,"IOTHUB_CLIENT_CONFIRMATION_OK"
11106,10403346373,10403346410,1,"IOTHUB_CLIENT_CONFIRMATION_OK"
11107,10403346573,10403346673,1,"IOTHUB_CLIENT_CONFIRMATION_OK"
11108,10403346773,10403346816,1,"IOTHUB_CLIENT_CONFIRMATION_OK"
11109,10403346973,10403347007,1,"IOTHUB_CLIENT_CONFIRMATION_OK"
11110,10403347174,10403347285,1,"IOTHUB_CLIENT_CONFIRMATION_OK"
11111,10403347374,10403347430,1,"IOTHUB_CLIENT_CONFIRMATION_OK"
11112,10403347574,10403347611,1,"IOTHUB_CLIENT_CONFIRMATION_OK"
11113,10403347774,10403347898,1,"IOTHUB_CLIENT_CONFIRMATION_OK"
11114,10403347974,10403348014,1,"IOTHUB_CLIENT_CONFIRMATION_OK"
11115,10403348174,10403348217,1,"IOTHUB_CLIENT_CONFIRMATION_OK"
11116,10403348375,10403348405,1,"IOTHUB_CLIENT_CONFIRMATION_OK"
11117,10403348575,10403348605,1,"IOTHUB_CLIENT_CONFIRMATION_OK"
11118,10403348775,10403348812,1,"IOTHUB_CLIENT_CONFIRMATION_OK"
11119,10403348975,10403349006,1,"IOTHUB_CLIENT_CONFIRMATION_OK"
11120,10403349175,10403349228,1,"IOTHUB_CLIENT_CONFIRMATION_OK"
11121,10403349375,10403349518,1,"IOTHUB_CLIENT_CONFIRMATION_OK"
11122,10403349575,10403349605,1,"IOTHUB_CLIENT_CONFIRMATION_OK"
11123,10403349776,10403349804,1,"IOTHUB_CLIENT_CONFIRMATION_OK"
11124,10403349976,10403350145,1,"IOTHUB_CLIENT_CONFIRMATION_OK"
11125,10403350176,10403350216,1,"IOTHUB_CLIENT_CONFIRMATION_OK"
11126,10403350376,10403350425,1,"IOTHUB_CLIENT_CONFIRMATION_OK"
11127,10403350576,10403350608,1,"IOTHUB_CLIENT_CONFIRMATION_OK"
11128,10403350777,10403350807,1,"IOTHUB_CLIENT_CONFIRMATION_OK"
11129,10403350977,10403351007,1,"IOTHUB_CLIENT_CONFIRMATION_OK"
11130,10403351177,10403351207,1,"IOTHUB_CLIENT_CONFIRMATION_OK"
11131,10403351377,10403351423,1,"IOTHUB_CLIENT_CONFIRMATION_OK"
11132,10403351577,10403351607,1,"IOTHUB_CLIENT_CONFIRMATION_OK"
11133,10403351777,10403351807,1,"IOTHUB_CLIENT_CONFIRMATION_OK"
11134,10403351978,10403352008,1,"IOTHUB_CLIENT_CONFIRMATION_OK"
11135,10403352178,10403352235,1,"IOTHUB_CLIENT_CONFIRMATION_OK"
11136,10403352378,10403352410,1,"IOTHUB_CLIENT_CONFIRMATION_OK"
11137,10403352578,10403352612,1,"IOTHUB_CLIENT_CONFIRMATION_OK"
11138,10403352778,10403352974,1,"IOTHUB_CLIENT_CONFIRMATION_OK"
11139,10403352978,10403353011,1,"IOTHUB_CLIENT_CONFIRMATION_OK"
11140,10403353179,10403353221,1,"IOTHUB_CLIENT_CONFIRMATION_OK"
11141,10403353379,10403353410,1,"IOTHUB_CLIENT_CONFIRMATION_OK"
11142,10403353579,10403353608,1,"IOTHUB_CLIENT_CONFIRMATION_OK"
11143,10403353779,10403353814,1,"IOTHUB_CLIENT_CONFIRMATION_OK"
11144,10403353979,10403354020,1,"IOTHUB_CLIENT_CONFIRMATION_OK"
11145,10403354179,10403354227,1,"IOTHUB_CLIENT_CONFIRMATION_OK"
11146,10403354379,10403354409,1,"IOTHUB_CLIENT_CONFIRMATION_OK"
11147,10403354580,10403354663,1,"IOTHUB_CLIENT_CONFIRMATION_OK"
11148,10403354780,10403354813,1,"IOTHUB_CLIENT_CONFIRMATION_OK"
11149,10403354980,10403355011,1,"IOTHUB_CLIENT_CONFIRMATION_OK"
11150,10403355180,10403355213,1,"IOTHUB_CLIENT_CONFIRMATION_OK"
11151,10403355380,10403355412,1,"IOTHUB_CLIENT_CONFIRMATION_OK"
11152,10403355580,10403355685,1,"IOTHUB_CLIENT_CONFIRMATION_OK"
11153,10403355781,10403355809,1,"IOTHUB_CLIENT_CONFIRMATION_OK"
11154,10403355981,10403356012,1,"IOTHUB_CLIENT_CONFIRMATION_OK"
11155,10403356181,10403356306,1,"IOTHUB_CLIENT_CONFIRMATION_OK"
11156,10403356381,10403356417,1,"IOTHUB_CLIENT_CONFIRMATION_OK"
11157,10403356581,10403356612,1,"IOTHUB_CLIENT_CONFIRMATION_OK"
11158,10403356781,10403357018,1,"IOTHUB_CLIENT_CONFIRMATION_OK"
11159,10403356982,10403357055,1,"IOTHUB_CLIENT_CONFIRMATION_OK"
11160,10403357182,10403357215,1,"IOTHUB_CLIENT_CONFIRMATION_OK"
11161,10403357382,10403357430,1,"IOTHUB_CLIENT_CONFIRMATION_OK"
11162,10403357582,10403357611,1,"IOTHUB_CLIENT_CONFIRMATION_OK"
11163,10403357782,10403357828,1,"IOTHUB_CLIENT_CONFIRMATION_OK"
11164,10403357982,10403358019,1,"IOTHUB_CLIENT_CONFIRMATION_OK"
11165,10403358183,10403358216,1,"IOTHUB_CLIENT_CONFIRMATION_OK"
11166,10403358383,10403358417,1,"IOTHUB_CLIENT_CONFIRMATION_OK"
11167,10403358583,10403358613,1,"IOTHUB_CLIENT_CONFIRMATION_OK"
11168,10403358783,10403358813,1,"IOTHUB_CLIENT_CONFIRMATION_OK"
11169,10403358983,10403359019,1,"IOTHUB_CLIENT_CONFIRMATION_OK"
11170,10403359183,10403359213,1,"IOTHUB_CLIENT_CONFIRMATION_OK"
11171,10403359384,10403359418,1,"IOTHUB_CLIENT_CONFIRMATION_OK"
11172,10403359584,10403359757,1,"IOTHUB_CLIENT_CONFIRMATION_OK"
11173,10403359784,10403359813,1,"IOTHUB_CLIENT_CONFIRMATION_OK"
11174,10403359984,10403360053,1,"IOTHUB_CLIENT_CONFIRMATION_OK"
11175,10403360184,10403360224,1,"IOTHUB_CLIENT_CONFIRMATION_OK"
11176,10403360384,10403360417,1,"IOTHUB_CLIENT_CONFIRMATION_OK"
11177,10403360585,10403360619,1,"IOTHUB_CLIENT_CONFIRMATION_OK"
11178,10403360785,10403360815,1,"IOTHUB_CLIENT_CONFIRMATION_OK"
11179,10403360985,10403361013,1,"IOTHUB_CLIENT_CONFIRMATION_OK"
11180,10403361185,10403361215,1,"IOTHUB_CLIENT_CONFIRMATION_OK"
11181,10403361385,10403361419,1,"IOTHUB_CLIENT_CONFIRMATION_OK"
11182,10403361585,10403361617,1,"IOTHUB_CLIENT_CONFIRMATION_OK"
11183,10403361786,10403361822,1,"IOTHUB_CLIENT_CONFIRMATION_OK"
11184,10403361986,10403362029,1,"IOTHUB_CLIENT_CONFIRMATION_OK"
11185,10403362186,10403362219,1,"IOTHUB_CLIENT_CONFIRMATION_OK"
11186,10403362386,10403362418,1,"IOTHUB_CLIENT_CONFIRMATION_OK"
11187,10403362586,10403362618,1,"IOTHUB_CLIENT_CONFIRMATION_OK"
11188,10403362786,10403362825,1,"IOTHUB_CLIENT_CONFIRMATION_OK"
11189,10403362987,10403363019,1,"IOTHUB_CLIENT_CONFIRMATION_OK"
11190,10403363187,10403363218,1,"IOTHUB_CLIENT_CONFIRMATION_OK"
11191,10403363387,10403363422,1,"IOTHUB_CLIENT_CONFIRMATION_OK"
11192,10403363587,10403363631,1,"IOTHUB_CLIENT_CONFIRMATION_OK"
11193,10403363787,10403363821,1,"IOTHUB_CLIENT_CONFIRMATION_OK"
11194,10403363987,10403364019,1,"IOTHUB_CLIENT_CONFIRMATION_OK"
11195,10403364188,10403364242,1,"IOTHUB_CLIENT_CONFIRMATION_OK"
11196,10403364388,10403364426,1,"IOTHUB_CLIENT_CONFIRMATION_OK"
11197,10403364588,10403364621,1,"IOTHUB_CLIENT_CONFIRMATION_OK"
11198,10403364788,10403364847,1,"IOTHUB_CLIENT_CONFIRMATION_OK"
11199,10403364988,10403365016,1,"IOTHUB_CLIENT_CONFIRMATION_OK"
11200,10403365188,10403365217,1,"IOTHUB_CLIENT_CONFIRMATION_OK"
11201,10403365389,10403365422,1,"IOTHUB_CLIENT_CONFIRMATION_OK"
11202,10403365589,10403365635,1,"IOTHUB_CLIENT_CONFIRMATION_OK"
11203,10403365789,10403365851,1,"IOTHUB_CLIENT_CONFIRMATION_OK"
11204,10403365989,10403366021,1,"IOTHUB_CLIENT_CONFIRMATION_OK"
11205,10403366189,10403366221,1,"IOTHUB_CLIENT_CONFIRMATION_OK"
11206,10403366389,10403366460,1,"IOTHUB_CLIENT_CONFIRMATION_OK"
11207,10403366590,10403366620,1,"IOTHUB_CLIENT_CONFIRMATION_OK"
11208,10403366790,10403366820,1,"IOTHUB_CLIENT_CONFIRMATION_OK"
11209,10403366990,10403367069,1,"IOTHUB_CLIENT_CONFIRMATION_OK"
11210,10403367190,10403367223,1,"IOTHUB_CLIENT_CONFIRMATION_OK"
11211,10403367390,10403367420,1,"IOTHUB_CLIENT_CONFIRMATION_OK"
11212,10403367590,10403367684,1,"IOTHUB_CLIENT_CONFIRMATION_OK"
11213,10403367791,10403367839,1,"IOTHUB_CLIENT_CONFIRMATION_OK"
11214,10403367991,10403368030,1,"IOTHUB_CLIENT_CONFIRMATION_OK"
11215,10403368191,10403368232,1,"IOTHUB_CLIENT_CONFIRMATION_OK"
11216,10403368391,10403368421,1,"IOTHUB_CLIENT_CONFIRMATION_OK"
11217,10403368591,10403368628,1,"IOTHUB_CLIENT_CONFIRMATION_OK"
11218,10403368791,10403368819,1,"IOTHUB_CLIENT_CONFIRMATION_OK"
11219,10403368992,10403369030,1,"IOTHUB_CLIENT_CONFIRMATION_OK"
11220,10403369192,10403369303,1,"IOTHUB_CLIENT_CONFIRMATION_OK"
11221,10403369392,10403369422,1,"IOTHUB_CLIENT_CONFIRMATION_OK"
11222,10403369592,10403369632,1,"IOTHUB_CLIENT_CONFIRMATION_OK"
11223,10403369792,10403369934,1,"IOTHUB_CLIENT_CONFIRMATION_OK"
11224,10403369992,10403370055,1,"IOTHUB_CLIENT_CONFIRMATION_OK"
11225,10403370193,10403370235,1,"IOTHUB_CLIENT_CONFIRMATION_OK"
11226,10403370393,10403370423,1,"IOTHUB_CLIENT_CONFIRMATION_OK"
11227,10403370593,10403370623,1,"IOTHUB_CLIENT_CONFIRMATION_OK"
11228,10403370793,10403370828,1,"IOTHUB_CLIENT_CONFIRMATION_OK"
11229,10403370993,10403371025,1,"IOTHUB_CLIENT_CONFIRMATION_OK"
11230,10403371193,10403371226,1,"IOTHUB_CLIENT_CONFIRMATION_OK"
11231,10403371394,10403371424,1,"IOTHUB_CLIENT_CONFIRMATION_OK"
11232,10403371594,10403371626,1,"IOTHUB_CLIENT_CONFIRMATION_OK"
11233,10403371794,10403371906,1,"IOTHUB_CLIENT_CONFIRMATION_OK"
11234,10403371994,10403372159,1,"IOTHUB_CLIENT_CONFIRMATION_OK"
11235,10403372194,10403372227,1,"IOTHUB_CLIENT_CONFIRMATION_OK"
11236,10403372394,10403372428,1,"IOTHUB_CLIENT_CONFIRMATION_OK"
11237,10403372594,10403372818,1,"IOTHUB_CLIENT_CONFIRMATION_OK"
11238,10403372795,10403372860,1,"IOTHUB_CLIENT_CONFIRMATION_OK"
11239,10403372995,10403373033,1,"IOTHUB_CLIENT_CONFIRMATION_OK"
11240,10403373195,10403373228,1,"IOTHUB_CLIENT_CONFIRMATION_OK"
11241,10403373395,10403373431,1,"IOTHUB_CLIENT_CONFIRMATION_OK"
11242,10403373595,10403373626,1,"IOTHUB_CLIENT_CONFIRMATION_OK"
11243,10403373795,10403373841,1,"IOTHUB_CLIENT_CONFIRMATION_OK"
11244,10403373996,10403374038,1,"IOTHUB_CLIENT_CONFIRMATION_OK"
11245,10403374196,10403374229,1,"IOTHUB_CLIENT_CONFIRMATION_OK"
11246,10403374396,10403374453,1,"IOTHUB_CLIENT_CONFIRMATION_OK"
11247,10403374596,10403374627,1,"IOTHUB_CLIENT_CONFIRMATION_OK"
11248,10403374796,10403374831,1,"IOTHUB_CLIENT_CONFIRMATION_OK"
11249,10403374996,10403375026,1,"IOTHUB_CLIENT_CONFIRMATION_OK"
11250,10403375196,10403375229,1,"IOTHUB_CLIENT_CONFIRMATION_OK"
11251,10403375397,10403375458,1,"IOTHUB_CLIENT_CONFIRMATION_OK"
11252,10403375597,10403375646,1,"IOTHUB_CLIENT_CONFIRMATION_OK"
11253,10403375797,10403375827,1,"IOTHUB_CLIENT_CONFIRMATION_OK"
11254,10403375997,10403376098,1,"IOTHUB_CLIENT_CONFIRMATION_OK"
11255,10403376197,10403376230,1,"IOTHUB_CLIENT_CONFIRMATION_OK"
11256,10403376397,10403376427,1,"IOTHUB_CLIENT_CONFIRMATION_OK"
11257,10403376598,10403376697,1,"IOTHUB_CLIENT_CONFIRMATION_OK"
11258,10403376798,10403376875,1,"IOTHUB_CLIENT_CONFIRMATION_OK"
11259,10403376998,10403377030,1,"IOTHUB_CLIENT_CONFIRMATION_OK"
11260,10403377198,10403377302,1,"IOTHUB_CLIENT_CONFIRMATION_OK"
11261,10403377398,10403377525,1,"IOTHUB_CLIENT_CONFIRMATION_OK"
11262,10403377598,10403377665,1,"IOTHUB_CLIENT_CONFIRMATION_OK"
11263,10403377799,10403377839,1,"IOTHUB_CLIENT_CONFIRMATION_OK"
11264,10403377999,10403378027,1,"IOTHUB_CLIENT_CONFIRMATION_OK"
11265,10403378199,10403378230,1,"IOTHUB_CLIENT_CONFIRMATION_OK"
11266,10403378399,10403378428,1,"IOTHUB_CLIENT_CONFIRMATION_OK"
11267,10403378599,10403378630,1,"IOTHUB_CLIENT_CONFIRMATION_OK"
11268,10403378799,10403378953,1,"IOTHUB_CLIENT_CONFIRMATION_OK"
11269,10403378999,10403379034,1,"IOTHUB_CLIENT_CONFIRMATION_OK"
11270,10403379200,10403379244,1,"IOTHUB_CLIENT_CONFIRMATION_OK"
11271,10403379400,10403379567,1,"IOTHUB_CLIENT_CONFIRMATION_OK"
11272,10403379600,10403379629,1,"IOTHUB_CLIENT_CONFIRMATION_OK"
11273,10403379800,10403379831,1,"IOTHUB_CLIENT_CONFIRMATION_OK"
11274,10403380000,10403380031,1,"IOTHUB_CLIENT_CONFIRMATION_OK"
11275,10403380200,10403380256,1,"IOTHUB_CLIENT_CONFIRMATION_OK"
11276,10403380401,10403380431,1,"IOTHUB_CLIENT_CONFIRMATION_OK"
11277,10403380601,10403380631,1,"IOTHUB_CLIENT_CONFIRMATION_OK"
11278,10403380801,10403380854,1,"IOTHUB_CLIENT_CONFIRMATION_OK"
11279,10403381001,10403381029,1,"IOTHUB_CLIENT_CONFIRMATION_OK"
11280,10403381201,10403381244,1,"IOTHUB_CLIENT_CONFIRMATION_OK"
11281,10403381401,10403381431,1,"IOTHUB_CLIENT_CONFIRMATION_OK"
11282,10403381601,10403381639,1,"IOTHUB_CLIENT_CONFIRMATION_OK"
11283,10403381802,10403381832,1,"IOTHUB_CLIENT_CONFIRMATION_OK"
11284,10403382002,10403382033,1,"IOTHUB_CLIENT_CONFIRMATION_OK"
11285,10403382202,10403382417,1,"IOTHUB_CLIENT_CONFIRMATION_OK"
11286,10403382402,10403382443,1,"IOTHUB_CLIENT_CONFIRMATION_OK"
11287,10403382602,10403382634,1,"IOTHUB_CLIENT_CONFIRMATION_OK"
11288,10403382802,10403382837,1,"IOTHUB_CLIENT_CONFIRMATION_OK"
11289,10403383003,10403383032,1,"IOTHUB_CLIENT_CONFIRMATION_OK"
11290,10403383203,10403383234,1,"IOTHUB_CLIENT_CONFIRMATION_OK"
11291,10403383403,10403383438,1,"IOTHUB_CLIENT_CONFIRMATION_OK"
11292,10403383603,10403383642,1,"IOTHUB_CLIENT_CONFIRMATION_OK"
11293,10403383803,10403383835,1,"IOTHUB_CLIENT_CONFIRMATION_OK"
11294,10403384003,10403384044,1,"IOTHUB_CLIENT_CONFIRMATION_OK"
11295,10403384204,10403384235,1,"IOTHUB_CLIENT_CONFIRMATION_OK"
11296,10403384404,10403384441,1,"IOTHUB_CLIENT_CONFIRMATION_OK"
11297,10403384604,10403384653,1,"IOTHUB_CLIENT_CONFIRMATION_OK"
11298,10403384804,10403384832,1,"IOTHUB_CLIENT_CONFIRMATION_OK"
11299,10403385004,10403385060,1,"IOTHUB_CLIENT_CONFIRMATION_OK"
11300,10403385204,10403385252,1,"IOTHUB_CLIENT_CONFIRMATION_OK"
11301,10403385404,10403385434,1,"IOTHUB_CLIENT_CONFIRMATION_OK"
11302,10403385605,10403385682,1,"IOTHUB_CLIENT_CONFIRMATION_OK"
11303,10403385805,10403385837,1,"IOTHUB_CLIENT_CONFIRMATION_OK"
11304,10403386005,10403386044,1,"IOTHUB_CLIENT_CONFIRMATION_OK"
11305,10403386205,10403386283,1,"IOTHUB_CLIENT_CONFIRMATION_OK"
11306,10403386405,10403386447,1,"IOTHUB_CLIENT_CONFIRMATION_OK"
11307,10403386605,10403386653,1,"IOTHUB_CLIENT_CONFIRMATION_OK"
11308,10403386806,10403386897,1,"IOTHUB_CLIENT_CONFIRMATION_OK"
11309,10403387006,10403387037,1,"IOTHUB_CLIENT_CONFIRMATION_OK"
11310,10403387206,10403387236,1,"IOTHUB_CLIENT_CONFIRMATION_OK"
11311,10403387406,10403387511,1,"IOTHUB_CLIENT_CONFIRMATION_OK"
11312,10403387606,10403387637,1,"IOTHUB_CLIENT_CONFIRMATION_OK"
11313,10403387806,10403387840,1,"IOTHUB_CLIENT_CONFIRMATION_OK"
11314,10403388007,10403388042,1,"IOTHUB_CLIENT_CONFIRMATION_OK"
11315,10403388207,10403388237,1,"IOTHUB_CLIENT_CONFIRMATION_OK"
11316,10403388407,10403388517,1,"IOTHUB_CLIENT_CONFIRMATION_OK"
11317,10403388607,10403388635,1,"IOTHUB_CLIENT_CONFIRMATION_OK"
11318,10403388807,10403388848,1,"IOTHUB_CLIENT_CONFIRMATION_OK"
11319,10403389007,10403389150,1,"IOTHUB_CLIENT_CONFIRMATION_OK"
11320,10403389208,10403389246,1,"IOTHUB_CLIENT_CONFIRMATION_OK"
11321,10403389408,10403389438,1,"IOTHUB_CLIENT_CONFIRMATION_OK"
11322,10403389608,10403389753,1,"IOTHUB_CLIENT_CONFIRMATION_OK"
11323,10403389808,10403389845,1,"IOTHUB_CLIENT_CONFIRMATION_OK"
11324,10403390008,10403390037,1,"IOTHUB_CLIENT_CONFIRMATION_OK"
11325,10403390208,10403390239,1,"IOTHUB_CLIENT_CONFIRMATION_OK"
11326,10403390409,10403390438,1,"IOTHUB_CLIENT_CONFIRMATION_OK"
11327,10403390609,10403390639,1,"IOTHUB_CLIENT_CONFIRMATION_OK"
11328,10403390809,10403390842,1,"IOTHUB_CLIENT_CONFIRMATION_OK"
11329,10403391009,10403391039,1,"IOTHUB_CLIENT_CONFIRMATION_OK"
11330,10403391209,10403391239,1,"IOTHUB_CLIENT_CONFIRMATION_OK"
11331,10403391409,10403391439,1,"IOTHUB_CLIENT_CONFIRMATION_OK"
11332,10403391610,10403391643,1,"IOTHUB_CLIENT_CONFIRMATION_OK"
11333,10403391810,10403391994,1,"IOTHUB_CLIENT_CONFIRMATION_OK"
11334,10403392010,10403392042,1,"IOTHUB_CLIENT_CONFIRMATION_OK"
11335,10403392210,10403392241,1,"IOTHUB_CLIENT_CONFIRMATION_OK"
11336,10403392410,10403392442,1,"IOTHUB_CLIENT_CONFIRMATION_OK"
11337,10403392610,10403392638,1,"IOTHUB_CLIENT_CONFIRMATION_OK"
11338,10403392810,10403392852,1,"IOTHUB_CLIENT_CONFIRMATION_OK"
11339,10403393011,10403393046,1,"IOTHUB_CLIENT_CONFIRMATION_OK"
11340,10403393211,10403393245,1,"IOTHUB_CLIENT_CONFIRMATION_OK"
11341,10403393411,10403393448,1,"IOTHUB_CLIENT_CONFIRMATION_OK"
11342,10403393611,10403393647,1,"IOTHUB_CLIENT_CONFIRMATION_OK"
11343,10403393811,10403393843,1,"IOTHUB_CLIENT_CONFIRMATION_OK"
11344,10403394011,10403394052,1,"IOTHUB_CLIENT_CONFIRMATION_OK"
11345,10403394212,10403394252,1,"IOTHUB_CLIENT_CONFIRMATION_OK"
11346,10403394412,10403394449,1,"IOTHUB_CLIENT_CONFIRMATION_OK"
11347,10403394612,10403394654,1,"IOTHUB_CLIENT_CONFIRMATION_OK"
11348,10403394812,10403394869,1,"IOTHUB_CLIENT_CONFIRMATION_OK"
11349,10403395012,10403395040,1,"IOTHUB_CLIENT_CONFIRMATION_OK"
11350,10403395212,10403395277,1,"IOTHUB_CLIENT_CONFIRMATION_OK"
11351,10403395413,10403395444,1,"IOTHUB_CLIENT_CONFIRMATION_OK"
11352,10403395613,10403395648,1,"IOTHUB_CLIENT_CONFIRMATION_OK"
11353,10403395813,10403395887,1,"IOTHUB_CLIENT_CONFIRMATION_OK"
11354,10403396013,10403396042,1,"IOTHUB_CLIENT_CONFIRMATION_OK"
11355,10403396213,10403396243,1,"IOTHUB_CLIENT_CONFIRMATION_OK"
11356,10403396413,10403396497,1,"IOTHUB_CLIENT_CONFIRMATION_OK"
11357,10403396613,10403396645,1,"IOTHUB_CLIENT_CONFIRMATION_OK"
11358,10403396814,10403396846,1,"IOTHUB_CLIENT_CONFIRMATION_OK"
11359,10403397014,10403397116,1,"IOTHUB_CLIENT_CONFIRMATION_OK"
11360,10403397214,10403397260,1,"IOTHUB_CLIENT_CONFIRMATION_OK"
11361,10403397414,10403397451,1,"IOTHUB_CLIENT_CONFIRMATION_OK"
11362,10403397614,10403397643,1,"IOTHUB_CLIENT_CONFIRMATION_OK"
11363,10403397814,10403397870,1,"IOTHUB_CLIENT_CONFIRMATION_OK"
11364,10403398015,10403398049,1,"IOTHUB_CLIENT_CONFIRMATION_OK"
11365,10403398215,10403398258,1,"IOTHUB_CLIENT_CONFIRMATION_OK"
11366,10403398415,10403398453,1,"IOTHUB_CLIENT_CONFIRMATION_OK"
11367,10403398615,10403398723,1,"IOTHUB_CLIENT_CONFIRMATION_OK"
11368,10403398815,10403398848,1,"IOTHUB_CLIENT_CONFIRMATION_OK"
11369,10403399015,10403399045,1,"IOTHUB_CLIENT_CONFIRMATION_OK"
11370,10403399216,10403399413,1,"IOTHUB_CLIENT_CONFIRMATION_OK"
11371,10403399416,10403399459,1,"IOTHUB_CLIENT_CONFIRMATION_OK"
11372,10403399616,10403399647,1,"IOTHUB_CLIENT_CONFIRMATION_OK"
11373,10403399816,10403399959,1,"IOTHUB_CLIENT_CONFIRMATION_OK"
11374,10403400016,10403400047,1,"IOTHUB_CLIENT_CONFIRMATION_OK"
11375,10403400216,10403400246,1,"IOTHUB_CLIENT_CONFIRMATION_OK"
11376,10403400417,10403400581,1,"IOTHUB_CLIENT_CONFIRMATION_OK"
11377,10403400617,10403400644,1,"IOTHUB_CLIENT_CONFIRMATION_OK"
11378,10403400817,10403400846,1,"IOTHUB_CLIENT_CONFIRMATION_OK"
11379,10403401017,10403401045,1,"IOTHUB_CLIENT_CONFIRMATION_OK"
11380,10403401217,10403401247,1,"IOTHUB_CLIENT_CONFIRMATION_OK"
11381,10403401417,10403401455,1,"IOTHUB_CLIENT_CONFIRMATION_OK"
11382,10403401618,10403401661,1,"IOTHUB_CLIENT_CONFIRMATION_OK"
11383,10403401818,10403401853,1,"IOTHUB_CLIENT_CONFIRMATION_OK"
11384,10403402018,10403402208,1,"IOTHUB_CLIENT_CONFIRMATION_OK"
11385,10403402218,10403402252,1,"IOTHUB_CLIENT_CONFIRMATION_OK"
11386,10403402418,10403402454,1,"IOTHUB_CLIENT_CONFIRMATION_OK"
11387,10403402618,10403402650,1,"IOTHUB_CLIENT_CONFIRMATION_OK"
11388,10403402819,10403402858,1,"IOTHUB_CLIENT_CONFIRMATION_OK"
11389,10403403019,10403403048,1,"IOTHUB_CLIENT_CONFIRMATION_OK"
11390,10403403219,10403403247,1,"IOTHUB_CLIENT_CONFIRMATION_OK"
11391,10403403419,10403403455,1,"IOTHUB_CLIENT_CONFIRMATION_OK"
11392,10403403619,10403403650,1,"IOTHUB_CLIENT_CONFIRMATION_OK"
11393,10403403819,10403403860,1,"IOTHUB_CLIENT_CONFIRMATION_OK"
11394,10403404020,10403404049,1,"IOTHUB_CLIENT_CONFIRMATION_OK"
11395,10403404220,10403404250,1,"IOTHUB_CLIENT_CONFIRMATION_OK"
11396,10403404420,10403404457,1,"IOTHUB_CLIENT_CONFIRMATION_OK"
11397,10403404620,10403404661,1,"IOTHUB_CLIENT_CONFIRMATION_OK"
11398,10403404820,10403404857,1,"IOTHUB_CLIENT_CONFIRMATION_OK"
11399,10403405020,10403405074,1,"IOTHUB_CLIENT_CONFIRMATION_OK"
11400,10403405220,10403405263,1,"IOTHUB_CLIENT_CONFIRMATION_OK"
11401,10403405421,10403405455,1,"IOTHUB_CLIENT_CONFIRMATION_OK"
11402,10403405621,10403405665,1,"IOTHUB_CLIENT_CONFIRMATION_OK"
11403,10403405821,10403405851,1,"IOTHUB_CLIENT_CONFIRMATION_OK"
11404,10403406021,10403406062,1,"IOTHUB_CLIENT_CONFIRMATION_OK"
11405,10403406221,10403406250,1,"IOTHUB_CLIENT_CONFIRMATION_OK"
11406,10403406421,10403406457,1,"IOTHUB_CLIENT_CONFIRMATION_OK"
11407,10403406622,10403406683,1,"IOTHUB_CLIENT_CONFIRMATION_OK"
11408,10403406822,10403406859,1,"IOTHUB_CLIENT_CONFIRMATION_OK"
11409,10403407022,10403407052,1,"IOTHUB_CLIENT_CONFIRMATION_OK"
11410,10403407222,10403407285,1,"IOTHUB_CLIENT_CONFIRMATION_OK"
11411,10403407422,10403407453,1,"IOTHUB_CLIENT_CONFIRMATION_OK"
11412,10403407622,10403407654,1,"IOTHUB_CLIENT_CONFIRMATION_OK"
11413,10403407823,10403407863,1,"IOTHUB_CLIENT_CONFIRMATION_OK"
11414,10403408023,10403408054,1,"IOTHUB_CLIENT_CONFIRMATION_OK"
11415,10403408223,10403408292,1,"IOTHUB_CLIENT_CONFIRMATION_OK"
11416,10403408423,10403408453,1,"IOTHUB_CLIENT_CONFIRMATION_OK"
11417,10403408623,10403408687,1,"IOTHUB_CLIENT_CONFIRMATION_OK"
11418,10403408823,10403408912,1,"IOTHUB_CLIENT_CONFIRMATION_OK"
11419,10403409024,10403409065,1,"IOTHUB_CLIENT_CONFIRMATION_OK"
11420,10403409224,10403409253,1,"IOTHUB_CLIENT_CONFIRMATION_OK"
11421,10403409424,10403409518,1,"IOTHUB_CLIENT_CONFIRMATION_OK"
11422,10403409624,10403409666,1,"IOTHUB_CLIENT_CONFIRMATION_OK"
11423,10403409824,10403409862,1,"IOTHUB_CLIENT_CONFIRMATION_OK"
11424,10403410024,10403410133,1,"IOTHUB_CLIENT_CONFIRMATION_OK"
11425,10403410225,10403410268,1,"IOTHUB_CLIENT_CONFIRMATION_OK"
11426,10403410425,10403410462,1,"IOTHUB_CLIENT_CONFIRMATION_OK"
11427,10403410625,10403410676,1,"IOTHUB_CLIENT_CONFIRMATION_OK"
11428,10403410825,10403410868,1,"IOTHUB_CLIENT_CONFIRMATION_OK"
11429,10403411025,10403411059,1,"IOTHUB_CLIENT_CONFIRMATION_OK"
11430,10403411225,10403411282,1,"IOTHUB_CLIENT_CONFIRMATION_OK"
11431,10403411425,10403411460,1,"IOTHUB_CLIENT_CONFIRMATION_OK"
11432,10403411626,10403411748,1,"IOTHUB_CLIENT_CONFIRMATION_OK"
11433,10403411826,10403411855,1,"IOTHUB_CLIENT_CONFIRMATION_OK"
11434,10403412026,10403412060,1,"IOTHUB_CLIENT_CONFIRMATION_OK"
11435,10403412226,10403412398,1,"IOTHUB_CLIENT_CONFIRMATION_OK"
11436,10403412426,10403412462,1,"IOTHUB_CLIENT_CONFIRMATION_OK"
11437,10403412626,10403412672,1,"IOTHUB_CLIENT_CONFIRMATION_OK"
11438,10403412827,10403412881,1,"IOTHUB_CLIENT_CONFIRMATION_OK"
11439,10403413027,10403413070,1,"IOTHUB_CLIENT_CONFIRMATION_OK"
11440,10403413227,10403413260,1,"IOTHUB_CLIENT_CONFIRMATION_OK"
11441,10403413427,10403413457,1,"IOTHUB_CLIENT_CONFIRMATION_OK"
11442,10403413627,10403413680,1,"IOTHUB_CLIENT_CONFIRMATION_OK"
11443,10403413828,10403413859,1,"IOTHUB_CLIENT_CONFIRMATION_OK"
11444,10403414028,10403414058,1,"IOTHUB_CLIENT_CONFIRMATION_OK"
11445,10403414228,10403414257,1,"IOTHUB_CLIENT_CONFIRMATION_OK"
11446,10403414428,10403414593,1,"IOTHUB_CLIENT_CONFIRMATION_OK"
11447,10403414628,10403414661,1,"IOTHUB_CLIENT_CONFIRMATION_OK"
11448,10403414828,10403414861,1,"IOTHUB_CLIENT_CONFIRMATION_OK"
11449,10403415029,10403415205,1,"IOTHUB_CLIENT_CONFIRMATION_OK"
11450,10403415229,10403415261,1,"IOTHUB_CLIENT_CONFIRMATION_OK"
11451,10403415429,10403415460,1,"IOTHUB_CLIENT_CONFIRMATION_OK"
11452,10403415629,10403415660,1,"IOTHUB_CLIENT_CONFIRMATION_OK"
11453,10403415829,10403415861,1,"IOTHUB_CLIENT_CONFIRMATION_OK"
11454,10403416029,10403416059,1,"IOTHUB_CLIENT_CONFIRMATION_OK"
11455,10403416229,10403416269,1,"IOTHUB_CLIENT_CONFIRMATION_OK"
11456,10403416430,10403416458,1,"IOTHUB_CLIENT_CONFIRMATION_OK"
11457,10403416630,10403416663,1,"IOTHUB_CLIENT_CONFIRMATION_OK"
11458,10403416830,10403416865,1,"IOTHUB_CLIENT_CONFIRMATION_OK"
11459,10403417030,10403417060,1,"IOTHUB_CLIENT_CONFIRMATION_OK"
11460,10403417230,10403417262,1,"IOTHUB_CLIENT_CONFIRMATION_OK"
11461,10403417430,10403417470,1,"IOTHUB_CLIENT_CONFIRMATION_OK"
11462,10403417631,10403417664,1,"IOTHUB_CLIENT_CONFIRMATION_OK"
11463,10403417831,10403417869,1,"IOTHUB_CLIENT_CONFIRMATION_OK"
11464,10403418031,10403418061,1,"IOTHUB_CLIENT_CONFIRMATION_OK"
11465,10403418231,10403418262,1,"IOTHUB_CLIENT_CONFIRMATION_OK"
11466,10403418431,10403418469,1,"IOTHUB_CLIENT_CONFIRMATION_OK"
11467,10403418631,10403418666,1,"IOTHUB_CLIENT_CONFIRMATION_OK"
11468,10403418832,10403418887,1,"IOTHUB_CLIENT_CONFIRMATION_OK"
11469,10403419032,10403419094,1,"IOTHUB_CLIENT_CONFIRMATION_OK"
11470,10403419232,10403419279,1,"IOTHUB_CLIENT_CONFIRMATION_OK"
11471,10403419432,10403419463,1,"IOTHUB_CLIENT_CONFIRMATION_OK"
11472,10403419632,10403419716,1,"IOTHUB_CLIENT_CONFIRMATION_OK"
11473,10403419832,10403419863,1,"IOTHUB_CLIENT_CONFIRMATION_OK"
11474,10403420033,10403420093,1,"IOTHUB_CLIENT_CONFIRMATION_OK"
11475,10403420233,10403420320,1,"IOTHUB_CLIENT_CONFIRMATION_OK"
11476,10403420433,10403420462,1,"IOTHUB_CLIENT_CONFIRMATION_OK"
11477,10403420633,10403420667,1,"IOTHUB_CLIENT_CONFIRMATION_OK"
11478,10403420833,10403420864,1,"IOTHUB_CLIENT_CONFIRMATION_OK"
11479,10403421033,10403421078,1,"IOTHUB_CLIENT_CONFIRMATION_OK"
11480,10403421234,10403421326,1,"IOTHUB_CLIENT_CONFIRMATION_OK"
11481,10403421434,10403421463,1,"IOTHUB_CLIENT_CONFIRMATION_OK"
11482,10403421634,10403421736,1,"IOTHUB_CLIENT_CONFIRMATION_OK"
11483,10403421834,10403421983,1,"IOTHUB_CLIENT_CONFIRMATION_OK"
11484,10403422034,10403422062,1,"IOTHUB_CLIENT_CONFIRMATION_OK"
11485,10403422234,10403422271,1,"IOTHUB_CLIENT_CONFIRMATION_OK"
11486,10403422435,10403422588,1,"IOTHUB_CLIENT_CONFIRMATION_OK"
11487,10403422635,10403422669,1,"IOTHUB_CLIENT_CONFIRMATION_OK"
11488,10403422835,10403422867,1,"IOTHUB_CLIENT_CONFIRMATION_OK"
11489,10403423035,10403423068,1,"IOTHUB_CLIENT_CONFIRMATION_OK"
11490,10403423235,10403423286,1,"IOTHUB_CLIENT_CONFIRMATION_OK"
11491,10403423435,10403423464,1,"IOTHUB_CLIENT_CONFIRMATION_OK"
11492,10403423636,10403423664,1,"IOTHUB_CLIENT_CONFIRMATION_OK"
11493,10403423836,10403423864,1,"IOTHUB_CLIENT_CONFIRMATION_OK"
11494,10403424036,10403424066,1,"IOTHUB_CLIENT_CONFIRMATION_OK"
11495,10403424236,10403424266,1,"IOTHUB_CLIENT_CONFIRMATION_OK"
11496,10403424436,10403424491,1,"IOTHUB_CLIENT_CONFIRMATION_OK"
11497,10403424636,10403424667,1,"IOTHUB_CLIENT_CONFIRMATION_OK"
11498,10403424836,10403424867,1,"IOTHUB_CLIENT_CONFIRMATION_OK"
11499,10403425037,10403425066,1,"IOTHUB_CLIENT_CONFIRMATION_OK"
11500,10403425237,10403425285,1,"IOTHUB_CLIENT_CONFIRMATION_OK"
11501,10403425437,10403425466,1,"IOTHUB_CLIENT_CONFIRMATION_OK"
11502,10403425637,10403425678,1,"IOTHUB_CLIENT_CONFIRMATION_OK"
11503,10403425837,10403425877,1,"IOTHUB_CLIENT_CONFIRMATION_OK"
11504,10403426037,10403426067,1,"IOTHUB_CLIENT_CONFIRMATION_OK"
11505,10403426238,10403426269,1,"IOTHUB_CLIENT_CONFIRMATION_OK"
11506,10403426438,10403426476,1,"IOTHUB_CLIENT_CONFIRMATION_OK"
11507,10403426638,10403426669,1,"IOTHUB_CLIENT_CONFIRMATION_OK"
11508,10403426838,10403426866,1,"IOTHUB_CLIENT_CONFIRMATION_OK"
11509,10403427038,10403427077,1,"IOTHUB_CLIENT_CONFIRMATION_OK"
11510,10403427238,10403427272,1,"IOTHUB_CLIENT_CONFIRMATION_OK"
11511,10403427439,10403427475,1,"IOTHUB_CLIENT_CONFIRMATION_OK"
11512,10403427639,10403427671,1,"IOTHUB_CLIENT_CONFIRMATION_OK"
11513,10403427839,10403427940,1,"IOTHUB_CLIENT_CONFIRMATION_OK"
11514,10403428039,10403428160,1,"IOTHUB_CLIENT_CONFIRMATION_OK"
11515,10403428239,10403428275,1,"IOTHUB_CLIENT_CONFIRMATION_OK"
11516,10403428439,10403428481,1,"IOTHUB_CLIENT_CONFIRMATION_OK"
11517,10403428640,10403428750,1,"IOTHUB_CLIENT_CONFIRMATION_OK"
11518,10403428840,10403428872,1,"IOTHUB_CLIENT_CONFIRMATION_OK"
11519,10403429040,10403429070,1,"IOTHUB_CLIENT_CONFIRMATION_OK"
11520,10403429240,10403429375,1,"IOTHUB_CLIENT_CONFIRMATION_OK"
11521,10403429440,10403429481,1,"IOTHUB_CLIENT_CONFIRMATION_OK"
11522,10403429640,10403429669,1,"IOTHUB_CLIENT_CONFIRMATION_OK"
11523,10403429841,10403429873,1,"IOTHUB_CLIENT_CONFIRMATION_OK"
11524,10403430041,10403430070,1,"IOTHUB_CLIENT_CONFIRMATION_OK"
11525,10403430241,10403430273,1,"IOTHUB_CLIENT_CONFIRMATION_OK"
11526,10403430441,10403430481,1,"IOTHUB_CLIENT_CONFIRMATION_OK"
11527,10403430641,10403430670,1,"IOTHUB_CLIENT_CONFIRMATION_OK"
11528,10403430841,10403431001,1,"IOTHUB_CLIENT_CONFIRMATION_OK"
11529,10403431042,10403431072,1,"IOTHUB_CLIENT_CONFIRMATION_OK"
11530,10403431242,10403431273,1,"IOTHUB_CLIENT_CONFIRMATION_OK"
11531,10403431442,10403431610,1,"IOTHUB_CLIENT_CONFIRMATION_OK"
11532,10403431642,10403431670,1,"IOTHUB_CLIENT_CONFIRMATION_OK"
11533,10403431842,10403431874,1,"IOTHUB_CLIENT_CONFIRMATION_OK"
11534,10403432042,10403432081,1,"IOTHUB_CLIENT_CONFIRMATION_OK"
11535,10403432243,10403432272,1,"IOTHUB_CLIENT_CONFIRMATION_OK"
11536,10403432443,10403432482,1,"IOTHUB_CLIENT_CONFIRMATION_OK"
11537,10403432643,10403432672,1,"IOTHUB_CLIENT_CONFIRMATION_OK"
11538,10403432843,10403432876,1,"IOTHUB_CLIENT_CONFIRMATION_OK"
11539,10403433043,10403433094,1,"IOTHUB_CLIENT_CONFIRMATION_OK"
11540,10403433243,10403433273,1,"IOTHUB_CLIENT_CONFIRMATION_OK"
11541,10403433444,10403433487,1,"IOTHUB_CLIENT_CONFIRMATION_OK"
11542,10403433644,10403433673,1,"IOTHUB_CLIENT_CONFIRMATION_OK"
11543,10403433844,10403433889,1,"IOTHUB_CLIENT_CONFIRMATION_OK"
11544,10403434044,10403434139,1,"IOTHUB_CLIENT_CONFIRMATION_OK"
11545,10403434244,10403434446,1,"IOTHUB_CLIENT_CONFIRMATION_OK"
11546,10403434444,10403434480,1,"IOTHUB_CLIENT_CONFIRMATION_OK"
11547,10403434645,10403434677,1,"IOTHUB_CLIENT_CONFIRMATION_OK"
11548,10403434845,10403434888,1,"IOTHUB_CLIENT_CONFIRMATION_OK"
11549,10403435045,10403435078,1,"IOTHUB_CLIENT_CONFIRMATION_OK"
11550,10403435245,10403435277,1,"IOTHUB_CLIENT_CONFIRMATION_OK"
11551,10403435445,10403435483,1,"IOTHUB_CLIENT_CONFIRMATION_OK"
11552,10403435645,10403435686,1,"IOTHUB_CLIENT_CONFIRMATION_OK"
11553,10403435845,10403435876,1,"IOTHUB_CLIENT_CONFIRMATION_OK"
11554,10403436046,10403436080,1,"IOTHUB_CLIENT_CONFIRMATION_OK"
11555,10403436246,10403436277,1,"IOTHUB_CLIENT_CONFIRMATION_OK"
11556,10403436446,10403436475,1,"IOTHUB_CLIENT_CONFIRMATION_OK"
11557,10403436646,10403436696,1,"IOTHUB_CLIENT_CONFIRMATION_OK"
11558,10403436846,10403436882,1,"IOTHUB_CLIENT_CONFIRMATION_OK"
11559,10403437046,10403437079,1,"IOTHUB_CLIENT_CONFIRMATION_OK"
11560,10403437247,10403437282,1,"IOTHUB_CLIENT_CONFIRMATION_OK"
11561,10403437447,10403437475,1,"IOTHUB_CLIENT_CONFIRMATION_OK"
11562,10403437647,10403437706,1,"IOTHUB_CLIENT_CONFIRMATION_OK"
11563,10403437847,10403437878,1,"IOTHUB_CLIENT_CONFIRMATION_OK"
11564,10403438047,10403438076,1,"IOTHUB_CLIENT_CONFIRMATION_OK"
11565,10403438247,10403438312,1,"IOTHUB_CLIENT_CONFIRMATION_OK"
11566,10403438448,10403438478,1,"IOTHUB_CLIENT_CONFIRMATION_OK"
11567,10403438648,10403438687,1,"IOTHUB_CLIENT_CONFIRMATION_OK"
11568,10403438848,10403438926,1,"IOTHUB_CLIENT_CONFIRMATION_OK"
11569,10403439048,10403439080,1,"IOTHUB_CLIENT_CONFIRMATION_OK"
11570,10403439248,10403439278,1,"IOTHUB_CLIENT_CONFIRMATION_OK"
11571,10403439448,10403439569,1,"IOTHUB_CLIENT_CONFIRMATION_OK"
11572,10403439649,10403439681,1,"IOTHUB_CLIENT_CONFIRMATION_OK"
11573,10403439849,10403439884,1,"IOTHUB_CLIENT_CONFIRMATION_OK"
11574,10403440049,10403440085,1,"IOTHUB_CLIENT_CONFIRMATION_OK"
11575,10403440249,10403440277,1,"IOTHUB_CLIENT_CONFIRMATION_OK"
11576,10403440449,10403440481,1,"IOTHUB_CLIENT_CONFIRMATION_OK"
11577,10403440649,10403440684,1,"IOTHUB_CLIENT_CONFIRMATION_OK"
11578,10403440850,10403440882,1,"IOTHUB_CLIENT_CONFIRMATION_OK"
11579,10403441050,10403441208,1,"IOTHUB_CLIENT_CONFIRMATION_OK"
11580,10403441250,10403441283,1,"IOTHUB_CLIENT_CONFIRMATION_OK"
11581,10403441450,10403441485,1,"IOTHUB_CLIENT_CONFIRMATION_OK"
11582,10403441650,10403441830,1,"IOTHUB_CLIENT_CONFIRMATION_OK"
11583,10403441850,10403441891,1,"IOTHUB_CLIENT_CONFIRMATION_OK"
11584,10403442051,10403442086,1,"IOTHUB_CLIENT_CONFIRMATION_OK"
11585,10403442251,10403442282,1,"IOTHUB_CLIENT_CONFIRMATION_OK"
11586,10403442451,10403442483,1,"IOTHUB_CLIENT_CONFIRMATION_OK"
11587,10403442651,10403442679,1,"IOTHUB_CLIENT_CONFIRMATION_OK"
11588,10403442851,10403442884,1,"IOTHUB_CLIENT_CONFIRMATION_OK"
11589,10403443051,10403443090,1,"IOTHUB_CLIENT_CONFIRMATION_OK"
11590,10403443252,10403443303,1,"IOTHUB_CLIENT_CONFIRMATION_OK"
11591,10403443452,10403443487,1,"IOTHUB_CLIENT_CONFIRMATION_OK"
11592,10403443652,10403443684,1,"IOTHUB_CLIENT_CONFIRMATION_OK"
11593,10403443852,10403444043,1,"IOTHUB_CLIENT_CONFIRMATION_OK"
11594,10403444052,10403444095,1,"IOTHUB_CLIENT_CONFIRMATION_OK"
11595,10403444252,10403444295,1,"IOTHUB_CLIENT_CONFIRMATION_OK"
11596,10403444453,10403444483,1,"IOTHUB_CLIENT_CONFIRMATION_OK"
11597,10403444653,10403444684,1,"IOTHUB_CLIENT_CONFIRMATION_OK"
11598,10403444853,10403444882,1,"IOTHUB_CLIENT_CONFIRMATION_OK"
11599,10403445053,10403445092,1,"IOTHUB_CLIENT_CONFIRMATION_OK"
11600,10403445253,10403445285,1,"IOTHUB_CLIENT_CONFIRMATION_OK"
11601,10403445453,10403445483,1,"IOTHUB_CLIENT_CONFIRMATION_OK"
11602,10403445654,10403445784,1,"IOTHUB_CLIENT_CONFIRMATION_OK"
11603,10403445854,10403445887,1,"IOTHUB_CLIENT_CONFIRMATION_OK"
11604,10403446054,10403446082,1,"IOTHUB_CLIENT_CONFIRMATION_OK"
11605,10403446254,10403446292,1,"IOTHUB_CLIENT_CONFIRMATION_OK"
11606,10403446454,10403446483,1,"IOTHUB_CLIENT_CONFIRMATION_OK"
11607,10403446654,10403446684,1,"IOTHUB_CLIENT_CONFIRMATION_OK"
11608,10403446854,10403446899,1,"IOTHUB_CLIENT_CONFIRMATION_OK"
11609,10403447055,10403447094,1,"IOTHUB_CLIENT_CONFIRMATION_OK"
11610,10403447255,10403447300,1,"IOTHUB_CLIENT_CONFIRMATION_OK"
11611,10403447455,10403447493,1,"IOTHUB_CLIENT_CONFIRMATION_OK"
11612,10403447655,10403447688,1,"IOTHUB_CLIENT_CONFIRMATION_OK"
11613,10403447855,10403447909,1,"IOTHUB_CLIENT_CONFIRMATION_OK"
11614,10403448055,10403448087,1,"IOTHUB_CLIENT_CONFIRMATION_OK"
11615,10403448256,10403448284,1,"IOTHUB_CLIENT_CONFIRMATION_OK"
11616,10403448456,10403448522,1,"IOTHUB_CLIENT_CONFIRMATION_OK"
11617,10403448656,10403448699,1,"IOTHUB_CLIENT_CONFIRMATION_OK"
11618,10403448856,10403448899,1,"IOTHUB_CLIENT_CONFIRMATION_OK"
11619,10403449056,10403449144,1,"IOTHUB_CLIENT_CONFIRMATION_OK"
11620,10403449256,10403449301,1,"IOTHUB_CLIENT_CONFIRMATION_OK"
11621,10403449457,10403449490,1,"IOTHUB_CLIENT_CONFIRMATION_OK"
11622,10403449657,10403449738,1,"IOTHUB_CLIENT_CONFIRMATION_OK"
11623,10403449857,10403449887,1,"IOTHUB_CLIENT_CONFIRMATION_OK"
11624,10403450057,10403450087,1,"IOTHUB_CLIENT_CONFIRMATION_OK"
11625,10403450257,10403450293,1,"IOTHUB_CLIENT_CONFIRMATION_OK"
11626,10403450457,10403450508,1,"IOTHUB_CLIENT_CONFIRMATION_OK"
11627,10403450658,10403450775,1,"IOTHUB_CLIENT_CONFIRMATION_OK"
11628,10403450858,10403450893,1,"IOTHUB_CLIENT_CONFIRMATION_OK"
11629,10403451058,10403451111,1,"IOTHUB_CLIENT_CONFIRMATION_OK"
11630,10403451258,10403451386,1,"IOTHUB_CLIENT_CONFIRMATION_OK"
11631,10403451458,10403451488,1,"IOTHUB_CLIENT_CONFIRMATION_OK"
11632,10403451658,10403451686,1,"IOTHUB_CLIENT_CONFIRMATION_OK"
11633,10403451859,10403451989,1,"IOTHUB_CLIENT_CONFIRMATION_OK"
11634,10403452059,10403452102,1,"IOTHUB_CLIENT_CONFIRMATION_OK"
11635,10403452259,10403452297,1,"IOTHUB_CLIENT_CONFIRMATION_OK"
11636,10403452459,10403452491,1,"IOTHUB_CLIENT_CONFIRMATION_OK"
11637,10403452659,10403452689,1,"IOTHUB_CLIENT_CONFIRMATION_OK"
11638,10403452859,10403452909,1,"IOTHUB_CLIENT_CONFIRMATION_OK"
11639,10403453059,10403453093,1,"IOTHUB_CLIENT_CONFIRMATION_OK"
11640,10403453260,10403453301,1,"IOTHUB_CLIENT_CONFIRMATION_OK"
11641,10403453460,10403453492,1,"IOTHUB_CLIENT_CONFIRMATION_OK"
11642,10403453660,10403453692,1,"IOTHUB_CLIENT_CONFIRMATION_OK"
11643,10403453860,10403453923,1,"IOTHUB_CLIENT_CONFIRMATION_OK"
11644,10403454060,10403454235,1,"IOTHUB_CLIENT_CONFIRMATION_OK"
11645,10403454260,10403454292,1,"IOTHUB_CLIENT_CONFIRMATION_OK"
11646,10403454461,10403454494,1,"IOTHUB_CLIENT_CONFIRMATION_OK"
11647,10403454661,10403454692,1,"IOTHUB_CLIENT_CONFIRMATION_OK"
11648,10403454861,10403454891,1,"IOTHUB_CLIENT_CONFIRMATION_OK"
11649,10403455061,10403455110,1,"IOTHUB_CLIENT_CONFIRMATION_OK"
11650,10403455261,10403455305,1,"IOTHUB_CLIENT_CONFIRMATION_OK"
11651,10403455461,10403455511,1,"IOTHUB_CLIENT_CONFIRMATION_OK"
11652,10403455662,10403455688,1,"IOTHUB_CLIENT_CONFIRMATION_OK"
11653,10403455862,10403455894,1,"IOTHUB_CLIENT_CONFIRMATION_OK"
11654,10403456062,10403456093,1,"IOTHUB_CLIENT_CONFIRMATION_OK"
11655,10403456262,10403456292,1,"IOTHUB_CLIENT_CONFIRMATION_OK"
11656,10403456462,10403456495,1,"IOTHUB_CLIENT_CONFIRMATION_OK"
11657,10403456662,10403456693,1,"IOTHUB_CLIENT_CONFIRMATION_OK"
11658,10403456863,10403456892,1,"IOTHUB_CLIENT_CONFIRMATION_OK"
11659,10403457063,10403457108,1,"IOTHUB_CLIENT_CONFIRMATION_OK"
11660,10403457263,10403457293,1,"IOTHUB_CLIENT_CONFIRMATION_OK"
11661,10403457463,10403457759,1,"IOTHUB_CLIENT_CONFIRMATION_OK"
11662,10403457663,10403457799,1,"IOTHUB_CLIENT_CONFIRMATION_OK"
11663,10403457863,10403457905,1,"IOTHUB_CLIENT_CONFIRMATION_OK"
11664,10403458064,10403458206,1,"IOTHUB_CLIENT_CONFIRMATION_OK"
11665,10403458264,10403458294,1,"IOTHUB_CLIENT_CONFIRMATION_OK"
11666,10403458464,10403458494,1,"IOTHUB_CLIENT_CONFIRMATION_OK"
11667,10403458664,10403458696,1,"IOTHUB_CLIENT_CONFIRMATION_OK"
11668,10403458864,10403458900,1,"IOTHUB_CLIENT_CONFIRMATION_OK"
11669,10403459064,10403459093,1,"IOTHUB_CLIENT_CONFIRMATION_OK"
11670,10403459264,10403459297,1,"IOTHUB_CLIENT_CONFIRMATION_OK"
11671,10403459465,10403459515,1,"IOTHUB_CLIENT_CONFIRMATION_OK"
11672,10403459665,10403459696,1,"IOTHUB_CLIENT_CONFIRMATION_OK"
11673,10403459865,10403459897,1,"IOTHUB_CLIENT_CONFIRMATION_OK"
11674,10403460065,10403460098,1,"IOTHUB_CLIENT_CONFIRMATION_OK"
11675,10403460265,10403460434,1,"IOTHUB_CLIENT_CONFIRMATION_OK"
11676,10403460465,10403460505,1,"IOTHUB_CLIENT_CONFIRMATION_OK"
11677,10403460666,10403460701,1,"IOTHUB_CLIENT_CONFIRMATION_OK"
11678,10403460866,10403461052,1,"IOTHUB_CLIENT_CONFIRMATION_OK"
11679,10403461066,10403461096,1,"IOTHUB_CLIENT_CONFIRMATION_OK"
11680,10403461266,10403461305,1,"IOTHUB_CLIENT_CONFIRMATION_OK"
11681,10403461466,10403461507,1,"IOTHUB_CLIENT_CONFIRMATION_OK"
11682,10403461666,10403461699,1,"IOTHUB_CLIENT_CONFIRMATION_OK"
11683,10403461867,10403461904,1,"IOTHUB_CLIENT_CONFIRMATION_OK"
11684,10403462067,10403462099,1,"IOTHUB_CLIENT_CONFIRMATION_OK"
11685,10403462267,10403462297,1,"IOTHUB_CLIENT_CONFIRMATION_OK"
11686,10403462467,10403462511,1,"IOTHUB_CLIENT_CONFIRMATION_OK"
11687,10403462667,10403462706,1,"IOTHUB_CLIENT_CONFIRMATION_OK"
11688,10403462867,10403462898,1,"IOTHUB_CLIENT_CONFIRMATION_OK"
11689,10403463068,10403463099,1,"IOTHUB_CLIENT_CONFIRMATION_OK"
11690,10403463268,10403463319,1,"IOTHUB_CLIENT_CONFIRMATION_OK"
11691,10403463468,10403463502,1,"IOTHUB_CLIENT_CONFIRMATION_OK"
11692,10403463668,10403463698,1,"IOTHUB_CLIENT_CONFIRMATION_OK"
11693,10403463868,10403463900,1,"IOTHUB_CLIENT_CONFIRMATION_OK"
11694,10403464068,10403464174,1,"IOTHUB_CLIENT_CONFIRMATION_OK"
11695,10403464268,10403464388,1,"IOTHUB_CLIENT_CONFIRMATION_OK"
11696,10403464469,10403464500,1,"IOTHUB_CLIENT_CONFIRMATION_OK"
11697,10403464669,10403464710,1,"IOTHUB_CLIENT_CONFIRMATION_OK"
11698,10403464869,10403465000,1,"IOTHUB_CLIENT_CONFIRMATION_OK"
11699,10403465069,10403465098,1,"IOTHUB_CLIENT_CONFIRMATION_OK"
11700,10403465269,10403465302,1,"IOTHUB_CLIENT_CONFIRMATION_OK"
11701,10403465470,10403465501,1,"IOTHUB_CLIENT_CONFIRMATION_OK"
11702,10403465670,10403465702,1,"IOTHUB_CLIENT_CONFIRMATION_OK"
11703,10403465870,10403465912,1,"IOTHUB_CLIENT_CONFIRMATION_OK"
11704,10403466070,10403466100,1,"IOTHUB_CLIENT_CONFIRMATION_OK"
11705,10403466270,10403466313,1,"IOTHUB_CLIENT_CONFIRMATION_OK"
11706,10403466470,10403466517,1,"IOTHUB_CLIENT_CONFIRMATION_OK"
11707,10403466671,10403466700,1,"IOTHUB_CLIENT_CONFIRMATION_OK"
11708,10403466871,10403466903,1,"IOTHUB_CLIENT_CONFIRMATION_OK"
11709,10403467071,10403467225,1,"IOTHUB_CLIENT_CONFIRMATION_OK"
11710,10403467271,10403467301,1,"IOTHUB_CLIENT_CONFIRMATION_OK"
11711,10403467471,10403467524,1,"IOTHUB_CLIENT_CONFIRMATION_OK"
11712,10403467671,10403467835,1,"IOTHUB_CLIENT_CONFIRMATION_OK"
11713,10403467871,10403467900,1,"IOTHUB_CLIENT_CONFIRMATION_OK"
11714,10403468072,10403468102,1,"IOTHUB_CLIENT_CONFIRMATION_OK"
11715,10403468272,10403468317,1,"IOTHUB_CLIENT_CONFIRMATION_OK"
11716,10403468472,10403468502,1,"IOTHUB_CLIENT_CONFIRMATION_OK"
11717,10403468672,10403468703,1,"IOTHUB_CLIENT_CONFIRMATION_OK"
11718,10403468872,10403468903,1,"IOTHUB_CLIENT_CONFIRMATION_OK"
11719,10403469072,10403469103,1,"IOTHUB_CLIENT_CONFIRMATION_OK"
11720,10403469273,10403469305,1,"IOTHUB_CLIENT_CONFIRMATION_OK"
11721,10403469473,10403469510,1,"IOTHUB_CLIENT_CONFIRMATION_OK"
11722,10403469673,10403469701,1,"IOTHUB_CLIENT_CONFIRMATION_OK"
11723,10403469873,10403469907,1,"IOTHUB_CLIENT_CONFIRMATION_OK"
11724,10403470073,10403470139,1,"IOTHUB_CLIENT_CONFIRMATION_OK"
11725,10403470273,10403470303,1,"IOTHUB_CLIENT_CONFIRMATION_OK"
11726,10403470474,10403470503,1,"IOTHUB_CLIENT_CONFIRMATION_OK"
11727,10403470674,10403470703,1,"IOTHUB_CLIENT_CONFIRMATION_OK"
11728,10403470874,10403470916,1,"IOTHUB_CLIENT_CONFIRMATION_OK"
11729,10403471074,10403471123,1,"IOTHUB_CLIENT_CONFIRMATION_OK"
11730,10403471274,10403471304,1,"IOTHUB_CLIENT_CONFIRMATION_OK"
11731,10403471474,10403471522,1,"IOTHUB_CLIENT_CONFIRMATION_OK"
11732,10403471675,10403471714,1,"IOTHUB_CLIENT_CONFIRMATION_OK"
11733,10403471875,10403471914,1,"IOTHUB_CLIENT_CONFIRMATION_OK"
11734,10403472075,10403472117,1,"IOTHUB_CLIENT_CONFIRMATION_OK"
11735,10403472275,10403472347,1,"IOTHUB_CLIENT_CONFIRMATION_OK"
11736,10403472475,10403472516,1,"IOTHUB_CLIENT_CONFIRMATION_OK"
11737,10403472675,10403472720,1,"IOTHUB_CLIENT_CONFIRMATION_OK"
11738,10403472875,10403472908,1,"IOTHUB_CLIENT_CONFIRMATION_OK"
11739,10403473076,10403473112,1,"IOTHUB_CLIENT_CONFIRMATION_OK"
11740,10403473276,10403473313,1,"IOTHUB_CLIENT_CONFIRMATION_OK"
11741,10403473476,10403473506,1,"IOTHUB_CLIENT_CONFIRMATION_OK"
11742,10403473676,10403473718,1,"IOTHUB_CLIENT_CONFIRMATION_OK"
11743,10403473876,10403474014,1,"IOTHUB_CLIENT_CONFIRMATION_OK"
11744,10403474076,10403474110,1,"IOTHUB_CLIENT_CONFIRMATION_OK"
11745,10403474277,10403474306,1,"IOTHUB_CLIENT_CONFIRMATION_OK"
11746,10403474477,10403474618,1,"IOTHUB_CLIENT_CONFIRMATION_OK"
11747,10403474677,10403474709,1,"IOTHUB_CLIENT_CONFIRMATION_OK"
11748,10403474877,10403474918,1,"IOTHUB_CLIENT_CONFIRMATION_OK"
11749,10403475077,10403475110,1,"IOTHUB_CLIENT_CONFIRMATION_OK"
11750,10403475277,10403475332,1,"IOTHUB_CLIENT_CONFIRMATION_OK"
11751,10403475478,10403475517,1,"IOTHUB_CLIENT_CONFIRMATION_OK"
11752,10403475678,10403475713,1,"IOTHUB_CLIENT_CONFIRMATION_OK"
11753,10403475878,10403475921,1,"IOTHUB_CLIENT_CONFIRMATION_OK"
11754,10403476078,10403476111,1,"IOTHUB_CLIENT_CONFIRMATION_OK"
11755,10403476278,10403476321,1,"IOTHUB_CLIENT_CONFIRMATION_OK"
11756,10403476478,10403476514,1,"IOTHUB_CLIENT_CONFIRMATION_OK"
11757,10403476679,10403476841,1,"IOTHUB_CLIENT_CONFIRMATION_OK"
11758,10403476879,10403476909,1,"IOTHUB_CLIENT_CONFIRMATION_OK"
11759,10403477079,10403477112,1,"IOTHUB_CLIENT_CONFIRMATION_OK"
11760,10403477279,10403477460,1,"IOTHUB_CLIENT_CONFIRMATION_OK"
11761,10403477479,10403477513,1,"IOTHUB_CLIENT_CONFIRMATION_OK"
11762,10403477679,10403477781,1,"IOTHUB_CLIENT_CONFIRMATION_OK"
11763,10403477880,10403477936,1,"IOTHUB_CLIENT_CONFIRMATION_OK"
11764,10403478080,10403478113,1,"IOTHUB_CLIENT_CONFIRMATION_OK"
11765,10403478280,10403478318,1,"IOTHUB_CLIENT_CONFIRMATION_OK"
11766,10403478480,10403478537,1,"IOTHUB_CLIENT_CONFIRMATION_OK"
11767,10403478680,10403478719,1,"IOTHUB_CLIENT_CONFIRMATION_OK"
11768,10403478880,10403478924,1,"IOTHUB_CLIENT_CONFIRMATION_OK"
11769,10403479081,10403479154,1,"IOTHUB_CLIENT_CONFIRMATION_OK"
11770,10403479281,10403479313,1,"IOTHUB_CLIENT_CONFIRMATION_OK"
11771,10403479481,10403479518,1,"IOTHUB_CLIENT_CONFIRMATION_OK"
11772,10403479681,10403479713,1,"IOTHUB_CLIENT_CONFIRMATION_OK"
11773,10403479881,10403479913,1,"IOTHUB_CLIENT_CONFIRMATION_OK"
11774,10403480081,10403480162,1,"IOTHUB_CLIENT_CONFIRMATION_OK"
11775,10403480282,10403480313,1,"IOTHUB_CLIENT_CONFIRMATION_OK"
11776,10403480482,10403480516,1,"IOTHUB_CLIENT_CONFIRMATION_OK"
11777,10403480682,10403480772,1,"IOTHUB_CLIENT_CONFIRMATION_OK"
11778,10403480882,10403480915,1,"IOTHUB_CLIENT_CONFIRMATION_OK"
11779,10403481082,10403481114,1,"IOTHUB_CLIENT_CONFIRMATION_OK"
11780,10403481282,10403481395,1,"IOTHUB_CLIENT_CONFIRMATION_OK"
11781,10403481483,10403481529,1,"IOTHUB_CLIENT_CONFIRMATION_OK"
11782,10403481683,10403481714,1,"IOTHUB_CLIENT_CONFIRMATION_OK"
11783,10403481883,10403482014,1,"IOTHUB_CLIENT_CONFIRMATION_OK"
11784,10403482083,10403482120,1,"IOTHUB_CLIENT_CONFIRMATION_OK"
11785,10403482283,10403482316,1,"IOTHUB_CLIENT_CONFIRMATION_OK"
11786,10403482483,10403482530,1,"IOTHUB_CLIENT_CONFIRMATION_OK"
11787,10403482684,10403482728,1,"IOTHUB_CLIENT_CONFIRMATION_OK"
11788,10403482884,10403482916,1,"IOTHUB_CLIENT_CONFIRMATION_OK"
11789,10403483084,10403483158,1,"IOTHUB_CLIENT_CONFIRMATION_OK"
11790,10403483284,10403483334,1,"IOTHUB_CLIENT_CONFIRMATION_OK"
11791,10403483484,10403483618,1,"IOTHUB_CLIENT_CONFIRMATION_OK"
11792,10403483684,10403483714,1,"IOTHUB_CLIENT_CONFIRMATION_OK"
11793,10403483885,10403483918,1,"IOTHUB_CLIENT_CONFIRMATION_OK"
11794,10403484085,10403484228,1,"IOTHUB_CLIENT_CONFIRMATION_OK"
11795,10403484285,10403484315,1,"IOTHUB_CLIENT_CONFIRMATION_OK"
11796,10403484485,10403484524,1,"IOTHUB_CLIENT_CONFIRMATION_OK"
11797,10403484685,10403484719,1,"IOTHUB_CLIENT_CONFIRMATION_OK"
11798,10403484885,10403484918,1,"IOTHUB_CLIENT_CONFIRMATION_OK"
11799,10403485086,10403485114,1,"IOTHUB_CLIENT_CONFIRMATION_OK"
11800,10403485286,10403485327,1,"IOTHUB_CLIENT_CONFIRMATION_OK"
11801,10403485486,10403485532,1,"IOTHUB_CLIENT_CONFIRMATION_OK"
11802,10403485686,10403485719,1,"IOTHUB_CLIENT_CONFIRMATION_OK"
11803,10403485886,10403485918,1,"IOTHUB_CLIENT_CONFIRMATION_OK"
11804,10403486086,10403486118,1,"IOTHUB_CLIENT_CONFIRMATION_OK"
11805,10403486287,10403486317,1,"IOTHUB_CLIENT_CONFIRMATION_OK"
11806,10403486487,10403486524,1,"IOTHUB_CLIENT_CONFIRMATION_OK"
11807,10403486687,10403486724,1,"IOTHUB_CLIENT_CONFIRMATION_OK"
11808,10403486887,10403487079,1,"IOTHUB_CLIENT_CONFIRMATION_OK"
11809,10403487087,10403487115,1,"IOTHUB_CLIENT_CONFIRMATION_OK"
11810,10403487287,10403487327,1,"IOTHUB_CLIENT_CONFIRMATION_OK"
11811,10403487488,10403487521,1,"IOTHUB_CLIENT_CONFIRMATION_OK"
11812,10403487688,10403487731,1,"IOTHUB_CLIENT_CONFIRMATION_OK"
11813,10403487888,10403487931,1,"IOTHUB_CLIENT_CONFIRMATION_OK"
11814,10403488088,10403488122,1,"IOTHUB_CLIENT_CONFIRMATION_OK"
11815,10403488288,10403488324,1,"IOTHUB_CLIENT_CONFIRMATION_OK"
11816,10403488488,10403488519,1,"IOTHUB_CLIENT_CONFIRMATION_OK"
11817,10403488689,10403488727,1,"IOTHUB_CLIENT_CONFIRMATION_OK"
11818,10403488889,10403488925,1,"IOTHUB_CLIENT_CONFIRMATION_OK"
11819,10403489089,10403489397,1,"IOTHUB_CLIENT_CONFIRMATION_OK"
11820,10403489289,10403489422,1,"IOTHUB_CLIENT_CONFIRMATION_OK"
11821,10403489489,10403489522,1,"IOTHUB_CLIENT_CONFIRMATION_OK"
11822,10403489689,10403489726,1,"IOTHUB_CLIENT_CONFIRMATION_OK"
11823,10403489890,10403489921,1,"IOTHUB_CLIENT_CONFIRMATION_OK"
11824,10403490090,10403490121,1,"IOTHUB_CLIENT_CONFIRMATION_OK"
11825,10403490290,10403490419,1,"IOTHUB_CLIENT_CONFIRMATION_OK"
11826,10403490490,10403490525,1,"IOTHUB_CLIENT_CONFIRMATION_OK"
11827,10403490690,10403490724,1,"IOTHUB_CLIENT_CONFIRMATION_OK"
11828,10403490890,10403491040,1,"IOTHUB_CLIENT_CONFIRMATION_OK"
11829,10403491091,10403491119,1,"IOTHUB_CLIENT_CONFIRMATION_OK"
11830,10403491291,10403491319,1,"IOTHUB_CLIENT_CONFIRMATION_OK"
11831,10403491491,10403491526,1,"IOTHUB_CLIENT_CONFIRMATION_OK"
11832,10403491691,10403491731,1,"IOTHUB_CLIENT_CONFIRMATION_OK"
11833,10403491891,10403491923,1,"IOTHUB_CLIENT_CONFIRMATION_OK"
11834,10403492091,10403492126,1,"IOTHUB_CLIENT_CONFIRMATION_OK"
11835,10403492292,10403492334,1,"IOTHUB_CLIENT_CONFIRMATION_OK"
11836,10403492492,10403492523,1,"IOTHUB_CLIENT_CONFIRMATION_OK"
11837,10403492692,10403492726,1,"IOTHUB_CLIENT_CONFIRMATION_OK"
11838,10403492892,10403492926,1,"IOTHUB_CLIENT_CONFIRMATION_OK"
11839,10403493092,10403493294,1,"IOTHUB_CLIENT_CONFIRMATION_OK"
11840,10403493292,10403493335,1,"IOTHUB_CLIENT_CONFIRMATION_OK"
11841,10403493493,10403493523,1,"IOTHUB_CLIENT_CONFIRMATION_OK"
11842,10403493693,10403493741,1,"IOTHUB_CLIENT_CONFIRMATION_OK"
11843,10403493893,10403493920,1,"IOTHUB_CLIENT_CONFIRMATION_OK"
11844,10403494093,10403494138,1,"IOTHUB_CLIENT_CONFIRMATION_OK"
11845,10403494293,10403494329,1,"IOTHUB_CLIENT_CONFIRMATION_OK"
11846,10403494493,10403494526,1,"IOTHUB_CLIENT_CONFIRMATION_OK"
11847,10403494694,10403494728,1,"IOTHUB_CLIENT_CONFIRMATION_OK"
11848,10403494894,10403494978,1,"IOTHUB_CLIENT_CONFIRMATION_OK"
11849,10403495094,10403495128,1,"IOTHUB_CLIENT_CONFIRMATION_OK"
11850,10403495294,10403495331,1,"IOTHUB_CLIENT_CONFIRMATION_OK"
11851,10403495494,10403495585,1,"IOTHUB_CLIENT_CONFIRMATION_OK"
11852,10403495694,10403495733,1,"IOTHUB_CLIENT_CONFIRMATION_OK"
11853,10403495895,10403495944,1,"IOTHUB_CLIENT_CONFIRMATION_OK"
11854,10403496095,10403496132,1,"IOTHUB_CLIENT_CONFIRMATION_OK"
11855,10403496295,10403496329,1,"IOTHUB_CLIENT_CONFIRMATION_OK"
11856,10403496495,10403496602,1,"IOTHUB_CLIENT_CONFIRMATION_OK"
11857,10403496695,10403496725,1,"IOTHUB_CLIENT_CONFIRMATION_OK"
11858,10403496895,10403496938,1,"IOTHUB_CLIENT_CONFIRMATION_OK"
11859,10403497096,10403497211,1,"IOTHUB_CLIENT_CONFIRMATION_OK"
11860,10403497296,10403497344,1,"IOTHUB_CLIENT_CONFIRMATION_OK"
11861,10403497496,10403497527,1,"IOTHUB_CLIENT_CONFIRMATION_OK"
11862,10403497696,10403497824,1,"IOTHUB_CLIENT_CONFIRMATION_OK"
11863,10403497896,10403497970,1,"IOTHUB_CLIENT_CONFIRMATION_OK"
11864,10403498096,10403498125,1,"IOTHUB_CLIENT_CONFIRMATION_OK"
11865,10403498297,10403498339,1,"IOTHUB_CLIENT_CONFIRMATION_OK"
11866,10403498497,10403498532,1,"IOTHUB_CLIENT_CONFIRMATION_OK"
11867,10403498697,10403498738,1,"IOTHUB_CLIENT_CONFIRMATION_OK"
11868,10403498897,10403498941,1,"IOTHUB_CLIENT_CONFIRMATION_OK"
11869,10403499097,10403499129,1,"IOTHUB_CLIENT_CONFIRMATION_OK"
11870,10403499297,10403499344,1,"IOTHUB_CLIENT_CONFIRMATION_OK"
11871,10403499498,10403499528,1,"IOTHUB_CLIENT_CONFIRMATION_OK"
11872,10403499698,10403499728,1,"IOTHUB_CLIENT_CONFIRMATION_OK"
11873,10403499898,10403500050,1,"IOTHUB_CLIENT_CONFIRMATION_OK"
11874,10403500098,10403500130,1,"IOTHUB_CLIENT_CONFIRMATION_OK"
11875,10403500298,10403500336,1,"IOTHUB_CLIENT_CONFIRMATION_OK"
11876,10403500498,10403500680,1,"IOTHUB_CLIENT_CONFIRMATION_OK"
11877,10403500699,10403500727,1,"IOTHUB_CLIENT_CONFIRMATION_OK"
11878,10403500899,10403500961,1,"IOTHUB_CLIENT_CONFIRMATION_OK"
11879,10403501099,10403501132,1,"IOTHUB_CLIENT_CONFIRMATION_OK"
11880,10403501299,10403501327,1,"IOTHUB_CLIENT_CONFIRMATION_OK"
11881,10403501499,10403501528,1,"IOTHUB_CLIENT_CONFIRMATION_OK"
11882,10403501699,10403501736,1,"IOTHUB_CLIENT_CONFIRMATION_OK"
11883,10403501900,10403501931,1,"IOTHUB_CLIENT_CONFIRMATION_OK"
11884,10403502100,10403502128,1,"IOTHUB_CLIENT_CONFIRMATION_OK"
11885,10403502300,10403502331,1,"IOTHUB_CLIENT_CONFIRMATION_OK"
11886,10403502500,10403502532,1,"IOTHUB_CLIENT_CONFIRMATION_OK"
11887,10403502700,10403502739,1,"IOTHUB_CLIENT_CONFIRMATION_OK"
11888,10403502900,10403502950,1,"IOTHUB_CLIENT_CONFIRMATION_OK"
11889,10403503101,10403503136,1,"IOTHUB_CLIENT_CONFIRMATION_OK"
11890,10403503301,10403503335,1,"IOTHUB_CLIENT_CONFIRMATION_OK"
11891,10403503501,10403503557,1,"IOTHUB_CLIENT_CONFIRMATION_OK"
11892,10403503701,10403503733,1,"IOTHUB_CLIENT_CONFIRMATION_OK"
11893,10403503901,10403503950,1,"IOTHUB_CLIENT_CONFIRMATION_OK"
11894,10403504101,10403504135,1,"IOTHUB_CLIENT_CONFIRMATION_OK"
11895,10403504302,10403504333,1,"IOTHUB_CLIENT_CONFIRMATION_OK"
11896,10403504502,10403504566,1,"IOTHUB_CLIENT_CONFIRMATION_OK"
11897,10403504702,10403504745,1,"IOTHUB_CLIENT_CONFIRMATION_OK"
11898,10403504902,10403504935,1,"IOTHUB_CLIENT_CONFIRMATION_OK"
11899,10403505102,10403505176,1,"IOTHUB_CLIENT_CONFIRMATION_OK"
11900,10403505302,10403505348,1,"IOTHUB_CLIENT_CONFIRMATION_OK"
11901,10403505503,10403505533,1,"IOTHUB_CLIENT_CONFIRMATION_OK"
11902,10403505703,10403505780,1,"IOTHUB_CLIENT_CONFIRMATION_OK"
11903,10403505903,10403505940,1,"IOTHUB_CLIENT_CONFIRMATION_OK"
11904,10403506103,10403506132,1,"IOTHUB_CLIENT_CONFIRMATION_OK"
11905,10403506303,10403506335,1,"IOTHUB_CLIENT_CONFIRMATION_OK"
11906,10403506503,10403506535,1,"IOTHUB_CLIENT_CONFIRMATION_OK"
11907,10403506704,10403506881,1,"IOTHUB_CLIENT_CONFIRMATION_OK"
11908,10403506904,10403507032,1,"IOTHUB_CLIENT_CONFIRMATION_OK"
11909,10403507104,10403507136,1,"IOTHUB_CLIENT_CONFIRMATION_OK"
11910,10403507304,10403507333,1,"IOTHUB_CLIENT_CONFIRMATION_OK"
11911,10403507504,10403507540,1,"IOTHUB_CLIENT_CONFIRMATION_OK"
11912,10403507704,10403507752,1,"IOTHUB_CLIENT_CONFIRMATION_OK"
11913,10403507905,10403507949,1,"IOTHUB_CLIENT_CONFIRMATION_OK"
11914,10403508105,10403508137,1,"IOTHUB_CLIENT_CONFIRMATION_OK"
11915,10403508305,10403508337,1,"IOTHUB_CLIENT_CONFIRMATION_OK"
11916,10403508505,10403508542,1,"IOTHUB_CLIENT_CONFIRMATION_OK"
11917,10403508705,10403508740,1,"IOTHUB_CLIENT_CONFIRMATION_OK"
11918,10403508905,10403508939,1,"IOTHUB_CLIENT_CONFIRMATION_OK"
11919,10403509106,10403509146,1,"IOTHUB_CLIENT_CONFIRMATION_OK"
11920,10403509306,10403509335,1,"IOTHUB_CLIENT_CONFIRMATION_OK"
11921,10403509506,10403509536,1,"IOTHUB_CLIENT_CONFIRMATION_OK"
11922,10403509706,10403509747,1,"IOTHUB_CLIENT_CONFIRMATION_OK"
11923,10403509906,10403509942,1,"IOTHUB_CLIENT_CONFIRMATION_OK"
11924,10403510106,10403510141,1,"IOTHUB_CLIENT_CONFIRMATION_OK"
11925,10403510307,10403510342,1,"IOTHUB_CLIENT_CONFIRMATION_OK"
11926,10403510507,10403510534,1,"IOTHUB_CLIENT_CONFIRMATION_OK"
11927,10403510707,10403510746,1,"IOTHUB_CLIENT_CONFIRMATION_OK"
11928,10403510907,10403510943,1,"IOTHUB_CLIENT_CONFIRMATION_OK"
11929,10403511107,10403511141,1,"IOTHUB_CLIENT_CONFIRMATION_OK"
11930,10403511307,10403511362,1,"IOTHUB_CLIENT_CONFIRMATION_OK"
11931,10403511508,10403511542,1,"IOTHUB_CLIENT_CONFIRMATION_OK"
11932,10403511708,10403511736,1,"IOTHUB_CLIENT_CONFIRMATION_OK"
11933,10403511908,10403511996,1,"IOTHUB_CLIENT_CONFIRMATION_OK"
11934,10403512108,10403512143,1,"IOTHUB_CLIENT_CONFIRMATION_OK"
11935,10403512308,10403512340,1,"IOTHUB_CLIENT_CONFIRMATION_OK"
11936,10403512508,10403512586,1,"IOTHUB_CLIENT_CONFIRMATION_OK"
11937,10403512709,10403512739,1,"IOTHUB_CLIENT_CONFIRMATION_OK"
11938,10403512909,10403512938,1,"IOTHUB_CLIENT_CONFIRMATION_OK"
11939,10403513109,10403513140,1,"IOTHUB_CLIENT_CONFIRMATION_OK"
11940,10403513309,10403513356,1,"IOTHUB_CLIENT_CONFIRMATION_OK"
11941,10403513509,10403513610,1,"IOTHUB_CLIENT_CONFIRMATION_OK"
11942,10403513709,10403513743,1,"IOTHUB_CLIENT_CONFIRMATION_OK"
11943,10403513909,10403513941,1,"IOTHUB_CLIENT_CONFIRMATION_OK"
11944,10403514110,10403514212,1,"IOTHUB_CLIENT_CONFIRMATION_OK"
11945,10403514310,10403514340,1,"IOTHUB_CLIENT_CONFIRMATION_OK"
11946,10403514510,10403514541,1,"IOTHUB_CLIENT_CONFIRMATION_OK"
11947,10403514710,10403514831,1,"IOTHUB_CLIENT_CONFIRMATION_OK"
11948,10403514910,10403514946,1,"IOTHUB_CLIENT_CONFIRMATION_OK"
11949,10403515110,10403515139,1,"IOTHUB_CLIENT_CONFIRMATION_OK"
11950,10403515311,10403515346,1,"IOTHUB_CLIENT_CONFIRMATION_OK"
11951,10403515511,10403515547,1,"IOTHUB_CLIENT_CONFIRMATION_OK"
11952,10403515711,10403515757,1,"IOTHUB_CLIENT_CONFIRMATION_OK"
11953,10403515911,10403515941,1,"IOTHUB_CLIENT_CONFIRMATION_OK"
11954,10403516111,10403516143,1,"IOTHUB_CLIENT_CONFIRMATION_OK"
11955,10403516311,10403516452,1,"IOTHUB_CLIENT_CONFIRMATION_OK"
11956,10403516512,10403516542,1,"IOTHUB_CLIENT_CONFIRMATION_OK"
11957,10403516712,10403516754,1,"IOTHUB_CLIENT_CONFIRMATION_OK"
11958,10403516912,10403517072,1,"IOTHUB_CLIENT_CONFIRMATION_OK"
11959,10403517112,10403517145,1,"IOTHUB_CLIENT_CONFIRMATION_OK"
11960,10403517312,10403517350,1,"IOTHUB_CLIENT_CONFIRMATION_OK"
11961,10403517512,10403517564,1,"IOTHUB_CLIENT_CONFIRMATION_OK"
11962,10403517713,10403517758,1,"IOTHUB_CLIENT_CONFIRMATION_OK"
11963,10403517913,10403517942,1,"IOTHUB_CLIENT_CONFIRMATION_OK"
11964,10403518113,10403518184,1,"IOTHUB_CLIENT_CONFIRMATION_OK"
11965,10403518313,10403518346,1,"IOTHUB_CLIENT_CONFIRMATION_OK"
11966,10403518513,10403518630,1,"IOTHUB_CLIENT_CONFIRMATION_OK"
11967,10403518713,10403518831,1,"IOTHUB_CLIENT_CONFIRMATION_OK"
11968,10403518913,10403518949,1,"IOTHUB_CLIENT_CONFIRMATION_OK"
11969,10403519114,10403519145,1,"IOTHUB_CLIENT_CONFIRMATION_OK"
11970,10403519314,10403519345,1,"IOTHUB_CLIENT_CONFIRMATION_OK"
11971,10403519514,10403519546,1,"IOTHUB_CLIENT_CONFIRMATION_OK"
11972,10403519714,10403519845,1,"IOTHUB_CLIENT_CONFIRMATION_OK"
11973,10403519914,10403519952,1,"IOTHUB_CLIENT_CONFIRMATION_OK"
11974,10403520114,10403520176,1,"IOTHUB_CLIENT_CONFIRMATION_OK"
11975,10403520315,10403520461,1,"IOTHUB_CLIENT_CONFIRMATION_OK"
11976,10403520515,10403520547,1,"IOTHUB_CLIENT_CONFIRMATION_OK"
11977,10403520715,10403520753,1,"IOTHUB_CLIENT_CONFIRMATION_OK"
11978,10403520915,10403521064,1,"IOTHUB_CLIENT_CONFIRMATION_OK"
11979,10403521115,10403521145,1,"IOTHUB_CLIENT_CONFIRMATION_OK"
11980,10403521315,10403521360,1,"IOTHUB_CLIENT_CONFIRMATION_OK"
11981,10403521516,10403521548,1,"IOTHUB_CLIENT_CONFIRMATION_OK"
11982,10403521716,10403521746,1,"IOTHUB_CLIENT_CONFIRMATION_OK"
11983,10403521916,10403521947,1,"IOTHUB_CLIENT_CONFIRMATION_OK"
11984,10403522116,10403522147,1,"IOTHUB_CLIENT_CONFIRMATION_OK"
11985,10403522316,10403522348,1,"IOTHUB_CLIENT_CONFIRMATION_OK"
11986,10403522516,10403522549,1,"IOTHUB_CLIENT_CONFIRMATION_OK"
11987,10403522717,10403522885,1,"IOTHUB_CLIENT_CONFIRMATION_OK"
11988,10403522917,10403522954,1,"IOTHUB_CLIENT_CONFIRMATION_OK"
11989,10403523117,10403523153,1,"IOTHUB_CLIENT_CONFIRMATION_OK"
11990,10403523317,10403523347,1,"IOTHUB_CLIENT_CONFIRMATION_OK"
11991,10403523517,10403523546,1,"IOTHUB_CLIENT_CONFIRMATION_OK"
11992,10403523717,10403523747,1,"IOTHUB_CLIENT_CONFIRMATION_OK"
11993,10403523918,10403523947,1,"IOTHUB_CLIENT_CONFIRMATION_OK"
11994,10403524118,10403524151,1,"IOTHUB_CLIENT_CONFIRMATION_OK"
11995,10403524318,10403524350,1,"IOTHUB_CLIENT_CONFIRMATION_OK"
11996,10403524518,10403524551,1,"IOTHUB_CLIENT_CONFIRMATION_OK"
11997,10403524718,10403524812,1,"IOTHUB_CLIENT_CONFIRMATION_OK"
11998,10403524919,10403524948,1,"IOTHUB_CLIENT_CONFIRMATION_OK"
11999,10403525119,10403525151,1,"IOTHUB_CLIENT_CONFIRMATION_OK"
12000,10403525319,10403525351,1,"IOTHUB_CLIENT_CONFIRMATION_OK"
12001,10403525519,10403525550,1,"IOTHUB_CLIENT_CONFIRMATION_OK"
12002,10403525719,10403525755,1,"IOTHUB_CLIENT_CONFIRMATION_OK"
12003,10403525919,10403525949,1,"IOTHUB_CLIENT_CONFIRMATION_OK"
12004,10403526119,10403526157,1,"IOTHUB_CLIENT_CONFIRMATION_OK"
12005,10403526320,10403526352,1,"IOTHUB_CLIENT_CONFIRMATION_OK"
12006,10403526520,10403526555,1,"IOTHUB_CLIENT_CONFIRMATION_OK"
12007,10403526720,10403526753,1,"IOTHUB_CLIENT_CONFIRMATION_OK"
12008,10403526920,10403526962,1,"IOTHUB_CLIENT_CONFIRMATION_OK"
12009,10403527120,10403527156,1,"IOTHUB_CLIENT_CONFIRMATION_OK"
12010,10403527320,10403527352,1,"IOTHUB_CLIENT_CONFIRMATION_OK"
12011,10403527521,10403527552,1,"IOTHUB_CLIENT_CONFIRMATION_OK"
12012,10403527721,10403527764,1,"IOTHUB_CLIENT_CONFIRMATION_OK"
12013,10403527921,10403527954,1,"IOTHUB_CLIENT_CONFIRMATION_OK"
12014,10403528121,10403528158,1,"IOTHUB_CLIENT_CONFIRMATION_OK"
12015,10403528321,10403528386,1,"IOTHUB_CLIENT_CONFIRMATION_OK"
12016,10403528521,10403528551,1,"IOTHUB_CLIENT_CONFIRMATION_OK"
12017,10403528722,10403528754,1,"IOTHUB_CLIENT_CONFIRMATION_OK"
12018,10403528922,10403528955,1,"IOTHUB_CLIENT_CONFIRMATION_OK"
12019,10403529122,10403529155,1,"IOTHUB_CLIENT_CONFIRMATION_OK"
12020,10403529322,10403529408,1,"IOTHUB_CLIENT_CONFIRMATION_OK"
12021,10403529522,10403529561,1,"IOTHUB_CLIENT_CONFIRMATION_OK"
12022,10403529722,10403529775,1,"IOTHUB_CLIENT_CONFIRMATION_OK"
12023,10403529922,10403530031,1,"IOTHUB_CLIENT_CONFIRMATION_OK"
12024,10403530123,10403530153,1,"IOTHUB_CLIENT_CONFIRMATION_OK"
12025,10403530323,10403530358,1,"IOTHUB_CLIENT_CONFIRMATION_OK"
12026,10403530523,10403530638,1,"IOTHUB_CLIENT_CONFIRMATION_OK"
12027,10403530723,10403530754,1,"IOTHUB_CLIENT_CONFIRMATION_OK"
12028,10403530923,10403530955,1,"IOTHUB_CLIENT_CONFIRMATION_OK"
12029,10403531123,10403531263,1,"IOTHUB_CLIENT_CONFIRMATION_OK"
12030,10403531324,10403531353,1,"IOTHUB_CLIENT_CONFIRMATION_OK"
12031,10403531524,10403531555,1,"IOTHUB_CLIENT_CONFIRMATION_OK"
12032,10403531724,10403531836,1,"IOTHUB_CLIENT_CONFIRMATION_OK"
12033,10403531924,10403531955,1,"IOTHUB_CLIENT_CONFIRMATION_OK"
12034,10403532124,10403532154,1,"IOTHUB_CLIENT_CONFIRMATION_OK"
12035,10403532324,10403532368,1,"IOTHUB_CLIENT_CONFIRMATION_OK"
12036,10403532525,10403532563,1,"IOTHUB_CLIENT_CONFIRMATION_OK"
12037,10403532725,10403532883,1,"IOTHUB_CLIENT_CONFIRMATION_OK"
12038,10403532925,10403532986,1,"IOTHUB_CLIENT_CONFIRMATION_OK"
12039,10403533125,10403533158,1,"IOTHUB_CLIENT_CONFIRMATION_OK"
12040,10403533325,10403533531,1,"IOTHUB_CLIENT_CONFIRMATION_OK"
12041,10403533525,10403533562,1,"IOTHUB_CLIENT_CONFIRMATION_OK"
12042,10403533726,10403533759,1,"IOTHUB_CLIENT_CONFIRMATION_OK"
12043,10403533926,10403533958,1,"IOTHUB_CLIENT_CONFIRMATION_OK"
12044,10403534126,10403534172,1,"IOTHUB_CLIENT_CONFIRMATION_OK"
12045,10403534326,10403534373,1,"IOTHUB_CLIENT_CONFIRMATION_OK"
12046,10403534526,10403534563,1,"IOTHUB_CLIENT_CONFIRMATION_OK"
12047,10403534726,10403534761,1,"IOTHUB_CLIENT_CONFIRMATION_OK"
12048,10403534927,10403534965,1,"IOTHUB_CLIENT_CONFIRMATION_OK"
12049,10403535127,10403535163,1,"IOTHUB_CLIENT_CONFIRMATION_OK"
12050,10403535327,10403535360,1,"IOTHUB_CLIENT_CONFIRMATION_OK"
12051,10403535527,10403535570,1,"IOTHUB_CLIENT_CONFIRMATION_OK"
12052,10403535727,10403535775,1,"IOTHUB_CLIENT_CONFIRMATION_OK"
12053,10403535927,10403535958,1,"IOTHUB_CLIENT_CONFIRMATION_OK"
12054,10403536128,10403536159,1,"IOTHUB_CLIENT_CONFIRMATION_OK"
12055,10403536328,10403536358,1,"IOTHUB_CLIENT_CONFIRMATION_OK"
12056,10403536528,10403536571,1,"IOTHUB_CLIENT_CONFIRMATION_OK"
12057,10403536728,10403536780,1,"IOTHUB_CLIENT_CONFIRMATION_OK"
12058,10403536928,10403536962,1,"IOTHUB_CLIENT_CONFIRMATION_OK"
12059,10403537128,10403537157,1,"IOTHUB_CLIENT_CONFIRMATION_OK"
12060,10403537329,10403537423,1,"IOTHUB_CLIENT_CONFIRMATION_OK"
12061,10403537529,10403537559,1,"IOTHUB_CLIENT_CONFIRMATION_OK"
12062,10403537729,10403537757,1,"IOTHUB_CLIENT_CONFIRMATION_OK"
12063,10403537929,10403538018,1,"IOTHUB_CLIENT_CONFIRMATION_OK"
12064,10403538129,10403538160,1,"IOTHUB_CLIENT_CONFIRMATION_OK"
12065,10403538329,10403538359,1,"IOTHUB_CLIENT_CONFIRMATION_OK"
12066,10403538530,10403538567,1,"IOTHUB_CLIENT_CONFIRMATION_OK"
12067,10403538730,10403538763,1,"IOTHUB_CLIENT_CONFIRMATION_OK"
12068,10403538930,10403538963,1,"IOTHUB_CLIENT_CONFIRMATION_OK"
12069,10403539130,10403539159,1,"IOTHUB_CLIENT_CONFIRMATION_OK"
12070,10403539330,10403539368,1,"IOTHUB_CLIENT_CONFIRMATION_OK"
12071,10403539530,10403539701,1,"IOTHUB_CLIENT_CONFIRMATION_OK"
12072,10403539731,10403539769,1,"IOTHUB_CLIENT_CONFIRMATION_OK"
12073,10403539931,10403539963,1,"IOTHUB_CLIENT_CONFIRMATION_OK"
12074,10403540131,10403540159,1,"IOTHUB_CLIENT_CONFIRMATION_OK"
12075,10403540331,10403540363,1,"IOTHUB_CLIENT_CONFIRMATION_OK"
12076,10403540531,10403540564,1,"IOTHUB_CLIENT_CONFIRMATION_OK"
12077,10403540731,10403540763,1,"IOTHUB_CLIENT_CONFIRMATION_OK"
12078,10403540932,10403540961,1,"IOTHUB_CLIENT_CONFIRMATION_OK"
12079,10403541132,10403541171,1,"IOTHUB_CLIENT_CONFIRMATION_OK"
12080,10403541332,10403541365,1,"IOTHUB_CLIENT_CONFIRMATION_OK"
12081,10403541532,10403541563,1,"IOTHUB_CLIENT_CONFIRMATION_OK"
12082,10403541732,10403541764,1,"IOTHUB_CLIENT_CONFIRMATION_OK"
12083,10403541932,10403541961,1,"IOTHUB_CLIENT_CONFIRMATION_OK"
12084,10403542133,10403542162,1,"IOTHUB_CLIENT_CONFIRMATION_OK"
12085,10403542333,10403542542,1,"IOTHUB_CLIENT_CONFIRMATION_OK"
12086,10403542533,10403542584,1,"IOTHUB_CLIENT_CONFIRMATION_OK"
12087,10403542733,10403542789,1,"IOTHUB_CLIENT_CONFIRMATION_OK"
12088,10403542933,10403542965,1,"IOTHUB_CLIENT_CONFIRMATION_OK"
12089,10403543133,10403543173,1,"IOTHUB_CLIENT_CONFIRMATION_OK"
12090,10403543334,10403543375,1,"IOTHUB_CLIENT_CONFIRMATION_OK"
12091,10403543534,10403543571,1,"IOTHUB_CLIENT_CONFIRMATION_OK"
12092,10403543734,10403543774,1,"IOTHUB_CLIENT_CONFIRMATION_OK"
12093,10403543934,10403543974,1,"IOTHUB_CLIENT_CONFIRMATION_OK"
12094,10403544134,10403544191,1,"IOTHUB_CLIENT_CONFIRMATION_OK"
12095,10403544334,10403544366,1,"IOTHUB_CLIENT_CONFIRMATION_OK"
12096,10403544534,10403544570,1,"IOTHUB_CLIENT_CONFIRMATION_OK"
12097,10403544735,10403544802,1,"IOTHUB_CLIENT_CONFIRMATION_OK"
12098,10403544935,10403544965,1,"IOTHUB_CLIENT_CONFIRMATION_OK"
12099,10403545135,10403545166,1,"IOTHUB_CLIENT_CONFIRMATION_OK"
12100,10403545335,10403545432,1,"IOTHUB_CLIENT_CONFIRMATION_OK"
12101,10403545535,10403545565,1,"IOTHUB_CLIENT_CONFIRMATION_OK"
12102,10403545735,10403545828,1,"IOTHUB_CLIENT_CONFIRMATION_OK"
12103,10403545936,10403545971,1,"IOTHUB_CLIENT_CONFIRMATION_OK"
12104,10403546136,10403546169,1,"IOTHUB_CLIENT_CONFIRMATION_OK"
12105,10403546336,10403546457,1,"IOTHUB_CLIENT_CONFIRMATION_OK"
12106,10403546536,10403546564,1,"IOTHUB_CLIENT_CONFIRMATION_OK"
12107,10403546736,10403546787,1,"IOTHUB_CLIENT_CONFIRMATION_OK"
12108,10403546936,10403547055,1,"IOTHUB_CLIENT_CONFIRMATION_OK"
12109,10403547137,10403547179,1,"IOTHUB_CLIENT_CONFIRMATION_OK"
12110,10403547337,10403547365,1,"IOTHUB_CLIENT_CONFIRMATION_OK"
12111,10403547537,10403547681,1,"IOTHUB_CLIENT_CONFIRMATION_OK"
12112,10403547737,10403547769,1,"IOTHUB_CLIENT_CONFIRMATION_OK"
12113,10403547937,10403547971,1,"IOTHUB_CLIENT_CONFIRMATION_OK"
12114,10403548137,10403548168,1,"IOTHUB_CLIENT_CONFIRMATION_OK"
12115,10403548338,10403548384,1,"IOTHUB_CLIENT_CONFIRMATION_OK"
12116,10403548538,10403548569,1,"IOTHUB_CLIENT_CONFIRMATION_OK"
12117,10403548738,10403548798,1,"IOTHUB_CLIENT_CONFIRMATION_OK"
12118,10403548938,10403548966,1,"IOTHUB_CLIENT_CONFIRMATION_OK"
12119,10403549138,10403549290,1,"IOTHUB_CLIENT_CONFIRMATION_OK"
12120,10403549338,10403549369,1,"IOTHUB_CLIENT_CONFIRMATION_OK"
12121,10403549539,10403549571,1,"IOTHUB_CLIENT_CONFIRMATION_OK"
12122,10403549739,10403549893,1,"IOTHUB_CLIENT_CONFIRMATION_OK"
12123,10403549939,10403549971,1,"IOTHUB_CLIENT_CONFIRMATION_OK"
12124,10403550139,10403550168,1,"IOTHUB_CLIENT_CONFIRMATION_OK"
12125,10403550339,10403550382,1,"IOTHUB_CLIENT_CONFIRMATION_OK"
12126,10403550539,10403550574,1,"IOTHUB_CLIENT_CONFIRMATION_OK"
12127,10403550740,10403550776,1,"IOTHUB_CLIENT_CONFIRMATION_OK"
12128,10403550940,10403550971,1,"IOTHUB_CLIENT_CONFIRMATION_OK"
12129,10403551140,10403551171,1,"IOTHUB_CLIENT_CONFIRMATION_OK"
12130,10403551340,10403551371,1,"IOTHUB_CLIENT_CONFIRMATION_OK"
12131,10403551540,10403551627,1,"IOTHUB_CLIENT_CONFIRMATION_OK"
12132,10403551740,10403551783,1,"IOTHUB_CLIENT_CONFIRMATION_OK"
12133,10403551941,10403551974,1,"IOTHUB_CLIENT_CONFIRMATION_OK"
12134,10403552141,10403552170,1,"IOTHUB_CLIENT_CONFIRMATION_OK"
12135,10403552341,10403552371,1,"IOTHUB_CLIENT_CONFIRMATION_OK"
12136,10403552541,10403552760,1,"IOTHUB_CLIENT_CONFIRMATION_OK"
12137,10403552741,10403552781,1,"IOTHUB_CLIENT_CONFIRMATION_OK"
12138,10403552941,10403552971,1,"IOTHUB_CLIENT_CONFIRMATION_OK"
12139,10403553142,10403553182,1,"IOTHUB_CLIENT_CONFIRMATION_OK"
12140,10403553342,10403553371,1,"IOTHUB_CLIENT_CONFIRMATION_OK"
12141,10403553542,10403553575,1,"IOTHUB_CLIENT_CONFIRMATION_OK"
12142,10403553742,10403553772,1,"IOTHUB_CLIENT_CONFIRMATION_OK"
12143,10403553942,10403553980,1,"IOTHUB_CLIENT_CONFIRMATION_OK"
12144,10403554142,10403554172,1,"IOTHUB_CLIENT_CONFIRMATION_OK"
12145,10403554343,10403554383,1,"IOTHUB_CLIENT_CONFIRMATION_OK"
12146,10403554543,10403554576,1,"IOTHUB_CLIENT_CONFIRMATION_OK"
12147,10403554743,10403554777,1,"IOTHUB_CLIENT_CONFIRMATION_OK"
12148,10403554943,10403554984,1,"IOTHUB_CLIENT_CONFIRMATION_OK"
12149,10403555143,10403555179,1,"IOTHUB_CLIENT_CONFIRMATION_OK"
12150,10403555343,10403555384,1,"IOTHUB_CLIENT_CONFIRMATION_OK"
12151,10403555544,10403555572,1,"IOTHUB_CLIENT_CONFIRMATION_OK"
12152,10403555744,10403555780,1,"IOTHUB_CLIENT_CONFIRMATION_OK"
12153,10403555944,10403555998,1,"IOTHUB_CLIENT_CONFIRMATION_OK"
12154,10403556144,10403556175,1,"IOTHUB_CLIENT_CONFIRMATION_OK"
12155,10403556344,10403556373,1,"IOTHUB_CLIENT_CONFIRMATION_OK"
12156,10403556544,10403556610,1,"IOTHUB_CLIENT_CONFIRMATION_OK"
12157,10403556745,10403556782,1,"IOTHUB_CLIENT_CONFIRMATION_OK"
12158,10403556945,10403556978,1,"IOTHUB_CLIENT_CONFIRMATION_OK"
12159,10403557145,10403557177,1,"IOTHUB_CLIENT_CONFIRMATION_OK"
12160,10403557345,10403557376,1,"IOTHUB_CLIENT_CONFIRMATION_OK"
12161,10403557545,10403557579,1,"IOTHUB_CLIENT_CONFIRMATION_OK"
12162,10403557745,10403557780,1,"IOTHUB_CLIENT_CONFIRMATION_OK"
12163,10403557946,10403557990,1,"IOTHUB_CLIENT_CONFIRMATION_OK"
12164,10403558146,10403558198,1,"IOTHUB_CLIENT_CONFIRMATION_OK"
12165,10403558346,10403558800,1,"IOTHUB_CLIENT_CONFIRMATION_OK"
12166,10403558546,10403559172,1,"IOTHUB_CLIENT_CONFIRMATION_OK"
12167,10403558746,10403559227,1,"IOTHUB_CLIENT_CONFIRMATION_OK"
12168,10403558946,10403559285,1,"IOTHUB_CLIENT_CONFIRMATION_OK"
12169,10403559147,10403559376,1,"IOTHUB_CLIENT_CONFIRMATION_OK"
12170,10403559347,10403559540,1,"IOTHUB_CLIENT_CONFIRMATION_OK"
12171,10403559547,10403559585,1,"IOTHUB_CLIENT_CONFIRMATION_OK"
12172,10403559747,10403559776,1,"IOTHUB_CLIENT_CONFIRMATION_OK"
12173,10403559947,10403559976,1,"IOTHUB_CLIENT_CONFIRMATION_OK"
12174,10403560147,10403560185,1,"IOTHUB_CLIENT_CONFIRMATION_OK"
12175,10403560347,10403560379,1,"IOTHUB_CLIENT_CONFIRMATION_OK"
12176,10403560548,10403560579,1,"IOTHUB_CLIENT_CONFIRMATION_OK"
12177,10403560748,10403560783,1,"IOTHUB_CLIENT_CONFIRMATION_OK"
12178,10403560948,10403560992,1,"IOTHUB_CLIENT_CONFIRMATION_OK"
12179,10403561148,10403561182,1,"IOTHUB_CLIENT_CONFIRMATION_OK"
12180,10403561348,10403561376,1,"IOTHUB_CLIENT_CONFIRMATION_OK"
12181,10403561548,10403561583,1,"IOTHUB_CLIENT_CONFIRMATION_OK"
12182,10403561749,10403561788,1,"IOTHUB_CLIENT_CONFIRMATION_OK"
12183,10403561949,10403561993,1,"IOTHUB_CLIENT_CONFIRMATION_OK"
12184,10403562149,10403562187,1,"IOTHUB_CLIENT_CONFIRMATION_OK"
12185,10403562349,10403562385,1,"IOTHUB_CLIENT_CONFIRMATION_OK"
12186,10403562549,10403562582,1,"IOTHUB_CLIENT_CONFIRMATION_OK"
12187,10403562749,10403562782,1,"IOTHUB_CLIENT_CONFIRMATION_OK"
12188,10403562950,10403562985,1,"IOTHUB_CLIENT_CONFIRMATION_OK"
12189,10403563150,10403563180,1,"IOTHUB_CLIENT_CONFIRMATION_OK"
12190,10403563350,10403563509,1,"IOTHUB_CLIENT_CONFIRMATION_OK"
12191,10403563550,10403563579,1,"IOTHUB_CLIENT_CONFIRMATION_OK"
12192,10403563750,10403563807,1,"IOTHUB_CLIENT_CONFIRMATION_OK"
12193,10403563950,10403563981,1,"IOTHUB_CLIENT_CONFIRMATION_OK"
12194,10403564150,10403564184,1,"IOTHUB_CLIENT_CONFIRMATION_OK"
12195,10403564351,10403564394,1,"IOTHUB_CLIENT_CONFIRMATION_OK"
12196,10403564551,10403564632,1,"IOTHUB_CLIENT_CONFIRMATION_OK"
12197,10403564751,10403564803,1,"IOTHUB_CLIENT_CONFIRMATION_OK"
12198,10403564951,10403564980,1,"IOTHUB_CLIENT_CONFIRMATION_OK"
12199,10403565151,10403565185,1,"IOTHUB_CLIENT_CONFIRMATION_OK"
12200,10403565351,10403565388,1,"IOTHUB_CLIENT_CONFIRMATION_OK"
12201,10403565552,10403565729,1,"IOTHUB_CLIENT_CONFIRMATION_OK"
12202,10403565752,10403565783,1,"IOTHUB_CLIENT_CONFIRMATION_OK"
12203,10403565952,10403565998,1,"IOTHUB_CLIENT_CONFIRMATION_OK"
12204,10403566152,10403566329,1,"IOTHUB_CLIENT_CONFIRMATION_OK"
12205,10403566352,10403566383,1,"IOTHUB_CLIENT_CONFIRMATION_OK"
12206,10403566552,10403566587,1,"IOTHUB_CLIENT_CONFIRMATION_OK"
12207,10403566753,10403566786,1,"IOTHUB_CLIENT_CONFIRMATION_OK"
12208,10403566953,10403566987,1,"IOTHUB_CLIENT_CONFIRMATION_OK"
12209,10403567153,10403567183,1,"IOTHUB_CLIENT_CONFIRMATION_OK"
12210,10403567353,10403567384,1,"IOTHUB_CLIENT_CONFIRMATION_OK"
12211,10403567553,10403567594,1,"IOTHUB_CLIENT_CONFIRMATION_OK"
12212,10403567753,10403567798,1,"IOTHUB_CLIENT_CONFIRMATION_OK"
12213,10403567954,10403567989,1,"IOTHUB_CLIENT_CONFIRMATION_OK"
12214,10403568154,10403568186,1,"IOTHUB_CLIENT_CONFIRMATION_OK"
12215,10403568354,10403568398,1,"IOTHUB_CLIENT_CONFIRMATION_OK"
12216,10403568554,10403568602,1,"IOTHUB_CLIENT_CONFIRMATION_OK"
12217,10403568754,10403568807,1,"IOTHUB_CLIENT_CONFIRMATION_OK"
12218,10403568954,10403569006,1,"IOTHUB_CLIENT_CONFIRMATION_OK"
12219,10403569155,10403569185,1,"IOTHUB_CLIENT_CONFIRMATION_OK"
12220,10403569355,10403569463,1,"IOTHUB_CLIENT_CONFIRMATION_OK"
12221,10403569555,10403569621,1,"IOTHUB_CLIENT_CONFIRMATION_OK"
12222,10403569755,10403569786,1,"IOTHUB_CLIENT_CONFIRMATION_OK"
12223,10403569955,10403569984,1,"IOTHUB_CLIENT_CONFIRMATION_OK"
12224,10403570155,10403570219,1,"IOTHUB_CLIENT_CONFIRMATION_OK"
12225,10403570356,10403570420,1,"IOTHUB_CLIENT_CONFIRMATION_OK"
12226,10403570556,10403570586,1,"IOTHUB_CLIENT_CONFIRMATION_OK"
12227,10403570756,10403570826,1,"IOTHUB_CLIENT_CONFIRMATION_OK"
12228,10403570956,10403570991,1,"IOTHUB_CLIENT_CONFIRMATION_OK"
12229,10403571156,10403571186,1,"IOTHUB_CLIENT_CONFIRMATION_OK"
12230,10403571356,10403571436,1,"IOTHUB_CLIENT_CONFIRMATION_OK"
12231,10403571557,10403571587,1,"IOTHUB_CLIENT_CONFIRMATION_OK"
12232,10403571757,10403571795,1,"IOTHUB_CLIENT_CONFIRMATION_OK"
12233,10403571957,10403571990,1,"IOTHUB_CLIENT_CONFIRMATION_OK"
12234,10403572157,10403572199,1,"IOTHUB_CLIENT_CONFIRMATION_OK"
12235,10403572357,10403572455,1,"IOTHUB_CLIENT_CONFIRMATION_OK"
12236,10403572558,10403572589,1,"IOTHUB_CLIENT_CONFIRMATION_OK"
12237,10403572758,10403572789,1,"IOTHUB_CLIENT_CONFIRMATION_OK"
12238,10403572958,10403573063,1,"IOTHUB_CLIENT_CONFIRMATION_OK"
12239,10403573158,10403573189,1,"IOTHUB_CLIENT_CONFIRMATION_OK"
12240,10403573358,10403573392,1,"IOTHUB_CLIENT_CONFIRMATION_OK"
12241,10403573558,10403573676,1,"IOTHUB_CLIENT_CONFIRMATION_OK"
12242,10403573759,10403573811,1,"IOTHUB_CLIENT_CONFIRMATION_OK"
12243,10403573959,10403573988,1,"IOTHUB_CLIENT_CONFIRMATION_OK"
12244,10403574159,10403574187,1,"IOTHUB_CLIENT_CONFIRMATION_OK"
12245,10403574359,10403574392,1,"IOTHUB_CLIENT_CONFIRMATION_OK"
12246,10403574559,10403574589,1,"IOTHUB_CLIENT_CONFIRMATION_OK"
12247,10403574759,10403574800,1,"IOTHUB_CLIENT_CONFIRMATION_OK"
12248,10403574959,10403574998,1,"IOTHUB_CLIENT_CONFIRMATION_OK"
12249,10403575160,10403575188,1,"IOTHUB_CLIENT_CONFIRMATION_OK"
12250,10403575360,10403575390,1,"IOTHUB_CLIENT_CONFIRMATION_OK"
12251,10403575560,10403575634,1,"IOTHUB_CLIENT_CONFIRMATION_OK"
12252,10403575760,10403575945,1,"IOTHUB_CLIENT_CONFIRMATION_OK"
12253,10403575960,10403575990,1,"IOTHUB_CLIENT_CONFIRMATION_OK"
12254,10403576160,10403576197,1,"IOTHUB_CLIENT_CONFIRMATION_OK"
12255,10403576361,10403576394,1,"IOTHUB_CLIENT_CONFIRMATION_OK"
12256,10403576561,10403576593,1,"IOTHUB_CLIENT_CONFIRMATION_OK"
12257,10403576761,10403576792,1,"IOTHUB_CLIENT_CONFIRMATION_OK"
12258,10403576961,10403576990,1,"IOTHUB_CLIENT_CONFIRMATION_OK"
12259,10403577161,10403577191,1,"IOTHUB_CLIENT_CONFIRMATION_OK"
12260,10403577361,10403577405,1,"IOTHUB_CLIENT_CONFIRMATION_OK"
12261,10403577562,10403577597,1,"IOTHUB_CLIENT_CONFIRMATION_OK"
12262,10403577762,10403577797,1,"IOTHUB_CLIENT_CONFIRMATION_OK"
12263,10403577962,10403577993,1,"IOTHUB_CLIENT_CONFIRMATION_OK"
12264,10403578162,10403578201,1,"IOTHUB_CLIENT_CONFIRMATION_OK"
12265,10403578362,10403578400,1,"IOTHUB_CLIENT_CONFIRMATION_OK"
12266,10403578562,10403578596,1,"IOTHUB_CLIENT_CONFIRMATION_OK"
12267,10403578763,10403578881,1,"IOTHUB_CLIENT_CONFIRMATION_OK"
12268,10403578963,10403579091,1,"IOTHUB_CLIENT_CONFIRMATION_OK"
12269,10403579163,10403579298,1,"IOTHUB_CLIENT_CONFIRMATION_OK"
12270,10403579363,10403579441,1,"IOTHUB_CLIENT_CONFIRMATION_OK"
12271,10403579563,10403579598,1,"IOTHUB_CLIENT_CONFIRMATION_OK"
12272,10403579763,10403579798,1,"IOTHUB_CLIENT_CONFIRMATION_OK"
12273,10403579964,10403579992,1,"IOTHUB_CLIENT_CONFIRMATION_OK"
12274,10403580164,10403580196,1,"IOTHUB_CLIENT_CONFIRMATION_OK"
12275,10403580364,10403580393,1,"IOTHUB_CLIENT_CONFIRMATION_OK"
12276,10403580564,10403580603,1,"IOTHUB_CLIENT_CONFIRMATION_OK"
12277,10403580764,10403580818,1,"IOTHUB_CLIENT_CONFIRMATION_OK"
12278,10403580964,10403580994,1,"IOTHUB_CLIENT_CONFIRMATION_OK"
12279,10403581165,10403581197,1,"IOTHUB_CLIENT_CONFIRMATION_OK"
12280,10403581365,10403581403,1,"IOTHUB_CLIENT_CONFIRMATION_OK"
12281,10403581565,10403581605,1,"IOTHUB_CLIENT_CONFIRMATION_OK"
12282,10403581765,10403581811,1,"IOTHUB_CLIENT_CONFIRMATION_OK"
12283,10403581965,10403582129,1,"IOTHUB_CLIENT_CONFIRMATION_OK"
12284,10403582165,10403582195,1,"IOTHUB_CLIENT_CONFIRMATION_OK"
12285,10403582365,10403582394,1,"IOTHUB_CLIENT_CONFIRMATION_OK"
12286,10403582566,10403582744,1,"IOTHUB_CLIENT_CONFIRMATION_OK"
12287,10403582766,10403582803,1,"IOTHUB_CLIENT_CONFIRMATION_OK"
12288,10403582966,10403582996,1,"IOTHUB_CLIENT_CONFIRMATION_OK"
12289,10403583166,10403583194,1,"IOTHUB_CLIENT_CONFIRMATION_OK"
12290,10403583366,10403583396,1,"IOTHUB_CLIENT_CONFIRMATION_OK"
12291,10403583567,10403583597,1,"IOTHUB_CLIENT_CONFIRMATION_OK"
12292,10403583767,10403583803,1,"IOTHUB_CLIENT_CONFIRMATION_OK"
12293,10403583967,10403584000,1,"IOTHUB_CLIENT_CONFIRMATION_OK"
12294,10403584167,10403584197,1,"IOTHUB_CLIENT_CONFIRMATION_OK"
12295,10403584367,10403584409,1,"IOTHUB_CLIENT_CONFIRMATION_OK"
12296,10403584567,10403584597,1,"IOTHUB_CLIENT_CONFIRMATION_OK"
12297,10403584768,10403584802,1,"IOTHUB_CLIENT_CONFIRMATION_OK"
12298,10403584968,10403585001,1,"IOTHUB_CLIENT_CONFIRMATION_OK"
12299,10403585168,10403585197,1,"IOTHUB_CLIENT_CONFIRMATION_OK"
12300,10403585368,10403585403,1,"IOTHUB_CLIENT_CONFIRMATION_OK"
12301,10403585568,10403585597,1,"IOTHUB_CLIENT_CONFIRMATION_OK"
12302,10403585768,10403585818,1,"IOTHUB_CLIENT_CONFIRMATION_OK"
12303,10403585969,10403586003,1,"IOTHUB_CLIENT_CONFIRMATION_OK"
12304,10403586169,10403586201,1,"IOTHUB_CLIENT_CONFIRMATION_OK"
12305,10403586369,10403586401,1,"IOTHUB_CLIENT_CONFIRMATION_OK"
12306,10403586569,10403586635,1,"IOTHUB_CLIENT_CONFIRMATION_OK"
12307,10403586769,10403586800,1,"IOTHUB_CLIENT_CONFIRMATION_OK"
12308,10403586969,10403587001,1,"IOTHUB_CLIENT_CONFIRMATION_OK"
12309,10403587170,10403587232,1,"IOTHUB_CLIENT_CONFIRMATION_OK"
12310,10403587370,10403587404,1,"IOTHUB_CLIENT_CONFIRMATION_OK"
12311,10403587570,10403587599,1,"IOTHUB_CLIENT_CONFIRMATION_OK"
12312,10403587770,10403587808,1,"IOTHUB_CLIENT_CONFIRMATION_OK"
12313,10403587970,10403588000,1,"IOTHUB_CLIENT_CONFIRMATION_OK"
12314,10403588170,10403588235,1,"IOTHUB_CLIENT_CONFIRMATION_OK"
12315,10403588371,10403588401,1,"IOTHUB_CLIENT_CONFIRMATION_OK"
12316,10403588571,10403588609,1,"IOTHUB_CLIENT_CONFIRMATION_OK"
12317,10403588771,10403588856,1,"IOTHUB_CLIENT_CONFIRMATION_OK"
12318,10403588971,10403588999,1,"IOTHUB_CLIENT_CONFIRMATION_OK"
12319,10403589171,10403589209,1,"IOTHUB_CLIENT_CONFIRMATION_OK"
12320,10403589371,10403589458,1,"IOTHUB_CLIENT_CONFIRMATION_OK"
12321,10403589572,10403589615,1,"IOTHUB_CLIENT_CONFIRMATION_OK"
12322,10403589772,10403589813,1,"IOTHUB_CLIENT_CONFIRMATION_OK"
12323,10403589972,10403590075,1,"IOTHUB_CLIENT_CONFIRMATION_OK"
12324,10403590172,10403590211,1,"IOTHUB_CLIENT_CONFIRMATION_OK"
12325,10403590372,10403590408,1,"IOTHUB_CLIENT_CONFIRMATION_OK"
12326,10403590572,10403590603,1,"IOTHUB_CLIENT_CONFIRMATION_OK"
12327,10403590773,10403590801,1,"IOTHUB_CLIENT_CONFIRMATION_OK"
12328,10403590973,10403591015,1,"IOTHUB_CLIENT_CONFIRMATION_OK"
12329,10403591173,10403591203,1,"IOTHUB_CLIENT_CONFIRMATION_OK"
12330,10403591373,10403591407,1,"IOTHUB_CLIENT_CONFIRMATION_OK"
12331,10403591573,10403591691,1,"IOTHUB_CLIENT_CONFIRMATION_OK"
12332,10403591773,10403591813,1,"IOTHUB_CLIENT_CONFIRMATION_OK"
12333,10403591974,10403592014,1,"IOTHUB_CLIENT_CONFIRMATION_OK"
12334,10403592174,10403592302,1,"IOTHUB_CLIENT_CONFIRMATION_OK"
12335,10403592374,10403592430,1,"IOTHUB_CLIENT_CONFIRMATION_OK"
12336,10403592574,10403592611,1,"IOTHUB_CLIENT_CONFIRMATION_OK"
12337,10403592774,10403592973,1,"IOTHUB_CLIENT_CONFIRMATION_OK"
12338,10403592974,10403593008,1,"IOTHUB_CLIENT_CONFIRMATION_OK"
12339,10403593174,10403593203,1,"IOTHUB_CLIENT_CONFIRMATION_OK"
12340,10403593375,10403593407,1,"IOTHUB_CLIENT_CONFIRMATION_OK"
12341,10403593575,10403593611,1,"IOTHUB_CLIENT_CONFIRMATION_OK"
12342,10403593775,10403593804,1,"IOTHUB_CLIENT_CONFIRMATION_OK"
12343,10403593975,10403594004,1,"IOTHUB_CLIENT_CONFIRMATION_OK"
12344,10403594175,10403594205,1,"IOTHUB_CLIENT_CONFIRMATION_OK"
12345,10403594375,10403594405,1,"IOTHUB_CLIENT_CONFIRMATION_OK"
12346,10403594576,10403594607,1,"IOTHUB_CLIENT_CONFIRMATION_OK"
12347,10403594776,10403594806,1,"IOTHUB_CLIENT_CONFIRMATION_OK"
12348,10403594976,10403595021,1,"IOTHUB_CLIENT_CONFIRMATION_OK"
12349,10403595176,10403595210,1,"IOTHUB_CLIENT_CONFIRMATION_OK"
12350,10403595376,10403595413,1,"IOTHUB_CLIENT_CONFIRMATION_OK"
12351,10403595576,10403595610,1,"IOTHUB_CLIENT_CONFIRMATION_OK"
12352,10403595777,10403595807,1,"IOTHUB_CLIENT_CONFIRMATION_OK"
12353,10403595977,10403596005,1,"IOTHUB_CLIENT_CONFIRMATION_OK"
12354,10403596177,10403596221,1,"IOTHUB_CLIENT_CONFIRMATION_OK"
12355,10403596377,10403596418,1,"IOTHUB_CLIENT_CONFIRMATION_OK"
12356,10403596577,10403596606,1,"IOTHUB_CLIENT_CONFIRMATION_OK"
12357,10403596777,10403596842,1,"IOTHUB_CLIENT_CONFIRMATION_OK"
12358,10403596978,10403597007,1,"IOTHUB_CLIENT_CONFIRMATION_OK"
12359,10403597178,10403597206,1,"IOTHUB_CLIENT_CONFIRMATION_OK"
12360,10403597378,10403597410,1,"IOTHUB_CLIENT_CONFIRMATION_OK"
12361,10403597578,10403597608,1,"IOTHUB_CLIENT_CONFIRMATION_OK"
12362,10403597778,10403597838,1,"IOTHUB_CLIENT_CONFIRMATION_OK"
12363,10403597978,10403598011,1,"IOTHUB_CLIENT_CONFIRMATION_OK"
12364,10403598178,10403598215,1,"IOTHUB_CLIENT_CONFIRMATION_OK"
12365,10403598379,10403598458,1,"IOTHUB_CLIENT_CONFIRMATION_OK"
12366,10403598579,10403598609,1,"IOTHUB_CLIENT_CONFIRMATION_OK"
12367,10403598779,10403598816,1,"IOTHUB_CLIENT_CONFIRMATION_OK"
12368,10403598979,10403599072,1,"IOTHUB_CLIENT_CONFIRMATION_OK"
12369,10403599179,10403599208,1,"IOTHUB_CLIENT_CONFIRMATION_OK"
12370,10403599379,10403599410,1,"IOTHUB_CLIENT_CONFIRMATION_OK"
12371,10403599580,10403599611,1,"IOTHUB_CLIENT_CONFIRMATION_OK"
12372,10403599780,10403599809,1,"IOTHUB_CLIENT_CONFIRMATION_OK"
12373,10403599980,10403600010,1,"IOTHUB_CLIENT_CONFIRMATION_OK"
12374,10403600180,10403600212,1,"IOTHUB_CLIENT_CONFIRMATION_OK"
12375,10403600380,10403600412,1,"IOTHUB_CLIENT_CONFIRMATION_OK"
12376,10403600580,10403600647,1,"IOTHUB_CLIENT_CONFIRMATION_OK"
12377,10403600781,10403600811,1,"IOTHUB_CLIENT_CONFIRMATION_OK"
12378,10403600981,10403601015,1,"IOTHUB_CLIENT_CONFIRMATION_OK"
12379,10403601181,10403601382,1,"IOTHUB_CLIENT_CONFIRMATION_OK"
12380,10403601381,10403601410,1,"IOTHUB_CLIENT_CONFIRMATION_OK"
12381,10403601581,10403601617,1,"IOTHUB_CLIENT_CONFIRMATION_OK"
12382,10403601781,10403601822,1,"IOTHUB_CLIENT_CONFIRMATION_OK"
12383,10403601982,10403602024,1,"IOTHUB_CLIENT_CONFIRMATION_OK"
12384,10403602182,10403602229,1,"IOTHUB_CLIENT_CONFIRMATION_OK"
12385,10403602382,10403602425,1,"IOTHUB_CLIENT_CONFIRMATION_OK"
12386,10403602582,10403602615,1,"IOTHUB_CLIENT_CONFIRMATION_OK"
12387,10403602782,10403602816,1,"IOTHUB_CLIENT_CONFIRMATION_OK"
12388,10403602982,10403603023,1,"IOTHUB_CLIENT_CONFIRMATION_OK"
12389,10403603183,10403603214,1,"IOTHUB_CLIENT_CONFIRMATION_OK"
12390,10403603383,10403603415,1,"IOTHUB_CLIENT_CONFIRMATION_OK"
12391,10403603583,10403603636,1,"IOTHUB_CLIENT_CONFIRMATION_OK"
12392,10403603783,10403603837,1,"IOTHUB_CLIENT_CONFIRMATION_OK"
12393,10403603983,10403604014,1,"IOTHUB_CLIENT_CONFIRMATION_OK"
12394,10403604183,10403604215,1,"IOTHUB_CLIENT_CONFIRMATION_OK"
12395,10403604383,10403604413,1,"IOTHUB_CLIENT_CONFIRMATION_OK"
12396,10403604584,10403604649,1,"IOTHUB_CLIENT_CONFIRMATION_OK"
12397,10403604784,10403604838,1,"IOTHUB_CLIENT_CONFIRMATION_OK"
12398,10403604984,10403605017,1,"IOTHUB_CLIENT_CONFIRMATION_OK"
12399,10403605184,10403605253,1,"IOTHUB_CLIENT_CONFIRMATION_OK"
12400,10403605384,10403605420,1,"IOTHUB_CLIENT_CONFIRMATION_OK"
12401,10403605584,10403605623,1,"IOTHUB_CLIENT_CONFIRMATION_OK"
12402,10403605785,10403605869,1,"IOTHUB_CLIENT_CONFIRMATION_OK"
12403,10403605985,10403606016,1,"IOTHUB_CLIENT_CONFIRMATION_OK"
12404,10403606185,10403606216,1,"IOTHUB_CLIENT_CONFIRMATION_OK"
12405,10403606385,10403606478,1,"IOTHUB_CLIENT_CONFIRMATION_OK"
12406,10403606585,10403606622,1,"IOTHUB_CLIENT_CONFIRMATION_OK"
12407,10403606785,10403606816,1,"IOTHUB_CLIENT_CONFIRMATION_OK"
12408,10403606986,10403607017,1,"IOTHUB_CLIENT_CONFIRMATION_OK"
12409,10403607186,10403607216,1,"IOTHUB_CLIENT_CONFIRMATION_OK"
12410,10403607386,10403607427,1,"IOTHUB_CLIENT_CONFIRMATION_OK"
12411,10403607586,10403607620,1,"IOTHUB_CLIENT_CONFIRMATION_OK"
12412,10403607786,10403607843,1,"IOTHUB_CLIENT_CONFIRMATION_OK"
12413,10403607986,10403608101,1,"IOTHUB_CLIENT_CONFIRMATION_OK"
12414,10403608187,10403608224,1,"IOTHUB_CLIENT_CONFIRMATION_OK"
12415,10403608387,10403608428,1,"IOTHUB_CLIENT_CONFIRMATION_OK"
12416,10403608587,10403608709,1,"IOTHUB_CLIENT_CONFIRMATION_OK"
12417,10403608787,10403608818,1,"IOTHUB_CLIENT_CONFIRMATION_OK"
12418,10403608987,10403609017,1,"IOTHUB_CLIENT_CONFIRMATION_OK"
12419,10403609187,10403609218,1,"IOTHUB_CLIENT_CONFIRMATION_OK"
12420,10403609388,10403609430,1,"IOTHUB_CLIENT_CONFIRMATION_OK"
12421,10403609588,10403609619,1,"IOTHUB_CLIENT_CONFIRMATION_OK"
12422,10403609788,10403609821,1,"IOTHUB_CLIENT_CONFIRMATION_OK"
12423,10403609988,10403610019,1,"IOTHUB_CLIENT_CONFIRMATION_OK"
12424,10403610188,10403610224,1,"IOTHUB_CLIENT_CONFIRMATION_OK"
12425,10403610388,10403610418,1,"IOTHUB_CLIENT_CONFIRMATION_OK"
12426,10403610589,10403610619,1,"IOTHUB_CLIENT_CONFIRMATION_OK"
12427,10403610789,10403610967,1,"IOTHUB_CLIENT_CONFIRMATION_OK"
12428,10403610989,10403611019,1,"IOTHUB_CLIENT_CONFIRMATION_OK"
12429,10403611189,10403611218,1,"IOTHUB_CLIENT_CONFIRMATION_OK"
12430,10403611389,10403611573,1,"IOTHUB_CLIENT_CONFIRMATION_OK"
12431,10403611589,10403611624,1,"IOTHUB_CLIENT_CONFIRMATION_OK"
12432,10403611789,10403611818,1,"IOTHUB_CLIENT_CONFIRMATION_OK"
12433,10403611990,10403612018,1,"IOTHUB_CLIENT_CONFIRMATION_OK"
12434,10403612190,10403612218,1,"IOTHUB_CLIENT_CONFIRMATION_OK"
12435,10403612390,10403612420,1,"IOTHUB_CLIENT_CONFIRMATION_OK"
12436,10403612590,10403612621,1,"IOTHUB_CLIENT_CONFIRMATION_OK"
12437,10403612790,10403612830,1,"IOTHUB_CLIENT_CONFIRMATION_OK"
12438,10403612990,10403613022,1,"IOTHUB_CLIENT_CONFIRMATION_OK"
12439,10403613191,10403613254,1,"IOTHUB_CLIENT_CONFIRMATION_OK"
12440,10403613391,10403613430,1,"IOTHUB_CLIENT_CONFIRMATION_OK"
12441,10403613591,10403613629,1,"IOTHUB_CLIENT_CONFIRMATION_OK"
12442,10403613791,10403613829,1,"IOTHUB_CLIENT_CONFIRMATION_OK"
12443,10403613991,10403614033,1,"IOTHUB_CLIENT_CONFIRMATION_OK"
12444,10403614191,10403614251,1,"IOTHUB_CLIENT_CONFIRMATION_OK"
12445,10403614392,10403614425,1,"IOTHUB_CLIENT_CONFIRMATION_OK"
12446,10403614592,10403614621,1,"IOTHUB_CLIENT_CONFIRMATION_OK"
12447,10403614792,10403614829,1,"IOTHUB_CLIENT_CONFIRMATION_OK"
12448,10403614992,10403615050,1,"IOTHUB_CLIENT_CONFIRMATION_OK"
12449,10403615192,10403615228,1,"IOTHUB_CLIENT_CONFIRMATION_OK"
12450,10403615392,10403615428,1,"IOTHUB_CLIENT_CONFIRMATION_OK"
12451,10403615593,10403615628,1,"IOTHUB_CLIENT_CONFIRMATION_OK"
12452,10403615793,10403615823,1,"IOTHUB_CLIENT_CONFIRMATION_OK"
12453,10403615993,10403616084,1,"IOTHUB_CLIENT_CONFIRMATION_OK"
12454,10403616193,10403616224,1,"IOTHUB_CLIENT_CONFIRMATION_OK"
12455,10403616393,10403616487,1,"IOTHUB_CLIENT_CONFIRMATION_OK"
12456,10403616593,10403616687,1,"IOTHUB_CLIENT_CONFIRMATION_OK"
12457,10403616794,10403616824,1,"IOTHUB_CLIENT_CONFIRMATION_OK"
12458,10403616994,10403617036,1,"IOTHUB_CLIENT_CONFIRMATION_OK"
12459,10403617194,10403617230,1,"IOTHUB_CLIENT_CONFIRMATION_OK"
12460,10403617394,10403617422,1,"IOTHUB_CLIENT_CONFIRMATION_OK"
12461,10403617594,10403617717,1,"IOTHUB_CLIENT_CONFIRMATION_OK"
12462,10403617794,10403617831,1,"IOTHUB_CLIENT_CONFIRMATION_OK"
12463,10403617995,10403618025,1,"IOTHUB_CLIENT_CONFIRMATION_OK"
12464,10403618195,10403618344,1,"IOTHUB_CLIENT_CONFIRMATION_OK"
12465,10403618395,10403618433,1,"IOTHUB_CLIENT_CONFIRMATION_OK"
12466,10403618595,10403618624,1,"IOTHUB_CLIENT_CONFIRMATION_OK"
12467,10403618795,10403618834,1,"IOTHUB_CLIENT_CONFIRMATION_OK"
12468,10403618995,10403619027,1,"IOTHUB_CLIENT_CONFIRMATION_OK"
12469,10403619196,10403619235,1,"IOTHUB_CLIENT_CONFIRMATION_OK"
12470,10403619396,10403619425,1,"IOTHUB_CLIENT_CONFIRMATION_OK"
12471,10403619596,10403619626,1,"IOTHUB_CLIENT_CONFIRMATION_OK"
12472,10403619796,10403619842,1,"IOTHUB_CLIENT_CONFIRMATION_OK"
12473,10403619996,10403620033,1,"IOTHUB_CLIENT_CONFIRMATION_OK"
12474,10403620196,10403620254,1,"IOTHUB_CLIENT_CONFIRMATION_OK"
12475,10403620397,10403620438,1,"IOTHUB_CLIENT_CONFIRMATION_OK"
12476,10403620597,10403620625,1,"IOTHUB_CLIENT_CONFIRMATION_OK"
12477,10403620797,10403620836,1,"IOTHUB_CLIENT_CONFIRMATION_OK"
12478,10403620997,10403621035,1,"IOTHUB_CLIENT_CONFIRMATION_OK"
12479,10403621197,10403621232,1,"IOTHUB_CLIENT_CONFIRMATION_OK"
12480,10403621397,10403621430,1,"IOTHUB_CLIENT_CONFIRMATION_OK"
12481,10403621597,10403621628,1,"IOTHUB_CLIENT_CONFIRMATION_OK"
12482,10403621798,10403621828,1,"IOTHUB_CLIENT_CONFIRMATION_OK"
12483,10403621998,10403622031,1,"IOTHUB_CLIENT_CONFIRMATION_OK"
12484,10403622198,10403622232,1,"IOTHUB_CLIENT_CONFIRMATION_OK"
12485,10403622398,10403622430,1,"IOTHUB_CLIENT_CONFIRMATION_OK"
12486,10403622598,10403622626,1,"IOTHUB_CLIENT_CONFIRMATION_OK"
12487,10403622798,10403622853,1,"IOTHUB_CLIENT_CONFIRMATION_OK"
12488,10403622999,10403623033,1,"IOTHUB_CLIENT_CONFIRMATION_OK"
12489,10403623199,10403623231,1,"IOTHUB_CLIENT_CONFIRMATION_OK"
12490,10403623399,10403623442,1,"IOTHUB_CLIENT_CONFIRMATION_OK"
12491,10403623599,10403623630,1,"IOTHUB_CLIENT_CONFIRMATION_OK"
12492,10403623799,10403623830,1,"IOTHUB_CLIENT_CONFIRMATION_OK"
12493,10403623999,10403624029,1,"IOTHUB_CLIENT_CONFIRMATION_OK"
12494,10403624200,10403624248,1,"IOTHUB_CLIENT_CONFIRMATION_OK"
12495,10403624400,10403624445,1,"IOTHUB_CLIENT_CONFIRMATION_OK"
12496,10403624600,10403624631,1,"IOTHUB_CLIENT_CONFIRMATION_OK"
12497,10403624800,10403624834,1,"IOTHUB_CLIENT_CONFIRMATION_OK"
12498,10403625000,10403625075,1,"IOTHUB_CLIENT_CONFIRMATION_OK"
12499,10403625200,10403625237,1,"IOTHUB_CLIENT_CONFIRMATION_OK"
12500,10403625401,10403625431,1,"IOTHUB_CLIENT_CONFIRMATION_OK"
12501,10403625601,10403625683,1,"IOTHUB_CLIENT_CONFIRMATION_OK"
12502,10403625801,10403625831,1,"IOTHUB_CLIENT_CONFIRMATION_OK"
12503,10403626001,10403626036,1,"IOTHUB_CLIENT_CONFIRMATION_OK"
12504,10403626201,10403626299,1,"IOTHUB_CLIENT_CONFIRMATION_OK"
12505,10403626401,10403626429,1,"IOTHUB_CLIENT_CONFIRMATION_OK"
12506,10403626602,10403626646,1,"IOTHUB_CLIENT_CONFIRMATION_OK"
12507,10403626802,10403626831,1,"IOTHUB_CLIENT_CONFIRMATION_OK"
12508,10403627002,10403627031,1,"IOTHUB_CLIENT_CONFIRMATION_OK"
12509,10403627202,10403627397,1,"IOTHUB_CLIENT_CONFIRMATION_OK"
12510,10403627402,10403627439,1,"IOTHUB_CLIENT_CONFIRMATION_OK"
12511,10403627602,10403627633,1,"IOTHUB_CLIENT_CONFIRMATION_OK"
12512,10403627803,10403627833,1,"IOTHUB_CLIENT_CONFIRMATION_OK"
12513,10403628003,10403628049,1,"IOTHUB_CLIENT_CONFIRMATION_OK"
12514,10403628203,10403628235,1,"IOTHUB_CLIENT_CONFIRMATION_OK"
12515,10403628403,10403628437,1,"IOTHUB_CLIENT_CONFIRMATION_OK"
12516,10403628603,10403628633,1,"IOTHUB_CLIENT_CONFIRMATION_OK"
12517,10403628803,10403628832,1,"IOTHUB_CLIENT_CONFIRMATION_OK"
12518,10403629004,10403629040,1,"IOTHUB_CLIENT_CONFIRMATION_OK"
12519,10403629204,10403629232,1,"IOTHUB_CLIENT_CONFIRMATION_OK"
12520,10403629404,10403629438,1,"IOTHUB_CLIENT_CONFIRMATION_OK"
12521,10403629604,10403629638,1,"IOTHUB_CLIENT_CONFIRMATION_OK"
12522,10403629804,10403629837,1,"IOTHUB_CLIENT_CONFIRMATION_OK"
12523,10403630004,10403630053,1,"IOTHUB_CLIENT_CONFIRMATION_OK"
12524,10403630205,10403630233,1,"IOTHUB_CLIENT_CONFIRMATION_OK"
12525,10403630405,10403630454,1,"IOTHUB_CLIENT_CONFIRMATION_OK"
12526,10403630605,10403630663,1,"IOTHUB_CLIENT_CONFIRMATION_OK"
12527,10403630805,10403630834,1,"IOTHUB_CLIENT_CONFIRMATION_OK"
12528,10403631005,10403631037,1,"IOTHUB_CLIENT_CONFIRMATION_OK"
12529,10403631205,10403631277,1,"IOTHUB_CLIENT_CONFIRMATION_OK"
12530,10403631406,10403631436,1,"IOTHUB_CLIENT_CONFIRMATION_OK"
12531,10403631606,10403631646,1,"IOTHUB_CLIENT_CONFIRMATION_OK"
12532,10403631806,10403631892,1,"IOTHUB_CLIENT_CONFIRMATION_OK"
12533,10403632006,10403632064,1,"IOTHUB_CLIENT_CONFIRMATION_OK"
12534,10403632206,10403632289,1,"IOTHUB_CLIENT_CONFIRMATION_OK"
12535,10403632406,10403632517,1,"IOTHUB_CLIENT_CONFIRMATION_OK"
12536,10403632607,10403632647,1,"IOTHUB_CLIENT_CONFIRMATION_OK"
12537,10403632807,10403632838,1,"IOTHUB_CLIENT_CONFIRMATION_OK"
12538,10403633007,10403633038,1,"IOTHUB_CLIENT_CONFIRMATION_OK"
12539,10403633207,10403633238,1,"IOTHUB_CLIENT_CONFIRMATION_OK"
12540,10403633407,10403633442,1,"IOTHUB_CLIENT_CONFIRMATION_OK"
12541,10403633607,10403633663,1,"IOTHUB_CLIENT_CONFIRMATION_OK"
12542,10403633807,10403633839,1,"IOTHUB_CLIENT_CONFIRMATION_OK"
12543,10403634008,10403634138,1,"IOTHUB_CLIENT_CONFIRMATION_OK"
12544,10403634208,10403634259,1,"IOTHUB_CLIENT_CONFIRMATION_OK"
12545,10403634408,10403634439,1,"IOTHUB_CLIENT_CONFIRMATION_OK"
12546,10403634608,10403634743,1,"IOTHUB_CLIENT_CONFIRMATION_OK"
12547,10403634808,10403634836,1,"IOTHUB_CLIENT_CONFIRMATION_OK"
12548,10403635009,10403635039,1,"IOTHUB_CLIENT_CONFIRMATION_OK"
12549,10403635209,10403635252,1,"IOTHUB_CLIENT_CONFIRMATION_OK"
12550,10403635409,10403635453,1,"IOTHUB_CLIENT_CONFIRMATION_OK"
12551,10403635609,10403635640,1,"IOTHUB_CLIENT_CONFIRMATION_OK"
12552,10403635809,10403635841,1,"IOTHUB_CLIENT_CONFIRMATION_OK"
12553,10403636009,10403636041,1,"IOTHUB_CLIENT_CONFIRMATION_OK"
12554,10403636209,10403636240,1,"IOTHUB_CLIENT_CONFIRMATION_OK"
12555,10403636410,10403636445,1,"IOTHUB_CLIENT_CONFIRMATION_OK"
12556,10403636610,10403636643,1,"IOTHUB_CLIENT_CONFIRMATION_OK"
12557,10403636810,10403636840,1,"IOTHUB_CLIENT_CONFIRMATION_OK"
12558,10403637010,10403637041,1,"IOTHUB_CLIENT_CONFIRMATION_OK"
12559,10403637210,10403637270,1,"IOTHUB_CLIENT_CONFIRMATION_OK"
12560,10403637410,10403637449,1,"IOTHUB_CLIENT_CONFIRMATION_OK"
12561,10403637611,10403637652,1,"IOTHUB_CLIENT_CONFIRMATION_OK"
12562,10403637811,10403637841,1,"IOTHUB_CLIENT_CONFIRMATION_OK"
12563,10403638011,10403638135,1,"IOTHUB_CLIENT_CONFIRMATION_OK"
12564,10403638211,10403638242,1,"IOTHUB_CLIENT_CONFIRMATION_OK"
12565,10403638411,10403638466,1,"IOTHUB_CLIENT_CONFIRMATION_OK"
12566,10403638611,10403638643,1,"IOTHUB_CLIENT_CONFIRMATION_OK"
12567,10403638812,10403638844,1,"IOTHUB_CLIENT_CONFIRMATION_OK"
12568,10403639012,10403639043,1,"IOTHUB_CLIENT_CONFIRMATION_OK"
12569,10403639212,10403639242,1,"IOTHUB_CLIENT_CONFIRMATION_OK"
12570,10403639412,10403639441,1,"IOTHUB_CLIENT_CONFIRMATION_OK"
12571,10403639612,10403639687,1,"IOTHUB_CLIENT_CONFIRMATION_OK"
12572,10403639812,10403639884,1,"IOTHUB_CLIENT_CONFIRMATION_OK"
12573,10403640013,10403640045,1,"IOTHUB_CLIENT_CONFIRMATION_OK"
12574,10403640213,10403640278,1,"IOTHUB_CLIENT_CONFIRMATION_OK"
12575,10403640413,10403640442,1,"IOTHUB_CLIENT_CONFIRMATION_OK"
12576,10403640613,10403640651,1,"IOTHUB_CLIENT_CONFIRMATION_OK"
12577,10403640813,10403640891,1,"IOTHUB_CLIENT_CONFIRMATION_OK"
12578,10403641013,10403641051,1,"IOTHUB_CLIENT_CONFIRMATION_OK"
12579,10403641214,10403641260,1,"IOTHUB_CLIENT_CONFIRMATION_OK"
12580,10403641414,10403641500,1,"IOTHUB_CLIENT_CONFIRMATION_OK"
12581,10403641614,10403641644,1,"IOTHUB_CLIENT_CONFIRMATION_OK"
12582,10403641814,10403641846,1,"IOTHUB_CLIENT_CONFIRMATION_OK"
12583,10403642014,10403642116,1,"IOTHUB_CLIENT_CONFIRMATION_OK"
12584,10403642214,10403642258,1,"IOTHUB_CLIENT_CONFIRMATION_OK"
12585,10403642415,10403642480,1,"IOTHUB_CLIENT_CONFIRMATION_OK"
12586,10403642615,10403642646,1,"IOTHUB_CLIENT_CONFIRMATION_OK"
12587,10403642815,10403642847,1,"IOTHUB_CLIENT_CONFIRMATION_OK"
12588,10403643015,10403643047,1,"IOTHUB_CLIENT_CONFIRMATION_OK"
12589,10403643215,10403643259,1,"IOTHUB_CLIENT_CONFIRMATION_OK"
12590,10403643415,10403643455,1,"IOTHUB_CLIENT_CONFIRMATION_OK"
12591,10403643616,10403643730,1,"IOTHUB_CLIENT_CONFIRMATION_OK"
12592,10403643816,10403643844,1,"IOTHUB_CLIENT_CONFIRMATION_OK"
12593,10403644016,10403644047,1,"IOTHUB_CLIENT_CONFIRMATION_OK"
12594,10403644216,10403644343,1,"IOTHUB_CLIENT_CONFIRMATION_OK"
12595,10403644416,10403644449,1,"IOTHUB_CLIENT_CONFIRMATION_OK"
12596,10403644616,10403644663,1,"IOTHUB_CLIENT_CONFIRMATION_OK"
12597,10403644816,10403644966,1,"IOTHUB_CLIENT_CONFIRMATION_OK"
12598,10403645017,10403645045,1,"IOTHUB_CLIENT_CONFIRMATION_OK"
12599,10403645217,10403645258,1,"IOTHUB_CLIENT_CONFIRMATION_OK"
12600,10403645417,10403645450,1,"IOTHUB_CLIENT_CONFIRMATION_OK"
12601,10403645617,10403645647,1,"IOTHUB_CLIENT_CONFIRMATION_OK"
12602,10403645817,10403645846,1,"IOTHUB_CLIENT_CONFIRMATION_OK"
12603,10403646017,10403646048,1,"IOTHUB_CLIENT_CONFIRMATION_OK"
12604,10403646218,10403646267,1,"IOTHUB_CLIENT_CONFIRMATION_OK"
12605,10403646418,10403646449,1,"IOTHUB_CLIENT_CONFIRMATION_OK"
12606,10403646618,10403646650,1,"IOTHUB_CLIENT_CONFIRMATION_OK"
12607,10403646818,10403646852,1,"IOTHUB_CLIENT_CONFIRMATION_OK"
12608,10403647018,10403647199,1,"IOTHUB_CLIENT_CONFIRMATION_OK"
12609,10403647218,10403647257,1,"IOTHUB_CLIENT_CONFIRMATION_OK"
12610,10403647419,10403647448,1,"IOTHUB_CLIENT_CONFIRMATION_OK"
12611,10403647619,10403647647,1,"IOTHUB_CLIENT_CONFIRMATION_OK"
12612,10403647819,10403647852,1,"IOTHUB_CLIENT_CONFIRMATION_OK"
12613,10403648019,10403648074,1,"IOTHUB_CLIENT_CONFIRMATION_OK"
12614,10403648219,10403648257,1,"IOTHUB_CLIENT_CONFIRMATION_OK"
12615,10403648419,10403648456,1,"IOTHUB_CLIENT_CONFIRMATION_OK"
12616,10403648620,10403648657,1,"IOTHUB_CLIENT_CONFIRMATION_OK"
12617,10403648820,10403648860,1,"IOTHUB_CLIENT_CONFIRMATION_OK"
12618,10403649020,10403649050,1,"IOTHUB_CLIENT_CONFIRMATION_OK"
12619,10403649220,10403649252,1,"IOTHUB_CLIENT_CONFIRMATION_OK"
12620,10403649420,10403649473,1,"IOTHUB_CLIENT_CONFIRMATION_OK"
12621,10403649620,10403649663,1,"IOTHUB_CLIENT_CONFIRMATION_OK"
12622,10403649821,10403649850,1,"IOTHUB_CLIENT_CONFIRMATION_OK"
12623,10403650021,10403650049,1,"IOTHUB_CLIENT_CONFIRMATION_OK"
12624,10403650221,10403650252,1,"IOTHUB_CLIENT_CONFIRMATION_OK"
12625,10403650421,10403650469,1,"IOTHUB_CLIENT_CONFIRMATION_OK"
12626,10403650621,10403650652,1,"IOTHUB_CLIENT_CONFIRMATION_OK"
12627,10403650821,10403650853,1,"IOTHUB_CLIENT_CONFIRMATION_OK"
12628,10403651022,10403651078,1,"IOTHUB_CLIENT_CONFIRMATION_OK"
12629,10403651222,10403651255,1,"IOTHUB_CLIENT_CONFIRMATION_OK"
12630,10403651422,10403651466,1,"IOTHUB_CLIENT_CONFIRMATION_OK"
12631,10403651622,10403651694,1,"IOTHUB_CLIENT_CONFIRMATION_OK"
12632,10403651822,10403651855,1,"IOTHUB_CLIENT_CONFIRMATION_OK"
12633,10403652022,10403652054,1,"IOTHUB_CLIENT_CONFIRMATION_OK"
12634,10403652222,10403652304,1,"IOTHUB_CLIENT_CONFIRMATION_OK"
12635,10403652423,10403652462,1,"IOTHUB_CLIENT_CONFIRMATION_OK"
12636,10403652623,10403652654,1,"IOTHUB_CLIENT_CONFIRMATION_OK"
12637,10403652823,10403652879,1,"IOTHUB_CLIENT_CONFIRMATION_OK"
12638,10403653023,10403653055,1,"IOTHUB_CLIENT_CONFIRMATION_OK"
12639,10403653223,10403653330,1,"IOTHUB_CLIENT_CONFIRMATION_OK"
12640,10403653423,10403653456,1,"IOTHUB_CLIENT_CONFIRMATION_OK"
12641,10403653624,10403653658,1,"IOTHUB_CLIENT_CONFIRMATION_OK"
12642,10403653824,10403653921,1,"IOTHUB_CLIENT_CONFIRMATION_OK"
12643,10403654024,10403654055,1,"IOTHUB_CLIENT_CONFIRMATION_OK"
12644,10403654224,10403654256,1,"IOTHUB_CLIENT_CONFIRMATION_OK"
12645,10403654424,10403654532,1,"IOTHUB_CLIENT_CONFIRMATION_OK"
12646,10403654624,10403654662,1,"IOTHUB_CLIENT_CONFIRMATION_OK"
12647,10403654825,10403654863,1,"IOTHUB_CLIENT_CONFIRMATION_OK"
12648,10403655025,10403655165,1,"IOTHUB_CLIENT_CONFIRMATION_OK"
12649,10403655225,10403655255,1,"IOTHUB_CLIENT_CONFIRMATION_OK"
12650,10403655425,10403655458,1,"IOTHUB_CLIENT_CONFIRMATION_OK"
12651,10403655625,10403655653,1,"IOTHUB_CLIENT_CONFIRMATION_OK"
12652,10403655825,10403655857,1,"IOTHUB_CLIENT_CONFIRMATION_OK"
12653,10403656025,10403656063,1,"IOTHUB_CLIENT_CONFIRMATION_OK"
12654,10403656226,10403656258,1,"IOTHUB_CLIENT_CONFIRMATION_OK"
12655,10403656426,10403656501,1,"IOTHUB_CLIENT_CONFIRMATION_OK"
12656,10403656626,10403656763,1,"IOTHUB_CLIENT_CONFIRMATION_OK"
12657,10403656826,10403656856,1,"IOTHUB_CLIENT_CONFIRMATION_OK"
12658,10403657026,10403657057,1,"IOTHUB_CLIENT_CONFIRMATION_OK"
12659,10403657226,10403657375,1,"IOTHUB_CLIENT_CONFIRMATION_OK"
12660,10403657427,10403657454,1,"IOTHUB_CLIENT_CONFIRMATION_OK"
12661,10403657627,10403657662,1,"IOTHUB_CLIENT_CONFIRMATION_OK"
12662,10403657827,10403657855,1,"IOTHUB_CLIENT_CONFIRMATION_OK"
12663,10403658027,10403658058,1,"IOTHUB_CLIENT_CONFIRMATION_OK"
12664,10403658227,10403658259,1,"IOTHUB_CLIENT_CONFIRMATION_OK"
12665,10403658427,10403658457,1,"IOTHUB_CLIENT_CONFIRMATION_OK"
12666,10403658628,10403658678,1,"IOTHUB_CLIENT_CONFIRMATION_OK"
12667,10403658828,10403658855,1,"IOTHUB_CLIENT_CONFIRMATION_OK"
12668,10403659028,10403659074,1,"IOTHUB_CLIENT_CONFIRMATION_OK"
12669,10403659228,10403659261,1,"IOTHUB_CLIENT_CONFIRMATION_OK"
12670,10403659428,10403659478,1,"IOTHUB_CLIENT_CONFIRMATION_OK"
12671,10403659628,10403659663,1,"IOTHUB_CLIENT_CONFIRMATION_OK"
12672,10403659829,10403659870,1,"IOTHUB_CLIENT_CONFIRMATION_OK"
12673,10403660029,10403660063,1,"IOTHUB_CLIENT_CONFIRMATION_OK"
12674,10403660229,10403660259,1,"IOTHUB_CLIENT_CONFIRMATION_OK"
12675,10403660429,10403660459,1,"IOTHUB_CLIENT_CONFIRMATION_OK"
12676,10403660629,10403660676,1,"IOTHUB_CLIENT_CONFIRMATION_OK"
12677,10403660829,10403660860,1,"IOTHUB_CLIENT_CONFIRMATION_OK"
12678,10403661029,10403661061,1,"IOTHUB_CLIENT_CONFIRMATION_OK"
12679,10403661230,10403661278,1,"IOTHUB_CLIENT_CONFIRMATION_OK"
12680,10403661430,10403661459,1,"IOTHUB_CLIENT_CONFIRMATION_OK"
12681,10403661630,10403661661,1,"IOTHUB_CLIENT_CONFIRMATION_OK"
12682,10403661830,10403661885,1,"IOTHUB_CLIENT_CONFIRMATION_OK"
12683,10403662030,10403662060,1,"IOTHUB_CLIENT_CONFIRMATION_OK"
12684,10403662230,10403662261,1,"IOTHUB_CLIENT_CONFIRMATION_OK"
12685,10403662431,10403662489,1,"IOTHUB_CLIENT_CONFIRMATION_OK"
12686,10403662631,10403662665,1,"IOTHUB_CLIENT_CONFIRMATION_OK"
12687,10403662831,10403662873,1,"IOTHUB_CLIENT_CONFIRMATION_OK"
12688,10403663031,10403663061,1,"IOTHUB_CLIENT_CONFIRMATION_OK"
12689,10403663231,10403663274,1,"IOTHUB_CLIENT_CONFIRMATION_OK"
12690,10403663431,10403663517,1,"IOTHUB_CLIENT_CONFIRMATION_OK"
12691,10403663632,10403663685,1,"IOTHUB_CLIENT_CONFIRMATION_OK"
12692,10403663832,10403663866,1,"IOTHUB_CLIENT_CONFIRMATION_OK"
12693,10403664032,10403664107,1,"IOTHUB_CLIENT_CONFIRMATION_OK"
12694,10403664232,10403664265,1,"IOTHUB_CLIENT_CONFIRMATION_OK"
12695,10403664432,10403664462,1,"IOTHUB_CLIENT_CONFIRMATION_OK"
12696,10403664632,10403664746,1,"IOTHUB_CLIENT_CONFIRMATION_OK"
12697,10403664833,10403664861,1,"IOTHUB_CLIENT_CONFIRMATION_OK"
12698,10403665033,10403665063,1,"IOTHUB_CLIENT_CONFIRMATION_OK"
12699,10403665233,10403665345,1,"IOTHUB_CLIENT_CONFIRMATION_OK"
12700,10403665433,10403665480,1,"IOTHUB_CLIENT_CONFIRMATION_OK"
12701,10403665633,10403665689,1,"IOTHUB_CLIENT_CONFIRMATION_OK"
12702,10403665833,10403665864,1,"IOTHUB_CLIENT_CONFIRMATION_OK"
12703,10403666034,10403666065,1,"IOTHUB_CLIENT_CONFIRMATION_OK"
12704,10403666234,10403666336,1,"IOTHUB_CLIENT_CONFIRMATION_OK"
12705,10403666434,10403666462,1,"IOTHUB_CLIENT_CONFIRMATION_OK"
12706,10403666634,10403666675,1,"IOTHUB_CLIENT_CONFIRMATION_OK"
12707,10403666834,10403666963,1,"IOTHUB_CLIENT_CONFIRMATION_OK"
12708,10403667034,10403667078,1,"IOTHUB_CLIENT_CONFIRMATION_OK"
12709,10403667235,10403667265,1,"IOTHUB_CLIENT_CONFIRMATION_OK"
12710,10403667435,10403667576,1,"IOTHUB_CLIENT_CONFIRMATION_OK"
12711,10403667635,10403667665,1,"IOTHUB_CLIENT_CONFIRMATION_OK"
12712,10403667835,10403667865,1,"IOTHUB_CLIENT_CONFIRMATION_OK"
12713,10403668035,10403668067,1,"IOTHUB_CLIENT_CONFIRMATION_OK"
12714,10403668235,10403668272,1,"IOTHUB_CLIENT_CONFIRMATION_OK"
12715,10403668436,10403668469,1,"IOTHUB_CLIENT_CONFIRMATION_OK"
12716,10403668636,10403668668,1,"IOTHUB_CLIENT_CONFIRMATION_OK"
12717,10403668836,10403668866,1,"IOTHUB_CLIENT_CONFIRMATION_OK"
12718,10403669036,10403669064,1,"IOTHUB_CLIENT_CONFIRMATION_OK"
12719,10403669236,10403669265,1,"IOTHUB_CLIENT_CONFIRMATION_OK"
12720,10403669436,10403669465,1,"IOTHUB_CLIENT_CONFIRMATION_OK"
12721,10403669637,10403669834,1,"IOTHUB_CLIENT_CONFIRMATION_OK"
12722,10403669837,10403669868,1,"IOTHUB_CLIENT_CONFIRMATION_OK"
12723,10403670037,10403670068,1,"IOTHUB_CLIENT_CONFIRMATION_OK"
12724,10403670237,10403670282,1,"IOTHUB_CLIENT_CONFIRMATION_OK"
12725,10403670437,10403670468,1,"IOTHUB_CLIENT_CONFIRMATION_OK"
12726,10403670637,10403670669,1,"IOTHUB_CLIENT_CONFIRMATION_OK"
12727,10403670838,10403670896,1,"IOTHUB_CLIENT_CONFIRMATION_OK"
12728,10403671038,10403671066,1,"IOTHUB_CLIENT_CONFIRMATION_OK"
12729,10403671238,10403671270,1,"IOTHUB_CLIENT_CONFIRMATION_OK"
12730,10403671438,10403671477,1,"IOTHUB_CLIENT_CONFIRMATION_OK"
12731,10403671638,10403671669,1,"IOTHUB_CLIENT_CONFIRMATION_OK"
12732,10403671838,10403671871,1,"IOTHUB_CLIENT_CONFIRMATION_OK"
12733,10403672039,10403672086,1,"IOTHUB_CLIENT_CONFIRMATION_OK"
12734,10403672239,10403672269,1,"IOTHUB_CLIENT_CONFIRMATION_OK"
12735,10403672439,10403672468,1,"IOTHUB_CLIENT_CONFIRMATION_OK"
12736,10403672639,10403672681,1,"IOTHUB_CLIENT_CONFIRMATION_OK"
12737,10403672839,10403672869,1,"IOTHUB_CLIENT_CONFIRMATION_OK"
12738,10403673039,10403673094,1,"IOTHUB_CLIENT_CONFIRMATION_OK"
12739,10403673240,10403673271,1,"IOTHUB_CLIENT_CONFIRMATION_OK"
12740,10403673440,10403673473,1,"IOTHUB_CLIENT_CONFIRMATION_OK"
12741,10403673640,10403673704,1,"IOTHUB_CLIENT_CONFIRMATION_OK"
12742,10403673840,10403673879,1,"IOTHUB_CLIENT_CONFIRMATION_OK"
12743,10403674040,10403674070,1,"IOTHUB_CLIENT_CONFIRMATION_OK"
12744,10403674240,10403674335,1,"IOTHUB_CLIENT_CONFIRMATION_OK"
12745,10403674441,10403674518,1,"IOTHUB_CLIENT_CONFIRMATION_OK"
12746,10403674641,10403674676,1,"IOTHUB_CLIENT_CONFIRMATION_OK"
12747,10403674841,10403674932,1,"IOTHUB_CLIENT_CONFIRMATION_OK"
12748,10403675041,10403675071,1,"IOTHUB_CLIENT_CONFIRMATION_OK"
12749,10403675241,10403675273,1,"IOTHUB_CLIENT_CONFIRMATION_OK"
12750,10403675442,10403675474,1,"IOTHUB_CLIENT_CONFIRMATION_OK"
12751,10403675642,10403675670,1,"IOTHUB_CLIENT_CONFIRMATION_OK"
12752,10403675842,10403675942,1,"IOTHUB_CLIENT_CONFIRMATION_OK"
12753,10403676042,10403676070,1,"IOTHUB_CLIENT_CONFIRMATION_OK"
12754,10403676242,10403676270,1,"IOTHUB_CLIENT_CONFIRMATION_OK"
12755,10403676442,10403676573,1,"IOTHUB_CLIENT_CONFIRMATION_OK"
12756,10403676642,10403676673,1,"IOTHUB_CLIENT_CONFIRMATION_OK"
12757,10403676843,10403676875,1,"IOTHUB_CLIENT_CONFIRMATION_OK"
12758,10403677043,10403677192,1,"IOTHUB_CLIENT_CONFIRMATION_OK"
12759,10403677243,10403677276,1,"IOTHUB_CLIENT_CONFIRMATION_OK"
12760,10403677443,10403677475,1,"IOTHUB_CLIENT_CONFIRMATION_OK"
12761,10403677643,10403677679,1,"IOTHUB_CLIENT_CONFIRMATION_OK"
12762,10403677843,10403677888,1,"IOTHUB_CLIENT_CONFIRMATION_OK"
12763,10403678044,10403678075,1,"IOTHUB_CLIENT_CONFIRMATION_OK"
12764,10403678244,10403678272,1,"IOTHUB_CLIENT_CONFIRMATION_OK"
12765,10403678444,10403678476,1,"IOTHUB_CLIENT_CONFIRMATION_OK"
12766,10403678644,10403678675,1,"IOTHUB_CLIENT_CONFIRMATION_OK"
12767,10403678844,10403678890,1,"IOTHUB_CLIENT_CONFIRMATION_OK"
12768,10403679044,10403679083,1,"IOTHUB_CLIENT_CONFIRMATION_OK"
12769,10403679245,10403679403,1,"IOTHUB_CLIENT_CONFIRMATION_OK"
12770,10403679445,10403679473,1,"IOTHUB_CLIENT_CONFIRMATION_OK"
12771,10403679645,10403679683,1,"IOTHUB_CLIENT_CONFIRMATION_OK"
12772,10403679845,10403680055,1,"IOTHUB_CLIENT_CONFIRMATION_OK"
12773,10403680045,10403680076,1,"IOTHUB_CLIENT_CONFIRMATION_OK"
12774,10403680245,10403680277,1,"IOTHUB_CLIENT_CONFIRMATION_OK"
12775,10403680446,10403680479,1,"IOTHUB_CLIENT_CONFIRMATION_OK"
12776,10403680646,10403680688,1,"IOTHUB_CLIENT_CONFIRMATION_OK"
12777,10403680846,10403680875,1,"IOTHUB_CLIENT_CONFIRMATION_OK"
12778,10403681046,10403681093,1,"IOTHUB_CLIENT_CONFIRMATION_OK"
12779,10403681246,10403681283,1,"IOTHUB_CLIENT_CONFIRMATION_OK"
12780,10403681446,10403681482,1,"IOTHUB_CLIENT_CONFIRMATION_OK"
12781,10403681647,10403681692,1,"IOTHUB_CLIENT_CONFIRMATION_OK"
12782,10403681847,10403681885,1,"IOTHUB_CLIENT_CONFIRMATION_OK"
12783,10403682047,10403682079,1,"IOTHUB_CLIENT_CONFIRMATION_OK"
12784,10403682247,10403682323,1,"IOTHUB_CLIENT_CONFIRMATION_OK"
12785,10403682447,10403682480,1,"IOTHUB_CLIENT_CONFIRMATION_OK"
12786,10403682647,10403682709,1,"IOTHUB_CLIENT_CONFIRMATION_OK"
12787,10403682848,10403682889,1,"IOTHUB_CLIENT_CONFIRMATION_OK"
12788,10403683048,10403683087,1,"IOTHUB_CLIENT_CONFIRMATION_OK"
12789,10403683248,10403683332,1,"IOTHUB_CLIENT_CONFIRMATION_OK"
12790,10403683448,10403683478,1,"IOTHUB_CLIENT_CONFIRMATION_OK"
12791,10403683648,10403683681,1,"IOTHUB_CLIENT_CONFIRMATION_OK"
12792,10403683848,10403683939,1,"IOTHUB_CLIENT_CONFIRMATION_OK"
12793,10403684049,10403684088,1,"IOTHUB_CLIENT_CONFIRMATION_OK"
12794,10403684249,10403684279,1,"IOTHUB_CLIENT_CONFIRMATION_OK"
12795,10403684449,10403684563,1,"IOTHUB_CLIENT_CONFIRMATION_OK"
12796,10403684649,10403684679,1,"IOTHUB_CLIENT_CONFIRMATION_OK"
12797,10403684849,10403684883,1,"IOTHUB_CLIENT_CONFIRMATION_OK"
12798,10403685049,10403685079,1,"IOTHUB_CLIENT_CONFIRMATION_OK"
12799,10403685249,10403685286,1,"IOTHUB_CLIENT_CONFIRMATION_OK"
12800,10403685450,10403685479,1,"IOTHUB_CLIENT_CONFIRMATION_OK"
12801,10403685650,10403685690,1,"IOTHUB_CLIENT_CONFIRMATION_OK"
12802,10403685850,10403685880,1,"IOTHUB_CLIENT_CONFIRMATION_OK"
12803,10403686050,10403686222,1,"IOTHUB_CLIENT_CONFIRMATION_OK"
12804,10403686250,10403686333,1,"IOTHUB_CLIENT_CONFIRMATION_OK"
12805,10403686450,10403686498,1,"IOTHUB_CLIENT_CONFIRMATION_OK"
12806,10403686651,10403686829,1,"IOTHUB_CLIENT_CONFIRMATION_OK"
12807,10403686851,10403686882,1,"IOTHUB_CLIENT_CONFIRMATION_OK"
12808,10403687051,10403687083,1,"IOTHUB_CLIENT_CONFIRMATION_OK"
12809,10403687251,10403687281,1,"IOTHUB_CLIENT_CONFIRMATION_OK"
12810,10403687451,10403687483,1,"IOTHUB_CLIENT_CONFIRMATION_OK"
12811,10403687652,10403687681,1,"IOTHUB_CLIENT_CONFIRMATION_OK"
12812,10403687852,10403687894,1,"IOTHUB_CLIENT_CONFIRMATION_OK"
12813,10403688052,10403688081,1,"IOTHUB_CLIENT_CONFIRMATION_OK"
12814,10403688252,10403688285,1,"IOTHUB_CLIENT_CONFIRMATION_OK"
12815,10403688452,10403688485,1,"IOTHUB_CLIENT_CONFIRMATION_OK"
12816,10403688652,10403688681,1,"IOTHUB_CLIENT_CONFIRMATION_OK"
12817,10403688853,10403688891,1,"IOTHUB_CLIENT_CONFIRMATION_OK"
12818,10403689053,10403689090,1,"IOTHUB_CLIENT_CONFIRMATION_OK"
12819,10403689253,10403689281,1,"IOTHUB_CLIENT_CONFIRMATION_OK"
12820,10403689453,10403689484,1,"IOTHUB_CLIENT_CONFIRMATION_OK"
12821,10403689653,10403689686,1,"IOTHUB_CLIENT_CONFIRMATION_OK"
12822,10403689853,10403689896,1,"IOTHUB_CLIENT_CONFIRMATION_OK"
12823,10403690054,10403690089,1,"IOTHUB_CLIENT_CONFIRMATION_OK"
12824,10403690254,10403690282,1,"IOTHUB_CLIENT_CONFIRMATION_OK"
12825,10403690454,10403690497,1,"IOTHUB_CLIENT_CONFIRMATION_OK"
12826,10403690654,10403690717,1,"IOTHUB_CLIENT_CONFIRMATION_OK"
12827,10403690854,10403690889,1,"IOTHUB_CLIENT_CONFIRMATION_OK"
12828,10403691054,10403691094,1,"IOTHUB_CLIENT_CONFIRMATION_OK"
12829,10403691254,10403691309,1,"IOTHUB_CLIENT_CONFIRMATION_OK"
12830,10403691455,10403691495,1,"IOTHUB_CLIENT_CONFIRMATION_OK"
12831,10403691655,10403691686,1,"IOTHUB_CLIENT_CONFIRMATION_OK"
12832,10403691855,10403691918,1,"IOTHUB_CLIENT_CONFIRMATION_OK"
12833,10403692055,10403692092,1,"IOTHUB_CLIENT_CONFIRMATION_OK"
12834,10403692255,10403692296,1,"IOTHUB_CLIENT_CONFIRMATION_OK"
12835,10403692455,10403692511,1,"IOTHUB_CLIENT_CONFIRMATION_OK"
12836,10403692656,10403692687,1,"IOTHUB_CLIENT_CONFIRMATION_OK"
12837,10403692856,10403692939,1,"IOTHUB_CLIENT_CONFIRMATION_OK"
12838,10403693056,10403693086,1,"IOTHUB_CLIENT_CONFIRMATION_OK"
12839,10403693256,10403693287,1,"IOTHUB_CLIENT_CONFIRMATION_OK"
12840,10403693456,10403693549,1,"IOTHUB_CLIENT_CONFIRMATION_OK"
12841,10403693656,10403693698,1,"IOTHUB_CLIENT_CONFIRMATION_OK"
12842,10403693857,10403693890,1,"IOTHUB_CLIENT_CONFIRMATION_OK"
12843,10403694057,10403694167,1,"IOTHUB_CLIENT_CONFIRMATION_OK"
12844,10403694257,10403694290,1,"IOTHUB_CLIENT_CONFIRMATION_OK"
12845,10403694457,10403694485,1,"IOTHUB_CLIENT_CONFIRMATION_OK"
12846,10403694657,10403694688,1,"IOTHUB_CLIENT_CONFIRMATION_OK"
12847,10403694858,10403694887,1,"IOTHUB_CLIENT_CONFIRMATION_OK"
12848,10403695058,10403695088,1,"IOTHUB_CLIENT_CONFIRMATION_OK"
12849,10403695258,10403695289,1,"IOTHUB_CLIENT_CONFIRMATION_OK"
12850,10403695458,10403695488,1,"IOTHUB_CLIENT_CONFIRMATION_OK"
12851,10403695658,10403695823,1,"IOTHUB_CLIENT_CONFIRMATION_OK"
12852,10403695858,10403695903,1,"IOTHUB_CLIENT_CONFIRMATION_OK"
12853,10403696058,10403696100,1,"IOTHUB_CLIENT_CONFIRMATION_OK"
12854,10403696259,10403696442,1,"IOTHUB_CLIENT_CONFIRMATION_OK"
12855,10403696459,10403696490,1,"IOTHUB_CLIENT_CONFIRMATION_OK"
12856,10403696659,10403696702,1,"IOTHUB_CLIENT_CONFIRMATION_OK"
12857,10403696859,10403696891,1,"IOTHUB_CLIENT_CONFIRMATION_OK"
12858,10403697059,10403697089,1,"IOTHUB_CLIENT_CONFIRMATION_OK"
12859,10403697259,10403697293,1,"IOTHUB_CLIENT_CONFIRMATION_OK"
12860,10403697460,10403697499,1,"IOTHUB_CLIENT_CONFIRMATION_OK"
12861,10403697660,10403697702,1,"IOTHUB_CLIENT_CONFIRMATION_OK"
12862,10403697860,10403698083,1,"IOTHUB_CLIENT_CONFIRMATION_OK"
12863,10403698060,10403698117,1,"IOTHUB_CLIENT_CONFIRMATION_OK"
12864,10403698260,10403698292,1,"IOTHUB_CLIENT_CONFIRMATION_OK"
12865,10403698460,10403698501,1,"IOTHUB_CLIENT_CONFIRMATION_OK"
12866,10403698661,10403698723,1,"IOTHUB_CLIENT_CONFIRMATION_OK"
12867,10403698861,10403698895,1,"IOTHUB_CLIENT_CONFIRMATION_OK"
12868,10403699061,10403699101,1,"IOTHUB_CLIENT_CONFIRMATION_OK"
12869,10403699261,10403699290,1,"IOTHUB_CLIENT_CONFIRMATION_OK"
12870,10403699461,10403699496,1,"IOTHUB_CLIENT_CONFIRMATION_OK"
12871,10403699661,10403699752,1,"IOTHUB_CLIENT_CONFIRMATION_OK"
12872,10403699862,10403700005,1,"IOTHUB_CLIENT_CONFIRMATION_OK"
12873,10403700062,10403700099,1,"IOTHUB_CLIENT_CONFIRMATION_OK"
12874,10403700262,10403700305,1,"IOTHUB_CLIENT_CONFIRMATION_OK"
12875,10403700462,10403700499,1,"IOTHUB_CLIENT_CONFIRMATION_OK"
12876,10403700662,10403700694,1,"IOTHUB_CLIENT_CONFIRMATION_OK"
12877,10403700862,10403700893,1,"IOTHUB_CLIENT_CONFIRMATION_OK"
12878,10403701063,10403701092,1,"IOTHUB_CLIENT_CONFIRMATION_OK"
12879,10403701263,10403701296,1,"IOTHUB_CLIENT_CONFIRMATION_OK"
12880,10403701463,10403701492,1,"IOTHUB_CLIENT_CONFIRMATION_OK"
12881,10403701663,10403701692,1,"IOTHUB_CLIENT_CONFIRMATION_OK"
12882,10403701863,10403701899,1,"IOTHUB_CLIENT_CONFIRMATION_OK"
12883,10403702063,10403702094,1,"IOTHUB_CLIENT_CONFIRMATION_OK"
12884,10403702263,10403702294,1,"IOTHUB_CLIENT_CONFIRMATION_OK"
12885,10403702464,10403702571,1,"IOTHUB_CLIENT_CONFIRMATION_OK"
12886,10403702664,10403702696,1,"IOTHUB_CLIENT_CONFIRMATION_OK"
12887,10403702864,10403702897,1,"IOTHUB_CLIENT_CONFIRMATION_OK"
12888,10403703064,10403703192,1,"IOTHUB_CLIENT_CONFIRMATION_OK"
12889,10403703264,10403703295,1,"IOTHUB_CLIENT_CONFIRMATION_OK"
12890,10403703464,10403703497,1,"IOTHUB_CLIENT_CONFIRMATION_OK"
12891,10403703665,10403703806,1,"IOTHUB_CLIENT_CONFIRMATION_OK"
12892,10403703865,10403703906,1,"IOTHUB_CLIENT_CONFIRMATION_OK"
12893,10403704065,10403704105,1,"IOTHUB_CLIENT_CONFIRMATION_OK"
12894,10403704265,10403704307,1,"IOTHUB_CLIENT_CONFIRMATION_OK"
12895,10403704465,10403704495,1,"IOTHUB_CLIENT_CONFIRMATION_OK"
12896,10403704665,10403704693,1,"IOTHUB_CLIENT_CONFIRMATION_OK"
12897,10403704866,10403704906,1,"IOTHUB_CLIENT_CONFIRMATION_OK"
12898,10403705066,10403705098,1,"IOTHUB_CLIENT_CONFIRMATION_OK"
12899,10403705266,10403705303,1,"IOTHUB_CLIENT_CONFIRMATION_OK"
12900,10403705466,10403705499,1,"IOTHUB_CLIENT_CONFIRMATION_OK"
12901,10403705666,10403705698,1,"IOTHUB_CLIENT_CONFIRMATION_OK"
12902,10403705866,10403706054,1,"IOTHUB_CLIENT_CONFIRMATION_OK"
12903,10403706067,10403706099,1,"IOTHUB_CLIENT_CONFIRMATION_OK"
12904,10403706267,10403706311,1,"IOTHUB_CLIENT_CONFIRMATION_OK"
12905,10403706467,10403706644,1,"IOTHUB_CLIENT_CONFIRMATION_OK"
12906,10403706667,10403706712,1,"IOTHUB_CLIENT_CONFIRMATION_OK"
12907,10403706867,10403706901,1,"IOTHUB_CLIENT_CONFIRMATION_OK"
12908,10403707067,10403707101,1,"IOTHUB_CLIENT_CONFIRMATION_OK"
12909,10403707268,10403707298,1,"IOTHUB_CLIENT_CONFIRMATION_OK"
12910,10403707468,10403707502,1,"IOTHUB_CLIENT_CONFIRMATION_OK"
12911,10403707668,10403707706,1,"IOTHUB_CLIENT_CONFIRMATION_OK"
12912,10403707868,10403707908,1,"IOTHUB_CLIENT_CONFIRMATION_OK"
12913,10403708068,10403708105,1,"IOTHUB_CLIENT_CONFIRMATION_OK"
12914,10403708268,10403708300,1,"IOTHUB_CLIENT_CONFIRMATION_OK"
12915,10403708469,10403708522,1,"IOTHUB_CLIENT_CONFIRMATION_OK"
12916,10403708669,10403708703,1,"IOTHUB_CLIENT_CONFIRMATION_OK"
12917,10403708869,10403708981,1,"IOTHUB_CLIENT_CONFIRMATION_OK"
12918,10403709069,10403709098,1,"IOTHUB_CLIENT_CONFIRMATION_OK"
12919,10403709269,10403709381,1,"IOTHUB_CLIENT_CONFIRMATION_OK"
12920,10403709469,10403709501,1,"IOTHUB_CLIENT_CONFIRMATION_OK"
12921,10403709670,10403709702,1,"IOTHUB_CLIENT_CONFIRMATION_OK"
12922,10403709870,10403709990,1,"IOTHUB_CLIENT_CONFIRMATION_OK"
12923,10403710070,10403710101,1,"IOTHUB_CLIENT_CONFIRMATION_OK"
12924,10403710270,10403710298,1,"IOTHUB_CLIENT_CONFIRMATION_OK"
12925,10403710470,10403710597,1,"IOTHUB_CLIENT_CONFIRMATION_OK"
12926,10403710670,10403710702,1,"IOTHUB_CLIENT_CONFIRMATION_OK"
12927,10403710870,10403710908,1,"IOTHUB_CLIENT_CONFIRMATION_OK"
12928,10403711071,10403711100,1,"IOTHUB_CLIENT_CONFIRMATION_OK"
12929,10403711271,10403711303,1,"IOTHUB_CLIENT_CONFIRMATION_OK"
12930,10403711471,10403711502,1,"IOTHUB_CLIENT_CONFIRMATION_OK"
12931,10403711671,10403711707,1,"IOTHUB_CLIENT_CONFIRMATION_OK"
12932,10403711871,10403711902,1,"IOTHUB_CLIENT_CONFIRMATION_OK"
12933,10403712072,10403712104,1,"IOTHUB_CLIENT_CONFIRMATION_OK"
12934,10403712272,10403712302,1,"IOTHUB_CLIENT_CONFIRMATION_OK"
12935,10403712472,10403712510,1,"IOTHUB_CLIENT_CONFIRMATION_OK"
12936,10403712672,10403712843,1,"IOTHUB_CLIENT_CONFIRMATION_OK"
12937,10403712872,10403712909,1,"IOTHUB_CLIENT_CONFIRMATION_OK"
12938,10403713072,10403713114,1,"IOTHUB_CLIENT_CONFIRMATION_OK"
12939,10403713273,10403713443,1,"IOTHUB_CLIENT_CONFIRMATION_OK"
12940,10403713473,10403713503,1,"IOTHUB_CLIENT_CONFIRMATION_OK"
12941,10403713673,10403713707,1,"IOTHUB_CLIENT_CONFIRMATION_OK"
12942,10403713873,10403713902,1,"IOTHUB_CLIENT_CONFIRMATION_OK"
12943,10403714073,10403714108,1,"IOTHUB_CLIENT_CONFIRMATION_OK"
12944,10403714273,10403714305,1,"IOTHUB_CLIENT_CONFIRMATION_OK"
12945,10403714473,10403714503,1,"IOTHUB_CLIENT_CONFIRMATION_OK"
12946,10403714674,10403714706,1,"IOTHUB_CLIENT_CONFIRMATION_OK"
12947,10403714874,10403714905,1,"IOTHUB_CLIENT_CONFIRMATION_OK"
12948,10403715074,10403715103,1,"IOTHUB_CLIENT_CONFIRMATION_OK"
12949,10403715274,10403715305,1,"IOTHUB_CLIENT_CONFIRMATION_OK"
12950,10403715474,10403715504,1,"IOTHUB_CLIENT_CONFIRMATION_OK"
12951,10403715674,10403715754,1,"IOTHUB_CLIENT_CONFIRMATION_OK"
12952,10403715875,10403715905,1,"IOTHUB_CLIENT_CONFIRMATION_OK"
12953,10403716075,10403716118,1,"IOTHUB_CLIENT_CONFIRMATION_OK"
12954,10403716275,10403716309,1,"IOTHUB_CLIENT_CONFIRMATION_OK"
12955,10403716475,10403716508,1,"IOTHUB_CLIENT_CONFIRMATION_OK"
12956,10403716675,10403716707,1,"IOTHUB_CLIENT_CONFIRMATION_OK"
12957,10403716875,10403716921,1,"IOTHUB_CLIENT_CONFIRMATION_OK"
12958,10403717076,10403717116,1,"IOTHUB_CLIENT_CONFIRMATION_OK"
12959,10403717276,10403717310,1,"IOTHUB_CLIENT_CONFIRMATION_OK"
12960,10403717476,10403717506,1,"IOTHUB_CLIENT_CONFIRMATION_OK"
12961,10403717676,10403717705,1,"IOTHUB_CLIENT_CONFIRMATION_OK"
12962,10403717876,10403717938,1,"IOTHUB_CLIENT_CONFIRMATION_OK"
12963,10403718076,10403718114,1,"IOTHUB_CLIENT_CONFIRMATION_OK"
12964,10403718277,10403718311,1,"IOTHUB_CLIENT_CONFIRMATION_OK"
12965,10403718477,10403718521,1,"IOTHUB_CLIENT_CONFIRMATION_OK"
12966,10403718677,10403718707,1,"IOTHUB_CLIENT_CONFIRMATION_OK"
12967,10403718877,10403718924,1,"IOTHUB_CLIENT_CONFIRMATION_OK"
12968,10403719077,10403719111,1,"IOTHUB_CLIENT_CONFIRMATION_OK"
12969,10403719277,10403719319,1,"IOTHUB_CLIENT_CONFIRMATION_OK"
12970,10403719478,10403719544,1,"IOTHUB_CLIENT_CONFIRMATION_OK"
12971,10403719678,10403719710,1,"IOTHUB_CLIENT_CONFIRMATION_OK"
12972,10403719878,10403719909,1,"IOTHUB_CLIENT_CONFIRMATION_OK"
12973,10403720078,10403720145,1,"IOTHUB_CLIENT_CONFIRMATION_OK"
12974,10403720278,10403720328,1,"IOTHUB_CLIENT_CONFIRMATION_OK"
12975,10403720478,10403720508,1,"IOTHUB_CLIENT_CONFIRMATION_OK"
12976,10403720678,10403720765,1,"IOTHUB_CLIENT_CONFIRMATION_OK"
12977,10403720879,10403720921,1,"IOTHUB_CLIENT_CONFIRMATION_OK"
12978,10403721079,10403721109,1,"IOTHUB_CLIENT_CONFIRMATION_OK"
12979,10403721279,10403721366,1,"IOTHUB_CLIENT_CONFIRMATION_OK"
12980,10403721479,10403721514,1,"IOTHUB_CLIENT_CONFIRMATION_OK"
12981,10403721679,10403721710,1,"IOTHUB_CLIENT_CONFIRMATION_OK"
12982,10403721879,10403721911,1,"IOTHUB_CLIENT_CONFIRMATION_OK"
12983,10403722080,10403722229,1,"IOTHUB_CLIENT_CONFIRMATION_OK"
12984,10403722280,10403722417,1,"IOTHUB_CLIENT_CONFIRMATION_OK"
12985,10403722480,10403722520,1,"IOTHUB_CLIENT_CONFIRMATION_OK"
12986,10403722680,10403722712,1,"IOTHUB_CLIENT_CONFIRMATION_OK"
12987,10403722880,10403723058,1,"IOTHUB_CLIENT_CONFIRMATION_OK"
12988,10403723080,10403723111,1,"IOTHUB_CLIENT_CONFIRMATION_OK"
12989,10403723281,10403723314,1,"IOTHUB_CLIENT_CONFIRMATION_OK"
12990,10403723481,10403723514,1,"IOTHUB_CLIENT_CONFIRMATION_OK"
12991,10403723681,10403723712,1,"IOTHUB_CLIENT_CONFIRMATION_OK"
12992,10403723881,10403723912,1,"IOTHUB_CLIENT_CONFIRMATION_OK"
12993,10403724081,10403724116,1,"IOTHUB_CLIENT_CONFIRMATION_OK"
12994,10403724281,10403724314,1,"IOTHUB_CLIENT_CONFIRMATION_OK"
12995,10403724482,10403724514,1,"IOTHUB_CLIENT_CONFIRMATION_OK"
12996,10403724682,10403724712,1,"IOTHUB_CLIENT_CONFIRMATION_OK"
12997,10403724882,10403724913,1,"IOTHUB_CLIENT_CONFIRMATION_OK"
12998,10403725082,10403725110,1,"IOTHUB_CLIENT_CONFIRMATION_OK"
12999,10403725282,10403725316,1,"IOTHUB_CLIENT_CONFIRMATION_OK"
13000,10403725482,10403725513,1,"IOTHUB_CLIENT_CONFIRMATION_OK"
13001,10403725683,10403725888,1,"IOTHUB_CLIENT_CONFIRMATION_OK"
13002,10403725883,10403725915,1,"IOTHUB_CLIENT_CONFIRMATION_OK"
13003,10403726083,10403726111,1,"IOTHUB_CLIENT_CONFIRMATION_OK"
13004,10403726283,10403726336,1,"IOTHUB_CLIENT_CONFIRMATION_OK"
13005,10403726483,10403726511,1,"IOTHUB_CLIENT_CONFIRMATION_OK"
13006,10403726683,10403726727,1,"IOTHUB_CLIENT_CONFIRMATION_OK"
13007,10403726884,10403726929,1,"IOTHUB_CLIENT_CONFIRMATION_OK"
13008,10403727084,10403727120,1,"IOTHUB_CLIENT_CONFIRMATION_OK"
13009,10403727284,10403727314,1,"IOTHUB_CLIENT_CONFIRMATION_OK"
13010,10403727484,10403727535,1,"IOTHUB_CLIENT_CONFIRMATION_OK"
13011,10403727684,10403727714,1,"IOTHUB_CLIENT_CONFIRMATION_OK"
13012,10403727884,10403727927,1,"IOTHUB_CLIENT_CONFIRMATION_OK"
13013,10403728085,10403728224,1,"IOTHUB_CLIENT_CONFIRMATION_OK"
13014,10403728285,10403728315,1,"IOTHUB_CLIENT_CONFIRMATION_OK"
13015,10403728485,10403728516,1,"IOTHUB_CLIENT_CONFIRMATION_OK"
13016,10403728685,10403728725,1,"IOTHUB_CLIENT_CONFIRMATION_OK"
13017,10403728885,10403728923,1,"IOTHUB_CLIENT_CONFIRMATION_OK"
13018,10403729085,10403729237,1,"IOTHUB_CLIENT_CONFIRMATION_OK"
13019,10403729286,10403729316,1,"IOTHUB_CLIENT_CONFIRMATION_OK"
13020,10403729486,10403729514,1,"IOTHUB_CLIENT_CONFIRMATION_OK"
13021,10403729686,10403729862,1,"IOTHUB_CLIENT_CONFIRMATION_OK"
13022,10403729886,10403729919,1,"IOTHUB_CLIENT_CONFIRMATION_OK"
13023,10403730086,10403730119,1,"IOTHUB_CLIENT_CONFIRMATION_OK"
13024,10403730286,10403730315,1,"IOTHUB_CLIENT_CONFIRMATION_OK"
13025,10403730486,10403730520,1,"IOTHUB_CLIENT_CONFIRMATION_OK"
13026,10403730687,10403730719,1,"IOTHUB_CLIENT_CONFIRMATION_OK"
13027,10403730887,10403730924,1,"IOTHUB_CLIENT_CONFIRMATION_OK"
13028,10403731087,10403731130,1,"IOTHUB_CLIENT_CONFIRMATION_OK"
13029,10403731287,10403731318,1,"IOTHUB_CLIENT_CONFIRMATION_OK"
13030,10403731487,10403731517,1,"IOTHUB_CLIENT_CONFIRMATION_OK"
13031,10403731687,10403731720,1,"IOTHUB_CLIENT_CONFIRMATION_OK"
13032,10403731888,10403731918,1,"IOTHUB_CLIENT_CONFIRMATION_OK"
13033,10403732088,10403732131,1,"IOTHUB_CLIENT_CONFIRMATION_OK"
13034,10403732288,10403732339,1,"IOTHUB_CLIENT_CONFIRMATION_OK"
13035,10403732488,10403732520,1,"IOTHUB_CLIENT_CONFIRMATION_OK"
13036,10403732688,10403732720,1,"IOTHUB_CLIENT_CONFIRMATION_OK"
13037,10403732888,10403732917,1,"IOTHUB_CLIENT_CONFIRMATION_OK"
13038,10403733089,10403733119,1,"IOTHUB_CLIENT_CONFIRMATION_OK"
13039,10403733289,10403733323,1,"IOTHUB_CLIENT_CONFIRMATION_OK"
13040,10403733489,10403733520,1,"IOTHUB_CLIENT_CONFIRMATION_OK"
13041,10403733689,10403733726,1,"IOTHUB_CLIENT_CONFIRMATION_OK"
13042,10403733889,10403733924,1,"IOTHUB_CLIENT_CONFIRMATION_OK"
13043,10403734089,10403734129,1,"IOTHUB_CLIENT_CONFIRMATION_OK"
13044,10403734290,10403734340,1,"IOTHUB_CLIENT_CONFIRMATION_OK"
13045,10403734490,10403734518,1,"IOTHUB_CLIENT_CONFIRMATION_OK"
13046,10403734690,10403734722,1,"IOTHUB_CLIENT_CONFIRMATION_OK"
13047,10403734890,10403734954,1,"IOTHUB_CLIENT_CONFIRMATION_OK"
13048,10403735090,10403735120,1,"IOTHUB_CLIENT_CONFIRMATION_OK"
13049,10403735290,10403735331,1,"IOTHUB_CLIENT_CONFIRMATION_OK"
13050,10403735490,10403735524,1,"IOTHUB_CLIENT_CONFIRMATION_OK"
13051,10403735691,10403735734,1,"IOTHUB_CLIENT_CONFIRMATION_OK"
13052,10403735891,10403735944,1,"IOTHUB_CLIENT_CONFIRMATION_OK"
13053,10403736091,10403736123,1,"IOTHUB_CLIENT_CONFIRMATION_OK"
13054,10403736291,10403736323,1,"IOTHUB_CLIENT_CONFIRMATION_OK"
13055,10403736491,10403736569,1,"IOTHUB_CLIENT_CONFIRMATION_OK"
13056,10403736691,10403736720,1,"IOTHUB_CLIENT_CONFIRMATION_OK"
13057,10403736892,10403736935,1,"IOTHUB_CLIENT_CONFIRMATION_OK"
13058,10403737092,10403737204,1,"IOTHUB_CLIENT_CONFIRMATION_OK"
13059,10403737292,10403737328,1,"IOTHUB_CLIENT_CONFIRMATION_OK"
13060,10403737492,10403737520,1,"IOTHUB_CLIENT_CONFIRMATION_OK"
13061,10403737692,10403737725,1,"IOTHUB_CLIENT_CONFIRMATION_OK"
13062,10403737892,10403737920,1,"IOTHUB_CLIENT_CONFIRMATION_OK"
13063,10403738093,10403738123,1,"IOTHUB_CLIENT_CONFIRMATION_OK"
13064,10403738293,10403738324,1,"IOTHUB_CLIENT_CONFIRMATION_OK"
13065,10403738493,10403738521,1,"IOTHUB_CLIENT_CONFIRMATION_OK"
13066,10403738693,10403738824,1,"IOTHUB_CLIENT_CONFIRMATION_OK"
13067,10403738893,10403738923,1,"IOTHUB_CLIENT_CONFIRMATION_OK"
13068,10403739094,10403739122,1,"IOTHUB_CLIENT_CONFIRMATION_OK"
13069,10403739294,10403739448,1,"IOTHUB_CLIENT_CONFIRMATION_OK"
13070,10403739494,10403739526,1,"IOTHUB_CLIENT_CONFIRMATION_OK"
13071,10403739694,10403739735,1,"IOTHUB_CLIENT_CONFIRMATION_OK"
13072,10403739894,10403740002,1,"IOTHUB_CLIENT_CONFIRMATION_OK"
13073,10403740094,10403740125,1,"IOTHUB_CLIENT_CONFIRMATION_OK"
13074,10403740295,10403740324,1,"IOTHUB_CLIENT_CONFIRMATION_OK"
13075,10403740495,10403740524,1,"IOTHUB_CLIENT_CONFIRMATION_OK"
13076,10403740695,10403740723,1,"IOTHUB_CLIENT_CONFIRMATION_OK"
13077,10403740895,10403740935,1,"IOTHUB_CLIENT_CONFIRMATION_OK"
13078,10403741095,10403741128,1,"IOTHUB_CLIENT_CONFIRMATION_OK"
13079,10403741295,10403741330,1,"IOTHUB_CLIENT_CONFIRMATION_OK"
13080,10403741495,10403741525,1,"IOTHUB_CLIENT_CONFIRMATION_OK"
13081,10403741696,10403741727,1,"IOTHUB_CLIENT_CONFIRMATION_OK"
13082,10403741896,10403741936,1,"IOTHUB_CLIENT_CONFIRMATION_OK"
13083,10403742096,10403742294,1,"IOTHUB_CLIENT_CONFIRMATION_OK"
13084,10403742296,10403742325,1,"IOTHUB_CLIENT_CONFIRMATION_OK"
13085,10403742496,10403742572,1,"IOTHUB_CLIENT_CONFIRMATION_OK"
13086,10403742696,10403742725,1,"IOTHUB_CLIENT_CONFIRMATION_OK"
13087,10403742897,10403742927,1,"IOTHUB_CLIENT_CONFIRMATION_OK"
13088,10403743097,10403743139,1,"IOTHUB_CLIENT_CONFIRMATION_OK"
13089,10403743297,10403743325,1,"IOTHUB_CLIENT_CONFIRMATION_OK"
13090,10403743497,10403743528,1,"IOTHUB_CLIENT_CONFIRMATION_OK"
13091,10403743697,10403743726,1,"IOTHUB_CLIENT_CONFIRMATION_OK"
13092,10403743897,10403743929,1,"IOTHUB_CLIENT_CONFIRMATION_OK"
13093,10403744098,10403744131,1,"IOTHUB_CLIENT_CONFIRMATION_OK"
13094,10403744298,10403744337,1,"IOTHUB_CLIENT_CONFIRMATION_OK"
13095,10403744498,10403744530,1,"IOTHUB_CLIENT_CONFIRMATION_OK"
13096,10403744698,10403744733,1,"IOTHUB_CLIENT_CONFIRMATION_OK"
13097,10403744898,10403744932,1,"IOTHUB_CLIENT_CONFIRMATION_OK"
13098,10403745099,10403745127,1,"IOTHUB_CLIENT_CONFIRMATION_OK"
13099,10403745299,10403745335,1,"IOTHUB_CLIENT_CONFIRMATION_OK"
13100,10403745499,10403745542,1,"IOTHUB_CLIENT_CONFIRMATION_OK"
13101,10403745699,10403745732,1,"IOTHUB_CLIENT_CONFIRMATION_OK"
13102,10403745899,10403745929,1,"IOTHUB_CLIENT_CONFIRMATION_OK"
13103,10403746099,10403746150,1,"IOTHUB_CLIENT_CONFIRMATION_OK"
13104,10403746300,10403746445,1,"IOTHUB_CLIENT_CONFIRMATION_OK"
13105,10403746500,10403746529,1,"IOTHUB_CLIENT_CONFIRMATION_OK"
13106,10403746700,10403746729,1,"IOTHUB_CLIENT_CONFIRMATION_OK"
13107,10403746900,10403746933,1,"IOTHUB_CLIENT_CONFIRMATION_OK"
13108,10403747100,10403747130,1,"IOTHUB_CLIENT_CONFIRMATION_OK"
13109,10403747300,10403747362,1,"IOTHUB_CLIENT_CONFIRMATION_OK"
13110,10403747501,10403747532,1,"IOTHUB_CLIENT_CONFIRMATION_OK"
13111,10403747701,10403747730,1,"IOTHUB_CLIENT_CONFIRMATION_OK"
13112,10403747901,10403747945,1,"IOTHUB_CLIENT_CONFIRMATION_OK"
13113,10403748101,10403748144,1,"IOTHUB_CLIENT_CONFIRMATION_OK"
13114,10403748301,10403748476,1,"IOTHUB_CLIENT_CONFIRMATION_OK"
13115,10403748501,10403748532,1,"IOTHUB_CLIENT_CONFIRMATION_OK"
13116,10403748702,10403748733,1,"IOTHUB_CLIENT_CONFIRMATION_OK"
13117,10403748902,10403749085,1,"IOTHUB_CLIENT_CONFIRMATION_OK"
13118,10403749102,10403749142,1,"IOTHUB_CLIENT_CONFIRMATION_OK"
13119,10403749302,10403749337,1,"IOTHUB_CLIENT_CONFIRMATION_OK"
13120,10403749502,10403749531,1,"IOTHUB_CLIENT_CONFIRMATION_OK"
13121,10403749702,10403749771,1,"IOTHUB_CLIENT_CONFIRMATION_OK"
13122,10403749903,10403749939,1,"IOTHUB_CLIENT_CONFIRMATION_OK"
13123,10403750103,10403750134,1,"IOTHUB_CLIENT_CONFIRMATION_OK"
13124,10403750303,10403750333,1,"IOTHUB_CLIENT_CONFIRMATION_OK"
13125,10403750503,10403750542,1,"IOTHUB_CLIENT_CONFIRMATION_OK"
13126,10403750703,10403750733,1,"IOTHUB_CLIENT_CONFIRMATION_OK"
13127,10403750903,10403750933,1,"IOTHUB_CLIENT_CONFIRMATION_OK"
13128,10403751104,10403751143,1,"IOTHUB_CLIENT_CONFIRMATION_OK"
13129,10403751304,10403751334,1,"IOTHUB_CLIENT_CONFIRMATION_OK"
13130,10403751504,10403751534,1,"IOTHUB_CLIENT_CONFIRMATION_OK"
13131,10403751704,10403751735,1,"IOTHUB_CLIENT_CONFIRMATION_OK"
13132,10403751904,10403751933,1,"IOTHUB_CLIENT_CONFIRMATION_OK"
13133,10403752104,10403752135,1,"IOTHUB_CLIENT_CONFIRMATION_OK"
13134,10403752304,10403752355,1,"IOTHUB_CLIENT_CONFIRMATION_OK"
13135,10403752505,10403752536,1,"IOTHUB_CLIENT_CONFIRMATION_OK"
13136,10403752705,10403752752,1,"IOTHUB_CLIENT_CONFIRMATION_OK"
13137,10403752905,10403752946,1,"IOTHUB_CLIENT_CONFIRMATION_OK"
13138,10403753105,10403753133,1,"IOTHUB_CLIENT_CONFIRMATION_OK"
13139,10403753305,10403753335,1,"IOTHUB_CLIENT_CONFIRMATION_OK"
13140,10403753505,10403753570,1,"IOTHUB_CLIENT_CONFIRMATION_OK"
13141,10403753706,10403753734,1,"IOTHUB_CLIENT_CONFIRMATION_OK"
13142,10403753906,10403753936,1,"IOTHUB_CLIENT_CONFIRMATION_OK"
13143,10403754106,10403754192,1,"IOTHUB_CLIENT_CONFIRMATION_OK"
13144,10403754306,10403754337,1,"IOTHUB_CLIENT_CONFIRMATION_OK"
13145,10403754506,10403754539,1,"IOTHUB_CLIENT_CONFIRMATION_OK"
13146,10403754706,10403754737,1,"IOTHUB_CLIENT_CONFIRMATION_OK"
13147,10403754907,10403754938,1,"IOTHUB_CLIENT_CONFIRMATION_OK"
13148,10403755107,10403755181,1,"IOTHUB_CLIENT_CONFIRMATION_OK"
13149,10403755307,10403755356,1,"IOTHUB_CLIENT_CONFIRMATION_OK"
13150,10403755507,10403755540,1,"IOTHUB_CLIENT_CONFIRMATION_OK"
13151,10403755707,10403755793,1,"IOTHUB_CLIENT_CONFIRMATION_OK"
13152,10403755907,10403755939,1,"IOTHUB_CLIENT_CONFIRMATION_OK"
13153,10403756107,10403756141,1,"IOTHUB_CLIENT_CONFIRMATION_OK"
13154,10403756308,10403756402,1,"IOTHUB_CLIENT_CONFIRMATION_OK"
13155,10403756508,10403756536,1,"IOTHUB_CLIENT_CONFIRMATION_OK"
13156,10403756708,10403756738,1,"IOTHUB_CLIENT_CONFIRMATION_OK"
13157,10403756908,10403757015,1,"IOTHUB_CLIENT_CONFIRMATION_OK"
13158,10403757108,10403757173,1,"IOTHUB_CLIENT_CONFIRMATION_OK"
13159,10403757309,10403757349,1,"IOTHUB_CLIENT_CONFIRMATION_OK"
13160,10403757509,10403757539,1,"IOTHUB_CLIENT_CONFIRMATION_OK"
13161,10403757709,10403757740,1,"IOTHUB_CLIENT_CONFIRMATION_OK"
13162,10403757909,10403757939,1,"IOTHUB_CLIENT_CONFIRMATION_OK"
13163,10403758109,10403758140,1,"IOTHUB_CLIENT_CONFIRMATION_OK"
13164,10403758309,10403758340,1,"IOTHUB_CLIENT_CONFIRMATION_OK"
13165,10403758510,10403758635,1,"IOTHUB_CLIENT_CONFIRMATION_OK"
13166,10403758710,10403758738,1,"IOTHUB_CLIENT_CONFIRMATION_OK"
13167,10403758910,10403758956,1,"IOTHUB_CLIENT_CONFIRMATION_OK"
13168,10403759110,10403759266,1,"IOTHUB_CLIENT_CONFIRMATION_OK"
13169,10403759310,10403759344,1,"IOTHUB_CLIENT_CONFIRMATION_OK"
13170,10403759510,10403759545,1,"IOTHUB_CLIENT_CONFIRMATION_OK"
13171,10403759710,10403759767,1,"IOTHUB_CLIENT_CONFIRMATION_OK"
13172,10403759911,10403759941,1,"IOTHUB_CLIENT_CONFIRMATION_OK"
13173,10403760111,10403760139,1,"IOTHUB_CLIENT_CONFIRMATION_OK"
13174,10403760311,10403760372,1,"IOTHUB_CLIENT_CONFIRMATION_OK"
13175,10403760511,10403760542,1,"IOTHUB_CLIENT_CONFIRMATION_OK"
13176,10403760711,10403760743,1,"IOTHUB_CLIENT_CONFIRMATION_OK"
13177,10403760911,10403760976,1,"IOTHUB_CLIENT_CONFIRMATION_OK"
13178,10403761112,10403761143,1,"IOTHUB_CLIENT_CONFIRMATION_OK"
13179,10403761312,10403761468,1,"IOTHUB_CLIENT_CONFIRMATION_OK"
13180,10403761512,10403761548,1,"IOTHUB_CLIENT_CONFIRMATION_OK"
13181,10403761712,10403761742,1,"IOTHUB_CLIENT_CONFIRMATION_OK"
13182,10403761912,10403762095,1,"IOTHUB_CLIENT_CONFIRMATION_OK"
13183,10403762112,10403762141,1,"IOTHUB_CLIENT_CONFIRMATION_OK"
13184,10403762313,10403762341,1,"IOTHUB_CLIENT_CONFIRMATION_OK"
13185,10403762513,10403762543,1,"IOTHUB_CLIENT_CONFIRMATION_OK"
13186,10403762713,10403762745,1,"IOTHUB_CLIENT_CONFIRMATION_OK"
13187,10403762913,10403762952,1,"IOTHUB_CLIENT_CONFIRMATION_OK"
13188,10403763113,10403763146,1,"IOTHUB_CLIENT_CONFIRMATION_OK"
13189,10403763313,10403763346,1,"IOTHUB_CLIENT_CONFIRMATION_OK"
13190,10403763513,10403763543,1,"IOTHUB_CLIENT_CONFIRMATION_OK"
13191,10403763714,10403763744,1,"IOTHUB_CLIENT_CONFIRMATION_OK"
13192,10403763914,10403763946,1,"IOTHUB_CLIENT_CONFIRMATION_OK"
13193,10403764114,10403764146,1,"IOTHUB_CLIENT_CONFIRMATION_OK"
13194,10403764314,10403764347,1,"IOTHUB_CLIENT_CONFIRMATION_OK"
13195,10403764514,10403764547,1,"IOTHUB_CLIENT_CONFIRMATION_OK"
13196,10403764714,10403764775,1,"IOTHUB_CLIENT_CONFIRMATION_OK"
13197,10403764915,10403764952,1,"IOTHUB_CLIENT_CONFIRMATION_OK"
13198,10403765115,10403765149,1,"IOTHUB_CLIENT_CONFIRMATION_OK"
13199,10403765315,10403765368,1,"IOTHUB_CLIENT_CONFIRMATION_OK"
13200,10403765515,10403765545,1,"IOTHUB_CLIENT_CONFIRMATION_OK"
13201,10403765715,10403765750,1,"IOTHUB_CLIENT_CONFIRMATION_OK"
13202,10403765915,10403765968,1,"IOTHUB_CLIENT_CONFIRMATION_OK"
13203,10403766116,10403766150,1,"IOTHUB_CLIENT_CONFIRMATION_OK"
13204,10403766316,10403766348,1,"IOTHUB_CLIENT_CONFIRMATION_OK"
13205,10403766516,10403766581,1,"IOTHUB_CLIENT_CONFIRMATION_OK"
13206,10403766716,10403766748,1,"IOTHUB_CLIENT_CONFIRMATION_OK"
13207,10403766916,10403767045,1,"IOTHUB_CLIENT_CONFIRMATION_OK"
13208,10403767116,10403767235,1,"IOTHUB_CLIENT_CONFIRMATION_OK"
13209,10403767317,10403767346,1,"IOTHUB_CLIENT_CONFIRMATION_OK"
13210,10403767517,10403767549,1,"IOTHUB_CLIENT_CONFIRMATION_OK"
13211,10403767717,10403767751,1,"IOTHUB_CLIENT_CONFIRMATION_OK"
13212,10403767917,10403767965,1,"IOTHUB_CLIENT_CONFIRMATION_OK"
13213,10403768117,10403768258,1,"IOTHUB_CLIENT_CONFIRMATION_OK"
13214,10403768317,10403768356,1,"IOTHUB_CLIENT_CONFIRMATION_OK"
13215,10403768518,10403768580,1,"IOTHUB_CLIENT_CONFIRMATION_OK"
13216,10403768718,10403768859,1,"IOTHUB_CLIENT_CONFIRMATION_OK"
13217,10403768918,10403768949,1,"IOTHUB_CLIENT_CONFIRMATION_OK"
13218,10403769118,10403769148,1,"IOTHUB_CLIENT_CONFIRMATION_OK"
13219,10403769318,10403769348,1,"IOTHUB_CLIENT_CONFIRMATION_OK"
13220,10403769518,10403769550,1,"IOTHUB_CLIENT_CONFIRMATION_OK"
13221,10403769719,10403769748,1,"IOTHUB_CLIENT_CONFIRMATION_OK"
13222,10403769919,10403769948,1,"IOTHUB_CLIENT_CONFIRMATION_OK"
13223,10403770119,10403770177,1,"IOTHUB_CLIENT_CONFIRMATION_OK"
13224,10403770319,10403770358,1,"IOTHUB_CLIENT_CONFIRMATION_OK"
13225,10403770519,10403770552,1,"IOTHUB_CLIENT_CONFIRMATION_OK"
13226,10403770719,10403770772,1,"IOTHUB_CLIENT_CONFIRMATION_OK"
13227,10403770920,10403771083,1,"IOTHUB_CLIENT_CONFIRMATION_OK"
13228,10403771120,10403771151,1,"IOTHUB_CLIENT_CONFIRMATION_OK"
13229,10403771320,10403771353,1,"IOTHUB_CLIENT_CONFIRMATION_OK"
13230,10403771520,10403771549,1,"IOTHUB_CLIENT_CONFIRMATION_OK"
13231,10403771720,10403771749,1,"IOTHUB_CLIENT_CONFIRMATION_OK"
13232,10403771920,10403771952,1,"IOTHUB_CLIENT_CONFIRMATION_OK"
13233,10403772121,10403772173,1,"IOTHUB_CLIENT_CONFIRMATION_OK"
13234,10403772321,10403772354,1,"IOTHUB_CLIENT_CONFIRMATION_OK"
13235,10403772521,10403772554,1,"IOTHUB_CLIENT_CONFIRMATION_OK"
13236,10403772721,10403772755,1,"IOTHUB_CLIENT_CONFIRMATION_OK"
13237,10403772921,10403772950,1,"IOTHUB_CLIENT_CONFIRMATION_OK"
13238,10403773122,10403773160,1,"IOTHUB_CLIENT_CONFIRMATION_OK"
13239,10403773322,10403773374,1,"IOTHUB_CLIENT_CONFIRMATION_OK"
13240,10403773522,10403773551,1,"IOTHUB_CLIENT_CONFIRMATION_OK"
13241,10403773722,10403773783,1,"IOTHUB_CLIENT_CONFIRMATION_OK"
13242,10403773922,10403774007,1,"IOTHUB_CLIENT_CONFIRMATION_OK"
13243,10403774122,10403774156,1,"IOTHUB_CLIENT_CONFIRMATION_OK"
13244,10403774323,10403774420,1,"IOTHUB_CLIENT_CONFIRMATION_OK"
13245,10403774523,10403774565,1,"IOTHUB_CLIENT_CONFIRMATION_OK"
13246,10403774723,10403774751,1,"IOTHUB_CLIENT_CONFIRMATION_OK"
13247,10403774923,10403775014,1,"IOTHUB_CLIENT_CONFIRMATION_OK"
13248,10403775123,10403775164,1,"IOTHUB_CLIENT_CONFIRMATION_OK"
13249,10403775323,10403775354,1,"IOTHUB_CLIENT_CONFIRMATION_OK"
13250,10403775524,10403775649,1,"IOTHUB_CLIENT_CONFIRMATION_OK"
13251,10403775724,10403775765,1,"IOTHUB_CLIENT_CONFIRMATION_OK"
13252,10403775924,10403775966,1,"IOTHUB_CLIENT_CONFIRMATION_OK"
13253,10403776124,10403776156,1,"IOTHUB_CLIENT_CONFIRMATION_OK"
13254,10403776324,10403776357,1,"IOTHUB_CLIENT_CONFIRMATION_OK"
13255,10403776524,10403776569,1,"IOTHUB_CLIENT_CONFIRMATION_OK"
13256,10403776725,10403776759,1,"IOTHUB_CLIENT_CONFIRMATION_OK"
13257,10403776925,10403776959,1,"IOTHUB_CLIENT_CONFIRMATION_OK"
13258,10403777125,10403777157,1,"IOTHUB_CLIENT_CONFIRMATION_OK"
13259,10403777325,10403777354,1,"IOTHUB_CLIENT_CONFIRMATION_OK"
13260,10403777525,10403777563,1,"IOTHUB_CLIENT_CONFIRMATION_OK"
13261,10403777725,10403777909,1,"IOTHUB_CLIENT_CONFIRMATION_OK"
13262,10403777926,10403777960,1,"IOTHUB_CLIENT_CONFIRMATION_OK"
13263,10403778126,10403778158,1,"IOTHUB_CLIENT_CONFIRMATION_OK"
13264,10403778326,10403778357,1,"IOTHUB_CLIENT_CONFIRMATION_OK"
13265,10403778526,10403778577,1,"IOTHUB_CLIENT_CONFIRMATION_OK"
13266,10403778726,10403778754,1,"IOTHUB_CLIENT_CONFIRMATION_OK"
13267,10403778926,10403778968,1,"IOTHUB_CLIENT_CONFIRMATION_OK"
13268,10403779127,10403779167,1,"IOTHUB_CLIENT_CONFIRMATION_OK"
13269,10403779327,10403779377,1,"IOTHUB_CLIENT_CONFIRMATION_OK"
13270,10403779527,10403779746,1,"IOTHUB_CLIENT_CONFIRMATION_OK"
13271,10403779727,10403779762,1,"IOTHUB_CLIENT_CONFIRMATION_OK"
13272,10403779927,10403779963,1,"IOTHUB_CLIENT_CONFIRMATION_OK"
13273,10403780127,10403780169,1,"IOTHUB_CLIENT_CONFIRMATION_OK"
13274,10403780328,10403780361,1,"IOTHUB_CLIENT_CONFIRMATION_OK"
13275,10403780528,10403780571,1,"IOTHUB_CLIENT_CONFIRMATION_OK"
13276,10403780728,10403780758,1,"IOTHUB_CLIENT_CONFIRMATION_OK"
13277,10403780928,10403780959,1,"IOTHUB_CLIENT_CONFIRMATION_OK"
13278,10403781128,10403781178,1,"IOTHUB_CLIENT_CONFIRMATION_OK"
13279,10403781328,10403781358,1,"IOTHUB_CLIENT_CONFIRMATION_OK"
13280,10403781528,10403781560,1,"IOTHUB_CLIENT_CONFIRMATION_OK"
13281,10403781729,10403781780,1,"IOTHUB_CLIENT_CONFIRMATION_OK"
13282,10403781929,10403781964,1,"IOTHUB_CLIENT_CONFIRMATION_OK"
13283,10403782129,10403782163,1,"IOTHUB_CLIENT_CONFIRMATION_OK"
13284,10403782329,10403782410,1,"IOTHUB_CLIENT_CONFIRMATION_OK"
13285,10403782529,10403782558,1,"IOTHUB_CLIENT_CONFIRMATION_OK"
13286,10403782730,10403782775,1,"IOTHUB_CLIENT_CONFIRMATION_OK"
13287,10403782930,10403783023,1,"IOTHUB_CLIENT_CONFIRMATION_OK"
13288,10403783130,10403783172,1,"IOTHUB_CLIENT_CONFIRMATION_OK"
13289,10403783330,10403783364,1,"IOTHUB_CLIENT_CONFIRMATION_OK"
13290,10403783530,10403783566,1,"IOTHUB_CLIENT_CONFIRMATION_OK"
13291,10403783730,10403783760,1,"IOTHUB_CLIENT_CONFIRMATION_OK"
13292,10403783930,10403783961,1,"IOTHUB_CLIENT_CONFIRMATION_OK"
13293,10403784131,10403784174,1,"IOTHUB_CLIENT_CONFIRMATION_OK"
13294,10403784331,10403784365,1,"IOTHUB_CLIENT_CONFIRMATION_OK"
13295,10403784531,10403784645,1,"IOTHUB_CLIENT_CONFIRMATION_OK"
13296,10403784731,10403784759,1,"IOTHUB_CLIENT_CONFIRMATION_OK"
13297,10403784931,10403784982,1,"IOTHUB_CLIENT_CONFIRMATION_OK"
13298,10403785131,10403785252,1,"IOTHUB_CLIENT_CONFIRMATION_OK"
13299,10403785332,10403785367,1,"IOTHUB_CLIENT_CONFIRMATION_OK"
13300,10403785532,10403785560,1,"IOTHUB_CLIENT_CONFIRMATION_OK"
13301,10403785732,10403785827,1,"IOTHUB_CLIENT_CONFIRMATION_OK"
13302,10403785932,10403785973,1,"IOTHUB_CLIENT_CONFIRMATION_OK"
13303,10403786132,10403786163,1,"IOTHUB_CLIENT_CONFIRMATION_OK"
13304,10403786332,10403786362,1,"IOTHUB_CLIENT_CONFIRMATION_OK"
13305,10403786533,10403786566,1,"IOTHUB_CLIENT_CONFIRMATION_OK"
13306,10403786733,10403786771,1,"IOTHUB_CLIENT_CONFIRMATION_OK"
13307,10403786933,10403786988,1,"IOTHUB_CLIENT_CONFIRMATION_OK"
13308,10403787133,10403787163,1,"IOTHUB_CLIENT_CONFIRMATION_OK"
13309,10403787333,10403787490,1,"IOTHUB_CLIENT_CONFIRMATION_OK"
13310,10403787533,10403787578,1,"IOTHUB_CLIENT_CONFIRMATION_OK"
13311,10403787734,10403787789,1,"IOTHUB_CLIENT_CONFIRMATION_OK"
13312,10403787934,10403788101,1,"IOTHUB_CLIENT_CONFIRMATION_OK"
13313,10403788134,10403788164,1,"IOTHUB_CLIENT_CONFIRMATION_OK"
13314,10403788334,10403788366,1,"IOTHUB_CLIENT_CONFIRMATION_OK"
13315,10403788534,10403788567,1,"IOTHUB_CLIENT_CONFIRMATION_OK"
13316,10403788734,10403788764,1,"IOTHUB_CLIENT_CONFIRMATION_OK"
13317,10403788935,10403788963,1,"IOTHUB_CLIENT_CONFIRMATION_OK"
13318,10403789135,10403789164,1,"IOTHUB_CLIENT_CONFIRMATION_OK"
13319,10403789335,10403789365,1,"IOTHUB_CLIENT_CONFIRMATION_OK"
13320,10403789535,10403789568,1,"IOTHUB_CLIENT_CONFIRMATION_OK"
13321,10403789735,10403789765,1,"IOTHUB_CLIENT_CONFIRMATION_OK"
13322,10403789935,10403789963,1,"IOTHUB_CLIENT_CONFIRMATION_OK"
13323,10403790136,10403790166,1,"IOTHUB_CLIENT_CONFIRMATION_OK"
13324,10403790336,10403790367,1,"IOTHUB_CLIENT_CONFIRMATION_OK"
13325,10403790536,10403790569,1,"IOTHUB_CLIENT_CONFIRMATION_OK"
13326,10403790736,10403790940,1,"IOTHUB_CLIENT_CONFIRMATION_OK"
13327,10403790936,10403790972,1,"IOTHUB_CLIENT_CONFIRMATION_OK"
13328,10403791136,10403791166,1,"IOTHUB_CLIENT_CONFIRMATION_OK"
13329,10403791336,10403791369,1,"IOTHUB_CLIENT_CONFIRMATION_OK"
13330,10403791537,10403791569,1,"IOTHUB_CLIENT_CONFIRMATION_OK"
13331,10403791737,10403791772,1,"IOTHUB_CLIENT_CONFIRMATION_OK"
13332,10403791937,10403791977,1,"IOTHUB_CLIENT_CONFIRMATION_OK"
13333,10403792137,10403792166,1,"IOTHUB_CLIENT_CONFIRMATION_OK"
13334,10403792337,10403792375,1,"IOTHUB_CLIENT_CONFIRMATION_OK"
13335,10403792537,10403792601,1,"IOTHUB_CLIENT_CONFIRMATION_OK"
13336,10403792738,10403792768,1,"IOTHUB_CLIENT_CONFIRMATION_OK"
13337,10403792938,10403792970,1,"IOTHUB_CLIENT_CONFIRMATION_OK"
13338,10403793138,10403793198,1,"IOTHUB_CLIENT_CONFIRMATION_OK"
13339,10403793338,10403793373,1,"IOTHUB_CLIENT_CONFIRMATION_OK"
13340,10403793538,10403793567,1,"IOTHUB_CLIENT_CONFIRMATION_OK"
13341,10403793738,10403793766,1,"IOTHUB_CLIENT_CONFIRMATION_OK"
13342,10403793939,10403793968,1,"IOTHUB_CLIENT_CONFIRMATION_OK"
13343,10403794139,10403794203,1,"IOTHUB_CLIENT_CONFIRMATION_OK"
13344,10403794339,10403794377,1,"IOTHUB_CLIENT_CONFIRMATION_OK"
13345,10403794539,10403794569,1,"IOTHUB_CLIENT_CONFIRMATION_OK"
13346,10403794739,10403794820,1,"IOTHUB_CLIENT_CONFIRMATION_OK"
13347,10403794939,10403794972,1,"IOTHUB_CLIENT_CONFIRMATION_OK"
13348,10403795140,10403795176,1,"IOTHUB_CLIENT_CONFIRMATION_OK"
13349,10403795340,10403795428,1,"IOTHUB_CLIENT_CONFIRMATION_OK"
13350,10403795540,10403795581,1,"IOTHUB_CLIENT_CONFIRMATION_OK"
13351,10403795740,10403795769,1,"IOTHUB_CLIENT_CONFIRMATION_OK"
13352,10403795940,10403796043,1,"IOTHUB_CLIENT_CONFIRMATION_OK"
13353,10403796140,10403796171,1,"IOTHUB_CLIENT_CONFIRMATION_OK"
13354,10403796341,10403796368,1,"IOTHUB_CLIENT_CONFIRMATION_OK"
13355,10403796541,10403796576,1,"IOTHUB_CLIENT_CONFIRMATION_OK"
13356,10403796741,10403796848,1,"IOTHUB_CLIENT_CONFIRMATION_OK"
13357,10403796941,10403796972,1,"IOTHUB_CLIENT_CONFIRMATION_OK"
13358,10403797141,10403797175,1,"IOTHUB_CLIENT_CONFIRMATION_OK"
13359,10403797341,10403797376,1,"IOTHUB_CLIENT_CONFIRMATION_OK"
13360,10403797541,10403797573,1,"IOTHUB_CLIENT_CONFIRMATION_OK"
13361,10403797742,10403797774,1,"IOTHUB_CLIENT_CONFIRMATION_OK"
13362,10403797942,10403797975,1,"IOTHUB_CLIENT_CONFIRMATION_OK"
13363,10403798142,10403798177,1,"IOTHUB_CLIENT_CONFIRMATION_OK"
13364,10403798342,10403798376,1,"IOTHUB_CLIENT_CONFIRMATION_OK"
13365,10403798542,10403798576,1,"IOTHUB_CLIENT_CONFIRMATION_OK"
13366,10403798742,10403798781,1,"IOTHUB_CLIENT_CONFIRMATION_OK"
13367,10403798943,10403798977,1,"IOTHUB_CLIENT_CONFIRMATION_OK"
13368,10403799143,10403799171,1,"IOTHUB_CLIENT_CONFIRMATION_OK"
13369,10403799343,10403799387,1,"IOTHUB_CLIENT_CONFIRMATION_OK"
13370,10403799543,10403799575,1,"IOTHUB_CLIENT_CONFIRMATION_OK"
13371,10403799743,10403799792,1,"IOTHUB_CLIENT_CONFIRMATION_OK"
13372,10403799943,10403800006,1,"IOTHUB_CLIENT_CONFIRMATION_OK"
13373,10403800144,10403800183,1,"IOTHUB_CLIENT_CONFIRMATION_OK"
13374,10403800344,10403800386,1,"IOTHUB_CLIENT_CONFIRMATION_OK"
13375,10403800544,10403800574,1,"IOTHUB_CLIENT_CONFIRMATION_OK"
13376,10403800744,10403800776,1,"IOTHUB_CLIENT_CONFIRMATION_OK"
13377,10403800944,10403800999,1,"IOTHUB_CLIENT_CONFIRMATION_OK"
13378,10403801144,10403801175,1,"IOTHUB_CLIENT_CONFIRMATION_OK"
13379,10403801344,10403801394,1,"IOTHUB_CLIENT_CONFIRMATION_OK"
13380,10403801545,10403801630,1,"IOTHUB_CLIENT_CONFIRMATION_OK"
13381,10403801745,10403801773,1,"IOTHUB_CLIENT_CONFIRMATION_OK"
13382,10403801945,10403801982,1,"IOTHUB_CLIENT_CONFIRMATION_OK"
13383,10403802145,10403802236,1,"IOTHUB_CLIENT_CONFIRMATION_OK"
13384,10403802345,10403802412,1,"IOTHUB_CLIENT_CONFIRMATION_OK"
13385,10403802545,10403802575,1,"IOTHUB_CLIENT_CONFIRMATION_OK"
13386,10403802746,10403802788,1,"IOTHUB_CLIENT_CONFIRMATION_OK"
13387,10403802946,10403802977,1,"IOTHUB_CLIENT_CONFIRMATION_OK"
13388,10403803146,10403803175,1,"IOTHUB_CLIENT_CONFIRMATION_OK"
13389,10403803346,10403803382,1,"IOTHUB_CLIENT_CONFIRMATION_OK"
13390,10403803546,10403803577,1,"IOTHUB_CLIENT_CONFIRMATION_OK"
13391,10403803746,10403803853,1,"IOTHUB_CLIENT_CONFIRMATION_OK"
13392,10403803947,10403803975,1,"IOTHUB_CLIENT_CONFIRMATION_OK"
13393,10403804147,10403804178,1,"IOTHUB_CLIENT_CONFIRMATION_OK"
13394,10403804347,10403804480,1,"IOTHUB_CLIENT_CONFIRMATION_OK"
13395,10403804547,10403804578,1,"IOTHUB_CLIENT_CONFIRMATION_OK"
13396,10403804747,10403804780,1,"IOTHUB_CLIENT_CONFIRMATION_OK"
13397,10403804947,10403805088,1,"IOTHUB_CLIENT_CONFIRMATION_OK"
13398,10403805148,10403805176,1,"IOTHUB_CLIENT_CONFIRMATION_OK"
13399,10403805348,10403805378,1,"IOTHUB_CLIENT_CONFIRMATION_OK"
13400,10403805548,10403805598,1,"IOTHUB_CLIENT_CONFIRMATION_OK"
13401,10403805748,10403805779,1,"IOTHUB_CLIENT_CONFIRMATION_OK"
13402,10403805948,10403805982,1,"IOTHUB_CLIENT_CONFIRMATION_OK"
13403,10403806148,10403806189,1,"IOTHUB_CLIENT_CONFIRMATION_OK"
13404,10403806349,10403806380,1,"IOTHUB_CLIENT_CONFIRMATION_OK"
13405,10403806549,10403806580,1,"IOTHUB_CLIENT_CONFIRMATION_OK"
13406,10403806749,10403806787,1,"IOTHUB_CLIENT_CONFIRMATION_OK"
13407,10403806949,10403806998,1,"IOTHUB_CLIENT_CONFIRMATION_OK"
13408,10403807149,10403807428,1,"IOTHUB_CLIENT_CONFIRMATION_OK"
13409,10403807349,10403807445,1,"IOTHUB_CLIENT_CONFIRMATION_OK"
13410,10403807549,10403807583,1,"IOTHUB_CLIENT_CONFIRMATION_OK"
13411,10403807750,10403807816,1,"IOTHUB_CLIENT_CONFIRMATION_OK"
13412,10403807950,10403807982,1,"IOTHUB_CLIENT_CONFIRMATION_OK"
13413,10403808150,10403808263,1,"IOTHUB_CLIENT_CONFIRMATION_OK"
13414,10403808350,10403808498,1,"IOTHUB_CLIENT_CONFIRMATION_OK"
13415,10403808550,10403808582,1,"IOTHUB_CLIENT_CONFIRMATION_OK"
13416,10403808750,10403808783,1,"IOTHUB_CLIENT_CONFIRMATION_OK"
13417,10403808951,10403809001,1,"IOTHUB_CLIENT_CONFIRMATION_OK"
13418,10403809151,10403809180,1,"IOTHUB_CLIENT_CONFIRMATION_OK"
13419,10403809351,10403809379,1,"IOTHUB_CLIENT_CONFIRMATION_OK"
13420,10403809551,10403809586,1,"IOTHUB_CLIENT_CONFIRMATION_OK"
13421,10403809751,10403809793,1,"IOTHUB_CLIENT_CONFIRMATION_OK"
13422,10403809951,10403809982,1,"IOTHUB_CLIENT_CONFIRMATION_OK"
13423,10403810152,10403810186,1,"IOTHUB_CLIENT_CONFIRMATION_OK"
13424,10403810352,10403810391,1,"IOTHUB_CLIENT_CONFIRMATION_OK"
13425,10403810552,10403810719,1,"IOTHUB_CLIENT_CONFIRMATION_OK"
13426,10403810752,10403810794,1,"IOTHUB_CLIENT_CONFIRMATION_OK"
13427,10403810952,10403810983,1,"IOTHUB_CLIENT_CONFIRMATION_OK"
13428,10403811152,10403811202,1,"IOTHUB_CLIENT_CONFIRMATION_OK"
13429,10403811353,10403811383,1,"IOTHUB_CLIENT_CONFIRMATION_OK"
13430,10403811553,10403811592,1,"IOTHUB_CLIENT_CONFIRMATION_OK"
13431,10403811753,10403811788,1,"IOTHUB_CLIENT_CONFIRMATION_OK"
13432,10403811953,10403811981,1,"IOTHUB_CLIENT_CONFIRMATION_OK"
13433,10403812153,10403812186,1,"IOTHUB_CLIENT_CONFIRMATION_OK"
13434,10403812353,10403812389,1,"IOTHUB_CLIENT_CONFIRMATION_OK"
13435,10403812554,10403812603,1,"IOTHUB_CLIENT_CONFIRMATION_OK"
13436,10403812754,10403812786,1,"IOTHUB_CLIENT_CONFIRMATION_OK"
13437,10403812954,10403813000,1,"IOTHUB_CLIENT_CONFIRMATION_OK"
13438,10403813154,10403813211,1,"IOTHUB_CLIENT_CONFIRMATION_OK"
13439,10403813354,10403813388,1,"IOTHUB_CLIENT_CONFIRMATION_OK"
13440,10403813554,10403813586,1,"IOTHUB_CLIENT_CONFIRMATION_OK"
13441,10403813755,10403813839,1,"IOTHUB_CLIENT_CONFIRMATION_OK"
13442,10403813955,10403814051,1,"IOTHUB_CLIENT_CONFIRMATION_OK"
13443,10403814155,10403814183,1,"IOTHUB_CLIENT_CONFIRMATION_OK"
13444,10403814355,10403814386,1,"IOTHUB_CLIENT_CONFIRMATION_OK"
13445,10403814555,10403814662,1,"IOTHUB_CLIENT_CONFIRMATION_OK"
13446,10403814756,10403814816,1,"IOTHUB_CLIENT_CONFIRMATION_OK"
13447,10403814956,10403814986,1,"IOTHUB_CLIENT_CONFIRMATION_OK"
13448,10403815156,10403815280,1,"IOTHUB_CLIENT_CONFIRMATION_OK"
13449,10403815356,10403815403,1,"IOTHUB_CLIENT_CONFIRMATION_OK"
13450,10403815556,10403815584,1,"IOTHUB_CLIENT_CONFIRMATION_OK"
13451,10403815756,10403815810,1,"IOTHUB_CLIENT_CONFIRMATION_OK"
13452,10403815956,10403815991,1,"IOTHUB_CLIENT_CONFIRMATION_OK"
13453,10403816157,10403816186,1,"IOTHUB_CLIENT_CONFIRMATION_OK"
13454,10403816357,10403816388,1,"IOTHUB_CLIENT_CONFIRMATION_OK"
13455,10403816557,10403816590,1,"IOTHUB_CLIENT_CONFIRMATION_OK"
13456,10403816757,10403816912,1,"IOTHUB_CLIENT_CONFIRMATION_OK"
13457,10403816957,10403816993,1,"IOTHUB_CLIENT_CONFIRMATION_OK"
13458,10403817157,10403817191,1,"IOTHUB_CLIENT_CONFIRMATION_OK"
13459,10403817358,10403817534,1,"IOTHUB_CLIENT_CONFIRMATION_OK"
13460,10403817558,10403817596,1,"IOTHUB_CLIENT_CONFIRMATION_OK"
13461,10403817758,10403817791,1,"IOTHUB_CLIENT_CONFIRMATION_OK"
13462,10403817958,10403817995,1,"IOTHUB_CLIENT_CONFIRMATION_OK"
13463,10403818158,10403818187,1,"IOTHUB_CLIENT_CONFIRMATION_OK"
13464,10403818358,10403818394,1,"IOTHUB_CLIENT_CONFIRMATION_OK"
13465,10403818559,10403818588,1,"IOTHUB_CLIENT_CONFIRMATION_OK"
13466,10403818759,10403818805,1,"IOTHUB_CLIENT_CONFIRMATION_OK"
13467,10403818959,10403818992,1,"IOTHUB_CLIENT_CONFIRMATION_OK"
13468,10403819159,10403819191,1,"IOTHUB_CLIENT_CONFIRMATION_OK"
13469,10403819359,10403819397,1,"IOTHUB_CLIENT_CONFIRMATION_OK"
13470,10403819559,10403819590,1,"IOTHUB_CLIENT_CONFIRMATION_OK"
13471,10403819760,10403819801,1,"IOTHUB_CLIENT_CONFIRMATION_OK"
13472,10403819960,10403819988,1,"IOTHUB_CLIENT_CONFIRMATION_OK"
13473,10403820160,10403820195,1,"IOTHUB_CLIENT_CONFIRMATION_OK"
13474,10403820360,10403820416,1,"IOTHUB_CLIENT_CONFIRMATION_OK"
13475,10403820560,10403820592,1,"IOTHUB_CLIENT_CONFIRMATION_OK"
13476,10403820760,10403820803,1,"IOTHUB_CLIENT_CONFIRMATION_OK"
13477,10403820961,10403821046,1,"IOTHUB_CLIENT_CONFIRMATION_OK"
13478,10403821161,10403821194,1,"IOTHUB_CLIENT_CONFIRMATION_OK"
13479,10403821361,10403821472,1,"IOTHUB_CLIENT_CONFIRMATION_OK"
13480,10403821561,10403821591,1,"IOTHUB_CLIENT_CONFIRMATION_OK"
13481,10403821761,10403821794,1,"IOTHUB_CLIENT_CONFIRMATION_OK"
13482,10403821961,10403822081,1,"IOTHUB_CLIENT_CONFIRMATION_OK"
13483,10403822162,10403822192,1,"IOTHUB_CLIENT_CONFIRMATION_OK"
13484,10403822362,10403822397,1,"IOTHUB_CLIENT_CONFIRMATION_OK"
13485,10403822562,10403822592,1,"IOTHUB_CLIENT_CONFIRMATION_OK"
13486,10403822762,10403822792,1,"IOTHUB_CLIENT_CONFIRMATION_OK"
13487,10403822962,10403822993,1,"IOTHUB_CLIENT_CONFIRMATION_OK"
13488,10403823162,10403823196,1,"IOTHUB_CLIENT_CONFIRMATION_OK"
13489,10403823363,10403823393,1,"IOTHUB_CLIENT_CONFIRMATION_OK"
13490,10403823563,10403823780,1,"IOTHUB_CLIENT_CONFIRMATION_OK"
13491,10403823763,10403823802,1,"IOTHUB_CLIENT_CONFIRMATION_OK"
13492,10403823963,10403823993,1,"IOTHUB_CLIENT_CONFIRMATION_OK"
13493,10403824163,10403824198,1,"IOTHUB_CLIENT_CONFIRMATION_OK"
13494,10403824363,10403824392,1,"IOTHUB_CLIENT_CONFIRMATION_OK"
13495,10403824564,10403824597,1,"IOTHUB_CLIENT_CONFIRMATION_OK"
13496,10403824764,10403824805,1,"IOTHUB_CLIENT_CONFIRMATION_OK"
13497,10403824964,10403824995,1,"IOTHUB_CLIENT_CONFIRMATION_OK"
13498,10403825164,10403825197,1,"IOTHUB_CLIENT_CONFIRMATION_OK"
13499,10403825364,10403825432,1,"IOTHUB_CLIENT_CONFIRMATION_OK"
13500,10403825564,10403825609,1,"IOTHUB_CLIENT_CONFIRMATION_OK"
13501,10403825765,10403825793,1,"IOTHUB_CLIENT_CONFIRMATION_OK"
13502,10403825965,10403826061,1,"IOTHUB_CLIENT_CONFIRMATION_OK"
13503,10403826165,10403826197,1,"IOTHUB_CLIENT_CONFIRMATION_OK"
13504,10403826365,10403826394,1,"IOTHUB_CLIENT_CONFIRMATION_OK"
13505,10403826565,10403826596,1,"IOTHUB_CLIENT_CONFIRMATION_OK"
13506,10403826765,10403826795,1,"IOTHUB_CLIENT_CONFIRMATION_OK"
13507,10403826965,10403827084,1,"IOTHUB_CLIENT_CONFIRMATION_OK"
13508,10403827166,10403827196,1,"IOTHUB_CLIENT_CONFIRMATION_OK"
13509,10403827366,10403827399,1,"IOTHUB_CLIENT_CONFIRMATION_OK"
13510,10403827566,10403827702,1,"IOTHUB_CLIENT_CONFIRMATION_OK"
13511,10403827766,10403827796,1,"IOTHUB_CLIENT_CONFIRMATION_OK"
13512,10403827966,10403827996,1,"IOTHUB_CLIENT_CONFIRMATION_OK"
13513,10403828166,10403828307,1,"IOTHUB_CLIENT_CONFIRMATION_OK"
13514,10403828367,10403828399,1,"IOTHUB_CLIENT_CONFIRMATION_OK"
13515,10403828567,10403828596,1,"IOTHUB_CLIENT_CONFIRMATION_OK"
13516,10403828767,10403828797,1,"IOTHUB_CLIENT_CONFIRMATION_OK"
13517,10403828967,10403829014,1,"IOTHUB_CLIENT_CONFIRMATION_OK"
13518,10403829167,10403829199,1,"IOTHUB_CLIENT_CONFIRMATION_OK"
13519,10403829367,10403829399,1,"IOTHUB_CLIENT_CONFIRMATION_OK"
13520,10403829568,10403829599,1,"IOTHUB_CLIENT_CONFIRMATION_OK"
13521,10403829768,10403829799,1,"IOTHUB_CLIENT_CONFIRMATION_OK"
13522,10403829968,10403829996,1,"IOTHUB_CLIENT_CONFIRMATION_OK"
13523,10403830168,10403830232,1,"IOTHUB_CLIENT_CONFIRMATION_OK"
13524,10403830368,10403830557,1,"IOTHUB_CLIENT_CONFIRMATION_OK"
13525,10403830568,10403830599,1,"IOTHUB_CLIENT_CONFIRMATION_OK"
13526,10403830769,10403830802,1,"IOTHUB_CLIENT_CONFIRMATION_OK"
13527,10403830969,10403830998,1,"IOTHUB_CLIENT_CONFIRMATION_OK"
13528,10403831169,10403831197,1,"IOTHUB_CLIENT_CONFIRMATION_OK"
13529,10403831369,10403831399,1,"IOTHUB_CLIENT_CONFIRMATION_OK"
13530,10403831569,10403831601,1,"IOTHUB_CLIENT_CONFIRMATION_OK"
13531,10403831769,10403831802,1,"IOTHUB_CLIENT_CONFIRMATION_OK"
13532,10403831970,10403831999,1,"IOTHUB_CLIENT_CONFIRMATION_OK"
13533,10403832170,10403832201,1,"IOTHUB_CLIENT_CONFIRMATION_OK"
13534,10403832370,10403832402,1,"IOTHUB_CLIENT_CONFIRMATION_OK"
13535,10403832570,10403832612,1,"IOTHUB_CLIENT_CONFIRMATION_OK"
13536,10403832770,10403832800,1,"IOTHUB_CLIENT_CONFIRMATION_OK"
13537,10403832971,10403833020,1,"IOTHUB_CLIENT_CONFIRMATION_OK"
13538,10403833171,10403833206,1,"IOTHUB_CLIENT_CONFIRMATION_OK"
13539,10403833371,10403833418,1,"IOTHUB_CLIENT_CONFIRMATION_OK"
13540,10403833571,10403833602,1,"IOTHUB_CLIENT_CONFIRMATION_OK"
13541,10403833771,10403833805,1,"IOTHUB_CLIENT_CONFIRMATION_OK"
13542,10403833971,10403834009,1,"IOTHUB_CLIENT_CONFIRMATION_OK"
13543,10403834172,10403834206,1,"IOTHUB_CLIENT_CONFIRMATION_OK"
13544,10403834372,10403834410,1,"IOTHUB_CLIENT_CONFIRMATION_OK"
13545,10403834572,10403834602,1,"IOTHUB_CLIENT_CONFIRMATION_OK"
13546,10403834772,10403834807,1,"IOTHUB_CLIENT_CONFIRMATION_OK"
13547,10403834972,10403835017,1,"IOTHUB_CLIENT_CONFIRMATION_OK"
13548,10403835172,10403835208,1,"IOTHUB_CLIENT_CONFIRMATION_OK"
13549,10403835373,10403835406,1,"IOTHUB_CLIENT_CONFIRMATION_OK"
13550,10403835573,10403835633,1,"IOTHUB_CLIENT_CONFIRMATION_OK"
13551,10403835773,10403835811,1,"IOTHUB_CLIENT_CONFIRMATION_OK"
13552,10403835973,10403836020,1,"IOTHUB_CLIENT_CONFIRMATION_OK"
13553,10403836173,10403836284,1,"IOTHUB_CLIENT_CONFIRMATION_OK"
13554,10403836373,10403836404,1,"IOTHUB_CLIENT_CONFIRMATION_OK"
13555,10403836574,10403836609,1,"IOTHUB_CLIENT_CONFIRMATION_OK"
13556,10403836774,10403836806,1,"IOTHUB_CLIENT_CONFIRMATION_OK"
13557,10403836974,10403837003,1,"IOTHUB_CLIENT_CONFIRMATION_OK"
13558,10403837174,10403837287,1,"IOTHUB_CLIENT_CONFIRMATION_OK"
13559,10403837374,10403837406,1,"IOTHUB_CLIENT_CONFIRMATION_OK"
13560,10403837574,10403837605,1,"IOTHUB_CLIENT_CONFIRMATION_OK"
13561,10403837775,10403837905,1,"IOTHUB_CLIENT_CONFIRMATION_OK"
13562,10403837975,10403838018,1,"IOTHUB_CLIENT_CONFIRMATION_OK"
13563,10403838175,10403838206,1,"IOTHUB_CLIENT_CONFIRMATION_OK"
13564,10403838375,10403838404,1,"IOTHUB_CLIENT_CONFIRMATION_OK"
13565,10403838575,10403838605,1,"IOTHUB_CLIENT_CONFIRMATION_OK"
13566,10403838775,10403838805,1,"IOTHUB_CLIENT_CONFIRMATION_OK"
13567,10403838975,10403839031,1,"IOTHUB_CLIENT_CONFIRMATION_OK"
13568,10403839176,10403839212,1,"IOTHUB_CLIENT_CONFIRMATION_OK"
13569,10403839376,10403839412,1,"IOTHUB_CLIENT_CONFIRMATION_OK"
13570,10403839576,10403839607,1,"IOTHUB_CLIENT_CONFIRMATION_OK"
13571,10403839776,10403839808,1,"IOTHUB_CLIENT_CONFIRMATION_OK"
13572,10403839976,10403840162,1,"IOTHUB_CLIENT_CONFIRMATION_OK"
13573,10403840176,10403840212,1,"IOTHUB_CLIENT_CONFIRMATION_OK"
13574,10403840377,10403840407,1,"IOTHUB_CLIENT_CONFIRMATION_OK"
13575,10403840577,10403840613,1,"IOTHUB_CLIENT_CONFIRMATION_OK"
13576,10403840777,10403840810,1,"IOTHUB_CLIENT_CONFIRMATION_OK"
13577,10403840977,10403841007,1,"IOTHUB_CLIENT_CONFIRMATION_OK"
13578,10403841177,10403841222,1,"IOTHUB_CLIENT_CONFIRMATION_OK"
13579,10403841377,10403841412,1,"IOTHUB_CLIENT_CONFIRMATION_OK"
13580,10403841578,10403841609,1,"IOTHUB_CLIENT_CONFIRMATION_OK"
13581,10403841778,10403841847,1,"IOTHUB_CLIENT_CONFIRMATION_OK"
13582,10403841978,10403842014,1,"IOTHUB_CLIENT_CONFIRMATION_OK"
13583,10403842178,10403842210,1,"IOTHUB_CLIENT_CONFIRMATION_OK"
13584,10403842378,10403842444,1,"IOTHUB_CLIENT_CONFIRMATION_OK"
13585,10403842578,10403842668,1,"IOTHUB_CLIENT_CONFIRMATION_OK"
13586,10403842779,10403842861,1,"IOTHUB_CLIENT_CONFIRMATION_OK"
13587,10403842979,10403843091,1,"IOTHUB_CLIENT_CONFIRMATION_OK"
13588,10403843179,10403843211,1,"IOTHUB_CLIENT_CONFIRMATION_OK"
13589,10403843379,10403843476,1,"IOTHUB_CLIENT_CONFIRMATION_OK"
13590,10403843579,10403843621,1,"IOTHUB_CLIENT_CONFIRMATION_OK"
13591,10403843779,10403843808,1,"IOTHUB_CLIENT_CONFIRMATION_OK"
13592,10403843980,10403844086,1,"IOTHUB_CLIENT_CONFIRMATION_OK"
13593,10403844180,10403844214,1,"IOTHUB_CLIENT_CONFIRMATION_OK"
13594,10403844380,10403844411,1,"IOTHUB_CLIENT_CONFIRMATION_OK"
13595,10403844580,10403844707,1,"IOTHUB_CLIENT_CONFIRMATION_OK"
13596,10403844780,10403844809,1,"IOTHUB_CLIENT_CONFIRMATION_OK"
13597,10403844980,10403845014,1,"IOTHUB_CLIENT_CONFIRMATION_OK"
13598,10403845181,10403845211,1,"IOTHUB_CLIENT_CONFIRMATION_OK"
13599,10403845381,10403845421,1,"IOTHUB_CLIENT_CONFIRMATION_OK"
13600,10403845581,10403845610,1,"IOTHUB_CLIENT_CONFIRMATION_OK"
13601,10403845781,10403845820,1,"IOTHUB_CLIENT_CONFIRMATION_OK"
13602,10403845981,10403846011,1,"IOTHUB_CLIENT_CONFIRMATION_OK"
13603,10403846181,10403846224,1,"IOTHUB_CLIENT_CONFIRMATION_OK"
13604,10403846381,10403846411,1,"IOTHUB_CLIENT_CONFIRMATION_OK"
13605,10403846582,10403846615,1,"IOTHUB_CLIENT_CONFIRMATION_OK"
13606,10403846782,10403846949,1,"IOTHUB_CLIENT_CONFIRMATION_OK"
13607,10403846982,10403847011,1,"IOTHUB_CLIENT_CONFIRMATION_OK"
13608,10403847182,10403847224,1,"IOTHUB_CLIENT_CONFIRMATION_OK"
13609,10403847382,10403847557,1,"IOTHUB_CLIENT_CONFIRMATION_OK"
13610,10403847582,10403847611,1,"IOTHUB_CLIENT_CONFIRMATION_OK"
13611,10403847783,10403847814,1,"IOTHUB_CLIENT_CONFIRMATION_OK"
13612,10403847983,10403848023,1,"IOTHUB_CLIENT_CONFIRMATION_OK"
13613,10403848183,10403848214,1,"IOTHUB_CLIENT_CONFIRMATION_OK"
13614,10403848383,10403848413,1,"IOTHUB_CLIENT_CONFIRMATION_OK"
13615,10403848583,10403848613,1,"IOTHUB_CLIENT_CONFIRMATION_OK"
13616,10403848783,10403848815,1,"IOTHUB_CLIENT_CONFIRMATION_OK"
13617,10403848984,10403849048,1,"IOTHUB_CLIENT_CONFIRMATION_OK"
13618,10403849184,10403849249,1,"IOTHUB_CLIENT_CONFIRMATION_OK"
13619,10403849384,10403849414,1,"IOTHUB_CLIENT_CONFIRMATION_OK"
13620,10403849584,10403849616,1,"IOTHUB_CLIENT_CONFIRMATION_OK"
13621,10403849784,10403849818,1,"IOTHUB_CLIENT_CONFIRMATION_OK"
13622,10403849984,10403850021,1,"IOTHUB_CLIENT_CONFIRMATION_OK"
13623,10403850185,10403850319,1,"IOTHUB_CLIENT_CONFIRMATION_OK"
13624,10403850385,10403850415,1,"IOTHUB_CLIENT_CONFIRMATION_OK"
13625,10403850585,10403850613,1,"IOTHUB_CLIENT_CONFIRMATION_OK"
13626,10403850785,10403850922,1,"IOTHUB_CLIENT_CONFIRMATION_OK"
13627,10403850985,10403851021,1,"IOTHUB_CLIENT_CONFIRMATION_OK"
13628,10403851185,10403851216,1,"IOTHUB_CLIENT_CONFIRMATION_OK"
13629,10403851386,10403851421,1,"IOTHUB_CLIENT_CONFIRMATION_OK"
13630,10403851586,10403851621,1,"IOTHUB_CLIENT_CONFIRMATION_OK"
13631,10403851786,10403851817,1,"IOTHUB_CLIENT_CONFIRMATION_OK"
13632,10403851986,10403852028,1,"IOTHUB_CLIENT_CONFIRMATION_OK"
13633,10403852186,10403852215,1,"IOTHUB_CLIENT_CONFIRMATION_OK"
13634,10403852386,10403852438,1,"IOTHUB_CLIENT_CONFIRMATION_OK"
13635,10403852587,10403852615,1,"IOTHUB_CLIENT_CONFIRMATION_OK"
13636,10403852787,10403852820,1,"IOTHUB_CLIENT_CONFIRMATION_OK"
13637,10403852987,10403853137,1,"IOTHUB_CLIENT_CONFIRMATION_OK"
13638,10403853187,10403853216,1,"IOTHUB_CLIENT_CONFIRMATION_OK"
13639,10403853387,10403853418,1,"IOTHUB_CLIENT_CONFIRMATION_OK"
13640,10403853587,10403853793,1,"IOTHUB_CLIENT_CONFIRMATION_OK"
13641,10403853788,10403853823,1,"IOTHUB_CLIENT_CONFIRMATION_OK"
13642,10403853988,10403854015,1,"IOTHUB_CLIENT_CONFIRMATION_OK"
13643,10403854188,10403854222,1,"IOTHUB_CLIENT_CONFIRMATION_OK"
13644,10403854388,10403854417,1,"IOTHUB_CLIENT_CONFIRMATION_OK"
13645,10403854588,10403854688,1,"IOTHUB_CLIENT_CONFIRMATION_OK"
13646,10403854788,10403854823,1,"IOTHUB_CLIENT_CONFIRMATION_OK"
13647,10403854988,10403855020,1,"IOTHUB_CLIENT_CONFIRMATION_OK"
13648,10403855189,10403855220,1,"IOTHUB_CLIENT_CONFIRMATION_OK"
13649,10403855389,10403855420,1,"IOTHUB_CLIENT_CONFIRMATION_OK"
13650,10403855589,10403855621,1,"IOTHUB_CLIENT_CONFIRMATION_OK"
13651,10403855789,10403855820,1,"IOTHUB_CLIENT_CONFIRMATION_OK"
13652,10403855989,10403856020,1,"IOTHUB_CLIENT_CONFIRMATION_OK"
13653,10403856189,10403856221,1,"IOTHUB_CLIENT_CONFIRMATION_OK"
13654,10403856390,10403856428,1,"IOTHUB_CLIENT_CONFIRMATION_OK"
13655,10403856590,10403856619,1,"IOTHUB_CLIENT_CONFIRMATION_OK"
13656,10403856790,10403856825,1,"IOTHUB_CLIENT_CONFIRMATION_OK"
13657,10403856990,10403857029,1,"IOTHUB_CLIENT_CONFIRMATION_OK"
13658,10403857190,10403857224,1,"IOTHUB_CLIENT_CONFIRMATION_OK"
13659,10403857390,10403857428,1,"IOTHUB_CLIENT_CONFIRMATION_OK"
13660,10403857591,10403857654,1,"IOTHUB_CLIENT_CONFIRMATION_OK"
13661,10403857791,10403858517,1,"IOTHUB_CLIENT_CONFIRMATION_OK"
13662,10403857991,10403858557,1,"IOTHUB_CLIENT_CONFIRMATION_OK"
13663,10403858191,10403858611,1,"IOTHUB_CLIENT_CONFIRMATION_OK"
13664,10403858391,10403858661,1,"IOTHUB_CLIENT_CONFIRMATION_OK"
13665,10403858591,10403858735,1,"IOTHUB_CLIENT_CONFIRMATION_OK"
13666,10403858792,10403858879,1,"IOTHUB_CLIENT_CONFIRMATION_OK"
13667,10403858992,10403859026,1,"IOTHUB_CLIENT_CONFIRMATION_OK"
13668,10403859192,10403859224,1,"IOTHUB_CLIENT_CONFIRMATION_OK"
13669,10403859392,10403859421,1,"IOTHUB_CLIENT_CONFIRMATION_OK"
13670,10403859592,10403859625,1,"IOTHUB_CLIENT_CONFIRMATION_OK"
13671,10403859792,10403859869,1,"IOTHUB_CLIENT_CONFIRMATION_OK"
13672,10403859993,10403860027,1,"IOTHUB_CLIENT_CONFIRMATION_OK"
13673,10403860193,10403860226,1,"IOTHUB_CLIENT_CONFIRMATION_OK"
13674,10403860393,10403860489,1,"IOTHUB_CLIENT_CONFIRMATION_OK"
13675,10403860593,10403860624,1,"IOTHUB_CLIENT_CONFIRMATION_OK"
13676,10403860793,10403860827,1,"IOTHUB_CLIENT_CONFIRMATION_OK"
13677,10403860993,10403861100,1,"IOTHUB_CLIENT_CONFIRMATION_OK"
13678,10403861194,10403861225,1,"IOTHUB_CLIENT_CONFIRMATION_OK"
13679,10403861394,10403861427,1,"IOTHUB_CLIENT_CONFIRMATION_OK"
13680,10403861594,10403861630,1,"IOTHUB_CLIENT_CONFIRMATION_OK"
13681,10403861794,10403861830,1,"IOTHUB_CLIENT_CONFIRMATION_OK"
13682,10403861994,10403862023,1,"IOTHUB_CLIENT_CONFIRMATION_OK"
13683,10403862194,10403862224,1,"IOTHUB_CLIENT_CONFIRMATION_OK"
13684,10403862395,10403862426,1,"IOTHUB_CLIENT_CONFIRMATION_OK"
13685,10403862595,10403862718,1,"IOTHUB_CLIENT_CONFIRMATION_OK"
13686,10403862795,10403862838,1,"IOTHUB_CLIENT_CONFIRMATION_OK"
13687,10403862995,10403863057,1,"IOTHUB_CLIENT_CONFIRMATION_OK"
13688,10403863195,10403863335,1,"IOTHUB_CLIENT_CONFIRMATION_OK"
13689,10403863396,10403863429,1,"IOTHUB_CLIENT_CONFIRMATION_OK"
13690,10403863596,10403863628,1,"IOTHUB_CLIENT_CONFIRMATION_OK"
13691,10403863796,10403863844,1,"IOTHUB_CLIENT_CONFIRMATION_OK"
13692,10403863996,10403864027,1,"IOTHUB_CLIENT_CONFIRMATION_OK"
13693,10403864196,10403864227,1,"IOTHUB_CLIENT_CONFIRMATION_OK"
13694,10403864396,10403864429,1,"IOTHUB_CLIENT_CONFIRMATION_OK"
13695,10403864597,10403864626,1,"IOTHUB_CLIENT_CONFIRMATION_OK"
13696,10403864797,10403864858,1,"IOTHUB_CLIENT_CONFIRMATION_OK"
13697,10403864997,10403865027,1,"IOTHUB_CLIENT_CONFIRMATION_OK"
13698,10403865197,10403865244,1,"IOTHUB_CLIENT_CONFIRMATION_OK"
13699,10403865397,10403865429,1,"IOTHUB_CLIENT_CONFIRMATION_OK"
13700,10403865597,10403865657,1,"IOTHUB_CLIENT_CONFIRMATION_OK"
13701,10403865798,10403865837,1,"IOTHUB_CLIENT_CONFIRMATION_OK"
13702,10403865998,10403866198,1,"IOTHUB_CLIENT_CONFIRMATION_OK"
13703,10403866198,10403866248,1,"IOTHUB_CLIENT_CONFIRMATION_OK"
13704,10403866398,10403866431,1,"IOTHUB_CLIENT_CONFIRMATION_OK"
13705,10403866598,10403866679,1,"IOTHUB_CLIENT_CONFIRMATION_OK"
13706,10403866798,10403866835,1,"IOTHUB_CLIENT_CONFIRMATION_OK"
13707,10403866999,10403867028,1,"IOTHUB_CLIENT_CONFIRMATION_OK"
13708,10403867199,10403867287,1,"IOTHUB_CLIENT_CONFIRMATION_OK"
13709,10403867399,10403867435,1,"IOTHUB_CLIENT_CONFIRMATION_OK"
13710,10403867599,10403867628,1,"IOTHUB_CLIENT_CONFIRMATION_OK"
13711,10403867799,10403867907,1,"IOTHUB_CLIENT_CONFIRMATION_OK"
13712,10403867999,10403868029,1,"IOTHUB_CLIENT_CONFIRMATION_OK"
13713,10403868200,10403868229,1,"IOTHUB_CLIENT_CONFIRMATION_OK"
13714,10403868400,10403868430,1,"IOTHUB_CLIENT_CONFIRMATION_OK"
13715,10403868600,10403868635,1,"IOTHUB_CLIENT_CONFIRMATION_OK"
13716,10403868800,10403868829,1,"IOTHUB_CLIENT_CONFIRMATION_OK"
13717,10403869000,10403869029,1,"IOTHUB_CLIENT_CONFIRMATION_OK"
13718,10403869200,10403869232,1,"IOTHUB_CLIENT_CONFIRMATION_OK"
13719,10403869400,10403869552,1,"IOTHUB_CLIENT_CONFIRMATION_OK"
13720,10403869601,10403869633,1,"IOTHUB_CLIENT_CONFIRMATION_OK"
13721,10403869801,10403869829,1,"IOTHUB_CLIENT_CONFIRMATION_OK"
13722,10403870001,10403870165,1,"IOTHUB_CLIENT_CONFIRMATION_OK"
13723,10403870201,10403870244,1,"IOTHUB_CLIENT_CONFIRMATION_OK"
13724,10403870401,10403870442,1,"IOTHUB_CLIENT_CONFIRMATION_OK"
13725,10403870602,10403870633,1,"IOTHUB_CLIENT_CONFIRMATION_OK"
13726,10403870802,10403870833,1,"IOTHUB_CLIENT_CONFIRMATION_OK"
13727,10403871002,10403871034,1,"IOTHUB_CLIENT_CONFIRMATION_OK"
13728,10403871202,10403871231,1,"IOTHUB_CLIENT_CONFIRMATION_OK"
13729,10403871402,10403871433,1,"IOTHUB_CLIENT_CONFIRMATION_OK"
13730,10403871602,10403871636,1,"IOTHUB_CLIENT_CONFIRMATION_OK"
13731,10403871802,10403871835,1,"IOTHUB_CLIENT_CONFIRMATION_OK"
13732,10403872003,10403872034,1,"IOTHUB_CLIENT_CONFIRMATION_OK"
13733,10403872203,10403872239,1,"IOTHUB_CLIENT_CONFIRMATION_OK"
13734,10403872403,10403872443,1,"IOTHUB_CLIENT_CONFIRMATION_OK"
13735,10403872603,10403872632,1,"IOTHUB_CLIENT_CONFIRMATION_OK"
13736,10403872803,10403872870,1,"IOTHUB_CLIENT_CONFIRMATION_OK"
13737,10403873003,10403873035,1,"IOTHUB_CLIENT_CONFIRMATION_OK"
13738,10403873204,10403873233,1,"IOTHUB_CLIENT_CONFIRMATION_OK"
13739,10403873404,10403873482,1,"IOTHUB_CLIENT_CONFIRMATION_OK"
13740,10403873604,10403873637,1,"IOTHUB_CLIENT_CONFIRMATION_OK"
13741,10403873804,10403873851,1,"IOTHUB_CLIENT_CONFIRMATION_OK"
13742,10403874004,10403874101,1,"IOTHUB_CLIENT_CONFIRMATION_OK"
13743,10403874204,10403874235,1,"IOTHUB_CLIENT_CONFIRMATION_OK"
13744,10403874405,10403874437,1,"IOTHUB_CLIENT_CONFIRMATION_OK"
13745,10403874605,10403874716,1,"IOTHUB_CLIENT_CONFIRMATION_OK"
13746,10403874805,10403874853,1,"IOTHUB_CLIENT_CONFIRMATION_OK"
13747,10403875005,10403875040,1,"IOTHUB_CLIENT_CONFIRMATION_OK"
13748,10403875205,10403875248,1,"IOTHUB_CLIENT_CONFIRMATION_OK"
13749,10403875405,10403875437,1,"IOTHUB_CLIENT_CONFIRMATION_OK"
13750,10403875606,10403875715,1,"IOTHUB_CLIENT_CONFIRMATION_OK"
13751,10403875806,10403875843,1,"IOTHUB_CLIENT_CONFIRMATION_OK"
13752,10403876006,10403876038,1,"IOTHUB_CLIENT_CONFIRMATION_OK"
13753,10403876206,10403876341,1,"IOTHUB_CLIENT_CONFIRMATION_OK"
13754,10403876406,10403876437,1,"IOTHUB_CLIENT_CONFIRMATION_OK"
13755,10403876606,10403876640,1,"IOTHUB_CLIENT_CONFIRMATION_OK"
13756,10403876807,10403876958,1,"IOTHUB_CLIENT_CONFIRMATION_OK"
13757,10403877007,10403877039,1,"IOTHUB_CLIENT_CONFIRMATION_OK"
13758,10403877207,10403877248,1,"IOTHUB_CLIENT_CONFIRMATION_OK"
13759,10403877407,10403877436,1,"IOTHUB_CLIENT_CONFIRMATION_OK"
13760,10403877607,10403877637,1,"IOTHUB_CLIENT_CONFIRMATION_OK"
13761,10403877807,10403877850,1,"IOTHUB_CLIENT_CONFIRMATION_OK"
13762,10403878007,10403878038,1,"IOTHUB_CLIENT_CONFIRMATION_OK"
13763,10403878208,10403878243,1,"IOTHUB_CLIENT_CONFIRMATION_OK"
13764,10403878408,10403878441,1,"IOTHUB_CLIENT_CONFIRMATION_OK"
13765,10403878608,10403878639,1,"IOTHUB_CLIENT_CONFIRMATION_OK"
13766,10403878808,10403878869,1,"IOTHUB_CLIENT_CONFIRMATION_OK"
13767,10403879008,10403879168,1,"IOTHUB_CLIENT_CONFIRMATION_OK"
13768,10403879209,10403879240,1,"IOTHUB_CLIENT_CONFIRMATION_OK"
13769,10403879409,10403879445,1,"IOTHUB_CLIENT_CONFIRMATION_OK"
13770,10403879609,10403879788,1,"IOTHUB_CLIENT_CONFIRMATION_OK"
13771,10403879809,10403879838,1,"IOTHUB_CLIENT_CONFIRMATION_OK"
13772,10403880009,10403880039,1,"IOTHUB_CLIENT_CONFIRMATION_OK"
13773,10403880209,10403880239,1,"IOTHUB_CLIENT_CONFIRMATION_OK"
13774,10403880410,10403880440,1,"IOTHUB_CLIENT_CONFIRMATION_OK"
13775,10403880610,10403880640,1,"IOTHUB_CLIENT_CONFIRMATION_OK"
13776,10403880810,10403880838,1,"IOTHUB_CLIENT_CONFIRMATION_OK"
13777,10403881010,10403881039,1,"IOTHUB_CLIENT_CONFIRMATION_OK"
13778,10403881210,10403881242,1,"IOTHUB_CLIENT_CONFIRMATION_OK"
13779,10403881410,10403881850,1,"IOTHUB_CLIENT_CONFIRMATION_OK"
13780,10403881611,10403881876,1,"IOTHUB_CLIENT_CONFIRMATION_OK"
13781,10403881811,10403881995,1,"IOTHUB_CLIENT_CONFIRMATION_OK"
13782,10403882011,10403882099,1,"IOTHUB_CLIENT_CONFIRMATION_OK"
13783,10403882211,10403882243,1,"IOTHUB_CLIENT_CONFIRMATION_OK"
13784,10403882411,10403882483,1,"IOTHUB_CLIENT_CONFIRMATION_OK"
13785,10403882611,10403882640,1,"IOTHUB_CLIENT_CONFIRMATION_OK"
13786,10403882811,10403882848,1,"IOTHUB_CLIENT_CONFIRMATION_OK"
13787,10403883012,10403883102,1,"IOTHUB_CLIENT_CONFIRMATION_OK"
13788,10403883212,10403883241,1,"IOTHUB_CLIENT_CONFIRMATION_OK"
13789,10403883412,10403883442,1,"IOTHUB_CLIENT_CONFIRMATION_OK"
13790,10403883612,10403883710,1,"IOTHUB_CLIENT_CONFIRMATION_OK"
13791,10403883812,10403883846,1,"IOTHUB_CLIENT_CONFIRMATION_OK"
13792,10403884012,10403884056,1,"IOTHUB_CLIENT_CONFIRMATION_OK"
13793,10403884212,10403884336,1,"IOTHUB_CLIENT_CONFIRMATION_OK"
13794,10403884413,10403884453,1,"IOTHUB_CLIENT_CONFIRMATION_OK"
13795,10403884613,10403884645,1,"IOTHUB_CLIENT_CONFIRMATION_OK"
13796,10403884813,10403884844,1,"IOTHUB_CLIENT_CONFIRMATION_OK"
13797,10403885013,10403885045,1,"IOTHUB_CLIENT_CONFIRMATION_OK"
13798,10403885213,10403885246,1,"IOTHUB_CLIENT_CONFIRMATION_OK"
13799,10403885413,10403885446,1,"IOTHUB_CLIENT_CONFIRMATION_OK"
13800,10403885614,10403885643,1,"IOTHUB_CLIENT_CONFIRMATION_OK"
13801,10403885814,10403885961,1,"IOTHUB_CLIENT_CONFIRMATION_OK"
13802,10403886014,10403886044,1,"IOTHUB_CLIENT_CONFIRMATION_OK"
13803,10403886214,10403886244,1,"IOTHUB_CLIENT_CONFIRMATION_OK"
13804,10403886414,10403886611,1,"IOTHUB_CLIENT_CONFIRMATION_OK"
13805,10403886615,10403886651,1,"IOTHUB_CLIENT_CONFIRMATION_OK"
13806,10403886815,10403886854,1,"IOTHUB_CLIENT_CONFIRMATION_OK"
13807,10403887015,10403887046,1,"IOTHUB_CLIENT_CONFIRMATION_OK"
13808,10403887215,10403887324,1,"IOTHUB_CLIENT_CONFIRMATION_OK"
13809,10403887415,10403887454,1,"IOTHUB_CLIENT_CONFIRMATION_OK"
13810,10403887615,10403887663,1,"IOTHUB_CLIENT_CONFIRMATION_OK"
13811,10403887816,10403887885,1,"IOTHUB_CLIENT_CONFIRMATION_OK"
13812,10403888016,10403888045,1,"IOTHUB_CLIENT_CONFIRMATION_OK"
13813,10403888216,10403888256,1,"IOTHUB_CLIENT_CONFIRMATION_OK"
13814,10403888416,10403888448,1,"IOTHUB_CLIENT_CONFIRMATION_OK"
13815,10403888616,10403888646,1,"IOTHUB_CLIENT_CONFIRMATION_OK"
13816,10403888816,10403888867,1,"IOTHUB_CLIENT_CONFIRMATION_OK"
13817,10403889017,10403889046,1,"IOTHUB_CLIENT_CONFIRMATION_OK"
13818,10403889217,10403889258,1,"IOTHUB_CLIENT_CONFIRMATION_OK"
13819,10403889417,10403889446,1,"IOTHUB_CLIENT_CONFIRMATION_OK"
13820,10403889617,10403889649,1,"IOTHUB_CLIENT_CONFIRMATION_OK"
13821,10403889817,10403889873,1,"IOTHUB_CLIENT_CONFIRMATION_OK"
13822,10403890017,10403890049,1,"IOTHUB_CLIENT_CONFIRMATION_OK"
13823,10403890218,10403890249,1,"IOTHUB_CLIENT_CONFIRMATION_OK"
13824,10403890418,10403890506,1,"IOTHUB_CLIENT_CONFIRMATION_OK"
13825,10403890618,10403890656,1,"IOTHUB_CLIENT_CONFIRMATION_OK"
13826,10403890818,10403890855,1,"IOTHUB_CLIENT_CONFIRMATION_OK"
13827,10403891018,10403891122,1,"IOTHUB_CLIENT_CONFIRMATION_OK"
13828,10403891218,10403891253,1,"IOTHUB_CLIENT_CONFIRMATION_OK"
13829,10403891419,10403891449,1,"IOTHUB_CLIENT_CONFIRMATION_OK"
13830,10403891619,10403891665,1,"IOTHUB_CLIENT_CONFIRMATION_OK"
13831,10403891819,10403891848,1,"IOTHUB_CLIENT_CONFIRMATION_OK"
13832,10403892019,10403892064,1,"IOTHUB_CLIENT_CONFIRMATION_OK"
13833,10403892219,10403892249,1,"IOTHUB_CLIENT_CONFIRMATION_OK"
13834,10403892419,10403892449,1,"IOTHUB_CLIENT_CONFIRMATION_OK"
13835,10403892620,10403892744,1,"IOTHUB_CLIENT_CONFIRMATION_OK"
13836,10403892820,10403892851,1,"IOTHUB_CLIENT_CONFIRMATION_OK"
13837,10403893020,10403893054,1,"IOTHUB_CLIENT_CONFIRMATION_OK"
13838,10403893220,10403893359,1,"IOTHUB_CLIENT_CONFIRMATION_OK"
13839,10403893420,10403893473,1,"IOTHUB_CLIENT_CONFIRMATION_OK"
13840,10403893621,10403893652,1,"IOTHUB_CLIENT_CONFIRMATION_OK"
13841,10403893821,10403893975,1,"IOTHUB_CLIENT_CONFIRMATION_OK"
13842,10403894021,10403894049,1,"IOTHUB_CLIENT_CONFIRMATION_OK"
13843,10403894221,10403894253,1,"IOTHUB_CLIENT_CONFIRMATION_OK"
13844,10403894421,10403894453,1,"IOTHUB_CLIENT_CONFIRMATION_OK"
13845,10403894621,10403894654,1,"IOTHUB_CLIENT_CONFIRMATION_OK"
13846,10403894822,10403894856,1,"IOTHUB_CLIENT_CONFIRMATION_OK"
13847,10403895022,10403895050,1,"IOTHUB_CLIENT_CONFIRMATION_OK"
13848,10403895222,10403895260,1,"IOTHUB_CLIENT_CONFIRMATION_OK"
13849,10403895422,10403895455,1,"IOTHUB_CLIENT_CONFIRMATION_OK"
13850,10403895622,10403895654,1,"IOTHUB_CLIENT_CONFIRMATION_OK"
13851,10403895822,10403895853,1,"IOTHUB_CLIENT_CONFIRMATION_OK"
13852,10403896022,10403896060,1,"IOTHUB_CLIENT_CONFIRMATION_OK"
13853,10403896223,10403896254,1,"IOTHUB_CLIENT_CONFIRMATION_OK"
13854,10403896423,10403896454,1,"IOTHUB_CLIENT_CONFIRMATION_OK"
13855,10403896623,10403896654,1,"IOTHUB_CLIENT_CONFIRMATION_OK"
13856,10403896823,10403896852,1,"IOTHUB_CLIENT_CONFIRMATION_OK"
13857,10403897023,10403897057,1,"IOTHUB_CLIENT_CONFIRMATION_OK"
13858,10403897224,10403897260,1,"IOTHUB_CLIENT_CONFIRMATION_OK"
13859,10403897424,10403897454,1,"IOTHUB_CLIENT_CONFIRMATION_OK"
13860,10403897624,10403897664,1,"IOTHUB_CLIENT_CONFIRMATION_OK"
13861,10403897824,10403897863,1,"IOTHUB_CLIENT_CONFIRMATION_OK"
13862,10403898024,10403898082,1,"IOTHUB_CLIENT_CONFIRMATION_OK"
13863,10403898224,10403898259,1,"IOTHUB_CLIENT_CONFIRMATION_OK"
13864,10403898424,10403898480,1,"IOTHUB_CLIENT_CONFIRMATION_OK"
13865,10403898625,10403898657,1,"IOTHUB_CLIENT_CONFIRMATION_OK"
13866,10403898825,10403898860,1,"IOTHUB_CLIENT_CONFIRMATION_OK"
13867,10403899025,10403899060,1,"IOTHUB_CLIENT_CONFIRMATION_OK"
13868,10403899225,10403899263,1,"IOTHUB_CLIENT_CONFIRMATION_OK"
13869,10403899425,10403899474,1,"IOTHUB_CLIENT_CONFIRMATION_OK"
13870,10403899625,10403899830,1,"IOTHUB_CLIENT_CONFIRMATION_OK"
13871,10403899826,10403900336,1,"IOTHUB_CLIENT_CONFIRMATION_OK"
13872,10403900026,10403900478,1,"IOTHUB_CLIENT_CONFIRMATION_OK"
13873,10403900226,10403900540,1,"IOTHUB_CLIENT_CONFIRMATION_OK"
13874,10403900426,10403900589,1,"IOTHUB_CLIENT_CONFIRMATION_OK"
13875,10403900626,10403900716,1,"IOTHUB_CLIENT_CONFIRMATION_OK"
13876,10403900826,10403900861,1,"IOTHUB_CLIENT_CONFIRMATION_OK"
13877,10403901027,10403901060,1,"IOTHUB_CLIENT_CONFIRMATION_OK"
13878,10403901227,10403901315,1,"IOTHUB_CLIENT_CONFIRMATION_OK"
13879,10403901427,10403901459,1,"IOTHUB_CLIENT_CONFIRMATION_OK"
13880,10403901627,10403901659,1,"IOTHUB_CLIENT_CONFIRMATION_OK"
13881,10403901827,10403901858,1,"IOTHUB_CLIENT_CONFIRMATION_OK"
13882,10403902027,10403902057,1,"IOTHUB_CLIENT_CONFIRMATION_OK"
13883,10403902228,10403902337,1,"IOTHUB_CLIENT_CONFIRMATION_OK"
13884,10403902428,10403902458,1,"IOTHUB_CLIENT_CONFIRMATION_OK"
13885,10403902628,10403902666,1,"IOTHUB_CLIENT_CONFIRMATION_OK"
13886,10403902828,10403902980,1,"IOTHUB_CLIENT_CONFIRMATION_OK"
13887,10403903028,10403903059,1,"IOTHUB_CLIENT_CONFIRMATION_OK"
13888,10403903228,10403903273,1,"IOTHUB_CLIENT_CONFIRMATION_OK"
13889,10403903429,10403903461,1,"IOTHUB_CLIENT_CONFIRMATION_OK"
13890,10403903629,10403903671,1,"IOTHUB_CLIENT_CONFIRMATION_OK"
13891,10403903829,10403903860,1,"IOTHUB_CLIENT_CONFIRMATION_OK"
13892,10403904029,10403904056,1,"IOTHUB_CLIENT_CONFIRMATION_OK"
13893,10403904229,10403904261,1,"IOTHUB_CLIENT_CONFIRMATION_OK"
13894,10403904429,10403904461,1,"IOTHUB_CLIENT_CONFIRMATION_OK"
13895,10403904630,10403904679,1,"IOTHUB_CLIENT_CONFIRMATION_OK"
13896,10403904830,10403904864,1,"IOTHUB_CLIENT_CONFIRMATION_OK"
13897,10403905030,10403905058,1,"IOTHUB_CLIENT_CONFIRMATION_OK"
13898,10403905230,10403905262,1,"IOTHUB_CLIENT_CONFIRMATION_OK"
13899,10403905430,10403905459,1,"IOTHUB_CLIENT_CONFIRMATION_OK"
13900,10403905630,10403905687,1,"IOTHUB_CLIENT_CONFIRMATION_OK"
13901,10403905831,10403905902,1,"IOTHUB_CLIENT_CONFIRMATION_OK"
13902,10403906031,10403906061,1,"IOTHUB_CLIENT_CONFIRMATION_OK"
13903,10403906231,10403906315,1,"IOTHUB_CLIENT_CONFIRMATION_OK"
13904,10403906431,10403906462,1,"IOTHUB_CLIENT_CONFIRMATION_OK"
13905,10403906631,10403906672,1,"IOTHUB_CLIENT_CONFIRMATION_OK"
13906,10403906831,10403906922,1,"IOTHUB_CLIENT_CONFIRMATION_OK"
13907,10403907032,10403907060,1,"IOTHUB_CLIENT_CONFIRMATION_OK"
13908,10403907232,10403907267,1,"IOTHUB_CLIENT_CONFIRMATION_OK"
13909,10403907432,10403907530,1,"IOTHUB_CLIENT_CONFIRMATION_OK"
13910,10403907632,10403907663,1,"IOTHUB_CLIENT_CONFIRMATION_OK"
13911,10403907832,10403907869,1,"IOTHUB_CLIENT_CONFIRMATION_OK"
13912,10403908032,10403908064,1,"IOTHUB_CLIENT_CONFIRMATION_OK"
13913,10403908233,10403908289,1,"IOTHUB_CLIENT_CONFIRMATION_OK"
13914,10403908433,10403908529,1,"IOTHUB_CLIENT_CONFIRMATION_OK"
13915,10403908633,10403908664,1,"IOTHUB_CLIENT_CONFIRMATION_OK"
13916,10403908833,10403908865,1,"IOTHUB_CLIENT_CONFIRMATION_OK"
13917,10403909033,10403909152,1,"IOTHUB_CLIENT_CONFIRMATION_OK"
13918,10403909233,10403909263,1,"IOTHUB_CLIENT_CONFIRMATION_OK"
13919,10403909434,10403909464,1,"IOTHUB_CLIENT_CONFIRMATION_OK"
13920,10403909634,10403909776,1,"IOTHUB_CLIENT_CONFIRMATION_OK"
13921,10403909834,10403909871,1,"IOTHUB_CLIENT_CONFIRMATION_OK"
13922,10403910034,10403910065,1,"IOTHUB_CLIENT_CONFIRMATION_OK"
13923,10403910234,10403910265,1,"IOTHUB_CLIENT_CONFIRMATION_OK"
13924,10403910434,10403910465,1,"IOTHUB_CLIENT_CONFIRMATION_OK"
13925,10403910635,10403910665,1,"IOTHUB_CLIENT_CONFIRMATION_OK"
13926,10403910835,10403910869,1,"IOTHUB_CLIENT_CONFIRMATION_OK"
13927,10403911035,10403911063,1,"IOTHUB_CLIENT_CONFIRMATION_OK"
13928,10403911235,10403911269,1,"IOTHUB_CLIENT_CONFIRMATION_OK"
13929,10403911435,10403911465,1,"IOTHUB_CLIENT_CONFIRMATION_OK"
13930,10403911635,10403911666,1,"IOTHUB_CLIENT_CONFIRMATION_OK"
13931,10403911836,10403912035,1,"IOTHUB_CLIENT_CONFIRMATION_OK"
13932,10403912036,10403912074,1,"IOTHUB_CLIENT_CONFIRMATION_OK"
13933,10403912236,10403912266,1,"IOTHUB_CLIENT_CONFIRMATION_OK"
13934,10403912436,10403912478,1,"IOTHUB_CLIENT_CONFIRMATION_OK"
13935,10403912636,10403912670,1,"IOTHUB_CLIENT_CONFIRMATION_OK"
13936,10403912836,10403912866,1,"IOTHUB_CLIENT_CONFIRMATION_OK"
13937,10403913037,10403913083,1,"IOTHUB_CLIENT_CONFIRMATION_OK"
13938,10403913237,10403913268,1,"IOTHUB_CLIENT_CONFIRMATION_OK"
13939,10403913437,10403913468,1,"IOTHUB_CLIENT_CONFIRMATION_OK"
13940,10403913637,10403913672,1,"IOTHUB_CLIENT_CONFIRMATION_OK"
13941,10403913837,10403913869,1,"IOTHUB_CLIENT_CONFIRMATION_OK"
13942,10403914037,10403914071,1,"IOTHUB_CLIENT_CONFIRMATION_OK"
13943,10403914238,10403914279,1,"IOTHUB_CLIENT_CONFIRMATION_OK"
13944,10403914438,10403914479,1,"IOTHUB_CLIENT_CONFIRMATION_OK"
13945,10403914638,10403914672,1,"IOTHUB_CLIENT_CONFIRMATION_OK"
13946,10403914838,10403914911,1,"IOTHUB_CLIENT_CONFIRMATION_OK"
13947,10403915038,10403915069,1,"IOTHUB_CLIENT_CONFIRMATION_OK"
13948,10403915238,10403915291,1,"IOTHUB_CLIENT_CONFIRMATION_OK"
13949,10403915439,10403915469,1,"IOTHUB_CLIENT_CONFIRMATION_OK"
13950,10403915639,10403915681,1,"IOTHUB_CLIENT_CONFIRMATION_OK"
13951,10403915839,10403915905,1,"IOTHUB_CLIENT_CONFIRMATION_OK"
13952,10403916039,10403916072,1,"IOTHUB_CLIENT_CONFIRMATION_OK"
13953,10403916239,10403916271,1,"IOTHUB_CLIENT_CONFIRMATION_OK"
13954,10403916439,10403916513,1,"IOTHUB_CLIENT_CONFIRMATION_OK"
13955,10403916640,10403916679,1,"IOTHUB_CLIENT_CONFIRMATION_OK"
13956,10403916840,10403916872,1,"IOTHUB_CLIENT_CONFIRMATION_OK"
13957,10403917040,10403917128,1,"IOTHUB_CLIENT_CONFIRMATION_OK"
13958,10403917240,10403917269,1,"IOTHUB_CLIENT_CONFIRMATION_OK"
13959,10403917440,10403917472,1,"IOTHUB_CLIENT_CONFIRMATION_OK"
13960,10403917640,10403917678,1,"IOTHUB_CLIENT_CONFIRMATION_OK"
13961,10403917841,10403917872,1,"IOTHUB_CLIENT_CONFIRMATION_OK"
13962,10403918041,10403918071,1,"IOTHUB_CLIENT_CONFIRMATION_OK"
13963,10403918241,10403918275,1,"IOTHUB_CLIENT_CONFIRMATION_OK"
13964,10403918441,10403918482,1,"IOTHUB_CLIENT_CONFIRMATION_OK"
13965,10403918641,10403918756,1,"IOTHUB_CLIENT_CONFIRMATION_OK"
13966,10403918841,10403918873,1,"IOTHUB_CLIENT_CONFIRMATION_OK"
13967,10403919042,10403919071,1,"IOTHUB_CLIENT_CONFIRMATION_OK"
13968,10403919242,10403919359,1,"IOTHUB_CLIENT_CONFIRMATION_OK"
13969,10403919442,10403919505,1,"IOTHUB_CLIENT_CONFIRMATION_OK"
13970,10403919642,10403919670,1,"IOTHUB_CLIENT_CONFIRMATION_OK"
13971,10403919842,10403919987,1,"IOTHUB_CLIENT_CONFIRMATION_OK"
13972,10403920042,10403920073,1,"IOTHUB_CLIENT_CONFIRMATION_OK"
13973,10403920243,10403920273,1,"IOTHUB_CLIENT_CONFIRMATION_OK"
13974,10403920443,10403920495,1,"IOTHUB_CLIENT_CONFIRMATION_OK"
13975,10403920643,10403920674,1,"IOTHUB_CLIENT_CONFIRMATION_OK"
13976,10403920843,10403920873,1,"IOTHUB_CLIENT_CONFIRMATION_OK"
13977,10403921043,10403921074,1,"IOTHUB_CLIENT_CONFIRMATION_OK"
13978,10403921243,10403921276,1,"IOTHUB_CLIENT_CONFIRMATION_OK"
13979,10403921443,10403921654,1,"IOTHUB_CLIENT_CONFIRMATION_OK"
13980,10403921644,10403921678,1,"IOTHUB_CLIENT_CONFIRMATION_OK"
13981,10403921844,10403921875,1,"IOTHUB_CLIENT_CONFIRMATION_OK"
13982,10403922044,10403922076,1,"IOTHUB_CLIENT_CONFIRMATION_OK"
13983,10403922244,10403922275,1,"IOTHUB_CLIENT_CONFIRMATION_OK"
13984,10403922444,10403922526,1,"IOTHUB_CLIENT_CONFIRMATION_OK"
13985,10403922645,10403922806,1,"IOTHUB_CLIENT_CONFIRMATION_OK"
13986,10403922845,10403922872,1,"IOTHUB_CLIENT_CONFIRMATION_OK"
13987,10403923045,10403923076,1,"IOTHUB_CLIENT_CONFIRMATION_OK"
13988,10403923245,10403923276,1,"IOTHUB_CLIENT_CONFIRMATION_OK"
13989,10403923445,10403923477,1,"IOTHUB_CLIENT_CONFIRMATION_OK"
13990,10403923645,10403923689,1,"IOTHUB_CLIENT_CONFIRMATION_OK"
13991,10403923846,10403923891,1,"IOTHUB_CLIENT_CONFIRMATION_OK"
13992,10403924046,10403924077,1,"IOTHUB_CLIENT_CONFIRMATION_OK"
13993,10403924246,10403924275,1,"IOTHUB_CLIENT_CONFIRMATION_OK"
13994,10403924446,10403924479,1,"IOTHUB_CLIENT_CONFIRMATION_OK"
13995,10403924646,10403924680,1,"IOTHUB_CLIENT_CONFIRMATION_OK"
13996,10403924846,10403925016,1,"IOTHUB_CLIENT_CONFIRMATION_OK"
13997,10403925047,10403925078,1,"IOTHUB_CLIENT_CONFIRMATION_OK"
13998,10403925247,10403925277,1,"IOTHUB_CLIENT_CONFIRMATION_OK"
13999,10403925447,10403925620,1,"IOTHUB_CLIENT_CONFIRMATION_OK"
14000,10403925647,10403925690,1,"IOTHUB_CLIENT_CONFIRMATION_OK"
14001,10403925847,10403925876,1,"IOTHUB_CLIENT_CONFIRMATION_OK"
14002,10403926047,10403926081,1,"IOTHUB_CLIENT_CONFIRMATION_OK"
14003,10403926248,10403926284,1,"IOTHUB_CLIENT_CONFIRMATION_OK"
14004,10403926448,10403926482,1,"IOTHUB_CLIENT_CONFIRMATION_OK"
14005,10403926648,10403926681,1,"IOTHUB_CLIENT_CONFIRMATION_OK"
14006,10403926848,10403926886,1,"IOTHUB_CLIENT_CONFIRMATION_OK"
14007,10403927048,10403927082,1,"IOTHUB_CLIENT_CONFIRMATION_OK"
14008,10403927248,10403927278,1,"IOTHUB_CLIENT_CONFIRMATION_OK"
14009,10403927449,10403927488,1,"IOTHUB_CLIENT_CONFIRMATION_OK"
14010,10403927649,10403927679,1,"IOTHUB_CLIENT_CONFIRMATION_OK"
14011,10403927849,10403927888,1,"IOTHUB_CLIENT_CONFIRMATION_OK"
14012,10403928049,10403928083,1,"IOTHUB_CLIENT_CONFIRMATION_OK"
14013,10403928249,10403928284,1,"IOTHUB_CLIENT_CONFIRMATION_OK"
14014,10403928450,10403928478,1,"IOTHUB_CLIENT_CONFIRMATION_OK"
14015,10403928650,10403928684,1,"IOTHUB_CLIENT_CONFIRMATION_OK"
14016,10403928850,10403928886,1,"IOTHUB_CLIENT_CONFIRMATION_OK"
14017,10403929050,10403929082,1,"IOTHUB_CLIENT_CONFIRMATION_OK"
14018,10403929250,10403929279,1,"IOTHUB_CLIENT_CONFIRMATION_OK"
14019,10403929450,10403929511,1,"IOTHUB_CLIENT_CONFIRMATION_OK"
14020,10403929651,10403929684,1,"IOTHUB_CLIENT_CONFIRMATION_OK"
14021,10403929851,10403929880,1,"IOTHUB_CLIENT_CONFIRMATION_OK"
14022,10403930051,10403930129,1,"IOTHUB_CLIENT_CONFIRMATION_OK"
14023,10403930251,10403930281,1,"IOTHUB_CLIENT_CONFIRMATION_OK"
14024,10403930451,10403930495,1,"IOTHUB_CLIENT_CONFIRMATION_OK"
14025,10403930651,10403930734,1,"IOTHUB_CLIENT_CONFIRMATION_OK"
14026,10403930852,10403930884,1,"IOTHUB_CLIENT_CONFIRMATION_OK"
14027,10403931052,10403931082,1,"IOTHUB_CLIENT_CONFIRMATION_OK"
14028,10403931252,10403931281,1,"IOTHUB_CLIENT_CONFIRMATION_OK"
14029,10403931452,10403931494,1,"IOTHUB_CLIENT_CONFIRMATION_OK"
14030,10403931652,10403931763,1,"IOTHUB_CLIENT_CONFIRMATION_OK"
14031,10403931852,10403931882,1,"IOTHUB_CLIENT_CONFIRMATION_OK"
14032,10403932053,10403932082,1,"IOTHUB_CLIENT_CONFIRMATION_OK"
14033,10403932253,10403932356,1,"IOTHUB_CLIENT_CONFIRMATION_OK"
14034,10403932453,10403932502,1,"IOTHUB_CLIENT_CONFIRMATION_OK"
14035,10403932653,10403932683,1,"IOTHUB_CLIENT_CONFIRMATION_OK"
14036,10403932853,10403932963,1,"IOTHUB_CLIENT_CONFIRMATION_OK"
14037,10403933053,10403933087,1,"IOTHUB_CLIENT_CONFIRMATION_OK"
14038,10403933254,10403933287,1,"IOTHUB_CLIENT_CONFIRMATION_OK"
14039,10403933454,10403933486,1,"IOTHUB_CLIENT_CONFIRMATION_OK"
14040,10403933654,10403933684,1,"IOTHUB_CLIENT_CONFIRMATION_OK"
14041,10403933854,10403933906,1,"IOTHUB_CLIENT_CONFIRMATION_OK"
14042,10403934054,10403934087,1,"IOTHUB_CLIENT_CONFIRMATION_OK"
14043,10403934254,10403934287,1,"IOTHUB_CLIENT_CONFIRMATION_OK"
14044,10403934455,10403934484,1,"IOTHUB_CLIENT_CONFIRMATION_OK"
14045,10403934655,10403934694,1,"IOTHUB_CLIENT_CONFIRMATION_OK"
14046,10403934855,10403934900,1,"IOTHUB_CLIENT_CONFIRMATION_OK"
14047,10403935055,10403935201,1,"IOTHUB_CLIENT_CONFIRMATION_OK"
14048,10403935255,10403935286,1,"IOTHUB_CLIENT_CONFIRMATION_OK"
14049,10403935456,10403935489,1,"IOTHUB_CLIENT_CONFIRMATION_OK"
14050,10403935656,10403935828,1,"IOTHUB_CLIENT_CONFIRMATION_OK"
14051,10403935856,10403935888,1,"IOTHUB_CLIENT_CONFIRMATION_OK"
14052,10403936056,10403936089,1,"IOTHUB_CLIENT_CONFIRMATION_OK"
14053,10403936256,10403936286,1,"IOTHUB_CLIENT_CONFIRMATION_OK"
14054,10403936456,10403936502,1,"IOTHUB_CLIENT_CONFIRMATION_OK"
14055,10403936657,10403936685,1,"IOTHUB_CLIENT_CONFIRMATION_OK"
14056,10403936857,10403936888,1,"IOTHUB_CLIENT_CONFIRMATION_OK"
14057,10403937057,10403937127,1,"IOTHUB_CLIENT_CONFIRMATION_OK"
14058,10403937257,10403937289,1,"IOTHUB_CLIENT_CONFIRMATION_OK"
14059,10403937457,10403937486,1,"IOTHUB_CLIENT_CONFIRMATION_OK"
14060,10403937657,10403937687,1,"IOTHUB_CLIENT_CONFIRMATION_OK"
14061,10403937857,10403937893,1,"IOTHUB_CLIENT_CONFIRMATION_OK"
14062,10403938058,10403938112,1,"IOTHUB_CLIENT_CONFIRMATION_OK"
14063,10403938258,10403938303,1,"IOTHUB_CLIENT_CONFIRMATION_OK"
14064,10403938458,10403938490,1,"IOTHUB_CLIENT_CONFIRMATION_OK"
14065,10403938658,10403938693,1,"IOTHUB_CLIENT_CONFIRMATION_OK"
14066,10403938858,10403938889,1,"IOTHUB_CLIENT_CONFIRMATION_OK"
14067,10403939059,10403939096,1,"IOTHUB_CLIENT_CONFIRMATION_OK"
14068,10403939259,10403939290,1,"IOTHUB_CLIENT_CONFIRMATION_OK"
14069,10403939459,10403939494,1,"IOTHUB_CLIENT_CONFIRMATION_OK"
14070,10403939659,10403939709,1,"IOTHUB_CLIENT_CONFIRMATION_OK"
14071,10403939859,10403939889,1,"IOTHUB_CLIENT_CONFIRMATION_OK"
14072,10403940059,10403940099,1,"IOTHUB_CLIENT_CONFIRMATION_OK"
14073,10403940260,10403940341,1,"IOTHUB_CLIENT_CONFIRMATION_OK"
14074,10403940460,10403940498,1,"IOTHUB_CLIENT_CONFIRMATION_OK"
14075,10403940660,10403940702,1,"IOTHUB_CLIENT_CONFIRMATION_OK"
14076,10403940860,10403940951,1,"IOTHUB_CLIENT_CONFIRMATION_OK"
14077,10403941060,10403941092,1,"IOTHUB_CLIENT_CONFIRMATION_OK"
14078,10403941260,10403941311,1,"IOTHUB_CLIENT_CONFIRMATION_OK"
14079,10403941461,10403941491,1,"IOTHUB_CLIENT_CONFIRMATION_OK"
14080,10403941661,10403941693,1,"IOTHUB_CLIENT_CONFIRMATION_OK"
14081,10403941861,10403941938,1,"IOTHUB_CLIENT_CONFIRMATION_OK"
14082,10403942061,10403942094,1,"IOTHUB_CLIENT_CONFIRMATION_OK"
14083,10403942261,10403942291,1,"IOTHUB_CLIENT_CONFIRMATION_OK"
14084,10403942461,10403942557,1,"IOTHUB_CLIENT_CONFIRMATION_OK"
14085,10403942662,10403942697,1,"IOTHUB_CLIENT_CONFIRMATION_OK"
14086,10403942862,10403942896,1,"IOTHUB_CLIENT_CONFIRMATION_OK"
14087,10403943062,10403943187,1,"IOTHUB_CLIENT_CONFIRMATION_OK"
14088,10403943262,10403943304,1,"IOTHUB_CLIENT_CONFIRMATION_OK"
14089,10403943462,10403943493,1,"IOTHUB_CLIENT_CONFIRMATION_OK"
14090,10403943662,10403943695,1,"IOTHUB_CLIENT_CONFIRMATION_OK"
14091,10403943863,10403943894,1,"IOTHUB_CLIENT_CONFIRMATION_OK"
14092,10403944063,10403944102,1,"IOTHUB_CLIENT_CONFIRMATION_OK"
14093,10403944263,10403944327,1,"IOTHUB_CLIENT_CONFIRMATION_OK"
14094,10403944463,10403944495,1,"IOTHUB_CLIENT_CONFIRMATION_OK"
14095,10403944663,10403944810,1,"IOTHUB_CLIENT_CONFIRMATION_OK"
14096,10403944863,10403944912,1,"IOTHUB_CLIENT_CONFIRMATION_OK"
14097,10403945064,10403945096,1,"IOTHUB_CLIENT_CONFIRMATION_OK"
14098,10403945264,10403945422,1,"IOTHUB_CLIENT_CONFIRMATION_OK"
14099,10403945464,10403945497,1,"IOTHUB_CLIENT_CONFIRMATION_OK"
14100,10403945664,10403945693,1,"IOTHUB_CLIENT_CONFIRMATION_OK"
14101,10403945864,10403945894,1,"IOTHUB_CLIENT_CONFIRMATION_OK"
14102,10403946064,10403946093,1,"IOTHUB_CLIENT_CONFIRMATION_OK"
14103,10403946265,10403946297,1,"IOTHUB_CLIENT_CONFIRMATION_OK"
14104,10403946465,10403946506,1,"IOTHUB_CLIENT_CONFIRMATION_OK"
14105,10403946665,10403946695,1,"IOTHUB_CLIENT_CONFIRMATION_OK"
14106,10403946865,10403946898,1,"IOTHUB_CLIENT_CONFIRMATION_OK"
14107,10403947065,10403947137,1,"IOTHUB_CLIENT_CONFIRMATION_OK"
14108,10403947265,10403947297,1,"IOTHUB_CLIENT_CONFIRMATION_OK"
14109,10403947466,10403947495,1,"IOTHUB_CLIENT_CONFIRMATION_OK"
14110,10403947666,10403947697,1,"IOTHUB_CLIENT_CONFIRMATION_OK"
14111,10403947866,10403947896,1,"IOTHUB_CLIENT_CONFIRMATION_OK"
14112,10403948066,10403948261,1,"IOTHUB_CLIENT_CONFIRMATION_OK"
14113,10403948266,10403948318,1,"IOTHUB_CLIENT_CONFIRMATION_OK"
14114,10403948466,10403948498,1,"IOTHUB_CLIENT_CONFIRMATION_OK"
14115,10403948667,10403948698,1,"IOTHUB_CLIENT_CONFIRMATION_OK"
14116,10403948867,10403948897,1,"IOTHUB_CLIENT_CONFIRMATION_OK"
14117,10403949067,10403949097,1,"IOTHUB_CLIENT_CONFIRMATION_OK"
14118,10403949267,10403949295,1,"IOTHUB_CLIENT_CONFIRMATION_OK"
14119,10403949467,10403949496,1,"IOTHUB_CLIENT_CONFIRMATION_OK"
14120,10403949667,10403949699,1,"IOTHUB_CLIENT_CONFIRMATION_OK"
14121,10403949868,10403949900,1,"IOTHUB_CLIENT_CONFIRMATION_OK"
14122,10403950068,10403950098,1,"IOTHUB_CLIENT_CONFIRMATION_OK"
14123,10403950268,10403950300,1,"IOTHUB_CLIENT_CONFIRMATION_OK"
14124,10403950468,10403950506,1,"IOTHUB_CLIENT_CONFIRMATION_OK"
14125,10403950668,10403950712,1,"IOTHUB_CLIENT_CONFIRMATION_OK"
14126,10403950868,10403950898,1,"IOTHUB_CLIENT_CONFIRMATION_OK"
14127,10403951069,10403951104,1,"IOTHUB_CLIENT_CONFIRMATION_OK"
14128,10403951269,10403951299,1,"IOTHUB_CLIENT_CONFIRMATION_OK"
14129,10403951469,10403951522,1,"IOTHUB_CLIENT_CONFIRMATION_OK"
14130,10403951669,10403951705,1,"IOTHUB_CLIENT_CONFIRMATION_OK"
14131,10403951869,10403951901,1,"IOTHUB_CLIENT_CONFIRMATION_OK"
14132,10403952070,10403952126,1,"IOTHUB_CLIENT_CONFIRMATION_OK"
14133,10403952270,10403952300,1,"IOTHUB_CLIENT_CONFIRMATION_OK"
14134,10403952470,10403952502,1,"IOTHUB_CLIENT_CONFIRMATION_OK"
14135,10403952670,10403952762,1,"IOTHUB_CLIENT_CONFIRMATION_OK"
14136,10403952870,10403952901,1,"IOTHUB_CLIENT_CONFIRMATION_OK"
14137,10403953070,10403953102,1,"IOTHUB_CLIENT_CONFIRMATION_OK"
14138,10403953271,10403953302,1,"IOTHUB_CLIENT_CONFIRMATION_OK"
14139,10403953471,10403953501,1,"IOTHUB_CLIENT_CONFIRMATION_OK"
14140,10403953671,10403953712,1,"IOTHUB_CLIENT_CONFIRMATION_OK"
14141,10403953871,10403953909,1,"IOTHUB_CLIENT_CONFIRMATION_OK"
14142,10403954071,10403954122,1,"IOTHUB_CLIENT_CONFIRMATION_OK"
14143,10403954271,10403954469,1,"IOTHUB_CLIENT_CONFIRMATION_OK"
14144,10403954472,10403954503,1,"IOTHUB_CLIENT_CONFIRMATION_OK"
14145,10403954672,10403954744,1,"IOTHUB_CLIENT_CONFIRMATION_OK"
14146,10403954872,10403954902,1,"IOTHUB_CLIENT_CONFIRMATION_OK"
14147,10403955072,10403955104,1,"IOTHUB_CLIENT_CONFIRMATION_OK"
14148,10403955272,10403955305,1,"IOTHUB_CLIENT_CONFIRMATION_OK"
14149,10403955472,10403955504,1,"IOTHUB_CLIENT_CONFIRMATION_OK"
14150,10403955673,10403955707,1,"IOTHUB_CLIENT_CONFIRMATION_OK"
14151,10403955873,10403955907,1,"IOTHUB_CLIENT_CONFIRMATION_OK"
14152,10403956073,10403956126,1,"IOTHUB_CLIENT_CONFIRMATION_OK"
14153,10403956273,10403956304,1,"IOTHUB_CLIENT_CONFIRMATION_OK"
14154,10403956473,10403956504,1,"IOTHUB_CLIENT_CONFIRMATION_OK"
14155,10403956673,10403956716,1,"IOTHUB_CLIENT_CONFIRMATION_OK"
14156,10403956874,10403956906,1,"IOTHUB_CLIENT_CONFIRMATION_OK"
14157,10403957074,10403957104,1,"IOTHUB_CLIENT_CONFIRMATION_OK"
14158,10403957274,10403957309,1,"IOTHUB_CLIENT_CONFIRMATION_OK"
14159,10403957474,10403957503,1,"IOTHUB_CLIENT_CONFIRMATION_OK"
14160,10403957674,10403957731,1,"IOTHUB_CLIENT_CONFIRMATION_OK"
14161,10403957874,10403957905,1,"IOTHUB_CLIENT_CONFIRMATION_OK"
14162,10403958075,10403958111,1,"IOTHUB_CLIENT_CONFIRMATION_OK"
14163,10403958275,10403958367,1,"IOTHUB_CLIENT_CONFIRMATION_OK"
14164,10403958475,10403958503,1,"IOTHUB_CLIENT_CONFIRMATION_OK"
14165,10403958675,10403958713,1,"IOTHUB_CLIENT_CONFIRMATION_OK"
14166,10403958875,10403958962,1,"IOTHUB_CLIENT_CONFIRMATION_OK"
14167,10403959075,10403959108,1,"IOTHUB_CLIENT_CONFIRMATION_OK"
14168,10403959276,10403959307,1,"IOTHUB_CLIENT_CONFIRMATION_OK"
14169,10403959476,10403959591,1,"IOTHUB_CLIENT_CONFIRMATION_OK"
14170,10403959676,10403959705,1,"IOTHUB_CLIENT_CONFIRMATION_OK"
14171,10403959876,10403959915,1,"IOTHUB_CLIENT_CONFIRMATION_OK"
14172,10403960076,10403960109,1,"IOTHUB_CLIENT_CONFIRMATION_OK"
14173,10403960276,10403960308,1,"IOTHUB_CLIENT_CONFIRMATION_OK"
14174,10403960477,10403960510,1,"IOTHUB_CLIENT_CONFIRMATION_OK"
14175,10403960677,10403960707,1,"IOTHUB_CLIENT_CONFIRMATION_OK"
14176,10403960877,10403960917,1,"IOTHUB_CLIENT_CONFIRMATION_OK"
14177,10403961077,10403961106,1,"IOTHUB_CLIENT_CONFIRMATION_OK"
14178,10403961277,10403961316,1,"IOTHUB_CLIENT_CONFIRMATION_OK"
14179,10403961477,10403961515,1,"IOTHUB_CLIENT_CONFIRMATION_OK"
14180,10403961678,10403961711,1,"IOTHUB_CLIENT_CONFIRMATION_OK"
14181,10403961878,10403961913,1,"IOTHUB_CLIENT_CONFIRMATION_OK"
14182,10403962078,10403962107,1,"IOTHUB_CLIENT_CONFIRMATION_OK"
14183,10403962278,10403962320,1,"IOTHUB_CLIENT_CONFIRMATION_OK"
14184,10403962478,10403962511,1,"IOTHUB_CLIENT_CONFIRMATION_OK"
14185,10403962679,10403962710,1,"IOTHUB_CLIENT_CONFIRMATION_OK"
14186,10403962879,10403962933,1,"IOTHUB_CLIENT_CONFIRMATION_OK"
14187,10403963079,10403963110,1,"IOTHUB_CLIENT_CONFIRMATION_OK"
14188,10403963279,10403963310,1,"IOTHUB_CLIENT_CONFIRMATION_OK"
14189,10403963479,10403963535,1,"IOTHUB_CLIENT_CONFIRMATION_OK"
14190,10403963679,10403963719,1,"IOTHUB_CLIENT_CONFIRMATION_OK"
14191,10403963879,10403963908,1,"IOTHUB_CLIENT_CONFIRMATION_OK"
14192,10403964080,10403964111,1,"IOTHUB_CLIENT_CONFIRMATION_OK"
14193,10403964280,10403964311,1,"IOTHUB_CLIENT_CONFIRMATION_OK"
14194,10403964480,10403964547,1,"IOTHUB_CLIENT_CONFIRMATION_OK"
14195,10403964680,10403964714,1,"IOTHUB_CLIENT_CONFIRMATION_OK"
14196,10403964880,10403964965,1,"IOTHUB_CLIENT_CONFIRMATION_OK"
14197,10403965080,10403965156,1,"IOTHUB_CLIENT_CONFIRMATION_OK"
14198,10403965281,10403965311,1,"IOTHUB_CLIENT_CONFIRMATION_OK"
14199,10403965481,10403965511,1,"IOTHUB_CLIENT_CONFIRMATION_OK"
14200,10403965681,10403965773,1,"IOTHUB_CLIENT_CONFIRMATION_OK"
14201,10403965881,10403965912,1,"IOTHUB_CLIENT_CONFIRMATION_OK"
14202,10403966081,10403966112,1,"IOTHUB_CLIENT_CONFIRMATION_OK"
14203,10403966281,10403966393,1,"IOTHUB_CLIENT_CONFIRMATION_OK"
14204,10403966482,10403966516,1,"IOTHUB_CLIENT_CONFIRMATION_OK"
14205,10403966682,10403966714,1,"IOTHUB_CLIENT_CONFIRMATION_OK"
14206,10403966882,10403966913,1,"IOTHUB_CLIENT_CONFIRMATION_OK"
14207,10403967082,10403967111,1,"IOTHUB_CLIENT_CONFIRMATION_OK"
14208,10403967282,10403967311,1,"IOTHUB_CLIENT_CONFIRMATION_OK"
14209,10403967482,10403967514,1,"IOTHUB_CLIENT_CONFIRMATION_OK"
14210,10403967683,10403967723,1,"IOTHUB_CLIENT_CONFIRMATION_OK"
14211,10403967883,10403968004,1,"IOTHUB_CLIENT_CONFIRMATION_OK"
14212,10403968083,10403968113,1,"IOTHUB_CLIENT_CONFIRMATION_OK"
14213,10403968283,10403968314,1,"IOTHUB_CLIENT_CONFIRMATION_OK"
14214,10403968483,10403968609,1,"IOTHUB_CLIENT_CONFIRMATION_OK"
14215,10403968683,10403968717,1,"IOTHUB_CLIENT_CONFIRMATION_OK"
14216,10403968884,10403968923,1,"IOTHUB_CLIENT_CONFIRMATION_OK"
14217,10403969084,10403969116,1,"IOTHUB_CLIENT_CONFIRMATION_OK"
14218,10403969284,10403969319,1,"IOTHUB_CLIENT_CONFIRMATION_OK"
14219,10403969484,10403969519,1,"IOTHUB_CLIENT_CONFIRMATION_OK"
14220,10403969684,10403969714,1,"IOTHUB_CLIENT_CONFIRMATION_OK"
14221,10403969884,10403969915,1,"IOTHUB_CLIENT_CONFIRMATION_OK"
14222,10403970085,10403970116,1,"IOTHUB_CLIENT_CONFIRMATION_OK"
14223,10403970285,10403970316,1,"IOTHUB_CLIENT_CONFIRMATION_OK"
14224,10403970485,10403970520,1,"IOTHUB_CLIENT_CONFIRMATION_OK"
14225,10403970685,10403970865,1,"IOTHUB_CLIENT_CONFIRMATION_OK"
14226,10403970885,10403970920,1,"IOTHUB_CLIENT_CONFIRMATION_OK"
14227,10403971085,10403971119,1,"IOTHUB_CLIENT_CONFIRMATION_OK"
14228,10403971286,10403971471,1,"IOTHUB_CLIENT_CONFIRMATION_OK"
14229,10403971486,10403971515,1,"IOTHUB_CLIENT_CONFIRMATION_OK"
14230,10403971686,10403971722,1,"IOTHUB_CLIENT_CONFIRMATION_OK"
14231,10403971886,10403971923,1,"IOTHUB_CLIENT_CONFIRMATION_OK"
14232,10403972086,10403972121,1,"IOTHUB_CLIENT_CONFIRMATION_OK"
14233,10403972286,10403972325,1,"IOTHUB_CLIENT_CONFIRMATION_OK"
14234,10403972487,10403972534,1,"IOTHUB_CLIENT_CONFIRMATION_OK"
14235,10403972687,10403972716,1,"IOTHUB_CLIENT_CONFIRMATION_OK"
14236,10403972887,10403972924,1,"IOTHUB_CLIENT_CONFIRMATION_OK"
14237,10403973087,10403973160,1,"IOTHUB_CLIENT_CONFIRMATION_OK"
14238,10403973287,10403973316,1,"IOTHUB_CLIENT_CONFIRMATION_OK"
14239,10403973487,10403973519,1,"IOTHUB_CLIENT_CONFIRMATION_OK"
14240,10403973688,10403973720,1,"IOTHUB_CLIENT_CONFIRMATION_OK"
14241,10403973888,10403973922,1,"IOTHUB_CLIENT_CONFIRMATION_OK"
14242,10403974088,10403974203,1,"IOTHUB_CLIENT_CONFIRMATION_OK"
14243,10403974288,10403974323,1,"IOTHUB_CLIENT_CONFIRMATION_OK"
14244,10403974488,10403974520,1,"IOTHUB_CLIENT_CONFIRMATION_OK"
14245,10403974688,10403974814,1,"IOTHUB_CLIENT_CONFIRMATION_OK"
14246,10403974889,10403974926,1,"IOTHUB_CLIENT_CONFIRMATION_OK"
14247,10403975089,10403975120,1,"IOTHUB_CLIENT_CONFIRMATION_OK"
14248,10403975289,10403975409,1,"IOTHUB_CLIENT_CONFIRMATION_OK"
14249,10403975489,10403975518,1,"IOTHUB_CLIENT_CONFIRMATION_OK"
14250,10403975689,10403975719,1,"IOTHUB_CLIENT_CONFIRMATION_OK"
14251,10403975889,10403975921,1,"IOTHUB_CLIENT_CONFIRMATION_OK"
14252,10403976090,10403976126,1,"IOTHUB_CLIENT_CONFIRMATION_OK"
14253,10403976290,10403976322,1,"IOTHUB_CLIENT_CONFIRMATION_OK"
14254,10403976490,10403976523,1,"IOTHUB_CLIENT_CONFIRMATION_OK"
14255,10403976690,10403976726,1,"IOTHUB_CLIENT_CONFIRMATION_OK"
14256,10403976890,10403976963,1,"IOTHUB_CLIENT_CONFIRMATION_OK"
14257,10403977090,10403977120,1,"IOTHUB_CLIENT_CONFIRMATION_OK"
14258,10403977291,10403977326,1,"IOTHUB_CLIENT_CONFIRMATION_OK"
14259,10403977491,10403977639,1,"IOTHUB_CLIENT_CONFIRMATION_OK"
14260,10403977691,10403977721,1,"IOTHUB_CLIENT_CONFIRMATION_OK"
14261,10403977891,10403977924,1,"IOTHUB_CLIENT_CONFIRMATION_OK"
14262,10403978091,10403978263,1,"IOTHUB_CLIENT_CONFIRMATION_OK"
14263,10403978291,10403978361,1,"IOTHUB_CLIENT_CONFIRMATION_OK"
14264,10403978492,10403978520,1,"IOTHUB_CLIENT_CONFIRMATION_OK"
14265,10403978692,10403978721,1,"IOTHUB_CLIENT_CONFIRMATION_OK"
14266,10403978892,10403978922,1,"IOTHUB_CLIENT_CONFIRMATION_OK"
14267,10403979092,10403979124,1,"IOTHUB_CLIENT_CONFIRMATION_OK"
14268,10403979292,10403979322,1,"IOTHUB_CLIENT_CONFIRMATION_OK"
14269,10403979492,10403979525,1,"IOTHUB_CLIENT_CONFIRMATION_OK"
14270,10403979693,10403979733,1,"IOTHUB_CLIENT_CONFIRMATION_OK"
14271,10403979893,10403979926,1,"IOTHUB_CLIENT_CONFIRMATION_OK"
14272,10403980093,10403980126,1,"IOTHUB_CLIENT_CONFIRMATION_OK"
14273,10403980293,10403980334,1,"IOTHUB_CLIENT_CONFIRMATION_OK"
14274,10403980493,10403980533,1,"IOTHUB_CLIENT_CONFIRMATION_OK"
14275,10403980693,10403980740,1,"IOTHUB_CLIENT_CONFIRMATION_OK"
14276,10403980894,10403980934,1,"IOTHUB_CLIENT_CONFIRMATION_OK"
14277,10403981094,10403981122,1,"IOTHUB_CLIENT_CONFIRMATION_OK"
14278,10403981294,10403981325,1,"IOTHUB_CLIENT_CONFIRMATION_OK"
14279,10403981494,10403981533,1,"IOTHUB_CLIENT_CONFIRMATION_OK"
14280,10403981694,10403981738,1,"IOTHUB_CLIENT_CONFIRMATION_OK"
14281,10403981894,10403981944,1,"IOTHUB_CLIENT_CONFIRMATION_OK"
14282,10403982095,10403982152,1,"IOTHUB_CLIENT_CONFIRMATION_OK"
14283,10403982295,10403982325,1,"IOTHUB_CLIENT_CONFIRMATION_OK"
14284,10403982495,10403982537,1,"IOTHUB_CLIENT_CONFIRMATION_OK"
14285,10403982695,10403982755,1,"IOTHUB_CLIENT_CONFIRMATION_OK"
14286,10403982895,10403982967,1,"IOTHUB_CLIENT_CONFIRMATION_OK"
14287,10403983095,10403983172,1,"IOTHUB_CLIENT_CONFIRMATION_OK"
14288,10403983296,10403983388,1,"IOTHUB_CLIENT_CONFIRMATION_OK"
14289,10403983496,10403983527,1,"IOTHUB_CLIENT_CONFIRMATION_OK"
14290,10403983696,10403983729,1,"IOTHUB_CLIENT_CONFIRMATION_OK"
14291,10403983896,10403983926,1,"IOTHUB_CLIENT_CONFIRMATION_OK"
14292,10403984096,10403984127,1,"IOTHUB_CLIENT_CONFIRMATION_OK"
14293,10403984296,10403984373,1,"IOTHUB_CLIENT_CONFIRMATION_OK"
14294,10403984497,10403984532,1,"IOTHUB_CLIENT_CONFIRMATION_OK"
14295,10403984697,10403984741,1,"IOTHUB_CLIENT_CONFIRMATION_OK"
14296,10403984897,10403984999,1,"IOTHUB_CLIENT_CONFIRMATION_OK"
14297,10403985097,10403985137,1,"IOTHUB_CLIENT_CONFIRMATION_OK"
14298,10403985297,10403985346,1,"IOTHUB_CLIENT_CONFIRMATION_OK"
14299,10403985497,10403985594,1,"IOTHUB_CLIENT_CONFIRMATION_OK"
14300,10403985698,10403985742,1,"IOTHUB_CLIENT_CONFIRMATION_OK"
14301,10403985898,10403985936,1,"IOTHUB_CLIENT_CONFIRMATION_OK"
14302,10403986098,10403986130,1,"IOTHUB_CLIENT_CONFIRMATION_OK"
14303,10403986298,10403986331,1,"IOTHUB_CLIENT_CONFIRMATION_OK"
14304,10403986498,10403986531,1,"IOTHUB_CLIENT_CONFIRMATION_OK"
14305,10403986698,10403986731,1,"IOTHUB_CLIENT_CONFIRMATION_OK"
14306,10403986899,10403986929,1,"IOTHUB_CLIENT_CONFIRMATION_OK"
14307,10403987099,10403987255,1,"IOTHUB_CLIENT_CONFIRMATION_OK"
14308,10403987299,10403987329,1,"IOTHUB_CLIENT_CONFIRMATION_OK"
14309,10403987499,10403987531,1,"IOTHUB_CLIENT_CONFIRMATION_OK"
14310,10403987699,10403987888,1,"IOTHUB_CLIENT_CONFIRMATION_OK"
14311,10403987899,10403987930,1,"IOTHUB_CLIENT_CONFIRMATION_OK"
14312,10403988099,10403988128,1,"IOTHUB_CLIENT_CONFIRMATION_OK"
14313,10403988300,10403988330,1,"IOTHUB_CLIENT_CONFIRMATION_OK"
14314,10403988500,10403988529,1,"IOTHUB_CLIENT_CONFIRMATION_OK"
14315,10403988700,10403988732,1,"IOTHUB_CLIENT_CONFIRMATION_OK"
14316,10403988900,10403988930,1,"IOTHUB_CLIENT_CONFIRMATION_OK"
14317,10403989100,10403989140,1,"IOTHUB_CLIENT_CONFIRMATION_OK"
14318,10403989300,10403989339,1,"IOTHUB_CLIENT_CONFIRMATION_OK"
14319,10403989501,10403989530,1,"IOTHUB_CLIENT_CONFIRMATION_OK"
14320,10403989701,10403989734,1,"IOTHUB_CLIENT_CONFIRMATION_OK"
14321,10403989901,10403989933,1,"IOTHUB_CLIENT_CONFIRMATION_OK"
14322,10403990101,10403990132,1,"IOTHUB_CLIENT_CONFIRMATION_OK"
14323,10403990301,10403990335,1,"IOTHUB_CLIENT_CONFIRMATION_OK"
14324,10403990501,10403990531,1,"IOTHUB_CLIENT_CONFIRMATION_OK"
14325,10403990702,10403990735,1,"IOTHUB_CLIENT_CONFIRMATION_OK"
14326,10403990902,10403990937,1,"IOTHUB_CLIENT_CONFIRMATION_OK"
14327,10403991102,10403991136,1,"IOTHUB_CLIENT_CONFIRMATION_OK"
14328,10403991302,10403991331,1,"IOTHUB_CLIENT_CONFIRMATION_OK"
14329,10403991502,10403991531,1,"IOTHUB_CLIENT_CONFIRMATION_OK"
14330,10403991702,10403991748,1,"IOTHUB_CLIENT_CONFIRMATION_OK"
14331,10403991903,10403991947,1,"IOTHUB_CLIENT_CONFIRMATION_OK"
14332,10403992103,10403992140,1,"IOTHUB_CLIENT_CONFIRMATION_OK"
14333,10403992303,10403992352,1,"IOTHUB_CLIENT_CONFIRMATION_OK"
14334,10403992503,10403992536,1,"IOTHUB_CLIENT_CONFIRMATION_OK"
14335,10403992703,10403992754,1,"IOTHUB_CLIENT_CONFIRMATION_OK"
14336,10403992903,10403992974,1,"IOTHUB_CLIENT_CONFIRMATION_OK"
14337,10403993103,10403993141,1,"IOTHUB_CLIENT_CONFIRMATION_OK"
14338,10403993304,10403993331,1,"IOTHUB_CLIENT_CONFIRMATION_OK"
14339,10403993504,10403993547,1,"IOTHUB_CLIENT_CONFIRMATION_OK"
14340,10403993704,10403993736,1,"IOTHUB_CLIENT_CONFIRMATION_OK"
14341,10403993904,10403993971,1,"IOTHUB_CLIENT_CONFIRMATION_OK"
14342,10403994104,10403994158,1,"IOTHUB_CLIENT_CONFIRMATION_OK"
14343,10403994305,10403994334,1,"IOTHUB_CLIENT_CONFIRMATION_OK"
14344,10403994505,10403994581,1,"IOTHUB_CLIENT_CONFIRMATION_OK"
14345,10403994705,10403994737,1,"IOTHUB_CLIENT_CONFIRMATION_OK"
14346,10403994905,10403994937,1,"IOTHUB_CLIENT_CONFIRMATION_OK"
14347,10403995105,10403995204,1,"IOTHUB_CLIENT_CONFIRMATION_OK"
14348,10403995305,10403995344,1,"IOTHUB_CLIENT_CONFIRMATION_OK"
14349,10403995505,10403995551,1,"IOTHUB_CLIENT_CONFIRMATION_OK"
14350,10403995706,10403995807,1,"IOTHUB_CLIENT_CONFIRMATION_OK"
14351,10403995906,10403995945,1,"IOTHUB_CLIENT_CONFIRMATION_OK"
14352,10403996106,10403996136,1,"IOTHUB_CLIENT_CONFIRMATION_OK"
14353,10403996306,10403996347,1,"IOTHUB_CLIENT_CONFIRMATION_OK"
14354,10403996506,10403996539,1,"IOTHUB_CLIENT_CONFIRMATION_OK"
14355,10403996706,10403996742,1,"IOTHUB_CLIENT_CONFIRMATION_OK"
14356,10403996907,10403996947,1,"IOTHUB_CLIENT_CONFIRMATION_OK"
14357,10403997107,10403997141,1,"IOTHUB_CLIENT_CONFIRMATION_OK"
14358,10403997307,10403997422,1,"IOTHUB_CLIENT_CONFIRMATION_OK"
14359,10403997507,10403997546,1,"IOTHUB_CLIENT_CONFIRMATION_OK"
14360,10403997707,10403997740,1,"IOTHUB_CLIENT_CONFIRMATION_OK"
14361,10403997907,10403998040,1,"IOTHUB_CLIENT_CONFIRMATION_OK"
14362,10403998108,10403998140,1,"IOTHUB_CLIENT_CONFIRMATION_OK"
14363,10403998308,10403998356,1,"IOTHUB_CLIENT_CONFIRMATION_OK"
14364,10403998508,10403998574,1,"IOTHUB_CLIENT_CONFIRMATION_OK"
14365,10403998708,10403998741,1,"IOTHUB_CLIENT_CONFIRMATION_OK"
14366,10403998908,10403998954,1,"IOTHUB_CLIENT_CONFIRMATION_OK"
14367,10403999108,10403999145,1,"IOTHUB_CLIENT_CONFIRMATION_OK"
14368,10403999308,10403999358,1,"IOTHUB_CLIENT_CONFIRMATION_OK"
14369,10403999509,10403999668,1,"IOTHUB_CLIENT_CONFIRMATION_OK"
14370,10403999709,10403999745,1,"IOTHUB_CLIENT_CONFIRMATION_OK"
14371,10403999909,10403999960,1,"IOTHUB_CLIENT_CONFIRMATION_OK"
14372,10404000109,10404000280,1,"IOTHUB_CLIENT_CONFIRMATION_OK"
14373,10404000309,10404000376,1,"IOTHUB_CLIENT_CONFIRMATION_OK"
14374,10404000509,10404000546,1,"IOTHUB_CLIENT_CONFIRMATION_OK"
14375,10404000710,10404000748,1,"IOTHUB_CLIENT_CONFIRMATION_OK"
14376,10404000910,10404000958,1,"IOTHUB_CLIENT_CONFIRMATION_OK"
14377,10404001110,10404001156,1,"IOTHUB_CLIENT_CONFIRMATION_OK"
14378,10404001310,10404001351,1,"IOTHUB_CLIENT_CONFIRMATION_OK"
14379,10404001510,10404001559,1,"IOTHUB_CLIENT_CONFIRMATION_OK"
14380,10404001710,10404001897,1,"IOTHUB_CLIENT_CONFIRMATION_OK"
14381,10404001911,10404001954,1,"IOTHUB_CLIENT_CONFIRMATION_OK"
14382,10404002111,10404002148,1,"IOTHUB_CLIENT_CONFIRMATION_OK"
14383,10404002311,10404002360,1,"IOTHUB_CLIENT_CONFIRMATION_OK"
14384,10404002511,10404002548,1,"IOTHUB_CLIENT_CONFIRMATION_OK"
14385,10404002711,10404002755,1,"IOTHUB_CLIENT_CONFIRMATION_OK"
14386,10404002911,10404002952,1,"IOTHUB_CLIENT_CONFIRMATION_OK"
14387,10404003112,10404003152,1,"IOTHUB_CLIENT_CONFIRMATION_OK"
14388,10404003312,10404003352,1,"IOTHUB_CLIENT_CONFIRMATION_OK"
14389,10404003512,10404003564,1,"IOTHUB_CLIENT_CONFIRMATION_OK"
14390,10404003712,10404003758,1,"IOTHUB_CLIENT_CONFIRMATION_OK"
14391,10404003912,10404003970,1,"IOTHUB_CLIENT_CONFIRMATION_OK"
14392,10404004112,10404004146,1,"IOTHUB_CLIENT_CONFIRMATION_OK"
14393,10404004313,10404004359,1,"IOTHUB_CLIENT_CONFIRMATION_OK"
14394,10404004513,10404004639,1,"IOTHUB_CLIENT_CONFIRMATION_OK"
14395,10404004726,10404004769,1,"IOTHUB_CLIENT_CONFIRMATION_OK"
14396,10404004926,10404005043,1,"IOTHUB_CLIENT_CONFIRMATION_OK"
14397,10404005126,10404005165,1,"IOTHUB_CLIENT_CONFIRMATION_OK"
14398,10404005327,10404005367,1,"IOTHUB_CLIENT_CONFIRMATION_OK"
14399,10404005527,10404005570,1,"IOTHUB_CLIENT_CONFIRMATION_OK"
14400,10404005727,10404005903,1,"IOTHUB_CLIENT_CONFIRMATION_OK"
14401,10404005927,10404005961,1,"IOTHUB_CLIENT_CONFIRMATION_OK"
14402,10404006127,10404006173,1,"IOTHUB_CLIENT_CONFIRMATION_OK"
14403,10404006327,10404006369,1,"IOTHUB_CLIENT_CONFIRMATION_OK"
14404,10404006528,10404006564,1,"IOTHUB_CLIENT_CONFIRMATION_OK"
14405,10404006728,10404006767,1,"IOTHUB_CLIENT_CONFIRMATION_OK"
14406,10404006928,10404006962,1,"IOTHUB_CLIENT_CONFIRMATION_OK"
14407,10404007128,10404007168,1,"IOTHUB_CLIENT_CONFIRMATION_OK"
14408,10404007328,10404007367,1,"IOTHUB_CLIENT_CONFIRMATION_OK"
14409,10404007529,10404007576,1,"IOTHUB_CLIENT_CONFIRMATION_OK"
14410,10404007729,10404007824,1,"IOTHUB_CLIENT_CONFIRMATION_OK"
14411,10404007929,10404008125,1,"IOTHUB_CLIENT_CONFIRMATION_OK"
14412,10404008129,10404008184,1,"IOTHUB_CLIENT_CONFIRMATION_OK"
14413,10404008329,10404008370,1,"IOTHUB_CLIENT_CONFIRMATION_OK"
14414,10404008529,10404008566,1,"IOTHUB_CLIENT_CONFIRMATION_OK"
14415,10404008730,10404008780,1,"IOTHUB_CLIENT_CONFIRMATION_OK"
14416,10404008930,10404008958,1,"IOTHUB_CLIENT_CONFIRMATION_OK"
14417,10404009130,10404009162,1,"IOTHUB_CLIENT_CONFIRMATION_OK"
14418,10404009330,10404009370,1,"IOTHUB_CLIENT_CONFIRMATION_OK"
14419,10404009530,10404009572,1,"IOTHUB_CLIENT_CONFIRMATION_OK"
14420,10404009730,10404009786,1,"IOTHUB_CLIENT_CONFIRMATION_OK"
14421,10404009931,10404009972,1,"IOTHUB_CLIENT_CONFIRMATION_OK"
14422,10404010131,10404010163,1,"IOTHUB_CLIENT_CONFIRMATION_OK"
14423,10404010331,10404010376,1,"IOTHUB_CLIENT_CONFIRMATION_OK"
14424,10404010531,10404010565,1,"IOTHUB_CLIENT_CONFIRMATION_OK"
14425,10404010731,10404010764,1,"IOTHUB_CLIENT_CONFIRMATION_OK"
14426,10404010931,10404011024,1,"IOTHUB_CLIENT_CONFIRMATION_OK"
14427,10404011132,10404011171,1,"IOTHUB_CLIENT_CONFIRMATION_OK"
14428,10404011332,10404011366,1,"IOTHUB_CLIENT_CONFIRMATION_OK"
14429,10404011532,10404011629,1,"IOTHUB_CLIENT_CONFIRMATION_OK"
14430,10404011732,10404011775,1,"IOTHUB_CLIENT_CONFIRMATION_OK"
14431,10404011932,10404011968,1,"IOTHUB_CLIENT_CONFIRMATION_OK"
14432,10404012132,10404012232,1,"IOTHUB_CLIENT_CONFIRMATION_OK"
14433,10404012333,10404012366,1,"IOTHUB_CLIENT_CONFIRMATION_OK"
14434,10404012533,10404012563,1,"IOTHUB_CLIENT_CONFIRMATION_OK"
14435,10404012733,10404012850,1,"IOTHUB_CLIENT_CONFIRMATION_OK"
14436,10404012933,10404012972,1,"IOTHUB_CLIENT_CONFIRMATION_OK"
14437,10404013133,10404013165,1,"IOTHUB_CLIENT_CONFIRMATION_OK"
14438,10404013333,10404013365,1,"IOTHUB_CLIENT_CONFIRMATION_OK"
14439,10404013534,10404013577,1,"IOTHUB_CLIENT_CONFIRMATION_OK"
14440,10404013734,10404013775,1,"IOTHUB_CLIENT_CONFIRMATION_OK"
14441,10404013934,10404014051,1,"IOTHUB_CLIENT_CONFIRMATION_OK"
14442,10404014134,10404014170,1,"IOTHUB_CLIENT_CONFIRMATION_OK"
14443,10404014334,10404014373,1,"IOTHUB_CLIENT_CONFIRMATION_OK"
14444,10404014534,10404014569,1,"IOTHUB_CLIENT_CONFIRMATION_OK"
14445,10404014735,10404014767,1,"IOTHUB_CLIENT_CONFIRMATION_OK"
14446,10404014935,10404015003,1,"IOTHUB_CLIENT_CONFIRMATION_OK"
14447,10404015135,10404015164,1,"IOTHUB_CLIENT_CONFIRMATION_OK"
14448,10404015335,10404015364,1,"IOTHUB_CLIENT_CONFIRMATION_OK"
14449,10404015535,10404015570,1,"IOTHUB_CLIENT_CONFIRMATION_OK"
14450,10404015735,10404015772,1,"IOTHUB_CLIENT_CONFIRMATION_OK"
14451,10404015936,10404015967,1,"IOTHUB_CLIENT_CONFIRMATION_OK"
14452,10404016136,10404016167,1,"IOTHUB_CLIENT_CONFIRMATION_OK"
14453,10404016336,10404016383,1,"IOTHUB_CLIENT_CONFIRMATION_OK"
14454,10404016536,10404016731,1,"IOTHUB_CLIENT_CONFIRMATION_OK"
14455,10404016736,10404016779,1,"IOTHUB_CLIENT_CONFIRMATION_OK"
14456,10404016936,10404016971,1,"IOTHUB_CLIENT_CONFIRMATION_OK"
14457,10404017137,10404017238,1,"IOTHUB_CLIENT_CONFIRMATION_OK"
14458,10404017337,10404017373,1,"IOTHUB_CLIENT_CONFIRMATION_OK"
14459,10404017537,10404017576,1,"IOTHUB_CLIENT_CONFIRMATION_OK"
14460,10404017737,10404017774,1,"IOTHUB_CLIENT_CONFIRMATION_OK"
14461,10404017937,10404017978,1,"IOTHUB_CLIENT_CONFIRMATION_OK"
14462,10404018138,10404018167,1,"IOTHUB_CLIENT_CONFIRMATION_OK"
14463,10404018338,10404018372,1,"IOTHUB_CLIENT_CONFIRMATION_OK"
14464,10404018538,10404018575,1,"IOTHUB_CLIENT_CONFIRMATION_OK"
14465,10404018738,10404018771,1,"IOTHUB_CLIENT_CONFIRMATION_OK"
14466,10404018938,10404018983,1,"IOTHUB_CLIENT_CONFIRMATION_OK"
14467,10404019138,10404019191,1,"IOTHUB_CLIENT_CONFIRMATION_OK"
14468,10404019339,10404019380,1,"IOTHUB_CLIENT_CONFIRMATION_OK"
14469,10404019539,10404019595,1,"IOTHUB_CLIENT_CONFIRMATION_OK"
14470,10404019739,10404019784,1,"IOTHUB_CLIENT_CONFIRMATION_OK"
14471,10404019939,10404019979,1,"IOTHUB_CLIENT_CONFIRMATION_OK"
14472,10404020139,10404020167,1,"IOTHUB_CLIENT_CONFIRMATION_OK"
14473,10404020339,10404020406,1,"IOTHUB_CLIENT_CONFIRMATION_OK"
14474,10404020540,10404020589,1,"IOTHUB_CLIENT_CONFIRMATION_OK"
14475,10404020740,10404020779,1,"IOTHUB_CLIENT_CONFIRMATION_OK"
14476,10404020940,10404021045,1,"IOTHUB_CLIENT_CONFIRMATION_OK"
14477,10404021140,10404021204,1,"IOTHUB_CLIENT_CONFIRMATION_OK"
14478,10404021340,10404021372,1,"IOTHUB_CLIENT_CONFIRMATION_OK"
14479,10404021540,10404021593,1,"IOTHUB_CLIENT_CONFIRMATION_OK"
14480,10404021741,10404021774,1,"IOTHUB_CLIENT_CONFIRMATION_OK"
14481,10404021941,10404021977,1,"IOTHUB_CLIENT_CONFIRMATION_OK"
14482,10404022141,10404022180,1,"IOTHUB_CLIENT_CONFIRMATION_OK"
14483,10404022341,10404022375,1,"IOTHUB_CLIENT_CONFIRMATION_OK"
14484,10404022541,10404022584,1,"IOTHUB_CLIENT_CONFIRMATION_OK"
14485,10404022741,10404022780,1,"IOTHUB_CLIENT_CONFIRMATION_OK"
14486,10404022942,10404023141,1,"IOTHUB_CLIENT_CONFIRMATION_OK"
14487,10404023142,10404023201,1,"IOTHUB_CLIENT_CONFIRMATION_OK"
14488,10404023342,10404023372,1,"IOTHUB_CLIENT_CONFIRMATION_OK"
14489,10404023542,10404023662,1,"IOTHUB_CLIENT_CONFIRMATION_OK"
14490,10404023742,10404023775,1,"IOTHUB_CLIENT_CONFIRMATION_OK"
14491,10404023942,10404023972,1,"IOTHUB_CLIENT_CONFIRMATION_OK"
14492,10404024143,10404024267,1,"IOTHUB_CLIENT_CONFIRMATION_OK"
14493,10404024343,10404024377,1,"IOTHUB_CLIENT_CONFIRMATION_OK"
14494,10404024543,10404024576,1,"IOTHUB_CLIENT_CONFIRMATION_OK"
14495,10404024743,10404024875,1,"IOTHUB_CLIENT_CONFIRMATION_OK"
14496,10404024943,10404024973,1,"IOTHUB_CLIENT_CONFIRMATION_OK"
14497,10404025143,10404025189,1,"IOTHUB_CLIENT_CONFIRMATION_OK"
14498,10404025344,10404025382,1,"IOTHUB_CLIENT_CONFIRMATION_OK"
14499,10404025544,10404025579,1,"IOTHUB_CLIENT_CONFIRMATION_OK"
14500,10404025744,10404025791,1,"IOTHUB_CLIENT_CONFIRMATION_OK"
14501,10404025944,10404025983,1,"IOTHUB_CLIENT_CONFIRMATION_OK"
14502,10404026144,10404026187,1,"IOTHUB_CLIENT_CONFIRMATION_OK"
14503,10404026344,10404026377,1,"IOTHUB_CLIENT_CONFIRMATION_OK"
14504,10404026545,10404026582,1,"IOTHUB_CLIENT_CONFIRMATION_OK"
14505,10404026745,10404026779,1,"IOTHUB_CLIENT_CONFIRMATION_OK"
14506,10404026946,10404026978,1,"IOTHUB_CLIENT_CONFIRMATION_OK"
14507,10404027146,10404027179,1,"IOTHUB_CLIENT_CONFIRMATION_OK"
14508,10404027346,10404027378,1,"IOTHUB_CLIENT_CONFIRMATION_OK"
14509,10404027546,10404027579,1,"IOTHUB_CLIENT_CONFIRMATION_OK"
14510,10404027746,10404027785,1,"IOTHUB_CLIENT_CONFIRMATION_OK"
14511,10404027946,10404028130,1,"IOTHUB_CLIENT_CONFIRMATION_OK"
14512,10404028146,10404028177,1,"IOTHUB_CLIENT_CONFIRMATION_OK"
14513,10404028347,10404028414,1,"IOTHUB_CLIENT_CONFIRMATION_OK"
14514,10404028547,10404028737,1,"IOTHUB_CLIENT_CONFIRMATION_OK"
14515,10404028747,10404028782,1,"IOTHUB_CLIENT_CONFIRMATION_OK"
14516,10404028947,10404028977,1,"IOTHUB_CLIENT_CONFIRMATION_OK"
14517,10404029147,10404029181,1,"IOTHUB_CLIENT_CONFIRMATION_OK"
14518,10404029347,10404029402,1,"IOTHUB_CLIENT_CONFIRMATION_OK"
14519,10404029548,10404029581,1,"IOTHUB_CLIENT_CONFIRMATION_OK"
14520,10404029748,10404029792,1,"IOTHUB_CLIENT_CONFIRMATION_OK"
14521,10404029948,10404029994,1,"IOTHUB_CLIENT_CONFIRMATION_OK"
14522,10404030148,10404030180,1,"IOTHUB_CLIENT_CONFIRMATION_OK"
14523,10404030348,10404030385,1,"IOTHUB_CLIENT_CONFIRMATION_OK"
14524,10404030548,10404030587,1,"IOTHUB_CLIENT_CONFIRMATION_OK"
14525,10404030748,10404030785,1,"IOTHUB_CLIENT_CONFIRMATION_OK"
14526,10404030949,10404030982,1,"IOTHUB_CLIENT_CONFIRMATION_OK"
14527,10404031149,10404031192,1,"IOTHUB_CLIENT_CONFIRMATION_OK"
14528,10404031349,10404031389,1,"IOTHUB_CLIENT_CONFIRMATION_OK"
14529,10404031549,10404031588,1,"IOTHUB_CLIENT_CONFIRMATION_OK"
14530,10404031749,10404031806,1,"IOTHUB_CLIENT_CONFIRMATION_OK"
14531,10404031949,10404032059,1,"IOTHUB_CLIENT_CONFIRMATION_OK"
14532,10404032150,10404032184,1,"IOTHUB_CLIENT_CONFIRMATION_OK"
14533,10404032350,10404032480,1,"IOTHUB_CLIENT_CONFIRMATION_OK"
14534,10404032550,10404032580,1,"IOTHUB_CLIENT_CONFIRMATION_OK"
14535,10404032750,10404032791,1,"IOTHUB_CLIENT_CONFIRMATION_OK"
14536,10404032950,10404033107,1,"IOTHUB_CLIENT_CONFIRMATION_OK"
14537,10404033150,10404033207,1,"IOTHUB_CLIENT_CONFIRMATION_OK"
14538,10404033351,10404033381,1,"IOTHUB_CLIENT_CONFIRMATION_OK"
14539,10404033551,10404033584,1,"IOTHUB_CLIENT_CONFIRMATION_OK"
14540,10404033751,10404033784,1,"IOTHUB_CLIENT_CONFIRMATION_OK"
14541,10404033951,10404033995,1,"IOTHUB_CLIENT_CONFIRMATION_OK"
14542,10404034151,10404034189,1,"IOTHUB_CLIENT_CONFIRMATION_OK"
14543,10404034351,10404034393,1,"IOTHUB_CLIENT_CONFIRMATION_OK"
14544,10404034551,10404034590,1,"IOTHUB_CLIENT_CONFIRMATION_OK"
14545,10404034752,10404034794,1,"IOTHUB_CLIENT_CONFIRMATION_OK"
14546,10404034952,10404035046,1,"IOTHUB_CLIENT_CONFIRMATION_OK"
14547,10404035152,10404035185,1,"IOTHUB_CLIENT_CONFIRMATION_OK"
14548,10404035352,10404035385,1,"IOTHUB_CLIENT_CONFIRMATION_OK"
14549,10404035552,10404035590,1,"IOTHUB_CLIENT_CONFIRMATION_OK"
14550,10404035752,10404035792,1,"IOTHUB_CLIENT_CONFIRMATION_OK"
14551,10404035952,10404035986,1,"IOTHUB_CLIENT_CONFIRMATION_OK"
14552,10404036153,10404036191,1,"IOTHUB_CLIENT_CONFIRMATION_OK"
14553,10404036353,10404036386,1,"IOTHUB_CLIENT_CONFIRMATION_OK"
14554,10404036553,10404036718,1,"IOTHUB_CLIENT_CONFIRMATION_OK"
14555,10404036753,10404036971,1,"IOTHUB_CLIENT_CONFIRMATION_OK"
14556,10404036953,10404036990,1,"IOTHUB_CLIENT_CONFIRMATION_OK"
14557,10404037153,10404037238,1,"IOTHUB_CLIENT_CONFIRMATION_OK"
14558,10404037354,10404037397,1,"IOTHUB_CLIENT_CONFIRMATION_OK"
14559,10404037554,10404037606,1,"IOTHUB_CLIENT_CONFIRMATION_OK"
14560,10404037754,10404037793,1,"IOTHUB_CLIENT_CONFIRMATION_OK"
14561,10404037954,10404037995,1,"IOTHUB_CLIENT_CONFIRMATION_OK"
14562,10404038154,10404038268,1,"IOTHUB_CLIENT_CONFIRMATION_OK"
14563,10404038354,10404038415,1,"IOTHUB_CLIENT_CONFIRMATION_OK"
14564,10404038554,10404038587,1,"IOTHUB_CLIENT_CONFIRMATION_OK"
14565,10404038755,10404038815,1,"IOTHUB_CLIENT_CONFIRMATION_OK"
14566,10404038955,10404038989,1,"IOTHUB_CLIENT_CONFIRMATION_OK"
14567,10404039155,10404039190,1,"IOTHUB_CLIENT_CONFIRMATION_OK"
14568,10404039355,10404039428,1,"IOTHUB_CLIENT_CONFIRMATION_OK"
14569,10404039555,10404039588,1,"IOTHUB_CLIENT_CONFIRMATION_OK"
14570,10404039755,10404039799,1,"IOTHUB_CLIENT_CONFIRMATION_OK"
14571,10404039955,10404040032,1,"IOTHUB_CLIENT_CONFIRMATION_OK"
14572,10404040156,10404040185,1,"IOTHUB_CLIENT_CONFIRMATION_OK"
14573,10404040356,10404040414,1,"IOTHUB_CLIENT_CONFIRMATION_OK"
14574,10404040556,10404040648,1,"IOTHUB_CLIENT_CONFIRMATION_OK"
14575,10404040756,10404040803,1,"IOTHUB_CLIENT_CONFIRMATION_OK"
14576,10404040956,10404041080,1,"IOTHUB_CLIENT_CONFIRMATION_OK"
14577,10404041156,10404041191,1,"IOTHUB_CLIENT_CONFIRMATION_OK"
14578,10404041357,10404041399,1,"IOTHUB_CLIENT_CONFIRMATION_OK"
14579,10404041557,10404041590,1,"IOTHUB_CLIENT_CONFIRMATION_OK"
14580,10404041757,10404041849,1,"IOTHUB_CLIENT_CONFIRMATION_OK"
14581,10404041957,10404041991,1,"IOTHUB_CLIENT_CONFIRMATION_OK"
14582,10404042157,10404042204,1,"IOTHUB_CLIENT_CONFIRMATION_OK"
14583,10404042358,10404042395,1,"IOTHUB_CLIENT_CONFIRMATION_OK"
14584,10404042558,10404042600,1,"IOTHUB_CLIENT_CONFIRMATION_OK"
14585,10404042758,10404042821,1,"IOTHUB_CLIENT_CONFIRMATION_OK"
14586,10404042958,10404042996,1,"IOTHUB_CLIENT_CONFIRMATION_OK"
14587,10404043158,10404043190,1,"IOTHUB_CLIENT_CONFIRMATION_OK"
14588,10404043358,10404043389,1,"IOTHUB_CLIENT_CONFIRMATION_OK"
14589,10404043559,10404043596,1,"IOTHUB_CLIENT_CONFIRMATION_OK"
14590,10404043759,10404043930,1,"IOTHUB_CLIENT_CONFIRMATION_OK"
14591,10404043959,10404043993,1,"IOTHUB_CLIENT_CONFIRMATION_OK"
14592,10404044159,10404044199,1,"IOTHUB_CLIENT_CONFIRMATION_OK"
14593,10404044359,10404044520,1,"IOTHUB_CLIENT_CONFIRMATION_OK"
14594,10404044559,10404044595,1,"IOTHUB_CLIENT_CONFIRMATION_OK"
14595,10404044759,10404044794,1,"IOTHUB_CLIENT_CONFIRMATION_OK"
14596,10404044960,10404045126,1,"IOTHUB_CLIENT_CONFIRMATION_OK"
14597,10404045160,10404045195,1,"IOTHUB_CLIENT_CONFIRMATION_OK"
14598,10404045360,10404045402,1,"IOTHUB_CLIENT_CONFIRMATION_OK"
14599,10404045560,10404045598,1,"IOTHUB_CLIENT_CONFIRMATION_OK"
14600,10404045760,10404045793,1,"IOTHUB_CLIENT_CONFIRMATION_OK"
14601,10404045960,10404045993,1,"IOTHUB_CLIENT_CONFIRMATION_OK"
14602,10404046161,10404046196,1,"IOTHUB_CLIENT_CONFIRMATION_OK"
14603,10404046361,10404046391,1,"IOTHUB_CLIENT_CONFIRMATION_OK"
14604,10404046561,10404046603,1,"IOTHUB_CLIENT_CONFIRMATION_OK"
14605,10404046761,10404046806,1,"IOTHUB_CLIENT_CONFIRMATION_OK"
14606,10404046961,10404047002,1,"IOTHUB_CLIENT_CONFIRMATION_OK"
14607,10404047161,10404047278,1,"IOTHUB_CLIENT_CONFIRMATION_OK"
14608,10404047362,10404047392,1,"IOTHUB_CLIENT_CONFIRMATION_OK"
14609,10404047562,10404047592,1,"IOTHUB_CLIENT_CONFIRMATION_OK"
14610,10404047762,10404047802,1,"IOTHUB_CLIENT_CONFIRMATION_OK"
14611,10404047962,10404047994,1,"IOTHUB_CLIENT_CONFIRMATION_OK"
14612,10404048162,10404048200,1,"IOTHUB_CLIENT_CONFIRMATION_OK"
14613,10404048362,10404048408,1,"IOTHUB_CLIENT_CONFIRMATION_OK"
14614,10404048562,10404048596,1,"IOTHUB_CLIENT_CONFIRMATION_OK"
14615,10404048763,10404048799,1,"IOTHUB_CLIENT_CONFIRMATION_OK"
14616,10404048963,10404048999,1,"IOTHUB_CLIENT_CONFIRMATION_OK"
14617,10404049163,10404049197,1,"IOTHUB_CLIENT_CONFIRMATION_OK"
14618,10404049363,10404049401,1,"IOTHUB_CLIENT_CONFIRMATION_OK"
14619,10404049563,10404049624,1,"IOTHUB_CLIENT_CONFIRMATION_OK"
14620,10404049763,10404049800,1,"IOTHUB_CLIENT_CONFIRMATION_OK"
14621,10404049964,10404049995,1,"IOTHUB_CLIENT_CONFIRMATION_OK"
14622,10404050164,10404050229,1,"IOTHUB_CLIENT_CONFIRMATION_OK"
14623,10404050364,10404050404,1,"IOTHUB_CLIENT_CONFIRMATION_OK"
14624,10404050564,10404050598,1,"IOTHUB_CLIENT_CONFIRMATION_OK"
14625,10404050764,10404050822,1,"IOTHUB_CLIENT_CONFIRMATION_OK"
14626,10404050964,10404050995,1,"IOTHUB_CLIENT_CONFIRMATION_OK"
14627,10404051164,10404051195,1,"IOTHUB_CLIENT_CONFIRMATION_OK"
14628,10404051365,10404051432,1,"IOTHUB_CLIENT_CONFIRMATION_OK"
14629,10404051565,10404051594,1,"IOTHUB_CLIENT_CONFIRMATION_OK"
14630,10404051765,10404051800,1,"IOTHUB_CLIENT_CONFIRMATION_OK"
14631,10404051965,10404052033,1,"IOTHUB_CLIENT_CONFIRMATION_OK"
14632,10404052165,10404052195,1,"IOTHUB_CLIENT_CONFIRMATION_OK"
14633,10404052365,10404052405,1,"IOTHUB_CLIENT_CONFIRMATION_OK"
14634,10404052566,10404052640,1,"IOTHUB_CLIENT_CONFIRMATION_OK"
14635,10404052766,10404052802,1,"IOTHUB_CLIENT_CONFIRMATION_OK"
14636,10404052966,10404053009,1,"IOTHUB_CLIENT_CONFIRMATION_OK"
14637,10404053166,10404053199,1,"IOTHUB_CLIENT_CONFIRMATION_OK"
14638,10404053366,10404053418,1,"IOTHUB_CLIENT_CONFIRMATION_OK"
14639,10404053566,10404053597,1,"IOTHUB_CLIENT_CONFIRMATION_OK"
14640,10404053767,10404053799,1,"IOTHUB_CLIENT_CONFIRMATION_OK"
14641,10404053967,10404054020,1,"IOTHUB_CLIENT_CONFIRMATION_OK"
14642,10404054167,10404054200,1,"IOTHUB_CLIENT_CONFIRMATION_OK"
14643,10404054367,10404054403,1,"IOTHUB_CLIENT_CONFIRMATION_OK"
14644,10404054567,10404054725,1,"IOTHUB_CLIENT_CONFIRMATION_OK"
14645,10404054767,10404054797,1,"IOTHUB_CLIENT_CONFIRMATION_OK"
14646,10404054968,10404055009,1,"IOTHUB_CLIENT_CONFIRMATION_OK"
14647,10404055168,10404055198,1,"IOTHUB_CLIENT_CONFIRMATION_OK"
14648,10404055368,10404055400,1,"IOTHUB_CLIENT_CONFIRMATION_OK"
14649,10404055568,10404055603,1,"IOTHUB_CLIENT_CONFIRMATION_OK"
14650,10404055768,10404055807,1,"IOTHUB_CLIENT_CONFIRMATION_OK"
14651,10404055968,10404056003,1,"IOTHUB_CLIENT_CONFIRMATION_OK"
14652,10404056169,10404056216,1,"IOTHUB_CLIENT_CONFIRMATION_OK"
14653,10404056369,10404056571,1,"IOTHUB_CLIENT_CONFIRMATION_OK"
14654,10404056569,10404056613,1,"IOTHUB_CLIENT_CONFIRMATION_OK"
14655,10404056769,10404056814,1,"IOTHUB_CLIENT_CONFIRMATION_OK"
14656,10404056969,10404057162,1,"IOTHUB_CLIENT_CONFIRMATION_OK"
14657,10404057169,10404057200,1,"IOTHUB_CLIENT_CONFIRMATION_OK"
14658,10404057370,10404057400,1,"IOTHUB_CLIENT_CONFIRMATION_OK"
14659,10404057570,10404057602,1,"IOTHUB_CLIENT_CONFIRMATION_OK"
14660,10404057770,10404057802,1,"IOTHUB_CLIENT_CONFIRMATION_OK"
14661,10404057970,10404058003,1,"IOTHUB_CLIENT_CONFIRMATION_OK"
14662,10404058170,10404058231,1,"IOTHUB_CLIENT_CONFIRMATION_OK"
14663,10404058370,10404058400,1,"IOTHUB_CLIENT_CONFIRMATION_OK"
14664,10404058571,10404058607,1,"IOTHUB_CLIENT_CONFIRMATION_OK"
14665,10404058771,10404058805,1,"IOTHUB_CLIENT_CONFIRMATION_OK"
14666,10404058971,10404059004,1,"IOTHUB_CLIENT_CONFIRMATION_OK"
14667,10404059171,10404059213,1,"IOTHUB_CLIENT_CONFIRMATION_OK"
14668,10404059371,10404059432,1,"IOTHUB_CLIENT_CONFIRMATION_OK"
14669,10404059571,10404059629,1,"IOTHUB_CLIENT_CONFIRMATION_OK"
14670,10404059771,10404059817,1,"IOTHUB_CLIENT_CONFIRMATION_OK"
14671,10404059972,10404060003,1,"IOTHUB_CLIENT_CONFIRMATION_OK"
14672,10404060172,10404060216,1,"IOTHUB_CLIENT_CONFIRMATION_OK"
14673,10404060372,10404060434,1,"IOTHUB_CLIENT_CONFIRMATION_OK"
14674,10404060572,10404060628,1,"IOTHUB_CLIENT_CONFIRMATION_OK"
14675,10404060772,10404060818,1,"IOTHUB_CLIENT_CONFIRMATION_OK"
14676,10404060972,10404061023,1,"IOTHUB_CLIENT_CONFIRMATION_OK"
14677,10404061173,10404061208,1,"IOTHUB_CLIENT_CONFIRMATION_OK"
14678,10404061373,10404061403,1,"IOTHUB_CLIENT_CONFIRMATION_OK"
14679,10404061573,10404061607,1,"IOTHUB_CLIENT_CONFIRMATION_OK"
14680,10404061773,10404061804,1,"IOTHUB_CLIENT_CONFIRMATION_OK"
14681,10404061973,10404062020,1,"IOTHUB_CLIENT_CONFIRMATION_OK"
14682,10404062173,10404062273,1,"IOTHUB_CLIENT_CONFIRMATION_OK"
14683,10404062373,10404062405,1,"IOTHUB_CLIENT_CONFIRMATION_OK"
14684,10404062574,10404062617,1,"IOTHUB_CLIENT_CONFIRMATION_OK"
14685,10404062774,10404062808,1,"IOTHUB_CLIENT_CONFIRMATION_OK"
14686,10404062974,10404063002,1,"IOTHUB_CLIENT_CONFIRMATION_OK"
14687,10404063174,10404063224,1,"IOTHUB_CLIENT_CONFIRMATION_OK"
14688,10404063374,10404063493,1,"IOTHUB_CLIENT_CONFIRMATION_OK"
14689,10404063574,10404063612,1,"IOTHUB_CLIENT_CONFIRMATION_OK"
14690,10404063775,10404063810,1,"IOTHUB_CLIENT_CONFIRMATION_OK"
14691,10404063975,10404064102,1,"IOTHUB_CLIENT_CONFIRMATION_OK"
14692,10404064175,10404064227,1,"IOTHUB_CLIENT_CONFIRMATION_OK"
14693,10404064375,10404064410,1,"IOTHUB_CLIENT_CONFIRMATION_OK"
14694,10404064575,10404064714,1,"IOTHUB_CLIENT_CONFIRMATION_OK"
14695,10404064775,10404064804,1,"IOTHUB_CLIENT_CONFIRMATION_OK"
14696,10404064976,10404065030,1,"IOTHUB_CLIENT_CONFIRMATION_OK"
14697,10404065176,10404065319,1,"IOTHUB_CLIENT_CONFIRMATION_OK"
14698,10404065376,10404065418,1,"IOTHUB_CLIENT_CONFIRMATION_OK"
14699,10404065576,10404065607,1,"IOTHUB_CLIENT_CONFIRMATION_OK"
14700,10404065776,10404065808,1,"IOTHUB_CLIENT_CONFIRMATION_OK"
14701,10404065976,10404066007,1,"IOTHUB_CLIENT_CONFIRMATION_OK"
14702,10404066177,10404066220,1,"IOTHUB_CLIENT_CONFIRMATION_OK"
14703,10404066377,10404066412,1,"IOTHUB_CLIENT_CONFIRMATION_OK"
14704,10404066577,10404066623,1,"IOTHUB_CLIENT_CONFIRMATION_OK"
14705,10404066777,10404066810,1,"IOTHUB_CLIENT_CONFIRMATION_OK"
14706,10404066977,10404067027,1,"IOTHUB_CLIENT_CONFIRMATION_OK"
14707,10404067177,10404067220,1,"IOTHUB_CLIENT_CONFIRMATION_OK"
14708,10404067377,10404067412,1,"IOTHUB_CLIENT_CONFIRMATION_OK"
14709,10404067578,10404067614,1,"IOTHUB_CLIENT_CONFIRMATION_OK"
14710,10404067778,10404067812,1,"IOTHUB_CLIENT_CONFIRMATION_OK"
14711,10404067978,10404068104,1,"IOTHUB_CLIENT_CONFIRMATION_OK"
14712,10404068178,10404068215,1,"IOTHUB_CLIENT_CONFIRMATION_OK"
14713,10404068378,10404068409,1,"IOTHUB_CLIENT_CONFIRMATION_OK"
14714,10404068578,10404068628,1,"IOTHUB_CLIENT_CONFIRMATION_OK"
14715,10404068778,10404068822,1,"IOTHUB_CLIENT_CONFIRMATION_OK"
14716,10404068979,10404069191,1,"IOTHUB_CLIENT_CONFIRMATION_OK"
14717,10404069179,10404069228,1,"IOTHUB_CLIENT_CONFIRMATION_OK"
14718,10404069379,10404069408,1,"IOTHUB_CLIENT_CONFIRMATION_OK"
14719,10404069579,10404069613,1,"IOTHUB_CLIENT_CONFIRMATION_OK"
14720,10404069779,10404069814,1,"IOTHUB_CLIENT_CONFIRMATION_OK"
14721,10404069979,10404070020,1,"IOTHUB_CLIENT_CONFIRMATION_OK"
14722,10404070180,10404070215,1,"IOTHUB_CLIENT_CONFIRMATION_OK"
14723,10404070380,10404070416,1,"IOTHUB_CLIENT_CONFIRMATION_OK"
14724,10404070580,10404070623,1,"IOTHUB_CLIENT_CONFIRMATION_OK"
14725,10404070780,10404070837,1,"IOTHUB_CLIENT_CONFIRMATION_OK"
14726,10404070980,10404071028,1,"IOTHUB_CLIENT_CONFIRMATION_OK"
14727,10404071180,10404071215,1,"IOTHUB_CLIENT_CONFIRMATION_OK"
14728,10404071380,10404071420,1,"IOTHUB_CLIENT_CONFIRMATION_OK"
14729,10404071581,10404071637,1,"IOTHUB_CLIENT_CONFIRMATION_OK"
14730,10404071781,10404071855,1,"IOTHUB_CLIENT_CONFIRMATION_OK"
14731,10404071981,10404072022,1,"IOTHUB_CLIENT_CONFIRMATION_OK"
14732,10404072181,10404072237,1,"IOTHUB_CLIENT_CONFIRMATION_OK"
14733,10404072381,10404072410,1,"IOTHUB_CLIENT_CONFIRMATION_OK"
14734,10404072581,10404072622,1,"IOTHUB_CLIENT_CONFIRMATION_OK"
14735,10404072782,10404072850,1,"IOTHUB_CLIENT_CONFIRMATION_OK"
14736,10404072982,10404073023,1,"IOTHUB_CLIENT_CONFIRMATION_OK"
14737,10404073182,10404073217,1,"IOTHUB_CLIENT_CONFIRMATION_OK"
14738,10404073382,10404073471,1,"IOTHUB_CLIENT_CONFIRMATION_OK"
14739,10404073582,10404073618,1,"IOTHUB_CLIENT_CONFIRMATION_OK"
14740,10404073782,10404073842,1,"IOTHUB_CLIENT_CONFIRMATION_OK"
14741,10404073983,10404074019,1,"IOTHUB_CLIENT_CONFIRMATION_OK"
14742,10404074183,10404074257,1,"IOTHUB_CLIENT_CONFIRMATION_OK"
14743,10404074383,10404074420,1,"IOTHUB_CLIENT_CONFIRMATION_OK"
14744,10404074583,10404074613,1,"IOTHUB_CLIENT_CONFIRMATION_OK"
14745,10404074783,10404074820,1,"IOTHUB_CLIENT_CONFIRMATION_OK"
14746,10404074983,10404075025,1,"IOTHUB_CLIENT_CONFIRMATION_OK"
14747,10404075183,10404075218,1,"IOTHUB_CLIENT_CONFIRMATION_OK"
14748,10404075384,10404075536,1,"IOTHUB_CLIENT_CONFIRMATION_OK"
14749,10404075584,10404075660,1,"IOTHUB_CLIENT_CONFIRMATION_OK"
14750,10404075784,10404075846,1,"IOTHUB_CLIENT_CONFIRMATION_OK"
14751,10404075984,10404076158,1,"IOTHUB_CLIENT_CONFIRMATION_OK"
14752,10404076184,10404076223,1,"IOTHUB_CLIENT_CONFIRMATION_OK"
14753,10404076384,10404076432,1,"IOTHUB_CLIENT_CONFIRMATION_OK"
14754,10404076585,10404076724,1,"IOTHUB_CLIENT_CONFIRMATION_OK"
14755,10404076785,10404076818,1,"IOTHUB_CLIENT_CONFIRMATION_OK"
14756,10404076985,10404077024,1,"IOTHUB_CLIENT_CONFIRMATION_OK"
14757,10404077185,10404077367,1,"IOTHUB_CLIENT_CONFIRMATION_OK"
14758,10404077385,10404077421,1,"IOTHUB_CLIENT_CONFIRMATION_OK"
14759,10404077585,10404077617,1,"IOTHUB_CLIENT_CONFIRMATION_OK"
14760,10404077786,10404077829,1,"IOTHUB_CLIENT_CONFIRMATION_OK"
14761,10404077986,10404078024,1,"IOTHUB_CLIENT_CONFIRMATION_OK"
14762,10404078186,10404078220,1,"IOTHUB_CLIENT_CONFIRMATION_OK"
14763,10404078386,10404078445,1,"IOTHUB_CLIENT_CONFIRMATION_OK"
14764,10404078586,10404078649,1,"IOTHUB_CLIENT_CONFIRMATION_OK"
14765,10404078786,10404078820,1,"IOTHUB_CLIENT_CONFIRMATION_OK"
14766,10404078987,10404079018,1,"IOTHUB_CLIENT_CONFIRMATION_OK"
14767,10404079187,10404079217,1,"IOTHUB_CLIENT_CONFIRMATION_OK"
14768,10404079387,10404079424,1,"IOTHUB_CLIENT_CONFIRMATION_OK"
14769,10404079587,10404079620,1,"IOTHUB_CLIENT_CONFIRMATION_OK"
14770,10404079787,10404079818,1,"IOTHUB_CLIENT_CONFIRMATION_OK"
14771,10404079987,10404080020,1,"IOTHUB_CLIENT_CONFIRMATION_OK"
14772,10404080187,10404080219,1,"IOTHUB_CLIENT_CONFIRMATION_OK"
14773,10404080388,10404080488,1,"IOTHUB_CLIENT_CONFIRMATION_OK"
14774,10404080588,10404080625,1,"IOTHUB_CLIENT_CONFIRMATION_OK"
14775,10404080788,10404080817,1,"IOTHUB_CLIENT_CONFIRMATION_OK"
14776,10404080988,10404081027,1,"IOTHUB_CLIENT_CONFIRMATION_OK"
14777,10404081188,10404081220,1,"IOTHUB_CLIENT_CONFIRMATION_OK"
14778,10404081389,10404081428,1,"IOTHUB_CLIENT_CONFIRMATION_OK"
14779,10404081589,10404081619,1,"IOTHUB_CLIENT_CONFIRMATION_OK"
14780,10404081789,10404081821,1,"IOTHUB_CLIENT_CONFIRMATION_OK"
14781,10404081989,10404082037,1,"IOTHUB_CLIENT_CONFIRMATION_OK"
14782,10404082189,10404082219,1,"IOTHUB_CLIENT_CONFIRMATION_OK"
14783,10404082389,10404082458,1,"IOTHUB_CLIENT_CONFIRMATION_OK"
14784,10404082589,10404082626,1,"IOTHUB_CLIENT_CONFIRMATION_OK"
14785,10404082790,10404082856,1,"IOTHUB_CLIENT_CONFIRMATION_OK"
14786,10404082990,10404083064,1,"IOTHUB_CLIENT_CONFIRMATION_OK"
14787,10404083190,10404083223,1,"IOTHUB_CLIENT_CONFIRMATION_OK"
14788,10404083390,10404083421,1,"IOTHUB_CLIENT_CONFIRMATION_OK"
14789,10404083590,10404083703,1,"IOTHUB_CLIENT_CONFIRMATION_OK"
14790,10404083790,10404083829,1,"IOTHUB_CLIENT_CONFIRMATION_OK"
14791,10404083991,10404084020,1,"IOTHUB_CLIENT_CONFIRMATION_OK"
14792,10404084191,10404084315,1,"IOTHUB_CLIENT_CONFIRMATION_OK"
14793,10404084391,10404084420,1,"IOTHUB_CLIENT_CONFIRMATION_OK"
14794,10404084591,10404084634,1,"IOTHUB_CLIENT_CONFIRMATION_OK"
14795,10404084791,10404084926,1,"IOTHUB_CLIENT_CONFIRMATION_OK"
14796,10404084991,10404085033,1,"IOTHUB_CLIENT_CONFIRMATION_OK"
14797,10404085192,10404085225,1,"IOTHUB_CLIENT_CONFIRMATION_OK"
14798,10404085392,10404085523,1,"IOTHUB_CLIENT_CONFIRMATION_OK"
14799,10404085592,10404085620,1,"IOTHUB_CLIENT_CONFIRMATION_OK"
14800,10404085792,10404085839,1,"IOTHUB_CLIENT_CONFIRMATION_OK"
14801,10404085992,10404086025,1,"IOTHUB_CLIENT_CONFIRMATION_OK"
14802,10404086192,10404086231,1,"IOTHUB_CLIENT_CONFIRMATION_OK"
14803,10404086393,10404086425,1,"IOTHUB_CLIENT_CONFIRMATION_OK"
14804,10404086593,10404086633,1,"IOTHUB_CLIENT_CONFIRMATION_OK"
14805,10404086793,10404086828,1,"IOTHUB_CLIENT_CONFIRMATION_OK"
14806,10404086993,10404087027,1,"IOTHUB_CLIENT_CONFIRMATION_OK"
14807,10404087193,10404087259,1,"IOTHUB_CLIENT_CONFIRMATION_OK"
14808,10404087393,10404087451,1,"IOTHUB_CLIENT_CONFIRMATION_OK"
14809,10404087594,10404087626,1,"IOTHUB_CLIENT_CONFIRMATION_OK"
14810,10404087794,10404087831,1,"IOTHUB_CLIENT_CONFIRMATION_OK"
14811,10404087994,10404088039,1,"IOTHUB_CLIENT_CONFIRMATION_OK"
14812,10404088194,10404088226,1,"IOTHUB_CLIENT_CONFIRMATION_OK"
14813,10404088394,10404088434,1,"IOTHUB_CLIENT_CONFIRMATION_OK"
14814,10404088594,10404088626,1,"IOTHUB_CLIENT_CONFIRMATION_OK"
14815,10404088794,10404088833,1,"IOTHUB_CLIENT_CONFIRMATION_OK"
14816,10404088995,10404089026,1,"IOTHUB_CLIENT_CONFIRMATION_OK"
14817,10404089195,10404089387,1,"IOTHUB_CLIENT_CONFIRMATION_OK"
14818,10404089395,10404089428,1,"IOTHUB_CLIENT_CONFIRMATION_OK"
14819,10404089595,10404089630,1,"IOTHUB_CLIENT_CONFIRMATION_OK"
14820,10404089795,10404089836,1,"IOTHUB_CLIENT_CONFIRMATION_OK"
14821,10404089995,10404090045,1,"IOTHUB_CLIENT_CONFIRMATION_OK"
14822,10404090196,10404090231,1,"IOTHUB_CLIENT_CONFIRMATION_OK"
14823,10404090396,10404090439,1,"IOTHUB_CLIENT_CONFIRMATION_OK"
14824,10404090596,10404090628,1,"IOTHUB_CLIENT_CONFIRMATION_OK"
14825,10404090796,10404090845,1,"IOTHUB_CLIENT_CONFIRMATION_OK"
14826,10404090996,10404091029,1,"IOTHUB_CLIENT_CONFIRMATION_OK"
14827,10404091196,10404091261,1,"IOTHUB_CLIENT_CONFIRMATION_OK"
14828,10404091397,10404091428,1,"IOTHUB_CLIENT_CONFIRMATION_OK"
14829,10404091597,10404091649,1,"IOTHUB_CLIENT_CONFIRMATION_OK"
14830,10404091797,10404091871,1,"IOTHUB_CLIENT_CONFIRMATION_OK"
14831,10404091997,10404092028,1,"IOTHUB_CLIENT_CONFIRMATION_OK"
14832,10404092197,10404092230,1,"IOTHUB_CLIENT_CONFIRMATION_OK"
14833,10404092397,10404092473,1,"IOTHUB_CLIENT_CONFIRMATION_OK"
14834,10404092597,10404092626,1,"IOTHUB_CLIENT_CONFIRMATION_OK"
14835,10404092798,10404092852,1,"IOTHUB_CLIENT_CONFIRMATION_OK"
14836,10404092998,10404093086,1,"IOTHUB_CLIENT_CONFIRMATION_OK"
14837,10404093198,10404093238,1,"IOTHUB_CLIENT_CONFIRMATION_OK"
14838,10404093398,10404093448,1,"IOTHUB_CLIENT_CONFIRMATION_OK"
14839,10404093598,10404093712,1,"IOTHUB_CLIENT_CONFIRMATION_OK"
14840,10404093798,10404093836,1,"IOTHUB_CLIENT_CONFIRMATION_OK"
14841,10404093999,10404094033,1,"IOTHUB_CLIENT_CONFIRMATION_OK"
14842,10404094199,10404094231,1,"IOTHUB_CLIENT_CONFIRMATION_OK"
14843,10404094399,10404094440,1,"IOTHUB_CLIENT_CONFIRMATION_OK"
14844,10404094599,10404094631,1,"IOTHUB_CLIENT_CONFIRMATION_OK"
14845,10404094799,10404094842,1,"IOTHUB_CLIENT_CONFIRMATION_OK"
14846,10404094999,10404095107,1,"IOTHUB_CLIENT_CONFIRMATION_OK"
14847,10404095200,10404095235,1,"IOTHUB_CLIENT_CONFIRMATION_OK"
14848,10404095400,10404095443,1,"IOTHUB_CLIENT_CONFIRMATION_OK"
14849,10404095600,10404095638,1,"IOTHUB_CLIENT_CONFIRMATION_OK"
14850,10404095800,10404095842,1,"IOTHUB_CLIENT_CONFIRMATION_OK"
14851,10404096000,10404096030,1,"IOTHUB_CLIENT_CONFIRMATION_OK"
14852,10404096200,10404096249,1,"IOTHUB_CLIENT_CONFIRMATION_OK"
14853,10404096401,10404096432,1,"IOTHUB_CLIENT_CONFIRMATION_OK"
14854,10404096601,10404096632,1,"IOTHUB_CLIENT_CONFIRMATION_OK"
14855,10404096801,10404096983,1,"IOTHUB_CLIENT_CONFIRMATION_OK"
14856,10404097001,10404097031,1,"IOTHUB_CLIENT_CONFIRMATION_OK"
14857,10404097201,10404097232,1,"IOTHUB_CLIENT_CONFIRMATION_OK"
14858,10404097401,10404097588,1,"IOTHUB_CLIENT_CONFIRMATION_OK"
14859,10404097602,10404097635,1,"IOTHUB_CLIENT_CONFIRMATION_OK"
14860,10404097802,10404097834,1,"IOTHUB_CLIENT_CONFIRMATION_OK"
14861,10404098002,10404098035,1,"IOTHUB_CLIENT_CONFIRMATION_OK"
14862,10404098202,10404098238,1,"IOTHUB_CLIENT_CONFIRMATION_OK"
14863,10404098402,10404098460,1,"IOTHUB_CLIENT_CONFIRMATION_OK"
14864,10404098602,10404098635,1,"IOTHUB_CLIENT_CONFIRMATION_OK"
14865,10404098803,10404098865,1,"IOTHUB_CLIENT_CONFIRMATION_OK"
14866,10404099003,10404099038,1,"IOTHUB_CLIENT_CONFIRMATION_OK"
14867,10404099203,10404099255,1,"IOTHUB_CLIENT_CONFIRMATION_OK"
14868,10404099403,10404099483,1,"IOTHUB_CLIENT_CONFIRMATION_OK"
14869,10404099603,10404099633,1,"IOTHUB_CLIENT_CONFIRMATION_OK"
14870,10404099803,10404099835,1,"IOTHUB_CLIENT_CONFIRMATION_OK"
14871,10404100004,10404100093,1,"IOTHUB_CLIENT_CONFIRMATION_OK"
14872,10404100204,10404100252,1,"IOTHUB_CLIENT_CONFIRMATION_OK"
14873,10404100404,10404100433,1,"IOTHUB_CLIENT_CONFIRMATION_OK"
14874,10404100604,10404100698,1,"IOTHUB_CLIENT_CONFIRMATION_OK"
14875,10404100804,10404100850,1,"IOTHUB_CLIENT_CONFIRMATION_OK"
14876,10404101004,10404101037,1,"IOTHUB_CLIENT_CONFIRMATION_OK"
14877,10404101205,10404101331,1,"IOTHUB_CLIENT_CONFIRMATION_OK"
14878,10404101405,10404101436,1,"IOTHUB_CLIENT_CONFIRMATION_OK"
14879,10404101605,10404101642,1,"IOTHUB_CLIENT_CONFIRMATION_OK"
14880,10404101805,10404101835,1,"IOTHUB_CLIENT_CONFIRMATION_OK"
14881,10404102005,10404102041,1,"IOTHUB_CLIENT_CONFIRMATION_OK"
14882,10404102205,10404102256,1,"IOTHUB_CLIENT_CONFIRMATION_OK"
14883,10404102406,10404102442,1,"IOTHUB_CLIENT_CONFIRMATION_OK"
14884,10404102606,10404102648,1,"IOTHUB_CLIENT_CONFIRMATION_OK"
14885,10404102806,10404102838,1,"IOTHUB_CLIENT_CONFIRMATION_OK"
14886,10404103006,10404103043,1,"IOTHUB_CLIENT_CONFIRMATION_OK"
14887,10404103206,10404103245,1,"IOTHUB_CLIENT_CONFIRMATION_OK"
14888,10404103406,10404103439,1,"IOTHUB_CLIENT_CONFIRMATION_OK"
14889,10404103606,10404103639,1,"IOTHUB_CLIENT_CONFIRMATION_OK"
14890,10404103807,10404103843,1,"IOTHUB_CLIENT_CONFIRMATION_OK"
14891,10404104007,10404104035,1,"IOTHUB_CLIENT_CONFIRMATION_OK"
14892,10404104207,10404104241,1,"IOTHUB_CLIENT_CONFIRMATION_OK"
14893,10404104407,10404104642,1,"IOTHUB_CLIENT_CONFIRMATION_OK"
14894,10404104607,10404104659,1,"IOTHUB_CLIENT_CONFIRMATION_OK"
14895,10404104807,10404104857,1,"IOTHUB_CLIENT_CONFIRMATION_OK"
14896,10404105008,10404105051,1,"IOTHUB_CLIENT_CONFIRMATION_OK"
14897,10404105208,10404105237,1,"IOTHUB_CLIENT_CONFIRMATION_OK"
14898,10404105408,10404105460,1,"IOTHUB_CLIENT_CONFIRMATION_OK"
14899,10404105608,10404105654,1,"IOTHUB_CLIENT_CONFIRMATION_OK"
14900,10404105808,10404105839,1,"IOTHUB_CLIENT_CONFIRMATION_OK"
14901,10404106008,10404106045,1,"IOTHUB_CLIENT_CONFIRMATION_OK"
14902,10404106208,10404106242,1,"IOTHUB_CLIENT_CONFIRMATION_OK"
14903,10404106409,10404106468,1,"IOTHUB_CLIENT_CONFIRMATION_OK"
14904,10404106609,10404106653,1,"IOTHUB_CLIENT_CONFIRMATION_OK"
14905,10404106809,10404106841,1,"IOTHUB_CLIENT_CONFIRMATION_OK"
14906,10404107009,10404107076,1,"IOTHUB_CLIENT_CONFIRMATION_OK"
14907,10404107209,10404107242,1,"IOTHUB_CLIENT_CONFIRMATION_OK"
14908,10404107409,10404107498,1,"IOTHUB_CLIENT_CONFIRMATION_OK"
14909,10404107610,10404107712,1,"IOTHUB_CLIENT_CONFIRMATION_OK"
14910,10404107810,10404107848,1,"IOTHUB_CLIENT_CONFIRMATION_OK"
14911,10404108010,10404108042,1,"IOTHUB_CLIENT_CONFIRMATION_OK"
14912,10404108210,10404108305,1,"IOTHUB_CLIENT_CONFIRMATION_OK"
14913,10404108410,10404108450,1,"IOTHUB_CLIENT_CONFIRMATION_OK"
14914,10404108610,10404108642,1,"IOTHUB_CLIENT_CONFIRMATION_OK"
14915,10404108810,10404108916,1,"IOTHUB_CLIENT_CONFIRMATION_OK"
14916,10404109011,10404109043,1,"IOTHUB_CLIENT_CONFIRMATION_OK"
14917,10404109211,10404109242,1,"IOTHUB_CLIENT_CONFIRMATION_OK"
14918,10404109411,10404109532,1,"IOTHUB_CLIENT_CONFIRMATION_OK"
14919,10404109611,10404109652,1,"IOTHUB_CLIENT_CONFIRMATION_OK"
14920,10404109811,10404109860,1,"IOTHUB_CLIENT_CONFIRMATION_OK"
14921,10404110011,10404110046,1,"IOTHUB_CLIENT_CONFIRMATION_OK"
14922,10404110211,10404110245,1,"IOTHUB_CLIENT_CONFIRMATION_OK"
14923,10404110412,10404110466,1,"IOTHUB_CLIENT_CONFIRMATION_OK"
14924,10404110612,10404110643,1,"IOTHUB_CLIENT_CONFIRMATION_OK"
14925,10404110812,10404110840,1,"IOTHUB_CLIENT_CONFIRMATION_OK"
14926,10404111012,10404111040,1,"IOTHUB_CLIENT_CONFIRMATION_OK"
14927,10404111212,10404111245,1,"IOTHUB_CLIENT_CONFIRMATION_OK"
14928,10404111412,10404111447,1,"IOTHUB_CLIENT_CONFIRMATION_OK"
14929,10404111613,10404111670,1,"IOTHUB_CLIENT_CONFIRMATION_OK"
14930,10404111813,10404111847,1,"IOTHUB_CLIENT_CONFIRMATION_OK"
14931,10404112013,10404112042,1,"IOTHUB_CLIENT_CONFIRMATION_OK"
14932,10404112213,10404112246,1,"IOTHUB_CLIENT_CONFIRMATION_OK"
14933,10404112413,10404112443,1,"IOTHUB_CLIENT_CONFIRMATION_OK"
14934,10404112613,10404112647,1,"IOTHUB_CLIENT_CONFIRMATION_OK"
14935,10404112813,10404112845,1,"IOTHUB_CLIENT_CONFIRMATION_OK"
14936,10404113014,10404113050,1,"IOTHUB_CLIENT_CONFIRMATION_OK"
14937,10404113214,10404113458,1,"IOTHUB_CLIENT_CONFIRMATION_OK"
14938,10404113414,10404113479,1,"IOTHUB_CLIENT_CONFIRMATION_OK"
14939,10404113614,10404113651,1,"IOTHUB_CLIENT_CONFIRMATION_OK"
14940,10404113814,10404113848,1,"IOTHUB_CLIENT_CONFIRMATION_OK"
14941,10404114014,10404114049,1,"IOTHUB_CLIENT_CONFIRMATION_OK"
14942,10404114214,10404114249,1,"IOTHUB_CLIENT_CONFIRMATION_OK"
14943,10404114415,10404114455,1,"IOTHUB_CLIENT_CONFIRMATION_OK"
14944,10404114615,10404114678,1,"IOTHUB_CLIENT_CONFIRMATION_OK"
14945,10404114815,10404114859,1,"IOTHUB_CLIENT_CONFIRMATION_OK"
14946,10404115015,10404115064,1,"IOTHUB_CLIENT_CONFIRMATION_OK"
14947,10404115215,10404115280,1,"IOTHUB_CLIENT_CONFIRMATION_OK"
14948,10404115415,10404115447,1,"IOTHUB_CLIENT_CONFIRMATION_OK"
14949,10404115616,10404115648,1,"IOTHUB_CLIENT_CONFIRMATION_OK"
14950,10404115816,10404115899,1,"IOTHUB_CLIENT_CONFIRMATION_OK"
14951,10404116016,10404116046,1,"IOTHUB_CLIENT_CONFIRMATION_OK"
14952,10404116216,10404116248,1,"IOTHUB_CLIENT_CONFIRMATION_OK"
14953,10404116416,10404116504,1,"IOTHUB_CLIENT_CONFIRMATION_OK"
14954,10404116616,10404116697,1,"IOTHUB_CLIENT_CONFIRMATION_OK"
14955,10404116816,10404116854,1,"IOTHUB_CLIENT_CONFIRMATION_OK"
14956,10404117017,10404117104,1,"IOTHUB_CLIENT_CONFIRMATION_OK"
14957,10404117217,10404117250,1,"IOTHUB_CLIENT_CONFIRMATION_OK"
14958,10404117417,10404117452,1,"IOTHUB_CLIENT_CONFIRMATION_OK"
14959,10404117617,10404117711,1,"IOTHUB_CLIENT_CONFIRMATION_OK"
14960,10404117817,10404117852,1,"IOTHUB_CLIENT_CONFIRMATION_OK"
14961,10404118017,10404118060,1,"IOTHUB_CLIENT_CONFIRMATION_OK"
14962,10404118218,10404118250,1,"IOTHUB_CLIENT_CONFIRMATION_OK"
14963,10404118418,10404118456,1,"IOTHUB_CLIENT_CONFIRMATION_OK"
14964,10404118618,10404118648,1,"IOTHUB_CLIENT_CONFIRMATION_OK"
14965,10404118818,10404118855,1,"IOTHUB_CLIENT_CONFIRMATION_OK"
14966,10404119018,10404119062,1,"IOTHUB_CLIENT_CONFIRMATION_OK"
14967,10404119218,10404119253,1,"IOTHUB_CLIENT_CONFIRMATION_OK"
14968,10404119419,10404119478,1,"IOTHUB_CLIENT_CONFIRMATION_OK"
14969,10404119619,10404119653,1,"IOTHUB_CLIENT_CONFIRMATION_OK"
14970,10404119819,10404119911,1,"IOTHUB_CLIENT_CONFIRMATION_OK"
14971,10404120019,10404120051,1,"IOTHUB_CLIENT_CONFIRMATION_OK"
14972,10404120219,10404120380,1,"IOTHUB_CLIENT_CONFIRMATION_OK"
14973,10404120419,10404120453,1,"IOTHUB_CLIENT_CONFIRMATION_OK"
14974,10404120620,10404120651,1,"IOTHUB_CLIENT_CONFIRMATION_OK"
14975,10404120820,10404120996,1,"IOTHUB_CLIENT_CONFIRMATION_OK"
14976,10404121020,10404121055,1,"IOTHUB_CLIENT_CONFIRMATION_OK"
14977,10404121220,10404121255,1,"IOTHUB_CLIENT_CONFIRMATION_OK"
14978,10404121420,10404121603,1,"IOTHUB_CLIENT_CONFIRMATION_OK"
14979,10404121620,10404121665,1,"IOTHUB_CLIENT_CONFIRMATION_OK"
14980,10404121820,10404121856,1,"IOTHUB_CLIENT_CONFIRMATION_OK"
14981,10404122021,10404122052,1,"IOTHUB_CLIENT_CONFIRMATION_OK"
14982,10404122221,10404122251,1,"IOTHUB_CLIENT_CONFIRMATION_OK"
14983,10404122421,10404122465,1,"IOTHUB_CLIENT_CONFIRMATION_OK"
14984,10404122621,10404122653,1,"IOTHUB_CLIENT_CONFIRMATION_OK"
14985,10404122821,10404122854,1,"IOTHUB_CLIENT_CONFIRMATION_OK"
14986,10404123021,10404123070,1,"IOTHUB_CLIENT_CONFIRMATION_OK"
14987,10404123222,10404123257,1,"IOTHUB_CLIENT_CONFIRMATION_OK"
14988,10404123422,10404123453,1,"IOTHUB_CLIENT_CONFIRMATION_OK"
14989,10404123622,10404123654,1,"IOTHUB_CLIENT_CONFIRMATION_OK"
14990,10404123822,10404123857,1,"IOTHUB_CLIENT_CONFIRMATION_OK"
14991,10404124022,10404124085,1,"IOTHUB_CLIENT_CONFIRMATION_OK"
14992,10404124222,10404124255,1,"IOTHUB_CLIENT_CONFIRMATION_OK"
14993,10404124423,10404124459,1,"IOTHUB_CLIENT_CONFIRMATION_OK"
14994,10404124623,10404124657,1,"IOTHUB_CLIENT_CONFIRMATION_OK"
14995,10404124823,10404124857,1,"IOTHUB_CLIENT_CONFIRMATION_OK"
14996,10404125023,10404125060,1,"IOTHUB_CLIENT_CONFIRMATION_OK"
14997,10404125223,10404125269,1,"IOTHUB_CLIENT_CONFIRMATION_OK"
14998,10404125423,10404125453,1,"IOTHUB_CLIENT_CONFIRMATION_OK"
14999,10404125623,10404125658,1,"IOTHUB_CLIENT_CONFIRMATION_OK"
15000,10404125824,10404125853,1,"IOTHUB_CLIENT_CONFIRMATION_OK"
15001,10404126024,10404126152,1,"IOTHUB_CLIENT_CONFIRMATION_OK"
15002,10404126224,10404126254,1,"IOTHUB_CLIENT_CONFIRMATION_OK"
15003,10404126424,10404126459,1,"IOTHUB_CLIENT_CONFIRMATION_OK"
15004,10404126624,10404126671,1,"IOTHUB_CLIENT_CONFIRMATION_OK"
15005,10404126824,10404126873,1,"IOTHUB_CLIENT_CONFIRMATION_OK"
15006,10404127025,10404127056,1,"IOTHUB_CLIENT_CONFIRMATION_OK"
15007,10404127225,10404127255,1,"IOTHUB_CLIENT_CONFIRMATION_OK"
15008,10404127425,10404127452,1,"IOTHUB_CLIENT_CONFIRMATION_OK"
15009,10404127625,10404127654,1,"IOTHUB_CLIENT_CONFIRMATION_OK"
15010,10404127825,10404127969,1,"IOTHUB_CLIENT_CONFIRMATION_OK"
15011,10404128025,10404128068,1,"IOTHUB_CLIENT_CONFIRMATION_OK"
15012,10404128225,10404128263,1,"IOTHUB_CLIENT_CONFIRMATION_OK"
15013,10404128426,10404128583,1,"IOTHUB_CLIENT_CONFIRMATION_OK"
15014,10404128626,10404128663,1,"IOTHUB_CLIENT_CONFIRMATION_OK"
15015,10404128826,10404128857,1,"IOTHUB_CLIENT_CONFIRMATION_OK"
15016,10404129026,10404129245,1,"IOTHUB_CLIENT_CONFIRMATION_OK"
15017,10404129226,10404129291,1,"IOTHUB_CLIENT_CONFIRMATION_OK"
15018,10404129426,10404129468,1,"IOTHUB_CLIENT_CONFIRMATION_OK"
15019,10404129626,10404129672,1,"IOTHUB_CLIENT_CONFIRMATION_OK"
15020,10404129827,10404129860,1,"IOTHUB_CLIENT_CONFIRMATION_OK"
15021,10404130027,10404130059,1,"IOTHUB_CLIENT_CONFIRMATION_OK"
15022,10404130227,10404130258,1,"IOTHUB_CLIENT_CONFIRMATION_OK"
15023,10404130427,10404130459,1,"IOTHUB_CLIENT_CONFIRMATION_OK"
15024,10404130627,10404130660,1,"IOTHUB_CLIENT_CONFIRMATION_OK"
15025,10404130828,10404130863,1,"IOTHUB_CLIENT_CONFIRMATION_OK"
15026,10404131028,10404131066,1,"IOTHUB_CLIENT_CONFIRMATION_OK"
15027,10404131228,10404131256,1,"IOTHUB_CLIENT_CONFIRMATION_OK"
15028,10404131428,10404131466,1,"IOTHUB_CLIENT_CONFIRMATION_OK"
15029,10404131628,10404131751,1,"IOTHUB_CLIENT_CONFIRMATION_OK"
15030,10404131828,10404131875,1,"IOTHUB_CLIENT_CONFIRMATION_OK"
15031,10404132029,10404132067,1,"IOTHUB_CLIENT_CONFIRMATION_OK"
15032,10404132229,10404132273,1,"IOTHUB_CLIENT_CONFIRMATION_OK"
15033,10404132429,10404132464,1,"IOTHUB_CLIENT_CONFIRMATION_OK"
15034,10404132629,10404132676,1,"IOTHUB_CLIENT_CONFIRMATION_OK"
15035,10404132829,10404132890,1,"IOTHUB_CLIENT_CONFIRMATION_OK"
15036,10404133029,10404133066,1,"IOTHUB_CLIENT_CONFIRMATION_OK"
15037,10404133229,10404133267,1,"IOTHUB_CLIENT_CONFIRMATION_OK"
15038,10404133430,10404133500,1,"IOTHUB_CLIENT_CONFIRMATION_OK"
15039,10404133630,10404133663,1,"IOTHUB_CLIENT_CONFIRMATION_OK"
15040,10404133830,10404133868,1,"IOTHUB_CLIENT_CONFIRMATION_OK"
15041,10404134030,10404134070,1,"IOTHUB_CLIENT_CONFIRMATION_OK"
15042,10404134230,10404134300,1,"IOTHUB_CLIENT_CONFIRMATION_OK"
15043,10404134430,10404134463,1,"IOTHUB_CLIENT_CONFIRMATION_OK"
15044,10404134630,10404134668,1,"IOTHUB_CLIENT_CONFIRMATION_OK"
15045,10404134831,10404134927,1,"IOTHUB_CLIENT_CONFIRMATION_OK"
15046,10404135031,10404135061,1,"IOTHUB_CLIENT_CONFIRMATION_OK"
15047,10404135231,10404135306,1,"IOTHUB_CLIENT_CONFIRMATION_OK"
15048,10404135431,10404135463,1,"IOTHUB_CLIENT_CONFIRMATION_OK"
15049,10404135631,10404135670,1,"IOTHUB_CLIENT_CONFIRMATION_OK"
15050,10404135831,10404135867,1,"IOTHUB_CLIENT_CONFIRMATION_OK"
15051,10404136032,10404136139,1,"IOTHUB_CLIENT_CONFIRMATION_OK"
15052,10404136232,10404136264,1,"IOTHUB_CLIENT_CONFIRMATION_OK"
15053,10404136432,10404136466,1,"IOTHUB_CLIENT_CONFIRMATION_OK"
15054,10404136632,10404136752,1,"IOTHUB_CLIENT_CONFIRMATION_OK"
15055,10404136832,10404136874,1,"IOTHUB_CLIENT_CONFIRMATION_OK"
15056,10404137032,10404137070,1,"IOTHUB_CLIENT_CONFIRMATION_OK"
15057,10404137233,10404137357,1,"IOTHUB_CLIENT_CONFIRMATION_OK"
15058,10404137433,10404137466,1,"IOTHUB_CLIENT_CONFIRMATION_OK"
15059,10404137633,10404137681,1,"IOTHUB_CLIENT_CONFIRMATION_OK"
15060,10404137833,10404137866,1,"IOTHUB_CLIENT_CONFIRMATION_OK"
15061,10404138033,10404138063,1,"IOTHUB_CLIENT_CONFIRMATION_OK"
15062,10404138233,10404138265,1,"IOTHUB_CLIENT_CONFIRMATION_OK"
15063,10404138434,10404138466,1,"IOTHUB_CLIENT_CONFIRMATION_OK"
15064,10404138634,10404138750,1,"IOTHUB_CLIENT_CONFIRMATION_OK"
15065,10404138834,10404138869,1,"IOTHUB_CLIENT_CONFIRMATION_OK"
15066,10404139034,10404139072,1,"IOTHUB_CLIENT_CONFIRMATION_OK"
15067,10404139234,10404139262,1,"IOTHUB_CLIENT_CONFIRMATION_OK"
15068,10404139434,10404139467,1,"IOTHUB_CLIENT_CONFIRMATION_OK"
15069,10404139635,10404139665,1,"IOTHUB_CLIENT_CONFIRMATION_OK"
15070,10404139835,10404139867,1,"IOTHUB_CLIENT_CONFIRMATION_OK"
15071,10404140035,10404140078,1,"IOTHUB_CLIENT_CONFIRMATION_OK"
15072,10404140235,10404140270,1,"IOTHUB_CLIENT_CONFIRMATION_OK"
15073,10404140435,10404140466,1,"IOTHUB_CLIENT_CONFIRMATION_OK"
15074,10404140635,10404140667,1,"IOTHUB_CLIENT_CONFIRMATION_OK"
15075,10404140836,10404140890,1,"IOTHUB_CLIENT_CONFIRMATION_OK"
15076,10404141036,10404141222,1,"IOTHUB_CLIENT_CONFIRMATION_OK"
15077,10404141236,10404141275,1,"IOTHUB_CLIENT_CONFIRMATION_OK"
15078,10404141436,10404141465,1,"IOTHUB_CLIENT_CONFIRMATION_OK"
15079,10404141636,10404141685,1,"IOTHUB_CLIENT_CONFIRMATION_OK"
15080,10404141836,10404141871,1,"IOTHUB_CLIENT_CONFIRMATION_OK"
15081,10404142036,10404142065,1,"IOTHUB_CLIENT_CONFIRMATION_OK"
15082,10404142237,10404142267,1,"IOTHUB_CLIENT_CONFIRMATION_OK"
15083,10404142437,10404142479,1,"IOTHUB_CLIENT_CONFIRMATION_OK"
15084,10404142637,10404142691,1,"IOTHUB_CLIENT_CONFIRMATION_OK"
15085,10404142837,10404142958,1,"IOTHUB_CLIENT_CONFIRMATION_OK"
15086,10404143037,10404143070,1,"IOTHUB_CLIENT_CONFIRMATION_OK"
15087,10404143237,10404143267,1,"IOTHUB_CLIENT_CONFIRMATION_OK"
15088,10404143438,10404143485,1,"IOTHUB_CLIENT_CONFIRMATION_OK"
15089,10404143638,10404143667,1,"IOTHUB_CLIENT_CONFIRMATION_OK"
15090,10404143838,10404143904,1,"IOTHUB_CLIENT_CONFIRMATION_OK"
15091,10404144038,10404144074,1,"IOTHUB_CLIENT_CONFIRMATION_OK"
15092,10404144238,10404144267,1,"IOTHUB_CLIENT_CONFIRMATION_OK"
15093,10404144438,10404144470,1,"IOTHUB_CLIENT_CONFIRMATION_OK"
15094,10404144639,10404144671,1,"IOTHUB_CLIENT_CONFIRMATION_OK"
15095,10404144839,10404144891,1,"IOTHUB_CLIENT_CONFIRMATION_OK"
15096,10404145039,10404145071,1,"IOTHUB_CLIENT_CONFIRMATION_OK"
15097,10404145239,10404145268,1,"IOTHUB_CLIENT_CONFIRMATION_OK"
15098,10404145439,10404145472,1,"IOTHUB_CLIENT_CONFIRMATION_OK"
15099,10404145639,10404145678,1,"IOTHUB_CLIENT_CONFIRMATION_OK"
15100,10404145840,10404145871,1,"IOTHUB_CLIENT_CONFIRMATION_OK"
15101,10404146040,10404146080,1,"IOTHUB_CLIENT_CONFIRMATION_OK"
15102,10404146240,10404146277,1,"IOTHUB_CLIENT_CONFIRMATION_OK"
15103,10404146440,10404146468,1,"IOTHUB_CLIENT_CONFIRMATION_OK"
15104,10404146640,10404146698,1,"IOTHUB_CLIENT_CONFIRMATION_OK"
15105,10404146840,10404146921,1,"IOTHUB_CLIENT_CONFIRMATION_OK"
15106,10404147040,10404147074,1,"IOTHUB_CLIENT_CONFIRMATION_OK"
15107,10404147241,10404147274,1,"IOTHUB_CLIENT_CONFIRMATION_OK"
15108,10404147441,10404147529,1,"IOTHUB_CLIENT_CONFIRMATION_OK"
15109,10404147641,10404147675,1,"IOTHUB_CLIENT_CONFIRMATION_OK"
15110,10404147841,10404147885,1,"IOTHUB_CLIENT_CONFIRMATION_OK"
15111,10404148041,10404148189,1,"IOTHUB_CLIENT_CONFIRMATION_OK"
15112,10404148241,10404148286,1,"IOTHUB_CLIENT_CONFIRMATION_OK"
15113,10404148441,10404148480,1,"IOTHUB_CLIENT_CONFIRMATION_OK"
15114,10404148642,10404148794,1,"IOTHUB_CLIENT_CONFIRMATION_OK"
15115,10404148842,10404148881,1,"IOTHUB_CLIENT_CONFIRMATION_OK"
15116,10404149042,10404149071,1,"IOTHUB_CLIENT_CONFIRMATION_OK"
15117,10404149242,10404149404,1,"IOTHUB_CLIENT_CONFIRMATION_OK"
15118,10404149442,10404149472,1,"IOTHUB_CLIENT_CONFIRMATION_OK"
15119,10404149642,10404149671,1,"IOTHUB_CLIENT_CONFIRMATION_OK"
15120,10404149843,10404149879,1,"IOTHUB_CLIENT_CONFIRMATION_OK"
15121,10404150043,10404150075,1,"IOTHUB_CLIENT_CONFIRMATION_OK"
15122,10404150243,10404150363,1,"IOTHUB_CLIENT_CONFIRMATION_OK"
15123,10404150443,10404150492,1,"IOTHUB_CLIENT_CONFIRMATION_OK"
15124,10404150643,10404150677,1,"IOTHUB_CLIENT_CONFIRMATION_OK"
15125,10404150843,10404150875,1,"IOTHUB_CLIENT_CONFIRMATION_OK"
15126,10404151044,10404151077,1,"IOTHUB_CLIENT_CONFIRMATION_OK"
15127,10404151244,10404151272,1,"IOTHUB_CLIENT_CONFIRMATION_OK"
15128,10404151444,10404151475,1,"IOTHUB_CLIENT_CONFIRMATION_OK"
15129,10404151644,10404151678,1,"IOTHUB_CLIENT_CONFIRMATION_OK"
15130,10404151844,10404151875,1,"IOTHUB_CLIENT_CONFIRMATION_OK"
15131,10404152044,10404152078,1,"IOTHUB_CLIENT_CONFIRMATION_OK"
15132,10404152245,10404152276,1,"IOTHUB_CLIENT_CONFIRMATION_OK"
15133,10404152445,10404152488,1,"IOTHUB_CLIENT_CONFIRMATION_OK"
15134,10404152645,10404152673,1,"IOTHUB_CLIENT_CONFIRMATION_OK"
15135,10404152845,10404152878,1,"IOTHUB_CLIENT_CONFIRMATION_OK"
15136,10404153045,10404153090,1,"IOTHUB_CLIENT_CONFIRMATION_OK"
15137,10404153245,10404153282,1,"IOTHUB_CLIENT_CONFIRMATION_OK"
15138,10404153446,10404153490,1,"IOTHUB_CLIENT_CONFIRMATION_OK"
15139,10404153646,10404153678,1,"IOTHUB_CLIENT_CONFIRMATION_OK"
15140,10404153846,10404153913,1,"IOTHUB_CLIENT_CONFIRMATION_OK"
15141,10404154046,10404154086,1,"IOTHUB_CLIENT_CONFIRMATION_OK"
15142,10404154246,10404154282,1,"IOTHUB_CLIENT_CONFIRMATION_OK"
15143,10404154446,10404154478,1,"IOTHUB_CLIENT_CONFIRMATION_OK"
15144,10404154646,10404154677,1,"IOTHUB_CLIENT_CONFIRMATION_OK"
15145,10404154847,10404154892,1,"IOTHUB_CLIENT_CONFIRMATION_OK"
15146,10404155047,10404155157,1,"IOTHUB_CLIENT_CONFIRMATION_OK"
15147,10404155247,10404155285,1,"IOTHUB_CLIENT_CONFIRMATION_OK"
15148,10404155447,10404155484,1,"IOTHUB_CLIENT_CONFIRMATION_OK"
15149,10404155647,10404155757,1,"IOTHUB_CLIENT_CONFIRMATION_OK"
15150,10404155847,10404155883,1,"IOTHUB_CLIENT_CONFIRMATION_OK"
15151,10404156048,10404156092,1,"IOTHUB_CLIENT_CONFIRMATION_OK"
15152,10404156248,10404156358,1,"IOTHUB_CLIENT_CONFIRMATION_OK"
15153,10404156448,10404156479,1,"IOTHUB_CLIENT_CONFIRMATION_OK"
15154,10404156648,10404156690,1,"IOTHUB_CLIENT_CONFIRMATION_OK"
15155,10404156848,10404157102,1,"IOTHUB_CLIENT_CONFIRMATION_OK"
15156,10404157048,10404157576,1,"IOTHUB_CLIENT_CONFIRMATION_OK"
15157,10404157249,10404157835,1,"IOTHUB_CLIENT_CONFIRMATION_OK"
15158,10404157449,10404157871,1,"IOTHUB_CLIENT_CONFIRMATION_OK"
15159,10404157649,10404157897,1,"IOTHUB_CLIENT_CONFIRMATION_OK"
15160,10404157849,10404157921,1,"IOTHUB_CLIENT_CONFIRMATION_OK"
15161,10404158049,10404158095,1,"IOTHUB_CLIENT_CONFIRMATION_OK"
15162,10404158249,10404158292,1,"IOTHUB_CLIENT_CONFIRMATION_OK"
15163,10404158449,10404158503,1,"IOTHUB_CLIENT_CONFIRMATION_OK"
15164,10404158650,10404158700,1,"IOTHUB_CLIENT_CONFIRMATION_OK"
15165,10404158850,10404158887,1,"IOTHUB_CLIENT_CONFIRMATION_OK"
15166,10404159050,10404159082,1,"IOTHUB_CLIENT_CONFIRMATION_OK"
15167,10404159250,10404159286,1,"IOTHUB_CLIENT_CONFIRMATION_OK"
15168,10404159450,10404159541,1,"IOTHUB_CLIENT_CONFIRMATION_OK"
15169,10404159650,10404159681,1,"IOTHUB_CLIENT_CONFIRMATION_OK"
15170,10404159851,10404159884,1,"IOTHUB_CLIENT_CONFIRMATION_OK"
15171,10404160051,10404160151,1,"IOTHUB_CLIENT_CONFIRMATION_OK"
15172,10404160251,10404160280,1,"IOTHUB_CLIENT_CONFIRMATION_OK"
15173,10404160451,10404160485,1,"IOTHUB_CLIENT_CONFIRMATION_OK"
15174,10404160651,10404160683,1,"IOTHUB_CLIENT_CONFIRMATION_OK"
15175,10404160851,10404160889,1,"IOTHUB_CLIENT_CONFIRMATION_OK"
15176,10404161051,10404161090,1,"IOTHUB_CLIENT_CONFIRMATION_OK"
15177,10404161252,10404161285,1,"IOTHUB_CLIENT_CONFIRMATION_OK"
15178,10404161452,10404161482,1,"IOTHUB_CLIENT_CONFIRMATION_OK"
15179,10404161652,10404161680,1,"IOTHUB_CLIENT_CONFIRMATION_OK"
15180,10404161852,10404161889,1,"IOTHUB_CLIENT_CONFIRMATION_OK"
15181,10404162052,10404162081,1,"IOTHUB_CLIENT_CONFIRMATION_OK"
15182,10404162252,10404162281,1,"IOTHUB_CLIENT_CONFIRMATION_OK"
15183,10404162453,10404162488,1,"IOTHUB_CLIENT_CONFIRMATION_OK"
15184,10404162653,10404162715,1,"IOTHUB_CLIENT_CONFIRMATION_OK"
15185,10404162853,10404162896,1,"IOTHUB_CLIENT_CONFIRMATION_OK"
15186,10404163053,10404163083,1,"IOTHUB_CLIENT_CONFIRMATION_OK"
15187,10404163253,10404163408,1,"IOTHUB_CLIENT_CONFIRMATION_OK"
15188,10404163453,10404163490,1,"IOTHUB_CLIENT_CONFIRMATION_OK"
15189,10404163653,10404163685,1,"IOTHUB_CLIENT_CONFIRMATION_OK"
15190,10404163854,10404163985,1,"IOTHUB_CLIENT_CONFIRMATION_OK"
15191,10404164054,10404164091,1,"IOTHUB_CLIENT_CONFIRMATION_OK"
15192,10404164254,10404164316,1,"IOTHUB_CLIENT_CONFIRMATION_OK"
15193,10404164454,10404164593,1,"IOTHUB_CLIENT_CONFIRMATION_OK"
15194,10404164654,10404164692,1,"IOTHUB_CLIENT_CONFIRMATION_OK"
15195,10404164854,10404164885,1,"IOTHUB_CLIENT_CONFIRMATION_OK"
15196,10404165055,10404165201,1,"IOTHUB_CLIENT_CONFIRMATION_OK"
15197,10404165255,10404165286,1,"IOTHUB_CLIENT_CONFIRMATION_OK"
15198,10404165455,10404165492,1,"IOTHUB_CLIENT_CONFIRMATION_OK"
15199,10404165655,10404165745,1,"IOTHUB_CLIENT_CONFIRMATION_OK"
15200,10404165855,10404165888,1,"IOTHUB_CLIENT_CONFIRMATION_OK"
15201,10404166055,10404166088,1,"IOTHUB_CLIENT_CONFIRMATION_OK"
15202,10404166256,10404166290,1,"IOTHUB_CLIENT_CONFIRMATION_OK"
15203,10404166456,10404166498,1,"IOTHUB_CLIENT_CONFIRMATION_OK"
15204,10404166656,10404166692,1,"IOTHUB_CLIENT_CONFIRMATION_OK"
15205,10404166856,10404166899,1,"IOTHUB_CLIENT_CONFIRMATION_OK"
15206,10404167056,10404167101,1,"IOTHUB_CLIENT_CONFIRMATION_OK"
15207,10404167256,10404167288,1,"IOTHUB_CLIENT_CONFIRMATION_OK"
15208,10404167456,10404167488,1,"IOTHUB_CLIENT_CONFIRMATION_OK"
15209,10404167657,10404167690,1,"IOTHUB_CLIENT_CONFIRMATION_OK"
15210,10404167857,10404167888,1,"IOTHUB_CLIENT_CONFIRMATION_OK"
15211,10404168057,10404168091,1,"IOTHUB_CLIENT_CONFIRMATION_OK"
15212,10404168257,10404168297,1,"IOTHUB_CLIENT_CONFIRMATION_OK"
15213,10404168457,10404168487,1,"IOTHUB_CLIENT_CONFIRMATION_OK"
15214,10404168657,10404168688,1,"IOTHUB_CLIENT_CONFIRMATION_OK"
15215,10404168858,10404168918,1,"IOTHUB_CLIENT_CONFIRMATION_OK"
15216,10404169058,10404169166,1,"IOTHUB_CLIENT_CONFIRMATION_OK"
15217,10404169258,10404169288,1,"IOTHUB_CLIENT_CONFIRMATION_OK"
15218,10404169458,10404169659,1,"IOTHUB_CLIENT_CONFIRMATION_OK"
15219,10404169658,10404169695,1,"IOTHUB_CLIENT_CONFIRMATION_OK"
15220,10404169858,10404169901,1,"IOTHUB_CLIENT_CONFIRMATION_OK"
15221,10404170059,10404170098,1,"IOTHUB_CLIENT_CONFIRMATION_OK"
15222,10404170259,10404170290,1,"IOTHUB_CLIENT_CONFIRMATION_OK"
15223,10404170459,10404170503,1,"IOTHUB_CLIENT_CONFIRMATION_OK"
15224,10404170659,10404170703,1,"IOTHUB_CLIENT_CONFIRMATION_OK"
15225,10404170859,10404171005,1,"IOTHUB_CLIENT_CONFIRMATION_OK"
15226,10404171059,10404171094,1,"IOTHUB_CLIENT_CONFIRMATION_OK"
15227,10404171260,10404171302,1,"IOTHUB_CLIENT_CONFIRMATION_OK"
15228,10404171460,10404171521,1,"IOTHUB_CLIENT_CONFIRMATION_OK"
15229,10404171660,10404171718,1,"IOTHUB_CLIENT_CONFIRMATION_OK"
15230,10404171860,10404171895,1,"IOTHUB_CLIENT_CONFIRMATION_OK"
15231,10404172060,10404172245,1,"IOTHUB_CLIENT_CONFIRMATION_OK"
15232,10404172260,10404172300,1,"IOTHUB_CLIENT_CONFIRMATION_OK"
15233,10404172461,10404172523,1,"IOTHUB_CLIENT_CONFIRMATION_OK"
15234,10404172661,10404172699,1,"IOTHUB_CLIENT_CONFIRMATION_OK"
15235,10404172861,10404172904,1,"IOTHUB_CLIENT_CONFIRMATION_OK"
15236,10404173061,10404173105,1,"IOTHUB_CLIENT_CONFIRMATION_OK"
15237,10404173261,10404173452,1,"IOTHUB_CLIENT_CONFIRMATION_OK"
15238,10404173461,10404173498,1,"IOTHUB_CLIENT_CONFIRMATION_OK"
15239,10404173661,10404173708,1,"IOTHUB_CLIENT_CONFIRMATION_OK"
15240,10404173862,10404173895,1,"IOTHUB_CLIENT_CONFIRMATION_OK"
15241,10404174062,10404174106,1,"IOTHUB_CLIENT_CONFIRMATION_OK"
15242,10404174262,10404174307,1,"IOTHUB_CLIENT_CONFIRMATION_OK"
15243,10404174462,10404174496,1,"IOTHUB_CLIENT_CONFIRMATION_OK"
15244,10404174662,10404174702,1,"IOTHUB_CLIENT_CONFIRMATION_OK"
15245,10404174862,10404174908,1,"IOTHUB_CLIENT_CONFIRMATION_OK"
15246,10404175063,10404175121,1,"IOTHUB_CLIENT_CONFIRMATION_OK"
15247,10404175263,10404175334,1,"IOTHUB_CLIENT_CONFIRMATION_OK"
15248,10404175463,10404175494,1,"IOTHUB_CLIENT_CONFIRMATION_OK"
15249,10404175663,10404175698,1,"IOTHUB_CLIENT_CONFIRMATION_OK"
15250,10404175863,10404175944,1,"IOTHUB_CLIENT_CONFIRMATION_OK"
15251,10404176063,10404176093,1,"IOTHUB_CLIENT_CONFIRMATION_OK"
15252,10404176264,10404176306,1,"IOTHUB_CLIENT_CONFIRMATION_OK"
15253,10404176464,10404176546,1,"IOTHUB_CLIENT_CONFIRMATION_OK"
15254,10404176664,10404176722,1,"IOTHUB_CLIENT_CONFIRMATION_OK"
15255,10404176864,10404176898,1,"IOTHUB_CLIENT_CONFIRMATION_OK"
15256,10404177064,10404177167,1,"IOTHUB_CLIENT_CONFIRMATION_OK"
15257,10404177264,10404177302,1,"IOTHUB_CLIENT_CONFIRMATION_OK"
15258,10404177464,10404177498,1,"IOTHUB_CLIENT_CONFIRMATION_OK"
15259,10404177665,10404177757,1,"IOTHUB_CLIENT_CONFIRMATION_OK"
15260,10404177865,10404177895,1,"IOTHUB_CLIENT_CONFIRMATION_OK"
15261,10404178065,10404178108,1,"IOTHUB_CLIENT_CONFIRMATION_OK"
15262,10404178265,10404178308,1,"IOTHUB_CLIENT_CONFIRMATION_OK"
15263,10404178465,10404178497,1,"IOTHUB_CLIENT_CONFIRMATION_OK"
15264,10404178665,10404178699,1,"IOTHUB_CLIENT_CONFIRMATION_OK"
15265,10404178866,10404178897,1,"IOTHUB_CLIENT_CONFIRMATION_OK"
15266,10404179066,10404179100,1,"IOTHUB_CLIENT_CONFIRMATION_OK"
15267,10404179266,10404179296,1,"IOTHUB_CLIENT_CONFIRMATION_OK"
15268,10404179466,10404179541,1,"IOTHUB_CLIENT_CONFIRMATION_OK"
15269,10404179666,10404179802,1,"IOTHUB_CLIENT_CONFIRMATION_OK"
15270,10404179866,10404179904,1,"IOTHUB_CLIENT_CONFIRMATION_OK"
15271,10404180067,10404180164,1,"IOTHUB_CLIENT_CONFIRMATION_OK"
15272,10404180267,10404180412,1,"IOTHUB_CLIENT_CONFIRMATION_OK"
15273,10404180467,10404180498,1,"IOTHUB_CLIENT_CONFIRMATION_OK"
15274,10404180667,10404180703,1,"IOTHUB_CLIENT_CONFIRMATION_OK"
15275,10404180867,10404180908,1,"IOTHUB_CLIENT_CONFIRMATION_OK"
15276,10404181067,10404181101,1,"IOTHUB_CLIENT_CONFIRMATION_OK"
15277,10404181268,10404181305,1,"IOTHUB_CLIENT_CONFIRMATION_OK"
15278,10404181468,10404181628,1,"IOTHUB_CLIENT_CONFIRMATION_OK"
15279,10404181668,10404181700,1,"IOTHUB_CLIENT_CONFIRMATION_OK"
15280,10404181868,10404181901,1,"IOTHUB_CLIENT_CONFIRMATION_OK"
15281,10404182068,10404182105,1,"IOTHUB_CLIENT_CONFIRMATION_OK"
15282,10404182268,10404182300,1,"IOTHUB_CLIENT_CONFIRMATION_OK"
15283,10404182468,10404182517,1,"IOTHUB_CLIENT_CONFIRMATION_OK"
15284,10404182669,10404182713,1,"IOTHUB_CLIENT_CONFIRMATION_OK"
15285,10404182869,10404182911,1,"IOTHUB_CLIENT_CONFIRMATION_OK"
15286,10404183069,10404183109,1,"IOTHUB_CLIENT_CONFIRMATION_OK"
15287,10404183269,10404183312,1,"IOTHUB_CLIENT_CONFIRMATION_OK"
15288,10404183469,10404183504,1,"IOTHUB_CLIENT_CONFIRMATION_OK"
15289,10404183669,10404183700,1,"IOTHUB_CLIENT_CONFIRMATION_OK"
15290,10404183870,10404183922,1,"IOTHUB_CLIENT_CONFIRMATION_OK"
15291,10404184070,10404184103,1,"IOTHUB_CLIENT_CONFIRMATION_OK"
15292,10404184270,10404184301,1,"IOTHUB_CLIENT_CONFIRMATION_OK"
15293,10404184470,10404184507,1,"IOTHUB_CLIENT_CONFIRMATION_OK"
15294,10404184670,10404184737,1,"IOTHUB_CLIENT_CONFIRMATION_OK"
15295,10404184870,10404184901,1,"IOTHUB_CLIENT_CONFIRMATION_OK"
15296,10404185071,10404185107,1,"IOTHUB_CLIENT_CONFIRMATION_OK"
15297,10404185271,10404185299,1,"IOTHUB_CLIENT_CONFIRMATION_OK"
15298,10404185471,10404185512,1,"IOTHUB_CLIENT_CONFIRMATION_OK"
15299,10404185671,10404185703,1,"IOTHUB_CLIENT_CONFIRMATION_OK"
15300,10404185871,10404185904,1,"IOTHUB_CLIENT_CONFIRMATION_OK"
15301,10404186071,10404186111,1,"IOTHUB_CLIENT_CONFIRMATION_OK"
15302,10404186271,10404186312,1,"IOTHUB_CLIENT_CONFIRMATION_OK"
15303,10404186472,10404186503,1,"IOTHUB_CLIENT_CONFIRMATION_OK"
15304,10404186672,10404186715,1,"IOTHUB_CLIENT_CONFIRMATION_OK"
15305,10404186872,10404186905,1,"IOTHUB_CLIENT_CONFIRMATION_OK"
15306,10404187072,10404187110,1,"IOTHUB_CLIENT_CONFIRMATION_OK"
15307,10404187272,10404187351,1,"IOTHUB_CLIENT_CONFIRMATION_OK"
15308,10404187472,10404187509,1,"IOTHUB_CLIENT_CONFIRMATION_OK"
15309,10404187673,10404187710,1,"IOTHUB_CLIENT_CONFIRMATION_OK"
15310,10404187873,10404187943,1,"IOTHUB_CLIENT_CONFIRMATION_OK"
15311,10404188073,10404188117,1,"IOTHUB_CLIENT_CONFIRMATION_OK"
15312,10404188273,10404188306,1,"IOTHUB_CLIENT_CONFIRMATION_OK"
15313,10404188473,10404188556,1,"IOTHUB_CLIENT_CONFIRMATION_OK"
15314,10404188673,10404188706,1,"IOTHUB_CLIENT_CONFIRMATION_OK"
15315,10404188874,10404188916,1,"IOTHUB_CLIENT_CONFIRMATION_OK"
15316,10404189074,10404189161,1,"IOTHUB_CLIENT_CONFIRMATION_OK"
15317,10404189274,10404189312,1,"IOTHUB_CLIENT_CONFIRMATION_OK"
15318,10404189474,10404189507,1,"IOTHUB_CLIENT_CONFIRMATION_OK"
15319,10404189674,10404189879,1,"IOTHUB_CLIENT_CONFIRMATION_OK"
15320,10404189874,10404189909,1,"IOTHUB_CLIENT_CONFIRMATION_OK"
15321,10404190075,10404190109,1,"IOTHUB_CLIENT_CONFIRMATION_OK"
15322,10404190275,10404190315,1,"IOTHUB_CLIENT_CONFIRMATION_OK"
15323,10404190475,10404190507,1,"IOTHUB_CLIENT_CONFIRMATION_OK"
15324,10404190675,10404190716,1,"IOTHUB_CLIENT_CONFIRMATION_OK"
15325,10404190875,10404190918,1,"IOTHUB_CLIENT_CONFIRMATION_OK"
15326,10404191075,10404191110,1,"IOTHUB_CLIENT_CONFIRMATION_OK"
15327,10404191276,10404191307,1,"IOTHUB_CLIENT_CONFIRMATION_OK"
15328,10404191476,10404191522,1,"IOTHUB_CLIENT_CONFIRMATION_OK"
15329,10404191676,10404191710,1,"IOTHUB_CLIENT_CONFIRMATION_OK"
15330,10404191876,10404191919,1,"IOTHUB_CLIENT_CONFIRMATION_OK"
15331,10404192076,10404192109,1,"IOTHUB_CLIENT_CONFIRMATION_OK"
15332,10404192276,10404192337,1,"IOTHUB_CLIENT_CONFIRMATION_OK"
15333,10404192477,10404192506,1,"IOTHUB_CLIENT_CONFIRMATION_OK"
15334,10404192677,10404192715,1,"IOTHUB_CLIENT_CONFIRMATION_OK"
15335,10404192877,10404192940,1,"IOTHUB_CLIENT_CONFIRMATION_OK"
15336,10404193077,10404193114,1,"IOTHUB_CLIENT_CONFIRMATION_OK"
15337,10404193277,10404193348,1,"IOTHUB_CLIENT_CONFIRMATION_OK"
15338,10404193477,10404193575,1,"IOTHUB_CLIENT_CONFIRMATION_OK"
15339,10404193677,10404193724,1,"IOTHUB_CLIENT_CONFIRMATION_OK"
15340,10404193878,10404193925,1,"IOTHUB_CLIENT_CONFIRMATION_OK"
15341,10404194078,10404194174,1,"IOTHUB_CLIENT_CONFIRMATION_OK"
15342,10404194278,10404194317,1,"IOTHUB_CLIENT_CONFIRMATION_OK"
15343,10404194478,10404194506,1,"IOTHUB_CLIENT_CONFIRMATION_OK"
15344,10404194678,10404194720,1,"IOTHUB_CLIENT_CONFIRMATION_OK"
15345,10404194878,10404194943,1,"IOTHUB_CLIENT_CONFIRMATION_OK"
15346,10404195079,10404195113,1,"IOTHUB_CLIENT_CONFIRMATION_OK"
15347,10404195279,10404195313,1,"IOTHUB_CLIENT_CONFIRMATION_OK"
15348,10404195479,10404195531,1,"IOTHUB_CLIENT_CONFIRMATION_OK"
15349,10404195679,10404195713,1,"IOTHUB_CLIENT_CONFIRMATION_OK"
15350,10404195879,10404195915,1,"IOTHUB_CLIENT_CONFIRMATION_OK"
15351,10404196079,10404196118,1,"IOTHUB_CLIENT_CONFIRMATION_OK"
15352,10404196280,10404196315,1,"IOTHUB_CLIENT_CONFIRMATION_OK"
15353,10404196480,10404196538,1,"IOTHUB_CLIENT_CONFIRMATION_OK"
15354,10404196680,10404196722,1,"IOTHUB_CLIENT_CONFIRMATION_OK"
15355,10404196880,10404196912,1,"IOTHUB_CLIENT_CONFIRMATION_OK"
15356,10404197080,10404197111,1,"IOTHUB_CLIENT_CONFIRMATION_OK"
15357,10404197280,10404197348,1,"IOTHUB_CLIENT_CONFIRMATION_OK"
15358,10404197480,10404197512,1,"IOTHUB_CLIENT_CONFIRMATION_OK"
15359,10404197681,10404197719,1,"IOTHUB_CLIENT_CONFIRMATION_OK"
15360,10404197881,10404197910,1,"IOTHUB_CLIENT_CONFIRMATION_OK"
15361,10404198081,10404198111,1,"IOTHUB_CLIENT_CONFIRMATION_OK"
15362,10404198281,10404198334,1,"IOTHUB_CLIENT_CONFIRMATION_OK"
15363,10404198481,10404198512,1,"IOTHUB_CLIENT_CONFIRMATION_OK"
15364,10404198681,10404198716,1,"IOTHUB_CLIENT_CONFIRMATION_OK"
15365,10404198882,10404198915,1,"IOTHUB_CLIENT_CONFIRMATION_OK"
15366,10404199082,10404199112,1,"IOTHUB_CLIENT_CONFIRMATION_OK"
15367,10404199282,10404199412,1,"IOTHUB_CLIENT_CONFIRMATION_OK"
15368,10404199482,10404199520,1,"IOTHUB_CLIENT_CONFIRMATION_OK"
15369,10404199682,10404199722,1,"IOTHUB_CLIENT_CONFIRMATION_OK"
15370,10404199882,10404200035,1,"IOTHUB_CLIENT_CONFIRMATION_OK"
15371,10404200083,10404200115,1,"IOTHUB_CLIENT_CONFIRMATION_OK"
15372,10404200283,10404200327,1,"IOTHUB_CLIENT_CONFIRMATION_OK"
15373,10404200483,10404200632,1,"IOTHUB_CLIENT_CONFIRMATION_OK"
15374,10404200683,10404200716,1,"IOTHUB_CLIENT_CONFIRMATION_OK"
15375,10404200883,10404200918,1,"IOTHUB_CLIENT_CONFIRMATION_OK"
15376,10404201083,10404201243,1,"IOTHUB_CLIENT_CONFIRMATION_OK"
15377,10404201284,10404201316,1,"IOTHUB_CLIENT_CONFIRMATION_OK"
15378,10404201484,10404201513,1,"IOTHUB_CLIENT_CONFIRMATION_OK"
15379,10404201684,10404201836,1,"IOTHUB_CLIENT_CONFIRMATION_OK"
15380,10404201884,10404201918,1,"IOTHUB_CLIENT_CONFIRMATION_OK"
15381,10404202084,10404202161,1,"IOTHUB_CLIENT_CONFIRMATION_OK"
15382,10404202284,10404202329,1,"IOTHUB_CLIENT_CONFIRMATION_OK"
15383,10404202484,10404202516,1,"IOTHUB_CLIENT_CONFIRMATION_OK"
15384,10404202685,10404202716,1,"IOTHUB_CLIENT_CONFIRMATION_OK"
15385,10404202885,10404202915,1,"IOTHUB_CLIENT_CONFIRMATION_OK"
15386,10404203085,10404203118,1,"IOTHUB_CLIENT_CONFIRMATION_OK"
15387,10404203285,10404203316,1,"IOTHUB_CLIENT_CONFIRMATION_OK"
15388,10404203485,10404203518,1,"IOTHUB_CLIENT_CONFIRMATION_OK"
15389,10404203685,10404203727,1,"IOTHUB_CLIENT_CONFIRMATION_OK"
15390,10404203886,10404203923,1,"IOTHUB_CLIENT_CONFIRMATION_OK"
15391,10404204086,10404204117,1,"IOTHUB_CLIENT_CONFIRMATION_OK"
15392,10404204286,10404204326,1,"IOTHUB_CLIENT_CONFIRMATION_OK"
15393,10404204486,10404204524,1,"IOTHUB_CLIENT_CONFIRMATION_OK"
15394,10404204686,10404204724,1,"IOTHUB_CLIENT_CONFIRMATION_OK"
15395,10404204886,10404204950,1,"IOTHUB_CLIENT_CONFIRMATION_OK"
15396,10404205087,10404205118,1,"IOTHUB_CLIENT_CONFIRMATION_OK"
15397,10404205287,10404205319,1,"IOTHUB_CLIENT_CONFIRMATION_OK"
15398,10404205487,10404205549,1,"IOTHUB_CLIENT_CONFIRMATION_OK"
15399,10404205687,10404205734,1,"IOTHUB_CLIENT_CONFIRMATION_OK"
15400,10404205887,10404205923,1,"IOTHUB_CLIENT_CONFIRMATION_OK"
15401,10404206087,10404206119,1,"IOTHUB_CLIENT_CONFIRMATION_OK"
15402,10404206288,10404206358,1,"IOTHUB_CLIENT_CONFIRMATION_OK"
15403,10404206488,10404206530,1,"IOTHUB_CLIENT_CONFIRMATION_OK"
15404,10404206688,10404206720,1,"IOTHUB_CLIENT_CONFIRMATION_OK"
15405,10404206888,10404206987,1,"IOTHUB_CLIENT_CONFIRMATION_OK"
15406,10404207088,10404207140,1,"IOTHUB_CLIENT_CONFIRMATION_OK"
15407,10404207288,10404207322,1,"IOTHUB_CLIENT_CONFIRMATION_OK"
15408,10404207488,10404207522,1,"IOTHUB_CLIENT_CONFIRMATION_OK"
15409,10404207689,10404207722,1,"IOTHUB_CLIENT_CONFIRMATION_OK"
15410,10404207889,10404207920,1,"IOTHUB_CLIENT_CONFIRMATION_OK"
15411,10404208089,10404208269,1,"IOTHUB_CLIENT_CONFIRMATION_OK"
15412,10404208289,10404208320,1,"IOTHUB_CLIENT_CONFIRMATION_OK"
15413,10404208489,10404208526,1,"IOTHUB_CLIENT_CONFIRMATION_OK"
15414,10404208689,10404208868,1,"IOTHUB_CLIENT_CONFIRMATION_OK"
15415,10404208890,10404208934,1,"IOTHUB_CLIENT_CONFIRMATION_OK"
15416,10404209090,10404209145,1,"IOTHUB_CLIENT_CONFIRMATION_OK"
15417,10404209290,10404209487,1,"IOTHUB_CLIENT_CONFIRMATION_OK"
15418,10404209490,10404209526,1,"IOTHUB_CLIENT_CONFIRMATION_OK"
15419,10404209690,10404209719,1,"IOTHUB_CLIENT_CONFIRMATION_OK"
15420,10404209890,10404209918,1,"IOTHUB_CLIENT_CONFIRMATION_OK"
15421,10404210091,10404210123,1,"IOTHUB_CLIENT_CONFIRMATION_OK"
15422,10404210291,10404210320,1,"IOTHUB_CLIENT_CONFIRMATION_OK"
15423,10404210491,10404210521,1,"IOTHUB_CLIENT_CONFIRMATION_OK"
15424,10404210691,10404210727,1,"IOTHUB_CLIENT_CONFIRMATION_OK"
15425,10404210891,10404210925,1,"IOTHUB_CLIENT_CONFIRMATION_OK"
15426,10404211091,10404211139,1,"IOTHUB_CLIENT_CONFIRMATION_OK"
15427,10404211291,10404211320,1,"IOTHUB_CLIENT_CONFIRMATION_OK"
15428,10404211492,10404211525,1,"IOTHUB_CLIENT_CONFIRMATION_OK"
15429,10404211692,10404211723,1,"IOTHUB_CLIENT_CONFIRMATION_OK"
15430,10404211892,10404211933,1,"IOTHUB_CLIENT_CONFIRMATION_OK"
15431,10404212092,10404212267,1,"IOTHUB_CLIENT_CONFIRMATION_OK"
15432,10404212292,10404212330,1,"IOTHUB_CLIENT_CONFIRMATION_OK"
15433,10404212492,10404212539,1,"IOTHUB_CLIENT_CONFIRMATION_OK"
15434,10404212692,10404212739,1,"IOTHUB_CLIENT_CONFIRMATION_OK"
15435,10404212893,10404212927,1,"IOTHUB_CLIENT_CONFIRMATION_OK"
15436,10404213093,10404213150,1,"IOTHUB_CLIENT_CONFIRMATION_OK"
15437,10404213293,10404213322,1,"IOTHUB_CLIENT_CONFIRMATION_OK"
15438,10404213493,10404213567,1,"IOTHUB_CLIENT_CONFIRMATION_OK"
15439,10404213693,10404213760,1,"IOTHUB_CLIENT_CONFIRMATION_OK"
15440,10404213893,10404213926,1,"IOTHUB_CLIENT_CONFIRMATION_OK"
15441,10404214094,10404214129,1,"IOTHUB_CLIENT_CONFIRMATION_OK"
15442,10404214294,10404214338,1,"IOTHUB_CLIENT_CONFIRMATION_OK"
15443,10404214494,10404214530,1,"IOTHUB_CLIENT_CONFIRMATION_OK"
15444,10404214694,10404214737,1,"IOTHUB_CLIENT_CONFIRMATION_OK"
15445,10404214894,10404214929,1,"IOTHUB_CLIENT_CONFIRMATION_OK"
15446,10404215094,10404215137,1,"IOTHUB_CLIENT_CONFIRMATION_OK"
15447,10404215295,10404215332,1,"IOTHUB_CLIENT_CONFIRMATION_OK"
15448,10404215495,10404215533,1,"IOTHUB_CLIENT_CONFIRMATION_OK"
15449,10404215695,10404215827,1,"IOTHUB_CLIENT_CONFIRMATION_OK"
15450,10404215895,10404215928,1,"IOTHUB_CLIENT_CONFIRMATION_OK"
15451,10404216095,10404216134,1,"IOTHUB_CLIENT_CONFIRMATION_OK"
15452,10404216295,10404216430,1,"IOTHUB_CLIENT_CONFIRMATION_OK"
15453,10404216496,10404216527,1,"IOTHUB_CLIENT_CONFIRMATION_OK"
15454,10404216696,10404216728,1,"IOTHUB_CLIENT_CONFIRMATION_OK"
15455,10404216896,10404217134,1,"IOTHUB_CLIENT_CONFIRMATION_OK"
15456,10404217096,10404217155,1,"IOTHUB_CLIENT_CONFIRMATION_OK"
15457,10404217296,10404217331,1,"IOTHUB_CLIENT_CONFIRMATION_OK"
15458,10404217496,10404217528,1,"IOTHUB_CLIENT_CONFIRMATION_OK"
15459,10404217696,10404217745,1,"IOTHUB_CLIENT_CONFIRMATION_OK"
15460,10404217897,10404217931,1,"IOTHUB_CLIENT_CONFIRMATION_OK"
15461,10404218097,10404218129,1,"IOTHUB_CLIENT_CONFIRMATION_OK"
15462,10404218297,10404218333,1,"IOTHUB_CLIENT_CONFIRMATION_OK"
15463,10404218497,10404218555,1,"IOTHUB_CLIENT_CONFIRMATION_OK"
15464,10404218697,10404218730,1,"IOTHUB_CLIENT_CONFIRMATION_OK"
15465,10404218897,10404218971,1,"IOTHUB_CLIENT_CONFIRMATION_OK"
15466,10404219098,10404219129,1,"IOTHUB_CLIENT_CONFIRMATION_OK"
15467,10404219298,10404219332,1,"IOTHUB_CLIENT_CONFIRMATION_OK"
15468,10404219498,10404219576,1,"IOTHUB_CLIENT_CONFIRMATION_OK"
15469,10404219698,10404219729,1,"IOTHUB_CLIENT_CONFIRMATION_OK"
15470,10404219898,10404220002,1,"IOTHUB_CLIENT_CONFIRMATION_OK"
15471,10404220098,10404220286,1,"IOTHUB_CLIENT_CONFIRMATION_OK"
15472,10404220298,10404220327,1,"IOTHUB_CLIENT_CONFIRMATION_OK"
15473,10404220499,10404220529,1,"IOTHUB_CLIENT_CONFIRMATION_OK"
15474,10404220699,10404220737,1,"IOTHUB_CLIENT_CONFIRMATION_OK"
15475,10404220899,10404220929,1,"IOTHUB_CLIENT_CONFIRMATION_OK"
15476,10404221099,10404221128,1,"IOTHUB_CLIENT_CONFIRMATION_OK"
15477,10404221299,10404221509,1,"IOTHUB_CLIENT_CONFIRMATION_OK"
15478,10404221499,10404221533,1,"IOTHUB_CLIENT_CONFIRMATION_OK"
15479,10404221700,10404221734,1,"IOTHUB_CLIENT_CONFIRMATION_OK"
15480,10404221900,10404221932,1,"IOTHUB_CLIENT_CONFIRMATION_OK"
15481,10404222100,10404222164,1,"IOTHUB_CLIENT_CONFIRMATION_OK"
15482,10404222300,10404222330,1,"IOTHUB_CLIENT_CONFIRMATION_OK"
15483,10404222500,10404222531,1,"IOTHUB_CLIENT_CONFIRMATION_OK"
15484,10404222700,10404222748,1,"IOTHUB_CLIENT_CONFIRMATION_OK"
15485,10404222900,10404222943,1,"IOTHUB_CLIENT_CONFIRMATION_OK"
15486,10404223101,10404223136,1,"IOTHUB_CLIENT_CONFIRMATION_OK"
15487,10404223301,10404223400,1,"IOTHUB_CLIENT_CONFIRMATION_OK"
15488,10404223501,10404223531,1,"IOTHUB_CLIENT_CONFIRMATION_OK"
15489,10404223701,10404223730,1,"IOTHUB_CLIENT_CONFIRMATION_OK"
15490,10404223901,10404224022,1,"IOTHUB_CLIENT_CONFIRMATION_OK"
15491,10404224101,10404224139,1,"IOTHUB_CLIENT_CONFIRMATION_OK"
15492,10404224301,10404224337,1,"IOTHUB_CLIENT_CONFIRMATION_OK"
15493,10404224502,10404224635,1,"IOTHUB_CLIENT_CONFIRMATION_OK"
15494,10404224702,10404224735,1,"IOTHUB_CLIENT_CONFIRMATION_OK"
15495,10404224902,10404224937,1,"IOTHUB_CLIENT_CONFIRMATION_OK"
15496,10404225102,10404225240,1,"IOTHUB_CLIENT_CONFIRMATION_OK"
15497,10404225302,10404225332,1,"IOTHUB_CLIENT_CONFIRMATION_OK"
15498,10404225502,10404225534,1,"IOTHUB_CLIENT_CONFIRMATION_OK"
15499,10404225703,10404225879,1,"IOTHUB_CLIENT_CONFIRMATION_OK"
15500,10404225903,10404225956,1,"IOTHUB_CLIENT_CONFIRMATION_OK"
15501,10404226103,10404226141,1,"IOTHUB_CLIENT_CONFIRMATION_OK"
15502,10404226303,10404226340,1,"IOTHUB_CLIENT_CONFIRMATION_OK"
15503,10404226503,10404226534,1,"IOTHUB_CLIENT_CONFIRMATION_OK"
15504,10404226703,10404226731,1,"IOTHUB_CLIENT_CONFIRMATION_OK"
15505,10404226904,10404226934,1,"IOTHUB_CLIENT_CONFIRMATION_OK"
15506,10404227104,10404227152,1,"IOTHUB_CLIENT_CONFIRMATION_OK"
15507,10404227304,10404227337,1,"IOTHUB_CLIENT_CONFIRMATION_OK"
15508,10404227504,10404227533,1,"IOTHUB_CLIENT_CONFIRMATION_OK"
15509,10404227704,10404227756,1,"IOTHUB_CLIENT_CONFIRMATION_OK"
15510,10404227904,10404227937,1,"IOTHUB_CLIENT_CONFIRMATION_OK"
15511,10404228104,10404228165,1,"IOTHUB_CLIENT_CONFIRMATION_OK"
15512,10404228305,10404228347,1,"IOTHUB_CLIENT_CONFIRMATION_OK"
15513,10404228505,10404228538,1,"IOTHUB_CLIENT_CONFIRMATION_OK"
15514,10404228705,10404228739,1,"IOTHUB_CLIENT_CONFIRMATION_OK"
15515,10404228905,10404228939,1,"IOTHUB_CLIENT_CONFIRMATION_OK"
15516,10404229105,10404229140,1,"IOTHUB_CLIENT_CONFIRMATION_OK"
15517,10404229305,10404229337,1,"IOTHUB_CLIENT_CONFIRMATION_OK"
15518,10404229505,10404229556,1,"IOTHUB_CLIENT_CONFIRMATION_OK"
15519,10404229706,10404229740,1,"IOTHUB_CLIENT_CONFIRMATION_OK"
15520,10404229906,10404229937,1,"IOTHUB_CLIENT_CONFIRMATION_OK"
15521,10404230106,10404230143,1,"IOTHUB_CLIENT_CONFIRMATION_OK"
15522,10404230306,10404230353,1,"IOTHUB_CLIENT_CONFIRMATION_OK"
15523,10404230506,10404230539,1,"IOTHUB_CLIENT_CONFIRMATION_OK"
15524,10404230706,10404230736,1,"IOTHUB_CLIENT_CONFIRMATION_OK"
15525,10404230907,10404230958,1,"IOTHUB_CLIENT_CONFIRMATION_OK"
15526,10404231107,10404231138,1,"IOTHUB_CLIENT_CONFIRMATION_OK"
15527,10404231307,10404231350,1,"IOTHUB_CLIENT_CONFIRMATION_OK"
15528,10404231507,10404231666,1,"IOTHUB_CLIENT_CONFIRMATION_OK"
15529,10404231707,10404231739,1,"IOTHUB_CLIENT_CONFIRMATION_OK"
15530,10404231907,10404231939,1,"IOTHUB_CLIENT_CONFIRMATION_OK"
15531,10404232108,10404232207,1,"IOTHUB_CLIENT_CONFIRMATION_OK"
15532,10404232308,10404232348,1,"IOTHUB_CLIENT_CONFIRMATION_OK"
15533,10404232508,10404232538,1,"IOTHUB_CLIENT_CONFIRMATION_OK"
15534,10404232708,10404232874,1,"IOTHUB_CLIENT_CONFIRMATION_OK"
15535,10404232908,10404232943,1,"IOTHUB_CLIENT_CONFIRMATION_OK"
15536,10404233108,10404233142,1,"IOTHUB_CLIENT_CONFIRMATION_OK"
15537,10404233309,10404233474,1,"IOTHUB_CLIENT_CONFIRMATION_OK"
15538,10404233509,10404233542,1,"IOTHUB_CLIENT_CONFIRMATION_OK"
15539,10404233709,10404233740,1,"IOTHUB_CLIENT_CONFIRMATION_OK"
15540,10404233909,10404233944,1,"IOTHUB_CLIENT_CONFIRMATION_OK"
15541,10404234109,10404234159,1,"IOTHUB_CLIENT_CONFIRMATION_OK"
15542,10404234309,10404234351,1,"IOTHUB_CLIENT_CONFIRMATION_OK"
15543,10404234510,10404234542,1,"IOTHUB_CLIENT_CONFIRMATION_OK"
15544,10404234710,10404234816,1,"IOTHUB_CLIENT_CONFIRMATION_OK"
15545,10404234910,10404234940,1,"IOTHUB_CLIENT_CONFIRMATION_OK"
15546,10404235110,10404235146,1,"IOTHUB_CLIENT_CONFIRMATION_OK"
15547,10404235310,10404235350,1,"IOTHUB_CLIENT_CONFIRMATION_OK"
15548,10404235510,10404235541,1,"IOTHUB_CLIENT_CONFIRMATION_OK"
15549,10404235711,10404235748,1,"IOTHUB_CLIENT_CONFIRMATION_OK"
15550,10404235911,10404235957,1,"IOTHUB_CLIENT_CONFIRMATION_OK"
15551,10404236111,10404236139,1,"IOTHUB_CLIENT_CONFIRMATION_OK"
15552,10404236311,10404236342,1,"IOTHUB_CLIENT_CONFIRMATION_OK"
15553,10404236511,10404236543,1,"IOTHUB_CLIENT_CONFIRMATION_OK"
15554,10404236711,10404236768,1,"IOTHUB_CLIENT_CONFIRMATION_OK"
15555,10404236912,10404236955,1,"IOTHUB_CLIENT_CONFIRMATION_OK"
15556,10404237112,10404237151,1,"IOTHUB_CLIENT_CONFIRMATION_OK"
15557,10404237312,10404237383,1,"IOTHUB_CLIENT_CONFIRMATION_OK"
15558,10404237512,10404237547,1,"IOTHUB_CLIENT_CONFIRMATION_OK"
15559,10404237712,10404237771,1,"IOTHUB_CLIENT_CONFIRMATION_OK"
15560,10404237912,10404237953,1,"IOTHUB_CLIENT_CONFIRMATION_OK"
15561,10404238112,10404238166,1,"IOTHUB_CLIENT_CONFIRMATION_OK"
15562,10404238313,10404238352,1,"IOTHUB_CLIENT_CONFIRMATION_OK"
15563,10404238513,10404238565,1,"IOTHUB_CLIENT_CONFIRMATION_OK"
15564,10404238713,10404238756,1,"IOTHUB_CLIENT_CONFIRMATION_OK"
15565,10404238913,10404238955,1,"IOTHUB_CLIENT_CONFIRMATION_OK"
15566,10404239113,10404239211,1,"IOTHUB_CLIENT_CONFIRMATION_OK"
15567,10404239313,10404239348,1,"IOTHUB_CLIENT_CONFIRMATION_OK"
15568,10404239514,10404239555,1,"IOTHUB_CLIENT_CONFIRMATION_OK"
15569,10404239714,10404239818,1,"IOTHUB_CLIENT_CONFIRMATION_OK"
15570,10404239914,10404239944,1,"IOTHUB_CLIENT_CONFIRMATION_OK"
15571,10404240114,10404240143,1,"IOTHUB_CLIENT_CONFIRMATION_OK"
15572,10404240314,10404240428,1,"IOTHUB_CLIENT_CONFIRMATION_OK"
15573,10404240514,10404240616,1,"IOTHUB_CLIENT_CONFIRMATION_OK"
15574,10404240715,10404240745,1,"IOTHUB_CLIENT_CONFIRMATION_OK"
15575,10404240915,10404241075,1,"IOTHUB_CLIENT_CONFIRMATION_OK"
15576,10404241115,10404241145,1,"IOTHUB_CLIENT_CONFIRMATION_OK"
15577,10404241315,10404241355,1,"IOTHUB_CLIENT_CONFIRMATION_OK"
15578,10404241515,10404241732,1,"IOTHUB_CLIENT_CONFIRMATION_OK"
15579,10404241715,10404241753,1,"IOTHUB_CLIENT_CONFIRMATION_OK"
15580,10404241916,10404241950,1,"IOTHUB_CLIENT_CONFIRMATION_OK"
15581,10404242116,10404242146,1,"IOTHUB_CLIENT_CONFIRMATION_OK"
15582,10404242316,10404242345,1,"IOTHUB_CLIENT_CONFIRMATION_OK"
15583,10404242516,10404242547,1,"IOTHUB_CLIENT_CONFIRMATION_OK"
15584,10404242716,10404242746,1,"IOTHUB_CLIENT_CONFIRMATION_OK"
15585,10404242916,10404242987,1,"IOTHUB_CLIENT_CONFIRMATION_OK"
15586,10404243117,10404243146,1,"IOTHUB_CLIENT_CONFIRMATION_OK"
15587,10404243317,10404243356,1,"IOTHUB_CLIENT_CONFIRMATION_OK"
15588,10404243517,10404243557,1,"IOTHUB_CLIENT_CONFIRMATION_OK"
15589,10404243717,10404243754,1,"IOTHUB_CLIENT_CONFIRMATION_OK"
15590,10404243917,10404244055,1,"IOTHUB_CLIENT_CONFIRMATION_OK"
15591,10404244117,10404244155,1,"IOTHUB_CLIENT_CONFIRMATION_OK"
15592,10404244317,10404244362,1,"IOTHUB_CLIENT_CONFIRMATION_OK"
15593,10404244518,10404244553,1,"IOTHUB_CLIENT_CONFIRMATION_OK"
15594,10404244718,10404244771,1,"IOTHUB_CLIENT_CONFIRMATION_OK"
15595,10404244918,10404244948,1,"IOTHUB_CLIENT_CONFIRMATION_OK"
15596,10404245118,10404245154,1,"IOTHUB_CLIENT_CONFIRMATION_OK"
15597,10404245318,10404245370,1,"IOTHUB_CLIENT_CONFIRMATION_OK"
15598,10404245518,10404245547,1,"IOTHUB_CLIENT_CONFIRMATION_OK"
15599,10404245719,10404245749,1,"IOTHUB_CLIENT_CONFIRMATION_OK"
15600,10404245919,10404245958,1,"IOTHUB_CLIENT_CONFIRMATION_OK"
15601,10404246119,10404246155,1,"IOTHUB_CLIENT_CONFIRMATION_OK"
15602,10404246319,10404246348,1,"IOTHUB_CLIENT_CONFIRMATION_OK"
15603,10404246519,10404246551,1,"IOTHUB_CLIENT_CONFIRMATION_OK"
15604,10404246719,10404246749,1,"IOTHUB_CLIENT_CONFIRMATION_OK"
15605,10404246919,10404246951,1,"IOTHUB_CLIENT_CONFIRMATION_OK"
15606,10404247120,10404247151,1,"IOTHUB_CLIENT_CONFIRMATION_OK"
15607,10404247320,10404247475,1,"IOTHUB_CLIENT_CONFIRMATION_OK"
15608,10404247520,10404247559,1,"IOTHUB_CLIENT_CONFIRMATION_OK"
15609,10404247720,10404247759,1,"IOTHUB_CLIENT_CONFIRMATION_OK"
15610,10404247920,10404248035,1,"IOTHUB_CLIENT_CONFIRMATION_OK"
15611,10404248120,10404248150,1,"IOTHUB_CLIENT_CONFIRMATION_OK"
15612,10404248321,10404248352,1,"IOTHUB_CLIENT_CONFIRMATION_OK"
15613,10404248521,10404248679,1,"IOTHUB_CLIENT_CONFIRMATION_OK"
15614,10404248721,10404248775,1,"IOTHUB_CLIENT_CONFIRMATION_OK"
15615,10404248921,10404248971,1,"IOTHUB_CLIENT_CONFIRMATION_OK"
15616,10404249121,10404249265,1,"IOTHUB_CLIENT_CONFIRMATION_OK"
15617,10404249321,10404249352,1,"IOTHUB_CLIENT_CONFIRMATION_OK"
15618,10404249522,10404249557,1,"IOTHUB_CLIENT_CONFIRMATION_OK"
15619,10404249722,10404249751,1,"IOTHUB_CLIENT_CONFIRMATION_OK"
15620,10404249922,10404249953,1,"IOTHUB_CLIENT_CONFIRMATION_OK"
15621,10404250122,10404250150,1,"IOTHUB_CLIENT_CONFIRMATION_OK"
15622,10404250322,10404250354,1,"IOTHUB_CLIENT_CONFIRMATION_OK"
15623,10404250522,10404250550,1,"IOTHUB_CLIENT_CONFIRMATION_OK"
15624,10404250722,10404250754,1,"IOTHUB_CLIENT_CONFIRMATION_OK"
15625,10404250923,10404250958,1,"IOTHUB_CLIENT_CONFIRMATION_OK"
15626,10404251123,10404251161,1,"IOTHUB_CLIENT_CONFIRMATION_OK"
15627,10404251323,10404251363,1,"IOTHUB_CLIENT_CONFIRMATION_OK"
15628,10404251523,10404251551,1,"IOTHUB_CLIENT_CONFIRMATION_OK"
15629,10404251723,10404251764,1,"IOTHUB_CLIENT_CONFIRMATION_OK"
15630,10404251923,10404251975,1,"IOTHUB_CLIENT_CONFIRMATION_OK"
15631,10404252124,10404252154,1,"IOTHUB_CLIENT_CONFIRMATION_OK"
15632,10404252324,10404252392,1,"IOTHUB_CLIENT_CONFIRMATION_OK"
15633,10404252524,10404252580,1,"IOTHUB_CLIENT_CONFIRMATION_OK"
15634,10404252724,10404252788,1,"IOTHUB_CLIENT_CONFIRMATION_OK"
15635,10404252924,10404253025,1,"IOTHUB_CLIENT_CONFIRMATION_OK"
15636,10404253124,10404253153,1,"IOTHUB_CLIENT_CONFIRMATION_OK"
15637,10404253325,10404253359,1,"IOTHUB_CLIENT_CONFIRMATION_OK"
15638,10404253525,10404253556,1,"IOTHUB_CLIENT_CONFIRMATION_OK"
15639,10404253725,10404253758,1,"IOTHUB_CLIENT_CONFIRMATION_OK"
15640,10404253925,10404253973,1,"IOTHUB_CLIENT_CONFIRMATION_OK"
15641,10404254125,10404254171,1,"IOTHUB_CLIENT_CONFIRMATION_OK"
15642,10404254325,10404254371,1,"IOTHUB_CLIENT_CONFIRMATION_OK"
15643,10404254525,10404254577,1,"IOTHUB_CLIENT_CONFIRMATION_OK"
15644,10404254726,10404254760,1,"IOTHUB_CLIENT_CONFIRMATION_OK"
15645,10404254926,10404254974,1,"IOTHUB_CLIENT_CONFIRMATION_OK"
15646,10404255126,10404255162,1,"IOTHUB_CLIENT_CONFIRMATION_OK"
15647,10404255326,10404255361,1,"IOTHUB_CLIENT_CONFIRMATION_OK"
15648,10404255526,10404255569,1,"IOTHUB_CLIENT_CONFIRMATION_OK"
15649,10404255726,10404255773,1,"IOTHUB_CLIENT_CONFIRMATION_OK"
15650,10404255927,10404255956,1,"IOTHUB_CLIENT_CONFIRMATION_OK"
15651,10404256127,10404256178,1,"IOTHUB_CLIENT_CONFIRMATION_OK"
15652,10404256327,10404256364,1,"IOTHUB_CLIENT_CONFIRMATION_OK"
15653,10404256527,10404256555,1,"IOTHUB_CLIENT_CONFIRMATION_OK"
15654,10404256727,10404256908,1,"IOTHUB_CLIENT_CONFIRMATION_OK"
15655,10404256927,10404256957,1,"IOTHUB_CLIENT_CONFIRMATION_OK"
15656,10404257127,10404257214,1,"IOTHUB_CLIENT_CONFIRMATION_OK"
15657,10404257328,10404257399,1,"IOTHUB_CLIENT_CONFIRMATION_OK"
15658,10404257528,10404257563,1,"IOTHUB_CLIENT_CONFIRMATION_OK"
15659,10404257728,10404257764,1,"IOTHUB_CLIENT_CONFIRMATION_OK"
15660,10404257928,10404257960,1,"IOTHUB_CLIENT_CONFIRMATION_OK"
15661,10404258128,10404258165,1,"IOTHUB_CLIENT_CONFIRMATION_OK"
15662,10404258328,10404258387,1,"IOTHUB_CLIENT_CONFIRMATION_OK"
15663,10404258529,10404258581,1,"IOTHUB_CLIENT_CONFIRMATION_OK"
15664,10404258729,10404258765,1,"IOTHUB_CLIENT_CONFIRMATION_OK"
15665,10404258929,10404258963,1,"IOTHUB_CLIENT_CONFIRMATION_OK"
15666,10404259129,10404259163,1,"IOTHUB_CLIENT_CONFIRMATION_OK"
15667,10404259329,10404259435,1,"IOTHUB_CLIENT_CONFIRMATION_OK"
15668,10404259529,10404259561,1,"IOTHUB_CLIENT_CONFIRMATION_OK"
15669,10404259729,10404259763,1,"IOTHUB_CLIENT_CONFIRMATION_OK"
15670,10404259930,10404260078,1,"IOTHUB_CLIENT_CONFIRMATION_OK"
15671,10404260130,10404260163,1,"IOTHUB_CLIENT_CONFIRMATION_OK"
15672,10404260330,10404260372,1,"IOTHUB_CLIENT_CONFIRMATION_OK"
15673,10404260530,10404260772,1,"IOTHUB_CLIENT_CONFIRMATION_OK"
15674,10404260730,10404260793,1,"IOTHUB_CLIENT_CONFIRMATION_OK"
15675,10404260930,10404260961,1,"IOTHUB_CLIENT_CONFIRMATION_OK"
15676,10404261131,10404261166,1,"IOTHUB_CLIENT_CONFIRMATION_OK"
15677,10404261331,10404261378,1,"IOTHUB_CLIENT_CONFIRMATION_OK"
15678,10404261531,10404261577,1,"IOTHUB_CLIENT_CONFIRMATION_OK"
15679,10404261731,10404261769,1,"IOTHUB_CLIENT_CONFIRMATION_OK"
15680,10404261931,10404261967,1,"IOTHUB_CLIENT_CONFIRMATION_OK"
15681,10404262131,10404262166,1,"IOTHUB_CLIENT_CONFIRMATION_OK"
15682,10404262332,10404262362,1,"IOTHUB_CLIENT_CONFIRMATION_OK"
15683,10404262532,10404262574,1,"IOTHUB_CLIENT_CONFIRMATION_OK"
15684,10404262732,10404262766,1,"IOTHUB_CLIENT_CONFIRMATION_OK"
15685,10404262932,10404262965,1,"IOTHUB_CLIENT_CONFIRMATION_OK"
15686,10404263132,10404263186,1,"IOTHUB_CLIENT_CONFIRMATION_OK"
15687,10404263332,10404263363,1,"IOTHUB_CLIENT_CONFIRMATION_OK"
15688,10404263533,10404263564,1,"IOTHUB_CLIENT_CONFIRMATION_OK"
15689,10404263733,10404263853,1,"IOTHUB_CLIENT_CONFIRMATION_OK"
15690,10404263933,10404263964,1,"IOTHUB_CLIENT_CONFIRMATION_OK"
15691,10404264133,10404264164,1,"IOTHUB_CLIENT_CONFIRMATION_OK"
15692,10404264333,10404264397,1,"IOTHUB_CLIENT_CONFIRMATION_OK"
15693,10404264533,10404264562,1,"IOTHUB_CLIENT_CONFIRMATION_OK"
15694,10404264733,10404264776,1,"IOTHUB_CLIENT_CONFIRMATION_OK"
15695,10404264934,10404265009,1,"IOTHUB_CLIENT_CONFIRMATION_OK"
15696,10404265134,10404265172,1,"IOTHUB_CLIENT_CONFIRMATION_OK"
15697,10404265334,10404265363,1,"IOTHUB_CLIENT_CONFIRMATION_OK"
15698,10404265534,10404265611,1,"IOTHUB_CLIENT_CONFIRMATION_OK"
15699,10404265734,10404265769,1,"IOTHUB_CLIENT_CONFIRMATION_OK"
15700,10404265934,10404265968,1,"IOTHUB_CLIENT_CONFIRMATION_OK"
15701,10404266135,10404266165,1,"IOTHUB_CLIENT_CONFIRMATION_OK"
15702,10404266335,10404266369,1,"IOTHUB_CLIENT_CONFIRMATION_OK"
15703,10404266535,10404266564,1,"IOTHUB_CLIENT_CONFIRMATION_OK"
15704,10404266735,10404266768,1,"IOTHUB_CLIENT_CONFIRMATION_OK"
15705,10404266935,10404266976,1,"IOTHUB_CLIENT_CONFIRMATION_OK"
15706,10404267135,10404267179,1,"IOTHUB_CLIENT_CONFIRMATION_OK"
15707,10404267335,10404267366,1,"IOTHUB_CLIENT_CONFIRMATION_OK"
15708,10404267536,10404267571,1,"IOTHUB_CLIENT_CONFIRMATION_OK"
15709,10404267736,10404267780,1,"IOTHUB_CLIENT_CONFIRMATION_OK"
15710,10404267936,10404267973,1,"IOTHUB_CLIENT_CONFIRMATION_OK"
15711,10404268136,10404268178,1,"IOTHUB_CLIENT_CONFIRMATION_OK"
15712,10404268336,10404268365,1,"IOTHUB_CLIENT_CONFIRMATION_OK"
15713,10404268536,10404268576,1,"IOTHUB_CLIENT_CONFIRMATION_OK"
15714,10404268737,10404268770,1,"IOTHUB_CLIENT_CONFIRMATION_OK"
15715,10404268937,10404268976,1,"IOTHUB_CLIENT_CONFIRMATION_OK"
15716,10404269137,10404269178,1,"IOTHUB_CLIENT_CONFIRMATION_OK"
15717,10404269337,10404269370,1,"IOTHUB_CLIENT_CONFIRMATION_OK"
15718,10404269537,10404269586,1,"IOTHUB_CLIENT_CONFIRMATION_OK"
15719,10404269737,10404269771,1,"IOTHUB_CLIENT_CONFIRMATION_OK"
15720,10404269938,10404269972,1,"IOTHUB_CLIENT_CONFIRMATION_OK"
15721,10404270138,10404270180,1,"IOTHUB_CLIENT_CONFIRMATION_OK"
15722,10404270338,10404270381,1,"IOTHUB_CLIENT_CONFIRMATION_OK"
15723,10404270538,10404270571,1,"IOTHUB_CLIENT_CONFIRMATION_OK"
15724,10404270738,10404270776,1,"IOTHUB_CLIENT_CONFIRMATION_OK"
15725,10404270938,10404270997,1,"IOTHUB_CLIENT_CONFIRMATION_OK"
15726,10404271138,10404271168,1,"IOTHUB_CLIENT_CONFIRMATION_OK"
15727,10404271339,10404271367,1,"IOTHUB_CLIENT_CONFIRMATION_OK"
15728,10404271539,10404271584,1,"IOTHUB_CLIENT_CONFIRMATION_OK"
15729,10404271739,10404271774,1,"IOTHUB_CLIENT_CONFIRMATION_OK"
15730,10404271939,10404272058,1,"IOTHUB_CLIENT_CONFIRMATION_OK"
15731,10404272139,10404272170,1,"IOTHUB_CLIENT_CONFIRMATION_OK"
15732,10404272339,10404272371,1,"IOTHUB_CLIENT_CONFIRMATION_OK"
15733,10404272540,10404272677,1,"IOTHUB_CLIENT_CONFIRMATION_OK"
15734,10404272740,10404272770,1,"IOTHUB_CLIENT_CONFIRMATION_OK"
15735,10404272940,10404272970,1,"IOTHUB_CLIENT_CONFIRMATION_OK"
15736,10404273140,10404273272,1,"IOTHUB_CLIENT_CONFIRMATION_OK"
15737,10404273340,10404273381,1,"IOTHUB_CLIENT_CONFIRMATION_OK"
15738,10404273540,10404273584,1,"IOTHUB_CLIENT_CONFIRMATION_OK"
15739,10404273741,10404273770,1,"IOTHUB_CLIENT_CONFIRMATION_OK"
15740,10404273941,10404273970,1,"IOTHUB_CLIENT_CONFIRMATION_OK"
15741,10404274141,10404274176,1,"IOTHUB_CLIENT_CONFIRMATION_OK"
15742,10404274341,10404274374,1,"IOTHUB_CLIENT_CONFIRMATION_OK"
15743,10404274541,10404274575,1,"IOTHUB_CLIENT_CONFIRMATION_OK"
15744,10404274741,10404274791,1,"IOTHUB_CLIENT_CONFIRMATION_OK"
15745,10404274942,10404274990,1,"IOTHUB_CLIENT_CONFIRMATION_OK"
15746,10404275142,10404275170,1,"IOTHUB_CLIENT_CONFIRMATION_OK"
15747,10404275342,10404275376,1,"IOTHUB_CLIENT_CONFIRMATION_OK"
15748,10404275542,10404275571,1,"IOTHUB_CLIENT_CONFIRMATION_OK"
15749,10404275742,10404275778,1,"IOTHUB_CLIENT_CONFIRMATION_OK"
15750,10404275942,10404275979,1,"IOTHUB_CLIENT_CONFIRMATION_OK"
15751,10404276142,10404276172,1,"IOTHUB_CLIENT_CONFIRMATION_OK"
15752,10404276343,10404276456,1,"IOTHUB_CLIENT_CONFIRMATION_OK"
15753,10404276543,10404276573,1,"IOTHUB_CLIENT_CONFIRMATION_OK"
15754,10404276743,10404276774,1,"IOTHUB_CLIENT_CONFIRMATION_OK"
15755,10404276943,10404277073,1,"IOTHUB_CLIENT_CONFIRMATION_OK"
15756,10404277143,10404277172,1,"IOTHUB_CLIENT_CONFIRMATION_OK"
15757,10404277343,10404277380,1,"IOTHUB_CLIENT_CONFIRMATION_OK"
15758,10404277544,10404277666,1,"IOTHUB_CLIENT_CONFIRMATION_OK"
15759,10404277744,10404277773,1,"IOTHUB_CLIENT_CONFIRMATION_OK"
15760,10404277944,10404277977,1,"IOTHUB_CLIENT_CONFIRMATION_OK"
15761,10404278144,10404278180,1,"IOTHUB_CLIENT_CONFIRMATION_OK"
15762,10404278344,10404278393,1,"IOTHUB_CLIENT_CONFIRMATION_OK"
15763,10404278544,10404278574,1,"IOTHUB_CLIENT_CONFIRMATION_OK"
15764,10404278745,10404278779,1,"IOTHUB_CLIENT_CONFIRMATION_OK"
15765,10404278945,10404278974,1,"IOTHUB_CLIENT_CONFIRMATION_OK"
15766,10404279145,10404279176,1,"IOTHUB_CLIENT_CONFIRMATION_OK"
15767,10404279345,10404279375,1,"IOTHUB_CLIENT_CONFIRMATION_OK"
15768,10404279545,10404279580,1,"IOTHUB_CLIENT_CONFIRMATION_OK"
15769,10404279745,10404279775,1,"IOTHUB_CLIENT_CONFIRMATION_OK"
15770,10404279945,10404279980,1,"IOTHUB_CLIENT_CONFIRMATION_OK"
15771,10404280146,10404280176,1,"IOTHUB_CLIENT_CONFIRMATION_OK"
15772,10404280346,10404280380,1,"IOTHUB_CLIENT_CONFIRMATION_OK"
15773,10404280546,10404280580,1,"IOTHUB_CLIENT_CONFIRMATION_OK"
15774,10404280746,10404280778,1,"IOTHUB_CLIENT_CONFIRMATION_OK"
15775,10404280946,10404280985,1,"IOTHUB_CLIENT_CONFIRMATION_OK"
15776,10404281146,10404281191,1,"IOTHUB_CLIENT_CONFIRMATION_OK"
15777,10404281347,10404281381,1,"IOTHUB_CLIENT_CONFIRMATION_OK"
15778,10404281547,10404281591,1,"IOTHUB_CLIENT_CONFIRMATION_OK"
15779,10404281747,10404281780,1,"IOTHUB_CLIENT_CONFIRMATION_OK"
15780,10404281947,10404281987,1,"IOTHUB_CLIENT_CONFIRMATION_OK"
15781,10404282147,10404282191,1,"IOTHUB_CLIENT_CONFIRMATION_OK"
15782,10404282347,10404282378,1,"IOTHUB_CLIENT_CONFIRMATION_OK"
15783,10404282548,10404282577,1,"IOTHUB_CLIENT_CONFIRMATION_OK"
15784,10404282748,10404282807,1,"IOTHUB_CLIENT_CONFIRMATION_OK"
15785,10404282948,10404282976,1,"IOTHUB_CLIENT_CONFIRMATION_OK"
15786,10404283148,10404283180,1,"IOTHUB_CLIENT_CONFIRMATION_OK"
15787,10404283348,10404283406,1,"IOTHUB_CLIENT_CONFIRMATION_OK"
15788,10404283548,10404283605,1,"IOTHUB_CLIENT_CONFIRMATION_OK"
15789,10404283749,10404283781,1,"IOTHUB_CLIENT_CONFIRMATION_OK"
15790,10404283949,10404284006,1,"IOTHUB_CLIENT_CONFIRMATION_OK"
15791,10404284149,10404284182,1,"IOTHUB_CLIENT_CONFIRMATION_OK"
15792,10404284349,10404284386,1,"IOTHUB_CLIENT_CONFIRMATION_OK"
15793,10404284549,10404284624,1,"IOTHUB_CLIENT_CONFIRMATION_OK"
15794,10404284749,10404284785,1,"IOTHUB_CLIENT_CONFIRMATION_OK"
15795,10404284950,10404284994,1,"IOTHUB_CLIENT_CONFIRMATION_OK"
15796,10404285150,10404285223,1,"IOTHUB_CLIENT_CONFIRMATION_OK"
15797,10404285350,10404285382,1,"IOTHUB_CLIENT_CONFIRMATION_OK"
15798,10404285550,10404285580,1,"IOTHUB_CLIENT_CONFIRMATION_OK"
15799,10404285750,10404285781,1,"IOTHUB_CLIENT_CONFIRMATION_OK"
15800,10404285950,10404285982,1,"IOTHUB_CLIENT_CONFIRMATION_OK"
15801,10404286151,10404286190,1,"IOTHUB_CLIENT_CONFIRMATION_OK"
15802,10404286351,10404286393,1,"IOTHUB_CLIENT_CONFIRMATION_OK"
15803,10404286551,10404286603,1,"IOTHUB_CLIENT_CONFIRMATION_OK"
15804,10404286751,10404286787,1,"IOTHUB_CLIENT_CONFIRMATION_OK"
15805,10404286951,10404286980,1,"IOTHUB_CLIENT_CONFIRMATION_OK"
15806,10404287151,10404287182,1,"IOTHUB_CLIENT_CONFIRMATION_OK"
15807,10404287351,10404287419,1,"IOTHUB_CLIENT_CONFIRMATION_OK"
15808,10404287552,10404287613,1,"IOTHUB_CLIENT_CONFIRMATION_OK"
15809,10404287752,10404287784,1,"IOTHUB_CLIENT_CONFIRMATION_OK"
15810,10404287952,10404287987,1,"IOTHUB_CLIENT_CONFIRMATION_OK"
15811,10404288152,10404288181,1,"IOTHUB_CLIENT_CONFIRMATION_OK"
15812,10404288352,10404288393,1,"IOTHUB_CLIENT_CONFIRMATION_OK"
15813,10404288552,10404288595,1,"IOTHUB_CLIENT_CONFIRMATION_OK"
15814,10404288753,10404288781,1,"IOTHUB_CLIENT_CONFIRMATION_OK"
15815,10404288953,10404289004,1,"IOTHUB_CLIENT_CONFIRMATION_OK"
15816,10404289153,10404289237,1,"IOTHUB_CLIENT_CONFIRMATION_OK"
15817,10404289353,10404289382,1,"IOTHUB_CLIENT_CONFIRMATION_OK"
15818,10404289553,10404289685,1,"IOTHUB_CLIENT_CONFIRMATION_OK"
15819,10404289753,10404289782,1,"IOTHUB_CLIENT_CONFIRMATION_OK"
15820,10404289953,10404289985,1,"IOTHUB_CLIENT_CONFIRMATION_OK"
15821,10404290154,10404290186,1,"IOTHUB_CLIENT_CONFIRMATION_OK"
15822,10404290354,10404290394,1,"IOTHUB_CLIENT_CONFIRMATION_OK"
15823,10404290554,10404290590,1,"IOTHUB_CLIENT_CONFIRMATION_OK"
15824,10404290754,10404290788,1,"IOTHUB_CLIENT_CONFIRMATION_OK"
15825,10404290954,10404290990,1,"IOTHUB_CLIENT_CONFIRMATION_OK"
15826,10404291154,10404291189,1,"IOTHUB_CLIENT_CONFIRMATION_OK"
15827,10404291355,10404291399,1,"IOTHUB_CLIENT_CONFIRMATION_OK"
15828,10404291555,10404291598,1,"IOTHUB_CLIENT_CONFIRMATION_OK"
15829,10404291755,10404291807,1,"IOTHUB_CLIENT_CONFIRMATION_OK"
15830,10404291955,10404291987,1,"IOTHUB_CLIENT_CONFIRMATION_OK"
15831,10404292155,10404292220,1,"IOTHUB_CLIENT_CONFIRMATION_OK"
15832,10404292355,10404292389,1,"IOTHUB_CLIENT_CONFIRMATION_OK"
15833,10404292555,10404292600,1,"IOTHUB_CLIENT_CONFIRMATION_OK"
15834,10404292756,10404292929,1,"IOTHUB_CLIENT_CONFIRMATION_OK"
15835,10404292956,10404293004,1,"IOTHUB_CLIENT_CONFIRMATION_OK"
15836,10404293156,10404293191,1,"IOTHUB_CLIENT_CONFIRMATION_OK"
15837,10404293356,10404293542,1,"IOTHUB_CLIENT_CONFIRMATION_OK"
15838,10404293556,10404293604,1,"IOTHUB_CLIENT_CONFIRMATION_OK"
15839,10404293756,10404293786,1,"IOTHUB_CLIENT_CONFIRMATION_OK"
15840,10404293957,10404294004,1,"IOTHUB_CLIENT_CONFIRMATION_OK"
15841,10404294157,10404294199,1,"IOTHUB_CLIENT_CONFIRMATION_OK"
15842,10404294357,10404294386,1,"IOTHUB_CLIENT_CONFIRMATION_OK"
15843,10404294557,10404294590,1,"IOTHUB_CLIENT_CONFIRMATION_OK"
15844,10404294757,10404294792,1,"IOTHUB_CLIENT_CONFIRMATION_OK"
15845,10404294957,10404295015,1,"IOTHUB_CLIENT_CONFIRMATION_OK"
15846,10404295158,10404295188,1,"IOTHUB_CLIENT_CONFIRMATION_OK"
15847,10404295358,10404295398,1,"IOTHUB_CLIENT_CONFIRMATION_OK"
15848,10404295558,10404295588,1,"IOTHUB_CLIENT_CONFIRMATION_OK"
15849,10404295758,10404295790,1,"IOTHUB_CLIENT_CONFIRMATION_OK"
15850,10404295958,10404295991,1,"IOTHUB_CLIENT_CONFIRMATION_OK"
15851,10404296158,10404296188,1,"IOTHUB_CLIENT_CONFIRMATION_OK"
15852,10404296359,10404296419,1,"IOTHUB_CLIENT_CONFIRMATION_OK"
15853,10404296559,10404296599,1,"IOTHUB_CLIENT_CONFIRMATION_OK"
15854,10404296759,10404296795,1,"IOTHUB_CLIENT_CONFIRMATION_OK"
15855,10404296959,10404296989,1,"IOTHUB_CLIENT_CONFIRMATION_OK"
15856,10404297159,10404297281,1,"IOTHUB_CLIENT_CONFIRMATION_OK"
15857,10404297359,10404297393,1,"IOTHUB_CLIENT_CONFIRMATION_OK"
15858,10404297559,10404297591,1,"IOTHUB_CLIENT_CONFIRMATION_OK"
15859,10404297760,10404297795,1,"IOTHUB_CLIENT_CONFIRMATION_OK"
15860,10404297960,10404297992,1,"IOTHUB_CLIENT_CONFIRMATION_OK"
15861,10404298160,10404298195,1,"IOTHUB_CLIENT_CONFIRMATION_OK"
15862,10404298360,10404298418,1,"IOTHUB_CLIENT_CONFIRMATION_OK"
15863,10404298560,10404298594,1,"IOTHUB_CLIENT_CONFIRMATION_OK"
15864,10404298760,10404298791,1,"IOTHUB_CLIENT_CONFIRMATION_OK"
15865,10404298961,10404298993,1,"IOTHUB_CLIENT_CONFIRMATION_OK"
15866,10404299161,10404299209,1,"IOTHUB_CLIENT_CONFIRMATION_OK"
15867,10404299361,10404299399,1,"IOTHUB_CLIENT_CONFIRMATION_OK"
15868,10404299561,10404299593,1,"IOTHUB_CLIENT_CONFIRMATION_OK"
15869,10404299761,10404299794,1,"IOTHUB_CLIENT_CONFIRMATION_OK"
15870,10404299961,10404299994,1,"IOTHUB_CLIENT_CONFIRMATION_OK"
15871,10404300162,10404300202,1,"IOTHUB_CLIENT_CONFIRMATION_OK"
15872,10404300362,10404300406,1,"IOTHUB_CLIENT_CONFIRMATION_OK"
15873,10404300562,10404300600,1,"IOTHUB_CLIENT_CONFIRMATION_OK"
15874,10404300762,10404300794,1,"IOTHUB_CLIENT_CONFIRMATION_OK"
15875,10404300962,10404300993,1,"IOTHUB_CLIENT_CONFIRMATION_OK"
15876,10404301162,10404301199,1,"IOTHUB_CLIENT_CONFIRMATION_OK"
15877,10404301362,10404301395,1,"IOTHUB_CLIENT_CONFIRMATION_OK"
15878,10404301563,10404301766,1,"IOTHUB_CLIENT_CONFIRMATION_OK"
15879,10404301763,10404301794,1,"IOTHUB_CLIENT_CONFIRMATION_OK"
15880,10404301963,10404301994,1,"IOTHUB_CLIENT_CONFIRMATION_OK"
15881,10404302163,10404302217,1,"IOTHUB_CLIENT_CONFIRMATION_OK"
15882,10404302363,10404302401,1,"IOTHUB_CLIENT_CONFIRMATION_OK"
15883,10404302563,10404302604,1,"IOTHUB_CLIENT_CONFIRMATION_OK"
15884,10404302764,10404302795,1,"IOTHUB_CLIENT_CONFIRMATION_OK"
15885,10404302964,10404303026,1,"IOTHUB_CLIENT_CONFIRMATION_OK"
15886,10404303164,10404303205,1,"IOTHUB_CLIENT_CONFIRMATION_OK"
15887,10404303364,10404303398,1,"IOTHUB_CLIENT_CONFIRMATION_OK"
15888,10404303564,10404303657,1,"IOTHUB_CLIENT_CONFIRMATION_OK"
15889,10404303764,10404303819,1,"IOTHUB_CLIENT_CONFIRMATION_OK"
15890,10404303965,10404303998,1,"IOTHUB_CLIENT_CONFIRMATION_OK"
15891,10404304165,10404304232,1,"IOTHUB_CLIENT_CONFIRMATION_OK"
15892,10404304365,10404304416,1,"IOTHUB_CLIENT_CONFIRMATION_OK"
15893,10404304565,10404304598,1,"IOTHUB_CLIENT_CONFIRMATION_OK"
15894,10404304765,10404304839,1,"IOTHUB_CLIENT_CONFIRMATION_OK"
15895,10404304965,10404304999,1,"IOTHUB_CLIENT_CONFIRMATION_OK"
15896,10404305166,10404305205,1,"IOTHUB_CLIENT_CONFIRMATION_OK"
15897,10404305366,10404305447,1,"IOTHUB_CLIENT_CONFIRMATION_OK"
15898,10404305566,10404305603,1,"IOTHUB_CLIENT_CONFIRMATION_OK"
15899,10404305766,10404305799,1,"IOTHUB_CLIENT_CONFIRMATION_OK"
15900,10404305966,10404305996,1,"IOTHUB_CLIENT_CONFIRMATION_OK"
15901,10404306166,10404306197,1,"IOTHUB_CLIENT_CONFIRMATION_OK"
15902,10404306366,10404306398,1,"IOTHUB_CLIENT_CONFIRMATION_OK"
15903,10404306567,10404306597,1,"IOTHUB_CLIENT_CONFIRMATION_OK"
15904,10404306767,10404306803,1,"IOTHUB_CLIENT_CONFIRMATION_OK"
15905,10404306967,10404307000,1,"IOTHUB_CLIENT_CONFIRMATION_OK"
15906,10404307167,10404307202,1,"IOTHUB_CLIENT_CONFIRMATION_OK"
15907,10404307367,10404307462,1,"IOTHUB_CLIENT_CONFIRMATION_OK"
15908,10404307567,10404307600,1,"IOTHUB_CLIENT_CONFIRMATION_OK"
15909,10404307768,10404307796,1,"IOTHUB_CLIENT_CONFIRMATION_OK"
15910,10404307968,10404308002,1,"IOTHUB_CLIENT_CONFIRMATION_OK"
15911,10404308168,10404308198,1,"IOTHUB_CLIENT_CONFIRMATION_OK"
15912,10404308368,10404308425,1,"IOTHUB_CLIENT_CONFIRMATION_OK"
15913,10404308568,10404308600,1,"IOTHUB_CLIENT_CONFIRMATION_OK"
15914,10404308768,10404308811,1,"IOTHUB_CLIENT_CONFIRMATION_OK"
15915,10404308968,10404309005,1,"IOTHUB_CLIENT_CONFIRMATION_OK"
15916,10404309169,10404309366,1,"IOTHUB_CLIENT_CONFIRMATION_OK"
15917,10404309369,10404309425,1,"IOTHUB_CLIENT_CONFIRMATION_OK"
15918,10404309569,10404309603,1,"IOTHUB_CLIENT_CONFIRMATION_OK"
15919,10404309769,10404309813,1,"IOTHUB_CLIENT_CONFIRMATION_OK"
15920,10404309969,10404310029,1,"IOTHUB_CLIENT_CONFIRMATION_OK"
15921,10404310169,10404310204,1,"IOTHUB_CLIENT_CONFIRMATION_OK"
15922,10404310370,10404310428,1,"IOTHUB_CLIENT_CONFIRMATION_OK"
15923,10404310570,10404310659,1,"IOTHUB_CLIENT_CONFIRMATION_OK"
15924,10404310770,10404310814,1,"IOTHUB_CLIENT_CONFIRMATION_OK"
15925,10404310970,10404311012,1,"IOTHUB_CLIENT_CONFIRMATION_OK"
15926,10404311170,10404311203,1,"IOTHUB_CLIENT_CONFIRMATION_OK"
15927,10404311370,10404311400,1,"IOTHUB_CLIENT_CONFIRMATION_OK"
15928,10404311571,10404311618,1,"IOTHUB_CLIENT_CONFIRMATION_OK"
15929,10404311771,10404311887,1,"IOTHUB_CLIENT_CONFIRMATION_OK"
15930,10404311971,10404312015,1,"IOTHUB_CLIENT_CONFIRMATION_OK"
15931,10404312171,10404312200,1,"IOTHUB_CLIENT_CONFIRMATION_OK"
15932,10404312371,10404312495,1,"IOTHUB_CLIENT_CONFIRMATION_OK"
15933,10404312571,10404312602,1,"IOTHUB_CLIENT_CONFIRMATION_OK"
15934,10404312772,10404312803,1,"IOTHUB_CLIENT_CONFIRMATION_OK"
15935,10404312972,10404313120,1,"IOTHUB_CLIENT_CONFIRMATION_OK"
15936,10404313172,10404313207,1,"IOTHUB_CLIENT_CONFIRMATION_OK"
15937,10404313372,10404313404,1,"IOTHUB_CLIENT_CONFIRMATION_OK"
15938,10404313572,10404313769,1,"IOTHUB_CLIENT_CONFIRMATION_OK"
15939,10404313772,10404313802,1,"IOTHUB_CLIENT_CONFIRMATION_OK"
15940,10404313972,10404314006,1,"IOTHUB_CLIENT_CONFIRMATION_OK"
15941,10404314173,10404314209,1,"IOTHUB_CLIENT_CONFIRMATION_OK"
15942,10404314373,10404314403,1,"IOTHUB_CLIENT_CONFIRMATION_OK"
15943,10404314573,10404314604,1,"IOTHUB_CLIENT_CONFIRMATION_OK"
15944,10404314773,10404314821,1,"IOTHUB_CLIENT_CONFIRMATION_OK"
15945,10404314973,10404315007,1,"IOTHUB_CLIENT_CONFIRMATION_OK"
15946,10404315173,10404315227,1,"IOTHUB_CLIENT_CONFIRMATION_OK"
15947,10404315374,10404315402,1,"IOTHUB_CLIENT_CONFIRMATION_OK"
15948,10404315574,10404315616,1,"IOTHUB_CLIENT_CONFIRMATION_OK"
15949,10404315774,10404315826,1,"IOTHUB_CLIENT_CONFIRMATION_OK"
15950,10404315974,10404316009,1,"IOTHUB_CLIENT_CONFIRMATION_OK"
15951,10404316174,10404316224,1,"IOTHUB_CLIENT_CONFIRMATION_OK"
15952,10404316374,10404316408,1,"IOTHUB_CLIENT_CONFIRMATION_OK"
15953,10404316575,10404316605,1,"IOTHUB_CLIENT_CONFIRMATION_OK"
15954,10404316775,10404316806,1,"IOTHUB_CLIENT_CONFIRMATION_OK"
15955,10404316975,10404317093,1,"IOTHUB_CLIENT_CONFIRMATION_OK"
15956,10404317175,10404317208,1,"IOTHUB_CLIENT_CONFIRMATION_OK"
15957,10404317375,10404317508,1,"IOTHUB_CLIENT_CONFIRMATION_OK"
15958,10404317575,10404317603,1,"IOTHUB_CLIENT_CONFIRMATION_OK"
15959,10404317775,10404317809,1,"IOTHUB_CLIENT_CONFIRMATION_OK"
15960,10404317976,10404318016,1,"IOTHUB_CLIENT_CONFIRMATION_OK"
15961,10404318176,10404318212,1,"IOTHUB_CLIENT_CONFIRMATION_OK"
15962,10404318376,10404318406,1,"IOTHUB_CLIENT_CONFIRMATION_OK"
15963,10404318576,10404318609,1,"IOTHUB_CLIENT_CONFIRMATION_OK"
15964,10404318776,10404318827,1,"IOTHUB_CLIENT_CONFIRMATION_OK"
15965,10404318976,10404319018,1,"IOTHUB_CLIENT_CONFIRMATION_OK"
15966,10404319177,10404319208,1,"IOTHUB_CLIENT_CONFIRMATION_OK"
15967,10404319377,10404319408,1,"IOTHUB_CLIENT_CONFIRMATION_OK"
15968,10404319577,10404319616,1,"IOTHUB_CLIENT_CONFIRMATION_OK"
15969,10404319777,10404319814,1,"IOTHUB_CLIENT_CONFIRMATION_OK"
15970,10404319977,10404320016,1,"IOTHUB_CLIENT_CONFIRMATION_OK"
15971,10404320177,10404320211,1,"IOTHUB_CLIENT_CONFIRMATION_OK"
15972,10404320378,10404320415,1,"IOTHUB_CLIENT_CONFIRMATION_OK"
15973,10404320578,10404320750,1,"IOTHUB_CLIENT_CONFIRMATION_OK"
15974,10404320778,10404320819,1,"IOTHUB_CLIENT_CONFIRMATION_OK"
15975,10404320978,10404321008,1,"IOTHUB_CLIENT_CONFIRMATION_OK"
15976,10404321178,10404321374,1,"IOTHUB_CLIENT_CONFIRMATION_OK"
15977,10404321378,10404321426,1,"IOTHUB_CLIENT_CONFIRMATION_OK"
15978,10404321579,10404321627,1,"IOTHUB_CLIENT_CONFIRMATION_OK"
15979,10404321779,10404321963,1,"IOTHUB_CLIENT_CONFIRMATION_OK"
15980,10404321979,10404322015,1,"IOTHUB_CLIENT_CONFIRMATION_OK"
15981,10404322179,10404322209,1,"IOTHUB_CLIENT_CONFIRMATION_OK"
15982,10404322379,10404322409,1,"IOTHUB_CLIENT_CONFIRMATION_OK"
15983,10404322579,10404322613,1,"IOTHUB_CLIENT_CONFIRMATION_OK"
15984,10404322780,10404322810,1,"IOTHUB_CLIENT_CONFIRMATION_OK"
15985,10404322980,10404323016,1,"IOTHUB_CLIENT_CONFIRMATION_OK"
15986,10404323180,10404323224,1,"IOTHUB_CLIENT_CONFIRMATION_OK"
15987,10404323380,10404323421,1,"IOTHUB_CLIENT_CONFIRMATION_OK"
15988,10404323580,10404323630,1,"IOTHUB_CLIENT_CONFIRMATION_OK"
15989,10404323780,10404323821,1,"IOTHUB_CLIENT_CONFIRMATION_OK"
15990,10404323980,10404324011,1,"IOTHUB_CLIENT_CONFIRMATION_OK"
15991,10404324181,10404324217,1,"IOTHUB_CLIENT_CONFIRMATION_OK"
15992,10404324381,10404324460,1,"IOTHUB_CLIENT_CONFIRMATION_OK"
15993,10404324581,10404324623,1,"IOTHUB_CLIENT_CONFIRMATION_OK"
15994,10404324781,10404324814,1,"IOTHUB_CLIENT_CONFIRMATION_OK"
15995,10404324981,10404325069,1,"IOTHUB_CLIENT_CONFIRMATION_OK"
15996,10404325181,10404325245,1,"IOTHUB_CLIENT_CONFIRMATION_OK"
15997,10404325382,10404325414,1,"IOTHUB_CLIENT_CONFIRMATION_OK"
15998,10404325582,10404325708,1,"IOTHUB_CLIENT_CONFIRMATION_OK"
15999,10404325782,10404325832,1,"IOTHUB_CLIENT_CONFIRMATION_OK"
16000,10404325982,10404326023,1,"IOTHUB_CLIENT_CONFIRMATION_OK"
16001,10404326182,10404326221,1,"IOTHUB_CLIENT_CONFIRMATION_OK"
16002,10404326382,10404326427,1,"IOTHUB_CLIENT_CONFIRMATION_OK"
16003,10404326583,10404326712,1,"IOTHUB_CLIENT_CONFIRMATION_OK"
16004,10404326783,10404326818,1,"IOTHUB_CLIENT_CONFIRMATION_OK"
16005,10404326983,10404327026,1,"IOTHUB_CLIENT_CONFIRMATION_OK"
16006,10404327183,10404327229,1,"IOTHUB_CLIENT_CONFIRMATION_OK"
16007,10404327383,10404327421,1,"IOTHUB_CLIENT_CONFIRMATION_OK"
16008,10404327583,10404327627,1,"IOTHUB_CLIENT_CONFIRMATION_OK"
16009,10404327783,10404327830,1,"IOTHUB_CLIENT_CONFIRMATION_OK"
16010,10404327984,10404328016,1,"IOTHUB_CLIENT_CONFIRMATION_OK"
16011,10404328184,10404328216,1,"IOTHUB_CLIENT_CONFIRMATION_OK"
16012,10404328384,10404328420,1,"IOTHUB_CLIENT_CONFIRMATION_OK"
16013,10404328584,10404328627,1,"IOTHUB_CLIENT_CONFIRMATION_OK"
16014,10404328784,10404328993,1,"IOTHUB_CLIENT_CONFIRMATION_OK"
16015,10404328984,10404329026,1,"IOTHUB_CLIENT_CONFIRMATION_OK"
16016,10404329185,10404329225,1,"IOTHUB_CLIENT_CONFIRMATION_OK"
16017,10404329385,10404329592,1,"IOTHUB_CLIENT_CONFIRMATION_OK"
16018,10404329585,10404329623,1,"IOTHUB_CLIENT_CONFIRMATION_OK"
16019,10404329785,10404329818,1,"IOTHUB_CLIENT_CONFIRMATION_OK"
16020,10404329985,10404330016,1,"IOTHUB_CLIENT_CONFIRMATION_OK"
16021,10404330185,10404330227,1,"IOTHUB_CLIENT_CONFIRMATION_OK"
16022,10404330386,10404330428,1,"IOTHUB_CLIENT_CONFIRMATION_OK"
16023,10404330586,10404330635,1,"IOTHUB_CLIENT_CONFIRMATION_OK"
16024,10404330786,10404330834,1,"IOTHUB_CLIENT_CONFIRMATION_OK"
16025,10404330986,10404331022,1,"IOTHUB_CLIENT_CONFIRMATION_OK"
16026,10404331186,10404331227,1,"IOTHUB_CLIENT_CONFIRMATION_OK"
16027,10404331386,10404331427,1,"IOTHUB_CLIENT_CONFIRMATION_OK"
16028,10404331587,10404331625,1,"IOTHUB_CLIENT_CONFIRMATION_OK"
16029,10404331787,10404331837,1,"IOTHUB_CLIENT_CONFIRMATION_OK"
16030,10404331987,10404332065,1,"IOTHUB_CLIENT_CONFIRMATION_OK"
16031,10404332187,10404332221,1,"IOTHUB_CLIENT_CONFIRMATION_OK"
16032,10404332387,10404332421,1,"IOTHUB_CLIENT_CONFIRMATION_OK"
16033,10404332587,10404332681,1,"IOTHUB_CLIENT_CONFIRMATION_OK"
16034,10404332787,10404332822,1,"IOTHUB_CLIENT_CONFIRMATION_OK"
16035,10404332988,10404333040,1,"IOTHUB_CLIENT_CONFIRMATION_OK"
16036,10404333188,10404333283,1,"IOTHUB_CLIENT_CONFIRMATION_OK"
16037,10404333388,10404333423,1,"IOTHUB_CLIENT_CONFIRMATION_OK"
16038,10404333588,10404333627,1,"IOTHUB_CLIENT_CONFIRMATION_OK"
16039,10404333788,10404333823,1,"IOTHUB_CLIENT_CONFIRMATION_OK"
16040,10404333988,10404334022,1,"IOTHUB_CLIENT_CONFIRMATION_OK"
16041,10404334189,10404334223,1,"IOTHUB_CLIENT_CONFIRMATION_OK"
16042,10404334389,10404334426,1,"IOTHUB_CLIENT_CONFIRMATION_OK"
16043,10404334589,10404334624,1,"IOTHUB_CLIENT_CONFIRMATION_OK"
16044,10404334789,10404334825,1,"IOTHUB_CLIENT_CONFIRMATION_OK"
16045,10404334989,10404335036,1,"IOTHUB_CLIENT_CONFIRMATION_OK"
16046,10404335189,10404335225,1,"IOTHUB_CLIENT_CONFIRMATION_OK"
16047,10404335390,10404335423,1,"IOTHUB_CLIENT_CONFIRMATION_OK"
16048,10404335590,10404335642,1,"IOTHUB_CLIENT_CONFIRMATION_OK"
16049,10404335790,10404335848,1,"IOTHUB_CLIENT_CONFIRMATION_OK"
16050,10404335990,10404336030,1,"IOTHUB_CLIENT_CONFIRMATION_OK"
16051,10404336190,10404336221,1,"IOTHUB_CLIENT_CONFIRMATION_OK"
16052,10404336390,10404336450,1,"IOTHUB_CLIENT_CONFIRMATION_OK"
16053,10404336590,10404336635,1,"IOTHUB_CLIENT_CONFIRMATION_OK"
16054,10404336791,10404336822,1,"IOTHUB_CLIENT_CONFIRMATION_OK"
16055,10404336991,10404337061,1,"IOTHUB_CLIENT_CONFIRMATION_OK"
16056,10404337191,10404337225,1,"IOTHUB_CLIENT_CONFIRMATION_OK"
16057,10404337391,10404337470,1,"IOTHUB_CLIENT_CONFIRMATION_OK"
16058,10404337591,10404337682,1,"IOTHUB_CLIENT_CONFIRMATION_OK"
16059,10404337791,10404337826,1,"IOTHUB_CLIENT_CONFIRMATION_OK"
16060,10404337991,10404338023,1,"IOTHUB_CLIENT_CONFIRMATION_OK"
16061,10404338192,10404338226,1,"IOTHUB_CLIENT_CONFIRMATION_OK"
16062,10404338392,10404338427,1,"IOTHUB_CLIENT_CONFIRMATION_OK"
16063,10404338592,10404338653,1,"IOTHUB_CLIENT_CONFIRMATION_OK"
16064,10404338792,10404338829,1,"IOTHUB_CLIENT_CONFIRMATION_OK"
16065,10404338992,10404339024,1,"IOTHUB_CLIENT_CONFIRMATION_OK"
16066,10404339192,10404339224,1,"IOTHUB_CLIENT_CONFIRMATION_OK"
16067,10404339393,10404339436,1,"IOTHUB_CLIENT_CONFIRMATION_OK"
16068,10404339593,10404339629,1,"IOTHUB_CLIENT_CONFIRMATION_OK"
16069,10404339793,10404339825,1,"IOTHUB_CLIENT_CONFIRMATION_OK"
16070,10404339993,10404340022,1,"IOTHUB_CLIENT_CONFIRMATION_OK"
16071,10404340193,10404340232,1,"IOTHUB_CLIENT_CONFIRMATION_OK"
16072,10404340393,10404340429,1,"IOTHUB_CLIENT_CONFIRMATION_OK"
16073,10404340594,10404340632,1,"IOTHUB_CLIENT_CONFIRMATION_OK"
16074,10404340794,10404341068,1,"IOTHUB_CLIENT_CONFIRMATION_OK"
16075,10404340994,10404341094,1,"IOTHUB_CLIENT_CONFIRMATION_OK"
16076,10404341194,10404341227,1,"IOTHUB_CLIENT_CONFIRMATION_OK"
16077,10404341394,10404341617,1,"IOTHUB_CLIENT_CONFIRMATION_OK"
16078,10404341594,10404341625,1,"IOTHUB_CLIENT_CONFIRMATION_OK"
16079,10404341795,10404341840,1,"IOTHUB_CLIENT_CONFIRMATION_OK"
16080,10404341995,10404342044,1,"IOTHUB_CLIENT_CONFIRMATION_OK"
16081,10404342195,10404342233,1,"IOTHUB_CLIENT_CONFIRMATION_OK"
16082,10404342395,10404342433,1,"IOTHUB_CLIENT_CONFIRMATION_OK"
16083,10404342595,10404342628,1,"IOTHUB_CLIENT_CONFIRMATION_OK"
16084,10404342795,10404342853,1,"IOTHUB_CLIENT_CONFIRMATION_OK"
16085,10404342995,10404343038,1,"IOTHUB_CLIENT_CONFIRMATION_OK"
16086,10404343196,10404343230,1,"IOTHUB_CLIENT_CONFIRMATION_OK"
16087,10404343396,10404343443,1,"IOTHUB_CLIENT_CONFIRMATION_OK"
16088,10404343596,10404343633,1,"IOTHUB_CLIENT_CONFIRMATION_OK"
16089,10404343796,10404343832,1,"IOTHUB_CLIENT_CONFIRMATION_OK"
16090,10404343996,10404344129,1,"IOTHUB_CLIENT_CONFIRMATION_OK"
16091,10404344196,10404344235,1,"IOTHUB_CLIENT_CONFIRMATION_OK"
16092,10404344397,10404344431,1,"IOTHUB_CLIENT_CONFIRMATION_OK"
16093,10404344597,10404344655,1,"IOTHUB_CLIENT_CONFIRMATION_OK"
16094,10404344797,10404344828,1,"IOTHUB_CLIENT_CONFIRMATION_OK"
16095,10404344997,10404345033,1,"IOTHUB_CLIENT_CONFIRMATION_OK"
16096,10404345197,10404345268,1,"IOTHUB_CLIENT_CONFIRMATION_OK"
16097,10404345397,10404345430,1,"IOTHUB_CLIENT_CONFIRMATION_OK"
16098,10404345598,10404345652,1,"IOTHUB_CLIENT_CONFIRMATION_OK"
16099,10404345798,10404345874,1,"IOTHUB_CLIENT_CONFIRMATION_OK"
16100,10404345998,10404346038,1,"IOTHUB_CLIENT_CONFIRMATION_OK"
16101,10404346198,10404346234,1,"IOTHUB_CLIENT_CONFIRMATION_OK"
16102,10404346398,10404346464,1,"IOTHUB_CLIENT_CONFIRMATION_OK"
16103,10404346598,10404346631,1,"IOTHUB_CLIENT_CONFIRMATION_OK"
16104,10404346798,10404346838,1,"IOTHUB_CLIENT_CONFIRMATION_OK"
16105,10404346999,10404347123,1,"IOTHUB_CLIENT_CONFIRMATION_OK"
16106,10404347199,10404347385,1,"IOTHUB_CLIENT_CONFIRMATION_OK"
16107,10404347399,10404347430,1,"IOTHUB_CLIENT_CONFIRMATION_OK"
16108,10404347599,10404347639,1,"IOTHUB_CLIENT_CONFIRMATION_OK"
16109,10404347799,10404347836,1,"IOTHUB_CLIENT_CONFIRMATION_OK"
16110,10404347999,10404348029,1,"IOTHUB_CLIENT_CONFIRMATION_OK"
16111,10404348200,10404348236,1,"IOTHUB_CLIENT_CONFIRMATION_OK"
16112,10404348400,10404348454,1,"IOTHUB_CLIENT_CONFIRMATION_OK"
16113,10404348600,10404348665,1,"IOTHUB_CLIENT_CONFIRMATION_OK"
16114,10404348800,10404348863,1,"IOTHUB_CLIENT_CONFIRMATION_OK"
16115,10404349000,10404349046,1,"IOTHUB_CLIENT_CONFIRMATION_OK"
16116,10404349200,10404349254,1,"IOTHUB_CLIENT_CONFIRMATION_OK"
16117,10404349401,10404349432,1,"IOTHUB_CLIENT_CONFIRMATION_OK"
16118,10404349601,10404349644,1,"IOTHUB_CLIENT_CONFIRMATION_OK"
16119,10404349801,10404349841,1,"IOTHUB_CLIENT_CONFIRMATION_OK"
16120,10404350001,10404350032,1,"IOTHUB_CLIENT_CONFIRMATION_OK"
16121,10404350201,10404350243,1,"IOTHUB_CLIENT_CONFIRMATION_OK"
16122,10404350401,10404350435,1,"IOTHUB_CLIENT_CONFIRMATION_OK"
16123,10404350601,10404350637,1,"IOTHUB_CLIENT_CONFIRMATION_OK"
16124,10404350802,10404350836,1,"IOTHUB_CLIENT_CONFIRMATION_OK"
16125,10404351002,10404351094,1,"IOTHUB_CLIENT_CONFIRMATION_OK"
16126,10404351202,10404351250,1,"IOTHUB_CLIENT_CONFIRMATION_OK"
16127,10404351402,10404351440,1,"IOTHUB_CLIENT_CONFIRMATION_OK"
16128,10404351602,10404351697,1,"IOTHUB_CLIENT_CONFIRMATION_OK"
16129,10404351802,10404351840,1,"IOTHUB_CLIENT_CONFIRMATION_OK"
16130,10404352003,10404352039,1,"IOTHUB_CLIENT_CONFIRMATION_OK"
16131,10404352203,10404352355,1,"IOTHUB_CLIENT_CONFIRMATION_OK"
16132,10404352403,10404352433,1,"IOTHUB_CLIENT_CONFIRMATION_OK"
16133,10404352603,10404352666,1,"IOTHUB_CLIENT_CONFIRMATION_OK"
16134,10404352803,10404352938,1,"IOTHUB_CLIENT_CONFIRMATION_OK"
16135,10404353003,10404353039,1,"IOTHUB_CLIENT_CONFIRMATION_OK"
16136,10404353204,10404353242,1,"IOTHUB_CLIENT_CONFIRMATION_OK"
16137,10404353404,10404353548,1,"IOTHUB_CLIENT_CONFIRMATION_OK"
16138,10404353604,10404353641,1,"IOTHUB_CLIENT_CONFIRMATION_OK"
16139,10404353804,10404353843,1,"IOTHUB_CLIENT_CONFIRMATION_OK"
16140,10404354004,10404354039,1,"IOTHUB_CLIENT_CONFIRMATION_OK"
16141,10404354204,10404354244,1,"IOTHUB_CLIENT_CONFIRMATION_OK"
16142,10404354405,10404354442,1,"IOTHUB_CLIENT_CONFIRMATION_OK"
16143,10404354605,10404354643,1,"IOTHUB_CLIENT_CONFIRMATION_OK"
16144,10404354805,10404354868,1,"IOTHUB_CLIENT_CONFIRMATION_OK"
16145,10404355005,10404355042,1,"IOTHUB_CLIENT_CONFIRMATION_OK"
16146,10404355205,10404355243,1,"IOTHUB_CLIENT_CONFIRMATION_OK"
16147,10404355405,10404355453,1,"IOTHUB_CLIENT_CONFIRMATION_OK"
16148,10404355605,10404355639,1,"IOTHUB_CLIENT_CONFIRMATION_OK"
16149,10404355806,10404355838,1,"IOTHUB_CLIENT_CONFIRMATION_OK"
16150,10404356006,10404356046,1,"IOTHUB_CLIENT_CONFIRMATION_OK"
16151,10404356206,10404356269,1,"IOTHUB_CLIENT_CONFIRMATION_OK"
16152,10404356406,10404356458,1,"IOTHUB_CLIENT_CONFIRMATION_OK"
16153,10404356606,10404356649,1,"IOTHUB_CLIENT_CONFIRMATION_OK"
16154,10404356806,10404356839,1,"IOTHUB_CLIENT_CONFIRMATION_OK"
16155,10404357006,10404357049,1,"IOTHUB_CLIENT_CONFIRMATION_OK"
16156,10404357207,10404357241,1,"IOTHUB_CLIENT_CONFIRMATION_OK"
16157,10404357407,10404357454,1,"IOTHUB_CLIENT_CONFIRMATION_OK"
16158,10404357607,10404357641,1,"IOTHUB_CLIENT_CONFIRMATION_OK"
16159,10404357807,10404357849,1,"IOTHUB_CLIENT_CONFIRMATION_OK"
16160,10404358007,10404358054,1,"IOTHUB_CLIENT_CONFIRMATION_OK"
16161,10404358207,10404358244,1,"IOTHUB_CLIENT_CONFIRMATION_OK"
16162,10404358408,10404358461,1,"IOTHUB_CLIENT_CONFIRMATION_OK"
16163,10404358608,10404358661,1,"IOTHUB_CLIENT_CONFIRMATION_OK"
16164,10404358808,10404358860,1,"IOTHUB_CLIENT_CONFIRMATION_OK"
16165,10404359008,10404359039,1,"IOTHUB_CLIENT_CONFIRMATION_OK"
16166,10404359208,10404359265,1,"IOTHUB_CLIENT_CONFIRMATION_OK"
16167,10404359408,10404359441,1,"IOTHUB_CLIENT_CONFIRMATION_OK"
16168,10404359609,10404359645,1,"IOTHUB_CLIENT_CONFIRMATION_OK"
16169,10404359809,10404359874,1,"IOTHUB_CLIENT_CONFIRMATION_OK"
16170,10404360009,10404360045,1,"IOTHUB_CLIENT_CONFIRMATION_OK"
16171,10404360209,10404360244,1,"IOTHUB_CLIENT_CONFIRMATION_OK"
16172,10404360409,10404360492,1,"IOTHUB_CLIENT_CONFIRMATION_OK"
16173,10404360609,10404360654,1,"IOTHUB_CLIENT_CONFIRMATION_OK"
16174,10404360809,10404360846,1,"IOTHUB_CLIENT_CONFIRMATION_OK"
16175,10404361010,10404361121,1,"IOTHUB_CLIENT_CONFIRMATION_OK"
16176,10404361210,10404361271,1,"IOTHUB_CLIENT_CONFIRMATION_OK"
16177,10404361410,10404361446,1,"IOTHUB_CLIENT_CONFIRMATION_OK"
16178,10404361610,10404361699,1,"IOTHUB_CLIENT_CONFIRMATION_OK"
16179,10404361810,10404361855,1,"IOTHUB_CLIENT_CONFIRMATION_OK"
16180,10404362010,10404362053,1,"IOTHUB_CLIENT_CONFIRMATION_OK"
16181,10404362211,10404362244,1,"IOTHUB_CLIENT_CONFIRMATION_OK"
16182,10404362411,10404362445,1,"IOTHUB_CLIENT_CONFIRMATION_OK"
16183,10404362611,10404362648,1,"IOTHUB_CLIENT_CONFIRMATION_OK"
16184,10404362811,10404362851,1,"IOTHUB_CLIENT_CONFIRMATION_OK"
16185,10404363011,10404363045,1,"IOTHUB_CLIENT_CONFIRMATION_OK"
16186,10404363211,10404363248,1,"IOTHUB_CLIENT_CONFIRMATION_OK"
16187,10404363412,10404363446,1,"IOTHUB_CLIENT_CONFIRMATION_OK"
16188,10404363612,10404363652,1,"IOTHUB_CLIENT_CONFIRMATION_OK"
16189,10404363812,10404363878,1,"IOTHUB_CLIENT_CONFIRMATION_OK"
16190,10404364012,10404364057,1,"IOTHUB_CLIENT_CONFIRMATION_OK"
16191,10404364212,10404364381,1,"IOTHUB_CLIENT_CONFIRMATION_OK"
16192,10404364412,10404364455,1,"IOTHUB_CLIENT_CONFIRMATION_OK"
16193,10404364612,10404364664,1,"IOTHUB_CLIENT_CONFIRMATION_OK"
16194,10404364813,10404365003,1,"IOTHUB_CLIENT_CONFIRMATION_OK"
16195,10404365013,10404365048,1,"IOTHUB_CLIENT_CONFIRMATION_OK"
16196,10404365213,10404365257,1,"IOTHUB_CLIENT_CONFIRMATION_OK"
16197,10404365413,10404365592,1,"IOTHUB_CLIENT_CONFIRMATION_OK"
16198,10404365613,10404365690,1,"IOTHUB_CLIENT_CONFIRMATION_OK"
16199,10404365813,10404365857,1,"IOTHUB_CLIENT_CONFIRMATION_OK"
16200,10404366014,10404366061,1,"IOTHUB_CLIENT_CONFIRMATION_OK"
16201,10404366214,10404366246,1,"IOTHUB_CLIENT_CONFIRMATION_OK"
16202,10404366414,10404366451,1,"IOTHUB_CLIENT_CONFIRMATION_OK"
16203,10404366614,10404366650,1,"IOTHUB_CLIENT_CONFIRMATION_OK"
16204,10404366814,10404366857,1,"IOTHUB_CLIENT_CONFIRMATION_OK"
16205,10404367014,10404367054,1,"IOTHUB_CLIENT_CONFIRMATION_OK"
16206,10404367214,10404367270,1,"IOTHUB_CLIENT_CONFIRMATION_OK"
16207,10404367415,10404367452,1,"IOTHUB_CLIENT_CONFIRMATION_OK"
16208,10404367615,10404367656,1,"IOTHUB_CLIENT_CONFIRMATION_OK"
16209,10404367815,10404367850,1,"IOTHUB_CLIENT_CONFIRMATION_OK"
16210,10404368015,10404368046,1,"IOTHUB_CLIENT_CONFIRMATION_OK"
16211,10404368215,10404368250,1,"IOTHUB_CLIENT_CONFIRMATION_OK"
16212,10404368415,10404368453,1,"IOTHUB_CLIENT_CONFIRMATION_OK"
16213,10404368616,10404368652,1,"IOTHUB_CLIENT_CONFIRMATION_OK"
16214,10404368816,10404368869,1,"IOTHUB_CLIENT_CONFIRMATION_OK"
16215,10404369016,10404369059,1,"IOTHUB_CLIENT_CONFIRMATION_OK"
16216,10404369216,10404369256,1,"IOTHUB_CLIENT_CONFIRMATION_OK"
16217,10404369416,10404369449,1,"IOTHUB_CLIENT_CONFIRMATION_OK"
16218,10404369616,10404369654,1,"IOTHUB_CLIENT_CONFIRMATION_OK"
16219,10404369817,10404369855,1,"IOTHUB_CLIENT_CONFIRMATION_OK"
16220,10404370017,10404370053,1,"IOTHUB_CLIENT_CONFIRMATION_OK"
16221,10404370217,10404370253,1,"IOTHUB_CLIENT_CONFIRMATION_OK"
16222,10404370417,10404370456,1,"IOTHUB_CLIENT_CONFIRMATION_OK"
16223,10404370617,10404370652,1,"IOTHUB_CLIENT_CONFIRMATION_OK"
16224,10404370817,10404370864,1,"IOTHUB_CLIENT_CONFIRMATION_OK"
16225,10404371017,10404371360,1,"IOTHUB_CLIENT_CONFIRMATION_OK"
16226,10404371218,10404371392,1,"IOTHUB_CLIENT_CONFIRMATION_OK"
16227,10404371418,10404371450,1,"IOTHUB_CLIENT_CONFIRMATION_OK"
16228,10404371618,10404371672,1,"IOTHUB_CLIENT_CONFIRMATION_OK"
16229,10404371818,10404371869,1,"IOTHUB_CLIENT_CONFIRMATION_OK"
16230,10404372018,10404372056,1,"IOTHUB_CLIENT_CONFIRMATION_OK"
16231,10404372218,10404372252,1,"IOTHUB_CLIENT_CONFIRMATION_OK"
16232,10404372419,10404372588,1,"IOTHUB_CLIENT_CONFIRMATION_OK"
16233,10404372619,10404372658,1,"IOTHUB_CLIENT_CONFIRMATION_OK"
16234,10404372819,10404372861,1,"IOTHUB_CLIENT_CONFIRMATION_OK"
16235,10404373019,10404373211,1,"IOTHUB_CLIENT_CONFIRMATION_OK"
16236,10404373219,10404373257,1,"IOTHUB_CLIENT_CONFIRMATION_OK"
16237,10404373419,10404373491,1,"IOTHUB_CLIENT_CONFIRMATION_OK"
16238,10404373620,10404373817,1,"IOTHUB_CLIENT_CONFIRMATION_OK"
16239,10404373820,10404373858,1,"IOTHUB_CLIENT_CONFIRMATION_OK"
16240,10404374020,10404374112,1,"IOTHUB_CLIENT_CONFIRMATION_OK"
16241,10404374220,10404374263,1,"IOTHUB_CLIENT_CONFIRMATION_OK"
16242,10404374420,10404374472,1,"IOTHUB_CLIENT_CONFIRMATION_OK"
16243,10404374620,10404374676,1,"IOTHUB_CLIENT_CONFIRMATION_OK"
16244,10404374821,10404374857,1,"IOTHUB_CLIENT_CONFIRMATION_OK"
16245,10404375021,10404375053,1,"IOTHUB_CLIENT_CONFIRMATION_OK"
16246,10404375221,10404375271,1,"IOTHUB_CLIENT_CONFIRMATION_OK"
16247,10404375421,10404375460,1,"IOTHUB_CLIENT_CONFIRMATION_OK"
16248,10404375621,10404375660,1,"IOTHUB_CLIENT_CONFIRMATION_OK"
16249,10404375821,10404375875,1,"IOTHUB_CLIENT_CONFIRMATION_OK"
16250,10404376022,10404376065,1,"IOTHUB_CLIENT_CONFIRMATION_OK"
16251,10404376222,10404376260,1,"IOTHUB_CLIENT_CONFIRMATION_OK"
16252,10404376422,10404376490,1,"IOTHUB_CLIENT_CONFIRMATION_OK"
16253,10404376622,10404376656,1,"IOTHUB_CLIENT_CONFIRMATION_OK"
16254,10404376822,10404376872,1,"IOTHUB_CLIENT_CONFIRMATION_OK"
16255,10404377022,10404377060,1,"IOTHUB_CLIENT_CONFIRMATION_OK"
16256,10404377222,10404377277,1,"IOTHUB_CLIENT_CONFIRMATION_OK"
16257,10404377423,10404377471,1,"IOTHUB_CLIENT_CONFIRMATION_OK"
16258,10404377623,10404377661,1,"IOTHUB_CLIENT_CONFIRMATION_OK"
16259,10404377823,10404377856,1,"IOTHUB_CLIENT_CONFIRMATION_OK"
16260,10404378023,10404378080,1,"IOTHUB_CLIENT_CONFIRMATION_OK"
16261,10404378223,10404378273,1,"IOTHUB_CLIENT_CONFIRMATION_OK"
16262,10404378423,10404378456,1,"IOTHUB_CLIENT_CONFIRMATION_OK"
16263,10404378624,10404378660,1,"IOTHUB_CLIENT_CONFIRMATION_OK"
16264,10404378824,10404378903,1,"IOTHUB_CLIENT_CONFIRMATION_OK"
16265,10404379024,10404379064,1,"IOTHUB_CLIENT_CONFIRMATION_OK"
16266,10404379224,10404379266,1,"IOTHUB_CLIENT_CONFIRMATION_OK"
16267,10404379424,10404379505,1,"IOTHUB_CLIENT_CONFIRMATION_OK"
16268,10404379624,10404379659,1,"IOTHUB_CLIENT_CONFIRMATION_OK"
16269,10404379825,10404379863,1,"IOTHUB_CLIENT_CONFIRMATION_OK"
16270,10404380025,10404380114,1,"IOTHUB_CLIENT_CONFIRMATION_OK"
16271,10404380225,10404380258,1,"IOTHUB_CLIENT_CONFIRMATION_OK"
16272,10404380425,10404380457,1,"IOTHUB_CLIENT_CONFIRMATION_OK"
16273,10404380625,10404380734,1,"IOTHUB_CLIENT_CONFIRMATION_OK"
16274,10404380825,10404380858,1,"IOTHUB_CLIENT_CONFIRMATION_OK"
16275,10404381026,10404381065,1,"IOTHUB_CLIENT_CONFIRMATION_OK"
16276,10404381226,10404381336,1,"IOTHUB_CLIENT_CONFIRMATION_OK"
16277,10404381426,10404381458,1,"IOTHUB_CLIENT_CONFIRMATION_OK"
16278,10404381626,10404381662,1,"IOTHUB_CLIENT_CONFIRMATION_OK"
16279,10404381826,10404381896,1,"IOTHUB_CLIENT_CONFIRMATION_OK"
16280,10404382026,10404382062,1,"IOTHUB_CLIENT_CONFIRMATION_OK"
16281,10404382227,10404382273,1,"IOTHUB_CLIENT_CONFIRMATION_OK"
16282,10404382427,10404382470,1,"IOTHUB_CLIENT_CONFIRMATION_OK"
16283,10404382627,10404382679,1,"IOTHUB_CLIENT_CONFIRMATION_OK"
16284,10404382827,10404382858,1,"IOTHUB_CLIENT_CONFIRMATION_OK"
16285,10404383027,10404383068,1,"IOTHUB_CLIENT_CONFIRMATION_OK"
16286,10404383227,10404383273,1,"IOTHUB_CLIENT_CONFIRMATION_OK"
16287,10404383427,10404383461,1,"IOTHUB_CLIENT_CONFIRMATION_OK"
16288,10404383628,10404383661,1,"IOTHUB_CLIENT_CONFIRMATION_OK"
16289,10404383828,10404383865,1,"IOTHUB_CLIENT_CONFIRMATION_OK"
16290,10404384028,10404384062,1,"IOTHUB_CLIENT_CONFIRMATION_OK"
16291,10404384228,10404384260,1,"IOTHUB_CLIENT_CONFIRMATION_OK"
16292,10404384428,10404384462,1,"IOTHUB_CLIENT_CONFIRMATION_OK"
16293,10404384628,10404384666,1,"IOTHUB_CLIENT_CONFIRMATION_OK"
16294,10404384829,10404384860,1,"IOTHUB_CLIENT_CONFIRMATION_OK"
16295,10404385029,10404385210,1,"IOTHUB_CLIENT_CONFIRMATION_OK"
16296,10404385229,10404385266,1,"IOTHUB_CLIENT_CONFIRMATION_OK"
16297,10404385429,10404385463,1,"IOTHUB_CLIENT_CONFIRMATION_OK"
16298,10404385629,10404385806,1,"IOTHUB_CLIENT_CONFIRMATION_OK"
16299,10404385829,10404385912,1,"IOTHUB_CLIENT_CONFIRMATION_OK"
16300,10404386030,10404386064,1,"IOTHUB_CLIENT_CONFIRMATION_OK"
16301,10404386230,10404386267,1,"IOTHUB_CLIENT_CONFIRMATION_OK"
16302,10404386430,10404386468,1,"IOTHUB_CLIENT_CONFIRMATION_OK"
16303,10404386630,10404386768,1,"IOTHUB_CLIENT_CONFIRMATION_OK"
16304,10404386830,10404386874,1,"IOTHUB_CLIENT_CONFIRMATION_OK"
16305,10404387030,10404387067,1,"IOTHUB_CLIENT_CONFIRMATION_OK"
16306,10404387230,10404387262,1,"IOTHUB_CLIENT_CONFIRMATION_OK"
16307,10404387431,10404387507,1,"IOTHUB_CLIENT_CONFIRMATION_OK"
16308,10404387631,10404387705,1,"IOTHUB_CLIENT_CONFIRMATION_OK"
16309,10404387831,10404387880,1,"IOTHUB_CLIENT_CONFIRMATION_OK"
16310,10404388031,10404388067,1,"IOTHUB_CLIENT_CONFIRMATION_OK"
16311,10404388231,10404388265,1,"IOTHUB_CLIENT_CONFIRMATION_OK"
16312,10404388431,10404388481,1,"IOTHUB_CLIENT_CONFIRMATION_OK"
16313,10404388631,10404388668,1,"IOTHUB_CLIENT_CONFIRMATION_OK"
16314,10404388832,10404388910,1,"IOTHUB_CLIENT_CONFIRMATION_OK"
16315,10404389032,10404389068,1,"IOTHUB_CLIENT_CONFIRMATION_OK"
16316,10404389232,10404389261,1,"IOTHUB_CLIENT_CONFIRMATION_OK"
16317,10404389432,10404389467,1,"IOTHUB_CLIENT_CONFIRMATION_OK"
16318,10404389632,10404389669,1,"IOTHUB_CLIENT_CONFIRMATION_OK"
16319,10404389832,10404389870,1,"IOTHUB_CLIENT_CONFIRMATION_OK"
16320,10404390033,10404390070,1,"IOTHUB_CLIENT_CONFIRMATION_OK"
16321,10404390233,10404390334,1,"IOTHUB_CLIENT_CONFIRMATION_OK"
16322,10404390433,10404390465,1,"IOTHUB_CLIENT_CONFIRMATION_OK"
16323,10404390633,10404390670,1,"IOTHUB_CLIENT_CONFIRMATION_OK"
16324,10404390833,10404390873,1,"IOTHUB_CLIENT_CONFIRMATION_OK"
16325,10404391033,10404391068,1,"IOTHUB_CLIENT_CONFIRMATION_OK"
16326,10404391234,10404391288,1,"IOTHUB_CLIENT_CONFIRMATION_OK"
16327,10404391434,10404391471,1,"IOTHUB_CLIENT_CONFIRMATION_OK"
16328,10404391634,10404391672,1,"IOTHUB_CLIENT_CONFIRMATION_OK"
16329,10404391834,10404391869,1,"IOTHUB_CLIENT_CONFIRMATION_OK"
16330,10404392034,10404392174,1,"IOTHUB_CLIENT_CONFIRMATION_OK"
16331,10404392234,10404392274,1,"IOTHUB_CLIENT_CONFIRMATION_OK"
16332,10404392435,10404392501,1,"IOTHUB_CLIENT_CONFIRMATION_OK"
16333,10404392635,10404392794,1,"IOTHUB_CLIENT_CONFIRMATION_OK"
16334,10404392835,10404392872,1,"IOTHUB_CLIENT_CONFIRMATION_OK"
16335,10404393035,10404393084,1,"IOTHUB_CLIENT_CONFIRMATION_OK"
16336,10404393235,10404393457,1,"IOTHUB_CLIENT_CONFIRMATION_OK"
16337,10404393435,10404393489,1,"IOTHUB_CLIENT_CONFIRMATION_OK"
16338,10404393635,10404393694,1,"IOTHUB_CLIENT_CONFIRMATION_OK"
16339,10404393836,10404393885,1,"IOTHUB_CLIENT_CONFIRMATION_OK"
16340,10404394036,10404394075,1,"IOTHUB_CLIENT_CONFIRMATION_OK"
16341,10404394236,10404394281,1,"IOTHUB_CLIENT_CONFIRMATION_OK"
16342,10404394436,10404394483,1,"IOTHUB_CLIENT_CONFIRMATION_OK"
16343,10404394636,10404394683,1,"IOTHUB_CLIENT_CONFIRMATION_OK"
16344,10404394836,10404394876,1,"IOTHUB_CLIENT_CONFIRMATION_OK"
16345,10404395037,10404395072,1,"IOTHUB_CLIENT_CONFIRMATION_OK"
16346,10404395237,10404395291,1,"IOTHUB_CLIENT_CONFIRMATION_OK"
16347,10404395437,10404395477,1,"IOTHUB_CLIENT_CONFIRMATION_OK"
16348,10404395637,10404395678,1,"IOTHUB_CLIENT_CONFIRMATION_OK"
16349,10404395837,10404395907,1,"IOTHUB_CLIENT_CONFIRMATION_OK"
16350,10404396037,10404396080,1,"IOTHUB_CLIENT_CONFIRMATION_OK"
16351,10404396238,10404396326,1,"IOTHUB_CLIENT_CONFIRMATION_OK"
16352,10404396438,10404396560,1,"IOTHUB_CLIENT_CONFIRMATION_OK"
16353,10404396638,10404396679,1,"IOTHUB_CLIENT_CONFIRMATION_OK"
16354,10404396838,10404396877,1,"IOTHUB_CLIENT_CONFIRMATION_OK"
16355,10404397038,10404397156,1,"IOTHUB_CLIENT_CONFIRMATION_OK"
16356,10404397238,10404397276,1,"IOTHUB_CLIENT_CONFIRMATION_OK"
16357,10404397439,10404397482,1,"IOTHUB_CLIENT_CONFIRMATION_OK"
16358,10404397639,10404397768,1,"IOTHUB_CLIENT_CONFIRMATION_OK"
16359,10404397839,10404397885,1,"IOTHUB_CLIENT_CONFIRMATION_OK"
16360,10404398039,10404398070,1,"IOTHUB_CLIENT_CONFIRMATION_OK"
16361,10404398239,10404398292,1,"IOTHUB_CLIENT_CONFIRMATION_OK"
16362,10404398439,10404398475,1,"IOTHUB_CLIENT_CONFIRMATION_OK"
16363,10404398639,10404398680,1,"IOTHUB_CLIENT_CONFIRMATION_OK"
16364,10404398840,10404398875,1,"IOTHUB_CLIENT_CONFIRMATION_OK"
16365,10404399040,10404399074,1,"IOTHUB_CLIENT_CONFIRMATION_OK"
16366,10404399240,10404399281,1,"IOTHUB_CLIENT_CONFIRMATION_OK"
16367,10404399440,10404399542,1,"IOTHUB_CLIENT_CONFIRMATION_OK"
16368,10404399640,10404399673,1,"IOTHUB_CLIENT_CONFIRMATION_OK"
16369,10404399840,10404400045,1,"IOTHUB_CLIENT_CONFIRMATION_OK"
16370,10404400041,10404400368,1,"IOTHUB_CLIENT_CONFIRMATION_OK"
16371,10404400241,10404400700,1,"IOTHUB_CLIENT_CONFIRMATION_OK"
16372,10404400441,10404400748,1,"IOTHUB_CLIENT_CONFIRMATION_OK"
16373,10404400641,10404400799,1,"IOTHUB_CLIENT_CONFIRMATION_OK"
16374,10404400841,10404401031,1,"IOTHUB_CLIENT_CONFIRMATION_OK"
16375,10404401042,10404401074,1,"IOTHUB_CLIENT_CONFIRMATION_OK"
16376,10404401242,10404401276,1,"IOTHUB_CLIENT_CONFIRMATION_OK"
16377,10404401442,10404401654,1,"IOTHUB_CLIENT_CONFIRMATION_OK"
16378,10404401642,10404401671,1,"IOTHUB_CLIENT_CONFIRMATION_OK"
16379,10404401842,10404401878,1,"IOTHUB_CLIENT_CONFIRMATION_OK"
16380,10404402042,10404402071,1,"IOTHUB_CLIENT_CONFIRMATION_OK"
16381,10404402243,10404402290,1,"IOTHUB_CLIENT_CONFIRMATION_OK"
16382,10404402443,10404402486,1,"IOTHUB_CLIENT_CONFIRMATION_OK"
16383,10404402643,10404402744,1,"IOTHUB_CLIENT_CONFIRMATION_OK"
16384,10404402843,10404402943,1,"IOTHUB_CLIENT_CONFIRMATION_OK"
16385,10404403044,10404403083,1,"IOTHUB_CLIENT_CONFIRMATION_OK"
16386,10404403244,10404403285,1,"IOTHUB_CLIENT_CONFIRMATION_OK"
16387,10404403444,10404403542,1,"IOTHUB_CLIENT_CONFIRMATION_OK"
16388,10404403644,10404403701,1,"IOTHUB_CLIENT_CONFIRMATION_OK"
16389,10404403845,10404403881,1,"IOTHUB_CLIENT_CONFIRMATION_OK"
16390,10404404045,10404404249,1,"IOTHUB_CLIENT_CONFIRMATION_OK"
16391,10404404245,10404404298,1,"IOTHUB_CLIENT_CONFIRMATION_OK"
16392,10404404445,10404404484,1,"IOTHUB_CLIENT_CONFIRMATION_OK"
16393,10404404645,10404404768,1,"IOTHUB_CLIENT_CONFIRMATION_OK"
16394,10404404845,10404404880,1,"IOTHUB_CLIENT_CONFIRMATION_OK"
16395,10404405045,10404405079,1,"IOTHUB_CLIENT_CONFIRMATION_OK"
16396,10404405246,10404405389,1,"IOTHUB_CLIENT_CONFIRMATION_OK"
16397,10404405446,10404405500,1,"IOTHUB_CLIENT_CONFIRMATION_OK"
16398,10404405646,10404405698,1,"IOTHUB_CLIENT_CONFIRMATION_OK"
16399,10404405846,10404406022,1,"IOTHUB_CLIENT_CONFIRMATION_OK"
16400,10404406046,10404406083,1,"IOTHUB_CLIENT_CONFIRMATION_OK"
16401,10404406246,10404406291,1,"IOTHUB_CLIENT_CONFIRMATION_OK"
16402,10404406447,10404406488,1,"IOTHUB_CLIENT_CONFIRMATION_OK"
16403,10404406647,10404406685,1,"IOTHUB_CLIENT_CONFIRMATION_OK"
16404,10404406847,10404406885,1,"IOTHUB_CLIENT_CONFIRMATION_OK"
16405,10404407047,10404407080,1,"IOTHUB_CLIENT_CONFIRMATION_OK"
16406,10404407247,10404407294,1,"IOTHUB_CLIENT_CONFIRMATION_OK"
16407,10404407447,10404407480,1,"IOTHUB_CLIENT_CONFIRMATION_OK"
16408,10404407647,10404407683,1,"IOTHUB_CLIENT_CONFIRMATION_OK"
16409,10404407848,10404407889,1,"IOTHUB_CLIENT_CONFIRMATION_OK"
16410,10404408048,10404408092,1,"IOTHUB_CLIENT_CONFIRMATION_OK"
16411,10404408248,10404408324,1,"IOTHUB_CLIENT_CONFIRMATION_OK"
16412,10404408448,10404408484,1,"IOTHUB_CLIENT_CONFIRMATION_OK"
16413,10404408648,10404408684,1,"IOTHUB_CLIENT_CONFIRMATION_OK"
16414,10404408848,10404408899,1,"IOTHUB_CLIENT_CONFIRMATION_OK"
16415,10404409049,10404409091,1,"IOTHUB_CLIENT_CONFIRMATION_OK"
16416,10404409249,10404409293,1,"IOTHUB_CLIENT_CONFIRMATION_OK"
16417,10404409449,10404409506,1,"IOTHUB_CLIENT_CONFIRMATION_OK"
16418,10404409649,10404409681,1,"IOTHUB_CLIENT_CONFIRMATION_OK"
16419,10404409849,10404409903,1,"IOTHUB_CLIENT_CONFIRMATION_OK"
16420,10404410049,10404410081,1,"IOTHUB_CLIENT_CONFIRMATION_OK"
16421,10404410250,10404410285,1,"IOTHUB_CLIENT_CONFIRMATION_OK"
16422,10404410450,10404410481,1,"IOTHUB_CLIENT_CONFIRMATION_OK"
16423,10404410650,10404410686,1,"IOTHUB_CLIENT_CONFIRMATION_OK"
16424,10404410850,10404410886,1,"IOTHUB_CLIENT_CONFIRMATION_OK"
16425,10404411050,10404411118,1,"IOTHUB_CLIENT_CONFIRMATION_OK"
16426,10404411250,10404411293,1,"IOTHUB_CLIENT_CONFIRMATION_OK"
16427,10404411450,10404411484,1,"IOTHUB_CLIENT_CONFIRMATION_OK"
16428,10404411651,10404411726,1,"IOTHUB_CLIENT_CONFIRMATION_OK"
16429,10404411851,10404411895,1,"IOTHUB_CLIENT_CONFIRMATION_OK"
16430,10404412051,10404412105,1,"IOTHUB_CLIENT_CONFIRMATION_OK"
16431,10404412251,10404412347,1,"IOTHUB_CLIENT_CONFIRMATION_OK"
16432,10404412451,10404412488,1,"IOTHUB_CLIENT_CONFIRMATION_OK"
16433,10404412651,10404412687,1,"IOTHUB_CLIENT_CONFIRMATION_OK"
16434,10404412852,10404412958,1,"IOTHUB_CLIENT_CONFIRMATION_OK"
16435,10404413052,10404413086,1,"IOTHUB_CLIENT_CONFIRMATION_OK"
16436,10404413252,10404413289,1,"IOTHUB_CLIENT_CONFIRMATION_OK"
16437,10404413452,10404413569,1,"IOTHUB_CLIENT_CONFIRMATION_OK"
16438,10404413652,10404413694,1,"IOTHUB_CLIENT_CONFIRMATION_OK"
16439,10404413852,10404413897,1,"IOTHUB_CLIENT_CONFIRMATION_OK"
16440,10404414053,10404414096,1,"IOTHUB_CLIENT_CONFIRMATION_OK"
16441,10404414253,10404414296,1,"IOTHUB_CLIENT_CONFIRMATION_OK"
16442,10404414453,10404414488,1,"IOTHUB_CLIENT_CONFIRMATION_OK"
16443,10404414653,10404414682,1,"IOTHUB_CLIENT_CONFIRMATION_OK"
16444,10404414853,10404414887,1,"IOTHUB_CLIENT_CONFIRMATION_OK"
16445,10404415053,10404415092,1,"IOTHUB_CLIENT_CONFIRMATION_OK"
16446,10404415254,10404415315,1,"IOTHUB_CLIENT_CONFIRMATION_OK"
16447,10404415454,10404415489,1,"IOTHUB_CLIENT_CONFIRMATION_OK"
16448,10404415654,10404415698,1,"IOTHUB_CLIENT_CONFIRMATION_OK"
16449,10404415854,10404415918,1,"IOTHUB_CLIENT_CONFIRMATION_OK"
16450,10404416054,10404416093,1,"IOTHUB_CLIENT_CONFIRMATION_OK"
16451,10404416254,10404416302,1,"IOTHUB_CLIENT_CONFIRMATION_OK"
16452,10404416455,10404416495,1,"IOTHUB_CLIENT_CONFIRMATION_OK"
16453,10404416655,10404416690,1,"IOTHUB_CLIENT_CONFIRMATION_OK"
16454,10404416855,10404416924,1,"IOTHUB_CLIENT_CONFIRMATION_OK"
16455,10404417055,10404417100,1,"IOTHUB_CLIENT_CONFIRMATION_OK"
16456,10404417255,10404417454,1,"IOTHUB_CLIENT_CONFIRMATION_OK"
16457,10404417455,10404417513,1,"IOTHUB_CLIENT_CONFIRMATION_OK"
16458,10404417655,10404417691,1,"IOTHUB_CLIENT_CONFIRMATION_OK"
16459,10404417856,10404418065,1,"IOTHUB_CLIENT_CONFIRMATION_OK"
16460,10404418056,10404418097,1,"IOTHUB_CLIENT_CONFIRMATION_OK"
16461,10404418256,10404418302,1,"IOTHUB_CLIENT_CONFIRMATION_OK"
16462,10404418456,10404418486,1,"IOTHUB_CLIENT_CONFIRMATION_OK"
16463,10404418656,10404418703,1,"IOTHUB_CLIENT_CONFIRMATION_OK"
16464,10404418856,10404418901,1,"IOTHUB_CLIENT_CONFIRMATION_OK"
16465,10404419057,10404419091,1,"IOTHUB_CLIENT_CONFIRMATION_OK"
16466,10404419257,10404419305,1,"IOTHUB_CLIENT_CONFIRMATION_OK"
16467,10404419457,10404419502,1,"IOTHUB_CLIENT_CONFIRMATION_OK"
16468,10404419657,10404419699,1,"IOTHUB_CLIENT_CONFIRMATION_OK"
16469,10404419857,10404419894,1,"IOTHUB_CLIENT_CONFIRMATION_OK"
16470,10404420057,10404420090,1,"IOTHUB_CLIENT_CONFIRMATION_OK"
16471,10404420258,10404420291,1,"IOTHUB_CLIENT_CONFIRMATION_OK"
16472,10404420458,10404420504,1,"IOTHUB_CLIENT_CONFIRMATION_OK"
16473,10404420658,10404420693,1,"IOTHUB_CLIENT_CONFIRMATION_OK"
16474,10404420858,10404420905,1,"IOTHUB_CLIENT_CONFIRMATION_OK"
16475,10404421058,10404421110,1,"IOTHUB_CLIENT_CONFIRMATION_OK"
16476,10404421258,10404421294,1,"IOTHUB_CLIENT_CONFIRMATION_OK"
16477,10404421458,10404421493,1,"IOTHUB_CLIENT_CONFIRMATION_OK"
16478,10404421659,10404421711,1,"IOTHUB_CLIENT_CONFIRMATION_OK"
16479,10404421859,10404421894,1,"IOTHUB_CLIENT_CONFIRMATION_OK"
16480,10404422059,10404422096,1,"IOTHUB_CLIENT_CONFIRMATION_OK"
16481,10404422259,10404422309,1,"IOTHUB_CLIENT_CONFIRMATION_OK"
16482,10404422459,10404422506,1,"IOTHUB_CLIENT_CONFIRMATION_OK"
16483,10404422659,10404422735,1,"IOTHUB_CLIENT_CONFIRMATION_OK"
16484,10404422860,10404422897,1,"IOTHUB_CLIENT_CONFIRMATION_OK"
16485,10404423060,10404423171,1,"IOTHUB_CLIENT_CONFIRMATION_OK"
16486,10404423260,10404423297,1,"IOTHUB_CLIENT_CONFIRMATION_OK"
16487,10404423460,10404423497,1,"IOTHUB_CLIENT_CONFIRMATION_OK"
16488,10404423660,10404423715,1,"IOTHUB_CLIENT_CONFIRMATION_OK"
16489,10404423860,10404423896,1,"IOTHUB_CLIENT_CONFIRMATION_OK"
16490,10404424060,10404424092,1,"IOTHUB_CLIENT_CONFIRMATION_OK"
16491,10404424261,10404424409,1,"IOTHUB_CLIENT_CONFIRMATION_OK"
16492,10404424461,10404424502,1,"IOTHUB_CLIENT_CONFIRMATION_OK"
16493,10404424661,10404424698,1,"IOTHUB_CLIENT_CONFIRMATION_OK"
16494,10404424861,10404425082,1,"IOTHUB_CLIENT_CONFIRMATION_OK"
16495,10404425061,10404425103,1,"IOTHUB_CLIENT_CONFIRMATION_OK"
16496,10404425261,10404425314,1,"IOTHUB_CLIENT_CONFIRMATION_OK"
16497,10404425462,10404425497,1,"IOTHUB_CLIENT_CONFIRMATION_OK"
16498,10404425662,10404425702,1,"IOTHUB_CLIENT_CONFIRMATION_OK"
16499,10404425862,10404425907,1,"IOTHUB_CLIENT_CONFIRMATION_OK"
16500,10404426062,10404426093,1,"IOTHUB_CLIENT_CONFIRMATION_OK"
16501,10404426262,10404426316,1,"IOTHUB_CLIENT_CONFIRMATION_OK"
16502,10404426462,10404426498,1,"IOTHUB_CLIENT_CONFIRMATION_OK"
16503,10404426663,10404426704,1,"IOTHUB_CLIENT_CONFIRMATION_OK"
16504,10404426863,10404426927,1,"IOTHUB_CLIENT_CONFIRMATION_OK"
16505,10404427063,10404427099,1,"IOTHUB_CLIENT_CONFIRMATION_OK"
16506,10404427263,10404427293,1,"IOTHUB_CLIENT_CONFIRMATION_OK"
16507,10404427463,10404427543,1,"IOTHUB_CLIENT_CONFIRMATION_OK"
16508,10404427663,10404427699,1,"IOTHUB_CLIENT_CONFIRMATION_OK"
16509,10404427864,10404427901,1,"IOTHUB_CLIENT_CONFIRMATION_OK"
16510,10404428064,10404428149,1,"IOTHUB_CLIENT_CONFIRMATION_OK"
16511,10404428264,10404428302,1,"IOTHUB_CLIENT_CONFIRMATION_OK"
16512,10404428464,10404428497,1,"IOTHUB_CLIENT_CONFIRMATION_OK"
16513,10404428664,10404428761,1,"IOTHUB_CLIENT_CONFIRMATION_OK"
16514,10404428864,10404428931,1,"IOTHUB_CLIENT_CONFIRMATION_OK"
16515,10404429065,10404429102,1,"IOTHUB_CLIENT_CONFIRMATION_OK"
16516,10404429265,10404429363,1,"IOTHUB_CLIENT_CONFIRMATION_OK"
16517,10404429465,10404429499,1,"IOTHUB_CLIENT_CONFIRMATION_OK"
16518,10404429665,10404429730,1,"IOTHUB_CLIENT_CONFIRMATION_OK"
16519,10404429865,10404429912,1,"IOTHUB_CLIENT_CONFIRMATION_OK"
16520,10404430065,10404430100,1,"IOTHUB_CLIENT_CONFIRMATION_OK"
16521,10404430266,10404430327,1,"IOTHUB_CLIENT_CONFIRMATION_OK"
16522,10404430466,10404430506,1,"IOTHUB_CLIENT_CONFIRMATION_OK"
16523,10404430666,10404430698,1,"IOTHUB_CLIENT_CONFIRMATION_OK"
16524,10404430866,10404430899,1,"IOTHUB_CLIENT_CONFIRMATION_OK"
16525,10404431066,10404431100,1,"IOTHUB_CLIENT_CONFIRMATION_OK"
16526,10404431266,10404431305,1,"IOTHUB_CLIENT_CONFIRMATION_OK"
16527,10404431467,10404431517,1,"IOTHUB_CLIENT_CONFIRMATION_OK"
16528,10404431667,10404431702,1,"IOTHUB_CLIENT_CONFIRMATION_OK"
16529,10404431867,10404431919,1,"IOTHUB_CLIENT_CONFIRMATION_OK"
16530,10404432067,10404432099,1,"IOTHUB_CLIENT_CONFIRMATION_OK"
16531,10404432267,10404432339,1,"IOTHUB_CLIENT_CONFIRMATION_OK"
16532,10404432467,10404432507,1,"IOTHUB_CLIENT_CONFIRMATION_OK"
16533,10404432667,10404432753,1,"IOTHUB_CLIENT_CONFIRMATION_OK"
16534,10404432868,10404432906,1,"IOTHUB_CLIENT_CONFIRMATION_OK"
16535,10404433068,10404433111,1,"IOTHUB_CLIENT_CONFIRMATION_OK"
16536,10404433268,10404433306,1,"IOTHUB_CLIENT_CONFIRMATION_OK"
16537,10404433468,10404433508,1,"IOTHUB_CLIENT_CONFIRMATION_OK"
16538,10404433668,10404433873,1,"IOTHUB_CLIENT_CONFIRMATION_OK"
16539,10404433868,10404433918,1,"IOTHUB_CLIENT_CONFIRMATION_OK"
16540,10404434069,10404434101,1,"IOTHUB_CLIENT_CONFIRMATION_OK"
16541,10404434269,10404434317,1,"IOTHUB_CLIENT_CONFIRMATION_OK"
16542,10404434469,10404434517,1,"IOTHUB_CLIENT_CONFIRMATION_OK"
16543,10404434669,10404434717,1,"IOTHUB_CLIENT_CONFIRMATION_OK"
16544,10404434869,10404434914,1,"IOTHUB_CLIENT_CONFIRMATION_OK"
16545,10404435069,10404435110,1,"IOTHUB_CLIENT_CONFIRMATION_OK"
16546,10404435269,10404435312,1,"IOTHUB_CLIENT_CONFIRMATION_OK"
16547,10404435470,10404435504,1,"IOTHUB_CLIENT_CONFIRMATION_OK"
16548,10404435670,10404435711,1,"IOTHUB_CLIENT_CONFIRMATION_OK"
16549,10404435870,10404435905,1,"IOTHUB_CLIENT_CONFIRMATION_OK"
16550,10404436070,10404436111,1,"IOTHUB_CLIENT_CONFIRMATION_OK"
16551,10404436270,10404436313,1,"IOTHUB_CLIENT_CONFIRMATION_OK"
16552,10404436470,10404436502,1,"IOTHUB_CLIENT_CONFIRMATION_OK"
16553,10404436670,10404436705,1,"IOTHUB_CLIENT_CONFIRMATION_OK"
16554,10404436871,10404436920,1,"IOTHUB_CLIENT_CONFIRMATION_OK"
16555,10404437071,10404437117,1,"IOTHUB_CLIENT_CONFIRMATION_OK"
16556,10404437271,10404437317,1,"IOTHUB_CLIENT_CONFIRMATION_OK"
16557,10404437471,10404437566,1,"IOTHUB_CLIENT_CONFIRMATION_OK"
16558,10404437671,10404437716,1,"IOTHUB_CLIENT_CONFIRMATION_OK"
16559,10404437871,10404437908,1,"IOTHUB_CLIENT_CONFIRMATION_OK"
16560,10404438072,10404438108,1,"IOTHUB_CLIENT_CONFIRMATION_OK"
16561,10404438272,10404438315,1,"IOTHUB_CLIENT_CONFIRMATION_OK"
16562,10404438472,10404438513,1,"IOTHUB_CLIENT_CONFIRMATION_OK"
16563,10404438672,10404438763,1,"IOTHUB_CLIENT_CONFIRMATION_OK"
16564,10404438872,10404438906,1,"IOTHUB_CLIENT_CONFIRMATION_OK"
16565,10404439072,10404439106,1,"IOTHUB_CLIENT_CONFIRMATION_OK"
16566,10404439272,10404439311,1,"IOTHUB_CLIENT_CONFIRMATION_OK"
16567,10404439473,10404439513,1,"IOTHUB_CLIENT_CONFIRMATION_OK"
16568,10404439673,10404439716,1,"IOTHUB_CLIENT_CONFIRMATION_OK"
16569,10404439873,10404439923,1,"IOTHUB_CLIENT_CONFIRMATION_OK"
16570,10404440073,10404440205,1,"IOTHUB_CLIENT_CONFIRMATION_OK"
16571,10404440273,10404440310,1,"IOTHUB_CLIENT_CONFIRMATION_OK"
16572,10404440473,10404440515,1,"IOTHUB_CLIENT_CONFIRMATION_OK"
16573,10404440674,10404440816,1,"IOTHUB_CLIENT_CONFIRMATION_OK"
16574,10404440874,10404440908,1,"IOTHUB_CLIENT_CONFIRMATION_OK"
16575,10404441074,10404441122,1,"IOTHUB_CLIENT_CONFIRMATION_OK"
16576,10404441274,10404441423,1,"IOTHUB_CLIENT_CONFIRMATION_OK"
16577,10404441474,10404441520,1,"IOTHUB_CLIENT_CONFIRMATION_OK"
16578,10404441674,10404441716,1,"IOTHUB_CLIENT_CONFIRMATION_OK"
16579,10404441875,10404441907,1,"IOTHUB_CLIENT_CONFIRMATION_OK"
16580,10404442075,10404442113,1,"IOTHUB_CLIENT_CONFIRMATION_OK"
16581,10404442275,10404442312,1,"IOTHUB_CLIENT_CONFIRMATION_OK"
16582,10404442475,10404442511,1,"IOTHUB_CLIENT_CONFIRMATION_OK"
16583,10404442675,10404442714,1,"IOTHUB_CLIENT_CONFIRMATION_OK"
16584,10404442875,10404442938,1,"IOTHUB_CLIENT_CONFIRMATION_OK"
16585,10404443076,10404443122,1,"IOTHUB_CLIENT_CONFIRMATION_OK"
16586,10404443276,10404443340,1,"IOTHUB_CLIENT_CONFIRMATION_OK"
16587,10404443476,10404443527,1,"IOTHUB_CLIENT_CONFIRMATION_OK"
16588,10404443676,10404443708,1,"IOTHUB_CLIENT_CONFIRMATION_OK"
16589,10404443876,10404443956,1,"IOTHUB_CLIENT_CONFIRMATION_OK"
16590,10404444076,10404444111,1,"IOTHUB_CLIENT_CONFIRMATION_OK"
16591,10404444277,10404444360,1,"IOTHUB_CLIENT_CONFIRMATION_OK"
16592,10404444477,10404444622,1,"IOTHUB_CLIENT_CONFIRMATION_OK"
16593,10404444677,10404444711,1,"IOTHUB_CLIENT_CONFIRMATION_OK"
16594,10404444877,10404444917,1,"IOTHUB_CLIENT_CONFIRMATION_OK"
16595,10404445077,10404445178,1,"IOTHUB_CLIENT_CONFIRMATION_OK"
16596,10404445277,10404445314,1,"IOTHUB_CLIENT_CONFIRMATION_OK"
16597,10404445477,10404445526,1,"IOTHUB_CLIENT_CONFIRMATION_OK"
16598,10404445678,10404445871,1,"IOTHUB_CLIENT_CONFIRMATION_OK"
16599,10404445878,10404445913,1,"IOTHUB_CLIENT_CONFIRMATION_OK"
16600,10404446078,10404446122,1,"IOTHUB_CLIENT_CONFIRMATION_OK"
16601,10404446278,10404446328,1,"IOTHUB_CLIENT_CONFIRMATION_OK"
16602,10404446478,10404446521,1,"IOTHUB_CLIENT_CONFIRMATION_OK"
16603,10404446678,10404446718,1,"IOTHUB_CLIENT_CONFIRMATION_OK"
16604,10404446879,10404446918,1,"IOTHUB_CLIENT_CONFIRMATION_OK"
16605,10404447079,10404447131,1,"IOTHUB_CLIENT_CONFIRMATION_OK"
16606,10404447279,10404447318,1,"IOTHUB_CLIENT_CONFIRMATION_OK"
16607,10404447479,10404447513,1,"IOTHUB_CLIENT_CONFIRMATION_OK"
16608,10404447679,10404447718,1,"IOTHUB_CLIENT_CONFIRMATION_OK"
16609,10404447879,10404447911,1,"IOTHUB_CLIENT_CONFIRMATION_OK"
16610,10404448080,10404448117,1,"IOTHUB_CLIENT_CONFIRMATION_OK"
16611,10404448280,10404448320,1,"IOTHUB_CLIENT_CONFIRMATION_OK"
16612,10404448480,10404448534,1,"IOTHUB_CLIENT_CONFIRMATION_OK"
16613,10404448680,10404448727,1,"IOTHUB_CLIENT_CONFIRMATION_OK"
16614,10404448880,10404448932,1,"IOTHUB_CLIENT_CONFIRMATION_OK"
16615,10404449080,10404449122,1,"IOTHUB_CLIENT_CONFIRMATION_OK"
16616,10404449280,10404449315,1,"IOTHUB_CLIENT_CONFIRMATION_OK"
16617,10404449481,10404449597,1,"IOTHUB_CLIENT_CONFIRMATION_OK"
16618,10404449681,10404449716,1,"IOTHUB_CLIENT_CONFIRMATION_OK"
16619,10404449881,10404449918,1,"IOTHUB_CLIENT_CONFIRMATION_OK"
16620,10404450081,10404450117,1,"IOTHUB_CLIENT_CONFIRMATION_OK"
16621,10404450281,10404450315,1,"IOTHUB_CLIENT_CONFIRMATION_OK"
16622,10404450481,10404450523,1,"IOTHUB_CLIENT_CONFIRMATION_OK"
16623,10404450682,10404450714,1,"IOTHUB_CLIENT_CONFIRMATION_OK"
16624,10404450882,10404450925,1,"IOTHUB_CLIENT_CONFIRMATION_OK"
16625,10404451082,10404451119,1,"IOTHUB_CLIENT_CONFIRMATION_OK"
16626,10404451282,10404451317,1,"IOTHUB_CLIENT_CONFIRMATION_OK"
16627,10404451482,10404451517,1,"IOTHUB_CLIENT_CONFIRMATION_OK"
16628,10404451682,10404451728,1,"IOTHUB_CLIENT_CONFIRMATION_OK"
16629,10404451883,10404451922,1,"IOTHUB_CLIENT_CONFIRMATION_OK"
16630,10404452083,10404452322,1,"IOTHUB_CLIENT_CONFIRMATION_OK"
16631,10404452283,10404452359,1,"IOTHUB_CLIENT_CONFIRMATION_OK"
16632,10404452483,10404452518,1,"IOTHUB_CLIENT_CONFIRMATION_OK"
16633,10404452683,10404452722,1,"IOTHUB_CLIENT_CONFIRMATION_OK"
16634,10404452883,10404452944,1,"IOTHUB_CLIENT_CONFIRMATION_OK"
16635,10404453083,10404453115,1,"IOTHUB_CLIENT_CONFIRMATION_OK"
16636,10404453284,10404453359,1,"IOTHUB_CLIENT_CONFIRMATION_OK"
16637,10404453484,10404453543,1,"IOTHUB_CLIENT_CONFIRMATION_OK"
16638,10404453684,10404453720,1,"IOTHUB_CLIENT_CONFIRMATION_OK"
16639,10404453884,10404453922,1,"IOTHUB_CLIENT_CONFIRMATION_OK"
16640,10404454084,10404454119,1,"IOTHUB_CLIENT_CONFIRMATION_OK"
16641,10404454284,10404454333,1,"IOTHUB_CLIENT_CONFIRMATION_OK"
16642,10404454485,10404454524,1,"IOTHUB_CLIENT_CONFIRMATION_OK"
16643,10404454685,10404454715,1,"IOTHUB_CLIENT_CONFIRMATION_OK"
16644,10404454885,10404454928,1,"IOTHUB_CLIENT_CONFIRMATION_OK"
16645,10404455085,10404455229,1,"IOTHUB_CLIENT_CONFIRMATION_OK"
16646,10404455285,10404455451,1,"IOTHUB_CLIENT_CONFIRMATION_OK"
16647,10404455485,10404455528,1,"IOTHUB_CLIENT_CONFIRMATION_OK"
16648,10404455686,10404455721,1,"IOTHUB_CLIENT_CONFIRMATION_OK"
16649,10404455886,10404455919,1,"IOTHUB_CLIENT_CONFIRMATION_OK"
16650,10404456086,10404456124,1,"IOTHUB_CLIENT_CONFIRMATION_OK"
16651,10404456286,10404456335,1,"IOTHUB_CLIENT_CONFIRMATION_OK"
16652,10404456486,10404456542,1,"IOTHUB_CLIENT_CONFIRMATION_OK"
16653,10404456686,10404456723,1,"IOTHUB_CLIENT_CONFIRMATION_OK"
16654,10404456886,10404456929,1,"IOTHUB_CLIENT_CONFIRMATION_OK"
16655,10404457087,10404457281,1,"IOTHUB_CLIENT_CONFIRMATION_OK"
16656,10404457287,10404457341,1,"IOTHUB_CLIENT_CONFIRMATION_OK"
16657,10404457487,10404457518,1,"IOTHUB_CLIENT_CONFIRMATION_OK"
16658,10404457687,10404457866,1,"IOTHUB_CLIENT_CONFIRMATION_OK"
16659,10404457887,10404457936,1,"IOTHUB_CLIENT_CONFIRMATION_OK"
16660,10404458087,10404458129,1,"IOTHUB_CLIENT_CONFIRMATION_OK"
16661,10404458288,10404458327,1,"IOTHUB_CLIENT_CONFIRMATION_OK"
16662,10404458488,10404458526,1,"IOTHUB_CLIENT_CONFIRMATION_OK"
16663,10404458688,10404458718,1,"IOTHUB_CLIENT_CONFIRMATION_OK"
16664,10404458888,10404458920,1,"IOTHUB_CLIENT_CONFIRMATION_OK"
16665,10404459088,10404459123,1,"IOTHUB_CLIENT_CONFIRMATION_OK"
16666,10404459288,10404459331,1,"IOTHUB_CLIENT_CONFIRMATION_OK"
16667,10404459489,10404459525,1,"IOTHUB_CLIENT_CONFIRMATION_OK"
16668,10404459689,10404459761,1,"IOTHUB_CLIENT_CONFIRMATION_OK"
16669,10404459889,10404459931,1,"IOTHUB_CLIENT_CONFIRMATION_OK"
16670,10404460089,10404460137,1,"IOTHUB_CLIENT_CONFIRMATION_OK"
16671,10404460289,10404460340,1,"IOTHUB_CLIENT_CONFIRMATION_OK"
16672,10404460489,10404460528,1,"IOTHUB_CLIENT_CONFIRMATION_OK"
16673,10404460690,10404460721,1,"IOTHUB_CLIENT_CONFIRMATION_OK"
16674,10404460890,10404460946,1,"IOTHUB_CLIENT_CONFIRMATION_OK"
16675,10404461090,10404461127,1,"IOTHUB_CLIENT_CONFIRMATION_OK"
16676,10404461290,10404461348,1,"IOTHUB_CLIENT_CONFIRMATION_OK"
16677,10404461490,10404461544,1,"IOTHUB_CLIENT_CONFIRMATION_OK"
16678,10404461690,10404461739,1,"IOTHUB_CLIENT_CONFIRMATION_OK"
16679,10404461890,10404461945,1,"IOTHUB_CLIENT_CONFIRMATION_OK"
16680,10404462091,10404462127,1,"IOTHUB_CLIENT_CONFIRMATION_OK"
16681,10404462291,10404462334,1,"IOTHUB_CLIENT_CONFIRMATION_OK"
16682,10404462491,10404462525,1,"IOTHUB_CLIENT_CONFIRMATION_OK"
16683,10404462691,10404462733,1,"IOTHUB_CLIENT_CONFIRMATION_OK"
16684,10404462891,10404462936,1,"IOTHUB_CLIENT_CONFIRMATION_OK"
16685,10404463091,10404463128,1,"IOTHUB_CLIENT_CONFIRMATION_OK"
16686,10404463292,10404463333,1,"IOTHUB_CLIENT_CONFIRMATION_OK"
16687,10404463492,10404463589,1,"IOTHUB_CLIENT_CONFIRMATION_OK"
16688,10404463692,10404463726,1,"IOTHUB_CLIENT_CONFIRMATION_OK"
16689,10404463892,10404463926,1,"IOTHUB_CLIENT_CONFIRMATION_OK"
16690,10404464092,10404464205,1,"IOTHUB_CLIENT_CONFIRMATION_OK"
16691,10404464292,10404464330,1,"IOTHUB_CLIENT_CONFIRMATION_OK"
16692,10404464493,10404464529,1,"IOTHUB_CLIENT_CONFIRMATION_OK"
16693,10404464693,10404464864,1,"IOTHUB_CLIENT_CONFIRMATION_OK"
16694,10404464893,10404464926,1,"IOTHUB_CLIENT_CONFIRMATION_OK"
16695,10404465093,10404465131,1,"IOTHUB_CLIENT_CONFIRMATION_OK"
16696,10404465293,10404465487,1,"IOTHUB_CLIENT_CONFIRMATION_OK"
16697,10404465493,10404465537,1,"IOTHUB_CLIENT_CONFIRMATION_OK"
16698,10404465694,10404465729,1,"IOTHUB_CLIENT_CONFIRMATION_OK"
16699,10404465894,10404465932,1,"IOTHUB_CLIENT_CONFIRMATION_OK"
16700,10404466094,10404466130,1,"IOTHUB_CLIENT_CONFIRMATION_OK"
16701,10404466294,10404466329,1,"IOTHUB_CLIENT_CONFIRMATION_OK"
16702,10404466494,10404466536,1,"IOTHUB_CLIENT_CONFIRMATION_OK"
16703,10404466694,10404466732,1,"IOTHUB_CLIENT_CONFIRMATION_OK"
16704,10404466894,10404466933,1,"IOTHUB_CLIENT_CONFIRMATION_OK"
16705,10404467095,10404467211,1,"IOTHUB_CLIENT_CONFIRMATION_OK"
16706,10404467295,10404467411,1,"IOTHUB_CLIENT_CONFIRMATION_OK"
16707,10404467495,10404467533,1,"IOTHUB_CLIENT_CONFIRMATION_OK"
16708,10404467695,10404467772,1,"IOTHUB_CLIENT_CONFIRMATION_OK"
16709,10404467895,10404468095,1,"IOTHUB_CLIENT_CONFIRMATION_OK"
16710,10404468095,10404468134,1,"IOTHUB_CLIENT_CONFIRMATION_OK"
16711,10404468296,10404468337,1,"IOTHUB_CLIENT_CONFIRMATION_OK"
16712,10404468496,10404468535,1,"IOTHUB_CLIENT_CONFIRMATION_OK"
16713,10404468696,10404468734,1,"IOTHUB_CLIENT_CONFIRMATION_OK"
16714,10404468896,10404468933,1,"IOTHUB_CLIENT_CONFIRMATION_OK"
16715,10404469096,10404469128,1,"IOTHUB_CLIENT_CONFIRMATION_OK"
16716,10404469296,10404469343,1,"IOTHUB_CLIENT_CONFIRMATION_OK"
16717,10404469497,10404469532,1,"IOTHUB_CLIENT_CONFIRMATION_OK"
16718,10404469697,10404469921,1,"IOTHUB_CLIENT_CONFIRMATION_OK"
16719,10404469897,10404469929,1,"IOTHUB_CLIENT_CONFIRMATION_OK"
16720,10404470097,10404470143,1,"IOTHUB_CLIENT_CONFIRMATION_OK"
16721,10404470297,10404470333,1,"IOTHUB_CLIENT_CONFIRMATION_OK"
16722,10404470497,10404470546,1,"IOTHUB_CLIENT_CONFIRMATION_OK"
16723,10404470697,10404470732,1,"IOTHUB_CLIENT_CONFIRMATION_OK"
16724,10404470898,10404470942,1,"IOTHUB_CLIENT_CONFIRMATION_OK"
16725,10404471098,10404471139,1,"IOTHUB_CLIENT_CONFIRMATION_OK"
16726,10404471298,10404471334,1,"IOTHUB_CLIENT_CONFIRMATION_OK"
16727,10404471498,10404471530,1,"IOTHUB_CLIENT_CONFIRMATION_OK"
16728,10404471698,10404471738,1,"IOTHUB_CLIENT_CONFIRMATION_OK"
16729,10404471898,10404471935,1,"IOTHUB_CLIENT_CONFIRMATION_OK"
16730,10404472099,10404472142,1,"IOTHUB_CLIENT_CONFIRMATION_OK"
16731,10404472299,10404472345,1,"IOTHUB_CLIENT_CONFIRMATION_OK"
16732,10404472499,10404472535,1,"IOTHUB_CLIENT_CONFIRMATION_OK"
16733,10404472699,10404472734,1,"IOTHUB_CLIENT_CONFIRMATION_OK"
16734,10404472899,10404472956,1,"IOTHUB_CLIENT_CONFIRMATION_OK"
16735,10404473099,10404473147,1,"IOTHUB_CLIENT_CONFIRMATION_OK"
16736,10404473299,10404473342,1,"IOTHUB_CLIENT_CONFIRMATION_OK"
16737,10404473500,10404473573,1,"IOTHUB_CLIENT_CONFIRMATION_OK"
16738,10404473700,10404473734,1,"IOTHUB_CLIENT_CONFIRMATION_OK"
16739,10404473900,10404473946,1,"IOTHUB_CLIENT_CONFIRMATION_OK"
16740,10404474100,10404474138,1,"IOTHUB_CLIENT_CONFIRMATION_OK"
16741,10404474300,10404474332,1,"IOTHUB_CLIENT_CONFIRMATION_OK"
16742,10404474500,10404474541,1,"IOTHUB_CLIENT_CONFIRMATION_OK"
16743,10404474701,10404474749,1,"IOTHUB_CLIENT_CONFIRMATION_OK"
16744,10404474901,10404474939,1,"IOTHUB_CLIENT_CONFIRMATION_OK"
16745,10404475101,10404475148,1,"IOTHUB_CLIENT_CONFIRMATION_OK"
16746,10404475301,10404475344,1,"IOTHUB_CLIENT_CONFIRMATION_OK"
16747,10404475501,10404475540,1,"IOTHUB_CLIENT_CONFIRMATION_OK"
16748,10404475701,10404475734,1,"IOTHUB_CLIENT_CONFIRMATION_OK"
16749,10404475902,10404475935,1,"IOTHUB_CLIENT_CONFIRMATION_OK"
16750,10404476102,10404476232,1,"IOTHUB_CLIENT_CONFIRMATION_OK"
16751,10404476302,10404476418,1,"IOTHUB_CLIENT_CONFIRMATION_OK"
16752,10404476502,10404476540,1,"IOTHUB_CLIENT_CONFIRMATION_OK"
16753,10404476702,10404476842,1,"IOTHUB_CLIENT_CONFIRMATION_OK"
16754,10404476902,10404476944,1,"IOTHUB_CLIENT_CONFIRMATION_OK"
16755,10404477103,10404477144,1,"IOTHUB_CLIENT_CONFIRMATION_OK"
16756,10404477303,10404477439,1,"IOTHUB_CLIENT_CONFIRMATION_OK"
16757,10404477503,10404477553,1,"IOTHUB_CLIENT_CONFIRMATION_OK"
16758,10404477703,10404477738,1,"IOTHUB_CLIENT_CONFIRMATION_OK"
16759,10404477903,10404477948,1,"IOTHUB_CLIENT_CONFIRMATION_OK"
16760,10404478103,10404478147,1,"IOTHUB_CLIENT_CONFIRMATION_OK"
16761,10404478303,10404478351,1,"IOTHUB_CLIENT_CONFIRMATION_OK"
16762,10404478504,10404478538,1,"IOTHUB_CLIENT_CONFIRMATION_OK"
16763,10404478704,10404478738,1,"IOTHUB_CLIENT_CONFIRMATION_OK"
16764,10404478904,10404478947,1,"IOTHUB_CLIENT_CONFIRMATION_OK"
16765,10404479104,10404479142,1,"IOTHUB_CLIENT_CONFIRMATION_OK"
16766,10404479304,10404479343,1,"IOTHUB_CLIENT_CONFIRMATION_OK"
16767,10404479504,10404479544,1,"IOTHUB_CLIENT_CONFIRMATION_OK"
16768,10404479704,10404479828,1,"IOTHUB_CLIENT_CONFIRMATION_OK"
16769,10404479905,10404479946,1,"IOTHUB_CLIENT_CONFIRMATION_OK"
16770,10404480105,10404480139,1,"IOTHUB_CLIENT_CONFIRMATION_OK"
16771,10404480305,10404480358,1,"IOTHUB_CLIENT_CONFIRMATION_OK"
16772,10404480505,10404480538,1,"IOTHUB_CLIENT_CONFIRMATION_OK"
16773,10404480705,10404480775,1,"IOTHUB_CLIENT_CONFIRMATION_OK"
16774,10404480905,10404480946,1,"IOTHUB_CLIENT_CONFIRMATION_OK"
16775,10404481106,10404481141,1,"IOTHUB_CLIENT_CONFIRMATION_OK"
16776,10404481306,10404481344,1,"IOTHUB_CLIENT_CONFIRMATION_OK"
16777,10404481506,10404481546,1,"IOTHUB_CLIENT_CONFIRMATION_OK"
16778,10404481706,10404481904,1,"IOTHUB_CLIENT_CONFIRMATION_OK"
16779,10404481906,10404481943,1,"IOTHUB_CLIENT_CONFIRMATION_OK"
16780,10404482106,10404482157,1,"IOTHUB_CLIENT_CONFIRMATION_OK"
16781,10404482306,10404482342,1,"IOTHUB_CLIENT_CONFIRMATION_OK"
16782,10404482507,10404482554,1,"IOTHUB_CLIENT_CONFIRMATION_OK"
16783,10404482707,10404482748,1,"IOTHUB_CLIENT_CONFIRMATION_OK"
16784,10404482907,10404482947,1,"IOTHUB_CLIENT_CONFIRMATION_OK"
16785,10404483107,10404483158,1,"IOTHUB_CLIENT_CONFIRMATION_OK"
16786,10404483307,10404483340,1,"IOTHUB_CLIENT_CONFIRMATION_OK"
16787,10404483507,10404483547,1,"IOTHUB_CLIENT_CONFIRMATION_OK"
16788,10404483708,10404483795,1,"IOTHUB_CLIENT_CONFIRMATION_OK"
16789,10404483908,10404483941,1,"IOTHUB_CLIENT_CONFIRMATION_OK"
16790,10404484108,10404484148,1,"IOTHUB_CLIENT_CONFIRMATION_OK"
16791,10404484308,10404484374,1,"IOTHUB_CLIENT_CONFIRMATION_OK"
16792,10404484508,10404484538,1,"IOTHUB_CLIENT_CONFIRMATION_OK"
16793,10404484708,10404484770,1,"IOTHUB_CLIENT_CONFIRMATION_OK"
16794,10404484909,10404484991,1,"IOTHUB_CLIENT_CONFIRMATION_OK"
16795,10404485109,10404485152,1,"IOTHUB_CLIENT_CONFIRMATION_OK"
16796,10404485309,10404485347,1,"IOTHUB_CLIENT_CONFIRMATION_OK"
16797,10404485509,10404485592,1,"IOTHUB_CLIENT_CONFIRMATION_OK"
16798,10404485709,10404485750,1,"IOTHUB_CLIENT_CONFIRMATION_OK"
16799,10404485909,10404485964,1,"IOTHUB_CLIENT_CONFIRMATION_OK"
16800,10404486110,10404486153,1,"IOTHUB_CLIENT_CONFIRMATION_OK"
16801,10404486310,10404486347,1,"IOTHUB_CLIENT_CONFIRMATION_OK"
16802,10404486510,10404486546,1,"IOTHUB_CLIENT_CONFIRMATION_OK"
16803,10404486710,10404486743,1,"IOTHUB_CLIENT_CONFIRMATION_OK"
16804,10404486910,10404486943,1,"IOTHUB_CLIENT_CONFIRMATION_OK"
16805,10404487110,10404487149,1,"IOTHUB_CLIENT_CONFIRMATION_OK"
16806,10404487310,10404487347,1,"IOTHUB_CLIENT_CONFIRMATION_OK"
16807,10404487511,10404487634,1,"IOTHUB_CLIENT_CONFIRMATION_OK"
16808,10404487711,10404487749,1,"IOTHUB_CLIENT_CONFIRMATION_OK"
16809,10404487911,10404487956,1,"IOTHUB_CLIENT_CONFIRMATION_OK"
16810,10404488111,10404488228,1,"IOTHUB_CLIENT_CONFIRMATION_OK"
16811,10404488311,10404488352,1,"IOTHUB_CLIENT_CONFIRMATION_OK"
16812,10404488511,10404488556,1,"IOTHUB_CLIENT_CONFIRMATION_OK"
16813,10404488711,10404488837,1,"IOTHUB_CLIENT_CONFIRMATION_OK"
16814,10404488912,10404488947,1,"IOTHUB_CLIENT_CONFIRMATION_OK"
16815,10404489112,10404489209,1,"IOTHUB_CLIENT_CONFIRMATION_OK"
16816,10404489312,10404489463,1,"IOTHUB_CLIENT_CONFIRMATION_OK"
16817,10404489512,10404489558,1,"IOTHUB_CLIENT_CONFIRMATION_OK"
16818,10404489712,10404489749,1,"IOTHUB_CLIENT_CONFIRMATION_OK"
16819,10404489912,10404489941,1,"IOTHUB_CLIENT_CONFIRMATION_OK"
16820,10404490113,10404490149,1,"IOTHUB_CLIENT_CONFIRMATION_OK"
16821,10404490313,10404490349,1,"IOTHUB_CLIENT_CONFIRMATION_OK"
16822,10404490513,10404490550,1,"IOTHUB_CLIENT_CONFIRMATION_OK"
16823,10404490713,10404490748,1,"IOTHUB_CLIENT_CONFIRMATION_OK"
16824,10404490913,10404490980,1,"IOTHUB_CLIENT_CONFIRMATION_OK"
16825,10404491113,10404491145,1,"IOTHUB_CLIENT_CONFIRMATION_OK"
16826,10404491314,10404491350,1,"IOTHUB_CLIENT_CONFIRMATION_OK"
16827,10404491514,10404491548,1,"IOTHUB_CLIENT_CONFIRMATION_OK"
16828,10404491714,10404491774,1,"IOTHUB_CLIENT_CONFIRMATION_OK"
16829,10404491914,10404491957,1,"IOTHUB_CLIENT_CONFIRMATION_OK"
16830,10404492114,10404492221,1,"IOTHUB_CLIENT_CONFIRMATION_OK"
16831,10404492314,10404492358,1,"IOTHUB_CLIENT_CONFIRMATION_OK"
16832,10404492515,10404492549,1,"IOTHUB_CLIENT_CONFIRMATION_OK"
16833,10404492715,10404492750,1,"IOTHUB_CLIENT_CONFIRMATION_OK"
16834,10404492915,10404492982,1,"IOTHUB_CLIENT_CONFIRMATION_OK"
16835,10404493115,10404493145,1,"IOTHUB_CLIENT_CONFIRMATION_OK"
16836,10404493315,10404493361,1,"IOTHUB_CLIENT_CONFIRMATION_OK"
16837,10404493515,10404493566,1,"IOTHUB_CLIENT_CONFIRMATION_OK"
16838,10404493716,10404493749,1,"IOTHUB_CLIENT_CONFIRMATION_OK"
16839,10404493916,10404493973,1,"IOTHUB_CLIENT_CONFIRMATION_OK"
16840,10404494116,10404494149,1,"IOTHUB_CLIENT_CONFIRMATION_OK"
16841,10404494316,10404494353,1,"IOTHUB_CLIENT_CONFIRMATION_OK"
16842,10404494516,10404494609,1,"IOTHUB_CLIENT_CONFIRMATION_OK"
16843,10404494716,10404494806,1,"IOTHUB_CLIENT_CONFIRMATION_OK"
16844,10404494916,10404494956,1,"IOTHUB_CLIENT_CONFIRMATION_OK"
16845,10404495117,10404495209,1,"IOTHUB_CLIENT_CONFIRMATION_OK"
16846,10404495317,10404495366,1,"IOTHUB_CLIENT_CONFIRMATION_OK"
16847,10404495517,10404495580,1,"IOTHUB_CLIENT_CONFIRMATION_OK"
16848,10404495717,10404495807,1,"IOTHUB_CLIENT_CONFIRMATION_OK"
16849,10404495917,10404496000,1,"IOTHUB_CLIENT_CONFIRMATION_OK"
16850,10404496117,10404496158,1,"IOTHUB_CLIENT_CONFIRMATION_OK"
16851,10404496318,10404496432,1,"IOTHUB_CLIENT_CONFIRMATION_OK"
16852,10404496518,10404496563,1,"IOTHUB_CLIENT_CONFIRMATION_OK"
16853,10404496718,10404496768,1,"IOTHUB_CLIENT_CONFIRMATION_OK"
16854,10404496918,10404497063,1,"IOTHUB_CLIENT_CONFIRMATION_OK"
16855,10404497118,10404497150,1,"IOTHUB_CLIENT_CONFIRMATION_OK"
16856,10404497318,10404497355,1,"IOTHUB_CLIENT_CONFIRMATION_OK"
16857,10404497518,10404497711,1,"IOTHUB_CLIENT_CONFIRMATION_OK"
16858,10404497719,10404497775,1,"IOTHUB_CLIENT_CONFIRMATION_OK"
16859,10404497919,10404497957,1,"IOTHUB_CLIENT_CONFIRMATION_OK"
16860,10404498119,10404498159,1,"IOTHUB_CLIENT_CONFIRMATION_OK"
16861,10404498319,10404498418,1,"IOTHUB_CLIENT_CONFIRMATION_OK"
16862,10404498519,10404498558,1,"IOTHUB_CLIENT_CONFIRMATION_OK"
16863,10404498719,10404498752,1,"IOTHUB_CLIENT_CONFIRMATION_OK"
16864,10404498920,10404498962,1,"IOTHUB_CLIENT_CONFIRMATION_OK"
16865,10404499120,10404499167,1,"IOTHUB_CLIENT_CONFIRMATION_OK"
16866,10404499320,10404499360,1,"IOTHUB_CLIENT_CONFIRMATION_OK"
16867,10404499520,10404499620,1,"IOTHUB_CLIENT_CONFIRMATION_OK"
16868,10404499720,10404499754,1,"IOTHUB_CLIENT_CONFIRMATION_OK"
16869,10404499920,10404499975,1,"IOTHUB_CLIENT_CONFIRMATION_OK"
16870,10404500121,10404500232,1,"IOTHUB_CLIENT_CONFIRMATION_OK"
16871,10404500321,10404500373,1,"IOTHUB_CLIENT_CONFIRMATION_OK"
16872,10404500521,10404500642,1,"IOTHUB_CLIENT_CONFIRMATION_OK"
16873,10404500721,10404500852,1,"IOTHUB_CLIENT_CONFIRMATION_OK"
16874,10404500921,10404500970,1,"IOTHUB_CLIENT_CONFIRMATION_OK"
16875,10404501121,10404501160,1,"IOTHUB_CLIENT_CONFIRMATION_OK"
16876,10404501321,10404501495,1,"IOTHUB_CLIENT_CONFIRMATION_OK"
16877,10404501522,10404501578,1,"IOTHUB_CLIENT_CONFIRMATION_OK"
16878,10404501722,10404501760,1,"IOTHUB_CLIENT_CONFIRMATION_OK"
16879,10404501922,10404501957,1,"IOTHUB_CLIENT_CONFIRMATION_OK"
16880,10404502122,10404502157,1,"IOTHUB_CLIENT_CONFIRMATION_OK"
16881,10404502322,10404502358,1,"IOTHUB_CLIENT_CONFIRMATION_OK"
16882,10404502522,10404502559,1,"IOTHUB_CLIENT_CONFIRMATION_OK"
16883,10404502723,10404502761,1,"IOTHUB_CLIENT_CONFIRMATION_OK"
16884,10404502923,10404502959,1,"IOTHUB_CLIENT_CONFIRMATION_OK"
16885,10404503123,10404503158,1,"IOTHUB_CLIENT_CONFIRMATION_OK"
16886,10404503323,10404503366,1,"IOTHUB_CLIENT_CONFIRMATION_OK"
16887,10404503523,10404503561,1,"IOTHUB_CLIENT_CONFIRMATION_OK"
16888,10404503723,10404503777,1,"IOTHUB_CLIENT_CONFIRMATION_OK"
16889,10404503924,10404503977,1,"IOTHUB_CLIENT_CONFIRMATION_OK"
16890,10404504124,10404504179,1,"IOTHUB_CLIENT_CONFIRMATION_OK"
16891,10404504324,10404504362,1,"IOTHUB_CLIENT_CONFIRMATION_OK"
16892,10404504524,10404504609,1,"IOTHUB_CLIENT_CONFIRMATION_OK"
16893,10404504724,10404504759,1,"IOTHUB_CLIENT_CONFIRMATION_OK"
16894,10404504924,10404504963,1,"IOTHUB_CLIENT_CONFIRMATION_OK"
16895,10404505125,10404505178,1,"IOTHUB_CLIENT_CONFIRMATION_OK"
16896,10404505325,10404505376,1,"IOTHUB_CLIENT_CONFIRMATION_OK"
16897,10404505525,10404505563,1,"IOTHUB_CLIENT_CONFIRMATION_OK"
16898,10404505725,10404505782,1,"IOTHUB_CLIENT_CONFIRMATION_OK"
16899,10404505925,10404505967,1,"IOTHUB_CLIENT_CONFIRMATION_OK"
16900,10404506125,10404506177,1,"IOTHUB_CLIENT_CONFIRMATION_OK"
16901,10404506326,10404506365,1,"IOTHUB_CLIENT_CONFIRMATION_OK"
16902,10404506526,10404506560,1,"IOTHUB_CLIENT_CONFIRMATION_OK"
16903,10404506726,10404506764,1,"IOTHUB_CLIENT_CONFIRMATION_OK"
16904,10404506926,10404506968,1,"IOTHUB_CLIENT_CONFIRMATION_OK"
16905,10404507126,10404507161,1,"IOTHUB_CLIENT_CONFIRMATION_OK"
16906,10404507326,10404507360,1,"IOTHUB_CLIENT_CONFIRMATION_OK"
16907,10404507526,10404507600,1,"IOTHUB_CLIENT_CONFIRMATION_OK"
16908,10404507727,10404507763,1,"IOTHUB_CLIENT_CONFIRMATION_OK"
16909,10404507927,10404507968,1,"IOTHUB_CLIENT_CONFIRMATION_OK"
16910,10404508127,10404508167,1,"IOTHUB_CLIENT_CONFIRMATION_OK"
16911,10404508327,10404508363,1,"IOTHUB_CLIENT_CONFIRMATION_OK"
16912,10404508527,10404508568,1,"IOTHUB_CLIENT_CONFIRMATION_OK"
16913,10404508727,10404508765,1,"IOTHUB_CLIENT_CONFIRMATION_OK"
16914,10404508928,10404508962,1,"IOTHUB_CLIENT_CONFIRMATION_OK"
16915,10404509128,10404509174,1,"IOTHUB_CLIENT_CONFIRMATION_OK"
16916,10404509328,10404509465,1,"IOTHUB_CLIENT_CONFIRMATION_OK"
16917,10404509528,10404509756,1,"IOTHUB_CLIENT_CONFIRMATION_OK"
16918,10404509728,10404509814,1,"IOTHUB_CLIENT_CONFIRMATION_OK"
16919,10404509928,10404509967,1,"IOTHUB_CLIENT_CONFIRMATION_OK"
16920,10404510128,10404510158,1,"IOTHUB_CLIENT_CONFIRMATION_OK"
16921,10404510329,10404510371,1,"IOTHUB_CLIENT_CONFIRMATION_OK"
16922,10404510529,10404510563,1,"IOTHUB_CLIENT_CONFIRMATION_OK"
16923,10404510729,10404510765,1,"IOTHUB_CLIENT_CONFIRMATION_OK"
16924,10404510929,10404510967,1,"IOTHUB_CLIENT_CONFIRMATION_OK"
16925,10404511129,10404511165,1,"IOTHUB_CLIENT_CONFIRMATION_OK"
16926,10404511329,10404511369,1,"IOTHUB_CLIENT_CONFIRMATION_OK"
16927,10404511530,10404511599,1,"IOTHUB_CLIENT_CONFIRMATION_OK"
16928,10404511730,10404511767,1,"IOTHUB_CLIENT_CONFIRMATION_OK"
16929,10404511930,10404511970,1,"IOTHUB_CLIENT_CONFIRMATION_OK"
16930,10404512130,10404512205,1,"IOTHUB_CLIENT_CONFIRMATION_OK"
16931,10404512330,10404512422,1,"IOTHUB_CLIENT_CONFIRMATION_OK"
16932,10404512530,10404512573,1,"IOTHUB_CLIENT_CONFIRMATION_OK"
16933,10404512730,10404512841,1,"IOTHUB_CLIENT_CONFIRMATION_OK"
16934,10404512931,10404512975,1,"IOTHUB_CLIENT_CONFIRMATION_OK"
16935,10404513131,10404513184,1,"IOTHUB_CLIENT_CONFIRMATION_OK"
16936,10404513331,10404513473,1,"IOTHUB_CLIENT_CONFIRMATION_OK"
16937,10404513531,10404513565,1,"IOTHUB_CLIENT_CONFIRMATION_OK"
16938,10404513731,10404513775,1,"IOTHUB_CLIENT_CONFIRMATION_OK"
16939,10404513931,10404513966,1,"IOTHUB_CLIENT_CONFIRMATION_OK"
16940,10404514131,10404514172,1,"IOTHUB_CLIENT_CONFIRMATION_OK"
16941,10404514332,10404514364,1,"IOTHUB_CLIENT_CONFIRMATION_OK"
16942,10404514532,10404514572,1,"IOTHUB_CLIENT_CONFIRMATION_OK"
16943,10404514732,10404514768,1,"IOTHUB_CLIENT_CONFIRMATION_OK"
16944,10404514932,10404514972,1,"IOTHUB_CLIENT_CONFIRMATION_OK"
16945,10404515132,10404515172,1,"IOTHUB_CLIENT_CONFIRMATION_OK"
16946,10404515332,10404515385,1,"IOTHUB_CLIENT_CONFIRMATION_OK"
16947,10404515533,10404515573,1,"IOTHUB_CLIENT_CONFIRMATION_OK"
16948,10404515733,10404515849,1,"IOTHUB_CLIENT_CONFIRMATION_OK"
16949,10404515933,10404515974,1,"IOTHUB_CLIENT_CONFIRMATION_OK"
16950,10404516133,10404516176,1,"IOTHUB_CLIENT_CONFIRMATION_OK"
16951,10404516333,10404516387,1,"IOTHUB_CLIENT_CONFIRMATION_OK"
16952,10404516533,10404516564,1,"IOTHUB_CLIENT_CONFIRMATION_OK"
16953,10404516733,10404516768,1,"IOTHUB_CLIENT_CONFIRMATION_OK"
16954,10404516934,10404516977,1,"IOTHUB_CLIENT_CONFIRMATION_OK"
16955,10404517134,10404517172,1,"IOTHUB_CLIENT_CONFIRMATION_OK"
16956,10404517334,10404517372,1,"IOTHUB_CLIENT_CONFIRMATION_OK"
16957,10404517534,10404517568,1,"IOTHUB_CLIENT_CONFIRMATION_OK"
16958,10404517734,10404517767,1,"IOTHUB_CLIENT_CONFIRMATION_OK"
16959,10404517934,10404517974,1,"IOTHUB_CLIENT_CONFIRMATION_OK"
16960,10404518135,10404518170,1,"IOTHUB_CLIENT_CONFIRMATION_OK"
16961,10404518335,10404518377,1,"IOTHUB_CLIENT_CONFIRMATION_OK"
16962,10404518535,10404518608,1,"IOTHUB_CLIENT_CONFIRMATION_OK"
16963,10404518735,10404518770,1,"IOTHUB_CLIENT_CONFIRMATION_OK"
16964,10404518935,10404518975,1,"IOTHUB_CLIENT_CONFIRMATION_OK"
16965,10404519135,10404519197,1,"IOTHUB_CLIENT_CONFIRMATION_OK"
16966,10404519336,10404519374,1,"IOTHUB_CLIENT_CONFIRMATION_OK"
16967,10404519536,10404519573,1,"IOTHUB_CLIENT_CONFIRMATION_OK"
16968,10404519736,10404519816,1,"IOTHUB_CLIENT_CONFIRMATION_OK"
16969,10404519936,10404519966,1,"IOTHUB_CLIENT_CONFIRMATION_OK"
16970,10404520136,10404520172,1,"IOTHUB_CLIENT_CONFIRMATION_OK"
16971,10404520336,10404520433,1,"IOTHUB_CLIENT_CONFIRMATION_OK"
16972,10404520536,10404520568,1,"IOTHUB_CLIENT_CONFIRMATION_OK"
16973,10404520737,10404520793,1,"IOTHUB_CLIENT_CONFIRMATION_OK"
16974,10404520937,10404521050,1,"IOTHUB_CLIENT_CONFIRMATION_OK"
16975,10404521137,10404521208,1,"IOTHUB_CLIENT_CONFIRMATION_OK"
16976,10404521337,10404521373,1,"IOTHUB_CLIENT_CONFIRMATION_OK"
16977,10404521537,10404521651,1,"IOTHUB_CLIENT_CONFIRMATION_OK"
16978,10404521737,10404521770,1,"IOTHUB_CLIENT_CONFIRMATION_OK"
16979,10404521938,10404521973,1,"IOTHUB_CLIENT_CONFIRMATION_OK"
16980,10404522138,10404522179,1,"IOTHUB_CLIENT_CONFIRMATION_OK"
16981,10404522338,10404522378,1,"IOTHUB_CLIENT_CONFIRMATION_OK"
16982,10404522538,10404522588,1,"IOTHUB_CLIENT_CONFIRMATION_OK"
16983,10404522738,10404522776,1,"IOTHUB_CLIENT_CONFIRMATION_OK"
16984,10404522938,10404522984,1,"IOTHUB_CLIENT_CONFIRMATION_OK"
16985,10404523138,10404523180,1,"IOTHUB_CLIENT_CONFIRMATION_OK"
16986,10404523339,10404523376,1,"IOTHUB_CLIENT_CONFIRMATION_OK"
16987,10404523539,10404523598,1,"IOTHUB_CLIENT_CONFIRMATION_OK"
16988,10404523739,10404523773,1,"IOTHUB_CLIENT_CONFIRMATION_OK"
16989,10404523939,10404523974,1,"IOTHUB_CLIENT_CONFIRMATION_OK"
16990,10404524139,10404524215,1,"IOTHUB_CLIENT_CONFIRMATION_OK"
16991,10404524339,10404524377,1,"IOTHUB_CLIENT_CONFIRMATION_OK"
16992,10404524540,10404524585,1,"IOTHUB_CLIENT_CONFIRMATION_OK"
16993,10404524740,10404524829,1,"IOTHUB_CLIENT_CONFIRMATION_OK"
16994,10404524940,10404524979,1,"IOTHUB_CLIENT_CONFIRMATION_OK"
16995,10404525140,10404525173,1,"IOTHUB_CLIENT_CONFIRMATION_OK"
16996,10404525340,10404525432,1,"IOTHUB_CLIENT_CONFIRMATION_OK"
16997,10404525540,10404525580,1,"IOTHUB_CLIENT_CONFIRMATION_OK"
16998,10404525740,10404525781,1,"IOTHUB_CLIENT_CONFIRMATION_OK"
16999,10404525941,10404525976,1,"IOTHUB_CLIENT_CONFIRMATION_OK"
17000,10404526141,10404526173,1,"IOTHUB_CLIENT_CONFIRMATION_OK"
17001,10404526341,10404526379,1,"IOTHUB_CLIENT_CONFIRMATION_OK"
17002,10404526541,10404526602,1,"IOTHUB_CLIENT_CONFIRMATION_OK"
17003,10404526741,10404526773,1,"IOTHUB_CLIENT_CONFIRMATION_OK"
17004,10404526941,10404526987,1,"IOTHUB_CLIENT_CONFIRMATION_OK"
17005,10404527142,10404527176,1,"IOTHUB_CLIENT_CONFIRMATION_OK"
17006,10404527342,10404527377,1,"IOTHUB_CLIENT_CONFIRMATION_OK"
17007,10404527542,10404527581,1,"IOTHUB_CLIENT_CONFIRMATION_OK"
17008,10404527742,10404527778,1,"IOTHUB_CLIENT_CONFIRMATION_OK"
17009,10404527942,10404527997,1,"IOTHUB_CLIENT_CONFIRMATION_OK"
17010,10404528142,10404528179,1,"IOTHUB_CLIENT_CONFIRMATION_OK"
17011,10404528343,10404528380,1,"IOTHUB_CLIENT_CONFIRMATION_OK"
17012,10404528543,10404528586,1,"IOTHUB_CLIENT_CONFIRMATION_OK"
17013,10404528743,10404528785,1,"IOTHUB_CLIENT_CONFIRMATION_OK"
17014,10404528943,10404528990,1,"IOTHUB_CLIENT_CONFIRMATION_OK"
17015,10404529143,10404529185,1,"IOTHUB_CLIENT_CONFIRMATION_OK"
17016,10404529343,10404529387,1,"IOTHUB_CLIENT_CONFIRMATION_OK"
17017,10404529544,10404529584,1,"IOTHUB_CLIENT_CONFIRMATION_OK"
17018,10404529744,10404529793,1,"IOTHUB_CLIENT_CONFIRMATION_OK"
17019,10404529944,10404529991,1,"IOTHUB_CLIENT_CONFIRMATION_OK"
17020,10404530144,10404530177,1,"IOTHUB_CLIENT_CONFIRMATION_OK"
17021,10404530344,10404530378,1,"IOTHUB_CLIENT_CONFIRMATION_OK"
17022,10404530544,10404530587,1,"IOTHUB_CLIENT_CONFIRMATION_OK"
17023,10404530745,10404530779,1,"IOTHUB_CLIENT_CONFIRMATION_OK"
17024,10404530945,10404530978,1,"IOTHUB_CLIENT_CONFIRMATION_OK"
17025,10404531145,10404531215,1,"IOTHUB_CLIENT_CONFIRMATION_OK"
17026,10404531345,10404531396,1,"IOTHUB_CLIENT_CONFIRMATION_OK"
17027,10404531545,10404531582,1,"IOTHUB_CLIENT_CONFIRMATION_OK"
17028,10404531745,10404531851,1,"IOTHUB_CLIENT_CONFIRMATION_OK"
17029,10404531946,10404531991,1,"IOTHUB_CLIENT_CONFIRMATION_OK"
17030,10404532146,10404532184,1,"IOTHUB_CLIENT_CONFIRMATION_OK"
17031,10404532346,10404532484,1,"IOTHUB_CLIENT_CONFIRMATION_OK"
17032,10404532546,10404532581,1,"IOTHUB_CLIENT_CONFIRMATION_OK"
17033,10404532746,10404532791,1,"IOTHUB_CLIENT_CONFIRMATION_OK"
17034,10404532946,10404533087,1,"IOTHUB_CLIENT_CONFIRMATION_OK"
17035,10404533146,10404533181,1,"IOTHUB_CLIENT_CONFIRMATION_OK"
17036,10404533347,10404533401,1,"IOTHUB_CLIENT_CONFIRMATION_OK"
17037,10404533547,10404533691,1,"IOTHUB_CLIENT_CONFIRMATION_OK"
17038,10404533747,10404533782,1,"IOTHUB_CLIENT_CONFIRMATION_OK"
17039,10404533947,10404533984,1,"IOTHUB_CLIENT_CONFIRMATION_OK"
17040,10404534147,10404534189,1,"IOTHUB_CLIENT_CONFIRMATION_OK"
17041,10404534347,10404534382,1,"IOTHUB_CLIENT_CONFIRMATION_OK"
17042,10404534548,10404534583,1,"IOTHUB_CLIENT_CONFIRMATION_OK"
17043,10404534748,10404534788,1,"IOTHUB_CLIENT_CONFIRMATION_OK"
17044,10404534948,10404534982,1,"IOTHUB_CLIENT_CONFIRMATION_OK"
17045,10404535148,10404535211,1,"IOTHUB_CLIENT_CONFIRMATION_OK"
17046,10404535348,10404535418,1,"IOTHUB_CLIENT_CONFIRMATION_OK"
17047,10404535548,10404535586,1,"IOTHUB_CLIENT_CONFIRMATION_OK"
17048,10404535748,10404535791,1,"IOTHUB_CLIENT_CONFIRMATION_OK"
17049,10404535949,10404535987,1,"IOTHUB_CLIENT_CONFIRMATION_OK"
17050,10404536149,10404536185,1,"IOTHUB_CLIENT_CONFIRMATION_OK"
17051,10404536349,10404536391,1,"IOTHUB_CLIENT_CONFIRMATION_OK"
17052,10404536549,10404536583,1,"IOTHUB_CLIENT_CONFIRMATION_OK"
17053,10404536749,10404536797,1,"IOTHUB_CLIENT_CONFIRMATION_OK"
17054,10404536949,10404536983,1,"IOTHUB_CLIENT_CONFIRMATION_OK"
17055,10404537150,10404537182,1,"IOTHUB_CLIENT_CONFIRMATION_OK"
17056,10404537350,10404537397,1,"IOTHUB_CLIENT_CONFIRMATION_OK"
17057,10404537550,10404537618,1,"IOTHUB_CLIENT_CONFIRMATION_OK"
17058,10404537750,10404537788,1,"IOTHUB_CLIENT_CONFIRMATION_OK"
17059,10404537950,10404537995,1,"IOTHUB_CLIENT_CONFIRMATION_OK"
17060,10404538150,10404538208,1,"IOTHUB_CLIENT_CONFIRMATION_OK"
17061,10404538350,10404538383,1,"IOTHUB_CLIENT_CONFIRMATION_OK"
17062,10404538551,10404538885,1,"IOTHUB_CLIENT_CONFIRMATION_OK"
17063,10404538751,10404538915,1,"IOTHUB_CLIENT_CONFIRMATION_OK"
17064,10404538951,10404538989,1,"IOTHUB_CLIENT_CONFIRMATION_OK"
17065,10404539151,10404539183,1,"IOTHUB_CLIENT_CONFIRMATION_OK"
17066,10404539351,10404539406,1,"IOTHUB_CLIENT_CONFIRMATION_OK"
17067,10404539551,10404539589,1,"IOTHUB_CLIENT_CONFIRMATION_OK"
17068,10404539752,10404539791,1,"IOTHUB_CLIENT_CONFIRMATION_OK"
17069,10404539952,10404539986,1,"IOTHUB_CLIENT_CONFIRMATION_OK"
17070,10404540152,10404540193,1,"IOTHUB_CLIENT_CONFIRMATION_OK"
17071,10404540352,10404540414,1,"IOTHUB_CLIENT_CONFIRMATION_OK"
17072,10404540552,10404540599,1,"IOTHUB_CLIENT_CONFIRMATION_OK"
17073,10404540752,10404540789,1,"IOTHUB_CLIENT_CONFIRMATION_OK"
17074,10404540952,10404541012,1,"IOTHUB_CLIENT_CONFIRMATION_OK"
17075,10404541153,10404541416,1,"IOTHUB_CLIENT_CONFIRMATION_OK"
17076,10404541353,10404541433,1,"IOTHUB_CLIENT_CONFIRMATION_OK"
17077,10404541553,10404541590,1,"IOTHUB_CLIENT_CONFIRMATION_OK"
17078,10404541753,10404541956,1,"IOTHUB_CLIENT_CONFIRMATION_OK"
17079,10404541953,10404541987,1,"IOTHUB_CLIENT_CONFIRMATION_OK"
17080,10404542153,10404542221,1,"IOTHUB_CLIENT_CONFIRMATION_OK"
17081,10404542353,10404542399,1,"IOTHUB_CLIENT_CONFIRMATION_OK"
17082,10404542554,10404542597,1,"IOTHUB_CLIENT_CONFIRMATION_OK"
17083,10404542754,10404542818,1,"IOTHUB_CLIENT_CONFIRMATION_OK"
17084,10404542954,10404542988,1,"IOTHUB_CLIENT_CONFIRMATION_OK"
17085,10404543154,10404543224,1,"IOTHUB_CLIENT_CONFIRMATION_OK"
17086,10404543354,10404543393,1,"IOTHUB_CLIENT_CONFIRMATION_OK"
17087,10404543554,10404543592,1,"IOTHUB_CLIENT_CONFIRMATION_OK"
17088,10404543755,10404543800,1,"IOTHUB_CLIENT_CONFIRMATION_OK"
17089,10404543955,10404543992,1,"IOTHUB_CLIENT_CONFIRMATION_OK"
17090,10404544155,10404544197,1,"IOTHUB_CLIENT_CONFIRMATION_OK"
17091,10404544355,10404544405,1,"IOTHUB_CLIENT_CONFIRMATION_OK"
17092,10404544555,10404544587,1,"IOTHUB_CLIENT_CONFIRMATION_OK"
17093,10404544755,10404544799,1,"IOTHUB_CLIENT_CONFIRMATION_OK"
17094,10404544955,10404545510,1,"IOTHUB_CLIENT_CONFIRMATION_OK"
17095,10404545156,10404545727,1,"IOTHUB_CLIENT_CONFIRMATION_OK"
17096,10404545356,10404545786,1,"IOTHUB_CLIENT_CONFIRMATION_OK"
17097,10404545556,10404545845,1,"IOTHUB_CLIENT_CONFIRMATION_OK"
17098,10404545756,10404545921,1,"IOTHUB_CLIENT_CONFIRMATION_OK"
17099,10404545956,10404546006,1,"IOTHUB_CLIENT_CONFIRMATION_OK"
17100,10404546156,10404546207,1,"IOTHUB_CLIENT_CONFIRMATION_OK"
17101,10404546357,10404546395,1,"IOTHUB_CLIENT_CONFIRMATION_OK"
17102,10404546557,10404546611,1,"IOTHUB_CLIENT_CONFIRMATION_OK"
17103,10404546757,10404546795,1,"IOTHUB_CLIENT_CONFIRMATION_OK"
17104,10404546957,10404547000,1,"IOTHUB_CLIENT_CONFIRMATION_OK"
17105,10404547157,10404547204,1,"IOTHUB_CLIENT_CONFIRMATION_OK"
17106,10404547357,10404547391,1,"IOTHUB_CLIENT_CONFIRMATION_OK"
17107,10404547558,10404547598,1,"IOTHUB_CLIENT_CONFIRMATION_OK"
17108,10404547758,10404547794,1,"IOTHUB_CLIENT_CONFIRMATION_OK"
17109,10404547958,10404548072,1,"IOTHUB_CLIENT_CONFIRMATION_OK"
17110,10404548158,10404548197,1,"IOTHUB_CLIENT_CONFIRMATION_OK"
17111,10404548358,10404548420,1,"IOTHUB_CLIENT_CONFIRMATION_OK"
17112,10404548558,10404548593,1,"IOTHUB_CLIENT_CONFIRMATION_OK"
17113,10404548759,10404548798,1,"IOTHUB_CLIENT_CONFIRMATION_OK"
17114,10404548959,10404548998,1,"IOTHUB_CLIENT_CONFIRMATION_OK"
17115,10404549159,10404549212,1,"IOTHUB_CLIENT_CONFIRMATION_OK"
17116,10404549359,10404549445,1,"IOTHUB_CLIENT_CONFIRMATION_OK"
17117,10404549559,10404549605,1,"IOTHUB_CLIENT_CONFIRMATION_OK"
17118,10404549759,10404549800,1,"IOTHUB_CLIENT_CONFIRMATION_OK"
17119,10404549959,10404549997,1,"IOTHUB_CLIENT_CONFIRMATION_OK"
17120,10404550160,10404550196,1,"IOTHUB_CLIENT_CONFIRMATION_OK"
17121,10404550360,10404550400,1,"IOTHUB_CLIENT_CONFIRMATION_OK"
17122,10404550560,10404550595,1,"IOTHUB_CLIENT_CONFIRMATION_OK"
17123,10404550760,10404550795,1,"IOTHUB_CLIENT_CONFIRMATION_OK"
17124,10404550960,10404551009,1,"IOTHUB_CLIENT_CONFIRMATION_OK"
17125,10404551160,10404551194,1,"IOTHUB_CLIENT_CONFIRMATION_OK"
17126,10404551361,10404551456,1,"IOTHUB_CLIENT_CONFIRMATION_OK"
17127,10404551561,10404551596,1,"IOTHUB_CLIENT_CONFIRMATION_OK"
17128,10404551761,10404551802,1,"IOTHUB_CLIENT_CONFIRMATION_OK"
17129,10404551961,10404552086,1,"IOTHUB_CLIENT_CONFIRMATION_OK"
17130,10404552161,10404552197,1,"IOTHUB_CLIENT_CONFIRMATION_OK"
17131,10404552361,10404552396,1,"IOTHUB_CLIENT_CONFIRMATION_OK"
17132,10404552562,10404552690,1,"IOTHUB_CLIENT_CONFIRMATION_OK"
17133,10404552762,10404552806,1,"IOTHUB_CLIENT_CONFIRMATION_OK"
17134,10404552962,10404552998,1,"IOTHUB_CLIENT_CONFIRMATION_OK"
17135,10404553162,10404553314,1,"IOTHUB_CLIENT_CONFIRMATION_OK"
17136,10404553362,10404553399,1,"IOTHUB_CLIENT_CONFIRMATION_OK"
17137,10404553562,10404553600,1,"IOTHUB_CLIENT_CONFIRMATION_OK"
17138,10404553762,10404553907,1,"IOTHUB_CLIENT_CONFIRMATION_OK"
17139,10404553963,10404553991,1,"IOTHUB_CLIENT_CONFIRMATION_OK"
17140,10404554163,10404554203,1,"IOTHUB_CLIENT_CONFIRMATION_OK"
17141,10404554363,10404554403,1,"IOTHUB_CLIENT_CONFIRMATION_OK"
17142,10404554563,10404554600,1,"IOTHUB_CLIENT_CONFIRMATION_OK"
17143,10404554763,10404554798,1,"IOTHUB_CLIENT_CONFIRMATION_OK"
17144,10404554963,10404555000,1,"IOTHUB_CLIENT_CONFIRMATION_OK"
17145,10404555164,10404555205,1,"IOTHUB_CLIENT_CONFIRMATION_OK"
17146,10404555364,10404555414,1,"IOTHUB_CLIENT_CONFIRMATION_OK"
17147,10404555564,10404555606,1,"IOTHUB_CLIENT_CONFIRMATION_OK"
17148,10404555764,10404555808,1,"IOTHUB_CLIENT_CONFIRMATION_OK"
17149,10404555964,10404556019,1,"IOTHUB_CLIENT_CONFIRMATION_OK"
17150,10404556164,10404556203,1,"IOTHUB_CLIENT_CONFIRMATION_OK"
17151,10404556365,10404556415,1,"IOTHUB_CLIENT_CONFIRMATION_OK"
17152,10404556565,10404556605,1,"IOTHUB_CLIENT_CONFIRMATION_OK"
17153,10404556765,10404556797,1,"IOTHUB_CLIENT_CONFIRMATION_OK"
17154,10404556965,10404557004,1,"IOTHUB_CLIENT_CONFIRMATION_OK"
17155,10404557165,10404557209,1,"IOTHUB_CLIENT_CONFIRMATION_OK"
17156,10404557365,10404557406,1,"IOTHUB_CLIENT_CONFIRMATION_OK"
17157,10404557566,10404557638,1,"IOTHUB_CLIENT_CONFIRMATION_OK"
17158,10404557766,10404557817,1,"IOTHUB_CLIENT_CONFIRMATION_OK"
17159,10404557966,10404558004,1,"IOTHUB_CLIENT_CONFIRMATION_OK"
17160,10404558166,10404558207,1,"IOTHUB_CLIENT_CONFIRMATION_OK"
17161,10404558366,10404558437,1,"IOTHUB_CLIENT_CONFIRMATION_OK"
17162,10404558566,10404558614,1,"IOTHUB_CLIENT_CONFIRMATION_OK"
17163,10404558766,10404558800,1,"IOTHUB_CLIENT_CONFIRMATION_OK"
17164,10404558967,10404559022,1,"IOTHUB_CLIENT_CONFIRMATION_OK"
17165,10404559167,10404559212,1,"IOTHUB_CLIENT_CONFIRMATION_OK"
17166,10404559367,10404559408,1,"IOTHUB_CLIENT_CONFIRMATION_OK"
17167,10404559567,10404559624,1,"IOTHUB_CLIENT_CONFIRMATION_OK"
17168,10404559767,10404559837,1,"IOTHUB_CLIENT_CONFIRMATION_OK"
17169,10404559967,10404560014,1,"IOTHUB_CLIENT_CONFIRMATION_OK"
17170,10404560167,10404560240,1,"IOTHUB_CLIENT_CONFIRMATION_OK"
17171,10404560368,10404560404,1,"IOTHUB_CLIENT_CONFIRMATION_OK"
17172,10404560568,10404560631,1,"IOTHUB_CLIENT_CONFIRMATION_OK"
17173,10404560768,10404560894,1,"IOTHUB_CLIENT_CONFIRMATION_OK"
17174,10404560968,10404561008,1,"IOTHUB_CLIENT_CONFIRMATION_OK"
17175,10404561168,10404561206,1,"IOTHUB_CLIENT_CONFIRMATION_OK"
17176,10404561368,10404561506,1,"IOTHUB_CLIENT_CONFIRMATION_OK"
17177,10404561569,10404561603,1,"IOTHUB_CLIENT_CONFIRMATION_OK"
17178,10404561769,10404561805,1,"IOTHUB_CLIENT_CONFIRMATION_OK"
17179,10404561969,10404562006,1,"IOTHUB_CLIENT_CONFIRMATION_OK"
17180,10404562169,10404562219,1,"IOTHUB_CLIENT_CONFIRMATION_OK"
17181,10404562369,10404562400,1,"IOTHUB_CLIENT_CONFIRMATION_OK"
17182,10404562569,10404562608,1,"IOTHUB_CLIENT_CONFIRMATION_OK"
17183,10404562769,10404562809,1,"IOTHUB_CLIENT_CONFIRMATION_OK"
17184,10404562970,10404563016,1,"IOTHUB_CLIENT_CONFIRMATION_OK"
17185,10404563170,10404563218,1,"IOTHUB_CLIENT_CONFIRMATION_OK"
17186,10404563370,10404563408,1,"IOTHUB_CLIENT_CONFIRMATION_OK"
17187,10404563570,10404563607,1,"IOTHUB_CLIENT_CONFIRMATION_OK"
17188,10404563770,10404563801,1,"IOTHUB_CLIENT_CONFIRMATION_OK"
17189,10404563970,10404564009,1,"IOTHUB_CLIENT_CONFIRMATION_OK"
17190,10404564171,10404564223,1,"IOTHUB_CLIENT_CONFIRMATION_OK"
17191,10404564371,10404564409,1,"IOTHUB_CLIENT_CONFIRMATION_OK"
17192,10404564571,10404564609,1,"IOTHUB_CLIENT_CONFIRMATION_OK"
17193,10404564771,10404564806,1,"IOTHUB_CLIENT_CONFIRMATION_OK"
17194,10404564971,10404565026,1,"IOTHUB_CLIENT_CONFIRMATION_OK"
17195,10404565171,10404565215,1,"IOTHUB_CLIENT_CONFIRMATION_OK"
17196,10404565371,10404565455,1,"IOTHUB_CLIENT_CONFIRMATION_OK"
17197,10404565572,10404565609,1,"IOTHUB_CLIENT_CONFIRMATION_OK"
17198,10404565772,10404565814,1,"IOTHUB_CLIENT_CONFIRMATION_OK"
17199,10404565972,10404566017,1,"IOTHUB_CLIENT_CONFIRMATION_OK"
17200,10404566172,10404566210,1,"IOTHUB_CLIENT_CONFIRMATION_OK"
17201,10404566372,10404566417,1,"IOTHUB_CLIENT_CONFIRMATION_OK"
17202,10404566572,10404566626,1,"IOTHUB_CLIENT_CONFIRMATION_OK"
17203,10404566772,10404566821,1,"IOTHUB_CLIENT_CONFIRMATION_OK"
17204,10404566973,10404567012,1,"IOTHUB_CLIENT_CONFIRMATION_OK"
17205,10404567173,10404567236,1,"IOTHUB_CLIENT_CONFIRMATION_OK"
17206,10404567373,10404567421,1,"IOTHUB_CLIENT_CONFIRMATION_OK"
17207,10404567573,10404567653,1,"IOTHUB_CLIENT_CONFIRMATION_OK"
17208,10404567773,10404567875,1,"IOTHUB_CLIENT_CONFIRMATION_OK"
17209,10404567973,10404568011,1,"IOTHUB_CLIENT_CONFIRMATION_OK"
17210,10404568174,10404568206,1,"IOTHUB_CLIENT_CONFIRMATION_OK"
17211,10404568374,10404568463,1,"IOTHUB_CLIENT_CONFIRMATION_OK"
17212,10404568574,10404568607,1,"IOTHUB_CLIENT_CONFIRMATION_OK"
17213,10404568774,10404568808,1,"IOTHUB_CLIENT_CONFIRMATION_OK"
17214,10404568974,10404569073,1,"IOTHUB_CLIENT_CONFIRMATION_OK"
17215,10404569174,10404569207,1,"IOTHUB_CLIENT_CONFIRMATION_OK"
17216,10404569375,10404569408,1,"IOTHUB_CLIENT_CONFIRMATION_OK"
17217,10404569575,10404569692,1,"IOTHUB_CLIENT_CONFIRMATION_OK"
17218,10404569775,10404569816,1,"IOTHUB_CLIENT_CONFIRMATION_OK"
17219,10404569975,10404570012,1,"IOTHUB_CLIENT_CONFIRMATION_OK"
17220,10404570175,10404570215,1,"IOTHUB_CLIENT_CONFIRMATION_OK"
17221,10404570375,10404570414,1,"IOTHUB_CLIENT_CONFIRMATION_OK"
17222,10404570576,10404570609,1,"IOTHUB_CLIENT_CONFIRMATION_OK"
17223,10404570776,10404570808,1,"IOTHUB_CLIENT_CONFIRMATION_OK"
17224,10404570976,10404571013,1,"IOTHUB_CLIENT_CONFIRMATION_OK"
17225,10404571176,10404571217,1,"IOTHUB_CLIENT_CONFIRMATION_OK"
17226,10404571376,10404571427,1,"IOTHUB_CLIENT_CONFIRMATION_OK"
17227,10404571576,10404571609,1,"IOTHUB_CLIENT_CONFIRMATION_OK"
17228,10404571777,10404571838,1,"IOTHUB_CLIENT_CONFIRMATION_OK"
17229,10404571977,10404572018,1,"IOTHUB_CLIENT_CONFIRMATION_OK"
17230,10404572177,10404572218,1,"IOTHUB_CLIENT_CONFIRMATION_OK"
17231,10404572377,10404572416,1,"IOTHUB_CLIENT_CONFIRMATION_OK"
17232,10404572577,10404572616,1,"IOTHUB_CLIENT_CONFIRMATION_OK"
17233,10404572777,10404572820,1,"IOTHUB_CLIENT_CONFIRMATION_OK"
17234,10404572978,10404573024,1,"IOTHUB_CLIENT_CONFIRMATION_OK"
17235,10404573178,10404573213,1,"IOTHUB_CLIENT_CONFIRMATION_OK"
17236,10404573378,10404573430,1,"IOTHUB_CLIENT_CONFIRMATION_OK"
17237,10404573578,10404573617,1,"IOTHUB_CLIENT_CONFIRMATION_OK"
17238,10404573778,10404573823,1,"IOTHUB_CLIENT_CONFIRMATION_OK"
17239,10404573978,10404574014,1,"IOTHUB_CLIENT_CONFIRMATION_OK"
17240,10404574178,10404574214,1,"IOTHUB_CLIENT_CONFIRMATION_OK"
17241,10404574379,10404574421,1,"IOTHUB_CLIENT_CONFIRMATION_OK"
17242,10404574579,10404574649,1,"IOTHUB_CLIENT_CONFIRMATION_OK"
17243,10404574779,10404574824,1,"IOTHUB_CLIENT_CONFIRMATION_OK"
17244,10404574979,10404575018,1,"IOTHUB_CLIENT_CONFIRMATION_OK"
17245,10404575179,10404575251,1,"IOTHUB_CLIENT_CONFIRMATION_OK"
17246,10404575379,10404575457,1,"IOTHUB_CLIENT_CONFIRMATION_OK"
17247,10404575580,10404575644,1,"IOTHUB_CLIENT_CONFIRMATION_OK"
17248,10404575780,10404575827,1,"IOTHUB_CLIENT_CONFIRMATION_OK"
17249,10404575980,10404576068,1,"IOTHUB_CLIENT_CONFIRMATION_OK"
17250,10404576180,10404576211,1,"IOTHUB_CLIENT_CONFIRMATION_OK"
17251,10404576380,10404576415,1,"IOTHUB_CLIENT_CONFIRMATION_OK"
17252,10404576580,10404576682,1,"IOTHUB_CLIENT_CONFIRMATION_OK"
17253,10404576781,10404576825,1,"IOTHUB_CLIENT_CONFIRMATION_OK"
17254,10404576981,10404577012,1,"IOTHUB_CLIENT_CONFIRMATION_OK"
17255,10404577181,10404577282,1,"IOTHUB_CLIENT_CONFIRMATION_OK"
17256,10404577381,10404577439,1,"IOTHUB_CLIENT_CONFIRMATION_OK"
17257,10404577581,10404577629,1,"IOTHUB_CLIENT_CONFIRMATION_OK"
17258,10404577781,10404577889,1,"IOTHUB_CLIENT_CONFIRMATION_OK"
17259,10404577981,10404578018,1,"IOTHUB_CLIENT_CONFIRMATION_OK"
17260,10404578182,10404578223,1,"IOTHUB_CLIENT_CONFIRMATION_OK"
17261,10404578382,10404578421,1,"IOTHUB_CLIENT_CONFIRMATION_OK"
17262,10404578582,10404578630,1,"IOTHUB_CLIENT_CONFIRMATION_OK"
17263,10404578782,10404578826,1,"IOTHUB_CLIENT_CONFIRMATION_OK"
17264,10404578982,10404579019,1,"IOTHUB_CLIENT_CONFIRMATION_OK"
17265,10404579182,10404579227,1,"IOTHUB_CLIENT_CONFIRMATION_OK"
17266,10404579383,10404579422,1,"IOTHUB_CLIENT_CONFIRMATION_OK"
17267,10404579583,10404579622,1,"IOTHUB_CLIENT_CONFIRMATION_OK"
17268,10404579783,10404579829,1,"IOTHUB_CLIENT_CONFIRMATION_OK"
17269,10404579983,10404580020,1,"IOTHUB_CLIENT_CONFIRMATION_OK"
17270,10404580183,10404580246,1,"IOTHUB_CLIENT_CONFIRMATION_OK"
17271,10404580383,10404580426,1,"IOTHUB_CLIENT_CONFIRMATION_OK"
17272,10404580584,10404580621,1,"IOTHUB_CLIENT_CONFIRMATION_OK"
17273,10404580784,10404580823,1,"IOTHUB_CLIENT_CONFIRMATION_OK"
17274,10404580984,10404581041,1,"IOTHUB_CLIENT_CONFIRMATION_OK"
17275,10404581184,10404581226,1,"IOTHUB_CLIENT_CONFIRMATION_OK"
17276,10404581384,10404581423,1,"IOTHUB_CLIENT_CONFIRMATION_OK"
17277,10404581584,10404581789,1,"IOTHUB_CLIENT_CONFIRMATION_OK"
17278,10404581784,10404581824,1,"IOTHUB_CLIENT_CONFIRMATION_OK"
17279,10404581985,10404582024,1,"IOTHUB_CLIENT_CONFIRMATION_OK"
17280,10404582185,10404582253,1,"IOTHUB_CLIENT_CONFIRMATION_OK"
17281,10404582385,10404582426,1,"IOTHUB_CLIENT_CONFIRMATION_OK"
17282,10404582585,10404582651,1,"IOTHUB_CLIENT_CONFIRMATION_OK"
17283,10404582785,10404582821,1,"IOTHUB_CLIENT_CONFIRMATION_OK"
17284,10404582985,10404583044,1,"IOTHUB_CLIENT_CONFIRMATION_OK"
17285,10404583186,10404583224,1,"IOTHUB_CLIENT_CONFIRMATION_OK"
17286,10404583386,10404583425,1,"IOTHUB_CLIENT_CONFIRMATION_OK"
17287,10404583586,10404583623,1,"IOTHUB_CLIENT_CONFIRMATION_OK"
17288,10404583786,10404583851,1,"IOTHUB_CLIENT_CONFIRMATION_OK"
17289,10404583986,10404584024,1,"IOTHUB_CLIENT_CONFIRMATION_OK"
17290,10404584186,10404584239,1,"IOTHUB_CLIENT_CONFIRMATION_OK"
17291,10404584386,10404584425,1,"IOTHUB_CLIENT_CONFIRMATION_OK"
17292,10404584587,10404584630,1,"IOTHUB_CLIENT_CONFIRMATION_OK"
17293,10404584787,10404584847,1,"IOTHUB_CLIENT_CONFIRMATION_OK"
17294,10404584987,10404585026,1,"IOTHUB_CLIENT_CONFIRMATION_OK"
17295,10404585187,10404585227,1,"IOTHUB_CLIENT_CONFIRMATION_OK"
17296,10404585387,10404585456,1,"IOTHUB_CLIENT_CONFIRMATION_OK"
17297,10404585587,10404585623,1,"IOTHUB_CLIENT_CONFIRMATION_OK"
17298,10404585788,10404585823,1,"IOTHUB_CLIENT_CONFIRMATION_OK"
17299,10404585988,10404586028,1,"IOTHUB_CLIENT_CONFIRMATION_OK"
17300,10404586188,10404586227,1,"IOTHUB_CLIENT_CONFIRMATION_OK"
17301,10404586388,10404586437,1,"IOTHUB_CLIENT_CONFIRMATION_OK"
17302,10404586588,10404586620,1,"IOTHUB_CLIENT_CONFIRMATION_OK"
17303,10404586788,10404586827,1,"IOTHUB_CLIENT_CONFIRMATION_OK"
17304,10404586988,10404587049,1,"IOTHUB_CLIENT_CONFIRMATION_OK"
17305,10404587189,10404587236,1,"IOTHUB_CLIENT_CONFIRMATION_OK"
17306,10404587389,10404587528,1,"IOTHUB_CLIENT_CONFIRMATION_OK"
17307,10404587589,10404587696,1,"IOTHUB_CLIENT_CONFIRMATION_OK"
17308,10404587789,10404587841,1,"IOTHUB_CLIENT_CONFIRMATION_OK"
17309,10404587989,10404588041,1,"IOTHUB_CLIENT_CONFIRMATION_OK"
17310,10404588189,10404588226,1,"IOTHUB_CLIENT_CONFIRMATION_OK"
17311,10404588390,10404588433,1,"IOTHUB_CLIENT_CONFIRMATION_OK"
17312,10404588590,10404588627,1,"IOTHUB_CLIENT_CONFIRMATION_OK"
17313,10404588790,10404588839,1,"IOTHUB_CLIENT_CONFIRMATION_OK"
17314,10404588990,10404589033,1,"IOTHUB_CLIENT_CONFIRMATION_OK"
17315,10404589190,10404589231,1,"IOTHUB_CLIENT_CONFIRMATION_OK"
17316,10404589390,10404589440,1,"IOTHUB_CLIENT_CONFIRMATION_OK"
17317,10404589591,10404589633,1,"IOTHUB_CLIENT_CONFIRMATION_OK"
17318,10404589791,10404590051,1,"IOTHUB_CLIENT_CONFIRMATION_OK"
17319,10404589991,10404590064,1,"IOTHUB_CLIENT_CONFIRMATION_OK"
17320,10404590191,10404590225,1,"IOTHUB_CLIENT_CONFIRMATION_OK"
17321,10404590391,10404590431,1,"IOTHUB_CLIENT_CONFIRMATION_OK"
17322,10404590591,10404590628,1,"IOTHUB_CLIENT_CONFIRMATION_OK"
17323,10404590792,10404590828,1,"IOTHUB_CLIENT_CONFIRMATION_OK"
17324,10404590992,10404591025,1,"IOTHUB_CLIENT_CONFIRMATION_OK"
17325,10404591192,10404591244,1,"IOTHUB_CLIENT_CONFIRMATION_OK"
17326,10404591392,10404591429,1,"IOTHUB_CLIENT_CONFIRMATION_OK"
17327,10404591592,10404591635,1,"IOTHUB_CLIENT_CONFIRMATION_OK"
17328,10404591792,10404591856,1,"IOTHUB_CLIENT_CONFIRMATION_OK"
17329,10404591993,10404592047,1,"IOTHUB_CLIENT_CONFIRMATION_OK"
17330,10404592193,10404592245,1,"IOTHUB_CLIENT_CONFIRMATION_OK"
17331,10404592393,10404592465,1,"IOTHUB_CLIENT_CONFIRMATION_OK"
17332,10404592593,10404592631,1,"IOTHUB_CLIENT_CONFIRMATION_OK"
17333,10404592793,10404592830,1,"IOTHUB_CLIENT_CONFIRMATION_OK"
17334,10404592993,10404593098,1,"IOTHUB_CLIENT_CONFIRMATION_OK"
17335,10404593193,10404593234,1,"IOTHUB_CLIENT_CONFIRMATION_OK"
17336,10404593394,10404593431,1,"IOTHUB_CLIENT_CONFIRMATION_OK"
17337,10404593594,10404593687,1,"IOTHUB_CLIENT_CONFIRMATION_OK"
17338,10404593794,10404593832,1,"IOTHUB_CLIENT_CONFIRMATION_OK"
17339,10404593994,10404594088,1,"IOTHUB_CLIENT_CONFIRMATION_OK"
17340,10404594194,10404594243,1,"IOTHUB_CLIENT_CONFIRMATION_OK"
17341,10404594394,10404594431,1,"IOTHUB_CLIENT_CONFIRMATION_OK"
17342,10404594595,10404594629,1,"IOTHUB_CLIENT_CONFIRMATION_OK"
17343,10404594795,10404594841,1,"IOTHUB_CLIENT_CONFIRMATION_OK"
17344,10404594995,10404595034,1,"IOTHUB_CLIENT_CONFIRMATION_OK"
17345,10404595195,10404595250,1,"IOTHUB_CLIENT_CONFIRMATION_OK"
17346,10404595395,10404595434,1,"IOTHUB_CLIENT_CONFIRMATION_OK"
17347,10404595595,10404595635,1,"IOTHUB_CLIENT_CONFIRMATION_OK"
17348,10404595796,10404595848,1,"IOTHUB_CLIENT_CONFIRMATION_OK"
17349,10404595996,10404596030,1,"IOTHUB_CLIENT_CONFIRMATION_OK"
17350,10404596196,10404596232,1,"IOTHUB_CLIENT_CONFIRMATION_OK"
17351,10404596396,10404596426,1,"IOTHUB_CLIENT_CONFIRMATION_OK"
17352,10404596596,10404596634,1,"IOTHUB_CLIENT_CONFIRMATION_OK"
17353,10404596796,10404596848,1,"IOTHUB_CLIENT_CONFIRMATION_OK"
17354,10404596996,10404597043,1,"IOTHUB_CLIENT_CONFIRMATION_OK"
17355,10404597197,10404597236,1,"IOTHUB_CLIENT_CONFIRMATION_OK"
17356,10404597397,10404597598,1,"IOTHUB_CLIENT_CONFIRMATION_OK"
17357,10404597597,10404597631,1,"IOTHUB_CLIENT_CONFIRMATION_OK"
17358,10404597797,10404597836,1,"IOTHUB_CLIENT_CONFIRMATION_OK"
17359,10404597997,10404598028,1,"IOTHUB_CLIENT_CONFIRMATION_OK"
17360,10404598197,10404598246,1,"IOTHUB_CLIENT_CONFIRMATION_OK"
17361,10404598398,10404598431,1,"IOTHUB_CLIENT_CONFIRMATION_OK"
17362,10404598598,10404598634,1,"IOTHUB_CLIENT_CONFIRMATION_OK"
17363,10404598798,10404598846,1,"IOTHUB_CLIENT_CONFIRMATION_OK"
17364,10404598998,10404599029,1,"IOTHUB_CLIENT_CONFIRMATION_OK"
17365,10404599198,10404599255,1,"IOTHUB_CLIENT_CONFIRMATION_OK"
17366,10404599398,10404599474,1,"IOTHUB_CLIENT_CONFIRMATION_OK"
17367,10404599599,10404599639,1,"IOTHUB_CLIENT_CONFIRMATION_OK"
17368,10404599799,10404599842,1,"IOTHUB_CLIENT_CONFIRMATION_OK"
17369,10404599999,10404600081,1,"IOTHUB_CLIENT_CONFIRMATION_OK"
17370,10404600199,10404600245,1,"IOTHUB_CLIENT_CONFIRMATION_OK"
17371,10404600399,10404600436,1,"IOTHUB_CLIENT_CONFIRMATION_OK"
17372,10404600599,10404600692,1,"IOTHUB_CLIENT_CONFIRMATION_OK"
17373,10404600800,10404600838,1,"IOTHUB_CLIENT_CONFIRMATION_OK"
17374,10404601000,10404601042,1,"IOTHUB_CLIENT_CONFIRMATION_OK"
17375,10404601200,10404601328,1,"IOTHUB_CLIENT_CONFIRMATION_OK"
17376,10404601400,10404601444,1,"IOTHUB_CLIENT_CONFIRMATION_OK"
17377,10404601600,10404601633,1,"IOTHUB_CLIENT_CONFIRMATION_OK"
17378,10404601800,10404601910,1,"IOTHUB_CLIENT_CONFIRMATION_OK"
17379,10404602001,10404602033,1,"IOTHUB_CLIENT_CONFIRMATION_OK"
17380,10404602201,10404602250,1,"IOTHUB_CLIENT_CONFIRMATION_OK"
17381,10404602401,10404602431,1,"IOTHUB_CLIENT_CONFIRMATION_OK"
17382,10404602601,10404602639,1,"IOTHUB_CLIENT_CONFIRMATION_OK"
17383,10404602801,10404602842,1,"IOTHUB_CLIENT_CONFIRMATION_OK"
17384,10404603001,10404603042,1,"IOTHUB_CLIENT_CONFIRMATION_OK"
17385,10404603201,10404603245,1,"IOTHUB_CLIENT_CONFIRMATION_OK"
17386,10404603402,10404603440,1,"IOTHUB_CLIENT_CONFIRMATION_OK"
17387,10404603602,10404603635,1,"IOTHUB_CLIENT_CONFIRMATION_OK"
17388,10404603802,10404603907,1,"IOTHUB_CLIENT_CONFIRMATION_OK"
17389,10404604002,10404604042,1,"IOTHUB_CLIENT_CONFIRMATION_OK"
17390,10404604202,10404604232,1,"IOTHUB_CLIENT_CONFIRMATION_OK"
17391,10404604402,10404604512,1,"IOTHUB_CLIENT_CONFIRMATION_OK"
17392,10404604603,10404604639,1,"IOTHUB_CLIENT_CONFIRMATION_OK"
17393,10404604803,10404604835,1,"IOTHUB_CLIENT_CONFIRMATION_OK"
17394,10404605003,10404605110,1,"IOTHUB_CLIENT_CONFIRMATION_OK"
17395,10404605203,10404605246,1,"IOTHUB_CLIENT_CONFIRMATION_OK"
17396,10404605403,10404605447,1,"IOTHUB_CLIENT_CONFIRMATION_OK"
17397,10404605603,10404605742,1,"IOTHUB_CLIENT_CONFIRMATION_OK"
17398,10404605803,10404605849,1,"IOTHUB_CLIENT_CONFIRMATION_OK"
17399,10404606004,10404606040,1,"IOTHUB_CLIENT_CONFIRMATION_OK"
17400,10404606204,10404606254,1,"IOTHUB_CLIENT_CONFIRMATION_OK"
17401,10404606404,10404606454,1,"IOTHUB_CLIENT_CONFIRMATION_OK"
17402,10404606604,10404606641,1,"IOTHUB_CLIENT_CONFIRMATION_OK"
17403,10404606804,10404606837,1,"IOTHUB_CLIENT_CONFIRMATION_OK"
17404,10404607004,10404607036,1,"IOTHUB_CLIENT_CONFIRMATION_OK"
17405,10404607205,10404607241,1,"IOTHUB_CLIENT_CONFIRMATION_OK"
17406,10404607405,10404607443,1,"IOTHUB_CLIENT_CONFIRMATION_OK"
17407,10404607605,10404607639,1,"IOTHUB_CLIENT_CONFIRMATION_OK"
17408,10404607805,10404607842,1,"IOTHUB_CLIENT_CONFIRMATION_OK"
17409,10404608005,10404608042,1,"IOTHUB_CLIENT_CONFIRMATION_OK"
17410,10404608205,10404608245,1,"IOTHUB_CLIENT_CONFIRMATION_OK"
17411,10404608406,10404608449,1,"IOTHUB_CLIENT_CONFIRMATION_OK"
17412,10404608606,10404608647,1,"IOTHUB_CLIENT_CONFIRMATION_OK"
17413,10404608806,10404608844,1,"IOTHUB_CLIENT_CONFIRMATION_OK"
17414,10404609006,10404609045,1,"IOTHUB_CLIENT_CONFIRMATION_OK"
17415,10404609206,10404609242,1,"IOTHUB_CLIENT_CONFIRMATION_OK"
17416,10404609406,10404609457,1,"IOTHUB_CLIENT_CONFIRMATION_OK"
17417,10404609607,10404609670,1,"IOTHUB_CLIENT_CONFIRMATION_OK"
17418,10404609807,10404609871,1,"IOTHUB_CLIENT_CONFIRMATION_OK"
17419,10404610007,10404610048,1,"IOTHUB_CLIENT_CONFIRMATION_OK"
17420,10404610207,10404610237,1,"IOTHUB_CLIENT_CONFIRMATION_OK"
17421,10404610407,10404610443,1,"IOTHUB_CLIENT_CONFIRMATION_OK"
17422,10404610607,10404610675,1,"IOTHUB_CLIENT_CONFIRMATION_OK"
17423,10404610807,10404610962,1,"IOTHUB_CLIENT_CONFIRMATION_OK"
17424,10404611008,10404611040,1,"IOTHUB_CLIENT_CONFIRMATION_OK"
17425,10404611208,10404611316,1,"IOTHUB_CLIENT_CONFIRMATION_OK"
17426,10404611408,10404611449,1,"IOTHUB_CLIENT_CONFIRMATION_OK"
17427,10404611608,10404611645,1,"IOTHUB_CLIENT_CONFIRMATION_OK"
17428,10404611808,10404611842,1,"IOTHUB_CLIENT_CONFIRMATION_OK"
17429,10404612008,10404612039,1,"IOTHUB_CLIENT_CONFIRMATION_OK"
17430,10404612209,10404612250,1,"IOTHUB_CLIENT_CONFIRMATION_OK"
17431,10404612409,10404612448,1,"IOTHUB_CLIENT_CONFIRMATION_OK"
17432,10404612609,10404612641,1,"IOTHUB_CLIENT_CONFIRMATION_OK"
17433,10404612809,10404612850,1,"IOTHUB_CLIENT_CONFIRMATION_OK"
17434,10404613009,10404613044,1,"IOTHUB_CLIENT_CONFIRMATION_OK"
17435,10404613209,10404613404,1,"IOTHUB_CLIENT_CONFIRMATION_OK"
17436,10404613410,10404613445,1,"IOTHUB_CLIENT_CONFIRMATION_OK"
17437,10404613610,10404613647,1,"IOTHUB_CLIENT_CONFIRMATION_OK"
17438,10404613810,10404614025,1,"IOTHUB_CLIENT_CONFIRMATION_OK"
17439,10404614010,10404614046,1,"IOTHUB_CLIENT_CONFIRMATION_OK"
17440,10404614210,10404614295,1,"IOTHUB_CLIENT_CONFIRMATION_OK"
17441,10404614410,10404614463,1,"IOTHUB_CLIENT_CONFIRMATION_OK"
17442,10404614610,10404614649,1,"IOTHUB_CLIENT_CONFIRMATION_OK"
17443,10404614811,10404614853,1,"IOTHUB_CLIENT_CONFIRMATION_OK"
17444,10404615011,10404615046,1,"IOTHUB_CLIENT_CONFIRMATION_OK"
17445,10404615211,10404615244,1,"IOTHUB_CLIENT_CONFIRMATION_OK"
17446,10404615411,10404615460,1,"IOTHUB_CLIENT_CONFIRMATION_OK"
17447,10404615611,10404615653,1,"IOTHUB_CLIENT_CONFIRMATION_OK"
17448,10404615811,10404615855,1,"IOTHUB_CLIENT_CONFIRMATION_OK"
17449,10404616011,10404616057,1,"IOTHUB_CLIENT_CONFIRMATION_OK"
17450,10404616212,10404616264,1,"IOTHUB_CLIENT_CONFIRMATION_OK"
17451,10404616412,10404616589,1,"IOTHUB_CLIENT_CONFIRMATION_OK"
17452,10404616612,10404616651,1,"IOTHUB_CLIENT_CONFIRMATION_OK"
17453,10404616812,10404616849,1,"IOTHUB_CLIENT_CONFIRMATION_OK"
17454,10404617012,10404617187,1,"IOTHUB_CLIENT_CONFIRMATION_OK"
17455,10404617212,10404617340,1,"IOTHUB_CLIENT_CONFIRMATION_OK"
17456,10404617413,10404617443,1,"IOTHUB_CLIENT_CONFIRMATION_OK"
17457,10404617613,10404617799,1,"IOTHUB_CLIENT_CONFIRMATION_OK"
17458,10404617813,10404617856,1,"IOTHUB_CLIENT_CONFIRMATION_OK"
17459,10404618013,10404618048,1,"IOTHUB_CLIENT_CONFIRMATION_OK"
17460,10404618213,10404618257,1,"IOTHUB_CLIENT_CONFIRMATION_OK"
17461,10404618413,10404618450,1,"IOTHUB_CLIENT_CONFIRMATION_OK"
17462,10404618614,10404618645,1,"IOTHUB_CLIENT_CONFIRMATION_OK"
17463,10404618814,10404618868,1,"IOTHUB_CLIENT_CONFIRMATION_OK"
17464,10404619014,10404619054,1,"IOTHUB_CLIENT_CONFIRMATION_OK"
17465,10404619214,10404619255,1,"IOTHUB_CLIENT_CONFIRMATION_OK"
17466,10404619414,10404619452,1,"IOTHUB_CLIENT_CONFIRMATION_OK"
17467,10404619614,10404619660,1,"IOTHUB_CLIENT_CONFIRMATION_OK"
17468,10404619815,10404619851,1,"IOTHUB_CLIENT_CONFIRMATION_OK"
17469,10404620015,10404620056,1,"IOTHUB_CLIENT_CONFIRMATION_OK"
17470,10404620215,10404620265,1,"IOTHUB_CLIENT_CONFIRMATION_OK"
17471,10404620415,10404620468,1,"IOTHUB_CLIENT_CONFIRMATION_OK"
17472,10404620615,10404620655,1,"IOTHUB_CLIENT_CONFIRMATION_OK"
17473,10404620815,10404620865,1,"IOTHUB_CLIENT_CONFIRMATION_OK"
17474,10404621015,10404621598,1,"IOTHUB_CLIENT_CONFIRMATION_OK"
17475,10404621216,10404621726,1,"IOTHUB_CLIENT_CONFIRMATION_OK"
17476,10404621416,10404621798,1,"IOTHUB_CLIENT_CONFIRMATION_OK"
17477,10404621616,10404621858,1,"IOTHUB_CLIENT_CONFIRMATION_OK"
17478,10404621816,10404621935,1,"IOTHUB_CLIENT_CONFIRMATION_OK"
17479,10404622016,10404622052,1,"IOTHUB_CLIENT_CONFIRMATION_OK"
17480,10404622216,10404622257,1,"IOTHUB_CLIENT_CONFIRMATION_OK"
17481,10404622417,10404622455,1,"IOTHUB_CLIENT_CONFIRMATION_OK"
17482,10404622617,10404622650,1,"IOTHUB_CLIENT_CONFIRMATION_OK"
17483,10404622817,10404622848,1,"IOTHUB_CLIENT_CONFIRMATION_OK"
17484,10404623017,10404623051,1,"IOTHUB_CLIENT_CONFIRMATION_OK"
17485,10404623217,10404623265,1,"IOTHUB_CLIENT_CONFIRMATION_OK"
17486,10404623417,10404623451,1,"IOTHUB_CLIENT_CONFIRMATION_OK"
17487,10404623617,10404623654,1,"IOTHUB_CLIENT_CONFIRMATION_OK"
17488,10404623818,10404623854,1,"IOTHUB_CLIENT_CONFIRMATION_OK"
17489,10404624018,10404624051,1,"IOTHUB_CLIENT_CONFIRMATION_OK"
17490,10404624218,10404624252,1,"IOTHUB_CLIENT_CONFIRMATION_OK"
17491,10404624418,10404624474,1,"IOTHUB_CLIENT_CONFIRMATION_OK"
17492,10404624618,10404624666,1,"IOTHUB_CLIENT_CONFIRMATION_OK"
17493,10404624818,10404624853,1,"IOTHUB_CLIENT_CONFIRMATION_OK"
17494,10404625019,10404625057,1,"IOTHUB_CLIENT_CONFIRMATION_OK"
17495,10404625219,10404625255,1,"IOTHUB_CLIENT_CONFIRMATION_OK"
17496,10404625419,10404625466,1,"IOTHUB_CLIENT_CONFIRMATION_OK"
17497,10404625619,10404625655,1,"IOTHUB_CLIENT_CONFIRMATION_OK"
17498,10404625819,10404625876,1,"IOTHUB_CLIENT_CONFIRMATION_OK"
17499,10404626019,10404626062,1,"IOTHUB_CLIENT_CONFIRMATION_OK"
17500,10404626219,10404626268,1,"IOTHUB_CLIENT_CONFIRMATION_OK"
17501,10404626420,10404626462,1,"IOTHUB_CLIENT_CONFIRMATION_OK"
17502,10404626620,10404626656,1,"IOTHUB_CLIENT_CONFIRMATION_OK"
17503,10404626820,10404626849,1,"IOTHUB_CLIENT_CONFIRMATION_OK"
17504,10404627020,10404627052,1,"IOTHUB_CLIENT_CONFIRMATION_OK"
17505,10404627220,10404627295,1,"IOTHUB_CLIENT_CONFIRMATION_OK"
17506,10404627420,10404627457,1,"IOTHUB_CLIENT_CONFIRMATION_OK"
17507,10404627620,10404627654,1,"IOTHUB_CLIENT_CONFIRMATION_OK"
17508,10404627821,10404627921,1,"IOTHUB_CLIENT_CONFIRMATION_OK"
17509,10404628021,10404628058,1,"IOTHUB_CLIENT_CONFIRMATION_OK"
17510,10404628221,10404628271,1,"IOTHUB_CLIENT_CONFIRMATION_OK"
17511,10404628421,10404628537,1,"IOTHUB_CLIENT_CONFIRMATION_OK"
17512,10404628621,10404628665,1,"IOTHUB_CLIENT_CONFIRMATION_OK"
17513,10404628821,10404628869,1,"IOTHUB_CLIENT_CONFIRMATION_OK"
17514,10404629022,10404629252,1,"IOTHUB_CLIENT_CONFIRMATION_OK"
17515,10404629222,10404629270,1,"IOTHUB_CLIENT_CONFIRMATION_OK"
17516,10404629422,10404629452,1,"IOTHUB_CLIENT_CONFIRMATION_OK"
17517,10404629622,10404629755,1,"IOTHUB_CLIENT_CONFIRMATION_OK"
17518,10404629822,10404629860,1,"IOTHUB_CLIENT_CONFIRMATION_OK"
17519,10404630022,10404630059,1,"IOTHUB_CLIENT_CONFIRMATION_OK"
17520,10404630223,10404630270,1,"IOTHUB_CLIENT_CONFIRMATION_OK"
17521,10404630423,10404630469,1,"IOTHUB_CLIENT_CONFIRMATION_OK"
17522,10404630623,10404630655,1,"IOTHUB_CLIENT_CONFIRMATION_OK"
17523,10404630823,10404630873,1,"IOTHUB_CLIENT_CONFIRMATION_OK"
17524,10404631023,10404631073,1,"IOTHUB_CLIENT_CONFIRMATION_OK"
17525,10404631223,10404631264,1,"IOTHUB_CLIENT_CONFIRMATION_OK"
17526,10404631424,10404631454,1,"IOTHUB_CLIENT_CONFIRMATION_OK"
17527,10404631624,10404631668,1,"IOTHUB_CLIENT_CONFIRMATION_OK"
17528,10404631824,10404631872,1,"IOTHUB_CLIENT_CONFIRMATION_OK"
17529,10404632024,10404632058,1,"IOTHUB_CLIENT_CONFIRMATION_OK"
17530,10404632224,10404632262,1,"IOTHUB_CLIENT_CONFIRMATION_OK"
17531,10404632424,10404632503,1,"IOTHUB_CLIENT_CONFIRMATION_OK"
17532,10404632624,10404632668,1,"IOTHUB_CLIENT_CONFIRMATION_OK"
17533,10404632825,10404632856,1,"IOTHUB_CLIENT_CONFIRMATION_OK"
17534,10404633025,10404633059,1,"IOTHUB_CLIENT_CONFIRMATION_OK"
17535,10404633225,10404633272,1,"IOTHUB_CLIENT_CONFIRMATION_OK"
17536,10404633425,10404633459,1,"IOTHUB_CLIENT_CONFIRMATION_OK"
17537,10404633625,10404633669,1,"IOTHUB_CLIENT_CONFIRMATION_OK"
17538,10404633825,10404633866,1,"IOTHUB_CLIENT_CONFIRMATION_OK"
17539,10404634026,10404634060,1,"IOTHUB_CLIENT_CONFIRMATION_OK"
17540,10404634226,10404634267,1,"IOTHUB_CLIENT_CONFIRMATION_OK"
17541,10404634426,10404634462,1,"IOTHUB_CLIENT_CONFIRMATION_OK"
17542,10404634626,10404634691,1,"IOTHUB_CLIENT_CONFIRMATION_OK"
17543,10404634826,10404634883,1,"IOTHUB_CLIENT_CONFIRMATION_OK"
17544,10404635026,10404635067,1,"IOTHUB_CLIENT_CONFIRMATION_OK"
17545,10404635226,10404635265,1,"IOTHUB_CLIENT_CONFIRMATION_OK"
17546,10404635427,10404635490,1,"IOTHUB_CLIENT_CONFIRMATION_OK"
17547,10404635627,10404635669,1,"IOTHUB_CLIENT_CONFIRMATION_OK"
17548,10404635827,10404635864,1,"IOTHUB_CLIENT_CONFIRMATION_OK"
17549,10404636027,10404636100,1,"IOTHUB_CLIENT_CONFIRMATION_OK"
17550,10404636227,10404636271,1,"IOTHUB_CLIENT_CONFIRMATION_OK"
17551,10404636427,10404636460,1,"IOTHUB_CLIENT_CONFIRMATION_OK"
17552,10404636628,10404636707,1,"IOTHUB_CLIENT_CONFIRMATION_OK"
17553,10404636828,10404636863,1,"IOTHUB_CLIENT_CONFIRMATION_OK"
17554,10404637028,10404637093,1,"IOTHUB_CLIENT_CONFIRMATION_OK"
17555,10404637228,10404637318,1,"IOTHUB_CLIENT_CONFIRMATION_OK"
17556,10404637428,10404637471,1,"IOTHUB_CLIENT_CONFIRMATION_OK"
17557,10404637628,10404637715,1,"IOTHUB_CLIENT_CONFIRMATION_OK"
17558,10404637828,10404637925,1,"IOTHUB_CLIENT_CONFIRMATION_OK"
17559,10404638029,10404638069,1,"IOTHUB_CLIENT_CONFIRMATION_OK"
17560,10404638229,10404638279,1,"IOTHUB_CLIENT_CONFIRMATION_OK"
17561,10404638429,10404638479,1,"IOTHUB_CLIENT_CONFIRMATION_OK"
17562,10404638629,10404638674,1,"IOTHUB_CLIENT_CONFIRMATION_OK"
17563,10404638829,10404638872,1,"IOTHUB_CLIENT_CONFIRMATION_OK"
17564,10404639029,10404639071,1,"IOTHUB_CLIENT_CONFIRMATION_OK"
17565,10404639230,10404639272,1,"IOTHUB_CLIENT_CONFIRMATION_OK"
17566,10404639430,10404639471,1,"IOTHUB_CLIENT_CONFIRMATION_OK"
17567,10404639630,10404639684,1,"IOTHUB_CLIENT_CONFIRMATION_OK"
17568,10404639830,10404639875,1,"IOTHUB_CLIENT_CONFIRMATION_OK"
17569,10404640030,10404640063,1,"IOTHUB_CLIENT_CONFIRMATION_OK"
17570,10404640230,10404640267,1,"IOTHUB_CLIENT_CONFIRMATION_OK"
17571,10404640431,10404640593,1,"IOTHUB_CLIENT_CONFIRMATION_OK"
17572,10404640631,10404640665,1,"IOTHUB_CLIENT_CONFIRMATION_OK"
17573,10404640831,10404640865,1,"IOTHUB_CLIENT_CONFIRMATION_OK"
17574,10404641031,10404641206,1,"IOTHUB_CLIENT_CONFIRMATION_OK"
17575,10404641231,10404641276,1,"IOTHUB_CLIENT_CONFIRMATION_OK"
17576,10404641431,10404641464,1,"IOTHUB_CLIENT_CONFIRMATION_OK"
17577,10404641632,10404641835,1,"IOTHUB_CLIENT_CONFIRMATION_OK"
17578,10404641832,10404641902,1,"IOTHUB_CLIENT_CONFIRMATION_OK"
17579,10404642032,10404642068,1,"IOTHUB_CLIENT_CONFIRMATION_OK"
17580,10404642232,10404642283,1,"IOTHUB_CLIENT_CONFIRMATION_OK"
17581,10404642432,10404642480,1,"IOTHUB_CLIENT_CONFIRMATION_OK"
17582,10404642632,10404642670,1,"IOTHUB_CLIENT_CONFIRMATION_OK"
17583,10404642832,10404642891,1,"IOTHUB_CLIENT_CONFIRMATION_OK"
17584,10404643033,10404643065,1,"IOTHUB_CLIENT_CONFIRMATION_OK"
17585,10404643233,10404643280,1,"IOTHUB_CLIENT_CONFIRMATION_OK"
17586,10404643433,10404643493,1,"IOTHUB_CLIENT_CONFIRMATION_OK"
17587,10404643633,10404643663,1,"IOTHUB_CLIENT_CONFIRMATION_OK"
17588,10404643833,10404643866,1,"IOTHUB_CLIENT_CONFIRMATION_OK"
17589,10404644033,10404644084,1,"IOTHUB_CLIENT_CONFIRMATION_OK"
17590,10404644234,10404644280,1,"IOTHUB_CLIENT_CONFIRMATION_OK"
17591,10404644434,10404644473,1,"IOTHUB_CLIENT_CONFIRMATION_OK"
17592,10404644634,10404644667,1,"IOTHUB_CLIENT_CONFIRMATION_OK"
17593,10404644834,10404644872,1,"IOTHUB_CLIENT_CONFIRMATION_OK"
17594,10404645034,10404645087,1,"IOTHUB_CLIENT_CONFIRMATION_OK"
17595,10404645234,10404645272,1,"IOTHUB_CLIENT_CONFIRMATION_OK"
17596,10404645435,10404645521,1,"IOTHUB_CLIENT_CONFIRMATION_OK"
17597,10404645635,10404645679,1,"IOTHUB_CLIENT_CONFIRMATION_OK"
17598,10404645835,10404645900,1,"IOTHUB_CLIENT_CONFIRMATION_OK"
17599,10404646035,10404646067,1,"IOTHUB_CLIENT_CONFIRMATION_OK"
17600,10404646235,10404646273,1,"IOTHUB_CLIENT_CONFIRMATION_OK"
17601,10404646435,10404646476,1,"IOTHUB_CLIENT_CONFIRMATION_OK"
17602,10404646635,10404646670,1,"IOTHUB_CLIENT_CONFIRMATION_OK"
17603,10404646836,10404646874,1,"IOTHUB_CLIENT_CONFIRMATION_OK"
17604,10404647036,10404647080,1,"IOTHUB_CLIENT_CONFIRMATION_OK"
17605,10404647236,10404647275,1,"IOTHUB_CLIENT_CONFIRMATION_OK"
17606,10404647436,10404647466,1,"IOTHUB_CLIENT_CONFIRMATION_OK"
17607,10404647636,10404647671,1,"IOTHUB_CLIENT_CONFIRMATION_OK"
17608,10404647836,10404647876,1,"IOTHUB_CLIENT_CONFIRMATION_OK"
17609,10404648037,10404648080,1,"IOTHUB_CLIENT_CONFIRMATION_OK"
17610,10404648237,10404648294,1,"IOTHUB_CLIENT_CONFIRMATION_OK"
17611,10404648437,10404648472,1,"IOTHUB_CLIENT_CONFIRMATION_OK"
17612,10404648637,10404648693,1,"IOTHUB_CLIENT_CONFIRMATION_OK"
17613,10404648837,10404648904,1,"IOTHUB_CLIENT_CONFIRMATION_OK"
17614,10404649037,10404649076,1,"IOTHUB_CLIENT_CONFIRMATION_OK"
17615,10404649237,10404649316,1,"IOTHUB_CLIENT_CONFIRMATION_OK"
17616,10404649438,10404649474,1,"IOTHUB_CLIENT_CONFIRMATION_OK"
17617,10404649638,10404649669,1,"IOTHUB_CLIENT_CONFIRMATION_OK"
17618,10404649838,10404649916,1,"IOTHUB_CLIENT_CONFIRMATION_OK"
17619,10404650038,10404650070,1,"IOTHUB_CLIENT_CONFIRMATION_OK"
17620,10404650238,10404650270,1,"IOTHUB_CLIENT_CONFIRMATION_OK"
17621,10404650438,10404650481,1,"IOTHUB_CLIENT_CONFIRMATION_OK"
17622,10404650638,10404650686,1,"IOTHUB_CLIENT_CONFIRMATION_OK"
17623,10404650839,10404650874,1,"IOTHUB_CLIENT_CONFIRMATION_OK"
17624,10404651039,10404651155,1,"IOTHUB_CLIENT_CONFIRMATION_OK"
17625,10404651239,10404651360,1,"IOTHUB_CLIENT_CONFIRMATION_OK"
17626,10404651439,10404651471,1,"IOTHUB_CLIENT_CONFIRMATION_OK"
17627,10404651639,10404651682,1,"IOTHUB_CLIENT_CONFIRMATION_OK"
17628,10404651839,10404651874,1,"IOTHUB_CLIENT_CONFIRMATION_OK"
17629,10404652040,10404652076,1,"IOTHUB_CLIENT_CONFIRMATION_OK"
17630,10404652240,10404652277,1,"IOTHUB_CLIENT_CONFIRMATION_OK"
17631,10404652440,10404652472,1,"IOTHUB_CLIENT_CONFIRMATION_OK"
17632,10404652640,10404652680,1,"IOTHUB_CLIENT_CONFIRMATION_OK"
17633,10404652840,10404652893,1,"IOTHUB_CLIENT_CONFIRMATION_OK"
17634,10404653040,10404653220,1,"IOTHUB_CLIENT_CONFIRMATION_OK"
17635,10404653241,10404653278,1,"IOTHUB_CLIENT_CONFIRMATION_OK"
17636,10404653441,10404653476,1,"IOTHUB_CLIENT_CONFIRMATION_OK"
17637,10404653641,10404653852,1,"IOTHUB_CLIENT_CONFIRMATION_OK"
17638,10404653841,10404653909,1,"IOTHUB_CLIENT_CONFIRMATION_OK"
17639,10404654041,10404654088,1,"IOTHUB_CLIENT_CONFIRMATION_OK"
17640,10404654241,10404654277,1,"IOTHUB_CLIENT_CONFIRMATION_OK"
17641,10404654442,10404654476,1,"IOTHUB_CLIENT_CONFIRMATION_OK"
17642,10404654642,10404654677,1,"IOTHUB_CLIENT_CONFIRMATION_OK"
17643,10404654842,10404654891,1,"IOTHUB_CLIENT_CONFIRMATION_OK"
17644,10404655042,10404655074,1,"IOTHUB_CLIENT_CONFIRMATION_OK"
17645,10404655242,10404655284,1,"IOTHUB_CLIENT_CONFIRMATION_OK"
17646,10404655442,10404655483,1,"IOTHUB_CLIENT_CONFIRMATION_OK"
17647,10404655643,10404655684,1,"IOTHUB_CLIENT_CONFIRMATION_OK"
17648,10404655843,10404655883,1,"IOTHUB_CLIENT_CONFIRMATION_OK"
17649,10404656043,10404656077,1,"IOTHUB_CLIENT_CONFIRMATION_OK"
17650,10404656243,10404656311,1,"IOTHUB_CLIENT_CONFIRMATION_OK"
17651,10404656443,10404656488,1,"IOTHUB_CLIENT_CONFIRMATION_OK"
17652,10404656643,10404656704,1,"IOTHUB_CLIENT_CONFIRMATION_OK"
17653,10404656844,10404656882,1,"IOTHUB_CLIENT_CONFIRMATION_OK"
17654,10404657044,10404657094,1,"IOTHUB_CLIENT_CONFIRMATION_OK"
17655,10404657244,10404657355,1,"IOTHUB_CLIENT_CONFIRMATION_OK"
17656,10404657444,10404657594,1,"IOTHUB_CLIENT_CONFIRMATION_OK"
17657,10404657644,10404657686,1,"IOTHUB_CLIENT_CONFIRMATION_OK"
17658,10404657844,10404657889,1,"IOTHUB_CLIENT_CONFIRMATION_OK"
17659,10404658044,10404658076,1,"IOTHUB_CLIENT_CONFIRMATION_OK"
17660,10404658245,10404658296,1,"IOTHUB_CLIENT_CONFIRMATION_OK"
17661,10404658445,10404658501,1,"IOTHUB_CLIENT_CONFIRMATION_OK"
17662,10404658645,10404658680,1,"IOTHUB_CLIENT_CONFIRMATION_OK"
17663,10404658845,10404658887,1,"IOTHUB_CLIENT_CONFIRMATION_OK"
17664,10404659045,10404659087,1,"IOTHUB_CLIENT_CONFIRMATION_OK"
17665,10404659245,10404659285,1,"IOTHUB_CLIENT_CONFIRMATION_OK"
17666,10404659446,10404659496,1,"IOTHUB_CLIENT_CONFIRMATION_OK"
17667,10404659646,10404659696,1,"IOTHUB_CLIENT_CONFIRMATION_OK"
17668,10404659846,10404659917,1,"IOTHUB_CLIENT_CONFIRMATION_OK"
17669,10404660046,10404660137,1,"IOTHUB_CLIENT_CONFIRMATION_OK"
17670,10404660246,10404660284,1,"IOTHUB_CLIENT_CONFIRMATION_OK"
17671,10404660446,10404660509,1,"IOTHUB_CLIENT_CONFIRMATION_OK"
17672,10404660647,10404660694,1,"IOTHUB_CLIENT_CONFIRMATION_OK"
17673,10404660847,10404660887,1,"IOTHUB_CLIENT_CONFIRMATION_OK"
17674,10404661047,10404661082,1,"IOTHUB_CLIENT_CONFIRMATION_OK"
17675,10404661247,10404661289,1,"IOTHUB_CLIENT_CONFIRMATION_OK"
17676,10404661447,10404661516,1,"IOTHUB_CLIENT_CONFIRMATION_OK"
17677,10404661647,10404661687,1,"IOTHUB_CLIENT_CONFIRMATION_OK"
17678,10404661848,10404661884,1,"IOTHUB_CLIENT_CONFIRMATION_OK"
17679,10404662048,10404662082,1,"IOTHUB_CLIENT_CONFIRMATION_OK"
17680,10404662248,10404662294,1,"IOTHUB_CLIENT_CONFIRMATION_OK"
17681,10404662448,10404662484,1,"IOTHUB_CLIENT_CONFIRMATION_OK"
17682,10404662648,10404662713,1,"IOTHUB_CLIENT_CONFIRMATION_OK"
17683,10404662848,10404662888,1,"IOTHUB_CLIENT_CONFIRMATION_OK"
17684,10404663049,10404663084,1,"IOTHUB_CLIENT_CONFIRMATION_OK"
17685,10404663249,10404663398,1,"IOTHUB_CLIENT_CONFIRMATION_OK"
17686,10404663449,10404663482,1,"IOTHUB_CLIENT_CONFIRMATION_OK"
17687,10404663649,10404663685,1,"IOTHUB_CLIENT_CONFIRMATION_OK"
17688,10404663849,10404663893,1,"IOTHUB_CLIENT_CONFIRMATION_OK"
17689,10404664049,10404664080,1,"IOTHUB_CLIENT_CONFIRMATION_OK"
17690,10404664250,10404664291,1,"IOTHUB_CLIENT_CONFIRMATION_OK"
17691,10404664450,10404664590,1,"IOTHUB_CLIENT_CONFIRMATION_OK"
17692,10404664650,10404664686,1,"IOTHUB_CLIENT_CONFIRMATION_OK"
17693,10404664850,10404664913,1,"IOTHUB_CLIENT_CONFIRMATION_OK"
17694,10404665050,10404665194,1,"IOTHUB_CLIENT_CONFIRMATION_OK"
17695,10404665250,10404665314,1,"IOTHUB_CLIENT_CONFIRMATION_OK"
17696,10404665450,10404665507,1,"IOTHUB_CLIENT_CONFIRMATION_OK"
17697,10404665651,10404665853,1,"IOTHUB_CLIENT_CONFIRMATION_OK"
17698,10404665851,10404665901,1,"IOTHUB_CLIENT_CONFIRMATION_OK"
17699,10404666051,10404666088,1,"IOTHUB_CLIENT_CONFIRMATION_OK"
17700,10404666251,10404666303,1,"IOTHUB_CLIENT_CONFIRMATION_OK"
17701,10404666451,10404666576,1,"IOTHUB_CLIENT_CONFIRMATION_OK"
17702,10404666651,10404667074,1,"IOTHUB_CLIENT_CONFIRMATION_OK"
17703,10404666852,10404667517,1,"IOTHUB_CLIENT_CONFIRMATION_OK"
17704,10404667052,10404667594,1,"IOTHUB_CLIENT_CONFIRMATION_OK"
17705,10404667252,10404667653,1,"IOTHUB_CLIENT_CONFIRMATION_OK"
17706,10404667452,10404667715,1,"IOTHUB_CLIENT_CONFIRMATION_OK"
17707,10404667652,10404667776,1,"IOTHUB_CLIENT_CONFIRMATION_OK"
17708,10404667852,10404667904,1,"IOTHUB_CLIENT_CONFIRMATION_OK"
17709,10404668052,10404668089,1,"IOTHUB_CLIENT_CONFIRMATION_OK"
17710,10404668253,10404668295,1,"IOTHUB_CLIENT_CONFIRMATION_OK"
17711,10404668453,10404668492,1,"IOTHUB_CLIENT_CONFIRMATION_OK"
17712,10404668653,10404668689,1,"IOTHUB_CLIENT_CONFIRMATION_OK"
17713,10404668853,10404668898,1,"IOTHUB_CLIENT_CONFIRMATION_OK"
17714,10404669053,10404669092,1,"IOTHUB_CLIENT_CONFIRMATION_OK"
17715,10404669253,10404669365,1,"IOTHUB_CLIENT_CONFIRMATION_OK"
17716,10404669454,10404669570,1,"IOTHUB_CLIENT_CONFIRMATION_OK"
17717,10404669654,10404669694,1,"IOTHUB_CLIENT_CONFIRMATION_OK"
17718,10404669854,10404669920,1,"IOTHUB_CLIENT_CONFIRMATION_OK"
17719,10404670054,10404670112,1,"IOTHUB_CLIENT_CONFIRMATION_OK"
17720,10404670254,10404670365,1,"IOTHUB_CLIENT_CONFIRMATION_OK"
17721,10404670454,10404670488,1,"IOTHUB_CLIENT_CONFIRMATION_OK"
17722,10404670655,10404670715,1,"IOTHUB_CLIENT_CONFIRMATION_OK"
17723,10404670855,10404670904,1,"IOTHUB_CLIENT_CONFIRMATION_OK"
17724,10404671055,10404671097,1,"IOTHUB_CLIENT_CONFIRMATION_OK"
17725,10404671255,10404671301,1,"IOTHUB_CLIENT_CONFIRMATION_OK"
17726,10404671455,10404671495,1,"IOTHUB_CLIENT_CONFIRMATION_OK"
17727,10404671655,10404671698,1,"IOTHUB_CLIENT_CONFIRMATION_OK"
17728,10404671855,10404671978,1,"IOTHUB_CLIENT_CONFIRMATION_OK"
17729,10404672056,10404672089,1,"IOTHUB_CLIENT_CONFIRMATION_OK"
17730,10404672256,10404672289,1,"IOTHUB_CLIENT_CONFIRMATION_OK"
17731,10404672456,10404672491,1,"IOTHUB_CLIENT_CONFIRMATION_OK"
17732,10404672656,10404672703,1,"IOTHUB_CLIENT_CONFIRMATION_OK"
17733,10404672856,10404672903,1,"IOTHUB_CLIENT_CONFIRMATION_OK"
17734,10404673056,10404673103,1,"IOTHUB_CLIENT_CONFIRMATION_OK"
17735,10404673257,10404673290,1,"IOTHUB_CLIENT_CONFIRMATION_OK"
17736,10404673457,10404673508,1,"IOTHUB_CLIENT_CONFIRMATION_OK"
17737,10404673657,10404673691,1,"IOTHUB_CLIENT_CONFIRMATION_OK"
17738,10404673857,10404674076,1,"IOTHUB_CLIENT_CONFIRMATION_OK"
17739,10404674057,10404674101,1,"IOTHUB_CLIENT_CONFIRMATION_OK"
17740,10404674257,10404674292,1,"IOTHUB_CLIENT_CONFIRMATION_OK"
17741,10404674458,10404674513,1,"IOTHUB_CLIENT_CONFIRMATION_OK"
17742,10404674658,10404674733,1,"IOTHUB_CLIENT_CONFIRMATION_OK"
17743,10404674858,10404674916,1,"IOTHUB_CLIENT_CONFIRMATION_OK"
17744,10404675058,10404675101,1,"IOTHUB_CLIENT_CONFIRMATION_OK"
17745,10404675258,10404675346,1,"IOTHUB_CLIENT_CONFIRMATION_OK"
17746,10404675458,10404675492,1,"IOTHUB_CLIENT_CONFIRMATION_OK"
17747,10404675658,10404675703,1,"IOTHUB_CLIENT_CONFIRMATION_OK"
17748,10404675859,10404675957,1,"IOTHUB_CLIENT_CONFIRMATION_OK"
17749,10404676059,10404676098,1,"IOTHUB_CLIENT_CONFIRMATION_OK"
17750,10404676259,10404676292,1,"IOTHUB_CLIENT_CONFIRMATION_OK"
17751,10404676459,10404676588,1,"IOTHUB_CLIENT_CONFIRMATION_OK"
17752,10404676659,10404676695,1,"IOTHUB_CLIENT_CONFIRMATION_OK"
17753,10404676859,10404676892,1,"IOTHUB_CLIENT_CONFIRMATION_OK"
17754,10404677060,10404677200,1,"IOTHUB_CLIENT_CONFIRMATION_OK"
17755,10404677260,10404677298,1,"IOTHUB_CLIENT_CONFIRMATION_OK"
17756,10404677460,10404677498,1,"IOTHUB_CLIENT_CONFIRMATION_OK"
17757,10404677660,10404677770,1,"IOTHUB_CLIENT_CONFIRMATION_OK"
17758,10404677860,10404677897,1,"IOTHUB_CLIENT_CONFIRMATION_OK"
17759,10404678060,10404678094,1,"IOTHUB_CLIENT_CONFIRMATION_OK"
17760,10404678261,10404678317,1,"IOTHUB_CLIENT_CONFIRMATION_OK"
17761,10404678461,10404678500,1,"IOTHUB_CLIENT_CONFIRMATION_OK"
17762,10404678661,10404678726,1,"IOTHUB_CLIENT_CONFIRMATION_OK"
17763,10404678861,10404678906,1,"IOTHUB_CLIENT_CONFIRMATION_OK"
17764,10404679061,10404679101,1,"IOTHUB_CLIENT_CONFIRMATION_OK"
17765,10404679261,10404679301,1,"IOTHUB_CLIENT_CONFIRMATION_OK"
17766,10404679461,10404679502,1,"IOTHUB_CLIENT_CONFIRMATION_OK"
17767,10404679662,10404679704,1,"IOTHUB_CLIENT_CONFIRMATION_OK"
17768,10404679862,10404679911,1,"IOTHUB_CLIENT_CONFIRMATION_OK"
17769,10404680062,10404680102,1,"IOTHUB_CLIENT_CONFIRMATION_OK"
17770,10404680262,10404680319,1,"IOTHUB_CLIENT_CONFIRMATION_OK"
17771,10404680462,10404680501,1,"IOTHUB_CLIENT_CONFIRMATION_OK"
17772,10404680662,10404680712,1,"IOTHUB_CLIENT_CONFIRMATION_OK"
17773,10404680862,10404680907,1,"IOTHUB_CLIENT_CONFIRMATION_OK"
17774,10404681063,10404681109,1,"IOTHUB_CLIENT_CONFIRMATION_OK"
17775,10404681263,10404681344,1,"IOTHUB_CLIENT_CONFIRMATION_OK"
17776,10404681463,10404681507,1,"IOTHUB_CLIENT_CONFIRMATION_OK"
17777,10404681663,10404681695,1,"IOTHUB_CLIENT_CONFIRMATION_OK"
17778,10404681863,10404681896,1,"IOTHUB_CLIENT_CONFIRMATION_OK"
17779,10404682063,10404682140,1,"IOTHUB_CLIENT_CONFIRMATION_OK"
17780,10404682264,10404682305,1,"IOTHUB_CLIENT_CONFIRMATION_OK"
17781,10404682464,10404682497,1,"IOTHUB_CLIENT_CONFIRMATION_OK"
17782,10404682664,10404682707,1,"IOTHUB_CLIENT_CONFIRMATION_OK"
17783,10404682864,10404682916,1,"IOTHUB_CLIENT_CONFIRMATION_OK"
17784,10404683064,10404683170,1,"IOTHUB_CLIENT_CONFIRMATION_OK"
17785,10404683264,10404683307,1,"IOTHUB_CLIENT_CONFIRMATION_OK"
17786,10404683465,10404683581,1,"IOTHUB_CLIENT_CONFIRMATION_OK"
17787,10404683665,10404683713,1,"IOTHUB_CLIENT_CONFIRMATION_OK"
17788,10404683865,10404683915,1,"IOTHUB_CLIENT_CONFIRMATION_OK"
17789,10404684065,10404684193,1,"IOTHUB_CLIENT_CONFIRMATION_OK"
17790,10404684265,10404684303,1,"IOTHUB_CLIENT_CONFIRMATION_OK"
17791,10404684465,10404684503,1,"IOTHUB_CLIENT_CONFIRMATION_OK"
17792,10404684666,10404684810,1,"IOTHUB_CLIENT_CONFIRMATION_OK"
17793,10404684866,10404684909,1,"IOTHUB_CLIENT_CONFIRMATION_OK"
17794,10404685066,10404685107,1,"IOTHUB_CLIENT_CONFIRMATION_OK"
17795,10404685266,10404685415,1,"IOTHUB_CLIENT_CONFIRMATION_OK"
17796,10404685466,10404685507,1,"IOTHUB_CLIENT_CONFIRMATION_OK"
17797,10404685666,10404685707,1,"IOTHUB_CLIENT_CONFIRMATION_OK"
17798,10404685866,10404686050,1,"IOTHUB_CLIENT_CONFIRMATION_OK"
17799,10404686067,10404686109,1,"IOTHUB_CLIENT_CONFIRMATION_OK"
17800,10404686267,10404686309,1,"IOTHUB_CLIENT_CONFIRMATION_OK"
17801,10404686467,10404686509,1,"IOTHUB_CLIENT_CONFIRMATION_OK"
17802,10404686667,10404686698,1,"IOTHUB_CLIENT_CONFIRMATION_OK"
17803,10404686867,10404686908,1,"IOTHUB_CLIENT_CONFIRMATION_OK"
17804,10404687067,10404687123,1,"IOTHUB_CLIENT_CONFIRMATION_OK"
17805,10404687268,10404687306,1,"IOTHUB_CLIENT_CONFIRMATION_OK"
17806,10404687468,10404687516,1,"IOTHUB_CLIENT_CONFIRMATION_OK"
17807,10404687668,10404687739,1,"IOTHUB_CLIENT_CONFIRMATION_OK"
17808,10404687868,10404687907,1,"IOTHUB_CLIENT_CONFIRMATION_OK"
17809,10404688068,10404688100,1,"IOTHUB_CLIENT_CONFIRMATION_OK"
17810,10404688268,10404688305,1,"IOTHUB_CLIENT_CONFIRMATION_OK"
17811,10404688469,10404688508,1,"IOTHUB_CLIENT_CONFIRMATION_OK"
17812,10404688669,10404688779,1,"IOTHUB_CLIENT_CONFIRMATION_OK"
17813,10404688869,10404688909,1,"IOTHUB_CLIENT_CONFIRMATION_OK"
17814,10404689069,10404689107,1,"IOTHUB_CLIENT_CONFIRMATION_OK"
17815,10404689269,10404689315,1,"IOTHUB_CLIENT_CONFIRMATION_OK"
17816,10404689469,10404689507,1,"IOTHUB_CLIENT_CONFIRMATION_OK"
17817,10404689670,10404689886,1,"IOTHUB_CLIENT_CONFIRMATION_OK"
17818,10404689870,10404689917,1,"IOTHUB_CLIENT_CONFIRMATION_OK"
17819,10404690070,10404690106,1,"IOTHUB_CLIENT_CONFIRMATION_OK"
17820,10404690270,10404690304,1,"IOTHUB_CLIENT_CONFIRMATION_OK"
17821,10404690470,10404690519,1,"IOTHUB_CLIENT_CONFIRMATION_OK"
17822,10404690670,10404690718,1,"IOTHUB_CLIENT_CONFIRMATION_OK"
17823,10404690870,10404690916,1,"IOTHUB_CLIENT_CONFIRMATION_OK"
17824,10404691071,10404691121,1,"IOTHUB_CLIENT_CONFIRMATION_OK"
17825,10404691271,10404691344,1,"IOTHUB_CLIENT_CONFIRMATION_OK"
17826,10404691471,10404691508,1,"IOTHUB_CLIENT_CONFIRMATION_OK"
17827,10404691671,10404691746,1,"IOTHUB_CLIENT_CONFIRMATION_OK"
17828,10404691871,10404691911,1,"IOTHUB_CLIENT_CONFIRMATION_OK"
17829,10404692071,10404692105,1,"IOTHUB_CLIENT_CONFIRMATION_OK"
17830,10404692272,10404692365,1,"IOTHUB_CLIENT_CONFIRMATION_OK"
17831,10404692472,10404692517,1,"IOTHUB_CLIENT_CONFIRMATION_OK"
17832,10404692672,10404692708,1,"IOTHUB_CLIENT_CONFIRMATION_OK"
17833,10404692872,10404692972,1,"IOTHUB_CLIENT_CONFIRMATION_OK"
17834,10404693072,10404693104,1,"IOTHUB_CLIENT_CONFIRMATION_OK"
17835,10404693272,10404693311,1,"IOTHUB_CLIENT_CONFIRMATION_OK"
17836,10404693473,10404693585,1,"IOTHUB_CLIENT_CONFIRMATION_OK"
17837,10404693673,10404693711,1,"IOTHUB_CLIENT_CONFIRMATION_OK"
17838,10404693873,10404693915,1,"IOTHUB_CLIENT_CONFIRMATION_OK"
17839,10404694073,10404694114,1,"IOTHUB_CLIENT_CONFIRMATION_OK"
17840,10404694273,10404694315,1,"IOTHUB_CLIENT_CONFIRMATION_OK"
17841,10404694473,10404694509,1,"IOTHUB_CLIENT_CONFIRMATION_OK"
17842,10404694673,10404694746,1,"IOTHUB_CLIENT_CONFIRMATION_OK"
17843,10404694874,10404694916,1,"IOTHUB_CLIENT_CONFIRMATION_OK"
17844,10404695074,10404695109,1,"IOTHUB_CLIENT_CONFIRMATION_OK"
17845,10404695274,10404695330,1,"IOTHUB_CLIENT_CONFIRMATION_OK"
17846,10404695474,10404695510,1,"IOTHUB_CLIENT_CONFIRMATION_OK"
17847,10404695674,10404695732,1,"IOTHUB_CLIENT_CONFIRMATION_OK"
17848,10404695874,10404695911,1,"IOTHUB_CLIENT_CONFIRMATION_OK"
17849,10404696075,10404696133,1,"IOTHUB_CLIENT_CONFIRMATION_OK"
17850,10404696275,10404696308,1,"IOTHUB_CLIENT_CONFIRMATION_OK"
17851,10404696475,10404696522,1,"IOTHUB_CLIENT_CONFIRMATION_OK"
17852,10404696675,10404696712,1,"IOTHUB_CLIENT_CONFIRMATION_OK"
17853,10404696875,10404696918,1,"IOTHUB_CLIENT_CONFIRMATION_OK"
17854,10404697075,10404697106,1,"IOTHUB_CLIENT_CONFIRMATION_OK"
17855,10404697276,10404697460,1,"IOTHUB_CLIENT_CONFIRMATION_OK"
17856,10404697476,10404697511,1,"IOTHUB_CLIENT_CONFIRMATION_OK"
17857,10404697676,10404697776,1,"IOTHUB_CLIENT_CONFIRMATION_OK"
17858,10404697876,10404697914,1,"IOTHUB_CLIENT_CONFIRMATION_OK"
17859,10404698076,10404698116,1,"IOTHUB_CLIENT_CONFIRMATION_OK"
17860,10404698276,10404698317,1,"IOTHUB_CLIENT_CONFIRMATION_OK"
17861,10404698477,10404698512,1,"IOTHUB_CLIENT_CONFIRMATION_OK"
17862,10404698677,10404698710,1,"IOTHUB_CLIENT_CONFIRMATION_OK"
17863,10404698877,10404698919,1,"IOTHUB_CLIENT_CONFIRMATION_OK"
17864,10404699077,10404699108,1,"IOTHUB_CLIENT_CONFIRMATION_OK"
17865,10404699277,10404699316,1,"IOTHUB_CLIENT_CONFIRMATION_OK"
17866,10404699477,10404699521,1,"IOTHUB_CLIENT_CONFIRMATION_OK"
17867,10404699678,10404699707,1,"IOTHUB_CLIENT_CONFIRMATION_OK"
17868,10404699878,10404699916,1,"IOTHUB_CLIENT_CONFIRMATION_OK"
17869,10404700078,10404700114,1,"IOTHUB_CLIENT_CONFIRMATION_OK"
17870,10404700278,10404700313,1,"IOTHUB_CLIENT_CONFIRMATION_OK"
17871,10404700478,10404700521,1,"IOTHUB_CLIENT_CONFIRMATION_OK"
17872,10404700678,10404700789,1,"IOTHUB_CLIENT_CONFIRMATION_OK"
17873,10404700879,10404700915,1,"IOTHUB_CLIENT_CONFIRMATION_OK"
17874,10404701079,10404701172,1,"IOTHUB_CLIENT_CONFIRMATION_OK"
17875,10404701279,10404701316,1,"IOTHUB_CLIENT_CONFIRMATION_OK"
17876,10404701479,10404701508,1,"IOTHUB_CLIENT_CONFIRMATION_OK"
17877,10404701679,10404701782,1,"IOTHUB_CLIENT_CONFIRMATION_OK"
17878,10404701879,10404701938,1,"IOTHUB_CLIENT_CONFIRMATION_OK"
17879,10404702079,10404702120,1,"IOTHUB_CLIENT_CONFIRMATION_OK"
17880,10404702280,10404702326,1,"IOTHUB_CLIENT_CONFIRMATION_OK"
17881,10404702480,10404702523,1,"IOTHUB_CLIENT_CONFIRMATION_OK"
17882,10404702680,10404702718,1,"IOTHUB_CLIENT_CONFIRMATION_OK"
17883,10404702880,10404702912,1,"IOTHUB_CLIENT_CONFIRMATION_OK"
17884,10404703080,10404703114,1,"IOTHUB_CLIENT_CONFIRMATION_OK"
17885,10404703280,10404703380,1,"IOTHUB_CLIENT_CONFIRMATION_OK"
17886,10404703480,10404703520,1,"IOTHUB_CLIENT_CONFIRMATION_OK"
17887,10404703681,10404703714,1,"IOTHUB_CLIENT_CONFIRMATION_OK"
17888,10404703881,10404703912,1,"IOTHUB_CLIENT_CONFIRMATION_OK"
17889,10404704081,10404704114,1,"IOTHUB_CLIENT_CONFIRMATION_OK"
17890,10404704281,10404704447,1,"IOTHUB_CLIENT_CONFIRMATION_OK"
17891,10404704481,10404704535,1,"IOTHUB_CLIENT_CONFIRMATION_OK"
17892,10404704681,10404704727,1,"IOTHUB_CLIENT_CONFIRMATION_OK"
17893,10404704882,10404705024,1,"IOTHUB_CLIENT_CONFIRMATION_OK"
17894,10404705082,10404705118,1,"IOTHUB_CLIENT_CONFIRMATION_OK"
17895,10404705282,10404705318,1,"IOTHUB_CLIENT_CONFIRMATION_OK"
17896,10404705482,10404705636,1,"IOTHUB_CLIENT_CONFIRMATION_OK"
17897,10404705682,10404705724,1,"IOTHUB_CLIENT_CONFIRMATION_OK"
17898,10404705882,10404705922,1,"IOTHUB_CLIENT_CONFIRMATION_OK"
17899,10404706082,10404706122,1,"IOTHUB_CLIENT_CONFIRMATION_OK"
17900,10404706283,10404706336,1,"IOTHUB_CLIENT_CONFIRMATION_OK"
17901,10404706483,10404706543,1,"IOTHUB_CLIENT_CONFIRMATION_OK"
17902,10404706683,10404706718,1,"IOTHUB_CLIENT_CONFIRMATION_OK"
17903,10404706883,10404706924,1,"IOTHUB_CLIENT_CONFIRMATION_OK"
17904,10404707083,10404707132,1,"IOTHUB_CLIENT_CONFIRMATION_OK"
17905,10404707283,10404707316,1,"IOTHUB_CLIENT_CONFIRMATION_OK"
17906,10404707484,10404707562,1,"IOTHUB_CLIENT_CONFIRMATION_OK"
17907,10404707684,10404707749,1,"IOTHUB_CLIENT_CONFIRMATION_OK"
17908,10404707884,10404707935,1,"IOTHUB_CLIENT_CONFIRMATION_OK"
17909,10404708084,10404708163,1,"IOTHUB_CLIENT_CONFIRMATION_OK"
17910,10404708284,10404708329,1,"IOTHUB_CLIENT_CONFIRMATION_OK"
17911,10404708484,10404708521,1,"IOTHUB_CLIENT_CONFIRMATION_OK"
17912,10404708685,10404708813,1,"IOTHUB_CLIENT_CONFIRMATION_OK"
17913,10404708885,10404708922,1,"IOTHUB_CLIENT_CONFIRMATION_OK"
17914,10404709085,10404709116,1,"IOTHUB_CLIENT_CONFIRMATION_OK"
17915,10404709285,10404709415,1,"IOTHUB_CLIENT_CONFIRMATION_OK"
17916,10404709485,10404709585,1,"IOTHUB_CLIENT_CONFIRMATION_OK"
17917,10404709685,10404709726,1,"IOTHUB_CLIENT_CONFIRMATION_OK"
17918,10404709886,10404710014,1,"IOTHUB_CLIENT_CONFIRMATION_OK"
17919,10404710086,10404710138,1,"IOTHUB_CLIENT_CONFIRMATION_OK"
17920,10404710286,10404710327,1,"IOTHUB_CLIENT_CONFIRMATION_OK"
17921,10404710486,10404710524,1,"IOTHUB_CLIENT_CONFIRMATION_OK"
17922,10404710686,10404710721,1,"IOTHUB_CLIENT_CONFIRMATION_OK"
17923,10404710886,10404710924,1,"IOTHUB_CLIENT_CONFIRMATION_OK"
17924,10404711086,10404711119,1,"IOTHUB_CLIENT_CONFIRMATION_OK"
17925,10404711287,10404711323,1,"IOTHUB_CLIENT_CONFIRMATION_OK"
17926,10404711487,10404711519,1,"IOTHUB_CLIENT_CONFIRMATION_OK"
17927,10404711687,10404711724,1,"IOTHUB_CLIENT_CONFIRMATION_OK"
17928,10404711887,10404711922,1,"IOTHUB_CLIENT_CONFIRMATION_OK"
17929,10404712087,10404712120,1,"IOTHUB_CLIENT_CONFIRMATION_OK"
17930,10404712287,10404712352,1,"IOTHUB_CLIENT_CONFIRMATION_OK"
17931,10404712488,10404712557,1,"IOTHUB_CLIENT_CONFIRMATION_OK"
17932,10404712688,10404712731,1,"IOTHUB_CLIENT_CONFIRMATION_OK"
17933,10404712888,10404712925,1,"IOTHUB_CLIENT_CONFIRMATION_OK"
17934,10404713088,10404713142,1,"IOTHUB_CLIENT_CONFIRMATION_OK"
17935,10404713288,10404713320,1,"IOTHUB_CLIENT_CONFIRMATION_OK"
17936,10404713488,10404713523,1,"IOTHUB_CLIENT_CONFIRMATION_OK"
17937,10404713689,10404713730,1,"IOTHUB_CLIENT_CONFIRMATION_OK"
17938,10404713889,10404713935,1,"IOTHUB_CLIENT_CONFIRMATION_OK"
17939,10404714089,10404714132,1,"IOTHUB_CLIENT_CONFIRMATION_OK"
17940,10404714289,10404714320,1,"IOTHUB_CLIENT_CONFIRMATION_OK"
17941,10404714489,10404714530,1,"IOTHUB_CLIENT_CONFIRMATION_OK"
17942,10404714689,10404714722,1,"IOTHUB_CLIENT_CONFIRMATION_OK"
17943,10404714889,10404714929,1,"IOTHUB_CLIENT_CONFIRMATION_OK"
17944,10404715090,10404715166,1,"IOTHUB_CLIENT_CONFIRMATION_OK"
17945,10404715290,10404715329,1,"IOTHUB_CLIENT_CONFIRMATION_OK"
17946,10404715490,10404715591,1,"IOTHUB_CLIENT_CONFIRMATION_OK"
17947,10404715690,10404715812,1,"IOTHUB_CLIENT_CONFIRMATION_OK"
17948,10404715890,10404715930,1,"IOTHUB_CLIENT_CONFIRMATION_OK"
17949,10404716090,10404716126,1,"IOTHUB_CLIENT_CONFIRMATION_OK"
17950,10404716291,10404716397,1,"IOTHUB_CLIENT_CONFIRMATION_OK"
17951,10404716491,10404716529,1,"IOTHUB_CLIENT_CONFIRMATION_OK"
17952,10404716691,10404716736,1,"IOTHUB_CLIENT_CONFIRMATION_OK"
17953,10404716891,10404716999,1,"IOTHUB_CLIENT_CONFIRMATION_OK"
17954,10404717091,10404717127,1,"IOTHUB_CLIENT_CONFIRMATION_OK"
17955,10404717291,10404717347,1,"IOTHUB_CLIENT_CONFIRMATION_OK"
17956,10404717492,10404717607,1,"IOTHUB_CLIENT_CONFIRMATION_OK"
17957,10404717692,10404717732,1,"IOTHUB_CLIENT_CONFIRMATION_OK"
17958,10404717892,10404717955,1,"IOTHUB_CLIENT_CONFIRMATION_OK"
17959,10404718092,10404718149,1,"IOTHUB_CLIENT_CONFIRMATION_OK"
17960,10404718292,10404718322,1,"IOTHUB_CLIENT_CONFIRMATION_OK"
17961,10404718492,10404718534,1,"IOTHUB_CLIENT_CONFIRMATION_OK"
17962,10404718692,10404718726,1,"IOTHUB_CLIENT_CONFIRMATION_OK"
17963,10404718893,10404718927,1,"IOTHUB_CLIENT_CONFIRMATION_OK"
17964,10404719093,10404719145,1,"IOTHUB_CLIENT_CONFIRMATION_OK"
17965,10404719293,10404719333,1,"IOTHUB_CLIENT_CONFIRMATION_OK"
17966,10404719493,10404719532,1,"IOTHUB_CLIENT_CONFIRMATION_OK"
17967,10404719693,10404719749,1,"IOTHUB_CLIENT_CONFIRMATION_OK"
17968,10404719893,10404719937,1,"IOTHUB_CLIENT_CONFIRMATION_OK"
17969,10404720093,10404720132,1,"IOTHUB_CLIENT_CONFIRMATION_OK"
17970,10404720294,10404720343,1,"IOTHUB_CLIENT_CONFIRMATION_OK"
17971,10404720494,10404720538,1,"IOTHUB_CLIENT_CONFIRMATION_OK"
17972,10404720694,10404720857,1,"IOTHUB_CLIENT_CONFIRMATION_OK"
17973,10404720894,10404720928,1,"IOTHUB_CLIENT_CONFIRMATION_OK"
17974,10404721094,10404721132,1,"IOTHUB_CLIENT_CONFIRMATION_OK"
17975,10404721294,10404721466,1,"IOTHUB_CLIENT_CONFIRMATION_OK"
17976,10404721495,10404721528,1,"IOTHUB_CLIENT_CONFIRMATION_OK"
17977,10404721695,10404721743,1,"IOTHUB_CLIENT_CONFIRMATION_OK"
17978,10404721895,10404722079,1,"IOTHUB_CLIENT_CONFIRMATION_OK"
17979,10404722095,10404722133,1,"IOTHUB_CLIENT_CONFIRMATION_OK"
17980,10404722295,10404722326,1,"IOTHUB_CLIENT_CONFIRMATION_OK"
17981,10404722495,10404722534,1,"IOTHUB_CLIENT_CONFIRMATION_OK"
17982,10404722696,10404722734,1,"IOTHUB_CLIENT_CONFIRMATION_OK"
17983,10404722896,10404722933,1,"IOTHUB_CLIENT_CONFIRMATION_OK"
17984,10404723096,10404723129,1,"IOTHUB_CLIENT_CONFIRMATION_OK"
17985,10404723296,10404723342,1,"IOTHUB_CLIENT_CONFIRMATION_OK"
17986,10404723496,10404723549,1,"IOTHUB_CLIENT_CONFIRMATION_OK"
17987,10404723696,10404723729,1,"IOTHUB_CLIENT_CONFIRMATION_OK"
17988,10404723897,10404723939,1,"IOTHUB_CLIENT_CONFIRMATION_OK"
17989,10404724097,10404724132,1,"IOTHUB_CLIENT_CONFIRMATION_OK"
17990,10404724297,10404724331,1,"IOTHUB_CLIENT_CONFIRMATION_OK"
17991,10404724497,10404724539,1,"IOTHUB_CLIENT_CONFIRMATION_OK"
17992,10404724697,10404724730,1,"IOTHUB_CLIENT_CONFIRMATION_OK"
17993,10404724897,10404724930,1,"IOTHUB_CLIENT_CONFIRMATION_OK"
17994,10404725098,10404725148,1,"IOTHUB_CLIENT_CONFIRMATION_OK"
17995,10404725298,10404725340,1,"IOTHUB_CLIENT_CONFIRMATION_OK"
17996,10404725498,10404725535,1,"IOTHUB_CLIENT_CONFIRMATION_OK"
17997,10404725698,10404725759,1,"IOTHUB_CLIENT_CONFIRMATION_OK"
17998,10404725898,10404725938,1,"IOTHUB_CLIENT_CONFIRMATION_OK"
17999,10404726098,10404726128,1,"IOTHUB_CLIENT_CONFIRMATION_OK"
18000,10404726298,10404726347,1,"IOTHUB_CLIENT_CONFIRMATION_OK"
18001,10404726499,10404726533,1,"IOTHUB_CLIENT_CONFIRMATION_OK"
18002,10404726699,10404726762,1,"IOTHUB_CLIENT_CONFIRMATION_OK"
18003,10404726899,10404726940,1,"IOTHUB_CLIENT_CONFIRMATION_OK"
18004,10404727099,10404727137,1,"IOTHUB_CLIENT_CONFIRMATION_OK"
18005,10404727299,10404727339,1,"IOTHUB_CLIENT_CONFIRMATION_OK"
18006,10404727499,10404727535,1,"IOTHUB_CLIENT_CONFIRMATION_OK"
18007,10404727700,10404727801,1,"IOTHUB_CLIENT_CONFIRMATION_OK"
18008,10404727900,10404727947,1,"IOTHUB_CLIENT_CONFIRMATION_OK"
18009,10404728100,10404728135,1,"IOTHUB_CLIENT_CONFIRMATION_OK"
18010,10404728300,10404728402,1,"IOTHUB_CLIENT_CONFIRMATION_OK"
18011,10404728500,10404728533,1,"IOTHUB_CLIENT_CONFIRMATION_OK"
18012,10404728700,10404728769,1,"IOTHUB_CLIENT_CONFIRMATION_OK"
18013,10404728901,10404729011,1,"IOTHUB_CLIENT_CONFIRMATION_OK"
18014,10404729101,10404729134,1,"IOTHUB_CLIENT_CONFIRMATION_OK"
18015,10404729301,10404729343,1,"IOTHUB_CLIENT_CONFIRMATION_OK"
18016,10404729501,10404729621,1,"IOTHUB_CLIENT_CONFIRMATION_OK"
18017,10404729701,10404729742,1,"IOTHUB_CLIENT_CONFIRMATION_OK"
18018,10404729901,10404729937,1,"IOTHUB_CLIENT_CONFIRMATION_OK"
18019,10404730101,10404730136,1,"IOTHUB_CLIENT_CONFIRMATION_OK"
18020,10404730302,10404730348,1,"IOTHUB_CLIENT_CONFIRMATION_OK"
18021,10404730502,10404730538,1,"IOTHUB_CLIENT_CONFIRMATION_OK"
18022,10404730702,10404730744,1,"IOTHUB_CLIENT_CONFIRMATION_OK"
18023,10404730902,10404730940,1,"IOTHUB_CLIENT_CONFIRMATION_OK"
18024,10404731102,10404731143,1,"IOTHUB_CLIENT_CONFIRMATION_OK"
18025,10404731302,10404731378,1,"IOTHUB_CLIENT_CONFIRMATION_OK"
18026,10404731503,10404731542,1,"IOTHUB_CLIENT_CONFIRMATION_OK"
18027,10404731703,10404731780,1,"IOTHUB_CLIENT_CONFIRMATION_OK"
18028,10404731903,10404731961,1,"IOTHUB_CLIENT_CONFIRMATION_OK"
18029,10404732103,10404732142,1,"IOTHUB_CLIENT_CONFIRMATION_OK"
18030,10404732303,10404732340,1,"IOTHUB_CLIENT_CONFIRMATION_OK"
18031,10404732503,10404732541,1,"IOTHUB_CLIENT_CONFIRMATION_OK"
18032,10404732704,10404732882,1,"IOTHUB_CLIENT_CONFIRMATION_OK"
18033,10404732904,10404732946,1,"IOTHUB_CLIENT_CONFIRMATION_OK"
18034,10404733104,10404733152,1,"IOTHUB_CLIENT_CONFIRMATION_OK"
18035,10404733304,10404733553,1,"IOTHUB_CLIENT_CONFIRMATION_OK"
18036,10404733504,10404733575,1,"IOTHUB_CLIENT_CONFIRMATION_OK"
18037,10404733704,10404733744,1,"IOTHUB_CLIENT_CONFIRMATION_OK"
18038,10404733904,10404734042,1,"IOTHUB_CLIENT_CONFIRMATION_OK"
18039,10404734105,10404734143,1,"IOTHUB_CLIENT_CONFIRMATION_OK"
18040,10404734305,10404734353,1,"IOTHUB_CLIENT_CONFIRMATION_OK"
18041,10404734505,10404734539,1,"IOTHUB_CLIENT_CONFIRMATION_OK"
18042,10404734705,10404734745,1,"IOTHUB_CLIENT_CONFIRMATION_OK"
18043,10404734905,10404734969,1,"IOTHUB_CLIENT_CONFIRMATION_OK"
18044,10404735105,10404735141,1,"IOTHUB_CLIENT_CONFIRMATION_OK"
18045,10404735305,10404735354,1,"IOTHUB_CLIENT_CONFIRMATION_OK"
18046,10404735506,10404735544,1,"IOTHUB_CLIENT_CONFIRMATION_OK"
18047,10404735706,10404735742,1,"IOTHUB_CLIENT_CONFIRMATION_OK"
18048,10404735906,10404735951,1,"IOTHUB_CLIENT_CONFIRMATION_OK"
18049,10404736106,10404736142,1,"IOTHUB_CLIENT_CONFIRMATION_OK"
18050,10404736306,10404736341,1,"IOTHUB_CLIENT_CONFIRMATION_OK"
18051,10404736506,10404736551,1,"IOTHUB_CLIENT_CONFIRMATION_OK"
18052,10404736707,10404736745,1,"IOTHUB_CLIENT_CONFIRMATION_OK"
18053,10404736907,10404736941,1,"IOTHUB_CLIENT_CONFIRMATION_OK"
18054,10404737107,10404737386,1,"IOTHUB_CLIENT_CONFIRMATION_OK"
18055,10404737307,10404737419,1,"IOTHUB_CLIENT_CONFIRMATION_OK"
18056,10404737507,10404737549,1,"IOTHUB_CLIENT_CONFIRMATION_OK"
18057,10404737707,10404737947,1,"IOTHUB_CLIENT_CONFIRMATION_OK"
18058,10404737907,10404738160,1,"IOTHUB_CLIENT_CONFIRMATION_OK"
18059,10404738108,10404738199,1,"IOTHUB_CLIENT_CONFIRMATION_OK"
18060,10404738308,10404738358,1,"IOTHUB_CLIENT_CONFIRMATION_OK"
18061,10404738508,10404738544,1,"IOTHUB_CLIENT_CONFIRMATION_OK"
18062,10404738708,10404738744,1,"IOTHUB_CLIENT_CONFIRMATION_OK"
18063,10404738908,10404738946,1,"IOTHUB_CLIENT_CONFIRMATION_OK"
18064,10404739108,10404739142,1,"IOTHUB_CLIENT_CONFIRMATION_OK"
18065,10404739309,10404739342,1,"IOTHUB_CLIENT_CONFIRMATION_OK"
18066,10404739509,10404739548,1,"IOTHUB_CLIENT_CONFIRMATION_OK"
18067,10404739709,10404739752,1,"IOTHUB_CLIENT_CONFIRMATION_OK"
18068,10404739909,10404739945,1,"IOTHUB_CLIENT_CONFIRMATION_OK"
18069,10404740109,10404740150,1,"IOTHUB_CLIENT_CONFIRMATION_OK"
18070,10404740309,10404740562,1,"IOTHUB_CLIENT_CONFIRMATION_OK"
18071,10404740510,10404740578,1,"IOTHUB_CLIENT_CONFIRMATION_OK"
18072,10404740710,10404740747,1,"IOTHUB_CLIENT_CONFIRMATION_OK"
18073,10404740910,10404741046,1,"IOTHUB_CLIENT_CONFIRMATION_OK"
18074,10404741110,10404741147,1,"IOTHUB_CLIENT_CONFIRMATION_OK"
18075,10404741310,10404741348,1,"IOTHUB_CLIENT_CONFIRMATION_OK"
18076,10404741510,10404741652,1,"IOTHUB_CLIENT_CONFIRMATION_OK"
18077,10404741710,10404741752,1,"IOTHUB_CLIENT_CONFIRMATION_OK"
18078,10404741911,10404741945,1,"IOTHUB_CLIENT_CONFIRMATION_OK"
18079,10404742111,10404742158,1,"IOTHUB_CLIENT_CONFIRMATION_OK"
18080,10404742311,10404742347,1,"IOTHUB_CLIENT_CONFIRMATION_OK"
18081,10404742511,10404742542,1,"IOTHUB_CLIENT_CONFIRMATION_OK"
18082,10404742711,10404742780,1,"IOTHUB_CLIENT_CONFIRMATION_OK"
18083,10404742911,10404742947,1,"IOTHUB_CLIENT_CONFIRMATION_OK"
18084,10404743111,10404743183,1,"IOTHUB_CLIENT_CONFIRMATION_OK"
18085,10404743312,10404743397,1,"IOTHUB_CLIENT_CONFIRMATION_OK"
18086,10404743512,10404743545,1,"IOTHUB_CLIENT_CONFIRMATION_OK"
18087,10404743712,10404743765,1,"IOTHUB_CLIENT_CONFIRMATION_OK"
18088,10404743912,10404743947,1,"IOTHUB_CLIENT_CONFIRMATION_OK"
18089,10404744112,10404744157,1,"IOTHUB_CLIENT_CONFIRMATION_OK"
18090,10404744312,10404744358,1,"IOTHUB_CLIENT_CONFIRMATION_OK"
18091,10404744512,10404744572,1,"IOTHUB_CLIENT_CONFIRMATION_OK"
18092,10404744713,10404744755,1,"IOTHUB_CLIENT_CONFIRMATION_OK"
18093,10404744913,10404744951,1,"IOTHUB_CLIENT_CONFIRMATION_OK"
18094,10404745113,10404745150,1,"IOTHUB_CLIENT_CONFIRMATION_OK"
18095,10404745313,10404745375,1,"IOTHUB_CLIENT_CONFIRMATION_OK"
18096,10404745513,10404745552,1,"IOTHUB_CLIENT_CONFIRMATION_OK"
18097,10404745713,10404745821,1,"IOTHUB_CLIENT_CONFIRMATION_OK"
18098,10404745913,10404745946,1,"IOTHUB_CLIENT_CONFIRMATION_OK"
18099,10404746114,10404746155,1,"IOTHUB_CLIENT_CONFIRMATION_OK"
18100,10404746314,10404746359,1,"IOTHUB_CLIENT_CONFIRMATION_OK"
18101,10404746514,10404746564,1,"IOTHUB_CLIENT_CONFIRMATION_OK"
18102,10404746714,10404746804,1,"IOTHUB_CLIENT_CONFIRMATION_OK"
18103,10404746914,10404746962,1,"IOTHUB_CLIENT_CONFIRMATION_OK"
18104,10404747114,10404747149,1,"IOTHUB_CLIENT_CONFIRMATION_OK"
18105,10404747315,10404747370,1,"IOTHUB_CLIENT_CONFIRMATION_OK"
18106,10404747515,10404747552,1,"IOTHUB_CLIENT_CONFIRMATION_OK"
18107,10404747715,10404747751,1,"IOTHUB_CLIENT_CONFIRMATION_OK"
18108,10404747915,10404747988,1,"IOTHUB_CLIENT_CONFIRMATION_OK"
18109,10404748115,10404748167,1,"IOTHUB_CLIENT_CONFIRMATION_OK"
18110,10404748315,10404748363,1,"IOTHUB_CLIENT_CONFIRMATION_OK"
18111,10404748515,10404748581,1,"IOTHUB_CLIENT_CONFIRMATION_OK"
18112,10404748716,10404748871,1,"IOTHUB_CLIENT_CONFIRMATION_OK"
18113,10404748916,10404748958,1,"IOTHUB_CLIENT_CONFIRMATION_OK"
18114,10404749116,10404749194,1,"IOTHUB_CLIENT_CONFIRMATION_OK"
18115,10404749316,10404749350,1,"IOTHUB_CLIENT_CONFIRMATION_OK"
18116,10404749516,10404749553,1,"IOTHUB_CLIENT_CONFIRMATION_OK"
18117,10404749716,10404749802,1,"IOTHUB_CLIENT_CONFIRMATION_OK"
18118,10404749917,10404749949,1,"IOTHUB_CLIENT_CONFIRMATION_OK"
18119,10404750117,10404750155,1,"IOTHUB_CLIENT_CONFIRMATION_OK"
18120,10404750317,10404750355,1,"IOTHUB_CLIENT_CONFIRMATION_OK"
18121,10404750517,10404750574,1,"IOTHUB_CLIENT_CONFIRMATION_OK"
18122,10404750717,10404750825,1,"IOTHUB_CLIENT_CONFIRMATION_OK"
18123,10404750917,10404750947,1,"IOTHUB_CLIENT_CONFIRMATION_OK"
18124,10404751117,10404751161,1,"IOTHUB_CLIENT_CONFIRMATION_OK"
18125,10404751318,10404751356,1,"IOTHUB_CLIENT_CONFIRMATION_OK"
18126,10404751518,10404751561,1,"IOTHUB_CLIENT_CONFIRMATION_OK"
18127,10404751718,10404751774,1,"IOTHUB_CLIENT_CONFIRMATION_OK"
18128,10404751918,10404751956,1,"IOTHUB_CLIENT_CONFIRMATION_OK"
18129,10404752118,10404752155,1,"IOTHUB_CLIENT_CONFIRMATION_OK"
18130,10404752318,10404752448,1,"IOTHUB_CLIENT_CONFIRMATION_OK"
18131,10404752519,10404752554,1,"IOTHUB_CLIENT_CONFIRMATION_OK"
18132,10404752719,10404752753,1,"IOTHUB_CLIENT_CONFIRMATION_OK"
18133,10404752919,10404753063,1,"IOTHUB_CLIENT_CONFIRMATION_OK"
18134,10404753119,10404753155,1,"IOTHUB_CLIENT_CONFIRMATION_OK"
18135,10404753319,10404753353,1,"IOTHUB_CLIENT_CONFIRMATION_OK"
18136,10404753519,10404753671,1,"IOTHUB_CLIENT_CONFIRMATION_OK"
18137,10404753720,10404753840,1,"IOTHUB_CLIENT_CONFIRMATION_OK"
18138,10404753920,10404753957,1,"IOTHUB_CLIENT_CONFIRMATION_OK"
18139,10404754120,10404754161,1,"IOTHUB_CLIENT_CONFIRMATION_OK"
18140,10404754320,10404754359,1,"IOTHUB_CLIENT_CONFIRMATION_OK"
18141,10404754520,10404754561,1,"IOTHUB_CLIENT_CONFIRMATION_OK"
18142,10404754720,10404754760,1,"IOTHUB_CLIENT_CONFIRMATION_OK"
18143,10404754921,10404754960,1,"IOTHUB_CLIENT_CONFIRMATION_OK"
18144,10404755121,10404755165,1,"IOTHUB_CLIENT_CONFIRMATION_OK"
18145,10404755321,10404755359,1,"IOTHUB_CLIENT_CONFIRMATION_OK"
18146,10404755521,10404755556,1,"IOTHUB_CLIENT_CONFIRMATION_OK"
18147,10404755721,10404755759,1,"IOTHUB_CLIENT_CONFIRMATION_OK"
18148,10404755921,10404755961,1,"IOTHUB_CLIENT_CONFIRMATION_OK"
18149,10404756121,10404756164,1,"IOTHUB_CLIENT_CONFIRMATION_OK"
18150,10404756322,10404756360,1,"IOTHUB_CLIENT_CONFIRMATION_OK"
18151,10404756522,10404756583,1,"IOTHUB_CLIENT_CONFIRMATION_OK"
18152,10404756722,10404756774,1,"IOTHUB_CLIENT_CONFIRMATION_OK"
18153,10404756922,10404756961,1,"IOTHUB_CLIENT_CONFIRMATION_OK"
18154,10404757122,10404757169,1,"IOTHUB_CLIENT_CONFIRMATION_OK"
18155,10404757322,10404757366,1,"IOTHUB_CLIENT_CONFIRMATION_OK"
18156,10404757523,10404757562,1,"IOTHUB_CLIENT_CONFIRMATION_OK"
18157,10404757723,10404757763,1,"IOTHUB_CLIENT_CONFIRMATION_OK"
18158,10404757923,10404757971,1,"IOTHUB_CLIENT_CONFIRMATION_OK"
18159,10404758123,10404758158,1,"IOTHUB_CLIENT_CONFIRMATION_OK"
18160,10404758323,10404758382,1,"IOTHUB_CLIENT_CONFIRMATION_OK"
18161,10404758523,10404758558,1,"IOTHUB_CLIENT_CONFIRMATION_OK"
18162,10404758724,10404758761,1,"IOTHUB_CLIENT_CONFIRMATION_OK"
18163,10404758924,10404758960,1,"IOTHUB_CLIENT_CONFIRMATION_OK"
18164,10404759124,10404759157,1,"IOTHUB_CLIENT_CONFIRMATION_OK"
18165,10404759324,10404759408,1,"IOTHUB_CLIENT_CONFIRMATION_OK"
18166,10404759524,10404759570,1,"IOTHUB_CLIENT_CONFIRMATION_OK"
18167,10404759724,10404759764,1,"IOTHUB_CLIENT_CONFIRMATION_OK"
18168,10404759924,10404760083,1,"IOTHUB_CLIENT_CONFIRMATION_OK"
18169,10404760125,10404760174,1,"IOTHUB_CLIENT_CONFIRMATION_OK"
18170,10404760325,10404760367,1,"IOTHUB_CLIENT_CONFIRMATION_OK"
18171,10404760525,10404760651,1,"IOTHUB_CLIENT_CONFIRMATION_OK"
18172,10404760725,10404760765,1,"IOTHUB_CLIENT_CONFIRMATION_OK"
18173,10404760925,10404760983,1,"IOTHUB_CLIENT_CONFIRMATION_OK"
18174,10404761125,10404761249,1,"IOTHUB_CLIENT_CONFIRMATION_OK"
18175,10404761326,10404761364,1,"IOTHUB_CLIENT_CONFIRMATION_OK"
18176,10404761526,10404761563,1,"IOTHUB_CLIENT_CONFIRMATION_OK"
18177,10404761726,10404761856,1,"IOTHUB_CLIENT_CONFIRMATION_OK"
18178,10404761926,10404761975,1,"IOTHUB_CLIENT_CONFIRMATION_OK"
18179,10404762126,10404762186,1,"IOTHUB_CLIENT_CONFIRMATION_OK"
18180,10404762326,10404762371,1,"IOTHUB_CLIENT_CONFIRMATION_OK"
18181,10404762527,10404762564,1,"IOTHUB_CLIENT_CONFIRMATION_OK"
18182,10404762727,10404762843,1,"IOTHUB_CLIENT_CONFIRMATION_OK"
18183,10404762927,10404762959,1,"IOTHUB_CLIENT_CONFIRMATION_OK"
18184,10404763127,10404763169,1,"IOTHUB_CLIENT_CONFIRMATION_OK"
18185,10404763327,10404763378,1,"IOTHUB_CLIENT_CONFIRMATION_OK"
18186,10404763527,10404763560,1,"IOTHUB_CLIENT_CONFIRMATION_OK"
18187,10404763728,10404763768,1,"IOTHUB_CLIENT_CONFIRMATION_OK"
18188,10404763928,10404763963,1,"IOTHUB_CLIENT_CONFIRMATION_OK"
18189,10404764128,10404764161,1,"IOTHUB_CLIENT_CONFIRMATION_OK"
18190,10404764328,10404764366,1,"IOTHUB_CLIENT_CONFIRMATION_OK"
18191,10404764528,10404764564,1,"IOTHUB_CLIENT_CONFIRMATION_OK"
18192,10404764728,10404764762,1,"IOTHUB_CLIENT_CONFIRMATION_OK"
18193,10404764929,10404764959,1,"IOTHUB_CLIENT_CONFIRMATION_OK"
18194,10404765129,10404765167,1,"IOTHUB_CLIENT_CONFIRMATION_OK"
18195,10404765329,10404765376,1,"IOTHUB_CLIENT_CONFIRMATION_OK"
18196,10404765529,10404765738,1,"IOTHUB_CLIENT_CONFIRMATION_OK"
18197,10404765729,10404765780,1,"IOTHUB_CLIENT_CONFIRMATION_OK"
18198,10404765929,10404765975,1,"IOTHUB_CLIENT_CONFIRMATION_OK"
18199,10404766130,10404766165,1,"IOTHUB_CLIENT_CONFIRMATION_OK"
18200,10404766330,10404766388,1,"IOTHUB_CLIENT_CONFIRMATION_OK"
18201,10404766530,10404766577,1,"IOTHUB_CLIENT_CONFIRMATION_OK"
18202,10404766730,10404766789,1,"IOTHUB_CLIENT_CONFIRMATION_OK"
18203,10404766930,10404766975,1,"IOTHUB_CLIENT_CONFIRMATION_OK"
18204,10404767130,10404767165,1,"IOTHUB_CLIENT_CONFIRMATION_OK"
18205,10404767330,10404767371,1,"IOTHUB_CLIENT_CONFIRMATION_OK"
18206,10404767531,10404767584,1,"IOTHUB_CLIENT_CONFIRMATION_OK"
18207,10404767731,10404767768,1,"IOTHUB_CLIENT_CONFIRMATION_OK"
18208,10404767931,10404767982,1,"IOTHUB_CLIENT_CONFIRMATION_OK"
18209,10404768131,10404768199,1,"IOTHUB_CLIENT_CONFIRMATION_OK"
18210,10404768331,10404768365,1,"IOTHUB_CLIENT_CONFIRMATION_OK"
18211,10404768531,10404768587,1,"IOTHUB_CLIENT_CONFIRMATION_OK"
18212,10404768732,10404768825,1,"IOTHUB_CLIENT_CONFIRMATION_OK"
18213,10404768932,10404768974,1,"IOTHUB_CLIENT_CONFIRMATION_OK"
18214,10404769132,10404769170,1,"IOTHUB_CLIENT_CONFIRMATION_OK"
18215,10404769332,10404769419,1,"IOTHUB_CLIENT_CONFIRMATION_OK"
18216,10404769532,10404769586,1,"IOTHUB_CLIENT_CONFIRMATION_OK"
18217,10404769733,10404769767,1,"IOTHUB_CLIENT_CONFIRMATION_OK"
18218,10404769933,10404770011,1,"IOTHUB_CLIENT_CONFIRMATION_OK"
18219,10404770133,10404770165,1,"IOTHUB_CLIENT_CONFIRMATION_OK"
18220,10404770333,10404770371,1,"IOTHUB_CLIENT_CONFIRMATION_OK"
18221,10404770533,10404770571,1,"IOTHUB_CLIENT_CONFIRMATION_OK"
18222,10404770733,10404770767,1,"IOTHUB_CLIENT_CONFIRMATION_OK"
18223,10404770933,10404770998,1,"IOTHUB_CLIENT_CONFIRMATION_OK"
18224,10404771134,10404771172,1,"IOTHUB_CLIENT_CONFIRMATION_OK"
18225,10404771334,10404771367,1,"IOTHUB_CLIENT_CONFIRMATION_OK"
18226,10404771534,10404771586,1,"IOTHUB_CLIENT_CONFIRMATION_OK"
18227,10404771734,10404771767,1,"IOTHUB_CLIENT_CONFIRMATION_OK"
18228,10404771934,10404771972,1,"IOTHUB_CLIENT_CONFIRMATION_OK"
18229,10404772134,10404772174,1,"IOTHUB_CLIENT_CONFIRMATION_OK"
18230,10404772335,10404772381,1,"IOTHUB_CLIENT_CONFIRMATION_OK"
18231,10404772535,10404773015,1,"IOTHUB_CLIENT_CONFIRMATION_OK"
18232,10404772735,10404773310,1,"IOTHUB_CLIENT_CONFIRMATION_OK"
18233,10404772935,10404773503,1,"IOTHUB_CLIENT_CONFIRMATION_OK"
18234,10404773135,10404773558,1,"IOTHUB_CLIENT_CONFIRMATION_OK"
18235,10404773335,10404773611,1,"IOTHUB_CLIENT_CONFIRMATION_OK"
18236,10404773536,10404773645,1,"IOTHUB_CLIENT_CONFIRMATION_OK"
18237,10404773736,10404773879,1,"IOTHUB_CLIENT_CONFIRMATION_OK"
18238,10404773936,10404773979,1,"IOTHUB_CLIENT_CONFIRMATION_OK"
18239,10404774136,10404774192,1,"IOTHUB_CLIENT_CONFIRMATION_OK"
18240,10404774336,10404774393,1,"IOTHUB_CLIENT_CONFIRMATION_OK"
18241,10404774536,10404774576,1,"IOTHUB_CLIENT_CONFIRMATION_OK"
18242,10404774737,10404774774,1,"IOTHUB_CLIENT_CONFIRMATION_OK"
18243,10404774937,10404774977,1,"IOTHUB_CLIENT_CONFIRMATION_OK"
18244,10404775137,10404775180,1,"IOTHUB_CLIENT_CONFIRMATION_OK"
18245,10404775337,10404775371,1,"IOTHUB_CLIENT_CONFIRMATION_OK"
18246,10404775537,10404775572,1,"IOTHUB_CLIENT_CONFIRMATION_OK"
18247,10404775737,10404775795,1,"IOTHUB_CLIENT_CONFIRMATION_OK"
18248,10404775938,10404775973,1,"IOTHUB_CLIENT_CONFIRMATION_OK"
18249,10404776138,10404776176,1,"IOTHUB_CLIENT_CONFIRMATION_OK"
18250,10404776338,10404776373,1,"IOTHUB_CLIENT_CONFIRMATION_OK"
18251,10404776538,10404776575,1,"IOTHUB_CLIENT_CONFIRMATION_OK"
18252,10404776738,10404776786,1,"IOTHUB_CLIENT_CONFIRMATION_OK"
18253,10404776938,10404776975,1,"IOTHUB_CLIENT_CONFIRMATION_OK"
18254,10404777138,10404777191,1,"IOTHUB_CLIENT_CONFIRMATION_OK"
18255,10404777339,10404777375,1,"IOTHUB_CLIENT_CONFIRMATION_OK"
18256,10404777539,10404777575,1,"IOTHUB_CLIENT_CONFIRMATION_OK"
18257,10404777739,10404777782,1,"IOTHUB_CLIENT_CONFIRMATION_OK"
18258,10404777939,10404777978,1,"IOTHUB_CLIENT_CONFIRMATION_OK"
18259,10404778139,10404778173,1,"IOTHUB_CLIENT_CONFIRMATION_OK"
18260,10404778339,10404778378,1,"IOTHUB_CLIENT_CONFIRMATION_OK"
18261,10404778540,10404778574,1,"IOTHUB_CLIENT_CONFIRMATION_OK"
18262,10404778740,10404778773,1,"IOTHUB_CLIENT_CONFIRMATION_OK"
18263,10404778940,10404778993,1,"IOTHUB_CLIENT_CONFIRMATION_OK"
18264,10404779140,10404779175,1,"IOTHUB_CLIENT_CONFIRMATION_OK"
18265,10404779340,10404779372,1,"IOTHUB_CLIENT_CONFIRMATION_OK"
18266,10404779540,10404779656,1,"IOTHUB_CLIENT_CONFIRMATION_OK"
18267,10404779741,10404779782,1,"IOTHUB_CLIENT_CONFIRMATION_OK"
18268,10404779941,10404779978,1,"IOTHUB_CLIENT_CONFIRMATION_OK"
18269,10404780141,10404780247,1,"IOTHUB_CLIENT_CONFIRMATION_OK"
18270,10404780341,10404780386,1,"IOTHUB_CLIENT_CONFIRMATION_OK"
18271,10404780541,10404780580,1,"IOTHUB_CLIENT_CONFIRMATION_OK"
18272,10404780741,10404780833,1,"IOTHUB_CLIENT_CONFIRMATION_OK"
18273,10404780941,10404780978,1,"IOTHUB_CLIENT_CONFIRMATION_OK"
18274,10404781142,10404781178,1,"IOTHUB_CLIENT_CONFIRMATION_OK"
18275,10404781342,10404781442,1,"IOTHUB_CLIENT_CONFIRMATION_OK"
18276,10404781542,10404781582,1,"IOTHUB_CLIENT_CONFIRMATION_OK"
18277,10404781742,10404781778,1,"IOTHUB_CLIENT_CONFIRMATION_OK"
18278,10404781942,10404781978,1,"IOTHUB_CLIENT_CONFIRMATION_OK"
18279,10404782142,10404782180,1,"IOTHUB_CLIENT_CONFIRMATION_OK"
18280,10404782342,10404782381,1,"IOTHUB_CLIENT_CONFIRMATION_OK"
18281,10404782543,10404782582,1,"IOTHUB_CLIENT_CONFIRMATION_OK"
18282,10404782743,10404782823,1,"IOTHUB_CLIENT_CONFIRMATION_OK"
18283,10404782943,10404782984,1,"IOTHUB_CLIENT_CONFIRMATION_OK"
18284,10404783143,10404783183,1,"IOTHUB_CLIENT_CONFIRMATION_OK"
18285,10404783343,10404783380,1,"IOTHUB_CLIENT_CONFIRMATION_OK"
18286,10404783543,10404783587,1,"IOTHUB_CLIENT_CONFIRMATION_OK"
18287,10404783744,10404783791,1,"IOTHUB_CLIENT_CONFIRMATION_OK"
18288,10404783944,10404783982,1,"IOTHUB_CLIENT_CONFIRMATION_OK"
18289,10404784144,10404784181,1,"IOTHUB_CLIENT_CONFIRMATION_OK"
18290,10404784344,10404784381,1,"IOTHUB_CLIENT_CONFIRMATION_OK"
18291,10404784544,10404784584,1,"IOTHUB_CLIENT_CONFIRMATION_OK"
18292,10404784744,10404784787,1,"IOTHUB_CLIENT_CONFIRMATION_OK"
18293,10404784945,10404784977,1,"IOTHUB_CLIENT_CONFIRMATION_OK"
18294,10404785145,10404785323,1,"IOTHUB_CLIENT_CONFIRMATION_OK"
18295,10404785345,10404785386,1,"IOTHUB_CLIENT_CONFIRMATION_OK"
18296,10404785545,10404785579,1,"IOTHUB_CLIENT_CONFIRMATION_OK"
18297,10404785745,10404785927,1,"IOTHUB_CLIENT_CONFIRMATION_OK"
18298,10404785945,10404786005,1,"IOTHUB_CLIENT_CONFIRMATION_OK"
18299,10404786145,10404786185,1,"IOTHUB_CLIENT_CONFIRMATION_OK"
18300,10404786346,10404786386,1,"IOTHUB_CLIENT_CONFIRMATION_OK"
18301,10404786546,10404786583,1,"IOTHUB_CLIENT_CONFIRMATION_OK"
18302,10404786746,10404786783,1,"IOTHUB_CLIENT_CONFIRMATION_OK"
18303,10404786946,10404786987,1,"IOTHUB_CLIENT_CONFIRMATION_OK"
18304,10404787146,10404787186,1,"IOTHUB_CLIENT_CONFIRMATION_OK"
18305,10404787346,10404787386,1,"IOTHUB_CLIENT_CONFIRMATION_OK"
18306,10404787547,10404787608,1,"IOTHUB_CLIENT_CONFIRMATION_OK"
18307,10404787747,10404787839,1,"IOTHUB_CLIENT_CONFIRMATION_OK"
18308,10404787947,10404787979,1,"IOTHUB_CLIENT_CONFIRMATION_OK"
18309,10404788147,10404788183,1,"IOTHUB_CLIENT_CONFIRMATION_OK"
18310,10404788347,10404788383,1,"IOTHUB_CLIENT_CONFIRMATION_OK"
18311,10404788547,10404788581,1,"IOTHUB_CLIENT_CONFIRMATION_OK"
18312,10404788748,10404788788,1,"IOTHUB_CLIENT_CONFIRMATION_OK"
18313,10404788948,10404789009,1,"IOTHUB_CLIENT_CONFIRMATION_OK"
18314,10404789148,10404789182,1,"IOTHUB_CLIENT_CONFIRMATION_OK"
18315,10404789348,10404789446,1,"IOTHUB_CLIENT_CONFIRMATION_OK"
18316,10404789548,10404789658,1,"IOTHUB_CLIENT_CONFIRMATION_OK"
18317,10404789748,10404789788,1,"IOTHUB_CLIENT_CONFIRMATION_OK"
18318,10404789949,10404789984,1,"IOTHUB_CLIENT_CONFIRMATION_OK"
18319,10404790149,10404790196,1,"IOTHUB_CLIENT_CONFIRMATION_OK"
18320,10404790349,10404790388,1,"IOTHUB_CLIENT_CONFIRMATION_OK"
18321,10404790549,10404790584,1,"IOTHUB_CLIENT_CONFIRMATION_OK"
18322,10404790749,10404790782,1,"IOTHUB_CLIENT_CONFIRMATION_OK"
18323,10404790949,10404790986,1,"IOTHUB_CLIENT_CONFIRMATION_OK"
18324,10404791149,10404791183,1,"IOTHUB_CLIENT_CONFIRMATION_OK"
18325,10404791350,10404791389,1,"IOTHUB_CLIENT_CONFIRMATION_OK"
18326,10404791550,10404791589,1,"IOTHUB_CLIENT_CONFIRMATION_OK"
18327,10404791750,10404791829,1,"IOTHUB_CLIENT_CONFIRMATION_OK"
18328,10404791950,10404791998,1,"IOTHUB_CLIENT_CONFIRMATION_OK"
18329,10404792150,10404792185,1,"IOTHUB_CLIENT_CONFIRMATION_OK"
18330,10404792350,10404792384,1,"IOTHUB_CLIENT_CONFIRMATION_OK"
18331,10404792551,10404792607,1,"IOTHUB_CLIENT_CONFIRMATION_OK"
18332,10404792751,10404792914,1,"IOTHUB_CLIENT_CONFIRMATION_OK"
18333,10404792951,10404792996,1,"IOTHUB_CLIENT_CONFIRMATION_OK"
18334,10404793151,10404793184,1,"IOTHUB_CLIENT_CONFIRMATION_OK"
18335,10404793351,10404793514,1,"IOTHUB_CLIENT_CONFIRMATION_OK"
18336,10404793551,10404793608,1,"IOTHUB_CLIENT_CONFIRMATION_OK"
18337,10404793752,10404793786,1,"IOTHUB_CLIENT_CONFIRMATION_OK"
18338,10404793952,10404794113,1,"IOTHUB_CLIENT_CONFIRMATION_OK"
18339,10404794152,10404794181,1,"IOTHUB_CLIENT_CONFIRMATION_OK"
18340,10404794352,10404794387,1,"IOTHUB_CLIENT_CONFIRMATION_OK"
18341,10404794552,10404794584,1,"IOTHUB_CLIENT_CONFIRMATION_OK"
18342,10404794752,10404794790,1,"IOTHUB_CLIENT_CONFIRMATION_OK"
18343,10404794952,10404794992,1,"IOTHUB_CLIENT_CONFIRMATION_OK"
18344,10404795153,10404795191,1,"IOTHUB_CLIENT_CONFIRMATION_OK"
18345,10404795353,10404795390,1,"IOTHUB_CLIENT_CONFIRMATION_OK"
18346,10404795553,10404795602,1,"IOTHUB_CLIENT_CONFIRMATION_OK"
18347,10404795753,10404795786,1,"IOTHUB_CLIENT_CONFIRMATION_OK"
18348,10404795953,10404795990,1,"IOTHUB_CLIENT_CONFIRMATION_OK"
18349,10404796153,10404796192,1,"IOTHUB_CLIENT_CONFIRMATION_OK"
18350,10404796354,10404796407,1,"IOTHUB_CLIENT_CONFIRMATION_OK"
18351,10404796554,10404796598,1,"IOTHUB_CLIENT_CONFIRMATION_OK"
18352,10404796754,10404796794,1,"IOTHUB_CLIENT_CONFIRMATION_OK"
18353,10404796954,10404796989,1,"IOTHUB_CLIENT_CONFIRMATION_OK"
18354,10404797154,10404797222,1,"IOTHUB_CLIENT_CONFIRMATION_OK"
18355,10404797354,10404797395,1,"IOTHUB_CLIENT_CONFIRMATION_OK"
18356,10404797555,10404797606,1,"IOTHUB_CLIENT_CONFIRMATION_OK"
18357,10404797755,10404797809,1,"IOTHUB_CLIENT_CONFIRMATION_OK"
18358,10404797955,10404797992,1,"IOTHUB_CLIENT_CONFIRMATION_OK"
18359,10404798155,10404798191,1,"IOTHUB_CLIENT_CONFIRMATION_OK"
18360,10404798355,10404798393,1,"IOTHUB_CLIENT_CONFIRMATION_OK"
18361,10404798555,10404798594,1,"IOTHUB_CLIENT_CONFIRMATION_OK"
18362,10404798756,10404798791,1,"IOTHUB_CLIENT_CONFIRMATION_OK"
18363,10404798956,10404799013,1,"IOTHUB_CLIENT_CONFIRMATION_OK"
18364,10404799156,10404799265,1,"IOTHUB_CLIENT_CONFIRMATION_OK"
18365,10404799356,10404799398,1,"IOTHUB_CLIENT_CONFIRMATION_OK"
18366,10404799556,10404799594,1,"IOTHUB_CLIENT_CONFIRMATION_OK"
18367,10404799756,10404799848,1,"IOTHUB_CLIENT_CONFIRMATION_OK"
18368,10404799957,10404799996,1,"IOTHUB_CLIENT_CONFIRMATION_OK"
18369,10404800157,10404800194,1,"IOTHUB_CLIENT_CONFIRMATION_OK"
18370,10404800357,10404800486,1,"IOTHUB_CLIENT_CONFIRMATION_OK"
18371,10404800557,10404800593,1,"IOTHUB_CLIENT_CONFIRMATION_OK"
18372,10404800757,10404800794,1,"IOTHUB_CLIENT_CONFIRMATION_OK"
18373,10404800957,10404801062,1,"IOTHUB_CLIENT_CONFIRMATION_OK"
18374,10404801158,10404801197,1,"IOTHUB_CLIENT_CONFIRMATION_OK"
18375,10404801358,10404801397,1,"IOTHUB_CLIENT_CONFIRMATION_OK"
18376,10404801558,10404801686,1,"IOTHUB_CLIENT_CONFIRMATION_OK"
18377,10404801758,10404801792,1,"IOTHUB_CLIENT_CONFIRMATION_OK"
18378,10404801958,10404801994,1,"IOTHUB_CLIENT_CONFIRMATION_OK"
18379,10404802158,10404802198,1,"IOTHUB_CLIENT_CONFIRMATION_OK"
18380,10404802358,10404802389,1,"IOTHUB_CLIENT_CONFIRMATION_OK"
18381,10404802559,10404802595,1,"IOTHUB_CLIENT_CONFIRMATION_OK"
18382,10404802759,10404802795,1,"IOTHUB_CLIENT_CONFIRMATION_OK"
18383,10404802959,10404803020,1,"IOTHUB_CLIENT_CONFIRMATION_OK"
18384,10404803159,10404803199,1,"IOTHUB_CLIENT_CONFIRMATION_OK"
18385,10404803359,10404803399,1,"IOTHUB_CLIENT_CONFIRMATION_OK"
18386,10404803559,10404803592,1,"IOTHUB_CLIENT_CONFIRMATION_OK"
18387,10404803760,10404803800,1,"IOTHUB_CLIENT_CONFIRMATION_OK"
18388,10404803960,10404803992,1,"IOTHUB_CLIENT_CONFIRMATION_OK"
18389,10404804160,10404804201,1,"IOTHUB_CLIENT_CONFIRMATION_OK"
18390,10404804360,10404804409,1,"IOTHUB_CLIENT_CONFIRMATION_OK"
18391,10404804560,10404804595,1,"IOTHUB_CLIENT_CONFIRMATION_OK"
18392,10404804760,10404804967,1,"IOTHUB_CLIENT_CONFIRMATION_OK"
18393,10404804961,10404804997,1,"IOTHUB_CLIENT_CONFIRMATION_OK"
18394,10404805161,10404805195,1,"IOTHUB_CLIENT_CONFIRMATION_OK"
18395,10404805361,10404805543,1,"IOTHUB_CLIENT_CONFIRMATION_OK"
18396,10404805561,10404805632,1,"IOTHUB_CLIENT_CONFIRMATION_OK"
18397,10404805761,10404805858,1,"IOTHUB_CLIENT_CONFIRMATION_OK"
18398,10404805961,10404805995,1,"IOTHUB_CLIENT_CONFIRMATION_OK"
18399,10404806161,10404806207,1,"IOTHUB_CLIENT_CONFIRMATION_OK"
18400,10404806362,10404806406,1,"IOTHUB_CLIENT_CONFIRMATION_OK"
18401,10404806562,10404806598,1,"IOTHUB_CLIENT_CONFIRMATION_OK"
18402,10404806762,10404806795,1,"IOTHUB_CLIENT_CONFIRMATION_OK"
18403,10404806962,10404806998,1,"IOTHUB_CLIENT_CONFIRMATION_OK"
18404,10404807162,10404807207,1,"IOTHUB_CLIENT_CONFIRMATION_OK"
18405,10404807362,10404807401,1,"IOTHUB_CLIENT_CONFIRMATION_OK"
18406,10404807563,10404807613,1,"IOTHUB_CLIENT_CONFIRMATION_OK"
18407,10404807763,10404807798,1,"IOTHUB_CLIENT_CONFIRMATION_OK"
18408,10404807963,10404808004,1,"IOTHUB_CLIENT_CONFIRMATION_OK"
18409,10404808163,10404808214,1,"IOTHUB_CLIENT_CONFIRMATION_OK"
18410,10404808363,10404808404,1,"IOTHUB_CLIENT_CONFIRMATION_OK"
18411,10404808563,10404808611,1,"IOTHUB_CLIENT_CONFIRMATION_OK"
18412,10404808763,10404808798,1,"IOTHUB_CLIENT_CONFIRMATION_OK"
18413,10404808964,10404809000,1,"IOTHUB_CLIENT_CONFIRMATION_OK"
18414,10404809164,10404809293,1,"IOTHUB_CLIENT_CONFIRMATION_OK"
18415,10404809364,10404809402,1,"IOTHUB_CLIENT_CONFIRMATION_OK"
18416,10404809564,10404809602,1,"IOTHUB_CLIENT_CONFIRMATION_OK"
18417,10404809764,10404809918,1,"IOTHUB_CLIENT_CONFIRMATION_OK"
18418,10404809964,10404810042,1,"IOTHUB_CLIENT_CONFIRMATION_OK"
18419,10404810165,10404810208,1,"IOTHUB_CLIENT_CONFIRMATION_OK"
18420,10404810365,10404810424,1,"IOTHUB_CLIENT_CONFIRMATION_OK"
18421,10404810565,10404810598,1,"IOTHUB_CLIENT_CONFIRMATION_OK"
18422,10404810765,10404810803,1,"IOTHUB_CLIENT_CONFIRMATION_OK"
18423,10404810965,10404811009,1,"IOTHUB_CLIENT_CONFIRMATION_OK"
18424,10404811165,10404811329,1,"IOTHUB_CLIENT_CONFIRMATION_OK"
18425,10404811365,10404811407,1,"IOTHUB_CLIENT_CONFIRMATION_OK"
18426,10404811566,10404811613,1,"IOTHUB_CLIENT_CONFIRMATION_OK"
18427,10404811766,10404811800,1,"IOTHUB_CLIENT_CONFIRMATION_OK"
18428,10404811966,10404812015,1,"IOTHUB_CLIENT_CONFIRMATION_OK"
18429,10404812166,10404812209,1,"IOTHUB_CLIENT_CONFIRMATION_OK"
18430,10404812366,10404812415,1,"IOTHUB_CLIENT_CONFIRMATION_OK"
18431,10404812566,10404812606,1,"IOTHUB_CLIENT_CONFIRMATION_OK"
18432,10404812767,10404812796,1,"IOTHUB_CLIENT_CONFIRMATION_OK"
18433,10404812967,10404813010,1,"IOTHUB_CLIENT_CONFIRMATION_OK"
18434,10404813167,10404813215,1,"IOTHUB_CLIENT_CONFIRMATION_OK"
18435,10404813367,10404813408,1,"IOTHUB_CLIENT_CONFIRMATION_OK"
18436,10404813567,10404813814,1,"IOTHUB_CLIENT_CONFIRMATION_OK"
18437,10404813767,10404813829,1,"IOTHUB_CLIENT_CONFIRMATION_OK"
18438,10404813967,10404814001,1,"IOTHUB_CLIENT_CONFIRMATION_OK"
18439,10404814168,10404814208,1,"IOTHUB_CLIENT_CONFIRMATION_OK"
18440,10404814368,10404814402,1,"IOTHUB_CLIENT_CONFIRMATION_OK"
18441,10404814568,10404814687,1,"IOTHUB_CLIENT_CONFIRMATION_OK"
18442,10404814768,10404814840,1,"IOTHUB_CLIENT_CONFIRMATION_OK"
18443,10404814968,10404815018,1,"IOTHUB_CLIENT_CONFIRMATION_OK"
18444,10404815168,10404815202,1,"IOTHUB_CLIENT_CONFIRMATION_OK"
18445,10404815369,10404815434,1,"IOTHUB_CLIENT_CONFIRMATION_OK"
18446,10404815569,10404815676,1,"IOTHUB_CLIENT_CONFIRMATION_OK"
18447,10404815769,10404815800,1,"IOTHUB_CLIENT_CONFIRMATION_OK"
18448,10404815969,10404816017,1,"IOTHUB_CLIENT_CONFIRMATION_OK"
18449,10404816169,10404816206,1,"IOTHUB_CLIENT_CONFIRMATION_OK"
18450,10404816369,10404816406,1,"IOTHUB_CLIENT_CONFIRMATION_OK"
18451,10404816570,10404816603,1,"IOTHUB_CLIENT_CONFIRMATION_OK"
18452,10404816770,10404816805,1,"IOTHUB_CLIENT_CONFIRMATION_OK"
18453,10404816970,10404817017,1,"IOTHUB_CLIENT_CONFIRMATION_OK"
18454,10404817170,10404817201,1,"IOTHUB_CLIENT_CONFIRMATION_OK"
18455,10404817370,10404817409,1,"IOTHUB_CLIENT_CONFIRMATION_OK"
18456,10404817570,10404817603,1,"IOTHUB_CLIENT_CONFIRMATION_OK"
18457,10404817771,10404817807,1,"IOTHUB_CLIENT_CONFIRMATION_OK"
18458,10404817971,10404818069,1,"IOTHUB_CLIENT_CONFIRMATION_OK"
18459,10404818171,10404818211,1,"IOTHUB_CLIENT_CONFIRMATION_OK"
18460,10404818371,10404818403,1,"IOTHUB_CLIENT_CONFIRMATION_OK"
18461,10404818571,10404818608,1,"IOTHUB_CLIENT_CONFIRMATION_OK"
18462,10404818771,10404818803,1,"IOTHUB_CLIENT_CONFIRMATION_OK"
18463,10404818971,10404819016,1,"IOTHUB_CLIENT_CONFIRMATION_OK"
18464,10404819172,10404819212,1,"IOTHUB_CLIENT_CONFIRMATION_OK"
18465,10404819372,10404819410,1,"IOTHUB_CLIENT_CONFIRMATION_OK"
18466,10404819572,10404819605,1,"IOTHUB_CLIENT_CONFIRMATION_OK"
18467,10404819772,10404819809,1,"IOTHUB_CLIENT_CONFIRMATION_OK"
18468,10404819972,10404820004,1,"IOTHUB_CLIENT_CONFIRMATION_OK"
18469,10404820172,10404820208,1,"IOTHUB_CLIENT_CONFIRMATION_OK"
18470,10404820372,10404820406,1,"IOTHUB_CLIENT_CONFIRMATION_OK"
18471,10404820573,10404820753,1,"IOTHUB_CLIENT_CONFIRMATION_OK"
18472,10404820773,10404820812,1,"IOTHUB_CLIENT_CONFIRMATION_OK"
18473,10404820973,10404821007,1,"IOTHUB_CLIENT_CONFIRMATION_OK"
18474,10404821173,10404821411,1,"IOTHUB_CLIENT_CONFIRMATION_OK"
18475,10404821373,10404821429,1,"IOTHUB_CLIENT_CONFIRMATION_OK"
18476,10404821573,10404821615,1,"IOTHUB_CLIENT_CONFIRMATION_OK"
18477,10404821774,10404821806,1,"IOTHUB_CLIENT_CONFIRMATION_OK"
18478,10404821974,10404822013,1,"IOTHUB_CLIENT_CONFIRMATION_OK"
18479,10404822174,10404822219,1,"IOTHUB_CLIENT_CONFIRMATION_OK"
18480,10404822374,10404822408,1,"IOTHUB_CLIENT_CONFIRMATION_OK"
18481,10404822574,10404822613,1,"IOTHUB_CLIENT_CONFIRMATION_OK"
18482,10404822774,10404822809,1,"IOTHUB_CLIENT_CONFIRMATION_OK"
18483,10404822974,10404823017,1,"IOTHUB_CLIENT_CONFIRMATION_OK"
18484,10404823175,10404823240,1,"IOTHUB_CLIENT_CONFIRMATION_OK"
18485,10404823375,10404823407,1,"IOTHUB_CLIENT_CONFIRMATION_OK"
18486,10404823575,10404823611,1,"IOTHUB_CLIENT_CONFIRMATION_OK"
18487,10404823775,10404823864,1,"IOTHUB_CLIENT_CONFIRMATION_OK"
18488,10404823975,10404824011,1,"IOTHUB_CLIENT_CONFIRMATION_OK"
18489,10404824175,10404824218,1,"IOTHUB_CLIENT_CONFIRMATION_OK"
18490,10404824376,10404824552,1,"IOTHUB_CLIENT_CONFIRMATION_OK"
18491,10404824576,10404824614,1,"IOTHUB_CLIENT_CONFIRMATION_OK"
18492,10404824776,10404824838,1,"IOTHUB_CLIENT_CONFIRMATION_OK"
18493,10404824976,10404825014,1,"IOTHUB_CLIENT_CONFIRMATION_OK"
18494,10404825176,10404825227,1,"IOTHUB_CLIENT_CONFIRMATION_OK"
18495,10404825376,10404825418,1,"IOTHUB_CLIENT_CONFIRMATION_OK"
18496,10404825577,10404825772,1,"IOTHUB_CLIENT_CONFIRMATION_OK"
18497,10404825777,10404825813,1,"IOTHUB_CLIENT_CONFIRMATION_OK"
18498,10404825977,10404826015,1,"IOTHUB_CLIENT_CONFIRMATION_OK"
18499,10404826177,10404826214,1,"IOTHUB_CLIENT_CONFIRMATION_OK"
18500,10404826377,10404826523,1,"IOTHUB_CLIENT_CONFIRMATION_OK"
18501,10404826577,10404826626,1,"IOTHUB_CLIENT_CONFIRMATION_OK"
18502,10404826778,10404826883,1,"IOTHUB_CLIENT_CONFIRMATION_OK"
18503,10404826978,10404827017,1,"IOTHUB_CLIENT_CONFIRMATION_OK"
18504,10404827178,10404827230,1,"IOTHUB_CLIENT_CONFIRMATION_OK"
18505,10404827378,10404827435,1,"IOTHUB_CLIENT_CONFIRMATION_OK"
18506,10404827578,10404827617,1,"IOTHUB_CLIENT_CONFIRMATION_OK"
18507,10404827778,10404827815,1,"IOTHUB_CLIENT_CONFIRMATION_OK"
18508,10404827978,10404828013,1,"IOTHUB_CLIENT_CONFIRMATION_OK"
18509,10404828179,10404828212,1,"IOTHUB_CLIENT_CONFIRMATION_OK"
18510,10404828379,10404828425,1,"IOTHUB_CLIENT_CONFIRMATION_OK"
18511,10404828579,10404828616,1,"IOTHUB_CLIENT_CONFIRMATION_OK"
18512,10404828779,10404828948,1,"IOTHUB_CLIENT_CONFIRMATION_OK"
18513,10404828979,10404829017,1,"IOTHUB_CLIENT_CONFIRMATION_OK"
18514,10404829179,10404829221,1,"IOTHUB_CLIENT_CONFIRMATION_OK"
18515,10404829380,10404829553,1,"IOTHUB_CLIENT_CONFIRMATION_OK"
18516,10404829580,10404829617,1,"IOTHUB_CLIENT_CONFIRMATION_OK"
18517,10404829780,10404829815,1,"IOTHUB_CLIENT_CONFIRMATION_OK"
18518,10404829980,10404830022,1,"IOTHUB_CLIENT_CONFIRMATION_OK"
18519,10404830180,10404830243,1,"IOTHUB_CLIENT_CONFIRMATION_OK"
18520,10404830380,10404830430,1,"IOTHUB_CLIENT_CONFIRMATION_OK"
18521,10404830580,10404830626,1,"IOTHUB_CLIENT_CONFIRMATION_OK"
18522,10404830781,10404830852,1,"IOTHUB_CLIENT_CONFIRMATION_OK"
18523,10404830981,10404831014,1,"IOTHUB_CLIENT_CONFIRMATION_OK"
18524,10404831181,10404831221,1,"IOTHUB_CLIENT_CONFIRMATION_OK"
18525,10404831381,10404831444,1,"IOTHUB_CLIENT_CONFIRMATION_OK"
18526,10404831581,10404831631,1,"IOTHUB_CLIENT_CONFIRMATION_OK"
18527,10404831781,10404831823,1,"IOTHUB_CLIENT_CONFIRMATION_OK"
18528,10404831982,10404832022,1,"IOTHUB_CLIENT_CONFIRMATION_OK"
18529,10404832182,10404832226,1,"IOTHUB_CLIENT_CONFIRMATION_OK"
18530,10404832382,10404832423,1,"IOTHUB_CLIENT_CONFIRMATION_OK"
18531,10404832582,10404832633,1,"IOTHUB_CLIENT_CONFIRMATION_OK"
18532,10404832782,10404832856,1,"IOTHUB_CLIENT_CONFIRMATION_OK"
18533,10404832982,10404833029,1,"IOTHUB_CLIENT_CONFIRMATION_OK"
18534,10404833182,10404833237,1,"IOTHUB_CLIENT_CONFIRMATION_OK"
18535,10404833383,10404833491,1,"IOTHUB_CLIENT_CONFIRMATION_OK"
18536,10404833583,10404833617,1,"IOTHUB_CLIENT_CONFIRMATION_OK"
18537,10404833783,10404833917,1,"IOTHUB_CLIENT_CONFIRMATION_OK"
18538,10404833983,10404834017,1,"IOTHUB_CLIENT_CONFIRMATION_OK"
18539,10404834183,10404834216,1,"IOTHUB_CLIENT_CONFIRMATION_OK"
18540,10404834383,10404834438,1,"IOTHUB_CLIENT_CONFIRMATION_OK"
18541,10404834584,10404834616,1,"IOTHUB_CLIENT_CONFIRMATION_OK"
18542,10404834784,10404834814,1,"IOTHUB_CLIENT_CONFIRMATION_OK"
18543,10404834984,10404835019,1,"IOTHUB_CLIENT_CONFIRMATION_OK"
18544,10404835184,10404835226,1,"IOTHUB_CLIENT_CONFIRMATION_OK"
18545,10404835384,10404835417,1,"IOTHUB_CLIENT_CONFIRMATION_OK"
18546,10404835584,10404835629,1,"IOTHUB_CLIENT_CONFIRMATION_OK"
18547,10404835785,10404835822,1,"IOTHUB_CLIENT_CONFIRMATION_OK"
18548,10404835985,10404836019,1,"IOTHUB_CLIENT_CONFIRMATION_OK"
18549,10404836185,10404836224,1,"IOTHUB_CLIENT_CONFIRMATION_OK"
18550,10404836385,10404836419,1,"IOTHUB_CLIENT_CONFIRMATION_OK"
18551,10404836585,10404836618,1,"IOTHUB_CLIENT_CONFIRMATION_OK"
18552,10404836785,10404836824,1,"IOTHUB_CLIENT_CONFIRMATION_OK"
18553,10404836986,10404837024,1,"IOTHUB_CLIENT_CONFIRMATION_OK"
18554,10404837186,10404837222,1,"IOTHUB_CLIENT_CONFIRMATION_OK"
18555,10404837386,10404837424,1,"IOTHUB_CLIENT_CONFIRMATION_OK"
18556,10404837586,10404837851,1,"IOTHUB_CLIENT_CONFIRMATION_OK"
18557,10404837786,10404837883,1,"IOTHUB_CLIENT_CONFIRMATION_OK"
18558,10404837986,10404838024,1,"IOTHUB_CLIENT_CONFIRMATION_OK"
18559,10404838187,10404838220,1,"IOTHUB_CLIENT_CONFIRMATION_OK"
18560,10404838387,10404838430,1,"IOTHUB_CLIENT_CONFIRMATION_OK"
18561,10404838587,10404838621,1,"IOTHUB_CLIENT_CONFIRMATION_OK"
18562,10404838787,10404838829,1,"IOTHUB_CLIENT_CONFIRMATION_OK"
18563,10404838987,10404839065,1,"IOTHUB_CLIENT_CONFIRMATION_OK"
18564,10404839187,10404839223,1,"IOTHUB_CLIENT_CONFIRMATION_OK"
18565,10404839388,10404839417,1,"IOTHUB_CLIENT_CONFIRMATION_OK"
18566,10404839588,10404839633,1,"IOTHUB_CLIENT_CONFIRMATION_OK"
18567,10404839788,10404839824,1,"IOTHUB_CLIENT_CONFIRMATION_OK"
18568,10404839988,10404840026,1,"IOTHUB_CLIENT_CONFIRMATION_OK"
18569,10404840188,10404840256,1,"IOTHUB_CLIENT_CONFIRMATION_OK"
18570,10404840388,10404840459,1,"IOTHUB_CLIENT_CONFIRMATION_OK"
18571,10404840589,10404840628,1,"IOTHUB_CLIENT_CONFIRMATION_OK"
18572,10404840789,10404840868,1,"IOTHUB_CLIENT_CONFIRMATION_OK"
18573,10404840989,10404841027,1,"IOTHUB_CLIENT_CONFIRMATION_OK"
18574,10404841189,10404841232,1,"IOTHUB_CLIENT_CONFIRMATION_OK"
18575,10404841389,10404841462,1,"IOTHUB_CLIENT_CONFIRMATION_OK"
18576,10404841589,10404841625,1,"IOTHUB_CLIENT_CONFIRMATION_OK"
18577,10404841790,10404841824,1,"IOTHUB_CLIENT_CONFIRMATION_OK"
18578,10404841990,10404842055,1,"IOTHUB_CLIENT_CONFIRMATION_OK"
18579,10404842190,10404842223,1,"IOTHUB_CLIENT_CONFIRMATION_OK"
18580,10404842390,10404842425,1,"IOTHUB_CLIENT_CONFIRMATION_OK"
18581,10404842590,10404842648,1,"IOTHUB_CLIENT_CONFIRMATION_OK"
18582,10404842790,10404842829,1,"IOTHUB_CLIENT_CONFIRMATION_OK"
18583,10404842991,10404843035,1,"IOTHUB_CLIENT_CONFIRMATION_OK"
18584,10404843191,10404843232,1,"IOTHUB_CLIENT_CONFIRMATION_OK"
18585,10404843391,10404843434,1,"IOTHUB_CLIENT_CONFIRMATION_OK"
18586,10404843591,10404843625,1,"IOTHUB_CLIENT_CONFIRMATION_OK"
18587,10404843791,10404843824,1,"IOTHUB_CLIENT_CONFIRMATION_OK"
18588,10404843991,10404844024,1,"IOTHUB_CLIENT_CONFIRMATION_OK"
18589,10404844191,10404844223,1,"IOTHUB_CLIENT_CONFIRMATION_OK"
18590,10404844392,10404844424,1,"IOTHUB_CLIENT_CONFIRMATION_OK"
18591,10404844592,10404844743,1,"IOTHUB_CLIENT_CONFIRMATION_OK"
18592,10404844792,10404844830,1,"IOTHUB_CLIENT_CONFIRMATION_OK"
18593,10404844992,10404845037,1,"IOTHUB_CLIENT_CONFIRMATION_OK"
18594,10404845192,10404845373,1,"IOTHUB_CLIENT_CONFIRMATION_OK"
18595,10404845392,10404845437,1,"IOTHUB_CLIENT_CONFIRMATION_OK"
18596,10404845593,10404845639,1,"IOTHUB_CLIENT_CONFIRMATION_OK"
18597,10404845793,10404845971,1,"IOTHUB_CLIENT_CONFIRMATION_OK"
18598,10404845993,10404846033,1,"IOTHUB_CLIENT_CONFIRMATION_OK"
18599,10404846193,10404846240,1,"IOTHUB_CLIENT_CONFIRMATION_OK"
18600,10404846393,10404846431,1,"IOTHUB_CLIENT_CONFIRMATION_OK"
18601,10404846593,10404846638,1,"IOTHUB_CLIENT_CONFIRMATION_OK"
18602,10404846793,10404846830,1,"IOTHUB_CLIENT_CONFIRMATION_OK"
18603,10404846994,10404847028,1,"IOTHUB_CLIENT_CONFIRMATION_OK"
18604,10404847194,10404847254,1,"IOTHUB_CLIENT_CONFIRMATION_OK"
18605,10404847394,10404847446,1,"IOTHUB_CLIENT_CONFIRMATION_OK"
18606,10404847594,10404847638,1,"IOTHUB_CLIENT_CONFIRMATION_OK"
18607,10404847794,10404847830,1,"IOTHUB_CLIENT_CONFIRMATION_OK"
18608,10404847994,10404848031,1,"IOTHUB_CLIENT_CONFIRMATION_OK"
18609,10404848195,10404848228,1,"IOTHUB_CLIENT_CONFIRMATION_OK"
18610,10404848395,10404848439,1,"IOTHUB_CLIENT_CONFIRMATION_OK"
18611,10404848595,10404848634,1,"IOTHUB_CLIENT_CONFIRMATION_OK"
18612,10404848795,10404848844,1,"IOTHUB_CLIENT_CONFIRMATION_OK"
18613,10404848995,10404849038,1,"IOTHUB_CLIENT_CONFIRMATION_OK"
18614,10404849195,10404849242,1,"IOTHUB_CLIENT_CONFIRMATION_OK"
18615,10404849395,10404849453,1,"IOTHUB_CLIENT_CONFIRMATION_OK"
18616,10404849596,10404849642,1,"IOTHUB_CLIENT_CONFIRMATION_OK"
18617,10404849796,10404849838,1,"IOTHUB_CLIENT_CONFIRMATION_OK"
18618,10404849996,10404850028,1,"IOTHUB_CLIENT_CONFIRMATION_OK"
18619,10404850196,10404850234,1,"IOTHUB_CLIENT_CONFIRMATION_OK"
18620,10404850396,10404850441,1,"IOTHUB_CLIENT_CONFIRMATION_OK"
18621,10404850596,10404850629,1,"IOTHUB_CLIENT_CONFIRMATION_OK"
18622,10404850797,10404850849,1,"IOTHUB_CLIENT_CONFIRMATION_OK"
18623,10404850997,10404851031,1,"IOTHUB_CLIENT_CONFIRMATION_OK"
18624,10404851197,10404851236,1,"IOTHUB_CLIENT_CONFIRMATION_OK"
18625,10404851397,10404851440,1,"IOTHUB_CLIENT_CONFIRMATION_OK"
18626,10404851597,10404851691,1,"IOTHUB_CLIENT_CONFIRMATION_OK"
18627,10404851797,10404851833,1,"IOTHUB_CLIENT_CONFIRMATION_OK"
18628,10404851998,10404852037,1,"IOTHUB_CLIENT_CONFIRMATION_OK"
18629,10404852198,10404852299,1,"IOTHUB_CLIENT_CONFIRMATION_OK"
18630,10404852398,10404852439,1,"IOTHUB_CLIENT_CONFIRMATION_OK"
18631,10404852598,10404852643,1,"IOTHUB_CLIENT_CONFIRMATION_OK"
18632,10404852798,10404852901,1,"IOTHUB_CLIENT_CONFIRMATION_OK"
18633,10404852998,10404853031,1,"IOTHUB_CLIENT_CONFIRMATION_OK"
18634,10404853198,10404853235,1,"IOTHUB_CLIENT_CONFIRMATION_OK"
18635,10404853399,10404853505,1,"IOTHUB_CLIENT_CONFIRMATION_OK"
18636,10404853599,10404853658,1,"IOTHUB_CLIENT_CONFIRMATION_OK"
18637,10404853799,10404853836,1,"IOTHUB_CLIENT_CONFIRMATION_OK"
18638,10404853999,10404854036,1,"IOTHUB_CLIENT_CONFIRMATION_OK"
18639,10404854199,10404854237,1,"IOTHUB_CLIENT_CONFIRMATION_OK"
18640,10404854399,10404854445,1,"IOTHUB_CLIENT_CONFIRMATION_OK"
18641,10404854600,10404854642,1,"IOTHUB_CLIENT_CONFIRMATION_OK"
18642,10404854800,10404854840,1,"IOTHUB_CLIENT_CONFIRMATION_OK"
18643,10404855000,10404855112,1,"IOTHUB_CLIENT_CONFIRMATION_OK"
18644,10404855200,10404855236,1,"IOTHUB_CLIENT_CONFIRMATION_OK"
18645,10404855400,10404855457,1,"IOTHUB_CLIENT_CONFIRMATION_OK"
18646,10404855600,10404855634,1,"IOTHUB_CLIENT_CONFIRMATION_OK"
18647,10404855801,10404855833,1,"IOTHUB_CLIENT_CONFIRMATION_OK"
18648,10404856001,10404856035,1,"IOTHUB_CLIENT_CONFIRMATION_OK"
18649,10404856201,10404856265,1,"IOTHUB_CLIENT_CONFIRMATION_OK"
18650,10404856401,10404856434,1,"IOTHUB_CLIENT_CONFIRMATION_OK"
18651,10404856601,10404856641,1,"IOTHUB_CLIENT_CONFIRMATION_OK"
18652,10404856801,10404856864,1,"IOTHUB_CLIENT_CONFIRMATION_OK"
18653,10404857001,10404857037,1,"IOTHUB_CLIENT_CONFIRMATION_OK"
18654,10404857202,10404857394,1,"IOTHUB_CLIENT_CONFIRMATION_OK"
18655,10404857402,10404857463,1,"IOTHUB_CLIENT_CONFIRMATION_OK"
18656,10404857602,10404857632,1,"IOTHUB_CLIENT_CONFIRMATION_OK"
18657,10404857802,10404858024,1,"IOTHUB_CLIENT_CONFIRMATION_OK"
18658,10404858002,10404858044,1,"IOTHUB_CLIENT_CONFIRMATION_OK"
18659,10404858202,10404858238,1,"IOTHUB_CLIENT_CONFIRMATION_OK"
18660,10404858403,10404858541,1,"IOTHUB_CLIENT_CONFIRMATION_OK"
18661,10404858603,10404858640,1,"IOTHUB_CLIENT_CONFIRMATION_OK"
18662,10404858803,10404858849,1,"IOTHUB_CLIENT_CONFIRMATION_OK"
18663,10404859003,10404859043,1,"IOTHUB_CLIENT_CONFIRMATION_OK"
18664,10404859203,10404859247,1,"IOTHUB_CLIENT_CONFIRMATION_OK"
18665,10404859403,10404859468,1,"IOTHUB_CLIENT_CONFIRMATION_OK"
18666,10404859603,10404859645,1,"IOTHUB_CLIENT_CONFIRMATION_OK"
18667,10404859804,10404859855,1,"IOTHUB_CLIENT_CONFIRMATION_OK"
18668,10404860004,10404860136,1,"IOTHUB_CLIENT_CONFIRMATION_OK"
18669,10404860204,10404860250,1,"IOTHUB_CLIENT_CONFIRMATION_OK"
18670,10404860404,10404860468,1,"IOTHUB_CLIENT_CONFIRMATION_OK"
18671,10404860604,10404860655,1,"IOTHUB_CLIENT_CONFIRMATION_OK"
18672,10404860805,10404860854,1,"IOTHUB_CLIENT_CONFIRMATION_OK"
18673,10404861005,10404861074,1,"IOTHUB_CLIENT_CONFIRMATION_OK"
18674,10404861205,10404861242,1,"IOTHUB_CLIENT_CONFIRMATION_OK"
18675,10404861405,10404861441,1,"IOTHUB_CLIENT_CONFIRMATION_OK"
18676,10404861605,10404861694,1,"IOTHUB_CLIENT_CONFIRMATION_OK"
18677,10404861805,10404861843,1,"IOTHUB_CLIENT_CONFIRMATION_OK"
18678,10404862005,10404862046,1,"IOTHUB_CLIENT_CONFIRMATION_OK"
18679,10404862206,10404862247,1,"IOTHUB_CLIENT_CONFIRMATION_OK"
18680,10404862406,10404862442,1,"IOTHUB_CLIENT_CONFIRMATION_OK"
18681,10404862606,10404862647,1,"IOTHUB_CLIENT_CONFIRMATION_OK"
18682,10404862806,10404862842,1,"IOTHUB_CLIENT_CONFIRMATION_OK"
18683,10404863006,10404863043,1,"IOTHUB_CLIENT_CONFIRMATION_OK"
18684,10404863206,10404863239,1,"IOTHUB_CLIENT_CONFIRMATION_OK"
18685,10404863407,10404863447,1,"IOTHUB_CLIENT_CONFIRMATION_OK"
18686,10404863607,10404863643,1,"IOTHUB_CLIENT_CONFIRMATION_OK"
18687,10404863807,10404863845,1,"IOTHUB_CLIENT_CONFIRMATION_OK"
18688,10404864007,10404864041,1,"IOTHUB_CLIENT_CONFIRMATION_OK"
18689,10404864207,10404864245,1,"IOTHUB_CLIENT_CONFIRMATION_OK"
18690,10404864407,10404864442,1,"IOTHUB_CLIENT_CONFIRMATION_OK"
18691,10404864607,10404864645,1,"IOTHUB_CLIENT_CONFIRMATION_OK"
18692,10404864808,10404864978,1,"IOTHUB_CLIENT_CONFIRMATION_OK"
18693,10404865008,10404865044,1,"IOTHUB_CLIENT_CONFIRMATION_OK"
18694,10404865208,10404865250,1,"IOTHUB_CLIENT_CONFIRMATION_OK"
18695,10404865408,10404865576,1,"IOTHUB_CLIENT_CONFIRMATION_OK"
18696,10404865608,10404865658,1,"IOTHUB_CLIENT_CONFIRMATION_OK"
18697,10404865808,10404865862,1,"IOTHUB_CLIENT_CONFIRMATION_OK"
18698,10404866009,10404866052,1,"IOTHUB_CLIENT_CONFIRMATION_OK"
18699,10404866209,10404866243,1,"IOTHUB_CLIENT_CONFIRMATION_OK"
18700,10404866409,10404866442,1,"IOTHUB_CLIENT_CONFIRMATION_OK"
18701,10404866609,10404866645,1,"IOTHUB_CLIENT_CONFIRMATION_OK"
18702,10404866809,10404866871,1,"IOTHUB_CLIENT_CONFIRMATION_OK"
18703,10404867009,10404867045,1,"IOTHUB_CLIENT_CONFIRMATION_OK"
18704,10404867210,10404867254,1,"IOTHUB_CLIENT_CONFIRMATION_OK"
18705,10404867410,10404867460,1,"IOTHUB_CLIENT_CONFIRMATION_OK"
18706,10404867610,10404867652,1,"IOTHUB_CLIENT_CONFIRMATION_OK"
18707,10404867810,10404867850,1,"IOTHUB_CLIENT_CONFIRMATION_OK"
18708,10404868010,10404868119,1,"IOTHUB_CLIENT_CONFIRMATION_OK"
18709,10404868210,10404868249,1,"IOTHUB_CLIENT_CONFIRMATION_OK"
18710,10404868411,10404868451,1,"IOTHUB_CLIENT_CONFIRMATION_OK"
18711,10404868611,10404868676,1,"IOTHUB_CLIENT_CONFIRMATION_OK"
18712,10404868811,10404868861,1,"IOTHUB_CLIENT_CONFIRMATION_OK"
18713,10404869011,10404869044,1,"IOTHUB_CLIENT_CONFIRMATION_OK"
18714,10404869211,10404869264,1,"IOTHUB_CLIENT_CONFIRMATION_OK"
18715,10404869411,10404869456,1,"IOTHUB_CLIENT_CONFIRMATION_OK"
18716,10404869612,10404869646,1,"IOTHUB_CLIENT_CONFIRMATION_OK"
18717,10404869812,10404869860,1,"IOTHUB_CLIENT_CONFIRMATION_OK"
18718,10404870012,10404870052,1,"IOTHUB_CLIENT_CONFIRMATION_OK"
18719,10404870212,10404870259,1,"IOTHUB_CLIENT_CONFIRMATION_OK"
18720,10404870412,10404870451,1,"IOTHUB_CLIENT_CONFIRMATION_OK"
18721,10404870612,10404870659,1,"IOTHUB_CLIENT_CONFIRMATION_OK"
18722,10404870813,10404870852,1,"IOTHUB_CLIENT_CONFIRMATION_OK"
18723,10404871013,10404871187,1,"IOTHUB_CLIENT_CONFIRMATION_OK"
18724,10404871213,10404871250,1,"IOTHUB_CLIENT_CONFIRMATION_OK"
18725,10404871413,10404871446,1,"IOTHUB_CLIENT_CONFIRMATION_OK"
18726,10404871613,10404871653,1,"IOTHUB_CLIENT_CONFIRMATION_OK"
18727,10404871813,10404871855,1,"IOTHUB_CLIENT_CONFIRMATION_OK"
18728,10404872013,10404872068,1,"IOTHUB_CLIENT_CONFIRMATION_OK"
18729,10404872214,10404872253,1,"IOTHUB_CLIENT_CONFIRMATION_OK"
18730,10404872414,10404872451,1,"IOTHUB_CLIENT_CONFIRMATION_OK"
18731,10404872614,10404872646,1,"IOTHUB_CLIENT_CONFIRMATION_OK"
18732,10404872814,10404872851,1,"IOTHUB_CLIENT_CONFIRMATION_OK"
18733,10404873014,10404873198,1,"IOTHUB_CLIENT_CONFIRMATION_OK"
18734,10404873214,10404873255,1,"IOTHUB_CLIENT_CONFIRMATION_OK"
18735,10404873414,10404873446,1,"IOTHUB_CLIENT_CONFIRMATION_OK"
18736,10404873615,10404873805,1,"IOTHUB_CLIENT_CONFIRMATION_OK"
18737,10404873815,10404873853,1,"IOTHUB_CLIENT_CONFIRMATION_OK"
18738,10404874015,10404874052,1,"IOTHUB_CLIENT_CONFIRMATION_OK"
18739,10404874215,10404874254,1,"IOTHUB_CLIENT_CONFIRMATION_OK"
18740,10404874415,10404874452,1,"IOTHUB_CLIENT_CONFIRMATION_OK"
18741,10404874615,10404874657,1,"IOTHUB_CLIENT_CONFIRMATION_OK"
18742,10404874816,10404874858,1,"IOTHUB_CLIENT_CONFIRMATION_OK"
18743,10404875016,10404875082,1,"IOTHUB_CLIENT_CONFIRMATION_OK"
18744,10404875216,10404875257,1,"IOTHUB_CLIENT_CONFIRMATION_OK"
18745,10404875416,10404875447,1,"IOTHUB_CLIENT_CONFIRMATION_OK"
18746,10404875616,10404875682,1,"IOTHUB_CLIENT_CONFIRMATION_OK"
18747,10404875816,10404875853,1,"IOTHUB_CLIENT_CONFIRMATION_OK"
18748,10404876017,10404876050,1,"IOTHUB_CLIENT_CONFIRMATION_OK"
18749,10404876217,10404876294,1,"IOTHUB_CLIENT_CONFIRMATION_OK"
18750,10404876417,10404876459,1,"IOTHUB_CLIENT_CONFIRMATION_OK"
18751,10404876617,10404876657,1,"IOTHUB_CLIENT_CONFIRMATION_OK"
18752,10404876817,10404876896,1,"IOTHUB_CLIENT_CONFIRMATION_OK"
18753,10404877017,10404877054,1,"IOTHUB_CLIENT_CONFIRMATION_OK"
18754,10404877218,10404877250,1,"IOTHUB_CLIENT_CONFIRMATION_OK"
18755,10404877418,10404877518,1,"IOTHUB_CLIENT_CONFIRMATION_OK"
18756,10404877618,10404877676,1,"IOTHUB_CLIENT_CONFIRMATION_OK"
18757,10404877818,10404877854,1,"IOTHUB_CLIENT_CONFIRMATION_OK"
18758,10404878018,10404878050,1,"IOTHUB_CLIENT_CONFIRMATION_OK"
18759,10404878218,10404878267,1,"IOTHUB_CLIENT_CONFIRMATION_OK"
18760,10404878418,10404878501,1,"IOTHUB_CLIENT_CONFIRMATION_OK"
18761,10404878619,10404878663,1,"IOTHUB_CLIENT_CONFIRMATION_OK"
18762,10404878819,10404878851,1,"IOTHUB_CLIENT_CONFIRMATION_OK"
18763,10404879019,10404879053,1,"IOTHUB_CLIENT_CONFIRMATION_OK"
18764,10404879219,10404879252,1,"IOTHUB_CLIENT_CONFIRMATION_OK"
18765,10404879419,10404879458,1,"IOTHUB_CLIENT_CONFIRMATION_OK"
18766,10404879619,10404879657,1,"IOTHUB_CLIENT_CONFIRMATION_OK"
18767,10404879820,10404879877,1,"IOTHUB_CLIENT_CONFIRMATION_OK"
18768,10404880020,10404880057,1,"IOTHUB_CLIENT_CONFIRMATION_OK"
18769,10404880220,10404880257,1,"IOTHUB_CLIENT_CONFIRMATION_OK"
18770,10404880420,10404880452,1,"IOTHUB_CLIENT_CONFIRMATION_OK"
18771,10404880620,10404880759,1,"IOTHUB_CLIENT_CONFIRMATION_OK"
18772,10404880820,10404880851,1,"IOTHUB_CLIENT_CONFIRMATION_OK"
18773,10404881021,10404881055,1,"IOTHUB_CLIENT_CONFIRMATION_OK"
18774,10404881221,10404881493,1,"IOTHUB_CLIENT_CONFIRMATION_OK"
18775,10404881421,10404881864,1,"IOTHUB_CLIENT_CONFIRMATION_OK"
18776,10404881621,10404882406,1,"IOTHUB_CLIENT_CONFIRMATION_OK"
18777,10404881821,10404882538,1,"IOTHUB_CLIENT_CONFIRMATION_OK"
18778,10404882021,10404882615,1,"IOTHUB_CLIENT_CONFIRMATION_OK"
18779,10404882221,10404882731,1,"IOTHUB_CLIENT_CONFIRMATION_OK"
18780,10404882422,10404882785,1,"IOTHUB_CLIENT_CONFIRMATION_OK"
18781,10404882622,10404882850,1,"IOTHUB_CLIENT_CONFIRMATION_OK"
18782,10404882822,10404882915,1,"IOTHUB_CLIENT_CONFIRMATION_OK"
18783,10404883022,10404883058,1,"IOTHUB_CLIENT_CONFIRMATION_OK"
18784,10404883222,10404883275,1,"IOTHUB_CLIENT_CONFIRMATION_OK"
18785,10404883422,10404883488,1,"IOTHUB_CLIENT_CONFIRMATION_OK"
18786,10404883623,10404883660,1,"IOTHUB_CLIENT_CONFIRMATION_OK"
18787,10404883823,10404883885,1,"IOTHUB_CLIENT_CONFIRMATION_OK"
18788,10404884023,10404884062,1,"IOTHUB_CLIENT_CONFIRMATION_OK"
18789,10404884223,10404884255,1,"IOTHUB_CLIENT_CONFIRMATION_OK"
18790,10404884423,10404884491,1,"IOTHUB_CLIENT_CONFIRMATION_OK"
18791,10404884623,10404884722,1,"IOTHUB_CLIENT_CONFIRMATION_OK"
18792,10404884824,10404884856,1,"IOTHUB_CLIENT_CONFIRMATION_OK"
18793,10404885024,10404885159,1,"IOTHUB_CLIENT_CONFIRMATION_OK"
18794,10404885224,10404885259,1,"IOTHUB_CLIENT_CONFIRMATION_OK"
18795,10404885424,10404885463,1,"IOTHUB_CLIENT_CONFIRMATION_OK"
18796,10404885624,10404885758,1,"IOTHUB_CLIENT_CONFIRMATION_OK"
18797,10404885824,10404885866,1,"IOTHUB_CLIENT_CONFIRMATION_OK"
18798,10404886024,10404886057,1,"IOTHUB_CLIENT_CONFIRMATION_OK"
18799,10404886225,10404886261,1,"IOTHUB_CLIENT_CONFIRMATION_OK"
18800,10404886425,10404886470,1,"IOTHUB_CLIENT_CONFIRMATION_OK"
18801,10404886625,10404886665,1,"IOTHUB_CLIENT_CONFIRMATION_OK"
18802,10404886825,10404886861,1,"IOTHUB_CLIENT_CONFIRMATION_OK"
18803,10404887025,10404887092,1,"IOTHUB_CLIENT_CONFIRMATION_OK"
18804,10404887225,10404887270,1,"IOTHUB_CLIENT_CONFIRMATION_OK"
18805,10404887426,10404887457,1,"IOTHUB_CLIENT_CONFIRMATION_OK"
18806,10404887626,10404887662,1,"IOTHUB_CLIENT_CONFIRMATION_OK"
18807,10404887826,10404887946,1,"IOTHUB_CLIENT_CONFIRMATION_OK"
18808,10404888026,10404888072,1,"IOTHUB_CLIENT_CONFIRMATION_OK"
18809,10404888226,10404888262,1,"IOTHUB_CLIENT_CONFIRMATION_OK"
18810,10404888426,10404888467,1,"IOTHUB_CLIENT_CONFIRMATION_OK"
18811,10404888627,10404888665,1,"IOTHUB_CLIENT_CONFIRMATION_OK"
18812,10404888827,10404888883,1,"IOTHUB_CLIENT_CONFIRMATION_OK"
18813,10404889027,10404889058,1,"IOTHUB_CLIENT_CONFIRMATION_OK"
18814,10404889227,10404889270,1,"IOTHUB_CLIENT_CONFIRMATION_OK"
18815,10404889427,10404889467,1,"IOTHUB_CLIENT_CONFIRMATION_OK"
18816,10404889627,10404889664,1,"IOTHUB_CLIENT_CONFIRMATION_OK"
18817,10404889827,10404889889,1,"IOTHUB_CLIENT_CONFIRMATION_OK"
18818,10404890028,10404890256,1,"IOTHUB_CLIENT_CONFIRMATION_OK"
18819,10404890228,10404890266,1,"IOTHUB_CLIENT_CONFIRMATION_OK"
18820,10404890428,10404890462,1,"IOTHUB_CLIENT_CONFIRMATION_OK"
18821,10404890628,10404890661,1,"IOTHUB_CLIENT_CONFIRMATION_OK"
18822,10404890828,10404890886,1,"IOTHUB_CLIENT_CONFIRMATION_OK"
18823,10404891028,10404891075,1,"IOTHUB_CLIENT_CONFIRMATION_OK"
18824,10404891229,10404891266,1,"IOTHUB_CLIENT_CONFIRMATION_OK"
18825,10404891429,10404891558,1,"IOTHUB_CLIENT_CONFIRMATION_OK"
18826,10404891629,10404891665,1,"IOTHUB_CLIENT_CONFIRMATION_OK"
18827,10404891829,10404891880,1,"IOTHUB_CLIENT_CONFIRMATION_OK"
18828,10404892029,10404892063,1,"IOTHUB_CLIENT_CONFIRMATION_OK"
18829,10404892229,10404892276,1,"IOTHUB_CLIENT_CONFIRMATION_OK"
18830,10404892429,10404892469,1,"IOTHUB_CLIENT_CONFIRMATION_OK"
18831,10404892630,10404892807,1,"IOTHUB_CLIENT_CONFIRMATION_OK"
18832,10404892830,10404892877,1,"IOTHUB_CLIENT_CONFIRMATION_OK"
18833,10404893030,10404893065,1,"IOTHUB_CLIENT_CONFIRMATION_OK"
18834,10404893230,10404893442,1,"IOTHUB_CLIENT_CONFIRMATION_OK"
18835,10404893430,10404893469,1,"IOTHUB_CLIENT_CONFIRMATION_OK"
18836,10404893631,10404893678,1,"IOTHUB_CLIENT_CONFIRMATION_OK"
18837,10404893831,10404894022,1,"IOTHUB_CLIENT_CONFIRMATION_OK"
18838,10404894031,10404894065,1,"IOTHUB_CLIENT_CONFIRMATION_OK"
18839,10404894231,10404894272,1,"IOTHUB_CLIENT_CONFIRMATION_OK"
18840,10404894431,10404894540,1,"IOTHUB_CLIENT_CONFIRMATION_OK"
18841,10404894631,10404894665,1,"IOTHUB_CLIENT_CONFIRMATION_OK"
18842,10404894832,10404894870,1,"IOTHUB_CLIENT_CONFIRMATION_OK"
18843,10404895032,10404895075,1,"IOTHUB_CLIENT_CONFIRMATION_OK"
18844,10404895232,10404895267,1,"IOTHUB_CLIENT_CONFIRMATION_OK"
18845,10404895432,10404895466,1,"IOTHUB_CLIENT_CONFIRMATION_OK"
18846,10404895632,10404895665,1,"IOTHUB_CLIENT_CONFIRMATION_OK"
18847,10404895832,10404895879,1,"IOTHUB_CLIENT_CONFIRMATION_OK"
18848,10404896032,10404896079,1,"IOTHUB_CLIENT_CONFIRMATION_OK"
18849,10404896233,10404896266,1,"IOTHUB_CLIENT_CONFIRMATION_OK"
18850,10404896433,10404896472,1,"IOTHUB_CLIENT_CONFIRMATION_OK"
18851,10404896633,10404896672,1,"IOTHUB_CLIENT_CONFIRMATION_OK"
18852,10404896833,10404896866,1,"IOTHUB_CLIENT_CONFIRMATION_OK"
18853,10404897033,10404897094,1,"IOTHUB_CLIENT_CONFIRMATION_OK"
18854,10404897233,10404897274,1,"IOTHUB_CLIENT_CONFIRMATION_OK"
18855,10404897434,10404897471,1,"IOTHUB_CLIENT_CONFIRMATION_OK"
18856,10404897634,10404897697,1,"IOTHUB_CLIENT_CONFIRMATION_OK"
18857,10404897834,10404897911,1,"IOTHUB_CLIENT_CONFIRMATION_OK"
18858,10404898034,10404898068,1,"IOTHUB_CLIENT_CONFIRMATION_OK"
18859,10404898234,10404898268,1,"IOTHUB_CLIENT_CONFIRMATION_OK"
18860,10404898434,10404898475,1,"IOTHUB_CLIENT_CONFIRMATION_OK"
18861,10404898634,10404898670,1,"IOTHUB_CLIENT_CONFIRMATION_OK"
18862,10404898835,10404898877,1,"IOTHUB_CLIENT_CONFIRMATION_OK"
18863,10404899035,10404899077,1,"IOTHUB_CLIENT_CONFIRMATION_OK"
18864,10404899235,10404899266,1,"IOTHUB_CLIENT_CONFIRMATION_OK"
18865,10404899435,10404899488,1,"IOTHUB_CLIENT_CONFIRMATION_OK"
18866,10404899635,10404899730,1,"IOTHUB_CLIENT_CONFIRMATION_OK"
18867,10404899835,10404899885,1,"IOTHUB_CLIENT_CONFIRMATION_OK"
18868,10404900036,10404900080,1,"IOTHUB_CLIENT_CONFIRMATION_OK"
18869,10404900236,10404900340,1,"IOTHUB_CLIENT_CONFIRMATION_OK"
18870,10404900436,10404900482,1,"IOTHUB_CLIENT_CONFIRMATION_OK"
18871,10404900636,10404900670,1,"IOTHUB_CLIENT_CONFIRMATION_OK"
18872,10404900836,10404900951,1,"IOTHUB_CLIENT_CONFIRMATION_OK"
18873,10404901036,10404901070,1,"IOTHUB_CLIENT_CONFIRMATION_OK"
18874,10404901237,10404901271,1,"IOTHUB_CLIENT_CONFIRMATION_OK"
18875,10404901437,10404901561,1,"IOTHUB_CLIENT_CONFIRMATION_OK"
18876,10404901637,10404901671,1,"IOTHUB_CLIENT_CONFIRMATION_OK"
18877,10404901837,10404901887,1,"IOTHUB_CLIENT_CONFIRMATION_OK"
18878,10404902037,10404902077,1,"IOTHUB_CLIENT_CONFIRMATION_OK"
18879,10404902237,10404902295,1,"IOTHUB_CLIENT_CONFIRMATION_OK"
18880,10404902437,10404902485,1,"IOTHUB_CLIENT_CONFIRMATION_OK"
18881,10404902638,10404902675,1,"IOTHUB_CLIENT_CONFIRMATION_OK"
18882,10404902838,10404902869,1,"IOTHUB_CLIENT_CONFIRMATION_OK"
18883,10404903038,10404903080,1,"IOTHUB_CLIENT_CONFIRMATION_OK"
18884,10404903238,10404903275,1,"IOTHUB_CLIENT_CONFIRMATION_OK"
18885,10404903438,10404903473,1,"IOTHUB_CLIENT_CONFIRMATION_OK"
18886,10404903638,10404903676,1,"IOTHUB_CLIENT_CONFIRMATION_OK"
18887,10404903839,10404903873,1,"IOTHUB_CLIENT_CONFIRMATION_OK"
18888,10404904039,10404904084,1,"IOTHUB_CLIENT_CONFIRMATION_OK"
18889,10404904239,10404904272,1,"IOTHUB_CLIENT_CONFIRMATION_OK"
18890,10404904439,10404904474,1,"IOTHUB_CLIENT_CONFIRMATION_OK"
18891,10404904639,10404904679,1,"IOTHUB_CLIENT_CONFIRMATION_OK"
18892,10404904839,10404904894,1,"IOTHUB_CLIENT_CONFIRMATION_OK"
18893,10404905040,10404905075,1,"IOTHUB_CLIENT_CONFIRMATION_OK"
18894,10404905240,10404905281,1,"IOTHUB_CLIENT_CONFIRMATION_OK"
18895,10404905440,10404905473,1,"IOTHUB_CLIENT_CONFIRMATION_OK"
18896,10404905640,10404905677,1,"IOTHUB_CLIENT_CONFIRMATION_OK"
18897,10404905840,10404905881,1,"IOTHUB_CLIENT_CONFIRMATION_OK"
18898,10404906040,10404906096,1,"IOTHUB_CLIENT_CONFIRMATION_OK"
18899,10404906241,10404906281,1,"IOTHUB_CLIENT_CONFIRMATION_OK"
18900,10404906441,10404906477,1,"IOTHUB_CLIENT_CONFIRMATION_OK"
18901,10404906641,10404906696,1,"IOTHUB_CLIENT_CONFIRMATION_OK"
18902,10404906841,10404906896,1,"IOTHUB_CLIENT_CONFIRMATION_OK"
18903,10404907041,10404907082,1,"IOTHUB_CLIENT_CONFIRMATION_OK"
18904,10404907241,10404907318,1,"IOTHUB_CLIENT_CONFIRMATION_OK"
18905,10404907441,10404907479,1,"IOTHUB_CLIENT_CONFIRMATION_OK"
18906,10404907642,10404907680,1,"IOTHUB_CLIENT_CONFIRMATION_OK"
18907,10404907842,10404907976,1,"IOTHUB_CLIENT_CONFIRMATION_OK"
18908,10404908042,10404908078,1,"IOTHUB_CLIENT_CONFIRMATION_OK"
18909,10404908242,10404908275,1,"IOTHUB_CLIENT_CONFIRMATION_OK"
18910,10404908442,10404908602,1,"IOTHUB_CLIENT_CONFIRMATION_OK"
18911,10404908642,10404908683,1,"IOTHUB_CLIENT_CONFIRMATION_OK"
18912,10404908843,10404908885,1,"IOTHUB_CLIENT_CONFIRMATION_OK"
18913,10404909043,10404909195,1,"IOTHUB_CLIENT_CONFIRMATION_OK"
18914,10404909243,10404909279,1,"IOTHUB_CLIENT_CONFIRMATION_OK"
18915,10404909443,10404909480,1,"IOTHUB_CLIENT_CONFIRMATION_OK"
18916,10404909643,10404909821,1,"IOTHUB_CLIENT_CONFIRMATION_OK"
18917,10404909843,10404909885,1,"IOTHUB_CLIENT_CONFIRMATION_OK"
18918,10404910044,10404910132,1,"IOTHUB_CLIENT_CONFIRMATION_OK"
18919,10404910244,10404910285,1,"IOTHUB_CLIENT_CONFIRMATION_OK"
18920,10404910444,10404910480,1,"IOTHUB_CLIENT_CONFIRMATION_OK"
18921,10404910644,10404910723,1,"IOTHUB_CLIENT_CONFIRMATION_OK"
18922,10404910844,10404910910,1,"IOTHUB_CLIENT_CONFIRMATION_OK"
18923,10404911044,10404911074,1,"IOTHUB_CLIENT_CONFIRMATION_OK"
18924,10404911245,10404911296,1,"IOTHUB_CLIENT_CONFIRMATION_OK"
18925,10404911445,10404911478,1,"IOTHUB_CLIENT_CONFIRMATION_OK"
18926,10404911645,10404911686,1,"IOTHUB_CLIENT_CONFIRMATION_OK"
18927,10404911845,10404911886,1,"IOTHUB_CLIENT_CONFIRMATION_OK"
18928,10404912045,10404912078,1,"IOTHUB_CLIENT_CONFIRMATION_OK"
18929,10404912245,10404912283,1,"IOTHUB_CLIENT_CONFIRMATION_OK"
18930,10404912446,10404912490,1,"IOTHUB_CLIENT_CONFIRMATION_OK"
18931,10404912646,10404912681,1,"IOTHUB_CLIENT_CONFIRMATION_OK"
18932,10404912846,10404912892,1,"IOTHUB_CLIENT_CONFIRMATION_OK"
18933,10404913046,10404913082,1,"IOTHUB_CLIENT_CONFIRMATION_OK"
18934,10404913246,10404913292,1,"IOTHUB_CLIENT_CONFIRMATION_OK"
18935,10404913446,10404913509,1,"IOTHUB_CLIENT_CONFIRMATION_OK"
18936,10404913646,10404913690,1,"IOTHUB_CLIENT_CONFIRMATION_OK"
18937,10404913847,10404913930,1,"IOTHUB_CLIENT_CONFIRMATION_OK"
18938,10404914047,10404914080,1,"IOTHUB_CLIENT_CONFIRMATION_OK"
18939,10404914247,10404914283,1,"IOTHUB_CLIENT_CONFIRMATION_OK"
18940,10404914447,10404914484,1,"IOTHUB_CLIENT_CONFIRMATION_OK"
18941,10404914647,10404914687,1,"IOTHUB_CLIENT_CONFIRMATION_OK"
18942,10404914847,10404914896,1,"IOTHUB_CLIENT_CONFIRMATION_OK"
18943,10404915048,10404915079,1,"IOTHUB_CLIENT_CONFIRMATION_OK"
18944,10404915248,10404915306,1,"IOTHUB_CLIENT_CONFIRMATION_OK"
18945,10404915448,10404915526,1,"IOTHUB_CLIENT_CONFIRMATION_OK"
18946,10404915648,10404915699,1,"IOTHUB_CLIENT_CONFIRMATION_OK"
18947,10404915848,10404915902,1,"IOTHUB_CLIENT_CONFIRMATION_OK"
18948,10404916048,10404916091,1,"IOTHUB_CLIENT_CONFIRMATION_OK"
18949,10404916248,10404916285,1,"IOTHUB_CLIENT_CONFIRMATION_OK"
18950,10404916449,10404916485,1,"IOTHUB_CLIENT_CONFIRMATION_OK"
18951,10404916649,10404916779,1,"IOTHUB_CLIENT_CONFIRMATION_OK"
18952,10404916849,10404916941,1,"IOTHUB_CLIENT_CONFIRMATION_OK"
18953,10404917049,10404917112,1,"IOTHUB_CLIENT_CONFIRMATION_OK"
18954,10404917249,10404917395,1,"IOTHUB_CLIENT_CONFIRMATION_OK"
18955,10404917449,10404917483,1,"IOTHUB_CLIENT_CONFIRMATION_OK"
18956,10404917650,10404917726,1,"IOTHUB_CLIENT_CONFIRMATION_OK"
18957,10404917850,10404917982,1,"IOTHUB_CLIENT_CONFIRMATION_OK"
18958,10404918050,10404918088,1,"IOTHUB_CLIENT_CONFIRMATION_OK"
18959,10404918250,10404918298,1,"IOTHUB_CLIENT_CONFIRMATION_OK"
18960,10404918450,10404918492,1,"IOTHUB_CLIENT_CONFIRMATION_OK"
18961,10404918650,10404918689,1,"IOTHUB_CLIENT_CONFIRMATION_OK"
18962,10404918850,10404918893,1,"IOTHUB_CLIENT_CONFIRMATION_OK"
18963,10404919051,10404919081,1,"IOTHUB_CLIENT_CONFIRMATION_OK"
18964,10404919251,10404919291,1,"IOTHUB_CLIENT_CONFIRMATION_OK"
18965,10404919451,10404919498,1,"IOTHUB_CLIENT_CONFIRMATION_OK"
18966,10404919651,10404919697,1,"IOTHUB_CLIENT_CONFIRMATION_OK"
18967,10404919851,10404919901,1,"IOTHUB_CLIENT_CONFIRMATION_OK"
18968,10404920051,10404920155,1,"IOTHUB_CLIENT_CONFIRMATION_OK"
18969,10404920252,10404920287,1,"IOTHUB_CLIENT_CONFIRMATION_OK"
18970,10404920452,10404920493,1,"IOTHUB_CLIENT_CONFIRMATION_OK"
18971,10404920652,10404920688,1,"IOTHUB_CLIENT_CONFIRMATION_OK"
18972,10404920852,10404920887,1,"IOTHUB_CLIENT_CONFIRMATION_OK"
18973,10404921052,10404921101,1,"IOTHUB_CLIENT_CONFIRMATION_OK"
18974,10404921252,10404921293,1,"IOTHUB_CLIENT_CONFIRMATION_OK"
18975,10404921453,10404921497,1,"IOTHUB_CLIENT_CONFIRMATION_OK"
18976,10404921653,10404921875,1,"IOTHUB_CLIENT_CONFIRMATION_OK"
18977,10404921853,10404921912,1,"IOTHUB_CLIENT_CONFIRMATION_OK"
18978,10404922053,10404922088,1,"IOTHUB_CLIENT_CONFIRMATION_OK"
18979,10404922253,10404922314,1,"IOTHUB_CLIENT_CONFIRMATION_OK"
18980,10404922453,10404922491,1,"IOTHUB_CLIENT_CONFIRMATION_OK"
18981,10404922654,10404922691,1,"IOTHUB_CLIENT_CONFIRMATION_OK"
18982,10404922854,10404922896,1,"IOTHUB_CLIENT_CONFIRMATION_OK"
18983,10404923054,10404923105,1,"IOTHUB_CLIENT_CONFIRMATION_OK"
18984,10404923254,10404923347,1,"IOTHUB_CLIENT_CONFIRMATION_OK"
18985,10404923454,10404923501,1,"IOTHUB_CLIENT_CONFIRMATION_OK"
18986,10404923654,10404923703,1,"IOTHUB_CLIENT_CONFIRMATION_OK"
18987,10404923855,10404923900,1,"IOTHUB_CLIENT_CONFIRMATION_OK"
18988,10404924055,10404924088,1,"IOTHUB_CLIENT_CONFIRMATION_OK"
18989,10404924255,10404924311,1,"IOTHUB_CLIENT_CONFIRMATION_OK"
18990,10404924455,10404924494,1,"IOTHUB_CLIENT_CONFIRMATION_OK"
18991,10404924655,10404924689,1,"IOTHUB_CLIENT_CONFIRMATION_OK"
18992,10404924855,10404924981,1,"IOTHUB_CLIENT_CONFIRMATION_OK"
18993,10404925055,10404925091,1,"IOTHUB_CLIENT_CONFIRMATION_OK"
18994,10404925256,10404925291,1,"IOTHUB_CLIENT_CONFIRMATION_OK"
18995,10404925456,10404925553,1,"IOTHUB_CLIENT_CONFIRMATION_OK"
18996,10404925656,10404925703,1,"IOTHUB_CLIENT_CONFIRMATION_OK"
18997,10404925856,10404925908,1,"IOTHUB_CLIENT_CONFIRMATION_OK"
18998,10404926056,10404926185,1,"IOTHUB_CLIENT_CONFIRMATION_OK"
18999,10404926256,10404926308,1,"IOTHUB_CLIENT_CONFIRMATION_OK"
19000,10404926457,10404926497,1,"IOTHUB_CLIENT_CONFIRMATION_OK"
19001,10404926657,10404926692,1,"IOTHUB_CLIENT_CONFIRMATION_OK"
19002,10404926857,10404926903,1,"IOTHUB_CLIENT_CONFIRMATION_OK"
19003,10404927057,10404927121,1,"IOTHUB_CLIENT_CONFIRMATION_OK"
19004,10404927257,10404927291,1,"IOTHUB_CLIENT_CONFIRMATION_OK"
19005,10404927457,10404927518,1,"IOTHUB_CLIENT_CONFIRMATION_OK"
19006,10404927658,10404927706,1,"IOTHUB_CLIENT_CONFIRMATION_OK"
19007,10404927858,10404927912,1,"IOTHUB_CLIENT_CONFIRMATION_OK"
19008,10404928058,10404928099,1,"IOTHUB_CLIENT_CONFIRMATION_OK"
19009,10404928258,10404928301,1,"IOTHUB_CLIENT_CONFIRMATION_OK"
19010,10404928458,10404928490,1,"IOTHUB_CLIENT_CONFIRMATION_OK"
19011,10404928658,10404928693,1,"IOTHUB_CLIENT_CONFIRMATION_OK"
19012,10404928859,10404928919,1,"IOTHUB_CLIENT_CONFIRMATION_OK"
19013,10404929059,10404929098,1,"IOTHUB_CLIENT_CONFIRMATION_OK"
19014,10404929259,10404929290,1,"IOTHUB_CLIENT_CONFIRMATION_OK"
19015,10404929459,10404929508,1,"IOTHUB_CLIENT_CONFIRMATION_OK"
19016,10404929659,10404929711,1,"IOTHUB_CLIENT_CONFIRMATION_OK"
19017,10404929859,10404929900,1,"IOTHUB_CLIENT_CONFIRMATION_OK"
19018,10404930060,10404930095,1,"IOTHUB_CLIENT_CONFIRMATION_OK"
19019,10404930260,10404930297,1,"IOTHUB_CLIENT_CONFIRMATION_OK"
19020,10404930460,10404930498,1,"IOTHUB_CLIENT_CONFIRMATION_OK"
19021,10404930660,10404930712,1,"IOTHUB_CLIENT_CONFIRMATION_OK"
19022,10404930860,10404930904,1,"IOTHUB_CLIENT_CONFIRMATION_OK"
19023,10404931060,10404931090,1,"IOTHUB_CLIENT_CONFIRMATION_OK"
19024,10404931261,10404931332,1,"IOTHUB_CLIENT_CONFIRMATION_OK"
19025,10404931461,10404931498,1,"IOTHUB_CLIENT_CONFIRMATION_OK"
19026,10404931661,10404931702,1,"IOTHUB_CLIENT_CONFIRMATION_OK"
19027,10404931861,10404931976,1,"IOTHUB_CLIENT_CONFIRMATION_OK"
19028,10404932061,10404932102,1,"IOTHUB_CLIENT_CONFIRMATION_OK"
19029,10404932261,10404932334,1,"IOTHUB_CLIENT_CONFIRMATION_OK"
19030,10404932461,10404932573,1,"IOTHUB_CLIENT_CONFIRMATION_OK"
19031,10404932662,10404932704,1,"IOTHUB_CLIENT_CONFIRMATION_OK"
19032,10404932862,10404932906,1,"IOTHUB_CLIENT_CONFIRMATION_OK"
19033,10404933062,10404933183,1,"IOTHUB_CLIENT_CONFIRMATION_OK"
19034,10404933262,10404933298,1,"IOTHUB_CLIENT_CONFIRMATION_OK"
19035,10404933462,10404933505,1,"IOTHUB_CLIENT_CONFIRMATION_OK"
19036,10404933662,10404933821,1,"IOTHUB_CLIENT_CONFIRMATION_OK"
19037,10404933863,10404933911,1,"IOTHUB_CLIENT_CONFIRMATION_OK"
19038,10404934063,10404934098,1,"IOTHUB_CLIENT_CONFIRMATION_OK"
19039,10404934263,10404934303,1,"IOTHUB_CLIENT_CONFIRMATION_OK"
19040,10404934463,10404934498,1,"IOTHUB_CLIENT_CONFIRMATION_OK"
19041,10404934663,10404934708,1,"IOTHUB_CLIENT_CONFIRMATION_OK"
19042,10404934863,10404934931,1,"IOTHUB_CLIENT_CONFIRMATION_OK"
19043,10404935064,10404935098,1,"IOTHUB_CLIENT_CONFIRMATION_OK"
19044,10404935264,10404935294,1,"IOTHUB_CLIENT_CONFIRMATION_OK"
19045,10404935464,10404935499,1,"IOTHUB_CLIENT_CONFIRMATION_OK"
19046,10404935664,10404935723,1,"IOTHUB_CLIENT_CONFIRMATION_OK"
19047,10404935864,10404935908,1,"IOTHUB_CLIENT_CONFIRMATION_OK"
19048,10404936064,10404936097,1,"IOTHUB_CLIENT_CONFIRMATION_OK"
19049,10404936265,10404936309,1,"IOTHUB_CLIENT_CONFIRMATION_OK"
19050,10404936465,10404936513,1,"IOTHUB_CLIENT_CONFIRMATION_OK"
19051,10404936665,10404936709,1,"IOTHUB_CLIENT_CONFIRMATION_OK"
19052,10404936865,10404936909,1,"IOTHUB_CLIENT_CONFIRMATION_OK"
19053,10404937065,10404937100,1,"IOTHUB_CLIENT_CONFIRMATION_OK"
19054,10404937265,10404937300,1,"IOTHUB_CLIENT_CONFIRMATION_OK"
19055,10404937466,10404937536,1,"IOTHUB_CLIENT_CONFIRMATION_OK"
19056,10404937666,10404937725,1,"IOTHUB_CLIENT_CONFIRMATION_OK"
19057,10404937866,10404937928,1,"IOTHUB_CLIENT_CONFIRMATION_OK"
19058,10404938066,10404938098,1,"IOTHUB_CLIENT_CONFIRMATION_OK"
19059,10404938266,10404938302,1,"IOTHUB_CLIENT_CONFIRMATION_OK"
19060,10404938466,10404938527,1,"IOTHUB_CLIENT_CONFIRMATION_OK"
19061,10404938667,10404938698,1,"IOTHUB_CLIENT_CONFIRMATION_OK"
19062,10404938867,10404938904,1,"IOTHUB_CLIENT_CONFIRMATION_OK"
19063,10404939067,10404939103,1,"IOTHUB_CLIENT_CONFIRMATION_OK"
19064,10404939267,10404939311,1,"IOTHUB_CLIENT_CONFIRMATION_OK"
19065,10404939467,10404939559,1,"IOTHUB_CLIENT_CONFIRMATION_OK"
19066,10404939667,10404939709,1,"IOTHUB_CLIENT_CONFIRMATION_OK"
19067,10404939868,10404939911,1,"IOTHUB_CLIENT_CONFIRMATION_OK"
19068,10404940068,10404940165,1,"IOTHUB_CLIENT_CONFIRMATION_OK"
19069,10404940268,10404940320,1,"IOTHUB_CLIENT_CONFIRMATION_OK"
19070,10404940468,10404940502,1,"IOTHUB_CLIENT_CONFIRMATION_OK"
19071,10404940668,10404940785,1,"IOTHUB_CLIENT_CONFIRMATION_OK"
19072,10404940868,10404940915,1,"IOTHUB_CLIENT_CONFIRMATION_OK"
19073,10404941069,10404941116,1,"IOTHUB_CLIENT_CONFIRMATION_OK"
19074,10404941269,10404941388,1,"IOTHUB_CLIENT_CONFIRMATION_OK"
19075,10404941469,10404941505,1,"IOTHUB_CLIENT_CONFIRMATION_OK"
19076,10404941669,10404941709,1,"IOTHUB_CLIENT_CONFIRMATION_OK"
19077,10404941869,10404942028,1,"IOTHUB_CLIENT_CONFIRMATION_OK"
19078,10404942069,10404942116,1,"IOTHUB_CLIENT_CONFIRMATION_OK"
19079,10404942270,10404942302,1,"IOTHUB_CLIENT_CONFIRMATION_OK"
19080,10404942470,10404942509,1,"IOTHUB_CLIENT_CONFIRMATION_OK"
19081,10404942670,10404942715,1,"IOTHUB_CLIENT_CONFIRMATION_OK"
19082,10404942870,10404942909,1,"IOTHUB_CLIENT_CONFIRMATION_OK"
19083,10404943070,10404943106,1,"IOTHUB_CLIENT_CONFIRMATION_OK"
19084,10404943270,10404943321,1,"IOTHUB_CLIENT_CONFIRMATION_OK"
19085,10404943471,10404943527,1,"IOTHUB_CLIENT_CONFIRMATION_OK"
19086,10404943671,10404943705,1,"IOTHUB_CLIENT_CONFIRMATION_OK"
19087,10404943871,10404943910,1,"IOTHUB_CLIENT_CONFIRMATION_OK"
19088,10404944071,10404944106,1,"IOTHUB_CLIENT_CONFIRMATION_OK"
19089,10404944271,10404944311,1,"IOTHUB_CLIENT_CONFIRMATION_OK"
19090,10404944471,10404944507,1,"IOTHUB_CLIENT_CONFIRMATION_OK"
19091,10404944672,10404944705,1,"IOTHUB_CLIENT_CONFIRMATION_OK"
19092,10404944872,10404944918,1,"IOTHUB_CLIENT_CONFIRMATION_OK"
19093,10404945072,10404945127,1,"IOTHUB_CLIENT_CONFIRMATION_OK"
19094,10404945272,10404945309,1,"IOTHUB_CLIENT_CONFIRMATION_OK"
19095,10404945472,10404945505,1,"IOTHUB_CLIENT_CONFIRMATION_OK"
19096,10404945672,10404945714,1,"IOTHUB_CLIENT_CONFIRMATION_OK"
19097,10404945873,10404945906,1,"IOTHUB_CLIENT_CONFIRMATION_OK"
19098,10404946073,10404946106,1,"IOTHUB_CLIENT_CONFIRMATION_OK"
19099,10404946273,10404946306,1,"IOTHUB_CLIENT_CONFIRMATION_OK"
19100,10404946473,10404946513,1,"IOTHUB_CLIENT_CONFIRMATION_OK"
19101,10404946673,10404946707,1,"IOTHUB_CLIENT_CONFIRMATION_OK"
19102,10404946873,10404946908,1,"IOTHUB_CLIENT_CONFIRMATION_OK"
19103,10404947074,10404947119,1,"IOTHUB_CLIENT_CONFIRMATION_OK"
19104,10404947274,10404947320,1,"IOTHUB_CLIENT_CONFIRMATION_OK"
19105,10404947474,10404947510,1,"IOTHUB_CLIENT_CONFIRMATION_OK"
19106,10404947674,10404947766,1,"IOTHUB_CLIENT_CONFIRMATION_OK"
19107,10404947874,10404947932,1,"IOTHUB_CLIENT_CONFIRMATION_OK"
19108,10404948074,10404948107,1,"IOTHUB_CLIENT_CONFIRMATION_OK"
19109,10404948275,10404948367,1,"IOTHUB_CLIENT_CONFIRMATION_OK"
19110,10404948475,10404948506,1,"IOTHUB_CLIENT_CONFIRMATION_OK"
19111,10404948675,10404948718,1,"IOTHUB_CLIENT_CONFIRMATION_OK"
19112,10404948875,10404948974,1,"IOTHUB_CLIENT_CONFIRMATION_OK"
19113,10404949075,10404949115,1,"IOTHUB_CLIENT_CONFIRMATION_OK"
19114,10404949275,10404949423,1,"IOTHUB_CLIENT_CONFIRMATION_OK"
19115,10404949476,10404949655,1,"IOTHUB_CLIENT_CONFIRMATION_OK"
19116,10404949676,10404949715,1,"IOTHUB_CLIENT_CONFIRMATION_OK"
19117,10404949876,10404949918,1,"IOTHUB_CLIENT_CONFIRMATION_OK"
19118,10404950076,10404950260,1,"IOTHUB_CLIENT_CONFIRMATION_OK"
19119,10404950276,10404950328,1,"IOTHUB_CLIENT_CONFIRMATION_OK"
19120,10404950476,10404950509,1,"IOTHUB_CLIENT_CONFIRMATION_OK"
19121,10404950677,10404950713,1,"IOTHUB_CLIENT_CONFIRMATION_OK"
19122,10404950877,10404950910,1,"IOTHUB_CLIENT_CONFIRMATION_OK"
19123,10404951077,10404951139,1,"IOTHUB_CLIENT_CONFIRMATION_OK"
19124,10404951277,10404951321,1,"IOTHUB_CLIENT_CONFIRMATION_OK"
19125,10404951477,10404951507,1,"IOTHUB_CLIENT_CONFIRMATION_OK"
19126,10404951677,10404951729,1,"IOTHUB_CLIENT_CONFIRMATION_OK"
19127,10404951878,10404951918,1,"IOTHUB_CLIENT_CONFIRMATION_OK"
19128,10404952078,10404952130,1,"IOTHUB_CLIENT_CONFIRMATION_OK"
19129,10404952278,10404952321,1,"IOTHUB_CLIENT_CONFIRMATION_OK"
19130,10404952478,10404952543,1,"IOTHUB_CLIENT_CONFIRMATION_OK"
19131,10404952678,10404952756,1,"IOTHUB_CLIENT_CONFIRMATION_OK"
19132,10404952879,10404952916,1,"IOTHUB_CLIENT_CONFIRMATION_OK"
19133,10404953079,10404953116,1,"IOTHUB_CLIENT_CONFIRMATION_OK"
19134,10404953279,10404953368,1,"IOTHUB_CLIENT_CONFIRMATION_OK"
19135,10404953479,10404953522,1,"IOTHUB_CLIENT_CONFIRMATION_OK"
19136,10404953679,10404953716,1,"IOTHUB_CLIENT_CONFIRMATION_OK"
19137,10404953879,10404953965,1,"IOTHUB_CLIENT_CONFIRMATION_OK"
19138,10404954080,10404954124,1,"IOTHUB_CLIENT_CONFIRMATION_OK"
19139,10404954280,10404954317,1,"IOTHUB_CLIENT_CONFIRMATION_OK"
19140,10404954480,10404954519,1,"IOTHUB_CLIENT_CONFIRMATION_OK"
19141,10404954680,10404954714,1,"IOTHUB_CLIENT_CONFIRMATION_OK"
19142,10404954880,10404954910,1,"IOTHUB_CLIENT_CONFIRMATION_OK"
19143,10404955080,10404955127,1,"IOTHUB_CLIENT_CONFIRMATION_OK"
19144,10404955280,10404955324,1,"IOTHUB_CLIENT_CONFIRMATION_OK"
19145,10404955481,10404955516,1,"IOTHUB_CLIENT_CONFIRMATION_OK"
19146,10404955681,10404955715,1,"IOTHUB_CLIENT_CONFIRMATION_OK"
19147,10404955881,10404955913,1,"IOTHUB_CLIENT_CONFIRMATION_OK"
19148,10404956081,10404956179,1,"IOTHUB_CLIENT_CONFIRMATION_OK"
19149,10404956281,10404956320,1,"IOTHUB_CLIENT_CONFIRMATION_OK"
19150,10404956481,10404956643,1,"IOTHUB_CLIENT_CONFIRMATION_OK"
19151,10404956682,10404956711,1,"IOTHUB_CLIENT_CONFIRMATION_OK"
19152,10404956882,10404956919,1,"IOTHUB_CLIENT_CONFIRMATION_OK"
19153,10404957082,10404957232,1,"IOTHUB_CLIENT_CONFIRMATION_OK"
19154,10404957282,10404957312,1,"IOTHUB_CLIENT_CONFIRMATION_OK"
19155,10404957482,10404957536,1,"IOTHUB_CLIENT_CONFIRMATION_OK"
19156,10404957682,10404957839,1,"IOTHUB_CLIENT_CONFIRMATION_OK"
19157,10404957882,10404957919,1,"IOTHUB_CLIENT_CONFIRMATION_OK"
19158,10404958083,10404958117,1,"IOTHUB_CLIENT_CONFIRMATION_OK"
19159,10404958283,10404958320,1,"IOTHUB_CLIENT_CONFIRMATION_OK"
19160,10404958483,10404958518,1,"IOTHUB_CLIENT_CONFIRMATION_OK"
19161,10404958683,10404958732,1,"IOTHUB_CLIENT_CONFIRMATION_OK"
19162,10404958883,10404958934,1,"IOTHUB_CLIENT_CONFIRMATION_OK"
19163,10404959084,10404959115,1,"IOTHUB_CLIENT_CONFIRMATION_OK"
19164,10404959284,10404959320,1,"IOTHUB_CLIENT_CONFIRMATION_OK"
19165,10404959484,10404959605,1,"IOTHUB_CLIENT_CONFIRMATION_OK"
19166,10404959684,10404959725,1,"IOTHUB_CLIENT_CONFIRMATION_OK"
19167,10404959884,10404959966,1,"IOTHUB_CLIENT_CONFIRMATION_OK"
19168,10404960084,10404960187,1,"IOTHUB_CLIENT_CONFIRMATION_OK"
19169,10404960284,10404960339,1,"IOTHUB_CLIENT_CONFIRMATION_OK"
19170,10404960485,10404960528,1,"IOTHUB_CLIENT_CONFIRMATION_OK"
19171,10404960685,10404960760,1,"IOTHUB_CLIENT_CONFIRMATION_OK"
19172,10404960885,10404961015,1,"IOTHUB_CLIENT_CONFIRMATION_OK"
19173,10404961085,10404961119,1,"IOTHUB_CLIENT_CONFIRMATION_OK"
19174,10404961285,10404961316,1,"IOTHUB_CLIENT_CONFIRMATION_OK"
19175,10404961485,10404961657,1,"IOTHUB_CLIENT_CONFIRMATION_OK"
19176,10404961686,10404961722,1,"IOTHUB_CLIENT_CONFIRMATION_OK"
19177,10404961886,10404961928,1,"IOTHUB_CLIENT_CONFIRMATION_OK"
19178,10404962086,10404962233,1,"IOTHUB_CLIENT_CONFIRMATION_OK"
19179,10404962286,10404962323,1,"IOTHUB_CLIENT_CONFIRMATION_OK"
19180,10404962486,10404962530,1,"IOTHUB_CLIENT_CONFIRMATION_OK"
19181,10404962687,10404962722,1,"IOTHUB_CLIENT_CONFIRMATION_OK"
19182,10404962887,10404962922,1,"IOTHUB_CLIENT_CONFIRMATION_OK"
19183,10404963087,10404963132,1,"IOTHUB_CLIENT_CONFIRMATION_OK"
19184,10404963287,10404963318,1,"IOTHUB_CLIENT_CONFIRMATION_OK"
19185,10404963487,10404963522,1,"IOTHUB_CLIENT_CONFIRMATION_OK"
19186,10404963687,10404963730,1,"IOTHUB_CLIENT_CONFIRMATION_OK"
19187,10404963888,10404963927,1,"IOTHUB_CLIENT_CONFIRMATION_OK"
19188,10404964088,10404964119,1,"IOTHUB_CLIENT_CONFIRMATION_OK"
19189,10404964288,10404964317,1,"IOTHUB_CLIENT_CONFIRMATION_OK"
19190,10404964488,10404964525,1,"IOTHUB_CLIENT_CONFIRMATION_OK"
19191,10404964688,10404964726,1,"IOTHUB_CLIENT_CONFIRMATION_OK"
19192,10404964888,10404964919,1,"IOTHUB_CLIENT_CONFIRMATION_OK"
19193,10404965089,10404965139,1,"IOTHUB_CLIENT_CONFIRMATION_OK"
19194,10404965289,10404965330,1,"IOTHUB_CLIENT_CONFIRMATION_OK"
19195,10404965489,10404965520,1,"IOTHUB_CLIENT_CONFIRMATION_OK"
19196,10404965689,10404965738,1,"IOTHUB_CLIENT_CONFIRMATION_OK"
19197,10404965889,10404965941,1,"IOTHUB_CLIENT_CONFIRMATION_OK"
19198,10404966089,10404966134,1,"IOTHUB_CLIENT_CONFIRMATION_OK"
19199,10404966290,10404966324,1,"IOTHUB_CLIENT_CONFIRMATION_OK"
19200,10404966490,10404966534,1,"IOTHUB_CLIENT_CONFIRMATION_OK"
19201,10404966690,10404966725,1,"IOTHUB_CLIENT_CONFIRMATION_OK"
19202,10404966890,10404966921,1,"IOTHUB_CLIENT_CONFIRMATION_OK"
19203,10404967090,10404967149,1,"IOTHUB_CLIENT_CONFIRMATION_OK"
19204,10404967290,10404967358,1,"IOTHUB_CLIENT_CONFIRMATION_OK"
19205,10404967491,10404967525,1,"IOTHUB_CLIENT_CONFIRMATION_OK"
19206,10404967691,10404967754,1,"IOTHUB_CLIENT_CONFIRMATION_OK"
19207,10404967891,10404967969,1,"IOTHUB_CLIENT_CONFIRMATION_OK"
19208,10404968091,10404968121,1,"IOTHUB_CLIENT_CONFIRMATION_OK"
19209,10404968291,10404968336,1,"IOTHUB_CLIENT_CONFIRMATION_OK"
19210,10404968491,10404968575,1,"IOTHUB_CLIENT_CONFIRMATION_OK"
19211,10404968692,10404968724,1,"IOTHUB_CLIENT_CONFIRMATION_OK"
19212,10404968892,10404968920,1,"IOTHUB_CLIENT_CONFIRMATION_OK"
19213,10404969092,10404969183,1,"IOTHUB_CLIENT_CONFIRMATION_OK"
19214,10404969292,10404969338,1,"IOTHUB_CLIENT_CONFIRMATION_OK"
19215,10404969492,10404969524,1,"IOTHUB_CLIENT_CONFIRMATION_OK"
19216,10404969693,10404969817,1,"IOTHUB_CLIENT_CONFIRMATION_OK"
19217,10404969893,10404969931,1,"IOTHUB_CLIENT_CONFIRMATION_OK"
19218,10404970093,10404970129,1,"IOTHUB_CLIENT_CONFIRMATION_OK"
19219,10404970293,10404970343,1,"IOTHUB_CLIENT_CONFIRMATION_OK"
19220,10404970493,10404970526,1,"IOTHUB_CLIENT_CONFIRMATION_OK"
19221,10404970693,10404970731,1,"IOTHUB_CLIENT_CONFIRMATION_OK"
19222,10404970893,10404971016,1,"IOTHUB_CLIENT_CONFIRMATION_OK"
19223,10404971094,10404971150,1,"IOTHUB_CLIENT_CONFIRMATION_OK"
19224,10404971294,10404971344,1,"IOTHUB_CLIENT_CONFIRMATION_OK"
19225,10404971494,10404971527,1,"IOTHUB_CLIENT_CONFIRMATION_OK"
19226,10404971694,10404971726,1,"IOTHUB_CLIENT_CONFIRMATION_OK"
19227,10404971894,10404971947,1,"IOTHUB_CLIENT_CONFIRMATION_OK"
19228,10404972094,10404972140,1,"IOTHUB_CLIENT_CONFIRMATION_OK"
19229,10404972295,10404972329,1,"IOTHUB_CLIENT_CONFIRMATION_OK"
19230,10404972495,10404972545,1,"IOTHUB_CLIENT_CONFIRMATION_OK"
19231,10404972695,10404972728,1,"IOTHUB_CLIENT_CONFIRMATION_OK"
19232,10404972895,10404972928,1,"IOTHUB_CLIENT_CONFIRMATION_OK"
19233,10404973095,10404973145,1,"IOTHUB_CLIENT_CONFIRMATION_OK"
19234,10404973295,10404973336,1,"IOTHUB_CLIENT_CONFIRMATION_OK"
19235,10404973496,10404973688,1,"IOTHUB_CLIENT_CONFIRMATION_OK"
19236,10404973696,10404973738,1,"IOTHUB_CLIENT_CONFIRMATION_OK"
19237,10404973896,10404973949,1,"IOTHUB_CLIENT_CONFIRMATION_OK"
19238,10404974096,10404974296,1,"IOTHUB_CLIENT_CONFIRMATION_OK"
19239,10404974296,10404974339,1,"IOTHUB_CLIENT_CONFIRMATION_OK"
19240,10404974496,10404974532,1,"IOTHUB_CLIENT_CONFIRMATION_OK"
19241,10404974697,10404974749,1,"IOTHUB_CLIENT_CONFIRMATION_OK"
19242,10404974897,10404974951,1,"IOTHUB_CLIENT_CONFIRMATION_OK"
19243,10404975097,10404975148,1,"IOTHUB_CLIENT_CONFIRMATION_OK"
19244,10404975297,10404975337,1,"IOTHUB_CLIENT_CONFIRMATION_OK"
19245,10404975497,10404975531,1,"IOTHUB_CLIENT_CONFIRMATION_OK"
19246,10404975697,10404975737,1,"IOTHUB_CLIENT_CONFIRMATION_OK"
19247,10404975897,10404975934,1,"IOTHUB_CLIENT_CONFIRMATION_OK"
19248,10404976098,10404976138,1,"IOTHUB_CLIENT_CONFIRMATION_OK"
19249,10404976298,10404976330,1,"IOTHUB_CLIENT_CONFIRMATION_OK"
19250,10404976498,10404976543,1,"IOTHUB_CLIENT_CONFIRMATION_OK"
19251,10404976698,10404976744,1,"IOTHUB_CLIENT_CONFIRMATION_OK"
19252,10404976898,10404976932,1,"IOTHUB_CLIENT_CONFIRMATION_OK"
19253,10404977098,10404977130,1,"IOTHUB_CLIENT_CONFIRMATION_OK"
19254,10404977299,10404977345,1,"IOTHUB_CLIENT_CONFIRMATION_OK"
19255,10404977499,10404977539,1,"IOTHUB_CLIENT_CONFIRMATION_OK"
19256,10404977699,10404977736,1,"IOTHUB_CLIENT_CONFIRMATION_OK"
19257,10404977899,10404977937,1,"IOTHUB_CLIENT_CONFIRMATION_OK"
19258,10404978099,10404978138,1,"IOTHUB_CLIENT_CONFIRMATION_OK"
19259,10404978299,10404978332,1,"IOTHUB_CLIENT_CONFIRMATION_OK"
19260,10404978500,10404978544,1,"IOTHUB_CLIENT_CONFIRMATION_OK"
19261,10404978700,10404978736,1,"IOTHUB_CLIENT_CONFIRMATION_OK"
19262,10404978900,10404978934,1,"IOTHUB_CLIENT_CONFIRMATION_OK"
19263,10404979100,10404979140,1,"IOTHUB_CLIENT_CONFIRMATION_OK"
19264,10404979300,10404979376,1,"IOTHUB_CLIENT_CONFIRMATION_OK"
19265,10404979500,10404979540,1,"IOTHUB_CLIENT_CONFIRMATION_OK"
19266,10404979701,10404979737,1,"IOTHUB_CLIENT_CONFIRMATION_OK"
19267,10404979901,10404979984,1,"IOTHUB_CLIENT_CONFIRMATION_OK"
19268,10404980101,10404980146,1,"IOTHUB_CLIENT_CONFIRMATION_OK"
19269,10404980301,10404980346,1,"IOTHUB_CLIENT_CONFIRMATION_OK"
19270,10404980501,10404980596,1,"IOTHUB_CLIENT_CONFIRMATION_OK"
19271,10404980701,10404980786,1,"IOTHUB_CLIENT_CONFIRMATION_OK"
19272,10404980902,10404980932,1,"IOTHUB_CLIENT_CONFIRMATION_OK"
19273,10404981102,10404981217,1,"IOTHUB_CLIENT_CONFIRMATION_OK"
19274,10404981302,10404981333,1,"IOTHUB_CLIENT_CONFIRMATION_OK"
19275,10404981502,10404981534,1,"IOTHUB_CLIENT_CONFIRMATION_OK"
19276,10404981702,10404981824,1,"IOTHUB_CLIENT_CONFIRMATION_OK"
19277,10404981903,10404981943,1,"IOTHUB_CLIENT_CONFIRMATION_OK"
19278,10404982103,10404982133,1,"IOTHUB_CLIENT_CONFIRMATION_OK"
19279,10404982303,10404982335,1,"IOTHUB_CLIENT_CONFIRMATION_OK"
19280,10404982503,10404982535,1,"IOTHUB_CLIENT_CONFIRMATION_OK"
19281,10404982703,10404982738,1,"IOTHUB_CLIENT_CONFIRMATION_OK"
19282,10404982903,10404982934,1,"IOTHUB_CLIENT_CONFIRMATION_OK"
19283,10404983103,10404983137,1,"IOTHUB_CLIENT_CONFIRMATION_OK"
19284,10404983304,10404983338,1,"IOTHUB_CLIENT_CONFIRMATION_OK"
19285,10404983504,10404983595,1,"IOTHUB_CLIENT_CONFIRMATION_OK"
19286,10404983704,10404983753,1,"IOTHUB_CLIENT_CONFIRMATION_OK"
19287,10404983904,10404983941,1,"IOTHUB_CLIENT_CONFIRMATION_OK"
19288,10404984104,10404984160,1,"IOTHUB_CLIENT_CONFIRMATION_OK"
19289,10404984304,10404984340,1,"IOTHUB_CLIENT_CONFIRMATION_OK"
19290,10404984505,10404984555,1,"IOTHUB_CLIENT_CONFIRMATION_OK"
19291,10404984705,10404984743,1,"IOTHUB_CLIENT_CONFIRMATION_OK"
19292,10404984905,10404985073,1,"IOTHUB_CLIENT_CONFIRMATION_OK"
19293,10404985105,10404985149,1,"IOTHUB_CLIENT_CONFIRMATION_OK"
19294,10404985305,10404985349,1,"IOTHUB_CLIENT_CONFIRMATION_OK"
19295,10404985505,10404985709,1,"IOTHUB_CLIENT_CONFIRMATION_OK"
19296,10404985706,10404985745,1,"IOTHUB_CLIENT_CONFIRMATION_OK"
19297,10404985906,10404985940,1,"IOTHUB_CLIENT_CONFIRMATION_OK"
19298,10404986106,10404986320,1,"IOTHUB_CLIENT_CONFIRMATION_OK"
19299,10404986306,10404986346,1,"IOTHUB_CLIENT_CONFIRMATION_OK"
19300,10404986506,10404986584,1,"IOTHUB_CLIENT_CONFIRMATION_OK"
19301,10404986706,10404986744,1,"IOTHUB_CLIENT_CONFIRMATION_OK"
19302,10404986907,10404986958,1,"IOTHUB_CLIENT_CONFIRMATION_OK"
19303,10404987107,10404987145,1,"IOTHUB_CLIENT_CONFIRMATION_OK"
19304,10404987307,10404987344,1,"IOTHUB_CLIENT_CONFIRMATION_OK"
19305,10404987507,10404987587,1,"IOTHUB_CLIENT_CONFIRMATION_OK"
19306,10404987707,10404987743,1,"IOTHUB_CLIENT_CONFIRMATION_OK"
19307,10404987907,10404987969,1,"IOTHUB_CLIENT_CONFIRMATION_OK"
19308,10404988108,10404988209,1,"IOTHUB_CLIENT_CONFIRMATION_OK"
19309,10404988308,10404988339,1,"IOTHUB_CLIENT_CONFIRMATION_OK"
19310,10404988508,10404988550,1,"IOTHUB_CLIENT_CONFIRMATION_OK"
19311,10404988708,10404988798,1,"IOTHUB_CLIENT_CONFIRMATION_OK"
19312,10404988908,10404988958,1,"IOTHUB_CLIENT_CONFIRMATION_OK"
19313,10404989108,10404989146,1,"IOTHUB_CLIENT_CONFIRMATION_OK"
19314,10404989308,10404989405,1,"IOTHUB_CLIENT_CONFIRMATION_OK"
19315,10404989509,10404989559,1,"IOTHUB_CLIENT_CONFIRMATION_OK"
19316,10404989709,10404989755,1,"IOTHUB_CLIENT_CONFIRMATION_OK"
19317,10404989909,10404990083,1,"IOTHUB_CLIENT_CONFIRMATION_OK"
19318,10404990109,10404990145,1,"IOTHUB_CLIENT_CONFIRMATION_OK"
19319,10404990309,10404990370,1,"IOTHUB_CLIENT_CONFIRMATION_OK"
19320,10404990509,10404990556,1,"IOTHUB_CLIENT_CONFIRMATION_OK"
19321,10404990710,10404990749,1,"IOTHUB_CLIENT_CONFIRMATION_OK"
19322,10404990910,10404990950,1,"IOTHUB_CLIENT_CONFIRMATION_OK"
19323,10404991110,10404991160,1,"IOTHUB_CLIENT_CONFIRMATION_OK"
19324,10404991310,10404991343,1,"IOTHUB_CLIENT_CONFIRMATION_OK"
19325,10404991510,10404991572,1,"IOTHUB_CLIENT_CONFIRMATION_OK"
19326,10404991710,10404991755,1,"IOTHUB_CLIENT_CONFIRMATION_OK"
19327,10404991911,10404991948,1,"IOTHUB_CLIENT_CONFIRMATION_OK"
19328,10404992111,10404992152,1,"IOTHUB_CLIENT_CONFIRMATION_OK"
19329,10404992311,10404992379,1,"IOTHUB_CLIENT_CONFIRMATION_OK"
19330,10404992511,10404992573,1,"IOTHUB_CLIENT_CONFIRMATION_OK"
19331,10404992711,10404992765,1,"IOTHUB_CLIENT_CONFIRMATION_OK"
19332,10404992911,10404992948,1,"IOTHUB_CLIENT_CONFIRMATION_OK"
19333,10404993112,10404993198,1,"IOTHUB_CLIENT_CONFIRMATION_OK"
19334,10404993312,10404993343,1,"IOTHUB_CLIENT_CONFIRMATION_OK"
19335,10404993512,10404993561,1,"IOTHUB_CLIENT_CONFIRMATION_OK"
19336,10404993712,10404993825,1,"IOTHUB_CLIENT_CONFIRMATION_OK"
19337,10404993912,10404993948,1,"IOTHUB_CLIENT_CONFIRMATION_OK"
19338,10404994112,10404994154,1,"IOTHUB_CLIENT_CONFIRMATION_OK"
19339,10404994312,10404994356,1,"IOTHUB_CLIENT_CONFIRMATION_OK"
19340,10404994513,10404994567,1,"IOTHUB_CLIENT_CONFIRMATION_OK"
19341,10404994713,10404994760,1,"IOTHUB_CLIENT_CONFIRMATION_OK"
19342,10404994913,10404994956,1,"IOTHUB_CLIENT_CONFIRMATION_OK"
19343,10404995113,10404995146,1,"IOTHUB_CLIENT_CONFIRMATION_OK"
19344,10404995313,10404995346,1,"IOTHUB_CLIENT_CONFIRMATION_OK"
19345,10404995513,10404995550,1,"IOTHUB_CLIENT_CONFIRMATION_OK"
19346,10404995714,10404995750,1,"IOTHUB_CLIENT_CONFIRMATION_OK"
19347,10404995914,10404995986,1,"IOTHUB_CLIENT_CONFIRMATION_OK"
19348,10404996114,10404996143,1,"IOTHUB_CLIENT_CONFIRMATION_OK"
19349,10404996314,10404996471,1,"IOTHUB_CLIENT_CONFIRMATION_OK"
19350,10404996514,10404996547,1,"IOTHUB_CLIENT_CONFIRMATION_OK"
19351,10404996714,10404996753,1,"IOTHUB_CLIENT_CONFIRMATION_OK"
19352,10404996915,10404997064,1,"IOTHUB_CLIENT_CONFIRMATION_OK"
19353,10404997115,10404997154,1,"IOTHUB_CLIENT_CONFIRMATION_OK"
19354,10404997315,10404997350,1,"IOTHUB_CLIENT_CONFIRMATION_OK"
19355,10404997515,10404997679,1,"IOTHUB_CLIENT_CONFIRMATION_OK"
19356,10404997715,10404997773,1,"IOTHUB_CLIENT_CONFIRMATION_OK"
19357,10404997915,10404997970,1,"IOTHUB_CLIENT_CONFIRMATION_OK"
19358,10404998115,10404998256,1,"IOTHUB_CLIENT_CONFIRMATION_OK"
19359,10404998316,10404998353,1,"IOTHUB_CLIENT_CONFIRMATION_OK"
19360,10404998516,10404998554,1,"IOTHUB_CLIENT_CONFIRMATION_OK"
19361,10404998716,10404998776,1,"IOTHUB_CLIENT_CONFIRMATION_OK"
19362,10404998916,10404998957,1,"IOTHUB_CLIENT_CONFIRMATION_OK"
19363,10404999116,10404999159,1,"IOTHUB_CLIENT_CONFIRMATION_OK"
19364,10404999316,10404999351,1,"IOTHUB_CLIENT_CONFIRMATION_OK"
19365,10404999517,10404999571,1,"IOTHUB_CLIENT_CONFIRMATION_OK"
19366,10404999717,10404999757,1,"IOTHUB_CLIENT_CONFIRMATION_OK"
19367,10404999917,10404999949,1,"IOTHUB_CLIENT_CONFIRMATION_OK"
19368,10405000117,10405000172,1,"IOTHUB_CLIENT_CONFIRMATION_OK"
19369,10405000317,10405000359,1,"IOTHUB_CLIENT_CONFIRMATION_OK"
19370,10405000517,10405000591,1,"IOTHUB_CLIENT_CONFIRMATION_OK"
19371,10405000718,10405000759,1,"IOTHUB_CLIENT_CONFIRMATION_OK"
19372,10405000918,10405000965,1,"IOTHUB_CLIENT_CONFIRMATION_OK"
19373,10405001118,10405001152,1,"IOTHUB_CLIENT_CONFIRMATION_OK"
19374,10405001318,10405001373,1,"IOTHUB_CLIENT_CONFIRMATION_OK"
19375,10405001518,10405001557,1,"IOTHUB_CLIENT_CONFIRMATION_OK"
19376,10405001718,10405001756,1,"IOTHUB_CLIENT_CONFIRMATION_OK"
19377,10405001919,10405001965,1,"IOTHUB_CLIENT_CONFIRMATION_OK"
19378,10405002119,10405002169,1,"IOTHUB_CLIENT_CONFIRMATION_OK"
19379,10405002319,10405002354,1,"IOTHUB_CLIENT_CONFIRMATION_OK"
19380,10405002519,10405002553,1,"IOTHUB_CLIENT_CONFIRMATION_OK"
19381,10405002719,10405002755,1,"IOTHUB_CLIENT_CONFIRMATION_OK"
19382,10405002919,10405002950,1,"IOTHUB_CLIENT_CONFIRMATION_OK"
19383,10405003120,10405003169,1,"IOTHUB_CLIENT_CONFIRMATION_OK"
19384,10405003320,10405003360,1,"IOTHUB_CLIENT_CONFIRMATION_OK"
19385,10405003520,10405003550,1,"IOTHUB_CLIENT_CONFIRMATION_OK"
19386,10405003720,10405003765,1,"IOTHUB_CLIENT_CONFIRMATION_OK"
19387,10405003920,10405004027,1,"IOTHUB_CLIENT_CONFIRMATION_OK"
19388,10405004120,10405004152,1,"IOTHUB_CLIENT_CONFIRMATION_OK"
19389,10405004321,10405004351,1,"IOTHUB_CLIENT_CONFIRMATION_OK"
19390,10405004521,10405004650,1,"IOTHUB_CLIENT_CONFIRMATION_OK"
19391,10405004721,10405004776,1,"IOTHUB_CLIENT_CONFIRMATION_OK"
19392,10405004921,10405004957,1,"IOTHUB_CLIENT_CONFIRMATION_OK"
19393,10405005121,10405005270,1,"IOTHUB_CLIENT_CONFIRMATION_OK"
19394,10405005321,10405005399,1,"IOTHUB_CLIENT_CONFIRMATION_OK"
19395,10405005521,10405005574,1,"IOTHUB_CLIENT_CONFIRMATION_OK"
19396,10405005722,10405005865,1,"IOTHUB_CLIENT_CONFIRMATION_OK"
19397,10405005922,10405005971,1,"IOTHUB_CLIENT_CONFIRMATION_OK"
19398,10405006122,10405006170,1,"IOTHUB_CLIENT_CONFIRMATION_OK"
19399,10405006322,10405006357,1,"IOTHUB_CLIENT_CONFIRMATION_OK"
19400,10405006522,10405006567,1,"IOTHUB_CLIENT_CONFIRMATION_OK"
19401,10405006722,10405006755,1,"IOTHUB_CLIENT_CONFIRMATION_OK"
19402,10405006923,10405006960,1,"IOTHUB_CLIENT_CONFIRMATION_OK"
19403,10405007123,10405007158,1,"IOTHUB_CLIENT_CONFIRMATION_OK"
19404,10405007323,10405007352,1,"IOTHUB_CLIENT_CONFIRMATION_OK"
19405,10405007523,10405007561,1,"IOTHUB_CLIENT_CONFIRMATION_OK"
19406,10405007723,10405007759,1,"IOTHUB_CLIENT_CONFIRMATION_OK"
19407,10405007923,10405007956,1,"IOTHUB_CLIENT_CONFIRMATION_OK"
19408,10405008124,10405008193,1,"IOTHUB_CLIENT_CONFIRMATION_OK"
19409,10405008324,10405008365,1,"IOTHUB_CLIENT_CONFIRMATION_OK"
19410,10405008524,10405008556,1,"IOTHUB_CLIENT_CONFIRMATION_OK"
19411,10405008724,10405008760,1,"IOTHUB_CLIENT_CONFIRMATION_OK"
19412,10405008924,10405008960,1,"IOTHUB_CLIENT_CONFIRMATION_OK"
19413,10405009124,10405009172,1,"IOTHUB_CLIENT_CONFIRMATION_OK"
19414,10405009325,10405009362,1,"IOTHUB_CLIENT_CONFIRMATION_OK"
19415,10405009525,10405009721,1,"IOTHUB_CLIENT_CONFIRMATION_OK"
19416,10405009725,10405009761,1,"IOTHUB_CLIENT_CONFIRMATION_OK"
19417,10405009925,10405009959,1,"IOTHUB_CLIENT_CONFIRMATION_OK"
19418,10405010125,10405010336,1,"IOTHUB_CLIENT_CONFIRMATION_OK"
19419,10405010325,10405010362,1,"IOTHUB_CLIENT_CONFIRMATION_OK"
19420,10405010526,10405010575,1,"IOTHUB_CLIENT_CONFIRMATION_OK"
19421,10405010726,10405010763,1,"IOTHUB_CLIENT_CONFIRMATION_OK"
19422,10405010926,10405010959,1,"IOTHUB_CLIENT_CONFIRMATION_OK"
19423,10405011126,10405011172,1,"IOTHUB_CLIENT_CONFIRMATION_OK"
19424,10405011326,10405011360,1,"IOTHUB_CLIENT_CONFIRMATION_OK"
19425,10405011526,10405011563,1,"IOTHUB_CLIENT_CONFIRMATION_OK"
19426,10405011727,10405011763,1,"IOTHUB_CLIENT_CONFIRMATION_OK"
19427,10405011927,10405011965,1,"IOTHUB_CLIENT_CONFIRMATION_OK"
19428,10405012127,10405012197,1,"IOTHUB_CLIENT_CONFIRMATION_OK"
19429,10405012327,10405012366,1,"IOTHUB_CLIENT_CONFIRMATION_OK"
19430,10405012527,10405012568,1,"IOTHUB_CLIENT_CONFIRMATION_OK"
19431,10405012727,10405012826,1,"IOTHUB_CLIENT_CONFIRMATION_OK"
19432,10405012928,10405012960,1,"IOTHUB_CLIENT_CONFIRMATION_OK"
19433,10405013128,10405013172,1,"IOTHUB_CLIENT_CONFIRMATION_OK"
19434,10405013328,10405013396,1,"IOTHUB_CLIENT_CONFIRMATION_OK"
19435,10405013528,10405013573,1,"IOTHUB_CLIENT_CONFIRMATION_OK"
19436,10405013728,10405013796,1,"IOTHUB_CLIENT_CONFIRMATION_OK"
19437,10405013928,10405014015,1,"IOTHUB_CLIENT_CONFIRMATION_OK"
19438,10405014128,10405015093,1,"IOTHUB_CLIENT_CONFIRMATION_OK"
19439,10405014329,10405015134,1,"IOTHUB_CLIENT_CONFIRMATION_OK"
19440,10405014529,10405015219,1,"IOTHUB_CLIENT_CONFIRMATION_OK"
19441,10405014729,10405015305,1,"IOTHUB_CLIENT_CONFIRMATION_OK"
19442,10405014929,10405015353,1,"IOTHUB_CLIENT_CONFIRMATION_OK"
19443,10405015129,10405015386,1,"IOTHUB_CLIENT_CONFIRMATION_OK"
19444,10405015329,10405015407,1,"IOTHUB_CLIENT_CONFIRMATION_OK"
19445,10405015530,10405015576,1,"IOTHUB_CLIENT_CONFIRMATION_OK"
19446,10405015730,10405015789,1,"IOTHUB_CLIENT_CONFIRMATION_OK"
19447,10405015930,10405015965,1,"IOTHUB_CLIENT_CONFIRMATION_OK"
19448,10405016130,10405016169,1,"IOTHUB_CLIENT_CONFIRMATION_OK"
19449,10405016330,10405016376,1,"IOTHUB_CLIENT_CONFIRMATION_OK"
19450,10405016530,10405016585,1,"IOTHUB_CLIENT_CONFIRMATION_OK"
19451,10405016731,10405016766,1,"IOTHUB_CLIENT_CONFIRMATION_OK"
19452,10405016931,10405016974,1,"IOTHUB_CLIENT_CONFIRMATION_OK"
19453,10405017131,10405017162,1,"IOTHUB_CLIENT_CONFIRMATION_OK"
19454,10405017331,10405017445,1,"IOTHUB_CLIENT_CONFIRMATION_OK"
19455,10405017531,10405017565,1,"IOTHUB_CLIENT_CONFIRMATION_OK"
19456,10405017731,10405017943,1,"IOTHUB_CLIENT_CONFIRMATION_OK"
19457,10405017932,10405017971,1,"IOTHUB_CLIENT_CONFIRMATION_OK"
19458,10405018132,10405018197,1,"IOTHUB_CLIENT_CONFIRMATION_OK"
19459,10405018332,10405018381,1,"IOTHUB_CLIENT_CONFIRMATION_OK"
19460,10405018532,10405018562,1,"IOTHUB_CLIENT_CONFIRMATION_OK"
19461,10405018732,10405018762,1,"IOTHUB_CLIENT_CONFIRMATION_OK"
19462,10405018932,10405018964,1,"IOTHUB_CLIENT_CONFIRMATION_OK"
19463,10405019133,10405019187,1,"IOTHUB_CLIENT_CONFIRMATION_OK"
19464,10405019333,10405019365,1,"IOTHUB_CLIENT_CONFIRMATION_OK"
19465,10405019533,10405019565,1,"IOTHUB_CLIENT_CONFIRMATION_OK"
19466,10405019733,10405019793,1,"IOTHUB_CLIENT_CONFIRMATION_OK"
19467,10405019933,10405019968,1,"IOTHUB_CLIENT_CONFIRMATION_OK"
19468,10405020133,10405020170,1,"IOTHUB_CLIENT_CONFIRMATION_OK"
19469,10405020333,10405020369,1,"IOTHUB_CLIENT_CONFIRMATION_OK"
19470,10405020534,10405020569,1,"IOTHUB_CLIENT_CONFIRMATION_OK"
19471,10405020734,10405020763,1,"IOTHUB_CLIENT_CONFIRMATION_OK"
19472,10405020934,10405020986,1,"IOTHUB_CLIENT_CONFIRMATION_OK"
19473,10405021134,10405021170,1,"IOTHUB_CLIENT_CONFIRMATION_OK"
19474,10405021334,10405021367,1,"IOTHUB_CLIENT_CONFIRMATION_OK"
19475,10405021534,10405021595,1,"IOTHUB_CLIENT_CONFIRMATION_OK"
19476,10405021734,10405021795,1,"IOTHUB_CLIENT_CONFIRMATION_OK"
19477,10405021935,10405021975,1,"IOTHUB_CLIENT_CONFIRMATION_OK"
19478,10405022135,10405022197,1,"IOTHUB_CLIENT_CONFIRMATION_OK"
19479,10405022335,10405022370,1,"IOTHUB_CLIENT_CONFIRMATION_OK"
19480,10405022535,10405022617,1,"IOTHUB_CLIENT_CONFIRMATION_OK"
19481,10405022735,10405022778,1,"IOTHUB_CLIENT_CONFIRMATION_OK"
19482,10405022935,10405022973,1,"IOTHUB_CLIENT_CONFIRMATION_OK"
19483,10405023136,10405023186,1,"IOTHUB_CLIENT_CONFIRMATION_OK"
19484,10405023336,10405023381,1,"IOTHUB_CLIENT_CONFIRMATION_OK"
19485,10405023536,10405023641,1,"IOTHUB_CLIENT_CONFIRMATION_OK"
19486,10405023736,10405023775,1,"IOTHUB_CLIENT_CONFIRMATION_OK"
19487,10405023936,10405023970,1,"IOTHUB_CLIENT_CONFIRMATION_OK"
19488,10405024136,10405024242,1,"IOTHUB_CLIENT_CONFIRMATION_OK"
19489,10405024336,10405024370,1,"IOTHUB_CLIENT_CONFIRMATION_OK"
19490,10405024537,10405024608,1,"IOTHUB_CLIENT_CONFIRMATION_OK"
19491,10405024737,10405024857,1,"IOTHUB_CLIENT_CONFIRMATION_OK"
19492,10405024937,10405024974,1,"IOTHUB_CLIENT_CONFIRMATION_OK"
19493,10405025137,10405025166,1,"IOTHUB_CLIENT_CONFIRMATION_OK"
19494,10405025337,10405025482,1,"IOTHUB_CLIENT_CONFIRMATION_OK"
19495,10405025537,10405025569,1,"IOTHUB_CLIENT_CONFIRMATION_OK"
19496,10405025737,10405025777,1,"IOTHUB_CLIENT_CONFIRMATION_OK"
19497,10405025938,10405026072,1,"IOTHUB_CLIENT_CONFIRMATION_OK"
19498,10405026138,10405026264,1,"IOTHUB_CLIENT_CONFIRMATION_OK"
19499,10405026338,10405026373,1,"IOTHUB_CLIENT_CONFIRMATION_OK"
19500,10405026538,10405026573,1,"IOTHUB_CLIENT_CONFIRMATION_OK"
19501,10405026738,10405026771,1,"IOTHUB_CLIENT_CONFIRMATION_OK"
19502,10405026938,10405026971,1,"IOTHUB_CLIENT_CONFIRMATION_OK"
19503,10405027139,10405027210,1,"IOTHUB_CLIENT_CONFIRMATION_OK"
19504,10405027339,10405027400,1,"IOTHUB_CLIENT_CONFIRMATION_OK"
19505,10405027539,10405027573,1,"IOTHUB_CLIENT_CONFIRMATION_OK"
19506,10405027739,10405027825,1,"IOTHUB_CLIENT_CONFIRMATION_OK"
19507,10405027939,10405027994,1,"IOTHUB_CLIENT_CONFIRMATION_OK"
19508,10405028139,10405028182,1,"IOTHUB_CLIENT_CONFIRMATION_OK"
19509,10405028339,10405028379,1,"IOTHUB_CLIENT_CONFIRMATION_OK"
19510,10405028540,10405028575,1,"IOTHUB_CLIENT_CONFIRMATION_OK"
19511,10405028740,10405028796,1,"IOTHUB_CLIENT_CONFIRMATION_OK"
19512,10405028940,10405028979,1,"IOTHUB_CLIENT_CONFIRMATION_OK"
19513,10405029140,10405029177,1,"IOTHUB_CLIENT_CONFIRMATION_OK"
19514,10405029340,10405029400,1,"IOTHUB_CLIENT_CONFIRMATION_OK"
19515,10405029540,10405029581,1,"IOTHUB_CLIENT_CONFIRMATION_OK"
19516,10405029741,10405029786,1,"IOTHUB_CLIENT_CONFIRMATION_OK"
19517,10405029941,10405029975,1,"IOTHUB_CLIENT_CONFIRMATION_OK"
19518,10405030141,10405030177,1,"IOTHUB_CLIENT_CONFIRMATION_OK"
19519,10405030341,10405030378,1,"IOTHUB_CLIENT_CONFIRMATION_OK"
19520,10405030541,10405030574,1,"IOTHUB_CLIENT_CONFIRMATION_OK"
19521,10405030741,10405030783,1,"IOTHUB_CLIENT_CONFIRMATION_OK"
19522,10405030942,10405030995,1,"IOTHUB_CLIENT_CONFIRMATION_OK"
19523,10405031142,10405031202,1,"IOTHUB_CLIENT_CONFIRMATION_OK"
19524,10405031342,10405031382,1,"IOTHUB_CLIENT_CONFIRMATION_OK"
19525,10405031542,10405031582,1,"IOTHUB_CLIENT_CONFIRMATION_OK"
19526,10405031742,10405031848,1,"IOTHUB_CLIENT_CONFIRMATION_OK"
19527,10405031942,10405032016,1,"IOTHUB_CLIENT_CONFIRMATION_OK"
19528,10405032142,10405032177,1,"IOTHUB_CLIENT_CONFIRMATION_OK"
19529,10405032343,10405032450,1,"IOTHUB_CLIENT_CONFIRMATION_OK"
19530,10405032543,10405032578,1,"IOTHUB_CLIENT_CONFIRMATION_OK"
19531,10405032743,10405032801,1,"IOTHUB_CLIENT_CONFIRMATION_OK"
19532,10405032943,10405033049,1,"IOTHUB_CLIENT_CONFIRMATION_OK"
19533,10405033143,10405033192,1,"IOTHUB_CLIENT_CONFIRMATION_OK"
19534,10405033343,10405033384,1,"IOTHUB_CLIENT_CONFIRMATION_OK"
19535,10405033543,10405033652,1,"IOTHUB_CLIENT_CONFIRMATION_OK"
19536,10405033744,10405033786,1,"IOTHUB_CLIENT_CONFIRMATION_OK"
19537,10405033944,10405033981,1,"IOTHUB_CLIENT_CONFIRMATION_OK"
19538,10405034144,10405034262,1,"IOTHUB_CLIENT_CONFIRMATION_OK"
19539,10405034344,10405034380,1,"IOTHUB_CLIENT_CONFIRMATION_OK"
19540,10405034544,10405034582,1,"IOTHUB_CLIENT_CONFIRMATION_OK"
19541,10405034744,10405034810,1,"IOTHUB_CLIENT_CONFIRMATION_OK"
19542,10405034945,10405034982,1,"IOTHUB_CLIENT_CONFIRMATION_OK"
19543,10405035145,10405035186,1,"IOTHUB_CLIENT_CONFIRMATION_OK"
19544,10405035345,10405035387,1,"IOTHUB_CLIENT_CONFIRMATION_OK"
19545,10405035545,10405035593,1,"IOTHUB_CLIENT_CONFIRMATION_OK"
19546,10405035745,10405035780,1,"IOTHUB_CLIENT_CONFIRMATION_OK"
19547,10405035945,10405035976,1,"IOTHUB_CLIENT_CONFIRMATION_OK"
19548,10405036146,10405036188,1,"IOTHUB_CLIENT_CONFIRMATION_OK"
19549,10405036346,10405036380,1,"IOTHUB_CLIENT_CONFIRMATION_OK"
19550,10405036546,10405036592,1,"IOTHUB_CLIENT_CONFIRMATION_OK"
19551,10405036746,10405036796,1,"IOTHUB_CLIENT_CONFIRMATION_OK"
19552,10405036946,10405036988,1,"IOTHUB_CLIENT_CONFIRMATION_OK"
19553,10405037146,10405037184,1,"IOTHUB_CLIENT_CONFIRMATION_OK"
19554,10405037347,10405037382,1,"IOTHUB_CLIENT_CONFIRMATION_OK"
19555,10405037547,10405037594,1,"IOTHUB_CLIENT_CONFIRMATION_OK"
19556,10405037747,10405037786,1,"IOTHUB_CLIENT_CONFIRMATION_OK"
19557,10405037947,10405038150,1,"IOTHUB_CLIENT_CONFIRMATION_OK"
19558,10405038147,10405038183,1,"IOTHUB_CLIENT_CONFIRMATION_OK"
19559,10405038347,10405038399,1,"IOTHUB_CLIENT_CONFIRMATION_OK"
19560,10405038547,10405038590,1,"IOTHUB_CLIENT_CONFIRMATION_OK"
19561,10405038748,10405038794,1,"IOTHUB_CLIENT_CONFIRMATION_OK"
19562,10405038948,10405038984,1,"IOTHUB_CLIENT_CONFIRMATION_OK"
19563,10405039148,10405039187,1,"IOTHUB_CLIENT_CONFIRMATION_OK"
19564,10405039348,10405039389,1,"IOTHUB_CLIENT_CONFIRMATION_OK"
19565,10405039548,10405039584,1,"IOTHUB_CLIENT_CONFIRMATION_OK"
19566,10405039748,10405039783,1,"IOTHUB_CLIENT_CONFIRMATION_OK"
19567,10405039949,10405039999,1,"IOTHUB_CLIENT_CONFIRMATION_OK"
19568,10405040149,10405040182,1,"IOTHUB_CLIENT_CONFIRMATION_OK"
19569,10405040349,10405040393,1,"IOTHUB_CLIENT_CONFIRMATION_OK"
19570,10405040549,10405040602,1,"IOTHUB_CLIENT_CONFIRMATION_OK"
19571,10405040749,10405040780,1,"IOTHUB_CLIENT_CONFIRMATION_OK"
19572,10405040949,10405040978,1,"IOTHUB_CLIENT_CONFIRMATION_OK"
19573,10405041149,10405041214,1,"IOTHUB_CLIENT_CONFIRMATION_OK"
19574,10405041350,10405041395,1,"IOTHUB_CLIENT_CONFIRMATION_OK"
19575,10405041550,10405041582,1,"IOTHUB_CLIENT_CONFIRMATION_OK"
19576,10405041750,10405041834,1,"IOTHUB_CLIENT_CONFIRMATION_OK"
19577,10405041950,10405041986,1,"IOTHUB_CLIENT_CONFIRMATION_OK"
19578,10405042150,10405042186,1,"IOTHUB_CLIENT_CONFIRMATION_OK"
19579,10405042350,10405042390,1,"IOTHUB_CLIENT_CONFIRMATION_OK"
19580,10405042551,10405042586,1,"IOTHUB_CLIENT_CONFIRMATION_OK"
19581,10405042751,10405042796,1,"IOTHUB_CLIENT_CONFIRMATION_OK"
19582,10405042951,10405042988,1,"IOTHUB_CLIENT_CONFIRMATION_OK"
19583,10405043151,10405043195,1,"IOTHUB_CLIENT_CONFIRMATION_OK"
19584,10405043351,10405043392,1,"IOTHUB_CLIENT_CONFIRMATION_OK"
19585,10405043551,10405043639,1,"IOTHUB_CLIENT_CONFIRMATION_OK"
19586,10405043752,10405043784,1,"IOTHUB_CLIENT_CONFIRMATION_OK"
19587,10405043952,10405043989,1,"IOTHUB_CLIENT_CONFIRMATION_OK"
19588,10405044152,10405044209,1,"IOTHUB_CLIENT_CONFIRMATION_OK"
19589,10405044352,10405044485,1,"IOTHUB_CLIENT_CONFIRMATION_OK"
19590,10405044552,10405044596,1,"IOTHUB_CLIENT_CONFIRMATION_OK"
19591,10405044752,10405044796,1,"IOTHUB_CLIENT_CONFIRMATION_OK"
19592,10405044953,10405045090,1,"IOTHUB_CLIENT_CONFIRMATION_OK"
19593,10405045153,10405045191,1,"IOTHUB_CLIENT_CONFIRMATION_OK"
19594,10405045353,10405045390,1,"IOTHUB_CLIENT_CONFIRMATION_OK"
19595,10405045553,10405045700,1,"IOTHUB_CLIENT_CONFIRMATION_OK"
19596,10405045753,10405045821,1,"IOTHUB_CLIENT_CONFIRMATION_OK"
19597,10405045953,10405045984,1,"IOTHUB_CLIENT_CONFIRMATION_OK"
19598,10405046153,10405046292,1,"IOTHUB_CLIENT_CONFIRMATION_OK"
19599,10405046354,10405046393,1,"IOTHUB_CLIENT_CONFIRMATION_OK"
19600,10405046554,10405046602,1,"IOTHUB_CLIENT_CONFIRMATION_OK"
19601,10405046754,10405046801,1,"IOTHUB_CLIENT_CONFIRMATION_OK"
19602,10405046954,10405046984,1,"IOTHUB_CLIENT_CONFIRMATION_OK"
19603,10405047154,10405047197,1,"IOTHUB_CLIENT_CONFIRMATION_OK"
19604,10405047354,10405047390,1,"IOTHUB_CLIENT_CONFIRMATION_OK"
19605,10405047555,10405047591,1,"IOTHUB_CLIENT_CONFIRMATION_OK"
19606,10405047755,10405047791,1,"IOTHUB_CLIENT_CONFIRMATION_OK"
19607,10405047955,10405047990,1,"IOTHUB_CLIENT_CONFIRMATION_OK"
19608,10405048155,10405048261,1,"IOTHUB_CLIENT_CONFIRMATION_OK"
19609,10405048355,10405048388,1,"IOTHUB_CLIENT_CONFIRMATION_OK"
19610,10405048555,10405048601,1,"IOTHUB_CLIENT_CONFIRMATION_OK"
19611,10405048756,10405048798,1,"IOTHUB_CLIENT_CONFIRMATION_OK"
19612,10405048956,10405048997,1,"IOTHUB_CLIENT_CONFIRMATION_OK"
19613,10405049156,10405049200,1,"IOTHUB_CLIENT_CONFIRMATION_OK"
19614,10405049356,10405049418,1,"IOTHUB_CLIENT_CONFIRMATION_OK"
19615,10405049556,10405049594,1,"IOTHUB_CLIENT_CONFIRMATION_OK"
19616,10405049756,10405049828,1,"IOTHUB_CLIENT_CONFIRMATION_OK"
19617,10405049957,10405050001,1,"IOTHUB_CLIENT_CONFIRMATION_OK"
19618,10405050157,10405050192,1,"IOTHUB_CLIENT_CONFIRMATION_OK"
19619,10405050357,10405050392,1,"IOTHUB_CLIENT_CONFIRMATION_OK"
19620,10405050557,10405050595,1,"IOTHUB_CLIENT_CONFIRMATION_OK"
19621,10405050757,10405050826,1,"IOTHUB_CLIENT_CONFIRMATION_OK"
19622,10405050957,10405050992,1,"IOTHUB_CLIENT_CONFIRMATION_OK"
19623,10405051157,10405051278,1,"IOTHUB_CLIENT_CONFIRMATION_OK"
19624,10405051358,10405051526,1,"IOTHUB_CLIENT_CONFIRMATION_OK"
19625,10405051558,10405051601,1,"IOTHUB_CLIENT_CONFIRMATION_OK"
19626,10405051758,10405051799,1,"IOTHUB_CLIENT_CONFIRMATION_OK"
19627,10405051958,10405051996,1,"IOTHUB_CLIENT_CONFIRMATION_OK"
19628,10405052158,10405052213,1,"IOTHUB_CLIENT_CONFIRMATION_OK"
19629,10405052359,10405052406,1,"IOTHUB_CLIENT_CONFIRMATION_OK"
19630,10405052559,10405052600,1,"IOTHUB_CLIENT_CONFIRMATION_OK"
19631,10405052759,10405052791,1,"IOTHUB_CLIENT_CONFIRMATION_OK"
19632,10405052959,10405052990,1,"IOTHUB_CLIENT_CONFIRMATION_OK"
19633,10405053159,10405053339,1,"IOTHUB_CLIENT_CONFIRMATION_OK"
19634,10405053359,10405053393,1,"IOTHUB_CLIENT_CONFIRMATION_OK"
19635,10405053560,10405053594,1,"IOTHUB_CLIENT_CONFIRMATION_OK"
19636,10405053760,10405053946,1,"IOTHUB_CLIENT_CONFIRMATION_OK"
19637,10405053960,10405054002,1,"IOTHUB_CLIENT_CONFIRMATION_OK"
19638,10405054160,10405054222,1,"IOTHUB_CLIENT_CONFIRMATION_OK"
19639,10405054360,10405054403,1,"IOTHUB_CLIENT_CONFIRMATION_OK"
19640,10405054560,10405054605,1,"IOTHUB_CLIENT_CONFIRMATION_OK"
19641,10405054761,10405054815,1,"IOTHUB_CLIENT_CONFIRMATION_OK"
19642,10405054961,10405055007,1,"IOTHUB_CLIENT_CONFIRMATION_OK"
19643,10405055161,10405055206,1,"IOTHUB_CLIENT_CONFIRMATION_OK"
19644,10405055361,10405055398,1,"IOTHUB_CLIENT_CONFIRMATION_OK"
19645,10405055561,10405055608,1,"IOTHUB_CLIENT_CONFIRMATION_OK"
19646,10405055761,10405055822,1,"IOTHUB_CLIENT_CONFIRMATION_OK"
19647,10405055962,10405056008,1,"IOTHUB_CLIENT_CONFIRMATION_OK"
19648,10405056162,10405056194,1,"IOTHUB_CLIENT_CONFIRMATION_OK"
19649,10405056362,10405056415,1,"IOTHUB_CLIENT_CONFIRMATION_OK"
19650,10405056562,10405056604,1,"IOTHUB_CLIENT_CONFIRMATION_OK"
19651,10405056762,10405056808,1,"IOTHUB_CLIENT_CONFIRMATION_OK"
19652,10405056962,10405057025,1,"IOTHUB_CLIENT_CONFIRMATION_OK"
19653,10405057162,10405057193,1,"IOTHUB_CLIENT_CONFIRMATION_OK"
19654,10405057363,10405057396,1,"IOTHUB_CLIENT_CONFIRMATION_OK"
19655,10405057563,10405057636,1,"IOTHUB_CLIENT_CONFIRMATION_OK"
19656,10405057763,10405057807,1,"IOTHUB_CLIENT_CONFIRMATION_OK"
19657,10405057963,10405058007,1,"IOTHUB_CLIENT_CONFIRMATION_OK"
19658,10405058163,10405058252,1,"IOTHUB_CLIENT_CONFIRMATION_OK"
19659,10405058363,10405058408,1,"IOTHUB_CLIENT_CONFIRMATION_OK"
19660,10405058564,10405058608,1,"IOTHUB_CLIENT_CONFIRMATION_OK"
19661,10405058764,10405058808,1,"IOTHUB_CLIENT_CONFIRMATION_OK"
19662,10405058964,10405059018,1,"IOTHUB_CLIENT_CONFIRMATION_OK"
19663,10405059164,10405059201,1,"IOTHUB_CLIENT_CONFIRMATION_OK"
19664,10405059364,10405059405,1,"IOTHUB_CLIENT_CONFIRMATION_OK"
19665,10405059564,10405059596,1,"IOTHUB_CLIENT_CONFIRMATION_OK"
19666,10405059765,10405059815,1,"IOTHUB_CLIENT_CONFIRMATION_OK"
19667,10405059965,10405060006,1,"IOTHUB_CLIENT_CONFIRMATION_OK"
19668,10405060165,10405060291,1,"IOTHUB_CLIENT_CONFIRMATION_OK"
19669,10405060365,10405060406,1,"IOTHUB_CLIENT_CONFIRMATION_OK"
19670,10405060565,10405060651,1,"IOTHUB_CLIENT_CONFIRMATION_OK"
19671,10405060765,10405060887,1,"IOTHUB_CLIENT_CONFIRMATION_OK"
19672,10405060965,10405061011,1,"IOTHUB_CLIENT_CONFIRMATION_OK"
19673,10405061166,10405061203,1,"IOTHUB_CLIENT_CONFIRMATION_OK"
19674,10405061366,10405061501,1,"IOTHUB_CLIENT_CONFIRMATION_OK"
19675,10405061566,10405061612,1,"IOTHUB_CLIENT_CONFIRMATION_OK"
19676,10405061766,10405061804,1,"IOTHUB_CLIENT_CONFIRMATION_OK"
19677,10405061966,10405062100,1,"IOTHUB_CLIENT_CONFIRMATION_OK"
19678,10405062166,10405062202,1,"IOTHUB_CLIENT_CONFIRMATION_OK"
19679,10405062367,10405062411,1,"IOTHUB_CLIENT_CONFIRMATION_OK"
19680,10405062567,10405062611,1,"IOTHUB_CLIENT_CONFIRMATION_OK"
19681,10405062767,10405062805,1,"IOTHUB_CLIENT_CONFIRMATION_OK"
19682,10405062967,10405063001,1,"IOTHUB_CLIENT_CONFIRMATION_OK"
19683,10405063167,10405063209,1,"IOTHUB_CLIENT_CONFIRMATION_OK"
19684,10405063367,10405063405,1,"IOTHUB_CLIENT_CONFIRMATION_OK"
19685,10405063568,10405063602,1,"IOTHUB_CLIENT_CONFIRMATION_OK"
19686,10405063768,10405063893,1,"IOTHUB_CLIENT_CONFIRMATION_OK"
19687,10405063968,10405064015,1,"IOTHUB_CLIENT_CONFIRMATION_OK"
19688,10405064168,10405064200,1,"IOTHUB_CLIENT_CONFIRMATION_OK"
19689,10405064368,10405064398,1,"IOTHUB_CLIENT_CONFIRMATION_OK"
19690,10405064568,10405064601,1,"IOTHUB_CLIENT_CONFIRMATION_OK"
19691,10405064768,10405064805,1,"IOTHUB_CLIENT_CONFIRMATION_OK"
19692,10405064969,10405064998,1,"IOTHUB_CLIENT_CONFIRMATION_OK"
19693,10405065169,10405065200,1,"IOTHUB_CLIENT_CONFIRMATION_OK"
19694,10405065369,10405065404,1,"IOTHUB_CLIENT_CONFIRMATION_OK"
19695,10405065569,10405065604,1,"IOTHUB_CLIENT_CONFIRMATION_OK"
19696,10405065769,10405065972,1,"IOTHUB_CLIENT_CONFIRMATION_OK"
19697,10405065969,10405066000,1,"IOTHUB_CLIENT_CONFIRMATION_OK"
19698,10405066170,10405066209,1,"IOTHUB_CLIENT_CONFIRMATION_OK"
19699,10405066370,10405066406,1,"IOTHUB_CLIENT_CONFIRMATION_OK"
19700,10405066570,10405066672,1,"IOTHUB_CLIENT_CONFIRMATION_OK"
19701,10405066770,10405066818,1,"IOTHUB_CLIENT_CONFIRMATION_OK"
19702,10405066970,10405067013,1,"IOTHUB_CLIENT_CONFIRMATION_OK"
19703,10405067170,10405067202,1,"IOTHUB_CLIENT_CONFIRMATION_OK"
19704,10405067370,10405067415,1,"IOTHUB_CLIENT_CONFIRMATION_OK"
19705,10405067571,10405067603,1,"IOTHUB_CLIENT_CONFIRMATION_OK"
19706,10405067771,10405067807,1,"IOTHUB_CLIENT_CONFIRMATION_OK"
19707,10405067971,10405068005,1,"IOTHUB_CLIENT_CONFIRMATION_OK"
19708,10405068171,10405068203,1,"IOTHUB_CLIENT_CONFIRMATION_OK"
19709,10405068371,10405068435,1,"IOTHUB_CLIENT_CONFIRMATION_OK"
19710,10405068571,10405068603,1,"IOTHUB_CLIENT_CONFIRMATION_OK"
19711,10405068772,10405068822,1,"IOTHUB_CLIENT_CONFIRMATION_OK"
19712,10405068972,10405069037,1,"IOTHUB_CLIENT_CONFIRMATION_OK"
19713,10405069172,10405069207,1,"IOTHUB_CLIENT_CONFIRMATION_OK"
19714,10405069372,10405069403,1,"IOTHUB_CLIENT_CONFIRMATION_OK"
19715,10405069572,10405069638,1,"IOTHUB_CLIENT_CONFIRMATION_OK"
19716,10405069772,10405069805,1,"IOTHUB_CLIENT_CONFIRMATION_OK"
19717,10405069973,10405070018,1,"IOTHUB_CLIENT_CONFIRMATION_OK"
19718,10405070173,10405070247,1,"IOTHUB_CLIENT_CONFIRMATION_OK"
19719,10405070373,10405070409,1,"IOTHUB_CLIENT_CONFIRMATION_OK"
19720,10405070573,10405070621,1,"IOTHUB_CLIENT_CONFIRMATION_OK"
19721,10405070773,10405070804,1,"IOTHUB_CLIENT_CONFIRMATION_OK"
19722,10405070973,10405071014,1,"IOTHUB_CLIENT_CONFIRMATION_OK"
19723,10405071174,10405071212,1,"IOTHUB_CLIENT_CONFIRMATION_OK"
19724,10405071374,10405071418,1,"IOTHUB_CLIENT_CONFIRMATION_OK"
19725,10405071574,10405071609,1,"IOTHUB_CLIENT_CONFIRMATION_OK"
19726,10405071774,10405071822,1,"IOTHUB_CLIENT_CONFIRMATION_OK"
19727,10405071974,10405072005,1,"IOTHUB_CLIENT_CONFIRMATION_OK"
19728,10405072174,10405072208,1,"IOTHUB_CLIENT_CONFIRMATION_OK"
19729,10405072374,10405072438,1,"IOTHUB_CLIENT_CONFIRMATION_OK"
19730,10405072575,10405072619,1,"IOTHUB_CLIENT_CONFIRMATION_OK"
19731,10405072775,10405072940,1,"IOTHUB_CLIENT_CONFIRMATION_OK"
19732,10405072975,10405073013,1,"IOTHUB_CLIENT_CONFIRMATION_OK"
19733,10405073175,10405073226,1,"IOTHUB_CLIENT_CONFIRMATION_OK"
19734,10405073375,10405073538,1,"IOTHUB_CLIENT_CONFIRMATION_OK"
19735,10405073575,10405073617,1,"IOTHUB_CLIENT_CONFIRMATION_OK"
19736,10405073776,10405073816,1,"IOTHUB_CLIENT_CONFIRMATION_OK"
19737,10405073976,10405074145,1,"IOTHUB_CLIENT_CONFIRMATION_OK"
19738,10405074176,10405074229,1,"IOTHUB_CLIENT_CONFIRMATION_OK"
19739,10405074376,10405074434,1,"IOTHUB_CLIENT_CONFIRMATION_OK"
19740,10405074576,10405074609,1,"IOTHUB_CLIENT_CONFIRMATION_OK"
19741,10405074776,10405074833,1,"IOTHUB_CLIENT_CONFIRMATION_OK"
19742,10405074976,10405075011,1,"IOTHUB_CLIENT_CONFIRMATION_OK"
19743,10405075177,10405075212,1,"IOTHUB_CLIENT_CONFIRMATION_OK"
19744,10405075377,10405075410,1,"IOTHUB_CLIENT_CONFIRMATION_OK"
19745,10405075577,10405075614,1,"IOTHUB_CLIENT_CONFIRMATION_OK"
19746,10405075777,10405075808,1,"IOTHUB_CLIENT_CONFIRMATION_OK"
19747,10405075977,10405076009,1,"IOTHUB_CLIENT_CONFIRMATION_OK"
19748,10405076177,10405076271,1,"IOTHUB_CLIENT_CONFIRMATION_OK"
19749,10405076378,10405076416,1,"IOTHUB_CLIENT_CONFIRMATION_OK"
19750,10405076578,10405076623,1,"IOTHUB_CLIENT_CONFIRMATION_OK"
19751,10405076778,10405076811,1,"IOTHUB_CLIENT_CONFIRMATION_OK"
19752,10405076978,10405077040,1,"IOTHUB_CLIENT_CONFIRMATION_OK"
19753,10405077178,10405077226,1,"IOTHUB_CLIENT_CONFIRMATION_OK"
19754,10405077378,10405077412,1,"IOTHUB_CLIENT_CONFIRMATION_OK"
19755,10405077578,10405077615,1,"IOTHUB_CLIENT_CONFIRMATION_OK"
19756,10405077779,10405077824,1,"IOTHUB_CLIENT_CONFIRMATION_OK"
19757,10405077979,10405078015,1,"IOTHUB_CLIENT_CONFIRMATION_OK"
19758,10405078179,10405078270,1,"IOTHUB_CLIENT_CONFIRMATION_OK"
19759,10405078379,10405078417,1,"IOTHUB_CLIENT_CONFIRMATION_OK"
19760,10405078579,10405078627,1,"IOTHUB_CLIENT_CONFIRMATION_OK"
19761,10405078779,10405078817,1,"IOTHUB_CLIENT_CONFIRMATION_OK"
19762,10405078980,10405079022,1,"IOTHUB_CLIENT_CONFIRMATION_OK"
19763,10405079180,10405079223,1,"IOTHUB_CLIENT_CONFIRMATION_OK"
19764,10405079380,10405079446,1,"IOTHUB_CLIENT_CONFIRMATION_OK"
19765,10405079580,10405079620,1,"IOTHUB_CLIENT_CONFIRMATION_OK"
19766,10405079780,10405079875,1,"IOTHUB_CLIENT_CONFIRMATION_OK"
19767,10405079980,10405080012,1,"IOTHUB_CLIENT_CONFIRMATION_OK"
19768,10405080180,10405080215,1,"IOTHUB_CLIENT_CONFIRMATION_OK"
19769,10405080381,10405080487,1,"IOTHUB_CLIENT_CONFIRMATION_OK"
19770,10405080581,10405080615,1,"IOTHUB_CLIENT_CONFIRMATION_OK"
19771,10405080781,10405080842,1,"IOTHUB_CLIENT_CONFIRMATION_OK"
19772,10405080981,10405081109,1,"IOTHUB_CLIENT_CONFIRMATION_OK"
19773,10405081181,10405081218,1,"IOTHUB_CLIENT_CONFIRMATION_OK"
19774,10405081381,10405081416,1,"IOTHUB_CLIENT_CONFIRMATION_OK"
19775,10405081582,10405081729,1,"IOTHUB_CLIENT_CONFIRMATION_OK"
19776,10405081782,10405081848,1,"IOTHUB_CLIENT_CONFIRMATION_OK"
19777,10405081982,10405082014,1,"IOTHUB_CLIENT_CONFIRMATION_OK"
19778,10405082182,10405082215,1,"IOTHUB_CLIENT_CONFIRMATION_OK"
19779,10405082382,10405082480,1,"IOTHUB_CLIENT_CONFIRMATION_OK"
19780,10405082582,10405082619,1,"IOTHUB_CLIENT_CONFIRMATION_OK"
19781,10405082783,10405082827,1,"IOTHUB_CLIENT_CONFIRMATION_OK"
19782,10405082983,10405083021,1,"IOTHUB_CLIENT_CONFIRMATION_OK"
19783,10405083183,10405083224,1,"IOTHUB_CLIENT_CONFIRMATION_OK"
19784,10405083383,10405083436,1,"IOTHUB_CLIENT_CONFIRMATION_OK"
19785,10405083583,10405083646,1,"IOTHUB_CLIENT_CONFIRMATION_OK"
19786,10405083783,10405083815,1,"IOTHUB_CLIENT_CONFIRMATION_OK"
19787,10405083984,10405084014,1,"IOTHUB_CLIENT_CONFIRMATION_OK"
19788,10405084184,10405084237,1,"IOTHUB_CLIENT_CONFIRMATION_OK"
19789,10405084384,10405084448,1,"IOTHUB_CLIENT_CONFIRMATION_OK"
19790,10405084584,10405084630,1,"IOTHUB_CLIENT_CONFIRMATION_OK"
19791,10405084784,10405084839,1,"IOTHUB_CLIENT_CONFIRMATION_OK"
19792,10405084984,10405085019,1,"IOTHUB_CLIENT_CONFIRMATION_OK"
19793,10405085184,10405085252,1,"IOTHUB_CLIENT_CONFIRMATION_OK"
19794,10405085385,10405085450,1,"IOTHUB_CLIENT_CONFIRMATION_OK"
19795,10405085585,10405085624,1,"IOTHUB_CLIENT_CONFIRMATION_OK"
19796,10405085785,10405085825,1,"IOTHUB_CLIENT_CONFIRMATION_OK"
19797,10405085985,10405086077,1,"IOTHUB_CLIENT_CONFIRMATION_OK"
19798,10405086185,10405086223,1,"IOTHUB_CLIENT_CONFIRMATION_OK"
19799,10405086386,10405086416,1,"IOTHUB_CLIENT_CONFIRMATION_OK"
19800,10405086586,10405086625,1,"IOTHUB_CLIENT_CONFIRMATION_OK"
19801,10405086786,10405086821,1,"IOTHUB_CLIENT_CONFIRMATION_OK"
19802,10405086986,10405087020,1,"IOTHUB_CLIENT_CONFIRMATION_OK"
19803,10405087186,10405087227,1,"IOTHUB_CLIENT_CONFIRMATION_OK"
19804,10405087386,10405087439,1,"IOTHUB_CLIENT_CONFIRMATION_OK"
19805,10405087586,10405087623,1,"IOTHUB_CLIENT_CONFIRMATION_OK"
19806,10405087787,10405087821,1,"IOTHUB_CLIENT_CONFIRMATION_OK"
19807,10405087987,10405088088,1,"IOTHUB_CLIENT_CONFIRMATION_OK"
19808,10405088187,10405088223,1,"IOTHUB_CLIENT_CONFIRMATION_OK"
19809,10405088387,10405088420,1,"IOTHUB_CLIENT_CONFIRMATION_OK"
19810,10405088587,10405088760,1,"IOTHUB_CLIENT_CONFIRMATION_OK"
19811,10405088787,10405088829,1,"IOTHUB_CLIENT_CONFIRMATION_OK"
19812,10405088987,10405089019,1,"IOTHUB_CLIENT_CONFIRMATION_OK"
19813,10405089188,10405089357,1,"IOTHUB_CLIENT_CONFIRMATION_OK"
19814,10405089388,10405089419,1,"IOTHUB_CLIENT_CONFIRMATION_OK"
19815,10405089588,10405089620,1,"IOTHUB_CLIENT_CONFIRMATION_OK"
19816,10405089788,10405089971,1,"IOTHUB_CLIENT_CONFIRMATION_OK"
19817,10405089988,10405090047,1,"IOTHUB_CLIENT_CONFIRMATION_OK"
19818,10405090188,10405090223,1,"IOTHUB_CLIENT_CONFIRMATION_OK"
19819,10405090389,10405090446,1,"IOTHUB_CLIENT_CONFIRMATION_OK"
19820,10405090589,10405090620,1,"IOTHUB_CLIENT_CONFIRMATION_OK"
19821,10405090789,10405090819,1,"IOTHUB_CLIENT_CONFIRMATION_OK"
19822,10405090989,10405091057,1,"IOTHUB_CLIENT_CONFIRMATION_OK"
19823,10405091189,10405091299,1,"IOTHUB_CLIENT_CONFIRMATION_OK"
19824,10405091389,10405091427,1,"IOTHUB_CLIENT_CONFIRMATION_OK"
19825,10405091590,10405091627,1,"IOTHUB_CLIENT_CONFIRMATION_OK"
19826,10405091790,10405091830,1,"IOTHUB_CLIENT_CONFIRMATION_OK"
19827,10405091990,10405092028,1,"IOTHUB_CLIENT_CONFIRMATION_OK"
19828,10405092190,10405092229,1,"IOTHUB_CLIENT_CONFIRMATION_OK"
19829,10405092390,10405092435,1,"IOTHUB_CLIENT_CONFIRMATION_OK"
19830,10405092590,10405092623,1,"IOTHUB_CLIENT_CONFIRMATION_OK"
19831,10405092791,10405092873,1,"IOTHUB_CLIENT_CONFIRMATION_OK"
19832,10405092991,10405093039,1,"IOTHUB_CLIENT_CONFIRMATION_OK"
19833,10405093191,10405093246,1,"IOTHUB_CLIENT_CONFIRMATION_OK"
19834,10405093391,10405093424,1,"IOTHUB_CLIENT_CONFIRMATION_OK"
19835,10405093591,10405093627,1,"IOTHUB_CLIENT_CONFIRMATION_OK"
19836,10405093791,10405093830,1,"IOTHUB_CLIENT_CONFIRMATION_OK"
19837,10405093991,10405094026,1,"IOTHUB_CLIENT_CONFIRMATION_OK"
19838,10405094192,10405094225,1,"IOTHUB_CLIENT_CONFIRMATION_OK"
19839,10405094392,10405094437,1,"IOTHUB_CLIENT_CONFIRMATION_OK"
19840,10405094592,10405094625,1,"IOTHUB_CLIENT_CONFIRMATION_OK"
19841,10405094792,10405094823,1,"IOTHUB_CLIENT_CONFIRMATION_OK"
19842,10405094992,10405095049,1,"IOTHUB_CLIENT_CONFIRMATION_OK"
19843,10405095192,10405095224,1,"IOTHUB_CLIENT_CONFIRMATION_OK"
19844,10405095392,10405095433,1,"IOTHUB_CLIENT_CONFIRMATION_OK"
19845,10405095593,10405095669,1,"IOTHUB_CLIENT_CONFIRMATION_OK"
19846,10405095793,10405095823,1,"IOTHUB_CLIENT_CONFIRMATION_OK"
19847,10405095993,10405096031,1,"IOTHUB_CLIENT_CONFIRMATION_OK"
19848,10405096193,10405096299,1,"IOTHUB_CLIENT_CONFIRMATION_OK"
19849,10405096393,10405096431,1,"IOTHUB_CLIENT_CONFIRMATION_OK"
19850,10405096593,10405096628,1,"IOTHUB_CLIENT_CONFIRMATION_OK"
19851,10405096794,10405096940,1,"IOTHUB_CLIENT_CONFIRMATION_OK"
19852,10405096994,10405097028,1,"IOTHUB_CLIENT_CONFIRMATION_OK"
19853,10405097194,10405097227,1,"IOTHUB_CLIENT_CONFIRMATION_OK"
19854,10405097394,10405097481,1,"IOTHUB_CLIENT_CONFIRMATION_OK"
19855,10405097594,10405097645,1,"IOTHUB_CLIENT_CONFIRMATION_OK"
19856,10405097794,10405097831,1,"IOTHUB_CLIENT_CONFIRMATION_OK"
19857,10405097995,10405098087,1,"IOTHUB_CLIENT_CONFIRMATION_OK"
19858,10405098195,10405098226,1,"IOTHUB_CLIENT_CONFIRMATION_OK"
19859,10405098395,10405098432,1,"IOTHUB_CLIENT_CONFIRMATION_OK"
19860,10405098595,10405098637,1,"IOTHUB_CLIENT_CONFIRMATION_OK"
19861,10405098795,10405098826,1,"IOTHUB_CLIENT_CONFIRMATION_OK"
19862,10405098995,10405099031,1,"IOTHUB_CLIENT_CONFIRMATION_OK"
19863,10405099195,10405099234,1,"IOTHUB_CLIENT_CONFIRMATION_OK"
19864,10405099396,10405099427,1,"IOTHUB_CLIENT_CONFIRMATION_OK"
19865,10405099596,10405099640,1,"IOTHUB_CLIENT_CONFIRMATION_OK"
19866,10405099796,10405099923,1,"IOTHUB_CLIENT_CONFIRMATION_OK"
19867,10405099996,10405100132,1,"IOTHUB_CLIENT_CONFIRMATION_OK"
19868,10405100196,10405100232,1,"IOTHUB_CLIENT_CONFIRMATION_OK"
19869,10405100396,10405100427,1,"IOTHUB_CLIENT_CONFIRMATION_OK"
19870,10405100597,10405100729,1,"IOTHUB_CLIENT_CONFIRMATION_OK"
19871,10405100797,10405100830,1,"IOTHUB_CLIENT_CONFIRMATION_OK"
19872,10405100997,10405101026,1,"IOTHUB_CLIENT_CONFIRMATION_OK"
19873,10405101197,10405101345,1,"IOTHUB_CLIENT_CONFIRMATION_OK"
19874,10405101397,10405101455,1,"IOTHUB_CLIENT_CONFIRMATION_OK"
19875,10405101597,10405101630,1,"IOTHUB_CLIENT_CONFIRMATION_OK"
19876,10405101797,10405102034,1,"IOTHUB_CLIENT_CONFIRMATION_OK"
19877,10405101998,10405102065,1,"IOTHUB_CLIENT_CONFIRMATION_OK"
19878,10405102198,10405102238,1,"IOTHUB_CLIENT_CONFIRMATION_OK"
19879,10405102398,10405102457,1,"IOTHUB_CLIENT_CONFIRMATION_OK"
19880,10405102598,10405102632,1,"IOTHUB_CLIENT_CONFIRMATION_OK"
19881,10405102798,10405102834,1,"IOTHUB_CLIENT_CONFIRMATION_OK"
19882,10405102998,10405103057,1,"IOTHUB_CLIENT_CONFIRMATION_OK"
19883,10405103199,10405103239,1,"IOTHUB_CLIENT_CONFIRMATION_OK"
19884,10405103399,10405103448,1,"IOTHUB_CLIENT_CONFIRMATION_OK"
19885,10405103599,10405103629,1,"IOTHUB_CLIENT_CONFIRMATION_OK"
19886,10405103799,10405103839,1,"IOTHUB_CLIENT_CONFIRMATION_OK"
19887,10405103999,10405104033,1,"IOTHUB_CLIENT_CONFIRMATION_OK"
19888,10405104199,10405104239,1,"IOTHUB_CLIENT_CONFIRMATION_OK"
19889,10405104400,10405104469,1,"IOTHUB_CLIENT_CONFIRMATION_OK"
19890,10405104600,10405104644,1,"IOTHUB_CLIENT_CONFIRMATION_OK"
19891,10405104800,10405104835,1,"IOTHUB_CLIENT_CONFIRMATION_OK"
19892,10405105000,10405105062,1,"IOTHUB_CLIENT_CONFIRMATION_OK"
19893,10405105200,10405105239,1,"IOTHUB_CLIENT_CONFIRMATION_OK"
19894,10405105400,10405105495,1,"IOTHUB_CLIENT_CONFIRMATION_OK"
19895,10405105600,10405105757,1,"IOTHUB_CLIENT_CONFIRMATION_OK"
19896,10405105801,10405105856,1,"IOTHUB_CLIENT_CONFIRMATION_OK"
19897,10405106001,10405106036,1,"IOTHUB_CLIENT_CONFIRMATION_OK"
19898,10405106201,10405106239,1,"IOTHUB_CLIENT_CONFIRMATION_OK"
19899,10405106401,10405106433,1,"IOTHUB_CLIENT_CONFIRMATION_OK"
19900,10405106601,10405106657,1,"IOTHUB_CLIENT_CONFIRMATION_OK"
19901,10405106801,10405106833,1,"IOTHUB_CLIENT_CONFIRMATION_OK"
19902,10405107002,10405107060,1,"IOTHUB_CLIENT_CONFIRMATION_OK"
19903,10405107202,10405107260,1,"IOTHUB_CLIENT_CONFIRMATION_OK"
19904,10405107402,10405107437,1,"IOTHUB_CLIENT_CONFIRMATION_OK"
19905,10405107602,10405107647,1,"IOTHUB_CLIENT_CONFIRMATION_OK"
19906,10405107802,10405107848,1,"IOTHUB_CLIENT_CONFIRMATION_OK"
19907,10405108002,10405108037,1,"IOTHUB_CLIENT_CONFIRMATION_OK"
19908,10405108203,10405108239,1,"IOTHUB_CLIENT_CONFIRMATION_OK"
19909,10405108403,10405108440,1,"IOTHUB_CLIENT_CONFIRMATION_OK"
19910,10405108603,10405108638,1,"IOTHUB_CLIENT_CONFIRMATION_OK"
19911,10405108803,10405108907,1,"IOTHUB_CLIENT_CONFIRMATION_OK"
19912,10405109003,10405109042,1,"IOTHUB_CLIENT_CONFIRMATION_OK"
19913,10405109203,10405109247,1,"IOTHUB_CLIENT_CONFIRMATION_OK"
19914,10405109403,10405109520,1,"IOTHUB_CLIENT_CONFIRMATION_OK"
19915,10405109604,10405109647,1,"IOTHUB_CLIENT_CONFIRMATION_OK"
19916,10405109804,10405109849,1,"IOTHUB_CLIENT_CONFIRMATION_OK"
19917,10405110004,10405110123,1,"IOTHUB_CLIENT_CONFIRMATION_OK"
19918,10405110204,10405110273,1,"IOTHUB_CLIENT_CONFIRMATION_OK"
19919,10405110404,10405110443,1,"IOTHUB_CLIENT_CONFIRMATION_OK"
19920,10405110604,10405110636,1,"IOTHUB_CLIENT_CONFIRMATION_OK"
19921,10405110805,10405110836,1,"IOTHUB_CLIENT_CONFIRMATION_OK"
19922,10405111005,10405111068,1,"IOTHUB_CLIENT_CONFIRMATION_OK"
19923,10405111205,10405111236,1,"IOTHUB_CLIENT_CONFIRMATION_OK"
19924,10405111405,10405111455,1,"IOTHUB_CLIENT_CONFIRMATION_OK"
19925,10405111605,10405111644,1,"IOTHUB_CLIENT_CONFIRMATION_OK"
19926,10405111805,10405111878,1,"IOTHUB_CLIENT_CONFIRMATION_OK"
19927,10405112006,10405112046,1,"IOTHUB_CLIENT_CONFIRMATION_OK"
19928,10405112206,10405112248,1,"IOTHUB_CLIENT_CONFIRMATION_OK"
19929,10405112406,10405112443,1,"IOTHUB_CLIENT_CONFIRMATION_OK"
19930,10405112606,10405112642,1,"IOTHUB_CLIENT_CONFIRMATION_OK"
19931,10405112806,10405112842,1,"IOTHUB_CLIENT_CONFIRMATION_OK"
19932,10405113006,10405113044,1,"IOTHUB_CLIENT_CONFIRMATION_OK"
19933,10405113206,10405113376,1,"IOTHUB_CLIENT_CONFIRMATION_OK"
19934,10405113407,10405113440,1,"IOTHUB_CLIENT_CONFIRMATION_OK"
19935,10405113607,10405113648,1,"IOTHUB_CLIENT_CONFIRMATION_OK"
19936,10405113807,10405113989,1,"IOTHUB_CLIENT_CONFIRMATION_OK"
19937,10405114007,10405114041,1,"IOTHUB_CLIENT_CONFIRMATION_OK"
19938,10405114207,10405114256,1,"IOTHUB_CLIENT_CONFIRMATION_OK"
19939,10405114407,10405114451,1,"IOTHUB_CLIENT_CONFIRMATION_OK"
19940,10405114608,10405114655,1,"IOTHUB_CLIENT_CONFIRMATION_OK"
19941,10405114808,10405114847,1,"IOTHUB_CLIENT_CONFIRMATION_OK"
19942,10405115008,10405115059,1,"IOTHUB_CLIENT_CONFIRMATION_OK"
19943,10405115208,10405115253,1,"IOTHUB_CLIENT_CONFIRMATION_OK"
19944,10405115408,10405115444,1,"IOTHUB_CLIENT_CONFIRMATION_OK"
19945,10405115608,10405115643,1,"IOTHUB_CLIENT_CONFIRMATION_OK"
19946,10405115808,10405115932,1,"IOTHUB_CLIENT_CONFIRMATION_OK"
19947,10405116009,10405116057,1,"IOTHUB_CLIENT_CONFIRMATION_OK"
19948,10405116209,10405116242,1,"IOTHUB_CLIENT_CONFIRMATION_OK"
19949,10405116409,10405116444,1,"IOTHUB_CLIENT_CONFIRMATION_OK"
19950,10405116609,10405116663,1,"IOTHUB_CLIENT_CONFIRMATION_OK"
19951,10405116809,10405116845,1,"IOTHUB_CLIENT_CONFIRMATION_OK"
19952,10405117009,10405117066,1,"IOTHUB_CLIENT_CONFIRMATION_OK"
19953,10405117209,10405117251,1,"IOTHUB_CLIENT_CONFIRMATION_OK"
19954,10405117410,10405117445,1,"IOTHUB_CLIENT_CONFIRMATION_OK"
19955,10405117610,10405117656,1,"IOTHUB_CLIENT_CONFIRMATION_OK"
19956,10405117810,10405117850,1,"IOTHUB_CLIENT_CONFIRMATION_OK"
19957,10405118010,10405118054,1,"IOTHUB_CLIENT_CONFIRMATION_OK"
19958,10405118210,10405118245,1,"IOTHUB_CLIENT_CONFIRMATION_OK"
19959,10405118410,10405118447,1,"IOTHUB_CLIENT_CONFIRMATION_OK"
19960,10405118611,10405118642,1,"IOTHUB_CLIENT_CONFIRMATION_OK"
19961,10405118811,10405118843,1,"IOTHUB_CLIENT_CONFIRMATION_OK"
19962,10405119011,10405119072,1,"IOTHUB_CLIENT_CONFIRMATION_OK"
19963,10405119211,10405119243,1,"IOTHUB_CLIENT_CONFIRMATION_OK"
19964,10405119411,10405119446,1,"IOTHUB_CLIENT_CONFIRMATION_OK"
19965,10405119611,10405119689,1,"IOTHUB_CLIENT_CONFIRMATION_OK"
19966,10405119812,10405119869,1,"IOTHUB_CLIENT_CONFIRMATION_OK"
19967,10405120012,10405120045,1,"IOTHUB_CLIENT_CONFIRMATION_OK"
19968,10405120212,10405120327,1,"IOTHUB_CLIENT_CONFIRMATION_OK"
19969,10405120412,10405120455,1,"IOTHUB_CLIENT_CONFIRMATION_OK"
19970,10405120612,10405120650,1,"IOTHUB_CLIENT_CONFIRMATION_OK"
19971,10405120812,10405120931,1,"IOTHUB_CLIENT_CONFIRMATION_OK"
19972,10405121012,10405121069,1,"IOTHUB_CLIENT_CONFIRMATION_OK"
19973,10405121213,10405121243,1,"IOTHUB_CLIENT_CONFIRMATION_OK"
19974,10405121413,10405121561,1,"IOTHUB_CLIENT_CONFIRMATION_OK"
19975,10405121613,10405121646,1,"IOTHUB_CLIENT_CONFIRMATION_OK"
19976,10405121813,10405121859,1,"IOTHUB_CLIENT_CONFIRMATION_OK"
19977,10405122013,10405122142,1,"IOTHUB_CLIENT_CONFIRMATION_OK"
19978,10405122213,10405122266,1,"IOTHUB_CLIENT_CONFIRMATION_OK"
19979,10405122414,10405122447,1,"IOTHUB_CLIENT_CONFIRMATION_OK"
19980,10405122614,10405122650,1,"IOTHUB_CLIENT_CONFIRMATION_OK"
19981,10405122814,10405122853,1,"IOTHUB_CLIENT_CONFIRMATION_OK"
19982,10405123014,10405123053,1,"IOTHUB_CLIENT_CONFIRMATION_OK"
19983,10405123214,10405123253,1,"IOTHUB_CLIENT_CONFIRMATION_OK"
19984,10405123414,10405123455,1,"IOTHUB_CLIENT_CONFIRMATION_OK"
19985,10405123614,10405123652,1,"IOTHUB_CLIENT_CONFIRMATION_OK"
19986,10405123815,10405123852,1,"IOTHUB_CLIENT_CONFIRMATION_OK"
19987,10405124015,10405124047,1,"IOTHUB_CLIENT_CONFIRMATION_OK"
19988,10405124215,10405124252,1,"IOTHUB_CLIENT_CONFIRMATION_OK"
19989,10405124415,10405124452,1,"IOTHUB_CLIENT_CONFIRMATION_OK"
19990,10405124615,10405124656,1,"IOTHUB_CLIENT_CONFIRMATION_OK"
19991,10405124815,10405124869,1,"IOTHUB_CLIENT_CONFIRMATION_OK"
19992,10405125016,10405125051,1,"IOTHUB_CLIENT_CONFIRMATION_OK"
19993,10405125216,10405125299,1,"IOTHUB_CLIENT_CONFIRMATION_OK"
19994,10405125416,10405125451,1,"IOTHUB_CLIENT_CONFIRMATION_OK"
19995,10405125616,10405125646,1,"IOTHUB_CLIENT_CONFIRMATION_OK"
19996,10405125816,10405125877,1,"IOTHUB_CLIENT_CONFIRMATION_OK"
19997,10405126016,10405126085,1,"IOTHUB_CLIENT_CONFIRMATION_OK"
19998,10405126217,10405126253,1,"IOTHUB_CLIENT_CONFIRMATION_OK"
19999,10405126417,10405126472,1,"IOTHUB_CLIENT_CONFIRMATION_OK"
20000,10405126617,10405126647,1,"IOTHUB_CLIENT_CONFIRMATION_OK"
20001,10405126817,10405126862,1,"IOTHUB_CLIENT_CONFIRMATION_OK"
20002,10405127017,10405127057,1,"IOTHUB_CLIENT_CONFIRMATION_OK"
20003,10405127217,10405127256,1,"IOTHUB_CLIENT_CONFIRMATION_OK"
20004,10405127418,10405127475,1,"IOTHUB_CLIENT_CONFIRMATION_OK"
20005,10405127618,10405127667,1,"IOTHUB_CLIENT_CONFIRMATION_OK"
20006,10405127818,10405127905,1,"IOTHUB_CLIENT_CONFIRMATION_OK"
20007,10405128018,10405128059,1,"IOTHUB_CLIENT_CONFIRMATION_OK"
20008,10405128218,10405128257,1,"IOTHUB_CLIENT_CONFIRMATION_OK"
20009,10405128418,10405128533,1,"IOTHUB_CLIENT_CONFIRMATION_OK"
20010,10405128619,10405128663,1,"IOTHUB_CLIENT_CONFIRMATION_OK"
20011,10405128819,10405128862,1,"IOTHUB_CLIENT_CONFIRMATION_OK"
20012,10405129019,10405129146,1,"IOTHUB_CLIENT_CONFIRMATION_OK"
20013,10405129219,10405129342,1,"IOTHUB_CLIENT_CONFIRMATION_OK"
20014,10405129419,10405129464,1,"IOTHUB_CLIENT_CONFIRMATION_OK"
20015,10405129619,10405129752,1,"IOTHUB_CLIENT_CONFIRMATION_OK"
20016,10405129819,10405129856,1,"IOTHUB_CLIENT_CONFIRMATION_OK"
20017,10405130020,10405130070,1,"IOTHUB_CLIENT_CONFIRMATION_OK"
20018,10405130220,10405130254,1,"IOTHUB_CLIENT_CONFIRMATION_OK"
20019,10405130420,10405130454,1,"IOTHUB_CLIENT_CONFIRMATION_OK"
20020,10405130620,10405130661,1,"IOTHUB_CLIENT_CONFIRMATION_OK"
20021,10405130820,10405130852,1,"IOTHUB_CLIENT_CONFIRMATION_OK"
20022,10405131020,10405131058,1,"IOTHUB_CLIENT_CONFIRMATION_OK"
20023,10405131221,10405131269,1,"IOTHUB_CLIENT_CONFIRMATION_OK"
20024,10405131421,10405131467,1,"IOTHUB_CLIENT_CONFIRMATION_OK"
20025,10405131621,10405131655,1,"IOTHUB_CLIENT_CONFIRMATION_OK"
20026,10405131821,10405131861,1,"IOTHUB_CLIENT_CONFIRMATION_OK"
20027,10405132021,10405132055,1,"IOTHUB_CLIENT_CONFIRMATION_OK"
20028,10405132221,10405132261,1,"IOTHUB_CLIENT_CONFIRMATION_OK"
20029,10405132421,10405132497,1,"IOTHUB_CLIENT_CONFIRMATION_OK"
20030,10405132622,10405132663,1,"IOTHUB_CLIENT_CONFIRMATION_OK"
20031,10405132822,10405132860,1,"IOTHUB_CLIENT_CONFIRMATION_OK"
20032,10405133022,10405133066,1,"IOTHUB_CLIENT_CONFIRMATION_OK"
20033,10405133222,10405133261,1,"IOTHUB_CLIENT_CONFIRMATION_OK"
20034,10405133422,10405133484,1,"IOTHUB_CLIENT_CONFIRMATION_OK"
20035,10405133622,10405133674,1,"IOTHUB_CLIENT_CONFIRMATION_OK"
20036,10405133823,10405133872,1,"IOTHUB_CLIENT_CONFIRMATION_OK"
20037,10405134023,10405134059,1,"IOTHUB_CLIENT_CONFIRMATION_OK"
20038,10405134223,10405134257,1,"IOTHUB_CLIENT_CONFIRMATION_OK"
20039,10405134423,10405134824,1,"IOTHUB_CLIENT_CONFIRMATION_OK"
20040,10405134623,10405135160,1,"IOTHUB_CLIENT_CONFIRMATION_OK"
20041,10405134823,10405135231,1,"IOTHUB_CLIENT_CONFIRMATION_OK"
20042,10405135024,10405135278,1,"IOTHUB_CLIENT_CONFIRMATION_OK"
20043,10405135224,10405135348,1,"IOTHUB_CLIENT_CONFIRMATION_OK"
20044,10405135424,10405135502,1,"IOTHUB_CLIENT_CONFIRMATION_OK"
20045,10405135624,10405135665,1,"IOTHUB_CLIENT_CONFIRMATION_OK"
20046,10405135824,10405135861,1,"IOTHUB_CLIENT_CONFIRMATION_OK"
20047,10405136024,10405136168,1,"IOTHUB_CLIENT_CONFIRMATION_OK"
20048,10405136224,10405136267,1,"IOTHUB_CLIENT_CONFIRMATION_OK"
20049,10405136425,10405136464,1,"IOTHUB_CLIENT_CONFIRMATION_OK"
20050,10405136625,10405136655,1,"IOTHUB_CLIENT_CONFIRMATION_OK"
20051,10405136825,10405136856,1,"IOTHUB_CLIENT_CONFIRMATION_OK"
20052,10405137025,10405137086,1,"IOTHUB_CLIENT_CONFIRMATION_OK"
20053,10405137225,10405137392,1,"IOTHUB_CLIENT_CONFIRMATION_OK"
20054,10405137425,10405137489,1,"IOTHUB_CLIENT_CONFIRMATION_OK"
20055,10405137626,10405137671,1,"IOTHUB_CLIENT_CONFIRMATION_OK"
20056,10405137826,10405138014,1,"IOTHUB_CLIENT_CONFIRMATION_OK"
20057,10405138026,10405138120,1,"IOTHUB_CLIENT_CONFIRMATION_OK"
20058,10405138226,10405138260,1,"IOTHUB_CLIENT_CONFIRMATION_OK"
20059,10405138426,10405138464,1,"IOTHUB_CLIENT_CONFIRMATION_OK"
20060,10405138626,10405138659,1,"IOTHUB_CLIENT_CONFIRMATION_OK"
20061,10405138826,10405138875,1,"IOTHUB_CLIENT_CONFIRMATION_OK"
20062,10405139027,10405139079,1,"IOTHUB_CLIENT_CONFIRMATION_OK"
20063,10405139227,10405139284,1,"IOTHUB_CLIENT_CONFIRMATION_OK"
20064,10405139427,10405139577,1,"IOTHUB_CLIENT_CONFIRMATION_OK"
20065,10405139627,10405139660,1,"IOTHUB_CLIENT_CONFIRMATION_OK"
20066,10405139827,10405139866,1,"IOTHUB_CLIENT_CONFIRMATION_OK"
20067,10405140027,10405140064,1,"IOTHUB_CLIENT_CONFIRMATION_OK"
20068,10405140228,10405140264,1,"IOTHUB_CLIENT_CONFIRMATION_OK"
20069,10405140428,10405140473,1,"IOTHUB_CLIENT_CONFIRMATION_OK"
20070,10405140628,10405140663,1,"IOTHUB_CLIENT_CONFIRMATION_OK"
20071,10405140828,10405140885,1,"IOTHUB_CLIENT_CONFIRMATION_OK"
20072,10405141028,10405141092,1,"IOTHUB_CLIENT_CONFIRMATION_OK"
20073,10405141228,10405141263,1,"IOTHUB_CLIENT_CONFIRMATION_OK"
20074,10405141428,10405141464,1,"IOTHUB_CLIENT_CONFIRMATION_OK"
20075,10405141629,10405141713,1,"IOTHUB_CLIENT_CONFIRMATION_OK"
20076,10405141829,10405141875,1,"IOTHUB_CLIENT_CONFIRMATION_OK"
20077,10405142029,10405142068,1,"IOTHUB_CLIENT_CONFIRMATION_OK"
20078,10405142229,10405142289,1,"IOTHUB_CLIENT_CONFIRMATION_OK"
20079,10405142429,10405142526,1,"IOTHUB_CLIENT_CONFIRMATION_OK"
20080,10405142629,10405142672,1,"IOTHUB_CLIENT_CONFIRMATION_OK"
20081,10405142830,10405142868,1,"IOTHUB_CLIENT_CONFIRMATION_OK"
20082,10405143030,10405143065,1,"IOTHUB_CLIENT_CONFIRMATION_OK"
20083,10405143230,10405143273,1,"IOTHUB_CLIENT_CONFIRMATION_OK"
20084,10405143430,10405143464,1,"IOTHUB_CLIENT_CONFIRMATION_OK"
20085,10405143630,10405143674,1,"IOTHUB_CLIENT_CONFIRMATION_OK"
20086,10405143830,10405143872,1,"IOTHUB_CLIENT_CONFIRMATION_OK"
20087,10405144031,10405144069,1,"IOTHUB_CLIENT_CONFIRMATION_OK"
20088,10405144231,10405144274,1,"IOTHUB_CLIENT_CONFIRMATION_OK"
20089,10405144431,10405144467,1,"IOTHUB_CLIENT_CONFIRMATION_OK"
20090,10405144631,10405144667,1,"IOTHUB_CLIENT_CONFIRMATION_OK"
20091,10405144831,10405145000,1,"IOTHUB_CLIENT_CONFIRMATION_OK"
20092,10405145031,10405145066,1,"IOTHUB_CLIENT_CONFIRMATION_OK"
20093,10405145231,10405145262,1,"IOTHUB_CLIENT_CONFIRMATION_OK"
20094,10405145432,10405145600,1,"IOTHUB_CLIENT_CONFIRMATION_OK"
20095,10405145632,10405145669,1,"IOTHUB_CLIENT_CONFIRMATION_OK"
20096,10405145832,10405145878,1,"IOTHUB_CLIENT_CONFIRMATION_OK"
20097,10405146032,10405146551,1,"IOTHUB_CLIENT_CONFIRMATION_OK"
20098,10405146232,10405146611,1,"IOTHUB_CLIENT_CONFIRMATION_OK"
20099,10405146432,10405146674,1,"IOTHUB_CLIENT_CONFIRMATION_OK"
20100,10405146633,10405146704,1,"IOTHUB_CLIENT_CONFIRMATION_OK"
20101,10405146833,10405146864,1,"IOTHUB_CLIENT_CONFIRMATION_OK"
20102,10405147033,10405147070,1,"IOTHUB_CLIENT_CONFIRMATION_OK"
20103,10405147233,10405147264,1,"IOTHUB_CLIENT_CONFIRMATION_OK"
20104,10405147433,10405147477,1,"IOTHUB_CLIENT_CONFIRMATION_OK"
20105,10405147633,10405147676,1,"IOTHUB_CLIENT_CONFIRMATION_OK"
20106,10405147833,10405147900,1,"IOTHUB_CLIENT_CONFIRMATION_OK"
20107,10405148034,10405148079,1,"IOTHUB_CLIENT_CONFIRMATION_OK"
20108,10405148234,10405148286,1,"IOTHUB_CLIENT_CONFIRMATION_OK"
20109,10405148434,10405148482,1,"IOTHUB_CLIENT_CONFIRMATION_OK"
20110,10405148634,10405148675,1,"IOTHUB_CLIENT_CONFIRMATION_OK"
20111,10405148834,10405148878,1,"IOTHUB_CLIENT_CONFIRMATION_OK"
20112,10405149035,10405149082,1,"IOTHUB_CLIENT_CONFIRMATION_OK"
20113,10405149235,10405149281,1,"IOTHUB_CLIENT_CONFIRMATION_OK"
20114,10405149435,10405149477,1,"IOTHUB_CLIENT_CONFIRMATION_OK"
20115,10405149635,10405149671,1,"IOTHUB_CLIENT_CONFIRMATION_OK"
20116,10405149835,10405149888,1,"IOTHUB_CLIENT_CONFIRMATION_OK"
20117,10405150035,10405150080,1,"IOTHUB_CLIENT_CONFIRMATION_OK"
20118,10405150236,10405150277,1,"IOTHUB_CLIENT_CONFIRMATION_OK"
20119,10405150436,10405150472,1,"IOTHUB_CLIENT_CONFIRMATION_OK"
20120,10405150636,10405150676,1,"IOTHUB_CLIENT_CONFIRMATION_OK"
20121,10405150836,10405150880,1,"IOTHUB_CLIENT_CONFIRMATION_OK"
20122,10405151036,10405151068,1,"IOTHUB_CLIENT_CONFIRMATION_OK"
20123,10405151236,10405151299,1,"IOTHUB_CLIENT_CONFIRMATION_OK"
20124,10405151436,10405151470,1,"IOTHUB_CLIENT_CONFIRMATION_OK"
20125,10405151637,10405151674,1,"IOTHUB_CLIENT_CONFIRMATION_OK"
20126,10405151837,10405151922,1,"IOTHUB_CLIENT_CONFIRMATION_OK"
20127,10405152037,10405152106,1,"IOTHUB_CLIENT_CONFIRMATION_OK"
20128,10405152237,10405152277,1,"IOTHUB_CLIENT_CONFIRMATION_OK"
20129,10405152437,10405152596,1,"IOTHUB_CLIENT_CONFIRMATION_OK"
20130,10405152637,10405152671,1,"IOTHUB_CLIENT_CONFIRMATION_OK"
20131,10405152838,10405152913,1,"IOTHUB_CLIENT_CONFIRMATION_OK"
20132,10405153038,10405153148,1,"IOTHUB_CLIENT_CONFIRMATION_OK"
20133,10405153238,10405153286,1,"IOTHUB_CLIENT_CONFIRMATION_OK"
20134,10405153438,10405153477,1,"IOTHUB_CLIENT_CONFIRMATION_OK"
20135,10405153638,10405153771,1,"IOTHUB_CLIENT_CONFIRMATION_OK"
20136,10405153838,10405153901,1,"IOTHUB_CLIENT_CONFIRMATION_OK"
20137,10405154038,10405154078,1,"IOTHUB_CLIENT_CONFIRMATION_OK"
20138,10405154239,10405154278,1,"IOTHUB_CLIENT_CONFIRMATION_OK"
20139,10405154439,10405154475,1,"IOTHUB_CLIENT_CONFIRMATION_OK"
20140,10405154639,10405154683,1,"IOTHUB_CLIENT_CONFIRMATION_OK"
20141,10405154839,10405154876,1,"IOTHUB_CLIENT_CONFIRMATION_OK"
20142,10405155039,10405155077,1,"IOTHUB_CLIENT_CONFIRMATION_OK"
20143,10405155239,10405155274,1,"IOTHUB_CLIENT_CONFIRMATION_OK"
20144,10405155440,10405155476,1,"IOTHUB_CLIENT_CONFIRMATION_OK"
20145,10405155640,10405155683,1,"IOTHUB_CLIENT_CONFIRMATION_OK"
20146,10405155840,10405155874,1,"IOTHUB_CLIENT_CONFIRMATION_OK"
20147,10405156040,10405156079,1,"IOTHUB_CLIENT_CONFIRMATION_OK"
20148,10405156240,10405156278,1,"IOTHUB_CLIENT_CONFIRMATION_OK"
20149,10405156440,10405156477,1,"IOTHUB_CLIENT_CONFIRMATION_OK"
20150,10405156641,10405156677,1,"IOTHUB_CLIENT_CONFIRMATION_OK"
20151,10405156841,10405156875,1,"IOTHUB_CLIENT_CONFIRMATION_OK"
20152,10405157041,10405157081,1,"IOTHUB_CLIENT_CONFIRMATION_OK"
20153,10405157241,10405157277,1,"IOTHUB_CLIENT_CONFIRMATION_OK"
20154,10405157441,10405157478,1,"IOTHUB_CLIENT_CONFIRMATION_OK"
20155,10405157641,10405157675,1,"IOTHUB_CLIENT_CONFIRMATION_OK"
20156,10405157842,10405157886,1,"IOTHUB_CLIENT_CONFIRMATION_OK"
20157,10405158042,10405158076,1,"IOTHUB_CLIENT_CONFIRMATION_OK"
20158,10405158242,10405158285,1,"IOTHUB_CLIENT_CONFIRMATION_OK"
20159,10405158442,10405158473,1,"IOTHUB_CLIENT_CONFIRMATION_OK"
20160,10405158642,10405158695,1,"IOTHUB_CLIENT_CONFIRMATION_OK"
20161,10405158842,10405158885,1,"IOTHUB_CLIENT_CONFIRMATION_OK"
20162,10405159042,10405159081,1,"IOTHUB_CLIENT_CONFIRMATION_OK"
20163,10405159243,10405159283,1,"IOTHUB_CLIENT_CONFIRMATION_OK"
20164,10405159443,10405159499,1,"IOTHUB_CLIENT_CONFIRMATION_OK"
20165,10405159643,10405159689,1,"IOTHUB_CLIENT_CONFIRMATION_OK"
20166,10405159843,10405159881,1,"IOTHUB_CLIENT_CONFIRMATION_OK"
20167,10405160043,10405160075,1,"IOTHUB_CLIENT_CONFIRMATION_OK"
20168,10405160243,10405160326,1,"IOTHUB_CLIENT_CONFIRMATION_OK"
20169,10405160444,10405160483,1,"IOTHUB_CLIENT_CONFIRMATION_OK"
20170,10405160644,10405160789,1,"IOTHUB_CLIENT_CONFIRMATION_OK"
20171,10405160844,10405160884,1,"IOTHUB_CLIENT_CONFIRMATION_OK"
20172,10405161044,10405161095,1,"IOTHUB_CLIENT_CONFIRMATION_OK"
20173,10405161244,10405161420,1,"IOTHUB_CLIENT_CONFIRMATION_OK"
20174,10405161444,10405161483,1,"IOTHUB_CLIENT_CONFIRMATION_OK"
20175,10405161644,10405161688,1,"IOTHUB_CLIENT_CONFIRMATION_OK"
20176,10405161845,10405162022,1,"IOTHUB_CLIENT_CONFIRMATION_OK"
20177,10405162045,10405162084,1,"IOTHUB_CLIENT_CONFIRMATION_OK"
20178,10405162245,10405162287,1,"IOTHUB_CLIENT_CONFIRMATION_OK"
20179,10405162445,10405162481,1,"IOTHUB_CLIENT_CONFIRMATION_OK"
20180,10405162645,10405162685,1,"IOTHUB_CLIENT_CONFIRMATION_OK"
20181,10405162845,10405162884,1,"IOTHUB_CLIENT_CONFIRMATION_OK"
20182,10405163046,10405163087,1,"IOTHUB_CLIENT_CONFIRMATION_OK"
20183,10405163246,10405163294,1,"IOTHUB_CLIENT_CONFIRMATION_OK"
20184,10405163446,10405163486,1,"IOTHUB_CLIENT_CONFIRMATION_OK"
20185,10405163646,10405163690,1,"IOTHUB_CLIENT_CONFIRMATION_OK"
20186,10405163846,10405163888,1,"IOTHUB_CLIENT_CONFIRMATION_OK"
20187,10405164046,10405164084,1,"IOTHUB_CLIENT_CONFIRMATION_OK"
20188,10405164246,10405164282,1,"IOTHUB_CLIENT_CONFIRMATION_OK"
20189,10405164447,10405164503,1,"IOTHUB_CLIENT_CONFIRMATION_OK"
20190,10405164647,10405164683,1,"IOTHUB_CLIENT_CONFIRMATION_OK"
20191,10405164847,10405164895,1,"IOTHUB_CLIENT_CONFIRMATION_OK"
20192,10405165047,10405165103,1,"IOTHUB_CLIENT_CONFIRMATION_OK"
20193,10405165247,10405165290,1,"IOTHUB_CLIENT_CONFIRMATION_OK"
20194,10405165447,10405165478,1,"IOTHUB_CLIENT_CONFIRMATION_OK"
20195,10405165648,10405165709,1,"IOTHUB_CLIENT_CONFIRMATION_OK"
20196,10405165848,10405165923,1,"IOTHUB_CLIENT_CONFIRMATION_OK"
20197,10405166048,10405166083,1,"IOTHUB_CLIENT_CONFIRMATION_OK"
20198,10405166248,10405166280,1,"IOTHUB_CLIENT_CONFIRMATION_OK"
20199,10405166448,10405166483,1,"IOTHUB_CLIENT_CONFIRMATION_OK"
20200,10405166648,10405166687,1,"IOTHUB_CLIENT_CONFIRMATION_OK"
20201,10405166848,10405166879,1,"IOTHUB_CLIENT_CONFIRMATION_OK"
20202,10405167049,10405167087,1,"IOTHUB_CLIENT_CONFIRMATION_OK"
20203,10405167249,10405167283,1,"IOTHUB_CLIENT_CONFIRMATION_OK"
20204,10405167449,10405167494,1,"IOTHUB_CLIENT_CONFIRMATION_OK"
20205,10405167649,10405167751,1,"IOTHUB_CLIENT_CONFIRMATION_OK"
20206,10405167849,10405167905,1,"IOTHUB_CLIENT_CONFIRMATION_OK"
20207,10405168049,10405168086,1,"IOTHUB_CLIENT_CONFIRMATION_OK"
20208,10405168250,10405168354,1,"IOTHUB_CLIENT_CONFIRMATION_OK"
20209,10405168450,10405168486,1,"IOTHUB_CLIENT_CONFIRMATION_OK"
20210,10405168650,10405168690,1,"IOTHUB_CLIENT_CONFIRMATION_OK"
20211,10405168850,10405168956,1,"IOTHUB_CLIENT_CONFIRMATION_OK"
20212,10405169050,10405169087,1,"IOTHUB_CLIENT_CONFIRMATION_OK"
20213,10405169250,10405169307,1,"IOTHUB_CLIENT_CONFIRMATION_OK"
20214,10405169451,10405169572,1,"IOTHUB_CLIENT_CONFIRMATION_OK"
20215,10405169651,10405169686,1,"IOTHUB_CLIENT_CONFIRMATION_OK"
20216,10405169851,10405169894,1,"IOTHUB_CLIENT_CONFIRMATION_OK"
20217,10405170051,10405170246,1,"IOTHUB_CLIENT_CONFIRMATION_OK"
20218,10405170251,10405170288,1,"IOTHUB_CLIENT_CONFIRMATION_OK"
20219,10405170451,10405170482,1,"IOTHUB_CLIENT_CONFIRMATION_OK"
20220,10405170652,10405170684,1,"IOTHUB_CLIENT_CONFIRMATION_OK"
20221,10405170852,10405170896,1,"IOTHUB_CLIENT_CONFIRMATION_OK"
20222,10405171052,10405171084,1,"IOTHUB_CLIENT_CONFIRMATION_OK"
20223,10405171252,10405171297,1,"IOTHUB_CLIENT_CONFIRMATION_OK"
20224,10405171452,10405171508,1,"IOTHUB_CLIENT_CONFIRMATION_OK"
20225,10405171652,10405171707,1,"IOTHUB_CLIENT_CONFIRMATION_OK"
20226,10405171853,10405171898,1,"IOTHUB_CLIENT_CONFIRMATION_OK"
20227,10405172053,10405172093,1,"IOTHUB_CLIENT_CONFIRMATION_OK"
20228,10405172253,10405172291,1,"IOTHUB_CLIENT_CONFIRMATION_OK"
20229,10405172453,10405172490,1,"IOTHUB_CLIENT_CONFIRMATION_OK"
20230,10405172653,10405172690,1,"IOTHUB_CLIENT_CONFIRMATION_OK"
20231,10405172853,10405172905,1,"IOTHUB_CLIENT_CONFIRMATION_OK"
20232,10405173053,10405173084,1,"IOTHUB_CLIENT_CONFIRMATION_OK"
20233,10405173254,10405173307,1,"IOTHUB_CLIENT_CONFIRMATION_OK"
20234,10405173454,10405173489,1,"IOTHUB_CLIENT_CONFIRMATION_OK"
20235,10405173654,10405173698,1,"IOTHUB_CLIENT_CONFIRMATION_OK"
20236,10405173854,10405173910,1,"IOTHUB_CLIENT_CONFIRMATION_OK"
20237,10405174054,10405174089,1,"IOTHUB_CLIENT_CONFIRMATION_OK"
20238,10405174254,10405174295,1,"IOTHUB_CLIENT_CONFIRMATION_OK"
20239,10405174455,10405174507,1,"IOTHUB_CLIENT_CONFIRMATION_OK"
20240,10405174655,10405174696,1,"IOTHUB_CLIENT_CONFIRMATION_OK"
20241,10405174855,10405174903,1,"IOTHUB_CLIENT_CONFIRMATION_OK"
20242,10405175055,10405175095,1,"IOTHUB_CLIENT_CONFIRMATION_OK"
20243,10405175255,10405175293,1,"IOTHUB_CLIENT_CONFIRMATION_OK"
20244,10405175455,10405175492,1,"IOTHUB_CLIENT_CONFIRMATION_OK"
20245,10405175655,10405175693,1,"IOTHUB_CLIENT_CONFIRMATION_OK"
20246,10405175856,10405175963,1,"IOTHUB_CLIENT_CONFIRMATION_OK"
20247,10405176056,10405176084,1,"IOTHUB_CLIENT_CONFIRMATION_OK"
20248,10405176256,10405176290,1,"IOTHUB_CLIENT_CONFIRMATION_OK"
20249,10405176456,10405176551,1,"IOTHUB_CLIENT_CONFIRMATION_OK"
20250,10405176656,10405176690,1,"IOTHUB_CLIENT_CONFIRMATION_OK"
20251,10405176856,10405176894,1,"IOTHUB_CLIENT_CONFIRMATION_OK"
20252,10405177057,10405177155,1,"IOTHUB_CLIENT_CONFIRMATION_OK"
20253,10405177257,10405177298,1,"IOTHUB_CLIENT_CONFIRMATION_OK"
20254,10405177457,10405177495,1,"IOTHUB_CLIENT_CONFIRMATION_OK"
20255,10405177657,10405177784,1,"IOTHUB_CLIENT_CONFIRMATION_OK"
20256,10405177857,10405177909,1,"IOTHUB_CLIENT_CONFIRMATION_OK"
20257,10405178057,10405178096,1,"IOTHUB_CLIENT_CONFIRMATION_OK"
20258,10405178258,10405178291,1,"IOTHUB_CLIENT_CONFIRMATION_OK"
20259,10405178458,10405178504,1,"IOTHUB_CLIENT_CONFIRMATION_OK"
20260,10405178658,10405178693,1,"IOTHUB_CLIENT_CONFIRMATION_OK"
20261,10405178858,10405178891,1,"IOTHUB_CLIENT_CONFIRMATION_OK"
20262,10405179058,10405179115,1,"IOTHUB_CLIENT_CONFIRMATION_OK"
20263,10405179258,10405179292,1,"IOTHUB_CLIENT_CONFIRMATION_OK"
20264,10405179458,10405179507,1,"IOTHUB_CLIENT_CONFIRMATION_OK"
20265,10405179659,10405179693,1,"IOTHUB_CLIENT_CONFIRMATION_OK"
20266,10405179859,10405179891,1,"IOTHUB_CLIENT_CONFIRMATION_OK"
20267,10405180059,10405180094,1,"IOTHUB_CLIENT_CONFIRMATION_OK"
20268,10405180259,10405180318,1,"IOTHUB_CLIENT_CONFIRMATION_OK"
20269,10405180459,10405180497,1,"IOTHUB_CLIENT_CONFIRMATION_OK"
20270,10405180659,10405180703,1,"IOTHUB_CLIENT_CONFIRMATION_OK"
20271,10405180860,10405180904,1,"IOTHUB_CLIENT_CONFIRMATION_OK"
20272,10405181060,10405181106,1,"IOTHUB_CLIENT_CONFIRMATION_OK"
20273,10405181260,10405181321,1,"IOTHUB_CLIENT_CONFIRMATION_OK"
20274,10405181460,10405181497,1,"IOTHUB_CLIENT_CONFIRMATION_OK"
20275,10405181660,10405181698,1,"IOTHUB_CLIENT_CONFIRMATION_OK"
20276,10405181860,10405181913,1,"IOTHUB_CLIENT_CONFIRMATION_OK"
20277,10405182061,10405182113,1,"IOTHUB_CLIENT_CONFIRMATION_OK"
20278,10405182261,10405182293,1,"IOTHUB_CLIENT_CONFIRMATION_OK"
20279,10405182461,10405182491,1,"IOTHUB_CLIENT_CONFIRMATION_OK"
20280,10405182661,10405182705,1,"IOTHUB_CLIENT_CONFIRMATION_OK"
20281,10405182861,10405182921,1,"IOTHUB_CLIENT_CONFIRMATION_OK"
20282,10405183061,10405183105,1,"IOTHUB_CLIENT_CONFIRMATION_OK"
20283,10405183261,10405183300,1,"IOTHUB_CLIENT_CONFIRMATION_OK"
20284,10405183462,10405183540,1,"IOTHUB_CLIENT_CONFIRMATION_OK"
20285,10405183662,10405183702,1,"IOTHUB_CLIENT_CONFIRMATION_OK"
20286,10405183862,10405183908,1,"IOTHUB_CLIENT_CONFIRMATION_OK"
20287,10405184062,10405184175,1,"IOTHUB_CLIENT_CONFIRMATION_OK"
20288,10405184262,10405184298,1,"IOTHUB_CLIENT_CONFIRMATION_OK"
20289,10405184462,10405184501,1,"IOTHUB_CLIENT_CONFIRMATION_OK"
20290,10405184663,10405184772,1,"IOTHUB_CLIENT_CONFIRMATION_OK"
20291,10405184863,10405184905,1,"IOTHUB_CLIENT_CONFIRMATION_OK"
20292,10405185063,10405185098,1,"IOTHUB_CLIENT_CONFIRMATION_OK"
20293,10405185263,10405185384,1,"IOTHUB_CLIENT_CONFIRMATION_OK"
20294,10405185463,10405185499,1,"IOTHUB_CLIENT_CONFIRMATION_OK"
20295,10405185663,10405185702,1,"IOTHUB_CLIENT_CONFIRMATION_OK"
20296,10405185863,10405185988,1,"IOTHUB_CLIENT_CONFIRMATION_OK"
20297,10405186064,10405186107,1,"IOTHUB_CLIENT_CONFIRMATION_OK"
20298,10405186264,10405186308,1,"IOTHUB_CLIENT_CONFIRMATION_OK"
20299,10405186464,10405186497,1,"IOTHUB_CLIENT_CONFIRMATION_OK"
20300,10405186664,10405186702,1,"IOTHUB_CLIENT_CONFIRMATION_OK"
20301,10405186864,10405186912,1,"IOTHUB_CLIENT_CONFIRMATION_OK"
20302,10405187064,10405187102,1,"IOTHUB_CLIENT_CONFIRMATION_OK"
20303,10405187265,10405187299,1,"IOTHUB_CLIENT_CONFIRMATION_OK"
20304,10405187465,10405187566,1,"IOTHUB_CLIENT_CONFIRMATION_OK"
20305,10405187665,10405187705,1,"IOTHUB_CLIENT_CONFIRMATION_OK"
20306,10405187865,10405187896,1,"IOTHUB_CLIENT_CONFIRMATION_OK"
20307,10405188065,10405188170,1,"IOTHUB_CLIENT_CONFIRMATION_OK"
20308,10405188265,10405188298,1,"IOTHUB_CLIENT_CONFIRMATION_OK"
20309,10405188466,10405188501,1,"IOTHUB_CLIENT_CONFIRMATION_OK"
20310,10405188666,10405188699,1,"IOTHUB_CLIENT_CONFIRMATION_OK"
20311,10405188866,10405188904,1,"IOTHUB_CLIENT_CONFIRMATION_OK"
20312,10405189066,10405189124,1,"IOTHUB_CLIENT_CONFIRMATION_OK"
20313,10405189266,10405189308,1,"IOTHUB_CLIENT_CONFIRMATION_OK"
20314,10405189466,10405189499,1,"IOTHUB_CLIENT_CONFIRMATION_OK"
20315,10405189666,10405189852,1,"IOTHUB_CLIENT_CONFIRMATION_OK"
20316,10405189867,10405189920,1,"IOTHUB_CLIENT_CONFIRMATION_OK"
20317,10405190067,10405190104,1,"IOTHUB_CLIENT_CONFIRMATION_OK"
20318,10405190267,10405190301,1,"IOTHUB_CLIENT_CONFIRMATION_OK"
20319,10405190467,10405190506,1,"IOTHUB_CLIENT_CONFIRMATION_OK"
20320,10405190667,10405190699,1,"IOTHUB_CLIENT_CONFIRMATION_OK"
20321,10405190867,10405190905,1,"IOTHUB_CLIENT_CONFIRMATION_OK"
20322,10405191068,10405191106,1,"IOTHUB_CLIENT_CONFIRMATION_OK"
20323,10405191268,10405191303,1,"IOTHUB_CLIENT_CONFIRMATION_OK"
20324,10405191468,10405191506,1,"IOTHUB_CLIENT_CONFIRMATION_OK"
20325,10405191668,10405191706,1,"IOTHUB_CLIENT_CONFIRMATION_OK"
20326,10405191868,10405191900,1,"IOTHUB_CLIENT_CONFIRMATION_OK"
20327,10405192068,10405192123,1,"IOTHUB_CLIENT_CONFIRMATION_OK"
20328,10405192269,10405192318,1,"IOTHUB_CLIENT_CONFIRMATION_OK"
20329,10405192469,10405192512,1,"IOTHUB_CLIENT_CONFIRMATION_OK"
20330,10405192669,10405192707,1,"IOTHUB_CLIENT_CONFIRMATION_OK"
20331,10405192869,10405192934,1,"IOTHUB_CLIENT_CONFIRMATION_OK"
20332,10405193069,10405193137,1,"IOTHUB_CLIENT_CONFIRMATION_OK"
20333,10405193269,10405193334,1,"IOTHUB_CLIENT_CONFIRMATION_OK"
20334,10405193470,10405193556,1,"IOTHUB_CLIENT_CONFIRMATION_OK"
20335,10405193670,10405193725,1,"IOTHUB_CLIENT_CONFIRMATION_OK"
20336,10405193870,10405193943,1,"IOTHUB_CLIENT_CONFIRMATION_OK"
20337,10405194070,10405194149,1,"IOTHUB_CLIENT_CONFIRMATION_OK"
20338,10405194270,10405194309,1,"IOTHUB_CLIENT_CONFIRMATION_OK"
20339,10405194470,10405194537,1,"IOTHUB_CLIENT_CONFIRMATION_OK"
20340,10405194670,10405194707,1,"IOTHUB_CLIENT_CONFIRMATION_OK"
20341,10405194871,10405194913,1,"IOTHUB_CLIENT_CONFIRMATION_OK"
20342,10405195071,10405195110,1,"IOTHUB_CLIENT_CONFIRMATION_OK"
20343,10405195271,10405195320,1,"IOTHUB_CLIENT_CONFIRMATION_OK"
20344,10405195471,10405195506,1,"IOTHUB_CLIENT_CONFIRMATION_OK"
20345,10405195671,10405195703,1,"IOTHUB_CLIENT_CONFIRMATION_OK"
20346,10405195871,10405195913,1,"IOTHUB_CLIENT_CONFIRMATION_OK"
20347,10405196072,10405196109,1,"IOTHUB_CLIENT_CONFIRMATION_OK"
20348,10405196272,10405196313,1,"IOTHUB_CLIENT_CONFIRMATION_OK"
20349,10405196472,10405196507,1,"IOTHUB_CLIENT_CONFIRMATION_OK"
20350,10405196672,10405196713,1,"IOTHUB_CLIENT_CONFIRMATION_OK"
20351,10405196872,10405196905,1,"IOTHUB_CLIENT_CONFIRMATION_OK"
20352,10405197072,10405197106,1,"IOTHUB_CLIENT_CONFIRMATION_OK"
20353,10405197273,10405197307,1,"IOTHUB_CLIENT_CONFIRMATION_OK"
20354,10405197473,10405197520,1,"IOTHUB_CLIENT_CONFIRMATION_OK"
20355,10405197673,10405197709,1,"IOTHUB_CLIENT_CONFIRMATION_OK"
20356,10405197873,10405197916,1,"IOTHUB_CLIENT_CONFIRMATION_OK"
20357,10405198073,10405198108,1,"IOTHUB_CLIENT_CONFIRMATION_OK"
20358,10405198273,10405198311,1,"IOTHUB_CLIENT_CONFIRMATION_OK"
20359,10405198473,10405198511,1,"IOTHUB_CLIENT_CONFIRMATION_OK"
20360,10405198674,10405198737,1,"IOTHUB_CLIENT_CONFIRMATION_OK"
20361,10405198874,10405198911,1,"IOTHUB_CLIENT_CONFIRMATION_OK"
20362,10405199074,10405199113,1,"IOTHUB_CLIENT_CONFIRMATION_OK"
20363,10405199274,10405199309,1,"IOTHUB_CLIENT_CONFIRMATION_OK"
20364,10405199474,10405199512,1,"IOTHUB_CLIENT_CONFIRMATION_OK"
20365,10405199674,10405199757,1,"IOTHUB_CLIENT_CONFIRMATION_OK"
20366,10405199875,10405199990,1,"IOTHUB_CLIENT_CONFIRMATION_OK"
20367,10405200075,10405200112,1,"IOTHUB_CLIENT_CONFIRMATION_OK"
20368,10405200275,10405200309,1,"IOTHUB_CLIENT_CONFIRMATION_OK"
20369,10405200475,10405200578,1,"IOTHUB_CLIENT_CONFIRMATION_OK"
20370,10405200675,10405200770,1,"IOTHUB_CLIENT_CONFIRMATION_OK"
20371,10405200875,10405200909,1,"IOTHUB_CLIENT_CONFIRMATION_OK"
20372,10405201076,10405201203,1,"IOTHUB_CLIENT_CONFIRMATION_OK"
20373,10405201276,10405201309,1,"IOTHUB_CLIENT_CONFIRMATION_OK"
20374,10405201476,10405201506,1,"IOTHUB_CLIENT_CONFIRMATION_OK"
20375,10405201676,10405201826,1,"IOTHUB_CLIENT_CONFIRMATION_OK"
20376,10405201876,10405201914,1,"IOTHUB_CLIENT_CONFIRMATION_OK"
20377,10405202076,10405202112,1,"IOTHUB_CLIENT_CONFIRMATION_OK"
20378,10405202276,10405202317,1,"IOTHUB_CLIENT_CONFIRMATION_OK"
20379,10405202477,10405202517,1,"IOTHUB_CLIENT_CONFIRMATION_OK"
20380,10405202677,10405202734,1,"IOTHUB_CLIENT_CONFIRMATION_OK"
20381,10405202877,10405202918,1,"IOTHUB_CLIENT_CONFIRMATION_OK"
20382,10405203077,10405203125,1,"IOTHUB_CLIENT_CONFIRMATION_OK"
20383,10405203277,10405203312,1,"IOTHUB_CLIENT_CONFIRMATION_OK"
20384,10405203477,10405203516,1,"IOTHUB_CLIENT_CONFIRMATION_OK"
20385,10405203678,10405203722,1,"IOTHUB_CLIENT_CONFIRMATION_OK"
20386,10405203878,10405203948,1,"IOTHUB_CLIENT_CONFIRMATION_OK"
20387,10405204078,10405204119,1,"IOTHUB_CLIENT_CONFIRMATION_OK"
20388,10405204278,10405204334,1,"IOTHUB_CLIENT_CONFIRMATION_OK"
20389,10405204478,10405204513,1,"IOTHUB_CLIENT_CONFIRMATION_OK"
20390,10405204678,10405204785,1,"IOTHUB_CLIENT_CONFIRMATION_OK"
20391,10405204878,10405204941,1,"IOTHUB_CLIENT_CONFIRMATION_OK"
20392,10405205079,10405205113,1,"IOTHUB_CLIENT_CONFIRMATION_OK"
20393,10405205279,10405205312,1,"IOTHUB_CLIENT_CONFIRMATION_OK"
20394,10405205479,10405205522,1,"IOTHUB_CLIENT_CONFIRMATION_OK"
20395,10405205679,10405205717,1,"IOTHUB_CLIENT_CONFIRMATION_OK"
20396,10405205879,10405205944,1,"IOTHUB_CLIENT_CONFIRMATION_OK"
20397,10405206079,10405206223,1,"IOTHUB_CLIENT_CONFIRMATION_OK"
20398,10405206280,10405206317,1,"IOTHUB_CLIENT_CONFIRMATION_OK"
20399,10405206480,10405206519,1,"IOTHUB_CLIENT_CONFIRMATION_OK"
20400,10405206680,10405206711,1,"IOTHUB_CLIENT_CONFIRMATION_OK"
20401,10405206880,10405206927,1,"IOTHUB_CLIENT_CONFIRMATION_OK"
20402,10405207080,10405207121,1,"IOTHUB_CLIENT_CONFIRMATION_OK"
20403,10405207280,10405207317,1,"IOTHUB_CLIENT_CONFIRMATION_OK"
20404,10405207480,10405207516,1,"IOTHUB_CLIENT_CONFIRMATION_OK"
20405,10405207681,10405207731,1,"IOTHUB_CLIENT_CONFIRMATION_OK"
20406,10405207881,10405207918,1,"IOTHUB_CLIENT_CONFIRMATION_OK"
20407,10405208081,10405208119,1,"IOTHUB_CLIENT_CONFIRMATION_OK"
20408,10405208281,10405208317,1,"IOTHUB_CLIENT_CONFIRMATION_OK"
20409,10405208481,10405208516,1,"IOTHUB_CLIENT_CONFIRMATION_OK"
20410,10405208681,10405208768,1,"IOTHUB_CLIENT_CONFIRMATION_OK"
20411,10405208881,10405208913,1,"IOTHUB_CLIENT_CONFIRMATION_OK"
20412,10405209082,10405209116,1,"IOTHUB_CLIENT_CONFIRMATION_OK"
20413,10405209282,10405209318,1,"IOTHUB_CLIENT_CONFIRMATION_OK"
20414,10405209482,10405209527,1,"IOTHUB_CLIENT_CONFIRMATION_OK"
20415,10405209682,10405209729,1,"IOTHUB_CLIENT_CONFIRMATION_OK"
20416,10405209882,10405209920,1,"IOTHUB_CLIENT_CONFIRMATION_OK"
20417,10405210082,10405210124,1,"IOTHUB_CLIENT_CONFIRMATION_OK"
20418,10405210283,10405210347,1,"IOTHUB_CLIENT_CONFIRMATION_OK"
20419,10405210483,10405210525,1,"IOTHUB_CLIENT_CONFIRMATION_OK"
20420,10405210683,10405210729,1,"IOTHUB_CLIENT_CONFIRMATION_OK"
20421,10405210883,10405210920,1,"IOTHUB_CLIENT_CONFIRMATION_OK"
20422,10405211083,10405211133,1,"IOTHUB_CLIENT_CONFIRMATION_OK"
20423,10405211283,10405211316,1,"IOTHUB_CLIENT_CONFIRMATION_OK"
20424,10405211483,10405211523,1,"IOTHUB_CLIENT_CONFIRMATION_OK"
20425,10405211684,10405211721,1,"IOTHUB_CLIENT_CONFIRMATION_OK"
20426,10405211884,10405211987,1,"IOTHUB_CLIENT_CONFIRMATION_OK"
20427,10405212084,10405212116,1,"IOTHUB_CLIENT_CONFIRMATION_OK"
20428,10405212284,10405212342,1,"IOTHUB_CLIENT_CONFIRMATION_OK"
20429,10405212484,10405212642,1,"IOTHUB_CLIENT_CONFIRMATION_OK"
20430,10405212684,10405212730,1,"IOTHUB_CLIENT_CONFIRMATION_OK"
20431,10405212885,10405212922,1,"IOTHUB_CLIENT_CONFIRMATION_OK"
20432,10405213085,10405213238,1,"IOTHUB_CLIENT_CONFIRMATION_OK"
20433,10405213285,10405213330,1,"IOTHUB_CLIENT_CONFIRMATION_OK"
20434,10405213485,10405213527,1,"IOTHUB_CLIENT_CONFIRMATION_OK"
20435,10405213685,10405213856,1,"IOTHUB_CLIENT_CONFIRMATION_OK"
20436,10405213885,10405213941,1,"IOTHUB_CLIENT_CONFIRMATION_OK"
20437,10405214086,10405214126,1,"IOTHUB_CLIENT_CONFIRMATION_OK"
20438,10405214286,10405214318,1,"IOTHUB_CLIENT_CONFIRMATION_OK"
20439,10405214486,10405214540,1,"IOTHUB_CLIENT_CONFIRMATION_OK"
20440,10405214686,10405214732,1,"IOTHUB_CLIENT_CONFIRMATION_OK"
20441,10405214886,10405214923,1,"IOTHUB_CLIENT_CONFIRMATION_OK"
20442,10405215086,10405215128,1,"IOTHUB_CLIENT_CONFIRMATION_OK"
20443,10405215286,10405215329,1,"IOTHUB_CLIENT_CONFIRMATION_OK"
20444,10405215487,10405215522,1,"IOTHUB_CLIENT_CONFIRMATION_OK"
20445,10405215687,10405215734,1,"IOTHUB_CLIENT_CONFIRMATION_OK"
20446,10405215887,10405215918,1,"IOTHUB_CLIENT_CONFIRMATION_OK"
20447,10405216087,10405216120,1,"IOTHUB_CLIENT_CONFIRMATION_OK"
20448,10405216287,10405216329,1,"IOTHUB_CLIENT_CONFIRMATION_OK"
20449,10405216487,10405216533,1,"IOTHUB_CLIENT_CONFIRMATION_OK"
20450,10405216687,10405216717,1,"IOTHUB_CLIENT_CONFIRMATION_OK"
20451,10405216888,10405216943,1,"IOTHUB_CLIENT_CONFIRMATION_OK"
20452,10405217088,10405217123,1,"IOTHUB_CLIENT_CONFIRMATION_OK"
20453,10405217288,10405217332,1,"IOTHUB_CLIENT_CONFIRMATION_OK"
20454,10405217488,10405217581,1,"IOTHUB_CLIENT_CONFIRMATION_OK"
20455,10405217688,10405217742,1,"IOTHUB_CLIENT_CONFIRMATION_OK"
20456,10405217888,10405217929,1,"IOTHUB_CLIENT_CONFIRMATION_OK"
20457,10405218089,10405218181,1,"IOTHUB_CLIENT_CONFIRMATION_OK"
20458,10405218289,10405218361,1,"IOTHUB_CLIENT_CONFIRMATION_OK"
20459,10405218489,10405218531,1,"IOTHUB_CLIENT_CONFIRMATION_OK"
20460,10405218689,10405218850,1,"IOTHUB_CLIENT_CONFIRMATION_OK"
20461,10405218889,10405218927,1,"IOTHUB_CLIENT_CONFIRMATION_OK"
20462,10405219089,10405219130,1,"IOTHUB_CLIENT_CONFIRMATION_OK"
20463,10405219289,10405219338,1,"IOTHUB_CLIENT_CONFIRMATION_OK"
20464,10405219490,10405219546,1,"IOTHUB_CLIENT_CONFIRMATION_OK"
20465,10405219690,10405219736,1,"IOTHUB_CLIENT_CONFIRMATION_OK"
20466,10405219890,10405219956,1,"IOTHUB_CLIENT_CONFIRMATION_OK"
20467,10405220090,10405220140,1,"IOTHUB_CLIENT_CONFIRMATION_OK"
20468,10405220290,10405220322,1,"IOTHUB_CLIENT_CONFIRMATION_OK"
20469,10405220490,10405220523,1,"IOTHUB_CLIENT_CONFIRMATION_OK"
20470,10405220691,10405220764,1,"IOTHUB_CLIENT_CONFIRMATION_OK"
20471,10405220891,10405220945,1,"IOTHUB_CLIENT_CONFIRMATION_OK"
20472,10405221091,10405221124,1,"IOTHUB_CLIENT_CONFIRMATION_OK"
20473,10405221291,10405221383,1,"IOTHUB_CLIENT_CONFIRMATION_OK"
20474,10405221491,10405221531,1,"IOTHUB_CLIENT_CONFIRMATION_OK"
20475,10405221691,10405221727,1,"IOTHUB_CLIENT_CONFIRMATION_OK"
20476,10405221892,10405222022,1,"IOTHUB_CLIENT_CONFIRMATION_OK"
20477,10405222092,10405222122,1,"IOTHUB_CLIENT_CONFIRMATION_OK"
20478,10405222292,10405222327,1,"IOTHUB_CLIENT_CONFIRMATION_OK"
20479,10405222492,10405222543,1,"IOTHUB_CLIENT_CONFIRMATION_OK"
20480,10405222692,10405222757,1,"IOTHUB_CLIENT_CONFIRMATION_OK"
20481,10405222892,10405222930,1,"IOTHUB_CLIENT_CONFIRMATION_OK"
20482,10405223092,10405223136,1,"IOTHUB_CLIENT_CONFIRMATION_OK"
20483,10405223293,10405223373,1,"IOTHUB_CLIENT_CONFIRMATION_OK"
20484,10405223493,10405223530,1,"IOTHUB_CLIENT_CONFIRMATION_OK"
20485,10405223693,10405223742,1,"IOTHUB_CLIENT_CONFIRMATION_OK"
20486,10405223893,10405223932,1,"IOTHUB_CLIENT_CONFIRMATION_OK"
20487,10405224093,10405224131,1,"IOTHUB_CLIENT_CONFIRMATION_OK"
20488,10405224293,10405224329,1,"IOTHUB_CLIENT_CONFIRMATION_OK"
20489,10405224494,10405224533,1,"IOTHUB_CLIENT_CONFIRMATION_OK"
20490,10405224694,10405224731,1,"IOTHUB_CLIENT_CONFIRMATION_OK"
20491,10405224894,10405224988,1,"IOTHUB_CLIENT_CONFIRMATION_OK"
20492,10405225094,10405225199,1,"IOTHUB_CLIENT_CONFIRMATION_OK"
20493,10405225294,10405225337,1,"IOTHUB_CLIENT_CONFIRMATION_OK"
20494,10405225494,10405225530,1,"IOTHUB_CLIENT_CONFIRMATION_OK"
20495,10405225695,10405225791,1,"IOTHUB_CLIENT_CONFIRMATION_OK"
20496,10405225895,10405225928,1,"IOTHUB_CLIENT_CONFIRMATION_OK"
20497,10405226095,10405226135,1,"IOTHUB_CLIENT_CONFIRMATION_OK"
20498,10405226295,10405226333,1,"IOTHUB_CLIENT_CONFIRMATION_OK"
20499,10405226495,10405226531,1,"IOTHUB_CLIENT_CONFIRMATION_OK"
20500,10405226695,10405226735,1,"IOTHUB_CLIENT_CONFIRMATION_OK"
20501,10405226896,10405226936,1,"IOTHUB_CLIENT_CONFIRMATION_OK"
20502,10405227096,10405227136,1,"IOTHUB_CLIENT_CONFIRMATION_OK"
20503,10405227296,10405227334,1,"IOTHUB_CLIENT_CONFIRMATION_OK"
20504,10405227496,10405227528,1,"IOTHUB_CLIENT_CONFIRMATION_OK"
20505,10405227696,10405227734,1,"IOTHUB_CLIENT_CONFIRMATION_OK"
20506,10405227896,10405227988,1,"IOTHUB_CLIENT_CONFIRMATION_OK"
20507,10405228097,10405228147,1,"IOTHUB_CLIENT_CONFIRMATION_OK"
20508,10405228297,10405228333,1,"IOTHUB_CLIENT_CONFIRMATION_OK"
20509,10405228497,10405228531,1,"IOTHUB_CLIENT_CONFIRMATION_OK"
20510,10405228697,10405228747,1,"IOTHUB_CLIENT_CONFIRMATION_OK"
20511,10405228897,10405229045,1,"IOTHUB_CLIENT_CONFIRMATION_OK"
20512,10405229097,10405229129,1,"IOTHUB_CLIENT_CONFIRMATION_OK"
20513,10405229297,10405229344,1,"IOTHUB_CLIENT_CONFIRMATION_OK"
20514,10405229498,10405229675,1,"IOTHUB_CLIENT_CONFIRMATION_OK"
20515,10405229698,10405229741,1,"IOTHUB_CLIENT_CONFIRMATION_OK"
20516,10405229898,10405229934,1,"IOTHUB_CLIENT_CONFIRMATION_OK"
20517,10405230098,10405230261,1,"IOTHUB_CLIENT_CONFIRMATION_OK"
20518,10405230298,10405230336,1,"IOTHUB_CLIENT_CONFIRMATION_OK"
20519,10405230498,10405230539,1,"IOTHUB_CLIENT_CONFIRMATION_OK"
20520,10405230699,10405230735,1,"IOTHUB_CLIENT_CONFIRMATION_OK"
20521,10405230899,10405230942,1,"IOTHUB_CLIENT_CONFIRMATION_OK"
20522,10405231099,10405231133,1,"IOTHUB_CLIENT_CONFIRMATION_OK"
20523,10405231299,10405231419,1,"IOTHUB_CLIENT_CONFIRMATION_OK"
20524,10405231499,10405231566,1,"IOTHUB_CLIENT_CONFIRMATION_OK"
20525,10405231699,10405231745,1,"IOTHUB_CLIENT_CONFIRMATION_OK"
20526,10405231900,10405231935,1,"IOTHUB_CLIENT_CONFIRMATION_OK"
20527,10405232100,10405232137,1,"IOTHUB_CLIENT_CONFIRMATION_OK"
20528,10405232300,10405232351,1,"IOTHUB_CLIENT_CONFIRMATION_OK"
20529,10405232500,10405232585,1,"IOTHUB_CLIENT_CONFIRMATION_OK"
20530,10405232700,10405232739,1,"IOTHUB_CLIENT_CONFIRMATION_OK"
20531,10405232900,10405232953,1,"IOTHUB_CLIENT_CONFIRMATION_OK"
20532,10405233100,10405233134,1,"IOTHUB_CLIENT_CONFIRMATION_OK"
20533,10405233301,10405233350,1,"IOTHUB_CLIENT_CONFIRMATION_OK"
20534,10405233501,10405233547,1,"IOTHUB_CLIENT_CONFIRMATION_OK"
20535,10405233701,10405233734,1,"IOTHUB_CLIENT_CONFIRMATION_OK"
20536,10405233901,10405233960,1,"IOTHUB_CLIENT_CONFIRMATION_OK"
20537,10405234101,10405234141,1,"IOTHUB_CLIENT_CONFIRMATION_OK"
20538,10405234301,10405234349,1,"IOTHUB_CLIENT_CONFIRMATION_OK"
20539,10405234501,10405234542,1,"IOTHUB_CLIENT_CONFIRMATION_OK"
20540,10405234702,10405234738,1,"IOTHUB_CLIENT_CONFIRMATION_OK"
20541,10405234902,10405234943,1,"IOTHUB_CLIENT_CONFIRMATION_OK"
20542,10405235102,10405235153,1,"IOTHUB_CLIENT_CONFIRMATION_OK"
20543,10405235302,10405235339,1,"IOTHUB_CLIENT_CONFIRMATION_OK"
20544,10405235502,10405235552,1,"IOTHUB_CLIENT_CONFIRMATION_OK"
20545,10405235702,10405235770,1,"IOTHUB_CLIENT_CONFIRMATION_OK"
20546,10405235903,10405235998,1,"IOTHUB_CLIENT_CONFIRMATION_OK"
20547,10405236103,10405236149,1,"IOTHUB_CLIENT_CONFIRMATION_OK"
20548,10405236303,10405236346,1,"IOTHUB_CLIENT_CONFIRMATION_OK"
20549,10405236503,10405236622,1,"IOTHUB_CLIENT_CONFIRMATION_OK"
20550,10405236703,10405236738,1,"IOTHUB_CLIENT_CONFIRMATION_OK"
20551,10405236903,10405236939,1,"IOTHUB_CLIENT_CONFIRMATION_OK"
20552,10405237104,10405237219,1,"IOTHUB_CLIENT_CONFIRMATION_OK"
20553,10405237304,10405237334,1,"IOTHUB_CLIENT_CONFIRMATION_OK"
20554,10405237504,10405237542,1,"IOTHUB_CLIENT_CONFIRMATION_OK"
20555,10405237704,10405237832,1,"IOTHUB_CLIENT_CONFIRMATION_OK"
20556,10405237904,10405237943,1,"IOTHUB_CLIENT_CONFIRMATION_OK"
20557,10405238104,10405238154,1,"IOTHUB_CLIENT_CONFIRMATION_OK"
20558,10405238304,10405238342,1,"IOTHUB_CLIENT_CONFIRMATION_OK"
20559,10405238505,10405238539,1,"IOTHUB_CLIENT_CONFIRMATION_OK"
20560,10405238705,10405238741,1,"IOTHUB_CLIENT_CONFIRMATION_OK"
20561,10405238905,10405238936,1,"IOTHUB_CLIENT_CONFIRMATION_OK"
20562,10405239105,10405239141,1,"IOTHUB_CLIENT_CONFIRMATION_OK"
20563,10405239305,10405239361,1,"IOTHUB_CLIENT_CONFIRMATION_OK"
20564,10405239505,10405239543,1,"IOTHUB_CLIENT_CONFIRMATION_OK"
20565,10405239706,10405239743,1,"IOTHUB_CLIENT_CONFIRMATION_OK"
20566,10405239906,10405239940,1,"IOTHUB_CLIENT_CONFIRMATION_OK"
20567,10405240106,10405240141,1,"IOTHUB_CLIENT_CONFIRMATION_OK"
20568,10405240306,10405240359,1,"IOTHUB_CLIENT_CONFIRMATION_OK"
20569,10405240506,10405240548,1,"IOTHUB_CLIENT_CONFIRMATION_OK"
20570,10405240706,10405240754,1,"IOTHUB_CLIENT_CONFIRMATION_OK"
20571,10405240907,10405241035,1,"IOTHUB_CLIENT_CONFIRMATION_OK"
20572,10405241107,10405241155,1,"IOTHUB_CLIENT_CONFIRMATION_OK"
20573,10405241307,10405241346,1,"IOTHUB_CLIENT_CONFIRMATION_OK"
20574,10405241507,10405241607,1,"IOTHUB_CLIENT_CONFIRMATION_OK"
20575,10405241707,10405241751,1,"IOTHUB_CLIENT_CONFIRMATION_OK"
20576,10405241907,10405241946,1,"IOTHUB_CLIENT_CONFIRMATION_OK"
20577,10405242108,10405242240,1,"IOTHUB_CLIENT_CONFIRMATION_OK"
20578,10405242308,10405242369,1,"IOTHUB_CLIENT_CONFIRMATION_OK"
20579,10405242508,10405242547,1,"IOTHUB_CLIENT_CONFIRMATION_OK"
20580,10405242708,10405242748,1,"IOTHUB_CLIENT_CONFIRMATION_OK"
20581,10405242908,10405242943,1,"IOTHUB_CLIENT_CONFIRMATION_OK"
20582,10405243108,10405243140,1,"IOTHUB_CLIENT_CONFIRMATION_OK"
20583,10405243308,10405243347,1,"IOTHUB_CLIENT_CONFIRMATION_OK"
20584,10405243509,10405243555,1,"IOTHUB_CLIENT_CONFIRMATION_OK"
20585,10405243709,10405243766,1,"IOTHUB_CLIENT_CONFIRMATION_OK"
20586,10405243909,10405243938,1,"IOTHUB_CLIENT_CONFIRMATION_OK"
20587,10405244109,10405244143,1,"IOTHUB_CLIENT_CONFIRMATION_OK"
20588,10405244309,10405244428,1,"IOTHUB_CLIENT_CONFIRMATION_OK"
20589,10405244509,10405244544,1,"IOTHUB_CLIENT_CONFIRMATION_OK"
20590,10405244710,10405244751,1,"IOTHUB_CLIENT_CONFIRMATION_OK"
20591,10405244910,10405244946,1,"IOTHUB_CLIENT_CONFIRMATION_OK"
20592,10405245110,10405245142,1,"IOTHUB_CLIENT_CONFIRMATION_OK"
20593,10405245310,10405245344,1,"IOTHUB_CLIENT_CONFIRMATION_OK"
20594,10405245510,10405245544,1,"IOTHUB_CLIENT_CONFIRMATION_OK"
20595,10405245710,10405245752,1,"IOTHUB_CLIENT_CONFIRMATION_OK"
20596,10405245910,10405245945,1,"IOTHUB_CLIENT_CONFIRMATION_OK"
20597,10405246111,10405246152,1,"IOTHUB_CLIENT_CONFIRMATION_OK"
20598,10405246311,10405246367,1,"IOTHUB_CLIENT_CONFIRMATION_OK"
20599,10405246511,10405246552,1,"IOTHUB_CLIENT_CONFIRMATION_OK"
20600,10405246711,10405246756,1,"IOTHUB_CLIENT_CONFIRMATION_OK"
20601,10405246911,10405246963,1,"IOTHUB_CLIENT_CONFIRMATION_OK"
20602,10405247111,10405247146,1,"IOTHUB_CLIENT_CONFIRMATION_OK"
20603,10405247312,10405247473,1,"IOTHUB_CLIENT_CONFIRMATION_OK"
20604,10405247512,10405247554,1,"IOTHUB_CLIENT_CONFIRMATION_OK"
20605,10405247712,10405247764,1,"IOTHUB_CLIENT_CONFIRMATION_OK"
20606,10405247912,10405247951,1,"IOTHUB_CLIENT_CONFIRMATION_OK"
20607,10405248112,10405248146,1,"IOTHUB_CLIENT_CONFIRMATION_OK"
20608,10405248312,10405248352,1,"IOTHUB_CLIENT_CONFIRMATION_OK"
20609,10405248513,10405248563,1,"IOTHUB_CLIENT_CONFIRMATION_OK"
20610,10405248713,10405248748,1,"IOTHUB_CLIENT_CONFIRMATION_OK"
20611,10405248913,10405248953,1,"IOTHUB_CLIENT_CONFIRMATION_OK"
20612,10405249113,10405249146,1,"IOTHUB_CLIENT_CONFIRMATION_OK"
20613,10405249313,10405249347,1,"IOTHUB_CLIENT_CONFIRMATION_OK"
20614,10405249513,10405249543,1,"IOTHUB_CLIENT_CONFIRMATION_OK"
20615,10405249713,10405249792,1,"IOTHUB_CLIENT_CONFIRMATION_OK"
20616,10405249914,10405249951,1,"IOTHUB_CLIENT_CONFIRMATION_OK"
20617,10405250114,10405250157,1,"IOTHUB_CLIENT_CONFIRMATION_OK"
20618,10405250314,10405250353,1,"IOTHUB_CLIENT_CONFIRMATION_OK"
20619,10405250514,10405250555,1,"IOTHUB_CLIENT_CONFIRMATION_OK"
20620,10405250714,10405250752,1,"IOTHUB_CLIENT_CONFIRMATION_OK"
20621,10405250914,10405250947,1,"IOTHUB_CLIENT_CONFIRMATION_OK"
20622,10405251115,10405251167,1,"IOTHUB_CLIENT_CONFIRMATION_OK"
20623,10405251315,10405251353,1,"IOTHUB_CLIENT_CONFIRMATION_OK"
20624,10405251515,10405251555,1,"IOTHUB_CLIENT_CONFIRMATION_OK"
20625,10405251715,10405251775,1,"IOTHUB_CLIENT_CONFIRMATION_OK"
20626,10405251915,10405251958,1,"IOTHUB_CLIENT_CONFIRMATION_OK"
20627,10405252115,10405252153,1,"IOTHUB_CLIENT_CONFIRMATION_OK"
20628,10405252316,10405252389,1,"IOTHUB_CLIENT_CONFIRMATION_OK"
20629,10405252516,10405252567,1,"IOTHUB_CLIENT_CONFIRMATION_OK"
20630,10405252716,10405252751,1,"IOTHUB_CLIENT_CONFIRMATION_OK"
20631,10405252916,10405253002,1,"IOTHUB_CLIENT_CONFIRMATION_OK"
20632,10405253116,10405253217,1,"IOTHUB_CLIENT_CONFIRMATION_OK"
20633,10405253316,10405253355,1,"IOTHUB_CLIENT_CONFIRMATION_OK"
20634,10405253517,10405253650,1,"IOTHUB_CLIENT_CONFIRMATION_OK"
20635,10405253717,10405254023,1,"IOTHUB_CLIENT_CONFIRMATION_OK"
20636,10405253917,10405254092,1,"IOTHUB_CLIENT_CONFIRMATION_OK"
20637,10405254117,10405254516,1,"IOTHUB_CLIENT_CONFIRMATION_OK"
20638,10405254317,10405254747,1,"IOTHUB_CLIENT_CONFIRMATION_OK"
20639,10405254517,10405254818,1,"IOTHUB_CLIENT_CONFIRMATION_OK"
20640,10405254718,10405254935,1,"IOTHUB_CLIENT_CONFIRMATION_OK"
20641,10405254918,10405254970,1,"IOTHUB_CLIENT_CONFIRMATION_OK"
20642,10405255118,10405255158,1,"IOTHUB_CLIENT_CONFIRMATION_OK"
20643,10405255318,10405255378,1,"IOTHUB_CLIENT_CONFIRMATION_OK"
20644,10405255518,10405255551,1,"IOTHUB_CLIENT_CONFIRMATION_OK"
20645,10405255718,10405255761,1,"IOTHUB_CLIENT_CONFIRMATION_OK"
20646,10405255918,10405255958,1,"IOTHUB_CLIENT_CONFIRMATION_OK"
20647,10405256119,10405256151,1,"IOTHUB_CLIENT_CONFIRMATION_OK"
20648,10405256319,10405256355,1,"IOTHUB_CLIENT_CONFIRMATION_OK"
20649,10405256519,10405256622,1,"IOTHUB_CLIENT_CONFIRMATION_OK"
20650,10405256719,10405256753,1,"IOTHUB_CLIENT_CONFIRMATION_OK"
20651,10405256919,10405256990,1,"IOTHUB_CLIENT_CONFIRMATION_OK"
20652,10405257119,10405257157,1,"IOTHUB_CLIENT_CONFIRMATION_OK"
20653,10405257320,10405257364,1,"IOTHUB_CLIENT_CONFIRMATION_OK"
20654,10405257520,10405257559,1,"IOTHUB_CLIENT_CONFIRMATION_OK"
20655,10405257720,10405257752,1,"IOTHUB_CLIENT_CONFIRMATION_OK"
20656,10405257920,10405258135,1,"IOTHUB_CLIENT_CONFIRMATION_OK"
20657,10405258120,10405258153,1,"IOTHUB_CLIENT_CONFIRMATION_OK"
20658,10405258320,10405258354,1,"IOTHUB_CLIENT_CONFIRMATION_OK"
20659,10405258520,10405258580,1,"IOTHUB_CLIENT_CONFIRMATION_OK"
20660,10405258721,10405258761,1,"IOTHUB_CLIENT_CONFIRMATION_OK"
20661,10405258921,10405258963,1,"IOTHUB_CLIENT_CONFIRMATION_OK"
20662,10405259121,10405259161,1,"IOTHUB_CLIENT_CONFIRMATION_OK"
20663,10405259321,10405259371,1,"IOTHUB_CLIENT_CONFIRMATION_OK"
20664,10405259521,10405259565,1,"IOTHUB_CLIENT_CONFIRMATION_OK"
20665,10405259721,10405259809,1,"IOTHUB_CLIENT_CONFIRMATION_OK"
20666,10405259922,10405260054,1,"IOTHUB_CLIENT_CONFIRMATION_OK"
20667,10405260122,10405260156,1,"IOTHUB_CLIENT_CONFIRMATION_OK"
20668,10405260322,10405260363,1,"IOTHUB_CLIENT_CONFIRMATION_OK"
20669,10405260522,10405260623,1,"IOTHUB_CLIENT_CONFIRMATION_OK"
20670,10405260722,10405260789,1,"IOTHUB_CLIENT_CONFIRMATION_OK"
20671,10405260922,10405260963,1,"IOTHUB_CLIENT_CONFIRMATION_OK"
20672,10405261122,10405261244,1,"IOTHUB_CLIENT_CONFIRMATION_OK"
20673,10405261323,10405261361,1,"IOTHUB_CLIENT_CONFIRMATION_OK"
20674,10405261523,10405261557,1,"IOTHUB_CLIENT_CONFIRMATION_OK"
20675,10405261723,10405261838,1,"IOTHUB_CLIENT_CONFIRMATION_OK"
20676,10405261923,10405261970,1,"IOTHUB_CLIENT_CONFIRMATION_OK"
20677,10405262123,10405262161,1,"IOTHUB_CLIENT_CONFIRMATION_OK"
20678,10405262324,10405262360,1,"IOTHUB_CLIENT_CONFIRMATION_OK"
20679,10405262524,10405262562,1,"IOTHUB_CLIENT_CONFIRMATION_OK"
20680,10405262724,10405262761,1,"IOTHUB_CLIENT_CONFIRMATION_OK"
20681,10405262924,10405262963,1,"IOTHUB_CLIENT_CONFIRMATION_OK"
20682,10405263124,10405263165,1,"IOTHUB_CLIENT_CONFIRMATION_OK"
20683,10405263324,10405263362,1,"IOTHUB_CLIENT_CONFIRMATION_OK"
20684,10405263525,10405263562,1,"IOTHUB_CLIENT_CONFIRMATION_OK"
20685,10405263725,10405263771,1,"IOTHUB_CLIENT_CONFIRMATION_OK"
20686,10405263925,10405263974,1,"IOTHUB_CLIENT_CONFIRMATION_OK"
20687,10405264125,10405264164,1,"IOTHUB_CLIENT_CONFIRMATION_OK"
20688,10405264325,10405264429,1,"IOTHUB_CLIENT_CONFIRMATION_OK"
20689,10405264525,10405264564,1,"IOTHUB_CLIENT_CONFIRMATION_OK"
20690,10405264725,10405264767,1,"IOTHUB_CLIENT_CONFIRMATION_OK"
20691,10405264926,10405265001,1,"IOTHUB_CLIENT_CONFIRMATION_OK"
20692,10405265126,10405265168,1,"IOTHUB_CLIENT_CONFIRMATION_OK"
20693,10405265326,10405265357,1,"IOTHUB_CLIENT_CONFIRMATION_OK"
20694,10405265526,10405265617,1,"IOTHUB_CLIENT_CONFIRMATION_OK"
20695,10405265726,10405265767,1,"IOTHUB_CLIENT_CONFIRMATION_OK"
20696,10405265926,10405265973,1,"IOTHUB_CLIENT_CONFIRMATION_OK"
20697,10405266127,10405266260,1,"IOTHUB_CLIENT_CONFIRMATION_OK"
20698,10405266327,10405266366,1,"IOTHUB_CLIENT_CONFIRMATION_OK"
20699,10405266527,10405266566,1,"IOTHUB_CLIENT_CONFIRMATION_OK"
20700,10405266727,10405266765,1,"IOTHUB_CLIENT_CONFIRMATION_OK"
20701,10405266927,10405266965,1,"IOTHUB_CLIENT_CONFIRMATION_OK"
20702,10405267127,10405267162,1,"IOTHUB_CLIENT_CONFIRMATION_OK"
20703,10405267328,10405267371,1,"IOTHUB_CLIENT_CONFIRMATION_OK"
20704,10405267528,10405267564,1,"IOTHUB_CLIENT_CONFIRMATION_OK"
20705,10405267728,10405267770,1,"IOTHUB_CLIENT_CONFIRMATION_OK"
20706,10405267928,10405267962,1,"IOTHUB_CLIENT_CONFIRMATION_OK"
20707,10405268128,10405268162,1,"IOTHUB_CLIENT_CONFIRMATION_OK"
20708,10405268328,10405268360,1,"IOTHUB_CLIENT_CONFIRMATION_OK"
20709,10405268529,10405268562,1,"IOTHUB_CLIENT_CONFIRMATION_OK"
20710,10405268729,10405268776,1,"IOTHUB_CLIENT_CONFIRMATION_OK"
20711,10405268929,10405268980,1,"IOTHUB_CLIENT_CONFIRMATION_OK"
20712,10405269129,10405269170,1,"IOTHUB_CLIENT_CONFIRMATION_OK"
20713,10405269329,10405269370,1,"IOTHUB_CLIENT_CONFIRMATION_OK"
20714,10405269529,10405269575,1,"IOTHUB_CLIENT_CONFIRMATION_OK"
20715,10405269730,10405269775,1,"IOTHUB_CLIENT_CONFIRMATION_OK"
20716,10405269930,10405269981,1,"IOTHUB_CLIENT_CONFIRMATION_OK"
20717,10405270130,10405270163,1,"IOTHUB_CLIENT_CONFIRMATION_OK"
20718,10405270330,10405270363,1,"IOTHUB_CLIENT_CONFIRMATION_OK"
20719,10405270530,10405270573,1,"IOTHUB_CLIENT_CONFIRMATION_OK"
20720,10405270730,10405270776,1,"IOTHUB_CLIENT_CONFIRMATION_OK"
20721,10405270930,10405270976,1,"IOTHUB_CLIENT_CONFIRMATION_OK"
20722,10405271131,10405271190,1,"IOTHUB_CLIENT_CONFIRMATION_OK"
20723,10405271331,10405271378,1,"IOTHUB_CLIENT_CONFIRMATION_OK"
20724,10405271531,10405271564,1,"IOTHUB_CLIENT_CONFIRMATION_OK"
20725,10405271731,10405271782,1,"IOTHUB_CLIENT_CONFIRMATION_OK"
20726,10405271931,10405272029,1,"IOTHUB_CLIENT_CONFIRMATION_OK"
20727,10405272131,10405272176,1,"IOTHUB_CLIENT_CONFIRMATION_OK"
20728,10405272332,10405272373,1,"IOTHUB_CLIENT_CONFIRMATION_OK"
20729,10405272532,10405272633,1,"IOTHUB_CLIENT_CONFIRMATION_OK"
20730,10405272732,10405272773,1,"IOTHUB_CLIENT_CONFIRMATION_OK"
20731,10405272932,10405273031,1,"IOTHUB_CLIENT_CONFIRMATION_OK"
20732,10405273132,10405273253,1,"IOTHUB_CLIENT_CONFIRMATION_OK"
20733,10405273332,10405273378,1,"IOTHUB_CLIENT_CONFIRMATION_OK"
20734,10405273532,10405273565,1,"IOTHUB_CLIENT_CONFIRMATION_OK"
20735,10405273733,10405273855,1,"IOTHUB_CLIENT_CONFIRMATION_OK"
20736,10405273933,10405273977,1,"IOTHUB_CLIENT_CONFIRMATION_OK"
20737,10405274133,10405274165,1,"IOTHUB_CLIENT_CONFIRMATION_OK"
20738,10405274333,10405274369,1,"IOTHUB_CLIENT_CONFIRMATION_OK"
20739,10405274533,10405274569,1,"IOTHUB_CLIENT_CONFIRMATION_OK"
20740,10405274733,10405274784,1,"IOTHUB_CLIENT_CONFIRMATION_OK"
20741,10405274934,10405274972,1,"IOTHUB_CLIENT_CONFIRMATION_OK"
20742,10405275134,10405275175,1,"IOTHUB_CLIENT_CONFIRMATION_OK"
20743,10405275334,10405275370,1,"IOTHUB_CLIENT_CONFIRMATION_OK"
20744,10405275534,10405275566,1,"IOTHUB_CLIENT_CONFIRMATION_OK"
20745,10405275734,10405275778,1,"IOTHUB_CLIENT_CONFIRMATION_OK"
20746,10405275934,10405275978,1,"IOTHUB_CLIENT_CONFIRMATION_OK"
20747,10405276134,10405276174,1,"IOTHUB_CLIENT_CONFIRMATION_OK"
20748,10405276335,10405276372,1,"IOTHUB_CLIENT_CONFIRMATION_OK"
20749,10405276535,10405276577,1,"IOTHUB_CLIENT_CONFIRMATION_OK"
20750,10405276735,10405276776,1,"IOTHUB_CLIENT_CONFIRMATION_OK"
20751,10405276935,10405276985,1,"IOTHUB_CLIENT_CONFIRMATION_OK"
20752,10405277135,10405277174,1,"IOTHUB_CLIENT_CONFIRMATION_OK"
20753,10405277335,10405277377,1,"IOTHUB_CLIENT_CONFIRMATION_OK"
20754,10405277536,10405277581,1,"IOTHUB_CLIENT_CONFIRMATION_OK"
20755,10405277736,10405277774,1,"IOTHUB_CLIENT_CONFIRMATION_OK"
20756,10405277936,10405277982,1,"IOTHUB_CLIENT_CONFIRMATION_OK"
20757,10405278136,10405278180,1,"IOTHUB_CLIENT_CONFIRMATION_OK"
20758,10405278336,10405278382,1,"IOTHUB_CLIENT_CONFIRMATION_OK"
20759,10405278536,10405278581,1,"IOTHUB_CLIENT_CONFIRMATION_OK"
20760,10405278737,10405278773,1,"IOTHUB_CLIENT_CONFIRMATION_OK"
20761,10405278937,10405278987,1,"IOTHUB_CLIENT_CONFIRMATION_OK"
20762,10405279137,10405279273,1,"IOTHUB_CLIENT_CONFIRMATION_OK"
20763,10405279337,10405279377,1,"IOTHUB_CLIENT_CONFIRMATION_OK"
20764,10405279537,10405279578,1,"IOTHUB_CLIENT_CONFIRMATION_OK"
20765,10405279737,10405279777,1,"IOTHUB_CLIENT_CONFIRMATION_OK"
20766,10405279937,10405279973,1,"IOTHUB_CLIENT_CONFIRMATION_OK"
20767,10405280138,10405280257,1,"IOTHUB_CLIENT_CONFIRMATION_OK"
20768,10405280338,10405280382,1,"IOTHUB_CLIENT_CONFIRMATION_OK"
20769,10405280538,10405280584,1,"IOTHUB_CLIENT_CONFIRMATION_OK"
20770,10405280738,10405280867,1,"IOTHUB_CLIENT_CONFIRMATION_OK"
20771,10405280938,10405280976,1,"IOTHUB_CLIENT_CONFIRMATION_OK"
20772,10405281138,10405281173,1,"IOTHUB_CLIENT_CONFIRMATION_OK"
20773,10405281339,10405281474,1,"IOTHUB_CLIENT_CONFIRMATION_OK"
20774,10405281539,10405281576,1,"IOTHUB_CLIENT_CONFIRMATION_OK"
20775,10405281739,10405281818,1,"IOTHUB_CLIENT_CONFIRMATION_OK"
20776,10405281939,10405282076,1,"IOTHUB_CLIENT_CONFIRMATION_OK"
20777,10405282139,10405282192,1,"IOTHUB_CLIENT_CONFIRMATION_OK"
20778,10405282339,10405282390,1,"IOTHUB_CLIENT_CONFIRMATION_OK"
20779,10405282539,10405282685,1,"IOTHUB_CLIENT_CONFIRMATION_OK"
20780,10405282740,10405282798,1,"IOTHUB_CLIENT_CONFIRMATION_OK"
20781,10405282940,10405282975,1,"IOTHUB_CLIENT_CONFIRMATION_OK"
20782,10405283140,10405283179,1,"IOTHUB_CLIENT_CONFIRMATION_OK"
20783,10405283340,10405283373,1,"IOTHUB_CLIENT_CONFIRMATION_OK"
20784,10405283540,10405283573,1,"IOTHUB_CLIENT_CONFIRMATION_OK"
20785,10405283740,10405283780,1,"IOTHUB_CLIENT_CONFIRMATION_OK"
20786,10405283941,10405283977,1,"IOTHUB_CLIENT_CONFIRMATION_OK"
20787,10405284141,10405284178,1,"IOTHUB_CLIENT_CONFIRMATION_OK"
20788,10405284341,10405284376,1,"IOTHUB_CLIENT_CONFIRMATION_OK"
20789,10405284541,10405284580,1,"IOTHUB_CLIENT_CONFIRMATION_OK"
20790,10405284741,10405284777,1,"IOTHUB_CLIENT_CONFIRMATION_OK"
20791,10405284941,10405284976,1,"IOTHUB_CLIENT_CONFIRMATION_OK"
20792,10405285142,10405285177,1,"IOTHUB_CLIENT_CONFIRMATION_OK"
20793,10405285342,10405285379,1,"IOTHUB_CLIENT_CONFIRMATION_OK"
20794,10405285542,10405285574,1,"IOTHUB_CLIENT_CONFIRMATION_OK"
20795,10405285742,10405285777,1,"IOTHUB_CLIENT_CONFIRMATION_OK"
20796,10405285942,10405285989,1,"IOTHUB_CLIENT_CONFIRMATION_OK"
20797,10405286142,10405286186,1,"IOTHUB_CLIENT_CONFIRMATION_OK"
20798,10405286343,10405286378,1,"IOTHUB_CLIENT_CONFIRMATION_OK"
20799,10405286543,10405286588,1,"IOTHUB_CLIENT_CONFIRMATION_OK"
20800,10405286743,10405286777,1,"IOTHUB_CLIENT_CONFIRMATION_OK"
20801,10405286943,10405286992,1,"IOTHUB_CLIENT_CONFIRMATION_OK"
20802,10405287143,10405287204,1,"IOTHUB_CLIENT_CONFIRMATION_OK"
20803,10405287343,10405287377,1,"IOTHUB_CLIENT_CONFIRMATION_OK"
20804,10405287543,10405287592,1,"IOTHUB_CLIENT_CONFIRMATION_OK"
20805,10405287744,10405287817,1,"IOTHUB_CLIENT_CONFIRMATION_OK"
20806,10405287944,10405287983,1,"IOTHUB_CLIENT_CONFIRMATION_OK"
20807,10405288144,10405288185,1,"IOTHUB_CLIENT_CONFIRMATION_OK"
20808,10405288344,10405288426,1,"IOTHUB_CLIENT_CONFIRMATION_OK"
20809,10405288544,10405288580,1,"IOTHUB_CLIENT_CONFIRMATION_OK"
20810,10405288744,10405288781,1,"IOTHUB_CLIENT_CONFIRMATION_OK"
20811,10405288945,10405289043,1,"IOTHUB_CLIENT_CONFIRMATION_OK"
20812,10405289145,10405289197,1,"IOTHUB_CLIENT_CONFIRMATION_OK"
20813,10405289345,10405289389,1,"IOTHUB_CLIENT_CONFIRMATION_OK"
20814,10405289545,10405289659,1,"IOTHUB_CLIENT_CONFIRMATION_OK"
20815,10405289745,10405289784,1,"IOTHUB_CLIENT_CONFIRMATION_OK"
20816,10405289945,10405289987,1,"IOTHUB_CLIENT_CONFIRMATION_OK"
20817,10405290146,10405290252,1,"IOTHUB_CLIENT_CONFIRMATION_OK"
20818,10405290346,10405290384,1,"IOTHUB_CLIENT_CONFIRMATION_OK"
20819,10405290546,10405290580,1,"IOTHUB_CLIENT_CONFIRMATION_OK"
20820,10405290746,10405290781,1,"IOTHUB_CLIENT_CONFIRMATION_OK"
20821,10405290946,10405290982,1,"IOTHUB_CLIENT_CONFIRMATION_OK"
20822,10405291146,10405291192,1,"IOTHUB_CLIENT_CONFIRMATION_OK"
20823,10405291347,10405291384,1,"IOTHUB_CLIENT_CONFIRMATION_OK"
20824,10405291547,10405291584,1,"IOTHUB_CLIENT_CONFIRMATION_OK"
20825,10405291747,10405291791,1,"IOTHUB_CLIENT_CONFIRMATION_OK"
20826,10405291947,10405291987,1,"IOTHUB_CLIENT_CONFIRMATION_OK"
20827,10405292147,10405292187,1,"IOTHUB_CLIENT_CONFIRMATION_OK"
20828,10405292347,10405292388,1,"IOTHUB_CLIENT_CONFIRMATION_OK"
20829,10405292548,10405292589,1,"IOTHUB_CLIENT_CONFIRMATION_OK"
20830,10405292748,10405292787,1,"IOTHUB_CLIENT_CONFIRMATION_OK"
20831,10405292948,10405292989,1,"IOTHUB_CLIENT_CONFIRMATION_OK"
20832,10405293148,10405293185,1,"IOTHUB_CLIENT_CONFIRMATION_OK"
20833,10405293348,10405293521,1,"IOTHUB_CLIENT_CONFIRMATION_OK"
20834,10405293549,10405293604,1,"IOTHUB_CLIENT_CONFIRMATION_OK"
20835,10405293749,10405293782,1,"IOTHUB_CLIENT_CONFIRMATION_OK"
20836,10405293949,10405294134,1,"IOTHUB_CLIENT_CONFIRMATION_OK"
20837,10405294149,10405294223,1,"IOTHUB_CLIENT_CONFIRMATION_OK"
20838,10405294349,10405294389,1,"IOTHUB_CLIENT_CONFIRMATION_OK"
20839,10405294549,10405294840,1,"IOTHUB_CLIENT_CONFIRMATION_OK"
20840,10405294749,10405294880,1,"IOTHUB_CLIENT_CONFIRMATION_OK"
20841,10405294950,10405295003,1,"IOTHUB_CLIENT_CONFIRMATION_OK"
20842,10405295150,10405295253,1,"IOTHUB_CLIENT_CONFIRMATION_OK"
20843,10405295350,10405295457,1,"IOTHUB_CLIENT_CONFIRMATION_OK"
20844,10405295550,10405295603,1,"IOTHUB_CLIENT_CONFIRMATION_OK"
20845,10405295750,10405295784,1,"IOTHUB_CLIENT_CONFIRMATION_OK"
20846,10405295951,10405295982,1,"IOTHUB_CLIENT_CONFIRMATION_OK"
20847,10405296151,10405296185,1,"IOTHUB_CLIENT_CONFIRMATION_OK"
20848,10405296351,10405296389,1,"IOTHUB_CLIENT_CONFIRMATION_OK"
20849,10405296551,10405296677,1,"IOTHUB_CLIENT_CONFIRMATION_OK"
20850,10405296751,10405296802,1,"IOTHUB_CLIENT_CONFIRMATION_OK"
20851,10405296951,10405296983,1,"IOTHUB_CLIENT_CONFIRMATION_OK"
20852,10405297152,10405297288,1,"IOTHUB_CLIENT_CONFIRMATION_OK"
20853,10405297352,10405297387,1,"IOTHUB_CLIENT_CONFIRMATION_OK"
20854,10405297552,10405297605,1,"IOTHUB_CLIENT_CONFIRMATION_OK"
20855,10405297752,10405297911,1,"IOTHUB_CLIENT_CONFIRMATION_OK"
20856,10405297952,10405297988,1,"IOTHUB_CLIENT_CONFIRMATION_OK"
20857,10405298152,10405298188,1,"IOTHUB_CLIENT_CONFIRMATION_OK"
20858,10405298353,10405298395,1,"IOTHUB_CLIENT_CONFIRMATION_OK"
20859,10405298553,10405298596,1,"IOTHUB_CLIENT_CONFIRMATION_OK"
20860,10405298753,10405298816,1,"IOTHUB_CLIENT_CONFIRMATION_OK"
20861,10405298953,10405298991,1,"IOTHUB_CLIENT_CONFIRMATION_OK"
20862,10405299153,10405299201,1,"IOTHUB_CLIENT_CONFIRMATION_OK"
20863,10405299353,10405299389,1,"IOTHUB_CLIENT_CONFIRMATION_OK"
20864,10405299554,10405299589,1,"IOTHUB_CLIENT_CONFIRMATION_OK"
20865,10405299754,10405299802,1,"IOTHUB_CLIENT_CONFIRMATION_OK"
20866,10405299954,10405300007,1,"IOTHUB_CLIENT_CONFIRMATION_OK"
20867,10405300154,10405300195,1,"IOTHUB_CLIENT_CONFIRMATION_OK"
20868,10405300354,10405300390,1,"IOTHUB_CLIENT_CONFIRMATION_OK"
20869,10405300554,10405300593,1,"IOTHUB_CLIENT_CONFIRMATION_OK"
20870,10405300754,10405300826,1,"IOTHUB_CLIENT_CONFIRMATION_OK"
20871,10405300955,10405300993,1,"IOTHUB_CLIENT_CONFIRMATION_OK"
20872,10405301155,10405301190,1,"IOTHUB_CLIENT_CONFIRMATION_OK"
20873,10405301355,10405301419,1,"IOTHUB_CLIENT_CONFIRMATION_OK"
20874,10405301555,10405301596,1,"IOTHUB_CLIENT_CONFIRMATION_OK"
20875,10405301755,10405301795,1,"IOTHUB_CLIENT_CONFIRMATION_OK"
20876,10405301955,10405301995,1,"IOTHUB_CLIENT_CONFIRMATION_OK"
20877,10405302156,10405302212,1,"IOTHUB_CLIENT_CONFIRMATION_OK"
20878,10405302356,10405302393,1,"IOTHUB_CLIENT_CONFIRMATION_OK"
20879,10405302556,10405302602,1,"IOTHUB_CLIENT_CONFIRMATION_OK"
20880,10405302756,10405302789,1,"IOTHUB_CLIENT_CONFIRMATION_OK"
20881,10405302956,10405302990,1,"IOTHUB_CLIENT_CONFIRMATION_OK"
20882,10405303156,10405303192,1,"IOTHUB_CLIENT_CONFIRMATION_OK"
20883,10405303357,10405303394,1,"IOTHUB_CLIENT_CONFIRMATION_OK"
20884,10405303557,10405303638,1,"IOTHUB_CLIENT_CONFIRMATION_OK"
20885,10405303757,10405303819,1,"IOTHUB_CLIENT_CONFIRMATION_OK"
20886,10405303957,10405303993,1,"IOTHUB_CLIENT_CONFIRMATION_OK"
20887,10405304157,10405304254,1,"IOTHUB_CLIENT_CONFIRMATION_OK"
20888,10405304357,10405304389,1,"IOTHUB_CLIENT_CONFIRMATION_OK"
20889,10405304558,10405304598,1,"IOTHUB_CLIENT_CONFIRMATION_OK"
20890,10405304758,10405304887,1,"IOTHUB_CLIENT_CONFIRMATION_OK"
20891,10405304958,10405304997,1,"IOTHUB_CLIENT_CONFIRMATION_OK"
20892,10405305158,10405305201,1,"IOTHUB_CLIENT_CONFIRMATION_OK"
20893,10405305358,10405305519,1,"IOTHUB_CLIENT_CONFIRMATION_OK"
20894,10405305558,10405305599,1,"IOTHUB_CLIENT_CONFIRMATION_OK"
20895,10405305758,10405305798,1,"IOTHUB_CLIENT_CONFIRMATION_OK"
20896,10405305959,10405306123,1,"IOTHUB_CLIENT_CONFIRMATION_OK"
20897,10405306159,10405306193,1,"IOTHUB_CLIENT_CONFIRMATION_OK"
20898,10405306359,10405306408,1,"IOTHUB_CLIENT_CONFIRMATION_OK"
20899,10405306559,10405306603,1,"IOTHUB_CLIENT_CONFIRMATION_OK"
20900,10405306759,10405306798,1,"IOTHUB_CLIENT_CONFIRMATION_OK"
20901,10405306959,10405307006,1,"IOTHUB_CLIENT_CONFIRMATION_OK"
20902,10405307160,10405307201,1,"IOTHUB_CLIENT_CONFIRMATION_OK"
20903,10405307360,10405307457,1,"IOTHUB_CLIENT_CONFIRMATION_OK"
20904,10405307560,10405307595,1,"IOTHUB_CLIENT_CONFIRMATION_OK"
20905,10405307760,10405307798,1,"IOTHUB_CLIENT_CONFIRMATION_OK"
20906,10405307960,10405307994,1,"IOTHUB_CLIENT_CONFIRMATION_OK"
20907,10405308160,10405308198,1,"IOTHUB_CLIENT_CONFIRMATION_OK"
20908,10405308360,10405308396,1,"IOTHUB_CLIENT_CONFIRMATION_OK"
20909,10405308561,10405308611,1,"IOTHUB_CLIENT_CONFIRMATION_OK"
20910,10405308761,10405308802,1,"IOTHUB_CLIENT_CONFIRMATION_OK"
20911,10405308961,10405308994,1,"IOTHUB_CLIENT_CONFIRMATION_OK"
20912,10405309161,10405309205,1,"IOTHUB_CLIENT_CONFIRMATION_OK"
20913,10405309361,10405309404,1,"IOTHUB_CLIENT_CONFIRMATION_OK"
20914,10405309561,10405309599,1,"IOTHUB_CLIENT_CONFIRMATION_OK"
20915,10405309762,10405309797,1,"IOTHUB_CLIENT_CONFIRMATION_OK"
20916,10405309962,10405309998,1,"IOTHUB_CLIENT_CONFIRMATION_OK"
20917,10405310162,10405310205,1,"IOTHUB_CLIENT_CONFIRMATION_OK"
20918,10405310362,10405310415,1,"IOTHUB_CLIENT_CONFIRMATION_OK"
20919,10405310562,10405310667,1,"IOTHUB_CLIENT_CONFIRMATION_OK"
20920,10405310762,10405310800,1,"IOTHUB_CLIENT_CONFIRMATION_OK"
20921,10405310963,10405311015,1,"IOTHUB_CLIENT_CONFIRMATION_OK"
20922,10405311163,10405311223,1,"IOTHUB_CLIENT_CONFIRMATION_OK"
20923,10405311363,10405311406,1,"IOTHUB_CLIENT_CONFIRMATION_OK"
20924,10405311563,10405311601,1,"IOTHUB_CLIENT_CONFIRMATION_OK"
20925,10405311763,10405311809,1,"IOTHUB_CLIENT_CONFIRMATION_OK"
20926,10405311963,10405312000,1,"IOTHUB_CLIENT_CONFIRMATION_OK"
20927,10405312164,10405312201,1,"IOTHUB_CLIENT_CONFIRMATION_OK"
20928,10405312364,10405312412,1,"IOTHUB_CLIENT_CONFIRMATION_OK"
20929,10405312564,10405312602,1,"IOTHUB_CLIENT_CONFIRMATION_OK"
20930,10405312764,10405312803,1,"IOTHUB_CLIENT_CONFIRMATION_OK"
20931,10405312964,10405313108,1,"IOTHUB_CLIENT_CONFIRMATION_OK"
20932,10405313164,10405313202,1,"IOTHUB_CLIENT_CONFIRMATION_OK"
20933,10405313365,10405313403,1,"IOTHUB_CLIENT_CONFIRMATION_OK"
20934,10405313565,10405313715,1,"IOTHUB_CLIENT_CONFIRMATION_OK"
20935,10405313765,10405313800,1,"IOTHUB_CLIENT_CONFIRMATION_OK"
20936,10405313965,10405314064,1,"IOTHUB_CLIENT_CONFIRMATION_OK"
20937,10405314165,10405314322,1,"IOTHUB_CLIENT_CONFIRMATION_OK"
20938,10405314365,10405314412,1,"IOTHUB_CLIENT_CONFIRMATION_OK"
20939,10405314566,10405314608,1,"IOTHUB_CLIENT_CONFIRMATION_OK"
20940,10405314766,10405314807,1,"IOTHUB_CLIENT_CONFIRMATION_OK"
20941,10405314966,10405315006,1,"IOTHUB_CLIENT_CONFIRMATION_OK"
20942,10405315166,10405315211,1,"IOTHUB_CLIENT_CONFIRMATION_OK"
20943,10405315366,10405315407,1,"IOTHUB_CLIENT_CONFIRMATION_OK"
20944,10405315566,10405315605,1,"IOTHUB_CLIENT_CONFIRMATION_OK"
20945,10405315767,10405315817,1,"IOTHUB_CLIENT_CONFIRMATION_OK"
20946,10405315967,10405315997,1,"IOTHUB_CLIENT_CONFIRMATION_OK"
20947,10405316167,10405316228,1,"IOTHUB_CLIENT_CONFIRMATION_OK"
20948,10405316367,10405316411,1,"IOTHUB_CLIENT_CONFIRMATION_OK"
20949,10405316567,10405316605,1,"IOTHUB_CLIENT_CONFIRMATION_OK"
20950,10405316767,10405316833,1,"IOTHUB_CLIENT_CONFIRMATION_OK"
20951,10405316967,10405317008,1,"IOTHUB_CLIENT_CONFIRMATION_OK"
20952,10405317168,10405317207,1,"IOTHUB_CLIENT_CONFIRMATION_OK"
20953,10405317368,10405317412,1,"IOTHUB_CLIENT_CONFIRMATION_OK"
20954,10405317568,10405317607,1,"IOTHUB_CLIENT_CONFIRMATION_OK"
20955,10405317768,10405317803,1,"IOTHUB_CLIENT_CONFIRMATION_OK"
20956,10405317968,10405318001,1,"IOTHUB_CLIENT_CONFIRMATION_OK"
20957,10405318168,10405318217,1,"IOTHUB_CLIENT_CONFIRMATION_OK"
20958,10405318369,10405318408,1,"IOTHUB_CLIENT_CONFIRMATION_OK"
20959,10405318569,10405318609,1,"IOTHUB_CLIENT_CONFIRMATION_OK"
20960,10405318769,10405318803,1,"IOTHUB_CLIENT_CONFIRMATION_OK"
20961,10405318969,10405319011,1,"IOTHUB_CLIENT_CONFIRMATION_OK"
20962,10405319169,10405319203,1,"IOTHUB_CLIENT_CONFIRMATION_OK"
20963,10405319369,10405319411,1,"IOTHUB_CLIENT_CONFIRMATION_OK"
20964,10405319570,10405319603,1,"IOTHUB_CLIENT_CONFIRMATION_OK"
20965,10405319770,10405319809,1,"IOTHUB_CLIENT_CONFIRMATION_OK"
20966,10405319970,10405320053,1,"IOTHUB_CLIENT_CONFIRMATION_OK"
20967,10405320170,10405320280,1,"IOTHUB_CLIENT_CONFIRMATION_OK"
20968,10405320370,10405320403,1,"IOTHUB_CLIENT_CONFIRMATION_OK"
20969,10405320570,10405320715,1,"IOTHUB_CLIENT_CONFIRMATION_OK"
20970,10405320771,10405320812,1,"IOTHUB_CLIENT_CONFIRMATION_OK"
20971,10405320971,10405321008,1,"IOTHUB_CLIENT_CONFIRMATION_OK"
20972,10405321171,10405321317,1,"IOTHUB_CLIENT_CONFIRMATION_OK"
20973,10405321371,10405321411,1,"IOTHUB_CLIENT_CONFIRMATION_OK"
20974,10405321571,10405321633,1,"IOTHUB_CLIENT_CONFIRMATION_OK"
20975,10405321771,10405321921,1,"IOTHUB_CLIENT_CONFIRMATION_OK"
20976,10405321972,10405322003,1,"IOTHUB_CLIENT_CONFIRMATION_OK"
20977,10405322172,10405322223,1,"IOTHUB_CLIENT_CONFIRMATION_OK"
20978,10405322372,10405322411,1,"IOTHUB_CLIENT_CONFIRMATION_OK"
20979,10405322572,10405322623,1,"IOTHUB_CLIENT_CONFIRMATION_OK"
20980,10405322772,10405322807,1,"IOTHUB_CLIENT_CONFIRMATION_OK"
20981,10405322972,10405323008,1,"IOTHUB_CLIENT_CONFIRMATION_OK"
20982,10405323172,10405323209,1,"IOTHUB_CLIENT_CONFIRMATION_OK"
20983,10405323373,10405323417,1,"IOTHUB_CLIENT_CONFIRMATION_OK"
20984,10405323573,10405323624,1,"IOTHUB_CLIENT_CONFIRMATION_OK"
20985,10405323773,10405323809,1,"IOTHUB_CLIENT_CONFIRMATION_OK"
20986,10405323973,10405324007,1,"IOTHUB_CLIENT_CONFIRMATION_OK"
20987,10405324173,10405324208,1,"IOTHUB_CLIENT_CONFIRMATION_OK"
20988,10405324373,10405324413,1,"IOTHUB_CLIENT_CONFIRMATION_OK"
20989,10405324574,10405324608,1,"IOTHUB_CLIENT_CONFIRMATION_OK"
20990,10405324774,10405324817,1,"IOTHUB_CLIENT_CONFIRMATION_OK"
20991,10405324974,10405325009,1,"IOTHUB_CLIENT_CONFIRMATION_OK"
20992,10405325174,10405325213,1,"IOTHUB_CLIENT_CONFIRMATION_OK"
20993,10405325374,10405325416,1,"IOTHUB_CLIENT_CONFIRMATION_OK"
20994,10405325574,10405325620,1,"IOTHUB_CLIENT_CONFIRMATION_OK"
20995,10405325775,10405325807,1,"IOTHUB_CLIENT_CONFIRMATION_OK"
20996,10405325975,10405326009,1,"IOTHUB_CLIENT_CONFIRMATION_OK"
20997,10405326175,10405326305,1,"IOTHUB_CLIENT_CONFIRMATION_OK"
20998,10405326375,10405326412,1,"IOTHUB_CLIENT_CONFIRMATION_OK"
20999,10405326575,10405326617,1,"IOTHUB_CLIENT_CONFIRMATION_OK"
21000,10405326775,10405326812,1,"IOTHUB_CLIENT_CONFIRMATION_OK"
21001,10405326975,10405327017,1,"IOTHUB_CLIENT_CONFIRMATION_OK"
21002,10405327176,10405327226,1,"IOTHUB_CLIENT_CONFIRMATION_OK"
21003,10405327376,10405327414,1,"IOTHUB_CLIENT_CONFIRMATION_OK"
21004,10405327576,10405327614,1,"IOTHUB_CLIENT_CONFIRMATION_OK"
21005,10405327776,10405327813,1,"IOTHUB_CLIENT_CONFIRMATION_OK"
21006,10405327976,10405328035,1,"IOTHUB_CLIENT_CONFIRMATION_OK"
21007,10405328176,10405328215,1,"IOTHUB_CLIENT_CONFIRMATION_OK"
21008,10405328376,10405328411,1,"IOTHUB_CLIENT_CONFIRMATION_OK"
21009,10405328577,10405328628,1,"IOTHUB_CLIENT_CONFIRMATION_OK"
21010,10405328777,10405328813,1,"IOTHUB_CLIENT_CONFIRMATION_OK"
21011,10405328977,10405329018,1,"IOTHUB_CLIENT_CONFIRMATION_OK"
21012,10405329177,10405329222,1,"IOTHUB_CLIENT_CONFIRMATION_OK"
21013,10405329377,10405329507,1,"IOTHUB_CLIENT_CONFIRMATION_OK"
21014,10405329577,10405329629,1,"IOTHUB_CLIENT_CONFIRMATION_OK"
21015,10405329778,10405329824,1,"IOTHUB_CLIENT_CONFIRMATION_OK"
21016,10405329978,10405330171,1,"IOTHUB_CLIENT_CONFIRMATION_OK"
21017,10405330178,10405330219,1,"IOTHUB_CLIENT_CONFIRMATION_OK"
21018,10405330378,10405330421,1,"IOTHUB_CLIENT_CONFIRMATION_OK"
21019,10405330578,10405330615,1,"IOTHUB_CLIENT_CONFIRMATION_OK"
21020,10405330778,10405330815,1,"IOTHUB_CLIENT_CONFIRMATION_OK"
21021,10405330978,10405331015,1,"IOTHUB_CLIENT_CONFIRMATION_OK"
21022,10405331179,10405331216,1,"IOTHUB_CLIENT_CONFIRMATION_OK"
21023,10405331379,10405331431,1,"IOTHUB_CLIENT_CONFIRMATION_OK"
21024,10405331579,10405331619,1,"IOTHUB_CLIENT_CONFIRMATION_OK"
21025,10405331779,10405331853,1,"IOTHUB_CLIENT_CONFIRMATION_OK"
21026,10405331979,10405332022,1,"IOTHUB_CLIENT_CONFIRMATION_OK"
21027,10405332179,10405332234,1,"IOTHUB_CLIENT_CONFIRMATION_OK"
21028,10405332380,10405332422,1,"IOTHUB_CLIENT_CONFIRMATION_OK"
21029,10405332580,10405332704,1,"IOTHUB_CLIENT_CONFIRMATION_OK"
21030,10405332780,10405332823,1,"IOTHUB_CLIENT_CONFIRMATION_OK"
21031,10405332980,10405333024,1,"IOTHUB_CLIENT_CONFIRMATION_OK"
21032,10405333180,10405333218,1,"IOTHUB_CLIENT_CONFIRMATION_OK"
21033,10405333380,10405333422,1,"IOTHUB_CLIENT_CONFIRMATION_OK"
21034,10405333580,10405333618,1,"IOTHUB_CLIENT_CONFIRMATION_OK"
21035,10405333781,10405333844,1,"IOTHUB_CLIENT_CONFIRMATION_OK"
21036,10405333981,10405334023,1,"IOTHUB_CLIENT_CONFIRMATION_OK"
21037,10405334181,10405334236,1,"IOTHUB_CLIENT_CONFIRMATION_OK"
21038,10405334381,10405334414,1,"IOTHUB_CLIENT_CONFIRMATION_OK"
21039,10405334581,10405334617,1,"IOTHUB_CLIENT_CONFIRMATION_OK"
21040,10405334781,10405334817,1,"IOTHUB_CLIENT_CONFIRMATION_OK"
21041,10405334982,10405335029,1,"IOTHUB_CLIENT_CONFIRMATION_OK"
21042,10405335182,10405335225,1,"IOTHUB_CLIENT_CONFIRMATION_OK"
21043,10405335382,10405335439,1,"IOTHUB_CLIENT_CONFIRMATION_OK"
21044,10405335582,10405335676,1,"IOTHUB_CLIENT_CONFIRMATION_OK"
21045,10405335782,10405335930,1,"IOTHUB_CLIENT_CONFIRMATION_OK"
21046,10405335982,10405336042,1,"IOTHUB_CLIENT_CONFIRMATION_OK"
21047,10405336183,10405336221,1,"IOTHUB_CLIENT_CONFIRMATION_OK"
21048,10405336383,10405336516,1,"IOTHUB_CLIENT_CONFIRMATION_OK"
21049,10405336583,10405336628,1,"IOTHUB_CLIENT_CONFIRMATION_OK"
21050,10405336783,10405336833,1,"IOTHUB_CLIENT_CONFIRMATION_OK"
21051,10405336983,10405337134,1,"IOTHUB_CLIENT_CONFIRMATION_OK"
21052,10405337183,10405337223,1,"IOTHUB_CLIENT_CONFIRMATION_OK"
21053,10405337383,10405337425,1,"IOTHUB_CLIENT_CONFIRMATION_OK"
21054,10405337584,10405337750,1,"IOTHUB_CLIENT_CONFIRMATION_OK"
21055,10405337784,10405337817,1,"IOTHUB_CLIENT_CONFIRMATION_OK"
21056,10405337984,10405338031,1,"IOTHUB_CLIENT_CONFIRMATION_OK"
21057,10405338184,10405338388,1,"IOTHUB_CLIENT_CONFIRMATION_OK"
21058,10405338384,10405338503,1,"IOTHUB_CLIENT_CONFIRMATION_OK"
21059,10405338584,10405338620,1,"IOTHUB_CLIENT_CONFIRMATION_OK"
21060,10405338785,10405338822,1,"IOTHUB_CLIENT_CONFIRMATION_OK"
21061,10405338985,10405339022,1,"IOTHUB_CLIENT_CONFIRMATION_OK"
21062,10405339185,10405339219,1,"IOTHUB_CLIENT_CONFIRMATION_OK"
21063,10405339385,10405339428,1,"IOTHUB_CLIENT_CONFIRMATION_OK"
21064,10405339585,10405339625,1,"IOTHUB_CLIENT_CONFIRMATION_OK"
21065,10405339785,10405339833,1,"IOTHUB_CLIENT_CONFIRMATION_OK"
21066,10405339986,10405340017,1,"IOTHUB_CLIENT_CONFIRMATION_OK"
21067,10405340186,10405340222,1,"IOTHUB_CLIENT_CONFIRMATION_OK"
21068,10405340386,10405340454,1,"IOTHUB_CLIENT_CONFIRMATION_OK"
21069,10405340586,10405340623,1,"IOTHUB_CLIENT_CONFIRMATION_OK"
21070,10405340786,10405340834,1,"IOTHUB_CLIENT_CONFIRMATION_OK"
21071,10405340986,10405341026,1,"IOTHUB_CLIENT_CONFIRMATION_OK"
21072,10405341187,10405341236,1,"IOTHUB_CLIENT_CONFIRMATION_OK"
21073,10405341387,10405341424,1,"IOTHUB_CLIENT_CONFIRMATION_OK"
21074,10405341587,10405341622,1,"IOTHUB_CLIENT_CONFIRMATION_OK"
21075,10405341787,10405341849,1,"IOTHUB_CLIENT_CONFIRMATION_OK"
21076,10405341987,10405342030,1,"IOTHUB_CLIENT_CONFIRMATION_OK"
21077,10405342187,10405342230,1,"IOTHUB_CLIENT_CONFIRMATION_OK"
21078,10405342387,10405342422,1,"IOTHUB_CLIENT_CONFIRMATION_OK"
21079,10405342588,10405342679,1,"IOTHUB_CLIENT_CONFIRMATION_OK"
21080,10405342788,10405342833,1,"IOTHUB_CLIENT_CONFIRMATION_OK"
21081,10405342988,10405343032,1,"IOTHUB_CLIENT_CONFIRMATION_OK"
21082,10405343188,10405343228,1,"IOTHUB_CLIENT_CONFIRMATION_OK"
21083,10405343388,10405343449,1,"IOTHUB_CLIENT_CONFIRMATION_OK"
21084,10405343588,10405343641,1,"IOTHUB_CLIENT_CONFIRMATION_OK"
21085,10405343789,10405343841,1,"IOTHUB_CLIENT_CONFIRMATION_OK"
21086,10405343989,10405344083,1,"IOTHUB_CLIENT_CONFIRMATION_OK"
21087,10405344189,10405344241,1,"IOTHUB_CLIENT_CONFIRMATION_OK"
21088,10405344389,10405344430,1,"IOTHUB_CLIENT_CONFIRMATION_OK"
21089,10405344589,10405344674,1,"IOTHUB_CLIENT_CONFIRMATION_OK"
21090,10405344789,10405344824,1,"IOTHUB_CLIENT_CONFIRMATION_OK"
21091,10405344989,10405345024,1,"IOTHUB_CLIENT_CONFIRMATION_OK"
21092,10405345190,10405345286,1,"IOTHUB_CLIENT_CONFIRMATION_OK"
21093,10405345390,10405345456,1,"IOTHUB_CLIENT_CONFIRMATION_OK"
21094,10405345590,10405345626,1,"IOTHUB_CLIENT_CONFIRMATION_OK"
21095,10405345790,10405345898,1,"IOTHUB_CLIENT_CONFIRMATION_OK"
21096,10405345990,10405346029,1,"IOTHUB_CLIENT_CONFIRMATION_OK"
21097,10405346190,10405346224,1,"IOTHUB_CLIENT_CONFIRMATION_OK"
21098,10405346391,10405346428,1,"IOTHUB_CLIENT_CONFIRMATION_OK"
21099,10405346591,10405346648,1,"IOTHUB_CLIENT_CONFIRMATION_OK"
21100,10405346791,10405346822,1,"IOTHUB_CLIENT_CONFIRMATION_OK"
21101,10405346991,10405347029,1,"IOTHUB_CLIENT_CONFIRMATION_OK"
21102,10405347191,10405347223,1,"IOTHUB_CLIENT_CONFIRMATION_OK"
21103,10405347391,10405347445,1,"IOTHUB_CLIENT_CONFIRMATION_OK"
21104,10405347592,10405347631,1,"IOTHUB_CLIENT_CONFIRMATION_OK"
21105,10405347792,10405347827,1,"IOTHUB_CLIENT_CONFIRMATION_OK"
21106,10405347992,10405348044,1,"IOTHUB_CLIENT_CONFIRMATION_OK"
21107,10405348192,10405348238,1,"IOTHUB_CLIENT_CONFIRMATION_OK"
21108,10405348392,10405348453,1,"IOTHUB_CLIENT_CONFIRMATION_OK"
21109,10405348592,10405348630,1,"IOTHUB_CLIENT_CONFIRMATION_OK"
21110,10405348793,10405348848,1,"IOTHUB_CLIENT_CONFIRMATION_OK"
21111,10405348993,10405349032,1,"IOTHUB_CLIENT_CONFIRMATION_OK"
21112,10405349193,10405349229,1,"IOTHUB_CLIENT_CONFIRMATION_OK"
21113,10405349393,10405349425,1,"IOTHUB_CLIENT_CONFIRMATION_OK"
21114,10405349593,10405349797,1,"IOTHUB_CLIENT_CONFIRMATION_OK"
21115,10405349793,10405349854,1,"IOTHUB_CLIENT_CONFIRMATION_OK"
21116,10405349994,10405350063,1,"IOTHUB_CLIENT_CONFIRMATION_OK"
21117,10405350194,10405350471,1,"IOTHUB_CLIENT_CONFIRMATION_OK"
21118,10405350394,10405350493,1,"IOTHUB_CLIENT_CONFIRMATION_OK"
21119,10405350594,10405351018,1,"IOTHUB_CLIENT_CONFIRMATION_OK"
21120,10405350794,10405351379,1,"IOTHUB_CLIENT_CONFIRMATION_OK"
21121,10405350994,10405351462,1,"IOTHUB_CLIENT_CONFIRMATION_OK"
21122,10405351195,10405351538,1,"IOTHUB_CLIENT_CONFIRMATION_OK"
21123,10405351395,10405351651,1,"IOTHUB_CLIENT_CONFIRMATION_OK"
21124,10405351595,10405351686,1,"IOTHUB_CLIENT_CONFIRMATION_OK"
21125,10405351795,10405351844,1,"IOTHUB_CLIENT_CONFIRMATION_OK"
21126,10405351995,10405352037,1,"IOTHUB_CLIENT_CONFIRMATION_OK"
21127,10405352195,10405352237,1,"IOTHUB_CLIENT_CONFIRMATION_OK"
21128,10405352396,10405352436,1,"IOTHUB_CLIENT_CONFIRMATION_OK"
21129,10405352596,10405352648,1,"IOTHUB_CLIENT_CONFIRMATION_OK"
21130,10405352796,10405352863,1,"IOTHUB_CLIENT_CONFIRMATION_OK"
21131,10405352996,10405353036,1,"IOTHUB_CLIENT_CONFIRMATION_OK"
21132,10405353196,10405353305,1,"IOTHUB_CLIENT_CONFIRMATION_OK"
21133,10405353396,10405353518,1,"IOTHUB_CLIENT_CONFIRMATION_OK"
21134,10405353596,10405353636,1,"IOTHUB_CLIENT_CONFIRMATION_OK"
21135,10405353797,10405353829,1,"IOTHUB_CLIENT_CONFIRMATION_OK"
21136,10405353997,10405354126,1,"IOTHUB_CLIENT_CONFIRMATION_OK"
21137,10405354197,10405354234,1,"IOTHUB_CLIENT_CONFIRMATION_OK"
21138,10405354397,10405354447,1,"IOTHUB_CLIENT_CONFIRMATION_OK"
21139,10405354597,10405354633,1,"IOTHUB_CLIENT_CONFIRMATION_OK"
21140,10405354798,10405354876,1,"IOTHUB_CLIENT_CONFIRMATION_OK"
21141,10405354998,10405355036,1,"IOTHUB_CLIENT_CONFIRMATION_OK"
21142,10405355198,10405355277,1,"IOTHUB_CLIENT_CONFIRMATION_OK"
21143,10405355398,10405355447,1,"IOTHUB_CLIENT_CONFIRMATION_OK"
21144,10405355598,10405355636,1,"IOTHUB_CLIENT_CONFIRMATION_OK"
21145,10405355798,10405355839,1,"IOTHUB_CLIENT_CONFIRMATION_OK"
21146,10405355998,10405356036,1,"IOTHUB_CLIENT_CONFIRMATION_OK"
21147,10405356199,10405356239,1,"IOTHUB_CLIENT_CONFIRMATION_OK"
21148,10405356399,10405356459,1,"IOTHUB_CLIENT_CONFIRMATION_OK"
21149,10405356599,10405356672,1,"IOTHUB_CLIENT_CONFIRMATION_OK"
21150,10405356799,10405356890,1,"IOTHUB_CLIENT_CONFIRMATION_OK"
21151,10405356999,10405357050,1,"IOTHUB_CLIENT_CONFIRMATION_OK"
21152,10405357199,10405357268,1,"IOTHUB_CLIENT_CONFIRMATION_OK"
21153,10405357400,10405357441,1,"IOTHUB_CLIENT_CONFIRMATION_OK"
21154,10405357600,10405357650,1,"IOTHUB_CLIENT_CONFIRMATION_OK"
21155,10405357800,10405357921,1,"IOTHUB_CLIENT_CONFIRMATION_OK"
21156,10405358000,10405358047,1,"IOTHUB_CLIENT_CONFIRMATION_OK"
21157,10405358200,10405358237,1,"IOTHUB_CLIENT_CONFIRMATION_OK"
21158,10405358400,10405358443,1,"IOTHUB_CLIENT_CONFIRMATION_OK"
21159,10405358600,10405358636,1,"IOTHUB_CLIENT_CONFIRMATION_OK"
21160,10405358801,10405358854,1,"IOTHUB_CLIENT_CONFIRMATION_OK"
21161,10405359001,10405359074,1,"IOTHUB_CLIENT_CONFIRMATION_OK"
21162,10405359201,10405359273,1,"IOTHUB_CLIENT_CONFIRMATION_OK"
21163,10405359401,10405359436,1,"IOTHUB_CLIENT_CONFIRMATION_OK"
21164,10405359601,10405359726,1,"IOTHUB_CLIENT_CONFIRMATION_OK"
21165,10405359801,10405359834,1,"IOTHUB_CLIENT_CONFIRMATION_OK"
21166,10405360002,10405360044,1,"IOTHUB_CLIENT_CONFIRMATION_OK"
21167,10405360202,10405360239,1,"IOTHUB_CLIENT_CONFIRMATION_OK"
21168,10405360402,10405360489,1,"IOTHUB_CLIENT_CONFIRMATION_OK"
21169,10405360602,10405360640,1,"IOTHUB_CLIENT_CONFIRMATION_OK"
21170,10405360802,10405360839,1,"IOTHUB_CLIENT_CONFIRMATION_OK"
21171,10405361002,10405361045,1,"IOTHUB_CLIENT_CONFIRMATION_OK"
21172,10405361203,10405361246,1,"IOTHUB_CLIENT_CONFIRMATION_OK"
21173,10405361403,10405361438,1,"IOTHUB_CLIENT_CONFIRMATION_OK"
21174,10405361603,10405361649,1,"IOTHUB_CLIENT_CONFIRMATION_OK"
21175,10405361803,10405361851,1,"IOTHUB_CLIENT_CONFIRMATION_OK"
21176,10405362003,10405362045,1,"IOTHUB_CLIENT_CONFIRMATION_OK"
21177,10405362203,10405362250,1,"IOTHUB_CLIENT_CONFIRMATION_OK"
21178,10405362404,10405362449,1,"IOTHUB_CLIENT_CONFIRMATION_OK"
21179,10405362604,10405362643,1,"IOTHUB_CLIENT_CONFIRMATION_OK"
21180,10405362804,10405362845,1,"IOTHUB_CLIENT_CONFIRMATION_OK"
21181,10405363004,10405363039,1,"IOTHUB_CLIENT_CONFIRMATION_OK"
21182,10405363204,10405363236,1,"IOTHUB_CLIENT_CONFIRMATION_OK"
21183,10405363404,10405363445,1,"IOTHUB_CLIENT_CONFIRMATION_OK"
21184,10405363605,10405363640,1,"IOTHUB_CLIENT_CONFIRMATION_OK"
21185,10405363805,10405363848,1,"IOTHUB_CLIENT_CONFIRMATION_OK"
21186,10405364005,10405364090,1,"IOTHUB_CLIENT_CONFIRMATION_OK"
21187,10405364205,10405364254,1,"IOTHUB_CLIENT_CONFIRMATION_OK"
21188,10405364405,10405364441,1,"IOTHUB_CLIENT_CONFIRMATION_OK"
21189,10405364605,10405364659,1,"IOTHUB_CLIENT_CONFIRMATION_OK"
21190,10405364805,10405364844,1,"IOTHUB_CLIENT_CONFIRMATION_OK"
21191,10405365006,10405365053,1,"IOTHUB_CLIENT_CONFIRMATION_OK"
21192,10405365206,10405365239,1,"IOTHUB_CLIENT_CONFIRMATION_OK"
21193,10405365406,10405365460,1,"IOTHUB_CLIENT_CONFIRMATION_OK"
21194,10405365606,10405365649,1,"IOTHUB_CLIENT_CONFIRMATION_OK"
21195,10405365806,10405365854,1,"IOTHUB_CLIENT_CONFIRMATION_OK"
21196,10405366006,10405366043,1,"IOTHUB_CLIENT_CONFIRMATION_OK"
21197,10405366207,10405366246,1,"IOTHUB_CLIENT_CONFIRMATION_OK"
21198,10405366407,10405366448,1,"IOTHUB_CLIENT_CONFIRMATION_OK"
21199,10405366607,10405366673,1,"IOTHUB_CLIENT_CONFIRMATION_OK"
21200,10405366807,10405366845,1,"IOTHUB_CLIENT_CONFIRMATION_OK"
21201,10405367007,10405367059,1,"IOTHUB_CLIENT_CONFIRMATION_OK"
21202,10405367207,10405367245,1,"IOTHUB_CLIENT_CONFIRMATION_OK"
21203,10405367408,10405367441,1,"IOTHUB_CLIENT_CONFIRMATION_OK"
21204,10405367608,10405367647,1,"IOTHUB_CLIENT_CONFIRMATION_OK"
21205,10405367808,10405367859,1,"IOTHUB_CLIENT_CONFIRMATION_OK"
21206,10405368008,10405368042,1,"IOTHUB_CLIENT_CONFIRMATION_OK"
21207,10405368208,10405368248,1,"IOTHUB_CLIENT_CONFIRMATION_OK"
21208,10405368408,10405368459,1,"IOTHUB_CLIENT_CONFIRMATION_OK"
21209,10405368608,10405368644,1,"IOTHUB_CLIENT_CONFIRMATION_OK"
21210,10405368809,10405368852,1,"IOTHUB_CLIENT_CONFIRMATION_OK"
21211,10405369009,10405369054,1,"IOTHUB_CLIENT_CONFIRMATION_OK"
21212,10405369209,10405369251,1,"IOTHUB_CLIENT_CONFIRMATION_OK"
21213,10405369409,10405369452,1,"IOTHUB_CLIENT_CONFIRMATION_OK"
21214,10405369609,10405369645,1,"IOTHUB_CLIENT_CONFIRMATION_OK"
21215,10405369809,10405369852,1,"IOTHUB_CLIENT_CONFIRMATION_OK"
21216,10405370010,10405370052,1,"IOTHUB_CLIENT_CONFIRMATION_OK"
21217,10405370210,10405370280,1,"IOTHUB_CLIENT_CONFIRMATION_OK"
21218,10405370410,10405370465,1,"IOTHUB_CLIENT_CONFIRMATION_OK"
21219,10405370610,10405370674,1,"IOTHUB_CLIENT_CONFIRMATION_OK"
21220,10405370810,10405370860,1,"IOTHUB_CLIENT_CONFIRMATION_OK"
21221,10405371010,10405371045,1,"IOTHUB_CLIENT_CONFIRMATION_OK"
21222,10405371210,10405371247,1,"IOTHUB_CLIENT_CONFIRMATION_OK"
21223,10405371411,10405371452,1,"IOTHUB_CLIENT_CONFIRMATION_OK"
21224,10405371611,10405371654,1,"IOTHUB_CLIENT_CONFIRMATION_OK"
21225,10405371811,10405371847,1,"IOTHUB_CLIENT_CONFIRMATION_OK"
21226,10405372011,10405372049,1,"IOTHUB_CLIENT_CONFIRMATION_OK"
21227,10405372211,10405372245,1,"IOTHUB_CLIENT_CONFIRMATION_OK"
21228,10405372411,10405372456,1,"IOTHUB_CLIENT_CONFIRMATION_OK"
21229,10405372612,10405372650,1,"IOTHUB_CLIENT_CONFIRMATION_OK"
21230,10405372812,10405372849,1,"IOTHUB_CLIENT_CONFIRMATION_OK"
21231,10405373012,10405373053,1,"IOTHUB_CLIENT_CONFIRMATION_OK"
21232,10405373212,10405373251,1,"IOTHUB_CLIENT_CONFIRMATION_OK"
21233,10405373412,10405373448,1,"IOTHUB_CLIENT_CONFIRMATION_OK"
21234,10405373612,10405373654,1,"IOTHUB_CLIENT_CONFIRMATION_OK"
21235,10405373813,10405373931,1,"IOTHUB_CLIENT_CONFIRMATION_OK"
21236,10405374013,10405374049,1,"IOTHUB_CLIENT_CONFIRMATION_OK"
21237,10405374213,10405374252,1,"IOTHUB_CLIENT_CONFIRMATION_OK"
21238,10405374413,10405374453,1,"IOTHUB_CLIENT_CONFIRMATION_OK"
21239,10405374613,10405374643,1,"IOTHUB_CLIENT_CONFIRMATION_OK"
21240,10405374813,10405374864,1,"IOTHUB_CLIENT_CONFIRMATION_OK"
21241,10405375014,10405375056,1,"IOTHUB_CLIENT_CONFIRMATION_OK"
21242,10405375214,10405375330,1,"IOTHUB_CLIENT_CONFIRMATION_OK"
21243,10405375414,10405375443,1,"IOTHUB_CLIENT_CONFIRMATION_OK"
21244,10405375614,10405375649,1,"IOTHUB_CLIENT_CONFIRMATION_OK"
21245,10405375814,10405375846,1,"IOTHUB_CLIENT_CONFIRMATION_OK"
21246,10405376014,10405376152,1,"IOTHUB_CLIENT_CONFIRMATION_OK"
21247,10405376214,10405376275,1,"IOTHUB_CLIENT_CONFIRMATION_OK"
21248,10405376415,10405376457,1,"IOTHUB_CLIENT_CONFIRMATION_OK"
21249,10405376615,10405376763,1,"IOTHUB_CLIENT_CONFIRMATION_OK"
21250,10405376815,10405376881,1,"IOTHUB_CLIENT_CONFIRMATION_OK"
21251,10405377015,10405377193,1,"IOTHUB_CLIENT_CONFIRMATION_OK"
21252,10405377215,10405377248,1,"IOTHUB_CLIENT_CONFIRMATION_OK"
21253,10405377415,10405377501,1,"IOTHUB_CLIENT_CONFIRMATION_OK"
21254,10405377616,10405377719,1,"IOTHUB_CLIENT_CONFIRMATION_OK"
21255,10405377816,10405377860,1,"IOTHUB_CLIENT_CONFIRMATION_OK"
21256,10405378016,10405378059,1,"IOTHUB_CLIENT_CONFIRMATION_OK"
21257,10405378216,10405378252,1,"IOTHUB_CLIENT_CONFIRMATION_OK"
21258,10405378416,10405378455,1,"IOTHUB_CLIENT_CONFIRMATION_OK"
21259,10405378616,10405378648,1,"IOTHUB_CLIENT_CONFIRMATION_OK"
21260,10405378816,10405378866,1,"IOTHUB_CLIENT_CONFIRMATION_OK"
21261,10405379017,10405379054,1,"IOTHUB_CLIENT_CONFIRMATION_OK"
21262,10405379217,10405379265,1,"IOTHUB_CLIENT_CONFIRMATION_OK"
21263,10405379417,10405379483,1,"IOTHUB_CLIENT_CONFIRMATION_OK"
21264,10405379617,10405379668,1,"IOTHUB_CLIENT_CONFIRMATION_OK"
21265,10405379817,10405379924,1,"IOTHUB_CLIENT_CONFIRMATION_OK"
21266,10405380017,10405380136,1,"IOTHUB_CLIENT_CONFIRMATION_OK"
21267,10405380218,10405380277,1,"IOTHUB_CLIENT_CONFIRMATION_OK"
21268,10405380418,10405380455,1,"IOTHUB_CLIENT_CONFIRMATION_OK"
21269,10405380618,10405380651,1,"IOTHUB_CLIENT_CONFIRMATION_OK"
21270,10405380818,10405380945,1,"IOTHUB_CLIENT_CONFIRMATION_OK"
21271,10405381018,10405381061,1,"IOTHUB_CLIENT_CONFIRMATION_OK"
21272,10405381218,10405381374,1,"IOTHUB_CLIENT_CONFIRMATION_OK"
21273,10405381419,10405381453,1,"IOTHUB_CLIENT_CONFIRMATION_OK"
21274,10405381619,10405381770,1,"IOTHUB_CLIENT_CONFIRMATION_OK"
21275,10405381819,10405381856,1,"IOTHUB_CLIENT_CONFIRMATION_OK"
21276,10405382019,10405382175,1,"IOTHUB_CLIENT_CONFIRMATION_OK"
21277,10405382219,10405382261,1,"IOTHUB_CLIENT_CONFIRMATION_OK"
21278,10405382419,10405382589,1,"IOTHUB_CLIENT_CONFIRMATION_OK"
21279,10405382620,10405382736,1,"IOTHUB_CLIENT_CONFIRMATION_OK"
21280,10405382820,10405382862,1,"IOTHUB_CLIENT_CONFIRMATION_OK"
21281,10405383020,10405383055,1,"IOTHUB_CLIENT_CONFIRMATION_OK"
21282,10405383220,10405383266,1,"IOTHUB_CLIENT_CONFIRMATION_OK"
21283,10405383420,10405383464,1,"IOTHUB_CLIENT_CONFIRMATION_OK"
21284,10405383620,10405383671,1,"IOTHUB_CLIENT_CONFIRMATION_OK"
21285,10405383820,10405384010,1,"IOTHUB_CLIENT_CONFIRMATION_OK"
21286,10405384021,10405384068,1,"IOTHUB_CLIENT_CONFIRMATION_OK"
21287,10405384221,10405384268,1,"IOTHUB_CLIENT_CONFIRMATION_OK"
21288,10405384421,10405384463,1,"IOTHUB_CLIENT_CONFIRMATION_OK"
21289,10405384621,10405384701,1,"IOTHUB_CLIENT_CONFIRMATION_OK"
21290,10405384821,10405384855,1,"IOTHUB_CLIENT_CONFIRMATION_OK"
21291,10405385021,10405385061,1,"IOTHUB_CLIENT_CONFIRMATION_OK"
21292,10405385222,10405385255,1,"IOTHUB_CLIENT_CONFIRMATION_OK"
21293,10405385422,10405385460,1,"IOTHUB_CLIENT_CONFIRMATION_OK"
21294,10405385622,10405385662,1,"IOTHUB_CLIENT_CONFIRMATION_OK"
21295,10405385822,10405385867,1,"IOTHUB_CLIENT_CONFIRMATION_OK"
21296,10405386022,10405386060,1,"IOTHUB_CLIENT_CONFIRMATION_OK"
21297,10405386222,10405386256,1,"IOTHUB_CLIENT_CONFIRMATION_OK"
21298,10405386423,10405386479,1,"IOTHUB_CLIENT_CONFIRMATION_OK"
21299,10405386623,10405386665,1,"IOTHUB_CLIENT_CONFIRMATION_OK"
21300,10405386823,10405386880,1,"IOTHUB_CLIENT_CONFIRMATION_OK"
21301,10405387023,10405387062,1,"IOTHUB_CLIENT_CONFIRMATION_OK"
21302,10405387223,10405387317,1,"IOTHUB_CLIENT_CONFIRMATION_OK"
21303,10405387423,10405387465,1,"IOTHUB_CLIENT_CONFIRMATION_OK"
21304,10405387624,10405387711,1,"IOTHUB_CLIENT_CONFIRMATION_OK"
21305,10405387824,10405387944,1,"IOTHUB_CLIENT_CONFIRMATION_OK"
21306,10405388024,10405388155,1,"IOTHUB_CLIENT_CONFIRMATION_OK"
21307,10405388224,10405388342,1,"IOTHUB_CLIENT_CONFIRMATION_OK"
21308,10405388424,10405388475,1,"IOTHUB_CLIENT_CONFIRMATION_OK"
21309,10405388624,10405388665,1,"IOTHUB_CLIENT_CONFIRMATION_OK"
21310,10405388824,10405388866,1,"IOTHUB_CLIENT_CONFIRMATION_OK"
21311,10405389025,10405389067,1,"IOTHUB_CLIENT_CONFIRMATION_OK"
21312,10405389225,10405389369,1,"IOTHUB_CLIENT_CONFIRMATION_OK"
21313,10405389425,10405389462,1,"IOTHUB_CLIENT_CONFIRMATION_OK"
21314,10405389625,10405389662,1,"IOTHUB_CLIENT_CONFIRMATION_OK"
21315,10405389825,10405389863,1,"IOTHUB_CLIENT_CONFIRMATION_OK"
21316,10405390025,10405390059,1,"IOTHUB_CLIENT_CONFIRMATION_OK"
21317,10405390226,10405390256,1,"IOTHUB_CLIENT_CONFIRMATION_OK"
21318,10405390426,10405390588,1,"IOTHUB_CLIENT_CONFIRMATION_OK"
21319,10405390626,10405390669,1,"IOTHUB_CLIENT_CONFIRMATION_OK"
21320,10405390826,10405390912,1,"IOTHUB_CLIENT_CONFIRMATION_OK"
21321,10405391026,10405391063,1,"IOTHUB_CLIENT_CONFIRMATION_OK"
21322,10405391226,10405391272,1,"IOTHUB_CLIENT_CONFIRMATION_OK"
21323,10405391427,10405391461,1,"IOTHUB_CLIENT_CONFIRMATION_OK"
21324,10405391627,10405391661,1,"IOTHUB_CLIENT_CONFIRMATION_OK"
21325,10405391827,10405391865,1,"IOTHUB_CLIENT_CONFIRMATION_OK"
21326,10405392027,10405392065,1,"IOTHUB_CLIENT_CONFIRMATION_OK"
21327,10405392227,10405392447,1,"IOTHUB_CLIENT_CONFIRMATION_OK"
21328,10405392427,10405392492,1,"IOTHUB_CLIENT_CONFIRMATION_OK"
21329,10405392627,10405392662,1,"IOTHUB_CLIENT_CONFIRMATION_OK"
21330,10405392828,10405392867,1,"IOTHUB_CLIENT_CONFIRMATION_OK"
21331,10405393028,10405393076,1,"IOTHUB_CLIENT_CONFIRMATION_OK"
21332,10405393228,10405393274,1,"IOTHUB_CLIENT_CONFIRMATION_OK"
21333,10405393428,10405393468,1,"IOTHUB_CLIENT_CONFIRMATION_OK"
21334,10405393628,10405393671,1,"IOTHUB_CLIENT_CONFIRMATION_OK"
21335,10405393828,10405393925,1,"IOTHUB_CLIENT_CONFIRMATION_OK"
21336,10405394029,10405394069,1,"IOTHUB_CLIENT_CONFIRMATION_OK"
21337,10405394229,10405394272,1,"IOTHUB_CLIENT_CONFIRMATION_OK"
21338,10405394429,10405394468,1,"IOTHUB_CLIENT_CONFIRMATION_OK"
21339,10405394629,10405394670,1,"IOTHUB_CLIENT_CONFIRMATION_OK"
21340,10405394829,10405394865,1,"IOTHUB_CLIENT_CONFIRMATION_OK"
21341,10405395029,10405395078,1,"IOTHUB_CLIENT_CONFIRMATION_OK"
21342,10405395230,10405395280,1,"IOTHUB_CLIENT_CONFIRMATION_OK"
21343,10405395430,10405395462,1,"IOTHUB_CLIENT_CONFIRMATION_OK"
21344,10405395630,10405395666,1,"IOTHUB_CLIENT_CONFIRMATION_OK"
21345,10405395830,10405395921,1,"IOTHUB_CLIENT_CONFIRMATION_OK"
21346,10405396030,10405396061,1,"IOTHUB_CLIENT_CONFIRMATION_OK"
21347,10405396230,10405396270,1,"IOTHUB_CLIENT_CONFIRMATION_OK"
21348,10405396430,10405396540,1,"IOTHUB_CLIENT_CONFIRMATION_OK"
21349,10405396631,10405396690,1,"IOTHUB_CLIENT_CONFIRMATION_OK"
21350,10405396831,10405396872,1,"IOTHUB_CLIENT_CONFIRMATION_OK"
21351,10405397031,10405397165,1,"IOTHUB_CLIENT_CONFIRMATION_OK"
21352,10405397231,10405397272,1,"IOTHUB_CLIENT_CONFIRMATION_OK"
21353,10405397431,10405397466,1,"IOTHUB_CLIENT_CONFIRMATION_OK"
21354,10405397631,10405397786,1,"IOTHUB_CLIENT_CONFIRMATION_OK"
21355,10405397832,10405397871,1,"IOTHUB_CLIENT_CONFIRMATION_OK"
21356,10405398032,10405398066,1,"IOTHUB_CLIENT_CONFIRMATION_OK"
21357,10405398232,10405398356,1,"IOTHUB_CLIENT_CONFIRMATION_OK"
21358,10405398432,10405398476,1,"IOTHUB_CLIENT_CONFIRMATION_OK"
21359,10405398632,10405398671,1,"IOTHUB_CLIENT_CONFIRMATION_OK"
21360,10405398832,10405398877,1,"IOTHUB_CLIENT_CONFIRMATION_OK"
21361,10405399032,10405399071,1,"IOTHUB_CLIENT_CONFIRMATION_OK"
21362,10405399233,10405399281,1,"IOTHUB_CLIENT_CONFIRMATION_OK"
21363,10405399433,10405399484,1,"IOTHUB_CLIENT_CONFIRMATION_OK"
21364,10405399633,10405399675,1,"IOTHUB_CLIENT_CONFIRMATION_OK"
21365,10405399833,10405399882,1,"IOTHUB_CLIENT_CONFIRMATION_OK"
21366,10405400033,10405400078,1,"IOTHUB_CLIENT_CONFIRMATION_OK"
21367,10405400233,10405400268,1,"IOTHUB_CLIENT_CONFIRMATION_OK"
21368,10405400433,10405400479,1,"IOTHUB_CLIENT_CONFIRMATION_OK"
21369,10405400634,10405400669,1,"IOTHUB_CLIENT_CONFIRMATION_OK"
21370,10405400834,10405400879,1,"IOTHUB_CLIENT_CONFIRMATION_OK"
21371,10405401034,10405401079,1,"IOTHUB_CLIENT_CONFIRMATION_OK"
21372,10405401234,10405401267,1,"IOTHUB_CLIENT_CONFIRMATION_OK"
21373,10405401434,10405401515,1,"IOTHUB_CLIENT_CONFIRMATION_OK"
21374,10405401634,10405401670,1,"IOTHUB_CLIENT_CONFIRMATION_OK"
21375,10405401834,10405401874,1,"IOTHUB_CLIENT_CONFIRMATION_OK"
21376,10405402035,10405402066,1,"IOTHUB_CLIENT_CONFIRMATION_OK"
21377,10405402235,10405402277,1,"IOTHUB_CLIENT_CONFIRMATION_OK"
21378,10405402435,10405402547,1,"IOTHUB_CLIENT_CONFIRMATION_OK"
21379,10405402635,10405402672,1,"IOTHUB_CLIENT_CONFIRMATION_OK"
21380,10405402835,10405402909,1,"IOTHUB_CLIENT_CONFIRMATION_OK"
21381,10405403035,10405403083,1,"IOTHUB_CLIENT_CONFIRMATION_OK"
21382,10405403235,10405403280,1,"IOTHUB_CLIENT_CONFIRMATION_OK"
21383,10405403436,10405403469,1,"IOTHUB_CLIENT_CONFIRMATION_OK"
21384,10405403636,10405403680,1,"IOTHUB_CLIENT_CONFIRMATION_OK"
21385,10405403836,10405403876,1,"IOTHUB_CLIENT_CONFIRMATION_OK"
21386,10405404036,10405404069,1,"IOTHUB_CLIENT_CONFIRMATION_OK"
21387,10405404236,10405404275,1,"IOTHUB_CLIENT_CONFIRMATION_OK"
21388,10405404436,10405404482,1,"IOTHUB_CLIENT_CONFIRMATION_OK"
21389,10405404637,10405404760,1,"IOTHUB_CLIENT_CONFIRMATION_OK"
21390,10405404837,10405404871,1,"IOTHUB_CLIENT_CONFIRMATION_OK"
21391,10405405037,10405405085,1,"IOTHUB_CLIENT_CONFIRMATION_OK"
21392,10405405237,10405405478,1,"IOTHUB_CLIENT_CONFIRMATION_OK"
21393,10405405437,10405405512,1,"IOTHUB_CLIENT_CONFIRMATION_OK"
21394,10405405637,10405405698,1,"IOTHUB_CLIENT_CONFIRMATION_OK"
21395,10405405838,10405406035,1,"IOTHUB_CLIENT_CONFIRMATION_OK"
21396,10405406038,10405406080,1,"IOTHUB_CLIENT_CONFIRMATION_OK"
21397,10405406238,10405406341,1,"IOTHUB_CLIENT_CONFIRMATION_OK"
21398,10405406438,10405406501,1,"IOTHUB_CLIENT_CONFIRMATION_OK"
21399,10405406638,10405406689,1,"IOTHUB_CLIENT_CONFIRMATION_OK"
21400,10405406838,10405406876,1,"IOTHUB_CLIENT_CONFIRMATION_OK"
21401,10405407038,10405407081,1,"IOTHUB_CLIENT_CONFIRMATION_OK"
21402,10405407239,10405407278,1,"IOTHUB_CLIENT_CONFIRMATION_OK"
21403,10405407439,10405407481,1,"IOTHUB_CLIENT_CONFIRMATION_OK"
21404,10405407639,10405407676,1,"IOTHUB_CLIENT_CONFIRMATION_OK"
21405,10405407839,10405407879,1,"IOTHUB_CLIENT_CONFIRMATION_OK"
21406,10405408039,10405408091,1,"IOTHUB_CLIENT_CONFIRMATION_OK"
21407,10405408239,10405408276,1,"IOTHUB_CLIENT_CONFIRMATION_OK"
21408,10405408440,10405408482,1,"IOTHUB_CLIENT_CONFIRMATION_OK"
21409,10405408640,10405408691,1,"IOTHUB_CLIENT_CONFIRMATION_OK"
21410,10405408840,10405408876,1,"IOTHUB_CLIENT_CONFIRMATION_OK"
21411,10405409040,10405409099,1,"IOTHUB_CLIENT_CONFIRMATION_OK"
21412,10405409240,10405409294,1,"IOTHUB_CLIENT_CONFIRMATION_OK"
21413,10405409440,10405409488,1,"IOTHUB_CLIENT_CONFIRMATION_OK"
21414,10405409640,10405409706,1,"IOTHUB_CLIENT_CONFIRMATION_OK"
21415,10405409841,10405409885,1,"IOTHUB_CLIENT_CONFIRMATION_OK"
21416,10405410041,10405410075,1,"IOTHUB_CLIENT_CONFIRMATION_OK"
21417,10405410241,10405410320,1,"IOTHUB_CLIENT_CONFIRMATION_OK"
21418,10405410441,10405410556,1,"IOTHUB_CLIENT_CONFIRMATION_OK"
21419,10405410641,10405410766,1,"IOTHUB_CLIENT_CONFIRMATION_OK"
21420,10405410841,10405410910,1,"IOTHUB_CLIENT_CONFIRMATION_OK"
21421,10405411042,10405411080,1,"IOTHUB_CLIENT_CONFIRMATION_OK"
21422,10405411242,10405411288,1,"IOTHUB_CLIENT_CONFIRMATION_OK"
21423,10405411442,10405411546,1,"IOTHUB_CLIENT_CONFIRMATION_OK"
21424,10405411642,10405411687,1,"IOTHUB_CLIENT_CONFIRMATION_OK"
21425,10405411842,10405411878,1,"IOTHUB_CLIENT_CONFIRMATION_OK"
21426,10405412042,10405412100,1,"IOTHUB_CLIENT_CONFIRMATION_OK"
21427,10405412243,10405412282,1,"IOTHUB_CLIENT_CONFIRMATION_OK"
21428,10405412443,10405412480,1,"IOTHUB_CLIENT_CONFIRMATION_OK"
21429,10405412643,10405412696,1,"IOTHUB_CLIENT_CONFIRMATION_OK"
21430,10405412843,10405412887,1,"IOTHUB_CLIENT_CONFIRMATION_OK"
21431,10405413043,10405413081,1,"IOTHUB_CLIENT_CONFIRMATION_OK"
21432,10405413243,10405413282,1,"IOTHUB_CLIENT_CONFIRMATION_OK"
21433,10405413444,10405413602,1,"IOTHUB_CLIENT_CONFIRMATION_OK"
21434,10405413644,10405413686,1,"IOTHUB_CLIENT_CONFIRMATION_OK"
21435,10405413844,10405413878,1,"IOTHUB_CLIENT_CONFIRMATION_OK"
21436,10405414044,10405414208,1,"IOTHUB_CLIENT_CONFIRMATION_OK"
21437,10405414244,10405414283,1,"IOTHUB_CLIENT_CONFIRMATION_OK"
21438,10405414444,10405414480,1,"IOTHUB_CLIENT_CONFIRMATION_OK"
21439,10405414645,10405414778,1,"IOTHUB_CLIENT_CONFIRMATION_OK"
21440,10405414845,10405414883,1,"IOTHUB_CLIENT_CONFIRMATION_OK"
21441,10405415045,10405415078,1,"IOTHUB_CLIENT_CONFIRMATION_OK"
21442,10405415245,10405415276,1,"IOTHUB_CLIENT_CONFIRMATION_OK"
21443,10405415445,10405415483,1,"IOTHUB_CLIENT_CONFIRMATION_OK"
21444,10405415645,10405415677,1,"IOTHUB_CLIENT_CONFIRMATION_OK"
21445,10405415845,10405415888,1,"IOTHUB_CLIENT_CONFIRMATION_OK"
21446,10405416046,10405416103,1,"IOTHUB_CLIENT_CONFIRMATION_OK"
21447,10405416246,10405416293,1,"IOTHUB_CLIENT_CONFIRMATION_OK"
21448,10405416446,10405416493,1,"IOTHUB_CLIENT_CONFIRMATION_OK"
21449,10405416646,10405416688,1,"IOTHUB_CLIENT_CONFIRMATION_OK"
21450,10405416846,10405416891,1,"IOTHUB_CLIENT_CONFIRMATION_OK"
21451,10405417046,10405417090,1,"IOTHUB_CLIENT_CONFIRMATION_OK"
21452,10405417246,10405417286,1,"IOTHUB_CLIENT_CONFIRMATION_OK"
21453,10405417447,10405417495,1,"IOTHUB_CLIENT_CONFIRMATION_OK"
21454,10405417647,10405417700,1,"IOTHUB_CLIENT_CONFIRMATION_OK"
21455,10405417847,10405417902,1,"IOTHUB_CLIENT_CONFIRMATION_OK"
21456,10405418047,10405418101,1,"IOTHUB_CLIENT_CONFIRMATION_OK"
21457,10405418247,10405418390,1,"IOTHUB_CLIENT_CONFIRMATION_OK"
21458,10405418447,10405418482,1,"IOTHUB_CLIENT_CONFIRMATION_OK"
21459,10405418648,10405418695,1,"IOTHUB_CLIENT_CONFIRMATION_OK"
21460,10405418848,10405418892,1,"IOTHUB_CLIENT_CONFIRMATION_OK"
21461,10405419048,10405419086,1,"IOTHUB_CLIENT_CONFIRMATION_OK"
21462,10405419248,10405419301,1,"IOTHUB_CLIENT_CONFIRMATION_OK"
21463,10405419448,10405419482,1,"IOTHUB_CLIENT_CONFIRMATION_OK"
21464,10405419648,10405419693,1,"IOTHUB_CLIENT_CONFIRMATION_OK"
21465,10405419848,10405419881,1,"IOTHUB_CLIENT_CONFIRMATION_OK"
21466,10405420049,10405420097,1,"IOTHUB_CLIENT_CONFIRMATION_OK"
21467,10405420249,10405420285,1,"IOTHUB_CLIENT_CONFIRMATION_OK"
21468,10405420449,10405420482,1,"IOTHUB_CLIENT_CONFIRMATION_OK"
21469,10405420649,10405420690,1,"IOTHUB_CLIENT_CONFIRMATION_OK"
21470,10405420849,10405420905,1,"IOTHUB_CLIENT_CONFIRMATION_OK"
21471,10405421049,10405421117,1,"IOTHUB_CLIENT_CONFIRMATION_OK"
21472,10405421249,10405421282,1,"IOTHUB_CLIENT_CONFIRMATION_OK"
21473,10405421450,10405421501,1,"IOTHUB_CLIENT_CONFIRMATION_OK"
21474,10405421650,10405421696,1,"IOTHUB_CLIENT_CONFIRMATION_OK"
21475,10405421850,10405421888,1,"IOTHUB_CLIENT_CONFIRMATION_OK"
21476,10405422050,10405422090,1,"IOTHUB_CLIENT_CONFIRMATION_OK"
21477,10405422250,10405422318,1,"IOTHUB_CLIENT_CONFIRMATION_OK"
21478,10405422450,10405422482,1,"IOTHUB_CLIENT_CONFIRMATION_OK"
21479,10405422651,10405422684,1,"IOTHUB_CLIENT_CONFIRMATION_OK"
21480,10405422851,10405422898,1,"IOTHUB_CLIENT_CONFIRMATION_OK"
21481,10405423051,10405423091,1,"IOTHUB_CLIENT_CONFIRMATION_OK"
21482,10405423251,10405423325,1,"IOTHUB_CLIENT_CONFIRMATION_OK"
21483,10405423451,10405423489,1,"IOTHUB_CLIENT_CONFIRMATION_OK"
21484,10405423651,10405423751,1,"IOTHUB_CLIENT_CONFIRMATION_OK"
21485,10405423852,10405423902,1,"IOTHUB_CLIENT_CONFIRMATION_OK"
21486,10405424052,10405424089,1,"IOTHUB_CLIENT_CONFIRMATION_OK"
21487,10405424252,10405424355,1,"IOTHUB_CLIENT_CONFIRMATION_OK"
21488,10405424452,10405424497,1,"IOTHUB_CLIENT_CONFIRMATION_OK"
21489,10405424652,10405424690,1,"IOTHUB_CLIENT_CONFIRMATION_OK"
21490,10405424852,10405424949,1,"IOTHUB_CLIENT_CONFIRMATION_OK"
21491,10405425053,10405425096,1,"IOTHUB_CLIENT_CONFIRMATION_OK"
21492,10405425253,10405425295,1,"IOTHUB_CLIENT_CONFIRMATION_OK"
21493,10405425453,10405425561,1,"IOTHUB_CLIENT_CONFIRMATION_OK"
21494,10405425653,10405425702,1,"IOTHUB_CLIENT_CONFIRMATION_OK"
21495,10405425853,10405425888,1,"IOTHUB_CLIENT_CONFIRMATION_OK"
21496,10405426053,10405426179,1,"IOTHUB_CLIENT_CONFIRMATION_OK"
21497,10405426253,10405426324,1,"IOTHUB_CLIENT_CONFIRMATION_OK"
21498,10405426454,10405426505,1,"IOTHUB_CLIENT_CONFIRMATION_OK"
21499,10405426654,10405426691,1,"IOTHUB_CLIENT_CONFIRMATION_OK"
21500,10405426854,10405426906,1,"IOTHUB_CLIENT_CONFIRMATION_OK"
21501,10405427054,10405427104,1,"IOTHUB_CLIENT_CONFIRMATION_OK"
21502,10405427254,10405427297,1,"IOTHUB_CLIENT_CONFIRMATION_OK"
21503,10405427454,10405427499,1,"IOTHUB_CLIENT_CONFIRMATION_OK"
21504,10405427655,10405427690,1,"IOTHUB_CLIENT_CONFIRMATION_OK"
21505,10405427855,10405427893,1,"IOTHUB_CLIENT_CONFIRMATION_OK"
21506,10405428055,10405428104,1,"IOTHUB_CLIENT_CONFIRMATION_OK"
21507,10405428255,10405428295,1,"IOTHUB_CLIENT_CONFIRMATION_OK"
21508,10405428455,10405428495,1,"IOTHUB_CLIENT_CONFIRMATION_OK"
21509,10405428655,10405428693,1,"IOTHUB_CLIENT_CONFIRMATION_OK"
21510,10405428856,10405428900,1,"IOTHUB_CLIENT_CONFIRMATION_OK"
21511,10405429056,10405429098,1,"IOTHUB_CLIENT_CONFIRMATION_OK"
21512,10405429256,10405429307,1,"IOTHUB_CLIENT_CONFIRMATION_OK"
21513,10405429456,10405429531,1,"IOTHUB_CLIENT_CONFIRMATION_OK"
21514,10405429656,10405429693,1,"IOTHUB_CLIENT_CONFIRMATION_OK"
21515,10405429856,10405430097,1,"IOTHUB_CLIENT_CONFIRMATION_OK"
21516,10405430056,10405430125,1,"IOTHUB_CLIENT_CONFIRMATION_OK"
21517,10405430257,10405430293,1,"IOTHUB_CLIENT_CONFIRMATION_OK"
21518,10405430457,10405430500,1,"IOTHUB_CLIENT_CONFIRMATION_OK"
21519,10405430657,10405430697,1,"IOTHUB_CLIENT_CONFIRMATION_OK"
21520,10405430857,10405430972,1,"IOTHUB_CLIENT_CONFIRMATION_OK"
21521,10405431057,10405431091,1,"IOTHUB_CLIENT_CONFIRMATION_OK"
21522,10405431257,10405431294,1,"IOTHUB_CLIENT_CONFIRMATION_OK"
21523,10405431458,10405431502,1,"IOTHUB_CLIENT_CONFIRMATION_OK"
21524,10405431658,10405431718,1,"IOTHUB_CLIENT_CONFIRMATION_OK"
21525,10405431858,10405431908,1,"IOTHUB_CLIENT_CONFIRMATION_OK"
21526,10405432058,10405432096,1,"IOTHUB_CLIENT_CONFIRMATION_OK"
21527,10405432258,10405432314,1,"IOTHUB_CLIENT_CONFIRMATION_OK"
21528,10405432458,10405432531,1,"IOTHUB_CLIENT_CONFIRMATION_OK"
21529,10405432659,10405432735,1,"IOTHUB_CLIENT_CONFIRMATION_OK"
21530,10405432859,10405432900,1,"IOTHUB_CLIENT_CONFIRMATION_OK"
21531,10405433059,10405433233,1,"IOTHUB_CLIENT_CONFIRMATION_OK"
21532,10405433259,10405433301,1,"IOTHUB_CLIENT_CONFIRMATION_OK"
21533,10405433459,10405433506,1,"IOTHUB_CLIENT_CONFIRMATION_OK"
21534,10405433659,10405433853,1,"IOTHUB_CLIENT_CONFIRMATION_OK"
21535,10405433859,10405433929,1,"IOTHUB_CLIENT_CONFIRMATION_OK"
21536,10405434060,10405434107,1,"IOTHUB_CLIENT_CONFIRMATION_OK"
21537,10405434260,10405434471,1,"IOTHUB_CLIENT_CONFIRMATION_OK"
21538,10405434460,10405434508,1,"IOTHUB_CLIENT_CONFIRMATION_OK"
21539,10405434660,10405434696,1,"IOTHUB_CLIENT_CONFIRMATION_OK"
21540,10405434860,10405434899,1,"IOTHUB_CLIENT_CONFIRMATION_OK"
21541,10405435060,10405435095,1,"IOTHUB_CLIENT_CONFIRMATION_OK"
21542,10405435261,10405435313,1,"IOTHUB_CLIENT_CONFIRMATION_OK"
21543,10405435461,10405435507,1,"IOTHUB_CLIENT_CONFIRMATION_OK"
21544,10405435661,10405435710,1,"IOTHUB_CLIENT_CONFIRMATION_OK"
21545,10405435861,10405435901,1,"IOTHUB_CLIENT_CONFIRMATION_OK"
21546,10405436061,10405436099,1,"IOTHUB_CLIENT_CONFIRMATION_OK"
21547,10405436261,10405436304,1,"IOTHUB_CLIENT_CONFIRMATION_OK"
21548,10405436461,10405436521,1,"IOTHUB_CLIENT_CONFIRMATION_OK"
21549,10405436662,10405436702,1,"IOTHUB_CLIENT_CONFIRMATION_OK"
21550,10405436862,10405436902,1,"IOTHUB_CLIENT_CONFIRMATION_OK"
21551,10405437062,10405437105,1,"IOTHUB_CLIENT_CONFIRMATION_OK"
21552,10405437262,10405437312,1,"IOTHUB_CLIENT_CONFIRMATION_OK"
21553,10405437462,10405437693,1,"IOTHUB_CLIENT_CONFIRMATION_OK"
21554,10405437662,10405437713,1,"IOTHUB_CLIENT_CONFIRMATION_OK"
21555,10405437863,10405437903,1,"IOTHUB_CLIENT_CONFIRMATION_OK"
21556,10405438063,10405438327,1,"IOTHUB_CLIENT_CONFIRMATION_OK"
21557,10405438263,10405438384,1,"IOTHUB_CLIENT_CONFIRMATION_OK"
21558,10405438463,10405438503,1,"IOTHUB_CLIENT_CONFIRMATION_OK"
21559,10405438663,10405438702,1,"IOTHUB_CLIENT_CONFIRMATION_OK"
21560,10405438863,10405438932,1,"IOTHUB_CLIENT_CONFIRMATION_OK"
21561,10405439064,10405439097,1,"IOTHUB_CLIENT_CONFIRMATION_OK"
21562,10405439264,10405439305,1,"IOTHUB_CLIENT_CONFIRMATION_OK"
21563,10405439464,10405439511,1,"IOTHUB_CLIENT_CONFIRMATION_OK"
21564,10405439664,10405439729,1,"IOTHUB_CLIENT_CONFIRMATION_OK"
21565,10405439864,10405439910,1,"IOTHUB_CLIENT_CONFIRMATION_OK"
21566,10405440064,10405440120,1,"IOTHUB_CLIENT_CONFIRMATION_OK"
21567,10405440265,10405440344,1,"IOTHUB_CLIENT_CONFIRMATION_OK"
21568,10405440465,10405440510,1,"IOTHUB_CLIENT_CONFIRMATION_OK"
21569,10405440665,10405440728,1,"IOTHUB_CLIENT_CONFIRMATION_OK"
21570,10405440865,10405440904,1,"IOTHUB_CLIENT_CONFIRMATION_OK"
21571,10405441065,10405441127,1,"IOTHUB_CLIENT_CONFIRMATION_OK"
21572,10405441265,10405441325,1,"IOTHUB_CLIENT_CONFIRMATION_OK"
21573,10405441465,10405441509,1,"IOTHUB_CLIENT_CONFIRMATION_OK"
21574,10405441666,10405441701,1,"IOTHUB_CLIENT_CONFIRMATION_OK"
21575,10405441866,10405441936,1,"IOTHUB_CLIENT_CONFIRMATION_OK"
21576,10405442066,10405442111,1,"IOTHUB_CLIENT_CONFIRMATION_OK"
21577,10405442266,10405442306,1,"IOTHUB_CLIENT_CONFIRMATION_OK"
21578,10405442466,10405442505,1,"IOTHUB_CLIENT_CONFIRMATION_OK"
21579,10405442666,10405442704,1,"IOTHUB_CLIENT_CONFIRMATION_OK"
21580,10405442866,10405442906,1,"IOTHUB_CLIENT_CONFIRMATION_OK"
21581,10405443067,10405443100,1,"IOTHUB_CLIENT_CONFIRMATION_OK"
21582,10405443267,10405443307,1,"IOTHUB_CLIENT_CONFIRMATION_OK"
21583,10405443467,10405443503,1,"IOTHUB_CLIENT_CONFIRMATION_OK"
21584,10405443667,10405443705,1,"IOTHUB_CLIENT_CONFIRMATION_OK"
21585,10405443867,10405444035,1,"IOTHUB_CLIENT_CONFIRMATION_OK"
21586,10405444067,10405444111,1,"IOTHUB_CLIENT_CONFIRMATION_OK"
21587,10405444268,10405444306,1,"IOTHUB_CLIENT_CONFIRMATION_OK"
21588,10405444468,10405445210,1,"IOTHUB_CLIENT_CONFIRMATION_OK"
21589,10405444668,10405445308,1,"IOTHUB_CLIENT_CONFIRMATION_OK"
21590,10405444868,10405445407,1,"IOTHUB_CLIENT_CONFIRMATION_OK"
21591,10405445068,10405445490,1,"IOTHUB_CLIENT_CONFIRMATION_OK"
21592,10405445268,10405445574,1,"IOTHUB_CLIENT_CONFIRMATION_OK"
21593,10405445469,10405445621,1,"IOTHUB_CLIENT_CONFIRMATION_OK"
21594,10405445669,10405445800,1,"IOTHUB_CLIENT_CONFIRMATION_OK"
21595,10405445869,10405445963,1,"IOTHUB_CLIENT_CONFIRMATION_OK"
21596,10405446069,10405446103,1,"IOTHUB_CLIENT_CONFIRMATION_OK"
21597,10405446269,10405446406,1,"IOTHUB_CLIENT_CONFIRMATION_OK"
21598,10405446469,10405446537,1,"IOTHUB_CLIENT_CONFIRMATION_OK"
21599,10405446670,10405446715,1,"IOTHUB_CLIENT_CONFIRMATION_OK"
21600,10405446870,10405446972,1,"IOTHUB_CLIENT_CONFIRMATION_OK"
21601,10405447070,10405447109,1,"IOTHUB_CLIENT_CONFIRMATION_OK"
21602,10405447270,10405447327,1,"IOTHUB_CLIENT_CONFIRMATION_OK"
21603,10405447470,10405447513,1,"IOTHUB_CLIENT_CONFIRMATION_OK"
21604,10405447670,10405447715,1,"IOTHUB_CLIENT_CONFIRMATION_OK"
21605,10405447870,10405447908,1,"IOTHUB_CLIENT_CONFIRMATION_OK"
21606,10405448071,10405448115,1,"IOTHUB_CLIENT_CONFIRMATION_OK"
21607,10405448271,10405448307,1,"IOTHUB_CLIENT_CONFIRMATION_OK"
21608,10405448471,10405448511,1,"IOTHUB_CLIENT_CONFIRMATION_OK"
21609,10405448671,10405448707,1,"IOTHUB_CLIENT_CONFIRMATION_OK"
21610,10405448871,10405448925,1,"IOTHUB_CLIENT_CONFIRMATION_OK"
21611,10405449071,10405449111,1,"IOTHUB_CLIENT_CONFIRMATION_OK"
21612,10405449271,10405449320,1,"IOTHUB_CLIENT_CONFIRMATION_OK"
21613,10405449472,10405449521,1,"IOTHUB_CLIENT_CONFIRMATION_OK"
21614,10405449672,10405449725,1,"IOTHUB_CLIENT_CONFIRMATION_OK"
21615,10405449872,10405449910,1,"IOTHUB_CLIENT_CONFIRMATION_OK"
21616,10405450072,10405450119,1,"IOTHUB_CLIENT_CONFIRMATION_OK"
21617,10405450272,10405450310,1,"IOTHUB_CLIENT_CONFIRMATION_OK"
21618,10405450473,10405450505,1,"IOTHUB_CLIENT_CONFIRMATION_OK"
21619,10405450673,10405450713,1,"IOTHUB_CLIENT_CONFIRMATION_OK"
21620,10405450873,10405450914,1,"IOTHUB_CLIENT_CONFIRMATION_OK"
21621,10405451073,10405451109,1,"IOTHUB_CLIENT_CONFIRMATION_OK"
21622,10405451273,10405451335,1,"IOTHUB_CLIENT_CONFIRMATION_OK"
21623,10405451473,10405451538,1,"IOTHUB_CLIENT_CONFIRMATION_OK"
21624,10405451673,10405451717,1,"IOTHUB_CLIENT_CONFIRMATION_OK"
21625,10405451874,10405451916,1,"IOTHUB_CLIENT_CONFIRMATION_OK"
21626,10405452074,10405452142,1,"IOTHUB_CLIENT_CONFIRMATION_OK"
21627,10405452274,10405452303,1,"IOTHUB_CLIENT_CONFIRMATION_OK"
21628,10405452474,10405452525,1,"IOTHUB_CLIENT_CONFIRMATION_OK"
21629,10405452674,10405452749,1,"IOTHUB_CLIENT_CONFIRMATION_OK"
21630,10405452874,10405452912,1,"IOTHUB_CLIENT_CONFIRMATION_OK"
21631,10405453075,10405453125,1,"IOTHUB_CLIENT_CONFIRMATION_OK"
21632,10405453275,10405453457,1,"IOTHUB_CLIENT_CONFIRMATION_OK"
21633,10405453475,10405453509,1,"IOTHUB_CLIENT_CONFIRMATION_OK"
21634,10405453675,10405453711,1,"IOTHUB_CLIENT_CONFIRMATION_OK"
21635,10405453875,10405454010,1,"IOTHUB_CLIENT_CONFIRMATION_OK"
21636,10405454075,10405454111,1,"IOTHUB_CLIENT_CONFIRMATION_OK"
21637,10405454276,10405454314,1,"IOTHUB_CLIENT_CONFIRMATION_OK"
21638,10405454476,10405454519,1,"IOTHUB_CLIENT_CONFIRMATION_OK"
21639,10405454676,10405454756,1,"IOTHUB_CLIENT_CONFIRMATION_OK"
21640,10405454876,10405454964,1,"IOTHUB_CLIENT_CONFIRMATION_OK"
21641,10405455076,10405455114,1,"IOTHUB_CLIENT_CONFIRMATION_OK"
21642,10405455276,10405455309,1,"IOTHUB_CLIENT_CONFIRMATION_OK"
21643,10405455477,10405455507,1,"IOTHUB_CLIENT_CONFIRMATION_OK"
21644,10405455677,10405455726,1,"IOTHUB_CLIENT_CONFIRMATION_OK"
21645,10405455877,10405455914,1,"IOTHUB_CLIENT_CONFIRMATION_OK"
21646,10405456077,10405456111,1,"IOTHUB_CLIENT_CONFIRMATION_OK"
21647,10405456277,10405456306,1,"IOTHUB_CLIENT_CONFIRMATION_OK"
21648,10405456477,10405456589,1,"IOTHUB_CLIENT_CONFIRMATION_OK"
21649,10405456677,10405456715,1,"IOTHUB_CLIENT_CONFIRMATION_OK"
21650,10405456878,10405456921,1,"IOTHUB_CLIENT_CONFIRMATION_OK"
21651,10405457078,10405457124,1,"IOTHUB_CLIENT_CONFIRMATION_OK"
21652,10405457278,10405457316,1,"IOTHUB_CLIENT_CONFIRMATION_OK"
21653,10405457478,10405457541,1,"IOTHUB_CLIENT_CONFIRMATION_OK"
21654,10405457678,10405457895,1,"IOTHUB_CLIENT_CONFIRMATION_OK"
21655,10405457878,10405457948,1,"IOTHUB_CLIENT_CONFIRMATION_OK"
21656,10405458078,10405458136,1,"IOTHUB_CLIENT_CONFIRMATION_OK"
21657,10405458279,10405458499,1,"IOTHUB_CLIENT_CONFIRMATION_OK"
21658,10405458479,10405458519,1,"IOTHUB_CLIENT_CONFIRMATION_OK"
21659,10405458679,10405458722,1,"IOTHUB_CLIENT_CONFIRMATION_OK"
21660,10405458879,10405458938,1,"IOTHUB_CLIENT_CONFIRMATION_OK"
21661,10405459079,10405459116,1,"IOTHUB_CLIENT_CONFIRMATION_OK"
21662,10405459279,10405459328,1,"IOTHUB_CLIENT_CONFIRMATION_OK"
21663,10405459480,10405459534,1,"IOTHUB_CLIENT_CONFIRMATION_OK"
21664,10405459680,10405459725,1,"IOTHUB_CLIENT_CONFIRMATION_OK"
21665,10405459880,10405459931,1,"IOTHUB_CLIENT_CONFIRMATION_OK"
21666,10405460080,10405460134,1,"IOTHUB_CLIENT_CONFIRMATION_OK"
21667,10405460280,10405460356,1,"IOTHUB_CLIENT_CONFIRMATION_OK"
21668,10405460480,10405460531,1,"IOTHUB_CLIENT_CONFIRMATION_OK"
21669,10405460681,10405460713,1,"IOTHUB_CLIENT_CONFIRMATION_OK"
21670,10405460881,10405460997,1,"IOTHUB_CLIENT_CONFIRMATION_OK"
21671,10405461081,10405461113,1,"IOTHUB_CLIENT_CONFIRMATION_OK"
21672,10405461281,10405461328,1,"IOTHUB_CLIENT_CONFIRMATION_OK"
21673,10405461481,10405461567,1,"IOTHUB_CLIENT_CONFIRMATION_OK"
21674,10405461681,10405461720,1,"IOTHUB_CLIENT_CONFIRMATION_OK"
21675,10405461882,10405461921,1,"IOTHUB_CLIENT_CONFIRMATION_OK"
21676,10405462082,10405462197,1,"IOTHUB_CLIENT_CONFIRMATION_OK"
21677,10405462282,10405462338,1,"IOTHUB_CLIENT_CONFIRMATION_OK"
21678,10405462482,10405462518,1,"IOTHUB_CLIENT_CONFIRMATION_OK"
21679,10405462682,10405462713,1,"IOTHUB_CLIENT_CONFIRMATION_OK"
21680,10405462882,10405462923,1,"IOTHUB_CLIENT_CONFIRMATION_OK"
21681,10405463082,10405463192,1,"IOTHUB_CLIENT_CONFIRMATION_OK"
21682,10405463283,10405463321,1,"IOTHUB_CLIENT_CONFIRMATION_OK"
21683,10405463483,10405463557,1,"IOTHUB_CLIENT_CONFIRMATION_OK"
21684,10405463683,10405463739,1,"IOTHUB_CLIENT_CONFIRMATION_OK"
21685,10405463883,10405463930,1,"IOTHUB_CLIENT_CONFIRMATION_OK"
21686,10405464083,10405464138,1,"IOTHUB_CLIENT_CONFIRMATION_OK"
21687,10405464283,10405464329,1,"IOTHUB_CLIENT_CONFIRMATION_OK"
21688,10405464483,10405464529,1,"IOTHUB_CLIENT_CONFIRMATION_OK"
21689,10405464684,10405464720,1,"IOTHUB_CLIENT_CONFIRMATION_OK"
21690,10405464884,10405464920,1,"IOTHUB_CLIENT_CONFIRMATION_OK"
21691,10405465084,10405465133,1,"IOTHUB_CLIENT_CONFIRMATION_OK"
21692,10405465284,10405465457,1,"IOTHUB_CLIENT_CONFIRMATION_OK"
21693,10405465484,10405465519,1,"IOTHUB_CLIENT_CONFIRMATION_OK"
21694,10405465684,10405465718,1,"IOTHUB_CLIENT_CONFIRMATION_OK"
21695,10405465885,10405466104,1,"IOTHUB_CLIENT_CONFIRMATION_OK"
21696,10405466085,10405466136,1,"IOTHUB_CLIENT_CONFIRMATION_OK"
21697,10405466285,10405466360,1,"IOTHUB_CLIENT_CONFIRMATION_OK"
21698,10405466485,10405466529,1,"IOTHUB_CLIENT_CONFIRMATION_OK"
21699,10405466685,10405466728,1,"IOTHUB_CLIENT_CONFIRMATION_OK"
21700,10405466885,10405466934,1,"IOTHUB_CLIENT_CONFIRMATION_OK"
21701,10405467085,10405467141,1,"IOTHUB_CLIENT_CONFIRMATION_OK"
21702,10405467286,10405467324,1,"IOTHUB_CLIENT_CONFIRMATION_OK"
21703,10405467486,10405467546,1,"IOTHUB_CLIENT_CONFIRMATION_OK"
21704,10405467686,10405467724,1,"IOTHUB_CLIENT_CONFIRMATION_OK"
21705,10405467886,10405467928,1,"IOTHUB_CLIENT_CONFIRMATION_OK"
21706,10405468086,10405468115,1,"IOTHUB_CLIENT_CONFIRMATION_OK"
21707,10405468286,10405468336,1,"IOTHUB_CLIENT_CONFIRMATION_OK"
21708,10405468487,10405468533,1,"IOTHUB_CLIENT_CONFIRMATION_OK"
21709,10405468687,10405468725,1,"IOTHUB_CLIENT_CONFIRMATION_OK"
21710,10405468887,10405468931,1,"IOTHUB_CLIENT_CONFIRMATION_OK"
21711,10405469087,10405469141,1,"IOTHUB_CLIENT_CONFIRMATION_OK"
21712,10405469287,10405469324,1,"IOTHUB_CLIENT_CONFIRMATION_OK"
21713,10405469487,10405469521,1,"IOTHUB_CLIENT_CONFIRMATION_OK"
21714,10405469688,10405469766,1,"IOTHUB_CLIENT_CONFIRMATION_OK"
21715,10405469888,10405469925,1,"IOTHUB_CLIENT_CONFIRMATION_OK"
21716,10405470088,10405470160,1,"IOTHUB_CLIENT_CONFIRMATION_OK"
21717,10405470288,10405470342,1,"IOTHUB_CLIENT_CONFIRMATION_OK"
21718,10405470488,10405470524,1,"IOTHUB_CLIENT_CONFIRMATION_OK"
21719,10405470688,10405470723,1,"IOTHUB_CLIENT_CONFIRMATION_OK"
21720,10405470889,10405470933,1,"IOTHUB_CLIENT_CONFIRMATION_OK"
21721,10405471089,10405471139,1,"IOTHUB_CLIENT_CONFIRMATION_OK"
21722,10405471289,10405471319,1,"IOTHUB_CLIENT_CONFIRMATION_OK"
21723,10405471489,10405471543,1,"IOTHUB_CLIENT_CONFIRMATION_OK"
21724,10405471689,10405471755,1,"IOTHUB_CLIENT_CONFIRMATION_OK"
21725,10405471889,10405471932,1,"IOTHUB_CLIENT_CONFIRMATION_OK"
21726,10405472090,10405472147,1,"IOTHUB_CLIENT_CONFIRMATION_OK"
21727,10405472290,10405472364,1,"IOTHUB_CLIENT_CONFIRMATION_OK"
21728,10405472490,10405472525,1,"IOTHUB_CLIENT_CONFIRMATION_OK"
21729,10405472690,10405472733,1,"IOTHUB_CLIENT_CONFIRMATION_OK"
21730,10405472890,10405472939,1,"IOTHUB_CLIENT_CONFIRMATION_OK"
21731,10405473090,10405473131,1,"IOTHUB_CLIENT_CONFIRMATION_OK"
21732,10405473290,10405473343,1,"IOTHUB_CLIENT_CONFIRMATION_OK"
21733,10405473491,10405473526,1,"IOTHUB_CLIENT_CONFIRMATION_OK"
21734,10405473691,10405473746,1,"IOTHUB_CLIENT_CONFIRMATION_OK"
21735,10405473891,10405473935,1,"IOTHUB_CLIENT_CONFIRMATION_OK"
21736,10405474091,10405474139,1,"IOTHUB_CLIENT_CONFIRMATION_OK"
21737,10405474291,10405474335,1,"IOTHUB_CLIENT_CONFIRMATION_OK"
21738,10405474491,10405474531,1,"IOTHUB_CLIENT_CONFIRMATION_OK"
21739,10405474691,10405474746,1,"IOTHUB_CLIENT_CONFIRMATION_OK"
21740,10405474892,10405474938,1,"IOTHUB_CLIENT_CONFIRMATION_OK"
21741,10405475092,10405475127,1,"IOTHUB_CLIENT_CONFIRMATION_OK"
21742,10405475292,10405475346,1,"IOTHUB_CLIENT_CONFIRMATION_OK"
21743,10405475492,10405475533,1,"IOTHUB_CLIENT_CONFIRMATION_OK"
21744,10405475692,10405475735,1,"IOTHUB_CLIENT_CONFIRMATION_OK"
21745,10405475892,10405475929,1,"IOTHUB_CLIENT_CONFIRMATION_OK"
21746,10405476093,10405476204,1,"IOTHUB_CLIENT_CONFIRMATION_OK"
21747,10405476293,10405476337,1,"IOTHUB_CLIENT_CONFIRMATION_OK"
21748,10405476493,10405476539,1,"IOTHUB_CLIENT_CONFIRMATION_OK"
21749,10405476693,10405476756,1,"IOTHUB_CLIENT_CONFIRMATION_OK"
21750,10405476893,10405476934,1,"IOTHUB_CLIENT_CONFIRMATION_OK"
21751,10405477093,10405477131,1,"IOTHUB_CLIENT_CONFIRMATION_OK"
21752,10405477294,10405477388,1,"IOTHUB_CLIENT_CONFIRMATION_OK"
21753,10405477494,10405477527,1,"IOTHUB_CLIENT_CONFIRMATION_OK"
21754,10405477694,10405477733,1,"IOTHUB_CLIENT_CONFIRMATION_OK"
21755,10405477894,10405477999,1,"IOTHUB_CLIENT_CONFIRMATION_OK"
21756,10405478094,10405478148,1,"IOTHUB_CLIENT_CONFIRMATION_OK"
21757,10405478294,10405478346,1,"IOTHUB_CLIENT_CONFIRMATION_OK"
21758,10405478494,10405478534,1,"IOTHUB_CLIENT_CONFIRMATION_OK"
21759,10405478695,10405478728,1,"IOTHUB_CLIENT_CONFIRMATION_OK"
21760,10405478895,10405478955,1,"IOTHUB_CLIENT_CONFIRMATION_OK"
21761,10405479095,10405479147,1,"IOTHUB_CLIENT_CONFIRMATION_OK"
21762,10405479295,10405479334,1,"IOTHUB_CLIENT_CONFIRMATION_OK"
21763,10405479495,10405479530,1,"IOTHUB_CLIENT_CONFIRMATION_OK"
21764,10405479695,10405479729,1,"IOTHUB_CLIENT_CONFIRMATION_OK"
21765,10405479896,10405479938,1,"IOTHUB_CLIENT_CONFIRMATION_OK"
21766,10405480096,10405480141,1,"IOTHUB_CLIENT_CONFIRMATION_OK"
21767,10405480296,10405480340,1,"IOTHUB_CLIENT_CONFIRMATION_OK"
21768,10405480496,10405480533,1,"IOTHUB_CLIENT_CONFIRMATION_OK"
21769,10405480696,10405480739,1,"IOTHUB_CLIENT_CONFIRMATION_OK"
21770,10405480896,10405480958,1,"IOTHUB_CLIENT_CONFIRMATION_OK"
21771,10405481097,10405481249,1,"IOTHUB_CLIENT_CONFIRMATION_OK"
21772,10405481297,10405481342,1,"IOTHUB_CLIENT_CONFIRMATION_OK"
21773,10405481497,10405481560,1,"IOTHUB_CLIENT_CONFIRMATION_OK"
21774,10405481697,10405481859,1,"IOTHUB_CLIENT_CONFIRMATION_OK"
21775,10405481897,10405481939,1,"IOTHUB_CLIENT_CONFIRMATION_OK"
21776,10405482097,10405482149,1,"IOTHUB_CLIENT_CONFIRMATION_OK"
21777,10405482298,10405482474,1,"IOTHUB_CLIENT_CONFIRMATION_OK"
21778,10405482498,10405482533,1,"IOTHUB_CLIENT_CONFIRMATION_OK"
21779,10405482698,10405482883,1,"IOTHUB_CLIENT_CONFIRMATION_OK"
21780,10405482898,10405482944,1,"IOTHUB_CLIENT_CONFIRMATION_OK"
21781,10405483098,10405483132,1,"IOTHUB_CLIENT_CONFIRMATION_OK"
21782,10405483298,10405483344,1,"IOTHUB_CLIENT_CONFIRMATION_OK"
21783,10405483498,10405483534,1,"IOTHUB_CLIENT_CONFIRMATION_OK"
21784,10405483699,10405483737,1,"IOTHUB_CLIENT_CONFIRMATION_OK"
21785,10405483899,10405483938,1,"IOTHUB_CLIENT_CONFIRMATION_OK"
21786,10405484099,10405484140,1,"IOTHUB_CLIENT_CONFIRMATION_OK"
21787,10405484299,10405484338,1,"IOTHUB_CLIENT_CONFIRMATION_OK"
21788,10405484499,10405484538,1,"IOTHUB_CLIENT_CONFIRMATION_OK"
21789,10405484699,10405484742,1,"IOTHUB_CLIENT_CONFIRMATION_OK"
21790,10405484899,10405484936,1,"IOTHUB_CLIENT_CONFIRMATION_OK"
21791,10405485100,10405485137,1,"IOTHUB_CLIENT_CONFIRMATION_OK"
21792,10405485300,10405485340,1,"IOTHUB_CLIENT_CONFIRMATION_OK"
21793,10405485500,10405485534,1,"IOTHUB_CLIENT_CONFIRMATION_OK"
21794,10405485700,10405485743,1,"IOTHUB_CLIENT_CONFIRMATION_OK"
21795,10405485900,10405485964,1,"IOTHUB_CLIENT_CONFIRMATION_OK"
21796,10405486100,10405486249,1,"IOTHUB_CLIENT_CONFIRMATION_OK"
21797,10405486301,10405486356,1,"IOTHUB_CLIENT_CONFIRMATION_OK"
21798,10405486501,10405486539,1,"IOTHUB_CLIENT_CONFIRMATION_OK"
21799,10405486701,10405486741,1,"IOTHUB_CLIENT_CONFIRMATION_OK"
21800,10405486901,10405486941,1,"IOTHUB_CLIENT_CONFIRMATION_OK"
21801,10405487101,10405487149,1,"IOTHUB_CLIENT_CONFIRMATION_OK"
21802,10405487301,10405487343,1,"IOTHUB_CLIENT_CONFIRMATION_OK"
21803,10405487501,10405487582,1,"IOTHUB_CLIENT_CONFIRMATION_OK"
21804,10405487702,10405487742,1,"IOTHUB_CLIENT_CONFIRMATION_OK"
21805,10405487902,10405487944,1,"IOTHUB_CLIENT_CONFIRMATION_OK"
21806,10405488102,10405488175,1,"IOTHUB_CLIENT_CONFIRMATION_OK"
21807,10405488302,10405488350,1,"IOTHUB_CLIENT_CONFIRMATION_OK"
21808,10405488502,10405488554,1,"IOTHUB_CLIENT_CONFIRMATION_OK"
21809,10405488702,10405488786,1,"IOTHUB_CLIENT_CONFIRMATION_OK"
21810,10405488903,10405488938,1,"IOTHUB_CLIENT_CONFIRMATION_OK"
21811,10405489103,10405489166,1,"IOTHUB_CLIENT_CONFIRMATION_OK"
21812,10405489303,10405489455,1,"IOTHUB_CLIENT_CONFIRMATION_OK"
21813,10405489503,10405489540,1,"IOTHUB_CLIENT_CONFIRMATION_OK"
21814,10405489703,10405489736,1,"IOTHUB_CLIENT_CONFIRMATION_OK"
21815,10405489903,10405490063,1,"IOTHUB_CLIENT_CONFIRMATION_OK"
21816,10405490104,10405490147,1,"IOTHUB_CLIENT_CONFIRMATION_OK"
21817,10405490304,10405490343,1,"IOTHUB_CLIENT_CONFIRMATION_OK"
21818,10405490504,10405490541,1,"IOTHUB_CLIENT_CONFIRMATION_OK"
21819,10405490704,10405490750,1,"IOTHUB_CLIENT_CONFIRMATION_OK"
21820,10405490904,10405490936,1,"IOTHUB_CLIENT_CONFIRMATION_OK"
21821,10405491104,10405491144,1,"IOTHUB_CLIENT_CONFIRMATION_OK"
21822,10405491305,10405491345,1,"IOTHUB_CLIENT_CONFIRMATION_OK"
21823,10405491505,10405491560,1,"IOTHUB_CLIENT_CONFIRMATION_OK"
21824,10405491705,10405491737,1,"IOTHUB_CLIENT_CONFIRMATION_OK"
21825,10405491905,10405491948,1,"IOTHUB_CLIENT_CONFIRMATION_OK"
21826,10405492105,10405492149,1,"IOTHUB_CLIENT_CONFIRMATION_OK"
21827,10405492305,10405492416,1,"IOTHUB_CLIENT_CONFIRMATION_OK"
21828,10405492506,10405492535,1,"IOTHUB_CLIENT_CONFIRMATION_OK"
21829,10405492706,10405492754,1,"IOTHUB_CLIENT_CONFIRMATION_OK"
21830,10405492906,10405492958,1,"IOTHUB_CLIENT_CONFIRMATION_OK"
21831,10405493106,10405493142,1,"IOTHUB_CLIENT_CONFIRMATION_OK"
21832,10405493306,10405493351,1,"IOTHUB_CLIENT_CONFIRMATION_OK"
21833,10405493506,10405493549,1,"IOTHUB_CLIENT_CONFIRMATION_OK"
21834,10405493707,10405493744,1,"IOTHUB_CLIENT_CONFIRMATION_OK"
21835,10405493907,10405493945,1,"IOTHUB_CLIENT_CONFIRMATION_OK"
21836,10405494107,10405494143,1,"IOTHUB_CLIENT_CONFIRMATION_OK"
21837,10405494307,10405494538,1,"IOTHUB_CLIENT_CONFIRMATION_OK"
21838,10405494507,10405494552,1,"IOTHUB_CLIENT_CONFIRMATION_OK"
21839,10405494707,10405494749,1,"IOTHUB_CLIENT_CONFIRMATION_OK"
21840,10405494908,10405494959,1,"IOTHUB_CLIENT_CONFIRMATION_OK"
21841,10405495108,10405495156,1,"IOTHUB_CLIENT_CONFIRMATION_OK"
21842,10405495308,10405495398,1,"IOTHUB_CLIENT_CONFIRMATION_OK"
21843,10405495508,10405495574,1,"IOTHUB_CLIENT_CONFIRMATION_OK"
21844,10405495708,10405495857,1,"IOTHUB_CLIENT_CONFIRMATION_OK"
21845,10405495908,10405495949,1,"IOTHUB_CLIENT_CONFIRMATION_OK"
21846,10405496108,10405496170,1,"IOTHUB_CLIENT_CONFIRMATION_OK"
21847,10405496309,10405496433,1,"IOTHUB_CLIENT_CONFIRMATION_OK"
21848,10405496509,10405496539,1,"IOTHUB_CLIENT_CONFIRMATION_OK"
21849,10405496709,10405496767,1,"IOTHUB_CLIENT_CONFIRMATION_OK"
21850,10405496909,10405497041,1,"IOTHUB_CLIENT_CONFIRMATION_OK"
21851,10405497109,10405497154,1,"IOTHUB_CLIENT_CONFIRMATION_OK"
21852,10405497309,10405497381,1,"IOTHUB_CLIENT_CONFIRMATION_OK"
21853,10405497510,10405497672,1,"IOTHUB_CLIENT_CONFIRMATION_OK"
21854,10405497710,10405497742,1,"IOTHUB_CLIENT_CONFIRMATION_OK"
21855,10405497910,10405497951,1,"IOTHUB_CLIENT_CONFIRMATION_OK"
21856,10405498110,10405498333,1,"IOTHUB_CLIENT_CONFIRMATION_OK"
21857,10405498310,10405498351,1,"IOTHUB_CLIENT_CONFIRMATION_OK"
21858,10405498510,10405498548,1,"IOTHUB_CLIENT_CONFIRMATION_OK"
21859,10405498711,10405498753,1,"IOTHUB_CLIENT_CONFIRMATION_OK"
21860,10405498911,10405498956,1,"IOTHUB_CLIENT_CONFIRMATION_OK"
21861,10405499111,10405499179,1,"IOTHUB_CLIENT_CONFIRMATION_OK"
21862,10405499311,10405499351,1,"IOTHUB_CLIENT_CONFIRMATION_OK"
21863,10405499511,10405499562,1,"IOTHUB_CLIENT_CONFIRMATION_OK"
21864,10405499711,10405499765,1,"IOTHUB_CLIENT_CONFIRMATION_OK"
21865,10405499911,10405499962,1,"IOTHUB_CLIENT_CONFIRMATION_OK"
21866,10405500112,10405500146,1,"IOTHUB_CLIENT_CONFIRMATION_OK"
21867,10405500312,10405500346,1,"IOTHUB_CLIENT_CONFIRMATION_OK"
21868,10405500512,10405500551,1,"IOTHUB_CLIENT_CONFIRMATION_OK"
21869,10405500712,10405500803,1,"IOTHUB_CLIENT_CONFIRMATION_OK"
21870,10405500912,10405500949,1,"IOTHUB_CLIENT_CONFIRMATION_OK"
21871,10405501112,10405501153,1,"IOTHUB_CLIENT_CONFIRMATION_OK"
21872,10405501313,10405501381,1,"IOTHUB_CLIENT_CONFIRMATION_OK"
21873,10405501513,10405501548,1,"IOTHUB_CLIENT_CONFIRMATION_OK"
21874,10405501713,10405501750,1,"IOTHUB_CLIENT_CONFIRMATION_OK"
21875,10405501913,10405501989,1,"IOTHUB_CLIENT_CONFIRMATION_OK"
21876,10405502113,10405502152,1,"IOTHUB_CLIENT_CONFIRMATION_OK"
21877,10405502313,10405502372,1,"IOTHUB_CLIENT_CONFIRMATION_OK"
21878,10405502514,10405502608,1,"IOTHUB_CLIENT_CONFIRMATION_OK"
21879,10405502714,10405502776,1,"IOTHUB_CLIENT_CONFIRMATION_OK"
21880,10405502914,10405502962,1,"IOTHUB_CLIENT_CONFIRMATION_OK"
21881,10405503114,10405503169,1,"IOTHUB_CLIENT_CONFIRMATION_OK"
21882,10405503314,10405503367,1,"IOTHUB_CLIENT_CONFIRMATION_OK"
21883,10405503514,10405503561,1,"IOTHUB_CLIENT_CONFIRMATION_OK"
21884,10405503715,10405503783,1,"IOTHUB_CLIENT_CONFIRMATION_OK"
21885,10405503915,10405503950,1,"IOTHUB_CLIENT_CONFIRMATION_OK"
21886,10405504115,10405504388,1,"IOTHUB_CLIENT_CONFIRMATION_OK"
21887,10405504315,10405504521,1,"IOTHUB_CLIENT_CONFIRMATION_OK"
21888,10405504515,10405504893,1,"IOTHUB_CLIENT_CONFIRMATION_OK"
21889,10405504715,10405504939,1,"IOTHUB_CLIENT_CONFIRMATION_OK"
21890,10405504916,10405504985,1,"IOTHUB_CLIENT_CONFIRMATION_OK"
21891,10405505116,10405505180,1,"IOTHUB_CLIENT_CONFIRMATION_OK"
21892,10405505316,10405505355,1,"IOTHUB_CLIENT_CONFIRMATION_OK"
21893,10405505516,10405505554,1,"IOTHUB_CLIENT_CONFIRMATION_OK"
21894,10405505716,10405505762,1,"IOTHUB_CLIENT_CONFIRMATION_OK"
21895,10405505916,10405505949,1,"IOTHUB_CLIENT_CONFIRMATION_OK"
21896,10405506116,10405506157,1,"IOTHUB_CLIENT_CONFIRMATION_OK"
21897,10405506316,10405506363,1,"IOTHUB_CLIENT_CONFIRMATION_OK"
21898,10405506517,10405506569,1,"IOTHUB_CLIENT_CONFIRMATION_OK"
21899,10405506717,10405506760,1,"IOTHUB_CLIENT_CONFIRMATION_OK"
21900,10405506917,10405506956,1,"IOTHUB_CLIENT_CONFIRMATION_OK"
21901,10405507117,10405507209,1,"IOTHUB_CLIENT_CONFIRMATION_OK"
21902,10405507317,10405507355,1,"IOTHUB_CLIENT_CONFIRMATION_OK"
21903,10405507517,10405507621,1,"IOTHUB_CLIENT_CONFIRMATION_OK"
21904,10405507718,10405507831,1,"IOTHUB_CLIENT_CONFIRMATION_OK"
21905,10405507918,10405507958,1,"IOTHUB_CLIENT_CONFIRMATION_OK"
21906,10405508118,10405508164,1,"IOTHUB_CLIENT_CONFIRMATION_OK"
21907,10405508318,10405508375,1,"IOTHUB_CLIENT_CONFIRMATION_OK"
21908,10405508518,10405508552,1,"IOTHUB_CLIENT_CONFIRMATION_OK"
21909,10405508718,10405508758,1,"IOTHUB_CLIENT_CONFIRMATION_OK"
21910,10405508919,10405509060,1,"IOTHUB_CLIENT_CONFIRMATION_OK"
21911,10405509119,10405509192,1,"IOTHUB_CLIENT_CONFIRMATION_OK"
21912,10405509319,10405509359,1,"IOTHUB_CLIENT_CONFIRMATION_OK"
21913,10405509519,10405509658,1,"IOTHUB_CLIENT_CONFIRMATION_OK"
21914,10405509719,10405509756,1,"IOTHUB_CLIENT_CONFIRMATION_OK"
21915,10405509919,10405509987,1,"IOTHUB_CLIENT_CONFIRMATION_OK"
21916,10405510120,10405510268,1,"IOTHUB_CLIENT_CONFIRMATION_OK"
21917,10405510320,10405510364,1,"IOTHUB_CLIENT_CONFIRMATION_OK"
21918,10405510520,10405510568,1,"IOTHUB_CLIENT_CONFIRMATION_OK"
21919,10405510720,10405510764,1,"IOTHUB_CLIENT_CONFIRMATION_OK"
21920,10405510920,10405510992,1,"IOTHUB_CLIENT_CONFIRMATION_OK"
21921,10405511120,10405511156,1,"IOTHUB_CLIENT_CONFIRMATION_OK"
21922,10405511321,10405511358,1,"IOTHUB_CLIENT_CONFIRMATION_OK"
21923,10405511521,10405511562,1,"IOTHUB_CLIENT_CONFIRMATION_OK"
21924,10405511721,10405511764,1,"IOTHUB_CLIENT_CONFIRMATION_OK"
21925,10405511921,10405511956,1,"IOTHUB_CLIENT_CONFIRMATION_OK"
21926,10405512121,10405512157,1,"IOTHUB_CLIENT_CONFIRMATION_OK"
21927,10405512321,10405512369,1,"IOTHUB_CLIENT_CONFIRMATION_OK"
21928,10405512521,10405512559,1,"IOTHUB_CLIENT_CONFIRMATION_OK"
21929,10405512722,10405512815,1,"IOTHUB_CLIENT_CONFIRMATION_OK"
21930,10405512922,10405512967,1,"IOTHUB_CLIENT_CONFIRMATION_OK"
21931,10405513122,10405513156,1,"IOTHUB_CLIENT_CONFIRMATION_OK"
21932,10405513322,10405513412,1,"IOTHUB_CLIENT_CONFIRMATION_OK"
21933,10405513522,10405513561,1,"IOTHUB_CLIENT_CONFIRMATION_OK"
21934,10405513722,10405513759,1,"IOTHUB_CLIENT_CONFIRMATION_OK"
21935,10405513922,10405514020,1,"IOTHUB_CLIENT_CONFIRMATION_OK"
21936,10405514123,10405514157,1,"IOTHUB_CLIENT_CONFIRMATION_OK"
21937,10405514323,10405514369,1,"IOTHUB_CLIENT_CONFIRMATION_OK"
21938,10405514523,10405514561,1,"IOTHUB_CLIENT_CONFIRMATION_OK"
21939,10405514723,10405514762,1,"IOTHUB_CLIENT_CONFIRMATION_OK"
21940,10405514923,10405514960,1,"IOTHUB_CLIENT_CONFIRMATION_OK"
21941,10405515123,10405515169,1,"IOTHUB_CLIENT_CONFIRMATION_OK"
21942,10405515324,10405515360,1,"IOTHUB_CLIENT_CONFIRMATION_OK"
21943,10405515524,10405515559,1,"IOTHUB_CLIENT_CONFIRMATION_OK"
21944,10405515724,10405515762,1,"IOTHUB_CLIENT_CONFIRMATION_OK"
21945,10405515924,10405515965,1,"IOTHUB_CLIENT_CONFIRMATION_OK"
21946,10405516124,10405516182,1,"IOTHUB_CLIENT_CONFIRMATION_OK"
21947,10405516324,10405516363,1,"IOTHUB_CLIENT_CONFIRMATION_OK"
21948,10405516525,10405516558,1,"IOTHUB_CLIENT_CONFIRMATION_OK"
21949,10405516725,10405516764,1,"IOTHUB_CLIENT_CONFIRMATION_OK"
21950,10405516925,10405516963,1,"IOTHUB_CLIENT_CONFIRMATION_OK"
21951,10405517125,10405517270,1,"IOTHUB_CLIENT_CONFIRMATION_OK"
21952,10405517325,10405517366,1,"IOTHUB_CLIENT_CONFIRMATION_OK"
21953,10405517525,10405517589,1,"IOTHUB_CLIENT_CONFIRMATION_OK"
21954,10405517726,10405517912,1,"IOTHUB_CLIENT_CONFIRMATION_OK"
21955,10405517926,10405517963,1,"IOTHUB_CLIENT_CONFIRMATION_OK"
21956,10405518126,10405518169,1,"IOTHUB_CLIENT_CONFIRMATION_OK"
21957,10405518326,10405518541,1,"IOTHUB_CLIENT_CONFIRMATION_OK"
21958,10405518526,10405518566,1,"IOTHUB_CLIENT_CONFIRMATION_OK"
21959,10405518726,10405518764,1,"IOTHUB_CLIENT_CONFIRMATION_OK"
21960,10405518926,10405518962,1,"IOTHUB_CLIENT_CONFIRMATION_OK"
21961,10405519127,10405519159,1,"IOTHUB_CLIENT_CONFIRMATION_OK"
21962,10405519327,10405519433,1,"IOTHUB_CLIENT_CONFIRMATION_OK"
21963,10405519527,10405519596,1,"IOTHUB_CLIENT_CONFIRMATION_OK"
21964,10405519727,10405519768,1,"IOTHUB_CLIENT_CONFIRMATION_OK"
21965,10405519927,10405520077,1,"IOTHUB_CLIENT_CONFIRMATION_OK"
21966,10405520127,10405520179,1,"IOTHUB_CLIENT_CONFIRMATION_OK"
21967,10405520328,10405520371,1,"IOTHUB_CLIENT_CONFIRMATION_OK"
21968,10405520528,10405520583,1,"IOTHUB_CLIENT_CONFIRMATION_OK"
21969,10405520728,10405520771,1,"IOTHUB_CLIENT_CONFIRMATION_OK"
21970,10405520928,10405520986,1,"IOTHUB_CLIENT_CONFIRMATION_OK"
21971,10405521128,10405521163,1,"IOTHUB_CLIENT_CONFIRMATION_OK"
21972,10405521328,10405521378,1,"IOTHUB_CLIENT_CONFIRMATION_OK"
21973,10405521529,10405521578,1,"IOTHUB_CLIENT_CONFIRMATION_OK"
21974,10405521729,10405521765,1,"IOTHUB_CLIENT_CONFIRMATION_OK"
21975,10405521929,10405521967,1,"IOTHUB_CLIENT_CONFIRMATION_OK"
21976,10405522129,10405522189,1,"IOTHUB_CLIENT_CONFIRMATION_OK"
21977,10405522329,10405522375,1,"IOTHUB_CLIENT_CONFIRMATION_OK"
21978,10405522529,10405522584,1,"IOTHUB_CLIENT_CONFIRMATION_OK"
21979,10405522729,10405522778,1,"IOTHUB_CLIENT_CONFIRMATION_OK"
21980,10405522930,10405522968,1,"IOTHUB_CLIENT_CONFIRMATION_OK"
21981,10405523130,10405523171,1,"IOTHUB_CLIENT_CONFIRMATION_OK"
21982,10405523330,10405523377,1,"IOTHUB_CLIENT_CONFIRMATION_OK"
21983,10405523530,10405523597,1,"IOTHUB_CLIENT_CONFIRMATION_OK"
21984,10405523730,10405523764,1,"IOTHUB_CLIENT_CONFIRMATION_OK"
21985,10405523930,10405523977,1,"IOTHUB_CLIENT_CONFIRMATION_OK"
21986,10405524130,10405524229,1,"IOTHUB_CLIENT_CONFIRMATION_OK"
21987,10405524331,10405524363,1,"IOTHUB_CLIENT_CONFIRMATION_OK"
21988,10405524531,10405524564,1,"IOTHUB_CLIENT_CONFIRMATION_OK"
21989,10405524731,10405524833,1,"IOTHUB_CLIENT_CONFIRMATION_OK"
21990,10405524931,10405524970,1,"IOTHUB_CLIENT_CONFIRMATION_OK"
21991,10405525131,10405525177,1,"IOTHUB_CLIENT_CONFIRMATION_OK"
21992,10405525331,10405525439,1,"IOTHUB_CLIENT_CONFIRMATION_OK"
21993,10405525532,10405525565,1,"IOTHUB_CLIENT_CONFIRMATION_OK"
21994,10405525732,10405525768,1,"IOTHUB_CLIENT_CONFIRMATION_OK"
21995,10405525932,10405526072,1,"IOTHUB_CLIENT_CONFIRMATION_OK"
21996,10405526132,10405526172,1,"IOTHUB_CLIENT_CONFIRMATION_OK"
21997,10405526332,10405526370,1,"IOTHUB_CLIENT_CONFIRMATION_OK"
21998,10405526532,10405526565,1,"IOTHUB_CLIENT_CONFIRMATION_OK"
21999,10405526733,10405526776,1,"IOTHUB_CLIENT_CONFIRMATION_OK"
22000,10405526933,10405526974,1,"IOTHUB_CLIENT_CONFIRMATION_OK"
22001,10405527133,10405527168,1,"IOTHUB_CLIENT_CONFIRMATION_OK"
22002,10405527333,10405527371,1,"IOTHUB_CLIENT_CONFIRMATION_OK"
22003,10405527533,10405527573,1,"IOTHUB_CLIENT_CONFIRMATION_OK"
22004,10405527733,10405527777,1,"IOTHUB_CLIENT_CONFIRMATION_OK"
22005,10405527933,10405527971,1,"IOTHUB_CLIENT_CONFIRMATION_OK"
22006,10405528134,10405528170,1,"IOTHUB_CLIENT_CONFIRMATION_OK"
22007,10405528334,10405528379,1,"IOTHUB_CLIENT_CONFIRMATION_OK"
22008,10405528534,10405528596,1,"IOTHUB_CLIENT_CONFIRMATION_OK"
22009,10405528734,10405528785,1,"IOTHUB_CLIENT_CONFIRMATION_OK"
22010,10405528934,10405528995,1,"IOTHUB_CLIENT_CONFIRMATION_OK"
22011,10405529134,10405529190,1,"IOTHUB_CLIENT_CONFIRMATION_OK"
22012,10405529335,10405529373,1,"IOTHUB_CLIENT_CONFIRMATION_OK"
22013,10405529535,10405529607,1,"IOTHUB_CLIENT_CONFIRMATION_OK"
22014,10405529735,10405529903,1,"IOTHUB_CLIENT_CONFIRMATION_OK"
22015,10405529935,10405529976,1,"IOTHUB_CLIENT_CONFIRMATION_OK"
22016,10405530135,10405530175,1,"IOTHUB_CLIENT_CONFIRMATION_OK"
22017,10405530335,10405530493,1,"IOTHUB_CLIENT_CONFIRMATION_OK"
22018,10405530536,10405530579,1,"IOTHUB_CLIENT_CONFIRMATION_OK"
22019,10405530736,10405530786,1,"IOTHUB_CLIENT_CONFIRMATION_OK"
22020,10405530936,10405530971,1,"IOTHUB_CLIENT_CONFIRMATION_OK"
22021,10405531136,10405531174,1,"IOTHUB_CLIENT_CONFIRMATION_OK"
22022,10405531336,10405531376,1,"IOTHUB_CLIENT_CONFIRMATION_OK"
22023,10405531536,10405531577,1,"IOTHUB_CLIENT_CONFIRMATION_OK"
22024,10405531737,10405531782,1,"IOTHUB_CLIENT_CONFIRMATION_OK"
22025,10405531937,10405531975,1,"IOTHUB_CLIENT_CONFIRMATION_OK"
22026,10405532137,10405532289,1,"IOTHUB_CLIENT_CONFIRMATION_OK"
22027,10405532337,10405532384,1,"IOTHUB_CLIENT_CONFIRMATION_OK"
22028,10405532537,10405532576,1,"IOTHUB_CLIENT_CONFIRMATION_OK"
22029,10405532737,10405532818,1,"IOTHUB_CLIENT_CONFIRMATION_OK"
22030,10405532938,10405532974,1,"IOTHUB_CLIENT_CONFIRMATION_OK"
22031,10405533138,10405533200,1,"IOTHUB_CLIENT_CONFIRMATION_OK"
22032,10405533338,10405533397,1,"IOTHUB_CLIENT_CONFIRMATION_OK"
22033,10405533538,10405533597,1,"IOTHUB_CLIENT_CONFIRMATION_OK"
22034,10405533738,10405533775,1,"IOTHUB_CLIENT_CONFIRMATION_OK"
22035,10405533938,10405533983,1,"IOTHUB_CLIENT_CONFIRMATION_OK"
22036,10405534138,10405534186,1,"IOTHUB_CLIENT_CONFIRMATION_OK"
22037,10405534339,10405534378,1,"IOTHUB_CLIENT_CONFIRMATION_OK"
22038,10405534539,10405534596,1,"IOTHUB_CLIENT_CONFIRMATION_OK"
22039,10405534739,10405534779,1,"IOTHUB_CLIENT_CONFIRMATION_OK"
22040,10405534939,10405534985,1,"IOTHUB_CLIENT_CONFIRMATION_OK"
22041,10405535139,10405535169,1,"IOTHUB_CLIENT_CONFIRMATION_OK"
22042,10405535339,10405535392,1,"IOTHUB_CLIENT_CONFIRMATION_OK"
22043,10405535540,10405535607,1,"IOTHUB_CLIENT_CONFIRMATION_OK"
22044,10405535740,10405535857,1,"IOTHUB_CLIENT_CONFIRMATION_OK"
22045,10405535940,10405535979,1,"IOTHUB_CLIENT_CONFIRMATION_OK"
22046,10405536140,10405536203,1,"IOTHUB_CLIENT_CONFIRMATION_OK"
22047,10405536340,10405536390,1,"IOTHUB_CLIENT_CONFIRMATION_OK"
22048,10405536540,10405536592,1,"IOTHUB_CLIENT_CONFIRMATION_OK"
22049,10405536740,10405536786,1,"IOTHUB_CLIENT_CONFIRMATION_OK"
22050,10405536941,10405536988,1,"IOTHUB_CLIENT_CONFIRMATION_OK"
22051,10405537141,10405537176,1,"IOTHUB_CLIENT_CONFIRMATION_OK"
22052,10405537341,10405537516,1,"IOTHUB_CLIENT_CONFIRMATION_OK"
22053,10405537541,10405537574,1,"IOTHUB_CLIENT_CONFIRMATION_OK"
22054,10405537741,10405537777,1,"IOTHUB_CLIENT_CONFIRMATION_OK"
22055,10405537941,10405538101,1,"IOTHUB_CLIENT_CONFIRMATION_OK"
22056,10405538141,10405538176,1,"IOTHUB_CLIENT_CONFIRMATION_OK"
22057,10405538342,10405538382,1,"IOTHUB_CLIENT_CONFIRMATION_OK"
22058,10405538542,10405538578,1,"IOTHUB_CLIENT_CONFIRMATION_OK"
22059,10405538742,10405538791,1,"IOTHUB_CLIENT_CONFIRMATION_OK"
22060,10405538942,10405538995,1,"IOTHUB_CLIENT_CONFIRMATION_OK"
22061,10405539142,10405539182,1,"IOTHUB_CLIENT_CONFIRMATION_OK"
22062,10405539342,10405539387,1,"IOTHUB_CLIENT_CONFIRMATION_OK"
22063,10405539543,10405539579,1,"IOTHUB_CLIENT_CONFIRMATION_OK"
22064,10405539743,10405539787,1,"IOTHUB_CLIENT_CONFIRMATION_OK"
22065,10405539943,10405539988,1,"IOTHUB_CLIENT_CONFIRMATION_OK"
22066,10405540143,10405540183,1,"IOTHUB_CLIENT_CONFIRMATION_OK"
22067,10405540343,10405540393,1,"IOTHUB_CLIENT_CONFIRMATION_OK"
22068,10405540543,10405540586,1,"IOTHUB_CLIENT_CONFIRMATION_OK"
22069,10405540744,10405540781,1,"IOTHUB_CLIENT_CONFIRMATION_OK"
22070,10405540944,10405540995,1,"IOTHUB_CLIENT_CONFIRMATION_OK"
22071,10405541144,10405541205,1,"IOTHUB_CLIENT_CONFIRMATION_OK"
22072,10405541344,10405541381,1,"IOTHUB_CLIENT_CONFIRMATION_OK"
22073,10405541544,10405541584,1,"IOTHUB_CLIENT_CONFIRMATION_OK"
22074,10405541744,10405541836,1,"IOTHUB_CLIENT_CONFIRMATION_OK"
22075,10405541944,10405541982,1,"IOTHUB_CLIENT_CONFIRMATION_OK"
22076,10405542145,10405542200,1,"IOTHUB_CLIENT_CONFIRMATION_OK"
22077,10405542345,10405542441,1,"IOTHUB_CLIENT_CONFIRMATION_OK"
22078,10405542545,10405542580,1,"IOTHUB_CLIENT_CONFIRMATION_OK"
22079,10405542745,10405542801,1,"IOTHUB_CLIENT_CONFIRMATION_OK"
22080,10405542945,10405542986,1,"IOTHUB_CLIENT_CONFIRMATION_OK"
22081,10405543145,10405543179,1,"IOTHUB_CLIENT_CONFIRMATION_OK"
22082,10405543346,10405543397,1,"IOTHUB_CLIENT_CONFIRMATION_OK"
22083,10405543546,10405543607,1,"IOTHUB_CLIENT_CONFIRMATION_OK"
22084,10405543746,10405543797,1,"IOTHUB_CLIENT_CONFIRMATION_OK"
22085,10405543946,10405543989,1,"IOTHUB_CLIENT_CONFIRMATION_OK"
22086,10405544146,10405544188,1,"IOTHUB_CLIENT_CONFIRMATION_OK"
22087,10405544346,10405544387,1,"IOTHUB_CLIENT_CONFIRMATION_OK"
22088,10405544547,10405544607,1,"IOTHUB_CLIENT_CONFIRMATION_OK"
22089,10405544747,10405544797,1,"IOTHUB_CLIENT_CONFIRMATION_OK"
22090,10405544947,10405545094,1,"IOTHUB_CLIENT_CONFIRMATION_OK"
22091,10405545147,10405545234,1,"IOTHUB_CLIENT_CONFIRMATION_OK"
22092,10405545347,10405545390,1,"IOTHUB_CLIENT_CONFIRMATION_OK"
22093,10405545547,10405545723,1,"IOTHUB_CLIENT_CONFIRMATION_OK"
22094,10405545748,10405545785,1,"IOTHUB_CLIENT_CONFIRMATION_OK"
22095,10405545948,10405545980,1,"IOTHUB_CLIENT_CONFIRMATION_OK"
22096,10405546148,10405546339,1,"IOTHUB_CLIENT_CONFIRMATION_OK"
22097,10405546348,10405546382,1,"IOTHUB_CLIENT_CONFIRMATION_OK"
22098,10405546548,10405546598,1,"IOTHUB_CLIENT_CONFIRMATION_OK"
22099,10405546748,10405546781,1,"IOTHUB_CLIENT_CONFIRMATION_OK"
22100,10405546948,10405546982,1,"IOTHUB_CLIENT_CONFIRMATION_OK"
22101,10405547149,10405547191,1,"IOTHUB_CLIENT_CONFIRMATION_OK"
22102,10405547349,10405547397,1,"IOTHUB_CLIENT_CONFIRMATION_OK"
22103,10405547549,10405547619,1,"IOTHUB_CLIENT_CONFIRMATION_OK"
22104,10405547749,10405547789,1,"IOTHUB_CLIENT_CONFIRMATION_OK"
22105,10405547949,10405547987,1,"IOTHUB_CLIENT_CONFIRMATION_OK"
22106,10405548149,10405548201,1,"IOTHUB_CLIENT_CONFIRMATION_OK"
22107,10405548349,10405548462,1,"IOTHUB_CLIENT_CONFIRMATION_OK"
22108,10405548550,10405548601,1,"IOTHUB_CLIENT_CONFIRMATION_OK"
22109,10405548750,10405548807,1,"IOTHUB_CLIENT_CONFIRMATION_OK"
22110,10405548950,10405548988,1,"IOTHUB_CLIENT_CONFIRMATION_OK"
22111,10405549150,10405549182,1,"IOTHUB_CLIENT_CONFIRMATION_OK"
22112,10405549350,10405549420,1,"IOTHUB_CLIENT_CONFIRMATION_OK"
22113,10405549550,10405549601,1,"IOTHUB_CLIENT_CONFIRMATION_OK"
22114,10405549751,10405549793,1,"IOTHUB_CLIENT_CONFIRMATION_OK"
22115,10405549951,10405550019,1,"IOTHUB_CLIENT_CONFIRMATION_OK"
22116,10405550151,10405550194,1,"IOTHUB_CLIENT_CONFIRMATION_OK"
22117,10405550351,10405550392,1,"IOTHUB_CLIENT_CONFIRMATION_OK"
22118,10405550551,10405550598,1,"IOTHUB_CLIENT_CONFIRMATION_OK"
22119,10405550751,10405550789,1,"IOTHUB_CLIENT_CONFIRMATION_OK"
22120,10405550951,10405550987,1,"IOTHUB_CLIENT_CONFIRMATION_OK"
22121,10405551152,10405551186,1,"IOTHUB_CLIENT_CONFIRMATION_OK"
22122,10405551352,10405551410,1,"IOTHUB_CLIENT_CONFIRMATION_OK"
22123,10405551552,10405551789,1,"IOTHUB_CLIENT_CONFIRMATION_OK"
22124,10405551752,10405551807,1,"IOTHUB_CLIENT_CONFIRMATION_OK"
22125,10405551952,10405552007,1,"IOTHUB_CLIENT_CONFIRMATION_OK"
22126,10405552152,10405552252,1,"IOTHUB_CLIENT_CONFIRMATION_OK"
22127,10405552353,10405552465,1,"IOTHUB_CLIENT_CONFIRMATION_OK"
22128,10405552553,10405552597,1,"IOTHUB_CLIENT_CONFIRMATION_OK"
22129,10405552753,10405552804,1,"IOTHUB_CLIENT_CONFIRMATION_OK"
22130,10405552953,10405553000,1,"IOTHUB_CLIENT_CONFIRMATION_OK"
22131,10405553153,10405553207,1,"IOTHUB_CLIENT_CONFIRMATION_OK"
22132,10405553353,10405553404,1,"IOTHUB_CLIENT_CONFIRMATION_OK"
22133,10405553554,10405553602,1,"IOTHUB_CLIENT_CONFIRMATION_OK"
22134,10405553754,10405553966,1,"IOTHUB_CLIENT_CONFIRMATION_OK"
22135,10405553954,10405554021,1,"IOTHUB_CLIENT_CONFIRMATION_OK"
22136,10405554154,10405554225,1,"IOTHUB_CLIENT_CONFIRMATION_OK"
22137,10405554354,10405554542,1,"IOTHUB_CLIENT_CONFIRMATION_OK"
22138,10405554554,10405554618,1,"IOTHUB_CLIENT_CONFIRMATION_OK"
22139,10405554754,10405554794,1,"IOTHUB_CLIENT_CONFIRMATION_OK"
22140,10405554955,10405555029,1,"IOTHUB_CLIENT_CONFIRMATION_OK"
22141,10405555155,10405555225,1,"IOTHUB_CLIENT_CONFIRMATION_OK"
22142,10405555355,10405555481,1,"IOTHUB_CLIENT_CONFIRMATION_OK"
22143,10405555555,10405555587,1,"IOTHUB_CLIENT_CONFIRMATION_OK"
22144,10405555755,10405555791,1,"IOTHUB_CLIENT_CONFIRMATION_OK"
22145,10405555955,10405555999,1,"IOTHUB_CLIENT_CONFIRMATION_OK"
22146,10405556155,10405556204,1,"IOTHUB_CLIENT_CONFIRMATION_OK"
22147,10405556356,10405556409,1,"IOTHUB_CLIENT_CONFIRMATION_OK"
22148,10405556556,10405556593,1,"IOTHUB_CLIENT_CONFIRMATION_OK"
22149,10405556756,10405556794,1,"IOTHUB_CLIENT_CONFIRMATION_OK"
22150,10405556956,10405557008,1,"IOTHUB_CLIENT_CONFIRMATION_OK"
22151,10405557156,10405557194,1,"IOTHUB_CLIENT_CONFIRMATION_OK"
22152,10405557356,10405557415,1,"IOTHUB_CLIENT_CONFIRMATION_OK"
22153,10405557557,10405557599,1,"IOTHUB_CLIENT_CONFIRMATION_OK"
22154,10405557757,10405557801,1,"IOTHUB_CLIENT_CONFIRMATION_OK"
22155,10405557957,10405557991,1,"IOTHUB_CLIENT_CONFIRMATION_OK"
22156,10405558157,10405558214,1,"IOTHUB_CLIENT_CONFIRMATION_OK"
22157,10405558357,10405558397,1,"IOTHUB_CLIENT_CONFIRMATION_OK"
22158,10405558557,10405558594,1,"IOTHUB_CLIENT_CONFIRMATION_OK"
22159,10405558758,10405558818,1,"IOTHUB_CLIENT_CONFIRMATION_OK"
22160,10405558958,10405558992,1,"IOTHUB_CLIENT_CONFIRMATION_OK"
22161,10405559158,10405559199,1,"IOTHUB_CLIENT_CONFIRMATION_OK"
22162,10405559358,10405559416,1,"IOTHUB_CLIENT_CONFIRMATION_OK"
22163,10405559558,10405559600,1,"IOTHUB_CLIENT_CONFIRMATION_OK"
22164,10405559758,10405559822,1,"IOTHUB_CLIENT_CONFIRMATION_OK"
22165,10405559958,10405559990,1,"IOTHUB_CLIENT_CONFIRMATION_OK"
22166,10405560159,10405560196,1,"IOTHUB_CLIENT_CONFIRMATION_OK"
22167,10405560359,10405560398,1,"IOTHUB_CLIENT_CONFIRMATION_OK"
22168,10405560559,10405560630,1,"IOTHUB_CLIENT_CONFIRMATION_OK"
22169,10405560759,10405560794,1,"IOTHUB_CLIENT_CONFIRMATION_OK"
22170,10405560959,10405560999,1,"IOTHUB_CLIENT_CONFIRMATION_OK"
22171,10405561159,10405561202,1,"IOTHUB_CLIENT_CONFIRMATION_OK"
22172,10405561360,10405561586,1,"IOTHUB_CLIENT_CONFIRMATION_OK"
22173,10405561560,10405561607,1,"IOTHUB_CLIENT_CONFIRMATION_OK"
22174,10405561760,10405561798,1,"IOTHUB_CLIENT_CONFIRMATION_OK"
22175,10405561960,10405562006,1,"IOTHUB_CLIENT_CONFIRMATION_OK"
22176,10405562160,10405562203,1,"IOTHUB_CLIENT_CONFIRMATION_OK"
22177,10405562360,10405562413,1,"IOTHUB_CLIENT_CONFIRMATION_OK"
22178,10405562561,10405562602,1,"IOTHUB_CLIENT_CONFIRMATION_OK"
22179,10405562761,10405562846,1,"IOTHUB_CLIENT_CONFIRMATION_OK"
22180,10405562961,10405563003,1,"IOTHUB_CLIENT_CONFIRMATION_OK"
22181,10405563161,10405563202,1,"IOTHUB_CLIENT_CONFIRMATION_OK"
22182,10405563361,10405563407,1,"IOTHUB_CLIENT_CONFIRMATION_OK"
22183,10405563561,10405563602,1,"IOTHUB_CLIENT_CONFIRMATION_OK"
22184,10405563762,10405563813,1,"IOTHUB_CLIENT_CONFIRMATION_OK"
22185,10405563962,10405564005,1,"IOTHUB_CLIENT_CONFIRMATION_OK"
22186,10405564162,10405564230,1,"IOTHUB_CLIENT_CONFIRMATION_OK"
22187,10405564362,10405564421,1,"IOTHUB_CLIENT_CONFIRMATION_OK"
22188,10405564562,10405564679,1,"IOTHUB_CLIENT_CONFIRMATION_OK"
22189,10405564762,10405564804,1,"IOTHUB_CLIENT_CONFIRMATION_OK"
22190,10405564963,10405565023,1,"IOTHUB_CLIENT_CONFIRMATION_OK"
22191,10405565163,10405565257,1,"IOTHUB_CLIENT_CONFIRMATION_OK"
22192,10405565363,10405565409,1,"IOTHUB_CLIENT_CONFIRMATION_OK"
22193,10405565563,10405565601,1,"IOTHUB_CLIENT_CONFIRMATION_OK"
22194,10405565763,10405565870,1,"IOTHUB_CLIENT_CONFIRMATION_OK"
22195,10405565963,10405566003,1,"IOTHUB_CLIENT_CONFIRMATION_OK"
22196,10405566164,10405566208,1,"IOTHUB_CLIENT_CONFIRMATION_OK"
22197,10405566364,10405566476,1,"IOTHUB_CLIENT_CONFIRMATION_OK"
22198,10405566564,10405566612,1,"IOTHUB_CLIENT_CONFIRMATION_OK"
22199,10405566764,10405566799,1,"IOTHUB_CLIENT_CONFIRMATION_OK"
22200,10405566964,10405567003,1,"IOTHUB_CLIENT_CONFIRMATION_OK"
22201,10405567164,10405567198,1,"IOTHUB_CLIENT_CONFIRMATION_OK"
22202,10405567364,10405567399,1,"IOTHUB_CLIENT_CONFIRMATION_OK"
22203,10405567565,10405567603,1,"IOTHUB_CLIENT_CONFIRMATION_OK"
22204,10405567765,10405567808,1,"IOTHUB_CLIENT_CONFIRMATION_OK"
22205,10405567965,10405568001,1,"IOTHUB_CLIENT_CONFIRMATION_OK"
22206,10405568165,10405568206,1,"IOTHUB_CLIENT_CONFIRMATION_OK"
22207,10405568365,10405568415,1,"IOTHUB_CLIENT_CONFIRMATION_OK"
22208,10405568565,10405568686,1,"IOTHUB_CLIENT_CONFIRMATION_OK"
22209,10405568766,10405568818,1,"IOTHUB_CLIENT_CONFIRMATION_OK"
22210,10405568966,10405569009,1,"IOTHUB_CLIENT_CONFIRMATION_OK"
22211,10405569166,10405569258,1,"IOTHUB_CLIENT_CONFIRMATION_OK"
22212,10405569366,10405569461,1,"IOTHUB_CLIENT_CONFIRMATION_OK"
22213,10405569566,10405569614,1,"IOTHUB_CLIENT_CONFIRMATION_OK"
22214,10405569766,10405569818,1,"IOTHUB_CLIENT_CONFIRMATION_OK"
22215,10405569967,10405570000,1,"IOTHUB_CLIENT_CONFIRMATION_OK"
22216,10405570167,10405570244,1,"IOTHUB_CLIENT_CONFIRMATION_OK"
22217,10405570367,10405570417,1,"IOTHUB_CLIENT_CONFIRMATION_OK"
22218,10405570567,10405570600,1,"IOTHUB_CLIENT_CONFIRMATION_OK"
22219,10405570767,10405570808,1,"IOTHUB_CLIENT_CONFIRMATION_OK"
22220,10405570967,10405571010,1,"IOTHUB_CLIENT_CONFIRMATION_OK"
22221,10405571167,10405571230,1,"IOTHUB_CLIENT_CONFIRMATION_OK"
22222,10405571368,10405571407,1,"IOTHUB_CLIENT_CONFIRMATION_OK"
22223,10405571568,10405571650,1,"IOTHUB_CLIENT_CONFIRMATION_OK"
22224,10405571768,10405571815,1,"IOTHUB_CLIENT_CONFIRMATION_OK"
22225,10405571968,10405572006,1,"IOTHUB_CLIENT_CONFIRMATION_OK"
22226,10405572168,10405572281,1,"IOTHUB_CLIENT_CONFIRMATION_OK"
22227,10405572369,10405572422,1,"IOTHUB_CLIENT_CONFIRMATION_OK"
22228,10405572569,10405572610,1,"IOTHUB_CLIENT_CONFIRMATION_OK"
22229,10405572769,10405572856,1,"IOTHUB_CLIENT_CONFIRMATION_OK"
22230,10405572969,10405573001,1,"IOTHUB_CLIENT_CONFIRMATION_OK"
22231,10405573169,10405573207,1,"IOTHUB_CLIENT_CONFIRMATION_OK"
22232,10405573369,10405573460,1,"IOTHUB_CLIENT_CONFIRMATION_OK"
22233,10405573569,10405573605,1,"IOTHUB_CLIENT_CONFIRMATION_OK"
22234,10405573770,10405573806,1,"IOTHUB_CLIENT_CONFIRMATION_OK"
22235,10405573970,10405574079,1,"IOTHUB_CLIENT_CONFIRMATION_OK"
22236,10405574170,10405574253,1,"IOTHUB_CLIENT_CONFIRMATION_OK"
22237,10405574370,10405574418,1,"IOTHUB_CLIENT_CONFIRMATION_OK"
22238,10405574570,10405574631,1,"IOTHUB_CLIENT_CONFIRMATION_OK"
22239,10405574770,10405574822,1,"IOTHUB_CLIENT_CONFIRMATION_OK"
22240,10405574971,10405575036,1,"IOTHUB_CLIENT_CONFIRMATION_OK"
22241,10405575171,10405575208,1,"IOTHUB_CLIENT_CONFIRMATION_OK"
22242,10405575371,10405575432,1,"IOTHUB_CLIENT_CONFIRMATION_OK"
22243,10405575571,10405575611,1,"IOTHUB_CLIENT_CONFIRMATION_OK"
22244,10405575771,10405575815,1,"IOTHUB_CLIENT_CONFIRMATION_OK"
22245,10405575971,10405576011,1,"IOTHUB_CLIENT_CONFIRMATION_OK"
22246,10405576172,10405576211,1,"IOTHUB_CLIENT_CONFIRMATION_OK"
22247,10405576372,10405576410,1,"IOTHUB_CLIENT_CONFIRMATION_OK"
22248,10405576572,10405576615,1,"IOTHUB_CLIENT_CONFIRMATION_OK"
22249,10405576772,10405576811,1,"IOTHUB_CLIENT_CONFIRMATION_OK"
22250,10405576972,10405577012,1,"IOTHUB_CLIENT_CONFIRMATION_OK"
22251,10405577172,10405577224,1,"IOTHUB_CLIENT_CONFIRMATION_OK"
22252,10405577372,10405577407,1,"IOTHUB_CLIENT_CONFIRMATION_OK"
22253,10405577573,10405577655,1,"IOTHUB_CLIENT_CONFIRMATION_OK"
22254,10405577773,10405577944,1,"IOTHUB_CLIENT_CONFIRMATION_OK"
22255,10405577973,10405578015,1,"IOTHUB_CLIENT_CONFIRMATION_OK"
22256,10405578173,10405578212,1,"IOTHUB_CLIENT_CONFIRMATION_OK"
22257,10405578373,10405578561,1,"IOTHUB_CLIENT_CONFIRMATION_OK"
22258,10405578573,10405578628,1,"IOTHUB_CLIENT_CONFIRMATION_OK"
22259,10405578773,10405578957,1,"IOTHUB_CLIENT_CONFIRMATION_OK"
22260,10405578974,10405579080,1,"IOTHUB_CLIENT_CONFIRMATION_OK"
22261,10405579174,10405579543,1,"IOTHUB_CLIENT_CONFIRMATION_OK"
22262,10405579374,10405579624,1,"IOTHUB_CLIENT_CONFIRMATION_OK"
22263,10405579574,10405579687,1,"IOTHUB_CLIENT_CONFIRMATION_OK"
22264,10405579774,10405579812,1,"IOTHUB_CLIENT_CONFIRMATION_OK"
22265,10405579974,10405580007,1,"IOTHUB_CLIENT_CONFIRMATION_OK"
22266,10405580175,10405580215,1,"IOTHUB_CLIENT_CONFIRMATION_OK"
22267,10405580375,10405580436,1,"IOTHUB_CLIENT_CONFIRMATION_OK"
22268,10405580575,10405580617,1,"IOTHUB_CLIENT_CONFIRMATION_OK"
22269,10405580775,10405580816,1,"IOTHUB_CLIENT_CONFIRMATION_OK"
22270,10405580975,10405581025,1,"IOTHUB_CLIENT_CONFIRMATION_OK"
22271,10405581175,10405581243,1,"IOTHUB_CLIENT_CONFIRMATION_OK"
22272,10405581375,10405581412,1,"IOTHUB_CLIENT_CONFIRMATION_OK"
22273,10405581576,10405581682,1,"IOTHUB_CLIENT_CONFIRMATION_OK"
22274,10405581776,10405581816,1,"IOTHUB_CLIENT_CONFIRMATION_OK"
22275,10405581976,10405582015,1,"IOTHUB_CLIENT_CONFIRMATION_OK"
22276,10405582176,10405582283,1,"IOTHUB_CLIENT_CONFIRMATION_OK"
22277,10405582376,10405582415,1,"IOTHUB_CLIENT_CONFIRMATION_OK"
22278,10405582576,10405582611,1,"IOTHUB_CLIENT_CONFIRMATION_OK"
22279,10405582777,10405582839,1,"IOTHUB_CLIENT_CONFIRMATION_OK"
22280,10405582977,10405583008,1,"IOTHUB_CLIENT_CONFIRMATION_OK"
22281,10405583177,10405583210,1,"IOTHUB_CLIENT_CONFIRMATION_OK"
22282,10405583377,10405583417,1,"IOTHUB_CLIENT_CONFIRMATION_OK"
22283,10405583577,10405583631,1,"IOTHUB_CLIENT_CONFIRMATION_OK"
22284,10405583777,10405583819,1,"IOTHUB_CLIENT_CONFIRMATION_OK"
22285,10405583978,10405584019,1,"IOTHUB_CLIENT_CONFIRMATION_OK"
22286,10405584178,10405584272,1,"IOTHUB_CLIENT_CONFIRMATION_OK"
22287,10405584378,10405584414,1,"IOTHUB_CLIENT_CONFIRMATION_OK"
22288,10405584578,10405584612,1,"IOTHUB_CLIENT_CONFIRMATION_OK"
22289,10405584778,10405584817,1,"IOTHUB_CLIENT_CONFIRMATION_OK"
22290,10405584978,10405585020,1,"IOTHUB_CLIENT_CONFIRMATION_OK"
22291,10405585178,10405585211,1,"IOTHUB_CLIENT_CONFIRMATION_OK"
22292,10405585379,10405585557,1,"IOTHUB_CLIENT_CONFIRMATION_OK"
22293,10405585579,10405585619,1,"IOTHUB_CLIENT_CONFIRMATION_OK"
22294,10405585779,10405585820,1,"IOTHUB_CLIENT_CONFIRMATION_OK"
22295,10405585979,10405586148,1,"IOTHUB_CLIENT_CONFIRMATION_OK"
22296,10405586179,10405586218,1,"IOTHUB_CLIENT_CONFIRMATION_OK"
22297,10405586379,10405586411,1,"IOTHUB_CLIENT_CONFIRMATION_OK"
22298,10405586579,10405586614,1,"IOTHUB_CLIENT_CONFIRMATION_OK"
22299,10405586780,10405586823,1,"IOTHUB_CLIENT_CONFIRMATION_OK"
22300,10405586980,10405587018,1,"IOTHUB_CLIENT_CONFIRMATION_OK"
22301,10405587180,10405587226,1,"IOTHUB_CLIENT_CONFIRMATION_OK"
22302,10405587380,10405587428,1,"IOTHUB_CLIENT_CONFIRMATION_OK"
22303,10405587580,10405587622,1,"IOTHUB_CLIENT_CONFIRMATION_OK"
22304,10405587780,10405587826,1,"IOTHUB_CLIENT_CONFIRMATION_OK"
22305,10405587981,10405588030,1,"IOTHUB_CLIENT_CONFIRMATION_OK"
22306,10405588181,10405588223,1,"IOTHUB_CLIENT_CONFIRMATION_OK"
22307,10405588381,10405588427,1,"IOTHUB_CLIENT_CONFIRMATION_OK"
22308,10405588581,10405588616,1,"IOTHUB_CLIENT_CONFIRMATION_OK"
22309,10405588781,10405588821,1,"IOTHUB_CLIENT_CONFIRMATION_OK"
22310,10405588981,10405589022,1,"IOTHUB_CLIENT_CONFIRMATION_OK"
22311,10405589181,10405589239,1,"IOTHUB_CLIENT_CONFIRMATION_OK"
22312,10405589382,10405589417,1,"IOTHUB_CLIENT_CONFIRMATION_OK"
22313,10405589582,10405589624,1,"IOTHUB_CLIENT_CONFIRMATION_OK"
22314,10405589782,10405589864,1,"IOTHUB_CLIENT_CONFIRMATION_OK"
22315,10405589982,10405590027,1,"IOTHUB_CLIENT_CONFIRMATION_OK"
22316,10405590182,10405590222,1,"IOTHUB_CLIENT_CONFIRMATION_OK"
22317,10405590382,10405590461,1,"IOTHUB_CLIENT_CONFIRMATION_OK"
22318,10405590583,10405590631,1,"IOTHUB_CLIENT_CONFIRMATION_OK"
22319,10405590783,10405590823,1,"IOTHUB_CLIENT_CONFIRMATION_OK"
22320,10405590983,10405591024,1,"IOTHUB_CLIENT_CONFIRMATION_OK"
22321,10405591183,10405591228,1,"IOTHUB_CLIENT_CONFIRMATION_OK"
22322,10405591383,10405591424,1,"IOTHUB_CLIENT_CONFIRMATION_OK"
22323,10405591583,10405591626,1,"IOTHUB_CLIENT_CONFIRMATION_OK"
22324,10405591783,10405591837,1,"IOTHUB_CLIENT_CONFIRMATION_OK"
22325,10405591984,10405592017,1,"IOTHUB_CLIENT_CONFIRMATION_OK"
22326,10405592184,10405592229,1,"IOTHUB_CLIENT_CONFIRMATION_OK"
22327,10405592384,10405592507,1,"IOTHUB_CLIENT_CONFIRMATION_OK"
22328,10405592584,10405592661,1,"IOTHUB_CLIENT_CONFIRMATION_OK"
22329,10405592784,10405592819,1,"IOTHUB_CLIENT_CONFIRMATION_OK"
22330,10405592984,10405593109,1,"IOTHUB_CLIENT_CONFIRMATION_OK"
22331,10405593185,10405593220,1,"IOTHUB_CLIENT_CONFIRMATION_OK"
22332,10405593385,10405593426,1,"IOTHUB_CLIENT_CONFIRMATION_OK"
22333,10405593585,10405593795,1,"IOTHUB_CLIENT_CONFIRMATION_OK"
22334,10405593785,10405593821,1,"IOTHUB_CLIENT_CONFIRMATION_OK"
22335,10405593985,10405594088,1,"IOTHUB_CLIENT_CONFIRMATION_OK"
22336,10405594185,10405594385,1,"IOTHUB_CLIENT_CONFIRMATION_OK"
22337,10405594386,10405594429,1,"IOTHUB_CLIENT_CONFIRMATION_OK"
22338,10405594586,10405594629,1,"IOTHUB_CLIENT_CONFIRMATION_OK"
22339,10405594786,10405594818,1,"IOTHUB_CLIENT_CONFIRMATION_OK"
22340,10405594986,10405595031,1,"IOTHUB_CLIENT_CONFIRMATION_OK"
22341,10405595186,10405595234,1,"IOTHUB_CLIENT_CONFIRMATION_OK"
22342,10405595386,10405595427,1,"IOTHUB_CLIENT_CONFIRMATION_OK"
22343,10405595586,10405595635,1,"IOTHUB_CLIENT_CONFIRMATION_OK"
22344,10405595787,10405595828,1,"IOTHUB_CLIENT_CONFIRMATION_OK"
22345,10405595987,10405596020,1,"IOTHUB_CLIENT_CONFIRMATION_OK"
22346,10405596187,10405596230,1,"IOTHUB_CLIENT_CONFIRMATION_OK"
22347,10405596387,10405596426,1,"IOTHUB_CLIENT_CONFIRMATION_OK"
22348,10405596587,10405596624,1,"IOTHUB_CLIENT_CONFIRMATION_OK"
22349,10405596787,10405596830,1,"IOTHUB_CLIENT_CONFIRMATION_OK"
22350,10405596988,10405597028,1,"IOTHUB_CLIENT_CONFIRMATION_OK"
22351,10405597188,10405597283,1,"IOTHUB_CLIENT_CONFIRMATION_OK"
22352,10405597388,10405597434,1,"IOTHUB_CLIENT_CONFIRMATION_OK"
22353,10405597588,10405597630,1,"IOTHUB_CLIENT_CONFIRMATION_OK"
22354,10405597788,10405597843,1,"IOTHUB_CLIENT_CONFIRMATION_OK"
22355,10405597988,10405598041,1,"IOTHUB_CLIENT_CONFIRMATION_OK"
22356,10405598188,10405598235,1,"IOTHUB_CLIENT_CONFIRMATION_OK"
22357,10405598389,10405598433,1,"IOTHUB_CLIENT_CONFIRMATION_OK"
22358,10405598589,10405598628,1,"IOTHUB_CLIENT_CONFIRMATION_OK"
22359,10405598789,10405598830,1,"IOTHUB_CLIENT_CONFIRMATION_OK"
22360,10405598989,10405599031,1,"IOTHUB_CLIENT_CONFIRMATION_OK"
22361,10405599189,10405599225,1,"IOTHUB_CLIENT_CONFIRMATION_OK"
22362,10405599389,10405599445,1,"IOTHUB_CLIENT_CONFIRMATION_OK"
22363,10405599590,10405599652,1,"IOTHUB_CLIENT_CONFIRMATION_OK"
22364,10405599790,10405599844,1,"IOTHUB_CLIENT_CONFIRMATION_OK"
22365,10405599990,10405600043,1,"IOTHUB_CLIENT_CONFIRMATION_OK"
22366,10405600190,10405600254,1,"IOTHUB_CLIENT_CONFIRMATION_OK"
22367,10405600390,10405600423,1,"IOTHUB_CLIENT_CONFIRMATION_OK"
22368,10405600590,10405600733,1,"IOTHUB_CLIENT_CONFIRMATION_OK"
22369,10405600791,10405600860,1,"IOTHUB_CLIENT_CONFIRMATION_OK"
22370,10405600991,10405601037,1,"IOTHUB_CLIENT_CONFIRMATION_OK"
22371,10405601191,10405601341,1,"IOTHUB_CLIENT_CONFIRMATION_OK"
22372,10405601391,10405601435,1,"IOTHUB_CLIENT_CONFIRMATION_OK"
22373,10405601591,10405601672,1,"IOTHUB_CLIENT_CONFIRMATION_OK"
22374,10405601791,10405601947,1,"IOTHUB_CLIENT_CONFIRMATION_OK"
22375,10405601991,10405602028,1,"IOTHUB_CLIENT_CONFIRMATION_OK"
22376,10405602192,10405602233,1,"IOTHUB_CLIENT_CONFIRMATION_OK"
22377,10405602392,10405602444,1,"IOTHUB_CLIENT_CONFIRMATION_OK"
22378,10405602592,10405602651,1,"IOTHUB_CLIENT_CONFIRMATION_OK"
22379,10405602792,10405602831,1,"IOTHUB_CLIENT_CONFIRMATION_OK"
22380,10405602992,10405603032,1,"IOTHUB_CLIENT_CONFIRMATION_OK"
22381,10405603192,10405603288,1,"IOTHUB_CLIENT_CONFIRMATION_OK"
22382,10405603393,10405603449,1,"IOTHUB_CLIENT_CONFIRMATION_OK"
22383,10405603593,10405603630,1,"IOTHUB_CLIENT_CONFIRMATION_OK"
22384,10405603793,10405603838,1,"IOTHUB_CLIENT_CONFIRMATION_OK"
22385,10405603993,10405604027,1,"IOTHUB_CLIENT_CONFIRMATION_OK"
22386,10405604193,10405604236,1,"IOTHUB_CLIENT_CONFIRMATION_OK"
22387,10405604393,10405604432,1,"IOTHUB_CLIENT_CONFIRMATION_OK"
22388,10405604593,10405604632,1,"IOTHUB_CLIENT_CONFIRMATION_OK"
22389,10405604794,10405604831,1,"IOTHUB_CLIENT_CONFIRMATION_OK"
22390,10405604994,10405605075,1,"IOTHUB_CLIENT_CONFIRMATION_OK"
22391,10405605194,10405605234,1,"IOTHUB_CLIENT_CONFIRMATION_OK"
22392,10405605394,10405605428,1,"IOTHUB_CLIENT_CONFIRMATION_OK"
22393,10405605594,10405605625,1,"IOTHUB_CLIENT_CONFIRMATION_OK"
22394,10405605794,10405605830,1,"IOTHUB_CLIENT_CONFIRMATION_OK"
22395,10405605995,10405606036,1,"IOTHUB_CLIENT_CONFIRMATION_OK"
22396,10405606195,10405606234,1,"IOTHUB_CLIENT_CONFIRMATION_OK"
22397,10405606395,10405606432,1,"IOTHUB_CLIENT_CONFIRMATION_OK"
22398,10405606595,10405606809,1,"IOTHUB_CLIENT_CONFIRMATION_OK"
22399,10405606795,10405606832,1,"IOTHUB_CLIENT_CONFIRMATION_OK"
22400,10405606995,10405607043,1,"IOTHUB_CLIENT_CONFIRMATION_OK"
22401,10405607196,10405607241,1,"IOTHUB_CLIENT_CONFIRMATION_OK"
22402,10405607396,10405607433,1,"IOTHUB_CLIENT_CONFIRMATION_OK"
22403,10405607596,10405607638,1,"IOTHUB_CLIENT_CONFIRMATION_OK"
22404,10405607796,10405607861,1,"IOTHUB_CLIENT_CONFIRMATION_OK"
22405,10405607996,10405608047,1,"IOTHUB_CLIENT_CONFIRMATION_OK"
22406,10405608196,10405608244,1,"IOTHUB_CLIENT_CONFIRMATION_OK"
22407,10405608396,10405608437,1,"IOTHUB_CLIENT_CONFIRMATION_OK"
22408,10405608597,10405608635,1,"IOTHUB_CLIENT_CONFIRMATION_OK"
22409,10405608797,10405608854,1,"IOTHUB_CLIENT_CONFIRMATION_OK"
22410,10405608997,10405609036,1,"IOTHUB_CLIENT_CONFIRMATION_OK"
22411,10405609197,10405609234,1,"IOTHUB_CLIENT_CONFIRMATION_OK"
22412,10405609397,10405609478,1,"IOTHUB_CLIENT_CONFIRMATION_OK"
22413,10405609597,10405609693,1,"IOTHUB_CLIENT_CONFIRMATION_OK"
22414,10405609798,10405609834,1,"IOTHUB_CLIENT_CONFIRMATION_OK"
22415,10405609998,10405610103,1,"IOTHUB_CLIENT_CONFIRMATION_OK"
22416,10405610198,10405610234,1,"IOTHUB_CLIENT_CONFIRMATION_OK"
22417,10405610398,10405610439,1,"IOTHUB_CLIENT_CONFIRMATION_OK"
22418,10405610598,10405610694,1,"IOTHUB_CLIENT_CONFIRMATION_OK"
22419,10405610798,10405610830,1,"IOTHUB_CLIENT_CONFIRMATION_OK"
22420,10405610998,10405611037,1,"IOTHUB_CLIENT_CONFIRMATION_OK"
22421,10405611199,10405611233,1,"IOTHUB_CLIENT_CONFIRMATION_OK"
22422,10405611399,10405611430,1,"IOTHUB_CLIENT_CONFIRMATION_OK"
22423,10405611599,10405611677,1,"IOTHUB_CLIENT_CONFIRMATION_OK"
22424,10405611799,10405611836,1,"IOTHUB_CLIENT_CONFIRMATION_OK"
22425,10405611999,10405612035,1,"IOTHUB_CLIENT_CONFIRMATION_OK"
22426,10405612199,10405612238,1,"IOTHUB_CLIENT_CONFIRMATION_OK"
22427,10405612400,10405612445,1,"IOTHUB_CLIENT_CONFIRMATION_OK"
22428,10405612600,10405612652,1,"IOTHUB_CLIENT_CONFIRMATION_OK"
22429,10405612800,10405612841,1,"IOTHUB_CLIENT_CONFIRMATION_OK"
22430,10405613000,10405613053,1,"IOTHUB_CLIENT_CONFIRMATION_OK"
22431,10405613200,10405613239,1,"IOTHUB_CLIENT_CONFIRMATION_OK"
22432,10405613400,10405613438,1,"IOTHUB_CLIENT_CONFIRMATION_OK"
22433,10405613600,10405613651,1,"IOTHUB_CLIENT_CONFIRMATION_OK"
22434,10405613801,10405613865,1,"IOTHUB_CLIENT_CONFIRMATION_OK"
22435,10405614001,10405614042,1,"IOTHUB_CLIENT_CONFIRMATION_OK"
22436,10405614201,10405614236,1,"IOTHUB_CLIENT_CONFIRMATION_OK"
22437,10405614401,10405614437,1,"IOTHUB_CLIENT_CONFIRMATION_OK"
22438,10405614601,10405614647,1,"IOTHUB_CLIENT_CONFIRMATION_OK"
22439,10405614801,10405614842,1,"IOTHUB_CLIENT_CONFIRMATION_OK"
22440,10405615002,10405615043,1,"IOTHUB_CLIENT_CONFIRMATION_OK"
22441,10405615202,10405615242,1,"IOTHUB_CLIENT_CONFIRMATION_OK"
22442,10405615402,10405615458,1,"IOTHUB_CLIENT_CONFIRMATION_OK"
22443,10405615602,10405615656,1,"IOTHUB_CLIENT_CONFIRMATION_OK"
22444,10405615802,10405615892,1,"IOTHUB_CLIENT_CONFIRMATION_OK"
22445,10405616002,10405616036,1,"IOTHUB_CLIENT_CONFIRMATION_OK"
22446,10405616203,10405616248,1,"IOTHUB_CLIENT_CONFIRMATION_OK"
22447,10405616403,10405616500,1,"IOTHUB_CLIENT_CONFIRMATION_OK"
22448,10405616603,10405616644,1,"IOTHUB_CLIENT_CONFIRMATION_OK"
22449,10405616803,10405616842,1,"IOTHUB_CLIENT_CONFIRMATION_OK"
22450,10405617003,10405617107,1,"IOTHUB_CLIENT_CONFIRMATION_OK"
22451,10405617203,10405617280,1,"IOTHUB_CLIENT_CONFIRMATION_OK"
22452,10405617404,10405617444,1,"IOTHUB_CLIENT_CONFIRMATION_OK"
22453,10405617604,10405617712,1,"IOTHUB_CLIENT_CONFIRMATION_OK"
22454,10405617804,10405617865,1,"IOTHUB_CLIENT_CONFIRMATION_OK"
22455,10405618004,10405618051,1,"IOTHUB_CLIENT_CONFIRMATION_OK"
22456,10405618204,10405618323,1,"IOTHUB_CLIENT_CONFIRMATION_OK"
22457,10405618404,10405618441,1,"IOTHUB_CLIENT_CONFIRMATION_OK"
22458,10405618604,10405618693,1,"IOTHUB_CLIENT_CONFIRMATION_OK"
22459,10405618805,10405618842,1,"IOTHUB_CLIENT_CONFIRMATION_OK"
22460,10405619005,10405619046,1,"IOTHUB_CLIENT_CONFIRMATION_OK"
22461,10405619205,10405619314,1,"IOTHUB_CLIENT_CONFIRMATION_OK"
22462,10405619405,10405619453,1,"IOTHUB_CLIENT_CONFIRMATION_OK"
22463,10405619605,10405619647,1,"IOTHUB_CLIENT_CONFIRMATION_OK"
22464,10405619805,10405619844,1,"IOTHUB_CLIENT_CONFIRMATION_OK"
22465,10405620006,10405620047,1,"IOTHUB_CLIENT_CONFIRMATION_OK"
22466,10405620206,10405620251,1,"IOTHUB_CLIENT_CONFIRMATION_OK"
22467,10405620406,10405620460,1,"IOTHUB_CLIENT_CONFIRMATION_OK"
22468,10405620606,10405620646,1,"IOTHUB_CLIENT_CONFIRMATION_OK"
22469,10405620806,10405620852,1,"IOTHUB_CLIENT_CONFIRMATION_OK"
22470,10405621006,10405621045,1,"IOTHUB_CLIENT_CONFIRMATION_OK"
22471,10405621207,10405621248,1,"IOTHUB_CLIENT_CONFIRMATION_OK"
22472,10405621407,10405621609,1,"IOTHUB_CLIENT_CONFIRMATION_OK"
22473,10405621607,10405621659,1,"IOTHUB_CLIENT_CONFIRMATION_OK"
22474,10405621807,10405621849,1,"IOTHUB_CLIENT_CONFIRMATION_OK"
22475,10405622007,10405622220,1,"IOTHUB_CLIENT_CONFIRMATION_OK"
22476,10405622207,10405622252,1,"IOTHUB_CLIENT_CONFIRMATION_OK"
22477,10405622408,10405622450,1,"IOTHUB_CLIENT_CONFIRMATION_OK"
22478,10405622608,10405622653,1,"IOTHUB_CLIENT_CONFIRMATION_OK"
22479,10405622808,10405622875,1,"IOTHUB_CLIENT_CONFIRMATION_OK"
22480,10405623008,10405623052,1,"IOTHUB_CLIENT_CONFIRMATION_OK"
22481,10405623208,10405623253,1,"IOTHUB_CLIENT_CONFIRMATION_OK"
22482,10405623408,10405623493,1,"IOTHUB_CLIENT_CONFIRMATION_OK"
22483,10405623608,10405623673,1,"IOTHUB_CLIENT_CONFIRMATION_OK"
22484,10405623809,10405623878,1,"IOTHUB_CLIENT_CONFIRMATION_OK"
22485,10405624009,10405624058,1,"IOTHUB_CLIENT_CONFIRMATION_OK"
22486,10405624209,10405624247,1,"IOTHUB_CLIENT_CONFIRMATION_OK"
22487,10405624409,10405624463,1,"IOTHUB_CLIENT_CONFIRMATION_OK"
22488,10405624609,10405624647,1,"IOTHUB_CLIENT_CONFIRMATION_OK"
22489,10405624809,10405624849,1,"IOTHUB_CLIENT_CONFIRMATION_OK"
22490,10405625010,10405625047,1,"IOTHUB_CLIENT_CONFIRMATION_OK"
22491,10405625210,10405625262,1,"IOTHUB_CLIENT_CONFIRMATION_OK"
22492,10405625410,10405625446,1,"IOTHUB_CLIENT_CONFIRMATION_OK"
22493,10405625610,10405625654,1,"IOTHUB_CLIENT_CONFIRMATION_OK"
22494,10405625810,10405625881,1,"IOTHUB_CLIENT_CONFIRMATION_OK"
22495,10405626010,10405626057,1,"IOTHUB_CLIENT_CONFIRMATION_OK"
22496,10405626210,10405626251,1,"IOTHUB_CLIENT_CONFIRMATION_OK"
22497,10405626411,10405626461,1,"IOTHUB_CLIENT_CONFIRMATION_OK"
22498,10405626611,10405626650,1,"IOTHUB_CLIENT_CONFIRMATION_OK"
22499,10405626811,10405626853,1,"IOTHUB_CLIENT_CONFIRMATION_OK"
22500,10405627011,10405627048,1,"IOTHUB_CLIENT_CONFIRMATION_OK"
22501,10405627211,10405627264,1,"IOTHUB_CLIENT_CONFIRMATION_OK"
22502,10405627412,10405627446,1,"IOTHUB_CLIENT_CONFIRMATION_OK"
22503,10405627612,10405627649,1,"IOTHUB_CLIENT_CONFIRMATION_OK"
22504,10405627812,10405627904,1,"IOTHUB_CLIENT_CONFIRMATION_OK"
22505,10405628012,10405628053,1,"IOTHUB_CLIENT_CONFIRMATION_OK"
22506,10405628212,10405628250,1,"IOTHUB_CLIENT_CONFIRMATION_OK"
22507,10405628412,10405628511,1,"IOTHUB_CLIENT_CONFIRMATION_OK"
22508,10405628613,10405628649,1,"IOTHUB_CLIENT_CONFIRMATION_OK"
22509,10405628813,10405628865,1,"IOTHUB_CLIENT_CONFIRMATION_OK"
22510,10405629013,10405629145,1,"IOTHUB_CLIENT_CONFIRMATION_OK"
22511,10405629213,10405629254,1,"IOTHUB_CLIENT_CONFIRMATION_OK"
22512,10405629413,10405629467,1,"IOTHUB_CLIENT_CONFIRMATION_OK"
22513,10405629613,10405629747,1,"IOTHUB_CLIENT_CONFIRMATION_OK"
22514,10405629813,10405629851,1,"IOTHUB_CLIENT_CONFIRMATION_OK"
22515,10405630014,10405630057,1,"IOTHUB_CLIENT_CONFIRMATION_OK"
22516,10405630214,10405630352,1,"IOTHUB_CLIENT_CONFIRMATION_OK"
22517,10405630414,10405630455,1,"IOTHUB_CLIENT_CONFIRMATION_OK"
22518,10405630614,10405630650,1,"IOTHUB_CLIENT_CONFIRMATION_OK"
22519,10405630814,10405630881,1,"IOTHUB_CLIENT_CONFIRMATION_OK"
22520,10405631014,10405631091,1,"IOTHUB_CLIENT_CONFIRMATION_OK"
22521,10405631215,10405631255,1,"IOTHUB_CLIENT_CONFIRMATION_OK"
22522,10405631415,10405631452,1,"IOTHUB_CLIENT_CONFIRMATION_OK"
22523,10405631615,10405631654,1,"IOTHUB_CLIENT_CONFIRMATION_OK"
22524,10405631815,10405631853,1,"IOTHUB_CLIENT_CONFIRMATION_OK"
22525,10405632015,10405632062,1,"IOTHUB_CLIENT_CONFIRMATION_OK"
22526,10405632215,10405632258,1,"IOTHUB_CLIENT_CONFIRMATION_OK"
22527,10405632416,10405632482,1,"IOTHUB_CLIENT_CONFIRMATION_OK"
22528,10405632616,10405632682,1,"IOTHUB_CLIENT_CONFIRMATION_OK"
22529,10405632816,10405632894,1,"IOTHUB_CLIENT_CONFIRMATION_OK"
22530,10405633016,10405633056,1,"IOTHUB_CLIENT_CONFIRMATION_OK"
22531,10405633216,10405633254,1,"IOTHUB_CLIENT_CONFIRMATION_OK"
22532,10405633416,10405633453,1,"IOTHUB_CLIENT_CONFIRMATION_OK"
22533,10405633616,10405633673,1,"IOTHUB_CLIENT_CONFIRMATION_OK"
22534,10405633817,10405633861,1,"IOTHUB_CLIENT_CONFIRMATION_OK"
22535,10405634017,10405634052,1,"IOTHUB_CLIENT_CONFIRMATION_OK"
22536,10405634217,10405634286,1,"IOTHUB_CLIENT_CONFIRMATION_OK"
22537,10405634417,10405634455,1,"IOTHUB_CLIENT_CONFIRMATION_OK"
22538,10405634617,10405634670,1,"IOTHUB_CLIENT_CONFIRMATION_OK"
22539,10405634817,10405634858,1,"IOTHUB_CLIENT_CONFIRMATION_OK"
22540,10405635018,10405635065,1,"IOTHUB_CLIENT_CONFIRMATION_OK"
22541,10405635218,10405635255,1,"IOTHUB_CLIENT_CONFIRMATION_OK"
22542,10405635418,10405635464,1,"IOTHUB_CLIENT_CONFIRMATION_OK"
22543,10405635618,10405635655,1,"IOTHUB_CLIENT_CONFIRMATION_OK"
22544,10405635818,10405635859,1,"IOTHUB_CLIENT_CONFIRMATION_OK"
22545,10405636018,10405636063,1,"IOTHUB_CLIENT_CONFIRMATION_OK"
22546,10405636219,10405636290,1,"IOTHUB_CLIENT_CONFIRMATION_OK"
22547,10405636419,10405636487,1,"IOTHUB_CLIENT_CONFIRMATION_OK"
22548,10405636619,10405636681,1,"IOTHUB_CLIENT_CONFIRMATION_OK"
22549,10405636819,10405636857,1,"IOTHUB_CLIENT_CONFIRMATION_OK"
22550,10405637019,10405637060,1,"IOTHUB_CLIENT_CONFIRMATION_OK"
22551,10405637219,10405637279,1,"IOTHUB_CLIENT_CONFIRMATION_OK"
22552,10405637419,10405637496,1,"IOTHUB_CLIENT_CONFIRMATION_OK"
22553,10405637620,10405637661,1,"IOTHUB_CLIENT_CONFIRMATION_OK"
22554,10405637820,10405637900,1,"IOTHUB_CLIENT_CONFIRMATION_OK"
22555,10405638020,10405638064,1,"IOTHUB_CLIENT_CONFIRMATION_OK"
22556,10405638220,10405638262,1,"IOTHUB_CLIENT_CONFIRMATION_OK"
22557,10405638420,10405638484,1,"IOTHUB_CLIENT_CONFIRMATION_OK"
22558,10405638620,10405638654,1,"IOTHUB_CLIENT_CONFIRMATION_OK"
22559,10405638821,10405638865,1,"IOTHUB_CLIENT_CONFIRMATION_OK"
22560,10405639021,10405639073,1,"IOTHUB_CLIENT_CONFIRMATION_OK"
22561,10405639221,10405639256,1,"IOTHUB_CLIENT_CONFIRMATION_OK"
22562,10405639421,10405639458,1,"IOTHUB_CLIENT_CONFIRMATION_OK"
22563,10405639621,10405639672,1,"IOTHUB_CLIENT_CONFIRMATION_OK"
22564,10405639821,10405639864,1,"IOTHUB_CLIENT_CONFIRMATION_OK"
22565,10405640022,10405640062,1,"IOTHUB_CLIENT_CONFIRMATION_OK"
22566,10405640222,10405640268,1,"IOTHUB_CLIENT_CONFIRMATION_OK"
22567,10405640422,10405640462,1,"IOTHUB_CLIENT_CONFIRMATION_OK"
22568,10405640622,10405640657,1,"IOTHUB_CLIENT_CONFIRMATION_OK"
22569,10405640822,10405640862,1,"IOTHUB_CLIENT_CONFIRMATION_OK"
22570,10405641022,10405641070,1,"IOTHUB_CLIENT_CONFIRMATION_OK"
22571,10405641223,10405641281,1,"IOTHUB_CLIENT_CONFIRMATION_OK"
22572,10405641423,10405641471,1,"IOTHUB_CLIENT_CONFIRMATION_OK"
22573,10405641623,10405641692,1,"IOTHUB_CLIENT_CONFIRMATION_OK"
22574,10405641823,10405641863,1,"IOTHUB_CLIENT_CONFIRMATION_OK"
22575,10405642023,10405642066,1,"IOTHUB_CLIENT_CONFIRMATION_OK"
22576,10405642223,10405642263,1,"IOTHUB_CLIENT_CONFIRMATION_OK"
22577,10405642423,10405642459,1,"IOTHUB_CLIENT_CONFIRMATION_OK"
22578,10405642624,10405642657,1,"IOTHUB_CLIENT_CONFIRMATION_OK"
22579,10405642824,10405642866,1,"IOTHUB_CLIENT_CONFIRMATION_OK"
22580,10405643024,10405643088,1,"IOTHUB_CLIENT_CONFIRMATION_OK"
22581,10405643224,10405643270,1,"IOTHUB_CLIENT_CONFIRMATION_OK"
22582,10405643424,10405643466,1,"IOTHUB_CLIENT_CONFIRMATION_OK"
22583,10405643624,10405643682,1,"IOTHUB_CLIENT_CONFIRMATION_OK"
22584,10405643825,10405643863,1,"IOTHUB_CLIENT_CONFIRMATION_OK"
22585,10405644025,10405644063,1,"IOTHUB_CLIENT_CONFIRMATION_OK"
22586,10405644225,10405644302,1,"IOTHUB_CLIENT_CONFIRMATION_OK"
22587,10405644425,10405644465,1,"IOTHUB_CLIENT_CONFIRMATION_OK"
22588,10405644625,10405644666,1,"IOTHUB_CLIENT_CONFIRMATION_OK"
22589,10405644825,10405644921,1,"IOTHUB_CLIENT_CONFIRMATION_OK"
22590,10405645026,10405645063,1,"IOTHUB_CLIENT_CONFIRMATION_OK"
22591,10405645226,10405645262,1,"IOTHUB_CLIENT_CONFIRMATION_OK"
22592,10405645426,10405645531,1,"IOTHUB_CLIENT_CONFIRMATION_OK"
22593,10405645626,10405645666,1,"IOTHUB_CLIENT_CONFIRMATION_OK"
22594,10405645826,10405645868,1,"IOTHUB_CLIENT_CONFIRMATION_OK"
22595,10405646026,10405646141,1,"IOTHUB_CLIENT_CONFIRMATION_OK"
22596,10405646227,10405646263,1,"IOTHUB_CLIENT_CONFIRMATION_OK"
22597,10405646427,10405646467,1,"IOTHUB_CLIENT_CONFIRMATION_OK"
22598,10405646627,10405646670,1,"IOTHUB_CLIENT_CONFIRMATION_OK"
22599,10405646827,10405646875,1,"IOTHUB_CLIENT_CONFIRMATION_OK"
22600,10405647027,10405647071,1,"IOTHUB_CLIENT_CONFIRMATION_OK"
22601,10405647227,10405647272,1,"IOTHUB_CLIENT_CONFIRMATION_OK"
22602,10405647428,10405647464,1,"IOTHUB_CLIENT_CONFIRMATION_OK"
22603,10405647628,10405647684,1,"IOTHUB_CLIENT_CONFIRMATION_OK"
22604,10405647828,10405647898,1,"IOTHUB_CLIENT_CONFIRMATION_OK"
22605,10405648028,10405648067,1,"IOTHUB_CLIENT_CONFIRMATION_OK"
22606,10405648228,10405648268,1,"IOTHUB_CLIENT_CONFIRMATION_OK"
22607,10405648428,10405648483,1,"IOTHUB_CLIENT_CONFIRMATION_OK"
22608,10405648628,10405648669,1,"IOTHUB_CLIENT_CONFIRMATION_OK"
22609,10405648829,10405648870,1,"IOTHUB_CLIENT_CONFIRMATION_OK"
22610,10405649029,10405649074,1,"IOTHUB_CLIENT_CONFIRMATION_OK"
22611,10405649229,10405649403,1,"IOTHUB_CLIENT_CONFIRMATION_OK"
22612,10405649429,10405649470,1,"IOTHUB_CLIENT_CONFIRMATION_OK"
22613,10405649629,10405649707,1,"IOTHUB_CLIENT_CONFIRMATION_OK"
22614,10405649829,10405650018,1,"IOTHUB_CLIENT_CONFIRMATION_OK"
22615,10405650030,10405650098,1,"IOTHUB_CLIENT_CONFIRMATION_OK"
22616,10405650230,10405650279,1,"IOTHUB_CLIENT_CONFIRMATION_OK"
22617,10405650430,10405650619,1,"IOTHUB_CLIENT_CONFIRMATION_OK"
22618,10405650630,10405650668,1,"IOTHUB_CLIENT_CONFIRMATION_OK"
22619,10405650830,10405650879,1,"IOTHUB_CLIENT_CONFIRMATION_OK"
22620,10405651030,10405651073,1,"IOTHUB_CLIENT_CONFIRMATION_OK"
22621,10405651231,10405651286,1,"IOTHUB_CLIENT_CONFIRMATION_OK"
22622,10405651431,10405651474,1,"IOTHUB_CLIENT_CONFIRMATION_OK"
22623,10405651631,10405651674,1,"IOTHUB_CLIENT_CONFIRMATION_OK"
22624,10405651831,10405651874,1,"IOTHUB_CLIENT_CONFIRMATION_OK"
22625,10405652031,10405652066,1,"IOTHUB_CLIENT_CONFIRMATION_OK"
22626,10405652231,10405652348,1,"IOTHUB_CLIENT_CONFIRMATION_OK"
22627,10405652431,10405652480,1,"IOTHUB_CLIENT_CONFIRMATION_OK"
22628,10405652632,10405652668,1,"IOTHUB_CLIENT_CONFIRMATION_OK"
22629,10405652832,10405652875,1,"IOTHUB_CLIENT_CONFIRMATION_OK"
22630,10405653032,10405653093,1,"IOTHUB_CLIENT_CONFIRMATION_OK"
22631,10405653232,10405653271,1,"IOTHUB_CLIENT_CONFIRMATION_OK"
22632,10405653432,10405653483,1,"IOTHUB_CLIENT_CONFIRMATION_OK"
22633,10405653632,10405653688,1,"IOTHUB_CLIENT_CONFIRMATION_OK"
22634,10405653832,10405653875,1,"IOTHUB_CLIENT_CONFIRMATION_OK"
22635,10405654033,10405654068,1,"IOTHUB_CLIENT_CONFIRMATION_OK"
22636,10405654233,10405654294,1,"IOTHUB_CLIENT_CONFIRMATION_OK"
22637,10405654433,10405654468,1,"IOTHUB_CLIENT_CONFIRMATION_OK"
22638,10405654633,10405654699,1,"IOTHUB_CLIENT_CONFIRMATION_OK"
22639,10405654833,10405654875,1,"IOTHUB_CLIENT_CONFIRMATION_OK"
22640,10405655033,10405655128,1,"IOTHUB_CLIENT_CONFIRMATION_OK"
22641,10405655233,10405655273,1,"IOTHUB_CLIENT_CONFIRMATION_OK"
22642,10405655434,10405655475,1,"IOTHUB_CLIENT_CONFIRMATION_OK"
22643,10405655634,10405655678,1,"IOTHUB_CLIENT_CONFIRMATION_OK"
22644,10405655834,10405655874,1,"IOTHUB_CLIENT_CONFIRMATION_OK"
22645,10405656034,10405656077,1,"IOTHUB_CLIENT_CONFIRMATION_OK"
22646,10405656234,10405656329,1,"IOTHUB_CLIENT_CONFIRMATION_OK"
22647,10405656434,10405656472,1,"IOTHUB_CLIENT_CONFIRMATION_OK"
22648,10405656634,10405656676,1,"IOTHUB_CLIENT_CONFIRMATION_OK"
22649,10405656835,10405656958,1,"IOTHUB_CLIENT_CONFIRMATION_OK"
22650,10405657035,10405657073,1,"IOTHUB_CLIENT_CONFIRMATION_OK"
22651,10405657235,10405657288,1,"IOTHUB_CLIENT_CONFIRMATION_OK"
22652,10405657435,10405657567,1,"IOTHUB_CLIENT_CONFIRMATION_OK"
22653,10405657635,10405657699,1,"IOTHUB_CLIENT_CONFIRMATION_OK"
22654,10405657835,10405657889,1,"IOTHUB_CLIENT_CONFIRMATION_OK"
22655,10405658036,10405658203,1,"IOTHUB_CLIENT_CONFIRMATION_OK"
22656,10405658236,10405658276,1,"IOTHUB_CLIENT_CONFIRMATION_OK"
22657,10405658436,10405658488,1,"IOTHUB_CLIENT_CONFIRMATION_OK"
22658,10405658636,10405658674,1,"IOTHUB_CLIENT_CONFIRMATION_OK"
22659,10405658836,10405658934,1,"IOTHUB_CLIENT_CONFIRMATION_OK"
22660,10405659036,10405659086,1,"IOTHUB_CLIENT_CONFIRMATION_OK"
22661,10405659237,10405659273,1,"IOTHUB_CLIENT_CONFIRMATION_OK"
22662,10405659437,10405659488,1,"IOTHUB_CLIENT_CONFIRMATION_OK"
22663,10405659637,10405659695,1,"IOTHUB_CLIENT_CONFIRMATION_OK"
22664,10405659837,10405659878,1,"IOTHUB_CLIENT_CONFIRMATION_OK"
22665,10405660037,10405660071,1,"IOTHUB_CLIENT_CONFIRMATION_OK"
22666,10405660237,10405660287,1,"IOTHUB_CLIENT_CONFIRMATION_OK"
22667,10405660437,10405660476,1,"IOTHUB_CLIENT_CONFIRMATION_OK"
22668,10405660638,10405660744,1,"IOTHUB_CLIENT_CONFIRMATION_OK"
22669,10405660838,10405660876,1,"IOTHUB_CLIENT_CONFIRMATION_OK"
22670,10405661038,10405661080,1,"IOTHUB_CLIENT_CONFIRMATION_OK"
22671,10405661238,10405661288,1,"IOTHUB_CLIENT_CONFIRMATION_OK"
22672,10405661438,10405661486,1,"IOTHUB_CLIENT_CONFIRMATION_OK"
22673,10405661638,10405661681,1,"IOTHUB_CLIENT_CONFIRMATION_OK"
22674,10405661839,10405661881,1,"IOTHUB_CLIENT_CONFIRMATION_OK"
22675,10405662039,10405662082,1,"IOTHUB_CLIENT_CONFIRMATION_OK"
22676,10405662239,10405662282,1,"IOTHUB_CLIENT_CONFIRMATION_OK"
22677,10405662439,10405662501,1,"IOTHUB_CLIENT_CONFIRMATION_OK"
22678,10405662639,10405662702,1,"IOTHUB_CLIENT_CONFIRMATION_OK"
22679,10405662839,10405662920,1,"IOTHUB_CLIENT_CONFIRMATION_OK"
22680,10405663040,10405663074,1,"IOTHUB_CLIENT_CONFIRMATION_OK"
22681,10405663240,10405663276,1,"IOTHUB_CLIENT_CONFIRMATION_OK"
22682,10405663440,10405663475,1,"IOTHUB_CLIENT_CONFIRMATION_OK"
22683,10405663640,10405663677,1,"IOTHUB_CLIENT_CONFIRMATION_OK"
22684,10405663840,10405663919,1,"IOTHUB_CLIENT_CONFIRMATION_OK"
22685,10405664040,10405664075,1,"IOTHUB_CLIENT_CONFIRMATION_OK"
22686,10405664241,10405664297,1,"IOTHUB_CLIENT_CONFIRMATION_OK"
22687,10405664441,10405664513,1,"IOTHUB_CLIENT_CONFIRMATION_OK"
22688,10405664641,10405664682,1,"IOTHUB_CLIENT_CONFIRMATION_OK"
22689,10405664841,10405664920,1,"IOTHUB_CLIENT_CONFIRMATION_OK"
22690,10405665041,10405665122,1,"IOTHUB_CLIENT_CONFIRMATION_OK"
22691,10405665241,10405665289,1,"IOTHUB_CLIENT_CONFIRMATION_OK"
22692,10405665442,10405665519,1,"IOTHUB_CLIENT_CONFIRMATION_OK"
22693,10405665642,10405665747,1,"IOTHUB_CLIENT_CONFIRMATION_OK"
22694,10405665842,10405665905,1,"IOTHUB_CLIENT_CONFIRMATION_OK"
22695,10405666042,10405666089,1,"IOTHUB_CLIENT_CONFIRMATION_OK"
22696,10405666242,10405666357,1,"IOTHUB_CLIENT_CONFIRMATION_OK"
22697,10405666442,10405666485,1,"IOTHUB_CLIENT_CONFIRMATION_OK"
22698,10405666642,10405666677,1,"IOTHUB_CLIENT_CONFIRMATION_OK"
22699,10405666843,10405666917,1,"IOTHUB_CLIENT_CONFIRMATION_OK"
22700,10405667043,10405667080,1,"IOTHUB_CLIENT_CONFIRMATION_OK"
22701,10405667243,10405667279,1,"IOTHUB_CLIENT_CONFIRMATION_OK"
22702,10405667443,10405667484,1,"IOTHUB_CLIENT_CONFIRMATION_OK"
22703,10405667643,10405667677,1,"IOTHUB_CLIENT_CONFIRMATION_OK"
22704,10405667843,10405667887,1,"IOTHUB_CLIENT_CONFIRMATION_OK"
22705,10405668044,10405668089,1,"IOTHUB_CLIENT_CONFIRMATION_OK"
22706,10405668244,10405668302,1,"IOTHUB_CLIENT_CONFIRMATION_OK"
22707,10405668444,10405668480,1,"IOTHUB_CLIENT_CONFIRMATION_OK"
22708,10405668644,10405668681,1,"IOTHUB_CLIENT_CONFIRMATION_OK"
22709,10405668844,10405668973,1,"IOTHUB_CLIENT_CONFIRMATION_OK"
22710,10405669044,10405669085,1,"IOTHUB_CLIENT_CONFIRMATION_OK"
22711,10405669244,10405669292,1,"IOTHUB_CLIENT_CONFIRMATION_OK"
22712,10405669445,10405669595,1,"IOTHUB_CLIENT_CONFIRMATION_OK"
22713,10405669645,10405669687,1,"IOTHUB_CLIENT_CONFIRMATION_OK"
22714,10405669845,10405669885,1,"IOTHUB_CLIENT_CONFIRMATION_OK"
22715,10405670045,10405670203,1,"IOTHUB_CLIENT_CONFIRMATION_OK"
22716,10405670245,10405670282,1,"IOTHUB_CLIENT_CONFIRMATION_OK"
22717,10405670445,10405670496,1,"IOTHUB_CLIENT_CONFIRMATION_OK"
22718,10405670646,10405670680,1,"IOTHUB_CLIENT_CONFIRMATION_OK"
22719,10405670846,10405670889,1,"IOTHUB_CLIENT_CONFIRMATION_OK"
22720,10405671046,10405671081,1,"IOTHUB_CLIENT_CONFIRMATION_OK"
22721,10405671246,10405671286,1,"IOTHUB_CLIENT_CONFIRMATION_OK"
22722,10405671446,10405671649,1,"IOTHUB_CLIENT_CONFIRMATION_OK"
22723,10405671646,10405671688,1,"IOTHUB_CLIENT_CONFIRMATION_OK"
22724,10405671847,10405671887,1,"IOTHUB_CLIENT_CONFIRMATION_OK"
22725,10405672047,10405672089,1,"IOTHUB_CLIENT_CONFIRMATION_OK"
22726,10405672247,10405672329,1,"IOTHUB_CLIENT_CONFIRMATION_OK"
22727,10405672447,10405672503,1,"IOTHUB_CLIENT_CONFIRMATION_OK"
22728,10405672647,10405672687,1,"IOTHUB_CLIENT_CONFIRMATION_OK"
22729,10405672847,10405672894,1,"IOTHUB_CLIENT_CONFIRMATION_OK"
22730,10405673047,10405673097,1,"IOTHUB_CLIENT_CONFIRMATION_OK"
22731,10405673248,10405673296,1,"IOTHUB_CLIENT_CONFIRMATION_OK"
22732,10405673448,10405673494,1,"IOTHUB_CLIENT_CONFIRMATION_OK"
22733,10405673648,10405673688,1,"IOTHUB_CLIENT_CONFIRMATION_OK"
22734,10405673848,10405673926,1,"IOTHUB_CLIENT_CONFIRMATION_OK"
22735,10405674048,10405674103,1,"IOTHUB_CLIENT_CONFIRMATION_OK"
22736,10405674248,10405674287,1,"IOTHUB_CLIENT_CONFIRMATION_OK"
22737,10405674449,10405674508,1,"IOTHUB_CLIENT_CONFIRMATION_OK"
22738,10405674649,10405674693,1,"IOTHUB_CLIENT_CONFIRMATION_OK"
22739,10405674849,10405674885,1,"IOTHUB_CLIENT_CONFIRMATION_OK"
22740,10405675049,10405675090,1,"IOTHUB_CLIENT_CONFIRMATION_OK"
22741,10405675249,10405675330,1,"IOTHUB_CLIENT_CONFIRMATION_OK"
22742,10405675449,10405675492,1,"IOTHUB_CLIENT_CONFIRMATION_OK"
22743,10405675649,10405675695,1,"IOTHUB_CLIENT_CONFIRMATION_OK"
22744,10405675850,10405675884,1,"IOTHUB_CLIENT_CONFIRMATION_OK"
22745,10405676050,10405676089,1,"IOTHUB_CLIENT_CONFIRMATION_OK"
22746,10405676250,10405676299,1,"IOTHUB_CLIENT_CONFIRMATION_OK"
22747,10405676450,10405676501,1,"IOTHUB_CLIENT_CONFIRMATION_OK"
22748,10405676650,10405676715,1,"IOTHUB_CLIENT_CONFIRMATION_OK"
22749,10405676850,10405676891,1,"IOTHUB_CLIENT_CONFIRMATION_OK"
22750,10405677051,10405677199,1,"IOTHUB_CLIENT_CONFIRMATION_OK"
22751,10405677251,10405677304,1,"IOTHUB_CLIENT_CONFIRMATION_OK"
22752,10405677451,10405677520,1,"IOTHUB_CLIENT_CONFIRMATION_OK"
22753,10405677651,10405677825,1,"IOTHUB_CLIENT_CONFIRMATION_OK"
22754,10405677851,10405677896,1,"IOTHUB_CLIENT_CONFIRMATION_OK"
22755,10405678051,10405678089,1,"IOTHUB_CLIENT_CONFIRMATION_OK"
22756,10405678251,10405678415,1,"IOTHUB_CLIENT_CONFIRMATION_OK"
22757,10405678452,10405678524,1,"IOTHUB_CLIENT_CONFIRMATION_OK"
22758,10405678652,10405678698,1,"IOTHUB_CLIENT_CONFIRMATION_OK"
22759,10405678852,10405678890,1,"IOTHUB_CLIENT_CONFIRMATION_OK"
22760,10405679052,10405679095,1,"IOTHUB_CLIENT_CONFIRMATION_OK"
22761,10405679252,10405679288,1,"IOTHUB_CLIENT_CONFIRMATION_OK"
22762,10405679452,10405679497,1,"IOTHUB_CLIENT_CONFIRMATION_OK"
22763,10405679653,10405679692,1,"IOTHUB_CLIENT_CONFIRMATION_OK"
22764,10405679853,10405679904,1,"IOTHUB_CLIENT_CONFIRMATION_OK"
22765,10405680053,10405680094,1,"IOTHUB_CLIENT_CONFIRMATION_OK"
22766,10405680253,10405680290,1,"IOTHUB_CLIENT_CONFIRMATION_OK"
22767,10405680453,10405680500,1,"IOTHUB_CLIENT_CONFIRMATION_OK"
22768,10405680653,10405681126,1,"IOTHUB_CLIENT_CONFIRMATION_OK"
22769,10405680854,10405681504,1,"IOTHUB_CLIENT_CONFIRMATION_OK"
22770,10405681054,10405681567,1,"IOTHUB_CLIENT_CONFIRMATION_OK"
22771,10405681254,10405681752,1,"IOTHUB_CLIENT_CONFIRMATION_OK"
22772,10405681454,10405681817,1,"IOTHUB_CLIENT_CONFIRMATION_OK"
22773,10405681654,10405681856,1,"IOTHUB_CLIENT_CONFIRMATION_OK"
22774,10405681854,10405681910,1,"IOTHUB_CLIENT_CONFIRMATION_OK"
22775,10405682055,10405682122,1,"IOTHUB_CLIENT_CONFIRMATION_OK"
22776,10405682255,10405682294,1,"IOTHUB_CLIENT_CONFIRMATION_OK"
22777,10405682455,10405682508,1,"IOTHUB_CLIENT_CONFIRMATION_OK"
22778,10405682655,10405682696,1,"IOTHUB_CLIENT_CONFIRMATION_OK"
22779,10405682855,10405682945,1,"IOTHUB_CLIENT_CONFIRMATION_OK"
22780,10405683055,10405683089,1,"IOTHUB_CLIENT_CONFIRMATION_OK"
22781,10405683256,10405683289,1,"IOTHUB_CLIENT_CONFIRMATION_OK"
22782,10405683456,10405683525,1,"IOTHUB_CLIENT_CONFIRMATION_OK"
22783,10405683656,10405683699,1,"IOTHUB_CLIENT_CONFIRMATION_OK"
22784,10405683856,10405683892,1,"IOTHUB_CLIENT_CONFIRMATION_OK"
22785,10405684056,10405684105,1,"IOTHUB_CLIENT_CONFIRMATION_OK"
22786,10405684256,10405684318,1,"IOTHUB_CLIENT_CONFIRMATION_OK"
22787,10405684456,10405684497,1,"IOTHUB_CLIENT_CONFIRMATION_OK"
22788,10405684657,10405684766,1,"IOTHUB_CLIENT_CONFIRMATION_OK"
22789,10405684857,10405684899,1,"IOTHUB_CLIENT_CONFIRMATION_OK"
22790,10405685057,10405685097,1,"IOTHUB_CLIENT_CONFIRMATION_OK"
22791,10405685257,10405685298,1,"IOTHUB_CLIENT_CONFIRMATION_OK"
22792,10405685457,10405685494,1,"IOTHUB_CLIENT_CONFIRMATION_OK"
22793,10405685657,10405685711,1,"IOTHUB_CLIENT_CONFIRMATION_OK"
22794,10405685858,10405686029,1,"IOTHUB_CLIENT_CONFIRMATION_OK"
22795,10405686058,10405686094,1,"IOTHUB_CLIENT_CONFIRMATION_OK"
22796,10405686258,10405686294,1,"IOTHUB_CLIENT_CONFIRMATION_OK"
22797,10405686458,10405686626,1,"IOTHUB_CLIENT_CONFIRMATION_OK"
22798,10405686658,10405686692,1,"IOTHUB_CLIENT_CONFIRMATION_OK"
22799,10405686858,10405686902,1,"IOTHUB_CLIENT_CONFIRMATION_OK"
22800,10405687058,10405687098,1,"IOTHUB_CLIENT_CONFIRMATION_OK"
22801,10405687259,10405687302,1,"IOTHUB_CLIENT_CONFIRMATION_OK"
22802,10405687459,10405687492,1,"IOTHUB_CLIENT_CONFIRMATION_OK"
22803,10405687659,10405687775,1,"IOTHUB_CLIENT_CONFIRMATION_OK"
22804,10405687859,10405687916,1,"IOTHUB_CLIENT_CONFIRMATION_OK"
22805,10405688059,10405688096,1,"IOTHUB_CLIENT_CONFIRMATION_OK"
22806,10405688259,10405688295,1,"IOTHUB_CLIENT_CONFIRMATION_OK"
22807,10405688460,10405688513,1,"IOTHUB_CLIENT_CONFIRMATION_OK"
22808,10405688660,10405688697,1,"IOTHUB_CLIENT_CONFIRMATION_OK"
22809,10405688860,10405688908,1,"IOTHUB_CLIENT_CONFIRMATION_OK"
22810,10405689060,10405689101,1,"IOTHUB_CLIENT_CONFIRMATION_OK"
22811,10405689260,10405689295,1,"IOTHUB_CLIENT_CONFIRMATION_OK"
22812,10405689460,10405689498,1,"IOTHUB_CLIENT_CONFIRMATION_OK"
22813,10405689660,10405689709,1,"IOTHUB_CLIENT_CONFIRMATION_OK"
22814,10405689861,10405689920,1,"IOTHUB_CLIENT_CONFIRMATION_OK"
22815,10405690061,10405690115,1,"IOTHUB_CLIENT_CONFIRMATION_OK"
22816,10405690261,10405690316,1,"IOTHUB_CLIENT_CONFIRMATION_OK"
22817,10405690461,10405690505,1,"IOTHUB_CLIENT_CONFIRMATION_OK"
22818,10405690661,10405690710,1,"IOTHUB_CLIENT_CONFIRMATION_OK"
22819,10405690861,10405691004,1,"IOTHUB_CLIENT_CONFIRMATION_OK"
22820,10405691062,10405691111,1,"IOTHUB_CLIENT_CONFIRMATION_OK"
22821,10405691262,10405691309,1,"IOTHUB_CLIENT_CONFIRMATION_OK"
22822,10405691462,10405691519,1,"IOTHUB_CLIENT_CONFIRMATION_OK"
22823,10405691662,10405691717,1,"IOTHUB_CLIENT_CONFIRMATION_OK"
22824,10405691862,10405691928,1,"IOTHUB_CLIENT_CONFIRMATION_OK"
22825,10405692062,10405692110,1,"IOTHUB_CLIENT_CONFIRMATION_OK"
22826,10405692262,10405692312,1,"IOTHUB_CLIENT_CONFIRMATION_OK"
22827,10405692463,10405692512,1,"IOTHUB_CLIENT_CONFIRMATION_OK"
22828,10405692663,10405692714,1,"IOTHUB_CLIENT_CONFIRMATION_OK"
22829,10405692863,10405692908,1,"IOTHUB_CLIENT_CONFIRMATION_OK"
22830,10405693063,10405693111,1,"IOTHUB_CLIENT_CONFIRMATION_OK"
22831,10405693263,10405693328,1,"IOTHUB_CLIENT_CONFIRMATION_OK"
22832,10405693463,10405693506,1,"IOTHUB_CLIENT_CONFIRMATION_OK"
22833,10405693664,10405693723,1,"IOTHUB_CLIENT_CONFIRMATION_OK"
22834,10405693864,10405693928,1,"IOTHUB_CLIENT_CONFIRMATION_OK"
22835,10405694064,10405694277,1,"IOTHUB_CLIENT_CONFIRMATION_OK"
22836,10405694264,10405694320,1,"IOTHUB_CLIENT_CONFIRMATION_OK"
22837,10405694464,10405694509,1,"IOTHUB_CLIENT_CONFIRMATION_OK"
22838,10405694664,10405694719,1,"IOTHUB_CLIENT_CONFIRMATION_OK"
22839,10405694864,10405694939,1,"IOTHUB_CLIENT_CONFIRMATION_OK"
22840,10405695065,10405695125,1,"IOTHUB_CLIENT_CONFIRMATION_OK"
22841,10405695265,10405695319,1,"IOTHUB_CLIENT_CONFIRMATION_OK"
22842,10405695465,10405695550,1,"IOTHUB_CLIENT_CONFIRMATION_OK"
22843,10405695665,10405695710,1,"IOTHUB_CLIENT_CONFIRMATION_OK"
22844,10405695865,10405695928,1,"IOTHUB_CLIENT_CONFIRMATION_OK"
22845,10405696065,10405696136,1,"IOTHUB_CLIENT_CONFIRMATION_OK"
22846,10405696266,10405696313,1,"IOTHUB_CLIENT_CONFIRMATION_OK"
22847,10405696466,10405696518,1,"IOTHUB_CLIENT_CONFIRMATION_OK"
22848,10405696666,10405696728,1,"IOTHUB_CLIENT_CONFIRMATION_OK"
22849,10405696866,10405696919,1,"IOTHUB_CLIENT_CONFIRMATION_OK"
22850,10405697066,10405697186,1,"IOTHUB_CLIENT_CONFIRMATION_OK"
22851,10405697266,10405697392,1,"IOTHUB_CLIENT_CONFIRMATION_OK"
22852,10405697467,10405697521,1,"IOTHUB_CLIENT_CONFIRMATION_OK"
22853,10405697667,10405697722,1,"IOTHUB_CLIENT_CONFIRMATION_OK"
22854,10405697867,10405697992,1,"IOTHUB_CLIENT_CONFIRMATION_OK"
22855,10405698067,10405698115,1,"IOTHUB_CLIENT_CONFIRMATION_OK"
22856,10405698267,10405698318,1,"IOTHUB_CLIENT_CONFIRMATION_OK"
22857,10405698467,10405698619,1,"IOTHUB_CLIENT_CONFIRMATION_OK"
22858,10405698667,10405698720,1,"IOTHUB_CLIENT_CONFIRMATION_OK"
22859,10405698868,10405698918,1,"IOTHUB_CLIENT_CONFIRMATION_OK"
22860,10405699068,10405699114,1,"IOTHUB_CLIENT_CONFIRMATION_OK"
22861,10405699268,10405699316,1,"IOTHUB_CLIENT_CONFIRMATION_OK"
22862,10405699468,10405699506,1,"IOTHUB_CLIENT_CONFIRMATION_OK"
22863,10405699668,10405699712,1,"IOTHUB_CLIENT_CONFIRMATION_OK"
22864,10405699868,10405699909,1,"IOTHUB_CLIENT_CONFIRMATION_OK"
22865,10405700069,10405700107,1,"IOTHUB_CLIENT_CONFIRMATION_OK"
22866,10405700269,10405700350,1,"IOTHUB_CLIENT_CONFIRMATION_OK"
22867,10405700469,10405700524,1,"IOTHUB_CLIENT_CONFIRMATION_OK"
22868,10405700669,10405700713,1,"IOTHUB_CLIENT_CONFIRMATION_OK"
22869,10405700869,10405700924,1,"IOTHUB_CLIENT_CONFIRMATION_OK"
22870,10405701069,10405701131,1,"IOTHUB_CLIENT_CONFIRMATION_OK"
22871,10405701270,10405701320,1,"IOTHUB_CLIENT_CONFIRMATION_OK"
22872,10405701470,10405701523,1,"IOTHUB_CLIENT_CONFIRMATION_OK"
22873,10405701670,10405701856,1,"IOTHUB_CLIENT_CONFIRMATION_OK"
22874,10405701870,10405701917,1,"IOTHUB_CLIENT_CONFIRMATION_OK"
22875,10405702070,10405702116,1,"IOTHUB_CLIENT_CONFIRMATION_OK"
22876,10405702270,10405702494,1,"IOTHUB_CLIENT_CONFIRMATION_OK"
22877,10405702470,10405702541,1,"IOTHUB_CLIENT_CONFIRMATION_OK"
22878,10405702671,10405702743,1,"IOTHUB_CLIENT_CONFIRMATION_OK"
22879,10405702871,10405702924,1,"IOTHUB_CLIENT_CONFIRMATION_OK"
22880,10405703071,10405703127,1,"IOTHUB_CLIENT_CONFIRMATION_OK"
22881,10405703271,10405703317,1,"IOTHUB_CLIENT_CONFIRMATION_OK"
22882,10405703471,10405703527,1,"IOTHUB_CLIENT_CONFIRMATION_OK"
22883,10405703671,10405703731,1,"IOTHUB_CLIENT_CONFIRMATION_OK"
22884,10405703872,10405703925,1,"IOTHUB_CLIENT_CONFIRMATION_OK"
22885,10405704072,10405704118,1,"IOTHUB_CLIENT_CONFIRMATION_OK"
22886,10405704272,10405704339,1,"IOTHUB_CLIENT_CONFIRMATION_OK"
22887,10405704472,10405704523,1,"IOTHUB_CLIENT_CONFIRMATION_OK"
22888,10405704672,10405704718,1,"IOTHUB_CLIENT_CONFIRMATION_OK"
22889,10405704872,10405704953,1,"IOTHUB_CLIENT_CONFIRMATION_OK"
22890,10405705072,10405705123,1,"IOTHUB_CLIENT_CONFIRMATION_OK"
22891,10405705273,10405705320,1,"IOTHUB_CLIENT_CONFIRMATION_OK"
22892,10405705473,10405705554,1,"IOTHUB_CLIENT_CONFIRMATION_OK"
22893,10405705673,10405705755,1,"IOTHUB_CLIENT_CONFIRMATION_OK"
22894,10405705873,10405705919,1,"IOTHUB_CLIENT_CONFIRMATION_OK"
22895,10405706073,10405706192,1,"IOTHUB_CLIENT_CONFIRMATION_OK"
22896,10405706273,10405706328,1,"IOTHUB_CLIENT_CONFIRMATION_OK"
22897,10405706474,10405706522,1,"IOTHUB_CLIENT_CONFIRMATION_OK"
22898,10405706674,10405706731,1,"IOTHUB_CLIENT_CONFIRMATION_OK"
22899,10405706874,10405706928,1,"IOTHUB_CLIENT_CONFIRMATION_OK"
22900,10405707074,10405707132,1,"IOTHUB_CLIENT_CONFIRMATION_OK"
22901,10405707274,10405707318,1,"IOTHUB_CLIENT_CONFIRMATION_OK"
22902,10405707474,10405707543,1,"IOTHUB_CLIENT_CONFIRMATION_OK"
22903,10405707675,10405707731,1,"IOTHUB_CLIENT_CONFIRMATION_OK"
22904,10405707875,10405707929,1,"IOTHUB_CLIENT_CONFIRMATION_OK"
22905,10405708075,10405708125,1,"IOTHUB_CLIENT_CONFIRMATION_OK"
22906,10405708275,10405708335,1,"IOTHUB_CLIENT_CONFIRMATION_OK"
22907,10405708475,10405708522,1,"IOTHUB_CLIENT_CONFIRMATION_OK"
22908,10405708675,10405708814,1,"IOTHUB_CLIENT_CONFIRMATION_OK"
22909,10405708875,10405708932,1,"IOTHUB_CLIENT_CONFIRMATION_OK"
22910,10405709076,10405709122,1,"IOTHUB_CLIENT_CONFIRMATION_OK"
22911,10405709276,10405709413,1,"IOTHUB_CLIENT_CONFIRMATION_OK"
22912,10405709476,10405709515,1,"IOTHUB_CLIENT_CONFIRMATION_OK"
22913,10405709676,10405709722,1,"IOTHUB_CLIENT_CONFIRMATION_OK"
22914,10405709876,10405710031,1,"IOTHUB_CLIENT_CONFIRMATION_OK"
22915,10405710076,10405710116,1,"IOTHUB_CLIENT_CONFIRMATION_OK"
22916,10405710277,10405710332,1,"IOTHUB_CLIENT_CONFIRMATION_OK"
22917,10405710477,10405710663,1,"IOTHUB_CLIENT_CONFIRMATION_OK"
22918,10405710677,10405710724,1,"IOTHUB_CLIENT_CONFIRMATION_OK"
22919,10405710877,10405710940,1,"IOTHUB_CLIENT_CONFIRMATION_OK"
22920,10405711077,10405711119,1,"IOTHUB_CLIENT_CONFIRMATION_OK"
22921,10405711277,10405711315,1,"IOTHUB_CLIENT_CONFIRMATION_OK"
22922,10405711477,10405711513,1,"IOTHUB_CLIENT_CONFIRMATION_OK"
22923,10405711678,10405711722,1,"IOTHUB_CLIENT_CONFIRMATION_OK"
22924,10405711878,10405711938,1,"IOTHUB_CLIENT_CONFIRMATION_OK"
22925,10405712078,10405712121,1,"IOTHUB_CLIENT_CONFIRMATION_OK"
22926,10405712278,10405712320,1,"IOTHUB_CLIENT_CONFIRMATION_OK"
22927,10405712478,10405712551,1,"IOTHUB_CLIENT_CONFIRMATION_OK"
22928,10405712678,10405712720,1,"IOTHUB_CLIENT_CONFIRMATION_OK"
22929,10405712879,10405712919,1,"IOTHUB_CLIENT_CONFIRMATION_OK"
22930,10405713079,10405713162,1,"IOTHUB_CLIENT_CONFIRMATION_OK"
22931,10405713279,10405713328,1,"IOTHUB_CLIENT_CONFIRMATION_OK"
22932,10405713479,10405713525,1,"IOTHUB_CLIENT_CONFIRMATION_OK"
22933,10405713679,10405713799,1,"IOTHUB_CLIENT_CONFIRMATION_OK"
22934,10405713879,10405713917,1,"IOTHUB_CLIENT_CONFIRMATION_OK"
22935,10405714079,10405714123,1,"IOTHUB_CLIENT_CONFIRMATION_OK"
22936,10405714280,10405714387,1,"IOTHUB_CLIENT_CONFIRMATION_OK"
22937,10405714480,10405714524,1,"IOTHUB_CLIENT_CONFIRMATION_OK"
22938,10405714680,10405714720,1,"IOTHUB_CLIENT_CONFIRMATION_OK"
22939,10405714880,10405715001,1,"IOTHUB_CLIENT_CONFIRMATION_OK"
22940,10405715080,10405715122,1,"IOTHUB_CLIENT_CONFIRMATION_OK"
22941,10405715280,10405715327,1,"IOTHUB_CLIENT_CONFIRMATION_OK"
22942,10405715481,10405715516,1,"IOTHUB_CLIENT_CONFIRMATION_OK"
22943,10405715681,10405715721,1,"IOTHUB_CLIENT_CONFIRMATION_OK"
22944,10405715881,10405715925,1,"IOTHUB_CLIENT_CONFIRMATION_OK"
22945,10405716081,10405716119,1,"IOTHUB_CLIENT_CONFIRMATION_OK"
22946,10405716281,10405716325,1,"IOTHUB_CLIENT_CONFIRMATION_OK"
22947,10405716481,10405716518,1,"IOTHUB_CLIENT_CONFIRMATION_OK"
22948,10405716681,10405716715,1,"IOTHUB_CLIENT_CONFIRMATION_OK"
22949,10405716882,10405716924,1,"IOTHUB_CLIENT_CONFIRMATION_OK"
22950,10405717082,10405717126,1,"IOTHUB_CLIENT_CONFIRMATION_OK"
22951,10405717282,10405717318,1,"IOTHUB_CLIENT_CONFIRMATION_OK"
22952,10405717482,10405717536,1,"IOTHUB_CLIENT_CONFIRMATION_OK"
22953,10405717682,10405717724,1,"IOTHUB_CLIENT_CONFIRMATION_OK"
22954,10405717882,10405717922,1,"IOTHUB_CLIENT_CONFIRMATION_OK"
22955,10405718083,10405718278,1,"IOTHUB_CLIENT_CONFIRMATION_OK"
22956,10405718283,10405718326,1,"IOTHUB_CLIENT_CONFIRMATION_OK"
22957,10405718483,10405718536,1,"IOTHUB_CLIENT_CONFIRMATION_OK"
22958,10405718683,10405718733,1,"IOTHUB_CLIENT_CONFIRMATION_OK"
22959,10405718883,10405718931,1,"IOTHUB_CLIENT_CONFIRMATION_OK"
22960,10405719083,10405719127,1,"IOTHUB_CLIENT_CONFIRMATION_OK"
22961,10405719283,10405719323,1,"IOTHUB_CLIENT_CONFIRMATION_OK"
22962,10405719484,10405719544,1,"IOTHUB_CLIENT_CONFIRMATION_OK"
22963,10405719684,10405719738,1,"IOTHUB_CLIENT_CONFIRMATION_OK"
22964,10405719884,10405719920,1,"IOTHUB_CLIENT_CONFIRMATION_OK"
22965,10405720084,10405720144,1,"IOTHUB_CLIENT_CONFIRMATION_OK"
22966,10405720284,10405720321,1,"IOTHUB_CLIENT_CONFIRMATION_OK"
22967,10405720484,10405720525,1,"IOTHUB_CLIENT_CONFIRMATION_OK"
22968,10405720684,10405720729,1,"IOTHUB_CLIENT_CONFIRMATION_OK"
22969,10405720885,10405720931,1,"IOTHUB_CLIENT_CONFIRMATION_OK"
22970,10405721085,10405721132,1,"IOTHUB_CLIENT_CONFIRMATION_OK"
22971,10405721285,10405721330,1,"IOTHUB_CLIENT_CONFIRMATION_OK"
22972,10405721485,10405721521,1,"IOTHUB_CLIENT_CONFIRMATION_OK"
22973,10405721685,10405721730,1,"IOTHUB_CLIENT_CONFIRMATION_OK"
22974,10405721885,10405721941,1,"IOTHUB_CLIENT_CONFIRMATION_OK"
22975,10405722086,10405722135,1,"IOTHUB_CLIENT_CONFIRMATION_OK"
22976,10405722286,10405722329,1,"IOTHUB_CLIENT_CONFIRMATION_OK"
22977,10405722486,10405722565,1,"IOTHUB_CLIENT_CONFIRMATION_OK"
22978,10405722686,10405722738,1,"IOTHUB_CLIENT_CONFIRMATION_OK"
22979,10405722886,10405722936,1,"IOTHUB_CLIENT_CONFIRMATION_OK"
22980,10405723086,10405723121,1,"IOTHUB_CLIENT_CONFIRMATION_OK"
22981,10405723287,10405723339,1,"IOTHUB_CLIENT_CONFIRMATION_OK"
22982,10405723487,10405723542,1,"IOTHUB_CLIENT_CONFIRMATION_OK"
22983,10405723687,10405723725,1,"IOTHUB_CLIENT_CONFIRMATION_OK"
22984,10405723887,10405723937,1,"IOTHUB_CLIENT_CONFIRMATION_OK"
22985,10405724087,10405724130,1,"IOTHUB_CLIENT_CONFIRMATION_OK"
22986,10405724287,10405724320,1,"IOTHUB_CLIENT_CONFIRMATION_OK"
22987,10405724488,10405724531,1,"IOTHUB_CLIENT_CONFIRMATION_OK"
22988,10405724688,10405724725,1,"IOTHUB_CLIENT_CONFIRMATION_OK"
22989,10405724888,10405724926,1,"IOTHUB_CLIENT_CONFIRMATION_OK"
22990,10405725088,10405725220,1,"IOTHUB_CLIENT_CONFIRMATION_OK"
22991,10405725288,10405725326,1,"IOTHUB_CLIENT_CONFIRMATION_OK"
22992,10405725488,10405725534,1,"IOTHUB_CLIENT_CONFIRMATION_OK"
22993,10405725688,10405725861,1,"IOTHUB_CLIENT_CONFIRMATION_OK"
22994,10405725889,10405725932,1,"IOTHUB_CLIENT_CONFIRMATION_OK"
22995,10405726089,10405726130,1,"IOTHUB_CLIENT_CONFIRMATION_OK"
22996,10405726289,10405726480,1,"IOTHUB_CLIENT_CONFIRMATION_OK"
22997,10405726489,10405726540,1,"IOTHUB_CLIENT_CONFIRMATION_OK"
22998,10405726689,10405726728,1,"IOTHUB_CLIENT_CONFIRMATION_OK"
22999,10405726889,10405726922,1,"IOTHUB_CLIENT_CONFIRMATION_OK"
23000,10405727090,10405727130,1,"IOTHUB_CLIENT_CONFIRMATION_OK"
23001,10405727290,10405727341,1,"IOTHUB_CLIENT_CONFIRMATION_OK"
23002,10405727490,10405727533,1,"IOTHUB_CLIENT_CONFIRMATION_OK"
23003,10405727690,10405727742,1,"IOTHUB_CLIENT_CONFIRMATION_OK"
23004,10405727890,10405727927,1,"IOTHUB_CLIENT_CONFIRMATION_OK"
23005,10405728090,10405728128,1,"IOTHUB_CLIENT_CONFIRMATION_OK"
23006,10405728291,10405728340,1,"IOTHUB_CLIENT_CONFIRMATION_OK"
23007,10405728491,10405728558,1,"IOTHUB_CLIENT_CONFIRMATION_OK"
23008,10405728691,10405728730,1,"IOTHUB_CLIENT_CONFIRMATION_OK"
23009,10405728891,10405728965,1,"IOTHUB_CLIENT_CONFIRMATION_OK"
23010,10405729091,10405729143,1,"IOTHUB_CLIENT_CONFIRMATION_OK"
23011,10405729291,10405729333,1,"IOTHUB_CLIENT_CONFIRMATION_OK"
23012,10405729491,10405729581,1,"IOTHUB_CLIENT_CONFIRMATION_OK"
23013,10405729692,10405729760,1,"IOTHUB_CLIENT_CONFIRMATION_OK"
23014,10405729892,10405729932,1,"IOTHUB_CLIENT_CONFIRMATION_OK"
23015,10405730092,10405730196,1,"IOTHUB_CLIENT_CONFIRMATION_OK"
23016,10405730292,10405730358,1,"IOTHUB_CLIENT_CONFIRMATION_OK"
23017,10405730492,10405730550,1,"IOTHUB_CLIENT_CONFIRMATION_OK"
23018,10405730692,10405730739,1,"IOTHUB_CLIENT_CONFIRMATION_OK"
23019,10405730893,10405730930,1,"IOTHUB_CLIENT_CONFIRMATION_OK"
23020,10405731093,10405731146,1,"IOTHUB_CLIENT_CONFIRMATION_OK"
23021,10405731293,10405731332,1,"IOTHUB_CLIENT_CONFIRMATION_OK"
23022,10405731493,10405731541,1,"IOTHUB_CLIENT_CONFIRMATION_OK"
23023,10405731693,10405731740,1,"IOTHUB_CLIENT_CONFIRMATION_OK"
23024,10405731893,10405731943,1,"IOTHUB_CLIENT_CONFIRMATION_OK"
23025,10405732094,10405732129,1,"IOTHUB_CLIENT_CONFIRMATION_OK"
23026,10405732294,10405732336,1,"IOTHUB_CLIENT_CONFIRMATION_OK"
23027,10405732494,10405732536,1,"IOTHUB_CLIENT_CONFIRMATION_OK"
23028,10405732694,10405732737,1,"IOTHUB_CLIENT_CONFIRMATION_OK"
23029,10405732894,10405732965,1,"IOTHUB_CLIENT_CONFIRMATION_OK"
23030,10405733094,10405733155,1,"IOTHUB_CLIENT_CONFIRMATION_OK"
23031,10405733295,10405733438,1,"IOTHUB_CLIENT_CONFIRMATION_OK"
23032,10405733495,10405733535,1,"IOTHUB_CLIENT_CONFIRMATION_OK"
23033,10405733695,10405733742,1,"IOTHUB_CLIENT_CONFIRMATION_OK"
23034,10405733895,10405734061,1,"IOTHUB_CLIENT_CONFIRMATION_OK"
23035,10405734095,10405734141,1,"IOTHUB_CLIENT_CONFIRMATION_OK"
23036,10405734295,10405734361,1,"IOTHUB_CLIENT_CONFIRMATION_OK"
23037,10405734495,10405734673,1,"IOTHUB_CLIENT_CONFIRMATION_OK"
23038,10405734696,10405734748,1,"IOTHUB_CLIENT_CONFIRMATION_OK"
23039,10405734896,10405734931,1,"IOTHUB_CLIENT_CONFIRMATION_OK"
23040,10405735096,10405735131,1,"IOTHUB_CLIENT_CONFIRMATION_OK"
23041,10405735296,10405735345,1,"IOTHUB_CLIENT_CONFIRMATION_OK"
23042,10405735496,10405735540,1,"IOTHUB_CLIENT_CONFIRMATION_OK"
23043,10405735696,10405735754,1,"IOTHUB_CLIENT_CONFIRMATION_OK"
23044,10405735897,10405735943,1,"IOTHUB_CLIENT_CONFIRMATION_OK"
23045,10405736097,10405736138,1,"IOTHUB_CLIENT_CONFIRMATION_OK"
23046,10405736297,10405736341,1,"IOTHUB_CLIENT_CONFIRMATION_OK"
23047,10405736497,10405736533,1,"IOTHUB_CLIENT_CONFIRMATION_OK"
23048,10405736697,10405736742,1,"IOTHUB_CLIENT_CONFIRMATION_OK"
23049,10405736897,10405736940,1,"IOTHUB_CLIENT_CONFIRMATION_OK"
23050,10405737097,10405737133,1,"IOTHUB_CLIENT_CONFIRMATION_OK"
23051,10405737298,10405737341,1,"IOTHUB_CLIENT_CONFIRMATION_OK"
23052,10405737498,10405737639,1,"IOTHUB_CLIENT_CONFIRMATION_OK"
23053,10405737698,10405737741,1,"IOTHUB_CLIENT_CONFIRMATION_OK"
23054,10405737898,10405737934,1,"IOTHUB_CLIENT_CONFIRMATION_OK"
23055,10405738098,10405738151,1,"IOTHUB_CLIENT_CONFIRMATION_OK"
23056,10405738298,10405738340,1,"IOTHUB_CLIENT_CONFIRMATION_OK"
23057,10405738499,10405738544,1,"IOTHUB_CLIENT_CONFIRMATION_OK"
23058,10405738699,10405738753,1,"IOTHUB_CLIENT_CONFIRMATION_OK"
23059,10405738899,10405738936,1,"IOTHUB_CLIENT_CONFIRMATION_OK"
23060,10405739099,10405739143,1,"IOTHUB_CLIENT_CONFIRMATION_OK"
23061,10405739299,10405739365,1,"IOTHUB_CLIENT_CONFIRMATION_OK"
23062,10405739499,10405739544,1,"IOTHUB_CLIENT_CONFIRMATION_OK"
23063,10405739700,10405739760,1,"IOTHUB_CLIENT_CONFIRMATION_OK"
23064,10405739900,10405739939,1,"IOTHUB_CLIENT_CONFIRMATION_OK"
23065,10405740100,10405740137,1,"IOTHUB_CLIENT_CONFIRMATION_OK"
23066,10405740300,10405740395,1,"IOTHUB_CLIENT_CONFIRMATION_OK"
23067,10405740500,10405740541,1,"IOTHUB_CLIENT_CONFIRMATION_OK"
23068,10405740700,10405740744,1,"IOTHUB_CLIENT_CONFIRMATION_OK"
23069,10405740900,10405741011,1,"IOTHUB_CLIENT_CONFIRMATION_OK"
23070,10405741101,10405741147,1,"IOTHUB_CLIENT_CONFIRMATION_OK"
23071,10405741301,10405741342,1,"IOTHUB_CLIENT_CONFIRMATION_OK"
23072,10405741501,10405741771,1,"IOTHUB_CLIENT_CONFIRMATION_OK"
23073,10405741701,10405741836,1,"IOTHUB_CLIENT_CONFIRMATION_OK"
23074,10405741901,10405741945,1,"IOTHUB_CLIENT_CONFIRMATION_OK"
23075,10405742101,10405742140,1,"IOTHUB_CLIENT_CONFIRMATION_OK"
23076,10405742302,10405742340,1,"IOTHUB_CLIENT_CONFIRMATION_OK"
23077,10405742502,10405742536,1,"IOTHUB_CLIENT_CONFIRMATION_OK"
23078,10405742702,10405742756,1,"IOTHUB_CLIENT_CONFIRMATION_OK"
23079,10405742902,10405742938,1,"IOTHUB_CLIENT_CONFIRMATION_OK"
23080,10405743102,10405743142,1,"IOTHUB_CLIENT_CONFIRMATION_OK"
23081,10405743302,10405743350,1,"IOTHUB_CLIENT_CONFIRMATION_OK"
23082,10405743503,10405743541,1,"IOTHUB_CLIENT_CONFIRMATION_OK"
23083,10405743703,10405743745,1,"IOTHUB_CLIENT_CONFIRMATION_OK"
23084,10405743903,10405743946,1,"IOTHUB_CLIENT_CONFIRMATION_OK"
23085,10405744103,10405744196,1,"IOTHUB_CLIENT_CONFIRMATION_OK"
23086,10405744303,10405744386,1,"IOTHUB_CLIENT_CONFIRMATION_OK"
23087,10405744503,10405744539,1,"IOTHUB_CLIENT_CONFIRMATION_OK"
23088,10405744704,10405744806,1,"IOTHUB_CLIENT_CONFIRMATION_OK"
23089,10405744904,10405744940,1,"IOTHUB_CLIENT_CONFIRMATION_OK"
23090,10405745104,10405745163,1,"IOTHUB_CLIENT_CONFIRMATION_OK"
23091,10405745304,10405745417,1,"IOTHUB_CLIENT_CONFIRMATION_OK"
23092,10405745504,10405745545,1,"IOTHUB_CLIENT_CONFIRMATION_OK"
23093,10405745704,10405745738,1,"IOTHUB_CLIENT_CONFIRMATION_OK"
23094,10405745905,10405746023,1,"IOTHUB_CLIENT_CONFIRMATION_OK"
23095,10405746105,10405746157,1,"IOTHUB_CLIENT_CONFIRMATION_OK"
23096,10405746305,10405746393,1,"IOTHUB_CLIENT_CONFIRMATION_OK"
23097,10405746505,10405746645,1,"IOTHUB_CLIENT_CONFIRMATION_OK"
23098,10405746705,10405746747,1,"IOTHUB_CLIENT_CONFIRMATION_OK"
23099,10405746905,10405746986,1,"IOTHUB_CLIENT_CONFIRMATION_OK"
23100,10405747106,10405747145,1,"IOTHUB_CLIENT_CONFIRMATION_OK"
23101,10405747306,10405747342,1,"IOTHUB_CLIENT_CONFIRMATION_OK"
23102,10405747506,10405747547,1,"IOTHUB_CLIENT_CONFIRMATION_OK"
23103,10405747706,10405747751,1,"IOTHUB_CLIENT_CONFIRMATION_OK"
23104,10405747906,10405747957,1,"IOTHUB_CLIENT_CONFIRMATION_OK"
23105,10405748106,10405748141,1,"IOTHUB_CLIENT_CONFIRMATION_OK"
23106,10405748306,10405748347,1,"IOTHUB_CLIENT_CONFIRMATION_OK"
23107,10405748507,10405748554,1,"IOTHUB_CLIENT_CONFIRMATION_OK"
23108,10405748707,10405748749,1,"IOTHUB_CLIENT_CONFIRMATION_OK"
23109,10405748907,10405748954,1,"IOTHUB_CLIENT_CONFIRMATION_OK"
23110,10405749107,10405749158,1,"IOTHUB_CLIENT_CONFIRMATION_OK"
23111,10405749307,10405749349,1,"IOTHUB_CLIENT_CONFIRMATION_OK"
23112,10405749507,10405749550,1,"IOTHUB_CLIENT_CONFIRMATION_OK"
23113,10405749708,10405750095,1,"IOTHUB_CLIENT_CONFIRMATION_OK"
23114,10405749908,10405750521,1,"IOTHUB_CLIENT_CONFIRMATION_OK"
23115,10405750108,10405750611,1,"IOTHUB_CLIENT_CONFIRMATION_OK"
23116,10405750308,10405750682,1,"IOTHUB_CLIENT_CONFIRMATION_OK"
23117,10405750508,10405750780,1,"IOTHUB_CLIENT_CONFIRMATION_OK"
23118,10405750708,10405750841,1,"IOTHUB_CLIENT_CONFIRMATION_OK"
23119,10405750909,10405750961,1,"IOTHUB_CLIENT_CONFIRMATION_OK"
23120,10405751109,10405751167,1,"IOTHUB_CLIENT_CONFIRMATION_OK"
23121,10405751309,10405751359,1,"IOTHUB_CLIENT_CONFIRMATION_OK"
23122,10405751509,10405751562,1,"IOTHUB_CLIENT_CONFIRMATION_OK"
23123,10405751709,10405751778,1,"IOTHUB_CLIENT_CONFIRMATION_OK"
23124,10405751909,10405751950,1,"IOTHUB_CLIENT_CONFIRMATION_OK"
23125,10405752109,10405752158,1,"IOTHUB_CLIENT_CONFIRMATION_OK"
23126,10405752310,10405752435,1,"IOTHUB_CLIENT_CONFIRMATION_OK"
23127,10405752510,10405752553,1,"IOTHUB_CLIENT_CONFIRMATION_OK"
23128,10405752710,10405752750,1,"IOTHUB_CLIENT_CONFIRMATION_OK"
23129,10405752910,10405753106,1,"IOTHUB_CLIENT_CONFIRMATION_OK"
23130,10405753110,10405753158,1,"IOTHUB_CLIENT_CONFIRMATION_OK"
23131,10405753310,10405753362,1,"IOTHUB_CLIENT_CONFIRMATION_OK"
23132,10405753510,10405753639,1,"IOTHUB_CLIENT_CONFIRMATION_OK"
23133,10405753711,10405753775,1,"IOTHUB_CLIENT_CONFIRMATION_OK"
23134,10405753911,10405753964,1,"IOTHUB_CLIENT_CONFIRMATION_OK"
23135,10405754111,10405754235,1,"IOTHUB_CLIENT_CONFIRMATION_OK"
23136,10405754311,10405754354,1,"IOTHUB_CLIENT_CONFIRMATION_OK"
23137,10405754511,10405754563,1,"IOTHUB_CLIENT_CONFIRMATION_OK"
23138,10405754711,10405754749,1,"IOTHUB_CLIENT_CONFIRMATION_OK"
23139,10405754912,10405754947,1,"IOTHUB_CLIENT_CONFIRMATION_OK"
23140,10405755112,10405755185,1,"IOTHUB_CLIENT_CONFIRMATION_OK"
23141,10405755312,10405755358,1,"IOTHUB_CLIENT_CONFIRMATION_OK"
23142,10405755512,10405755601,1,"IOTHUB_CLIENT_CONFIRMATION_OK"
23143,10405755712,10405755760,1,"IOTHUB_CLIENT_CONFIRMATION_OK"
23144,10405755912,10405755962,1,"IOTHUB_CLIENT_CONFIRMATION_OK"
23145,10405756112,10405756153,1,"IOTHUB_CLIENT_CONFIRMATION_OK"
23146,10405756313,10405756350,1,"IOTHUB_CLIENT_CONFIRMATION_OK"
23147,10405756513,10405756577,1,"IOTHUB_CLIENT_CONFIRMATION_OK"
23148,10405756713,10405756753,1,"IOTHUB_CLIENT_CONFIRMATION_OK"
23149,10405756913,10405756953,1,"IOTHUB_CLIENT_CONFIRMATION_OK"
23150,10405757113,10405757153,1,"IOTHUB_CLIENT_CONFIRMATION_OK"
23151,10405757313,10405757355,1,"IOTHUB_CLIENT_CONFIRMATION_OK"
23152,10405757513,10405757575,1,"IOTHUB_CLIENT_CONFIRMATION_OK"
23153,10405757714,10405757763,1,"IOTHUB_CLIENT_CONFIRMATION_OK"
23154,10405757914,10405757961,1,"IOTHUB_CLIENT_CONFIRMATION_OK"
23155,10405758114,10405758155,1,"IOTHUB_CLIENT_CONFIRMATION_OK"
23156,10405758314,10405758361,1,"IOTHUB_CLIENT_CONFIRMATION_OK"
23157,10405758514,10405758566,1,"IOTHUB_CLIENT_CONFIRMATION_OK"
23158,10405758714,10405758749,1,"IOTHUB_CLIENT_CONFIRMATION_OK"
23159,10405758915,10405758997,1,"IOTHUB_CLIENT_CONFIRMATION_OK"
23160,10405759115,10405759161,1,"IOTHUB_CLIENT_CONFIRMATION_OK"
23161,10405759315,10405759359,1,"IOTHUB_CLIENT_CONFIRMATION_OK"
23162,10405759515,10405759562,1,"IOTHUB_CLIENT_CONFIRMATION_OK"
23163,10405759715,10405759755,1,"IOTHUB_CLIENT_CONFIRMATION_OK"
23164,10405759915,10405759960,1,"IOTHUB_CLIENT_CONFIRMATION_OK"
23165,10405760116,10405760151,1,"IOTHUB_CLIENT_CONFIRMATION_OK"
23166,10405760316,10405760356,1,"IOTHUB_CLIENT_CONFIRMATION_OK"
23167,10405760516,10405760556,1,"IOTHUB_CLIENT_CONFIRMATION_OK"
23168,10405760716,10405760765,1,"IOTHUB_CLIENT_CONFIRMATION_OK"
23169,10405760916,10405760952,1,"IOTHUB_CLIENT_CONFIRMATION_OK"
23170,10405761116,10405761176,1,"IOTHUB_CLIENT_CONFIRMATION_OK"
23171,10405761317,10405761359,1,"IOTHUB_CLIENT_CONFIRMATION_OK"
23172,10405761517,10405761563,1,"IOTHUB_CLIENT_CONFIRMATION_OK"
23173,10405761717,10405761757,1,"IOTHUB_CLIENT_CONFIRMATION_OK"
23174,10405761917,10405761969,1,"IOTHUB_CLIENT_CONFIRMATION_OK"
23175,10405762117,10405762155,1,"IOTHUB_CLIENT_CONFIRMATION_OK"
23176,10405762317,10405762360,1,"IOTHUB_CLIENT_CONFIRMATION_OK"
23177,10405762517,10405762561,1,"IOTHUB_CLIENT_CONFIRMATION_OK"
23178,10405762718,10405762787,1,"IOTHUB_CLIENT_CONFIRMATION_OK"
23179,10405762918,10405762964,1,"IOTHUB_CLIENT_CONFIRMATION_OK"
23180,10405763118,10405763156,1,"IOTHUB_CLIENT_CONFIRMATION_OK"
23181,10405763318,10405763374,1,"IOTHUB_CLIENT_CONFIRMATION_OK"
23182,10405763518,10405763557,1,"IOTHUB_CLIENT_CONFIRMATION_OK"
23183,10405763718,10405763790,1,"IOTHUB_CLIENT_CONFIRMATION_OK"
23184,10405763919,10405763956,1,"IOTHUB_CLIENT_CONFIRMATION_OK"
23185,10405764119,10405764155,1,"IOTHUB_CLIENT_CONFIRMATION_OK"
23186,10405764319,10405764391,1,"IOTHUB_CLIENT_CONFIRMATION_OK"
23187,10405764519,10405764561,1,"IOTHUB_CLIENT_CONFIRMATION_OK"
23188,10405764719,10405764766,1,"IOTHUB_CLIENT_CONFIRMATION_OK"
23189,10405764919,10405765003,1,"IOTHUB_CLIENT_CONFIRMATION_OK"
23190,10405765119,10405765167,1,"IOTHUB_CLIENT_CONFIRMATION_OK"
23191,10405765320,10405765379,1,"IOTHUB_CLIENT_CONFIRMATION_OK"
23192,10405765520,10405765642,1,"IOTHUB_CLIENT_CONFIRMATION_OK"
23193,10405765720,10405765756,1,"IOTHUB_CLIENT_CONFIRMATION_OK"
23194,10405765920,10405765984,1,"IOTHUB_CLIENT_CONFIRMATION_OK"
23195,10405766120,10405766226,1,"IOTHUB_CLIENT_CONFIRMATION_OK"
23196,10405766320,10405766359,1,"IOTHUB_CLIENT_CONFIRMATION_OK"
23197,10405766521,10405766571,1,"IOTHUB_CLIENT_CONFIRMATION_OK"
23198,10405766721,10405766759,1,"IOTHUB_CLIENT_CONFIRMATION_OK"
23199,10405766921,10405766969,1,"IOTHUB_CLIENT_CONFIRMATION_OK"
23200,10405767121,10405767160,1,"IOTHUB_CLIENT_CONFIRMATION_OK"
23201,10405767321,10405767359,1,"IOTHUB_CLIENT_CONFIRMATION_OK"
23202,10405767521,10405767565,1,"IOTHUB_CLIENT_CONFIRMATION_OK"
23203,10405767721,10405767767,1,"IOTHUB_CLIENT_CONFIRMATION_OK"
23204,10405767922,10405767961,1,"IOTHUB_CLIENT_CONFIRMATION_OK"
23205,10405768122,10405768155,1,"IOTHUB_CLIENT_CONFIRMATION_OK"
23206,10405768322,10405768415,1,"IOTHUB_CLIENT_CONFIRMATION_OK"
23207,10405768522,10405768566,1,"IOTHUB_CLIENT_CONFIRMATION_OK"
23208,10405768722,10405768785,1,"IOTHUB_CLIENT_CONFIRMATION_OK"
23209,10405768922,10405768957,1,"IOTHUB_CLIENT_CONFIRMATION_OK"
23210,10405769123,10405769166,1,"IOTHUB_CLIENT_CONFIRMATION_OK"
23211,10405769323,10405769374,1,"IOTHUB_CLIENT_CONFIRMATION_OK"
23212,10405769523,10405769661,1,"IOTHUB_CLIENT_CONFIRMATION_OK"
23213,10405769723,10405769767,1,"IOTHUB_CLIENT_CONFIRMATION_OK"
23214,10405769923,10405770126,1,"IOTHUB_CLIENT_CONFIRMATION_OK"
23215,10405770123,10405770167,1,"IOTHUB_CLIENT_CONFIRMATION_OK"
23216,10405770324,10405770361,1,"IOTHUB_CLIENT_CONFIRMATION_OK"
23217,10405770524,10405770730,1,"IOTHUB_CLIENT_CONFIRMATION_OK"
23218,10405770724,10405770764,1,"IOTHUB_CLIENT_CONFIRMATION_OK"
23219,10405770924,10405770964,1,"IOTHUB_CLIENT_CONFIRMATION_OK"
23220,10405771124,10405771168,1,"IOTHUB_CLIENT_CONFIRMATION_OK"
23221,10405771324,10405771373,1,"IOTHUB_CLIENT_CONFIRMATION_OK"
23222,10405771524,10405771568,1,"IOTHUB_CLIENT_CONFIRMATION_OK"
23223,10405771725,10405771761,1,"IOTHUB_CLIENT_CONFIRMATION_OK"
23224,10405771925,10405771991,1,"IOTHUB_CLIENT_CONFIRMATION_OK"
23225,10405772125,10405772169,1,"IOTHUB_CLIENT_CONFIRMATION_OK"
23226,10405772325,10405772386,1,"IOTHUB_CLIENT_CONFIRMATION_OK"
23227,10405772525,10405772572,1,"IOTHUB_CLIENT_CONFIRMATION_OK"
23228,10405772725,10405772763,1,"IOTHUB_CLIENT_CONFIRMATION_OK"
23229,10405772925,10405772964,1,"IOTHUB_CLIENT_CONFIRMATION_OK"
23230,10405773126,10405773182,1,"IOTHUB_CLIENT_CONFIRMATION_OK"
23231,10405773326,10405773372,1,"IOTHUB_CLIENT_CONFIRMATION_OK"
23232,10405773526,10405773583,1,"IOTHUB_CLIENT_CONFIRMATION_OK"
23233,10405773726,10405773809,1,"IOTHUB_CLIENT_CONFIRMATION_OK"
23234,10405773926,10405773969,1,"IOTHUB_CLIENT_CONFIRMATION_OK"
23235,10405774126,10405774167,1,"IOTHUB_CLIENT_CONFIRMATION_OK"
23236,10405774327,10405774409,1,"IOTHUB_CLIENT_CONFIRMATION_OK"
23237,10405774527,10405774566,1,"IOTHUB_CLIENT_CONFIRMATION_OK"
23238,10405774727,10405774777,1,"IOTHUB_CLIENT_CONFIRMATION_OK"
23239,10405774927,10405774969,1,"IOTHUB_CLIENT_CONFIRMATION_OK"
23240,10405775127,10405775185,1,"IOTHUB_CLIENT_CONFIRMATION_OK"
23241,10405775327,10405775363,1,"IOTHUB_CLIENT_CONFIRMATION_OK"
23242,10405775528,10405775565,1,"IOTHUB_CLIENT_CONFIRMATION_OK"
23243,10405775728,10405775778,1,"IOTHUB_CLIENT_CONFIRMATION_OK"
23244,10405775928,10405775964,1,"IOTHUB_CLIENT_CONFIRMATION_OK"
23245,10405776128,10405776167,1,"IOTHUB_CLIENT_CONFIRMATION_OK"
23246,10405776328,10405776433,1,"IOTHUB_CLIENT_CONFIRMATION_OK"
23247,10405776528,10405776574,1,"IOTHUB_CLIENT_CONFIRMATION_OK"
23248,10405776729,10405776760,1,"IOTHUB_CLIENT_CONFIRMATION_OK"
23249,10405776929,10405777040,1,"IOTHUB_CLIENT_CONFIRMATION_OK"
23250,10405777129,10405777194,1,"IOTHUB_CLIENT_CONFIRMATION_OK"
23251,10405777329,10405777384,1,"IOTHUB_CLIENT_CONFIRMATION_OK"
23252,10405777529,10405777654,1,"IOTHUB_CLIENT_CONFIRMATION_OK"
23253,10405777729,10405777784,1,"IOTHUB_CLIENT_CONFIRMATION_OK"
23254,10405777929,10405777980,1,"IOTHUB_CLIENT_CONFIRMATION_OK"
23255,10405778130,10405778254,1,"IOTHUB_CLIENT_CONFIRMATION_OK"
23256,10405778330,10405778372,1,"IOTHUB_CLIENT_CONFIRMATION_OK"
23257,10405778530,10405778582,1,"IOTHUB_CLIENT_CONFIRMATION_OK"
23258,10405778730,10405778771,1,"IOTHUB_CLIENT_CONFIRMATION_OK"
23259,10405778930,10405778992,1,"IOTHUB_CLIENT_CONFIRMATION_OK"
23260,10405779130,10405779171,1,"IOTHUB_CLIENT_CONFIRMATION_OK"
23261,10405779331,10405779381,1,"IOTHUB_CLIENT_CONFIRMATION_OK"
23262,10405779531,10405779608,1,"IOTHUB_CLIENT_CONFIRMATION_OK"
23263,10405779731,10405779771,1,"IOTHUB_CLIENT_CONFIRMATION_OK"
23264,10405779931,10405779968,1,"IOTHUB_CLIENT_CONFIRMATION_OK"
23265,10405780131,10405780174,1,"IOTHUB_CLIENT_CONFIRMATION_OK"
23266,10405780331,10405780370,1,"IOTHUB_CLIENT_CONFIRMATION_OK"
23267,10405780532,10405780573,1,"IOTHUB_CLIENT_CONFIRMATION_OK"
23268,10405780732,10405780785,1,"IOTHUB_CLIENT_CONFIRMATION_OK"
23269,10405780932,10405780977,1,"IOTHUB_CLIENT_CONFIRMATION_OK"
23270,10405781132,10405781168,1,"IOTHUB_CLIENT_CONFIRMATION_OK"
23271,10405781332,10405781398,1,"IOTHUB_CLIENT_CONFIRMATION_OK"
23272,10405781532,10405781571,1,"IOTHUB_CLIENT_CONFIRMATION_OK"
23273,10405781733,10405781846,1,"IOTHUB_CLIENT_CONFIRMATION_OK"
23274,10405781933,10405782026,1,"IOTHUB_CLIENT_CONFIRMATION_OK"
23275,10405782133,10405782177,1,"IOTHUB_CLIENT_CONFIRMATION_OK"
23276,10405782333,10405782371,1,"IOTHUB_CLIENT_CONFIRMATION_OK"
23277,10405782533,10405782638,1,"IOTHUB_CLIENT_CONFIRMATION_OK"
23278,10405782733,10405782780,1,"IOTHUB_CLIENT_CONFIRMATION_OK"
23279,10405782933,10405782991,1,"IOTHUB_CLIENT_CONFIRMATION_OK"
23280,10405783134,10405783179,1,"IOTHUB_CLIENT_CONFIRMATION_OK"
23281,10405783334,10405783378,1,"IOTHUB_CLIENT_CONFIRMATION_OK"
23282,10405783534,10405783585,1,"IOTHUB_CLIENT_CONFIRMATION_OK"
23283,10405783734,10405783773,1,"IOTHUB_CLIENT_CONFIRMATION_OK"
23284,10405783934,10405783981,1,"IOTHUB_CLIENT_CONFIRMATION_OK"
23285,10405784134,10405784181,1,"IOTHUB_CLIENT_CONFIRMATION_OK"
23286,10405784335,10405784379,1,"IOTHUB_CLIENT_CONFIRMATION_OK"
23287,10405784535,10405784573,1,"IOTHUB_CLIENT_CONFIRMATION_OK"
23288,10405784735,10405784822,1,"IOTHUB_CLIENT_CONFIRMATION_OK"
23289,10405784935,10405784967,1,"IOTHUB_CLIENT_CONFIRMATION_OK"
23290,10405785135,10405785275,1,"IOTHUB_CLIENT_CONFIRMATION_OK"
23291,10405785335,10405785385,1,"IOTHUB_CLIENT_CONFIRMATION_OK"
23292,10405785535,10405785585,1,"IOTHUB_CLIENT_CONFIRMATION_OK"
23293,10405785736,10405785898,1,"IOTHUB_CLIENT_CONFIRMATION_OK"
23294,10405785936,10405785969,1,"IOTHUB_CLIENT_CONFIRMATION_OK"
23295,10405786136,10405786174,1,"IOTHUB_CLIENT_CONFIRMATION_OK"
23296,10405786336,10405786541,1,"IOTHUB_CLIENT_CONFIRMATION_OK"
23297,10405786536,10405786574,1,"IOTHUB_CLIENT_CONFIRMATION_OK"
23298,10405786736,10405786778,1,"IOTHUB_CLIENT_CONFIRMATION_OK"
23299,10405786937,10405786970,1,"IOTHUB_CLIENT_CONFIRMATION_OK"
23300,10405787137,10405787172,1,"IOTHUB_CLIENT_CONFIRMATION_OK"
23301,10405787337,10405787378,1,"IOTHUB_CLIENT_CONFIRMATION_OK"
23302,10405787537,10405787650,1,"IOTHUB_CLIENT_CONFIRMATION_OK"
23303,10405787737,10405787774,1,"IOTHUB_CLIENT_CONFIRMATION_OK"
23304,10405787937,10405787974,1,"IOTHUB_CLIENT_CONFIRMATION_OK"
23305,10405788138,10405788182,1,"IOTHUB_CLIENT_CONFIRMATION_OK"
23306,10405788338,10405788383,1,"IOTHUB_CLIENT_CONFIRMATION_OK"
23307,10405788538,10405788601,1,"IOTHUB_CLIENT_CONFIRMATION_OK"
23308,10405788738,10405788775,1,"IOTHUB_CLIENT_CONFIRMATION_OK"
23309,10405788938,10405788981,1,"IOTHUB_CLIENT_CONFIRMATION_OK"
23310,10405789138,10405789177,1,"IOTHUB_CLIENT_CONFIRMATION_OK"
23311,10405789338,10405789378,1,"IOTHUB_CLIENT_CONFIRMATION_OK"
23312,10405789539,10405789581,1,"IOTHUB_CLIENT_CONFIRMATION_OK"
23313,10405789739,10405789781,1,"IOTHUB_CLIENT_CONFIRMATION_OK"
23314,10405789939,10405789982,1,"IOTHUB_CLIENT_CONFIRMATION_OK"
23315,10405790139,10405790177,1,"IOTHUB_CLIENT_CONFIRMATION_OK"
23316,10405790339,10405790395,1,"IOTHUB_CLIENT_CONFIRMATION_OK"
23317,10405790539,10405790582,1,"IOTHUB_CLIENT_CONFIRMATION_OK"
23318,10405790740,10405790779,1,"IOTHUB_CLIENT_CONFIRMATION_OK"
23319,10405790940,10405790985,1,"IOTHUB_CLIENT_CONFIRMATION_OK"
23320,10405791140,10405791185,1,"IOTHUB_CLIENT_CONFIRMATION_OK"
23321,10405791340,10405791389,1,"IOTHUB_CLIENT_CONFIRMATION_OK"
23322,10405791540,10405791631,1,"IOTHUB_CLIENT_CONFIRMATION_OK"
23323,10405791740,10405791780,1,"IOTHUB_CLIENT_CONFIRMATION_OK"
23324,10405791941,10405791981,1,"IOTHUB_CLIENT_CONFIRMATION_OK"
23325,10405792141,10405792266,1,"IOTHUB_CLIENT_CONFIRMATION_OK"
23326,10405792341,10405792381,1,"IOTHUB_CLIENT_CONFIRMATION_OK"
23327,10405792541,10405792577,1,"IOTHUB_CLIENT_CONFIRMATION_OK"
23328,10405792741,10405792871,1,"IOTHUB_CLIENT_CONFIRMATION_OK"
23329,10405792941,10405792985,1,"IOTHUB_CLIENT_CONFIRMATION_OK"
23330,10405793142,10405793185,1,"IOTHUB_CLIENT_CONFIRMATION_OK"
23331,10405793342,10405793476,1,"IOTHUB_CLIENT_CONFIRMATION_OK"
23332,10405793542,10405793582,1,"IOTHUB_CLIENT_CONFIRMATION_OK"
23333,10405793742,10405793780,1,"IOTHUB_CLIENT_CONFIRMATION_OK"
23334,10405793942,10405794187,1,"IOTHUB_CLIENT_CONFIRMATION_OK"
23335,10405794142,10405794222,1,"IOTHUB_CLIENT_CONFIRMATION_OK"
23336,10405794342,10405794384,1,"IOTHUB_CLIENT_CONFIRMATION_OK"
23337,10405794543,10405794790,1,"IOTHUB_CLIENT_CONFIRMATION_OK"
23338,10405794743,10405794821,1,"IOTHUB_CLIENT_CONFIRMATION_OK"
23339,10405794943,10405794977,1,"IOTHUB_CLIENT_CONFIRMATION_OK"
23340,10405795143,10405795188,1,"IOTHUB_CLIENT_CONFIRMATION_OK"
23341,10405795343,10405795402,1,"IOTHUB_CLIENT_CONFIRMATION_OK"
23342,10405795543,10405795588,1,"IOTHUB_CLIENT_CONFIRMATION_OK"
23343,10405795744,10405795791,1,"IOTHUB_CLIENT_CONFIRMATION_OK"
23344,10405795944,10405796016,1,"IOTHUB_CLIENT_CONFIRMATION_OK"
23345,10405796144,10405796191,1,"IOTHUB_CLIENT_CONFIRMATION_OK"
23346,10405796344,10405796385,1,"IOTHUB_CLIENT_CONFIRMATION_OK"
23347,10405796544,10405796621,1,"IOTHUB_CLIENT_CONFIRMATION_OK"
23348,10405796744,10405796783,1,"IOTHUB_CLIENT_CONFIRMATION_OK"
23349,10405796945,10405796986,1,"IOTHUB_CLIENT_CONFIRMATION_OK"
23350,10405797145,10405797225,1,"IOTHUB_CLIENT_CONFIRMATION_OK"
23351,10405797345,10405797405,1,"IOTHUB_CLIENT_CONFIRMATION_OK"
23352,10405797545,10405797602,1,"IOTHUB_CLIENT_CONFIRMATION_OK"
23353,10405797745,10405797835,1,"IOTHUB_CLIENT_CONFIRMATION_OK"
23354,10405797945,10405797983,1,"IOTHUB_CLIENT_CONFIRMATION_OK"
23355,10405798146,10405798193,1,"IOTHUB_CLIENT_CONFIRMATION_OK"
23356,10405798346,10405798443,1,"IOTHUB_CLIENT_CONFIRMATION_OK"
23357,10405798546,10405798599,1,"IOTHUB_CLIENT_CONFIRMATION_OK"
23358,10405798746,10405798815,1,"IOTHUB_CLIENT_CONFIRMATION_OK"
23359,10405798946,10405798988,1,"IOTHUB_CLIENT_CONFIRMATION_OK"
23360,10405799146,10405799186,1,"IOTHUB_CLIENT_CONFIRMATION_OK"
23361,10405799347,10405799393,1,"IOTHUB_CLIENT_CONFIRMATION_OK"
23362,10405799547,10405799586,1,"IOTHUB_CLIENT_CONFIRMATION_OK"
23363,10405799747,10405799784,1,"IOTHUB_CLIENT_CONFIRMATION_OK"
23364,10405799947,10405799991,1,"IOTHUB_CLIENT_CONFIRMATION_OK"
23365,10405800147,10405800192,1,"IOTHUB_CLIENT_CONFIRMATION_OK"
23366,10405800347,10405800390,1,"IOTHUB_CLIENT_CONFIRMATION_OK"
23367,10405800548,10405800587,1,"IOTHUB_CLIENT_CONFIRMATION_OK"
23368,10405800748,10405800783,1,"IOTHUB_CLIENT_CONFIRMATION_OK"
23369,10405800948,10405800986,1,"IOTHUB_CLIENT_CONFIRMATION_OK"
23370,10405801148,10405801216,1,"IOTHUB_CLIENT_CONFIRMATION_OK"
23371,10405801348,10405801403,1,"IOTHUB_CLIENT_CONFIRMATION_OK"
23372,10405801548,10405801724,1,"IOTHUB_CLIENT_CONFIRMATION_OK"
23373,10405801748,10405801802,1,"IOTHUB_CLIENT_CONFIRMATION_OK"
23374,10405801949,10405801986,1,"IOTHUB_CLIENT_CONFIRMATION_OK"
23375,10405802149,10405802346,1,"IOTHUB_CLIENT_CONFIRMATION_OK"
23376,10405802349,10405802400,1,"IOTHUB_CLIENT_CONFIRMATION_OK"
23377,10405802549,10405802598,1,"IOTHUB_CLIENT_CONFIRMATION_OK"
23378,10405802749,10405802795,1,"IOTHUB_CLIENT_CONFIRMATION_OK"
23379,10405802949,10405802984,1,"IOTHUB_CLIENT_CONFIRMATION_OK"
23380,10405803150,10405803198,1,"IOTHUB_CLIENT_CONFIRMATION_OK"
23381,10405803350,10405803397,1,"IOTHUB_CLIENT_CONFIRMATION_OK"
23382,10405803550,10405803656,1,"IOTHUB_CLIENT_CONFIRMATION_OK"
23383,10405803750,10405803801,1,"IOTHUB_CLIENT_CONFIRMATION_OK"
23384,10405803950,10405803997,1,"IOTHUB_CLIENT_CONFIRMATION_OK"
23385,10405804150,10405804186,1,"IOTHUB_CLIENT_CONFIRMATION_OK"
23386,10405804350,10405804390,1,"IOTHUB_CLIENT_CONFIRMATION_OK"
23387,10405804551,10405804589,1,"IOTHUB_CLIENT_CONFIRMATION_OK"
23388,10405804751,10405804894,1,"IOTHUB_CLIENT_CONFIRMATION_OK"
23389,10405804951,10405805001,1,"IOTHUB_CLIENT_CONFIRMATION_OK"
23390,10405805151,10405805231,1,"IOTHUB_CLIENT_CONFIRMATION_OK"
23391,10405805351,10405805484,1,"IOTHUB_CLIENT_CONFIRMATION_OK"
23392,10405805551,10405805598,1,"IOTHUB_CLIENT_CONFIRMATION_OK"
23393,10405805752,10405805793,1,"IOTHUB_CLIENT_CONFIRMATION_OK"
23394,10405805952,10405806124,1,"IOTHUB_CLIENT_CONFIRMATION_OK"
23395,10405806152,10405806198,1,"IOTHUB_CLIENT_CONFIRMATION_OK"
23396,10405806352,10405806394,1,"IOTHUB_CLIENT_CONFIRMATION_OK"
23397,10405806552,10405806745,1,"IOTHUB_CLIENT_CONFIRMATION_OK"
23398,10405806752,10405806797,1,"IOTHUB_CLIENT_CONFIRMATION_OK"
23399,10405806953,10405806986,1,"IOTHUB_CLIENT_CONFIRMATION_OK"
23400,10405807153,10405807193,1,"IOTHUB_CLIENT_CONFIRMATION_OK"
23401,10405807353,10405807404,1,"IOTHUB_CLIENT_CONFIRMATION_OK"
23402,10405807553,10405807597,1,"IOTHUB_CLIENT_CONFIRMATION_OK"
23403,10405807753,10405807797,1,"IOTHUB_CLIENT_CONFIRMATION_OK"
23404,10405807953,10405807984,1,"IOTHUB_CLIENT_CONFIRMATION_OK"
23405,10405808153,10405808186,1,"IOTHUB_CLIENT_CONFIRMATION_OK"
23406,10405808354,10405808402,1,"IOTHUB_CLIENT_CONFIRMATION_OK"
23407,10405808554,10405808607,1,"IOTHUB_CLIENT_CONFIRMATION_OK"
23408,10405808754,10405808793,1,"IOTHUB_CLIENT_CONFIRMATION_OK"
23409,10405808954,10405808988,1,"IOTHUB_CLIENT_CONFIRMATION_OK"
23410,10405809154,10405809220,1,"IOTHUB_CLIENT_CONFIRMATION_OK"
23411,10405809354,10405809492,1,"IOTHUB_CLIENT_CONFIRMATION_OK"
23412,10405809555,10405809615,1,"IOTHUB_CLIENT_CONFIRMATION_OK"
23413,10405809755,10405809877,1,"IOTHUB_CLIENT_CONFIRMATION_OK"
23414,10405809955,10405809995,1,"IOTHUB_CLIENT_CONFIRMATION_OK"
23415,10405810155,10405810189,1,"IOTHUB_CLIENT_CONFIRMATION_OK"
23416,10405810355,10405810493,1,"IOTHUB_CLIENT_CONFIRMATION_OK"
23417,10405810555,10405810599,1,"IOTHUB_CLIENT_CONFIRMATION_OK"
23418,10405810755,10405810809,1,"IOTHUB_CLIENT_CONFIRMATION_OK"
23419,10405810956,10405811007,1,"IOTHUB_CLIENT_CONFIRMATION_OK"
23420,10405811156,10405811209,1,"IOTHUB_CLIENT_CONFIRMATION_OK"
23421,10405811356,10405811395,1,"IOTHUB_CLIENT_CONFIRMATION_OK"
23422,10405811556,10405811614,1,"IOTHUB_CLIENT_CONFIRMATION_OK"
23423,10405811756,10405811802,1,"IOTHUB_CLIENT_CONFIRMATION_OK"
23424,10405811956,10405811995,1,"IOTHUB_CLIENT_CONFIRMATION_OK"
23425,10405812157,10405812189,1,"IOTHUB_CLIENT_CONFIRMATION_OK"
23426,10405812357,10405812394,1,"IOTHUB_CLIENT_CONFIRMATION_OK"
23427,10405812557,10405812601,1,"IOTHUB_CLIENT_CONFIRMATION_OK"
23428,10405812757,10405812805,1,"IOTHUB_CLIENT_CONFIRMATION_OK"
23429,10405812957,10405813006,1,"IOTHUB_CLIENT_CONFIRMATION_OK"
23430,10405813157,10405813200,1,"IOTHUB_CLIENT_CONFIRMATION_OK"
23431,10405813357,10405813404,1,"IOTHUB_CLIENT_CONFIRMATION_OK"
23432,10405813558,10405813600,1,"IOTHUB_CLIENT_CONFIRMATION_OK"
23433,10405813758,10405813802,1,"IOTHUB_CLIENT_CONFIRMATION_OK"
23434,10405813958,10405813991,1,"IOTHUB_CLIENT_CONFIRMATION_OK"
23435,10405814158,10405814199,1,"IOTHUB_CLIENT_CONFIRMATION_OK"
23436,10405814358,10405814412,1,"IOTHUB_CLIENT_CONFIRMATION_OK"
23437,10405814558,10405814596,1,"IOTHUB_CLIENT_CONFIRMATION_OK"
23438,10405814759,10405814793,1,"IOTHUB_CLIENT_CONFIRMATION_OK"
23439,10405814959,10405815002,1,"IOTHUB_CLIENT_CONFIRMATION_OK"
23440,10405815159,10405815209,1,"IOTHUB_CLIENT_CONFIRMATION_OK"
23441,10405815359,10405815407,1,"IOTHUB_CLIENT_CONFIRMATION_OK"
23442,10405815559,10405815656,1,"IOTHUB_CLIENT_CONFIRMATION_OK"
23443,10405815759,10405815799,1,"IOTHUB_CLIENT_CONFIRMATION_OK"
23444,10405815959,10405815997,1,"IOTHUB_CLIENT_CONFIRMATION_OK"
23445,10405816160,10405816226,1,"IOTHUB_CLIENT_CONFIRMATION_OK"
23446,10405816360,10405816420,1,"IOTHUB_CLIENT_CONFIRMATION_OK"
23447,10405816560,10405816601,1,"IOTHUB_CLIENT_CONFIRMATION_OK"
23448,10405816760,10405816857,1,"IOTHUB_CLIENT_CONFIRMATION_OK"
23449,10405816960,10405816999,1,"IOTHUB_CLIENT_CONFIRMATION_OK"
23450,10405817160,10405817200,1,"IOTHUB_CLIENT_CONFIRMATION_OK"
23451,10405817361,10405817459,1,"IOTHUB_CLIENT_CONFIRMATION_OK"
23452,10405817561,10405817602,1,"IOTHUB_CLIENT_CONFIRMATION_OK"
23453,10405817761,10405817866,1,"IOTHUB_CLIENT_CONFIRMATION_OK"
23454,10405817961,10405818086,1,"IOTHUB_CLIENT_CONFIRMATION_OK"
23455,10405818161,10405818197,1,"IOTHUB_CLIENT_CONFIRMATION_OK"
23456,10405818361,10405818401,1,"IOTHUB_CLIENT_CONFIRMATION_OK"
23457,10405818562,10405818696,1,"IOTHUB_CLIENT_CONFIRMATION_OK"
23458,10405818762,10405818802,1,"IOTHUB_CLIENT_CONFIRMATION_OK"
23459,10405818962,10405818998,1,"IOTHUB_CLIENT_CONFIRMATION_OK"
23460,10405819162,10405819198,1,"IOTHUB_CLIENT_CONFIRMATION_OK"
23461,10405819362,10405819400,1,"IOTHUB_CLIENT_CONFIRMATION_OK"
23462,10405819562,10405819614,1,"IOTHUB_CLIENT_CONFIRMATION_OK"
23463,10405819762,10405819809,1,"IOTHUB_CLIENT_CONFIRMATION_OK"
23464,10405819963,10405820001,1,"IOTHUB_CLIENT_CONFIRMATION_OK"
23465,10405820163,10405820212,1,"IOTHUB_CLIENT_CONFIRMATION_OK"
23466,10405820363,10405820406,1,"IOTHUB_CLIENT_CONFIRMATION_OK"
23467,10405820563,10405820599,1,"IOTHUB_CLIENT_CONFIRMATION_OK"
23468,10405820763,10405820840,1,"IOTHUB_CLIENT_CONFIRMATION_OK"
23469,10405820963,10405821014,1,"IOTHUB_CLIENT_CONFIRMATION_OK"
23470,10405821164,10405821201,1,"IOTHUB_CLIENT_CONFIRMATION_OK"
23471,10405821364,10405821424,1,"IOTHUB_CLIENT_CONFIRMATION_OK"
23472,10405821564,10405821604,1,"IOTHUB_CLIENT_CONFIRMATION_OK"
23473,10405821764,10405821804,1,"IOTHUB_CLIENT_CONFIRMATION_OK"
23474,10405821964,10405822034,1,"IOTHUB_CLIENT_CONFIRMATION_OK"
23475,10405822165,10405822205,1,"IOTHUB_CLIENT_CONFIRMATION_OK"
23476,10405822365,10405822416,1,"IOTHUB_CLIENT_CONFIRMATION_OK"
23477,10405822565,10405822620,1,"IOTHUB_CLIENT_CONFIRMATION_OK"
23478,10405822765,10405822807,1,"IOTHUB_CLIENT_CONFIRMATION_OK"
23479,10405822965,10405823002,1,"IOTHUB_CLIENT_CONFIRMATION_OK"
23480,10405823165,10405823207,1,"IOTHUB_CLIENT_CONFIRMATION_OK"
23481,10405823365,10405823709,1,"IOTHUB_CLIENT_CONFIRMATION_OK"
23482,10405823566,10405824196,1,"IOTHUB_CLIENT_CONFIRMATION_OK"
23483,10405823766,10405824280,1,"IOTHUB_CLIENT_CONFIRMATION_OK"
23484,10405823966,10405824340,1,"IOTHUB_CLIENT_CONFIRMATION_OK"
23485,10405824166,10405824454,1,"IOTHUB_CLIENT_CONFIRMATION_OK"
23486,10405824366,10405824486,1,"IOTHUB_CLIENT_CONFIRMATION_OK"
23487,10405824566,10405824613,1,"IOTHUB_CLIENT_CONFIRMATION_OK"
23488,10405824767,10405824803,1,"IOTHUB_CLIENT_CONFIRMATION_OK"
23489,10405824967,10405825074,1,"IOTHUB_CLIENT_CONFIRMATION_OK"
23490,10405825167,10405825208,1,"IOTHUB_CLIENT_CONFIRMATION_OK"
23491,10405825367,10405825402,1,"IOTHUB_CLIENT_CONFIRMATION_OK"
23492,10405825567,10405825678,1,"IOTHUB_CLIENT_CONFIRMATION_OK"
23493,10405825767,10405825865,1,"IOTHUB_CLIENT_CONFIRMATION_OK"
23494,10405825967,10405826001,1,"IOTHUB_CLIENT_CONFIRMATION_OK"
23495,10405826168,10405826303,1,"IOTHUB_CLIENT_CONFIRMATION_OK"
23496,10405826368,10405826408,1,"IOTHUB_CLIENT_CONFIRMATION_OK"
23497,10405826568,10405826611,1,"IOTHUB_CLIENT_CONFIRMATION_OK"
23498,10405826768,10405826805,1,"IOTHUB_CLIENT_CONFIRMATION_OK"
23499,10405826968,10405827001,1,"IOTHUB_CLIENT_CONFIRMATION_OK"
23500,10405827168,10405827211,1,"IOTHUB_CLIENT_CONFIRMATION_OK"
23501,10405827368,10405827417,1,"IOTHUB_CLIENT_CONFIRMATION_OK"
23502,10405827569,10405827612,1,"IOTHUB_CLIENT_CONFIRMATION_OK"
23503,10405827769,10405827805,1,"IOTHUB_CLIENT_CONFIRMATION_OK"
23504,10405827969,10405828003,1,"IOTHUB_CLIENT_CONFIRMATION_OK"
23505,10405828169,10405828216,1,"IOTHUB_CLIENT_CONFIRMATION_OK"
23506,10405828369,10405828416,1,"IOTHUB_CLIENT_CONFIRMATION_OK"
23507,10405828569,10405828747,1,"IOTHUB_CLIENT_CONFIRMATION_OK"
23508,10405828769,10405828867,1,"IOTHUB_CLIENT_CONFIRMATION_OK"
23509,10405828970,10405829004,1,"IOTHUB_CLIENT_CONFIRMATION_OK"
23510,10405829170,10405829374,1,"IOTHUB_CLIENT_CONFIRMATION_OK"
23511,10405829370,10405829599,1,"IOTHUB_CLIENT_CONFIRMATION_OK"
23512,10405829570,10405829615,1,"IOTHUB_CLIENT_CONFIRMATION_OK"
23513,10405829770,10405829809,1,"IOTHUB_CLIENT_CONFIRMATION_OK"
23514,10405829970,10405830018,1,"IOTHUB_CLIENT_CONFIRMATION_OK"
23515,10405830171,10405830211,1,"IOTHUB_CLIENT_CONFIRMATION_OK"
23516,10405830371,10405830415,1,"IOTHUB_CLIENT_CONFIRMATION_OK"
23517,10405830571,10405830817,1,"IOTHUB_CLIENT_CONFIRMATION_OK"
23518,10405830771,10405830850,1,"IOTHUB_CLIENT_CONFIRMATION_OK"
23519,10405830971,10405831030,1,"IOTHUB_CLIENT_CONFIRMATION_OK"
23520,10405831171,10405831215,1,"IOTHUB_CLIENT_CONFIRMATION_OK"
23521,10405831372,10405831416,1,"IOTHUB_CLIENT_CONFIRMATION_OK"
23522,10405831572,10405831617,1,"IOTHUB_CLIENT_CONFIRMATION_OK"
23523,10405831772,10405831851,1,"IOTHUB_CLIENT_CONFIRMATION_OK"
23524,10405831972,10405832019,1,"IOTHUB_CLIENT_CONFIRMATION_OK"
23525,10405832172,10405832207,1,"IOTHUB_CLIENT_CONFIRMATION_OK"
23526,10405832372,10405832411,1,"IOTHUB_CLIENT_CONFIRMATION_OK"
23527,10405832573,10405832635,1,"IOTHUB_CLIENT_CONFIRMATION_OK"
23528,10405832773,10405832813,1,"IOTHUB_CLIENT_CONFIRMATION_OK"
23529,10405832973,10405833023,1,"IOTHUB_CLIENT_CONFIRMATION_OK"
23530,10405833173,10405833251,1,"IOTHUB_CLIENT_CONFIRMATION_OK"
23531,10405833373,10405833409,1,"IOTHUB_CLIENT_CONFIRMATION_OK"
23532,10405833573,10405833619,1,"IOTHUB_CLIENT_CONFIRMATION_OK"
23533,10405833773,10405833858,1,"IOTHUB_CLIENT_CONFIRMATION_OK"
23534,10405833974,10405834026,1,"IOTHUB_CLIENT_CONFIRMATION_OK"
23535,10405834174,10405834215,1,"IOTHUB_CLIENT_CONFIRMATION_OK"
23536,10405834374,10405834463,1,"IOTHUB_CLIENT_CONFIRMATION_OK"
23537,10405834574,10405834623,1,"IOTHUB_CLIENT_CONFIRMATION_OK"
23538,10405834774,10405834823,1,"IOTHUB_CLIENT_CONFIRMATION_OK"
23539,10405834974,10405835012,1,"IOTHUB_CLIENT_CONFIRMATION_OK"
23540,10405835175,10405835213,1,"IOTHUB_CLIENT_CONFIRMATION_OK"
23541,10405835375,10405835410,1,"IOTHUB_CLIENT_CONFIRMATION_OK"
23542,10405835575,10405835618,1,"IOTHUB_CLIENT_CONFIRMATION_OK"
23543,10405835775,10405835829,1,"IOTHUB_CLIENT_CONFIRMATION_OK"
23544,10405835975,10405836016,1,"IOTHUB_CLIENT_CONFIRMATION_OK"
23545,10405836175,10405836225,1,"IOTHUB_CLIENT_CONFIRMATION_OK"
23546,10405836375,10405836423,1,"IOTHUB_CLIENT_CONFIRMATION_OK"
23547,10405836576,10405836613,1,"IOTHUB_CLIENT_CONFIRMATION_OK"
23548,10405836776,10405836824,1,"IOTHUB_CLIENT_CONFIRMATION_OK"
23549,10405836976,10405837109,1,"IOTHUB_CLIENT_CONFIRMATION_OK"
23550,10405837176,10405837214,1,"IOTHUB_CLIENT_CONFIRMATION_OK"
23551,10405837376,10405837415,1,"IOTHUB_CLIENT_CONFIRMATION_OK"
23552,10405837576,10405837728,1,"IOTHUB_CLIENT_CONFIRMATION_OK"
23553,10405837777,10405837816,1,"IOTHUB_CLIENT_CONFIRMATION_OK"
23554,10405837977,10405838020,1,"IOTHUB_CLIENT_CONFIRMATION_OK"
23555,10405838177,10405838325,1,"IOTHUB_CLIENT_CONFIRMATION_OK"
23556,10405838377,10405838445,1,"IOTHUB_CLIENT_CONFIRMATION_OK"
23557,10405838577,10405838648,1,"IOTHUB_CLIENT_CONFIRMATION_OK"
23558,10405838777,10405838820,1,"IOTHUB_CLIENT_CONFIRMATION_OK"
23559,10405838977,10405839029,1,"IOTHUB_CLIENT_CONFIRMATION_OK"
23560,10405839178,10405839214,1,"IOTHUB_CLIENT_CONFIRMATION_OK"
23561,10405839378,10405839411,1,"IOTHUB_CLIENT_CONFIRMATION_OK"
23562,10405839578,10405839621,1,"IOTHUB_CLIENT_CONFIRMATION_OK"
23563,10405839778,10405839890,1,"IOTHUB_CLIENT_CONFIRMATION_OK"
23564,10405839978,10405840021,1,"IOTHUB_CLIENT_CONFIRMATION_OK"
23565,10405840178,10405840215,1,"IOTHUB_CLIENT_CONFIRMATION_OK"
23566,10405840379,10405840418,1,"IOTHUB_CLIENT_CONFIRMATION_OK"
23567,10405840579,10405840621,1,"IOTHUB_CLIENT_CONFIRMATION_OK"
23568,10405840779,10405840824,1,"IOTHUB_CLIENT_CONFIRMATION_OK"
23569,10405840979,10405841073,1,"IOTHUB_CLIENT_CONFIRMATION_OK"
23570,10405841179,10405841242,1,"IOTHUB_CLIENT_CONFIRMATION_OK"
23571,10405841379,10405841430,1,"IOTHUB_CLIENT_CONFIRMATION_OK"
23572,10405841579,10405841621,1,"IOTHUB_CLIENT_CONFIRMATION_OK"
23573,10405841780,10405841836,1,"IOTHUB_CLIENT_CONFIRMATION_OK"
23574,10405841980,10405842020,1,"IOTHUB_CLIENT_CONFIRMATION_OK"
23575,10405842180,10405842224,1,"IOTHUB_CLIENT_CONFIRMATION_OK"
23576,10405842380,10405842419,1,"IOTHUB_CLIENT_CONFIRMATION_OK"
23577,10405842580,10405842796,1,"IOTHUB_CLIENT_CONFIRMATION_OK"
23578,10405842780,10405842914,1,"IOTHUB_CLIENT_CONFIRMATION_OK"
23579,10405842981,10405843024,1,"IOTHUB_CLIENT_CONFIRMATION_OK"
23580,10405843181,10405843258,1,"IOTHUB_CLIENT_CONFIRMATION_OK"
23581,10405843381,10405843437,1,"IOTHUB_CLIENT_CONFIRMATION_OK"
23582,10405843581,10405843621,1,"IOTHUB_CLIENT_CONFIRMATION_OK"
23583,10405843781,10405843819,1,"IOTHUB_CLIENT_CONFIRMATION_OK"
23584,10405843981,10405844030,1,"IOTHUB_CLIENT_CONFIRMATION_OK"
23585,10405844181,10405844219,1,"IOTHUB_CLIENT_CONFIRMATION_OK"
23586,10405844382,10405844435,1,"IOTHUB_CLIENT_CONFIRMATION_OK"
23587,10405844582,10405844669,1,"IOTHUB_CLIENT_CONFIRMATION_OK"
23588,10405844782,10405844817,1,"IOTHUB_CLIENT_CONFIRMATION_OK"
23589,10405844982,10405845019,1,"IOTHUB_CLIENT_CONFIRMATION_OK"
23590,10405845182,10405845257,1,"IOTHUB_CLIENT_CONFIRMATION_OK"
23591,10405845382,10405845430,1,"IOTHUB_CLIENT_CONFIRMATION_OK"
23592,10405845583,10405845625,1,"IOTHUB_CLIENT_CONFIRMATION_OK"
23593,10405845783,10405845941,1,"IOTHUB_CLIENT_CONFIRMATION_OK"
23594,10405845983,10405846022,1,"IOTHUB_CLIENT_CONFIRMATION_OK"
23595,10405846183,10405846230,1,"IOTHUB_CLIENT_CONFIRMATION_OK"
23596,10405846383,10405846527,1,"IOTHUB_CLIENT_CONFIRMATION_OK"
23597,10405846583,10405846631,1,"IOTHUB_CLIENT_CONFIRMATION_OK"
23598,10405846784,10405846834,1,"IOTHUB_CLIENT_CONFIRMATION_OK"
23599,10405846984,10405847022,1,"IOTHUB_CLIENT_CONFIRMATION_OK"
23600,10405847184,10405847221,1,"IOTHUB_CLIENT_CONFIRMATION_OK"
23601,10405847384,10405847444,1,"IOTHUB_CLIENT_CONFIRMATION_OK"
23602,10405847584,10405847633,1,"IOTHUB_CLIENT_CONFIRMATION_OK"
23603,10405847784,10405847841,1,"IOTHUB_CLIENT_CONFIRMATION_OK"
23604,10405847984,10405848021,1,"IOTHUB_CLIENT_CONFIRMATION_OK"
23605,10405848185,10405848223,1,"IOTHUB_CLIENT_CONFIRMATION_OK"
23606,10405848385,10405848486,1,"IOTHUB_CLIENT_CONFIRMATION_OK"
23607,10405848585,10405848622,1,"IOTHUB_CLIENT_CONFIRMATION_OK"
23608,10405848785,10405848824,1,"IOTHUB_CLIENT_CONFIRMATION_OK"
23609,10405848985,10405849024,1,"IOTHUB_CLIENT_CONFIRMATION_OK"
23610,10405849185,10405849227,1,"IOTHUB_CLIENT_CONFIRMATION_OK"
23611,10405849386,10405849421,1,"IOTHUB_CLIENT_CONFIRMATION_OK"
23612,10405849586,10405849631,1,"IOTHUB_CLIENT_CONFIRMATION_OK"
23613,10405849786,10405849828,1,"IOTHUB_CLIENT_CONFIRMATION_OK"
23614,10405849986,10405850027,1,"IOTHUB_CLIENT_CONFIRMATION_OK"
23615,10405850186,10405850244,1,"IOTHUB_CLIENT_CONFIRMATION_OK"
23616,10405850386,10405850421,1,"IOTHUB_CLIENT_CONFIRMATION_OK"
23617,10405850587,10405850628,1,"IOTHUB_CLIENT_CONFIRMATION_OK"
23618,10405850787,10405850831,1,"IOTHUB_CLIENT_CONFIRMATION_OK"
23619,10405850987,10405851024,1,"IOTHUB_CLIENT_CONFIRMATION_OK"
23620,10405851187,10405851265,1,"IOTHUB_CLIENT_CONFIRMATION_OK"
23621,10405851387,10405851425,1,"IOTHUB_CLIENT_CONFIRMATION_OK"
23622,10405851587,10405851632,1,"IOTHUB_CLIENT_CONFIRMATION_OK"
23623,10405851788,10405851842,1,"IOTHUB_CLIENT_CONFIRMATION_OK"
23624,10405851988,10405852028,1,"IOTHUB_CLIENT_CONFIRMATION_OK"
23625,10405852188,10405852276,1,"IOTHUB_CLIENT_CONFIRMATION_OK"
23626,10405852388,10405852432,1,"IOTHUB_CLIENT_CONFIRMATION_OK"
23627,10405852588,10405852626,1,"IOTHUB_CLIENT_CONFIRMATION_OK"
23628,10405852788,10405852887,1,"IOTHUB_CLIENT_CONFIRMATION_OK"
23629,10405852988,10405853024,1,"IOTHUB_CLIENT_CONFIRMATION_OK"
23630,10405853189,10405853236,1,"IOTHUB_CLIENT_CONFIRMATION_OK"
23631,10405853389,10405853496,1,"IOTHUB_CLIENT_CONFIRMATION_OK"
23632,10405853589,10405853633,1,"IOTHUB_CLIENT_CONFIRMATION_OK"
23633,10405853789,10405853829,1,"IOTHUB_CLIENT_CONFIRMATION_OK"
23634,10405853989,10405854108,1,"IOTHUB_CLIENT_CONFIRMATION_OK"
23635,10405854189,10405854231,1,"IOTHUB_CLIENT_CONFIRMATION_OK"
23636,10405854390,10405854443,1,"IOTHUB_CLIENT_CONFIRMATION_OK"
23637,10405854590,10405854730,1,"IOTHUB_CLIENT_CONFIRMATION_OK"
23638,10405854790,10405854839,1,"IOTHUB_CLIENT_CONFIRMATION_OK"
23639,10405854990,10405855033,1,"IOTHUB_CLIENT_CONFIRMATION_OK"
23640,10405855190,10405855254,1,"IOTHUB_CLIENT_CONFIRMATION_OK"
23641,10405855390,10405855433,1,"IOTHUB_CLIENT_CONFIRMATION_OK"
23642,10405855590,10405855646,1,"IOTHUB_CLIENT_CONFIRMATION_OK"
23643,10405855791,10405855827,1,"IOTHUB_CLIENT_CONFIRMATION_OK"
23644,10405855991,10405856114,1,"IOTHUB_CLIENT_CONFIRMATION_OK"
23645,10405856191,10405856236,1,"IOTHUB_CLIENT_CONFIRMATION_OK"
23646,10405856391,10405856439,1,"IOTHUB_CLIENT_CONFIRMATION_OK"
23647,10405856591,10405856644,1,"IOTHUB_CLIENT_CONFIRMATION_OK"
23648,10405856791,10405856830,1,"IOTHUB_CLIENT_CONFIRMATION_OK"
23649,10405856992,10405857028,1,"IOTHUB_CLIENT_CONFIRMATION_OK"
23650,10405857192,10405857333,1,"IOTHUB_CLIENT_CONFIRMATION_OK"
23651,10405857392,10405857442,1,"IOTHUB_CLIENT_CONFIRMATION_OK"
23652,10405857592,10405857644,1,"IOTHUB_CLIENT_CONFIRMATION_OK"
23653,10405857792,10405857951,1,"IOTHUB_CLIENT_CONFIRMATION_OK"
23654,10405857992,10405858029,1,"IOTHUB_CLIENT_CONFIRMATION_OK"
23655,10405858193,10405858262,1,"IOTHUB_CLIENT_CONFIRMATION_OK"
23656,10405858393,10405858542,1,"IOTHUB_CLIENT_CONFIRMATION_OK"
23657,10405858593,10405858644,1,"IOTHUB_CLIENT_CONFIRMATION_OK"
23658,10405858793,10405858858,1,"IOTHUB_CLIENT_CONFIRMATION_OK"
23659,10405858993,10405859031,1,"IOTHUB_CLIENT_CONFIRMATION_OK"
23660,10405859193,10405859250,1,"IOTHUB_CLIENT_CONFIRMATION_OK"
23661,10405859394,10405859434,1,"IOTHUB_CLIENT_CONFIRMATION_OK"
23662,10405859594,10405859637,1,"IOTHUB_CLIENT_CONFIRMATION_OK"
23663,10405859794,10405859831,1,"IOTHUB_CLIENT_CONFIRMATION_OK"
23664,10405859994,10405860029,1,"IOTHUB_CLIENT_CONFIRMATION_OK"
23665,10405860194,10405860233,1,"IOTHUB_CLIENT_CONFIRMATION_OK"
23666,10405860394,10405860438,1,"IOTHUB_CLIENT_CONFIRMATION_OK"
23667,10405860595,10405860629,1,"IOTHUB_CLIENT_CONFIRMATION_OK"
23668,10405860795,10405860851,1,"IOTHUB_CLIENT_CONFIRMATION_OK"
23669,10405860995,10405861031,1,"IOTHUB_CLIENT_CONFIRMATION_OK"
23670,10405861195,10405861245,1,"IOTHUB_CLIENT_CONFIRMATION_OK"
23671,10405861395,10405861431,1,"IOTHUB_CLIENT_CONFIRMATION_OK"
23672,10405861595,10405861654,1,"IOTHUB_CLIENT_CONFIRMATION_OK"
23673,10405861796,10405861839,1,"IOTHUB_CLIENT_CONFIRMATION_OK"
23674,10405861996,10405862054,1,"IOTHUB_CLIENT_CONFIRMATION_OK"
23675,10405862196,10405862395,1,"IOTHUB_CLIENT_CONFIRMATION_OK"
23676,10405862396,10405862440,1,"IOTHUB_CLIENT_CONFIRMATION_OK"
23677,10405862596,10405862646,1,"IOTHUB_CLIENT_CONFIRMATION_OK"
23678,10405862796,10405862871,1,"IOTHUB_CLIENT_CONFIRMATION_OK"
23679,10405862997,10405863043,1,"IOTHUB_CLIENT_CONFIRMATION_OK"
23680,10405863197,10405863231,1,"IOTHUB_CLIENT_CONFIRMATION_OK"
23681,10405863397,10405863450,1,"IOTHUB_CLIENT_CONFIRMATION_OK"
23682,10405863597,10405863642,1,"IOTHUB_CLIENT_CONFIRMATION_OK"
23683,10405863797,10405863848,1,"IOTHUB_CLIENT_CONFIRMATION_OK"
23684,10405863997,10405864055,1,"IOTHUB_CLIENT_CONFIRMATION_OK"
23685,10405864197,10405864287,1,"IOTHUB_CLIENT_CONFIRMATION_OK"
23686,10405864398,10405864434,1,"IOTHUB_CLIENT_CONFIRMATION_OK"
23687,10405864598,10405864642,1,"IOTHUB_CLIENT_CONFIRMATION_OK"
23688,10405864798,10405864915,1,"IOTHUB_CLIENT_CONFIRMATION_OK"
23689,10405864998,10405865030,1,"IOTHUB_CLIENT_CONFIRMATION_OK"
23690,10405865198,10405865260,1,"IOTHUB_CLIENT_CONFIRMATION_OK"
23691,10405865398,10405865516,1,"IOTHUB_CLIENT_CONFIRMATION_OK"
23692,10405865598,10405865660,1,"IOTHUB_CLIENT_CONFIRMATION_OK"
23693,10405865799,10405865843,1,"IOTHUB_CLIENT_CONFIRMATION_OK"
23694,10405865999,10405866148,1,"IOTHUB_CLIENT_CONFIRMATION_OK"
23695,10405866199,10405866241,1,"IOTHUB_CLIENT_CONFIRMATION_OK"
23696,10405866399,10405866438,1,"IOTHUB_CLIENT_CONFIRMATION_OK"
23697,10405866599,10405866703,1,"IOTHUB_CLIENT_CONFIRMATION_OK"
23698,10405866799,10405866840,1,"IOTHUB_CLIENT_CONFIRMATION_OK"
23699,10405867000,10405867087,1,"IOTHUB_CLIENT_CONFIRMATION_OK"
23700,10405867200,10405867240,1,"IOTHUB_CLIENT_CONFIRMATION_OK"
23701,10405867400,10405867439,1,"IOTHUB_CLIENT_CONFIRMATION_OK"
23702,10405867600,10405867643,1,"IOTHUB_CLIENT_CONFIRMATION_OK"
23703,10405867800,10405867857,1,"IOTHUB_CLIENT_CONFIRMATION_OK"
23704,10405868000,10405868065,1,"IOTHUB_CLIENT_CONFIRMATION_OK"
23705,10405868201,10405868245,1,"IOTHUB_CLIENT_CONFIRMATION_OK"
23706,10405868401,10405868436,1,"IOTHUB_CLIENT_CONFIRMATION_OK"
23707,10405868601,10405868666,1,"IOTHUB_CLIENT_CONFIRMATION_OK"
23708,10405868801,10405868839,1,"IOTHUB_CLIENT_CONFIRMATION_OK"
23709,10405869001,10405869039,1,"IOTHUB_CLIENT_CONFIRMATION_OK"
23710,10405869201,10405869253,1,"IOTHUB_CLIENT_CONFIRMATION_OK"
23711,10405869402,10405869437,1,"IOTHUB_CLIENT_CONFIRMATION_OK"
23712,10405869602,10405869704,1,"IOTHUB_CLIENT_CONFIRMATION_OK"
23713,10405869802,10405870000,1,"IOTHUB_CLIENT_CONFIRMATION_OK"
23714,10405870002,10405870069,1,"IOTHUB_CLIENT_CONFIRMATION_OK"
23715,10405870202,10405870254,1,"IOTHUB_CLIENT_CONFIRMATION_OK"
23716,10405870402,10405870591,1,"IOTHUB_CLIENT_CONFIRMATION_OK"
23717,10405870602,10405870650,1,"IOTHUB_CLIENT_CONFIRMATION_OK"
23718,10405870803,10405870849,1,"IOTHUB_CLIENT_CONFIRMATION_OK"
23719,10405871003,10405871059,1,"IOTHUB_CLIENT_CONFIRMATION_OK"
23720,10405871203,10405871244,1,"IOTHUB_CLIENT_CONFIRMATION_OK"
23721,10405871403,10405871450,1,"IOTHUB_CLIENT_CONFIRMATION_OK"
23722,10405871603,10405871639,1,"IOTHUB_CLIENT_CONFIRMATION_OK"
23723,10405871803,10405871854,1,"IOTHUB_CLIENT_CONFIRMATION_OK"
23724,10405872003,10405872039,1,"IOTHUB_CLIENT_CONFIRMATION_OK"
23725,10405872204,10405872244,1,"IOTHUB_CLIENT_CONFIRMATION_OK"
23726,10405872404,10405872443,1,"IOTHUB_CLIENT_CONFIRMATION_OK"
23727,10405872604,10405872643,1,"IOTHUB_CLIENT_CONFIRMATION_OK"
23728,10405872804,10405872842,1,"IOTHUB_CLIENT_CONFIRMATION_OK"
23729,10405873004,10405873046,1,"IOTHUB_CLIENT_CONFIRMATION_OK"
23730,10405873204,10405873244,1,"IOTHUB_CLIENT_CONFIRMATION_OK"
23731,10405873405,10405873457,1,"IOTHUB_CLIENT_CONFIRMATION_OK"
23732,10405873605,10405873656,1,"IOTHUB_CLIENT_CONFIRMATION_OK"
23733,10405873805,10405873853,1,"IOTHUB_CLIENT_CONFIRMATION_OK"
23734,10405874005,10405874042,1,"IOTHUB_CLIENT_CONFIRMATION_OK"
23735,10405874205,10405874280,1,"IOTHUB_CLIENT_CONFIRMATION_OK"
23736,10405874405,10405874447,1,"IOTHUB_CLIENT_CONFIRMATION_OK"
23737,10405874605,10405874654,1,"IOTHUB_CLIENT_CONFIRMATION_OK"
23738,10405874806,10405874851,1,"IOTHUB_CLIENT_CONFIRMATION_OK"
23739,10405875006,10405875049,1,"IOTHUB_CLIENT_CONFIRMATION_OK"
23740,10405875206,10405875253,1,"IOTHUB_CLIENT_CONFIRMATION_OK"
23741,10405875406,10405875497,1,"IOTHUB_CLIENT_CONFIRMATION_OK"
23742,10405875606,10405875649,1,"IOTHUB_CLIENT_CONFIRMATION_OK"
23743,10405875806,10405875853,1,"IOTHUB_CLIENT_CONFIRMATION_OK"
23744,10405876007,10405876054,1,"IOTHUB_CLIENT_CONFIRMATION_OK"
23745,10405876207,10405876315,1,"IOTHUB_CLIENT_CONFIRMATION_OK"
23746,10405876407,10405876448,1,"IOTHUB_CLIENT_CONFIRMATION_OK"
23747,10405876607,10405876643,1,"IOTHUB_CLIENT_CONFIRMATION_OK"
23748,10405876807,10405876940,1,"IOTHUB_CLIENT_CONFIRMATION_OK"
23749,10405877007,10405877048,1,"IOTHUB_CLIENT_CONFIRMATION_OK"
23750,10405877208,10405877245,1,"IOTHUB_CLIENT_CONFIRMATION_OK"
23751,10405877408,10405877531,1,"IOTHUB_CLIENT_CONFIRMATION_OK"
23752,10405877608,10405877649,1,"IOTHUB_CLIENT_CONFIRMATION_OK"
23753,10405877808,10405877861,1,"IOTHUB_CLIENT_CONFIRMATION_OK"
23754,10405878008,10405878170,1,"IOTHUB_CLIENT_CONFIRMATION_OK"
23755,10405878208,10405878246,1,"IOTHUB_CLIENT_CONFIRMATION_OK"
23756,10405878409,10405878451,1,"IOTHUB_CLIENT_CONFIRMATION_OK"
23757,10405878609,10405878784,1,"IOTHUB_CLIENT_CONFIRMATION_OK"
23758,10405878809,10405878849,1,"IOTHUB_CLIENT_CONFIRMATION_OK"
23759,10405879009,10405879050,1,"IOTHUB_CLIENT_CONFIRMATION_OK"
23760,10405879209,10405879246,1,"IOTHUB_CLIENT_CONFIRMATION_OK"
23761,10405879409,10405879460,1,"IOTHUB_CLIENT_CONFIRMATION_OK"
23762,10405879610,10405879639,1,"IOTHUB_CLIENT_CONFIRMATION_OK"
23763,10405879810,10405879846,1,"IOTHUB_CLIENT_CONFIRMATION_OK"
23764,10405880010,10405880048,1,"IOTHUB_CLIENT_CONFIRMATION_OK"
23765,10405880210,10405880246,1,"IOTHUB_CLIENT_CONFIRMATION_OK"
23766,10405880410,10405880448,1,"IOTHUB_CLIENT_CONFIRMATION_OK"
23767,10405880610,10405880658,1,"IOTHUB_CLIENT_CONFIRMATION_OK"
23768,10405880811,10405880847,1,"IOTHUB_CLIENT_CONFIRMATION_OK"
23769,10405881011,10405881067,1,"IOTHUB_CLIENT_CONFIRMATION_OK"
23770,10405881211,10405881249,1,"IOTHUB_CLIENT_CONFIRMATION_OK"
23771,10405881411,10405881585,1,"IOTHUB_CLIENT_CONFIRMATION_OK"
23772,10405881611,10405881663,1,"IOTHUB_CLIENT_CONFIRMATION_OK"
23773,10405881811,10405881907,1,"IOTHUB_CLIENT_CONFIRMATION_OK"
23774,10405882011,10405882048,1,"IOTHUB_CLIENT_CONFIRMATION_OK"
23775,10405882212,10405882249,1,"IOTHUB_CLIENT_CONFIRMATION_OK"
23776,10405882412,10405882507,1,"IOTHUB_CLIENT_CONFIRMATION_OK"
23777,10405882612,10405882648,1,"IOTHUB_CLIENT_CONFIRMATION_OK"
23778,10405882812,10405882860,1,"IOTHUB_CLIENT_CONFIRMATION_OK"
23779,10405883012,10405883081,1,"IOTHUB_CLIENT_CONFIRMATION_OK"
23780,10405883212,10405883266,1,"IOTHUB_CLIENT_CONFIRMATION_OK"
23781,10405883413,10405883450,1,"IOTHUB_CLIENT_CONFIRMATION_OK"
23782,10405883613,10405883653,1,"IOTHUB_CLIENT_CONFIRMATION_OK"
23783,10405883813,10405883850,1,"IOTHUB_CLIENT_CONFIRMATION_OK"
23784,10405884013,10405884052,1,"IOTHUB_CLIENT_CONFIRMATION_OK"
23785,10405884213,10405884250,1,"IOTHUB_CLIENT_CONFIRMATION_OK"
23786,10405884413,10405884458,1,"IOTHUB_CLIENT_CONFIRMATION_OK"
23787,10405884613,10405884650,1,"IOTHUB_CLIENT_CONFIRMATION_OK"
23788,10405884814,10405884857,1,"IOTHUB_CLIENT_CONFIRMATION_OK"
23789,10405885014,10405885142,1,"IOTHUB_CLIENT_CONFIRMATION_OK"
23790,10405885214,10405885251,1,"IOTHUB_CLIENT_CONFIRMATION_OK"
23791,10405885414,10405885451,1,"IOTHUB_CLIENT_CONFIRMATION_OK"
23792,10405885614,10405885754,1,"IOTHUB_CLIENT_CONFIRMATION_OK"
23793,10405885814,10405885864,1,"IOTHUB_CLIENT_CONFIRMATION_OK"
23794,10405886015,10405886049,1,"IOTHUB_CLIENT_CONFIRMATION_OK"
23795,10405886215,10405886366,1,"IOTHUB_CLIENT_CONFIRMATION_OK"
23796,10405886415,10405886454,1,"IOTHUB_CLIENT_CONFIRMATION_OK"
23797,10405886615,10405886662,1,"IOTHUB_CLIENT_CONFIRMATION_OK"
23798,10405886815,10405886852,1,"IOTHUB_CLIENT_CONFIRMATION_OK"
23799,10405887015,10405887051,1,"IOTHUB_CLIENT_CONFIRMATION_OK"
23800,10405887215,10405887312,1,"IOTHUB_CLIENT_CONFIRMATION_OK"
23801,10405887416,10405887455,1,"IOTHUB_CLIENT_CONFIRMATION_OK"
23802,10405887616,10405887671,1,"IOTHUB_CLIENT_CONFIRMATION_OK"
23803,10405887816,10405887853,1,"IOTHUB_CLIENT_CONFIRMATION_OK"
23804,10405888016,10405888059,1,"IOTHUB_CLIENT_CONFIRMATION_OK"
23805,10405888216,10405888266,1,"IOTHUB_CLIENT_CONFIRMATION_OK"
23806,10405888416,10405888452,1,"IOTHUB_CLIENT_CONFIRMATION_OK"
23807,10405888617,10405888689,1,"IOTHUB_CLIENT_CONFIRMATION_OK"
23808,10405888817,10405888860,1,"IOTHUB_CLIENT_CONFIRMATION_OK"
23809,10405889017,10405889054,1,"IOTHUB_CLIENT_CONFIRMATION_OK"
23810,10405889217,10405889255,1,"IOTHUB_CLIENT_CONFIRMATION_OK"
23811,10405889417,10405889452,1,"IOTHUB_CLIENT_CONFIRMATION_OK"
23812,10405889617,10405889657,1,"IOTHUB_CLIENT_CONFIRMATION_OK"
23813,10405889818,10405889876,1,"IOTHUB_CLIENT_CONFIRMATION_OK"
23814,10405890018,10405890219,1,"IOTHUB_CLIENT_CONFIRMATION_OK"
23815,10405890218,10405890260,1,"IOTHUB_CLIENT_CONFIRMATION_OK"
23816,10405890418,10405890554,1,"IOTHUB_CLIENT_CONFIRMATION_OK"
23817,10405890618,10405890818,1,"IOTHUB_CLIENT_CONFIRMATION_OK"
23818,10405890818,10405890854,1,"IOTHUB_CLIENT_CONFIRMATION_OK"
23819,10405891018,10405891055,1,"IOTHUB_CLIENT_CONFIRMATION_OK"
23820,10405891219,10405891256,1,"IOTHUB_CLIENT_CONFIRMATION_OK"
23821,10405891419,10405891459,1,"IOTHUB_CLIENT_CONFIRMATION_OK"
23822,10405891619,10405891652,1,"IOTHUB_CLIENT_CONFIRMATION_OK"
23823,10405891819,10405891864,1,"IOTHUB_CLIENT_CONFIRMATION_OK"
23824,10405892019,10405892061,1,"IOTHUB_CLIENT_CONFIRMATION_OK"
23825,10405892219,10405892269,1,"IOTHUB_CLIENT_CONFIRMATION_OK"
23826,10405892420,10405892467,1,"IOTHUB_CLIENT_CONFIRMATION_OK"
23827,10405892620,10405892665,1,"IOTHUB_CLIENT_CONFIRMATION_OK"
23828,10405892820,10405892865,1,"IOTHUB_CLIENT_CONFIRMATION_OK"
23829,10405893020,10405893063,1,"IOTHUB_CLIENT_CONFIRMATION_OK"
23830,10405893220,10405893288,1,"IOTHUB_CLIENT_CONFIRMATION_OK"
23831,10405893420,10405893483,1,"IOTHUB_CLIENT_CONFIRMATION_OK"
23832,10405893621,10405893669,1,"IOTHUB_CLIENT_CONFIRMATION_OK"
23833,10405893821,10405893873,1,"IOTHUB_CLIENT_CONFIRMATION_OK"
23834,10405894021,10405894055,1,"IOTHUB_CLIENT_CONFIRMATION_OK"
23835,10405894221,10405894259,1,"IOTHUB_CLIENT_CONFIRMATION_OK"
23836,10405894421,10405894472,1,"IOTHUB_CLIENT_CONFIRMATION_OK"
23837,10405894621,10405894661,1,"IOTHUB_CLIENT_CONFIRMATION_OK"
23838,10405894821,10405894878,1,"IOTHUB_CLIENT_CONFIRMATION_OK"
23839,10405895022,10405895058,1,"IOTHUB_CLIENT_CONFIRMATION_OK"
23840,10405895222,10405895260,1,"IOTHUB_CLIENT_CONFIRMATION_OK"
23841,10405895422,10405895474,1,"IOTHUB_CLIENT_CONFIRMATION_OK"
23842,10405895622,10405895657,1,"IOTHUB_CLIENT_CONFIRMATION_OK"
23843,10405895822,10405895867,1,"IOTHUB_CLIENT_CONFIRMATION_OK"
23844,10405896022,10405896059,1,"IOTHUB_CLIENT_CONFIRMATION_OK"
23845,10405896222,10405896263,1,"IOTHUB_CLIENT_CONFIRMATION_OK"
23846,10405896423,10405896519,1,"IOTHUB_CLIENT_CONFIRMATION_OK"
23847,10405896623,10405896706,1,"IOTHUB_CLIENT_CONFIRMATION_OK"
23848,10405896823,10405896861,1,"IOTHUB_CLIENT_CONFIRMATION_OK"
23849,10405897023,10405897126,1,"IOTHUB_CLIENT_CONFIRMATION_OK"
23850,10405897223,10405897260,1,"IOTHUB_CLIENT_CONFIRMATION_OK"
23851,10405897423,10405897463,1,"IOTHUB_CLIENT_CONFIRMATION_OK"
23852,10405897624,10405897782,1,"IOTHUB_CLIENT_CONFIRMATION_OK"
23853,10405897824,10405897862,1,"IOTHUB_CLIENT_CONFIRMATION_OK"
23854,10405898024,10405898075,1,"IOTHUB_CLIENT_CONFIRMATION_OK"
23855,10405898224,10405898354,1,"IOTHUB_CLIENT_CONFIRMATION_OK"
23856,10405898424,10405898477,1,"IOTHUB_CLIENT_CONFIRMATION_OK"
23857,10405898624,10405898690,1,"IOTHUB_CLIENT_CONFIRMATION_OK"
23858,10405898824,10405898866,1,"IOTHUB_CLIENT_CONFIRMATION_OK"
23859,10405899025,10405899058,1,"IOTHUB_CLIENT_CONFIRMATION_OK"
23860,10405899225,10405899269,1,"IOTHUB_CLIENT_CONFIRMATION_OK"
23861,10405899425,10405899467,1,"IOTHUB_CLIENT_CONFIRMATION_OK"
23862,10405899625,10405899670,1,"IOTHUB_CLIENT_CONFIRMATION_OK"
23863,10405899825,10405899866,1,"IOTHUB_CLIENT_CONFIRMATION_OK"
23864,10405900025,10405900061,1,"IOTHUB_CLIENT_CONFIRMATION_OK"
23865,10405900226,10405900359,1,"IOTHUB_CLIENT_CONFIRMATION_OK"
23866,10405900426,10405900468,1,"IOTHUB_CLIENT_CONFIRMATION_OK"
23867,10405900626,10405900662,1,"IOTHUB_CLIENT_CONFIRMATION_OK"
23868,10405900826,10405900866,1,"IOTHUB_CLIENT_CONFIRMATION_OK"
23869,10405901026,10405901066,1,"IOTHUB_CLIENT_CONFIRMATION_OK"
23870,10405901226,10405901263,1,"IOTHUB_CLIENT_CONFIRMATION_OK"
23871,10405901427,10405901463,1,"IOTHUB_CLIENT_CONFIRMATION_OK"
23872,10405901627,10405901672,1,"IOTHUB_CLIENT_CONFIRMATION_OK"
23873,10405901827,10405901866,1,"IOTHUB_CLIENT_CONFIRMATION_OK"
23874,10405902027,10405902069,1,"IOTHUB_CLIENT_CONFIRMATION_OK"
23875,10405902227,10405902280,1,"IOTHUB_CLIENT_CONFIRMATION_OK"
23876,10405902427,10405902478,1,"IOTHUB_CLIENT_CONFIRMATION_OK"
23877,10405902628,10405902838,1,"IOTHUB_CLIENT_CONFIRMATION_OK"
23878,10405902828,10405902864,1,"IOTHUB_CLIENT_CONFIRMATION_OK"
23879,10405903028,10405903070,1,"IOTHUB_CLIENT_CONFIRMATION_OK"
23880,10405903228,10405903268,1,"IOTHUB_CLIENT_CONFIRMATION_OK"
23881,10405903428,10405903472,1,"IOTHUB_CLIENT_CONFIRMATION_OK"
23882,10405903628,10405903663,1,"IOTHUB_CLIENT_CONFIRMATION_OK"
23883,10405903828,10405903870,1,"IOTHUB_CLIENT_CONFIRMATION_OK"
23884,10405904029,10405904083,1,"IOTHUB_CLIENT_CONFIRMATION_OK"
23885,10405904229,10405904267,1,"IOTHUB_CLIENT_CONFIRMATION_OK"
23886,10405904429,10405904463,1,"IOTHUB_CLIENT_CONFIRMATION_OK"
23887,10405904629,10405904699,1,"IOTHUB_CLIENT_CONFIRMATION_OK"
23888,10405904829,10405904870,1,"IOTHUB_CLIENT_CONFIRMATION_OK"
23889,10405905029,10405905070,1,"IOTHUB_CLIENT_CONFIRMATION_OK"
23890,10405905230,10405905378,1,"IOTHUB_CLIENT_CONFIRMATION_OK"
23891,10405905430,10405905519,1,"IOTHUB_CLIENT_CONFIRMATION_OK"
23892,10405905630,10405905667,1,"IOTHUB_CLIENT_CONFIRMATION_OK"
23893,10405905830,10405906002,1,"IOTHUB_CLIENT_CONFIRMATION_OK"
23894,10405906030,10405906078,1,"IOTHUB_CLIENT_CONFIRMATION_OK"
23895,10405906230,10405906279,1,"IOTHUB_CLIENT_CONFIRMATION_OK"
23896,10405906431,10405906610,1,"IOTHUB_CLIENT_CONFIRMATION_OK"
23897,10405906631,10405906679,1,"IOTHUB_CLIENT_CONFIRMATION_OK"
23898,10405906831,10405906875,1,"IOTHUB_CLIENT_CONFIRMATION_OK"
23899,10405907031,10405907068,1,"IOTHUB_CLIENT_CONFIRMATION_OK"
23900,10405907231,10405907269,1,"IOTHUB_CLIENT_CONFIRMATION_OK"
23901,10405907431,10405907475,1,"IOTHUB_CLIENT_CONFIRMATION_OK"
23902,10405907632,10405907684,1,"IOTHUB_CLIENT_CONFIRMATION_OK"
23903,10405907832,10405907868,1,"IOTHUB_CLIENT_CONFIRMATION_OK"
23904,10405908032,10405908068,1,"IOTHUB_CLIENT_CONFIRMATION_OK"
23905,10405908232,10405908295,1,"IOTHUB_CLIENT_CONFIRMATION_OK"
23906,10405908432,10405908471,1,"IOTHUB_CLIENT_CONFIRMATION_OK"
23907,10405908632,10405908669,1,"IOTHUB_CLIENT_CONFIRMATION_OK"
23908,10405908833,10405908882,1,"IOTHUB_CLIENT_CONFIRMATION_OK"
23909,10405909033,10405909074,1,"IOTHUB_CLIENT_CONFIRMATION_OK"
23910,10405909233,10405909271,1,"IOTHUB_CLIENT_CONFIRMATION_OK"
23911,10405909433,10405909482,1,"IOTHUB_CLIENT_CONFIRMATION_OK"
23912,10405909633,10405909672,1,"IOTHUB_CLIENT_CONFIRMATION_OK"
23913,10405909833,10405909878,1,"IOTHUB_CLIENT_CONFIRMATION_OK"
23914,10405910033,10405910074,1,"IOTHUB_CLIENT_CONFIRMATION_OK"
23915,10405910234,10405910274,1,"IOTHUB_CLIENT_CONFIRMATION_OK"
23916,10405910434,10405910477,1,"IOTHUB_CLIENT_CONFIRMATION_OK"
23917,10405910634,10405910678,1,"IOTHUB_CLIENT_CONFIRMATION_OK"
23918,10405910834,10405910873,1,"IOTHUB_CLIENT_CONFIRMATION_OK"
23919,10405911034,10405911143,1,"IOTHUB_CLIENT_CONFIRMATION_OK"
23920,10405911234,10405911271,1,"IOTHUB_CLIENT_CONFIRMATION_OK"
23921,10405911435,10405911471,1,"IOTHUB_CLIENT_CONFIRMATION_OK"
23922,10405911636,10405911695,1,"IOTHUB_CLIENT_CONFIRMATION_OK"
23923,10405911836,10405911878,1,"IOTHUB_CLIENT_CONFIRMATION_OK"
23924,10405912036,10405912070,1,"IOTHUB_CLIENT_CONFIRMATION_OK"
23925,10405912236,10405912295,1,"IOTHUB_CLIENT_CONFIRMATION_OK"
23926,10405912436,10405912475,1,"IOTHUB_CLIENT_CONFIRMATION_OK"
23927,10405912636,10405912671,1,"IOTHUB_CLIENT_CONFIRMATION_OK"
23928,10405912836,10405912924,1,"IOTHUB_CLIENT_CONFIRMATION_OK"
23929,10405913037,10405913076,1,"IOTHUB_CLIENT_CONFIRMATION_OK"
23930,10405913237,10405913276,1,"IOTHUB_CLIENT_CONFIRMATION_OK"
23931,10405913437,10405913539,1,"IOTHUB_CLIENT_CONFIRMATION_OK"
23932,10405913637,10405913691,1,"IOTHUB_CLIENT_CONFIRMATION_OK"
23933,10405913837,10405913884,1,"IOTHUB_CLIENT_CONFIRMATION_OK"
23934,10405914037,10405914200,1,"IOTHUB_CLIENT_CONFIRMATION_OK"
23935,10405914237,10405914281,1,"IOTHUB_CLIENT_CONFIRMATION_OK"
23936,10405914438,10405914498,1,"IOTHUB_CLIENT_CONFIRMATION_OK"
23937,10405914638,10405914801,1,"IOTHUB_CLIENT_CONFIRMATION_OK"
23938,10405914838,10405914884,1,"IOTHUB_CLIENT_CONFIRMATION_OK"
23939,10405915038,10405915080,1,"IOTHUB_CLIENT_CONFIRMATION_OK"
23940,10405915238,10405915275,1,"IOTHUB_CLIENT_CONFIRMATION_OK"
23941,10405915438,10405915503,1,"IOTHUB_CLIENT_CONFIRMATION_OK"
23942,10405915638,10405915684,1,"IOTHUB_CLIENT_CONFIRMATION_OK"
23943,10405915839,10405915891,1,"IOTHUB_CLIENT_CONFIRMATION_OK"
23944,10405916039,10405916081,1,"IOTHUB_CLIENT_CONFIRMATION_OK"
23945,10405916239,10405916309,1,"IOTHUB_CLIENT_CONFIRMATION_OK"
23946,10405916439,10405916491,1,"IOTHUB_CLIENT_CONFIRMATION_OK"
23947,10405916639,10405916691,1,"IOTHUB_CLIENT_CONFIRMATION_OK"
23948,10405916839,10405916898,1,"IOTHUB_CLIENT_CONFIRMATION_OK"
23949,10405917040,10405917085,1,"IOTHUB_CLIENT_CONFIRMATION_OK"
23950,10405917240,10405917273,1,"IOTHUB_CLIENT_CONFIRMATION_OK"
23951,10405917440,10405917479,1,"IOTHUB_CLIENT_CONFIRMATION_OK"
23952,10405917640,10405917676,1,"IOTHUB_CLIENT_CONFIRMATION_OK"
23953,10405917840,10405917886,1,"IOTHUB_CLIENT_CONFIRMATION_OK"
23954,10405918040,10405918104,1,"IOTHUB_CLIENT_CONFIRMATION_OK"
23955,10405918240,10405918310,1,"IOTHUB_CLIENT_CONFIRMATION_OK"
23956,10405918441,10405918488,1,"IOTHUB_CLIENT_CONFIRMATION_OK"
23957,10405918641,10405918678,1,"IOTHUB_CLIENT_CONFIRMATION_OK"
23958,10405918841,10405918887,1,"IOTHUB_CLIENT_CONFIRMATION_OK"
23959,10405919041,10405919082,1,"IOTHUB_CLIENT_CONFIRMATION_OK"
23960,10405919241,10405919284,1,"IOTHUB_CLIENT_CONFIRMATION_OK"
23961,10405919441,10405919496,1,"IOTHUB_CLIENT_CONFIRMATION_OK"
23962,10405919642,10405919676,1,"IOTHUB_CLIENT_CONFIRMATION_OK"
23963,10405919842,10405919917,1,"IOTHUB_CLIENT_CONFIRMATION_OK"
23964,10405920042,10405920092,1,"IOTHUB_CLIENT_CONFIRMATION_OK"
23965,10405920242,10405920287,1,"IOTHUB_CLIENT_CONFIRMATION_OK"
23966,10405920442,10405920577,1,"IOTHUB_CLIENT_CONFIRMATION_OK"
23967,10405920642,10405920679,1,"IOTHUB_CLIENT_CONFIRMATION_OK"
23968,10405920843,10405920877,1,"IOTHUB_CLIENT_CONFIRMATION_OK"
23969,10405921043,10405921110,1,"IOTHUB_CLIENT_CONFIRMATION_OK"
23970,10405921243,10405921276,1,"IOTHUB_CLIENT_CONFIRMATION_OK"
23971,10405921443,10405921483,1,"IOTHUB_CLIENT_CONFIRMATION_OK"
23972,10405921643,10405921724,1,"IOTHUB_CLIENT_CONFIRMATION_OK"
23973,10405921843,10405922169,1,"IOTHUB_CLIENT_CONFIRMATION_OK"
23974,10405922043,10405922229,1,"IOTHUB_CLIENT_CONFIRMATION_OK"
23975,10405922244,10405922659,1,"IOTHUB_CLIENT_CONFIRMATION_OK"
23976,10405922444,10405922737,1,"IOTHUB_CLIENT_CONFIRMATION_OK"
23977,10405922644,10405922802,1,"IOTHUB_CLIENT_CONFIRMATION_OK"
23978,10405922844,10405922894,1,"IOTHUB_CLIENT_CONFIRMATION_OK"
23979,10405923044,10405923084,1,"IOTHUB_CLIENT_CONFIRMATION_OK"
23980,10405923244,10405923337,1,"IOTHUB_CLIENT_CONFIRMATION_OK"
23981,10405923444,10405923513,1,"IOTHUB_CLIENT_CONFIRMATION_OK"
23982,10405923645,10405923678,1,"IOTHUB_CLIENT_CONFIRMATION_OK"
23983,10405923845,10405923901,1,"IOTHUB_CLIENT_CONFIRMATION_OK"
23984,10405924045,10405924088,1,"IOTHUB_CLIENT_CONFIRMATION_OK"
23985,10405924245,10405924300,1,"IOTHUB_CLIENT_CONFIRMATION_OK"
23986,10405924445,10405924480,1,"IOTHUB_CLIENT_CONFIRMATION_OK"
23987,10405924645,10405924692,1,"IOTHUB_CLIENT_CONFIRMATION_OK"
23988,10405924846,10405924884,1,"IOTHUB_CLIENT_CONFIRMATION_OK"
23989,10405925046,10405925077,1,"IOTHUB_CLIENT_CONFIRMATION_OK"
23990,10405925246,10405925307,1,"IOTHUB_CLIENT_CONFIRMATION_OK"
23991,10405925446,10405925597,1,"IOTHUB_CLIENT_CONFIRMATION_OK"
23992,10405925646,10405925685,1,"IOTHUB_CLIENT_CONFIRMATION_OK"
23993,10405925846,10405925881,1,"IOTHUB_CLIENT_CONFIRMATION_OK"
23994,10405926047,10405926229,1,"IOTHUB_CLIENT_CONFIRMATION_OK"
23995,10405926247,10405926286,1,"IOTHUB_CLIENT_CONFIRMATION_OK"
23996,10405926447,10405926505,1,"IOTHUB_CLIENT_CONFIRMATION_OK"
23997,10405926647,10405926833,1,"IOTHUB_CLIENT_CONFIRMATION_OK"
23998,10405926847,10405926890,1,"IOTHUB_CLIENT_CONFIRMATION_OK"
23999,10405927047,10405927088,1,"IOTHUB_CLIENT_CONFIRMATION_OK"
24000,10405927247,10405927282,1,"IOTHUB_CLIENT_CONFIRMATION_OK"
24001,10405927448,10405927541,1,"IOTHUB_CLIENT_CONFIRMATION_OK"
24002,10405927648,10405927691,1,"IOTHUB_CLIENT_CONFIRMATION_OK"
24003,10405927848,10405927889,1,"IOTHUB_CLIENT_CONFIRMATION_OK"
24004,10405928048,10405928103,1,"IOTHUB_CLIENT_CONFIRMATION_OK"
24005,10405928248,10405928298,1,"IOTHUB_CLIENT_CONFIRMATION_OK"
24006,10405928448,10405928505,1,"IOTHUB_CLIENT_CONFIRMATION_OK"
24007,10405928648,10405928686,1,"IOTHUB_CLIENT_CONFIRMATION_OK"
24008,10405928849,10405928890,1,"IOTHUB_CLIENT_CONFIRMATION_OK"
24009,10405929049,10405929091,1,"IOTHUB_CLIENT_CONFIRMATION_OK"
24010,10405929249,10405929293,1,"IOTHUB_CLIENT_CONFIRMATION_OK"
24011,10405929449,10405929485,1,"IOTHUB_CLIENT_CONFIRMATION_OK"
24012,10405929649,10405929690,1,"IOTHUB_CLIENT_CONFIRMATION_OK"
24013,10405929849,10405929913,1,"IOTHUB_CLIENT_CONFIRMATION_OK"
24014,10405930050,10405930084,1,"IOTHUB_CLIENT_CONFIRMATION_OK"
24015,10405930250,10405930288,1,"IOTHUB_CLIENT_CONFIRMATION_OK"
24016,10405930450,10405930515,1,"IOTHUB_CLIENT_CONFIRMATION_OK"
24017,10405930650,10405930695,1,"IOTHUB_CLIENT_CONFIRMATION_OK"
24018,10405930850,10405930891,1,"IOTHUB_CLIENT_CONFIRMATION_OK"
24019,10405931050,10405931092,1,"IOTHUB_CLIENT_CONFIRMATION_OK"
24020,10405931251,10405931289,1,"IOTHUB_CLIENT_CONFIRMATION_OK"
24021,10405931451,10405931493,1,"IOTHUB_CLIENT_CONFIRMATION_OK"
24022,10405931651,10405931686,1,"IOTHUB_CLIENT_CONFIRMATION_OK"
24023,10405931851,10405931891,1,"IOTHUB_CLIENT_CONFIRMATION_OK"
24024,10405932051,10405932137,1,"IOTHUB_CLIENT_CONFIRMATION_OK"
24025,10405932251,10405932290,1,"IOTHUB_CLIENT_CONFIRMATION_OK"
24026,10405932452,10405932506,1,"IOTHUB_CLIENT_CONFIRMATION_OK"
24027,10405932652,10405932693,1,"IOTHUB_CLIENT_CONFIRMATION_OK"
24028,10405932852,10405932911,1,"IOTHUB_CLIENT_CONFIRMATION_OK"
24029,10405933052,10405933194,1,"IOTHUB_CLIENT_CONFIRMATION_OK"
24030,10405933252,10405933296,1,"IOTHUB_CLIENT_CONFIRMATION_OK"
24031,10405933452,10405933483,1,"IOTHUB_CLIENT_CONFIRMATION_OK"
24032,10405933652,10405933831,1,"IOTHUB_CLIENT_CONFIRMATION_OK"
24033,10405933853,10405933914,1,"IOTHUB_CLIENT_CONFIRMATION_OK"
24034,10405934053,10405934128,1,"IOTHUB_CLIENT_CONFIRMATION_OK"
24035,10405934253,10405934431,1,"IOTHUB_CLIENT_CONFIRMATION_OK"
24036,10405934453,10405934506,1,"IOTHUB_CLIENT_CONFIRMATION_OK"
24037,10405934653,10405934689,1,"IOTHUB_CLIENT_CONFIRMATION_OK"
24038,10405934853,10405934908,1,"IOTHUB_CLIENT_CONFIRMATION_OK"
24039,10405935053,10405935119,1,"IOTHUB_CLIENT_CONFIRMATION_OK"
24040,10405935254,10405935296,1,"IOTHUB_CLIENT_CONFIRMATION_OK"
24041,10405935454,10405935493,1,"IOTHUB_CLIENT_CONFIRMATION_OK"
24042,10405935654,10405935691,1,"IOTHUB_CLIENT_CONFIRMATION_OK"
24043,10405935854,10405935896,1,"IOTHUB_CLIENT_CONFIRMATION_OK"
24044,10405936054,10405936102,1,"IOTHUB_CLIENT_CONFIRMATION_OK"
24045,10405936254,10405936296,1,"IOTHUB_CLIENT_CONFIRMATION_OK"
24046,10405936455,10405936493,1,"IOTHUB_CLIENT_CONFIRMATION_OK"
24047,10405936655,10405936755,1,"IOTHUB_CLIENT_CONFIRMATION_OK"
24048,10405936855,10405936897,1,"IOTHUB_CLIENT_CONFIRMATION_OK"
24049,10405937055,10405937090,1,"IOTHUB_CLIENT_CONFIRMATION_OK"
24050,10405937255,10405937292,1,"IOTHUB_CLIENT_CONFIRMATION_OK"
24051,10405937455,10405937514,1,"IOTHUB_CLIENT_CONFIRMATION_OK"
24052,10405937656,10405937696,1,"IOTHUB_CLIENT_CONFIRMATION_OK"
24053,10405937856,10405937905,1,"IOTHUB_CLIENT_CONFIRMATION_OK"
24054,10405938056,10405938119,1,"IOTHUB_CLIENT_CONFIRMATION_OK"
24055,10405938256,10405938292,1,"IOTHUB_CLIENT_CONFIRMATION_OK"
24056,10405938456,10405938500,1,"IOTHUB_CLIENT_CONFIRMATION_OK"
24057,10405938656,10405938725,1,"IOTHUB_CLIENT_CONFIRMATION_OK"
24058,10405938856,10405938932,1,"IOTHUB_CLIENT_CONFIRMATION_OK"
24059,10405939057,10405939093,1,"IOTHUB_CLIENT_CONFIRMATION_OK"
24060,10405939257,10405939309,1,"IOTHUB_CLIENT_CONFIRMATION_OK"
24061,10405939457,10405939492,1,"IOTHUB_CLIENT_CONFIRMATION_OK"
24062,10405939657,10405939718,1,"IOTHUB_CLIENT_CONFIRMATION_OK"
24063,10405939857,10405939904,1,"IOTHUB_CLIENT_CONFIRMATION_OK"
24064,10405940057,10405940159,1,"IOTHUB_CLIENT_CONFIRMATION_OK"
24065,10405940257,10405940294,1,"IOTHUB_CLIENT_CONFIRMATION_OK"
24066,10405940458,10405940498,1,"IOTHUB_CLIENT_CONFIRMATION_OK"
24067,10405940658,10405940766,1,"IOTHUB_CLIENT_CONFIRMATION_OK"
24068,10405940858,10405940905,1,"IOTHUB_CLIENT_CONFIRMATION_OK"
24069,10405941058,10405941096,1,"IOTHUB_CLIENT_CONFIRMATION_OK"
24070,10405941258,10405941364,1,"IOTHUB_CLIENT_CONFIRMATION_OK"
24071,10405941458,10405941495,1,"IOTHUB_CLIENT_CONFIRMATION_OK"
24072,10405941658,10405941707,1,"IOTHUB_CLIENT_CONFIRMATION_OK"
24073,10405941859,10405941986,1,"IOTHUB_CLIENT_CONFIRMATION_OK"
24074,10405942059,10405942092,1,"IOTHUB_CLIENT_CONFIRMATION_OK"
24075,10405942259,10405942341,1,"IOTHUB_CLIENT_CONFIRMATION_OK"
24076,10405942459,10405942589,1,"IOTHUB_CLIENT_CONFIRMATION_OK"
24077,10405942659,10405942704,1,"IOTHUB_CLIENT_CONFIRMATION_OK"
24078,10405942859,10405942891,1,"IOTHUB_CLIENT_CONFIRMATION_OK"
24079,10405943060,10405943095,1,"IOTHUB_CLIENT_CONFIRMATION_OK"
24080,10405943260,10405943313,1,"IOTHUB_CLIENT_CONFIRMATION_OK"
24081,10405943460,10405943502,1,"IOTHUB_CLIENT_CONFIRMATION_OK"
24082,10405943660,10405943700,1,"IOTHUB_CLIENT_CONFIRMATION_OK"
24083,10405943860,10405943899,1,"IOTHUB_CLIENT_CONFIRMATION_OK"
24084,10405944060,10405944106,1,"IOTHUB_CLIENT_CONFIRMATION_OK"
24085,10405944261,10405944300,1,"IOTHUB_CLIENT_CONFIRMATION_OK"
24086,10405944461,10405944502,1,"IOTHUB_CLIENT_CONFIRMATION_OK"
24087,10405944661,10405944705,1,"IOTHUB_CLIENT_CONFIRMATION_OK"
24088,10405944861,10405944918,1,"IOTHUB_CLIENT_CONFIRMATION_OK"
24089,10405945061,10405945101,1,"IOTHUB_CLIENT_CONFIRMATION_OK"
24090,10405945261,10405945317,1,"IOTHUB_CLIENT_CONFIRMATION_OK"
24091,10405945462,10405945500,1,"IOTHUB_CLIENT_CONFIRMATION_OK"
24092,10405945662,10405945719,1,"IOTHUB_CLIENT_CONFIRMATION_OK"
24093,10405945862,10405945899,1,"IOTHUB_CLIENT_CONFIRMATION_OK"
24094,10405946062,10405946100,1,"IOTHUB_CLIENT_CONFIRMATION_OK"
24095,10405946262,10405946305,1,"IOTHUB_CLIENT_CONFIRMATION_OK"
24096,10405946462,10405946503,1,"IOTHUB_CLIENT_CONFIRMATION_OK"
24097,10405946663,10405946700,1,"IOTHUB_CLIENT_CONFIRMATION_OK"
24098,10405946863,10405946897,1,"IOTHUB_CLIENT_CONFIRMATION_OK"
24099,10405947063,10405947103,1,"IOTHUB_CLIENT_CONFIRMATION_OK"
24100,10405947263,10405947305,1,"IOTHUB_CLIENT_CONFIRMATION_OK"
24101,10405947463,10405947500,1,"IOTHUB_CLIENT_CONFIRMATION_OK"
24102,10405947663,10405947726,1,"IOTHUB_CLIENT_CONFIRMATION_OK"
24103,10405947863,10405947906,1,"IOTHUB_CLIENT_CONFIRMATION_OK"
24104,10405948064,10405948106,1,"IOTHUB_CLIENT_CONFIRMATION_OK"
24105,10405948264,10405948358,1,"IOTHUB_CLIENT_CONFIRMATION_OK"
24106,10405948464,10405948503,1,"IOTHUB_CLIENT_CONFIRMATION_OK"
24107,10405948664,10405948700,1,"IOTHUB_CLIENT_CONFIRMATION_OK"
24108,10405948864,10405948949,1,"IOTHUB_CLIENT_CONFIRMATION_OK"
24109,10405949064,10405949113,1,"IOTHUB_CLIENT_CONFIRMATION_OK"
24110,10405949265,10405949306,1,"IOTHUB_CLIENT_CONFIRMATION_OK"
24111,10405949465,10405949587,1,"IOTHUB_CLIENT_CONFIRMATION_OK"
24112,10405949665,10405949711,1,"IOTHUB_CLIENT_CONFIRMATION_OK"
24113,10405949865,10405949906,1,"IOTHUB_CLIENT_CONFIRMATION_OK"
24114,10405950065,10405950162,1,"IOTHUB_CLIENT_CONFIRMATION_OK"
24115,10405950265,10405950339,1,"IOTHUB_CLIENT_CONFIRMATION_OK"
24116,10405950466,10405950504,1,"IOTHUB_CLIENT_CONFIRMATION_OK"
24117,10405950666,10405950756,1,"IOTHUB_CLIENT_CONFIRMATION_OK"
24118,10405950866,10405950907,1,"IOTHUB_CLIENT_CONFIRMATION_OK"
24119,10405951066,10405951120,1,"IOTHUB_CLIENT_CONFIRMATION_OK"
24120,10405951266,10405951302,1,"IOTHUB_CLIENT_CONFIRMATION_OK"
24121,10405951466,10405951509,1,"IOTHUB_CLIENT_CONFIRMATION_OK"
24122,10405951666,10405951706,1,"IOTHUB_CLIENT_CONFIRMATION_OK"
24123,10405951867,10405951920,1,"IOTHUB_CLIENT_CONFIRMATION_OK"
24124,10405952067,10405952101,1,"IOTHUB_CLIENT_CONFIRMATION_OK"
24125,10405952267,10405952300,1,"IOTHUB_CLIENT_CONFIRMATION_OK"
24126,10405952467,10405952505,1,"IOTHUB_CLIENT_CONFIRMATION_OK"
24127,10405952667,10405952727,1,"IOTHUB_CLIENT_CONFIRMATION_OK"
24128,10405952867,10405952918,1,"IOTHUB_CLIENT_CONFIRMATION_OK"
24129,10405953067,10405953142,1,"IOTHUB_CLIENT_CONFIRMATION_OK"
24130,10405953268,10405953409,1,"IOTHUB_CLIENT_CONFIRMATION_OK"
24131,10405953468,10405953503,1,"IOTHUB_CLIENT_CONFIRMATION_OK"
24132,10405953668,10405953712,1,"IOTHUB_CLIENT_CONFIRMATION_OK"
24133,10405953868,10405954019,1,"IOTHUB_CLIENT_CONFIRMATION_OK"
24134,10405954068,10405954107,1,"IOTHUB_CLIENT_CONFIRMATION_OK"
24135,10405954268,10405954310,1,"IOTHUB_CLIENT_CONFIRMATION_OK"
24136,10405954468,10405954620,1,"IOTHUB_CLIENT_CONFIRMATION_OK"
24137,10405954669,10405954702,1,"IOTHUB_CLIENT_CONFIRMATION_OK"
24138,10405954869,10405954931,1,"IOTHUB_CLIENT_CONFIRMATION_OK"
24139,10405955069,10405955104,1,"IOTHUB_CLIENT_CONFIRMATION_OK"
24140,10405955269,10405955346,1,"IOTHUB_CLIENT_CONFIRMATION_OK"
24141,10405955469,10405955520,1,"IOTHUB_CLIENT_CONFIRMATION_OK"
24142,10405955669,10405955705,1,"IOTHUB_CLIENT_CONFIRMATION_OK"
24143,10405955870,10405955905,1,"IOTHUB_CLIENT_CONFIRMATION_OK"
24144,10405956070,10405956108,1,"IOTHUB_CLIENT_CONFIRMATION_OK"
24145,10405956270,10405956305,1,"IOTHUB_CLIENT_CONFIRMATION_OK"
24146,10405956470,10405956506,1,"IOTHUB_CLIENT_CONFIRMATION_OK"
24147,10405956670,10405956715,1,"IOTHUB_CLIENT_CONFIRMATION_OK"
24148,10405956870,10405956907,1,"IOTHUB_CLIENT_CONFIRMATION_OK"
24149,10405957071,10405957111,1,"IOTHUB_CLIENT_CONFIRMATION_OK"
24150,10405957271,10405957314,1,"IOTHUB_CLIENT_CONFIRMATION_OK"
24151,10405957471,10405957504,1,"IOTHUB_CLIENT_CONFIRMATION_OK"
24152,10405957671,10405957719,1,"IOTHUB_CLIENT_CONFIRMATION_OK"
24153,10405957871,10405957916,1,"IOTHUB_CLIENT_CONFIRMATION_OK"
24154,10405958071,10405958107,1,"IOTHUB_CLIENT_CONFIRMATION_OK"
24155,10405958272,10405958305,1,"IOTHUB_CLIENT_CONFIRMATION_OK"
24156,10405958472,10405958511,1,"IOTHUB_CLIENT_CONFIRMATION_OK"
24157,10405958672,10405958709,1,"IOTHUB_CLIENT_CONFIRMATION_OK"
24158,10405958872,10405958914,1,"IOTHUB_CLIENT_CONFIRMATION_OK"
24159,10405959072,10405959110,1,"IOTHUB_CLIENT_CONFIRMATION_OK"
24160,10405959272,10405959306,1,"IOTHUB_CLIENT_CONFIRMATION_OK"
24161,10405959472,10405959533,1,"IOTHUB_CLIENT_CONFIRMATION_OK"
24162,10405959673,10405959711,1,"IOTHUB_CLIENT_CONFIRMATION_OK"
24163,10405959873,10405959927,1,"IOTHUB_CLIENT_CONFIRMATION_OK"
24164,10405960073,10405960110,1,"IOTHUB_CLIENT_CONFIRMATION_OK"
24165,10405960273,10405960364,1,"IOTHUB_CLIENT_CONFIRMATION_OK"
24166,10405960473,10405960547,1,"IOTHUB_CLIENT_CONFIRMATION_OK"
24167,10405960673,10405960723,1,"IOTHUB_CLIENT_CONFIRMATION_OK"
24168,10405960874,10405960985,1,"IOTHUB_CLIENT_CONFIRMATION_OK"
24169,10405961074,10405961114,1,"IOTHUB_CLIENT_CONFIRMATION_OK"
24170,10405961274,10405961313,1,"IOTHUB_CLIENT_CONFIRMATION_OK"
24171,10405961474,10405961581,1,"IOTHUB_CLIENT_CONFIRMATION_OK"
24172,10405961674,10405961720,1,"IOTHUB_CLIENT_CONFIRMATION_OK"
24173,10405961874,10405961914,1,"IOTHUB_CLIENT_CONFIRMATION_OK"
24174,10405962075,10405962198,1,"IOTHUB_CLIENT_CONFIRMATION_OK"
24175,10405962275,10405962317,1,"IOTHUB_CLIENT_CONFIRMATION_OK"
24176,10405962475,10405962513,1,"IOTHUB_CLIENT_CONFIRMATION_OK"
24177,10405962675,10405962860,1,"IOTHUB_CLIENT_CONFIRMATION_OK"
24178,10405962875,10405962917,1,"IOTHUB_CLIENT_CONFIRMATION_OK"
24179,10405963075,10405963131,1,"IOTHUB_CLIENT_CONFIRMATION_OK"
24180,10405963275,10405963312,1,"IOTHUB_CLIENT_CONFIRMATION_OK"
24181,10405963476,10405963526,1,"IOTHUB_CLIENT_CONFIRMATION_OK"
24182,10405963676,10405963735,1,"IOTHUB_CLIENT_CONFIRMATION_OK"
24183,10405963876,10405963913,1,"IOTHUB_CLIENT_CONFIRMATION_OK"
24184,10405964076,10405964112,1,"IOTHUB_CLIENT_CONFIRMATION_OK"
24185,10405964276,10405964329,1,"IOTHUB_CLIENT_CONFIRMATION_OK"
24186,10405964476,10405964518,1,"IOTHUB_CLIENT_CONFIRMATION_OK"
24187,10405964676,10405964745,1,"IOTHUB_CLIENT_CONFIRMATION_OK"
24188,10405964877,10405964929,1,"IOTHUB_CLIENT_CONFIRMATION_OK"
24189,10405965077,10405965124,1,"IOTHUB_CLIENT_CONFIRMATION_OK"
24190,10405965277,10405965318,1,"IOTHUB_CLIENT_CONFIRMATION_OK"
24191,10405965477,10405965583,1,"IOTHUB_CLIENT_CONFIRMATION_OK"
24192,10405965677,10405965707,1,"IOTHUB_CLIENT_CONFIRMATION_OK"
24193,10405965877,10405965962,1,"IOTHUB_CLIENT_CONFIRMATION_OK"
24194,10405966078,10405966111,1,"IOTHUB_CLIENT_CONFIRMATION_OK"
24195,10405966278,10405966326,1,"IOTHUB_CLIENT_CONFIRMATION_OK"
24196,10405966478,10405966558,1,"IOTHUB_CLIENT_CONFIRMATION_OK"
24197,10405966678,10405966713,1,"IOTHUB_CLIENT_CONFIRMATION_OK"
24198,10405966878,10405966917,1,"IOTHUB_CLIENT_CONFIRMATION_OK"
24199,10405967078,10405967134,1,"IOTHUB_CLIENT_CONFIRMATION_OK"
24200,10405967279,10405967321,1,"IOTHUB_CLIENT_CONFIRMATION_OK"
24201,10405967479,10405967516,1,"IOTHUB_CLIENT_CONFIRMATION_OK"
24202,10405967679,10405967717,1,"IOTHUB_CLIENT_CONFIRMATION_OK"
24203,10405967879,10405967925,1,"IOTHUB_CLIENT_CONFIRMATION_OK"
24204,10405968079,10405968114,1,"IOTHUB_CLIENT_CONFIRMATION_OK"
24205,10405968279,10405968380,1,"IOTHUB_CLIENT_CONFIRMATION_OK"
24206,10405968480,10405968618,1,"IOTHUB_CLIENT_CONFIRMATION_OK"
24207,10405968680,10405968713,1,"IOTHUB_CLIENT_CONFIRMATION_OK"
24208,10405968880,10405968935,1,"IOTHUB_CLIENT_CONFIRMATION_OK"
24209,10405969080,10405969210,1,"IOTHUB_CLIENT_CONFIRMATION_OK"
24210,10405969280,10405969354,1,"IOTHUB_CLIENT_CONFIRMATION_OK"
24211,10405969480,10405969520,1,"IOTHUB_CLIENT_CONFIRMATION_OK"
24212,10405969680,10405969830,1,"IOTHUB_CLIENT_CONFIRMATION_OK"
24213,10405969881,10405969919,1,"IOTHUB_CLIENT_CONFIRMATION_OK"
24214,10405970081,10405970123,1,"IOTHUB_CLIENT_CONFIRMATION_OK"
24215,10405970281,10405970439,1,"IOTHUB_CLIENT_CONFIRMATION_OK"
24216,10405970481,10405970519,1,"IOTHUB_CLIENT_CONFIRMATION_OK"
24217,10405970681,10405970722,1,"IOTHUB_CLIENT_CONFIRMATION_OK"
24218,10405970881,10405970930,1,"IOTHUB_CLIENT_CONFIRMATION_OK"
24219,10405971082,10405971122,1,"IOTHUB_CLIENT_CONFIRMATION_OK"
24220,10405971282,10405971326,1,"IOTHUB_CLIENT_CONFIRMATION_OK"
24221,10405971482,10405971679,1,"IOTHUB_CLIENT_CONFIRMATION_OK"
24222,10405971682,10405971720,1,"IOTHUB_CLIENT_CONFIRMATION_OK"
24223,10405971882,10405971923,1,"IOTHUB_CLIENT_CONFIRMATION_OK"
24224,10405972082,10405972121,1,"IOTHUB_CLIENT_CONFIRMATION_OK"
24225,10405972282,10405972322,1,"IOTHUB_CLIENT_CONFIRMATION_OK"
24226,10405972483,10405972567,1,"IOTHUB_CLIENT_CONFIRMATION_OK"
24227,10405972683,10405972725,1,"IOTHUB_CLIENT_CONFIRMATION_OK"
24228,10405972883,10405972924,1,"IOTHUB_CLIENT_CONFIRMATION_OK"
24229,10405973083,10405973118,1,"IOTHUB_CLIENT_CONFIRMATION_OK"
24230,10405973283,10405973327,1,"IOTHUB_CLIENT_CONFIRMATION_OK"
24231,10405973483,10405973522,1,"IOTHUB_CLIENT_CONFIRMATION_OK"
24232,10405973684,10405973725,1,"IOTHUB_CLIENT_CONFIRMATION_OK"
24233,10405973884,10405973923,1,"IOTHUB_CLIENT_CONFIRMATION_OK"
24234,10405974084,10405974133,1,"IOTHUB_CLIENT_CONFIRMATION_OK"
24235,10405974284,10405974324,1,"IOTHUB_CLIENT_CONFIRMATION_OK"
24236,10405974484,10405974523,1,"IOTHUB_CLIENT_CONFIRMATION_OK"
24237,10405974684,10405974760,1,"IOTHUB_CLIENT_CONFIRMATION_OK"
24238,10405974884,10405975005,1,"IOTHUB_CLIENT_CONFIRMATION_OK"
24239,10405975085,10405975120,1,"IOTHUB_CLIENT_CONFIRMATION_OK"
24240,10405975285,10405975321,1,"IOTHUB_CLIENT_CONFIRMATION_OK"
24241,10405975485,10405975548,1,"IOTHUB_CLIENT_CONFIRMATION_OK"
24242,10405975685,10405975724,1,"IOTHUB_CLIENT_CONFIRMATION_OK"
24243,10405975885,10405975948,1,"IOTHUB_CLIENT_CONFIRMATION_OK"
24244,10405976085,10405976119,1,"IOTHUB_CLIENT_CONFIRMATION_OK"
24245,10405976286,10405976326,1,"IOTHUB_CLIENT_CONFIRMATION_OK"
24246,10405976486,10405976530,1,"IOTHUB_CLIENT_CONFIRMATION_OK"
24247,10405976686,10405976721,1,"IOTHUB_CLIENT_CONFIRMATION_OK"
24248,10405976886,10405976944,1,"IOTHUB_CLIENT_CONFIRMATION_OK"
24249,10405977086,10405977137,1,"IOTHUB_CLIENT_CONFIRMATION_OK"
24250,10405977286,10405977319,1,"IOTHUB_CLIENT_CONFIRMATION_OK"
24251,10405977486,10405977591,1,"IOTHUB_CLIENT_CONFIRMATION_OK"
24252,10405977687,10405977724,1,"IOTHUB_CLIENT_CONFIRMATION_OK"
24253,10405977887,10405978056,1,"IOTHUB_CLIENT_CONFIRMATION_OK"
24254,10405978087,10405978126,1,"IOTHUB_CLIENT_CONFIRMATION_OK"
24255,10405978287,10405978329,1,"IOTHUB_CLIENT_CONFIRMATION_OK"
24256,10405978487,10405978650,1,"IOTHUB_CLIENT_CONFIRMATION_OK"
24257,10405978687,10405978728,1,"IOTHUB_CLIENT_CONFIRMATION_OK"
24258,10405978888,10405978927,1,"IOTHUB_CLIENT_CONFIRMATION_OK"
24259,10405979088,10405979129,1,"IOTHUB_CLIENT_CONFIRMATION_OK"
24260,10405979288,10405979337,1,"IOTHUB_CLIENT_CONFIRMATION_OK"
24261,10405979488,10405979535,1,"IOTHUB_CLIENT_CONFIRMATION_OK"
24262,10405979688,10405979730,1,"IOTHUB_CLIENT_CONFIRMATION_OK"
24263,10405979888,10405979931,1,"IOTHUB_CLIENT_CONFIRMATION_OK"
24264,10405980089,10405980132,1,"IOTHUB_CLIENT_CONFIRMATION_OK"
24265,10405980289,10405980333,1,"IOTHUB_CLIENT_CONFIRMATION_OK"
24266,10405980489,10405980525,1,"IOTHUB_CLIENT_CONFIRMATION_OK"
24267,10405980689,10405980733,1,"IOTHUB_CLIENT_CONFIRMATION_OK"
24268,10405980889,10405980941,1,"IOTHUB_CLIENT_CONFIRMATION_OK"
24269,10405981089,10405981152,1,"IOTHUB_CLIENT_CONFIRMATION_OK"
24270,10405981289,10405981330,1,"IOTHUB_CLIENT_CONFIRMATION_OK"
24271,10405981490,10405981562,1,"IOTHUB_CLIENT_CONFIRMATION_OK"
24272,10405981690,10405981775,1,"IOTHUB_CLIENT_CONFIRMATION_OK"
24273,10405981890,10405981929,1,"IOTHUB_CLIENT_CONFIRMATION_OK"
24274,10405982090,10405982131,1,"IOTHUB_CLIENT_CONFIRMATION_OK"
24275,10405982290,10405982371,1,"IOTHUB_CLIENT_CONFIRMATION_OK"
24276,10405982490,10405982546,1,"IOTHUB_CLIENT_CONFIRMATION_OK"
24277,10405982690,10405982727,1,"IOTHUB_CLIENT_CONFIRMATION_OK"
24278,10405982891,10405982929,1,"IOTHUB_CLIENT_CONFIRMATION_OK"
24279,10405983091,10405983178,1,"IOTHUB_CLIENT_CONFIRMATION_OK"
24280,10405983291,10405983338,1,"IOTHUB_CLIENT_CONFIRMATION_OK"
24281,10405983491,10405983528,1,"IOTHUB_CLIENT_CONFIRMATION_OK"
24282,10405983691,10405983734,1,"IOTHUB_CLIENT_CONFIRMATION_OK"
24283,10405983891,10405984017,1,"IOTHUB_CLIENT_CONFIRMATION_OK"
24284,10405984092,10405984126,1,"IOTHUB_CLIENT_CONFIRMATION_OK"
24285,10405984292,10405984325,1,"IOTHUB_CLIENT_CONFIRMATION_OK"
24286,10405984492,10405984533,1,"IOTHUB_CLIENT_CONFIRMATION_OK"
24287,10405984692,10405984733,1,"IOTHUB_CLIENT_CONFIRMATION_OK"
24288,10405984892,10405984939,1,"IOTHUB_CLIENT_CONFIRMATION_OK"
24289,10405985092,10405985132,1,"IOTHUB_CLIENT_CONFIRMATION_OK"
24290,10405985292,10405985325,1,"IOTHUB_CLIENT_CONFIRMATION_OK"
24291,10405985493,10405985526,1,"IOTHUB_CLIENT_CONFIRMATION_OK"
24292,10405985693,10405985746,1,"IOTHUB_CLIENT_CONFIRMATION_OK"
24293,10405985893,10405985927,1,"IOTHUB_CLIENT_CONFIRMATION_OK"
24294,10405986093,10405986296,1,"IOTHUB_CLIENT_CONFIRMATION_OK"
24295,10405986293,10405986337,1,"IOTHUB_CLIENT_CONFIRMATION_OK"
24296,10405986493,10405986536,1,"IOTHUB_CLIENT_CONFIRMATION_OK"
24297,10405986694,10405986950,1,"IOTHUB_CLIENT_CONFIRMATION_OK"
24298,10405986894,10405986974,1,"IOTHUB_CLIENT_CONFIRMATION_OK"
24299,10405987094,10405987138,1,"IOTHUB_CLIENT_CONFIRMATION_OK"
24300,10405987294,10405987331,1,"IOTHUB_CLIENT_CONFIRMATION_OK"
24301,10405987494,10405987546,1,"IOTHUB_CLIENT_CONFIRMATION_OK"
24302,10405987694,10405987728,1,"IOTHUB_CLIENT_CONFIRMATION_OK"
24303,10405987894,10405987939,1,"IOTHUB_CLIENT_CONFIRMATION_OK"
24304,10405988095,10405988159,1,"IOTHUB_CLIENT_CONFIRMATION_OK"
24305,10405988295,10405988335,1,"IOTHUB_CLIENT_CONFIRMATION_OK"
24306,10405988495,10405988532,1,"IOTHUB_CLIENT_CONFIRMATION_OK"
24307,10405988695,10405988735,1,"IOTHUB_CLIENT_CONFIRMATION_OK"
24308,10405988895,10405988997,1,"IOTHUB_CLIENT_CONFIRMATION_OK"
24309,10405989095,10405989130,1,"IOTHUB_CLIENT_CONFIRMATION_OK"
24310,10405989296,10405989334,1,"IOTHUB_CLIENT_CONFIRMATION_OK"
24311,10405989496,10405989534,1,"IOTHUB_CLIENT_CONFIRMATION_OK"
24312,10405989696,10405989741,1,"IOTHUB_CLIENT_CONFIRMATION_OK"
24313,10405989896,10405989933,1,"IOTHUB_CLIENT_CONFIRMATION_OK"
24314,10405990096,10405990138,1,"IOTHUB_CLIENT_CONFIRMATION_OK"
24315,10405990296,10405990352,1,"IOTHUB_CLIENT_CONFIRMATION_OK"
24316,10405990497,10405990729,1,"IOTHUB_CLIENT_CONFIRMATION_OK"
24317,10405990697,10405990749,1,"IOTHUB_CLIENT_CONFIRMATION_OK"
24318,10405990897,10405990948,1,"IOTHUB_CLIENT_CONFIRMATION_OK"
24319,10405991097,10405991132,1,"IOTHUB_CLIENT_CONFIRMATION_OK"
24320,10405991297,10405991353,1,"IOTHUB_CLIENT_CONFIRMATION_OK"
24321,10405991497,10405991539,1,"IOTHUB_CLIENT_CONFIRMATION_OK"
24322,10405991698,10405991741,1,"IOTHUB_CLIENT_CONFIRMATION_OK"
24323,10405991898,10405991962,1,"IOTHUB_CLIENT_CONFIRMATION_OK"
24324,10405992098,10405992141,1,"IOTHUB_CLIENT_CONFIRMATION_OK"
24325,10405992298,10405992348,1,"IOTHUB_CLIENT_CONFIRMATION_OK"
24326,10405992498,10405992557,1,"IOTHUB_CLIENT_CONFIRMATION_OK"
24327,10405992698,10405992741,1,"IOTHUB_CLIENT_CONFIRMATION_OK"
24328,10405992898,10405992938,1,"IOTHUB_CLIENT_CONFIRMATION_OK"
24329,10405993099,10405993191,1,"IOTHUB_CLIENT_CONFIRMATION_OK"
24330,10405993299,10405993336,1,"IOTHUB_CLIENT_CONFIRMATION_OK"
24331,10405993499,10405993537,1,"IOTHUB_CLIENT_CONFIRMATION_OK"
24332,10405993699,10405993772,1,"IOTHUB_CLIENT_CONFIRMATION_OK"
24333,10405993899,10405993945,1,"IOTHUB_CLIENT_CONFIRMATION_OK"
24334,10405994099,10405994135,1,"IOTHUB_CLIENT_CONFIRMATION_OK"
24335,10405994300,10405994408,1,"IOTHUB_CLIENT_CONFIRMATION_OK"
24336,10405994500,10405994539,1,"IOTHUB_CLIENT_CONFIRMATION_OK"
24337,10405994700,10405994737,1,"IOTHUB_CLIENT_CONFIRMATION_OK"
24338,10405994900,10405994940,1,"IOTHUB_CLIENT_CONFIRMATION_OK"
24339,10405995100,10405995150,1,"IOTHUB_CLIENT_CONFIRMATION_OK"
24340,10405995300,10405995338,1,"IOTHUB_CLIENT_CONFIRMATION_OK"
24341,10405995501,10405995551,1,"IOTHUB_CLIENT_CONFIRMATION_OK"
24342,10405995701,10405995740,1,"IOTHUB_CLIENT_CONFIRMATION_OK"
24343,10405995901,10405995942,1,"IOTHUB_CLIENT_CONFIRMATION_OK"
24344,10405996101,10405996134,1,"IOTHUB_CLIENT_CONFIRMATION_OK"
24345,10405996301,10405996336,1,"IOTHUB_CLIENT_CONFIRMATION_OK"
24346,10405996501,10405996570,1,"IOTHUB_CLIENT_CONFIRMATION_OK"
24347,10405996701,10405996736,1,"IOTHUB_CLIENT_CONFIRMATION_OK"
24348,10405996902,10405996940,1,"IOTHUB_CLIENT_CONFIRMATION_OK"
24349,10405997102,10405997137,1,"IOTHUB_CLIENT_CONFIRMATION_OK"
24350,10405997302,10405997338,1,"IOTHUB_CLIENT_CONFIRMATION_OK"
24351,10405997502,10405997705,1,"IOTHUB_CLIENT_CONFIRMATION_OK"
24352,10405997702,10405997741,1,"IOTHUB_CLIENT_CONFIRMATION_OK"
24353,10405997902,10405997937,1,"IOTHUB_CLIENT_CONFIRMATION_OK"
24354,10405998103,10405998303,1,"IOTHUB_CLIENT_CONFIRMATION_OK"
24355,10405998303,10405998337,1,"IOTHUB_CLIENT_CONFIRMATION_OK"
24356,10405998503,10405998541,1,"IOTHUB_CLIENT_CONFIRMATION_OK"
24357,10405998703,10405998903,1,"IOTHUB_CLIENT_CONFIRMATION_OK"
24358,10405998903,10405998943,1,"IOTHUB_CLIENT_CONFIRMATION_OK"
24359,10405999103,10405999138,1,"IOTHUB_CLIENT_CONFIRMATION_OK"
24360,10405999303,10405999341,1,"IOTHUB_CLIENT_CONFIRMATION_OK"
24361,10405999504,10405999558,1,"IOTHUB_CLIENT_CONFIRMATION_OK"
24362,10405999704,10405999739,1,"IOTHUB_CLIENT_CONFIRMATION_OK"
24363,10405999904,10405999950,1,"IOTHUB_CLIENT_CONFIRMATION_OK"
24364,10406000104,10406000146,1,"IOTHUB_CLIENT_CONFIRMATION_OK"
24365,10406000304,10406000353,1,"IOTHUB_CLIENT_CONFIRMATION_OK"
24366,10406000504,10406000540,1,"IOTHUB_CLIENT_CONFIRMATION_OK"
24367,10406000704,10406000742,1,"IOTHUB_CLIENT_CONFIRMATION_OK"
24368,10406000905,10406000943,1,"IOTHUB_CLIENT_CONFIRMATION_OK"
24369,10406001105,10406001148,1,"IOTHUB_CLIENT_CONFIRMATION_OK"
24370,10406001305,10406001374,1,"IOTHUB_CLIENT_CONFIRMATION_OK"
24371,10406001505,10406001555,1,"IOTHUB_CLIENT_CONFIRMATION_OK"
24372,10406001705,10406001748,1,"IOTHUB_CLIENT_CONFIRMATION_OK"
24373,10406001905,10406001964,1,"IOTHUB_CLIENT_CONFIRMATION_OK"
24374,10406002106,10406002145,1,"IOTHUB_CLIENT_CONFIRMATION_OK"
24375,10406002306,10406002350,1,"IOTHUB_CLIENT_CONFIRMATION_OK"
24376,10406002506,10406002573,1,"IOTHUB_CLIENT_CONFIRMATION_OK"
24377,10406002706,10406002743,1,"IOTHUB_CLIENT_CONFIRMATION_OK"
24378,10406002906,10406002955,1,"IOTHUB_CLIENT_CONFIRMATION_OK"
24379,10406003106,10406003149,1,"IOTHUB_CLIENT_CONFIRMATION_OK"
24380,10406003306,10406003340,1,"IOTHUB_CLIENT_CONFIRMATION_OK"
24381,10406003507,10406003543,1,"IOTHUB_CLIENT_CONFIRMATION_OK"
24382,10406003707,10406003744,1,"IOTHUB_CLIENT_CONFIRMATION_OK"
24383,10406003907,10406003955,1,"IOTHUB_CLIENT_CONFIRMATION_OK"
24384,10406004107,10406004145,1,"IOTHUB_CLIENT_CONFIRMATION_OK"
24385,10406004307,10406004473,1,"IOTHUB_CLIENT_CONFIRMATION_OK"
24386,10406004507,10406004655,1,"IOTHUB_CLIENT_CONFIRMATION_OK"
24387,10406004708,10406004743,1,"IOTHUB_CLIENT_CONFIRMATION_OK"
24388,10406004908,10406004952,1,"IOTHUB_CLIENT_CONFIRMATION_OK"
24389,10406005108,10406005159,1,"IOTHUB_CLIENT_CONFIRMATION_OK"
24390,10406005308,10406005394,1,"IOTHUB_CLIENT_CONFIRMATION_OK"
24391,10406005508,10406005541,1,"IOTHUB_CLIENT_CONFIRMATION_OK"
24392,10406005708,10406005868,1,"IOTHUB_CLIENT_CONFIRMATION_OK"
24393,10406005908,10406005944,1,"IOTHUB_CLIENT_CONFIRMATION_OK"
24394,10406006109,10406006161,1,"IOTHUB_CLIENT_CONFIRMATION_OK"
24395,10406006309,10406006499,1,"IOTHUB_CLIENT_CONFIRMATION_OK"
24396,10406006509,10406006551,1,"IOTHUB_CLIENT_CONFIRMATION_OK"
24397,10406006709,10406006746,1,"IOTHUB_CLIENT_CONFIRMATION_OK"
24398,10406006909,10406006965,1,"IOTHUB_CLIENT_CONFIRMATION_OK"
24399,10406007109,10406007165,1,"IOTHUB_CLIENT_CONFIRMATION_OK"
24400,10406007310,10406007348,1,"IOTHUB_CLIENT_CONFIRMATION_OK"
24401,10406007510,10406007634,1,"IOTHUB_CLIENT_CONFIRMATION_OK"
24402,10406007710,10406007748,1,"IOTHUB_CLIENT_CONFIRMATION_OK"
24403,10406007910,10406007943,1,"IOTHUB_CLIENT_CONFIRMATION_OK"
24404,10406008110,10406008145,1,"IOTHUB_CLIENT_CONFIRMATION_OK"
24405,10406008310,10406008364,1,"IOTHUB_CLIENT_CONFIRMATION_OK"
24406,10406008511,10406008553,1,"IOTHUB_CLIENT_CONFIRMATION_OK"
24407,10406008711,10406008753,1,"IOTHUB_CLIENT_CONFIRMATION_OK"
24408,10406008911,10406008983,1,"IOTHUB_CLIENT_CONFIRMATION_OK"
24409,10406009111,10406009146,1,"IOTHUB_CLIENT_CONFIRMATION_OK"
24410,10406009311,10406009402,1,"IOTHUB_CLIENT_CONFIRMATION_OK"
24411,10406009511,10406009661,1,"IOTHUB_CLIENT_CONFIRMATION_OK"
24412,10406009711,10406009755,1,"IOTHUB_CLIENT_CONFIRMATION_OK"
24413,10406009912,10406009957,1,"IOTHUB_CLIENT_CONFIRMATION_OK"
24414,10406010112,10406010231,1,"IOTHUB_CLIENT_CONFIRMATION_OK"
24415,10406010312,10406010348,1,"IOTHUB_CLIENT_CONFIRMATION_OK"
24416,10406010512,10406010547,1,"IOTHUB_CLIENT_CONFIRMATION_OK"
24417,10406010712,10406010846,1,"IOTHUB_CLIENT_CONFIRMATION_OK"
24418,10406010912,10406010965,1,"IOTHUB_CLIENT_CONFIRMATION_OK"
24419,10406011113,10406011158,1,"IOTHUB_CLIENT_CONFIRMATION_OK"
24420,10406011313,10406011372,1,"IOTHUB_CLIENT_CONFIRMATION_OK"
24421,10406011513,10406011556,1,"IOTHUB_CLIENT_CONFIRMATION_OK"
24422,10406011713,10406011771,1,"IOTHUB_CLIENT_CONFIRMATION_OK"
24423,10406011913,10406011965,1,"IOTHUB_CLIENT_CONFIRMATION_OK"
24424,10406012113,10406012154,1,"IOTHUB_CLIENT_CONFIRMATION_OK"
24425,10406012313,10406012357,1,"IOTHUB_CLIENT_CONFIRMATION_OK"
24426,10406012514,10406012565,1,"IOTHUB_CLIENT_CONFIRMATION_OK"
24427,10406012714,10406012754,1,"IOTHUB_CLIENT_CONFIRMATION_OK"
24428,10406012914,10406012966,1,"IOTHUB_CLIENT_CONFIRMATION_OK"
24429,10406013114,10406013162,1,"IOTHUB_CLIENT_CONFIRMATION_OK"
24430,10406013314,10406013359,1,"IOTHUB_CLIENT_CONFIRMATION_OK"
24431,10406013514,10406013565,1,"IOTHUB_CLIENT_CONFIRMATION_OK"
24432,10406013715,10406013775,1,"IOTHUB_CLIENT_CONFIRMATION_OK"
24433,10406013915,10406014015,1,"IOTHUB_CLIENT_CONFIRMATION_OK"
24434,10406014115,10406014153,1,"IOTHUB_CLIENT_CONFIRMATION_OK"
24435,10406014315,10406014379,1,"IOTHUB_CLIENT_CONFIRMATION_OK"
24436,10406014515,10406014633,1,"IOTHUB_CLIENT_CONFIRMATION_OK"
24437,10406014715,10406014791,1,"IOTHUB_CLIENT_CONFIRMATION_OK"
24438,10406014916,10406014958,1,"IOTHUB_CLIENT_CONFIRMATION_OK"
24439,10406015116,10406015159,1,"IOTHUB_CLIENT_CONFIRMATION_OK"
24440,10406015316,10406015377,1,"IOTHUB_CLIENT_CONFIRMATION_OK"
24441,10406015516,10406015553,1,"IOTHUB_CLIENT_CONFIRMATION_OK"
24442,10406015716,10406015752,1,"IOTHUB_CLIENT_CONFIRMATION_OK"
24443,10406015916,10406015952,1,"IOTHUB_CLIENT_CONFIRMATION_OK"
24444,10406016116,10406016154,1,"IOTHUB_CLIENT_CONFIRMATION_OK"
24445,10406016317,10406016373,1,"IOTHUB_CLIENT_CONFIRMATION_OK"
24446,10406016517,10406016556,1,"IOTHUB_CLIENT_CONFIRMATION_OK"
24447,10406016717,10406016759,1,"IOTHUB_CLIENT_CONFIRMATION_OK"
24448,10406016917,10406017030,1,"IOTHUB_CLIENT_CONFIRMATION_OK"
24449,10406017117,10406017151,1,"IOTHUB_CLIENT_CONFIRMATION_OK"
24450,10406017317,10406017374,1,"IOTHUB_CLIENT_CONFIRMATION_OK"
24451,10406017518,10406017581,1,"IOTHUB_CLIENT_CONFIRMATION_OK"
24452,10406017718,10406017768,1,"IOTHUB_CLIENT_CONFIRMATION_OK"
24453,10406017918,10406017964,1,"IOTHUB_CLIENT_CONFIRMATION_OK"
24454,10406018118,10406018159,1,"IOTHUB_CLIENT_CONFIRMATION_OK"
24455,10406018318,10406018357,1,"IOTHUB_CLIENT_CONFIRMATION_OK"
24456,10406018518,10406018555,1,"IOTHUB_CLIENT_CONFIRMATION_OK"
24457,10406018719,10406018769,1,"IOTHUB_CLIENT_CONFIRMATION_OK"
24458,10406018919,10406018959,1,"IOTHUB_CLIENT_CONFIRMATION_OK"
24459,10406019119,10406019161,1,"IOTHUB_CLIENT_CONFIRMATION_OK"
24460,10406019319,10406019368,1,"IOTHUB_CLIENT_CONFIRMATION_OK"
24461,10406019519,10406019570,1,"IOTHUB_CLIENT_CONFIRMATION_OK"
24462,10406019719,10406019772,1,"IOTHUB_CLIENT_CONFIRMATION_OK"
24463,10406019920,10406019962,1,"IOTHUB_CLIENT_CONFIRMATION_OK"
24464,10406020120,10406020173,1,"IOTHUB_CLIENT_CONFIRMATION_OK"
24465,10406020320,10406020383,1,"IOTHUB_CLIENT_CONFIRMATION_OK"
24466,10406020520,10406020604,1,"IOTHUB_CLIENT_CONFIRMATION_OK"
24467,10406020720,10406020762,1,"IOTHUB_CLIENT_CONFIRMATION_OK"
24468,10406020920,10406021007,1,"IOTHUB_CLIENT_CONFIRMATION_OK"
24469,10406021120,10406021155,1,"IOTHUB_CLIENT_CONFIRMATION_OK"
24470,10406021321,10406021359,1,"IOTHUB_CLIENT_CONFIRMATION_OK"
24471,10406021521,10406021610,1,"IOTHUB_CLIENT_CONFIRMATION_OK"
24472,10406021721,10406021759,1,"IOTHUB_CLIENT_CONFIRMATION_OK"
24473,10406021921,10406021978,1,"IOTHUB_CLIENT_CONFIRMATION_OK"
24474,10406022121,10406022261,1,"IOTHUB_CLIENT_CONFIRMATION_OK"
24475,10406022321,10406022385,1,"IOTHUB_CLIENT_CONFIRMATION_OK"
24476,10406022522,10406022569,1,"IOTHUB_CLIENT_CONFIRMATION_OK"
24477,10406022722,10406022827,1,"IOTHUB_CLIENT_CONFIRMATION_OK"
24478,10406022922,10406022958,1,"IOTHUB_CLIENT_CONFIRMATION_OK"
24479,10406023122,10406023159,1,"IOTHUB_CLIENT_CONFIRMATION_OK"
24480,10406023322,10406023388,1,"IOTHUB_CLIENT_CONFIRMATION_OK"
24481,10406023522,10406023564,1,"IOTHUB_CLIENT_CONFIRMATION_OK"
24482,10406023723,10406023785,1,"IOTHUB_CLIENT_CONFIRMATION_OK"
24483,10406023923,10406023966,1,"IOTHUB_CLIENT_CONFIRMATION_OK"
24484,10406024123,10406024187,1,"IOTHUB_CLIENT_CONFIRMATION_OK"
24485,10406024323,10406024364,1,"IOTHUB_CLIENT_CONFIRMATION_OK"
24486,10406024523,10406024577,1,"IOTHUB_CLIENT_CONFIRMATION_OK"
24487,10406024724,10406024766,1,"IOTHUB_CLIENT_CONFIRMATION_OK"
24488,10406024924,10406024960,1,"IOTHUB_CLIENT_CONFIRMATION_OK"
24489,10406025124,10406025166,1,"IOTHUB_CLIENT_CONFIRMATION_OK"
24490,10406025324,10406025376,1,"IOTHUB_CLIENT_CONFIRMATION_OK"
24491,10406025524,10406025569,1,"IOTHUB_CLIENT_CONFIRMATION_OK"
24492,10406025724,10406025771,1,"IOTHUB_CLIENT_CONFIRMATION_OK"
24493,10406025924,10406025985,1,"IOTHUB_CLIENT_CONFIRMATION_OK"
24494,10406026125,10406026164,1,"IOTHUB_CLIENT_CONFIRMATION_OK"
24495,10406026325,10406026365,1,"IOTHUB_CLIENT_CONFIRMATION_OK"
24496,10406026525,10406026593,1,"IOTHUB_CLIENT_CONFIRMATION_OK"
24497,10406026725,10406026770,1,"IOTHUB_CLIENT_CONFIRMATION_OK"
24498,10406026925,10406026973,1,"IOTHUB_CLIENT_CONFIRMATION_OK"
24499,10406027125,10406027167,1,"IOTHUB_CLIENT_CONFIRMATION_OK"
24500,10406027326,10406027364,1,"IOTHUB_CLIENT_CONFIRMATION_OK"
24501,10406027526,10406027568,1,"IOTHUB_CLIENT_CONFIRMATION_OK"
24502,10406027726,10406027764,1,"IOTHUB_CLIENT_CONFIRMATION_OK"
24503,10406027926,10406027969,1,"IOTHUB_CLIENT_CONFIRMATION_OK"
24504,10406028126,10406028165,1,"IOTHUB_CLIENT_CONFIRMATION_OK"
24505,10406028326,10406028373,1,"IOTHUB_CLIENT_CONFIRMATION_OK"
24506,10406028527,10406028651,1,"IOTHUB_CLIENT_CONFIRMATION_OK"
24507,10406028727,10406028763,1,"IOTHUB_CLIENT_CONFIRMATION_OK"
24508,10406028927,10406028963,1,"IOTHUB_CLIENT_CONFIRMATION_OK"
24509,10406029127,10406029269,1,"IOTHUB_CLIENT_CONFIRMATION_OK"
24510,10406029327,10406029368,1,"IOTHUB_CLIENT_CONFIRMATION_OK"
24511,10406029527,10406029571,1,"IOTHUB_CLIENT_CONFIRMATION_OK"
24512,10406029727,10406030103,1,"IOTHUB_CLIENT_CONFIRMATION_OK"
24513,10406029928,10406030483,1,"IOTHUB_CLIENT_CONFIRMATION_OK"
24514,10406030128,10406030603,1,"IOTHUB_CLIENT_CONFIRMATION_OK"
24515,10406030328,10406030674,1,"IOTHUB_CLIENT_CONFIRMATION_OK"
24516,10406030528,10406030699,1,"IOTHUB_CLIENT_CONFIRMATION_OK"
24517,10406030728,10406030787,1,"IOTHUB_CLIENT_CONFIRMATION_OK"
24518,10406030928,10406030970,1,"IOTHUB_CLIENT_CONFIRMATION_OK"
24519,10406031129,10406031170,1,"IOTHUB_CLIENT_CONFIRMATION_OK"
24520,10406031329,10406031373,1,"IOTHUB_CLIENT_CONFIRMATION_OK"
24521,10406031529,10406031567,1,"IOTHUB_CLIENT_CONFIRMATION_OK"
24522,10406031729,10406031785,1,"IOTHUB_CLIENT_CONFIRMATION_OK"
24523,10406031929,10406031966,1,"IOTHUB_CLIENT_CONFIRMATION_OK"
24524,10406032129,10406032165,1,"IOTHUB_CLIENT_CONFIRMATION_OK"
24525,10406032329,10406032421,1,"IOTHUB_CLIENT_CONFIRMATION_OK"
24526,10406032530,10406032582,1,"IOTHUB_CLIENT_CONFIRMATION_OK"
24527,10406032730,10406032777,1,"IOTHUB_CLIENT_CONFIRMATION_OK"
24528,10406032930,10406033018,1,"IOTHUB_CLIENT_CONFIRMATION_OK"
24529,10406033130,10406033195,1,"IOTHUB_CLIENT_CONFIRMATION_OK"
24530,10406033330,10406033374,1,"IOTHUB_CLIENT_CONFIRMATION_OK"
24531,10406033530,10406033727,1,"IOTHUB_CLIENT_CONFIRMATION_OK"
24532,10406033731,10406033768,1,"IOTHUB_CLIENT_CONFIRMATION_OK"
24533,10406033931,10406033969,1,"IOTHUB_CLIENT_CONFIRMATION_OK"
24534,10406034131,10406034294,1,"IOTHUB_CLIENT_CONFIRMATION_OK"
24535,10406034331,10406034377,1,"IOTHUB_CLIENT_CONFIRMATION_OK"
24536,10406034531,10406034568,1,"IOTHUB_CLIENT_CONFIRMATION_OK"
24537,10406034731,10406034890,1,"IOTHUB_CLIENT_CONFIRMATION_OK"
24538,10406034932,10406034969,1,"IOTHUB_CLIENT_CONFIRMATION_OK"
24539,10406035132,10406035167,1,"IOTHUB_CLIENT_CONFIRMATION_OK"
24540,10406035332,10406035387,1,"IOTHUB_CLIENT_CONFIRMATION_OK"
24541,10406035532,10406035589,1,"IOTHUB_CLIENT_CONFIRMATION_OK"
24542,10406035732,10406035775,1,"IOTHUB_CLIENT_CONFIRMATION_OK"
24543,10406035932,10406035968,1,"IOTHUB_CLIENT_CONFIRMATION_OK"
24544,10406036133,10406036177,1,"IOTHUB_CLIENT_CONFIRMATION_OK"
24545,10406036333,10406036375,1,"IOTHUB_CLIENT_CONFIRMATION_OK"
24546,10406036533,10406036586,1,"IOTHUB_CLIENT_CONFIRMATION_OK"
24547,10406036733,10406036774,1,"IOTHUB_CLIENT_CONFIRMATION_OK"
24548,10406036933,10406036992,1,"IOTHUB_CLIENT_CONFIRMATION_OK"
24549,10406037133,10406037226,1,"IOTHUB_CLIENT_CONFIRMATION_OK"
24550,10406037333,10406037430,1,"IOTHUB_CLIENT_CONFIRMATION_OK"
24551,10406037534,10406037567,1,"IOTHUB_CLIENT_CONFIRMATION_OK"
24552,10406037734,10406037785,1,"IOTHUB_CLIENT_CONFIRMATION_OK"
24553,10406037934,10406038137,1,"IOTHUB_CLIENT_CONFIRMATION_OK"
24554,10406038134,10406038173,1,"IOTHUB_CLIENT_CONFIRMATION_OK"
24555,10406038334,10406038372,1,"IOTHUB_CLIENT_CONFIRMATION_OK"
24556,10406038534,10406038743,1,"IOTHUB_CLIENT_CONFIRMATION_OK"
24557,10406038735,10406038777,1,"IOTHUB_CLIENT_CONFIRMATION_OK"
24558,10406038935,10406039032,1,"IOTHUB_CLIENT_CONFIRMATION_OK"
24559,10406039135,10406039175,1,"IOTHUB_CLIENT_CONFIRMATION_OK"
24560,10406039335,10406039369,1,"IOTHUB_CLIENT_CONFIRMATION_OK"
24561,10406039535,10406039601,1,"IOTHUB_CLIENT_CONFIRMATION_OK"
24562,10406039735,10406039774,1,"IOTHUB_CLIENT_CONFIRMATION_OK"
24563,10406039936,10406039974,1,"IOTHUB_CLIENT_CONFIRMATION_OK"
24564,10406040136,10406040237,1,"IOTHUB_CLIENT_CONFIRMATION_OK"
24565,10406040336,10406040371,1,"IOTHUB_CLIENT_CONFIRMATION_OK"
24566,10406040536,10406040578,1,"IOTHUB_CLIENT_CONFIRMATION_OK"
24567,10406040736,10406040786,1,"IOTHUB_CLIENT_CONFIRMATION_OK"
24568,10406040936,10406040979,1,"IOTHUB_CLIENT_CONFIRMATION_OK"
24569,10406041136,10406041189,1,"IOTHUB_CLIENT_CONFIRMATION_OK"
24570,10406041337,10406041375,1,"IOTHUB_CLIENT_CONFIRMATION_OK"
24571,10406041537,10406041577,1,"IOTHUB_CLIENT_CONFIRMATION_OK"
24572,10406041737,10406041823,1,"IOTHUB_CLIENT_CONFIRMATION_OK"
24573,10406041937,10406041973,1,"IOTHUB_CLIENT_CONFIRMATION_OK"
24574,10406042137,10406042207,1,"IOTHUB_CLIENT_CONFIRMATION_OK"
24575,10406042337,10406042426,1,"IOTHUB_CLIENT_CONFIRMATION_OK"
24576,10406042538,10406042576,1,"IOTHUB_CLIENT_CONFIRMATION_OK"
24577,10406042738,10406042781,1,"IOTHUB_CLIENT_CONFIRMATION_OK"
24578,10406042938,10406043001,1,"IOTHUB_CLIENT_CONFIRMATION_OK"
24579,10406043138,10406043180,1,"IOTHUB_CLIENT_CONFIRMATION_OK"
24580,10406043338,10406043380,1,"IOTHUB_CLIENT_CONFIRMATION_OK"
24581,10406043538,10406043581,1,"IOTHUB_CLIENT_CONFIRMATION_OK"
24582,10406043739,10406043787,1,"IOTHUB_CLIENT_CONFIRMATION_OK"
24583,10406043939,10406043973,1,"IOTHUB_CLIENT_CONFIRMATION_OK"
24584,10406044139,10406044176,1,"IOTHUB_CLIENT_CONFIRMATION_OK"
24585,10406044339,10406044376,1,"IOTHUB_CLIENT_CONFIRMATION_OK"
24586,10406044539,10406044579,1,"IOTHUB_CLIENT_CONFIRMATION_OK"
24587,10406044739,10406044779,1,"IOTHUB_CLIENT_CONFIRMATION_OK"
24588,10406044939,10406044984,1,"IOTHUB_CLIENT_CONFIRMATION_OK"
24589,10406045140,10406045180,1,"IOTHUB_CLIENT_CONFIRMATION_OK"
24590,10406045340,10406045384,1,"IOTHUB_CLIENT_CONFIRMATION_OK"
24591,10406045540,10406045582,1,"IOTHUB_CLIENT_CONFIRMATION_OK"
24592,10406045740,10406045792,1,"IOTHUB_CLIENT_CONFIRMATION_OK"
24593,10406045940,10406045986,1,"IOTHUB_CLIENT_CONFIRMATION_OK"
24594,10406046140,10406046329,1,"IOTHUB_CLIENT_CONFIRMATION_OK"
24595,10406046341,10406046455,1,"IOTHUB_CLIENT_CONFIRMATION_OK"
24596,10406046541,10406046578,1,"IOTHUB_CLIENT_CONFIRMATION_OK"
24597,10406046741,10406046927,1,"IOTHUB_CLIENT_CONFIRMATION_OK"
24598,10406046941,10406047007,1,"IOTHUB_CLIENT_CONFIRMATION_OK"
24599,10406047141,10406047198,1,"IOTHUB_CLIENT_CONFIRMATION_OK"
24600,10406047341,10406047375,1,"IOTHUB_CLIENT_CONFIRMATION_OK"
24601,10406047542,10406047579,1,"IOTHUB_CLIENT_CONFIRMATION_OK"
24602,10406047742,10406047780,1,"IOTHUB_CLIENT_CONFIRMATION_OK"
24603,10406047942,10406047986,1,"IOTHUB_CLIENT_CONFIRMATION_OK"
24604,10406048142,10406048179,1,"IOTHUB_CLIENT_CONFIRMATION_OK"
24605,10406048342,10406048380,1,"IOTHUB_CLIENT_CONFIRMATION_OK"
24606,10406048542,10406048582,1,"IOTHUB_CLIENT_CONFIRMATION_OK"
24607,10406048743,10406048790,1,"IOTHUB_CLIENT_CONFIRMATION_OK"
24608,10406048943,10406048990,1,"IOTHUB_CLIENT_CONFIRMATION_OK"
24609,10406049143,10406049178,1,"IOTHUB_CLIENT_CONFIRMATION_OK"
24610,10406049343,10406049417,1,"IOTHUB_CLIENT_CONFIRMATION_OK"
24611,10406049543,10406049591,1,"IOTHUB_CLIENT_CONFIRMATION_OK"
24612,10406049743,10406049779,1,"IOTHUB_CLIENT_CONFIRMATION_OK"
24613,10406049944,10406050014,1,"IOTHUB_CLIENT_CONFIRMATION_OK"
24614,10406050144,10406050189,1,"IOTHUB_CLIENT_CONFIRMATION_OK"
24615,10406050344,10406050382,1,"IOTHUB_CLIENT_CONFIRMATION_OK"
24616,10406050544,10406050640,1,"IOTHUB_CLIENT_CONFIRMATION_OK"
24617,10406050744,10406050833,1,"IOTHUB_CLIENT_CONFIRMATION_OK"
24618,10406050944,10406050991,1,"IOTHUB_CLIENT_CONFIRMATION_OK"
24619,10406051145,10406051177,1,"IOTHUB_CLIENT_CONFIRMATION_OK"
24620,10406051345,10406051385,1,"IOTHUB_CLIENT_CONFIRMATION_OK"
24621,10406051545,10406051584,1,"IOTHUB_CLIENT_CONFIRMATION_OK"
24622,10406051745,10406051780,1,"IOTHUB_CLIENT_CONFIRMATION_OK"
24623,10406051945,10406052063,1,"IOTHUB_CLIENT_CONFIRMATION_OK"
24624,10406052145,10406052253,1,"IOTHUB_CLIENT_CONFIRMATION_OK"
24625,10406052345,10406052393,1,"IOTHUB_CLIENT_CONFIRMATION_OK"
24626,10406052546,10406052591,1,"IOTHUB_CLIENT_CONFIRMATION_OK"
24627,10406052746,10406052789,1,"IOTHUB_CLIENT_CONFIRMATION_OK"
24628,10406052946,10406052990,1,"IOTHUB_CLIENT_CONFIRMATION_OK"
24629,10406053146,10406053190,1,"IOTHUB_CLIENT_CONFIRMATION_OK"
24630,10406053346,10406053409,1,"IOTHUB_CLIENT_CONFIRMATION_OK"
24631,10406053546,10406053601,1,"IOTHUB_CLIENT_CONFIRMATION_OK"
24632,10406053747,10406053836,1,"IOTHUB_CLIENT_CONFIRMATION_OK"
24633,10406053947,10406053987,1,"IOTHUB_CLIENT_CONFIRMATION_OK"
24634,10406054147,10406054187,1,"IOTHUB_CLIENT_CONFIRMATION_OK"
24635,10406054347,10406054384,1,"IOTHUB_CLIENT_CONFIRMATION_OK"
24636,10406054547,10406054586,1,"IOTHUB_CLIENT_CONFIRMATION_OK"
24637,10406054747,10406054792,1,"IOTHUB_CLIENT_CONFIRMATION_OK"
24638,10406054948,10406054982,1,"IOTHUB_CLIENT_CONFIRMATION_OK"
24639,10406055148,10406055203,1,"IOTHUB_CLIENT_CONFIRMATION_OK"
24640,10406055348,10406055445,1,"IOTHUB_CLIENT_CONFIRMATION_OK"
24641,10406055548,10406055617,1,"IOTHUB_CLIENT_CONFIRMATION_OK"
24642,10406055748,10406055814,1,"IOTHUB_CLIENT_CONFIRMATION_OK"
24643,10406055948,10406055989,1,"IOTHUB_CLIENT_CONFIRMATION_OK"
24644,10406056149,10406056194,1,"IOTHUB_CLIENT_CONFIRMATION_OK"
24645,10406056349,10406056482,1,"IOTHUB_CLIENT_CONFIRMATION_OK"
24646,10406056549,10406056594,1,"IOTHUB_CLIENT_CONFIRMATION_OK"
24647,10406056749,10406056787,1,"IOTHUB_CLIENT_CONFIRMATION_OK"
24648,10406056949,10406057043,1,"IOTHUB_CLIENT_CONFIRMATION_OK"
24649,10406057149,10406057202,1,"IOTHUB_CLIENT_CONFIRMATION_OK"
24650,10406057350,10406057428,1,"IOTHUB_CLIENT_CONFIRMATION_OK"
24651,10406057550,10406057649,1,"IOTHUB_CLIENT_CONFIRMATION_OK"
24652,10406057750,10406057792,1,"IOTHUB_CLIENT_CONFIRMATION_OK"
24653,10406057950,10406057991,1,"IOTHUB_CLIENT_CONFIRMATION_OK"
24654,10406058150,10406058252,1,"IOTHUB_CLIENT_CONFIRMATION_OK"
24655,10406058350,10406058394,1,"IOTHUB_CLIENT_CONFIRMATION_OK"
24656,10406058551,10406058617,1,"IOTHUB_CLIENT_CONFIRMATION_OK"
24657,10406058751,10406058868,1,"IOTHUB_CLIENT_CONFIRMATION_OK"
24658,10406058951,10406059031,1,"IOTHUB_CLIENT_CONFIRMATION_OK"
24659,10406059151,10406059192,1,"IOTHUB_CLIENT_CONFIRMATION_OK"
24660,10406059351,10406059394,1,"IOTHUB_CLIENT_CONFIRMATION_OK"
24661,10406059551,10406059614,1,"IOTHUB_CLIENT_CONFIRMATION_OK"
24662,10406059751,10406059817,1,"IOTHUB_CLIENT_CONFIRMATION_OK"
24663,10406059952,10406059992,1,"IOTHUB_CLIENT_CONFIRMATION_OK"
24664,10406060152,10406060199,1,"IOTHUB_CLIENT_CONFIRMATION_OK"
24665,10406060352,10406060395,1,"IOTHUB_CLIENT_CONFIRMATION_OK"
24666,10406060552,10406060594,1,"IOTHUB_CLIENT_CONFIRMATION_OK"
24667,10406060752,10406060797,1,"IOTHUB_CLIENT_CONFIRMATION_OK"
24668,10406060952,10406061005,1,"IOTHUB_CLIENT_CONFIRMATION_OK"
24669,10406061153,10406061191,1,"IOTHUB_CLIENT_CONFIRMATION_OK"
24670,10406061353,10406061394,1,"IOTHUB_CLIENT_CONFIRMATION_OK"
24671,10406061553,10406061622,1,"IOTHUB_CLIENT_CONFIRMATION_OK"
24672,10406061753,10406061795,1,"IOTHUB_CLIENT_CONFIRMATION_OK"
24673,10406061953,10406062000,1,"IOTHUB_CLIENT_CONFIRMATION_OK"
24674,10406062153,10406062209,1,"IOTHUB_CLIENT_CONFIRMATION_OK"
24675,10406062354,10406062433,1,"IOTHUB_CLIENT_CONFIRMATION_OK"
24676,10406062554,10406062619,1,"IOTHUB_CLIENT_CONFIRMATION_OK"
24677,10406062754,10406062792,1,"IOTHUB_CLIENT_CONFIRMATION_OK"
24678,10406062954,10406062994,1,"IOTHUB_CLIENT_CONFIRMATION_OK"
24679,10406063154,10406063199,1,"IOTHUB_CLIENT_CONFIRMATION_OK"
24680,10406063354,10406063397,1,"IOTHUB_CLIENT_CONFIRMATION_OK"
24681,10406063555,10406063595,1,"IOTHUB_CLIENT_CONFIRMATION_OK"
24682,10406063755,10406063802,1,"IOTHUB_CLIENT_CONFIRMATION_OK"
24683,10406063955,10406064020,1,"IOTHUB_CLIENT_CONFIRMATION_OK"
24684,10406064155,10406064188,1,"IOTHUB_CLIENT_CONFIRMATION_OK"
24685,10406064355,10406064404,1,"IOTHUB_CLIENT_CONFIRMATION_OK"
24686,10406064555,10406064659,1,"IOTHUB_CLIENT_CONFIRMATION_OK"
24687,10406064755,10406064791,1,"IOTHUB_CLIENT_CONFIRMATION_OK"
24688,10406064956,10406064997,1,"IOTHUB_CLIENT_CONFIRMATION_OK"
24689,10406065156,10406065398,1,"IOTHUB_CLIENT_CONFIRMATION_OK"
24690,10406065356,10406065427,1,"IOTHUB_CLIENT_CONFIRMATION_OK"
24691,10406065556,10406065600,1,"IOTHUB_CLIENT_CONFIRMATION_OK"
24692,10406065756,10406065814,1,"IOTHUB_CLIENT_CONFIRMATION_OK"
24693,10406065956,10406066007,1,"IOTHUB_CLIENT_CONFIRMATION_OK"
24694,10406066156,10406066198,1,"IOTHUB_CLIENT_CONFIRMATION_OK"
24695,10406066357,10406066408,1,"IOTHUB_CLIENT_CONFIRMATION_OK"
24696,10406066557,10406066607,1,"IOTHUB_CLIENT_CONFIRMATION_OK"
24697,10406066757,10406066792,1,"IOTHUB_CLIENT_CONFIRMATION_OK"
24698,10406066957,10406067004,1,"IOTHUB_CLIENT_CONFIRMATION_OK"
24699,10406067157,10406067195,1,"IOTHUB_CLIENT_CONFIRMATION_OK"
24700,10406067357,10406067407,1,"IOTHUB_CLIENT_CONFIRMATION_OK"
24701,10406067558,10406067593,1,"IOTHUB_CLIENT_CONFIRMATION_OK"
24702,10406067758,10406067802,1,"IOTHUB_CLIENT_CONFIRMATION_OK"
24703,10406067958,10406068024,1,"IOTHUB_CLIENT_CONFIRMATION_OK"
24704,10406068158,10406068257,1,"IOTHUB_CLIENT_CONFIRMATION_OK"
24705,10406068358,10406068491,1,"IOTHUB_CLIENT_CONFIRMATION_OK"
24706,10406068558,10406068606,1,"IOTHUB_CLIENT_CONFIRMATION_OK"
24707,10406068758,10406068799,1,"IOTHUB_CLIENT_CONFIRMATION_OK"
24708,10406068959,10406068999,1,"IOTHUB_CLIENT_CONFIRMATION_OK"
24709,10406069159,10406069204,1,"IOTHUB_CLIENT_CONFIRMATION_OK"
24710,10406069359,10406069414,1,"IOTHUB_CLIENT_CONFIRMATION_OK"
24711,10406069559,10406069639,1,"IOTHUB_CLIENT_CONFIRMATION_OK"
24712,10406069759,10406069827,1,"IOTHUB_CLIENT_CONFIRMATION_OK"
24713,10406069959,10406070001,1,"IOTHUB_CLIENT_CONFIRMATION_OK"
24714,10406070160,10406070193,1,"IOTHUB_CLIENT_CONFIRMATION_OK"
24715,10406070360,10406070401,1,"IOTHUB_CLIENT_CONFIRMATION_OK"
24716,10406070560,10406070625,1,"IOTHUB_CLIENT_CONFIRMATION_OK"
24717,10406070760,10406070841,1,"IOTHUB_CLIENT_CONFIRMATION_OK"
24718,10406070960,10406071015,1,"IOTHUB_CLIENT_CONFIRMATION_OK"
24719,10406071160,10406071220,1,"IOTHUB_CLIENT_CONFIRMATION_OK"
24720,10406071361,10406071422,1,"IOTHUB_CLIENT_CONFIRMATION_OK"
24721,10406071561,10406071631,1,"IOTHUB_CLIENT_CONFIRMATION_OK"
24722,10406071761,10406071841,1,"IOTHUB_CLIENT_CONFIRMATION_OK"
24723,10406071961,10406072008,1,"IOTHUB_CLIENT_CONFIRMATION_OK"
24724,10406072161,10406072198,1,"IOTHUB_CLIENT_CONFIRMATION_OK"
24725,10406072361,10406072400,1,"IOTHUB_CLIENT_CONFIRMATION_OK"
24726,10406072562,10406072608,1,"IOTHUB_CLIENT_CONFIRMATION_OK"
24727,10406072762,10406072801,1,"IOTHUB_CLIENT_CONFIRMATION_OK"
24728,10406072962,10406073017,1,"IOTHUB_CLIENT_CONFIRMATION_OK"
24729,10406073162,10406073210,1,"IOTHUB_CLIENT_CONFIRMATION_OK"
24730,10406073362,10406073421,1,"IOTHUB_CLIENT_CONFIRMATION_OK"
24731,10406073562,10406073610,1,"IOTHUB_CLIENT_CONFIRMATION_OK"
24732,10406073762,10406073820,1,"IOTHUB_CLIENT_CONFIRMATION_OK"
24733,10406073963,10406074149,1,"IOTHUB_CLIENT_CONFIRMATION_OK"
24734,10406074163,10406074235,1,"IOTHUB_CLIENT_CONFIRMATION_OK"
24735,10406074363,10406074400,1,"IOTHUB_CLIENT_CONFIRMATION_OK"
24736,10406074563,10406074608,1,"IOTHUB_CLIENT_CONFIRMATION_OK"
24737,10406074763,10406074799,1,"IOTHUB_CLIENT_CONFIRMATION_OK"
24738,10406074963,10406075004,1,"IOTHUB_CLIENT_CONFIRMATION_OK"
24739,10406075164,10406075204,1,"IOTHUB_CLIENT_CONFIRMATION_OK"
24740,10406075364,10406075406,1,"IOTHUB_CLIENT_CONFIRMATION_OK"
24741,10406075564,10406075602,1,"IOTHUB_CLIENT_CONFIRMATION_OK"
24742,10406075764,10406075808,1,"IOTHUB_CLIENT_CONFIRMATION_OK"
24743,10406075964,10406076030,1,"IOTHUB_CLIENT_CONFIRMATION_OK"
24744,10406076164,10406076202,1,"IOTHUB_CLIENT_CONFIRMATION_OK"
24745,10406076365,10406076400,1,"IOTHUB_CLIENT_CONFIRMATION_OK"
24746,10406076565,10406076656,1,"IOTHUB_CLIENT_CONFIRMATION_OK"
24747,10406076765,10406076797,1,"IOTHUB_CLIENT_CONFIRMATION_OK"
24748,10406076965,10406077012,1,"IOTHUB_CLIENT_CONFIRMATION_OK"
24749,10406077165,10406077281,1,"IOTHUB_CLIENT_CONFIRMATION_OK"
24750,10406077365,10406077438,1,"IOTHUB_CLIENT_CONFIRMATION_OK"
24751,10406077566,10406077719,1,"IOTHUB_CLIENT_CONFIRMATION_OK"
24752,10406077766,10406077929,1,"IOTHUB_CLIENT_CONFIRMATION_OK"
24753,10406077966,10406078002,1,"IOTHUB_CLIENT_CONFIRMATION_OK"
24754,10406078166,10406078206,1,"IOTHUB_CLIENT_CONFIRMATION_OK"
24755,10406078366,10406078547,1,"IOTHUB_CLIENT_CONFIRMATION_OK"
24756,10406078566,10406078605,1,"IOTHUB_CLIENT_CONFIRMATION_OK"
24757,10406078767,10406078812,1,"IOTHUB_CLIENT_CONFIRMATION_OK"
24758,10406078967,10406079008,1,"IOTHUB_CLIENT_CONFIRMATION_OK"
24759,10406079167,10406079218,1,"IOTHUB_CLIENT_CONFIRMATION_OK"
24760,10406079367,10406079406,1,"IOTHUB_CLIENT_CONFIRMATION_OK"
24761,10406079567,10406079609,1,"IOTHUB_CLIENT_CONFIRMATION_OK"
24762,10406079767,10406079803,1,"IOTHUB_CLIENT_CONFIRMATION_OK"
24763,10406079968,10406080011,1,"IOTHUB_CLIENT_CONFIRMATION_OK"
24764,10406080168,10406080241,1,"IOTHUB_CLIENT_CONFIRMATION_OK"
24765,10406080368,10406080409,1,"IOTHUB_CLIENT_CONFIRMATION_OK"
24766,10406080568,10406080608,1,"IOTHUB_CLIENT_CONFIRMATION_OK"
24767,10406080768,10406080816,1,"IOTHUB_CLIENT_CONFIRMATION_OK"
24768,10406080968,10406081019,1,"IOTHUB_CLIENT_CONFIRMATION_OK"
24769,10406081168,10406081202,1,"IOTHUB_CLIENT_CONFIRMATION_OK"
24770,10406081369,10406081404,1,"IOTHUB_CLIENT_CONFIRMATION_OK"
24771,10406081569,10406081614,1,"IOTHUB_CLIENT_CONFIRMATION_OK"
24772,10406081769,10406081810,1,"IOTHUB_CLIENT_CONFIRMATION_OK"
24773,10406081969,10406082008,1,"IOTHUB_CLIENT_CONFIRMATION_OK"
24774,10406082169,10406082244,1,"IOTHUB_CLIENT_CONFIRMATION_OK"
24775,10406082369,10406082440,1,"IOTHUB_CLIENT_CONFIRMATION_OK"
24776,10406082569,10406082609,1,"IOTHUB_CLIENT_CONFIRMATION_OK"
24777,10406082770,10406082853,1,"IOTHUB_CLIENT_CONFIRMATION_OK"
24778,10406082970,10406083007,1,"IOTHUB_CLIENT_CONFIRMATION_OK"
24779,10406083170,10406083255,1,"IOTHUB_CLIENT_CONFIRMATION_OK"
24780,10406083370,10406083409,1,"IOTHUB_CLIENT_CONFIRMATION_OK"
24781,10406083570,10406083618,1,"IOTHUB_CLIENT_CONFIRMATION_OK"
24782,10406083770,10406083835,1,"IOTHUB_CLIENT_CONFIRMATION_OK"
24783,10406083970,10406084014,1,"IOTHUB_CLIENT_CONFIRMATION_OK"
24784,10406084171,10406084289,1,"IOTHUB_CLIENT_CONFIRMATION_OK"
24785,10406084371,10406084404,1,"IOTHUB_CLIENT_CONFIRMATION_OK"
24786,10406084571,10406084613,1,"IOTHUB_CLIENT_CONFIRMATION_OK"
24787,10406084771,10406084887,1,"IOTHUB_CLIENT_CONFIRMATION_OK"
24788,10406084971,10406085014,1,"IOTHUB_CLIENT_CONFIRMATION_OK"
24789,10406085171,10406085239,1,"IOTHUB_CLIENT_CONFIRMATION_OK"
24790,10406085372,10406085480,1,"IOTHUB_CLIENT_CONFIRMATION_OK"
24791,10406085572,10406085632,1,"IOTHUB_CLIENT_CONFIRMATION_OK"
24792,10406085772,10406085815,1,"IOTHUB_CLIENT_CONFIRMATION_OK"
24793,10406085972,10406086120,1,"IOTHUB_CLIENT_CONFIRMATION_OK"
24794,10406086172,10406086216,1,"IOTHUB_CLIENT_CONFIRMATION_OK"
24795,10406086372,10406086405,1,"IOTHUB_CLIENT_CONFIRMATION_OK"
24796,10406086573,10406086737,1,"IOTHUB_CLIENT_CONFIRMATION_OK"
24797,10406086773,10406086812,1,"IOTHUB_CLIENT_CONFIRMATION_OK"
24798,10406086973,10406087011,1,"IOTHUB_CLIENT_CONFIRMATION_OK"
24799,10406087173,10406087217,1,"IOTHUB_CLIENT_CONFIRMATION_OK"
24800,10406087373,10406087413,1,"IOTHUB_CLIENT_CONFIRMATION_OK"
24801,10406087573,10406087610,1,"IOTHUB_CLIENT_CONFIRMATION_OK"
24802,10406087774,10406087809,1,"IOTHUB_CLIENT_CONFIRMATION_OK"
24803,10406087974,10406088050,1,"IOTHUB_CLIENT_CONFIRMATION_OK"
24804,10406088174,10406088217,1,"IOTHUB_CLIENT_CONFIRMATION_OK"
24805,10406088374,10406088416,1,"IOTHUB_CLIENT_CONFIRMATION_OK"
24806,10406088574,10406088659,1,"IOTHUB_CLIENT_CONFIRMATION_OK"
24807,10406088774,10406088807,1,"IOTHUB_CLIENT_CONFIRMATION_OK"
24808,10406088975,10406089013,1,"IOTHUB_CLIENT_CONFIRMATION_OK"
24809,10406089175,10406089264,1,"IOTHUB_CLIENT_CONFIRMATION_OK"
24810,10406089375,10406089418,1,"IOTHUB_CLIENT_CONFIRMATION_OK"
24811,10406089575,10406089613,1,"IOTHUB_CLIENT_CONFIRMATION_OK"
24812,10406089775,10406089871,1,"IOTHUB_CLIENT_CONFIRMATION_OK"
24813,10406089975,10406090021,1,"IOTHUB_CLIENT_CONFIRMATION_OK"
24814,10406090175,10406090216,1,"IOTHUB_CLIENT_CONFIRMATION_OK"
24815,10406090376,10406090477,1,"IOTHUB_CLIENT_CONFIRMATION_OK"
24816,10406090576,10406090617,1,"IOTHUB_CLIENT_CONFIRMATION_OK"
24817,10406090776,10406090825,1,"IOTHUB_CLIENT_CONFIRMATION_OK"
24818,10406090976,10406091019,1,"IOTHUB_CLIENT_CONFIRMATION_OK"
24819,10406091176,10406091215,1,"IOTHUB_CLIENT_CONFIRMATION_OK"
24820,10406091376,10406091431,1,"IOTHUB_CLIENT_CONFIRMATION_OK"
24821,10406091577,10406091612,1,"IOTHUB_CLIENT_CONFIRMATION_OK"
24822,10406091777,10406091818,1,"IOTHUB_CLIENT_CONFIRMATION_OK"
24823,10406091977,10406092027,1,"IOTHUB_CLIENT_CONFIRMATION_OK"
24824,10406092177,10406092215,1,"IOTHUB_CLIENT_CONFIRMATION_OK"
24825,10406092377,10406092421,1,"IOTHUB_CLIENT_CONFIRMATION_OK"
24826,10406092577,10406092618,1,"IOTHUB_CLIENT_CONFIRMATION_OK"
24827,10406092778,10406092835,1,"IOTHUB_CLIENT_CONFIRMATION_OK"
24828,10406092978,10406093044,1,"IOTHUB_CLIENT_CONFIRMATION_OK"
24829,10406093178,10406093224,1,"IOTHUB_CLIENT_CONFIRMATION_OK"
24830,10406093378,10406093418,1,"IOTHUB_CLIENT_CONFIRMATION_OK"
24831,10406093578,10406093741,1,"IOTHUB_CLIENT_CONFIRMATION_OK"
24832,10406093778,10406094182,1,"IOTHUB_CLIENT_CONFIRMATION_OK"
24833,10406093979,10406094572,1,"IOTHUB_CLIENT_CONFIRMATION_OK"
24834,10406094179,10406094688,1,"IOTHUB_CLIENT_CONFIRMATION_OK"
24835,10406094379,10406094759,1,"IOTHUB_CLIENT_CONFIRMATION_OK"
24836,10406094579,10406094809,1,"IOTHUB_CLIENT_CONFIRMATION_OK"
24837,10406094779,10406094957,1,"IOTHUB_CLIENT_CONFIRMATION_OK"
24838,10406094979,10406095019,1,"IOTHUB_CLIENT_CONFIRMATION_OK"
24839,10406095179,10406095222,1,"IOTHUB_CLIENT_CONFIRMATION_OK"
24840,10406095380,10406095426,1,"IOTHUB_CLIENT_CONFIRMATION_OK"
24841,10406095580,10406095640,1,"IOTHUB_CLIENT_CONFIRMATION_OK"
24842,10406095780,10406095827,1,"IOTHUB_CLIENT_CONFIRMATION_OK"
24843,10406095980,10406096015,1,"IOTHUB_CLIENT_CONFIRMATION_OK"
24844,10406096180,10406096239,1,"IOTHUB_CLIENT_CONFIRMATION_OK"
24845,10406096380,10406096423,1,"IOTHUB_CLIENT_CONFIRMATION_OK"
24846,10406096581,10406096649,1,"IOTHUB_CLIENT_CONFIRMATION_OK"
24847,10406096781,10406096877,1,"IOTHUB_CLIENT_CONFIRMATION_OK"
24848,10406096981,10406097019,1,"IOTHUB_CLIENT_CONFIRMATION_OK"
24849,10406097181,10406097234,1,"IOTHUB_CLIENT_CONFIRMATION_OK"
24850,10406097381,10406097487,1,"IOTHUB_CLIENT_CONFIRMATION_OK"
24851,10406097581,10406097636,1,"IOTHUB_CLIENT_CONFIRMATION_OK"
24852,10406097781,10406097821,1,"IOTHUB_CLIENT_CONFIRMATION_OK"
24853,10406097982,10406098108,1,"IOTHUB_CLIENT_CONFIRMATION_OK"
24854,10406098182,10406098225,1,"IOTHUB_CLIENT_CONFIRMATION_OK"
24855,10406098382,10406098425,1,"IOTHUB_CLIENT_CONFIRMATION_OK"
24856,10406098582,10406098706,1,"IOTHUB_CLIENT_CONFIRMATION_OK"
24857,10406098782,10406098851,1,"IOTHUB_CLIENT_CONFIRMATION_OK"
24858,10406098982,10406099275,1,"IOTHUB_CLIENT_CONFIRMATION_OK"
24859,10406099183,10406099494,1,"IOTHUB_CLIENT_CONFIRMATION_OK"
24860,10406099383,10406099520,1,"IOTHUB_CLIENT_CONFIRMATION_OK"
24861,10406099583,10406099940,1,"IOTHUB_CLIENT_CONFIRMATION_OK"
24862,10406099783,10406099978,1,"IOTHUB_CLIENT_CONFIRMATION_OK"
24863,10406099983,10406100109,1,"IOTHUB_CLIENT_CONFIRMATION_OK"
24864,10406100183,10406100225,1,"IOTHUB_CLIENT_CONFIRMATION_OK"
24865,10406100384,10406100426,1,"IOTHUB_CLIENT_CONFIRMATION_OK"
24866,10406100584,10406100641,1,"IOTHUB_CLIENT_CONFIRMATION_OK"
24867,10406100784,10406100835,1,"IOTHUB_CLIENT_CONFIRMATION_OK"
24868,10406100984,10406101026,1,"IOTHUB_CLIENT_CONFIRMATION_OK"
24869,10406101184,10406101224,1,"IOTHUB_CLIENT_CONFIRMATION_OK"
24870,10406101384,10406101420,1,"IOTHUB_CLIENT_CONFIRMATION_OK"
24871,10406101584,10406101646,1,"IOTHUB_CLIENT_CONFIRMATION_OK"
24872,10406101785,10406101982,1,"IOTHUB_CLIENT_CONFIRMATION_OK"
24873,10406101985,10406102127,1,"IOTHUB_CLIENT_CONFIRMATION_OK"
24874,10406102185,10406102227,1,"IOTHUB_CLIENT_CONFIRMATION_OK"
24875,10406102385,10406102579,1,"IOTHUB_CLIENT_CONFIRMATION_OK"
24876,10406102585,10406102629,1,"IOTHUB_CLIENT_CONFIRMATION_OK"
24877,10406102785,10406102840,1,"IOTHUB_CLIENT_CONFIRMATION_OK"
24878,10406102986,10406103033,1,"IOTHUB_CLIENT_CONFIRMATION_OK"
24879,10406103186,10406103228,1,"IOTHUB_CLIENT_CONFIRMATION_OK"
24880,10406103386,10406103430,1,"IOTHUB_CLIENT_CONFIRMATION_OK"
24881,10406103586,10406103621,1,"IOTHUB_CLIENT_CONFIRMATION_OK"
24882,10406103786,10406103824,1,"IOTHUB_CLIENT_CONFIRMATION_OK"
24883,10406103986,10406104023,1,"IOTHUB_CLIENT_CONFIRMATION_OK"
24884,10406104187,10406104227,1,"IOTHUB_CLIENT_CONFIRMATION_OK"
24885,10406104387,10406104441,1,"IOTHUB_CLIENT_CONFIRMATION_OK"
24886,10406104587,10406104623,1,"IOTHUB_CLIENT_CONFIRMATION_OK"
24887,10406104787,10406104828,1,"IOTHUB_CLIENT_CONFIRMATION_OK"
24888,10406104987,10406105029,1,"IOTHUB_CLIENT_CONFIRMATION_OK"
24889,10406105187,10406105242,1,"IOTHUB_CLIENT_CONFIRMATION_OK"
24890,10406105388,10406105435,1,"IOTHUB_CLIENT_CONFIRMATION_OK"
24891,10406105588,10406105653,1,"IOTHUB_CLIENT_CONFIRMATION_OK"
24892,10406105788,10406105823,1,"IOTHUB_CLIENT_CONFIRMATION_OK"
24893,10406105988,10406106038,1,"IOTHUB_CLIENT_CONFIRMATION_OK"
24894,10406106188,10406106251,1,"IOTHUB_CLIENT_CONFIRMATION_OK"
24895,10406106388,10406106429,1,"IOTHUB_CLIENT_CONFIRMATION_OK"
24896,10406106589,10406106627,1,"IOTHUB_CLIENT_CONFIRMATION_OK"
24897,10406106789,10406106864,1,"IOTHUB_CLIENT_CONFIRMATION_OK"
24898,10406106989,10406107025,1,"IOTHUB_CLIENT_CONFIRMATION_OK"
24899,10406107189,10406107228,1,"IOTHUB_CLIENT_CONFIRMATION_OK"
24900,10406107389,10406107433,1,"IOTHUB_CLIENT_CONFIRMATION_OK"
24901,10406107589,10406107626,1,"IOTHUB_CLIENT_CONFIRMATION_OK"
24902,10406107790,10406107848,1,"IOTHUB_CLIENT_CONFIRMATION_OK"
24903,10406107990,10406108030,1,"IOTHUB_CLIENT_CONFIRMATION_OK"
24904,10406108190,10406108299,1,"IOTHUB_CLIENT_CONFIRMATION_OK"
24905,10406108390,10406108458,1,"IOTHUB_CLIENT_CONFIRMATION_OK"
24906,10406108590,10406108636,1,"IOTHUB_CLIENT_CONFIRMATION_OK"
24907,10406108790,10406108904,1,"IOTHUB_CLIENT_CONFIRMATION_OK"
24908,10406108990,10406109030,1,"IOTHUB_CLIENT_CONFIRMATION_OK"
24909,10406109191,10406109242,1,"IOTHUB_CLIENT_CONFIRMATION_OK"
24910,10406109391,10406109502,1,"IOTHUB_CLIENT_CONFIRMATION_OK"
24911,10406109591,10406109627,1,"IOTHUB_CLIENT_CONFIRMATION_OK"
24912,10406109791,10406109833,1,"IOTHUB_CLIENT_CONFIRMATION_OK"
24913,10406109991,10406110122,1,"IOTHUB_CLIENT_CONFIRMATION_OK"
24914,10406110191,10406110236,1,"IOTHUB_CLIENT_CONFIRMATION_OK"
24915,10406110392,10406110424,1,"IOTHUB_CLIENT_CONFIRMATION_OK"
24916,10406110592,10406110777,1,"IOTHUB_CLIENT_CONFIRMATION_OK"
24917,10406110792,10406110830,1,"IOTHUB_CLIENT_CONFIRMATION_OK"
24918,10406110992,10406111039,1,"IOTHUB_CLIENT_CONFIRMATION_OK"
24919,10406111192,10406111234,1,"IOTHUB_CLIENT_CONFIRMATION_OK"
24920,10406111392,10406111434,1,"IOTHUB_CLIENT_CONFIRMATION_OK"
24921,10406111593,10406111633,1,"IOTHUB_CLIENT_CONFIRMATION_OK"
24922,10406111793,10406111842,1,"IOTHUB_CLIENT_CONFIRMATION_OK"
24923,10406111993,10406112070,1,"IOTHUB_CLIENT_CONFIRMATION_OK"
24924,10406112193,10406112234,1,"IOTHUB_CLIENT_CONFIRMATION_OK"
24925,10406112393,10406112467,1,"IOTHUB_CLIENT_CONFIRMATION_OK"
24926,10406112593,10406112692,1,"IOTHUB_CLIENT_CONFIRMATION_OK"
24927,10406112794,10406112828,1,"IOTHUB_CLIENT_CONFIRMATION_OK"
24928,10406112994,10406113048,1,"IOTHUB_CLIENT_CONFIRMATION_OK"
24929,10406113194,10406113302,1,"IOTHUB_CLIENT_CONFIRMATION_OK"
24930,10406113394,10406113446,1,"IOTHUB_CLIENT_CONFIRMATION_OK"
24931,10406113594,10406113641,1,"IOTHUB_CLIENT_CONFIRMATION_OK"
24932,10406113794,10406113921,1,"IOTHUB_CLIENT_CONFIRMATION_OK"
24933,10406113994,10406114035,1,"IOTHUB_CLIENT_CONFIRMATION_OK"
24934,10406114195,10406114324,1,"IOTHUB_CLIENT_CONFIRMATION_OK"
24935,10406114395,10406114562,1,"IOTHUB_CLIENT_CONFIRMATION_OK"
24936,10406114595,10406114634,1,"IOTHUB_CLIENT_CONFIRMATION_OK"
24937,10406114795,10406114837,1,"IOTHUB_CLIENT_CONFIRMATION_OK"
24938,10406114995,10406115041,1,"IOTHUB_CLIENT_CONFIRMATION_OK"
24939,10406115195,10406115238,1,"IOTHUB_CLIENT_CONFIRMATION_OK"
24940,10406115396,10406115437,1,"IOTHUB_CLIENT_CONFIRMATION_OK"
24941,10406115596,10406115641,1,"IOTHUB_CLIENT_CONFIRMATION_OK"
24942,10406115796,10406115844,1,"IOTHUB_CLIENT_CONFIRMATION_OK"
24943,10406115996,10406116038,1,"IOTHUB_CLIENT_CONFIRMATION_OK"
24944,10406116196,10406116235,1,"IOTHUB_CLIENT_CONFIRMATION_OK"
24945,10406116396,10406116454,1,"IOTHUB_CLIENT_CONFIRMATION_OK"
24946,10406116596,10406116639,1,"IOTHUB_CLIENT_CONFIRMATION_OK"
24947,10406116797,10406116835,1,"IOTHUB_CLIENT_CONFIRMATION_OK"
24948,10406116997,10406117048,1,"IOTHUB_CLIENT_CONFIRMATION_OK"
24949,10406117197,10406117247,1,"IOTHUB_CLIENT_CONFIRMATION_OK"
24950,10406117397,10406117473,1,"IOTHUB_CLIENT_CONFIRMATION_OK"
24951,10406117597,10406117683,1,"IOTHUB_CLIENT_CONFIRMATION_OK"
24952,10406117797,10406117845,1,"IOTHUB_CLIENT_CONFIRMATION_OK"
24953,10406117998,10406118037,1,"IOTHUB_CLIENT_CONFIRMATION_OK"
24954,10406118198,10406118283,1,"IOTHUB_CLIENT_CONFIRMATION_OK"
24955,10406118398,10406118434,1,"IOTHUB_CLIENT_CONFIRMATION_OK"
24956,10406118598,10406118642,1,"IOTHUB_CLIENT_CONFIRMATION_OK"
24957,10406118798,10406118893,1,"IOTHUB_CLIENT_CONFIRMATION_OK"
24958,10406118998,10406119031,1,"IOTHUB_CLIENT_CONFIRMATION_OK"
24959,10406119198,10406119242,1,"IOTHUB_CLIENT_CONFIRMATION_OK"
24960,10406119399,10406119436,1,"IOTHUB_CLIENT_CONFIRMATION_OK"
24961,10406119599,10406119642,1,"IOTHUB_CLIENT_CONFIRMATION_OK"
24962,10406119799,10406119841,1,"IOTHUB_CLIENT_CONFIRMATION_OK"
24963,10406119999,10406120040,1,"IOTHUB_CLIENT_CONFIRMATION_OK"
24964,10406120199,10406120233,1,"IOTHUB_CLIENT_CONFIRMATION_OK"
24965,10406120399,10406120438,1,"IOTHUB_CLIENT_CONFIRMATION_OK"
24966,10406120600,10406120639,1,"IOTHUB_CLIENT_CONFIRMATION_OK"
24967,10406120800,10406120879,1,"IOTHUB_CLIENT_CONFIRMATION_OK"
24968,10406121000,10406121041,1,"IOTHUB_CLIENT_CONFIRMATION_OK"
24969,10406121200,10406121244,1,"IOTHUB_CLIENT_CONFIRMATION_OK"
24970,10406121400,10406121571,1,"IOTHUB_CLIENT_CONFIRMATION_OK"
24971,10406121600,10406121650,1,"IOTHUB_CLIENT_CONFIRMATION_OK"
24972,10406121800,10406121839,1,"IOTHUB_CLIENT_CONFIRMATION_OK"
24973,10406122001,10406122175,1,"IOTHUB_CLIENT_CONFIRMATION_OK"
24974,10406122201,10406122235,1,"IOTHUB_CLIENT_CONFIRMATION_OK"
24975,10406122401,10406122439,1,"IOTHUB_CLIENT_CONFIRMATION_OK"
24976,10406122601,10406122638,1,"IOTHUB_CLIENT_CONFIRMATION_OK"
24977,10406122801,10406122845,1,"IOTHUB_CLIENT_CONFIRMATION_OK"
24978,10406123001,10406123036,1,"IOTHUB_CLIENT_CONFIRMATION_OK"
24979,10406123202,10406123249,1,"IOTHUB_CLIENT_CONFIRMATION_OK"
24980,10406123402,10406123458,1,"IOTHUB_CLIENT_CONFIRMATION_OK"
24981,10406123602,10406123646,1,"IOTHUB_CLIENT_CONFIRMATION_OK"
24982,10406123802,10406123892,1,"IOTHUB_CLIENT_CONFIRMATION_OK"
24983,10406124002,10406124041,1,"IOTHUB_CLIENT_CONFIRMATION_OK"
24984,10406124202,10406124260,1,"IOTHUB_CLIENT_CONFIRMATION_OK"
24985,10406124403,10406124454,1,"IOTHUB_CLIENT_CONFIRMATION_OK"
24986,10406124603,10406124640,1,"IOTHUB_CLIENT_CONFIRMATION_OK"
24987,10406124803,10406124841,1,"IOTHUB_CLIENT_CONFIRMATION_OK"
24988,10406125003,10406125073,1,"IOTHUB_CLIENT_CONFIRMATION_OK"
24989,10406125203,10406125241,1,"IOTHUB_CLIENT_CONFIRMATION_OK"
24990,10406125403,10406125442,1,"IOTHUB_CLIENT_CONFIRMATION_OK"
24991,10406125603,10406125642,1,"IOTHUB_CLIENT_CONFIRMATION_OK"
24992,10406125804,10406125858,1,"IOTHUB_CLIENT_CONFIRMATION_OK"
24993,10406126004,10406126047,1,"IOTHUB_CLIENT_CONFIRMATION_OK"
24994,10406126204,10406126245,1,"IOTHUB_CLIENT_CONFIRMATION_OK"
24995,10406126404,10406126460,1,"IOTHUB_CLIENT_CONFIRMATION_OK"
24996,10406126604,10406126687,1,"IOTHUB_CLIENT_CONFIRMATION_OK"
24997,10406126804,10406126841,1,"IOTHUB_CLIENT_CONFIRMATION_OK"
24998,10406127005,10406127045,1,"IOTHUB_CLIENT_CONFIRMATION_OK"
24999,10406127205,10406127245,1,"IOTHUB_CLIENT_CONFIRMATION_OK"
25000,10406127405,10406127460,1,"IOTHUB_CLIENT_CONFIRMATION_OK"
25001,10406127605,10406127681,1,"IOTHUB_CLIENT_CONFIRMATION_OK"
25002,10406127805,10406127870,1,"IOTHUB_CLIENT_CONFIRMATION_OK"
25003,10406128005,10406128049,1,"IOTHUB_CLIENT_CONFIRMATION_OK"
25004,10406128206,10406128243,1,"IOTHUB_CLIENT_CONFIRMATION_OK"
25005,10406128406,10406128472,1,"IOTHUB_CLIENT_CONFIRMATION_OK"
25006,10406128606,10406128656,1,"IOTHUB_CLIENT_CONFIRMATION_OK"
25007,10406128806,10406128851,1,"IOTHUB_CLIENT_CONFIRMATION_OK"
25008,10406129006,10406129094,1,"IOTHUB_CLIENT_CONFIRMATION_OK"
25009,10406129206,10406129255,1,"IOTHUB_CLIENT_CONFIRMATION_OK"
25010,10406129406,10406129525,1,"IOTHUB_CLIENT_CONFIRMATION_OK"
25011,10406129607,10406129765,1,"IOTHUB_CLIENT_CONFIRMATION_OK"
25012,10406129807,10406129885,1,"IOTHUB_CLIENT_CONFIRMATION_OK"
25013,10406130007,10406130047,1,"IOTHUB_CLIENT_CONFIRMATION_OK"
25014,10406130207,10406130366,1,"IOTHUB_CLIENT_CONFIRMATION_OK"
25015,10406130407,10406130442,1,"IOTHUB_CLIENT_CONFIRMATION_OK"
25016,10406130607,10406130646,1,"IOTHUB_CLIENT_CONFIRMATION_OK"
25017,10406130807,10406130964,1,"IOTHUB_CLIENT_CONFIRMATION_OK"
25018,10406131008,10406131046,1,"IOTHUB_CLIENT_CONFIRMATION_OK"
25019,10406131208,10406131264,1,"IOTHUB_CLIENT_CONFIRMATION_OK"
25020,10406131408,10406131451,1,"IOTHUB_CLIENT_CONFIRMATION_OK"
25021,10406131608,10406131653,1,"IOTHUB_CLIENT_CONFIRMATION_OK"
25022,10406131808,10406131844,1,"IOTHUB_CLIENT_CONFIRMATION_OK"
25023,10406132008,10406132049,1,"IOTHUB_CLIENT_CONFIRMATION_OK"
25024,10406132208,10406132247,1,"IOTHUB_CLIENT_CONFIRMATION_OK"
25025,10406132409,10406132450,1,"IOTHUB_CLIENT_CONFIRMATION_OK"
25026,10406132609,10406132667,1,"IOTHUB_CLIENT_CONFIRMATION_OK"
25027,10406132809,10406132868,1,"IOTHUB_CLIENT_CONFIRMATION_OK"
25028,10406133009,10406133046,1,"IOTHUB_CLIENT_CONFIRMATION_OK"
25029,10406133209,10406133304,1,"IOTHUB_CLIENT_CONFIRMATION_OK"
25030,10406133409,10406133482,1,"IOTHUB_CLIENT_CONFIRMATION_OK"
25031,10406133610,10406133657,1,"IOTHUB_CLIENT_CONFIRMATION_OK"
25032,10406133810,10406133852,1,"IOTHUB_CLIENT_CONFIRMATION_OK"
25033,10406134010,10406134071,1,"IOTHUB_CLIENT_CONFIRMATION_OK"
25034,10406134210,10406134249,1,"IOTHUB_CLIENT_CONFIRMATION_OK"
25035,10406134410,10406134451,1,"IOTHUB_CLIENT_CONFIRMATION_OK"
25036,10406134610,10406134674,1,"IOTHUB_CLIENT_CONFIRMATION_OK"
25037,10406134810,10406134859,1,"IOTHUB_CLIENT_CONFIRMATION_OK"
25038,10406135011,10406135056,1,"IOTHUB_CLIENT_CONFIRMATION_OK"
25039,10406135211,10406135249,1,"IOTHUB_CLIENT_CONFIRMATION_OK"
25040,10406135411,10406135454,1,"IOTHUB_CLIENT_CONFIRMATION_OK"
25041,10406135611,10406135672,1,"IOTHUB_CLIENT_CONFIRMATION_OK"
25042,10406135811,10406135849,1,"IOTHUB_CLIENT_CONFIRMATION_OK"
25043,10406136011,10406136053,1,"IOTHUB_CLIENT_CONFIRMATION_OK"
25044,10406136212,10406136256,1,"IOTHUB_CLIENT_CONFIRMATION_OK"
25045,10406136412,10406136454,1,"IOTHUB_CLIENT_CONFIRMATION_OK"
25046,10406136612,10406136730,1,"IOTHUB_CLIENT_CONFIRMATION_OK"
25047,10406136812,10406136852,1,"IOTHUB_CLIENT_CONFIRMATION_OK"
25048,10406137012,10406137070,1,"IOTHUB_CLIENT_CONFIRMATION_OK"
25049,10406137212,10406137359,1,"IOTHUB_CLIENT_CONFIRMATION_OK"
25050,10406137412,10406137449,1,"IOTHUB_CLIENT_CONFIRMATION_OK"
25051,10406137613,10406137675,1,"IOTHUB_CLIENT_CONFIRMATION_OK"
25052,10406137813,10406137959,1,"IOTHUB_CLIENT_CONFIRMATION_OK"
25053,10406138013,10406138053,1,"IOTHUB_CLIENT_CONFIRMATION_OK"
25054,10406138213,10406138249,1,"IOTHUB_CLIENT_CONFIRMATION_OK"
25055,10406138413,10406138578,1,"IOTHUB_CLIENT_CONFIRMATION_OK"
25056,10406138613,10406138656,1,"IOTHUB_CLIENT_CONFIRMATION_OK"
25057,10406138814,10406138850,1,"IOTHUB_CLIENT_CONFIRMATION_OK"
25058,10406139014,10406139049,1,"IOTHUB_CLIENT_CONFIRMATION_OK"
25059,10406139214,10406139311,1,"IOTHUB_CLIENT_CONFIRMATION_OK"
25060,10406139414,10406139483,1,"IOTHUB_CLIENT_CONFIRMATION_OK"
25061,10406139614,10406139645,1,"IOTHUB_CLIENT_CONFIRMATION_OK"
25062,10406139814,10406139870,1,"IOTHUB_CLIENT_CONFIRMATION_OK"
25063,10406140015,10406140068,1,"IOTHUB_CLIENT_CONFIRMATION_OK"
25064,10406140215,10406140251,1,"IOTHUB_CLIENT_CONFIRMATION_OK"
25065,10406140415,10406140478,1,"IOTHUB_CLIENT_CONFIRMATION_OK"
25066,10406140615,10406140652,1,"IOTHUB_CLIENT_CONFIRMATION_OK"
25067,10406140815,10406140852,1,"IOTHUB_CLIENT_CONFIRMATION_OK"
25068,10406141015,10406141061,1,"IOTHUB_CLIENT_CONFIRMATION_OK"
25069,10406141216,10406141270,1,"IOTHUB_CLIENT_CONFIRMATION_OK"
25070,10406141416,10406141451,1,"IOTHUB_CLIENT_CONFIRMATION_OK"
25071,10406141616,10406141664,1,"IOTHUB_CLIENT_CONFIRMATION_OK"
25072,10406141816,10406141869,1,"IOTHUB_CLIENT_CONFIRMATION_OK"
25073,10406142016,10406142057,1,"IOTHUB_CLIENT_CONFIRMATION_OK"
25074,10406142216,10406142293,1,"IOTHUB_CLIENT_CONFIRMATION_OK"
25075,10406142416,10406142490,1,"IOTHUB_CLIENT_CONFIRMATION_OK"
25076,10406142617,10406142668,1,"IOTHUB_CLIENT_CONFIRMATION_OK"
25077,10406142817,10406142875,1,"IOTHUB_CLIENT_CONFIRMATION_OK"
25078,10406143017,10406143073,1,"IOTHUB_CLIENT_CONFIRMATION_OK"
25079,10406143217,10406143285,1,"IOTHUB_CLIENT_CONFIRMATION_OK"
25080,10406143417,10406143451,1,"IOTHUB_CLIENT_CONFIRMATION_OK"
25081,10406143617,10406143678,1,"IOTHUB_CLIENT_CONFIRMATION_OK"
25082,10406143818,10406143864,1,"IOTHUB_CLIENT_CONFIRMATION_OK"
25083,10406144018,10406144061,1,"IOTHUB_CLIENT_CONFIRMATION_OK"
25084,10406144218,10406144274,1,"IOTHUB_CLIENT_CONFIRMATION_OK"
25085,10406144418,10406144463,1,"IOTHUB_CLIENT_CONFIRMATION_OK"
25086,10406144618,10406144655,1,"IOTHUB_CLIENT_CONFIRMATION_OK"
25087,10406144818,10406144880,1,"IOTHUB_CLIENT_CONFIRMATION_OK"
25088,10406145019,10406145056,1,"IOTHUB_CLIENT_CONFIRMATION_OK"
25089,10406145219,10406145266,1,"IOTHUB_CLIENT_CONFIRMATION_OK"
25090,10406145419,10406145486,1,"IOTHUB_CLIENT_CONFIRMATION_OK"
25091,10406145619,10406145664,1,"IOTHUB_CLIENT_CONFIRMATION_OK"
25092,10406145819,10406145854,1,"IOTHUB_CLIENT_CONFIRMATION_OK"
25093,10406146019,10406146146,1,"IOTHUB_CLIENT_CONFIRMATION_OK"
25094,10406146219,10406146301,1,"IOTHUB_CLIENT_CONFIRMATION_OK"
25095,10406146420,10406146459,1,"IOTHUB_CLIENT_CONFIRMATION_OK"
25096,10406146620,10406146722,1,"IOTHUB_CLIENT_CONFIRMATION_OK"
25097,10406146820,10406146856,1,"IOTHUB_CLIENT_CONFIRMATION_OK"
25098,10406147020,10406147070,1,"IOTHUB_CLIENT_CONFIRMATION_OK"
25099,10406147220,10406147261,1,"IOTHUB_CLIENT_CONFIRMATION_OK"
25100,10406147420,10406147472,1,"IOTHUB_CLIENT_CONFIRMATION_OK"
25101,10406147620,10406147661,1,"IOTHUB_CLIENT_CONFIRMATION_OK"
25102,10406147821,10406147860,1,"IOTHUB_CLIENT_CONFIRMATION_OK"
25103,10406148021,10406148087,1,"IOTHUB_CLIENT_CONFIRMATION_OK"
25104,10406148221,10406148264,1,"IOTHUB_CLIENT_CONFIRMATION_OK"
25105,10406148421,10406148461,1,"IOTHUB_CLIENT_CONFIRMATION_OK"
25106,10406148621,10406148654,1,"IOTHUB_CLIENT_CONFIRMATION_OK"
25107,10406148821,10406148914,1,"IOTHUB_CLIENT_CONFIRMATION_OK"
25108,10406149022,10406149086,1,"IOTHUB_CLIENT_CONFIRMATION_OK"
25109,10406149222,10406149394,1,"IOTHUB_CLIENT_CONFIRMATION_OK"
25110,10406149422,10406149459,1,"IOTHUB_CLIENT_CONFIRMATION_OK"
25111,10406149622,10406149678,1,"IOTHUB_CLIENT_CONFIRMATION_OK"
25112,10406149822,10406150004,1,"IOTHUB_CLIENT_CONFIRMATION_OK"
25113,10406150022,10406150078,1,"IOTHUB_CLIENT_CONFIRMATION_OK"
25114,10406150223,10406150260,1,"IOTHUB_CLIENT_CONFIRMATION_OK"
25115,10406150423,10406150622,1,"IOTHUB_CLIENT_CONFIRMATION_OK"
25116,10406150623,10406150670,1,"IOTHUB_CLIENT_CONFIRMATION_OK"
25117,10406150823,10406150874,1,"IOTHUB_CLIENT_CONFIRMATION_OK"
25118,10406151023,10406151059,1,"IOTHUB_CLIENT_CONFIRMATION_OK"
25119,10406151223,10406151270,1,"IOTHUB_CLIENT_CONFIRMATION_OK"
25120,10406151424,10406151472,1,"IOTHUB_CLIENT_CONFIRMATION_OK"
25121,10406151624,10406151675,1,"IOTHUB_CLIENT_CONFIRMATION_OK"
25122,10406151824,10406151878,1,"IOTHUB_CLIENT_CONFIRMATION_OK"
25123,10406152024,10406152079,1,"IOTHUB_CLIENT_CONFIRMATION_OK"
25124,10406152224,10406152264,1,"IOTHUB_CLIENT_CONFIRMATION_OK"
25125,10406152424,10406152462,1,"IOTHUB_CLIENT_CONFIRMATION_OK"
25126,10406152625,10406152675,1,"IOTHUB_CLIENT_CONFIRMATION_OK"
25127,10406152825,10406152867,1,"IOTHUB_CLIENT_CONFIRMATION_OK"
25128,10406153025,10406153064,1,"IOTHUB_CLIENT_CONFIRMATION_OK"
25129,10406153225,10406153273,1,"IOTHUB_CLIENT_CONFIRMATION_OK"
25130,10406153425,10406153472,1,"IOTHUB_CLIENT_CONFIRMATION_OK"
25131,10406153625,10406153689,1,"IOTHUB_CLIENT_CONFIRMATION_OK"
25132,10406153825,10406153860,1,"IOTHUB_CLIENT_CONFIRMATION_OK"
25133,10406154026,10406154062,1,"IOTHUB_CLIENT_CONFIRMATION_OK"
25134,10406154226,10406154268,1,"IOTHUB_CLIENT_CONFIRMATION_OK"
25135,10406154426,10406154465,1,"IOTHUB_CLIENT_CONFIRMATION_OK"
25136,10406154626,10406154678,1,"IOTHUB_CLIENT_CONFIRMATION_OK"
25137,10406154826,10406154867,1,"IOTHUB_CLIENT_CONFIRMATION_OK"
25138,10406155026,10406155063,1,"IOTHUB_CLIENT_CONFIRMATION_OK"
25139,10406155227,10406155310,1,"IOTHUB_CLIENT_CONFIRMATION_OK"
25140,10406155427,10406155493,1,"IOTHUB_CLIENT_CONFIRMATION_OK"
25141,10406155627,10406155668,1,"IOTHUB_CLIENT_CONFIRMATION_OK"
25142,10406155827,10406155868,1,"IOTHUB_CLIENT_CONFIRMATION_OK"
25143,10406156027,10406156065,1,"IOTHUB_CLIENT_CONFIRMATION_OK"
25144,10406156227,10406156264,1,"IOTHUB_CLIENT_CONFIRMATION_OK"
25145,10406156427,10406156477,1,"IOTHUB_CLIENT_CONFIRMATION_OK"
25146,10406156628,10406156665,1,"IOTHUB_CLIENT_CONFIRMATION_OK"
25147,10406156828,10406156941,1,"IOTHUB_CLIENT_CONFIRMATION_OK"
25148,10406157028,10406157063,1,"IOTHUB_CLIENT_CONFIRMATION_OK"
25149,10406157228,10406157266,1,"IOTHUB_CLIENT_CONFIRMATION_OK"
25150,10406157428,10406157583,1,"IOTHUB_CLIENT_CONFIRMATION_OK"
25151,10406157628,10406157669,1,"IOTHUB_CLIENT_CONFIRMATION_OK"
25152,10406157829,10406157866,1,"IOTHUB_CLIENT_CONFIRMATION_OK"
25153,10406158029,10406158171,1,"IOTHUB_CLIENT_CONFIRMATION_OK"
25154,10406158229,10406158260,1,"IOTHUB_CLIENT_CONFIRMATION_OK"
25155,10406158429,10406158468,1,"IOTHUB_CLIENT_CONFIRMATION_OK"
25156,10406158629,10406158772,1,"IOTHUB_CLIENT_CONFIRMATION_OK"
25157,10406158829,10406158870,1,"IOTHUB_CLIENT_CONFIRMATION_OK"
25158,10406159030,10406159066,1,"IOTHUB_CLIENT_CONFIRMATION_OK"
25159,10406159230,10406159273,1,"IOTHUB_CLIENT_CONFIRMATION_OK"
25160,10406159430,10406159475,1,"IOTHUB_CLIENT_CONFIRMATION_OK"
25161,10406159630,10406159671,1,"IOTHUB_CLIENT_CONFIRMATION_OK"
25162,10406159830,10406159866,1,"IOTHUB_CLIENT_CONFIRMATION_OK"
25163,10406160030,10406160065,1,"IOTHUB_CLIENT_CONFIRMATION_OK"
25164,10406160230,10406160288,1,"IOTHUB_CLIENT_CONFIRMATION_OK"
25165,10406160431,10406160476,1,"IOTHUB_CLIENT_CONFIRMATION_OK"
25166,10406160631,10406160668,1,"IOTHUB_CLIENT_CONFIRMATION_OK"
25167,10406160831,10406160869,1,"IOTHUB_CLIENT_CONFIRMATION_OK"
25168,10406161031,10406161069,1,"IOTHUB_CLIENT_CONFIRMATION_OK"
25169,10406161231,10406161315,1,"IOTHUB_CLIENT_CONFIRMATION_OK"
25170,10406161431,10406161473,1,"IOTHUB_CLIENT_CONFIRMATION_OK"
25171,10406161632,10406161771,1,"IOTHUB_CLIENT_CONFIRMATION_OK"
25172,10406161832,10406161874,1,"IOTHUB_CLIENT_CONFIRMATION_OK"
25173,10406162032,10406162111,1,"IOTHUB_CLIENT_CONFIRMATION_OK"
25174,10406162232,10406162282,1,"IOTHUB_CLIENT_CONFIRMATION_OK"
25175,10406162432,10406162521,1,"IOTHUB_CLIENT_CONFIRMATION_OK"
25176,10406162632,10406162671,1,"IOTHUB_CLIENT_CONFIRMATION_OK"
25177,10406162832,10406162877,1,"IOTHUB_CLIENT_CONFIRMATION_OK"
25178,10406163033,10406163100,1,"IOTHUB_CLIENT_CONFIRMATION_OK"
25179,10406163233,10406163295,1,"IOTHUB_CLIENT_CONFIRMATION_OK"
25180,10406163433,10406163467,1,"IOTHUB_CLIENT_CONFIRMATION_OK"
25181,10406163633,10406163682,1,"IOTHUB_CLIENT_CONFIRMATION_OK"
25182,10406163833,10406163872,1,"IOTHUB_CLIENT_CONFIRMATION_OK"
25183,10406164033,10406164085,1,"IOTHUB_CLIENT_CONFIRMATION_OK"
25184,10406164234,10406164277,1,"IOTHUB_CLIENT_CONFIRMATION_OK"
25185,10406164434,10406164479,1,"IOTHUB_CLIENT_CONFIRMATION_OK"
25186,10406164634,10406164675,1,"IOTHUB_CLIENT_CONFIRMATION_OK"
25187,10406164834,10406164880,1,"IOTHUB_CLIENT_CONFIRMATION_OK"
25188,10406165034,10406165202,1,"IOTHUB_CLIENT_CONFIRMATION_OK"
25189,10406165234,10406165282,1,"IOTHUB_CLIENT_CONFIRMATION_OK"
25190,10406165435,10406165491,1,"IOTHUB_CLIENT_CONFIRMATION_OK"
25191,10406165635,10406165705,1,"IOTHUB_CLIENT_CONFIRMATION_OK"
25192,10406165835,10406165889,1,"IOTHUB_CLIENT_CONFIRMATION_OK"
25193,10406166035,10406166074,1,"IOTHUB_CLIENT_CONFIRMATION_OK"
25194,10406166235,10406166427,1,"IOTHUB_CLIENT_CONFIRMATION_OK"
25195,10406166435,10406166475,1,"IOTHUB_CLIENT_CONFIRMATION_OK"
25196,10406166635,10406166689,1,"IOTHUB_CLIENT_CONFIRMATION_OK"
25197,10406166836,10406167008,1,"IOTHUB_CLIENT_CONFIRMATION_OK"
25198,10406167036,10406167075,1,"IOTHUB_CLIENT_CONFIRMATION_OK"
25199,10406167236,10406167280,1,"IOTHUB_CLIENT_CONFIRMATION_OK"
25200,10406167436,10406167472,1,"IOTHUB_CLIENT_CONFIRMATION_OK"
25201,10406167636,10406167719,1,"IOTHUB_CLIENT_CONFIRMATION_OK"
25202,10406167836,10406167880,1,"IOTHUB_CLIENT_CONFIRMATION_OK"
25203,10406168037,10406168097,1,"IOTHUB_CLIENT_CONFIRMATION_OK"
25204,10406168237,10406168280,1,"IOTHUB_CLIENT_CONFIRMATION_OK"
25205,10406168437,10406168475,1,"IOTHUB_CLIENT_CONFIRMATION_OK"
25206,10406168637,10406168674,1,"IOTHUB_CLIENT_CONFIRMATION_OK"
25207,10406168837,10406168898,1,"IOTHUB_CLIENT_CONFIRMATION_OK"
25208,10406169037,10406169081,1,"IOTHUB_CLIENT_CONFIRMATION_OK"
25209,10406169238,10406169282,1,"IOTHUB_CLIENT_CONFIRMATION_OK"
25210,10406169438,10406169479,1,"IOTHUB_CLIENT_CONFIRMATION_OK"
25211,10406169638,10406169682,1,"IOTHUB_CLIENT_CONFIRMATION_OK"
25212,10406169838,10406169901,1,"IOTHUB_CLIENT_CONFIRMATION_OK"
25213,10406170038,10406170091,1,"IOTHUB_CLIENT_CONFIRMATION_OK"
25214,10406170238,10406170318,1,"IOTHUB_CLIENT_CONFIRMATION_OK"
25215,10406170439,10406170497,1,"IOTHUB_CLIENT_CONFIRMATION_OK"
25216,10406170639,10406170700,1,"IOTHUB_CLIENT_CONFIRMATION_OK"
25217,10406170839,10406170902,1,"IOTHUB_CLIENT_CONFIRMATION_OK"
25218,10406171039,10406171094,1,"IOTHUB_CLIENT_CONFIRMATION_OK"
25219,10406171239,10406171282,1,"IOTHUB_CLIENT_CONFIRMATION_OK"
25220,10406171439,10406171480,1,"IOTHUB_CLIENT_CONFIRMATION_OK"
25221,10406171639,10406171679,1,"IOTHUB_CLIENT_CONFIRMATION_OK"
25222,10406171840,10406171884,1,"IOTHUB_CLIENT_CONFIRMATION_OK"
25223,10406172040,10406172186,1,"IOTHUB_CLIENT_CONFIRMATION_OK"
25224,10406172240,10406172282,1,"IOTHUB_CLIENT_CONFIRMATION_OK"
25225,10406172440,10406172485,1,"IOTHUB_CLIENT_CONFIRMATION_OK"
25226,10406172640,10406172730,1,"IOTHUB_CLIENT_CONFIRMATION_OK"
25227,10406172840,10406172876,1,"IOTHUB_CLIENT_CONFIRMATION_OK"
25228,10406173041,10406173086,1,"IOTHUB_CLIENT_CONFIRMATION_OK"
25229,10406173241,10406173339,1,"IOTHUB_CLIENT_CONFIRMATION_OK"
25230,10406173441,10406173485,1,"IOTHUB_CLIENT_CONFIRMATION_OK"
25231,10406173641,10406173789,1,"IOTHUB_CLIENT_CONFIRMATION_OK"
25232,10406173841,10406174017,1,"IOTHUB_CLIENT_CONFIRMATION_OK"
25233,10406174041,10406174084,1,"IOTHUB_CLIENT_CONFIRMATION_OK"
25234,10406174241,10406174278,1,"IOTHUB_CLIENT_CONFIRMATION_OK"
25235,10406174442,10406174638,1,"IOTHUB_CLIENT_CONFIRMATION_OK"
25236,10406174642,10406174678,1,"IOTHUB_CLIENT_CONFIRMATION_OK"
25237,10406174842,10406174904,1,"IOTHUB_CLIENT_CONFIRMATION_OK"
25238,10406175042,10406175078,1,"IOTHUB_CLIENT_CONFIRMATION_OK"
25239,10406175242,10406175307,1,"IOTHUB_CLIENT_CONFIRMATION_OK"
25240,10406175442,10406175488,1,"IOTHUB_CLIENT_CONFIRMATION_OK"
25241,10406175643,10406175687,1,"IOTHUB_CLIENT_CONFIRMATION_OK"
25242,10406175843,10406175885,1,"IOTHUB_CLIENT_CONFIRMATION_OK"
25243,10406176043,10406176088,1,"IOTHUB_CLIENT_CONFIRMATION_OK"
25244,10406176243,10406176292,1,"IOTHUB_CLIENT_CONFIRMATION_OK"
25245,10406176443,10406176485,1,"IOTHUB_CLIENT_CONFIRMATION_OK"
25246,10406176643,10406176684,1,"IOTHUB_CLIENT_CONFIRMATION_OK"
25247,10406176844,10406176888,1,"IOTHUB_CLIENT_CONFIRMATION_OK"
25248,10406177044,10406177084,1,"IOTHUB_CLIENT_CONFIRMATION_OK"
25249,10406177244,10406177278,1,"IOTHUB_CLIENT_CONFIRMATION_OK"
25250,10406177444,10406177483,1,"IOTHUB_CLIENT_CONFIRMATION_OK"
25251,10406177644,10406177721,1,"IOTHUB_CLIENT_CONFIRMATION_OK"
25252,10406177844,10406177908,1,"IOTHUB_CLIENT_CONFIRMATION_OK"
25253,10406178045,10406178081,1,"IOTHUB_CLIENT_CONFIRMATION_OK"
25254,10406178245,10406178352,1,"IOTHUB_CLIENT_CONFIRMATION_OK"
25255,10406178445,10406178491,1,"IOTHUB_CLIENT_CONFIRMATION_OK"
25256,10406178645,10406178687,1,"IOTHUB_CLIENT_CONFIRMATION_OK"
25257,10406178845,10406178886,1,"IOTHUB_CLIENT_CONFIRMATION_OK"
25258,10406179045,10406179085,1,"IOTHUB_CLIENT_CONFIRMATION_OK"
25259,10406179245,10406179282,1,"IOTHUB_CLIENT_CONFIRMATION_OK"
25260,10406179446,10406179487,1,"IOTHUB_CLIENT_CONFIRMATION_OK"
25261,10406179646,10406179708,1,"IOTHUB_CLIENT_CONFIRMATION_OK"
25262,10406179846,10406179881,1,"IOTHUB_CLIENT_CONFIRMATION_OK"
25263,10406180046,10406180124,1,"IOTHUB_CLIENT_CONFIRMATION_OK"
25264,10406180246,10406180314,1,"IOTHUB_CLIENT_CONFIRMATION_OK"
25265,10406180446,10406180488,1,"IOTHUB_CLIENT_CONFIRMATION_OK"
25266,10406180647,10406180689,1,"IOTHUB_CLIENT_CONFIRMATION_OK"
25267,10406180847,10406180918,1,"IOTHUB_CLIENT_CONFIRMATION_OK"
25268,10406181047,10406181084,1,"IOTHUB_CLIENT_CONFIRMATION_OK"
25269,10406181247,10406181284,1,"IOTHUB_CLIENT_CONFIRMATION_OK"
25270,10406181447,10406181531,1,"IOTHUB_CLIENT_CONFIRMATION_OK"
25271,10406181647,10406181691,1,"IOTHUB_CLIENT_CONFIRMATION_OK"
25272,10406181848,10406181890,1,"IOTHUB_CLIENT_CONFIRMATION_OK"
25273,10406182048,10406182170,1,"IOTHUB_CLIENT_CONFIRMATION_OK"
25274,10406182248,10406182287,1,"IOTHUB_CLIENT_CONFIRMATION_OK"
25275,10406182448,10406182488,1,"IOTHUB_CLIENT_CONFIRMATION_OK"
25276,10406182648,10406182759,1,"IOTHUB_CLIENT_CONFIRMATION_OK"
25277,10406182848,10406182892,1,"IOTHUB_CLIENT_CONFIRMATION_OK"
25278,10406183048,10406183084,1,"IOTHUB_CLIENT_CONFIRMATION_OK"
25279,10406183249,10406183325,1,"IOTHUB_CLIENT_CONFIRMATION_OK"
25280,10406183449,10406183513,1,"IOTHUB_CLIENT_CONFIRMATION_OK"
25281,10406183649,10406183683,1,"IOTHUB_CLIENT_CONFIRMATION_OK"
25282,10406183849,10406183894,1,"IOTHUB_CLIENT_CONFIRMATION_OK"
25283,10406184049,10406184095,1,"IOTHUB_CLIENT_CONFIRMATION_OK"
25284,10406184249,10406184318,1,"IOTHUB_CLIENT_CONFIRMATION_OK"
25285,10406184450,10406184491,1,"IOTHUB_CLIENT_CONFIRMATION_OK"
25286,10406184650,10406184708,1,"IOTHUB_CLIENT_CONFIRMATION_OK"
25287,10406184850,10406184892,1,"IOTHUB_CLIENT_CONFIRMATION_OK"
25288,10406185050,10406185094,1,"IOTHUB_CLIENT_CONFIRMATION_OK"
25289,10406185250,10406185286,1,"IOTHUB_CLIENT_CONFIRMATION_OK"
25290,10406185450,10406185488,1,"IOTHUB_CLIENT_CONFIRMATION_OK"
25291,10406185650,10406185692,1,"IOTHUB_CLIENT_CONFIRMATION_OK"
25292,10406185851,10406186020,1,"IOTHUB_CLIENT_CONFIRMATION_OK"
25293,10406186051,10406186092,1,"IOTHUB_CLIENT_CONFIRMATION_OK"
25294,10406186251,10406186290,1,"IOTHUB_CLIENT_CONFIRMATION_OK"
25295,10406186451,10406186664,1,"IOTHUB_CLIENT_CONFIRMATION_OK"
25296,10406186651,10406186693,1,"IOTHUB_CLIENT_CONFIRMATION_OK"
25297,10406186851,10406186941,1,"IOTHUB_CLIENT_CONFIRMATION_OK"
25298,10406187052,10406187088,1,"IOTHUB_CLIENT_CONFIRMATION_OK"
25299,10406187252,10406187313,1,"IOTHUB_CLIENT_CONFIRMATION_OK"
25300,10406187452,10406187494,1,"IOTHUB_CLIENT_CONFIRMATION_OK"
25301,10406187652,10406187686,1,"IOTHUB_CLIENT_CONFIRMATION_OK"
25302,10406187852,10406187962,1,"IOTHUB_CLIENT_CONFIRMATION_OK"
25303,10406188052,10406188090,1,"IOTHUB_CLIENT_CONFIRMATION_OK"
25304,10406188252,10406188295,1,"IOTHUB_CLIENT_CONFIRMATION_OK"
25305,10406188453,10406188537,1,"IOTHUB_CLIENT_CONFIRMATION_OK"
25306,10406188653,10406188726,1,"IOTHUB_CLIENT_CONFIRMATION_OK"
25307,10406188853,10406188947,1,"IOTHUB_CLIENT_CONFIRMATION_OK"
25308,10406189053,10406189152,1,"IOTHUB_CLIENT_CONFIRMATION_OK"
25309,10406189253,10406189311,1,"IOTHUB_CLIENT_CONFIRMATION_OK"
25310,10406189453,10406189505,1,"IOTHUB_CLIENT_CONFIRMATION_OK"
25311,10406189654,10406189759,1,"IOTHUB_CLIENT_CONFIRMATION_OK"
25312,10406189854,10406189908,1,"IOTHUB_CLIENT_CONFIRMATION_OK"
25313,10406190054,10406190104,1,"IOTHUB_CLIENT_CONFIRMATION_OK"
25314,10406190254,10406190367,1,"IOTHUB_CLIENT_CONFIRMATION_OK"
25315,10406190454,10406190519,1,"IOTHUB_CLIENT_CONFIRMATION_OK"
25316,10406190654,10406190708,1,"IOTHUB_CLIENT_CONFIRMATION_OK"
25317,10406190855,10406190971,1,"IOTHUB_CLIENT_CONFIRMATION_OK"
25318,10406191055,10406191090,1,"IOTHUB_CLIENT_CONFIRMATION_OK"
25319,10406191255,10406191294,1,"IOTHUB_CLIENT_CONFIRMATION_OK"
25320,10406191455,10406191490,1,"IOTHUB_CLIENT_CONFIRMATION_OK"
25321,10406191655,10406191691,1,"IOTHUB_CLIENT_CONFIRMATION_OK"
25322,10406191855,10406191895,1,"IOTHUB_CLIENT_CONFIRMATION_OK"
25323,10406192055,10406192094,1,"IOTHUB_CLIENT_CONFIRMATION_OK"
25324,10406192256,10406192292,1,"IOTHUB_CLIENT_CONFIRMATION_OK"
25325,10406192456,10406192497,1,"IOTHUB_CLIENT_CONFIRMATION_OK"
25326,10406192656,10406192694,1,"IOTHUB_CLIENT_CONFIRMATION_OK"
25327,10406192856,10406192897,1,"IOTHUB_CLIENT_CONFIRMATION_OK"
25328,10406193056,10406193109,1,"IOTHUB_CLIENT_CONFIRMATION_OK"
25329,10406193256,10406193292,1,"IOTHUB_CLIENT_CONFIRMATION_OK"
25330,10406193457,10406193496,1,"IOTHUB_CLIENT_CONFIRMATION_OK"
25331,10406193657,10406193692,1,"IOTHUB_CLIENT_CONFIRMATION_OK"
25332,10406193857,10406193914,1,"IOTHUB_CLIENT_CONFIRMATION_OK"
25333,10406194057,10406194099,1,"IOTHUB_CLIENT_CONFIRMATION_OK"
25334,10406194257,10406194318,1,"IOTHUB_CLIENT_CONFIRMATION_OK"
25335,10406194457,10406194487,1,"IOTHUB_CLIENT_CONFIRMATION_OK"
25336,10406194657,10406194782,1,"IOTHUB_CLIENT_CONFIRMATION_OK"
25337,10406194858,10406194914,1,"IOTHUB_CLIENT_CONFIRMATION_OK"
25338,10406195058,10406195140,1,"IOTHUB_CLIENT_CONFIRMATION_OK"
25339,10406195258,10406195304,1,"IOTHUB_CLIENT_CONFIRMATION_OK"
25340,10406195458,10406195508,1,"IOTHUB_CLIENT_CONFIRMATION_OK"
25341,10406195658,10406195699,1,"IOTHUB_CLIENT_CONFIRMATION_OK"
25342,10406195858,10406195928,1,"IOTHUB_CLIENT_CONFIRMATION_OK"
25343,10406196059,10406196095,1,"IOTHUB_CLIENT_CONFIRMATION_OK"
25344,10406196259,10406196310,1,"IOTHUB_CLIENT_CONFIRMATION_OK"
25345,10406196459,10406196499,1,"IOTHUB_CLIENT_CONFIRMATION_OK"
25346,10406196659,10406196699,1,"IOTHUB_CLIENT_CONFIRMATION_OK"
25347,10406196859,10406196897,1,"IOTHUB_CLIENT_CONFIRMATION_OK"
25348,10406197059,10406197100,1,"IOTHUB_CLIENT_CONFIRMATION_OK"
25349,10406197259,10406197332,1,"IOTHUB_CLIENT_CONFIRMATION_OK"
25350,10406197460,10406197497,1,"IOTHUB_CLIENT_CONFIRMATION_OK"
25351,10406197660,10406197699,1,"IOTHUB_CLIENT_CONFIRMATION_OK"
25352,10406197860,10406197902,1,"IOTHUB_CLIENT_CONFIRMATION_OK"
25353,10406198060,10406198102,1,"IOTHUB_CLIENT_CONFIRMATION_OK"
25354,10406198260,10406198295,1,"IOTHUB_CLIENT_CONFIRMATION_OK"
25355,10406198460,10406198651,1,"IOTHUB_CLIENT_CONFIRMATION_OK"
25356,10406198661,10406198698,1,"IOTHUB_CLIENT_CONFIRMATION_OK"
25357,10406198861,10406198899,1,"IOTHUB_CLIENT_CONFIRMATION_OK"
25358,10406199061,10406199099,1,"IOTHUB_CLIENT_CONFIRMATION_OK"
25359,10406199261,10406199305,1,"IOTHUB_CLIENT_CONFIRMATION_OK"
25360,10406199461,10406199506,1,"IOTHUB_CLIENT_CONFIRMATION_OK"
25361,10406199661,10406199701,1,"IOTHUB_CLIENT_CONFIRMATION_OK"
25362,10406199862,10406200657,1,"IOTHUB_CLIENT_CONFIRMATION_OK"
25363,10406200062,10406200815,1,"IOTHUB_CLIENT_CONFIRMATION_OK"
25364,10406200262,10406200882,1,"IOTHUB_CLIENT_CONFIRMATION_OK"
25365,10406200462,10406200930,1,"IOTHUB_CLIENT_CONFIRMATION_OK"
25366,10406200662,10406200991,1,"IOTHUB_CLIENT_CONFIRMATION_OK"
25367,10406200862,10406201056,1,"IOTHUB_CLIENT_CONFIRMATION_OK"
25368,10406201063,10406201127,1,"IOTHUB_CLIENT_CONFIRMATION_OK"
25369,10406201263,10406201303,1,"IOTHUB_CLIENT_CONFIRMATION_OK"
25370,10406201463,10406201522,1,"IOTHUB_CLIENT_CONFIRMATION_OK"
25371,10406201663,10406201708,1,"IOTHUB_CLIENT_CONFIRMATION_OK"
25372,10406201863,10406201904,1,"IOTHUB_CLIENT_CONFIRMATION_OK"
25373,10406202063,10406202102,1,"IOTHUB_CLIENT_CONFIRMATION_OK"
25374,10406202263,10406202311,1,"IOTHUB_CLIENT_CONFIRMATION_OK"
25375,10406202464,10406202516,1,"IOTHUB_CLIENT_CONFIRMATION_OK"
25376,10406202664,10406202707,1,"IOTHUB_CLIENT_CONFIRMATION_OK"
25377,10406202864,10406202905,1,"IOTHUB_CLIENT_CONFIRMATION_OK"
25378,10406203064,10406203114,1,"IOTHUB_CLIENT_CONFIRMATION_OK"
25379,10406203264,10406203302,1,"IOTHUB_CLIENT_CONFIRMATION_OK"
25380,10406203464,10406203501,1,"IOTHUB_CLIENT_CONFIRMATION_OK"
25381,10406203665,10406203710,1,"IOTHUB_CLIENT_CONFIRMATION_OK"
25382,10406203865,10406203906,1,"IOTHUB_CLIENT_CONFIRMATION_OK"
25383,10406204065,10406204133,1,"IOTHUB_CLIENT_CONFIRMATION_OK"
25384,10406204265,10406204338,1,"IOTHUB_CLIENT_CONFIRMATION_OK"
25385,10406204465,10406204529,1,"IOTHUB_CLIENT_CONFIRMATION_OK"
25386,10406204665,10406204701,1,"IOTHUB_CLIENT_CONFIRMATION_OK"
25387,10406204865,10406204958,1,"IOTHUB_CLIENT_CONFIRMATION_OK"
25388,10406205066,10406205101,1,"IOTHUB_CLIENT_CONFIRMATION_OK"
25389,10406205266,10406205304,1,"IOTHUB_CLIENT_CONFIRMATION_OK"
25390,10406205466,10406205553,1,"IOTHUB_CLIENT_CONFIRMATION_OK"
25391,10406205666,10406205709,1,"IOTHUB_CLIENT_CONFIRMATION_OK"
25392,10406205866,10406205903,1,"IOTHUB_CLIENT_CONFIRMATION_OK"
25393,10406206066,10406206165,1,"IOTHUB_CLIENT_CONFIRMATION_OK"
25394,10406206267,10406206309,1,"IOTHUB_CLIENT_CONFIRMATION_OK"
25395,10406206467,10406206515,1,"IOTHUB_CLIENT_CONFIRMATION_OK"
25396,10406206667,10406206765,1,"IOTHUB_CLIENT_CONFIRMATION_OK"
25397,10406206867,10406206905,1,"IOTHUB_CLIENT_CONFIRMATION_OK"
25398,10406207067,10406207101,1,"IOTHUB_CLIENT_CONFIRMATION_OK"
25399,10406207267,10406207334,1,"IOTHUB_CLIENT_CONFIRMATION_OK"
25400,10406207467,10406207507,1,"IOTHUB_CLIENT_CONFIRMATION_OK"
25401,10406207668,10406207721,1,"IOTHUB_CLIENT_CONFIRMATION_OK"
25402,10406207868,10406207912,1,"IOTHUB_CLIENT_CONFIRMATION_OK"
25403,10406208068,10406208105,1,"IOTHUB_CLIENT_CONFIRMATION_OK"
25404,10406208268,10406208306,1,"IOTHUB_CLIENT_CONFIRMATION_OK"
25405,10406208468,10406208509,1,"IOTHUB_CLIENT_CONFIRMATION_OK"
25406,10406208668,10406208716,1,"IOTHUB_CLIENT_CONFIRMATION_OK"
25407,10406208869,10406208907,1,"IOTHUB_CLIENT_CONFIRMATION_OK"
25408,10406209069,10406209110,1,"IOTHUB_CLIENT_CONFIRMATION_OK"
25409,10406209269,10406209310,1,"IOTHUB_CLIENT_CONFIRMATION_OK"
25410,10406209469,10406209532,1,"IOTHUB_CLIENT_CONFIRMATION_OK"
25411,10406209669,10406209717,1,"IOTHUB_CLIENT_CONFIRMATION_OK"
25412,10406209869,10406210039,1,"IOTHUB_CLIENT_CONFIRMATION_OK"
25413,10406210069,10406210105,1,"IOTHUB_CLIENT_CONFIRMATION_OK"
25414,10406210270,10406210305,1,"IOTHUB_CLIENT_CONFIRMATION_OK"
25415,10406210470,10406210641,1,"IOTHUB_CLIENT_CONFIRMATION_OK"
25416,10406210670,10406210708,1,"IOTHUB_CLIENT_CONFIRMATION_OK"
25417,10406210870,10406210909,1,"IOTHUB_CLIENT_CONFIRMATION_OK"
25418,10406211070,10406211105,1,"IOTHUB_CLIENT_CONFIRMATION_OK"
25419,10406211270,10406211306,1,"IOTHUB_CLIENT_CONFIRMATION_OK"
25420,10406211471,10406211518,1,"IOTHUB_CLIENT_CONFIRMATION_OK"
25421,10406211671,10406211727,1,"IOTHUB_CLIENT_CONFIRMATION_OK"
25422,10406211871,10406211912,1,"IOTHUB_CLIENT_CONFIRMATION_OK"
25423,10406212071,10406212112,1,"IOTHUB_CLIENT_CONFIRMATION_OK"
25424,10406212271,10406212316,1,"IOTHUB_CLIENT_CONFIRMATION_OK"
25425,10406212471,10406212512,1,"IOTHUB_CLIENT_CONFIRMATION_OK"
25426,10406212672,10406212710,1,"IOTHUB_CLIENT_CONFIRMATION_OK"
25427,10406212872,10406212911,1,"IOTHUB_CLIENT_CONFIRMATION_OK"
25428,10406213072,10406213118,1,"IOTHUB_CLIENT_CONFIRMATION_OK"
25429,10406213272,10406213317,1,"IOTHUB_CLIENT_CONFIRMATION_OK"
25430,10406213472,10406213522,1,"IOTHUB_CLIENT_CONFIRMATION_OK"
25431,10406213672,10406213748,1,"IOTHUB_CLIENT_CONFIRMATION_OK"
25432,10406213873,10406213915,1,"IOTHUB_CLIENT_CONFIRMATION_OK"
25433,10406214073,10406214141,1,"IOTHUB_CLIENT_CONFIRMATION_OK"
25434,10406214273,10406214357,1,"IOTHUB_CLIENT_CONFIRMATION_OK"
25435,10406214473,10406214518,1,"IOTHUB_CLIENT_CONFIRMATION_OK"
25436,10406214673,10406214717,1,"IOTHUB_CLIENT_CONFIRMATION_OK"
25437,10406214873,10406214954,1,"IOTHUB_CLIENT_CONFIRMATION_OK"
25438,10406215074,10406215112,1,"IOTHUB_CLIENT_CONFIRMATION_OK"
25439,10406215274,10406215314,1,"IOTHUB_CLIENT_CONFIRMATION_OK"
25440,10406215474,10406215519,1,"IOTHUB_CLIENT_CONFIRMATION_OK"
25441,10406215674,10406215728,1,"IOTHUB_CLIENT_CONFIRMATION_OK"
25442,10406215874,10406215911,1,"IOTHUB_CLIENT_CONFIRMATION_OK"
25443,10406216074,10406216127,1,"IOTHUB_CLIENT_CONFIRMATION_OK"
25444,10406216275,10406216310,1,"IOTHUB_CLIENT_CONFIRMATION_OK"
25445,10406216475,10406216514,1,"IOTHUB_CLIENT_CONFIRMATION_OK"
25446,10406216675,10406216732,1,"IOTHUB_CLIENT_CONFIRMATION_OK"
25447,10406216875,10406217015,1,"IOTHUB_CLIENT_CONFIRMATION_OK"
25448,10406217075,10406217141,1,"IOTHUB_CLIENT_CONFIRMATION_OK"
25449,10406217275,10406217313,1,"IOTHUB_CLIENT_CONFIRMATION_OK"
25450,10406217475,10406217611,1,"IOTHUB_CLIENT_CONFIRMATION_OK"
25451,10406217676,10406217719,1,"IOTHUB_CLIENT_CONFIRMATION_OK"
25452,10406217876,10406217929,1,"IOTHUB_CLIENT_CONFIRMATION_OK"
25453,10406218076,10406218213,1,"IOTHUB_CLIENT_CONFIRMATION_OK"
25454,10406218276,10406218316,1,"IOTHUB_CLIENT_CONFIRMATION_OK"
25455,10406218476,10406218515,1,"IOTHUB_CLIENT_CONFIRMATION_OK"
25456,10406218676,10406218821,1,"IOTHUB_CLIENT_CONFIRMATION_OK"
25457,10406218876,10406218931,1,"IOTHUB_CLIENT_CONFIRMATION_OK"
25458,10406219077,10406219112,1,"IOTHUB_CLIENT_CONFIRMATION_OK"
25459,10406219277,10406219327,1,"IOTHUB_CLIENT_CONFIRMATION_OK"
25460,10406219477,10406219511,1,"IOTHUB_CLIENT_CONFIRMATION_OK"
25461,10406219677,10406219716,1,"IOTHUB_CLIENT_CONFIRMATION_OK"
25462,10406219877,10406219949,1,"IOTHUB_CLIENT_CONFIRMATION_OK"
25463,10406220077,10406220145,1,"IOTHUB_CLIENT_CONFIRMATION_OK"
25464,10406220277,10406220317,1,"IOTHUB_CLIENT_CONFIRMATION_OK"
25465,10406220478,10406220533,1,"IOTHUB_CLIENT_CONFIRMATION_OK"
25466,10406220678,10406220736,1,"IOTHUB_CLIENT_CONFIRMATION_OK"
25467,10406220878,10406220924,1,"IOTHUB_CLIENT_CONFIRMATION_OK"
25468,10406221078,10406221133,1,"IOTHUB_CLIENT_CONFIRMATION_OK"
25469,10406221278,10406221316,1,"IOTHUB_CLIENT_CONFIRMATION_OK"
25470,10406221478,10406221511,1,"IOTHUB_CLIENT_CONFIRMATION_OK"
25471,10406221679,10406221722,1,"IOTHUB_CLIENT_CONFIRMATION_OK"
25472,10406221879,10406221917,1,"IOTHUB_CLIENT_CONFIRMATION_OK"
25473,10406222079,10406222121,1,"IOTHUB_CLIENT_CONFIRMATION_OK"
25474,10406222279,10406222337,1,"IOTHUB_CLIENT_CONFIRMATION_OK"
25475,10406222479,10406222671,1,"IOTHUB_CLIENT_CONFIRMATION_OK"
25476,10406222679,10406222721,1,"IOTHUB_CLIENT_CONFIRMATION_OK"
25477,10406222880,10406222923,1,"IOTHUB_CLIENT_CONFIRMATION_OK"
25478,10406223080,10406223126,1,"IOTHUB_CLIENT_CONFIRMATION_OK"
25479,10406223280,10406223314,1,"IOTHUB_CLIENT_CONFIRMATION_OK"
25480,10406223480,10406223517,1,"IOTHUB_CLIENT_CONFIRMATION_OK"
25481,10406223680,10406223726,1,"IOTHUB_CLIENT_CONFIRMATION_OK"
25482,10406223880,10406223913,1,"IOTHUB_CLIENT_CONFIRMATION_OK"
25483,10406224081,10406224115,1,"IOTHUB_CLIENT_CONFIRMATION_OK"
25484,10406224281,10406224335,1,"IOTHUB_CLIENT_CONFIRMATION_OK"
25485,10406224481,10406224551,1,"IOTHUB_CLIENT_CONFIRMATION_OK"
25486,10406224681,10406224726,1,"IOTHUB_CLIENT_CONFIRMATION_OK"
25487,10406224881,10406224929,1,"IOTHUB_CLIENT_CONFIRMATION_OK"
25488,10406225081,10406225122,1,"IOTHUB_CLIENT_CONFIRMATION_OK"
25489,10406225281,10406225317,1,"IOTHUB_CLIENT_CONFIRMATION_OK"
25490,10406225482,10406225521,1,"IOTHUB_CLIENT_CONFIRMATION_OK"
25491,10406225682,10406225729,1,"IOTHUB_CLIENT_CONFIRMATION_OK"
25492,10406225882,10406225916,1,"IOTHUB_CLIENT_CONFIRMATION_OK"
25493,10406226082,10406226124,1,"IOTHUB_CLIENT_CONFIRMATION_OK"
25494,10406226282,10406226348,1,"IOTHUB_CLIENT_CONFIRMATION_OK"
25495,10406226482,10406226540,1,"IOTHUB_CLIENT_CONFIRMATION_OK"
25496,10406226683,10406226721,1,"IOTHUB_CLIENT_CONFIRMATION_OK"
25497,10406226883,10406226955,1,"IOTHUB_CLIENT_CONFIRMATION_OK"
25498,10406227083,10406227124,1,"IOTHUB_CLIENT_CONFIRMATION_OK"
25499,10406227283,10406227318,1,"IOTHUB_CLIENT_CONFIRMATION_OK"
25500,10406227483,10406227523,1,"IOTHUB_CLIENT_CONFIRMATION_OK"
25501,10406227683,10406227750,1,"IOTHUB_CLIENT_CONFIRMATION_OK"
25502,10406227884,10406227924,1,"IOTHUB_CLIENT_CONFIRMATION_OK"
25503,10406228084,10406228130,1,"IOTHUB_CLIENT_CONFIRMATION_OK"
25504,10406228284,10406228325,1,"IOTHUB_CLIENT_CONFIRMATION_OK"
25505,10406228484,10406228524,1,"IOTHUB_CLIENT_CONFIRMATION_OK"
25506,10406228684,10406228727,1,"IOTHUB_CLIENT_CONFIRMATION_OK"
25507,10406228884,10406229006,1,"IOTHUB_CLIENT_CONFIRMATION_OK"
25508,10406229084,10406229122,1,"IOTHUB_CLIENT_CONFIRMATION_OK"
25509,10406229285,10406229324,1,"IOTHUB_CLIENT_CONFIRMATION_OK"
25510,10406229485,10406229623,1,"IOTHUB_CLIENT_CONFIRMATION_OK"
25511,10406229685,10406229727,1,"IOTHUB_CLIENT_CONFIRMATION_OK"
25512,10406229885,10406229938,1,"IOTHUB_CLIENT_CONFIRMATION_OK"
25513,10406230085,10406230242,1,"IOTHUB_CLIENT_CONFIRMATION_OK"
25514,10406230285,10406230331,1,"IOTHUB_CLIENT_CONFIRMATION_OK"
25515,10406230486,10406230527,1,"IOTHUB_CLIENT_CONFIRMATION_OK"
25516,10406230686,10406230852,1,"IOTHUB_CLIENT_CONFIRMATION_OK"
25517,10406230886,10406230924,1,"IOTHUB_CLIENT_CONFIRMATION_OK"
25518,10406231086,10406231133,1,"IOTHUB_CLIENT_CONFIRMATION_OK"
25519,10406231286,10406231327,1,"IOTHUB_CLIENT_CONFIRMATION_OK"
25520,10406231486,10406231524,1,"IOTHUB_CLIENT_CONFIRMATION_OK"
25521,10406231686,10406231729,1,"IOTHUB_CLIENT_CONFIRMATION_OK"
25522,10406231887,10406231925,1,"IOTHUB_CLIENT_CONFIRMATION_OK"
25523,10406232087,10406232121,1,"IOTHUB_CLIENT_CONFIRMATION_OK"
25524,10406232287,10406232327,1,"IOTHUB_CLIENT_CONFIRMATION_OK"
25525,10406232487,10406232560,1,"IOTHUB_CLIENT_CONFIRMATION_OK"
25526,10406232687,10406232727,1,"IOTHUB_CLIENT_CONFIRMATION_OK"
25527,10406232888,10406232923,1,"IOTHUB_CLIENT_CONFIRMATION_OK"
25528,10406233088,10406233123,1,"IOTHUB_CLIENT_CONFIRMATION_OK"
25529,10406233288,10406233345,1,"IOTHUB_CLIENT_CONFIRMATION_OK"
25530,10406233488,10406233527,1,"IOTHUB_CLIENT_CONFIRMATION_OK"
25531,10406233688,10406233725,1,"IOTHUB_CLIENT_CONFIRMATION_OK"
25532,10406233888,10406233939,1,"IOTHUB_CLIENT_CONFIRMATION_OK"
25533,10406234088,10406234153,1,"IOTHUB_CLIENT_CONFIRMATION_OK"
25534,10406234289,10406234332,1,"IOTHUB_CLIENT_CONFIRMATION_OK"
25535,10406234489,10406234542,1,"IOTHUB_CLIENT_CONFIRMATION_OK"
25536,10406234689,10406234759,1,"IOTHUB_CLIENT_CONFIRMATION_OK"
25537,10406234889,10406234929,1,"IOTHUB_CLIENT_CONFIRMATION_OK"
25538,10406235089,10406235147,1,"IOTHUB_CLIENT_CONFIRMATION_OK"
25539,10406235289,10406235334,1,"IOTHUB_CLIENT_CONFIRMATION_OK"
25540,10406235489,10406235535,1,"IOTHUB_CLIENT_CONFIRMATION_OK"
25541,10406235690,10406235822,1,"IOTHUB_CLIENT_CONFIRMATION_OK"
25542,10406235890,10406236043,1,"IOTHUB_CLIENT_CONFIRMATION_OK"
25543,10406236090,10406236134,1,"IOTHUB_CLIENT_CONFIRMATION_OK"
25544,10406236290,10406236331,1,"IOTHUB_CLIENT_CONFIRMATION_OK"
25545,10406236490,10406236537,1,"IOTHUB_CLIENT_CONFIRMATION_OK"
25546,10406236690,10406236727,1,"IOTHUB_CLIENT_CONFIRMATION_OK"
25547,10406236891,10406236928,1,"IOTHUB_CLIENT_CONFIRMATION_OK"
25548,10406237091,10406237130,1,"IOTHUB_CLIENT_CONFIRMATION_OK"
25549,10406237291,10406237341,1,"IOTHUB_CLIENT_CONFIRMATION_OK"
25550,10406237491,10406237526,1,"IOTHUB_CLIENT_CONFIRMATION_OK"
25551,10406237691,10406237732,1,"IOTHUB_CLIENT_CONFIRMATION_OK"
25552,10406237891,10406237932,1,"IOTHUB_CLIENT_CONFIRMATION_OK"
25553,10406238091,10406238131,1,"IOTHUB_CLIENT_CONFIRMATION_OK"
25554,10406238292,10406238500,1,"IOTHUB_CLIENT_CONFIRMATION_OK"
25555,10406238492,10406238535,1,"IOTHUB_CLIENT_CONFIRMATION_OK"
25556,10406238692,10406238731,1,"IOTHUB_CLIENT_CONFIRMATION_OK"
25557,10406238892,10406239123,1,"IOTHUB_CLIENT_CONFIRMATION_OK"
25558,10406239092,10406239147,1,"IOTHUB_CLIENT_CONFIRMATION_OK"
25559,10406239292,10406239344,1,"IOTHUB_CLIENT_CONFIRMATION_OK"
25560,10406239493,10406239533,1,"IOTHUB_CLIENT_CONFIRMATION_OK"
25561,10406239693,10406239732,1,"IOTHUB_CLIENT_CONFIRMATION_OK"
25562,10406239893,10406239940,1,"IOTHUB_CLIENT_CONFIRMATION_OK"
25563,10406240093,10406240130,1,"IOTHUB_CLIENT_CONFIRMATION_OK"
25564,10406240293,10406240337,1,"IOTHUB_CLIENT_CONFIRMATION_OK"
25565,10406240493,10406240536,1,"IOTHUB_CLIENT_CONFIRMATION_OK"
25566,10406240694,10406240736,1,"IOTHUB_CLIENT_CONFIRMATION_OK"
25567,10406240894,10406240937,1,"IOTHUB_CLIENT_CONFIRMATION_OK"
25568,10406241094,10406241138,1,"IOTHUB_CLIENT_CONFIRMATION_OK"
25569,10406241294,10406241336,1,"IOTHUB_CLIENT_CONFIRMATION_OK"
25570,10406241494,10406241546,1,"IOTHUB_CLIENT_CONFIRMATION_OK"
25571,10406241694,10406241802,1,"IOTHUB_CLIENT_CONFIRMATION_OK"
25572,10406241894,10406241945,1,"IOTHUB_CLIENT_CONFIRMATION_OK"
25573,10406242095,10406242268,1,"IOTHUB_CLIENT_CONFIRMATION_OK"
25574,10406242295,10406242329,1,"IOTHUB_CLIENT_CONFIRMATION_OK"
25575,10406242495,10406242546,1,"IOTHUB_CLIENT_CONFIRMATION_OK"
25576,10406242695,10406242881,1,"IOTHUB_CLIENT_CONFIRMATION_OK"
25577,10406242895,10406242934,1,"IOTHUB_CLIENT_CONFIRMATION_OK"
25578,10406243095,10406243134,1,"IOTHUB_CLIENT_CONFIRMATION_OK"
25579,10406243296,10406243341,1,"IOTHUB_CLIENT_CONFIRMATION_OK"
25580,10406243496,10406243539,1,"IOTHUB_CLIENT_CONFIRMATION_OK"
25581,10406243696,10406243765,1,"IOTHUB_CLIENT_CONFIRMATION_OK"
25582,10406243896,10406243939,1,"IOTHUB_CLIENT_CONFIRMATION_OK"
25583,10406244096,10406244146,1,"IOTHUB_CLIENT_CONFIRMATION_OK"
25584,10406244296,10406244381,1,"IOTHUB_CLIENT_CONFIRMATION_OK"
25585,10406244496,10406244544,1,"IOTHUB_CLIENT_CONFIRMATION_OK"
25586,10406244697,10406244770,1,"IOTHUB_CLIENT_CONFIRMATION_OK"
25587,10406244897,10406244937,1,"IOTHUB_CLIENT_CONFIRMATION_OK"
25588,10406245097,10406245143,1,"IOTHUB_CLIENT_CONFIRMATION_OK"
25589,10406245297,10406245350,1,"IOTHUB_CLIENT_CONFIRMATION_OK"
25590,10406245497,10406245544,1,"IOTHUB_CLIENT_CONFIRMATION_OK"
25591,10406245697,10406245741,1,"IOTHUB_CLIENT_CONFIRMATION_OK"
25592,10406245898,10406245946,1,"IOTHUB_CLIENT_CONFIRMATION_OK"
25593,10406246098,10406246143,1,"IOTHUB_CLIENT_CONFIRMATION_OK"
25594,10406246298,10406246340,1,"IOTHUB_CLIENT_CONFIRMATION_OK"
25595,10406246498,10406246543,1,"IOTHUB_CLIENT_CONFIRMATION_OK"
25596,10406246698,10406246749,1,"IOTHUB_CLIENT_CONFIRMATION_OK"
25597,10406246898,10406246955,1,"IOTHUB_CLIENT_CONFIRMATION_OK"
25598,10406247099,10406247152,1,"IOTHUB_CLIENT_CONFIRMATION_OK"
25599,10406247299,10406247337,1,"IOTHUB_CLIENT_CONFIRMATION_OK"
25600,10406247499,10406247539,1,"IOTHUB_CLIENT_CONFIRMATION_OK"
25601,10406247699,10406247834,1,"IOTHUB_CLIENT_CONFIRMATION_OK"
25602,10406247899,10406248075,1,"IOTHUB_CLIENT_CONFIRMATION_OK"
25603,10406248099,10406248138,1,"IOTHUB_CLIENT_CONFIRMATION_OK"
25604,10406248299,10406248339,1,"IOTHUB_CLIENT_CONFIRMATION_OK"
25605,10406248500,10406248551,1,"IOTHUB_CLIENT_CONFIRMATION_OK"
25606,10406248700,10406248746,1,"IOTHUB_CLIENT_CONFIRMATION_OK"
25607,10406248900,10406248940,1,"IOTHUB_CLIENT_CONFIRMATION_OK"
25608,10406249100,10406249142,1,"IOTHUB_CLIENT_CONFIRMATION_OK"
25609,10406249300,10406249410,1,"IOTHUB_CLIENT_CONFIRMATION_OK"
25610,10406249500,10406249540,1,"IOTHUB_CLIENT_CONFIRMATION_OK"
25611,10406249701,10406249741,1,"IOTHUB_CLIENT_CONFIRMATION_OK"
25612,10406249901,10406249981,1,"IOTHUB_CLIENT_CONFIRMATION_OK"
25613,10406250101,10406250150,1,"IOTHUB_CLIENT_CONFIRMATION_OK"
25614,10406250301,10406250482,1,"IOTHUB_CLIENT_CONFIRMATION_OK"
25615,10406250501,10406250615,1,"IOTHUB_CLIENT_CONFIRMATION_OK"
25616,10406250701,10406250736,1,"IOTHUB_CLIENT_CONFIRMATION_OK"
25617,10406250901,10406251081,1,"IOTHUB_CLIENT_CONFIRMATION_OK"
25618,10406251102,10406251136,1,"IOTHUB_CLIENT_CONFIRMATION_OK"
25619,10406251302,10406251347,1,"IOTHUB_CLIENT_CONFIRMATION_OK"
25620,10406251502,10406251567,1,"IOTHUB_CLIENT_CONFIRMATION_OK"
25621,10406251702,10406251742,1,"IOTHUB_CLIENT_CONFIRMATION_OK"
25622,10406251902,10406251941,1,"IOTHUB_CLIENT_CONFIRMATION_OK"
25623,10406252102,10406252144,1,"IOTHUB_CLIENT_CONFIRMATION_OK"
25624,10406252303,10406252357,1,"IOTHUB_CLIENT_CONFIRMATION_OK"
25625,10406252503,10406252551,1,"IOTHUB_CLIENT_CONFIRMATION_OK"
25626,10406252703,10406252772,1,"IOTHUB_CLIENT_CONFIRMATION_OK"
25627,10406252903,10406252958,1,"IOTHUB_CLIENT_CONFIRMATION_OK"
25628,10406253103,10406253143,1,"IOTHUB_CLIENT_CONFIRMATION_OK"
25629,10406253303,10406253343,1,"IOTHUB_CLIENT_CONFIRMATION_OK"
25630,10406253504,10406253570,1,"IOTHUB_CLIENT_CONFIRMATION_OK"
25631,10406253704,10406253747,1,"IOTHUB_CLIENT_CONFIRMATION_OK"
25632,10406253904,10406253960,1,"IOTHUB_CLIENT_CONFIRMATION_OK"
25633,10406254104,10406254176,1,"IOTHUB_CLIENT_CONFIRMATION_OK"
25634,10406254304,10406254342,1,"IOTHUB_CLIENT_CONFIRMATION_OK"
25635,10406254504,10406254554,1,"IOTHUB_CLIENT_CONFIRMATION_OK"
25636,10406254704,10406254775,1,"IOTHUB_CLIENT_CONFIRMATION_OK"
25637,10406254905,10406254944,1,"IOTHUB_CLIENT_CONFIRMATION_OK"
25638,10406255105,10406255149,1,"IOTHUB_CLIENT_CONFIRMATION_OK"
25639,10406255305,10406255350,1,"IOTHUB_CLIENT_CONFIRMATION_OK"
25640,10406255505,10406255588,1,"IOTHUB_CLIENT_CONFIRMATION_OK"
25641,10406255705,10406255757,1,"IOTHUB_CLIENT_CONFIRMATION_OK"
25642,10406255905,10406255949,1,"IOTHUB_CLIENT_CONFIRMATION_OK"
25643,10406256106,10406256152,1,"IOTHUB_CLIENT_CONFIRMATION_OK"
25644,10406256306,10406256370,1,"IOTHUB_CLIENT_CONFIRMATION_OK"
25645,10406256506,10406256554,1,"IOTHUB_CLIENT_CONFIRMATION_OK"
25646,10406256706,10406256751,1,"IOTHUB_CLIENT_CONFIRMATION_OK"
25647,10406256906,10406256949,1,"IOTHUB_CLIENT_CONFIRMATION_OK"
25648,10406257106,10406257195,1,"IOTHUB_CLIENT_CONFIRMATION_OK"
25649,10406257307,10406257446,1,"IOTHUB_CLIENT_CONFIRMATION_OK"
25650,10406257507,10406257560,1,"IOTHUB_CLIENT_CONFIRMATION_OK"
25651,10406257707,10406257749,1,"IOTHUB_CLIENT_CONFIRMATION_OK"
25652,10406257907,10406258062,1,"IOTHUB_CLIENT_CONFIRMATION_OK"
25653,10406258107,10406258149,1,"IOTHUB_CLIENT_CONFIRMATION_OK"
25654,10406258307,10406258355,1,"IOTHUB_CLIENT_CONFIRMATION_OK"
25655,10406258508,10406258678,1,"IOTHUB_CLIENT_CONFIRMATION_OK"
25656,10406258708,10406258753,1,"IOTHUB_CLIENT_CONFIRMATION_OK"
25657,10406258908,10406258944,1,"IOTHUB_CLIENT_CONFIRMATION_OK"
25658,10406259108,10406259141,1,"IOTHUB_CLIENT_CONFIRMATION_OK"
25659,10406259308,10406259360,1,"IOTHUB_CLIENT_CONFIRMATION_OK"
25660,10406259508,10406259542,1,"IOTHUB_CLIENT_CONFIRMATION_OK"
25661,10406259709,10406259753,1,"IOTHUB_CLIENT_CONFIRMATION_OK"
25662,10406259909,10406259946,1,"IOTHUB_CLIENT_CONFIRMATION_OK"
25663,10406260109,10406260145,1,"IOTHUB_CLIENT_CONFIRMATION_OK"
25664,10406260309,10406260465,1,"IOTHUB_CLIENT_CONFIRMATION_OK"
25665,10406260509,10406260548,1,"IOTHUB_CLIENT_CONFIRMATION_OK"
25666,10406260709,10406260749,1,"IOTHUB_CLIENT_CONFIRMATION_OK"
25667,10406260909,10406260948,1,"IOTHUB_CLIENT_CONFIRMATION_OK"
25668,10406261110,10406261148,1,"IOTHUB_CLIENT_CONFIRMATION_OK"
25669,10406261310,10406261382,1,"IOTHUB_CLIENT_CONFIRMATION_OK"
25670,10406261510,10406261545,1,"IOTHUB_CLIENT_CONFIRMATION_OK"
25671,10406261710,10406261748,1,"IOTHUB_CLIENT_CONFIRMATION_OK"
25672,10406261910,10406261946,1,"IOTHUB_CLIENT_CONFIRMATION_OK"
25673,10406262110,10406262140,1,"IOTHUB_CLIENT_CONFIRMATION_OK"
25674,10406262310,10406262360,1,"IOTHUB_CLIENT_CONFIRMATION_OK"
25675,10406262511,10406262546,1,"IOTHUB_CLIENT_CONFIRMATION_OK"
25676,10406262711,10406262757,1,"IOTHUB_CLIENT_CONFIRMATION_OK"
25677,10406262911,10406262957,1,"IOTHUB_CLIENT_CONFIRMATION_OK"
25678,10406263111,10406263146,1,"IOTHUB_CLIENT_CONFIRMATION_OK"
25679,10406263311,10406263358,1,"IOTHUB_CLIENT_CONFIRMATION_OK"
25680,10406263511,10406263548,1,"IOTHUB_CLIENT_CONFIRMATION_OK"
25681,10406263712,10406263748,1,"IOTHUB_CLIENT_CONFIRMATION_OK"
25682,10406263912,10406263947,1,"IOTHUB_CLIENT_CONFIRMATION_OK"
25683,10406264112,10406264153,1,"IOTHUB_CLIENT_CONFIRMATION_OK"
25684,10406264312,10406264422,1,"IOTHUB_CLIENT_CONFIRMATION_OK"
25685,10406264512,10406264550,1,"IOTHUB_CLIENT_CONFIRMATION_OK"
25686,10406264712,10406264768,1,"IOTHUB_CLIENT_CONFIRMATION_OK"
25687,10406264913,10406265004,1,"IOTHUB_CLIENT_CONFIRMATION_OK"
25688,10406265113,10406265158,1,"IOTHUB_CLIENT_CONFIRMATION_OK"
25689,10406265313,10406265351,1,"IOTHUB_CLIENT_CONFIRMATION_OK"
25690,10406265513,10406265608,1,"IOTHUB_CLIENT_CONFIRMATION_OK"
25691,10406265713,10406265807,1,"IOTHUB_CLIENT_CONFIRMATION_OK"
25692,10406265913,10406265961,1,"IOTHUB_CLIENT_CONFIRMATION_OK"
25693,10406266114,10406266235,1,"IOTHUB_CLIENT_CONFIRMATION_OK"
25694,10406266314,10406266362,1,"IOTHUB_CLIENT_CONFIRMATION_OK"
25695,10406266514,10406266557,1,"IOTHUB_CLIENT_CONFIRMATION_OK"
25696,10406266714,10406266814,1,"IOTHUB_CLIENT_CONFIRMATION_OK"
25697,10406266914,10406266986,1,"IOTHUB_CLIENT_CONFIRMATION_OK"
25698,10406267114,10406267156,1,"IOTHUB_CLIENT_CONFIRMATION_OK"
25699,10406267314,10406267353,1,"IOTHUB_CLIENT_CONFIRMATION_OK"
25700,10406267515,10406267557,1,"IOTHUB_CLIENT_CONFIRMATION_OK"
25701,10406267715,10406267755,1,"IOTHUB_CLIENT_CONFIRMATION_OK"
25702,10406267915,10406267949,1,"IOTHUB_CLIENT_CONFIRMATION_OK"
25703,10406268115,10406268159,1,"IOTHUB_CLIENT_CONFIRMATION_OK"
25704,10406268315,10406268351,1,"IOTHUB_CLIENT_CONFIRMATION_OK"
25705,10406268515,10406268545,1,"IOTHUB_CLIENT_CONFIRMATION_OK"
25706,10406268716,10406268749,1,"IOTHUB_CLIENT_CONFIRMATION_OK"
25707,10406268916,10406269683,1,"IOTHUB_CLIENT_CONFIRMATION_OK"
25708,10406269116,10406269758,1,"IOTHUB_CLIENT_CONFIRMATION_OK"
25709,10406269316,10406269824,1,"IOTHUB_CLIENT_CONFIRMATION_OK"
25710,10406269516,10406269884,1,"IOTHUB_CLIENT_CONFIRMATION_OK"
25711,10406269716,10406269937,1,"IOTHUB_CLIENT_CONFIRMATION_OK"
25712,10406269916,10406269978,1,"IOTHUB_CLIENT_CONFIRMATION_OK"
25713,10406270117,10406270159,1,"IOTHUB_CLIENT_CONFIRMATION_OK"
25714,10406270317,10406270361,1,"IOTHUB_CLIENT_CONFIRMATION_OK"
25715,10406270517,10406270580,1,"IOTHUB_CLIENT_CONFIRMATION_OK"
25716,10406270717,10406270755,1,"IOTHUB_CLIENT_CONFIRMATION_OK"
25717,10406270917,10406270955,1,"IOTHUB_CLIENT_CONFIRMATION_OK"
25718,10406271117,10406271154,1,"IOTHUB_CLIENT_CONFIRMATION_OK"
25719,10406271318,10406271355,1,"IOTHUB_CLIENT_CONFIRMATION_OK"
25720,10406271518,10406271569,1,"IOTHUB_CLIENT_CONFIRMATION_OK"
25721,10406271718,10406271761,1,"IOTHUB_CLIENT_CONFIRMATION_OK"
25722,10406271918,10406271977,1,"IOTHUB_CLIENT_CONFIRMATION_OK"
25723,10406272118,10406272160,1,"IOTHUB_CLIENT_CONFIRMATION_OK"
25724,10406272318,10406272356,1,"IOTHUB_CLIENT_CONFIRMATION_OK"
25725,10406272518,10406272605,1,"IOTHUB_CLIENT_CONFIRMATION_OK"
25726,10406272719,10406272805,1,"IOTHUB_CLIENT_CONFIRMATION_OK"
25727,10406272919,10406272959,1,"IOTHUB_CLIENT_CONFIRMATION_OK"
25728,10406273119,10406273222,1,"IOTHUB_CLIENT_CONFIRMATION_OK"
25729,10406273319,10406273354,1,"IOTHUB_CLIENT_CONFIRMATION_OK"
25730,10406273519,10406273557,1,"IOTHUB_CLIENT_CONFIRMATION_OK"
25731,10406273719,10406273816,1,"IOTHUB_CLIENT_CONFIRMATION_OK"
25732,10406273920,10406273974,1,"IOTHUB_CLIENT_CONFIRMATION_OK"
25733,10406274120,10406274157,1,"IOTHUB_CLIENT_CONFIRMATION_OK"
25734,10406274320,10406274428,1,"IOTHUB_CLIENT_CONFIRMATION_OK"
25735,10406274520,10406274559,1,"IOTHUB_CLIENT_CONFIRMATION_OK"
25736,10406274720,10406274755,1,"IOTHUB_CLIENT_CONFIRMATION_OK"
25737,10406274920,10406275033,1,"IOTHUB_CLIENT_CONFIRMATION_OK"
25738,10406275120,10406275177,1,"IOTHUB_CLIENT_CONFIRMATION_OK"
25739,10406275321,10406275365,1,"IOTHUB_CLIENT_CONFIRMATION_OK"
25740,10406275521,10406275567,1,"IOTHUB_CLIENT_CONFIRMATION_OK"
25741,10406275721,10406275763,1,"IOTHUB_CLIENT_CONFIRMATION_OK"
25742,10406275921,10406275966,1,"IOTHUB_CLIENT_CONFIRMATION_OK"
25743,10406276121,10406276162,1,"IOTHUB_CLIENT_CONFIRMATION_OK"
25744,10406276321,10406276359,1,"IOTHUB_CLIENT_CONFIRMATION_OK"
25745,10406276522,10406276561,1,"IOTHUB_CLIENT_CONFIRMATION_OK"
25746,10406276722,10406276761,1,"IOTHUB_CLIENT_CONFIRMATION_OK"
25747,10406276922,10406276967,1,"IOTHUB_CLIENT_CONFIRMATION_OK"
25748,10406277122,10406277157,1,"IOTHUB_CLIENT_CONFIRMATION_OK"
25749,10406277322,10406277358,1,"IOTHUB_CLIENT_CONFIRMATION_OK"
25750,10406277522,10406277562,1,"IOTHUB_CLIENT_CONFIRMATION_OK"
25751,10406277723,10406277797,1,"IOTHUB_CLIENT_CONFIRMATION_OK"
25752,10406277923,10406277965,1,"IOTHUB_CLIENT_CONFIRMATION_OK"
25753,10406278123,10406278319,1,"IOTHUB_CLIENT_CONFIRMATION_OK"
25754,10406278323,10406278360,1,"IOTHUB_CLIENT_CONFIRMATION_OK"
25755,10406278523,10406278574,1,"IOTHUB_CLIENT_CONFIRMATION_OK"
25756,10406278723,10406278910,1,"IOTHUB_CLIENT_CONFIRMATION_OK"
25757,10406278923,10406278975,1,"IOTHUB_CLIENT_CONFIRMATION_OK"
25758,10406279124,10406279165,1,"IOTHUB_CLIENT_CONFIRMATION_OK"
25759,10406279324,10406279361,1,"IOTHUB_CLIENT_CONFIRMATION_OK"
25760,10406279524,10406279577,1,"IOTHUB_CLIENT_CONFIRMATION_OK"
25761,10406279724,10406279764,1,"IOTHUB_CLIENT_CONFIRMATION_OK"
25762,10406279924,10406280013,1,"IOTHUB_CLIENT_CONFIRMATION_OK"
25763,10406280124,10406280239,1,"IOTHUB_CLIENT_CONFIRMATION_OK"
25764,10406280324,10406280370,1,"IOTHUB_CLIENT_CONFIRMATION_OK"
25765,10406280525,10406280567,1,"IOTHUB_CLIENT_CONFIRMATION_OK"
25766,10406280725,10406280929,1,"IOTHUB_CLIENT_CONFIRMATION_OK"
25767,10406280925,10406281021,1,"IOTHUB_CLIENT_CONFIRMATION_OK"
25768,10406281125,10406281161,1,"IOTHUB_CLIENT_CONFIRMATION_OK"
25769,10406281325,10406281439,1,"IOTHUB_CLIENT_CONFIRMATION_OK"
25770,10406281525,10406281568,1,"IOTHUB_CLIENT_CONFIRMATION_OK"
25771,10406281726,10406281764,1,"IOTHUB_CLIENT_CONFIRMATION_OK"
25772,10406281926,10406282064,1,"IOTHUB_CLIENT_CONFIRMATION_OK"
25773,10406282126,10406282166,1,"IOTHUB_CLIENT_CONFIRMATION_OK"
25774,10406282326,10406282381,1,"IOTHUB_CLIENT_CONFIRMATION_OK"
25775,10406282526,10406282674,1,"IOTHUB_CLIENT_CONFIRMATION_OK"
25776,10406282726,10406282775,1,"IOTHUB_CLIENT_CONFIRMATION_OK"
25777,10406282926,10406282978,1,"IOTHUB_CLIENT_CONFIRMATION_OK"
25778,10406283127,10406283214,1,"IOTHUB_CLIENT_CONFIRMATION_OK"
25779,10406283327,10406283421,1,"IOTHUB_CLIENT_CONFIRMATION_OK"
25780,10406283527,10406283574,1,"IOTHUB_CLIENT_CONFIRMATION_OK"
25781,10406283727,10406283761,1,"IOTHUB_CLIENT_CONFIRMATION_OK"
25782,10406283927,10406283965,1,"IOTHUB_CLIENT_CONFIRMATION_OK"
25783,10406284127,10406284167,1,"IOTHUB_CLIENT_CONFIRMATION_OK"
25784,10406284328,10406284378,1,"IOTHUB_CLIENT_CONFIRMATION_OK"
25785,10406284528,10406284567,1,"IOTHUB_CLIENT_CONFIRMATION_OK"
25786,10406284728,10406284772,1,"IOTHUB_CLIENT_CONFIRMATION_OK"
25787,10406284928,10406284978,1,"IOTHUB_CLIENT_CONFIRMATION_OK"
25788,10406285128,10406285171,1,"IOTHUB_CLIENT_CONFIRMATION_OK"
25789,10406285328,10406285369,1,"IOTHUB_CLIENT_CONFIRMATION_OK"
25790,10406285528,10406285568,1,"IOTHUB_CLIENT_CONFIRMATION_OK"
25791,10406285729,10406285772,1,"IOTHUB_CLIENT_CONFIRMATION_OK"
25792,10406285929,10406285968,1,"IOTHUB_CLIENT_CONFIRMATION_OK"
25793,10406286129,10406286169,1,"IOTHUB_CLIENT_CONFIRMATION_OK"
25794,10406286329,10406286427,1,"IOTHUB_CLIENT_CONFIRMATION_OK"
25795,10406286529,10406286576,1,"IOTHUB_CLIENT_CONFIRMATION_OK"
25796,10406286729,10406286772,1,"IOTHUB_CLIENT_CONFIRMATION_OK"
25797,10406286929,10406287008,1,"IOTHUB_CLIENT_CONFIRMATION_OK"
25798,10406287130,10406287167,1,"IOTHUB_CLIENT_CONFIRMATION_OK"
25799,10406287330,10406287365,1,"IOTHUB_CLIENT_CONFIRMATION_OK"
25800,10406287530,10406287580,1,"IOTHUB_CLIENT_CONFIRMATION_OK"
25801,10406287730,10406287796,1,"IOTHUB_CLIENT_CONFIRMATION_OK"
25802,10406287930,10406287971,1,"IOTHUB_CLIENT_CONFIRMATION_OK"
25803,10406288130,10406288175,1,"IOTHUB_CLIENT_CONFIRMATION_OK"
25804,10406288331,10406288381,1,"IOTHUB_CLIENT_CONFIRMATION_OK"
25805,10406288531,10406288569,1,"IOTHUB_CLIENT_CONFIRMATION_OK"
25806,10406288731,10406288783,1,"IOTHUB_CLIENT_CONFIRMATION_OK"
25807,10406288931,10406288974,1,"IOTHUB_CLIENT_CONFIRMATION_OK"
25808,10406289131,10406289167,1,"IOTHUB_CLIENT_CONFIRMATION_OK"
25809,10406289331,10406289368,1,"IOTHUB_CLIENT_CONFIRMATION_OK"
25810,10406289532,10406289692,1,"IOTHUB_CLIENT_CONFIRMATION_OK"
25811,10406289732,10406289864,1,"IOTHUB_CLIENT_CONFIRMATION_OK"
25812,10406289932,10406289967,1,"IOTHUB_CLIENT_CONFIRMATION_OK"
25813,10406290132,10406290286,1,"IOTHUB_CLIENT_CONFIRMATION_OK"
25814,10406290332,10406290370,1,"IOTHUB_CLIENT_CONFIRMATION_OK"
25815,10406290532,10406290585,1,"IOTHUB_CLIENT_CONFIRMATION_OK"
25816,10406290733,10406290935,1,"IOTHUB_CLIENT_CONFIRMATION_OK"
25817,10406290933,10406291012,1,"IOTHUB_CLIENT_CONFIRMATION_OK"
25818,10406291133,10406291172,1,"IOTHUB_CLIENT_CONFIRMATION_OK"
25819,10406291333,10406291370,1,"IOTHUB_CLIENT_CONFIRMATION_OK"
25820,10406291533,10406291623,1,"IOTHUB_CLIENT_CONFIRMATION_OK"
25821,10406291733,10406291773,1,"IOTHUB_CLIENT_CONFIRMATION_OK"
25822,10406291933,10406291972,1,"IOTHUB_CLIENT_CONFIRMATION_OK"
25823,10406292134,10406292187,1,"IOTHUB_CLIENT_CONFIRMATION_OK"
25824,10406292334,10406292371,1,"IOTHUB_CLIENT_CONFIRMATION_OK"
25825,10406292534,10406292576,1,"IOTHUB_CLIENT_CONFIRMATION_OK"
25826,10406292734,10406292772,1,"IOTHUB_CLIENT_CONFIRMATION_OK"
25827,10406292934,10406292976,1,"IOTHUB_CLIENT_CONFIRMATION_OK"
25828,10406293134,10406293269,1,"IOTHUB_CLIENT_CONFIRMATION_OK"
25829,10406293334,10406293373,1,"IOTHUB_CLIENT_CONFIRMATION_OK"
25830,10406293535,10406293577,1,"IOTHUB_CLIENT_CONFIRMATION_OK"
25831,10406293735,10406293773,1,"IOTHUB_CLIENT_CONFIRMATION_OK"
25832,10406293935,10406293977,1,"IOTHUB_CLIENT_CONFIRMATION_OK"
25833,10406294135,10406294180,1,"IOTHUB_CLIENT_CONFIRMATION_OK"
25834,10406294335,10406294373,1,"IOTHUB_CLIENT_CONFIRMATION_OK"
25835,10406294535,10406294567,1,"IOTHUB_CLIENT_CONFIRMATION_OK"
25836,10406294736,10406294776,1,"IOTHUB_CLIENT_CONFIRMATION_OK"
25837,10406294936,10406294975,1,"IOTHUB_CLIENT_CONFIRMATION_OK"
25838,10406295136,10406295180,1,"IOTHUB_CLIENT_CONFIRMATION_OK"
25839,10406295336,10406295374,1,"IOTHUB_CLIENT_CONFIRMATION_OK"
25840,10406295536,10406295572,1,"IOTHUB_CLIENT_CONFIRMATION_OK"
25841,10406295736,10406295776,1,"IOTHUB_CLIENT_CONFIRMATION_OK"
25842,10406295937,10406295989,1,"IOTHUB_CLIENT_CONFIRMATION_OK"
25843,10406296137,10406296178,1,"IOTHUB_CLIENT_CONFIRMATION_OK"
25844,10406296337,10406296383,1,"IOTHUB_CLIENT_CONFIRMATION_OK"
25845,10406296537,10406296584,1,"IOTHUB_CLIENT_CONFIRMATION_OK"
25846,10406296737,10406296802,1,"IOTHUB_CLIENT_CONFIRMATION_OK"
25847,10406296937,10406296995,1,"IOTHUB_CLIENT_CONFIRMATION_OK"
25848,10406297137,10406297198,1,"IOTHUB_CLIENT_CONFIRMATION_OK"
25849,10406297338,10406297381,1,"IOTHUB_CLIENT_CONFIRMATION_OK"
25850,10406297538,10406297580,1,"IOTHUB_CLIENT_CONFIRMATION_OK"
25851,10406297738,10406297829,1,"IOTHUB_CLIENT_CONFIRMATION_OK"
25852,10406297938,10406298003,1,"IOTHUB_CLIENT_CONFIRMATION_OK"
25853,10406298138,10406298180,1,"IOTHUB_CLIENT_CONFIRMATION_OK"
25854,10406298338,10406298437,1,"IOTHUB_CLIENT_CONFIRMATION_OK"
25855,10406298539,10406298577,1,"IOTHUB_CLIENT_CONFIRMATION_OK"
25856,10406298739,10406298782,1,"IOTHUB_CLIENT_CONFIRMATION_OK"
25857,10406298939,10406299032,1,"IOTHUB_CLIENT_CONFIRMATION_OK"
25858,10406299139,10406299176,1,"IOTHUB_CLIENT_CONFIRMATION_OK"
25859,10406299339,10406299379,1,"IOTHUB_CLIENT_CONFIRMATION_OK"
25860,10406299539,10406299576,1,"IOTHUB_CLIENT_CONFIRMATION_OK"
25861,10406299740,10406299855,1,"IOTHUB_CLIENT_CONFIRMATION_OK"
25862,10406299940,10406300034,1,"IOTHUB_CLIENT_CONFIRMATION_OK"
25863,10406300140,10406300176,1,"IOTHUB_CLIENT_CONFIRMATION_OK"
25864,10406300340,10406300398,1,"IOTHUB_CLIENT_CONFIRMATION_OK"
25865,10406300540,10406300576,1,"IOTHUB_CLIENT_CONFIRMATION_OK"
25866,10406300740,10406300803,1,"IOTHUB_CLIENT_CONFIRMATION_OK"
25867,10406300940,10406300979,1,"IOTHUB_CLIENT_CONFIRMATION_OK"
25868,10406301141,10406301178,1,"IOTHUB_CLIENT_CONFIRMATION_OK"
25869,10406301341,10406301373,1,"IOTHUB_CLIENT_CONFIRMATION_OK"
25870,10406301541,10406301702,1,"IOTHUB_CLIENT_CONFIRMATION_OK"
25871,10406301741,10406301789,1,"IOTHUB_CLIENT_CONFIRMATION_OK"
25872,10406301941,10406301980,1,"IOTHUB_CLIENT_CONFIRMATION_OK"
25873,10406302141,10406302317,1,"IOTHUB_CLIENT_CONFIRMATION_OK"
25874,10406302342,10406302375,1,"IOTHUB_CLIENT_CONFIRMATION_OK"
25875,10406302542,10406302607,1,"IOTHUB_CLIENT_CONFIRMATION_OK"
25876,10406302742,10406302955,1,"IOTHUB_CLIENT_CONFIRMATION_OK"
25877,10406302942,10406302993,1,"IOTHUB_CLIENT_CONFIRMATION_OK"
25878,10406303142,10406303387,1,"IOTHUB_CLIENT_CONFIRMATION_OK"
25879,10406303342,10406303405,1,"IOTHUB_CLIENT_CONFIRMATION_OK"
25880,10406303543,10406303616,1,"IOTHUB_CLIENT_CONFIRMATION_OK"
25881,10406303743,10406303781,1,"IOTHUB_CLIENT_CONFIRMATION_OK"
25882,10406303943,10406303995,1,"IOTHUB_CLIENT_CONFIRMATION_OK"
25883,10406304143,10406304217,1,"IOTHUB_CLIENT_CONFIRMATION_OK"
25884,10406304343,10406304387,1,"IOTHUB_CLIENT_CONFIRMATION_OK"
25885,10406304543,10406304587,1,"IOTHUB_CLIENT_CONFIRMATION_OK"
25886,10406304744,10406304820,1,"IOTHUB_CLIENT_CONFIRMATION_OK"
25887,10406304944,10406304980,1,"IOTHUB_CLIENT_CONFIRMATION_OK"
25888,10406305144,10406305208,1,"IOTHUB_CLIENT_CONFIRMATION_OK"
25889,10406305344,10406305439,1,"IOTHUB_CLIENT_CONFIRMATION_OK"
25890,10406305544,10406305594,1,"IOTHUB_CLIENT_CONFIRMATION_OK"
25891,10406305744,10406305802,1,"IOTHUB_CLIENT_CONFIRMATION_OK"
25892,10406305945,10406306105,1,"IOTHUB_CLIENT_CONFIRMATION_OK"
25893,10406306145,10406306196,1,"IOTHUB_CLIENT_CONFIRMATION_OK"
25894,10406306345,10406306385,1,"IOTHUB_CLIENT_CONFIRMATION_OK"
25895,10406306545,10406306693,1,"IOTHUB_CLIENT_CONFIRMATION_OK"
25896,10406306745,10406306783,1,"IOTHUB_CLIENT_CONFIRMATION_OK"
25897,10406306945,10406306992,1,"IOTHUB_CLIENT_CONFIRMATION_OK"
25898,10406307145,10406307184,1,"IOTHUB_CLIENT_CONFIRMATION_OK"
25899,10406307346,10406307392,1,"IOTHUB_CLIENT_CONFIRMATION_OK"
25900,10406307546,10406307585,1,"IOTHUB_CLIENT_CONFIRMATION_OK"
25901,10406307746,10406307800,1,"IOTHUB_CLIENT_CONFIRMATION_OK"
25902,10406307946,10406307989,1,"IOTHUB_CLIENT_CONFIRMATION_OK"
25903,10406308146,10406308188,1,"IOTHUB_CLIENT_CONFIRMATION_OK"
25904,10406308346,10406308391,1,"IOTHUB_CLIENT_CONFIRMATION_OK"
25905,10406308547,10406308587,1,"IOTHUB_CLIENT_CONFIRMATION_OK"
25906,10406308747,10406308792,1,"IOTHUB_CLIENT_CONFIRMATION_OK"
25907,10406308947,10406308985,1,"IOTHUB_CLIENT_CONFIRMATION_OK"
25908,10406309147,10406309197,1,"IOTHUB_CLIENT_CONFIRMATION_OK"
25909,10406309347,10406309392,1,"IOTHUB_CLIENT_CONFIRMATION_OK"
25910,10406309547,10406309583,1,"IOTHUB_CLIENT_CONFIRMATION_OK"
25911,10406309748,10406309776,1,"IOTHUB_CLIENT_CONFIRMATION_OK"
25912,10406309948,10406310015,1,"IOTHUB_CLIENT_CONFIRMATION_OK"
25913,10406310148,10406310185,1,"IOTHUB_CLIENT_CONFIRMATION_OK"
25914,10406310348,10406310572,1,"IOTHUB_CLIENT_CONFIRMATION_OK"
25915,10406310548,10406310601,1,"IOTHUB_CLIENT_CONFIRMATION_OK"
25916,10406310748,10406310882,1,"IOTHUB_CLIENT_CONFIRMATION_OK"
25917,10406310949,10406311075,1,"IOTHUB_CLIENT_CONFIRMATION_OK"
25918,10406311149,10406311215,1,"IOTHUB_CLIENT_CONFIRMATION_OK"
25919,10406311349,10406311388,1,"IOTHUB_CLIENT_CONFIRMATION_OK"
25920,10406311549,10406311583,1,"IOTHUB_CLIENT_CONFIRMATION_OK"
25921,10406311749,10406311786,1,"IOTHUB_CLIENT_CONFIRMATION_OK"
25922,10406311949,10406311990,1,"IOTHUB_CLIENT_CONFIRMATION_OK"
25923,10406312149,10406312194,1,"IOTHUB_CLIENT_CONFIRMATION_OK"
25924,10406312350,10406312419,1,"IOTHUB_CLIENT_CONFIRMATION_OK"
25925,10406312550,10406312590,1,"IOTHUB_CLIENT_CONFIRMATION_OK"
25926,10406312750,10406312785,1,"IOTHUB_CLIENT_CONFIRMATION_OK"
25927,10406312950,10406313002,1,"IOTHUB_CLIENT_CONFIRMATION_OK"
25928,10406313150,10406313193,1,"IOTHUB_CLIENT_CONFIRMATION_OK"
25929,10406313350,10406313394,1,"IOTHUB_CLIENT_CONFIRMATION_OK"
25930,10406313551,10406313738,1,"IOTHUB_CLIENT_CONFIRMATION_OK"
25931,10406313751,10406313852,1,"IOTHUB_CLIENT_CONFIRMATION_OK"
25932,10406313951,10406313990,1,"IOTHUB_CLIENT_CONFIRMATION_OK"
25933,10406314151,10406314357,1,"IOTHUB_CLIENT_CONFIRMATION_OK"
25934,10406314351,10406314386,1,"IOTHUB_CLIENT_CONFIRMATION_OK"
25935,10406314551,10406314590,1,"IOTHUB_CLIENT_CONFIRMATION_OK"
25936,10406314752,10406314946,1,"IOTHUB_CLIENT_CONFIRMATION_OK"
25937,10406314952,10406314985,1,"IOTHUB_CLIENT_CONFIRMATION_OK"
25938,10406315152,10406315194,1,"IOTHUB_CLIENT_CONFIRMATION_OK"
25939,10406315352,10406315385,1,"IOTHUB_CLIENT_CONFIRMATION_OK"
25940,10406315552,10406315591,1,"IOTHUB_CLIENT_CONFIRMATION_OK"
25941,10406315752,10406315800,1,"IOTHUB_CLIENT_CONFIRMATION_OK"
25942,10406315953,10406315989,1,"IOTHUB_CLIENT_CONFIRMATION_OK"
25943,10406316153,10406316188,1,"IOTHUB_CLIENT_CONFIRMATION_OK"
25944,10406316353,10406316408,1,"IOTHUB_CLIENT_CONFIRMATION_OK"
25945,10406316553,10406316615,1,"IOTHUB_CLIENT_CONFIRMATION_OK"
25946,10406316753,10406316825,1,"IOTHUB_CLIENT_CONFIRMATION_OK"
25947,10406316953,10406316996,1,"IOTHUB_CLIENT_CONFIRMATION_OK"
25948,10406317153,10406317197,1,"IOTHUB_CLIENT_CONFIRMATION_OK"
25949,10406317354,10406317411,1,"IOTHUB_CLIENT_CONFIRMATION_OK"
25950,10406317554,10406317612,1,"IOTHUB_CLIENT_CONFIRMATION_OK"
25951,10406317754,10406317801,1,"IOTHUB_CLIENT_CONFIRMATION_OK"
25952,10406317954,10406318022,1,"IOTHUB_CLIENT_CONFIRMATION_OK"
25953,10406318154,10406318215,1,"IOTHUB_CLIENT_CONFIRMATION_OK"
25954,10406318354,10406318397,1,"IOTHUB_CLIENT_CONFIRMATION_OK"
25955,10406318555,10406318629,1,"IOTHUB_CLIENT_CONFIRMATION_OK"
25956,10406318755,10406318789,1,"IOTHUB_CLIENT_CONFIRMATION_OK"
25957,10406318955,10406318990,1,"IOTHUB_CLIENT_CONFIRMATION_OK"
25958,10406319155,10406319191,1,"IOTHUB_CLIENT_CONFIRMATION_OK"
25959,10406319355,10406319395,1,"IOTHUB_CLIENT_CONFIRMATION_OK"
25960,10406319555,10406319592,1,"IOTHUB_CLIENT_CONFIRMATION_OK"
25961,10406319756,10406319805,1,"IOTHUB_CLIENT_CONFIRMATION_OK"
25962,10406319956,10406319991,1,"IOTHUB_CLIENT_CONFIRMATION_OK"
25963,10406320156,10406320193,1,"IOTHUB_CLIENT_CONFIRMATION_OK"
25964,10406320356,10406320404,1,"IOTHUB_CLIENT_CONFIRMATION_OK"
25965,10406320556,10406320666,1,"IOTHUB_CLIENT_CONFIRMATION_OK"
25966,10406320756,10406320817,1,"IOTHUB_CLIENT_CONFIRMATION_OK"
25967,10406320957,10406320992,1,"IOTHUB_CLIENT_CONFIRMATION_OK"
25968,10406321157,10406321281,1,"IOTHUB_CLIENT_CONFIRMATION_OK"
25969,10406321357,10406321397,1,"IOTHUB_CLIENT_CONFIRMATION_OK"
25970,10406321557,10406321593,1,"IOTHUB_CLIENT_CONFIRMATION_OK"
25971,10406321757,10406321885,1,"IOTHUB_CLIENT_CONFIRMATION_OK"
25972,10406321957,10406321996,1,"IOTHUB_CLIENT_CONFIRMATION_OK"
25973,10406322158,10406322195,1,"IOTHUB_CLIENT_CONFIRMATION_OK"
25974,10406322358,10406322492,1,"IOTHUB_CLIENT_CONFIRMATION_OK"
25975,10406322558,10406322595,1,"IOTHUB_CLIENT_CONFIRMATION_OK"
25976,10406322758,10406322802,1,"IOTHUB_CLIENT_CONFIRMATION_OK"
25977,10406322958,10406323217,1,"IOTHUB_CLIENT_CONFIRMATION_OK"
25978,10406323158,10406323236,1,"IOTHUB_CLIENT_CONFIRMATION_OK"
25979,10406323358,10406323394,1,"IOTHUB_CLIENT_CONFIRMATION_OK"
25980,10406323559,10406323601,1,"IOTHUB_CLIENT_CONFIRMATION_OK"
25981,10406323759,10406323846,1,"IOTHUB_CLIENT_CONFIRMATION_OK"
25982,10406323959,10406324002,1,"IOTHUB_CLIENT_CONFIRMATION_OK"
25983,10406324159,10406324225,1,"IOTHUB_CLIENT_CONFIRMATION_OK"
25984,10406324359,10406324427,1,"IOTHUB_CLIENT_CONFIRMATION_OK"
25985,10406324559,10406324607,1,"IOTHUB_CLIENT_CONFIRMATION_OK"
25986,10406324760,10406324807,1,"IOTHUB_CLIENT_CONFIRMATION_OK"
25987,10406324960,10406325045,1,"IOTHUB_CLIENT_CONFIRMATION_OK"
25988,10406325160,10406325203,1,"IOTHUB_CLIENT_CONFIRMATION_OK"
25989,10406325360,10406325396,1,"IOTHUB_CLIENT_CONFIRMATION_OK"
25990,10406325560,10406325653,1,"IOTHUB_CLIENT_CONFIRMATION_OK"
25991,10406325760,10406325819,1,"IOTHUB_CLIENT_CONFIRMATION_OK"
25992,10406325960,10406325999,1,"IOTHUB_CLIENT_CONFIRMATION_OK"
25993,10406326161,10406326258,1,"IOTHUB_CLIENT_CONFIRMATION_OK"
25994,10406326361,10406326432,1,"IOTHUB_CLIENT_CONFIRMATION_OK"
25995,10406326561,10406326602,1,"IOTHUB_CLIENT_CONFIRMATION_OK"
25996,10406326761,10406326870,1,"IOTHUB_CLIENT_CONFIRMATION_OK"
25997,10406326961,10406326994,1,"IOTHUB_CLIENT_CONFIRMATION_OK"
25998,10406327161,10406327211,1,"IOTHUB_CLIENT_CONFIRMATION_OK"
25999,10406327362,10406327400,1,"IOTHUB_CLIENT_CONFIRMATION_OK"
26000,10406327562,10406327596,1,"IOTHUB_CLIENT_CONFIRMATION_OK"
26001,10406327762,10406327872,1,"IOTHUB_CLIENT_CONFIRMATION_OK"
26002,10406327962,10406328000,1,"IOTHUB_CLIENT_CONFIRMATION_OK"
26003,10406328162,10406328206,1,"IOTHUB_CLIENT_CONFIRMATION_OK"
26004,10406328362,10406328426,1,"IOTHUB_CLIENT_CONFIRMATION_OK"
26005,10406328562,10406328609,1,"IOTHUB_CLIENT_CONFIRMATION_OK"
26006,10406328762,10406328818,1,"IOTHUB_CLIENT_CONFIRMATION_OK"
26007,10406328963,10406329008,1,"IOTHUB_CLIENT_CONFIRMATION_OK"
26008,10406329163,10406329209,1,"IOTHUB_CLIENT_CONFIRMATION_OK"
26009,10406329363,10406329413,1,"IOTHUB_CLIENT_CONFIRMATION_OK"
26010,10406329563,10406329606,1,"IOTHUB_CLIENT_CONFIRMATION_OK"
26011,10406329763,10406329800,1,"IOTHUB_CLIENT_CONFIRMATION_OK"
26012,10406329963,10406329998,1,"IOTHUB_CLIENT_CONFIRMATION_OK"
26013,10406330164,10406330203,1,"IOTHUB_CLIENT_CONFIRMATION_OK"
26014,10406330364,10406330403,1,"IOTHUB_CLIENT_CONFIRMATION_OK"
26015,10406330564,10406330763,1,"IOTHUB_CLIENT_CONFIRMATION_OK"
26016,10406330764,10406330804,1,"IOTHUB_CLIENT_CONFIRMATION_OK"
26017,10406330964,10406331031,1,"IOTHUB_CLIENT_CONFIRMATION_OK"
26018,10406331164,10406331205,1,"IOTHUB_CLIENT_CONFIRMATION_OK"
26019,10406331364,10406331405,1,"IOTHUB_CLIENT_CONFIRMATION_OK"
26020,10406331565,10406331610,1,"IOTHUB_CLIENT_CONFIRMATION_OK"
26021,10406331765,10406331827,1,"IOTHUB_CLIENT_CONFIRMATION_OK"
26022,10406331965,10406332012,1,"IOTHUB_CLIENT_CONFIRMATION_OK"
26023,10406332165,10406332206,1,"IOTHUB_CLIENT_CONFIRMATION_OK"
26024,10406332365,10406332407,1,"IOTHUB_CLIENT_CONFIRMATION_OK"
26025,10406332565,10406332695,1,"IOTHUB_CLIENT_CONFIRMATION_OK"
26026,10406332766,10406332798,1,"IOTHUB_CLIENT_CONFIRMATION_OK"
26027,10406332966,10406333006,1,"IOTHUB_CLIENT_CONFIRMATION_OK"
26028,10406333166,10406333211,1,"IOTHUB_CLIENT_CONFIRMATION_OK"
26029,10406333366,10406333428,1,"IOTHUB_CLIENT_CONFIRMATION_OK"
26030,10406333566,10406333602,1,"IOTHUB_CLIENT_CONFIRMATION_OK"
26031,10406333766,10406333832,1,"IOTHUB_CLIENT_CONFIRMATION_OK"
26032,10406333966,10406334010,1,"IOTHUB_CLIENT_CONFIRMATION_OK"
26033,10406334167,10406334239,1,"IOTHUB_CLIENT_CONFIRMATION_OK"
26034,10406334367,10406334440,1,"IOTHUB_CLIENT_CONFIRMATION_OK"
26035,10406334567,10406334605,1,"IOTHUB_CLIENT_CONFIRMATION_OK"
26036,10406334767,10406334802,1,"IOTHUB_CLIENT_CONFIRMATION_OK"
26037,10406334967,10406335024,1,"IOTHUB_CLIENT_CONFIRMATION_OK"
26038,10406335167,10406335212,1,"IOTHUB_CLIENT_CONFIRMATION_OK"
26039,10406335368,10406335418,1,"IOTHUB_CLIENT_CONFIRMATION_OK"
26040,10406335568,10406335610,1,"IOTHUB_CLIENT_CONFIRMATION_OK"
26041,10406335768,10406335818,1,"IOTHUB_CLIENT_CONFIRMATION_OK"
26042,10406335968,10406336005,1,"IOTHUB_CLIENT_CONFIRMATION_OK"
26043,10406336168,10406336205,1,"IOTHUB_CLIENT_CONFIRMATION_OK"
26044,10406336368,10406336470,1,"IOTHUB_CLIENT_CONFIRMATION_OK"
26045,10406336569,10406336618,1,"IOTHUB_CLIENT_CONFIRMATION_OK"
26046,10406336769,10406336814,1,"IOTHUB_CLIENT_CONFIRMATION_OK"
26047,10406336969,10406337097,1,"IOTHUB_CLIENT_CONFIRMATION_OK"
26048,10406337169,10406337213,1,"IOTHUB_CLIENT_CONFIRMATION_OK"
26049,10406337369,10406337404,1,"IOTHUB_CLIENT_CONFIRMATION_OK"
26050,10406337569,10406337691,1,"IOTHUB_CLIENT_CONFIRMATION_OK"
26051,10406337770,10406337813,1,"IOTHUB_CLIENT_CONFIRMATION_OK"
26052,10406337970,10406338027,1,"IOTHUB_CLIENT_CONFIRMATION_OK"
26053,10406338170,10406338301,1,"IOTHUB_CLIENT_CONFIRMATION_OK"
26054,10406338370,10406338410,1,"IOTHUB_CLIENT_CONFIRMATION_OK"
26055,10406338570,10406338618,1,"IOTHUB_CLIENT_CONFIRMATION_OK"
26056,10406338770,10406338937,1,"IOTHUB_CLIENT_CONFIRMATION_OK"
26057,10406338971,10406339008,1,"IOTHUB_CLIENT_CONFIRMATION_OK"
26058,10406339171,10406339214,1,"IOTHUB_CLIENT_CONFIRMATION_OK"
26059,10406339371,10406339412,1,"IOTHUB_CLIENT_CONFIRMATION_OK"
26060,10406339571,10406339611,1,"IOTHUB_CLIENT_CONFIRMATION_OK"
26061,10406339771,10406339828,1,"IOTHUB_CLIENT_CONFIRMATION_OK"
26062,10406339971,10406340013,1,"IOTHUB_CLIENT_CONFIRMATION_OK"
26063,10406340171,10406340223,1,"IOTHUB_CLIENT_CONFIRMATION_OK"
26064,10406340372,10406340413,1,"IOTHUB_CLIENT_CONFIRMATION_OK"
26065,10406340572,10406340610,1,"IOTHUB_CLIENT_CONFIRMATION_OK"
26066,10406340772,10406340808,1,"IOTHUB_CLIENT_CONFIRMATION_OK"
26067,10406340972,10406341013,1,"IOTHUB_CLIENT_CONFIRMATION_OK"
26068,10406341172,10406341209,1,"IOTHUB_CLIENT_CONFIRMATION_OK"
26069,10406341372,10406341414,1,"IOTHUB_CLIENT_CONFIRMATION_OK"
26070,10406341573,10406341653,1,"IOTHUB_CLIENT_CONFIRMATION_OK"
26071,10406341773,10406341835,1,"IOTHUB_CLIENT_CONFIRMATION_OK"
26072,10406341973,10406342012,1,"IOTHUB_CLIENT_CONFIRMATION_OK"
26073,10406342173,10406342225,1,"IOTHUB_CLIENT_CONFIRMATION_OK"
26074,10406342373,10406342423,1,"IOTHUB_CLIENT_CONFIRMATION_OK"
26075,10406342573,10406342639,1,"IOTHUB_CLIENT_CONFIRMATION_OK"
26076,10406342774,10406342815,1,"IOTHUB_CLIENT_CONFIRMATION_OK"
26077,10406342974,10406343017,1,"IOTHUB_CLIENT_CONFIRMATION_OK"
26078,10406343174,10406343210,1,"IOTHUB_CLIENT_CONFIRMATION_OK"
26079,10406343374,10406343445,1,"IOTHUB_CLIENT_CONFIRMATION_OK"
26080,10406343574,10406343623,1,"IOTHUB_CLIENT_CONFIRMATION_OK"
26081,10406343774,10406343840,1,"IOTHUB_CLIENT_CONFIRMATION_OK"
26082,10406343974,10406344047,1,"IOTHUB_CLIENT_CONFIRMATION_OK"
26083,10406344175,10406344218,1,"IOTHUB_CLIENT_CONFIRMATION_OK"
26084,10406344375,10406344422,1,"IOTHUB_CLIENT_CONFIRMATION_OK"
26085,10406344575,10406344648,1,"IOTHUB_CLIENT_CONFIRMATION_OK"
26086,10406344775,10406344819,1,"IOTHUB_CLIENT_CONFIRMATION_OK"
26087,10406344975,10406345017,1,"IOTHUB_CLIENT_CONFIRMATION_OK"
26088,10406345175,10406345283,1,"IOTHUB_CLIENT_CONFIRMATION_OK"
26089,10406345375,10406345416,1,"IOTHUB_CLIENT_CONFIRMATION_OK"
26090,10406345576,10406345612,1,"IOTHUB_CLIENT_CONFIRMATION_OK"
26091,10406345776,10406345868,1,"IOTHUB_CLIENT_CONFIRMATION_OK"
26092,10406345976,10406346015,1,"IOTHUB_CLIENT_CONFIRMATION_OK"
26093,10406346176,10406346215,1,"IOTHUB_CLIENT_CONFIRMATION_OK"
26094,10406346376,10406346471,1,"IOTHUB_CLIENT_CONFIRMATION_OK"
26095,10406346576,10406346628,1,"IOTHUB_CLIENT_CONFIRMATION_OK"
26096,10406346777,10406346830,1,"IOTHUB_CLIENT_CONFIRMATION_OK"
26097,10406346977,10406347072,1,"IOTHUB_CLIENT_CONFIRMATION_OK"
26098,10406347177,10406347218,1,"IOTHUB_CLIENT_CONFIRMATION_OK"
26099,10406347377,10406347421,1,"IOTHUB_CLIENT_CONFIRMATION_OK"
26100,10406347577,10406347637,1,"IOTHUB_CLIENT_CONFIRMATION_OK"
26101,10406347777,10406347820,1,"IOTHUB_CLIENT_CONFIRMATION_OK"
26102,10406347978,10406348026,1,"IOTHUB_CLIENT_CONFIRMATION_OK"
26103,10406348178,10406348232,1,"IOTHUB_CLIENT_CONFIRMATION_OK"
26104,10406348378,10406348423,1,"IOTHUB_CLIENT_CONFIRMATION_OK"
26105,10406348578,10406348619,1,"IOTHUB_CLIENT_CONFIRMATION_OK"
26106,10406348778,10406348851,1,"IOTHUB_CLIENT_CONFIRMATION_OK"
26107,10406348978,10406349017,1,"IOTHUB_CLIENT_CONFIRMATION_OK"
26108,10406349179,10406349223,1,"IOTHUB_CLIENT_CONFIRMATION_OK"
26109,10406349379,10406349420,1,"IOTHUB_CLIENT_CONFIRMATION_OK"
26110,10406349579,10406349752,1,"IOTHUB_CLIENT_CONFIRMATION_OK"
26111,10406349779,10406349851,1,"IOTHUB_CLIENT_CONFIRMATION_OK"
26112,10406349979,10406350056,1,"IOTHUB_CLIENT_CONFIRMATION_OK"
26113,10406350179,10406350364,1,"IOTHUB_CLIENT_CONFIRMATION_OK"
26114,10406350379,10406350419,1,"IOTHUB_CLIENT_CONFIRMATION_OK"
26115,10406350580,10406350626,1,"IOTHUB_CLIENT_CONFIRMATION_OK"
26116,10406350780,10406350971,1,"IOTHUB_CLIENT_CONFIRMATION_OK"
26117,10406350980,10406351034,1,"IOTHUB_CLIENT_CONFIRMATION_OK"
26118,10406351180,10406351222,1,"IOTHUB_CLIENT_CONFIRMATION_OK"
26119,10406351380,10406351414,1,"IOTHUB_CLIENT_CONFIRMATION_OK"
26120,10406351580,10406351620,1,"IOTHUB_CLIENT_CONFIRMATION_OK"
26121,10406351780,10406351828,1,"IOTHUB_CLIENT_CONFIRMATION_OK"
26122,10406351981,10406352020,1,"IOTHUB_CLIENT_CONFIRMATION_OK"
26123,10406352181,10406352254,1,"IOTHUB_CLIENT_CONFIRMATION_OK"
26124,10406352381,10406352415,1,"IOTHUB_CLIENT_CONFIRMATION_OK"
26125,10406352581,10406352623,1,"IOTHUB_CLIENT_CONFIRMATION_OK"
26126,10406352781,10406352815,1,"IOTHUB_CLIENT_CONFIRMATION_OK"
26127,10406352981,10406353018,1,"IOTHUB_CLIENT_CONFIRMATION_OK"
26128,10406353182,10406353218,1,"IOTHUB_CLIENT_CONFIRMATION_OK"
26129,10406353382,10406353436,1,"IOTHUB_CLIENT_CONFIRMATION_OK"
26130,10406353582,10406353636,1,"IOTHUB_CLIENT_CONFIRMATION_OK"
26131,10406353782,10406353831,1,"IOTHUB_CLIENT_CONFIRMATION_OK"
26132,10406353982,10406354025,1,"IOTHUB_CLIENT_CONFIRMATION_OK"
26133,10406354182,10406354218,1,"IOTHUB_CLIENT_CONFIRMATION_OK"
26134,10406354383,10406354440,1,"IOTHUB_CLIENT_CONFIRMATION_OK"
26135,10406354583,10406354619,1,"IOTHUB_CLIENT_CONFIRMATION_OK"
26136,10406354783,10406354822,1,"IOTHUB_CLIENT_CONFIRMATION_OK"
26137,10406354983,10406355045,1,"IOTHUB_CLIENT_CONFIRMATION_OK"
26138,10406355183,10406355221,1,"IOTHUB_CLIENT_CONFIRMATION_OK"
26139,10406355383,10406355426,1,"IOTHUB_CLIENT_CONFIRMATION_OK"
26140,10406355583,10406355632,1,"IOTHUB_CLIENT_CONFIRMATION_OK"
26141,10406355784,10406355828,1,"IOTHUB_CLIENT_CONFIRMATION_OK"
26142,10406355984,10406356043,1,"IOTHUB_CLIENT_CONFIRMATION_OK"
26143,10406356184,10406356238,1,"IOTHUB_CLIENT_CONFIRMATION_OK"
26144,10406356384,10406356434,1,"IOTHUB_CLIENT_CONFIRMATION_OK"
26145,10406356584,10406356652,1,"IOTHUB_CLIENT_CONFIRMATION_OK"
26146,10406356784,10406356821,1,"IOTHUB_CLIENT_CONFIRMATION_OK"
26147,10406356985,10406357034,1,"IOTHUB_CLIENT_CONFIRMATION_OK"
26148,10406357185,10406357262,1,"IOTHUB_CLIENT_CONFIRMATION_OK"
26149,10406357385,10406357421,1,"IOTHUB_CLIENT_CONFIRMATION_OK"
26150,10406357585,10406357628,1,"IOTHUB_CLIENT_CONFIRMATION_OK"
26151,10406357785,10406357868,1,"IOTHUB_CLIENT_CONFIRMATION_OK"
26152,10406357985,10406358024,1,"IOTHUB_CLIENT_CONFIRMATION_OK"
26153,10406358185,10406358224,1,"IOTHUB_CLIENT_CONFIRMATION_OK"
26154,10406358386,10406358483,1,"IOTHUB_CLIENT_CONFIRMATION_OK"
26155,10406358586,10406358645,1,"IOTHUB_CLIENT_CONFIRMATION_OK"
26156,10406358786,10406358844,1,"IOTHUB_CLIENT_CONFIRMATION_OK"
26157,10406358986,10406359030,1,"IOTHUB_CLIENT_CONFIRMATION_OK"
26158,10406359186,10406359224,1,"IOTHUB_CLIENT_CONFIRMATION_OK"
26159,10406359386,10406359424,1,"IOTHUB_CLIENT_CONFIRMATION_OK"
26160,10406359587,10406359628,1,"IOTHUB_CLIENT_CONFIRMATION_OK"
26161,10406359787,10406359858,1,"IOTHUB_CLIENT_CONFIRMATION_OK"
26162,10406359987,10406360044,1,"IOTHUB_CLIENT_CONFIRMATION_OK"
26163,10406360187,10406360228,1,"IOTHUB_CLIENT_CONFIRMATION_OK"
26164,10406360387,10406360430,1,"IOTHUB_CLIENT_CONFIRMATION_OK"
26165,10406360587,10406360630,1,"IOTHUB_CLIENT_CONFIRMATION_OK"
26166,10406360788,10406360838,1,"IOTHUB_CLIENT_CONFIRMATION_OK"
26167,10406360988,10406361028,1,"IOTHUB_CLIENT_CONFIRMATION_OK"
26168,10406361188,10406361225,1,"IOTHUB_CLIENT_CONFIRMATION_OK"
26169,10406361388,10406361422,1,"IOTHUB_CLIENT_CONFIRMATION_OK"
26170,10406361588,10406361743,1,"IOTHUB_CLIENT_CONFIRMATION_OK"
26171,10406361788,10406361843,1,"IOTHUB_CLIENT_CONFIRMATION_OK"
26172,10406361988,10406362029,1,"IOTHUB_CLIENT_CONFIRMATION_OK"
26173,10406362189,10406362414,1,"IOTHUB_CLIENT_CONFIRMATION_OK"
26174,10406362389,10406362447,1,"IOTHUB_CLIENT_CONFIRMATION_OK"
26175,10406362589,10406362634,1,"IOTHUB_CLIENT_CONFIRMATION_OK"
26176,10406362789,10406362830,1,"IOTHUB_CLIENT_CONFIRMATION_OK"
26177,10406362989,10406363030,1,"IOTHUB_CLIENT_CONFIRMATION_OK"
26178,10406363189,10406363229,1,"IOTHUB_CLIENT_CONFIRMATION_OK"
26179,10406363390,10406363431,1,"IOTHUB_CLIENT_CONFIRMATION_OK"
26180,10406363590,10406363654,1,"IOTHUB_CLIENT_CONFIRMATION_OK"
26181,10406363790,10406363833,1,"IOTHUB_CLIENT_CONFIRMATION_OK"
26182,10406363990,10406364033,1,"IOTHUB_CLIENT_CONFIRMATION_OK"
26183,10406364190,10406364316,1,"IOTHUB_CLIENT_CONFIRMATION_OK"
26184,10406364390,10406364430,1,"IOTHUB_CLIENT_CONFIRMATION_OK"
26185,10406364591,10406364627,1,"IOTHUB_CLIENT_CONFIRMATION_OK"
26186,10406364791,10406364877,1,"IOTHUB_CLIENT_CONFIRMATION_OK"
26187,10406364991,10406365038,1,"IOTHUB_CLIENT_CONFIRMATION_OK"
26188,10406365191,10406365230,1,"IOTHUB_CLIENT_CONFIRMATION_OK"
26189,10406365391,10406365481,1,"IOTHUB_CLIENT_CONFIRMATION_OK"
26190,10406365591,10406365649,1,"IOTHUB_CLIENT_CONFIRMATION_OK"
26191,10406365792,10406365837,1,"IOTHUB_CLIENT_CONFIRMATION_OK"
26192,10406365992,10406366086,1,"IOTHUB_CLIENT_CONFIRMATION_OK"
26193,10406366192,10406366237,1,"IOTHUB_CLIENT_CONFIRMATION_OK"
26194,10406366392,10406366423,1,"IOTHUB_CLIENT_CONFIRMATION_OK"
26195,10406366592,10406366751,1,"IOTHUB_CLIENT_CONFIRMATION_OK"
26196,10406366792,10406366839,1,"IOTHUB_CLIENT_CONFIRMATION_OK"
26197,10406366992,10406367034,1,"IOTHUB_CLIENT_CONFIRMATION_OK"
26198,10406367193,10406367231,1,"IOTHUB_CLIENT_CONFIRMATION_OK"
26199,10406367393,10406367444,1,"IOTHUB_CLIENT_CONFIRMATION_OK"
26200,10406367593,10406367635,1,"IOTHUB_CLIENT_CONFIRMATION_OK"
26201,10406367793,10406367837,1,"IOTHUB_CLIENT_CONFIRMATION_OK"
26202,10406367993,10406368032,1,"IOTHUB_CLIENT_CONFIRMATION_OK"
26203,10406368193,10406368237,1,"IOTHUB_CLIENT_CONFIRMATION_OK"
26204,10406368394,10406368431,1,"IOTHUB_CLIENT_CONFIRMATION_OK"
26205,10406368594,10406368632,1,"IOTHUB_CLIENT_CONFIRMATION_OK"
26206,10406368794,10406368862,1,"IOTHUB_CLIENT_CONFIRMATION_OK"
26207,10406368994,10406369035,1,"IOTHUB_CLIENT_CONFIRMATION_OK"
26208,10406369194,10406369235,1,"IOTHUB_CLIENT_CONFIRMATION_OK"
26209,10406369394,10406369447,1,"IOTHUB_CLIENT_CONFIRMATION_OK"
26210,10406369595,10406369637,1,"IOTHUB_CLIENT_CONFIRMATION_OK"
26211,10406369795,10406369976,1,"IOTHUB_CLIENT_CONFIRMATION_OK"
26212,10406369995,10406370032,1,"IOTHUB_CLIENT_CONFIRMATION_OK"
26213,10406370195,10406370230,1,"IOTHUB_CLIENT_CONFIRMATION_OK"
26214,10406370395,10406370589,1,"IOTHUB_CLIENT_CONFIRMATION_OK"
26215,10406370595,10406370643,1,"IOTHUB_CLIENT_CONFIRMATION_OK"
26216,10406370795,10406370838,1,"IOTHUB_CLIENT_CONFIRMATION_OK"
26217,10406370996,10406371355,1,"IOTHUB_CLIENT_CONFIRMATION_OK"
26218,10406371196,10406371371,1,"IOTHUB_CLIENT_CONFIRMATION_OK"
26219,10406371396,10406371435,1,"IOTHUB_CLIENT_CONFIRMATION_OK"
26220,10406371596,10406371634,1,"IOTHUB_CLIENT_CONFIRMATION_OK"
26221,10406371796,10406371847,1,"IOTHUB_CLIENT_CONFIRMATION_OK"
26222,10406371996,10406372130,1,"IOTHUB_CLIENT_CONFIRMATION_OK"
26223,10406372197,10406372241,1,"IOTHUB_CLIENT_CONFIRMATION_OK"
26224,10406372397,10406372439,1,"IOTHUB_CLIENT_CONFIRMATION_OK"
26225,10406372597,10406372633,1,"IOTHUB_CLIENT_CONFIRMATION_OK"
26226,10406372797,10406372835,1,"IOTHUB_CLIENT_CONFIRMATION_OK"
26227,10406372997,10406373033,1,"IOTHUB_CLIENT_CONFIRMATION_OK"
26228,10406373197,10406373249,1,"IOTHUB_CLIENT_CONFIRMATION_OK"
26229,10406373398,10406373447,1,"IOTHUB_CLIENT_CONFIRMATION_OK"
26230,10406373598,10406374149,1,"IOTHUB_CLIENT_CONFIRMATION_OK"
26231,10406373798,10406374410,1,"IOTHUB_CLIENT_CONFIRMATION_OK"
26232,10406373998,10406374568,1,"IOTHUB_CLIENT_CONFIRMATION_OK"
26233,10406374198,10406374609,1,"IOTHUB_CLIENT_CONFIRMATION_OK"
26234,10406374398,10406374669,1,"IOTHUB_CLIENT_CONFIRMATION_OK"
26235,10406374598,10406374702,1,"IOTHUB_CLIENT_CONFIRMATION_OK"
26236,10406374799,10406374989,1,"IOTHUB_CLIENT_CONFIRMATION_OK"
26237,10406374999,10406375038,1,"IOTHUB_CLIENT_CONFIRMATION_OK"
26238,10406375199,10406375242,1,"IOTHUB_CLIENT_CONFIRMATION_OK"
26239,10406375399,10406375442,1,"IOTHUB_CLIENT_CONFIRMATION_OK"
26240,10406375599,10406375656,1,"IOTHUB_CLIENT_CONFIRMATION_OK"
26241,10406375799,10406375837,1,"IOTHUB_CLIENT_CONFIRMATION_OK"
26242,10406376000,10406376038,1,"IOTHUB_CLIENT_CONFIRMATION_OK"
26243,10406376200,10406376239,1,"IOTHUB_CLIENT_CONFIRMATION_OK"
26244,10406376400,10406376445,1,"IOTHUB_CLIENT_CONFIRMATION_OK"
26245,10406376600,10406376638,1,"IOTHUB_CLIENT_CONFIRMATION_OK"
26246,10406376800,10406376846,1,"IOTHUB_CLIENT_CONFIRMATION_OK"
26247,10406377000,10406377047,1,"IOTHUB_CLIENT_CONFIRMATION_OK"
26248,10406377201,10406377253,1,"IOTHUB_CLIENT_CONFIRMATION_OK"
26249,10406377401,10406377447,1,"IOTHUB_CLIENT_CONFIRMATION_OK"
26250,10406377601,10406377661,1,"IOTHUB_CLIENT_CONFIRMATION_OK"
26251,10406377801,10406377964,1,"IOTHUB_CLIENT_CONFIRMATION_OK"
26252,10406378001,10406378055,1,"IOTHUB_CLIENT_CONFIRMATION_OK"
26253,10406378201,10406378252,1,"IOTHUB_CLIENT_CONFIRMATION_OK"
26254,10406378401,10406378444,1,"IOTHUB_CLIENT_CONFIRMATION_OK"
26255,10406378602,10406378653,1,"IOTHUB_CLIENT_CONFIRMATION_OK"
26256,10406378802,10406378847,1,"IOTHUB_CLIENT_CONFIRMATION_OK"
26257,10406379002,10406379056,1,"IOTHUB_CLIENT_CONFIRMATION_OK"
26258,10406379202,10406379268,1,"IOTHUB_CLIENT_CONFIRMATION_OK"
26259,10406379402,10406379442,1,"IOTHUB_CLIENT_CONFIRMATION_OK"
26260,10406379602,10406379645,1,"IOTHUB_CLIENT_CONFIRMATION_OK"
26261,10406379803,10406379847,1,"IOTHUB_CLIENT_CONFIRMATION_OK"
26262,10406380003,10406380044,1,"IOTHUB_CLIENT_CONFIRMATION_OK"
26263,10406380203,10406380243,1,"IOTHUB_CLIENT_CONFIRMATION_OK"
26264,10406380403,10406380445,1,"IOTHUB_CLIENT_CONFIRMATION_OK"
26265,10406380603,10406380644,1,"IOTHUB_CLIENT_CONFIRMATION_OK"
26266,10406380803,10406380842,1,"IOTHUB_CLIENT_CONFIRMATION_OK"
26267,10406381003,10406381048,1,"IOTHUB_CLIENT_CONFIRMATION_OK"
26268,10406381204,10406381261,1,"IOTHUB_CLIENT_CONFIRMATION_OK"
26269,10406381404,10406381442,1,"IOTHUB_CLIENT_CONFIRMATION_OK"
26270,10406381604,10406381640,1,"IOTHUB_CLIENT_CONFIRMATION_OK"
26271,10406381804,10406381855,1,"IOTHUB_CLIENT_CONFIRMATION_OK"
26272,10406382004,10406382049,1,"IOTHUB_CLIENT_CONFIRMATION_OK"
26273,10406382204,10406382239,1,"IOTHUB_CLIENT_CONFIRMATION_OK"
26274,10406382405,10406382461,1,"IOTHUB_CLIENT_CONFIRMATION_OK"
26275,10406382605,10406382652,1,"IOTHUB_CLIENT_CONFIRMATION_OK"
26276,10406382805,10406382847,1,"IOTHUB_CLIENT_CONFIRMATION_OK"
26277,10406383005,10406383066,1,"IOTHUB_CLIENT_CONFIRMATION_OK"
26278,10406383205,10406383242,1,"IOTHUB_CLIENT_CONFIRMATION_OK"
26279,10406383405,10406383457,1,"IOTHUB_CLIENT_CONFIRMATION_OK"
26280,10406383606,10406383657,1,"IOTHUB_CLIENT_CONFIRMATION_OK"
26281,10406383806,10406383850,1,"IOTHUB_CLIENT_CONFIRMATION_OK"
26282,10406384006,10406384044,1,"IOTHUB_CLIENT_CONFIRMATION_OK"
26283,10406384206,10406384247,1,"IOTHUB_CLIENT_CONFIRMATION_OK"
26284,10406384406,10406384495,1,"IOTHUB_CLIENT_CONFIRMATION_OK"
26285,10406384606,10406384652,1,"IOTHUB_CLIENT_CONFIRMATION_OK"
26286,10406384807,10406384849,1,"IOTHUB_CLIENT_CONFIRMATION_OK"
26287,10406385007,10406385122,1,"IOTHUB_CLIENT_CONFIRMATION_OK"
26288,10406385207,10406385250,1,"IOTHUB_CLIENT_CONFIRMATION_OK"
26289,10406385407,10406385453,1,"IOTHUB_CLIENT_CONFIRMATION_OK"
26290,10406385607,10406385775,1,"IOTHUB_CLIENT_CONFIRMATION_OK"
26291,10406385807,10406385855,1,"IOTHUB_CLIENT_CONFIRMATION_OK"
26292,10406386008,10406386054,1,"IOTHUB_CLIENT_CONFIRMATION_OK"
26293,10406386208,10406386359,1,"IOTHUB_CLIENT_CONFIRMATION_OK"
26294,10406386408,10406386447,1,"IOTHUB_CLIENT_CONFIRMATION_OK"
26295,10406386608,10406386646,1,"IOTHUB_CLIENT_CONFIRMATION_OK"
26296,10406386808,10406386968,1,"IOTHUB_CLIENT_CONFIRMATION_OK"
26297,10406387008,10406387116,1,"IOTHUB_CLIENT_CONFIRMATION_OK"
26298,10406387208,10406387248,1,"IOTHUB_CLIENT_CONFIRMATION_OK"
26299,10406387409,10406387465,1,"IOTHUB_CLIENT_CONFIRMATION_OK"
26300,10406387609,10406387649,1,"IOTHUB_CLIENT_CONFIRMATION_OK"
26301,10406387809,10406387855,1,"IOTHUB_CLIENT_CONFIRMATION_OK"
26302,10406388009,10406388052,1,"IOTHUB_CLIENT_CONFIRMATION_OK"
26303,10406388209,10406388245,1,"IOTHUB_CLIENT_CONFIRMATION_OK"
26304,10406388409,10406388475,1,"IOTHUB_CLIENT_CONFIRMATION_OK"
26305,10406388610,10406388671,1,"IOTHUB_CLIENT_CONFIRMATION_OK"
26306,10406388810,10406388855,1,"IOTHUB_CLIENT_CONFIRMATION_OK"
26307,10406389010,10406389051,1,"IOTHUB_CLIENT_CONFIRMATION_OK"
26308,10406389210,10406389249,1,"IOTHUB_CLIENT_CONFIRMATION_OK"
26309,10406389410,10406389445,1,"IOTHUB_CLIENT_CONFIRMATION_OK"
26310,10406389610,10406389653,1,"IOTHUB_CLIENT_CONFIRMATION_OK"
26311,10406389811,10406389844,1,"IOTHUB_CLIENT_CONFIRMATION_OK"
26312,10406390011,10406390066,1,"IOTHUB_CLIENT_CONFIRMATION_OK"
26313,10406390211,10406390254,1,"IOTHUB_CLIENT_CONFIRMATION_OK"
26314,10406390411,10406390460,1,"IOTHUB_CLIENT_CONFIRMATION_OK"
26315,10406390611,10406390663,1,"IOTHUB_CLIENT_CONFIRMATION_OK"
26316,10406390811,10406390849,1,"IOTHUB_CLIENT_CONFIRMATION_OK"
26317,10406391012,10406391047,1,"IOTHUB_CLIENT_CONFIRMATION_OK"
26318,10406391212,10406391257,1,"IOTHUB_CLIENT_CONFIRMATION_OK"
26319,10406391412,10406391452,1,"IOTHUB_CLIENT_CONFIRMATION_OK"
26320,10406391612,10406391653,1,"IOTHUB_CLIENT_CONFIRMATION_OK"
26321,10406391812,10406391848,1,"IOTHUB_CLIENT_CONFIRMATION_OK"
26322,10406392012,10406392051,1,"IOTHUB_CLIENT_CONFIRMATION_OK"
26323,10406392212,10406392264,1,"IOTHUB_CLIENT_CONFIRMATION_OK"
26324,10406392413,10406392463,1,"IOTHUB_CLIENT_CONFIRMATION_OK"
26325,10406392613,10406392709,1,"IOTHUB_CLIENT_CONFIRMATION_OK"
26326,10406392813,10406392852,1,"IOTHUB_CLIENT_CONFIRMATION_OK"
26327,10406393013,10406393069,1,"IOTHUB_CLIENT_CONFIRMATION_OK"
26328,10406393213,10406393330,1,"IOTHUB_CLIENT_CONFIRMATION_OK"
26329,10406393413,10406393523,1,"IOTHUB_CLIENT_CONFIRMATION_OK"
26330,10406393614,10406393652,1,"IOTHUB_CLIENT_CONFIRMATION_OK"
26331,10406393814,10406393955,1,"IOTHUB_CLIENT_CONFIRMATION_OK"
26332,10406394014,10406394051,1,"IOTHUB_CLIENT_CONFIRMATION_OK"
26333,10406394214,10406394253,1,"IOTHUB_CLIENT_CONFIRMATION_OK"
26334,10406394414,10406394566,1,"IOTHUB_CLIENT_CONFIRMATION_OK"
26335,10406394614,10406394663,1,"IOTHUB_CLIENT_CONFIRMATION_OK"
26336,10406394815,10406394853,1,"IOTHUB_CLIENT_CONFIRMATION_OK"
26337,10406395015,10406395161,1,"IOTHUB_CLIENT_CONFIRMATION_OK"
26338,10406395215,10406395266,1,"IOTHUB_CLIENT_CONFIRMATION_OK"
26339,10406395415,10406395463,1,"IOTHUB_CLIENT_CONFIRMATION_OK"
26340,10406395615,10406395652,1,"IOTHUB_CLIENT_CONFIRMATION_OK"
26341,10406395815,10406395859,1,"IOTHUB_CLIENT_CONFIRMATION_OK"
26342,10406396016,10406396051,1,"IOTHUB_CLIENT_CONFIRMATION_OK"
26343,10406396216,10406396268,1,"IOTHUB_CLIENT_CONFIRMATION_OK"
26344,10406396416,10406396459,1,"IOTHUB_CLIENT_CONFIRMATION_OK"
26345,10406396616,10406396657,1,"IOTHUB_CLIENT_CONFIRMATION_OK"
26346,10406396816,10406396852,1,"IOTHUB_CLIENT_CONFIRMATION_OK"
26347,10406397016,10406397057,1,"IOTHUB_CLIENT_CONFIRMATION_OK"
26348,10406397216,10406397275,1,"IOTHUB_CLIENT_CONFIRMATION_OK"
26349,10406397417,10406397455,1,"IOTHUB_CLIENT_CONFIRMATION_OK"
26350,10406397617,10406397659,1,"IOTHUB_CLIENT_CONFIRMATION_OK"
26351,10406397817,10406397854,1,"IOTHUB_CLIENT_CONFIRMATION_OK"
26352,10406398017,10406398057,1,"IOTHUB_CLIENT_CONFIRMATION_OK"
26353,10406398217,10406398253,1,"IOTHUB_CLIENT_CONFIRMATION_OK"
26354,10406398417,10406398470,1,"IOTHUB_CLIENT_CONFIRMATION_OK"
26355,10406398618,10406398652,1,"IOTHUB_CLIENT_CONFIRMATION_OK"
26356,10406398818,10406398894,1,"IOTHUB_CLIENT_CONFIRMATION_OK"
26357,10406399018,10406399058,1,"IOTHUB_CLIENT_CONFIRMATION_OK"
26358,10406399218,10406399261,1,"IOTHUB_CLIENT_CONFIRMATION_OK"
26359,10406399418,10406399453,1,"IOTHUB_CLIENT_CONFIRMATION_OK"
26360,10406399618,10406399684,1,"IOTHUB_CLIENT_CONFIRMATION_OK"
26361,10406399818,10406399857,1,"IOTHUB_CLIENT_CONFIRMATION_OK"
26362,10406400019,10406400178,1,"IOTHUB_CLIENT_CONFIRMATION_OK"
26363,10406400219,10406400420,1,"IOTHUB_CLIENT_CONFIRMATION_OK"
26364,10406400419,10406400454,1,"IOTHUB_CLIENT_CONFIRMATION_OK"
26365,10406400619,10406400661,1,"IOTHUB_CLIENT_CONFIRMATION_OK"
26366,10406400819,10406400865,1,"IOTHUB_CLIENT_CONFIRMATION_OK"
26367,10406401019,10406401058,1,"IOTHUB_CLIENT_CONFIRMATION_OK"
26368,10406401220,10406401261,1,"IOTHUB_CLIENT_CONFIRMATION_OK"
26369,10406401420,10406401465,1,"IOTHUB_CLIENT_CONFIRMATION_OK"
26370,10406401620,10406401658,1,"IOTHUB_CLIENT_CONFIRMATION_OK"
26371,10406401820,10406401864,1,"IOTHUB_CLIENT_CONFIRMATION_OK"
26372,10406402020,10406402060,1,"IOTHUB_CLIENT_CONFIRMATION_OK"
26373,10406402220,10406402257,1,"IOTHUB_CLIENT_CONFIRMATION_OK"
26374,10406402421,10406402472,1,"IOTHUB_CLIENT_CONFIRMATION_OK"
26375,10406402621,10406402677,1,"IOTHUB_CLIENT_CONFIRMATION_OK"
26376,10406402821,10406402859,1,"IOTHUB_CLIENT_CONFIRMATION_OK"
26377,10406403021,10406403056,1,"IOTHUB_CLIENT_CONFIRMATION_OK"
26378,10406403221,10406403258,1,"IOTHUB_CLIENT_CONFIRMATION_OK"
26379,10406403421,10406403482,1,"IOTHUB_CLIENT_CONFIRMATION_OK"
26380,10406403621,10406403659,1,"IOTHUB_CLIENT_CONFIRMATION_OK"
26381,10406403822,10406403858,1,"IOTHUB_CLIENT_CONFIRMATION_OK"
26382,10406404022,10406404058,1,"IOTHUB_CLIENT_CONFIRMATION_OK"
26383,10406404222,10406404265,1,"IOTHUB_CLIENT_CONFIRMATION_OK"
26384,10406404422,10406404466,1,"IOTHUB_CLIENT_CONFIRMATION_OK"
26385,10406404622,10406404723,1,"IOTHUB_CLIENT_CONFIRMATION_OK"
26386,10406404822,10406404881,1,"IOTHUB_CLIENT_CONFIRMATION_OK"
26387,10406405023,10406405069,1,"IOTHUB_CLIENT_CONFIRMATION_OK"
26388,10406405223,10406405341,1,"IOTHUB_CLIENT_CONFIRMATION_OK"
26389,10406405423,10406405485,1,"IOTHUB_CLIENT_CONFIRMATION_OK"
26390,10406405623,10406405669,1,"IOTHUB_CLIENT_CONFIRMATION_OK"
26391,10406405823,10406405957,1,"IOTHUB_CLIENT_CONFIRMATION_OK"
26392,10406406023,10406406068,1,"IOTHUB_CLIENT_CONFIRMATION_OK"
26393,10406406223,10406406261,1,"IOTHUB_CLIENT_CONFIRMATION_OK"
26394,10406406424,10406406566,1,"IOTHUB_CLIENT_CONFIRMATION_OK"
26395,10406406624,10406406678,1,"IOTHUB_CLIENT_CONFIRMATION_OK"
26396,10406406824,10406406861,1,"IOTHUB_CLIENT_CONFIRMATION_OK"
26397,10406407024,10406407192,1,"IOTHUB_CLIENT_CONFIRMATION_OK"
26398,10406407224,10406407269,1,"IOTHUB_CLIENT_CONFIRMATION_OK"
26399,10406407424,10406407497,1,"IOTHUB_CLIENT_CONFIRMATION_OK"
26400,10406407625,10406407667,1,"IOTHUB_CLIENT_CONFIRMATION_OK"
26401,10406407825,10406407896,1,"IOTHUB_CLIENT_CONFIRMATION_OK"
26402,10406408025,10406408063,1,"IOTHUB_CLIENT_CONFIRMATION_OK"
26403,10406408225,10406408264,1,"IOTHUB_CLIENT_CONFIRMATION_OK"
26404,10406408425,10406408459,1,"IOTHUB_CLIENT_CONFIRMATION_OK"
26405,10406408625,10406408706,1,"IOTHUB_CLIENT_CONFIRMATION_OK"
26406,10406408825,10406408886,1,"IOTHUB_CLIENT_CONFIRMATION_OK"
26407,10406409026,10406409063,1,"IOTHUB_CLIENT_CONFIRMATION_OK"
26408,10406409226,10406409293,1,"IOTHUB_CLIENT_CONFIRMATION_OK"
26409,10406409426,10406409469,1,"IOTHUB_CLIENT_CONFIRMATION_OK"
26410,10406409626,10406409679,1,"IOTHUB_CLIENT_CONFIRMATION_OK"
26411,10406409826,10406409861,1,"IOTHUB_CLIENT_CONFIRMATION_OK"
26412,10406410026,10406410066,1,"IOTHUB_CLIENT_CONFIRMATION_OK"
26413,10406410227,10406410286,1,"IOTHUB_CLIENT_CONFIRMATION_OK"
26414,10406410427,10406410467,1,"IOTHUB_CLIENT_CONFIRMATION_OK"
26415,10406410627,10406410671,1,"IOTHUB_CLIENT_CONFIRMATION_OK"
26416,10406410827,10406410903,1,"IOTHUB_CLIENT_CONFIRMATION_OK"
26417,10406411027,10406411062,1,"IOTHUB_CLIENT_CONFIRMATION_OK"
26418,10406411227,10406411293,1,"IOTHUB_CLIENT_CONFIRMATION_OK"
26419,10406411428,10406411467,1,"IOTHUB_CLIENT_CONFIRMATION_OK"
26420,10406411628,10406411696,1,"IOTHUB_CLIENT_CONFIRMATION_OK"
26421,10406411828,10406411872,1,"IOTHUB_CLIENT_CONFIRMATION_OK"
26422,10406412028,10406412064,1,"IOTHUB_CLIENT_CONFIRMATION_OK"
26423,10406412228,10406412363,1,"IOTHUB_CLIENT_CONFIRMATION_OK"
26424,10406412428,10406412464,1,"IOTHUB_CLIENT_CONFIRMATION_OK"
26425,10406412628,10406412668,1,"IOTHUB_CLIENT_CONFIRMATION_OK"
26426,10406412829,10406412868,1,"IOTHUB_CLIENT_CONFIRMATION_OK"
26427,10406413029,10406413075,1,"IOTHUB_CLIENT_CONFIRMATION_OK"
26428,10406413229,10406413268,1,"IOTHUB_CLIENT_CONFIRMATION_OK"
26429,10406413429,10406413473,1,"IOTHUB_CLIENT_CONFIRMATION_OK"
26430,10406413629,10406413664,1,"IOTHUB_CLIENT_CONFIRMATION_OK"
26431,10406413829,10406413876,1,"IOTHUB_CLIENT_CONFIRMATION_OK"
26432,10406414030,10406414188,1,"IOTHUB_CLIENT_CONFIRMATION_OK"
26433,10406414230,10406414268,1,"IOTHUB_CLIENT_CONFIRMATION_OK"
26434,10406414430,10406414484,1,"IOTHUB_CLIENT_CONFIRMATION_OK"
26435,10406414630,10406414811,1,"IOTHUB_CLIENT_CONFIRMATION_OK"
26436,10406414830,10406414899,1,"IOTHUB_CLIENT_CONFIRMATION_OK"
26437,10406415030,10406415063,1,"IOTHUB_CLIENT_CONFIRMATION_OK"
26438,10406415231,10406415271,1,"IOTHUB_CLIENT_CONFIRMATION_OK"
26439,10406415431,10406415467,1,"IOTHUB_CLIENT_CONFIRMATION_OK"
26440,10406415631,10406415668,1,"IOTHUB_CLIENT_CONFIRMATION_OK"
26441,10406415831,10406415874,1,"IOTHUB_CLIENT_CONFIRMATION_OK"
26442,10406416031,10406416071,1,"IOTHUB_CLIENT_CONFIRMATION_OK"
26443,10406416231,10406416297,1,"IOTHUB_CLIENT_CONFIRMATION_OK"
26444,10406416431,10406416470,1,"IOTHUB_CLIENT_CONFIRMATION_OK"
26445,10406416632,10406416688,1,"IOTHUB_CLIENT_CONFIRMATION_OK"
26446,10406416832,10406416877,1,"IOTHUB_CLIENT_CONFIRMATION_OK"
26447,10406417032,10406417073,1,"IOTHUB_CLIENT_CONFIRMATION_OK"
26448,10406417232,10406417303,1,"IOTHUB_CLIENT_CONFIRMATION_OK"
26449,10406417432,10406417486,1,"IOTHUB_CLIENT_CONFIRMATION_OK"
26450,10406417632,10406417677,1,"IOTHUB_CLIENT_CONFIRMATION_OK"
26451,10406417833,10406417916,1,"IOTHUB_CLIENT_CONFIRMATION_OK"
26452,10406418033,10406418086,1,"IOTHUB_CLIENT_CONFIRMATION_OK"
26453,10406418233,10406418273,1,"IOTHUB_CLIENT_CONFIRMATION_OK"
26454,10406418433,10406418498,1,"IOTHUB_CLIENT_CONFIRMATION_OK"
26455,10406418633,10406418667,1,"IOTHUB_CLIENT_CONFIRMATION_OK"
26456,10406418833,10406418873,1,"IOTHUB_CLIENT_CONFIRMATION_OK"
26457,10406419034,10406419182,1,"IOTHUB_CLIENT_CONFIRMATION_OK"
26458,10406419234,10406419332,1,"IOTHUB_CLIENT_CONFIRMATION_OK"
26459,10406419434,10406419475,1,"IOTHUB_CLIENT_CONFIRMATION_OK"
26460,10406419634,10406419673,1,"IOTHUB_CLIENT_CONFIRMATION_OK"
26461,10406419834,10406419896,1,"IOTHUB_CLIENT_CONFIRMATION_OK"
26462,10406420034,10406420080,1,"IOTHUB_CLIENT_CONFIRMATION_OK"
26463,10406420235,10406420273,1,"IOTHUB_CLIENT_CONFIRMATION_OK"
26464,10406420435,10406420523,1,"IOTHUB_CLIENT_CONFIRMATION_OK"
26465,10406420635,10406420674,1,"IOTHUB_CLIENT_CONFIRMATION_OK"
26466,10406420835,10406420875,1,"IOTHUB_CLIENT_CONFIRMATION_OK"
26467,10406421035,10406421076,1,"IOTHUB_CLIENT_CONFIRMATION_OK"
26468,10406421235,10406421271,1,"IOTHUB_CLIENT_CONFIRMATION_OK"
26469,10406421436,10406421492,1,"IOTHUB_CLIENT_CONFIRMATION_OK"
26470,10406421636,10406421699,1,"IOTHUB_CLIENT_CONFIRMATION_OK"
26471,10406421836,10406421929,1,"IOTHUB_CLIENT_CONFIRMATION_OK"
26472,10406422036,10406422073,1,"IOTHUB_CLIENT_CONFIRMATION_OK"
26473,10406422236,10406422284,1,"IOTHUB_CLIENT_CONFIRMATION_OK"
26474,10406422436,10406422496,1,"IOTHUB_CLIENT_CONFIRMATION_OK"
26475,10406422636,10406422682,1,"IOTHUB_CLIENT_CONFIRMATION_OK"
26476,10406422837,10406423067,1,"IOTHUB_CLIENT_CONFIRMATION_OK"
26477,10406423037,10406423085,1,"IOTHUB_CLIENT_CONFIRMATION_OK"
26478,10406423237,10406423274,1,"IOTHUB_CLIENT_CONFIRMATION_OK"
26479,10406423437,10406423476,1,"IOTHUB_CLIENT_CONFIRMATION_OK"
26480,10406423637,10406423704,1,"IOTHUB_CLIENT_CONFIRMATION_OK"
26481,10406423837,10406423884,1,"IOTHUB_CLIENT_CONFIRMATION_OK"
26482,10406424038,10406424073,1,"IOTHUB_CLIENT_CONFIRMATION_OK"
26483,10406424238,10406424287,1,"IOTHUB_CLIENT_CONFIRMATION_OK"
26484,10406424438,10406424474,1,"IOTHUB_CLIENT_CONFIRMATION_OK"
26485,10406424638,10406424712,1,"IOTHUB_CLIENT_CONFIRMATION_OK"
26486,10406424838,10406424927,1,"IOTHUB_CLIENT_CONFIRMATION_OK"
26487,10406425038,10406425073,1,"IOTHUB_CLIENT_CONFIRMATION_OK"
26488,10406425239,10406425286,1,"IOTHUB_CLIENT_CONFIRMATION_OK"
26489,10406425439,10406425528,1,"IOTHUB_CLIENT_CONFIRMATION_OK"
26490,10406425639,10406425693,1,"IOTHUB_CLIENT_CONFIRMATION_OK"
26491,10406425839,10406425888,1,"IOTHUB_CLIENT_CONFIRMATION_OK"
26492,10406426039,10406426159,1,"IOTHUB_CLIENT_CONFIRMATION_OK"
26493,10406426239,10406426281,1,"IOTHUB_CLIENT_CONFIRMATION_OK"
26494,10406426440,10406426477,1,"IOTHUB_CLIENT_CONFIRMATION_OK"
26495,10406426640,10406426768,1,"IOTHUB_CLIENT_CONFIRMATION_OK"
26496,10406426840,10406426880,1,"IOTHUB_CLIENT_CONFIRMATION_OK"
26497,10406427040,10406427077,1,"IOTHUB_CLIENT_CONFIRMATION_OK"
26498,10406427240,10406427282,1,"IOTHUB_CLIENT_CONFIRMATION_OK"
26499,10406427440,10406427479,1,"IOTHUB_CLIENT_CONFIRMATION_OK"
26500,10406427640,10406427677,1,"IOTHUB_CLIENT_CONFIRMATION_OK"
26501,10406427841,10406427950,1,"IOTHUB_CLIENT_CONFIRMATION_OK"
26502,10406428041,10406428082,1,"IOTHUB_CLIENT_CONFIRMATION_OK"
26503,10406428241,10406428276,1,"IOTHUB_CLIENT_CONFIRMATION_OK"
26504,10406428441,10406428485,1,"IOTHUB_CLIENT_CONFIRMATION_OK"
26505,10406428641,10406428698,1,"IOTHUB_CLIENT_CONFIRMATION_OK"
26506,10406428841,10406428877,1,"IOTHUB_CLIENT_CONFIRMATION_OK"
26507,10406429042,10406429081,1,"IOTHUB_CLIENT_CONFIRMATION_OK"
26508,10406429242,10406429280,1,"IOTHUB_CLIENT_CONFIRMATION_OK"
26509,10406429442,10406429484,1,"IOTHUB_CLIENT_CONFIRMATION_OK"
26510,10406429642,10406429678,1,"IOTHUB_CLIENT_CONFIRMATION_OK"
26511,10406429842,10406429878,1,"IOTHUB_CLIENT_CONFIRMATION_OK"
26512,10406430042,10406430081,1,"IOTHUB_CLIENT_CONFIRMATION_OK"
26513,10406430242,10406430300,1,"IOTHUB_CLIENT_CONFIRMATION_OK"
26514,10406430443,10406430626,1,"IOTHUB_CLIENT_CONFIRMATION_OK"
26515,10406430643,10406430703,1,"IOTHUB_CLIENT_CONFIRMATION_OK"
26516,10406430843,10406430891,1,"IOTHUB_CLIENT_CONFIRMATION_OK"
26517,10406431043,10406431249,1,"IOTHUB_CLIENT_CONFIRMATION_OK"
26518,10406431243,10406431282,1,"IOTHUB_CLIENT_CONFIRMATION_OK"
26519,10406431443,10406431484,1,"IOTHUB_CLIENT_CONFIRMATION_OK"
26520,10406431644,10406431682,1,"IOTHUB_CLIENT_CONFIRMATION_OK"
26521,10406431844,10406431896,1,"IOTHUB_CLIENT_CONFIRMATION_OK"
26522,10406432044,10406432080,1,"IOTHUB_CLIENT_CONFIRMATION_OK"
26523,10406432244,10406432280,1,"IOTHUB_CLIENT_CONFIRMATION_OK"
26524,10406432444,10406432484,1,"IOTHUB_CLIENT_CONFIRMATION_OK"
26525,10406432644,10406432684,1,"IOTHUB_CLIENT_CONFIRMATION_OK"
26526,10406432844,10406432882,1,"IOTHUB_CLIENT_CONFIRMATION_OK"
26527,10406433045,10406433113,1,"IOTHUB_CLIENT_CONFIRMATION_OK"
26528,10406433245,10406433284,1,"IOTHUB_CLIENT_CONFIRMATION_OK"
26529,10406433445,10406433492,1,"IOTHUB_CLIENT_CONFIRMATION_OK"
26530,10406433645,10406433759,1,"IOTHUB_CLIENT_CONFIRMATION_OK"
26531,10406433845,10406433910,1,"IOTHUB_CLIENT_CONFIRMATION_OK"
26532,10406434045,10406434086,1,"IOTHUB_CLIENT_CONFIRMATION_OK"
26533,10406434246,10406434446,1,"IOTHUB_CLIENT_CONFIRMATION_OK"
26534,10406434446,10406434510,1,"IOTHUB_CLIENT_CONFIRMATION_OK"
26535,10406434646,10406434699,1,"IOTHUB_CLIENT_CONFIRMATION_OK"
26536,10406434846,10406434909,1,"IOTHUB_CLIENT_CONFIRMATION_OK"
26537,10406435046,10406435085,1,"IOTHUB_CLIENT_CONFIRMATION_OK"
26538,10406435246,10406435289,1,"IOTHUB_CLIENT_CONFIRMATION_OK"
26539,10406435447,10406435487,1,"IOTHUB_CLIENT_CONFIRMATION_OK"
26540,10406435647,10406435700,1,"IOTHUB_CLIENT_CONFIRMATION_OK"
26541,10406435847,10406435896,1,"IOTHUB_CLIENT_CONFIRMATION_OK"
26542,10406436047,10406436090,1,"IOTHUB_CLIENT_CONFIRMATION_OK"
26543,10406436247,10406436291,1,"IOTHUB_CLIENT_CONFIRMATION_OK"
26544,10406436447,10406436486,1,"IOTHUB_CLIENT_CONFIRMATION_OK"
26545,10406436647,10406436685,1,"IOTHUB_CLIENT_CONFIRMATION_OK"
26546,10406436848,10406436897,1,"IOTHUB_CLIENT_CONFIRMATION_OK"
26547,10406437048,10406437088,1,"IOTHUB_CLIENT_CONFIRMATION_OK"
26548,10406437248,10406437293,1,"IOTHUB_CLIENT_CONFIRMATION_OK"
26549,10406437448,10406437510,1,"IOTHUB_CLIENT_CONFIRMATION_OK"
26550,10406437648,10406437703,1,"IOTHUB_CLIENT_CONFIRMATION_OK"
26551,10406437848,10406437893,1,"IOTHUB_CLIENT_CONFIRMATION_OK"
26552,10406438049,10406438125,1,"IOTHUB_CLIENT_CONFIRMATION_OK"
26553,10406438249,10406438285,1,"IOTHUB_CLIENT_CONFIRMATION_OK"
26554,10406438449,10406438488,1,"IOTHUB_CLIENT_CONFIRMATION_OK"
26555,10406438649,10406438728,1,"IOTHUB_CLIENT_CONFIRMATION_OK"
26556,10406438849,10406438906,1,"IOTHUB_CLIENT_CONFIRMATION_OK"
26557,10406439049,10406439087,1,"IOTHUB_CLIENT_CONFIRMATION_OK"
26558,10406439249,10406439290,1,"IOTHUB_CLIENT_CONFIRMATION_OK"
26559,10406439450,10406439491,1,"IOTHUB_CLIENT_CONFIRMATION_OK"
26560,10406439650,10406439690,1,"IOTHUB_CLIENT_CONFIRMATION_OK"
26561,10406439850,10406439918,1,"IOTHUB_CLIENT_CONFIRMATION_OK"
26562,10406440050,10406440088,1,"IOTHUB_CLIENT_CONFIRMATION_OK"
26563,10406440250,10406440292,1,"IOTHUB_CLIENT_CONFIRMATION_OK"
26564,10406440450,10406440488,1,"IOTHUB_CLIENT_CONFIRMATION_OK"
26565,10406440651,10406440753,1,"IOTHUB_CLIENT_CONFIRMATION_OK"
26566,10406440851,10406440888,1,"IOTHUB_CLIENT_CONFIRMATION_OK"
26567,10406441051,10406441093,1,"IOTHUB_CLIENT_CONFIRMATION_OK"
26568,10406441251,10406441358,1,"IOTHUB_CLIENT_CONFIRMATION_OK"
26569,10406441451,10406441488,1,"IOTHUB_CLIENT_CONFIRMATION_OK"
26570,10406441651,10406441690,1,"IOTHUB_CLIENT_CONFIRMATION_OK"
26571,10406441852,10406441986,1,"IOTHUB_CLIENT_CONFIRMATION_OK"
26572,10406442052,10406442094,1,"IOTHUB_CLIENT_CONFIRMATION_OK"
26573,10406442252,10406442298,1,"IOTHUB_CLIENT_CONFIRMATION_OK"
26574,10406442452,10406442619,1,"IOTHUB_CLIENT_CONFIRMATION_OK"
26575,10406442652,10406442691,1,"IOTHUB_CLIENT_CONFIRMATION_OK"
26576,10406442852,10406442891,1,"IOTHUB_CLIENT_CONFIRMATION_OK"
26577,10406443052,10406443198,1,"IOTHUB_CLIENT_CONFIRMATION_OK"
26578,10406443253,10406443297,1,"IOTHUB_CLIENT_CONFIRMATION_OK"
26579,10406443453,10406443490,1,"IOTHUB_CLIENT_CONFIRMATION_OK"
26580,10406443653,10406443702,1,"IOTHUB_CLIENT_CONFIRMATION_OK"
26581,10406443853,10406443893,1,"IOTHUB_CLIENT_CONFIRMATION_OK"
26582,10406444053,10406444093,1,"IOTHUB_CLIENT_CONFIRMATION_OK"
26583,10406444253,10406444312,1,"IOTHUB_CLIENT_CONFIRMATION_OK"
26584,10406444454,10406444612,1,"IOTHUB_CLIENT_CONFIRMATION_OK"
26585,10406444654,10406444698,1,"IOTHUB_CLIENT_CONFIRMATION_OK"
26586,10406444854,10406444899,1,"IOTHUB_CLIENT_CONFIRMATION_OK"
26587,10406445054,10406445097,1,"IOTHUB_CLIENT_CONFIRMATION_OK"
26588,10406445254,10406445290,1,"IOTHUB_CLIENT_CONFIRMATION_OK"
26589,10406445454,10406445494,1,"IOTHUB_CLIENT_CONFIRMATION_OK"
26590,10406445655,10406445693,1,"IOTHUB_CLIENT_CONFIRMATION_OK"
26591,10406445855,10406445914,1,"IOTHUB_CLIENT_CONFIRMATION_OK"
26592,10406446055,10406446090,1,"IOTHUB_CLIENT_CONFIRMATION_OK"
26593,10406446255,10406446300,1,"IOTHUB_CLIENT_CONFIRMATION_OK"
26594,10406446455,10406446529,1,"IOTHUB_CLIENT_CONFIRMATION_OK"
26595,10406446655,10406446703,1,"IOTHUB_CLIENT_CONFIRMATION_OK"
26596,10406446856,10406447068,1,"IOTHUB_CLIENT_CONFIRMATION_OK"
26597,10406447056,10406447093,1,"IOTHUB_CLIENT_CONFIRMATION_OK"
26598,10406447256,10406447299,1,"IOTHUB_CLIENT_CONFIRMATION_OK"
26599,10406447456,10406447495,1,"IOTHUB_CLIENT_CONFIRMATION_OK"
26600,10406447656,10406447763,1,"IOTHUB_CLIENT_CONFIRMATION_OK"
26601,10406447856,10406447902,1,"IOTHUB_CLIENT_CONFIRMATION_OK"
26602,10406448056,10406448092,1,"IOTHUB_CLIENT_CONFIRMATION_OK"
26603,10406448257,10406448299,1,"IOTHUB_CLIENT_CONFIRMATION_OK"
26604,10406448457,10406448498,1,"IOTHUB_CLIENT_CONFIRMATION_OK"
26605,10406448657,10406448728,1,"IOTHUB_CLIENT_CONFIRMATION_OK"
26606,10406448857,10406448988,1,"IOTHUB_CLIENT_CONFIRMATION_OK"
26607,10406449057,10406449100,1,"IOTHUB_CLIENT_CONFIRMATION_OK"
26608,10406449257,10406449323,1,"IOTHUB_CLIENT_CONFIRMATION_OK"
26609,10406449458,10406449590,1,"IOTHUB_CLIENT_CONFIRMATION_OK"
26610,10406449658,10406449700,1,"IOTHUB_CLIENT_CONFIRMATION_OK"
26611,10406449858,10406449904,1,"IOTHUB_CLIENT_CONFIRMATION_OK"
26612,10406450058,10406450217,1,"IOTHUB_CLIENT_CONFIRMATION_OK"
26613,10406450258,10406450295,1,"IOTHUB_CLIENT_CONFIRMATION_OK"
26614,10406450458,10406450496,1,"IOTHUB_CLIENT_CONFIRMATION_OK"
26615,10406450659,10406450937,1,"IOTHUB_CLIENT_CONFIRMATION_OK"
26616,10406450859,10406450954,1,"IOTHUB_CLIENT_CONFIRMATION_OK"
26617,10406451059,10406451101,1,"IOTHUB_CLIENT_CONFIRMATION_OK"
26618,10406451259,10406451324,1,"IOTHUB_CLIENT_CONFIRMATION_OK"
26619,10406451459,10406451494,1,"IOTHUB_CLIENT_CONFIRMATION_OK"
26620,10406451659,10406451749,1,"IOTHUB_CLIENT_CONFIRMATION_OK"
26621,10406451859,10406451905,1,"IOTHUB_CLIENT_CONFIRMATION_OK"
26622,10406452060,10406452128,1,"IOTHUB_CLIENT_CONFIRMATION_OK"
26623,10406452260,10406452308,1,"IOTHUB_CLIENT_CONFIRMATION_OK"
26624,10406452460,10406452506,1,"IOTHUB_CLIENT_CONFIRMATION_OK"
26625,10406452660,10406452810,1,"IOTHUB_CLIENT_CONFIRMATION_OK"
26626,10406452860,10406452897,1,"IOTHUB_CLIENT_CONFIRMATION_OK"
26627,10406453060,10406453104,1,"IOTHUB_CLIENT_CONFIRMATION_OK"
26628,10406453260,10406453352,1,"IOTHUB_CLIENT_CONFIRMATION_OK"
26629,10406453461,10406453508,1,"IOTHUB_CLIENT_CONFIRMATION_OK"
26630,10406453661,10406453700,1,"IOTHUB_CLIENT_CONFIRMATION_OK"
26631,10406453861,10406453961,1,"IOTHUB_CLIENT_CONFIRMATION_OK"
26632,10406454061,10406454148,1,"IOTHUB_CLIENT_CONFIRMATION_OK"
26633,10406454261,10406454303,1,"IOTHUB_CLIENT_CONFIRMATION_OK"
26634,10406454461,10406454589,1,"IOTHUB_CLIENT_CONFIRMATION_OK"
26635,10406454662,10406454696,1,"IOTHUB_CLIENT_CONFIRMATION_OK"
26636,10406454862,10406454897,1,"IOTHUB_CLIENT_CONFIRMATION_OK"
26637,10406455062,10406455100,1,"IOTHUB_CLIENT_CONFIRMATION_OK"
26638,10406455262,10406455300,1,"IOTHUB_CLIENT_CONFIRMATION_OK"
26639,10406455462,10406455853,1,"IOTHUB_CLIENT_CONFIRMATION_OK"
26640,10406455662,10406456214,1,"IOTHUB_CLIENT_CONFIRMATION_OK"
26641,10406455863,10406456270,1,"IOTHUB_CLIENT_CONFIRMATION_OK"
26642,10406456063,10406456340,1,"IOTHUB_CLIENT_CONFIRMATION_OK"
26643,10406456263,10406456431,1,"IOTHUB_CLIENT_CONFIRMATION_OK"
26644,10406456463,10406456513,1,"IOTHUB_CLIENT_CONFIRMATION_OK"
26645,10406456663,10406456707,1,"IOTHUB_CLIENT_CONFIRMATION_OK"
26646,10406456863,10406456900,1,"IOTHUB_CLIENT_CONFIRMATION_OK"
26647,10406457063,10406457103,1,"IOTHUB_CLIENT_CONFIRMATION_OK"
26648,10406457264,10406457312,1,"IOTHUB_CLIENT_CONFIRMATION_OK"
26649,10406457464,10406457499,1,"IOTHUB_CLIENT_CONFIRMATION_OK"
26650,10406457664,10406457699,1,"IOTHUB_CLIENT_CONFIRMATION_OK"
26651,10406457864,10406457923,1,"IOTHUB_CLIENT_CONFIRMATION_OK"
26652,10406458064,10406458104,1,"IOTHUB_CLIENT_CONFIRMATION_OK"
26653,10406458264,10406458306,1,"IOTHUB_CLIENT_CONFIRMATION_OK"
26654,10406458465,10406458504,1,"IOTHUB_CLIENT_CONFIRMATION_OK"
26655,10406458665,10406458712,1,"IOTHUB_CLIENT_CONFIRMATION_OK"
26656,10406458865,10406459073,1,"IOTHUB_CLIENT_CONFIRMATION_OK"
26657,10406459065,10406459107,1,"IOTHUB_CLIENT_CONFIRMATION_OK"
26658,10406459265,10406459309,1,"IOTHUB_CLIENT_CONFIRMATION_OK"
26659,10406459465,10406459505,1,"IOTHUB_CLIENT_CONFIRMATION_OK"
26660,10406459666,10406459708,1,"IOTHUB_CLIENT_CONFIRMATION_OK"
26661,10406459866,10406459916,1,"IOTHUB_CLIENT_CONFIRMATION_OK"
26662,10406460066,10406460111,1,"IOTHUB_CLIENT_CONFIRMATION_OK"
26663,10406460266,10406460311,1,"IOTHUB_CLIENT_CONFIRMATION_OK"
26664,10406460466,10406460501,1,"IOTHUB_CLIENT_CONFIRMATION_OK"
26665,10406460666,10406460842,1,"IOTHUB_CLIENT_CONFIRMATION_OK"
26666,10406460867,10406460919,1,"IOTHUB_CLIENT_CONFIRMATION_OK"
26667,10406461067,10406461123,1,"IOTHUB_CLIENT_CONFIRMATION_OK"
26668,10406461267,10406461312,1,"IOTHUB_CLIENT_CONFIRMATION_OK"
26669,10406461467,10406461520,1,"IOTHUB_CLIENT_CONFIRMATION_OK"
26670,10406461667,10406461708,1,"IOTHUB_CLIENT_CONFIRMATION_OK"
26671,10406461867,10406461910,1,"IOTHUB_CLIENT_CONFIRMATION_OK"
26672,10406462068,10406462134,1,"IOTHUB_CLIENT_CONFIRMATION_OK"
26673,10406462268,10406462311,1,"IOTHUB_CLIENT_CONFIRMATION_OK"
26674,10406462468,10406462507,1,"IOTHUB_CLIENT_CONFIRMATION_OK"
26675,10406462668,10406462742,1,"IOTHUB_CLIENT_CONFIRMATION_OK"
26676,10406462868,10406462909,1,"IOTHUB_CLIENT_CONFIRMATION_OK"
26677,10406463068,10406463103,1,"IOTHUB_CLIENT_CONFIRMATION_OK"
26678,10406463269,10406463316,1,"IOTHUB_CLIENT_CONFIRMATION_OK"
26679,10406463469,10406463504,1,"IOTHUB_CLIENT_CONFIRMATION_OK"
26680,10406463669,10406463716,1,"IOTHUB_CLIENT_CONFIRMATION_OK"
26681,10406463869,10406463904,1,"IOTHUB_CLIENT_CONFIRMATION_OK"
26682,10406464069,10406464112,1,"IOTHUB_CLIENT_CONFIRMATION_OK"
26683,10406464269,10406464312,1,"IOTHUB_CLIENT_CONFIRMATION_OK"
26684,10406464469,10406464509,1,"IOTHUB_CLIENT_CONFIRMATION_OK"
26685,10406464670,10406464707,1,"IOTHUB_CLIENT_CONFIRMATION_OK"
26686,10406464870,10406464912,1,"IOTHUB_CLIENT_CONFIRMATION_OK"
26687,10406465070,10406465105,1,"IOTHUB_CLIENT_CONFIRMATION_OK"
26688,10406465270,10406465304,1,"IOTHUB_CLIENT_CONFIRMATION_OK"
26689,10406465470,10406465512,1,"IOTHUB_CLIENT_CONFIRMATION_OK"
26690,10406465670,10406465707,1,"IOTHUB_CLIENT_CONFIRMATION_OK"
26691,10406465871,10406465912,1,"IOTHUB_CLIENT_CONFIRMATION_OK"
26692,10406466071,10406466120,1,"IOTHUB_CLIENT_CONFIRMATION_OK"
26693,10406466271,10406466311,1,"IOTHUB_CLIENT_CONFIRMATION_OK"
26694,10406466471,10406466515,1,"IOTHUB_CLIENT_CONFIRMATION_OK"
26695,10406466671,10406466729,1,"IOTHUB_CLIENT_CONFIRMATION_OK"
26696,10406466871,10406466907,1,"IOTHUB_CLIENT_CONFIRMATION_OK"
26697,10406467071,10406467147,1,"IOTHUB_CLIENT_CONFIRMATION_OK"
26698,10406467272,10406467308,1,"IOTHUB_CLIENT_CONFIRMATION_OK"
26699,10406467472,10406467513,1,"IOTHUB_CLIENT_CONFIRMATION_OK"
26700,10406467672,10406467713,1,"IOTHUB_CLIENT_CONFIRMATION_OK"
26701,10406467872,10406467905,1,"IOTHUB_CLIENT_CONFIRMATION_OK"
26702,10406468072,10406468118,1,"IOTHUB_CLIENT_CONFIRMATION_OK"
26703,10406468272,10406468317,1,"IOTHUB_CLIENT_CONFIRMATION_OK"
26704,10406468472,10406468590,1,"IOTHUB_CLIENT_CONFIRMATION_OK"
26705,10406468673,10406468714,1,"IOTHUB_CLIENT_CONFIRMATION_OK"
26706,10406468873,10406468914,1,"IOTHUB_CLIENT_CONFIRMATION_OK"
26707,10406469073,10406469165,1,"IOTHUB_CLIENT_CONFIRMATION_OK"
26708,10406469273,10406469317,1,"IOTHUB_CLIENT_CONFIRMATION_OK"
26709,10406469473,10406469520,1,"IOTHUB_CLIENT_CONFIRMATION_OK"
26710,10406469673,10406469768,1,"IOTHUB_CLIENT_CONFIRMATION_OK"
26711,10406469874,10406469910,1,"IOTHUB_CLIENT_CONFIRMATION_OK"
26712,10406470074,10406470122,1,"IOTHUB_CLIENT_CONFIRMATION_OK"
26713,10406470274,10406470378,1,"IOTHUB_CLIENT_CONFIRMATION_OK"
26714,10406470474,10406470620,1,"IOTHUB_CLIENT_CONFIRMATION_OK"
26715,10406470674,10406470715,1,"IOTHUB_CLIENT_CONFIRMATION_OK"
26716,10406470874,10406471065,1,"IOTHUB_CLIENT_CONFIRMATION_OK"
26717,10406471074,10406471115,1,"IOTHUB_CLIENT_CONFIRMATION_OK"
26718,10406471275,10406471316,1,"IOTHUB_CLIENT_CONFIRMATION_OK"
26719,10406471475,10406471523,1,"IOTHUB_CLIENT_CONFIRMATION_OK"
26720,10406471675,10406471712,1,"IOTHUB_CLIENT_CONFIRMATION_OK"
26721,10406471875,10406471912,1,"IOTHUB_CLIENT_CONFIRMATION_OK"
26722,10406472075,10406472174,1,"IOTHUB_CLIENT_CONFIRMATION_OK"
26723,10406472275,10406472358,1,"IOTHUB_CLIENT_CONFIRMATION_OK"
26724,10406472476,10406472517,1,"IOTHUB_CLIENT_CONFIRMATION_OK"
26725,10406472676,10406472725,1,"IOTHUB_CLIENT_CONFIRMATION_OK"
26726,10406472876,10406472926,1,"IOTHUB_CLIENT_CONFIRMATION_OK"
26727,10406473076,10406473125,1,"IOTHUB_CLIENT_CONFIRMATION_OK"
26728,10406473276,10406473321,1,"IOTHUB_CLIENT_CONFIRMATION_OK"
26729,10406473476,10406473553,1,"IOTHUB_CLIENT_CONFIRMATION_OK"
26730,10406473677,10406473774,1,"IOTHUB_CLIENT_CONFIRMATION_OK"
26731,10406473877,10406473921,1,"IOTHUB_CLIENT_CONFIRMATION_OK"
26732,10406474077,10406474180,1,"IOTHUB_CLIENT_CONFIRMATION_OK"
26733,10406474277,10406474316,1,"IOTHUB_CLIENT_CONFIRMATION_OK"
26734,10406474477,10406474526,1,"IOTHUB_CLIENT_CONFIRMATION_OK"
26735,10406474677,10406474798,1,"IOTHUB_CLIENT_CONFIRMATION_OK"
26736,10406474877,10406474936,1,"IOTHUB_CLIENT_CONFIRMATION_OK"
26737,10406475078,10406475115,1,"IOTHUB_CLIENT_CONFIRMATION_OK"
26738,10406475278,10406475313,1,"IOTHUB_CLIENT_CONFIRMATION_OK"
26739,10406475478,10406475518,1,"IOTHUB_CLIENT_CONFIRMATION_OK"
26740,10406475678,10406475719,1,"IOTHUB_CLIENT_CONFIRMATION_OK"
26741,10406475878,10406475920,1,"IOTHUB_CLIENT_CONFIRMATION_OK"
26742,10406476078,10406476128,1,"IOTHUB_CLIENT_CONFIRMATION_OK"
26743,10406476279,10406476325,1,"IOTHUB_CLIENT_CONFIRMATION_OK"
26744,10406476479,10406476554,1,"IOTHUB_CLIENT_CONFIRMATION_OK"
26745,10406476679,10406476734,1,"IOTHUB_CLIENT_CONFIRMATION_OK"
26746,10406476879,10406476915,1,"IOTHUB_CLIENT_CONFIRMATION_OK"
26747,10406477079,10406477123,1,"IOTHUB_CLIENT_CONFIRMATION_OK"
26748,10406477279,10406477325,1,"IOTHUB_CLIENT_CONFIRMATION_OK"
26749,10406477480,10406477518,1,"IOTHUB_CLIENT_CONFIRMATION_OK"
26750,10406477680,10406477719,1,"IOTHUB_CLIENT_CONFIRMATION_OK"
26751,10406477880,10406477961,1,"IOTHUB_CLIENT_CONFIRMATION_OK"
26752,10406478080,10406478118,1,"IOTHUB_CLIENT_CONFIRMATION_OK"
26753,10406478280,10406478321,1,"IOTHUB_CLIENT_CONFIRMATION_OK"
26754,10406478480,10406478520,1,"IOTHUB_CLIENT_CONFIRMATION_OK"
26755,10406478681,10406478723,1,"IOTHUB_CLIENT_CONFIRMATION_OK"
26756,10406478881,10406478936,1,"IOTHUB_CLIENT_CONFIRMATION_OK"
26757,10406479081,10406479120,1,"IOTHUB_CLIENT_CONFIRMATION_OK"
26758,10406479281,10406479341,1,"IOTHUB_CLIENT_CONFIRMATION_OK"
26759,10406479481,10406479516,1,"IOTHUB_CLIENT_CONFIRMATION_OK"
26760,10406479681,10406479806,1,"IOTHUB_CLIENT_CONFIRMATION_OK"
26761,10406479882,10406480041,1,"IOTHUB_CLIENT_CONFIRMATION_OK"
26762,10406480082,10406480116,1,"IOTHUB_CLIENT_CONFIRMATION_OK"
26763,10406480282,10406480323,1,"IOTHUB_CLIENT_CONFIRMATION_OK"
26764,10406480482,10406480554,1,"IOTHUB_CLIENT_CONFIRMATION_OK"
26765,10406480682,10406480722,1,"IOTHUB_CLIENT_CONFIRMATION_OK"
26766,10406480882,10406480922,1,"IOTHUB_CLIENT_CONFIRMATION_OK"
26767,10406481083,10406481125,1,"IOTHUB_CLIENT_CONFIRMATION_OK"
26768,10406481283,10406481381,1,"IOTHUB_CLIENT_CONFIRMATION_OK"
26769,10406481483,10406481523,1,"IOTHUB_CLIENT_CONFIRMATION_OK"
26770,10406481683,10406481733,1,"IOTHUB_CLIENT_CONFIRMATION_OK"
26771,10406481883,10406481926,1,"IOTHUB_CLIENT_CONFIRMATION_OK"
26772,10406482083,10406482120,1,"IOTHUB_CLIENT_CONFIRMATION_OK"
26773,10406482283,10406482325,1,"IOTHUB_CLIENT_CONFIRMATION_OK"
26774,10406482484,10406482521,1,"IOTHUB_CLIENT_CONFIRMATION_OK"
26775,10406482684,10406482729,1,"IOTHUB_CLIENT_CONFIRMATION_OK"
26776,10406482884,10406482954,1,"IOTHUB_CLIENT_CONFIRMATION_OK"
26777,10406483084,10406483136,1,"IOTHUB_CLIENT_CONFIRMATION_OK"
26778,10406483284,10406483326,1,"IOTHUB_CLIENT_CONFIRMATION_OK"
26779,10406483484,10406483524,1,"IOTHUB_CLIENT_CONFIRMATION_OK"
26780,10406483684,10406483737,1,"IOTHUB_CLIENT_CONFIRMATION_OK"
26781,10406483885,10406483922,1,"IOTHUB_CLIENT_CONFIRMATION_OK"
26782,10406484085,10406484140,1,"IOTHUB_CLIENT_CONFIRMATION_OK"
26783,10406484285,10406484327,1,"IOTHUB_CLIENT_CONFIRMATION_OK"
26784,10406484485,10406484524,1,"IOTHUB_CLIENT_CONFIRMATION_OK"
26785,10406484685,10406484732,1,"IOTHUB_CLIENT_CONFIRMATION_OK"
26786,10406484885,10406484925,1,"IOTHUB_CLIENT_CONFIRMATION_OK"
26787,10406485085,10406485126,1,"IOTHUB_CLIENT_CONFIRMATION_OK"
26788,10406485286,10406485372,1,"IOTHUB_CLIENT_CONFIRMATION_OK"
26789,10406485486,10406485614,1,"IOTHUB_CLIENT_CONFIRMATION_OK"
26790,10406485686,10406485729,1,"IOTHUB_CLIENT_CONFIRMATION_OK"
26791,10406485886,10406485925,1,"IOTHUB_CLIENT_CONFIRMATION_OK"
26792,10406486086,10406486123,1,"IOTHUB_CLIENT_CONFIRMATION_OK"
26793,10406486286,10406486325,1,"IOTHUB_CLIENT_CONFIRMATION_OK"
26794,10406486487,10406486531,1,"IOTHUB_CLIENT_CONFIRMATION_OK"
26795,10406486687,10406486730,1,"IOTHUB_CLIENT_CONFIRMATION_OK"
26796,10406486887,10406486931,1,"IOTHUB_CLIENT_CONFIRMATION_OK"
26797,10406487087,10406487127,1,"IOTHUB_CLIENT_CONFIRMATION_OK"
26798,10406487287,10406487339,1,"IOTHUB_CLIENT_CONFIRMATION_OK"
26799,10406487488,10406487596,1,"IOTHUB_CLIENT_CONFIRMATION_OK"
26800,10406487688,10406487750,1,"IOTHUB_CLIENT_CONFIRMATION_OK"
26801,10406487888,10406487958,1,"IOTHUB_CLIENT_CONFIRMATION_OK"
26802,10406488088,10406488358,1,"IOTHUB_CLIENT_CONFIRMATION_OK"
26803,10406488288,10406488390,1,"IOTHUB_CLIENT_CONFIRMATION_OK"
26804,10406488488,10406488528,1,"IOTHUB_CLIENT_CONFIRMATION_OK"
26805,10406488688,10406488854,1,"IOTHUB_CLIENT_CONFIRMATION_OK"
26806,10406488889,10406488935,1,"IOTHUB_CLIENT_CONFIRMATION_OK"
26807,10406489089,10406489130,1,"IOTHUB_CLIENT_CONFIRMATION_OK"
26808,10406489289,10406489329,1,"IOTHUB_CLIENT_CONFIRMATION_OK"
26809,10406489489,10406489535,1,"IOTHUB_CLIENT_CONFIRMATION_OK"
26810,10406489689,10406489727,1,"IOTHUB_CLIENT_CONFIRMATION_OK"
26811,10406489889,10406489956,1,"IOTHUB_CLIENT_CONFIRMATION_OK"
26812,10406490090,10406490140,1,"IOTHUB_CLIENT_CONFIRMATION_OK"
26813,10406490290,10406490332,1,"IOTHUB_CLIENT_CONFIRMATION_OK"
26814,10406490490,10406490525,1,"IOTHUB_CLIENT_CONFIRMATION_OK"
26815,10406490690,10406490755,1,"IOTHUB_CLIENT_CONFIRMATION_OK"
26816,10406490890,10406490931,1,"IOTHUB_CLIENT_CONFIRMATION_OK"
26817,10406491090,10406491308,1,"IOTHUB_CLIENT_CONFIRMATION_OK"
26818,10406491291,10406491333,1,"IOTHUB_CLIENT_CONFIRMATION_OK"
26819,10406491491,10406491527,1,"IOTHUB_CLIENT_CONFIRMATION_OK"
26820,10406491691,10406491792,1,"IOTHUB_CLIENT_CONFIRMATION_OK"
26821,10406491891,10406491996,1,"IOTHUB_CLIENT_CONFIRMATION_OK"
26822,10406492091,10406492133,1,"IOTHUB_CLIENT_CONFIRMATION_OK"
26823,10406492291,10406492332,1,"IOTHUB_CLIENT_CONFIRMATION_OK"
26824,10406492491,10406492529,1,"IOTHUB_CLIENT_CONFIRMATION_OK"
26825,10406492692,10406492738,1,"IOTHUB_CLIENT_CONFIRMATION_OK"
26826,10406492892,10406492959,1,"IOTHUB_CLIENT_CONFIRMATION_OK"
26827,10406493092,10406493213,1,"IOTHUB_CLIENT_CONFIRMATION_OK"
26828,10406493292,10406493339,1,"IOTHUB_CLIENT_CONFIRMATION_OK"
26829,10406493492,10406493539,1,"IOTHUB_CLIENT_CONFIRMATION_OK"
26830,10406493692,10406493821,1,"IOTHUB_CLIENT_CONFIRMATION_OK"
26831,10406493893,10406493976,1,"IOTHUB_CLIENT_CONFIRMATION_OK"
26832,10406494093,10406494135,1,"IOTHUB_CLIENT_CONFIRMATION_OK"
26833,10406494293,10406494460,1,"IOTHUB_CLIENT_CONFIRMATION_OK"
26834,10406494493,10406494529,1,"IOTHUB_CLIENT_CONFIRMATION_OK"
26835,10406494693,10406494743,1,"IOTHUB_CLIENT_CONFIRMATION_OK"
26836,10406494893,10406495068,1,"IOTHUB_CLIENT_CONFIRMATION_OK"
26837,10406495094,10406495129,1,"IOTHUB_CLIENT_CONFIRMATION_OK"
26838,10406495294,10406495341,1,"IOTHUB_CLIENT_CONFIRMATION_OK"
26839,10406495494,10406495577,1,"IOTHUB_CLIENT_CONFIRMATION_OK"
26840,10406495694,10406495732,1,"IOTHUB_CLIENT_CONFIRMATION_OK"
26841,10406495894,10406495976,1,"IOTHUB_CLIENT_CONFIRMATION_OK"
26842,10406496094,10406496153,1,"IOTHUB_CLIENT_CONFIRMATION_OK"
26843,10406496295,10406496331,1,"IOTHUB_CLIENT_CONFIRMATION_OK"
26844,10406496495,10406496536,1,"IOTHUB_CLIENT_CONFIRMATION_OK"
26845,10406496695,10406496749,1,"IOTHUB_CLIENT_CONFIRMATION_OK"
26846,10406496895,10406496972,1,"IOTHUB_CLIENT_CONFIRMATION_OK"
26847,10406497095,10406497136,1,"IOTHUB_CLIENT_CONFIRMATION_OK"
26848,10406497295,10406497352,1,"IOTHUB_CLIENT_CONFIRMATION_OK"
26849,10406497495,10406497541,1,"IOTHUB_CLIENT_CONFIRMATION_OK"
26850,10406497696,10406497745,1,"IOTHUB_CLIENT_CONFIRMATION_OK"
26851,10406497896,10406497959,1,"IOTHUB_CLIENT_CONFIRMATION_OK"
26852,10406498096,10406498145,1,"IOTHUB_CLIENT_CONFIRMATION_OK"
26853,10406498296,10406498465,1,"IOTHUB_CLIENT_CONFIRMATION_OK"
26854,10406498496,10406498556,1,"IOTHUB_CLIENT_CONFIRMATION_OK"
26855,10406498696,10406498909,1,"IOTHUB_CLIENT_CONFIRMATION_OK"
26856,10406498897,10406498945,1,"IOTHUB_CLIENT_CONFIRMATION_OK"
26857,10406499097,10406499136,1,"IOTHUB_CLIENT_CONFIRMATION_OK"
26858,10406499297,10406499344,1,"IOTHUB_CLIENT_CONFIRMATION_OK"
26859,10406499497,10406499559,1,"IOTHUB_CLIENT_CONFIRMATION_OK"
26860,10406499697,10406499732,1,"IOTHUB_CLIENT_CONFIRMATION_OK"
26861,10406499897,10406499940,1,"IOTHUB_CLIENT_CONFIRMATION_OK"
26862,10406500098,10406500201,1,"IOTHUB_CLIENT_CONFIRMATION_OK"
26863,10406500298,10406500376,1,"IOTHUB_CLIENT_CONFIRMATION_OK"
26864,10406500498,10406500611,1,"IOTHUB_CLIENT_CONFIRMATION_OK"
26865,10406500698,10406500759,1,"IOTHUB_CLIENT_CONFIRMATION_OK"
26866,10406500898,10406500951,1,"IOTHUB_CLIENT_CONFIRMATION_OK"
26867,10406501098,10406501150,1,"IOTHUB_CLIENT_CONFIRMATION_OK"
26868,10406501298,10406501386,1,"IOTHUB_CLIENT_CONFIRMATION_OK"
26869,10406501499,10406501543,1,"IOTHUB_CLIENT_CONFIRMATION_OK"
26870,10406501699,10406501752,1,"IOTHUB_CLIENT_CONFIRMATION_OK"
26871,10406501899,10406502034,1,"IOTHUB_CLIENT_CONFIRMATION_OK"
26872,10406502099,10406502149,1,"IOTHUB_CLIENT_CONFIRMATION_OK"
26873,10406502299,10406502393,1,"IOTHUB_CLIENT_CONFIRMATION_OK"
26874,10406502499,10406502635,1,"IOTHUB_CLIENT_CONFIRMATION_OK"
26875,10406502700,10406502768,1,"IOTHUB_CLIENT_CONFIRMATION_OK"
26876,10406502900,10406502958,1,"IOTHUB_CLIENT_CONFIRMATION_OK"
26877,10406503100,10406503143,1,"IOTHUB_CLIENT_CONFIRMATION_OK"
26878,10406503300,10406503336,1,"IOTHUB_CLIENT_CONFIRMATION_OK"
26879,10406503500,10406503549,1,"IOTHUB_CLIENT_CONFIRMATION_OK"
26880,10406503700,10406503746,1,"IOTHUB_CLIENT_CONFIRMATION_OK"
26881,10406503901,10406503981,1,"IOTHUB_CLIENT_CONFIRMATION_OK"
26882,10406504101,10406504146,1,"IOTHUB_CLIENT_CONFIRMATION_OK"
26883,10406504301,10406504427,1,"IOTHUB_CLIENT_CONFIRMATION_OK"
26884,10406504501,10406504550,1,"IOTHUB_CLIENT_CONFIRMATION_OK"
26885,10406504701,10406504747,1,"IOTHUB_CLIENT_CONFIRMATION_OK"
26886,10406504901,10406504954,1,"IOTHUB_CLIENT_CONFIRMATION_OK"
26887,10406505101,10406505146,1,"IOTHUB_CLIENT_CONFIRMATION_OK"
26888,10406505302,10406505347,1,"IOTHUB_CLIENT_CONFIRMATION_OK"
26889,10406505502,10406505543,1,"IOTHUB_CLIENT_CONFIRMATION_OK"
26890,10406505702,10406505758,1,"IOTHUB_CLIENT_CONFIRMATION_OK"
26891,10406505902,10406505937,1,"IOTHUB_CLIENT_CONFIRMATION_OK"
26892,10406506102,10406506141,1,"IOTHUB_CLIENT_CONFIRMATION_OK"
26893,10406506302,10406506356,1,"IOTHUB_CLIENT_CONFIRMATION_OK"
26894,10406506503,10406506547,1,"IOTHUB_CLIENT_CONFIRMATION_OK"
26895,10406506703,10406506755,1,"IOTHUB_CLIENT_CONFIRMATION_OK"
26896,10406506903,10406507320,1,"IOTHUB_CLIENT_CONFIRMATION_OK"
26897,10406507103,10406507809,1,"IOTHUB_CLIENT_CONFIRMATION_OK"
26898,10406507303,10406507958,1,"IOTHUB_CLIENT_CONFIRMATION_OK"
26899,10406507503,10406508071,1,"IOTHUB_CLIENT_CONFIRMATION_OK"
26900,10406507703,10406508166,1,"IOTHUB_CLIENT_CONFIRMATION_OK"
26901,10406507904,10406508244,1,"IOTHUB_CLIENT_CONFIRMATION_OK"
26902,10406508104,10406508401,1,"IOTHUB_CLIENT_CONFIRMATION_OK"
26903,10406508304,10406508494,1,"IOTHUB_CLIENT_CONFIRMATION_OK"
26904,10406508504,10406508584,1,"IOTHUB_CLIENT_CONFIRMATION_OK"
26905,10406508704,10406508744,1,"IOTHUB_CLIENT_CONFIRMATION_OK"
26906,10406508904,10406508975,1,"IOTHUB_CLIENT_CONFIRMATION_OK"
26907,10406509105,10406509170,1,"IOTHUB_CLIENT_CONFIRMATION_OK"
26908,10406509305,10406509345,1,"IOTHUB_CLIENT_CONFIRMATION_OK"
26909,10406509505,10406509593,1,"IOTHUB_CLIENT_CONFIRMATION_OK"
26910,10406509705,10406509745,1,"IOTHUB_CLIENT_CONFIRMATION_OK"
26911,10406509905,10406509968,1,"IOTHUB_CLIENT_CONFIRMATION_OK"
26912,10406510105,10406510261,1,"IOTHUB_CLIENT_CONFIRMATION_OK"
26913,10406510306,10406510363,1,"IOTHUB_CLIENT_CONFIRMATION_OK"
26914,10406510506,10406510555,1,"IOTHUB_CLIENT_CONFIRMATION_OK"
26915,10406510706,10406510764,1,"IOTHUB_CLIENT_CONFIRMATION_OK"
26916,10406510906,10406510950,1,"IOTHUB_CLIENT_CONFIRMATION_OK"
26917,10406511106,10406511155,1,"IOTHUB_CLIENT_CONFIRMATION_OK"
26918,10406511306,10406511364,1,"IOTHUB_CLIENT_CONFIRMATION_OK"
26919,10406511507,10406511551,1,"IOTHUB_CLIENT_CONFIRMATION_OK"
26920,10406511707,10406511788,1,"IOTHUB_CLIENT_CONFIRMATION_OK"
26921,10406511907,10406511963,1,"IOTHUB_CLIENT_CONFIRMATION_OK"
26922,10406512107,10406512152,1,"IOTHUB_CLIENT_CONFIRMATION_OK"
26923,10406512307,10406512369,1,"IOTHUB_CLIENT_CONFIRMATION_OK"
26924,10406512507,10406512543,1,"IOTHUB_CLIENT_CONFIRMATION_OK"
26925,10406512707,10406512776,1,"IOTHUB_CLIENT_CONFIRMATION_OK"
26926,10406512908,10406512951,1,"IOTHUB_CLIENT_CONFIRMATION_OK"
26927,10406513108,10406513169,1,"IOTHUB_CLIENT_CONFIRMATION_OK"
26928,10406513308,10406513385,1,"IOTHUB_CLIENT_CONFIRMATION_OK"
26929,10406513508,10406513588,1,"IOTHUB_CLIENT_CONFIRMATION_OK"
26930,10406513708,10406513817,1,"IOTHUB_CLIENT_CONFIRMATION_OK"
26931,10406513908,10406514034,1,"IOTHUB_CLIENT_CONFIRMATION_OK"
26932,10406514109,10406514177,1,"IOTHUB_CLIENT_CONFIRMATION_OK"
26933,10406514309,10406514346,1,"IOTHUB_CLIENT_CONFIRMATION_OK"
26934,10406514509,10406514638,1,"IOTHUB_CLIENT_CONFIRMATION_OK"
26935,10406514709,10406514767,1,"IOTHUB_CLIENT_CONFIRMATION_OK"
26936,10406514909,10406514949,1,"IOTHUB_CLIENT_CONFIRMATION_OK"
26937,10406515109,10406515165,1,"IOTHUB_CLIENT_CONFIRMATION_OK"
26938,10406515309,10406515357,1,"IOTHUB_CLIENT_CONFIRMATION_OK"
26939,10406515510,10406515592,1,"IOTHUB_CLIENT_CONFIRMATION_OK"
26940,10406515710,10406515757,1,"IOTHUB_CLIENT_CONFIRMATION_OK"
26941,10406515910,10406515944,1,"IOTHUB_CLIENT_CONFIRMATION_OK"
26942,10406516110,10406516173,1,"IOTHUB_CLIENT_CONFIRMATION_OK"
26943,10406516310,10406516346,1,"IOTHUB_CLIENT_CONFIRMATION_OK"
26944,10406516510,10406516549,1,"IOTHUB_CLIENT_CONFIRMATION_OK"
26945,10406516710,10406516757,1,"IOTHUB_CLIENT_CONFIRMATION_OK"
26946,10406516911,10406516950,1,"IOTHUB_CLIENT_CONFIRMATION_OK"
26947,10406517111,10406517316,1,"IOTHUB_CLIENT_CONFIRMATION_OK"
26948,10406517311,10406517351,1,"IOTHUB_CLIENT_CONFIRMATION_OK"
26949,10406517511,10406517564,1,"IOTHUB_CLIENT_CONFIRMATION_OK"
26950,10406517711,10406517759,1,"IOTHUB_CLIENT_CONFIRMATION_OK"
26951,10406517911,10406517968,1,"IOTHUB_CLIENT_CONFIRMATION_OK"
26952,10406518112,10406518164,1,"IOTHUB_CLIENT_CONFIRMATION_OK"
26953,10406518312,10406518380,1,"IOTHUB_CLIENT_CONFIRMATION_OK"
26954,10406518512,10406518551,1,"IOTHUB_CLIENT_CONFIRMATION_OK"
26955,10406518712,10406518762,1,"IOTHUB_CLIENT_CONFIRMATION_OK"
26956,10406518912,10406519122,1,"IOTHUB_CLIENT_CONFIRMATION_OK"
26957,10406519112,10406519152,1,"IOTHUB_CLIENT_CONFIRMATION_OK"
26958,10406519313,10406519368,1,"IOTHUB_CLIENT_CONFIRMATION_OK"
26959,10406519513,10406519560,1,"IOTHUB_CLIENT_CONFIRMATION_OK"
26960,10406519713,10406519773,1,"IOTHUB_CLIENT_CONFIRMATION_OK"
26961,10406519913,10406519958,1,"IOTHUB_CLIENT_CONFIRMATION_OK"
26962,10406520113,10406520167,1,"IOTHUB_CLIENT_CONFIRMATION_OK"
26963,10406520313,10406520379,1,"IOTHUB_CLIENT_CONFIRMATION_OK"
26964,10406520514,10406520566,1,"IOTHUB_CLIENT_CONFIRMATION_OK"
26965,10406520714,10406520756,1,"IOTHUB_CLIENT_CONFIRMATION_OK"
26966,10406520914,10406520951,1,"IOTHUB_CLIENT_CONFIRMATION_OK"
26967,10406521114,10406521198,1,"IOTHUB_CLIENT_CONFIRMATION_OK"
26968,10406521314,10406521364,1,"IOTHUB_CLIENT_CONFIRMATION_OK"
26969,10406521514,10406521564,1,"IOTHUB_CLIENT_CONFIRMATION_OK"
26970,10406521715,10406521762,1,"IOTHUB_CLIENT_CONFIRMATION_OK"
26971,10406521915,10406522004,1,"IOTHUB_CLIENT_CONFIRMATION_OK"
26972,10406522115,10406522153,1,"IOTHUB_CLIENT_CONFIRMATION_OK"
26973,10406522315,10406522356,1,"IOTHUB_CLIENT_CONFIRMATION_OK"
26974,10406522515,10406522558,1,"IOTHUB_CLIENT_CONFIRMATION_OK"
26975,10406522715,10406522890,1,"IOTHUB_CLIENT_CONFIRMATION_OK"
26976,10406522919,10406522954,1,"IOTHUB_CLIENT_CONFIRMATION_OK"
26977,10406523120,10406523161,1,"IOTHUB_CLIENT_CONFIRMATION_OK"
26978,10406523320,10406523366,1,"IOTHUB_CLIENT_CONFIRMATION_OK"
26979,10406523520,10406523568,1,"IOTHUB_CLIENT_CONFIRMATION_OK"
26980,10406523720,10406523757,1,"IOTHUB_CLIENT_CONFIRMATION_OK"
26981,10406523920,10406523957,1,"IOTHUB_CLIENT_CONFIRMATION_OK"
26982,10406524120,10406524169,1,"IOTHUB_CLIENT_CONFIRMATION_OK"
26983,10406524320,10406524358,1,"IOTHUB_CLIENT_CONFIRMATION_OK"
26984,10406524521,10406524713,1,"IOTHUB_CLIENT_CONFIRMATION_OK"
26985,10406524721,10406524757,1,"IOTHUB_CLIENT_CONFIRMATION_OK"
26986,10406524921,10406524973,1,"IOTHUB_CLIENT_CONFIRMATION_OK"
26987,10406525121,10406525161,1,"IOTHUB_CLIENT_CONFIRMATION_OK"
26988,10406525321,10406525378,1,"IOTHUB_CLIENT_CONFIRMATION_OK"
26989,10406525521,10406525553,1,"IOTHUB_CLIENT_CONFIRMATION_OK"
26990,10406525722,10406525762,1,"IOTHUB_CLIENT_CONFIRMATION_OK"
26991,10406525922,10406525963,1,"IOTHUB_CLIENT_CONFIRMATION_OK"
26992,10406526122,10406526167,1,"IOTHUB_CLIENT_CONFIRMATION_OK"
26993,10406526322,10406526360,1,"IOTHUB_CLIENT_CONFIRMATION_OK"
26994,10406526522,10406526608,1,"IOTHUB_CLIENT_CONFIRMATION_OK"
26995,10406526722,10406526803,1,"IOTHUB_CLIENT_CONFIRMATION_OK"
26996,10406526923,10406526956,1,"IOTHUB_CLIENT_CONFIRMATION_OK"
26997,10406527123,10406527156,1,"IOTHUB_CLIENT_CONFIRMATION_OK"
26998,10406527323,10406527423,1,"IOTHUB_CLIENT_CONFIRMATION_OK"
26999,10406527523,10406527572,1,"IOTHUB_CLIENT_CONFIRMATION_OK"
