Message ID,Send Time,Receive Time,Status,Error
0,10401127796,10401127948,1,"IOTHUB_CLIENT_CONFIRMATION_OK"
1,10401127997,10401128027,1,"IOTHUB_CLIENT_CONFIRMATION_OK"
2,10401128197,10401128236,1,"IOTHUB_CLIENT_CONFIRMATION_OK"
3,10401128397,10401128426,1,"IOTHUB_CLIENT_CONFIRMATION_OK"
4,10401128597,10401128630,1,"IOTHUB_CLIENT_CONFIRMATION_OK"
5,10401128797,10401128828,1,"IOTHUB_CLIENT_CONFIRMATION_OK"
6,10401128997,10401129036,1,"IOTHUB_CLIENT_CONFIRMATION_OK"
7,10401129198,10401129319,1,"IOTHUB_CLIENT_CONFIRMATION_OK"
8,10401129398,10401129442,1,"IOTHUB_CLIENT_CONFIRMATION_OK"
9,10401129598,10401129632,1,"IOTHUB_CLIENT_CONFIRMATION_OK"
10,10401129798,10401129949,1,"IOTHUB_CLIENT_CONFIRMATION_OK"
11,10401129998,10401130031,1,"IOTHUB_CLIENT_CONFIRMATION_OK"
12,10401130198,10401130239,1,"IOTHUB_CLIENT_CONFIRMATION_OK"
13,10401130399,10401130433,1,"IOTHUB_CLIENT_CONFIRMATION_OK"
14,10401130599,10401130639,1,"IOTHUB_CLIENT_CONFIRMATION_OK"
15,10401130799,10401130965,1,"IOTHUB_CLIENT_CONFIRMATION_OK"
16,10401130999,10401131034,1,"IOTHUB_CLIENT_CONFIRMATION_OK"
17,10401131199,10401131232,1,"IOTHUB_CLIENT_CONFIRMATION_OK"
18,10401131399,10401131428,1,"IOTHUB_CLIENT_CONFIRMATION_OK"
19,10401131600,10401131661,1,"IOTHUB_CLIENT_CONFIRMATION_OK"
20,10401131800,10401131836,1,"IOTHUB_CLIENT_CONFIRMATION_OK"
21,10401132000,10401132040,1,"IOTHUB_CLIENT_CONFIRMATION_OK"
22,10401132200,10401132229,1,"IOTHUB_CLIENT_CONFIRMATION_OK"
23,10401132400,10401132467,1,"IOTHUB_CLIENT_CONFIRMATION_OK"
24,10401132600,10401132630,1,"IOTHUB_CLIENT_CONFIRMATION_OK"
25,10401132800,10401132840,1,"IOTHUB_CLIENT_CONFIRMATION_OK"
26,10401133001,10401133044,1,"IOTHUB_CLIENT_CONFIRMATION_OK"
27,10401133201,10401133229,1,"IOTHUB_CLIENT_CONFIRMATION_OK"
28,10401133401,10401133444,1,"IOTHUB_CLIENT_CONFIRMATION_OK"
29,10401133601,10401133644,1,"IOTHUB_CLIENT_CONFIRMATION_OK"
30,10401133801,10401133848,1,"IOTHUB_CLIENT_CONFIRMATION_OK"
31,10401134001,10401134067,1,"IOTHUB_CLIENT_CONFIRMATION_OK"
32,10401134202,10401134229,1,"IOTHUB_CLIENT_CONFIRMATION_OK"
33,10401134402,10401134456,1,"IOTHUB_CLIENT_CONFIRMATION_OK"
34,10401134602,10401134636,1,"IOTHUB_CLIENT_CONFIRMATION_OK"
35,10401134802,10401134869,1,"IOTHUB_CLIENT_CONFIRMATION_OK"
36,10401135002,10401135068,1,"IOTHUB_CLIENT_CONFIRMATION_OK"
37,10401135202,10401135236,1,"IOTHUB_CLIENT_CONFIRMATION_OK"
38,10401135402,10401135434,1,"IOTHUB_CLIENT_CONFIRMATION_OK"
39,10401135603,10401135684,1,"IOTHUB_CLIENT_CONFIRMATION_OK"
40,10401135803,10401135844,1,"IOTHUB_CLIENT_CONFIRMATION_OK"
41,10401136003,10401136085,1,"IOTHUB_CLIENT_CONFIRMATION_OK"
42,10401136203,10401136231,1,"IOTHUB_CLIENT_CONFIRMATION_OK"
43,10401136403,10401136439,1,"IOTHUB_CLIENT_CONFIRMATION_OK"
44,10401136603,10401136745,1,"IOTHUB_CLIENT_CONFIRMATION_OK"
45,10401136804,10401136835,1,"IOTHUB_CLIENT_CONFIRMATION_OK"
46,10401137004,10401137104,1,"IOTHUB_CLIENT_CONFIRMATION_OK"
47,10401137204,10401137233,1,"IOTHUB_CLIENT_CONFIRMATION_OK"
48,10401137404,10401137437,1,"IOTHUB_CLIENT_CONFIRMATION_OK"
49,10401137604,10401137725,1,"IOTHUB_CLIENT_CONFIRMATION_OK"
50,10401137804,10401137885,1,"IOTHUB_CLIENT_CONFIRMATION_OK"
51,10401138005,10401138032,1,"IOTHUB_CLIENT_CONFIRMATION_OK"
52,10401138205,10401138235,1,"IOTHUB_CLIENT_CONFIRMATION_OK"
53,10401138405,10401138444,1,"IOTHUB_CLIENT_CONFIRMATION_OK"
54,10401138605,10401138729,1,"IOTHUB_CLIENT_CONFIRMATION_OK"
55,10401138805,10401138834,1,"IOTHUB_CLIENT_CONFIRMATION_OK"
56,10401139005,10401139058,1,"IOTHUB_CLIENT_CONFIRMATION_OK"
57,10401139206,10401139236,1,"IOTHUB_CLIENT_CONFIRMATION_OK"
58,10401139406,10401139457,1,"IOTHUB_CLIENT_CONFIRMATION_OK"
59,10401139606,10401139739,1,"IOTHUB_CLIENT_CONFIRMATION_OK"
60,10401139806,10401139843,1,"IOTHUB_CLIENT_CONFIRMATION_OK"
61,10401140006,10401140043,1,"IOTHUB_CLIENT_CONFIRMATION_OK"
62,10401140206,10401140234,1,"IOTHUB_CLIENT_CONFIRMATION_OK"
63,10401140407,10401140446,1,"IOTHUB_CLIENT_CONFIRMATION_OK"
64,10401140607,10401140693,1,"IOTHUB_CLIENT_CONFIRMATION_OK"
65,10401140807,10401140837,1,"IOTHUB_CLIENT_CONFIRMATION_OK"
66,10401141007,10401141035,1,"IOTHUB_CLIENT_CONFIRMATION_OK"
67,10401141207,10401141238,1,"IOTHUB_CLIENT_CONFIRMATION_OK"
68,10401141407,10401141440,1,"IOTHUB_CLIENT_CONFIRMATION_OK"
69,10401141608,10401141652,1,"IOTHUB_CLIENT_CONFIRMATION_OK"
70,10401141808,10401141840,1,"IOTHUB_CLIENT_CONFIRMATION_OK"
71,10401142008,10401142039,1,"IOTHUB_CLIENT_CONFIRMATION_OK"
72,10401142208,10401142399,1,"IOTHUB_CLIENT_CONFIRMATION_OK"
73,10401142408,10401142439,1,"IOTHUB_CLIENT_CONFIRMATION_OK"
74,10401142608,10401142639,1,"IOTHUB_CLIENT_CONFIRMATION_OK"
75,10401142809,10401142838,1,"IOTHUB_CLIENT_CONFIRMATION_OK"
76,10401143009,10401143040,1,"IOTHUB_CLIENT_CONFIRMATION_OK"
77,10401143209,10401143411,1,"IOTHUB_CLIENT_CONFIRMATION_OK"
78,10401143409,10401143447,1,"IOTHUB_CLIENT_CONFIRMATION_OK"
79,10401143609,10401143695,1,"IOTHUB_CLIENT_CONFIRMATION_OK"
80,10401143809,10401143839,1,"IOTHUB_CLIENT_CONFIRMATION_OK"
81,10401144010,10401144047,1,"IOTHUB_CLIENT_CONFIRMATION_OK"
82,10401144210,10401144245,1,"IOTHUB_CLIENT_CONFIRMATION_OK"
83,10401144410,10401144508,1,"IOTHUB_CLIENT_CONFIRMATION_OK"
84,10401144610,10401144643,1,"IOTHUB_CLIENT_CONFIRMATION_OK"
85,10401144810,10401144923,1,"IOTHUB_CLIENT_CONFIRMATION_OK"
86,10401145010,10401145043,1,"IOTHUB_CLIENT_CONFIRMATION_OK"
87,10401145211,10401145251,1,"IOTHUB_CLIENT_CONFIRMATION_OK"
88,10401145411,10401145439,1,"IOTHUB_CLIENT_CONFIRMATION_OK"
89,10401145611,10401145653,1,"IOTHUB_CLIENT_CONFIRMATION_OK"
90,10401145811,10401145927,1,"IOTHUB_CLIENT_CONFIRMATION_OK"
91,10401146011,10401146042,1,"IOTHUB_CLIENT_CONFIRMATION_OK"
92,10401146211,10401146243,1,"IOTHUB_CLIENT_CONFIRMATION_OK"
93,10401146412,10401146549,1,"IOTHUB_CLIENT_CONFIRMATION_OK"
94,10401146612,10401146679,1,"IOTHUB_CLIENT_CONFIRMATION_OK"
95,10401146812,10401146848,1,"IOTHUB_CLIENT_CONFIRMATION_OK"
96,10401147012,10401147041,1,"IOTHUB_CLIENT_CONFIRMATION_OK"
97,10401147212,10401147252,1,"IOTHUB_CLIENT_CONFIRMATION_OK"
98,10401147412,10401147442,1,"IOTHUB_CLIENT_CONFIRMATION_OK"
99,10401147612,10401147642,1,"IOTHUB_CLIENT_CONFIRMATION_OK"
100,10401147813,10401147843,1,"IOTHUB_CLIENT_CONFIRMATION_OK"
101,10401148013,10401148051,1,"IOTHUB_CLIENT_CONFIRMATION_OK"
102,10401148213,10401148252,1,"IOTHUB_CLIENT_CONFIRMATION_OK"
103,10401148413,10401148442,1,"IOTHUB_CLIENT_CONFIRMATION_OK"
104,10401148613,10401148647,1,"IOTHUB_CLIENT_CONFIRMATION_OK"
105,10401148813,10401148864,1,"IOTHUB_CLIENT_CONFIRMATION_OK"
106,10401149014,10401149050,1,"IOTHUB_CLIENT_CONFIRMATION_OK"
107,10401149214,10401149249,1,"IOTHUB_CLIENT_CONFIRMATION_OK"
108,10401149414,10401149473,1,"IOTHUB_CLIENT_CONFIRMATION_OK"
109,10401149614,10401149646,1,"IOTHUB_CLIENT_CONFIRMATION_OK"
110,10401149814,10401149843,1,"IOTHUB_CLIENT_CONFIRMATION_OK"
111,10401150014,10401150056,1,"IOTHUB_CLIENT_CONFIRMATION_OK"
112,10401150215,10401150255,1,"IOTHUB_CLIENT_CONFIRMATION_OK"
113,10401150415,10401150446,1,"IOTHUB_CLIENT_CONFIRMATION_OK"
114,10401150615,10401150675,1,"IOTHUB_CLIENT_CONFIRMATION_OK"
115,10401150815,10401150860,1,"IOTHUB_CLIENT_CONFIRMATION_OK"
116,10401151015,10401151068,1,"IOTHUB_CLIENT_CONFIRMATION_OK"
117,10401151215,10401151242,1,"IOTHUB_CLIENT_CONFIRMATION_OK"
118,10401151416,10401151454,1,"IOTHUB_CLIENT_CONFIRMATION_OK"
119,10401151616,10401151754,1,"IOTHUB_CLIENT_CONFIRMATION_OK"
120,10401151816,10401151849,1,"IOTHUB_CLIENT_CONFIRMATION_OK"
121,10401152016,10401152153,1,"IOTHUB_CLIENT_CONFIRMATION_OK"
122,10401152216,10401152246,1,"IOTHUB_CLIENT_CONFIRMATION_OK"
123,10401152416,10401152474,1,"IOTHUB_CLIENT_CONFIRMATION_OK"
124,10401152616,10401152650,1,"IOTHUB_CLIENT_CONFIRMATION_OK"
125,10401152817,10401152859,1,"IOTHUB_CLIENT_CONFIRMATION_OK"
126,10401153017,10401153046,1,"IOTHUB_CLIENT_CONFIRMATION_OK"
127,10401153217,10401153250,1,"IOTHUB_CLIENT_CONFIRMATION_OK"
128,10401153417,10401153448,1,"IOTHUB_CLIENT_CONFIRMATION_OK"
129,10401153617,10401153776,1,"IOTHUB_CLIENT_CONFIRMATION_OK"
130,10401153817,10401153852,1,"IOTHUB_CLIENT_CONFIRMATION_OK"
131,10401154018,10401154055,1,"IOTHUB_CLIENT_CONFIRMATION_OK"
132,10401154218,10401154248,1,"IOTHUB_CLIENT_CONFIRMATION_OK"
133,10401154418,10401154446,1,"IOTHUB_CLIENT_CONFIRMATION_OK"
134,10401154618,10401154822,1,"IOTHUB_CLIENT_CONFIRMATION_OK"
135,10401154818,10401154861,1,"IOTHUB_CLIENT_CONFIRMATION_OK"
136,10401155018,10401155047,1,"IOTHUB_CLIENT_CONFIRMATION_OK"
137,10401155219,10401155253,1,"IOTHUB_CLIENT_CONFIRMATION_OK"
138,10401155419,10401155465,1,"IOTHUB_CLIENT_CONFIRMATION_OK"
139,10401155619,10401155813,1,"IOTHUB_CLIENT_CONFIRMATION_OK"
140,10401155819,10401155855,1,"IOTHUB_CLIENT_CONFIRMATION_OK"
141,10401156019,10401156048,1,"IOTHUB_CLIENT_CONFIRMATION_OK"
142,10401156219,10401156261,1,"IOTHUB_CLIENT_CONFIRMATION_OK"
143,10401156420,10401156454,1,"IOTHUB_CLIENT_CONFIRMATION_OK"
144,10401156620,10401156653,1,"IOTHUB_CLIENT_CONFIRMATION_OK"
145,10401156820,10401156856,1,"IOTHUB_CLIENT_CONFIRMATION_OK"
146,10401157020,10401157051,1,"IOTHUB_CLIENT_CONFIRMATION_OK"
147,10401157220,10401157264,1,"IOTHUB_CLIENT_CONFIRMATION_OK"
148,10401157420,10401157459,1,"IOTHUB_CLIENT_CONFIRMATION_OK"
149,10401157621,10401157728,1,"IOTHUB_CLIENT_CONFIRMATION_OK"
150,10401157821,10401157866,1,"IOTHUB_CLIENT_CONFIRMATION_OK"
151,10401158021,10401158051,1,"IOTHUB_CLIENT_CONFIRMATION_OK"
152,10401158221,10401158252,1,"IOTHUB_CLIENT_CONFIRMATION_OK"
153,10401158421,10401158478,1,"IOTHUB_CLIENT_CONFIRMATION_OK"
154,10401158621,10401158662,1,"IOTHUB_CLIENT_CONFIRMATION_OK"
155,10401158821,10401158862,1,"IOTHUB_CLIENT_CONFIRMATION_OK"
156,10401159022,10401159052,1,"IOTHUB_CLIENT_CONFIRMATION_OK"
157,10401159222,10401159261,1,"IOTHUB_CLIENT_CONFIRMATION_OK"
158,10401159422,10401159507,1,"IOTHUB_CLIENT_CONFIRMATION_OK"
159,10401159622,10401159658,1,"IOTHUB_CLIENT_CONFIRMATION_OK"
160,10401159822,10401159909,1,"IOTHUB_CLIENT_CONFIRMATION_OK"
161,10401160022,10401160057,1,"IOTHUB_CLIENT_CONFIRMATION_OK"
162,10401160222,10401160258,1,"IOTHUB_CLIENT_CONFIRMATION_OK"
163,10401160423,10401160598,1,"IOTHUB_CLIENT_CONFIRMATION_OK"
164,10401160623,10401160657,1,"IOTHUB_CLIENT_CONFIRMATION_OK"
165,10401160823,10401161000,1,"IOTHUB_CLIENT_CONFIRMATION_OK"
166,10401161023,10401161063,1,"IOTHUB_CLIENT_CONFIRMATION_OK"
167,10401161223,10401161258,1,"IOTHUB_CLIENT_CONFIRMATION_OK"
168,10401161423,10401161463,1,"IOTHUB_CLIENT_CONFIRMATION_OK"
169,10401161624,10401161656,1,"IOTHUB_CLIENT_CONFIRMATION_OK"
170,10401161824,10401161863,1,"IOTHUB_CLIENT_CONFIRMATION_OK"
171,10401162024,10401162059,1,"IOTHUB_CLIENT_CONFIRMATION_OK"
172,10401162224,10401162265,1,"IOTHUB_CLIENT_CONFIRMATION_OK"
173,10401162424,10401162461,1,"IOTHUB_CLIENT_CONFIRMATION_OK"
174,10401162624,10401162661,1,"IOTHUB_CLIENT_CONFIRMATION_OK"
175,10401162825,10401162860,1,"IOTHUB_CLIENT_CONFIRMATION_OK"
176,10401163025,10401163075,1,"IOTHUB_CLIENT_CONFIRMATION_OK"
177,10401163225,10401163289,1,"IOTHUB_CLIENT_CONFIRMATION_OK"
178,10401163425,10401163461,1,"IOTHUB_CLIENT_CONFIRMATION_OK"
179,10401163625,10401163656,1,"IOTHUB_CLIENT_CONFIRMATION_OK"
180,10401163825,10401163856,1,"IOTHUB_CLIENT_CONFIRMATION_OK"
181,10401164026,10401164081,1,"IOTHUB_CLIENT_CONFIRMATION_OK"
182,10401164226,10401164254,1,"IOTHUB_CLIENT_CONFIRMATION_OK"
183,10401164426,10401164472,1,"IOTHUB_CLIENT_CONFIRMATION_OK"
184,10401164626,10401164664,1,"IOTHUB_CLIENT_CONFIRMATION_OK"
185,10401164826,10401164855,1,"IOTHUB_CLIENT_CONFIRMATION_OK"
186,10401165026,10401165086,1,"IOTHUB_CLIENT_CONFIRMATION_OK"
187,10401165226,10401165254,1,"IOTHUB_CLIENT_CONFIRMATION_OK"
188,10401165427,10401165460,1,"IOTHUB_CLIENT_CONFIRMATION_OK"
189,10401165627,10401165662,1,"IOTHUB_CLIENT_CONFIRMATION_OK"
190,10401165827,10401165944,1,"IOTHUB_CLIENT_CONFIRMATION_OK"
191,10401166027,10401166139,1,"IOTHUB_CLIENT_CONFIRMATION_OK"
192,10401166227,10401166282,1,"IOTHUB_CLIENT_CONFIRMATION_OK"
193,10401166427,10401166458,1,"IOTHUB_CLIENT_CONFIRMATION_OK"
194,10401166628,10401166657,1,"IOTHUB_CLIENT_CONFIRMATION_OK"
195,10401166828,10401166858,1,"IOTHUB_CLIENT_CONFIRMATION_OK"
196,10401167028,10401167158,1,"IOTHUB_CLIENT_CONFIRMATION_OK"
197,10401167228,10401167261,1,"IOTHUB_CLIENT_CONFIRMATION_OK"
198,10401167428,10401167460,1,"IOTHUB_CLIENT_CONFIRMATION_OK"
199,10401167628,10401167772,1,"IOTHUB_CLIENT_CONFIRMATION_OK"
200,10401167829,10401167861,1,"IOTHUB_CLIENT_CONFIRMATION_OK"
201,10401168029,10401168061,1,"IOTHUB_CLIENT_CONFIRMATION_OK"
202,10401168229,10401168262,1,"IOTHUB_CLIENT_CONFIRMATION_OK"
203,10401168429,10401168463,1,"IOTHUB_CLIENT_CONFIRMATION_OK"
204,10401168629,10401168792,1,"IOTHUB_CLIENT_CONFIRMATION_OK"
205,10401168829,10401168944,1,"IOTHUB_CLIENT_CONFIRMATION_OK"
206,10401169030,10401169058,1,"IOTHUB_CLIENT_CONFIRMATION_OK"
207,10401169230,10401169271,1,"IOTHUB_CLIENT_CONFIRMATION_OK"
208,10401169430,10401169464,1,"IOTHUB_CLIENT_CONFIRMATION_OK"
209,10401169630,10401169808,1,"IOTHUB_CLIENT_CONFIRMATION_OK"
210,10401169830,10401169874,1,"IOTHUB_CLIENT_CONFIRMATION_OK"
211,10401170030,10401170060,1,"IOTHUB_CLIENT_CONFIRMATION_OK"
212,10401170231,10401170259,1,"IOTHUB_CLIENT_CONFIRMATION_OK"
213,10401170431,10401170491,1,"IOTHUB_CLIENT_CONFIRMATION_OK"
214,10401170631,10401170811,1,"IOTHUB_CLIENT_CONFIRMATION_OK"
215,10401170831,10401170884,1,"IOTHUB_CLIENT_CONFIRMATION_OK"
216,10401171031,10401171061,1,"IOTHUB_CLIENT_CONFIRMATION_OK"
217,10401171231,10401171265,1,"IOTHUB_CLIENT_CONFIRMATION_OK"
218,10401171432,10401171471,1,"IOTHUB_CLIENT_CONFIRMATION_OK"
219,10401171632,10401171663,1,"IOTHUB_CLIENT_CONFIRMATION_OK"
220,10401171832,10401171883,1,"IOTHUB_CLIENT_CONFIRMATION_OK"
221,10401172032,10401172066,1,"IOTHUB_CLIENT_CONFIRMATION_OK"
222,10401172232,10401172287,1,"IOTHUB_CLIENT_CONFIRMATION_OK"
223,10401172432,10401172465,1,"IOTHUB_CLIENT_CONFIRMATION_OK"
224,10401172632,10401172677,1,"IOTHUB_CLIENT_CONFIRMATION_OK"
225,10401172833,10401172915,1,"IOTHUB_CLIENT_CONFIRMATION_OK"
226,10401173033,10401173064,1,"IOTHUB_CLIENT_CONFIRMATION_OK"
227,10401173233,10401173312,1,"IOTHUB_CLIENT_CONFIRMATION_OK"
228,10401173433,10401173461,1,"IOTHUB_CLIENT_CONFIRMATION_OK"
229,10401173633,10401173662,1,"IOTHUB_CLIENT_CONFIRMATION_OK"
230,10401173833,10401173955,1,"IOTHUB_CLIENT_CONFIRMATION_OK"
231,10401174034,10401174070,1,"IOTHUB_CLIENT_CONFIRMATION_OK"
232,10401174234,10401174265,1,"IOTHUB_CLIENT_CONFIRMATION_OK"
233,10401174434,10401174556,1,"IOTHUB_CLIENT_CONFIRMATION_OK"
234,10401174634,10401174672,1,"IOTHUB_CLIENT_CONFIRMATION_OK"
235,10401174834,10401174964,1,"IOTHUB_CLIENT_CONFIRMATION_OK"
236,10401175034,10401175065,1,"IOTHUB_CLIENT_CONFIRMATION_OK"
237,10401175235,10401175299,1,"IOTHUB_CLIENT_CONFIRMATION_OK"
238,10401175435,10401175475,1,"IOTHUB_CLIENT_CONFIRMATION_OK"
239,10401175635,10401175671,1,"IOTHUB_CLIENT_CONFIRMATION_OK"
240,10401175835,10401175990,1,"IOTHUB_CLIENT_CONFIRMATION_OK"
241,10401176035,10401176068,1,"IOTHUB_CLIENT_CONFIRMATION_OK"
242,10401176235,10401176290,1,"IOTHUB_CLIENT_CONFIRMATION_OK"
243,10401176436,10401176467,1,"IOTHUB_CLIENT_CONFIRMATION_OK"
244,10401176636,10401176669,1,"IOTHUB_CLIENT_CONFIRMATION_OK"
245,10401176836,10401176865,1,"IOTHUB_CLIENT_CONFIRMATION_OK"
246,10401177036,10401177078,1,"IOTHUB_CLIENT_CONFIRMATION_OK"
247,10401177236,10401177267,1,"IOTHUB_CLIENT_CONFIRMATION_OK"
248,10401177436,10401177498,1,"IOTHUB_CLIENT_CONFIRMATION_OK"
249,10401177637,10401177664,1,"IOTHUB_CLIENT_CONFIRMATION_OK"
250,10401177837,10401177882,1,"IOTHUB_CLIENT_CONFIRMATION_OK"
251,10401178037,10401178070,1,"IOTHUB_CLIENT_CONFIRMATION_OK"
252,10401178237,10401178265,1,"IOTHUB_CLIENT_CONFIRMATION_OK"
253,10401178437,10401178471,1,"IOTHUB_CLIENT_CONFIRMATION_OK"
254,10401178637,10401178675,1,"IOTHUB_CLIENT_CONFIRMATION_OK"
255,10401178837,10401178879,1,"IOTHUB_CLIENT_CONFIRMATION_OK"
256,10401179038,10401179075,1,"IOTHUB_CLIENT_CONFIRMATION_OK"
257,10401179238,10401179269,1,"IOTHUB_CLIENT_CONFIRMATION_OK"
258,10401179438,10401179504,1,"IOTHUB_CLIENT_CONFIRMATION_OK"
259,10401179638,10401179671,1,"IOTHUB_CLIENT_CONFIRMATION_OK"
260,10401179838,10401179868,1,"IOTHUB_CLIENT_CONFIRMATION_OK"
261,10401180038,10401180151,1,"IOTHUB_CLIENT_CONFIRMATION_OK"
262,10401180239,10401180276,1,"IOTHUB_CLIENT_CONFIRMATION_OK"
263,10401180439,10401180466,1,"IOTHUB_CLIENT_CONFIRMATION_OK"
264,10401180639,10401180671,1,"IOTHUB_CLIENT_CONFIRMATION_OK"
265,10401180839,10401180871,1,"IOTHUB_CLIENT_CONFIRMATION_OK"
266,10401181039,10401181071,1,"IOTHUB_CLIENT_CONFIRMATION_OK"
267,10401181239,10401181269,1,"IOTHUB_CLIENT_CONFIRMATION_OK"
268,10401181440,10401181468,1,"IOTHUB_CLIENT_CONFIRMATION_OK"
269,10401181640,10401181673,1,"IOTHUB_CLIENT_CONFIRMATION_OK"
270,10401181840,10401181877,1,"IOTHUB_CLIENT_CONFIRMATION_OK"
271,10401182040,10401182242,1,"IOTHUB_CLIENT_CONFIRMATION_OK"
272,10401182240,10401182293,1,"IOTHUB_CLIENT_CONFIRMATION_OK"
273,10401182440,10401182477,1,"IOTHUB_CLIENT_CONFIRMATION_OK"
274,10401182641,10401182674,1,"IOTHUB_CLIENT_CONFIRMATION_OK"
275,10401182841,10401182883,1,"IOTHUB_CLIENT_CONFIRMATION_OK"
276,10401183041,10401183077,1,"IOTHUB_CLIENT_CONFIRMATION_OK"
277,10401183241,10401183276,1,"IOTHUB_CLIENT_CONFIRMATION_OK"
278,10401183441,10401183472,1,"IOTHUB_CLIENT_CONFIRMATION_OK"
279,10401183641,10401183681,1,"IOTHUB_CLIENT_CONFIRMATION_OK"
280,10401183842,10401183888,1,"IOTHUB_CLIENT_CONFIRMATION_OK"
281,10401184042,10401184076,1,"IOTHUB_CLIENT_CONFIRMATION_OK"
282,10401184242,10401184289,1,"IOTHUB_CLIENT_CONFIRMATION_OK"
283,10401184442,10401184473,1,"IOTHUB_CLIENT_CONFIRMATION_OK"
284,10401184642,10401184688,1,"IOTHUB_CLIENT_CONFIRMATION_OK"
285,10401184842,10401184872,1,"IOTHUB_CLIENT_CONFIRMATION_OK"
286,10401185042,10401185072,1,"IOTHUB_CLIENT_CONFIRMATION_OK"
287,10401185243,10401185299,1,"IOTHUB_CLIENT_CONFIRMATION_OK"
288,10401185443,10401185504,1,"IOTHUB_CLIENT_CONFIRMATION_OK"
289,10401185643,10401185709,1,"IOTHUB_CLIENT_CONFIRMATION_OK"
290,10401185843,10401185878,1,"IOTHUB_CLIENT_CONFIRMATION_OK"
291,10401186043,10401186078,1,"IOTHUB_CLIENT_CONFIRMATION_OK"
292,10401186243,10401186352,1,"IOTHUB_CLIENT_CONFIRMATION_OK"
293,10401186444,10401186471,1,"IOTHUB_CLIENT_CONFIRMATION_OK"
294,10401186644,10401186675,1,"IOTHUB_CLIENT_CONFIRMATION_OK"
295,10401186844,10401186880,1,"IOTHUB_CLIENT_CONFIRMATION_OK"
296,10401187044,10401187084,1,"IOTHUB_CLIENT_CONFIRMATION_OK"
297,10401187244,10401187399,1,"IOTHUB_CLIENT_CONFIRMATION_OK"
298,10401187444,10401187483,1,"IOTHUB_CLIENT_CONFIRMATION_OK"
299,10401187645,10401187687,1,"IOTHUB_CLIENT_CONFIRMATION_OK"
300,10401187845,10401187885,1,"IOTHUB_CLIENT_CONFIRMATION_OK"
301,10401188045,10401188090,1,"IOTHUB_CLIENT_CONFIRMATION_OK"
302,10401188245,10401188402,1,"IOTHUB_CLIENT_CONFIRMATION_OK"
303,10401188445,10401188473,1,"IOTHUB_CLIENT_CONFIRMATION_OK"
304,10401188645,10401188672,1,"IOTHUB_CLIENT_CONFIRMATION_OK"
305,10401188846,10401188887,1,"IOTHUB_CLIENT_CONFIRMATION_OK"
306,10401189046,10401189079,1,"IOTHUB_CLIENT_CONFIRMATION_OK"
307,10401189246,10401189285,1,"IOTHUB_CLIENT_CONFIRMATION_OK"
308,10401189446,10401189477,1,"IOTHUB_CLIENT_CONFIRMATION_OK"
309,10401189646,10401189678,1,"IOTHUB_CLIENT_CONFIRMATION_OK"
310,10401189846,10401189877,1,"IOTHUB_CLIENT_CONFIRMATION_OK"
311,10401190047,10401190083,1,"IOTHUB_CLIENT_CONFIRMATION_OK"
312,10401190247,10401190293,1,"IOTHUB_CLIENT_CONFIRMATION_OK"
313,10401190447,10401190477,1,"IOTHUB_CLIENT_CONFIRMATION_OK"
314,10401190647,10401190684,1,"IOTHUB_CLIENT_CONFIRMATION_OK"
315,10401190847,10401190878,1,"IOTHUB_CLIENT_CONFIRMATION_OK"
316,10401191047,10401191078,1,"IOTHUB_CLIENT_CONFIRMATION_OK"
317,10401191248,10401191285,1,"IOTHUB_CLIENT_CONFIRMATION_OK"
318,10401191448,10401191482,1,"IOTHUB_CLIENT_CONFIRMATION_OK"
319,10401191648,10401191679,1,"IOTHUB_CLIENT_CONFIRMATION_OK"
320,10401191848,10401191897,1,"IOTHUB_CLIENT_CONFIRMATION_OK"
321,10401192048,10401192085,1,"IOTHUB_CLIENT_CONFIRMATION_OK"
322,10401192248,10401192278,1,"IOTHUB_CLIENT_CONFIRMATION_OK"
323,10401192449,10401192513,1,"IOTHUB_CLIENT_CONFIRMATION_OK"
324,10401192649,10401192683,1,"IOTHUB_CLIENT_CONFIRMATION_OK"
325,10401192849,10401192883,1,"IOTHUB_CLIENT_CONFIRMATION_OK"
326,10401193049,10401193094,1,"IOTHUB_CLIENT_CONFIRMATION_OK"
327,10401193249,10401193291,1,"IOTHUB_CLIENT_CONFIRMATION_OK"
328,10401193449,10401193484,1,"IOTHUB_CLIENT_CONFIRMATION_OK"
329,10401193650,10401193678,1,"IOTHUB_CLIENT_CONFIRMATION_OK"
330,10401193850,10401193936,1,"IOTHUB_CLIENT_CONFIRMATION_OK"
331,10401194050,10401194134,1,"IOTHUB_CLIENT_CONFIRMATION_OK"
332,10401194250,10401194288,1,"IOTHUB_CLIENT_CONFIRMATION_OK"
333,10401194450,10401194533,1,"IOTHUB_CLIENT_CONFIRMATION_OK"
334,10401194650,10401194684,1,"IOTHUB_CLIENT_CONFIRMATION_OK"
335,10401194850,10401194882,1,"IOTHUB_CLIENT_CONFIRMATION_OK"
336,10401195051,10401195142,1,"IOTHUB_CLIENT_CONFIRMATION_OK"
337,10401195251,10401195278,1,"IOTHUB_CLIENT_CONFIRMATION_OK"
338,10401195451,10401195482,1,"IOTHUB_CLIENT_CONFIRMATION_OK"
339,10401195651,10401195687,1,"IOTHUB_CLIENT_CONFIRMATION_OK"
340,10401195851,10401195886,1,"IOTHUB_CLIENT_CONFIRMATION_OK"
341,10401196052,10401196154,1,"IOTHUB_CLIENT_CONFIRMATION_OK"
342,10401196252,10401196301,1,"IOTHUB_CLIENT_CONFIRMATION_OK"
343,10401196452,10401196488,1,"IOTHUB_CLIENT_CONFIRMATION_OK"
344,10401196652,10401196778,1,"IOTHUB_CLIENT_CONFIRMATION_OK"
345,10401196852,10401196884,1,"IOTHUB_CLIENT_CONFIRMATION_OK"
346,10401197052,10401197196,1,"IOTHUB_CLIENT_CONFIRMATION_OK"
347,10401197253,10401197290,1,"IOTHUB_CLIENT_CONFIRMATION_OK"
348,10401197453,10401197493,1,"IOTHUB_CLIENT_CONFIRMATION_OK"
349,10401197653,10401197686,1,"IOTHUB_CLIENT_CONFIRMATION_OK"
350,10401197853,10401197897,1,"IOTHUB_CLIENT_CONFIRMATION_OK"
351,10401198053,10401198091,1,"IOTHUB_CLIENT_CONFIRMATION_OK"
352,10401198253,10401198293,1,"IOTHUB_CLIENT_CONFIRMATION_OK"
353,10401198454,10401198500,1,"IOTHUB_CLIENT_CONFIRMATION_OK"
354,10401198654,10401198686,1,"IOTHUB_CLIENT_CONFIRMATION_OK"
355,10401198854,10401198886,1,"IOTHUB_CLIENT_CONFIRMATION_OK"
356,10401199054,10401199092,1,"IOTHUB_CLIENT_CONFIRMATION_OK"
357,10401199254,10401199386,1,"IOTHUB_CLIENT_CONFIRMATION_OK"
358,10401199454,10401199488,1,"IOTHUB_CLIENT_CONFIRMATION_OK"
359,10401199655,10401199845,1,"IOTHUB_CLIENT_CONFIRMATION_OK"
360,10401199855,10401199894,1,"IOTHUB_CLIENT_CONFIRMATION_OK"
361,10401200055,10401200083,1,"IOTHUB_CLIENT_CONFIRMATION_OK"
362,10401200255,10401200296,1,"IOTHUB_CLIENT_CONFIRMATION_OK"
363,10401200455,10401200505,1,"IOTHUB_CLIENT_CONFIRMATION_OK"
364,10401200655,10401200871,1,"IOTHUB_CLIENT_CONFIRMATION_OK"
365,10401200856,10401200899,1,"IOTHUB_CLIENT_CONFIRMATION_OK"
366,10401201056,10401201088,1,"IOTHUB_CLIENT_CONFIRMATION_OK"
367,10401201256,10401201310,1,"IOTHUB_CLIENT_CONFIRMATION_OK"
368,10401201456,10401201485,1,"IOTHUB_CLIENT_CONFIRMATION_OK"
369,10401201656,10401201690,1,"IOTHUB_CLIENT_CONFIRMATION_OK"
370,10401201856,10401201891,1,"IOTHUB_CLIENT_CONFIRMATION_OK"
371,10401202057,10401202092,1,"IOTHUB_CLIENT_CONFIRMATION_OK"
372,10401202257,10401202298,1,"IOTHUB_CLIENT_CONFIRMATION_OK"
373,10401202457,10401202486,1,"IOTHUB_CLIENT_CONFIRMATION_OK"
374,10401202657,10401202689,1,"IOTHUB_CLIENT_CONFIRMATION_OK"
375,10401202857,10401202920,1,"IOTHUB_CLIENT_CONFIRMATION_OK"
376,10401203057,10401203096,1,"IOTHUB_CLIENT_CONFIRMATION_OK"
377,10401203258,10401203305,1,"IOTHUB_CLIENT_CONFIRMATION_OK"
378,10401203458,10401203509,1,"IOTHUB_CLIENT_CONFIRMATION_OK"
379,10401203658,10401203688,1,"IOTHUB_CLIENT_CONFIRMATION_OK"
380,10401203858,10401203920,1,"IOTHUB_CLIENT_CONFIRMATION_OK"
381,10401204058,10401204093,1,"IOTHUB_CLIENT_CONFIRMATION_OK"
382,10401204258,10401204292,1,"IOTHUB_CLIENT_CONFIRMATION_OK"
383,10401204459,10401204536,1,"IOTHUB_CLIENT_CONFIRMATION_OK"
384,10401204659,10401204689,1,"IOTHUB_CLIENT_CONFIRMATION_OK"
385,10401204859,10401204982,1,"IOTHUB_CLIENT_CONFIRMATION_OK"
386,10401205059,10401205092,1,"IOTHUB_CLIENT_CONFIRMATION_OK"
387,10401205259,10401205290,1,"IOTHUB_CLIENT_CONFIRMATION_OK"
388,10401205459,10401205494,1,"IOTHUB_CLIENT_CONFIRMATION_OK"
389,10401205660,10401205688,1,"IOTHUB_CLIENT_CONFIRMATION_OK"
390,10401205860,10401205983,1,"IOTHUB_CLIENT_CONFIRMATION_OK"
391,10401206060,10401206099,1,"IOTHUB_CLIENT_CONFIRMATION_OK"
392,10401206260,10401206293,1,"IOTHUB_CLIENT_CONFIRMATION_OK"
393,10401206460,10401206599,1,"IOTHUB_CLIENT_CONFIRMATION_OK"
394,10401206660,10401206695,1,"IOTHUB_CLIENT_CONFIRMATION_OK"
395,10401206861,10401206909,1,"IOTHUB_CLIENT_CONFIRMATION_OK"
396,10401207061,10401207103,1,"IOTHUB_CLIENT_CONFIRMATION_OK"
397,10401207261,10401207329,1,"IOTHUB_CLIENT_CONFIRMATION_OK"
398,10401207461,10401207626,1,"IOTHUB_CLIENT_CONFIRMATION_OK"
399,10401207661,10401207698,1,"IOTHUB_CLIENT_CONFIRMATION_OK"
400,10401207861,10401207889,1,"IOTHUB_CLIENT_CONFIRMATION_OK"
401,10401208062,10401208169,1,"IOTHUB_CLIENT_CONFIRMATION_OK"
402,10401208262,10401208295,1,"IOTHUB_CLIENT_CONFIRMATION_OK"
403,10401208462,10401208619,1,"IOTHUB_CLIENT_CONFIRMATION_OK"
404,10401208662,10401208708,1,"IOTHUB_CLIENT_CONFIRMATION_OK"
405,10401208862,10401208911,1,"IOTHUB_CLIENT_CONFIRMATION_OK"
406,10401209062,10401209090,1,"IOTHUB_CLIENT_CONFIRMATION_OK"
407,10401209263,10401209296,1,"IOTHUB_CLIENT_CONFIRMATION_OK"
408,10401209463,10401209659,1,"IOTHUB_CLIENT_CONFIRMATION_OK"
409,10401209663,10401209700,1,"IOTHUB_CLIENT_CONFIRMATION_OK"
410,10401209863,10401209895,1,"IOTHUB_CLIENT_CONFIRMATION_OK"
411,10401210063,10401210099,1,"IOTHUB_CLIENT_CONFIRMATION_OK"
412,10401210263,10401210336,1,"IOTHUB_CLIENT_CONFIRMATION_OK"
413,10401210464,10401210508,1,"IOTHUB_CLIENT_CONFIRMATION_OK"
414,10401210664,10401210709,1,"IOTHUB_CLIENT_CONFIRMATION_OK"
415,10401210864,10401210905,1,"IOTHUB_CLIENT_CONFIRMATION_OK"
416,10401211064,10401211142,1,"IOTHUB_CLIENT_CONFIRMATION_OK"
417,10401211264,10401211299,1,"IOTHUB_CLIENT_CONFIRMATION_OK"
418,10401211464,10401211512,1,"IOTHUB_CLIENT_CONFIRMATION_OK"
419,10401211665,10401211695,1,"IOTHUB_CLIENT_CONFIRMATION_OK"
420,10401211865,10401211907,1,"IOTHUB_CLIENT_CONFIRMATION_OK"
421,10401212065,10401212250,1,"IOTHUB_CLIENT_CONFIRMATION_OK"
422,10401212265,10401212292,1,"IOTHUB_CLIENT_CONFIRMATION_OK"
423,10401212465,10401212499,1,"IOTHUB_CLIENT_CONFIRMATION_OK"
424,10401212665,10401212718,1,"IOTHUB_CLIENT_CONFIRMATION_OK"
425,10401212866,10401212921,1,"IOTHUB_CLIENT_CONFIRMATION_OK"
426,10401213066,10401213102,1,"IOTHUB_CLIENT_CONFIRMATION_OK"
427,10401213266,10401213312,1,"IOTHUB_CLIENT_CONFIRMATION_OK"
428,10401213466,10401213515,1,"IOTHUB_CLIENT_CONFIRMATION_OK"
429,10401213666,10401213713,1,"IOTHUB_CLIENT_CONFIRMATION_OK"
430,10401213866,10401213946,1,"IOTHUB_CLIENT_CONFIRMATION_OK"
431,10401214067,10401214108,1,"IOTHUB_CLIENT_CONFIRMATION_OK"
432,10401214267,10401214304,1,"IOTHUB_CLIENT_CONFIRMATION_OK"
433,10401214467,10401214495,1,"IOTHUB_CLIENT_CONFIRMATION_OK"
434,10401214667,10401214705,1,"IOTHUB_CLIENT_CONFIRMATION_OK"
435,10401214867,10401214914,1,"IOTHUB_CLIENT_CONFIRMATION_OK"
436,10401215067,10401215112,1,"IOTHUB_CLIENT_CONFIRMATION_OK"
437,10401215268,10401215400,1,"IOTHUB_CLIENT_CONFIRMATION_OK"
438,10401215468,10401215500,1,"IOTHUB_CLIENT_CONFIRMATION_OK"
439,10401215668,10401215790,1,"IOTHUB_CLIENT_CONFIRMATION_OK"
440,10401215868,10401215906,1,"IOTHUB_CLIENT_CONFIRMATION_OK"
441,10401216068,10401216173,1,"IOTHUB_CLIENT_CONFIRMATION_OK"
442,10401216268,10401216436,1,"IOTHUB_CLIENT_CONFIRMATION_OK"
443,10401216469,10401216500,1,"IOTHUB_CLIENT_CONFIRMATION_OK"
444,10401216669,10401216710,1,"IOTHUB_CLIENT_CONFIRMATION_OK"
445,10401216869,10401216910,1,"IOTHUB_CLIENT_CONFIRMATION_OK"
446,10401217069,10401217099,1,"IOTHUB_CLIENT_CONFIRMATION_OK"
447,10401217269,10401217460,1,"IOTHUB_CLIENT_CONFIRMATION_OK"
448,10401217469,10401217500,1,"IOTHUB_CLIENT_CONFIRMATION_OK"
449,10401217669,10401217716,1,"IOTHUB_CLIENT_CONFIRMATION_OK"
450,10401217870,10401217911,1,"IOTHUB_CLIENT_CONFIRMATION_OK"
451,10401218070,10401218101,1,"IOTHUB_CLIENT_CONFIRMATION_OK"
452,10401218270,10401218464,1,"IOTHUB_CLIENT_CONFIRMATION_OK"
453,10401218470,10401218515,1,"IOTHUB_CLIENT_CONFIRMATION_OK"
454,10401218670,10401218720,1,"IOTHUB_CLIENT_CONFIRMATION_OK"
455,10401218870,10401218929,1,"IOTHUB_CLIENT_CONFIRMATION_OK"
456,10401219071,10401219106,1,"IOTHUB_CLIENT_CONFIRMATION_OK"
457,10401219271,10401219304,1,"IOTHUB_CLIENT_CONFIRMATION_OK"
458,10401219471,10401219518,1,"IOTHUB_CLIENT_CONFIRMATION_OK"
459,10401219671,10401219706,1,"IOTHUB_CLIENT_CONFIRMATION_OK"
460,10401219871,10401219917,1,"IOTHUB_CLIENT_CONFIRMATION_OK"
461,10401220071,10401220104,1,"IOTHUB_CLIENT_CONFIRMATION_OK"
462,10401220272,10401220307,1,"IOTHUB_CLIENT_CONFIRMATION_OK"
463,10401220472,10401220578,1,"IOTHUB_CLIENT_CONFIRMATION_OK"
464,10401220672,10401220709,1,"IOTHUB_CLIENT_CONFIRMATION_OK"
465,10401220872,10401220979,1,"IOTHUB_CLIENT_CONFIRMATION_OK"
466,10401221072,10401221103,1,"IOTHUB_CLIENT_CONFIRMATION_OK"
467,10401221272,10401221307,1,"IOTHUB_CLIENT_CONFIRMATION_OK"
468,10401221473,10401221681,1,"IOTHUB_CLIENT_CONFIRMATION_OK"
469,10401221673,10401221707,1,"IOTHUB_CLIENT_CONFIRMATION_OK"
470,10401221873,10401221915,1,"IOTHUB_CLIENT_CONFIRMATION_OK"
471,10401222073,10401222103,1,"IOTHUB_CLIENT_CONFIRMATION_OK"
472,10401222273,10401222305,1,"IOTHUB_CLIENT_CONFIRMATION_OK"
473,10401222473,10401222506,1,"IOTHUB_CLIENT_CONFIRMATION_OK"
474,10401222673,10401222706,1,"IOTHUB_CLIENT_CONFIRMATION_OK"
475,10401222874,10401222917,1,"IOTHUB_CLIENT_CONFIRMATION_OK"
476,10401223074,10401223134,1,"IOTHUB_CLIENT_CONFIRMATION_OK"
477,10401223274,10401223321,1,"IOTHUB_CLIENT_CONFIRMATION_OK"
478,10401223474,10401223535,1,"IOTHUB_CLIENT_CONFIRMATION_OK"
479,10401223674,10401223708,1,"IOTHUB_CLIENT_CONFIRMATION_OK"
480,10401223874,10401223999,1,"IOTHUB_CLIENT_CONFIRMATION_OK"
481,10401224075,10401224153,1,"IOTHUB_CLIENT_CONFIRMATION_OK"
482,10401224275,10401224305,1,"IOTHUB_CLIENT_CONFIRMATION_OK"
483,10401224475,10401224564,1,"IOTHUB_CLIENT_CONFIRMATION_OK"
484,10401224675,10401224717,1,"IOTHUB_CLIENT_CONFIRMATION_OK"
485,10401224875,10401224906,1,"IOTHUB_CLIENT_CONFIRMATION_OK"
486,10401225075,10401225170,1,"IOTHUB_CLIENT_CONFIRMATION_OK"
487,10401225276,10401225322,1,"IOTHUB_CLIENT_CONFIRMATION_OK"
488,10401225476,10401225513,1,"IOTHUB_CLIENT_CONFIRMATION_OK"
489,10401225676,10401225706,1,"IOTHUB_CLIENT_CONFIRMATION_OK"
490,10401225876,10401225906,1,"IOTHUB_CLIENT_CONFIRMATION_OK"
491,10401226076,10401226188,1,"IOTHUB_CLIENT_CONFIRMATION_OK"
492,10401226276,10401226305,1,"IOTHUB_CLIENT_CONFIRMATION_OK"
493,10401226477,10401226505,1,"IOTHUB_CLIENT_CONFIRMATION_OK"
494,10401226677,10401226728,1,"IOTHUB_CLIENT_CONFIRMATION_OK"
495,10401226877,10401226908,1,"IOTHUB_CLIENT_CONFIRMATION_OK"
496,10401227077,10401227262,1,"IOTHUB_CLIENT_CONFIRMATION_OK"
497,10401227277,10401227306,1,"IOTHUB_CLIENT_CONFIRMATION_OK"
498,10401227477,10401227515,1,"IOTHUB_CLIENT_CONFIRMATION_OK"
499,10401227678,10401227706,1,"IOTHUB_CLIENT_CONFIRMATION_OK"
500,10401227878,10401227909,1,"IOTHUB_CLIENT_CONFIRMATION_OK"
501,10401228078,10401228113,1,"IOTHUB_CLIENT_CONFIRMATION_OK"
502,10401228278,10401228370,1,"IOTHUB_CLIENT_CONFIRMATION_OK"
503,10401228478,10401228507,1,"IOTHUB_CLIENT_CONFIRMATION_OK"
504,10401228678,10401228729,1,"IOTHUB_CLIENT_CONFIRMATION_OK"
505,10401228879,10401228913,1,"IOTHUB_CLIENT_CONFIRMATION_OK"
506,10401229079,10401229115,1,"IOTHUB_CLIENT_CONFIRMATION_OK"
507,10401229279,10401229347,1,"IOTHUB_CLIENT_CONFIRMATION_OK"
508,10401229479,10401229527,1,"IOTHUB_CLIENT_CONFIRMATION_OK"
509,10401229679,10401229743,1,"IOTHUB_CLIENT_CONFIRMATION_OK"
510,10401229880,10401229917,1,"IOTHUB_CLIENT_CONFIRMATION_OK"
511,10401230080,10401230110,1,"IOTHUB_CLIENT_CONFIRMATION_OK"
512,10401230280,10401230456,1,"IOTHUB_CLIENT_CONFIRMATION_OK"
513,10401230480,10401230508,1,"IOTHUB_CLIENT_CONFIRMATION_OK"
514,10401230680,10401230842,1,"IOTHUB_CLIENT_CONFIRMATION_OK"
515,10401230880,10401230911,1,"IOTHUB_CLIENT_CONFIRMATION_OK"
516,10401231081,10401231117,1,"IOTHUB_CLIENT_CONFIRMATION_OK"
517,10401231281,10401231313,1,"IOTHUB_CLIENT_CONFIRMATION_OK"
518,10401231481,10401231513,1,"IOTHUB_CLIENT_CONFIRMATION_OK"
519,10401231681,10401231715,1,"IOTHUB_CLIENT_CONFIRMATION_OK"
520,10401231881,10401231913,1,"IOTHUB_CLIENT_CONFIRMATION_OK"
521,10401232081,10401232179,1,"IOTHUB_CLIENT_CONFIRMATION_OK"
522,10401232282,10401232320,1,"IOTHUB_CLIENT_CONFIRMATION_OK"
523,10401232482,10401232516,1,"IOTHUB_CLIENT_CONFIRMATION_OK"
524,10401232682,10401232717,1,"IOTHUB_CLIENT_CONFIRMATION_OK"
525,10401232882,10401232919,1,"IOTHUB_CLIENT_CONFIRMATION_OK"
526,10401233082,10401233116,1,"IOTHUB_CLIENT_CONFIRMATION_OK"
527,10401233282,10401233319,1,"IOTHUB_CLIENT_CONFIRMATION_OK"
528,10401233483,10401233513,1,"IOTHUB_CLIENT_CONFIRMATION_OK"
529,10401233683,10401233721,1,"IOTHUB_CLIENT_CONFIRMATION_OK"
530,10401233883,10401233937,1,"IOTHUB_CLIENT_CONFIRMATION_OK"
531,10401234083,10401234122,1,"IOTHUB_CLIENT_CONFIRMATION_OK"
532,10401234283,10401234324,1,"IOTHUB_CLIENT_CONFIRMATION_OK"
533,10401234483,10401234601,1,"IOTHUB_CLIENT_CONFIRMATION_OK"
534,10401234684,10401234723,1,"IOTHUB_CLIENT_CONFIRMATION_OK"
535,10401234884,10401235031,1,"IOTHUB_CLIENT_CONFIRMATION_OK"
536,10401235084,10401235120,1,"IOTHUB_CLIENT_CONFIRMATION_OK"
537,10401235284,10401235316,1,"IOTHUB_CLIENT_CONFIRMATION_OK"
538,10401235484,10401235522,1,"IOTHUB_CLIENT_CONFIRMATION_OK"
539,10401235684,10401235719,1,"IOTHUB_CLIENT_CONFIRMATION_OK"
540,10401235885,10401235927,1,"IOTHUB_CLIENT_CONFIRMATION_OK"
541,10401236085,10401236115,1,"IOTHUB_CLIENT_CONFIRMATION_OK"
542,10401236285,10401236316,1,"IOTHUB_CLIENT_CONFIRMATION_OK"
543,10401236485,10401236532,1,"IOTHUB_CLIENT_CONFIRMATION_OK"
544,10401236685,10401236716,1,"IOTHUB_CLIENT_CONFIRMATION_OK"
545,10401236885,10401236923,1,"IOTHUB_CLIENT_CONFIRMATION_OK"
546,10401237086,10401237133,1,"IOTHUB_CLIENT_CONFIRMATION_OK"
547,10401237286,10401237320,1,"IOTHUB_CLIENT_CONFIRMATION_OK"
548,10401237486,10401237567,1,"IOTHUB_CLIENT_CONFIRMATION_OK"
549,10401237686,10401237714,1,"IOTHUB_CLIENT_CONFIRMATION_OK"
550,10401237886,10401237924,1,"IOTHUB_CLIENT_CONFIRMATION_OK"
551,10401238086,10401238160,1,"IOTHUB_CLIENT_CONFIRMATION_OK"
552,10401238287,10401238325,1,"IOTHUB_CLIENT_CONFIRMATION_OK"
553,10401238487,10401238581,1,"IOTHUB_CLIENT_CONFIRMATION_OK"
554,10401238687,10401238750,1,"IOTHUB_CLIENT_CONFIRMATION_OK"
555,10401238887,10401238921,1,"IOTHUB_CLIENT_CONFIRMATION_OK"
556,10401239087,10401239187,1,"IOTHUB_CLIENT_CONFIRMATION_OK"
557,10401239287,10401239317,1,"IOTHUB_CLIENT_CONFIRMATION_OK"
558,10401239488,10401239589,1,"IOTHUB_CLIENT_CONFIRMATION_OK"
559,10401239688,10401239723,1,"IOTHUB_CLIENT_CONFIRMATION_OK"
560,10401239888,10401239918,1,"IOTHUB_CLIENT_CONFIRMATION_OK"
561,10401240088,10401240204,1,"IOTHUB_CLIENT_CONFIRMATION_OK"
562,10401240288,10401240318,1,"IOTHUB_CLIENT_CONFIRMATION_OK"
563,10401240488,10401240521,1,"IOTHUB_CLIENT_CONFIRMATION_OK"
564,10401240689,10401240743,1,"IOTHUB_CLIENT_CONFIRMATION_OK"
565,10401240889,10401240919,1,"IOTHUB_CLIENT_CONFIRMATION_OK"
566,10401241089,10401241262,1,"IOTHUB_CLIENT_CONFIRMATION_OK"
567,10401241289,10401241318,1,"IOTHUB_CLIENT_CONFIRMATION_OK"
568,10401241489,10401241520,1,"IOTHUB_CLIENT_CONFIRMATION_OK"
569,10401241689,10401241733,1,"IOTHUB_CLIENT_CONFIRMATION_OK"
570,10401241890,10401241920,1,"IOTHUB_CLIENT_CONFIRMATION_OK"
571,10401242090,10401242257,1,"IOTHUB_CLIENT_CONFIRMATION_OK"
572,10401242290,10401242321,1,"IOTHUB_CLIENT_CONFIRMATION_OK"
573,10401242490,10401242592,1,"IOTHUB_CLIENT_CONFIRMATION_OK"
574,10401242690,10401242721,1,"IOTHUB_CLIENT_CONFIRMATION_OK"
575,10401242890,10401242928,1,"IOTHUB_CLIENT_CONFIRMATION_OK"
576,10401243091,10401243130,1,"IOTHUB_CLIENT_CONFIRMATION_OK"
577,10401243291,10401243332,1,"IOTHUB_CLIENT_CONFIRMATION_OK"
578,10401243491,10401243530,1,"IOTHUB_CLIENT_CONFIRMATION_OK"
579,10401243691,10401243729,1,"IOTHUB_CLIENT_CONFIRMATION_OK"
580,10401243891,10401243923,1,"IOTHUB_CLIENT_CONFIRMATION_OK"
581,10401244091,10401244138,1,"IOTHUB_CLIENT_CONFIRMATION_OK"
582,10401244291,10401244326,1,"IOTHUB_CLIENT_CONFIRMATION_OK"
583,10401244492,10401244525,1,"IOTHUB_CLIENT_CONFIRMATION_OK"
584,10401244692,10401244727,1,"IOTHUB_CLIENT_CONFIRMATION_OK"
585,10401244892,10401244933,1,"IOTHUB_CLIENT_CONFIRMATION_OK"
586,10401245092,10401245166,1,"IOTHUB_CLIENT_CONFIRMATION_OK"
587,10401245292,10401245348,1,"IOTHUB_CLIENT_CONFIRMATION_OK"
588,10401245492,10401245522,1,"IOTHUB_CLIENT_CONFIRMATION_OK"
589,10401245693,10401245766,1,"IOTHUB_CLIENT_CONFIRMATION_OK"
590,10401245893,10401245925,1,"IOTHUB_CLIENT_CONFIRMATION_OK"
591,10401246093,10401246127,1,"IOTHUB_CLIENT_CONFIRMATION_OK"
592,10401246293,10401246373,1,"IOTHUB_CLIENT_CONFIRMATION_OK"
593,10401246493,10401246542,1,"IOTHUB_CLIENT_CONFIRMATION_OK"
594,10401246693,10401246725,1,"IOTHUB_CLIENT_CONFIRMATION_OK"
595,10401246894,10401246930,1,"IOTHUB_CLIENT_CONFIRMATION_OK"
596,10401247094,10401247139,1,"IOTHUB_CLIENT_CONFIRMATION_OK"
597,10401247294,10401247408,1,"IOTHUB_CLIENT_CONFIRMATION_OK"
598,10401247494,10401247523,1,"IOTHUB_CLIENT_CONFIRMATION_OK"
599,10401247694,10401247733,1,"IOTHUB_CLIENT_CONFIRMATION_OK"
600,10401247894,10401248033,1,"IOTHUB_CLIENT_CONFIRMATION_OK"
601,10401248094,10401248125,1,"IOTHUB_CLIENT_CONFIRMATION_OK"
602,10401248295,10401248456,1,"IOTHUB_CLIENT_CONFIRMATION_OK"
603,10401248495,10401248526,1,"IOTHUB_CLIENT_CONFIRMATION_OK"
604,10401248695,10401248723,1,"IOTHUB_CLIENT_CONFIRMATION_OK"
605,10401248895,10401248924,1,"IOTHUB_CLIENT_CONFIRMATION_OK"
606,10401249095,10401249135,1,"IOTHUB_CLIENT_CONFIRMATION_OK"
607,10401249295,10401249356,1,"IOTHUB_CLIENT_CONFIRMATION_OK"
608,10401249496,10401249529,1,"IOTHUB_CLIENT_CONFIRMATION_OK"
609,10401249696,10401249772,1,"IOTHUB_CLIENT_CONFIRMATION_OK"
610,10401249896,10401249930,1,"IOTHUB_CLIENT_CONFIRMATION_OK"
611,10401250096,10401250135,1,"IOTHUB_CLIENT_CONFIRMATION_OK"
612,10401250296,10401250328,1,"IOTHUB_CLIENT_CONFIRMATION_OK"
613,10401250496,10401250531,1,"IOTHUB_CLIENT_CONFIRMATION_OK"
614,10401250697,10401250736,1,"IOTHUB_CLIENT_CONFIRMATION_OK"
615,10401250897,10401251091,1,"IOTHUB_CLIENT_CONFIRMATION_OK"
616,10401251097,10401251132,1,"IOTHUB_CLIENT_CONFIRMATION_OK"
617,10401251297,10401251332,1,"IOTHUB_CLIENT_CONFIRMATION_OK"
618,10401251497,10401251530,1,"IOTHUB_CLIENT_CONFIRMATION_OK"
619,10401251697,10401251791,1,"IOTHUB_CLIENT_CONFIRMATION_OK"
620,10401251898,10401251934,1,"IOTHUB_CLIENT_CONFIRMATION_OK"
621,10401252098,10401252130,1,"IOTHUB_CLIENT_CONFIRMATION_OK"
622,10401252298,10401252327,1,"IOTHUB_CLIENT_CONFIRMATION_OK"
623,10401252498,10401252553,1,"IOTHUB_CLIENT_CONFIRMATION_OK"
624,10401252698,10401252740,1,"IOTHUB_CLIENT_CONFIRMATION_OK"
625,10401252898,10401252941,1,"IOTHUB_CLIENT_CONFIRMATION_OK"
626,10401253099,10401253185,1,"IOTHUB_CLIENT_CONFIRMATION_OK"
627,10401253299,10401253374,1,"IOTHUB_CLIENT_CONFIRMATION_OK"
628,10401253499,10401253579,1,"IOTHUB_CLIENT_CONFIRMATION_OK"
629,10401253699,10401253742,1,"IOTHUB_CLIENT_CONFIRMATION_OK"
630,10401253899,10401253939,1,"IOTHUB_CLIENT_CONFIRMATION_OK"
631,10401254099,10401254194,1,"IOTHUB_CLIENT_CONFIRMATION_OK"
632,10401254300,10401254347,1,"IOTHUB_CLIENT_CONFIRMATION_OK"
633,10401254500,10401254589,1,"IOTHUB_CLIENT_CONFIRMATION_OK"
634,10401254700,10401254735,1,"IOTHUB_CLIENT_CONFIRMATION_OK"
635,10401254900,10401254929,1,"IOTHUB_CLIENT_CONFIRMATION_OK"
636,10401255100,10401255205,1,"IOTHUB_CLIENT_CONFIRMATION_OK"
637,10401255300,10401255333,1,"IOTHUB_CLIENT_CONFIRMATION_OK"
638,10401255501,10401255530,1,"IOTHUB_CLIENT_CONFIRMATION_OK"
639,10401255701,10401255732,1,"IOTHUB_CLIENT_CONFIRMATION_OK"
640,10401255901,10401255929,1,"IOTHUB_CLIENT_CONFIRMATION_OK"
641,10401256101,10401256210,1,"IOTHUB_CLIENT_CONFIRMATION_OK"
642,10401256301,10401256335,1,"IOTHUB_CLIENT_CONFIRMATION_OK"
643,10401256501,10401256532,1,"IOTHUB_CLIENT_CONFIRMATION_OK"
644,10401256702,10401256737,1,"IOTHUB_CLIENT_CONFIRMATION_OK"
645,10401256902,10401257004,1,"IOTHUB_CLIENT_CONFIRMATION_OK"
646,10401257102,10401257237,1,"IOTHUB_CLIENT_CONFIRMATION_OK"
647,10401257302,10401257337,1,"IOTHUB_CLIENT_CONFIRMATION_OK"
648,10401257502,10401257530,1,"IOTHUB_CLIENT_CONFIRMATION_OK"
649,10401257702,10401257847,1,"IOTHUB_CLIENT_CONFIRMATION_OK"
650,10401257903,10401257934,1,"IOTHUB_CLIENT_CONFIRMATION_OK"
651,10401258103,10401258136,1,"IOTHUB_CLIENT_CONFIRMATION_OK"
652,10401258303,10401258333,1,"IOTHUB_CLIENT_CONFIRMATION_OK"
653,10401258503,10401258535,1,"IOTHUB_CLIENT_CONFIRMATION_OK"
654,10401258703,10401258739,1,"IOTHUB_CLIENT_CONFIRMATION_OK"
655,10401258903,10401258936,1,"IOTHUB_CLIENT_CONFIRMATION_OK"
656,10401259103,10401259135,1,"IOTHUB_CLIENT_CONFIRMATION_OK"
657,10401259304,10401259372,1,"IOTHUB_CLIENT_CONFIRMATION_OK"
658,10401259504,10401259535,1,"IOTHUB_CLIENT_CONFIRMATION_OK"
659,10401259704,10401259752,1,"IOTHUB_CLIENT_CONFIRMATION_OK"
660,10401259904,10401260047,1,"IOTHUB_CLIENT_CONFIRMATION_OK"
661,10401260104,10401260135,1,"IOTHUB_CLIENT_CONFIRMATION_OK"
662,10401260304,10401260337,1,"IOTHUB_CLIENT_CONFIRMATION_OK"
663,10401260505,10401260547,1,"IOTHUB_CLIENT_CONFIRMATION_OK"
664,10401260705,10401260944,1,"IOTHUB_CLIENT_CONFIRMATION_OK"
665,10401260905,10401260953,1,"IOTHUB_CLIENT_CONFIRMATION_OK"
666,10401261105,10401261135,1,"IOTHUB_CLIENT_CONFIRMATION_OK"
667,10401261305,10401261355,1,"IOTHUB_CLIENT_CONFIRMATION_OK"
668,10401261505,10401261548,1,"IOTHUB_CLIENT_CONFIRMATION_OK"
669,10401261706,10401261735,1,"IOTHUB_CLIENT_CONFIRMATION_OK"
670,10401261906,10401261950,1,"IOTHUB_CLIENT_CONFIRMATION_OK"
671,10401262106,10401262136,1,"IOTHUB_CLIENT_CONFIRMATION_OK"
672,10401262306,10401262384,1,"IOTHUB_CLIENT_CONFIRMATION_OK"
673,10401262506,10401262537,1,"IOTHUB_CLIENT_CONFIRMATION_OK"
674,10401262706,10401262743,1,"IOTHUB_CLIENT_CONFIRMATION_OK"
675,10401262907,10401263052,1,"IOTHUB_CLIENT_CONFIRMATION_OK"
676,10401263107,10401263135,1,"IOTHUB_CLIENT_CONFIRMATION_OK"
677,10401263307,10401263428,1,"IOTHUB_CLIENT_CONFIRMATION_OK"
678,10401263507,10401263540,1,"IOTHUB_CLIENT_CONFIRMATION_OK"
679,10401263707,10401263738,1,"IOTHUB_CLIENT_CONFIRMATION_OK"
680,10401263907,10401264060,1,"IOTHUB_CLIENT_CONFIRMATION_OK"
681,10401264108,10401264138,1,"IOTHUB_CLIENT_CONFIRMATION_OK"
682,10401264308,10401264348,1,"IOTHUB_CLIENT_CONFIRMATION_OK"
683,10401264508,10401264548,1,"IOTHUB_CLIENT_CONFIRMATION_OK"
684,10401264708,10401264739,1,"IOTHUB_CLIENT_CONFIRMATION_OK"
685,10401264908,10401265083,1,"IOTHUB_CLIENT_CONFIRMATION_OK"
686,10401265108,10401265147,1,"IOTHUB_CLIENT_CONFIRMATION_OK"
687,10401265308,10401265352,1,"IOTHUB_CLIENT_CONFIRMATION_OK"
688,10401265509,10401265599,1,"IOTHUB_CLIENT_CONFIRMATION_OK"
689,10401265709,10401265743,1,"IOTHUB_CLIENT_CONFIRMATION_OK"
690,10401265909,10401266100,1,"IOTHUB_CLIENT_CONFIRMATION_OK"
691,10401266109,10401266147,1,"IOTHUB_CLIENT_CONFIRMATION_OK"
692,10401266309,10401266346,1,"IOTHUB_CLIENT_CONFIRMATION_OK"
693,10401266509,10401266538,1,"IOTHUB_CLIENT_CONFIRMATION_OK"
694,10401266710,10401266739,1,"IOTHUB_CLIENT_CONFIRMATION_OK"
695,10401266910,10401267116,1,"IOTHUB_CLIENT_CONFIRMATION_OK"
696,10401267110,10401267152,1,"IOTHUB_CLIENT_CONFIRMATION_OK"
697,10401267310,10401267340,1,"IOTHUB_CLIENT_CONFIRMATION_OK"
698,10401267510,10401267543,1,"IOTHUB_CLIENT_CONFIRMATION_OK"
699,10401267710,10401267740,1,"IOTHUB_CLIENT_CONFIRMATION_OK"
700,10401267911,10401267942,1,"IOTHUB_CLIENT_CONFIRMATION_OK"
701,10401268111,10401268149,1,"IOTHUB_CLIENT_CONFIRMATION_OK"
702,10401268311,10401268466,1,"IOTHUB_CLIENT_CONFIRMATION_OK"
703,10401268511,10401268602,1,"IOTHUB_CLIENT_CONFIRMATION_OK"
704,10401268711,10401268766,1,"IOTHUB_CLIENT_CONFIRMATION_OK"
705,10401268911,10401268960,1,"IOTHUB_CLIENT_CONFIRMATION_OK"
706,10401269112,10401269218,1,"IOTHUB_CLIENT_CONFIRMATION_OK"
707,10401269312,10401269351,1,"IOTHUB_CLIENT_CONFIRMATION_OK"
708,10401269512,10401269644,1,"IOTHUB_CLIENT_CONFIRMATION_OK"
709,10401269712,10401269743,1,"IOTHUB_CLIENT_CONFIRMATION_OK"
710,10401269912,10401269942,1,"IOTHUB_CLIENT_CONFIRMATION_OK"
711,10401270112,10401270248,1,"IOTHUB_CLIENT_CONFIRMATION_OK"
712,10401270312,10401270345,1,"IOTHUB_CLIENT_CONFIRMATION_OK"
713,10401270513,10401270549,1,"IOTHUB_CLIENT_CONFIRMATION_OK"
714,10401270713,10401270743,1,"IOTHUB_CLIENT_CONFIRMATION_OK"
715,10401270913,10401270944,1,"IOTHUB_CLIENT_CONFIRMATION_OK"
716,10401271113,10401271258,1,"IOTHUB_CLIENT_CONFIRMATION_OK"
717,10401271313,10401271350,1,"IOTHUB_CLIENT_CONFIRMATION_OK"
718,10401271513,10401271545,1,"IOTHUB_CLIENT_CONFIRMATION_OK"
719,10401271714,10401271758,1,"IOTHUB_CLIENT_CONFIRMATION_OK"
720,10401271914,10401271959,1,"IOTHUB_CLIENT_CONFIRMATION_OK"
721,10401272114,10401272147,1,"IOTHUB_CLIENT_CONFIRMATION_OK"
722,10401272314,10401272350,1,"IOTHUB_CLIENT_CONFIRMATION_OK"
723,10401272514,10401272548,1,"IOTHUB_CLIENT_CONFIRMATION_OK"
724,10401272714,10401272750,1,"IOTHUB_CLIENT_CONFIRMATION_OK"
725,10401272915,10401272958,1,"IOTHUB_CLIENT_CONFIRMATION_OK"
726,10401273115,10401273152,1,"IOTHUB_CLIENT_CONFIRMATION_OK"
727,10401273315,10401273347,1,"IOTHUB_CLIENT_CONFIRMATION_OK"
728,10401273515,10401273560,1,"IOTHUB_CLIENT_CONFIRMATION_OK"
729,10401273715,10401273905,1,"IOTHUB_CLIENT_CONFIRMATION_OK"
730,10401273915,10401273975,1,"IOTHUB_CLIENT_CONFIRMATION_OK"
731,10401274116,10401274144,1,"IOTHUB_CLIENT_CONFIRMATION_OK"
732,10401274316,10401274351,1,"IOTHUB_CLIENT_CONFIRMATION_OK"
733,10401274516,10401274544,1,"IOTHUB_CLIENT_CONFIRMATION_OK"
734,10401274716,10401274749,1,"IOTHUB_CLIENT_CONFIRMATION_OK"
735,10401274916,10401274952,1,"IOTHUB_CLIENT_CONFIRMATION_OK"
736,10401275116,10401275147,1,"IOTHUB_CLIENT_CONFIRMATION_OK"
737,10401275317,10401275354,1,"IOTHUB_CLIENT_CONFIRMATION_OK"
738,10401275517,10401275557,1,"IOTHUB_CLIENT_CONFIRMATION_OK"
739,10401275717,10401275796,1,"IOTHUB_CLIENT_CONFIRMATION_OK"
740,10401275917,10401275964,1,"IOTHUB_CLIENT_CONFIRMATION_OK"
741,10401276117,10401276151,1,"IOTHUB_CLIENT_CONFIRMATION_OK"
742,10401276317,10401276413,1,"IOTHUB_CLIENT_CONFIRMATION_OK"
743,10401276518,10401276555,1,"IOTHUB_CLIENT_CONFIRMATION_OK"
744,10401276718,10401276750,1,"IOTHUB_CLIENT_CONFIRMATION_OK"
745,10401276918,10401276955,1,"IOTHUB_CLIENT_CONFIRMATION_OK"
746,10401277118,10401277149,1,"IOTHUB_CLIENT_CONFIRMATION_OK"
747,10401277318,10401277420,1,"IOTHUB_CLIENT_CONFIRMATION_OK"
748,10401277518,10401277560,1,"IOTHUB_CLIENT_CONFIRMATION_OK"
749,10401277719,10401277760,1,"IOTHUB_CLIENT_CONFIRMATION_OK"
750,10401277919,10401278039,1,"IOTHUB_CLIENT_CONFIRMATION_OK"
751,10401278119,10401278148,1,"IOTHUB_CLIENT_CONFIRMATION_OK"
752,10401278319,10401278474,1,"IOTHUB_CLIENT_CONFIRMATION_OK"
753,10401278519,10401278563,1,"IOTHUB_CLIENT_CONFIRMATION_OK"
754,10401278719,10401278750,1,"IOTHUB_CLIENT_CONFIRMATION_OK"
755,10401278920,10401279050,1,"IOTHUB_CLIENT_CONFIRMATION_OK"
756,10401279120,10401279148,1,"IOTHUB_CLIENT_CONFIRMATION_OK"
757,10401279320,10401279355,1,"IOTHUB_CLIENT_CONFIRMATION_OK"
758,10401279520,10401279564,1,"IOTHUB_CLIENT_CONFIRMATION_OK"
759,10401279720,10401279750,1,"IOTHUB_CLIENT_CONFIRMATION_OK"
760,10401279920,10401280077,1,"IOTHUB_CLIENT_CONFIRMATION_OK"
761,10401280121,10401280154,1,"IOTHUB_CLIENT_CONFIRMATION_OK"
762,10401280321,10401280360,1,"IOTHUB_CLIENT_CONFIRMATION_OK"
763,10401280521,10401280552,1,"IOTHUB_CLIENT_CONFIRMATION_OK"
764,10401280721,10401280752,1,"IOTHUB_CLIENT_CONFIRMATION_OK"
765,10401280921,10401281096,1,"IOTHUB_CLIENT_CONFIRMATION_OK"
766,10401281121,10401281151,1,"IOTHUB_CLIENT_CONFIRMATION_OK"
767,10401281321,10401281353,1,"IOTHUB_CLIENT_CONFIRMATION_OK"
768,10401281522,10401281552,1,"IOTHUB_CLIENT_CONFIRMATION_OK"
769,10401281722,10401281764,1,"IOTHUB_CLIENT_CONFIRMATION_OK"
770,10401281922,10401282104,1,"IOTHUB_CLIENT_CONFIRMATION_OK"
771,10401282122,10401282152,1,"IOTHUB_CLIENT_CONFIRMATION_OK"
772,10401282322,10401282351,1,"IOTHUB_CLIENT_CONFIRMATION_OK"
773,10401282522,10401282566,1,"IOTHUB_CLIENT_CONFIRMATION_OK"
774,10401282723,10401282757,1,"IOTHUB_CLIENT_CONFIRMATION_OK"
775,10401282923,10401282964,1,"IOTHUB_CLIENT_CONFIRMATION_OK"
776,10401283123,10401283157,1,"IOTHUB_CLIENT_CONFIRMATION_OK"
777,10401283323,10401283371,1,"IOTHUB_CLIENT_CONFIRMATION_OK"
778,10401283523,10401283554,1,"IOTHUB_CLIENT_CONFIRMATION_OK"
779,10401283723,10401283759,1,"IOTHUB_CLIENT_CONFIRMATION_OK"
780,10401283924,10401283960,1,"IOTHUB_CLIENT_CONFIRMATION_OK"
781,10401284124,10401284160,1,"IOTHUB_CLIENT_CONFIRMATION_OK"
782,10401284324,10401284362,1,"IOTHUB_CLIENT_CONFIRMATION_OK"
783,10401284524,10401284553,1,"IOTHUB_CLIENT_CONFIRMATION_OK"
784,10401284724,10401284785,1,"IOTHUB_CLIENT_CONFIRMATION_OK"
785,10401284924,10401284955,1,"IOTHUB_CLIENT_CONFIRMATION_OK"
786,10401285125,10401285202,1,"IOTHUB_CLIENT_CONFIRMATION_OK"
787,10401285325,10401285357,1,"IOTHUB_CLIENT_CONFIRMATION_OK"
788,10401285525,10401285564,1,"IOTHUB_CLIENT_CONFIRMATION_OK"
789,10401285725,10401285757,1,"IOTHUB_CLIENT_CONFIRMATION_OK"
790,10401285925,10401285962,1,"IOTHUB_CLIENT_CONFIRMATION_OK"
791,10401286125,10401286263,1,"IOTHUB_CLIENT_CONFIRMATION_OK"
792,10401286325,10401286364,1,"IOTHUB_CLIENT_CONFIRMATION_OK"
793,10401286526,10401286557,1,"IOTHUB_CLIENT_CONFIRMATION_OK"
794,10401286726,10401286758,1,"IOTHUB_CLIENT_CONFIRMATION_OK"
795,10401286926,10401286961,1,"IOTHUB_CLIENT_CONFIRMATION_OK"
796,10401287126,10401287161,1,"IOTHUB_CLIENT_CONFIRMATION_OK"
797,10401287326,10401287385,1,"IOTHUB_CLIENT_CONFIRMATION_OK"
798,10401287526,10401287557,1,"IOTHUB_CLIENT_CONFIRMATION_OK"
799,10401287727,10401287785,1,"IOTHUB_CLIENT_CONFIRMATION_OK"
800,10401287927,10401287984,1,"IOTHUB_CLIENT_CONFIRMATION_OK"
801,10401288127,10401288159,1,"IOTHUB_CLIENT_CONFIRMATION_OK"
802,10401288327,10401288364,1,"IOTHUB_CLIENT_CONFIRMATION_OK"
803,10401288527,10401288558,1,"IOTHUB_CLIENT_CONFIRMATION_OK"
804,10401288727,10401288761,1,"IOTHUB_CLIENT_CONFIRMATION_OK"
805,10401288928,10401288957,1,"IOTHUB_CLIENT_CONFIRMATION_OK"
806,10401289128,10401289159,1,"IOTHUB_CLIENT_CONFIRMATION_OK"
807,10401289328,10401289390,1,"IOTHUB_CLIENT_CONFIRMATION_OK"
808,10401289528,10401289556,1,"IOTHUB_CLIENT_CONFIRMATION_OK"
809,10401289728,10401289787,1,"IOTHUB_CLIENT_CONFIRMATION_OK"
810,10401289928,10401289969,1,"IOTHUB_CLIENT_CONFIRMATION_OK"
811,10401290128,10401290169,1,"IOTHUB_CLIENT_CONFIRMATION_OK"
812,10401290329,10401290394,1,"IOTHUB_CLIENT_CONFIRMATION_OK"
813,10401290529,10401290557,1,"IOTHUB_CLIENT_CONFIRMATION_OK"
814,10401290729,10401290788,1,"IOTHUB_CLIENT_CONFIRMATION_OK"
815,10401290929,10401290958,1,"IOTHUB_CLIENT_CONFIRMATION_OK"
816,10401291129,10401291171,1,"IOTHUB_CLIENT_CONFIRMATION_OK"
817,10401291329,10401291408,1,"IOTHUB_CLIENT_CONFIRMATION_OK"
818,10401291530,10401291568,1,"IOTHUB_CLIENT_CONFIRMATION_OK"
819,10401291730,10401291761,1,"IOTHUB_CLIENT_CONFIRMATION_OK"
820,10401291930,10401291961,1,"IOTHUB_CLIENT_CONFIRMATION_OK"
821,10401292130,10401292159,1,"IOTHUB_CLIENT_CONFIRMATION_OK"
822,10401292330,10401292436,1,"IOTHUB_CLIENT_CONFIRMATION_OK"
823,10401292530,10401292563,1,"IOTHUB_CLIENT_CONFIRMATION_OK"
824,10401292731,10401292763,1,"IOTHUB_CLIENT_CONFIRMATION_OK"
825,10401292931,10401293034,1,"IOTHUB_CLIENT_CONFIRMATION_OK"
826,10401293131,10401293170,1,"IOTHUB_CLIENT_CONFIRMATION_OK"
827,10401293331,10401293434,1,"IOTHUB_CLIENT_CONFIRMATION_OK"
828,10401293531,10401293561,1,"IOTHUB_CLIENT_CONFIRMATION_OK"
829,10401293731,10401293790,1,"IOTHUB_CLIENT_CONFIRMATION_OK"
830,10401293932,10401294045,1,"IOTHUB_CLIENT_CONFIRMATION_OK"
831,10401294132,10401294160,1,"IOTHUB_CLIENT_CONFIRMATION_OK"
832,10401294332,10401294376,1,"IOTHUB_CLIENT_CONFIRMATION_OK"
833,10401294532,10401294563,1,"IOTHUB_CLIENT_CONFIRMATION_OK"
834,10401294732,10401294766,1,"IOTHUB_CLIENT_CONFIRMATION_OK"
835,10401294932,10401295056,1,"IOTHUB_CLIENT_CONFIRMATION_OK"
836,10401295132,10401295171,1,"IOTHUB_CLIENT_CONFIRMATION_OK"
837,10401295333,10401295365,1,"IOTHUB_CLIENT_CONFIRMATION_OK"
838,10401295533,10401295564,1,"IOTHUB_CLIENT_CONFIRMATION_OK"
839,10401295733,10401295765,1,"IOTHUB_CLIENT_CONFIRMATION_OK"
840,10401295933,10401296074,1,"IOTHUB_CLIENT_CONFIRMATION_OK"
841,10401296133,10401296165,1,"IOTHUB_CLIENT_CONFIRMATION_OK"
842,10401296333,10401296363,1,"IOTHUB_CLIENT_CONFIRMATION_OK"
843,10401296534,10401296586,1,"IOTHUB_CLIENT_CONFIRMATION_OK"
844,10401296734,10401296763,1,"IOTHUB_CLIENT_CONFIRMATION_OK"
845,10401296934,10401297144,1,"IOTHUB_CLIENT_CONFIRMATION_OK"
846,10401297134,10401297169,1,"IOTHUB_CLIENT_CONFIRMATION_OK"
847,10401297334,10401297363,1,"IOTHUB_CLIENT_CONFIRMATION_OK"
848,10401297534,10401297568,1,"IOTHUB_CLIENT_CONFIRMATION_OK"
849,10401297735,10401297767,1,"IOTHUB_CLIENT_CONFIRMATION_OK"
850,10401297935,10401297973,1,"IOTHUB_CLIENT_CONFIRMATION_OK"
851,10401298135,10401298180,1,"IOTHUB_CLIENT_CONFIRMATION_OK"
852,10401298335,10401298366,1,"IOTHUB_CLIENT_CONFIRMATION_OK"
853,10401298535,10401298580,1,"IOTHUB_CLIENT_CONFIRMATION_OK"
854,10401298735,10401298764,1,"IOTHUB_CLIENT_CONFIRMATION_OK"
855,10401298936,10401298970,1,"IOTHUB_CLIENT_CONFIRMATION_OK"
856,10401299136,10401299211,1,"IOTHUB_CLIENT_CONFIRMATION_OK"
857,10401299336,10401299421,1,"IOTHUB_CLIENT_CONFIRMATION_OK"
858,10401299536,10401299623,1,"IOTHUB_CLIENT_CONFIRMATION_OK"
859,10401299736,10401299778,1,"IOTHUB_CLIENT_CONFIRMATION_OK"
860,10401299936,10401299979,1,"IOTHUB_CLIENT_CONFIRMATION_OK"
861,10401300137,10401300237,1,"IOTHUB_CLIENT_CONFIRMATION_OK"
862,10401300337,10401300384,1,"IOTHUB_CLIENT_CONFIRMATION_OK"
863,10401300537,10401300578,1,"IOTHUB_CLIENT_CONFIRMATION_OK"
864,10401300737,10401300769,1,"IOTHUB_CLIENT_CONFIRMATION_OK"
865,10401300937,10401300972,1,"IOTHUB_CLIENT_CONFIRMATION_OK"
866,10401301137,10401301257,1,"IOTHUB_CLIENT_CONFIRMATION_OK"
867,10401301337,10401301366,1,"IOTHUB_CLIENT_CONFIRMATION_OK"
868,10401301538,10401301567,1,"IOTHUB_CLIENT_CONFIRMATION_OK"
869,10401301738,10401301867,1,"IOTHUB_CLIENT_CONFIRMATION_OK"
870,10401301938,10401301972,1,"IOTHUB_CLIENT_CONFIRMATION_OK"
871,10401302138,10401302298,1,"IOTHUB_CLIENT_CONFIRMATION_OK"
872,10401302338,10401302383,1,"IOTHUB_CLIENT_CONFIRMATION_OK"
873,10401302538,10401302599,1,"IOTHUB_CLIENT_CONFIRMATION_OK"
874,10401302739,10401302800,1,"IOTHUB_CLIENT_CONFIRMATION_OK"
875,10401302939,10401302970,1,"IOTHUB_CLIENT_CONFIRMATION_OK"
876,10401303139,10401303170,1,"IOTHUB_CLIENT_CONFIRMATION_OK"
877,10401303339,10401303369,1,"IOTHUB_CLIENT_CONFIRMATION_OK"
878,10401303539,10401303574,1,"IOTHUB_CLIENT_CONFIRMATION_OK"
879,10401303739,10401303828,1,"IOTHUB_CLIENT_CONFIRMATION_OK"
880,10401303940,10401303969,1,"IOTHUB_CLIENT_CONFIRMATION_OK"
881,10401304140,10401304172,1,"IOTHUB_CLIENT_CONFIRMATION_OK"
882,10401304340,10401304382,1,"IOTHUB_CLIENT_CONFIRMATION_OK"
883,10401304540,10401304578,1,"IOTHUB_CLIENT_CONFIRMATION_OK"
884,10401304740,10401304878,1,"IOTHUB_CLIENT_CONFIRMATION_OK"
885,10401304940,10401304976,1,"IOTHUB_CLIENT_CONFIRMATION_OK"
886,10401305140,10401305204,1,"IOTHUB_CLIENT_CONFIRMATION_OK"
887,10401305341,10401305370,1,"IOTHUB_CLIENT_CONFIRMATION_OK"
888,10401305541,10401305580,1,"IOTHUB_CLIENT_CONFIRMATION_OK"
889,10401305741,10401305891,1,"IOTHUB_CLIENT_CONFIRMATION_OK"
890,10401305941,10401305969,1,"IOTHUB_CLIENT_CONFIRMATION_OK"
891,10401306141,10401306174,1,"IOTHUB_CLIENT_CONFIRMATION_OK"
892,10401306341,10401306370,1,"IOTHUB_CLIENT_CONFIRMATION_OK"
893,10401306542,10401306568,1,"IOTHUB_CLIENT_CONFIRMATION_OK"
894,10401306742,10401306771,1,"IOTHUB_CLIENT_CONFIRMATION_OK"
895,10401306942,10401306970,1,"IOTHUB_CLIENT_CONFIRMATION_OK"
896,10401307142,10401307171,1,"IOTHUB_CLIENT_CONFIRMATION_OK"
897,10401307342,10401307371,1,"IOTHUB_CLIENT_CONFIRMATION_OK"
898,10401307542,10401307584,1,"IOTHUB_CLIENT_CONFIRMATION_OK"
899,10401307742,10401307775,1,"IOTHUB_CLIENT_CONFIRMATION_OK"
900,10401307943,10401307975,1,"IOTHUB_CLIENT_CONFIRMATION_OK"
901,10401308143,10401308175,1,"IOTHUB_CLIENT_CONFIRMATION_OK"
902,10401308343,10401308568,1,"IOTHUB_CLIENT_CONFIRMATION_OK"
903,10401308543,10401308585,1,"IOTHUB_CLIENT_CONFIRMATION_OK"
904,10401308743,10401308773,1,"IOTHUB_CLIENT_CONFIRMATION_OK"
905,10401308943,10401308980,1,"IOTHUB_CLIENT_CONFIRMATION_OK"
906,10401309144,10401309176,1,"IOTHUB_CLIENT_CONFIRMATION_OK"
907,10401309344,10401309377,1,"IOTHUB_CLIENT_CONFIRMATION_OK"
908,10401309544,10401309623,1,"IOTHUB_CLIENT_CONFIRMATION_OK"
909,10401309744,10401309776,1,"IOTHUB_CLIENT_CONFIRMATION_OK"
910,10401309944,10401310011,1,"IOTHUB_CLIENT_CONFIRMATION_OK"
911,10401310144,10401310193,1,"IOTHUB_CLIENT_CONFIRMATION_OK"
912,10401310345,10401310376,1,"IOTHUB_CLIENT_CONFIRMATION_OK"
913,10401310545,10401310643,1,"IOTHUB_CLIENT_CONFIRMATION_OK"
914,10401310745,10401310797,1,"IOTHUB_CLIENT_CONFIRMATION_OK"
915,10401310945,10401311049,1,"IOTHUB_CLIENT_CONFIRMATION_OK"
916,10401311145,10401311176,1,"IOTHUB_CLIENT_CONFIRMATION_OK"
917,10401311345,10401311432,1,"IOTHUB_CLIENT_CONFIRMATION_OK"
918,10401311546,10401311674,1,"IOTHUB_CLIENT_CONFIRMATION_OK"
919,10401311746,10401311796,1,"IOTHUB_CLIENT_CONFIRMATION_OK"
920,10401311946,10401312057,1,"IOTHUB_CLIENT_CONFIRMATION_OK"
921,10401312146,10401312176,1,"IOTHUB_CLIENT_CONFIRMATION_OK"
922,10401312346,10401312375,1,"IOTHUB_CLIENT_CONFIRMATION_OK"
923,10401312546,10401312678,1,"IOTHUB_CLIENT_CONFIRMATION_OK"
924,10401312747,10401312783,1,"IOTHUB_CLIENT_CONFIRMATION_OK"
925,10401312947,10401312979,1,"IOTHUB_CLIENT_CONFIRMATION_OK"
926,10401313147,10401313176,1,"IOTHUB_CLIENT_CONFIRMATION_OK"
927,10401313347,10401313379,1,"IOTHUB_CLIENT_CONFIRMATION_OK"
928,10401313547,10401313687,1,"IOTHUB_CLIENT_CONFIRMATION_OK"
929,10401313747,10401313786,1,"IOTHUB_CLIENT_CONFIRMATION_OK"
930,10401313947,10401313991,1,"IOTHUB_CLIENT_CONFIRMATION_OK"
931,10401314148,10401314176,1,"IOTHUB_CLIENT_CONFIRMATION_OK"
932,10401314348,10401314399,1,"IOTHUB_CLIENT_CONFIRMATION_OK"
933,10401314548,10401314782,1,"IOTHUB_CLIENT_CONFIRMATION_OK"
934,10401314748,10401314798,1,"IOTHUB_CLIENT_CONFIRMATION_OK"
935,10401314948,10401314987,1,"IOTHUB_CLIENT_CONFIRMATION_OK"
936,10401315148,10401315188,1,"IOTHUB_CLIENT_CONFIRMATION_OK"
937,10401315349,10401315386,1,"IOTHUB_CLIENT_CONFIRMATION_OK"
938,10401315549,10401315579,1,"IOTHUB_CLIENT_CONFIRMATION_OK"
939,10401315749,10401315805,1,"IOTHUB_CLIENT_CONFIRMATION_OK"
940,10401315949,10401315983,1,"IOTHUB_CLIENT_CONFIRMATION_OK"
941,10401316149,10401316207,1,"IOTHUB_CLIENT_CONFIRMATION_OK"
942,10401316349,10401316381,1,"IOTHUB_CLIENT_CONFIRMATION_OK"
943,10401316550,10401316581,1,"IOTHUB_CLIENT_CONFIRMATION_OK"
944,10401316750,10401316811,1,"IOTHUB_CLIENT_CONFIRMATION_OK"
945,10401316950,10401316990,1,"IOTHUB_CLIENT_CONFIRMATION_OK"
946,10401317150,10401317250,1,"IOTHUB_CLIENT_CONFIRMATION_OK"
947,10401317350,10401317389,1,"IOTHUB_CLIENT_CONFIRMATION_OK"
948,10401317550,10401317666,1,"IOTHUB_CLIENT_CONFIRMATION_OK"
949,10401317750,10401317892,1,"IOTHUB_CLIENT_CONFIRMATION_OK"
950,10401317951,10401317999,1,"IOTHUB_CLIENT_CONFIRMATION_OK"
951,10401318151,10401318182,1,"IOTHUB_CLIENT_CONFIRMATION_OK"
952,10401318351,10401318383,1,"IOTHUB_CLIENT_CONFIRMATION_OK"
953,10401318551,10401318581,1,"IOTHUB_CLIENT_CONFIRMATION_OK"
954,10401318751,10401318903,1,"IOTHUB_CLIENT_CONFIRMATION_OK"
955,10401318951,10401318985,1,"IOTHUB_CLIENT_CONFIRMATION_OK"
956,10401319152,10401319204,1,"IOTHUB_CLIENT_CONFIRMATION_OK"
957,10401319352,10401319384,1,"IOTHUB_CLIENT_CONFIRMATION_OK"
958,10401319552,10401319592,1,"IOTHUB_CLIENT_CONFIRMATION_OK"
959,10401319752,10401319791,1,"IOTHUB_CLIENT_CONFIRMATION_OK"
960,10401319952,10401319985,1,"IOTHUB_CLIENT_CONFIRMATION_OK"
961,10401320152,10401320181,1,"IOTHUB_CLIENT_CONFIRMATION_OK"
962,10401320352,10401320529,1,"IOTHUB_CLIENT_CONFIRMATION_OK"
963,10401320553,10401320586,1,"IOTHUB_CLIENT_CONFIRMATION_OK"
964,10401320753,10401320926,1,"IOTHUB_CLIENT_CONFIRMATION_OK"
965,10401320953,10401320988,1,"IOTHUB_CLIENT_CONFIRMATION_OK"
966,10401321153,10401321187,1,"IOTHUB_CLIENT_CONFIRMATION_OK"
967,10401321353,10401321380,1,"IOTHUB_CLIENT_CONFIRMATION_OK"
968,10401321553,10401321588,1,"IOTHUB_CLIENT_CONFIRMATION_OK"
969,10401321754,10401321782,1,"IOTHUB_CLIENT_CONFIRMATION_OK"
970,10401321954,10401321982,1,"IOTHUB_CLIENT_CONFIRMATION_OK"
971,10401322154,10401322185,1,"IOTHUB_CLIENT_CONFIRMATION_OK"
972,10401322354,10401322407,1,"IOTHUB_CLIENT_CONFIRMATION_OK"
973,10401322554,10401322587,1,"IOTHUB_CLIENT_CONFIRMATION_OK"
974,10401322754,10401322791,1,"IOTHUB_CLIENT_CONFIRMATION_OK"
975,10401322955,10401322995,1,"IOTHUB_CLIENT_CONFIRMATION_OK"
976,10401323155,10401323191,1,"IOTHUB_CLIENT_CONFIRMATION_OK"
977,10401323355,10401323395,1,"IOTHUB_CLIENT_CONFIRMATION_OK"
978,10401323555,10401323585,1,"IOTHUB_CLIENT_CONFIRMATION_OK"
979,10401323755,10401323784,1,"IOTHUB_CLIENT_CONFIRMATION_OK"
980,10401323955,10401324001,1,"IOTHUB_CLIENT_CONFIRMATION_OK"
981,10401324156,10401324187,1,"IOTHUB_CLIENT_CONFIRMATION_OK"
982,10401324356,10401324389,1,"IOTHUB_CLIENT_CONFIRMATION_OK"
983,10401324556,10401324587,1,"IOTHUB_CLIENT_CONFIRMATION_OK"
984,10401324756,10401324791,1,"IOTHUB_CLIENT_CONFIRMATION_OK"
985,10401324956,10401325013,1,"IOTHUB_CLIENT_CONFIRMATION_OK"
986,10401325156,10401325187,1,"IOTHUB_CLIENT_CONFIRMATION_OK"
987,10401325357,10401325395,1,"IOTHUB_CLIENT_CONFIRMATION_OK"
988,10401325557,10401325627,1,"IOTHUB_CLIENT_CONFIRMATION_OK"
989,10401325757,10401325796,1,"IOTHUB_CLIENT_CONFIRMATION_OK"
990,10401325957,10401326037,1,"IOTHUB_CLIENT_CONFIRMATION_OK"
991,10401326157,10401326188,1,"IOTHUB_CLIENT_CONFIRMATION_OK"
992,10401326357,10401326418,1,"IOTHUB_CLIENT_CONFIRMATION_OK"
993,10401326557,10401326640,1,"IOTHUB_CLIENT_CONFIRMATION_OK"
994,10401326758,10401326796,1,"IOTHUB_CLIENT_CONFIRMATION_OK"
995,10401326958,10401327042,1,"IOTHUB_CLIENT_CONFIRMATION_OK"
996,10401327158,10401327187,1,"IOTHUB_CLIENT_CONFIRMATION_OK"
997,10401327358,10401327387,1,"IOTHUB_CLIENT_CONFIRMATION_OK"
998,10401327558,10401327671,1,"IOTHUB_CLIENT_CONFIRMATION_OK"
999,10401327758,10401327840,1,"IOTHUB_CLIENT_CONFIRMATION_OK"
1000,10401327959,10401327992,1,"IOTHUB_CLIENT_CONFIRMATION_OK"
1001,10401328159,10401328190,1,"IOTHUB_CLIENT_CONFIRMATION_OK"
1002,10401328359,10401328388,1,"IOTHUB_CLIENT_CONFIRMATION_OK"
1003,10401328559,10401328698,1,"IOTHUB_CLIENT_CONFIRMATION_OK"
1004,10401328759,10401328790,1,"IOTHUB_CLIENT_CONFIRMATION_OK"
1005,10401328959,10401328996,1,"IOTHUB_CLIENT_CONFIRMATION_OK"
1006,10401329160,10401329192,1,"IOTHUB_CLIENT_CONFIRMATION_OK"
1007,10401329360,10401329393,1,"IOTHUB_CLIENT_CONFIRMATION_OK"
1008,10401329560,10401329764,1,"IOTHUB_CLIENT_CONFIRMATION_OK"
1009,10401329760,10401329788,1,"IOTHUB_CLIENT_CONFIRMATION_OK"
1010,10401329960,10401330011,1,"IOTHUB_CLIENT_CONFIRMATION_OK"
1011,10401330160,10401330193,1,"IOTHUB_CLIENT_CONFIRMATION_OK"
1012,10401330361,10401330395,1,"IOTHUB_CLIENT_CONFIRMATION_OK"
1013,10401330561,10401330592,1,"IOTHUB_CLIENT_CONFIRMATION_OK"
1014,10401330761,10401330806,1,"IOTHUB_CLIENT_CONFIRMATION_OK"
1015,10401330961,10401330997,1,"IOTHUB_CLIENT_CONFIRMATION_OK"
1016,10401331161,10401331210,1,"IOTHUB_CLIENT_CONFIRMATION_OK"
1017,10401331361,10401331393,1,"IOTHUB_CLIENT_CONFIRMATION_OK"
1018,10401331562,10401331596,1,"IOTHUB_CLIENT_CONFIRMATION_OK"
1019,10401331762,10401331901,1,"IOTHUB_CLIENT_CONFIRMATION_OK"
1020,10401331962,10401331994,1,"IOTHUB_CLIENT_CONFIRMATION_OK"
1021,10401332162,10401332211,1,"IOTHUB_CLIENT_CONFIRMATION_OK"
1022,10401332362,10401332411,1,"IOTHUB_CLIENT_CONFIRMATION_OK"
1023,10401332562,10401332594,1,"IOTHUB_CLIENT_CONFIRMATION_OK"
1024,10401332762,10401332838,1,"IOTHUB_CLIENT_CONFIRMATION_OK"
1025,10401332963,10401332992,1,"IOTHUB_CLIENT_CONFIRMATION_OK"
1026,10401333163,10401333199,1,"IOTHUB_CLIENT_CONFIRMATION_OK"
1027,10401333363,10401333396,1,"IOTHUB_CLIENT_CONFIRMATION_OK"
1028,10401333563,10401333610,1,"IOTHUB_CLIENT_CONFIRMATION_OK"
1029,10401333763,10401333849,1,"IOTHUB_CLIENT_CONFIRMATION_OK"
1030,10401333964,10401333993,1,"IOTHUB_CLIENT_CONFIRMATION_OK"
1031,10401334164,10401334192,1,"IOTHUB_CLIENT_CONFIRMATION_OK"
1032,10401334364,10401334439,1,"IOTHUB_CLIENT_CONFIRMATION_OK"
1033,10401334564,10401334595,1,"IOTHUB_CLIENT_CONFIRMATION_OK"
1034,10401334764,10401334855,1,"IOTHUB_CLIENT_CONFIRMATION_OK"
1035,10401334964,10401334995,1,"IOTHUB_CLIENT_CONFIRMATION_OK"
1036,10401335164,10401335209,1,"IOTHUB_CLIENT_CONFIRMATION_OK"
1037,10401335365,10401335493,1,"IOTHUB_CLIENT_CONFIRMATION_OK"
1038,10401335565,10401335594,1,"IOTHUB_CLIENT_CONFIRMATION_OK"
1039,10401335765,10401335870,1,"IOTHUB_CLIENT_CONFIRMATION_OK"
1040,10401335965,10401335994,1,"IOTHUB_CLIENT_CONFIRMATION_OK"
1041,10401336165,10401336200,1,"IOTHUB_CLIENT_CONFIRMATION_OK"
1042,10401336365,10401336490,1,"IOTHUB_CLIENT_CONFIRMATION_OK"
1043,10401336566,10401336606,1,"IOTHUB_CLIENT_CONFIRMATION_OK"
1044,10401336766,10401336807,1,"IOTHUB_CLIENT_CONFIRMATION_OK"
1045,10401336966,10401337004,1,"IOTHUB_CLIENT_CONFIRMATION_OK"
1046,10401337166,10401337197,1,"IOTHUB_CLIENT_CONFIRMATION_OK"
1047,10401337366,10401337625,1,"IOTHUB_CLIENT_CONFIRMATION_OK"
1048,10401337566,10401337648,1,"IOTHUB_CLIENT_CONFIRMATION_OK"
1049,10401337766,10401337806,1,"IOTHUB_CLIENT_CONFIRMATION_OK"
1050,10401337967,10401338018,1,"IOTHUB_CLIENT_CONFIRMATION_OK"
1051,10401338167,10401338203,1,"IOTHUB_CLIENT_CONFIRMATION_OK"
1052,10401338367,10401338434,1,"IOTHUB_CLIENT_CONFIRMATION_OK"
1053,10401338567,10401338595,1,"IOTHUB_CLIENT_CONFIRMATION_OK"
1054,10401338767,10401338799,1,"IOTHUB_CLIENT_CONFIRMATION_OK"
1055,10401338967,10401339034,1,"IOTHUB_CLIENT_CONFIRMATION_OK"
1056,10401339168,10401339220,1,"IOTHUB_CLIENT_CONFIRMATION_OK"
1057,10401339368,10401339399,1,"IOTHUB_CLIENT_CONFIRMATION_OK"
1058,10401339568,10401339619,1,"IOTHUB_CLIENT_CONFIRMATION_OK"
1059,10401339768,10401339798,1,"IOTHUB_CLIENT_CONFIRMATION_OK"
1060,10401339968,10401340060,1,"IOTHUB_CLIENT_CONFIRMATION_OK"
1061,10401340168,10401340197,1,"IOTHUB_CLIENT_CONFIRMATION_OK"
1062,10401340369,10401340403,1,"IOTHUB_CLIENT_CONFIRMATION_OK"
1063,10401340569,10401340604,1,"IOTHUB_CLIENT_CONFIRMATION_OK"
1064,10401340769,10401340800,1,"IOTHUB_CLIENT_CONFIRMATION_OK"
1065,10401340969,10401341077,1,"IOTHUB_CLIENT_CONFIRMATION_OK"
1066,10401341169,10401341206,1,"IOTHUB_CLIENT_CONFIRMATION_OK"
1067,10401341369,10401341416,1,"IOTHUB_CLIENT_CONFIRMATION_OK"
1068,10401341570,10401341682,1,"IOTHUB_CLIENT_CONFIRMATION_OK"
1069,10401341770,10401341802,1,"IOTHUB_CLIENT_CONFIRMATION_OK"
1070,10401341970,10401342119,1,"IOTHUB_CLIENT_CONFIRMATION_OK"
1071,10401342170,10401342200,1,"IOTHUB_CLIENT_CONFIRMATION_OK"
1072,10401342370,10401342397,1,"IOTHUB_CLIENT_CONFIRMATION_OK"
1073,10401342570,10401342626,1,"IOTHUB_CLIENT_CONFIRMATION_OK"
1074,10401342770,10401342822,1,"IOTHUB_CLIENT_CONFIRMATION_OK"
1075,10401342971,10401343009,1,"IOTHUB_CLIENT_CONFIRMATION_OK"
1076,10401343171,10401343201,1,"IOTHUB_CLIENT_CONFIRMATION_OK"
1077,10401343371,10401343411,1,"IOTHUB_CLIENT_CONFIRMATION_OK"
1078,10401343571,10401343749,1,"IOTHUB_CLIENT_CONFIRMATION_OK"
1079,10401343771,10401343806,1,"IOTHUB_CLIENT_CONFIRMATION_OK"
1080,10401343971,10401344008,1,"IOTHUB_CLIENT_CONFIRMATION_OK"
1081,10401344172,10401344204,1,"IOTHUB_CLIENT_CONFIRMATION_OK"
1082,10401344372,10401344402,1,"IOTHUB_CLIENT_CONFIRMATION_OK"
1083,10401344572,10401344602,1,"IOTHUB_CLIENT_CONFIRMATION_OK"
1084,10401344772,10401344806,1,"IOTHUB_CLIENT_CONFIRMATION_OK"
1085,10401344972,10401345010,1,"IOTHUB_CLIENT_CONFIRMATION_OK"
1086,10401345172,10401345208,1,"IOTHUB_CLIENT_CONFIRMATION_OK"
1087,10401345373,10401345404,1,"IOTHUB_CLIENT_CONFIRMATION_OK"
1088,10401345573,10401345611,1,"IOTHUB_CLIENT_CONFIRMATION_OK"
1089,10401345773,10401345809,1,"IOTHUB_CLIENT_CONFIRMATION_OK"
1090,10401345973,10401346005,1,"IOTHUB_CLIENT_CONFIRMATION_OK"
1091,10401346173,10401346285,1,"IOTHUB_CLIENT_CONFIRMATION_OK"
1092,10401346373,10401346404,1,"IOTHUB_CLIENT_CONFIRMATION_OK"
1093,10401346573,10401346611,1,"IOTHUB_CLIENT_CONFIRMATION_OK"
1094,10401346774,10401346862,1,"IOTHUB_CLIENT_CONFIRMATION_OK"
1095,10401346974,10401347043,1,"IOTHUB_CLIENT_CONFIRMATION_OK"
1096,10401347174,10401347265,1,"IOTHUB_CLIENT_CONFIRMATION_OK"
1097,10401347374,10401347403,1,"IOTHUB_CLIENT_CONFIRMATION_OK"
1098,10401347574,10401347612,1,"IOTHUB_CLIENT_CONFIRMATION_OK"
1099,10401347774,10401347899,1,"IOTHUB_CLIENT_CONFIRMATION_OK"
1100,10401347975,10401348005,1,"IOTHUB_CLIENT_CONFIRMATION_OK"
1101,10401348175,10401348214,1,"IOTHUB_CLIENT_CONFIRMATION_OK"
1102,10401348375,10401348406,1,"IOTHUB_CLIENT_CONFIRMATION_OK"
1103,10401348575,10401348610,1,"IOTHUB_CLIENT_CONFIRMATION_OK"
1104,10401348775,10401348916,1,"IOTHUB_CLIENT_CONFIRMATION_OK"
1105,10401348975,10401349007,1,"IOTHUB_CLIENT_CONFIRMATION_OK"
1106,10401349175,10401349209,1,"IOTHUB_CLIENT_CONFIRMATION_OK"
1107,10401349376,10401349469,1,"IOTHUB_CLIENT_CONFIRMATION_OK"
1108,10401349576,10401349605,1,"IOTHUB_CLIENT_CONFIRMATION_OK"
1109,10401349776,10401349941,1,"IOTHUB_CLIENT_CONFIRMATION_OK"
1110,10401349976,10401350009,1,"IOTHUB_CLIENT_CONFIRMATION_OK"
1111,10401350176,10401350213,1,"IOTHUB_CLIENT_CONFIRMATION_OK"
1112,10401350376,10401350415,1,"IOTHUB_CLIENT_CONFIRMATION_OK"
1113,10401350577,10401350612,1,"IOTHUB_CLIENT_CONFIRMATION_OK"
1114,10401350777,10401350942,1,"IOTHUB_CLIENT_CONFIRMATION_OK"
1115,10401350977,10401351008,1,"IOTHUB_CLIENT_CONFIRMATION_OK"
1116,10401351177,10401351210,1,"IOTHUB_CLIENT_CONFIRMATION_OK"
1117,10401351377,10401351414,1,"IOTHUB_CLIENT_CONFIRMATION_OK"
1118,10401351577,10401351629,1,"IOTHUB_CLIENT_CONFIRMATION_OK"
1119,10401351778,10401351826,1,"IOTHUB_CLIENT_CONFIRMATION_OK"
1120,10401351978,10401352016,1,"IOTHUB_CLIENT_CONFIRMATION_OK"
1121,10401352178,10401352210,1,"IOTHUB_CLIENT_CONFIRMATION_OK"
1122,10401352378,10401352415,1,"IOTHUB_CLIENT_CONFIRMATION_OK"
1123,10401352578,10401352608,1,"IOTHUB_CLIENT_CONFIRMATION_OK"
1124,10401352778,10401352815,1,"IOTHUB_CLIENT_CONFIRMATION_OK"
1125,10401352978,10401353055,1,"IOTHUB_CLIENT_CONFIRMATION_OK"
1126,10401353179,10401353212,1,"IOTHUB_CLIENT_CONFIRMATION_OK"
1127,10401353379,10401353450,1,"IOTHUB_CLIENT_CONFIRMATION_OK"
1128,10401353579,10401353607,1,"IOTHUB_CLIENT_CONFIRMATION_OK"
1129,10401353779,10401353818,1,"IOTHUB_CLIENT_CONFIRMATION_OK"
1130,10401353979,10401354067,1,"IOTHUB_CLIENT_CONFIRMATION_OK"
1131,10401354179,10401354209,1,"IOTHUB_CLIENT_CONFIRMATION_OK"
1132,10401354380,10401354413,1,"IOTHUB_CLIENT_CONFIRMATION_OK"
1133,10401354580,10401354621,1,"IOTHUB_CLIENT_CONFIRMATION_OK"
1134,10401354780,10401354814,1,"IOTHUB_CLIENT_CONFIRMATION_OK"
1135,10401354980,10401355075,1,"IOTHUB_CLIENT_CONFIRMATION_OK"
1136,10401355180,10401355213,1,"IOTHUB_CLIENT_CONFIRMATION_OK"
1137,10401355380,10401355409,1,"IOTHUB_CLIENT_CONFIRMATION_OK"
1138,10401355581,10401355669,1,"IOTHUB_CLIENT_CONFIRMATION_OK"
1139,10401355781,10401356104,1,"IOTHUB_CLIENT_CONFIRMATION_OK"
1140,10401355981,10401356281,1,"IOTHUB_CLIENT_CONFIRMATION_OK"
1141,10401356181,10401356311,1,"IOTHUB_CLIENT_CONFIRMATION_OK"
1142,10401356381,10401356544,1,"IOTHUB_CLIENT_CONFIRMATION_OK"
1143,10401356581,10401356670,1,"IOTHUB_CLIENT_CONFIRMATION_OK"
1144,10401356781,10401356816,1,"IOTHUB_CLIENT_CONFIRMATION_OK"
1145,10401356982,10401357173,1,"IOTHUB_CLIENT_CONFIRMATION_OK"
1146,10401357182,10401357221,1,"IOTHUB_CLIENT_CONFIRMATION_OK"
1147,10401357382,10401357422,1,"IOTHUB_CLIENT_CONFIRMATION_OK"
1148,10401357582,10401357617,1,"IOTHUB_CLIENT_CONFIRMATION_OK"
1149,10401357782,10401357811,1,"IOTHUB_CLIENT_CONFIRMATION_OK"
1150,10401357982,10401358023,1,"IOTHUB_CLIENT_CONFIRMATION_OK"
1151,10401358183,10401358220,1,"IOTHUB_CLIENT_CONFIRMATION_OK"
1152,10401358383,10401358415,1,"IOTHUB_CLIENT_CONFIRMATION_OK"
1153,10401358583,10401358642,1,"IOTHUB_CLIENT_CONFIRMATION_OK"
1154,10401358783,10401358837,1,"IOTHUB_CLIENT_CONFIRMATION_OK"
1155,10401358983,10401359013,1,"IOTHUB_CLIENT_CONFIRMATION_OK"
1156,10401359183,10401359223,1,"IOTHUB_CLIENT_CONFIRMATION_OK"
1157,10401359384,10401359417,1,"IOTHUB_CLIENT_CONFIRMATION_OK"
1158,10401359584,10401359624,1,"IOTHUB_CLIENT_CONFIRMATION_OK"
1159,10401359784,10401359815,1,"IOTHUB_CLIENT_CONFIRMATION_OK"
1160,10401359984,10401360029,1,"IOTHUB_CLIENT_CONFIRMATION_OK"
1161,10401360184,10401360249,1,"IOTHUB_CLIENT_CONFIRMATION_OK"
1162,10401360384,10401360418,1,"IOTHUB_CLIENT_CONFIRMATION_OK"
1163,10401360585,10401360616,1,"IOTHUB_CLIENT_CONFIRMATION_OK"
1164,10401360785,10401360815,1,"IOTHUB_CLIENT_CONFIRMATION_OK"
1165,10401360985,10401361021,1,"IOTHUB_CLIENT_CONFIRMATION_OK"
1166,10401361185,10401361294,1,"IOTHUB_CLIENT_CONFIRMATION_OK"
1167,10401361385,10401361413,1,"IOTHUB_CLIENT_CONFIRMATION_OK"
1168,10401361585,10401361616,1,"IOTHUB_CLIENT_CONFIRMATION_OK"
1169,10401361785,10401361877,1,"IOTHUB_CLIENT_CONFIRMATION_OK"
1170,10401361986,10401362059,1,"IOTHUB_CLIENT_CONFIRMATION_OK"
1171,10401362186,10401362297,1,"IOTHUB_CLIENT_CONFIRMATION_OK"
1172,10401362386,10401362416,1,"IOTHUB_CLIENT_CONFIRMATION_OK"
1173,10401362586,10401362621,1,"IOTHUB_CLIENT_CONFIRMATION_OK"
1174,10401362786,10401362894,1,"IOTHUB_CLIENT_CONFIRMATION_OK"
1175,10401362986,10401363021,1,"IOTHUB_CLIENT_CONFIRMATION_OK"
1176,10401363187,10401363218,1,"IOTHUB_CLIENT_CONFIRMATION_OK"
1177,10401363387,10401363423,1,"IOTHUB_CLIENT_CONFIRMATION_OK"
1178,10401363587,10401363621,1,"IOTHUB_CLIENT_CONFIRMATION_OK"
1179,10401363787,10401363821,1,"IOTHUB_CLIENT_CONFIRMATION_OK"
1180,10401363987,10401364018,1,"IOTHUB_CLIENT_CONFIRMATION_OK"
1181,10401364187,10401364222,1,"IOTHUB_CLIENT_CONFIRMATION_OK"
1182,10401364388,10401364419,1,"IOTHUB_CLIENT_CONFIRMATION_OK"
1183,10401364588,10401364659,1,"IOTHUB_CLIENT_CONFIRMATION_OK"
1184,10401364788,10401364871,1,"IOTHUB_CLIENT_CONFIRMATION_OK"
1185,10401364988,10401365017,1,"IOTHUB_CLIENT_CONFIRMATION_OK"
1186,10401365188,10401365222,1,"IOTHUB_CLIENT_CONFIRMATION_OK"
1187,10401365388,10401365480,1,"IOTHUB_CLIENT_CONFIRMATION_OK"
1188,10401365588,10401365617,1,"IOTHUB_CLIENT_CONFIRMATION_OK"
1189,10401365789,10401365872,1,"IOTHUB_CLIENT_CONFIRMATION_OK"
1190,10401365989,10401366039,1,"IOTHUB_CLIENT_CONFIRMATION_OK"
1191,10401366189,10401366227,1,"IOTHUB_CLIENT_CONFIRMATION_OK"
1192,10401366389,10401366492,1,"IOTHUB_CLIENT_CONFIRMATION_OK"
1193,10401366589,10401366642,1,"IOTHUB_CLIENT_CONFIRMATION_OK"
1194,10401366789,10401366834,1,"IOTHUB_CLIENT_CONFIRMATION_OK"
1195,10401366990,10401367019,1,"IOTHUB_CLIENT_CONFIRMATION_OK"
1196,10401367190,10401367228,1,"IOTHUB_CLIENT_CONFIRMATION_OK"
1197,10401367390,10401367497,1,"IOTHUB_CLIENT_CONFIRMATION_OK"
1198,10401367590,10401367622,1,"IOTHUB_CLIENT_CONFIRMATION_OK"
1199,10401367790,10401367823,1,"IOTHUB_CLIENT_CONFIRMATION_OK"
1200,10401367990,10401368109,1,"IOTHUB_CLIENT_CONFIRMATION_OK"
1201,10401368191,10401368224,1,"IOTHUB_CLIENT_CONFIRMATION_OK"
1202,10401368391,10401368422,1,"IOTHUB_CLIENT_CONFIRMATION_OK"
1203,10401368591,10401368624,1,"IOTHUB_CLIENT_CONFIRMATION_OK"
1204,10401368791,10401368854,1,"IOTHUB_CLIENT_CONFIRMATION_OK"
1205,10401368991,10401369021,1,"IOTHUB_CLIENT_CONFIRMATION_OK"
1206,10401369195,10401369227,1,"IOTHUB_CLIENT_CONFIRMATION_OK"
1207,10401369395,10401369438,1,"IOTHUB_CLIENT_CONFIRMATION_OK"
1208,10401369595,10401369627,1,"IOTHUB_CLIENT_CONFIRMATION_OK"
1209,10401369795,10401369828,1,"IOTHUB_CLIENT_CONFIRMATION_OK"
1210,10401369995,10401370076,1,"IOTHUB_CLIENT_CONFIRMATION_OK"
1211,10401370195,10401370239,1,"IOTHUB_CLIENT_CONFIRMATION_OK"
1212,10401370396,10401370429,1,"IOTHUB_CLIENT_CONFIRMATION_OK"
1213,10401370596,10401370627,1,"IOTHUB_CLIENT_CONFIRMATION_OK"
1214,10401370796,10401370839,1,"IOTHUB_CLIENT_CONFIRMATION_OK"
1215,10401370996,10401371129,1,"IOTHUB_CLIENT_CONFIRMATION_OK"
1216,10401371196,10401371344,1,"IOTHUB_CLIENT_CONFIRMATION_OK"
1217,10401371396,10401371429,1,"IOTHUB_CLIENT_CONFIRMATION_OK"
1218,10401371597,10401371632,1,"IOTHUB_CLIENT_CONFIRMATION_OK"
1219,10401371797,10401371832,1,"IOTHUB_CLIENT_CONFIRMATION_OK"
1220,10401371997,10401372183,1,"IOTHUB_CLIENT_CONFIRMATION_OK"
1221,10401372197,10401372227,1,"IOTHUB_CLIENT_CONFIRMATION_OK"
1222,10401372397,10401372429,1,"IOTHUB_CLIENT_CONFIRMATION_OK"
1223,10401372597,10401372644,1,"IOTHUB_CLIENT_CONFIRMATION_OK"
1224,10401372798,10401372828,1,"IOTHUB_CLIENT_CONFIRMATION_OK"
1225,10401372998,10401373027,1,"IOTHUB_CLIENT_CONFIRMATION_OK"
1226,10401373198,10401373229,1,"IOTHUB_CLIENT_CONFIRMATION_OK"
1227,10401373398,10401373429,1,"IOTHUB_CLIENT_CONFIRMATION_OK"
1228,10401373598,10401373656,1,"IOTHUB_CLIENT_CONFIRMATION_OK"
1229,10401373798,10401373828,1,"IOTHUB_CLIENT_CONFIRMATION_OK"
1230,10401373999,10401374028,1,"IOTHUB_CLIENT_CONFIRMATION_OK"
1231,10401374199,10401374240,1,"IOTHUB_CLIENT_CONFIRMATION_OK"
1232,10401374399,10401374431,1,"IOTHUB_CLIENT_CONFIRMATION_OK"
1233,10401374599,10401374632,1,"IOTHUB_CLIENT_CONFIRMATION_OK"
1234,10401374799,10401374828,1,"IOTHUB_CLIENT_CONFIRMATION_OK"
1235,10401374999,10401375036,1,"IOTHUB_CLIENT_CONFIRMATION_OK"
1236,10401375199,10401375240,1,"IOTHUB_CLIENT_CONFIRMATION_OK"
1237,10401375400,10401375452,1,"IOTHUB_CLIENT_CONFIRMATION_OK"
1238,10401375600,10401375648,1,"IOTHUB_CLIENT_CONFIRMATION_OK"
1239,10401375800,10401375850,1,"IOTHUB_CLIENT_CONFIRMATION_OK"
1240,10401376000,10401376036,1,"IOTHUB_CLIENT_CONFIRMATION_OK"
1241,10401376200,10401376233,1,"IOTHUB_CLIENT_CONFIRMATION_OK"
1242,10401376400,10401376455,1,"IOTHUB_CLIENT_CONFIRMATION_OK"
1243,10401376601,10401376631,1,"IOTHUB_CLIENT_CONFIRMATION_OK"
1244,10401376801,10401376871,1,"IOTHUB_CLIENT_CONFIRMATION_OK"
1245,10401377001,10401377034,1,"IOTHUB_CLIENT_CONFIRMATION_OK"
1246,10401377201,10401377266,1,"IOTHUB_CLIENT_CONFIRMATION_OK"
1247,10401377401,10401377436,1,"IOTHUB_CLIENT_CONFIRMATION_OK"
1248,10401377601,10401377629,1,"IOTHUB_CLIENT_CONFIRMATION_OK"
1249,10401377802,10401377877,1,"IOTHUB_CLIENT_CONFIRMATION_OK"
1250,10401378002,10401378038,1,"IOTHUB_CLIENT_CONFIRMATION_OK"
1251,10401378202,10401378294,1,"IOTHUB_CLIENT_CONFIRMATION_OK"
1252,10401378402,10401378430,1,"IOTHUB_CLIENT_CONFIRMATION_OK"
1253,10401378602,10401378641,1,"IOTHUB_CLIENT_CONFIRMATION_OK"
1254,10401378802,10401378899,1,"IOTHUB_CLIENT_CONFIRMATION_OK"
1255,10401379002,10401379042,1,"IOTHUB_CLIENT_CONFIRMATION_OK"
1256,10401379203,10401379242,1,"IOTHUB_CLIENT_CONFIRMATION_OK"
1257,10401379403,10401379441,1,"IOTHUB_CLIENT_CONFIRMATION_OK"
1258,10401379603,10401379673,1,"IOTHUB_CLIENT_CONFIRMATION_OK"
1259,10401379803,10401379956,1,"IOTHUB_CLIENT_CONFIRMATION_OK"
1260,10401380003,10401380044,1,"IOTHUB_CLIENT_CONFIRMATION_OK"
1261,10401380203,10401380236,1,"IOTHUB_CLIENT_CONFIRMATION_OK"
1262,10401380403,10401380440,1,"IOTHUB_CLIENT_CONFIRMATION_OK"
1263,10401380604,10401380642,1,"IOTHUB_CLIENT_CONFIRMATION_OK"
1264,10401380804,10401380950,1,"IOTHUB_CLIENT_CONFIRMATION_OK"
1265,10401381004,10401381053,1,"IOTHUB_CLIENT_CONFIRMATION_OK"
1266,10401381204,10401381231,1,"IOTHUB_CLIENT_CONFIRMATION_OK"
1267,10401381404,10401381433,1,"IOTHUB_CLIENT_CONFIRMATION_OK"
1268,10401381604,10401381637,1,"IOTHUB_CLIENT_CONFIRMATION_OK"
1269,10401381805,10401381834,1,"IOTHUB_CLIENT_CONFIRMATION_OK"
1270,10401382005,10401382035,1,"IOTHUB_CLIENT_CONFIRMATION_OK"
1271,10401382205,10401382235,1,"IOTHUB_CLIENT_CONFIRMATION_OK"
1272,10401382405,10401382659,1,"IOTHUB_CLIENT_CONFIRMATION_OK"
1273,10401382605,10401382679,1,"IOTHUB_CLIENT_CONFIRMATION_OK"
1274,10401382805,10401382836,1,"IOTHUB_CLIENT_CONFIRMATION_OK"
1275,10401383006,10401383081,1,"IOTHUB_CLIENT_CONFIRMATION_OK"
1276,10401383206,10401383247,1,"IOTHUB_CLIENT_CONFIRMATION_OK"
1277,10401383406,10401383483,1,"IOTHUB_CLIENT_CONFIRMATION_OK"
1278,10401383606,10401383638,1,"IOTHUB_CLIENT_CONFIRMATION_OK"
1279,10401383806,10401383839,1,"IOTHUB_CLIENT_CONFIRMATION_OK"
1280,10401384006,10401384112,1,"IOTHUB_CLIENT_CONFIRMATION_OK"
1281,10401384206,10401384238,1,"IOTHUB_CLIENT_CONFIRMATION_OK"
1282,10401384407,10401384451,1,"IOTHUB_CLIENT_CONFIRMATION_OK"
1283,10401384607,10401384641,1,"IOTHUB_CLIENT_CONFIRMATION_OK"
1284,10401384807,10401384840,1,"IOTHUB_CLIENT_CONFIRMATION_OK"
1285,10401385007,10401385109,1,"IOTHUB_CLIENT_CONFIRMATION_OK"
1286,10401385207,10401385240,1,"IOTHUB_CLIENT_CONFIRMATION_OK"
1287,10401385407,10401385451,1,"IOTHUB_CLIENT_CONFIRMATION_OK"
1288,10401385608,10401385647,1,"IOTHUB_CLIENT_CONFIRMATION_OK"
1289,10401385808,10401385866,1,"IOTHUB_CLIENT_CONFIRMATION_OK"
1290,10401386008,10401386170,1,"IOTHUB_CLIENT_CONFIRMATION_OK"
1291,10401386208,10401386237,1,"IOTHUB_CLIENT_CONFIRMATION_OK"
1292,10401386408,10401386437,1,"IOTHUB_CLIENT_CONFIRMATION_OK"
1293,10401386608,10401386661,1,"IOTHUB_CLIENT_CONFIRMATION_OK"
1294,10401386809,10401386839,1,"IOTHUB_CLIENT_CONFIRMATION_OK"
1295,10401387009,10401387039,1,"IOTHUB_CLIENT_CONFIRMATION_OK"
1296,10401387209,10401387243,1,"IOTHUB_CLIENT_CONFIRMATION_OK"
1297,10401387409,10401387439,1,"IOTHUB_CLIENT_CONFIRMATION_OK"
1298,10401387609,10401387657,1,"IOTHUB_CLIENT_CONFIRMATION_OK"
1299,10401387809,10401387840,1,"IOTHUB_CLIENT_CONFIRMATION_OK"
1300,10401388009,10401388041,1,"IOTHUB_CLIENT_CONFIRMATION_OK"
1301,10401388210,10401388274,1,"IOTHUB_CLIENT_CONFIRMATION_OK"
1302,10401388410,10401388440,1,"IOTHUB_CLIENT_CONFIRMATION_OK"
1303,10401388610,10401388674,1,"IOTHUB_CLIENT_CONFIRMATION_OK"
1304,10401388810,10401388844,1,"IOTHUB_CLIENT_CONFIRMATION_OK"
1305,10401389010,10401389043,1,"IOTHUB_CLIENT_CONFIRMATION_OK"
1306,10401389210,10401389296,1,"IOTHUB_CLIENT_CONFIRMATION_OK"
1307,10401389411,10401389443,1,"IOTHUB_CLIENT_CONFIRMATION_OK"
1308,10401389611,10401389694,1,"IOTHUB_CLIENT_CONFIRMATION_OK"
1309,10401389811,10401389839,1,"IOTHUB_CLIENT_CONFIRMATION_OK"
1310,10401390011,10401390046,1,"IOTHUB_CLIENT_CONFIRMATION_OK"
1311,10401390211,10401390300,1,"IOTHUB_CLIENT_CONFIRMATION_OK"
1312,10401390411,10401390451,1,"IOTHUB_CLIENT_CONFIRMATION_OK"
1313,10401390612,10401390640,1,"IOTHUB_CLIENT_CONFIRMATION_OK"
1314,10401390812,10401390856,1,"IOTHUB_CLIENT_CONFIRMATION_OK"
1315,10401391012,10401391039,1,"IOTHUB_CLIENT_CONFIRMATION_OK"
1316,10401391212,10401391319,1,"IOTHUB_CLIENT_CONFIRMATION_OK"
1317,10401391412,10401391475,1,"IOTHUB_CLIENT_CONFIRMATION_OK"
1318,10401391612,10401391656,1,"IOTHUB_CLIENT_CONFIRMATION_OK"
1319,10401391813,10401391862,1,"IOTHUB_CLIENT_CONFIRMATION_OK"
1320,10401392013,10401392045,1,"IOTHUB_CLIENT_CONFIRMATION_OK"
1321,10401392213,10401392327,1,"IOTHUB_CLIENT_CONFIRMATION_OK"
1322,10401392413,10401392454,1,"IOTHUB_CLIENT_CONFIRMATION_OK"
1323,10401392613,10401392656,1,"IOTHUB_CLIENT_CONFIRMATION_OK"
1324,10401392813,10401392952,1,"IOTHUB_CLIENT_CONFIRMATION_OK"
1325,10401393014,10401393044,1,"IOTHUB_CLIENT_CONFIRMATION_OK"
1326,10401393214,10401393478,1,"IOTHUB_CLIENT_CONFIRMATION_OK"
1327,10401393414,10401393505,1,"IOTHUB_CLIENT_CONFIRMATION_OK"
1328,10401393614,10401393642,1,"IOTHUB_CLIENT_CONFIRMATION_OK"
1329,10401393814,10401393890,1,"IOTHUB_CLIENT_CONFIRMATION_OK"
1330,10401394014,10401394054,1,"IOTHUB_CLIENT_CONFIRMATION_OK"
1331,10401394215,10401394244,1,"IOTHUB_CLIENT_CONFIRMATION_OK"
1332,10401394415,10401394444,1,"IOTHUB_CLIENT_CONFIRMATION_OK"
1333,10401394615,10401394645,1,"IOTHUB_CLIENT_CONFIRMATION_OK"
1334,10401394815,10401394908,1,"IOTHUB_CLIENT_CONFIRMATION_OK"
1335,10401395015,10401395044,1,"IOTHUB_CLIENT_CONFIRMATION_OK"
1336,10401395215,10401395246,1,"IOTHUB_CLIENT_CONFIRMATION_OK"
1337,10401395416,10401395526,1,"IOTHUB_CLIENT_CONFIRMATION_OK"
1338,10401395616,10401395645,1,"IOTHUB_CLIENT_CONFIRMATION_OK"
1339,10401395816,10401395918,1,"IOTHUB_CLIENT_CONFIRMATION_OK"
1340,10401396016,10401396098,1,"IOTHUB_CLIENT_CONFIRMATION_OK"
1341,10401396216,10401396255,1,"IOTHUB_CLIENT_CONFIRMATION_OK"
1342,10401396416,10401396539,1,"IOTHUB_CLIENT_CONFIRMATION_OK"
1343,10401396616,10401396654,1,"IOTHUB_CLIENT_CONFIRMATION_OK"
1344,10401396817,10401396846,1,"IOTHUB_CLIENT_CONFIRMATION_OK"
1345,10401397017,10401397058,1,"IOTHUB_CLIENT_CONFIRMATION_OK"
1346,10401397217,10401397248,1,"IOTHUB_CLIENT_CONFIRMATION_OK"
1347,10401397417,10401397549,1,"IOTHUB_CLIENT_CONFIRMATION_OK"
1348,10401397617,10401397652,1,"IOTHUB_CLIENT_CONFIRMATION_OK"
1349,10401397817,10401397860,1,"IOTHUB_CLIENT_CONFIRMATION_OK"
1350,10401398022,10401398055,1,"IOTHUB_CLIENT_CONFIRMATION_OK"
1351,10401398222,10401398254,1,"IOTHUB_CLIENT_CONFIRMATION_OK"
1352,10401398422,10401398628,1,"IOTHUB_CLIENT_CONFIRMATION_OK"
1353,10401398622,10401398661,1,"IOTHUB_CLIENT_CONFIRMATION_OK"
1354,10401398822,10401398861,1,"IOTHUB_CLIENT_CONFIRMATION_OK"
1355,10401399022,10401399052,1,"IOTHUB_CLIENT_CONFIRMATION_OK"
1356,10401399223,10401399254,1,"IOTHUB_CLIENT_CONFIRMATION_OK"
1357,10401399423,10401399454,1,"IOTHUB_CLIENT_CONFIRMATION_OK"
1358,10401399623,10401399653,1,"IOTHUB_CLIENT_CONFIRMATION_OK"
1359,10401399823,10401399859,1,"IOTHUB_CLIENT_CONFIRMATION_OK"
1360,10401400023,10401400205,1,"IOTHUB_CLIENT_CONFIRMATION_OK"
1361,10401400223,10401400255,1,"IOTHUB_CLIENT_CONFIRMATION_OK"
1362,10401400424,10401400457,1,"IOTHUB_CLIENT_CONFIRMATION_OK"
1363,10401400624,10401400655,1,"IOTHUB_CLIENT_CONFIRMATION_OK"
1364,10401400824,10401400853,1,"IOTHUB_CLIENT_CONFIRMATION_OK"
1365,10401401024,10401401057,1,"IOTHUB_CLIENT_CONFIRMATION_OK"
1366,10401401224,10401401258,1,"IOTHUB_CLIENT_CONFIRMATION_OK"
1367,10401401424,10401401454,1,"IOTHUB_CLIENT_CONFIRMATION_OK"
1368,10401401625,10401401654,1,"IOTHUB_CLIENT_CONFIRMATION_OK"
1369,10401401825,10401401890,1,"IOTHUB_CLIENT_CONFIRMATION_OK"
1370,10401402025,10401402225,1,"IOTHUB_CLIENT_CONFIRMATION_OK"
1371,10401402225,10401402256,1,"IOTHUB_CLIENT_CONFIRMATION_OK"
1372,10401402425,10401402456,1,"IOTHUB_CLIENT_CONFIRMATION_OK"
1373,10401402625,10401402658,1,"IOTHUB_CLIENT_CONFIRMATION_OK"
1374,10401402826,10401402859,1,"IOTHUB_CLIENT_CONFIRMATION_OK"
1375,10401403026,10401403055,1,"IOTHUB_CLIENT_CONFIRMATION_OK"
1376,10401403226,10401403266,1,"IOTHUB_CLIENT_CONFIRMATION_OK"
1377,10401403426,10401403455,1,"IOTHUB_CLIENT_CONFIRMATION_OK"
1378,10401403626,10401403669,1,"IOTHUB_CLIENT_CONFIRMATION_OK"
1379,10401403826,10401403856,1,"IOTHUB_CLIENT_CONFIRMATION_OK"
1380,10401404026,10401404069,1,"IOTHUB_CLIENT_CONFIRMATION_OK"
1381,10401404227,10401404281,1,"IOTHUB_CLIENT_CONFIRMATION_OK"
1382,10401404427,10401404456,1,"IOTHUB_CLIENT_CONFIRMATION_OK"
1383,10401404627,10401404658,1,"IOTHUB_CLIENT_CONFIRMATION_OK"
1384,10401404827,10401404871,1,"IOTHUB_CLIENT_CONFIRMATION_OK"
1385,10401405027,10401405072,1,"IOTHUB_CLIENT_CONFIRMATION_OK"
1386,10401405227,10401405286,1,"IOTHUB_CLIENT_CONFIRMATION_OK"
1387,10401405428,10401405458,1,"IOTHUB_CLIENT_CONFIRMATION_OK"
1388,10401405628,10401405663,1,"IOTHUB_CLIENT_CONFIRMATION_OK"
1389,10401405828,10401405878,1,"IOTHUB_CLIENT_CONFIRMATION_OK"
1390,10401406028,10401406061,1,"IOTHUB_CLIENT_CONFIRMATION_OK"
1391,10401406228,10401406295,1,"IOTHUB_CLIENT_CONFIRMATION_OK"
1392,10401406428,10401406467,1,"IOTHUB_CLIENT_CONFIRMATION_OK"
1393,10401406629,10401406684,1,"IOTHUB_CLIENT_CONFIRMATION_OK"
1394,10401406829,10401407026,1,"IOTHUB_CLIENT_CONFIRMATION_OK"
1395,10401407029,10401407057,1,"IOTHUB_CLIENT_CONFIRMATION_OK"
1396,10401407229,10401407310,1,"IOTHUB_CLIENT_CONFIRMATION_OK"
1397,10401407429,10401407484,1,"IOTHUB_CLIENT_CONFIRMATION_OK"
1398,10401407629,10401407657,1,"IOTHUB_CLIENT_CONFIRMATION_OK"
1399,10401407830,10401407919,1,"IOTHUB_CLIENT_CONFIRMATION_OK"
1400,10401408030,10401408059,1,"IOTHUB_CLIENT_CONFIRMATION_OK"
1401,10401408230,10401408325,1,"IOTHUB_CLIENT_CONFIRMATION_OK"
1402,10401408430,10401408459,1,"IOTHUB_CLIENT_CONFIRMATION_OK"
1403,10401408630,10401408657,1,"IOTHUB_CLIENT_CONFIRMATION_OK"
1404,10401408830,10401408948,1,"IOTHUB_CLIENT_CONFIRMATION_OK"
1405,10401409031,10401409064,1,"IOTHUB_CLIENT_CONFIRMATION_OK"
1406,10401409231,10401409263,1,"IOTHUB_CLIENT_CONFIRMATION_OK"
1407,10401409431,10401409460,1,"IOTHUB_CLIENT_CONFIRMATION_OK"
1408,10401409631,10401409680,1,"IOTHUB_CLIENT_CONFIRMATION_OK"
1409,10401409831,10401409971,1,"IOTHUB_CLIENT_CONFIRMATION_OK"
1410,10401410031,10401410063,1,"IOTHUB_CLIENT_CONFIRMATION_OK"
1411,10401410232,10401410262,1,"IOTHUB_CLIENT_CONFIRMATION_OK"
1412,10401410432,10401410475,1,"IOTHUB_CLIENT_CONFIRMATION_OK"
1413,10401410632,10401410666,1,"IOTHUB_CLIENT_CONFIRMATION_OK"
1414,10401410832,10401411034,1,"IOTHUB_CLIENT_CONFIRMATION_OK"
1415,10401411032,10401411067,1,"IOTHUB_CLIENT_CONFIRMATION_OK"
1416,10401411232,10401411264,1,"IOTHUB_CLIENT_CONFIRMATION_OK"
1417,10401411432,10401411461,1,"IOTHUB_CLIENT_CONFIRMATION_OK"
1418,10401411633,10401411662,1,"IOTHUB_CLIENT_CONFIRMATION_OK"
1419,10401411833,10401411866,1,"IOTHUB_CLIENT_CONFIRMATION_OK"
1420,10401412033,10401412067,1,"IOTHUB_CLIENT_CONFIRMATION_OK"
1421,10401412233,10401412262,1,"IOTHUB_CLIENT_CONFIRMATION_OK"
1422,10401412433,10401412473,1,"IOTHUB_CLIENT_CONFIRMATION_OK"
1423,10401412633,10401412667,1,"IOTHUB_CLIENT_CONFIRMATION_OK"
1424,10401412834,10401412880,1,"IOTHUB_CLIENT_CONFIRMATION_OK"
1425,10401413034,10401413063,1,"IOTHUB_CLIENT_CONFIRMATION_OK"
1426,10401413234,10401413264,1,"IOTHUB_CLIENT_CONFIRMATION_OK"
1427,10401413434,10401413510,1,"IOTHUB_CLIENT_CONFIRMATION_OK"
1428,10401413634,10401413668,1,"IOTHUB_CLIENT_CONFIRMATION_OK"
1429,10401413834,10401413904,1,"IOTHUB_CLIENT_CONFIRMATION_OK"
1430,10401414034,10401414072,1,"IOTHUB_CLIENT_CONFIRMATION_OK"
1431,10401414235,10401414265,1,"IOTHUB_CLIENT_CONFIRMATION_OK"
1432,10401414435,10401414514,1,"IOTHUB_CLIENT_CONFIRMATION_OK"
1433,10401414635,10401414669,1,"IOTHUB_CLIENT_CONFIRMATION_OK"
1434,10401414835,10401414935,1,"IOTHUB_CLIENT_CONFIRMATION_OK"
1435,10401415035,10401415066,1,"IOTHUB_CLIENT_CONFIRMATION_OK"
1436,10401415235,10401415318,1,"IOTHUB_CLIENT_CONFIRMATION_OK"
1437,10401415436,10401415463,1,"IOTHUB_CLIENT_CONFIRMATION_OK"
1438,10401415636,10401415672,1,"IOTHUB_CLIENT_CONFIRMATION_OK"
1439,10401415836,10401415864,1,"IOTHUB_CLIENT_CONFIRMATION_OK"
1440,10401416036,10401416116,1,"IOTHUB_CLIENT_CONFIRMATION_OK"
1441,10401416236,10401416267,1,"IOTHUB_CLIENT_CONFIRMATION_OK"
1442,10401416436,10401416470,1,"IOTHUB_CLIENT_CONFIRMATION_OK"
1443,10401416637,10401416780,1,"IOTHUB_CLIENT_CONFIRMATION_OK"
1444,10401416837,10401416867,1,"IOTHUB_CLIENT_CONFIRMATION_OK"
1445,10401417037,10401417158,1,"IOTHUB_CLIENT_CONFIRMATION_OK"
1446,10401417237,10401417276,1,"IOTHUB_CLIENT_CONFIRMATION_OK"
1447,10401417437,10401417466,1,"IOTHUB_CLIENT_CONFIRMATION_OK"
1448,10401417637,10401417784,1,"IOTHUB_CLIENT_CONFIRMATION_OK"
1449,10401417837,10401417870,1,"IOTHUB_CLIENT_CONFIRMATION_OK"
1450,10401418038,10401418067,1,"IOTHUB_CLIENT_CONFIRMATION_OK"
1451,10401418238,10401418270,1,"IOTHUB_CLIENT_CONFIRMATION_OK"
1452,10401418438,10401418469,1,"IOTHUB_CLIENT_CONFIRMATION_OK"
1453,10401418638,10401418791,1,"IOTHUB_CLIENT_CONFIRMATION_OK"
1454,10401418838,10401418869,1,"IOTHUB_CLIENT_CONFIRMATION_OK"
1455,10401419038,10401419069,1,"IOTHUB_CLIENT_CONFIRMATION_OK"
1456,10401419239,10401419284,1,"IOTHUB_CLIENT_CONFIRMATION_OK"
1457,10401419439,10401419467,1,"IOTHUB_CLIENT_CONFIRMATION_OK"
1458,10401419639,10401419816,1,"IOTHUB_CLIENT_CONFIRMATION_OK"
1459,10401419839,10401419871,1,"IOTHUB_CLIENT_CONFIRMATION_OK"
1460,10401420039,10401420101,1,"IOTHUB_CLIENT_CONFIRMATION_OK"
1461,10401420239,10401420270,1,"IOTHUB_CLIENT_CONFIRMATION_OK"
1462,10401420440,10401420482,1,"IOTHUB_CLIENT_CONFIRMATION_OK"
1463,10401420640,10401420674,1,"IOTHUB_CLIENT_CONFIRMATION_OK"
1464,10401420840,10401420873,1,"IOTHUB_CLIENT_CONFIRMATION_OK"
1465,10401421040,10401421070,1,"IOTHUB_CLIENT_CONFIRMATION_OK"
1466,10401421240,10401421272,1,"IOTHUB_CLIENT_CONFIRMATION_OK"
1467,10401421440,10401421486,1,"IOTHUB_CLIENT_CONFIRMATION_OK"
1468,10401421641,10401421678,1,"IOTHUB_CLIENT_CONFIRMATION_OK"
1469,10401421841,10401421882,1,"IOTHUB_CLIENT_CONFIRMATION_OK"
1470,10401422041,10401422070,1,"IOTHUB_CLIENT_CONFIRMATION_OK"
1471,10401422241,10401422273,1,"IOTHUB_CLIENT_CONFIRMATION_OK"
1472,10401422441,10401422474,1,"IOTHUB_CLIENT_CONFIRMATION_OK"
1473,10401422641,10401422673,1,"IOTHUB_CLIENT_CONFIRMATION_OK"
1474,10401422842,10401422893,1,"IOTHUB_CLIENT_CONFIRMATION_OK"
1475,10401423042,10401423075,1,"IOTHUB_CLIENT_CONFIRMATION_OK"
1476,10401423242,10401423279,1,"IOTHUB_CLIENT_CONFIRMATION_OK"
1477,10401423442,10401423471,1,"IOTHUB_CLIENT_CONFIRMATION_OK"
1478,10401423642,10401423675,1,"IOTHUB_CLIENT_CONFIRMATION_OK"
1479,10401423842,10401423892,1,"IOTHUB_CLIENT_CONFIRMATION_OK"
1480,10401424042,10401424072,1,"IOTHUB_CLIENT_CONFIRMATION_OK"
1481,10401424243,10401424272,1,"IOTHUB_CLIENT_CONFIRMATION_OK"
1482,10401424443,10401424534,1,"IOTHUB_CLIENT_CONFIRMATION_OK"
1483,10401424643,10401424673,1,"IOTHUB_CLIENT_CONFIRMATION_OK"
1484,10401424843,10401424932,1,"IOTHUB_CLIENT_CONFIRMATION_OK"
1485,10401425043,10401425083,1,"IOTHUB_CLIENT_CONFIRMATION_OK"
1486,10401425243,10401425272,1,"IOTHUB_CLIENT_CONFIRMATION_OK"
1487,10401425444,10401425535,1,"IOTHUB_CLIENT_CONFIRMATION_OK"
1488,10401425644,10401425681,1,"IOTHUB_CLIENT_CONFIRMATION_OK"
1489,10401425844,10401425970,1,"IOTHUB_CLIENT_CONFIRMATION_OK"
1490,10401426044,10401426073,1,"IOTHUB_CLIENT_CONFIRMATION_OK"
1491,10401426244,10401426275,1,"IOTHUB_CLIENT_CONFIRMATION_OK"
1492,10401426444,10401426566,1,"IOTHUB_CLIENT_CONFIRMATION_OK"
1493,10401426645,10401426674,1,"IOTHUB_CLIENT_CONFIRMATION_OK"
1494,10401426845,10401426875,1,"IOTHUB_CLIENT_CONFIRMATION_OK"
1495,10401427045,10401427074,1,"IOTHUB_CLIENT_CONFIRMATION_OK"
1496,10401427245,10401427275,1,"IOTHUB_CLIENT_CONFIRMATION_OK"
1497,10401427445,10401427749,1,"IOTHUB_CLIENT_CONFIRMATION_OK"
1498,10401427645,10401427800,1,"IOTHUB_CLIENT_CONFIRMATION_OK"
1499,10401427846,10401427877,1,"IOTHUB_CLIENT_CONFIRMATION_OK"
1500,10401428046,10401428121,1,"IOTHUB_CLIENT_CONFIRMATION_OK"
1501,10401428246,10401428277,1,"IOTHUB_CLIENT_CONFIRMATION_OK"
1502,10401428446,10401428522,1,"IOTHUB_CLIENT_CONFIRMATION_OK"
1503,10401428646,10401428674,1,"IOTHUB_CLIENT_CONFIRMATION_OK"
1504,10401428846,10401428881,1,"IOTHUB_CLIENT_CONFIRMATION_OK"
1505,10401429046,10401429254,1,"IOTHUB_CLIENT_CONFIRMATION_OK"
1506,10401429247,10401429288,1,"IOTHUB_CLIENT_CONFIRMATION_OK"
1507,10401429447,10401429485,1,"IOTHUB_CLIENT_CONFIRMATION_OK"
1508,10401429647,10401429691,1,"IOTHUB_CLIENT_CONFIRMATION_OK"
1509,10401429847,10401429882,1,"IOTHUB_CLIENT_CONFIRMATION_OK"
1510,10401430047,10401430142,1,"IOTHUB_CLIENT_CONFIRMATION_OK"
1511,10401430247,10401430282,1,"IOTHUB_CLIENT_CONFIRMATION_OK"
1512,10401430447,10401430478,1,"IOTHUB_CLIENT_CONFIRMATION_OK"
1513,10401430648,10401430677,1,"IOTHUB_CLIENT_CONFIRMATION_OK"
1514,10401430848,10401430879,1,"IOTHUB_CLIENT_CONFIRMATION_OK"
1515,10401431048,10401431156,1,"IOTHUB_CLIENT_CONFIRMATION_OK"
1516,10401431248,10401431289,1,"IOTHUB_CLIENT_CONFIRMATION_OK"
1517,10401431448,10401431479,1,"IOTHUB_CLIENT_CONFIRMATION_OK"
1518,10401431648,10401431778,1,"IOTHUB_CLIENT_CONFIRMATION_OK"
1519,10401431849,10401431879,1,"IOTHUB_CLIENT_CONFIRMATION_OK"
1520,10401432049,10401432191,1,"IOTHUB_CLIENT_CONFIRMATION_OK"
1521,10401432249,10401432280,1,"IOTHUB_CLIENT_CONFIRMATION_OK"
1522,10401432449,10401432499,1,"IOTHUB_CLIENT_CONFIRMATION_OK"
1523,10401432649,10401432679,1,"IOTHUB_CLIENT_CONFIRMATION_OK"
1524,10401432849,10401432893,1,"IOTHUB_CLIENT_CONFIRMATION_OK"
1525,10401433049,10401433079,1,"IOTHUB_CLIENT_CONFIRMATION_OK"
1526,10401433250,10401433296,1,"IOTHUB_CLIENT_CONFIRMATION_OK"
1527,10401433450,10401433483,1,"IOTHUB_CLIENT_CONFIRMATION_OK"
1528,10401433650,10401433681,1,"IOTHUB_CLIENT_CONFIRMATION_OK"
1529,10401433850,10401433885,1,"IOTHUB_CLIENT_CONFIRMATION_OK"
1530,10401434050,10401434080,1,"IOTHUB_CLIENT_CONFIRMATION_OK"
1531,10401434250,10401434284,1,"IOTHUB_CLIENT_CONFIRMATION_OK"
1532,10401434451,10401434493,1,"IOTHUB_CLIENT_CONFIRMATION_OK"
1533,10401434651,10401434859,1,"IOTHUB_CLIENT_CONFIRMATION_OK"
1534,10401434851,10401434879,1,"IOTHUB_CLIENT_CONFIRMATION_OK"
1535,10401435051,10401435080,1,"IOTHUB_CLIENT_CONFIRMATION_OK"
1536,10401435251,10401435283,1,"IOTHUB_CLIENT_CONFIRMATION_OK"
1537,10401435451,10401435487,1,"IOTHUB_CLIENT_CONFIRMATION_OK"
1538,10401435652,10401435689,1,"IOTHUB_CLIENT_CONFIRMATION_OK"
1539,10401435852,10401435885,1,"IOTHUB_CLIENT_CONFIRMATION_OK"
1540,10401436052,10401436083,1,"IOTHUB_CLIENT_CONFIRMATION_OK"
1541,10401436252,10401436285,1,"IOTHUB_CLIENT_CONFIRMATION_OK"
1542,10401436452,10401436483,1,"IOTHUB_CLIENT_CONFIRMATION_OK"
1543,10401436652,10401436691,1,"IOTHUB_CLIENT_CONFIRMATION_OK"
1544,10401436853,10401436904,1,"IOTHUB_CLIENT_CONFIRMATION_OK"
1545,10401437053,10401437080,1,"IOTHUB_CLIENT_CONFIRMATION_OK"
1546,10401437253,10401437302,1,"IOTHUB_CLIENT_CONFIRMATION_OK"
1547,10401437453,10401437485,1,"IOTHUB_CLIENT_CONFIRMATION_OK"
1548,10401437653,10401437694,1,"IOTHUB_CLIENT_CONFIRMATION_OK"
1549,10401437853,10401437913,1,"IOTHUB_CLIENT_CONFIRMATION_OK"
1550,10401438053,10401438082,1,"IOTHUB_CLIENT_CONFIRMATION_OK"
1551,10401438254,10401438307,1,"IOTHUB_CLIENT_CONFIRMATION_OK"
1552,10401438454,10401438489,1,"IOTHUB_CLIENT_CONFIRMATION_OK"
1553,10401438654,10401438684,1,"IOTHUB_CLIENT_CONFIRMATION_OK"
1554,10401438854,10401438952,1,"IOTHUB_CLIENT_CONFIRMATION_OK"
1555,10401439054,10401439097,1,"IOTHUB_CLIENT_CONFIRMATION_OK"
1556,10401439254,10401439286,1,"IOTHUB_CLIENT_CONFIRMATION_OK"
1557,10401439455,10401439485,1,"IOTHUB_CLIENT_CONFIRMATION_OK"
1558,10401439655,10401439683,1,"IOTHUB_CLIENT_CONFIRMATION_OK"
1559,10401439855,10401439967,1,"IOTHUB_CLIENT_CONFIRMATION_OK"
1560,10401440055,10401440083,1,"IOTHUB_CLIENT_CONFIRMATION_OK"
1561,10401440255,10401440295,1,"IOTHUB_CLIENT_CONFIRMATION_OK"
1562,10401440455,10401440585,1,"IOTHUB_CLIENT_CONFIRMATION_OK"
1563,10401440656,10401440687,1,"IOTHUB_CLIENT_CONFIRMATION_OK"
1564,10401440856,10401440963,1,"IOTHUB_CLIENT_CONFIRMATION_OK"
1565,10401441056,10401441089,1,"IOTHUB_CLIENT_CONFIRMATION_OK"
1566,10401441256,10401441318,1,"IOTHUB_CLIENT_CONFIRMATION_OK"
1567,10401441456,10401441613,1,"IOTHUB_CLIENT_CONFIRMATION_OK"
1568,10401441656,10401441689,1,"IOTHUB_CLIENT_CONFIRMATION_OK"
1569,10401441856,10401441889,1,"IOTHUB_CLIENT_CONFIRMATION_OK"
1570,10401442057,10401442084,1,"IOTHUB_CLIENT_CONFIRMATION_OK"
1571,10401442257,10401442287,1,"IOTHUB_CLIENT_CONFIRMATION_OK"
1572,10401442457,10401442606,1,"IOTHUB_CLIENT_CONFIRMATION_OK"
1573,10401442657,10401442687,1,"IOTHUB_CLIENT_CONFIRMATION_OK"
1574,10401442857,10401442891,1,"IOTHUB_CLIENT_CONFIRMATION_OK"
1575,10401443058,10401443092,1,"IOTHUB_CLIENT_CONFIRMATION_OK"
1576,10401443258,10401443308,1,"IOTHUB_CLIENT_CONFIRMATION_OK"
1577,10401443458,10401443614,1,"IOTHUB_CLIENT_CONFIRMATION_OK"
1578,10401443658,10401443690,1,"IOTHUB_CLIENT_CONFIRMATION_OK"
1579,10401443858,10401443888,1,"IOTHUB_CLIENT_CONFIRMATION_OK"
1580,10401444058,10401444089,1,"IOTHUB_CLIENT_CONFIRMATION_OK"
1581,10401444258,10401444300,1,"IOTHUB_CLIENT_CONFIRMATION_OK"
1582,10401444459,10401444490,1,"IOTHUB_CLIENT_CONFIRMATION_OK"
1583,10401444659,10401444690,1,"IOTHUB_CLIENT_CONFIRMATION_OK"
1584,10401444859,10401444888,1,"IOTHUB_CLIENT_CONFIRMATION_OK"
1585,10401445059,10401445089,1,"IOTHUB_CLIENT_CONFIRMATION_OK"
1586,10401445259,10401445292,1,"IOTHUB_CLIENT_CONFIRMATION_OK"
1587,10401445459,10401445492,1,"IOTHUB_CLIENT_CONFIRMATION_OK"
1588,10401445660,10401445690,1,"IOTHUB_CLIENT_CONFIRMATION_OK"
1589,10401445860,10401445903,1,"IOTHUB_CLIENT_CONFIRMATION_OK"
1590,10401446060,10401446088,1,"IOTHUB_CLIENT_CONFIRMATION_OK"
1591,10401446260,10401446288,1,"IOTHUB_CLIENT_CONFIRMATION_OK"
1592,10401446460,10401446491,1,"IOTHUB_CLIENT_CONFIRMATION_OK"
1593,10401446660,10401446695,1,"IOTHUB_CLIENT_CONFIRMATION_OK"
1594,10401446861,10401446890,1,"IOTHUB_CLIENT_CONFIRMATION_OK"
1595,10401447061,10401447279,1,"IOTHUB_CLIENT_CONFIRMATION_OK"
1596,10401447261,10401447320,1,"IOTHUB_CLIENT_CONFIRMATION_OK"
1597,10401447461,10401447498,1,"IOTHUB_CLIENT_CONFIRMATION_OK"
1598,10401447661,10401447691,1,"IOTHUB_CLIENT_CONFIRMATION_OK"
1599,10401447862,10401447891,1,"IOTHUB_CLIENT_CONFIRMATION_OK"
1600,10401448062,10401448097,1,"IOTHUB_CLIENT_CONFIRMATION_OK"
1601,10401448262,10401448311,1,"IOTHUB_CLIENT_CONFIRMATION_OK"
1602,10401448462,10401448495,1,"IOTHUB_CLIENT_CONFIRMATION_OK"
1603,10401448662,10401448719,1,"IOTHUB_CLIENT_CONFIRMATION_OK"
1604,10401448862,10401448895,1,"IOTHUB_CLIENT_CONFIRMATION_OK"
1605,10401449062,10401449094,1,"IOTHUB_CLIENT_CONFIRMATION_OK"
1606,10401449263,10401449316,1,"IOTHUB_CLIENT_CONFIRMATION_OK"
1607,10401449463,10401449499,1,"IOTHUB_CLIENT_CONFIRMATION_OK"
1608,10401449663,10401449701,1,"IOTHUB_CLIENT_CONFIRMATION_OK"
1609,10401449863,10401449907,1,"IOTHUB_CLIENT_CONFIRMATION_OK"
1610,10401450063,10401450095,1,"IOTHUB_CLIENT_CONFIRMATION_OK"
1611,10401450263,10401450316,1,"IOTHUB_CLIENT_CONFIRMATION_OK"
1612,10401450464,10401450499,1,"IOTHUB_CLIENT_CONFIRMATION_OK"
1613,10401450664,10401450695,1,"IOTHUB_CLIENT_CONFIRMATION_OK"
1614,10401450864,10401450897,1,"IOTHUB_CLIENT_CONFIRMATION_OK"
1615,10401451064,10401451094,1,"IOTHUB_CLIENT_CONFIRMATION_OK"
1616,10401451264,10401451356,1,"IOTHUB_CLIENT_CONFIRMATION_OK"
1617,10401451464,10401451497,1,"IOTHUB_CLIENT_CONFIRMATION_OK"
1618,10401451665,10401451762,1,"IOTHUB_CLIENT_CONFIRMATION_OK"
1619,10401451865,10401451973,1,"IOTHUB_CLIENT_CONFIRMATION_OK"
1620,10401452065,10401452094,1,"IOTHUB_CLIENT_CONFIRMATION_OK"
1621,10401452265,10401452362,1,"IOTHUB_CLIENT_CONFIRMATION_OK"
1622,10401452465,10401452496,1,"IOTHUB_CLIENT_CONFIRMATION_OK"
1623,10401452665,10401452699,1,"IOTHUB_CLIENT_CONFIRMATION_OK"
1624,10401452866,10401452973,1,"IOTHUB_CLIENT_CONFIRMATION_OK"
1625,10401453066,10401453138,1,"IOTHUB_CLIENT_CONFIRMATION_OK"
1626,10401453266,10401453381,1,"IOTHUB_CLIENT_CONFIRMATION_OK"
1627,10401453466,10401453499,1,"IOTHUB_CLIENT_CONFIRMATION_OK"
1628,10401453666,10401453696,1,"IOTHUB_CLIENT_CONFIRMATION_OK"
1629,10401453866,10401453990,1,"IOTHUB_CLIENT_CONFIRMATION_OK"
1630,10401454066,10401454098,1,"IOTHUB_CLIENT_CONFIRMATION_OK"
1631,10401454267,10401454296,1,"IOTHUB_CLIENT_CONFIRMATION_OK"
1632,10401454467,10401454500,1,"IOTHUB_CLIENT_CONFIRMATION_OK"
1633,10401454667,10401454711,1,"IOTHUB_CLIENT_CONFIRMATION_OK"
1634,10401454867,10401455010,1,"IOTHUB_CLIENT_CONFIRMATION_OK"
1635,10401455067,10401455096,1,"IOTHUB_CLIENT_CONFIRMATION_OK"
1636,10401455268,10401455298,1,"IOTHUB_CLIENT_CONFIRMATION_OK"
1637,10401455468,10401455498,1,"IOTHUB_CLIENT_CONFIRMATION_OK"
1638,10401455668,10401455697,1,"IOTHUB_CLIENT_CONFIRMATION_OK"
1639,10401455868,10401456039,1,"IOTHUB_CLIENT_CONFIRMATION_OK"
1640,10401456068,10401456099,1,"IOTHUB_CLIENT_CONFIRMATION_OK"
1641,10401456268,10401456300,1,"IOTHUB_CLIENT_CONFIRMATION_OK"
1642,10401456469,10401456503,1,"IOTHUB_CLIENT_CONFIRMATION_OK"
1643,10401456669,10401456699,1,"IOTHUB_CLIENT_CONFIRMATION_OK"
1644,10401456869,10401456901,1,"IOTHUB_CLIENT_CONFIRMATION_OK"
1645,10401457069,10401457100,1,"IOTHUB_CLIENT_CONFIRMATION_OK"
1646,10401457269,10401457300,1,"IOTHUB_CLIENT_CONFIRMATION_OK"
1647,10401457469,10401457530,1,"IOTHUB_CLIENT_CONFIRMATION_OK"
1648,10401457670,10401457701,1,"IOTHUB_CLIENT_CONFIRMATION_OK"
1649,10401457870,10401457907,1,"IOTHUB_CLIENT_CONFIRMATION_OK"
1650,10401458070,10401458099,1,"IOTHUB_CLIENT_CONFIRMATION_OK"
1651,10401458270,10401458301,1,"IOTHUB_CLIENT_CONFIRMATION_OK"
1652,10401458470,10401458499,1,"IOTHUB_CLIENT_CONFIRMATION_OK"
1653,10401458670,10401458700,1,"IOTHUB_CLIENT_CONFIRMATION_OK"
1654,10401458871,10401458923,1,"IOTHUB_CLIENT_CONFIRMATION_OK"
1655,10401459071,10401459102,1,"IOTHUB_CLIENT_CONFIRMATION_OK"
1656,10401459271,10401459303,1,"IOTHUB_CLIENT_CONFIRMATION_OK"
1657,10401459471,10401459500,1,"IOTHUB_CLIENT_CONFIRMATION_OK"
1658,10401459671,10401459710,1,"IOTHUB_CLIENT_CONFIRMATION_OK"
1659,10401459871,10401459926,1,"IOTHUB_CLIENT_CONFIRMATION_OK"
1660,10401460072,10401460130,1,"IOTHUB_CLIENT_CONFIRMATION_OK"
1661,10401460272,10401460302,1,"IOTHUB_CLIENT_CONFIRMATION_OK"
1662,10401460472,10401460503,1,"IOTHUB_CLIENT_CONFIRMATION_OK"
1663,10401460672,10401460749,1,"IOTHUB_CLIENT_CONFIRMATION_OK"
1664,10401460872,10401460903,1,"IOTHUB_CLIENT_CONFIRMATION_OK"
1665,10401461072,10401461144,1,"IOTHUB_CLIENT_CONFIRMATION_OK"
1666,10401461272,10401461300,1,"IOTHUB_CLIENT_CONFIRMATION_OK"
1667,10401461473,10401461507,1,"IOTHUB_CLIENT_CONFIRMATION_OK"
1668,10401461673,10401461757,1,"IOTHUB_CLIENT_CONFIRMATION_OK"
1669,10401461873,10401461904,1,"IOTHUB_CLIENT_CONFIRMATION_OK"
1670,10401462073,10401462148,1,"IOTHUB_CLIENT_CONFIRMATION_OK"
1671,10401462273,10401462304,1,"IOTHUB_CLIENT_CONFIRMATION_OK"
1672,10401462473,10401462507,1,"IOTHUB_CLIENT_CONFIRMATION_OK"
1673,10401462673,10401462768,1,"IOTHUB_CLIENT_CONFIRMATION_OK"
1674,10401462874,10401462903,1,"IOTHUB_CLIENT_CONFIRMATION_OK"
1675,10401463074,10401463108,1,"IOTHUB_CLIENT_CONFIRMATION_OK"
1676,10401463274,10401463306,1,"IOTHUB_CLIENT_CONFIRMATION_OK"
1677,10401463474,10401463505,1,"IOTHUB_CLIENT_CONFIRMATION_OK"
1678,10401463674,10401463797,1,"IOTHUB_CLIENT_CONFIRMATION_OK"
1679,10401463875,10401463907,1,"IOTHUB_CLIENT_CONFIRMATION_OK"
1680,10401464075,10401464115,1,"IOTHUB_CLIENT_CONFIRMATION_OK"
1681,10401464275,10401464306,1,"IOTHUB_CLIENT_CONFIRMATION_OK"
1682,10401464475,10401464513,1,"IOTHUB_CLIENT_CONFIRMATION_OK"
1683,10401464675,10401464800,1,"IOTHUB_CLIENT_CONFIRMATION_OK"
1684,10401464875,10401464903,1,"IOTHUB_CLIENT_CONFIRMATION_OK"
1685,10401465076,10401465106,1,"IOTHUB_CLIENT_CONFIRMATION_OK"
1686,10401465276,10401465309,1,"IOTHUB_CLIENT_CONFIRMATION_OK"
1687,10401465476,10401465507,1,"IOTHUB_CLIENT_CONFIRMATION_OK"
1688,10401465676,10401465711,1,"IOTHUB_CLIENT_CONFIRMATION_OK"
1689,10401465876,10401465905,1,"IOTHUB_CLIENT_CONFIRMATION_OK"
1690,10401466076,10401466108,1,"IOTHUB_CLIENT_CONFIRMATION_OK"
1691,10401466277,10401466307,1,"IOTHUB_CLIENT_CONFIRMATION_OK"
1692,10401466477,10401466550,1,"IOTHUB_CLIENT_CONFIRMATION_OK"
1693,10401466677,10401466706,1,"IOTHUB_CLIENT_CONFIRMATION_OK"
1694,10401466877,10401466905,1,"IOTHUB_CLIENT_CONFIRMATION_OK"
1695,10401467077,10401467111,1,"IOTHUB_CLIENT_CONFIRMATION_OK"
1696,10401467277,10401467306,1,"IOTHUB_CLIENT_CONFIRMATION_OK"
1697,10401467477,10401467508,1,"IOTHUB_CLIENT_CONFIRMATION_OK"
1698,10401467678,10401467710,1,"IOTHUB_CLIENT_CONFIRMATION_OK"
1699,10401467878,10401467910,1,"IOTHUB_CLIENT_CONFIRMATION_OK"
1700,10401468078,10401468110,1,"IOTHUB_CLIENT_CONFIRMATION_OK"
1701,10401468278,10401468503,1,"IOTHUB_CLIENT_CONFIRMATION_OK"
1702,10401468478,10401468522,1,"IOTHUB_CLIENT_CONFIRMATION_OK"
1703,10401468678,10401468759,1,"IOTHUB_CLIENT_CONFIRMATION_OK"
1704,10401468879,10401468945,1,"IOTHUB_CLIENT_CONFIRMATION_OK"
1705,10401469079,10401469111,1,"IOTHUB_CLIENT_CONFIRMATION_OK"
1706,10401469279,10401469310,1,"IOTHUB_CLIENT_CONFIRMATION_OK"
1707,10401469479,10401469551,1,"IOTHUB_CLIENT_CONFIRMATION_OK"
1708,10401469679,10401469709,1,"IOTHUB_CLIENT_CONFIRMATION_OK"
1709,10401469879,10401469958,1,"IOTHUB_CLIENT_CONFIRMATION_OK"
1710,10401470080,10401470110,1,"IOTHUB_CLIENT_CONFIRMATION_OK"
1711,10401470280,10401470315,1,"IOTHUB_CLIENT_CONFIRMATION_OK"
1712,10401470480,10401470572,1,"IOTHUB_CLIENT_CONFIRMATION_OK"
1713,10401470680,10401470710,1,"IOTHUB_CLIENT_CONFIRMATION_OK"
1714,10401470880,10401470979,1,"IOTHUB_CLIENT_CONFIRMATION_OK"
1715,10401471080,10401471108,1,"IOTHUB_CLIENT_CONFIRMATION_OK"
1716,10401471281,10401471312,1,"IOTHUB_CLIENT_CONFIRMATION_OK"
1717,10401471481,10401471640,1,"IOTHUB_CLIENT_CONFIRMATION_OK"
1718,10401471681,10401471727,1,"IOTHUB_CLIENT_CONFIRMATION_OK"
1719,10401471881,10401471915,1,"IOTHUB_CLIENT_CONFIRMATION_OK"
1720,10401472081,10401472118,1,"IOTHUB_CLIENT_CONFIRMATION_OK"
1721,10401472281,10401472313,1,"IOTHUB_CLIENT_CONFIRMATION_OK"
1722,10401472482,10401472662,1,"IOTHUB_CLIENT_CONFIRMATION_OK"
1723,10401472682,10401472711,1,"IOTHUB_CLIENT_CONFIRMATION_OK"
1724,10401472882,10401472916,1,"IOTHUB_CLIENT_CONFIRMATION_OK"
1725,10401473082,10401473113,1,"IOTHUB_CLIENT_CONFIRMATION_OK"
1726,10401473282,10401473320,1,"IOTHUB_CLIENT_CONFIRMATION_OK"
1727,10401473482,10401473670,1,"IOTHUB_CLIENT_CONFIRMATION_OK"
1728,10401473683,10401473712,1,"IOTHUB_CLIENT_CONFIRMATION_OK"
1729,10401473883,10401473914,1,"IOTHUB_CLIENT_CONFIRMATION_OK"
1730,10401474083,10401474119,1,"IOTHUB_CLIENT_CONFIRMATION_OK"
1731,10401474283,10401474361,1,"IOTHUB_CLIENT_CONFIRMATION_OK"
1732,10401474483,10401474513,1,"IOTHUB_CLIENT_CONFIRMATION_OK"
1733,10401474683,10401474724,1,"IOTHUB_CLIENT_CONFIRMATION_OK"
1734,10401474884,10401474925,1,"IOTHUB_CLIENT_CONFIRMATION_OK"
1735,10401475084,10401475115,1,"IOTHUB_CLIENT_CONFIRMATION_OK"
1736,10401475284,10401475313,1,"IOTHUB_CLIENT_CONFIRMATION_OK"
1737,10401475484,10401475513,1,"IOTHUB_CLIENT_CONFIRMATION_OK"
1738,10401475684,10401475716,1,"IOTHUB_CLIENT_CONFIRMATION_OK"
1739,10401475884,10401475914,1,"IOTHUB_CLIENT_CONFIRMATION_OK"
1740,10401476085,10401476113,1,"IOTHUB_CLIENT_CONFIRMATION_OK"
1741,10401476285,10401476315,1,"IOTHUB_CLIENT_CONFIRMATION_OK"
1742,10401476485,10401476514,1,"IOTHUB_CLIENT_CONFIRMATION_OK"
1743,10401476685,10401476764,1,"IOTHUB_CLIENT_CONFIRMATION_OK"
1744,10401476885,10401476913,1,"IOTHUB_CLIENT_CONFIRMATION_OK"
1745,10401477086,10401477115,1,"IOTHUB_CLIENT_CONFIRMATION_OK"
1746,10401477286,10401477313,1,"IOTHUB_CLIENT_CONFIRMATION_OK"
1747,10401477486,10401477517,1,"IOTHUB_CLIENT_CONFIRMATION_OK"
1748,10401477686,10401477721,1,"IOTHUB_CLIENT_CONFIRMATION_OK"
1749,10401477886,10401477927,1,"IOTHUB_CLIENT_CONFIRMATION_OK"
1750,10401478086,10401478129,1,"IOTHUB_CLIENT_CONFIRMATION_OK"
1751,10401478287,10401478315,1,"IOTHUB_CLIENT_CONFIRMATION_OK"
1752,10401478487,10401478519,1,"IOTHUB_CLIENT_CONFIRMATION_OK"
1753,10401478687,10401478766,1,"IOTHUB_CLIENT_CONFIRMATION_OK"
1754,10401478887,10401478919,1,"IOTHUB_CLIENT_CONFIRMATION_OK"
1755,10401479087,10401479123,1,"IOTHUB_CLIENT_CONFIRMATION_OK"
1756,10401479287,10401479395,1,"IOTHUB_CLIENT_CONFIRMATION_OK"
1757,10401479488,10401479516,1,"IOTHUB_CLIENT_CONFIRMATION_OK"
1758,10401479688,10401479801,1,"IOTHUB_CLIENT_CONFIRMATION_OK"
1759,10401479888,10401479932,1,"IOTHUB_CLIENT_CONFIRMATION_OK"
1760,10401480088,10401480119,1,"IOTHUB_CLIENT_CONFIRMATION_OK"
1761,10401480288,10401480397,1,"IOTHUB_CLIENT_CONFIRMATION_OK"
1762,10401480488,10401480519,1,"IOTHUB_CLIENT_CONFIRMATION_OK"
1763,10401480689,10401480739,1,"IOTHUB_CLIENT_CONFIRMATION_OK"
1764,10401480889,10401480930,1,"IOTHUB_CLIENT_CONFIRMATION_OK"
1765,10401481089,10401481130,1,"IOTHUB_CLIENT_CONFIRMATION_OK"
1766,10401481289,10401481413,1,"IOTHUB_CLIENT_CONFIRMATION_OK"
1767,10401481489,10401481518,1,"IOTHUB_CLIENT_CONFIRMATION_OK"
1768,10401481689,10401481717,1,"IOTHUB_CLIENT_CONFIRMATION_OK"
1769,10401481889,10401481924,1,"IOTHUB_CLIENT_CONFIRMATION_OK"
1770,10401482090,10401482122,1,"IOTHUB_CLIENT_CONFIRMATION_OK"
1771,10401482290,10401482457,1,"IOTHUB_CLIENT_CONFIRMATION_OK"
1772,10401482490,10401482529,1,"IOTHUB_CLIENT_CONFIRMATION_OK"
1773,10401482690,10401482721,1,"IOTHUB_CLIENT_CONFIRMATION_OK"
1774,10401482890,10401482920,1,"IOTHUB_CLIENT_CONFIRMATION_OK"
1775,10401483090,10401483118,1,"IOTHUB_CLIENT_CONFIRMATION_OK"
1776,10401483290,10401483334,1,"IOTHUB_CLIENT_CONFIRMATION_OK"
1777,10401483491,10401483519,1,"IOTHUB_CLIENT_CONFIRMATION_OK"
1778,10401483691,10401483723,1,"IOTHUB_CLIENT_CONFIRMATION_OK"
1779,10401483891,10401484100,1,"IOTHUB_CLIENT_CONFIRMATION_OK"
1780,10401484091,10401484123,1,"IOTHUB_CLIENT_CONFIRMATION_OK"
1781,10401484291,10401484322,1,"IOTHUB_CLIENT_CONFIRMATION_OK"
1782,10401484491,10401484522,1,"IOTHUB_CLIENT_CONFIRMATION_OK"
1783,10401484692,10401484736,1,"IOTHUB_CLIENT_CONFIRMATION_OK"
1784,10401484892,10401484939,1,"IOTHUB_CLIENT_CONFIRMATION_OK"
1785,10401485092,10401485122,1,"IOTHUB_CLIENT_CONFIRMATION_OK"
1786,10401485292,10401485321,1,"IOTHUB_CLIENT_CONFIRMATION_OK"
1787,10401485492,10401485526,1,"IOTHUB_CLIENT_CONFIRMATION_OK"
1788,10401485692,10401485737,1,"IOTHUB_CLIENT_CONFIRMATION_OK"
1789,10401485893,10401485922,1,"IOTHUB_CLIENT_CONFIRMATION_OK"
1790,10401486093,10401486124,1,"IOTHUB_CLIENT_CONFIRMATION_OK"
1791,10401486293,10401486398,1,"IOTHUB_CLIENT_CONFIRMATION_OK"
1792,10401486493,10401486536,1,"IOTHUB_CLIENT_CONFIRMATION_OK"
1793,10401486693,10401486733,1,"IOTHUB_CLIENT_CONFIRMATION_OK"
1794,10401486893,10401486931,1,"IOTHUB_CLIENT_CONFIRMATION_OK"
1795,10401487093,10401487130,1,"IOTHUB_CLIENT_CONFIRMATION_OK"
1796,10401487294,10401487331,1,"IOTHUB_CLIENT_CONFIRMATION_OK"
1797,10401487494,10401487600,1,"IOTHUB_CLIENT_CONFIRMATION_OK"
1798,10401487694,10401487724,1,"IOTHUB_CLIENT_CONFIRMATION_OK"
1799,10401487894,10401487934,1,"IOTHUB_CLIENT_CONFIRMATION_OK"
1800,10401488094,10401488173,1,"IOTHUB_CLIENT_CONFIRMATION_OK"
1801,10401488294,10401488322,1,"IOTHUB_CLIENT_CONFIRMATION_OK"
1802,10401488495,10401488558,1,"IOTHUB_CLIENT_CONFIRMATION_OK"
1803,10401488695,10401488726,1,"IOTHUB_CLIENT_CONFIRMATION_OK"
1804,10401488895,10401488928,1,"IOTHUB_CLIENT_CONFIRMATION_OK"
1805,10401489095,10401489175,1,"IOTHUB_CLIENT_CONFIRMATION_OK"
1806,10401489295,10401489347,1,"IOTHUB_CLIENT_CONFIRMATION_OK"
1807,10401489495,10401489524,1,"IOTHUB_CLIENT_CONFIRMATION_OK"
1808,10401489696,10401489783,1,"IOTHUB_CLIENT_CONFIRMATION_OK"
1809,10401489896,10401489927,1,"IOTHUB_CLIENT_CONFIRMATION_OK"
1810,10401490096,10401490191,1,"IOTHUB_CLIENT_CONFIRMATION_OK"
1811,10401490296,10401490325,1,"IOTHUB_CLIENT_CONFIRMATION_OK"
1812,10401490496,10401490527,1,"IOTHUB_CLIENT_CONFIRMATION_OK"
1813,10401490696,10401490732,1,"IOTHUB_CLIENT_CONFIRMATION_OK"
1814,10401490897,10401490932,1,"IOTHUB_CLIENT_CONFIRMATION_OK"
1815,10401491097,10401491232,1,"IOTHUB_CLIENT_CONFIRMATION_OK"
1816,10401491297,10401491326,1,"IOTHUB_CLIENT_CONFIRMATION_OK"
1817,10401491497,10401491529,1,"IOTHUB_CLIENT_CONFIRMATION_OK"
1818,10401491697,10401491731,1,"IOTHUB_CLIENT_CONFIRMATION_OK"
1819,10401491897,10401491939,1,"IOTHUB_CLIENT_CONFIRMATION_OK"
1820,10401492098,10401492258,1,"IOTHUB_CLIENT_CONFIRMATION_OK"
1821,10401492298,10401492330,1,"IOTHUB_CLIENT_CONFIRMATION_OK"
1822,10401492498,10401492535,1,"IOTHUB_CLIENT_CONFIRMATION_OK"
1823,10401492698,10401492729,1,"IOTHUB_CLIENT_CONFIRMATION_OK"
1824,10401492898,10401492928,1,"IOTHUB_CLIENT_CONFIRMATION_OK"
1825,10401493098,10401493128,1,"IOTHUB_CLIENT_CONFIRMATION_OK"
1826,10401493298,10401493326,1,"IOTHUB_CLIENT_CONFIRMATION_OK"
1827,10401493499,10401493530,1,"IOTHUB_CLIENT_CONFIRMATION_OK"
1828,10401493699,10401493739,1,"IOTHUB_CLIENT_CONFIRMATION_OK"
1829,10401493899,10401493927,1,"IOTHUB_CLIENT_CONFIRMATION_OK"
1830,10401494099,10401494132,1,"IOTHUB_CLIENT_CONFIRMATION_OK"
1831,10401494299,10401494337,1,"IOTHUB_CLIENT_CONFIRMATION_OK"
1832,10401494499,10401494531,1,"IOTHUB_CLIENT_CONFIRMATION_OK"
1833,10401494700,10401494891,1,"IOTHUB_CLIENT_CONFIRMATION_OK"
1834,10401494900,10401494929,1,"IOTHUB_CLIENT_CONFIRMATION_OK"
1835,10401495100,10401495131,1,"IOTHUB_CLIENT_CONFIRMATION_OK"
1836,10401495300,10401495417,1,"IOTHUB_CLIENT_CONFIRMATION_OK"
1837,10401495500,10401495528,1,"IOTHUB_CLIENT_CONFIRMATION_OK"
1838,10401495700,10401495735,1,"IOTHUB_CLIENT_CONFIRMATION_OK"
1839,10401495900,10401495930,1,"IOTHUB_CLIENT_CONFIRMATION_OK"
1840,10401496101,10401496133,1,"IOTHUB_CLIENT_CONFIRMATION_OK"
1841,10401496301,10401496335,1,"IOTHUB_CLIENT_CONFIRMATION_OK"
1842,10401496501,10401496530,1,"IOTHUB_CLIENT_CONFIRMATION_OK"
1843,10401496701,10401496760,1,"IOTHUB_CLIENT_CONFIRMATION_OK"
1844,10401496901,10401496982,1,"IOTHUB_CLIENT_CONFIRMATION_OK"
1845,10401497101,10401497135,1,"IOTHUB_CLIENT_CONFIRMATION_OK"
1846,10401497301,10401497394,1,"IOTHUB_CLIENT_CONFIRMATION_OK"
1847,10401497502,10401497535,1,"IOTHUB_CLIENT_CONFIRMATION_OK"
1848,10401497702,10401497731,1,"IOTHUB_CLIENT_CONFIRMATION_OK"
1849,10401497902,10401498015,1,"IOTHUB_CLIENT_CONFIRMATION_OK"
1850,10401498102,10401498158,1,"IOTHUB_CLIENT_CONFIRMATION_OK"
1851,10401498302,10401498410,1,"IOTHUB_CLIENT_CONFIRMATION_OK"
1852,10401498502,10401498543,1,"IOTHUB_CLIENT_CONFIRMATION_OK"
1853,10401498703,10401498732,1,"IOTHUB_CLIENT_CONFIRMATION_OK"
1854,10401498903,10401499029,1,"IOTHUB_CLIENT_CONFIRMATION_OK"
1855,10401499103,10401499131,1,"IOTHUB_CLIENT_CONFIRMATION_OK"
1856,10401499303,10401499333,1,"IOTHUB_CLIENT_CONFIRMATION_OK"
1857,10401499503,10401499531,1,"IOTHUB_CLIENT_CONFIRMATION_OK"
1858,10401499703,10401499737,1,"IOTHUB_CLIENT_CONFIRMATION_OK"
1859,10401499904,10401500056,1,"IOTHUB_CLIENT_CONFIRMATION_OK"
1860,10401500104,10401500133,1,"IOTHUB_CLIENT_CONFIRMATION_OK"
1861,10401500304,10401500335,1,"IOTHUB_CLIENT_CONFIRMATION_OK"
1862,10401500504,10401500535,1,"IOTHUB_CLIENT_CONFIRMATION_OK"
1863,10401500704,10401500733,1,"IOTHUB_CLIENT_CONFIRMATION_OK"
1864,10401500904,10401501074,1,"IOTHUB_CLIENT_CONFIRMATION_OK"
1865,10401501105,10401501133,1,"IOTHUB_CLIENT_CONFIRMATION_OK"
1866,10401501305,10401501333,1,"IOTHUB_CLIENT_CONFIRMATION_OK"
1867,10401501505,10401501535,1,"IOTHUB_CLIENT_CONFIRMATION_OK"
1868,10401501705,10401501735,1,"IOTHUB_CLIENT_CONFIRMATION_OK"
1869,10401501905,10401501972,1,"IOTHUB_CLIENT_CONFIRMATION_OK"
1870,10401502105,10401502133,1,"IOTHUB_CLIENT_CONFIRMATION_OK"
1871,10401502305,10401502336,1,"IOTHUB_CLIENT_CONFIRMATION_OK"
1872,10401502506,10401502550,1,"IOTHUB_CLIENT_CONFIRMATION_OK"
1873,10401502706,10401502748,1,"IOTHUB_CLIENT_CONFIRMATION_OK"
1874,10401502906,10401502936,1,"IOTHUB_CLIENT_CONFIRMATION_OK"
1875,10401503106,10401503137,1,"IOTHUB_CLIENT_CONFIRMATION_OK"
1876,10401503306,10401503342,1,"IOTHUB_CLIENT_CONFIRMATION_OK"
1877,10401503506,10401503537,1,"IOTHUB_CLIENT_CONFIRMATION_OK"
1878,10401503707,10401503767,1,"IOTHUB_CLIENT_CONFIRMATION_OK"
1879,10401503907,10401503938,1,"IOTHUB_CLIENT_CONFIRMATION_OK"
1880,10401504107,10401504194,1,"IOTHUB_CLIENT_CONFIRMATION_OK"
1881,10401504307,10401504351,1,"IOTHUB_CLIENT_CONFIRMATION_OK"
1882,10401504507,10401504538,1,"IOTHUB_CLIENT_CONFIRMATION_OK"
1883,10401504707,10401504739,1,"IOTHUB_CLIENT_CONFIRMATION_OK"
1884,10401504908,10401504940,1,"IOTHUB_CLIENT_CONFIRMATION_OK"
1885,10401505108,10401505217,1,"IOTHUB_CLIENT_CONFIRMATION_OK"
1886,10401505308,10401505337,1,"IOTHUB_CLIENT_CONFIRMATION_OK"
1887,10401505508,10401505537,1,"IOTHUB_CLIENT_CONFIRMATION_OK"
1888,10401505708,10401505741,1,"IOTHUB_CLIENT_CONFIRMATION_OK"
1889,10401505908,10401505943,1,"IOTHUB_CLIENT_CONFIRMATION_OK"
1890,10401506108,10401506237,1,"IOTHUB_CLIENT_CONFIRMATION_OK"
1891,10401506309,10401506337,1,"IOTHUB_CLIENT_CONFIRMATION_OK"
1892,10401506509,10401506572,1,"IOTHUB_CLIENT_CONFIRMATION_OK"
1893,10401506709,10401506746,1,"IOTHUB_CLIENT_CONFIRMATION_OK"
1894,10401506909,10401506938,1,"IOTHUB_CLIENT_CONFIRMATION_OK"
1895,10401507109,10401507238,1,"IOTHUB_CLIENT_CONFIRMATION_OK"
1896,10401507309,10401507350,1,"IOTHUB_CLIENT_CONFIRMATION_OK"
1897,10401507509,10401507549,1,"IOTHUB_CLIENT_CONFIRMATION_OK"
1898,10401507710,10401507851,1,"IOTHUB_CLIENT_CONFIRMATION_OK"
1899,10401507910,10401507937,1,"IOTHUB_CLIENT_CONFIRMATION_OK"
1900,10401508110,10401508138,1,"IOTHUB_CLIENT_CONFIRMATION_OK"
1901,10401508310,10401508353,1,"IOTHUB_CLIENT_CONFIRMATION_OK"
1902,10401508510,10401508546,1,"IOTHUB_CLIENT_CONFIRMATION_OK"
1903,10401508710,10401508751,1,"IOTHUB_CLIENT_CONFIRMATION_OK"
1904,10401508911,10401508944,1,"IOTHUB_CLIENT_CONFIRMATION_OK"
1905,10401509111,10401509141,1,"IOTHUB_CLIENT_CONFIRMATION_OK"
1906,10401509311,10401509342,1,"IOTHUB_CLIENT_CONFIRMATION_OK"
1907,10401509511,10401509539,1,"IOTHUB_CLIENT_CONFIRMATION_OK"
1908,10401509711,10401510043,1,"IOTHUB_CLIENT_CONFIRMATION_OK"
1909,10401509912,10401510070,1,"IOTHUB_CLIENT_CONFIRMATION_OK"
1910,10401510112,10401510152,1,"IOTHUB_CLIENT_CONFIRMATION_OK"
1911,10401510312,10401510404,1,"IOTHUB_CLIENT_CONFIRMATION_OK"
1912,10401510512,10401510546,1,"IOTHUB_CLIENT_CONFIRMATION_OK"
1913,10401510712,10401510741,1,"IOTHUB_CLIENT_CONFIRMATION_OK"
1914,10401510912,10401510951,1,"IOTHUB_CLIENT_CONFIRMATION_OK"
1915,10401511113,10401511147,1,"IOTHUB_CLIENT_CONFIRMATION_OK"
1916,10401511313,10401511464,1,"IOTHUB_CLIENT_CONFIRMATION_OK"
1917,10401511513,10401511544,1,"IOTHUB_CLIENT_CONFIRMATION_OK"
1918,10401511713,10401511746,1,"IOTHUB_CLIENT_CONFIRMATION_OK"
1919,10401511913,10401511947,1,"IOTHUB_CLIENT_CONFIRMATION_OK"
1920,10401512113,10401512143,1,"IOTHUB_CLIENT_CONFIRMATION_OK"
1921,10401512313,10401512484,1,"IOTHUB_CLIENT_CONFIRMATION_OK"
1922,10401512514,10401512544,1,"IOTHUB_CLIENT_CONFIRMATION_OK"
1923,10401512714,10401512799,1,"IOTHUB_CLIENT_CONFIRMATION_OK"
1924,10401512914,10401513018,1,"IOTHUB_CLIENT_CONFIRMATION_OK"
1925,10401513114,10401513145,1,"IOTHUB_CLIENT_CONFIRMATION_OK"
1926,10401513314,10401513406,1,"IOTHUB_CLIENT_CONFIRMATION_OK"
1927,10401513514,10401513548,1,"IOTHUB_CLIENT_CONFIRMATION_OK"
1928,10401513715,10401513745,1,"IOTHUB_CLIENT_CONFIRMATION_OK"
1929,10401513915,10401514033,1,"IOTHUB_CLIENT_CONFIRMATION_OK"
1930,10401514115,10401514145,1,"IOTHUB_CLIENT_CONFIRMATION_OK"
1931,10401514315,10401514349,1,"IOTHUB_CLIENT_CONFIRMATION_OK"
1932,10401514515,10401514583,1,"IOTHUB_CLIENT_CONFIRMATION_OK"
1933,10401514715,10401514756,1,"IOTHUB_CLIENT_CONFIRMATION_OK"
1934,10401514915,10401515049,1,"IOTHUB_CLIENT_CONFIRMATION_OK"
1935,10401515116,10401515159,1,"IOTHUB_CLIENT_CONFIRMATION_OK"
1936,10401515316,10401515345,1,"IOTHUB_CLIENT_CONFIRMATION_OK"
1937,10401515516,10401515612,1,"IOTHUB_CLIENT_CONFIRMATION_OK"
1938,10401515716,10401515746,1,"IOTHUB_CLIENT_CONFIRMATION_OK"
1939,10401515916,10401516064,1,"IOTHUB_CLIENT_CONFIRMATION_OK"
1940,10401516116,10401516146,1,"IOTHUB_CLIENT_CONFIRMATION_OK"
1941,10401516317,10401516348,1,"IOTHUB_CLIENT_CONFIRMATION_OK"
1942,10401516517,10401516559,1,"IOTHUB_CLIENT_CONFIRMATION_OK"
1943,10401516717,10401516772,1,"IOTHUB_CLIENT_CONFIRMATION_OK"
1944,10401516917,10401516945,1,"IOTHUB_CLIENT_CONFIRMATION_OK"
1945,10401517117,10401517149,1,"IOTHUB_CLIENT_CONFIRMATION_OK"
1946,10401517317,10401517348,1,"IOTHUB_CLIENT_CONFIRMATION_OK"
1947,10401517517,10401517548,1,"IOTHUB_CLIENT_CONFIRMATION_OK"
1948,10401517718,10401517751,1,"IOTHUB_CLIENT_CONFIRMATION_OK"
1949,10401517918,10401517948,1,"IOTHUB_CLIENT_CONFIRMATION_OK"
1950,10401518118,10401518187,1,"IOTHUB_CLIENT_CONFIRMATION_OK"
1951,10401518318,10401518348,1,"IOTHUB_CLIENT_CONFIRMATION_OK"
1952,10401518518,10401518552,1,"IOTHUB_CLIENT_CONFIRMATION_OK"
1953,10401518718,10401518748,1,"IOTHUB_CLIENT_CONFIRMATION_OK"
1954,10401518918,10401518959,1,"IOTHUB_CLIENT_CONFIRMATION_OK"
1955,10401519119,10401519154,1,"IOTHUB_CLIENT_CONFIRMATION_OK"
1956,10401519319,10401519347,1,"IOTHUB_CLIENT_CONFIRMATION_OK"
1957,10401519519,10401519550,1,"IOTHUB_CLIENT_CONFIRMATION_OK"
1958,10401519719,10401519761,1,"IOTHUB_CLIENT_CONFIRMATION_OK"
1959,10401519919,10401519948,1,"IOTHUB_CLIENT_CONFIRMATION_OK"
1960,10401520119,10401520162,1,"IOTHUB_CLIENT_CONFIRMATION_OK"
1961,10401520320,10401520350,1,"IOTHUB_CLIENT_CONFIRMATION_OK"
1962,10401520520,10401520548,1,"IOTHUB_CLIENT_CONFIRMATION_OK"
1963,10401520720,10401520795,1,"IOTHUB_CLIENT_CONFIRMATION_OK"
1964,10401520920,10401520967,1,"IOTHUB_CLIENT_CONFIRMATION_OK"
1965,10401521120,10401521189,1,"IOTHUB_CLIENT_CONFIRMATION_OK"
1966,10401521320,10401521349,1,"IOTHUB_CLIENT_CONFIRMATION_OK"
1967,10401521521,10401521549,1,"IOTHUB_CLIENT_CONFIRMATION_OK"
1968,10401521721,10401521812,1,"IOTHUB_CLIENT_CONFIRMATION_OK"
1969,10401521921,10401521953,1,"IOTHUB_CLIENT_CONFIRMATION_OK"
1970,10401522121,10401522205,1,"IOTHUB_CLIENT_CONFIRMATION_OK"
1971,10401522321,10401522351,1,"IOTHUB_CLIENT_CONFIRMATION_OK"
1972,10401522521,10401522551,1,"IOTHUB_CLIENT_CONFIRMATION_OK"
1973,10401522722,10401522829,1,"IOTHUB_CLIENT_CONFIRMATION_OK"
1974,10401522922,10401522953,1,"IOTHUB_CLIENT_CONFIRMATION_OK"
1975,10401523122,10401523152,1,"IOTHUB_CLIENT_CONFIRMATION_OK"
1976,10401523322,10401523354,1,"IOTHUB_CLIENT_CONFIRMATION_OK"
1977,10401523522,10401523559,1,"IOTHUB_CLIENT_CONFIRMATION_OK"
1978,10401523722,10401523754,1,"IOTHUB_CLIENT_CONFIRMATION_OK"
1979,10401523923,10401523952,1,"IOTHUB_CLIENT_CONFIRMATION_OK"
1980,10401524123,10401524192,1,"IOTHUB_CLIENT_CONFIRMATION_OK"
1981,10401524323,10401524365,1,"IOTHUB_CLIENT_CONFIRMATION_OK"
1982,10401524523,10401524555,1,"IOTHUB_CLIENT_CONFIRMATION_OK"
1983,10401524723,10401524767,1,"IOTHUB_CLIENT_CONFIRMATION_OK"
1984,10401524923,10401524954,1,"IOTHUB_CLIENT_CONFIRMATION_OK"
1985,10401525124,10401525165,1,"IOTHUB_CLIENT_CONFIRMATION_OK"
1986,10401525324,10401525392,1,"IOTHUB_CLIENT_CONFIRMATION_OK"
1987,10401525524,10401525555,1,"IOTHUB_CLIENT_CONFIRMATION_OK"
1988,10401525724,10401525757,1,"IOTHUB_CLIENT_CONFIRMATION_OK"
1989,10401525924,10401525966,1,"IOTHUB_CLIENT_CONFIRMATION_OK"
1990,10401526124,10401526154,1,"IOTHUB_CLIENT_CONFIRMATION_OK"
1991,10401526324,10401526442,1,"IOTHUB_CLIENT_CONFIRMATION_OK"
1992,10401526525,10401526552,1,"IOTHUB_CLIENT_CONFIRMATION_OK"
1993,10401526725,10401526756,1,"IOTHUB_CLIENT_CONFIRMATION_OK"
1994,10401526925,10401526966,1,"IOTHUB_CLIENT_CONFIRMATION_OK"
1995,10401527125,10401527154,1,"IOTHUB_CLIENT_CONFIRMATION_OK"
1996,10401527325,10401527468,1,"IOTHUB_CLIENT_CONFIRMATION_OK"
1997,10401527525,10401527555,1,"IOTHUB_CLIENT_CONFIRMATION_OK"
1998,10401527726,10401527760,1,"IOTHUB_CLIENT_CONFIRMATION_OK"
1999,10401527926,10401528066,1,"IOTHUB_CLIENT_CONFIRMATION_OK"
2000,10401528126,10401528156,1,"IOTHUB_CLIENT_CONFIRMATION_OK"
2001,10401528326,10401528453,1,"IOTHUB_CLIENT_CONFIRMATION_OK"
2002,10401528526,10401528560,1,"IOTHUB_CLIENT_CONFIRMATION_OK"
2003,10401528726,10401528756,1,"IOTHUB_CLIENT_CONFIRMATION_OK"
2004,10401528926,10401529149,1,"IOTHUB_CLIENT_CONFIRMATION_OK"
2005,10401529127,10401529165,1,"IOTHUB_CLIENT_CONFIRMATION_OK"
2006,10401529327,10401529358,1,"IOTHUB_CLIENT_CONFIRMATION_OK"
2007,10401529527,10401529568,1,"IOTHUB_CLIENT_CONFIRMATION_OK"
2008,10401529727,10401529821,1,"IOTHUB_CLIENT_CONFIRMATION_OK"
2009,10401529927,10401529966,1,"IOTHUB_CLIENT_CONFIRMATION_OK"
2010,10401530128,10401530158,1,"IOTHUB_CLIENT_CONFIRMATION_OK"
2011,10401530328,10401530359,1,"IOTHUB_CLIENT_CONFIRMATION_OK"
2012,10401530528,10401530588,1,"IOTHUB_CLIENT_CONFIRMATION_OK"
2013,10401530728,10401530757,1,"IOTHUB_CLIENT_CONFIRMATION_OK"
2014,10401530928,10401530988,1,"IOTHUB_CLIENT_CONFIRMATION_OK"
2015,10401531128,10401531156,1,"IOTHUB_CLIENT_CONFIRMATION_OK"
2016,10401531329,10401531361,1,"IOTHUB_CLIENT_CONFIRMATION_OK"
2017,10401531529,10401531610,1,"IOTHUB_CLIENT_CONFIRMATION_OK"
2018,10401531729,10401531767,1,"IOTHUB_CLIENT_CONFIRMATION_OK"
2019,10401531929,10401531968,1,"IOTHUB_CLIENT_CONFIRMATION_OK"
2020,10401532129,10401532158,1,"IOTHUB_CLIENT_CONFIRMATION_OK"
2021,10401532329,10401532384,1,"IOTHUB_CLIENT_CONFIRMATION_OK"
2022,10401532529,10401532612,1,"IOTHUB_CLIENT_CONFIRMATION_OK"
2023,10401532730,10401532761,1,"IOTHUB_CLIENT_CONFIRMATION_OK"
2024,10401532930,10401532966,1,"IOTHUB_CLIENT_CONFIRMATION_OK"
2025,10401533130,10401533234,1,"IOTHUB_CLIENT_CONFIRMATION_OK"
2026,10401533330,10401533380,1,"IOTHUB_CLIENT_CONFIRMATION_OK"
2027,10401533530,10401533640,1,"IOTHUB_CLIENT_CONFIRMATION_OK"
2028,10401533730,10401533760,1,"IOTHUB_CLIENT_CONFIRMATION_OK"
2029,10401533930,10401533958,1,"IOTHUB_CLIENT_CONFIRMATION_OK"
2030,10401534131,10401534241,1,"IOTHUB_CLIENT_CONFIRMATION_OK"
2031,10401534331,10401534360,1,"IOTHUB_CLIENT_CONFIRMATION_OK"
2032,10401534531,10401534567,1,"IOTHUB_CLIENT_CONFIRMATION_OK"
2033,10401534731,10401534768,1,"IOTHUB_CLIENT_CONFIRMATION_OK"
2034,10401534931,10401534962,1,"IOTHUB_CLIENT_CONFIRMATION_OK"
2035,10401535131,10401535175,1,"IOTHUB_CLIENT_CONFIRMATION_OK"
2036,10401535332,10401535376,1,"IOTHUB_CLIENT_CONFIRMATION_OK"
2037,10401535532,10401535567,1,"IOTHUB_CLIENT_CONFIRMATION_OK"
2038,10401535732,10401535786,1,"IOTHUB_CLIENT_CONFIRMATION_OK"
2039,10401535932,10401535963,1,"IOTHUB_CLIENT_CONFIRMATION_OK"
2040,10401536132,10401536206,1,"IOTHUB_CLIENT_CONFIRMATION_OK"
2041,10401536332,10401536363,1,"IOTHUB_CLIENT_CONFIRMATION_OK"
2042,10401536533,10401536571,1,"IOTHUB_CLIENT_CONFIRMATION_OK"
2043,10401536733,10401536839,1,"IOTHUB_CLIENT_CONFIRMATION_OK"
2044,10401536933,10401536978,1,"IOTHUB_CLIENT_CONFIRMATION_OK"
2045,10401537133,10401537238,1,"IOTHUB_CLIENT_CONFIRMATION_OK"
2046,10401537333,10401537372,1,"IOTHUB_CLIENT_CONFIRMATION_OK"
2047,10401537533,10401537562,1,"IOTHUB_CLIENT_CONFIRMATION_OK"
2048,10401537734,10401537848,1,"IOTHUB_CLIENT_CONFIRMATION_OK"
2049,10401537934,10401537987,1,"IOTHUB_CLIENT_CONFIRMATION_OK"
2050,10401538134,10401538164,1,"IOTHUB_CLIENT_CONFIRMATION_OK"
2051,10401538334,10401538367,1,"IOTHUB_CLIENT_CONFIRMATION_OK"
2052,10401538534,10401538566,1,"IOTHUB_CLIENT_CONFIRMATION_OK"
2053,10401538734,10401538868,1,"IOTHUB_CLIENT_CONFIRMATION_OK"
2054,10401538935,10401538969,1,"IOTHUB_CLIENT_CONFIRMATION_OK"
2055,10401539135,10401539163,1,"IOTHUB_CLIENT_CONFIRMATION_OK"
2056,10401539335,10401539391,1,"IOTHUB_CLIENT_CONFIRMATION_OK"
2057,10401539535,10401539567,1,"IOTHUB_CLIENT_CONFIRMATION_OK"
2058,10401539735,10401539899,1,"IOTHUB_CLIENT_CONFIRMATION_OK"
2059,10401539935,10401539965,1,"IOTHUB_CLIENT_CONFIRMATION_OK"
2060,10401540136,10401540165,1,"IOTHUB_CLIENT_CONFIRMATION_OK"
2061,10401540336,10401540378,1,"IOTHUB_CLIENT_CONFIRMATION_OK"
2062,10401540536,10401540566,1,"IOTHUB_CLIENT_CONFIRMATION_OK"
2063,10401540736,10401540766,1,"IOTHUB_CLIENT_CONFIRMATION_OK"
2064,10401540936,10401540994,1,"IOTHUB_CLIENT_CONFIRMATION_OK"
2065,10401541136,10401541177,1,"IOTHUB_CLIENT_CONFIRMATION_OK"
2066,10401541337,10401541396,1,"IOTHUB_CLIENT_CONFIRMATION_OK"
2067,10401541537,10401541573,1,"IOTHUB_CLIENT_CONFIRMATION_OK"
2068,10401541737,10401541768,1,"IOTHUB_CLIENT_CONFIRMATION_OK"
2069,10401541937,10401542009,1,"IOTHUB_CLIENT_CONFIRMATION_OK"
2070,10401542137,10401542166,1,"IOTHUB_CLIENT_CONFIRMATION_OK"
2071,10401542337,10401542418,1,"IOTHUB_CLIENT_CONFIRMATION_OK"
2072,10401542538,10401542569,1,"IOTHUB_CLIENT_CONFIRMATION_OK"
2073,10401542738,10401542768,1,"IOTHUB_CLIENT_CONFIRMATION_OK"
2074,10401542938,10401543029,1,"IOTHUB_CLIENT_CONFIRMATION_OK"
2075,10401543138,10401543168,1,"IOTHUB_CLIENT_CONFIRMATION_OK"
2076,10401543338,10401543418,1,"IOTHUB_CLIENT_CONFIRMATION_OK"
2077,10401543538,10401543577,1,"IOTHUB_CLIENT_CONFIRMATION_OK"
2078,10401543738,10401543767,1,"IOTHUB_CLIENT_CONFIRMATION_OK"
2079,10401543939,10401543989,1,"IOTHUB_CLIENT_CONFIRMATION_OK"
2080,10401544139,10401544170,1,"IOTHUB_CLIENT_CONFIRMATION_OK"
2081,10401544339,10401544370,1,"IOTHUB_CLIENT_CONFIRMATION_OK"
2082,10401544539,10401544593,1,"IOTHUB_CLIENT_CONFIRMATION_OK"
2083,10401544739,10401544767,1,"IOTHUB_CLIENT_CONFIRMATION_OK"
2084,10401544939,10401544991,1,"IOTHUB_CLIENT_CONFIRMATION_OK"
2085,10401545140,10401545169,1,"IOTHUB_CLIENT_CONFIRMATION_OK"
2086,10401545340,10401545370,1,"IOTHUB_CLIENT_CONFIRMATION_OK"
2087,10401545540,10401545586,1,"IOTHUB_CLIENT_CONFIRMATION_OK"
2088,10401545740,10401545768,1,"IOTHUB_CLIENT_CONFIRMATION_OK"
2089,10401545940,10401545989,1,"IOTHUB_CLIENT_CONFIRMATION_OK"
2090,10401546140,10401546170,1,"IOTHUB_CLIENT_CONFIRMATION_OK"
2091,10401546340,10401546396,1,"IOTHUB_CLIENT_CONFIRMATION_OK"
2092,10401546541,10401546607,1,"IOTHUB_CLIENT_CONFIRMATION_OK"
2093,10401546741,10401546771,1,"IOTHUB_CLIENT_CONFIRMATION_OK"
2094,10401546941,10401546972,1,"IOTHUB_CLIENT_CONFIRMATION_OK"
2095,10401547141,10401547169,1,"IOTHUB_CLIENT_CONFIRMATION_OK"
2096,10401547341,10401547372,1,"IOTHUB_CLIENT_CONFIRMATION_OK"
2097,10401547541,10401547634,1,"IOTHUB_CLIENT_CONFIRMATION_OK"
2098,10401547742,10401547777,1,"IOTHUB_CLIENT_CONFIRMATION_OK"
2099,10401547942,10401547978,1,"IOTHUB_CLIENT_CONFIRMATION_OK"
2100,10401548142,10401548180,1,"IOTHUB_CLIENT_CONFIRMATION_OK"
2101,10401548342,10401548373,1,"IOTHUB_CLIENT_CONFIRMATION_OK"
2102,10401548542,10401548647,1,"IOTHUB_CLIENT_CONFIRMATION_OK"
2103,10401548742,10401548780,1,"IOTHUB_CLIENT_CONFIRMATION_OK"
2104,10401548943,10401548974,1,"IOTHUB_CLIENT_CONFIRMATION_OK"
2105,10401549143,10401549268,1,"IOTHUB_CLIENT_CONFIRMATION_OK"
2106,10401549343,10401549371,1,"IOTHUB_CLIENT_CONFIRMATION_OK"
2107,10401549543,10401549614,1,"IOTHUB_CLIENT_CONFIRMATION_OK"
2108,10401549743,10401549786,1,"IOTHUB_CLIENT_CONFIRMATION_OK"
2109,10401549943,10401549976,1,"IOTHUB_CLIENT_CONFIRMATION_OK"
2110,10401550143,10401550288,1,"IOTHUB_CLIENT_CONFIRMATION_OK"
2111,10401550344,10401550372,1,"IOTHUB_CLIENT_CONFIRMATION_OK"
2112,10401550544,10401550579,1,"IOTHUB_CLIENT_CONFIRMATION_OK"
2113,10401550744,10401550784,1,"IOTHUB_CLIENT_CONFIRMATION_OK"
2114,10401550944,10401550990,1,"IOTHUB_CLIENT_CONFIRMATION_OK"
2115,10401551144,10401551291,1,"IOTHUB_CLIENT_CONFIRMATION_OK"
2116,10401551344,10401551381,1,"IOTHUB_CLIENT_CONFIRMATION_OK"
2117,10401551545,10401551577,1,"IOTHUB_CLIENT_CONFIRMATION_OK"
2118,10401551745,10401551777,1,"IOTHUB_CLIENT_CONFIRMATION_OK"
2119,10401551945,10401552002,1,"IOTHUB_CLIENT_CONFIRMATION_OK"
2120,10401552145,10401552203,1,"IOTHUB_CLIENT_CONFIRMATION_OK"
2121,10401552345,10401552373,1,"IOTHUB_CLIENT_CONFIRMATION_OK"
2122,10401552545,10401552575,1,"IOTHUB_CLIENT_CONFIRMATION_OK"
2123,10401552745,10401552787,1,"IOTHUB_CLIENT_CONFIRMATION_OK"
2124,10401552946,10401552980,1,"IOTHUB_CLIENT_CONFIRMATION_OK"
2125,10401553146,10401553177,1,"IOTHUB_CLIENT_CONFIRMATION_OK"
2126,10401553346,10401553493,1,"IOTHUB_CLIENT_CONFIRMATION_OK"
2127,10401553546,10401553577,1,"IOTHUB_CLIENT_CONFIRMATION_OK"
2128,10401553746,10401554038,1,"IOTHUB_CLIENT_CONFIRMATION_OK"
2129,10401553946,10401554220,1,"IOTHUB_CLIENT_CONFIRMATION_OK"
2130,10401554147,10401554285,1,"IOTHUB_CLIENT_CONFIRMATION_OK"
2131,10401554347,10401554392,1,"IOTHUB_CLIENT_CONFIRMATION_OK"
2132,10401554547,10401554598,1,"IOTHUB_CLIENT_CONFIRMATION_OK"
2133,10401554747,10401554775,1,"IOTHUB_CLIENT_CONFIRMATION_OK"
2134,10401554947,10401554975,1,"IOTHUB_CLIENT_CONFIRMATION_OK"
2135,10401555147,10401555247,1,"IOTHUB_CLIENT_CONFIRMATION_OK"
2136,10401555348,10401555459,1,"IOTHUB_CLIENT_CONFIRMATION_OK"
2137,10401555548,10401555578,1,"IOTHUB_CLIENT_CONFIRMATION_OK"
2138,10401555748,10401555777,1,"IOTHUB_CLIENT_CONFIRMATION_OK"
2139,10401555948,10401555981,1,"IOTHUB_CLIENT_CONFIRMATION_OK"
2140,10401556148,10401556178,1,"IOTHUB_CLIENT_CONFIRMATION_OK"
2141,10401556348,10401556471,1,"IOTHUB_CLIENT_CONFIRMATION_OK"
2142,10401556549,10401556582,1,"IOTHUB_CLIENT_CONFIRMATION_OK"
2143,10401556749,10401556785,1,"IOTHUB_CLIENT_CONFIRMATION_OK"
2144,10401556949,10401556981,1,"IOTHUB_CLIENT_CONFIRMATION_OK"
2145,10401557149,10401557182,1,"IOTHUB_CLIENT_CONFIRMATION_OK"
2146,10401557349,10401557505,1,"IOTHUB_CLIENT_CONFIRMATION_OK"
2147,10401557549,10401557585,1,"IOTHUB_CLIENT_CONFIRMATION_OK"
2148,10401557750,10401557778,1,"IOTHUB_CLIENT_CONFIRMATION_OK"
2149,10401557950,10401557981,1,"IOTHUB_CLIENT_CONFIRMATION_OK"
2150,10401558150,10401558227,1,"IOTHUB_CLIENT_CONFIRMATION_OK"
2151,10401558350,10401558519,1,"IOTHUB_CLIENT_CONFIRMATION_OK"
2152,10401558550,10401558592,1,"IOTHUB_CLIENT_CONFIRMATION_OK"
2153,10401558750,10401558781,1,"IOTHUB_CLIENT_CONFIRMATION_OK"
2154,10401558950,10401558982,1,"IOTHUB_CLIENT_CONFIRMATION_OK"
2155,10401559151,10401559188,1,"IOTHUB_CLIENT_CONFIRMATION_OK"
2156,10401559351,10401559381,1,"IOTHUB_CLIENT_CONFIRMATION_OK"
2157,10401559551,10401559581,1,"IOTHUB_CLIENT_CONFIRMATION_OK"
2158,10401559751,10401559782,1,"IOTHUB_CLIENT_CONFIRMATION_OK"
2159,10401559951,10401559985,1,"IOTHUB_CLIENT_CONFIRMATION_OK"
2160,10401560151,10401560193,1,"IOTHUB_CLIENT_CONFIRMATION_OK"
2161,10401560352,10401560382,1,"IOTHUB_CLIENT_CONFIRMATION_OK"
2162,10401560552,10401560583,1,"IOTHUB_CLIENT_CONFIRMATION_OK"
2163,10401560752,10401560782,1,"IOTHUB_CLIENT_CONFIRMATION_OK"
2164,10401560952,10401560982,1,"IOTHUB_CLIENT_CONFIRMATION_OK"
2165,10401561152,10401561269,1,"IOTHUB_CLIENT_CONFIRMATION_OK"
2166,10401561352,10401561384,1,"IOTHUB_CLIENT_CONFIRMATION_OK"
2167,10401561553,10401561583,1,"IOTHUB_CLIENT_CONFIRMATION_OK"
2168,10401561753,10401561804,1,"IOTHUB_CLIENT_CONFIRMATION_OK"
2169,10401561953,10401561986,1,"IOTHUB_CLIENT_CONFIRMATION_OK"
2170,10401562153,10401562183,1,"IOTHUB_CLIENT_CONFIRMATION_OK"
2171,10401562353,10401562387,1,"IOTHUB_CLIENT_CONFIRMATION_OK"
2172,10401562553,10401562709,1,"IOTHUB_CLIENT_CONFIRMATION_OK"
2173,10401562754,10401562783,1,"IOTHUB_CLIENT_CONFIRMATION_OK"
2174,10401562954,10401562997,1,"IOTHUB_CLIENT_CONFIRMATION_OK"
2175,10401563154,10401563186,1,"IOTHUB_CLIENT_CONFIRMATION_OK"
2176,10401563354,10401563388,1,"IOTHUB_CLIENT_CONFIRMATION_OK"
2177,10401563554,10401563738,1,"IOTHUB_CLIENT_CONFIRMATION_OK"
2178,10401563754,10401563786,1,"IOTHUB_CLIENT_CONFIRMATION_OK"
2179,10401563955,10401563996,1,"IOTHUB_CLIENT_CONFIRMATION_OK"
2180,10401564155,10401564186,1,"IOTHUB_CLIENT_CONFIRMATION_OK"
2181,10401564355,10401564402,1,"IOTHUB_CLIENT_CONFIRMATION_OK"
2182,10401564555,10401564586,1,"IOTHUB_CLIENT_CONFIRMATION_OK"
2183,10401564755,10401564788,1,"IOTHUB_CLIENT_CONFIRMATION_OK"
2184,10401564955,10401564991,1,"IOTHUB_CLIENT_CONFIRMATION_OK"
2185,10401565156,10401565218,1,"IOTHUB_CLIENT_CONFIRMATION_OK"
2186,10401565356,10401565389,1,"IOTHUB_CLIENT_CONFIRMATION_OK"
2187,10401565556,10401565588,1,"IOTHUB_CLIENT_CONFIRMATION_OK"
2188,10401565756,10401565895,1,"IOTHUB_CLIENT_CONFIRMATION_OK"
2189,10401565956,10401565990,1,"IOTHUB_CLIENT_CONFIRMATION_OK"
2190,10401566156,10401566273,1,"IOTHUB_CLIENT_CONFIRMATION_OK"
2191,10401566356,10401566394,1,"IOTHUB_CLIENT_CONFIRMATION_OK"
2192,10401566557,10401566599,1,"IOTHUB_CLIENT_CONFIRMATION_OK"
2193,10401566757,10401566789,1,"IOTHUB_CLIENT_CONFIRMATION_OK"
2194,10401566957,10401567001,1,"IOTHUB_CLIENT_CONFIRMATION_OK"
2195,10401567157,10401567333,1,"IOTHUB_CLIENT_CONFIRMATION_OK"
2196,10401567357,10401567388,1,"IOTHUB_CLIENT_CONFIRMATION_OK"
2197,10401567557,10401567649,1,"IOTHUB_CLIENT_CONFIRMATION_OK"
2198,10401567758,10401567804,1,"IOTHUB_CLIENT_CONFIRMATION_OK"
2199,10401567958,10401567988,1,"IOTHUB_CLIENT_CONFIRMATION_OK"
2200,10401568158,10401568188,1,"IOTHUB_CLIENT_CONFIRMATION_OK"
2201,10401568358,10401568387,1,"IOTHUB_CLIENT_CONFIRMATION_OK"
2202,10401568558,10401568599,1,"IOTHUB_CLIENT_CONFIRMATION_OK"
2203,10401568758,10401568793,1,"IOTHUB_CLIENT_CONFIRMATION_OK"
2204,10401568958,10401568989,1,"IOTHUB_CLIENT_CONFIRMATION_OK"
2205,10401569159,10401569203,1,"IOTHUB_CLIENT_CONFIRMATION_OK"
2206,10401569359,10401569389,1,"IOTHUB_CLIENT_CONFIRMATION_OK"
2207,10401569559,10401569597,1,"IOTHUB_CLIENT_CONFIRMATION_OK"
2208,10401569759,10401569964,1,"IOTHUB_CLIENT_CONFIRMATION_OK"
2209,10401569959,10401569990,1,"IOTHUB_CLIENT_CONFIRMATION_OK"
2210,10401570159,10401570203,1,"IOTHUB_CLIENT_CONFIRMATION_OK"
2211,10401570360,10401570414,1,"IOTHUB_CLIENT_CONFIRMATION_OK"
2212,10401570560,10401570619,1,"IOTHUB_CLIENT_CONFIRMATION_OK"
2213,10401570760,10401570802,1,"IOTHUB_CLIENT_CONFIRMATION_OK"
2214,10401570960,10401570991,1,"IOTHUB_CLIENT_CONFIRMATION_OK"
2215,10401571160,10401571191,1,"IOTHUB_CLIENT_CONFIRMATION_OK"
2216,10401571360,10401571442,1,"IOTHUB_CLIENT_CONFIRMATION_OK"
2217,10401571561,10401571591,1,"IOTHUB_CLIENT_CONFIRMATION_OK"
2218,10401571761,10401571789,1,"IOTHUB_CLIENT_CONFIRMATION_OK"
2219,10401571961,10401571993,1,"IOTHUB_CLIENT_CONFIRMATION_OK"
2220,10401572161,10401572190,1,"IOTHUB_CLIENT_CONFIRMATION_OK"
2221,10401572361,10401572468,1,"IOTHUB_CLIENT_CONFIRMATION_OK"
2222,10401572561,10401572592,1,"IOTHUB_CLIENT_CONFIRMATION_OK"
2223,10401572761,10401572791,1,"IOTHUB_CLIENT_CONFIRMATION_OK"
2224,10401572962,10401572991,1,"IOTHUB_CLIENT_CONFIRMATION_OK"
2225,10401573162,10401573196,1,"IOTHUB_CLIENT_CONFIRMATION_OK"
2226,10401573362,10401573592,1,"IOTHUB_CLIENT_CONFIRMATION_OK"
2227,10401573562,10401573610,1,"IOTHUB_CLIENT_CONFIRMATION_OK"
2228,10401573762,10401573799,1,"IOTHUB_CLIENT_CONFIRMATION_OK"
2229,10401573962,10401574002,1,"IOTHUB_CLIENT_CONFIRMATION_OK"
2230,10401574163,10401574227,1,"IOTHUB_CLIENT_CONFIRMATION_OK"
2231,10401574363,10401574397,1,"IOTHUB_CLIENT_CONFIRMATION_OK"
2232,10401574564,10401574621,1,"IOTHUB_CLIENT_CONFIRMATION_OK"
2233,10401574764,10401574802,1,"IOTHUB_CLIENT_CONFIRMATION_OK"
2234,10401574964,10401575021,1,"IOTHUB_CLIENT_CONFIRMATION_OK"
2235,10401575164,10401575195,1,"IOTHUB_CLIENT_CONFIRMATION_OK"
2236,10401575364,10401575397,1,"IOTHUB_CLIENT_CONFIRMATION_OK"
2237,10401575564,10401575638,1,"IOTHUB_CLIENT_CONFIRMATION_OK"
2238,10401575765,10401575796,1,"IOTHUB_CLIENT_CONFIRMATION_OK"
2239,10401575965,10401576060,1,"IOTHUB_CLIENT_CONFIRMATION_OK"
2240,10401576165,10401576207,1,"IOTHUB_CLIENT_CONFIRMATION_OK"
2241,10401576365,10401576395,1,"IOTHUB_CLIENT_CONFIRMATION_OK"
2242,10401576565,10401576648,1,"IOTHUB_CLIENT_CONFIRMATION_OK"
2243,10401576765,10401576812,1,"IOTHUB_CLIENT_CONFIRMATION_OK"
2244,10401576965,10401577008,1,"IOTHUB_CLIENT_CONFIRMATION_OK"
2245,10401577166,10401577195,1,"IOTHUB_CLIENT_CONFIRMATION_OK"
2246,10401577366,10401577398,1,"IOTHUB_CLIENT_CONFIRMATION_OK"
2247,10401577566,10401577607,1,"IOTHUB_CLIENT_CONFIRMATION_OK"
2248,10401577766,10401577798,1,"IOTHUB_CLIENT_CONFIRMATION_OK"
2249,10401577966,10401577995,1,"IOTHUB_CLIENT_CONFIRMATION_OK"
2250,10401578166,10401578197,1,"IOTHUB_CLIENT_CONFIRMATION_OK"
2251,10401578367,10401578492,1,"IOTHUB_CLIENT_CONFIRMATION_OK"
2252,10401578567,10401578597,1,"IOTHUB_CLIENT_CONFIRMATION_OK"
2253,10401578767,10401578801,1,"IOTHUB_CLIENT_CONFIRMATION_OK"
2254,10401578967,10401579018,1,"IOTHUB_CLIENT_CONFIRMATION_OK"
2255,10401579167,10401579195,1,"IOTHUB_CLIENT_CONFIRMATION_OK"
2256,10401579367,10401579532,1,"IOTHUB_CLIENT_CONFIRMATION_OK"
2257,10401579568,10401579604,1,"IOTHUB_CLIENT_CONFIRMATION_OK"
2258,10401579768,10401579949,1,"IOTHUB_CLIENT_CONFIRMATION_OK"
2259,10401579968,10401580000,1,"IOTHUB_CLIENT_CONFIRMATION_OK"
2260,10401580168,10401580334,1,"IOTHUB_CLIENT_CONFIRMATION_OK"
2261,10401580368,10401580402,1,"IOTHUB_CLIENT_CONFIRMATION_OK"
2262,10401580568,10401580599,1,"IOTHUB_CLIENT_CONFIRMATION_OK"
2263,10401580768,10401580797,1,"IOTHUB_CLIENT_CONFIRMATION_OK"
2264,10401580969,10401581004,1,"IOTHUB_CLIENT_CONFIRMATION_OK"
2265,10401581169,10401581355,1,"IOTHUB_CLIENT_CONFIRMATION_OK"
2266,10401581369,10401581407,1,"IOTHUB_CLIENT_CONFIRMATION_OK"
2267,10401581569,10401581599,1,"IOTHUB_CLIENT_CONFIRMATION_OK"
2268,10401581769,10401581799,1,"IOTHUB_CLIENT_CONFIRMATION_OK"
2269,10401581969,10401581998,1,"IOTHUB_CLIENT_CONFIRMATION_OK"
2270,10401582169,10401582378,1,"IOTHUB_CLIENT_CONFIRMATION_OK"
2271,10401582370,10401582419,1,"IOTHUB_CLIENT_CONFIRMATION_OK"
2272,10401582570,10401582604,1,"IOTHUB_CLIENT_CONFIRMATION_OK"
2273,10401582770,10401582806,1,"IOTHUB_CLIENT_CONFIRMATION_OK"
2274,10401582970,10401583002,1,"IOTHUB_CLIENT_CONFIRMATION_OK"
2275,10401583170,10401583204,1,"IOTHUB_CLIENT_CONFIRMATION_OK"
2276,10401583370,10401583426,1,"IOTHUB_CLIENT_CONFIRMATION_OK"
2277,10401583571,10401583612,1,"IOTHUB_CLIENT_CONFIRMATION_OK"
2278,10401583771,10401583836,1,"IOTHUB_CLIENT_CONFIRMATION_OK"
2279,10401583971,10401584066,1,"IOTHUB_CLIENT_CONFIRMATION_OK"
2280,10401584171,10401584217,1,"IOTHUB_CLIENT_CONFIRMATION_OK"
2281,10401584371,10401584430,1,"IOTHUB_CLIENT_CONFIRMATION_OK"
2282,10401584571,10401584606,1,"IOTHUB_CLIENT_CONFIRMATION_OK"
2283,10401584772,10401584835,1,"IOTHUB_CLIENT_CONFIRMATION_OK"
2284,10401584972,10401585003,1,"IOTHUB_CLIENT_CONFIRMATION_OK"
2285,10401585172,10401585201,1,"IOTHUB_CLIENT_CONFIRMATION_OK"
2286,10401585372,10401585444,1,"IOTHUB_CLIENT_CONFIRMATION_OK"
2287,10401585572,10401585603,1,"IOTHUB_CLIENT_CONFIRMATION_OK"
2288,10401585772,10401585806,1,"IOTHUB_CLIENT_CONFIRMATION_OK"
2289,10401585972,10401586003,1,"IOTHUB_CLIENT_CONFIRMATION_OK"
2290,10401586173,10401586202,1,"IOTHUB_CLIENT_CONFIRMATION_OK"
2291,10401586373,10401586525,1,"IOTHUB_CLIENT_CONFIRMATION_OK"
2292,10401586573,10401586602,1,"IOTHUB_CLIENT_CONFIRMATION_OK"
2293,10401586773,10401586809,1,"IOTHUB_CLIENT_CONFIRMATION_OK"
2294,10401586973,10401587007,1,"IOTHUB_CLIENT_CONFIRMATION_OK"
2295,10401587173,10401587202,1,"IOTHUB_CLIENT_CONFIRMATION_OK"
2296,10401587374,10401587552,1,"IOTHUB_CLIENT_CONFIRMATION_OK"
2297,10401587574,10401587618,1,"IOTHUB_CLIENT_CONFIRMATION_OK"
2298,10401587774,10401587805,1,"IOTHUB_CLIENT_CONFIRMATION_OK"
2299,10401587974,10401588005,1,"IOTHUB_CLIENT_CONFIRMATION_OK"
2300,10401588174,10401588204,1,"IOTHUB_CLIENT_CONFIRMATION_OK"
2301,10401588374,10401588575,1,"IOTHUB_CLIENT_CONFIRMATION_OK"
2302,10401588574,10401588604,1,"IOTHUB_CLIENT_CONFIRMATION_OK"
2303,10401588775,10401588803,1,"IOTHUB_CLIENT_CONFIRMATION_OK"
2304,10401588975,10401589022,1,"IOTHUB_CLIENT_CONFIRMATION_OK"
2305,10401589175,10401589206,1,"IOTHUB_CLIENT_CONFIRMATION_OK"
2306,10401589375,10401589408,1,"IOTHUB_CLIENT_CONFIRMATION_OK"
2307,10401589575,10401589614,1,"IOTHUB_CLIENT_CONFIRMATION_OK"
2308,10401589775,10401589812,1,"IOTHUB_CLIENT_CONFIRMATION_OK"
2309,10401589976,10401590012,1,"IOTHUB_CLIENT_CONFIRMATION_OK"
2310,10401590176,10401590207,1,"IOTHUB_CLIENT_CONFIRMATION_OK"
2311,10401590376,10401590410,1,"IOTHUB_CLIENT_CONFIRMATION_OK"
2312,10401590576,10401590608,1,"IOTHUB_CLIENT_CONFIRMATION_OK"
2313,10401590776,10401590808,1,"IOTHUB_CLIENT_CONFIRMATION_OK"
2314,10401590976,10401591007,1,"IOTHUB_CLIENT_CONFIRMATION_OK"
2315,10401591176,10401591207,1,"IOTHUB_CLIENT_CONFIRMATION_OK"
2316,10401591377,10401591404,1,"IOTHUB_CLIENT_CONFIRMATION_OK"
2317,10401591577,10401591613,1,"IOTHUB_CLIENT_CONFIRMATION_OK"
2318,10401591777,10401591809,1,"IOTHUB_CLIENT_CONFIRMATION_OK"
2319,10401591977,10401592006,1,"IOTHUB_CLIENT_CONFIRMATION_OK"
2320,10401592177,10401592208,1,"IOTHUB_CLIENT_CONFIRMATION_OK"
2321,10401592377,10401592412,1,"IOTHUB_CLIENT_CONFIRMATION_OK"
2322,10401592578,10401592678,1,"IOTHUB_CLIENT_CONFIRMATION_OK"
2323,10401592778,10401592821,1,"IOTHUB_CLIENT_CONFIRMATION_OK"
2324,10401592978,10401593006,1,"IOTHUB_CLIENT_CONFIRMATION_OK"
2325,10401593178,10401593209,1,"IOTHUB_CLIENT_CONFIRMATION_OK"
2326,10401593378,10401593416,1,"IOTHUB_CLIENT_CONFIRMATION_OK"
2327,10401593578,10401593696,1,"IOTHUB_CLIENT_CONFIRMATION_OK"
2328,10401593779,10401593818,1,"IOTHUB_CLIENT_CONFIRMATION_OK"
2329,10401593979,10401594010,1,"IOTHUB_CLIENT_CONFIRMATION_OK"
2330,10401594179,10401594208,1,"IOTHUB_CLIENT_CONFIRMATION_OK"
2331,10401594379,10401594409,1,"IOTHUB_CLIENT_CONFIRMATION_OK"
2332,10401594579,10401594609,1,"IOTHUB_CLIENT_CONFIRMATION_OK"
2333,10401594779,10401594812,1,"IOTHUB_CLIENT_CONFIRMATION_OK"
2334,10401594980,10401595009,1,"IOTHUB_CLIENT_CONFIRMATION_OK"
2335,10401595180,10401595266,1,"IOTHUB_CLIENT_CONFIRMATION_OK"
2336,10401595380,10401595413,1,"IOTHUB_CLIENT_CONFIRMATION_OK"
2337,10401595580,10401595608,1,"IOTHUB_CLIENT_CONFIRMATION_OK"
2338,10401595780,10401595816,1,"IOTHUB_CLIENT_CONFIRMATION_OK"
2339,10401595980,10401596011,1,"IOTHUB_CLIENT_CONFIRMATION_OK"
2340,10401596181,10401596222,1,"IOTHUB_CLIENT_CONFIRMATION_OK"
2341,10401596381,10401596409,1,"IOTHUB_CLIENT_CONFIRMATION_OK"
2342,10401596581,10401596617,1,"IOTHUB_CLIENT_CONFIRMATION_OK"
2343,10401596781,10401596818,1,"IOTHUB_CLIENT_CONFIRMATION_OK"
2344,10401596981,10401597012,1,"IOTHUB_CLIENT_CONFIRMATION_OK"
2345,10401597181,10401597211,1,"IOTHUB_CLIENT_CONFIRMATION_OK"
2346,10401597382,10401597413,1,"IOTHUB_CLIENT_CONFIRMATION_OK"
2347,10401597582,10401597623,1,"IOTHUB_CLIENT_CONFIRMATION_OK"
2348,10401597782,10401597854,1,"IOTHUB_CLIENT_CONFIRMATION_OK"
2349,10401597982,10401598013,1,"IOTHUB_CLIENT_CONFIRMATION_OK"
2350,10401598182,10401598210,1,"IOTHUB_CLIENT_CONFIRMATION_OK"
2351,10401598382,10401598442,1,"IOTHUB_CLIENT_CONFIRMATION_OK"
2352,10401598582,10401598623,1,"IOTHUB_CLIENT_CONFIRMATION_OK"
2353,10401598783,10401598813,1,"IOTHUB_CLIENT_CONFIRMATION_OK"
2354,10401598983,10401599022,1,"IOTHUB_CLIENT_CONFIRMATION_OK"
2355,10401599183,10401599217,1,"IOTHUB_CLIENT_CONFIRMATION_OK"
2356,10401599383,10401599466,1,"IOTHUB_CLIENT_CONFIRMATION_OK"
2357,10401599583,10401599622,1,"IOTHUB_CLIENT_CONFIRMATION_OK"
2358,10401599783,10401599850,1,"IOTHUB_CLIENT_CONFIRMATION_OK"
2359,10401599984,10401600012,1,"IOTHUB_CLIENT_CONFIRMATION_OK"
2360,10401600184,10401600212,1,"IOTHUB_CLIENT_CONFIRMATION_OK"
2361,10401600384,10401600497,1,"IOTHUB_CLIENT_CONFIRMATION_OK"
2362,10401600584,10401600613,1,"IOTHUB_CLIENT_CONFIRMATION_OK"
2363,10401600784,10401600818,1,"IOTHUB_CLIENT_CONFIRMATION_OK"
2364,10401600984,10401601016,1,"IOTHUB_CLIENT_CONFIRMATION_OK"
2365,10401601185,10401601216,1,"IOTHUB_CLIENT_CONFIRMATION_OK"
2366,10401601385,10401601413,1,"IOTHUB_CLIENT_CONFIRMATION_OK"
2367,10401601585,10401601618,1,"IOTHUB_CLIENT_CONFIRMATION_OK"
2368,10401601785,10401601816,1,"IOTHUB_CLIENT_CONFIRMATION_OK"
2369,10401601985,10401602039,1,"IOTHUB_CLIENT_CONFIRMATION_OK"
2370,10401602185,10401602226,1,"IOTHUB_CLIENT_CONFIRMATION_OK"
2371,10401602386,10401602418,1,"IOTHUB_CLIENT_CONFIRMATION_OK"
2372,10401602586,10401602616,1,"IOTHUB_CLIENT_CONFIRMATION_OK"
2373,10401602786,10401602818,1,"IOTHUB_CLIENT_CONFIRMATION_OK"
2374,10401602986,10401603017,1,"IOTHUB_CLIENT_CONFIRMATION_OK"
2375,10401603186,10401603226,1,"IOTHUB_CLIENT_CONFIRMATION_OK"
2376,10401603387,10401603416,1,"IOTHUB_CLIENT_CONFIRMATION_OK"
2377,10401603587,10401603619,1,"IOTHUB_CLIENT_CONFIRMATION_OK"
2378,10401603787,10401603829,1,"IOTHUB_CLIENT_CONFIRMATION_OK"
2379,10401603987,10401604038,1,"IOTHUB_CLIENT_CONFIRMATION_OK"
2380,10401604187,10401604224,1,"IOTHUB_CLIENT_CONFIRMATION_OK"
2381,10401604387,10401604432,1,"IOTHUB_CLIENT_CONFIRMATION_OK"
2382,10401604588,10401604618,1,"IOTHUB_CLIENT_CONFIRMATION_OK"
2383,10401604788,10401604819,1,"IOTHUB_CLIENT_CONFIRMATION_OK"
2384,10401604988,10401605101,1,"IOTHUB_CLIENT_CONFIRMATION_OK"
2385,10401605188,10401605219,1,"IOTHUB_CLIENT_CONFIRMATION_OK"
2386,10401605388,10401605417,1,"IOTHUB_CLIENT_CONFIRMATION_OK"
2387,10401605588,10401605619,1,"IOTHUB_CLIENT_CONFIRMATION_OK"
2388,10401605789,10401605816,1,"IOTHUB_CLIENT_CONFIRMATION_OK"
2389,10401605989,10401606116,1,"IOTHUB_CLIENT_CONFIRMATION_OK"
2390,10401606189,10401606224,1,"IOTHUB_CLIENT_CONFIRMATION_OK"
2391,10401606389,10401606450,1,"IOTHUB_CLIENT_CONFIRMATION_OK"
2392,10401606589,10401606742,1,"IOTHUB_CLIENT_CONFIRMATION_OK"
2393,10401606789,10401606819,1,"IOTHUB_CLIENT_CONFIRMATION_OK"
2394,10401606990,10401607021,1,"IOTHUB_CLIENT_CONFIRMATION_OK"
2395,10401607190,10401607218,1,"IOTHUB_CLIENT_CONFIRMATION_OK"
2396,10401607390,10401607423,1,"IOTHUB_CLIENT_CONFIRMATION_OK"
2397,10401607590,10401607621,1,"IOTHUB_CLIENT_CONFIRMATION_OK"
2398,10401607790,10401607833,1,"IOTHUB_CLIENT_CONFIRMATION_OK"
2399,10401607990,10401608040,1,"IOTHUB_CLIENT_CONFIRMATION_OK"
2400,10401608191,10401608220,1,"IOTHUB_CLIENT_CONFIRMATION_OK"
2401,10401608391,10401608418,1,"IOTHUB_CLIENT_CONFIRMATION_OK"
2402,10401608591,10401608783,1,"IOTHUB_CLIENT_CONFIRMATION_OK"
2403,10401608791,10401608834,1,"IOTHUB_CLIENT_CONFIRMATION_OK"
2404,10401608991,10401609029,1,"IOTHUB_CLIENT_CONFIRMATION_OK"
2405,10401609191,10401609290,1,"IOTHUB_CLIENT_CONFIRMATION_OK"
2406,10401609392,10401609422,1,"IOTHUB_CLIENT_CONFIRMATION_OK"
2407,10401609592,10401609620,1,"IOTHUB_CLIENT_CONFIRMATION_OK"
2408,10401609792,10401609836,1,"IOTHUB_CLIENT_CONFIRMATION_OK"
2409,10401609992,10401610023,1,"IOTHUB_CLIENT_CONFIRMATION_OK"
2410,10401610192,10401610220,1,"IOTHUB_CLIENT_CONFIRMATION_OK"
2411,10401610392,10401610424,1,"IOTHUB_CLIENT_CONFIRMATION_OK"
2412,10401610593,10401610622,1,"IOTHUB_CLIENT_CONFIRMATION_OK"
2413,10401610793,10401610867,1,"IOTHUB_CLIENT_CONFIRMATION_OK"
2414,10401610993,10401611027,1,"IOTHUB_CLIENT_CONFIRMATION_OK"
2415,10401611193,10401611239,1,"IOTHUB_CLIENT_CONFIRMATION_OK"
2416,10401611393,10401611424,1,"IOTHUB_CLIENT_CONFIRMATION_OK"
2417,10401611597,10401611640,1,"IOTHUB_CLIENT_CONFIRMATION_OK"
2418,10401611797,10401611866,1,"IOTHUB_CLIENT_CONFIRMATION_OK"
2419,10401611997,10401612048,1,"IOTHUB_CLIENT_CONFIRMATION_OK"
2420,10401612197,10401612388,1,"IOTHUB_CLIENT_CONFIRMATION_OK"
2421,10401612397,10401612438,1,"IOTHUB_CLIENT_CONFIRMATION_OK"
2422,10401612597,10401612625,1,"IOTHUB_CLIENT_CONFIRMATION_OK"
2423,10401612798,10401612832,1,"IOTHUB_CLIENT_CONFIRMATION_OK"
2424,10401612998,10401613029,1,"IOTHUB_CLIENT_CONFIRMATION_OK"
2425,10401613198,10401613229,1,"IOTHUB_CLIENT_CONFIRMATION_OK"
2426,10401613398,10401613432,1,"IOTHUB_CLIENT_CONFIRMATION_OK"
2427,10401613598,10401613627,1,"IOTHUB_CLIENT_CONFIRMATION_OK"
2428,10401613798,10401613841,1,"IOTHUB_CLIENT_CONFIRMATION_OK"
2429,10401613999,10401614033,1,"IOTHUB_CLIENT_CONFIRMATION_OK"
2430,10401614199,10401614228,1,"IOTHUB_CLIENT_CONFIRMATION_OK"
2431,10401614399,10401614445,1,"IOTHUB_CLIENT_CONFIRMATION_OK"
2432,10401614599,10401614629,1,"IOTHUB_CLIENT_CONFIRMATION_OK"
2433,10401614799,10401614833,1,"IOTHUB_CLIENT_CONFIRMATION_OK"
2434,10401614999,10401615032,1,"IOTHUB_CLIENT_CONFIRMATION_OK"
2435,10401615200,10401615231,1,"IOTHUB_CLIENT_CONFIRMATION_OK"
2436,10401615400,10401615549,1,"IOTHUB_CLIENT_CONFIRMATION_OK"
2437,10401615600,10401615628,1,"IOTHUB_CLIENT_CONFIRMATION_OK"
2438,10401615800,10401615834,1,"IOTHUB_CLIENT_CONFIRMATION_OK"
2439,10401616000,10401616043,1,"IOTHUB_CLIENT_CONFIRMATION_OK"
2440,10401616200,10401616228,1,"IOTHUB_CLIENT_CONFIRMATION_OK"
2441,10401616400,10401616573,1,"IOTHUB_CLIENT_CONFIRMATION_OK"
2442,10401616601,10401616638,1,"IOTHUB_CLIENT_CONFIRMATION_OK"
2443,10401616801,10401616829,1,"IOTHUB_CLIENT_CONFIRMATION_OK"
2444,10401617001,10401617031,1,"IOTHUB_CLIENT_CONFIRMATION_OK"
2445,10401617201,10401617231,1,"IOTHUB_CLIENT_CONFIRMATION_OK"
2446,10401617401,10401617436,1,"IOTHUB_CLIENT_CONFIRMATION_OK"
2447,10401617601,10401617636,1,"IOTHUB_CLIENT_CONFIRMATION_OK"
2448,10401617802,10401617839,1,"IOTHUB_CLIENT_CONFIRMATION_OK"
2449,10401618002,10401618053,1,"IOTHUB_CLIENT_CONFIRMATION_OK"
2450,10401618202,10401618233,1,"IOTHUB_CLIENT_CONFIRMATION_OK"
2451,10401618402,10401618467,1,"IOTHUB_CLIENT_CONFIRMATION_OK"
2452,10401618602,10401618636,1,"IOTHUB_CLIENT_CONFIRMATION_OK"
2453,10401618802,10401618834,1,"IOTHUB_CLIENT_CONFIRMATION_OK"
2454,10401619003,10401619073,1,"IOTHUB_CLIENT_CONFIRMATION_OK"
2455,10401619203,10401619236,1,"IOTHUB_CLIENT_CONFIRMATION_OK"
2456,10401619403,10401619436,1,"IOTHUB_CLIENT_CONFIRMATION_OK"
2457,10401619603,10401619635,1,"IOTHUB_CLIENT_CONFIRMATION_OK"
2458,10401619803,10401619863,1,"IOTHUB_CLIENT_CONFIRMATION_OK"
2459,10401620003,10401620101,1,"IOTHUB_CLIENT_CONFIRMATION_OK"
2460,10401620204,10401620236,1,"IOTHUB_CLIENT_CONFIRMATION_OK"
2461,10401620404,10401620436,1,"IOTHUB_CLIENT_CONFIRMATION_OK"
2462,10401620604,10401620762,1,"IOTHUB_CLIENT_CONFIRMATION_OK"
2463,10401620804,10401620831,1,"IOTHUB_CLIENT_CONFIRMATION_OK"
2464,10401621004,10401621121,1,"IOTHUB_CLIENT_CONFIRMATION_OK"
2465,10401621204,10401621238,1,"IOTHUB_CLIENT_CONFIRMATION_OK"
2466,10401621404,10401621433,1,"IOTHUB_CLIENT_CONFIRMATION_OK"
2467,10401621605,10401621636,1,"IOTHUB_CLIENT_CONFIRMATION_OK"
2468,10401621805,10401621833,1,"IOTHUB_CLIENT_CONFIRMATION_OK"
2469,10401622005,10401622036,1,"IOTHUB_CLIENT_CONFIRMATION_OK"
2470,10401622205,10401622237,1,"IOTHUB_CLIENT_CONFIRMATION_OK"
2471,10401622405,10401622445,1,"IOTHUB_CLIENT_CONFIRMATION_OK"
2472,10401622605,10401622771,1,"IOTHUB_CLIENT_CONFIRMATION_OK"
2473,10401622805,10401622834,1,"IOTHUB_CLIENT_CONFIRMATION_OK"
2474,10401623006,10401623046,1,"IOTHUB_CLIENT_CONFIRMATION_OK"
2475,10401623206,10401623236,1,"IOTHUB_CLIENT_CONFIRMATION_OK"
2476,10401623406,10401623435,1,"IOTHUB_CLIENT_CONFIRMATION_OK"
2477,10401623606,10401623852,1,"IOTHUB_CLIENT_CONFIRMATION_OK"
2478,10401623806,10401623874,1,"IOTHUB_CLIENT_CONFIRMATION_OK"
2479,10401624006,10401624036,1,"IOTHUB_CLIENT_CONFIRMATION_OK"
2480,10401624207,10401624328,1,"IOTHUB_CLIENT_CONFIRMATION_OK"
2481,10401624407,10401624439,1,"IOTHUB_CLIENT_CONFIRMATION_OK"
2482,10401624607,10401624646,1,"IOTHUB_CLIENT_CONFIRMATION_OK"
2483,10401624807,10401624837,1,"IOTHUB_CLIENT_CONFIRMATION_OK"
2484,10401625007,10401625037,1,"IOTHUB_CLIENT_CONFIRMATION_OK"
2485,10401625207,10401625286,1,"IOTHUB_CLIENT_CONFIRMATION_OK"
2486,10401625407,10401625436,1,"IOTHUB_CLIENT_CONFIRMATION_OK"
2487,10401625608,10401625635,1,"IOTHUB_CLIENT_CONFIRMATION_OK"
2488,10401625808,10401625841,1,"IOTHUB_CLIENT_CONFIRMATION_OK"
2489,10401626008,10401626035,1,"IOTHUB_CLIENT_CONFIRMATION_OK"
2490,10401626208,10401626288,1,"IOTHUB_CLIENT_CONFIRMATION_OK"
2491,10401626408,10401626440,1,"IOTHUB_CLIENT_CONFIRMATION_OK"
2492,10401626608,10401626639,1,"IOTHUB_CLIENT_CONFIRMATION_OK"
2493,10401626809,10401626900,1,"IOTHUB_CLIENT_CONFIRMATION_OK"
2494,10401627009,10401627036,1,"IOTHUB_CLIENT_CONFIRMATION_OK"
2495,10401627209,10401627305,1,"IOTHUB_CLIENT_CONFIRMATION_OK"
2496,10401627409,10401627445,1,"IOTHUB_CLIENT_CONFIRMATION_OK"
2497,10401627609,10401627653,1,"IOTHUB_CLIENT_CONFIRMATION_OK"
2498,10401627809,10401627926,1,"IOTHUB_CLIENT_CONFIRMATION_OK"
2499,10401628010,10401628042,1,"IOTHUB_CLIENT_CONFIRMATION_OK"
2500,10401628210,10401628244,1,"IOTHUB_CLIENT_CONFIRMATION_OK"
2501,10401628410,10401628438,1,"IOTHUB_CLIENT_CONFIRMATION_OK"
2502,10401628610,10401628639,1,"IOTHUB_CLIENT_CONFIRMATION_OK"
2503,10401628810,10401628934,1,"IOTHUB_CLIENT_CONFIRMATION_OK"
2504,10401629010,10401629042,1,"IOTHUB_CLIENT_CONFIRMATION_OK"
2505,10401629211,10401629317,1,"IOTHUB_CLIENT_CONFIRMATION_OK"
2506,10401629411,10401629444,1,"IOTHUB_CLIENT_CONFIRMATION_OK"
2507,10401629611,10401629662,1,"IOTHUB_CLIENT_CONFIRMATION_OK"
2508,10401629811,10401629959,1,"IOTHUB_CLIENT_CONFIRMATION_OK"
2509,10401630011,10401630044,1,"IOTHUB_CLIENT_CONFIRMATION_OK"
2510,10401630211,10401630240,1,"IOTHUB_CLIENT_CONFIRMATION_OK"
2511,10401630412,10401630443,1,"IOTHUB_CLIENT_CONFIRMATION_OK"
2512,10401630612,10401630639,1,"IOTHUB_CLIENT_CONFIRMATION_OK"
2513,10401630812,10401630841,1,"IOTHUB_CLIENT_CONFIRMATION_OK"
2514,10401631012,10401631046,1,"IOTHUB_CLIENT_CONFIRMATION_OK"
2515,10401631212,10401631245,1,"IOTHUB_CLIENT_CONFIRMATION_OK"
2516,10401631412,10401631454,1,"IOTHUB_CLIENT_CONFIRMATION_OK"
2517,10401631612,10401631659,1,"IOTHUB_CLIENT_CONFIRMATION_OK"
2518,10401631813,10401631843,1,"IOTHUB_CLIENT_CONFIRMATION_OK"
2519,10401632013,10401632042,1,"IOTHUB_CLIENT_CONFIRMATION_OK"
2520,10401632213,10401632252,1,"IOTHUB_CLIENT_CONFIRMATION_OK"
2521,10401632413,10401632487,1,"IOTHUB_CLIENT_CONFIRMATION_OK"
2522,10401632613,10401632645,1,"IOTHUB_CLIENT_CONFIRMATION_OK"
2523,10401632814,10401632842,1,"IOTHUB_CLIENT_CONFIRMATION_OK"
2524,10401633014,10401633111,1,"IOTHUB_CLIENT_CONFIRMATION_OK"
2525,10401633214,10401633246,1,"IOTHUB_CLIENT_CONFIRMATION_OK"
2526,10401633414,10401633504,1,"IOTHUB_CLIENT_CONFIRMATION_OK"
2527,10401633614,10401633645,1,"IOTHUB_CLIENT_CONFIRMATION_OK"
2528,10401633814,10401633858,1,"IOTHUB_CLIENT_CONFIRMATION_OK"
2529,10401634014,10401634167,1,"IOTHUB_CLIENT_CONFIRMATION_OK"
2530,10401634215,10401634246,1,"IOTHUB_CLIENT_CONFIRMATION_OK"
2531,10401634415,10401634446,1,"IOTHUB_CLIENT_CONFIRMATION_OK"
2532,10401634615,10401634644,1,"IOTHUB_CLIENT_CONFIRMATION_OK"
2533,10401634815,10401634857,1,"IOTHUB_CLIENT_CONFIRMATION_OK"
2534,10401635015,10401635166,1,"IOTHUB_CLIENT_CONFIRMATION_OK"
2535,10401635215,10401635248,1,"IOTHUB_CLIENT_CONFIRMATION_OK"
2536,10401635416,10401635462,1,"IOTHUB_CLIENT_CONFIRMATION_OK"
2537,10401635616,10401635644,1,"IOTHUB_CLIENT_CONFIRMATION_OK"
2538,10401635816,10401635855,1,"IOTHUB_CLIENT_CONFIRMATION_OK"
2539,10401636016,10401636176,1,"IOTHUB_CLIENT_CONFIRMATION_OK"
2540,10401636216,10401636248,1,"IOTHUB_CLIENT_CONFIRMATION_OK"
2541,10401636416,10401636447,1,"IOTHUB_CLIENT_CONFIRMATION_OK"
2542,10401636617,10401636661,1,"IOTHUB_CLIENT_CONFIRMATION_OK"
2543,10401636817,10401636845,1,"IOTHUB_CLIENT_CONFIRMATION_OK"
2544,10401637017,10401637049,1,"IOTHUB_CLIENT_CONFIRMATION_OK"
2545,10401637217,10401637245,1,"IOTHUB_CLIENT_CONFIRMATION_OK"
2546,10401637417,10401637445,1,"IOTHUB_CLIENT_CONFIRMATION_OK"
2547,10401637617,10401637648,1,"IOTHUB_CLIENT_CONFIRMATION_OK"
2548,10401637817,10401637848,1,"IOTHUB_CLIENT_CONFIRMATION_OK"
2549,10401638018,10401638055,1,"IOTHUB_CLIENT_CONFIRMATION_OK"
2550,10401638218,10401638250,1,"IOTHUB_CLIENT_CONFIRMATION_OK"
2551,10401638418,10401638447,1,"IOTHUB_CLIENT_CONFIRMATION_OK"
2552,10401638618,10401638650,1,"IOTHUB_CLIENT_CONFIRMATION_OK"
2553,10401638818,10401638849,1,"IOTHUB_CLIENT_CONFIRMATION_OK"
2554,10401639018,10401639048,1,"IOTHUB_CLIENT_CONFIRMATION_OK"
2555,10401639219,10401639264,1,"IOTHUB_CLIENT_CONFIRMATION_OK"
2556,10401639419,10401639456,1,"IOTHUB_CLIENT_CONFIRMATION_OK"
2557,10401639619,10401639649,1,"IOTHUB_CLIENT_CONFIRMATION_OK"
2558,10401639819,10401639853,1,"IOTHUB_CLIENT_CONFIRMATION_OK"
2559,10401640019,10401640051,1,"IOTHUB_CLIENT_CONFIRMATION_OK"
2560,10401640219,10401640275,1,"IOTHUB_CLIENT_CONFIRMATION_OK"
2561,10401640420,10401640507,1,"IOTHUB_CLIENT_CONFIRMATION_OK"
2562,10401640620,10401640655,1,"IOTHUB_CLIENT_CONFIRMATION_OK"
2563,10401640820,10401640849,1,"IOTHUB_CLIENT_CONFIRMATION_OK"
2564,10401641020,10401641055,1,"IOTHUB_CLIENT_CONFIRMATION_OK"
2565,10401641220,10401641396,1,"IOTHUB_CLIENT_CONFIRMATION_OK"
2566,10401641420,10401641454,1,"IOTHUB_CLIENT_CONFIRMATION_OK"
2567,10401641621,10401641650,1,"IOTHUB_CLIENT_CONFIRMATION_OK"
2568,10401641821,10401641855,1,"IOTHUB_CLIENT_CONFIRMATION_OK"
2569,10401642021,10401642051,1,"IOTHUB_CLIENT_CONFIRMATION_OK"
2570,10401642221,10401642412,1,"IOTHUB_CLIENT_CONFIRMATION_OK"
2571,10401642421,10401642452,1,"IOTHUB_CLIENT_CONFIRMATION_OK"
2572,10401642621,10401642650,1,"IOTHUB_CLIENT_CONFIRMATION_OK"
2573,10401642821,10401642859,1,"IOTHUB_CLIENT_CONFIRMATION_OK"
2574,10401643022,10401643052,1,"IOTHUB_CLIENT_CONFIRMATION_OK"
2575,10401643222,10401643254,1,"IOTHUB_CLIENT_CONFIRMATION_OK"
2576,10401643422,10401643463,1,"IOTHUB_CLIENT_CONFIRMATION_OK"
2577,10401643622,10401643653,1,"IOTHUB_CLIENT_CONFIRMATION_OK"
2578,10401643822,10401643859,1,"IOTHUB_CLIENT_CONFIRMATION_OK"
2579,10401644022,10401644054,1,"IOTHUB_CLIENT_CONFIRMATION_OK"
2580,10401644223,10401644254,1,"IOTHUB_CLIENT_CONFIRMATION_OK"
2581,10401644423,10401644474,1,"IOTHUB_CLIENT_CONFIRMATION_OK"
2582,10401644623,10401644651,1,"IOTHUB_CLIENT_CONFIRMATION_OK"
2583,10401644823,10401644867,1,"IOTHUB_CLIENT_CONFIRMATION_OK"
2584,10401645023,10401645051,1,"IOTHUB_CLIENT_CONFIRMATION_OK"
2585,10401645223,10401645275,1,"IOTHUB_CLIENT_CONFIRMATION_OK"
2586,10401645423,10401645499,1,"IOTHUB_CLIENT_CONFIRMATION_OK"
2587,10401645624,10401645653,1,"IOTHUB_CLIENT_CONFIRMATION_OK"
2588,10401645824,10401645855,1,"IOTHUB_CLIENT_CONFIRMATION_OK"
2589,10401646024,10401646054,1,"IOTHUB_CLIENT_CONFIRMATION_OK"
2590,10401646224,10401646260,1,"IOTHUB_CLIENT_CONFIRMATION_OK"
2591,10401646424,10401646620,1,"IOTHUB_CLIENT_CONFIRMATION_OK"
2592,10401646624,10401646667,1,"IOTHUB_CLIENT_CONFIRMATION_OK"
2593,10401646825,10401646868,1,"IOTHUB_CLIENT_CONFIRMATION_OK"
2594,10401647025,10401647057,1,"IOTHUB_CLIENT_CONFIRMATION_OK"
2595,10401647225,10401647256,1,"IOTHUB_CLIENT_CONFIRMATION_OK"
2596,10401647425,10401647565,1,"IOTHUB_CLIENT_CONFIRMATION_OK"
2597,10401647625,10401647655,1,"IOTHUB_CLIENT_CONFIRMATION_OK"
2598,10401647825,10401647871,1,"IOTHUB_CLIENT_CONFIRMATION_OK"
2599,10401648025,10401648170,1,"IOTHUB_CLIENT_CONFIRMATION_OK"
2600,10401648226,10401648256,1,"IOTHUB_CLIENT_CONFIRMATION_OK"
2601,10401648426,10401648574,1,"IOTHUB_CLIENT_CONFIRMATION_OK"
2602,10401648626,10401648658,1,"IOTHUB_CLIENT_CONFIRMATION_OK"
2603,10401648826,10401648858,1,"IOTHUB_CLIENT_CONFIRMATION_OK"
2604,10401649026,10401649058,1,"IOTHUB_CLIENT_CONFIRMATION_OK"
2605,10401649226,10401649271,1,"IOTHUB_CLIENT_CONFIRMATION_OK"
2606,10401649427,10401649456,1,"IOTHUB_CLIENT_CONFIRMATION_OK"
2607,10401649627,10401649656,1,"IOTHUB_CLIENT_CONFIRMATION_OK"
2608,10401649827,10401649858,1,"IOTHUB_CLIENT_CONFIRMATION_OK"
2609,10401650027,10401650060,1,"IOTHUB_CLIENT_CONFIRMATION_OK"
2610,10401650227,10401650277,1,"IOTHUB_CLIENT_CONFIRMATION_OK"
2611,10401650427,10401650466,1,"IOTHUB_CLIENT_CONFIRMATION_OK"
2612,10401650628,10401650715,1,"IOTHUB_CLIENT_CONFIRMATION_OK"
2613,10401650828,10401650859,1,"IOTHUB_CLIENT_CONFIRMATION_OK"
2614,10401651028,10401651244,1,"IOTHUB_CLIENT_CONFIRMATION_OK"
2615,10401651228,10401651258,1,"IOTHUB_CLIENT_CONFIRMATION_OK"
2616,10401651428,10401651460,1,"IOTHUB_CLIENT_CONFIRMATION_OK"
2617,10401651628,10401651656,1,"IOTHUB_CLIENT_CONFIRMATION_OK"
2618,10401651828,10401651859,1,"IOTHUB_CLIENT_CONFIRMATION_OK"
2619,10401652029,10401652086,1,"IOTHUB_CLIENT_CONFIRMATION_OK"
2620,10401652229,10401652270,1,"IOTHUB_CLIENT_CONFIRMATION_OK"
2621,10401652429,10401652463,1,"IOTHUB_CLIENT_CONFIRMATION_OK"
2622,10401652629,10401652660,1,"IOTHUB_CLIENT_CONFIRMATION_OK"
2623,10401652829,10401652876,1,"IOTHUB_CLIENT_CONFIRMATION_OK"
2624,10401653029,10401653059,1,"IOTHUB_CLIENT_CONFIRMATION_OK"
2625,10401653230,10401653277,1,"IOTHUB_CLIENT_CONFIRMATION_OK"
2626,10401653430,10401653462,1,"IOTHUB_CLIENT_CONFIRMATION_OK"
2627,10401653630,10401653686,1,"IOTHUB_CLIENT_CONFIRMATION_OK"
2628,10401653830,10401653861,1,"IOTHUB_CLIENT_CONFIRMATION_OK"
2629,10401654030,10401654108,1,"IOTHUB_CLIENT_CONFIRMATION_OK"
2630,10401654230,10401654321,1,"IOTHUB_CLIENT_CONFIRMATION_OK"
2631,10401654431,10401654463,1,"IOTHUB_CLIENT_CONFIRMATION_OK"
2632,10401654631,10401654664,1,"IOTHUB_CLIENT_CONFIRMATION_OK"
2633,10401654831,10401654859,1,"IOTHUB_CLIENT_CONFIRMATION_OK"
2634,10401655031,10401655063,1,"IOTHUB_CLIENT_CONFIRMATION_OK"
2635,10401655231,10401655349,1,"IOTHUB_CLIENT_CONFIRMATION_OK"
2636,10401655431,10401655461,1,"IOTHUB_CLIENT_CONFIRMATION_OK"
2637,10401655632,10401655661,1,"IOTHUB_CLIENT_CONFIRMATION_OK"
2638,10401655832,10401655862,1,"IOTHUB_CLIENT_CONFIRMATION_OK"
2639,10401656032,10401656065,1,"IOTHUB_CLIENT_CONFIRMATION_OK"
2640,10401656232,10401656351,1,"IOTHUB_CLIENT_CONFIRMATION_OK"
2641,10401656432,10401656461,1,"IOTHUB_CLIENT_CONFIRMATION_OK"
2642,10401656632,10401656663,1,"IOTHUB_CLIENT_CONFIRMATION_OK"
2643,10401656832,10401656863,1,"IOTHUB_CLIENT_CONFIRMATION_OK"
2644,10401657033,10401657062,1,"IOTHUB_CLIENT_CONFIRMATION_OK"
2645,10401657233,10401657416,1,"IOTHUB_CLIENT_CONFIRMATION_OK"
2646,10401657433,10401657465,1,"IOTHUB_CLIENT_CONFIRMATION_OK"
2647,10401657633,10401657662,1,"IOTHUB_CLIENT_CONFIRMATION_OK"
2648,10401657833,10401657862,1,"IOTHUB_CLIENT_CONFIRMATION_OK"
2649,10401658033,10401658067,1,"IOTHUB_CLIENT_CONFIRMATION_OK"
2650,10401658234,10401658269,1,"IOTHUB_CLIENT_CONFIRMATION_OK"
2651,10401658434,10401658464,1,"IOTHUB_CLIENT_CONFIRMATION_OK"
2652,10401658634,10401658681,1,"IOTHUB_CLIENT_CONFIRMATION_OK"
2653,10401658834,10401658862,1,"IOTHUB_CLIENT_CONFIRMATION_OK"
2654,10401659034,10401659065,1,"IOTHUB_CLIENT_CONFIRMATION_OK"
2655,10401659234,10401659264,1,"IOTHUB_CLIENT_CONFIRMATION_OK"
2656,10401659434,10401659472,1,"IOTHUB_CLIENT_CONFIRMATION_OK"
2657,10401659635,10401659667,1,"IOTHUB_CLIENT_CONFIRMATION_OK"
2658,10401659835,10401659863,1,"IOTHUB_CLIENT_CONFIRMATION_OK"
2659,10401660035,10401660064,1,"IOTHUB_CLIENT_CONFIRMATION_OK"
2660,10401660235,10401660265,1,"IOTHUB_CLIENT_CONFIRMATION_OK"
2661,10401660435,10401660476,1,"IOTHUB_CLIENT_CONFIRMATION_OK"
2662,10401660635,10401660680,1,"IOTHUB_CLIENT_CONFIRMATION_OK"
2663,10401660836,10401660878,1,"IOTHUB_CLIENT_CONFIRMATION_OK"
2664,10401661036,10401661073,1,"IOTHUB_CLIENT_CONFIRMATION_OK"
2665,10401661236,10401661270,1,"IOTHUB_CLIENT_CONFIRMATION_OK"
2666,10401661436,10401661495,1,"IOTHUB_CLIENT_CONFIRMATION_OK"
2667,10401661636,10401661668,1,"IOTHUB_CLIENT_CONFIRMATION_OK"
2668,10401661836,10401661875,1,"IOTHUB_CLIENT_CONFIRMATION_OK"
2669,10401662037,10401662068,1,"IOTHUB_CLIENT_CONFIRMATION_OK"
2670,10401662237,10401662269,1,"IOTHUB_CLIENT_CONFIRMATION_OK"
2671,10401662437,10401662518,1,"IOTHUB_CLIENT_CONFIRMATION_OK"
2672,10401662637,10401662668,1,"IOTHUB_CLIENT_CONFIRMATION_OK"
2673,10401662837,10401662868,1,"IOTHUB_CLIENT_CONFIRMATION_OK"
2674,10401663037,10401663140,1,"IOTHUB_CLIENT_CONFIRMATION_OK"
2675,10401663238,10401663267,1,"IOTHUB_CLIENT_CONFIRMATION_OK"
2676,10401663438,10401663566,1,"IOTHUB_CLIENT_CONFIRMATION_OK"
2677,10401663638,10401663670,1,"IOTHUB_CLIENT_CONFIRMATION_OK"
2678,10401663838,10401663877,1,"IOTHUB_CLIENT_CONFIRMATION_OK"
2679,10401664038,10401664206,1,"IOTHUB_CLIENT_CONFIRMATION_OK"
2680,10401664238,10401664270,1,"IOTHUB_CLIENT_CONFIRMATION_OK"
2681,10401664438,10401664472,1,"IOTHUB_CLIENT_CONFIRMATION_OK"
2682,10401664639,10401664729,1,"IOTHUB_CLIENT_CONFIRMATION_OK"
2683,10401664839,10401664871,1,"IOTHUB_CLIENT_CONFIRMATION_OK"
2684,10401665039,10401665121,1,"IOTHUB_CLIENT_CONFIRMATION_OK"
2685,10401665239,10401665282,1,"IOTHUB_CLIENT_CONFIRMATION_OK"
2686,10401665439,10401665478,1,"IOTHUB_CLIENT_CONFIRMATION_OK"
2687,10401665639,10401665742,1,"IOTHUB_CLIENT_CONFIRMATION_OK"
2688,10401665840,10401665877,1,"IOTHUB_CLIENT_CONFIRMATION_OK"
2689,10401666040,10401666136,1,"IOTHUB_CLIENT_CONFIRMATION_OK"
2690,10401666240,10401666271,1,"IOTHUB_CLIENT_CONFIRMATION_OK"
2691,10401666440,10401666473,1,"IOTHUB_CLIENT_CONFIRMATION_OK"
2692,10401666640,10401666761,1,"IOTHUB_CLIENT_CONFIRMATION_OK"
2693,10401666840,10401666876,1,"IOTHUB_CLIENT_CONFIRMATION_OK"
2694,10401667041,10401667068,1,"IOTHUB_CLIENT_CONFIRMATION_OK"
2695,10401667241,10401667277,1,"IOTHUB_CLIENT_CONFIRMATION_OK"
2696,10401667441,10401667469,1,"IOTHUB_CLIENT_CONFIRMATION_OK"
2697,10401667641,10401667672,1,"IOTHUB_CLIENT_CONFIRMATION_OK"
2698,10401667841,10401667882,1,"IOTHUB_CLIENT_CONFIRMATION_OK"
2699,10401668042,10401668073,1,"IOTHUB_CLIENT_CONFIRMATION_OK"
2700,10401668242,10401668286,1,"IOTHUB_CLIENT_CONFIRMATION_OK"
2701,10401668442,10401668469,1,"IOTHUB_CLIENT_CONFIRMATION_OK"
2702,10401668642,10401668675,1,"IOTHUB_CLIENT_CONFIRMATION_OK"
2703,10401668842,10401668873,1,"IOTHUB_CLIENT_CONFIRMATION_OK"
2704,10401669042,10401669071,1,"IOTHUB_CLIENT_CONFIRMATION_OK"
2705,10401669242,10401669336,1,"IOTHUB_CLIENT_CONFIRMATION_OK"
2706,10401669443,10401669495,1,"IOTHUB_CLIENT_CONFIRMATION_OK"
2707,10401669643,10401669675,1,"IOTHUB_CLIENT_CONFIRMATION_OK"
2708,10401669843,10401669875,1,"IOTHUB_CLIENT_CONFIRMATION_OK"
2709,10401670043,10401670083,1,"IOTHUB_CLIENT_CONFIRMATION_OK"
2710,10401670243,10401670326,1,"IOTHUB_CLIENT_CONFIRMATION_OK"
2711,10401670443,10401670476,1,"IOTHUB_CLIENT_CONFIRMATION_OK"
2712,10401670644,10401670672,1,"IOTHUB_CLIENT_CONFIRMATION_OK"
2713,10401670844,10401670874,1,"IOTHUB_CLIENT_CONFIRMATION_OK"
2714,10401671044,10401671077,1,"IOTHUB_CLIENT_CONFIRMATION_OK"
2715,10401671244,10401671333,1,"IOTHUB_CLIENT_CONFIRMATION_OK"
2716,10401671444,10401671476,1,"IOTHUB_CLIENT_CONFIRMATION_OK"
2717,10401671644,10401671736,1,"IOTHUB_CLIENT_CONFIRMATION_OK"
2718,10401671845,10401671890,1,"IOTHUB_CLIENT_CONFIRMATION_OK"
2719,10401672045,10401672074,1,"IOTHUB_CLIENT_CONFIRMATION_OK"
2720,10401672245,10401672371,1,"IOTHUB_CLIENT_CONFIRMATION_OK"
2721,10401672445,10401672473,1,"IOTHUB_CLIENT_CONFIRMATION_OK"
2722,10401672645,10401672677,1,"IOTHUB_CLIENT_CONFIRMATION_OK"
2723,10401672845,10401672977,1,"IOTHUB_CLIENT_CONFIRMATION_OK"
2724,10401673046,10401673082,1,"IOTHUB_CLIENT_CONFIRMATION_OK"
2725,10401673246,10401673296,1,"IOTHUB_CLIENT_CONFIRMATION_OK"
2726,10401673446,10401673474,1,"IOTHUB_CLIENT_CONFIRMATION_OK"
2727,10401673646,10401673677,1,"IOTHUB_CLIENT_CONFIRMATION_OK"
2728,10401673846,10401674026,1,"IOTHUB_CLIENT_CONFIRMATION_OK"
2729,10401674046,10401674088,1,"IOTHUB_CLIENT_CONFIRMATION_OK"
2730,10401674246,10401674317,1,"IOTHUB_CLIENT_CONFIRMATION_OK"
2731,10401674447,10401674476,1,"IOTHUB_CLIENT_CONFIRMATION_OK"
2732,10401674647,10401674677,1,"IOTHUB_CLIENT_CONFIRMATION_OK"
2733,10401674847,10401675044,1,"IOTHUB_CLIENT_CONFIRMATION_OK"
2734,10401675047,10401675079,1,"IOTHUB_CLIENT_CONFIRMATION_OK"
2735,10401675247,10401675276,1,"IOTHUB_CLIENT_CONFIRMATION_OK"
2736,10401675447,10401675478,1,"IOTHUB_CLIENT_CONFIRMATION_OK"
2737,10401675648,10401675685,1,"IOTHUB_CLIENT_CONFIRMATION_OK"
2738,10401675848,10401675884,1,"IOTHUB_CLIENT_CONFIRMATION_OK"
2739,10401676048,10401676092,1,"IOTHUB_CLIENT_CONFIRMATION_OK"
2740,10401676248,10401676291,1,"IOTHUB_CLIENT_CONFIRMATION_OK"
2741,10401676448,10401676486,1,"IOTHUB_CLIENT_CONFIRMATION_OK"
2742,10401676648,10401676680,1,"IOTHUB_CLIENT_CONFIRMATION_OK"
2743,10401676849,10401676877,1,"IOTHUB_CLIENT_CONFIRMATION_OK"
2744,10401677049,10401677089,1,"IOTHUB_CLIENT_CONFIRMATION_OK"
2745,10401677249,10401677284,1,"IOTHUB_CLIENT_CONFIRMATION_OK"
2746,10401677449,10401677491,1,"IOTHUB_CLIENT_CONFIRMATION_OK"
2747,10401677649,10401677683,1,"IOTHUB_CLIENT_CONFIRMATION_OK"
2748,10401677849,10401677883,1,"IOTHUB_CLIENT_CONFIRMATION_OK"
2749,10401678049,10401678104,1,"IOTHUB_CLIENT_CONFIRMATION_OK"
2750,10401678250,10401678281,1,"IOTHUB_CLIENT_CONFIRMATION_OK"
2751,10401678450,10401678508,1,"IOTHUB_CLIENT_CONFIRMATION_OK"
2752,10401678650,10401678701,1,"IOTHUB_CLIENT_CONFIRMATION_OK"
2753,10401678850,10401678882,1,"IOTHUB_CLIENT_CONFIRMATION_OK"
2754,10401679050,10401679135,1,"IOTHUB_CLIENT_CONFIRMATION_OK"
2755,10401679250,10401679286,1,"IOTHUB_CLIENT_CONFIRMATION_OK"
2756,10401679451,10401679480,1,"IOTHUB_CLIENT_CONFIRMATION_OK"
2757,10401679651,10401679677,1,"IOTHUB_CLIENT_CONFIRMATION_OK"
2758,10401679851,10401679993,1,"IOTHUB_CLIENT_CONFIRMATION_OK"
2759,10401680051,10401680178,1,"IOTHUB_CLIENT_CONFIRMATION_OK"
2760,10401680251,10401680283,1,"IOTHUB_CLIENT_CONFIRMATION_OK"
2761,10401680451,10401680485,1,"IOTHUB_CLIENT_CONFIRMATION_OK"
2762,10401680651,10401680694,1,"IOTHUB_CLIENT_CONFIRMATION_OK"
2763,10401680852,10401680887,1,"IOTHUB_CLIENT_CONFIRMATION_OK"
2764,10401681052,10401681179,1,"IOTHUB_CLIENT_CONFIRMATION_OK"
2765,10401681252,10401681285,1,"IOTHUB_CLIENT_CONFIRMATION_OK"
2766,10401681452,10401681481,1,"IOTHUB_CLIENT_CONFIRMATION_OK"
2767,10401681652,10401681680,1,"IOTHUB_CLIENT_CONFIRMATION_OK"
2768,10401681852,10401681881,1,"IOTHUB_CLIENT_CONFIRMATION_OK"
2769,10401682053,10401682083,1,"IOTHUB_CLIENT_CONFIRMATION_OK"
2770,10401682253,10401682284,1,"IOTHUB_CLIENT_CONFIRMATION_OK"
2771,10401682453,10401682485,1,"IOTHUB_CLIENT_CONFIRMATION_OK"
2772,10401682653,10401682813,1,"IOTHUB_CLIENT_CONFIRMATION_OK"
2773,10401682853,10401682984,1,"IOTHUB_CLIENT_CONFIRMATION_OK"
2774,10401683053,10401683085,1,"IOTHUB_CLIENT_CONFIRMATION_OK"
2775,10401683254,10401683286,1,"IOTHUB_CLIENT_CONFIRMATION_OK"
2776,10401683454,10401683483,1,"IOTHUB_CLIENT_CONFIRMATION_OK"
2777,10401683654,10401683831,1,"IOTHUB_CLIENT_CONFIRMATION_OK"
2778,10401683854,10401683885,1,"IOTHUB_CLIENT_CONFIRMATION_OK"
2779,10401684054,10401684098,1,"IOTHUB_CLIENT_CONFIRMATION_OK"
2780,10401684254,10401684287,1,"IOTHUB_CLIENT_CONFIRMATION_OK"
2781,10401684454,10401684484,1,"IOTHUB_CLIENT_CONFIRMATION_OK"
2782,10401684655,10401684689,1,"IOTHUB_CLIENT_CONFIRMATION_OK"
2783,10401684855,10401684886,1,"IOTHUB_CLIENT_CONFIRMATION_OK"
2784,10401685055,10401685083,1,"IOTHUB_CLIENT_CONFIRMATION_OK"
2785,10401685255,10401685498,1,"IOTHUB_CLIENT_CONFIRMATION_OK"
2786,10401685455,10401685524,1,"IOTHUB_CLIENT_CONFIRMATION_OK"
2787,10401685655,10401685712,1,"IOTHUB_CLIENT_CONFIRMATION_OK"
2788,10401685856,10401685894,1,"IOTHUB_CLIENT_CONFIRMATION_OK"
2789,10401686056,10401686097,1,"IOTHUB_CLIENT_CONFIRMATION_OK"
2790,10401686256,10401686284,1,"IOTHUB_CLIENT_CONFIRMATION_OK"
2791,10401686456,10401686487,1,"IOTHUB_CLIENT_CONFIRMATION_OK"
2792,10401686656,10401686685,1,"IOTHUB_CLIENT_CONFIRMATION_OK"
2793,10401686856,10401686903,1,"IOTHUB_CLIENT_CONFIRMATION_OK"
2794,10401687056,10401687088,1,"IOTHUB_CLIENT_CONFIRMATION_OK"
2795,10401687257,10401687287,1,"IOTHUB_CLIENT_CONFIRMATION_OK"
2796,10401687457,10401687487,1,"IOTHUB_CLIENT_CONFIRMATION_OK"
2797,10401687657,10401687685,1,"IOTHUB_CLIENT_CONFIRMATION_OK"
2798,10401687857,10401687927,1,"IOTHUB_CLIENT_CONFIRMATION_OK"
2799,10401688057,10401688086,1,"IOTHUB_CLIENT_CONFIRMATION_OK"
2800,10401688257,10401688290,1,"IOTHUB_CLIENT_CONFIRMATION_OK"
2801,10401688457,10401688545,1,"IOTHUB_CLIENT_CONFIRMATION_OK"
2802,10401688658,10401688693,1,"IOTHUB_CLIENT_CONFIRMATION_OK"
2803,10401688858,10401688951,1,"IOTHUB_CLIENT_CONFIRMATION_OK"
2804,10401689058,10401689086,1,"IOTHUB_CLIENT_CONFIRMATION_OK"
2805,10401689258,10401689288,1,"IOTHUB_CLIENT_CONFIRMATION_OK"
2806,10401689458,10401689489,1,"IOTHUB_CLIENT_CONFIRMATION_OK"
2807,10401689658,10401689686,1,"IOTHUB_CLIENT_CONFIRMATION_OK"
2808,10401689859,10401689991,1,"IOTHUB_CLIENT_CONFIRMATION_OK"
2809,10401690059,10401690091,1,"IOTHUB_CLIENT_CONFIRMATION_OK"
2810,10401690259,10401690288,1,"IOTHUB_CLIENT_CONFIRMATION_OK"
2811,10401690459,10401690497,1,"IOTHUB_CLIENT_CONFIRMATION_OK"
2812,10401690659,10401690689,1,"IOTHUB_CLIENT_CONFIRMATION_OK"
2813,10401690860,10401690890,1,"IOTHUB_CLIENT_CONFIRMATION_OK"
2814,10401691060,10401691089,1,"IOTHUB_CLIENT_CONFIRMATION_OK"
2815,10401691260,10401691290,1,"IOTHUB_CLIENT_CONFIRMATION_OK"
2816,10401691460,10401691488,1,"IOTHUB_CLIENT_CONFIRMATION_OK"
2817,10401691660,10401691700,1,"IOTHUB_CLIENT_CONFIRMATION_OK"
2818,10401691860,10401691915,1,"IOTHUB_CLIENT_CONFIRMATION_OK"
2819,10401692060,10401692140,1,"IOTHUB_CLIENT_CONFIRMATION_OK"
2820,10401692261,10401692291,1,"IOTHUB_CLIENT_CONFIRMATION_OK"
2821,10401692461,10401692591,1,"IOTHUB_CLIENT_CONFIRMATION_OK"
2822,10401692661,10401692692,1,"IOTHUB_CLIENT_CONFIRMATION_OK"
2823,10401692861,10401692891,1,"IOTHUB_CLIENT_CONFIRMATION_OK"
2824,10401693061,10401693093,1,"IOTHUB_CLIENT_CONFIRMATION_OK"
2825,10401693261,10401693298,1,"IOTHUB_CLIENT_CONFIRMATION_OK"
2826,10401693462,10401693626,1,"IOTHUB_CLIENT_CONFIRMATION_OK"
2827,10401693662,10401693692,1,"IOTHUB_CLIENT_CONFIRMATION_OK"
2828,10401693862,10401693892,1,"IOTHUB_CLIENT_CONFIRMATION_OK"
2829,10401694062,10401694206,1,"IOTHUB_CLIENT_CONFIRMATION_OK"
2830,10401694262,10401694298,1,"IOTHUB_CLIENT_CONFIRMATION_OK"
2831,10401694462,10401694498,1,"IOTHUB_CLIENT_CONFIRMATION_OK"
2832,10401694662,10401694694,1,"IOTHUB_CLIENT_CONFIRMATION_OK"
2833,10401694863,10401694895,1,"IOTHUB_CLIENT_CONFIRMATION_OK"
2834,10401695063,10401695094,1,"IOTHUB_CLIENT_CONFIRMATION_OK"
2835,10401695263,10401695293,1,"IOTHUB_CLIENT_CONFIRMATION_OK"
2836,10401695463,10401695492,1,"IOTHUB_CLIENT_CONFIRMATION_OK"
2837,10401695663,10401695693,1,"IOTHUB_CLIENT_CONFIRMATION_OK"
2838,10401695863,10401695897,1,"IOTHUB_CLIENT_CONFIRMATION_OK"
2839,10401696064,10401696095,1,"IOTHUB_CLIENT_CONFIRMATION_OK"
2840,10401696264,10401696294,1,"IOTHUB_CLIENT_CONFIRMATION_OK"
2841,10401696464,10401696492,1,"IOTHUB_CLIENT_CONFIRMATION_OK"
2842,10401696664,10401696789,1,"IOTHUB_CLIENT_CONFIRMATION_OK"
2843,10401696864,10401696894,1,"IOTHUB_CLIENT_CONFIRMATION_OK"
2844,10401697064,10401697094,1,"IOTHUB_CLIENT_CONFIRMATION_OK"
2845,10401697264,10401697293,1,"IOTHUB_CLIENT_CONFIRMATION_OK"
2846,10401697465,10401697493,1,"IOTHUB_CLIENT_CONFIRMATION_OK"
2847,10401697665,10401697695,1,"IOTHUB_CLIENT_CONFIRMATION_OK"
2848,10401697865,10401697897,1,"IOTHUB_CLIENT_CONFIRMATION_OK"
2849,10401698065,10401698099,1,"IOTHUB_CLIENT_CONFIRMATION_OK"
2850,10401698265,10401698296,1,"IOTHUB_CLIENT_CONFIRMATION_OK"
2851,10401698465,10401698496,1,"IOTHUB_CLIENT_CONFIRMATION_OK"
2852,10401698666,10401698860,1,"IOTHUB_CLIENT_CONFIRMATION_OK"
2853,10401698866,10401698906,1,"IOTHUB_CLIENT_CONFIRMATION_OK"
2854,10401699066,10401699098,1,"IOTHUB_CLIENT_CONFIRMATION_OK"
2855,10401699266,10401699307,1,"IOTHUB_CLIENT_CONFIRMATION_OK"
2856,10401699466,10401699508,1,"IOTHUB_CLIENT_CONFIRMATION_OK"
2857,10401699666,10401699699,1,"IOTHUB_CLIENT_CONFIRMATION_OK"
2858,10401699867,10401699898,1,"IOTHUB_CLIENT_CONFIRMATION_OK"
2859,10401700067,10401700096,1,"IOTHUB_CLIENT_CONFIRMATION_OK"
2860,10401700267,10401700296,1,"IOTHUB_CLIENT_CONFIRMATION_OK"
2861,10401700467,10401700497,1,"IOTHUB_CLIENT_CONFIRMATION_OK"
2862,10401700667,10401700697,1,"IOTHUB_CLIENT_CONFIRMATION_OK"
2863,10401700867,10401700914,1,"IOTHUB_CLIENT_CONFIRMATION_OK"
2864,10401701068,10401701098,1,"IOTHUB_CLIENT_CONFIRMATION_OK"
2865,10401701268,10401701331,1,"IOTHUB_CLIENT_CONFIRMATION_OK"
2866,10401701468,10401701502,1,"IOTHUB_CLIENT_CONFIRMATION_OK"
2867,10401701668,10401701746,1,"IOTHUB_CLIENT_CONFIRMATION_OK"
2868,10401701868,10401701957,1,"IOTHUB_CLIENT_CONFIRMATION_OK"
2869,10401702068,10401702106,1,"IOTHUB_CLIENT_CONFIRMATION_OK"
2870,10401702269,10401702350,1,"IOTHUB_CLIENT_CONFIRMATION_OK"
2871,10401702469,10401702499,1,"IOTHUB_CLIENT_CONFIRMATION_OK"
2872,10401702669,10401702698,1,"IOTHUB_CLIENT_CONFIRMATION_OK"
2873,10401702869,10401702969,1,"IOTHUB_CLIENT_CONFIRMATION_OK"
2874,10401703069,10401703098,1,"IOTHUB_CLIENT_CONFIRMATION_OK"
2875,10401703269,10401703317,1,"IOTHUB_CLIENT_CONFIRMATION_OK"
2876,10401703470,10401703502,1,"IOTHUB_CLIENT_CONFIRMATION_OK"
2877,10401703670,10401703702,1,"IOTHUB_CLIENT_CONFIRMATION_OK"
2878,10401703870,10401703994,1,"IOTHUB_CLIENT_CONFIRMATION_OK"
2879,10401704070,10401704100,1,"IOTHUB_CLIENT_CONFIRMATION_OK"
2880,10401704270,10401704305,1,"IOTHUB_CLIENT_CONFIRMATION_OK"
2881,10401704470,10401704528,1,"IOTHUB_CLIENT_CONFIRMATION_OK"
2882,10401704671,10401704700,1,"IOTHUB_CLIENT_CONFIRMATION_OK"
2883,10401704871,10401705008,1,"IOTHUB_CLIENT_CONFIRMATION_OK"
2884,10401705071,10401705099,1,"IOTHUB_CLIENT_CONFIRMATION_OK"
2885,10401705271,10401705305,1,"IOTHUB_CLIENT_CONFIRMATION_OK"
2886,10401705471,10401705503,1,"IOTHUB_CLIENT_CONFIRMATION_OK"
2887,10401705671,10401705701,1,"IOTHUB_CLIENT_CONFIRMATION_OK"
2888,10401705872,10401705903,1,"IOTHUB_CLIENT_CONFIRMATION_OK"
2889,10401706072,10401706104,1,"IOTHUB_CLIENT_CONFIRMATION_OK"
2890,10401706272,10401706314,1,"IOTHUB_CLIENT_CONFIRMATION_OK"
2891,10401706472,10401706513,1,"IOTHUB_CLIENT_CONFIRMATION_OK"
2892,10401706672,10401706707,1,"IOTHUB_CLIENT_CONFIRMATION_OK"
2893,10401706872,10401706903,1,"IOTHUB_CLIENT_CONFIRMATION_OK"
2894,10401707072,10401707103,1,"IOTHUB_CLIENT_CONFIRMATION_OK"
2895,10401707273,10401707340,1,"IOTHUB_CLIENT_CONFIRMATION_OK"
2896,10401707473,10401707699,1,"IOTHUB_CLIENT_CONFIRMATION_OK"
2897,10401707673,10401707728,1,"IOTHUB_CLIENT_CONFIRMATION_OK"
2898,10401707873,10401707909,1,"IOTHUB_CLIENT_CONFIRMATION_OK"
2899,10401708073,10401708102,1,"IOTHUB_CLIENT_CONFIRMATION_OK"
2900,10401708273,10401708305,1,"IOTHUB_CLIENT_CONFIRMATION_OK"
2901,10401708474,10401708664,1,"IOTHUB_CLIENT_CONFIRMATION_OK"
2902,10401708674,10401708704,1,"IOTHUB_CLIENT_CONFIRMATION_OK"
2903,10401708874,10401708904,1,"IOTHUB_CLIENT_CONFIRMATION_OK"
2904,10401709074,10401709103,1,"IOTHUB_CLIENT_CONFIRMATION_OK"
2905,10401709274,10401709302,1,"IOTHUB_CLIENT_CONFIRMATION_OK"
2906,10401709474,10401709503,1,"IOTHUB_CLIENT_CONFIRMATION_OK"
2907,10401709675,10401709712,1,"IOTHUB_CLIENT_CONFIRMATION_OK"
2908,10401709875,10401709913,1,"IOTHUB_CLIENT_CONFIRMATION_OK"
2909,10401710075,10401710115,1,"IOTHUB_CLIENT_CONFIRMATION_OK"
2910,10401710275,10401710340,1,"IOTHUB_CLIENT_CONFIRMATION_OK"
2911,10401710475,10401710511,1,"IOTHUB_CLIENT_CONFIRMATION_OK"
2912,10401710675,10401710713,1,"IOTHUB_CLIENT_CONFIRMATION_OK"
2913,10401710876,10401710904,1,"IOTHUB_CLIENT_CONFIRMATION_OK"
2914,10401711076,10401711125,1,"IOTHUB_CLIENT_CONFIRMATION_OK"
2915,10401711276,10401711306,1,"IOTHUB_CLIENT_CONFIRMATION_OK"
2916,10401711476,10401711506,1,"IOTHUB_CLIENT_CONFIRMATION_OK"
2917,10401711676,10401711733,1,"IOTHUB_CLIENT_CONFIRMATION_OK"
2918,10401711876,10401711907,1,"IOTHUB_CLIENT_CONFIRMATION_OK"
2919,10401712076,10401712114,1,"IOTHUB_CLIENT_CONFIRMATION_OK"
2920,10401712277,10401712305,1,"IOTHUB_CLIENT_CONFIRMATION_OK"
2921,10401712477,10401712510,1,"IOTHUB_CLIENT_CONFIRMATION_OK"
2922,10401712677,10401712848,1,"IOTHUB_CLIENT_CONFIRMATION_OK"
2923,10401712877,10401712905,1,"IOTHUB_CLIENT_CONFIRMATION_OK"
2924,10401713077,10401713109,1,"IOTHUB_CLIENT_CONFIRMATION_OK"
2925,10401713278,10401713320,1,"IOTHUB_CLIENT_CONFIRMATION_OK"
2926,10401713478,10401713510,1,"IOTHUB_CLIENT_CONFIRMATION_OK"
2927,10401713678,10401713792,1,"IOTHUB_CLIENT_CONFIRMATION_OK"
2928,10401713878,10401713909,1,"IOTHUB_CLIENT_CONFIRMATION_OK"
2929,10401714078,10401714108,1,"IOTHUB_CLIENT_CONFIRMATION_OK"
2930,10401714278,10401714307,1,"IOTHUB_CLIENT_CONFIRMATION_OK"
2931,10401714478,10401714506,1,"IOTHUB_CLIENT_CONFIRMATION_OK"
2932,10401714679,10401714719,1,"IOTHUB_CLIENT_CONFIRMATION_OK"
2933,10401714879,10401714910,1,"IOTHUB_CLIENT_CONFIRMATION_OK"
2934,10401715079,10401715116,1,"IOTHUB_CLIENT_CONFIRMATION_OK"
2935,10401715279,10401715436,1,"IOTHUB_CLIENT_CONFIRMATION_OK"
2936,10401715479,10401715511,1,"IOTHUB_CLIENT_CONFIRMATION_OK"
2937,10401715679,10401715708,1,"IOTHUB_CLIENT_CONFIRMATION_OK"
2938,10401715880,10401715982,1,"IOTHUB_CLIENT_CONFIRMATION_OK"
2939,10401716080,10401716109,1,"IOTHUB_CLIENT_CONFIRMATION_OK"
2940,10401716280,10401716315,1,"IOTHUB_CLIENT_CONFIRMATION_OK"
2941,10401716480,10401716509,1,"IOTHUB_CLIENT_CONFIRMATION_OK"
2942,10401716680,10401716709,1,"IOTHUB_CLIENT_CONFIRMATION_OK"
2943,10401716880,10401716911,1,"IOTHUB_CLIENT_CONFIRMATION_OK"
2944,10401717081,10401717110,1,"IOTHUB_CLIENT_CONFIRMATION_OK"
2945,10401717281,10401717481,1,"IOTHUB_CLIENT_CONFIRMATION_OK"
2946,10401717481,10401717529,1,"IOTHUB_CLIENT_CONFIRMATION_OK"
2947,10401717681,10401717712,1,"IOTHUB_CLIENT_CONFIRMATION_OK"
2948,10401717881,10401717954,1,"IOTHUB_CLIENT_CONFIRMATION_OK"
2949,10401718081,10401718110,1,"IOTHUB_CLIENT_CONFIRMATION_OK"
2950,10401718281,10401718315,1,"IOTHUB_CLIENT_CONFIRMATION_OK"
2951,10401718482,10401718534,1,"IOTHUB_CLIENT_CONFIRMATION_OK"
2952,10401718682,10401718714,1,"IOTHUB_CLIENT_CONFIRMATION_OK"
2953,10401718882,10401718932,1,"IOTHUB_CLIENT_CONFIRMATION_OK"
2954,10401719082,10401719117,1,"IOTHUB_CLIENT_CONFIRMATION_OK"
2955,10401719282,10401719312,1,"IOTHUB_CLIENT_CONFIRMATION_OK"
2956,10401719482,10401719585,1,"IOTHUB_CLIENT_CONFIRMATION_OK"
2957,10401719683,10401719714,1,"IOTHUB_CLIENT_CONFIRMATION_OK"
2958,10401719883,10401719977,1,"IOTHUB_CLIENT_CONFIRMATION_OK"
2959,10401720083,10401720115,1,"IOTHUB_CLIENT_CONFIRMATION_OK"
2960,10401720283,10401720316,1,"IOTHUB_CLIENT_CONFIRMATION_OK"
2961,10401720483,10401720602,1,"IOTHUB_CLIENT_CONFIRMATION_OK"
2962,10401720683,10401720712,1,"IOTHUB_CLIENT_CONFIRMATION_OK"
2963,10401720883,10401720928,1,"IOTHUB_CLIENT_CONFIRMATION_OK"
2964,10401721084,10401721116,1,"IOTHUB_CLIENT_CONFIRMATION_OK"
2965,10401721284,10401721310,1,"IOTHUB_CLIENT_CONFIRMATION_OK"
2966,10401721484,10401721605,1,"IOTHUB_CLIENT_CONFIRMATION_OK"
2967,10401721684,10401721712,1,"IOTHUB_CLIENT_CONFIRMATION_OK"
2968,10401721884,10401721919,1,"IOTHUB_CLIENT_CONFIRMATION_OK"
2969,10401722084,10401722114,1,"IOTHUB_CLIENT_CONFIRMATION_OK"
2970,10401722285,10401722316,1,"IOTHUB_CLIENT_CONFIRMATION_OK"
2971,10401722485,10401722623,1,"IOTHUB_CLIENT_CONFIRMATION_OK"
2972,10401722685,10401722734,1,"IOTHUB_CLIENT_CONFIRMATION_OK"
2973,10401722885,10401722914,1,"IOTHUB_CLIENT_CONFIRMATION_OK"
2974,10401723085,10401723121,1,"IOTHUB_CLIENT_CONFIRMATION_OK"
2975,10401723285,10401723315,1,"IOTHUB_CLIENT_CONFIRMATION_OK"
2976,10401723485,10401723670,1,"IOTHUB_CLIENT_CONFIRMATION_OK"
2977,10401723686,10401723717,1,"IOTHUB_CLIENT_CONFIRMATION_OK"
2978,10401723886,10401723914,1,"IOTHUB_CLIENT_CONFIRMATION_OK"
2979,10401724086,10401724118,1,"IOTHUB_CLIENT_CONFIRMATION_OK"
2980,10401724286,10401724343,1,"IOTHUB_CLIENT_CONFIRMATION_OK"
2981,10401724486,10401724518,1,"IOTHUB_CLIENT_CONFIRMATION_OK"
2982,10401724686,10401724734,1,"IOTHUB_CLIENT_CONFIRMATION_OK"
2983,10401724887,10401724914,1,"IOTHUB_CLIENT_CONFIRMATION_OK"
2984,10401725087,10401725154,1,"IOTHUB_CLIENT_CONFIRMATION_OK"
2985,10401725287,10401725324,1,"IOTHUB_CLIENT_CONFIRMATION_OK"
2986,10401725487,10401725523,1,"IOTHUB_CLIENT_CONFIRMATION_OK"
2987,10401725687,10401725775,1,"IOTHUB_CLIENT_CONFIRMATION_OK"
2988,10401725887,10401725916,1,"IOTHUB_CLIENT_CONFIRMATION_OK"
2989,10401726088,10401726170,1,"IOTHUB_CLIENT_CONFIRMATION_OK"
2990,10401726288,10401726321,1,"IOTHUB_CLIENT_CONFIRMATION_OK"
2991,10401726488,10401726516,1,"IOTHUB_CLIENT_CONFIRMATION_OK"
2992,10401726688,10401726716,1,"IOTHUB_CLIENT_CONFIRMATION_OK"
2993,10401726888,10401726918,1,"IOTHUB_CLIENT_CONFIRMATION_OK"
2994,10401727088,10401727118,1,"IOTHUB_CLIENT_CONFIRMATION_OK"
2995,10401727288,10401727319,1,"IOTHUB_CLIENT_CONFIRMATION_OK"
2996,10401727489,10401727521,1,"IOTHUB_CLIENT_CONFIRMATION_OK"
2997,10401727689,10401727725,1,"IOTHUB_CLIENT_CONFIRMATION_OK"
2998,10401727889,10401727920,1,"IOTHUB_CLIENT_CONFIRMATION_OK"
2999,10401728089,10401728118,1,"IOTHUB_CLIENT_CONFIRMATION_OK"
3000,10401728289,10401728318,1,"IOTHUB_CLIENT_CONFIRMATION_OK"
3001,10401728489,10401728522,1,"IOTHUB_CLIENT_CONFIRMATION_OK"
3002,10401728690,10401728721,1,"IOTHUB_CLIENT_CONFIRMATION_OK"
3003,10401728890,10401728922,1,"IOTHUB_CLIENT_CONFIRMATION_OK"
3004,10401729090,10401729125,1,"IOTHUB_CLIENT_CONFIRMATION_OK"
3005,10401729290,10401729323,1,"IOTHUB_CLIENT_CONFIRMATION_OK"
3006,10401729490,10401729557,1,"IOTHUB_CLIENT_CONFIRMATION_OK"
3007,10401729690,10401729719,1,"IOTHUB_CLIENT_CONFIRMATION_OK"
3008,10401729891,10401729949,1,"IOTHUB_CLIENT_CONFIRMATION_OK"
3009,10401730091,10401730119,1,"IOTHUB_CLIENT_CONFIRMATION_OK"
3010,10401730291,10401730387,1,"IOTHUB_CLIENT_CONFIRMATION_OK"
3011,10401730491,10401730523,1,"IOTHUB_CLIENT_CONFIRMATION_OK"
3012,10401730691,10401730724,1,"IOTHUB_CLIENT_CONFIRMATION_OK"
3013,10401730891,10401730933,1,"IOTHUB_CLIENT_CONFIRMATION_OK"
3014,10401731091,10401731124,1,"IOTHUB_CLIENT_CONFIRMATION_OK"
3015,10401731292,10401731453,1,"IOTHUB_CLIENT_CONFIRMATION_OK"
3016,10401731492,10401731543,1,"IOTHUB_CLIENT_CONFIRMATION_OK"
3017,10401731692,10401731725,1,"IOTHUB_CLIENT_CONFIRMATION_OK"
3018,10401731892,10401731920,1,"IOTHUB_CLIENT_CONFIRMATION_OK"
3019,10401732092,10401732122,1,"IOTHUB_CLIENT_CONFIRMATION_OK"
3020,10401732292,10401732447,1,"IOTHUB_CLIENT_CONFIRMATION_OK"
3021,10401732493,10401732523,1,"IOTHUB_CLIENT_CONFIRMATION_OK"
3022,10401732693,10401732726,1,"IOTHUB_CLIENT_CONFIRMATION_OK"
3023,10401732893,10401732922,1,"IOTHUB_CLIENT_CONFIRMATION_OK"
3024,10401733093,10401733125,1,"IOTHUB_CLIENT_CONFIRMATION_OK"
3025,10401733293,10401733329,1,"IOTHUB_CLIENT_CONFIRMATION_OK"
3026,10401733494,10401733527,1,"IOTHUB_CLIENT_CONFIRMATION_OK"
3027,10401733694,10401733723,1,"IOTHUB_CLIENT_CONFIRMATION_OK"
3028,10401733894,10401733928,1,"IOTHUB_CLIENT_CONFIRMATION_OK"
3029,10401734094,10401734127,1,"IOTHUB_CLIENT_CONFIRMATION_OK"
3030,10401734294,10401734323,1,"IOTHUB_CLIENT_CONFIRMATION_OK"
3031,10401734494,10401734581,1,"IOTHUB_CLIENT_CONFIRMATION_OK"
3032,10401734694,10401734733,1,"IOTHUB_CLIENT_CONFIRMATION_OK"
3033,10401734895,10401734933,1,"IOTHUB_CLIENT_CONFIRMATION_OK"
3034,10401735095,10401735207,1,"IOTHUB_CLIENT_CONFIRMATION_OK"
3035,10401735295,10401735325,1,"IOTHUB_CLIENT_CONFIRMATION_OK"
3036,10401735495,10401735588,1,"IOTHUB_CLIENT_CONFIRMATION_OK"
3037,10401735695,10401735723,1,"IOTHUB_CLIENT_CONFIRMATION_OK"
3038,10401735895,10401735928,1,"IOTHUB_CLIENT_CONFIRMATION_OK"
3039,10401736096,10401736125,1,"IOTHUB_CLIENT_CONFIRMATION_OK"
3040,10401736296,10401736327,1,"IOTHUB_CLIENT_CONFIRMATION_OK"
3041,10401736496,10401736610,1,"IOTHUB_CLIENT_CONFIRMATION_OK"
3042,10401736696,10401736726,1,"IOTHUB_CLIENT_CONFIRMATION_OK"
3043,10401736896,10401736933,1,"IOTHUB_CLIENT_CONFIRMATION_OK"
3044,10401737096,10401737126,1,"IOTHUB_CLIENT_CONFIRMATION_OK"
3045,10401737297,10401737336,1,"IOTHUB_CLIENT_CONFIRMATION_OK"
3046,10401737497,10401737681,1,"IOTHUB_CLIENT_CONFIRMATION_OK"
3047,10401737697,10401737728,1,"IOTHUB_CLIENT_CONFIRMATION_OK"
3048,10401737897,10401737927,1,"IOTHUB_CLIENT_CONFIRMATION_OK"
3049,10401738097,10401738128,1,"IOTHUB_CLIENT_CONFIRMATION_OK"
3050,10401738297,10401738331,1,"IOTHUB_CLIENT_CONFIRMATION_OK"
3051,10401738498,10401738679,1,"IOTHUB_CLIENT_CONFIRMATION_OK"
3052,10401738698,10401738731,1,"IOTHUB_CLIENT_CONFIRMATION_OK"
3053,10401738898,10401738928,1,"IOTHUB_CLIENT_CONFIRMATION_OK"
3054,10401739098,10401739131,1,"IOTHUB_CLIENT_CONFIRMATION_OK"
3055,10401739298,10401739328,1,"IOTHUB_CLIENT_CONFIRMATION_OK"
3056,10401739498,10401739529,1,"IOTHUB_CLIENT_CONFIRMATION_OK"
3057,10401739698,10401739730,1,"IOTHUB_CLIENT_CONFIRMATION_OK"
3058,10401739899,10401739927,1,"IOTHUB_CLIENT_CONFIRMATION_OK"
3059,10401740099,10401740129,1,"IOTHUB_CLIENT_CONFIRMATION_OK"
3060,10401740299,10401740343,1,"IOTHUB_CLIENT_CONFIRMATION_OK"
3061,10401740499,10401740533,1,"IOTHUB_CLIENT_CONFIRMATION_OK"
3062,10401740699,10401740733,1,"IOTHUB_CLIENT_CONFIRMATION_OK"
3063,10401740899,10401740926,1,"IOTHUB_CLIENT_CONFIRMATION_OK"
3064,10401741100,10401741155,1,"IOTHUB_CLIENT_CONFIRMATION_OK"
3065,10401741300,10401741332,1,"IOTHUB_CLIENT_CONFIRMATION_OK"
3066,10401741500,10401741550,1,"IOTHUB_CLIENT_CONFIRMATION_OK"
3067,10401741700,10401741794,1,"IOTHUB_CLIENT_CONFIRMATION_OK"
3068,10401741900,10401741934,1,"IOTHUB_CLIENT_CONFIRMATION_OK"
3069,10401742100,10401742128,1,"IOTHUB_CLIENT_CONFIRMATION_OK"
3070,10401742301,10401742330,1,"IOTHUB_CLIENT_CONFIRMATION_OK"
3071,10401742501,10401742531,1,"IOTHUB_CLIENT_CONFIRMATION_OK"
3072,10401742701,10401742818,1,"IOTHUB_CLIENT_CONFIRMATION_OK"
3073,10401742901,10401742932,1,"IOTHUB_CLIENT_CONFIRMATION_OK"
3074,10401743101,10401743131,1,"IOTHUB_CLIENT_CONFIRMATION_OK"
3075,10401743301,10401743335,1,"IOTHUB_CLIENT_CONFIRMATION_OK"
3076,10401743502,10401743535,1,"IOTHUB_CLIENT_CONFIRMATION_OK"
3077,10401743702,10401743865,1,"IOTHUB_CLIENT_CONFIRMATION_OK"
3078,10401743902,10401743931,1,"IOTHUB_CLIENT_CONFIRMATION_OK"
3079,10401744102,10401744133,1,"IOTHUB_CLIENT_CONFIRMATION_OK"
3080,10401744302,10401744351,1,"IOTHUB_CLIENT_CONFIRMATION_OK"
3081,10401744502,10401744534,1,"IOTHUB_CLIENT_CONFIRMATION_OK"
3082,10401744702,10401744736,1,"IOTHUB_CLIENT_CONFIRMATION_OK"
3083,10401744903,10401744930,1,"IOTHUB_CLIENT_CONFIRMATION_OK"
3084,10401745103,10401745131,1,"IOTHUB_CLIENT_CONFIRMATION_OK"
3085,10401745303,10401745334,1,"IOTHUB_CLIENT_CONFIRMATION_OK"
3086,10401745503,10401745536,1,"IOTHUB_CLIENT_CONFIRMATION_OK"
3087,10401745703,10401745752,1,"IOTHUB_CLIENT_CONFIRMATION_OK"
3088,10401745903,10401745932,1,"IOTHUB_CLIENT_CONFIRMATION_OK"
3089,10401746104,10401746182,1,"IOTHUB_CLIENT_CONFIRMATION_OK"
3090,10401746304,10401746338,1,"IOTHUB_CLIENT_CONFIRMATION_OK"
3091,10401746504,10401746535,1,"IOTHUB_CLIENT_CONFIRMATION_OK"
3092,10401746704,10401746733,1,"IOTHUB_CLIENT_CONFIRMATION_OK"
3093,10401746904,10401746935,1,"IOTHUB_CLIENT_CONFIRMATION_OK"
3094,10401747104,10401747135,1,"IOTHUB_CLIENT_CONFIRMATION_OK"
3095,10401747305,10401747505,1,"IOTHUB_CLIENT_CONFIRMATION_OK"
3096,10401747505,10401747543,1,"IOTHUB_CLIENT_CONFIRMATION_OK"
3097,10401747705,10401747743,1,"IOTHUB_CLIENT_CONFIRMATION_OK"
3098,10401747905,10401747944,1,"IOTHUB_CLIENT_CONFIRMATION_OK"
3099,10401748105,10401748134,1,"IOTHUB_CLIENT_CONFIRMATION_OK"
3100,10401748305,10401748335,1,"IOTHUB_CLIENT_CONFIRMATION_OK"
3101,10401748505,10401748544,1,"IOTHUB_CLIENT_CONFIRMATION_OK"
3102,10401748706,10401748735,1,"IOTHUB_CLIENT_CONFIRMATION_OK"
3103,10401748906,10401749033,1,"IOTHUB_CLIENT_CONFIRMATION_OK"
3104,10401749106,10401749134,1,"IOTHUB_CLIENT_CONFIRMATION_OK"
3105,10401749306,10401749336,1,"IOTHUB_CLIENT_CONFIRMATION_OK"
3106,10401749506,10401749589,1,"IOTHUB_CLIENT_CONFIRMATION_OK"
3107,10401749706,10401749736,1,"IOTHUB_CLIENT_CONFIRMATION_OK"
3108,10401749907,10401749988,1,"IOTHUB_CLIENT_CONFIRMATION_OK"
3109,10401750107,10401750137,1,"IOTHUB_CLIENT_CONFIRMATION_OK"
3110,10401750307,10401750336,1,"IOTHUB_CLIENT_CONFIRMATION_OK"
3111,10401750507,10401750643,1,"IOTHUB_CLIENT_CONFIRMATION_OK"
3112,10401750707,10401750737,1,"IOTHUB_CLIENT_CONFIRMATION_OK"
3113,10401750907,10401750938,1,"IOTHUB_CLIENT_CONFIRMATION_OK"
3114,10401751108,10401751136,1,"IOTHUB_CLIENT_CONFIRMATION_OK"
3115,10401751308,10401751348,1,"IOTHUB_CLIENT_CONFIRMATION_OK"
3116,10401751508,10401751800,1,"IOTHUB_CLIENT_CONFIRMATION_OK"
3117,10401751708,10401751866,1,"IOTHUB_CLIENT_CONFIRMATION_OK"
3118,10401751908,10401751992,1,"IOTHUB_CLIENT_CONFIRMATION_OK"
3119,10401752108,10401752180,1,"IOTHUB_CLIENT_CONFIRMATION_OK"
3120,10401752309,10401752540,1,"IOTHUB_CLIENT_CONFIRMATION_OK"
3121,10401752509,10401752790,1,"IOTHUB_CLIENT_CONFIRMATION_OK"
3122,10401752709,10401752811,1,"IOTHUB_CLIENT_CONFIRMATION_OK"
3123,10401752909,10401752937,1,"IOTHUB_CLIENT_CONFIRMATION_OK"
3124,10401753109,10401753198,1,"IOTHUB_CLIENT_CONFIRMATION_OK"
3125,10401753309,10401753350,1,"IOTHUB_CLIENT_CONFIRMATION_OK"
3126,10401753509,10401753610,1,"IOTHUB_CLIENT_CONFIRMATION_OK"
3127,10401753710,10401753751,1,"IOTHUB_CLIENT_CONFIRMATION_OK"
3128,10401753910,10401753947,1,"IOTHUB_CLIENT_CONFIRMATION_OK"
3129,10401754110,10401754224,1,"IOTHUB_CLIENT_CONFIRMATION_OK"
3130,10401754310,10401754343,1,"IOTHUB_CLIENT_CONFIRMATION_OK"
3131,10401754510,10401754547,1,"IOTHUB_CLIENT_CONFIRMATION_OK"
3132,10401754710,10401754742,1,"IOTHUB_CLIENT_CONFIRMATION_OK"
3133,10401754910,10401754941,1,"IOTHUB_CLIENT_CONFIRMATION_OK"
3134,10401755111,10401755140,1,"IOTHUB_CLIENT_CONFIRMATION_OK"
3135,10401755311,10401755339,1,"IOTHUB_CLIENT_CONFIRMATION_OK"
3136,10401755511,10401755539,1,"IOTHUB_CLIENT_CONFIRMATION_OK"
3137,10401755711,10401755744,1,"IOTHUB_CLIENT_CONFIRMATION_OK"
3138,10401755911,10401755942,1,"IOTHUB_CLIENT_CONFIRMATION_OK"
3139,10401756111,10401756322,1,"IOTHUB_CLIENT_CONFIRMATION_OK"
3140,10401756312,10401756342,1,"IOTHUB_CLIENT_CONFIRMATION_OK"
3141,10401756512,10401756574,1,"IOTHUB_CLIENT_CONFIRMATION_OK"
3142,10401756712,10401756754,1,"IOTHUB_CLIENT_CONFIRMATION_OK"
3143,10401756912,10401756945,1,"IOTHUB_CLIENT_CONFIRMATION_OK"
3144,10401757112,10401757144,1,"IOTHUB_CLIENT_CONFIRMATION_OK"
3145,10401757312,10401757402,1,"IOTHUB_CLIENT_CONFIRMATION_OK"
3146,10401757513,10401757541,1,"IOTHUB_CLIENT_CONFIRMATION_OK"
3147,10401757713,10401757802,1,"IOTHUB_CLIENT_CONFIRMATION_OK"
3148,10401757913,10401757942,1,"IOTHUB_CLIENT_CONFIRMATION_OK"
3149,10401758113,10401758148,1,"IOTHUB_CLIENT_CONFIRMATION_OK"
3150,10401758313,10401758407,1,"IOTHUB_CLIENT_CONFIRMATION_OK"
3151,10401758513,10401758541,1,"IOTHUB_CLIENT_CONFIRMATION_OK"
3152,10401758714,10401758820,1,"IOTHUB_CLIENT_CONFIRMATION_OK"
3153,10401758914,10401758944,1,"IOTHUB_CLIENT_CONFIRMATION_OK"
3154,10401759114,10401759143,1,"IOTHUB_CLIENT_CONFIRMATION_OK"
3155,10401759314,10401759447,1,"IOTHUB_CLIENT_CONFIRMATION_OK"
3156,10401759514,10401759544,1,"IOTHUB_CLIENT_CONFIRMATION_OK"
3157,10401759714,10401759748,1,"IOTHUB_CLIENT_CONFIRMATION_OK"
3158,10401759915,10401759946,1,"IOTHUB_CLIENT_CONFIRMATION_OK"
3159,10401760115,10401760144,1,"IOTHUB_CLIENT_CONFIRMATION_OK"
3160,10401760315,10401760456,1,"IOTHUB_CLIENT_CONFIRMATION_OK"
3161,10401760515,10401760548,1,"IOTHUB_CLIENT_CONFIRMATION_OK"
3162,10401760715,10401760771,1,"IOTHUB_CLIENT_CONFIRMATION_OK"
3163,10401760915,10401760970,1,"IOTHUB_CLIENT_CONFIRMATION_OK"
3164,10401761115,10401761145,1,"IOTHUB_CLIENT_CONFIRMATION_OK"
3165,10401761316,10401761493,1,"IOTHUB_CLIENT_CONFIRMATION_OK"
3166,10401761516,10401761548,1,"IOTHUB_CLIENT_CONFIRMATION_OK"
3167,10401761716,10401761744,1,"IOTHUB_CLIENT_CONFIRMATION_OK"
3168,10401761916,10401761950,1,"IOTHUB_CLIENT_CONFIRMATION_OK"
3169,10401762116,10401762158,1,"IOTHUB_CLIENT_CONFIRMATION_OK"
3170,10401762317,10401762502,1,"IOTHUB_CLIENT_CONFIRMATION_OK"
3171,10401762517,10401762547,1,"IOTHUB_CLIENT_CONFIRMATION_OK"
3172,10401762717,10401762748,1,"IOTHUB_CLIENT_CONFIRMATION_OK"
3173,10401762917,10401763136,1,"IOTHUB_CLIENT_CONFIRMATION_OK"
3174,10401763117,10401763164,1,"IOTHUB_CLIENT_CONFIRMATION_OK"
3175,10401763317,10401763347,1,"IOTHUB_CLIENT_CONFIRMATION_OK"
3176,10401763517,10401763565,1,"IOTHUB_CLIENT_CONFIRMATION_OK"
3177,10401763718,10401763746,1,"IOTHUB_CLIENT_CONFIRMATION_OK"
3178,10401763918,10401764049,1,"IOTHUB_CLIENT_CONFIRMATION_OK"
3179,10401764118,10401764147,1,"IOTHUB_CLIENT_CONFIRMATION_OK"
3180,10401764318,10401764354,1,"IOTHUB_CLIENT_CONFIRMATION_OK"
3181,10401764518,10401764588,1,"IOTHUB_CLIENT_CONFIRMATION_OK"
3182,10401764718,10401764753,1,"IOTHUB_CLIENT_CONFIRMATION_OK"
3183,10401764919,10401764995,1,"IOTHUB_CLIENT_CONFIRMATION_OK"
3184,10401765119,10401765149,1,"IOTHUB_CLIENT_CONFIRMATION_OK"
3185,10401765319,10401765352,1,"IOTHUB_CLIENT_CONFIRMATION_OK"
3186,10401765519,10401765628,1,"IOTHUB_CLIENT_CONFIRMATION_OK"
3187,10401765719,10401765772,1,"IOTHUB_CLIENT_CONFIRMATION_OK"
3188,10401765919,10401765950,1,"IOTHUB_CLIENT_CONFIRMATION_OK"
3189,10401766120,10401766150,1,"IOTHUB_CLIENT_CONFIRMATION_OK"
3190,10401766320,10401766353,1,"IOTHUB_CLIENT_CONFIRMATION_OK"
3191,10401766520,10401766666,1,"IOTHUB_CLIENT_CONFIRMATION_OK"
3192,10401766720,10401766750,1,"IOTHUB_CLIENT_CONFIRMATION_OK"
3193,10401766920,10401766951,1,"IOTHUB_CLIENT_CONFIRMATION_OK"
3194,10401767120,10401767149,1,"IOTHUB_CLIENT_CONFIRMATION_OK"
3195,10401767321,10401767349,1,"IOTHUB_CLIENT_CONFIRMATION_OK"
3196,10401767521,10401767659,1,"IOTHUB_CLIENT_CONFIRMATION_OK"
3197,10401767721,10401767749,1,"IOTHUB_CLIENT_CONFIRMATION_OK"
3198,10401767921,10401767958,1,"IOTHUB_CLIENT_CONFIRMATION_OK"
3199,10401768121,10401768152,1,"IOTHUB_CLIENT_CONFIRMATION_OK"
3200,10401768321,10401768359,1,"IOTHUB_CLIENT_CONFIRMATION_OK"
3201,10401768521,10401768680,1,"IOTHUB_CLIENT_CONFIRMATION_OK"
3202,10401768722,10401768752,1,"IOTHUB_CLIENT_CONFIRMATION_OK"
3203,10401768922,10401768954,1,"IOTHUB_CLIENT_CONFIRMATION_OK"
3204,10401769122,10401769151,1,"IOTHUB_CLIENT_CONFIRMATION_OK"
3205,10401769322,10401769373,1,"IOTHUB_CLIENT_CONFIRMATION_OK"
3206,10401769522,10401769594,1,"IOTHUB_CLIENT_CONFIRMATION_OK"
3207,10401769722,10401769754,1,"IOTHUB_CLIENT_CONFIRMATION_OK"
3208,10401769922,10401769959,1,"IOTHUB_CLIENT_CONFIRMATION_OK"
3209,10401770123,10401770151,1,"IOTHUB_CLIENT_CONFIRMATION_OK"
3210,10401770323,10401770361,1,"IOTHUB_CLIENT_CONFIRMATION_OK"
3211,10401770523,10401770559,1,"IOTHUB_CLIENT_CONFIRMATION_OK"
3212,10401770723,10401770753,1,"IOTHUB_CLIENT_CONFIRMATION_OK"
3213,10401770923,10401770953,1,"IOTHUB_CLIENT_CONFIRMATION_OK"
3214,10401771123,10401771309,1,"IOTHUB_CLIENT_CONFIRMATION_OK"
3215,10401771324,10401771366,1,"IOTHUB_CLIENT_CONFIRMATION_OK"
3216,10401771524,10401771556,1,"IOTHUB_CLIENT_CONFIRMATION_OK"
3217,10401771724,10401771782,1,"IOTHUB_CLIENT_CONFIRMATION_OK"
3218,10401771924,10401771953,1,"IOTHUB_CLIENT_CONFIRMATION_OK"
3219,10401772124,10401772155,1,"IOTHUB_CLIENT_CONFIRMATION_OK"
3220,10401772324,10401772363,1,"IOTHUB_CLIENT_CONFIRMATION_OK"
3221,10401772525,10401772556,1,"IOTHUB_CLIENT_CONFIRMATION_OK"
3222,10401772725,10401772755,1,"IOTHUB_CLIENT_CONFIRMATION_OK"
3223,10401772925,10401772955,1,"IOTHUB_CLIENT_CONFIRMATION_OK"
3224,10401773125,10401773157,1,"IOTHUB_CLIENT_CONFIRMATION_OK"
3225,10401773325,10401773353,1,"IOTHUB_CLIENT_CONFIRMATION_OK"
3226,10401773525,10401773597,1,"IOTHUB_CLIENT_CONFIRMATION_OK"
3227,10401773726,10401773757,1,"IOTHUB_CLIENT_CONFIRMATION_OK"
3228,10401773926,10401773966,1,"IOTHUB_CLIENT_CONFIRMATION_OK"
3229,10401774126,10401774154,1,"IOTHUB_CLIENT_CONFIRMATION_OK"
3230,10401774326,10401774401,1,"IOTHUB_CLIENT_CONFIRMATION_OK"
3231,10401774526,10401774557,1,"IOTHUB_CLIENT_CONFIRMATION_OK"
3232,10401774726,10401774759,1,"IOTHUB_CLIENT_CONFIRMATION_OK"
3233,10401774926,10401774957,1,"IOTHUB_CLIENT_CONFIRMATION_OK"
3234,10401775127,10401775167,1,"IOTHUB_CLIENT_CONFIRMATION_OK"
3235,10401775327,10401775377,1,"IOTHUB_CLIENT_CONFIRMATION_OK"
3236,10401775527,10401775557,1,"IOTHUB_CLIENT_CONFIRMATION_OK"
3237,10401775727,10401775764,1,"IOTHUB_CLIENT_CONFIRMATION_OK"
3238,10401775927,10401776019,1,"IOTHUB_CLIENT_CONFIRMATION_OK"
3239,10401776127,10401776157,1,"IOTHUB_CLIENT_CONFIRMATION_OK"
3240,10401776328,10401776454,1,"IOTHUB_CLIENT_CONFIRMATION_OK"
3241,10401776528,10401776558,1,"IOTHUB_CLIENT_CONFIRMATION_OK"
3242,10401776728,10401776770,1,"IOTHUB_CLIENT_CONFIRMATION_OK"
3243,10401776928,10401776960,1,"IOTHUB_CLIENT_CONFIRMATION_OK"
3244,10401777128,10401777159,1,"IOTHUB_CLIENT_CONFIRMATION_OK"
3245,10401777328,10401777465,1,"IOTHUB_CLIENT_CONFIRMATION_OK"
3246,10401777529,10401777558,1,"IOTHUB_CLIENT_CONFIRMATION_OK"
3247,10401777729,10401777759,1,"IOTHUB_CLIENT_CONFIRMATION_OK"
3248,10401777929,10401777961,1,"IOTHUB_CLIENT_CONFIRMATION_OK"
3249,10401778129,10401778157,1,"IOTHUB_CLIENT_CONFIRMATION_OK"
3250,10401778329,10401778360,1,"IOTHUB_CLIENT_CONFIRMATION_OK"
3251,10401778529,10401778561,1,"IOTHUB_CLIENT_CONFIRMATION_OK"
3252,10401778730,10401778782,1,"IOTHUB_CLIENT_CONFIRMATION_OK"
3253,10401778930,10401778968,1,"IOTHUB_CLIENT_CONFIRMATION_OK"
3254,10401779130,10401779158,1,"IOTHUB_CLIENT_CONFIRMATION_OK"
3255,10401779330,10401779358,1,"IOTHUB_CLIENT_CONFIRMATION_OK"
3256,10401779530,10401779593,1,"IOTHUB_CLIENT_CONFIRMATION_OK"
3257,10401779730,10401779770,1,"IOTHUB_CLIENT_CONFIRMATION_OK"
3258,10401779930,10401779978,1,"IOTHUB_CLIENT_CONFIRMATION_OK"
3259,10401780131,10401780191,1,"IOTHUB_CLIENT_CONFIRMATION_OK"
3260,10401780331,10401780364,1,"IOTHUB_CLIENT_CONFIRMATION_OK"
3261,10401780531,10401780627,1,"IOTHUB_CLIENT_CONFIRMATION_OK"
3262,10401780731,10401780761,1,"IOTHUB_CLIENT_CONFIRMATION_OK"
3263,10401780931,10401780967,1,"IOTHUB_CLIENT_CONFIRMATION_OK"
3264,10401781132,10401781159,1,"IOTHUB_CLIENT_CONFIRMATION_OK"
3265,10401781332,10401781361,1,"IOTHUB_CLIENT_CONFIRMATION_OK"
3266,10401781532,10401781672,1,"IOTHUB_CLIENT_CONFIRMATION_OK"
3267,10401781732,10401781774,1,"IOTHUB_CLIENT_CONFIRMATION_OK"
3268,10401781932,10401781961,1,"IOTHUB_CLIENT_CONFIRMATION_OK"
3269,10401782132,10401782163,1,"IOTHUB_CLIENT_CONFIRMATION_OK"
3270,10401782332,10401782360,1,"IOTHUB_CLIENT_CONFIRMATION_OK"
3271,10401782533,10401782707,1,"IOTHUB_CLIENT_CONFIRMATION_OK"
3272,10401782733,10401782784,1,"IOTHUB_CLIENT_CONFIRMATION_OK"
3273,10401782933,10401783043,1,"IOTHUB_CLIENT_CONFIRMATION_OK"
3274,10401783133,10401783170,1,"IOTHUB_CLIENT_CONFIRMATION_OK"
3275,10401783333,10401783361,1,"IOTHUB_CLIENT_CONFIRMATION_OK"
3276,10401783533,10401783714,1,"IOTHUB_CLIENT_CONFIRMATION_OK"
3277,10401783734,10401783771,1,"IOTHUB_CLIENT_CONFIRMATION_OK"
3278,10401783934,10401783965,1,"IOTHUB_CLIENT_CONFIRMATION_OK"
3279,10401784134,10401784177,1,"IOTHUB_CLIENT_CONFIRMATION_OK"
3280,10401784334,10401784367,1,"IOTHUB_CLIENT_CONFIRMATION_OK"
3281,10401784534,10401784566,1,"IOTHUB_CLIENT_CONFIRMATION_OK"
3282,10401784734,10401784774,1,"IOTHUB_CLIENT_CONFIRMATION_OK"
3283,10401784934,10401784964,1,"IOTHUB_CLIENT_CONFIRMATION_OK"
3284,10401785135,10401785170,1,"IOTHUB_CLIENT_CONFIRMATION_OK"
3285,10401785335,10401785363,1,"IOTHUB_CLIENT_CONFIRMATION_OK"
3286,10401785535,10401785576,1,"IOTHUB_CLIENT_CONFIRMATION_OK"
3287,10401785735,10401785785,1,"IOTHUB_CLIENT_CONFIRMATION_OK"
3288,10401785935,10401785965,1,"IOTHUB_CLIENT_CONFIRMATION_OK"
3289,10401786135,10401786199,1,"IOTHUB_CLIENT_CONFIRMATION_OK"
3290,10401786336,10401786368,1,"IOTHUB_CLIENT_CONFIRMATION_OK"
3291,10401786536,10401786577,1,"IOTHUB_CLIENT_CONFIRMATION_OK"
3292,10401786736,10401786794,1,"IOTHUB_CLIENT_CONFIRMATION_OK"
3293,10401786936,10401786970,1,"IOTHUB_CLIENT_CONFIRMATION_OK"
3294,10401787136,10401787167,1,"IOTHUB_CLIENT_CONFIRMATION_OK"
3295,10401787336,10401787368,1,"IOTHUB_CLIENT_CONFIRMATION_OK"
3296,10401787537,10401787567,1,"IOTHUB_CLIENT_CONFIRMATION_OK"
3297,10401787737,10401787829,1,"IOTHUB_CLIENT_CONFIRMATION_OK"
3298,10401787937,10401787966,1,"IOTHUB_CLIENT_CONFIRMATION_OK"
3299,10401788137,10401788165,1,"IOTHUB_CLIENT_CONFIRMATION_OK"
3300,10401788337,10401788375,1,"IOTHUB_CLIENT_CONFIRMATION_OK"
3301,10401788537,10401788567,1,"IOTHUB_CLIENT_CONFIRMATION_OK"
3302,10401788738,10401788866,1,"IOTHUB_CLIENT_CONFIRMATION_OK"
3303,10401788938,10401788982,1,"IOTHUB_CLIENT_CONFIRMATION_OK"
3304,10401789138,10401789176,1,"IOTHUB_CLIENT_CONFIRMATION_OK"
3305,10401789338,10401789368,1,"IOTHUB_CLIENT_CONFIRMATION_OK"
3306,10401789538,10401789570,1,"IOTHUB_CLIENT_CONFIRMATION_OK"
3307,10401789738,10401789766,1,"IOTHUB_CLIENT_CONFIRMATION_OK"
3308,10401789938,10401789971,1,"IOTHUB_CLIENT_CONFIRMATION_OK"
3309,10401790139,10401790178,1,"IOTHUB_CLIENT_CONFIRMATION_OK"
3310,10401790339,10401790370,1,"IOTHUB_CLIENT_CONFIRMATION_OK"
3311,10401790539,10401790575,1,"IOTHUB_CLIENT_CONFIRMATION_OK"
3312,10401790739,10401790776,1,"IOTHUB_CLIENT_CONFIRMATION_OK"
3313,10401790939,10401790984,1,"IOTHUB_CLIENT_CONFIRMATION_OK"
3314,10401791139,10401791176,1,"IOTHUB_CLIENT_CONFIRMATION_OK"
3315,10401791340,10401791376,1,"IOTHUB_CLIENT_CONFIRMATION_OK"
3316,10401791540,10401791577,1,"IOTHUB_CLIENT_CONFIRMATION_OK"
3317,10401791740,10401791788,1,"IOTHUB_CLIENT_CONFIRMATION_OK"
3318,10401791940,10401791970,1,"IOTHUB_CLIENT_CONFIRMATION_OK"
3319,10401792140,10401792178,1,"IOTHUB_CLIENT_CONFIRMATION_OK"
3320,10401792340,10401792559,1,"IOTHUB_CLIENT_CONFIRMATION_OK"
3321,10401792541,10401792576,1,"IOTHUB_CLIENT_CONFIRMATION_OK"
3322,10401792741,10401792779,1,"IOTHUB_CLIENT_CONFIRMATION_OK"
3323,10401792941,10401793041,1,"IOTHUB_CLIENT_CONFIRMATION_OK"
3324,10401793141,10401793183,1,"IOTHUB_CLIENT_CONFIRMATION_OK"
3325,10401793341,10401793372,1,"IOTHUB_CLIENT_CONFIRMATION_OK"
3326,10401793541,10401793589,1,"IOTHUB_CLIENT_CONFIRMATION_OK"
3327,10401793742,10401793774,1,"IOTHUB_CLIENT_CONFIRMATION_OK"
3328,10401793942,10401793999,1,"IOTHUB_CLIENT_CONFIRMATION_OK"
3329,10401794142,10401794180,1,"IOTHUB_CLIENT_CONFIRMATION_OK"
3330,10401794342,10401794372,1,"IOTHUB_CLIENT_CONFIRMATION_OK"
3331,10401794542,10401794621,1,"IOTHUB_CLIENT_CONFIRMATION_OK"
3332,10401794742,10401794783,1,"IOTHUB_CLIENT_CONFIRMATION_OK"
3333,10401794943,10401795050,1,"IOTHUB_CLIENT_CONFIRMATION_OK"
3334,10401795143,10401795181,1,"IOTHUB_CLIENT_CONFIRMATION_OK"
3335,10401795343,10401795373,1,"IOTHUB_CLIENT_CONFIRMATION_OK"
3336,10401795543,10401795762,1,"IOTHUB_CLIENT_CONFIRMATION_OK"
3337,10401795743,10401795792,1,"IOTHUB_CLIENT_CONFIRMATION_OK"
3338,10401795943,10401795976,1,"IOTHUB_CLIENT_CONFIRMATION_OK"
3339,10401796144,10401796181,1,"IOTHUB_CLIENT_CONFIRMATION_OK"
3340,10401796344,10401796373,1,"IOTHUB_CLIENT_CONFIRMATION_OK"
3341,10401796544,10401796574,1,"IOTHUB_CLIENT_CONFIRMATION_OK"
3342,10401796744,10401796774,1,"IOTHUB_CLIENT_CONFIRMATION_OK"
3343,10401796944,10401796992,1,"IOTHUB_CLIENT_CONFIRMATION_OK"
3344,10401797144,10401797182,1,"IOTHUB_CLIENT_CONFIRMATION_OK"
3345,10401797344,10401797391,1,"IOTHUB_CLIENT_CONFIRMATION_OK"
3346,10401797545,10401797577,1,"IOTHUB_CLIENT_CONFIRMATION_OK"
3347,10401797745,10401797782,1,"IOTHUB_CLIENT_CONFIRMATION_OK"
3348,10401797945,10401797989,1,"IOTHUB_CLIENT_CONFIRMATION_OK"
3349,10401798145,10401798197,1,"IOTHUB_CLIENT_CONFIRMATION_OK"
3350,10401798345,10401798387,1,"IOTHUB_CLIENT_CONFIRMATION_OK"
3351,10401798545,10401798577,1,"IOTHUB_CLIENT_CONFIRMATION_OK"
3352,10401798746,10401798817,1,"IOTHUB_CLIENT_CONFIRMATION_OK"
3353,10401798946,10401798982,1,"IOTHUB_CLIENT_CONFIRMATION_OK"
3354,10401799146,10401799206,1,"IOTHUB_CLIENT_CONFIRMATION_OK"
3355,10401799346,10401799401,1,"IOTHUB_CLIENT_CONFIRMATION_OK"
3356,10401799546,10401799584,1,"IOTHUB_CLIENT_CONFIRMATION_OK"
3357,10401799746,10401799822,1,"IOTHUB_CLIENT_CONFIRMATION_OK"
3358,10401799946,10401799979,1,"IOTHUB_CLIENT_CONFIRMATION_OK"
3359,10401800147,10401800220,1,"IOTHUB_CLIENT_CONFIRMATION_OK"
3360,10401800347,10401800394,1,"IOTHUB_CLIENT_CONFIRMATION_OK"
3361,10401800547,10401800600,1,"IOTHUB_CLIENT_CONFIRMATION_OK"
3362,10401800747,10401800849,1,"IOTHUB_CLIENT_CONFIRMATION_OK"
3363,10401800947,10401801011,1,"IOTHUB_CLIENT_CONFIRMATION_OK"
3364,10401801147,10401801230,1,"IOTHUB_CLIENT_CONFIRMATION_OK"
3365,10401801347,10401801381,1,"IOTHUB_CLIENT_CONFIRMATION_OK"
3366,10401801548,10401801602,1,"IOTHUB_CLIENT_CONFIRMATION_OK"
3367,10401801748,10401801847,1,"IOTHUB_CLIENT_CONFIRMATION_OK"
3368,10401801948,10401801998,1,"IOTHUB_CLIENT_CONFIRMATION_OK"
3369,10401802148,10401802212,1,"IOTHUB_CLIENT_CONFIRMATION_OK"
3370,10401802348,10401802381,1,"IOTHUB_CLIENT_CONFIRMATION_OK"
3371,10401802548,10401802605,1,"IOTHUB_CLIENT_CONFIRMATION_OK"
3372,10401802749,10401802863,1,"IOTHUB_CLIENT_CONFIRMATION_OK"
3373,10401802949,10401802986,1,"IOTHUB_CLIENT_CONFIRMATION_OK"
3374,10401803149,10401803186,1,"IOTHUB_CLIENT_CONFIRMATION_OK"
3375,10401803349,10401803384,1,"IOTHUB_CLIENT_CONFIRMATION_OK"
3376,10401803549,10401803598,1,"IOTHUB_CLIENT_CONFIRMATION_OK"
3377,10401803749,10401803873,1,"IOTHUB_CLIENT_CONFIRMATION_OK"
3378,10401803950,10401803978,1,"IOTHUB_CLIENT_CONFIRMATION_OK"
3379,10401804150,10401804178,1,"IOTHUB_CLIENT_CONFIRMATION_OK"
3380,10401804350,10401804381,1,"IOTHUB_CLIENT_CONFIRMATION_OK"
3381,10401804550,10401804589,1,"IOTHUB_CLIENT_CONFIRMATION_OK"
3382,10401804750,10401804926,1,"IOTHUB_CLIENT_CONFIRMATION_OK"
3383,10401804950,10401804983,1,"IOTHUB_CLIENT_CONFIRMATION_OK"
3384,10401805150,10401805179,1,"IOTHUB_CLIENT_CONFIRMATION_OK"
3385,10401805351,10401805389,1,"IOTHUB_CLIENT_CONFIRMATION_OK"
3386,10401805551,10401805582,1,"IOTHUB_CLIENT_CONFIRMATION_OK"
3387,10401805751,10401805793,1,"IOTHUB_CLIENT_CONFIRMATION_OK"
3388,10401805951,10401805988,1,"IOTHUB_CLIENT_CONFIRMATION_OK"
3389,10401806151,10401806197,1,"IOTHUB_CLIENT_CONFIRMATION_OK"
3390,10401806351,10401806382,1,"IOTHUB_CLIENT_CONFIRMATION_OK"
3391,10401806552,10401806582,1,"IOTHUB_CLIENT_CONFIRMATION_OK"
3392,10401806752,10401806780,1,"IOTHUB_CLIENT_CONFIRMATION_OK"
3393,10401806952,10401806981,1,"IOTHUB_CLIENT_CONFIRMATION_OK"
3394,10401807152,10401807203,1,"IOTHUB_CLIENT_CONFIRMATION_OK"
3395,10401807352,10401807395,1,"IOTHUB_CLIENT_CONFIRMATION_OK"
3396,10401807552,10401807583,1,"IOTHUB_CLIENT_CONFIRMATION_OK"
3397,10401807753,10401807791,1,"IOTHUB_CLIENT_CONFIRMATION_OK"
3398,10401807953,10401808016,1,"IOTHUB_CLIENT_CONFIRMATION_OK"
3399,10401808153,10401808192,1,"IOTHUB_CLIENT_CONFIRMATION_OK"
3400,10401808353,10401808395,1,"IOTHUB_CLIENT_CONFIRMATION_OK"
3401,10401808553,10401808615,1,"IOTHUB_CLIENT_CONFIRMATION_OK"
3402,10401808753,10401808801,1,"IOTHUB_CLIENT_CONFIRMATION_OK"
3403,10401808954,10401809018,1,"IOTHUB_CLIENT_CONFIRMATION_OK"
3404,10401809154,10401809184,1,"IOTHUB_CLIENT_CONFIRMATION_OK"
3405,10401809354,10401809393,1,"IOTHUB_CLIENT_CONFIRMATION_OK"
3406,10401809554,10401809639,1,"IOTHUB_CLIENT_CONFIRMATION_OK"
3407,10401809754,10401809785,1,"IOTHUB_CLIENT_CONFIRMATION_OK"
3408,10401809954,10401810031,1,"IOTHUB_CLIENT_CONFIRMATION_OK"
3409,10401810154,10401810191,1,"IOTHUB_CLIENT_CONFIRMATION_OK"
3410,10401810355,10401810382,1,"IOTHUB_CLIENT_CONFIRMATION_OK"
3411,10401810555,10401810598,1,"IOTHUB_CLIENT_CONFIRMATION_OK"
3412,10401810755,10401810796,1,"IOTHUB_CLIENT_CONFIRMATION_OK"
3413,10401810955,10401810984,1,"IOTHUB_CLIENT_CONFIRMATION_OK"
3414,10401811155,10401811204,1,"IOTHUB_CLIENT_CONFIRMATION_OK"
3415,10401811355,10401811384,1,"IOTHUB_CLIENT_CONFIRMATION_OK"
3416,10401811556,10401811598,1,"IOTHUB_CLIENT_CONFIRMATION_OK"
3417,10401811756,10401811790,1,"IOTHUB_CLIENT_CONFIRMATION_OK"
3418,10401811956,10401811996,1,"IOTHUB_CLIENT_CONFIRMATION_OK"
3419,10401812156,10401812198,1,"IOTHUB_CLIENT_CONFIRMATION_OK"
3420,10401812356,10401812399,1,"IOTHUB_CLIENT_CONFIRMATION_OK"
3421,10401812556,10401812744,1,"IOTHUB_CLIENT_CONFIRMATION_OK"
3422,10401812756,10401812788,1,"IOTHUB_CLIENT_CONFIRMATION_OK"
3423,10401812957,10401812999,1,"IOTHUB_CLIENT_CONFIRMATION_OK"
3424,10401813157,10401813187,1,"IOTHUB_CLIENT_CONFIRMATION_OK"
3425,10401813357,10401813410,1,"IOTHUB_CLIENT_CONFIRMATION_OK"
3426,10401813557,10401813587,1,"IOTHUB_CLIENT_CONFIRMATION_OK"
3427,10401813757,10401813787,1,"IOTHUB_CLIENT_CONFIRMATION_OK"
3428,10401813957,10401813988,1,"IOTHUB_CLIENT_CONFIRMATION_OK"
3429,10401814158,10401814213,1,"IOTHUB_CLIENT_CONFIRMATION_OK"
3430,10401814358,10401814394,1,"IOTHUB_CLIENT_CONFIRMATION_OK"
3431,10401814558,10401814597,1,"IOTHUB_CLIENT_CONFIRMATION_OK"
3432,10401814758,10401814815,1,"IOTHUB_CLIENT_CONFIRMATION_OK"
3433,10401814958,10401814989,1,"IOTHUB_CLIENT_CONFIRMATION_OK"
3434,10401815158,10401815218,1,"IOTHUB_CLIENT_CONFIRMATION_OK"
3435,10401815359,10401815397,1,"IOTHUB_CLIENT_CONFIRMATION_OK"
3436,10401815559,10401815599,1,"IOTHUB_CLIENT_CONFIRMATION_OK"
3437,10401815759,10401815853,1,"IOTHUB_CLIENT_CONFIRMATION_OK"
3438,10401815959,10401815994,1,"IOTHUB_CLIENT_CONFIRMATION_OK"
3439,10401816159,10401816249,1,"IOTHUB_CLIENT_CONFIRMATION_OK"
3440,10401816359,10401816387,1,"IOTHUB_CLIENT_CONFIRMATION_OK"
3441,10401816559,10401816598,1,"IOTHUB_CLIENT_CONFIRMATION_OK"
3442,10401816760,10401816867,1,"IOTHUB_CLIENT_CONFIRMATION_OK"
3443,10401816960,10401816992,1,"IOTHUB_CLIENT_CONFIRMATION_OK"
3444,10401817160,10401817199,1,"IOTHUB_CLIENT_CONFIRMATION_OK"
3445,10401817360,10401817397,1,"IOTHUB_CLIENT_CONFIRMATION_OK"
3446,10401817560,10401817591,1,"IOTHUB_CLIENT_CONFIRMATION_OK"
3447,10401817760,10401817885,1,"IOTHUB_CLIENT_CONFIRMATION_OK"
3448,10401817961,10401817997,1,"IOTHUB_CLIENT_CONFIRMATION_OK"
3449,10401818161,10401818200,1,"IOTHUB_CLIENT_CONFIRMATION_OK"
3450,10401818361,10401818393,1,"IOTHUB_CLIENT_CONFIRMATION_OK"
3451,10401818561,10401818590,1,"IOTHUB_CLIENT_CONFIRMATION_OK"
3452,10401818761,10401818934,1,"IOTHUB_CLIENT_CONFIRMATION_OK"
3453,10401818961,10401819003,1,"IOTHUB_CLIENT_CONFIRMATION_OK"
3454,10401819162,10401819214,1,"IOTHUB_CLIENT_CONFIRMATION_OK"
3455,10401819362,10401819405,1,"IOTHUB_CLIENT_CONFIRMATION_OK"
3456,10401819562,10401819603,1,"IOTHUB_CLIENT_CONFIRMATION_OK"
3457,10401819762,10401819799,1,"IOTHUB_CLIENT_CONFIRMATION_OK"
3458,10401819962,10401819995,1,"IOTHUB_CLIENT_CONFIRMATION_OK"
3459,10401820162,10401820199,1,"IOTHUB_CLIENT_CONFIRMATION_OK"
3460,10401820363,10401820426,1,"IOTHUB_CLIENT_CONFIRMATION_OK"
3461,10401820563,10401820596,1,"IOTHUB_CLIENT_CONFIRMATION_OK"
3462,10401820763,10401820792,1,"IOTHUB_CLIENT_CONFIRMATION_OK"
3463,10401820963,10401821011,1,"IOTHUB_CLIENT_CONFIRMATION_OK"
3464,10401821163,10401821199,1,"IOTHUB_CLIENT_CONFIRMATION_OK"
3465,10401821363,10401821491,1,"IOTHUB_CLIENT_CONFIRMATION_OK"
3466,10401821564,10401821603,1,"IOTHUB_CLIENT_CONFIRMATION_OK"
3467,10401821764,10401821806,1,"IOTHUB_CLIENT_CONFIRMATION_OK"
3468,10401821964,10401821994,1,"IOTHUB_CLIENT_CONFIRMATION_OK"
3469,10401822164,10401822204,1,"IOTHUB_CLIENT_CONFIRMATION_OK"
3470,10401822364,10401822490,1,"IOTHUB_CLIENT_CONFIRMATION_OK"
3471,10401822564,10401822600,1,"IOTHUB_CLIENT_CONFIRMATION_OK"
3472,10401822765,10401822802,1,"IOTHUB_CLIENT_CONFIRMATION_OK"
3473,10401822965,10401823003,1,"IOTHUB_CLIENT_CONFIRMATION_OK"
3474,10401823165,10401823202,1,"IOTHUB_CLIENT_CONFIRMATION_OK"
3475,10401823365,10401823428,1,"IOTHUB_CLIENT_CONFIRMATION_OK"
3476,10401823565,10401823602,1,"IOTHUB_CLIENT_CONFIRMATION_OK"
3477,10401823765,10401823805,1,"IOTHUB_CLIENT_CONFIRMATION_OK"
3478,10401823966,10401824140,1,"IOTHUB_CLIENT_CONFIRMATION_OK"
3479,10401824166,10401824201,1,"IOTHUB_CLIENT_CONFIRMATION_OK"
3480,10401824366,10401824432,1,"IOTHUB_CLIENT_CONFIRMATION_OK"
3481,10401824566,10401824603,1,"IOTHUB_CLIENT_CONFIRMATION_OK"
3482,10401824766,10401824804,1,"IOTHUB_CLIENT_CONFIRMATION_OK"
3483,10401824966,10401825140,1,"IOTHUB_CLIENT_CONFIRMATION_OK"
3484,10401825167,10401825205,1,"IOTHUB_CLIENT_CONFIRMATION_OK"
3485,10401825367,10401825393,1,"IOTHUB_CLIENT_CONFIRMATION_OK"
3486,10401825567,10401825615,1,"IOTHUB_CLIENT_CONFIRMATION_OK"
3487,10401825767,10401825805,1,"IOTHUB_CLIENT_CONFIRMATION_OK"
3488,10401825967,10401826007,1,"IOTHUB_CLIENT_CONFIRMATION_OK"
3489,10401826167,10401826208,1,"IOTHUB_CLIENT_CONFIRMATION_OK"
3490,10401826367,10401826405,1,"IOTHUB_CLIENT_CONFIRMATION_OK"
3491,10401826568,10401826604,1,"IOTHUB_CLIENT_CONFIRMATION_OK"
3492,10401826768,10401826819,1,"IOTHUB_CLIENT_CONFIRMATION_OK"
3493,10401826968,10401827006,1,"IOTHUB_CLIENT_CONFIRMATION_OK"
3494,10401827168,10401827198,1,"IOTHUB_CLIENT_CONFIRMATION_OK"
3495,10401827368,10401827397,1,"IOTHUB_CLIENT_CONFIRMATION_OK"
3496,10401827568,10401827596,1,"IOTHUB_CLIENT_CONFIRMATION_OK"
3497,10401827769,10401827819,1,"IOTHUB_CLIENT_CONFIRMATION_OK"
3498,10401827969,10401828007,1,"IOTHUB_CLIENT_CONFIRMATION_OK"
3499,10401828169,10401828206,1,"IOTHUB_CLIENT_CONFIRMATION_OK"
3500,10401828369,10401828411,1,"IOTHUB_CLIENT_CONFIRMATION_OK"
3501,10401828569,10401828599,1,"IOTHUB_CLIENT_CONFIRMATION_OK"
3502,10401828769,10401828797,1,"IOTHUB_CLIENT_CONFIRMATION_OK"
3503,10401828969,10401829006,1,"IOTHUB_CLIENT_CONFIRMATION_OK"
3504,10401829170,10401829268,1,"IOTHUB_CLIENT_CONFIRMATION_OK"
3505,10401829370,10401829408,1,"IOTHUB_CLIENT_CONFIRMATION_OK"
3506,10401829570,10401829600,1,"IOTHUB_CLIENT_CONFIRMATION_OK"
3507,10401829770,10401829800,1,"IOTHUB_CLIENT_CONFIRMATION_OK"
3508,10401829970,10401830009,1,"IOTHUB_CLIENT_CONFIRMATION_OK"
3509,10401830170,10401830291,1,"IOTHUB_CLIENT_CONFIRMATION_OK"
3510,10401830371,10401830411,1,"IOTHUB_CLIENT_CONFIRMATION_OK"
3511,10401830571,10401830607,1,"IOTHUB_CLIENT_CONFIRMATION_OK"
3512,10401830771,10401830806,1,"IOTHUB_CLIENT_CONFIRMATION_OK"
3513,10401830971,10401831008,1,"IOTHUB_CLIENT_CONFIRMATION_OK"
3514,10401831171,10401831326,1,"IOTHUB_CLIENT_CONFIRMATION_OK"
3515,10401831371,10401831408,1,"IOTHUB_CLIENT_CONFIRMATION_OK"
3516,10401831572,10401831612,1,"IOTHUB_CLIENT_CONFIRMATION_OK"
3517,10401831772,10401831839,1,"IOTHUB_CLIENT_CONFIRMATION_OK"
3518,10401831972,10401832012,1,"IOTHUB_CLIENT_CONFIRMATION_OK"
3519,10401832172,10401832208,1,"IOTHUB_CLIENT_CONFIRMATION_OK"
3520,10401832372,10401832424,1,"IOTHUB_CLIENT_CONFIRMATION_OK"
3521,10401832572,10401832615,1,"IOTHUB_CLIENT_CONFIRMATION_OK"
3522,10401832772,10401832838,1,"IOTHUB_CLIENT_CONFIRMATION_OK"
3523,10401832973,10401833005,1,"IOTHUB_CLIENT_CONFIRMATION_OK"
3524,10401833173,10401833216,1,"IOTHUB_CLIENT_CONFIRMATION_OK"
3525,10401833373,10401833440,1,"IOTHUB_CLIENT_CONFIRMATION_OK"
3526,10401833573,10401833602,1,"IOTHUB_CLIENT_CONFIRMATION_OK"
3527,10401833773,10401833844,1,"IOTHUB_CLIENT_CONFIRMATION_OK"
3528,10401833974,10401834022,1,"IOTHUB_CLIENT_CONFIRMATION_OK"
3529,10401834174,10401834201,1,"IOTHUB_CLIENT_CONFIRMATION_OK"
3530,10401834374,10401834459,1,"IOTHUB_CLIENT_CONFIRMATION_OK"
3531,10401834574,10401834610,1,"IOTHUB_CLIENT_CONFIRMATION_OK"
3532,10401834774,10401834862,1,"IOTHUB_CLIENT_CONFIRMATION_OK"
3533,10401834974,10401835003,1,"IOTHUB_CLIENT_CONFIRMATION_OK"
3534,10401835175,10401835218,1,"IOTHUB_CLIENT_CONFIRMATION_OK"
3535,10401835375,10401835471,1,"IOTHUB_CLIENT_CONFIRMATION_OK"
3536,10401835575,10401835617,1,"IOTHUB_CLIENT_CONFIRMATION_OK"
3537,10401835775,10401835933,1,"IOTHUB_CLIENT_CONFIRMATION_OK"
3538,10401835975,10401836012,1,"IOTHUB_CLIENT_CONFIRMATION_OK"
3539,10401836175,10401836213,1,"IOTHUB_CLIENT_CONFIRMATION_OK"
3540,10401836375,10401836436,1,"IOTHUB_CLIENT_CONFIRMATION_OK"
3541,10401836576,10401836616,1,"IOTHUB_CLIENT_CONFIRMATION_OK"
3542,10401836776,10401836816,1,"IOTHUB_CLIENT_CONFIRMATION_OK"
3543,10401836976,10401837007,1,"IOTHUB_CLIENT_CONFIRMATION_OK"
3544,10401837176,10401837206,1,"IOTHUB_CLIENT_CONFIRMATION_OK"
3545,10401837376,10401837572,1,"IOTHUB_CLIENT_CONFIRMATION_OK"
3546,10401837576,10401837621,1,"IOTHUB_CLIENT_CONFIRMATION_OK"
3547,10401837777,10401837818,1,"IOTHUB_CLIENT_CONFIRMATION_OK"
3548,10401837977,10401838014,1,"IOTHUB_CLIENT_CONFIRMATION_OK"
3549,10401838177,10401838218,1,"IOTHUB_CLIENT_CONFIRMATION_OK"
3550,10401838377,10401838407,1,"IOTHUB_CLIENT_CONFIRMATION_OK"
3551,10401838577,10401838688,1,"IOTHUB_CLIENT_CONFIRMATION_OK"
3552,10401838777,10401838813,1,"IOTHUB_CLIENT_CONFIRMATION_OK"
3553,10401838978,10401839015,1,"IOTHUB_CLIENT_CONFIRMATION_OK"
3554,10401839178,10401839215,1,"IOTHUB_CLIENT_CONFIRMATION_OK"
3555,10401839378,10401839416,1,"IOTHUB_CLIENT_CONFIRMATION_OK"
3556,10401839578,10401839618,1,"IOTHUB_CLIENT_CONFIRMATION_OK"
3557,10401839778,10401839833,1,"IOTHUB_CLIENT_CONFIRMATION_OK"
3558,10401839978,10401840021,1,"IOTHUB_CLIENT_CONFIRMATION_OK"
3559,10401840179,10401840218,1,"IOTHUB_CLIENT_CONFIRMATION_OK"
3560,10401840379,10401840422,1,"IOTHUB_CLIENT_CONFIRMATION_OK"
3561,10401840579,10401840627,1,"IOTHUB_CLIENT_CONFIRMATION_OK"
3562,10401840779,10401840839,1,"IOTHUB_CLIENT_CONFIRMATION_OK"
3563,10401840979,10401841017,1,"IOTHUB_CLIENT_CONFIRMATION_OK"
3564,10401841179,10401841216,1,"IOTHUB_CLIENT_CONFIRMATION_OK"
3565,10401841379,10401841428,1,"IOTHUB_CLIENT_CONFIRMATION_OK"
3566,10401841580,10401841662,1,"IOTHUB_CLIENT_CONFIRMATION_OK"
3567,10401841780,10401841886,1,"IOTHUB_CLIENT_CONFIRMATION_OK"
3568,10401841980,10401842018,1,"IOTHUB_CLIENT_CONFIRMATION_OK"
3569,10401842180,10401842217,1,"IOTHUB_CLIENT_CONFIRMATION_OK"
3570,10401842380,10401842421,1,"IOTHUB_CLIENT_CONFIRMATION_OK"
3571,10401842581,10401842705,1,"IOTHUB_CLIENT_CONFIRMATION_OK"
3572,10401842781,10401842820,1,"IOTHUB_CLIENT_CONFIRMATION_OK"
3573,10401842981,10401843021,1,"IOTHUB_CLIENT_CONFIRMATION_OK"
3574,10401843181,10401843216,1,"IOTHUB_CLIENT_CONFIRMATION_OK"
3575,10401843381,10401843422,1,"IOTHUB_CLIENT_CONFIRMATION_OK"
3576,10401843581,10401843716,1,"IOTHUB_CLIENT_CONFIRMATION_OK"
3577,10401843782,10401843822,1,"IOTHUB_CLIENT_CONFIRMATION_OK"
3578,10401843982,10401844028,1,"IOTHUB_CLIENT_CONFIRMATION_OK"
3579,10401844182,10401844260,1,"IOTHUB_CLIENT_CONFIRMATION_OK"
3580,10401844382,10401844424,1,"IOTHUB_CLIENT_CONFIRMATION_OK"
3581,10401844582,10401844661,1,"IOTHUB_CLIENT_CONFIRMATION_OK"
3582,10401844782,10401844820,1,"IOTHUB_CLIENT_CONFIRMATION_OK"
3583,10401844982,10401845018,1,"IOTHUB_CLIENT_CONFIRMATION_OK"
3584,10401845183,10401845354,1,"IOTHUB_CLIENT_CONFIRMATION_OK"
3585,10401845383,10401845422,1,"IOTHUB_CLIENT_CONFIRMATION_OK"
3586,10401845583,10401845625,1,"IOTHUB_CLIENT_CONFIRMATION_OK"
3587,10401845783,10401845830,1,"IOTHUB_CLIENT_CONFIRMATION_OK"
3588,10401845983,10401846026,1,"IOTHUB_CLIENT_CONFIRMATION_OK"
3589,10401846183,10401846366,1,"IOTHUB_CLIENT_CONFIRMATION_OK"
3590,10401846383,10401846411,1,"IOTHUB_CLIENT_CONFIRMATION_OK"
3591,10401846584,10401846648,1,"IOTHUB_CLIENT_CONFIRMATION_OK"
3592,10401846784,10401846978,1,"IOTHUB_CLIENT_CONFIRMATION_OK"
3593,10401846984,10401847022,1,"IOTHUB_CLIENT_CONFIRMATION_OK"
3594,10401847184,10401847224,1,"IOTHUB_CLIENT_CONFIRMATION_OK"
3595,10401847384,10401847420,1,"IOTHUB_CLIENT_CONFIRMATION_OK"
3596,10401847584,10401847623,1,"IOTHUB_CLIENT_CONFIRMATION_OK"
3597,10401847785,10401847823,1,"IOTHUB_CLIENT_CONFIRMATION_OK"
3598,10401847985,10401848034,1,"IOTHUB_CLIENT_CONFIRMATION_OK"
3599,10401848185,10401848217,1,"IOTHUB_CLIENT_CONFIRMATION_OK"
3600,10401848385,10401848424,1,"IOTHUB_CLIENT_CONFIRMATION_OK"
3601,10401848585,10401848622,1,"IOTHUB_CLIENT_CONFIRMATION_OK"
3602,10401848785,10401848830,1,"IOTHUB_CLIENT_CONFIRMATION_OK"
3603,10401848986,10401849024,1,"IOTHUB_CLIENT_CONFIRMATION_OK"
3604,10401849186,10401849225,1,"IOTHUB_CLIENT_CONFIRMATION_OK"
3605,10401849386,10401849516,1,"IOTHUB_CLIENT_CONFIRMATION_OK"
3606,10401849586,10401849620,1,"IOTHUB_CLIENT_CONFIRMATION_OK"
3607,10401849786,10401849816,1,"IOTHUB_CLIENT_CONFIRMATION_OK"
3608,10401849986,10401850023,1,"IOTHUB_CLIENT_CONFIRMATION_OK"
3609,10401850186,10401850238,1,"IOTHUB_CLIENT_CONFIRMATION_OK"
3610,10401850387,10401850434,1,"IOTHUB_CLIENT_CONFIRMATION_OK"
3611,10401850587,10401850625,1,"IOTHUB_CLIENT_CONFIRMATION_OK"
3612,10401850787,10401850815,1,"IOTHUB_CLIENT_CONFIRMATION_OK"
3613,10401850987,10401851110,1,"IOTHUB_CLIENT_CONFIRMATION_OK"
3614,10401851187,10401851224,1,"IOTHUB_CLIENT_CONFIRMATION_OK"
3615,10401851387,10401851500,1,"IOTHUB_CLIENT_CONFIRMATION_OK"
3616,10401851588,10401851630,1,"IOTHUB_CLIENT_CONFIRMATION_OK"
3617,10401851788,10401851830,1,"IOTHUB_CLIENT_CONFIRMATION_OK"
3618,10401851988,10401852029,1,"IOTHUB_CLIENT_CONFIRMATION_OK"
3619,10401852188,10401852228,1,"IOTHUB_CLIENT_CONFIRMATION_OK"
3620,10401852388,10401852514,1,"IOTHUB_CLIENT_CONFIRMATION_OK"
3621,10401852588,10401852628,1,"IOTHUB_CLIENT_CONFIRMATION_OK"
3622,10401852788,10401852826,1,"IOTHUB_CLIENT_CONFIRMATION_OK"
3623,10401852989,10401853293,1,"IOTHUB_CLIENT_CONFIRMATION_OK"
3624,10401853189,10401853328,1,"IOTHUB_CLIENT_CONFIRMATION_OK"
3625,10401853389,10401853444,1,"IOTHUB_CLIENT_CONFIRMATION_OK"
3626,10401853589,10401853635,1,"IOTHUB_CLIENT_CONFIRMATION_OK"
3627,10401853789,10401853833,1,"IOTHUB_CLIENT_CONFIRMATION_OK"
3628,10401853989,10401854164,1,"IOTHUB_CLIENT_CONFIRMATION_OK"
3629,10401854190,10401854220,1,"IOTHUB_CLIENT_CONFIRMATION_OK"
3630,10401854390,10401854427,1,"IOTHUB_CLIENT_CONFIRMATION_OK"
3631,10401854590,10401854649,1,"IOTHUB_CLIENT_CONFIRMATION_OK"
3632,10401854790,10401854828,1,"IOTHUB_CLIENT_CONFIRMATION_OK"
3633,10401854990,10401855182,1,"IOTHUB_CLIENT_CONFIRMATION_OK"
3634,10401855190,10401855220,1,"IOTHUB_CLIENT_CONFIRMATION_OK"
3635,10401855390,10401855430,1,"IOTHUB_CLIENT_CONFIRMATION_OK"
3636,10401855591,10401855621,1,"IOTHUB_CLIENT_CONFIRMATION_OK"
3637,10401855791,10401855831,1,"IOTHUB_CLIENT_CONFIRMATION_OK"
3638,10401855991,10401856039,1,"IOTHUB_CLIENT_CONFIRMATION_OK"
3639,10401856191,10401856229,1,"IOTHUB_CLIENT_CONFIRMATION_OK"
3640,10401856391,10401856421,1,"IOTHUB_CLIENT_CONFIRMATION_OK"
3641,10401856591,10401856630,1,"IOTHUB_CLIENT_CONFIRMATION_OK"
3642,10401856792,10401856820,1,"IOTHUB_CLIENT_CONFIRMATION_OK"
3643,10401856992,10401857028,1,"IOTHUB_CLIENT_CONFIRMATION_OK"
3644,10401857192,10401857231,1,"IOTHUB_CLIENT_CONFIRMATION_OK"
3645,10401857392,10401857423,1,"IOTHUB_CLIENT_CONFIRMATION_OK"
3646,10401857592,10401857635,1,"IOTHUB_CLIENT_CONFIRMATION_OK"
3647,10401857792,10401857830,1,"IOTHUB_CLIENT_CONFIRMATION_OK"
3648,10401857993,10401858023,1,"IOTHUB_CLIENT_CONFIRMATION_OK"
3649,10401858193,10401858226,1,"IOTHUB_CLIENT_CONFIRMATION_OK"
3650,10401858393,10401858429,1,"IOTHUB_CLIENT_CONFIRMATION_OK"
3651,10401858593,10401858640,1,"IOTHUB_CLIENT_CONFIRMATION_OK"
3652,10401858793,10401858848,1,"IOTHUB_CLIENT_CONFIRMATION_OK"
3653,10401858993,10401859030,1,"IOTHUB_CLIENT_CONFIRMATION_OK"
3654,10401859194,10401859248,1,"IOTHUB_CLIENT_CONFIRMATION_OK"
3655,10401859394,10401859434,1,"IOTHUB_CLIENT_CONFIRMATION_OK"
3656,10401859594,10401859642,1,"IOTHUB_CLIENT_CONFIRMATION_OK"
3657,10401859794,10401859880,1,"IOTHUB_CLIENT_CONFIRMATION_OK"
3658,10401859994,10401860036,1,"IOTHUB_CLIENT_CONFIRMATION_OK"
3659,10401860194,10401860266,1,"IOTHUB_CLIENT_CONFIRMATION_OK"
3660,10401860395,10401860431,1,"IOTHUB_CLIENT_CONFIRMATION_OK"
3661,10401860595,10401860631,1,"IOTHUB_CLIENT_CONFIRMATION_OK"
3662,10401860795,10401860886,1,"IOTHUB_CLIENT_CONFIRMATION_OK"
3663,10401860995,10401861036,1,"IOTHUB_CLIENT_CONFIRMATION_OK"
3664,10401861195,10401861290,1,"IOTHUB_CLIENT_CONFIRMATION_OK"
3665,10401861395,10401861433,1,"IOTHUB_CLIENT_CONFIRMATION_OK"
3666,10401861596,10401861635,1,"IOTHUB_CLIENT_CONFIRMATION_OK"
3667,10401861796,10401862034,1,"IOTHUB_CLIENT_CONFIRMATION_OK"
3668,10401861996,10401862054,1,"IOTHUB_CLIENT_CONFIRMATION_OK"
3669,10401862196,10401862237,1,"IOTHUB_CLIENT_CONFIRMATION_OK"
3670,10401862396,10401862436,1,"IOTHUB_CLIENT_CONFIRMATION_OK"
3671,10401862596,10401862635,1,"IOTHUB_CLIENT_CONFIRMATION_OK"
3672,10401862797,10401862927,1,"IOTHUB_CLIENT_CONFIRMATION_OK"
3673,10401862997,10401863036,1,"IOTHUB_CLIENT_CONFIRMATION_OK"
3674,10401863197,10401863232,1,"IOTHUB_CLIENT_CONFIRMATION_OK"
3675,10401863397,10401863434,1,"IOTHUB_CLIENT_CONFIRMATION_OK"
3676,10401863597,10401863637,1,"IOTHUB_CLIENT_CONFIRMATION_OK"
3677,10401863797,10401863969,1,"IOTHUB_CLIENT_CONFIRMATION_OK"
3678,10401863997,10401864035,1,"IOTHUB_CLIENT_CONFIRMATION_OK"
3679,10401864198,10401864235,1,"IOTHUB_CLIENT_CONFIRMATION_OK"
3680,10401864398,10401864436,1,"IOTHUB_CLIENT_CONFIRMATION_OK"
3681,10401864598,10401864638,1,"IOTHUB_CLIENT_CONFIRMATION_OK"
3682,10401864798,10401864948,1,"IOTHUB_CLIENT_CONFIRMATION_OK"
3683,10401864998,10401865046,1,"IOTHUB_CLIENT_CONFIRMATION_OK"
3684,10401865198,10401865244,1,"IOTHUB_CLIENT_CONFIRMATION_OK"
3685,10401865398,10401865547,1,"IOTHUB_CLIENT_CONFIRMATION_OK"
3686,10401865599,10401865628,1,"IOTHUB_CLIENT_CONFIRMATION_OK"
3687,10401865799,10401865840,1,"IOTHUB_CLIENT_CONFIRMATION_OK"
3688,10401865999,10401866036,1,"IOTHUB_CLIENT_CONFIRMATION_OK"
3689,10401866199,10401866238,1,"IOTHUB_CLIENT_CONFIRMATION_OK"
3690,10401866399,10401866569,1,"IOTHUB_CLIENT_CONFIRMATION_OK"
3691,10401866599,10401866652,1,"IOTHUB_CLIENT_CONFIRMATION_OK"
3692,10401866800,10401866840,1,"IOTHUB_CLIENT_CONFIRMATION_OK"
3693,10401867000,10401867063,1,"IOTHUB_CLIENT_CONFIRMATION_OK"
3694,10401867200,10401867242,1,"IOTHUB_CLIENT_CONFIRMATION_OK"
3695,10401867400,10401867572,1,"IOTHUB_CLIENT_CONFIRMATION_OK"
3696,10401867600,10401867641,1,"IOTHUB_CLIENT_CONFIRMATION_OK"
3697,10401867800,10401867838,1,"IOTHUB_CLIENT_CONFIRMATION_OK"
3698,10401868001,10401868101,1,"IOTHUB_CLIENT_CONFIRMATION_OK"
3699,10401868201,10401868248,1,"IOTHUB_CLIENT_CONFIRMATION_OK"
3700,10401868401,10401868438,1,"IOTHUB_CLIENT_CONFIRMATION_OK"
3701,10401868601,10401868641,1,"IOTHUB_CLIENT_CONFIRMATION_OK"
3702,10401868801,10401868838,1,"IOTHUB_CLIENT_CONFIRMATION_OK"
3703,10401869001,10401869036,1,"IOTHUB_CLIENT_CONFIRMATION_OK"
3704,10401869202,10401869241,1,"IOTHUB_CLIENT_CONFIRMATION_OK"
3705,10401869402,10401869436,1,"IOTHUB_CLIENT_CONFIRMATION_OK"
3706,10401869602,10401869662,1,"IOTHUB_CLIENT_CONFIRMATION_OK"
3707,10401869802,10401869842,1,"IOTHUB_CLIENT_CONFIRMATION_OK"
3708,10401870002,10401870051,1,"IOTHUB_CLIENT_CONFIRMATION_OK"
3709,10401870202,10401870240,1,"IOTHUB_CLIENT_CONFIRMATION_OK"
3710,10401870403,10401870438,1,"IOTHUB_CLIENT_CONFIRMATION_OK"
3711,10401870603,10401870645,1,"IOTHUB_CLIENT_CONFIRMATION_OK"
3712,10401870803,10401870833,1,"IOTHUB_CLIENT_CONFIRMATION_OK"
3713,10401871003,10401871059,1,"IOTHUB_CLIENT_CONFIRMATION_OK"
3714,10401871203,10401871284,1,"IOTHUB_CLIENT_CONFIRMATION_OK"
3715,10401871403,10401871443,1,"IOTHUB_CLIENT_CONFIRMATION_OK"
3716,10401871603,10401871686,1,"IOTHUB_CLIENT_CONFIRMATION_OK"
3717,10401871804,10401871840,1,"IOTHUB_CLIENT_CONFIRMATION_OK"
3718,10401872004,10401872042,1,"IOTHUB_CLIENT_CONFIRMATION_OK"
3719,10401872204,10401872246,1,"IOTHUB_CLIENT_CONFIRMATION_OK"
3720,10401872404,10401872448,1,"IOTHUB_CLIENT_CONFIRMATION_OK"
3721,10401872604,10401872704,1,"IOTHUB_CLIENT_CONFIRMATION_OK"
3722,10401872804,10401872844,1,"IOTHUB_CLIENT_CONFIRMATION_OK"
3723,10401873005,10401873039,1,"IOTHUB_CLIENT_CONFIRMATION_OK"
3724,10401873205,10401873330,1,"IOTHUB_CLIENT_CONFIRMATION_OK"
3725,10401873405,10401873441,1,"IOTHUB_CLIENT_CONFIRMATION_OK"
3726,10401873605,10401873724,1,"IOTHUB_CLIENT_CONFIRMATION_OK"
3727,10401873805,10401873845,1,"IOTHUB_CLIENT_CONFIRMATION_OK"
3728,10401874005,10401874043,1,"IOTHUB_CLIENT_CONFIRMATION_OK"
3729,10401874206,10401874336,1,"IOTHUB_CLIENT_CONFIRMATION_OK"
3730,10401874406,10401874482,1,"IOTHUB_CLIENT_CONFIRMATION_OK"
3731,10401874606,10401874645,1,"IOTHUB_CLIENT_CONFIRMATION_OK"
3732,10401874806,10401874845,1,"IOTHUB_CLIENT_CONFIRMATION_OK"
3733,10401875006,10401875044,1,"IOTHUB_CLIENT_CONFIRMATION_OK"
3734,10401875206,10401875350,1,"IOTHUB_CLIENT_CONFIRMATION_OK"
3735,10401875406,10401875448,1,"IOTHUB_CLIENT_CONFIRMATION_OK"
3736,10401875607,10401875643,1,"IOTHUB_CLIENT_CONFIRMATION_OK"
3737,10401875807,10401875845,1,"IOTHUB_CLIENT_CONFIRMATION_OK"
3738,10401876007,10401876043,1,"IOTHUB_CLIENT_CONFIRMATION_OK"
3739,10401876207,10401876271,1,"IOTHUB_CLIENT_CONFIRMATION_OK"
3740,10401876407,10401876445,1,"IOTHUB_CLIENT_CONFIRMATION_OK"
3741,10401876607,10401876650,1,"IOTHUB_CLIENT_CONFIRMATION_OK"
3742,10401876808,10401876859,1,"IOTHUB_CLIENT_CONFIRMATION_OK"
3743,10401877008,10401877045,1,"IOTHUB_CLIENT_CONFIRMATION_OK"
3744,10401877208,10401877247,1,"IOTHUB_CLIENT_CONFIRMATION_OK"
3745,10401877408,10401877441,1,"IOTHUB_CLIENT_CONFIRMATION_OK"
3746,10401877608,10401877647,1,"IOTHUB_CLIENT_CONFIRMATION_OK"
3747,10401877808,10401877844,1,"IOTHUB_CLIENT_CONFIRMATION_OK"
3748,10401878009,10401878068,1,"IOTHUB_CLIENT_CONFIRMATION_OK"
3749,10401878209,10401878245,1,"IOTHUB_CLIENT_CONFIRMATION_OK"
3750,10401878409,10401878458,1,"IOTHUB_CLIENT_CONFIRMATION_OK"
3751,10401878609,10401878654,1,"IOTHUB_CLIENT_CONFIRMATION_OK"
3752,10401878809,10401878843,1,"IOTHUB_CLIENT_CONFIRMATION_OK"
3753,10401879009,10401879090,1,"IOTHUB_CLIENT_CONFIRMATION_OK"
3754,10401879210,10401879247,1,"IOTHUB_CLIENT_CONFIRMATION_OK"
3755,10401879410,10401879491,1,"IOTHUB_CLIENT_CONFIRMATION_OK"
3756,10401879610,10401879650,1,"IOTHUB_CLIENT_CONFIRMATION_OK"
3757,10401879810,10401879882,1,"IOTHUB_CLIENT_CONFIRMATION_OK"
3758,10401880010,10401880729,1,"IOTHUB_CLIENT_CONFIRMATION_OK"
3759,10401880210,10401880796,1,"IOTHUB_CLIENT_CONFIRMATION_OK"
3760,10401880410,10401880858,1,"IOTHUB_CLIENT_CONFIRMATION_OK"
3761,10401880611,10401880920,1,"IOTHUB_CLIENT_CONFIRMATION_OK"
3762,10401880811,10401881108,1,"IOTHUB_CLIENT_CONFIRMATION_OK"
3763,10401881011,10401881165,1,"IOTHUB_CLIENT_CONFIRMATION_OK"
3764,10401881211,10401881247,1,"IOTHUB_CLIENT_CONFIRMATION_OK"
3765,10401881411,10401881531,1,"IOTHUB_CLIENT_CONFIRMATION_OK"
3766,10401881611,10401881659,1,"IOTHUB_CLIENT_CONFIRMATION_OK"
3767,10401881812,10401881847,1,"IOTHUB_CLIENT_CONFIRMATION_OK"
3768,10401882012,10401882065,1,"IOTHUB_CLIENT_CONFIRMATION_OK"
3769,10401882212,10401882264,1,"IOTHUB_CLIENT_CONFIRMATION_OK"
3770,10401882412,10401882634,1,"IOTHUB_CLIENT_CONFIRMATION_OK"
3771,10401882612,10401882653,1,"IOTHUB_CLIENT_CONFIRMATION_OK"
3772,10401882812,10401882848,1,"IOTHUB_CLIENT_CONFIRMATION_OK"
3773,10401883013,10401883050,1,"IOTHUB_CLIENT_CONFIRMATION_OK"
3774,10401883213,10401883270,1,"IOTHUB_CLIENT_CONFIRMATION_OK"
3775,10401883413,10401883446,1,"IOTHUB_CLIENT_CONFIRMATION_OK"
3776,10401883613,10401883653,1,"IOTHUB_CLIENT_CONFIRMATION_OK"
3777,10401883813,10401883849,1,"IOTHUB_CLIENT_CONFIRMATION_OK"
3778,10401884013,10401884049,1,"IOTHUB_CLIENT_CONFIRMATION_OK"
3779,10401884213,10401884256,1,"IOTHUB_CLIENT_CONFIRMATION_OK"
3780,10401884414,10401884451,1,"IOTHUB_CLIENT_CONFIRMATION_OK"
3781,10401884614,10401884662,1,"IOTHUB_CLIENT_CONFIRMATION_OK"
3782,10401884814,10401884849,1,"IOTHUB_CLIENT_CONFIRMATION_OK"
3783,10401885014,10401885050,1,"IOTHUB_CLIENT_CONFIRMATION_OK"
3784,10401885214,10401885252,1,"IOTHUB_CLIENT_CONFIRMATION_OK"
3785,10401885415,10401885451,1,"IOTHUB_CLIENT_CONFIRMATION_OK"
3786,10401885615,10401885651,1,"IOTHUB_CLIENT_CONFIRMATION_OK"
3787,10401885815,10401885853,1,"IOTHUB_CLIENT_CONFIRMATION_OK"
3788,10401886015,10401886052,1,"IOTHUB_CLIENT_CONFIRMATION_OK"
3789,10401886215,10401886252,1,"IOTHUB_CLIENT_CONFIRMATION_OK"
3790,10401886415,10401886460,1,"IOTHUB_CLIENT_CONFIRMATION_OK"
3791,10401886615,10401886678,1,"IOTHUB_CLIENT_CONFIRMATION_OK"
3792,10401886816,10401886856,1,"IOTHUB_CLIENT_CONFIRMATION_OK"
3793,10401887016,10401887058,1,"IOTHUB_CLIENT_CONFIRMATION_OK"
3794,10401887216,10401887286,1,"IOTHUB_CLIENT_CONFIRMATION_OK"
3795,10401887416,10401887451,1,"IOTHUB_CLIENT_CONFIRMATION_OK"
3796,10401887616,10401887691,1,"IOTHUB_CLIENT_CONFIRMATION_OK"
3797,10401887816,10401887853,1,"IOTHUB_CLIENT_CONFIRMATION_OK"
3798,10401888017,10401888052,1,"IOTHUB_CLIENT_CONFIRMATION_OK"
3799,10401888217,10401888316,1,"IOTHUB_CLIENT_CONFIRMATION_OK"
3800,10401888417,10401888455,1,"IOTHUB_CLIENT_CONFIRMATION_OK"
3801,10401888617,10401888707,1,"IOTHUB_CLIENT_CONFIRMATION_OK"
3802,10401888817,10401888855,1,"IOTHUB_CLIENT_CONFIRMATION_OK"
3803,10401889017,10401889056,1,"IOTHUB_CLIENT_CONFIRMATION_OK"
3804,10401889217,10401889309,1,"IOTHUB_CLIENT_CONFIRMATION_OK"
3805,10401889418,10401889452,1,"IOTHUB_CLIENT_CONFIRMATION_OK"
3806,10401889618,10401889654,1,"IOTHUB_CLIENT_CONFIRMATION_OK"
3807,10401889818,10401889855,1,"IOTHUB_CLIENT_CONFIRMATION_OK"
3808,10401890018,10401890057,1,"IOTHUB_CLIENT_CONFIRMATION_OK"
3809,10401890218,10401890335,1,"IOTHUB_CLIENT_CONFIRMATION_OK"
3810,10401890418,10401890455,1,"IOTHUB_CLIENT_CONFIRMATION_OK"
3811,10401890619,10401890656,1,"IOTHUB_CLIENT_CONFIRMATION_OK"
3812,10401890819,10401890855,1,"IOTHUB_CLIENT_CONFIRMATION_OK"
3813,10401891019,10401891057,1,"IOTHUB_CLIENT_CONFIRMATION_OK"
3814,10401891219,10401891363,1,"IOTHUB_CLIENT_CONFIRMATION_OK"
3815,10401891419,10401891458,1,"IOTHUB_CLIENT_CONFIRMATION_OK"
3816,10401891619,10401891658,1,"IOTHUB_CLIENT_CONFIRMATION_OK"
3817,10401891820,10401892000,1,"IOTHUB_CLIENT_CONFIRMATION_OK"
3818,10401892020,10401892059,1,"IOTHUB_CLIENT_CONFIRMATION_OK"
3819,10401892220,10401892256,1,"IOTHUB_CLIENT_CONFIRMATION_OK"
3820,10401892420,10401892454,1,"IOTHUB_CLIENT_CONFIRMATION_OK"
3821,10401892620,10401892658,1,"IOTHUB_CLIENT_CONFIRMATION_OK"
3822,10401892820,10401892969,1,"IOTHUB_CLIENT_CONFIRMATION_OK"
3823,10401893020,10401893081,1,"IOTHUB_CLIENT_CONFIRMATION_OK"
3824,10401893221,10401893257,1,"IOTHUB_CLIENT_CONFIRMATION_OK"
3825,10401893421,10401893455,1,"IOTHUB_CLIENT_CONFIRMATION_OK"
3826,10401893621,10401893656,1,"IOTHUB_CLIENT_CONFIRMATION_OK"
3827,10401893821,10401893870,1,"IOTHUB_CLIENT_CONFIRMATION_OK"
3828,10401894021,10401894051,1,"IOTHUB_CLIENT_CONFIRMATION_OK"
3829,10401894221,10401894270,1,"IOTHUB_CLIENT_CONFIRMATION_OK"
3830,10401894422,10401894470,1,"IOTHUB_CLIENT_CONFIRMATION_OK"
3831,10401894622,10401894659,1,"IOTHUB_CLIENT_CONFIRMATION_OK"
3832,10401894822,10401895035,1,"IOTHUB_CLIENT_CONFIRMATION_OK"
3833,10401895022,10401895060,1,"IOTHUB_CLIENT_CONFIRMATION_OK"
3834,10401895222,10401895260,1,"IOTHUB_CLIENT_CONFIRMATION_OK"
3835,10401895422,10401895459,1,"IOTHUB_CLIENT_CONFIRMATION_OK"
3836,10401895623,10401895662,1,"IOTHUB_CLIENT_CONFIRMATION_OK"
3837,10401895823,10401895860,1,"IOTHUB_CLIENT_CONFIRMATION_OK"
3838,10401896023,10401896164,1,"IOTHUB_CLIENT_CONFIRMATION_OK"
3839,10401896223,10401896262,1,"IOTHUB_CLIENT_CONFIRMATION_OK"
3840,10401896423,10401896479,1,"IOTHUB_CLIENT_CONFIRMATION_OK"
3841,10401896623,10401896703,1,"IOTHUB_CLIENT_CONFIRMATION_OK"
3842,10401896823,10401896863,1,"IOTHUB_CLIENT_CONFIRMATION_OK"
3843,10401897024,10401897086,1,"IOTHUB_CLIENT_CONFIRMATION_OK"
3844,10401897224,10401897265,1,"IOTHUB_CLIENT_CONFIRMATION_OK"
3845,10401897424,10401897496,1,"IOTHUB_CLIENT_CONFIRMATION_OK"
3846,10401897624,10401897665,1,"IOTHUB_CLIENT_CONFIRMATION_OK"
3847,10401897824,10401897860,1,"IOTHUB_CLIENT_CONFIRMATION_OK"
3848,10401898024,10401898095,1,"IOTHUB_CLIENT_CONFIRMATION_OK"
3849,10401898224,10401898263,1,"IOTHUB_CLIENT_CONFIRMATION_OK"
3850,10401898425,10401898463,1,"IOTHUB_CLIENT_CONFIRMATION_OK"
3851,10401898625,10401898693,1,"IOTHUB_CLIENT_CONFIRMATION_OK"
3852,10401898825,10401898871,1,"IOTHUB_CLIENT_CONFIRMATION_OK"
3853,10401899025,10401899106,1,"IOTHUB_CLIENT_CONFIRMATION_OK"
3854,10401899225,10401899260,1,"IOTHUB_CLIENT_CONFIRMATION_OK"
3855,10401899425,10401899472,1,"IOTHUB_CLIENT_CONFIRMATION_OK"
3856,10401899626,10401899730,1,"IOTHUB_CLIENT_CONFIRMATION_OK"
3857,10401899826,10401899890,1,"IOTHUB_CLIENT_CONFIRMATION_OK"
3858,10401900026,10401900128,1,"IOTHUB_CLIENT_CONFIRMATION_OK"
3859,10401900226,10401900263,1,"IOTHUB_CLIENT_CONFIRMATION_OK"
3860,10401900426,10401900462,1,"IOTHUB_CLIENT_CONFIRMATION_OK"
3861,10401900626,10401900762,1,"IOTHUB_CLIENT_CONFIRMATION_OK"
3862,10401900827,10401900875,1,"IOTHUB_CLIENT_CONFIRMATION_OK"
3863,10401901027,10401901071,1,"IOTHUB_CLIENT_CONFIRMATION_OK"
3864,10401901227,10401901278,1,"IOTHUB_CLIENT_CONFIRMATION_OK"
3865,10401901427,10401901463,1,"IOTHUB_CLIENT_CONFIRMATION_OK"
3866,10401901627,10401901803,1,"IOTHUB_CLIENT_CONFIRMATION_OK"
3867,10401901827,10401901868,1,"IOTHUB_CLIENT_CONFIRMATION_OK"
3868,10401902028,10401902063,1,"IOTHUB_CLIENT_CONFIRMATION_OK"
3869,10401902228,10401902273,1,"IOTHUB_CLIENT_CONFIRMATION_OK"
3870,10401902428,10401902467,1,"IOTHUB_CLIENT_CONFIRMATION_OK"
3871,10401902628,10401902815,1,"IOTHUB_CLIENT_CONFIRMATION_OK"
3872,10401902828,10401902865,1,"IOTHUB_CLIENT_CONFIRMATION_OK"
3873,10401903028,10401903066,1,"IOTHUB_CLIENT_CONFIRMATION_OK"
3874,10401903229,10401903265,1,"IOTHUB_CLIENT_CONFIRMATION_OK"
3875,10401903429,10401903468,1,"IOTHUB_CLIENT_CONFIRMATION_OK"
3876,10401903629,10401903830,1,"IOTHUB_CLIENT_CONFIRMATION_OK"
3877,10401903829,10401903877,1,"IOTHUB_CLIENT_CONFIRMATION_OK"
3878,10401904029,10401904068,1,"IOTHUB_CLIENT_CONFIRMATION_OK"
3879,10401904229,10401904267,1,"IOTHUB_CLIENT_CONFIRMATION_OK"
3880,10401904430,10401904467,1,"IOTHUB_CLIENT_CONFIRMATION_OK"
3881,10401904630,10401904665,1,"IOTHUB_CLIENT_CONFIRMATION_OK"
3882,10401904830,10401904866,1,"IOTHUB_CLIENT_CONFIRMATION_OK"
3883,10401905030,10401905079,1,"IOTHUB_CLIENT_CONFIRMATION_OK"
3884,10401905230,10401905272,1,"IOTHUB_CLIENT_CONFIRMATION_OK"
3885,10401905430,10401905483,1,"IOTHUB_CLIENT_CONFIRMATION_OK"
3886,10401905630,10401905667,1,"IOTHUB_CLIENT_CONFIRMATION_OK"
3887,10401905831,10401905872,1,"IOTHUB_CLIENT_CONFIRMATION_OK"
3888,10401906031,10401906065,1,"IOTHUB_CLIENT_CONFIRMATION_OK"
3889,10401906231,10401906269,1,"IOTHUB_CLIENT_CONFIRMATION_OK"
3890,10401906431,10401906467,1,"IOTHUB_CLIENT_CONFIRMATION_OK"
3891,10401906631,10401906662,1,"IOTHUB_CLIENT_CONFIRMATION_OK"
3892,10401906831,10401906881,1,"IOTHUB_CLIENT_CONFIRMATION_OK"
3893,10401907032,10401907072,1,"IOTHUB_CLIENT_CONFIRMATION_OK"
3894,10401907232,10401907276,1,"IOTHUB_CLIENT_CONFIRMATION_OK"
3895,10401907432,10401907485,1,"IOTHUB_CLIENT_CONFIRMATION_OK"
3896,10401907632,10401907668,1,"IOTHUB_CLIENT_CONFIRMATION_OK"
3897,10401907832,10401907907,1,"IOTHUB_CLIENT_CONFIRMATION_OK"
3898,10401908032,10401908074,1,"IOTHUB_CLIENT_CONFIRMATION_OK"
3899,10401908233,10401908271,1,"IOTHUB_CLIENT_CONFIRMATION_OK"
3900,10401908433,10401908517,1,"IOTHUB_CLIENT_CONFIRMATION_OK"
3901,10401908633,10401908670,1,"IOTHUB_CLIENT_CONFIRMATION_OK"
3902,10401908833,10401908939,1,"IOTHUB_CLIENT_CONFIRMATION_OK"
3903,10401909033,10401909073,1,"IOTHUB_CLIENT_CONFIRMATION_OK"
3904,10401909233,10401909278,1,"IOTHUB_CLIENT_CONFIRMATION_OK"
3905,10401909433,10401909518,1,"IOTHUB_CLIENT_CONFIRMATION_OK"
3906,10401909634,10401909680,1,"IOTHUB_CLIENT_CONFIRMATION_OK"
3907,10401909834,10401909872,1,"IOTHUB_CLIENT_CONFIRMATION_OK"
3908,10401910034,10401910061,1,"IOTHUB_CLIENT_CONFIRMATION_OK"
3909,10401910234,10401910285,1,"IOTHUB_CLIENT_CONFIRMATION_OK"
3910,10401910434,10401910596,1,"IOTHUB_CLIENT_CONFIRMATION_OK"
3911,10401910634,10401910672,1,"IOTHUB_CLIENT_CONFIRMATION_OK"
3912,10401910835,10401910902,1,"IOTHUB_CLIENT_CONFIRMATION_OK"
3913,10401911035,10401911079,1,"IOTHUB_CLIENT_CONFIRMATION_OK"
3914,10401911235,10401911274,1,"IOTHUB_CLIENT_CONFIRMATION_OK"
3915,10401911435,10401911546,1,"IOTHUB_CLIENT_CONFIRMATION_OK"
3916,10401911635,10401911686,1,"IOTHUB_CLIENT_CONFIRMATION_OK"
3917,10401911835,10401911883,1,"IOTHUB_CLIENT_CONFIRMATION_OK"
3918,10401912036,10401912072,1,"IOTHUB_CLIENT_CONFIRMATION_OK"
3919,10401912236,10401912274,1,"IOTHUB_CLIENT_CONFIRMATION_OK"
3920,10401912436,10401912555,1,"IOTHUB_CLIENT_CONFIRMATION_OK"
3921,10401912636,10401912666,1,"IOTHUB_CLIENT_CONFIRMATION_OK"
3922,10401912836,10401912865,1,"IOTHUB_CLIENT_CONFIRMATION_OK"
3923,10401913036,10401913184,1,"IOTHUB_CLIENT_CONFIRMATION_OK"
3924,10401913237,10401913285,1,"IOTHUB_CLIENT_CONFIRMATION_OK"
3925,10401913437,10401913483,1,"IOTHUB_CLIENT_CONFIRMATION_OK"
3926,10401913637,10401913689,1,"IOTHUB_CLIENT_CONFIRMATION_OK"
3927,10401913837,10401913875,1,"IOTHUB_CLIENT_CONFIRMATION_OK"
3928,10401914037,10401914206,1,"IOTHUB_CLIENT_CONFIRMATION_OK"
3929,10401914237,10401914274,1,"IOTHUB_CLIENT_CONFIRMATION_OK"
3930,10401914437,10401914475,1,"IOTHUB_CLIENT_CONFIRMATION_OK"
3931,10401914638,10401914681,1,"IOTHUB_CLIENT_CONFIRMATION_OK"
3932,10401914838,10401914883,1,"IOTHUB_CLIENT_CONFIRMATION_OK"
3933,10401915038,10401915079,1,"IOTHUB_CLIENT_CONFIRMATION_OK"
3934,10401915238,10401915282,1,"IOTHUB_CLIENT_CONFIRMATION_OK"
3935,10401915438,10401915488,1,"IOTHUB_CLIENT_CONFIRMATION_OK"
3936,10401915638,10401915671,1,"IOTHUB_CLIENT_CONFIRMATION_OK"
3937,10401915839,10401915887,1,"IOTHUB_CLIENT_CONFIRMATION_OK"
3938,10401916039,10401916078,1,"IOTHUB_CLIENT_CONFIRMATION_OK"
3939,10401916239,10401916269,1,"IOTHUB_CLIENT_CONFIRMATION_OK"
3940,10401916439,10401916469,1,"IOTHUB_CLIENT_CONFIRMATION_OK"
3941,10401916639,10401916678,1,"IOTHUB_CLIENT_CONFIRMATION_OK"
3942,10401916839,10401916921,1,"IOTHUB_CLIENT_CONFIRMATION_OK"
3943,10401917040,10401917077,1,"IOTHUB_CLIENT_CONFIRMATION_OK"
3944,10401917240,10401917278,1,"IOTHUB_CLIENT_CONFIRMATION_OK"
3945,10401917440,10401917470,1,"IOTHUB_CLIENT_CONFIRMATION_OK"
3946,10401917640,10401917734,1,"IOTHUB_CLIENT_CONFIRMATION_OK"
3947,10401917840,10401917885,1,"IOTHUB_CLIENT_CONFIRMATION_OK"
3948,10401918040,10401918071,1,"IOTHUB_CLIENT_CONFIRMATION_OK"
3949,10401918240,10401918359,1,"IOTHUB_CLIENT_CONFIRMATION_OK"
3950,10401918441,10401918477,1,"IOTHUB_CLIENT_CONFIRMATION_OK"
3951,10401918641,10401918767,1,"IOTHUB_CLIENT_CONFIRMATION_OK"
3952,10401918841,10401918875,1,"IOTHUB_CLIENT_CONFIRMATION_OK"
3953,10401919041,10401919092,1,"IOTHUB_CLIENT_CONFIRMATION_OK"
3954,10401919241,10401919388,1,"IOTHUB_CLIENT_CONFIRMATION_OK"
3955,10401919441,10401919487,1,"IOTHUB_CLIENT_CONFIRMATION_OK"
3956,10401919642,10401919682,1,"IOTHUB_CLIENT_CONFIRMATION_OK"
3957,10401919842,10401919896,1,"IOTHUB_CLIENT_CONFIRMATION_OK"
3958,10401920042,10401920080,1,"IOTHUB_CLIENT_CONFIRMATION_OK"
3959,10401920242,10401920391,1,"IOTHUB_CLIENT_CONFIRMATION_OK"
3960,10401920442,10401920499,1,"IOTHUB_CLIENT_CONFIRMATION_OK"
3961,10401920642,10401920679,1,"IOTHUB_CLIENT_CONFIRMATION_OK"
3962,10401920843,10401920878,1,"IOTHUB_CLIENT_CONFIRMATION_OK"
3963,10401921043,10401921079,1,"IOTHUB_CLIENT_CONFIRMATION_OK"
3964,10401921243,10401921414,1,"IOTHUB_CLIENT_CONFIRMATION_OK"
3965,10401921443,10401921480,1,"IOTHUB_CLIENT_CONFIRMATION_OK"
3966,10401921643,10401921674,1,"IOTHUB_CLIENT_CONFIRMATION_OK"
3967,10401921843,10401921882,1,"IOTHUB_CLIENT_CONFIRMATION_OK"
3968,10401922043,10401922081,1,"IOTHUB_CLIENT_CONFIRMATION_OK"
3969,10401922244,10401922291,1,"IOTHUB_CLIENT_CONFIRMATION_OK"
3970,10401922444,10401922476,1,"IOTHUB_CLIENT_CONFIRMATION_OK"
3971,10401922644,10401922684,1,"IOTHUB_CLIENT_CONFIRMATION_OK"
3972,10401922844,10401922875,1,"IOTHUB_CLIENT_CONFIRMATION_OK"
3973,10401923044,10401923087,1,"IOTHUB_CLIENT_CONFIRMATION_OK"
3974,10401923244,10401923300,1,"IOTHUB_CLIENT_CONFIRMATION_OK"
3975,10401923445,10401923487,1,"IOTHUB_CLIENT_CONFIRMATION_OK"
3976,10401923645,10401923686,1,"IOTHUB_CLIENT_CONFIRMATION_OK"
3977,10401923845,10401923883,1,"IOTHUB_CLIENT_CONFIRMATION_OK"
3978,10401924045,10401924085,1,"IOTHUB_CLIENT_CONFIRMATION_OK"
3979,10401924245,10401924274,1,"IOTHUB_CLIENT_CONFIRMATION_OK"
3980,10401924445,10401924486,1,"IOTHUB_CLIENT_CONFIRMATION_OK"
3981,10401924645,10401924684,1,"IOTHUB_CLIENT_CONFIRMATION_OK"
3982,10401924846,10401924909,1,"IOTHUB_CLIENT_CONFIRMATION_OK"
3983,10401925046,10401925101,1,"IOTHUB_CLIENT_CONFIRMATION_OK"
3984,10401925246,10401925283,1,"IOTHUB_CLIENT_CONFIRMATION_OK"
3985,10401925446,10401925483,1,"IOTHUB_CLIENT_CONFIRMATION_OK"
3986,10401925646,10401925676,1,"IOTHUB_CLIENT_CONFIRMATION_OK"
3987,10401925846,10401925886,1,"IOTHUB_CLIENT_CONFIRMATION_OK"
3988,10401926047,10401926086,1,"IOTHUB_CLIENT_CONFIRMATION_OK"
3989,10401926247,10401926287,1,"IOTHUB_CLIENT_CONFIRMATION_OK"
3990,10401926447,10401926483,1,"IOTHUB_CLIENT_CONFIRMATION_OK"
3991,10401926647,10401926685,1,"IOTHUB_CLIENT_CONFIRMATION_OK"
3992,10401926847,10401926892,1,"IOTHUB_CLIENT_CONFIRMATION_OK"
3993,10401927047,10401927114,1,"IOTHUB_CLIENT_CONFIRMATION_OK"
3994,10401927247,10401927277,1,"IOTHUB_CLIENT_CONFIRMATION_OK"
3995,10401927448,10401927507,1,"IOTHUB_CLIENT_CONFIRMATION_OK"
3996,10401927648,10401927687,1,"IOTHUB_CLIENT_CONFIRMATION_OK"
3997,10401927848,10401927882,1,"IOTHUB_CLIENT_CONFIRMATION_OK"
3998,10401928048,10401928124,1,"IOTHUB_CLIENT_CONFIRMATION_OK"
3999,10401928248,10401928285,1,"IOTHUB_CLIENT_CONFIRMATION_OK"
4000,10401928448,10401928477,1,"IOTHUB_CLIENT_CONFIRMATION_OK"
4001,10401928649,10401928688,1,"IOTHUB_CLIENT_CONFIRMATION_OK"
4002,10401928849,10401928879,1,"IOTHUB_CLIENT_CONFIRMATION_OK"
4003,10401929049,10401929134,1,"IOTHUB_CLIENT_CONFIRMATION_OK"
4004,10401929249,10401929279,1,"IOTHUB_CLIENT_CONFIRMATION_OK"
4005,10401929449,10401929491,1,"IOTHUB_CLIENT_CONFIRMATION_OK"
4006,10401929649,10401929750,1,"IOTHUB_CLIENT_CONFIRMATION_OK"
4007,10401929850,10401929895,1,"IOTHUB_CLIENT_CONFIRMATION_OK"
4008,10401930050,10401930142,1,"IOTHUB_CLIENT_CONFIRMATION_OK"
4009,10401930250,10401930287,1,"IOTHUB_CLIENT_CONFIRMATION_OK"
4010,10401930450,10401930504,1,"IOTHUB_CLIENT_CONFIRMATION_OK"
4011,10401930650,10401930762,1,"IOTHUB_CLIENT_CONFIRMATION_OK"
4012,10401930850,10401930889,1,"IOTHUB_CLIENT_CONFIRMATION_OK"
4013,10401931051,10401931086,1,"IOTHUB_CLIENT_CONFIRMATION_OK"
4014,10401931251,10401931288,1,"IOTHUB_CLIENT_CONFIRMATION_OK"
4015,10401931451,10401931483,1,"IOTHUB_CLIENT_CONFIRMATION_OK"
4016,10401931651,10401931781,1,"IOTHUB_CLIENT_CONFIRMATION_OK"
4017,10401931851,10401931893,1,"IOTHUB_CLIENT_CONFIRMATION_OK"
4018,10401932051,10401932090,1,"IOTHUB_CLIENT_CONFIRMATION_OK"
4019,10401932252,10401932289,1,"IOTHUB_CLIENT_CONFIRMATION_OK"
4020,10401932452,10401932489,1,"IOTHUB_CLIENT_CONFIRMATION_OK"
4021,10401932652,10401932799,1,"IOTHUB_CLIENT_CONFIRMATION_OK"
4022,10401932852,10401932891,1,"IOTHUB_CLIENT_CONFIRMATION_OK"
4023,10401933052,10401933090,1,"IOTHUB_CLIENT_CONFIRMATION_OK"
4024,10401933252,10401933281,1,"IOTHUB_CLIENT_CONFIRMATION_OK"
4025,10401933453,10401933490,1,"IOTHUB_CLIENT_CONFIRMATION_OK"
4026,10401933653,10401933822,1,"IOTHUB_CLIENT_CONFIRMATION_OK"
4027,10401933853,10401933899,1,"IOTHUB_CLIENT_CONFIRMATION_OK"
4028,10401934053,10401934159,1,"IOTHUB_CLIENT_CONFIRMATION_OK"
4029,10401934253,10401934283,1,"IOTHUB_CLIENT_CONFIRMATION_OK"
4030,10401934453,10401934493,1,"IOTHUB_CLIENT_CONFIRMATION_OK"
4031,10401934653,10401934682,1,"IOTHUB_CLIENT_CONFIRMATION_OK"
4032,10401934854,10401934896,1,"IOTHUB_CLIENT_CONFIRMATION_OK"
4033,10401935054,10401935084,1,"IOTHUB_CLIENT_CONFIRMATION_OK"
4034,10401935254,10401935288,1,"IOTHUB_CLIENT_CONFIRMATION_OK"
4035,10401935454,10401935492,1,"IOTHUB_CLIENT_CONFIRMATION_OK"
4036,10401935654,10401935696,1,"IOTHUB_CLIENT_CONFIRMATION_OK"
4037,10401935854,10401935893,1,"IOTHUB_CLIENT_CONFIRMATION_OK"
4038,10401936055,10401936096,1,"IOTHUB_CLIENT_CONFIRMATION_OK"
4039,10401936255,10401936349,1,"IOTHUB_CLIENT_CONFIRMATION_OK"
4040,10401936455,10401936494,1,"IOTHUB_CLIENT_CONFIRMATION_OK"
4041,10401936655,10401936683,1,"IOTHUB_CLIENT_CONFIRMATION_OK"
4042,10401936855,10401936899,1,"IOTHUB_CLIENT_CONFIRMATION_OK"
4043,10401937055,10401937092,1,"IOTHUB_CLIENT_CONFIRMATION_OK"
4044,10401937256,10401937286,1,"IOTHUB_CLIENT_CONFIRMATION_OK"
4045,10401937456,10401937492,1,"IOTHUB_CLIENT_CONFIRMATION_OK"
4046,10401937656,10401937705,1,"IOTHUB_CLIENT_CONFIRMATION_OK"
4047,10401937856,10401937926,1,"IOTHUB_CLIENT_CONFIRMATION_OK"
4048,10401938056,10401938092,1,"IOTHUB_CLIENT_CONFIRMATION_OK"
4049,10401938256,10401938290,1,"IOTHUB_CLIENT_CONFIRMATION_OK"
4050,10401938456,10401938530,1,"IOTHUB_CLIENT_CONFIRMATION_OK"
4051,10401938657,10401938736,1,"IOTHUB_CLIENT_CONFIRMATION_OK"
4052,10401938857,10401938957,1,"IOTHUB_CLIENT_CONFIRMATION_OK"
4053,10401939057,10401939095,1,"IOTHUB_CLIENT_CONFIRMATION_OK"
4054,10401939257,10401939291,1,"IOTHUB_CLIENT_CONFIRMATION_OK"
4055,10401939457,10401939568,1,"IOTHUB_CLIENT_CONFIRMATION_OK"
4056,10401939657,10401939693,1,"IOTHUB_CLIENT_CONFIRMATION_OK"
4057,10401939858,10401939904,1,"IOTHUB_CLIENT_CONFIRMATION_OK"
4058,10401940058,10401940097,1,"IOTHUB_CLIENT_CONFIRMATION_OK"
4059,10401940258,10401940287,1,"IOTHUB_CLIENT_CONFIRMATION_OK"
4060,10401940458,10401940590,1,"IOTHUB_CLIENT_CONFIRMATION_OK"
4061,10401940658,10401940693,1,"IOTHUB_CLIENT_CONFIRMATION_OK"
4062,10401940858,10401940898,1,"IOTHUB_CLIENT_CONFIRMATION_OK"
4063,10401941059,10401941098,1,"IOTHUB_CLIENT_CONFIRMATION_OK"
4064,10401941259,10401941391,1,"IOTHUB_CLIENT_CONFIRMATION_OK"
4065,10401941459,10401941627,1,"IOTHUB_CLIENT_CONFIRMATION_OK"
4066,10401941659,10401941696,1,"IOTHUB_CLIENT_CONFIRMATION_OK"
4067,10401941859,10401941899,1,"IOTHUB_CLIENT_CONFIRMATION_OK"
4068,10401942059,10401942107,1,"IOTHUB_CLIENT_CONFIRMATION_OK"
4069,10401942260,10401942298,1,"IOTHUB_CLIENT_CONFIRMATION_OK"
4070,10401942460,10401942625,1,"IOTHUB_CLIENT_CONFIRMATION_OK"
4071,10401942660,10401942698,1,"IOTHUB_CLIENT_CONFIRMATION_OK"
4072,10401942860,10401942898,1,"IOTHUB_CLIENT_CONFIRMATION_OK"
4073,10401943060,10401943096,1,"IOTHUB_CLIENT_CONFIRMATION_OK"
4074,10401943260,10401943301,1,"IOTHUB_CLIENT_CONFIRMATION_OK"
4075,10401943461,10401943501,1,"IOTHUB_CLIENT_CONFIRMATION_OK"
4076,10401943661,10401943713,1,"IOTHUB_CLIENT_CONFIRMATION_OK"
4077,10401943861,10401943904,1,"IOTHUB_CLIENT_CONFIRMATION_OK"
4078,10401944061,10401944096,1,"IOTHUB_CLIENT_CONFIRMATION_OK"
4079,10401944261,10401944313,1,"IOTHUB_CLIENT_CONFIRMATION_OK"
4080,10401944461,10401944491,1,"IOTHUB_CLIENT_CONFIRMATION_OK"
4081,10401944661,10401944713,1,"IOTHUB_CLIENT_CONFIRMATION_OK"
4082,10401944862,10401944892,1,"IOTHUB_CLIENT_CONFIRMATION_OK"
4083,10401945062,10401945114,1,"IOTHUB_CLIENT_CONFIRMATION_OK"
4084,10401945262,10401945300,1,"IOTHUB_CLIENT_CONFIRMATION_OK"
4085,10401945462,10401945500,1,"IOTHUB_CLIENT_CONFIRMATION_OK"
4086,10401945662,10401945720,1,"IOTHUB_CLIENT_CONFIRMATION_OK"
4087,10401945862,10401945902,1,"IOTHUB_CLIENT_CONFIRMATION_OK"
4088,10401946063,10401946101,1,"IOTHUB_CLIENT_CONFIRMATION_OK"
4089,10401946263,10401946306,1,"IOTHUB_CLIENT_CONFIRMATION_OK"
4090,10401946463,10401946503,1,"IOTHUB_CLIENT_CONFIRMATION_OK"
4091,10401946663,10401946788,1,"IOTHUB_CLIENT_CONFIRMATION_OK"
4092,10401946863,10401946903,1,"IOTHUB_CLIENT_CONFIRMATION_OK"
4093,10401947063,10401947101,1,"IOTHUB_CLIENT_CONFIRMATION_OK"
4094,10401947263,10401947303,1,"IOTHUB_CLIENT_CONFIRMATION_OK"
4095,10401947464,10401947502,1,"IOTHUB_CLIENT_CONFIRMATION_OK"
4096,10401947664,10401947779,1,"IOTHUB_CLIENT_CONFIRMATION_OK"
4097,10401947864,10401947903,1,"IOTHUB_CLIENT_CONFIRMATION_OK"
4098,10401948064,10401948104,1,"IOTHUB_CLIENT_CONFIRMATION_OK"
4099,10401948264,10401948389,1,"IOTHUB_CLIENT_CONFIRMATION_OK"
4100,10401948465,10401948515,1,"IOTHUB_CLIENT_CONFIRMATION_OK"
4101,10401948665,10401948770,1,"IOTHUB_CLIENT_CONFIRMATION_OK"
4102,10401948865,10401948906,1,"IOTHUB_CLIENT_CONFIRMATION_OK"
4103,10401949065,10401949104,1,"IOTHUB_CLIENT_CONFIRMATION_OK"
4104,10401949265,10401949403,1,"IOTHUB_CLIENT_CONFIRMATION_OK"
4105,10401949465,10401949509,1,"IOTHUB_CLIENT_CONFIRMATION_OK"
4106,10401949666,10401949778,1,"IOTHUB_CLIENT_CONFIRMATION_OK"
4107,10401949866,10401949905,1,"IOTHUB_CLIENT_CONFIRMATION_OK"
4108,10401950066,10401950098,1,"IOTHUB_CLIENT_CONFIRMATION_OK"
4109,10401950266,10401950410,1,"IOTHUB_CLIENT_CONFIRMATION_OK"
4110,10401950466,10401950513,1,"IOTHUB_CLIENT_CONFIRMATION_OK"
4111,10401950666,10401950701,1,"IOTHUB_CLIENT_CONFIRMATION_OK"
4112,10401950867,10401950904,1,"IOTHUB_CLIENT_CONFIRMATION_OK"
4113,10401951067,10401951104,1,"IOTHUB_CLIENT_CONFIRMATION_OK"
4114,10401951267,10401951426,1,"IOTHUB_CLIENT_CONFIRMATION_OK"
4115,10401951467,10401951510,1,"IOTHUB_CLIENT_CONFIRMATION_OK"
4116,10401951667,10401951704,1,"IOTHUB_CLIENT_CONFIRMATION_OK"
4117,10401951867,10401951916,1,"IOTHUB_CLIENT_CONFIRMATION_OK"
4118,10401952067,10401952109,1,"IOTHUB_CLIENT_CONFIRMATION_OK"
4119,10401952268,10401952312,1,"IOTHUB_CLIENT_CONFIRMATION_OK"
4120,10401952468,10401952506,1,"IOTHUB_CLIENT_CONFIRMATION_OK"
4121,10401952668,10401952704,1,"IOTHUB_CLIENT_CONFIRMATION_OK"
4122,10401952868,10401953019,1,"IOTHUB_CLIENT_CONFIRMATION_OK"
4123,10401953068,10401953116,1,"IOTHUB_CLIENT_CONFIRMATION_OK"
4124,10401953268,10401953304,1,"IOTHUB_CLIENT_CONFIRMATION_OK"
4125,10401953468,10401953513,1,"IOTHUB_CLIENT_CONFIRMATION_OK"
4126,10401953669,10401953709,1,"IOTHUB_CLIENT_CONFIRMATION_OK"
4127,10401953869,10401953920,1,"IOTHUB_CLIENT_CONFIRMATION_OK"
4128,10401954069,10401954113,1,"IOTHUB_CLIENT_CONFIRMATION_OK"
4129,10401954269,10401954302,1,"IOTHUB_CLIENT_CONFIRMATION_OK"
4130,10401954469,10401954536,1,"IOTHUB_CLIENT_CONFIRMATION_OK"
4131,10401954669,10401954707,1,"IOTHUB_CLIENT_CONFIRMATION_OK"
4132,10401954870,10401954907,1,"IOTHUB_CLIENT_CONFIRMATION_OK"
4133,10401955070,10401955107,1,"IOTHUB_CLIENT_CONFIRMATION_OK"
4134,10401955270,10401955315,1,"IOTHUB_CLIENT_CONFIRMATION_OK"
4135,10401955470,10401955552,1,"IOTHUB_CLIENT_CONFIRMATION_OK"
4136,10401955670,10401955707,1,"IOTHUB_CLIENT_CONFIRMATION_OK"
4137,10401955870,10401955908,1,"IOTHUB_CLIENT_CONFIRMATION_OK"
4138,10401956071,10401956130,1,"IOTHUB_CLIENT_CONFIRMATION_OK"
4139,10401956271,10401956310,1,"IOTHUB_CLIENT_CONFIRMATION_OK"
4140,10401956471,10401956568,1,"IOTHUB_CLIENT_CONFIRMATION_OK"
4141,10401956671,10401956701,1,"IOTHUB_CLIENT_CONFIRMATION_OK"
4142,10401956871,10401956901,1,"IOTHUB_CLIENT_CONFIRMATION_OK"
4143,10401957071,10401957198,1,"IOTHUB_CLIENT_CONFIRMATION_OK"
4144,10401957271,10401957309,1,"IOTHUB_CLIENT_CONFIRMATION_OK"
4145,10401957472,10401957572,1,"IOTHUB_CLIENT_CONFIRMATION_OK"
4146,10401957672,10401957714,1,"IOTHUB_CLIENT_CONFIRMATION_OK"
4147,10401957872,10401957919,1,"IOTHUB_CLIENT_CONFIRMATION_OK"
4148,10401958072,10401958196,1,"IOTHUB_CLIENT_CONFIRMATION_OK"
4149,10401958272,10401958316,1,"IOTHUB_CLIENT_CONFIRMATION_OK"
4150,10401958472,10401958511,1,"IOTHUB_CLIENT_CONFIRMATION_OK"
4151,10401958673,10401958713,1,"IOTHUB_CLIENT_CONFIRMATION_OK"
4152,10401958873,10401958909,1,"IOTHUB_CLIENT_CONFIRMATION_OK"
4153,10401959073,10401959208,1,"IOTHUB_CLIENT_CONFIRMATION_OK"
4154,10401959273,10401959311,1,"IOTHUB_CLIENT_CONFIRMATION_OK"
4155,10401959473,10401959567,1,"IOTHUB_CLIENT_CONFIRMATION_OK"
4156,10401959673,10401959703,1,"IOTHUB_CLIENT_CONFIRMATION_OK"
4157,10401959874,10401959904,1,"IOTHUB_CLIENT_CONFIRMATION_OK"
4158,10401960074,10401960233,1,"IOTHUB_CLIENT_CONFIRMATION_OK"
4159,10401960274,10401960307,1,"IOTHUB_CLIENT_CONFIRMATION_OK"
4160,10401960474,10401960503,1,"IOTHUB_CLIENT_CONFIRMATION_OK"
4161,10401960674,10401960715,1,"IOTHUB_CLIENT_CONFIRMATION_OK"
4162,10401960874,10401960913,1,"IOTHUB_CLIENT_CONFIRMATION_OK"
4163,10401961074,10401961115,1,"IOTHUB_CLIENT_CONFIRMATION_OK"
4164,10401961275,10401961312,1,"IOTHUB_CLIENT_CONFIRMATION_OK"
4165,10401961475,10401961507,1,"IOTHUB_CLIENT_CONFIRMATION_OK"
4166,10401961675,10401961720,1,"IOTHUB_CLIENT_CONFIRMATION_OK"
4167,10401961875,10401961912,1,"IOTHUB_CLIENT_CONFIRMATION_OK"
4168,10401962075,10401962111,1,"IOTHUB_CLIENT_CONFIRMATION_OK"
4169,10401962275,10401962304,1,"IOTHUB_CLIENT_CONFIRMATION_OK"
4170,10401962476,10401962513,1,"IOTHUB_CLIENT_CONFIRMATION_OK"
4171,10401962676,10401962719,1,"IOTHUB_CLIENT_CONFIRMATION_OK"
4172,10401962876,10401962931,1,"IOTHUB_CLIENT_CONFIRMATION_OK"
4173,10401963076,10401963116,1,"IOTHUB_CLIENT_CONFIRMATION_OK"
4174,10401963276,10401963317,1,"IOTHUB_CLIENT_CONFIRMATION_OK"
4175,10401963476,10401963515,1,"IOTHUB_CLIENT_CONFIRMATION_OK"
4176,10401963677,10401963868,1,"IOTHUB_CLIENT_CONFIRMATION_OK"
4177,10401963877,10401963914,1,"IOTHUB_CLIENT_CONFIRMATION_OK"
4178,10401964077,10401964117,1,"IOTHUB_CLIENT_CONFIRMATION_OK"
4179,10401964277,10401964316,1,"IOTHUB_CLIENT_CONFIRMATION_OK"
4180,10401964477,10401964507,1,"IOTHUB_CLIENT_CONFIRMATION_OK"
4181,10401964677,10401964753,1,"IOTHUB_CLIENT_CONFIRMATION_OK"
4182,10401964878,10401964954,1,"IOTHUB_CLIENT_CONFIRMATION_OK"
4183,10401965078,10401965114,1,"IOTHUB_CLIENT_CONFIRMATION_OK"
4184,10401965278,10401965346,1,"IOTHUB_CLIENT_CONFIRMATION_OK"
4185,10401965478,10401965516,1,"IOTHUB_CLIENT_CONFIRMATION_OK"
4186,10401965678,10401965728,1,"IOTHUB_CLIENT_CONFIRMATION_OK"
4187,10401965878,10401965964,1,"IOTHUB_CLIENT_CONFIRMATION_OK"
4188,10401966079,10401966109,1,"IOTHUB_CLIENT_CONFIRMATION_OK"
4189,10401966279,10401966382,1,"IOTHUB_CLIENT_CONFIRMATION_OK"
4190,10401966479,10401966521,1,"IOTHUB_CLIENT_CONFIRMATION_OK"
4191,10401966679,10401966717,1,"IOTHUB_CLIENT_CONFIRMATION_OK"
4192,10401966879,10401966973,1,"IOTHUB_CLIENT_CONFIRMATION_OK"
4193,10401967079,10401967116,1,"IOTHUB_CLIENT_CONFIRMATION_OK"
4194,10401967280,10401967315,1,"IOTHUB_CLIENT_CONFIRMATION_OK"
4195,10401967480,10401967519,1,"IOTHUB_CLIENT_CONFIRMATION_OK"
4196,10401967680,10401967717,1,"IOTHUB_CLIENT_CONFIRMATION_OK"
4197,10401967880,10401968054,1,"IOTHUB_CLIENT_CONFIRMATION_OK"
4198,10401968080,10401968115,1,"IOTHUB_CLIENT_CONFIRMATION_OK"
4199,10401968280,10401968316,1,"IOTHUB_CLIENT_CONFIRMATION_OK"
4200,10401968480,10401968530,1,"IOTHUB_CLIENT_CONFIRMATION_OK"
4201,10401968681,10401968717,1,"IOTHUB_CLIENT_CONFIRMATION_OK"
4202,10401968881,10401969068,1,"IOTHUB_CLIENT_CONFIRMATION_OK"
4203,10401969081,10401969119,1,"IOTHUB_CLIENT_CONFIRMATION_OK"
4204,10401969281,10401969327,1,"IOTHUB_CLIENT_CONFIRMATION_OK"
4205,10401969481,10401969522,1,"IOTHUB_CLIENT_CONFIRMATION_OK"
4206,10401969681,10401969743,1,"IOTHUB_CLIENT_CONFIRMATION_OK"
4207,10401969882,10401970069,1,"IOTHUB_CLIENT_CONFIRMATION_OK"
4208,10401970082,10401970131,1,"IOTHUB_CLIENT_CONFIRMATION_OK"
4209,10401970282,10401970329,1,"IOTHUB_CLIENT_CONFIRMATION_OK"
4210,10401970482,10401970532,1,"IOTHUB_CLIENT_CONFIRMATION_OK"
4211,10401970682,10401970721,1,"IOTHUB_CLIENT_CONFIRMATION_OK"
4212,10401970882,10401970925,1,"IOTHUB_CLIENT_CONFIRMATION_OK"
4213,10401971083,10401971128,1,"IOTHUB_CLIENT_CONFIRMATION_OK"
4214,10401971283,10401971321,1,"IOTHUB_CLIENT_CONFIRMATION_OK"
4215,10401971483,10401971519,1,"IOTHUB_CLIENT_CONFIRMATION_OK"
4216,10401971683,10401971719,1,"IOTHUB_CLIENT_CONFIRMATION_OK"
4217,10401971883,10401971927,1,"IOTHUB_CLIENT_CONFIRMATION_OK"
4218,10401972083,10401972127,1,"IOTHUB_CLIENT_CONFIRMATION_OK"
4219,10401972284,10401972314,1,"IOTHUB_CLIENT_CONFIRMATION_OK"
4220,10401972484,10401972523,1,"IOTHUB_CLIENT_CONFIRMATION_OK"
4221,10401972684,10401972723,1,"IOTHUB_CLIENT_CONFIRMATION_OK"
4222,10401972884,10401972935,1,"IOTHUB_CLIENT_CONFIRMATION_OK"
4223,10401973084,10401973128,1,"IOTHUB_CLIENT_CONFIRMATION_OK"
4224,10401973284,10401973329,1,"IOTHUB_CLIENT_CONFIRMATION_OK"
4225,10401973485,10401973522,1,"IOTHUB_CLIENT_CONFIRMATION_OK"
4226,10401973685,10401973753,1,"IOTHUB_CLIENT_CONFIRMATION_OK"
4227,10401973885,10401973922,1,"IOTHUB_CLIENT_CONFIRMATION_OK"
4228,10401974085,10401974189,1,"IOTHUB_CLIENT_CONFIRMATION_OK"
4229,10401974285,10401974321,1,"IOTHUB_CLIENT_CONFIRMATION_OK"
4230,10401974485,10401974551,1,"IOTHUB_CLIENT_CONFIRMATION_OK"
4231,10401974685,10401974865,1,"IOTHUB_CLIENT_CONFIRMATION_OK"
4232,10401974886,10401974926,1,"IOTHUB_CLIENT_CONFIRMATION_OK"
4233,10401975086,10401975261,1,"IOTHUB_CLIENT_CONFIRMATION_OK"
4234,10401975286,10401975334,1,"IOTHUB_CLIENT_CONFIRMATION_OK"
4235,10401975486,10401975514,1,"IOTHUB_CLIENT_CONFIRMATION_OK"
4236,10401975686,10401975723,1,"IOTHUB_CLIENT_CONFIRMATION_OK"
4237,10401975886,10401976024,1,"IOTHUB_CLIENT_CONFIRMATION_OK"
4238,10401976087,10401976124,1,"IOTHUB_CLIENT_CONFIRMATION_OK"
4239,10401976287,10401976321,1,"IOTHUB_CLIENT_CONFIRMATION_OK"
4240,10401976487,10401976527,1,"IOTHUB_CLIENT_CONFIRMATION_OK"
4241,10401976687,10401976725,1,"IOTHUB_CLIENT_CONFIRMATION_OK"
4242,10401976887,10401976939,1,"IOTHUB_CLIENT_CONFIRMATION_OK"
4243,10401977087,10401977128,1,"IOTHUB_CLIENT_CONFIRMATION_OK"
4244,10401977287,10401977322,1,"IOTHUB_CLIENT_CONFIRMATION_OK"
4245,10401977488,10401977522,1,"IOTHUB_CLIENT_CONFIRMATION_OK"
4246,10401977688,10401977724,1,"IOTHUB_CLIENT_CONFIRMATION_OK"
4247,10401977888,10401977929,1,"IOTHUB_CLIENT_CONFIRMATION_OK"
4248,10401978088,10401978127,1,"IOTHUB_CLIENT_CONFIRMATION_OK"
4249,10401978288,10401978351,1,"IOTHUB_CLIENT_CONFIRMATION_OK"
4250,10401978488,10401978529,1,"IOTHUB_CLIENT_CONFIRMATION_OK"
4251,10401978689,10401978958,1,"IOTHUB_CLIENT_CONFIRMATION_OK"
4252,10401978889,10401978981,1,"IOTHUB_CLIENT_CONFIRMATION_OK"
4253,10401979089,10401979148,1,"IOTHUB_CLIENT_CONFIRMATION_OK"
4254,10401979289,10401979375,1,"IOTHUB_CLIENT_CONFIRMATION_OK"
4255,10401979489,10401979524,1,"IOTHUB_CLIENT_CONFIRMATION_OK"
4256,10401979689,10401979728,1,"IOTHUB_CLIENT_CONFIRMATION_OK"
4257,10401979890,10401979951,1,"IOTHUB_CLIENT_CONFIRMATION_OK"
4258,10401980090,10401980140,1,"IOTHUB_CLIENT_CONFIRMATION_OK"
4259,10401980290,10401980338,1,"IOTHUB_CLIENT_CONFIRMATION_OK"
4260,10401980490,10401980590,1,"IOTHUB_CLIENT_CONFIRMATION_OK"
4261,10401980690,10401980749,1,"IOTHUB_CLIENT_CONFIRMATION_OK"
4262,10401980890,10401980987,1,"IOTHUB_CLIENT_CONFIRMATION_OK"
4263,10401981090,10401981154,1,"IOTHUB_CLIENT_CONFIRMATION_OK"
4264,10401981291,10401981383,1,"IOTHUB_CLIENT_CONFIRMATION_OK"
4265,10401981491,10401981531,1,"IOTHUB_CLIENT_CONFIRMATION_OK"
4266,10401981691,10401981729,1,"IOTHUB_CLIENT_CONFIRMATION_OK"
4267,10401981891,10401981989,1,"IOTHUB_CLIENT_CONFIRMATION_OK"
4268,10401982091,10401982143,1,"IOTHUB_CLIENT_CONFIRMATION_OK"
4269,10401982291,10401982338,1,"IOTHUB_CLIENT_CONFIRMATION_OK"
4270,10401982492,10401982531,1,"IOTHUB_CLIENT_CONFIRMATION_OK"
4271,10401982692,10401982730,1,"IOTHUB_CLIENT_CONFIRMATION_OK"
4272,10401982892,10401983026,1,"IOTHUB_CLIENT_CONFIRMATION_OK"
4273,10401983092,10401983160,1,"IOTHUB_CLIENT_CONFIRMATION_OK"
4274,10401983292,10401983330,1,"IOTHUB_CLIENT_CONFIRMATION_OK"
4275,10401983492,10401983522,1,"IOTHUB_CLIENT_CONFIRMATION_OK"
4276,10401983693,10401983732,1,"IOTHUB_CLIENT_CONFIRMATION_OK"
4277,10401983893,10401984030,1,"IOTHUB_CLIENT_CONFIRMATION_OK"
4278,10401984093,10401984129,1,"IOTHUB_CLIENT_CONFIRMATION_OK"
4279,10401984293,10401984336,1,"IOTHUB_CLIENT_CONFIRMATION_OK"
4280,10401984493,10401984530,1,"IOTHUB_CLIENT_CONFIRMATION_OK"
4281,10401984693,10401984725,1,"IOTHUB_CLIENT_CONFIRMATION_OK"
4282,10401984893,10401985075,1,"IOTHUB_CLIENT_CONFIRMATION_OK"
4283,10401985094,10401985129,1,"IOTHUB_CLIENT_CONFIRMATION_OK"
4284,10401985294,10401985330,1,"IOTHUB_CLIENT_CONFIRMATION_OK"
4285,10401985494,10401985538,1,"IOTHUB_CLIENT_CONFIRMATION_OK"
4286,10401985694,10401985752,1,"IOTHUB_CLIENT_CONFIRMATION_OK"
4287,10401985894,10401985931,1,"IOTHUB_CLIENT_CONFIRMATION_OK"
4288,10401986094,10401986131,1,"IOTHUB_CLIENT_CONFIRMATION_OK"
4289,10401986295,10401986326,1,"IOTHUB_CLIENT_CONFIRMATION_OK"
4290,10401986495,10401986535,1,"IOTHUB_CLIENT_CONFIRMATION_OK"
4291,10401986695,10401986728,1,"IOTHUB_CLIENT_CONFIRMATION_OK"
4292,10401986895,10401986936,1,"IOTHUB_CLIENT_CONFIRMATION_OK"
4293,10401987095,10401987138,1,"IOTHUB_CLIENT_CONFIRMATION_OK"
4294,10401987295,10401987336,1,"IOTHUB_CLIENT_CONFIRMATION_OK"
4295,10401987496,10401987537,1,"IOTHUB_CLIENT_CONFIRMATION_OK"
4296,10401987696,10401987735,1,"IOTHUB_CLIENT_CONFIRMATION_OK"
4297,10401987896,10401987955,1,"IOTHUB_CLIENT_CONFIRMATION_OK"
4298,10401988096,10401988154,1,"IOTHUB_CLIENT_CONFIRMATION_OK"
4299,10401988296,10401988335,1,"IOTHUB_CLIENT_CONFIRMATION_OK"
4300,10401988496,10401988542,1,"IOTHUB_CLIENT_CONFIRMATION_OK"
4301,10401988696,10401988760,1,"IOTHUB_CLIENT_CONFIRMATION_OK"
4302,10401988897,10401988950,1,"IOTHUB_CLIENT_CONFIRMATION_OK"
4303,10401989097,10401989201,1,"IOTHUB_CLIENT_CONFIRMATION_OK"
4304,10401989297,10401989334,1,"IOTHUB_CLIENT_CONFIRMATION_OK"
4305,10401989497,10401989539,1,"IOTHUB_CLIENT_CONFIRMATION_OK"
4306,10401989697,10401989736,1,"IOTHUB_CLIENT_CONFIRMATION_OK"
4307,10401989897,10401989933,1,"IOTHUB_CLIENT_CONFIRMATION_OK"
4308,10401990098,10401990207,1,"IOTHUB_CLIENT_CONFIRMATION_OK"
4309,10401990298,10401990335,1,"IOTHUB_CLIENT_CONFIRMATION_OK"
4310,10401990498,10401990534,1,"IOTHUB_CLIENT_CONFIRMATION_OK"
4311,10401990698,10401990740,1,"IOTHUB_CLIENT_CONFIRMATION_OK"
4312,10401990898,10401990930,1,"IOTHUB_CLIENT_CONFIRMATION_OK"
4313,10401991098,10401991128,1,"IOTHUB_CLIENT_CONFIRMATION_OK"
4314,10401991298,10401991338,1,"IOTHUB_CLIENT_CONFIRMATION_OK"
4315,10401991499,10401991561,1,"IOTHUB_CLIENT_CONFIRMATION_OK"
4316,10401991699,10401991739,1,"IOTHUB_CLIENT_CONFIRMATION_OK"
4317,10401991899,10401991939,1,"IOTHUB_CLIENT_CONFIRMATION_OK"
4318,10401992099,10401992134,1,"IOTHUB_CLIENT_CONFIRMATION_OK"
4319,10401992299,10401992342,1,"IOTHUB_CLIENT_CONFIRMATION_OK"
4320,10401992499,10401992544,1,"IOTHUB_CLIENT_CONFIRMATION_OK"
4321,10401992700,10401992738,1,"IOTHUB_CLIENT_CONFIRMATION_OK"
4322,10401992900,10401992937,1,"IOTHUB_CLIENT_CONFIRMATION_OK"
4323,10401993100,10401993148,1,"IOTHUB_CLIENT_CONFIRMATION_OK"
4324,10401993300,10401993338,1,"IOTHUB_CLIENT_CONFIRMATION_OK"
4325,10401993500,10401993547,1,"IOTHUB_CLIENT_CONFIRMATION_OK"
4326,10401993700,10401993751,1,"IOTHUB_CLIENT_CONFIRMATION_OK"
4327,10401993901,10401993940,1,"IOTHUB_CLIENT_CONFIRMATION_OK"
4328,10401994101,10401994131,1,"IOTHUB_CLIENT_CONFIRMATION_OK"
4329,10401994301,10401994346,1,"IOTHUB_CLIENT_CONFIRMATION_OK"
4330,10401994501,10401994550,1,"IOTHUB_CLIENT_CONFIRMATION_OK"
4331,10401994701,10401994737,1,"IOTHUB_CLIENT_CONFIRMATION_OK"
4332,10401994901,10401994973,1,"IOTHUB_CLIENT_CONFIRMATION_OK"
4333,10401995102,10401995136,1,"IOTHUB_CLIENT_CONFIRMATION_OK"
4334,10401995302,10401995366,1,"IOTHUB_CLIENT_CONFIRMATION_OK"
4335,10401995502,10401995539,1,"IOTHUB_CLIENT_CONFIRMATION_OK"
4336,10401995702,10401995740,1,"IOTHUB_CLIENT_CONFIRMATION_OK"
4337,10401995902,10401995991,1,"IOTHUB_CLIENT_CONFIRMATION_OK"
4338,10401996102,10401996150,1,"IOTHUB_CLIENT_CONFIRMATION_OK"
4339,10401996303,10401996376,1,"IOTHUB_CLIENT_CONFIRMATION_OK"
4340,10401996503,10401996540,1,"IOTHUB_CLIENT_CONFIRMATION_OK"
4341,10401996703,10401996782,1,"IOTHUB_CLIENT_CONFIRMATION_OK"
4342,10401996903,10401997001,1,"IOTHUB_CLIENT_CONFIRMATION_OK"
4343,10401997103,10401997134,1,"IOTHUB_CLIENT_CONFIRMATION_OK"
4344,10401997303,10401997338,1,"IOTHUB_CLIENT_CONFIRMATION_OK"
4345,10401997503,10401997559,1,"IOTHUB_CLIENT_CONFIRMATION_OK"
4346,10401997704,10401997752,1,"IOTHUB_CLIENT_CONFIRMATION_OK"
4347,10401997904,10401998010,1,"IOTHUB_CLIENT_CONFIRMATION_OK"
4348,10401998104,10401998140,1,"IOTHUB_CLIENT_CONFIRMATION_OK"
4349,10401998304,10401998351,1,"IOTHUB_CLIENT_CONFIRMATION_OK"
4350,10401998504,10401998540,1,"IOTHUB_CLIENT_CONFIRMATION_OK"
4351,10401998704,10401998738,1,"IOTHUB_CLIENT_CONFIRMATION_OK"
4352,10401998905,10401999074,1,"IOTHUB_CLIENT_CONFIRMATION_OK"
4353,10401999105,10401999143,1,"IOTHUB_CLIENT_CONFIRMATION_OK"
4354,10401999305,10401999352,1,"IOTHUB_CLIENT_CONFIRMATION_OK"
4355,10401999505,10401999542,1,"IOTHUB_CLIENT_CONFIRMATION_OK"
4356,10401999705,10401999744,1,"IOTHUB_CLIENT_CONFIRMATION_OK"
4357,10401999905,10401999944,1,"IOTHUB_CLIENT_CONFIRMATION_OK"
4358,10402000106,10402000141,1,"IOTHUB_CLIENT_CONFIRMATION_OK"
4359,10402000306,10402000343,1,"IOTHUB_CLIENT_CONFIRMATION_OK"
4360,10402000506,10402000607,1,"IOTHUB_CLIENT_CONFIRMATION_OK"
4361,10402000706,10402000742,1,"IOTHUB_CLIENT_CONFIRMATION_OK"
4362,10402000906,10402000949,1,"IOTHUB_CLIENT_CONFIRMATION_OK"
4363,10402001106,10402001139,1,"IOTHUB_CLIENT_CONFIRMATION_OK"
4364,10402001306,10402001343,1,"IOTHUB_CLIENT_CONFIRMATION_OK"
4365,10402001507,10402001539,1,"IOTHUB_CLIENT_CONFIRMATION_OK"
4366,10402001707,10402001748,1,"IOTHUB_CLIENT_CONFIRMATION_OK"
4367,10402001907,10402001944,1,"IOTHUB_CLIENT_CONFIRMATION_OK"
4368,10402002107,10402002151,1,"IOTHUB_CLIENT_CONFIRMATION_OK"
4369,10402002307,10402002361,1,"IOTHUB_CLIENT_CONFIRMATION_OK"
4370,10402002507,10402002536,1,"IOTHUB_CLIENT_CONFIRMATION_OK"
4371,10402002708,10402002743,1,"IOTHUB_CLIENT_CONFIRMATION_OK"
4372,10402002908,10402002946,1,"IOTHUB_CLIENT_CONFIRMATION_OK"
4373,10402003108,10402003158,1,"IOTHUB_CLIENT_CONFIRMATION_OK"
4374,10402003308,10402003383,1,"IOTHUB_CLIENT_CONFIRMATION_OK"
4375,10402003508,10402003550,1,"IOTHUB_CLIENT_CONFIRMATION_OK"
4376,10402003708,10402003744,1,"IOTHUB_CLIENT_CONFIRMATION_OK"
4377,10402003908,10402003936,1,"IOTHUB_CLIENT_CONFIRMATION_OK"
4378,10402004109,10402004206,1,"IOTHUB_CLIENT_CONFIRMATION_OK"
4379,10402004309,10402004368,1,"IOTHUB_CLIENT_CONFIRMATION_OK"
4380,10402004509,10402004546,1,"IOTHUB_CLIENT_CONFIRMATION_OK"
4381,10402004709,10402004745,1,"IOTHUB_CLIENT_CONFIRMATION_OK"
4382,10402004909,10402004948,1,"IOTHUB_CLIENT_CONFIRMATION_OK"
4383,10402005109,10402005258,1,"IOTHUB_CLIENT_CONFIRMATION_OK"
4384,10402005309,10402005359,1,"IOTHUB_CLIENT_CONFIRMATION_OK"
4385,10402005510,10402005545,1,"IOTHUB_CLIENT_CONFIRMATION_OK"
4386,10402005710,10402005750,1,"IOTHUB_CLIENT_CONFIRMATION_OK"
4387,10402005910,10402005968,1,"IOTHUB_CLIENT_CONFIRMATION_OK"
4388,10402006110,10402006154,1,"IOTHUB_CLIENT_CONFIRMATION_OK"
4389,10402006310,10402006347,1,"IOTHUB_CLIENT_CONFIRMATION_OK"
4390,10402006510,10402006549,1,"IOTHUB_CLIENT_CONFIRMATION_OK"
4391,10402006710,10402006741,1,"IOTHUB_CLIENT_CONFIRMATION_OK"
4392,10402006911,10402006947,1,"IOTHUB_CLIENT_CONFIRMATION_OK"
4393,10402007111,10402007140,1,"IOTHUB_CLIENT_CONFIRMATION_OK"
4394,10402007311,10402007347,1,"IOTHUB_CLIENT_CONFIRMATION_OK"
4395,10402007511,10402007545,1,"IOTHUB_CLIENT_CONFIRMATION_OK"
4396,10402007711,10402007753,1,"IOTHUB_CLIENT_CONFIRMATION_OK"
4397,10402007911,10402007951,1,"IOTHUB_CLIENT_CONFIRMATION_OK"
4398,10402008112,10402008156,1,"IOTHUB_CLIENT_CONFIRMATION_OK"
4399,10402008312,10402008354,1,"IOTHUB_CLIENT_CONFIRMATION_OK"
4400,10402008512,10402008539,1,"IOTHUB_CLIENT_CONFIRMATION_OK"
4401,10402008712,10402008750,1,"IOTHUB_CLIENT_CONFIRMATION_OK"
4402,10402008912,10402008956,1,"IOTHUB_CLIENT_CONFIRMATION_OK"
4403,10402009112,10402009150,1,"IOTHUB_CLIENT_CONFIRMATION_OK"
4404,10402009312,10402009359,1,"IOTHUB_CLIENT_CONFIRMATION_OK"
4405,10402009513,10402009565,1,"IOTHUB_CLIENT_CONFIRMATION_OK"
4406,10402009713,10402009750,1,"IOTHUB_CLIENT_CONFIRMATION_OK"
4407,10402009913,10402009976,1,"IOTHUB_CLIENT_CONFIRMATION_OK"
4408,10402010113,10402010153,1,"IOTHUB_CLIENT_CONFIRMATION_OK"
4409,10402010313,10402010380,1,"IOTHUB_CLIENT_CONFIRMATION_OK"
4410,10402010513,10402010563,1,"IOTHUB_CLIENT_CONFIRMATION_OK"
4411,10402010713,10402010756,1,"IOTHUB_CLIENT_CONFIRMATION_OK"
4412,10402010914,10402010990,1,"IOTHUB_CLIENT_CONFIRMATION_OK"
4413,10402011114,10402011153,1,"IOTHUB_CLIENT_CONFIRMATION_OK"
4414,10402011314,10402011413,1,"IOTHUB_CLIENT_CONFIRMATION_OK"
4415,10402011514,10402011555,1,"IOTHUB_CLIENT_CONFIRMATION_OK"
4416,10402011714,10402011753,1,"IOTHUB_CLIENT_CONFIRMATION_OK"
4417,10402011914,10402012073,1,"IOTHUB_CLIENT_CONFIRMATION_OK"
4418,10402012115,10402012154,1,"IOTHUB_CLIENT_CONFIRMATION_OK"
4419,10402012315,10402012354,1,"IOTHUB_CLIENT_CONFIRMATION_OK"
4420,10402012515,10402012554,1,"IOTHUB_CLIENT_CONFIRMATION_OK"
4421,10402012715,10402012745,1,"IOTHUB_CLIENT_CONFIRMATION_OK"
4422,10402012915,10402013083,1,"IOTHUB_CLIENT_CONFIRMATION_OK"
4423,10402013115,10402013154,1,"IOTHUB_CLIENT_CONFIRMATION_OK"
4424,10402013316,10402013354,1,"IOTHUB_CLIENT_CONFIRMATION_OK"
4425,10402013516,10402013543,1,"IOTHUB_CLIENT_CONFIRMATION_OK"
4426,10402013716,10402013746,1,"IOTHUB_CLIENT_CONFIRMATION_OK"
4427,10402013916,10402014089,1,"IOTHUB_CLIENT_CONFIRMATION_OK"
4428,10402014116,10402014157,1,"IOTHUB_CLIENT_CONFIRMATION_OK"
4429,10402014316,10402014360,1,"IOTHUB_CLIENT_CONFIRMATION_OK"
4430,10402014516,10402014559,1,"IOTHUB_CLIENT_CONFIRMATION_OK"
4431,10402014717,10402014751,1,"IOTHUB_CLIENT_CONFIRMATION_OK"
4432,10402014917,10402015134,1,"IOTHUB_CLIENT_CONFIRMATION_OK"
4433,10402015117,10402015178,1,"IOTHUB_CLIENT_CONFIRMATION_OK"
4434,10402015317,10402015355,1,"IOTHUB_CLIENT_CONFIRMATION_OK"
4435,10402015517,10402015558,1,"IOTHUB_CLIENT_CONFIRMATION_OK"
4436,10402015717,10402015754,1,"IOTHUB_CLIENT_CONFIRMATION_OK"
4437,10402015918,10402015948,1,"IOTHUB_CLIENT_CONFIRMATION_OK"
4438,10402016118,10402016163,1,"IOTHUB_CLIENT_CONFIRMATION_OK"
4439,10402016318,10402016379,1,"IOTHUB_CLIENT_CONFIRMATION_OK"
4440,10402016518,10402016571,1,"IOTHUB_CLIENT_CONFIRMATION_OK"
4441,10402016718,10402016759,1,"IOTHUB_CLIENT_CONFIRMATION_OK"
4442,10402016918,10402016958,1,"IOTHUB_CLIENT_CONFIRMATION_OK"
4443,10402017119,10402017178,1,"IOTHUB_CLIENT_CONFIRMATION_OK"
4444,10402017319,10402017360,1,"IOTHUB_CLIENT_CONFIRMATION_OK"
4445,10402017519,10402017682,1,"IOTHUB_CLIENT_CONFIRMATION_OK"
4446,10402017719,10402017755,1,"IOTHUB_CLIENT_CONFIRMATION_OK"
4447,10402017919,10402017955,1,"IOTHUB_CLIENT_CONFIRMATION_OK"
4448,10402018119,10402018158,1,"IOTHUB_CLIENT_CONFIRMATION_OK"
4449,10402018320,10402018360,1,"IOTHUB_CLIENT_CONFIRMATION_OK"
4450,10402018520,10402018560,1,"IOTHUB_CLIENT_CONFIRMATION_OK"
4451,10402018720,10402018774,1,"IOTHUB_CLIENT_CONFIRMATION_OK"
4452,10402018920,10402018959,1,"IOTHUB_CLIENT_CONFIRMATION_OK"
4453,10402019120,10402019291,1,"IOTHUB_CLIENT_CONFIRMATION_OK"
4454,10402019320,10402019357,1,"IOTHUB_CLIENT_CONFIRMATION_OK"
4455,10402019521,10402019557,1,"IOTHUB_CLIENT_CONFIRMATION_OK"
4456,10402019721,10402019755,1,"IOTHUB_CLIENT_CONFIRMATION_OK"
4457,10402019921,10402019962,1,"IOTHUB_CLIENT_CONFIRMATION_OK"
4458,10402020121,10402020344,1,"IOTHUB_CLIENT_CONFIRMATION_OK"
4459,10402020321,10402020364,1,"IOTHUB_CLIENT_CONFIRMATION_OK"
4460,10402020521,10402020552,1,"IOTHUB_CLIENT_CONFIRMATION_OK"
4461,10402020721,10402020756,1,"IOTHUB_CLIENT_CONFIRMATION_OK"
4462,10402020922,10402020951,1,"IOTHUB_CLIENT_CONFIRMATION_OK"
4463,10402021122,10402021162,1,"IOTHUB_CLIENT_CONFIRMATION_OK"
4464,10402021322,10402021360,1,"IOTHUB_CLIENT_CONFIRMATION_OK"
4465,10402021522,10402021558,1,"IOTHUB_CLIENT_CONFIRMATION_OK"
4466,10402021722,10402021760,1,"IOTHUB_CLIENT_CONFIRMATION_OK"
4467,10402021922,10402021959,1,"IOTHUB_CLIENT_CONFIRMATION_OK"
4468,10402022123,10402022167,1,"IOTHUB_CLIENT_CONFIRMATION_OK"
4469,10402022323,10402022382,1,"IOTHUB_CLIENT_CONFIRMATION_OK"
4470,10402022523,10402022562,1,"IOTHUB_CLIENT_CONFIRMATION_OK"
4471,10402022723,10402022802,1,"IOTHUB_CLIENT_CONFIRMATION_OK"
4472,10402022923,10402022962,1,"IOTHUB_CLIENT_CONFIRMATION_OK"
4473,10402023123,10402023170,1,"IOTHUB_CLIENT_CONFIRMATION_OK"
4474,10402023323,10402023445,1,"IOTHUB_CLIENT_CONFIRMATION_OK"
4475,10402023524,10402023552,1,"IOTHUB_CLIENT_CONFIRMATION_OK"
4476,10402023724,10402023818,1,"IOTHUB_CLIENT_CONFIRMATION_OK"
4477,10402023924,10402023961,1,"IOTHUB_CLIENT_CONFIRMATION_OK"
4478,10402024124,10402024159,1,"IOTHUB_CLIENT_CONFIRMATION_OK"
4479,10402024324,10402024441,1,"IOTHUB_CLIENT_CONFIRMATION_OK"
4480,10402024524,10402024571,1,"IOTHUB_CLIENT_CONFIRMATION_OK"
4481,10402024725,10402024765,1,"IOTHUB_CLIENT_CONFIRMATION_OK"
4482,10402024925,10402024973,1,"IOTHUB_CLIENT_CONFIRMATION_OK"
4483,10402025125,10402025154,1,"IOTHUB_CLIENT_CONFIRMATION_OK"
4484,10402025325,10402025477,1,"IOTHUB_CLIENT_CONFIRMATION_OK"
4485,10402025525,10402025583,1,"IOTHUB_CLIENT_CONFIRMATION_OK"
4486,10402025725,10402025777,1,"IOTHUB_CLIENT_CONFIRMATION_OK"
4487,10402025926,10402026074,1,"IOTHUB_CLIENT_CONFIRMATION_OK"
4488,10402026126,10402026157,1,"IOTHUB_CLIENT_CONFIRMATION_OK"
4489,10402026326,10402026511,1,"IOTHUB_CLIENT_CONFIRMATION_OK"
4490,10402026526,10402026562,1,"IOTHUB_CLIENT_CONFIRMATION_OK"
4491,10402026726,10402026774,1,"IOTHUB_CLIENT_CONFIRMATION_OK"
4492,10402026926,10402026963,1,"IOTHUB_CLIENT_CONFIRMATION_OK"
4493,10402027127,10402027168,1,"IOTHUB_CLIENT_CONFIRMATION_OK"
4494,10402027327,10402027358,1,"IOTHUB_CLIENT_CONFIRMATION_OK"
4495,10402027527,10402027566,1,"IOTHUB_CLIENT_CONFIRMATION_OK"
4496,10402027727,10402027773,1,"IOTHUB_CLIENT_CONFIRMATION_OK"
4497,10402027927,10402027973,1,"IOTHUB_CLIENT_CONFIRMATION_OK"
4498,10402028127,10402028161,1,"IOTHUB_CLIENT_CONFIRMATION_OK"
4499,10402028327,10402028369,1,"IOTHUB_CLIENT_CONFIRMATION_OK"
4500,10402028528,10402028636,1,"IOTHUB_CLIENT_CONFIRMATION_OK"
4501,10402028728,10402028771,1,"IOTHUB_CLIENT_CONFIRMATION_OK"
4502,10402028928,10402028965,1,"IOTHUB_CLIENT_CONFIRMATION_OK"
4503,10402029128,10402029170,1,"IOTHUB_CLIENT_CONFIRMATION_OK"
4504,10402029328,10402029366,1,"IOTHUB_CLIENT_CONFIRMATION_OK"
4505,10402029528,10402029590,1,"IOTHUB_CLIENT_CONFIRMATION_OK"
4506,10402029729,10402029767,1,"IOTHUB_CLIENT_CONFIRMATION_OK"
4507,10402029929,10402029966,1,"IOTHUB_CLIENT_CONFIRMATION_OK"
4508,10402030129,10402030174,1,"IOTHUB_CLIENT_CONFIRMATION_OK"
4509,10402030329,10402030360,1,"IOTHUB_CLIENT_CONFIRMATION_OK"
4510,10402030529,10402030596,1,"IOTHUB_CLIENT_CONFIRMATION_OK"
4511,10402030729,10402030776,1,"IOTHUB_CLIENT_CONFIRMATION_OK"
4512,10402030930,10402030979,1,"IOTHUB_CLIENT_CONFIRMATION_OK"
4513,10402031130,10402031167,1,"IOTHUB_CLIENT_CONFIRMATION_OK"
4514,10402031330,10402031365,1,"IOTHUB_CLIENT_CONFIRMATION_OK"
4515,10402031530,10402031620,1,"IOTHUB_CLIENT_CONFIRMATION_OK"
4516,10402031730,10402031759,1,"IOTHUB_CLIENT_CONFIRMATION_OK"
4517,10402031930,10402031961,1,"IOTHUB_CLIENT_CONFIRMATION_OK"
4518,10402032130,10402032239,1,"IOTHUB_CLIENT_CONFIRMATION_OK"
4519,10402032331,10402032362,1,"IOTHUB_CLIENT_CONFIRMATION_OK"
4520,10402032531,10402032644,1,"IOTHUB_CLIENT_CONFIRMATION_OK"
4521,10402032731,10402032762,1,"IOTHUB_CLIENT_CONFIRMATION_OK"
4522,10402032931,10402032968,1,"IOTHUB_CLIENT_CONFIRMATION_OK"
4523,10402033131,10402033267,1,"IOTHUB_CLIENT_CONFIRMATION_OK"
4524,10402033331,10402033372,1,"IOTHUB_CLIENT_CONFIRMATION_OK"
4525,10402033532,10402033571,1,"IOTHUB_CLIENT_CONFIRMATION_OK"
4526,10402033732,10402033759,1,"IOTHUB_CLIENT_CONFIRMATION_OK"
4527,10402033932,10402033967,1,"IOTHUB_CLIENT_CONFIRMATION_OK"
4528,10402034132,10402034272,1,"IOTHUB_CLIENT_CONFIRMATION_OK"
4529,10402034332,10402034381,1,"IOTHUB_CLIENT_CONFIRMATION_OK"
4530,10402034532,10402034572,1,"IOTHUB_CLIENT_CONFIRMATION_OK"
4531,10402034733,10402034769,1,"IOTHUB_CLIENT_CONFIRMATION_OK"
4532,10402034933,10402034981,1,"IOTHUB_CLIENT_CONFIRMATION_OK"
4533,10402035133,10402035285,1,"IOTHUB_CLIENT_CONFIRMATION_OK"
4534,10402035333,10402035374,1,"IOTHUB_CLIENT_CONFIRMATION_OK"
4535,10402035533,10402035571,1,"IOTHUB_CLIENT_CONFIRMATION_OK"
4536,10402035733,10402035773,1,"IOTHUB_CLIENT_CONFIRMATION_OK"
4537,10402035934,10402035964,1,"IOTHUB_CLIENT_CONFIRMATION_OK"
4538,10402036134,10402036172,1,"IOTHUB_CLIENT_CONFIRMATION_OK"
4539,10402036334,10402036363,1,"IOTHUB_CLIENT_CONFIRMATION_OK"
4540,10402036534,10402036565,1,"IOTHUB_CLIENT_CONFIRMATION_OK"
4541,10402036734,10402036860,1,"IOTHUB_CLIENT_CONFIRMATION_OK"
4542,10402036934,10402036974,1,"IOTHUB_CLIENT_CONFIRMATION_OK"
4543,10402037135,10402037197,1,"IOTHUB_CLIENT_CONFIRMATION_OK"
4544,10402037335,10402037373,1,"IOTHUB_CLIENT_CONFIRMATION_OK"
4545,10402037535,10402037570,1,"IOTHUB_CLIENT_CONFIRMATION_OK"
4546,10402037735,10402037773,1,"IOTHUB_CLIENT_CONFIRMATION_OK"
4547,10402037935,10402037970,1,"IOTHUB_CLIENT_CONFIRMATION_OK"
4548,10402038135,10402038169,1,"IOTHUB_CLIENT_CONFIRMATION_OK"
4549,10402038336,10402038378,1,"IOTHUB_CLIENT_CONFIRMATION_OK"
4550,10402038536,10402038572,1,"IOTHUB_CLIENT_CONFIRMATION_OK"
4551,10402038736,10402038793,1,"IOTHUB_CLIENT_CONFIRMATION_OK"
4552,10402038936,10402038973,1,"IOTHUB_CLIENT_CONFIRMATION_OK"
4553,10402039136,10402039175,1,"IOTHUB_CLIENT_CONFIRMATION_OK"
4554,10402039336,10402039372,1,"IOTHUB_CLIENT_CONFIRMATION_OK"
4555,10402039536,10402039607,1,"IOTHUB_CLIENT_CONFIRMATION_OK"
4556,10402039737,10402039775,1,"IOTHUB_CLIENT_CONFIRMATION_OK"
4557,10402039937,10402039972,1,"IOTHUB_CLIENT_CONFIRMATION_OK"
4558,10402040137,10402040184,1,"IOTHUB_CLIENT_CONFIRMATION_OK"
4559,10402040337,10402040411,1,"IOTHUB_CLIENT_CONFIRMATION_OK"
4560,10402040537,10402040579,1,"IOTHUB_CLIENT_CONFIRMATION_OK"
4561,10402040737,10402040808,1,"IOTHUB_CLIENT_CONFIRMATION_OK"
4562,10402040938,10402040976,1,"IOTHUB_CLIENT_CONFIRMATION_OK"
4563,10402041138,10402041175,1,"IOTHUB_CLIENT_CONFIRMATION_OK"
4564,10402041338,10402041495,1,"IOTHUB_CLIENT_CONFIRMATION_OK"
4565,10402041538,10402041575,1,"IOTHUB_CLIENT_CONFIRMATION_OK"
4566,10402041738,10402041776,1,"IOTHUB_CLIENT_CONFIRMATION_OK"
4567,10402041938,10402041978,1,"IOTHUB_CLIENT_CONFIRMATION_OK"
4568,10402042139,10402042178,1,"IOTHUB_CLIENT_CONFIRMATION_OK"
4569,10402042339,10402042376,1,"IOTHUB_CLIENT_CONFIRMATION_OK"
4570,10402042539,10402042579,1,"IOTHUB_CLIENT_CONFIRMATION_OK"
4571,10402042739,10402042779,1,"IOTHUB_CLIENT_CONFIRMATION_OK"
4572,10402042939,10402042978,1,"IOTHUB_CLIENT_CONFIRMATION_OK"
4573,10402043139,10402043218,1,"IOTHUB_CLIENT_CONFIRMATION_OK"
4574,10402043340,10402043376,1,"IOTHUB_CLIENT_CONFIRMATION_OK"
4575,10402043540,10402043584,1,"IOTHUB_CLIENT_CONFIRMATION_OK"
4576,10402043740,10402043779,1,"IOTHUB_CLIENT_CONFIRMATION_OK"
4577,10402043940,10402043989,1,"IOTHUB_CLIENT_CONFIRMATION_OK"
4578,10402044140,10402044182,1,"IOTHUB_CLIENT_CONFIRMATION_OK"
4579,10402044340,10402044382,1,"IOTHUB_CLIENT_CONFIRMATION_OK"
4580,10402044541,10402044579,1,"IOTHUB_CLIENT_CONFIRMATION_OK"
4581,10402044741,10402044811,1,"IOTHUB_CLIENT_CONFIRMATION_OK"
4582,10402044941,10402045004,1,"IOTHUB_CLIENT_CONFIRMATION_OK"
4583,10402045141,10402045184,1,"IOTHUB_CLIENT_CONFIRMATION_OK"
4584,10402045341,10402045396,1,"IOTHUB_CLIENT_CONFIRMATION_OK"
4585,10402045541,10402045615,1,"IOTHUB_CLIENT_CONFIRMATION_OK"
4586,10402045741,10402045781,1,"IOTHUB_CLIENT_CONFIRMATION_OK"
4587,10402045942,10402045976,1,"IOTHUB_CLIENT_CONFIRMATION_OK"
4588,10402046142,10402046175,1,"IOTHUB_CLIENT_CONFIRMATION_OK"
4589,10402046342,10402046386,1,"IOTHUB_CLIENT_CONFIRMATION_OK"
4590,10402046542,10402046632,1,"IOTHUB_CLIENT_CONFIRMATION_OK"
4591,10402046742,10402046780,1,"IOTHUB_CLIENT_CONFIRMATION_OK"
4592,10402046942,10402046981,1,"IOTHUB_CLIENT_CONFIRMATION_OK"
4593,10402047142,10402047253,1,"IOTHUB_CLIENT_CONFIRMATION_OK"
4594,10402047343,10402047379,1,"IOTHUB_CLIENT_CONFIRMATION_OK"
4595,10402047543,10402047590,1,"IOTHUB_CLIENT_CONFIRMATION_OK"
4596,10402047743,10402047782,1,"IOTHUB_CLIENT_CONFIRMATION_OK"
4597,10402047943,10402047991,1,"IOTHUB_CLIENT_CONFIRMATION_OK"
4598,10402048143,10402048255,1,"IOTHUB_CLIENT_CONFIRMATION_OK"
4599,10402048343,10402048390,1,"IOTHUB_CLIENT_CONFIRMATION_OK"
4600,10402048544,10402048584,1,"IOTHUB_CLIENT_CONFIRMATION_OK"
4601,10402048744,10402048808,1,"IOTHUB_CLIENT_CONFIRMATION_OK"
4602,10402048944,10402048982,1,"IOTHUB_CLIENT_CONFIRMATION_OK"
4603,10402049144,10402049272,1,"IOTHUB_CLIENT_CONFIRMATION_OK"
4604,10402049344,10402049384,1,"IOTHUB_CLIENT_CONFIRMATION_OK"
4605,10402049544,10402049587,1,"IOTHUB_CLIENT_CONFIRMATION_OK"
4606,10402049745,10402049796,1,"IOTHUB_CLIENT_CONFIRMATION_OK"
4607,10402049945,10402049987,1,"IOTHUB_CLIENT_CONFIRMATION_OK"
4608,10402050145,10402050408,1,"IOTHUB_CLIENT_CONFIRMATION_OK"
4609,10402050345,10402050427,1,"IOTHUB_CLIENT_CONFIRMATION_OK"
4610,10402050545,10402050596,1,"IOTHUB_CLIENT_CONFIRMATION_OK"
4611,10402050745,10402050795,1,"IOTHUB_CLIENT_CONFIRMATION_OK"
4612,10402050945,10402050995,1,"IOTHUB_CLIENT_CONFIRMATION_OK"
4613,10402051146,10402051199,1,"IOTHUB_CLIENT_CONFIRMATION_OK"
4614,10402051346,10402051382,1,"IOTHUB_CLIENT_CONFIRMATION_OK"
4615,10402051546,10402051585,1,"IOTHUB_CLIENT_CONFIRMATION_OK"
4616,10402051746,10402051783,1,"IOTHUB_CLIENT_CONFIRMATION_OK"
4617,10402051946,10402051977,1,"IOTHUB_CLIENT_CONFIRMATION_OK"
4618,10402052146,10402052196,1,"IOTHUB_CLIENT_CONFIRMATION_OK"
4619,10402052347,10402052395,1,"IOTHUB_CLIENT_CONFIRMATION_OK"
4620,10402052547,10402052584,1,"IOTHUB_CLIENT_CONFIRMATION_OK"
4621,10402052747,10402052788,1,"IOTHUB_CLIENT_CONFIRMATION_OK"
4622,10402052947,10402052982,1,"IOTHUB_CLIENT_CONFIRMATION_OK"
4623,10402053147,10402053182,1,"IOTHUB_CLIENT_CONFIRMATION_OK"
4624,10402053347,10402053434,1,"IOTHUB_CLIENT_CONFIRMATION_OK"
4625,10402053548,10402053587,1,"IOTHUB_CLIENT_CONFIRMATION_OK"
4626,10402053748,10402053795,1,"IOTHUB_CLIENT_CONFIRMATION_OK"
4627,10402053948,10402053986,1,"IOTHUB_CLIENT_CONFIRMATION_OK"
4628,10402054148,10402054185,1,"IOTHUB_CLIENT_CONFIRMATION_OK"
4629,10402054348,10402054403,1,"IOTHUB_CLIENT_CONFIRMATION_OK"
4630,10402054548,10402054584,1,"IOTHUB_CLIENT_CONFIRMATION_OK"
4631,10402054749,10402054785,1,"IOTHUB_CLIENT_CONFIRMATION_OK"
4632,10402054949,10402055031,1,"IOTHUB_CLIENT_CONFIRMATION_OK"
4633,10402055149,10402055196,1,"IOTHUB_CLIENT_CONFIRMATION_OK"
4634,10402055349,10402055411,1,"IOTHUB_CLIENT_CONFIRMATION_OK"
4635,10402055549,10402055585,1,"IOTHUB_CLIENT_CONFIRMATION_OK"
4636,10402055749,10402055791,1,"IOTHUB_CLIENT_CONFIRMATION_OK"
4637,10402055950,10402055989,1,"IOTHUB_CLIENT_CONFIRMATION_OK"
4638,10402056150,10402056210,1,"IOTHUB_CLIENT_CONFIRMATION_OK"
4639,10402056350,10402056497,1,"IOTHUB_CLIENT_CONFIRMATION_OK"
4640,10402056550,10402056579,1,"IOTHUB_CLIENT_CONFIRMATION_OK"
4641,10402056750,10402056785,1,"IOTHUB_CLIENT_CONFIRMATION_OK"
4642,10402056950,10402057017,1,"IOTHUB_CLIENT_CONFIRMATION_OK"
4643,10402057150,10402057188,1,"IOTHUB_CLIENT_CONFIRMATION_OK"
4644,10402057351,10402057398,1,"IOTHUB_CLIENT_CONFIRMATION_OK"
4645,10402057551,10402057606,1,"IOTHUB_CLIENT_CONFIRMATION_OK"
4646,10402057751,10402057789,1,"IOTHUB_CLIENT_CONFIRMATION_OK"
4647,10402057951,10402057989,1,"IOTHUB_CLIENT_CONFIRMATION_OK"
4648,10402058151,10402058199,1,"IOTHUB_CLIENT_CONFIRMATION_OK"
4649,10402058351,10402058392,1,"IOTHUB_CLIENT_CONFIRMATION_OK"
4650,10402058552,10402058588,1,"IOTHUB_CLIENT_CONFIRMATION_OK"
4651,10402058752,10402058781,1,"IOTHUB_CLIENT_CONFIRMATION_OK"
4652,10402058952,10402058983,1,"IOTHUB_CLIENT_CONFIRMATION_OK"
4653,10402059152,10402059211,1,"IOTHUB_CLIENT_CONFIRMATION_OK"
4654,10402059352,10402059380,1,"IOTHUB_CLIENT_CONFIRMATION_OK"
4655,10402059552,10402059590,1,"IOTHUB_CLIENT_CONFIRMATION_OK"
4656,10402059753,10402059789,1,"IOTHUB_CLIENT_CONFIRMATION_OK"
4657,10402059953,10402059991,1,"IOTHUB_CLIENT_CONFIRMATION_OK"
4658,10402060153,10402060195,1,"IOTHUB_CLIENT_CONFIRMATION_OK"
4659,10402060353,10402060390,1,"IOTHUB_CLIENT_CONFIRMATION_OK"
4660,10402060553,10402060597,1,"IOTHUB_CLIENT_CONFIRMATION_OK"
4661,10402060753,10402060791,1,"IOTHUB_CLIENT_CONFIRMATION_OK"
4662,10402060954,10402060993,1,"IOTHUB_CLIENT_CONFIRMATION_OK"
4663,10402061154,10402061236,1,"IOTHUB_CLIENT_CONFIRMATION_OK"
4664,10402061354,10402061382,1,"IOTHUB_CLIENT_CONFIRMATION_OK"
4665,10402061554,10402061646,1,"IOTHUB_CLIENT_CONFIRMATION_OK"
4666,10402061754,10402061793,1,"IOTHUB_CLIENT_CONFIRMATION_OK"
4667,10402061954,10402061992,1,"IOTHUB_CLIENT_CONFIRMATION_OK"
4668,10402062154,10402062267,1,"IOTHUB_CLIENT_CONFIRMATION_OK"
4669,10402062355,10402062395,1,"IOTHUB_CLIENT_CONFIRMATION_OK"
4670,10402062555,10402062660,1,"IOTHUB_CLIENT_CONFIRMATION_OK"
4671,10402062755,10402062784,1,"IOTHUB_CLIENT_CONFIRMATION_OK"
4672,10402062955,10402062994,1,"IOTHUB_CLIENT_CONFIRMATION_OK"
4673,10402063155,10402063308,1,"IOTHUB_CLIENT_CONFIRMATION_OK"
4674,10402063355,10402063383,1,"IOTHUB_CLIENT_CONFIRMATION_OK"
4675,10402063555,10402063609,1,"IOTHUB_CLIENT_CONFIRMATION_OK"
4676,10402063756,10402063792,1,"IOTHUB_CLIENT_CONFIRMATION_OK"
4677,10402063956,10402064012,1,"IOTHUB_CLIENT_CONFIRMATION_OK"
4678,10402064156,10402064305,1,"IOTHUB_CLIENT_CONFIRMATION_OK"
4679,10402064356,10402064393,1,"IOTHUB_CLIENT_CONFIRMATION_OK"
4680,10402064556,10402064593,1,"IOTHUB_CLIENT_CONFIRMATION_OK"
4681,10402064756,10402064806,1,"IOTHUB_CLIENT_CONFIRMATION_OK"
4682,10402064957,10402064997,1,"IOTHUB_CLIENT_CONFIRMATION_OK"
4683,10402065157,10402065323,1,"IOTHUB_CLIENT_CONFIRMATION_OK"
4684,10402065357,10402065395,1,"IOTHUB_CLIENT_CONFIRMATION_OK"
4685,10402065557,10402065605,1,"IOTHUB_CLIENT_CONFIRMATION_OK"
4686,10402065757,10402065793,1,"IOTHUB_CLIENT_CONFIRMATION_OK"
4687,10402065957,10402066006,1,"IOTHUB_CLIENT_CONFIRMATION_OK"
4688,10402066158,10402066194,1,"IOTHUB_CLIENT_CONFIRMATION_OK"
4689,10402066358,10402066403,1,"IOTHUB_CLIENT_CONFIRMATION_OK"
4690,10402066558,10402066609,1,"IOTHUB_CLIENT_CONFIRMATION_OK"
4691,10402066758,10402066804,1,"IOTHUB_CLIENT_CONFIRMATION_OK"
4692,10402066958,10402066989,1,"IOTHUB_CLIENT_CONFIRMATION_OK"
4693,10402067158,10402067200,1,"IOTHUB_CLIENT_CONFIRMATION_OK"
4694,10402067359,10402067435,1,"IOTHUB_CLIENT_CONFIRMATION_OK"
4695,10402067559,10402067608,1,"IOTHUB_CLIENT_CONFIRMATION_OK"
4696,10402067759,10402067823,1,"IOTHUB_CLIENT_CONFIRMATION_OK"
4697,10402067959,10402068012,1,"IOTHUB_CLIENT_CONFIRMATION_OK"
4698,10402068159,10402068198,1,"IOTHUB_CLIENT_CONFIRMATION_OK"
4699,10402068359,10402068431,1,"IOTHUB_CLIENT_CONFIRMATION_OK"
4700,10402068559,10402068607,1,"IOTHUB_CLIENT_CONFIRMATION_OK"
4701,10402068760,10402068842,1,"IOTHUB_CLIENT_CONFIRMATION_OK"
4702,10402068960,10402068997,1,"IOTHUB_CLIENT_CONFIRMATION_OK"
4703,10402069160,10402069212,1,"IOTHUB_CLIENT_CONFIRMATION_OK"
4704,10402069360,10402069445,1,"IOTHUB_CLIENT_CONFIRMATION_OK"
4705,10402069560,10402069609,1,"IOTHUB_CLIENT_CONFIRMATION_OK"
4706,10402069760,10402069799,1,"IOTHUB_CLIENT_CONFIRMATION_OK"
4707,10402069961,10402070004,1,"IOTHUB_CLIENT_CONFIRMATION_OK"
4708,10402070161,10402070197,1,"IOTHUB_CLIENT_CONFIRMATION_OK"
4709,10402070361,10402070398,1,"IOTHUB_CLIENT_CONFIRMATION_OK"
4710,10402070561,10402070596,1,"IOTHUB_CLIENT_CONFIRMATION_OK"
4711,10402070761,10402070797,1,"IOTHUB_CLIENT_CONFIRMATION_OK"
4712,10402070961,10402070999,1,"IOTHUB_CLIENT_CONFIRMATION_OK"
4713,10402071162,10402071204,1,"IOTHUB_CLIENT_CONFIRMATION_OK"
4714,10402071362,10402071550,1,"IOTHUB_CLIENT_CONFIRMATION_OK"
4715,10402071562,10402071604,1,"IOTHUB_CLIENT_CONFIRMATION_OK"
4716,10402071762,10402071798,1,"IOTHUB_CLIENT_CONFIRMATION_OK"
4717,10402071962,10402071999,1,"IOTHUB_CLIENT_CONFIRMATION_OK"
4718,10402072162,10402072201,1,"IOTHUB_CLIENT_CONFIRMATION_OK"
4719,10402072363,10402072397,1,"IOTHUB_CLIENT_CONFIRMATION_OK"
4720,10402072563,10402072668,1,"IOTHUB_CLIENT_CONFIRMATION_OK"
4721,10402072763,10402072800,1,"IOTHUB_CLIENT_CONFIRMATION_OK"
4722,10402072963,10402072991,1,"IOTHUB_CLIENT_CONFIRMATION_OK"
4723,10402073163,10402073221,1,"IOTHUB_CLIENT_CONFIRMATION_OK"
4724,10402073363,10402073398,1,"IOTHUB_CLIENT_CONFIRMATION_OK"
4725,10402073564,10402073609,1,"IOTHUB_CLIENT_CONFIRMATION_OK"
4726,10402073764,10402073799,1,"IOTHUB_CLIENT_CONFIRMATION_OK"
4727,10402073964,10402074004,1,"IOTHUB_CLIENT_CONFIRMATION_OK"
4728,10402074164,10402074200,1,"IOTHUB_CLIENT_CONFIRMATION_OK"
4729,10402074364,10402074402,1,"IOTHUB_CLIENT_CONFIRMATION_OK"
4730,10402074564,10402074636,1,"IOTHUB_CLIENT_CONFIRMATION_OK"
4731,10402074765,10402074804,1,"IOTHUB_CLIENT_CONFIRMATION_OK"
4732,10402074965,10402074998,1,"IOTHUB_CLIENT_CONFIRMATION_OK"
4733,10402075165,10402075210,1,"IOTHUB_CLIENT_CONFIRMATION_OK"
4734,10402075365,10402075411,1,"IOTHUB_CLIENT_CONFIRMATION_OK"
4735,10402075565,10402075645,1,"IOTHUB_CLIENT_CONFIRMATION_OK"
4736,10402075765,10402075802,1,"IOTHUB_CLIENT_CONFIRMATION_OK"
4737,10402075965,10402076032,1,"IOTHUB_CLIENT_CONFIRMATION_OK"
4738,10402076166,10402076212,1,"IOTHUB_CLIENT_CONFIRMATION_OK"
4739,10402076366,10402076408,1,"IOTHUB_CLIENT_CONFIRMATION_OK"
4740,10402076566,10402076666,1,"IOTHUB_CLIENT_CONFIRMATION_OK"
4741,10402076766,10402076803,1,"IOTHUB_CLIENT_CONFIRMATION_OK"
4742,10402076966,10402077002,1,"IOTHUB_CLIENT_CONFIRMATION_OK"
4743,10402077166,10402077277,1,"IOTHUB_CLIENT_CONFIRMATION_OK"
4744,10402077367,10402077407,1,"IOTHUB_CLIENT_CONFIRMATION_OK"
4745,10402077567,10402077621,1,"IOTHUB_CLIENT_CONFIRMATION_OK"
4746,10402077767,10402077886,1,"IOTHUB_CLIENT_CONFIRMATION_OK"
4747,10402077967,10402078002,1,"IOTHUB_CLIENT_CONFIRMATION_OK"
4748,10402078167,10402078318,1,"IOTHUB_CLIENT_CONFIRMATION_OK"
4749,10402078367,10402078410,1,"IOTHUB_CLIENT_CONFIRMATION_OK"
4750,10402078568,10402078626,1,"IOTHUB_CLIENT_CONFIRMATION_OK"
4751,10402078768,10402078802,1,"IOTHUB_CLIENT_CONFIRMATION_OK"
4752,10402078968,10402079041,1,"IOTHUB_CLIENT_CONFIRMATION_OK"
4753,10402079168,10402079323,1,"IOTHUB_CLIENT_CONFIRMATION_OK"
4754,10402079368,10402079419,1,"IOTHUB_CLIENT_CONFIRMATION_OK"
4755,10402079568,10402079614,1,"IOTHUB_CLIENT_CONFIRMATION_OK"
4756,10402079769,10402079820,1,"IOTHUB_CLIENT_CONFIRMATION_OK"
4757,10402079969,10402080018,1,"IOTHUB_CLIENT_CONFIRMATION_OK"
4758,10402080169,10402080362,1,"IOTHUB_CLIENT_CONFIRMATION_OK"
4759,10402080369,10402080429,1,"IOTHUB_CLIENT_CONFIRMATION_OK"
4760,10402080569,10402080618,1,"IOTHUB_CLIENT_CONFIRMATION_OK"
4761,10402080769,10402080826,1,"IOTHUB_CLIENT_CONFIRMATION_OK"
4762,10402080970,10402081013,1,"IOTHUB_CLIENT_CONFIRMATION_OK"
4763,10402081170,10402081217,1,"IOTHUB_CLIENT_CONFIRMATION_OK"
4764,10402081370,10402081407,1,"IOTHUB_CLIENT_CONFIRMATION_OK"
4765,10402081570,10402081617,1,"IOTHUB_CLIENT_CONFIRMATION_OK"
4766,10402081770,10402081806,1,"IOTHUB_CLIENT_CONFIRMATION_OK"
4767,10402081970,10402082072,1,"IOTHUB_CLIENT_CONFIRMATION_OK"
4768,10402082170,10402082214,1,"IOTHUB_CLIENT_CONFIRMATION_OK"
4769,10402082371,10402082410,1,"IOTHUB_CLIENT_CONFIRMATION_OK"
4770,10402082571,10402082610,1,"IOTHUB_CLIENT_CONFIRMATION_OK"
4771,10402082771,10402082809,1,"IOTHUB_CLIENT_CONFIRMATION_OK"
4772,10402082971,10402083014,1,"IOTHUB_CLIENT_CONFIRMATION_OK"
4773,10402083171,10402083223,1,"IOTHUB_CLIENT_CONFIRMATION_OK"
4774,10402083371,10402083411,1,"IOTHUB_CLIENT_CONFIRMATION_OK"
4775,10402083572,10402083623,1,"IOTHUB_CLIENT_CONFIRMATION_OK"
4776,10402083772,10402083812,1,"IOTHUB_CLIENT_CONFIRMATION_OK"
4777,10402083972,10402084012,1,"IOTHUB_CLIENT_CONFIRMATION_OK"
4778,10402084172,10402084209,1,"IOTHUB_CLIENT_CONFIRMATION_OK"
4779,10402084372,10402084416,1,"IOTHUB_CLIENT_CONFIRMATION_OK"
4780,10402084572,10402084612,1,"IOTHUB_CLIENT_CONFIRMATION_OK"
4781,10402084773,10402084819,1,"IOTHUB_CLIENT_CONFIRMATION_OK"
4782,10402084973,10402085091,1,"IOTHUB_CLIENT_CONFIRMATION_OK"
4783,10402085173,10402085210,1,"IOTHUB_CLIENT_CONFIRMATION_OK"
4784,10402085373,10402085558,1,"IOTHUB_CLIENT_CONFIRMATION_OK"
4785,10402085573,10402085614,1,"IOTHUB_CLIENT_CONFIRMATION_OK"
4786,10402085773,10402085813,1,"IOTHUB_CLIENT_CONFIRMATION_OK"
4787,10402085974,10402086009,1,"IOTHUB_CLIENT_CONFIRMATION_OK"
4788,10402086174,10402086211,1,"IOTHUB_CLIENT_CONFIRMATION_OK"
4789,10402086374,10402086582,1,"IOTHUB_CLIENT_CONFIRMATION_OK"
4790,10402086574,10402086614,1,"IOTHUB_CLIENT_CONFIRMATION_OK"
4791,10402086774,10402086813,1,"IOTHUB_CLIENT_CONFIRMATION_OK"
4792,10402086974,10402087014,1,"IOTHUB_CLIENT_CONFIRMATION_OK"
4793,10402087175,10402087215,1,"IOTHUB_CLIENT_CONFIRMATION_OK"
4794,10402087375,10402087410,1,"IOTHUB_CLIENT_CONFIRMATION_OK"
4795,10402087575,10402087612,1,"IOTHUB_CLIENT_CONFIRMATION_OK"
4796,10402087775,10402087841,1,"IOTHUB_CLIENT_CONFIRMATION_OK"
4797,10402087975,10402088024,1,"IOTHUB_CLIENT_CONFIRMATION_OK"
4798,10402088175,10402088211,1,"IOTHUB_CLIENT_CONFIRMATION_OK"
4799,10402088375,10402088424,1,"IOTHUB_CLIENT_CONFIRMATION_OK"
4800,10402088576,10402088648,1,"IOTHUB_CLIENT_CONFIRMATION_OK"
4801,10402088776,10402088816,1,"IOTHUB_CLIENT_CONFIRMATION_OK"
4802,10402088976,10402089044,1,"IOTHUB_CLIENT_CONFIRMATION_OK"
4803,10402089176,10402089217,1,"IOTHUB_CLIENT_CONFIRMATION_OK"
4804,10402089376,10402089419,1,"IOTHUB_CLIENT_CONFIRMATION_OK"
4805,10402089576,10402089667,1,"IOTHUB_CLIENT_CONFIRMATION_OK"
4806,10402089777,10402089814,1,"IOTHUB_CLIENT_CONFIRMATION_OK"
4807,10402089977,10402090046,1,"IOTHUB_CLIENT_CONFIRMATION_OK"
4808,10402090177,10402090214,1,"IOTHUB_CLIENT_CONFIRMATION_OK"
4809,10402090377,10402090414,1,"IOTHUB_CLIENT_CONFIRMATION_OK"
4810,10402090577,10402090665,1,"IOTHUB_CLIENT_CONFIRMATION_OK"
4811,10402090777,10402090813,1,"IOTHUB_CLIENT_CONFIRMATION_OK"
4812,10402090977,10402091023,1,"IOTHUB_CLIENT_CONFIRMATION_OK"
4813,10402091178,10402091219,1,"IOTHUB_CLIENT_CONFIRMATION_OK"
4814,10402091378,10402091440,1,"IOTHUB_CLIENT_CONFIRMATION_OK"
4815,10402091578,10402091780,1,"IOTHUB_CLIENT_CONFIRMATION_OK"
4816,10402091778,10402091818,1,"IOTHUB_CLIENT_CONFIRMATION_OK"
4817,10402091978,10402092016,1,"IOTHUB_CLIENT_CONFIRMATION_OK"
4818,10402092178,10402092214,1,"IOTHUB_CLIENT_CONFIRMATION_OK"
4819,10402092379,10402092411,1,"IOTHUB_CLIENT_CONFIRMATION_OK"
4820,10402092579,10402092785,1,"IOTHUB_CLIENT_CONFIRMATION_OK"
4821,10402092779,10402092823,1,"IOTHUB_CLIENT_CONFIRMATION_OK"
4822,10402092979,10402093038,1,"IOTHUB_CLIENT_CONFIRMATION_OK"
4823,10402093179,10402093218,1,"IOTHUB_CLIENT_CONFIRMATION_OK"
4824,10402093379,10402093434,1,"IOTHUB_CLIENT_CONFIRMATION_OK"
4825,10402093580,10402093624,1,"IOTHUB_CLIENT_CONFIRMATION_OK"
4826,10402093780,10402093810,1,"IOTHUB_CLIENT_CONFIRMATION_OK"
4827,10402093980,10402094023,1,"IOTHUB_CLIENT_CONFIRMATION_OK"
4828,10402094180,10402094245,1,"IOTHUB_CLIENT_CONFIRMATION_OK"
4829,10402094380,10402094417,1,"IOTHUB_CLIENT_CONFIRMATION_OK"
4830,10402094580,10402094619,1,"IOTHUB_CLIENT_CONFIRMATION_OK"
4831,10402094781,10402094875,1,"IOTHUB_CLIENT_CONFIRMATION_OK"
4832,10402094981,10402095015,1,"IOTHUB_CLIENT_CONFIRMATION_OK"
4833,10402095181,10402095249,1,"IOTHUB_CLIENT_CONFIRMATION_OK"
4834,10402095381,10402095416,1,"IOTHUB_CLIENT_CONFIRMATION_OK"
4835,10402095581,10402095619,1,"IOTHUB_CLIENT_CONFIRMATION_OK"
4836,10402095781,10402095881,1,"IOTHUB_CLIENT_CONFIRMATION_OK"
4837,10402095982,10402096018,1,"IOTHUB_CLIENT_CONFIRMATION_OK"
4838,10402096182,10402096224,1,"IOTHUB_CLIENT_CONFIRMATION_OK"
4839,10402096382,10402096424,1,"IOTHUB_CLIENT_CONFIRMATION_OK"
4840,10402096582,10402096619,1,"IOTHUB_CLIENT_CONFIRMATION_OK"
4841,10402096782,10402096924,1,"IOTHUB_CLIENT_CONFIRMATION_OK"
4842,10402096982,10402097030,1,"IOTHUB_CLIENT_CONFIRMATION_OK"
4843,10402097183,10402097229,1,"IOTHUB_CLIENT_CONFIRMATION_OK"
4844,10402097383,10402097422,1,"IOTHUB_CLIENT_CONFIRMATION_OK"
4845,10402097583,10402097633,1,"IOTHUB_CLIENT_CONFIRMATION_OK"
4846,10402097783,10402097940,1,"IOTHUB_CLIENT_CONFIRMATION_OK"
4847,10402097983,10402098021,1,"IOTHUB_CLIENT_CONFIRMATION_OK"
4848,10402098183,10402098226,1,"IOTHUB_CLIENT_CONFIRMATION_OK"
4849,10402098384,10402098428,1,"IOTHUB_CLIENT_CONFIRMATION_OK"
4850,10402098584,10402098617,1,"IOTHUB_CLIENT_CONFIRMATION_OK"
4851,10402098784,10402099007,1,"IOTHUB_CLIENT_CONFIRMATION_OK"
4852,10402098984,10402099029,1,"IOTHUB_CLIENT_CONFIRMATION_OK"
4853,10402099184,10402099244,1,"IOTHUB_CLIENT_CONFIRMATION_OK"
4854,10402099384,10402099419,1,"IOTHUB_CLIENT_CONFIRMATION_OK"
4855,10402099585,10402099628,1,"IOTHUB_CLIENT_CONFIRMATION_OK"
4856,10402099785,10402099835,1,"IOTHUB_CLIENT_CONFIRMATION_OK"
4857,10402099985,10402100036,1,"IOTHUB_CLIENT_CONFIRMATION_OK"
4858,10402100185,10402100222,1,"IOTHUB_CLIENT_CONFIRMATION_OK"
4859,10402100385,10402100430,1,"IOTHUB_CLIENT_CONFIRMATION_OK"
4860,10402100585,10402100622,1,"IOTHUB_CLIENT_CONFIRMATION_OK"
4861,10402100786,10402100828,1,"IOTHUB_CLIENT_CONFIRMATION_OK"
4862,10402100986,10402101047,1,"IOTHUB_CLIENT_CONFIRMATION_OK"
4863,10402101186,10402101221,1,"IOTHUB_CLIENT_CONFIRMATION_OK"
4864,10402101386,10402101475,1,"IOTHUB_CLIENT_CONFIRMATION_OK"
4865,10402101586,10402101622,1,"IOTHUB_CLIENT_CONFIRMATION_OK"
4866,10402101786,10402101820,1,"IOTHUB_CLIENT_CONFIRMATION_OK"
4867,10402101987,10402102097,1,"IOTHUB_CLIENT_CONFIRMATION_OK"
4868,10402102187,10402102236,1,"IOTHUB_CLIENT_CONFIRMATION_OK"
4869,10402102387,10402102444,1,"IOTHUB_CLIENT_CONFIRMATION_OK"
4870,10402102587,10402102622,1,"IOTHUB_CLIENT_CONFIRMATION_OK"
4871,10402102787,10402102822,1,"IOTHUB_CLIENT_CONFIRMATION_OK"
4872,10402102987,10402103116,1,"IOTHUB_CLIENT_CONFIRMATION_OK"
4873,10402103187,10402103226,1,"IOTHUB_CLIENT_CONFIRMATION_OK"
4874,10402103388,10402103434,1,"IOTHUB_CLIENT_CONFIRMATION_OK"
4875,10402103588,10402103626,1,"IOTHUB_CLIENT_CONFIRMATION_OK"
4876,10402103788,10402103824,1,"IOTHUB_CLIENT_CONFIRMATION_OK"
4877,10402103988,10402104154,1,"IOTHUB_CLIENT_CONFIRMATION_OK"
4878,10402104188,10402104224,1,"IOTHUB_CLIENT_CONFIRMATION_OK"
4879,10402104388,10402104427,1,"IOTHUB_CLIENT_CONFIRMATION_OK"
4880,10402104589,10402104623,1,"IOTHUB_CLIENT_CONFIRMATION_OK"
4881,10402104789,10402104844,1,"IOTHUB_CLIENT_CONFIRMATION_OK"
4882,10402104989,10402105053,1,"IOTHUB_CLIENT_CONFIRMATION_OK"
4883,10402105189,10402105224,1,"IOTHUB_CLIENT_CONFIRMATION_OK"
4884,10402105389,10402105444,1,"IOTHUB_CLIENT_CONFIRMATION_OK"
4885,10402105589,10402105678,1,"IOTHUB_CLIENT_CONFIRMATION_OK"
4886,10402105789,10402105845,1,"IOTHUB_CLIENT_CONFIRMATION_OK"
4887,10402105990,10402106026,1,"IOTHUB_CLIENT_CONFIRMATION_OK"
4888,10402106190,10402106232,1,"IOTHUB_CLIENT_CONFIRMATION_OK"
4889,10402106390,10402106431,1,"IOTHUB_CLIENT_CONFIRMATION_OK"
4890,10402106590,10402106705,1,"IOTHUB_CLIENT_CONFIRMATION_OK"
4891,10402106790,10402106829,1,"IOTHUB_CLIENT_CONFIRMATION_OK"
4892,10402106991,10402107026,1,"IOTHUB_CLIENT_CONFIRMATION_OK"
4893,10402107191,10402107319,1,"IOTHUB_CLIENT_CONFIRMATION_OK"
4894,10402107391,10402107426,1,"IOTHUB_CLIENT_CONFIRMATION_OK"
4895,10402107591,10402107709,1,"IOTHUB_CLIENT_CONFIRMATION_OK"
4896,10402107791,10402107833,1,"IOTHUB_CLIENT_CONFIRMATION_OK"
4897,10402107991,10402108032,1,"IOTHUB_CLIENT_CONFIRMATION_OK"
4898,10402108191,10402108363,1,"IOTHUB_CLIENT_CONFIRMATION_OK"
4899,10402108392,10402108432,1,"IOTHUB_CLIENT_CONFIRMATION_OK"
4900,10402108592,10402108630,1,"IOTHUB_CLIENT_CONFIRMATION_OK"
4901,10402108792,10402108831,1,"IOTHUB_CLIENT_CONFIRMATION_OK"
4902,10402108992,10402109042,1,"IOTHUB_CLIENT_CONFIRMATION_OK"
4903,10402109192,10402109349,1,"IOTHUB_CLIENT_CONFIRMATION_OK"
4904,10402109392,10402109431,1,"IOTHUB_CLIENT_CONFIRMATION_OK"
4905,10402109593,10402109629,1,"IOTHUB_CLIENT_CONFIRMATION_OK"
4906,10402109793,10402109831,1,"IOTHUB_CLIENT_CONFIRMATION_OK"
4907,10402109993,10402110028,1,"IOTHUB_CLIENT_CONFIRMATION_OK"
4908,10402110193,10402110374,1,"IOTHUB_CLIENT_CONFIRMATION_OK"
4909,10402110393,10402110428,1,"IOTHUB_CLIENT_CONFIRMATION_OK"
4910,10402110593,10402110694,1,"IOTHUB_CLIENT_CONFIRMATION_OK"
4911,10402110794,10402110834,1,"IOTHUB_CLIENT_CONFIRMATION_OK"
4912,10402110994,10402111031,1,"IOTHUB_CLIENT_CONFIRMATION_OK"
4913,10402111194,10402111228,1,"IOTHUB_CLIENT_CONFIRMATION_OK"
4914,10402111394,10402111428,1,"IOTHUB_CLIENT_CONFIRMATION_OK"
4915,10402111594,10402111634,1,"IOTHUB_CLIENT_CONFIRMATION_OK"
4916,10402111794,10402111833,1,"IOTHUB_CLIENT_CONFIRMATION_OK"
4917,10402111995,10402112030,1,"IOTHUB_CLIENT_CONFIRMATION_OK"
4918,10402112195,10402112230,1,"IOTHUB_CLIENT_CONFIRMATION_OK"
4919,10402112395,10402112438,1,"IOTHUB_CLIENT_CONFIRMATION_OK"
4920,10402112595,10402112634,1,"IOTHUB_CLIENT_CONFIRMATION_OK"
4921,10402112800,10402112834,1,"IOTHUB_CLIENT_CONFIRMATION_OK"
4922,10402113000,10402113041,1,"IOTHUB_CLIENT_CONFIRMATION_OK"
4923,10402113200,10402113240,1,"IOTHUB_CLIENT_CONFIRMATION_OK"
4924,10402113400,10402113559,1,"IOTHUB_CLIENT_CONFIRMATION_OK"
4925,10402113600,10402113635,1,"IOTHUB_CLIENT_CONFIRMATION_OK"
4926,10402113800,10402113949,1,"IOTHUB_CLIENT_CONFIRMATION_OK"
4927,10402114001,10402114037,1,"IOTHUB_CLIENT_CONFIRMATION_OK"
4928,10402114201,10402114239,1,"IOTHUB_CLIENT_CONFIRMATION_OK"
4929,10402114401,10402114562,1,"IOTHUB_CLIENT_CONFIRMATION_OK"
4930,10402114601,10402114636,1,"IOTHUB_CLIENT_CONFIRMATION_OK"
4931,10402114801,10402114839,1,"IOTHUB_CLIENT_CONFIRMATION_OK"
4932,10402115001,10402115036,1,"IOTHUB_CLIENT_CONFIRMATION_OK"
4933,10402115202,10402115234,1,"IOTHUB_CLIENT_CONFIRMATION_OK"
4934,10402115402,10402115560,1,"IOTHUB_CLIENT_CONFIRMATION_OK"
4935,10402115602,10402115636,1,"IOTHUB_CLIENT_CONFIRMATION_OK"
4936,10402115802,10402115926,1,"IOTHUB_CLIENT_CONFIRMATION_OK"
4937,10402116002,10402116045,1,"IOTHUB_CLIENT_CONFIRMATION_OK"
4938,10402116202,10402116243,1,"IOTHUB_CLIENT_CONFIRMATION_OK"
4939,10402116402,10402116590,1,"IOTHUB_CLIENT_CONFIRMATION_OK"
4940,10402116603,10402116646,1,"IOTHUB_CLIENT_CONFIRMATION_OK"
4941,10402116803,10402116837,1,"IOTHUB_CLIENT_CONFIRMATION_OK"
4942,10402117003,10402117044,1,"IOTHUB_CLIENT_CONFIRMATION_OK"
4943,10402117203,10402117237,1,"IOTHUB_CLIENT_CONFIRMATION_OK"
4944,10402117403,10402117437,1,"IOTHUB_CLIENT_CONFIRMATION_OK"
4945,10402117603,10402117644,1,"IOTHUB_CLIENT_CONFIRMATION_OK"
4946,10402117803,10402117840,1,"IOTHUB_CLIENT_CONFIRMATION_OK"
4947,10402118004,10402118053,1,"IOTHUB_CLIENT_CONFIRMATION_OK"
4948,10402118204,10402118237,1,"IOTHUB_CLIENT_CONFIRMATION_OK"
4949,10402118404,10402118457,1,"IOTHUB_CLIENT_CONFIRMATION_OK"
4950,10402118604,10402118656,1,"IOTHUB_CLIENT_CONFIRMATION_OK"
4951,10402118804,10402118841,1,"IOTHUB_CLIENT_CONFIRMATION_OK"
4952,10402119004,10402119037,1,"IOTHUB_CLIENT_CONFIRMATION_OK"
4953,10402119205,10402119249,1,"IOTHUB_CLIENT_CONFIRMATION_OK"
4954,10402119405,10402119445,1,"IOTHUB_CLIENT_CONFIRMATION_OK"
4955,10402119605,10402119675,1,"IOTHUB_CLIENT_CONFIRMATION_OK"
4956,10402119805,10402119838,1,"IOTHUB_CLIENT_CONFIRMATION_OK"
4957,10402120005,10402120059,1,"IOTHUB_CLIENT_CONFIRMATION_OK"
4958,10402120205,10402120236,1,"IOTHUB_CLIENT_CONFIRMATION_OK"
4959,10402120406,10402120439,1,"IOTHUB_CLIENT_CONFIRMATION_OK"
4960,10402120606,10402120684,1,"IOTHUB_CLIENT_CONFIRMATION_OK"
4961,10402120806,10402120840,1,"IOTHUB_CLIENT_CONFIRMATION_OK"
4962,10402121006,10402121060,1,"IOTHUB_CLIENT_CONFIRMATION_OK"
4963,10402121206,10402121242,1,"IOTHUB_CLIENT_CONFIRMATION_OK"
4964,10402121406,10402121468,1,"IOTHUB_CLIENT_CONFIRMATION_OK"
4965,10402121606,10402121709,1,"IOTHUB_CLIENT_CONFIRMATION_OK"
4966,10402121807,10402121852,1,"IOTHUB_CLIENT_CONFIRMATION_OK"
4967,10402122007,10402122039,1,"IOTHUB_CLIENT_CONFIRMATION_OK"
4968,10402122207,10402122317,1,"IOTHUB_CLIENT_CONFIRMATION_OK"
4969,10402122407,10402122462,1,"IOTHUB_CLIENT_CONFIRMATION_OK"
4970,10402122607,10402122708,1,"IOTHUB_CLIENT_CONFIRMATION_OK"
4971,10402122807,10402122858,1,"IOTHUB_CLIENT_CONFIRMATION_OK"
4972,10402123008,10402123045,1,"IOTHUB_CLIENT_CONFIRMATION_OK"
4973,10402123208,10402123323,1,"IOTHUB_CLIENT_CONFIRMATION_OK"
4974,10402123408,10402123441,1,"IOTHUB_CLIENT_CONFIRMATION_OK"
4975,10402123608,10402123652,1,"IOTHUB_CLIENT_CONFIRMATION_OK"
4976,10402123808,10402123842,1,"IOTHUB_CLIENT_CONFIRMATION_OK"
4977,10402124008,10402124047,1,"IOTHUB_CLIENT_CONFIRMATION_OK"
4978,10402124208,10402124242,1,"IOTHUB_CLIENT_CONFIRMATION_OK"
4979,10402124409,10402124448,1,"IOTHUB_CLIENT_CONFIRMATION_OK"
4980,10402124609,10402124669,1,"IOTHUB_CLIENT_CONFIRMATION_OK"
4981,10402124809,10402124854,1,"IOTHUB_CLIENT_CONFIRMATION_OK"
4982,10402125009,10402125062,1,"IOTHUB_CLIENT_CONFIRMATION_OK"
4983,10402125209,10402125252,1,"IOTHUB_CLIENT_CONFIRMATION_OK"
4984,10402125409,10402125462,1,"IOTHUB_CLIENT_CONFIRMATION_OK"
4985,10402125610,10402125647,1,"IOTHUB_CLIENT_CONFIRMATION_OK"
4986,10402125810,10402125856,1,"IOTHUB_CLIENT_CONFIRMATION_OK"
4987,10402126010,10402126053,1,"IOTHUB_CLIENT_CONFIRMATION_OK"
4988,10402126210,10402126256,1,"IOTHUB_CLIENT_CONFIRMATION_OK"
4989,10402126410,10402126447,1,"IOTHUB_CLIENT_CONFIRMATION_OK"
4990,10402126610,10402126651,1,"IOTHUB_CLIENT_CONFIRMATION_OK"
4991,10402126811,10402126892,1,"IOTHUB_CLIENT_CONFIRMATION_OK"
4992,10402127011,10402127045,1,"IOTHUB_CLIENT_CONFIRMATION_OK"
4993,10402127211,10402127253,1,"IOTHUB_CLIENT_CONFIRMATION_OK"
4994,10402127411,10402127442,1,"IOTHUB_CLIENT_CONFIRMATION_OK"
4995,10402127611,10402127650,1,"IOTHUB_CLIENT_CONFIRMATION_OK"
4996,10402127811,10402127918,1,"IOTHUB_CLIENT_CONFIRMATION_OK"
4997,10402128012,10402128048,1,"IOTHUB_CLIENT_CONFIRMATION_OK"
4998,10402128212,10402128244,1,"IOTHUB_CLIENT_CONFIRMATION_OK"
4999,10402128412,10402128529,1,"IOTHUB_CLIENT_CONFIRMATION_OK"
5000,10402128612,10402128702,1,"IOTHUB_CLIENT_CONFIRMATION_OK"
5001,10402128812,10402128943,1,"IOTHUB_CLIENT_CONFIRMATION_OK"
5002,10402129012,10402129055,1,"IOTHUB_CLIENT_CONFIRMATION_OK"
5003,10402129213,10402129248,1,"IOTHUB_CLIENT_CONFIRMATION_OK"
5004,10402129413,10402129545,1,"IOTHUB_CLIENT_CONFIRMATION_OK"
5005,10402129613,10402129646,1,"IOTHUB_CLIENT_CONFIRMATION_OK"
5006,10402129813,10402129850,1,"IOTHUB_CLIENT_CONFIRMATION_OK"
5007,10402130013,10402130045,1,"IOTHUB_CLIENT_CONFIRMATION_OK"
5008,10402130213,10402130247,1,"IOTHUB_CLIENT_CONFIRMATION_OK"
5009,10402130413,10402130557,1,"IOTHUB_CLIENT_CONFIRMATION_OK"
5010,10402130614,10402130656,1,"IOTHUB_CLIENT_CONFIRMATION_OK"
5011,10402130814,10402130849,1,"IOTHUB_CLIENT_CONFIRMATION_OK"
5012,10402131014,10402131054,1,"IOTHUB_CLIENT_CONFIRMATION_OK"
5013,10402131214,10402131251,1,"IOTHUB_CLIENT_CONFIRMATION_OK"
5014,10402131414,10402131582,1,"IOTHUB_CLIENT_CONFIRMATION_OK"
5015,10402131614,10402131755,1,"IOTHUB_CLIENT_CONFIRMATION_OK"
5016,10402131815,10402131863,1,"IOTHUB_CLIENT_CONFIRMATION_OK"
5017,10402132015,10402132047,1,"IOTHUB_CLIENT_CONFIRMATION_OK"
5018,10402132215,10402132248,1,"IOTHUB_CLIENT_CONFIRMATION_OK"
5019,10402132415,10402132450,1,"IOTHUB_CLIENT_CONFIRMATION_OK"
5020,10402132615,10402132655,1,"IOTHUB_CLIENT_CONFIRMATION_OK"
5021,10402132815,10402132855,1,"IOTHUB_CLIENT_CONFIRMATION_OK"
5022,10402133016,10402133048,1,"IOTHUB_CLIENT_CONFIRMATION_OK"
5023,10402133216,10402133249,1,"IOTHUB_CLIENT_CONFIRMATION_OK"
5024,10402133416,10402133456,1,"IOTHUB_CLIENT_CONFIRMATION_OK"
5025,10402133616,10402133650,1,"IOTHUB_CLIENT_CONFIRMATION_OK"
5026,10402133816,10402133850,1,"IOTHUB_CLIENT_CONFIRMATION_OK"
5027,10402134016,10402134053,1,"IOTHUB_CLIENT_CONFIRMATION_OK"
5028,10402134216,10402134251,1,"IOTHUB_CLIENT_CONFIRMATION_OK"
5029,10402134417,10402134483,1,"IOTHUB_CLIENT_CONFIRMATION_OK"
5030,10402134617,10402134674,1,"IOTHUB_CLIENT_CONFIRMATION_OK"
5031,10402134817,10402134854,1,"IOTHUB_CLIENT_CONFIRMATION_OK"
5032,10402135017,10402135108,1,"IOTHUB_CLIENT_CONFIRMATION_OK"
5033,10402135217,10402135321,1,"IOTHUB_CLIENT_CONFIRMATION_OK"
5034,10402135417,10402135449,1,"IOTHUB_CLIENT_CONFIRMATION_OK"
5035,10402135618,10402135728,1,"IOTHUB_CLIENT_CONFIRMATION_OK"
5036,10402135818,10402135859,1,"IOTHUB_CLIENT_CONFIRMATION_OK"
5037,10402136018,10402136055,1,"IOTHUB_CLIENT_CONFIRMATION_OK"
5038,10402136218,10402136265,1,"IOTHUB_CLIENT_CONFIRMATION_OK"
5039,10402136418,10402136459,1,"IOTHUB_CLIENT_CONFIRMATION_OK"
5040,10402136618,10402136747,1,"IOTHUB_CLIENT_CONFIRMATION_OK"
5041,10402136819,10402136853,1,"IOTHUB_CLIENT_CONFIRMATION_OK"
5042,10402137019,10402137074,1,"IOTHUB_CLIENT_CONFIRMATION_OK"
5043,10402137219,10402137263,1,"IOTHUB_CLIENT_CONFIRMATION_OK"
5044,10402137419,10402137452,1,"IOTHUB_CLIENT_CONFIRMATION_OK"
5045,10402137619,10402137768,1,"IOTHUB_CLIENT_CONFIRMATION_OK"
5046,10402137819,10402137873,1,"IOTHUB_CLIENT_CONFIRMATION_OK"
5047,10402138019,10402138053,1,"IOTHUB_CLIENT_CONFIRMATION_OK"
5048,10402138220,10402138266,1,"IOTHUB_CLIENT_CONFIRMATION_OK"
5049,10402138420,10402138454,1,"IOTHUB_CLIENT_CONFIRMATION_OK"
5050,10402138620,10402138653,1,"IOTHUB_CLIENT_CONFIRMATION_OK"
5051,10402138820,10402138854,1,"IOTHUB_CLIENT_CONFIRMATION_OK"
5052,10402139020,10402139054,1,"IOTHUB_CLIENT_CONFIRMATION_OK"
5053,10402139220,10402139395,1,"IOTHUB_CLIENT_CONFIRMATION_OK"
5054,10402139421,10402139465,1,"IOTHUB_CLIENT_CONFIRMATION_OK"
5055,10402139621,10402139655,1,"IOTHUB_CLIENT_CONFIRMATION_OK"
5056,10402139821,10402139854,1,"IOTHUB_CLIENT_CONFIRMATION_OK"
5057,10402140021,10402140054,1,"IOTHUB_CLIENT_CONFIRMATION_OK"
5058,10402140221,10402140438,1,"IOTHUB_CLIENT_CONFIRMATION_OK"
5059,10402140421,10402140455,1,"IOTHUB_CLIENT_CONFIRMATION_OK"
5060,10402140622,10402140657,1,"IOTHUB_CLIENT_CONFIRMATION_OK"
5061,10402140822,10402140856,1,"IOTHUB_CLIENT_CONFIRMATION_OK"
5062,10402141022,10402141059,1,"IOTHUB_CLIENT_CONFIRMATION_OK"
5063,10402141222,10402141265,1,"IOTHUB_CLIENT_CONFIRMATION_OK"
5064,10402141422,10402141517,1,"IOTHUB_CLIENT_CONFIRMATION_OK"
5065,10402141622,10402141684,1,"IOTHUB_CLIENT_CONFIRMATION_OK"
5066,10402141823,10402141911,1,"IOTHUB_CLIENT_CONFIRMATION_OK"
5067,10402142023,10402142060,1,"IOTHUB_CLIENT_CONFIRMATION_OK"
5068,10402142223,10402142255,1,"IOTHUB_CLIENT_CONFIRMATION_OK"
5069,10402142423,10402142460,1,"IOTHUB_CLIENT_CONFIRMATION_OK"
5070,10402142623,10402142661,1,"IOTHUB_CLIENT_CONFIRMATION_OK"
5071,10402142823,10402142963,1,"IOTHUB_CLIENT_CONFIRMATION_OK"
5072,10402143024,10402143077,1,"IOTHUB_CLIENT_CONFIRMATION_OK"
5073,10402143224,10402143262,1,"IOTHUB_CLIENT_CONFIRMATION_OK"
5074,10402143424,10402143462,1,"IOTHUB_CLIENT_CONFIRMATION_OK"
5075,10402143624,10402143660,1,"IOTHUB_CLIENT_CONFIRMATION_OK"
5076,10402143824,10402144069,1,"IOTHUB_CLIENT_CONFIRMATION_OK"
5077,10402144024,10402144091,1,"IOTHUB_CLIENT_CONFIRMATION_OK"
5078,10402144225,10402144257,1,"IOTHUB_CLIENT_CONFIRMATION_OK"
5079,10402144425,10402144484,1,"IOTHUB_CLIENT_CONFIRMATION_OK"
5080,10402144625,10402144658,1,"IOTHUB_CLIENT_CONFIRMATION_OK"
5081,10402144825,10402144866,1,"IOTHUB_CLIENT_CONFIRMATION_OK"
5082,10402145025,10402145096,1,"IOTHUB_CLIENT_CONFIRMATION_OK"
5083,10402145225,10402145260,1,"IOTHUB_CLIENT_CONFIRMATION_OK"
5084,10402145426,10402145500,1,"IOTHUB_CLIENT_CONFIRMATION_OK"
5085,10402145626,10402145664,1,"IOTHUB_CLIENT_CONFIRMATION_OK"
5086,10402145826,10402145860,1,"IOTHUB_CLIENT_CONFIRMATION_OK"
5087,10402146026,10402146107,1,"IOTHUB_CLIENT_CONFIRMATION_OK"
5088,10402146226,10402146267,1,"IOTHUB_CLIENT_CONFIRMATION_OK"
5089,10402146426,10402146519,1,"IOTHUB_CLIENT_CONFIRMATION_OK"
5090,10402146627,10402146668,1,"IOTHUB_CLIENT_CONFIRMATION_OK"
5091,10402146827,10402146870,1,"IOTHUB_CLIENT_CONFIRMATION_OK"
5092,10402147027,10402147127,1,"IOTHUB_CLIENT_CONFIRMATION_OK"
5093,10402147227,10402147258,1,"IOTHUB_CLIENT_CONFIRMATION_OK"
5094,10402147427,10402147506,1,"IOTHUB_CLIENT_CONFIRMATION_OK"
5095,10402147627,10402147679,1,"IOTHUB_CLIENT_CONFIRMATION_OK"
5096,10402147827,10402147864,1,"IOTHUB_CLIENT_CONFIRMATION_OK"
5097,10402148028,10402148166,1,"IOTHUB_CLIENT_CONFIRMATION_OK"
5098,10402148228,10402148261,1,"IOTHUB_CLIENT_CONFIRMATION_OK"
5099,10402148428,10402148468,1,"IOTHUB_CLIENT_CONFIRMATION_OK"
5100,10402148628,10402148660,1,"IOTHUB_CLIENT_CONFIRMATION_OK"
5101,10402148828,10402148860,1,"IOTHUB_CLIENT_CONFIRMATION_OK"
5102,10402149028,10402149201,1,"IOTHUB_CLIENT_CONFIRMATION_OK"
5103,10402149229,10402149270,1,"IOTHUB_CLIENT_CONFIRMATION_OK"
5104,10402149429,10402149470,1,"IOTHUB_CLIENT_CONFIRMATION_OK"
5105,10402149629,10402149662,1,"IOTHUB_CLIENT_CONFIRMATION_OK"
5106,10402149829,10402149863,1,"IOTHUB_CLIENT_CONFIRMATION_OK"
5107,10402150029,10402150214,1,"IOTHUB_CLIENT_CONFIRMATION_OK"
5108,10402150229,10402150264,1,"IOTHUB_CLIENT_CONFIRMATION_OK"
5109,10402150429,10402150462,1,"IOTHUB_CLIENT_CONFIRMATION_OK"
5110,10402150630,10402150665,1,"IOTHUB_CLIENT_CONFIRMATION_OK"
5111,10402150830,10402150864,1,"IOTHUB_CLIENT_CONFIRMATION_OK"
5112,10402151030,10402151061,1,"IOTHUB_CLIENT_CONFIRMATION_OK"
5113,10402151230,10402151273,1,"IOTHUB_CLIENT_CONFIRMATION_OK"
5114,10402151430,10402151468,1,"IOTHUB_CLIENT_CONFIRMATION_OK"
5115,10402151630,10402151698,1,"IOTHUB_CLIENT_CONFIRMATION_OK"
5116,10402151831,10402151864,1,"IOTHUB_CLIENT_CONFIRMATION_OK"
5117,10402152031,10402152075,1,"IOTHUB_CLIENT_CONFIRMATION_OK"
5118,10402152231,10402152301,1,"IOTHUB_CLIENT_CONFIRMATION_OK"
5119,10402152431,10402152485,1,"IOTHUB_CLIENT_CONFIRMATION_OK"
5120,10402152631,10402152682,1,"IOTHUB_CLIENT_CONFIRMATION_OK"
5121,10402152831,10402152871,1,"IOTHUB_CLIENT_CONFIRMATION_OK"
5122,10402153032,10402153694,1,"IOTHUB_CLIENT_CONFIRMATION_OK"
5123,10402153232,10402153758,1,"IOTHUB_CLIENT_CONFIRMATION_OK"
5124,10402153432,10402153949,1,"IOTHUB_CLIENT_CONFIRMATION_OK"
5125,10402153632,10402153994,1,"IOTHUB_CLIENT_CONFIRMATION_OK"
5126,10402153832,10402154020,1,"IOTHUB_CLIENT_CONFIRMATION_OK"
5127,10402154032,10402154065,1,"IOTHUB_CLIENT_CONFIRMATION_OK"
5128,10402154233,10402154306,1,"IOTHUB_CLIENT_CONFIRMATION_OK"
5129,10402154433,10402154474,1,"IOTHUB_CLIENT_CONFIRMATION_OK"
5130,10402154633,10402154664,1,"IOTHUB_CLIENT_CONFIRMATION_OK"
5131,10402154833,10402154957,1,"IOTHUB_CLIENT_CONFIRMATION_OK"
5132,10402155033,10402155069,1,"IOTHUB_CLIENT_CONFIRMATION_OK"
5133,10402155233,10402155360,1,"IOTHUB_CLIENT_CONFIRMATION_OK"
5134,10402155434,10402155477,1,"IOTHUB_CLIENT_CONFIRMATION_OK"
5135,10402155634,10402155669,1,"IOTHUB_CLIENT_CONFIRMATION_OK"
5136,10402155834,10402155868,1,"IOTHUB_CLIENT_CONFIRMATION_OK"
5137,10402156034,10402156073,1,"IOTHUB_CLIENT_CONFIRMATION_OK"
5138,10402156234,10402156268,1,"IOTHUB_CLIENT_CONFIRMATION_OK"
5139,10402156434,10402156479,1,"IOTHUB_CLIENT_CONFIRMATION_OK"
5140,10402156634,10402156669,1,"IOTHUB_CLIENT_CONFIRMATION_OK"
5141,10402156835,10402156877,1,"IOTHUB_CLIENT_CONFIRMATION_OK"
5142,10402157035,10402157072,1,"IOTHUB_CLIENT_CONFIRMATION_OK"
5143,10402157235,10402157267,1,"IOTHUB_CLIENT_CONFIRMATION_OK"
5144,10402157435,10402157483,1,"IOTHUB_CLIENT_CONFIRMATION_OK"
5145,10402157635,10402157684,1,"IOTHUB_CLIENT_CONFIRMATION_OK"
5146,10402157835,10402157884,1,"IOTHUB_CLIENT_CONFIRMATION_OK"
5147,10402158036,10402158070,1,"IOTHUB_CLIENT_CONFIRMATION_OK"
5148,10402158236,10402158279,1,"IOTHUB_CLIENT_CONFIRMATION_OK"
5149,10402158436,10402158495,1,"IOTHUB_CLIENT_CONFIRMATION_OK"
5150,10402158636,10402158671,1,"IOTHUB_CLIENT_CONFIRMATION_OK"
5151,10402158836,10402158907,1,"IOTHUB_CLIENT_CONFIRMATION_OK"
5152,10402159036,10402159076,1,"IOTHUB_CLIENT_CONFIRMATION_OK"
5153,10402159237,10402159269,1,"IOTHUB_CLIENT_CONFIRMATION_OK"
5154,10402159437,10402159522,1,"IOTHUB_CLIENT_CONFIRMATION_OK"
5155,10402159637,10402159670,1,"IOTHUB_CLIENT_CONFIRMATION_OK"
5156,10402159837,10402159879,1,"IOTHUB_CLIENT_CONFIRMATION_OK"
5157,10402160037,10402160075,1,"IOTHUB_CLIENT_CONFIRMATION_OK"
5158,10402160237,10402160278,1,"IOTHUB_CLIENT_CONFIRMATION_OK"
5159,10402160438,10402160527,1,"IOTHUB_CLIENT_CONFIRMATION_OK"
5160,10402160638,10402160671,1,"IOTHUB_CLIENT_CONFIRMATION_OK"
5161,10402160838,10402160882,1,"IOTHUB_CLIENT_CONFIRMATION_OK"
5162,10402161038,10402161140,1,"IOTHUB_CLIENT_CONFIRMATION_OK"
5163,10402161238,10402161274,1,"IOTHUB_CLIENT_CONFIRMATION_OK"
5164,10402161438,10402161586,1,"IOTHUB_CLIENT_CONFIRMATION_OK"
5165,10402161639,10402161670,1,"IOTHUB_CLIENT_CONFIRMATION_OK"
5166,10402161839,10402161881,1,"IOTHUB_CLIENT_CONFIRMATION_OK"
5167,10402162039,10402162071,1,"IOTHUB_CLIENT_CONFIRMATION_OK"
5168,10402162239,10402162279,1,"IOTHUB_CLIENT_CONFIRMATION_OK"
5169,10402162439,10402162485,1,"IOTHUB_CLIENT_CONFIRMATION_OK"
5170,10402162639,10402162674,1,"IOTHUB_CLIENT_CONFIRMATION_OK"
5171,10402162840,10402162879,1,"IOTHUB_CLIENT_CONFIRMATION_OK"
5172,10402163040,10402163072,1,"IOTHUB_CLIENT_CONFIRMATION_OK"
5173,10402163240,10402163280,1,"IOTHUB_CLIENT_CONFIRMATION_OK"
5174,10402163440,10402163479,1,"IOTHUB_CLIENT_CONFIRMATION_OK"
5175,10402163640,10402163703,1,"IOTHUB_CLIENT_CONFIRMATION_OK"
5176,10402163840,10402163873,1,"IOTHUB_CLIENT_CONFIRMATION_OK"
5177,10402164040,10402164074,1,"IOTHUB_CLIENT_CONFIRMATION_OK"
5178,10402164241,10402164296,1,"IOTHUB_CLIENT_CONFIRMATION_OK"
5179,10402164441,10402164481,1,"IOTHUB_CLIENT_CONFIRMATION_OK"
5180,10402164641,10402164680,1,"IOTHUB_CLIENT_CONFIRMATION_OK"
5181,10402164841,10402164899,1,"IOTHUB_CLIENT_CONFIRMATION_OK"
5182,10402165041,10402165261,1,"IOTHUB_CLIENT_CONFIRMATION_OK"
5183,10402165241,10402165293,1,"IOTHUB_CLIENT_CONFIRMATION_OK"
5184,10402165442,10402165475,1,"IOTHUB_CLIENT_CONFIRMATION_OK"
5185,10402165642,10402165677,1,"IOTHUB_CLIENT_CONFIRMATION_OK"
5186,10402165842,10402165897,1,"IOTHUB_CLIENT_CONFIRMATION_OK"
5187,10402166042,10402166078,1,"IOTHUB_CLIENT_CONFIRMATION_OK"
5188,10402166242,10402166295,1,"IOTHUB_CLIENT_CONFIRMATION_OK"
5189,10402166442,10402166484,1,"IOTHUB_CLIENT_CONFIRMATION_OK"
5190,10402166642,10402166701,1,"IOTHUB_CLIENT_CONFIRMATION_OK"
5191,10402166843,10402166874,1,"IOTHUB_CLIENT_CONFIRMATION_OK"
5192,10402167043,10402167093,1,"IOTHUB_CLIENT_CONFIRMATION_OK"
5193,10402167243,10402167334,1,"IOTHUB_CLIENT_CONFIRMATION_OK"
5194,10402167443,10402167485,1,"IOTHUB_CLIENT_CONFIRMATION_OK"
5195,10402167643,10402167733,1,"IOTHUB_CLIENT_CONFIRMATION_OK"
5196,10402167843,10402167896,1,"IOTHUB_CLIENT_CONFIRMATION_OK"
5197,10402168044,10402168097,1,"IOTHUB_CLIENT_CONFIRMATION_OK"
5198,10402168244,10402168351,1,"IOTHUB_CLIENT_CONFIRMATION_OK"
5199,10402168444,10402168484,1,"IOTHUB_CLIENT_CONFIRMATION_OK"
5200,10402168644,10402168790,1,"IOTHUB_CLIENT_CONFIRMATION_OK"
5201,10402168844,10402168914,1,"IOTHUB_CLIENT_CONFIRMATION_OK"
5202,10402169044,10402169079,1,"IOTHUB_CLIENT_CONFIRMATION_OK"
5203,10402169245,10402169286,1,"IOTHUB_CLIENT_CONFIRMATION_OK"
5204,10402169445,10402169480,1,"IOTHUB_CLIENT_CONFIRMATION_OK"
5205,10402169645,10402169772,1,"IOTHUB_CLIENT_CONFIRMATION_OK"
5206,10402169845,10402169997,1,"IOTHUB_CLIENT_CONFIRMATION_OK"
5207,10402170045,10402170083,1,"IOTHUB_CLIENT_CONFIRMATION_OK"
5208,10402170245,10402170421,1,"IOTHUB_CLIENT_CONFIRMATION_OK"
5209,10402170445,10402170497,1,"IOTHUB_CLIENT_CONFIRMATION_OK"
5210,10402170646,10402170687,1,"IOTHUB_CLIENT_CONFIRMATION_OK"
5211,10402170846,10402170883,1,"IOTHUB_CLIENT_CONFIRMATION_OK"
5212,10402171046,10402171077,1,"IOTHUB_CLIENT_CONFIRMATION_OK"
5213,10402171246,10402171281,1,"IOTHUB_CLIENT_CONFIRMATION_OK"
5214,10402171446,10402171478,1,"IOTHUB_CLIENT_CONFIRMATION_OK"
5215,10402171646,10402171685,1,"IOTHUB_CLIENT_CONFIRMATION_OK"
5216,10402171847,10402172134,1,"IOTHUB_CLIENT_CONFIRMATION_OK"
5217,10402172047,10402172156,1,"IOTHUB_CLIENT_CONFIRMATION_OK"
5218,10402172247,10402172280,1,"IOTHUB_CLIENT_CONFIRMATION_OK"
5219,10402172447,10402172525,1,"IOTHUB_CLIENT_CONFIRMATION_OK"
5220,10402172647,10402172680,1,"IOTHUB_CLIENT_CONFIRMATION_OK"
5221,10402172847,10402172942,1,"IOTHUB_CLIENT_CONFIRMATION_OK"
5222,10402173048,10402173089,1,"IOTHUB_CLIENT_CONFIRMATION_OK"
5223,10402173248,10402173280,1,"IOTHUB_CLIENT_CONFIRMATION_OK"
5224,10402173448,10402173552,1,"IOTHUB_CLIENT_CONFIRMATION_OK"
5225,10402173648,10402173695,1,"IOTHUB_CLIENT_CONFIRMATION_OK"
5226,10402173848,10402173987,1,"IOTHUB_CLIENT_CONFIRMATION_OK"
5227,10402174048,10402174085,1,"IOTHUB_CLIENT_CONFIRMATION_OK"
5228,10402174249,10402174280,1,"IOTHUB_CLIENT_CONFIRMATION_OK"
5229,10402174449,10402174604,1,"IOTHUB_CLIENT_CONFIRMATION_OK"
5230,10402174649,10402174741,1,"IOTHUB_CLIENT_CONFIRMATION_OK"
5231,10402174849,10402174882,1,"IOTHUB_CLIENT_CONFIRMATION_OK"
5232,10402175049,10402175083,1,"IOTHUB_CLIENT_CONFIRMATION_OK"
5233,10402175249,10402175288,1,"IOTHUB_CLIENT_CONFIRMATION_OK"
5234,10402175449,10402175597,1,"IOTHUB_CLIENT_CONFIRMATION_OK"
5235,10402175650,10402175681,1,"IOTHUB_CLIENT_CONFIRMATION_OK"
5236,10402175850,10402175886,1,"IOTHUB_CLIENT_CONFIRMATION_OK"
5237,10402176050,10402176087,1,"IOTHUB_CLIENT_CONFIRMATION_OK"
5238,10402176250,10402176288,1,"IOTHUB_CLIENT_CONFIRMATION_OK"
5239,10402176450,10402176628,1,"IOTHUB_CLIENT_CONFIRMATION_OK"
5240,10402176650,10402176696,1,"IOTHUB_CLIENT_CONFIRMATION_OK"
5241,10402176851,10402176891,1,"IOTHUB_CLIENT_CONFIRMATION_OK"
5242,10402177051,10402177082,1,"IOTHUB_CLIENT_CONFIRMATION_OK"
5243,10402177251,10402177284,1,"IOTHUB_CLIENT_CONFIRMATION_OK"
5244,10402177451,10402177491,1,"IOTHUB_CLIENT_CONFIRMATION_OK"
5245,10402177651,10402177701,1,"IOTHUB_CLIENT_CONFIRMATION_OK"
5246,10402177851,10402177886,1,"IOTHUB_CLIENT_CONFIRMATION_OK"
5247,10402178052,10402178250,1,"IOTHUB_CLIENT_CONFIRMATION_OK"
5248,10402178252,10402178303,1,"IOTHUB_CLIENT_CONFIRMATION_OK"
5249,10402178452,10402178490,1,"IOTHUB_CLIENT_CONFIRMATION_OK"
5250,10402178652,10402178689,1,"IOTHUB_CLIENT_CONFIRMATION_OK"
5251,10402178852,10402178886,1,"IOTHUB_CLIENT_CONFIRMATION_OK"
5252,10402179052,10402179093,1,"IOTHUB_CLIENT_CONFIRMATION_OK"
5253,10402179253,10402179292,1,"IOTHUB_CLIENT_CONFIRMATION_OK"
5254,10402179453,10402179494,1,"IOTHUB_CLIENT_CONFIRMATION_OK"
5255,10402179653,10402179696,1,"IOTHUB_CLIENT_CONFIRMATION_OK"
5256,10402179853,10402179905,1,"IOTHUB_CLIENT_CONFIRMATION_OK"
5257,10402180053,10402180204,1,"IOTHUB_CLIENT_CONFIRMATION_OK"
5258,10402180253,10402180324,1,"IOTHUB_CLIENT_CONFIRMATION_OK"
5259,10402180453,10402180485,1,"IOTHUB_CLIENT_CONFIRMATION_OK"
5260,10402180654,10402180686,1,"IOTHUB_CLIENT_CONFIRMATION_OK"
5261,10402180854,10402180887,1,"IOTHUB_CLIENT_CONFIRMATION_OK"
5262,10402181054,10402181083,1,"IOTHUB_CLIENT_CONFIRMATION_OK"
5263,10402181254,10402181305,1,"IOTHUB_CLIENT_CONFIRMATION_OK"
5264,10402181454,10402181497,1,"IOTHUB_CLIENT_CONFIRMATION_OK"
5265,10402181654,10402181729,1,"IOTHUB_CLIENT_CONFIRMATION_OK"
5266,10402181855,10402181893,1,"IOTHUB_CLIENT_CONFIRMATION_OK"
5267,10402182055,10402182091,1,"IOTHUB_CLIENT_CONFIRMATION_OK"
5268,10402182255,10402182343,1,"IOTHUB_CLIENT_CONFIRMATION_OK"
5269,10402182455,10402182488,1,"IOTHUB_CLIENT_CONFIRMATION_OK"
5270,10402182655,10402182732,1,"IOTHUB_CLIENT_CONFIRMATION_OK"
5271,10402182855,10402182888,1,"IOTHUB_CLIENT_CONFIRMATION_OK"
5272,10402183055,10402183093,1,"IOTHUB_CLIENT_CONFIRMATION_OK"
5273,10402183256,10402183339,1,"IOTHUB_CLIENT_CONFIRMATION_OK"
5274,10402183456,10402183489,1,"IOTHUB_CLIENT_CONFIRMATION_OK"
5275,10402183656,10402183713,1,"IOTHUB_CLIENT_CONFIRMATION_OK"
5276,10402183856,10402183893,1,"IOTHUB_CLIENT_CONFIRMATION_OK"
5277,10402184056,10402184090,1,"IOTHUB_CLIENT_CONFIRMATION_OK"
5278,10402184256,10402184355,1,"IOTHUB_CLIENT_CONFIRMATION_OK"
5279,10402184457,10402184511,1,"IOTHUB_CLIENT_CONFIRMATION_OK"
5280,10402184657,10402184688,1,"IOTHUB_CLIENT_CONFIRMATION_OK"
5281,10402184857,10402184920,1,"IOTHUB_CLIENT_CONFIRMATION_OK"
5282,10402185057,10402185093,1,"IOTHUB_CLIENT_CONFIRMATION_OK"
5283,10402185257,10402185382,1,"IOTHUB_CLIENT_CONFIRMATION_OK"
5284,10402185457,10402185490,1,"IOTHUB_CLIENT_CONFIRMATION_OK"
5285,10402185658,10402185726,1,"IOTHUB_CLIENT_CONFIRMATION_OK"
5286,10402185858,10402185991,1,"IOTHUB_CLIENT_CONFIRMATION_OK"
5287,10402186058,10402186097,1,"IOTHUB_CLIENT_CONFIRMATION_OK"
5288,10402186258,10402186290,1,"IOTHUB_CLIENT_CONFIRMATION_OK"
5289,10402186458,10402186497,1,"IOTHUB_CLIENT_CONFIRMATION_OK"
5290,10402186658,10402186693,1,"IOTHUB_CLIENT_CONFIRMATION_OK"
5291,10402186859,10402187000,1,"IOTHUB_CLIENT_CONFIRMATION_OK"
5292,10402187059,10402187102,1,"IOTHUB_CLIENT_CONFIRMATION_OK"
5293,10402187259,10402187292,1,"IOTHUB_CLIENT_CONFIRMATION_OK"
5294,10402187459,10402187504,1,"IOTHUB_CLIENT_CONFIRMATION_OK"
5295,10402187659,10402187702,1,"IOTHUB_CLIENT_CONFIRMATION_OK"
5296,10402187859,10402188020,1,"IOTHUB_CLIENT_CONFIRMATION_OK"
5297,10402188060,10402188106,1,"IOTHUB_CLIENT_CONFIRMATION_OK"
5298,10402188260,10402188327,1,"IOTHUB_CLIENT_CONFIRMATION_OK"
5299,10402188460,10402188516,1,"IOTHUB_CLIENT_CONFIRMATION_OK"
5300,10402188660,10402188695,1,"IOTHUB_CLIENT_CONFIRMATION_OK"
5301,10402188860,10402189029,1,"IOTHUB_CLIENT_CONFIRMATION_OK"
5302,10402189060,10402189099,1,"IOTHUB_CLIENT_CONFIRMATION_OK"
5303,10402189260,10402189300,1,"IOTHUB_CLIENT_CONFIRMATION_OK"
5304,10402189461,10402189499,1,"IOTHUB_CLIENT_CONFIRMATION_OK"
5305,10402189661,10402189740,1,"IOTHUB_CLIENT_CONFIRMATION_OK"
5306,10402189861,10402189907,1,"IOTHUB_CLIENT_CONFIRMATION_OK"
5307,10402190061,10402190097,1,"IOTHUB_CLIENT_CONFIRMATION_OK"
5308,10402190261,10402190301,1,"IOTHUB_CLIENT_CONFIRMATION_OK"
5309,10402190461,10402190502,1,"IOTHUB_CLIENT_CONFIRMATION_OK"
5310,10402190662,10402190706,1,"IOTHUB_CLIENT_CONFIRMATION_OK"
5311,10402190862,10402190898,1,"IOTHUB_CLIENT_CONFIRMATION_OK"
5312,10402191062,10402191100,1,"IOTHUB_CLIENT_CONFIRMATION_OK"
5313,10402191262,10402191322,1,"IOTHUB_CLIENT_CONFIRMATION_OK"
5314,10402191462,10402191496,1,"IOTHUB_CLIENT_CONFIRMATION_OK"
5315,10402191662,10402191695,1,"IOTHUB_CLIENT_CONFIRMATION_OK"
5316,10402191863,10402191911,1,"IOTHUB_CLIENT_CONFIRMATION_OK"
5317,10402192063,10402192187,1,"IOTHUB_CLIENT_CONFIRMATION_OK"
5318,10402192263,10402192297,1,"IOTHUB_CLIENT_CONFIRMATION_OK"
5319,10402192463,10402192508,1,"IOTHUB_CLIENT_CONFIRMATION_OK"
5320,10402192663,10402192698,1,"IOTHUB_CLIENT_CONFIRMATION_OK"
5321,10402192863,10402192899,1,"IOTHUB_CLIENT_CONFIRMATION_OK"
5322,10402193063,10402193099,1,"IOTHUB_CLIENT_CONFIRMATION_OK"
5323,10402193264,10402193298,1,"IOTHUB_CLIENT_CONFIRMATION_OK"
5324,10402193464,10402193509,1,"IOTHUB_CLIENT_CONFIRMATION_OK"
5325,10402193664,10402193706,1,"IOTHUB_CLIENT_CONFIRMATION_OK"
5326,10402193864,10402193907,1,"IOTHUB_CLIENT_CONFIRMATION_OK"
5327,10402194064,10402194102,1,"IOTHUB_CLIENT_CONFIRMATION_OK"
5328,10402194264,10402194297,1,"IOTHUB_CLIENT_CONFIRMATION_OK"
5329,10402194465,10402194504,1,"IOTHUB_CLIENT_CONFIRMATION_OK"
5330,10402194665,10402194717,1,"IOTHUB_CLIENT_CONFIRMATION_OK"
5331,10402194865,10402194899,1,"IOTHUB_CLIENT_CONFIRMATION_OK"
5332,10402195065,10402195117,1,"IOTHUB_CLIENT_CONFIRMATION_OK"
5333,10402195265,10402195355,1,"IOTHUB_CLIENT_CONFIRMATION_OK"
5334,10402195465,10402195506,1,"IOTHUB_CLIENT_CONFIRMATION_OK"
5335,10402195666,10402195770,1,"IOTHUB_CLIENT_CONFIRMATION_OK"
5336,10402195866,10402195900,1,"IOTHUB_CLIENT_CONFIRMATION_OK"
5337,10402196066,10402196107,1,"IOTHUB_CLIENT_CONFIRMATION_OK"
5338,10402196266,10402196317,1,"IOTHUB_CLIENT_CONFIRMATION_OK"
5339,10402196466,10402196500,1,"IOTHUB_CLIENT_CONFIRMATION_OK"
5340,10402196666,10402196777,1,"IOTHUB_CLIENT_CONFIRMATION_OK"
5341,10402196867,10402196901,1,"IOTHUB_CLIENT_CONFIRMATION_OK"
5342,10402197067,10402197127,1,"IOTHUB_CLIENT_CONFIRMATION_OK"
5343,10402197267,10402197301,1,"IOTHUB_CLIENT_CONFIRMATION_OK"
5344,10402197467,10402197500,1,"IOTHUB_CLIENT_CONFIRMATION_OK"
5345,10402197667,10402197806,1,"IOTHUB_CLIENT_CONFIRMATION_OK"
5346,10402197867,10402197901,1,"IOTHUB_CLIENT_CONFIRMATION_OK"
5347,10402198068,10402198134,1,"IOTHUB_CLIENT_CONFIRMATION_OK"
5348,10402198268,10402198453,1,"IOTHUB_CLIENT_CONFIRMATION_OK"
5349,10402198468,10402198508,1,"IOTHUB_CLIENT_CONFIRMATION_OK"
5350,10402198668,10402198701,1,"IOTHUB_CLIENT_CONFIRMATION_OK"
5351,10402198868,10402198902,1,"IOTHUB_CLIENT_CONFIRMATION_OK"
5352,10402199068,10402199122,1,"IOTHUB_CLIENT_CONFIRMATION_OK"
5353,10402199269,10402199311,1,"IOTHUB_CLIENT_CONFIRMATION_OK"
5354,10402199469,10402199510,1,"IOTHUB_CLIENT_CONFIRMATION_OK"
5355,10402199669,10402199708,1,"IOTHUB_CLIENT_CONFIRMATION_OK"
5356,10402199869,10402199906,1,"IOTHUB_CLIENT_CONFIRMATION_OK"
5357,10402200069,10402200101,1,"IOTHUB_CLIENT_CONFIRMATION_OK"
5358,10402200269,10402200470,1,"IOTHUB_CLIENT_CONFIRMATION_OK"
5359,10402200469,10402200502,1,"IOTHUB_CLIENT_CONFIRMATION_OK"
5360,10402200670,10402200705,1,"IOTHUB_CLIENT_CONFIRMATION_OK"
5361,10402200870,10402200910,1,"IOTHUB_CLIENT_CONFIRMATION_OK"
5362,10402201070,10402201144,1,"IOTHUB_CLIENT_CONFIRMATION_OK"
5363,10402201270,10402201304,1,"IOTHUB_CLIENT_CONFIRMATION_OK"
5364,10402201470,10402201519,1,"IOTHUB_CLIENT_CONFIRMATION_OK"
5365,10402201670,10402201710,1,"IOTHUB_CLIENT_CONFIRMATION_OK"
5366,10402201871,10402201998,1,"IOTHUB_CLIENT_CONFIRMATION_OK"
5367,10402202071,10402202107,1,"IOTHUB_CLIENT_CONFIRMATION_OK"
5368,10402202271,10402202309,1,"IOTHUB_CLIENT_CONFIRMATION_OK"
5369,10402202471,10402202514,1,"IOTHUB_CLIENT_CONFIRMATION_OK"
5370,10402202671,10402202709,1,"IOTHUB_CLIENT_CONFIRMATION_OK"
5371,10402202871,10402202976,1,"IOTHUB_CLIENT_CONFIRMATION_OK"
5372,10402203072,10402203106,1,"IOTHUB_CLIENT_CONFIRMATION_OK"
5373,10402203272,10402203318,1,"IOTHUB_CLIENT_CONFIRMATION_OK"
5374,10402203472,10402203505,1,"IOTHUB_CLIENT_CONFIRMATION_OK"
5375,10402203672,10402203710,1,"IOTHUB_CLIENT_CONFIRMATION_OK"
5376,10402203872,10402204031,1,"IOTHUB_CLIENT_CONFIRMATION_OK"
5377,10402204072,10402204110,1,"IOTHUB_CLIENT_CONFIRMATION_OK"
5378,10402204272,10402204317,1,"IOTHUB_CLIENT_CONFIRMATION_OK"
5379,10402204473,10402204507,1,"IOTHUB_CLIENT_CONFIRMATION_OK"
5380,10402204673,10402204709,1,"IOTHUB_CLIENT_CONFIRMATION_OK"
5381,10402204873,10402204913,1,"IOTHUB_CLIENT_CONFIRMATION_OK"
5382,10402205073,10402205109,1,"IOTHUB_CLIENT_CONFIRMATION_OK"
5383,10402205273,10402205313,1,"IOTHUB_CLIENT_CONFIRMATION_OK"
5384,10402205473,10402205505,1,"IOTHUB_CLIENT_CONFIRMATION_OK"
5385,10402205674,10402205711,1,"IOTHUB_CLIENT_CONFIRMATION_OK"
5386,10402205874,10402205909,1,"IOTHUB_CLIENT_CONFIRMATION_OK"
5387,10402206074,10402206113,1,"IOTHUB_CLIENT_CONFIRMATION_OK"
5388,10402206274,10402206307,1,"IOTHUB_CLIENT_CONFIRMATION_OK"
5389,10402206474,10402206514,1,"IOTHUB_CLIENT_CONFIRMATION_OK"
5390,10402206674,10402206716,1,"IOTHUB_CLIENT_CONFIRMATION_OK"
5391,10402206875,10402206909,1,"IOTHUB_CLIENT_CONFIRMATION_OK"
5392,10402207075,10402207124,1,"IOTHUB_CLIENT_CONFIRMATION_OK"
5393,10402207275,10402207316,1,"IOTHUB_CLIENT_CONFIRMATION_OK"
5394,10402207475,10402207513,1,"IOTHUB_CLIENT_CONFIRMATION_OK"
5395,10402207675,10402207721,1,"IOTHUB_CLIENT_CONFIRMATION_OK"
5396,10402207875,10402207916,1,"IOTHUB_CLIENT_CONFIRMATION_OK"
5397,10402208075,10402208120,1,"IOTHUB_CLIENT_CONFIRMATION_OK"
5398,10402208276,10402208317,1,"IOTHUB_CLIENT_CONFIRMATION_OK"
5399,10402208476,10402208510,1,"IOTHUB_CLIENT_CONFIRMATION_OK"
5400,10402208676,10402208749,1,"IOTHUB_CLIENT_CONFIRMATION_OK"
5401,10402208876,10402208908,1,"IOTHUB_CLIENT_CONFIRMATION_OK"
5402,10402209076,10402209154,1,"IOTHUB_CLIENT_CONFIRMATION_OK"
5403,10402209276,10402209310,1,"IOTHUB_CLIENT_CONFIRMATION_OK"
5404,10402209477,10402209568,1,"IOTHUB_CLIENT_CONFIRMATION_OK"
5405,10402209677,10402209779,1,"IOTHUB_CLIENT_CONFIRMATION_OK"
5406,10402209877,10402209917,1,"IOTHUB_CLIENT_CONFIRMATION_OK"
5407,10402210077,10402210167,1,"IOTHUB_CLIENT_CONFIRMATION_OK"
5408,10402210277,10402210315,1,"IOTHUB_CLIENT_CONFIRMATION_OK"
5409,10402210477,10402210515,1,"IOTHUB_CLIENT_CONFIRMATION_OK"
5410,10402210678,10402210773,1,"IOTHUB_CLIENT_CONFIRMATION_OK"
5411,10402210878,10402210938,1,"IOTHUB_CLIENT_CONFIRMATION_OK"
5412,10402211078,10402211119,1,"IOTHUB_CLIENT_CONFIRMATION_OK"
5413,10402211278,10402211317,1,"IOTHUB_CLIENT_CONFIRMATION_OK"
5414,10402211478,10402211523,1,"IOTHUB_CLIENT_CONFIRMATION_OK"
5415,10402211678,10402211809,1,"IOTHUB_CLIENT_CONFIRMATION_OK"
5416,10402211878,10402211927,1,"IOTHUB_CLIENT_CONFIRMATION_OK"
5417,10402212079,10402212113,1,"IOTHUB_CLIENT_CONFIRMATION_OK"
5418,10402212279,10402212317,1,"IOTHUB_CLIENT_CONFIRMATION_OK"
5419,10402212479,10402212528,1,"IOTHUB_CLIENT_CONFIRMATION_OK"
5420,10402212679,10402212890,1,"IOTHUB_CLIENT_CONFIRMATION_OK"
5421,10402212879,10402212916,1,"IOTHUB_CLIENT_CONFIRMATION_OK"
5422,10402213079,10402213118,1,"IOTHUB_CLIENT_CONFIRMATION_OK"
5423,10402213280,10402213318,1,"IOTHUB_CLIENT_CONFIRMATION_OK"
5424,10402213480,10402213511,1,"IOTHUB_CLIENT_CONFIRMATION_OK"
5425,10402213680,10402213715,1,"IOTHUB_CLIENT_CONFIRMATION_OK"
5426,10402213880,10402213919,1,"IOTHUB_CLIENT_CONFIRMATION_OK"
5427,10402214080,10402214118,1,"IOTHUB_CLIENT_CONFIRMATION_OK"
5428,10402214280,10402214434,1,"IOTHUB_CLIENT_CONFIRMATION_OK"
5429,10402214480,10402214522,1,"IOTHUB_CLIENT_CONFIRMATION_OK"
5430,10402214681,10402214717,1,"IOTHUB_CLIENT_CONFIRMATION_OK"
5431,10402214881,10402214917,1,"IOTHUB_CLIENT_CONFIRMATION_OK"
5432,10402215081,10402215113,1,"IOTHUB_CLIENT_CONFIRMATION_OK"
5433,10402215281,10402215453,1,"IOTHUB_CLIENT_CONFIRMATION_OK"
5434,10402215481,10402215596,1,"IOTHUB_CLIENT_CONFIRMATION_OK"
5435,10402215681,10402215716,1,"IOTHUB_CLIENT_CONFIRMATION_OK"
5436,10402215882,10402215915,1,"IOTHUB_CLIENT_CONFIRMATION_OK"
5437,10402216082,10402216116,1,"IOTHUB_CLIENT_CONFIRMATION_OK"
5438,10402216282,10402216317,1,"IOTHUB_CLIENT_CONFIRMATION_OK"
5439,10402216482,10402216515,1,"IOTHUB_CLIENT_CONFIRMATION_OK"
5440,10402216682,10402216730,1,"IOTHUB_CLIENT_CONFIRMATION_OK"
5441,10402216882,10402216918,1,"IOTHUB_CLIENT_CONFIRMATION_OK"
5442,10402217083,10402217124,1,"IOTHUB_CLIENT_CONFIRMATION_OK"
5443,10402217283,10402217324,1,"IOTHUB_CLIENT_CONFIRMATION_OK"
5444,10402217483,10402217529,1,"IOTHUB_CLIENT_CONFIRMATION_OK"
5445,10402217683,10402217718,1,"IOTHUB_CLIENT_CONFIRMATION_OK"
5446,10402217883,10402217923,1,"IOTHUB_CLIENT_CONFIRMATION_OK"
5447,10402218083,10402218115,1,"IOTHUB_CLIENT_CONFIRMATION_OK"
5448,10402218284,10402218318,1,"IOTHUB_CLIENT_CONFIRMATION_OK"
5449,10402218484,10402218545,1,"IOTHUB_CLIENT_CONFIRMATION_OK"
5450,10402218684,10402218717,1,"IOTHUB_CLIENT_CONFIRMATION_OK"
5451,10402218884,10402218944,1,"IOTHUB_CLIENT_CONFIRMATION_OK"
5452,10402219084,10402219125,1,"IOTHUB_CLIENT_CONFIRMATION_OK"
5453,10402219284,10402219319,1,"IOTHUB_CLIENT_CONFIRMATION_OK"
5454,10402219484,10402219565,1,"IOTHUB_CLIENT_CONFIRMATION_OK"
5455,10402219685,10402219723,1,"IOTHUB_CLIENT_CONFIRMATION_OK"
5456,10402219885,10402219924,1,"IOTHUB_CLIENT_CONFIRMATION_OK"
5457,10402220085,10402220123,1,"IOTHUB_CLIENT_CONFIRMATION_OK"
5458,10402220285,10402220343,1,"IOTHUB_CLIENT_CONFIRMATION_OK"
5459,10402220485,10402220576,1,"IOTHUB_CLIENT_CONFIRMATION_OK"
5460,10402220685,10402220722,1,"IOTHUB_CLIENT_CONFIRMATION_OK"
5461,10402220886,10402220925,1,"IOTHUB_CLIENT_CONFIRMATION_OK"
5462,10402221086,10402221194,1,"IOTHUB_CLIENT_CONFIRMATION_OK"
5463,10402221286,10402221326,1,"IOTHUB_CLIENT_CONFIRMATION_OK"
5464,10402221486,10402221589,1,"IOTHUB_CLIENT_CONFIRMATION_OK"
5465,10402221686,10402221729,1,"IOTHUB_CLIENT_CONFIRMATION_OK"
5466,10402221886,10402221931,1,"IOTHUB_CLIENT_CONFIRMATION_OK"
5467,10402222087,10402222205,1,"IOTHUB_CLIENT_CONFIRMATION_OK"
5468,10402222287,10402222326,1,"IOTHUB_CLIENT_CONFIRMATION_OK"
5469,10402222487,10402222528,1,"IOTHUB_CLIENT_CONFIRMATION_OK"
5470,10402222687,10402222727,1,"IOTHUB_CLIENT_CONFIRMATION_OK"
5471,10402222887,10402222919,1,"IOTHUB_CLIENT_CONFIRMATION_OK"
5472,10402223087,10402223218,1,"IOTHUB_CLIENT_CONFIRMATION_OK"
5473,10402223288,10402223329,1,"IOTHUB_CLIENT_CONFIRMATION_OK"
5474,10402223488,10402223526,1,"IOTHUB_CLIENT_CONFIRMATION_OK"
5475,10402223688,10402223726,1,"IOTHUB_CLIENT_CONFIRMATION_OK"
5476,10402223888,10402223928,1,"IOTHUB_CLIENT_CONFIRMATION_OK"
5477,10402224088,10402224231,1,"IOTHUB_CLIENT_CONFIRMATION_OK"
5478,10402224288,10402224327,1,"IOTHUB_CLIENT_CONFIRMATION_OK"
5479,10402224489,10402224527,1,"IOTHUB_CLIENT_CONFIRMATION_OK"
5480,10402224689,10402224730,1,"IOTHUB_CLIENT_CONFIRMATION_OK"
5481,10402224889,10402224922,1,"IOTHUB_CLIENT_CONFIRMATION_OK"
5482,10402225089,10402225242,1,"IOTHUB_CLIENT_CONFIRMATION_OK"
5483,10402225289,10402225323,1,"IOTHUB_CLIENT_CONFIRMATION_OK"
5484,10402225489,10402225528,1,"IOTHUB_CLIENT_CONFIRMATION_OK"
5485,10402225690,10402225736,1,"IOTHUB_CLIENT_CONFIRMATION_OK"
5486,10402225890,10402225931,1,"IOTHUB_CLIENT_CONFIRMATION_OK"
5487,10402226090,10402226124,1,"IOTHUB_CLIENT_CONFIRMATION_OK"
5488,10402226290,10402226328,1,"IOTHUB_CLIENT_CONFIRMATION_OK"
5489,10402226490,10402226537,1,"IOTHUB_CLIENT_CONFIRMATION_OK"
5490,10402226690,10402226837,1,"IOTHUB_CLIENT_CONFIRMATION_OK"
5491,10402226891,10402226924,1,"IOTHUB_CLIENT_CONFIRMATION_OK"
5492,10402227091,10402227138,1,"IOTHUB_CLIENT_CONFIRMATION_OK"
5493,10402227291,10402227331,1,"IOTHUB_CLIENT_CONFIRMATION_OK"
5494,10402227491,10402227528,1,"IOTHUB_CLIENT_CONFIRMATION_OK"
5495,10402227691,10402227881,1,"IOTHUB_CLIENT_CONFIRMATION_OK"
5496,10402227891,10402227932,1,"IOTHUB_CLIENT_CONFIRMATION_OK"
5497,10402228092,10402228124,1,"IOTHUB_CLIENT_CONFIRMATION_OK"
5498,10402228292,10402228331,1,"IOTHUB_CLIENT_CONFIRMATION_OK"
5499,10402228492,10402228526,1,"IOTHUB_CLIENT_CONFIRMATION_OK"
5500,10402228692,10402228727,1,"IOTHUB_CLIENT_CONFIRMATION_OK"
5501,10402228892,10402228942,1,"IOTHUB_CLIENT_CONFIRMATION_OK"
5502,10402229092,10402229132,1,"IOTHUB_CLIENT_CONFIRMATION_OK"
5503,10402229292,10402229333,1,"IOTHUB_CLIENT_CONFIRMATION_OK"
5504,10402229493,10402229545,1,"IOTHUB_CLIENT_CONFIRMATION_OK"
5505,10402229693,10402229729,1,"IOTHUB_CLIENT_CONFIRMATION_OK"
5506,10402229893,10402229952,1,"IOTHUB_CLIENT_CONFIRMATION_OK"
5507,10402230093,10402230132,1,"IOTHUB_CLIENT_CONFIRMATION_OK"
5508,10402230293,10402230340,1,"IOTHUB_CLIENT_CONFIRMATION_OK"
5509,10402230493,10402230532,1,"IOTHUB_CLIENT_CONFIRMATION_OK"
5510,10402230694,10402230748,1,"IOTHUB_CLIENT_CONFIRMATION_OK"
5511,10402230894,10402230952,1,"IOTHUB_CLIENT_CONFIRMATION_OK"
5512,10402231094,10402231132,1,"IOTHUB_CLIENT_CONFIRMATION_OK"
5513,10402231294,10402231349,1,"IOTHUB_CLIENT_CONFIRMATION_OK"
5514,10402231494,10402231534,1,"IOTHUB_CLIENT_CONFIRMATION_OK"
5515,10402231694,10402231734,1,"IOTHUB_CLIENT_CONFIRMATION_OK"
5516,10402231895,10402231962,1,"IOTHUB_CLIENT_CONFIRMATION_OK"
5517,10402232095,10402232140,1,"IOTHUB_CLIENT_CONFIRMATION_OK"
5518,10402232295,10402232323,1,"IOTHUB_CLIENT_CONFIRMATION_OK"
5519,10402232495,10402232602,1,"IOTHUB_CLIENT_CONFIRMATION_OK"
5520,10402232695,10402232733,1,"IOTHUB_CLIENT_CONFIRMATION_OK"
5521,10402232895,10402232987,1,"IOTHUB_CLIENT_CONFIRMATION_OK"
5522,10402233096,10402233140,1,"IOTHUB_CLIENT_CONFIRMATION_OK"
5523,10402233296,10402233328,1,"IOTHUB_CLIENT_CONFIRMATION_OK"
5524,10402233496,10402233607,1,"IOTHUB_CLIENT_CONFIRMATION_OK"
5525,10402233696,10402233741,1,"IOTHUB_CLIENT_CONFIRMATION_OK"
5526,10402233896,10402233999,1,"IOTHUB_CLIENT_CONFIRMATION_OK"
5527,10402234096,10402234129,1,"IOTHUB_CLIENT_CONFIRMATION_OK"
5528,10402234296,10402234336,1,"IOTHUB_CLIENT_CONFIRMATION_OK"
5529,10402234497,10402234621,1,"IOTHUB_CLIENT_CONFIRMATION_OK"
5530,10402234697,10402234740,1,"IOTHUB_CLIENT_CONFIRMATION_OK"
5531,10402234897,10402234930,1,"IOTHUB_CLIENT_CONFIRMATION_OK"
5532,10402235097,10402235133,1,"IOTHUB_CLIENT_CONFIRMATION_OK"
5533,10402235297,10402235333,1,"IOTHUB_CLIENT_CONFIRMATION_OK"
5534,10402235497,10402235626,1,"IOTHUB_CLIENT_CONFIRMATION_OK"
5535,10402235698,10402235735,1,"IOTHUB_CLIENT_CONFIRMATION_OK"
5536,10402235898,10402235937,1,"IOTHUB_CLIENT_CONFIRMATION_OK"
5537,10402236098,10402236129,1,"IOTHUB_CLIENT_CONFIRMATION_OK"
5538,10402236298,10402236333,1,"IOTHUB_CLIENT_CONFIRMATION_OK"
5539,10402236498,10402236646,1,"IOTHUB_CLIENT_CONFIRMATION_OK"
5540,10402236698,10402236729,1,"IOTHUB_CLIENT_CONFIRMATION_OK"
5541,10402236898,10402236948,1,"IOTHUB_CLIENT_CONFIRMATION_OK"
5542,10402237099,10402237138,1,"IOTHUB_CLIENT_CONFIRMATION_OK"
5543,10402237299,10402237341,1,"IOTHUB_CLIENT_CONFIRMATION_OK"
5544,10402237499,10402237550,1,"IOTHUB_CLIENT_CONFIRMATION_OK"
5545,10402237699,10402237733,1,"IOTHUB_CLIENT_CONFIRMATION_OK"
5546,10402237899,10402237984,1,"IOTHUB_CLIENT_CONFIRMATION_OK"
5547,10402238099,10402238139,1,"IOTHUB_CLIENT_CONFIRMATION_OK"
5548,10402238300,10402238343,1,"IOTHUB_CLIENT_CONFIRMATION_OK"
5549,10402238500,10402238539,1,"IOTHUB_CLIENT_CONFIRMATION_OK"
5550,10402238700,10402238736,1,"IOTHUB_CLIENT_CONFIRMATION_OK"
5551,10402238900,10402238946,1,"IOTHUB_CLIENT_CONFIRMATION_OK"
5552,10402239100,10402239158,1,"IOTHUB_CLIENT_CONFIRMATION_OK"
5553,10402239300,10402239334,1,"IOTHUB_CLIENT_CONFIRMATION_OK"
5554,10402239501,10402239543,1,"IOTHUB_CLIENT_CONFIRMATION_OK"
5555,10402239701,10402239742,1,"IOTHUB_CLIENT_CONFIRMATION_OK"
5556,10402239901,10402239934,1,"IOTHUB_CLIENT_CONFIRMATION_OK"
5557,10402240101,10402240137,1,"IOTHUB_CLIENT_CONFIRMATION_OK"
5558,10402240301,10402240342,1,"IOTHUB_CLIENT_CONFIRMATION_OK"
5559,10402240501,10402240540,1,"IOTHUB_CLIENT_CONFIRMATION_OK"
5560,10402240701,10402240767,1,"IOTHUB_CLIENT_CONFIRMATION_OK"
5561,10402240902,10402240934,1,"IOTHUB_CLIENT_CONFIRMATION_OK"
5562,10402241102,10402241133,1,"IOTHUB_CLIENT_CONFIRMATION_OK"
5563,10402241302,10402241342,1,"IOTHUB_CLIENT_CONFIRMATION_OK"
5564,10402241502,10402241545,1,"IOTHUB_CLIENT_CONFIRMATION_OK"
5565,10402241702,10402241782,1,"IOTHUB_CLIENT_CONFIRMATION_OK"
5566,10402241903,10402241943,1,"IOTHUB_CLIENT_CONFIRMATION_OK"
5567,10402242103,10402242135,1,"IOTHUB_CLIENT_CONFIRMATION_OK"
5568,10402242303,10402242389,1,"IOTHUB_CLIENT_CONFIRMATION_OK"
5569,10402242503,10402242539,1,"IOTHUB_CLIENT_CONFIRMATION_OK"
5570,10402242703,10402242794,1,"IOTHUB_CLIENT_CONFIRMATION_OK"
5571,10402242903,10402242966,1,"IOTHUB_CLIENT_CONFIRMATION_OK"
5572,10402243104,10402243142,1,"IOTHUB_CLIENT_CONFIRMATION_OK"
5573,10402243304,10402243410,1,"IOTHUB_CLIENT_CONFIRMATION_OK"
5574,10402243504,10402243550,1,"IOTHUB_CLIENT_CONFIRMATION_OK"
5575,10402243704,10402243736,1,"IOTHUB_CLIENT_CONFIRMATION_OK"
5576,10402243904,10402243945,1,"IOTHUB_CLIENT_CONFIRMATION_OK"
5577,10402244104,10402244141,1,"IOTHUB_CLIENT_CONFIRMATION_OK"
5578,10402244304,10402244419,1,"IOTHUB_CLIENT_CONFIRMATION_OK"
5579,10402244505,10402244543,1,"IOTHUB_CLIENT_CONFIRMATION_OK"
5580,10402244705,10402244742,1,"IOTHUB_CLIENT_CONFIRMATION_OK"
5581,10402244905,10402244939,1,"IOTHUB_CLIENT_CONFIRMATION_OK"
5582,10402245105,10402245137,1,"IOTHUB_CLIENT_CONFIRMATION_OK"
5583,10402245305,10402245453,1,"IOTHUB_CLIENT_CONFIRMATION_OK"
5584,10402245505,10402245542,1,"IOTHUB_CLIENT_CONFIRMATION_OK"
5585,10402245706,10402245760,1,"IOTHUB_CLIENT_CONFIRMATION_OK"
5586,10402245906,10402245947,1,"IOTHUB_CLIENT_CONFIRMATION_OK"
5587,10402246106,10402246149,1,"IOTHUB_CLIENT_CONFIRMATION_OK"
5588,10402246306,10402246344,1,"IOTHUB_CLIENT_CONFIRMATION_OK"
5589,10402246506,10402246542,1,"IOTHUB_CLIENT_CONFIRMATION_OK"
5590,10402246706,10402246745,1,"IOTHUB_CLIENT_CONFIRMATION_OK"
5591,10402246907,10402246970,1,"IOTHUB_CLIENT_CONFIRMATION_OK"
5592,10402247107,10402247148,1,"IOTHUB_CLIENT_CONFIRMATION_OK"
5593,10402247307,10402247346,1,"IOTHUB_CLIENT_CONFIRMATION_OK"
5594,10402247507,10402247547,1,"IOTHUB_CLIENT_CONFIRMATION_OK"
5595,10402247707,10402247752,1,"IOTHUB_CLIENT_CONFIRMATION_OK"
5596,10402247907,10402248090,1,"IOTHUB_CLIENT_CONFIRMATION_OK"
5597,10402248107,10402248141,1,"IOTHUB_CLIENT_CONFIRMATION_OK"
5598,10402248308,10402248345,1,"IOTHUB_CLIENT_CONFIRMATION_OK"
5599,10402248508,10402248541,1,"IOTHUB_CLIENT_CONFIRMATION_OK"
5600,10402248708,10402248742,1,"IOTHUB_CLIENT_CONFIRMATION_OK"
5601,10402248908,10402249125,1,"IOTHUB_CLIENT_CONFIRMATION_OK"
5602,10402249108,10402249152,1,"IOTHUB_CLIENT_CONFIRMATION_OK"
5603,10402249308,10402249340,1,"IOTHUB_CLIENT_CONFIRMATION_OK"
5604,10402249509,10402249540,1,"IOTHUB_CLIENT_CONFIRMATION_OK"
5605,10402249709,10402249753,1,"IOTHUB_CLIENT_CONFIRMATION_OK"
5606,10402249909,10402249953,1,"IOTHUB_CLIENT_CONFIRMATION_OK"
5607,10402250109,10402250156,1,"IOTHUB_CLIENT_CONFIRMATION_OK"
5608,10402250309,10402250346,1,"IOTHUB_CLIENT_CONFIRMATION_OK"
5609,10402250509,10402250546,1,"IOTHUB_CLIENT_CONFIRMATION_OK"
5610,10402250710,10402250743,1,"IOTHUB_CLIENT_CONFIRMATION_OK"
5611,10402250910,10402250962,1,"IOTHUB_CLIENT_CONFIRMATION_OK"
5612,10402251110,10402251178,1,"IOTHUB_CLIENT_CONFIRMATION_OK"
5613,10402251310,10402251344,1,"IOTHUB_CLIENT_CONFIRMATION_OK"
5614,10402251510,10402251578,1,"IOTHUB_CLIENT_CONFIRMATION_OK"
5615,10402251710,10402251749,1,"IOTHUB_CLIENT_CONFIRMATION_OK"
5616,10402251911,10402251943,1,"IOTHUB_CLIENT_CONFIRMATION_OK"
5617,10402252111,10402252193,1,"IOTHUB_CLIENT_CONFIRMATION_OK"
5618,10402252311,10402252354,1,"IOTHUB_CLIENT_CONFIRMATION_OK"
5619,10402252511,10402252559,1,"IOTHUB_CLIENT_CONFIRMATION_OK"
5620,10402252711,10402252751,1,"IOTHUB_CLIENT_CONFIRMATION_OK"
5621,10402252911,10402252951,1,"IOTHUB_CLIENT_CONFIRMATION_OK"
5622,10402253111,10402253225,1,"IOTHUB_CLIENT_CONFIRMATION_OK"
5623,10402253312,10402253349,1,"IOTHUB_CLIENT_CONFIRMATION_OK"
5624,10402253512,10402253571,1,"IOTHUB_CLIENT_CONFIRMATION_OK"
5625,10402253712,10402253752,1,"IOTHUB_CLIENT_CONFIRMATION_OK"
5626,10402253912,10402253953,1,"IOTHUB_CLIENT_CONFIRMATION_OK"
5627,10402254112,10402254295,1,"IOTHUB_CLIENT_CONFIRMATION_OK"
5628,10402254312,10402254353,1,"IOTHUB_CLIENT_CONFIRMATION_OK"
5629,10402254513,10402254562,1,"IOTHUB_CLIENT_CONFIRMATION_OK"
5630,10402254713,10402254748,1,"IOTHUB_CLIENT_CONFIRMATION_OK"
5631,10402254913,10402254951,1,"IOTHUB_CLIENT_CONFIRMATION_OK"
5632,10402255113,10402255261,1,"IOTHUB_CLIENT_CONFIRMATION_OK"
5633,10402255313,10402255352,1,"IOTHUB_CLIENT_CONFIRMATION_OK"
5634,10402255513,10402255559,1,"IOTHUB_CLIENT_CONFIRMATION_OK"
5635,10402255714,10402255872,1,"IOTHUB_CLIENT_CONFIRMATION_OK"
5636,10402255914,10402255961,1,"IOTHUB_CLIENT_CONFIRMATION_OK"
5637,10402256114,10402256152,1,"IOTHUB_CLIENT_CONFIRMATION_OK"
5638,10402256314,10402256354,1,"IOTHUB_CLIENT_CONFIRMATION_OK"
5639,10402256514,10402256553,1,"IOTHUB_CLIENT_CONFIRMATION_OK"
5640,10402256714,10402256886,1,"IOTHUB_CLIENT_CONFIRMATION_OK"
5641,10402256914,10402256951,1,"IOTHUB_CLIENT_CONFIRMATION_OK"
5642,10402257115,10402257150,1,"IOTHUB_CLIENT_CONFIRMATION_OK"
5643,10402257315,10402257356,1,"IOTHUB_CLIENT_CONFIRMATION_OK"
5644,10402257515,10402257596,1,"IOTHUB_CLIENT_CONFIRMATION_OK"
5645,10402257715,10402257905,1,"IOTHUB_CLIENT_CONFIRMATION_OK"
5646,10402257915,10402257954,1,"IOTHUB_CLIENT_CONFIRMATION_OK"
5647,10402258115,10402258151,1,"IOTHUB_CLIENT_CONFIRMATION_OK"
5648,10402258316,10402258356,1,"IOTHUB_CLIENT_CONFIRMATION_OK"
5649,10402258516,10402258552,1,"IOTHUB_CLIENT_CONFIRMATION_OK"
5650,10402258716,10402258758,1,"IOTHUB_CLIENT_CONFIRMATION_OK"
5651,10402258916,10402258956,1,"IOTHUB_CLIENT_CONFIRMATION_OK"
5652,10402259116,10402259154,1,"IOTHUB_CLIENT_CONFIRMATION_OK"
5653,10402259316,10402259375,1,"IOTHUB_CLIENT_CONFIRMATION_OK"
5654,10402259517,10402259573,1,"IOTHUB_CLIENT_CONFIRMATION_OK"
5655,10402259717,10402259751,1,"IOTHUB_CLIENT_CONFIRMATION_OK"
5656,10402259917,10402259960,1,"IOTHUB_CLIENT_CONFIRMATION_OK"
5657,10402260117,10402260162,1,"IOTHUB_CLIENT_CONFIRMATION_OK"
5658,10402260317,10402260354,1,"IOTHUB_CLIENT_CONFIRMATION_OK"
5659,10402260517,10402260626,1,"IOTHUB_CLIENT_CONFIRMATION_OK"
5660,10402260718,10402260768,1,"IOTHUB_CLIENT_CONFIRMATION_OK"
5661,10402260918,10402261026,1,"IOTHUB_CLIENT_CONFIRMATION_OK"
5662,10402261118,10402261174,1,"IOTHUB_CLIENT_CONFIRMATION_OK"
5663,10402261318,10402261354,1,"IOTHUB_CLIENT_CONFIRMATION_OK"
5664,10402261518,10402261555,1,"IOTHUB_CLIENT_CONFIRMATION_OK"
5665,10402261718,10402261762,1,"IOTHUB_CLIENT_CONFIRMATION_OK"
5666,10402261919,10402262068,1,"IOTHUB_CLIENT_CONFIRMATION_OK"
5667,10402262119,10402262199,1,"IOTHUB_CLIENT_CONFIRMATION_OK"
5668,10402262319,10402262357,1,"IOTHUB_CLIENT_CONFIRMATION_OK"
5669,10402262519,10402262555,1,"IOTHUB_CLIENT_CONFIRMATION_OK"
5670,10402262719,10402262761,1,"IOTHUB_CLIENT_CONFIRMATION_OK"
5671,10402262919,10402263058,1,"IOTHUB_CLIENT_CONFIRMATION_OK"
5672,10402263120,10402263169,1,"IOTHUB_CLIENT_CONFIRMATION_OK"
5673,10402263320,10402263359,1,"IOTHUB_CLIENT_CONFIRMATION_OK"
5674,10402263520,10402263684,1,"IOTHUB_CLIENT_CONFIRMATION_OK"
5675,10402263720,10402263760,1,"IOTHUB_CLIENT_CONFIRMATION_OK"
5676,10402263920,10402264078,1,"IOTHUB_CLIENT_CONFIRMATION_OK"
5677,10402264120,10402264155,1,"IOTHUB_CLIENT_CONFIRMATION_OK"
5678,10402264320,10402264366,1,"IOTHUB_CLIENT_CONFIRMATION_OK"
5679,10402264521,10402264559,1,"IOTHUB_CLIENT_CONFIRMATION_OK"
5680,10402264721,10402264760,1,"IOTHUB_CLIENT_CONFIRMATION_OK"
5681,10402264921,10402264958,1,"IOTHUB_CLIENT_CONFIRMATION_OK"
5682,10402265121,10402265177,1,"IOTHUB_CLIENT_CONFIRMATION_OK"
5683,10402265321,10402265362,1,"IOTHUB_CLIENT_CONFIRMATION_OK"
5684,10402265521,10402265562,1,"IOTHUB_CLIENT_CONFIRMATION_OK"
5685,10402265722,10402265761,1,"IOTHUB_CLIENT_CONFIRMATION_OK"
5686,10402265922,10402265962,1,"IOTHUB_CLIENT_CONFIRMATION_OK"
5687,10402266122,10402266168,1,"IOTHUB_CLIENT_CONFIRMATION_OK"
5688,10402266322,10402266355,1,"IOTHUB_CLIENT_CONFIRMATION_OK"
5689,10402266522,10402266574,1,"IOTHUB_CLIENT_CONFIRMATION_OK"
5690,10402266722,10402266761,1,"IOTHUB_CLIENT_CONFIRMATION_OK"
5691,10402266922,10402266992,1,"IOTHUB_CLIENT_CONFIRMATION_OK"
5692,10402267123,10402267194,1,"IOTHUB_CLIENT_CONFIRMATION_OK"
5693,10402267323,10402267361,1,"IOTHUB_CLIENT_CONFIRMATION_OK"
5694,10402267523,10402267559,1,"IOTHUB_CLIENT_CONFIRMATION_OK"
5695,10402267723,10402267767,1,"IOTHUB_CLIENT_CONFIRMATION_OK"
5696,10402267926,10402267975,1,"IOTHUB_CLIENT_CONFIRMATION_OK"
5697,10402268126,10402268207,1,"IOTHUB_CLIENT_CONFIRMATION_OK"
5698,10402268326,10402268362,1,"IOTHUB_CLIENT_CONFIRMATION_OK"
5699,10402268526,10402268564,1,"IOTHUB_CLIENT_CONFIRMATION_OK"
5700,10402268726,10402268764,1,"IOTHUB_CLIENT_CONFIRMATION_OK"
5701,10402268926,10402268974,1,"IOTHUB_CLIENT_CONFIRMATION_OK"
5702,10402269127,10402269337,1,"IOTHUB_CLIENT_CONFIRMATION_OK"
5703,10402269327,10402269362,1,"IOTHUB_CLIENT_CONFIRMATION_OK"
5704,10402269527,10402269575,1,"IOTHUB_CLIENT_CONFIRMATION_OK"
5705,10402269727,10402269761,1,"IOTHUB_CLIENT_CONFIRMATION_OK"
5706,10402269927,10402269974,1,"IOTHUB_CLIENT_CONFIRMATION_OK"
5707,10402270127,10402270273,1,"IOTHUB_CLIENT_CONFIRMATION_OK"
5708,10402270328,10402270370,1,"IOTHUB_CLIENT_CONFIRMATION_OK"
5709,10402270528,10402270587,1,"IOTHUB_CLIENT_CONFIRMATION_OK"
5710,10402270728,10402270875,1,"IOTHUB_CLIENT_CONFIRMATION_OK"
5711,10402270928,10402270979,1,"IOTHUB_CLIENT_CONFIRMATION_OK"
5712,10402271128,10402271189,1,"IOTHUB_CLIENT_CONFIRMATION_OK"
5713,10402271328,10402271370,1,"IOTHUB_CLIENT_CONFIRMATION_OK"
5714,10402271529,10402271576,1,"IOTHUB_CLIENT_CONFIRMATION_OK"
5715,10402271729,10402271890,1,"IOTHUB_CLIENT_CONFIRMATION_OK"
5716,10402271929,10402271965,1,"IOTHUB_CLIENT_CONFIRMATION_OK"
5717,10402272129,10402272168,1,"IOTHUB_CLIENT_CONFIRMATION_OK"
5718,10402272329,10402272366,1,"IOTHUB_CLIENT_CONFIRMATION_OK"
5719,10402272529,10402272566,1,"IOTHUB_CLIENT_CONFIRMATION_OK"
5720,10402272730,10402272917,1,"IOTHUB_CLIENT_CONFIRMATION_OK"
5721,10402272930,10402272964,1,"IOTHUB_CLIENT_CONFIRMATION_OK"
5722,10402273130,10402273179,1,"IOTHUB_CLIENT_CONFIRMATION_OK"
5723,10402273330,10402273374,1,"IOTHUB_CLIENT_CONFIRMATION_OK"
5724,10402273530,10402273564,1,"IOTHUB_CLIENT_CONFIRMATION_OK"
5725,10402273730,10402273770,1,"IOTHUB_CLIENT_CONFIRMATION_OK"
5726,10402273931,10402273963,1,"IOTHUB_CLIENT_CONFIRMATION_OK"
5727,10402274131,10402274178,1,"IOTHUB_CLIENT_CONFIRMATION_OK"
5728,10402274331,10402274383,1,"IOTHUB_CLIENT_CONFIRMATION_OK"
5729,10402274531,10402274570,1,"IOTHUB_CLIENT_CONFIRMATION_OK"
5730,10402274731,10402274795,1,"IOTHUB_CLIENT_CONFIRMATION_OK"
5731,10402274931,10402274973,1,"IOTHUB_CLIENT_CONFIRMATION_OK"
5732,10402275132,10402275165,1,"IOTHUB_CLIENT_CONFIRMATION_OK"
5733,10402275332,10402275368,1,"IOTHUB_CLIENT_CONFIRMATION_OK"
5734,10402275532,10402275661,1,"IOTHUB_CLIENT_CONFIRMATION_OK"
5735,10402275732,10402275785,1,"IOTHUB_CLIENT_CONFIRMATION_OK"
5736,10402275932,10402275972,1,"IOTHUB_CLIENT_CONFIRMATION_OK"
5737,10402276132,10402276182,1,"IOTHUB_CLIENT_CONFIRMATION_OK"
5738,10402276332,10402276375,1,"IOTHUB_CLIENT_CONFIRMATION_OK"
5739,10402276533,10402276566,1,"IOTHUB_CLIENT_CONFIRMATION_OK"
5740,10402276733,10402276770,1,"IOTHUB_CLIENT_CONFIRMATION_OK"
5741,10402276933,10402276974,1,"IOTHUB_CLIENT_CONFIRMATION_OK"
5742,10402277133,10402277170,1,"IOTHUB_CLIENT_CONFIRMATION_OK"
5743,10402277333,10402277372,1,"IOTHUB_CLIENT_CONFIRMATION_OK"
5744,10402277533,10402277599,1,"IOTHUB_CLIENT_CONFIRMATION_OK"
5745,10402277734,10402277772,1,"IOTHUB_CLIENT_CONFIRMATION_OK"
5746,10402277934,10402278027,1,"IOTHUB_CLIENT_CONFIRMATION_OK"
5747,10402278134,10402278171,1,"IOTHUB_CLIENT_CONFIRMATION_OK"
5748,10402278334,10402278370,1,"IOTHUB_CLIENT_CONFIRMATION_OK"
5749,10402278534,10402278653,1,"IOTHUB_CLIENT_CONFIRMATION_OK"
5750,10402278734,10402278787,1,"IOTHUB_CLIENT_CONFIRMATION_OK"
5751,10402278935,10402279055,1,"IOTHUB_CLIENT_CONFIRMATION_OK"
5752,10402279135,10402279170,1,"IOTHUB_CLIENT_CONFIRMATION_OK"
5753,10402279335,10402279370,1,"IOTHUB_CLIENT_CONFIRMATION_OK"
5754,10402279535,10402279685,1,"IOTHUB_CLIENT_CONFIRMATION_OK"
5755,10402279735,10402279771,1,"IOTHUB_CLIENT_CONFIRMATION_OK"
5756,10402279935,10402279970,1,"IOTHUB_CLIENT_CONFIRMATION_OK"
5757,10402280136,10402280172,1,"IOTHUB_CLIENT_CONFIRMATION_OK"
5758,10402280336,10402280392,1,"IOTHUB_CLIENT_CONFIRMATION_OK"
5759,10402280536,10402280691,1,"IOTHUB_CLIENT_CONFIRMATION_OK"
5760,10402280736,10402280777,1,"IOTHUB_CLIENT_CONFIRMATION_OK"
5761,10402280936,10402280981,1,"IOTHUB_CLIENT_CONFIRMATION_OK"
5762,10402281136,10402281171,1,"IOTHUB_CLIENT_CONFIRMATION_OK"
5763,10402281337,10402281436,1,"IOTHUB_CLIENT_CONFIRMATION_OK"
5764,10402281537,10402281758,1,"IOTHUB_CLIENT_CONFIRMATION_OK"
5765,10402281737,10402281787,1,"IOTHUB_CLIENT_CONFIRMATION_OK"
5766,10402281937,10402281971,1,"IOTHUB_CLIENT_CONFIRMATION_OK"
5767,10402282137,10402282176,1,"IOTHUB_CLIENT_CONFIRMATION_OK"
5768,10402282337,10402282374,1,"IOTHUB_CLIENT_CONFIRMATION_OK"
5769,10402282538,10402282573,1,"IOTHUB_CLIENT_CONFIRMATION_OK"
5770,10402282738,10402282784,1,"IOTHUB_CLIENT_CONFIRMATION_OK"
5771,10402282938,10402282980,1,"IOTHUB_CLIENT_CONFIRMATION_OK"
5772,10402283138,10402283173,1,"IOTHUB_CLIENT_CONFIRMATION_OK"
5773,10402283338,10402283375,1,"IOTHUB_CLIENT_CONFIRMATION_OK"
5774,10402283538,10402283570,1,"IOTHUB_CLIENT_CONFIRMATION_OK"
5775,10402283738,10402283778,1,"IOTHUB_CLIENT_CONFIRMATION_OK"
5776,10402283939,10402283974,1,"IOTHUB_CLIENT_CONFIRMATION_OK"
5777,10402284139,10402284187,1,"IOTHUB_CLIENT_CONFIRMATION_OK"
5778,10402284339,10402284373,1,"IOTHUB_CLIENT_CONFIRMATION_OK"
5779,10402284539,10402284583,1,"IOTHUB_CLIENT_CONFIRMATION_OK"
5780,10402284739,10402284831,1,"IOTHUB_CLIENT_CONFIRMATION_OK"
5781,10402284939,10402284973,1,"IOTHUB_CLIENT_CONFIRMATION_OK"
5782,10402285140,10402285236,1,"IOTHUB_CLIENT_CONFIRMATION_OK"
5783,10402285340,10402285373,1,"IOTHUB_CLIENT_CONFIRMATION_OK"
5784,10402285540,10402285591,1,"IOTHUB_CLIENT_CONFIRMATION_OK"
5785,10402285740,10402285852,1,"IOTHUB_CLIENT_CONFIRMATION_OK"
5786,10402285940,10402285981,1,"IOTHUB_CLIENT_CONFIRMATION_OK"
5787,10402286140,10402286176,1,"IOTHUB_CLIENT_CONFIRMATION_OK"
5788,10402286341,10402286377,1,"IOTHUB_CLIENT_CONFIRMATION_OK"
5789,10402286541,10402286579,1,"IOTHUB_CLIENT_CONFIRMATION_OK"
5790,10402286741,10402286878,1,"IOTHUB_CLIENT_CONFIRMATION_OK"
5791,10402286941,10402286977,1,"IOTHUB_CLIENT_CONFIRMATION_OK"
5792,10402287141,10402287174,1,"IOTHUB_CLIENT_CONFIRMATION_OK"
5793,10402287341,10402287379,1,"IOTHUB_CLIENT_CONFIRMATION_OK"
5794,10402287542,10402287576,1,"IOTHUB_CLIENT_CONFIRMATION_OK"
5795,10402287742,10402287948,1,"IOTHUB_CLIENT_CONFIRMATION_OK"
5796,10402287942,10402287974,1,"IOTHUB_CLIENT_CONFIRMATION_OK"
5797,10402288142,10402288178,1,"IOTHUB_CLIENT_CONFIRMATION_OK"
5798,10402288342,10402288386,1,"IOTHUB_CLIENT_CONFIRMATION_OK"
5799,10402288542,10402288576,1,"IOTHUB_CLIENT_CONFIRMATION_OK"
5800,10402288743,10402288785,1,"IOTHUB_CLIENT_CONFIRMATION_OK"
5801,10402288943,10402288997,1,"IOTHUB_CLIENT_CONFIRMATION_OK"
5802,10402289143,10402289176,1,"IOTHUB_CLIENT_CONFIRMATION_OK"
5803,10402289343,10402289393,1,"IOTHUB_CLIENT_CONFIRMATION_OK"
5804,10402289543,10402289582,1,"IOTHUB_CLIENT_CONFIRMATION_OK"
5805,10402289743,10402289790,1,"IOTHUB_CLIENT_CONFIRMATION_OK"
5806,10402289944,10402290061,1,"IOTHUB_CLIENT_CONFIRMATION_OK"
5807,10402290144,10402290181,1,"IOTHUB_CLIENT_CONFIRMATION_OK"
5808,10402290344,10402290439,1,"IOTHUB_CLIENT_CONFIRMATION_OK"
5809,10402290544,10402290577,1,"IOTHUB_CLIENT_CONFIRMATION_OK"
5810,10402290744,10402290797,1,"IOTHUB_CLIENT_CONFIRMATION_OK"
5811,10402290944,10402291066,1,"IOTHUB_CLIENT_CONFIRMATION_OK"
5812,10402291145,10402291178,1,"IOTHUB_CLIENT_CONFIRMATION_OK"
5813,10402291345,10402291387,1,"IOTHUB_CLIENT_CONFIRMATION_OK"
5814,10402291545,10402291583,1,"IOTHUB_CLIENT_CONFIRMATION_OK"
5815,10402291745,10402291780,1,"IOTHUB_CLIENT_CONFIRMATION_OK"
5816,10402291945,10402292101,1,"IOTHUB_CLIENT_CONFIRMATION_OK"
5817,10402292145,10402292187,1,"IOTHUB_CLIENT_CONFIRMATION_OK"
5818,10402292345,10402292381,1,"IOTHUB_CLIENT_CONFIRMATION_OK"
5819,10402292546,10402292579,1,"IOTHUB_CLIENT_CONFIRMATION_OK"
5820,10402292746,10402292783,1,"IOTHUB_CLIENT_CONFIRMATION_OK"
5821,10402292946,10402292982,1,"IOTHUB_CLIENT_CONFIRMATION_OK"
5822,10402293146,10402293183,1,"IOTHUB_CLIENT_CONFIRMATION_OK"
5823,10402293346,10402293395,1,"IOTHUB_CLIENT_CONFIRMATION_OK"
5824,10402293546,10402293585,1,"IOTHUB_CLIENT_CONFIRMATION_OK"
5825,10402293747,10402293789,1,"IOTHUB_CLIENT_CONFIRMATION_OK"
5826,10402293947,10402293985,1,"IOTHUB_CLIENT_CONFIRMATION_OK"
5827,10402294147,10402294191,1,"IOTHUB_CLIENT_CONFIRMATION_OK"
5828,10402294347,10402294385,1,"IOTHUB_CLIENT_CONFIRMATION_OK"
5829,10402294547,10402294679,1,"IOTHUB_CLIENT_CONFIRMATION_OK"
5830,10402294747,10402294779,1,"IOTHUB_CLIENT_CONFIRMATION_OK"
5831,10402294948,10402294987,1,"IOTHUB_CLIENT_CONFIRMATION_OK"
5832,10402295148,10402295183,1,"IOTHUB_CLIENT_CONFIRMATION_OK"
5833,10402295348,10402295381,1,"IOTHUB_CLIENT_CONFIRMATION_OK"
5834,10402295548,10402295712,1,"IOTHUB_CLIENT_CONFIRMATION_OK"
5835,10402295748,10402295801,1,"IOTHUB_CLIENT_CONFIRMATION_OK"
5836,10402295948,10402295984,1,"IOTHUB_CLIENT_CONFIRMATION_OK"
5837,10402296148,10402296207,1,"IOTHUB_CLIENT_CONFIRMATION_OK"
5838,10402296349,10402296385,1,"IOTHUB_CLIENT_CONFIRMATION_OK"
5839,10402296549,10402296729,1,"IOTHUB_CLIENT_CONFIRMATION_OK"
5840,10402296749,10402296783,1,"IOTHUB_CLIENT_CONFIRMATION_OK"
5841,10402296949,10402297097,1,"IOTHUB_CLIENT_CONFIRMATION_OK"
5842,10402297149,10402297185,1,"IOTHUB_CLIENT_CONFIRMATION_OK"
5843,10402297349,10402297389,1,"IOTHUB_CLIENT_CONFIRMATION_OK"
5844,10402297550,10402297586,1,"IOTHUB_CLIENT_CONFIRMATION_OK"
5845,10402297750,10402297897,1,"IOTHUB_CLIENT_CONFIRMATION_OK"
5846,10402297950,10402297989,1,"IOTHUB_CLIENT_CONFIRMATION_OK"
5847,10402298150,10402298273,1,"IOTHUB_CLIENT_CONFIRMATION_OK"
5848,10402298350,10402298396,1,"IOTHUB_CLIENT_CONFIRMATION_OK"
5849,10402298550,10402298591,1,"IOTHUB_CLIENT_CONFIRMATION_OK"
5850,10402298751,10402298794,1,"IOTHUB_CLIENT_CONFIRMATION_OK"
5851,10402298951,10402298986,1,"IOTHUB_CLIENT_CONFIRMATION_OK"
5852,10402299151,10402299282,1,"IOTHUB_CLIENT_CONFIRMATION_OK"
5853,10402299351,10402299385,1,"IOTHUB_CLIENT_CONFIRMATION_OK"
5854,10402299551,10402299583,1,"IOTHUB_CLIENT_CONFIRMATION_OK"
5855,10402299751,10402299803,1,"IOTHUB_CLIENT_CONFIRMATION_OK"
5856,10402299952,10402299988,1,"IOTHUB_CLIENT_CONFIRMATION_OK"
5857,10402300152,10402300203,1,"IOTHUB_CLIENT_CONFIRMATION_OK"
5858,10402300352,10402300386,1,"IOTHUB_CLIENT_CONFIRMATION_OK"
5859,10402300552,10402300591,1,"IOTHUB_CLIENT_CONFIRMATION_OK"
5860,10402300752,10402300795,1,"IOTHUB_CLIENT_CONFIRMATION_OK"
5861,10402300952,10402300986,1,"IOTHUB_CLIENT_CONFIRMATION_OK"
5862,10402301152,10402301190,1,"IOTHUB_CLIENT_CONFIRMATION_OK"
5863,10402301353,10402301390,1,"IOTHUB_CLIENT_CONFIRMATION_OK"
5864,10402301553,10402301593,1,"IOTHUB_CLIENT_CONFIRMATION_OK"
5865,10402301753,10402301924,1,"IOTHUB_CLIENT_CONFIRMATION_OK"
5866,10402301953,10402301993,1,"IOTHUB_CLIENT_CONFIRMATION_OK"
5867,10402302153,10402302198,1,"IOTHUB_CLIENT_CONFIRMATION_OK"
5868,10402302353,10402302393,1,"IOTHUB_CLIENT_CONFIRMATION_OK"
5869,10402302554,10402302600,1,"IOTHUB_CLIENT_CONFIRMATION_OK"
5870,10402302754,10402302940,1,"IOTHUB_CLIENT_CONFIRMATION_OK"
5871,10402302954,10402303053,1,"IOTHUB_CLIENT_CONFIRMATION_OK"
5872,10402303154,10402303200,1,"IOTHUB_CLIENT_CONFIRMATION_OK"
5873,10402303354,10402303387,1,"IOTHUB_CLIENT_CONFIRMATION_OK"
5874,10402303554,10402303584,1,"IOTHUB_CLIENT_CONFIRMATION_OK"
5875,10402303754,10402303789,1,"IOTHUB_CLIENT_CONFIRMATION_OK"
5876,10402303955,10402303997,1,"IOTHUB_CLIENT_CONFIRMATION_OK"
5877,10402304155,10402304194,1,"IOTHUB_CLIENT_CONFIRMATION_OK"
5878,10402304355,10402304400,1,"IOTHUB_CLIENT_CONFIRMATION_OK"
5879,10402304555,10402304595,1,"IOTHUB_CLIENT_CONFIRMATION_OK"
5880,10402304755,10402304789,1,"IOTHUB_CLIENT_CONFIRMATION_OK"
5881,10402304955,10402305003,1,"IOTHUB_CLIENT_CONFIRMATION_OK"
5882,10402305155,10402305193,1,"IOTHUB_CLIENT_CONFIRMATION_OK"
5883,10402305356,10402305430,1,"IOTHUB_CLIENT_CONFIRMATION_OK"
5884,10402305556,10402305591,1,"IOTHUB_CLIENT_CONFIRMATION_OK"
5885,10402305756,10402305794,1,"IOTHUB_CLIENT_CONFIRMATION_OK"
5886,10402305956,10402306034,1,"IOTHUB_CLIENT_CONFIRMATION_OK"
5887,10402306156,10402306193,1,"IOTHUB_CLIENT_CONFIRMATION_OK"
5888,10402306356,10402306393,1,"IOTHUB_CLIENT_CONFIRMATION_OK"
5889,10402306557,10402306595,1,"IOTHUB_CLIENT_CONFIRMATION_OK"
5890,10402306757,10402306790,1,"IOTHUB_CLIENT_CONFIRMATION_OK"
5891,10402306957,10402307049,1,"IOTHUB_CLIENT_CONFIRMATION_OK"
5892,10402307157,10402307202,1,"IOTHUB_CLIENT_CONFIRMATION_OK"
5893,10402307357,10402307410,1,"IOTHUB_CLIENT_CONFIRMATION_OK"
5894,10402307557,10402307594,1,"IOTHUB_CLIENT_CONFIRMATION_OK"
5895,10402307758,10402307790,1,"IOTHUB_CLIENT_CONFIRMATION_OK"
5896,10402307958,10402308109,1,"IOTHUB_CLIENT_CONFIRMATION_OK"
5897,10402308158,10402308201,1,"IOTHUB_CLIENT_CONFIRMATION_OK"
5898,10402308358,10402308394,1,"IOTHUB_CLIENT_CONFIRMATION_OK"
5899,10402308558,10402308600,1,"IOTHUB_CLIENT_CONFIRMATION_OK"
5900,10402308758,10402308844,1,"IOTHUB_CLIENT_CONFIRMATION_OK"
5901,10402308959,10402309107,1,"IOTHUB_CLIENT_CONFIRMATION_OK"
5902,10402309159,10402309194,1,"IOTHUB_CLIENT_CONFIRMATION_OK"
5903,10402309359,10402309408,1,"IOTHUB_CLIENT_CONFIRMATION_OK"
5904,10402309559,10402309601,1,"IOTHUB_CLIENT_CONFIRMATION_OK"
5905,10402309759,10402309807,1,"IOTHUB_CLIENT_CONFIRMATION_OK"
5906,10402309959,10402310002,1,"IOTHUB_CLIENT_CONFIRMATION_OK"
5907,10402310159,10402310201,1,"IOTHUB_CLIENT_CONFIRMATION_OK"
5908,10402310360,10402310401,1,"IOTHUB_CLIENT_CONFIRMATION_OK"
5909,10402310560,10402310758,1,"IOTHUB_CLIENT_CONFIRMATION_OK"
5910,10402310760,10402310822,1,"IOTHUB_CLIENT_CONFIRMATION_OK"
5911,10402310960,10402311006,1,"IOTHUB_CLIENT_CONFIRMATION_OK"
5912,10402311160,10402311197,1,"IOTHUB_CLIENT_CONFIRMATION_OK"
5913,10402311360,10402311398,1,"IOTHUB_CLIENT_CONFIRMATION_OK"
5914,10402311560,10402311757,1,"IOTHUB_CLIENT_CONFIRMATION_OK"
5915,10402311761,10402311800,1,"IOTHUB_CLIENT_CONFIRMATION_OK"
5916,10402311961,10402312065,1,"IOTHUB_CLIENT_CONFIRMATION_OK"
5917,10402312161,10402312200,1,"IOTHUB_CLIENT_CONFIRMATION_OK"
5918,10402312361,10402312399,1,"IOTHUB_CLIENT_CONFIRMATION_OK"
5919,10402312561,10402312600,1,"IOTHUB_CLIENT_CONFIRMATION_OK"
5920,10402312761,10402312799,1,"IOTHUB_CLIENT_CONFIRMATION_OK"
5921,10402312962,10402312994,1,"IOTHUB_CLIENT_CONFIRMATION_OK"
5922,10402313162,10402313209,1,"IOTHUB_CLIENT_CONFIRMATION_OK"
5923,10402313362,10402313410,1,"IOTHUB_CLIENT_CONFIRMATION_OK"
5924,10402313562,10402313596,1,"IOTHUB_CLIENT_CONFIRMATION_OK"
5925,10402313762,10402313817,1,"IOTHUB_CLIENT_CONFIRMATION_OK"
5926,10402313962,10402313996,1,"IOTHUB_CLIENT_CONFIRMATION_OK"
5927,10402314163,10402314236,1,"IOTHUB_CLIENT_CONFIRMATION_OK"
5928,10402314363,10402314396,1,"IOTHUB_CLIENT_CONFIRMATION_OK"
5929,10402314563,10402314617,1,"IOTHUB_CLIENT_CONFIRMATION_OK"
5930,10402314763,10402314840,1,"IOTHUB_CLIENT_CONFIRMATION_OK"
5931,10402314963,10402315011,1,"IOTHUB_CLIENT_CONFIRMATION_OK"
5932,10402315163,10402315236,1,"IOTHUB_CLIENT_CONFIRMATION_OK"
5933,10402315363,10402315396,1,"IOTHUB_CLIENT_CONFIRMATION_OK"
5934,10402315564,10402315603,1,"IOTHUB_CLIENT_CONFIRMATION_OK"
5935,10402315764,10402315849,1,"IOTHUB_CLIENT_CONFIRMATION_OK"
5936,10402315964,10402316007,1,"IOTHUB_CLIENT_CONFIRMATION_OK"
5937,10402316164,10402316200,1,"IOTHUB_CLIENT_CONFIRMATION_OK"
5938,10402316364,10402316403,1,"IOTHUB_CLIENT_CONFIRMATION_OK"
5939,10402316564,10402316606,1,"IOTHUB_CLIENT_CONFIRMATION_OK"
5940,10402316765,10402316858,1,"IOTHUB_CLIENT_CONFIRMATION_OK"
5941,10402316965,10402317006,1,"IOTHUB_CLIENT_CONFIRMATION_OK"
5942,10402317165,10402317200,1,"IOTHUB_CLIENT_CONFIRMATION_OK"
5943,10402317365,10402317485,1,"IOTHUB_CLIENT_CONFIRMATION_OK"
5944,10402317565,10402317601,1,"IOTHUB_CLIENT_CONFIRMATION_OK"
5945,10402317765,10402317940,1,"IOTHUB_CLIENT_CONFIRMATION_OK"
5946,10402317965,10402318000,1,"IOTHUB_CLIENT_CONFIRMATION_OK"
5947,10402318166,10402318205,1,"IOTHUB_CLIENT_CONFIRMATION_OK"
5948,10402318366,10402318490,1,"IOTHUB_CLIENT_CONFIRMATION_OK"
5949,10402318566,10402318602,1,"IOTHUB_CLIENT_CONFIRMATION_OK"
5950,10402318766,10402318800,1,"IOTHUB_CLIENT_CONFIRMATION_OK"
5951,10402318966,10402319001,1,"IOTHUB_CLIENT_CONFIRMATION_OK"
5952,10402319166,10402319225,1,"IOTHUB_CLIENT_CONFIRMATION_OK"
5953,10402319367,10402319404,1,"IOTHUB_CLIENT_CONFIRMATION_OK"
5954,10402319567,10402319605,1,"IOTHUB_CLIENT_CONFIRMATION_OK"
5955,10402319767,10402319805,1,"IOTHUB_CLIENT_CONFIRMATION_OK"
5956,10402319967,10402320011,1,"IOTHUB_CLIENT_CONFIRMATION_OK"
5957,10402320167,10402320205,1,"IOTHUB_CLIENT_CONFIRMATION_OK"
5958,10402320367,10402320404,1,"IOTHUB_CLIENT_CONFIRMATION_OK"
5959,10402320567,10402320602,1,"IOTHUB_CLIENT_CONFIRMATION_OK"
5960,10402320768,10402320805,1,"IOTHUB_CLIENT_CONFIRMATION_OK"
5961,10402320968,10402321060,1,"IOTHUB_CLIENT_CONFIRMATION_OK"
5962,10402321168,10402321202,1,"IOTHUB_CLIENT_CONFIRMATION_OK"
5963,10402321368,10402321408,1,"IOTHUB_CLIENT_CONFIRMATION_OK"
5964,10402321568,10402321603,1,"IOTHUB_CLIENT_CONFIRMATION_OK"
5965,10402321768,10402321804,1,"IOTHUB_CLIENT_CONFIRMATION_OK"
5966,10402321969,10402322100,1,"IOTHUB_CLIENT_CONFIRMATION_OK"
5967,10402322169,10402322206,1,"IOTHUB_CLIENT_CONFIRMATION_OK"
5968,10402322369,10402322410,1,"IOTHUB_CLIENT_CONFIRMATION_OK"
5969,10402322569,10402322610,1,"IOTHUB_CLIENT_CONFIRMATION_OK"
5970,10402322769,10402322805,1,"IOTHUB_CLIENT_CONFIRMATION_OK"
5971,10402322969,10402323110,1,"IOTHUB_CLIENT_CONFIRMATION_OK"
5972,10402323170,10402323206,1,"IOTHUB_CLIENT_CONFIRMATION_OK"
5973,10402323370,10402323465,1,"IOTHUB_CLIENT_CONFIRMATION_OK"
5974,10402323570,10402323610,1,"IOTHUB_CLIENT_CONFIRMATION_OK"
5975,10402323770,10402323808,1,"IOTHUB_CLIENT_CONFIRMATION_OK"
5976,10402323970,10402324143,1,"IOTHUB_CLIENT_CONFIRMATION_OK"
5977,10402324170,10402324207,1,"IOTHUB_CLIENT_CONFIRMATION_OK"
5978,10402324370,10402324407,1,"IOTHUB_CLIENT_CONFIRMATION_OK"
5979,10402324571,10402324611,1,"IOTHUB_CLIENT_CONFIRMATION_OK"
5980,10402324771,10402324821,1,"IOTHUB_CLIENT_CONFIRMATION_OK"
5981,10402324971,10402325017,1,"IOTHUB_CLIENT_CONFIRMATION_OK"
5982,10402325171,10402325217,1,"IOTHUB_CLIENT_CONFIRMATION_OK"
5983,10402325371,10402325407,1,"IOTHUB_CLIENT_CONFIRMATION_OK"
5984,10402325571,10402325607,1,"IOTHUB_CLIENT_CONFIRMATION_OK"
5985,10402325772,10402325815,1,"IOTHUB_CLIENT_CONFIRMATION_OK"
5986,10402325972,10402326015,1,"IOTHUB_CLIENT_CONFIRMATION_OK"
5987,10402326172,10402326208,1,"IOTHUB_CLIENT_CONFIRMATION_OK"
5988,10402326372,10402326406,1,"IOTHUB_CLIENT_CONFIRMATION_OK"
5989,10402326572,10402326610,1,"IOTHUB_CLIENT_CONFIRMATION_OK"
5990,10402326772,10402326813,1,"IOTHUB_CLIENT_CONFIRMATION_OK"
5991,10402326973,10402327014,1,"IOTHUB_CLIENT_CONFIRMATION_OK"
5992,10402327173,10402327221,1,"IOTHUB_CLIENT_CONFIRMATION_OK"
5993,10402327373,10402327416,1,"IOTHUB_CLIENT_CONFIRMATION_OK"
5994,10402327573,10402327606,1,"IOTHUB_CLIENT_CONFIRMATION_OK"
5995,10402327773,10402327814,1,"IOTHUB_CLIENT_CONFIRMATION_OK"
5996,10402327973,10402328011,1,"IOTHUB_CLIENT_CONFIRMATION_OK"
5997,10402328173,10402328212,1,"IOTHUB_CLIENT_CONFIRMATION_OK"
5998,10402328374,10402328408,1,"IOTHUB_CLIENT_CONFIRMATION_OK"
5999,10402328574,10402328627,1,"IOTHUB_CLIENT_CONFIRMATION_OK"
6000,10402328774,10402328840,1,"IOTHUB_CLIENT_CONFIRMATION_OK"
6001,10402328974,10402329010,1,"IOTHUB_CLIENT_CONFIRMATION_OK"
6002,10402329174,10402329238,1,"IOTHUB_CLIENT_CONFIRMATION_OK"
6003,10402329375,10402329413,1,"IOTHUB_CLIENT_CONFIRMATION_OK"
6004,10402329575,10402329628,1,"IOTHUB_CLIENT_CONFIRMATION_OK"
6005,10402329775,10402329878,1,"IOTHUB_CLIENT_CONFIRMATION_OK"
6006,10402329975,10402330027,1,"IOTHUB_CLIENT_CONFIRMATION_OK"
6007,10402330175,10402330266,1,"IOTHUB_CLIENT_CONFIRMATION_OK"
6008,10402330375,10402330420,1,"IOTHUB_CLIENT_CONFIRMATION_OK"
6009,10402330576,10402330614,1,"IOTHUB_CLIENT_CONFIRMATION_OK"
6010,10402330776,10402330881,1,"IOTHUB_CLIENT_CONFIRMATION_OK"
6011,10402330976,10402331010,1,"IOTHUB_CLIENT_CONFIRMATION_OK"
6012,10402331176,10402331210,1,"IOTHUB_CLIENT_CONFIRMATION_OK"
6013,10402331376,10402331414,1,"IOTHUB_CLIENT_CONFIRMATION_OK"
6014,10402331576,10402331621,1,"IOTHUB_CLIENT_CONFIRMATION_OK"
6015,10402331777,10402331897,1,"IOTHUB_CLIENT_CONFIRMATION_OK"
6016,10402331977,10402332021,1,"IOTHUB_CLIENT_CONFIRMATION_OK"
6017,10402332177,10402332212,1,"IOTHUB_CLIENT_CONFIRMATION_OK"
6018,10402332377,10402332427,1,"IOTHUB_CLIENT_CONFIRMATION_OK"
6019,10402332577,10402332614,1,"IOTHUB_CLIENT_CONFIRMATION_OK"
6020,10402332777,10402332924,1,"IOTHUB_CLIENT_CONFIRMATION_OK"
6021,10402332977,10402333020,1,"IOTHUB_CLIENT_CONFIRMATION_OK"
6022,10402333178,10402333216,1,"IOTHUB_CLIENT_CONFIRMATION_OK"
6023,10402333378,10402333418,1,"IOTHUB_CLIENT_CONFIRMATION_OK"
6024,10402333578,10402333611,1,"IOTHUB_CLIENT_CONFIRMATION_OK"
6025,10402333778,10402333820,1,"IOTHUB_CLIENT_CONFIRMATION_OK"
6026,10402333978,10402334020,1,"IOTHUB_CLIENT_CONFIRMATION_OK"
6027,10402334178,10402334214,1,"IOTHUB_CLIENT_CONFIRMATION_OK"
6028,10402334379,10402334528,1,"IOTHUB_CLIENT_CONFIRMATION_OK"
6029,10402334579,10402334619,1,"IOTHUB_CLIENT_CONFIRMATION_OK"
6030,10402334779,10402334819,1,"IOTHUB_CLIENT_CONFIRMATION_OK"
6031,10402334979,10402335014,1,"IOTHUB_CLIENT_CONFIRMATION_OK"
6032,10402335179,10402335216,1,"IOTHUB_CLIENT_CONFIRMATION_OK"
6033,10402335379,10402335618,1,"IOTHUB_CLIENT_CONFIRMATION_OK"
6034,10402335580,10402335638,1,"IOTHUB_CLIENT_CONFIRMATION_OK"
6035,10402335780,10402335821,1,"IOTHUB_CLIENT_CONFIRMATION_OK"
6036,10402335980,10402336032,1,"IOTHUB_CLIENT_CONFIRMATION_OK"
6037,10402336180,10402336213,1,"IOTHUB_CLIENT_CONFIRMATION_OK"
6038,10402336380,10402336417,1,"IOTHUB_CLIENT_CONFIRMATION_OK"
6039,10402336580,10402336621,1,"IOTHUB_CLIENT_CONFIRMATION_OK"
6040,10402336780,10402336818,1,"IOTHUB_CLIENT_CONFIRMATION_OK"
6041,10402336981,10402337018,1,"IOTHUB_CLIENT_CONFIRMATION_OK"
6042,10402337181,10402337217,1,"IOTHUB_CLIENT_CONFIRMATION_OK"
6043,10402337381,10402337431,1,"IOTHUB_CLIENT_CONFIRMATION_OK"
6044,10402337581,10402337617,1,"IOTHUB_CLIENT_CONFIRMATION_OK"
6045,10402337781,10402337824,1,"IOTHUB_CLIENT_CONFIRMATION_OK"
6046,10402337981,10402338023,1,"IOTHUB_CLIENT_CONFIRMATION_OK"
6047,10402338181,10402338215,1,"IOTHUB_CLIENT_CONFIRMATION_OK"
6048,10402338382,10402338435,1,"IOTHUB_CLIENT_CONFIRMATION_OK"
6049,10402338582,10402338627,1,"IOTHUB_CLIENT_CONFIRMATION_OK"
6050,10402338782,10402338818,1,"IOTHUB_CLIENT_CONFIRMATION_OK"
6051,10402338982,10402339022,1,"IOTHUB_CLIENT_CONFIRMATION_OK"
6052,10402339182,10402339234,1,"IOTHUB_CLIENT_CONFIRMATION_OK"
6053,10402339382,10402339421,1,"IOTHUB_CLIENT_CONFIRMATION_OK"
6054,10402339583,10402339635,1,"IOTHUB_CLIENT_CONFIRMATION_OK"
6055,10402339783,10402339827,1,"IOTHUB_CLIENT_CONFIRMATION_OK"
6056,10402339983,10402340024,1,"IOTHUB_CLIENT_CONFIRMATION_OK"
6057,10402340183,10402340261,1,"IOTHUB_CLIENT_CONFIRMATION_OK"
6058,10402340383,10402340422,1,"IOTHUB_CLIENT_CONFIRMATION_OK"
6059,10402340583,10402340650,1,"IOTHUB_CLIENT_CONFIRMATION_OK"
6060,10402340784,10402340818,1,"IOTHUB_CLIENT_CONFIRMATION_OK"
6061,10402340984,10402341021,1,"IOTHUB_CLIENT_CONFIRMATION_OK"
6062,10402341184,10402341327,1,"IOTHUB_CLIENT_CONFIRMATION_OK"
6063,10402341384,10402341424,1,"IOTHUB_CLIENT_CONFIRMATION_OK"
6064,10402341584,10402341725,1,"IOTHUB_CLIENT_CONFIRMATION_OK"
6065,10402341784,10402341824,1,"IOTHUB_CLIENT_CONFIRMATION_OK"
6066,10402341984,10402342024,1,"IOTHUB_CLIENT_CONFIRMATION_OK"
6067,10402342185,10402342219,1,"IOTHUB_CLIENT_CONFIRMATION_OK"
6068,10402342385,10402342416,1,"IOTHUB_CLIENT_CONFIRMATION_OK"
6069,10402342585,10402342639,1,"IOTHUB_CLIENT_CONFIRMATION_OK"
6070,10402342785,10402342821,1,"IOTHUB_CLIENT_CONFIRMATION_OK"
6071,10402342985,10402343032,1,"IOTHUB_CLIENT_CONFIRMATION_OK"
6072,10402343185,10402343222,1,"IOTHUB_CLIENT_CONFIRMATION_OK"
6073,10402343386,10402343435,1,"IOTHUB_CLIENT_CONFIRMATION_OK"
6074,10402343586,10402343622,1,"IOTHUB_CLIENT_CONFIRMATION_OK"
6075,10402343786,10402343831,1,"IOTHUB_CLIENT_CONFIRMATION_OK"
6076,10402343986,10402344027,1,"IOTHUB_CLIENT_CONFIRMATION_OK"
6077,10402344186,10402344473,1,"IOTHUB_CLIENT_CONFIRMATION_OK"
6078,10402344386,10402344496,1,"IOTHUB_CLIENT_CONFIRMATION_OK"
6079,10402344587,10402344623,1,"IOTHUB_CLIENT_CONFIRMATION_OK"
6080,10402344787,10402344912,1,"IOTHUB_CLIENT_CONFIRMATION_OK"
6081,10402344987,10402345023,1,"IOTHUB_CLIENT_CONFIRMATION_OK"
6082,10402345187,10402345287,1,"IOTHUB_CLIENT_CONFIRMATION_OK"
6083,10402345387,10402345429,1,"IOTHUB_CLIENT_CONFIRMATION_OK"
6084,10402345587,10402345621,1,"IOTHUB_CLIENT_CONFIRMATION_OK"
6085,10402345787,10402345946,1,"IOTHUB_CLIENT_CONFIRMATION_OK"
6086,10402345988,10402346025,1,"IOTHUB_CLIENT_CONFIRMATION_OK"
6087,10402346188,10402346224,1,"IOTHUB_CLIENT_CONFIRMATION_OK"
6088,10402346388,10402346424,1,"IOTHUB_CLIENT_CONFIRMATION_OK"
6089,10402346588,10402346622,1,"IOTHUB_CLIENT_CONFIRMATION_OK"
6090,10402346788,10402347012,1,"IOTHUB_CLIENT_CONFIRMATION_OK"
6091,10402346988,10402347076,1,"IOTHUB_CLIENT_CONFIRMATION_OK"
6092,10402347189,10402347224,1,"IOTHUB_CLIENT_CONFIRMATION_OK"
6093,10402347389,10402347432,1,"IOTHUB_CLIENT_CONFIRMATION_OK"
6094,10402347589,10402347635,1,"IOTHUB_CLIENT_CONFIRMATION_OK"
6095,10402347789,10402347973,1,"IOTHUB_CLIENT_CONFIRMATION_OK"
6096,10402347989,10402348033,1,"IOTHUB_CLIENT_CONFIRMATION_OK"
6097,10402348189,10402348225,1,"IOTHUB_CLIENT_CONFIRMATION_OK"
6098,10402348390,10402348428,1,"IOTHUB_CLIENT_CONFIRMATION_OK"
6099,10402348590,10402348628,1,"IOTHUB_CLIENT_CONFIRMATION_OK"
6100,10402348790,10402348828,1,"IOTHUB_CLIENT_CONFIRMATION_OK"
6101,10402348990,10402349033,1,"IOTHUB_CLIENT_CONFIRMATION_OK"
6102,10402349190,10402349228,1,"IOTHUB_CLIENT_CONFIRMATION_OK"
6103,10402349390,10402349448,1,"IOTHUB_CLIENT_CONFIRMATION_OK"
6104,10402349590,10402349641,1,"IOTHUB_CLIENT_CONFIRMATION_OK"
6105,10402349791,10402349860,1,"IOTHUB_CLIENT_CONFIRMATION_OK"
6106,10402349991,10402350113,1,"IOTHUB_CLIENT_CONFIRMATION_OK"
6107,10402350191,10402350226,1,"IOTHUB_CLIENT_CONFIRMATION_OK"
6108,10402350391,10402350513,1,"IOTHUB_CLIENT_CONFIRMATION_OK"
6109,10402350591,10402350630,1,"IOTHUB_CLIENT_CONFIRMATION_OK"
6110,10402350792,10402350843,1,"IOTHUB_CLIENT_CONFIRMATION_OK"
6111,10402350992,10402351103,1,"IOTHUB_CLIENT_CONFIRMATION_OK"
6112,10402351192,10402351226,1,"IOTHUB_CLIENT_CONFIRMATION_OK"
6113,10402351392,10402351428,1,"IOTHUB_CLIENT_CONFIRMATION_OK"
6114,10402351592,10402351631,1,"IOTHUB_CLIENT_CONFIRMATION_OK"
6115,10402351792,10402351831,1,"IOTHUB_CLIENT_CONFIRMATION_OK"
6116,10402351992,10402352172,1,"IOTHUB_CLIENT_CONFIRMATION_OK"
6117,10402352193,10402352237,1,"IOTHUB_CLIENT_CONFIRMATION_OK"
6118,10402352393,10402352432,1,"IOTHUB_CLIENT_CONFIRMATION_OK"
6119,10402352593,10402352641,1,"IOTHUB_CLIENT_CONFIRMATION_OK"
6120,10402352793,10402352832,1,"IOTHUB_CLIENT_CONFIRMATION_OK"
6121,10402352993,10402353026,1,"IOTHUB_CLIENT_CONFIRMATION_OK"
6122,10402353193,10402353227,1,"IOTHUB_CLIENT_CONFIRMATION_OK"
6123,10402353394,10402353449,1,"IOTHUB_CLIENT_CONFIRMATION_OK"
6124,10402353594,10402353647,1,"IOTHUB_CLIENT_CONFIRMATION_OK"
6125,10402353794,10402353837,1,"IOTHUB_CLIENT_CONFIRMATION_OK"
6126,10402353994,10402354028,1,"IOTHUB_CLIENT_CONFIRMATION_OK"
6127,10402354194,10402354236,1,"IOTHUB_CLIENT_CONFIRMATION_OK"
6128,10402354394,10402354429,1,"IOTHUB_CLIENT_CONFIRMATION_OK"
6129,10402354595,10402354685,1,"IOTHUB_CLIENT_CONFIRMATION_OK"
6130,10402354795,10402354831,1,"IOTHUB_CLIENT_CONFIRMATION_OK"
6131,10402354995,10402355029,1,"IOTHUB_CLIENT_CONFIRMATION_OK"
6132,10402355195,10402355245,1,"IOTHUB_CLIENT_CONFIRMATION_OK"
6133,10402355395,10402355428,1,"IOTHUB_CLIENT_CONFIRMATION_OK"
6134,10402355595,10402355678,1,"IOTHUB_CLIENT_CONFIRMATION_OK"
6135,10402355796,10402355829,1,"IOTHUB_CLIENT_CONFIRMATION_OK"
6136,10402355996,10402356034,1,"IOTHUB_CLIENT_CONFIRMATION_OK"
6137,10402356196,10402356302,1,"IOTHUB_CLIENT_CONFIRMATION_OK"
6138,10402356396,10402356446,1,"IOTHUB_CLIENT_CONFIRMATION_OK"
6139,10402356596,10402356702,1,"IOTHUB_CLIENT_CONFIRMATION_OK"
6140,10402356796,10402356833,1,"IOTHUB_CLIENT_CONFIRMATION_OK"
6141,10402356996,10402357037,1,"IOTHUB_CLIENT_CONFIRMATION_OK"
6142,10402357197,10402357345,1,"IOTHUB_CLIENT_CONFIRMATION_OK"
6143,10402357397,10402357432,1,"IOTHUB_CLIENT_CONFIRMATION_OK"
6144,10402357597,10402357632,1,"IOTHUB_CLIENT_CONFIRMATION_OK"
6145,10402357797,10402357832,1,"IOTHUB_CLIENT_CONFIRMATION_OK"
6146,10402357997,10402358046,1,"IOTHUB_CLIENT_CONFIRMATION_OK"
6147,10402358197,10402358244,1,"IOTHUB_CLIENT_CONFIRMATION_OK"
6148,10402358398,10402358448,1,"IOTHUB_CLIENT_CONFIRMATION_OK"
6149,10402358598,10402358637,1,"IOTHUB_CLIENT_CONFIRMATION_OK"
6150,10402358798,10402358839,1,"IOTHUB_CLIENT_CONFIRMATION_OK"
6151,10402358998,10402359033,1,"IOTHUB_CLIENT_CONFIRMATION_OK"
6152,10402359198,10402359236,1,"IOTHUB_CLIENT_CONFIRMATION_OK"
6153,10402359398,10402359437,1,"IOTHUB_CLIENT_CONFIRMATION_OK"
6154,10402359599,10402359639,1,"IOTHUB_CLIENT_CONFIRMATION_OK"
6155,10402359799,10402359832,1,"IOTHUB_CLIENT_CONFIRMATION_OK"
6156,10402359999,10402360032,1,"IOTHUB_CLIENT_CONFIRMATION_OK"
6157,10402360199,10402360251,1,"IOTHUB_CLIENT_CONFIRMATION_OK"
6158,10402360399,10402360454,1,"IOTHUB_CLIENT_CONFIRMATION_OK"
6159,10402360599,10402360639,1,"IOTHUB_CLIENT_CONFIRMATION_OK"
6160,10402360800,10402360837,1,"IOTHUB_CLIENT_CONFIRMATION_OK"
6161,10402361000,10402361035,1,"IOTHUB_CLIENT_CONFIRMATION_OK"
6162,10402361200,10402361249,1,"IOTHUB_CLIENT_CONFIRMATION_OK"
6163,10402361400,10402361448,1,"IOTHUB_CLIENT_CONFIRMATION_OK"
6164,10402361600,10402361638,1,"IOTHUB_CLIENT_CONFIRMATION_OK"
6165,10402361800,10402361871,1,"IOTHUB_CLIENT_CONFIRMATION_OK"
6166,10402362000,10402362037,1,"IOTHUB_CLIENT_CONFIRMATION_OK"
6167,10402362201,10402362239,1,"IOTHUB_CLIENT_CONFIRMATION_OK"
6168,10402362401,10402362469,1,"IOTHUB_CLIENT_CONFIRMATION_OK"
6169,10402362601,10402362635,1,"IOTHUB_CLIENT_CONFIRMATION_OK"
6170,10402362801,10402362866,1,"IOTHUB_CLIENT_CONFIRMATION_OK"
6171,10402363001,10402363133,1,"IOTHUB_CLIENT_CONFIRMATION_OK"
6172,10402363201,10402363234,1,"IOTHUB_CLIENT_CONFIRMATION_OK"
6173,10402363402,10402363454,1,"IOTHUB_CLIENT_CONFIRMATION_OK"
6174,10402363602,10402363640,1,"IOTHUB_CLIENT_CONFIRMATION_OK"
6175,10402363802,10402363839,1,"IOTHUB_CLIENT_CONFIRMATION_OK"
6176,10402364002,10402364040,1,"IOTHUB_CLIENT_CONFIRMATION_OK"
6177,10402364202,10402364248,1,"IOTHUB_CLIENT_CONFIRMATION_OK"
6178,10402364402,10402364574,1,"IOTHUB_CLIENT_CONFIRMATION_OK"
6179,10402364603,10402364639,1,"IOTHUB_CLIENT_CONFIRMATION_OK"
6180,10402364803,10402364838,1,"IOTHUB_CLIENT_CONFIRMATION_OK"
6181,10402365003,10402365048,1,"IOTHUB_CLIENT_CONFIRMATION_OK"
6182,10402365203,10402365243,1,"IOTHUB_CLIENT_CONFIRMATION_OK"
6183,10402365403,10402365579,1,"IOTHUB_CLIENT_CONFIRMATION_OK"
6184,10402365603,10402365743,1,"IOTHUB_CLIENT_CONFIRMATION_OK"
6185,10402365803,10402365844,1,"IOTHUB_CLIENT_CONFIRMATION_OK"
6186,10402366004,10402366041,1,"IOTHUB_CLIENT_CONFIRMATION_OK"
6187,10402366204,10402366237,1,"IOTHUB_CLIENT_CONFIRMATION_OK"
6188,10402366404,10402366438,1,"IOTHUB_CLIENT_CONFIRMATION_OK"
6189,10402366604,10402366640,1,"IOTHUB_CLIENT_CONFIRMATION_OK"
6190,10402366804,10402366848,1,"IOTHUB_CLIENT_CONFIRMATION_OK"
6191,10402367004,10402367039,1,"IOTHUB_CLIENT_CONFIRMATION_OK"
6192,10402367205,10402367255,1,"IOTHUB_CLIENT_CONFIRMATION_OK"
6193,10402367405,10402367444,1,"IOTHUB_CLIENT_CONFIRMATION_OK"
6194,10402367605,10402367646,1,"IOTHUB_CLIENT_CONFIRMATION_OK"
6195,10402367805,10402367850,1,"IOTHUB_CLIENT_CONFIRMATION_OK"
6196,10402368005,10402368120,1,"IOTHUB_CLIENT_CONFIRMATION_OK"
6197,10402368205,10402368256,1,"IOTHUB_CLIENT_CONFIRMATION_OK"
6198,10402368406,10402368448,1,"IOTHUB_CLIENT_CONFIRMATION_OK"
6199,10402368606,10402368659,1,"IOTHUB_CLIENT_CONFIRMATION_OK"
6200,10402368806,10402368846,1,"IOTHUB_CLIENT_CONFIRMATION_OK"
6201,10402369006,10402369131,1,"IOTHUB_CLIENT_CONFIRMATION_OK"
6202,10402369206,10402369241,1,"IOTHUB_CLIENT_CONFIRMATION_OK"
6203,10402369406,10402369439,1,"IOTHUB_CLIENT_CONFIRMATION_OK"
6204,10402369607,10402369751,1,"IOTHUB_CLIENT_CONFIRMATION_OK"
6205,10402369807,10402369839,1,"IOTHUB_CLIENT_CONFIRMATION_OK"
6206,10402370007,10402370043,1,"IOTHUB_CLIENT_CONFIRMATION_OK"
6207,10402370207,10402370262,1,"IOTHUB_CLIENT_CONFIRMATION_OK"
6208,10402370407,10402370451,1,"IOTHUB_CLIENT_CONFIRMATION_OK"
6209,10402370607,10402370752,1,"IOTHUB_CLIENT_CONFIRMATION_OK"
6210,10402370807,10402370844,1,"IOTHUB_CLIENT_CONFIRMATION_OK"
6211,10402371008,10402371043,1,"IOTHUB_CLIENT_CONFIRMATION_OK"
6212,10402371208,10402371257,1,"IOTHUB_CLIENT_CONFIRMATION_OK"
6213,10402371408,10402371445,1,"IOTHUB_CLIENT_CONFIRMATION_OK"
6214,10402371608,10402371780,1,"IOTHUB_CLIENT_CONFIRMATION_OK"
6215,10402371808,10402371854,1,"IOTHUB_CLIENT_CONFIRMATION_OK"
6216,10402372008,10402372048,1,"IOTHUB_CLIENT_CONFIRMATION_OK"
6217,10402372209,10402372244,1,"IOTHUB_CLIENT_CONFIRMATION_OK"
6218,10402372409,10402372441,1,"IOTHUB_CLIENT_CONFIRMATION_OK"
6219,10402372609,10402372643,1,"IOTHUB_CLIENT_CONFIRMATION_OK"
6220,10402372809,10402372854,1,"IOTHUB_CLIENT_CONFIRMATION_OK"
6221,10402373009,10402373044,1,"IOTHUB_CLIENT_CONFIRMATION_OK"
6222,10402373209,10402373246,1,"IOTHUB_CLIENT_CONFIRMATION_OK"
6223,10402373410,10402373455,1,"IOTHUB_CLIENT_CONFIRMATION_OK"
6224,10402373610,10402373642,1,"IOTHUB_CLIENT_CONFIRMATION_OK"
6225,10402373810,10402373848,1,"IOTHUB_CLIENT_CONFIRMATION_OK"
6226,10402374010,10402374047,1,"IOTHUB_CLIENT_CONFIRMATION_OK"
6227,10402374210,10402374257,1,"IOTHUB_CLIENT_CONFIRMATION_OK"
6228,10402374410,10402374452,1,"IOTHUB_CLIENT_CONFIRMATION_OK"
6229,10402374610,10402374654,1,"IOTHUB_CLIENT_CONFIRMATION_OK"
6230,10402374811,10402374888,1,"IOTHUB_CLIENT_CONFIRMATION_OK"
6231,10402375011,10402375056,1,"IOTHUB_CLIENT_CONFIRMATION_OK"
6232,10402375211,10402375422,1,"IOTHUB_CLIENT_CONFIRMATION_OK"
6233,10402375411,10402375451,1,"IOTHUB_CLIENT_CONFIRMATION_OK"
6234,10402375611,10402375643,1,"IOTHUB_CLIENT_CONFIRMATION_OK"
6235,10402375811,10402375844,1,"IOTHUB_CLIENT_CONFIRMATION_OK"
6236,10402376012,10402376045,1,"IOTHUB_CLIENT_CONFIRMATION_OK"
6237,10402376212,10402376244,1,"IOTHUB_CLIENT_CONFIRMATION_OK"
6238,10402376412,10402376458,1,"IOTHUB_CLIENT_CONFIRMATION_OK"
6239,10402376612,10402376647,1,"IOTHUB_CLIENT_CONFIRMATION_OK"
6240,10402376812,10402376859,1,"IOTHUB_CLIENT_CONFIRMATION_OK"
6241,10402377012,10402377050,1,"IOTHUB_CLIENT_CONFIRMATION_OK"
6242,10402377212,10402377246,1,"IOTHUB_CLIENT_CONFIRMATION_OK"
6243,10402377413,10402377454,1,"IOTHUB_CLIENT_CONFIRMATION_OK"
6244,10402377613,10402377649,1,"IOTHUB_CLIENT_CONFIRMATION_OK"
6245,10402377813,10402377862,1,"IOTHUB_CLIENT_CONFIRMATION_OK"
6246,10402378013,10402378047,1,"IOTHUB_CLIENT_CONFIRMATION_OK"
6247,10402378213,10402378253,1,"IOTHUB_CLIENT_CONFIRMATION_OK"
6248,10402378413,10402378509,1,"IOTHUB_CLIENT_CONFIRMATION_OK"
6249,10402378614,10402378647,1,"IOTHUB_CLIENT_CONFIRMATION_OK"
6250,10402378814,10402378848,1,"IOTHUB_CLIENT_CONFIRMATION_OK"
6251,10402379014,10402379046,1,"IOTHUB_CLIENT_CONFIRMATION_OK"
6252,10402379214,10402379260,1,"IOTHUB_CLIENT_CONFIRMATION_OK"
6253,10402379414,10402379569,1,"IOTHUB_CLIENT_CONFIRMATION_OK"
6254,10402379614,10402379652,1,"IOTHUB_CLIENT_CONFIRMATION_OK"
6255,10402379814,10402379887,1,"IOTHUB_CLIENT_CONFIRMATION_OK"
6256,10402380015,10402380048,1,"IOTHUB_CLIENT_CONFIRMATION_OK"
6257,10402380215,10402380248,1,"IOTHUB_CLIENT_CONFIRMATION_OK"
6258,10402380415,10402380584,1,"IOTHUB_CLIENT_CONFIRMATION_OK"
6259,10402380615,10402380651,1,"IOTHUB_CLIENT_CONFIRMATION_OK"
6260,10402380815,10402380851,1,"IOTHUB_CLIENT_CONFIRMATION_OK"
6261,10402381015,10402381051,1,"IOTHUB_CLIENT_CONFIRMATION_OK"
6262,10402381216,10402381249,1,"IOTHUB_CLIENT_CONFIRMATION_OK"
6263,10402381416,10402381449,1,"IOTHUB_CLIENT_CONFIRMATION_OK"
6264,10402381616,10402381653,1,"IOTHUB_CLIENT_CONFIRMATION_OK"
6265,10402381816,10402381849,1,"IOTHUB_CLIENT_CONFIRMATION_OK"
6266,10402382016,10402382051,1,"IOTHUB_CLIENT_CONFIRMATION_OK"
6267,10402382216,10402382259,1,"IOTHUB_CLIENT_CONFIRMATION_OK"
6268,10402382417,10402382464,1,"IOTHUB_CLIENT_CONFIRMATION_OK"
6269,10402382617,10402382720,1,"IOTHUB_CLIENT_CONFIRMATION_OK"
6270,10402382817,10402382853,1,"IOTHUB_CLIENT_CONFIRMATION_OK"
6271,10402383017,10402383128,1,"IOTHUB_CLIENT_CONFIRMATION_OK"
6272,10402383217,10402383252,1,"IOTHUB_CLIENT_CONFIRMATION_OK"
6273,10402383417,10402383458,1,"IOTHUB_CLIENT_CONFIRMATION_OK"
6274,10402383618,10402383668,1,"IOTHUB_CLIENT_CONFIRMATION_OK"
6275,10402383818,10402383859,1,"IOTHUB_CLIENT_CONFIRMATION_OK"
6276,10402384018,10402384167,1,"IOTHUB_CLIENT_CONFIRMATION_OK"
6277,10402384218,10402384255,1,"IOTHUB_CLIENT_CONFIRMATION_OK"
6278,10402384418,10402384462,1,"IOTHUB_CLIENT_CONFIRMATION_OK"
6279,10402384618,10402384659,1,"IOTHUB_CLIENT_CONFIRMATION_OK"
6280,10402384819,10402384862,1,"IOTHUB_CLIENT_CONFIRMATION_OK"
6281,10402385019,10402385059,1,"IOTHUB_CLIENT_CONFIRMATION_OK"
6282,10402385219,10402385318,1,"IOTHUB_CLIENT_CONFIRMATION_OK"
6283,10402385419,10402385454,1,"IOTHUB_CLIENT_CONFIRMATION_OK"
6284,10402385619,10402385801,1,"IOTHUB_CLIENT_CONFIRMATION_OK"
6285,10402385819,10402385857,1,"IOTHUB_CLIENT_CONFIRMATION_OK"
6286,10402386019,10402386054,1,"IOTHUB_CLIENT_CONFIRMATION_OK"
6287,10402386220,10402386258,1,"IOTHUB_CLIENT_CONFIRMATION_OK"
6288,10402386420,10402386461,1,"IOTHUB_CLIENT_CONFIRMATION_OK"
6289,10402386620,10402386807,1,"IOTHUB_CLIENT_CONFIRMATION_OK"
6290,10402386820,10402386854,1,"IOTHUB_CLIENT_CONFIRMATION_OK"
6291,10402387020,10402387067,1,"IOTHUB_CLIENT_CONFIRMATION_OK"
6292,10402387220,10402387261,1,"IOTHUB_CLIENT_CONFIRMATION_OK"
6293,10402387421,10402387462,1,"IOTHUB_CLIENT_CONFIRMATION_OK"
6294,10402387621,10402387654,1,"IOTHUB_CLIENT_CONFIRMATION_OK"
6295,10402387821,10402387856,1,"IOTHUB_CLIENT_CONFIRMATION_OK"
6296,10402388021,10402388055,1,"IOTHUB_CLIENT_CONFIRMATION_OK"
6297,10402388221,10402388260,1,"IOTHUB_CLIENT_CONFIRMATION_OK"
6298,10402388421,10402388457,1,"IOTHUB_CLIENT_CONFIRMATION_OK"
6299,10402388622,10402388657,1,"IOTHUB_CLIENT_CONFIRMATION_OK"
6300,10402388822,10402388875,1,"IOTHUB_CLIENT_CONFIRMATION_OK"
6301,10402389022,10402389059,1,"IOTHUB_CLIENT_CONFIRMATION_OK"
6302,10402389222,10402389272,1,"IOTHUB_CLIENT_CONFIRMATION_OK"
6303,10402389422,10402389460,1,"IOTHUB_CLIENT_CONFIRMATION_OK"
6304,10402389622,10402389658,1,"IOTHUB_CLIENT_CONFIRMATION_OK"
6305,10402389822,10402389879,1,"IOTHUB_CLIENT_CONFIRMATION_OK"
6306,10402390023,10402390070,1,"IOTHUB_CLIENT_CONFIRMATION_OK"
6307,10402390223,10402390284,1,"IOTHUB_CLIENT_CONFIRMATION_OK"
6308,10402390423,10402390461,1,"IOTHUB_CLIENT_CONFIRMATION_OK"
6309,10402390623,10402390665,1,"IOTHUB_CLIENT_CONFIRMATION_OK"
6310,10402390823,10402390910,1,"IOTHUB_CLIENT_CONFIRMATION_OK"
6311,10402391023,10402391060,1,"IOTHUB_CLIENT_CONFIRMATION_OK"
6312,10402391224,10402391259,1,"IOTHUB_CLIENT_CONFIRMATION_OK"
6313,10402391424,10402391458,1,"IOTHUB_CLIENT_CONFIRMATION_OK"
6314,10402391624,10402391669,1,"IOTHUB_CLIENT_CONFIRMATION_OK"
6315,10402391824,10402391915,1,"IOTHUB_CLIENT_CONFIRMATION_OK"
6316,10402392024,10402392058,1,"IOTHUB_CLIENT_CONFIRMATION_OK"
6317,10402392224,10402392263,1,"IOTHUB_CLIENT_CONFIRMATION_OK"
6318,10402392425,10402392534,1,"IOTHUB_CLIENT_CONFIRMATION_OK"
6319,10402392625,10402392660,1,"IOTHUB_CLIENT_CONFIRMATION_OK"
6320,10402392825,10402392935,1,"IOTHUB_CLIENT_CONFIRMATION_OK"
6321,10402393025,10402393074,1,"IOTHUB_CLIENT_CONFIRMATION_OK"
6322,10402393225,10402393263,1,"IOTHUB_CLIENT_CONFIRMATION_OK"
6323,10402393425,10402393539,1,"IOTHUB_CLIENT_CONFIRMATION_OK"
6324,10402393626,10402393674,1,"IOTHUB_CLIENT_CONFIRMATION_OK"
6325,10402393826,10402393862,1,"IOTHUB_CLIENT_CONFIRMATION_OK"
6326,10402394026,10402394058,1,"IOTHUB_CLIENT_CONFIRMATION_OK"
6327,10402394226,10402394262,1,"IOTHUB_CLIENT_CONFIRMATION_OK"
6328,10402394426,10402394549,1,"IOTHUB_CLIENT_CONFIRMATION_OK"
6329,10402394626,10402394663,1,"IOTHUB_CLIENT_CONFIRMATION_OK"
6330,10402394827,10402394866,1,"IOTHUB_CLIENT_CONFIRMATION_OK"
6331,10402395027,10402395065,1,"IOTHUB_CLIENT_CONFIRMATION_OK"
6332,10402395227,10402395259,1,"IOTHUB_CLIENT_CONFIRMATION_OK"
6333,10402395427,10402395568,1,"IOTHUB_CLIENT_CONFIRMATION_OK"
6334,10402395627,10402395665,1,"IOTHUB_CLIENT_CONFIRMATION_OK"
6335,10402395827,10402395864,1,"IOTHUB_CLIENT_CONFIRMATION_OK"
6336,10402396028,10402396370,1,"IOTHUB_CLIENT_CONFIRMATION_OK"
6337,10402396228,10402396416,1,"IOTHUB_CLIENT_CONFIRMATION_OK"
6338,10402396428,10402396472,1,"IOTHUB_CLIENT_CONFIRMATION_OK"
6339,10402396628,10402396972,1,"IOTHUB_CLIENT_CONFIRMATION_OK"
6340,10402396828,10402397019,1,"IOTHUB_CLIENT_CONFIRMATION_OK"
6341,10402397028,10402397213,1,"IOTHUB_CLIENT_CONFIRMATION_OK"
6342,10402397228,10402397267,1,"IOTHUB_CLIENT_CONFIRMATION_OK"
6343,10402397429,10402397469,1,"IOTHUB_CLIENT_CONFIRMATION_OK"
6344,10402397629,10402397679,1,"IOTHUB_CLIENT_CONFIRMATION_OK"
6345,10402397829,10402397863,1,"IOTHUB_CLIENT_CONFIRMATION_OK"
6346,10402398029,10402398223,1,"IOTHUB_CLIENT_CONFIRMATION_OK"
6347,10402398229,10402398262,1,"IOTHUB_CLIENT_CONFIRMATION_OK"
6348,10402398429,10402398470,1,"IOTHUB_CLIENT_CONFIRMATION_OK"
6349,10402398630,10402398672,1,"IOTHUB_CLIENT_CONFIRMATION_OK"
6350,10402398830,10402398871,1,"IOTHUB_CLIENT_CONFIRMATION_OK"
6351,10402399030,10402399240,1,"IOTHUB_CLIENT_CONFIRMATION_OK"
6352,10402399230,10402399265,1,"IOTHUB_CLIENT_CONFIRMATION_OK"
6353,10402399430,10402399467,1,"IOTHUB_CLIENT_CONFIRMATION_OK"
6354,10402399630,10402399669,1,"IOTHUB_CLIENT_CONFIRMATION_OK"
6355,10402399831,10402399866,1,"IOTHUB_CLIENT_CONFIRMATION_OK"
6356,10402400031,10402400076,1,"IOTHUB_CLIENT_CONFIRMATION_OK"
6357,10402400231,10402400269,1,"IOTHUB_CLIENT_CONFIRMATION_OK"
6358,10402400431,10402400464,1,"IOTHUB_CLIENT_CONFIRMATION_OK"
6359,10402400631,10402400668,1,"IOTHUB_CLIENT_CONFIRMATION_OK"
6360,10402400831,10402400863,1,"IOTHUB_CLIENT_CONFIRMATION_OK"
6361,10402401031,10402401084,1,"IOTHUB_CLIENT_CONFIRMATION_OK"
6362,10402401232,10402401288,1,"IOTHUB_CLIENT_CONFIRMATION_OK"
6363,10402401432,10402401468,1,"IOTHUB_CLIENT_CONFIRMATION_OK"
6364,10402401632,10402401693,1,"IOTHUB_CLIENT_CONFIRMATION_OK"
6365,10402401832,10402401905,1,"IOTHUB_CLIENT_CONFIRMATION_OK"
6366,10402402032,10402402064,1,"IOTHUB_CLIENT_CONFIRMATION_OK"
6367,10402402232,10402402314,1,"IOTHUB_CLIENT_CONFIRMATION_OK"
6368,10402402433,10402402465,1,"IOTHUB_CLIENT_CONFIRMATION_OK"
6369,10402402633,10402402678,1,"IOTHUB_CLIENT_CONFIRMATION_OK"
6370,10402402833,10402402865,1,"IOTHUB_CLIENT_CONFIRMATION_OK"
6371,10402403033,10402403068,1,"IOTHUB_CLIENT_CONFIRMATION_OK"
6372,10402403233,10402403333,1,"IOTHUB_CLIENT_CONFIRMATION_OK"
6373,10402403433,10402403470,1,"IOTHUB_CLIENT_CONFIRMATION_OK"
6374,10402403633,10402403669,1,"IOTHUB_CLIENT_CONFIRMATION_OK"
6375,10402403834,10402403870,1,"IOTHUB_CLIENT_CONFIRMATION_OK"
6376,10402404034,10402404073,1,"IOTHUB_CLIENT_CONFIRMATION_OK"
6377,10402404234,10402404344,1,"IOTHUB_CLIENT_CONFIRMATION_OK"
6378,10402404434,10402404470,1,"IOTHUB_CLIENT_CONFIRMATION_OK"
6379,10402404634,10402404683,1,"IOTHUB_CLIENT_CONFIRMATION_OK"
6380,10402404834,10402404878,1,"IOTHUB_CLIENT_CONFIRMATION_OK"
6381,10402405035,10402405071,1,"IOTHUB_CLIENT_CONFIRMATION_OK"
6382,10402405235,10402405363,1,"IOTHUB_CLIENT_CONFIRMATION_OK"
6383,10402405435,10402405475,1,"IOTHUB_CLIENT_CONFIRMATION_OK"
6384,10402405635,10402405670,1,"IOTHUB_CLIENT_CONFIRMATION_OK"
6385,10402405835,10402405993,1,"IOTHUB_CLIENT_CONFIRMATION_OK"
6386,10402406035,10402406071,1,"IOTHUB_CLIENT_CONFIRMATION_OK"
6387,10402406236,10402406272,1,"IOTHUB_CLIENT_CONFIRMATION_OK"
6388,10402406436,10402406473,1,"IOTHUB_CLIENT_CONFIRMATION_OK"
6389,10402406636,10402406672,1,"IOTHUB_CLIENT_CONFIRMATION_OK"
6390,10402406836,10402407013,1,"IOTHUB_CLIENT_CONFIRMATION_OK"
6391,10402407036,10402407072,1,"IOTHUB_CLIENT_CONFIRMATION_OK"
6392,10402407236,10402407273,1,"IOTHUB_CLIENT_CONFIRMATION_OK"
6393,10402407437,10402407478,1,"IOTHUB_CLIENT_CONFIRMATION_OK"
6394,10402407637,10402407680,1,"IOTHUB_CLIENT_CONFIRMATION_OK"
6395,10402407837,10402408105,1,"IOTHUB_CLIENT_CONFIRMATION_OK"
6396,10402408037,10402408126,1,"IOTHUB_CLIENT_CONFIRMATION_OK"
6397,10402408237,10402408274,1,"IOTHUB_CLIENT_CONFIRMATION_OK"
6398,10402408437,10402408506,1,"IOTHUB_CLIENT_CONFIRMATION_OK"
6399,10402408637,10402408673,1,"IOTHUB_CLIENT_CONFIRMATION_OK"
6400,10402408838,10402408875,1,"IOTHUB_CLIENT_CONFIRMATION_OK"
6401,10402409038,10402409088,1,"IOTHUB_CLIENT_CONFIRMATION_OK"
6402,10402409238,10402409276,1,"IOTHUB_CLIENT_CONFIRMATION_OK"
6403,10402409438,10402409523,1,"IOTHUB_CLIENT_CONFIRMATION_OK"
6404,10402409638,10402409670,1,"IOTHUB_CLIENT_CONFIRMATION_OK"
6405,10402409838,10402409874,1,"IOTHUB_CLIENT_CONFIRMATION_OK"
6406,10402410038,10402410136,1,"IOTHUB_CLIENT_CONFIRMATION_OK"
6407,10402410239,10402410273,1,"IOTHUB_CLIENT_CONFIRMATION_OK"
6408,10402410439,10402410549,1,"IOTHUB_CLIENT_CONFIRMATION_OK"
6409,10402410639,10402410672,1,"IOTHUB_CLIENT_CONFIRMATION_OK"
6410,10402410839,10402410873,1,"IOTHUB_CLIENT_CONFIRMATION_OK"
6411,10402411039,10402411230,1,"IOTHUB_CLIENT_CONFIRMATION_OK"
6412,10402411239,10402411273,1,"IOTHUB_CLIENT_CONFIRMATION_OK"
6413,10402411440,10402411474,1,"IOTHUB_CLIENT_CONFIRMATION_OK"
6414,10402411640,10402411672,1,"IOTHUB_CLIENT_CONFIRMATION_OK"
6415,10402411840,10402411887,1,"IOTHUB_CLIENT_CONFIRMATION_OK"
6416,10402412040,10402412076,1,"IOTHUB_CLIENT_CONFIRMATION_OK"
6417,10402412240,10402412275,1,"IOTHUB_CLIENT_CONFIRMATION_OK"
6418,10402412440,10402412480,1,"IOTHUB_CLIENT_CONFIRMATION_OK"
6419,10402412641,10402412674,1,"IOTHUB_CLIENT_CONFIRMATION_OK"
6420,10402412841,10402412874,1,"IOTHUB_CLIENT_CONFIRMATION_OK"
6421,10402413041,10402413078,1,"IOTHUB_CLIENT_CONFIRMATION_OK"
6422,10402413241,10402413282,1,"IOTHUB_CLIENT_CONFIRMATION_OK"
6423,10402413441,10402413479,1,"IOTHUB_CLIENT_CONFIRMATION_OK"
6424,10402413641,10402413675,1,"IOTHUB_CLIENT_CONFIRMATION_OK"
6425,10402413842,10402413881,1,"IOTHUB_CLIENT_CONFIRMATION_OK"
6426,10402414042,10402414308,1,"IOTHUB_CLIENT_CONFIRMATION_OK"
6427,10402414242,10402414326,1,"IOTHUB_CLIENT_CONFIRMATION_OK"
6428,10402414442,10402414482,1,"IOTHUB_CLIENT_CONFIRMATION_OK"
6429,10402414642,10402414714,1,"IOTHUB_CLIENT_CONFIRMATION_OK"
6430,10402414842,10402414878,1,"IOTHUB_CLIENT_CONFIRMATION_OK"
6431,10402415042,10402415080,1,"IOTHUB_CLIENT_CONFIRMATION_OK"
6432,10402415243,10402415275,1,"IOTHUB_CLIENT_CONFIRMATION_OK"
6433,10402415443,10402415478,1,"IOTHUB_CLIENT_CONFIRMATION_OK"
6434,10402415643,10402415723,1,"IOTHUB_CLIENT_CONFIRMATION_OK"
6435,10402415843,10402415877,1,"IOTHUB_CLIENT_CONFIRMATION_OK"
6436,10402416043,10402416076,1,"IOTHUB_CLIENT_CONFIRMATION_OK"
6437,10402416243,10402416392,1,"IOTHUB_CLIENT_CONFIRMATION_OK"
6438,10402416444,10402416488,1,"IOTHUB_CLIENT_CONFIRMATION_OK"
6439,10402416644,10402416794,1,"IOTHUB_CLIENT_CONFIRMATION_OK"
6440,10402416844,10402416888,1,"IOTHUB_CLIENT_CONFIRMATION_OK"
6441,10402417044,10402417083,1,"IOTHUB_CLIENT_CONFIRMATION_OK"
6442,10402417244,10402417282,1,"IOTHUB_CLIENT_CONFIRMATION_OK"
6443,10402417444,10402417481,1,"IOTHUB_CLIENT_CONFIRMATION_OK"
6444,10402417645,10402417684,1,"IOTHUB_CLIENT_CONFIRMATION_OK"
6445,10402417845,10402417883,1,"IOTHUB_CLIENT_CONFIRMATION_OK"
6446,10402418045,10402418083,1,"IOTHUB_CLIENT_CONFIRMATION_OK"
6447,10402418245,10402418282,1,"IOTHUB_CLIENT_CONFIRMATION_OK"
6448,10402418445,10402418482,1,"IOTHUB_CLIENT_CONFIRMATION_OK"
6449,10402418645,10402418697,1,"IOTHUB_CLIENT_CONFIRMATION_OK"
6450,10402418845,10402418879,1,"IOTHUB_CLIENT_CONFIRMATION_OK"
6451,10402419046,10402419082,1,"IOTHUB_CLIENT_CONFIRMATION_OK"
6452,10402419246,10402419288,1,"IOTHUB_CLIENT_CONFIRMATION_OK"
6453,10402419446,10402419483,1,"IOTHUB_CLIENT_CONFIRMATION_OK"
6454,10402419646,10402419684,1,"IOTHUB_CLIENT_CONFIRMATION_OK"
6455,10402419846,10402419912,1,"IOTHUB_CLIENT_CONFIRMATION_OK"
6456,10402420046,10402420086,1,"IOTHUB_CLIENT_CONFIRMATION_OK"
6457,10402420247,10402420304,1,"IOTHUB_CLIENT_CONFIRMATION_OK"
6458,10402420447,10402420484,1,"IOTHUB_CLIENT_CONFIRMATION_OK"
6459,10402420647,10402420709,1,"IOTHUB_CLIENT_CONFIRMATION_OK"
6460,10402420847,10402420912,1,"IOTHUB_CLIENT_CONFIRMATION_OK"
6461,10402421047,10402421082,1,"IOTHUB_CLIENT_CONFIRMATION_OK"
6462,10402421247,10402421292,1,"IOTHUB_CLIENT_CONFIRMATION_OK"
6463,10402421448,10402421553,1,"IOTHUB_CLIENT_CONFIRMATION_OK"
6464,10402421648,10402421680,1,"IOTHUB_CLIENT_CONFIRMATION_OK"
6465,10402421848,10402421957,1,"IOTHUB_CLIENT_CONFIRMATION_OK"
6466,10402422048,10402422084,1,"IOTHUB_CLIENT_CONFIRMATION_OK"
6467,10402422248,10402422286,1,"IOTHUB_CLIENT_CONFIRMATION_OK"
6468,10402422448,10402422483,1,"IOTHUB_CLIENT_CONFIRMATION_OK"
6469,10402422648,10402422682,1,"IOTHUB_CLIENT_CONFIRMATION_OK"
6470,10402422849,10402422969,1,"IOTHUB_CLIENT_CONFIRMATION_OK"
6471,10402423049,10402423095,1,"IOTHUB_CLIENT_CONFIRMATION_OK"
6472,10402423249,10402423285,1,"IOTHUB_CLIENT_CONFIRMATION_OK"
6473,10402423449,10402423598,1,"IOTHUB_CLIENT_CONFIRMATION_OK"
6474,10402423649,10402423686,1,"IOTHUB_CLIENT_CONFIRMATION_OK"
6475,10402423849,10402423884,1,"IOTHUB_CLIENT_CONFIRMATION_OK"
6476,10402424050,10402424086,1,"IOTHUB_CLIENT_CONFIRMATION_OK"
6477,10402424250,10402424285,1,"IOTHUB_CLIENT_CONFIRMATION_OK"
6478,10402424450,10402424602,1,"IOTHUB_CLIENT_CONFIRMATION_OK"
6479,10402424650,10402424689,1,"IOTHUB_CLIENT_CONFIRMATION_OK"
6480,10402424850,10402424922,1,"IOTHUB_CLIENT_CONFIRMATION_OK"
6481,10402425050,10402425087,1,"IOTHUB_CLIENT_CONFIRMATION_OK"
6482,10402425250,10402425292,1,"IOTHUB_CLIENT_CONFIRMATION_OK"
6483,10402425451,10402425639,1,"IOTHUB_CLIENT_CONFIRMATION_OK"
6484,10402425651,10402425685,1,"IOTHUB_CLIENT_CONFIRMATION_OK"
6485,10402425851,10402425886,1,"IOTHUB_CLIENT_CONFIRMATION_OK"
6486,10402426051,10402426093,1,"IOTHUB_CLIENT_CONFIRMATION_OK"
6487,10402426251,10402426289,1,"IOTHUB_CLIENT_CONFIRMATION_OK"
6488,10402426451,10402426499,1,"IOTHUB_CLIENT_CONFIRMATION_OK"
6489,10402426652,10402426706,1,"IOTHUB_CLIENT_CONFIRMATION_OK"
6490,10402426852,10402426889,1,"IOTHUB_CLIENT_CONFIRMATION_OK"
6491,10402427052,10402427088,1,"IOTHUB_CLIENT_CONFIRMATION_OK"
6492,10402427252,10402427293,1,"IOTHUB_CLIENT_CONFIRMATION_OK"
6493,10402427452,10402427488,1,"IOTHUB_CLIENT_CONFIRMATION_OK"
6494,10402427652,10402427688,1,"IOTHUB_CLIENT_CONFIRMATION_OK"
6495,10402427853,10402427889,1,"IOTHUB_CLIENT_CONFIRMATION_OK"
6496,10402428053,10402428103,1,"IOTHUB_CLIENT_CONFIRMATION_OK"
6497,10402428253,10402428290,1,"IOTHUB_CLIENT_CONFIRMATION_OK"
6498,10402428453,10402428489,1,"IOTHUB_CLIENT_CONFIRMATION_OK"
6499,10402428653,10402428687,1,"IOTHUB_CLIENT_CONFIRMATION_OK"
6500,10402428853,10402428896,1,"IOTHUB_CLIENT_CONFIRMATION_OK"
6501,10402429054,10402429086,1,"IOTHUB_CLIENT_CONFIRMATION_OK"
6502,10402429254,10402429315,1,"IOTHUB_CLIENT_CONFIRMATION_OK"
6503,10402429454,10402429495,1,"IOTHUB_CLIENT_CONFIRMATION_OK"
6504,10402429654,10402429742,1,"IOTHUB_CLIENT_CONFIRMATION_OK"
6505,10402429854,10402429895,1,"IOTHUB_CLIENT_CONFIRMATION_OK"
6506,10402430054,10402430088,1,"IOTHUB_CLIENT_CONFIRMATION_OK"
6507,10402430255,10402430288,1,"IOTHUB_CLIENT_CONFIRMATION_OK"
6508,10402430455,10402430488,1,"IOTHUB_CLIENT_CONFIRMATION_OK"
6509,10402430655,10402430743,1,"IOTHUB_CLIENT_CONFIRMATION_OK"
6510,10402430855,10402430894,1,"IOTHUB_CLIENT_CONFIRMATION_OK"
6511,10402431055,10402431087,1,"IOTHUB_CLIENT_CONFIRMATION_OK"
6512,10402431255,10402431398,1,"IOTHUB_CLIENT_CONFIRMATION_OK"
6513,10402431455,10402431491,1,"IOTHUB_CLIENT_CONFIRMATION_OK"
6514,10402431656,10402431749,1,"IOTHUB_CLIENT_CONFIRMATION_OK"
6515,10402431856,10402431897,1,"IOTHUB_CLIENT_CONFIRMATION_OK"
6516,10402432056,10402432089,1,"IOTHUB_CLIENT_CONFIRMATION_OK"
6517,10402432256,10402432371,1,"IOTHUB_CLIENT_CONFIRMATION_OK"
6518,10402432456,10402432495,1,"IOTHUB_CLIENT_CONFIRMATION_OK"
6519,10402432656,10402432692,1,"IOTHUB_CLIENT_CONFIRMATION_OK"
6520,10402432857,10402432893,1,"IOTHUB_CLIENT_CONFIRMATION_OK"
6521,10402433057,10402433091,1,"IOTHUB_CLIENT_CONFIRMATION_OK"
6522,10402433257,10402433383,1,"IOTHUB_CLIENT_CONFIRMATION_OK"
6523,10402433457,10402433495,1,"IOTHUB_CLIENT_CONFIRMATION_OK"
6524,10402433657,10402433716,1,"IOTHUB_CLIENT_CONFIRMATION_OK"
6525,10402433857,10402433890,1,"IOTHUB_CLIENT_CONFIRMATION_OK"
6526,10402434057,10402434098,1,"IOTHUB_CLIENT_CONFIRMATION_OK"
6527,10402434258,10402434397,1,"IOTHUB_CLIENT_CONFIRMATION_OK"
6528,10402434458,10402434491,1,"IOTHUB_CLIENT_CONFIRMATION_OK"
6529,10402434658,10402434699,1,"IOTHUB_CLIENT_CONFIRMATION_OK"
6530,10402434858,10402434896,1,"IOTHUB_CLIENT_CONFIRMATION_OK"
6531,10402435058,10402435090,1,"IOTHUB_CLIENT_CONFIRMATION_OK"
6532,10402435258,10402435408,1,"IOTHUB_CLIENT_CONFIRMATION_OK"
6533,10402435459,10402435496,1,"IOTHUB_CLIENT_CONFIRMATION_OK"
6534,10402435659,10402435699,1,"IOTHUB_CLIENT_CONFIRMATION_OK"
6535,10402435859,10402436027,1,"IOTHUB_CLIENT_CONFIRMATION_OK"
6536,10402436059,10402436099,1,"IOTHUB_CLIENT_CONFIRMATION_OK"
6537,10402436259,10402436304,1,"IOTHUB_CLIENT_CONFIRMATION_OK"
6538,10402436459,10402436496,1,"IOTHUB_CLIENT_CONFIRMATION_OK"
6539,10402436659,10402436696,1,"IOTHUB_CLIENT_CONFIRMATION_OK"
6540,10402436860,10402436896,1,"IOTHUB_CLIENT_CONFIRMATION_OK"
6541,10402437060,10402437094,1,"IOTHUB_CLIENT_CONFIRMATION_OK"
6542,10402437260,10402437300,1,"IOTHUB_CLIENT_CONFIRMATION_OK"
6543,10402437460,10402437502,1,"IOTHUB_CLIENT_CONFIRMATION_OK"
6544,10402437660,10402437693,1,"IOTHUB_CLIENT_CONFIRMATION_OK"
6545,10402437860,10402437909,1,"IOTHUB_CLIENT_CONFIRMATION_OK"
6546,10402438061,10402438093,1,"IOTHUB_CLIENT_CONFIRMATION_OK"
6547,10402438261,10402438307,1,"IOTHUB_CLIENT_CONFIRMATION_OK"
6548,10402438461,10402438501,1,"IOTHUB_CLIENT_CONFIRMATION_OK"
6549,10402438661,10402438698,1,"IOTHUB_CLIENT_CONFIRMATION_OK"
6550,10402438861,10402438897,1,"IOTHUB_CLIENT_CONFIRMATION_OK"
6551,10402439061,10402439096,1,"IOTHUB_CLIENT_CONFIRMATION_OK"
6552,10402439261,10402439305,1,"IOTHUB_CLIENT_CONFIRMATION_OK"
6553,10402439462,10402439525,1,"IOTHUB_CLIENT_CONFIRMATION_OK"
6554,10402439662,10402439696,1,"IOTHUB_CLIENT_CONFIRMATION_OK"
6555,10402439862,10402439901,1,"IOTHUB_CLIENT_CONFIRMATION_OK"
6556,10402440062,10402440133,1,"IOTHUB_CLIENT_CONFIRMATION_OK"
6557,10402440262,10402440296,1,"IOTHUB_CLIENT_CONFIRMATION_OK"
6558,10402440462,10402440532,1,"IOTHUB_CLIENT_CONFIRMATION_OK"
6559,10402440663,10402440694,1,"IOTHUB_CLIENT_CONFIRMATION_OK"
6560,10402440863,10402440899,1,"IOTHUB_CLIENT_CONFIRMATION_OK"
6561,10402441063,10402441177,1,"IOTHUB_CLIENT_CONFIRMATION_OK"
6562,10402441263,10402441323,1,"IOTHUB_CLIENT_CONFIRMATION_OK"
6563,10402441463,10402441497,1,"IOTHUB_CLIENT_CONFIRMATION_OK"
6564,10402441663,10402441697,1,"IOTHUB_CLIENT_CONFIRMATION_OK"
6565,10402441863,10402441903,1,"IOTHUB_CLIENT_CONFIRMATION_OK"
6566,10402442064,10402442173,1,"IOTHUB_CLIENT_CONFIRMATION_OK"
6567,10402442264,10402442298,1,"IOTHUB_CLIENT_CONFIRMATION_OK"
6568,10402442464,10402442500,1,"IOTHUB_CLIENT_CONFIRMATION_OK"
6569,10402442664,10402442699,1,"IOTHUB_CLIENT_CONFIRMATION_OK"
6570,10402442864,10402442901,1,"IOTHUB_CLIENT_CONFIRMATION_OK"
6571,10402443064,10402443196,1,"IOTHUB_CLIENT_CONFIRMATION_OK"
6572,10402443265,10402443318,1,"IOTHUB_CLIENT_CONFIRMATION_OK"
6573,10402443465,10402443504,1,"IOTHUB_CLIENT_CONFIRMATION_OK"
6574,10402443665,10402443702,1,"IOTHUB_CLIENT_CONFIRMATION_OK"
6575,10402443865,10402443900,1,"IOTHUB_CLIENT_CONFIRMATION_OK"
6576,10402444065,10402444236,1,"IOTHUB_CLIENT_CONFIRMATION_OK"
6577,10402444265,10402444302,1,"IOTHUB_CLIENT_CONFIRMATION_OK"
6578,10402444465,10402444502,1,"IOTHUB_CLIENT_CONFIRMATION_OK"
6579,10402444666,10402444701,1,"IOTHUB_CLIENT_CONFIRMATION_OK"
6580,10402444866,10402444901,1,"IOTHUB_CLIENT_CONFIRMATION_OK"
6581,10402445066,10402445103,1,"IOTHUB_CLIENT_CONFIRMATION_OK"
6582,10402445266,10402445315,1,"IOTHUB_CLIENT_CONFIRMATION_OK"
6583,10402445466,10402445507,1,"IOTHUB_CLIENT_CONFIRMATION_OK"
6584,10402445666,10402445707,1,"IOTHUB_CLIENT_CONFIRMATION_OK"
6585,10402445867,10402445901,1,"IOTHUB_CLIENT_CONFIRMATION_OK"
6586,10402446067,10402446111,1,"IOTHUB_CLIENT_CONFIRMATION_OK"
6587,10402446267,10402446304,1,"IOTHUB_CLIENT_CONFIRMATION_OK"
6588,10402446467,10402446501,1,"IOTHUB_CLIENT_CONFIRMATION_OK"
6589,10402446667,10402446710,1,"IOTHUB_CLIENT_CONFIRMATION_OK"
6590,10402446867,10402446901,1,"IOTHUB_CLIENT_CONFIRMATION_OK"
6591,10402447067,10402447099,1,"IOTHUB_CLIENT_CONFIRMATION_OK"
6592,10402447268,10402447308,1,"IOTHUB_CLIENT_CONFIRMATION_OK"
6593,10402447468,10402447509,1,"IOTHUB_CLIENT_CONFIRMATION_OK"
6594,10402447668,10402447706,1,"IOTHUB_CLIENT_CONFIRMATION_OK"
6595,10402447868,10402447912,1,"IOTHUB_CLIENT_CONFIRMATION_OK"
6596,10402448068,10402448103,1,"IOTHUB_CLIENT_CONFIRMATION_OK"
6597,10402448268,10402448316,1,"IOTHUB_CLIENT_CONFIRMATION_OK"
6598,10402448469,10402448503,1,"IOTHUB_CLIENT_CONFIRMATION_OK"
6599,10402448669,10402448703,1,"IOTHUB_CLIENT_CONFIRMATION_OK"
6600,10402448869,10402448926,1,"IOTHUB_CLIENT_CONFIRMATION_OK"
6601,10402449069,10402449104,1,"IOTHUB_CLIENT_CONFIRMATION_OK"
6602,10402449269,10402449332,1,"IOTHUB_CLIENT_CONFIRMATION_OK"
6603,10402449469,10402449514,1,"IOTHUB_CLIENT_CONFIRMATION_OK"
6604,10402449670,10402449706,1,"IOTHUB_CLIENT_CONFIRMATION_OK"
6605,10402449870,10402449968,1,"IOTHUB_CLIENT_CONFIRMATION_OK"
6606,10402450070,10402450105,1,"IOTHUB_CLIENT_CONFIRMATION_OK"
6607,10402450270,10402450360,1,"IOTHUB_CLIENT_CONFIRMATION_OK"
6608,10402450470,10402450504,1,"IOTHUB_CLIENT_CONFIRMATION_OK"
6609,10402450670,10402450705,1,"IOTHUB_CLIENT_CONFIRMATION_OK"
6610,10402450871,10402450994,1,"IOTHUB_CLIENT_CONFIRMATION_OK"
6611,10402451071,10402451106,1,"IOTHUB_CLIENT_CONFIRMATION_OK"
6612,10402451271,10402451304,1,"IOTHUB_CLIENT_CONFIRMATION_OK"
6613,10402451471,10402451512,1,"IOTHUB_CLIENT_CONFIRMATION_OK"
6614,10402451671,10402451725,1,"IOTHUB_CLIENT_CONFIRMATION_OK"
6615,10402451871,10402452006,1,"IOTHUB_CLIENT_CONFIRMATION_OK"
6616,10402452071,10402452127,1,"IOTHUB_CLIENT_CONFIRMATION_OK"
6617,10402452272,10402452310,1,"IOTHUB_CLIENT_CONFIRMATION_OK"
6618,10402452472,10402452513,1,"IOTHUB_CLIENT_CONFIRMATION_OK"
6619,10402452672,10402452720,1,"IOTHUB_CLIENT_CONFIRMATION_OK"
6620,10402452872,10402453038,1,"IOTHUB_CLIENT_CONFIRMATION_OK"
6621,10402453072,10402453105,1,"IOTHUB_CLIENT_CONFIRMATION_OK"
6622,10402453272,10402453308,1,"IOTHUB_CLIENT_CONFIRMATION_OK"
6623,10402453473,10402453513,1,"IOTHUB_CLIENT_CONFIRMATION_OK"
6624,10402453673,10402453709,1,"IOTHUB_CLIENT_CONFIRMATION_OK"
6625,10402453873,10402453911,1,"IOTHUB_CLIENT_CONFIRMATION_OK"
6626,10402454073,10402454111,1,"IOTHUB_CLIENT_CONFIRMATION_OK"
6627,10402454273,10402454319,1,"IOTHUB_CLIENT_CONFIRMATION_OK"
6628,10402454473,10402454513,1,"IOTHUB_CLIENT_CONFIRMATION_OK"
6629,10402454674,10402454706,1,"IOTHUB_CLIENT_CONFIRMATION_OK"
6630,10402454874,10402454913,1,"IOTHUB_CLIENT_CONFIRMATION_OK"
6631,10402455074,10402455211,1,"IOTHUB_CLIENT_CONFIRMATION_OK"
6632,10402455274,10402455321,1,"IOTHUB_CLIENT_CONFIRMATION_OK"
6633,10402455474,10402455513,1,"IOTHUB_CLIENT_CONFIRMATION_OK"
6634,10402455674,10402455708,1,"IOTHUB_CLIENT_CONFIRMATION_OK"
6635,10402455874,10402455937,1,"IOTHUB_CLIENT_CONFIRMATION_OK"
6636,10402456075,10402456108,1,"IOTHUB_CLIENT_CONFIRMATION_OK"
6637,10402456275,10402456314,1,"IOTHUB_CLIENT_CONFIRMATION_OK"
6638,10402456475,10402456516,1,"IOTHUB_CLIENT_CONFIRMATION_OK"
6639,10402456675,10402456708,1,"IOTHUB_CLIENT_CONFIRMATION_OK"
6640,10402456875,10402456927,1,"IOTHUB_CLIENT_CONFIRMATION_OK"
6641,10402457075,10402457124,1,"IOTHUB_CLIENT_CONFIRMATION_OK"
6642,10402457276,10402457314,1,"IOTHUB_CLIENT_CONFIRMATION_OK"
6643,10402457476,10402457510,1,"IOTHUB_CLIENT_CONFIRMATION_OK"
6644,10402457676,10402457724,1,"IOTHUB_CLIENT_CONFIRMATION_OK"
6645,10402457876,10402457915,1,"IOTHUB_CLIENT_CONFIRMATION_OK"
6646,10402458076,10402458173,1,"IOTHUB_CLIENT_CONFIRMATION_OK"
6647,10402458276,10402458313,1,"IOTHUB_CLIENT_CONFIRMATION_OK"
6648,10402458477,10402458514,1,"IOTHUB_CLIENT_CONFIRMATION_OK"
6649,10402458677,10402458793,1,"IOTHUB_CLIENT_CONFIRMATION_OK"
6650,10402458877,10402458919,1,"IOTHUB_CLIENT_CONFIRMATION_OK"
6651,10402459077,10402459181,1,"IOTHUB_CLIENT_CONFIRMATION_OK"
6652,10402459277,10402459313,1,"IOTHUB_CLIENT_CONFIRMATION_OK"
6653,10402459477,10402459540,1,"IOTHUB_CLIENT_CONFIRMATION_OK"
6654,10402459677,10402459806,1,"IOTHUB_CLIENT_CONFIRMATION_OK"
6655,10402459878,10402459919,1,"IOTHUB_CLIENT_CONFIRMATION_OK"
6656,10402460078,10402460120,1,"IOTHUB_CLIENT_CONFIRMATION_OK"
6657,10402460278,10402460314,1,"IOTHUB_CLIENT_CONFIRMATION_OK"
6658,10402460478,10402460514,1,"IOTHUB_CLIENT_CONFIRMATION_OK"
6659,10402460678,10402460844,1,"IOTHUB_CLIENT_CONFIRMATION_OK"
6660,10402460878,10402460914,1,"IOTHUB_CLIENT_CONFIRMATION_OK"
6661,10402461079,10402461163,1,"IOTHUB_CLIENT_CONFIRMATION_OK"
6662,10402461279,10402461314,1,"IOTHUB_CLIENT_CONFIRMATION_OK"
6663,10402461479,10402461512,1,"IOTHUB_CLIENT_CONFIRMATION_OK"
6664,10402461679,10402461847,1,"IOTHUB_CLIENT_CONFIRMATION_OK"
6665,10402461879,10402461920,1,"IOTHUB_CLIENT_CONFIRMATION_OK"
6666,10402462079,10402462115,1,"IOTHUB_CLIENT_CONFIRMATION_OK"
6667,10402462279,10402462326,1,"IOTHUB_CLIENT_CONFIRMATION_OK"
6668,10402462480,10402462517,1,"IOTHUB_CLIENT_CONFIRMATION_OK"
6669,10402462680,10402462717,1,"IOTHUB_CLIENT_CONFIRMATION_OK"
6670,10402462880,10402462921,1,"IOTHUB_CLIENT_CONFIRMATION_OK"
6671,10402463080,10402463115,1,"IOTHUB_CLIENT_CONFIRMATION_OK"
6672,10402463280,10402463331,1,"IOTHUB_CLIENT_CONFIRMATION_OK"
6673,10402463480,10402463516,1,"IOTHUB_CLIENT_CONFIRMATION_OK"
6674,10402463680,10402463722,1,"IOTHUB_CLIENT_CONFIRMATION_OK"
6675,10402463881,10402463923,1,"IOTHUB_CLIENT_CONFIRMATION_OK"
6676,10402464081,10402464122,1,"IOTHUB_CLIENT_CONFIRMATION_OK"
6677,10402464281,10402464322,1,"IOTHUB_CLIENT_CONFIRMATION_OK"
6678,10402464481,10402464525,1,"IOTHUB_CLIENT_CONFIRMATION_OK"
6679,10402464681,10402464716,1,"IOTHUB_CLIENT_CONFIRMATION_OK"
6680,10402464881,10402464952,1,"IOTHUB_CLIENT_CONFIRMATION_OK"
6681,10402465082,10402465121,1,"IOTHUB_CLIENT_CONFIRMATION_OK"
6682,10402465282,10402465351,1,"IOTHUB_CLIENT_CONFIRMATION_OK"
6683,10402465482,10402465521,1,"IOTHUB_CLIENT_CONFIRMATION_OK"
6684,10402465682,10402465723,1,"IOTHUB_CLIENT_CONFIRMATION_OK"
6685,10402465882,10402465961,1,"IOTHUB_CLIENT_CONFIRMATION_OK"
6686,10402466082,10402466120,1,"IOTHUB_CLIENT_CONFIRMATION_OK"
6687,10402466282,10402466320,1,"IOTHUB_CLIENT_CONFIRMATION_OK"
6688,10402466483,10402466539,1,"IOTHUB_CLIENT_CONFIRMATION_OK"
6689,10402466683,10402466715,1,"IOTHUB_CLIENT_CONFIRMATION_OK"
6690,10402466883,10402466985,1,"IOTHUB_CLIENT_CONFIRMATION_OK"
6691,10402467083,10402467118,1,"IOTHUB_CLIENT_CONFIRMATION_OK"
6692,10402467283,10402467319,1,"IOTHUB_CLIENT_CONFIRMATION_OK"
6693,10402467483,10402467590,1,"IOTHUB_CLIENT_CONFIRMATION_OK"
6694,10402467684,10402467717,1,"IOTHUB_CLIENT_CONFIRMATION_OK"
6695,10402467884,10402467988,1,"IOTHUB_CLIENT_CONFIRMATION_OK"
6696,10402468084,10402468123,1,"IOTHUB_CLIENT_CONFIRMATION_OK"
6697,10402468284,10402468318,1,"IOTHUB_CLIENT_CONFIRMATION_OK"
6698,10402468484,10402468609,1,"IOTHUB_CLIENT_CONFIRMATION_OK"
6699,10402468684,10402468720,1,"IOTHUB_CLIENT_CONFIRMATION_OK"
6700,10402468884,10402468931,1,"IOTHUB_CLIENT_CONFIRMATION_OK"
6701,10402469085,10402469121,1,"IOTHUB_CLIENT_CONFIRMATION_OK"
6702,10402469285,10402469327,1,"IOTHUB_CLIENT_CONFIRMATION_OK"
6703,10402469485,10402469620,1,"IOTHUB_CLIENT_CONFIRMATION_OK"
6704,10402469685,10402469728,1,"IOTHUB_CLIENT_CONFIRMATION_OK"
6705,10402469885,10402469952,1,"IOTHUB_CLIENT_CONFIRMATION_OK"
6706,10402470085,10402470127,1,"IOTHUB_CLIENT_CONFIRMATION_OK"
6707,10402470286,10402470336,1,"IOTHUB_CLIENT_CONFIRMATION_OK"
6708,10402470486,10402470632,1,"IOTHUB_CLIENT_CONFIRMATION_OK"
6709,10402470686,10402470719,1,"IOTHUB_CLIENT_CONFIRMATION_OK"
6710,10402470886,10402470942,1,"IOTHUB_CLIENT_CONFIRMATION_OK"
6711,10402471086,10402471129,1,"IOTHUB_CLIENT_CONFIRMATION_OK"
6712,10402471286,10402471322,1,"IOTHUB_CLIENT_CONFIRMATION_OK"
6713,10402471487,10402471522,1,"IOTHUB_CLIENT_CONFIRMATION_OK"
6714,10402471687,10402471726,1,"IOTHUB_CLIENT_CONFIRMATION_OK"
6715,10402471887,10402471925,1,"IOTHUB_CLIENT_CONFIRMATION_OK"
6716,10402472087,10402472141,1,"IOTHUB_CLIENT_CONFIRMATION_OK"
6717,10402472287,10402472320,1,"IOTHUB_CLIENT_CONFIRMATION_OK"
6718,10402472487,10402472525,1,"IOTHUB_CLIENT_CONFIRMATION_OK"
6719,10402472687,10402472802,1,"IOTHUB_CLIENT_CONFIRMATION_OK"
6720,10402472888,10402472928,1,"IOTHUB_CLIENT_CONFIRMATION_OK"
6721,10402473088,10402473273,1,"IOTHUB_CLIENT_CONFIRMATION_OK"
6722,10402473288,10402473325,1,"IOTHUB_CLIENT_CONFIRMATION_OK"
6723,10402473488,10402473523,1,"IOTHUB_CLIENT_CONFIRMATION_OK"
6724,10402473688,10402473754,1,"IOTHUB_CLIENT_CONFIRMATION_OK"
6725,10402473888,10402473926,1,"IOTHUB_CLIENT_CONFIRMATION_OK"
6726,10402474089,10402474287,1,"IOTHUB_CLIENT_CONFIRMATION_OK"
6727,10402474289,10402474334,1,"IOTHUB_CLIENT_CONFIRMATION_OK"
6728,10402474489,10402474531,1,"IOTHUB_CLIENT_CONFIRMATION_OK"
6729,10402474689,10402474725,1,"IOTHUB_CLIENT_CONFIRMATION_OK"
6730,10402474889,10402474963,1,"IOTHUB_CLIENT_CONFIRMATION_OK"
6731,10402475089,10402475146,1,"IOTHUB_CLIENT_CONFIRMATION_OK"
6732,10402475290,10402475367,1,"IOTHUB_CLIENT_CONFIRMATION_OK"
6733,10402475490,10402475525,1,"IOTHUB_CLIENT_CONFIRMATION_OK"
6734,10402475690,10402475756,1,"IOTHUB_CLIENT_CONFIRMATION_OK"
6735,10402475890,10402475923,1,"IOTHUB_CLIENT_CONFIRMATION_OK"
6736,10402476090,10402476136,1,"IOTHUB_CLIENT_CONFIRMATION_OK"
6737,10402476290,10402476370,1,"IOTHUB_CLIENT_CONFIRMATION_OK"
6738,10402476490,10402476536,1,"IOTHUB_CLIENT_CONFIRMATION_OK"
6739,10402476691,10402476770,1,"IOTHUB_CLIENT_CONFIRMATION_OK"
6740,10402476891,10402476937,1,"IOTHUB_CLIENT_CONFIRMATION_OK"
6741,10402477091,10402477128,1,"IOTHUB_CLIENT_CONFIRMATION_OK"
6742,10402477291,10402477379,1,"IOTHUB_CLIENT_CONFIRMATION_OK"
6743,10402477491,10402477537,1,"IOTHUB_CLIENT_CONFIRMATION_OK"
6744,10402477691,10402477734,1,"IOTHUB_CLIENT_CONFIRMATION_OK"
6745,10402477891,10402477924,1,"IOTHUB_CLIENT_CONFIRMATION_OK"
6746,10402478092,10402478143,1,"IOTHUB_CLIENT_CONFIRMATION_OK"
6747,10402478292,10402478396,1,"IOTHUB_CLIENT_CONFIRMATION_OK"
6748,10402478492,10402478527,1,"IOTHUB_CLIENT_CONFIRMATION_OK"
6749,10402478692,10402478733,1,"IOTHUB_CLIENT_CONFIRMATION_OK"
6750,10402478892,10402478956,1,"IOTHUB_CLIENT_CONFIRMATION_OK"
6751,10402479092,10402479134,1,"IOTHUB_CLIENT_CONFIRMATION_OK"
6752,10402479293,10402479414,1,"IOTHUB_CLIENT_CONFIRMATION_OK"
6753,10402479493,10402479535,1,"IOTHUB_CLIENT_CONFIRMATION_OK"
6754,10402479693,10402479728,1,"IOTHUB_CLIENT_CONFIRMATION_OK"
6755,10402479893,10402479941,1,"IOTHUB_CLIENT_CONFIRMATION_OK"
6756,10402480093,10402480127,1,"IOTHUB_CLIENT_CONFIRMATION_OK"
6757,10402480293,10402480503,1,"IOTHUB_CLIENT_CONFIRMATION_OK"
6758,10402480493,10402480527,1,"IOTHUB_CLIENT_CONFIRMATION_OK"
6759,10402480694,10402480737,1,"IOTHUB_CLIENT_CONFIRMATION_OK"
6760,10402480894,10402480943,1,"IOTHUB_CLIENT_CONFIRMATION_OK"
6761,10402481094,10402481146,1,"IOTHUB_CLIENT_CONFIRMATION_OK"
6762,10402481294,10402481328,1,"IOTHUB_CLIENT_CONFIRMATION_OK"
6763,10402481494,10402481680,1,"IOTHUB_CLIENT_CONFIRMATION_OK"
6764,10402481694,10402481734,1,"IOTHUB_CLIENT_CONFIRMATION_OK"
6765,10402481895,10402482066,1,"IOTHUB_CLIENT_CONFIRMATION_OK"
6766,10402482095,10402482134,1,"IOTHUB_CLIENT_CONFIRMATION_OK"
6767,10402482295,10402482326,1,"IOTHUB_CLIENT_CONFIRMATION_OK"
6768,10402482495,10402482534,1,"IOTHUB_CLIENT_CONFIRMATION_OK"
6769,10402482695,10402482730,1,"IOTHUB_CLIENT_CONFIRMATION_OK"
6770,10402482895,10402483081,1,"IOTHUB_CLIENT_CONFIRMATION_OK"
6771,10402483096,10402483134,1,"IOTHUB_CLIENT_CONFIRMATION_OK"
6772,10402483296,10402483356,1,"IOTHUB_CLIENT_CONFIRMATION_OK"
6773,10402483496,10402483569,1,"IOTHUB_CLIENT_CONFIRMATION_OK"
6774,10402483696,10402483767,1,"IOTHUB_CLIENT_CONFIRMATION_OK"
6775,10402483896,10402483952,1,"IOTHUB_CLIENT_CONFIRMATION_OK"
6776,10402484096,10402484136,1,"IOTHUB_CLIENT_CONFIRMATION_OK"
6777,10402484297,10402484345,1,"IOTHUB_CLIENT_CONFIRMATION_OK"
6778,10402484497,10402484596,1,"IOTHUB_CLIENT_CONFIRMATION_OK"
6779,10402484697,10402484736,1,"IOTHUB_CLIENT_CONFIRMATION_OK"
6780,10402484897,10402484932,1,"IOTHUB_CLIENT_CONFIRMATION_OK"
6781,10402485097,10402485134,1,"IOTHUB_CLIENT_CONFIRMATION_OK"
6782,10402485297,10402485334,1,"IOTHUB_CLIENT_CONFIRMATION_OK"
6783,10402485497,10402485643,1,"IOTHUB_CLIENT_CONFIRMATION_OK"
6784,10402485698,10402485750,1,"IOTHUB_CLIENT_CONFIRMATION_OK"
6785,10402485898,10402485950,1,"IOTHUB_CLIENT_CONFIRMATION_OK"
6786,10402486098,10402486134,1,"IOTHUB_CLIENT_CONFIRMATION_OK"
6787,10402486298,10402486330,1,"IOTHUB_CLIENT_CONFIRMATION_OK"
6788,10402486498,10402486533,1,"IOTHUB_CLIENT_CONFIRMATION_OK"
6789,10402486698,10402486737,1,"IOTHUB_CLIENT_CONFIRMATION_OK"
6790,10402486899,10402486936,1,"IOTHUB_CLIENT_CONFIRMATION_OK"
6791,10402487099,10402487149,1,"IOTHUB_CLIENT_CONFIRMATION_OK"
6792,10402487299,10402487336,1,"IOTHUB_CLIENT_CONFIRMATION_OK"
6793,10402487499,10402487536,1,"IOTHUB_CLIENT_CONFIRMATION_OK"
6794,10402487699,10402487736,1,"IOTHUB_CLIENT_CONFIRMATION_OK"
6795,10402487899,10402487934,1,"IOTHUB_CLIENT_CONFIRMATION_OK"
6796,10402488099,10402488140,1,"IOTHUB_CLIENT_CONFIRMATION_OK"
6797,10402488300,10402488339,1,"IOTHUB_CLIENT_CONFIRMATION_OK"
6798,10402488500,10402488541,1,"IOTHUB_CLIENT_CONFIRMATION_OK"
6799,10402488700,10402488734,1,"IOTHUB_CLIENT_CONFIRMATION_OK"
6800,10402488900,10402488950,1,"IOTHUB_CLIENT_CONFIRMATION_OK"
6801,10402489100,10402489135,1,"IOTHUB_CLIENT_CONFIRMATION_OK"
6802,10402489300,10402489338,1,"IOTHUB_CLIENT_CONFIRMATION_OK"
6803,10402489501,10402489545,1,"IOTHUB_CLIENT_CONFIRMATION_OK"
6804,10402489701,10402489760,1,"IOTHUB_CLIENT_CONFIRMATION_OK"
6805,10402489901,10402489967,1,"IOTHUB_CLIENT_CONFIRMATION_OK"
6806,10402490101,10402490138,1,"IOTHUB_CLIENT_CONFIRMATION_OK"
6807,10402490301,10402490339,1,"IOTHUB_CLIENT_CONFIRMATION_OK"
6808,10402490501,10402490540,1,"IOTHUB_CLIENT_CONFIRMATION_OK"
6809,10402490701,10402490785,1,"IOTHUB_CLIENT_CONFIRMATION_OK"
6810,10402490902,10402490938,1,"IOTHUB_CLIENT_CONFIRMATION_OK"
6811,10402491102,10402491143,1,"IOTHUB_CLIENT_CONFIRMATION_OK"
6812,10402491302,10402491380,1,"IOTHUB_CLIENT_CONFIRMATION_OK"
6813,10402491502,10402491613,1,"IOTHUB_CLIENT_CONFIRMATION_OK"
6814,10402491702,10402491835,1,"IOTHUB_CLIENT_CONFIRMATION_OK"
6815,10402491902,10402491939,1,"IOTHUB_CLIENT_CONFIRMATION_OK"
6816,10402492102,10402492145,1,"IOTHUB_CLIENT_CONFIRMATION_OK"
6817,10402492303,10402492383,1,"IOTHUB_CLIENT_CONFIRMATION_OK"
6818,10402492503,10402492539,1,"IOTHUB_CLIENT_CONFIRMATION_OK"
6819,10402492703,10402492755,1,"IOTHUB_CLIENT_CONFIRMATION_OK"
6820,10402492903,10402492937,1,"IOTHUB_CLIENT_CONFIRMATION_OK"
6821,10402493103,10402493153,1,"IOTHUB_CLIENT_CONFIRMATION_OK"
6822,10402493304,10402493457,1,"IOTHUB_CLIENT_CONFIRMATION_OK"
6823,10402493504,10402493540,1,"IOTHUB_CLIENT_CONFIRMATION_OK"
6824,10402493704,10402493738,1,"IOTHUB_CLIENT_CONFIRMATION_OK"
6825,10402493904,10402493943,1,"IOTHUB_CLIENT_CONFIRMATION_OK"
6826,10402494104,10402494142,1,"IOTHUB_CLIENT_CONFIRMATION_OK"
6827,10402494304,10402494491,1,"IOTHUB_CLIENT_CONFIRMATION_OK"
6828,10402494504,10402494539,1,"IOTHUB_CLIENT_CONFIRMATION_OK"
6829,10402494705,10402494766,1,"IOTHUB_CLIENT_CONFIRMATION_OK"
6830,10402494905,10402494941,1,"IOTHUB_CLIENT_CONFIRMATION_OK"
6831,10402495105,10402495149,1,"IOTHUB_CLIENT_CONFIRMATION_OK"
6832,10402495305,10402495517,1,"IOTHUB_CLIENT_CONFIRMATION_OK"
6833,10402495505,10402495547,1,"IOTHUB_CLIENT_CONFIRMATION_OK"
6834,10402495705,10402495751,1,"IOTHUB_CLIENT_CONFIRMATION_OK"
6835,10402495906,10402495942,1,"IOTHUB_CLIENT_CONFIRMATION_OK"
6836,10402496106,10402496150,1,"IOTHUB_CLIENT_CONFIRMATION_OK"
6837,10402496306,10402496345,1,"IOTHUB_CLIENT_CONFIRMATION_OK"
6838,10402496506,10402496561,1,"IOTHUB_CLIENT_CONFIRMATION_OK"
6839,10402496706,10402496785,1,"IOTHUB_CLIENT_CONFIRMATION_OK"
6840,10402496906,10402496972,1,"IOTHUB_CLIENT_CONFIRMATION_OK"
6841,10402497107,10402497151,1,"IOTHUB_CLIENT_CONFIRMATION_OK"
6842,10402497307,10402497350,1,"IOTHUB_CLIENT_CONFIRMATION_OK"
6843,10402497507,10402497587,1,"IOTHUB_CLIENT_CONFIRMATION_OK"
6844,10402497707,10402497753,1,"IOTHUB_CLIENT_CONFIRMATION_OK"
6845,10402497907,10402498027,1,"IOTHUB_CLIENT_CONFIRMATION_OK"
6846,10402498107,10402498141,1,"IOTHUB_CLIENT_CONFIRMATION_OK"
6847,10402498308,10402498344,1,"IOTHUB_CLIENT_CONFIRMATION_OK"
6848,10402498508,10402498632,1,"IOTHUB_CLIENT_CONFIRMATION_OK"
6849,10402498708,10402498752,1,"IOTHUB_CLIENT_CONFIRMATION_OK"
6850,10402498908,10402498945,1,"IOTHUB_CLIENT_CONFIRMATION_OK"
6851,10402499108,10402499156,1,"IOTHUB_CLIENT_CONFIRMATION_OK"
6852,10402499308,10402499345,1,"IOTHUB_CLIENT_CONFIRMATION_OK"
6853,10402499509,10402499645,1,"IOTHUB_CLIENT_CONFIRMATION_OK"
6854,10402499709,10402499742,1,"IOTHUB_CLIENT_CONFIRMATION_OK"
6855,10402499909,10402499941,1,"IOTHUB_CLIENT_CONFIRMATION_OK"
6856,10402500109,10402500149,1,"IOTHUB_CLIENT_CONFIRMATION_OK"
6857,10402500309,10402500383,1,"IOTHUB_CLIENT_CONFIRMATION_OK"
6858,10402500509,10402500688,1,"IOTHUB_CLIENT_CONFIRMATION_OK"
6859,10402500710,10402500748,1,"IOTHUB_CLIENT_CONFIRMATION_OK"
6860,10402500910,10402500949,1,"IOTHUB_CLIENT_CONFIRMATION_OK"
6861,10402501110,10402501146,1,"IOTHUB_CLIENT_CONFIRMATION_OK"
6862,10402501310,10402501345,1,"IOTHUB_CLIENT_CONFIRMATION_OK"
6863,10402501510,10402501552,1,"IOTHUB_CLIENT_CONFIRMATION_OK"
6864,10402501710,10402501794,1,"IOTHUB_CLIENT_CONFIRMATION_OK"
6865,10402501910,10402501943,1,"IOTHUB_CLIENT_CONFIRMATION_OK"
6866,10402502111,10402502146,1,"IOTHUB_CLIENT_CONFIRMATION_OK"
6867,10402502311,10402502345,1,"IOTHUB_CLIENT_CONFIRMATION_OK"
6868,10402502511,10402502553,1,"IOTHUB_CLIENT_CONFIRMATION_OK"
6869,10402502711,10402502788,1,"IOTHUB_CLIENT_CONFIRMATION_OK"
6870,10402502911,10402502955,1,"IOTHUB_CLIENT_CONFIRMATION_OK"
6871,10402503111,10402503166,1,"IOTHUB_CLIENT_CONFIRMATION_OK"
6872,10402503312,10402503354,1,"IOTHUB_CLIENT_CONFIRMATION_OK"
6873,10402503512,10402503545,1,"IOTHUB_CLIENT_CONFIRMATION_OK"
6874,10402503712,10402503783,1,"IOTHUB_CLIENT_CONFIRMATION_OK"
6875,10402503912,10402503947,1,"IOTHUB_CLIENT_CONFIRMATION_OK"
6876,10402504112,10402504159,1,"IOTHUB_CLIENT_CONFIRMATION_OK"
6877,10402504312,10402504348,1,"IOTHUB_CLIENT_CONFIRMATION_OK"
6878,10402504513,10402504547,1,"IOTHUB_CLIENT_CONFIRMATION_OK"
6879,10402504713,10402504796,1,"IOTHUB_CLIENT_CONFIRMATION_OK"
6880,10402504913,10402504960,1,"IOTHUB_CLIENT_CONFIRMATION_OK"
6881,10402505113,10402505147,1,"IOTHUB_CLIENT_CONFIRMATION_OK"
6882,10402505313,10402505346,1,"IOTHUB_CLIENT_CONFIRMATION_OK"
6883,10402505513,10402505559,1,"IOTHUB_CLIENT_CONFIRMATION_OK"
6884,10402505714,10402505921,1,"IOTHUB_CLIENT_CONFIRMATION_OK"
6885,10402505914,10402505952,1,"IOTHUB_CLIENT_CONFIRMATION_OK"
6886,10402506114,10402506148,1,"IOTHUB_CLIENT_CONFIRMATION_OK"
6887,10402506314,10402506361,1,"IOTHUB_CLIENT_CONFIRMATION_OK"
6888,10402506514,10402506554,1,"IOTHUB_CLIENT_CONFIRMATION_OK"
6889,10402506714,10402506762,1,"IOTHUB_CLIENT_CONFIRMATION_OK"
6890,10402506914,10402506951,1,"IOTHUB_CLIENT_CONFIRMATION_OK"
6891,10402507115,10402507149,1,"IOTHUB_CLIENT_CONFIRMATION_OK"
6892,10402507315,10402507358,1,"IOTHUB_CLIENT_CONFIRMATION_OK"
6893,10402507515,10402507548,1,"IOTHUB_CLIENT_CONFIRMATION_OK"
6894,10402507715,10402507758,1,"IOTHUB_CLIENT_CONFIRMATION_OK"
6895,10402507915,10402507961,1,"IOTHUB_CLIENT_CONFIRMATION_OK"
6896,10402508115,10402508150,1,"IOTHUB_CLIENT_CONFIRMATION_OK"
6897,10402508316,10402508512,1,"IOTHUB_CLIENT_CONFIRMATION_OK"
6898,10402508516,10402508613,1,"IOTHUB_CLIENT_CONFIRMATION_OK"
6899,10402508716,10402508759,1,"IOTHUB_CLIENT_CONFIRMATION_OK"
6900,10402508916,10402508951,1,"IOTHUB_CLIENT_CONFIRMATION_OK"
6901,10402509116,10402509161,1,"IOTHUB_CLIENT_CONFIRMATION_OK"
6902,10402509316,10402509351,1,"IOTHUB_CLIENT_CONFIRMATION_OK"
6903,10402509517,10402509554,1,"IOTHUB_CLIENT_CONFIRMATION_OK"
6904,10402509717,10402509753,1,"IOTHUB_CLIENT_CONFIRMATION_OK"
6905,10402509917,10402509954,1,"IOTHUB_CLIENT_CONFIRMATION_OK"
6906,10402510117,10402510159,1,"IOTHUB_CLIENT_CONFIRMATION_OK"
6907,10402510317,10402510356,1,"IOTHUB_CLIENT_CONFIRMATION_OK"
6908,10402510517,10402510554,1,"IOTHUB_CLIENT_CONFIRMATION_OK"
6909,10402510718,10402510752,1,"IOTHUB_CLIENT_CONFIRMATION_OK"
6910,10402510918,10402510961,1,"IOTHUB_CLIENT_CONFIRMATION_OK"
6911,10402511118,10402511153,1,"IOTHUB_CLIENT_CONFIRMATION_OK"
6912,10402511318,10402511363,1,"IOTHUB_CLIENT_CONFIRMATION_OK"
6913,10402511518,10402511580,1,"IOTHUB_CLIENT_CONFIRMATION_OK"
6914,10402511718,10402511756,1,"IOTHUB_CLIENT_CONFIRMATION_OK"
6915,10402511919,10402511975,1,"IOTHUB_CLIENT_CONFIRMATION_OK"
6916,10402512119,10402512159,1,"IOTHUB_CLIENT_CONFIRMATION_OK"
6917,10402512319,10402512360,1,"IOTHUB_CLIENT_CONFIRMATION_OK"
6918,10402512519,10402512585,1,"IOTHUB_CLIENT_CONFIRMATION_OK"
6919,10402512719,10402512755,1,"IOTHUB_CLIENT_CONFIRMATION_OK"
6920,10402512919,10402512986,1,"IOTHUB_CLIENT_CONFIRMATION_OK"
6921,10402513120,10402513151,1,"IOTHUB_CLIENT_CONFIRMATION_OK"
6922,10402513320,10402513352,1,"IOTHUB_CLIENT_CONFIRMATION_OK"
6923,10402513520,10402513598,1,"IOTHUB_CLIENT_CONFIRMATION_OK"
6924,10402513720,10402513753,1,"IOTHUB_CLIENT_CONFIRMATION_OK"
6925,10402513920,10402513959,1,"IOTHUB_CLIENT_CONFIRMATION_OK"
6926,10402514120,10402514155,1,"IOTHUB_CLIENT_CONFIRMATION_OK"
6927,10402514321,10402514366,1,"IOTHUB_CLIENT_CONFIRMATION_OK"
6928,10402514521,10402514621,1,"IOTHUB_CLIENT_CONFIRMATION_OK"
6929,10402514721,10402514758,1,"IOTHUB_CLIENT_CONFIRMATION_OK"
6930,10402514921,10402514957,1,"IOTHUB_CLIENT_CONFIRMATION_OK"
6931,10402515121,10402515189,1,"IOTHUB_CLIENT_CONFIRMATION_OK"
6932,10402515321,10402515359,1,"IOTHUB_CLIENT_CONFIRMATION_OK"
6933,10402515521,10402515707,1,"IOTHUB_CLIENT_CONFIRMATION_OK"
6934,10402515722,10402515756,1,"IOTHUB_CLIENT_CONFIRMATION_OK"
6935,10402515922,10402515958,1,"IOTHUB_CLIENT_CONFIRMATION_OK"
6936,10402516122,10402516164,1,"IOTHUB_CLIENT_CONFIRMATION_OK"
6937,10402516322,10402516355,1,"IOTHUB_CLIENT_CONFIRMATION_OK"
6938,10402516522,10402516560,1,"IOTHUB_CLIENT_CONFIRMATION_OK"
6939,10402516722,10402516759,1,"IOTHUB_CLIENT_CONFIRMATION_OK"
6940,10402516923,10402516968,1,"IOTHUB_CLIENT_CONFIRMATION_OK"
6941,10402517123,10402517165,1,"IOTHUB_CLIENT_CONFIRMATION_OK"
6942,10402517323,10402517418,1,"IOTHUB_CLIENT_CONFIRMATION_OK"
6943,10402517523,10402517558,1,"IOTHUB_CLIENT_CONFIRMATION_OK"
6944,10402517723,10402517811,1,"IOTHUB_CLIENT_CONFIRMATION_OK"
6945,10402517923,10402517961,1,"IOTHUB_CLIENT_CONFIRMATION_OK"
6946,10402518124,10402518208,1,"IOTHUB_CLIENT_CONFIRMATION_OK"
6947,10402518324,10402518358,1,"IOTHUB_CLIENT_CONFIRMATION_OK"
6948,10402518524,10402518564,1,"IOTHUB_CLIENT_CONFIRMATION_OK"
6949,10402518724,10402518826,1,"IOTHUB_CLIENT_CONFIRMATION_OK"
6950,10402518924,10402518961,1,"IOTHUB_CLIENT_CONFIRMATION_OK"
6951,10402519124,10402519232,1,"IOTHUB_CLIENT_CONFIRMATION_OK"
6952,10402519324,10402519364,1,"IOTHUB_CLIENT_CONFIRMATION_OK"
6953,10402519525,10402519573,1,"IOTHUB_CLIENT_CONFIRMATION_OK"
6954,10402519725,10402519864,1,"IOTHUB_CLIENT_CONFIRMATION_OK"
6955,10402519925,10402519965,1,"IOTHUB_CLIENT_CONFIRMATION_OK"
6956,10402520125,10402520165,1,"IOTHUB_CLIENT_CONFIRMATION_OK"
6957,10402520325,10402520364,1,"IOTHUB_CLIENT_CONFIRMATION_OK"
6958,10402520525,10402520573,1,"IOTHUB_CLIENT_CONFIRMATION_OK"
6959,10402520726,10402520881,1,"IOTHUB_CLIENT_CONFIRMATION_OK"
6960,10402520926,10402520963,1,"IOTHUB_CLIENT_CONFIRMATION_OK"
6961,10402521126,10402521161,1,"IOTHUB_CLIENT_CONFIRMATION_OK"
6962,10402521326,10402521362,1,"IOTHUB_CLIENT_CONFIRMATION_OK"
6963,10402521526,10402521564,1,"IOTHUB_CLIENT_CONFIRMATION_OK"
6964,10402521726,10402521878,1,"IOTHUB_CLIENT_CONFIRMATION_OK"
6965,10402521927,10402521960,1,"IOTHUB_CLIENT_CONFIRMATION_OK"
6966,10402522127,10402522164,1,"IOTHUB_CLIENT_CONFIRMATION_OK"
6967,10402522327,10402522366,1,"IOTHUB_CLIENT_CONFIRMATION_OK"
6968,10402522527,10402522565,1,"IOTHUB_CLIENT_CONFIRMATION_OK"
6969,10402522727,10402522761,1,"IOTHUB_CLIENT_CONFIRMATION_OK"
6970,10402522927,10402522978,1,"IOTHUB_CLIENT_CONFIRMATION_OK"
6971,10402523128,10402523163,1,"IOTHUB_CLIENT_CONFIRMATION_OK"
6972,10402523328,10402523432,1,"IOTHUB_CLIENT_CONFIRMATION_OK"
6973,10402523528,10402523564,1,"IOTHUB_CLIENT_CONFIRMATION_OK"
6974,10402523728,10402523761,1,"IOTHUB_CLIENT_CONFIRMATION_OK"
6975,10402523928,10402523968,1,"IOTHUB_CLIENT_CONFIRMATION_OK"
6976,10402524128,10402524163,1,"IOTHUB_CLIENT_CONFIRMATION_OK"
6977,10402524328,10402524365,1,"IOTHUB_CLIENT_CONFIRMATION_OK"
6978,10402524529,10402524562,1,"IOTHUB_CLIENT_CONFIRMATION_OK"
6979,10402524729,10402524766,1,"IOTHUB_CLIENT_CONFIRMATION_OK"
6980,10402524929,10402524995,1,"IOTHUB_CLIENT_CONFIRMATION_OK"
6981,10402525129,10402525169,1,"IOTHUB_CLIENT_CONFIRMATION_OK"
6982,10402525329,10402525365,1,"IOTHUB_CLIENT_CONFIRMATION_OK"
6983,10402525529,10402525564,1,"IOTHUB_CLIENT_CONFIRMATION_OK"
6984,10402525730,10402525774,1,"IOTHUB_CLIENT_CONFIRMATION_OK"
6985,10402525930,10402525964,1,"IOTHUB_CLIENT_CONFIRMATION_OK"
6986,10402526130,10402526171,1,"IOTHUB_CLIENT_CONFIRMATION_OK"
6987,10402526330,10402526368,1,"IOTHUB_CLIENT_CONFIRMATION_OK"
6988,10402526530,10402526577,1,"IOTHUB_CLIENT_CONFIRMATION_OK"
6989,10402526730,10402526770,1,"IOTHUB_CLIENT_CONFIRMATION_OK"
6990,10402526930,10402526986,1,"IOTHUB_CLIENT_CONFIRMATION_OK"
6991,10402527131,10402527165,1,"IOTHUB_CLIENT_CONFIRMATION_OK"
6992,10402527331,10402527373,1,"IOTHUB_CLIENT_CONFIRMATION_OK"
6993,10402527531,10402527606,1,"IOTHUB_CLIENT_CONFIRMATION_OK"
6994,10402527731,10402527770,1,"IOTHUB_CLIENT_CONFIRMATION_OK"
6995,10402527931,10402527990,1,"IOTHUB_CLIENT_CONFIRMATION_OK"
6996,10402528131,10402528166,1,"IOTHUB_CLIENT_CONFIRMATION_OK"
6997,10402528332,10402528371,1,"IOTHUB_CLIENT_CONFIRMATION_OK"
6998,10402528532,10402528604,1,"IOTHUB_CLIENT_CONFIRMATION_OK"
6999,10402528732,10402528773,1,"IOTHUB_CLIENT_CONFIRMATION_OK"
7000,10402528932,10402528970,1,"IOTHUB_CLIENT_CONFIRMATION_OK"
7001,10402529132,10402529170,1,"IOTHUB_CLIENT_CONFIRMATION_OK"
7002,10402529332,10402529374,1,"IOTHUB_CLIENT_CONFIRMATION_OK"
7003,10402529533,10402529689,1,"IOTHUB_CLIENT_CONFIRMATION_OK"
7004,10402529733,10402529766,1,"IOTHUB_CLIENT_CONFIRMATION_OK"
7005,10402529933,10402529970,1,"IOTHUB_CLIENT_CONFIRMATION_OK"
7006,10402530133,10402530172,1,"IOTHUB_CLIENT_CONFIRMATION_OK"
7007,10402530333,10402530381,1,"IOTHUB_CLIENT_CONFIRMATION_OK"
7008,10402530533,10402530698,1,"IOTHUB_CLIENT_CONFIRMATION_OK"
7009,10402530733,10402530769,1,"IOTHUB_CLIENT_CONFIRMATION_OK"
7010,10402530934,10402530975,1,"IOTHUB_CLIENT_CONFIRMATION_OK"
7011,10402531134,10402531175,1,"IOTHUB_CLIENT_CONFIRMATION_OK"
7012,10402531334,10402531368,1,"IOTHUB_CLIENT_CONFIRMATION_OK"
7013,10402531534,10402531570,1,"IOTHUB_CLIENT_CONFIRMATION_OK"
7014,10402531734,10402531771,1,"IOTHUB_CLIENT_CONFIRMATION_OK"
7015,10402531934,10402531970,1,"IOTHUB_CLIENT_CONFIRMATION_OK"
7016,10402532135,10402532168,1,"IOTHUB_CLIENT_CONFIRMATION_OK"
7017,10402532335,10402532371,1,"IOTHUB_CLIENT_CONFIRMATION_OK"
7018,10402532535,10402532575,1,"IOTHUB_CLIENT_CONFIRMATION_OK"
7019,10402532735,10402532787,1,"IOTHUB_CLIENT_CONFIRMATION_OK"
7020,10402532935,10402532971,1,"IOTHUB_CLIENT_CONFIRMATION_OK"
7021,10402533135,10402533167,1,"IOTHUB_CLIENT_CONFIRMATION_OK"
7022,10402533336,10402533372,1,"IOTHUB_CLIENT_CONFIRMATION_OK"
7023,10402533536,10402533593,1,"IOTHUB_CLIENT_CONFIRMATION_OK"
7024,10402533736,10402533774,1,"IOTHUB_CLIENT_CONFIRMATION_OK"
7025,10402533936,10402533979,1,"IOTHUB_CLIENT_CONFIRMATION_OK"
7026,10402534136,10402534373,1,"IOTHUB_CLIENT_CONFIRMATION_OK"
7027,10402534336,10402534398,1,"IOTHUB_CLIENT_CONFIRMATION_OK"
7028,10402534536,10402534666,1,"IOTHUB_CLIENT_CONFIRMATION_OK"
7029,10402534737,10402534788,1,"IOTHUB_CLIENT_CONFIRMATION_OK"
7030,10402534937,10402534976,1,"IOTHUB_CLIENT_CONFIRMATION_OK"
7031,10402535137,10402535171,1,"IOTHUB_CLIENT_CONFIRMATION_OK"
7032,10402535337,10402535387,1,"IOTHUB_CLIENT_CONFIRMATION_OK"
7033,10402535537,10402535573,1,"IOTHUB_CLIENT_CONFIRMATION_OK"
7034,10402535738,10402535774,1,"IOTHUB_CLIENT_CONFIRMATION_OK"
7035,10402535938,10402535970,1,"IOTHUB_CLIENT_CONFIRMATION_OK"
7036,10402536138,10402536177,1,"IOTHUB_CLIENT_CONFIRMATION_OK"
7037,10402536338,10402536374,1,"IOTHUB_CLIENT_CONFIRMATION_OK"
7038,10402536538,10402536588,1,"IOTHUB_CLIENT_CONFIRMATION_OK"
7039,10402536738,10402536791,1,"IOTHUB_CLIENT_CONFIRMATION_OK"
7040,10402536938,10402536975,1,"IOTHUB_CLIENT_CONFIRMATION_OK"
7041,10402537139,10402537188,1,"IOTHUB_CLIENT_CONFIRMATION_OK"
7042,10402537339,10402537417,1,"IOTHUB_CLIENT_CONFIRMATION_OK"
7043,10402537539,10402537572,1,"IOTHUB_CLIENT_CONFIRMATION_OK"
7044,10402537739,10402537777,1,"IOTHUB_CLIENT_CONFIRMATION_OK"
7045,10402537939,10402537978,1,"IOTHUB_CLIENT_CONFIRMATION_OK"
7046,10402538139,10402538175,1,"IOTHUB_CLIENT_CONFIRMATION_OK"
7047,10402538340,10402538435,1,"IOTHUB_CLIENT_CONFIRMATION_OK"
7048,10402538540,10402538578,1,"IOTHUB_CLIENT_CONFIRMATION_OK"
7049,10402538740,10402538778,1,"IOTHUB_CLIENT_CONFIRMATION_OK"
7050,10402538940,10402538976,1,"IOTHUB_CLIENT_CONFIRMATION_OK"
7051,10402539140,10402539175,1,"IOTHUB_CLIENT_CONFIRMATION_OK"
7052,10402539340,10402539443,1,"IOTHUB_CLIENT_CONFIRMATION_OK"
7053,10402539541,10402539582,1,"IOTHUB_CLIENT_CONFIRMATION_OK"
7054,10402539741,10402539848,1,"IOTHUB_CLIENT_CONFIRMATION_OK"
7055,10402539941,10402540063,1,"IOTHUB_CLIENT_CONFIRMATION_OK"
7056,10402540141,10402540178,1,"IOTHUB_CLIENT_CONFIRMATION_OK"
7057,10402540341,10402540455,1,"IOTHUB_CLIENT_CONFIRMATION_OK"
7058,10402540541,10402540580,1,"IOTHUB_CLIENT_CONFIRMATION_OK"
7059,10402540742,10402540828,1,"IOTHUB_CLIENT_CONFIRMATION_OK"
7060,10402540942,10402541071,1,"IOTHUB_CLIENT_CONFIRMATION_OK"
7061,10402541142,10402541177,1,"IOTHUB_CLIENT_CONFIRMATION_OK"
7062,10402541342,10402541381,1,"IOTHUB_CLIENT_CONFIRMATION_OK"
7063,10402541542,10402541580,1,"IOTHUB_CLIENT_CONFIRMATION_OK"
7064,10402541742,10402541778,1,"IOTHUB_CLIENT_CONFIRMATION_OK"
7065,10402541942,10402542089,1,"IOTHUB_CLIENT_CONFIRMATION_OK"
7066,10402542143,10402542181,1,"IOTHUB_CLIENT_CONFIRMATION_OK"
7067,10402542343,10402542402,1,"IOTHUB_CLIENT_CONFIRMATION_OK"
7068,10402542543,10402542583,1,"IOTHUB_CLIENT_CONFIRMATION_OK"
7069,10402542743,10402542782,1,"IOTHUB_CLIENT_CONFIRMATION_OK"
7070,10402542943,10402543111,1,"IOTHUB_CLIENT_CONFIRMATION_OK"
7071,10402543143,10402543181,1,"IOTHUB_CLIENT_CONFIRMATION_OK"
7072,10402543343,10402543382,1,"IOTHUB_CLIENT_CONFIRMATION_OK"
7073,10402543544,10402543585,1,"IOTHUB_CLIENT_CONFIRMATION_OK"
7074,10402543744,10402543782,1,"IOTHUB_CLIENT_CONFIRMATION_OK"
7075,10402543944,10402543979,1,"IOTHUB_CLIENT_CONFIRMATION_OK"
7076,10402544144,10402544183,1,"IOTHUB_CLIENT_CONFIRMATION_OK"
7077,10402544344,10402544379,1,"IOTHUB_CLIENT_CONFIRMATION_OK"
7078,10402544544,10402544584,1,"IOTHUB_CLIENT_CONFIRMATION_OK"
7079,10402544745,10402544794,1,"IOTHUB_CLIENT_CONFIRMATION_OK"
7080,10402544945,10402544982,1,"IOTHUB_CLIENT_CONFIRMATION_OK"
7081,10402545145,10402545190,1,"IOTHUB_CLIENT_CONFIRMATION_OK"
7082,10402545345,10402545380,1,"IOTHUB_CLIENT_CONFIRMATION_OK"
7083,10402545545,10402545580,1,"IOTHUB_CLIENT_CONFIRMATION_OK"
7084,10402545745,10402545782,1,"IOTHUB_CLIENT_CONFIRMATION_OK"
7085,10402545946,10402545993,1,"IOTHUB_CLIENT_CONFIRMATION_OK"
7086,10402546146,10402546209,1,"IOTHUB_CLIENT_CONFIRMATION_OK"
7087,10402546346,10402546386,1,"IOTHUB_CLIENT_CONFIRMATION_OK"
7088,10402546546,10402546582,1,"IOTHUB_CLIENT_CONFIRMATION_OK"
7089,10402546746,10402546793,1,"IOTHUB_CLIENT_CONFIRMATION_OK"
7090,10402546946,10402546985,1,"IOTHUB_CLIENT_CONFIRMATION_OK"
7091,10402547146,10402547251,1,"IOTHUB_CLIENT_CONFIRMATION_OK"
7092,10402547347,10402547397,1,"IOTHUB_CLIENT_CONFIRMATION_OK"
7093,10402547547,10402547595,1,"IOTHUB_CLIENT_CONFIRMATION_OK"
7094,10402547747,10402547829,1,"IOTHUB_CLIENT_CONFIRMATION_OK"
7095,10402547947,10402547992,1,"IOTHUB_CLIENT_CONFIRMATION_OK"
7096,10402548147,10402548221,1,"IOTHUB_CLIENT_CONFIRMATION_OK"
7097,10402548347,10402548392,1,"IOTHUB_CLIENT_CONFIRMATION_OK"
7098,10402548547,10402548584,1,"IOTHUB_CLIENT_CONFIRMATION_OK"
7099,10402548748,10402548840,1,"IOTHUB_CLIENT_CONFIRMATION_OK"
7100,10402548948,10402548983,1,"IOTHUB_CLIENT_CONFIRMATION_OK"
7101,10402549148,10402549238,1,"IOTHUB_CLIENT_CONFIRMATION_OK"
7102,10402549348,10402549387,1,"IOTHUB_CLIENT_CONFIRMATION_OK"
7103,10402549548,10402549598,1,"IOTHUB_CLIENT_CONFIRMATION_OK"
7104,10402549749,10402549850,1,"IOTHUB_CLIENT_CONFIRMATION_OK"
7105,10402549949,10402549985,1,"IOTHUB_CLIENT_CONFIRMATION_OK"
7106,10402550149,10402550182,1,"IOTHUB_CLIENT_CONFIRMATION_OK"
7107,10402550349,10402550457,1,"IOTHUB_CLIENT_CONFIRMATION_OK"
7108,10402550549,10402550590,1,"IOTHUB_CLIENT_CONFIRMATION_OK"
7109,10402550749,10402550866,1,"IOTHUB_CLIENT_CONFIRMATION_OK"
7110,10402550950,10402550991,1,"IOTHUB_CLIENT_CONFIRMATION_OK"
7111,10402551150,10402551183,1,"IOTHUB_CLIENT_CONFIRMATION_OK"
7112,10402551350,10402551397,1,"IOTHUB_CLIENT_CONFIRMATION_OK"
7113,10402551550,10402551585,1,"IOTHUB_CLIENT_CONFIRMATION_OK"
7114,10402551750,10402551885,1,"IOTHUB_CLIENT_CONFIRMATION_OK"
7115,10402551950,10402551984,1,"IOTHUB_CLIENT_CONFIRMATION_OK"
7116,10402552151,10402552186,1,"IOTHUB_CLIENT_CONFIRMATION_OK"
7117,10402552351,10402552391,1,"IOTHUB_CLIENT_CONFIRMATION_OK"
7118,10402552551,10402552590,1,"IOTHUB_CLIENT_CONFIRMATION_OK"
7119,10402552751,10402552796,1,"IOTHUB_CLIENT_CONFIRMATION_OK"
7120,10402552951,10402552983,1,"IOTHUB_CLIENT_CONFIRMATION_OK"
7121,10402553151,10402553186,1,"IOTHUB_CLIENT_CONFIRMATION_OK"
7122,10402553351,10402553510,1,"IOTHUB_CLIENT_CONFIRMATION_OK"
7123,10402553552,10402553588,1,"IOTHUB_CLIENT_CONFIRMATION_OK"
7124,10402553752,10402553788,1,"IOTHUB_CLIENT_CONFIRMATION_OK"
7125,10402553952,10402553999,1,"IOTHUB_CLIENT_CONFIRMATION_OK"
7126,10402554152,10402554188,1,"IOTHUB_CLIENT_CONFIRMATION_OK"
7127,10402554352,10402554553,1,"IOTHUB_CLIENT_CONFIRMATION_OK"
7128,10402554552,10402554585,1,"IOTHUB_CLIENT_CONFIRMATION_OK"
7129,10402554752,10402554785,1,"IOTHUB_CLIENT_CONFIRMATION_OK"
7130,10402554953,10402554989,1,"IOTHUB_CLIENT_CONFIRMATION_OK"
7131,10402555153,10402555188,1,"IOTHUB_CLIENT_CONFIRMATION_OK"
7132,10402555353,10402555555,1,"IOTHUB_CLIENT_CONFIRMATION_OK"
7133,10402555553,10402555589,1,"IOTHUB_CLIENT_CONFIRMATION_OK"
7134,10402555753,10402555788,1,"IOTHUB_CLIENT_CONFIRMATION_OK"
7135,10402555953,10402555998,1,"IOTHUB_CLIENT_CONFIRMATION_OK"
7136,10402556154,10402556197,1,"IOTHUB_CLIENT_CONFIRMATION_OK"
7137,10402556354,10402556394,1,"IOTHUB_CLIENT_CONFIRMATION_OK"
7138,10402556554,10402556589,1,"IOTHUB_CLIENT_CONFIRMATION_OK"
7139,10402556754,10402556897,1,"IOTHUB_CLIENT_CONFIRMATION_OK"
7140,10402556954,10402556998,1,"IOTHUB_CLIENT_CONFIRMATION_OK"
7141,10402557154,10402557194,1,"IOTHUB_CLIENT_CONFIRMATION_OK"
7142,10402557355,10402557421,1,"IOTHUB_CLIENT_CONFIRMATION_OK"
7143,10402557555,10402557687,1,"IOTHUB_CLIENT_CONFIRMATION_OK"
7144,10402557755,10402557791,1,"IOTHUB_CLIENT_CONFIRMATION_OK"
7145,10402557955,10402558085,1,"IOTHUB_CLIENT_CONFIRMATION_OK"
7146,10402558155,10402558188,1,"IOTHUB_CLIENT_CONFIRMATION_OK"
7147,10402558355,10402558416,1,"IOTHUB_CLIENT_CONFIRMATION_OK"
7148,10402558556,10402558710,1,"IOTHUB_CLIENT_CONFIRMATION_OK"
7149,10402558756,10402558795,1,"IOTHUB_CLIENT_CONFIRMATION_OK"
7150,10402558956,10402558996,1,"IOTHUB_CLIENT_CONFIRMATION_OK"
7151,10402559156,10402559191,1,"IOTHUB_CLIENT_CONFIRMATION_OK"
7152,10402559356,10402559394,1,"IOTHUB_CLIENT_CONFIRMATION_OK"
7153,10402559556,10402559715,1,"IOTHUB_CLIENT_CONFIRMATION_OK"
7154,10402559756,10402559846,1,"IOTHUB_CLIENT_CONFIRMATION_OK"
7155,10402559957,10402559992,1,"IOTHUB_CLIENT_CONFIRMATION_OK"
7156,10402560157,10402560194,1,"IOTHUB_CLIENT_CONFIRMATION_OK"
7157,10402560357,10402560393,1,"IOTHUB_CLIENT_CONFIRMATION_OK"
7158,10402560557,10402560742,1,"IOTHUB_CLIENT_CONFIRMATION_OK"
7159,10402560757,10402560794,1,"IOTHUB_CLIENT_CONFIRMATION_OK"
7160,10402560957,10402560996,1,"IOTHUB_CLIENT_CONFIRMATION_OK"
7161,10402561157,10402561191,1,"IOTHUB_CLIENT_CONFIRMATION_OK"
7162,10402561358,10402561405,1,"IOTHUB_CLIENT_CONFIRMATION_OK"
7163,10402561558,10402561601,1,"IOTHUB_CLIENT_CONFIRMATION_OK"
7164,10402561758,10402561794,1,"IOTHUB_CLIENT_CONFIRMATION_OK"
7165,10402561958,10402561999,1,"IOTHUB_CLIENT_CONFIRMATION_OK"
7166,10402562158,10402562193,1,"IOTHUB_CLIENT_CONFIRMATION_OK"
7167,10402562358,10402562403,1,"IOTHUB_CLIENT_CONFIRMATION_OK"
7168,10402562559,10402562616,1,"IOTHUB_CLIENT_CONFIRMATION_OK"
7169,10402562759,10402562864,1,"IOTHUB_CLIENT_CONFIRMATION_OK"
7170,10402562959,10402562999,1,"IOTHUB_CLIENT_CONFIRMATION_OK"
7171,10402563159,10402563191,1,"IOTHUB_CLIENT_CONFIRMATION_OK"
7172,10402563359,10402563398,1,"IOTHUB_CLIENT_CONFIRMATION_OK"
7173,10402563559,10402563590,1,"IOTHUB_CLIENT_CONFIRMATION_OK"
7174,10402563759,10402563797,1,"IOTHUB_CLIENT_CONFIRMATION_OK"
7175,10402563960,10402563998,1,"IOTHUB_CLIENT_CONFIRMATION_OK"
7176,10402564160,10402564217,1,"IOTHUB_CLIENT_CONFIRMATION_OK"
7177,10402564360,10402564398,1,"IOTHUB_CLIENT_CONFIRMATION_OK"
7178,10402564560,10402564596,1,"IOTHUB_CLIENT_CONFIRMATION_OK"
7179,10402564760,10402564804,1,"IOTHUB_CLIENT_CONFIRMATION_OK"
7180,10402564960,10402564995,1,"IOTHUB_CLIENT_CONFIRMATION_OK"
7181,10402565161,10402565197,1,"IOTHUB_CLIENT_CONFIRMATION_OK"
7182,10402565361,10402565450,1,"IOTHUB_CLIENT_CONFIRMATION_OK"
7183,10402565561,10402565610,1,"IOTHUB_CLIENT_CONFIRMATION_OK"
7184,10402565761,10402565833,1,"IOTHUB_CLIENT_CONFIRMATION_OK"
7185,10402565961,10402565997,1,"IOTHUB_CLIENT_CONFIRMATION_OK"
7186,10402566161,10402566197,1,"IOTHUB_CLIENT_CONFIRMATION_OK"
7187,10402566362,10402566434,1,"IOTHUB_CLIENT_CONFIRMATION_OK"
7188,10402566562,10402566604,1,"IOTHUB_CLIENT_CONFIRMATION_OK"
7189,10402566762,10402566844,1,"IOTHUB_CLIENT_CONFIRMATION_OK"
7190,10402566962,10402566996,1,"IOTHUB_CLIENT_CONFIRMATION_OK"
7191,10402567162,10402567199,1,"IOTHUB_CLIENT_CONFIRMATION_OK"
7192,10402567362,10402567455,1,"IOTHUB_CLIENT_CONFIRMATION_OK"
7193,10402567562,10402567598,1,"IOTHUB_CLIENT_CONFIRMATION_OK"
7194,10402567763,10402567800,1,"IOTHUB_CLIENT_CONFIRMATION_OK"
7195,10402567963,10402568001,1,"IOTHUB_CLIENT_CONFIRMATION_OK"
7196,10402568163,10402568202,1,"IOTHUB_CLIENT_CONFIRMATION_OK"
7197,10402568363,10402568532,1,"IOTHUB_CLIENT_CONFIRMATION_OK"
7198,10402568563,10402568602,1,"IOTHUB_CLIENT_CONFIRMATION_OK"
7199,10402568763,10402568799,1,"IOTHUB_CLIENT_CONFIRMATION_OK"
7200,10402568964,10402569016,1,"IOTHUB_CLIENT_CONFIRMATION_OK"
7201,10402569164,10402569213,1,"IOTHUB_CLIENT_CONFIRMATION_OK"
7202,10402569364,10402569569,1,"IOTHUB_CLIENT_CONFIRMATION_OK"
7203,10402569564,10402569603,1,"IOTHUB_CLIENT_CONFIRMATION_OK"
7204,10402569764,10402569808,1,"IOTHUB_CLIENT_CONFIRMATION_OK"
7205,10402569964,10402570013,1,"IOTHUB_CLIENT_CONFIRMATION_OK"
7206,10402570164,10402570200,1,"IOTHUB_CLIENT_CONFIRMATION_OK"
7207,10402570365,10402570577,1,"IOTHUB_CLIENT_CONFIRMATION_OK"
7208,10402570565,10402570607,1,"IOTHUB_CLIENT_CONFIRMATION_OK"
7209,10402570765,10402570793,1,"IOTHUB_CLIENT_CONFIRMATION_OK"
7210,10402570965,10402571001,1,"IOTHUB_CLIENT_CONFIRMATION_OK"
7211,10402571165,10402571282,1,"IOTHUB_CLIENT_CONFIRMATION_OK"
7212,10402571365,10402571402,1,"IOTHUB_CLIENT_CONFIRMATION_OK"
7213,10402571566,10402571600,1,"IOTHUB_CLIENT_CONFIRMATION_OK"
7214,10402571766,10402571802,1,"IOTHUB_CLIENT_CONFIRMATION_OK"
7215,10402571966,10402572101,1,"IOTHUB_CLIENT_CONFIRMATION_OK"
7216,10402572166,10402572200,1,"IOTHUB_CLIENT_CONFIRMATION_OK"
7217,10402572366,10402572400,1,"IOTHUB_CLIENT_CONFIRMATION_OK"
7218,10402572566,10402572606,1,"IOTHUB_CLIENT_CONFIRMATION_OK"
7219,10402572766,10402572803,1,"IOTHUB_CLIENT_CONFIRMATION_OK"
7220,10402572967,10402573107,1,"IOTHUB_CLIENT_CONFIRMATION_OK"
7221,10402573167,10402573207,1,"IOTHUB_CLIENT_CONFIRMATION_OK"
7222,10402573367,10402573407,1,"IOTHUB_CLIENT_CONFIRMATION_OK"
7223,10402573567,10402573606,1,"IOTHUB_CLIENT_CONFIRMATION_OK"
7224,10402573767,10402573801,1,"IOTHUB_CLIENT_CONFIRMATION_OK"
7225,10402573967,10402574007,1,"IOTHUB_CLIENT_CONFIRMATION_OK"
7226,10402574168,10402574206,1,"IOTHUB_CLIENT_CONFIRMATION_OK"
7227,10402574368,10402574497,1,"IOTHUB_CLIENT_CONFIRMATION_OK"
7228,10402574568,10402574604,1,"IOTHUB_CLIENT_CONFIRMATION_OK"
7229,10402574768,10402574803,1,"IOTHUB_CLIENT_CONFIRMATION_OK"
7230,10402574968,10402575088,1,"IOTHUB_CLIENT_CONFIRMATION_OK"
7231,10402575168,10402575222,1,"IOTHUB_CLIENT_CONFIRMATION_OK"
7232,10402575369,10402575404,1,"IOTHUB_CLIENT_CONFIRMATION_OK"
7233,10402575569,10402575600,1,"IOTHUB_CLIENT_CONFIRMATION_OK"
7234,10402575769,10402575812,1,"IOTHUB_CLIENT_CONFIRMATION_OK"
7235,10402575969,10402576006,1,"IOTHUB_CLIENT_CONFIRMATION_OK"
7236,10402576169,10402576209,1,"IOTHUB_CLIENT_CONFIRMATION_OK"
7237,10402576369,10402576407,1,"IOTHUB_CLIENT_CONFIRMATION_OK"
7238,10402576569,10402576608,1,"IOTHUB_CLIENT_CONFIRMATION_OK"
7239,10402576770,10402576804,1,"IOTHUB_CLIENT_CONFIRMATION_OK"
7240,10402576970,10402577057,1,"IOTHUB_CLIENT_CONFIRMATION_OK"
7241,10402577170,10402577270,1,"IOTHUB_CLIENT_CONFIRMATION_OK"
7242,10402577370,10402577404,1,"IOTHUB_CLIENT_CONFIRMATION_OK"
7243,10402577570,10402577616,1,"IOTHUB_CLIENT_CONFIRMATION_OK"
7244,10402577770,10402577807,1,"IOTHUB_CLIENT_CONFIRMATION_OK"
7245,10402577971,10402578007,1,"IOTHUB_CLIENT_CONFIRMATION_OK"
7246,10402578171,10402578267,1,"IOTHUB_CLIENT_CONFIRMATION_OK"
7247,10402578371,10402578404,1,"IOTHUB_CLIENT_CONFIRMATION_OK"
7248,10402578571,10402578608,1,"IOTHUB_CLIENT_CONFIRMATION_OK"
7249,10402578771,10402578889,1,"IOTHUB_CLIENT_CONFIRMATION_OK"
7250,10402578971,10402579005,1,"IOTHUB_CLIENT_CONFIRMATION_OK"
7251,10402579172,10402579298,1,"IOTHUB_CLIENT_CONFIRMATION_OK"
7252,10402579372,10402579427,1,"IOTHUB_CLIENT_CONFIRMATION_OK"
7253,10402579572,10402579609,1,"IOTHUB_CLIENT_CONFIRMATION_OK"
7254,10402579772,10402579910,1,"IOTHUB_CLIENT_CONFIRMATION_OK"
7255,10402579972,10402580034,1,"IOTHUB_CLIENT_CONFIRMATION_OK"
7256,10402580172,10402580214,1,"IOTHUB_CLIENT_CONFIRMATION_OK"
7257,10402580373,10402580409,1,"IOTHUB_CLIENT_CONFIRMATION_OK"
7258,10402580573,10402580617,1,"IOTHUB_CLIENT_CONFIRMATION_OK"
7259,10402580773,10402580912,1,"IOTHUB_CLIENT_CONFIRMATION_OK"
7260,10402580973,10402581012,1,"IOTHUB_CLIENT_CONFIRMATION_OK"
7261,10402581173,10402581215,1,"IOTHUB_CLIENT_CONFIRMATION_OK"
7262,10402581373,10402581408,1,"IOTHUB_CLIENT_CONFIRMATION_OK"
7263,10402581573,10402581617,1,"IOTHUB_CLIENT_CONFIRMATION_OK"
7264,10402581774,10402581927,1,"IOTHUB_CLIENT_CONFIRMATION_OK"
7265,10402581974,10402582008,1,"IOTHUB_CLIENT_CONFIRMATION_OK"
7266,10402582174,10402582211,1,"IOTHUB_CLIENT_CONFIRMATION_OK"
7267,10402582374,10402582408,1,"IOTHUB_CLIENT_CONFIRMATION_OK"
7268,10402582574,10402582611,1,"IOTHUB_CLIENT_CONFIRMATION_OK"
7269,10402582774,10402582825,1,"IOTHUB_CLIENT_CONFIRMATION_OK"
7270,10402582975,10402583011,1,"IOTHUB_CLIENT_CONFIRMATION_OK"
7271,10402583175,10402583210,1,"IOTHUB_CLIENT_CONFIRMATION_OK"
7272,10402583375,10402583461,1,"IOTHUB_CLIENT_CONFIRMATION_OK"
7273,10402583575,10402583616,1,"IOTHUB_CLIENT_CONFIRMATION_OK"
7274,10402583775,10402583817,1,"IOTHUB_CLIENT_CONFIRMATION_OK"
7275,10402583975,10402584058,1,"IOTHUB_CLIENT_CONFIRMATION_OK"
7276,10402584175,10402584211,1,"IOTHUB_CLIENT_CONFIRMATION_OK"
7277,10402584376,10402584482,1,"IOTHUB_CLIENT_CONFIRMATION_OK"
7278,10402584576,10402584623,1,"IOTHUB_CLIENT_CONFIRMATION_OK"
7279,10402584776,10402584825,1,"IOTHUB_CLIENT_CONFIRMATION_OK"
7280,10402584976,10402585080,1,"IOTHUB_CLIENT_CONFIRMATION_OK"
7281,10402585176,10402585222,1,"IOTHUB_CLIENT_CONFIRMATION_OK"
7282,10402585376,10402585501,1,"IOTHUB_CLIENT_CONFIRMATION_OK"
7283,10402585577,10402585612,1,"IOTHUB_CLIENT_CONFIRMATION_OK"
7284,10402585777,10402585816,1,"IOTHUB_CLIENT_CONFIRMATION_OK"
7285,10402585977,10402586165,1,"IOTHUB_CLIENT_CONFIRMATION_OK"
7286,10402586177,10402586216,1,"IOTHUB_CLIENT_CONFIRMATION_OK"
7287,10402586377,10402586414,1,"IOTHUB_CLIENT_CONFIRMATION_OK"
7288,10402586577,10402586624,1,"IOTHUB_CLIENT_CONFIRMATION_OK"
7289,10402586777,10402586822,1,"IOTHUB_CLIENT_CONFIRMATION_OK"
7290,10402586978,10402587160,1,"IOTHUB_CLIENT_CONFIRMATION_OK"
7291,10402587178,10402587228,1,"IOTHUB_CLIENT_CONFIRMATION_OK"
7292,10402587378,10402587420,1,"IOTHUB_CLIENT_CONFIRMATION_OK"
7293,10402587578,10402587622,1,"IOTHUB_CLIENT_CONFIRMATION_OK"
7294,10402587778,10402587813,1,"IOTHUB_CLIENT_CONFIRMATION_OK"
7295,10402587978,10402588171,1,"IOTHUB_CLIENT_CONFIRMATION_OK"
7296,10402588179,10402588212,1,"IOTHUB_CLIENT_CONFIRMATION_OK"
7297,10402588379,10402588416,1,"IOTHUB_CLIENT_CONFIRMATION_OK"
7298,10402588579,10402588626,1,"IOTHUB_CLIENT_CONFIRMATION_OK"
7299,10402588779,10402588815,1,"IOTHUB_CLIENT_CONFIRMATION_OK"
7300,10402588979,10402589034,1,"IOTHUB_CLIENT_CONFIRMATION_OK"
7301,10402589179,10402589228,1,"IOTHUB_CLIENT_CONFIRMATION_OK"
7302,10402589380,10402589419,1,"IOTHUB_CLIENT_CONFIRMATION_OK"
7303,10402589580,10402589614,1,"IOTHUB_CLIENT_CONFIRMATION_OK"
7304,10402589780,10402589817,1,"IOTHUB_CLIENT_CONFIRMATION_OK"
7305,10402589980,10402590017,1,"IOTHUB_CLIENT_CONFIRMATION_OK"
7306,10402590180,10402590215,1,"IOTHUB_CLIENT_CONFIRMATION_OK"
7307,10402590380,10402590420,1,"IOTHUB_CLIENT_CONFIRMATION_OK"
7308,10402590580,10402590613,1,"IOTHUB_CLIENT_CONFIRMATION_OK"
7309,10402590781,10402590826,1,"IOTHUB_CLIENT_CONFIRMATION_OK"
7310,10402590981,10402591019,1,"IOTHUB_CLIENT_CONFIRMATION_OK"
7311,10402591181,10402591229,1,"IOTHUB_CLIENT_CONFIRMATION_OK"
7312,10402591381,10402591457,1,"IOTHUB_CLIENT_CONFIRMATION_OK"
7313,10402591581,10402591615,1,"IOTHUB_CLIENT_CONFIRMATION_OK"
7314,10402591781,10402591816,1,"IOTHUB_CLIENT_CONFIRMATION_OK"
7315,10402591982,10402592027,1,"IOTHUB_CLIENT_CONFIRMATION_OK"
7316,10402592182,10402592295,1,"IOTHUB_CLIENT_CONFIRMATION_OK"
7317,10402592382,10402592418,1,"IOTHUB_CLIENT_CONFIRMATION_OK"
7318,10402592582,10402592618,1,"IOTHUB_CLIENT_CONFIRMATION_OK"
7319,10402592782,10402592816,1,"IOTHUB_CLIENT_CONFIRMATION_OK"
7320,10402592982,10402593020,1,"IOTHUB_CLIENT_CONFIRMATION_OK"
7321,10402593183,10402593308,1,"IOTHUB_CLIENT_CONFIRMATION_OK"
7322,10402593383,10402593416,1,"IOTHUB_CLIENT_CONFIRMATION_OK"
7323,10402593583,10402593622,1,"IOTHUB_CLIENT_CONFIRMATION_OK"
7324,10402593783,10402593824,1,"IOTHUB_CLIENT_CONFIRMATION_OK"
7325,10402593983,10402594015,1,"IOTHUB_CLIENT_CONFIRMATION_OK"
7326,10402594183,10402594300,1,"IOTHUB_CLIENT_CONFIRMATION_OK"
7327,10402594384,10402594422,1,"IOTHUB_CLIENT_CONFIRMATION_OK"
7328,10402594584,10402594636,1,"IOTHUB_CLIENT_CONFIRMATION_OK"
7329,10402594784,10402594942,1,"IOTHUB_CLIENT_CONFIRMATION_OK"
7330,10402594984,10402595021,1,"IOTHUB_CLIENT_CONFIRMATION_OK"
7331,10402595184,10402595222,1,"IOTHUB_CLIENT_CONFIRMATION_OK"
7332,10402595384,10402595437,1,"IOTHUB_CLIENT_CONFIRMATION_OK"
7333,10402595585,10402595631,1,"IOTHUB_CLIENT_CONFIRMATION_OK"
7334,10402595785,10402595954,1,"IOTHUB_CLIENT_CONFIRMATION_OK"
7335,10402595985,10402596023,1,"IOTHUB_CLIENT_CONFIRMATION_OK"
7336,10402596185,10402596220,1,"IOTHUB_CLIENT_CONFIRMATION_OK"
7337,10402596385,10402596422,1,"IOTHUB_CLIENT_CONFIRMATION_OK"
7338,10402596585,10402596621,1,"IOTHUB_CLIENT_CONFIRMATION_OK"
7339,10402596785,10402596823,1,"IOTHUB_CLIENT_CONFIRMATION_OK"
7340,10402596986,10402597021,1,"IOTHUB_CLIENT_CONFIRMATION_OK"
7341,10402597186,10402597271,1,"IOTHUB_CLIENT_CONFIRMATION_OK"
7342,10402597386,10402597422,1,"IOTHUB_CLIENT_CONFIRMATION_OK"
7343,10402597586,10402597626,1,"IOTHUB_CLIENT_CONFIRMATION_OK"
7344,10402597786,10402597827,1,"IOTHUB_CLIENT_CONFIRMATION_OK"
7345,10402597986,10402598046,1,"IOTHUB_CLIENT_CONFIRMATION_OK"
7346,10402598186,10402598224,1,"IOTHUB_CLIENT_CONFIRMATION_OK"
7347,10402598387,10402598429,1,"IOTHUB_CLIENT_CONFIRMATION_OK"
7348,10402598587,10402598626,1,"IOTHUB_CLIENT_CONFIRMATION_OK"
7349,10402598787,10402598838,1,"IOTHUB_CLIENT_CONFIRMATION_OK"
7350,10402598987,10402599086,1,"IOTHUB_CLIENT_CONFIRMATION_OK"
7351,10402599187,10402599265,1,"IOTHUB_CLIENT_CONFIRMATION_OK"
7352,10402599387,10402599510,1,"IOTHUB_CLIENT_CONFIRMATION_OK"
7353,10402599588,10402599622,1,"IOTHUB_CLIENT_CONFIRMATION_OK"
7354,10402599788,10402599823,1,"IOTHUB_CLIENT_CONFIRMATION_OK"
7355,10402599988,10402600022,1,"IOTHUB_CLIENT_CONFIRMATION_OK"
7356,10402600188,10402600226,1,"IOTHUB_CLIENT_CONFIRMATION_OK"
7357,10402600388,10402600525,1,"IOTHUB_CLIENT_CONFIRMATION_OK"
7358,10402600588,10402600631,1,"IOTHUB_CLIENT_CONFIRMATION_OK"
7359,10402600788,10402600821,1,"IOTHUB_CLIENT_CONFIRMATION_OK"
7360,10402600989,10402601140,1,"IOTHUB_CLIENT_CONFIRMATION_OK"
7361,10402601189,10402601225,1,"IOTHUB_CLIENT_CONFIRMATION_OK"
7362,10402601389,10402601428,1,"IOTHUB_CLIENT_CONFIRMATION_OK"
7363,10402601589,10402601635,1,"IOTHUB_CLIENT_CONFIRMATION_OK"
7364,10402601789,10402601829,1,"IOTHUB_CLIENT_CONFIRMATION_OK"
7365,10402601989,10402602148,1,"IOTHUB_CLIENT_CONFIRMATION_OK"
7366,10402602189,10402602226,1,"IOTHUB_CLIENT_CONFIRMATION_OK"
7367,10402602390,10402602429,1,"IOTHUB_CLIENT_CONFIRMATION_OK"
7368,10402602590,10402602626,1,"IOTHUB_CLIENT_CONFIRMATION_OK"
7369,10402602790,10402602829,1,"IOTHUB_CLIENT_CONFIRMATION_OK"
7370,10402602990,10402603177,1,"IOTHUB_CLIENT_CONFIRMATION_OK"
7371,10402603190,10402603235,1,"IOTHUB_CLIENT_CONFIRMATION_OK"
7372,10402603391,10402603438,1,"IOTHUB_CLIENT_CONFIRMATION_OK"
7373,10402603591,10402603626,1,"IOTHUB_CLIENT_CONFIRMATION_OK"
7374,10402603791,10402603831,1,"IOTHUB_CLIENT_CONFIRMATION_OK"
7375,10402603991,10402604023,1,"IOTHUB_CLIENT_CONFIRMATION_OK"
7376,10402604191,10402604228,1,"IOTHUB_CLIENT_CONFIRMATION_OK"
7377,10402604391,10402604490,1,"IOTHUB_CLIENT_CONFIRMATION_OK"
7378,10402604591,10402604648,1,"IOTHUB_CLIENT_CONFIRMATION_OK"
7379,10402604792,10402604836,1,"IOTHUB_CLIENT_CONFIRMATION_OK"
7380,10402604992,10402605039,1,"IOTHUB_CLIENT_CONFIRMATION_OK"
7381,10402605192,10402605229,1,"IOTHUB_CLIENT_CONFIRMATION_OK"
7382,10402605392,10402605432,1,"IOTHUB_CLIENT_CONFIRMATION_OK"
7383,10402605592,10402605638,1,"IOTHUB_CLIENT_CONFIRMATION_OK"
7384,10402605792,10402605829,1,"IOTHUB_CLIENT_CONFIRMATION_OK"
7385,10402605993,10402606028,1,"IOTHUB_CLIENT_CONFIRMATION_OK"
7386,10402606193,10402606264,1,"IOTHUB_CLIENT_CONFIRMATION_OK"
7387,10402606393,10402606429,1,"IOTHUB_CLIENT_CONFIRMATION_OK"
7388,10402606593,10402606628,1,"IOTHUB_CLIENT_CONFIRMATION_OK"
7389,10402606793,10402606834,1,"IOTHUB_CLIENT_CONFIRMATION_OK"
7390,10402606993,10402607031,1,"IOTHUB_CLIENT_CONFIRMATION_OK"
7391,10402607193,10402607276,1,"IOTHUB_CLIENT_CONFIRMATION_OK"
7392,10402607394,10402607449,1,"IOTHUB_CLIENT_CONFIRMATION_OK"
7393,10402607594,10402607630,1,"IOTHUB_CLIENT_CONFIRMATION_OK"
7394,10402607794,10402607839,1,"IOTHUB_CLIENT_CONFIRMATION_OK"
7395,10402607994,10402608037,1,"IOTHUB_CLIENT_CONFIRMATION_OK"
7396,10402608194,10402608307,1,"IOTHUB_CLIENT_CONFIRMATION_OK"
7397,10402608394,10402608428,1,"IOTHUB_CLIENT_CONFIRMATION_OK"
7398,10402608595,10402608642,1,"IOTHUB_CLIENT_CONFIRMATION_OK"
7399,10402608795,10402608839,1,"IOTHUB_CLIENT_CONFIRMATION_OK"
7400,10402608995,10402609033,1,"IOTHUB_CLIENT_CONFIRMATION_OK"
7401,10402609195,10402609323,1,"IOTHUB_CLIENT_CONFIRMATION_OK"
7402,10402609395,10402609445,1,"IOTHUB_CLIENT_CONFIRMATION_OK"
7403,10402609595,10402609638,1,"IOTHUB_CLIENT_CONFIRMATION_OK"
7404,10402609796,10402610000,1,"IOTHUB_CLIENT_CONFIRMATION_OK"
7405,10402609996,10402610038,1,"IOTHUB_CLIENT_CONFIRMATION_OK"
7406,10402610196,10402610242,1,"IOTHUB_CLIENT_CONFIRMATION_OK"
7407,10402610396,10402610428,1,"IOTHUB_CLIENT_CONFIRMATION_OK"
7408,10402610596,10402610632,1,"IOTHUB_CLIENT_CONFIRMATION_OK"
7409,10402610796,10402610945,1,"IOTHUB_CLIENT_CONFIRMATION_OK"
7410,10402610997,10402611032,1,"IOTHUB_CLIENT_CONFIRMATION_OK"
7411,10402611197,10402611245,1,"IOTHUB_CLIENT_CONFIRMATION_OK"
7412,10402611397,10402611434,1,"IOTHUB_CLIENT_CONFIRMATION_OK"
7413,10402611597,10402611630,1,"IOTHUB_CLIENT_CONFIRMATION_OK"
7414,10402611797,10402611992,1,"IOTHUB_CLIENT_CONFIRMATION_OK"
7415,10402611997,10402612033,1,"IOTHUB_CLIENT_CONFIRMATION_OK"
7416,10402612197,10402612232,1,"IOTHUB_CLIENT_CONFIRMATION_OK"
7417,10402612398,10402612441,1,"IOTHUB_CLIENT_CONFIRMATION_OK"
7418,10402612598,10402612635,1,"IOTHUB_CLIENT_CONFIRMATION_OK"
7419,10402612798,10402612834,1,"IOTHUB_CLIENT_CONFIRMATION_OK"
7420,10402612998,10402613036,1,"IOTHUB_CLIENT_CONFIRMATION_OK"
7421,10402613198,10402613236,1,"IOTHUB_CLIENT_CONFIRMATION_OK"
7422,10402613399,10402613435,1,"IOTHUB_CLIENT_CONFIRMATION_OK"
7423,10402613599,10402613635,1,"IOTHUB_CLIENT_CONFIRMATION_OK"
7424,10402613799,10402613833,1,"IOTHUB_CLIENT_CONFIRMATION_OK"
7425,10402613999,10402614037,1,"IOTHUB_CLIENT_CONFIRMATION_OK"
7426,10402614199,10402614232,1,"IOTHUB_CLIENT_CONFIRMATION_OK"
7427,10402614399,10402614439,1,"IOTHUB_CLIENT_CONFIRMATION_OK"
7428,10402614600,10402614635,1,"IOTHUB_CLIENT_CONFIRMATION_OK"
7429,10402614800,10402614833,1,"IOTHUB_CLIENT_CONFIRMATION_OK"
7430,10402615000,10402615034,1,"IOTHUB_CLIENT_CONFIRMATION_OK"
7431,10402615200,10402615235,1,"IOTHUB_CLIENT_CONFIRMATION_OK"
7432,10402615400,10402615437,1,"IOTHUB_CLIENT_CONFIRMATION_OK"
7433,10402615600,10402615690,1,"IOTHUB_CLIENT_CONFIRMATION_OK"
7434,10402615800,10402615838,1,"IOTHUB_CLIENT_CONFIRMATION_OK"
7435,10402616001,10402616040,1,"IOTHUB_CLIENT_CONFIRMATION_OK"
7436,10402616201,10402616233,1,"IOTHUB_CLIENT_CONFIRMATION_OK"
7437,10402616401,10402616437,1,"IOTHUB_CLIENT_CONFIRMATION_OK"
7438,10402616601,10402616635,1,"IOTHUB_CLIENT_CONFIRMATION_OK"
7439,10402616801,10402616860,1,"IOTHUB_CLIENT_CONFIRMATION_OK"
7440,10402617001,10402617085,1,"IOTHUB_CLIENT_CONFIRMATION_OK"
7441,10402617202,10402617237,1,"IOTHUB_CLIENT_CONFIRMATION_OK"
7442,10402617402,10402617436,1,"IOTHUB_CLIENT_CONFIRMATION_OK"
7443,10402617602,10402617726,1,"IOTHUB_CLIENT_CONFIRMATION_OK"
7444,10402617802,10402617834,1,"IOTHUB_CLIENT_CONFIRMATION_OK"
7445,10402618002,10402618135,1,"IOTHUB_CLIENT_CONFIRMATION_OK"
7446,10402618202,10402618237,1,"IOTHUB_CLIENT_CONFIRMATION_OK"
7447,10402618403,10402618451,1,"IOTHUB_CLIENT_CONFIRMATION_OK"
7448,10402618603,10402618742,1,"IOTHUB_CLIENT_CONFIRMATION_OK"
7449,10402618803,10402618838,1,"IOTHUB_CLIENT_CONFIRMATION_OK"
7450,10402619003,10402619037,1,"IOTHUB_CLIENT_CONFIRMATION_OK"
7451,10402619203,10402619237,1,"IOTHUB_CLIENT_CONFIRMATION_OK"
7452,10402619403,10402619453,1,"IOTHUB_CLIENT_CONFIRMATION_OK"
7453,10402619604,10402619809,1,"IOTHUB_CLIENT_CONFIRMATION_OK"
7454,10402619804,10402619838,1,"IOTHUB_CLIENT_CONFIRMATION_OK"
7455,10402620004,10402620043,1,"IOTHUB_CLIENT_CONFIRMATION_OK"
7456,10402620204,10402620241,1,"IOTHUB_CLIENT_CONFIRMATION_OK"
7457,10402620404,10402620437,1,"IOTHUB_CLIENT_CONFIRMATION_OK"
7458,10402620604,10402620786,1,"IOTHUB_CLIENT_CONFIRMATION_OK"
7459,10402620805,10402620842,1,"IOTHUB_CLIENT_CONFIRMATION_OK"
7460,10402621005,10402621056,1,"IOTHUB_CLIENT_CONFIRMATION_OK"
7461,10402621205,10402621240,1,"IOTHUB_CLIENT_CONFIRMATION_OK"
7462,10402621405,10402621439,1,"IOTHUB_CLIENT_CONFIRMATION_OK"
7463,10402621605,10402621639,1,"IOTHUB_CLIENT_CONFIRMATION_OK"
7464,10402621805,10402621853,1,"IOTHUB_CLIENT_CONFIRMATION_OK"
7465,10402622005,10402622044,1,"IOTHUB_CLIENT_CONFIRMATION_OK"
7466,10402622206,10402622245,1,"IOTHUB_CLIENT_CONFIRMATION_OK"
7467,10402622406,10402622443,1,"IOTHUB_CLIENT_CONFIRMATION_OK"
7468,10402622606,10402622645,1,"IOTHUB_CLIENT_CONFIRMATION_OK"
7469,10402622806,10402622847,1,"IOTHUB_CLIENT_CONFIRMATION_OK"
7470,10402623006,10402623041,1,"IOTHUB_CLIENT_CONFIRMATION_OK"
7471,10402623206,10402623239,1,"IOTHUB_CLIENT_CONFIRMATION_OK"
7472,10402623407,10402623446,1,"IOTHUB_CLIENT_CONFIRMATION_OK"
7473,10402623607,10402623654,1,"IOTHUB_CLIENT_CONFIRMATION_OK"
7474,10402623807,10402623848,1,"IOTHUB_CLIENT_CONFIRMATION_OK"
7475,10402624007,10402624040,1,"IOTHUB_CLIENT_CONFIRMATION_OK"
7476,10402624207,10402624249,1,"IOTHUB_CLIENT_CONFIRMATION_OK"
7477,10402624407,10402624441,1,"IOTHUB_CLIENT_CONFIRMATION_OK"
7478,10402624608,10402624681,1,"IOTHUB_CLIENT_CONFIRMATION_OK"
7479,10402624808,10402624869,1,"IOTHUB_CLIENT_CONFIRMATION_OK"
7480,10402625008,10402625064,1,"IOTHUB_CLIENT_CONFIRMATION_OK"
7481,10402625208,10402625251,1,"IOTHUB_CLIENT_CONFIRMATION_OK"
7482,10402625408,10402625441,1,"IOTHUB_CLIENT_CONFIRMATION_OK"
7483,10402625608,10402625646,1,"IOTHUB_CLIENT_CONFIRMATION_OK"
7484,10402625808,10402625884,1,"IOTHUB_CLIENT_CONFIRMATION_OK"
7485,10402626009,10402626043,1,"IOTHUB_CLIENT_CONFIRMATION_OK"
7486,10402626209,10402626246,1,"IOTHUB_CLIENT_CONFIRMATION_OK"
7487,10402626409,10402626502,1,"IOTHUB_CLIENT_CONFIRMATION_OK"
7488,10402626609,10402626642,1,"IOTHUB_CLIENT_CONFIRMATION_OK"
7489,10402626809,10402626899,1,"IOTHUB_CLIENT_CONFIRMATION_OK"
7490,10402627009,10402627045,1,"IOTHUB_CLIENT_CONFIRMATION_OK"
7491,10402627210,10402627254,1,"IOTHUB_CLIENT_CONFIRMATION_OK"
7492,10402627410,10402627443,1,"IOTHUB_CLIENT_CONFIRMATION_OK"
7493,10402627610,10402627648,1,"IOTHUB_CLIENT_CONFIRMATION_OK"
7494,10402627810,10402627856,1,"IOTHUB_CLIENT_CONFIRMATION_OK"
7495,10402628010,10402628046,1,"IOTHUB_CLIENT_CONFIRMATION_OK"
7496,10402628210,10402628245,1,"IOTHUB_CLIENT_CONFIRMATION_OK"
7497,10402628411,10402628457,1,"IOTHUB_CLIENT_CONFIRMATION_OK"
7498,10402628611,10402628646,1,"IOTHUB_CLIENT_CONFIRMATION_OK"
7499,10402628811,10402628853,1,"IOTHUB_CLIENT_CONFIRMATION_OK"
7500,10402629011,10402629046,1,"IOTHUB_CLIENT_CONFIRMATION_OK"
7501,10402629211,10402629248,1,"IOTHUB_CLIENT_CONFIRMATION_OK"
7502,10402629411,10402629606,1,"IOTHUB_CLIENT_CONFIRMATION_OK"
7503,10402629611,10402629654,1,"IOTHUB_CLIENT_CONFIRMATION_OK"
7504,10402629812,10402629877,1,"IOTHUB_CLIENT_CONFIRMATION_OK"
7505,10402630012,10402630058,1,"IOTHUB_CLIENT_CONFIRMATION_OK"
7506,10402630212,10402630251,1,"IOTHUB_CLIENT_CONFIRMATION_OK"
7507,10402630412,10402630632,1,"IOTHUB_CLIENT_CONFIRMATION_OK"
7508,10402630612,10402630656,1,"IOTHUB_CLIENT_CONFIRMATION_OK"
7509,10402630812,10402630847,1,"IOTHUB_CLIENT_CONFIRMATION_OK"
7510,10402631013,10402631053,1,"IOTHUB_CLIENT_CONFIRMATION_OK"
7511,10402631213,10402631259,1,"IOTHUB_CLIENT_CONFIRMATION_OK"
7512,10402631413,10402631453,1,"IOTHUB_CLIENT_CONFIRMATION_OK"
7513,10402631613,10402631647,1,"IOTHUB_CLIENT_CONFIRMATION_OK"
7514,10402631813,10402631860,1,"IOTHUB_CLIENT_CONFIRMATION_OK"
7515,10402632013,10402632064,1,"IOTHUB_CLIENT_CONFIRMATION_OK"
7516,10402632214,10402632252,1,"IOTHUB_CLIENT_CONFIRMATION_OK"
7517,10402632414,10402632469,1,"IOTHUB_CLIENT_CONFIRMATION_OK"
7518,10402632614,10402632693,1,"IOTHUB_CLIENT_CONFIRMATION_OK"
7519,10402632814,10402632857,1,"IOTHUB_CLIENT_CONFIRMATION_OK"
7520,10402633014,10402633053,1,"IOTHUB_CLIENT_CONFIRMATION_OK"
7521,10402633214,10402633262,1,"IOTHUB_CLIENT_CONFIRMATION_OK"
7522,10402633414,10402633449,1,"IOTHUB_CLIENT_CONFIRMATION_OK"
7523,10402633615,10402633762,1,"IOTHUB_CLIENT_CONFIRMATION_OK"
7524,10402633815,10402634427,1,"IOTHUB_CLIENT_CONFIRMATION_OK"
7525,10402634015,10402634537,1,"IOTHUB_CLIENT_CONFIRMATION_OK"
7526,10402634215,10402634593,1,"IOTHUB_CLIENT_CONFIRMATION_OK"
7527,10402634415,10402634647,1,"IOTHUB_CLIENT_CONFIRMATION_OK"
7528,10402634615,10402634724,1,"IOTHUB_CLIENT_CONFIRMATION_OK"
7529,10402634816,10402634875,1,"IOTHUB_CLIENT_CONFIRMATION_OK"
7530,10402635016,10402635053,1,"IOTHUB_CLIENT_CONFIRMATION_OK"
7531,10402635216,10402635292,1,"IOTHUB_CLIENT_CONFIRMATION_OK"
7532,10402635416,10402635453,1,"IOTHUB_CLIENT_CONFIRMATION_OK"
7533,10402635616,10402635692,1,"IOTHUB_CLIENT_CONFIRMATION_OK"
7534,10402635816,10402635851,1,"IOTHUB_CLIENT_CONFIRMATION_OK"
7535,10402636016,10402636053,1,"IOTHUB_CLIENT_CONFIRMATION_OK"
7536,10402636217,10402636416,1,"IOTHUB_CLIENT_CONFIRMATION_OK"
7537,10402636417,10402636455,1,"IOTHUB_CLIENT_CONFIRMATION_OK"
7538,10402636617,10402636654,1,"IOTHUB_CLIENT_CONFIRMATION_OK"
7539,10402636817,10402636904,1,"IOTHUB_CLIENT_CONFIRMATION_OK"
7540,10402637017,10402637070,1,"IOTHUB_CLIENT_CONFIRMATION_OK"
7541,10402637217,10402637260,1,"IOTHUB_CLIENT_CONFIRMATION_OK"
7542,10402637418,10402637453,1,"IOTHUB_CLIENT_CONFIRMATION_OK"
7543,10402637618,10402637656,1,"IOTHUB_CLIENT_CONFIRMATION_OK"
7544,10402637818,10402637864,1,"IOTHUB_CLIENT_CONFIRMATION_OK"
7545,10402638018,10402638053,1,"IOTHUB_CLIENT_CONFIRMATION_OK"
7546,10402638218,10402638257,1,"IOTHUB_CLIENT_CONFIRMATION_OK"
7547,10402638418,10402638451,1,"IOTHUB_CLIENT_CONFIRMATION_OK"
7548,10402638619,10402638653,1,"IOTHUB_CLIENT_CONFIRMATION_OK"
7549,10402638819,10402638874,1,"IOTHUB_CLIENT_CONFIRMATION_OK"
7550,10402639019,10402639053,1,"IOTHUB_CLIENT_CONFIRMATION_OK"
7551,10402639219,10402639287,1,"IOTHUB_CLIENT_CONFIRMATION_OK"
7552,10402639419,10402639458,1,"IOTHUB_CLIENT_CONFIRMATION_OK"
7553,10402639619,10402639657,1,"IOTHUB_CLIENT_CONFIRMATION_OK"
7554,10402639820,10402639919,1,"IOTHUB_CLIENT_CONFIRMATION_OK"
7555,10402640020,10402640055,1,"IOTHUB_CLIENT_CONFIRMATION_OK"
7556,10402640220,10402640258,1,"IOTHUB_CLIENT_CONFIRMATION_OK"
7557,10402640420,10402640455,1,"IOTHUB_CLIENT_CONFIRMATION_OK"
7558,10402640620,10402640654,1,"IOTHUB_CLIENT_CONFIRMATION_OK"
7559,10402640820,10402640925,1,"IOTHUB_CLIENT_CONFIRMATION_OK"
7560,10402641021,10402641054,1,"IOTHUB_CLIENT_CONFIRMATION_OK"
7561,10402641221,10402641259,1,"IOTHUB_CLIENT_CONFIRMATION_OK"
7562,10402641421,10402641549,1,"IOTHUB_CLIENT_CONFIRMATION_OK"
7563,10402641621,10402641663,1,"IOTHUB_CLIENT_CONFIRMATION_OK"
7564,10402641821,10402641931,1,"IOTHUB_CLIENT_CONFIRMATION_OK"
7565,10402642021,10402642057,1,"IOTHUB_CLIENT_CONFIRMATION_OK"
7566,10402642222,10402642259,1,"IOTHUB_CLIENT_CONFIRMATION_OK"
7567,10402642422,10402642556,1,"IOTHUB_CLIENT_CONFIRMATION_OK"
7568,10402642622,10402642659,1,"IOTHUB_CLIENT_CONFIRMATION_OK"
7569,10402642822,10402642875,1,"IOTHUB_CLIENT_CONFIRMATION_OK"
7570,10402643022,10402643063,1,"IOTHUB_CLIENT_CONFIRMATION_OK"
7571,10402643222,10402643259,1,"IOTHUB_CLIENT_CONFIRMATION_OK"
7572,10402643423,10402643568,1,"IOTHUB_CLIENT_CONFIRMATION_OK"
7573,10402643623,10402643668,1,"IOTHUB_CLIENT_CONFIRMATION_OK"
7574,10402643823,10402643856,1,"IOTHUB_CLIENT_CONFIRMATION_OK"
7575,10402644023,10402644056,1,"IOTHUB_CLIENT_CONFIRMATION_OK"
7576,10402644223,10402644258,1,"IOTHUB_CLIENT_CONFIRMATION_OK"
7577,10402644423,10402644580,1,"IOTHUB_CLIENT_CONFIRMATION_OK"
7578,10402644623,10402644696,1,"IOTHUB_CLIENT_CONFIRMATION_OK"
7579,10402644824,10402644867,1,"IOTHUB_CLIENT_CONFIRMATION_OK"
7580,10402645024,10402645059,1,"IOTHUB_CLIENT_CONFIRMATION_OK"
7581,10402645224,10402645258,1,"IOTHUB_CLIENT_CONFIRMATION_OK"
7582,10402645424,10402645587,1,"IOTHUB_CLIENT_CONFIRMATION_OK"
7583,10402645624,10402645660,1,"IOTHUB_CLIENT_CONFIRMATION_OK"
7584,10402645824,10402645862,1,"IOTHUB_CLIENT_CONFIRMATION_OK"
7585,10402646025,10402646068,1,"IOTHUB_CLIENT_CONFIRMATION_OK"
7586,10402646225,10402646264,1,"IOTHUB_CLIENT_CONFIRMATION_OK"
7587,10402646425,10402646461,1,"IOTHUB_CLIENT_CONFIRMATION_OK"
7588,10402646625,10402646670,1,"IOTHUB_CLIENT_CONFIRMATION_OK"
7589,10402646825,10402646868,1,"IOTHUB_CLIENT_CONFIRMATION_OK"
7590,10402647025,10402647061,1,"IOTHUB_CLIENT_CONFIRMATION_OK"
7591,10402647226,10402647263,1,"IOTHUB_CLIENT_CONFIRMATION_OK"
7592,10402647426,10402647499,1,"IOTHUB_CLIENT_CONFIRMATION_OK"
7593,10402647626,10402647742,1,"IOTHUB_CLIENT_CONFIRMATION_OK"
7594,10402647826,10402647873,1,"IOTHUB_CLIENT_CONFIRMATION_OK"
7595,10402648026,10402648132,1,"IOTHUB_CLIENT_CONFIRMATION_OK"
7596,10402648226,10402648270,1,"IOTHUB_CLIENT_CONFIRMATION_OK"
7597,10402648427,10402648474,1,"IOTHUB_CLIENT_CONFIRMATION_OK"
7598,10402648627,10402648758,1,"IOTHUB_CLIENT_CONFIRMATION_OK"
7599,10402648827,10402648873,1,"IOTHUB_CLIENT_CONFIRMATION_OK"
7600,10402649027,10402649060,1,"IOTHUB_CLIENT_CONFIRMATION_OK"
7601,10402649227,10402649262,1,"IOTHUB_CLIENT_CONFIRMATION_OK"
7602,10402649427,10402649466,1,"IOTHUB_CLIENT_CONFIRMATION_OK"
7603,10402649627,10402649789,1,"IOTHUB_CLIENT_CONFIRMATION_OK"
7604,10402649828,10402649862,1,"IOTHUB_CLIENT_CONFIRMATION_OK"
7605,10402650028,10402650064,1,"IOTHUB_CLIENT_CONFIRMATION_OK"
7606,10402650228,10402650268,1,"IOTHUB_CLIENT_CONFIRMATION_OK"
7607,10402650428,10402650466,1,"IOTHUB_CLIENT_CONFIRMATION_OK"
7608,10402650628,10402650772,1,"IOTHUB_CLIENT_CONFIRMATION_OK"
7609,10402650828,10402650863,1,"IOTHUB_CLIENT_CONFIRMATION_OK"
7610,10402651029,10402651062,1,"IOTHUB_CLIENT_CONFIRMATION_OK"
7611,10402651229,10402651261,1,"IOTHUB_CLIENT_CONFIRMATION_OK"
7612,10402651429,10402651465,1,"IOTHUB_CLIENT_CONFIRMATION_OK"
7613,10402651629,10402651667,1,"IOTHUB_CLIENT_CONFIRMATION_OK"
7614,10402651829,10402651866,1,"IOTHUB_CLIENT_CONFIRMATION_OK"
7615,10402652029,10402652065,1,"IOTHUB_CLIENT_CONFIRMATION_OK"
7616,10402652230,10402652283,1,"IOTHUB_CLIENT_CONFIRMATION_OK"
7617,10402652430,10402652468,1,"IOTHUB_CLIENT_CONFIRMATION_OK"
7618,10402652630,10402652671,1,"IOTHUB_CLIENT_CONFIRMATION_OK"
7619,10402652830,10402652878,1,"IOTHUB_CLIENT_CONFIRMATION_OK"
7620,10402653030,10402653066,1,"IOTHUB_CLIENT_CONFIRMATION_OK"
7621,10402653230,10402653414,1,"IOTHUB_CLIENT_CONFIRMATION_OK"
7622,10402653431,10402653465,1,"IOTHUB_CLIENT_CONFIRMATION_OK"
7623,10402653631,10402653669,1,"IOTHUB_CLIENT_CONFIRMATION_OK"
7624,10402653831,10402653873,1,"IOTHUB_CLIENT_CONFIRMATION_OK"
7625,10402654031,10402654091,1,"IOTHUB_CLIENT_CONFIRMATION_OK"
7626,10402654231,10402654440,1,"IOTHUB_CLIENT_CONFIRMATION_OK"
7627,10402654431,10402654469,1,"IOTHUB_CLIENT_CONFIRMATION_OK"
7628,10402654631,10402654665,1,"IOTHUB_CLIENT_CONFIRMATION_OK"
7629,10402654832,10402654874,1,"IOTHUB_CLIENT_CONFIRMATION_OK"
7630,10402655032,10402655065,1,"IOTHUB_CLIENT_CONFIRMATION_OK"
7631,10402655232,10402655273,1,"IOTHUB_CLIENT_CONFIRMATION_OK"
7632,10402655432,10402655471,1,"IOTHUB_CLIENT_CONFIRMATION_OK"
7633,10402655632,10402655673,1,"IOTHUB_CLIENT_CONFIRMATION_OK"
7634,10402655832,10402655944,1,"IOTHUB_CLIENT_CONFIRMATION_OK"
7635,10402656033,10402656068,1,"IOTHUB_CLIENT_CONFIRMATION_OK"
7636,10402656233,10402656273,1,"IOTHUB_CLIENT_CONFIRMATION_OK"
7637,10402656433,10402656491,1,"IOTHUB_CLIENT_CONFIRMATION_OK"
7638,10402656633,10402656678,1,"IOTHUB_CLIENT_CONFIRMATION_OK"
7639,10402656833,10402656897,1,"IOTHUB_CLIENT_CONFIRMATION_OK"
7640,10402657033,10402657068,1,"IOTHUB_CLIENT_CONFIRMATION_OK"
7641,10402657234,10402657267,1,"IOTHUB_CLIENT_CONFIRMATION_OK"
7642,10402657434,10402657512,1,"IOTHUB_CLIENT_CONFIRMATION_OK"
7643,10402657634,10402657677,1,"IOTHUB_CLIENT_CONFIRMATION_OK"
7644,10402657834,10402657873,1,"IOTHUB_CLIENT_CONFIRMATION_OK"
7645,10402658034,10402658072,1,"IOTHUB_CLIENT_CONFIRMATION_OK"
7646,10402658234,10402658274,1,"IOTHUB_CLIENT_CONFIRMATION_OK"
7647,10402658434,10402658605,1,"IOTHUB_CLIENT_CONFIRMATION_OK"
7648,10402658635,10402658674,1,"IOTHUB_CLIENT_CONFIRMATION_OK"
7649,10402658835,10402658872,1,"IOTHUB_CLIENT_CONFIRMATION_OK"
7650,10402659035,10402659080,1,"IOTHUB_CLIENT_CONFIRMATION_OK"
7651,10402659235,10402659269,1,"IOTHUB_CLIENT_CONFIRMATION_OK"
7652,10402659435,10402659624,1,"IOTHUB_CLIENT_CONFIRMATION_OK"
7653,10402659635,10402659713,1,"IOTHUB_CLIENT_CONFIRMATION_OK"
7654,10402659836,10402659872,1,"IOTHUB_CLIENT_CONFIRMATION_OK"
7655,10402660036,10402660072,1,"IOTHUB_CLIENT_CONFIRMATION_OK"
7656,10402660236,10402660272,1,"IOTHUB_CLIENT_CONFIRMATION_OK"
7657,10402660436,10402660651,1,"IOTHUB_CLIENT_CONFIRMATION_OK"
7658,10402660636,10402660674,1,"IOTHUB_CLIENT_CONFIRMATION_OK"
7659,10402660836,10402660870,1,"IOTHUB_CLIENT_CONFIRMATION_OK"
7660,10402661037,10402661124,1,"IOTHUB_CLIENT_CONFIRMATION_OK"
7661,10402661237,10402661274,1,"IOTHUB_CLIENT_CONFIRMATION_OK"
7662,10402661437,10402661472,1,"IOTHUB_CLIENT_CONFIRMATION_OK"
7663,10402661637,10402661683,1,"IOTHUB_CLIENT_CONFIRMATION_OK"
7664,10402661837,10402661884,1,"IOTHUB_CLIENT_CONFIRMATION_OK"
7665,10402662037,10402662074,1,"IOTHUB_CLIENT_CONFIRMATION_OK"
7666,10402662238,10402662277,1,"IOTHUB_CLIENT_CONFIRMATION_OK"
7667,10402662438,10402662482,1,"IOTHUB_CLIENT_CONFIRMATION_OK"
7668,10402662638,10402662675,1,"IOTHUB_CLIENT_CONFIRMATION_OK"
7669,10402662838,10402662886,1,"IOTHUB_CLIENT_CONFIRMATION_OK"
7670,10402663038,10402663075,1,"IOTHUB_CLIENT_CONFIRMATION_OK"
7671,10402663238,10402663271,1,"IOTHUB_CLIENT_CONFIRMATION_OK"
7672,10402663439,10402663475,1,"IOTHUB_CLIENT_CONFIRMATION_OK"
7673,10402663639,10402663686,1,"IOTHUB_CLIENT_CONFIRMATION_OK"
7674,10402663839,10402663874,1,"IOTHUB_CLIENT_CONFIRMATION_OK"
7675,10402664039,10402664080,1,"IOTHUB_CLIENT_CONFIRMATION_OK"
7676,10402664239,10402664272,1,"IOTHUB_CLIENT_CONFIRMATION_OK"
7677,10402664439,10402664476,1,"IOTHUB_CLIENT_CONFIRMATION_OK"
7678,10402664640,10402664706,1,"IOTHUB_CLIENT_CONFIRMATION_OK"
7679,10402664840,10402664875,1,"IOTHUB_CLIENT_CONFIRMATION_OK"
7680,10402665040,10402665081,1,"IOTHUB_CLIENT_CONFIRMATION_OK"
7681,10402665240,10402665335,1,"IOTHUB_CLIENT_CONFIRMATION_OK"
7682,10402665440,10402665472,1,"IOTHUB_CLIENT_CONFIRMATION_OK"
7683,10402665640,10402665747,1,"IOTHUB_CLIENT_CONFIRMATION_OK"
7684,10402665841,10402665890,1,"IOTHUB_CLIENT_CONFIRMATION_OK"
7685,10402666041,10402666078,1,"IOTHUB_CLIENT_CONFIRMATION_OK"
7686,10402666241,10402666359,1,"IOTHUB_CLIENT_CONFIRMATION_OK"
7687,10402666441,10402666489,1,"IOTHUB_CLIENT_CONFIRMATION_OK"
7688,10402666641,10402666694,1,"IOTHUB_CLIENT_CONFIRMATION_OK"
7689,10402666841,10402666878,1,"IOTHUB_CLIENT_CONFIRMATION_OK"
7690,10402667041,10402667084,1,"IOTHUB_CLIENT_CONFIRMATION_OK"
7691,10402667242,10402667370,1,"IOTHUB_CLIENT_CONFIRMATION_OK"
7692,10402667442,10402667488,1,"IOTHUB_CLIENT_CONFIRMATION_OK"
7693,10402667642,10402667675,1,"IOTHUB_CLIENT_CONFIRMATION_OK"
7694,10402667842,10402667874,1,"IOTHUB_CLIENT_CONFIRMATION_OK"
7695,10402668042,10402668080,1,"IOTHUB_CLIENT_CONFIRMATION_OK"
7696,10402668242,10402668389,1,"IOTHUB_CLIENT_CONFIRMATION_OK"
7697,10402668443,10402668483,1,"IOTHUB_CLIENT_CONFIRMATION_OK"
7698,10402668643,10402668691,1,"IOTHUB_CLIENT_CONFIRMATION_OK"
7699,10402668843,10402668880,1,"IOTHUB_CLIENT_CONFIRMATION_OK"
7700,10402669043,10402669082,1,"IOTHUB_CLIENT_CONFIRMATION_OK"
7701,10402669243,10402669461,1,"IOTHUB_CLIENT_CONFIRMATION_OK"
7702,10402669443,10402669477,1,"IOTHUB_CLIENT_CONFIRMATION_OK"
7703,10402669644,10402669688,1,"IOTHUB_CLIENT_CONFIRMATION_OK"
7704,10402669844,10402669882,1,"IOTHUB_CLIENT_CONFIRMATION_OK"
7705,10402670044,10402670085,1,"IOTHUB_CLIENT_CONFIRMATION_OK"
7706,10402670244,10402670282,1,"IOTHUB_CLIENT_CONFIRMATION_OK"
7707,10402670444,10402670512,1,"IOTHUB_CLIENT_CONFIRMATION_OK"
7708,10402670644,10402670681,1,"IOTHUB_CLIENT_CONFIRMATION_OK"
7709,10402670845,10402670891,1,"IOTHUB_CLIENT_CONFIRMATION_OK"
7710,10402671045,10402671077,1,"IOTHUB_CLIENT_CONFIRMATION_OK"
7711,10402671245,10402671286,1,"IOTHUB_CLIENT_CONFIRMATION_OK"
7712,10402671445,10402671502,1,"IOTHUB_CLIENT_CONFIRMATION_OK"
7713,10402671645,10402671678,1,"IOTHUB_CLIENT_CONFIRMATION_OK"
7714,10402671845,10402671904,1,"IOTHUB_CLIENT_CONFIRMATION_OK"
7715,10402672046,10402672080,1,"IOTHUB_CLIENT_CONFIRMATION_OK"
7716,10402672246,10402672278,1,"IOTHUB_CLIENT_CONFIRMATION_OK"
7717,10402672446,10402672525,1,"IOTHUB_CLIENT_CONFIRMATION_OK"
7718,10402672646,10402672739,1,"IOTHUB_CLIENT_CONFIRMATION_OK"
7719,10402672846,10402672880,1,"IOTHUB_CLIENT_CONFIRMATION_OK"
7720,10402673046,10402673082,1,"IOTHUB_CLIENT_CONFIRMATION_OK"
7721,10402673246,10402673293,1,"IOTHUB_CLIENT_CONFIRMATION_OK"
7722,10402673447,10402673558,1,"IOTHUB_CLIENT_CONFIRMATION_OK"
7723,10402673647,10402673682,1,"IOTHUB_CLIENT_CONFIRMATION_OK"
7724,10402673847,10402673889,1,"IOTHUB_CLIENT_CONFIRMATION_OK"
7725,10402674047,10402674082,1,"IOTHUB_CLIENT_CONFIRMATION_OK"
7726,10402674247,10402674289,1,"IOTHUB_CLIENT_CONFIRMATION_OK"
7727,10402674447,10402674608,1,"IOTHUB_CLIENT_CONFIRMATION_OK"
7728,10402674648,10402674686,1,"IOTHUB_CLIENT_CONFIRMATION_OK"
7729,10402674848,10402674891,1,"IOTHUB_CLIENT_CONFIRMATION_OK"
7730,10402675048,10402675098,1,"IOTHUB_CLIENT_CONFIRMATION_OK"
7731,10402675248,10402675285,1,"IOTHUB_CLIENT_CONFIRMATION_OK"
7732,10402675448,10402675606,1,"IOTHUB_CLIENT_CONFIRMATION_OK"
7733,10402675648,10402675688,1,"IOTHUB_CLIENT_CONFIRMATION_OK"
7734,10402675849,10402675946,1,"IOTHUB_CLIENT_CONFIRMATION_OK"
7735,10402676049,10402676088,1,"IOTHUB_CLIENT_CONFIRMATION_OK"
7736,10402676249,10402676285,1,"IOTHUB_CLIENT_CONFIRMATION_OK"
7737,10402676449,10402676490,1,"IOTHUB_CLIENT_CONFIRMATION_OK"
7738,10402676649,10402676684,1,"IOTHUB_CLIENT_CONFIRMATION_OK"
7739,10402676849,10402676884,1,"IOTHUB_CLIENT_CONFIRMATION_OK"
7740,10402677049,10402677087,1,"IOTHUB_CLIENT_CONFIRMATION_OK"
7741,10402677250,10402677283,1,"IOTHUB_CLIENT_CONFIRMATION_OK"
7742,10402677450,10402677495,1,"IOTHUB_CLIENT_CONFIRMATION_OK"
7743,10402677650,10402677695,1,"IOTHUB_CLIENT_CONFIRMATION_OK"
7744,10402677850,10402677895,1,"IOTHUB_CLIENT_CONFIRMATION_OK"
7745,10402678050,10402678085,1,"IOTHUB_CLIENT_CONFIRMATION_OK"
7746,10402678250,10402678292,1,"IOTHUB_CLIENT_CONFIRMATION_OK"
7747,10402678450,10402678493,1,"IOTHUB_CLIENT_CONFIRMATION_OK"
7748,10402678651,10402678735,1,"IOTHUB_CLIENT_CONFIRMATION_OK"
7749,10402678851,10402678889,1,"IOTHUB_CLIENT_CONFIRMATION_OK"
7750,10402679051,10402679090,1,"IOTHUB_CLIENT_CONFIRMATION_OK"
7751,10402679251,10402679300,1,"IOTHUB_CLIENT_CONFIRMATION_OK"
7752,10402679451,10402679481,1,"IOTHUB_CLIENT_CONFIRMATION_OK"
7753,10402679651,10402679814,1,"IOTHUB_CLIENT_CONFIRMATION_OK"
7754,10402679852,10402679911,1,"IOTHUB_CLIENT_CONFIRMATION_OK"
7755,10402680052,10402680086,1,"IOTHUB_CLIENT_CONFIRMATION_OK"
7756,10402680252,10402680302,1,"IOTHUB_CLIENT_CONFIRMATION_OK"
7757,10402680452,10402680494,1,"IOTHUB_CLIENT_CONFIRMATION_OK"
7758,10402680652,10402680865,1,"IOTHUB_CLIENT_CONFIRMATION_OK"
7759,10402680852,10402680890,1,"IOTHUB_CLIENT_CONFIRMATION_OK"
7760,10402681052,10402681092,1,"IOTHUB_CLIENT_CONFIRMATION_OK"
7761,10402681253,10402681292,1,"IOTHUB_CLIENT_CONFIRMATION_OK"
7762,10402681453,10402681488,1,"IOTHUB_CLIENT_CONFIRMATION_OK"
7763,10402681653,10402681741,1,"IOTHUB_CLIENT_CONFIRMATION_OK"
7764,10402681853,10402681887,1,"IOTHUB_CLIENT_CONFIRMATION_OK"
7765,10402682053,10402682089,1,"IOTHUB_CLIENT_CONFIRMATION_OK"
7766,10402682253,10402682356,1,"IOTHUB_CLIENT_CONFIRMATION_OK"
7767,10402682454,10402682490,1,"IOTHUB_CLIENT_CONFIRMATION_OK"
7768,10402682654,10402682682,1,"IOTHUB_CLIENT_CONFIRMATION_OK"
7769,10402682854,10402682892,1,"IOTHUB_CLIENT_CONFIRMATION_OK"
7770,10402683054,10402683101,1,"IOTHUB_CLIENT_CONFIRMATION_OK"
7771,10402683254,10402683371,1,"IOTHUB_CLIENT_CONFIRMATION_OK"
7772,10402683454,10402683495,1,"IOTHUB_CLIENT_CONFIRMATION_OK"
7773,10402683655,10402683795,1,"IOTHUB_CLIENT_CONFIRMATION_OK"
7774,10402683855,10402683986,1,"IOTHUB_CLIENT_CONFIRMATION_OK"
7775,10402684055,10402684103,1,"IOTHUB_CLIENT_CONFIRMATION_OK"
7776,10402684255,10402684386,1,"IOTHUB_CLIENT_CONFIRMATION_OK"
7777,10402684455,10402684489,1,"IOTHUB_CLIENT_CONFIRMATION_OK"
7778,10402684655,10402684704,1,"IOTHUB_CLIENT_CONFIRMATION_OK"
7779,10402684855,10402685011,1,"IOTHUB_CLIENT_CONFIRMATION_OK"
7780,10402685056,10402685097,1,"IOTHUB_CLIENT_CONFIRMATION_OK"
7781,10402685256,10402685289,1,"IOTHUB_CLIENT_CONFIRMATION_OK"
7782,10402685456,10402685490,1,"IOTHUB_CLIENT_CONFIRMATION_OK"
7783,10402685656,10402685688,1,"IOTHUB_CLIENT_CONFIRMATION_OK"
7784,10402685856,10402686015,1,"IOTHUB_CLIENT_CONFIRMATION_OK"
7785,10402686056,10402686095,1,"IOTHUB_CLIENT_CONFIRMATION_OK"
7786,10402686257,10402686291,1,"IOTHUB_CLIENT_CONFIRMATION_OK"
7787,10402686457,10402686491,1,"IOTHUB_CLIENT_CONFIRMATION_OK"
7788,10402686657,10402686705,1,"IOTHUB_CLIENT_CONFIRMATION_OK"
7789,10402686857,10402687026,1,"IOTHUB_CLIENT_CONFIRMATION_OK"
7790,10402687057,10402687091,1,"IOTHUB_CLIENT_CONFIRMATION_OK"
7791,10402687257,10402687290,1,"IOTHUB_CLIENT_CONFIRMATION_OK"
7792,10402687458,10402687513,1,"IOTHUB_CLIENT_CONFIRMATION_OK"
7793,10402687658,10402687698,1,"IOTHUB_CLIENT_CONFIRMATION_OK"
7794,10402687858,10402687917,1,"IOTHUB_CLIENT_CONFIRMATION_OK"
7795,10402688058,10402688093,1,"IOTHUB_CLIENT_CONFIRMATION_OK"
7796,10402688258,10402688296,1,"IOTHUB_CLIENT_CONFIRMATION_OK"
7797,10402688458,10402688492,1,"IOTHUB_CLIENT_CONFIRMATION_OK"
7798,10402688658,10402688695,1,"IOTHUB_CLIENT_CONFIRMATION_OK"
7799,10402688859,10402688915,1,"IOTHUB_CLIENT_CONFIRMATION_OK"
7800,10402689059,10402689092,1,"IOTHUB_CLIENT_CONFIRMATION_OK"
7801,10402689259,10402689309,1,"IOTHUB_CLIENT_CONFIRMATION_OK"
7802,10402689459,10402689495,1,"IOTHUB_CLIENT_CONFIRMATION_OK"
7803,10402689659,10402689705,1,"IOTHUB_CLIENT_CONFIRMATION_OK"
7804,10402689859,10402689897,1,"IOTHUB_CLIENT_CONFIRMATION_OK"
7805,10402690060,10402690094,1,"IOTHUB_CLIENT_CONFIRMATION_OK"
7806,10402690260,10402690296,1,"IOTHUB_CLIENT_CONFIRMATION_OK"
7807,10402690460,10402690499,1,"IOTHUB_CLIENT_CONFIRMATION_OK"
7808,10402690660,10402690723,1,"IOTHUB_CLIENT_CONFIRMATION_OK"
7809,10402690860,10402690895,1,"IOTHUB_CLIENT_CONFIRMATION_OK"
7810,10402691060,10402691095,1,"IOTHUB_CLIENT_CONFIRMATION_OK"
7811,10402691260,10402691293,1,"IOTHUB_CLIENT_CONFIRMATION_OK"
7812,10402691461,10402691494,1,"IOTHUB_CLIENT_CONFIRMATION_OK"
7813,10402691661,10402691718,1,"IOTHUB_CLIENT_CONFIRMATION_OK"
7814,10402691861,10402691898,1,"IOTHUB_CLIENT_CONFIRMATION_OK"
7815,10402692061,10402692091,1,"IOTHUB_CLIENT_CONFIRMATION_OK"
7816,10402692261,10402692325,1,"IOTHUB_CLIENT_CONFIRMATION_OK"
7817,10402692461,10402692500,1,"IOTHUB_CLIENT_CONFIRMATION_OK"
7818,10402692662,10402692712,1,"IOTHUB_CLIENT_CONFIRMATION_OK"
7819,10402692862,10402692902,1,"IOTHUB_CLIENT_CONFIRMATION_OK"
7820,10402693062,10402693118,1,"IOTHUB_CLIENT_CONFIRMATION_OK"
7821,10402693262,10402693302,1,"IOTHUB_CLIENT_CONFIRMATION_OK"
7822,10402693462,10402693498,1,"IOTHUB_CLIENT_CONFIRMATION_OK"
7823,10402693662,10402693741,1,"IOTHUB_CLIENT_CONFIRMATION_OK"
7824,10402693863,10402693896,1,"IOTHUB_CLIENT_CONFIRMATION_OK"
7825,10402694063,10402694100,1,"IOTHUB_CLIENT_CONFIRMATION_OK"
7826,10402694263,10402694300,1,"IOTHUB_CLIENT_CONFIRMATION_OK"
7827,10402694463,10402694500,1,"IOTHUB_CLIENT_CONFIRMATION_OK"
7828,10402694663,10402694766,1,"IOTHUB_CLIENT_CONFIRMATION_OK"
7829,10402694863,10402694914,1,"IOTHUB_CLIENT_CONFIRMATION_OK"
7830,10402695064,10402695101,1,"IOTHUB_CLIENT_CONFIRMATION_OK"
7831,10402695264,10402695321,1,"IOTHUB_CLIENT_CONFIRMATION_OK"
7832,10402695464,10402695525,1,"IOTHUB_CLIENT_CONFIRMATION_OK"
7833,10402695664,10402695775,1,"IOTHUB_CLIENT_CONFIRMATION_OK"
7834,10402695864,10402695902,1,"IOTHUB_CLIENT_CONFIRMATION_OK"
7835,10402696064,10402696098,1,"IOTHUB_CLIENT_CONFIRMATION_OK"
7836,10402696265,10402696419,1,"IOTHUB_CLIENT_CONFIRMATION_OK"
7837,10402696465,10402696504,1,"IOTHUB_CLIENT_CONFIRMATION_OK"
7838,10402696665,10402696697,1,"IOTHUB_CLIENT_CONFIRMATION_OK"
7839,10402696865,10402696909,1,"IOTHUB_CLIENT_CONFIRMATION_OK"
7840,10402697065,10402697111,1,"IOTHUB_CLIENT_CONFIRMATION_OK"
7841,10402697265,10402697419,1,"IOTHUB_CLIENT_CONFIRMATION_OK"
7842,10402697465,10402697501,1,"IOTHUB_CLIENT_CONFIRMATION_OK"
7843,10402697666,10402697707,1,"IOTHUB_CLIENT_CONFIRMATION_OK"
7844,10402697866,10402697895,1,"IOTHUB_CLIENT_CONFIRMATION_OK"
7845,10402698066,10402698100,1,"IOTHUB_CLIENT_CONFIRMATION_OK"
7846,10402698266,10402698416,1,"IOTHUB_CLIENT_CONFIRMATION_OK"
7847,10402698466,10402698512,1,"IOTHUB_CLIENT_CONFIRMATION_OK"
7848,10402698666,10402698715,1,"IOTHUB_CLIENT_CONFIRMATION_OK"
7849,10402698867,10402698908,1,"IOTHUB_CLIENT_CONFIRMATION_OK"
7850,10402699067,10402699100,1,"IOTHUB_CLIENT_CONFIRMATION_OK"
7851,10402699267,10402699449,1,"IOTHUB_CLIENT_CONFIRMATION_OK"
7852,10402699467,10402699501,1,"IOTHUB_CLIENT_CONFIRMATION_OK"
7853,10402699667,10402699700,1,"IOTHUB_CLIENT_CONFIRMATION_OK"
7854,10402699867,10402699911,1,"IOTHUB_CLIENT_CONFIRMATION_OK"
7855,10402700068,10402700110,1,"IOTHUB_CLIENT_CONFIRMATION_OK"
7856,10402700268,10402700305,1,"IOTHUB_CLIENT_CONFIRMATION_OK"
7857,10402700468,10402700506,1,"IOTHUB_CLIENT_CONFIRMATION_OK"
7858,10402700668,10402700704,1,"IOTHUB_CLIENT_CONFIRMATION_OK"
7859,10402700868,10402700909,1,"IOTHUB_CLIENT_CONFIRMATION_OK"
7860,10402701068,10402701110,1,"IOTHUB_CLIENT_CONFIRMATION_OK"
7861,10402701268,10402701343,1,"IOTHUB_CLIENT_CONFIRMATION_OK"
7862,10402701469,10402701525,1,"IOTHUB_CLIENT_CONFIRMATION_OK"
7863,10402701669,10402701705,1,"IOTHUB_CLIENT_CONFIRMATION_OK"
7864,10402701869,10402701917,1,"IOTHUB_CLIENT_CONFIRMATION_OK"
7865,10402702069,10402702114,1,"IOTHUB_CLIENT_CONFIRMATION_OK"
7866,10402702269,10402702303,1,"IOTHUB_CLIENT_CONFIRMATION_OK"
7867,10402702469,10402702538,1,"IOTHUB_CLIENT_CONFIRMATION_OK"
7868,10402702670,10402702710,1,"IOTHUB_CLIENT_CONFIRMATION_OK"
7869,10402702870,10402702907,1,"IOTHUB_CLIENT_CONFIRMATION_OK"
7870,10402703070,10402703141,1,"IOTHUB_CLIENT_CONFIRMATION_OK"
7871,10402703270,10402703311,1,"IOTHUB_CLIENT_CONFIRMATION_OK"
7872,10402703470,10402703543,1,"IOTHUB_CLIENT_CONFIRMATION_OK"
7873,10402703670,10402703703,1,"IOTHUB_CLIENT_CONFIRMATION_OK"
7874,10402703870,10402703907,1,"IOTHUB_CLIENT_CONFIRMATION_OK"
7875,10402704071,10402704169,1,"IOTHUB_CLIENT_CONFIRMATION_OK"
7876,10402704271,10402704306,1,"IOTHUB_CLIENT_CONFIRMATION_OK"
7877,10402704471,10402704569,1,"IOTHUB_CLIENT_CONFIRMATION_OK"
7878,10402704671,10402704715,1,"IOTHUB_CLIENT_CONFIRMATION_OK"
7879,10402704871,10402704910,1,"IOTHUB_CLIENT_CONFIRMATION_OK"
7880,10402705071,10402705185,1,"IOTHUB_CLIENT_CONFIRMATION_OK"
7881,10402705272,10402705310,1,"IOTHUB_CLIENT_CONFIRMATION_OK"
7882,10402705472,10402705598,1,"IOTHUB_CLIENT_CONFIRMATION_OK"
7883,10402705672,10402705707,1,"IOTHUB_CLIENT_CONFIRMATION_OK"
7884,10402705872,10402705929,1,"IOTHUB_CLIENT_CONFIRMATION_OK"
7885,10402706072,10402706230,1,"IOTHUB_CLIENT_CONFIRMATION_OK"
7886,10402706272,10402706310,1,"IOTHUB_CLIENT_CONFIRMATION_OK"
7887,10402706473,10402706508,1,"IOTHUB_CLIENT_CONFIRMATION_OK"
7888,10402706673,10402706707,1,"IOTHUB_CLIENT_CONFIRMATION_OK"
7889,10402706873,10402706923,1,"IOTHUB_CLIENT_CONFIRMATION_OK"
7890,10402707073,10402707255,1,"IOTHUB_CLIENT_CONFIRMATION_OK"
7891,10402707273,10402707313,1,"IOTHUB_CLIENT_CONFIRMATION_OK"
7892,10402707473,10402707508,1,"IOTHUB_CLIENT_CONFIRMATION_OK"
7893,10402707674,10402707705,1,"IOTHUB_CLIENT_CONFIRMATION_OK"
7894,10402707874,10402707937,1,"IOTHUB_CLIENT_CONFIRMATION_OK"
7895,10402708074,10402708263,1,"IOTHUB_CLIENT_CONFIRMATION_OK"
7896,10402708274,10402708325,1,"IOTHUB_CLIENT_CONFIRMATION_OK"
7897,10402708474,10402708510,1,"IOTHUB_CLIENT_CONFIRMATION_OK"
7898,10402708674,10402708707,1,"IOTHUB_CLIENT_CONFIRMATION_OK"
7899,10402708874,10402708913,1,"IOTHUB_CLIENT_CONFIRMATION_OK"
7900,10402709075,10402709120,1,"IOTHUB_CLIENT_CONFIRMATION_OK"
7901,10402709275,10402709328,1,"IOTHUB_CLIENT_CONFIRMATION_OK"
7902,10402709475,10402709511,1,"IOTHUB_CLIENT_CONFIRMATION_OK"
7903,10402709675,10402709708,1,"IOTHUB_CLIENT_CONFIRMATION_OK"
7904,10402709875,10402709912,1,"IOTHUB_CLIENT_CONFIRMATION_OK"
7905,10402710075,10402710106,1,"IOTHUB_CLIENT_CONFIRMATION_OK"
7906,10402710276,10402710316,1,"IOTHUB_CLIENT_CONFIRMATION_OK"
7907,10402710476,10402710512,1,"IOTHUB_CLIENT_CONFIRMATION_OK"
7908,10402710676,10402710712,1,"IOTHUB_CLIENT_CONFIRMATION_OK"
7909,10402710876,10402710912,1,"IOTHUB_CLIENT_CONFIRMATION_OK"
7910,10402711076,10402711123,1,"IOTHUB_CLIENT_CONFIRMATION_OK"
7911,10402711276,10402711320,1,"IOTHUB_CLIENT_CONFIRMATION_OK"
7912,10402711476,10402711511,1,"IOTHUB_CLIENT_CONFIRMATION_OK"
7913,10402711677,10402711711,1,"IOTHUB_CLIENT_CONFIRMATION_OK"
7914,10402711877,10402711915,1,"IOTHUB_CLIENT_CONFIRMATION_OK"
7915,10402712077,10402712109,1,"IOTHUB_CLIENT_CONFIRMATION_OK"
7916,10402712277,10402712365,1,"IOTHUB_CLIENT_CONFIRMATION_OK"
7917,10402712477,10402712511,1,"IOTHUB_CLIENT_CONFIRMATION_OK"
7918,10402712677,10402712712,1,"IOTHUB_CLIENT_CONFIRMATION_OK"
7919,10402712878,10402712959,1,"IOTHUB_CLIENT_CONFIRMATION_OK"
7920,10402713078,10402713115,1,"IOTHUB_CLIENT_CONFIRMATION_OK"
7921,10402713278,10402713355,1,"IOTHUB_CLIENT_CONFIRMATION_OK"
7922,10402713478,10402713514,1,"IOTHUB_CLIENT_CONFIRMATION_OK"
7923,10402713678,10402713721,1,"IOTHUB_CLIENT_CONFIRMATION_OK"
7924,10402713878,10402713972,1,"IOTHUB_CLIENT_CONFIRMATION_OK"
7925,10402714079,10402714115,1,"IOTHUB_CLIENT_CONFIRMATION_OK"
7926,10402714279,10402714418,1,"IOTHUB_CLIENT_CONFIRMATION_OK"
7927,10402714479,10402714514,1,"IOTHUB_CLIENT_CONFIRMATION_OK"
7928,10402714679,10402714714,1,"IOTHUB_CLIENT_CONFIRMATION_OK"
7929,10402714879,10402714918,1,"IOTHUB_CLIENT_CONFIRMATION_OK"
7930,10402715079,10402715118,1,"IOTHUB_CLIENT_CONFIRMATION_OK"
7931,10402715279,10402715321,1,"IOTHUB_CLIENT_CONFIRMATION_OK"
7932,10402715480,10402715523,1,"IOTHUB_CLIENT_CONFIRMATION_OK"
7933,10402715680,10402715717,1,"IOTHUB_CLIENT_CONFIRMATION_OK"
7934,10402715880,10402715923,1,"IOTHUB_CLIENT_CONFIRMATION_OK"
7935,10402716080,10402716115,1,"IOTHUB_CLIENT_CONFIRMATION_OK"
7936,10402716280,10402716330,1,"IOTHUB_CLIENT_CONFIRMATION_OK"
7937,10402716480,10402716523,1,"IOTHUB_CLIENT_CONFIRMATION_OK"
7938,10402716680,10402716729,1,"IOTHUB_CLIENT_CONFIRMATION_OK"
7939,10402716881,10402717087,1,"IOTHUB_CLIENT_CONFIRMATION_OK"
7940,10402717081,10402717127,1,"IOTHUB_CLIENT_CONFIRMATION_OK"
7941,10402717281,10402717322,1,"IOTHUB_CLIENT_CONFIRMATION_OK"
7942,10402717481,10402717520,1,"IOTHUB_CLIENT_CONFIRMATION_OK"
7943,10402717681,10402717715,1,"IOTHUB_CLIENT_CONFIRMATION_OK"
7944,10402717881,10402717924,1,"IOTHUB_CLIENT_CONFIRMATION_OK"
7945,10402718082,10402718120,1,"IOTHUB_CLIENT_CONFIRMATION_OK"
7946,10402718282,10402718321,1,"IOTHUB_CLIENT_CONFIRMATION_OK"
7947,10402718482,10402718529,1,"IOTHUB_CLIENT_CONFIRMATION_OK"
7948,10402718682,10402718721,1,"IOTHUB_CLIENT_CONFIRMATION_OK"
7949,10402718882,10402719004,1,"IOTHUB_CLIENT_CONFIRMATION_OK"
7950,10402719082,10402719236,1,"IOTHUB_CLIENT_CONFIRMATION_OK"
7951,10402719282,10402719318,1,"IOTHUB_CLIENT_CONFIRMATION_OK"
7952,10402719483,10402719620,1,"IOTHUB_CLIENT_CONFIRMATION_OK"
7953,10402719683,10402719716,1,"IOTHUB_CLIENT_CONFIRMATION_OK"
7954,10402719883,10402719917,1,"IOTHUB_CLIENT_CONFIRMATION_OK"
7955,10402720083,10402720131,1,"IOTHUB_CLIENT_CONFIRMATION_OK"
7956,10402720283,10402720321,1,"IOTHUB_CLIENT_CONFIRMATION_OK"
7957,10402720484,10402720527,1,"IOTHUB_CLIENT_CONFIRMATION_OK"
7958,10402720684,10402720720,1,"IOTHUB_CLIENT_CONFIRMATION_OK"
7959,10402720884,10402720988,1,"IOTHUB_CLIENT_CONFIRMATION_OK"
7960,10402721084,10402721126,1,"IOTHUB_CLIENT_CONFIRMATION_OK"
7961,10402721284,10402721326,1,"IOTHUB_CLIENT_CONFIRMATION_OK"
7962,10402721484,10402721519,1,"IOTHUB_CLIENT_CONFIRMATION_OK"
7963,10402721685,10402721717,1,"IOTHUB_CLIENT_CONFIRMATION_OK"
7964,10402721885,10402721923,1,"IOTHUB_CLIENT_CONFIRMATION_OK"
7965,10402722085,10402722265,1,"IOTHUB_CLIENT_CONFIRMATION_OK"
7966,10402722285,10402722316,1,"IOTHUB_CLIENT_CONFIRMATION_OK"
7967,10402722485,10402722519,1,"IOTHUB_CLIENT_CONFIRMATION_OK"
7968,10402722685,10402722720,1,"IOTHUB_CLIENT_CONFIRMATION_OK"
7969,10402722886,10402722917,1,"IOTHUB_CLIENT_CONFIRMATION_OK"
7970,10402723086,10402723278,1,"IOTHUB_CLIENT_CONFIRMATION_OK"
7971,10402723286,10402723316,1,"IOTHUB_CLIENT_CONFIRMATION_OK"
7972,10402723486,10402723520,1,"IOTHUB_CLIENT_CONFIRMATION_OK"
7973,10402723686,10402723760,1,"IOTHUB_CLIENT_CONFIRMATION_OK"
7974,10402723886,10402723922,1,"IOTHUB_CLIENT_CONFIRMATION_OK"
7975,10402724086,10402724116,1,"IOTHUB_CLIENT_CONFIRMATION_OK"
7976,10402724287,10402724323,1,"IOTHUB_CLIENT_CONFIRMATION_OK"
7977,10402724487,10402724523,1,"IOTHUB_CLIENT_CONFIRMATION_OK"
7978,10402724687,10402724775,1,"IOTHUB_CLIENT_CONFIRMATION_OK"
7979,10402724887,10402724936,1,"IOTHUB_CLIENT_CONFIRMATION_OK"
7980,10402725087,10402725135,1,"IOTHUB_CLIENT_CONFIRMATION_OK"
7981,10402725287,10402725319,1,"IOTHUB_CLIENT_CONFIRMATION_OK"
7982,10402725488,10402725531,1,"IOTHUB_CLIENT_CONFIRMATION_OK"
7983,10402725688,10402725793,1,"IOTHUB_CLIENT_CONFIRMATION_OK"
7984,10402725888,10402725922,1,"IOTHUB_CLIENT_CONFIRMATION_OK"
7985,10402726088,10402726132,1,"IOTHUB_CLIENT_CONFIRMATION_OK"
7986,10402726288,10402726413,1,"IOTHUB_CLIENT_CONFIRMATION_OK"
7987,10402726488,10402726533,1,"IOTHUB_CLIENT_CONFIRMATION_OK"
7988,10402726689,10402726723,1,"IOTHUB_CLIENT_CONFIRMATION_OK"
7989,10402726889,10402726923,1,"IOTHUB_CLIENT_CONFIRMATION_OK"
7990,10402727089,10402727120,1,"IOTHUB_CLIENT_CONFIRMATION_OK"
7991,10402727289,10402727417,1,"IOTHUB_CLIENT_CONFIRMATION_OK"
7992,10402727489,10402727526,1,"IOTHUB_CLIENT_CONFIRMATION_OK"
7993,10402727689,10402727727,1,"IOTHUB_CLIENT_CONFIRMATION_OK"
7994,10402727890,10402727922,1,"IOTHUB_CLIENT_CONFIRMATION_OK"
7995,10402728090,10402728132,1,"IOTHUB_CLIENT_CONFIRMATION_OK"
7996,10402728290,10402728443,1,"IOTHUB_CLIENT_CONFIRMATION_OK"
7997,10402728490,10402728525,1,"IOTHUB_CLIENT_CONFIRMATION_OK"
7998,10402728690,10402728737,1,"IOTHUB_CLIENT_CONFIRMATION_OK"
7999,10402728890,10402728925,1,"IOTHUB_CLIENT_CONFIRMATION_OK"
8000,10402729091,10402729139,1,"IOTHUB_CLIENT_CONFIRMATION_OK"
8001,10402729291,10402729365,1,"IOTHUB_CLIENT_CONFIRMATION_OK"
8002,10402729491,10402729528,1,"IOTHUB_CLIENT_CONFIRMATION_OK"
8003,10402729691,10402729723,1,"IOTHUB_CLIENT_CONFIRMATION_OK"
8004,10402729891,10402729922,1,"IOTHUB_CLIENT_CONFIRMATION_OK"
8005,10402730091,10402730130,1,"IOTHUB_CLIENT_CONFIRMATION_OK"
8006,10402730292,10402730322,1,"IOTHUB_CLIENT_CONFIRMATION_OK"
8007,10402730492,10402730523,1,"IOTHUB_CLIENT_CONFIRMATION_OK"
8008,10402730692,10402730727,1,"IOTHUB_CLIENT_CONFIRMATION_OK"
8009,10402730892,10402730932,1,"IOTHUB_CLIENT_CONFIRMATION_OK"
8010,10402731092,10402731123,1,"IOTHUB_CLIENT_CONFIRMATION_OK"
8011,10402731292,10402731325,1,"IOTHUB_CLIENT_CONFIRMATION_OK"
8012,10402731493,10402731534,1,"IOTHUB_CLIENT_CONFIRMATION_OK"
8013,10402731693,10402731726,1,"IOTHUB_CLIENT_CONFIRMATION_OK"
8014,10402731893,10402731999,1,"IOTHUB_CLIENT_CONFIRMATION_OK"
8015,10402732093,10402732226,1,"IOTHUB_CLIENT_CONFIRMATION_OK"
8016,10402732293,10402732332,1,"IOTHUB_CLIENT_CONFIRMATION_OK"
8017,10402732493,10402732625,1,"IOTHUB_CLIENT_CONFIRMATION_OK"
8018,10402732694,10402732760,1,"IOTHUB_CLIENT_CONFIRMATION_OK"
8019,10402732894,10402732929,1,"IOTHUB_CLIENT_CONFIRMATION_OK"
8020,10402733094,10402733127,1,"IOTHUB_CLIENT_CONFIRMATION_OK"
8021,10402733294,10402733329,1,"IOTHUB_CLIENT_CONFIRMATION_OK"
8022,10402733494,10402733643,1,"IOTHUB_CLIENT_CONFIRMATION_OK"
8023,10402733694,10402733729,1,"IOTHUB_CLIENT_CONFIRMATION_OK"
8024,10402733895,10402733932,1,"IOTHUB_CLIENT_CONFIRMATION_OK"
8025,10402734095,10402734132,1,"IOTHUB_CLIENT_CONFIRMATION_OK"
8026,10402734295,10402734326,1,"IOTHUB_CLIENT_CONFIRMATION_OK"
8027,10402734495,10402734705,1,"IOTHUB_CLIENT_CONFIRMATION_OK"
8028,10402734695,10402734731,1,"IOTHUB_CLIENT_CONFIRMATION_OK"
8029,10402734895,10402734931,1,"IOTHUB_CLIENT_CONFIRMATION_OK"
8030,10402735096,10402735130,1,"IOTHUB_CLIENT_CONFIRMATION_OK"
8031,10402735296,10402735329,1,"IOTHUB_CLIENT_CONFIRMATION_OK"
8032,10402735496,10402735536,1,"IOTHUB_CLIENT_CONFIRMATION_OK"
8033,10402735696,10402735729,1,"IOTHUB_CLIENT_CONFIRMATION_OK"
8034,10402735896,10402735930,1,"IOTHUB_CLIENT_CONFIRMATION_OK"
8035,10402736096,10402736186,1,"IOTHUB_CLIENT_CONFIRMATION_OK"
8036,10402736296,10402736331,1,"IOTHUB_CLIENT_CONFIRMATION_OK"
8037,10402736497,10402736532,1,"IOTHUB_CLIENT_CONFIRMATION_OK"
8038,10402736697,10402736729,1,"IOTHUB_CLIENT_CONFIRMATION_OK"
8039,10402736897,10402736944,1,"IOTHUB_CLIENT_CONFIRMATION_OK"
8040,10402737097,10402737186,1,"IOTHUB_CLIENT_CONFIRMATION_OK"
8041,10402737297,10402737335,1,"IOTHUB_CLIENT_CONFIRMATION_OK"
8042,10402737497,10402737537,1,"IOTHUB_CLIENT_CONFIRMATION_OK"
8043,10402737698,10402737810,1,"IOTHUB_CLIENT_CONFIRMATION_OK"
8044,10402737898,10402737933,1,"IOTHUB_CLIENT_CONFIRMATION_OK"
8045,10402738098,10402738224,1,"IOTHUB_CLIENT_CONFIRMATION_OK"
8046,10402738298,10402738356,1,"IOTHUB_CLIENT_CONFIRMATION_OK"
8047,10402738498,10402738549,1,"IOTHUB_CLIENT_CONFIRMATION_OK"
8048,10402738698,10402738728,1,"IOTHUB_CLIENT_CONFIRMATION_OK"
8049,10402738898,10402738934,1,"IOTHUB_CLIENT_CONFIRMATION_OK"
8050,10402739099,10402739135,1,"IOTHUB_CLIENT_CONFIRMATION_OK"
8051,10402739299,10402739359,1,"IOTHUB_CLIENT_CONFIRMATION_OK"
8052,10402739499,10402739535,1,"IOTHUB_CLIENT_CONFIRMATION_OK"
8053,10402739699,10402739854,1,"IOTHUB_CLIENT_CONFIRMATION_OK"
8054,10402739899,10402739944,1,"IOTHUB_CLIENT_CONFIRMATION_OK"
8055,10402740099,10402740147,1,"IOTHUB_CLIENT_CONFIRMATION_OK"
8056,10402740300,10402740398,1,"IOTHUB_CLIENT_CONFIRMATION_OK"
8057,10402740500,10402740535,1,"IOTHUB_CLIENT_CONFIRMATION_OK"
8058,10402740700,10402740883,1,"IOTHUB_CLIENT_CONFIRMATION_OK"
8059,10402740900,10402740938,1,"IOTHUB_CLIENT_CONFIRMATION_OK"
8060,10402741100,10402741135,1,"IOTHUB_CLIENT_CONFIRMATION_OK"
8061,10402741300,10402741353,1,"IOTHUB_CLIENT_CONFIRMATION_OK"
8062,10402741501,10402741535,1,"IOTHUB_CLIENT_CONFIRMATION_OK"
8063,10402741701,10402741738,1,"IOTHUB_CLIENT_CONFIRMATION_OK"
8064,10402741901,10402741968,1,"IOTHUB_CLIENT_CONFIRMATION_OK"
8065,10402742101,10402742142,1,"IOTHUB_CLIENT_CONFIRMATION_OK"
8066,10402742301,10402742359,1,"IOTHUB_CLIENT_CONFIRMATION_OK"
8067,10402742501,10402742556,1,"IOTHUB_CLIENT_CONFIRMATION_OK"
8068,10402742702,10402742735,1,"IOTHUB_CLIENT_CONFIRMATION_OK"
8069,10402742902,10402742967,1,"IOTHUB_CLIENT_CONFIRMATION_OK"
8070,10402743102,10402743145,1,"IOTHUB_CLIENT_CONFIRMATION_OK"
8071,10402743302,10402743369,1,"IOTHUB_CLIENT_CONFIRMATION_OK"
8072,10402743502,10402743552,1,"IOTHUB_CLIENT_CONFIRMATION_OK"
8073,10402743702,10402743737,1,"IOTHUB_CLIENT_CONFIRMATION_OK"
8074,10402743903,10402743979,1,"IOTHUB_CLIENT_CONFIRMATION_OK"
8075,10402744103,10402744138,1,"IOTHUB_CLIENT_CONFIRMATION_OK"
8076,10402744303,10402744413,1,"IOTHUB_CLIENT_CONFIRMATION_OK"
8077,10402744503,10402744537,1,"IOTHUB_CLIENT_CONFIRMATION_OK"
8078,10402744703,10402744735,1,"IOTHUB_CLIENT_CONFIRMATION_OK"
8079,10402744903,10402745009,1,"IOTHUB_CLIENT_CONFIRMATION_OK"
8080,10402745104,10402745137,1,"IOTHUB_CLIENT_CONFIRMATION_OK"
8081,10402745304,10402745348,1,"IOTHUB_CLIENT_CONFIRMATION_OK"
8082,10402745504,10402745539,1,"IOTHUB_CLIENT_CONFIRMATION_OK"
8083,10402745704,10402745760,1,"IOTHUB_CLIENT_CONFIRMATION_OK"
8084,10402745904,10402746046,1,"IOTHUB_CLIENT_CONFIRMATION_OK"
8085,10402746104,10402746135,1,"IOTHUB_CLIENT_CONFIRMATION_OK"
8086,10402746305,10402746337,1,"IOTHUB_CLIENT_CONFIRMATION_OK"
8087,10402746505,10402746539,1,"IOTHUB_CLIENT_CONFIRMATION_OK"
8088,10402746705,10402746758,1,"IOTHUB_CLIENT_CONFIRMATION_OK"
8089,10402746905,10402747072,1,"IOTHUB_CLIENT_CONFIRMATION_OK"
8090,10402747105,10402747144,1,"IOTHUB_CLIENT_CONFIRMATION_OK"
8091,10402747305,10402747383,1,"IOTHUB_CLIENT_CONFIRMATION_OK"
8092,10402747505,10402747538,1,"IOTHUB_CLIENT_CONFIRMATION_OK"
8093,10402747706,10402747745,1,"IOTHUB_CLIENT_CONFIRMATION_OK"
8094,10402747906,10402747937,1,"IOTHUB_CLIENT_CONFIRMATION_OK"
8095,10402748106,10402748141,1,"IOTHUB_CLIENT_CONFIRMATION_OK"
8096,10402748306,10402748337,1,"IOTHUB_CLIENT_CONFIRMATION_OK"
8097,10402748506,10402748541,1,"IOTHUB_CLIENT_CONFIRMATION_OK"
8098,10402748707,10402748739,1,"IOTHUB_CLIENT_CONFIRMATION_OK"
8099,10402748907,10402748940,1,"IOTHUB_CLIENT_CONFIRMATION_OK"
8100,10402749107,10402749147,1,"IOTHUB_CLIENT_CONFIRMATION_OK"
8101,10402749307,10402749346,1,"IOTHUB_CLIENT_CONFIRMATION_OK"
8102,10402749507,10402749539,1,"IOTHUB_CLIENT_CONFIRMATION_OK"
8103,10402749707,10402749741,1,"IOTHUB_CLIENT_CONFIRMATION_OK"
8104,10402749907,10402749947,1,"IOTHUB_CLIENT_CONFIRMATION_OK"
8105,10402750108,10402750143,1,"IOTHUB_CLIENT_CONFIRMATION_OK"
8106,10402750308,10402750417,1,"IOTHUB_CLIENT_CONFIRMATION_OK"
8107,10402750508,10402750547,1,"IOTHUB_CLIENT_CONFIRMATION_OK"
8108,10402750708,10402750756,1,"IOTHUB_CLIENT_CONFIRMATION_OK"
8109,10402750908,10402750960,1,"IOTHUB_CLIENT_CONFIRMATION_OK"
8110,10402751108,10402751150,1,"IOTHUB_CLIENT_CONFIRMATION_OK"
8111,10402751309,10402751357,1,"IOTHUB_CLIENT_CONFIRMATION_OK"
8112,10402751509,10402751548,1,"IOTHUB_CLIENT_CONFIRMATION_OK"
8113,10402751709,10402751750,1,"IOTHUB_CLIENT_CONFIRMATION_OK"
8114,10402751909,10402751952,1,"IOTHUB_CLIENT_CONFIRMATION_OK"
8115,10402752109,10402752165,1,"IOTHUB_CLIENT_CONFIRMATION_OK"
8116,10402752309,10402752338,1,"IOTHUB_CLIENT_CONFIRMATION_OK"
8117,10402752510,10402752547,1,"IOTHUB_CLIENT_CONFIRMATION_OK"
8118,10402752710,10402752776,1,"IOTHUB_CLIENT_CONFIRMATION_OK"
8119,10402752910,10402752948,1,"IOTHUB_CLIENT_CONFIRMATION_OK"
8120,10402753110,10402753188,1,"IOTHUB_CLIENT_CONFIRMATION_OK"
8121,10402753310,10402753399,1,"IOTHUB_CLIENT_CONFIRMATION_OK"
8122,10402753510,10402753553,1,"IOTHUB_CLIENT_CONFIRMATION_OK"
8123,10402753710,10402753809,1,"IOTHUB_CLIENT_CONFIRMATION_OK"
8124,10402753911,10402753951,1,"IOTHUB_CLIENT_CONFIRMATION_OK"
8125,10402754111,10402754148,1,"IOTHUB_CLIENT_CONFIRMATION_OK"
8126,10402754311,10402754352,1,"IOTHUB_CLIENT_CONFIRMATION_OK"
8127,10402754511,10402754549,1,"IOTHUB_CLIENT_CONFIRMATION_OK"
8128,10402754711,10402754846,1,"IOTHUB_CLIENT_CONFIRMATION_OK"
8129,10402754911,10402754945,1,"IOTHUB_CLIENT_CONFIRMATION_OK"
8130,10402755112,10402755146,1,"IOTHUB_CLIENT_CONFIRMATION_OK"
8131,10402755312,10402755402,1,"IOTHUB_CLIENT_CONFIRMATION_OK"
8132,10402755512,10402755553,1,"IOTHUB_CLIENT_CONFIRMATION_OK"
8133,10402755712,10402755796,1,"IOTHUB_CLIENT_CONFIRMATION_OK"
8134,10402755912,10402755944,1,"IOTHUB_CLIENT_CONFIRMATION_OK"
8135,10402756112,10402756159,1,"IOTHUB_CLIENT_CONFIRMATION_OK"
8136,10402756313,10402756518,1,"IOTHUB_CLIENT_CONFIRMATION_OK"
8137,10402756513,10402756558,1,"IOTHUB_CLIENT_CONFIRMATION_OK"
8138,10402756713,10402756748,1,"IOTHUB_CLIENT_CONFIRMATION_OK"
8139,10402756913,10402756948,1,"IOTHUB_CLIENT_CONFIRMATION_OK"
8140,10402757113,10402757151,1,"IOTHUB_CLIENT_CONFIRMATION_OK"
8141,10402757313,10402757447,1,"IOTHUB_CLIENT_CONFIRMATION_OK"
8142,10402757513,10402757582,1,"IOTHUB_CLIENT_CONFIRMATION_OK"
8143,10402757714,10402757747,1,"IOTHUB_CLIENT_CONFIRMATION_OK"
8144,10402757914,10402757955,1,"IOTHUB_CLIENT_CONFIRMATION_OK"
8145,10402758114,10402758148,1,"IOTHUB_CLIENT_CONFIRMATION_OK"
8146,10402758314,10402758492,1,"IOTHUB_CLIENT_CONFIRMATION_OK"
8147,10402758514,10402758548,1,"IOTHUB_CLIENT_CONFIRMATION_OK"
8148,10402758714,10402758749,1,"IOTHUB_CLIENT_CONFIRMATION_OK"
8149,10402758915,10402758951,1,"IOTHUB_CLIENT_CONFIRMATION_OK"
8150,10402759115,10402759150,1,"IOTHUB_CLIENT_CONFIRMATION_OK"
8151,10402759315,10402759547,1,"IOTHUB_CLIENT_CONFIRMATION_OK"
8152,10402759515,10402759572,1,"IOTHUB_CLIENT_CONFIRMATION_OK"
8153,10402759715,10402759775,1,"IOTHUB_CLIENT_CONFIRMATION_OK"
8154,10402759915,10402759966,1,"IOTHUB_CLIENT_CONFIRMATION_OK"
8155,10402760116,10402760151,1,"IOTHUB_CLIENT_CONFIRMATION_OK"
8156,10402760316,10402760360,1,"IOTHUB_CLIENT_CONFIRMATION_OK"
8157,10402760516,10402760577,1,"IOTHUB_CLIENT_CONFIRMATION_OK"
8158,10402760716,10402760755,1,"IOTHUB_CLIENT_CONFIRMATION_OK"
8159,10402760916,10402760993,1,"IOTHUB_CLIENT_CONFIRMATION_OK"
8160,10402761116,10402761153,1,"IOTHUB_CLIENT_CONFIRMATION_OK"
8161,10402761317,10402761347,1,"IOTHUB_CLIENT_CONFIRMATION_OK"
8162,10402761517,10402761633,1,"IOTHUB_CLIENT_CONFIRMATION_OK"
8163,10402761717,10402761750,1,"IOTHUB_CLIENT_CONFIRMATION_OK"
8164,10402761917,10402762032,1,"IOTHUB_CLIENT_CONFIRMATION_OK"
8165,10402762117,10402762151,1,"IOTHUB_CLIENT_CONFIRMATION_OK"
8166,10402762317,10402762350,1,"IOTHUB_CLIENT_CONFIRMATION_OK"
8167,10402762517,10402762651,1,"IOTHUB_CLIENT_CONFIRMATION_OK"
8168,10402762718,10402762750,1,"IOTHUB_CLIENT_CONFIRMATION_OK"
8169,10402762918,10402762951,1,"IOTHUB_CLIENT_CONFIRMATION_OK"
8170,10402763118,10402763153,1,"IOTHUB_CLIENT_CONFIRMATION_OK"
8171,10402763318,10402763358,1,"IOTHUB_CLIENT_CONFIRMATION_OK"
8172,10402763518,10402763670,1,"IOTHUB_CLIENT_CONFIRMATION_OK"
8173,10402763718,10402763752,1,"IOTHUB_CLIENT_CONFIRMATION_OK"
8174,10402763919,10402763956,1,"IOTHUB_CLIENT_CONFIRMATION_OK"
8175,10402764119,10402764156,1,"IOTHUB_CLIENT_CONFIRMATION_OK"
8176,10402764319,10402764361,1,"IOTHUB_CLIENT_CONFIRMATION_OK"
8177,10402764519,10402764693,1,"IOTHUB_CLIENT_CONFIRMATION_OK"
8178,10402764719,10402764752,1,"IOTHUB_CLIENT_CONFIRMATION_OK"
8179,10402764919,10402764972,1,"IOTHUB_CLIENT_CONFIRMATION_OK"
8180,10402765120,10402765168,1,"IOTHUB_CLIENT_CONFIRMATION_OK"
8181,10402765320,10402765353,1,"IOTHUB_CLIENT_CONFIRMATION_OK"
8182,10402765520,10402765556,1,"IOTHUB_CLIENT_CONFIRMATION_OK"
8183,10402765720,10402765761,1,"IOTHUB_CLIENT_CONFIRMATION_OK"
8184,10402765920,10402765960,1,"IOTHUB_CLIENT_CONFIRMATION_OK"
8185,10402766120,10402766175,1,"IOTHUB_CLIENT_CONFIRMATION_OK"
8186,10402766320,10402766356,1,"IOTHUB_CLIENT_CONFIRMATION_OK"
8187,10402766521,10402766554,1,"IOTHUB_CLIENT_CONFIRMATION_OK"
8188,10402766721,10402766773,1,"IOTHUB_CLIENT_CONFIRMATION_OK"
8189,10402766921,10402766959,1,"IOTHUB_CLIENT_CONFIRMATION_OK"
8190,10402767121,10402767166,1,"IOTHUB_CLIENT_CONFIRMATION_OK"
8191,10402767321,10402767362,1,"IOTHUB_CLIENT_CONFIRMATION_OK"
8192,10402767522,10402767557,1,"IOTHUB_CLIENT_CONFIRMATION_OK"
8193,10402767722,10402767798,1,"IOTHUB_CLIENT_CONFIRMATION_OK"
8194,10402767922,10402767952,1,"IOTHUB_CLIENT_CONFIRMATION_OK"
8195,10402768122,10402768280,1,"IOTHUB_CLIENT_CONFIRMATION_OK"
8196,10402768322,10402768359,1,"IOTHUB_CLIENT_CONFIRMATION_OK"
8197,10402768523,10402768559,1,"IOTHUB_CLIENT_CONFIRMATION_OK"
8198,10402768723,10402768766,1,"IOTHUB_CLIENT_CONFIRMATION_OK"
8199,10402768923,10402768959,1,"IOTHUB_CLIENT_CONFIRMATION_OK"
8200,10402769123,10402769171,1,"IOTHUB_CLIENT_CONFIRMATION_OK"
8201,10402769323,10402769365,1,"IOTHUB_CLIENT_CONFIRMATION_OK"
8202,10402769523,10402769557,1,"IOTHUB_CLIENT_CONFIRMATION_OK"
8203,10402769723,10402769758,1,"IOTHUB_CLIENT_CONFIRMATION_OK"
8204,10402769924,10402769964,1,"IOTHUB_CLIENT_CONFIRMATION_OK"
8205,10402770124,10402770164,1,"IOTHUB_CLIENT_CONFIRMATION_OK"
8206,10402770324,10402770361,1,"IOTHUB_CLIENT_CONFIRMATION_OK"
8207,10402770524,10402770563,1,"IOTHUB_CLIENT_CONFIRMATION_OK"
8208,10402770724,10402770757,1,"IOTHUB_CLIENT_CONFIRMATION_OK"
8209,10402770924,10402770968,1,"IOTHUB_CLIENT_CONFIRMATION_OK"
8210,10402771125,10402771169,1,"IOTHUB_CLIENT_CONFIRMATION_OK"
8211,10402771325,10402771361,1,"IOTHUB_CLIENT_CONFIRMATION_OK"
8212,10402771525,10402771563,1,"IOTHUB_CLIENT_CONFIRMATION_OK"
8213,10402771725,10402771761,1,"IOTHUB_CLIENT_CONFIRMATION_OK"
8214,10402771925,10402771963,1,"IOTHUB_CLIENT_CONFIRMATION_OK"
8215,10402772125,10402772163,1,"IOTHUB_CLIENT_CONFIRMATION_OK"
8216,10402772325,10402772366,1,"IOTHUB_CLIENT_CONFIRMATION_OK"
8217,10402772526,10402772562,1,"IOTHUB_CLIENT_CONFIRMATION_OK"
8218,10402772726,10402772770,1,"IOTHUB_CLIENT_CONFIRMATION_OK"
8219,10402772926,10402772981,1,"IOTHUB_CLIENT_CONFIRMATION_OK"
8220,10402773126,10402773155,1,"IOTHUB_CLIENT_CONFIRMATION_OK"
8221,10402773326,10402773385,1,"IOTHUB_CLIENT_CONFIRMATION_OK"
8222,10402773526,10402773560,1,"IOTHUB_CLIENT_CONFIRMATION_OK"
8223,10402773727,10402773771,1,"IOTHUB_CLIENT_CONFIRMATION_OK"
8224,10402773927,10402774014,1,"IOTHUB_CLIENT_CONFIRMATION_OK"
8225,10402774127,10402774173,1,"IOTHUB_CLIENT_CONFIRMATION_OK"
8226,10402774327,10402774402,1,"IOTHUB_CLIENT_CONFIRMATION_OK"
8227,10402774527,10402774563,1,"IOTHUB_CLIENT_CONFIRMATION_OK"
8228,10402774727,10402774762,1,"IOTHUB_CLIENT_CONFIRMATION_OK"
8229,10402774928,10402775029,1,"IOTHUB_CLIENT_CONFIRMATION_OK"
8230,10402775128,10402775179,1,"IOTHUB_CLIENT_CONFIRMATION_OK"
8231,10402775328,10402775366,1,"IOTHUB_CLIENT_CONFIRMATION_OK"
8232,10402775528,10402775561,1,"IOTHUB_CLIENT_CONFIRMATION_OK"
8233,10402775728,10402775762,1,"IOTHUB_CLIENT_CONFIRMATION_OK"
8234,10402775928,10402776045,1,"IOTHUB_CLIENT_CONFIRMATION_OK"
8235,10402776129,10402776162,1,"IOTHUB_CLIENT_CONFIRMATION_OK"
8236,10402776329,10402776367,1,"IOTHUB_CLIENT_CONFIRMATION_OK"
8237,10402776529,10402776571,1,"IOTHUB_CLIENT_CONFIRMATION_OK"
8238,10402776729,10402776767,1,"IOTHUB_CLIENT_CONFIRMATION_OK"
8239,10402776929,10402777092,1,"IOTHUB_CLIENT_CONFIRMATION_OK"
8240,10402777129,10402777171,1,"IOTHUB_CLIENT_CONFIRMATION_OK"
8241,10402777329,10402777370,1,"IOTHUB_CLIENT_CONFIRMATION_OK"
8242,10402777530,10402777563,1,"IOTHUB_CLIENT_CONFIRMATION_OK"
8243,10402777730,10402777765,1,"IOTHUB_CLIENT_CONFIRMATION_OK"
8244,10402777930,10402777963,1,"IOTHUB_CLIENT_CONFIRMATION_OK"
8245,10402778130,10402778166,1,"IOTHUB_CLIENT_CONFIRMATION_OK"
8246,10402778330,10402778370,1,"IOTHUB_CLIENT_CONFIRMATION_OK"
8247,10402778530,10402778580,1,"IOTHUB_CLIENT_CONFIRMATION_OK"
8248,10402778731,10402778773,1,"IOTHUB_CLIENT_CONFIRMATION_OK"
8249,10402778931,10402778972,1,"IOTHUB_CLIENT_CONFIRMATION_OK"
8250,10402779131,10402779178,1,"IOTHUB_CLIENT_CONFIRMATION_OK"
8251,10402779331,10402779368,1,"IOTHUB_CLIENT_CONFIRMATION_OK"
8252,10402779531,10402779583,1,"IOTHUB_CLIENT_CONFIRMATION_OK"
8253,10402779731,10402779766,1,"IOTHUB_CLIENT_CONFIRMATION_OK"
8254,10402779932,10402779972,1,"IOTHUB_CLIENT_CONFIRMATION_OK"
8255,10402780132,10402780173,1,"IOTHUB_CLIENT_CONFIRMATION_OK"
8256,10402780332,10402780367,1,"IOTHUB_CLIENT_CONFIRMATION_OK"
8257,10402780532,10402780580,1,"IOTHUB_CLIENT_CONFIRMATION_OK"
8258,10402780732,10402780768,1,"IOTHUB_CLIENT_CONFIRMATION_OK"
8259,10402780932,10402780965,1,"IOTHUB_CLIENT_CONFIRMATION_OK"
8260,10402781132,10402781193,1,"IOTHUB_CLIENT_CONFIRMATION_OK"
8261,10402781333,10402781371,1,"IOTHUB_CLIENT_CONFIRMATION_OK"
8262,10402781533,10402781573,1,"IOTHUB_CLIENT_CONFIRMATION_OK"
8263,10402781733,10402781815,1,"IOTHUB_CLIENT_CONFIRMATION_OK"
8264,10402781933,10402781980,1,"IOTHUB_CLIENT_CONFIRMATION_OK"
8265,10402782133,10402782213,1,"IOTHUB_CLIENT_CONFIRMATION_OK"
8266,10402782333,10402782369,1,"IOTHUB_CLIENT_CONFIRMATION_OK"
8267,10402782534,10402782581,1,"IOTHUB_CLIENT_CONFIRMATION_OK"
8268,10402782734,10402782849,1,"IOTHUB_CLIENT_CONFIRMATION_OK"
8269,10402782934,10402782969,1,"IOTHUB_CLIENT_CONFIRMATION_OK"
8270,10402783134,10402783227,1,"IOTHUB_CLIENT_CONFIRMATION_OK"
8271,10402783334,10402783371,1,"IOTHUB_CLIENT_CONFIRMATION_OK"
8272,10402783534,10402783564,1,"IOTHUB_CLIENT_CONFIRMATION_OK"
8273,10402783734,10402783887,1,"IOTHUB_CLIENT_CONFIRMATION_OK"
8274,10402783935,10402783971,1,"IOTHUB_CLIENT_CONFIRMATION_OK"
8275,10402784135,10402784172,1,"IOTHUB_CLIENT_CONFIRMATION_OK"
8276,10402784335,10402784378,1,"IOTHUB_CLIENT_CONFIRMATION_OK"
8277,10402784535,10402784568,1,"IOTHUB_CLIENT_CONFIRMATION_OK"
8278,10402784735,10402784779,1,"IOTHUB_CLIENT_CONFIRMATION_OK"
8279,10402784935,10402784978,1,"IOTHUB_CLIENT_CONFIRMATION_OK"
8280,10402785136,10402785178,1,"IOTHUB_CLIENT_CONFIRMATION_OK"
8281,10402785336,10402785379,1,"IOTHUB_CLIENT_CONFIRMATION_OK"
8282,10402785536,10402785571,1,"IOTHUB_CLIENT_CONFIRMATION_OK"
8283,10402785736,10402785936,1,"IOTHUB_CLIENT_CONFIRMATION_OK"
8284,10402785936,10402785998,1,"IOTHUB_CLIENT_CONFIRMATION_OK"
8285,10402786136,10402786171,1,"IOTHUB_CLIENT_CONFIRMATION_OK"
8286,10402786337,10402786373,1,"IOTHUB_CLIENT_CONFIRMATION_OK"
8287,10402786537,10402786572,1,"IOTHUB_CLIENT_CONFIRMATION_OK"
8288,10402786737,10402786770,1,"IOTHUB_CLIENT_CONFIRMATION_OK"
8289,10402786937,10402786973,1,"IOTHUB_CLIENT_CONFIRMATION_OK"
8290,10402787137,10402787175,1,"IOTHUB_CLIENT_CONFIRMATION_OK"
8291,10402787337,10402787405,1,"IOTHUB_CLIENT_CONFIRMATION_OK"
8292,10402787538,10402787566,1,"IOTHUB_CLIENT_CONFIRMATION_OK"
8293,10402787738,10402787772,1,"IOTHUB_CLIENT_CONFIRMATION_OK"
8294,10402787938,10402788035,1,"IOTHUB_CLIENT_CONFIRMATION_OK"
8295,10402788138,10402788172,1,"IOTHUB_CLIENT_CONFIRMATION_OK"
8296,10402788338,10402788406,1,"IOTHUB_CLIENT_CONFIRMATION_OK"
8297,10402788538,10402788568,1,"IOTHUB_CLIENT_CONFIRMATION_OK"
8298,10402788738,10402788780,1,"IOTHUB_CLIENT_CONFIRMATION_OK"
8299,10402788939,10402789036,1,"IOTHUB_CLIENT_CONFIRMATION_OK"
8300,10402789139,10402789182,1,"IOTHUB_CLIENT_CONFIRMATION_OK"
8301,10402789339,10402789419,1,"IOTHUB_CLIENT_CONFIRMATION_OK"
8302,10402789539,10402789572,1,"IOTHUB_CLIENT_CONFIRMATION_OK"
8303,10402789739,10402789783,1,"IOTHUB_CLIENT_CONFIRMATION_OK"
8304,10402789939,10402790041,1,"IOTHUB_CLIENT_CONFIRMATION_OK"
8305,10402790140,10402790175,1,"IOTHUB_CLIENT_CONFIRMATION_OK"
8306,10402790340,10402790372,1,"IOTHUB_CLIENT_CONFIRMATION_OK"
8307,10402790540,10402790576,1,"IOTHUB_CLIENT_CONFIRMATION_OK"
8308,10402790740,10402790803,1,"IOTHUB_CLIENT_CONFIRMATION_OK"
8309,10402790940,10402791059,1,"IOTHUB_CLIENT_CONFIRMATION_OK"
8310,10402791140,10402791175,1,"IOTHUB_CLIENT_CONFIRMATION_OK"
8311,10402791340,10402791383,1,"IOTHUB_CLIENT_CONFIRMATION_OK"
8312,10402791541,10402791579,1,"IOTHUB_CLIENT_CONFIRMATION_OK"
8313,10402791741,10402791785,1,"IOTHUB_CLIENT_CONFIRMATION_OK"
8314,10402791941,10402792109,1,"IOTHUB_CLIENT_CONFIRMATION_OK"
8315,10402792141,10402792174,1,"IOTHUB_CLIENT_CONFIRMATION_OK"
8316,10402792341,10402792372,1,"IOTHUB_CLIENT_CONFIRMATION_OK"
8317,10402792541,10402792577,1,"IOTHUB_CLIENT_CONFIRMATION_OK"
8318,10402792742,10402792778,1,"IOTHUB_CLIENT_CONFIRMATION_OK"
8319,10402792942,10402793035,1,"IOTHUB_CLIENT_CONFIRMATION_OK"
8320,10402793142,10402793191,1,"IOTHUB_CLIENT_CONFIRMATION_OK"
8321,10402793342,10402793376,1,"IOTHUB_CLIENT_CONFIRMATION_OK"
8322,10402793542,10402793579,1,"IOTHUB_CLIENT_CONFIRMATION_OK"
8323,10402793742,10402793778,1,"IOTHUB_CLIENT_CONFIRMATION_OK"
8324,10402793942,10402793975,1,"IOTHUB_CLIENT_CONFIRMATION_OK"
8325,10402794143,10402794188,1,"IOTHUB_CLIENT_CONFIRMATION_OK"
8326,10402794343,10402794377,1,"IOTHUB_CLIENT_CONFIRMATION_OK"
8327,10402794543,10402794625,1,"IOTHUB_CLIENT_CONFIRMATION_OK"
8328,10402794743,10402794780,1,"IOTHUB_CLIENT_CONFIRMATION_OK"
8329,10402794943,10402794980,1,"IOTHUB_CLIENT_CONFIRMATION_OK"
8330,10402795144,10402795236,1,"IOTHUB_CLIENT_CONFIRMATION_OK"
8331,10402795344,10402795376,1,"IOTHUB_CLIENT_CONFIRMATION_OK"
8332,10402795544,10402795641,1,"IOTHUB_CLIENT_CONFIRMATION_OK"
8333,10402795744,10402795789,1,"IOTHUB_CLIENT_CONFIRMATION_OK"
8334,10402795944,10402795996,1,"IOTHUB_CLIENT_CONFIRMATION_OK"
8335,10402796144,10402796325,1,"IOTHUB_CLIENT_CONFIRMATION_OK"
8336,10402796345,10402796382,1,"IOTHUB_CLIENT_CONFIRMATION_OK"
8337,10402796545,10402796580,1,"IOTHUB_CLIENT_CONFIRMATION_OK"
8338,10402796745,10402796781,1,"IOTHUB_CLIENT_CONFIRMATION_OK"
8339,10402796945,10402796982,1,"IOTHUB_CLIENT_CONFIRMATION_OK"
8340,10402797145,10402797334,1,"IOTHUB_CLIENT_CONFIRMATION_OK"
8341,10402797345,10402797422,1,"IOTHUB_CLIENT_CONFIRMATION_OK"
8342,10402797546,10402797589,1,"IOTHUB_CLIENT_CONFIRMATION_OK"
8343,10402797746,10402797780,1,"IOTHUB_CLIENT_CONFIRMATION_OK"
8344,10402797946,10402797984,1,"IOTHUB_CLIENT_CONFIRMATION_OK"
8345,10402798146,10402798182,1,"IOTHUB_CLIENT_CONFIRMATION_OK"
8346,10402798346,10402798395,1,"IOTHUB_CLIENT_CONFIRMATION_OK"
8347,10402798546,10402798581,1,"IOTHUB_CLIENT_CONFIRMATION_OK"
8348,10402798746,10402798791,1,"IOTHUB_CLIENT_CONFIRMATION_OK"
8349,10402798947,10402798980,1,"IOTHUB_CLIENT_CONFIRMATION_OK"
8350,10402799147,10402799182,1,"IOTHUB_CLIENT_CONFIRMATION_OK"
8351,10402799347,10402799413,1,"IOTHUB_CLIENT_CONFIRMATION_OK"
8352,10402799547,10402799586,1,"IOTHUB_CLIENT_CONFIRMATION_OK"
8353,10402799747,10402799821,1,"IOTHUB_CLIENT_CONFIRMATION_OK"
8354,10402799947,10402799986,1,"IOTHUB_CLIENT_CONFIRMATION_OK"
8355,10402800148,10402800184,1,"IOTHUB_CLIENT_CONFIRMATION_OK"
8356,10402800348,10402800447,1,"IOTHUB_CLIENT_CONFIRMATION_OK"
8357,10402800548,10402800585,1,"IOTHUB_CLIENT_CONFIRMATION_OK"
8358,10402800748,10402800847,1,"IOTHUB_CLIENT_CONFIRMATION_OK"
8359,10402800948,10402800979,1,"IOTHUB_CLIENT_CONFIRMATION_OK"
8360,10402801148,10402801187,1,"IOTHUB_CLIENT_CONFIRMATION_OK"
8361,10402801349,10402801461,1,"IOTHUB_CLIENT_CONFIRMATION_OK"
8362,10402801549,10402801594,1,"IOTHUB_CLIENT_CONFIRMATION_OK"
8363,10402801749,10402801790,1,"IOTHUB_CLIENT_CONFIRMATION_OK"
8364,10402801949,10402801984,1,"IOTHUB_CLIENT_CONFIRMATION_OK"
8365,10402802149,10402802198,1,"IOTHUB_CLIENT_CONFIRMATION_OK"
8366,10402802349,10402802527,1,"IOTHUB_CLIENT_CONFIRMATION_OK"
8367,10402802550,10402802586,1,"IOTHUB_CLIENT_CONFIRMATION_OK"
8368,10402802750,10402802789,1,"IOTHUB_CLIENT_CONFIRMATION_OK"
8369,10402802950,10402802987,1,"IOTHUB_CLIENT_CONFIRMATION_OK"
8370,10402803150,10402803207,1,"IOTHUB_CLIENT_CONFIRMATION_OK"
8371,10402803350,10402803540,1,"IOTHUB_CLIENT_CONFIRMATION_OK"
8372,10402803550,10402803583,1,"IOTHUB_CLIENT_CONFIRMATION_OK"
8373,10402803751,10402803789,1,"IOTHUB_CLIENT_CONFIRMATION_OK"
8374,10402803951,10402803984,1,"IOTHUB_CLIENT_CONFIRMATION_OK"
8375,10402804151,10402804188,1,"IOTHUB_CLIENT_CONFIRMATION_OK"
8376,10402804351,10402804560,1,"IOTHUB_CLIENT_CONFIRMATION_OK"
8377,10402804551,10402804589,1,"IOTHUB_CLIENT_CONFIRMATION_OK"
8378,10402804751,10402804793,1,"IOTHUB_CLIENT_CONFIRMATION_OK"
8379,10402804951,10402804991,1,"IOTHUB_CLIENT_CONFIRMATION_OK"
8380,10402805152,10402805297,1,"IOTHUB_CLIENT_CONFIRMATION_OK"
8381,10402805352,10402805388,1,"IOTHUB_CLIENT_CONFIRMATION_OK"
8382,10402805552,10402805609,1,"IOTHUB_CLIENT_CONFIRMATION_OK"
8383,10402805752,10402805788,1,"IOTHUB_CLIENT_CONFIRMATION_OK"
8384,10402805952,10402806024,1,"IOTHUB_CLIENT_CONFIRMATION_OK"
8385,10402806152,10402806183,1,"IOTHUB_CLIENT_CONFIRMATION_OK"
8386,10402806353,10402806393,1,"IOTHUB_CLIENT_CONFIRMATION_OK"
8387,10402806553,10402806622,1,"IOTHUB_CLIENT_CONFIRMATION_OK"
8388,10402806753,10402806789,1,"IOTHUB_CLIENT_CONFIRMATION_OK"
8389,10402806953,10402807027,1,"IOTHUB_CLIENT_CONFIRMATION_OK"
8390,10402807153,10402807189,1,"IOTHUB_CLIENT_CONFIRMATION_OK"
8391,10402807353,10402807395,1,"IOTHUB_CLIENT_CONFIRMATION_OK"
8392,10402807554,10402807641,1,"IOTHUB_CLIENT_CONFIRMATION_OK"
8393,10402807754,10402807794,1,"IOTHUB_CLIENT_CONFIRMATION_OK"
8394,10402807954,10402807998,1,"IOTHUB_CLIENT_CONFIRMATION_OK"
8395,10402808154,10402808197,1,"IOTHUB_CLIENT_CONFIRMATION_OK"
8396,10402808354,10402808395,1,"IOTHUB_CLIENT_CONFIRMATION_OK"
8397,10402808554,10402808669,1,"IOTHUB_CLIENT_CONFIRMATION_OK"
8398,10402808755,10402808791,1,"IOTHUB_CLIENT_CONFIRMATION_OK"
8399,10402808955,10402808989,1,"IOTHUB_CLIENT_CONFIRMATION_OK"
8400,10402809155,10402809191,1,"IOTHUB_CLIENT_CONFIRMATION_OK"
8401,10402809355,10402809399,1,"IOTHUB_CLIENT_CONFIRMATION_OK"
8402,10402809555,10402809689,1,"IOTHUB_CLIENT_CONFIRMATION_OK"
8403,10402809755,10402809794,1,"IOTHUB_CLIENT_CONFIRMATION_OK"
8404,10402809956,10402810036,1,"IOTHUB_CLIENT_CONFIRMATION_OK"
8405,10402810156,10402810199,1,"IOTHUB_CLIENT_CONFIRMATION_OK"
8406,10402810356,10402810388,1,"IOTHUB_CLIENT_CONFIRMATION_OK"
8407,10402810556,10402810702,1,"IOTHUB_CLIENT_CONFIRMATION_OK"
8408,10402810756,10402810792,1,"IOTHUB_CLIENT_CONFIRMATION_OK"
8409,10402810956,10402810999,1,"IOTHUB_CLIENT_CONFIRMATION_OK"
8410,10402811157,10402811195,1,"IOTHUB_CLIENT_CONFIRMATION_OK"
8411,10402811357,10402811389,1,"IOTHUB_CLIENT_CONFIRMATION_OK"
8412,10402811557,10402811597,1,"IOTHUB_CLIENT_CONFIRMATION_OK"
8413,10402811757,10402811865,1,"IOTHUB_CLIENT_CONFIRMATION_OK"
8414,10402811957,10402812003,1,"IOTHUB_CLIENT_CONFIRMATION_OK"
8415,10402812157,10402812203,1,"IOTHUB_CLIENT_CONFIRMATION_OK"
8416,10402812357,10402812395,1,"IOTHUB_CLIENT_CONFIRMATION_OK"
8417,10402812558,10402812600,1,"IOTHUB_CLIENT_CONFIRMATION_OK"
8418,10402812758,10402812790,1,"IOTHUB_CLIENT_CONFIRMATION_OK"
8419,10402812958,10402813003,1,"IOTHUB_CLIENT_CONFIRMATION_OK"
8420,10402813158,10402813361,1,"IOTHUB_CLIENT_CONFIRMATION_OK"
8421,10402813358,10402813393,1,"IOTHUB_CLIENT_CONFIRMATION_OK"
8422,10402813558,10402813597,1,"IOTHUB_CLIENT_CONFIRMATION_OK"
8423,10402813759,10402813797,1,"IOTHUB_CLIENT_CONFIRMATION_OK"
8424,10402813959,10402814004,1,"IOTHUB_CLIENT_CONFIRMATION_OK"
8425,10402814159,10402814204,1,"IOTHUB_CLIENT_CONFIRMATION_OK"
8426,10402814359,10402814401,1,"IOTHUB_CLIENT_CONFIRMATION_OK"
8427,10402814559,10402814611,1,"IOTHUB_CLIENT_CONFIRMATION_OK"
8428,10402814759,10402814831,1,"IOTHUB_CLIENT_CONFIRMATION_OK"
8429,10402814960,10402814998,1,"IOTHUB_CLIENT_CONFIRMATION_OK"
8430,10402815160,10402815206,1,"IOTHUB_CLIENT_CONFIRMATION_OK"
8431,10402815360,10402815473,1,"IOTHUB_CLIENT_CONFIRMATION_OK"
8432,10402815560,10402815603,1,"IOTHUB_CLIENT_CONFIRMATION_OK"
8433,10402815760,10402815842,1,"IOTHUB_CLIENT_CONFIRMATION_OK"
8434,10402815960,10402815997,1,"IOTHUB_CLIENT_CONFIRMATION_OK"
8435,10402816161,10402816201,1,"IOTHUB_CLIENT_CONFIRMATION_OK"
8436,10402816361,10402816452,1,"IOTHUB_CLIENT_CONFIRMATION_OK"
8437,10402816561,10402816595,1,"IOTHUB_CLIENT_CONFIRMATION_OK"
8438,10402816761,10402816810,1,"IOTHUB_CLIENT_CONFIRMATION_OK"
8439,10402816961,10402817000,1,"IOTHUB_CLIENT_CONFIRMATION_OK"
8440,10402817161,10402817217,1,"IOTHUB_CLIENT_CONFIRMATION_OK"
8441,10402817361,10402817578,1,"IOTHUB_CLIENT_CONFIRMATION_OK"
8442,10402817562,10402817599,1,"IOTHUB_CLIENT_CONFIRMATION_OK"
8443,10402817762,10402817813,1,"IOTHUB_CLIENT_CONFIRMATION_OK"
8444,10402817962,10402817990,1,"IOTHUB_CLIENT_CONFIRMATION_OK"
8445,10402818162,10402818236,1,"IOTHUB_CLIENT_CONFIRMATION_OK"
8446,10402818362,10402818511,1,"IOTHUB_CLIENT_CONFIRMATION_OK"
8447,10402818562,10402818601,1,"IOTHUB_CLIENT_CONFIRMATION_OK"
8448,10402818763,10402818820,1,"IOTHUB_CLIENT_CONFIRMATION_OK"
8449,10402818963,10402819007,1,"IOTHUB_CLIENT_CONFIRMATION_OK"
8450,10402819163,10402819212,1,"IOTHUB_CLIENT_CONFIRMATION_OK"
8451,10402819363,10402819516,1,"IOTHUB_CLIENT_CONFIRMATION_OK"
8452,10402819563,10402819597,1,"IOTHUB_CLIENT_CONFIRMATION_OK"
8453,10402819763,10402819796,1,"IOTHUB_CLIENT_CONFIRMATION_OK"
8454,10402819964,10402820003,1,"IOTHUB_CLIENT_CONFIRMATION_OK"
8455,10402820164,10402820202,1,"IOTHUB_CLIENT_CONFIRMATION_OK"
8456,10402820364,10402820434,1,"IOTHUB_CLIENT_CONFIRMATION_OK"
8457,10402820564,10402820597,1,"IOTHUB_CLIENT_CONFIRMATION_OK"
8458,10402820764,10402820812,1,"IOTHUB_CLIENT_CONFIRMATION_OK"
8459,10402820964,10402821007,1,"IOTHUB_CLIENT_CONFIRMATION_OK"
8460,10402821164,10402821204,1,"IOTHUB_CLIENT_CONFIRMATION_OK"
8461,10402821365,10402821399,1,"IOTHUB_CLIENT_CONFIRMATION_OK"
8462,10402821565,10402821599,1,"IOTHUB_CLIENT_CONFIRMATION_OK"
8463,10402821765,10402821797,1,"IOTHUB_CLIENT_CONFIRMATION_OK"
8464,10402821965,10402822201,1,"IOTHUB_CLIENT_CONFIRMATION_OK"
8465,10402822165,10402822214,1,"IOTHUB_CLIENT_CONFIRMATION_OK"
8466,10402822365,10402822403,1,"IOTHUB_CLIENT_CONFIRMATION_OK"
8467,10402822565,10402822625,1,"IOTHUB_CLIENT_CONFIRMATION_OK"
8468,10402822766,10402822802,1,"IOTHUB_CLIENT_CONFIRMATION_OK"
8469,10402822966,10402823005,1,"IOTHUB_CLIENT_CONFIRMATION_OK"
8470,10402823166,10402823208,1,"IOTHUB_CLIENT_CONFIRMATION_OK"
8471,10402823366,10402823397,1,"IOTHUB_CLIENT_CONFIRMATION_OK"
8472,10402823566,10402823620,1,"IOTHUB_CLIENT_CONFIRMATION_OK"
8473,10402823766,10402823801,1,"IOTHUB_CLIENT_CONFIRMATION_OK"
8474,10402823967,10402824000,1,"IOTHUB_CLIENT_CONFIRMATION_OK"
8475,10402824167,10402824211,1,"IOTHUB_CLIENT_CONFIRMATION_OK"
8476,10402824367,10402824405,1,"IOTHUB_CLIENT_CONFIRMATION_OK"
8477,10402824567,10402824608,1,"IOTHUB_CLIENT_CONFIRMATION_OK"
8478,10402824767,10402824808,1,"IOTHUB_CLIENT_CONFIRMATION_OK"
8479,10402824967,10402824999,1,"IOTHUB_CLIENT_CONFIRMATION_OK"
8480,10402825167,10402825247,1,"IOTHUB_CLIENT_CONFIRMATION_OK"
8481,10402825368,10402825403,1,"IOTHUB_CLIENT_CONFIRMATION_OK"
8482,10402825568,10402825681,1,"IOTHUB_CLIENT_CONFIRMATION_OK"
8483,10402825768,10402825804,1,"IOTHUB_CLIENT_CONFIRMATION_OK"
8484,10402825968,10402826002,1,"IOTHUB_CLIENT_CONFIRMATION_OK"
8485,10402826168,10402826278,1,"IOTHUB_CLIENT_CONFIRMATION_OK"
8486,10402826368,10402826408,1,"IOTHUB_CLIENT_CONFIRMATION_OK"
8487,10402826569,10402826605,1,"IOTHUB_CLIENT_CONFIRMATION_OK"
8488,10402826769,10402826803,1,"IOTHUB_CLIENT_CONFIRMATION_OK"
8489,10402826969,10402827022,1,"IOTHUB_CLIENT_CONFIRMATION_OK"
8490,10402827169,10402827295,1,"IOTHUB_CLIENT_CONFIRMATION_OK"
8491,10402827369,10402827429,1,"IOTHUB_CLIENT_CONFIRMATION_OK"
8492,10402827569,10402827629,1,"IOTHUB_CLIENT_CONFIRMATION_OK"
8493,10402827770,10402827823,1,"IOTHUB_CLIENT_CONFIRMATION_OK"
8494,10402827970,10402828016,1,"IOTHUB_CLIENT_CONFIRMATION_OK"
8495,10402828170,10402828313,1,"IOTHUB_CLIENT_CONFIRMATION_OK"
8496,10402828370,10402828409,1,"IOTHUB_CLIENT_CONFIRMATION_OK"
8497,10402828570,10402828603,1,"IOTHUB_CLIENT_CONFIRMATION_OK"
8498,10402828770,10402828804,1,"IOTHUB_CLIENT_CONFIRMATION_OK"
8499,10402828970,10402829004,1,"IOTHUB_CLIENT_CONFIRMATION_OK"
8500,10402829171,10402829217,1,"IOTHUB_CLIENT_CONFIRMATION_OK"
8501,10402829371,10402829435,1,"IOTHUB_CLIENT_CONFIRMATION_OK"
8502,10402829571,10402829613,1,"IOTHUB_CLIENT_CONFIRMATION_OK"
8503,10402829771,10402829816,1,"IOTHUB_CLIENT_CONFIRMATION_OK"
8504,10402829971,10402830005,1,"IOTHUB_CLIENT_CONFIRMATION_OK"
8505,10402830171,10402830206,1,"IOTHUB_CLIENT_CONFIRMATION_OK"
8506,10402830372,10402830406,1,"IOTHUB_CLIENT_CONFIRMATION_OK"
8507,10402830572,10402830614,1,"IOTHUB_CLIENT_CONFIRMATION_OK"
8508,10402830772,10402830812,1,"IOTHUB_CLIENT_CONFIRMATION_OK"
8509,10402830972,10402831013,1,"IOTHUB_CLIENT_CONFIRMATION_OK"
8510,10402831172,10402831213,1,"IOTHUB_CLIENT_CONFIRMATION_OK"
8511,10402831372,10402831422,1,"IOTHUB_CLIENT_CONFIRMATION_OK"
8512,10402831573,10402831620,1,"IOTHUB_CLIENT_CONFIRMATION_OK"
8513,10402831773,10402831855,1,"IOTHUB_CLIENT_CONFIRMATION_OK"
8514,10402831973,10402832040,1,"IOTHUB_CLIENT_CONFIRMATION_OK"
8515,10402832173,10402832226,1,"IOTHUB_CLIENT_CONFIRMATION_OK"
8516,10402832373,10402832510,1,"IOTHUB_CLIENT_CONFIRMATION_OK"
8517,10402832573,10402832606,1,"IOTHUB_CLIENT_CONFIRMATION_OK"
8518,10402832773,10402832812,1,"IOTHUB_CLIENT_CONFIRMATION_OK"
8519,10402832974,10402833006,1,"IOTHUB_CLIENT_CONFIRMATION_OK"
8520,10402833174,10402833212,1,"IOTHUB_CLIENT_CONFIRMATION_OK"
8521,10402833374,10402833499,1,"IOTHUB_CLIENT_CONFIRMATION_OK"
8522,10402833574,10402833609,1,"IOTHUB_CLIENT_CONFIRMATION_OK"
8523,10402833774,10402833810,1,"IOTHUB_CLIENT_CONFIRMATION_OK"
8524,10402833974,10402834046,1,"IOTHUB_CLIENT_CONFIRMATION_OK"
8525,10402834175,10402834224,1,"IOTHUB_CLIENT_CONFIRMATION_OK"
8526,10402834375,10402834536,1,"IOTHUB_CLIENT_CONFIRMATION_OK"
8527,10402834575,10402834620,1,"IOTHUB_CLIENT_CONFIRMATION_OK"
8528,10402834775,10402834818,1,"IOTHUB_CLIENT_CONFIRMATION_OK"
8529,10402834975,10402835026,1,"IOTHUB_CLIENT_CONFIRMATION_OK"
8530,10402835175,10402835208,1,"IOTHUB_CLIENT_CONFIRMATION_OK"
8531,10402835375,10402835407,1,"IOTHUB_CLIENT_CONFIRMATION_OK"
8532,10402835576,10402835621,1,"IOTHUB_CLIENT_CONFIRMATION_OK"
8533,10402835776,10402835808,1,"IOTHUB_CLIENT_CONFIRMATION_OK"
8534,10402835976,10402836016,1,"IOTHUB_CLIENT_CONFIRMATION_OK"
8535,10402836176,10402836262,1,"IOTHUB_CLIENT_CONFIRMATION_OK"
8536,10402836376,10402836408,1,"IOTHUB_CLIENT_CONFIRMATION_OK"
8537,10402836576,10402836612,1,"IOTHUB_CLIENT_CONFIRMATION_OK"
8538,10402836777,10402836808,1,"IOTHUB_CLIENT_CONFIRMATION_OK"
8539,10402836977,10402837190,1,"IOTHUB_CLIENT_CONFIRMATION_OK"
8540,10402837177,10402837214,1,"IOTHUB_CLIENT_CONFIRMATION_OK"
8541,10402837377,10402837412,1,"IOTHUB_CLIENT_CONFIRMATION_OK"
8542,10402837577,10402837609,1,"IOTHUB_CLIENT_CONFIRMATION_OK"
8543,10402837777,10402837812,1,"IOTHUB_CLIENT_CONFIRMATION_OK"
8544,10402837977,10402838008,1,"IOTHUB_CLIENT_CONFIRMATION_OK"
8545,10402838178,10402838216,1,"IOTHUB_CLIENT_CONFIRMATION_OK"
8546,10402838378,10402838413,1,"IOTHUB_CLIENT_CONFIRMATION_OK"
8547,10402838578,10402838613,1,"IOTHUB_CLIENT_CONFIRMATION_OK"
8548,10402838778,10402838810,1,"IOTHUB_CLIENT_CONFIRMATION_OK"
8549,10402838978,10402839026,1,"IOTHUB_CLIENT_CONFIRMATION_OK"
8550,10402839178,10402839223,1,"IOTHUB_CLIENT_CONFIRMATION_OK"
8551,10402839379,10402839423,1,"IOTHUB_CLIENT_CONFIRMATION_OK"
8552,10402839579,10402839653,1,"IOTHUB_CLIENT_CONFIRMATION_OK"
8553,10402839779,10402839809,1,"IOTHUB_CLIENT_CONFIRMATION_OK"
8554,10402839979,10402840013,1,"IOTHUB_CLIENT_CONFIRMATION_OK"
8555,10402840179,10402840289,1,"IOTHUB_CLIENT_CONFIRMATION_OK"
8556,10402840379,10402840412,1,"IOTHUB_CLIENT_CONFIRMATION_OK"
8557,10402840580,10402840612,1,"IOTHUB_CLIENT_CONFIRMATION_OK"
8558,10402840780,10402840811,1,"IOTHUB_CLIENT_CONFIRMATION_OK"
8559,10402840980,10402841011,1,"IOTHUB_CLIENT_CONFIRMATION_OK"
8560,10402841180,10402841301,1,"IOTHUB_CLIENT_CONFIRMATION_OK"
8561,10402841380,10402841412,1,"IOTHUB_CLIENT_CONFIRMATION_OK"
8562,10402841580,10402841676,1,"IOTHUB_CLIENT_CONFIRMATION_OK"
8563,10402841781,10402841829,1,"IOTHUB_CLIENT_CONFIRMATION_OK"
8564,10402841981,10402842022,1,"IOTHUB_CLIENT_CONFIRMATION_OK"
8565,10402842181,10402842323,1,"IOTHUB_CLIENT_CONFIRMATION_OK"
8566,10402842381,10402842436,1,"IOTHUB_CLIENT_CONFIRMATION_OK"
8567,10402842581,10402842620,1,"IOTHUB_CLIENT_CONFIRMATION_OK"
8568,10402842781,10402842816,1,"IOTHUB_CLIENT_CONFIRMATION_OK"
8569,10402842981,10402843013,1,"IOTHUB_CLIENT_CONFIRMATION_OK"
8570,10402843182,10402843345,1,"IOTHUB_CLIENT_CONFIRMATION_OK"
8571,10402843382,10402843415,1,"IOTHUB_CLIENT_CONFIRMATION_OK"
8572,10402843582,10402843621,1,"IOTHUB_CLIENT_CONFIRMATION_OK"
8573,10402843782,10402843814,1,"IOTHUB_CLIENT_CONFIRMATION_OK"
8574,10402843982,10402844017,1,"IOTHUB_CLIENT_CONFIRMATION_OK"
8575,10402844182,10402844217,1,"IOTHUB_CLIENT_CONFIRMATION_OK"
8576,10402844383,10402844452,1,"IOTHUB_CLIENT_CONFIRMATION_OK"
8577,10402844583,10402844614,1,"IOTHUB_CLIENT_CONFIRMATION_OK"
8578,10402844783,10402844815,1,"IOTHUB_CLIENT_CONFIRMATION_OK"
8579,10402844983,10402845015,1,"IOTHUB_CLIENT_CONFIRMATION_OK"
8580,10402845183,10402845231,1,"IOTHUB_CLIENT_CONFIRMATION_OK"
8581,10402845383,10402845439,1,"IOTHUB_CLIENT_CONFIRMATION_OK"
8582,10402845584,10402845635,1,"IOTHUB_CLIENT_CONFIRMATION_OK"
8583,10402845784,10402845842,1,"IOTHUB_CLIENT_CONFIRMATION_OK"
8584,10402845984,10402846023,1,"IOTHUB_CLIENT_CONFIRMATION_OK"
8585,10402846184,10402846219,1,"IOTHUB_CLIENT_CONFIRMATION_OK"
8586,10402846384,10402846421,1,"IOTHUB_CLIENT_CONFIRMATION_OK"
8587,10402846584,10402846618,1,"IOTHUB_CLIENT_CONFIRMATION_OK"
8588,10402846784,10402846819,1,"IOTHUB_CLIENT_CONFIRMATION_OK"
8589,10402846985,10402847019,1,"IOTHUB_CLIENT_CONFIRMATION_OK"
8590,10402847185,10402847222,1,"IOTHUB_CLIENT_CONFIRMATION_OK"
8591,10402847385,10402847453,1,"IOTHUB_CLIENT_CONFIRMATION_OK"
8592,10402847585,10402847619,1,"IOTHUB_CLIENT_CONFIRMATION_OK"
8593,10402847785,10402847827,1,"IOTHUB_CLIENT_CONFIRMATION_OK"
8594,10402847985,10402848070,1,"IOTHUB_CLIENT_CONFIRMATION_OK"
8595,10402848186,10402848218,1,"IOTHUB_CLIENT_CONFIRMATION_OK"
8596,10402848386,10402848467,1,"IOTHUB_CLIENT_CONFIRMATION_OK"
8597,10402848586,10402848621,1,"IOTHUB_CLIENT_CONFIRMATION_OK"
8598,10402848786,10402848827,1,"IOTHUB_CLIENT_CONFIRMATION_OK"
8599,10402848986,10402849079,1,"IOTHUB_CLIENT_CONFIRMATION_OK"
8600,10402849186,10402849219,1,"IOTHUB_CLIENT_CONFIRMATION_OK"
8601,10402849387,10402849483,1,"IOTHUB_CLIENT_CONFIRMATION_OK"
8602,10402849587,10402849639,1,"IOTHUB_CLIENT_CONFIRMATION_OK"
8603,10402849787,10402849822,1,"IOTHUB_CLIENT_CONFIRMATION_OK"
8604,10402849987,10402850106,1,"IOTHUB_CLIENT_CONFIRMATION_OK"
8605,10402850187,10402850223,1,"IOTHUB_CLIENT_CONFIRMATION_OK"
8606,10402850387,10402850423,1,"IOTHUB_CLIENT_CONFIRMATION_OK"
8607,10402850587,10402850629,1,"IOTHUB_CLIENT_CONFIRMATION_OK"
8608,10402850788,10402850819,1,"IOTHUB_CLIENT_CONFIRMATION_OK"
8609,10402850988,10402851126,1,"IOTHUB_CLIENT_CONFIRMATION_OK"
8610,10402851188,10402851238,1,"IOTHUB_CLIENT_CONFIRMATION_OK"
8611,10402851388,10402851423,1,"IOTHUB_CLIENT_CONFIRMATION_OK"
8612,10402851588,10402851625,1,"IOTHUB_CLIENT_CONFIRMATION_OK"
8613,10402851788,10402851832,1,"IOTHUB_CLIENT_CONFIRMATION_OK"
8614,10402851989,10402852144,1,"IOTHUB_CLIENT_CONFIRMATION_OK"
8615,10402852189,10402852225,1,"IOTHUB_CLIENT_CONFIRMATION_OK"
8616,10402852389,10402852445,1,"IOTHUB_CLIENT_CONFIRMATION_OK"
8617,10402852589,10402852626,1,"IOTHUB_CLIENT_CONFIRMATION_OK"
8618,10402852789,10402852819,1,"IOTHUB_CLIENT_CONFIRMATION_OK"
8619,10402852989,10402853029,1,"IOTHUB_CLIENT_CONFIRMATION_OK"
8620,10402853190,10402853225,1,"IOTHUB_CLIENT_CONFIRMATION_OK"
8621,10402853390,10402853423,1,"IOTHUB_CLIENT_CONFIRMATION_OK"
8622,10402853590,10402853665,1,"IOTHUB_CLIENT_CONFIRMATION_OK"
8623,10402853790,10402853829,1,"IOTHUB_CLIENT_CONFIRMATION_OK"
8624,10402853990,10402854024,1,"IOTHUB_CLIENT_CONFIRMATION_OK"
8625,10402854190,10402854277,1,"IOTHUB_CLIENT_CONFIRMATION_OK"
8626,10402854391,10402854433,1,"IOTHUB_CLIENT_CONFIRMATION_OK"
8627,10402854591,10402854680,1,"IOTHUB_CLIENT_CONFIRMATION_OK"
8628,10402854791,10402854824,1,"IOTHUB_CLIENT_CONFIRMATION_OK"
8629,10402854991,10402855055,1,"IOTHUB_CLIENT_CONFIRMATION_OK"
8630,10402855191,10402855312,1,"IOTHUB_CLIENT_CONFIRMATION_OK"
8631,10402855391,10402855426,1,"IOTHUB_CLIENT_CONFIRMATION_OK"
8632,10402855591,10402855737,1,"IOTHUB_CLIENT_CONFIRMATION_OK"
8633,10402855792,10402855823,1,"IOTHUB_CLIENT_CONFIRMATION_OK"
8634,10402855992,10402856025,1,"IOTHUB_CLIENT_CONFIRMATION_OK"
8635,10402856192,10402856327,1,"IOTHUB_CLIENT_CONFIRMATION_OK"
8636,10402856392,10402856426,1,"IOTHUB_CLIENT_CONFIRMATION_OK"
8637,10402856592,10402856625,1,"IOTHUB_CLIENT_CONFIRMATION_OK"
8638,10402856792,10402856826,1,"IOTHUB_CLIENT_CONFIRMATION_OK"
8639,10402856993,10402857032,1,"IOTHUB_CLIENT_CONFIRMATION_OK"
8640,10402857193,10402857363,1,"IOTHUB_CLIENT_CONFIRMATION_OK"
8641,10402857393,10402857429,1,"IOTHUB_CLIENT_CONFIRMATION_OK"
8642,10402857593,10402857634,1,"IOTHUB_CLIENT_CONFIRMATION_OK"
8643,10402857793,10402857829,1,"IOTHUB_CLIENT_CONFIRMATION_OK"
8644,10402857993,10402858028,1,"IOTHUB_CLIENT_CONFIRMATION_OK"
8645,10402858194,10402858424,1,"IOTHUB_CLIENT_CONFIRMATION_OK"
8646,10402858394,10402858443,1,"IOTHUB_CLIENT_CONFIRMATION_OK"
8647,10402858594,10402858628,1,"IOTHUB_CLIENT_CONFIRMATION_OK"
8648,10402858794,10402858828,1,"IOTHUB_CLIENT_CONFIRMATION_OK"
8649,10402858994,10402859032,1,"IOTHUB_CLIENT_CONFIRMATION_OK"
8650,10402859194,10402859243,1,"IOTHUB_CLIENT_CONFIRMATION_OK"
8651,10402859394,10402859441,1,"IOTHUB_CLIENT_CONFIRMATION_OK"
8652,10402859595,10402859633,1,"IOTHUB_CLIENT_CONFIRMATION_OK"
8653,10402859795,10402859855,1,"IOTHUB_CLIENT_CONFIRMATION_OK"
8654,10402859995,10402860028,1,"IOTHUB_CLIENT_CONFIRMATION_OK"
8655,10402860195,10402860229,1,"IOTHUB_CLIENT_CONFIRMATION_OK"
8656,10402860395,10402860439,1,"IOTHUB_CLIENT_CONFIRMATION_OK"
8657,10402860596,10402860632,1,"IOTHUB_CLIENT_CONFIRMATION_OK"
8658,10402860796,10402860842,1,"IOTHUB_CLIENT_CONFIRMATION_OK"
8659,10402860996,10402861031,1,"IOTHUB_CLIENT_CONFIRMATION_OK"
8660,10402861196,10402861255,1,"IOTHUB_CLIENT_CONFIRMATION_OK"
8661,10402861396,10402861446,1,"IOTHUB_CLIENT_CONFIRMATION_OK"
8662,10402861596,10402861632,1,"IOTHUB_CLIENT_CONFIRMATION_OK"
8663,10402861796,10402861831,1,"IOTHUB_CLIENT_CONFIRMATION_OK"
8664,10402861997,10402862029,1,"IOTHUB_CLIENT_CONFIRMATION_OK"
8665,10402862197,10402862231,1,"IOTHUB_CLIENT_CONFIRMATION_OK"
8666,10402862397,10402862459,1,"IOTHUB_CLIENT_CONFIRMATION_OK"
8667,10402862597,10402862635,1,"IOTHUB_CLIENT_CONFIRMATION_OK"
8668,10402862797,10402862840,1,"IOTHUB_CLIENT_CONFIRMATION_OK"
8669,10402862997,10402863074,1,"IOTHUB_CLIENT_CONFIRMATION_OK"
8670,10402863198,10402863238,1,"IOTHUB_CLIENT_CONFIRMATION_OK"
8671,10402863398,10402863487,1,"IOTHUB_CLIENT_CONFIRMATION_OK"
8672,10402863598,10402863639,1,"IOTHUB_CLIENT_CONFIRMATION_OK"
8673,10402863798,10402863854,1,"IOTHUB_CLIENT_CONFIRMATION_OK"
8674,10402863998,10402864129,1,"IOTHUB_CLIENT_CONFIRMATION_OK"
8675,10402864198,10402864239,1,"IOTHUB_CLIENT_CONFIRMATION_OK"
8676,10402864399,10402864607,1,"IOTHUB_CLIENT_CONFIRMATION_OK"
8677,10402864599,10402864645,1,"IOTHUB_CLIENT_CONFIRMATION_OK"
8678,10402864799,10402864832,1,"IOTHUB_CLIENT_CONFIRMATION_OK"
8679,10402864999,10402865036,1,"IOTHUB_CLIENT_CONFIRMATION_OK"
8680,10402865199,10402865232,1,"IOTHUB_CLIENT_CONFIRMATION_OK"
8681,10402865399,10402865448,1,"IOTHUB_CLIENT_CONFIRMATION_OK"
8682,10402865599,10402865631,1,"IOTHUB_CLIENT_CONFIRMATION_OK"
8683,10402865800,10402865846,1,"IOTHUB_CLIENT_CONFIRMATION_OK"
8684,10402866000,10402866060,1,"IOTHUB_CLIENT_CONFIRMATION_OK"
8685,10402866200,10402866254,1,"IOTHUB_CLIENT_CONFIRMATION_OK"
8686,10402866400,10402866431,1,"IOTHUB_CLIENT_CONFIRMATION_OK"
8687,10402866600,10402866689,1,"IOTHUB_CLIENT_CONFIRMATION_OK"
8688,10402866801,10402866832,1,"IOTHUB_CLIENT_CONFIRMATION_OK"
8689,10402867001,10402867094,1,"IOTHUB_CLIENT_CONFIRMATION_OK"
8690,10402867201,10402867234,1,"IOTHUB_CLIENT_CONFIRMATION_OK"
8691,10402867401,10402867434,1,"IOTHUB_CLIENT_CONFIRMATION_OK"
8692,10402867601,10402867642,1,"IOTHUB_CLIENT_CONFIRMATION_OK"
8693,10402867801,10402867829,1,"IOTHUB_CLIENT_CONFIRMATION_OK"
8694,10402868001,10402868041,1,"IOTHUB_CLIENT_CONFIRMATION_OK"
8695,10402868202,10402868248,1,"IOTHUB_CLIENT_CONFIRMATION_OK"
8696,10402868402,10402868459,1,"IOTHUB_CLIENT_CONFIRMATION_OK"
8697,10402868602,10402868645,1,"IOTHUB_CLIENT_CONFIRMATION_OK"
8698,10402868802,10402868842,1,"IOTHUB_CLIENT_CONFIRMATION_OK"
8699,10402869002,10402869045,1,"IOTHUB_CLIENT_CONFIRMATION_OK"
8700,10402869202,10402869241,1,"IOTHUB_CLIENT_CONFIRMATION_OK"
8701,10402869403,10402869490,1,"IOTHUB_CLIENT_CONFIRMATION_OK"
8702,10402869603,10402869792,1,"IOTHUB_CLIENT_CONFIRMATION_OK"
8703,10402869803,10402869839,1,"IOTHUB_CLIENT_CONFIRMATION_OK"
8704,10402870003,10402870040,1,"IOTHUB_CLIENT_CONFIRMATION_OK"
8705,10402870203,10402870239,1,"IOTHUB_CLIENT_CONFIRMATION_OK"
8706,10402870403,10402870438,1,"IOTHUB_CLIENT_CONFIRMATION_OK"
8707,10402870604,10402870640,1,"IOTHUB_CLIENT_CONFIRMATION_OK"
8708,10402870804,10402870847,1,"IOTHUB_CLIENT_CONFIRMATION_OK"
8709,10402871004,10402871037,1,"IOTHUB_CLIENT_CONFIRMATION_OK"
8710,10402871204,10402871254,1,"IOTHUB_CLIENT_CONFIRMATION_OK"
8711,10402871404,10402871447,1,"IOTHUB_CLIENT_CONFIRMATION_OK"
8712,10402871604,10402871657,1,"IOTHUB_CLIENT_CONFIRMATION_OK"
8713,10402871805,10402871841,1,"IOTHUB_CLIENT_CONFIRMATION_OK"
8714,10402872005,10402872038,1,"IOTHUB_CLIENT_CONFIRMATION_OK"
8715,10402872205,10402872245,1,"IOTHUB_CLIENT_CONFIRMATION_OK"
8716,10402872405,10402872437,1,"IOTHUB_CLIENT_CONFIRMATION_OK"
8717,10402872605,10402872647,1,"IOTHUB_CLIENT_CONFIRMATION_OK"
8718,10402872805,10402872851,1,"IOTHUB_CLIENT_CONFIRMATION_OK"
8719,10402873006,10402873038,1,"IOTHUB_CLIENT_CONFIRMATION_OK"
8720,10402873206,10402873311,1,"IOTHUB_CLIENT_CONFIRMATION_OK"
8721,10402873406,10402873444,1,"IOTHUB_CLIENT_CONFIRMATION_OK"
8722,10402873606,10402873635,1,"IOTHUB_CLIENT_CONFIRMATION_OK"
8723,10402873806,10402873909,1,"IOTHUB_CLIENT_CONFIRMATION_OK"
8724,10402874006,10402874051,1,"IOTHUB_CLIENT_CONFIRMATION_OK"
8725,10402874207,10402874248,1,"IOTHUB_CLIENT_CONFIRMATION_OK"
8726,10402874407,10402874439,1,"IOTHUB_CLIENT_CONFIRMATION_OK"
8727,10402874607,10402874651,1,"IOTHUB_CLIENT_CONFIRMATION_OK"
8728,10402874807,10402874915,1,"IOTHUB_CLIENT_CONFIRMATION_OK"
8729,10402875007,10402875047,1,"IOTHUB_CLIENT_CONFIRMATION_OK"
8730,10402875207,10402875361,1,"IOTHUB_CLIENT_CONFIRMATION_OK"
8731,10402875407,10402875598,1,"IOTHUB_CLIENT_CONFIRMATION_OK"
8732,10402875608,10402875641,1,"IOTHUB_CLIENT_CONFIRMATION_OK"
8733,10402875808,10402875998,1,"IOTHUB_CLIENT_CONFIRMATION_OK"
8734,10402876008,10402876044,1,"IOTHUB_CLIENT_CONFIRMATION_OK"
8735,10402876208,10402876252,1,"IOTHUB_CLIENT_CONFIRMATION_OK"
8736,10402876408,10402876444,1,"IOTHUB_CLIENT_CONFIRMATION_OK"
8737,10402876608,10402876637,1,"IOTHUB_CLIENT_CONFIRMATION_OK"
8738,10402876809,10402876861,1,"IOTHUB_CLIENT_CONFIRMATION_OK"
8739,10402877009,10402877040,1,"IOTHUB_CLIENT_CONFIRMATION_OK"
8740,10402877209,10402877248,1,"IOTHUB_CLIENT_CONFIRMATION_OK"
8741,10402877409,10402877444,1,"IOTHUB_CLIENT_CONFIRMATION_OK"
8742,10402877609,10402877649,1,"IOTHUB_CLIENT_CONFIRMATION_OK"
8743,10402877809,10402877856,1,"IOTHUB_CLIENT_CONFIRMATION_OK"
8744,10402878010,10402878045,1,"IOTHUB_CLIENT_CONFIRMATION_OK"
8745,10402878210,10402878245,1,"IOTHUB_CLIENT_CONFIRMATION_OK"
8746,10402878410,10402878456,1,"IOTHUB_CLIENT_CONFIRMATION_OK"
8747,10402878610,10402878663,1,"IOTHUB_CLIENT_CONFIRMATION_OK"
8748,10402878810,10402878846,1,"IOTHUB_CLIENT_CONFIRMATION_OK"
8749,10402879010,10402879105,1,"IOTHUB_CLIENT_CONFIRMATION_OK"
8750,10402879210,10402879250,1,"IOTHUB_CLIENT_CONFIRMATION_OK"
8751,10402879411,10402879507,1,"IOTHUB_CLIENT_CONFIRMATION_OK"
8752,10402879611,10402879641,1,"IOTHUB_CLIENT_CONFIRMATION_OK"
8753,10402879811,10402879846,1,"IOTHUB_CLIENT_CONFIRMATION_OK"
8754,10402880011,10402880138,1,"IOTHUB_CLIENT_CONFIRMATION_OK"
8755,10402880211,10402880257,1,"IOTHUB_CLIENT_CONFIRMATION_OK"
8756,10402880411,10402880446,1,"IOTHUB_CLIENT_CONFIRMATION_OK"
8757,10402880612,10402880649,1,"IOTHUB_CLIENT_CONFIRMATION_OK"
8758,10402880812,10402880902,1,"IOTHUB_CLIENT_CONFIRMATION_OK"
8759,10402881012,10402881155,1,"IOTHUB_CLIENT_CONFIRMATION_OK"
8760,10402881212,10402881251,1,"IOTHUB_CLIENT_CONFIRMATION_OK"
8761,10402881412,10402881445,1,"IOTHUB_CLIENT_CONFIRMATION_OK"
8762,10402881612,10402881658,1,"IOTHUB_CLIENT_CONFIRMATION_OK"
8763,10402881813,10402881846,1,"IOTHUB_CLIENT_CONFIRMATION_OK"
8764,10402882013,10402882133,1,"IOTHUB_CLIENT_CONFIRMATION_OK"
8765,10402882213,10402882250,1,"IOTHUB_CLIENT_CONFIRMATION_OK"
8766,10402882413,10402882449,1,"IOTHUB_CLIENT_CONFIRMATION_OK"
8767,10402882613,10402882656,1,"IOTHUB_CLIENT_CONFIRMATION_OK"
8768,10402882813,10402882852,1,"IOTHUB_CLIENT_CONFIRMATION_OK"
8769,10402883014,10402883058,1,"IOTHUB_CLIENT_CONFIRMATION_OK"
8770,10402883214,10402883250,1,"IOTHUB_CLIENT_CONFIRMATION_OK"
8771,10402883414,10402883444,1,"IOTHUB_CLIENT_CONFIRMATION_OK"
8772,10402883614,10402883797,1,"IOTHUB_CLIENT_CONFIRMATION_OK"
8773,10402883814,10402883852,1,"IOTHUB_CLIENT_CONFIRMATION_OK"
8774,10402884014,10402884060,1,"IOTHUB_CLIENT_CONFIRMATION_OK"
8775,10402884215,10402884252,1,"IOTHUB_CLIENT_CONFIRMATION_OK"
8776,10402884415,10402884451,1,"IOTHUB_CLIENT_CONFIRMATION_OK"
8777,10402884615,10402884801,1,"IOTHUB_CLIENT_CONFIRMATION_OK"
8778,10402884815,10402884854,1,"IOTHUB_CLIENT_CONFIRMATION_OK"
8779,10402885015,10402885063,1,"IOTHUB_CLIENT_CONFIRMATION_OK"
8780,10402885215,10402885251,1,"IOTHUB_CLIENT_CONFIRMATION_OK"
8781,10402885415,10402885451,1,"IOTHUB_CLIENT_CONFIRMATION_OK"
8782,10402885616,10402885820,1,"IOTHUB_CLIENT_CONFIRMATION_OK"
8783,10402885816,10402885852,1,"IOTHUB_CLIENT_CONFIRMATION_OK"
8784,10402886016,10402886053,1,"IOTHUB_CLIENT_CONFIRMATION_OK"
8785,10402886216,10402886253,1,"IOTHUB_CLIENT_CONFIRMATION_OK"
8786,10402886416,10402886450,1,"IOTHUB_CLIENT_CONFIRMATION_OK"
8787,10402886616,10402886670,1,"IOTHUB_CLIENT_CONFIRMATION_OK"
8788,10402886817,10402886963,1,"IOTHUB_CLIENT_CONFIRMATION_OK"
8789,10402887017,10402887068,1,"IOTHUB_CLIENT_CONFIRMATION_OK"
8790,10402887217,10402887384,1,"IOTHUB_CLIENT_CONFIRMATION_OK"
8791,10402887417,10402887457,1,"IOTHUB_CLIENT_CONFIRMATION_OK"
8792,10402887617,10402887661,1,"IOTHUB_CLIENT_CONFIRMATION_OK"
8793,10402887817,10402887859,1,"IOTHUB_CLIENT_CONFIRMATION_OK"
8794,10402888017,10402888052,1,"IOTHUB_CLIENT_CONFIRMATION_OK"
8795,10402888218,10402888383,1,"IOTHUB_CLIENT_CONFIRMATION_OK"
8796,10402888418,10402888455,1,"IOTHUB_CLIENT_CONFIRMATION_OK"
8797,10402888618,10402888657,1,"IOTHUB_CLIENT_CONFIRMATION_OK"
8798,10402888818,10402888851,1,"IOTHUB_CLIENT_CONFIRMATION_OK"
8799,10402889018,10402889055,1,"IOTHUB_CLIENT_CONFIRMATION_OK"
8800,10402889218,10402889252,1,"IOTHUB_CLIENT_CONFIRMATION_OK"
8801,10402889419,10402889455,1,"IOTHUB_CLIENT_CONFIRMATION_OK"
8802,10402889619,10402889659,1,"IOTHUB_CLIENT_CONFIRMATION_OK"
8803,10402889819,10402889851,1,"IOTHUB_CLIENT_CONFIRMATION_OK"
8804,10402890019,10402890054,1,"IOTHUB_CLIENT_CONFIRMATION_OK"
8805,10402890219,10402890275,1,"IOTHUB_CLIENT_CONFIRMATION_OK"
8806,10402890419,10402890453,1,"IOTHUB_CLIENT_CONFIRMATION_OK"
8807,10402890620,10402890661,1,"IOTHUB_CLIENT_CONFIRMATION_OK"
8808,10402890820,10402891043,1,"IOTHUB_CLIENT_CONFIRMATION_OK"
8809,10402891020,10402891059,1,"IOTHUB_CLIENT_CONFIRMATION_OK"
8810,10402891220,10402891259,1,"IOTHUB_CLIENT_CONFIRMATION_OK"
8811,10402891420,10402891454,1,"IOTHUB_CLIENT_CONFIRMATION_OK"
8812,10402891620,10402891671,1,"IOTHUB_CLIENT_CONFIRMATION_OK"
8813,10402891821,10402891874,1,"IOTHUB_CLIENT_CONFIRMATION_OK"
8814,10402892021,10402892062,1,"IOTHUB_CLIENT_CONFIRMATION_OK"
8815,10402892221,10402892257,1,"IOTHUB_CLIENT_CONFIRMATION_OK"
8816,10402892421,10402892470,1,"IOTHUB_CLIENT_CONFIRMATION_OK"
8817,10402892621,10402892722,1,"IOTHUB_CLIENT_CONFIRMATION_OK"
8818,10402892821,10402892860,1,"IOTHUB_CLIENT_CONFIRMATION_OK"
8819,10402893021,10402893060,1,"IOTHUB_CLIENT_CONFIRMATION_OK"
8820,10402893222,10402893279,1,"IOTHUB_CLIENT_CONFIRMATION_OK"
8821,10402893422,10402893461,1,"IOTHUB_CLIENT_CONFIRMATION_OK"
8822,10402893622,10402893657,1,"IOTHUB_CLIENT_CONFIRMATION_OK"
8823,10402893822,10402893857,1,"IOTHUB_CLIENT_CONFIRMATION_OK"
8824,10402894022,10402894091,1,"IOTHUB_CLIENT_CONFIRMATION_OK"
8825,10402894222,10402894270,1,"IOTHUB_CLIENT_CONFIRMATION_OK"
8826,10402894423,10402894483,1,"IOTHUB_CLIENT_CONFIRMATION_OK"
8827,10402894623,10402894658,1,"IOTHUB_CLIENT_CONFIRMATION_OK"
8828,10402894823,10402894854,1,"IOTHUB_CLIENT_CONFIRMATION_OK"
8829,10402895023,10402895089,1,"IOTHUB_CLIENT_CONFIRMATION_OK"
8830,10402895223,10402895260,1,"IOTHUB_CLIENT_CONFIRMATION_OK"
8831,10402895423,10402895454,1,"IOTHUB_CLIENT_CONFIRMATION_OK"
8832,10402895623,10402895669,1,"IOTHUB_CLIENT_CONFIRMATION_OK"
8833,10402895824,10402895885,1,"IOTHUB_CLIENT_CONFIRMATION_OK"
8834,10402896024,10402896103,1,"IOTHUB_CLIENT_CONFIRMATION_OK"
8835,10402896224,10402896279,1,"IOTHUB_CLIENT_CONFIRMATION_OK"
8836,10402896424,10402896463,1,"IOTHUB_CLIENT_CONFIRMATION_OK"
8837,10402896624,10402896709,1,"IOTHUB_CLIENT_CONFIRMATION_OK"
8838,10402896824,10402896863,1,"IOTHUB_CLIENT_CONFIRMATION_OK"
8839,10402897025,10402897120,1,"IOTHUB_CLIENT_CONFIRMATION_OK"
8840,10402897225,10402897277,1,"IOTHUB_CLIENT_CONFIRMATION_OK"
8841,10402897425,10402897509,1,"IOTHUB_CLIENT_CONFIRMATION_OK"
8842,10402897625,10402897744,1,"IOTHUB_CLIENT_CONFIRMATION_OK"
8843,10402897825,10402897853,1,"IOTHUB_CLIENT_CONFIRMATION_OK"
8844,10402898025,10402898069,1,"IOTHUB_CLIENT_CONFIRMATION_OK"
8845,10402898226,10402898273,1,"IOTHUB_CLIENT_CONFIRMATION_OK"
8846,10402898426,10402898466,1,"IOTHUB_CLIENT_CONFIRMATION_OK"
8847,10402898626,10402898782,1,"IOTHUB_CLIENT_CONFIRMATION_OK"
8848,10402898826,10402898873,1,"IOTHUB_CLIENT_CONFIRMATION_OK"
8849,10402899026,10402899063,1,"IOTHUB_CLIENT_CONFIRMATION_OK"
8850,10402899226,10402899266,1,"IOTHUB_CLIENT_CONFIRMATION_OK"
8851,10402899427,10402899479,1,"IOTHUB_CLIENT_CONFIRMATION_OK"
8852,10402899627,10402899806,1,"IOTHUB_CLIENT_CONFIRMATION_OK"
8853,10402899827,10402899864,1,"IOTHUB_CLIENT_CONFIRMATION_OK"
8854,10402900027,10402900127,1,"IOTHUB_CLIENT_CONFIRMATION_OK"
8855,10402900227,10402900291,1,"IOTHUB_CLIENT_CONFIRMATION_OK"
8856,10402900427,10402900468,1,"IOTHUB_CLIENT_CONFIRMATION_OK"
8857,10402900628,10402900689,1,"IOTHUB_CLIENT_CONFIRMATION_OK"
8858,10402900828,10402900886,1,"IOTHUB_CLIENT_CONFIRMATION_OK"
8859,10402901028,10402901073,1,"IOTHUB_CLIENT_CONFIRMATION_OK"
8860,10402901228,10402901346,1,"IOTHUB_CLIENT_CONFIRMATION_OK"
8861,10402901428,10402901483,1,"IOTHUB_CLIENT_CONFIRMATION_OK"
8862,10402901628,10402901663,1,"IOTHUB_CLIENT_CONFIRMATION_OK"
8863,10402901828,10402901883,1,"IOTHUB_CLIENT_CONFIRMATION_OK"
8864,10402902029,10402902063,1,"IOTHUB_CLIENT_CONFIRMATION_OK"
8865,10402902229,10402902382,1,"IOTHUB_CLIENT_CONFIRMATION_OK"
8866,10402902429,10402902462,1,"IOTHUB_CLIENT_CONFIRMATION_OK"
8867,10402902629,10402902669,1,"IOTHUB_CLIENT_CONFIRMATION_OK"
8868,10402902829,10402902874,1,"IOTHUB_CLIENT_CONFIRMATION_OK"
8869,10402903029,10402903076,1,"IOTHUB_CLIENT_CONFIRMATION_OK"
8870,10402903230,10402903389,1,"IOTHUB_CLIENT_CONFIRMATION_OK"
8871,10402903430,10402903866,1,"IOTHUB_CLIENT_CONFIRMATION_OK"
8872,10402903630,10402904241,1,"IOTHUB_CLIENT_CONFIRMATION_OK"
8873,10402903830,10402904498,1,"IOTHUB_CLIENT_CONFIRMATION_OK"
8874,10402904030,10402904605,1,"IOTHUB_CLIENT_CONFIRMATION_OK"
8875,10402904230,10402904672,1,"IOTHUB_CLIENT_CONFIRMATION_OK"
8876,10402904430,10402904769,1,"IOTHUB_CLIENT_CONFIRMATION_OK"
8877,10402904631,10402904874,1,"IOTHUB_CLIENT_CONFIRMATION_OK"
8878,10402904831,10402904945,1,"IOTHUB_CLIENT_CONFIRMATION_OK"
8879,10402905031,10402905133,1,"IOTHUB_CLIENT_CONFIRMATION_OK"
8880,10402905231,10402905294,1,"IOTHUB_CLIENT_CONFIRMATION_OK"
8881,10402905431,10402905469,1,"IOTHUB_CLIENT_CONFIRMATION_OK"
8882,10402905631,10402905666,1,"IOTHUB_CLIENT_CONFIRMATION_OK"
8883,10402905832,10402906052,1,"IOTHUB_CLIENT_CONFIRMATION_OK"
8884,10402906032,10402906084,1,"IOTHUB_CLIENT_CONFIRMATION_OK"
8885,10402906232,10402906274,1,"IOTHUB_CLIENT_CONFIRMATION_OK"
8886,10402906432,10402906468,1,"IOTHUB_CLIENT_CONFIRMATION_OK"
8887,10402906632,10402906691,1,"IOTHUB_CLIENT_CONFIRMATION_OK"
8888,10402906832,10402906876,1,"IOTHUB_CLIENT_CONFIRMATION_OK"
8889,10402907033,10402907066,1,"IOTHUB_CLIENT_CONFIRMATION_OK"
8890,10402907233,10402907273,1,"IOTHUB_CLIENT_CONFIRMATION_OK"
8891,10402907433,10402907501,1,"IOTHUB_CLIENT_CONFIRMATION_OK"
8892,10402907633,10402907666,1,"IOTHUB_CLIENT_CONFIRMATION_OK"
8893,10402907833,10402907878,1,"IOTHUB_CLIENT_CONFIRMATION_OK"
8894,10402908033,10402908093,1,"IOTHUB_CLIENT_CONFIRMATION_OK"
8895,10402908233,10402908270,1,"IOTHUB_CLIENT_CONFIRMATION_OK"
8896,10402908434,10402908492,1,"IOTHUB_CLIENT_CONFIRMATION_OK"
8897,10402908634,10402908671,1,"IOTHUB_CLIENT_CONFIRMATION_OK"
8898,10402908834,10402908872,1,"IOTHUB_CLIENT_CONFIRMATION_OK"
8899,10402909034,10402909128,1,"IOTHUB_CLIENT_CONFIRMATION_OK"
8900,10402909234,10402909293,1,"IOTHUB_CLIENT_CONFIRMATION_OK"
8901,10402909434,10402909515,1,"IOTHUB_CLIENT_CONFIRMATION_OK"
8902,10402909635,10402909704,1,"IOTHUB_CLIENT_CONFIRMATION_OK"
8903,10402909835,10402909868,1,"IOTHUB_CLIENT_CONFIRMATION_OK"
8904,10402910035,10402910118,1,"IOTHUB_CLIENT_CONFIRMATION_OK"
8905,10402910235,10402910269,1,"IOTHUB_CLIENT_CONFIRMATION_OK"
8906,10402910435,10402910495,1,"IOTHUB_CLIENT_CONFIRMATION_OK"
8907,10402910635,10402910688,1,"IOTHUB_CLIENT_CONFIRMATION_OK"
8908,10402910835,10402910886,1,"IOTHUB_CLIENT_CONFIRMATION_OK"
8909,10402911036,10402911138,1,"IOTHUB_CLIENT_CONFIRMATION_OK"
8910,10402911236,10402911286,1,"IOTHUB_CLIENT_CONFIRMATION_OK"
8911,10402911436,10402911479,1,"IOTHUB_CLIENT_CONFIRMATION_OK"
8912,10402911636,10402911762,1,"IOTHUB_CLIENT_CONFIRMATION_OK"
8913,10402911836,10402911870,1,"IOTHUB_CLIENT_CONFIRMATION_OK"
8914,10402912036,10402912173,1,"IOTHUB_CLIENT_CONFIRMATION_OK"
8915,10402912237,10402912287,1,"IOTHUB_CLIENT_CONFIRMATION_OK"
8916,10402912437,10402912464,1,"IOTHUB_CLIENT_CONFIRMATION_OK"
8917,10402912637,10402912676,1,"IOTHUB_CLIENT_CONFIRMATION_OK"
8918,10402912837,10402912875,1,"IOTHUB_CLIENT_CONFIRMATION_OK"
8919,10402913037,10402913069,1,"IOTHUB_CLIENT_CONFIRMATION_OK"
8920,10402913237,10402913276,1,"IOTHUB_CLIENT_CONFIRMATION_OK"
8921,10402913438,10402913478,1,"IOTHUB_CLIENT_CONFIRMATION_OK"
8922,10402913638,10402913807,1,"IOTHUB_CLIENT_CONFIRMATION_OK"
8923,10402913838,10402913881,1,"IOTHUB_CLIENT_CONFIRMATION_OK"
8924,10402914038,10402914165,1,"IOTHUB_CLIENT_CONFIRMATION_OK"
8925,10402914238,10402914280,1,"IOTHUB_CLIENT_CONFIRMATION_OK"
8926,10402914438,10402914488,1,"IOTHUB_CLIENT_CONFIRMATION_OK"
8927,10402914638,10402914803,1,"IOTHUB_CLIENT_CONFIRMATION_OK"
8928,10402914839,10402914883,1,"IOTHUB_CLIENT_CONFIRMATION_OK"
8929,10402915039,10402915092,1,"IOTHUB_CLIENT_CONFIRMATION_OK"
8930,10402915239,10402915281,1,"IOTHUB_CLIENT_CONFIRMATION_OK"
8931,10402915439,10402915478,1,"IOTHUB_CLIENT_CONFIRMATION_OK"
8932,10402915639,10402915841,1,"IOTHUB_CLIENT_CONFIRMATION_OK"
8933,10402915839,10402915882,1,"IOTHUB_CLIENT_CONFIRMATION_OK"
8934,10402916040,10402916076,1,"IOTHUB_CLIENT_CONFIRMATION_OK"
8935,10402916240,10402916282,1,"IOTHUB_CLIENT_CONFIRMATION_OK"
8936,10402916440,10402916485,1,"IOTHUB_CLIENT_CONFIRMATION_OK"
8937,10402916640,10402916678,1,"IOTHUB_CLIENT_CONFIRMATION_OK"
8938,10402916840,10402916887,1,"IOTHUB_CLIENT_CONFIRMATION_OK"
8939,10402917040,10402917081,1,"IOTHUB_CLIENT_CONFIRMATION_OK"
8940,10402917241,10402917284,1,"IOTHUB_CLIENT_CONFIRMATION_OK"
8941,10402917441,10402917497,1,"IOTHUB_CLIENT_CONFIRMATION_OK"
8942,10402917641,10402917701,1,"IOTHUB_CLIENT_CONFIRMATION_OK"
8943,10402917841,10402917894,1,"IOTHUB_CLIENT_CONFIRMATION_OK"
8944,10402918041,10402918072,1,"IOTHUB_CLIENT_CONFIRMATION_OK"
8945,10402918241,10402918281,1,"IOTHUB_CLIENT_CONFIRMATION_OK"
8946,10402918442,10402918482,1,"IOTHUB_CLIENT_CONFIRMATION_OK"
8947,10402918642,10402918702,1,"IOTHUB_CLIENT_CONFIRMATION_OK"
8948,10402918842,10402918904,1,"IOTHUB_CLIENT_CONFIRMATION_OK"
8949,10402919042,10402919086,1,"IOTHUB_CLIENT_CONFIRMATION_OK"
8950,10402919242,10402919291,1,"IOTHUB_CLIENT_CONFIRMATION_OK"
8951,10402919442,10402919486,1,"IOTHUB_CLIENT_CONFIRMATION_OK"
8952,10402919642,10402919682,1,"IOTHUB_CLIENT_CONFIRMATION_OK"
8953,10402919843,10402919977,1,"IOTHUB_CLIENT_CONFIRMATION_OK"
8954,10402920043,10402920075,1,"IOTHUB_CLIENT_CONFIRMATION_OK"
8955,10402920243,10402920277,1,"IOTHUB_CLIENT_CONFIRMATION_OK"
8956,10402920443,10402920480,1,"IOTHUB_CLIENT_CONFIRMATION_OK"
8957,10402920643,10402920688,1,"IOTHUB_CLIENT_CONFIRMATION_OK"
8958,10402920843,10402920882,1,"IOTHUB_CLIENT_CONFIRMATION_OK"
8959,10402921044,10402921105,1,"IOTHUB_CLIENT_CONFIRMATION_OK"
8960,10402921244,10402921293,1,"IOTHUB_CLIENT_CONFIRMATION_OK"
8961,10402921444,10402921492,1,"IOTHUB_CLIENT_CONFIRMATION_OK"
8962,10402921644,10402921690,1,"IOTHUB_CLIENT_CONFIRMATION_OK"
8963,10402921844,10402921891,1,"IOTHUB_CLIENT_CONFIRMATION_OK"
8964,10402922044,10402922081,1,"IOTHUB_CLIENT_CONFIRMATION_OK"
8965,10402922244,10402922286,1,"IOTHUB_CLIENT_CONFIRMATION_OK"
8966,10402922445,10402922494,1,"IOTHUB_CLIENT_CONFIRMATION_OK"
8967,10402922645,10402922703,1,"IOTHUB_CLIENT_CONFIRMATION_OK"
8968,10402922845,10402922926,1,"IOTHUB_CLIENT_CONFIRMATION_OK"
8969,10402923045,10402923165,1,"IOTHUB_CLIENT_CONFIRMATION_OK"
8970,10402923245,10402923284,1,"IOTHUB_CLIENT_CONFIRMATION_OK"
8971,10402923445,10402923521,1,"IOTHUB_CLIENT_CONFIRMATION_OK"
8972,10402923646,10402923691,1,"IOTHUB_CLIENT_CONFIRMATION_OK"
8973,10402923846,10402923885,1,"IOTHUB_CLIENT_CONFIRMATION_OK"
8974,10402924046,10402924144,1,"IOTHUB_CLIENT_CONFIRMATION_OK"
8975,10402924246,10402924285,1,"IOTHUB_CLIENT_CONFIRMATION_OK"
8976,10402924446,10402924527,1,"IOTHUB_CLIENT_CONFIRMATION_OK"
8977,10402924646,10402924683,1,"IOTHUB_CLIENT_CONFIRMATION_OK"
8978,10402924847,10402924933,1,"IOTHUB_CLIENT_CONFIRMATION_OK"
8979,10402925047,10402925134,1,"IOTHUB_CLIENT_CONFIRMATION_OK"
8980,10402925247,10402925331,1,"IOTHUB_CLIENT_CONFIRMATION_OK"
8981,10402925447,10402925491,1,"IOTHUB_CLIENT_CONFIRMATION_OK"
8982,10402925647,10402925684,1,"IOTHUB_CLIENT_CONFIRMATION_OK"
8983,10402925847,10402925889,1,"IOTHUB_CLIENT_CONFIRMATION_OK"
8984,10402926047,10402926260,1,"IOTHUB_CLIENT_CONFIRMATION_OK"
8985,10402926248,10402926291,1,"IOTHUB_CLIENT_CONFIRMATION_OK"
8986,10402926448,10402926493,1,"IOTHUB_CLIENT_CONFIRMATION_OK"
8987,10402926648,10402926690,1,"IOTHUB_CLIENT_CONFIRMATION_OK"
8988,10402926848,10402926897,1,"IOTHUB_CLIENT_CONFIRMATION_OK"
8989,10402927048,10402927264,1,"IOTHUB_CLIENT_CONFIRMATION_OK"
8990,10402927248,10402927299,1,"IOTHUB_CLIENT_CONFIRMATION_OK"
8991,10402927449,10402927490,1,"IOTHUB_CLIENT_CONFIRMATION_OK"
8992,10402927649,10402927716,1,"IOTHUB_CLIENT_CONFIRMATION_OK"
8993,10402927849,10402927886,1,"IOTHUB_CLIENT_CONFIRMATION_OK"
8994,10402928049,10402928086,1,"IOTHUB_CLIENT_CONFIRMATION_OK"
8995,10402928249,10402928291,1,"IOTHUB_CLIENT_CONFIRMATION_OK"
8996,10402928449,10402928499,1,"IOTHUB_CLIENT_CONFIRMATION_OK"
8997,10402928649,10402928685,1,"IOTHUB_CLIENT_CONFIRMATION_OK"
8998,10402928850,10402928893,1,"IOTHUB_CLIENT_CONFIRMATION_OK"
8999,10402929050,10402929182,1,"IOTHUB_CLIENT_CONFIRMATION_OK"
9000,10402929250,10402929393,1,"IOTHUB_CLIENT_CONFIRMATION_OK"
9001,10402929450,10402929504,1,"IOTHUB_CLIENT_CONFIRMATION_OK"
9002,10402929650,10402929793,1,"IOTHUB_CLIENT_CONFIRMATION_OK"
9003,10402929850,10402929894,1,"IOTHUB_CLIENT_CONFIRMATION_OK"
9004,10402930051,10402930101,1,"IOTHUB_CLIENT_CONFIRMATION_OK"
9005,10402930251,10402930318,1,"IOTHUB_CLIENT_CONFIRMATION_OK"
9006,10402930451,10402930489,1,"IOTHUB_CLIENT_CONFIRMATION_OK"
9007,10402930651,10402930689,1,"IOTHUB_CLIENT_CONFIRMATION_OK"
9008,10402930851,10402930899,1,"IOTHUB_CLIENT_CONFIRMATION_OK"
9009,10402931051,10402931090,1,"IOTHUB_CLIENT_CONFIRMATION_OK"
9010,10402931251,10402931284,1,"IOTHUB_CLIENT_CONFIRMATION_OK"
9011,10402931452,10402931483,1,"IOTHUB_CLIENT_CONFIRMATION_OK"
9012,10402931652,10402931705,1,"IOTHUB_CLIENT_CONFIRMATION_OK"
9013,10402931852,10402931885,1,"IOTHUB_CLIENT_CONFIRMATION_OK"
9014,10402932052,10402932091,1,"IOTHUB_CLIENT_CONFIRMATION_OK"
9015,10402932252,10402932285,1,"IOTHUB_CLIENT_CONFIRMATION_OK"
9016,10402932453,10402932492,1,"IOTHUB_CLIENT_CONFIRMATION_OK"
9017,10402932653,10402932694,1,"IOTHUB_CLIENT_CONFIRMATION_OK"
9018,10402932853,10402932903,1,"IOTHUB_CLIENT_CONFIRMATION_OK"
9019,10402933053,10402933095,1,"IOTHUB_CLIENT_CONFIRMATION_OK"
9020,10402933253,10402933477,1,"IOTHUB_CLIENT_CONFIRMATION_OK"
9021,10402933453,10402933492,1,"IOTHUB_CLIENT_CONFIRMATION_OK"
9022,10402933653,10402933709,1,"IOTHUB_CLIENT_CONFIRMATION_OK"
9023,10402933854,10402933906,1,"IOTHUB_CLIENT_CONFIRMATION_OK"
9024,10402934054,10402934096,1,"IOTHUB_CLIENT_CONFIRMATION_OK"
9025,10402934254,10402934289,1,"IOTHUB_CLIENT_CONFIRMATION_OK"
9026,10402934454,10402934503,1,"IOTHUB_CLIENT_CONFIRMATION_OK"
9027,10402934654,10402934714,1,"IOTHUB_CLIENT_CONFIRMATION_OK"
9028,10402934854,10402934904,1,"IOTHUB_CLIENT_CONFIRMATION_OK"
9029,10402935055,10402935090,1,"IOTHUB_CLIENT_CONFIRMATION_OK"
9030,10402935255,10402935310,1,"IOTHUB_CLIENT_CONFIRMATION_OK"
9031,10402935455,10402935515,1,"IOTHUB_CLIENT_CONFIRMATION_OK"
9032,10402935655,10402935695,1,"IOTHUB_CLIENT_CONFIRMATION_OK"
9033,10402935855,10402935889,1,"IOTHUB_CLIENT_CONFIRMATION_OK"
9034,10402936055,10402936094,1,"IOTHUB_CLIENT_CONFIRMATION_OK"
9035,10402936255,10402936308,1,"IOTHUB_CLIENT_CONFIRMATION_OK"
9036,10402936456,10402936521,1,"IOTHUB_CLIENT_CONFIRMATION_OK"
9037,10402936656,10402936718,1,"IOTHUB_CLIENT_CONFIRMATION_OK"
9038,10402936856,10402936895,1,"IOTHUB_CLIENT_CONFIRMATION_OK"
9039,10402937056,10402937144,1,"IOTHUB_CLIENT_CONFIRMATION_OK"
9040,10402937256,10402937303,1,"IOTHUB_CLIENT_CONFIRMATION_OK"
9041,10402937456,10402937559,1,"IOTHUB_CLIENT_CONFIRMATION_OK"
9042,10402937657,10402937690,1,"IOTHUB_CLIENT_CONFIRMATION_OK"
9043,10402937857,10402937894,1,"IOTHUB_CLIENT_CONFIRMATION_OK"
9044,10402938057,10402938139,1,"IOTHUB_CLIENT_CONFIRMATION_OK"
9045,10402938257,10402938303,1,"IOTHUB_CLIENT_CONFIRMATION_OK"
9046,10402938457,10402938494,1,"IOTHUB_CLIENT_CONFIRMATION_OK"
9047,10402938657,10402938783,1,"IOTHUB_CLIENT_CONFIRMATION_OK"
9048,10402938857,10402938922,1,"IOTHUB_CLIENT_CONFIRMATION_OK"
9049,10402939058,10402939179,1,"IOTHUB_CLIENT_CONFIRMATION_OK"
9050,10402939258,10402939305,1,"IOTHUB_CLIENT_CONFIRMATION_OK"
9051,10402939458,10402939577,1,"IOTHUB_CLIENT_CONFIRMATION_OK"
9052,10402939658,10402939697,1,"IOTHUB_CLIENT_CONFIRMATION_OK"
9053,10402939858,10402939908,1,"IOTHUB_CLIENT_CONFIRMATION_OK"
9054,10402940058,10402940191,1,"IOTHUB_CLIENT_CONFIRMATION_OK"
9055,10402940259,10402940310,1,"IOTHUB_CLIENT_CONFIRMATION_OK"
9056,10402940459,10402940495,1,"IOTHUB_CLIENT_CONFIRMATION_OK"
9057,10402940659,10402940692,1,"IOTHUB_CLIENT_CONFIRMATION_OK"
9058,10402940859,10402940957,1,"IOTHUB_CLIENT_CONFIRMATION_OK"
9059,10402941059,10402941206,1,"IOTHUB_CLIENT_CONFIRMATION_OK"
9060,10402941259,10402941346,1,"IOTHUB_CLIENT_CONFIRMATION_OK"
9061,10402941460,10402941501,1,"IOTHUB_CLIENT_CONFIRMATION_OK"
9062,10402941660,10402941693,1,"IOTHUB_CLIENT_CONFIRMATION_OK"
9063,10402941860,10402941908,1,"IOTHUB_CLIENT_CONFIRMATION_OK"
9064,10402942060,10402942220,1,"IOTHUB_CLIENT_CONFIRMATION_OK"
9065,10402942260,10402942297,1,"IOTHUB_CLIENT_CONFIRMATION_OK"
9066,10402942460,10402942515,1,"IOTHUB_CLIENT_CONFIRMATION_OK"
9067,10402942661,10402942694,1,"IOTHUB_CLIENT_CONFIRMATION_OK"
9068,10402942861,10402942916,1,"IOTHUB_CLIENT_CONFIRMATION_OK"
9069,10402943061,10402943098,1,"IOTHUB_CLIENT_CONFIRMATION_OK"
9070,10402943261,10402943310,1,"IOTHUB_CLIENT_CONFIRMATION_OK"
9071,10402943461,10402943523,1,"IOTHUB_CLIENT_CONFIRMATION_OK"
9072,10402943661,10402943701,1,"IOTHUB_CLIENT_CONFIRMATION_OK"
9073,10402943862,10402943917,1,"IOTHUB_CLIENT_CONFIRMATION_OK"
9074,10402944062,10402944111,1,"IOTHUB_CLIENT_CONFIRMATION_OK"
9075,10402944262,10402944295,1,"IOTHUB_CLIENT_CONFIRMATION_OK"
9076,10402944462,10402944502,1,"IOTHUB_CLIENT_CONFIRMATION_OK"
9077,10402944662,10402944714,1,"IOTHUB_CLIENT_CONFIRMATION_OK"
9078,10402944862,10402944905,1,"IOTHUB_CLIENT_CONFIRMATION_OK"
9079,10402945062,10402945111,1,"IOTHUB_CLIENT_CONFIRMATION_OK"
9080,10402945263,10402945313,1,"IOTHUB_CLIENT_CONFIRMATION_OK"
9081,10402945463,10402945510,1,"IOTHUB_CLIENT_CONFIRMATION_OK"
9082,10402945663,10402945706,1,"IOTHUB_CLIENT_CONFIRMATION_OK"
9083,10402945863,10402945901,1,"IOTHUB_CLIENT_CONFIRMATION_OK"
9084,10402946063,10402946134,1,"IOTHUB_CLIENT_CONFIRMATION_OK"
9085,10402946263,10402946300,1,"IOTHUB_CLIENT_CONFIRMATION_OK"
9086,10402946464,10402946512,1,"IOTHUB_CLIENT_CONFIRMATION_OK"
9087,10402946664,10402946706,1,"IOTHUB_CLIENT_CONFIRMATION_OK"
9088,10402946864,10402946932,1,"IOTHUB_CLIENT_CONFIRMATION_OK"
9089,10402947064,10402947103,1,"IOTHUB_CLIENT_CONFIRMATION_OK"
9090,10402947264,10402947325,1,"IOTHUB_CLIENT_CONFIRMATION_OK"
9091,10402947464,10402947628,1,"IOTHUB_CLIENT_CONFIRMATION_OK"
9092,10402947665,10402947703,1,"IOTHUB_CLIENT_CONFIRMATION_OK"
9093,10402947865,10402947965,1,"IOTHUB_CLIENT_CONFIRMATION_OK"
9094,10402948065,10402948099,1,"IOTHUB_CLIENT_CONFIRMATION_OK"
9095,10402948265,10402948377,1,"IOTHUB_CLIENT_CONFIRMATION_OK"
9096,10402948465,10402948496,1,"IOTHUB_CLIENT_CONFIRMATION_OK"
9097,10402948665,10402948708,1,"IOTHUB_CLIENT_CONFIRMATION_OK"
9098,10402948866,10402948961,1,"IOTHUB_CLIENT_CONFIRMATION_OK"
9099,10402949066,10402949108,1,"IOTHUB_CLIENT_CONFIRMATION_OK"
9100,10402949266,10402949304,1,"IOTHUB_CLIENT_CONFIRMATION_OK"
9101,10402949466,10402949503,1,"IOTHUB_CLIENT_CONFIRMATION_OK"
9102,10402949666,10402949695,1,"IOTHUB_CLIENT_CONFIRMATION_OK"
9103,10402949866,10402949993,1,"IOTHUB_CLIENT_CONFIRMATION_OK"
9104,10402950067,10402950170,1,"IOTHUB_CLIENT_CONFIRMATION_OK"
9105,10402950267,10402950303,1,"IOTHUB_CLIENT_CONFIRMATION_OK"
9106,10402950467,10402950505,1,"IOTHUB_CLIENT_CONFIRMATION_OK"
9107,10402950667,10402950725,1,"IOTHUB_CLIENT_CONFIRMATION_OK"
9108,10402950867,10402951008,1,"IOTHUB_CLIENT_CONFIRMATION_OK"
9109,10402951067,10402951113,1,"IOTHUB_CLIENT_CONFIRMATION_OK"
9110,10402951267,10402951306,1,"IOTHUB_CLIENT_CONFIRMATION_OK"
9111,10402951468,10402951503,1,"IOTHUB_CLIENT_CONFIRMATION_OK"
9112,10402951668,10402951709,1,"IOTHUB_CLIENT_CONFIRMATION_OK"
9113,10402951868,10402951916,1,"IOTHUB_CLIENT_CONFIRMATION_OK"
9114,10402952068,10402952102,1,"IOTHUB_CLIENT_CONFIRMATION_OK"
9115,10402952268,10402952313,1,"IOTHUB_CLIENT_CONFIRMATION_OK"
9116,10402952468,10402952657,1,"IOTHUB_CLIENT_CONFIRMATION_OK"
9117,10402952669,10402952708,1,"IOTHUB_CLIENT_CONFIRMATION_OK"
9118,10402952869,10402952924,1,"IOTHUB_CLIENT_CONFIRMATION_OK"
9119,10402953069,10402953122,1,"IOTHUB_CLIENT_CONFIRMATION_OK"
9120,10402953269,10402953330,1,"IOTHUB_CLIENT_CONFIRMATION_OK"
9121,10402953469,10402953506,1,"IOTHUB_CLIENT_CONFIRMATION_OK"
9122,10402953669,10402953702,1,"IOTHUB_CLIENT_CONFIRMATION_OK"
9123,10402953870,10402953911,1,"IOTHUB_CLIENT_CONFIRMATION_OK"
9124,10402954070,10402954107,1,"IOTHUB_CLIENT_CONFIRMATION_OK"
9125,10402954270,10402954318,1,"IOTHUB_CLIENT_CONFIRMATION_OK"
9126,10402954470,10402954518,1,"IOTHUB_CLIENT_CONFIRMATION_OK"
9127,10402954670,10402954727,1,"IOTHUB_CLIENT_CONFIRMATION_OK"
9128,10402954870,10402954912,1,"IOTHUB_CLIENT_CONFIRMATION_OK"
9129,10402955070,10402955114,1,"IOTHUB_CLIENT_CONFIRMATION_OK"
9130,10402955271,10402955319,1,"IOTHUB_CLIENT_CONFIRMATION_OK"
9131,10402955471,10402955530,1,"IOTHUB_CLIENT_CONFIRMATION_OK"
9132,10402955671,10402955749,1,"IOTHUB_CLIENT_CONFIRMATION_OK"
9133,10402955871,10402955918,1,"IOTHUB_CLIENT_CONFIRMATION_OK"
9134,10402956071,10402956126,1,"IOTHUB_CLIENT_CONFIRMATION_OK"
9135,10402956271,10402956313,1,"IOTHUB_CLIENT_CONFIRMATION_OK"
9136,10402956472,10402956521,1,"IOTHUB_CLIENT_CONFIRMATION_OK"
9137,10402956672,10402956728,1,"IOTHUB_CLIENT_CONFIRMATION_OK"
9138,10402956872,10402956923,1,"IOTHUB_CLIENT_CONFIRMATION_OK"
9139,10402957072,10402957133,1,"IOTHUB_CLIENT_CONFIRMATION_OK"
9140,10402957272,10402957312,1,"IOTHUB_CLIENT_CONFIRMATION_OK"
9141,10402957472,10402957511,1,"IOTHUB_CLIENT_CONFIRMATION_OK"
9142,10402957673,10402958020,1,"IOTHUB_CLIENT_CONFIRMATION_OK"
9143,10402957873,10402958094,1,"IOTHUB_CLIENT_CONFIRMATION_OK"
9144,10402958073,10402958130,1,"IOTHUB_CLIENT_CONFIRMATION_OK"
9145,10402958273,10402958641,1,"IOTHUB_CLIENT_CONFIRMATION_OK"
9146,10402958473,10402958688,1,"IOTHUB_CLIENT_CONFIRMATION_OK"
9147,10402958673,10402958790,1,"IOTHUB_CLIENT_CONFIRMATION_OK"
9148,10402958874,10402958931,1,"IOTHUB_CLIENT_CONFIRMATION_OK"
9149,10402959074,10402959139,1,"IOTHUB_CLIENT_CONFIRMATION_OK"
9150,10402959274,10402959308,1,"IOTHUB_CLIENT_CONFIRMATION_OK"
9151,10402959474,10402959523,1,"IOTHUB_CLIENT_CONFIRMATION_OK"
9152,10402959674,10402959841,1,"IOTHUB_CLIENT_CONFIRMATION_OK"
9153,10402959874,10402959912,1,"IOTHUB_CLIENT_CONFIRMATION_OK"
9154,10402960075,10402960120,1,"IOTHUB_CLIENT_CONFIRMATION_OK"
9155,10402960275,10402960315,1,"IOTHUB_CLIENT_CONFIRMATION_OK"
9156,10402960475,10402960540,1,"IOTHUB_CLIENT_CONFIRMATION_OK"
9157,10402960675,10402960858,1,"IOTHUB_CLIENT_CONFIRMATION_OK"
9158,10402960875,10402960913,1,"IOTHUB_CLIENT_CONFIRMATION_OK"
9159,10402961075,10402961111,1,"IOTHUB_CLIENT_CONFIRMATION_OK"
9160,10402961275,10402961336,1,"IOTHUB_CLIENT_CONFIRMATION_OK"
9161,10402961476,10402961521,1,"IOTHUB_CLIENT_CONFIRMATION_OK"
9162,10402961676,10402961722,1,"IOTHUB_CLIENT_CONFIRMATION_OK"
9163,10402961876,10402961915,1,"IOTHUB_CLIENT_CONFIRMATION_OK"
9164,10402962076,10402962114,1,"IOTHUB_CLIENT_CONFIRMATION_OK"
9165,10402962276,10402962316,1,"IOTHUB_CLIENT_CONFIRMATION_OK"
9166,10402962476,10402962517,1,"IOTHUB_CLIENT_CONFIRMATION_OK"
9167,10402962677,10402962748,1,"IOTHUB_CLIENT_CONFIRMATION_OK"
9168,10402962877,10402962925,1,"IOTHUB_CLIENT_CONFIRMATION_OK"
9169,10402963077,10402963112,1,"IOTHUB_CLIENT_CONFIRMATION_OK"
9170,10402963277,10402963510,1,"IOTHUB_CLIENT_CONFIRMATION_OK"
9171,10402963477,10402963541,1,"IOTHUB_CLIENT_CONFIRMATION_OK"
9172,10402963677,10402963726,1,"IOTHUB_CLIENT_CONFIRMATION_OK"
9173,10402963877,10402963921,1,"IOTHUB_CLIENT_CONFIRMATION_OK"
9174,10402964078,10402964129,1,"IOTHUB_CLIENT_CONFIRMATION_OK"
9175,10402964278,10402964342,1,"IOTHUB_CLIENT_CONFIRMATION_OK"
9176,10402964478,10402964521,1,"IOTHUB_CLIENT_CONFIRMATION_OK"
9177,10402964678,10402964717,1,"IOTHUB_CLIENT_CONFIRMATION_OK"
9178,10402964878,10402964921,1,"IOTHUB_CLIENT_CONFIRMATION_OK"
9179,10402965078,10402965122,1,"IOTHUB_CLIENT_CONFIRMATION_OK"
9180,10402965279,10402965319,1,"IOTHUB_CLIENT_CONFIRMATION_OK"
9181,10402965479,10402965554,1,"IOTHUB_CLIENT_CONFIRMATION_OK"
9182,10402965679,10402965753,1,"IOTHUB_CLIENT_CONFIRMATION_OK"
9183,10402965879,10402965937,1,"IOTHUB_CLIENT_CONFIRMATION_OK"
9184,10402966079,10402966121,1,"IOTHUB_CLIENT_CONFIRMATION_OK"
9185,10402966279,10402966347,1,"IOTHUB_CLIENT_CONFIRMATION_OK"
9186,10402966479,10402966600,1,"IOTHUB_CLIENT_CONFIRMATION_OK"
9187,10402966680,10402966727,1,"IOTHUB_CLIENT_CONFIRMATION_OK"
9188,10402966880,10402966931,1,"IOTHUB_CLIENT_CONFIRMATION_OK"
9189,10402967080,10402967113,1,"IOTHUB_CLIENT_CONFIRMATION_OK"
9190,10402967280,10402967327,1,"IOTHUB_CLIENT_CONFIRMATION_OK"
9191,10402967480,10402967565,1,"IOTHUB_CLIENT_CONFIRMATION_OK"
9192,10402967680,10402967739,1,"IOTHUB_CLIENT_CONFIRMATION_OK"
9193,10402967881,10402967934,1,"IOTHUB_CLIENT_CONFIRMATION_OK"
9194,10402968081,10402968127,1,"IOTHUB_CLIENT_CONFIRMATION_OK"
9195,10402968281,10402968334,1,"IOTHUB_CLIENT_CONFIRMATION_OK"
9196,10402968481,10402968620,1,"IOTHUB_CLIENT_CONFIRMATION_OK"
9197,10402968681,10402968719,1,"IOTHUB_CLIENT_CONFIRMATION_OK"
9198,10402968881,10402968932,1,"IOTHUB_CLIENT_CONFIRMATION_OK"
9199,10402969081,10402969190,1,"IOTHUB_CLIENT_CONFIRMATION_OK"
9200,10402969282,10402969320,1,"IOTHUB_CLIENT_CONFIRMATION_OK"
9201,10402969482,10402969591,1,"IOTHUB_CLIENT_CONFIRMATION_OK"
9202,10402969682,10402969730,1,"IOTHUB_CLIENT_CONFIRMATION_OK"
9203,10402969882,10402969932,1,"IOTHUB_CLIENT_CONFIRMATION_OK"
9204,10402970082,10402970198,1,"IOTHUB_CLIENT_CONFIRMATION_OK"
9205,10402970282,10402970321,1,"IOTHUB_CLIENT_CONFIRMATION_OK"
9206,10402970483,10402970529,1,"IOTHUB_CLIENT_CONFIRMATION_OK"
9207,10402970683,10402970738,1,"IOTHUB_CLIENT_CONFIRMATION_OK"
9208,10402970883,10402970926,1,"IOTHUB_CLIENT_CONFIRMATION_OK"
9209,10402971083,10402971231,1,"IOTHUB_CLIENT_CONFIRMATION_OK"
9210,10402971283,10402971351,1,"IOTHUB_CLIENT_CONFIRMATION_OK"
9211,10402971483,10402971519,1,"IOTHUB_CLIENT_CONFIRMATION_OK"
9212,10402971684,10402971770,1,"IOTHUB_CLIENT_CONFIRMATION_OK"
9213,10402971884,10402971922,1,"IOTHUB_CLIENT_CONFIRMATION_OK"
9214,10402972084,10402972130,1,"IOTHUB_CLIENT_CONFIRMATION_OK"
9215,10402972284,10402972434,1,"IOTHUB_CLIENT_CONFIRMATION_OK"
9216,10402972484,10402972533,1,"IOTHUB_CLIENT_CONFIRMATION_OK"
9217,10402972684,10402972856,1,"IOTHUB_CLIENT_CONFIRMATION_OK"
9218,10402972884,10402972913,1,"IOTHUB_CLIENT_CONFIRMATION_OK"
9219,10402973085,10402973128,1,"IOTHUB_CLIENT_CONFIRMATION_OK"
9220,10402973285,10402973324,1,"IOTHUB_CLIENT_CONFIRMATION_OK"
9221,10402973485,10402973522,1,"IOTHUB_CLIENT_CONFIRMATION_OK"
9222,10402973685,10402973720,1,"IOTHUB_CLIENT_CONFIRMATION_OK"
9223,10402973885,10402973922,1,"IOTHUB_CLIENT_CONFIRMATION_OK"
9224,10402974085,10402974120,1,"IOTHUB_CLIENT_CONFIRMATION_OK"
9225,10402974286,10402974332,1,"IOTHUB_CLIENT_CONFIRMATION_OK"
9226,10402974486,10402974526,1,"IOTHUB_CLIENT_CONFIRMATION_OK"
9227,10402974686,10402974874,1,"IOTHUB_CLIENT_CONFIRMATION_OK"
9228,10402974886,10402974928,1,"IOTHUB_CLIENT_CONFIRMATION_OK"
9229,10402975086,10402975174,1,"IOTHUB_CLIENT_CONFIRMATION_OK"
9230,10402975286,10402975360,1,"IOTHUB_CLIENT_CONFIRMATION_OK"
9231,10402975487,10402975522,1,"IOTHUB_CLIENT_CONFIRMATION_OK"
9232,10402975687,10402975728,1,"IOTHUB_CLIENT_CONFIRMATION_OK"
9233,10402975887,10402975924,1,"IOTHUB_CLIENT_CONFIRMATION_OK"
9234,10402976087,10402976131,1,"IOTHUB_CLIENT_CONFIRMATION_OK"
9235,10402976287,10402976371,1,"IOTHUB_CLIENT_CONFIRMATION_OK"
9236,10402976487,10402976528,1,"IOTHUB_CLIENT_CONFIRMATION_OK"
9237,10402976688,10402976723,1,"IOTHUB_CLIENT_CONFIRMATION_OK"
9238,10402976888,10402976977,1,"IOTHUB_CLIENT_CONFIRMATION_OK"
9239,10402977088,10402977138,1,"IOTHUB_CLIENT_CONFIRMATION_OK"
9240,10402977288,10402977386,1,"IOTHUB_CLIENT_CONFIRMATION_OK"
9241,10402977488,10402977525,1,"IOTHUB_CLIENT_CONFIRMATION_OK"
9242,10402977688,10402977725,1,"IOTHUB_CLIENT_CONFIRMATION_OK"
9243,10402977888,10402977982,1,"IOTHUB_CLIENT_CONFIRMATION_OK"
9244,10402978089,10402978193,1,"IOTHUB_CLIENT_CONFIRMATION_OK"
9245,10402978289,10402978430,1,"IOTHUB_CLIENT_CONFIRMATION_OK"
9246,10402978489,10402978527,1,"IOTHUB_CLIENT_CONFIRMATION_OK"
9247,10402978689,10402978722,1,"IOTHUB_CLIENT_CONFIRMATION_OK"
9248,10402978889,10402979037,1,"IOTHUB_CLIENT_CONFIRMATION_OK"
9249,10402979089,10402979129,1,"IOTHUB_CLIENT_CONFIRMATION_OK"
9250,10402979290,10402979366,1,"IOTHUB_CLIENT_CONFIRMATION_OK"
9251,10402979490,10402979527,1,"IOTHUB_CLIENT_CONFIRMATION_OK"
9252,10402979690,10402979726,1,"IOTHUB_CLIENT_CONFIRMATION_OK"
9253,10402979890,10402980052,1,"IOTHUB_CLIENT_CONFIRMATION_OK"
9254,10402980090,10402980158,1,"IOTHUB_CLIENT_CONFIRMATION_OK"
9255,10402980290,10402980359,1,"IOTHUB_CLIENT_CONFIRMATION_OK"
9256,10402980491,10402980531,1,"IOTHUB_CLIENT_CONFIRMATION_OK"
9257,10402980691,10402980729,1,"IOTHUB_CLIENT_CONFIRMATION_OK"
9258,10402980891,10402981108,1,"IOTHUB_CLIENT_CONFIRMATION_OK"
9259,10402981091,10402981141,1,"IOTHUB_CLIENT_CONFIRMATION_OK"
9260,10402981291,10402981337,1,"IOTHUB_CLIENT_CONFIRMATION_OK"
9261,10402981491,10402981528,1,"IOTHUB_CLIENT_CONFIRMATION_OK"
9262,10402981692,10402981727,1,"IOTHUB_CLIENT_CONFIRMATION_OK"
9263,10402981892,10402981922,1,"IOTHUB_CLIENT_CONFIRMATION_OK"
9264,10402982092,10402982143,1,"IOTHUB_CLIENT_CONFIRMATION_OK"
9265,10402982292,10402982324,1,"IOTHUB_CLIENT_CONFIRMATION_OK"
9266,10402982492,10402982550,1,"IOTHUB_CLIENT_CONFIRMATION_OK"
9267,10402982692,10402982742,1,"IOTHUB_CLIENT_CONFIRMATION_OK"
9268,10402982892,10402982953,1,"IOTHUB_CLIENT_CONFIRMATION_OK"
9269,10402983093,10402983158,1,"IOTHUB_CLIENT_CONFIRMATION_OK"
9270,10402983293,10402983336,1,"IOTHUB_CLIENT_CONFIRMATION_OK"
9271,10402983493,10402983640,1,"IOTHUB_CLIENT_CONFIRMATION_OK"
9272,10402983693,10402983735,1,"IOTHUB_CLIENT_CONFIRMATION_OK"
9273,10402983893,10402983932,1,"IOTHUB_CLIENT_CONFIRMATION_OK"
9274,10402984093,10402984195,1,"IOTHUB_CLIENT_CONFIRMATION_OK"
9275,10402984294,10402984335,1,"IOTHUB_CLIENT_CONFIRMATION_OK"
9276,10402984494,10402984588,1,"IOTHUB_CLIENT_CONFIRMATION_OK"
9277,10402984694,10402984729,1,"IOTHUB_CLIENT_CONFIRMATION_OK"
9278,10402984894,10402984953,1,"IOTHUB_CLIENT_CONFIRMATION_OK"
9279,10402985094,10402985203,1,"IOTHUB_CLIENT_CONFIRMATION_OK"
9280,10402985294,10402985331,1,"IOTHUB_CLIENT_CONFIRMATION_OK"
9281,10402985494,10402985542,1,"IOTHUB_CLIENT_CONFIRMATION_OK"
9282,10402985695,10402985737,1,"IOTHUB_CLIENT_CONFIRMATION_OK"
9283,10402985895,10402985948,1,"IOTHUB_CLIENT_CONFIRMATION_OK"
9284,10402986095,10402986229,1,"IOTHUB_CLIENT_CONFIRMATION_OK"
9285,10402986295,10402986330,1,"IOTHUB_CLIENT_CONFIRMATION_OK"
9286,10402986495,10402986534,1,"IOTHUB_CLIENT_CONFIRMATION_OK"
9287,10402986695,10402986740,1,"IOTHUB_CLIENT_CONFIRMATION_OK"
9288,10402986896,10402986937,1,"IOTHUB_CLIENT_CONFIRMATION_OK"
9289,10402987096,10402987289,1,"IOTHUB_CLIENT_CONFIRMATION_OK"
9290,10402987296,10402987358,1,"IOTHUB_CLIENT_CONFIRMATION_OK"
9291,10402987496,10402987526,1,"IOTHUB_CLIENT_CONFIRMATION_OK"
9292,10402987696,10402987731,1,"IOTHUB_CLIENT_CONFIRMATION_OK"
9293,10402987896,10402987926,1,"IOTHUB_CLIENT_CONFIRMATION_OK"
9294,10402988096,10402988135,1,"IOTHUB_CLIENT_CONFIRMATION_OK"
9295,10402988297,10402988334,1,"IOTHUB_CLIENT_CONFIRMATION_OK"
9296,10402988497,10402988552,1,"IOTHUB_CLIENT_CONFIRMATION_OK"
9297,10402988697,10402988736,1,"IOTHUB_CLIENT_CONFIRMATION_OK"
9298,10402988897,10402988926,1,"IOTHUB_CLIENT_CONFIRMATION_OK"
9299,10402989097,10402989152,1,"IOTHUB_CLIENT_CONFIRMATION_OK"
9300,10402989297,10402989378,1,"IOTHUB_CLIENT_CONFIRMATION_OK"
9301,10402989498,10402989527,1,"IOTHUB_CLIENT_CONFIRMATION_OK"
9302,10402989698,10402989765,1,"IOTHUB_CLIENT_CONFIRMATION_OK"
9303,10402989898,10402989944,1,"IOTHUB_CLIENT_CONFIRMATION_OK"
9304,10402990098,10402990138,1,"IOTHUB_CLIENT_CONFIRMATION_OK"
9305,10402990298,10402990400,1,"IOTHUB_CLIENT_CONFIRMATION_OK"
9306,10402990498,10402990548,1,"IOTHUB_CLIENT_CONFIRMATION_OK"
9307,10402990699,10402990749,1,"IOTHUB_CLIENT_CONFIRMATION_OK"
9308,10402990899,10402990948,1,"IOTHUB_CLIENT_CONFIRMATION_OK"
9309,10402991099,10402991157,1,"IOTHUB_CLIENT_CONFIRMATION_OK"
9310,10402991299,10402991404,1,"IOTHUB_CLIENT_CONFIRMATION_OK"
9311,10402991499,10402991541,1,"IOTHUB_CLIENT_CONFIRMATION_OK"
9312,10402991699,10402991756,1,"IOTHUB_CLIENT_CONFIRMATION_OK"
9313,10402991899,10402991935,1,"IOTHUB_CLIENT_CONFIRMATION_OK"
9314,10402992100,10402992157,1,"IOTHUB_CLIENT_CONFIRMATION_OK"
9315,10402992300,10402992402,1,"IOTHUB_CLIENT_CONFIRMATION_OK"
9316,10402992500,10402992531,1,"IOTHUB_CLIENT_CONFIRMATION_OK"
9317,10402992700,10402992755,1,"IOTHUB_CLIENT_CONFIRMATION_OK"
9318,10402992900,10402992934,1,"IOTHUB_CLIENT_CONFIRMATION_OK"
9319,10402993100,10402993144,1,"IOTHUB_CLIENT_CONFIRMATION_OK"
9320,10402993301,10402993453,1,"IOTHUB_CLIENT_CONFIRMATION_OK"
9321,10402993501,10402993543,1,"IOTHUB_CLIENT_CONFIRMATION_OK"
9322,10402993701,10402993743,1,"IOTHUB_CLIENT_CONFIRMATION_OK"
9323,10402993901,10402994076,1,"IOTHUB_CLIENT_CONFIRMATION_OK"
9324,10402994101,10402994132,1,"IOTHUB_CLIENT_CONFIRMATION_OK"
9325,10402994301,10402994343,1,"IOTHUB_CLIENT_CONFIRMATION_OK"
9326,10402994502,10402994550,1,"IOTHUB_CLIENT_CONFIRMATION_OK"
9327,10402994702,10402994775,1,"IOTHUB_CLIENT_CONFIRMATION_OK"
9328,10402994902,10402994943,1,"IOTHUB_CLIENT_CONFIRMATION_OK"
9329,10402995102,10402995143,1,"IOTHUB_CLIENT_CONFIRMATION_OK"
9330,10402995302,10402995344,1,"IOTHUB_CLIENT_CONFIRMATION_OK"
9331,10402995502,10402995552,1,"IOTHUB_CLIENT_CONFIRMATION_OK"
9332,10402995703,10402995760,1,"IOTHUB_CLIENT_CONFIRMATION_OK"
9333,10402995903,10402996096,1,"IOTHUB_CLIENT_CONFIRMATION_OK"
9334,10402996103,10402996145,1,"IOTHUB_CLIENT_CONFIRMATION_OK"
9335,10402996303,10402996344,1,"IOTHUB_CLIENT_CONFIRMATION_OK"
9336,10402996503,10402996549,1,"IOTHUB_CLIENT_CONFIRMATION_OK"
9337,10402996703,10402996740,1,"IOTHUB_CLIENT_CONFIRMATION_OK"
9338,10402996904,10402996949,1,"IOTHUB_CLIENT_CONFIRMATION_OK"
9339,10402997104,10402997150,1,"IOTHUB_CLIENT_CONFIRMATION_OK"
9340,10402997304,10402997336,1,"IOTHUB_CLIENT_CONFIRMATION_OK"
9341,10402997504,10402997648,1,"IOTHUB_CLIENT_CONFIRMATION_OK"
9342,10402997704,10402997744,1,"IOTHUB_CLIENT_CONFIRMATION_OK"
9343,10402997904,10402997955,1,"IOTHUB_CLIENT_CONFIRMATION_OK"
9344,10402998105,10402998138,1,"IOTHUB_CLIENT_CONFIRMATION_OK"
9345,10402998305,10402998351,1,"IOTHUB_CLIENT_CONFIRMATION_OK"
9346,10402998505,10402998537,1,"IOTHUB_CLIENT_CONFIRMATION_OK"
9347,10402998705,10402998754,1,"IOTHUB_CLIENT_CONFIRMATION_OK"
9348,10402998905,10402998950,1,"IOTHUB_CLIENT_CONFIRMATION_OK"
9349,10402999105,10402999161,1,"IOTHUB_CLIENT_CONFIRMATION_OK"
9350,10402999305,10402999349,1,"IOTHUB_CLIENT_CONFIRMATION_OK"
9351,10402999506,10402999543,1,"IOTHUB_CLIENT_CONFIRMATION_OK"
9352,10402999706,10402999749,1,"IOTHUB_CLIENT_CONFIRMATION_OK"
9353,10402999906,10402999966,1,"IOTHUB_CLIENT_CONFIRMATION_OK"
9354,10403000106,10403000145,1,"IOTHUB_CLIENT_CONFIRMATION_OK"
9355,10403000306,10403000352,1,"IOTHUB_CLIENT_CONFIRMATION_OK"
9356,10403000506,10403000571,1,"IOTHUB_CLIENT_CONFIRMATION_OK"
9357,10403000707,10403000756,1,"IOTHUB_CLIENT_CONFIRMATION_OK"
9358,10403000907,10403000943,1,"IOTHUB_CLIENT_CONFIRMATION_OK"
9359,10403001107,10403001153,1,"IOTHUB_CLIENT_CONFIRMATION_OK"
9360,10403001307,10403001356,1,"IOTHUB_CLIENT_CONFIRMATION_OK"
9361,10403001507,10403001544,1,"IOTHUB_CLIENT_CONFIRMATION_OK"
9362,10403001707,10403001770,1,"IOTHUB_CLIENT_CONFIRMATION_OK"
9363,10403001908,10403001946,1,"IOTHUB_CLIENT_CONFIRMATION_OK"
9364,10403002108,10403002174,1,"IOTHUB_CLIENT_CONFIRMATION_OK"
9365,10403002308,10403002348,1,"IOTHUB_CLIENT_CONFIRMATION_OK"
9366,10403002508,10403002542,1,"IOTHUB_CLIENT_CONFIRMATION_OK"
9367,10403002708,10403002793,1,"IOTHUB_CLIENT_CONFIRMATION_OK"
9368,10403002908,10403002972,1,"IOTHUB_CLIENT_CONFIRMATION_OK"
9369,10403003109,10403003163,1,"IOTHUB_CLIENT_CONFIRMATION_OK"
9370,10403003309,10403003433,1,"IOTHUB_CLIENT_CONFIRMATION_OK"
9371,10403003509,10403003551,1,"IOTHUB_CLIENT_CONFIRMATION_OK"
9372,10403003709,10403003840,1,"IOTHUB_CLIENT_CONFIRMATION_OK"
9373,10403003909,10403003957,1,"IOTHUB_CLIENT_CONFIRMATION_OK"
9374,10403004109,10403004151,1,"IOTHUB_CLIENT_CONFIRMATION_OK"
9375,10403004309,10403004354,1,"IOTHUB_CLIENT_CONFIRMATION_OK"
9376,10403004510,10403004548,1,"IOTHUB_CLIENT_CONFIRMATION_OK"
9377,10403004710,10403004840,1,"IOTHUB_CLIENT_CONFIRMATION_OK"
9378,10403004910,10403004938,1,"IOTHUB_CLIENT_CONFIRMATION_OK"
9379,10403005110,10403005140,1,"IOTHUB_CLIENT_CONFIRMATION_OK"
9380,10403005310,10403005353,1,"IOTHUB_CLIENT_CONFIRMATION_OK"
9381,10403005510,10403005580,1,"IOTHUB_CLIENT_CONFIRMATION_OK"
9382,10403005710,10403005759,1,"IOTHUB_CLIENT_CONFIRMATION_OK"
9383,10403005911,10403005946,1,"IOTHUB_CLIENT_CONFIRMATION_OK"
9384,10403006111,10403006150,1,"IOTHUB_CLIENT_CONFIRMATION_OK"
9385,10403006311,10403006486,1,"IOTHUB_CLIENT_CONFIRMATION_OK"
9386,10403006511,10403006618,1,"IOTHUB_CLIENT_CONFIRMATION_OK"
9387,10403006711,10403006765,1,"IOTHUB_CLIENT_CONFIRMATION_OK"
9388,10403006911,10403006957,1,"IOTHUB_CLIENT_CONFIRMATION_OK"
9389,10403007111,10403007157,1,"IOTHUB_CLIENT_CONFIRMATION_OK"
9390,10403007312,10403007500,1,"IOTHUB_CLIENT_CONFIRMATION_OK"
9391,10403007512,10403007556,1,"IOTHUB_CLIENT_CONFIRMATION_OK"
9392,10403007712,10403007763,1,"IOTHUB_CLIENT_CONFIRMATION_OK"
9393,10403007912,10403007970,1,"IOTHUB_CLIENT_CONFIRMATION_OK"
9394,10403008112,10403008152,1,"IOTHUB_CLIENT_CONFIRMATION_OK"
9395,10403008312,10403008490,1,"IOTHUB_CLIENT_CONFIRMATION_OK"
9396,10403008513,10403008547,1,"IOTHUB_CLIENT_CONFIRMATION_OK"
9397,10403008713,10403008770,1,"IOTHUB_CLIENT_CONFIRMATION_OK"
9398,10403008913,10403008963,1,"IOTHUB_CLIENT_CONFIRMATION_OK"
9399,10403009113,10403009161,1,"IOTHUB_CLIENT_CONFIRMATION_OK"
9400,10403009313,10403009358,1,"IOTHUB_CLIENT_CONFIRMATION_OK"
9401,10403009513,10403009610,1,"IOTHUB_CLIENT_CONFIRMATION_OK"
9402,10403009714,10403009755,1,"IOTHUB_CLIENT_CONFIRMATION_OK"
9403,10403009914,10403009959,1,"IOTHUB_CLIENT_CONFIRMATION_OK"
9404,10403010114,10403010150,1,"IOTHUB_CLIENT_CONFIRMATION_OK"
9405,10403010314,10403010356,1,"IOTHUB_CLIENT_CONFIRMATION_OK"
9406,10403010514,10403010585,1,"IOTHUB_CLIENT_CONFIRMATION_OK"
9407,10403010714,10403010771,1,"IOTHUB_CLIENT_CONFIRMATION_OK"
9408,10403010914,10403010948,1,"IOTHUB_CLIENT_CONFIRMATION_OK"
9409,10403011115,10403011163,1,"IOTHUB_CLIENT_CONFIRMATION_OK"
9410,10403011315,10403011348,1,"IOTHUB_CLIENT_CONFIRMATION_OK"
9411,10403011515,10403011586,1,"IOTHUB_CLIENT_CONFIRMATION_OK"
9412,10403011715,10403011763,1,"IOTHUB_CLIENT_CONFIRMATION_OK"
9413,10403011915,10403011962,1,"IOTHUB_CLIENT_CONFIRMATION_OK"
9414,10403012115,10403012147,1,"IOTHUB_CLIENT_CONFIRMATION_OK"
9415,10403012316,10403012350,1,"IOTHUB_CLIENT_CONFIRMATION_OK"
9416,10403012516,10403012669,1,"IOTHUB_CLIENT_CONFIRMATION_OK"
9417,10403012716,10403012797,1,"IOTHUB_CLIENT_CONFIRMATION_OK"
9418,10403012916,10403012952,1,"IOTHUB_CLIENT_CONFIRMATION_OK"
9419,10403013116,10403013158,1,"IOTHUB_CLIENT_CONFIRMATION_OK"
9420,10403013316,10403013367,1,"IOTHUB_CLIENT_CONFIRMATION_OK"
9421,10403013516,10403013634,1,"IOTHUB_CLIENT_CONFIRMATION_OK"
9422,10403013717,10403013769,1,"IOTHUB_CLIENT_CONFIRMATION_OK"
9423,10403013917,10403013971,1,"IOTHUB_CLIENT_CONFIRMATION_OK"
9424,10403014117,10403014272,1,"IOTHUB_CLIENT_CONFIRMATION_OK"
9425,10403014317,10403014380,1,"IOTHUB_CLIENT_CONFIRMATION_OK"
9426,10403014517,10403014644,1,"IOTHUB_CLIENT_CONFIRMATION_OK"
9427,10403014718,10403014758,1,"IOTHUB_CLIENT_CONFIRMATION_OK"
9428,10403014918,10403014959,1,"IOTHUB_CLIENT_CONFIRMATION_OK"
9429,10403015118,10403015350,1,"IOTHUB_CLIENT_CONFIRMATION_OK"
9430,10403015318,10403015376,1,"IOTHUB_CLIENT_CONFIRMATION_OK"
9431,10403015518,10403015565,1,"IOTHUB_CLIENT_CONFIRMATION_OK"
9432,10403015718,10403015770,1,"IOTHUB_CLIENT_CONFIRMATION_OK"
9433,10403015919,10403015949,1,"IOTHUB_CLIENT_CONFIRMATION_OK"
9434,10403016119,10403016155,1,"IOTHUB_CLIENT_CONFIRMATION_OK"
9435,10403016319,10403016369,1,"IOTHUB_CLIENT_CONFIRMATION_OK"
9436,10403016519,10403016574,1,"IOTHUB_CLIENT_CONFIRMATION_OK"
9437,10403016719,10403016760,1,"IOTHUB_CLIENT_CONFIRMATION_OK"
9438,10403016919,10403016952,1,"IOTHUB_CLIENT_CONFIRMATION_OK"
9439,10403017120,10403017155,1,"IOTHUB_CLIENT_CONFIRMATION_OK"
9440,10403017320,10403017352,1,"IOTHUB_CLIENT_CONFIRMATION_OK"
9441,10403017520,10403017554,1,"IOTHUB_CLIENT_CONFIRMATION_OK"
9442,10403017720,10403017763,1,"IOTHUB_CLIENT_CONFIRMATION_OK"
9443,10403017920,10403017952,1,"IOTHUB_CLIENT_CONFIRMATION_OK"
9444,10403018120,10403018157,1,"IOTHUB_CLIENT_CONFIRMATION_OK"
9445,10403018320,10403018363,1,"IOTHUB_CLIENT_CONFIRMATION_OK"
9446,10403018521,10403018552,1,"IOTHUB_CLIENT_CONFIRMATION_OK"
9447,10403018721,10403018788,1,"IOTHUB_CLIENT_CONFIRMATION_OK"
9448,10403018921,10403018953,1,"IOTHUB_CLIENT_CONFIRMATION_OK"
9449,10403019121,10403019159,1,"IOTHUB_CLIENT_CONFIRMATION_OK"
9450,10403019321,10403019402,1,"IOTHUB_CLIENT_CONFIRMATION_OK"
9451,10403019521,10403019558,1,"IOTHUB_CLIENT_CONFIRMATION_OK"
9452,10403019722,10403019869,1,"IOTHUB_CLIENT_CONFIRMATION_OK"
9453,10403019922,10403019950,1,"IOTHUB_CLIENT_CONFIRMATION_OK"
9454,10403020122,10403020151,1,"IOTHUB_CLIENT_CONFIRMATION_OK"
9455,10403020322,10403020476,1,"IOTHUB_CLIENT_CONFIRMATION_OK"
9456,10403020522,10403020576,1,"IOTHUB_CLIENT_CONFIRMATION_OK"
9457,10403020722,10403020755,1,"IOTHUB_CLIENT_CONFIRMATION_OK"
9458,10403020922,10403020972,1,"IOTHUB_CLIENT_CONFIRMATION_OK"
9459,10403021123,10403021179,1,"IOTHUB_CLIENT_CONFIRMATION_OK"
9460,10403021323,10403021367,1,"IOTHUB_CLIENT_CONFIRMATION_OK"
9461,10403021523,10403021554,1,"IOTHUB_CLIENT_CONFIRMATION_OK"
9462,10403021723,10403021764,1,"IOTHUB_CLIENT_CONFIRMATION_OK"
9463,10403021923,10403021966,1,"IOTHUB_CLIENT_CONFIRMATION_OK"
9464,10403022123,10403022159,1,"IOTHUB_CLIENT_CONFIRMATION_OK"
9465,10403022324,10403022500,1,"IOTHUB_CLIENT_CONFIRMATION_OK"
9466,10403022524,10403022568,1,"IOTHUB_CLIENT_CONFIRMATION_OK"
9467,10403022724,10403022757,1,"IOTHUB_CLIENT_CONFIRMATION_OK"
9468,10403022924,10403022980,1,"IOTHUB_CLIENT_CONFIRMATION_OK"
9469,10403023124,10403023153,1,"IOTHUB_CLIENT_CONFIRMATION_OK"
9470,10403023324,10403023516,1,"IOTHUB_CLIENT_CONFIRMATION_OK"
9471,10403023525,10403023567,1,"IOTHUB_CLIENT_CONFIRMATION_OK"
9472,10403023725,10403023767,1,"IOTHUB_CLIENT_CONFIRMATION_OK"
9473,10403023925,10403023956,1,"IOTHUB_CLIENT_CONFIRMATION_OK"
9474,10403024125,10403024184,1,"IOTHUB_CLIENT_CONFIRMATION_OK"
9475,10403024325,10403024373,1,"IOTHUB_CLIENT_CONFIRMATION_OK"
9476,10403024525,10403024563,1,"IOTHUB_CLIENT_CONFIRMATION_OK"
9477,10403024726,10403024779,1,"IOTHUB_CLIENT_CONFIRMATION_OK"
9478,10403024926,10403024962,1,"IOTHUB_CLIENT_CONFIRMATION_OK"
9479,10403025126,10403025156,1,"IOTHUB_CLIENT_CONFIRMATION_OK"
9480,10403025326,10403025371,1,"IOTHUB_CLIENT_CONFIRMATION_OK"
9481,10403025526,10403025567,1,"IOTHUB_CLIENT_CONFIRMATION_OK"
9482,10403025726,10403025756,1,"IOTHUB_CLIENT_CONFIRMATION_OK"
9483,10403025927,10403025956,1,"IOTHUB_CLIENT_CONFIRMATION_OK"
9484,10403026127,10403026156,1,"IOTHUB_CLIENT_CONFIRMATION_OK"
9485,10403026327,10403026363,1,"IOTHUB_CLIENT_CONFIRMATION_OK"
9486,10403026527,10403026565,1,"IOTHUB_CLIENT_CONFIRMATION_OK"
9487,10403026727,10403026762,1,"IOTHUB_CLIENT_CONFIRMATION_OK"
9488,10403026927,10403026963,1,"IOTHUB_CLIENT_CONFIRMATION_OK"
9489,10403027128,10403027170,1,"IOTHUB_CLIENT_CONFIRMATION_OK"
9490,10403027328,10403027358,1,"IOTHUB_CLIENT_CONFIRMATION_OK"
9491,10403027528,10403027578,1,"IOTHUB_CLIENT_CONFIRMATION_OK"
9492,10403027728,10403027780,1,"IOTHUB_CLIENT_CONFIRMATION_OK"
9493,10403027928,10403027957,1,"IOTHUB_CLIENT_CONFIRMATION_OK"
9494,10403028128,10403028191,1,"IOTHUB_CLIENT_CONFIRMATION_OK"
9495,10403028328,10403028382,1,"IOTHUB_CLIENT_CONFIRMATION_OK"
9496,10403028529,10403028669,1,"IOTHUB_CLIENT_CONFIRMATION_OK"
9497,10403028729,10403028760,1,"IOTHUB_CLIENT_CONFIRMATION_OK"
9498,10403028929,10403028961,1,"IOTHUB_CLIENT_CONFIRMATION_OK"
9499,10403029129,10403029212,1,"IOTHUB_CLIENT_CONFIRMATION_OK"
9500,10403029329,10403029368,1,"IOTHUB_CLIENT_CONFIRMATION_OK"
9501,10403029529,10403029600,1,"IOTHUB_CLIENT_CONFIRMATION_OK"
9502,10403029730,10403029762,1,"IOTHUB_CLIENT_CONFIRMATION_OK"
9503,10403029930,10403029962,1,"IOTHUB_CLIENT_CONFIRMATION_OK"
9504,10403030130,10403030220,1,"IOTHUB_CLIENT_CONFIRMATION_OK"
9505,10403030330,10403030368,1,"IOTHUB_CLIENT_CONFIRMATION_OK"
9506,10403030530,10403030560,1,"IOTHUB_CLIENT_CONFIRMATION_OK"
9507,10403030730,10403030783,1,"IOTHUB_CLIENT_CONFIRMATION_OK"
9508,10403030931,10403030961,1,"IOTHUB_CLIENT_CONFIRMATION_OK"
9509,10403031131,10403031236,1,"IOTHUB_CLIENT_CONFIRMATION_OK"
9510,10403031331,10403031368,1,"IOTHUB_CLIENT_CONFIRMATION_OK"
9511,10403031531,10403031562,1,"IOTHUB_CLIENT_CONFIRMATION_OK"
9512,10403031731,10403031920,1,"IOTHUB_CLIENT_CONFIRMATION_OK"
9513,10403031931,10403031965,1,"IOTHUB_CLIENT_CONFIRMATION_OK"
9514,10403032132,10403032244,1,"IOTHUB_CLIENT_CONFIRMATION_OK"
9515,10403032332,10403032362,1,"IOTHUB_CLIENT_CONFIRMATION_OK"
9516,10403032532,10403032560,1,"IOTHUB_CLIENT_CONFIRMATION_OK"
9517,10403032732,10403032851,1,"IOTHUB_CLIENT_CONFIRMATION_OK"
9518,10403032932,10403032961,1,"IOTHUB_CLIENT_CONFIRMATION_OK"
9519,10403033132,10403033170,1,"IOTHUB_CLIENT_CONFIRMATION_OK"
9520,10403033333,10403033363,1,"IOTHUB_CLIENT_CONFIRMATION_OK"
9521,10403033533,10403033572,1,"IOTHUB_CLIENT_CONFIRMATION_OK"
9522,10403033733,10403033876,1,"IOTHUB_CLIENT_CONFIRMATION_OK"
9523,10403033933,10403033966,1,"IOTHUB_CLIENT_CONFIRMATION_OK"
9524,10403034133,10403034170,1,"IOTHUB_CLIENT_CONFIRMATION_OK"
9525,10403034333,10403034368,1,"IOTHUB_CLIENT_CONFIRMATION_OK"
9526,10403034533,10403034625,1,"IOTHUB_CLIENT_CONFIRMATION_OK"
9527,10403034734,10403034885,1,"IOTHUB_CLIENT_CONFIRMATION_OK"
9528,10403034934,10403034993,1,"IOTHUB_CLIENT_CONFIRMATION_OK"
9529,10403035134,10403035175,1,"IOTHUB_CLIENT_CONFIRMATION_OK"
9530,10403035334,10403035364,1,"IOTHUB_CLIENT_CONFIRMATION_OK"
9531,10403035534,10403035575,1,"IOTHUB_CLIENT_CONFIRMATION_OK"
9532,10403035734,10403035770,1,"IOTHUB_CLIENT_CONFIRMATION_OK"
9533,10403035935,10403035966,1,"IOTHUB_CLIENT_CONFIRMATION_OK"
9534,10403036135,10403036180,1,"IOTHUB_CLIENT_CONFIRMATION_OK"
9535,10403036335,10403036366,1,"IOTHUB_CLIENT_CONFIRMATION_OK"
9536,10403036535,10403036571,1,"IOTHUB_CLIENT_CONFIRMATION_OK"
9537,10403036735,10403036766,1,"IOTHUB_CLIENT_CONFIRMATION_OK"
9538,10403036935,10403036970,1,"IOTHUB_CLIENT_CONFIRMATION_OK"
9539,10403037136,10403037165,1,"IOTHUB_CLIENT_CONFIRMATION_OK"
9540,10403037336,10403037374,1,"IOTHUB_CLIENT_CONFIRMATION_OK"
9541,10403037536,10403037573,1,"IOTHUB_CLIENT_CONFIRMATION_OK"
9542,10403037736,10403037767,1,"IOTHUB_CLIENT_CONFIRMATION_OK"
9543,10403037936,10403037966,1,"IOTHUB_CLIENT_CONFIRMATION_OK"
9544,10403038137,10403038175,1,"IOTHUB_CLIENT_CONFIRMATION_OK"
9545,10403038337,10403038374,1,"IOTHUB_CLIENT_CONFIRMATION_OK"
9546,10403038537,10403038570,1,"IOTHUB_CLIENT_CONFIRMATION_OK"
9547,10403038737,10403038773,1,"IOTHUB_CLIENT_CONFIRMATION_OK"
9548,10403038937,10403038978,1,"IOTHUB_CLIENT_CONFIRMATION_OK"
9549,10403039137,10403039171,1,"IOTHUB_CLIENT_CONFIRMATION_OK"
9550,10403039338,10403039389,1,"IOTHUB_CLIENT_CONFIRMATION_OK"
9551,10403039538,10403039570,1,"IOTHUB_CLIENT_CONFIRMATION_OK"
9552,10403039738,10403039773,1,"IOTHUB_CLIENT_CONFIRMATION_OK"
9553,10403039938,10403040016,1,"IOTHUB_CLIENT_CONFIRMATION_OK"
9554,10403040138,10403040187,1,"IOTHUB_CLIENT_CONFIRMATION_OK"
9555,10403040338,10403040373,1,"IOTHUB_CLIENT_CONFIRMATION_OK"
9556,10403040539,10403040611,1,"IOTHUB_CLIENT_CONFIRMATION_OK"
9557,10403040739,10403040836,1,"IOTHUB_CLIENT_CONFIRMATION_OK"
9558,10403040939,10403041078,1,"IOTHUB_CLIENT_CONFIRMATION_OK"
9559,10403041139,10403041174,1,"IOTHUB_CLIENT_CONFIRMATION_OK"
9560,10403041339,10403041370,1,"IOTHUB_CLIENT_CONFIRMATION_OK"
9561,10403041539,10403041575,1,"IOTHUB_CLIENT_CONFIRMATION_OK"
9562,10403041740,10403041772,1,"IOTHUB_CLIENT_CONFIRMATION_OK"
9563,10403041940,10403041969,1,"IOTHUB_CLIENT_CONFIRMATION_OK"
9564,10403042140,10403042177,1,"IOTHUB_CLIENT_CONFIRMATION_OK"
9565,10403042340,10403042373,1,"IOTHUB_CLIENT_CONFIRMATION_OK"
9566,10403042540,10403042720,1,"IOTHUB_CLIENT_CONFIRMATION_OK"
9567,10403042740,10403042774,1,"IOTHUB_CLIENT_CONFIRMATION_OK"
9568,10403042940,10403042972,1,"IOTHUB_CLIENT_CONFIRMATION_OK"
9569,10403043141,10403043195,1,"IOTHUB_CLIENT_CONFIRMATION_OK"
9570,10403043341,10403043419,1,"IOTHUB_CLIENT_CONFIRMATION_OK"
9571,10403043541,10403043578,1,"IOTHUB_CLIENT_CONFIRMATION_OK"
9572,10403043741,10403043775,1,"IOTHUB_CLIENT_CONFIRMATION_OK"
9573,10403043941,10403043978,1,"IOTHUB_CLIENT_CONFIRMATION_OK"
9574,10403044141,10403044175,1,"IOTHUB_CLIENT_CONFIRMATION_OK"
9575,10403044341,10403044375,1,"IOTHUB_CLIENT_CONFIRMATION_OK"
9576,10403044542,10403044790,1,"IOTHUB_CLIENT_CONFIRMATION_OK"
9577,10403044742,10403044815,1,"IOTHUB_CLIENT_CONFIRMATION_OK"
9578,10403044942,10403044976,1,"IOTHUB_CLIENT_CONFIRMATION_OK"
9579,10403045142,10403045184,1,"IOTHUB_CLIENT_CONFIRMATION_OK"
9580,10403045342,10403045375,1,"IOTHUB_CLIENT_CONFIRMATION_OK"
9581,10403045542,10403045577,1,"IOTHUB_CLIENT_CONFIRMATION_OK"
9582,10403045743,10403045779,1,"IOTHUB_CLIENT_CONFIRMATION_OK"
9583,10403045943,10403046035,1,"IOTHUB_CLIENT_CONFIRMATION_OK"
9584,10403046143,10403046242,1,"IOTHUB_CLIENT_CONFIRMATION_OK"
9585,10403046343,10403046378,1,"IOTHUB_CLIENT_CONFIRMATION_OK"
9586,10403046543,10403046581,1,"IOTHUB_CLIENT_CONFIRMATION_OK"
9587,10403046743,10403046776,1,"IOTHUB_CLIENT_CONFIRMATION_OK"
9588,10403046944,10403046976,1,"IOTHUB_CLIENT_CONFIRMATION_OK"
9589,10403047144,10403047278,1,"IOTHUB_CLIENT_CONFIRMATION_OK"
9590,10403047344,10403047385,1,"IOTHUB_CLIENT_CONFIRMATION_OK"
9591,10403047544,10403047648,1,"IOTHUB_CLIENT_CONFIRMATION_OK"
9592,10403047744,10403047776,1,"IOTHUB_CLIENT_CONFIRMATION_OK"
9593,10403047944,10403047977,1,"IOTHUB_CLIENT_CONFIRMATION_OK"
9594,10403048145,10403048193,1,"IOTHUB_CLIENT_CONFIRMATION_OK"
9595,10403048345,10403048408,1,"IOTHUB_CLIENT_CONFIRMATION_OK"
9596,10403048545,10403048577,1,"IOTHUB_CLIENT_CONFIRMATION_OK"
9597,10403048745,10403048938,1,"IOTHUB_CLIENT_CONFIRMATION_OK"
9598,10403048945,10403048987,1,"IOTHUB_CLIENT_CONFIRMATION_OK"
9599,10403049145,10403049190,1,"IOTHUB_CLIENT_CONFIRMATION_OK"
9600,10403049346,10403049381,1,"IOTHUB_CLIENT_CONFIRMATION_OK"
9601,10403049546,10403049607,1,"IOTHUB_CLIENT_CONFIRMATION_OK"
9602,10403049746,10403049784,1,"IOTHUB_CLIENT_CONFIRMATION_OK"
9603,10403049946,10403049982,1,"IOTHUB_CLIENT_CONFIRMATION_OK"
9604,10403050146,10403050178,1,"IOTHUB_CLIENT_CONFIRMATION_OK"
9605,10403050346,10403050375,1,"IOTHUB_CLIENT_CONFIRMATION_OK"
9606,10403050547,10403050575,1,"IOTHUB_CLIENT_CONFIRMATION_OK"
9607,10403050747,10403050785,1,"IOTHUB_CLIENT_CONFIRMATION_OK"
9608,10403050947,10403050979,1,"IOTHUB_CLIENT_CONFIRMATION_OK"
9609,10403051147,10403051180,1,"IOTHUB_CLIENT_CONFIRMATION_OK"
9610,10403051347,10403051389,1,"IOTHUB_CLIENT_CONFIRMATION_OK"
9611,10403051547,10403051598,1,"IOTHUB_CLIENT_CONFIRMATION_OK"
9612,10403051748,10403051786,1,"IOTHUB_CLIENT_CONFIRMATION_OK"
9613,10403051948,10403052078,1,"IOTHUB_CLIENT_CONFIRMATION_OK"
9614,10403052148,10403052183,1,"IOTHUB_CLIENT_CONFIRMATION_OK"
9615,10403052348,10403052408,1,"IOTHUB_CLIENT_CONFIRMATION_OK"
9616,10403052548,10403052576,1,"IOTHUB_CLIENT_CONFIRMATION_OK"
9617,10403052748,10403052788,1,"IOTHUB_CLIENT_CONFIRMATION_OK"
9618,10403052949,10403053033,1,"IOTHUB_CLIENT_CONFIRMATION_OK"
9619,10403053149,10403053232,1,"IOTHUB_CLIENT_CONFIRMATION_OK"
9620,10403053349,10403053427,1,"IOTHUB_CLIENT_CONFIRMATION_OK"
9621,10403053549,10403053593,1,"IOTHUB_CLIENT_CONFIRMATION_OK"
9622,10403053749,10403053793,1,"IOTHUB_CLIENT_CONFIRMATION_OK"
9623,10403053949,10403054043,1,"IOTHUB_CLIENT_CONFIRMATION_OK"
9624,10403054149,10403054182,1,"IOTHUB_CLIENT_CONFIRMATION_OK"
9625,10403054350,10403054392,1,"IOTHUB_CLIENT_CONFIRMATION_OK"
9626,10403054550,10403054586,1,"IOTHUB_CLIENT_CONFIRMATION_OK"
9627,10403054750,10403054787,1,"IOTHUB_CLIENT_CONFIRMATION_OK"
9628,10403054950,10403055148,1,"IOTHUB_CLIENT_CONFIRMATION_OK"
9629,10403055150,10403055194,1,"IOTHUB_CLIENT_CONFIRMATION_OK"
9630,10403055350,10403055387,1,"IOTHUB_CLIENT_CONFIRMATION_OK"
9631,10403055551,10403055652,1,"IOTHUB_CLIENT_CONFIRMATION_OK"
9632,10403055751,10403055782,1,"IOTHUB_CLIENT_CONFIRMATION_OK"
9633,10403055951,10403056064,1,"IOTHUB_CLIENT_CONFIRMATION_OK"
9634,10403056151,10403056180,1,"IOTHUB_CLIENT_CONFIRMATION_OK"
9635,10403056351,10403056385,1,"IOTHUB_CLIENT_CONFIRMATION_OK"
9636,10403056551,10403056681,1,"IOTHUB_CLIENT_CONFIRMATION_OK"
9637,10403056752,10403056794,1,"IOTHUB_CLIENT_CONFIRMATION_OK"
9638,10403056952,10403056985,1,"IOTHUB_CLIENT_CONFIRMATION_OK"
9639,10403057152,10403057182,1,"IOTHUB_CLIENT_CONFIRMATION_OK"
9640,10403057352,10403057392,1,"IOTHUB_CLIENT_CONFIRMATION_OK"
9641,10403057552,10403057707,1,"IOTHUB_CLIENT_CONFIRMATION_OK"
9642,10403057752,10403057782,1,"IOTHUB_CLIENT_CONFIRMATION_OK"
9643,10403057952,10403057983,1,"IOTHUB_CLIENT_CONFIRMATION_OK"
9644,10403058153,10403058194,1,"IOTHUB_CLIENT_CONFIRMATION_OK"
9645,10403058353,10403058381,1,"IOTHUB_CLIENT_CONFIRMATION_OK"
9646,10403058553,10403058731,1,"IOTHUB_CLIENT_CONFIRMATION_OK"
9647,10403058753,10403058784,1,"IOTHUB_CLIENT_CONFIRMATION_OK"
9648,10403058953,10403058999,1,"IOTHUB_CLIENT_CONFIRMATION_OK"
9649,10403059153,10403059184,1,"IOTHUB_CLIENT_CONFIRMATION_OK"
9650,10403059354,10403059396,1,"IOTHUB_CLIENT_CONFIRMATION_OK"
9651,10403059554,10403059705,1,"IOTHUB_CLIENT_CONFIRMATION_OK"
9652,10403059754,10403059786,1,"IOTHUB_CLIENT_CONFIRMATION_OK"
9653,10403059954,10403059984,1,"IOTHUB_CLIENT_CONFIRMATION_OK"
9654,10403060154,10403060187,1,"IOTHUB_CLIENT_CONFIRMATION_OK"
9655,10403060354,10403060392,1,"IOTHUB_CLIENT_CONFIRMATION_OK"
9656,10403060554,10403060587,1,"IOTHUB_CLIENT_CONFIRMATION_OK"
9657,10403060755,10403060826,1,"IOTHUB_CLIENT_CONFIRMATION_OK"
9658,10403060955,10403060989,1,"IOTHUB_CLIENT_CONFIRMATION_OK"
9659,10403061155,10403061184,1,"IOTHUB_CLIENT_CONFIRMATION_OK"
9660,10403061355,10403061389,1,"IOTHUB_CLIENT_CONFIRMATION_OK"
9661,10403061555,10403061592,1,"IOTHUB_CLIENT_CONFIRMATION_OK"
9662,10403061755,10403061789,1,"IOTHUB_CLIENT_CONFIRMATION_OK"
9663,10403061956,10403061986,1,"IOTHUB_CLIENT_CONFIRMATION_OK"
9664,10403062156,10403062376,1,"IOTHUB_CLIENT_CONFIRMATION_OK"
9665,10403062356,10403062393,1,"IOTHUB_CLIENT_CONFIRMATION_OK"
9666,10403062556,10403062585,1,"IOTHUB_CLIENT_CONFIRMATION_OK"
9667,10403062756,10403062789,1,"IOTHUB_CLIENT_CONFIRMATION_OK"
9668,10403062956,10403062998,1,"IOTHUB_CLIENT_CONFIRMATION_OK"
9669,10403063156,10403063186,1,"IOTHUB_CLIENT_CONFIRMATION_OK"
9670,10403063357,10403063402,1,"IOTHUB_CLIENT_CONFIRMATION_OK"
9671,10403063557,10403063600,1,"IOTHUB_CLIENT_CONFIRMATION_OK"
9672,10403063757,10403063791,1,"IOTHUB_CLIENT_CONFIRMATION_OK"
9673,10403063957,10403063990,1,"IOTHUB_CLIENT_CONFIRMATION_OK"
9674,10403064157,10403064189,1,"IOTHUB_CLIENT_CONFIRMATION_OK"
9675,10403064357,10403064395,1,"IOTHUB_CLIENT_CONFIRMATION_OK"
9676,10403064558,10403064592,1,"IOTHUB_CLIENT_CONFIRMATION_OK"
9677,10403064758,10403064806,1,"IOTHUB_CLIENT_CONFIRMATION_OK"
9678,10403064958,10403064994,1,"IOTHUB_CLIENT_CONFIRMATION_OK"
9679,10403065158,10403065197,1,"IOTHUB_CLIENT_CONFIRMATION_OK"
9680,10403065358,10403065412,1,"IOTHUB_CLIENT_CONFIRMATION_OK"
9681,10403065558,10403065596,1,"IOTHUB_CLIENT_CONFIRMATION_OK"
9682,10403065759,10403065788,1,"IOTHUB_CLIENT_CONFIRMATION_OK"
9683,10403065959,10403065988,1,"IOTHUB_CLIENT_CONFIRMATION_OK"
9684,10403066159,10403066192,1,"IOTHUB_CLIENT_CONFIRMATION_OK"
9685,10403066359,10403066489,1,"IOTHUB_CLIENT_CONFIRMATION_OK"
9686,10403066559,10403066673,1,"IOTHUB_CLIENT_CONFIRMATION_OK"
9687,10403066759,10403066794,1,"IOTHUB_CLIENT_CONFIRMATION_OK"
9688,10403066959,10403066990,1,"IOTHUB_CLIENT_CONFIRMATION_OK"
9689,10403067160,10403067198,1,"IOTHUB_CLIENT_CONFIRMATION_OK"
9690,10403067360,10403067538,1,"IOTHUB_CLIENT_CONFIRMATION_OK"
9691,10403067560,10403067591,1,"IOTHUB_CLIENT_CONFIRMATION_OK"
9692,10403067760,10403067796,1,"IOTHUB_CLIENT_CONFIRMATION_OK"
9693,10403067960,10403068007,1,"IOTHUB_CLIENT_CONFIRMATION_OK"
9694,10403068160,10403068197,1,"IOTHUB_CLIENT_CONFIRMATION_OK"
9695,10403068361,10403068575,1,"IOTHUB_CLIENT_CONFIRMATION_OK"
9696,10403068561,10403068602,1,"IOTHUB_CLIENT_CONFIRMATION_OK"
9697,10403068761,10403068793,1,"IOTHUB_CLIENT_CONFIRMATION_OK"
9698,10403068961,10403068999,1,"IOTHUB_CLIENT_CONFIRMATION_OK"
9699,10403069161,10403069190,1,"IOTHUB_CLIENT_CONFIRMATION_OK"
9700,10403069361,10403069399,1,"IOTHUB_CLIENT_CONFIRMATION_OK"
9701,10403069561,10403069616,1,"IOTHUB_CLIENT_CONFIRMATION_OK"
9702,10403069762,10403069846,1,"IOTHUB_CLIENT_CONFIRMATION_OK"
9703,10403069962,10403070004,1,"IOTHUB_CLIENT_CONFIRMATION_OK"
9704,10403070162,10403070208,1,"IOTHUB_CLIENT_CONFIRMATION_OK"
9705,10403070362,10403070405,1,"IOTHUB_CLIENT_CONFIRMATION_OK"
9706,10403070562,10403070615,1,"IOTHUB_CLIENT_CONFIRMATION_OK"
9707,10403070762,10403070939,1,"IOTHUB_CLIENT_CONFIRMATION_OK"
9708,10403070963,10403071082,1,"IOTHUB_CLIENT_CONFIRMATION_OK"
9709,10403071163,10403071194,1,"IOTHUB_CLIENT_CONFIRMATION_OK"
9710,10403071363,10403071393,1,"IOTHUB_CLIENT_CONFIRMATION_OK"
9711,10403071563,10403071623,1,"IOTHUB_CLIENT_CONFIRMATION_OK"
9712,10403071763,10403071804,1,"IOTHUB_CLIENT_CONFIRMATION_OK"
9713,10403071963,10403072000,1,"IOTHUB_CLIENT_CONFIRMATION_OK"
9714,10403072163,10403072193,1,"IOTHUB_CLIENT_CONFIRMATION_OK"
9715,10403072364,10403072406,1,"IOTHUB_CLIENT_CONFIRMATION_OK"
9716,10403072564,10403072636,1,"IOTHUB_CLIENT_CONFIRMATION_OK"
9717,10403072764,10403072806,1,"IOTHUB_CLIENT_CONFIRMATION_OK"
9718,10403072964,10403072994,1,"IOTHUB_CLIENT_CONFIRMATION_OK"
9719,10403073164,10403073251,1,"IOTHUB_CLIENT_CONFIRMATION_OK"
9720,10403073364,10403073396,1,"IOTHUB_CLIENT_CONFIRMATION_OK"
9721,10403073565,10403073654,1,"IOTHUB_CLIENT_CONFIRMATION_OK"
9722,10403073765,10403073801,1,"IOTHUB_CLIENT_CONFIRMATION_OK"
9723,10403073965,10403073999,1,"IOTHUB_CLIENT_CONFIRMATION_OK"
9724,10403074165,10403074289,1,"IOTHUB_CLIENT_CONFIRMATION_OK"
9725,10403074365,10403074400,1,"IOTHUB_CLIENT_CONFIRMATION_OK"
9726,10403074565,10403074691,1,"IOTHUB_CLIENT_CONFIRMATION_OK"
9727,10403074766,10403074860,1,"IOTHUB_CLIENT_CONFIRMATION_OK"
9728,10403074966,10403074997,1,"IOTHUB_CLIENT_CONFIRMATION_OK"
9729,10403075166,10403075336,1,"IOTHUB_CLIENT_CONFIRMATION_OK"
9730,10403075366,10403075417,1,"IOTHUB_CLIENT_CONFIRMATION_OK"
9731,10403075566,10403075608,1,"IOTHUB_CLIENT_CONFIRMATION_OK"
9732,10403075766,10403075800,1,"IOTHUB_CLIENT_CONFIRMATION_OK"
9733,10403075967,10403076004,1,"IOTHUB_CLIENT_CONFIRMATION_OK"
9734,10403076167,10403076213,1,"IOTHUB_CLIENT_CONFIRMATION_OK"
9735,10403076367,10403076400,1,"IOTHUB_CLIENT_CONFIRMATION_OK"
9736,10403076567,10403076598,1,"IOTHUB_CLIENT_CONFIRMATION_OK"
9737,10403076767,10403076799,1,"IOTHUB_CLIENT_CONFIRMATION_OK"
9738,10403076967,10403077001,1,"IOTHUB_CLIENT_CONFIRMATION_OK"
9739,10403077168,10403077377,1,"IOTHUB_CLIENT_CONFIRMATION_OK"
9740,10403077368,10403077483,1,"IOTHUB_CLIENT_CONFIRMATION_OK"
9741,10403077568,10403077603,1,"IOTHUB_CLIENT_CONFIRMATION_OK"
9742,10403077768,10403077798,1,"IOTHUB_CLIENT_CONFIRMATION_OK"
9743,10403077968,10403077999,1,"IOTHUB_CLIENT_CONFIRMATION_OK"
9744,10403078168,10403078204,1,"IOTHUB_CLIENT_CONFIRMATION_OK"
9745,10403078368,10403078432,1,"IOTHUB_CLIENT_CONFIRMATION_OK"
9746,10403078569,10403078606,1,"IOTHUB_CLIENT_CONFIRMATION_OK"
9747,10403078769,10403078806,1,"IOTHUB_CLIENT_CONFIRMATION_OK"
9748,10403078969,10403079005,1,"IOTHUB_CLIENT_CONFIRMATION_OK"
9749,10403079169,10403079202,1,"IOTHUB_CLIENT_CONFIRMATION_OK"
9750,10403079369,10403079414,1,"IOTHUB_CLIENT_CONFIRMATION_OK"
9751,10403079569,10403079603,1,"IOTHUB_CLIENT_CONFIRMATION_OK"
9752,10403079770,10403080027,1,"IOTHUB_CLIENT_CONFIRMATION_OK"
9753,10403079970,10403080479,1,"IOTHUB_CLIENT_CONFIRMATION_OK"
9754,10403080170,10403080533,1,"IOTHUB_CLIENT_CONFIRMATION_OK"
9755,10403080370,10403080602,1,"IOTHUB_CLIENT_CONFIRMATION_OK"
9756,10403080570,10403080666,1,"IOTHUB_CLIENT_CONFIRMATION_OK"
9757,10403080770,10403080810,1,"IOTHUB_CLIENT_CONFIRMATION_OK"
9758,10403080971,10403081011,1,"IOTHUB_CLIENT_CONFIRMATION_OK"
9759,10403081171,10403081201,1,"IOTHUB_CLIENT_CONFIRMATION_OK"
9760,10403081371,10403081454,1,"IOTHUB_CLIENT_CONFIRMATION_OK"
9761,10403081571,10403081610,1,"IOTHUB_CLIENT_CONFIRMATION_OK"
9762,10403081771,10403081811,1,"IOTHUB_CLIENT_CONFIRMATION_OK"
9763,10403081971,10403082000,1,"IOTHUB_CLIENT_CONFIRMATION_OK"
9764,10403082171,10403082204,1,"IOTHUB_CLIENT_CONFIRMATION_OK"
9765,10403082372,10403082462,1,"IOTHUB_CLIENT_CONFIRMATION_OK"
9766,10403082572,10403082610,1,"IOTHUB_CLIENT_CONFIRMATION_OK"
9767,10403082772,10403082827,1,"IOTHUB_CLIENT_CONFIRMATION_OK"
9768,10403082972,10403083076,1,"IOTHUB_CLIENT_CONFIRMATION_OK"
9769,10403083172,10403083203,1,"IOTHUB_CLIENT_CONFIRMATION_OK"
9770,10403083372,10403083475,1,"IOTHUB_CLIENT_CONFIRMATION_OK"
9771,10403083573,10403083613,1,"IOTHUB_CLIENT_CONFIRMATION_OK"
9772,10403083773,10403083807,1,"IOTHUB_CLIENT_CONFIRMATION_OK"
9773,10403083973,10403084099,1,"IOTHUB_CLIENT_CONFIRMATION_OK"
9774,10403084173,10403084219,1,"IOTHUB_CLIENT_CONFIRMATION_OK"
9775,10403084373,10403084404,1,"IOTHUB_CLIENT_CONFIRMATION_OK"
9776,10403084573,10403084614,1,"IOTHUB_CLIENT_CONFIRMATION_OK"
9777,10403084774,10403084804,1,"IOTHUB_CLIENT_CONFIRMATION_OK"
9778,10403084974,10403085137,1,"IOTHUB_CLIENT_CONFIRMATION_OK"
9779,10403085174,10403085206,1,"IOTHUB_CLIENT_CONFIRMATION_OK"
9780,10403085374,10403085404,1,"IOTHUB_CLIENT_CONFIRMATION_OK"
9781,10403085574,10403085612,1,"IOTHUB_CLIENT_CONFIRMATION_OK"
9782,10403085774,10403085810,1,"IOTHUB_CLIENT_CONFIRMATION_OK"
9783,10403085975,10403086025,1,"IOTHUB_CLIENT_CONFIRMATION_OK"
9784,10403086175,10403086205,1,"IOTHUB_CLIENT_CONFIRMATION_OK"
9785,10403086375,10403086440,1,"IOTHUB_CLIENT_CONFIRMATION_OK"
9786,10403086575,10403086643,1,"IOTHUB_CLIENT_CONFIRMATION_OK"
9787,10403086775,10403086812,1,"IOTHUB_CLIENT_CONFIRMATION_OK"
9788,10403086975,10403087016,1,"IOTHUB_CLIENT_CONFIRMATION_OK"
9789,10403087176,10403087227,1,"IOTHUB_CLIENT_CONFIRMATION_OK"
9790,10403087376,10403087405,1,"IOTHUB_CLIENT_CONFIRMATION_OK"
9791,10403087576,10403087650,1,"IOTHUB_CLIENT_CONFIRMATION_OK"
9792,10403087776,10403087814,1,"IOTHUB_CLIENT_CONFIRMATION_OK"
9793,10403087976,10403088013,1,"IOTHUB_CLIENT_CONFIRMATION_OK"
9794,10403088176,10403088209,1,"IOTHUB_CLIENT_CONFIRMATION_OK"
9795,10403088377,10403088496,1,"IOTHUB_CLIENT_CONFIRMATION_OK"
9796,10403088577,10403088704,1,"IOTHUB_CLIENT_CONFIRMATION_OK"
9797,10403088777,10403088816,1,"IOTHUB_CLIENT_CONFIRMATION_OK"
9798,10403088977,10403089010,1,"IOTHUB_CLIENT_CONFIRMATION_OK"
9799,10403089177,10403089217,1,"IOTHUB_CLIENT_CONFIRMATION_OK"
9800,10403089377,10403089428,1,"IOTHUB_CLIENT_CONFIRMATION_OK"
9801,10403089578,10403089713,1,"IOTHUB_CLIENT_CONFIRMATION_OK"
9802,10403089778,10403089814,1,"IOTHUB_CLIENT_CONFIRMATION_OK"
9803,10403089978,10403090012,1,"IOTHUB_CLIENT_CONFIRMATION_OK"
9804,10403090178,10403090332,1,"IOTHUB_CLIENT_CONFIRMATION_OK"
9805,10403090378,10403090410,1,"IOTHUB_CLIENT_CONFIRMATION_OK"
9806,10403090578,10403090621,1,"IOTHUB_CLIENT_CONFIRMATION_OK"
9807,10403090779,10403090807,1,"IOTHUB_CLIENT_CONFIRMATION_OK"
9808,10403090979,10403091013,1,"IOTHUB_CLIENT_CONFIRMATION_OK"
9809,10403091179,10403091216,1,"IOTHUB_CLIENT_CONFIRMATION_OK"
9810,10403091379,10403091449,1,"IOTHUB_CLIENT_CONFIRMATION_OK"
9811,10403091579,10403091611,1,"IOTHUB_CLIENT_CONFIRMATION_OK"
9812,10403091779,10403091814,1,"IOTHUB_CLIENT_CONFIRMATION_OK"
9813,10403091980,10403092014,1,"IOTHUB_CLIENT_CONFIRMATION_OK"
9814,10403092180,10403092386,1,"IOTHUB_CLIENT_CONFIRMATION_OK"
9815,10403092380,10403092428,1,"IOTHUB_CLIENT_CONFIRMATION_OK"
9816,10403092580,10403092618,1,"IOTHUB_CLIENT_CONFIRMATION_OK"
9817,10403092780,10403092810,1,"IOTHUB_CLIENT_CONFIRMATION_OK"
9818,10403092980,10403093035,1,"IOTHUB_CLIENT_CONFIRMATION_OK"
9819,10403093181,10403093220,1,"IOTHUB_CLIENT_CONFIRMATION_OK"
9820,10403093381,10403093415,1,"IOTHUB_CLIENT_CONFIRMATION_OK"
9821,10403093581,10403093628,1,"IOTHUB_CLIENT_CONFIRMATION_OK"
9822,10403093781,10403093820,1,"IOTHUB_CLIENT_CONFIRMATION_OK"
9823,10403093981,10403094024,1,"IOTHUB_CLIENT_CONFIRMATION_OK"
9824,10403094181,10403094221,1,"IOTHUB_CLIENT_CONFIRMATION_OK"
9825,10403094382,10403094422,1,"IOTHUB_CLIENT_CONFIRMATION_OK"
9826,10403094582,10403094619,1,"IOTHUB_CLIENT_CONFIRMATION_OK"
9827,10403094782,10403094819,1,"IOTHUB_CLIENT_CONFIRMATION_OK"
9828,10403094982,10403095019,1,"IOTHUB_CLIENT_CONFIRMATION_OK"
9829,10403095182,10403095215,1,"IOTHUB_CLIENT_CONFIRMATION_OK"
9830,10403095382,10403095432,1,"IOTHUB_CLIENT_CONFIRMATION_OK"
9831,10403095582,10403095613,1,"IOTHUB_CLIENT_CONFIRMATION_OK"
9832,10403095783,10403095846,1,"IOTHUB_CLIENT_CONFIRMATION_OK"
9833,10403095983,10403096014,1,"IOTHUB_CLIENT_CONFIRMATION_OK"
9834,10403096183,10403096214,1,"IOTHUB_CLIENT_CONFIRMATION_OK"
9835,10403096383,10403096454,1,"IOTHUB_CLIENT_CONFIRMATION_OK"
9836,10403096583,10403096619,1,"IOTHUB_CLIENT_CONFIRMATION_OK"
9837,10403096784,10403096829,1,"IOTHUB_CLIENT_CONFIRMATION_OK"
9838,10403096984,10403097072,1,"IOTHUB_CLIENT_CONFIRMATION_OK"
9839,10403097184,10403097222,1,"IOTHUB_CLIENT_CONFIRMATION_OK"
9840,10403097384,10403097466,1,"IOTHUB_CLIENT_CONFIRMATION_OK"
9841,10403097584,10403097657,1,"IOTHUB_CLIENT_CONFIRMATION_OK"
9842,10403097784,10403097829,1,"IOTHUB_CLIENT_CONFIRMATION_OK"
9843,10403097984,10403098081,1,"IOTHUB_CLIENT_CONFIRMATION_OK"
9844,10403098185,10403098216,1,"IOTHUB_CLIENT_CONFIRMATION_OK"
9845,10403098385,10403098477,1,"IOTHUB_CLIENT_CONFIRMATION_OK"
9846,10403098585,10403098621,1,"IOTHUB_CLIENT_CONFIRMATION_OK"
9847,10403098785,10403098824,1,"IOTHUB_CLIENT_CONFIRMATION_OK"
9848,10403098985,10403099114,1,"IOTHUB_CLIENT_CONFIRMATION_OK"
9849,10403099185,10403099221,1,"IOTHUB_CLIENT_CONFIRMATION_OK"
9850,10403099386,10403099452,1,"IOTHUB_CLIENT_CONFIRMATION_OK"
9851,10403099586,10403099623,1,"IOTHUB_CLIENT_CONFIRMATION_OK"
9852,10403099786,10403099824,1,"IOTHUB_CLIENT_CONFIRMATION_OK"
9853,10403099986,10403100016,1,"IOTHUB_CLIENT_CONFIRMATION_OK"
9854,10403100186,10403100228,1,"IOTHUB_CLIENT_CONFIRMATION_OK"
9855,10403100386,10403100414,1,"IOTHUB_CLIENT_CONFIRMATION_OK"
9856,10403100587,10403100625,1,"IOTHUB_CLIENT_CONFIRMATION_OK"
9857,10403100787,10403100824,1,"IOTHUB_CLIENT_CONFIRMATION_OK"
9858,10403100987,10403101248,1,"IOTHUB_CLIENT_CONFIRMATION_OK"
9859,10403101187,10403101273,1,"IOTHUB_CLIENT_CONFIRMATION_OK"
9860,10403101387,10403101418,1,"IOTHUB_CLIENT_CONFIRMATION_OK"
9861,10403101587,10403101640,1,"IOTHUB_CLIENT_CONFIRMATION_OK"
9862,10403101787,10403101825,1,"IOTHUB_CLIENT_CONFIRMATION_OK"
9863,10403101988,10403102018,1,"IOTHUB_CLIENT_CONFIRMATION_OK"
9864,10403102188,10403102228,1,"IOTHUB_CLIENT_CONFIRMATION_OK"
9865,10403102388,10403102425,1,"IOTHUB_CLIENT_CONFIRMATION_OK"
9866,10403102588,10403102699,1,"IOTHUB_CLIENT_CONFIRMATION_OK"
9867,10403102788,10403102825,1,"IOTHUB_CLIENT_CONFIRMATION_OK"
9868,10403102988,10403103021,1,"IOTHUB_CLIENT_CONFIRMATION_OK"
9869,10403103189,10403103223,1,"IOTHUB_CLIENT_CONFIRMATION_OK"
9870,10403103389,10403103418,1,"IOTHUB_CLIENT_CONFIRMATION_OK"
9871,10403103589,10403103719,1,"IOTHUB_CLIENT_CONFIRMATION_OK"
9872,10403103789,10403103826,1,"IOTHUB_CLIENT_CONFIRMATION_OK"
9873,10403103989,10403104030,1,"IOTHUB_CLIENT_CONFIRMATION_OK"
9874,10403104189,10403104229,1,"IOTHUB_CLIENT_CONFIRMATION_OK"
9875,10403104389,10403104437,1,"IOTHUB_CLIENT_CONFIRMATION_OK"
9876,10403104590,10403104743,1,"IOTHUB_CLIENT_CONFIRMATION_OK"
9877,10403104790,10403104820,1,"IOTHUB_CLIENT_CONFIRMATION_OK"
9878,10403104990,10403105032,1,"IOTHUB_CLIENT_CONFIRMATION_OK"
9879,10403105190,10403105225,1,"IOTHUB_CLIENT_CONFIRMATION_OK"
9880,10403105390,10403105454,1,"IOTHUB_CLIENT_CONFIRMATION_OK"
9881,10403105590,10403105628,1,"IOTHUB_CLIENT_CONFIRMATION_OK"
9882,10403105791,10403105841,1,"IOTHUB_CLIENT_CONFIRMATION_OK"
9883,10403105991,10403106031,1,"IOTHUB_CLIENT_CONFIRMATION_OK"
9884,10403106191,10403106246,1,"IOTHUB_CLIENT_CONFIRMATION_OK"
9885,10403106391,10403106420,1,"IOTHUB_CLIENT_CONFIRMATION_OK"
9886,10403106591,10403106629,1,"IOTHUB_CLIENT_CONFIRMATION_OK"
9887,10403106791,10403106824,1,"IOTHUB_CLIENT_CONFIRMATION_OK"
9888,10403106991,10403107028,1,"IOTHUB_CLIENT_CONFIRMATION_OK"
9889,10403107192,10403107407,1,"IOTHUB_CLIENT_CONFIRMATION_OK"
9890,10403107392,10403107430,1,"IOTHUB_CLIENT_CONFIRMATION_OK"
9891,10403107592,10403107630,1,"IOTHUB_CLIENT_CONFIRMATION_OK"
9892,10403107792,10403107897,1,"IOTHUB_CLIENT_CONFIRMATION_OK"
9893,10403107992,10403108032,1,"IOTHUB_CLIENT_CONFIRMATION_OK"
9894,10403108192,10403108227,1,"IOTHUB_CLIENT_CONFIRMATION_OK"
9895,10403108393,10403108425,1,"IOTHUB_CLIENT_CONFIRMATION_OK"
9896,10403108593,10403108625,1,"IOTHUB_CLIENT_CONFIRMATION_OK"
9897,10403108793,10403108920,1,"IOTHUB_CLIENT_CONFIRMATION_OK"
9898,10403108993,10403109023,1,"IOTHUB_CLIENT_CONFIRMATION_OK"
9899,10403109193,10403109223,1,"IOTHUB_CLIENT_CONFIRMATION_OK"
9900,10403109393,10403109422,1,"IOTHUB_CLIENT_CONFIRMATION_OK"
9901,10403109593,10403109633,1,"IOTHUB_CLIENT_CONFIRMATION_OK"
9902,10403109794,10403109915,1,"IOTHUB_CLIENT_CONFIRMATION_OK"
9903,10403109994,10403110025,1,"IOTHUB_CLIENT_CONFIRMATION_OK"
9904,10403110194,10403110237,1,"IOTHUB_CLIENT_CONFIRMATION_OK"
9905,10403110394,10403110432,1,"IOTHUB_CLIENT_CONFIRMATION_OK"
9906,10403110594,10403110632,1,"IOTHUB_CLIENT_CONFIRMATION_OK"
9907,10403110794,10403110827,1,"IOTHUB_CLIENT_CONFIRMATION_OK"
9908,10403110995,10403111023,1,"IOTHUB_CLIENT_CONFIRMATION_OK"
9909,10403111195,10403111279,1,"IOTHUB_CLIENT_CONFIRMATION_OK"
9910,10403111395,10403111567,1,"IOTHUB_CLIENT_CONFIRMATION_OK"
9911,10403111595,10403111634,1,"IOTHUB_CLIENT_CONFIRMATION_OK"
9912,10403111795,10403111836,1,"IOTHUB_CLIENT_CONFIRMATION_OK"
9913,10403111995,10403112026,1,"IOTHUB_CLIENT_CONFIRMATION_OK"
9914,10403112196,10403112229,1,"IOTHUB_CLIENT_CONFIRMATION_OK"
9915,10403112396,10403112581,1,"IOTHUB_CLIENT_CONFIRMATION_OK"
9916,10403112596,10403112623,1,"IOTHUB_CLIENT_CONFIRMATION_OK"
9917,10403112796,10403112832,1,"IOTHUB_CLIENT_CONFIRMATION_OK"
9918,10403112996,10403113032,1,"IOTHUB_CLIENT_CONFIRMATION_OK"
9919,10403113196,10403113230,1,"IOTHUB_CLIENT_CONFIRMATION_OK"
9920,10403113397,10403113582,1,"IOTHUB_CLIENT_CONFIRMATION_OK"
9921,10403113597,10403113630,1,"IOTHUB_CLIENT_CONFIRMATION_OK"
9922,10403113797,10403113837,1,"IOTHUB_CLIENT_CONFIRMATION_OK"
9923,10403113997,10403114191,1,"IOTHUB_CLIENT_CONFIRMATION_OK"
9924,10403114197,10403114235,1,"IOTHUB_CLIENT_CONFIRMATION_OK"
9925,10403114397,10403114426,1,"IOTHUB_CLIENT_CONFIRMATION_OK"
9926,10403114598,10403114637,1,"IOTHUB_CLIENT_CONFIRMATION_OK"
9927,10403114798,10403114854,1,"IOTHUB_CLIENT_CONFIRMATION_OK"
9928,10403114998,10403115034,1,"IOTHUB_CLIENT_CONFIRMATION_OK"
9929,10403115198,10403115234,1,"IOTHUB_CLIENT_CONFIRMATION_OK"
9930,10403115398,10403115427,1,"IOTHUB_CLIENT_CONFIRMATION_OK"
9931,10403115598,10403115630,1,"IOTHUB_CLIENT_CONFIRMATION_OK"
9932,10403115798,10403115839,1,"IOTHUB_CLIENT_CONFIRMATION_OK"
9933,10403115999,10403116035,1,"IOTHUB_CLIENT_CONFIRMATION_OK"
9934,10403116199,10403116240,1,"IOTHUB_CLIENT_CONFIRMATION_OK"
9935,10403116399,10403116430,1,"IOTHUB_CLIENT_CONFIRMATION_OK"
9936,10403116599,10403116633,1,"IOTHUB_CLIENT_CONFIRMATION_OK"
9937,10403116799,10403116832,1,"IOTHUB_CLIENT_CONFIRMATION_OK"
9938,10403116999,10403117066,1,"IOTHUB_CLIENT_CONFIRMATION_OK"
9939,10403117200,10403117289,1,"IOTHUB_CLIENT_CONFIRMATION_OK"
9940,10403117400,10403117431,1,"IOTHUB_CLIENT_CONFIRMATION_OK"
9941,10403117600,10403117693,1,"IOTHUB_CLIENT_CONFIRMATION_OK"
9942,10403117800,10403117862,1,"IOTHUB_CLIENT_CONFIRMATION_OK"
9943,10403118000,10403118059,1,"IOTHUB_CLIENT_CONFIRMATION_OK"
9944,10403118200,10403118232,1,"IOTHUB_CLIENT_CONFIRMATION_OK"
9945,10403118401,10403118435,1,"IOTHUB_CLIENT_CONFIRMATION_OK"
9946,10403118601,10403118734,1,"IOTHUB_CLIENT_CONFIRMATION_OK"
9947,10403118801,10403118840,1,"IOTHUB_CLIENT_CONFIRMATION_OK"
9948,10403119001,10403119047,1,"IOTHUB_CLIENT_CONFIRMATION_OK"
9949,10403119201,10403119231,1,"IOTHUB_CLIENT_CONFIRMATION_OK"
9950,10403119401,10403119442,1,"IOTHUB_CLIENT_CONFIRMATION_OK"
9951,10403119601,10403119746,1,"IOTHUB_CLIENT_CONFIRMATION_OK"
9952,10403119802,10403119831,1,"IOTHUB_CLIENT_CONFIRMATION_OK"
9953,10403120002,10403120051,1,"IOTHUB_CLIENT_CONFIRMATION_OK"
9954,10403120202,10403120268,1,"IOTHUB_CLIENT_CONFIRMATION_OK"
9955,10403120402,10403120438,1,"IOTHUB_CLIENT_CONFIRMATION_OK"
9956,10403120602,10403120633,1,"IOTHUB_CLIENT_CONFIRMATION_OK"
9957,10403120802,10403120835,1,"IOTHUB_CLIENT_CONFIRMATION_OK"
9958,10403121003,10403121042,1,"IOTHUB_CLIENT_CONFIRMATION_OK"
9959,10403121203,10403121236,1,"IOTHUB_CLIENT_CONFIRMATION_OK"
9960,10403121403,10403121449,1,"IOTHUB_CLIENT_CONFIRMATION_OK"
9961,10403121603,10403121638,1,"IOTHUB_CLIENT_CONFIRMATION_OK"
9962,10403121803,10403121860,1,"IOTHUB_CLIENT_CONFIRMATION_OK"
9963,10403122003,10403122055,1,"IOTHUB_CLIENT_CONFIRMATION_OK"
9964,10403122204,10403122269,1,"IOTHUB_CLIENT_CONFIRMATION_OK"
9965,10403122404,10403122435,1,"IOTHUB_CLIENT_CONFIRMATION_OK"
9966,10403122604,10403122641,1,"IOTHUB_CLIENT_CONFIRMATION_OK"
9967,10403122804,10403122857,1,"IOTHUB_CLIENT_CONFIRMATION_OK"
9968,10403123004,10403123036,1,"IOTHUB_CLIENT_CONFIRMATION_OK"
9969,10403123204,10403123242,1,"IOTHUB_CLIENT_CONFIRMATION_OK"
9970,10403123405,10403123443,1,"IOTHUB_CLIENT_CONFIRMATION_OK"
9971,10403123605,10403123634,1,"IOTHUB_CLIENT_CONFIRMATION_OK"
9972,10403123805,10403123900,1,"IOTHUB_CLIENT_CONFIRMATION_OK"
9973,10403124005,10403124049,1,"IOTHUB_CLIENT_CONFIRMATION_OK"
9974,10403124205,10403124247,1,"IOTHUB_CLIENT_CONFIRMATION_OK"
9975,10403124405,10403124503,1,"IOTHUB_CLIENT_CONFIRMATION_OK"
9976,10403124606,10403124647,1,"IOTHUB_CLIENT_CONFIRMATION_OK"
9977,10403124806,10403124934,1,"IOTHUB_CLIENT_CONFIRMATION_OK"
9978,10403125006,10403125046,1,"IOTHUB_CLIENT_CONFIRMATION_OK"
9979,10403125206,10403125238,1,"IOTHUB_CLIENT_CONFIRMATION_OK"
9980,10403125406,10403125461,1,"IOTHUB_CLIENT_CONFIRMATION_OK"
9981,10403125606,10403125647,1,"IOTHUB_CLIENT_CONFIRMATION_OK"
9982,10403125807,10403125985,1,"IOTHUB_CLIENT_CONFIRMATION_OK"
9983,10403126007,10403126042,1,"IOTHUB_CLIENT_CONFIRMATION_OK"
9984,10403126207,10403126253,1,"IOTHUB_CLIENT_CONFIRMATION_OK"
9985,10403126407,10403126442,1,"IOTHUB_CLIENT_CONFIRMATION_OK"
9986,10403126607,10403126640,1,"IOTHUB_CLIENT_CONFIRMATION_OK"
9987,10403126807,10403126845,1,"IOTHUB_CLIENT_CONFIRMATION_OK"
9988,10403127008,10403127040,1,"IOTHUB_CLIENT_CONFIRMATION_OK"
9989,10403127208,10403127247,1,"IOTHUB_CLIENT_CONFIRMATION_OK"
9990,10403127408,10403127446,1,"IOTHUB_CLIENT_CONFIRMATION_OK"
9991,10403127608,10403127636,1,"IOTHUB_CLIENT_CONFIRMATION_OK"
9992,10403127808,10403127850,1,"IOTHUB_CLIENT_CONFIRMATION_OK"
9993,10403128008,10403128045,1,"IOTHUB_CLIENT_CONFIRMATION_OK"
9994,10403128209,10403128245,1,"IOTHUB_CLIENT_CONFIRMATION_OK"
9995,10403128409,10403128450,1,"IOTHUB_CLIENT_CONFIRMATION_OK"
9996,10403128609,10403128642,1,"IOTHUB_CLIENT_CONFIRMATION_OK"
9997,10403128809,10403128837,1,"IOTHUB_CLIENT_CONFIRMATION_OK"
9998,10403129009,10403129051,1,"IOTHUB_CLIENT_CONFIRMATION_OK"
9999,10403129209,10403129246,1,"IOTHUB_CLIENT_CONFIRMATION_OK"
10000,10403129410,10403129448,1,"IOTHUB_CLIENT_CONFIRMATION_OK"
10001,10403129610,10403129666,1,"IOTHUB_CLIENT_CONFIRMATION_OK"
10002,10403129810,10403129840,1,"IOTHUB_CLIENT_CONFIRMATION_OK"
10003,10403130010,10403130069,1,"IOTHUB_CLIENT_CONFIRMATION_OK"
10004,10403130210,10403130259,1,"IOTHUB_CLIENT_CONFIRMATION_OK"
10005,10403130410,10403130440,1,"IOTHUB_CLIENT_CONFIRMATION_OK"
10006,10403130610,10403130675,1,"IOTHUB_CLIENT_CONFIRMATION_OK"
10007,10403130811,10403130838,1,"IOTHUB_CLIENT_CONFIRMATION_OK"
10008,10403131011,10403131093,1,"IOTHUB_CLIENT_CONFIRMATION_OK"
10009,10403131211,10403131282,1,"IOTHUB_CLIENT_CONFIRMATION_OK"
10010,10403131411,10403131446,1,"IOTHUB_CLIENT_CONFIRMATION_OK"
10011,10403131611,10403131793,1,"IOTHUB_CLIENT_CONFIRMATION_OK"
10012,10403131811,10403131841,1,"IOTHUB_CLIENT_CONFIRMATION_OK"
10013,10403132012,10403132048,1,"IOTHUB_CLIENT_CONFIRMATION_OK"
10014,10403132212,10403132245,1,"IOTHUB_CLIENT_CONFIRMATION_OK"
10015,10403132412,10403132441,1,"IOTHUB_CLIENT_CONFIRMATION_OK"
10016,10403132612,10403132734,1,"IOTHUB_CLIENT_CONFIRMATION_OK"
10017,10403132812,10403132853,1,"IOTHUB_CLIENT_CONFIRMATION_OK"
10018,10403133012,10403133058,1,"IOTHUB_CLIENT_CONFIRMATION_OK"
10019,10403133212,10403133254,1,"IOTHUB_CLIENT_CONFIRMATION_OK"
10020,10403133413,10403133445,1,"IOTHUB_CLIENT_CONFIRMATION_OK"
10021,10403133613,10403133761,1,"IOTHUB_CLIENT_CONFIRMATION_OK"
10022,10403133813,10403133864,1,"IOTHUB_CLIENT_CONFIRMATION_OK"
10023,10403134013,10403134051,1,"IOTHUB_CLIENT_CONFIRMATION_OK"
10024,10403134213,10403134243,1,"IOTHUB_CLIENT_CONFIRMATION_OK"
10025,10403134413,10403134442,1,"IOTHUB_CLIENT_CONFIRMATION_OK"
10026,10403134614,10403134805,1,"IOTHUB_CLIENT_CONFIRMATION_OK"
10027,10403134814,10403134849,1,"IOTHUB_CLIENT_CONFIRMATION_OK"
10028,10403135014,10403135051,1,"IOTHUB_CLIENT_CONFIRMATION_OK"
10029,10403135214,10403135250,1,"IOTHUB_CLIENT_CONFIRMATION_OK"
10030,10403135414,10403135447,1,"IOTHUB_CLIENT_CONFIRMATION_OK"
10031,10403135614,10403135656,1,"IOTHUB_CLIENT_CONFIRMATION_OK"
10032,10403135815,10403135845,1,"IOTHUB_CLIENT_CONFIRMATION_OK"
10033,10403136015,10403136055,1,"IOTHUB_CLIENT_CONFIRMATION_OK"
10034,10403136215,10403136350,1,"IOTHUB_CLIENT_CONFIRMATION_OK"
10035,10403136415,10403136456,1,"IOTHUB_CLIENT_CONFIRMATION_OK"
10036,10403136615,10403136662,1,"IOTHUB_CLIENT_CONFIRMATION_OK"
10037,10403136815,10403136843,1,"IOTHUB_CLIENT_CONFIRMATION_OK"
10038,10403137016,10403137065,1,"IOTHUB_CLIENT_CONFIRMATION_OK"
10039,10403137216,10403137351,1,"IOTHUB_CLIENT_CONFIRMATION_OK"
10040,10403137416,10403137454,1,"IOTHUB_CLIENT_CONFIRMATION_OK"
10041,10403137616,10403137662,1,"IOTHUB_CLIENT_CONFIRMATION_OK"
10042,10403137816,10403137855,1,"IOTHUB_CLIENT_CONFIRMATION_OK"
10043,10403138016,10403138054,1,"IOTHUB_CLIENT_CONFIRMATION_OK"
10044,10403138217,10403138255,1,"IOTHUB_CLIENT_CONFIRMATION_OK"
10045,10403138417,10403138448,1,"IOTHUB_CLIENT_CONFIRMATION_OK"
10046,10403138617,10403138659,1,"IOTHUB_CLIENT_CONFIRMATION_OK"
10047,10403138817,10403138851,1,"IOTHUB_CLIENT_CONFIRMATION_OK"
10048,10403139017,10403139069,1,"IOTHUB_CLIENT_CONFIRMATION_OK"
10049,10403139217,10403139262,1,"IOTHUB_CLIENT_CONFIRMATION_OK"
10050,10403139418,10403139448,1,"IOTHUB_CLIENT_CONFIRMATION_OK"
10051,10403139618,10403139656,1,"IOTHUB_CLIENT_CONFIRMATION_OK"
10052,10403139818,10403139860,1,"IOTHUB_CLIENT_CONFIRMATION_OK"
10053,10403140018,10403140057,1,"IOTHUB_CLIENT_CONFIRMATION_OK"
10054,10403140218,10403140250,1,"IOTHUB_CLIENT_CONFIRMATION_OK"
10055,10403140418,10403140467,1,"IOTHUB_CLIENT_CONFIRMATION_OK"
10056,10403140619,10403140658,1,"IOTHUB_CLIENT_CONFIRMATION_OK"
10057,10403140819,10403140875,1,"IOTHUB_CLIENT_CONFIRMATION_OK"
10058,10403141019,10403141050,1,"IOTHUB_CLIENT_CONFIRMATION_OK"
10059,10403141219,10403141260,1,"IOTHUB_CLIENT_CONFIRMATION_OK"
10060,10403141419,10403141483,1,"IOTHUB_CLIENT_CONFIRMATION_OK"
10061,10403141619,10403141656,1,"IOTHUB_CLIENT_CONFIRMATION_OK"
10062,10403141819,10403141858,1,"IOTHUB_CLIENT_CONFIRMATION_OK"
10063,10403142020,10403142147,1,"IOTHUB_CLIENT_CONFIRMATION_OK"
10064,10403142220,10403142254,1,"IOTHUB_CLIENT_CONFIRMATION_OK"
10065,10403142420,10403142495,1,"IOTHUB_CLIENT_CONFIRMATION_OK"
10066,10403142620,10403142655,1,"IOTHUB_CLIENT_CONFIRMATION_OK"
10067,10403142820,10403142860,1,"IOTHUB_CLIENT_CONFIRMATION_OK"
10068,10403143020,10403143132,1,"IOTHUB_CLIENT_CONFIRMATION_OK"
10069,10403143221,10403143258,1,"IOTHUB_CLIENT_CONFIRMATION_OK"
10070,10403143421,10403143526,1,"IOTHUB_CLIENT_CONFIRMATION_OK"
10071,10403143621,10403143665,1,"IOTHUB_CLIENT_CONFIRMATION_OK"
10072,10403143821,10403143862,1,"IOTHUB_CLIENT_CONFIRMATION_OK"
10073,10403144021,10403144148,1,"IOTHUB_CLIENT_CONFIRMATION_OK"
10074,10403144221,10403144251,1,"IOTHUB_CLIENT_CONFIRMATION_OK"
10075,10403144421,10403144451,1,"IOTHUB_CLIENT_CONFIRMATION_OK"
10076,10403144622,10403144657,1,"IOTHUB_CLIENT_CONFIRMATION_OK"
10077,10403144822,10403144862,1,"IOTHUB_CLIENT_CONFIRMATION_OK"
10078,10403145022,10403145055,1,"IOTHUB_CLIENT_CONFIRMATION_OK"
10079,10403145222,10403145250,1,"IOTHUB_CLIENT_CONFIRMATION_OK"
10080,10403145422,10403145469,1,"IOTHUB_CLIENT_CONFIRMATION_OK"
10081,10403145622,10403145665,1,"IOTHUB_CLIENT_CONFIRMATION_OK"
10082,10403145823,10403145854,1,"IOTHUB_CLIENT_CONFIRMATION_OK"
10083,10403146023,10403146235,1,"IOTHUB_CLIENT_CONFIRMATION_OK"
10084,10403146223,10403146268,1,"IOTHUB_CLIENT_CONFIRMATION_OK"
10085,10403146423,10403146456,1,"IOTHUB_CLIENT_CONFIRMATION_OK"
10086,10403146623,10403146653,1,"IOTHUB_CLIENT_CONFIRMATION_OK"
10087,10403146823,10403146861,1,"IOTHUB_CLIENT_CONFIRMATION_OK"
10088,10403147024,10403147059,1,"IOTHUB_CLIENT_CONFIRMATION_OK"
10089,10403147224,10403147256,1,"IOTHUB_CLIENT_CONFIRMATION_OK"
10090,10403147424,10403147459,1,"IOTHUB_CLIENT_CONFIRMATION_OK"
10091,10403147624,10403147781,1,"IOTHUB_CLIENT_CONFIRMATION_OK"
10092,10403147824,10403147870,1,"IOTHUB_CLIENT_CONFIRMATION_OK"
10093,10403148024,10403148062,1,"IOTHUB_CLIENT_CONFIRMATION_OK"
10094,10403148225,10403148277,1,"IOTHUB_CLIENT_CONFIRMATION_OK"
10095,10403148425,10403148458,1,"IOTHUB_CLIENT_CONFIRMATION_OK"
10096,10403148625,10403148667,1,"IOTHUB_CLIENT_CONFIRMATION_OK"
10097,10403148825,10403148862,1,"IOTHUB_CLIENT_CONFIRMATION_OK"
10098,10403149025,10403149056,1,"IOTHUB_CLIENT_CONFIRMATION_OK"
10099,10403149225,10403149286,1,"IOTHUB_CLIENT_CONFIRMATION_OK"
10100,10403149425,10403149470,1,"IOTHUB_CLIENT_CONFIRMATION_OK"
10101,10403149626,10403149701,1,"IOTHUB_CLIENT_CONFIRMATION_OK"
10102,10403149826,10403149875,1,"IOTHUB_CLIENT_CONFIRMATION_OK"
10103,10403150026,10403150065,1,"IOTHUB_CLIENT_CONFIRMATION_OK"
10104,10403150226,10403150434,1,"IOTHUB_CLIENT_CONFIRMATION_OK"
10105,10403150426,10403150473,1,"IOTHUB_CLIENT_CONFIRMATION_OK"
10106,10403150626,10403150683,1,"IOTHUB_CLIENT_CONFIRMATION_OK"
10107,10403150827,10403150877,1,"IOTHUB_CLIENT_CONFIRMATION_OK"
10108,10403151027,10403151072,1,"IOTHUB_CLIENT_CONFIRMATION_OK"
10109,10403151227,10403151282,1,"IOTHUB_CLIENT_CONFIRMATION_OK"
10110,10403151427,10403151466,1,"IOTHUB_CLIENT_CONFIRMATION_OK"
10111,10403151627,10403151671,1,"IOTHUB_CLIENT_CONFIRMATION_OK"
10112,10403151827,10403151951,1,"IOTHUB_CLIENT_CONFIRMATION_OK"
10113,10403152027,10403152057,1,"IOTHUB_CLIENT_CONFIRMATION_OK"
10114,10403152228,10403152338,1,"IOTHUB_CLIENT_CONFIRMATION_OK"
10115,10403152428,10403152456,1,"IOTHUB_CLIENT_CONFIRMATION_OK"
10116,10403152628,10403152671,1,"IOTHUB_CLIENT_CONFIRMATION_OK"
10117,10403152828,10403152961,1,"IOTHUB_CLIENT_CONFIRMATION_OK"
10118,10403153028,10403153070,1,"IOTHUB_CLIENT_CONFIRMATION_OK"
10119,10403153228,10403153276,1,"IOTHUB_CLIENT_CONFIRMATION_OK"
10120,10403153429,10403153464,1,"IOTHUB_CLIENT_CONFIRMATION_OK"
10121,10403153629,10403153661,1,"IOTHUB_CLIENT_CONFIRMATION_OK"
10122,10403153829,10403153977,1,"IOTHUB_CLIENT_CONFIRMATION_OK"
10123,10403154029,10403154067,1,"IOTHUB_CLIENT_CONFIRMATION_OK"
10124,10403154229,10403154268,1,"IOTHUB_CLIENT_CONFIRMATION_OK"
10125,10403154429,10403154487,1,"IOTHUB_CLIENT_CONFIRMATION_OK"
10126,10403154630,10403154666,1,"IOTHUB_CLIENT_CONFIRMATION_OK"
10127,10403154830,10403154997,1,"IOTHUB_CLIENT_CONFIRMATION_OK"
10128,10403155030,10403155061,1,"IOTHUB_CLIENT_CONFIRMATION_OK"
10129,10403155230,10403155267,1,"IOTHUB_CLIENT_CONFIRMATION_OK"
10130,10403155430,10403155471,1,"IOTHUB_CLIENT_CONFIRMATION_OK"
10131,10403155630,10403155666,1,"IOTHUB_CLIENT_CONFIRMATION_OK"
10132,10403155831,10403155995,1,"IOTHUB_CLIENT_CONFIRMATION_OK"
10133,10403156031,10403156069,1,"IOTHUB_CLIENT_CONFIRMATION_OK"
10134,10403156231,10403156267,1,"IOTHUB_CLIENT_CONFIRMATION_OK"
10135,10403156431,10403156476,1,"IOTHUB_CLIENT_CONFIRMATION_OK"
10136,10403156631,10403156665,1,"IOTHUB_CLIENT_CONFIRMATION_OK"
10137,10403156831,10403156868,1,"IOTHUB_CLIENT_CONFIRMATION_OK"
10138,10403157032,10403157075,1,"IOTHUB_CLIENT_CONFIRMATION_OK"
10139,10403157232,10403157272,1,"IOTHUB_CLIENT_CONFIRMATION_OK"
10140,10403157432,10403157487,1,"IOTHUB_CLIENT_CONFIRMATION_OK"
10141,10403157632,10403157671,1,"IOTHUB_CLIENT_CONFIRMATION_OK"
10142,10403157832,10403157865,1,"IOTHUB_CLIENT_CONFIRMATION_OK"
10143,10403158032,10403158061,1,"IOTHUB_CLIENT_CONFIRMATION_OK"
10144,10403158233,10403158265,1,"IOTHUB_CLIENT_CONFIRMATION_OK"
10145,10403158433,10403158530,1,"IOTHUB_CLIENT_CONFIRMATION_OK"
10146,10403158633,10403158670,1,"IOTHUB_CLIENT_CONFIRMATION_OK"
10147,10403158833,10403158870,1,"IOTHUB_CLIENT_CONFIRMATION_OK"
10148,10403159033,10403159073,1,"IOTHUB_CLIENT_CONFIRMATION_OK"
10149,10403159233,10403159279,1,"IOTHUB_CLIENT_CONFIRMATION_OK"
10150,10403159434,10403159484,1,"IOTHUB_CLIENT_CONFIRMATION_OK"
10151,10403159634,10403159679,1,"IOTHUB_CLIENT_CONFIRMATION_OK"
10152,10403159834,10403159874,1,"IOTHUB_CLIENT_CONFIRMATION_OK"
10153,10403160034,10403160101,1,"IOTHUB_CLIENT_CONFIRMATION_OK"
10154,10403160234,10403160297,1,"IOTHUB_CLIENT_CONFIRMATION_OK"
10155,10403160435,10403160475,1,"IOTHUB_CLIENT_CONFIRMATION_OK"
10156,10403160635,10403160716,1,"IOTHUB_CLIENT_CONFIRMATION_OK"
10157,10403160835,10403160892,1,"IOTHUB_CLIENT_CONFIRMATION_OK"
10158,10403161035,10403161106,1,"IOTHUB_CLIENT_CONFIRMATION_OK"
10159,10403161235,10403161282,1,"IOTHUB_CLIENT_CONFIRMATION_OK"
10160,10403161435,10403161481,1,"IOTHUB_CLIENT_CONFIRMATION_OK"
10161,10403161635,10403161807,1,"IOTHUB_CLIENT_CONFIRMATION_OK"
10162,10403161836,10403161880,1,"IOTHUB_CLIENT_CONFIRMATION_OK"
10163,10403162036,10403162073,1,"IOTHUB_CLIENT_CONFIRMATION_OK"
10164,10403162236,10403162275,1,"IOTHUB_CLIENT_CONFIRMATION_OK"
10165,10403162436,10403162476,1,"IOTHUB_CLIENT_CONFIRMATION_OK"
10166,10403162636,10403162676,1,"IOTHUB_CLIENT_CONFIRMATION_OK"
10167,10403162836,10403162877,1,"IOTHUB_CLIENT_CONFIRMATION_OK"
10168,10403163036,10403163072,1,"IOTHUB_CLIENT_CONFIRMATION_OK"
10169,10403163237,10403163280,1,"IOTHUB_CLIENT_CONFIRMATION_OK"
10170,10403163437,10403163468,1,"IOTHUB_CLIENT_CONFIRMATION_OK"
10171,10403163637,10403163829,1,"IOTHUB_CLIENT_CONFIRMATION_OK"
10172,10403163837,10403163904,1,"IOTHUB_CLIENT_CONFIRMATION_OK"
10173,10403164037,10403164067,1,"IOTHUB_CLIENT_CONFIRMATION_OK"
10174,10403164237,10403164294,1,"IOTHUB_CLIENT_CONFIRMATION_OK"
10175,10403164437,10403164468,1,"IOTHUB_CLIENT_CONFIRMATION_OK"
10176,10403164638,10403164848,1,"IOTHUB_CLIENT_CONFIRMATION_OK"
10177,10403164838,10403164876,1,"IOTHUB_CLIENT_CONFIRMATION_OK"
10178,10403165038,10403165077,1,"IOTHUB_CLIENT_CONFIRMATION_OK"
10179,10403165238,10403165281,1,"IOTHUB_CLIENT_CONFIRMATION_OK"
10180,10403165438,10403165469,1,"IOTHUB_CLIENT_CONFIRMATION_OK"
10181,10403165638,10403165687,1,"IOTHUB_CLIENT_CONFIRMATION_OK"
10182,10403165838,10403165874,1,"IOTHUB_CLIENT_CONFIRMATION_OK"
10183,10403166039,10403166071,1,"IOTHUB_CLIENT_CONFIRMATION_OK"
10184,10403166239,10403166269,1,"IOTHUB_CLIENT_CONFIRMATION_OK"
10185,10403166439,10403166472,1,"IOTHUB_CLIENT_CONFIRMATION_OK"
10186,10403166639,10403166679,1,"IOTHUB_CLIENT_CONFIRMATION_OK"
10187,10403166839,10403166890,1,"IOTHUB_CLIENT_CONFIRMATION_OK"
10188,10403167039,10403167072,1,"IOTHUB_CLIENT_CONFIRMATION_OK"
10189,10403167240,10403167295,1,"IOTHUB_CLIENT_CONFIRMATION_OK"
10190,10403167440,10403167498,1,"IOTHUB_CLIENT_CONFIRMATION_OK"
10191,10403167640,10403167741,1,"IOTHUB_CLIENT_CONFIRMATION_OK"
10192,10403167840,10403167953,1,"IOTHUB_CLIENT_CONFIRMATION_OK"
10193,10403168040,10403168069,1,"IOTHUB_CLIENT_CONFIRMATION_OK"
10194,10403168240,10403168283,1,"IOTHUB_CLIENT_CONFIRMATION_OK"
10195,10403168441,10403168482,1,"IOTHUB_CLIENT_CONFIRMATION_OK"
10196,10403168641,10403168681,1,"IOTHUB_CLIENT_CONFIRMATION_OK"
10197,10403168841,10403168983,1,"IOTHUB_CLIENT_CONFIRMATION_OK"
10198,10403169041,10403169082,1,"IOTHUB_CLIENT_CONFIRMATION_OK"
10199,10403169241,10403169282,1,"IOTHUB_CLIENT_CONFIRMATION_OK"
10200,10403169441,10403169475,1,"IOTHUB_CLIENT_CONFIRMATION_OK"
10201,10403169642,10403169698,1,"IOTHUB_CLIENT_CONFIRMATION_OK"
10202,10403169842,10403169990,1,"IOTHUB_CLIENT_CONFIRMATION_OK"
10203,10403170042,10403170086,1,"IOTHUB_CLIENT_CONFIRMATION_OK"
10204,10403170242,10403170281,1,"IOTHUB_CLIENT_CONFIRMATION_OK"
10205,10403170442,10403170474,1,"IOTHUB_CLIENT_CONFIRMATION_OK"
10206,10403170642,10403170731,1,"IOTHUB_CLIENT_CONFIRMATION_OK"
10207,10403170843,10403170998,1,"IOTHUB_CLIENT_CONFIRMATION_OK"
10208,10403171043,10403171082,1,"IOTHUB_CLIENT_CONFIRMATION_OK"
10209,10403171243,10403171292,1,"IOTHUB_CLIENT_CONFIRMATION_OK"
10210,10403171443,10403171486,1,"IOTHUB_CLIENT_CONFIRMATION_OK"
10211,10403171643,10403171716,1,"IOTHUB_CLIENT_CONFIRMATION_OK"
10212,10403171843,10403171884,1,"IOTHUB_CLIENT_CONFIRMATION_OK"
10213,10403172043,10403172077,1,"IOTHUB_CLIENT_CONFIRMATION_OK"
10214,10403172244,10403172287,1,"IOTHUB_CLIENT_CONFIRMATION_OK"
10215,10403172444,10403172486,1,"IOTHUB_CLIENT_CONFIRMATION_OK"
10216,10403172644,10403172680,1,"IOTHUB_CLIENT_CONFIRMATION_OK"
10217,10403172844,10403172891,1,"IOTHUB_CLIENT_CONFIRMATION_OK"
10218,10403173044,10403173077,1,"IOTHUB_CLIENT_CONFIRMATION_OK"
10219,10403173244,10403173276,1,"IOTHUB_CLIENT_CONFIRMATION_OK"
10220,10403173445,10403173656,1,"IOTHUB_CLIENT_CONFIRMATION_OK"
10221,10403173645,10403173676,1,"IOTHUB_CLIENT_CONFIRMATION_OK"
10222,10403173845,10403173885,1,"IOTHUB_CLIENT_CONFIRMATION_OK"
10223,10403174045,10403174103,1,"IOTHUB_CLIENT_CONFIRMATION_OK"
10224,10403174245,10403174285,1,"IOTHUB_CLIENT_CONFIRMATION_OK"
10225,10403174445,10403174487,1,"IOTHUB_CLIENT_CONFIRMATION_OK"
10226,10403174646,10403174726,1,"IOTHUB_CLIENT_CONFIRMATION_OK"
10227,10403174846,10403174880,1,"IOTHUB_CLIENT_CONFIRMATION_OK"
10228,10403175046,10403175129,1,"IOTHUB_CLIENT_CONFIRMATION_OK"
10229,10403175246,10403175282,1,"IOTHUB_CLIENT_CONFIRMATION_OK"
10230,10403175446,10403175483,1,"IOTHUB_CLIENT_CONFIRMATION_OK"
10231,10403175646,10403175725,1,"IOTHUB_CLIENT_CONFIRMATION_OK"
10232,10403175846,10403175887,1,"IOTHUB_CLIENT_CONFIRMATION_OK"
10233,10403176047,10403176150,1,"IOTHUB_CLIENT_CONFIRMATION_OK"
10234,10403176247,10403176281,1,"IOTHUB_CLIENT_CONFIRMATION_OK"
10235,10403176447,10403176498,1,"IOTHUB_CLIENT_CONFIRMATION_OK"
10236,10403176647,10403176748,1,"IOTHUB_CLIENT_CONFIRMATION_OK"
10237,10403176847,10403176888,1,"IOTHUB_CLIENT_CONFIRMATION_OK"
10238,10403177048,10403177086,1,"IOTHUB_CLIENT_CONFIRMATION_OK"
10239,10403177248,10403177280,1,"IOTHUB_CLIENT_CONFIRMATION_OK"
10240,10403177448,10403177488,1,"IOTHUB_CLIENT_CONFIRMATION_OK"
10241,10403177648,10403177818,1,"IOTHUB_CLIENT_CONFIRMATION_OK"
10242,10403177848,10403177890,1,"IOTHUB_CLIENT_CONFIRMATION_OK"
10243,10403178048,10403178094,1,"IOTHUB_CLIENT_CONFIRMATION_OK"
10244,10403178248,10403178291,1,"IOTHUB_CLIENT_CONFIRMATION_OK"
10245,10403178449,10403178481,1,"IOTHUB_CLIENT_CONFIRMATION_OK"
10246,10403178649,10403178825,1,"IOTHUB_CLIENT_CONFIRMATION_OK"
10247,10403178849,10403178890,1,"IOTHUB_CLIENT_CONFIRMATION_OK"
10248,10403179049,10403179083,1,"IOTHUB_CLIENT_CONFIRMATION_OK"
10249,10403179249,10403179287,1,"IOTHUB_CLIENT_CONFIRMATION_OK"
10250,10403179449,10403179545,1,"IOTHUB_CLIENT_CONFIRMATION_OK"
10251,10403179650,10403179848,1,"IOTHUB_CLIENT_CONFIRMATION_OK"
10252,10403179850,10403179892,1,"IOTHUB_CLIENT_CONFIRMATION_OK"
10253,10403180050,10403180077,1,"IOTHUB_CLIENT_CONFIRMATION_OK"
10254,10403180250,10403180296,1,"IOTHUB_CLIENT_CONFIRMATION_OK"
10255,10403180450,10403180492,1,"IOTHUB_CLIENT_CONFIRMATION_OK"
10256,10403180650,10403180682,1,"IOTHUB_CLIENT_CONFIRMATION_OK"
10257,10403180851,10403180881,1,"IOTHUB_CLIENT_CONFIRMATION_OK"
10258,10403181051,10403181088,1,"IOTHUB_CLIENT_CONFIRMATION_OK"
10259,10403181251,10403181298,1,"IOTHUB_CLIENT_CONFIRMATION_OK"
10260,10403181451,10403181498,1,"IOTHUB_CLIENT_CONFIRMATION_OK"
10261,10403181651,10403181702,1,"IOTHUB_CLIENT_CONFIRMATION_OK"
10262,10403181851,10403181888,1,"IOTHUB_CLIENT_CONFIRMATION_OK"
10263,10403182052,10403182083,1,"IOTHUB_CLIENT_CONFIRMATION_OK"
10264,10403182252,10403182360,1,"IOTHUB_CLIENT_CONFIRMATION_OK"
10265,10403182452,10403182493,1,"IOTHUB_CLIENT_CONFIRMATION_OK"
10266,10403182652,10403182693,1,"IOTHUB_CLIENT_CONFIRMATION_OK"
10267,10403182852,10403182889,1,"IOTHUB_CLIENT_CONFIRMATION_OK"
10268,10403183052,10403183085,1,"IOTHUB_CLIENT_CONFIRMATION_OK"
10269,10403183253,10403183283,1,"IOTHUB_CLIENT_CONFIRMATION_OK"
10270,10403183453,10403183485,1,"IOTHUB_CLIENT_CONFIRMATION_OK"
10271,10403183653,10403183726,1,"IOTHUB_CLIENT_CONFIRMATION_OK"
10272,10403183853,10403183888,1,"IOTHUB_CLIENT_CONFIRMATION_OK"
10273,10403184053,10403184089,1,"IOTHUB_CLIENT_CONFIRMATION_OK"
10274,10403184253,10403184329,1,"IOTHUB_CLIENT_CONFIRMATION_OK"
10275,10403184454,10403184508,1,"IOTHUB_CLIENT_CONFIRMATION_OK"
10276,10403184654,10403184686,1,"IOTHUB_CLIENT_CONFIRMATION_OK"
10277,10403184854,10403184892,1,"IOTHUB_CLIENT_CONFIRMATION_OK"
10278,10403185054,10403185142,1,"IOTHUB_CLIENT_CONFIRMATION_OK"
10279,10403185254,10403185285,1,"IOTHUB_CLIENT_CONFIRMATION_OK"
10280,10403185455,10403185493,1,"IOTHUB_CLIENT_CONFIRMATION_OK"
10281,10403185655,10403185757,1,"IOTHUB_CLIENT_CONFIRMATION_OK"
10282,10403185855,10403185889,1,"IOTHUB_CLIENT_CONFIRMATION_OK"
10283,10403186055,10403186096,1,"IOTHUB_CLIENT_CONFIRMATION_OK"
10284,10403186255,10403186420,1,"IOTHUB_CLIENT_CONFIRMATION_OK"
10285,10403186455,10403186484,1,"IOTHUB_CLIENT_CONFIRMATION_OK"
10286,10403186656,10403186699,1,"IOTHUB_CLIENT_CONFIRMATION_OK"
10287,10403186856,10403187042,1,"IOTHUB_CLIENT_CONFIRMATION_OK"
10288,10403187056,10403187084,1,"IOTHUB_CLIENT_CONFIRMATION_OK"
10289,10403187256,10403187296,1,"IOTHUB_CLIENT_CONFIRMATION_OK"
10290,10403187456,10403187514,1,"IOTHUB_CLIENT_CONFIRMATION_OK"
10291,10403187656,10403187704,1,"IOTHUB_CLIENT_CONFIRMATION_OK"
10292,10403187856,10403187894,1,"IOTHUB_CLIENT_CONFIRMATION_OK"
10293,10403188057,10403188183,1,"IOTHUB_CLIENT_CONFIRMATION_OK"
10294,10403188257,10403188293,1,"IOTHUB_CLIENT_CONFIRMATION_OK"
10295,10403188457,10403188499,1,"IOTHUB_CLIENT_CONFIRMATION_OK"
10296,10403188657,10403188695,1,"IOTHUB_CLIENT_CONFIRMATION_OK"
10297,10403188857,10403188904,1,"IOTHUB_CLIENT_CONFIRMATION_OK"
10298,10403189057,10403189095,1,"IOTHUB_CLIENT_CONFIRMATION_OK"
10299,10403189258,10403189290,1,"IOTHUB_CLIENT_CONFIRMATION_OK"
10300,10403189458,10403189506,1,"IOTHUB_CLIENT_CONFIRMATION_OK"
10301,10403189658,10403189696,1,"IOTHUB_CLIENT_CONFIRMATION_OK"
10302,10403189858,10403189905,1,"IOTHUB_CLIENT_CONFIRMATION_OK"
10303,10403190058,10403190090,1,"IOTHUB_CLIENT_CONFIRMATION_OK"
10304,10403190258,10403190298,1,"IOTHUB_CLIENT_CONFIRMATION_OK"
10305,10403190458,10403190502,1,"IOTHUB_CLIENT_CONFIRMATION_OK"
10306,10403190659,10403190704,1,"IOTHUB_CLIENT_CONFIRMATION_OK"
10307,10403190859,10403190900,1,"IOTHUB_CLIENT_CONFIRMATION_OK"
10308,10403191059,10403191134,1,"IOTHUB_CLIENT_CONFIRMATION_OK"
10309,10403191259,10403191340,1,"IOTHUB_CLIENT_CONFIRMATION_OK"
10310,10403191459,10403191497,1,"IOTHUB_CLIENT_CONFIRMATION_OK"
10311,10403191659,10403191732,1,"IOTHUB_CLIENT_CONFIRMATION_OK"
10312,10403191860,10403191905,1,"IOTHUB_CLIENT_CONFIRMATION_OK"
10313,10403192060,10403192192,1,"IOTHUB_CLIENT_CONFIRMATION_OK"
10314,10403192260,10403192295,1,"IOTHUB_CLIENT_CONFIRMATION_OK"
10315,10403192460,10403192506,1,"IOTHUB_CLIENT_CONFIRMATION_OK"
10316,10403192660,10403192697,1,"IOTHUB_CLIENT_CONFIRMATION_OK"
10317,10403192860,10403192959,1,"IOTHUB_CLIENT_CONFIRMATION_OK"
10318,10403193060,10403193098,1,"IOTHUB_CLIENT_CONFIRMATION_OK"
10319,10403193261,10403193363,1,"IOTHUB_CLIENT_CONFIRMATION_OK"
10320,10403193461,10403193499,1,"IOTHUB_CLIENT_CONFIRMATION_OK"
10321,10403193661,10403193837,1,"IOTHUB_CLIENT_CONFIRMATION_OK"
10322,10403193861,10403193906,1,"IOTHUB_CLIENT_CONFIRMATION_OK"
10323,10403194061,10403194092,1,"IOTHUB_CLIENT_CONFIRMATION_OK"
10324,10403194261,10403194295,1,"IOTHUB_CLIENT_CONFIRMATION_OK"
10325,10403194462,10403194497,1,"IOTHUB_CLIENT_CONFIRMATION_OK"
10326,10403194662,10403194809,1,"IOTHUB_CLIENT_CONFIRMATION_OK"
10327,10403194862,10403194940,1,"IOTHUB_CLIENT_CONFIRMATION_OK"
10328,10403195062,10403195095,1,"IOTHUB_CLIENT_CONFIRMATION_OK"
10329,10403195262,10403195298,1,"IOTHUB_CLIENT_CONFIRMATION_OK"
10330,10403195462,10403195546,1,"IOTHUB_CLIENT_CONFIRMATION_OK"
10331,10403195663,10403195706,1,"IOTHUB_CLIENT_CONFIRMATION_OK"
10332,10403195863,10403195896,1,"IOTHUB_CLIENT_CONFIRMATION_OK"
10333,10403196063,10403196103,1,"IOTHUB_CLIENT_CONFIRMATION_OK"
10334,10403196263,10403196308,1,"IOTHUB_CLIENT_CONFIRMATION_OK"
10335,10403196463,10403196500,1,"IOTHUB_CLIENT_CONFIRMATION_OK"
10336,10403196663,10403196702,1,"IOTHUB_CLIENT_CONFIRMATION_OK"
10337,10403196864,10403196902,1,"IOTHUB_CLIENT_CONFIRMATION_OK"
10338,10403197064,10403197094,1,"IOTHUB_CLIENT_CONFIRMATION_OK"
10339,10403197264,10403197302,1,"IOTHUB_CLIENT_CONFIRMATION_OK"
10340,10403197464,10403197498,1,"IOTHUB_CLIENT_CONFIRMATION_OK"
10341,10403197664,10403197730,1,"IOTHUB_CLIENT_CONFIRMATION_OK"
10342,10403197864,10403197901,1,"IOTHUB_CLIENT_CONFIRMATION_OK"
10343,10403198064,10403198097,1,"IOTHUB_CLIENT_CONFIRMATION_OK"
10344,10403198265,10403198310,1,"IOTHUB_CLIENT_CONFIRMATION_OK"
10345,10403198465,10403198568,1,"IOTHUB_CLIENT_CONFIRMATION_OK"
10346,10403198665,10403198696,1,"IOTHUB_CLIENT_CONFIRMATION_OK"
10347,10403198865,10403198999,1,"IOTHUB_CLIENT_CONFIRMATION_OK"
10348,10403199065,10403199094,1,"IOTHUB_CLIENT_CONFIRMATION_OK"
10349,10403199265,10403199303,1,"IOTHUB_CLIENT_CONFIRMATION_OK"
10350,10403199466,10403199507,1,"IOTHUB_CLIENT_CONFIRMATION_OK"
10351,10403199666,10403199694,1,"IOTHUB_CLIENT_CONFIRMATION_OK"
10352,10403199866,10403200031,1,"IOTHUB_CLIENT_CONFIRMATION_OK"
10353,10403200066,10403200099,1,"IOTHUB_CLIENT_CONFIRMATION_OK"
10354,10403200266,10403200295,1,"IOTHUB_CLIENT_CONFIRMATION_OK"
10355,10403200466,10403200495,1,"IOTHUB_CLIENT_CONFIRMATION_OK"
10356,10403200667,10403200705,1,"IOTHUB_CLIENT_CONFIRMATION_OK"
10357,10403200867,10403200911,1,"IOTHUB_CLIENT_CONFIRMATION_OK"
10358,10403201067,10403201195,1,"IOTHUB_CLIENT_CONFIRMATION_OK"
10359,10403201267,10403201308,1,"IOTHUB_CLIENT_CONFIRMATION_OK"
10360,10403201467,10403201499,1,"IOTHUB_CLIENT_CONFIRMATION_OK"
10361,10403201667,10403201698,1,"IOTHUB_CLIENT_CONFIRMATION_OK"
10362,10403201867,10403201895,1,"IOTHUB_CLIENT_CONFIRMATION_OK"
10363,10403202068,10403202118,1,"IOTHUB_CLIENT_CONFIRMATION_OK"
10364,10403202268,10403202299,1,"IOTHUB_CLIENT_CONFIRMATION_OK"
10365,10403202468,10403202506,1,"IOTHUB_CLIENT_CONFIRMATION_OK"
10366,10403202668,10403202700,1,"IOTHUB_CLIENT_CONFIRMATION_OK"
10367,10403202868,10403202907,1,"IOTHUB_CLIENT_CONFIRMATION_OK"
10368,10403203068,10403203108,1,"IOTHUB_CLIENT_CONFIRMATION_OK"
10369,10403203269,10403203312,1,"IOTHUB_CLIENT_CONFIRMATION_OK"
10370,10403203469,10403203716,1,"IOTHUB_CLIENT_CONFIRMATION_OK"
10371,10403203669,10403203738,1,"IOTHUB_CLIENT_CONFIRMATION_OK"
10372,10403203869,10403203908,1,"IOTHUB_CLIENT_CONFIRMATION_OK"
10373,10403204069,10403204129,1,"IOTHUB_CLIENT_CONFIRMATION_OK"
10374,10403204269,10403204302,1,"IOTHUB_CLIENT_CONFIRMATION_OK"
10375,10403204470,10403204507,1,"IOTHUB_CLIENT_CONFIRMATION_OK"
10376,10403204670,10403204708,1,"IOTHUB_CLIENT_CONFIRMATION_OK"
10377,10403204870,10403204912,1,"IOTHUB_CLIENT_CONFIRMATION_OK"
10378,10403205070,10403205161,1,"IOTHUB_CLIENT_CONFIRMATION_OK"
10379,10403205270,10403205317,1,"IOTHUB_CLIENT_CONFIRMATION_OK"
10380,10403205470,10403205503,1,"IOTHUB_CLIENT_CONFIRMATION_OK"
10381,10403205671,10403205702,1,"IOTHUB_CLIENT_CONFIRMATION_OK"
10382,10403205871,10403205942,1,"IOTHUB_CLIENT_CONFIRMATION_OK"
10383,10403206071,10403206187,1,"IOTHUB_CLIENT_CONFIRMATION_OK"
10384,10403206271,10403206308,1,"IOTHUB_CLIENT_CONFIRMATION_OK"
10385,10403206471,10403206501,1,"IOTHUB_CLIENT_CONFIRMATION_OK"
10386,10403206671,10403206707,1,"IOTHUB_CLIENT_CONFIRMATION_OK"
10387,10403206871,10403206901,1,"IOTHUB_CLIENT_CONFIRMATION_OK"
10388,10403207072,10403207108,1,"IOTHUB_CLIENT_CONFIRMATION_OK"
10389,10403207272,10403207311,1,"IOTHUB_CLIENT_CONFIRMATION_OK"
10390,10403207472,10403207510,1,"IOTHUB_CLIENT_CONFIRMATION_OK"
10391,10403207672,10403207855,1,"IOTHUB_CLIENT_CONFIRMATION_OK"
10392,10403207872,10403207909,1,"IOTHUB_CLIENT_CONFIRMATION_OK"
10393,10403208072,10403208100,1,"IOTHUB_CLIENT_CONFIRMATION_OK"
10394,10403208273,10403208304,1,"IOTHUB_CLIENT_CONFIRMATION_OK"
10395,10403208473,10403208517,1,"IOTHUB_CLIENT_CONFIRMATION_OK"
10396,10403208673,10403208721,1,"IOTHUB_CLIENT_CONFIRMATION_OK"
10397,10403208873,10403208911,1,"IOTHUB_CLIENT_CONFIRMATION_OK"
10398,10403209073,10403209107,1,"IOTHUB_CLIENT_CONFIRMATION_OK"
10399,10403209273,10403209337,1,"IOTHUB_CLIENT_CONFIRMATION_OK"
10400,10403209474,10403209510,1,"IOTHUB_CLIENT_CONFIRMATION_OK"
10401,10403209674,10403209736,1,"IOTHUB_CLIENT_CONFIRMATION_OK"
10402,10403209874,10403209920,1,"IOTHUB_CLIENT_CONFIRMATION_OK"
10403,10403210074,10403210106,1,"IOTHUB_CLIENT_CONFIRMATION_OK"
10404,10403210274,10403210341,1,"IOTHUB_CLIENT_CONFIRMATION_OK"
10405,10403210474,10403210511,1,"IOTHUB_CLIENT_CONFIRMATION_OK"
10406,10403210674,10403210711,1,"IOTHUB_CLIENT_CONFIRMATION_OK"
10407,10403210875,10403210914,1,"IOTHUB_CLIENT_CONFIRMATION_OK"
10408,10403211075,10403211111,1,"IOTHUB_CLIENT_CONFIRMATION_OK"
10409,10403211275,10403211373,1,"IOTHUB_CLIENT_CONFIRMATION_OK"
10410,10403211475,10403211511,1,"IOTHUB_CLIENT_CONFIRMATION_OK"
10411,10403211675,10403211725,1,"IOTHUB_CLIENT_CONFIRMATION_OK"
10412,10403211875,10403211904,1,"IOTHUB_CLIENT_CONFIRMATION_OK"
10413,10403212076,10403212125,1,"IOTHUB_CLIENT_CONFIRMATION_OK"
10414,10403212276,10403212490,1,"IOTHUB_CLIENT_CONFIRMATION_OK"
10415,10403212476,10403212511,1,"IOTHUB_CLIENT_CONFIRMATION_OK"
10416,10403212676,10403212715,1,"IOTHUB_CLIENT_CONFIRMATION_OK"
10417,10403212876,10403212920,1,"IOTHUB_CLIENT_CONFIRMATION_OK"
10418,10403213076,10403213112,1,"IOTHUB_CLIENT_CONFIRMATION_OK"
10419,10403213277,10403213307,1,"IOTHUB_CLIENT_CONFIRMATION_OK"
10420,10403213477,10403213525,1,"IOTHUB_CLIENT_CONFIRMATION_OK"
10421,10403213677,10403213734,1,"IOTHUB_CLIENT_CONFIRMATION_OK"
10422,10403213877,10403213920,1,"IOTHUB_CLIENT_CONFIRMATION_OK"
10423,10403214077,10403214117,1,"IOTHUB_CLIENT_CONFIRMATION_OK"
10424,10403214277,10403214316,1,"IOTHUB_CLIENT_CONFIRMATION_OK"
10425,10403214477,10403214526,1,"IOTHUB_CLIENT_CONFIRMATION_OK"
10426,10403214678,10403214712,1,"IOTHUB_CLIENT_CONFIRMATION_OK"
10427,10403214878,10403214927,1,"IOTHUB_CLIENT_CONFIRMATION_OK"
10428,10403215078,10403215106,1,"IOTHUB_CLIENT_CONFIRMATION_OK"
10429,10403215278,10403215311,1,"IOTHUB_CLIENT_CONFIRMATION_OK"
10430,10403215478,10403215537,1,"IOTHUB_CLIENT_CONFIRMATION_OK"
10431,10403215678,10403215710,1,"IOTHUB_CLIENT_CONFIRMATION_OK"
10432,10403215879,10403215939,1,"IOTHUB_CLIENT_CONFIRMATION_OK"
10433,10403216079,10403216115,1,"IOTHUB_CLIENT_CONFIRMATION_OK"
10434,10403216279,10403216317,1,"IOTHUB_CLIENT_CONFIRMATION_OK"
10435,10403216479,10403216570,1,"IOTHUB_CLIENT_CONFIRMATION_OK"
10436,10403216679,10403216727,1,"IOTHUB_CLIENT_CONFIRMATION_OK"
10437,10403216879,10403216929,1,"IOTHUB_CLIENT_CONFIRMATION_OK"
10438,10403217080,10403217120,1,"IOTHUB_CLIENT_CONFIRMATION_OK"
10439,10403217280,10403217322,1,"IOTHUB_CLIENT_CONFIRMATION_OK"
10440,10403217480,10403217578,1,"IOTHUB_CLIENT_CONFIRMATION_OK"
10441,10403217680,10403217731,1,"IOTHUB_CLIENT_CONFIRMATION_OK"
10442,10403217880,10403217966,1,"IOTHUB_CLIENT_CONFIRMATION_OK"
10443,10403218080,10403218191,1,"IOTHUB_CLIENT_CONFIRMATION_OK"
10444,10403218281,10403218313,1,"IOTHUB_CLIENT_CONFIRMATION_OK"
10445,10403218481,10403218591,1,"IOTHUB_CLIENT_CONFIRMATION_OK"
10446,10403218681,10403218715,1,"IOTHUB_CLIENT_CONFIRMATION_OK"
10447,10403218881,10403218934,1,"IOTHUB_CLIENT_CONFIRMATION_OK"
10448,10403219081,10403219205,1,"IOTHUB_CLIENT_CONFIRMATION_OK"
10449,10403219281,10403219319,1,"IOTHUB_CLIENT_CONFIRMATION_OK"
10450,10403219481,10403219529,1,"IOTHUB_CLIENT_CONFIRMATION_OK"
10451,10403219682,10403219719,1,"IOTHUB_CLIENT_CONFIRMATION_OK"
10452,10403219882,10403219956,1,"IOTHUB_CLIENT_CONFIRMATION_OK"
10453,10403220082,10403220235,1,"IOTHUB_CLIENT_CONFIRMATION_OK"
10454,10403220282,10403220321,1,"IOTHUB_CLIENT_CONFIRMATION_OK"
10455,10403220482,10403220513,1,"IOTHUB_CLIENT_CONFIRMATION_OK"
10456,10403220682,10403220711,1,"IOTHUB_CLIENT_CONFIRMATION_OK"
10457,10403220883,10403220984,1,"IOTHUB_CLIENT_CONFIRMATION_OK"
10458,10403221083,10403221257,1,"IOTHUB_CLIENT_CONFIRMATION_OK"
10459,10403221283,10403221331,1,"IOTHUB_CLIENT_CONFIRMATION_OK"
10460,10403221483,10403221538,1,"IOTHUB_CLIENT_CONFIRMATION_OK"
10461,10403221683,10403221735,1,"IOTHUB_CLIENT_CONFIRMATION_OK"
10462,10403221883,10403221912,1,"IOTHUB_CLIENT_CONFIRMATION_OK"
10463,10403222084,10403222122,1,"IOTHUB_CLIENT_CONFIRMATION_OK"
10464,10403222284,10403222326,1,"IOTHUB_CLIENT_CONFIRMATION_OK"
10465,10403222484,10403222528,1,"IOTHUB_CLIENT_CONFIRMATION_OK"
10466,10403222684,10403222723,1,"IOTHUB_CLIENT_CONFIRMATION_OK"
10467,10403222884,10403222929,1,"IOTHUB_CLIENT_CONFIRMATION_OK"
10468,10403223084,10403223127,1,"IOTHUB_CLIENT_CONFIRMATION_OK"
10469,10403223285,10403223326,1,"IOTHUB_CLIENT_CONFIRMATION_OK"
10470,10403223485,10403223517,1,"IOTHUB_CLIENT_CONFIRMATION_OK"
10471,10403223685,10403223723,1,"IOTHUB_CLIENT_CONFIRMATION_OK"
10472,10403223885,10403223916,1,"IOTHUB_CLIENT_CONFIRMATION_OK"
10473,10403224085,10403224131,1,"IOTHUB_CLIENT_CONFIRMATION_OK"
10474,10403224285,10403224324,1,"IOTHUB_CLIENT_CONFIRMATION_OK"
10475,10403224486,10403224529,1,"IOTHUB_CLIENT_CONFIRMATION_OK"
10476,10403224686,10403224733,1,"IOTHUB_CLIENT_CONFIRMATION_OK"
10477,10403224886,10403224927,1,"IOTHUB_CLIENT_CONFIRMATION_OK"
10478,10403225086,10403225121,1,"IOTHUB_CLIENT_CONFIRMATION_OK"
10479,10403225286,10403225342,1,"IOTHUB_CLIENT_CONFIRMATION_OK"
10480,10403225486,10403225526,1,"IOTHUB_CLIENT_CONFIRMATION_OK"
10481,10403225687,10403225716,1,"IOTHUB_CLIENT_CONFIRMATION_OK"
10482,10403225887,10403225928,1,"IOTHUB_CLIENT_CONFIRMATION_OK"
10483,10403226087,10403226127,1,"IOTHUB_CLIENT_CONFIRMATION_OK"
10484,10403226287,10403226357,1,"IOTHUB_CLIENT_CONFIRMATION_OK"
10485,10403226487,10403226540,1,"IOTHUB_CLIENT_CONFIRMATION_OK"
10486,10403226687,10403226732,1,"IOTHUB_CLIENT_CONFIRMATION_OK"
10487,10403226887,10403226976,1,"IOTHUB_CLIENT_CONFIRMATION_OK"
10488,10403227088,10403227126,1,"IOTHUB_CLIENT_CONFIRMATION_OK"
10489,10403227288,10403227374,1,"IOTHUB_CLIENT_CONFIRMATION_OK"
10490,10403227488,10403227529,1,"IOTHUB_CLIENT_CONFIRMATION_OK"
10491,10403227688,10403227722,1,"IOTHUB_CLIENT_CONFIRMATION_OK"
10492,10403227888,10403228092,1,"IOTHUB_CLIENT_CONFIRMATION_OK"
10493,10403228088,10403228148,1,"IOTHUB_CLIENT_CONFIRMATION_OK"
10494,10403228289,10403228330,1,"IOTHUB_CLIENT_CONFIRMATION_OK"
10495,10403228489,10403228526,1,"IOTHUB_CLIENT_CONFIRMATION_OK"
10496,10403228689,10403228727,1,"IOTHUB_CLIENT_CONFIRMATION_OK"
10497,10403228889,10403228961,1,"IOTHUB_CLIENT_CONFIRMATION_OK"
10498,10403229089,10403229117,1,"IOTHUB_CLIENT_CONFIRMATION_OK"
10499,10403229289,10403229330,1,"IOTHUB_CLIENT_CONFIRMATION_OK"
10500,10403229490,10403229547,1,"IOTHUB_CLIENT_CONFIRMATION_OK"
10501,10403229690,10403229729,1,"IOTHUB_CLIENT_CONFIRMATION_OK"
10502,10403229890,10403229939,1,"IOTHUB_CLIENT_CONFIRMATION_OK"
10503,10403230090,10403230123,1,"IOTHUB_CLIENT_CONFIRMATION_OK"
10504,10403230290,10403230323,1,"IOTHUB_CLIENT_CONFIRMATION_OK"
10505,10403230490,10403230555,1,"IOTHUB_CLIENT_CONFIRMATION_OK"
10506,10403230690,10403230727,1,"IOTHUB_CLIENT_CONFIRMATION_OK"
10507,10403230891,10403230955,1,"IOTHUB_CLIENT_CONFIRMATION_OK"
10508,10403231091,10403231124,1,"IOTHUB_CLIENT_CONFIRMATION_OK"
10509,10403231291,10403231335,1,"IOTHUB_CLIENT_CONFIRMATION_OK"
10510,10403231491,10403231560,1,"IOTHUB_CLIENT_CONFIRMATION_OK"
10511,10403231691,10403231727,1,"IOTHUB_CLIENT_CONFIRMATION_OK"
10512,10403231891,10403231923,1,"IOTHUB_CLIENT_CONFIRMATION_OK"
10513,10403232092,10403232129,1,"IOTHUB_CLIENT_CONFIRMATION_OK"
10514,10403232292,10403232331,1,"IOTHUB_CLIENT_CONFIRMATION_OK"
10515,10403232492,10403232616,1,"IOTHUB_CLIENT_CONFIRMATION_OK"
10516,10403232692,10403232724,1,"IOTHUB_CLIENT_CONFIRMATION_OK"
10517,10403232892,10403232940,1,"IOTHUB_CLIENT_CONFIRMATION_OK"
10518,10403233092,10403233128,1,"IOTHUB_CLIENT_CONFIRMATION_OK"
10519,10403233293,10403233338,1,"IOTHUB_CLIENT_CONFIRMATION_OK"
10520,10403233493,10403233535,1,"IOTHUB_CLIENT_CONFIRMATION_OK"
10521,10403233693,10403233730,1,"IOTHUB_CLIENT_CONFIRMATION_OK"
10522,10403233893,10403233932,1,"IOTHUB_CLIENT_CONFIRMATION_OK"
10523,10403234093,10403234174,1,"IOTHUB_CLIENT_CONFIRMATION_OK"
10524,10403234293,10403234332,1,"IOTHUB_CLIENT_CONFIRMATION_OK"
10525,10403234494,10403234532,1,"IOTHUB_CLIENT_CONFIRMATION_OK"
10526,10403234694,10403234725,1,"IOTHUB_CLIENT_CONFIRMATION_OK"
10527,10403234894,10403234925,1,"IOTHUB_CLIENT_CONFIRMATION_OK"
10528,10403235094,10403235215,1,"IOTHUB_CLIENT_CONFIRMATION_OK"
10529,10403235294,10403235338,1,"IOTHUB_CLIENT_CONFIRMATION_OK"
10530,10403235494,10403235534,1,"IOTHUB_CLIENT_CONFIRMATION_OK"
10531,10403235694,10403235732,1,"IOTHUB_CLIENT_CONFIRMATION_OK"
10532,10403235895,10403235945,1,"IOTHUB_CLIENT_CONFIRMATION_OK"
10533,10403236095,10403236230,1,"IOTHUB_CLIENT_CONFIRMATION_OK"
10534,10403236295,10403236345,1,"IOTHUB_CLIENT_CONFIRMATION_OK"
10535,10403236495,10403236534,1,"IOTHUB_CLIENT_CONFIRMATION_OK"
10536,10403236695,10403236742,1,"IOTHUB_CLIENT_CONFIRMATION_OK"
10537,10403236895,10403236934,1,"IOTHUB_CLIENT_CONFIRMATION_OK"
10538,10403237096,10403237130,1,"IOTHUB_CLIENT_CONFIRMATION_OK"
10539,10403237296,10403237333,1,"IOTHUB_CLIENT_CONFIRMATION_OK"
10540,10403237496,10403237545,1,"IOTHUB_CLIENT_CONFIRMATION_OK"
10541,10403237696,10403237734,1,"IOTHUB_CLIENT_CONFIRMATION_OK"
10542,10403237896,10403237934,1,"IOTHUB_CLIENT_CONFIRMATION_OK"
10543,10403238096,10403238132,1,"IOTHUB_CLIENT_CONFIRMATION_OK"
10544,10403238296,10403238333,1,"IOTHUB_CLIENT_CONFIRMATION_OK"
10545,10403238497,10403238536,1,"IOTHUB_CLIENT_CONFIRMATION_OK"
10546,10403238697,10403238734,1,"IOTHUB_CLIENT_CONFIRMATION_OK"
10547,10403238897,10403238933,1,"IOTHUB_CLIENT_CONFIRMATION_OK"
10548,10403239097,10403239135,1,"IOTHUB_CLIENT_CONFIRMATION_OK"
10549,10403239297,10403239339,1,"IOTHUB_CLIENT_CONFIRMATION_OK"
10550,10403239497,10403239534,1,"IOTHUB_CLIENT_CONFIRMATION_OK"
10551,10403239698,10403239733,1,"IOTHUB_CLIENT_CONFIRMATION_OK"
10552,10403239898,10403239940,1,"IOTHUB_CLIENT_CONFIRMATION_OK"
10553,10403240098,10403240126,1,"IOTHUB_CLIENT_CONFIRMATION_OK"
10554,10403240298,10403240346,1,"IOTHUB_CLIENT_CONFIRMATION_OK"
10555,10403240498,10403240542,1,"IOTHUB_CLIENT_CONFIRMATION_OK"
10556,10403240698,10403240735,1,"IOTHUB_CLIENT_CONFIRMATION_OK"
10557,10403240898,10403240934,1,"IOTHUB_CLIENT_CONFIRMATION_OK"
10558,10403241099,10403241134,1,"IOTHUB_CLIENT_CONFIRMATION_OK"
10559,10403241299,10403241389,1,"IOTHUB_CLIENT_CONFIRMATION_OK"
10560,10403241499,10403241543,1,"IOTHUB_CLIENT_CONFIRMATION_OK"
10561,10403241699,10403241738,1,"IOTHUB_CLIENT_CONFIRMATION_OK"
10562,10403241899,10403242068,1,"IOTHUB_CLIENT_CONFIRMATION_OK"
10563,10403242099,10403242128,1,"IOTHUB_CLIENT_CONFIRMATION_OK"
10564,10403242300,10403242472,1,"IOTHUB_CLIENT_CONFIRMATION_OK"
10565,10403242500,10403242532,1,"IOTHUB_CLIENT_CONFIRMATION_OK"
10566,10403242700,10403242739,1,"IOTHUB_CLIENT_CONFIRMATION_OK"
10567,10403242900,10403242940,1,"IOTHUB_CLIENT_CONFIRMATION_OK"
10568,10403243100,10403243138,1,"IOTHUB_CLIENT_CONFIRMATION_OK"
10569,10403243300,10403243340,1,"IOTHUB_CLIENT_CONFIRMATION_OK"
10570,10403243501,10403243539,1,"IOTHUB_CLIENT_CONFIRMATION_OK"
10571,10403243701,10403243742,1,"IOTHUB_CLIENT_CONFIRMATION_OK"
10572,10403243901,10403243935,1,"IOTHUB_CLIENT_CONFIRMATION_OK"
10573,10403244101,10403244139,1,"IOTHUB_CLIENT_CONFIRMATION_OK"
10574,10403244301,10403244341,1,"IOTHUB_CLIENT_CONFIRMATION_OK"
10575,10403244501,10403244604,1,"IOTHUB_CLIENT_CONFIRMATION_OK"
10576,10403244701,10403244739,1,"IOTHUB_CLIENT_CONFIRMATION_OK"
10577,10403244902,10403244950,1,"IOTHUB_CLIENT_CONFIRMATION_OK"
10578,10403245102,10403245142,1,"IOTHUB_CLIENT_CONFIRMATION_OK"
10579,10403245302,10403245349,1,"IOTHUB_CLIENT_CONFIRMATION_OK"
10580,10403245502,10403245555,1,"IOTHUB_CLIENT_CONFIRMATION_OK"
10581,10403245702,10403245737,1,"IOTHUB_CLIENT_CONFIRMATION_OK"
10582,10403245902,10403245935,1,"IOTHUB_CLIENT_CONFIRMATION_OK"
10583,10403246103,10403246138,1,"IOTHUB_CLIENT_CONFIRMATION_OK"
10584,10403246303,10403246335,1,"IOTHUB_CLIENT_CONFIRMATION_OK"
10585,10403246503,10403246552,1,"IOTHUB_CLIENT_CONFIRMATION_OK"
10586,10403246703,10403246743,1,"IOTHUB_CLIENT_CONFIRMATION_OK"
10587,10403246903,10403246941,1,"IOTHUB_CLIENT_CONFIRMATION_OK"
10588,10403247103,10403247172,1,"IOTHUB_CLIENT_CONFIRMATION_OK"
10589,10403247303,10403247354,1,"IOTHUB_CLIENT_CONFIRMATION_OK"
10590,10403247504,10403247560,1,"IOTHUB_CLIENT_CONFIRMATION_OK"
10591,10403247704,10403247763,1,"IOTHUB_CLIENT_CONFIRMATION_OK"
10592,10403247904,10403247945,1,"IOTHUB_CLIENT_CONFIRMATION_OK"
10593,10403248104,10403248202,1,"IOTHUB_CLIENT_CONFIRMATION_OK"
10594,10403248304,10403248337,1,"IOTHUB_CLIENT_CONFIRMATION_OK"
10595,10403248504,10403248580,1,"IOTHUB_CLIENT_CONFIRMATION_OK"
10596,10403248704,10403248735,1,"IOTHUB_CLIENT_CONFIRMATION_OK"
10597,10403248905,10403248957,1,"IOTHUB_CLIENT_CONFIRMATION_OK"
10598,10403249105,10403249192,1,"IOTHUB_CLIENT_CONFIRMATION_OK"
10599,10403249305,10403249337,1,"IOTHUB_CLIENT_CONFIRMATION_OK"
10600,10403249505,10403249544,1,"IOTHUB_CLIENT_CONFIRMATION_OK"
10601,10403249705,10403249750,1,"IOTHUB_CLIENT_CONFIRMATION_OK"
10602,10403249905,10403249953,1,"IOTHUB_CLIENT_CONFIRMATION_OK"
10603,10403250105,10403250224,1,"IOTHUB_CLIENT_CONFIRMATION_OK"
10604,10403250306,10403250335,1,"IOTHUB_CLIENT_CONFIRMATION_OK"
10605,10403250506,10403250569,1,"IOTHUB_CLIENT_CONFIRMATION_OK"
10606,10403250706,10403250753,1,"IOTHUB_CLIENT_CONFIRMATION_OK"
10607,10403250906,10403250946,1,"IOTHUB_CLIENT_CONFIRMATION_OK"
10608,10403251106,10403251240,1,"IOTHUB_CLIENT_CONFIRMATION_OK"
10609,10403251306,10403251343,1,"IOTHUB_CLIENT_CONFIRMATION_OK"
10610,10403251507,10403251543,1,"IOTHUB_CLIENT_CONFIRMATION_OK"
10611,10403251707,10403251749,1,"IOTHUB_CLIENT_CONFIRMATION_OK"
10612,10403251907,10403251937,1,"IOTHUB_CLIENT_CONFIRMATION_OK"
10613,10403252107,10403252140,1,"IOTHUB_CLIENT_CONFIRMATION_OK"
10614,10403252307,10403252336,1,"IOTHUB_CLIENT_CONFIRMATION_OK"
10615,10403252507,10403252559,1,"IOTHUB_CLIENT_CONFIRMATION_OK"
10616,10403252708,10403252758,1,"IOTHUB_CLIENT_CONFIRMATION_OK"
10617,10403252908,10403252950,1,"IOTHUB_CLIENT_CONFIRMATION_OK"
10618,10403253108,10403253147,1,"IOTHUB_CLIENT_CONFIRMATION_OK"
10619,10403253308,10403253376,1,"IOTHUB_CLIENT_CONFIRMATION_OK"
10620,10403253508,10403253602,1,"IOTHUB_CLIENT_CONFIRMATION_OK"
10621,10403253708,10403253748,1,"IOTHUB_CLIENT_CONFIRMATION_OK"
10622,10403253908,10403253948,1,"IOTHUB_CLIENT_CONFIRMATION_OK"
10623,10403254109,10403254148,1,"IOTHUB_CLIENT_CONFIRMATION_OK"
10624,10403254309,10403254349,1,"IOTHUB_CLIENT_CONFIRMATION_OK"
10625,10403254509,10403254548,1,"IOTHUB_CLIENT_CONFIRMATION_OK"
10626,10403254709,10403254743,1,"IOTHUB_CLIENT_CONFIRMATION_OK"
10627,10403254909,10403254945,1,"IOTHUB_CLIENT_CONFIRMATION_OK"
10628,10403255109,10403255137,1,"IOTHUB_CLIENT_CONFIRMATION_OK"
10629,10403255310,10403255363,1,"IOTHUB_CLIENT_CONFIRMATION_OK"
10630,10403255510,10403255539,1,"IOTHUB_CLIENT_CONFIRMATION_OK"
10631,10403255710,10403255758,1,"IOTHUB_CLIENT_CONFIRMATION_OK"
10632,10403255910,10403256017,1,"IOTHUB_CLIENT_CONFIRMATION_OK"
10633,10403256110,10403256141,1,"IOTHUB_CLIENT_CONFIRMATION_OK"
10634,10403256310,10403256455,1,"IOTHUB_CLIENT_CONFIRMATION_OK"
10635,10403256510,10403256540,1,"IOTHUB_CLIENT_CONFIRMATION_OK"
10636,10403256711,10403256758,1,"IOTHUB_CLIENT_CONFIRMATION_OK"
10637,10403256911,10403256948,1,"IOTHUB_CLIENT_CONFIRMATION_OK"
10638,10403257111,10403257141,1,"IOTHUB_CLIENT_CONFIRMATION_OK"
10639,10403257311,10403257466,1,"IOTHUB_CLIENT_CONFIRMATION_OK"
10640,10403257511,10403257561,1,"IOTHUB_CLIENT_CONFIRMATION_OK"
10641,10403257711,10403257744,1,"IOTHUB_CLIENT_CONFIRMATION_OK"
10642,10403257912,10403257961,1,"IOTHUB_CLIENT_CONFIRMATION_OK"
10643,10403258112,10403258147,1,"IOTHUB_CLIENT_CONFIRMATION_OK"
10644,10403258312,10403258344,1,"IOTHUB_CLIENT_CONFIRMATION_OK"
10645,10403258512,10403258546,1,"IOTHUB_CLIENT_CONFIRMATION_OK"
10646,10403258712,10403258751,1,"IOTHUB_CLIENT_CONFIRMATION_OK"
10647,10403258912,10403259042,1,"IOTHUB_CLIENT_CONFIRMATION_OK"
10648,10403259112,10403259142,1,"IOTHUB_CLIENT_CONFIRMATION_OK"
10649,10403259313,10403259345,1,"IOTHUB_CLIENT_CONFIRMATION_OK"
10650,10403259513,10403259551,1,"IOTHUB_CLIENT_CONFIRMATION_OK"
10651,10403259713,10403259743,1,"IOTHUB_CLIENT_CONFIRMATION_OK"
10652,10403259913,10403260127,1,"IOTHUB_CLIENT_CONFIRMATION_OK"
10653,10403260113,10403260153,1,"IOTHUB_CLIENT_CONFIRMATION_OK"
10654,10403260313,10403260342,1,"IOTHUB_CLIENT_CONFIRMATION_OK"
10655,10403260514,10403260550,1,"IOTHUB_CLIENT_CONFIRMATION_OK"
10656,10403260714,10403260751,1,"IOTHUB_CLIENT_CONFIRMATION_OK"
10657,10403260914,10403260958,1,"IOTHUB_CLIENT_CONFIRMATION_OK"
10658,10403261114,10403261150,1,"IOTHUB_CLIENT_CONFIRMATION_OK"
10659,10403261314,10403261351,1,"IOTHUB_CLIENT_CONFIRMATION_OK"
10660,10403261514,10403261550,1,"IOTHUB_CLIENT_CONFIRMATION_OK"
10661,10403261715,10403261773,1,"IOTHUB_CLIENT_CONFIRMATION_OK"
10662,10403261915,10403261961,1,"IOTHUB_CLIENT_CONFIRMATION_OK"
10663,10403262115,10403262148,1,"IOTHUB_CLIENT_CONFIRMATION_OK"
10664,10403262315,10403262354,1,"IOTHUB_CLIENT_CONFIRMATION_OK"
10665,10403262515,10403262566,1,"IOTHUB_CLIENT_CONFIRMATION_OK"
10666,10403262715,10403262755,1,"IOTHUB_CLIENT_CONFIRMATION_OK"
10667,10403262916,10403262956,1,"IOTHUB_CLIENT_CONFIRMATION_OK"
10668,10403263116,10403263184,1,"IOTHUB_CLIENT_CONFIRMATION_OK"
10669,10403263316,10403263355,1,"IOTHUB_CLIENT_CONFIRMATION_OK"
10670,10403263516,10403263590,1,"IOTHUB_CLIENT_CONFIRMATION_OK"
10671,10403263716,10403263758,1,"IOTHUB_CLIENT_CONFIRMATION_OK"
10672,10403263916,10403263944,1,"IOTHUB_CLIENT_CONFIRMATION_OK"
10673,10403264117,10403264252,1,"IOTHUB_CLIENT_CONFIRMATION_OK"
10674,10403264317,10403264348,1,"IOTHUB_CLIENT_CONFIRMATION_OK"
10675,10403264517,10403264559,1,"IOTHUB_CLIENT_CONFIRMATION_OK"
10676,10403264717,10403264753,1,"IOTHUB_CLIENT_CONFIRMATION_OK"
10677,10403264917,10403264954,1,"IOTHUB_CLIENT_CONFIRMATION_OK"
10678,10403265117,10403265226,1,"IOTHUB_CLIENT_CONFIRMATION_OK"
10679,10403265318,10403265361,1,"IOTHUB_CLIENT_CONFIRMATION_OK"
10680,10403265518,10403265557,1,"IOTHUB_CLIENT_CONFIRMATION_OK"
10681,10403265718,10403265756,1,"IOTHUB_CLIENT_CONFIRMATION_OK"
10682,10403265918,10403265954,1,"IOTHUB_CLIENT_CONFIRMATION_OK"
10683,10403266118,10403266238,1,"IOTHUB_CLIENT_CONFIRMATION_OK"
10684,10403266318,10403266357,1,"IOTHUB_CLIENT_CONFIRMATION_OK"
10685,10403266519,10403266557,1,"IOTHUB_CLIENT_CONFIRMATION_OK"
10686,10403266719,10403266765,1,"IOTHUB_CLIENT_CONFIRMATION_OK"
10687,10403266919,10403266983,1,"IOTHUB_CLIENT_CONFIRMATION_OK"
10688,10403267119,10403267157,1,"IOTHUB_CLIENT_CONFIRMATION_OK"
10689,10403267319,10403267368,1,"IOTHUB_CLIENT_CONFIRMATION_OK"
10690,10403267519,10403267558,1,"IOTHUB_CLIENT_CONFIRMATION_OK"
10691,10403267720,10403267758,1,"IOTHUB_CLIENT_CONFIRMATION_OK"
10692,10403267920,10403267961,1,"IOTHUB_CLIENT_CONFIRMATION_OK"
10693,10403268120,10403268150,1,"IOTHUB_CLIENT_CONFIRMATION_OK"
10694,10403268320,10403268359,1,"IOTHUB_CLIENT_CONFIRMATION_OK"
10695,10403268520,10403268562,1,"IOTHUB_CLIENT_CONFIRMATION_OK"
10696,10403268720,10403268917,1,"IOTHUB_CLIENT_CONFIRMATION_OK"
10697,10403268921,10403268949,1,"IOTHUB_CLIENT_CONFIRMATION_OK"
10698,10403269121,10403269153,1,"IOTHUB_CLIENT_CONFIRMATION_OK"
10699,10403269321,10403269358,1,"IOTHUB_CLIENT_CONFIRMATION_OK"
10700,10403269521,10403269549,1,"IOTHUB_CLIENT_CONFIRMATION_OK"
10701,10403269721,10403270007,1,"IOTHUB_CLIENT_CONFIRMATION_OK"
10702,10403269921,10403270030,1,"IOTHUB_CLIENT_CONFIRMATION_OK"
10703,10403270121,10403270149,1,"IOTHUB_CLIENT_CONFIRMATION_OK"
10704,10403270322,10403270396,1,"IOTHUB_CLIENT_CONFIRMATION_OK"
10705,10403270522,10403270589,1,"IOTHUB_CLIENT_CONFIRMATION_OK"
10706,10403270722,10403270765,1,"IOTHUB_CLIENT_CONFIRMATION_OK"
10707,10403270922,10403270963,1,"IOTHUB_CLIENT_CONFIRMATION_OK"
10708,10403271122,10403271171,1,"IOTHUB_CLIENT_CONFIRMATION_OK"
10709,10403271322,10403271416,1,"IOTHUB_CLIENT_CONFIRMATION_OK"
10710,10403271523,10403271565,1,"IOTHUB_CLIENT_CONFIRMATION_OK"
10711,10403271723,10403271754,1,"IOTHUB_CLIENT_CONFIRMATION_OK"
10712,10403271923,10403272033,1,"IOTHUB_CLIENT_CONFIRMATION_OK"
10713,10403272123,10403272163,1,"IOTHUB_CLIENT_CONFIRMATION_OK"
10714,10403272323,10403272425,1,"IOTHUB_CLIENT_CONFIRMATION_OK"
10715,10403272523,10403272562,1,"IOTHUB_CLIENT_CONFIRMATION_OK"
10716,10403272723,10403273441,1,"IOTHUB_CLIENT_CONFIRMATION_OK"
10717,10403272924,10403273514,1,"IOTHUB_CLIENT_CONFIRMATION_OK"
10718,10403273124,10403273602,1,"IOTHUB_CLIENT_CONFIRMATION_OK"
10719,10403273324,10403273651,1,"IOTHUB_CLIENT_CONFIRMATION_OK"
10720,10403273524,10403273714,1,"IOTHUB_CLIENT_CONFIRMATION_OK"
10721,10403273724,10403273775,1,"IOTHUB_CLIENT_CONFIRMATION_OK"
10722,10403273924,10403273961,1,"IOTHUB_CLIENT_CONFIRMATION_OK"
10723,10403274125,10403274168,1,"IOTHUB_CLIENT_CONFIRMATION_OK"
10724,10403274325,10403274368,1,"IOTHUB_CLIENT_CONFIRMATION_OK"
10725,10403274525,10403274566,1,"IOTHUB_CLIENT_CONFIRMATION_OK"
10726,10403274725,10403274772,1,"IOTHUB_CLIENT_CONFIRMATION_OK"
10727,10403274925,10403274975,1,"IOTHUB_CLIENT_CONFIRMATION_OK"
10728,10403275125,10403275164,1,"IOTHUB_CLIENT_CONFIRMATION_OK"
10729,10403275326,10403275365,1,"IOTHUB_CLIENT_CONFIRMATION_OK"
10730,10403275526,10403275627,1,"IOTHUB_CLIENT_CONFIRMATION_OK"
10731,10403275726,10403275765,1,"IOTHUB_CLIENT_CONFIRMATION_OK"
10732,10403275926,10403275985,1,"IOTHUB_CLIENT_CONFIRMATION_OK"
10733,10403276126,10403276159,1,"IOTHUB_CLIENT_CONFIRMATION_OK"
10734,10403276326,10403276371,1,"IOTHUB_CLIENT_CONFIRMATION_OK"
10735,10403276527,10403276598,1,"IOTHUB_CLIENT_CONFIRMATION_OK"
10736,10403276727,10403276768,1,"IOTHUB_CLIENT_CONFIRMATION_OK"
10737,10403276927,10403276985,1,"IOTHUB_CLIENT_CONFIRMATION_OK"
10738,10403277127,10403277157,1,"IOTHUB_CLIENT_CONFIRMATION_OK"
10739,10403277327,10403277366,1,"IOTHUB_CLIENT_CONFIRMATION_OK"
10740,10403277527,10403277623,1,"IOTHUB_CLIENT_CONFIRMATION_OK"
10741,10403277728,10403277775,1,"IOTHUB_CLIENT_CONFIRMATION_OK"
10742,10403277928,10403277964,1,"IOTHUB_CLIENT_CONFIRMATION_OK"
10743,10403278128,10403278238,1,"IOTHUB_CLIENT_CONFIRMATION_OK"
10744,10403278328,10403278361,1,"IOTHUB_CLIENT_CONFIRMATION_OK"
10745,10403278528,10403278643,1,"IOTHUB_CLIENT_CONFIRMATION_OK"
10746,10403278728,10403278761,1,"IOTHUB_CLIENT_CONFIRMATION_OK"
10747,10403278929,10403278965,1,"IOTHUB_CLIENT_CONFIRMATION_OK"
10748,10403279129,10403279163,1,"IOTHUB_CLIENT_CONFIRMATION_OK"
10749,10403279329,10403279364,1,"IOTHUB_CLIENT_CONFIRMATION_OK"
10750,10403279529,10403279579,1,"IOTHUB_CLIENT_CONFIRMATION_OK"
10751,10403279729,10403279772,1,"IOTHUB_CLIENT_CONFIRMATION_OK"
10752,10403279929,10403279975,1,"IOTHUB_CLIENT_CONFIRMATION_OK"
10753,10403280129,10403280171,1,"IOTHUB_CLIENT_CONFIRMATION_OK"
10754,10403280330,10403280368,1,"IOTHUB_CLIENT_CONFIRMATION_OK"
10755,10403280530,10403280590,1,"IOTHUB_CLIENT_CONFIRMATION_OK"
10756,10403280730,10403280770,1,"IOTHUB_CLIENT_CONFIRMATION_OK"
10757,10403280930,10403280971,1,"IOTHUB_CLIENT_CONFIRMATION_OK"
10758,10403281130,10403281181,1,"IOTHUB_CLIENT_CONFIRMATION_OK"
10759,10403281330,10403281372,1,"IOTHUB_CLIENT_CONFIRMATION_OK"
10760,10403281531,10403281568,1,"IOTHUB_CLIENT_CONFIRMATION_OK"
10761,10403281731,10403281786,1,"IOTHUB_CLIENT_CONFIRMATION_OK"
10762,10403281931,10403281966,1,"IOTHUB_CLIENT_CONFIRMATION_OK"
10763,10403282131,10403282178,1,"IOTHUB_CLIENT_CONFIRMATION_OK"
10764,10403282331,10403282363,1,"IOTHUB_CLIENT_CONFIRMATION_OK"
10765,10403282531,10403282565,1,"IOTHUB_CLIENT_CONFIRMATION_OK"
10766,10403282732,10403282808,1,"IOTHUB_CLIENT_CONFIRMATION_OK"
10767,10403282932,10403282970,1,"IOTHUB_CLIENT_CONFIRMATION_OK"
10768,10403283132,10403283171,1,"IOTHUB_CLIENT_CONFIRMATION_OK"
10769,10403283332,10403283427,1,"IOTHUB_CLIENT_CONFIRMATION_OK"
10770,10403283532,10403283564,1,"IOTHUB_CLIENT_CONFIRMATION_OK"
10771,10403283732,10403283815,1,"IOTHUB_CLIENT_CONFIRMATION_OK"
10772,10403283933,10403283967,1,"IOTHUB_CLIENT_CONFIRMATION_OK"
10773,10403284133,10403284174,1,"IOTHUB_CLIENT_CONFIRMATION_OK"
10774,10403284333,10403284512,1,"IOTHUB_CLIENT_CONFIRMATION_OK"
10775,10403284533,10403284598,1,"IOTHUB_CLIENT_CONFIRMATION_OK"
10776,10403284733,10403284858,1,"IOTHUB_CLIENT_CONFIRMATION_OK"
10777,10403284933,10403284968,1,"IOTHUB_CLIENT_CONFIRMATION_OK"
10778,10403285134,10403285163,1,"IOTHUB_CLIENT_CONFIRMATION_OK"
10779,10403285334,10403285459,1,"IOTHUB_CLIENT_CONFIRMATION_OK"
10780,10403285534,10403285574,1,"IOTHUB_CLIENT_CONFIRMATION_OK"
10781,10403285734,10403285794,1,"IOTHUB_CLIENT_CONFIRMATION_OK"
10782,10403285934,10403285977,1,"IOTHUB_CLIENT_CONFIRMATION_OK"
10783,10403286134,10403286170,1,"IOTHUB_CLIENT_CONFIRMATION_OK"
10784,10403286334,10403286474,1,"IOTHUB_CLIENT_CONFIRMATION_OK"
10785,10403286535,10403286570,1,"IOTHUB_CLIENT_CONFIRMATION_OK"
10786,10403286735,10403286784,1,"IOTHUB_CLIENT_CONFIRMATION_OK"
10787,10403286935,10403286973,1,"IOTHUB_CLIENT_CONFIRMATION_OK"
10788,10403287135,10403287167,1,"IOTHUB_CLIENT_CONFIRMATION_OK"
10789,10403287335,10403287503,1,"IOTHUB_CLIENT_CONFIRMATION_OK"
10790,10403287535,10403287570,1,"IOTHUB_CLIENT_CONFIRMATION_OK"
10791,10403287736,10403287772,1,"IOTHUB_CLIENT_CONFIRMATION_OK"
10792,10403287936,10403288001,1,"IOTHUB_CLIENT_CONFIRMATION_OK"
10793,10403288136,10403288174,1,"IOTHUB_CLIENT_CONFIRMATION_OK"
10794,10403288336,10403288374,1,"IOTHUB_CLIENT_CONFIRMATION_OK"
10795,10403288536,10403288577,1,"IOTHUB_CLIENT_CONFIRMATION_OK"
10796,10403288736,10403288775,1,"IOTHUB_CLIENT_CONFIRMATION_OK"
10797,10403288937,10403288974,1,"IOTHUB_CLIENT_CONFIRMATION_OK"
10798,10403289137,10403289178,1,"IOTHUB_CLIENT_CONFIRMATION_OK"
10799,10403289337,10403289374,1,"IOTHUB_CLIENT_CONFIRMATION_OK"
10800,10403289537,10403289586,1,"IOTHUB_CLIENT_CONFIRMATION_OK"
10801,10403289737,10403289769,1,"IOTHUB_CLIENT_CONFIRMATION_OK"
10802,10403289937,10403289977,1,"IOTHUB_CLIENT_CONFIRMATION_OK"
10803,10403290137,10403290176,1,"IOTHUB_CLIENT_CONFIRMATION_OK"
10804,10403290338,10403290384,1,"IOTHUB_CLIENT_CONFIRMATION_OK"
10805,10403290538,10403290576,1,"IOTHUB_CLIENT_CONFIRMATION_OK"
10806,10403290738,10403290792,1,"IOTHUB_CLIENT_CONFIRMATION_OK"
10807,10403290938,10403290974,1,"IOTHUB_CLIENT_CONFIRMATION_OK"
10808,10403291138,10403291172,1,"IOTHUB_CLIENT_CONFIRMATION_OK"
10809,10403291338,10403291377,1,"IOTHUB_CLIENT_CONFIRMATION_OK"
10810,10403291538,10403291586,1,"IOTHUB_CLIENT_CONFIRMATION_OK"
10811,10403291739,10403291780,1,"IOTHUB_CLIENT_CONFIRMATION_OK"
10812,10403291939,10403291977,1,"IOTHUB_CLIENT_CONFIRMATION_OK"
10813,10403292139,10403292242,1,"IOTHUB_CLIENT_CONFIRMATION_OK"
10814,10403292339,10403292377,1,"IOTHUB_CLIENT_CONFIRMATION_OK"
10815,10403292539,10403292623,1,"IOTHUB_CLIENT_CONFIRMATION_OK"
10816,10403292739,10403292778,1,"IOTHUB_CLIENT_CONFIRMATION_OK"
10817,10403292940,10403292976,1,"IOTHUB_CLIENT_CONFIRMATION_OK"
10818,10403293140,10403293238,1,"IOTHUB_CLIENT_CONFIRMATION_OK"
10819,10403293340,10403293376,1,"IOTHUB_CLIENT_CONFIRMATION_OK"
10820,10403293540,10403293645,1,"IOTHUB_CLIENT_CONFIRMATION_OK"
10821,10403293740,10403293776,1,"IOTHUB_CLIENT_CONFIRMATION_OK"
10822,10403293940,10403294053,1,"IOTHUB_CLIENT_CONFIRMATION_OK"
10823,10403294140,10403294287,1,"IOTHUB_CLIENT_CONFIRMATION_OK"
10824,10403294341,10403294388,1,"IOTHUB_CLIENT_CONFIRMATION_OK"
10825,10403294541,10403294578,1,"IOTHUB_CLIENT_CONFIRMATION_OK"
10826,10403294741,10403294779,1,"IOTHUB_CLIENT_CONFIRMATION_OK"
10827,10403294941,10403294979,1,"IOTHUB_CLIENT_CONFIRMATION_OK"
10828,10403295141,10403295316,1,"IOTHUB_CLIENT_CONFIRMATION_OK"
10829,10403295341,10403295375,1,"IOTHUB_CLIENT_CONFIRMATION_OK"
10830,10403295542,10403295578,1,"IOTHUB_CLIENT_CONFIRMATION_OK"
10831,10403295742,10403295781,1,"IOTHUB_CLIENT_CONFIRMATION_OK"
10832,10403295942,10403295985,1,"IOTHUB_CLIENT_CONFIRMATION_OK"
10833,10403296142,10403296467,1,"IOTHUB_CLIENT_CONFIRMATION_OK"
10834,10403296342,10403296490,1,"IOTHUB_CLIENT_CONFIRMATION_OK"
10835,10403296542,10403296582,1,"IOTHUB_CLIENT_CONFIRMATION_OK"
10836,10403296742,10403296872,1,"IOTHUB_CLIENT_CONFIRMATION_OK"
10837,10403296943,10403296972,1,"IOTHUB_CLIENT_CONFIRMATION_OK"
10838,10403297143,10403297180,1,"IOTHUB_CLIENT_CONFIRMATION_OK"
10839,10403297343,10403297383,1,"IOTHUB_CLIENT_CONFIRMATION_OK"
10840,10403297543,10403297589,1,"IOTHUB_CLIENT_CONFIRMATION_OK"
10841,10403297743,10403297899,1,"IOTHUB_CLIENT_CONFIRMATION_OK"
10842,10403297943,10403297995,1,"IOTHUB_CLIENT_CONFIRMATION_OK"
10843,10403298144,10403298185,1,"IOTHUB_CLIENT_CONFIRMATION_OK"
10844,10403298344,10403298376,1,"IOTHUB_CLIENT_CONFIRMATION_OK"
10845,10403298544,10403298594,1,"IOTHUB_CLIENT_CONFIRMATION_OK"
10846,10403298744,10403298944,1,"IOTHUB_CLIENT_CONFIRMATION_OK"
10847,10403298944,10403298994,1,"IOTHUB_CLIENT_CONFIRMATION_OK"
10848,10403299144,10403299174,1,"IOTHUB_CLIENT_CONFIRMATION_OK"
10849,10403299345,10403299385,1,"IOTHUB_CLIENT_CONFIRMATION_OK"
10850,10403299545,10403299583,1,"IOTHUB_CLIENT_CONFIRMATION_OK"
10851,10403299745,10403299989,1,"IOTHUB_CLIENT_CONFIRMATION_OK"
10852,10403299945,10403300018,1,"IOTHUB_CLIENT_CONFIRMATION_OK"
10853,10403300145,10403300203,1,"IOTHUB_CLIENT_CONFIRMATION_OK"
10854,10403300345,10403300386,1,"IOTHUB_CLIENT_CONFIRMATION_OK"
10855,10403300545,10403300584,1,"IOTHUB_CLIENT_CONFIRMATION_OK"
10856,10403300746,10403300785,1,"IOTHUB_CLIENT_CONFIRMATION_OK"
10857,10403300946,10403300984,1,"IOTHUB_CLIENT_CONFIRMATION_OK"
10858,10403301146,10403301187,1,"IOTHUB_CLIENT_CONFIRMATION_OK"
10859,10403301346,10403301386,1,"IOTHUB_CLIENT_CONFIRMATION_OK"
10860,10403301546,10403301583,1,"IOTHUB_CLIENT_CONFIRMATION_OK"
10861,10403301746,10403301782,1,"IOTHUB_CLIENT_CONFIRMATION_OK"
10862,10403301947,10403302017,1,"IOTHUB_CLIENT_CONFIRMATION_OK"
10863,10403302147,10403302176,1,"IOTHUB_CLIENT_CONFIRMATION_OK"
10864,10403302347,10403302423,1,"IOTHUB_CLIENT_CONFIRMATION_OK"
10865,10403302547,10403302581,1,"IOTHUB_CLIENT_CONFIRMATION_OK"
10866,10403302747,10403302776,1,"IOTHUB_CLIENT_CONFIRMATION_OK"
10867,10403302947,10403303043,1,"IOTHUB_CLIENT_CONFIRMATION_OK"
10868,10403303148,10403303185,1,"IOTHUB_CLIENT_CONFIRMATION_OK"
10869,10403303348,10403303382,1,"IOTHUB_CLIENT_CONFIRMATION_OK"
10870,10403303548,10403303576,1,"IOTHUB_CLIENT_CONFIRMATION_OK"
10871,10403303748,10403303787,1,"IOTHUB_CLIENT_CONFIRMATION_OK"
10872,10403303948,10403304033,1,"IOTHUB_CLIENT_CONFIRMATION_OK"
10873,10403304148,10403304189,1,"IOTHUB_CLIENT_CONFIRMATION_OK"
10874,10403304348,10403304381,1,"IOTHUB_CLIENT_CONFIRMATION_OK"
10875,10403304549,10403304583,1,"IOTHUB_CLIENT_CONFIRMATION_OK"
10876,10403304749,10403304792,1,"IOTHUB_CLIENT_CONFIRMATION_OK"
10877,10403304949,10403305061,1,"IOTHUB_CLIENT_CONFIRMATION_OK"
10878,10403305149,10403305202,1,"IOTHUB_CLIENT_CONFIRMATION_OK"
10879,10403305349,10403305380,1,"IOTHUB_CLIENT_CONFIRMATION_OK"
10880,10403305549,10403305666,1,"IOTHUB_CLIENT_CONFIRMATION_OK"
10881,10403305750,10403305786,1,"IOTHUB_CLIENT_CONFIRMATION_OK"
10882,10403305950,10403306065,1,"IOTHUB_CLIENT_CONFIRMATION_OK"
10883,10403306150,10403306188,1,"IOTHUB_CLIENT_CONFIRMATION_OK"
10884,10403306350,10403306392,1,"IOTHUB_CLIENT_CONFIRMATION_OK"
10885,10403306550,10403306696,1,"IOTHUB_CLIENT_CONFIRMATION_OK"
10886,10403306750,10403306792,1,"IOTHUB_CLIENT_CONFIRMATION_OK"
10887,10403306950,10403306994,1,"IOTHUB_CLIENT_CONFIRMATION_OK"
10888,10403307151,10403307179,1,"IOTHUB_CLIENT_CONFIRMATION_OK"
10889,10403307351,10403307393,1,"IOTHUB_CLIENT_CONFIRMATION_OK"
10890,10403307551,10403307729,1,"IOTHUB_CLIENT_CONFIRMATION_OK"
10891,10403307751,10403307792,1,"IOTHUB_CLIENT_CONFIRMATION_OK"
10892,10403307951,10403307985,1,"IOTHUB_CLIENT_CONFIRMATION_OK"
10893,10403308151,10403308183,1,"IOTHUB_CLIENT_CONFIRMATION_OK"
10894,10403308352,10403308388,1,"IOTHUB_CLIENT_CONFIRMATION_OK"
10895,10403308552,10403308754,1,"IOTHUB_CLIENT_CONFIRMATION_OK"
10896,10403308752,10403308787,1,"IOTHUB_CLIENT_CONFIRMATION_OK"
10897,10403308952,10403308989,1,"IOTHUB_CLIENT_CONFIRMATION_OK"
10898,10403309152,10403309188,1,"IOTHUB_CLIENT_CONFIRMATION_OK"
10899,10403309352,10403309392,1,"IOTHUB_CLIENT_CONFIRMATION_OK"
10900,10403309552,10403309586,1,"IOTHUB_CLIENT_CONFIRMATION_OK"
10901,10403309753,10403309800,1,"IOTHUB_CLIENT_CONFIRMATION_OK"
10902,10403309953,10403309985,1,"IOTHUB_CLIENT_CONFIRMATION_OK"
10903,10403310153,10403310202,1,"IOTHUB_CLIENT_CONFIRMATION_OK"
10904,10403310353,10403310402,1,"IOTHUB_CLIENT_CONFIRMATION_OK"
10905,10403310553,10403310587,1,"IOTHUB_CLIENT_CONFIRMATION_OK"
10906,10403310753,10403310800,1,"IOTHUB_CLIENT_CONFIRMATION_OK"
10907,10403310954,10403310999,1,"IOTHUB_CLIENT_CONFIRMATION_OK"
10908,10403311154,10403311190,1,"IOTHUB_CLIENT_CONFIRMATION_OK"
10909,10403311354,10403311394,1,"IOTHUB_CLIENT_CONFIRMATION_OK"
10910,10403311554,10403311582,1,"IOTHUB_CLIENT_CONFIRMATION_OK"
10911,10403311754,10403311807,1,"IOTHUB_CLIENT_CONFIRMATION_OK"
10912,10403311954,10403311990,1,"IOTHUB_CLIENT_CONFIRMATION_OK"
10913,10403312154,10403312192,1,"IOTHUB_CLIENT_CONFIRMATION_OK"
10914,10403312355,10403312385,1,"IOTHUB_CLIENT_CONFIRMATION_OK"
10915,10403312555,10403312585,1,"IOTHUB_CLIENT_CONFIRMATION_OK"
10916,10403312755,10403312819,1,"IOTHUB_CLIENT_CONFIRMATION_OK"
10917,10403312955,10403313064,1,"IOTHUB_CLIENT_CONFIRMATION_OK"
10918,10403313155,10403313206,1,"IOTHUB_CLIENT_CONFIRMATION_OK"
10919,10403313355,10403313387,1,"IOTHUB_CLIENT_CONFIRMATION_OK"
10920,10403313556,10403313594,1,"IOTHUB_CLIENT_CONFIRMATION_OK"
10921,10403313756,10403313911,1,"IOTHUB_CLIENT_CONFIRMATION_OK"
10922,10403313956,10403313994,1,"IOTHUB_CLIENT_CONFIRMATION_OK"
10923,10403314156,10403314189,1,"IOTHUB_CLIENT_CONFIRMATION_OK"
10924,10403314356,10403314388,1,"IOTHUB_CLIENT_CONFIRMATION_OK"
10925,10403314556,10403314588,1,"IOTHUB_CLIENT_CONFIRMATION_OK"
10926,10403314756,10403314922,1,"IOTHUB_CLIENT_CONFIRMATION_OK"
10927,10403314957,10403314986,1,"IOTHUB_CLIENT_CONFIRMATION_OK"
10928,10403315157,10403315199,1,"IOTHUB_CLIENT_CONFIRMATION_OK"
10929,10403315357,10403315398,1,"IOTHUB_CLIENT_CONFIRMATION_OK"
10930,10403315557,10403315600,1,"IOTHUB_CLIENT_CONFIRMATION_OK"
10931,10403315757,10403315792,1,"IOTHUB_CLIENT_CONFIRMATION_OK"
10932,10403315957,10403315993,1,"IOTHUB_CLIENT_CONFIRMATION_OK"
10933,10403316158,10403316224,1,"IOTHUB_CLIENT_CONFIRMATION_OK"
10934,10403316358,10403316396,1,"IOTHUB_CLIENT_CONFIRMATION_OK"
10935,10403316558,10403316612,1,"IOTHUB_CLIENT_CONFIRMATION_OK"
10936,10403316758,10403316805,1,"IOTHUB_CLIENT_CONFIRMATION_OK"
10937,10403316958,10403317000,1,"IOTHUB_CLIENT_CONFIRMATION_OK"
10938,10403317158,10403317190,1,"IOTHUB_CLIENT_CONFIRMATION_OK"
10939,10403317358,10403317633,1,"IOTHUB_CLIENT_CONFIRMATION_OK"
10940,10403317559,10403317654,1,"IOTHUB_CLIENT_CONFIRMATION_OK"
10941,10403317759,10403317797,1,"IOTHUB_CLIENT_CONFIRMATION_OK"
10942,10403317959,10403317993,1,"IOTHUB_CLIENT_CONFIRMATION_OK"
10943,10403318159,10403318194,1,"IOTHUB_CLIENT_CONFIRMATION_OK"
10944,10403318359,10403318395,1,"IOTHUB_CLIENT_CONFIRMATION_OK"
10945,10403318560,10403318601,1,"IOTHUB_CLIENT_CONFIRMATION_OK"
10946,10403318760,10403318800,1,"IOTHUB_CLIENT_CONFIRMATION_OK"
10947,10403318960,10403318999,1,"IOTHUB_CLIENT_CONFIRMATION_OK"
10948,10403319160,10403319196,1,"IOTHUB_CLIENT_CONFIRMATION_OK"
10949,10403319360,10403319389,1,"IOTHUB_CLIENT_CONFIRMATION_OK"
10950,10403319560,10403319608,1,"IOTHUB_CLIENT_CONFIRMATION_OK"
10951,10403319760,10403319793,1,"IOTHUB_CLIENT_CONFIRMATION_OK"
10952,10403319961,10403320038,1,"IOTHUB_CLIENT_CONFIRMATION_OK"
10953,10403320161,10403320204,1,"IOTHUB_CLIENT_CONFIRMATION_OK"
10954,10403320361,10403320446,1,"IOTHUB_CLIENT_CONFIRMATION_OK"
10955,10403320561,10403320651,1,"IOTHUB_CLIENT_CONFIRMATION_OK"
10956,10403320761,10403320798,1,"IOTHUB_CLIENT_CONFIRMATION_OK"
10957,10403320961,10403320999,1,"IOTHUB_CLIENT_CONFIRMATION_OK"
10958,10403321162,10403321202,1,"IOTHUB_CLIENT_CONFIRMATION_OK"
10959,10403321362,10403321400,1,"IOTHUB_CLIENT_CONFIRMATION_OK"
10960,10403321562,10403321662,1,"IOTHUB_CLIENT_CONFIRMATION_OK"
10961,10403321762,10403321796,1,"IOTHUB_CLIENT_CONFIRMATION_OK"
10962,10403321962,10403321995,1,"IOTHUB_CLIENT_CONFIRMATION_OK"
10963,10403322162,10403322194,1,"IOTHUB_CLIENT_CONFIRMATION_OK"
10964,10403322363,10403322419,1,"IOTHUB_CLIENT_CONFIRMATION_OK"
10965,10403322563,10403322681,1,"IOTHUB_CLIENT_CONFIRMATION_OK"
10966,10403322763,10403322858,1,"IOTHUB_CLIENT_CONFIRMATION_OK"
10967,10403322963,10403323002,1,"IOTHUB_CLIENT_CONFIRMATION_OK"
10968,10403323163,10403323206,1,"IOTHUB_CLIENT_CONFIRMATION_OK"
10969,10403323363,10403323413,1,"IOTHUB_CLIENT_CONFIRMATION_OK"
10970,10403323563,10403323690,1,"IOTHUB_CLIENT_CONFIRMATION_OK"
10971,10403323764,10403323801,1,"IOTHUB_CLIENT_CONFIRMATION_OK"
10972,10403323964,10403323994,1,"IOTHUB_CLIENT_CONFIRMATION_OK"
10973,10403324164,10403324322,1,"IOTHUB_CLIENT_CONFIRMATION_OK"
10974,10403324364,10403324399,1,"IOTHUB_CLIENT_CONFIRMATION_OK"
10975,10403324564,10403324608,1,"IOTHUB_CLIENT_CONFIRMATION_OK"
10976,10403324764,10403324800,1,"IOTHUB_CLIENT_CONFIRMATION_OK"
10977,10403324965,10403324994,1,"IOTHUB_CLIENT_CONFIRMATION_OK"
10978,10403325165,10403325324,1,"IOTHUB_CLIENT_CONFIRMATION_OK"
10979,10403325365,10403325398,1,"IOTHUB_CLIENT_CONFIRMATION_OK"
10980,10403325565,10403325605,1,"IOTHUB_CLIENT_CONFIRMATION_OK"
10981,10403325765,10403325818,1,"IOTHUB_CLIENT_CONFIRMATION_OK"
10982,10403325965,10403326002,1,"IOTHUB_CLIENT_CONFIRMATION_OK"
10983,10403326165,10403326335,1,"IOTHUB_CLIENT_CONFIRMATION_OK"
10984,10403326366,10403326393,1,"IOTHUB_CLIENT_CONFIRMATION_OK"
10985,10403326566,10403326602,1,"IOTHUB_CLIENT_CONFIRMATION_OK"
10986,10403326766,10403326800,1,"IOTHUB_CLIENT_CONFIRMATION_OK"
10987,10403326966,10403326999,1,"IOTHUB_CLIENT_CONFIRMATION_OK"
10988,10403327166,10403327206,1,"IOTHUB_CLIENT_CONFIRMATION_OK"
10989,10403327366,10403327408,1,"IOTHUB_CLIENT_CONFIRMATION_OK"
10990,10403327567,10403327611,1,"IOTHUB_CLIENT_CONFIRMATION_OK"
10991,10403327767,10403327800,1,"IOTHUB_CLIENT_CONFIRMATION_OK"
10992,10403327967,10403328001,1,"IOTHUB_CLIENT_CONFIRMATION_OK"
10993,10403328167,10403328200,1,"IOTHUB_CLIENT_CONFIRMATION_OK"
10994,10403328367,10403328399,1,"IOTHUB_CLIENT_CONFIRMATION_OK"
10995,10403328567,10403328644,1,"IOTHUB_CLIENT_CONFIRMATION_OK"
10996,10403328767,10403328804,1,"IOTHUB_CLIENT_CONFIRMATION_OK"
10997,10403328968,10403329008,1,"IOTHUB_CLIENT_CONFIRMATION_OK"
10998,10403329168,10403329202,1,"IOTHUB_CLIENT_CONFIRMATION_OK"
10999,10403329368,10403329405,1,"IOTHUB_CLIENT_CONFIRMATION_OK"
11000,10403329568,10403329622,1,"IOTHUB_CLIENT_CONFIRMATION_OK"
11001,10403329768,10403330003,1,"IOTHUB_CLIENT_CONFIRMATION_OK"
11002,10403329968,10403330019,1,"IOTHUB_CLIENT_CONFIRMATION_OK"
11003,10403330169,10403330209,1,"IOTHUB_CLIENT_CONFIRMATION_OK"
11004,10403330369,10403330408,1,"IOTHUB_CLIENT_CONFIRMATION_OK"
11005,10403330569,10403330606,1,"IOTHUB_CLIENT_CONFIRMATION_OK"
11006,10403330769,10403330811,1,"IOTHUB_CLIENT_CONFIRMATION_OK"
11007,10403330969,10403331032,1,"IOTHUB_CLIENT_CONFIRMATION_OK"
11008,10403331169,10403331209,1,"IOTHUB_CLIENT_CONFIRMATION_OK"
11009,10403331370,10403331415,1,"IOTHUB_CLIENT_CONFIRMATION_OK"
11010,10403331570,10403331600,1,"IOTHUB_CLIENT_CONFIRMATION_OK"
11011,10403331770,10403331801,1,"IOTHUB_CLIENT_CONFIRMATION_OK"
11012,10403331970,10403332033,1,"IOTHUB_CLIENT_CONFIRMATION_OK"
11013,10403332170,10403332208,1,"IOTHUB_CLIENT_CONFIRMATION_OK"
11014,10403332370,10403332430,1,"IOTHUB_CLIENT_CONFIRMATION_OK"
11015,10403332571,10403332631,1,"IOTHUB_CLIENT_CONFIRMATION_OK"
11016,10403332771,10403332819,1,"IOTHUB_CLIENT_CONFIRMATION_OK"
11017,10403332971,10403333060,1,"IOTHUB_CLIENT_CONFIRMATION_OK"
11018,10403333171,10403333210,1,"IOTHUB_CLIENT_CONFIRMATION_OK"
11019,10403333371,10403333417,1,"IOTHUB_CLIENT_CONFIRMATION_OK"
11020,10403333571,10403333606,1,"IOTHUB_CLIENT_CONFIRMATION_OK"
11021,10403333771,10403333809,1,"IOTHUB_CLIENT_CONFIRMATION_OK"
11022,10403333972,10403334056,1,"IOTHUB_CLIENT_CONFIRMATION_OK"
11023,10403334172,10403334212,1,"IOTHUB_CLIENT_CONFIRMATION_OK"
11024,10403334372,10403334414,1,"IOTHUB_CLIENT_CONFIRMATION_OK"
11025,10403334572,10403334621,1,"IOTHUB_CLIENT_CONFIRMATION_OK"
11026,10403334772,10403334811,1,"IOTHUB_CLIENT_CONFIRMATION_OK"
11027,10403334972,10403335167,1,"IOTHUB_CLIENT_CONFIRMATION_OK"
11028,10403335173,10403335214,1,"IOTHUB_CLIENT_CONFIRMATION_OK"
11029,10403335373,10403335407,1,"IOTHUB_CLIENT_CONFIRMATION_OK"
11030,10403335573,10403335624,1,"IOTHUB_CLIENT_CONFIRMATION_OK"
11031,10403335773,10403335812,1,"IOTHUB_CLIENT_CONFIRMATION_OK"
11032,10403335973,10403336175,1,"IOTHUB_CLIENT_CONFIRMATION_OK"
11033,10403336173,10403336222,1,"IOTHUB_CLIENT_CONFIRMATION_OK"
11034,10403336373,10403336415,1,"IOTHUB_CLIENT_CONFIRMATION_OK"
11035,10403336574,10403336624,1,"IOTHUB_CLIENT_CONFIRMATION_OK"
11036,10403336774,10403336815,1,"IOTHUB_CLIENT_CONFIRMATION_OK"
11037,10403336974,10403337016,1,"IOTHUB_CLIENT_CONFIRMATION_OK"
11038,10403337174,10403337210,1,"IOTHUB_CLIENT_CONFIRMATION_OK"
11039,10403337374,10403337416,1,"IOTHUB_CLIENT_CONFIRMATION_OK"
11040,10403337574,10403337610,1,"IOTHUB_CLIENT_CONFIRMATION_OK"
11041,10403337775,10403337827,1,"IOTHUB_CLIENT_CONFIRMATION_OK"
11042,10403337975,10403338011,1,"IOTHUB_CLIENT_CONFIRMATION_OK"
11043,10403338175,10403338242,1,"IOTHUB_CLIENT_CONFIRMATION_OK"
11044,10403338375,10403338411,1,"IOTHUB_CLIENT_CONFIRMATION_OK"
11045,10403338575,10403338646,1,"IOTHUB_CLIENT_CONFIRMATION_OK"
11046,10403338775,10403338807,1,"IOTHUB_CLIENT_CONFIRMATION_OK"
11047,10403338975,10403339009,1,"IOTHUB_CLIENT_CONFIRMATION_OK"
11048,10403339176,10403339261,1,"IOTHUB_CLIENT_CONFIRMATION_OK"
11049,10403339376,10403339418,1,"IOTHUB_CLIENT_CONFIRMATION_OK"
11050,10403339576,10403339616,1,"IOTHUB_CLIENT_CONFIRMATION_OK"
11051,10403339776,10403339825,1,"IOTHUB_CLIENT_CONFIRMATION_OK"
11052,10403339976,10403340013,1,"IOTHUB_CLIENT_CONFIRMATION_OK"
11053,10403340176,10403340287,1,"IOTHUB_CLIENT_CONFIRMATION_OK"
11054,10403340377,10403340410,1,"IOTHUB_CLIENT_CONFIRMATION_OK"
11055,10403340577,10403340618,1,"IOTHUB_CLIENT_CONFIRMATION_OK"
11056,10403340777,10403340891,1,"IOTHUB_CLIENT_CONFIRMATION_OK"
11057,10403340977,10403341016,1,"IOTHUB_CLIENT_CONFIRMATION_OK"
11058,10403341177,10403341314,1,"IOTHUB_CLIENT_CONFIRMATION_OK"
11059,10403341377,10403341410,1,"IOTHUB_CLIENT_CONFIRMATION_OK"
11060,10403341577,10403341625,1,"IOTHUB_CLIENT_CONFIRMATION_OK"
11061,10403341778,10403341814,1,"IOTHUB_CLIENT_CONFIRMATION_OK"
11062,10403341978,10403342020,1,"IOTHUB_CLIENT_CONFIRMATION_OK"
11063,10403342178,10403342211,1,"IOTHUB_CLIENT_CONFIRMATION_OK"
11064,10403342378,10403342415,1,"IOTHUB_CLIENT_CONFIRMATION_OK"
11065,10403342578,10403342609,1,"IOTHUB_CLIENT_CONFIRMATION_OK"
11066,10403342778,10403342808,1,"IOTHUB_CLIENT_CONFIRMATION_OK"
11067,10403342979,10403343019,1,"IOTHUB_CLIENT_CONFIRMATION_OK"
11068,10403343179,10403343212,1,"IOTHUB_CLIENT_CONFIRMATION_OK"
11069,10403343379,10403343412,1,"IOTHUB_CLIENT_CONFIRMATION_OK"
11070,10403343579,10403343693,1,"IOTHUB_CLIENT_CONFIRMATION_OK"
11071,10403343779,10403343993,1,"IOTHUB_CLIENT_CONFIRMATION_OK"
11072,10403343979,10403344015,1,"IOTHUB_CLIENT_CONFIRMATION_OK"
11073,10403344180,10403344210,1,"IOTHUB_CLIENT_CONFIRMATION_OK"
11074,10403344380,10403344446,1,"IOTHUB_CLIENT_CONFIRMATION_OK"
11075,10403344580,10403344634,1,"IOTHUB_CLIENT_CONFIRMATION_OK"
11076,10403344780,10403344837,1,"IOTHUB_CLIENT_CONFIRMATION_OK"
11077,10403344980,10403345020,1,"IOTHUB_CLIENT_CONFIRMATION_OK"
11078,10403345180,10403345213,1,"IOTHUB_CLIENT_CONFIRMATION_OK"
11079,10403345381,10403345444,1,"IOTHUB_CLIENT_CONFIRMATION_OK"
11080,10403345581,10403345639,1,"IOTHUB_CLIENT_CONFIRMATION_OK"
11081,10403345781,10403345813,1,"IOTHUB_CLIENT_CONFIRMATION_OK"
11082,10403345981,10403346020,1,"IOTHUB_CLIENT_CONFIRMATION_OK"
11083,10403346181,10403346234,1,"IOTHUB_CLIENT_CONFIRMATION_OK"
11084,10403346381,10403346465,1,"IOTHUB_CLIENT_CONFIRMATION_OK"
11085,10403346582,10403346613,1,"IOTHUB_CLIENT_CONFIRMATION_OK"
11086,10403346782,10403346826,1,"IOTHUB_CLIENT_CONFIRMATION_OK"
11087,10403346982,10403347076,1,"IOTHUB_CLIENT_CONFIRMATION_OK"
11088,10403347182,10403347232,1,"IOTHUB_CLIENT_CONFIRMATION_OK"
11089,10403347382,10403347474,1,"IOTHUB_CLIENT_CONFIRMATION_OK"
11090,10403347582,10403347615,1,"IOTHUB_CLIENT_CONFIRMATION_OK"
11091,10403347783,10403347829,1,"IOTHUB_CLIENT_CONFIRMATION_OK"
11092,10403347983,10403348114,1,"IOTHUB_CLIENT_CONFIRMATION_OK"
11093,10403348183,10403348222,1,"IOTHUB_CLIENT_CONFIRMATION_OK"
11094,10403348383,10403348424,1,"IOTHUB_CLIENT_CONFIRMATION_OK"
11095,10403348583,10403348625,1,"IOTHUB_CLIENT_CONFIRMATION_OK"
11096,10403348783,10403348869,1,"IOTHUB_CLIENT_CONFIRMATION_OK"
11097,10403348983,10403349116,1,"IOTHUB_CLIENT_CONFIRMATION_OK"
11098,10403349184,10403349224,1,"IOTHUB_CLIENT_CONFIRMATION_OK"
11099,10403349384,10403349424,1,"IOTHUB_CLIENT_CONFIRMATION_OK"
11100,10403349584,10403349620,1,"IOTHUB_CLIENT_CONFIRMATION_OK"
11101,10403349784,10403349824,1,"IOTHUB_CLIENT_CONFIRMATION_OK"
11102,10403349984,10403350140,1,"IOTHUB_CLIENT_CONFIRMATION_OK"
11103,10403350184,10403350227,1,"IOTHUB_CLIENT_CONFIRMATION_OK"
11104,10403350385,10403350426,1,"IOTHUB_CLIENT_CONFIRMATION_OK"
11105,10403350585,10403350626,1,"IOTHUB_CLIENT_CONFIRMATION_OK"
11106,10403350785,10403350839,1,"IOTHUB_CLIENT_CONFIRMATION_OK"
11107,10403350985,10403351162,1,"IOTHUB_CLIENT_CONFIRMATION_OK"
11108,10403351185,10403351217,1,"IOTHUB_CLIENT_CONFIRMATION_OK"
11109,10403351385,10403351428,1,"IOTHUB_CLIENT_CONFIRMATION_OK"
11110,10403351585,10403351622,1,"IOTHUB_CLIENT_CONFIRMATION_OK"
11111,10403351786,10403351829,1,"IOTHUB_CLIENT_CONFIRMATION_OK"
11112,10403351986,10403352016,1,"IOTHUB_CLIENT_CONFIRMATION_OK"
11113,10403352186,10403352242,1,"IOTHUB_CLIENT_CONFIRMATION_OK"
11114,10403352386,10403352415,1,"IOTHUB_CLIENT_CONFIRMATION_OK"
11115,10403352586,10403352616,1,"IOTHUB_CLIENT_CONFIRMATION_OK"
11116,10403352786,10403352820,1,"IOTHUB_CLIENT_CONFIRMATION_OK"
11117,10403352987,10403353027,1,"IOTHUB_CLIENT_CONFIRMATION_OK"
11118,10403353187,10403353232,1,"IOTHUB_CLIENT_CONFIRMATION_OK"
11119,10403353387,10403353428,1,"IOTHUB_CLIENT_CONFIRMATION_OK"
11120,10403353587,10403353617,1,"IOTHUB_CLIENT_CONFIRMATION_OK"
11121,10403353787,10403353815,1,"IOTHUB_CLIENT_CONFIRMATION_OK"
11122,10403353987,10403354017,1,"IOTHUB_CLIENT_CONFIRMATION_OK"
11123,10403354187,10403354234,1,"IOTHUB_CLIENT_CONFIRMATION_OK"
11124,10403354388,10403354421,1,"IOTHUB_CLIENT_CONFIRMATION_OK"
11125,10403354588,10403354629,1,"IOTHUB_CLIENT_CONFIRMATION_OK"
11126,10403354788,10403354846,1,"IOTHUB_CLIENT_CONFIRMATION_OK"
11127,10403354988,10403355050,1,"IOTHUB_CLIENT_CONFIRMATION_OK"
11128,10403355188,10403355279,1,"IOTHUB_CLIENT_CONFIRMATION_OK"
11129,10403355388,10403355435,1,"IOTHUB_CLIENT_CONFIRMATION_OK"
11130,10403355589,10403355624,1,"IOTHUB_CLIENT_CONFIRMATION_OK"
11131,10403355789,10403355920,1,"IOTHUB_CLIENT_CONFIRMATION_OK"
11132,10403355989,10403356020,1,"IOTHUB_CLIENT_CONFIRMATION_OK"
11133,10403356189,10403356291,1,"IOTHUB_CLIENT_CONFIRMATION_OK"
11134,10403356389,10403356429,1,"IOTHUB_CLIENT_CONFIRMATION_OK"
11135,10403356589,10403356619,1,"IOTHUB_CLIENT_CONFIRMATION_OK"
11136,10403356790,10403357019,1,"IOTHUB_CLIENT_CONFIRMATION_OK"
11137,10403356990,10403357058,1,"IOTHUB_CLIENT_CONFIRMATION_OK"
11138,10403357190,10403357220,1,"IOTHUB_CLIENT_CONFIRMATION_OK"
11139,10403357390,10403357435,1,"IOTHUB_CLIENT_CONFIRMATION_OK"
11140,10403357590,10403357661,1,"IOTHUB_CLIENT_CONFIRMATION_OK"
11141,10403357790,10403357916,1,"IOTHUB_CLIENT_CONFIRMATION_OK"
11142,10403357991,10403358027,1,"IOTHUB_CLIENT_CONFIRMATION_OK"
11143,10403358191,10403358227,1,"IOTHUB_CLIENT_CONFIRMATION_OK"
11144,10403358391,10403358426,1,"IOTHUB_CLIENT_CONFIRMATION_OK"
11145,10403358591,10403358624,1,"IOTHUB_CLIENT_CONFIRMATION_OK"
11146,10403358791,10403358957,1,"IOTHUB_CLIENT_CONFIRMATION_OK"
11147,10403358991,10403359028,1,"IOTHUB_CLIENT_CONFIRMATION_OK"
11148,10403359192,10403359239,1,"IOTHUB_CLIENT_CONFIRMATION_OK"
11149,10403359392,10403359427,1,"IOTHUB_CLIENT_CONFIRMATION_OK"
11150,10403359592,10403359633,1,"IOTHUB_CLIENT_CONFIRMATION_OK"
11151,10403359792,10403359989,1,"IOTHUB_CLIENT_CONFIRMATION_OK"
11152,10403359992,10403360039,1,"IOTHUB_CLIENT_CONFIRMATION_OK"
11153,10403360192,10403360232,1,"IOTHUB_CLIENT_CONFIRMATION_OK"
11154,10403360393,10403360506,1,"IOTHUB_CLIENT_CONFIRMATION_OK"
11155,10403360593,10403360636,1,"IOTHUB_CLIENT_CONFIRMATION_OK"
11156,10403360793,10403360836,1,"IOTHUB_CLIENT_CONFIRMATION_OK"
11157,10403360993,10403361067,1,"IOTHUB_CLIENT_CONFIRMATION_OK"
11158,10403361193,10403361228,1,"IOTHUB_CLIENT_CONFIRMATION_OK"
11159,10403361393,10403361467,1,"IOTHUB_CLIENT_CONFIRMATION_OK"
11160,10403361593,10403361646,1,"IOTHUB_CLIENT_CONFIRMATION_OK"
11161,10403361794,10403361832,1,"IOTHUB_CLIENT_CONFIRMATION_OK"
11162,10403361994,10403362094,1,"IOTHUB_CLIENT_CONFIRMATION_OK"
11163,10403362194,10403362229,1,"IOTHUB_CLIENT_CONFIRMATION_OK"
11164,10403362394,10403362481,1,"IOTHUB_CLIENT_CONFIRMATION_OK"
11165,10403362594,10403362627,1,"IOTHUB_CLIENT_CONFIRMATION_OK"
11166,10403362794,10403362833,1,"IOTHUB_CLIENT_CONFIRMATION_OK"
11167,10403362995,10403363090,1,"IOTHUB_CLIENT_CONFIRMATION_OK"
11168,10403363195,10403363283,1,"IOTHUB_CLIENT_CONFIRMATION_OK"
11169,10403363395,10403363431,1,"IOTHUB_CLIENT_CONFIRMATION_OK"
11170,10403363595,10403363643,1,"IOTHUB_CLIENT_CONFIRMATION_OK"
11171,10403363795,10403363831,1,"IOTHUB_CLIENT_CONFIRMATION_OK"
11172,10403363995,10403364105,1,"IOTHUB_CLIENT_CONFIRMATION_OK"
11173,10403364196,10403364234,1,"IOTHUB_CLIENT_CONFIRMATION_OK"
11174,10403364396,10403364431,1,"IOTHUB_CLIENT_CONFIRMATION_OK"
11175,10403364596,10403364634,1,"IOTHUB_CLIENT_CONFIRMATION_OK"
11176,10403364796,10403364833,1,"IOTHUB_CLIENT_CONFIRMATION_OK"
11177,10403364996,10403365148,1,"IOTHUB_CLIENT_CONFIRMATION_OK"
11178,10403365196,10403365234,1,"IOTHUB_CLIENT_CONFIRMATION_OK"
11179,10403365396,10403365425,1,"IOTHUB_CLIENT_CONFIRMATION_OK"
11180,10403365597,10403365636,1,"IOTHUB_CLIENT_CONFIRMATION_OK"
11181,10403365797,10403365833,1,"IOTHUB_CLIENT_CONFIRMATION_OK"
11182,10403365997,10403366025,1,"IOTHUB_CLIENT_CONFIRMATION_OK"
11183,10403366197,10403366233,1,"IOTHUB_CLIENT_CONFIRMATION_OK"
11184,10403366397,10403366438,1,"IOTHUB_CLIENT_CONFIRMATION_OK"
11185,10403366598,10403366635,1,"IOTHUB_CLIENT_CONFIRMATION_OK"
11186,10403366798,10403366842,1,"IOTHUB_CLIENT_CONFIRMATION_OK"
11187,10403366998,10403367028,1,"IOTHUB_CLIENT_CONFIRMATION_OK"
11188,10403367198,10403367227,1,"IOTHUB_CLIENT_CONFIRMATION_OK"
11189,10403367398,10403367440,1,"IOTHUB_CLIENT_CONFIRMATION_OK"
11190,10403367598,10403367775,1,"IOTHUB_CLIENT_CONFIRMATION_OK"
11191,10403367799,10403367860,1,"IOTHUB_CLIENT_CONFIRMATION_OK"
11192,10403367999,10403368048,1,"IOTHUB_CLIENT_CONFIRMATION_OK"
11193,10403368199,10403368240,1,"IOTHUB_CLIENT_CONFIRMATION_OK"
11194,10403368399,10403368436,1,"IOTHUB_CLIENT_CONFIRMATION_OK"
11195,10403368599,10403368796,1,"IOTHUB_CLIENT_CONFIRMATION_OK"
11196,10403368799,10403368835,1,"IOTHUB_CLIENT_CONFIRMATION_OK"
11197,10403369000,10403369083,1,"IOTHUB_CLIENT_CONFIRMATION_OK"
11198,10403369200,10403369242,1,"IOTHUB_CLIENT_CONFIRMATION_OK"
11199,10403369400,10403369438,1,"IOTHUB_CLIENT_CONFIRMATION_OK"
11200,10403369600,10403369646,1,"IOTHUB_CLIENT_CONFIRMATION_OK"
11201,10403369800,10403369859,1,"IOTHUB_CLIENT_CONFIRMATION_OK"
11202,10403370000,10403370073,1,"IOTHUB_CLIENT_CONFIRMATION_OK"
11203,10403370201,10403370239,1,"IOTHUB_CLIENT_CONFIRMATION_OK"
11204,10403370401,10403370441,1,"IOTHUB_CLIENT_CONFIRMATION_OK"
11205,10403370601,10403370639,1,"IOTHUB_CLIENT_CONFIRMATION_OK"
11206,10403370801,10403370854,1,"IOTHUB_CLIENT_CONFIRMATION_OK"
11207,10403371001,10403371054,1,"IOTHUB_CLIENT_CONFIRMATION_OK"
11208,10403371201,10403371248,1,"IOTHUB_CLIENT_CONFIRMATION_OK"
11209,10403371402,10403371442,1,"IOTHUB_CLIENT_CONFIRMATION_OK"
11210,10403371602,10403371640,1,"IOTHUB_CLIENT_CONFIRMATION_OK"
11211,10403371802,10403371853,1,"IOTHUB_CLIENT_CONFIRMATION_OK"
11212,10403372002,10403372110,1,"IOTHUB_CLIENT_CONFIRMATION_OK"
11213,10403372202,10403372235,1,"IOTHUB_CLIENT_CONFIRMATION_OK"
11214,10403372402,10403372440,1,"IOTHUB_CLIENT_CONFIRMATION_OK"
11215,10403372603,10403372637,1,"IOTHUB_CLIENT_CONFIRMATION_OK"
11216,10403372803,10403372920,1,"IOTHUB_CLIENT_CONFIRMATION_OK"
11217,10403373003,10403373047,1,"IOTHUB_CLIENT_CONFIRMATION_OK"
11218,10403373203,10403373240,1,"IOTHUB_CLIENT_CONFIRMATION_OK"
11219,10403373403,10403373440,1,"IOTHUB_CLIENT_CONFIRMATION_OK"
11220,10403373603,10403373648,1,"IOTHUB_CLIENT_CONFIRMATION_OK"
11221,10403373804,10403373933,1,"IOTHUB_CLIENT_CONFIRMATION_OK"
11222,10403374004,10403374039,1,"IOTHUB_CLIENT_CONFIRMATION_OK"
11223,10403374204,10403374257,1,"IOTHUB_CLIENT_CONFIRMATION_OK"
11224,10403374404,10403374443,1,"IOTHUB_CLIENT_CONFIRMATION_OK"
11225,10403374604,10403374709,1,"IOTHUB_CLIENT_CONFIRMATION_OK"
11226,10403374804,10403374949,1,"IOTHUB_CLIENT_CONFIRMATION_OK"
11227,10403375005,10403375043,1,"IOTHUB_CLIENT_CONFIRMATION_OK"
11228,10403375205,10403375241,1,"IOTHUB_CLIENT_CONFIRMATION_OK"
11229,10403375405,10403375443,1,"IOTHUB_CLIENT_CONFIRMATION_OK"
11230,10403375605,10403375647,1,"IOTHUB_CLIENT_CONFIRMATION_OK"
11231,10403375805,10403375851,1,"IOTHUB_CLIENT_CONFIRMATION_OK"
11232,10403376005,10403376085,1,"IOTHUB_CLIENT_CONFIRMATION_OK"
11233,10403376206,10403376247,1,"IOTHUB_CLIENT_CONFIRMATION_OK"
11234,10403376406,10403376573,1,"IOTHUB_CLIENT_CONFIRMATION_OK"
11235,10403376606,10403376649,1,"IOTHUB_CLIENT_CONFIRMATION_OK"
11236,10403376806,10403376900,1,"IOTHUB_CLIENT_CONFIRMATION_OK"
11237,10403377006,10403377045,1,"IOTHUB_CLIENT_CONFIRMATION_OK"
11238,10403377206,10403377240,1,"IOTHUB_CLIENT_CONFIRMATION_OK"
11239,10403377407,10403377443,1,"IOTHUB_CLIENT_CONFIRMATION_OK"
11240,10403377607,10403377643,1,"IOTHUB_CLIENT_CONFIRMATION_OK"
11241,10403377807,10403377861,1,"IOTHUB_CLIENT_CONFIRMATION_OK"
11242,10403378007,10403378049,1,"IOTHUB_CLIENT_CONFIRMATION_OK"
11243,10403378207,10403378242,1,"IOTHUB_CLIENT_CONFIRMATION_OK"
11244,10403378407,10403378444,1,"IOTHUB_CLIENT_CONFIRMATION_OK"
11245,10403378607,10403378647,1,"IOTHUB_CLIENT_CONFIRMATION_OK"
11246,10403378808,10403378847,1,"IOTHUB_CLIENT_CONFIRMATION_OK"
11247,10403379008,10403379046,1,"IOTHUB_CLIENT_CONFIRMATION_OK"
11248,10403379208,10403379243,1,"IOTHUB_CLIENT_CONFIRMATION_OK"
11249,10403379408,10403379448,1,"IOTHUB_CLIENT_CONFIRMATION_OK"
11250,10403379608,10403379676,1,"IOTHUB_CLIENT_CONFIRMATION_OK"
11251,10403379808,10403379849,1,"IOTHUB_CLIENT_CONFIRMATION_OK"
11252,10403380008,10403380071,1,"IOTHUB_CLIENT_CONFIRMATION_OK"
11253,10403380209,10403380257,1,"IOTHUB_CLIENT_CONFIRMATION_OK"
11254,10403380409,10403380447,1,"IOTHUB_CLIENT_CONFIRMATION_OK"
11255,10403380609,10403380691,1,"IOTHUB_CLIENT_CONFIRMATION_OK"
11256,10403380809,10403380867,1,"IOTHUB_CLIENT_CONFIRMATION_OK"
11257,10403381009,10403381087,1,"IOTHUB_CLIENT_CONFIRMATION_OK"
11258,10403381209,10403381248,1,"IOTHUB_CLIENT_CONFIRMATION_OK"
11259,10403381410,10403381449,1,"IOTHUB_CLIENT_CONFIRMATION_OK"
11260,10403381610,10403381697,1,"IOTHUB_CLIENT_CONFIRMATION_OK"
11261,10403381810,10403381848,1,"IOTHUB_CLIENT_CONFIRMATION_OK"
11262,10403382010,10403382075,1,"IOTHUB_CLIENT_CONFIRMATION_OK"
11263,10403382210,10403382258,1,"IOTHUB_CLIENT_CONFIRMATION_OK"
11264,10403382410,10403382447,1,"IOTHUB_CLIENT_CONFIRMATION_OK"
11265,10403382611,10403382719,1,"IOTHUB_CLIENT_CONFIRMATION_OK"
11266,10403382811,10403382852,1,"IOTHUB_CLIENT_CONFIRMATION_OK"
11267,10403383011,10403383048,1,"IOTHUB_CLIENT_CONFIRMATION_OK"
11268,10403383211,10403383325,1,"IOTHUB_CLIENT_CONFIRMATION_OK"
11269,10403383411,10403383450,1,"IOTHUB_CLIENT_CONFIRMATION_OK"
11270,10403383611,10403383727,1,"IOTHUB_CLIENT_CONFIRMATION_OK"
11271,10403383811,10403383850,1,"IOTHUB_CLIENT_CONFIRMATION_OK"
11272,10403384012,10403384051,1,"IOTHUB_CLIENT_CONFIRMATION_OK"
11273,10403384212,10403384343,1,"IOTHUB_CLIENT_CONFIRMATION_OK"
11274,10403384412,10403384453,1,"IOTHUB_CLIENT_CONFIRMATION_OK"
11275,10403384612,10403384647,1,"IOTHUB_CLIENT_CONFIRMATION_OK"
11276,10403384812,10403384853,1,"IOTHUB_CLIENT_CONFIRMATION_OK"
11277,10403385012,10403385060,1,"IOTHUB_CLIENT_CONFIRMATION_OK"
11278,10403385212,10403385357,1,"IOTHUB_CLIENT_CONFIRMATION_OK"
11279,10403385413,10403385450,1,"IOTHUB_CLIENT_CONFIRMATION_OK"
11280,10403385613,10403385663,1,"IOTHUB_CLIENT_CONFIRMATION_OK"
11281,10403385813,10403385849,1,"IOTHUB_CLIENT_CONFIRMATION_OK"
11282,10403386013,10403386050,1,"IOTHUB_CLIENT_CONFIRMATION_OK"
11283,10403386213,10403386427,1,"IOTHUB_CLIENT_CONFIRMATION_OK"
11284,10403386413,10403386450,1,"IOTHUB_CLIENT_CONFIRMATION_OK"
11285,10403386614,10403386657,1,"IOTHUB_CLIENT_CONFIRMATION_OK"
11286,10403386814,10403386855,1,"IOTHUB_CLIENT_CONFIRMATION_OK"
11287,10403387014,10403387053,1,"IOTHUB_CLIENT_CONFIRMATION_OK"
11288,10403387214,10403387263,1,"IOTHUB_CLIENT_CONFIRMATION_OK"
11289,10403387414,10403387445,1,"IOTHUB_CLIENT_CONFIRMATION_OK"
11290,10403387614,10403387661,1,"IOTHUB_CLIENT_CONFIRMATION_OK"
11291,10403387814,10403387924,1,"IOTHUB_CLIENT_CONFIRMATION_OK"
11292,10403388015,10403388053,1,"IOTHUB_CLIENT_CONFIRMATION_OK"
11293,10403388215,10403388255,1,"IOTHUB_CLIENT_CONFIRMATION_OK"
11294,10403388415,10403388460,1,"IOTHUB_CLIENT_CONFIRMATION_OK"
11295,10403388615,10403388651,1,"IOTHUB_CLIENT_CONFIRMATION_OK"
11296,10403388815,10403388865,1,"IOTHUB_CLIENT_CONFIRMATION_OK"
11297,10403389015,10403389062,1,"IOTHUB_CLIENT_CONFIRMATION_OK"
11298,10403389216,10403389261,1,"IOTHUB_CLIENT_CONFIRMATION_OK"
11299,10403389416,10403389455,1,"IOTHUB_CLIENT_CONFIRMATION_OK"
11300,10403389616,10403389659,1,"IOTHUB_CLIENT_CONFIRMATION_OK"
11301,10403389816,10403389854,1,"IOTHUB_CLIENT_CONFIRMATION_OK"
11302,10403390016,10403390052,1,"IOTHUB_CLIENT_CONFIRMATION_OK"
11303,10403390216,10403390256,1,"IOTHUB_CLIENT_CONFIRMATION_OK"
11304,10403390416,10403390466,1,"IOTHUB_CLIENT_CONFIRMATION_OK"
11305,10403390617,10403390657,1,"IOTHUB_CLIENT_CONFIRMATION_OK"
11306,10403390817,10403390851,1,"IOTHUB_CLIENT_CONFIRMATION_OK"
11307,10403391017,10403391054,1,"IOTHUB_CLIENT_CONFIRMATION_OK"
11308,10403391217,10403391257,1,"IOTHUB_CLIENT_CONFIRMATION_OK"
11309,10403391417,10403391475,1,"IOTHUB_CLIENT_CONFIRMATION_OK"
11310,10403391617,10403391653,1,"IOTHUB_CLIENT_CONFIRMATION_OK"
11311,10403391818,10403391876,1,"IOTHUB_CLIENT_CONFIRMATION_OK"
11312,10403392018,10403392098,1,"IOTHUB_CLIENT_CONFIRMATION_OK"
11313,10403392218,10403392274,1,"IOTHUB_CLIENT_CONFIRMATION_OK"
11314,10403392418,10403392495,1,"IOTHUB_CLIENT_CONFIRMATION_OK"
11315,10403392618,10403392654,1,"IOTHUB_CLIENT_CONFIRMATION_OK"
11316,10403392818,10403392862,1,"IOTHUB_CLIENT_CONFIRMATION_OK"
11317,10403393018,10403393113,1,"IOTHUB_CLIENT_CONFIRMATION_OK"
11318,10403393219,10403393257,1,"IOTHUB_CLIENT_CONFIRMATION_OK"
11319,10403393419,10403393456,1,"IOTHUB_CLIENT_CONFIRMATION_OK"
11320,10403393619,10403393653,1,"IOTHUB_CLIENT_CONFIRMATION_OK"
11321,10403393819,10403393863,1,"IOTHUB_CLIENT_CONFIRMATION_OK"
11322,10403394019,10403394165,1,"IOTHUB_CLIENT_CONFIRMATION_OK"
11323,10403394219,10403394264,1,"IOTHUB_CLIENT_CONFIRMATION_OK"
11324,10403394419,10403394458,1,"IOTHUB_CLIENT_CONFIRMATION_OK"
11325,10403394620,10403394666,1,"IOTHUB_CLIENT_CONFIRMATION_OK"
11326,10403394820,10403394856,1,"IOTHUB_CLIENT_CONFIRMATION_OK"
11327,10403395020,10403395191,1,"IOTHUB_CLIENT_CONFIRMATION_OK"
11328,10403395220,10403395263,1,"IOTHUB_CLIENT_CONFIRMATION_OK"
11329,10403395420,10403395457,1,"IOTHUB_CLIENT_CONFIRMATION_OK"
11330,10403395620,10403395663,1,"IOTHUB_CLIENT_CONFIRMATION_OK"
11331,10403395821,10403395850,1,"IOTHUB_CLIENT_CONFIRMATION_OK"
11332,10403396021,10403396211,1,"IOTHUB_CLIENT_CONFIRMATION_OK"
11333,10403396221,10403396259,1,"IOTHUB_CLIENT_CONFIRMATION_OK"
11334,10403396421,10403396481,1,"IOTHUB_CLIENT_CONFIRMATION_OK"
11335,10403396621,10403396685,1,"IOTHUB_CLIENT_CONFIRMATION_OK"
11336,10403396821,10403396851,1,"IOTHUB_CLIENT_CONFIRMATION_OK"
11337,10403397022,10403397060,1,"IOTHUB_CLIENT_CONFIRMATION_OK"
11338,10403397222,10403397275,1,"IOTHUB_CLIENT_CONFIRMATION_OK"
11339,10403397422,10403397468,1,"IOTHUB_CLIENT_CONFIRMATION_OK"
11340,10403397622,10403397680,1,"IOTHUB_CLIENT_CONFIRMATION_OK"
11341,10403397822,10403397870,1,"IOTHUB_CLIENT_CONFIRMATION_OK"
11342,10403398022,10403398056,1,"IOTHUB_CLIENT_CONFIRMATION_OK"
11343,10403398222,10403398349,1,"IOTHUB_CLIENT_CONFIRMATION_OK"
11344,10403398423,10403398530,1,"IOTHUB_CLIENT_CONFIRMATION_OK"
11345,10403398623,10403398720,1,"IOTHUB_CLIENT_CONFIRMATION_OK"
11346,10403398823,10403398856,1,"IOTHUB_CLIENT_CONFIRMATION_OK"
11347,10403399023,10403399068,1,"IOTHUB_CLIENT_CONFIRMATION_OK"
11348,10403399223,10403399328,1,"IOTHUB_CLIENT_CONFIRMATION_OK"
11349,10403399423,10403399452,1,"IOTHUB_CLIENT_CONFIRMATION_OK"
11350,10403399624,10403399675,1,"IOTHUB_CLIENT_CONFIRMATION_OK"
11351,10403399824,10403399862,1,"IOTHUB_CLIENT_CONFIRMATION_OK"
11352,10403400024,10403400059,1,"IOTHUB_CLIENT_CONFIRMATION_OK"
11353,10403400224,10403400352,1,"IOTHUB_CLIENT_CONFIRMATION_OK"
11354,10403400424,10403400477,1,"IOTHUB_CLIENT_CONFIRMATION_OK"
11355,10403400624,10403400677,1,"IOTHUB_CLIENT_CONFIRMATION_OK"
11356,10403400825,10403400862,1,"IOTHUB_CLIENT_CONFIRMATION_OK"
11357,10403401025,10403401061,1,"IOTHUB_CLIENT_CONFIRMATION_OK"
11358,10403401225,10403401436,1,"IOTHUB_CLIENT_CONFIRMATION_OK"
11359,10403401425,10403401464,1,"IOTHUB_CLIENT_CONFIRMATION_OK"
11360,10403401625,10403401662,1,"IOTHUB_CLIENT_CONFIRMATION_OK"
11361,10403401825,10403401856,1,"IOTHUB_CLIENT_CONFIRMATION_OK"
11362,10403402025,10403402065,1,"IOTHUB_CLIENT_CONFIRMATION_OK"
11363,10403402226,10403402268,1,"IOTHUB_CLIENT_CONFIRMATION_OK"
11364,10403402426,10403402463,1,"IOTHUB_CLIENT_CONFIRMATION_OK"
11365,10403402626,10403402664,1,"IOTHUB_CLIENT_CONFIRMATION_OK"
11366,10403402826,10403402869,1,"IOTHUB_CLIENT_CONFIRMATION_OK"
11367,10403403026,10403403089,1,"IOTHUB_CLIENT_CONFIRMATION_OK"
11368,10403403226,10403403266,1,"IOTHUB_CLIENT_CONFIRMATION_OK"
11369,10403403427,10403403460,1,"IOTHUB_CLIENT_CONFIRMATION_OK"
11370,10403403627,10403403668,1,"IOTHUB_CLIENT_CONFIRMATION_OK"
11371,10403403827,10403404014,1,"IOTHUB_CLIENT_CONFIRMATION_OK"
11372,10403404027,10403404077,1,"IOTHUB_CLIENT_CONFIRMATION_OK"
11373,10403404227,10403404266,1,"IOTHUB_CLIENT_CONFIRMATION_OK"
11374,10403404427,10403404463,1,"IOTHUB_CLIENT_CONFIRMATION_OK"
11375,10403404627,10403404660,1,"IOTHUB_CLIENT_CONFIRMATION_OK"
11376,10403404828,10403405036,1,"IOTHUB_CLIENT_CONFIRMATION_OK"
11377,10403405028,10403405065,1,"IOTHUB_CLIENT_CONFIRMATION_OK"
11378,10403405228,10403405268,1,"IOTHUB_CLIENT_CONFIRMATION_OK"
11379,10403405428,10403405460,1,"IOTHUB_CLIENT_CONFIRMATION_OK"
11380,10403405628,10403405666,1,"IOTHUB_CLIENT_CONFIRMATION_OK"
11381,10403405828,10403405858,1,"IOTHUB_CLIENT_CONFIRMATION_OK"
11382,10403406029,10403406068,1,"IOTHUB_CLIENT_CONFIRMATION_OK"
11383,10403406229,10403406264,1,"IOTHUB_CLIENT_CONFIRMATION_OK"
11384,10403406429,10403406489,1,"IOTHUB_CLIENT_CONFIRMATION_OK"
11385,10403406629,10403406677,1,"IOTHUB_CLIENT_CONFIRMATION_OK"
11386,10403406829,10403406872,1,"IOTHUB_CLIENT_CONFIRMATION_OK"
11387,10403407029,10403407104,1,"IOTHUB_CLIENT_CONFIRMATION_OK"
11388,10403407230,10403407268,1,"IOTHUB_CLIENT_CONFIRMATION_OK"
11389,10403407430,10403407478,1,"IOTHUB_CLIENT_CONFIRMATION_OK"
11390,10403407630,10403407738,1,"IOTHUB_CLIENT_CONFIRMATION_OK"
11391,10403407830,10403407863,1,"IOTHUB_CLIENT_CONFIRMATION_OK"
11392,10403408030,10403408404,1,"IOTHUB_CLIENT_CONFIRMATION_OK"
11393,10403408230,10403408413,1,"IOTHUB_CLIENT_CONFIRMATION_OK"
11394,10403408431,10403408470,1,"IOTHUB_CLIENT_CONFIRMATION_OK"
11395,10403408631,10403408676,1,"IOTHUB_CLIENT_CONFIRMATION_OK"
11396,10403408831,10403408875,1,"IOTHUB_CLIENT_CONFIRMATION_OK"
11397,10403409031,10403409170,1,"IOTHUB_CLIENT_CONFIRMATION_OK"
11398,10403409231,10403409281,1,"IOTHUB_CLIENT_CONFIRMATION_OK"
11399,10403409431,10403409462,1,"IOTHUB_CLIENT_CONFIRMATION_OK"
11400,10403409632,10403409665,1,"IOTHUB_CLIENT_CONFIRMATION_OK"
11401,10403409832,10403409872,1,"IOTHUB_CLIENT_CONFIRMATION_OK"
11402,10403410032,10403410187,1,"IOTHUB_CLIENT_CONFIRMATION_OK"
11403,10403410232,10403410272,1,"IOTHUB_CLIENT_CONFIRMATION_OK"
11404,10403410432,10403410468,1,"IOTHUB_CLIENT_CONFIRMATION_OK"
11405,10403410632,10403410677,1,"IOTHUB_CLIENT_CONFIRMATION_OK"
11406,10403410833,10403410873,1,"IOTHUB_CLIENT_CONFIRMATION_OK"
11407,10403411033,10403411259,1,"IOTHUB_CLIENT_CONFIRMATION_OK"
11408,10403411233,10403411296,1,"IOTHUB_CLIENT_CONFIRMATION_OK"
11409,10403411433,10403411463,1,"IOTHUB_CLIENT_CONFIRMATION_OK"
11410,10403411633,10403411671,1,"IOTHUB_CLIENT_CONFIRMATION_OK"
11411,10403411833,10403411872,1,"IOTHUB_CLIENT_CONFIRMATION_OK"
11412,10403412033,10403412073,1,"IOTHUB_CLIENT_CONFIRMATION_OK"
11413,10403412234,10403412273,1,"IOTHUB_CLIENT_CONFIRMATION_OK"
11414,10403412434,10403412475,1,"IOTHUB_CLIENT_CONFIRMATION_OK"
11415,10403412634,10403412684,1,"IOTHUB_CLIENT_CONFIRMATION_OK"
11416,10403412834,10403412884,1,"IOTHUB_CLIENT_CONFIRMATION_OK"
11417,10403413034,10403413079,1,"IOTHUB_CLIENT_CONFIRMATION_OK"
11418,10403413234,10403413299,1,"IOTHUB_CLIENT_CONFIRMATION_OK"
11419,10403413435,10403413473,1,"IOTHUB_CLIENT_CONFIRMATION_OK"
11420,10403413635,10403413702,1,"IOTHUB_CLIENT_CONFIRMATION_OK"
11421,10403413835,10403413931,1,"IOTHUB_CLIENT_CONFIRMATION_OK"
11422,10403414035,10403414078,1,"IOTHUB_CLIENT_CONFIRMATION_OK"
11423,10403414235,10403414354,1,"IOTHUB_CLIENT_CONFIRMATION_OK"
11424,10403414435,10403414523,1,"IOTHUB_CLIENT_CONFIRMATION_OK"
11425,10403414636,10403414676,1,"IOTHUB_CLIENT_CONFIRMATION_OK"
11426,10403414836,10403414888,1,"IOTHUB_CLIENT_CONFIRMATION_OK"
11427,10403415036,10403415076,1,"IOTHUB_CLIENT_CONFIRMATION_OK"
11428,10403415236,10403415387,1,"IOTHUB_CLIENT_CONFIRMATION_OK"
11429,10403415436,10403415477,1,"IOTHUB_CLIENT_CONFIRMATION_OK"
11430,10403415636,10403415670,1,"IOTHUB_CLIENT_CONFIRMATION_OK"
11431,10403415837,10403415876,1,"IOTHUB_CLIENT_CONFIRMATION_OK"
11432,10403416037,10403416076,1,"IOTHUB_CLIENT_CONFIRMATION_OK"
11433,10403416237,10403416391,1,"IOTHUB_CLIENT_CONFIRMATION_OK"
11434,10403416437,10403416474,1,"IOTHUB_CLIENT_CONFIRMATION_OK"
11435,10403416637,10403416672,1,"IOTHUB_CLIENT_CONFIRMATION_OK"
11436,10403416837,10403417046,1,"IOTHUB_CLIENT_CONFIRMATION_OK"
11437,10403417037,10403417069,1,"IOTHUB_CLIENT_CONFIRMATION_OK"
11438,10403417238,10403417279,1,"IOTHUB_CLIENT_CONFIRMATION_OK"
11439,10403417438,10403417478,1,"IOTHUB_CLIENT_CONFIRMATION_OK"
11440,10403417638,10403417673,1,"IOTHUB_CLIENT_CONFIRMATION_OK"
11441,10403417838,10403417873,1,"IOTHUB_CLIENT_CONFIRMATION_OK"
11442,10403418038,10403418082,1,"IOTHUB_CLIENT_CONFIRMATION_OK"
11443,10403418238,10403418280,1,"IOTHUB_CLIENT_CONFIRMATION_OK"
11444,10403418439,10403418477,1,"IOTHUB_CLIENT_CONFIRMATION_OK"
11445,10403418639,10403418674,1,"IOTHUB_CLIENT_CONFIRMATION_OK"
11446,10403418839,10403418891,1,"IOTHUB_CLIENT_CONFIRMATION_OK"
11447,10403419039,10403419084,1,"IOTHUB_CLIENT_CONFIRMATION_OK"
11448,10403419239,10403419281,1,"IOTHUB_CLIENT_CONFIRMATION_OK"
11449,10403419439,10403419494,1,"IOTHUB_CLIENT_CONFIRMATION_OK"
11450,10403419640,10403419739,1,"IOTHUB_CLIENT_CONFIRMATION_OK"
11451,10403419840,10403419951,1,"IOTHUB_CLIENT_CONFIRMATION_OK"
11452,10403420040,10403420112,1,"IOTHUB_CLIENT_CONFIRMATION_OK"
11453,10403420240,10403420279,1,"IOTHUB_CLIENT_CONFIRMATION_OK"
11454,10403420440,10403420591,1,"IOTHUB_CLIENT_CONFIRMATION_OK"
11455,10403420640,10403420684,1,"IOTHUB_CLIENT_CONFIRMATION_OK"
11456,10403420840,10403420876,1,"IOTHUB_CLIENT_CONFIRMATION_OK"
11457,10403421041,10403421092,1,"IOTHUB_CLIENT_CONFIRMATION_OK"
11458,10403421241,10403421276,1,"IOTHUB_CLIENT_CONFIRMATION_OK"
11459,10403421441,10403421591,1,"IOTHUB_CLIENT_CONFIRMATION_OK"
11460,10403421641,10403421681,1,"IOTHUB_CLIENT_CONFIRMATION_OK"
11461,10403421841,10403421879,1,"IOTHUB_CLIENT_CONFIRMATION_OK"
11462,10403422041,10403422075,1,"IOTHUB_CLIENT_CONFIRMATION_OK"
11463,10403422242,10403422277,1,"IOTHUB_CLIENT_CONFIRMATION_OK"
11464,10403422442,10403422635,1,"IOTHUB_CLIENT_CONFIRMATION_OK"
11465,10403422642,10403422682,1,"IOTHUB_CLIENT_CONFIRMATION_OK"
11466,10403422842,10403422880,1,"IOTHUB_CLIENT_CONFIRMATION_OK"
11467,10403423042,10403423085,1,"IOTHUB_CLIENT_CONFIRMATION_OK"
11468,10403423242,10403423295,1,"IOTHUB_CLIENT_CONFIRMATION_OK"
11469,10403423443,10403423482,1,"IOTHUB_CLIENT_CONFIRMATION_OK"
11470,10403423643,10403423678,1,"IOTHUB_CLIENT_CONFIRMATION_OK"
11471,10403423843,10403423882,1,"IOTHUB_CLIENT_CONFIRMATION_OK"
11472,10403424043,10403424094,1,"IOTHUB_CLIENT_CONFIRMATION_OK"
11473,10403424243,10403424278,1,"IOTHUB_CLIENT_CONFIRMATION_OK"
11474,10403424443,10403424506,1,"IOTHUB_CLIENT_CONFIRMATION_OK"
11475,10403424644,10403424680,1,"IOTHUB_CLIENT_CONFIRMATION_OK"
11476,10403424844,10403424883,1,"IOTHUB_CLIENT_CONFIRMATION_OK"
11477,10403425044,10403425260,1,"IOTHUB_CLIENT_CONFIRMATION_OK"
11478,10403425244,10403425294,1,"IOTHUB_CLIENT_CONFIRMATION_OK"
11479,10403425444,10403425528,1,"IOTHUB_CLIENT_CONFIRMATION_OK"
11480,10403425644,10403425716,1,"IOTHUB_CLIENT_CONFIRMATION_OK"
11481,10403425844,10403425891,1,"IOTHUB_CLIENT_CONFIRMATION_OK"
11482,10403426045,10403426074,1,"IOTHUB_CLIENT_CONFIRMATION_OK"
11483,10403426245,10403426283,1,"IOTHUB_CLIENT_CONFIRMATION_OK"
11484,10403426445,10403426477,1,"IOTHUB_CLIENT_CONFIRMATION_OK"
11485,10403426645,10403426716,1,"IOTHUB_CLIENT_CONFIRMATION_OK"
11486,10403426845,10403426877,1,"IOTHUB_CLIENT_CONFIRMATION_OK"
11487,10403427045,10403427081,1,"IOTHUB_CLIENT_CONFIRMATION_OK"
11488,10403427246,10403427278,1,"IOTHUB_CLIENT_CONFIRMATION_OK"
11489,10403427446,10403427489,1,"IOTHUB_CLIENT_CONFIRMATION_OK"
11490,10403427646,10403427739,1,"IOTHUB_CLIENT_CONFIRMATION_OK"
11491,10403427846,10403427883,1,"IOTHUB_CLIENT_CONFIRMATION_OK"
11492,10403428046,10403428080,1,"IOTHUB_CLIENT_CONFIRMATION_OK"
11493,10403428246,10403428404,1,"IOTHUB_CLIENT_CONFIRMATION_OK"
11494,10403428446,10403428488,1,"IOTHUB_CLIENT_CONFIRMATION_OK"
11495,10403428647,10403428808,1,"IOTHUB_CLIENT_CONFIRMATION_OK"
11496,10403428847,10403428913,1,"IOTHUB_CLIENT_CONFIRMATION_OK"
11497,10403429047,10403429088,1,"IOTHUB_CLIENT_CONFIRMATION_OK"
11498,10403429247,10403429285,1,"IOTHUB_CLIENT_CONFIRMATION_OK"
11499,10403429447,10403429482,1,"IOTHUB_CLIENT_CONFIRMATION_OK"
11500,10403429647,10403429694,1,"IOTHUB_CLIENT_CONFIRMATION_OK"
11501,10403429848,10403429877,1,"IOTHUB_CLIENT_CONFIRMATION_OK"
11502,10403430048,10403430088,1,"IOTHUB_CLIENT_CONFIRMATION_OK"
11503,10403430248,10403430285,1,"IOTHUB_CLIENT_CONFIRMATION_OK"
11504,10403430448,10403430490,1,"IOTHUB_CLIENT_CONFIRMATION_OK"
11505,10403430648,10403430688,1,"IOTHUB_CLIENT_CONFIRMATION_OK"
11506,10403430848,10403430887,1,"IOTHUB_CLIENT_CONFIRMATION_OK"
11507,10403431049,10403431156,1,"IOTHUB_CLIENT_CONFIRMATION_OK"
11508,10403431249,10403431460,1,"IOTHUB_CLIENT_CONFIRMATION_OK"
11509,10403431449,10403431488,1,"IOTHUB_CLIENT_CONFIRMATION_OK"
11510,10403431649,10403431699,1,"IOTHUB_CLIENT_CONFIRMATION_OK"
11511,10403431849,10403431888,1,"IOTHUB_CLIENT_CONFIRMATION_OK"
11512,10403432049,10403432089,1,"IOTHUB_CLIENT_CONFIRMATION_OK"
11513,10403432250,10403432288,1,"IOTHUB_CLIENT_CONFIRMATION_OK"
11514,10403432450,10403432497,1,"IOTHUB_CLIENT_CONFIRMATION_OK"
11515,10403432650,10403432694,1,"IOTHUB_CLIENT_CONFIRMATION_OK"
11516,10403432850,10403432891,1,"IOTHUB_CLIENT_CONFIRMATION_OK"
11517,10403433050,10403433104,1,"IOTHUB_CLIENT_CONFIRMATION_OK"
11518,10403433250,10403433291,1,"IOTHUB_CLIENT_CONFIRMATION_OK"
11519,10403433450,10403433489,1,"IOTHUB_CLIENT_CONFIRMATION_OK"
11520,10403433651,10403433691,1,"IOTHUB_CLIENT_CONFIRMATION_OK"
11521,10403433851,10403433902,1,"IOTHUB_CLIENT_CONFIRMATION_OK"
11522,10403434051,10403434093,1,"IOTHUB_CLIENT_CONFIRMATION_OK"
11523,10403434251,10403434294,1,"IOTHUB_CLIENT_CONFIRMATION_OK"
11524,10403434451,10403434510,1,"IOTHUB_CLIENT_CONFIRMATION_OK"
11525,10403434651,10403434688,1,"IOTHUB_CLIENT_CONFIRMATION_OK"
11526,10403434852,10403434909,1,"IOTHUB_CLIENT_CONFIRMATION_OK"
11527,10403435052,10403435088,1,"IOTHUB_CLIENT_CONFIRMATION_OK"
11528,10403435252,10403435289,1,"IOTHUB_CLIENT_CONFIRMATION_OK"
11529,10403435452,10403435512,1,"IOTHUB_CLIENT_CONFIRMATION_OK"
11530,10403435652,10403435694,1,"IOTHUB_CLIENT_CONFIRMATION_OK"
11531,10403435852,10403435888,1,"IOTHUB_CLIENT_CONFIRMATION_OK"
11532,10403436053,10403436082,1,"IOTHUB_CLIENT_CONFIRMATION_OK"
11533,10403436253,10403436425,1,"IOTHUB_CLIENT_CONFIRMATION_OK"
11534,10403436453,10403436617,1,"IOTHUB_CLIENT_CONFIRMATION_OK"
11535,10403436653,10403436692,1,"IOTHUB_CLIENT_CONFIRMATION_OK"
11536,10403436853,10403436891,1,"IOTHUB_CLIENT_CONFIRMATION_OK"
11537,10403437053,10403437092,1,"IOTHUB_CLIENT_CONFIRMATION_OK"
11538,10403437254,10403437284,1,"IOTHUB_CLIENT_CONFIRMATION_OK"
11539,10403437454,10403437613,1,"IOTHUB_CLIENT_CONFIRMATION_OK"
11540,10403437654,10403437691,1,"IOTHUB_CLIENT_CONFIRMATION_OK"
11541,10403437854,10403437900,1,"IOTHUB_CLIENT_CONFIRMATION_OK"
11542,10403438054,10403438089,1,"IOTHUB_CLIENT_CONFIRMATION_OK"
11543,10403438254,10403438291,1,"IOTHUB_CLIENT_CONFIRMATION_OK"
11544,10403438455,10403438505,1,"IOTHUB_CLIENT_CONFIRMATION_OK"
11545,10403438655,10403438684,1,"IOTHUB_CLIENT_CONFIRMATION_OK"
11546,10403438855,10403438892,1,"IOTHUB_CLIENT_CONFIRMATION_OK"
11547,10403439055,10403439092,1,"IOTHUB_CLIENT_CONFIRMATION_OK"
11548,10403439255,10403439288,1,"IOTHUB_CLIENT_CONFIRMATION_OK"
11549,10403439455,10403439492,1,"IOTHUB_CLIENT_CONFIRMATION_OK"
11550,10403439655,10403439694,1,"IOTHUB_CLIENT_CONFIRMATION_OK"
11551,10403439856,10403439900,1,"IOTHUB_CLIENT_CONFIRMATION_OK"
11552,10403440056,10403440253,1,"IOTHUB_CLIENT_CONFIRMATION_OK"
11553,10403440256,10403440294,1,"IOTHUB_CLIENT_CONFIRMATION_OK"
11554,10403440456,10403440490,1,"IOTHUB_CLIENT_CONFIRMATION_OK"
11555,10403440656,10403440727,1,"IOTHUB_CLIENT_CONFIRMATION_OK"
11556,10403440856,10403440892,1,"IOTHUB_CLIENT_CONFIRMATION_OK"
11557,10403441057,10403441093,1,"IOTHUB_CLIENT_CONFIRMATION_OK"
11558,10403441257,10403441291,1,"IOTHUB_CLIENT_CONFIRMATION_OK"
11559,10403441457,10403441491,1,"IOTHUB_CLIENT_CONFIRMATION_OK"
11560,10403441657,10403441722,1,"IOTHUB_CLIENT_CONFIRMATION_OK"
11561,10403441857,10403441892,1,"IOTHUB_CLIENT_CONFIRMATION_OK"
11562,10403442057,10403442091,1,"IOTHUB_CLIENT_CONFIRMATION_OK"
11563,10403442258,10403442380,1,"IOTHUB_CLIENT_CONFIRMATION_OK"
11564,10403442458,10403442502,1,"IOTHUB_CLIENT_CONFIRMATION_OK"
11565,10403442658,10403442699,1,"IOTHUB_CLIENT_CONFIRMATION_OK"
11566,10403442858,10403442897,1,"IOTHUB_CLIENT_CONFIRMATION_OK"
11567,10403443058,10403443099,1,"IOTHUB_CLIENT_CONFIRMATION_OK"
11568,10403443258,10403443357,1,"IOTHUB_CLIENT_CONFIRMATION_OK"
11569,10403443459,10403443500,1,"IOTHUB_CLIENT_CONFIRMATION_OK"
11570,10403443659,10403443717,1,"IOTHUB_CLIENT_CONFIRMATION_OK"
11571,10403443859,10403443899,1,"IOTHUB_CLIENT_CONFIRMATION_OK"
11572,10403444059,10403444095,1,"IOTHUB_CLIENT_CONFIRMATION_OK"
11573,10403444259,10403444340,1,"IOTHUB_CLIENT_CONFIRMATION_OK"
11574,10403444459,10403444498,1,"IOTHUB_CLIENT_CONFIRMATION_OK"
11575,10403444660,10403444694,1,"IOTHUB_CLIENT_CONFIRMATION_OK"
11576,10403444860,10403444898,1,"IOTHUB_CLIENT_CONFIRMATION_OK"
11577,10403445060,10403445101,1,"IOTHUB_CLIENT_CONFIRMATION_OK"
11578,10403445260,10403445341,1,"IOTHUB_CLIENT_CONFIRMATION_OK"
11579,10403445460,10403445494,1,"IOTHUB_CLIENT_CONFIRMATION_OK"
11580,10403445660,10403445711,1,"IOTHUB_CLIENT_CONFIRMATION_OK"
11581,10403445861,10403445959,1,"IOTHUB_CLIENT_CONFIRMATION_OK"
11582,10403446061,10403446096,1,"IOTHUB_CLIENT_CONFIRMATION_OK"
11583,10403446261,10403446352,1,"IOTHUB_CLIENT_CONFIRMATION_OK"
11584,10403446461,10403446502,1,"IOTHUB_CLIENT_CONFIRMATION_OK"
11585,10403446661,10403446701,1,"IOTHUB_CLIENT_CONFIRMATION_OK"
11586,10403446861,10403446998,1,"IOTHUB_CLIENT_CONFIRMATION_OK"
11587,10403447061,10403447098,1,"IOTHUB_CLIENT_CONFIRMATION_OK"
11588,10403447262,10403447305,1,"IOTHUB_CLIENT_CONFIRMATION_OK"
11589,10403447462,10403447501,1,"IOTHUB_CLIENT_CONFIRMATION_OK"
11590,10403447662,10403447701,1,"IOTHUB_CLIENT_CONFIRMATION_OK"
11591,10403447862,10403447994,1,"IOTHUB_CLIENT_CONFIRMATION_OK"
11592,10403448062,10403448092,1,"IOTHUB_CLIENT_CONFIRMATION_OK"
11593,10403448262,10403448309,1,"IOTHUB_CLIENT_CONFIRMATION_OK"
11594,10403448463,10403448503,1,"IOTHUB_CLIENT_CONFIRMATION_OK"
11595,10403448663,10403448719,1,"IOTHUB_CLIENT_CONFIRMATION_OK"
11596,10403448863,10403449029,1,"IOTHUB_CLIENT_CONFIRMATION_OK"
11597,10403449063,10403449097,1,"IOTHUB_CLIENT_CONFIRMATION_OK"
11598,10403449263,10403449320,1,"IOTHUB_CLIENT_CONFIRMATION_OK"
11599,10403449463,10403449498,1,"IOTHUB_CLIENT_CONFIRMATION_OK"
11600,10403449664,10403449714,1,"IOTHUB_CLIENT_CONFIRMATION_OK"
11601,10403449864,10403450054,1,"IOTHUB_CLIENT_CONFIRMATION_OK"
11602,10403450064,10403450115,1,"IOTHUB_CLIENT_CONFIRMATION_OK"
11603,10403450264,10403450340,1,"IOTHUB_CLIENT_CONFIRMATION_OK"
11604,10403450464,10403450518,1,"IOTHUB_CLIENT_CONFIRMATION_OK"
11605,10403450664,10403450720,1,"IOTHUB_CLIENT_CONFIRMATION_OK"
11606,10403450864,10403450899,1,"IOTHUB_CLIENT_CONFIRMATION_OK"
11607,10403451065,10403451101,1,"IOTHUB_CLIENT_CONFIRMATION_OK"
11608,10403451265,10403451320,1,"IOTHUB_CLIENT_CONFIRMATION_OK"
11609,10403451465,10403451504,1,"IOTHUB_CLIENT_CONFIRMATION_OK"
11610,10403451665,10403451702,1,"IOTHUB_CLIENT_CONFIRMATION_OK"
11611,10403451865,10403451905,1,"IOTHUB_CLIENT_CONFIRMATION_OK"
11612,10403452065,10403452101,1,"IOTHUB_CLIENT_CONFIRMATION_OK"
11613,10403452265,10403452301,1,"IOTHUB_CLIENT_CONFIRMATION_OK"
11614,10403452466,10403452503,1,"IOTHUB_CLIENT_CONFIRMATION_OK"
11615,10403452666,10403452697,1,"IOTHUB_CLIENT_CONFIRMATION_OK"
11616,10403452866,10403452916,1,"IOTHUB_CLIENT_CONFIRMATION_OK"
11617,10403453066,10403453120,1,"IOTHUB_CLIENT_CONFIRMATION_OK"
11618,10403453266,10403453303,1,"IOTHUB_CLIENT_CONFIRMATION_OK"
11619,10403453467,10403453509,1,"IOTHUB_CLIENT_CONFIRMATION_OK"
11620,10403453667,10403453697,1,"IOTHUB_CLIENT_CONFIRMATION_OK"
11621,10403453867,10403453923,1,"IOTHUB_CLIENT_CONFIRMATION_OK"
11622,10403454067,10403454137,1,"IOTHUB_CLIENT_CONFIRMATION_OK"
11623,10403454267,10403454301,1,"IOTHUB_CLIENT_CONFIRMATION_OK"
11624,10403454467,10403454507,1,"IOTHUB_CLIENT_CONFIRMATION_OK"
11625,10403454667,10403454770,1,"IOTHUB_CLIENT_CONFIRMATION_OK"
11626,10403454868,10403454907,1,"IOTHUB_CLIENT_CONFIRMATION_OK"
11627,10403455068,10403455155,1,"IOTHUB_CLIENT_CONFIRMATION_OK"
11628,10403455268,10403455311,1,"IOTHUB_CLIENT_CONFIRMATION_OK"
11629,10403455468,10403455512,1,"IOTHUB_CLIENT_CONFIRMATION_OK"
11630,10403455668,10403455764,1,"IOTHUB_CLIENT_CONFIRMATION_OK"
11631,10403455868,10403455911,1,"IOTHUB_CLIENT_CONFIRMATION_OK"
11632,10403456069,10403456167,1,"IOTHUB_CLIENT_CONFIRMATION_OK"
11633,10403456269,10403456304,1,"IOTHUB_CLIENT_CONFIRMATION_OK"
11634,10403456469,10403456500,1,"IOTHUB_CLIENT_CONFIRMATION_OK"
11635,10403456669,10403456795,1,"IOTHUB_CLIENT_CONFIRMATION_OK"
11636,10403456869,10403456908,1,"IOTHUB_CLIENT_CONFIRMATION_OK"
11637,10403457069,10403457112,1,"IOTHUB_CLIENT_CONFIRMATION_OK"
11638,10403457269,10403457308,1,"IOTHUB_CLIENT_CONFIRMATION_OK"
11639,10403457470,10403457502,1,"IOTHUB_CLIENT_CONFIRMATION_OK"
11640,10403457670,10403457797,1,"IOTHUB_CLIENT_CONFIRMATION_OK"
11641,10403457870,10403457913,1,"IOTHUB_CLIENT_CONFIRMATION_OK"
11642,10403458070,10403458116,1,"IOTHUB_CLIENT_CONFIRMATION_OK"
11643,10403458270,10403458307,1,"IOTHUB_CLIENT_CONFIRMATION_OK"
11644,10403458470,10403458507,1,"IOTHUB_CLIENT_CONFIRMATION_OK"
11645,10403458671,10403458813,1,"IOTHUB_CLIENT_CONFIRMATION_OK"
11646,10403458871,10403458909,1,"IOTHUB_CLIENT_CONFIRMATION_OK"
11647,10403459071,10403459105,1,"IOTHUB_CLIENT_CONFIRMATION_OK"
11648,10403459271,10403459308,1,"IOTHUB_CLIENT_CONFIRMATION_OK"
11649,10403459471,10403459522,1,"IOTHUB_CLIENT_CONFIRMATION_OK"
11650,10403459671,10403459710,1,"IOTHUB_CLIENT_CONFIRMATION_OK"
11651,10403459872,10403459936,1,"IOTHUB_CLIENT_CONFIRMATION_OK"
11652,10403460072,10403460118,1,"IOTHUB_CLIENT_CONFIRMATION_OK"
11653,10403460272,10403460311,1,"IOTHUB_CLIENT_CONFIRMATION_OK"
11654,10403460472,10403460505,1,"IOTHUB_CLIENT_CONFIRMATION_OK"
11655,10403460672,10403460711,1,"IOTHUB_CLIENT_CONFIRMATION_OK"
11656,10403460872,10403460910,1,"IOTHUB_CLIENT_CONFIRMATION_OK"
11657,10403461073,10403461112,1,"IOTHUB_CLIENT_CONFIRMATION_OK"
11658,10403461273,10403461495,1,"IOTHUB_CLIENT_CONFIRMATION_OK"
11659,10403461473,10403461516,1,"IOTHUB_CLIENT_CONFIRMATION_OK"
11660,10403461673,10403461711,1,"IOTHUB_CLIENT_CONFIRMATION_OK"
11661,10403461873,10403461909,1,"IOTHUB_CLIENT_CONFIRMATION_OK"
11662,10403462073,10403462111,1,"IOTHUB_CLIENT_CONFIRMATION_OK"
11663,10403462273,10403462311,1,"IOTHUB_CLIENT_CONFIRMATION_OK"
11664,10403462474,10403462527,1,"IOTHUB_CLIENT_CONFIRMATION_OK"
11665,10403462674,10403462711,1,"IOTHUB_CLIENT_CONFIRMATION_OK"
11666,10403462874,10403462929,1,"IOTHUB_CLIENT_CONFIRMATION_OK"
11667,10403463074,10403463103,1,"IOTHUB_CLIENT_CONFIRMATION_OK"
11668,10403463274,10403463319,1,"IOTHUB_CLIENT_CONFIRMATION_OK"
11669,10403463474,10403463553,1,"IOTHUB_CLIENT_CONFIRMATION_OK"
11670,10403463675,10403463715,1,"IOTHUB_CLIENT_CONFIRMATION_OK"
11671,10403463875,10403463953,1,"IOTHUB_CLIENT_CONFIRMATION_OK"
11672,10403464075,10403464116,1,"IOTHUB_CLIENT_CONFIRMATION_OK"
11673,10403464275,10403464341,1,"IOTHUB_CLIENT_CONFIRMATION_OK"
11674,10403464475,10403464593,1,"IOTHUB_CLIENT_CONFIRMATION_OK"
11675,10403464675,10403464714,1,"IOTHUB_CLIENT_CONFIRMATION_OK"
11676,10403464876,10403464970,1,"IOTHUB_CLIENT_CONFIRMATION_OK"
11677,10403465076,10403465120,1,"IOTHUB_CLIENT_CONFIRMATION_OK"
11678,10403465276,10403465316,1,"IOTHUB_CLIENT_CONFIRMATION_OK"
11679,10403465476,10403465583,1,"IOTHUB_CLIENT_CONFIRMATION_OK"
11680,10403465676,10403465717,1,"IOTHUB_CLIENT_CONFIRMATION_OK"
11681,10403465876,10403465912,1,"IOTHUB_CLIENT_CONFIRMATION_OK"
11682,10403466076,10403466132,1,"IOTHUB_CLIENT_CONFIRMATION_OK"
11683,10403466277,10403466322,1,"IOTHUB_CLIENT_CONFIRMATION_OK"
11684,10403466477,10403466517,1,"IOTHUB_CLIENT_CONFIRMATION_OK"
11685,10403466677,10403466718,1,"IOTHUB_CLIENT_CONFIRMATION_OK"
11686,10403466877,10403466913,1,"IOTHUB_CLIENT_CONFIRMATION_OK"
11687,10403467077,10403467118,1,"IOTHUB_CLIENT_CONFIRMATION_OK"
11688,10403467277,10403467315,1,"IOTHUB_CLIENT_CONFIRMATION_OK"
11689,10403467478,10403467695,1,"IOTHUB_CLIENT_CONFIRMATION_OK"
11690,10403467678,10403467723,1,"IOTHUB_CLIENT_CONFIRMATION_OK"
11691,10403467878,10403467917,1,"IOTHUB_CLIENT_CONFIRMATION_OK"
11692,10403468078,10403468117,1,"IOTHUB_CLIENT_CONFIRMATION_OK"
11693,10403468278,10403468328,1,"IOTHUB_CLIENT_CONFIRMATION_OK"
11694,10403468478,10403468516,1,"IOTHUB_CLIENT_CONFIRMATION_OK"
11695,10403468679,10403468714,1,"IOTHUB_CLIENT_CONFIRMATION_OK"
11696,10403468879,10403468915,1,"IOTHUB_CLIENT_CONFIRMATION_OK"
11697,10403469079,10403469123,1,"IOTHUB_CLIENT_CONFIRMATION_OK"
11698,10403469279,10403469321,1,"IOTHUB_CLIENT_CONFIRMATION_OK"
11699,10403469479,10403469520,1,"IOTHUB_CLIENT_CONFIRMATION_OK"
11700,10403469679,10403469743,1,"IOTHUB_CLIENT_CONFIRMATION_OK"
11701,10403469880,10403469920,1,"IOTHUB_CLIENT_CONFIRMATION_OK"
11702,10403470080,10403470158,1,"IOTHUB_CLIENT_CONFIRMATION_OK"
11703,10403470280,10403470316,1,"IOTHUB_CLIENT_CONFIRMATION_OK"
11704,10403470480,10403470519,1,"IOTHUB_CLIENT_CONFIRMATION_OK"
11705,10403470680,10403470747,1,"IOTHUB_CLIENT_CONFIRMATION_OK"
11706,10403470880,10403470930,1,"IOTHUB_CLIENT_CONFIRMATION_OK"
11707,10403471080,10403471145,1,"IOTHUB_CLIENT_CONFIRMATION_OK"
11708,10403471281,10403471312,1,"IOTHUB_CLIENT_CONFIRMATION_OK"
11709,10403471481,10403471516,1,"IOTHUB_CLIENT_CONFIRMATION_OK"
11710,10403471681,10403471795,1,"IOTHUB_CLIENT_CONFIRMATION_OK"
11711,10403471881,10403471919,1,"IOTHUB_CLIENT_CONFIRMATION_OK"
11712,10403472081,10403472121,1,"IOTHUB_CLIENT_CONFIRMATION_OK"
11713,10403472281,10403472346,1,"IOTHUB_CLIENT_CONFIRMATION_OK"
11714,10403472482,10403472511,1,"IOTHUB_CLIENT_CONFIRMATION_OK"
11715,10403472682,10403472815,1,"IOTHUB_CLIENT_CONFIRMATION_OK"
11716,10403472882,10403472916,1,"IOTHUB_CLIENT_CONFIRMATION_OK"
11717,10403473082,10403473122,1,"IOTHUB_CLIENT_CONFIRMATION_OK"
11718,10403473282,10403473319,1,"IOTHUB_CLIENT_CONFIRMATION_OK"
11719,10403473482,10403473510,1,"IOTHUB_CLIENT_CONFIRMATION_OK"
11720,10403473683,10403473798,1,"IOTHUB_CLIENT_CONFIRMATION_OK"
11721,10403473883,10403473915,1,"IOTHUB_CLIENT_CONFIRMATION_OK"
11722,10403474083,10403474117,1,"IOTHUB_CLIENT_CONFIRMATION_OK"
11723,10403474283,10403474443,1,"IOTHUB_CLIENT_CONFIRMATION_OK"
11724,10403474483,10403474557,1,"IOTHUB_CLIENT_CONFIRMATION_OK"
11725,10403474684,10403474717,1,"IOTHUB_CLIENT_CONFIRMATION_OK"
11726,10403474884,10403474919,1,"IOTHUB_CLIENT_CONFIRMATION_OK"
11727,10403475084,10403475114,1,"IOTHUB_CLIENT_CONFIRMATION_OK"
11728,10403475284,10403475446,1,"IOTHUB_CLIENT_CONFIRMATION_OK"
11729,10403475484,10403475521,1,"IOTHUB_CLIENT_CONFIRMATION_OK"
11730,10403475684,10403475722,1,"IOTHUB_CLIENT_CONFIRMATION_OK"
11731,10403475884,10403475915,1,"IOTHUB_CLIENT_CONFIRMATION_OK"
11732,10403476085,10403476114,1,"IOTHUB_CLIENT_CONFIRMATION_OK"
11733,10403476285,10403476453,1,"IOTHUB_CLIENT_CONFIRMATION_OK"
11734,10403476485,10403476518,1,"IOTHUB_CLIENT_CONFIRMATION_OK"
11735,10403476685,10403476714,1,"IOTHUB_CLIENT_CONFIRMATION_OK"
11736,10403476885,10403476918,1,"IOTHUB_CLIENT_CONFIRMATION_OK"
11737,10403477085,10403477117,1,"IOTHUB_CLIENT_CONFIRMATION_OK"
11738,10403477286,10403477314,1,"IOTHUB_CLIENT_CONFIRMATION_OK"
11739,10403477486,10403477605,1,"IOTHUB_CLIENT_CONFIRMATION_OK"
11740,10403477686,10403477718,1,"IOTHUB_CLIENT_CONFIRMATION_OK"
11741,10403477886,10403477917,1,"IOTHUB_CLIENT_CONFIRMATION_OK"
11742,10403478086,10403478117,1,"IOTHUB_CLIENT_CONFIRMATION_OK"
11743,10403478286,10403478318,1,"IOTHUB_CLIENT_CONFIRMATION_OK"
11744,10403478487,10403478526,1,"IOTHUB_CLIENT_CONFIRMATION_OK"
11745,10403478687,10403478725,1,"IOTHUB_CLIENT_CONFIRMATION_OK"
11746,10403478887,10403478923,1,"IOTHUB_CLIENT_CONFIRMATION_OK"
11747,10403479087,10403479121,1,"IOTHUB_CLIENT_CONFIRMATION_OK"
11748,10403479287,10403479317,1,"IOTHUB_CLIENT_CONFIRMATION_OK"
11749,10403479487,10403479522,1,"IOTHUB_CLIENT_CONFIRMATION_OK"
11750,10403479688,10403479722,1,"IOTHUB_CLIENT_CONFIRMATION_OK"
11751,10403479888,10403480109,1,"IOTHUB_CLIENT_CONFIRMATION_OK"
11752,10403480088,10403480132,1,"IOTHUB_CLIENT_CONFIRMATION_OK"
11753,10403480288,10403480322,1,"IOTHUB_CLIENT_CONFIRMATION_OK"
11754,10403480488,10403480527,1,"IOTHUB_CLIENT_CONFIRMATION_OK"
11755,10403480688,10403480720,1,"IOTHUB_CLIENT_CONFIRMATION_OK"
11756,10403480889,10403480919,1,"IOTHUB_CLIENT_CONFIRMATION_OK"
11757,10403481089,10403481146,1,"IOTHUB_CLIENT_CONFIRMATION_OK"
11758,10403481289,10403481317,1,"IOTHUB_CLIENT_CONFIRMATION_OK"
11759,10403481489,10403481534,1,"IOTHUB_CLIENT_CONFIRMATION_OK"
11760,10403481689,10403481720,1,"IOTHUB_CLIENT_CONFIRMATION_OK"
11761,10403481889,10403481919,1,"IOTHUB_CLIENT_CONFIRMATION_OK"
11762,10403482090,10403482139,1,"IOTHUB_CLIENT_CONFIRMATION_OK"
11763,10403482290,10403482321,1,"IOTHUB_CLIENT_CONFIRMATION_OK"
11764,10403482490,10403482560,1,"IOTHUB_CLIENT_CONFIRMATION_OK"
11765,10403482690,10403482723,1,"IOTHUB_CLIENT_CONFIRMATION_OK"
11766,10403482890,10403482920,1,"IOTHUB_CLIENT_CONFIRMATION_OK"
11767,10403483090,10403483159,1,"IOTHUB_CLIENT_CONFIRMATION_OK"
11768,10403483290,10403483417,1,"IOTHUB_CLIENT_CONFIRMATION_OK"
11769,10403483491,10403483525,1,"IOTHUB_CLIENT_CONFIRMATION_OK"
11770,10403483691,10403483738,1,"IOTHUB_CLIENT_CONFIRMATION_OK"
11771,10403483891,10403483921,1,"IOTHUB_CLIENT_CONFIRMATION_OK"
11772,10403484091,10403484246,1,"IOTHUB_CLIENT_CONFIRMATION_OK"
11773,10403484291,10403484335,1,"IOTHUB_CLIENT_CONFIRMATION_OK"
11774,10403484491,10403484524,1,"IOTHUB_CLIENT_CONFIRMATION_OK"
11775,10403484692,10403484725,1,"IOTHUB_CLIENT_CONFIRMATION_OK"
11776,10403484892,10403484923,1,"IOTHUB_CLIENT_CONFIRMATION_OK"
11777,10403485092,10403485246,1,"IOTHUB_CLIENT_CONFIRMATION_OK"
11778,10403485292,10403485326,1,"IOTHUB_CLIENT_CONFIRMATION_OK"
11779,10403485492,10403485532,1,"IOTHUB_CLIENT_CONFIRMATION_OK"
11780,10403485692,10403485723,1,"IOTHUB_CLIENT_CONFIRMATION_OK"
11781,10403485893,10403485923,1,"IOTHUB_CLIENT_CONFIRMATION_OK"
11782,10403486093,10403486130,1,"IOTHUB_CLIENT_CONFIRMATION_OK"
11783,10403486293,10403486346,1,"IOTHUB_CLIENT_CONFIRMATION_OK"
11784,10403486493,10403486528,1,"IOTHUB_CLIENT_CONFIRMATION_OK"
11785,10403486693,10403486735,1,"IOTHUB_CLIENT_CONFIRMATION_OK"
11786,10403486893,10403486943,1,"IOTHUB_CLIENT_CONFIRMATION_OK"
11787,10403487093,10403487124,1,"IOTHUB_CLIENT_CONFIRMATION_OK"
11788,10403487294,10403487362,1,"IOTHUB_CLIENT_CONFIRMATION_OK"
11789,10403487494,10403487526,1,"IOTHUB_CLIENT_CONFIRMATION_OK"
11790,10403487694,10403487762,1,"IOTHUB_CLIENT_CONFIRMATION_OK"
11791,10403487894,10403487937,1,"IOTHUB_CLIENT_CONFIRMATION_OK"
11792,10403488094,10403488127,1,"IOTHUB_CLIENT_CONFIRMATION_OK"
11793,10403488294,10403488366,1,"IOTHUB_CLIENT_CONFIRMATION_OK"
11794,10403488494,10403488528,1,"IOTHUB_CLIENT_CONFIRMATION_OK"
11795,10403488695,10403488806,1,"IOTHUB_CLIENT_CONFIRMATION_OK"
11796,10403488895,10403488925,1,"IOTHUB_CLIENT_CONFIRMATION_OK"
11797,10403489095,10403489128,1,"IOTHUB_CLIENT_CONFIRMATION_OK"
11798,10403489295,10403489424,1,"IOTHUB_CLIENT_CONFIRMATION_OK"
11799,10403489495,10403489525,1,"IOTHUB_CLIENT_CONFIRMATION_OK"
11800,10403489695,10403489730,1,"IOTHUB_CLIENT_CONFIRMATION_OK"
11801,10403489896,10403489926,1,"IOTHUB_CLIENT_CONFIRMATION_OK"
11802,10403490096,10403490132,1,"IOTHUB_CLIENT_CONFIRMATION_OK"
11803,10403490296,10403490423,1,"IOTHUB_CLIENT_CONFIRMATION_OK"
11804,10403490496,10403490529,1,"IOTHUB_CLIENT_CONFIRMATION_OK"
11805,10403490696,10403490738,1,"IOTHUB_CLIENT_CONFIRMATION_OK"
11806,10403490896,10403490925,1,"IOTHUB_CLIENT_CONFIRMATION_OK"
11807,10403491097,10403491126,1,"IOTHUB_CLIENT_CONFIRMATION_OK"
11808,10403491297,10403491465,1,"IOTHUB_CLIENT_CONFIRMATION_OK"
11809,10403491497,10403491527,1,"IOTHUB_CLIENT_CONFIRMATION_OK"
11810,10403491697,10403491777,1,"IOTHUB_CLIENT_CONFIRMATION_OK"
11811,10403491897,10403491927,1,"IOTHUB_CLIENT_CONFIRMATION_OK"
11812,10403492097,10403492145,1,"IOTHUB_CLIENT_CONFIRMATION_OK"
11813,10403492297,10403492373,1,"IOTHUB_CLIENT_CONFIRMATION_OK"
11814,10403492498,10403492531,1,"IOTHUB_CLIENT_CONFIRMATION_OK"
11815,10403492698,10403492728,1,"IOTHUB_CLIENT_CONFIRMATION_OK"
11816,10403492898,10403492931,1,"IOTHUB_CLIENT_CONFIRMATION_OK"
11817,10403493098,10403493132,1,"IOTHUB_CLIENT_CONFIRMATION_OK"
11818,10403493298,10403493335,1,"IOTHUB_CLIENT_CONFIRMATION_OK"
11819,10403493498,10403493527,1,"IOTHUB_CLIENT_CONFIRMATION_OK"
11820,10403493699,10403493749,1,"IOTHUB_CLIENT_CONFIRMATION_OK"
11821,10403493899,10403494108,1,"IOTHUB_CLIENT_CONFIRMATION_OK"
11822,10403494099,10403494138,1,"IOTHUB_CLIENT_CONFIRMATION_OK"
11823,10403494299,10403494347,1,"IOTHUB_CLIENT_CONFIRMATION_OK"
11824,10403494499,10403494561,1,"IOTHUB_CLIENT_CONFIRMATION_OK"
11825,10403494699,10403494731,1,"IOTHUB_CLIENT_CONFIRMATION_OK"
11826,10403494900,10403495005,1,"IOTHUB_CLIENT_CONFIRMATION_OK"
11827,10403495100,10403495131,1,"IOTHUB_CLIENT_CONFIRMATION_OK"
11828,10403495300,10403495340,1,"IOTHUB_CLIENT_CONFIRMATION_OK"
11829,10403495500,10403495623,1,"IOTHUB_CLIENT_CONFIRMATION_OK"
11830,10403495700,10403495733,1,"IOTHUB_CLIENT_CONFIRMATION_OK"
11831,10403495900,10403495937,1,"IOTHUB_CLIENT_CONFIRMATION_OK"
11832,10403496100,10403496132,1,"IOTHUB_CLIENT_CONFIRMATION_OK"
11833,10403496301,10403496333,1,"IOTHUB_CLIENT_CONFIRMATION_OK"
11834,10403496501,10403496691,1,"IOTHUB_CLIENT_CONFIRMATION_OK"
11835,10403496701,10403496730,1,"IOTHUB_CLIENT_CONFIRMATION_OK"
11836,10403496901,10403496939,1,"IOTHUB_CLIENT_CONFIRMATION_OK"
11837,10403497101,10403497133,1,"IOTHUB_CLIENT_CONFIRMATION_OK"
11838,10403497301,10403497350,1,"IOTHUB_CLIENT_CONFIRMATION_OK"
11839,10403497502,10403497742,1,"IOTHUB_CLIENT_CONFIRMATION_OK"
11840,10403497702,10403497760,1,"IOTHUB_CLIENT_CONFIRMATION_OK"
11841,10403497902,10403497955,1,"IOTHUB_CLIENT_CONFIRMATION_OK"
11842,10403498102,10403498159,1,"IOTHUB_CLIENT_CONFIRMATION_OK"
11843,10403498302,10403498354,1,"IOTHUB_CLIENT_CONFIRMATION_OK"
11844,10403498502,10403498536,1,"IOTHUB_CLIENT_CONFIRMATION_OK"
11845,10403498703,10403498754,1,"IOTHUB_CLIENT_CONFIRMATION_OK"
11846,10403498903,10403498954,1,"IOTHUB_CLIENT_CONFIRMATION_OK"
11847,10403499103,10403499269,1,"IOTHUB_CLIENT_CONFIRMATION_OK"
11848,10403499303,10403499342,1,"IOTHUB_CLIENT_CONFIRMATION_OK"
11849,10403499503,10403499539,1,"IOTHUB_CLIENT_CONFIRMATION_OK"
11850,10403499703,10403499732,1,"IOTHUB_CLIENT_CONFIRMATION_OK"
11851,10403499903,10403499934,1,"IOTHUB_CLIENT_CONFIRMATION_OK"
11852,10403500104,10403500237,1,"IOTHUB_CLIENT_CONFIRMATION_OK"
11853,10403500304,10403500337,1,"IOTHUB_CLIENT_CONFIRMATION_OK"
11854,10403500504,10403500550,1,"IOTHUB_CLIENT_CONFIRMATION_OK"
11855,10403500704,10403500734,1,"IOTHUB_CLIENT_CONFIRMATION_OK"
11856,10403500904,10403500965,1,"IOTHUB_CLIENT_CONFIRMATION_OK"
11857,10403501104,10403501136,1,"IOTHUB_CLIENT_CONFIRMATION_OK"
11858,10403501305,10403501336,1,"IOTHUB_CLIENT_CONFIRMATION_OK"
11859,10403501505,10403501532,1,"IOTHUB_CLIENT_CONFIRMATION_OK"
11860,10403501705,10403501895,1,"IOTHUB_CLIENT_CONFIRMATION_OK"
11861,10403501905,10403501936,1,"IOTHUB_CLIENT_CONFIRMATION_OK"
11862,10403502105,10403502135,1,"IOTHUB_CLIENT_CONFIRMATION_OK"
11863,10403502305,10403502335,1,"IOTHUB_CLIENT_CONFIRMATION_OK"
11864,10403502506,10403502546,1,"IOTHUB_CLIENT_CONFIRMATION_OK"
11865,10403502706,10403502738,1,"IOTHUB_CLIENT_CONFIRMATION_OK"
11866,10403502906,10403502939,1,"IOTHUB_CLIENT_CONFIRMATION_OK"
11867,10403503106,10403503135,1,"IOTHUB_CLIENT_CONFIRMATION_OK"
11868,10403503306,10403503347,1,"IOTHUB_CLIENT_CONFIRMATION_OK"
11869,10403503506,10403503560,1,"IOTHUB_CLIENT_CONFIRMATION_OK"
11870,10403503707,10403503924,1,"IOTHUB_CLIENT_CONFIRMATION_OK"
11871,10403503907,10403503944,1,"IOTHUB_CLIENT_CONFIRMATION_OK"
11872,10403504107,10403504140,1,"IOTHUB_CLIENT_CONFIRMATION_OK"
11873,10403504307,10403504343,1,"IOTHUB_CLIENT_CONFIRMATION_OK"
11874,10403504507,10403504539,1,"IOTHUB_CLIENT_CONFIRMATION_OK"
11875,10403504707,10403504779,1,"IOTHUB_CLIENT_CONFIRMATION_OK"
11876,10403504908,10403504985,1,"IOTHUB_CLIENT_CONFIRMATION_OK"
11877,10403505108,10403505145,1,"IOTHUB_CLIENT_CONFIRMATION_OK"
11878,10403505308,10403505423,1,"IOTHUB_CLIENT_CONFIRMATION_OK"
11879,10403505508,10403505537,1,"IOTHUB_CLIENT_CONFIRMATION_OK"
11880,10403505708,10403505736,1,"IOTHUB_CLIENT_CONFIRMATION_OK"
11881,10403505908,10403505944,1,"IOTHUB_CLIENT_CONFIRMATION_OK"
11882,10403506108,10403506136,1,"IOTHUB_CLIENT_CONFIRMATION_OK"
11883,10403506309,10403506345,1,"IOTHUB_CLIENT_CONFIRMATION_OK"
11884,10403506509,10403506540,1,"IOTHUB_CLIENT_CONFIRMATION_OK"
11885,10403506709,10403506739,1,"IOTHUB_CLIENT_CONFIRMATION_OK"
11886,10403506909,10403506940,1,"IOTHUB_CLIENT_CONFIRMATION_OK"
11887,10403507109,10403507141,1,"IOTHUB_CLIENT_CONFIRMATION_OK"
11888,10403507309,10403507337,1,"IOTHUB_CLIENT_CONFIRMATION_OK"
11889,10403507510,10403507543,1,"IOTHUB_CLIENT_CONFIRMATION_OK"
11890,10403507710,10403507763,1,"IOTHUB_CLIENT_CONFIRMATION_OK"
11891,10403507910,10403507955,1,"IOTHUB_CLIENT_CONFIRMATION_OK"
11892,10403508110,10403508141,1,"IOTHUB_CLIENT_CONFIRMATION_OK"
11893,10403508310,10403508354,1,"IOTHUB_CLIENT_CONFIRMATION_OK"
11894,10403508510,10403508553,1,"IOTHUB_CLIENT_CONFIRMATION_OK"
11895,10403508711,10403508741,1,"IOTHUB_CLIENT_CONFIRMATION_OK"
11896,10403508911,10403508943,1,"IOTHUB_CLIENT_CONFIRMATION_OK"
11897,10403509111,10403509142,1,"IOTHUB_CLIENT_CONFIRMATION_OK"
11898,10403509311,10403509342,1,"IOTHUB_CLIENT_CONFIRMATION_OK"
11899,10403509511,10403509565,1,"IOTHUB_CLIENT_CONFIRMATION_OK"
11900,10403509711,10403509746,1,"IOTHUB_CLIENT_CONFIRMATION_OK"
11901,10403509911,10403509960,1,"IOTHUB_CLIENT_CONFIRMATION_OK"
11902,10403510112,10403510145,1,"IOTHUB_CLIENT_CONFIRMATION_OK"
11903,10403510312,10403510346,1,"IOTHUB_CLIENT_CONFIRMATION_OK"
11904,10403510512,10403510614,1,"IOTHUB_CLIENT_CONFIRMATION_OK"
11905,10403510712,10403510748,1,"IOTHUB_CLIENT_CONFIRMATION_OK"
11906,10403510912,10403510950,1,"IOTHUB_CLIENT_CONFIRMATION_OK"
11907,10403511112,10403511144,1,"IOTHUB_CLIENT_CONFIRMATION_OK"
11908,10403511313,10403511354,1,"IOTHUB_CLIENT_CONFIRMATION_OK"
11909,10403511513,10403511625,1,"IOTHUB_CLIENT_CONFIRMATION_OK"
11910,10403511713,10403511740,1,"IOTHUB_CLIENT_CONFIRMATION_OK"
11911,10403511913,10403511944,1,"IOTHUB_CLIENT_CONFIRMATION_OK"
11912,10403512113,10403512146,1,"IOTHUB_CLIENT_CONFIRMATION_OK"
11913,10403512313,10403512344,1,"IOTHUB_CLIENT_CONFIRMATION_OK"
11914,10403512513,10403512640,1,"IOTHUB_CLIENT_CONFIRMATION_OK"
11915,10403512714,10403512743,1,"IOTHUB_CLIENT_CONFIRMATION_OK"
11916,10403512914,10403512945,1,"IOTHUB_CLIENT_CONFIRMATION_OK"
11917,10403513114,10403513178,1,"IOTHUB_CLIENT_CONFIRMATION_OK"
11918,10403513314,10403513353,1,"IOTHUB_CLIENT_CONFIRMATION_OK"
11919,10403513514,10403513559,1,"IOTHUB_CLIENT_CONFIRMATION_OK"
11920,10403513714,10403513746,1,"IOTHUB_CLIENT_CONFIRMATION_OK"
11921,10403513915,10403513946,1,"IOTHUB_CLIENT_CONFIRMATION_OK"
11922,10403514115,10403514279,1,"IOTHUB_CLIENT_CONFIRMATION_OK"
11923,10403514315,10403514348,1,"IOTHUB_CLIENT_CONFIRMATION_OK"
11924,10403514515,10403514545,1,"IOTHUB_CLIENT_CONFIRMATION_OK"
11925,10403514715,10403514746,1,"IOTHUB_CLIENT_CONFIRMATION_OK"
11926,10403514915,10403514950,1,"IOTHUB_CLIENT_CONFIRMATION_OK"
11927,10403515116,10403515295,1,"IOTHUB_CLIENT_CONFIRMATION_OK"
11928,10403515316,10403515347,1,"IOTHUB_CLIENT_CONFIRMATION_OK"
11929,10403515516,10403515555,1,"IOTHUB_CLIENT_CONFIRMATION_OK"
11930,10403515716,10403515756,1,"IOTHUB_CLIENT_CONFIRMATION_OK"
11931,10403515916,10403515945,1,"IOTHUB_CLIENT_CONFIRMATION_OK"
11932,10403516116,10403516148,1,"IOTHUB_CLIENT_CONFIRMATION_OK"
11933,10403516317,10403516345,1,"IOTHUB_CLIENT_CONFIRMATION_OK"
11934,10403516517,10403516547,1,"IOTHUB_CLIENT_CONFIRMATION_OK"
11935,10403516717,10403516755,1,"IOTHUB_CLIENT_CONFIRMATION_OK"
11936,10403516917,10403516945,1,"IOTHUB_CLIENT_CONFIRMATION_OK"
11937,10403517117,10403517149,1,"IOTHUB_CLIENT_CONFIRMATION_OK"
11938,10403517317,10403517375,1,"IOTHUB_CLIENT_CONFIRMATION_OK"
11939,10403517517,10403517559,1,"IOTHUB_CLIENT_CONFIRMATION_OK"
11940,10403517718,10403517758,1,"IOTHUB_CLIENT_CONFIRMATION_OK"
11941,10403517918,10403517948,1,"IOTHUB_CLIENT_CONFIRMATION_OK"
11942,10403518118,10403518148,1,"IOTHUB_CLIENT_CONFIRMATION_OK"
11943,10403518318,10403518347,1,"IOTHUB_CLIENT_CONFIRMATION_OK"
11944,10403518518,10403518549,1,"IOTHUB_CLIENT_CONFIRMATION_OK"
11945,10403518718,10403518773,1,"IOTHUB_CLIENT_CONFIRMATION_OK"
11946,10403518919,10403518979,1,"IOTHUB_CLIENT_CONFIRMATION_OK"
11947,10403519119,10403519149,1,"IOTHUB_CLIENT_CONFIRMATION_OK"
11948,10403519319,10403519390,1,"IOTHUB_CLIENT_CONFIRMATION_OK"
11949,10403519519,10403519551,1,"IOTHUB_CLIENT_CONFIRMATION_OK"
11950,10403519719,10403519748,1,"IOTHUB_CLIENT_CONFIRMATION_OK"
11951,10403519919,10403519948,1,"IOTHUB_CLIENT_CONFIRMATION_OK"
11952,10403520120,10403520176,1,"IOTHUB_CLIENT_CONFIRMATION_OK"
11953,10403520320,10403520404,1,"IOTHUB_CLIENT_CONFIRMATION_OK"
11954,10403520520,10403520551,1,"IOTHUB_CLIENT_CONFIRMATION_OK"
11955,10403520720,10403520749,1,"IOTHUB_CLIENT_CONFIRMATION_OK"
11956,10403520920,10403521014,1,"IOTHUB_CLIENT_CONFIRMATION_OK"
11957,10403521120,10403521150,1,"IOTHUB_CLIENT_CONFIRMATION_OK"
11958,10403521320,10403521438,1,"IOTHUB_CLIENT_CONFIRMATION_OK"
11959,10403521521,10403521556,1,"IOTHUB_CLIENT_CONFIRMATION_OK"
11960,10403521721,10403521776,1,"IOTHUB_CLIENT_CONFIRMATION_OK"
11961,10403521921,10403522118,1,"IOTHUB_CLIENT_CONFIRMATION_OK"
11962,10403522121,10403522154,1,"IOTHUB_CLIENT_CONFIRMATION_OK"
11963,10403522321,10403522351,1,"IOTHUB_CLIENT_CONFIRMATION_OK"
11964,10403522521,10403522554,1,"IOTHUB_CLIENT_CONFIRMATION_OK"
11965,10403522722,10403522767,1,"IOTHUB_CLIENT_CONFIRMATION_OK"
11966,10403522922,10403522955,1,"IOTHUB_CLIENT_CONFIRMATION_OK"
11967,10403523122,10403523157,1,"IOTHUB_CLIENT_CONFIRMATION_OK"
11968,10403523322,10403523353,1,"IOTHUB_CLIENT_CONFIRMATION_OK"
11969,10403523522,10403523560,1,"IOTHUB_CLIENT_CONFIRMATION_OK"
11970,10403523722,10403523750,1,"IOTHUB_CLIENT_CONFIRMATION_OK"
11971,10403523922,10403523969,1,"IOTHUB_CLIENT_CONFIRMATION_OK"
11972,10403524123,10403524156,1,"IOTHUB_CLIENT_CONFIRMATION_OK"
11973,10403524323,10403524354,1,"IOTHUB_CLIENT_CONFIRMATION_OK"
11974,10403524523,10403524671,1,"IOTHUB_CLIENT_CONFIRMATION_OK"
11975,10403524723,10403524772,1,"IOTHUB_CLIENT_CONFIRMATION_OK"
11976,10403524923,10403525051,1,"IOTHUB_CLIENT_CONFIRMATION_OK"
11977,10403525123,10403525154,1,"IOTHUB_CLIENT_CONFIRMATION_OK"
11978,10403525324,10403525378,1,"IOTHUB_CLIENT_CONFIRMATION_OK"
11979,10403525524,10403525714,1,"IOTHUB_CLIENT_CONFIRMATION_OK"
11980,10403525724,10403525761,1,"IOTHUB_CLIENT_CONFIRMATION_OK"
11981,10403525924,10403525954,1,"IOTHUB_CLIENT_CONFIRMATION_OK"
11982,10403526124,10403526159,1,"IOTHUB_CLIENT_CONFIRMATION_OK"
11983,10403526324,10403526357,1,"IOTHUB_CLIENT_CONFIRMATION_OK"
11984,10403526524,10403526697,1,"IOTHUB_CLIENT_CONFIRMATION_OK"
11985,10403526725,10403526784,1,"IOTHUB_CLIENT_CONFIRMATION_OK"
11986,10403526925,10403526964,1,"IOTHUB_CLIENT_CONFIRMATION_OK"
11987,10403527125,10403527155,1,"IOTHUB_CLIENT_CONFIRMATION_OK"
11988,10403527325,10403527356,1,"IOTHUB_CLIENT_CONFIRMATION_OK"
11989,10403527525,10403527703,1,"IOTHUB_CLIENT_CONFIRMATION_OK"
11990,10403527725,10403527763,1,"IOTHUB_CLIENT_CONFIRMATION_OK"
11991,10403527926,10403527958,1,"IOTHUB_CLIENT_CONFIRMATION_OK"
11992,10403528126,10403528159,1,"IOTHUB_CLIENT_CONFIRMATION_OK"
11993,10403528326,10403528361,1,"IOTHUB_CLIENT_CONFIRMATION_OK"
11994,10403528526,10403528555,1,"IOTHUB_CLIENT_CONFIRMATION_OK"
11995,10403528726,10403528758,1,"IOTHUB_CLIENT_CONFIRMATION_OK"
11996,10403528926,10403528965,1,"IOTHUB_CLIENT_CONFIRMATION_OK"
11997,10403529127,10403529154,1,"IOTHUB_CLIENT_CONFIRMATION_OK"
11998,10403529327,10403529358,1,"IOTHUB_CLIENT_CONFIRMATION_OK"
11999,10403529527,10403529611,1,"IOTHUB_CLIENT_CONFIRMATION_OK"
12000,10403529727,10403529769,1,"IOTHUB_CLIENT_CONFIRMATION_OK"
12001,10403529927,10403529958,1,"IOTHUB_CLIENT_CONFIRMATION_OK"
12002,10403530127,10403530157,1,"IOTHUB_CLIENT_CONFIRMATION_OK"
12003,10403530328,10403530362,1,"IOTHUB_CLIENT_CONFIRMATION_OK"
12004,10403530528,10403530557,1,"IOTHUB_CLIENT_CONFIRMATION_OK"
12005,10403530728,10403530769,1,"IOTHUB_CLIENT_CONFIRMATION_OK"
12006,10403530928,10403530965,1,"IOTHUB_CLIENT_CONFIRMATION_OK"
12007,10403531128,10403531167,1,"IOTHUB_CLIENT_CONFIRMATION_OK"
12008,10403531328,10403531374,1,"IOTHUB_CLIENT_CONFIRMATION_OK"
12009,10403531529,10403531563,1,"IOTHUB_CLIENT_CONFIRMATION_OK"
12010,10403531729,10403531764,1,"IOTHUB_CLIENT_CONFIRMATION_OK"
12011,10403531929,10403531960,1,"IOTHUB_CLIENT_CONFIRMATION_OK"
12012,10403532129,10403532159,1,"IOTHUB_CLIENT_CONFIRMATION_OK"
12013,10403532329,10403532373,1,"IOTHUB_CLIENT_CONFIRMATION_OK"
12014,10403532529,10403532572,1,"IOTHUB_CLIENT_CONFIRMATION_OK"
12015,10403532729,10403532816,1,"IOTHUB_CLIENT_CONFIRMATION_OK"
12016,10403532930,10403532986,1,"IOTHUB_CLIENT_CONFIRMATION_OK"
12017,10403533130,10403533159,1,"IOTHUB_CLIENT_CONFIRMATION_OK"
12018,10403533330,10403533436,1,"IOTHUB_CLIENT_CONFIRMATION_OK"
12019,10403533530,10403533563,1,"IOTHUB_CLIENT_CONFIRMATION_OK"
12020,10403533730,10403533836,1,"IOTHUB_CLIENT_CONFIRMATION_OK"
12021,10403533930,10403533963,1,"IOTHUB_CLIENT_CONFIRMATION_OK"
12022,10403534131,10403534178,1,"IOTHUB_CLIENT_CONFIRMATION_OK"
12023,10403534331,10403534439,1,"IOTHUB_CLIENT_CONFIRMATION_OK"
12024,10403534531,10403534563,1,"IOTHUB_CLIENT_CONFIRMATION_OK"
12025,10403534731,10403534762,1,"IOTHUB_CLIENT_CONFIRMATION_OK"
12026,10403534931,10403534973,1,"IOTHUB_CLIENT_CONFIRMATION_OK"
12027,10403535131,10403535161,1,"IOTHUB_CLIENT_CONFIRMATION_OK"
12028,10403535332,10403535473,1,"IOTHUB_CLIENT_CONFIRMATION_OK"
12029,10403535532,10403535569,1,"IOTHUB_CLIENT_CONFIRMATION_OK"
12030,10403535732,10403535764,1,"IOTHUB_CLIENT_CONFIRMATION_OK"
12031,10403535932,10403536035,1,"IOTHUB_CLIENT_CONFIRMATION_OK"
12032,10403536132,10403536180,1,"IOTHUB_CLIENT_CONFIRMATION_OK"
12033,10403536332,10403536484,1,"IOTHUB_CLIENT_CONFIRMATION_OK"
12034,10403536533,10403536562,1,"IOTHUB_CLIENT_CONFIRMATION_OK"
12035,10403536733,10403536763,1,"IOTHUB_CLIENT_CONFIRMATION_OK"
12036,10403536933,10403536977,1,"IOTHUB_CLIENT_CONFIRMATION_OK"
12037,10403537133,10403537170,1,"IOTHUB_CLIENT_CONFIRMATION_OK"
12038,10403537333,10403537390,1,"IOTHUB_CLIENT_CONFIRMATION_OK"
12039,10403537533,10403537565,1,"IOTHUB_CLIENT_CONFIRMATION_OK"
12040,10403537734,10403537765,1,"IOTHUB_CLIENT_CONFIRMATION_OK"
12041,10403537934,10403538093,1,"IOTHUB_CLIENT_CONFIRMATION_OK"
12042,10403538134,10403538164,1,"IOTHUB_CLIENT_CONFIRMATION_OK"
12043,10403538334,10403538368,1,"IOTHUB_CLIENT_CONFIRMATION_OK"
12044,10403538534,10403538570,1,"IOTHUB_CLIENT_CONFIRMATION_OK"
12045,10403538734,10403538767,1,"IOTHUB_CLIENT_CONFIRMATION_OK"
12046,10403538935,10403539112,1,"IOTHUB_CLIENT_CONFIRMATION_OK"
12047,10403539135,10403539163,1,"IOTHUB_CLIENT_CONFIRMATION_OK"
12048,10403539335,10403539373,1,"IOTHUB_CLIENT_CONFIRMATION_OK"
12049,10403539535,10403539582,1,"IOTHUB_CLIENT_CONFIRMATION_OK"
12050,10403539735,10403539773,1,"IOTHUB_CLIENT_CONFIRMATION_OK"
12051,10403539935,10403540119,1,"IOTHUB_CLIENT_CONFIRMATION_OK"
12052,10403540136,10403540178,1,"IOTHUB_CLIENT_CONFIRMATION_OK"
12053,10403540336,10403540370,1,"IOTHUB_CLIENT_CONFIRMATION_OK"
12054,10403540536,10403540569,1,"IOTHUB_CLIENT_CONFIRMATION_OK"
12055,10403540736,10403540769,1,"IOTHUB_CLIENT_CONFIRMATION_OK"
12056,10403540936,10403540968,1,"IOTHUB_CLIENT_CONFIRMATION_OK"
12057,10403541136,10403541185,1,"IOTHUB_CLIENT_CONFIRMATION_OK"
12058,10403541336,10403541372,1,"IOTHUB_CLIENT_CONFIRMATION_OK"
12059,10403541537,10403541575,1,"IOTHUB_CLIENT_CONFIRMATION_OK"
12060,10403541737,10403541796,1,"IOTHUB_CLIENT_CONFIRMATION_OK"
12061,10403541937,10403541977,1,"IOTHUB_CLIENT_CONFIRMATION_OK"
12062,10403542137,10403542224,1,"IOTHUB_CLIENT_CONFIRMATION_OK"
12063,10403542337,10403542406,1,"IOTHUB_CLIENT_CONFIRMATION_OK"
12064,10403542537,10403542631,1,"IOTHUB_CLIENT_CONFIRMATION_OK"
12065,10403542738,10403542789,1,"IOTHUB_CLIENT_CONFIRMATION_OK"
12066,10403542938,10403542966,1,"IOTHUB_CLIENT_CONFIRMATION_OK"
12067,10403543138,10403543237,1,"IOTHUB_CLIENT_CONFIRMATION_OK"
12068,10403543338,10403543388,1,"IOTHUB_CLIENT_CONFIRMATION_OK"
12069,10403543538,10403543583,1,"IOTHUB_CLIENT_CONFIRMATION_OK"
12070,10403543738,10403543779,1,"IOTHUB_CLIENT_CONFIRMATION_OK"
12071,10403543939,10403543974,1,"IOTHUB_CLIENT_CONFIRMATION_OK"
12072,10403544139,10403544297,1,"IOTHUB_CLIENT_CONFIRMATION_OK"
12073,10403544339,10403544370,1,"IOTHUB_CLIENT_CONFIRMATION_OK"
12074,10403544539,10403544574,1,"IOTHUB_CLIENT_CONFIRMATION_OK"
12075,10403544739,10403544774,1,"IOTHUB_CLIENT_CONFIRMATION_OK"
12076,10403544939,10403544971,1,"IOTHUB_CLIENT_CONFIRMATION_OK"
12077,10403545140,10403545301,1,"IOTHUB_CLIENT_CONFIRMATION_OK"
12078,10403545340,10403545371,1,"IOTHUB_CLIENT_CONFIRMATION_OK"
12079,10403545540,10403545569,1,"IOTHUB_CLIENT_CONFIRMATION_OK"
12080,10403545740,10403545773,1,"IOTHUB_CLIENT_CONFIRMATION_OK"
12081,10403545940,10403545972,1,"IOTHUB_CLIENT_CONFIRMATION_OK"
12082,10403546140,10403546173,1,"IOTHUB_CLIENT_CONFIRMATION_OK"
12083,10403546341,10403546373,1,"IOTHUB_CLIENT_CONFIRMATION_OK"
12084,10403546541,10403546572,1,"IOTHUB_CLIENT_CONFIRMATION_OK"
12085,10403546741,10403546774,1,"IOTHUB_CLIENT_CONFIRMATION_OK"
12086,10403546941,10403546971,1,"IOTHUB_CLIENT_CONFIRMATION_OK"
12087,10403547141,10403547185,1,"IOTHUB_CLIENT_CONFIRMATION_OK"
12088,10403547341,10403547374,1,"IOTHUB_CLIENT_CONFIRMATION_OK"
12089,10403547542,10403547573,1,"IOTHUB_CLIENT_CONFIRMATION_OK"
12090,10403547742,10403547773,1,"IOTHUB_CLIENT_CONFIRMATION_OK"
12091,10403547942,10403547976,1,"IOTHUB_CLIENT_CONFIRMATION_OK"
12092,10403548142,10403548171,1,"IOTHUB_CLIENT_CONFIRMATION_OK"
12093,10403548342,10403548383,1,"IOTHUB_CLIENT_CONFIRMATION_OK"
12094,10403548542,10403548573,1,"IOTHUB_CLIENT_CONFIRMATION_OK"
12095,10403548743,10403548967,1,"IOTHUB_CLIENT_CONFIRMATION_OK"
12096,10403548943,10403548978,1,"IOTHUB_CLIENT_CONFIRMATION_OK"
12097,10403549143,10403549173,1,"IOTHUB_CLIENT_CONFIRMATION_OK"
12098,10403549343,10403549374,1,"IOTHUB_CLIENT_CONFIRMATION_OK"
12099,10403549543,10403549574,1,"IOTHUB_CLIENT_CONFIRMATION_OK"
12100,10403549743,10403549775,1,"IOTHUB_CLIENT_CONFIRMATION_OK"
12101,10403549944,10403550057,1,"IOTHUB_CLIENT_CONFIRMATION_OK"
12102,10403550144,10403550196,1,"IOTHUB_CLIENT_CONFIRMATION_OK"
12103,10403550344,10403550446,1,"IOTHUB_CLIENT_CONFIRMATION_OK"
12104,10403550544,10403550578,1,"IOTHUB_CLIENT_CONFIRMATION_OK"
12105,10403550744,10403550776,1,"IOTHUB_CLIENT_CONFIRMATION_OK"
12106,10403550944,10403550976,1,"IOTHUB_CLIENT_CONFIRMATION_OK"
12107,10403551145,10403551176,1,"IOTHUB_CLIENT_CONFIRMATION_OK"
12108,10403551345,10403551455,1,"IOTHUB_CLIENT_CONFIRMATION_OK"
12109,10403551545,10403551586,1,"IOTHUB_CLIENT_CONFIRMATION_OK"
12110,10403551745,10403551783,1,"IOTHUB_CLIENT_CONFIRMATION_OK"
12111,10403551945,10403552079,1,"IOTHUB_CLIENT_CONFIRMATION_OK"
12112,10403552145,10403552177,1,"IOTHUB_CLIENT_CONFIRMATION_OK"
12113,10403552346,10403552377,1,"IOTHUB_CLIENT_CONFIRMATION_OK"
12114,10403552546,10403552645,1,"IOTHUB_CLIENT_CONFIRMATION_OK"
12115,10403552746,10403552788,1,"IOTHUB_CLIENT_CONFIRMATION_OK"
12116,10403552946,10403553100,1,"IOTHUB_CLIENT_CONFIRMATION_OK"
12117,10403553146,10403553191,1,"IOTHUB_CLIENT_CONFIRMATION_OK"
12118,10403553346,10403553377,1,"IOTHUB_CLIENT_CONFIRMATION_OK"
12119,10403553546,10403553580,1,"IOTHUB_CLIENT_CONFIRMATION_OK"
12120,10403553747,10403553776,1,"IOTHUB_CLIENT_CONFIRMATION_OK"
12121,10403553947,10403554118,1,"IOTHUB_CLIENT_CONFIRMATION_OK"
12122,10403554147,10403554179,1,"IOTHUB_CLIENT_CONFIRMATION_OK"
12123,10403554347,10403554378,1,"IOTHUB_CLIENT_CONFIRMATION_OK"
12124,10403554547,10403554579,1,"IOTHUB_CLIENT_CONFIRMATION_OK"
12125,10403554747,10403554780,1,"IOTHUB_CLIENT_CONFIRMATION_OK"
12126,10403554948,10403555114,1,"IOTHUB_CLIENT_CONFIRMATION_OK"
12127,10403555148,10403555183,1,"IOTHUB_CLIENT_CONFIRMATION_OK"
12128,10403555348,10403555444,1,"IOTHUB_CLIENT_CONFIRMATION_OK"
12129,10403555548,10403555641,1,"IOTHUB_CLIENT_CONFIRMATION_OK"
12130,10403555748,10403555784,1,"IOTHUB_CLIENT_CONFIRMATION_OK"
12131,10403555948,10403555978,1,"IOTHUB_CLIENT_CONFIRMATION_OK"
12132,10403556148,10403556179,1,"IOTHUB_CLIENT_CONFIRMATION_OK"
12133,10403556349,10403556383,1,"IOTHUB_CLIENT_CONFIRMATION_OK"
12134,10403556549,10403556728,1,"IOTHUB_CLIENT_CONFIRMATION_OK"
12135,10403556749,10403556790,1,"IOTHUB_CLIENT_CONFIRMATION_OK"
12136,10403556949,10403556978,1,"IOTHUB_CLIENT_CONFIRMATION_OK"
12137,10403557149,10403557181,1,"IOTHUB_CLIENT_CONFIRMATION_OK"
12138,10403557349,10403557380,1,"IOTHUB_CLIENT_CONFIRMATION_OK"
12139,10403557550,10403557781,1,"IOTHUB_CLIENT_CONFIRMATION_OK"
12140,10403557750,10403557802,1,"IOTHUB_CLIENT_CONFIRMATION_OK"
12141,10403557950,10403557989,1,"IOTHUB_CLIENT_CONFIRMATION_OK"
12142,10403558150,10403558213,1,"IOTHUB_CLIENT_CONFIRMATION_OK"
12143,10403558350,10403558733,1,"IOTHUB_CLIENT_CONFIRMATION_OK"
12144,10403558550,10403559149,1,"IOTHUB_CLIENT_CONFIRMATION_OK"
12145,10403558750,10403559212,1,"IOTHUB_CLIENT_CONFIRMATION_OK"
12146,10403558951,10403559282,1,"IOTHUB_CLIENT_CONFIRMATION_OK"
12147,10403559151,10403559368,1,"IOTHUB_CLIENT_CONFIRMATION_OK"
12148,10403559351,10403559409,1,"IOTHUB_CLIENT_CONFIRMATION_OK"
12149,10403559551,10403559584,1,"IOTHUB_CLIENT_CONFIRMATION_OK"
12150,10403559751,10403559828,1,"IOTHUB_CLIENT_CONFIRMATION_OK"
12151,10403559951,10403559979,1,"IOTHUB_CLIENT_CONFIRMATION_OK"
12152,10403560152,10403560278,1,"IOTHUB_CLIENT_CONFIRMATION_OK"
12153,10403560352,10403560383,1,"IOTHUB_CLIENT_CONFIRMATION_OK"
12154,10403560552,10403560587,1,"IOTHUB_CLIENT_CONFIRMATION_OK"
12155,10403560752,10403560796,1,"IOTHUB_CLIENT_CONFIRMATION_OK"
12156,10403560952,10403560997,1,"IOTHUB_CLIENT_CONFIRMATION_OK"
12157,10403561152,10403561187,1,"IOTHUB_CLIENT_CONFIRMATION_OK"
12158,10403561352,10403561380,1,"IOTHUB_CLIENT_CONFIRMATION_OK"
12159,10403561553,10403561583,1,"IOTHUB_CLIENT_CONFIRMATION_OK"
12160,10403561753,10403561892,1,"IOTHUB_CLIENT_CONFIRMATION_OK"
12161,10403561953,10403561991,1,"IOTHUB_CLIENT_CONFIRMATION_OK"
12162,10403562153,10403562191,1,"IOTHUB_CLIENT_CONFIRMATION_OK"
12163,10403562353,10403562387,1,"IOTHUB_CLIENT_CONFIRMATION_OK"
12164,10403562553,10403562586,1,"IOTHUB_CLIENT_CONFIRMATION_OK"
12165,10403562754,10403562910,1,"IOTHUB_CLIENT_CONFIRMATION_OK"
12166,10403562954,10403562989,1,"IOTHUB_CLIENT_CONFIRMATION_OK"
12167,10403563154,10403563193,1,"IOTHUB_CLIENT_CONFIRMATION_OK"
12168,10403563354,10403563386,1,"IOTHUB_CLIENT_CONFIRMATION_OK"
12169,10403563554,10403563590,1,"IOTHUB_CLIENT_CONFIRMATION_OK"
12170,10403563754,10403563926,1,"IOTHUB_CLIENT_CONFIRMATION_OK"
12171,10403563954,10403563984,1,"IOTHUB_CLIENT_CONFIRMATION_OK"
12172,10403564155,10403564192,1,"IOTHUB_CLIENT_CONFIRMATION_OK"
12173,10403564355,10403564390,1,"IOTHUB_CLIENT_CONFIRMATION_OK"
12174,10403564555,10403564593,1,"IOTHUB_CLIENT_CONFIRMATION_OK"
12175,10403564755,10403564802,1,"IOTHUB_CLIENT_CONFIRMATION_OK"
12176,10403564955,10403565055,1,"IOTHUB_CLIENT_CONFIRMATION_OK"
12177,10403565155,10403565188,1,"IOTHUB_CLIENT_CONFIRMATION_OK"
12178,10403565356,10403565468,1,"IOTHUB_CLIENT_CONFIRMATION_OK"
12179,10403565556,10403565592,1,"IOTHUB_CLIENT_CONFIRMATION_OK"
12180,10403565756,10403565788,1,"IOTHUB_CLIENT_CONFIRMATION_OK"
12181,10403565956,10403565999,1,"IOTHUB_CLIENT_CONFIRMATION_OK"
12182,10403566156,10403566186,1,"IOTHUB_CLIENT_CONFIRMATION_OK"
12183,10403566356,10403566494,1,"IOTHUB_CLIENT_CONFIRMATION_OK"
12184,10403566557,10403566588,1,"IOTHUB_CLIENT_CONFIRMATION_OK"
12185,10403566757,10403566794,1,"IOTHUB_CLIENT_CONFIRMATION_OK"
12186,10403566957,10403566991,1,"IOTHUB_CLIENT_CONFIRMATION_OK"
12187,10403567157,10403567187,1,"IOTHUB_CLIENT_CONFIRMATION_OK"
12188,10403567357,10403567388,1,"IOTHUB_CLIENT_CONFIRMATION_OK"
12189,10403567557,10403567590,1,"IOTHUB_CLIENT_CONFIRMATION_OK"
12190,10403567757,10403567792,1,"IOTHUB_CLIENT_CONFIRMATION_OK"
12191,10403567958,10403568005,1,"IOTHUB_CLIENT_CONFIRMATION_OK"
12192,10403568158,10403568191,1,"IOTHUB_CLIENT_CONFIRMATION_OK"
12193,10403568358,10403568392,1,"IOTHUB_CLIENT_CONFIRMATION_OK"
12194,10403568558,10403568596,1,"IOTHUB_CLIENT_CONFIRMATION_OK"
12195,10403568758,10403568791,1,"IOTHUB_CLIENT_CONFIRMATION_OK"
12196,10403568958,10403569147,1,"IOTHUB_CLIENT_CONFIRMATION_OK"
12197,10403569159,10403569194,1,"IOTHUB_CLIENT_CONFIRMATION_OK"
12198,10403569359,10403569401,1,"IOTHUB_CLIENT_CONFIRMATION_OK"
12199,10403569559,10403569612,1,"IOTHUB_CLIENT_CONFIRMATION_OK"
12200,10403569759,10403569790,1,"IOTHUB_CLIENT_CONFIRMATION_OK"
12201,10403569959,10403570158,1,"IOTHUB_CLIENT_CONFIRMATION_OK"
12202,10403570159,10403570218,1,"IOTHUB_CLIENT_CONFIRMATION_OK"
12203,10403570360,10403570418,1,"IOTHUB_CLIENT_CONFIRMATION_OK"
12204,10403570560,10403570594,1,"IOTHUB_CLIENT_CONFIRMATION_OK"
12205,10403570760,10403570789,1,"IOTHUB_CLIENT_CONFIRMATION_OK"
12206,10403570960,10403570991,1,"IOTHUB_CLIENT_CONFIRMATION_OK"
12207,10403571160,10403571201,1,"IOTHUB_CLIENT_CONFIRMATION_OK"
12208,10403571360,10403571416,1,"IOTHUB_CLIENT_CONFIRMATION_OK"
12209,10403571560,10403571597,1,"IOTHUB_CLIENT_CONFIRMATION_OK"
12210,10403571761,10403571803,1,"IOTHUB_CLIENT_CONFIRMATION_OK"
12211,10403571961,10403571995,1,"IOTHUB_CLIENT_CONFIRMATION_OK"
12212,10403572161,10403572218,1,"IOTHUB_CLIENT_CONFIRMATION_OK"
12213,10403572361,10403572391,1,"IOTHUB_CLIENT_CONFIRMATION_OK"
12214,10403572561,10403572610,1,"IOTHUB_CLIENT_CONFIRMATION_OK"
12215,10403572761,10403572793,1,"IOTHUB_CLIENT_CONFIRMATION_OK"
12216,10403572962,10403572997,1,"IOTHUB_CLIENT_CONFIRMATION_OK"
12217,10403573162,10403573222,1,"IOTHUB_CLIENT_CONFIRMATION_OK"
12218,10403573362,10403573391,1,"IOTHUB_CLIENT_CONFIRMATION_OK"
12219,10403573562,10403573597,1,"IOTHUB_CLIENT_CONFIRMATION_OK"
12220,10403573762,10403573816,1,"IOTHUB_CLIENT_CONFIRMATION_OK"
12221,10403573962,10403573991,1,"IOTHUB_CLIENT_CONFIRMATION_OK"
12222,10403574163,10403574233,1,"IOTHUB_CLIENT_CONFIRMATION_OK"
12223,10403574363,10403574393,1,"IOTHUB_CLIENT_CONFIRMATION_OK"
12224,10403574563,10403574593,1,"IOTHUB_CLIENT_CONFIRMATION_OK"
12225,10403574763,10403574857,1,"IOTHUB_CLIENT_CONFIRMATION_OK"
12226,10403574963,10403574998,1,"IOTHUB_CLIENT_CONFIRMATION_OK"
12227,10403575163,10403575250,1,"IOTHUB_CLIENT_CONFIRMATION_OK"
12228,10403575363,10403575394,1,"IOTHUB_CLIENT_CONFIRMATION_OK"
12229,10403575564,10403575642,1,"IOTHUB_CLIENT_CONFIRMATION_OK"
12230,10403575764,10403575867,1,"IOTHUB_CLIENT_CONFIRMATION_OK"
12231,10403575964,10403575994,1,"IOTHUB_CLIENT_CONFIRMATION_OK"
12232,10403576164,10403576202,1,"IOTHUB_CLIENT_CONFIRMATION_OK"
12233,10403576364,10403576395,1,"IOTHUB_CLIENT_CONFIRMATION_OK"
12234,10403576564,10403576592,1,"IOTHUB_CLIENT_CONFIRMATION_OK"
12235,10403576765,10403576895,1,"IOTHUB_CLIENT_CONFIRMATION_OK"
12236,10403576965,10403576995,1,"IOTHUB_CLIENT_CONFIRMATION_OK"
12237,10403577165,10403577195,1,"IOTHUB_CLIENT_CONFIRMATION_OK"
12238,10403577365,10403577410,1,"IOTHUB_CLIENT_CONFIRMATION_OK"
12239,10403577565,10403577599,1,"IOTHUB_CLIENT_CONFIRMATION_OK"
12240,10403577765,10403577796,1,"IOTHUB_CLIENT_CONFIRMATION_OK"
12241,10403577966,10403577996,1,"IOTHUB_CLIENT_CONFIRMATION_OK"
12242,10403578166,10403578201,1,"IOTHUB_CLIENT_CONFIRMATION_OK"
12243,10403578366,10403578405,1,"IOTHUB_CLIENT_CONFIRMATION_OK"
12244,10403578566,10403578598,1,"IOTHUB_CLIENT_CONFIRMATION_OK"
12245,10403578766,10403578797,1,"IOTHUB_CLIENT_CONFIRMATION_OK"
12246,10403578966,10403578998,1,"IOTHUB_CLIENT_CONFIRMATION_OK"
12247,10403579166,10403579195,1,"IOTHUB_CLIENT_CONFIRMATION_OK"
12248,10403579367,10403579430,1,"IOTHUB_CLIENT_CONFIRMATION_OK"
12249,10403579567,10403579599,1,"IOTHUB_CLIENT_CONFIRMATION_OK"
12250,10403579767,10403579807,1,"IOTHUB_CLIENT_CONFIRMATION_OK"
12251,10403579967,10403580044,1,"IOTHUB_CLIENT_CONFIRMATION_OK"
12252,10403580167,10403580200,1,"IOTHUB_CLIENT_CONFIRMATION_OK"
12253,10403580368,10403580438,1,"IOTHUB_CLIENT_CONFIRMATION_OK"
12254,10403580568,10403580604,1,"IOTHUB_CLIENT_CONFIRMATION_OK"
12255,10403580768,10403580820,1,"IOTHUB_CLIENT_CONFIRMATION_OK"
12256,10403580968,10403581062,1,"IOTHUB_CLIENT_CONFIRMATION_OK"
12257,10403581168,10403581201,1,"IOTHUB_CLIENT_CONFIRMATION_OK"
12258,10403581368,10403581456,1,"IOTHUB_CLIENT_CONFIRMATION_OK"
12259,10403581569,10403581605,1,"IOTHUB_CLIENT_CONFIRMATION_OK"
12260,10403581769,10403581805,1,"IOTHUB_CLIENT_CONFIRMATION_OK"
12261,10403581969,10403582070,1,"IOTHUB_CLIENT_CONFIRMATION_OK"
12262,10403582169,10403582199,1,"IOTHUB_CLIENT_CONFIRMATION_OK"
12263,10403582369,10403582402,1,"IOTHUB_CLIENT_CONFIRMATION_OK"
12264,10403582569,10403582600,1,"IOTHUB_CLIENT_CONFIRMATION_OK"
12265,10403582769,10403582806,1,"IOTHUB_CLIENT_CONFIRMATION_OK"
12266,10403582970,10403583081,1,"IOTHUB_CLIENT_CONFIRMATION_OK"
12267,10403583170,10403583199,1,"IOTHUB_CLIENT_CONFIRMATION_OK"
12268,10403583370,10403583402,1,"IOTHUB_CLIENT_CONFIRMATION_OK"
12269,10403583570,10403583600,1,"IOTHUB_CLIENT_CONFIRMATION_OK"
12270,10403583770,10403583805,1,"IOTHUB_CLIENT_CONFIRMATION_OK"
12271,10403583970,10403584105,1,"IOTHUB_CLIENT_CONFIRMATION_OK"
12272,10403584171,10403584202,1,"IOTHUB_CLIENT_CONFIRMATION_OK"
12273,10403584371,10403584423,1,"IOTHUB_CLIENT_CONFIRMATION_OK"
12274,10403584571,10403584603,1,"IOTHUB_CLIENT_CONFIRMATION_OK"
12275,10403584771,10403584802,1,"IOTHUB_CLIENT_CONFIRMATION_OK"
12276,10403584971,10403585109,1,"IOTHUB_CLIENT_CONFIRMATION_OK"
12277,10403585171,10403585206,1,"IOTHUB_CLIENT_CONFIRMATION_OK"
12278,10403585372,10403585409,1,"IOTHUB_CLIENT_CONFIRMATION_OK"
12279,10403585572,10403585601,1,"IOTHUB_CLIENT_CONFIRMATION_OK"
12280,10403585772,10403585812,1,"IOTHUB_CLIENT_CONFIRMATION_OK"
12281,10403585972,10403586002,1,"IOTHUB_CLIENT_CONFIRMATION_OK"
12282,10403586172,10403586205,1,"IOTHUB_CLIENT_CONFIRMATION_OK"
12283,10403586372,10403586406,1,"IOTHUB_CLIENT_CONFIRMATION_OK"
12284,10403586572,10403586760,1,"IOTHUB_CLIENT_CONFIRMATION_OK"
12285,10403586773,10403586803,1,"IOTHUB_CLIENT_CONFIRMATION_OK"
12286,10403586973,10403587005,1,"IOTHUB_CLIENT_CONFIRMATION_OK"
12287,10403587173,10403587203,1,"IOTHUB_CLIENT_CONFIRMATION_OK"
12288,10403587373,10403587404,1,"IOTHUB_CLIENT_CONFIRMATION_OK"
12289,10403587573,10403587767,1,"IOTHUB_CLIENT_CONFIRMATION_OK"
12290,10403587773,10403587812,1,"IOTHUB_CLIENT_CONFIRMATION_OK"
12291,10403587974,10403588003,1,"IOTHUB_CLIENT_CONFIRMATION_OK"
12292,10403588174,10403588204,1,"IOTHUB_CLIENT_CONFIRMATION_OK"
12293,10403588374,10403588405,1,"IOTHUB_CLIENT_CONFIRMATION_OK"
12294,10403588574,10403588608,1,"IOTHUB_CLIENT_CONFIRMATION_OK"
12295,10403588774,10403588815,1,"IOTHUB_CLIENT_CONFIRMATION_OK"
12296,10403588974,10403589004,1,"IOTHUB_CLIENT_CONFIRMATION_OK"
12297,10403589175,10403589215,1,"IOTHUB_CLIENT_CONFIRMATION_OK"
12298,10403589375,10403589409,1,"IOTHUB_CLIENT_CONFIRMATION_OK"
12299,10403589575,10403589608,1,"IOTHUB_CLIENT_CONFIRMATION_OK"
12300,10403589775,10403589828,1,"IOTHUB_CLIENT_CONFIRMATION_OK"
12301,10403589975,10403590006,1,"IOTHUB_CLIENT_CONFIRMATION_OK"
12302,10403590175,10403590229,1,"IOTHUB_CLIENT_CONFIRMATION_OK"
12303,10403590376,10403590413,1,"IOTHUB_CLIENT_CONFIRMATION_OK"
12304,10403590576,10403590606,1,"IOTHUB_CLIENT_CONFIRMATION_OK"
12305,10403590776,10403590833,1,"IOTHUB_CLIENT_CONFIRMATION_OK"
12306,10403590976,10403591020,1,"IOTHUB_CLIENT_CONFIRMATION_OK"
12307,10403591176,10403591208,1,"IOTHUB_CLIENT_CONFIRMATION_OK"
12308,10403591376,10403591413,1,"IOTHUB_CLIENT_CONFIRMATION_OK"
12309,10403591576,10403591606,1,"IOTHUB_CLIENT_CONFIRMATION_OK"
12310,10403591777,10403591854,1,"IOTHUB_CLIENT_CONFIRMATION_OK"
12311,10403591977,10403592019,1,"IOTHUB_CLIENT_CONFIRMATION_OK"
12312,10403592177,10403592208,1,"IOTHUB_CLIENT_CONFIRMATION_OK"
12313,10403592377,10403592451,1,"IOTHUB_CLIENT_CONFIRMATION_OK"
12314,10403592577,10403592608,1,"IOTHUB_CLIENT_CONFIRMATION_OK"
12315,10403592777,10403592866,1,"IOTHUB_CLIENT_CONFIRMATION_OK"
12316,10403592978,10403593008,1,"IOTHUB_CLIENT_CONFIRMATION_OK"
12317,10403593178,10403593207,1,"IOTHUB_CLIENT_CONFIRMATION_OK"
12318,10403593378,10403593484,1,"IOTHUB_CLIENT_CONFIRMATION_OK"
12319,10403593578,10403593614,1,"IOTHUB_CLIENT_CONFIRMATION_OK"
12320,10403593778,10403593868,1,"IOTHUB_CLIENT_CONFIRMATION_OK"
12321,10403593978,10403594009,1,"IOTHUB_CLIENT_CONFIRMATION_OK"
12322,10403594179,10403594208,1,"IOTHUB_CLIENT_CONFIRMATION_OK"
12323,10403594379,10403594484,1,"IOTHUB_CLIENT_CONFIRMATION_OK"
12324,10403594579,10403594610,1,"IOTHUB_CLIENT_CONFIRMATION_OK"
12325,10403594779,10403594809,1,"IOTHUB_CLIENT_CONFIRMATION_OK"
12326,10403594979,10403595020,1,"IOTHUB_CLIENT_CONFIRMATION_OK"
12327,10403595179,10403595214,1,"IOTHUB_CLIENT_CONFIRMATION_OK"
12328,10403595380,10403595502,1,"IOTHUB_CLIENT_CONFIRMATION_OK"
12329,10403595580,10403595613,1,"IOTHUB_CLIENT_CONFIRMATION_OK"
12330,10403595780,10403595811,1,"IOTHUB_CLIENT_CONFIRMATION_OK"
12331,10403595980,10403596009,1,"IOTHUB_CLIENT_CONFIRMATION_OK"
12332,10403596180,10403596212,1,"IOTHUB_CLIENT_CONFIRMATION_OK"
12333,10403596380,10403596526,1,"IOTHUB_CLIENT_CONFIRMATION_OK"
12334,10403596580,10403596609,1,"IOTHUB_CLIENT_CONFIRMATION_OK"
12335,10403596781,10403596814,1,"IOTHUB_CLIENT_CONFIRMATION_OK"
12336,10403596981,10403597016,1,"IOTHUB_CLIENT_CONFIRMATION_OK"
12337,10403597181,10403597210,1,"IOTHUB_CLIENT_CONFIRMATION_OK"
12338,10403597381,10403597416,1,"IOTHUB_CLIENT_CONFIRMATION_OK"
12339,10403597581,10403597621,1,"IOTHUB_CLIENT_CONFIRMATION_OK"
12340,10403597781,10403597812,1,"IOTHUB_CLIENT_CONFIRMATION_OK"
12341,10403597982,10403598020,1,"IOTHUB_CLIENT_CONFIRMATION_OK"
12342,10403598182,10403598214,1,"IOTHUB_CLIENT_CONFIRMATION_OK"
12343,10403598382,10403598411,1,"IOTHUB_CLIENT_CONFIRMATION_OK"
12344,10403598582,10403598639,1,"IOTHUB_CLIENT_CONFIRMATION_OK"
12345,10403598782,10403598831,1,"IOTHUB_CLIENT_CONFIRMATION_OK"
12346,10403598982,10403599044,1,"IOTHUB_CLIENT_CONFIRMATION_OK"
12347,10403599183,10403599212,1,"IOTHUB_CLIENT_CONFIRMATION_OK"
12348,10403599383,10403599457,1,"IOTHUB_CLIENT_CONFIRMATION_OK"
12349,10403599583,10403599672,1,"IOTHUB_CLIENT_CONFIRMATION_OK"
12350,10403599783,10403599812,1,"IOTHUB_CLIENT_CONFIRMATION_OK"
12351,10403599983,10403600055,1,"IOTHUB_CLIENT_CONFIRMATION_OK"
12352,10403600183,10403600216,1,"IOTHUB_CLIENT_CONFIRMATION_OK"
12353,10403600384,10403600412,1,"IOTHUB_CLIENT_CONFIRMATION_OK"
12354,10403600584,10403600680,1,"IOTHUB_CLIENT_CONFIRMATION_OK"
12355,10403600784,10403600819,1,"IOTHUB_CLIENT_CONFIRMATION_OK"
12356,10403600984,10403601019,1,"IOTHUB_CLIENT_CONFIRMATION_OK"
12357,10403601184,10403601216,1,"IOTHUB_CLIENT_CONFIRMATION_OK"
12358,10403601384,10403601415,1,"IOTHUB_CLIENT_CONFIRMATION_OK"
12359,10403601585,10403601706,1,"IOTHUB_CLIENT_CONFIRMATION_OK"
12360,10403601785,10403601817,1,"IOTHUB_CLIENT_CONFIRMATION_OK"
12361,10403601985,10403602125,1,"IOTHUB_CLIENT_CONFIRMATION_OK"
12362,10403602185,10403602217,1,"IOTHUB_CLIENT_CONFIRMATION_OK"
12363,10403602385,10403602414,1,"IOTHUB_CLIENT_CONFIRMATION_OK"
12364,10403602586,10403602751,1,"IOTHUB_CLIENT_CONFIRMATION_OK"
12365,10403602786,10403602816,1,"IOTHUB_CLIENT_CONFIRMATION_OK"
12366,10403602986,10403603017,1,"IOTHUB_CLIENT_CONFIRMATION_OK"
12367,10403603186,10403603217,1,"IOTHUB_CLIENT_CONFIRMATION_OK"
12368,10403603386,10403603419,1,"IOTHUB_CLIENT_CONFIRMATION_OK"
12369,10403603586,10403603617,1,"IOTHUB_CLIENT_CONFIRMATION_OK"
12370,10403603786,10403603838,1,"IOTHUB_CLIENT_CONFIRMATION_OK"
12371,10403603987,10403604018,1,"IOTHUB_CLIENT_CONFIRMATION_OK"
12372,10403604187,10403604219,1,"IOTHUB_CLIENT_CONFIRMATION_OK"
12373,10403604387,10403604417,1,"IOTHUB_CLIENT_CONFIRMATION_OK"
12374,10403604587,10403604617,1,"IOTHUB_CLIENT_CONFIRMATION_OK"
12375,10403604787,10403604837,1,"IOTHUB_CLIENT_CONFIRMATION_OK"
12376,10403604987,10403605020,1,"IOTHUB_CLIENT_CONFIRMATION_OK"
12377,10403605188,10403605391,1,"IOTHUB_CLIENT_CONFIRMATION_OK"
12378,10403605388,10403605428,1,"IOTHUB_CLIENT_CONFIRMATION_OK"
12379,10403605588,10403605637,1,"IOTHUB_CLIENT_CONFIRMATION_OK"
12380,10403605788,10403605825,1,"IOTHUB_CLIENT_CONFIRMATION_OK"
12381,10403605988,10403606016,1,"IOTHUB_CLIENT_CONFIRMATION_OK"
12382,10403606188,10403606221,1,"IOTHUB_CLIENT_CONFIRMATION_OK"
12383,10403606388,10403606430,1,"IOTHUB_CLIENT_CONFIRMATION_OK"
12384,10403606589,10403606622,1,"IOTHUB_CLIENT_CONFIRMATION_OK"
12385,10403606789,10403606824,1,"IOTHUB_CLIENT_CONFIRMATION_OK"
12386,10403606989,10403607021,1,"IOTHUB_CLIENT_CONFIRMATION_OK"
12387,10403607189,10403607224,1,"IOTHUB_CLIENT_CONFIRMATION_OK"
12388,10403607389,10403607428,1,"IOTHUB_CLIENT_CONFIRMATION_OK"
12389,10403607589,10403607625,1,"IOTHUB_CLIENT_CONFIRMATION_OK"
12390,10403607790,10403607858,1,"IOTHUB_CLIENT_CONFIRMATION_OK"
12391,10403607990,10403608049,1,"IOTHUB_CLIENT_CONFIRMATION_OK"
12392,10403608190,10403608229,1,"IOTHUB_CLIENT_CONFIRMATION_OK"
12393,10403608390,10403608456,1,"IOTHUB_CLIENT_CONFIRMATION_OK"
12394,10403608590,10403608621,1,"IOTHUB_CLIENT_CONFIRMATION_OK"
12395,10403608790,10403608840,1,"IOTHUB_CLIENT_CONFIRMATION_OK"
12396,10403608991,10403609021,1,"IOTHUB_CLIENT_CONFIRMATION_OK"
12397,10403609191,10403609223,1,"IOTHUB_CLIENT_CONFIRMATION_OK"
12398,10403609391,10403609489,1,"IOTHUB_CLIENT_CONFIRMATION_OK"
12399,10403609591,10403609623,1,"IOTHUB_CLIENT_CONFIRMATION_OK"
12400,10403609791,10403609821,1,"IOTHUB_CLIENT_CONFIRMATION_OK"
12401,10403609991,10403610023,1,"IOTHUB_CLIENT_CONFIRMATION_OK"
12402,10403610191,10403610224,1,"IOTHUB_CLIENT_CONFIRMATION_OK"
12403,10403610392,10403610548,1,"IOTHUB_CLIENT_CONFIRMATION_OK"
12404,10403610592,10403610623,1,"IOTHUB_CLIENT_CONFIRMATION_OK"
12405,10403610792,10403610828,1,"IOTHUB_CLIENT_CONFIRMATION_OK"
12406,10403610992,10403611057,1,"IOTHUB_CLIENT_CONFIRMATION_OK"
12407,10403611192,10403611222,1,"IOTHUB_CLIENT_CONFIRMATION_OK"
12408,10403611392,10403611550,1,"IOTHUB_CLIENT_CONFIRMATION_OK"
12409,10403611593,10403611639,1,"IOTHUB_CLIENT_CONFIRMATION_OK"
12410,10403611793,10403611823,1,"IOTHUB_CLIENT_CONFIRMATION_OK"
12411,10403611993,10403612022,1,"IOTHUB_CLIENT_CONFIRMATION_OK"
12412,10403612193,10403612221,1,"IOTHUB_CLIENT_CONFIRMATION_OK"
12413,10403612393,10403612424,1,"IOTHUB_CLIENT_CONFIRMATION_OK"
12414,10403612593,10403612624,1,"IOTHUB_CLIENT_CONFIRMATION_OK"
12415,10403612794,10403612833,1,"IOTHUB_CLIENT_CONFIRMATION_OK"
12416,10403612994,10403613026,1,"IOTHUB_CLIENT_CONFIRMATION_OK"
12417,10403613194,10403613253,1,"IOTHUB_CLIENT_CONFIRMATION_OK"
12418,10403613394,10403613425,1,"IOTHUB_CLIENT_CONFIRMATION_OK"
12419,10403613594,10403613634,1,"IOTHUB_CLIENT_CONFIRMATION_OK"
12420,10403613794,10403613831,1,"IOTHUB_CLIENT_CONFIRMATION_OK"
12421,10403613995,10403614050,1,"IOTHUB_CLIENT_CONFIRMATION_OK"
12422,10403614195,10403614259,1,"IOTHUB_CLIENT_CONFIRMATION_OK"
12423,10403614395,10403614429,1,"IOTHUB_CLIENT_CONFIRMATION_OK"
12424,10403614595,10403614686,1,"IOTHUB_CLIENT_CONFIRMATION_OK"
12425,10403614795,10403614831,1,"IOTHUB_CLIENT_CONFIRMATION_OK"
12426,10403614995,10403615062,1,"IOTHUB_CLIENT_CONFIRMATION_OK"
12427,10403615196,10403615231,1,"IOTHUB_CLIENT_CONFIRMATION_OK"
12428,10403615396,10403615427,1,"IOTHUB_CLIENT_CONFIRMATION_OK"
12429,10403615596,10403615677,1,"IOTHUB_CLIENT_CONFIRMATION_OK"
12430,10403615796,10403615828,1,"IOTHUB_CLIENT_CONFIRMATION_OK"
12431,10403615996,10403616027,1,"IOTHUB_CLIENT_CONFIRMATION_OK"
12432,10403616196,10403616225,1,"IOTHUB_CLIENT_CONFIRMATION_OK"
12433,10403616397,10403616442,1,"IOTHUB_CLIENT_CONFIRMATION_OK"
12434,10403616597,10403616751,1,"IOTHUB_CLIENT_CONFIRMATION_OK"
12435,10403616797,10403616832,1,"IOTHUB_CLIENT_CONFIRMATION_OK"
12436,10403616997,10403617035,1,"IOTHUB_CLIENT_CONFIRMATION_OK"
12437,10403617197,10403617238,1,"IOTHUB_CLIENT_CONFIRMATION_OK"
12438,10403617397,10403617426,1,"IOTHUB_CLIENT_CONFIRMATION_OK"
12439,10403617598,10403617754,1,"IOTHUB_CLIENT_CONFIRMATION_OK"
12440,10403617798,10403617830,1,"IOTHUB_CLIENT_CONFIRMATION_OK"
12441,10403617998,10403618029,1,"IOTHUB_CLIENT_CONFIRMATION_OK"
12442,10403618198,10403618235,1,"IOTHUB_CLIENT_CONFIRMATION_OK"
12443,10403618398,10403618434,1,"IOTHUB_CLIENT_CONFIRMATION_OK"
12444,10403618598,10403618628,1,"IOTHUB_CLIENT_CONFIRMATION_OK"
12445,10403618799,10403618827,1,"IOTHUB_CLIENT_CONFIRMATION_OK"
12446,10403618999,10403619031,1,"IOTHUB_CLIENT_CONFIRMATION_OK"
12447,10403619199,10403619230,1,"IOTHUB_CLIENT_CONFIRMATION_OK"
12448,10403619399,10403619430,1,"IOTHUB_CLIENT_CONFIRMATION_OK"
12449,10403619599,10403619637,1,"IOTHUB_CLIENT_CONFIRMATION_OK"
12450,10403619799,10403619856,1,"IOTHUB_CLIENT_CONFIRMATION_OK"
12451,10403620000,10403620031,1,"IOTHUB_CLIENT_CONFIRMATION_OK"
12452,10403620200,10403620407,1,"IOTHUB_CLIENT_CONFIRMATION_OK"
12453,10403620400,10403620443,1,"IOTHUB_CLIENT_CONFIRMATION_OK"
12454,10403620600,10403620633,1,"IOTHUB_CLIENT_CONFIRMATION_OK"
12455,10403620800,10403620843,1,"IOTHUB_CLIENT_CONFIRMATION_OK"
12456,10403621000,10403621039,1,"IOTHUB_CLIENT_CONFIRMATION_OK"
12457,10403621201,10403621236,1,"IOTHUB_CLIENT_CONFIRMATION_OK"
12458,10403621401,10403621436,1,"IOTHUB_CLIENT_CONFIRMATION_OK"
12459,10403621601,10403621632,1,"IOTHUB_CLIENT_CONFIRMATION_OK"
12460,10403621801,10403621833,1,"IOTHUB_CLIENT_CONFIRMATION_OK"
12461,10403622001,10403622035,1,"IOTHUB_CLIENT_CONFIRMATION_OK"
12462,10403622201,10403622234,1,"IOTHUB_CLIENT_CONFIRMATION_OK"
12463,10403622401,10403622442,1,"IOTHUB_CLIENT_CONFIRMATION_OK"
12464,10403622602,10403622631,1,"IOTHUB_CLIENT_CONFIRMATION_OK"
12465,10403622802,10403622854,1,"IOTHUB_CLIENT_CONFIRMATION_OK"
12466,10403623002,10403623031,1,"IOTHUB_CLIENT_CONFIRMATION_OK"
12467,10403623202,10403623235,1,"IOTHUB_CLIENT_CONFIRMATION_OK"
12468,10403623402,10403623571,1,"IOTHUB_CLIENT_CONFIRMATION_OK"
12469,10403623602,10403623635,1,"IOTHUB_CLIENT_CONFIRMATION_OK"
12470,10403623803,10403623973,1,"IOTHUB_CLIENT_CONFIRMATION_OK"
12471,10403624003,10403624035,1,"IOTHUB_CLIENT_CONFIRMATION_OK"
12472,10403624203,10403624256,1,"IOTHUB_CLIENT_CONFIRMATION_OK"
12473,10403624403,10403624431,1,"IOTHUB_CLIENT_CONFIRMATION_OK"
12474,10403624603,10403624632,1,"IOTHUB_CLIENT_CONFIRMATION_OK"
12475,10403624803,10403624838,1,"IOTHUB_CLIENT_CONFIRMATION_OK"
12476,10403625004,10403625035,1,"IOTHUB_CLIENT_CONFIRMATION_OK"
12477,10403625204,10403625237,1,"IOTHUB_CLIENT_CONFIRMATION_OK"
12478,10403625404,10403625452,1,"IOTHUB_CLIENT_CONFIRMATION_OK"
12479,10403625604,10403625639,1,"IOTHUB_CLIENT_CONFIRMATION_OK"
12480,10403625804,10403625839,1,"IOTHUB_CLIENT_CONFIRMATION_OK"
12481,10403626004,10403626040,1,"IOTHUB_CLIENT_CONFIRMATION_OK"
12482,10403626205,10403626234,1,"IOTHUB_CLIENT_CONFIRMATION_OK"
12483,10403626405,10403626610,1,"IOTHUB_CLIENT_CONFIRMATION_OK"
12484,10403626605,10403626647,1,"IOTHUB_CLIENT_CONFIRMATION_OK"
12485,10403626805,10403626836,1,"IOTHUB_CLIENT_CONFIRMATION_OK"
12486,10403627005,10403627044,1,"IOTHUB_CLIENT_CONFIRMATION_OK"
12487,10403627205,10403627238,1,"IOTHUB_CLIENT_CONFIRMATION_OK"
12488,10403627406,10403627444,1,"IOTHUB_CLIENT_CONFIRMATION_OK"
12489,10403627606,10403627652,1,"IOTHUB_CLIENT_CONFIRMATION_OK"
12490,10403627806,10403627840,1,"IOTHUB_CLIENT_CONFIRMATION_OK"
12491,10403628006,10403628053,1,"IOTHUB_CLIENT_CONFIRMATION_OK"
12492,10403628206,10403628240,1,"IOTHUB_CLIENT_CONFIRMATION_OK"
12493,10403628406,10403628470,1,"IOTHUB_CLIENT_CONFIRMATION_OK"
12494,10403628606,10403628661,1,"IOTHUB_CLIENT_CONFIRMATION_OK"
12495,10403628807,10403628836,1,"IOTHUB_CLIENT_CONFIRMATION_OK"
12496,10403629007,10403629049,1,"IOTHUB_CLIENT_CONFIRMATION_OK"
12497,10403629207,10403629242,1,"IOTHUB_CLIENT_CONFIRMATION_OK"
12498,10403629407,10403629438,1,"IOTHUB_CLIENT_CONFIRMATION_OK"
12499,10403629607,10403629661,1,"IOTHUB_CLIENT_CONFIRMATION_OK"
12500,10403629807,10403629842,1,"IOTHUB_CLIENT_CONFIRMATION_OK"
12501,10403630008,10403630065,1,"IOTHUB_CLIENT_CONFIRMATION_OK"
12502,10403630208,10403630237,1,"IOTHUB_CLIENT_CONFIRMATION_OK"
12503,10403630408,10403630449,1,"IOTHUB_CLIENT_CONFIRMATION_OK"
12504,10403630608,10403630682,1,"IOTHUB_CLIENT_CONFIRMATION_OK"
12505,10403630808,10403630839,1,"IOTHUB_CLIENT_CONFIRMATION_OK"
12506,10403631008,10403631037,1,"IOTHUB_CLIENT_CONFIRMATION_OK"
12507,10403631209,10403631240,1,"IOTHUB_CLIENT_CONFIRMATION_OK"
12508,10403631409,10403631440,1,"IOTHUB_CLIENT_CONFIRMATION_OK"
12509,10403631609,10403631701,1,"IOTHUB_CLIENT_CONFIRMATION_OK"
12510,10403631809,10403631843,1,"IOTHUB_CLIENT_CONFIRMATION_OK"
12511,10403632009,10403632059,1,"IOTHUB_CLIENT_CONFIRMATION_OK"
12512,10403632209,10403632340,1,"IOTHUB_CLIENT_CONFIRMATION_OK"
12513,10403632409,10403632452,1,"IOTHUB_CLIENT_CONFIRMATION_OK"
12514,10403632610,10403632730,1,"IOTHUB_CLIENT_CONFIRMATION_OK"
12515,10403632810,10403632850,1,"IOTHUB_CLIENT_CONFIRMATION_OK"
12516,10403633010,10403633038,1,"IOTHUB_CLIENT_CONFIRMATION_OK"
12517,10403633210,10403633339,1,"IOTHUB_CLIENT_CONFIRMATION_OK"
12518,10403633410,10403633442,1,"IOTHUB_CLIENT_CONFIRMATION_OK"
12519,10403633610,10403633656,1,"IOTHUB_CLIENT_CONFIRMATION_OK"
12520,10403633811,10403633839,1,"IOTHUB_CLIENT_CONFIRMATION_OK"
12521,10403634011,10403634055,1,"IOTHUB_CLIENT_CONFIRMATION_OK"
12522,10403634211,10403634344,1,"IOTHUB_CLIENT_CONFIRMATION_OK"
12523,10403634411,10403634443,1,"IOTHUB_CLIENT_CONFIRMATION_OK"
12524,10403634611,10403634641,1,"IOTHUB_CLIENT_CONFIRMATION_OK"
12525,10403634811,10403634839,1,"IOTHUB_CLIENT_CONFIRMATION_OK"
12526,10403635012,10403635039,1,"IOTHUB_CLIENT_CONFIRMATION_OK"
12527,10403635212,10403635376,1,"IOTHUB_CLIENT_CONFIRMATION_OK"
12528,10403635412,10403635454,1,"IOTHUB_CLIENT_CONFIRMATION_OK"
12529,10403635612,10403635640,1,"IOTHUB_CLIENT_CONFIRMATION_OK"
12530,10403635812,10403635845,1,"IOTHUB_CLIENT_CONFIRMATION_OK"
12531,10403636012,10403636042,1,"IOTHUB_CLIENT_CONFIRMATION_OK"
12532,10403636212,10403636244,1,"IOTHUB_CLIENT_CONFIRMATION_OK"
12533,10403636413,10403636445,1,"IOTHUB_CLIENT_CONFIRMATION_OK"
12534,10403636613,10403636652,1,"IOTHUB_CLIENT_CONFIRMATION_OK"
12535,10403636813,10403636846,1,"IOTHUB_CLIENT_CONFIRMATION_OK"
12536,10403637013,10403637045,1,"IOTHUB_CLIENT_CONFIRMATION_OK"
12537,10403637213,10403637262,1,"IOTHUB_CLIENT_CONFIRMATION_OK"
12538,10403637413,10403637450,1,"IOTHUB_CLIENT_CONFIRMATION_OK"
12539,10403637614,10403637666,1,"IOTHUB_CLIENT_CONFIRMATION_OK"
12540,10403637814,10403637846,1,"IOTHUB_CLIENT_CONFIRMATION_OK"
12541,10403638014,10403638045,1,"IOTHUB_CLIENT_CONFIRMATION_OK"
12542,10403638214,10403638246,1,"IOTHUB_CLIENT_CONFIRMATION_OK"
12543,10403638414,10403638506,1,"IOTHUB_CLIENT_CONFIRMATION_OK"
12544,10403638614,10403638643,1,"IOTHUB_CLIENT_CONFIRMATION_OK"
12545,10403638815,10403638921,1,"IOTHUB_CLIENT_CONFIRMATION_OK"
12546,10403639015,10403639048,1,"IOTHUB_CLIENT_CONFIRMATION_OK"
12547,10403639215,10403639250,1,"IOTHUB_CLIENT_CONFIRMATION_OK"
12548,10403639415,10403639550,1,"IOTHUB_CLIENT_CONFIRMATION_OK"
12549,10403639615,10403639655,1,"IOTHUB_CLIENT_CONFIRMATION_OK"
12550,10403639815,10403639853,1,"IOTHUB_CLIENT_CONFIRMATION_OK"
12551,10403640016,10403640049,1,"IOTHUB_CLIENT_CONFIRMATION_OK"
12552,10403640216,10403640260,1,"IOTHUB_CLIENT_CONFIRMATION_OK"
12553,10403640416,10403640536,1,"IOTHUB_CLIENT_CONFIRMATION_OK"
12554,10403640616,10403640656,1,"IOTHUB_CLIENT_CONFIRMATION_OK"
12555,10403640816,10403640846,1,"IOTHUB_CLIENT_CONFIRMATION_OK"
12556,10403641016,10403641054,1,"IOTHUB_CLIENT_CONFIRMATION_OK"
12557,10403641216,10403641258,1,"IOTHUB_CLIENT_CONFIRMATION_OK"
12558,10403641417,10403641568,1,"IOTHUB_CLIENT_CONFIRMATION_OK"
12559,10403641617,10403641647,1,"IOTHUB_CLIENT_CONFIRMATION_OK"
12560,10403641817,10403641848,1,"IOTHUB_CLIENT_CONFIRMATION_OK"
12561,10403642017,10403642045,1,"IOTHUB_CLIENT_CONFIRMATION_OK"
12562,10403642217,10403642262,1,"IOTHUB_CLIENT_CONFIRMATION_OK"
12563,10403642417,10403642494,1,"IOTHUB_CLIENT_CONFIRMATION_OK"
12564,10403642617,10403642650,1,"IOTHUB_CLIENT_CONFIRMATION_OK"
12565,10403642818,10403642846,1,"IOTHUB_CLIENT_CONFIRMATION_OK"
12566,10403643018,10403643046,1,"IOTHUB_CLIENT_CONFIRMATION_OK"
12567,10403643218,10403643260,1,"IOTHUB_CLIENT_CONFIRMATION_OK"
12568,10403643418,10403643455,1,"IOTHUB_CLIENT_CONFIRMATION_OK"
12569,10403643618,10403643648,1,"IOTHUB_CLIENT_CONFIRMATION_OK"
12570,10403643818,10403643849,1,"IOTHUB_CLIENT_CONFIRMATION_OK"
12571,10403644019,10403644299,1,"IOTHUB_CLIENT_CONFIRMATION_OK"
12572,10403644219,10403644328,1,"IOTHUB_CLIENT_CONFIRMATION_OK"
12573,10403644419,10403644448,1,"IOTHUB_CLIENT_CONFIRMATION_OK"
12574,10403644619,10403644657,1,"IOTHUB_CLIENT_CONFIRMATION_OK"
12575,10403644819,10403644853,1,"IOTHUB_CLIENT_CONFIRMATION_OK"
12576,10403645019,10403645273,1,"IOTHUB_CLIENT_CONFIRMATION_OK"
12577,10403645219,10403645304,1,"IOTHUB_CLIENT_CONFIRMATION_OK"
12578,10403645420,10403645450,1,"IOTHUB_CLIENT_CONFIRMATION_OK"
12579,10403645620,10403645651,1,"IOTHUB_CLIENT_CONFIRMATION_OK"
12580,10403645820,10403645861,1,"IOTHUB_CLIENT_CONFIRMATION_OK"
12581,10403646020,10403646054,1,"IOTHUB_CLIENT_CONFIRMATION_OK"
12582,10403646220,10403646290,1,"IOTHUB_CLIENT_CONFIRMATION_OK"
12583,10403646420,10403646453,1,"IOTHUB_CLIENT_CONFIRMATION_OK"
12584,10403646621,10403646677,1,"IOTHUB_CLIENT_CONFIRMATION_OK"
12585,10403646821,10403646867,1,"IOTHUB_CLIENT_CONFIRMATION_OK"
12586,10403647021,10403647059,1,"IOTHUB_CLIENT_CONFIRMATION_OK"
12587,10403647221,10403647322,1,"IOTHUB_CLIENT_CONFIRMATION_OK"
12588,10403647421,10403647451,1,"IOTHUB_CLIENT_CONFIRMATION_OK"
12589,10403647621,10403647705,1,"IOTHUB_CLIENT_CONFIRMATION_OK"
12590,10403647822,10403647853,1,"IOTHUB_CLIENT_CONFIRMATION_OK"
12591,10403648022,10403648073,1,"IOTHUB_CLIENT_CONFIRMATION_OK"
12592,10403648222,10403648330,1,"IOTHUB_CLIENT_CONFIRMATION_OK"
12593,10403648422,10403648455,1,"IOTHUB_CLIENT_CONFIRMATION_OK"
12594,10403648622,10403648667,1,"IOTHUB_CLIENT_CONFIRMATION_OK"
12595,10403648822,10403648866,1,"IOTHUB_CLIENT_CONFIRMATION_OK"
12596,10403649023,10403649054,1,"IOTHUB_CLIENT_CONFIRMATION_OK"
12597,10403649223,10403649465,1,"IOTHUB_CLIENT_CONFIRMATION_OK"
12598,10403649423,10403649487,1,"IOTHUB_CLIENT_CONFIRMATION_OK"
12599,10403649623,10403649662,1,"IOTHUB_CLIENT_CONFIRMATION_OK"
12600,10403649823,10403649863,1,"IOTHUB_CLIENT_CONFIRMATION_OK"
12601,10403650023,10403650054,1,"IOTHUB_CLIENT_CONFIRMATION_OK"
12602,10403650223,10403650283,1,"IOTHUB_CLIENT_CONFIRMATION_OK"
12603,10403650424,10403650462,1,"IOTHUB_CLIENT_CONFIRMATION_OK"
12604,10403650624,10403650658,1,"IOTHUB_CLIENT_CONFIRMATION_OK"
12605,10403650824,10403650899,1,"IOTHUB_CLIENT_CONFIRMATION_OK"
12606,10403651024,10403651055,1,"IOTHUB_CLIENT_CONFIRMATION_OK"
12607,10403651224,10403651298,1,"IOTHUB_CLIENT_CONFIRMATION_OK"
12608,10403651424,10403651458,1,"IOTHUB_CLIENT_CONFIRMATION_OK"
12609,10403651625,10403651656,1,"IOTHUB_CLIENT_CONFIRMATION_OK"
12610,10403651825,10403651924,1,"IOTHUB_CLIENT_CONFIRMATION_OK"
12611,10403652025,10403652054,1,"IOTHUB_CLIENT_CONFIRMATION_OK"
12612,10403652225,10403652259,1,"IOTHUB_CLIENT_CONFIRMATION_OK"
12613,10403652425,10403652467,1,"IOTHUB_CLIENT_CONFIRMATION_OK"
12614,10403652625,10403652658,1,"IOTHUB_CLIENT_CONFIRMATION_OK"
12615,10403652825,10403653016,1,"IOTHUB_CLIENT_CONFIRMATION_OK"
12616,10403653026,10403653056,1,"IOTHUB_CLIENT_CONFIRMATION_OK"
12617,10403653226,10403653271,1,"IOTHUB_CLIENT_CONFIRMATION_OK"
12618,10403653426,10403653460,1,"IOTHUB_CLIENT_CONFIRMATION_OK"
12619,10403653626,10403653661,1,"IOTHUB_CLIENT_CONFIRMATION_OK"
12620,10403653826,10403654036,1,"IOTHUB_CLIENT_CONFIRMATION_OK"
12621,10403654026,10403654056,1,"IOTHUB_CLIENT_CONFIRMATION_OK"
12622,10403654227,10403654274,1,"IOTHUB_CLIENT_CONFIRMATION_OK"
12623,10403654427,10403654463,1,"IOTHUB_CLIENT_CONFIRMATION_OK"
12624,10403654627,10403654662,1,"IOTHUB_CLIENT_CONFIRMATION_OK"
12625,10403654827,10403654863,1,"IOTHUB_CLIENT_CONFIRMATION_OK"
12626,10403655027,10403655066,1,"IOTHUB_CLIENT_CONFIRMATION_OK"
12627,10403655227,10403655261,1,"IOTHUB_CLIENT_CONFIRMATION_OK"
12628,10403655427,10403655475,1,"IOTHUB_CLIENT_CONFIRMATION_OK"
12629,10403655628,10403655658,1,"IOTHUB_CLIENT_CONFIRMATION_OK"
12630,10403655828,10403655863,1,"IOTHUB_CLIENT_CONFIRMATION_OK"
12631,10403656028,10403656087,1,"IOTHUB_CLIENT_CONFIRMATION_OK"
12632,10403656228,10403656262,1,"IOTHUB_CLIENT_CONFIRMATION_OK"
12633,10403656428,10403656489,1,"IOTHUB_CLIENT_CONFIRMATION_OK"
12634,10403656628,10403656671,1,"IOTHUB_CLIENT_CONFIRMATION_OK"
12635,10403656829,10403656860,1,"IOTHUB_CLIENT_CONFIRMATION_OK"
12636,10403657029,10403657100,1,"IOTHUB_CLIENT_CONFIRMATION_OK"
12637,10403657229,10403657259,1,"IOTHUB_CLIENT_CONFIRMATION_OK"
12638,10403657429,10403657463,1,"IOTHUB_CLIENT_CONFIRMATION_OK"
12639,10403657629,10403657663,1,"IOTHUB_CLIENT_CONFIRMATION_OK"
12640,10403657829,10403657861,1,"IOTHUB_CLIENT_CONFIRMATION_OK"
12641,10403658029,10403658112,1,"IOTHUB_CLIENT_CONFIRMATION_OK"
12642,10403658230,10403658259,1,"IOTHUB_CLIENT_CONFIRMATION_OK"
12643,10403658430,10403658466,1,"IOTHUB_CLIENT_CONFIRMATION_OK"
12644,10403658630,10403658679,1,"IOTHUB_CLIENT_CONFIRMATION_OK"
12645,10403658830,10403658863,1,"IOTHUB_CLIENT_CONFIRMATION_OK"
12646,10403659030,10403659152,1,"IOTHUB_CLIENT_CONFIRMATION_OK"
12647,10403659230,10403659261,1,"IOTHUB_CLIENT_CONFIRMATION_OK"
12648,10403659430,10403659484,1,"IOTHUB_CLIENT_CONFIRMATION_OK"
12649,10403659631,10403659668,1,"IOTHUB_CLIENT_CONFIRMATION_OK"
12650,10403659831,10403659870,1,"IOTHUB_CLIENT_CONFIRMATION_OK"
12651,10403660031,10403660172,1,"IOTHUB_CLIENT_CONFIRMATION_OK"
12652,10403660231,10403660263,1,"IOTHUB_CLIENT_CONFIRMATION_OK"
12653,10403660431,10403660463,1,"IOTHUB_CLIENT_CONFIRMATION_OK"
12654,10403660631,10403660676,1,"IOTHUB_CLIENT_CONFIRMATION_OK"
12655,10403660832,10403660864,1,"IOTHUB_CLIENT_CONFIRMATION_OK"
12656,10403661032,10403661062,1,"IOTHUB_CLIENT_CONFIRMATION_OK"
12657,10403661232,10403661262,1,"IOTHUB_CLIENT_CONFIRMATION_OK"
12658,10403661432,10403661464,1,"IOTHUB_CLIENT_CONFIRMATION_OK"
12659,10403661632,10403661828,1,"IOTHUB_CLIENT_CONFIRMATION_OK"
12660,10403661832,10403661875,1,"IOTHUB_CLIENT_CONFIRMATION_OK"
12661,10403662033,10403662073,1,"IOTHUB_CLIENT_CONFIRMATION_OK"
12662,10403662233,10403662265,1,"IOTHUB_CLIENT_CONFIRMATION_OK"
12663,10403662433,10403662466,1,"IOTHUB_CLIENT_CONFIRMATION_OK"
12664,10403662633,10403662855,1,"IOTHUB_CLIENT_CONFIRMATION_OK"
12665,10403662833,10403662897,1,"IOTHUB_CLIENT_CONFIRMATION_OK"
12666,10403663033,10403663061,1,"IOTHUB_CLIENT_CONFIRMATION_OK"
12667,10403663233,10403663273,1,"IOTHUB_CLIENT_CONFIRMATION_OK"
12668,10403663434,10403663480,1,"IOTHUB_CLIENT_CONFIRMATION_OK"
12669,10403663634,10403663687,1,"IOTHUB_CLIENT_CONFIRMATION_OK"
12670,10403663834,10403663881,1,"IOTHUB_CLIENT_CONFIRMATION_OK"
12671,10403664034,10403664071,1,"IOTHUB_CLIENT_CONFIRMATION_OK"
12672,10403664234,10403664291,1,"IOTHUB_CLIENT_CONFIRMATION_OK"
12673,10403664434,10403664471,1,"IOTHUB_CLIENT_CONFIRMATION_OK"
12674,10403664635,10403664678,1,"IOTHUB_CLIENT_CONFIRMATION_OK"
12675,10403664835,10403664922,1,"IOTHUB_CLIENT_CONFIRMATION_OK"
12676,10403665035,10403665066,1,"IOTHUB_CLIENT_CONFIRMATION_OK"
12677,10403665235,10403665323,1,"IOTHUB_CLIENT_CONFIRMATION_OK"
12678,10403665435,10403665473,1,"IOTHUB_CLIENT_CONFIRMATION_OK"
12679,10403665635,10403665682,1,"IOTHUB_CLIENT_CONFIRMATION_OK"
12680,10403665836,10403665938,1,"IOTHUB_CLIENT_CONFIRMATION_OK"
12681,10403666036,10403666064,1,"IOTHUB_CLIENT_CONFIRMATION_OK"
12682,10403666236,10403666289,1,"IOTHUB_CLIENT_CONFIRMATION_OK"
12683,10403666436,10403666468,1,"IOTHUB_CLIENT_CONFIRMATION_OK"
12684,10403666636,10403666672,1,"IOTHUB_CLIENT_CONFIRMATION_OK"
12685,10403666836,10403666959,1,"IOTHUB_CLIENT_CONFIRMATION_OK"
12686,10403667037,10403667077,1,"IOTHUB_CLIENT_CONFIRMATION_OK"
12687,10403667237,10403667264,1,"IOTHUB_CLIENT_CONFIRMATION_OK"
12688,10403667437,10403667477,1,"IOTHUB_CLIENT_CONFIRMATION_OK"
12689,10403667637,10403667666,1,"IOTHUB_CLIENT_CONFIRMATION_OK"
12690,10403667837,10403667975,1,"IOTHUB_CLIENT_CONFIRMATION_OK"
12691,10403668037,10403668066,1,"IOTHUB_CLIENT_CONFIRMATION_OK"
12692,10403668237,10403668272,1,"IOTHUB_CLIENT_CONFIRMATION_OK"
12693,10403668438,10403668473,1,"IOTHUB_CLIENT_CONFIRMATION_OK"
12694,10403668638,10403668669,1,"IOTHUB_CLIENT_CONFIRMATION_OK"
12695,10403668838,10403668993,1,"IOTHUB_CLIENT_CONFIRMATION_OK"
12696,10403669038,10403669068,1,"IOTHUB_CLIENT_CONFIRMATION_OK"
12697,10403669238,10403669269,1,"IOTHUB_CLIENT_CONFIRMATION_OK"
12698,10403669438,10403669469,1,"IOTHUB_CLIENT_CONFIRMATION_OK"
12699,10403669639,10403669677,1,"IOTHUB_CLIENT_CONFIRMATION_OK"
12700,10403669839,10403669873,1,"IOTHUB_CLIENT_CONFIRMATION_OK"
12701,10403670039,10403670072,1,"IOTHUB_CLIENT_CONFIRMATION_OK"
12702,10403670239,10403670297,1,"IOTHUB_CLIENT_CONFIRMATION_OK"
12703,10403670439,10403670508,1,"IOTHUB_CLIENT_CONFIRMATION_OK"
12704,10403670639,10403670672,1,"IOTHUB_CLIENT_CONFIRMATION_OK"
12705,10403670840,10403670901,1,"IOTHUB_CLIENT_CONFIRMATION_OK"
12706,10403671040,10403671106,1,"IOTHUB_CLIENT_CONFIRMATION_OK"
12707,10403671240,10403671278,1,"IOTHUB_CLIENT_CONFIRMATION_OK"
12708,10403671440,10403671501,1,"IOTHUB_CLIENT_CONFIRMATION_OK"
12709,10403671640,10403671676,1,"IOTHUB_CLIENT_CONFIRMATION_OK"
12710,10403671840,10403671875,1,"IOTHUB_CLIENT_CONFIRMATION_OK"
12711,10403672041,10403672217,1,"IOTHUB_CLIENT_CONFIRMATION_OK"
12712,10403672241,10403672274,1,"IOTHUB_CLIENT_CONFIRMATION_OK"
12713,10403672441,10403672472,1,"IOTHUB_CLIENT_CONFIRMATION_OK"
12714,10403672641,10403672685,1,"IOTHUB_CLIENT_CONFIRMATION_OK"
12715,10403672841,10403672873,1,"IOTHUB_CLIENT_CONFIRMATION_OK"
12716,10403673041,10403673073,1,"IOTHUB_CLIENT_CONFIRMATION_OK"
12717,10403673242,10403673272,1,"IOTHUB_CLIENT_CONFIRMATION_OK"
12718,10403673442,10403673477,1,"IOTHUB_CLIENT_CONFIRMATION_OK"
12719,10403673642,10403673677,1,"IOTHUB_CLIENT_CONFIRMATION_OK"
12720,10403673842,10403673884,1,"IOTHUB_CLIENT_CONFIRMATION_OK"
12721,10403674042,10403674271,1,"IOTHUB_CLIENT_CONFIRMATION_OK"
12722,10403674242,10403674301,1,"IOTHUB_CLIENT_CONFIRMATION_OK"
12723,10403674443,10403674482,1,"IOTHUB_CLIENT_CONFIRMATION_OK"
12724,10403674643,10403674680,1,"IOTHUB_CLIENT_CONFIRMATION_OK"
12725,10403674843,10403674884,1,"IOTHUB_CLIENT_CONFIRMATION_OK"
12726,10403675043,10403675269,1,"IOTHUB_CLIENT_CONFIRMATION_OK"
12727,10403675243,10403675291,1,"IOTHUB_CLIENT_CONFIRMATION_OK"
12728,10403675443,10403675571,1,"IOTHUB_CLIENT_CONFIRMATION_OK"
12729,10403675644,10403675786,1,"IOTHUB_CLIENT_CONFIRMATION_OK"
12730,10403675844,10403675874,1,"IOTHUB_CLIENT_CONFIRMATION_OK"
12731,10403676044,10403676085,1,"IOTHUB_CLIENT_CONFIRMATION_OK"
12732,10403676244,10403676279,1,"IOTHUB_CLIENT_CONFIRMATION_OK"
12733,10403676444,10403676491,1,"IOTHUB_CLIENT_CONFIRMATION_OK"
12734,10403676644,10403676833,1,"IOTHUB_CLIENT_CONFIRMATION_OK"
12735,10403676844,10403676878,1,"IOTHUB_CLIENT_CONFIRMATION_OK"
12736,10403677045,10403677080,1,"IOTHUB_CLIENT_CONFIRMATION_OK"
12737,10403677245,10403677275,1,"IOTHUB_CLIENT_CONFIRMATION_OK"
12738,10403677445,10403677480,1,"IOTHUB_CLIENT_CONFIRMATION_OK"
12739,10403677645,10403677833,1,"IOTHUB_CLIENT_CONFIRMATION_OK"
12740,10403677845,10403677944,1,"IOTHUB_CLIENT_CONFIRMATION_OK"
12741,10403678045,10403678075,1,"IOTHUB_CLIENT_CONFIRMATION_OK"
12742,10403678246,10403678276,1,"IOTHUB_CLIENT_CONFIRMATION_OK"
12743,10403678446,10403678486,1,"IOTHUB_CLIENT_CONFIRMATION_OK"
12744,10403678646,10403678679,1,"IOTHUB_CLIENT_CONFIRMATION_OK"
12745,10403678846,10403678903,1,"IOTHUB_CLIENT_CONFIRMATION_OK"
12746,10403679046,10403679084,1,"IOTHUB_CLIENT_CONFIRMATION_OK"
12747,10403679246,10403679287,1,"IOTHUB_CLIENT_CONFIRMATION_OK"
12748,10403679446,10403679481,1,"IOTHUB_CLIENT_CONFIRMATION_OK"
12749,10403679647,10403679682,1,"IOTHUB_CLIENT_CONFIRMATION_OK"
12750,10403679847,10403679912,1,"IOTHUB_CLIENT_CONFIRMATION_OK"
12751,10403680047,10403680076,1,"IOTHUB_CLIENT_CONFIRMATION_OK"
12752,10403680247,10403680378,1,"IOTHUB_CLIENT_CONFIRMATION_OK"
12753,10403680447,10403680480,1,"IOTHUB_CLIENT_CONFIRMATION_OK"
12754,10403680647,10403680688,1,"IOTHUB_CLIENT_CONFIRMATION_OK"
12755,10403680848,10403680965,1,"IOTHUB_CLIENT_CONFIRMATION_OK"
12756,10403681048,10403681080,1,"IOTHUB_CLIENT_CONFIRMATION_OK"
12757,10403681248,10403681281,1,"IOTHUB_CLIENT_CONFIRMATION_OK"
12758,10403681448,10403681486,1,"IOTHUB_CLIENT_CONFIRMATION_OK"
12759,10403681648,10403681685,1,"IOTHUB_CLIENT_CONFIRMATION_OK"
12760,10403681848,10403681984,1,"IOTHUB_CLIENT_CONFIRMATION_OK"
12761,10403682048,10403682085,1,"IOTHUB_CLIENT_CONFIRMATION_OK"
12762,10403682249,10403682293,1,"IOTHUB_CLIENT_CONFIRMATION_OK"
12763,10403682449,10403682493,1,"IOTHUB_CLIENT_CONFIRMATION_OK"
12764,10403682649,10403682689,1,"IOTHUB_CLIENT_CONFIRMATION_OK"
12765,10403682849,10403682996,1,"IOTHUB_CLIENT_CONFIRMATION_OK"
12766,10403683049,10403683095,1,"IOTHUB_CLIENT_CONFIRMATION_OK"
12767,10403683249,10403683287,1,"IOTHUB_CLIENT_CONFIRMATION_OK"
12768,10403683450,10403683488,1,"IOTHUB_CLIENT_CONFIRMATION_OK"
12769,10403683650,10403683691,1,"IOTHUB_CLIENT_CONFIRMATION_OK"
12770,10403683850,10403684044,1,"IOTHUB_CLIENT_CONFIRMATION_OK"
12771,10403684050,10403684101,1,"IOTHUB_CLIENT_CONFIRMATION_OK"
12772,10403684250,10403684292,1,"IOTHUB_CLIENT_CONFIRMATION_OK"
12773,10403684450,10403684487,1,"IOTHUB_CLIENT_CONFIRMATION_OK"
12774,10403684651,10403684687,1,"IOTHUB_CLIENT_CONFIRMATION_OK"
12775,10403684851,10403684886,1,"IOTHUB_CLIENT_CONFIRMATION_OK"
12776,10403685051,10403685087,1,"IOTHUB_CLIENT_CONFIRMATION_OK"
12777,10403685251,10403685285,1,"IOTHUB_CLIENT_CONFIRMATION_OK"
12778,10403685451,10403685491,1,"IOTHUB_CLIENT_CONFIRMATION_OK"
12779,10403685651,10403685686,1,"IOTHUB_CLIENT_CONFIRMATION_OK"
12780,10403685851,10403685885,1,"IOTHUB_CLIENT_CONFIRMATION_OK"
12781,10403686052,10403686095,1,"IOTHUB_CLIENT_CONFIRMATION_OK"
12782,10403686252,10403686284,1,"IOTHUB_CLIENT_CONFIRMATION_OK"
12783,10403686452,10403686510,1,"IOTHUB_CLIENT_CONFIRMATION_OK"
12784,10403686652,10403686686,1,"IOTHUB_CLIENT_CONFIRMATION_OK"
12785,10403686852,10403686893,1,"IOTHUB_CLIENT_CONFIRMATION_OK"
12786,10403687052,10403687101,1,"IOTHUB_CLIENT_CONFIRMATION_OK"
12787,10403687253,10403687289,1,"IOTHUB_CLIENT_CONFIRMATION_OK"
12788,10403687453,10403687487,1,"IOTHUB_CLIENT_CONFIRMATION_OK"
12789,10403687653,10403687691,1,"IOTHUB_CLIENT_CONFIRMATION_OK"
12790,10403687853,10403687896,1,"IOTHUB_CLIENT_CONFIRMATION_OK"
12791,10403688053,10403688132,1,"IOTHUB_CLIENT_CONFIRMATION_OK"
12792,10403688253,10403688344,1,"IOTHUB_CLIENT_CONFIRMATION_OK"
12793,10403688453,10403688485,1,"IOTHUB_CLIENT_CONFIRMATION_OK"
12794,10403688654,10403688685,1,"IOTHUB_CLIENT_CONFIRMATION_OK"
12795,10403688854,10403688891,1,"IOTHUB_CLIENT_CONFIRMATION_OK"
12796,10403689054,10403689192,1,"IOTHUB_CLIENT_CONFIRMATION_OK"
12797,10403689254,10403689285,1,"IOTHUB_CLIENT_CONFIRMATION_OK"
12798,10403689454,10403689491,1,"IOTHUB_CLIENT_CONFIRMATION_OK"
12799,10403689654,10403689693,1,"IOTHUB_CLIENT_CONFIRMATION_OK"
12800,10403689855,10403689895,1,"IOTHUB_CLIENT_CONFIRMATION_OK"
12801,10403690055,10403690184,1,"IOTHUB_CLIENT_CONFIRMATION_OK"
12802,10403690255,10403690290,1,"IOTHUB_CLIENT_CONFIRMATION_OK"
12803,10403690455,10403690496,1,"IOTHUB_CLIENT_CONFIRMATION_OK"
12804,10403690655,10403690815,1,"IOTHUB_CLIENT_CONFIRMATION_OK"
12805,10403690855,10403690891,1,"IOTHUB_CLIENT_CONFIRMATION_OK"
12806,10403691056,10403691098,1,"IOTHUB_CLIENT_CONFIRMATION_OK"
12807,10403691256,10403691294,1,"IOTHUB_CLIENT_CONFIRMATION_OK"
12808,10403691456,10403691496,1,"IOTHUB_CLIENT_CONFIRMATION_OK"
12809,10403691656,10403691713,1,"IOTHUB_CLIENT_CONFIRMATION_OK"
12810,10403691856,10403691894,1,"IOTHUB_CLIENT_CONFIRMATION_OK"
12811,10403692056,10403692095,1,"IOTHUB_CLIENT_CONFIRMATION_OK"
12812,10403692256,10403692322,1,"IOTHUB_CLIENT_CONFIRMATION_OK"
12813,10403692457,10403692523,1,"IOTHUB_CLIENT_CONFIRMATION_OK"
12814,10403692657,10403692724,1,"IOTHUB_CLIENT_CONFIRMATION_OK"
12815,10403692857,10403692892,1,"IOTHUB_CLIENT_CONFIRMATION_OK"
12816,10403693057,10403693100,1,"IOTHUB_CLIENT_CONFIRMATION_OK"
12817,10403693257,10403693352,1,"IOTHUB_CLIENT_CONFIRMATION_OK"
12818,10403693457,10403693495,1,"IOTHUB_CLIENT_CONFIRMATION_OK"
12819,10403693658,10403693704,1,"IOTHUB_CLIENT_CONFIRMATION_OK"
12820,10403693858,10403693894,1,"IOTHUB_CLIENT_CONFIRMATION_OK"
12821,10403694058,10403694090,1,"IOTHUB_CLIENT_CONFIRMATION_OK"
12822,10403694258,10403694370,1,"IOTHUB_CLIENT_CONFIRMATION_OK"
12823,10403694458,10403694490,1,"IOTHUB_CLIENT_CONFIRMATION_OK"
12824,10403694658,10403694692,1,"IOTHUB_CLIENT_CONFIRMATION_OK"
12825,10403694859,10403694897,1,"IOTHUB_CLIENT_CONFIRMATION_OK"
12826,10403695059,10403695090,1,"IOTHUB_CLIENT_CONFIRMATION_OK"
12827,10403695259,10403695434,1,"IOTHUB_CLIENT_CONFIRMATION_OK"
12828,10403695459,10403695491,1,"IOTHUB_CLIENT_CONFIRMATION_OK"
12829,10403695659,10403695705,1,"IOTHUB_CLIENT_CONFIRMATION_OK"
12830,10403695859,10403695903,1,"IOTHUB_CLIENT_CONFIRMATION_OK"
12831,10403696060,10403696095,1,"IOTHUB_CLIENT_CONFIRMATION_OK"
12832,10403696260,10403696299,1,"IOTHUB_CLIENT_CONFIRMATION_OK"
12833,10403696460,10403696504,1,"IOTHUB_CLIENT_CONFIRMATION_OK"
12834,10403696660,10403696707,1,"IOTHUB_CLIENT_CONFIRMATION_OK"
12835,10403696860,10403696895,1,"IOTHUB_CLIENT_CONFIRMATION_OK"
12836,10403697060,10403697119,1,"IOTHUB_CLIENT_CONFIRMATION_OK"
12837,10403697260,10403697292,1,"IOTHUB_CLIENT_CONFIRMATION_OK"
12838,10403697461,10403697524,1,"IOTHUB_CLIENT_CONFIRMATION_OK"
12839,10403697661,10403697707,1,"IOTHUB_CLIENT_CONFIRMATION_OK"
12840,10403697861,10403697942,1,"IOTHUB_CLIENT_CONFIRMATION_OK"
12841,10403698061,10403698110,1,"IOTHUB_CLIENT_CONFIRMATION_OK"
12842,10403698261,10403698292,1,"IOTHUB_CLIENT_CONFIRMATION_OK"
12843,10403698461,10403698560,1,"IOTHUB_CLIENT_CONFIRMATION_OK"
12844,10403698662,10403698697,1,"IOTHUB_CLIENT_CONFIRMATION_OK"
12845,10403698862,10403699073,1,"IOTHUB_CLIENT_CONFIRMATION_OK"
12846,10403699062,10403699098,1,"IOTHUB_CLIENT_CONFIRMATION_OK"
12847,10403699262,10403699297,1,"IOTHUB_CLIENT_CONFIRMATION_OK"
12848,10403699462,10403699503,1,"IOTHUB_CLIENT_CONFIRMATION_OK"
12849,10403699662,10403699726,1,"IOTHUB_CLIENT_CONFIRMATION_OK"
12850,10403699863,10403699911,1,"IOTHUB_CLIENT_CONFIRMATION_OK"
12851,10403700063,10403700097,1,"IOTHUB_CLIENT_CONFIRMATION_OK"
12852,10403700263,10403700311,1,"IOTHUB_CLIENT_CONFIRMATION_OK"
12853,10403700463,10403700503,1,"IOTHUB_CLIENT_CONFIRMATION_OK"
12854,10403700663,10403700694,1,"IOTHUB_CLIENT_CONFIRMATION_OK"
12855,10403700863,10403700969,1,"IOTHUB_CLIENT_CONFIRMATION_OK"
12856,10403701063,10403701099,1,"IOTHUB_CLIENT_CONFIRMATION_OK"
12857,10403701264,10403701299,1,"IOTHUB_CLIENT_CONFIRMATION_OK"
12858,10403701464,10403701505,1,"IOTHUB_CLIENT_CONFIRMATION_OK"
12859,10403701664,10403701699,1,"IOTHUB_CLIENT_CONFIRMATION_OK"
12860,10403701864,10403701958,1,"IOTHUB_CLIENT_CONFIRMATION_OK"
12861,10403702064,10403702179,1,"IOTHUB_CLIENT_CONFIRMATION_OK"
12862,10403702264,10403702301,1,"IOTHUB_CLIENT_CONFIRMATION_OK"
12863,10403702465,10403702508,1,"IOTHUB_CLIENT_CONFIRMATION_OK"
12864,10403702665,10403702696,1,"IOTHUB_CLIENT_CONFIRMATION_OK"
12865,10403702865,10403702902,1,"IOTHUB_CLIENT_CONFIRMATION_OK"
12866,10403703065,10403703196,1,"IOTHUB_CLIENT_CONFIRMATION_OK"
12867,10403703265,10403703299,1,"IOTHUB_CLIENT_CONFIRMATION_OK"
12868,10403703465,10403703501,1,"IOTHUB_CLIENT_CONFIRMATION_OK"
12869,10403703666,10403703705,1,"IOTHUB_CLIENT_CONFIRMATION_OK"
12870,10403703866,10403703906,1,"IOTHUB_CLIENT_CONFIRMATION_OK"
12871,10403704066,10403704239,1,"IOTHUB_CLIENT_CONFIRMATION_OK"
12872,10403704266,10403704302,1,"IOTHUB_CLIENT_CONFIRMATION_OK"
12873,10403704466,10403704502,1,"IOTHUB_CLIENT_CONFIRMATION_OK"
12874,10403704666,10403704701,1,"IOTHUB_CLIENT_CONFIRMATION_OK"
12875,10403704866,10403704902,1,"IOTHUB_CLIENT_CONFIRMATION_OK"
12876,10403705067,10403705214,1,"IOTHUB_CLIENT_CONFIRMATION_OK"
12877,10403705267,10403705311,1,"IOTHUB_CLIENT_CONFIRMATION_OK"
12878,10403705467,10403705501,1,"IOTHUB_CLIENT_CONFIRMATION_OK"
12879,10403705667,10403705702,1,"IOTHUB_CLIENT_CONFIRMATION_OK"
12880,10403705867,10403705906,1,"IOTHUB_CLIENT_CONFIRMATION_OK"
12881,10403706067,10403706104,1,"IOTHUB_CLIENT_CONFIRMATION_OK"
12882,10403706268,10403706305,1,"IOTHUB_CLIENT_CONFIRMATION_OK"
12883,10403706468,10403706501,1,"IOTHUB_CLIENT_CONFIRMATION_OK"
12884,10403706668,10403706863,1,"IOTHUB_CLIENT_CONFIRMATION_OK"
12885,10403706868,10403706906,1,"IOTHUB_CLIENT_CONFIRMATION_OK"
12886,10403707068,10403707103,1,"IOTHUB_CLIENT_CONFIRMATION_OK"
12887,10403707268,10403707330,1,"IOTHUB_CLIENT_CONFIRMATION_OK"
12888,10403707469,10403707511,1,"IOTHUB_CLIENT_CONFIRMATION_OK"
12889,10403707669,10403707757,1,"IOTHUB_CLIENT_CONFIRMATION_OK"
12890,10403707869,10403707907,1,"IOTHUB_CLIENT_CONFIRMATION_OK"
12891,10403708069,10403708105,1,"IOTHUB_CLIENT_CONFIRMATION_OK"
12892,10403708269,10403708355,1,"IOTHUB_CLIENT_CONFIRMATION_OK"
12893,10403708469,10403708516,1,"IOTHUB_CLIENT_CONFIRMATION_OK"
12894,10403708669,10403708707,1,"IOTHUB_CLIENT_CONFIRMATION_OK"
12895,10403708870,10403708911,1,"IOTHUB_CLIENT_CONFIRMATION_OK"
12896,10403709070,10403709106,1,"IOTHUB_CLIENT_CONFIRMATION_OK"
12897,10403709270,10403709372,1,"IOTHUB_CLIENT_CONFIRMATION_OK"
12898,10403709470,10403709504,1,"IOTHUB_CLIENT_CONFIRMATION_OK"
12899,10403709670,10403709702,1,"IOTHUB_CLIENT_CONFIRMATION_OK"
12900,10403709870,10403709911,1,"IOTHUB_CLIENT_CONFIRMATION_OK"
12901,10403710071,10403710101,1,"IOTHUB_CLIENT_CONFIRMATION_OK"
12902,10403710271,10403710408,1,"IOTHUB_CLIENT_CONFIRMATION_OK"
12903,10403710471,10403710503,1,"IOTHUB_CLIENT_CONFIRMATION_OK"
12904,10403710671,10403710701,1,"IOTHUB_CLIENT_CONFIRMATION_OK"
12905,10403710871,10403711100,1,"IOTHUB_CLIENT_CONFIRMATION_OK"
12906,10403711071,10403711118,1,"IOTHUB_CLIENT_CONFIRMATION_OK"
12907,10403711272,10403711306,1,"IOTHUB_CLIENT_CONFIRMATION_OK"
12908,10403711472,10403711516,1,"IOTHUB_CLIENT_CONFIRMATION_OK"
12909,10403711672,10403711707,1,"IOTHUB_CLIENT_CONFIRMATION_OK"
12910,10403711872,10403711907,1,"IOTHUB_CLIENT_CONFIRMATION_OK"
12911,10403712072,10403712103,1,"IOTHUB_CLIENT_CONFIRMATION_OK"
12912,10403712272,10403712307,1,"IOTHUB_CLIENT_CONFIRMATION_OK"
12913,10403712473,10403712531,1,"IOTHUB_CLIENT_CONFIRMATION_OK"
12914,10403712673,10403712706,1,"IOTHUB_CLIENT_CONFIRMATION_OK"
12915,10403712873,10403712929,1,"IOTHUB_CLIENT_CONFIRMATION_OK"
12916,10403713073,10403713109,1,"IOTHUB_CLIENT_CONFIRMATION_OK"
12917,10403713273,10403713312,1,"IOTHUB_CLIENT_CONFIRMATION_OK"
12918,10403713473,10403713554,1,"IOTHUB_CLIENT_CONFIRMATION_OK"
12919,10403713673,10403713708,1,"IOTHUB_CLIENT_CONFIRMATION_OK"
12920,10403713874,10403713995,1,"IOTHUB_CLIENT_CONFIRMATION_OK"
12921,10403714074,10403714107,1,"IOTHUB_CLIENT_CONFIRMATION_OK"
12922,10403714274,10403714310,1,"IOTHUB_CLIENT_CONFIRMATION_OK"
12923,10403714474,10403714508,1,"IOTHUB_CLIENT_CONFIRMATION_OK"
12924,10403714674,10403714705,1,"IOTHUB_CLIENT_CONFIRMATION_OK"
12925,10403714874,10403714918,1,"IOTHUB_CLIENT_CONFIRMATION_OK"
12926,10403715075,10403715111,1,"IOTHUB_CLIENT_CONFIRMATION_OK"
12927,10403715275,10403715309,1,"IOTHUB_CLIENT_CONFIRMATION_OK"
12928,10403715475,10403715652,1,"IOTHUB_CLIENT_CONFIRMATION_OK"
12929,10403715675,10403715715,1,"IOTHUB_CLIENT_CONFIRMATION_OK"
12930,10403715875,10403715908,1,"IOTHUB_CLIENT_CONFIRMATION_OK"
12931,10403716075,10403716118,1,"IOTHUB_CLIENT_CONFIRMATION_OK"
12932,10403716276,10403716318,1,"IOTHUB_CLIENT_CONFIRMATION_OK"
12933,10403716476,10403716681,1,"IOTHUB_CLIENT_CONFIRMATION_OK"
12934,10403716676,10403716719,1,"IOTHUB_CLIENT_CONFIRMATION_OK"
12935,10403716876,10403716935,1,"IOTHUB_CLIENT_CONFIRMATION_OK"
12936,10403717076,10403717164,1,"IOTHUB_CLIENT_CONFIRMATION_OK"
12937,10403717276,10403717308,1,"IOTHUB_CLIENT_CONFIRMATION_OK"
12938,10403717477,10403717520,1,"IOTHUB_CLIENT_CONFIRMATION_OK"
12939,10403717677,10403717713,1,"IOTHUB_CLIENT_CONFIRMATION_OK"
12940,10403717877,10403717921,1,"IOTHUB_CLIENT_CONFIRMATION_OK"
12941,10403718077,10403718148,1,"IOTHUB_CLIENT_CONFIRMATION_OK"
12942,10403718277,10403718314,1,"IOTHUB_CLIENT_CONFIRMATION_OK"
12943,10403718477,10403718510,1,"IOTHUB_CLIENT_CONFIRMATION_OK"
12944,10403718677,10403718763,1,"IOTHUB_CLIENT_CONFIRMATION_OK"
12945,10403718878,10403718924,1,"IOTHUB_CLIENT_CONFIRMATION_OK"
12946,10403719078,10403719163,1,"IOTHUB_CLIENT_CONFIRMATION_OK"
12947,10403719278,10403719320,1,"IOTHUB_CLIENT_CONFIRMATION_OK"
12948,10403719478,10403719513,1,"IOTHUB_CLIENT_CONFIRMATION_OK"
12949,10403719678,10403719781,1,"IOTHUB_CLIENT_CONFIRMATION_OK"
12950,10403719878,10403719912,1,"IOTHUB_CLIENT_CONFIRMATION_OK"
12951,10403720079,10403720164,1,"IOTHUB_CLIENT_CONFIRMATION_OK"
12952,10403720279,10403720334,1,"IOTHUB_CLIENT_CONFIRMATION_OK"
12953,10403720479,10403720512,1,"IOTHUB_CLIENT_CONFIRMATION_OK"
12954,10403720679,10403720787,1,"IOTHUB_CLIENT_CONFIRMATION_OK"
12955,10403720879,10403720925,1,"IOTHUB_CLIENT_CONFIRMATION_OK"
12956,10403721079,10403721119,1,"IOTHUB_CLIENT_CONFIRMATION_OK"
12957,10403721280,10403721317,1,"IOTHUB_CLIENT_CONFIRMATION_OK"
12958,10403721480,10403721512,1,"IOTHUB_CLIENT_CONFIRMATION_OK"
12959,10403721680,10403721802,1,"IOTHUB_CLIENT_CONFIRMATION_OK"
12960,10403721880,10403721914,1,"IOTHUB_CLIENT_CONFIRMATION_OK"
12961,10403722080,10403722109,1,"IOTHUB_CLIENT_CONFIRMATION_OK"
12962,10403722280,10403722419,1,"IOTHUB_CLIENT_CONFIRMATION_OK"
12963,10403722481,10403722530,1,"IOTHUB_CLIENT_CONFIRMATION_OK"
12964,10403722681,10403722827,1,"IOTHUB_CLIENT_CONFIRMATION_OK"
12965,10403722881,10403722919,1,"IOTHUB_CLIENT_CONFIRMATION_OK"
12966,10403723081,10403723119,1,"IOTHUB_CLIENT_CONFIRMATION_OK"
12967,10403723281,10403723317,1,"IOTHUB_CLIENT_CONFIRMATION_OK"
12968,10403723481,10403723515,1,"IOTHUB_CLIENT_CONFIRMATION_OK"
12969,10403723682,10403723720,1,"IOTHUB_CLIENT_CONFIRMATION_OK"
12970,10403723882,10403723918,1,"IOTHUB_CLIENT_CONFIRMATION_OK"
12971,10403724082,10403724120,1,"IOTHUB_CLIENT_CONFIRMATION_OK"
12972,10403724282,10403724321,1,"IOTHUB_CLIENT_CONFIRMATION_OK"
12973,10403724482,10403724528,1,"IOTHUB_CLIENT_CONFIRMATION_OK"
12974,10403724682,10403724716,1,"IOTHUB_CLIENT_CONFIRMATION_OK"
12975,10403724883,10403724930,1,"IOTHUB_CLIENT_CONFIRMATION_OK"
12976,10403725083,10403725120,1,"IOTHUB_CLIENT_CONFIRMATION_OK"
12977,10403725283,10403725435,1,"IOTHUB_CLIENT_CONFIRMATION_OK"
12978,10403725483,10403725521,1,"IOTHUB_CLIENT_CONFIRMATION_OK"
12979,10403725683,10403725719,1,"IOTHUB_CLIENT_CONFIRMATION_OK"
12980,10403725883,10403725964,1,"IOTHUB_CLIENT_CONFIRMATION_OK"
12981,10403726084,10403726114,1,"IOTHUB_CLIENT_CONFIRMATION_OK"
12982,10403726284,10403726313,1,"IOTHUB_CLIENT_CONFIRMATION_OK"
12983,10403726484,10403726515,1,"IOTHUB_CLIENT_CONFIRMATION_OK"
12984,10403726684,10403726727,1,"IOTHUB_CLIENT_CONFIRMATION_OK"
12985,10403726884,10403727010,1,"IOTHUB_CLIENT_CONFIRMATION_OK"
12986,10403727084,10403727120,1,"IOTHUB_CLIENT_CONFIRMATION_OK"
12987,10403727284,10403727318,1,"IOTHUB_CLIENT_CONFIRMATION_OK"
12988,10403727485,10403727519,1,"IOTHUB_CLIENT_CONFIRMATION_OK"
12989,10403727685,10403727724,1,"IOTHUB_CLIENT_CONFIRMATION_OK"
12990,10403727885,10403728020,1,"IOTHUB_CLIENT_CONFIRMATION_OK"
12991,10403728085,10403728127,1,"IOTHUB_CLIENT_CONFIRMATION_OK"
12992,10403728285,10403728318,1,"IOTHUB_CLIENT_CONFIRMATION_OK"
12993,10403728485,10403728553,1,"IOTHUB_CLIENT_CONFIRMATION_OK"
12994,10403728686,10403728726,1,"IOTHUB_CLIENT_CONFIRMATION_OK"
12995,10403728886,10403729053,1,"IOTHUB_CLIENT_CONFIRMATION_OK"
12996,10403729086,10403729117,1,"IOTHUB_CLIENT_CONFIRMATION_OK"
12997,10403729286,10403729321,1,"IOTHUB_CLIENT_CONFIRMATION_OK"
12998,10403729486,10403729518,1,"IOTHUB_CLIENT_CONFIRMATION_OK"
12999,10403729686,10403729722,1,"IOTHUB_CLIENT_CONFIRMATION_OK"
13000,10403729887,10403729924,1,"IOTHUB_CLIENT_CONFIRMATION_OK"
13001,10403730087,10403730118,1,"IOTHUB_CLIENT_CONFIRMATION_OK"
13002,10403730287,10403730320,1,"IOTHUB_CLIENT_CONFIRMATION_OK"
13003,10403730487,10403730520,1,"IOTHUB_CLIENT_CONFIRMATION_OK"
13004,10403730687,10403730719,1,"IOTHUB_CLIENT_CONFIRMATION_OK"
13005,10403730887,10403730924,1,"IOTHUB_CLIENT_CONFIRMATION_OK"
13006,10403731087,10403731125,1,"IOTHUB_CLIENT_CONFIRMATION_OK"
13007,10403731288,10403731322,1,"IOTHUB_CLIENT_CONFIRMATION_OK"
13008,10403731488,10403731520,1,"IOTHUB_CLIENT_CONFIRMATION_OK"
13009,10403731688,10403731729,1,"IOTHUB_CLIENT_CONFIRMATION_OK"
13010,10403731888,10403731922,1,"IOTHUB_CLIENT_CONFIRMATION_OK"
13011,10403732088,10403732136,1,"IOTHUB_CLIENT_CONFIRMATION_OK"
13012,10403732288,10403732345,1,"IOTHUB_CLIENT_CONFIRMATION_OK"
13013,10403732489,10403732523,1,"IOTHUB_CLIENT_CONFIRMATION_OK"
13014,10403732689,10403732740,1,"IOTHUB_CLIENT_CONFIRMATION_OK"
13015,10403732889,10403732921,1,"IOTHUB_CLIENT_CONFIRMATION_OK"
13016,10403733089,10403733130,1,"IOTHUB_CLIENT_CONFIRMATION_OK"
13017,10403733289,10403733323,1,"IOTHUB_CLIENT_CONFIRMATION_OK"
13018,10403733489,10403733530,1,"IOTHUB_CLIENT_CONFIRMATION_OK"
13019,10403733689,10403733757,1,"IOTHUB_CLIENT_CONFIRMATION_OK"
13020,10403733890,10403733925,1,"IOTHUB_CLIENT_CONFIRMATION_OK"
13021,10403734090,10403734344,1,"IOTHUB_CLIENT_CONFIRMATION_OK"
13022,10403734290,10403734364,1,"IOTHUB_CLIENT_CONFIRMATION_OK"
13023,10403734490,10403734527,1,"IOTHUB_CLIENT_CONFIRMATION_OK"
13024,10403734690,10403734749,1,"IOTHUB_CLIENT_CONFIRMATION_OK"
13025,10403734890,10403734935,1,"IOTHUB_CLIENT_CONFIRMATION_OK"
13026,10403735091,10403735142,1,"IOTHUB_CLIENT_CONFIRMATION_OK"
13027,10403735291,10403735335,1,"IOTHUB_CLIENT_CONFIRMATION_OK"
13028,10403735491,10403735523,1,"IOTHUB_CLIENT_CONFIRMATION_OK"
13029,10403735691,10403735760,1,"IOTHUB_CLIENT_CONFIRMATION_OK"
13030,10403735891,10403735928,1,"IOTHUB_CLIENT_CONFIRMATION_OK"
13031,10403736091,10403736127,1,"IOTHUB_CLIENT_CONFIRMATION_OK"
13032,10403736292,10403736359,1,"IOTHUB_CLIENT_CONFIRMATION_OK"
13033,10403736492,10403736522,1,"IOTHUB_CLIENT_CONFIRMATION_OK"
13034,10403736692,10403736804,1,"IOTHUB_CLIENT_CONFIRMATION_OK"
13035,10403736892,10403736937,1,"IOTHUB_CLIENT_CONFIRMATION_OK"
13036,10403737092,10403737144,1,"IOTHUB_CLIENT_CONFIRMATION_OK"
13037,10403737292,10403737329,1,"IOTHUB_CLIENT_CONFIRMATION_OK"
13038,10403737493,10403737524,1,"IOTHUB_CLIENT_CONFIRMATION_OK"
13039,10403737693,10403737815,1,"IOTHUB_CLIENT_CONFIRMATION_OK"
13040,10403737893,10403737920,1,"IOTHUB_CLIENT_CONFIRMATION_OK"
13041,10403738093,10403738124,1,"IOTHUB_CLIENT_CONFIRMATION_OK"
13042,10403738293,10403738329,1,"IOTHUB_CLIENT_CONFIRMATION_OK"
13043,10403738493,10403738534,1,"IOTHUB_CLIENT_CONFIRMATION_OK"
13044,10403738693,10403738759,1,"IOTHUB_CLIENT_CONFIRMATION_OK"
13045,10403738894,10403738928,1,"IOTHUB_CLIENT_CONFIRMATION_OK"
13046,10403739094,10403739126,1,"IOTHUB_CLIENT_CONFIRMATION_OK"
13047,10403739294,10403739457,1,"IOTHUB_CLIENT_CONFIRMATION_OK"
13048,10403739494,10403739525,1,"IOTHUB_CLIENT_CONFIRMATION_OK"
13049,10403739694,10403739735,1,"IOTHUB_CLIENT_CONFIRMATION_OK"
13050,10403739894,10403739935,1,"IOTHUB_CLIENT_CONFIRMATION_OK"
13051,10403740094,10403740133,1,"IOTHUB_CLIENT_CONFIRMATION_OK"
13052,10403740295,10403740460,1,"IOTHUB_CLIENT_CONFIRMATION_OK"
13053,10403740495,10403740523,1,"IOTHUB_CLIENT_CONFIRMATION_OK"
13054,10403740695,10403740729,1,"IOTHUB_CLIENT_CONFIRMATION_OK"
13055,10403740895,10403740931,1,"IOTHUB_CLIENT_CONFIRMATION_OK"
13056,10403741095,10403741131,1,"IOTHUB_CLIENT_CONFIRMATION_OK"
13057,10403741295,10403741489,1,"IOTHUB_CLIENT_CONFIRMATION_OK"
13058,10403741496,10403741530,1,"IOTHUB_CLIENT_CONFIRMATION_OK"
13059,10403741696,10403741728,1,"IOTHUB_CLIENT_CONFIRMATION_OK"
13060,10403741896,10403741936,1,"IOTHUB_CLIENT_CONFIRMATION_OK"
13061,10403742096,10403742137,1,"IOTHUB_CLIENT_CONFIRMATION_OK"
13062,10403742296,10403742325,1,"IOTHUB_CLIENT_CONFIRMATION_OK"
13063,10403742496,10403742574,1,"IOTHUB_CLIENT_CONFIRMATION_OK"
13064,10403742697,10403742729,1,"IOTHUB_CLIENT_CONFIRMATION_OK"
13065,10403742897,10403742931,1,"IOTHUB_CLIENT_CONFIRMATION_OK"
13066,10403743097,10403743134,1,"IOTHUB_CLIENT_CONFIRMATION_OK"
13067,10403743297,10403743329,1,"IOTHUB_CLIENT_CONFIRMATION_OK"
13068,10403743497,10403743536,1,"IOTHUB_CLIENT_CONFIRMATION_OK"
13069,10403743697,10403743734,1,"IOTHUB_CLIENT_CONFIRMATION_OK"
13070,10403743898,10403743934,1,"IOTHUB_CLIENT_CONFIRMATION_OK"
13071,10403744098,10403744134,1,"IOTHUB_CLIENT_CONFIRMATION_OK"
13072,10403744298,10403744333,1,"IOTHUB_CLIENT_CONFIRMATION_OK"
13073,10403744498,10403744536,1,"IOTHUB_CLIENT_CONFIRMATION_OK"
13074,10403744698,10403744735,1,"IOTHUB_CLIENT_CONFIRMATION_OK"
13075,10403744898,10403744931,1,"IOTHUB_CLIENT_CONFIRMATION_OK"
13076,10403745099,10403745156,1,"IOTHUB_CLIENT_CONFIRMATION_OK"
13077,10403745299,10403745335,1,"IOTHUB_CLIENT_CONFIRMATION_OK"
13078,10403745499,10403745554,1,"IOTHUB_CLIENT_CONFIRMATION_OK"
13079,10403745699,10403745735,1,"IOTHUB_CLIENT_CONFIRMATION_OK"
13080,10403745899,10403745929,1,"IOTHUB_CLIENT_CONFIRMATION_OK"
13081,10403746099,10403746161,1,"IOTHUB_CLIENT_CONFIRMATION_OK"
13082,10403746300,10403746334,1,"IOTHUB_CLIENT_CONFIRMATION_OK"
13083,10403746500,10403746566,1,"IOTHUB_CLIENT_CONFIRMATION_OK"
13084,10403746700,10403746733,1,"IOTHUB_CLIENT_CONFIRMATION_OK"
13085,10403746900,10403746933,1,"IOTHUB_CLIENT_CONFIRMATION_OK"
13086,10403747100,10403747198,1,"IOTHUB_CLIENT_CONFIRMATION_OK"
13087,10403747300,10403747361,1,"IOTHUB_CLIENT_CONFIRMATION_OK"
13088,10403747500,10403747538,1,"IOTHUB_CLIENT_CONFIRMATION_OK"
13089,10403747701,10403747734,1,"IOTHUB_CLIENT_CONFIRMATION_OK"
13090,10403747901,10403747947,1,"IOTHUB_CLIENT_CONFIRMATION_OK"
13091,10403748101,10403748213,1,"IOTHUB_CLIENT_CONFIRMATION_OK"
13092,10403748301,10403748338,1,"IOTHUB_CLIENT_CONFIRMATION_OK"
13093,10403748501,10403748532,1,"IOTHUB_CLIENT_CONFIRMATION_OK"
13094,10403748701,10403748744,1,"IOTHUB_CLIENT_CONFIRMATION_OK"
13095,10403748901,10403748964,1,"IOTHUB_CLIENT_CONFIRMATION_OK"
13096,10403749102,10403749230,1,"IOTHUB_CLIENT_CONFIRMATION_OK"
13097,10403749302,10403749334,1,"IOTHUB_CLIENT_CONFIRMATION_OK"
13098,10403749502,10403749536,1,"IOTHUB_CLIENT_CONFIRMATION_OK"
13099,10403749702,10403749771,1,"IOTHUB_CLIENT_CONFIRMATION_OK"
13100,10403749902,10403749939,1,"IOTHUB_CLIENT_CONFIRMATION_OK"
13101,10403750102,10403750232,1,"IOTHUB_CLIENT_CONFIRMATION_OK"
13102,10403750302,10403750332,1,"IOTHUB_CLIENT_CONFIRMATION_OK"
13103,10403750503,10403750554,1,"IOTHUB_CLIENT_CONFIRMATION_OK"
13104,10403750703,10403750849,1,"IOTHUB_CLIENT_CONFIRMATION_OK"
13105,10403750903,10403750938,1,"IOTHUB_CLIENT_CONFIRMATION_OK"
13106,10403751103,10403751139,1,"IOTHUB_CLIENT_CONFIRMATION_OK"
13107,10403751303,10403751333,1,"IOTHUB_CLIENT_CONFIRMATION_OK"
13108,10403751503,10403751538,1,"IOTHUB_CLIENT_CONFIRMATION_OK"
13109,10403751704,10403751879,1,"IOTHUB_CLIENT_CONFIRMATION_OK"
13110,10403751904,10403751939,1,"IOTHUB_CLIENT_CONFIRMATION_OK"
13111,10403752104,10403752144,1,"IOTHUB_CLIENT_CONFIRMATION_OK"
13112,10403752304,10403752335,1,"IOTHUB_CLIENT_CONFIRMATION_OK"
13113,10403752504,10403752536,1,"IOTHUB_CLIENT_CONFIRMATION_OK"
13114,10403752704,10403752906,1,"IOTHUB_CLIENT_CONFIRMATION_OK"
13115,10403752905,10403752939,1,"IOTHUB_CLIENT_CONFIRMATION_OK"
13116,10403753105,10403753141,1,"IOTHUB_CLIENT_CONFIRMATION_OK"
13117,10403753305,10403753339,1,"IOTHUB_CLIENT_CONFIRMATION_OK"
13118,10403753505,10403753539,1,"IOTHUB_CLIENT_CONFIRMATION_OK"
13119,10403753705,10403753737,1,"IOTHUB_CLIENT_CONFIRMATION_OK"
13120,10403753905,10403753942,1,"IOTHUB_CLIENT_CONFIRMATION_OK"
13121,10403754105,10403754137,1,"IOTHUB_CLIENT_CONFIRMATION_OK"
13122,10403754306,10403754338,1,"IOTHUB_CLIENT_CONFIRMATION_OK"
13123,10403754506,10403754540,1,"IOTHUB_CLIENT_CONFIRMATION_OK"
13124,10403754706,10403754745,1,"IOTHUB_CLIENT_CONFIRMATION_OK"
13125,10403754906,10403754975,1,"IOTHUB_CLIENT_CONFIRMATION_OK"
13126,10403755106,10403755134,1,"IOTHUB_CLIENT_CONFIRMATION_OK"
13127,10403755306,10403755380,1,"IOTHUB_CLIENT_CONFIRMATION_OK"
13128,10403755507,10403755536,1,"IOTHUB_CLIENT_CONFIRMATION_OK"
13129,10403755707,10403755752,1,"IOTHUB_CLIENT_CONFIRMATION_OK"
13130,10403755907,10403755994,1,"IOTHUB_CLIENT_CONFIRMATION_OK"
13131,10403756107,10403756151,1,"IOTHUB_CLIENT_CONFIRMATION_OK"
13132,10403756307,10403756345,1,"IOTHUB_CLIENT_CONFIRMATION_OK"
13133,10403756507,10403756540,1,"IOTHUB_CLIENT_CONFIRMATION_OK"
13134,10403756707,10403756744,1,"IOTHUB_CLIENT_CONFIRMATION_OK"
13135,10403756908,10403757047,1,"IOTHUB_CLIENT_CONFIRMATION_OK"
13136,10403757108,10403757153,1,"IOTHUB_CLIENT_CONFIRMATION_OK"
13137,10403757308,10403757346,1,"IOTHUB_CLIENT_CONFIRMATION_OK"
13138,10403757508,10403757545,1,"IOTHUB_CLIENT_CONFIRMATION_OK"
13139,10403757708,10403757744,1,"IOTHUB_CLIENT_CONFIRMATION_OK"
13140,10403757908,10403758102,1,"IOTHUB_CLIENT_CONFIRMATION_OK"
13141,10403758109,10403758143,1,"IOTHUB_CLIENT_CONFIRMATION_OK"
13142,10403758309,10403758341,1,"IOTHUB_CLIENT_CONFIRMATION_OK"
13143,10403758509,10403758544,1,"IOTHUB_CLIENT_CONFIRMATION_OK"
13144,10403758709,10403758742,1,"IOTHUB_CLIENT_CONFIRMATION_OK"
13145,10403758909,10403759111,1,"IOTHUB_CLIENT_CONFIRMATION_OK"
13146,10403759109,10403759151,1,"IOTHUB_CLIENT_CONFIRMATION_OK"
13147,10403759310,10403759350,1,"IOTHUB_CLIENT_CONFIRMATION_OK"
13148,10403759510,10403759555,1,"IOTHUB_CLIENT_CONFIRMATION_OK"
13149,10403759710,10403759767,1,"IOTHUB_CLIENT_CONFIRMATION_OK"
13150,10403759910,10403759941,1,"IOTHUB_CLIENT_CONFIRMATION_OK"
13151,10403760110,10403760171,1,"IOTHUB_CLIENT_CONFIRMATION_OK"
13152,10403760310,10403760345,1,"IOTHUB_CLIENT_CONFIRMATION_OK"
13153,10403760510,10403760546,1,"IOTHUB_CLIENT_CONFIRMATION_OK"
13154,10403760711,10403760821,1,"IOTHUB_CLIENT_CONFIRMATION_OK"
13155,10403760911,10403760949,1,"IOTHUB_CLIENT_CONFIRMATION_OK"
13156,10403761111,10403761154,1,"IOTHUB_CLIENT_CONFIRMATION_OK"
13157,10403761311,10403761355,1,"IOTHUB_CLIENT_CONFIRMATION_OK"
13158,10403761511,10403761559,1,"IOTHUB_CLIENT_CONFIRMATION_OK"
13159,10403761711,10403761742,1,"IOTHUB_CLIENT_CONFIRMATION_OK"
13160,10403761912,10403761949,1,"IOTHUB_CLIENT_CONFIRMATION_OK"
13161,10403762112,10403762158,1,"IOTHUB_CLIENT_CONFIRMATION_OK"
13162,10403762312,10403762346,1,"IOTHUB_CLIENT_CONFIRMATION_OK"
13163,10403762512,10403762547,1,"IOTHUB_CLIENT_CONFIRMATION_OK"
13164,10403762712,10403762745,1,"IOTHUB_CLIENT_CONFIRMATION_OK"
13165,10403762912,10403762951,1,"IOTHUB_CLIENT_CONFIRMATION_OK"
13166,10403763112,10403763188,1,"IOTHUB_CLIENT_CONFIRMATION_OK"
13167,10403763313,10403763360,1,"IOTHUB_CLIENT_CONFIRMATION_OK"
13168,10403763513,10403763543,1,"IOTHUB_CLIENT_CONFIRMATION_OK"
13169,10403763713,10403763854,1,"IOTHUB_CLIENT_CONFIRMATION_OK"
13170,10403763913,10403763951,1,"IOTHUB_CLIENT_CONFIRMATION_OK"
13171,10403764113,10403764256,1,"IOTHUB_CLIENT_CONFIRMATION_OK"
13172,10403764313,10403764351,1,"IOTHUB_CLIENT_CONFIRMATION_OK"
13173,10403764514,10403764546,1,"IOTHUB_CLIENT_CONFIRMATION_OK"
13174,10403764714,10403764780,1,"IOTHUB_CLIENT_CONFIRMATION_OK"
13175,10403764914,10403764957,1,"IOTHUB_CLIENT_CONFIRMATION_OK"
13176,10403765114,10403765261,1,"IOTHUB_CLIENT_CONFIRMATION_OK"
13177,10403765314,10403765347,1,"IOTHUB_CLIENT_CONFIRMATION_OK"
13178,10403765514,10403765548,1,"IOTHUB_CLIENT_CONFIRMATION_OK"
13179,10403765715,10403765763,1,"IOTHUB_CLIENT_CONFIRMATION_OK"
13180,10403765915,10403765947,1,"IOTHUB_CLIENT_CONFIRMATION_OK"
13181,10403766115,10403766149,1,"IOTHUB_CLIENT_CONFIRMATION_OK"
13182,10403766315,10403766344,1,"IOTHUB_CLIENT_CONFIRMATION_OK"
13183,10403766515,10403766558,1,"IOTHUB_CLIENT_CONFIRMATION_OK"
13184,10403766715,10403766905,1,"IOTHUB_CLIENT_CONFIRMATION_OK"
13185,10403766916,10403766969,1,"IOTHUB_CLIENT_CONFIRMATION_OK"
13186,10403767116,10403767148,1,"IOTHUB_CLIENT_CONFIRMATION_OK"
13187,10403767316,10403767346,1,"IOTHUB_CLIENT_CONFIRMATION_OK"
13188,10403767516,10403767551,1,"IOTHUB_CLIENT_CONFIRMATION_OK"
13189,10403767716,10403767923,1,"IOTHUB_CLIENT_CONFIRMATION_OK"
13190,10403767916,10403767971,1,"IOTHUB_CLIENT_CONFIRMATION_OK"
13191,10403768116,10403768154,1,"IOTHUB_CLIENT_CONFIRMATION_OK"
13192,10403768317,10403768351,1,"IOTHUB_CLIENT_CONFIRMATION_OK"
13193,10403768517,10403768597,1,"IOTHUB_CLIENT_CONFIRMATION_OK"
13194,10403768717,10403768758,1,"IOTHUB_CLIENT_CONFIRMATION_OK"
13195,10403768917,10403768963,1,"IOTHUB_CLIENT_CONFIRMATION_OK"
13196,10403769117,10403769153,1,"IOTHUB_CLIENT_CONFIRMATION_OK"
13197,10403769317,10403769382,1,"IOTHUB_CLIENT_CONFIRMATION_OK"
13198,10403769518,10403769557,1,"IOTHUB_CLIENT_CONFIRMATION_OK"
13199,10403769718,10403769753,1,"IOTHUB_CLIENT_CONFIRMATION_OK"
13200,10403769918,10403770005,1,"IOTHUB_CLIENT_CONFIRMATION_OK"
13201,10403770118,10403770156,1,"IOTHUB_CLIENT_CONFIRMATION_OK"
13202,10403770318,10403770410,1,"IOTHUB_CLIENT_CONFIRMATION_OK"
13203,10403770518,10403770550,1,"IOTHUB_CLIENT_CONFIRMATION_OK"
13204,10403770719,10403770800,1,"IOTHUB_CLIENT_CONFIRMATION_OK"
13205,10403770919,10403771054,1,"IOTHUB_CLIENT_CONFIRMATION_OK"
13206,10403771119,10403771153,1,"IOTHUB_CLIENT_CONFIRMATION_OK"
13207,10403771319,10403771353,1,"IOTHUB_CLIENT_CONFIRMATION_OK"
13208,10403771519,10403771552,1,"IOTHUB_CLIENT_CONFIRMATION_OK"
13209,10403771719,10403771759,1,"IOTHUB_CLIENT_CONFIRMATION_OK"
13210,10403771920,10403772052,1,"IOTHUB_CLIENT_CONFIRMATION_OK"
13211,10403772120,10403772159,1,"IOTHUB_CLIENT_CONFIRMATION_OK"
13212,10403772320,10403772354,1,"IOTHUB_CLIENT_CONFIRMATION_OK"
13213,10403772520,10403772554,1,"IOTHUB_CLIENT_CONFIRMATION_OK"
13214,10403772720,10403772764,1,"IOTHUB_CLIENT_CONFIRMATION_OK"
13215,10403772920,10403773076,1,"IOTHUB_CLIENT_CONFIRMATION_OK"
13216,10403773120,10403773169,1,"IOTHUB_CLIENT_CONFIRMATION_OK"
13217,10403773321,10403773362,1,"IOTHUB_CLIENT_CONFIRMATION_OK"
13218,10403773521,10403773561,1,"IOTHUB_CLIENT_CONFIRMATION_OK"
13219,10403773721,10403773751,1,"IOTHUB_CLIENT_CONFIRMATION_OK"
13220,10403773921,10403774104,1,"IOTHUB_CLIENT_CONFIRMATION_OK"
13221,10403774121,10403774159,1,"IOTHUB_CLIENT_CONFIRMATION_OK"
13222,10403774321,10403774359,1,"IOTHUB_CLIENT_CONFIRMATION_OK"
13223,10403774522,10403774560,1,"IOTHUB_CLIENT_CONFIRMATION_OK"
13224,10403774722,10403774756,1,"IOTHUB_CLIENT_CONFIRMATION_OK"
13225,10403774922,10403774954,1,"IOTHUB_CLIENT_CONFIRMATION_OK"
13226,10403775122,10403775165,1,"IOTHUB_CLIENT_CONFIRMATION_OK"
13227,10403775322,10403775359,1,"IOTHUB_CLIENT_CONFIRMATION_OK"
13228,10403775522,10403775641,1,"IOTHUB_CLIENT_CONFIRMATION_OK"
13229,10403775723,10403775770,1,"IOTHUB_CLIENT_CONFIRMATION_OK"
13230,10403775923,10403775961,1,"IOTHUB_CLIENT_CONFIRMATION_OK"
13231,10403776123,10403776157,1,"IOTHUB_CLIENT_CONFIRMATION_OK"
13232,10403776323,10403776355,1,"IOTHUB_CLIENT_CONFIRMATION_OK"
13233,10403776523,10403776571,1,"IOTHUB_CLIENT_CONFIRMATION_OK"
13234,10403776723,10403776763,1,"IOTHUB_CLIENT_CONFIRMATION_OK"
13235,10403776923,10403776958,1,"IOTHUB_CLIENT_CONFIRMATION_OK"
13236,10403777124,10403777169,1,"IOTHUB_CLIENT_CONFIRMATION_OK"
13237,10403777324,10403777354,1,"IOTHUB_CLIENT_CONFIRMATION_OK"
13238,10403777524,10403777563,1,"IOTHUB_CLIENT_CONFIRMATION_OK"
13239,10403777724,10403777771,1,"IOTHUB_CLIENT_CONFIRMATION_OK"
13240,10403777924,10403777959,1,"IOTHUB_CLIENT_CONFIRMATION_OK"
13241,10403778124,10403778177,1,"IOTHUB_CLIENT_CONFIRMATION_OK"
13242,10403778325,10403778431,1,"IOTHUB_CLIENT_CONFIRMATION_OK"
13243,10403778525,10403778584,1,"IOTHUB_CLIENT_CONFIRMATION_OK"
13244,10403778725,10403778760,1,"IOTHUB_CLIENT_CONFIRMATION_OK"
13245,10403778925,10403778972,1,"IOTHUB_CLIENT_CONFIRMATION_OK"
13246,10403779125,10403779246,1,"IOTHUB_CLIENT_CONFIRMATION_OK"
13247,10403779325,10403779382,1,"IOTHUB_CLIENT_CONFIRMATION_OK"
13248,10403779525,10403779570,1,"IOTHUB_CLIENT_CONFIRMATION_OK"
13249,10403779726,10403779761,1,"IOTHUB_CLIENT_CONFIRMATION_OK"
13250,10403779926,10403779963,1,"IOTHUB_CLIENT_CONFIRMATION_OK"
13251,10403780126,10403780243,1,"IOTHUB_CLIENT_CONFIRMATION_OK"
13252,10403780326,10403780364,1,"IOTHUB_CLIENT_CONFIRMATION_OK"
13253,10403780526,10403780570,1,"IOTHUB_CLIENT_CONFIRMATION_OK"
13254,10403780726,10403780935,1,"IOTHUB_CLIENT_CONFIRMATION_OK"
13255,10403780927,10403780974,1,"IOTHUB_CLIENT_CONFIRMATION_OK"
13256,10403781127,10403781167,1,"IOTHUB_CLIENT_CONFIRMATION_OK"
13257,10403781327,10403781361,1,"IOTHUB_CLIENT_CONFIRMATION_OK"
13258,10403781527,10403781566,1,"IOTHUB_CLIENT_CONFIRMATION_OK"
13259,10403781727,10403781890,1,"IOTHUB_CLIENT_CONFIRMATION_OK"
13260,10403781927,10403781969,1,"IOTHUB_CLIENT_CONFIRMATION_OK"
13261,10403782127,10403782162,1,"IOTHUB_CLIENT_CONFIRMATION_OK"
13262,10403782328,10403782396,1,"IOTHUB_CLIENT_CONFIRMATION_OK"
13263,10403782528,10403782559,1,"IOTHUB_CLIENT_CONFIRMATION_OK"
13264,10403782728,10403782910,1,"IOTHUB_CLIENT_CONFIRMATION_OK"
13265,10403782928,10403782965,1,"IOTHUB_CLIENT_CONFIRMATION_OK"
13266,10403783128,10403783167,1,"IOTHUB_CLIENT_CONFIRMATION_OK"
13267,10403783328,10403783369,1,"IOTHUB_CLIENT_CONFIRMATION_OK"
13268,10403783529,10403783576,1,"IOTHUB_CLIENT_CONFIRMATION_OK"
13269,10403783729,10403783760,1,"IOTHUB_CLIENT_CONFIRMATION_OK"
13270,10403783929,10403783970,1,"IOTHUB_CLIENT_CONFIRMATION_OK"
13271,10403784129,10403784180,1,"IOTHUB_CLIENT_CONFIRMATION_OK"
13272,10403784329,10403784381,1,"IOTHUB_CLIENT_CONFIRMATION_OK"
13273,10403784529,10403784570,1,"IOTHUB_CLIENT_CONFIRMATION_OK"
13274,10403784730,10403784763,1,"IOTHUB_CLIENT_CONFIRMATION_OK"
13275,10403784930,10403785002,1,"IOTHUB_CLIENT_CONFIRMATION_OK"
13276,10403785130,10403785169,1,"IOTHUB_CLIENT_CONFIRMATION_OK"
13277,10403785330,10403785381,1,"IOTHUB_CLIENT_CONFIRMATION_OK"
13278,10403785530,10403785564,1,"IOTHUB_CLIENT_CONFIRMATION_OK"
13279,10403785730,10403785786,1,"IOTHUB_CLIENT_CONFIRMATION_OK"
13280,10403785931,10403786010,1,"IOTHUB_CLIENT_CONFIRMATION_OK"
13281,10403786131,10403786159,1,"IOTHUB_CLIENT_CONFIRMATION_OK"
13282,10403786331,10403786366,1,"IOTHUB_CLIENT_CONFIRMATION_OK"
13283,10403786531,10403786632,1,"IOTHUB_CLIENT_CONFIRMATION_OK"
13284,10403786731,10403786770,1,"IOTHUB_CLIENT_CONFIRMATION_OK"
13285,10403786931,10403787068,1,"IOTHUB_CLIENT_CONFIRMATION_OK"
13286,10403787131,10403787162,1,"IOTHUB_CLIENT_CONFIRMATION_OK"
13287,10403787332,10403787370,1,"IOTHUB_CLIENT_CONFIRMATION_OK"
13288,10403787532,10403787582,1,"IOTHUB_CLIENT_CONFIRMATION_OK"
13289,10403787732,10403787801,1,"IOTHUB_CLIENT_CONFIRMATION_OK"
13290,10403787932,10403788072,1,"IOTHUB_CLIENT_CONFIRMATION_OK"
13291,10403788132,10403788164,1,"IOTHUB_CLIENT_CONFIRMATION_OK"
13292,10403788332,10403788371,1,"IOTHUB_CLIENT_CONFIRMATION_OK"
13293,10403788533,10403788567,1,"IOTHUB_CLIENT_CONFIRMATION_OK"
13294,10403788733,10403788763,1,"IOTHUB_CLIENT_CONFIRMATION_OK"
13295,10403788933,10403789138,1,"IOTHUB_CLIENT_CONFIRMATION_OK"
13296,10403789133,10403789164,1,"IOTHUB_CLIENT_CONFIRMATION_OK"
13297,10403789333,10403789369,1,"IOTHUB_CLIENT_CONFIRMATION_OK"
13298,10403789533,10403789571,1,"IOTHUB_CLIENT_CONFIRMATION_OK"
13299,10403789734,10403789775,1,"IOTHUB_CLIENT_CONFIRMATION_OK"
13300,10403789934,10403789972,1,"IOTHUB_CLIENT_CONFIRMATION_OK"
13301,10403790134,10403790189,1,"IOTHUB_CLIENT_CONFIRMATION_OK"
13302,10403790334,10403790370,1,"IOTHUB_CLIENT_CONFIRMATION_OK"
13303,10403790534,10403790584,1,"IOTHUB_CLIENT_CONFIRMATION_OK"
13304,10403790734,10403790768,1,"IOTHUB_CLIENT_CONFIRMATION_OK"
13305,10403790934,10403790977,1,"IOTHUB_CLIENT_CONFIRMATION_OK"
13306,10403791135,10403791206,1,"IOTHUB_CLIENT_CONFIRMATION_OK"
13307,10403791335,10403791369,1,"IOTHUB_CLIENT_CONFIRMATION_OK"
13308,10403791535,10403791603,1,"IOTHUB_CLIENT_CONFIRMATION_OK"
13309,10403791735,10403791771,1,"IOTHUB_CLIENT_CONFIRMATION_OK"
13310,10403791935,10403792021,1,"IOTHUB_CLIENT_CONFIRMATION_OK"
13311,10403792135,10403792227,1,"IOTHUB_CLIENT_CONFIRMATION_OK"
13312,10403792336,10403792375,1,"IOTHUB_CLIENT_CONFIRMATION_OK"
13313,10403792536,10403792589,1,"IOTHUB_CLIENT_CONFIRMATION_OK"
13314,10403792736,10403792768,1,"IOTHUB_CLIENT_CONFIRMATION_OK"
13315,10403792936,10403792969,1,"IOTHUB_CLIENT_CONFIRMATION_OK"
13316,10403793136,10403793269,1,"IOTHUB_CLIENT_CONFIRMATION_OK"
13317,10403793336,10403793376,1,"IOTHUB_CLIENT_CONFIRMATION_OK"
13318,10403793537,10403793567,1,"IOTHUB_CLIENT_CONFIRMATION_OK"
13319,10403793737,10403793772,1,"IOTHUB_CLIENT_CONFIRMATION_OK"
13320,10403793937,10403793973,1,"IOTHUB_CLIENT_CONFIRMATION_OK"
13321,10403794137,10403794324,1,"IOTHUB_CLIENT_CONFIRMATION_OK"
13322,10403794337,10403794383,1,"IOTHUB_CLIENT_CONFIRMATION_OK"
13323,10403794537,10403794597,1,"IOTHUB_CLIENT_CONFIRMATION_OK"
13324,10403794738,10403794787,1,"IOTHUB_CLIENT_CONFIRMATION_OK"
13325,10403794938,10403794972,1,"IOTHUB_CLIENT_CONFIRMATION_OK"
13326,10403795138,10403795198,1,"IOTHUB_CLIENT_CONFIRMATION_OK"
13327,10403795338,10403795411,1,"IOTHUB_CLIENT_CONFIRMATION_OK"
13328,10403795538,10403795587,1,"IOTHUB_CLIENT_CONFIRMATION_OK"
13329,10403795738,10403795830,1,"IOTHUB_CLIENT_CONFIRMATION_OK"
13330,10403795939,10403795983,1,"IOTHUB_CLIENT_CONFIRMATION_OK"
13331,10403796139,10403796171,1,"IOTHUB_CLIENT_CONFIRMATION_OK"
13332,10403796339,10403796372,1,"IOTHUB_CLIENT_CONFIRMATION_OK"
13333,10403796539,10403796575,1,"IOTHUB_CLIENT_CONFIRMATION_OK"
13334,10403796739,10403796814,1,"IOTHUB_CLIENT_CONFIRMATION_OK"
13335,10403796939,10403797023,1,"IOTHUB_CLIENT_CONFIRMATION_OK"
13336,10403797139,10403797179,1,"IOTHUB_CLIENT_CONFIRMATION_OK"
13337,10403797340,10403797376,1,"IOTHUB_CLIENT_CONFIRMATION_OK"
13338,10403797540,10403797578,1,"IOTHUB_CLIENT_CONFIRMATION_OK"
13339,10403797740,10403797884,1,"IOTHUB_CLIENT_CONFIRMATION_OK"
13340,10403797940,10403797984,1,"IOTHUB_CLIENT_CONFIRMATION_OK"
13341,10403798140,10403798177,1,"IOTHUB_CLIENT_CONFIRMATION_OK"
13342,10403798340,10403798380,1,"IOTHUB_CLIENT_CONFIRMATION_OK"
13343,10403798541,10403798593,1,"IOTHUB_CLIENT_CONFIRMATION_OK"
13344,10403798741,10403798782,1,"IOTHUB_CLIENT_CONFIRMATION_OK"
13345,10403798941,10403798992,1,"IOTHUB_CLIENT_CONFIRMATION_OK"
13346,10403799141,10403799195,1,"IOTHUB_CLIENT_CONFIRMATION_OK"
13347,10403799341,10403799377,1,"IOTHUB_CLIENT_CONFIRMATION_OK"
13348,10403799541,10403799574,1,"IOTHUB_CLIENT_CONFIRMATION_OK"
13349,10403799741,10403799792,1,"IOTHUB_CLIENT_CONFIRMATION_OK"
13350,10403799942,10403799975,1,"IOTHUB_CLIENT_CONFIRMATION_OK"
13351,10403800142,10403800187,1,"IOTHUB_CLIENT_CONFIRMATION_OK"
13352,10403800342,10403800382,1,"IOTHUB_CLIENT_CONFIRMATION_OK"
13353,10403800542,10403800579,1,"IOTHUB_CLIENT_CONFIRMATION_OK"
13354,10403800742,10403800775,1,"IOTHUB_CLIENT_CONFIRMATION_OK"
13355,10403800942,10403800977,1,"IOTHUB_CLIENT_CONFIRMATION_OK"
13356,10403801143,10403801188,1,"IOTHUB_CLIENT_CONFIRMATION_OK"
13357,10403801343,10403801403,1,"IOTHUB_CLIENT_CONFIRMATION_OK"
13358,10403801543,10403801589,1,"IOTHUB_CLIENT_CONFIRMATION_OK"
13359,10403801743,10403801773,1,"IOTHUB_CLIENT_CONFIRMATION_OK"
13360,10403801943,10403801990,1,"IOTHUB_CLIENT_CONFIRMATION_OK"
13361,10403802143,10403802173,1,"IOTHUB_CLIENT_CONFIRMATION_OK"
13362,10403802343,10403802430,1,"IOTHUB_CLIENT_CONFIRMATION_OK"
13363,10403802544,10403802644,1,"IOTHUB_CLIENT_CONFIRMATION_OK"
13364,10403802744,10403802783,1,"IOTHUB_CLIENT_CONFIRMATION_OK"
13365,10403802944,10403803054,1,"IOTHUB_CLIENT_CONFIRMATION_OK"
13366,10403803144,10403803174,1,"IOTHUB_CLIENT_CONFIRMATION_OK"
13367,10403803344,10403803382,1,"IOTHUB_CLIENT_CONFIRMATION_OK"
13368,10403803544,10403803670,1,"IOTHUB_CLIENT_CONFIRMATION_OK"
13369,10403803745,10403803777,1,"IOTHUB_CLIENT_CONFIRMATION_OK"
13370,10403803945,10403804049,1,"IOTHUB_CLIENT_CONFIRMATION_OK"
13371,10403804145,10403804181,1,"IOTHUB_CLIENT_CONFIRMATION_OK"
13372,10403804345,10403804383,1,"IOTHUB_CLIENT_CONFIRMATION_OK"
13373,10403804545,10403804679,1,"IOTHUB_CLIENT_CONFIRMATION_OK"
13374,10403804745,10403804784,1,"IOTHUB_CLIENT_CONFIRMATION_OK"
13375,10403804946,10403804994,1,"IOTHUB_CLIENT_CONFIRMATION_OK"
13376,10403805146,10403805176,1,"IOTHUB_CLIENT_CONFIRMATION_OK"
13377,10403805346,10403805382,1,"IOTHUB_CLIENT_CONFIRMATION_OK"
13378,10403805546,10403805687,1,"IOTHUB_CLIENT_CONFIRMATION_OK"
13379,10403805746,10403805792,1,"IOTHUB_CLIENT_CONFIRMATION_OK"
13380,10403805946,10403805978,1,"IOTHUB_CLIENT_CONFIRMATION_OK"
13381,10403806146,10403806188,1,"IOTHUB_CLIENT_CONFIRMATION_OK"
13382,10403806347,10403806380,1,"IOTHUB_CLIENT_CONFIRMATION_OK"
13383,10403806547,10403806722,1,"IOTHUB_CLIENT_CONFIRMATION_OK"
13384,10403806747,10403806788,1,"IOTHUB_CLIENT_CONFIRMATION_OK"
13385,10403806947,10403806997,1,"IOTHUB_CLIENT_CONFIRMATION_OK"
13386,10403807147,10403807181,1,"IOTHUB_CLIENT_CONFIRMATION_OK"
13387,10403807347,10403807383,1,"IOTHUB_CLIENT_CONFIRMATION_OK"
13388,10403807548,10403807583,1,"IOTHUB_CLIENT_CONFIRMATION_OK"
13389,10403807748,10403807849,1,"IOTHUB_CLIENT_CONFIRMATION_OK"
13390,10403807948,10403807982,1,"IOTHUB_CLIENT_CONFIRMATION_OK"
13391,10403808148,10403808183,1,"IOTHUB_CLIENT_CONFIRMATION_OK"
13392,10403808348,10403808393,1,"IOTHUB_CLIENT_CONFIRMATION_OK"
13393,10403808548,10403808582,1,"IOTHUB_CLIENT_CONFIRMATION_OK"
13394,10403808749,10403808787,1,"IOTHUB_CLIENT_CONFIRMATION_OK"
13395,10403808949,10403809005,1,"IOTHUB_CLIENT_CONFIRMATION_OK"
13396,10403809149,10403809179,1,"IOTHUB_CLIENT_CONFIRMATION_OK"
13397,10403809349,10403809389,1,"IOTHUB_CLIENT_CONFIRMATION_OK"
13398,10403809549,10403809585,1,"IOTHUB_CLIENT_CONFIRMATION_OK"
13399,10403809749,10403809787,1,"IOTHUB_CLIENT_CONFIRMATION_OK"
13400,10403809949,10403809981,1,"IOTHUB_CLIENT_CONFIRMATION_OK"
13401,10403810150,10403810198,1,"IOTHUB_CLIENT_CONFIRMATION_OK"
13402,10403810350,10403810414,1,"IOTHUB_CLIENT_CONFIRMATION_OK"
13403,10403810550,10403810589,1,"IOTHUB_CLIENT_CONFIRMATION_OK"
13404,10403810750,10403810810,1,"IOTHUB_CLIENT_CONFIRMATION_OK"
13405,10403810950,10403811004,1,"IOTHUB_CLIENT_CONFIRMATION_OK"
13406,10403811150,10403811203,1,"IOTHUB_CLIENT_CONFIRMATION_OK"
13407,10403811351,10403811383,1,"IOTHUB_CLIENT_CONFIRMATION_OK"
13408,10403811551,10403811588,1,"IOTHUB_CLIENT_CONFIRMATION_OK"
13409,10403811751,10403811820,1,"IOTHUB_CLIENT_CONFIRMATION_OK"
13410,10403811951,10403811985,1,"IOTHUB_CLIENT_CONFIRMATION_OK"
13411,10403812151,10403812190,1,"IOTHUB_CLIENT_CONFIRMATION_OK"
13412,10403812351,10403812444,1,"IOTHUB_CLIENT_CONFIRMATION_OK"
13413,10403812552,10403812597,1,"IOTHUB_CLIENT_CONFIRMATION_OK"
13414,10403812752,10403812839,1,"IOTHUB_CLIENT_CONFIRMATION_OK"
13415,10403812952,10403812990,1,"IOTHUB_CLIENT_CONFIRMATION_OK"
13416,10403813152,10403813211,1,"IOTHUB_CLIENT_CONFIRMATION_OK"
13417,10403813352,10403813448,1,"IOTHUB_CLIENT_CONFIRMATION_OK"
13418,10403813552,10403813585,1,"IOTHUB_CLIENT_CONFIRMATION_OK"
13419,10403813752,10403813811,1,"IOTHUB_CLIENT_CONFIRMATION_OK"
13420,10403813953,10403813986,1,"IOTHUB_CLIENT_CONFIRMATION_OK"
13421,10403814153,10403814184,1,"IOTHUB_CLIENT_CONFIRMATION_OK"
13422,10403814353,10403814481,1,"IOTHUB_CLIENT_CONFIRMATION_OK"
13423,10403814553,10403814586,1,"IOTHUB_CLIENT_CONFIRMATION_OK"
13424,10403814753,10403814817,1,"IOTHUB_CLIENT_CONFIRMATION_OK"
13425,10403814953,10403814985,1,"IOTHUB_CLIENT_CONFIRMATION_OK"
13426,10403815154,10403815200,1,"IOTHUB_CLIENT_CONFIRMATION_OK"
13427,10403815354,10403815501,1,"IOTHUB_CLIENT_CONFIRMATION_OK"
13428,10403815554,10403815589,1,"IOTHUB_CLIENT_CONFIRMATION_OK"
13429,10403815754,10403815847,1,"IOTHUB_CLIENT_CONFIRMATION_OK"
13430,10403815954,10403815991,1,"IOTHUB_CLIENT_CONFIRMATION_OK"
13431,10403816154,10403816186,1,"IOTHUB_CLIENT_CONFIRMATION_OK"
13432,10403816355,10403816393,1,"IOTHUB_CLIENT_CONFIRMATION_OK"
13433,10403816555,10403816595,1,"IOTHUB_CLIENT_CONFIRMATION_OK"
13434,10403816755,10403816791,1,"IOTHUB_CLIENT_CONFIRMATION_OK"
13435,10403816955,10403816994,1,"IOTHUB_CLIENT_CONFIRMATION_OK"
13436,10403817155,10403817201,1,"IOTHUB_CLIENT_CONFIRMATION_OK"
13437,10403817355,10403817390,1,"IOTHUB_CLIENT_CONFIRMATION_OK"
13438,10403817556,10403817595,1,"IOTHUB_CLIENT_CONFIRMATION_OK"
13439,10403817756,10403817797,1,"IOTHUB_CLIENT_CONFIRMATION_OK"
13440,10403817956,10403818143,1,"IOTHUB_CLIENT_CONFIRMATION_OK"
13441,10403818156,10403818187,1,"IOTHUB_CLIENT_CONFIRMATION_OK"
13442,10403818356,10403818394,1,"IOTHUB_CLIENT_CONFIRMATION_OK"
13443,10403818556,10403818623,1,"IOTHUB_CLIENT_CONFIRMATION_OK"
13444,10403818756,10403818806,1,"IOTHUB_CLIENT_CONFIRMATION_OK"
13445,10403818957,10403819040,1,"IOTHUB_CLIENT_CONFIRMATION_OK"
13446,10403819157,10403819187,1,"IOTHUB_CLIENT_CONFIRMATION_OK"
13447,10403819357,10403819397,1,"IOTHUB_CLIENT_CONFIRMATION_OK"
13448,10403819557,10403819662,1,"IOTHUB_CLIENT_CONFIRMATION_OK"
13449,10403819757,10403819791,1,"IOTHUB_CLIENT_CONFIRMATION_OK"
13450,10403819957,10403819991,1,"IOTHUB_CLIENT_CONFIRMATION_OK"
13451,10403820158,10403820199,1,"IOTHUB_CLIENT_CONFIRMATION_OK"
13452,10403820358,10403820429,1,"IOTHUB_CLIENT_CONFIRMATION_OK"
13453,10403820558,10403820669,1,"IOTHUB_CLIENT_CONFIRMATION_OK"
13454,10403820758,10403820792,1,"IOTHUB_CLIENT_CONFIRMATION_OK"
13455,10403820958,10403820992,1,"IOTHUB_CLIENT_CONFIRMATION_OK"
13456,10403821158,10403821224,1,"IOTHUB_CLIENT_CONFIRMATION_OK"
13457,10403821358,10403821392,1,"IOTHUB_CLIENT_CONFIRMATION_OK"
13458,10403821559,10403821681,1,"IOTHUB_CLIENT_CONFIRMATION_OK"
13459,10403821759,10403821799,1,"IOTHUB_CLIENT_CONFIRMATION_OK"
13460,10403821959,10403821996,1,"IOTHUB_CLIENT_CONFIRMATION_OK"
13461,10403822159,10403822192,1,"IOTHUB_CLIENT_CONFIRMATION_OK"
13462,10403822359,10403822401,1,"IOTHUB_CLIENT_CONFIRMATION_OK"
13463,10403822559,10403822591,1,"IOTHUB_CLIENT_CONFIRMATION_OK"
13464,10403822760,10403822795,1,"IOTHUB_CLIENT_CONFIRMATION_OK"
13465,10403822960,10403822994,1,"IOTHUB_CLIENT_CONFIRMATION_OK"
13466,10403823160,10403823319,1,"IOTHUB_CLIENT_CONFIRMATION_OK"
13467,10403823360,10403823392,1,"IOTHUB_CLIENT_CONFIRMATION_OK"
13468,10403823560,10403823593,1,"IOTHUB_CLIENT_CONFIRMATION_OK"
13469,10403823760,10403823796,1,"IOTHUB_CLIENT_CONFIRMATION_OK"
13470,10403823961,10403824003,1,"IOTHUB_CLIENT_CONFIRMATION_OK"
13471,10403824161,10403824331,1,"IOTHUB_CLIENT_CONFIRMATION_OK"
13472,10403824361,10403824401,1,"IOTHUB_CLIENT_CONFIRMATION_OK"
13473,10403824561,10403824601,1,"IOTHUB_CLIENT_CONFIRMATION_OK"
13474,10403824761,10403824805,1,"IOTHUB_CLIENT_CONFIRMATION_OK"
13475,10403824961,10403824995,1,"IOTHUB_CLIENT_CONFIRMATION_OK"
13476,10403825162,10403825326,1,"IOTHUB_CLIENT_CONFIRMATION_OK"
13477,10403825362,10403825397,1,"IOTHUB_CLIENT_CONFIRMATION_OK"
13478,10403825562,10403825593,1,"IOTHUB_CLIENT_CONFIRMATION_OK"
13479,10403825762,10403825793,1,"IOTHUB_CLIENT_CONFIRMATION_OK"
13480,10403825962,10403826014,1,"IOTHUB_CLIENT_CONFIRMATION_OK"
13481,10403826162,10403826243,1,"IOTHUB_CLIENT_CONFIRMATION_OK"
13482,10403826363,10403826457,1,"IOTHUB_CLIENT_CONFIRMATION_OK"
13483,10403826563,10403826597,1,"IOTHUB_CLIENT_CONFIRMATION_OK"
13484,10403826763,10403826885,1,"IOTHUB_CLIENT_CONFIRMATION_OK"
13485,10403826963,10403826997,1,"IOTHUB_CLIENT_CONFIRMATION_OK"
13486,10403827163,10403827200,1,"IOTHUB_CLIENT_CONFIRMATION_OK"
13487,10403827363,10403827401,1,"IOTHUB_CLIENT_CONFIRMATION_OK"
13488,10403827563,10403827603,1,"IOTHUB_CLIENT_CONFIRMATION_OK"
13489,10403827764,10403827897,1,"IOTHUB_CLIENT_CONFIRMATION_OK"
13490,10403827964,10403828003,1,"IOTHUB_CLIENT_CONFIRMATION_OK"
13491,10403828164,10403828198,1,"IOTHUB_CLIENT_CONFIRMATION_OK"
13492,10403828364,10403828399,1,"IOTHUB_CLIENT_CONFIRMATION_OK"
13493,10403828564,10403828607,1,"IOTHUB_CLIENT_CONFIRMATION_OK"
13494,10403828764,10403828797,1,"IOTHUB_CLIENT_CONFIRMATION_OK"
13495,10403828965,10403829009,1,"IOTHUB_CLIENT_CONFIRMATION_OK"
13496,10403829165,10403829197,1,"IOTHUB_CLIENT_CONFIRMATION_OK"
13497,10403829365,10403829403,1,"IOTHUB_CLIENT_CONFIRMATION_OK"
13498,10403829565,10403829596,1,"IOTHUB_CLIENT_CONFIRMATION_OK"
13499,10403829765,10403829800,1,"IOTHUB_CLIENT_CONFIRMATION_OK"
13500,10403829965,10403830004,1,"IOTHUB_CLIENT_CONFIRMATION_OK"
13501,10403830165,10403830209,1,"IOTHUB_CLIENT_CONFIRMATION_OK"
13502,10403830366,10403830403,1,"IOTHUB_CLIENT_CONFIRMATION_OK"
13503,10403830566,10403830612,1,"IOTHUB_CLIENT_CONFIRMATION_OK"
13504,10403830766,10403830802,1,"IOTHUB_CLIENT_CONFIRMATION_OK"
13505,10403830966,10403831018,1,"IOTHUB_CLIENT_CONFIRMATION_OK"
13506,10403831166,10403831217,1,"IOTHUB_CLIENT_CONFIRMATION_OK"
13507,10403831366,10403831399,1,"IOTHUB_CLIENT_CONFIRMATION_OK"
13508,10403831566,10403831881,1,"IOTHUB_CLIENT_CONFIRMATION_OK"
13509,10403831767,10403831923,1,"IOTHUB_CLIENT_CONFIRMATION_OK"
13510,10403831967,10403832151,1,"IOTHUB_CLIENT_CONFIRMATION_OK"
13511,10403832167,10403832201,1,"IOTHUB_CLIENT_CONFIRMATION_OK"
13512,10403832367,10403832812,1,"IOTHUB_CLIENT_CONFIRMATION_OK"
13513,10403832567,10403832874,1,"IOTHUB_CLIENT_CONFIRMATION_OK"
13514,10403832767,10403832896,1,"IOTHUB_CLIENT_CONFIRMATION_OK"
13515,10403832968,10403833021,1,"IOTHUB_CLIENT_CONFIRMATION_OK"
13516,10403833168,10403833201,1,"IOTHUB_CLIENT_CONFIRMATION_OK"
13517,10403833368,10403833420,1,"IOTHUB_CLIENT_CONFIRMATION_OK"
13518,10403833568,10403833621,1,"IOTHUB_CLIENT_CONFIRMATION_OK"
13519,10403833768,10403833809,1,"IOTHUB_CLIENT_CONFIRMATION_OK"
13520,10403833968,10403834027,1,"IOTHUB_CLIENT_CONFIRMATION_OK"
13521,10403834168,10403834207,1,"IOTHUB_CLIENT_CONFIRMATION_OK"
13522,10403834369,10403834406,1,"IOTHUB_CLIENT_CONFIRMATION_OK"
13523,10403834569,10403834647,1,"IOTHUB_CLIENT_CONFIRMATION_OK"
13524,10403834769,10403834812,1,"IOTHUB_CLIENT_CONFIRMATION_OK"
13525,10403834969,10403835023,1,"IOTHUB_CLIENT_CONFIRMATION_OK"
13526,10403835169,10403835213,1,"IOTHUB_CLIENT_CONFIRMATION_OK"
13527,10403835369,10403835424,1,"IOTHUB_CLIENT_CONFIRMATION_OK"
13528,10403835570,10403835664,1,"IOTHUB_CLIENT_CONFIRMATION_OK"
13529,10403835770,10403835800,1,"IOTHUB_CLIENT_CONFIRMATION_OK"
13530,10403835970,10403836020,1,"IOTHUB_CLIENT_CONFIRMATION_OK"
13531,10403836170,10403836211,1,"IOTHUB_CLIENT_CONFIRMATION_OK"
13532,10403836370,10403836400,1,"IOTHUB_CLIENT_CONFIRMATION_OK"
13533,10403836570,10403836684,1,"IOTHUB_CLIENT_CONFIRMATION_OK"
13534,10403836771,10403836806,1,"IOTHUB_CLIENT_CONFIRMATION_OK"
13535,10403836971,10403837012,1,"IOTHUB_CLIENT_CONFIRMATION_OK"
13536,10403837171,10403837296,1,"IOTHUB_CLIENT_CONFIRMATION_OK"
13537,10403837371,10403837404,1,"IOTHUB_CLIENT_CONFIRMATION_OK"
13538,10403837571,10403837604,1,"IOTHUB_CLIENT_CONFIRMATION_OK"
13539,10403837771,10403837805,1,"IOTHUB_CLIENT_CONFIRMATION_OK"
13540,10403837971,10403838021,1,"IOTHUB_CLIENT_CONFIRMATION_OK"
13541,10403838172,10403838313,1,"IOTHUB_CLIENT_CONFIRMATION_OK"
13542,10403838372,10403838404,1,"IOTHUB_CLIENT_CONFIRMATION_OK"
13543,10403838572,10403838606,1,"IOTHUB_CLIENT_CONFIRMATION_OK"
13544,10403838772,10403838805,1,"IOTHUB_CLIENT_CONFIRMATION_OK"
13545,10403838972,10403839025,1,"IOTHUB_CLIENT_CONFIRMATION_OK"
13546,10403839172,10403839329,1,"IOTHUB_CLIENT_CONFIRMATION_OK"
13547,10403839373,10403839408,1,"IOTHUB_CLIENT_CONFIRMATION_OK"
13548,10403839573,10403839604,1,"IOTHUB_CLIENT_CONFIRMATION_OK"
13549,10403839773,10403839822,1,"IOTHUB_CLIENT_CONFIRMATION_OK"
13550,10403839973,10403840015,1,"IOTHUB_CLIENT_CONFIRMATION_OK"
13551,10403840173,10403840362,1,"IOTHUB_CLIENT_CONFIRMATION_OK"
13552,10403840373,10403840406,1,"IOTHUB_CLIENT_CONFIRMATION_OK"
13553,10403840574,10403840610,1,"IOTHUB_CLIENT_CONFIRMATION_OK"
13554,10403840774,10403840815,1,"IOTHUB_CLIENT_CONFIRMATION_OK"
13555,10403840974,10403841007,1,"IOTHUB_CLIENT_CONFIRMATION_OK"
13556,10403841174,10403841207,1,"IOTHUB_CLIENT_CONFIRMATION_OK"
13557,10403841374,10403841420,1,"IOTHUB_CLIENT_CONFIRMATION_OK"
13558,10403841574,10403841615,1,"IOTHUB_CLIENT_CONFIRMATION_OK"
13559,10403841775,10403841848,1,"IOTHUB_CLIENT_CONFIRMATION_OK"
13560,10403841975,10403842013,1,"IOTHUB_CLIENT_CONFIRMATION_OK"
13561,10403842175,10403842211,1,"IOTHUB_CLIENT_CONFIRMATION_OK"
13562,10403842375,10403842531,1,"IOTHUB_CLIENT_CONFIRMATION_OK"
13563,10403842575,10403842689,1,"IOTHUB_CLIENT_CONFIRMATION_OK"
13564,10403842775,10403842860,1,"IOTHUB_CLIENT_CONFIRMATION_OK"
13565,10403842975,10403843004,1,"IOTHUB_CLIENT_CONFIRMATION_OK"
13566,10403843176,10403843207,1,"IOTHUB_CLIENT_CONFIRMATION_OK"
13567,10403843376,10403843497,1,"IOTHUB_CLIENT_CONFIRMATION_OK"
13568,10403843576,10403843607,1,"IOTHUB_CLIENT_CONFIRMATION_OK"
13569,10403843776,10403843813,1,"IOTHUB_CLIENT_CONFIRMATION_OK"
13570,10403843976,10403844013,1,"IOTHUB_CLIENT_CONFIRMATION_OK"
13571,10403844176,10403844213,1,"IOTHUB_CLIENT_CONFIRMATION_OK"
13572,10403844376,10403844494,1,"IOTHUB_CLIENT_CONFIRMATION_OK"
13573,10403844577,10403844610,1,"IOTHUB_CLIENT_CONFIRMATION_OK"
13574,10403844777,10403844814,1,"IOTHUB_CLIENT_CONFIRMATION_OK"
13575,10403844977,10403845013,1,"IOTHUB_CLIENT_CONFIRMATION_OK"
13576,10403845177,10403845215,1,"IOTHUB_CLIENT_CONFIRMATION_OK"
13577,10403845377,10403845424,1,"IOTHUB_CLIENT_CONFIRMATION_OK"
13578,10403845577,10403845611,1,"IOTHUB_CLIENT_CONFIRMATION_OK"
13579,10403845778,10403845818,1,"IOTHUB_CLIENT_CONFIRMATION_OK"
13580,10403845978,10403846016,1,"IOTHUB_CLIENT_CONFIRMATION_OK"
13581,10403846178,10403846220,1,"IOTHUB_CLIENT_CONFIRMATION_OK"
13582,10403846378,10403846417,1,"IOTHUB_CLIENT_CONFIRMATION_OK"
13583,10403846578,10403846615,1,"IOTHUB_CLIENT_CONFIRMATION_OK"
13584,10403846778,10403846814,1,"IOTHUB_CLIENT_CONFIRMATION_OK"
13585,10403846978,10403847076,1,"IOTHUB_CLIENT_CONFIRMATION_OK"
13586,10403847179,10403847230,1,"IOTHUB_CLIENT_CONFIRMATION_OK"
13587,10403847379,10403847417,1,"IOTHUB_CLIENT_CONFIRMATION_OK"
13588,10403847579,10403847616,1,"IOTHUB_CLIENT_CONFIRMATION_OK"
13589,10403847779,10403847813,1,"IOTHUB_CLIENT_CONFIRMATION_OK"
13590,10403847979,10403848074,1,"IOTHUB_CLIENT_CONFIRMATION_OK"
13591,10403848179,10403848213,1,"IOTHUB_CLIENT_CONFIRMATION_OK"
13592,10403848380,10403848418,1,"IOTHUB_CLIENT_CONFIRMATION_OK"
13593,10403848580,10403848615,1,"IOTHUB_CLIENT_CONFIRMATION_OK"
13594,10403848780,10403848817,1,"IOTHUB_CLIENT_CONFIRMATION_OK"
13595,10403848980,10403849147,1,"IOTHUB_CLIENT_CONFIRMATION_OK"
13596,10403849180,10403849214,1,"IOTHUB_CLIENT_CONFIRMATION_OK"
13597,10403849380,10403849415,1,"IOTHUB_CLIENT_CONFIRMATION_OK"
13598,10403849580,10403849630,1,"IOTHUB_CLIENT_CONFIRMATION_OK"
13599,10403849781,10403849820,1,"IOTHUB_CLIENT_CONFIRMATION_OK"
13600,10403849981,10403850026,1,"IOTHUB_CLIENT_CONFIRMATION_OK"
13601,10403850181,10403850227,1,"IOTHUB_CLIENT_CONFIRMATION_OK"
13602,10403850381,10403850415,1,"IOTHUB_CLIENT_CONFIRMATION_OK"
13603,10403850581,10403850619,1,"IOTHUB_CLIENT_CONFIRMATION_OK"
13604,10403850781,10403850831,1,"IOTHUB_CLIENT_CONFIRMATION_OK"
13605,10403850981,10403851071,1,"IOTHUB_CLIENT_CONFIRMATION_OK"
13606,10403851182,10403851300,1,"IOTHUB_CLIENT_CONFIRMATION_OK"
13607,10403851382,10403851421,1,"IOTHUB_CLIENT_CONFIRMATION_OK"
13608,10403851582,10403851684,1,"IOTHUB_CLIENT_CONFIRMATION_OK"
13609,10403851782,10403851816,1,"IOTHUB_CLIENT_CONFIRMATION_OK"
13610,10403851982,10403852028,1,"IOTHUB_CLIENT_CONFIRMATION_OK"
13611,10403852182,10403852302,1,"IOTHUB_CLIENT_CONFIRMATION_OK"
13612,10403852383,10403852428,1,"IOTHUB_CLIENT_CONFIRMATION_OK"
13613,10403852583,10403852616,1,"IOTHUB_CLIENT_CONFIRMATION_OK"
13614,10403852783,10403852815,1,"IOTHUB_CLIENT_CONFIRMATION_OK"
13615,10403852983,10403853050,1,"IOTHUB_CLIENT_CONFIRMATION_OK"
13616,10403853183,10403853343,1,"IOTHUB_CLIENT_CONFIRMATION_OK"
13617,10403853383,10403853433,1,"IOTHUB_CLIENT_CONFIRMATION_OK"
13618,10403853584,10403853620,1,"IOTHUB_CLIENT_CONFIRMATION_OK"
13619,10403853784,10403853827,1,"IOTHUB_CLIENT_CONFIRMATION_OK"
13620,10403853984,10403854052,1,"IOTHUB_CLIENT_CONFIRMATION_OK"
13621,10403854184,10403854340,1,"IOTHUB_CLIENT_CONFIRMATION_OK"
13622,10403854384,10403854417,1,"IOTHUB_CLIENT_CONFIRMATION_OK"
13623,10403854584,10403854622,1,"IOTHUB_CLIENT_CONFIRMATION_OK"
13624,10403854785,10403854823,1,"IOTHUB_CLIENT_CONFIRMATION_OK"
13625,10403854985,10403855019,1,"IOTHUB_CLIENT_CONFIRMATION_OK"
13626,10403855185,10403855363,1,"IOTHUB_CLIENT_CONFIRMATION_OK"
13627,10403855385,10403855426,1,"IOTHUB_CLIENT_CONFIRMATION_OK"
13628,10403855585,10403855625,1,"IOTHUB_CLIENT_CONFIRMATION_OK"
13629,10403855785,10403855816,1,"IOTHUB_CLIENT_CONFIRMATION_OK"
13630,10403855986,10403856020,1,"IOTHUB_CLIENT_CONFIRMATION_OK"
13631,10403856186,10403856221,1,"IOTHUB_CLIENT_CONFIRMATION_OK"
13632,10403856386,10403856483,1,"IOTHUB_CLIENT_CONFIRMATION_OK"
13633,10403856586,10403856625,1,"IOTHUB_CLIENT_CONFIRMATION_OK"
13634,10403856786,10403856836,1,"IOTHUB_CLIENT_CONFIRMATION_OK"
13635,10403856986,10403857029,1,"IOTHUB_CLIENT_CONFIRMATION_OK"
13636,10403857186,10403857220,1,"IOTHUB_CLIENT_CONFIRMATION_OK"
13637,10403857387,10403857423,1,"IOTHUB_CLIENT_CONFIRMATION_OK"
13638,10403857587,10403857635,1,"IOTHUB_CLIENT_CONFIRMATION_OK"
13639,10403857787,10403858489,1,"IOTHUB_CLIENT_CONFIRMATION_OK"
13640,10403857987,10403858658,1,"IOTHUB_CLIENT_CONFIRMATION_OK"
13641,10403858187,10403858817,1,"IOTHUB_CLIENT_CONFIRMATION_OK"
13642,10403858387,10403858858,1,"IOTHUB_CLIENT_CONFIRMATION_OK"
13643,10403858588,10403858895,1,"IOTHUB_CLIENT_CONFIRMATION_OK"
13644,10403858788,10403859060,1,"IOTHUB_CLIENT_CONFIRMATION_OK"
13645,10403858988,10403859080,1,"IOTHUB_CLIENT_CONFIRMATION_OK"
13646,10403859188,10403859218,1,"IOTHUB_CLIENT_CONFIRMATION_OK"
13647,10403859388,10403859448,1,"IOTHUB_CLIENT_CONFIRMATION_OK"
13648,10403859588,10403859629,1,"IOTHUB_CLIENT_CONFIRMATION_OK"
13649,10403859788,10403859822,1,"IOTHUB_CLIENT_CONFIRMATION_OK"
13650,10403859989,10403860065,1,"IOTHUB_CLIENT_CONFIRMATION_OK"
13651,10403860189,10403860227,1,"IOTHUB_CLIENT_CONFIRMATION_OK"
13652,10403860389,10403860459,1,"IOTHUB_CLIENT_CONFIRMATION_OK"
13653,10403860589,10403860629,1,"IOTHUB_CLIENT_CONFIRMATION_OK"
13654,10403860789,10403860828,1,"IOTHUB_CLIENT_CONFIRMATION_OK"
13655,10403860989,10403861079,1,"IOTHUB_CLIENT_CONFIRMATION_OK"
13656,10403861190,10403861225,1,"IOTHUB_CLIENT_CONFIRMATION_OK"
13657,10403861390,10403861686,1,"IOTHUB_CLIENT_CONFIRMATION_OK"
13658,10403861590,10403861715,1,"IOTHUB_CLIENT_CONFIRMATION_OK"
13659,10403861790,10403861830,1,"IOTHUB_CLIENT_CONFIRMATION_OK"
13660,10403861990,10403862087,1,"IOTHUB_CLIENT_CONFIRMATION_OK"
13661,10403862190,10403862223,1,"IOTHUB_CLIENT_CONFIRMATION_OK"
13662,10403862391,10403862427,1,"IOTHUB_CLIENT_CONFIRMATION_OK"
13663,10403862591,10403862626,1,"IOTHUB_CLIENT_CONFIRMATION_OK"
13664,10403862791,10403862837,1,"IOTHUB_CLIENT_CONFIRMATION_OK"
13665,10403862991,10403863133,1,"IOTHUB_CLIENT_CONFIRMATION_OK"
13666,10403863191,10403863226,1,"IOTHUB_CLIENT_CONFIRMATION_OK"
13667,10403863391,10403863433,1,"IOTHUB_CLIENT_CONFIRMATION_OK"
13668,10403863591,10403863623,1,"IOTHUB_CLIENT_CONFIRMATION_OK"
13669,10403863792,10403863844,1,"IOTHUB_CLIENT_CONFIRMATION_OK"
13670,10403863992,10403864194,1,"IOTHUB_CLIENT_CONFIRMATION_OK"
13671,10403864192,10403864234,1,"IOTHUB_CLIENT_CONFIRMATION_OK"
13672,10403864392,10403864428,1,"IOTHUB_CLIENT_CONFIRMATION_OK"
13673,10403864592,10403864626,1,"IOTHUB_CLIENT_CONFIRMATION_OK"
13674,10403864792,10403864863,1,"IOTHUB_CLIENT_CONFIRMATION_OK"
13675,10403864993,10403865026,1,"IOTHUB_CLIENT_CONFIRMATION_OK"
13676,10403865193,10403865240,1,"IOTHUB_CLIENT_CONFIRMATION_OK"
13677,10403865393,10403865428,1,"IOTHUB_CLIENT_CONFIRMATION_OK"
13678,10403865593,10403865657,1,"IOTHUB_CLIENT_CONFIRMATION_OK"
13679,10403865793,10403865845,1,"IOTHUB_CLIENT_CONFIRMATION_OK"
13680,10403865993,10403866030,1,"IOTHUB_CLIENT_CONFIRMATION_OK"
13681,10403866194,10403866247,1,"IOTHUB_CLIENT_CONFIRMATION_OK"
13682,10403866394,10403866436,1,"IOTHUB_CLIENT_CONFIRMATION_OK"
13683,10403866594,10403866632,1,"IOTHUB_CLIENT_CONFIRMATION_OK"
13684,10403866794,10403866835,1,"IOTHUB_CLIENT_CONFIRMATION_OK"
13685,10403866994,10403867036,1,"IOTHUB_CLIENT_CONFIRMATION_OK"
13686,10403867194,10403867244,1,"IOTHUB_CLIENT_CONFIRMATION_OK"
13687,10403867395,10403867438,1,"IOTHUB_CLIENT_CONFIRMATION_OK"
13688,10403867595,10403867628,1,"IOTHUB_CLIENT_CONFIRMATION_OK"
13689,10403867795,10403867858,1,"IOTHUB_CLIENT_CONFIRMATION_OK"
13690,10403867995,10403868033,1,"IOTHUB_CLIENT_CONFIRMATION_OK"
13691,10403868195,10403868244,1,"IOTHUB_CLIENT_CONFIRMATION_OK"
13692,10403868395,10403868435,1,"IOTHUB_CLIENT_CONFIRMATION_OK"
13693,10403868596,10403868635,1,"IOTHUB_CLIENT_CONFIRMATION_OK"
13694,10403868796,10403868898,1,"IOTHUB_CLIENT_CONFIRMATION_OK"
13695,10403868996,10403869033,1,"IOTHUB_CLIENT_CONFIRMATION_OK"
13696,10403869196,10403869293,1,"IOTHUB_CLIENT_CONFIRMATION_OK"
13697,10403869396,10403869437,1,"IOTHUB_CLIENT_CONFIRMATION_OK"
13698,10403869596,10403869632,1,"IOTHUB_CLIENT_CONFIRMATION_OK"
13699,10403869796,10403869915,1,"IOTHUB_CLIENT_CONFIRMATION_OK"
13700,10403869997,10403870046,1,"IOTHUB_CLIENT_CONFIRMATION_OK"
13701,10403870197,10403870232,1,"IOTHUB_CLIENT_CONFIRMATION_OK"
13702,10403870397,10403870442,1,"IOTHUB_CLIENT_CONFIRMATION_OK"
13703,10403870597,10403870631,1,"IOTHUB_CLIENT_CONFIRMATION_OK"
13704,10403870797,10403870923,1,"IOTHUB_CLIENT_CONFIRMATION_OK"
13705,10403870998,10403871033,1,"IOTHUB_CLIENT_CONFIRMATION_OK"
13706,10403871198,10403871230,1,"IOTHUB_CLIENT_CONFIRMATION_OK"
13707,10403871398,10403871432,1,"IOTHUB_CLIENT_CONFIRMATION_OK"
13708,10403871598,10403871632,1,"IOTHUB_CLIENT_CONFIRMATION_OK"
13709,10403871798,10403871954,1,"IOTHUB_CLIENT_CONFIRMATION_OK"
13710,10403871998,10403872030,1,"IOTHUB_CLIENT_CONFIRMATION_OK"
13711,10403872199,10403872244,1,"IOTHUB_CLIENT_CONFIRMATION_OK"
13712,10403872399,10403872457,1,"IOTHUB_CLIENT_CONFIRMATION_OK"
13713,10403872599,10403872632,1,"IOTHUB_CLIENT_CONFIRMATION_OK"
13714,10403872799,10403872948,1,"IOTHUB_CLIENT_CONFIRMATION_OK"
13715,10403872999,10403873039,1,"IOTHUB_CLIENT_CONFIRMATION_OK"
13716,10403873199,10403873239,1,"IOTHUB_CLIENT_CONFIRMATION_OK"
13717,10403873400,10403873434,1,"IOTHUB_CLIENT_CONFIRMATION_OK"
13718,10403873600,10403873638,1,"IOTHUB_CLIENT_CONFIRMATION_OK"
13719,10403873800,10403873850,1,"IOTHUB_CLIENT_CONFIRMATION_OK"
13720,10403874000,10403874032,1,"IOTHUB_CLIENT_CONFIRMATION_OK"
13721,10403874200,10403874234,1,"IOTHUB_CLIENT_CONFIRMATION_OK"
13722,10403874400,10403874445,1,"IOTHUB_CLIENT_CONFIRMATION_OK"
13723,10403874600,10403874635,1,"IOTHUB_CLIENT_CONFIRMATION_OK"
13724,10403874801,10403874853,1,"IOTHUB_CLIENT_CONFIRMATION_OK"
13725,10403875001,10403875040,1,"IOTHUB_CLIENT_CONFIRMATION_OK"
13726,10403875201,10403875247,1,"IOTHUB_CLIENT_CONFIRMATION_OK"
13727,10403875401,10403875612,1,"IOTHUB_CLIENT_CONFIRMATION_OK"
13728,10403875601,10403875640,1,"IOTHUB_CLIENT_CONFIRMATION_OK"
13729,10403875801,10403875842,1,"IOTHUB_CLIENT_CONFIRMATION_OK"
13730,10403876002,10403876033,1,"IOTHUB_CLIENT_CONFIRMATION_OK"
13731,10403876202,10403876236,1,"IOTHUB_CLIENT_CONFIRMATION_OK"
13732,10403876402,10403876432,1,"IOTHUB_CLIENT_CONFIRMATION_OK"
13733,10403876602,10403876650,1,"IOTHUB_CLIENT_CONFIRMATION_OK"
13734,10403876802,10403876836,1,"IOTHUB_CLIENT_CONFIRMATION_OK"
13735,10403877002,10403877050,1,"IOTHUB_CLIENT_CONFIRMATION_OK"
13736,10403877202,10403877248,1,"IOTHUB_CLIENT_CONFIRMATION_OK"
13737,10403877403,10403877440,1,"IOTHUB_CLIENT_CONFIRMATION_OK"
13738,10403877603,10403877655,1,"IOTHUB_CLIENT_CONFIRMATION_OK"
13739,10403877803,10403877849,1,"IOTHUB_CLIENT_CONFIRMATION_OK"
13740,10403878003,10403878057,1,"IOTHUB_CLIENT_CONFIRMATION_OK"
13741,10403878203,10403878243,1,"IOTHUB_CLIENT_CONFIRMATION_OK"
13742,10403878403,10403878442,1,"IOTHUB_CLIENT_CONFIRMATION_OK"
13743,10403878603,10403878684,1,"IOTHUB_CLIENT_CONFIRMATION_OK"
13744,10403878804,10403878839,1,"IOTHUB_CLIENT_CONFIRMATION_OK"
13745,10403879004,10403879086,1,"IOTHUB_CLIENT_CONFIRMATION_OK"
13746,10403879204,10403879235,1,"IOTHUB_CLIENT_CONFIRMATION_OK"
13747,10403879404,10403879452,1,"IOTHUB_CLIENT_CONFIRMATION_OK"
13748,10403879604,10403879703,1,"IOTHUB_CLIENT_CONFIRMATION_OK"
13749,10403879804,10403879842,1,"IOTHUB_CLIENT_CONFIRMATION_OK"
13750,10403880005,10403880036,1,"IOTHUB_CLIENT_CONFIRMATION_OK"
13751,10403880205,10403880238,1,"IOTHUB_CLIENT_CONFIRMATION_OK"
13752,10403880405,10403880438,1,"IOTHUB_CLIENT_CONFIRMATION_OK"
13753,10403880605,10403880718,1,"IOTHUB_CLIENT_CONFIRMATION_OK"
13754,10403880805,10403880838,1,"IOTHUB_CLIENT_CONFIRMATION_OK"
13755,10403881005,10403881039,1,"IOTHUB_CLIENT_CONFIRMATION_OK"
13756,10403881206,10403881238,1,"IOTHUB_CLIENT_CONFIRMATION_OK"
13757,10403881406,10403881449,1,"IOTHUB_CLIENT_CONFIRMATION_OK"
13758,10403881606,10403881752,1,"IOTHUB_CLIENT_CONFIRMATION_OK"
13759,10403881806,10403881851,1,"IOTHUB_CLIENT_CONFIRMATION_OK"
13760,10403882006,10403882044,1,"IOTHUB_CLIENT_CONFIRMATION_OK"
13761,10403882206,10403882238,1,"IOTHUB_CLIENT_CONFIRMATION_OK"
13762,10403882407,10403882439,1,"IOTHUB_CLIENT_CONFIRMATION_OK"
13763,10403882607,10403882645,1,"IOTHUB_CLIENT_CONFIRMATION_OK"
13764,10403882807,10403882853,1,"IOTHUB_CLIENT_CONFIRMATION_OK"
13765,10403883007,10403883044,1,"IOTHUB_CLIENT_CONFIRMATION_OK"
13766,10403883207,10403883382,1,"IOTHUB_CLIENT_CONFIRMATION_OK"
13767,10403883407,10403883446,1,"IOTHUB_CLIENT_CONFIRMATION_OK"
13768,10403883608,10403883657,1,"IOTHUB_CLIENT_CONFIRMATION_OK"
13769,10403883808,10403883853,1,"IOTHUB_CLIENT_CONFIRMATION_OK"
13770,10403884008,10403884062,1,"IOTHUB_CLIENT_CONFIRMATION_OK"
13771,10403884208,10403884477,1,"IOTHUB_CLIENT_CONFIRMATION_OK"
13772,10403884408,10403884492,1,"IOTHUB_CLIENT_CONFIRMATION_OK"
13773,10403884608,10403884645,1,"IOTHUB_CLIENT_CONFIRMATION_OK"
13774,10403884809,10403884894,1,"IOTHUB_CLIENT_CONFIRMATION_OK"
13775,10403885009,10403885040,1,"IOTHUB_CLIENT_CONFIRMATION_OK"
13776,10403885209,10403885245,1,"IOTHUB_CLIENT_CONFIRMATION_OK"
13777,10403885409,10403885442,1,"IOTHUB_CLIENT_CONFIRMATION_OK"
13778,10403885609,10403885649,1,"IOTHUB_CLIENT_CONFIRMATION_OK"
13779,10403885809,10403885904,1,"IOTHUB_CLIENT_CONFIRMATION_OK"
13780,10403886010,10403886041,1,"IOTHUB_CLIENT_CONFIRMATION_OK"
13781,10403886210,10403886240,1,"IOTHUB_CLIENT_CONFIRMATION_OK"
13782,10403886410,10403886444,1,"IOTHUB_CLIENT_CONFIRMATION_OK"
13783,10403886610,10403886644,1,"IOTHUB_CLIENT_CONFIRMATION_OK"
13784,10403886810,10403886980,1,"IOTHUB_CLIENT_CONFIRMATION_OK"
13785,10403887010,10403887085,1,"IOTHUB_CLIENT_CONFIRMATION_OK"
13786,10403887210,10403887285,1,"IOTHUB_CLIENT_CONFIRMATION_OK"
13787,10403887411,10403887453,1,"IOTHUB_CLIENT_CONFIRMATION_OK"
13788,10403887611,10403887660,1,"IOTHUB_CLIENT_CONFIRMATION_OK"
13789,10403887811,10403888003,1,"IOTHUB_CLIENT_CONFIRMATION_OK"
13790,10403888011,10403888048,1,"IOTHUB_CLIENT_CONFIRMATION_OK"
13791,10403888211,10403888245,1,"IOTHUB_CLIENT_CONFIRMATION_OK"
13792,10403888411,10403888444,1,"IOTHUB_CLIENT_CONFIRMATION_OK"
13793,10403888612,10403888650,1,"IOTHUB_CLIENT_CONFIRMATION_OK"
13794,10403888812,10403888851,1,"IOTHUB_CLIENT_CONFIRMATION_OK"
13795,10403889012,10403889045,1,"IOTHUB_CLIENT_CONFIRMATION_OK"
13796,10403889212,10403889245,1,"IOTHUB_CLIENT_CONFIRMATION_OK"
13797,10403889412,10403889452,1,"IOTHUB_CLIENT_CONFIRMATION_OK"
13798,10403889612,10403889644,1,"IOTHUB_CLIENT_CONFIRMATION_OK"
13799,10403889813,10403889850,1,"IOTHUB_CLIENT_CONFIRMATION_OK"
13800,10403890013,10403890048,1,"IOTHUB_CLIENT_CONFIRMATION_OK"
13801,10403890213,10403890250,1,"IOTHUB_CLIENT_CONFIRMATION_OK"
13802,10403890413,10403890506,1,"IOTHUB_CLIENT_CONFIRMATION_OK"
13803,10403890613,10403890662,1,"IOTHUB_CLIENT_CONFIRMATION_OK"
13804,10403890813,10403890869,1,"IOTHUB_CLIENT_CONFIRMATION_OK"
13805,10403891014,10403891140,1,"IOTHUB_CLIENT_CONFIRMATION_OK"
13806,10403891214,10403891246,1,"IOTHUB_CLIENT_CONFIRMATION_OK"
13807,10403891414,10403891446,1,"IOTHUB_CLIENT_CONFIRMATION_OK"
13808,10403891614,10403891671,1,"IOTHUB_CLIENT_CONFIRMATION_OK"
13809,10403891814,10403891849,1,"IOTHUB_CLIENT_CONFIRMATION_OK"
13810,10403892014,10403892153,1,"IOTHUB_CLIENT_CONFIRMATION_OK"
13811,10403892214,10403892249,1,"IOTHUB_CLIENT_CONFIRMATION_OK"
13812,10403892415,10403892448,1,"IOTHUB_CLIENT_CONFIRMATION_OK"
13813,10403892615,10403892690,1,"IOTHUB_CLIENT_CONFIRMATION_OK"
13814,10403892815,10403892850,1,"IOTHUB_CLIENT_CONFIRMATION_OK"
13815,10403893015,10403893183,1,"IOTHUB_CLIENT_CONFIRMATION_OK"
13816,10403893215,10403893256,1,"IOTHUB_CLIENT_CONFIRMATION_OK"
13817,10403893415,10403893573,1,"IOTHUB_CLIENT_CONFIRMATION_OK"
13818,10403893616,10403893661,1,"IOTHUB_CLIENT_CONFIRMATION_OK"
13819,10403893816,10403893882,1,"IOTHUB_CLIENT_CONFIRMATION_OK"
13820,10403894016,10403894224,1,"IOTHUB_CLIENT_CONFIRMATION_OK"
13821,10403894216,10403894253,1,"IOTHUB_CLIENT_CONFIRMATION_OK"
13822,10403894416,10403894453,1,"IOTHUB_CLIENT_CONFIRMATION_OK"
13823,10403894616,10403894664,1,"IOTHUB_CLIENT_CONFIRMATION_OK"
13824,10403894817,10403894868,1,"IOTHUB_CLIENT_CONFIRMATION_OK"
13825,10403895017,10403895051,1,"IOTHUB_CLIENT_CONFIRMATION_OK"
13826,10403895217,10403895268,1,"IOTHUB_CLIENT_CONFIRMATION_OK"
13827,10403895417,10403895459,1,"IOTHUB_CLIENT_CONFIRMATION_OK"
13828,10403895617,10403895668,1,"IOTHUB_CLIENT_CONFIRMATION_OK"
13829,10403895817,10403895852,1,"IOTHUB_CLIENT_CONFIRMATION_OK"
13830,10403896017,10403896051,1,"IOTHUB_CLIENT_CONFIRMATION_OK"
13831,10403896218,10403896290,1,"IOTHUB_CLIENT_CONFIRMATION_OK"
13832,10403896418,10403896453,1,"IOTHUB_CLIENT_CONFIRMATION_OK"
13833,10403896618,10403896700,1,"IOTHUB_CLIENT_CONFIRMATION_OK"
13834,10403896818,10403896852,1,"IOTHUB_CLIENT_CONFIRMATION_OK"
13835,10403897018,10403897062,1,"IOTHUB_CLIENT_CONFIRMATION_OK"
13836,10403897218,10403897334,1,"IOTHUB_CLIENT_CONFIRMATION_OK"
13837,10403897419,10403897449,1,"IOTHUB_CLIENT_CONFIRMATION_OK"
13838,10403897619,10403897657,1,"IOTHUB_CLIENT_CONFIRMATION_OK"
13839,10403897819,10403897854,1,"IOTHUB_CLIENT_CONFIRMATION_OK"
13840,10403898019,10403898098,1,"IOTHUB_CLIENT_CONFIRMATION_OK"
13841,10403898219,10403898337,1,"IOTHUB_CLIENT_CONFIRMATION_OK"
13842,10403898427,10403898470,1,"IOTHUB_CLIENT_CONFIRMATION_OK"
13843,10403898627,10403898666,1,"IOTHUB_CLIENT_CONFIRMATION_OK"
13844,10403898827,10403898871,1,"IOTHUB_CLIENT_CONFIRMATION_OK"
13845,10403899027,10403899073,1,"IOTHUB_CLIENT_CONFIRMATION_OK"
13846,10403899228,10403899399,1,"IOTHUB_CLIENT_CONFIRMATION_OK"
13847,10403899428,10403899466,1,"IOTHUB_CLIENT_CONFIRMATION_OK"
13848,10403899628,10403899984,1,"IOTHUB_CLIENT_CONFIRMATION_OK"
13849,10403899828,10403900420,1,"IOTHUB_CLIENT_CONFIRMATION_OK"
13850,10403900028,10403900487,1,"IOTHUB_CLIENT_CONFIRMATION_OK"
13851,10403900229,10403900552,1,"IOTHUB_CLIENT_CONFIRMATION_OK"
13852,10403900429,10403900599,1,"IOTHUB_CLIENT_CONFIRMATION_OK"
13853,10403900629,10403900690,1,"IOTHUB_CLIENT_CONFIRMATION_OK"
13854,10403900829,10403900889,1,"IOTHUB_CLIENT_CONFIRMATION_OK"
13855,10403901029,10403901075,1,"IOTHUB_CLIENT_CONFIRMATION_OK"
13856,10403901229,10403901265,1,"IOTHUB_CLIENT_CONFIRMATION_OK"
13857,10403901430,10403901553,1,"IOTHUB_CLIENT_CONFIRMATION_OK"
13858,10403901630,10403901664,1,"IOTHUB_CLIENT_CONFIRMATION_OK"
13859,10403901830,10403901871,1,"IOTHUB_CLIENT_CONFIRMATION_OK"
13860,10403902030,10403902069,1,"IOTHUB_CLIENT_CONFIRMATION_OK"
13861,10403902230,10403902270,1,"IOTHUB_CLIENT_CONFIRMATION_OK"
13862,10403902430,10403902479,1,"IOTHUB_CLIENT_CONFIRMATION_OK"
13863,10403902631,10403902677,1,"IOTHUB_CLIENT_CONFIRMATION_OK"
13864,10403902831,10403902872,1,"IOTHUB_CLIENT_CONFIRMATION_OK"
13865,10403903031,10403903074,1,"IOTHUB_CLIENT_CONFIRMATION_OK"
13866,10403903231,10403903282,1,"IOTHUB_CLIENT_CONFIRMATION_OK"
13867,10403903431,10403903484,1,"IOTHUB_CLIENT_CONFIRMATION_OK"
13868,10403903631,10403903677,1,"IOTHUB_CLIENT_CONFIRMATION_OK"
13869,10403903832,10403903870,1,"IOTHUB_CLIENT_CONFIRMATION_OK"
13870,10403904032,10403904070,1,"IOTHUB_CLIENT_CONFIRMATION_OK"
13871,10403904232,10403904267,1,"IOTHUB_CLIENT_CONFIRMATION_OK"
13872,10403904432,10403904505,1,"IOTHUB_CLIENT_CONFIRMATION_OK"
13873,10403904632,10403904775,1,"IOTHUB_CLIENT_CONFIRMATION_OK"
13874,10403904832,10403904882,1,"IOTHUB_CLIENT_CONFIRMATION_OK"
13875,10403905033,10403905068,1,"IOTHUB_CLIENT_CONFIRMATION_OK"
13876,10403905233,10403905270,1,"IOTHUB_CLIENT_CONFIRMATION_OK"
13877,10403905433,10403905592,1,"IOTHUB_CLIENT_CONFIRMATION_OK"
13878,10403905633,10403905681,1,"IOTHUB_CLIENT_CONFIRMATION_OK"
13879,10403905833,10403905870,1,"IOTHUB_CLIENT_CONFIRMATION_OK"
13880,10403906033,10403906068,1,"IOTHUB_CLIENT_CONFIRMATION_OK"
13881,10403906233,10403906273,1,"IOTHUB_CLIENT_CONFIRMATION_OK"
13882,10403906434,10403906669,1,"IOTHUB_CLIENT_CONFIRMATION_OK"
13883,10403906634,10403906701,1,"IOTHUB_CLIENT_CONFIRMATION_OK"
13884,10403906834,10403906903,1,"IOTHUB_CLIENT_CONFIRMATION_OK"
13885,10403907034,10403907068,1,"IOTHUB_CLIENT_CONFIRMATION_OK"
13886,10403907234,10403907271,1,"IOTHUB_CLIENT_CONFIRMATION_OK"
13887,10403907434,10403907472,1,"IOTHUB_CLIENT_CONFIRMATION_OK"
13888,10403907635,10403907678,1,"IOTHUB_CLIENT_CONFIRMATION_OK"
13889,10403907835,10403907873,1,"IOTHUB_CLIENT_CONFIRMATION_OK"
13890,10403908035,10403908075,1,"IOTHUB_CLIENT_CONFIRMATION_OK"
13891,10403908235,10403908290,1,"IOTHUB_CLIENT_CONFIRMATION_OK"
13892,10403908435,10403908470,1,"IOTHUB_CLIENT_CONFIRMATION_OK"
13893,10403908635,10403908683,1,"IOTHUB_CLIENT_CONFIRMATION_OK"
13894,10403908836,10403908865,1,"IOTHUB_CLIENT_CONFIRMATION_OK"
13895,10403909036,10403909087,1,"IOTHUB_CLIENT_CONFIRMATION_OK"
13896,10403909236,10403909272,1,"IOTHUB_CLIENT_CONFIRMATION_OK"
13897,10403909436,10403909472,1,"IOTHUB_CLIENT_CONFIRMATION_OK"
13898,10403909636,10403909699,1,"IOTHUB_CLIENT_CONFIRMATION_OK"
13899,10403909836,10403909880,1,"IOTHUB_CLIENT_CONFIRMATION_OK"
13900,10403910037,10403910073,1,"IOTHUB_CLIENT_CONFIRMATION_OK"
13901,10403910237,10403910273,1,"IOTHUB_CLIENT_CONFIRMATION_OK"
13902,10403910437,10403910473,1,"IOTHUB_CLIENT_CONFIRMATION_OK"
13903,10403910637,10403910788,1,"IOTHUB_CLIENT_CONFIRMATION_OK"
13904,10403910837,10403910876,1,"IOTHUB_CLIENT_CONFIRMATION_OK"
13905,10403911037,10403911079,1,"IOTHUB_CLIENT_CONFIRMATION_OK"
13906,10403911237,10403911278,1,"IOTHUB_CLIENT_CONFIRMATION_OK"
13907,10403911438,10403911474,1,"IOTHUB_CLIENT_CONFIRMATION_OK"
13908,10403911638,10403911835,1,"IOTHUB_CLIENT_CONFIRMATION_OK"
13909,10403911838,10403911885,1,"IOTHUB_CLIENT_CONFIRMATION_OK"
13910,10403912038,10403912089,1,"IOTHUB_CLIENT_CONFIRMATION_OK"
13911,10403912238,10403912280,1,"IOTHUB_CLIENT_CONFIRMATION_OK"
13912,10403912438,10403912490,1,"IOTHUB_CLIENT_CONFIRMATION_OK"
13913,10403912639,10403912676,1,"IOTHUB_CLIENT_CONFIRMATION_OK"
13914,10403912839,10403912890,1,"IOTHUB_CLIENT_CONFIRMATION_OK"
13915,10403913039,10403913077,1,"IOTHUB_CLIENT_CONFIRMATION_OK"
13916,10403913239,10403913310,1,"IOTHUB_CLIENT_CONFIRMATION_OK"
13917,10403913439,10403913478,1,"IOTHUB_CLIENT_CONFIRMATION_OK"
13918,10403913639,10403913679,1,"IOTHUB_CLIENT_CONFIRMATION_OK"
13919,10403913840,10403913873,1,"IOTHUB_CLIENT_CONFIRMATION_OK"
13920,10403914040,10403914078,1,"IOTHUB_CLIENT_CONFIRMATION_OK"
13921,10403914240,10403914330,1,"IOTHUB_CLIENT_CONFIRMATION_OK"
13922,10403914440,10403914484,1,"IOTHUB_CLIENT_CONFIRMATION_OK"
13923,10403914640,10403914680,1,"IOTHUB_CLIENT_CONFIRMATION_OK"
13924,10403914840,10403914939,1,"IOTHUB_CLIENT_CONFIRMATION_OK"
13925,10403915041,10403915082,1,"IOTHUB_CLIENT_CONFIRMATION_OK"
13926,10403915241,10403915343,1,"IOTHUB_CLIENT_CONFIRMATION_OK"
13927,10403915441,10403915477,1,"IOTHUB_CLIENT_CONFIRMATION_OK"
13928,10403915641,10403915693,1,"IOTHUB_CLIENT_CONFIRMATION_OK"
13929,10403915841,10403915989,1,"IOTHUB_CLIENT_CONFIRMATION_OK"
13930,10403916041,10403916080,1,"IOTHUB_CLIENT_CONFIRMATION_OK"
13931,10403916242,10403916296,1,"IOTHUB_CLIENT_CONFIRMATION_OK"
13932,10403916442,10403916476,1,"IOTHUB_CLIENT_CONFIRMATION_OK"
13933,10403916642,10403916685,1,"IOTHUB_CLIENT_CONFIRMATION_OK"
13934,10403916842,10403917004,1,"IOTHUB_CLIENT_CONFIRMATION_OK"
13935,10403917042,10403917079,1,"IOTHUB_CLIENT_CONFIRMATION_OK"
13936,10403917242,10403917282,1,"IOTHUB_CLIENT_CONFIRMATION_OK"
13937,10403917442,10403917481,1,"IOTHUB_CLIENT_CONFIRMATION_OK"
13938,10403917643,10403917680,1,"IOTHUB_CLIENT_CONFIRMATION_OK"
13939,10403917843,10403918010,1,"IOTHUB_CLIENT_CONFIRMATION_OK"
13940,10403918043,10403918080,1,"IOTHUB_CLIENT_CONFIRMATION_OK"
13941,10403918243,10403918287,1,"IOTHUB_CLIENT_CONFIRMATION_OK"
13942,10403918443,10403918527,1,"IOTHUB_CLIENT_CONFIRMATION_OK"
13943,10403918643,10403918677,1,"IOTHUB_CLIENT_CONFIRMATION_OK"
13944,10403918844,10403918881,1,"IOTHUB_CLIENT_CONFIRMATION_OK"
13945,10403919044,10403919081,1,"IOTHUB_CLIENT_CONFIRMATION_OK"
13946,10403919244,10403919283,1,"IOTHUB_CLIENT_CONFIRMATION_OK"
13947,10403919444,10403919517,1,"IOTHUB_CLIENT_CONFIRMATION_OK"
13948,10403919644,10403919684,1,"IOTHUB_CLIENT_CONFIRMATION_OK"
13949,10403919844,10403919884,1,"IOTHUB_CLIENT_CONFIRMATION_OK"
13950,10403920045,10403920081,1,"IOTHUB_CLIENT_CONFIRMATION_OK"
13951,10403920245,10403920279,1,"IOTHUB_CLIENT_CONFIRMATION_OK"
13952,10403920445,10403920621,1,"IOTHUB_CLIENT_CONFIRMATION_OK"
13953,10403920645,10403920684,1,"IOTHUB_CLIENT_CONFIRMATION_OK"
13954,10403920845,10403920889,1,"IOTHUB_CLIENT_CONFIRMATION_OK"
13955,10403921045,10403921078,1,"IOTHUB_CLIENT_CONFIRMATION_OK"
13956,10403921245,10403921281,1,"IOTHUB_CLIENT_CONFIRMATION_OK"
13957,10403921446,10403921655,1,"IOTHUB_CLIENT_CONFIRMATION_OK"
13958,10403921646,10403921687,1,"IOTHUB_CLIENT_CONFIRMATION_OK"
13959,10403921846,10403921884,1,"IOTHUB_CLIENT_CONFIRMATION_OK"
13960,10403922046,10403922085,1,"IOTHUB_CLIENT_CONFIRMATION_OK"
13961,10403922246,10403922283,1,"IOTHUB_CLIENT_CONFIRMATION_OK"
13962,10403922446,10403922495,1,"IOTHUB_CLIENT_CONFIRMATION_OK"
13963,10403922647,10403922751,1,"IOTHUB_CLIENT_CONFIRMATION_OK"
13964,10403922847,10403922887,1,"IOTHUB_CLIENT_CONFIRMATION_OK"
13965,10403923047,10403923154,1,"IOTHUB_CLIENT_CONFIRMATION_OK"
13966,10403923247,10403923305,1,"IOTHUB_CLIENT_CONFIRMATION_OK"
13967,10403923447,10403923485,1,"IOTHUB_CLIENT_CONFIRMATION_OK"
13968,10403923647,10403923682,1,"IOTHUB_CLIENT_CONFIRMATION_OK"
13969,10403923847,10403923901,1,"IOTHUB_CLIENT_CONFIRMATION_OK"
13970,10403924048,10403924293,1,"IOTHUB_CLIENT_CONFIRMATION_OK"
13971,10403924248,10403924321,1,"IOTHUB_CLIENT_CONFIRMATION_OK"
13972,10403924448,10403924484,1,"IOTHUB_CLIENT_CONFIRMATION_OK"
13973,10403924648,10403924704,1,"IOTHUB_CLIENT_CONFIRMATION_OK"
13974,10403924848,10403924886,1,"IOTHUB_CLIENT_CONFIRMATION_OK"
13975,10403925048,10403925077,1,"IOTHUB_CLIENT_CONFIRMATION_OK"
13976,10403925249,10403925285,1,"IOTHUB_CLIENT_CONFIRMATION_OK"
13977,10403925449,10403925492,1,"IOTHUB_CLIENT_CONFIRMATION_OK"
13978,10403925649,10403925721,1,"IOTHUB_CLIENT_CONFIRMATION_OK"
13979,10403925849,10403925886,1,"IOTHUB_CLIENT_CONFIRMATION_OK"
13980,10403926049,10403926084,1,"IOTHUB_CLIENT_CONFIRMATION_OK"
13981,10403926250,10403926337,1,"IOTHUB_CLIENT_CONFIRMATION_OK"
13982,10403926450,10403926546,1,"IOTHUB_CLIENT_CONFIRMATION_OK"
13983,10403926650,10403926736,1,"IOTHUB_CLIENT_CONFIRMATION_OK"
13984,10403926850,10403926887,1,"IOTHUB_CLIENT_CONFIRMATION_OK"
13985,10403927050,10403927091,1,"IOTHUB_CLIENT_CONFIRMATION_OK"
13986,10403927250,10403927345,1,"IOTHUB_CLIENT_CONFIRMATION_OK"
13987,10403927450,10403927492,1,"IOTHUB_CLIENT_CONFIRMATION_OK"
13988,10403927651,10403927695,1,"IOTHUB_CLIENT_CONFIRMATION_OK"
13989,10403927851,10403927893,1,"IOTHUB_CLIENT_CONFIRMATION_OK"
13990,10403928051,10403928094,1,"IOTHUB_CLIENT_CONFIRMATION_OK"
13991,10403928251,10403928383,1,"IOTHUB_CLIENT_CONFIRMATION_OK"
13992,10403928451,10403928487,1,"IOTHUB_CLIENT_CONFIRMATION_OK"
13993,10403928651,10403928684,1,"IOTHUB_CLIENT_CONFIRMATION_OK"
13994,10403928852,10403928895,1,"IOTHUB_CLIENT_CONFIRMATION_OK"
13995,10403929052,10403929092,1,"IOTHUB_CLIENT_CONFIRMATION_OK"
13996,10403929252,10403929434,1,"IOTHUB_CLIENT_CONFIRMATION_OK"
13997,10403929452,10403929490,1,"IOTHUB_CLIENT_CONFIRMATION_OK"
13998,10403929652,10403929693,1,"IOTHUB_CLIENT_CONFIRMATION_OK"
13999,10403929852,10403930029,1,"IOTHUB_CLIENT_CONFIRMATION_OK"
14000,10403930053,10403930095,1,"IOTHUB_CLIENT_CONFIRMATION_OK"
14001,10403930253,10403930432,1,"IOTHUB_CLIENT_CONFIRMATION_OK"
14002,10403930453,10403930501,1,"IOTHUB_CLIENT_CONFIRMATION_OK"
14003,10403930653,10403930692,1,"IOTHUB_CLIENT_CONFIRMATION_OK"
14004,10403930853,10403930897,1,"IOTHUB_CLIENT_CONFIRMATION_OK"
14005,10403931053,10403931087,1,"IOTHUB_CLIENT_CONFIRMATION_OK"
14006,10403931253,10403931298,1,"IOTHUB_CLIENT_CONFIRMATION_OK"
14007,10403931454,10403931498,1,"IOTHUB_CLIENT_CONFIRMATION_OK"
14008,10403931654,10403931703,1,"IOTHUB_CLIENT_CONFIRMATION_OK"
14009,10403931854,10403931896,1,"IOTHUB_CLIENT_CONFIRMATION_OK"
14010,10403932054,10403932091,1,"IOTHUB_CLIENT_CONFIRMATION_OK"
14011,10403932254,10403932294,1,"IOTHUB_CLIENT_CONFIRMATION_OK"
14012,10403932454,10403932506,1,"IOTHUB_CLIENT_CONFIRMATION_OK"
14013,10403932655,10403932694,1,"IOTHUB_CLIENT_CONFIRMATION_OK"
14014,10403932855,10403932895,1,"IOTHUB_CLIENT_CONFIRMATION_OK"
14015,10403933055,10403933096,1,"IOTHUB_CLIENT_CONFIRMATION_OK"
14016,10403933255,10403933291,1,"IOTHUB_CLIENT_CONFIRMATION_OK"
14017,10403933455,10403933497,1,"IOTHUB_CLIENT_CONFIRMATION_OK"
14018,10403933655,10403933695,1,"IOTHUB_CLIENT_CONFIRMATION_OK"
14019,10403933856,10403933914,1,"IOTHUB_CLIENT_CONFIRMATION_OK"
14020,10403934056,10403934093,1,"IOTHUB_CLIENT_CONFIRMATION_OK"
14021,10403934256,10403934292,1,"IOTHUB_CLIENT_CONFIRMATION_OK"
14022,10403934456,10403934518,1,"IOTHUB_CLIENT_CONFIRMATION_OK"
14023,10403934656,10403934699,1,"IOTHUB_CLIENT_CONFIRMATION_OK"
14024,10403934856,10403934896,1,"IOTHUB_CLIENT_CONFIRMATION_OK"
14025,10403935057,10403935135,1,"IOTHUB_CLIENT_CONFIRMATION_OK"
14026,10403935257,10403935296,1,"IOTHUB_CLIENT_CONFIRMATION_OK"
14027,10403935457,10403935527,1,"IOTHUB_CLIENT_CONFIRMATION_OK"
14028,10403935657,10403935694,1,"IOTHUB_CLIENT_CONFIRMATION_OK"
14029,10403935857,10403935894,1,"IOTHUB_CLIENT_CONFIRMATION_OK"
14030,10403936057,10403936156,1,"IOTHUB_CLIENT_CONFIRMATION_OK"
14031,10403936258,10403936307,1,"IOTHUB_CLIENT_CONFIRMATION_OK"
14032,10403936458,10403936543,1,"IOTHUB_CLIENT_CONFIRMATION_OK"
14033,10403936658,10403936694,1,"IOTHUB_CLIENT_CONFIRMATION_OK"
14034,10403936858,10403936897,1,"IOTHUB_CLIENT_CONFIRMATION_OK"
14035,10403937058,10403937163,1,"IOTHUB_CLIENT_CONFIRMATION_OK"
14036,10403937258,10403937293,1,"IOTHUB_CLIENT_CONFIRMATION_OK"
14037,10403937459,10403937495,1,"IOTHUB_CLIENT_CONFIRMATION_OK"
14038,10403937659,10403937700,1,"IOTHUB_CLIENT_CONFIRMATION_OK"
14039,10403937859,10403937903,1,"IOTHUB_CLIENT_CONFIRMATION_OK"
14040,10403938059,10403938169,1,"IOTHUB_CLIENT_CONFIRMATION_OK"
14041,10403938259,10403938324,1,"IOTHUB_CLIENT_CONFIRMATION_OK"
14042,10403938459,10403938499,1,"IOTHUB_CLIENT_CONFIRMATION_OK"
14043,10403938660,10403938698,1,"IOTHUB_CLIENT_CONFIRMATION_OK"
14044,10403938860,10403938914,1,"IOTHUB_CLIENT_CONFIRMATION_OK"
14045,10403939060,10403939264,1,"IOTHUB_CLIENT_CONFIRMATION_OK"
14046,10403939260,10403939303,1,"IOTHUB_CLIENT_CONFIRMATION_OK"
14047,10403939460,10403939495,1,"IOTHUB_CLIENT_CONFIRMATION_OK"
14048,10403939660,10403939702,1,"IOTHUB_CLIENT_CONFIRMATION_OK"
14049,10403939860,10403939900,1,"IOTHUB_CLIENT_CONFIRMATION_OK"
14050,10403940061,10403940101,1,"IOTHUB_CLIENT_CONFIRMATION_OK"
14051,10403940261,10403940339,1,"IOTHUB_CLIENT_CONFIRMATION_OK"
14052,10403940461,10403940509,1,"IOTHUB_CLIENT_CONFIRMATION_OK"
14053,10403940661,10403940714,1,"IOTHUB_CLIENT_CONFIRMATION_OK"
14054,10403940861,10403940924,1,"IOTHUB_CLIENT_CONFIRMATION_OK"
14055,10403941061,10403941089,1,"IOTHUB_CLIENT_CONFIRMATION_OK"
14056,10403941262,10403941324,1,"IOTHUB_CLIENT_CONFIRMATION_OK"
14057,10403941462,10403941495,1,"IOTHUB_CLIENT_CONFIRMATION_OK"
14058,10403941664,10403941714,1,"IOTHUB_CLIENT_CONFIRMATION_OK"
14059,10403941864,10403941901,1,"IOTHUB_CLIENT_CONFIRMATION_OK"
14060,10403942064,10403942112,1,"IOTHUB_CLIENT_CONFIRMATION_OK"
14061,10403942264,10403942339,1,"IOTHUB_CLIENT_CONFIRMATION_OK"
14062,10403942464,10403942512,1,"IOTHUB_CLIENT_CONFIRMATION_OK"
14063,10403942665,10403942701,1,"IOTHUB_CLIENT_CONFIRMATION_OK"
14064,10403942865,10403942900,1,"IOTHUB_CLIENT_CONFIRMATION_OK"
14065,10403943065,10403943109,1,"IOTHUB_CLIENT_CONFIRMATION_OK"
14066,10403943265,10403943393,1,"IOTHUB_CLIENT_CONFIRMATION_OK"
14067,10403943465,10403943502,1,"IOTHUB_CLIENT_CONFIRMATION_OK"
14068,10403943665,10403943710,1,"IOTHUB_CLIENT_CONFIRMATION_OK"
14069,10403943866,10403943902,1,"IOTHUB_CLIENT_CONFIRMATION_OK"
14070,10403944066,10403944106,1,"IOTHUB_CLIENT_CONFIRMATION_OK"
14071,10403944266,10403944406,1,"IOTHUB_CLIENT_CONFIRMATION_OK"
14072,10403944466,10403944503,1,"IOTHUB_CLIENT_CONFIRMATION_OK"
14073,10403944666,10403944705,1,"IOTHUB_CLIENT_CONFIRMATION_OK"
14074,10403944866,10403944919,1,"IOTHUB_CLIENT_CONFIRMATION_OK"
14075,10403945067,10403945102,1,"IOTHUB_CLIENT_CONFIRMATION_OK"
14076,10403945267,10403945421,1,"IOTHUB_CLIENT_CONFIRMATION_OK"
14077,10403945467,10403945502,1,"IOTHUB_CLIENT_CONFIRMATION_OK"
14078,10403945667,10403945702,1,"IOTHUB_CLIENT_CONFIRMATION_OK"
14079,10403945867,10403945903,1,"IOTHUB_CLIENT_CONFIRMATION_OK"
14080,10403946067,10403946112,1,"IOTHUB_CLIENT_CONFIRMATION_OK"
14081,10403946268,10403946302,1,"IOTHUB_CLIENT_CONFIRMATION_OK"
14082,10403946468,10403946517,1,"IOTHUB_CLIENT_CONFIRMATION_OK"
14083,10403946668,10403946705,1,"IOTHUB_CLIENT_CONFIRMATION_OK"
14084,10403946868,10403946923,1,"IOTHUB_CLIENT_CONFIRMATION_OK"
14085,10403947068,10403947110,1,"IOTHUB_CLIENT_CONFIRMATION_OK"
14086,10403947268,10403947302,1,"IOTHUB_CLIENT_CONFIRMATION_OK"
14087,10403947469,10403947513,1,"IOTHUB_CLIENT_CONFIRMATION_OK"
14088,10403947669,10403947709,1,"IOTHUB_CLIENT_CONFIRMATION_OK"
14089,10403947869,10403947919,1,"IOTHUB_CLIENT_CONFIRMATION_OK"
14090,10403948069,10403948114,1,"IOTHUB_CLIENT_CONFIRMATION_OK"
14091,10403948269,10403948325,1,"IOTHUB_CLIENT_CONFIRMATION_OK"
14092,10403948469,10403948540,1,"IOTHUB_CLIENT_CONFIRMATION_OK"
14093,10403948670,10403948708,1,"IOTHUB_CLIENT_CONFIRMATION_OK"
14094,10403948870,10403948907,1,"IOTHUB_CLIENT_CONFIRMATION_OK"
14095,10403949070,10403949101,1,"IOTHUB_CLIENT_CONFIRMATION_OK"
14096,10403949270,10403949311,1,"IOTHUB_CLIENT_CONFIRMATION_OK"
14097,10403949470,10403949546,1,"IOTHUB_CLIENT_CONFIRMATION_OK"
14098,10403949670,10403949707,1,"IOTHUB_CLIENT_CONFIRMATION_OK"
14099,10403949870,10403949908,1,"IOTHUB_CLIENT_CONFIRMATION_OK"
14100,10403950071,10403950156,1,"IOTHUB_CLIENT_CONFIRMATION_OK"
14101,10403950271,10403950305,1,"IOTHUB_CLIENT_CONFIRMATION_OK"
14102,10403950471,10403950580,1,"IOTHUB_CLIENT_CONFIRMATION_OK"
14103,10403950671,10403950709,1,"IOTHUB_CLIENT_CONFIRMATION_OK"
14104,10403950871,10403950915,1,"IOTHUB_CLIENT_CONFIRMATION_OK"
14105,10403951071,10403951118,1,"IOTHUB_CLIENT_CONFIRMATION_OK"
14106,10403951272,10403951307,1,"IOTHUB_CLIENT_CONFIRMATION_OK"
14107,10403951472,10403951606,1,"IOTHUB_CLIENT_CONFIRMATION_OK"
14108,10403951672,10403951717,1,"IOTHUB_CLIENT_CONFIRMATION_OK"
14109,10403951872,10403951909,1,"IOTHUB_CLIENT_CONFIRMATION_OK"
14110,10403952072,10403952246,1,"IOTHUB_CLIENT_CONFIRMATION_OK"
14111,10403952272,10403952322,1,"IOTHUB_CLIENT_CONFIRMATION_OK"
14112,10403952473,10403952511,1,"IOTHUB_CLIENT_CONFIRMATION_OK"
14113,10403952673,10403952708,1,"IOTHUB_CLIENT_CONFIRMATION_OK"
14114,10403952873,10403952913,1,"IOTHUB_CLIENT_CONFIRMATION_OK"
14115,10403953073,10403953267,1,"IOTHUB_CLIENT_CONFIRMATION_OK"
14116,10403953273,10403953318,1,"IOTHUB_CLIENT_CONFIRMATION_OK"
14117,10403953473,10403953621,1,"IOTHUB_CLIENT_CONFIRMATION_OK"
14118,10403953673,10403953716,1,"IOTHUB_CLIENT_CONFIRMATION_OK"
14119,10403953874,10403953919,1,"IOTHUB_CLIENT_CONFIRMATION_OK"
14120,10403954074,10403954284,1,"IOTHUB_CLIENT_CONFIRMATION_OK"
14121,10403954274,10403954315,1,"IOTHUB_CLIENT_CONFIRMATION_OK"
14122,10403954474,10403954507,1,"IOTHUB_CLIENT_CONFIRMATION_OK"
14123,10403954674,10403954744,1,"IOTHUB_CLIENT_CONFIRMATION_OK"
14124,10403954874,10403954927,1,"IOTHUB_CLIENT_CONFIRMATION_OK"
14125,10403955075,10403955108,1,"IOTHUB_CLIENT_CONFIRMATION_OK"
14126,10403955275,10403955315,1,"IOTHUB_CLIENT_CONFIRMATION_OK"
14127,10403955475,10403955514,1,"IOTHUB_CLIENT_CONFIRMATION_OK"
14128,10403955675,10403955720,1,"IOTHUB_CLIENT_CONFIRMATION_OK"
14129,10403955875,10403955911,1,"IOTHUB_CLIENT_CONFIRMATION_OK"
14130,10403956075,10403956132,1,"IOTHUB_CLIENT_CONFIRMATION_OK"
14131,10403956276,10403956330,1,"IOTHUB_CLIENT_CONFIRMATION_OK"
14132,10403956476,10403956519,1,"IOTHUB_CLIENT_CONFIRMATION_OK"
14133,10403956676,10403956720,1,"IOTHUB_CLIENT_CONFIRMATION_OK"
14134,10403956876,10403956936,1,"IOTHUB_CLIENT_CONFIRMATION_OK"
14135,10403957076,10403957112,1,"IOTHUB_CLIENT_CONFIRMATION_OK"
14136,10403957276,10403957358,1,"IOTHUB_CLIENT_CONFIRMATION_OK"
14137,10403957476,10403957513,1,"IOTHUB_CLIENT_CONFIRMATION_OK"
14138,10403957677,10403957711,1,"IOTHUB_CLIENT_CONFIRMATION_OK"
14139,10403957877,10403957918,1,"IOTHUB_CLIENT_CONFIRMATION_OK"
14140,10403958077,10403958122,1,"IOTHUB_CLIENT_CONFIRMATION_OK"
14141,10403958277,10403958374,1,"IOTHUB_CLIENT_CONFIRMATION_OK"
14142,10403958477,10403958520,1,"IOTHUB_CLIENT_CONFIRMATION_OK"
14143,10403958677,10403958718,1,"IOTHUB_CLIENT_CONFIRMATION_OK"
14144,10403958878,10403958918,1,"IOTHUB_CLIENT_CONFIRMATION_OK"
14145,10403959078,10403959113,1,"IOTHUB_CLIENT_CONFIRMATION_OK"
14146,10403959278,10403959386,1,"IOTHUB_CLIENT_CONFIRMATION_OK"
14147,10403959478,10403959531,1,"IOTHUB_CLIENT_CONFIRMATION_OK"
14148,10403959678,10403959766,1,"IOTHUB_CLIENT_CONFIRMATION_OK"
14149,10403959878,10403959990,1,"IOTHUB_CLIENT_CONFIRMATION_OK"
14150,10403960079,10403960114,1,"IOTHUB_CLIENT_CONFIRMATION_OK"
14151,10403960279,10403960391,1,"IOTHUB_CLIENT_CONFIRMATION_OK"
14152,10403960479,10403960519,1,"IOTHUB_CLIENT_CONFIRMATION_OK"
14153,10403960679,10403960716,1,"IOTHUB_CLIENT_CONFIRMATION_OK"
14154,10403960879,10403961011,1,"IOTHUB_CLIENT_CONFIRMATION_OK"
14155,10403961079,10403961114,1,"IOTHUB_CLIENT_CONFIRMATION_OK"
14156,10403961280,10403961321,1,"IOTHUB_CLIENT_CONFIRMATION_OK"
14157,10403961480,10403961516,1,"IOTHUB_CLIENT_CONFIRMATION_OK"
14158,10403961680,10403961716,1,"IOTHUB_CLIENT_CONFIRMATION_OK"
14159,10403961880,10403962028,1,"IOTHUB_CLIENT_CONFIRMATION_OK"
14160,10403962080,10403962118,1,"IOTHUB_CLIENT_CONFIRMATION_OK"
14161,10403962280,10403962324,1,"IOTHUB_CLIENT_CONFIRMATION_OK"
14162,10403962481,10403962521,1,"IOTHUB_CLIENT_CONFIRMATION_OK"
14163,10403962681,10403962725,1,"IOTHUB_CLIENT_CONFIRMATION_OK"
14164,10403962881,10403963034,1,"IOTHUB_CLIENT_CONFIRMATION_OK"
14165,10403963081,10403963122,1,"IOTHUB_CLIENT_CONFIRMATION_OK"
14166,10403963281,10403963318,1,"IOTHUB_CLIENT_CONFIRMATION_OK"
14167,10403963481,10403963514,1,"IOTHUB_CLIENT_CONFIRMATION_OK"
14168,10403963681,10403963719,1,"IOTHUB_CLIENT_CONFIRMATION_OK"
14169,10403963882,10403963924,1,"IOTHUB_CLIENT_CONFIRMATION_OK"
14170,10403964082,10403964120,1,"IOTHUB_CLIENT_CONFIRMATION_OK"
14171,10403964282,10403964324,1,"IOTHUB_CLIENT_CONFIRMATION_OK"
14172,10403964482,10403964529,1,"IOTHUB_CLIENT_CONFIRMATION_OK"
14173,10403964682,10403964718,1,"IOTHUB_CLIENT_CONFIRMATION_OK"
14174,10403964882,10403964966,1,"IOTHUB_CLIENT_CONFIRMATION_OK"
14175,10403965083,10403965119,1,"IOTHUB_CLIENT_CONFIRMATION_OK"
14176,10403965283,10403965321,1,"IOTHUB_CLIENT_CONFIRMATION_OK"
14177,10403965483,10403965519,1,"IOTHUB_CLIENT_CONFIRMATION_OK"
14178,10403965683,10403965732,1,"IOTHUB_CLIENT_CONFIRMATION_OK"
14179,10403965883,10403965925,1,"IOTHUB_CLIENT_CONFIRMATION_OK"
14180,10403966083,10403966145,1,"IOTHUB_CLIENT_CONFIRMATION_OK"
14181,10403966284,10403966318,1,"IOTHUB_CLIENT_CONFIRMATION_OK"
14182,10403966484,10403966544,1,"IOTHUB_CLIENT_CONFIRMATION_OK"
14183,10403966684,10403966718,1,"IOTHUB_CLIENT_CONFIRMATION_OK"
14184,10403966884,10403966925,1,"IOTHUB_CLIENT_CONFIRMATION_OK"
14185,10403967084,10403967165,1,"IOTHUB_CLIENT_CONFIRMATION_OK"
14186,10403967284,10403967337,1,"IOTHUB_CLIENT_CONFIRMATION_OK"
14187,10403967485,10403967518,1,"IOTHUB_CLIENT_CONFIRMATION_OK"
14188,10403967685,10403967723,1,"IOTHUB_CLIENT_CONFIRMATION_OK"
14189,10403967885,10403967925,1,"IOTHUB_CLIENT_CONFIRMATION_OK"
14190,10403968085,10403968177,1,"IOTHUB_CLIENT_CONFIRMATION_OK"
14191,10403968285,10403968333,1,"IOTHUB_CLIENT_CONFIRMATION_OK"
14192,10403968485,10403968524,1,"IOTHUB_CLIENT_CONFIRMATION_OK"
14193,10403968685,10403968812,1,"IOTHUB_CLIENT_CONFIRMATION_OK"
14194,10403968886,10403968938,1,"IOTHUB_CLIENT_CONFIRMATION_OK"
14195,10403969086,10403969228,1,"IOTHUB_CLIENT_CONFIRMATION_OK"
14196,10403969286,10403969326,1,"IOTHUB_CLIENT_CONFIRMATION_OK"
14197,10403969486,10403969526,1,"IOTHUB_CLIENT_CONFIRMATION_OK"
14198,10403969686,10403969734,1,"IOTHUB_CLIENT_CONFIRMATION_OK"
14199,10403969886,10403969926,1,"IOTHUB_CLIENT_CONFIRMATION_OK"
14200,10403970087,10403970135,1,"IOTHUB_CLIENT_CONFIRMATION_OK"
14201,10403970287,10403970334,1,"IOTHUB_CLIENT_CONFIRMATION_OK"
14202,10403970487,10403970529,1,"IOTHUB_CLIENT_CONFIRMATION_OK"
14203,10403970687,10403970859,1,"IOTHUB_CLIENT_CONFIRMATION_OK"
14204,10403970887,10403970925,1,"IOTHUB_CLIENT_CONFIRMATION_OK"
14205,10403971087,10403971127,1,"IOTHUB_CLIENT_CONFIRMATION_OK"
14206,10403971288,10403971320,1,"IOTHUB_CLIENT_CONFIRMATION_OK"
14207,10403971488,10403971529,1,"IOTHUB_CLIENT_CONFIRMATION_OK"
14208,10403971688,10403971890,1,"IOTHUB_CLIENT_CONFIRMATION_OK"
14209,10403971888,10403971926,1,"IOTHUB_CLIENT_CONFIRMATION_OK"
14210,10403972088,10403972137,1,"IOTHUB_CLIENT_CONFIRMATION_OK"
14211,10403972288,10403972343,1,"IOTHUB_CLIENT_CONFIRMATION_OK"
14212,10403972489,10403972525,1,"IOTHUB_CLIENT_CONFIRMATION_OK"
14213,10403972689,10403972729,1,"IOTHUB_CLIENT_CONFIRMATION_OK"
14214,10403972889,10403972941,1,"IOTHUB_CLIENT_CONFIRMATION_OK"
14215,10403973089,10403973124,1,"IOTHUB_CLIENT_CONFIRMATION_OK"
14216,10403973289,10403973329,1,"IOTHUB_CLIENT_CONFIRMATION_OK"
14217,10403973489,10403973534,1,"IOTHUB_CLIENT_CONFIRMATION_OK"
14218,10403973690,10403973725,1,"IOTHUB_CLIENT_CONFIRMATION_OK"
14219,10403973890,10403973936,1,"IOTHUB_CLIENT_CONFIRMATION_OK"
14220,10403974090,10403974124,1,"IOTHUB_CLIENT_CONFIRMATION_OK"
14221,10403974290,10403974342,1,"IOTHUB_CLIENT_CONFIRMATION_OK"
14222,10403974490,10403974527,1,"IOTHUB_CLIENT_CONFIRMATION_OK"
14223,10403974690,10403974731,1,"IOTHUB_CLIENT_CONFIRMATION_OK"
14224,10403974891,10403974968,1,"IOTHUB_CLIENT_CONFIRMATION_OK"
14225,10403975091,10403975127,1,"IOTHUB_CLIENT_CONFIRMATION_OK"
14226,10403975291,10403975357,1,"IOTHUB_CLIENT_CONFIRMATION_OK"
14227,10403975491,10403975532,1,"IOTHUB_CLIENT_CONFIRMATION_OK"
14228,10403975691,10403975736,1,"IOTHUB_CLIENT_CONFIRMATION_OK"
14229,10403975891,10403975967,1,"IOTHUB_CLIENT_CONFIRMATION_OK"
14230,10403976092,10403976131,1,"IOTHUB_CLIENT_CONFIRMATION_OK"
14231,10403976292,10403976327,1,"IOTHUB_CLIENT_CONFIRMATION_OK"
14232,10403976492,10403976533,1,"IOTHUB_CLIENT_CONFIRMATION_OK"
14233,10403976692,10403976741,1,"IOTHUB_CLIENT_CONFIRMATION_OK"
14234,10403976892,10403976995,1,"IOTHUB_CLIENT_CONFIRMATION_OK"
14235,10403977092,10403977173,1,"IOTHUB_CLIENT_CONFIRMATION_OK"
14236,10403977292,10403977336,1,"IOTHUB_CLIENT_CONFIRMATION_OK"
14237,10403977493,10403977527,1,"IOTHUB_CLIENT_CONFIRMATION_OK"
14238,10403977693,10403977726,1,"IOTHUB_CLIENT_CONFIRMATION_OK"
14239,10403977893,10403978002,1,"IOTHUB_CLIENT_CONFIRMATION_OK"
14240,10403978093,10403978134,1,"IOTHUB_CLIENT_CONFIRMATION_OK"
14241,10403978293,10403978362,1,"IOTHUB_CLIENT_CONFIRMATION_OK"
14242,10403978493,10403978628,1,"IOTHUB_CLIENT_CONFIRMATION_OK"
14243,10403978694,10403978731,1,"IOTHUB_CLIENT_CONFIRMATION_OK"
14244,10403978894,10403978940,1,"IOTHUB_CLIENT_CONFIRMATION_OK"
14245,10403979094,10403979129,1,"IOTHUB_CLIENT_CONFIRMATION_OK"
14246,10403979294,10403979327,1,"IOTHUB_CLIENT_CONFIRMATION_OK"
14247,10403979494,10403979650,1,"IOTHUB_CLIENT_CONFIRMATION_OK"
14248,10403979695,10403979729,1,"IOTHUB_CLIENT_CONFIRMATION_OK"
14249,10403979895,10403979932,1,"IOTHUB_CLIENT_CONFIRMATION_OK"
14250,10403980095,10403980175,1,"IOTHUB_CLIENT_CONFIRMATION_OK"
14251,10403980295,10403980334,1,"IOTHUB_CLIENT_CONFIRMATION_OK"
14252,10403980495,10403980572,1,"IOTHUB_CLIENT_CONFIRMATION_OK"
14253,10403980695,10403980729,1,"IOTHUB_CLIENT_CONFIRMATION_OK"
14254,10403980895,10403980939,1,"IOTHUB_CLIENT_CONFIRMATION_OK"
14255,10403981096,10403981196,1,"IOTHUB_CLIENT_CONFIRMATION_OK"
14256,10403981296,10403981329,1,"IOTHUB_CLIENT_CONFIRMATION_OK"
14257,10403981496,10403981629,1,"IOTHUB_CLIENT_CONFIRMATION_OK"
14258,10403981696,10403981733,1,"IOTHUB_CLIENT_CONFIRMATION_OK"
14259,10403981896,10403981942,1,"IOTHUB_CLIENT_CONFIRMATION_OK"
14260,10403982096,10403982232,1,"IOTHUB_CLIENT_CONFIRMATION_OK"
14261,10403982297,10403982335,1,"IOTHUB_CLIENT_CONFIRMATION_OK"
14262,10403982497,10403982537,1,"IOTHUB_CLIENT_CONFIRMATION_OK"
14263,10403982697,10403982736,1,"IOTHUB_CLIENT_CONFIRMATION_OK"
14264,10403982897,10403983010,1,"IOTHUB_CLIENT_CONFIRMATION_OK"
14265,10403983097,10403983252,1,"IOTHUB_CLIENT_CONFIRMATION_OK"
14266,10403983297,10403983331,1,"IOTHUB_CLIENT_CONFIRMATION_OK"
14267,10403983497,10403983536,1,"IOTHUB_CLIENT_CONFIRMATION_OK"
14268,10403983698,10403983734,1,"IOTHUB_CLIENT_CONFIRMATION_OK"
14269,10403983898,10403983941,1,"IOTHUB_CLIENT_CONFIRMATION_OK"
14270,10403984098,10403984307,1,"IOTHUB_CLIENT_CONFIRMATION_OK"
14271,10403984298,10403984338,1,"IOTHUB_CLIENT_CONFIRMATION_OK"
14272,10403984498,10403984538,1,"IOTHUB_CLIENT_CONFIRMATION_OK"
14273,10403984698,10403984736,1,"IOTHUB_CLIENT_CONFIRMATION_OK"
14274,10403984902,10403984938,1,"IOTHUB_CLIENT_CONFIRMATION_OK"
14275,10403985102,10403985138,1,"IOTHUB_CLIENT_CONFIRMATION_OK"
14276,10403985302,10403985356,1,"IOTHUB_CLIENT_CONFIRMATION_OK"
14277,10403985502,10403985550,1,"IOTHUB_CLIENT_CONFIRMATION_OK"
14278,10403985702,10403985756,1,"IOTHUB_CLIENT_CONFIRMATION_OK"
14279,10403985902,10403985936,1,"IOTHUB_CLIENT_CONFIRMATION_OK"
14280,10403986103,10403986139,1,"IOTHUB_CLIENT_CONFIRMATION_OK"
14281,10403986303,10403986340,1,"IOTHUB_CLIENT_CONFIRMATION_OK"
14282,10403986503,10403986556,1,"IOTHUB_CLIENT_CONFIRMATION_OK"
14283,10403986703,10403986748,1,"IOTHUB_CLIENT_CONFIRMATION_OK"
14284,10403986903,10403986942,1,"IOTHUB_CLIENT_CONFIRMATION_OK"
14285,10403987103,10403987193,1,"IOTHUB_CLIENT_CONFIRMATION_OK"
14286,10403987304,10403987341,1,"IOTHUB_CLIENT_CONFIRMATION_OK"
14287,10403987504,10403987543,1,"IOTHUB_CLIENT_CONFIRMATION_OK"
14288,10403987704,10403987750,1,"IOTHUB_CLIENT_CONFIRMATION_OK"
14289,10403987904,10403987942,1,"IOTHUB_CLIENT_CONFIRMATION_OK"
14290,10403988104,10403988137,1,"IOTHUB_CLIENT_CONFIRMATION_OK"
14291,10403988304,10403988356,1,"IOTHUB_CLIENT_CONFIRMATION_OK"
14292,10403988504,10403988546,1,"IOTHUB_CLIENT_CONFIRMATION_OK"
14293,10403988705,10403988746,1,"IOTHUB_CLIENT_CONFIRMATION_OK"
14294,10403988905,10403989044,1,"IOTHUB_CLIENT_CONFIRMATION_OK"
14295,10403989105,10403989144,1,"IOTHUB_CLIENT_CONFIRMATION_OK"
14296,10403989305,10403989436,1,"IOTHUB_CLIENT_CONFIRMATION_OK"
14297,10403989505,10403989547,1,"IOTHUB_CLIENT_CONFIRMATION_OK"
14298,10403989706,10403989758,1,"IOTHUB_CLIENT_CONFIRMATION_OK"
14299,10403989906,10403989945,1,"IOTHUB_CLIENT_CONFIRMATION_OK"
14300,10403990106,10403990147,1,"IOTHUB_CLIENT_CONFIRMATION_OK"
14301,10403990306,10403990463,1,"IOTHUB_CLIENT_CONFIRMATION_OK"
14302,10403990506,10403990546,1,"IOTHUB_CLIENT_CONFIRMATION_OK"
14303,10403990706,10403990749,1,"IOTHUB_CLIENT_CONFIRMATION_OK"
14304,10403990907,10403990948,1,"IOTHUB_CLIENT_CONFIRMATION_OK"
14305,10403991107,10403991174,1,"IOTHUB_CLIENT_CONFIRMATION_OK"
14306,10403991307,10403991341,1,"IOTHUB_CLIENT_CONFIRMATION_OK"
14307,10403991507,10403991548,1,"IOTHUB_CLIENT_CONFIRMATION_OK"
14308,10403991707,10403991738,1,"IOTHUB_CLIENT_CONFIRMATION_OK"
14309,10403991907,10403991953,1,"IOTHUB_CLIENT_CONFIRMATION_OK"
14310,10403992107,10403992140,1,"IOTHUB_CLIENT_CONFIRMATION_OK"
14311,10403992308,10403992348,1,"IOTHUB_CLIENT_CONFIRMATION_OK"
14312,10403992508,10403992548,1,"IOTHUB_CLIENT_CONFIRMATION_OK"
14313,10403992708,10403992754,1,"IOTHUB_CLIENT_CONFIRMATION_OK"
14314,10403992908,10403992964,1,"IOTHUB_CLIENT_CONFIRMATION_OK"
14315,10403993108,10403993152,1,"IOTHUB_CLIENT_CONFIRMATION_OK"
14316,10403993308,10403993345,1,"IOTHUB_CLIENT_CONFIRMATION_OK"
14317,10403993508,10403993562,1,"IOTHUB_CLIENT_CONFIRMATION_OK"
14318,10403993709,10403993746,1,"IOTHUB_CLIENT_CONFIRMATION_OK"
14319,10403993909,10403993953,1,"IOTHUB_CLIENT_CONFIRMATION_OK"
14320,10403994109,10403994159,1,"IOTHUB_CLIENT_CONFIRMATION_OK"
14321,10403994309,10403994351,1,"IOTHUB_CLIENT_CONFIRMATION_OK"
14322,10403994509,10403994586,1,"IOTHUB_CLIENT_CONFIRMATION_OK"
14323,10403994709,10403994769,1,"IOTHUB_CLIENT_CONFIRMATION_OK"
14324,10403994910,10403994948,1,"IOTHUB_CLIENT_CONFIRMATION_OK"
14325,10403995110,10403995177,1,"IOTHUB_CLIENT_CONFIRMATION_OK"
14326,10403995310,10403995345,1,"IOTHUB_CLIENT_CONFIRMATION_OK"
14327,10403995510,10403995610,1,"IOTHUB_CLIENT_CONFIRMATION_OK"
14328,10403995710,10403995779,1,"IOTHUB_CLIENT_CONFIRMATION_OK"
14329,10403995910,10403995946,1,"IOTHUB_CLIENT_CONFIRMATION_OK"
14330,10403996111,10403996248,1,"IOTHUB_CLIENT_CONFIRMATION_OK"
14331,10403996311,10403996352,1,"IOTHUB_CLIENT_CONFIRMATION_OK"
14332,10403996511,10403996622,1,"IOTHUB_CLIENT_CONFIRMATION_OK"
14333,10403996711,10403996745,1,"IOTHUB_CLIENT_CONFIRMATION_OK"
14334,10403996911,10403996947,1,"IOTHUB_CLIENT_CONFIRMATION_OK"
14335,10403997111,10403997241,1,"IOTHUB_CLIENT_CONFIRMATION_OK"
14336,10403997312,10403997405,1,"IOTHUB_CLIENT_CONFIRMATION_OK"
14337,10403997512,10403997556,1,"IOTHUB_CLIENT_CONFIRMATION_OK"
14338,10403997712,10403997745,1,"IOTHUB_CLIENT_CONFIRMATION_OK"
14339,10403997915,10403997957,1,"IOTHUB_CLIENT_CONFIRMATION_OK"
14340,10403998115,10403998289,1,"IOTHUB_CLIENT_CONFIRMATION_OK"
14341,10403998316,10403998362,1,"IOTHUB_CLIENT_CONFIRMATION_OK"
14342,10403998516,10403998574,1,"IOTHUB_CLIENT_CONFIRMATION_OK"
14343,10403998716,10403998860,1,"IOTHUB_CLIENT_CONFIRMATION_OK"
14344,10403998916,10403998954,1,"IOTHUB_CLIENT_CONFIRMATION_OK"
14345,10403999116,10403999158,1,"IOTHUB_CLIENT_CONFIRMATION_OK"
14346,10403999316,10403999359,1,"IOTHUB_CLIENT_CONFIRMATION_OK"
14347,10403999517,10403999550,1,"IOTHUB_CLIENT_CONFIRMATION_OK"
14348,10403999717,10403999754,1,"IOTHUB_CLIENT_CONFIRMATION_OK"
14349,10403999917,10404000038,1,"IOTHUB_CLIENT_CONFIRMATION_OK"
14350,10404000117,10404000156,1,"IOTHUB_CLIENT_CONFIRMATION_OK"
14351,10404000317,10404000369,1,"IOTHUB_CLIENT_CONFIRMATION_OK"
14352,10404000517,10404000556,1,"IOTHUB_CLIENT_CONFIRMATION_OK"
14353,10404000717,10404000756,1,"IOTHUB_CLIENT_CONFIRMATION_OK"
14354,10404000918,10404000958,1,"IOTHUB_CLIENT_CONFIRMATION_OK"
14355,10404001118,10404001165,1,"IOTHUB_CLIENT_CONFIRMATION_OK"
14356,10404001318,10404001352,1,"IOTHUB_CLIENT_CONFIRMATION_OK"
14357,10404001518,10404001732,1,"IOTHUB_CLIENT_CONFIRMATION_OK"
14358,10404001718,10404001759,1,"IOTHUB_CLIENT_CONFIRMATION_OK"
14359,10404001918,10404001958,1,"IOTHUB_CLIENT_CONFIRMATION_OK"
14360,10404002119,10404002156,1,"IOTHUB_CLIENT_CONFIRMATION_OK"
14361,10404002319,10404002356,1,"IOTHUB_CLIENT_CONFIRMATION_OK"
14362,10404002519,10404002556,1,"IOTHUB_CLIENT_CONFIRMATION_OK"
14363,10404002719,10404002760,1,"IOTHUB_CLIENT_CONFIRMATION_OK"
14364,10404002919,10404002960,1,"IOTHUB_CLIENT_CONFIRMATION_OK"
14365,10404003119,10404003218,1,"IOTHUB_CLIENT_CONFIRMATION_OK"
14366,10404003320,10404003359,1,"IOTHUB_CLIENT_CONFIRMATION_OK"
14367,10404003520,10404003562,1,"IOTHUB_CLIENT_CONFIRMATION_OK"
14368,10404003720,10404003774,1,"IOTHUB_CLIENT_CONFIRMATION_OK"
14369,10404003920,10404003974,1,"IOTHUB_CLIENT_CONFIRMATION_OK"
14370,10404004120,10404004159,1,"IOTHUB_CLIENT_CONFIRMATION_OK"
14371,10404004320,10404004377,1,"IOTHUB_CLIENT_CONFIRMATION_OK"
14372,10404004520,10404004563,1,"IOTHUB_CLIENT_CONFIRMATION_OK"
14373,10404004721,10404004764,1,"IOTHUB_CLIENT_CONFIRMATION_OK"
14374,10404004921,10404004990,1,"IOTHUB_CLIENT_CONFIRMATION_OK"
14375,10404005121,10404005159,1,"IOTHUB_CLIENT_CONFIRMATION_OK"
14376,10404005321,10404005362,1,"IOTHUB_CLIENT_CONFIRMATION_OK"
14377,10404005521,10404005566,1,"IOTHUB_CLIENT_CONFIRMATION_OK"
14378,10404005721,10404005782,1,"IOTHUB_CLIENT_CONFIRMATION_OK"
14379,10404005922,10404005957,1,"IOTHUB_CLIENT_CONFIRMATION_OK"
14380,10404006122,10404006164,1,"IOTHUB_CLIENT_CONFIRMATION_OK"
14381,10404006322,10404006364,1,"IOTHUB_CLIENT_CONFIRMATION_OK"
14382,10404006522,10404006670,1,"IOTHUB_CLIENT_CONFIRMATION_OK"
14383,10404006722,10404006767,1,"IOTHUB_CLIENT_CONFIRMATION_OK"
14384,10404006922,10404006961,1,"IOTHUB_CLIENT_CONFIRMATION_OK"
14385,10404007123,10404007280,1,"IOTHUB_CLIENT_CONFIRMATION_OK"
14386,10404007323,10404007360,1,"IOTHUB_CLIENT_CONFIRMATION_OK"
14387,10404007523,10404007571,1,"IOTHUB_CLIENT_CONFIRMATION_OK"
14388,10404007723,10404007758,1,"IOTHUB_CLIENT_CONFIRMATION_OK"
14389,10404007923,10404007965,1,"IOTHUB_CLIENT_CONFIRMATION_OK"
14390,10404008124,10404008184,1,"IOTHUB_CLIENT_CONFIRMATION_OK"
14391,10404008324,10404008370,1,"IOTHUB_CLIENT_CONFIRMATION_OK"
14392,10404008524,10404008567,1,"IOTHUB_CLIENT_CONFIRMATION_OK"
14393,10404008724,10404008771,1,"IOTHUB_CLIENT_CONFIRMATION_OK"
14394,10404008924,10404009034,1,"IOTHUB_CLIENT_CONFIRMATION_OK"
14395,10404009124,10404009165,1,"IOTHUB_CLIENT_CONFIRMATION_OK"
14396,10404009324,10404009365,1,"IOTHUB_CLIENT_CONFIRMATION_OK"
14397,10404009525,10404009568,1,"IOTHUB_CLIENT_CONFIRMATION_OK"
14398,10404009725,10404009783,1,"IOTHUB_CLIENT_CONFIRMATION_OK"
14399,10404009925,10404010058,1,"IOTHUB_CLIENT_CONFIRMATION_OK"
14400,10404010125,10404010156,1,"IOTHUB_CLIENT_CONFIRMATION_OK"
14401,10404010325,10404010365,1,"IOTHUB_CLIENT_CONFIRMATION_OK"
14402,10404010525,10404010669,1,"IOTHUB_CLIENT_CONFIRMATION_OK"
14403,10404010726,10404010768,1,"IOTHUB_CLIENT_CONFIRMATION_OK"
14404,10404010926,10404010984,1,"IOTHUB_CLIENT_CONFIRMATION_OK"
14405,10404011126,10404011161,1,"IOTHUB_CLIENT_CONFIRMATION_OK"
14406,10404011326,10404011367,1,"IOTHUB_CLIENT_CONFIRMATION_OK"
14407,10404011526,10404011566,1,"IOTHUB_CLIENT_CONFIRMATION_OK"
14408,10404011726,10404011758,1,"IOTHUB_CLIENT_CONFIRMATION_OK"
14409,10404011927,10404011955,1,"IOTHUB_CLIENT_CONFIRMATION_OK"
14410,10404012127,10404012156,1,"IOTHUB_CLIENT_CONFIRMATION_OK"
14411,10404012327,10404012370,1,"IOTHUB_CLIENT_CONFIRMATION_OK"
14412,10404012527,10404012567,1,"IOTHUB_CLIENT_CONFIRMATION_OK"
14413,10404012727,10404012910,1,"IOTHUB_CLIENT_CONFIRMATION_OK"
14414,10404012927,10404012964,1,"IOTHUB_CLIENT_CONFIRMATION_OK"
14415,10404013127,10404013156,1,"IOTHUB_CLIENT_CONFIRMATION_OK"
14416,10404013328,10404013358,1,"IOTHUB_CLIENT_CONFIRMATION_OK"
14417,10404013528,10404013565,1,"IOTHUB_CLIENT_CONFIRMATION_OK"
14418,10404013728,10404013774,1,"IOTHUB_CLIENT_CONFIRMATION_OK"
14419,10404013928,10404014002,1,"IOTHUB_CLIENT_CONFIRMATION_OK"
14420,10404014128,10404014163,1,"IOTHUB_CLIENT_CONFIRMATION_OK"
14421,10404014328,10404014360,1,"IOTHUB_CLIENT_CONFIRMATION_OK"
14422,10404014529,10404014628,1,"IOTHUB_CLIENT_CONFIRMATION_OK"
14423,10404014729,10404014759,1,"IOTHUB_CLIENT_CONFIRMATION_OK"
14424,10404014929,10404015004,1,"IOTHUB_CLIENT_CONFIRMATION_OK"
14425,10404015129,10404015168,1,"IOTHUB_CLIENT_CONFIRMATION_OK"
14426,10404015329,10404015359,1,"IOTHUB_CLIENT_CONFIRMATION_OK"
14427,10404015529,10404015560,1,"IOTHUB_CLIENT_CONFIRMATION_OK"
14428,10404015729,10404015767,1,"IOTHUB_CLIENT_CONFIRMATION_OK"
14429,10404015930,10404015987,1,"IOTHUB_CLIENT_CONFIRMATION_OK"
14430,10404016130,10404016264,1,"IOTHUB_CLIENT_CONFIRMATION_OK"
14431,10404016330,10404016384,1,"IOTHUB_CLIENT_CONFIRMATION_OK"
14432,10404016530,10404016570,1,"IOTHUB_CLIENT_CONFIRMATION_OK"
14433,10404016730,10404016889,1,"IOTHUB_CLIENT_CONFIRMATION_OK"
14434,10404016930,10404016967,1,"IOTHUB_CLIENT_CONFIRMATION_OK"
14435,10404017131,10404017185,1,"IOTHUB_CLIENT_CONFIRMATION_OK"
14436,10404017331,10404017369,1,"IOTHUB_CLIENT_CONFIRMATION_OK"
14437,10404017531,10404017575,1,"IOTHUB_CLIENT_CONFIRMATION_OK"
14438,10404017731,10404017761,1,"IOTHUB_CLIENT_CONFIRMATION_OK"
14439,10404017931,10404017969,1,"IOTHUB_CLIENT_CONFIRMATION_OK"
14440,10404018131,10404018164,1,"IOTHUB_CLIENT_CONFIRMATION_OK"
14441,10404018332,10404018372,1,"IOTHUB_CLIENT_CONFIRMATION_OK"
14442,10404018532,10404018575,1,"IOTHUB_CLIENT_CONFIRMATION_OK"
14443,10404018732,10404018771,1,"IOTHUB_CLIENT_CONFIRMATION_OK"
14444,10404018932,10404019131,1,"IOTHUB_CLIENT_CONFIRMATION_OK"
14445,10404019132,10404019175,1,"IOTHUB_CLIENT_CONFIRMATION_OK"
14446,10404019332,10404019374,1,"IOTHUB_CLIENT_CONFIRMATION_OK"
14447,10404019533,10404019604,1,"IOTHUB_CLIENT_CONFIRMATION_OK"
14448,10404019733,10404019771,1,"IOTHUB_CLIENT_CONFIRMATION_OK"
14449,10404019933,10404019965,1,"IOTHUB_CLIENT_CONFIRMATION_OK"
14450,10404020133,10404020206,1,"IOTHUB_CLIENT_CONFIRMATION_OK"
14451,10404020333,10404020373,1,"IOTHUB_CLIENT_CONFIRMATION_OK"
14452,10404020533,10404020594,1,"IOTHUB_CLIENT_CONFIRMATION_OK"
14453,10404020734,10404020811,1,"IOTHUB_CLIENT_CONFIRMATION_OK"
14454,10404020934,10404020972,1,"IOTHUB_CLIENT_CONFIRMATION_OK"
14455,10404021134,10404021201,1,"IOTHUB_CLIENT_CONFIRMATION_OK"
14456,10404021334,10404021372,1,"IOTHUB_CLIENT_CONFIRMATION_OK"
14457,10404021534,10404021601,1,"IOTHUB_CLIENT_CONFIRMATION_OK"
14458,10404021734,10404021812,1,"IOTHUB_CLIENT_CONFIRMATION_OK"
14459,10404021935,10404021980,1,"IOTHUB_CLIENT_CONFIRMATION_OK"
14460,10404022135,10404022179,1,"IOTHUB_CLIENT_CONFIRMATION_OK"
14461,10404022335,10404022424,1,"IOTHUB_CLIENT_CONFIRMATION_OK"
14462,10404022535,10404022591,1,"IOTHUB_CLIENT_CONFIRMATION_OK"
14463,10404022735,10404022781,1,"IOTHUB_CLIENT_CONFIRMATION_OK"
14464,10404022935,10404023035,1,"IOTHUB_CLIENT_CONFIRMATION_OK"
14465,10404023136,10404023201,1,"IOTHUB_CLIENT_CONFIRMATION_OK"
14466,10404023336,10404023377,1,"IOTHUB_CLIENT_CONFIRMATION_OK"
14467,10404023536,10404023577,1,"IOTHUB_CLIENT_CONFIRMATION_OK"
14468,10404023736,10404023771,1,"IOTHUB_CLIENT_CONFIRMATION_OK"
14469,10404023936,10404023977,1,"IOTHUB_CLIENT_CONFIRMATION_OK"
14470,10404024136,10404024173,1,"IOTHUB_CLIENT_CONFIRMATION_OK"
14471,10404024336,10404024377,1,"IOTHUB_CLIENT_CONFIRMATION_OK"
14472,10404024537,10404024669,1,"IOTHUB_CLIENT_CONFIRMATION_OK"
14473,10404024737,10404024770,1,"IOTHUB_CLIENT_CONFIRMATION_OK"
14474,10404024937,10404025015,1,"IOTHUB_CLIENT_CONFIRMATION_OK"
14475,10404025137,10404025269,1,"IOTHUB_CLIENT_CONFIRMATION_OK"
14476,10404025337,10404025369,1,"IOTHUB_CLIENT_CONFIRMATION_OK"
14477,10404025537,10404025578,1,"IOTHUB_CLIENT_CONFIRMATION_OK"
14478,10404025738,10404025798,1,"IOTHUB_CLIENT_CONFIRMATION_OK"
14479,10404025938,10404025968,1,"IOTHUB_CLIENT_CONFIRMATION_OK"
14480,10404026138,10404026178,1,"IOTHUB_CLIENT_CONFIRMATION_OK"
14481,10404026338,10404026376,1,"IOTHUB_CLIENT_CONFIRMATION_OK"
14482,10404026538,10404026575,1,"IOTHUB_CLIENT_CONFIRMATION_OK"
14483,10404026738,10404026778,1,"IOTHUB_CLIENT_CONFIRMATION_OK"
14484,10404026939,10404026974,1,"IOTHUB_CLIENT_CONFIRMATION_OK"
14485,10404027139,10404027170,1,"IOTHUB_CLIENT_CONFIRMATION_OK"
14486,10404027339,10404027502,1,"IOTHUB_CLIENT_CONFIRMATION_OK"
14487,10404027539,10404027580,1,"IOTHUB_CLIENT_CONFIRMATION_OK"
14488,10404027739,10404027785,1,"IOTHUB_CLIENT_CONFIRMATION_OK"
14489,10404027939,10404027976,1,"IOTHUB_CLIENT_CONFIRMATION_OK"
14490,10404028140,10404028181,1,"IOTHUB_CLIENT_CONFIRMATION_OK"
14491,10404028340,10404028413,1,"IOTHUB_CLIENT_CONFIRMATION_OK"
14492,10404028540,10404028581,1,"IOTHUB_CLIENT_CONFIRMATION_OK"
14493,10404028740,10404028774,1,"IOTHUB_CLIENT_CONFIRMATION_OK"
14494,10404028940,10404028970,1,"IOTHUB_CLIENT_CONFIRMATION_OK"
14495,10404029140,10404029182,1,"IOTHUB_CLIENT_CONFIRMATION_OK"
14496,10404029341,10404029391,1,"IOTHUB_CLIENT_CONFIRMATION_OK"
14497,10404029541,10404029582,1,"IOTHUB_CLIENT_CONFIRMATION_OK"
14498,10404029741,10404029786,1,"IOTHUB_CLIENT_CONFIRMATION_OK"
14499,10404029941,10404029981,1,"IOTHUB_CLIENT_CONFIRMATION_OK"
14500,10404030141,10404030171,1,"IOTHUB_CLIENT_CONFIRMATION_OK"
14501,10404030341,10404030389,1,"IOTHUB_CLIENT_CONFIRMATION_OK"
14502,10404030541,10404030614,1,"IOTHUB_CLIENT_CONFIRMATION_OK"
14503,10404030742,10404030812,1,"IOTHUB_CLIENT_CONFIRMATION_OK"
14504,10404030942,10404030982,1,"IOTHUB_CLIENT_CONFIRMATION_OK"
14505,10404031142,10404031186,1,"IOTHUB_CLIENT_CONFIRMATION_OK"
14506,10404031342,10404031428,1,"IOTHUB_CLIENT_CONFIRMATION_OK"
14507,10404031542,10404031578,1,"IOTHUB_CLIENT_CONFIRMATION_OK"
14508,10404031742,10404031786,1,"IOTHUB_CLIENT_CONFIRMATION_OK"
14509,10404031943,10404031981,1,"IOTHUB_CLIENT_CONFIRMATION_OK"
14510,10404032143,10404032184,1,"IOTHUB_CLIENT_CONFIRMATION_OK"
14511,10404032343,10404032378,1,"IOTHUB_CLIENT_CONFIRMATION_OK"
14512,10404032543,10404032584,1,"IOTHUB_CLIENT_CONFIRMATION_OK"
14513,10404032743,10404032790,1,"IOTHUB_CLIENT_CONFIRMATION_OK"
14514,10404032943,10404033050,1,"IOTHUB_CLIENT_CONFIRMATION_OK"
14515,10404033144,10404033207,1,"IOTHUB_CLIENT_CONFIRMATION_OK"
14516,10404033344,10404033384,1,"IOTHUB_CLIENT_CONFIRMATION_OK"
14517,10404033544,10404033655,1,"IOTHUB_CLIENT_CONFIRMATION_OK"
14518,10404033744,10404033779,1,"IOTHUB_CLIENT_CONFIRMATION_OK"
14519,10404033944,10404033986,1,"IOTHUB_CLIENT_CONFIRMATION_OK"
14520,10404034144,10404034285,1,"IOTHUB_CLIENT_CONFIRMATION_OK"
14521,10404034344,10404034398,1,"IOTHUB_CLIENT_CONFIRMATION_OK"
14522,10404034545,10404034589,1,"IOTHUB_CLIENT_CONFIRMATION_OK"
14523,10404034745,10404034790,1,"IOTHUB_CLIENT_CONFIRMATION_OK"
14524,10404034945,10404034985,1,"IOTHUB_CLIENT_CONFIRMATION_OK"
14525,10404035145,10404035175,1,"IOTHUB_CLIENT_CONFIRMATION_OK"
14526,10404035345,10404035385,1,"IOTHUB_CLIENT_CONFIRMATION_OK"
14527,10404035545,10404035585,1,"IOTHUB_CLIENT_CONFIRMATION_OK"
14528,10404035746,10404036010,1,"IOTHUB_CLIENT_CONFIRMATION_OK"
14529,10404035946,10404036029,1,"IOTHUB_CLIENT_CONFIRMATION_OK"
14530,10404036146,10404036186,1,"IOTHUB_CLIENT_CONFIRMATION_OK"
14531,10404036346,10404036409,1,"IOTHUB_CLIENT_CONFIRMATION_OK"
14532,10404036546,10404036689,1,"IOTHUB_CLIENT_CONFIRMATION_OK"
14533,10404036746,10404036798,1,"IOTHUB_CLIENT_CONFIRMATION_OK"
14534,10404036947,10404037028,1,"IOTHUB_CLIENT_CONFIRMATION_OK"
14535,10404037147,10404037239,1,"IOTHUB_CLIENT_CONFIRMATION_OK"
14536,10404037347,10404037396,1,"IOTHUB_CLIENT_CONFIRMATION_OK"
14537,10404037547,10404037631,1,"IOTHUB_CLIENT_CONFIRMATION_OK"
14538,10404037747,10404037780,1,"IOTHUB_CLIENT_CONFIRMATION_OK"
14539,10404037947,10404037995,1,"IOTHUB_CLIENT_CONFIRMATION_OK"
14540,10404038148,10404038186,1,"IOTHUB_CLIENT_CONFIRMATION_OK"
14541,10404038348,10404038409,1,"IOTHUB_CLIENT_CONFIRMATION_OK"
14542,10404038548,10404038655,1,"IOTHUB_CLIENT_CONFIRMATION_OK"
14543,10404038748,10404038790,1,"IOTHUB_CLIENT_CONFIRMATION_OK"
14544,10404038948,10404038983,1,"IOTHUB_CLIENT_CONFIRMATION_OK"
14545,10404039148,10404039257,1,"IOTHUB_CLIENT_CONFIRMATION_OK"
14546,10404039349,10404039383,1,"IOTHUB_CLIENT_CONFIRMATION_OK"
14547,10404039549,10404039599,1,"IOTHUB_CLIENT_CONFIRMATION_OK"
14548,10404039749,10404039891,1,"IOTHUB_CLIENT_CONFIRMATION_OK"
14549,10404039949,10404039986,1,"IOTHUB_CLIENT_CONFIRMATION_OK"
14550,10404040149,10404040188,1,"IOTHUB_CLIENT_CONFIRMATION_OK"
14551,10404040349,10404040409,1,"IOTHUB_CLIENT_CONFIRMATION_OK"
14552,10404040549,10404040593,1,"IOTHUB_CLIENT_CONFIRMATION_OK"
14553,10404040750,10404040799,1,"IOTHUB_CLIENT_CONFIRMATION_OK"
14554,10404040950,10404041005,1,"IOTHUB_CLIENT_CONFIRMATION_OK"
14555,10404041150,10404041196,1,"IOTHUB_CLIENT_CONFIRMATION_OK"
14556,10404041350,10404041514,1,"IOTHUB_CLIENT_CONFIRMATION_OK"
14557,10404041550,10404041595,1,"IOTHUB_CLIENT_CONFIRMATION_OK"
14558,10404041750,10404041827,1,"IOTHUB_CLIENT_CONFIRMATION_OK"
14559,10404041951,10404042126,1,"IOTHUB_CLIENT_CONFIRMATION_OK"
14560,10404042151,10404042194,1,"IOTHUB_CLIENT_CONFIRMATION_OK"
14561,10404042351,10404042380,1,"IOTHUB_CLIENT_CONFIRMATION_OK"
14562,10404042551,10404042580,1,"IOTHUB_CLIENT_CONFIRMATION_OK"
14563,10404042751,10404042844,1,"IOTHUB_CLIENT_CONFIRMATION_OK"
14564,10404042951,10404042990,1,"IOTHUB_CLIENT_CONFIRMATION_OK"
14565,10404043151,10404043196,1,"IOTHUB_CLIENT_CONFIRMATION_OK"
14566,10404043352,10404043392,1,"IOTHUB_CLIENT_CONFIRMATION_OK"
14567,10404043552,10404043596,1,"IOTHUB_CLIENT_CONFIRMATION_OK"
14568,10404043752,10404043793,1,"IOTHUB_CLIENT_CONFIRMATION_OK"
14569,10404043952,10404043989,1,"IOTHUB_CLIENT_CONFIRMATION_OK"
14570,10404044152,10404044372,1,"IOTHUB_CLIENT_CONFIRMATION_OK"
14571,10404044352,10404044405,1,"IOTHUB_CLIENT_CONFIRMATION_OK"
14572,10404044553,10404044589,1,"IOTHUB_CLIENT_CONFIRMATION_OK"
14573,10404044753,10404044789,1,"IOTHUB_CLIENT_CONFIRMATION_OK"
14574,10404044953,10404044992,1,"IOTHUB_CLIENT_CONFIRMATION_OK"
14575,10404045153,10404045190,1,"IOTHUB_CLIENT_CONFIRMATION_OK"
14576,10404045353,10404045417,1,"IOTHUB_CLIENT_CONFIRMATION_OK"
14577,10404045553,10404045675,1,"IOTHUB_CLIENT_CONFIRMATION_OK"
14578,10404045754,10404045783,1,"IOTHUB_CLIENT_CONFIRMATION_OK"
14579,10404045954,10404045993,1,"IOTHUB_CLIENT_CONFIRMATION_OK"
14580,10404046154,10404046198,1,"IOTHUB_CLIENT_CONFIRMATION_OK"
14581,10404046354,10404046395,1,"IOTHUB_CLIENT_CONFIRMATION_OK"
14582,10404046554,10404046597,1,"IOTHUB_CLIENT_CONFIRMATION_OK"
14583,10404046754,10404046799,1,"IOTHUB_CLIENT_CONFIRMATION_OK"
14584,10404046955,10404046984,1,"IOTHUB_CLIENT_CONFIRMATION_OK"
14585,10404047155,10404047191,1,"IOTHUB_CLIENT_CONFIRMATION_OK"
14586,10404047355,10404047397,1,"IOTHUB_CLIENT_CONFIRMATION_OK"
14587,10404047555,10404047699,1,"IOTHUB_CLIENT_CONFIRMATION_OK"
14588,10404047755,10404047795,1,"IOTHUB_CLIENT_CONFIRMATION_OK"
14589,10404047955,10404047994,1,"IOTHUB_CLIENT_CONFIRMATION_OK"
14590,10404048155,10404048349,1,"IOTHUB_CLIENT_CONFIRMATION_OK"
14591,10404048356,10404048396,1,"IOTHUB_CLIENT_CONFIRMATION_OK"
14592,10404048556,10404048596,1,"IOTHUB_CLIENT_CONFIRMATION_OK"
14593,10404048756,10404048794,1,"IOTHUB_CLIENT_CONFIRMATION_OK"
14594,10404048956,10404049000,1,"IOTHUB_CLIENT_CONFIRMATION_OK"
14595,10404049156,10404049197,1,"IOTHUB_CLIENT_CONFIRMATION_OK"
14596,10404049356,10404049393,1,"IOTHUB_CLIENT_CONFIRMATION_OK"
14597,10404049557,10404049593,1,"IOTHUB_CLIENT_CONFIRMATION_OK"
14598,10404049757,10404049800,1,"IOTHUB_CLIENT_CONFIRMATION_OK"
14599,10404049957,10404049990,1,"IOTHUB_CLIENT_CONFIRMATION_OK"
14600,10404050157,10404050194,1,"IOTHUB_CLIENT_CONFIRMATION_OK"
14601,10404050357,10404050399,1,"IOTHUB_CLIENT_CONFIRMATION_OK"
14602,10404050557,10404050598,1,"IOTHUB_CLIENT_CONFIRMATION_OK"
14603,10404050758,10404050786,1,"IOTHUB_CLIENT_CONFIRMATION_OK"
14604,10404050958,10404051005,1,"IOTHUB_CLIENT_CONFIRMATION_OK"
14605,10404051158,10404051201,1,"IOTHUB_CLIENT_CONFIRMATION_OK"
14606,10404051358,10404051399,1,"IOTHUB_CLIENT_CONFIRMATION_OK"
14607,10404051558,10404051627,1,"IOTHUB_CLIENT_CONFIRMATION_OK"
14608,10404051758,10404051796,1,"IOTHUB_CLIENT_CONFIRMATION_OK"
14609,10404051959,10404051998,1,"IOTHUB_CLIENT_CONFIRMATION_OK"
14610,10404052159,10404052227,1,"IOTHUB_CLIENT_CONFIRMATION_OK"
14611,10404052359,10404052411,1,"IOTHUB_CLIENT_CONFIRMATION_OK"
14612,10404052559,10404052597,1,"IOTHUB_CLIENT_CONFIRMATION_OK"
14613,10404052759,10404052798,1,"IOTHUB_CLIENT_CONFIRMATION_OK"
14614,10404052959,10404053005,1,"IOTHUB_CLIENT_CONFIRMATION_OK"
14615,10404053160,10404053251,1,"IOTHUB_CLIENT_CONFIRMATION_OK"
14616,10404053360,10404053423,1,"IOTHUB_CLIENT_CONFIRMATION_OK"
14617,10404053560,10404053593,1,"IOTHUB_CLIENT_CONFIRMATION_OK"
14618,10404053760,10404053907,1,"IOTHUB_CLIENT_CONFIRMATION_OK"
14619,10404053960,10404054020,1,"IOTHUB_CLIENT_CONFIRMATION_OK"
14620,10404054160,10404054202,1,"IOTHUB_CLIENT_CONFIRMATION_OK"
14621,10404054360,10404054500,1,"IOTHUB_CLIENT_CONFIRMATION_OK"
14622,10404054560,10404054620,1,"IOTHUB_CLIENT_CONFIRMATION_OK"
14623,10404054761,10404054803,1,"IOTHUB_CLIENT_CONFIRMATION_OK"
14624,10404054961,10404055003,1,"IOTHUB_CLIENT_CONFIRMATION_OK"
14625,10404055161,10404055197,1,"IOTHUB_CLIENT_CONFIRMATION_OK"
14626,10404055361,10404055403,1,"IOTHUB_CLIENT_CONFIRMATION_OK"
14627,10404055561,10404055603,1,"IOTHUB_CLIENT_CONFIRMATION_OK"
14628,10404055761,10404055796,1,"IOTHUB_CLIENT_CONFIRMATION_OK"
14629,10404055962,10404056127,1,"IOTHUB_CLIENT_CONFIRMATION_OK"
14630,10404056162,10404056210,1,"IOTHUB_CLIENT_CONFIRMATION_OK"
14631,10404056362,10404056394,1,"IOTHUB_CLIENT_CONFIRMATION_OK"
14632,10404056562,10404056599,1,"IOTHUB_CLIENT_CONFIRMATION_OK"
14633,10404056762,10404056814,1,"IOTHUB_CLIENT_CONFIRMATION_OK"
14634,10404056962,10404056992,1,"IOTHUB_CLIENT_CONFIRMATION_OK"
14635,10404057163,10404057202,1,"IOTHUB_CLIENT_CONFIRMATION_OK"
14636,10404057363,10404057400,1,"IOTHUB_CLIENT_CONFIRMATION_OK"
14637,10404057563,10404057592,1,"IOTHUB_CLIENT_CONFIRMATION_OK"
14638,10404057763,10404057799,1,"IOTHUB_CLIENT_CONFIRMATION_OK"
14639,10404057963,10404057999,1,"IOTHUB_CLIENT_CONFIRMATION_OK"
14640,10404058163,10404058231,1,"IOTHUB_CLIENT_CONFIRMATION_OK"
14641,10404058364,10404058405,1,"IOTHUB_CLIENT_CONFIRMATION_OK"
14642,10404058564,10404058599,1,"IOTHUB_CLIENT_CONFIRMATION_OK"
14643,10404058764,10404058821,1,"IOTHUB_CLIENT_CONFIRMATION_OK"
14644,10404058964,10404059005,1,"IOTHUB_CLIENT_CONFIRMATION_OK"
14645,10404059164,10404059213,1,"IOTHUB_CLIENT_CONFIRMATION_OK"
14646,10404059364,10404059481,1,"IOTHUB_CLIENT_CONFIRMATION_OK"
14647,10404059565,10404059616,1,"IOTHUB_CLIENT_CONFIRMATION_OK"
14648,10404059765,10404059817,1,"IOTHUB_CLIENT_CONFIRMATION_OK"
14649,10404059965,10404060053,1,"IOTHUB_CLIENT_CONFIRMATION_OK"
14650,10404060165,10404060220,1,"IOTHUB_CLIENT_CONFIRMATION_OK"
14651,10404060365,10404060424,1,"IOTHUB_CLIENT_CONFIRMATION_OK"
14652,10404060565,10404060628,1,"IOTHUB_CLIENT_CONFIRMATION_OK"
14653,10404060766,10404060806,1,"IOTHUB_CLIENT_CONFIRMATION_OK"
14654,10404060966,10404061030,1,"IOTHUB_CLIENT_CONFIRMATION_OK"
14655,10404061166,10404061209,1,"IOTHUB_CLIENT_CONFIRMATION_OK"
14656,10404061366,10404061406,1,"IOTHUB_CLIENT_CONFIRMATION_OK"
14657,10404061566,10404061665,1,"IOTHUB_CLIENT_CONFIRMATION_OK"
14658,10404061766,10404061796,1,"IOTHUB_CLIENT_CONFIRMATION_OK"
14659,10404061967,10404062010,1,"IOTHUB_CLIENT_CONFIRMATION_OK"
14660,10404062167,10404062291,1,"IOTHUB_CLIENT_CONFIRMATION_OK"
14661,10404062367,10404062404,1,"IOTHUB_CLIENT_CONFIRMATION_OK"
14662,10404062567,10404062617,1,"IOTHUB_CLIENT_CONFIRMATION_OK"
14663,10404062767,10404062808,1,"IOTHUB_CLIENT_CONFIRMATION_OK"
14664,10404062967,10404063006,1,"IOTHUB_CLIENT_CONFIRMATION_OK"
14665,10404063167,10404063220,1,"IOTHUB_CLIENT_CONFIRMATION_OK"
14666,10404063368,10404063406,1,"IOTHUB_CLIENT_CONFIRMATION_OK"
14667,10404063568,10404063609,1,"IOTHUB_CLIENT_CONFIRMATION_OK"
14668,10404063768,10404063810,1,"IOTHUB_CLIENT_CONFIRMATION_OK"
14669,10404063968,10404064118,1,"IOTHUB_CLIENT_CONFIRMATION_OK"
14670,10404064168,10404064211,1,"IOTHUB_CLIENT_CONFIRMATION_OK"
14671,10404064368,10404064559,1,"IOTHUB_CLIENT_CONFIRMATION_OK"
14672,10404064569,10404064600,1,"IOTHUB_CLIENT_CONFIRMATION_OK"
14673,10404064769,10404064799,1,"IOTHUB_CLIENT_CONFIRMATION_OK"
14674,10404064969,10404065029,1,"IOTHUB_CLIENT_CONFIRMATION_OK"
14675,10404065169,10404065208,1,"IOTHUB_CLIENT_CONFIRMATION_OK"
14676,10404065369,10404065418,1,"IOTHUB_CLIENT_CONFIRMATION_OK"
14677,10404065569,10404065607,1,"IOTHUB_CLIENT_CONFIRMATION_OK"
14678,10404065769,10404065807,1,"IOTHUB_CLIENT_CONFIRMATION_OK"
14679,10404065970,10404066006,1,"IOTHUB_CLIENT_CONFIRMATION_OK"
14680,10404066170,10404066223,1,"IOTHUB_CLIENT_CONFIRMATION_OK"
14681,10404066370,10404066408,1,"IOTHUB_CLIENT_CONFIRMATION_OK"
14682,10404066570,10404066614,1,"IOTHUB_CLIENT_CONFIRMATION_OK"
14683,10404066770,10404066809,1,"IOTHUB_CLIENT_CONFIRMATION_OK"
14684,10404066970,10404067018,1,"IOTHUB_CLIENT_CONFIRMATION_OK"
14685,10404067171,10404067211,1,"IOTHUB_CLIENT_CONFIRMATION_OK"
14686,10404067371,10404067412,1,"IOTHUB_CLIENT_CONFIRMATION_OK"
14687,10404067571,10404067612,1,"IOTHUB_CLIENT_CONFIRMATION_OK"
14688,10404067771,10404067810,1,"IOTHUB_CLIENT_CONFIRMATION_OK"
14689,10404067971,10404068010,1,"IOTHUB_CLIENT_CONFIRMATION_OK"
14690,10404068171,10404068207,1,"IOTHUB_CLIENT_CONFIRMATION_OK"
14691,10404068372,10404068416,1,"IOTHUB_CLIENT_CONFIRMATION_OK"
14692,10404068572,10404068649,1,"IOTHUB_CLIENT_CONFIRMATION_OK"
14693,10404068772,10404068816,1,"IOTHUB_CLIENT_CONFIRMATION_OK"
14694,10404068972,10404069061,1,"IOTHUB_CLIENT_CONFIRMATION_OK"
14695,10404069172,10404069223,1,"IOTHUB_CLIENT_CONFIRMATION_OK"
14696,10404069372,10404069408,1,"IOTHUB_CLIENT_CONFIRMATION_OK"
14697,10404069573,10404069613,1,"IOTHUB_CLIENT_CONFIRMATION_OK"
14698,10404069773,10404069815,1,"IOTHUB_CLIENT_CONFIRMATION_OK"
14699,10404069973,10404070057,1,"IOTHUB_CLIENT_CONFIRMATION_OK"
14700,10404070173,10404070210,1,"IOTHUB_CLIENT_CONFIRMATION_OK"
14701,10404070373,10404070413,1,"IOTHUB_CLIENT_CONFIRMATION_OK"
14702,10404070573,10404070670,1,"IOTHUB_CLIENT_CONFIRMATION_OK"
14703,10404070773,10404070826,1,"IOTHUB_CLIENT_CONFIRMATION_OK"
14704,10404070974,10404071005,1,"IOTHUB_CLIENT_CONFIRMATION_OK"
14705,10404071174,10404071283,1,"IOTHUB_CLIENT_CONFIRMATION_OK"
14706,10404071374,10404071419,1,"IOTHUB_CLIENT_CONFIRMATION_OK"
14707,10404071574,10404071614,1,"IOTHUB_CLIENT_CONFIRMATION_OK"
14708,10404071774,10404071856,1,"IOTHUB_CLIENT_CONFIRMATION_OK"
14709,10404071975,10404072008,1,"IOTHUB_CLIENT_CONFIRMATION_OK"
14710,10404072175,10404072300,1,"IOTHUB_CLIENT_CONFIRMATION_OK"
14711,10404072375,10404072408,1,"IOTHUB_CLIENT_CONFIRMATION_OK"
14712,10404072575,10404072616,1,"IOTHUB_CLIENT_CONFIRMATION_OK"
14713,10404072775,10404072901,1,"IOTHUB_CLIENT_CONFIRMATION_OK"
14714,10404072975,10404073023,1,"IOTHUB_CLIENT_CONFIRMATION_OK"
14715,10404073175,10404073206,1,"IOTHUB_CLIENT_CONFIRMATION_OK"
14716,10404073376,10404073513,1,"IOTHUB_CLIENT_CONFIRMATION_OK"
14717,10404073576,10404073613,1,"IOTHUB_CLIENT_CONFIRMATION_OK"
14718,10404073776,10404073811,1,"IOTHUB_CLIENT_CONFIRMATION_OK"
14719,10404073976,10404074010,1,"IOTHUB_CLIENT_CONFIRMATION_OK"
14720,10404074176,10404074256,1,"IOTHUB_CLIENT_CONFIRMATION_OK"
14721,10404074376,10404074407,1,"IOTHUB_CLIENT_CONFIRMATION_OK"
14722,10404074577,10404074608,1,"IOTHUB_CLIENT_CONFIRMATION_OK"
14723,10404074777,10404074816,1,"IOTHUB_CLIENT_CONFIRMATION_OK"
14724,10404074977,10404075025,1,"IOTHUB_CLIENT_CONFIRMATION_OK"
14725,10404075177,10404075219,1,"IOTHUB_CLIENT_CONFIRMATION_OK"
14726,10404075377,10404075416,1,"IOTHUB_CLIENT_CONFIRMATION_OK"
14727,10404075577,10404075651,1,"IOTHUB_CLIENT_CONFIRMATION_OK"
14728,10404075777,10404075825,1,"IOTHUB_CLIENT_CONFIRMATION_OK"
14729,10404075978,10404076013,1,"IOTHUB_CLIENT_CONFIRMATION_OK"
14730,10404076178,10404076219,1,"IOTHUB_CLIENT_CONFIRMATION_OK"
14731,10404076378,10404076416,1,"IOTHUB_CLIENT_CONFIRMATION_OK"
14732,10404076578,10404076619,1,"IOTHUB_CLIENT_CONFIRMATION_OK"
14733,10404076778,10404076840,1,"IOTHUB_CLIENT_CONFIRMATION_OK"
14734,10404076978,10404077015,1,"IOTHUB_CLIENT_CONFIRMATION_OK"
14735,10404077179,10404077220,1,"IOTHUB_CLIENT_CONFIRMATION_OK"
14736,10404077379,10404077460,1,"IOTHUB_CLIENT_CONFIRMATION_OK"
14737,10404077579,10404077609,1,"IOTHUB_CLIENT_CONFIRMATION_OK"
14738,10404077779,10404077821,1,"IOTHUB_CLIENT_CONFIRMATION_OK"
14739,10404077979,10404078020,1,"IOTHUB_CLIENT_CONFIRMATION_OK"
14740,10404078179,10404078221,1,"IOTHUB_CLIENT_CONFIRMATION_OK"
14741,10404078380,10404078456,1,"IOTHUB_CLIENT_CONFIRMATION_OK"
14742,10404078580,10404078648,1,"IOTHUB_CLIENT_CONFIRMATION_OK"
14743,10404078780,10404078816,1,"IOTHUB_CLIENT_CONFIRMATION_OK"
14744,10404078980,10404079075,1,"IOTHUB_CLIENT_CONFIRMATION_OK"
14745,10404079180,10404079222,1,"IOTHUB_CLIENT_CONFIRMATION_OK"
14746,10404079380,10404079419,1,"IOTHUB_CLIENT_CONFIRMATION_OK"
14747,10404079584,10404079668,1,"IOTHUB_CLIENT_CONFIRMATION_OK"
14748,10404079784,10404079842,1,"IOTHUB_CLIENT_CONFIRMATION_OK"
14749,10404079984,10404080019,1,"IOTHUB_CLIENT_CONFIRMATION_OK"
14750,10404080184,10404080219,1,"IOTHUB_CLIENT_CONFIRMATION_OK"
14751,10404080384,10404080419,1,"IOTHUB_CLIENT_CONFIRMATION_OK"
14752,10404080584,10404080623,1,"IOTHUB_CLIENT_CONFIRMATION_OK"
14753,10404080785,10404080823,1,"IOTHUB_CLIENT_CONFIRMATION_OK"
14754,10404080985,10404081023,1,"IOTHUB_CLIENT_CONFIRMATION_OK"
14755,10404081185,10404081298,1,"IOTHUB_CLIENT_CONFIRMATION_OK"
14756,10404081385,10404081423,1,"IOTHUB_CLIENT_CONFIRMATION_OK"
14757,10404081585,10404081619,1,"IOTHUB_CLIENT_CONFIRMATION_OK"
14758,10404081785,10404081904,1,"IOTHUB_CLIENT_CONFIRMATION_OK"
14759,10404081986,10404082038,1,"IOTHUB_CLIENT_CONFIRMATION_OK"
14760,10404082186,10404082223,1,"IOTHUB_CLIENT_CONFIRMATION_OK"
14761,10404082386,10404082422,1,"IOTHUB_CLIENT_CONFIRMATION_OK"
14762,10404082586,10404082621,1,"IOTHUB_CLIENT_CONFIRMATION_OK"
14763,10404082786,10404082848,1,"IOTHUB_CLIENT_CONFIRMATION_OK"
14764,10404082986,10404083024,1,"IOTHUB_CLIENT_CONFIRMATION_OK"
14765,10404083186,10404083227,1,"IOTHUB_CLIENT_CONFIRMATION_OK"
14766,10404083387,10404083420,1,"IOTHUB_CLIENT_CONFIRMATION_OK"
14767,10404083587,10404083625,1,"IOTHUB_CLIENT_CONFIRMATION_OK"
14768,10404083787,10404083829,1,"IOTHUB_CLIENT_CONFIRMATION_OK"
14769,10404083987,10404084138,1,"IOTHUB_CLIENT_CONFIRMATION_OK"
14770,10404084187,10404084221,1,"IOTHUB_CLIENT_CONFIRMATION_OK"
14771,10404084388,10404084420,1,"IOTHUB_CLIENT_CONFIRMATION_OK"
14772,10404084588,10404084622,1,"IOTHUB_CLIENT_CONFIRMATION_OK"
14773,10404084788,10404084823,1,"IOTHUB_CLIENT_CONFIRMATION_OK"
14774,10404084988,10404085033,1,"IOTHUB_CLIENT_CONFIRMATION_OK"
14775,10404085188,10404085234,1,"IOTHUB_CLIENT_CONFIRMATION_OK"
14776,10404085388,10404085428,1,"IOTHUB_CLIENT_CONFIRMATION_OK"
14777,10404085588,10404085625,1,"IOTHUB_CLIENT_CONFIRMATION_OK"
14778,10404085789,10404085835,1,"IOTHUB_CLIENT_CONFIRMATION_OK"
14779,10404085989,10404086028,1,"IOTHUB_CLIENT_CONFIRMATION_OK"
14780,10404086189,10404086227,1,"IOTHUB_CLIENT_CONFIRMATION_OK"
14781,10404086389,10404086422,1,"IOTHUB_CLIENT_CONFIRMATION_OK"
14782,10404086589,10404086634,1,"IOTHUB_CLIENT_CONFIRMATION_OK"
14783,10404086789,10404086833,1,"IOTHUB_CLIENT_CONFIRMATION_OK"
14784,10404086990,10404087027,1,"IOTHUB_CLIENT_CONFIRMATION_OK"
14785,10404087190,10404087269,1,"IOTHUB_CLIENT_CONFIRMATION_OK"
14786,10404087390,10404087460,1,"IOTHUB_CLIENT_CONFIRMATION_OK"
14787,10404087590,10404087626,1,"IOTHUB_CLIENT_CONFIRMATION_OK"
14788,10404087790,10404087839,1,"IOTHUB_CLIENT_CONFIRMATION_OK"
14789,10404087990,10404088058,1,"IOTHUB_CLIENT_CONFIRMATION_OK"
14790,10404088190,10404088226,1,"IOTHUB_CLIENT_CONFIRMATION_OK"
14791,10404088391,10404088430,1,"IOTHUB_CLIENT_CONFIRMATION_OK"
14792,10404088591,10404088683,1,"IOTHUB_CLIENT_CONFIRMATION_OK"
14793,10404088791,10404088842,1,"IOTHUB_CLIENT_CONFIRMATION_OK"
14794,10404088991,10404089026,1,"IOTHUB_CLIENT_CONFIRMATION_OK"
14795,10404089191,10404089237,1,"IOTHUB_CLIENT_CONFIRMATION_OK"
14796,10404089391,10404089428,1,"IOTHUB_CLIENT_CONFIRMATION_OK"
14797,10404089592,10404089758,1,"IOTHUB_CLIENT_CONFIRMATION_OK"
14798,10404089792,10404089841,1,"IOTHUB_CLIENT_CONFIRMATION_OK"
14799,10404089992,10404090025,1,"IOTHUB_CLIENT_CONFIRMATION_OK"
14800,10404090192,10404090227,1,"IOTHUB_CLIENT_CONFIRMATION_OK"
14801,10404090392,10404090434,1,"IOTHUB_CLIENT_CONFIRMATION_OK"
14802,10404090592,10404090632,1,"IOTHUB_CLIENT_CONFIRMATION_OK"
14803,10404090792,10404090920,1,"IOTHUB_CLIENT_CONFIRMATION_OK"
14804,10404090993,10404091026,1,"IOTHUB_CLIENT_CONFIRMATION_OK"
14805,10404091193,10404091243,1,"IOTHUB_CLIENT_CONFIRMATION_OK"
14806,10404091393,10404091429,1,"IOTHUB_CLIENT_CONFIRMATION_OK"
14807,10404091593,10404091631,1,"IOTHUB_CLIENT_CONFIRMATION_OK"
14808,10404091793,10404091834,1,"IOTHUB_CLIENT_CONFIRMATION_OK"
14809,10404091993,10404092029,1,"IOTHUB_CLIENT_CONFIRMATION_OK"
14810,10404092194,10404092225,1,"IOTHUB_CLIENT_CONFIRMATION_OK"
14811,10404092394,10404092563,1,"IOTHUB_CLIENT_CONFIRMATION_OK"
14812,10404092594,10404092631,1,"IOTHUB_CLIENT_CONFIRMATION_OK"
14813,10404092794,10404092852,1,"IOTHUB_CLIENT_CONFIRMATION_OK"
14814,10404092994,10404093037,1,"IOTHUB_CLIENT_CONFIRMATION_OK"
14815,10404093194,10404093239,1,"IOTHUB_CLIENT_CONFIRMATION_OK"
14816,10404093395,10404093430,1,"IOTHUB_CLIENT_CONFIRMATION_OK"
14817,10404093595,10404093635,1,"IOTHUB_CLIENT_CONFIRMATION_OK"
14818,10404093795,10404093831,1,"IOTHUB_CLIENT_CONFIRMATION_OK"
14819,10404093995,10404094029,1,"IOTHUB_CLIENT_CONFIRMATION_OK"
14820,10404094195,10404094236,1,"IOTHUB_CLIENT_CONFIRMATION_OK"
14821,10404094395,10404094440,1,"IOTHUB_CLIENT_CONFIRMATION_OK"
14822,10404094595,10404094632,1,"IOTHUB_CLIENT_CONFIRMATION_OK"
14823,10404094796,10404094860,1,"IOTHUB_CLIENT_CONFIRMATION_OK"
14824,10404094996,10404095037,1,"IOTHUB_CLIENT_CONFIRMATION_OK"
14825,10404095196,10404095246,1,"IOTHUB_CLIENT_CONFIRMATION_OK"
14826,10404095396,10404095433,1,"IOTHUB_CLIENT_CONFIRMATION_OK"
14827,10404095596,10404095632,1,"IOTHUB_CLIENT_CONFIRMATION_OK"
14828,10404095796,10404095886,1,"IOTHUB_CLIENT_CONFIRMATION_OK"
14829,10404095997,10404096039,1,"IOTHUB_CLIENT_CONFIRMATION_OK"
14830,10404096197,10404096249,1,"IOTHUB_CLIENT_CONFIRMATION_OK"
14831,10404096397,10404096492,1,"IOTHUB_CLIENT_CONFIRMATION_OK"
14832,10404096597,10404096639,1,"IOTHUB_CLIENT_CONFIRMATION_OK"
14833,10404096797,10404096833,1,"IOTHUB_CLIENT_CONFIRMATION_OK"
14834,10404096997,10404097096,1,"IOTHUB_CLIENT_CONFIRMATION_OK"
14835,10404097198,10404097232,1,"IOTHUB_CLIENT_CONFIRMATION_OK"
14836,10404097398,10404097435,1,"IOTHUB_CLIENT_CONFIRMATION_OK"
14837,10404097598,10404097636,1,"IOTHUB_CLIENT_CONFIRMATION_OK"
14838,10404097798,10404097841,1,"IOTHUB_CLIENT_CONFIRMATION_OK"
14839,10404097998,10404098093,1,"IOTHUB_CLIENT_CONFIRMATION_OK"
14840,10404098198,10404098239,1,"IOTHUB_CLIENT_CONFIRMATION_OK"
14841,10404098399,10404098453,1,"IOTHUB_CLIENT_CONFIRMATION_OK"
14842,10404098599,10404098715,1,"IOTHUB_CLIENT_CONFIRMATION_OK"
14843,10404098799,10404098836,1,"IOTHUB_CLIENT_CONFIRMATION_OK"
14844,10404098999,10404099038,1,"IOTHUB_CLIENT_CONFIRMATION_OK"
14845,10404099199,10404099347,1,"IOTHUB_CLIENT_CONFIRMATION_OK"
14846,10404099399,10404099439,1,"IOTHUB_CLIENT_CONFIRMATION_OK"
14847,10404099600,10404099633,1,"IOTHUB_CLIENT_CONFIRMATION_OK"
14848,10404099800,10404099990,1,"IOTHUB_CLIENT_CONFIRMATION_OK"
14849,10404100000,10404100037,1,"IOTHUB_CLIENT_CONFIRMATION_OK"
14850,10404100200,10404100259,1,"IOTHUB_CLIENT_CONFIRMATION_OK"
14851,10404100400,10404100438,1,"IOTHUB_CLIENT_CONFIRMATION_OK"
14852,10404100600,10404100637,1,"IOTHUB_CLIENT_CONFIRMATION_OK"
14853,10404100801,10404101016,1,"IOTHUB_CLIENT_CONFIRMATION_OK"
14854,10404101001,10404101038,1,"IOTHUB_CLIENT_CONFIRMATION_OK"
14855,10404101201,10404101254,1,"IOTHUB_CLIENT_CONFIRMATION_OK"
14856,10404101401,10404101442,1,"IOTHUB_CLIENT_CONFIRMATION_OK"
14857,10404101601,10404101638,1,"IOTHUB_CLIENT_CONFIRMATION_OK"
14858,10404101801,10404101846,1,"IOTHUB_CLIENT_CONFIRMATION_OK"
14859,10404102002,10404102042,1,"IOTHUB_CLIENT_CONFIRMATION_OK"
14860,10404102202,10404102269,1,"IOTHUB_CLIENT_CONFIRMATION_OK"
14861,10404102402,10404102438,1,"IOTHUB_CLIENT_CONFIRMATION_OK"
14862,10404102602,10404102650,1,"IOTHUB_CLIENT_CONFIRMATION_OK"
14863,10404102802,10404102845,1,"IOTHUB_CLIENT_CONFIRMATION_OK"
14864,10404103002,10404103039,1,"IOTHUB_CLIENT_CONFIRMATION_OK"
14865,10404103203,10404103274,1,"IOTHUB_CLIENT_CONFIRMATION_OK"
14866,10404103403,10404103439,1,"IOTHUB_CLIENT_CONFIRMATION_OK"
14867,10404103603,10404103647,1,"IOTHUB_CLIENT_CONFIRMATION_OK"
14868,10404103803,10404103842,1,"IOTHUB_CLIENT_CONFIRMATION_OK"
14869,10404104003,10404104038,1,"IOTHUB_CLIENT_CONFIRMATION_OK"
14870,10404104203,10404104263,1,"IOTHUB_CLIENT_CONFIRMATION_OK"
14871,10404104403,10404104440,1,"IOTHUB_CLIENT_CONFIRMATION_OK"
14872,10404104604,10404104642,1,"IOTHUB_CLIENT_CONFIRMATION_OK"
14873,10404104804,10404104875,1,"IOTHUB_CLIENT_CONFIRMATION_OK"
14874,10404105004,10404105053,1,"IOTHUB_CLIENT_CONFIRMATION_OK"
14875,10404105204,10404105237,1,"IOTHUB_CLIENT_CONFIRMATION_OK"
14876,10404105404,10404105493,1,"IOTHUB_CLIENT_CONFIRMATION_OK"
14877,10404105604,10404105641,1,"IOTHUB_CLIENT_CONFIRMATION_OK"
14878,10404105805,10404105838,1,"IOTHUB_CLIENT_CONFIRMATION_OK"
14879,10404106005,10404106046,1,"IOTHUB_CLIENT_CONFIRMATION_OK"
14880,10404106205,10404106242,1,"IOTHUB_CLIENT_CONFIRMATION_OK"
14881,10404106405,10404106441,1,"IOTHUB_CLIENT_CONFIRMATION_OK"
14882,10404106605,10404106652,1,"IOTHUB_CLIENT_CONFIRMATION_OK"
14883,10404106805,10404106840,1,"IOTHUB_CLIENT_CONFIRMATION_OK"
14884,10404107006,10404107114,1,"IOTHUB_CLIENT_CONFIRMATION_OK"
14885,10404107206,10404107243,1,"IOTHUB_CLIENT_CONFIRMATION_OK"
14886,10404107406,10404107442,1,"IOTHUB_CLIENT_CONFIRMATION_OK"
14887,10404107606,10404107721,1,"IOTHUB_CLIENT_CONFIRMATION_OK"
14888,10404107806,10404107838,1,"IOTHUB_CLIENT_CONFIRMATION_OK"
14889,10404108006,10404108042,1,"IOTHUB_CLIENT_CONFIRMATION_OK"
14890,10404108207,10404108241,1,"IOTHUB_CLIENT_CONFIRMATION_OK"
14891,10404108407,10404108445,1,"IOTHUB_CLIENT_CONFIRMATION_OK"
14892,10404108607,10404108653,1,"IOTHUB_CLIENT_CONFIRMATION_OK"
14893,10404108807,10404108853,1,"IOTHUB_CLIENT_CONFIRMATION_OK"
14894,10404109007,10404109042,1,"IOTHUB_CLIENT_CONFIRMATION_OK"
14895,10404109207,10404109247,1,"IOTHUB_CLIENT_CONFIRMATION_OK"
14896,10404109408,10404109490,1,"IOTHUB_CLIENT_CONFIRMATION_OK"
14897,10404109608,10404109640,1,"IOTHUB_CLIENT_CONFIRMATION_OK"
14898,10404109808,10404109860,1,"IOTHUB_CLIENT_CONFIRMATION_OK"
14899,10404110008,10404110050,1,"IOTHUB_CLIENT_CONFIRMATION_OK"
14900,10404110208,10404110241,1,"IOTHUB_CLIENT_CONFIRMATION_OK"
14901,10404110408,10404110446,1,"IOTHUB_CLIENT_CONFIRMATION_OK"
14902,10404110608,10404110642,1,"IOTHUB_CLIENT_CONFIRMATION_OK"
14903,10404110809,10404110853,1,"IOTHUB_CLIENT_CONFIRMATION_OK"
14904,10404111009,10404111046,1,"IOTHUB_CLIENT_CONFIRMATION_OK"
14905,10404111209,10404111249,1,"IOTHUB_CLIENT_CONFIRMATION_OK"
14906,10404111409,10404111443,1,"IOTHUB_CLIENT_CONFIRMATION_OK"
14907,10404111609,10404111672,1,"IOTHUB_CLIENT_CONFIRMATION_OK"
14908,10404111809,10404111851,1,"IOTHUB_CLIENT_CONFIRMATION_OK"
14909,10404112010,10404112042,1,"IOTHUB_CLIENT_CONFIRMATION_OK"
14910,10404112210,10404112247,1,"IOTHUB_CLIENT_CONFIRMATION_OK"
14911,10404112410,10404112443,1,"IOTHUB_CLIENT_CONFIRMATION_OK"
14912,10404112610,10404112676,1,"IOTHUB_CLIENT_CONFIRMATION_OK"
14913,10404112810,10404112845,1,"IOTHUB_CLIENT_CONFIRMATION_OK"
14914,10404113010,10404113046,1,"IOTHUB_CLIENT_CONFIRMATION_OK"
14915,10404113210,10404113317,1,"IOTHUB_CLIENT_CONFIRMATION_OK"
14916,10404113411,10404113451,1,"IOTHUB_CLIENT_CONFIRMATION_OK"
14917,10404113611,10404113649,1,"IOTHUB_CLIENT_CONFIRMATION_OK"
14918,10404113811,10404113934,1,"IOTHUB_CLIENT_CONFIRMATION_OK"
14919,10404114011,10404114044,1,"IOTHUB_CLIENT_CONFIRMATION_OK"
14920,10404114211,10404114245,1,"IOTHUB_CLIENT_CONFIRMATION_OK"
14921,10404114411,10404114460,1,"IOTHUB_CLIENT_CONFIRMATION_OK"
14922,10404114612,10404114653,1,"IOTHUB_CLIENT_CONFIRMATION_OK"
14923,10404114812,10404114857,1,"IOTHUB_CLIENT_CONFIRMATION_OK"
14924,10404115012,10404115048,1,"IOTHUB_CLIENT_CONFIRMATION_OK"
14925,10404115212,10404115253,1,"IOTHUB_CLIENT_CONFIRMATION_OK"
14926,10404115412,10404115551,1,"IOTHUB_CLIENT_CONFIRMATION_OK"
14927,10404115612,10404115650,1,"IOTHUB_CLIENT_CONFIRMATION_OK"
14928,10404115813,10404115850,1,"IOTHUB_CLIENT_CONFIRMATION_OK"
14929,10404116013,10404116161,1,"IOTHUB_CLIENT_CONFIRMATION_OK"
14930,10404116213,10404116249,1,"IOTHUB_CLIENT_CONFIRMATION_OK"
14931,10404116413,10404116483,1,"IOTHUB_CLIENT_CONFIRMATION_OK"
14932,10404116613,10404116647,1,"IOTHUB_CLIENT_CONFIRMATION_OK"
14933,10404116813,10404116846,1,"IOTHUB_CLIENT_CONFIRMATION_OK"
14934,10404117014,10404117053,1,"IOTHUB_CLIENT_CONFIRMATION_OK"
14935,10404117214,10404117250,1,"IOTHUB_CLIENT_CONFIRMATION_OK"
14936,10404117414,10404117460,1,"IOTHUB_CLIENT_CONFIRMATION_OK"
14937,10404117614,10404117662,1,"IOTHUB_CLIENT_CONFIRMATION_OK"
14938,10404117814,10404117865,1,"IOTHUB_CLIENT_CONFIRMATION_OK"
14939,10404118014,10404118051,1,"IOTHUB_CLIENT_CONFIRMATION_OK"
14940,10404118215,10404118255,1,"IOTHUB_CLIENT_CONFIRMATION_OK"
14941,10404118415,10404118452,1,"IOTHUB_CLIENT_CONFIRMATION_OK"
14942,10404118615,10404118655,1,"IOTHUB_CLIENT_CONFIRMATION_OK"
14943,10404118815,10404118888,1,"IOTHUB_CLIENT_CONFIRMATION_OK"
14944,10404119015,10404119144,1,"IOTHUB_CLIENT_CONFIRMATION_OK"
14945,10404119215,10404119253,1,"IOTHUB_CLIENT_CONFIRMATION_OK"
14946,10404119416,10404119493,1,"IOTHUB_CLIENT_CONFIRMATION_OK"
14947,10404119616,10404119654,1,"IOTHUB_CLIENT_CONFIRMATION_OK"
14948,10404119816,10404119849,1,"IOTHUB_CLIENT_CONFIRMATION_OK"
14949,10404120016,10404120053,1,"IOTHUB_CLIENT_CONFIRMATION_OK"
14950,10404120216,10404120251,1,"IOTHUB_CLIENT_CONFIRMATION_OK"
14951,10404120416,10404120457,1,"IOTHUB_CLIENT_CONFIRMATION_OK"
14952,10404120617,10404120651,1,"IOTHUB_CLIENT_CONFIRMATION_OK"
14953,10404120817,10404120869,1,"IOTHUB_CLIENT_CONFIRMATION_OK"
14954,10404121017,10404121189,1,"IOTHUB_CLIENT_CONFIRMATION_OK"
14955,10404121217,10404121255,1,"IOTHUB_CLIENT_CONFIRMATION_OK"
14956,10404121417,10404121456,1,"IOTHUB_CLIENT_CONFIRMATION_OK"
14957,10404121617,10404121662,1,"IOTHUB_CLIENT_CONFIRMATION_OK"
14958,10404121818,10404121856,1,"IOTHUB_CLIENT_CONFIRMATION_OK"
14959,10404122018,10404122053,1,"IOTHUB_CLIENT_CONFIRMATION_OK"
14960,10404122218,10404122251,1,"IOTHUB_CLIENT_CONFIRMATION_OK"
14961,10404122418,10404122466,1,"IOTHUB_CLIENT_CONFIRMATION_OK"
14962,10404122618,10404122653,1,"IOTHUB_CLIENT_CONFIRMATION_OK"
14963,10404122818,10404122862,1,"IOTHUB_CLIENT_CONFIRMATION_OK"
14964,10404123018,10404123071,1,"IOTHUB_CLIENT_CONFIRMATION_OK"
14965,10404123219,10404123253,1,"IOTHUB_CLIENT_CONFIRMATION_OK"
14966,10404123419,10404123470,1,"IOTHUB_CLIENT_CONFIRMATION_OK"
14967,10404123619,10404123655,1,"IOTHUB_CLIENT_CONFIRMATION_OK"
14968,10404123819,10404123861,1,"IOTHUB_CLIENT_CONFIRMATION_OK"
14969,10404124019,10404124087,1,"IOTHUB_CLIENT_CONFIRMATION_OK"
14970,10404124219,10404124270,1,"IOTHUB_CLIENT_CONFIRMATION_OK"
14971,10404124420,10404124494,1,"IOTHUB_CLIENT_CONFIRMATION_OK"
14972,10404124620,10404124658,1,"IOTHUB_CLIENT_CONFIRMATION_OK"
14973,10404124820,10404124857,1,"IOTHUB_CLIENT_CONFIRMATION_OK"
14974,10404125020,10404125100,1,"IOTHUB_CLIENT_CONFIRMATION_OK"
14975,10404125220,10404125269,1,"IOTHUB_CLIENT_CONFIRMATION_OK"
14976,10404125420,10404125457,1,"IOTHUB_CLIENT_CONFIRMATION_OK"
14977,10404125621,10404125743,1,"IOTHUB_CLIENT_CONFIRMATION_OK"
14978,10404125821,10404125857,1,"IOTHUB_CLIENT_CONFIRMATION_OK"
14979,10404126021,10404126061,1,"IOTHUB_CLIENT_CONFIRMATION_OK"
14980,10404126221,10404126258,1,"IOTHUB_CLIENT_CONFIRMATION_OK"
14981,10404126421,10404126457,1,"IOTHUB_CLIENT_CONFIRMATION_OK"
14982,10404126621,10404126725,1,"IOTHUB_CLIENT_CONFIRMATION_OK"
14983,10404126821,10404126869,1,"IOTHUB_CLIENT_CONFIRMATION_OK"
14984,10404127022,10404127056,1,"IOTHUB_CLIENT_CONFIRMATION_OK"
14985,10404127222,10404127334,1,"IOTHUB_CLIENT_CONFIRMATION_OK"
14986,10404127422,10404127456,1,"IOTHUB_CLIENT_CONFIRMATION_OK"
14987,10404127622,10404127659,1,"IOTHUB_CLIENT_CONFIRMATION_OK"
14988,10404127822,10404127950,1,"IOTHUB_CLIENT_CONFIRMATION_OK"
14989,10404128022,10404128071,1,"IOTHUB_CLIENT_CONFIRMATION_OK"
14990,10404128223,10404128259,1,"IOTHUB_CLIENT_CONFIRMATION_OK"
14991,10404128423,10404128483,1,"IOTHUB_CLIENT_CONFIRMATION_OK"
14992,10404128623,10404128739,1,"IOTHUB_CLIENT_CONFIRMATION_OK"
14993,10404128823,10404128857,1,"IOTHUB_CLIENT_CONFIRMATION_OK"
14994,10404129023,10404129057,1,"IOTHUB_CLIENT_CONFIRMATION_OK"
14995,10404129223,10404129291,1,"IOTHUB_CLIENT_CONFIRMATION_OK"
14996,10404129423,10404129586,1,"IOTHUB_CLIENT_CONFIRMATION_OK"
14997,10404129624,10404129668,1,"IOTHUB_CLIENT_CONFIRMATION_OK"
14998,10404129824,10404129860,1,"IOTHUB_CLIENT_CONFIRMATION_OK"
14999,10404130024,10404130191,1,"IOTHUB_CLIENT_CONFIRMATION_OK"
15000,10404130224,10404130280,1,"IOTHUB_CLIENT_CONFIRMATION_OK"
15001,10404130424,10404130462,1,"IOTHUB_CLIENT_CONFIRMATION_OK"
15002,10404130624,10404130660,1,"IOTHUB_CLIENT_CONFIRMATION_OK"
15003,10404130825,10404130867,1,"IOTHUB_CLIENT_CONFIRMATION_OK"
15004,10404131025,10404131061,1,"IOTHUB_CLIENT_CONFIRMATION_OK"
15005,10404131225,10404131260,1,"IOTHUB_CLIENT_CONFIRMATION_OK"
15006,10404131425,10404131469,1,"IOTHUB_CLIENT_CONFIRMATION_OK"
15007,10404131625,10404131688,1,"IOTHUB_CLIENT_CONFIRMATION_OK"
15008,10404131825,10404131874,1,"IOTHUB_CLIENT_CONFIRMATION_OK"
15009,10404132026,10404132071,1,"IOTHUB_CLIENT_CONFIRMATION_OK"
15010,10404132226,10404132432,1,"IOTHUB_CLIENT_CONFIRMATION_OK"
15011,10404132426,10404132465,1,"IOTHUB_CLIENT_CONFIRMATION_OK"
15012,10404132626,10404132681,1,"IOTHUB_CLIENT_CONFIRMATION_OK"
15013,10404132826,10404132861,1,"IOTHUB_CLIENT_CONFIRMATION_OK"
15014,10404133026,10404133072,1,"IOTHUB_CLIENT_CONFIRMATION_OK"
15015,10404133227,10404133263,1,"IOTHUB_CLIENT_CONFIRMATION_OK"
15016,10404133427,10404133462,1,"IOTHUB_CLIENT_CONFIRMATION_OK"
15017,10404133627,10404133664,1,"IOTHUB_CLIENT_CONFIRMATION_OK"
15018,10404133827,10404133863,1,"IOTHUB_CLIENT_CONFIRMATION_OK"
15019,10404134027,10404134072,1,"IOTHUB_CLIENT_CONFIRMATION_OK"
15020,10404134227,10404134302,1,"IOTHUB_CLIENT_CONFIRMATION_OK"
15021,10404134427,10404134508,1,"IOTHUB_CLIENT_CONFIRMATION_OK"
15022,10404134628,10404134758,1,"IOTHUB_CLIENT_CONFIRMATION_OK"
15023,10404134828,10404134876,1,"IOTHUB_CLIENT_CONFIRMATION_OK"
15024,10404135028,10404135064,1,"IOTHUB_CLIENT_CONFIRMATION_OK"
15025,10404135228,10404135270,1,"IOTHUB_CLIENT_CONFIRMATION_OK"
15026,10404135428,10404135472,1,"IOTHUB_CLIENT_CONFIRMATION_OK"
15027,10404135629,10404135756,1,"IOTHUB_CLIENT_CONFIRMATION_OK"
15028,10404135829,10404135879,1,"IOTHUB_CLIENT_CONFIRMATION_OK"
15029,10404136029,10404136070,1,"IOTHUB_CLIENT_CONFIRMATION_OK"
15030,10404136229,10404136376,1,"IOTHUB_CLIENT_CONFIRMATION_OK"
15031,10404136429,10404136465,1,"IOTHUB_CLIENT_CONFIRMATION_OK"
15032,10404136629,10404136670,1,"IOTHUB_CLIENT_CONFIRMATION_OK"
15033,10404136829,10404136874,1,"IOTHUB_CLIENT_CONFIRMATION_OK"
15034,10404137030,10404137078,1,"IOTHUB_CLIENT_CONFIRMATION_OK"
15035,10404137230,10404137309,1,"IOTHUB_CLIENT_CONFIRMATION_OK"
15036,10404137430,10404137466,1,"IOTHUB_CLIENT_CONFIRMATION_OK"
15037,10404137630,10404137688,1,"IOTHUB_CLIENT_CONFIRMATION_OK"
15038,10404137830,10404137866,1,"IOTHUB_CLIENT_CONFIRMATION_OK"
15039,10404138030,10404138068,1,"IOTHUB_CLIENT_CONFIRMATION_OK"
15040,10404138230,10404138265,1,"IOTHUB_CLIENT_CONFIRMATION_OK"
15041,10404138431,10404138605,1,"IOTHUB_CLIENT_CONFIRMATION_OK"
15042,10404138631,10404138670,1,"IOTHUB_CLIENT_CONFIRMATION_OK"
15043,10404138831,10404138878,1,"IOTHUB_CLIENT_CONFIRMATION_OK"
15044,10404139031,10404139072,1,"IOTHUB_CLIENT_CONFIRMATION_OK"
15045,10404139231,10404139269,1,"IOTHUB_CLIENT_CONFIRMATION_OK"
15046,10404139431,10404139468,1,"IOTHUB_CLIENT_CONFIRMATION_OK"
15047,10404139632,10404139671,1,"IOTHUB_CLIENT_CONFIRMATION_OK"
15048,10404139832,10404139867,1,"IOTHUB_CLIENT_CONFIRMATION_OK"
15049,10404140032,10404140073,1,"IOTHUB_CLIENT_CONFIRMATION_OK"
15050,10404140232,10404140265,1,"IOTHUB_CLIENT_CONFIRMATION_OK"
15051,10404140432,10404140466,1,"IOTHUB_CLIENT_CONFIRMATION_OK"
15052,10404140632,10404140667,1,"IOTHUB_CLIENT_CONFIRMATION_OK"
15053,10404140833,10404140887,1,"IOTHUB_CLIENT_CONFIRMATION_OK"
15054,10404141033,10404141081,1,"IOTHUB_CLIENT_CONFIRMATION_OK"
15055,10404141233,10404141284,1,"IOTHUB_CLIENT_CONFIRMATION_OK"
15056,10404141433,10404141516,1,"IOTHUB_CLIENT_CONFIRMATION_OK"
15057,10404141633,10404141686,1,"IOTHUB_CLIENT_CONFIRMATION_OK"
15058,10404141833,10404141868,1,"IOTHUB_CLIENT_CONFIRMATION_OK"
15059,10404142034,10404142071,1,"IOTHUB_CLIENT_CONFIRMATION_OK"
15060,10404142234,10404142337,1,"IOTHUB_CLIENT_CONFIRMATION_OK"
15061,10404142434,10404142480,1,"IOTHUB_CLIENT_CONFIRMATION_OK"
15062,10404142634,10404142691,1,"IOTHUB_CLIENT_CONFIRMATION_OK"
15063,10404142834,10404142964,1,"IOTHUB_CLIENT_CONFIRMATION_OK"
15064,10404143034,10404143075,1,"IOTHUB_CLIENT_CONFIRMATION_OK"
15065,10404143235,10404143280,1,"IOTHUB_CLIENT_CONFIRMATION_OK"
15066,10404143435,10404143485,1,"IOTHUB_CLIENT_CONFIRMATION_OK"
15067,10404143635,10404143672,1,"IOTHUB_CLIENT_CONFIRMATION_OK"
15068,10404143835,10404143899,1,"IOTHUB_CLIENT_CONFIRMATION_OK"
15069,10404144035,10404144069,1,"IOTHUB_CLIENT_CONFIRMATION_OK"
15070,10404144235,10404144296,1,"IOTHUB_CLIENT_CONFIRMATION_OK"
15071,10404144436,10404144472,1,"IOTHUB_CLIENT_CONFIRMATION_OK"
15072,10404144636,10404144682,1,"IOTHUB_CLIENT_CONFIRMATION_OK"
15073,10404144836,10404144898,1,"IOTHUB_CLIENT_CONFIRMATION_OK"
15074,10404145036,10404145072,1,"IOTHUB_CLIENT_CONFIRMATION_OK"
15075,10404145236,10404145303,1,"IOTHUB_CLIENT_CONFIRMATION_OK"
15076,10404145436,10404145472,1,"IOTHUB_CLIENT_CONFIRMATION_OK"
15077,10404145637,10404145675,1,"IOTHUB_CLIENT_CONFIRMATION_OK"
15078,10404145837,10404145900,1,"IOTHUB_CLIENT_CONFIRMATION_OK"
15079,10404146037,10404146073,1,"IOTHUB_CLIENT_CONFIRMATION_OK"
15080,10404146237,10404146277,1,"IOTHUB_CLIENT_CONFIRMATION_OK"
15081,10404146437,10404146473,1,"IOTHUB_CLIENT_CONFIRMATION_OK"
15082,10404146637,10404146673,1,"IOTHUB_CLIENT_CONFIRMATION_OK"
15083,10404146838,10404146933,1,"IOTHUB_CLIENT_CONFIRMATION_OK"
15084,10404147038,10404147075,1,"IOTHUB_CLIENT_CONFIRMATION_OK"
15085,10404147238,10404147275,1,"IOTHUB_CLIENT_CONFIRMATION_OK"
15086,10404147438,10404147540,1,"IOTHUB_CLIENT_CONFIRMATION_OK"
15087,10404147638,10404147674,1,"IOTHUB_CLIENT_CONFIRMATION_OK"
15088,10404147838,10404147879,1,"IOTHUB_CLIENT_CONFIRMATION_OK"
15089,10404148039,10404148181,1,"IOTHUB_CLIENT_CONFIRMATION_OK"
15090,10404148239,10404148280,1,"IOTHUB_CLIENT_CONFIRMATION_OK"
15091,10404148439,10404148484,1,"IOTHUB_CLIENT_CONFIRMATION_OK"
15092,10404148639,10404148684,1,"IOTHUB_CLIENT_CONFIRMATION_OK"
15093,10404148839,10404148885,1,"IOTHUB_CLIENT_CONFIRMATION_OK"
15094,10404149039,10404149077,1,"IOTHUB_CLIENT_CONFIRMATION_OK"
15095,10404149239,10404149304,1,"IOTHUB_CLIENT_CONFIRMATION_OK"
15096,10404149440,10404149476,1,"IOTHUB_CLIENT_CONFIRMATION_OK"
15097,10404149640,10404149808,1,"IOTHUB_CLIENT_CONFIRMATION_OK"
15098,10404149840,10404149880,1,"IOTHUB_CLIENT_CONFIRMATION_OK"
15099,10404150040,10404150079,1,"IOTHUB_CLIENT_CONFIRMATION_OK"
15100,10404150240,10404150276,1,"IOTHUB_CLIENT_CONFIRMATION_OK"
15101,10404150440,10404150492,1,"IOTHUB_CLIENT_CONFIRMATION_OK"
15102,10404150641,10404150677,1,"IOTHUB_CLIENT_CONFIRMATION_OK"
15103,10404150841,10404150875,1,"IOTHUB_CLIENT_CONFIRMATION_OK"
15104,10404151041,10404151077,1,"IOTHUB_CLIENT_CONFIRMATION_OK"
15105,10404151241,10404151278,1,"IOTHUB_CLIENT_CONFIRMATION_OK"
15106,10404151441,10404151482,1,"IOTHUB_CLIENT_CONFIRMATION_OK"
15107,10404151641,10404151681,1,"IOTHUB_CLIENT_CONFIRMATION_OK"
15108,10404151841,10404151874,1,"IOTHUB_CLIENT_CONFIRMATION_OK"
15109,10404152042,10404152079,1,"IOTHUB_CLIENT_CONFIRMATION_OK"
15110,10404152242,10404152280,1,"IOTHUB_CLIENT_CONFIRMATION_OK"
15111,10404152442,10404152483,1,"IOTHUB_CLIENT_CONFIRMATION_OK"
15112,10404152642,10404152677,1,"IOTHUB_CLIENT_CONFIRMATION_OK"
15113,10404152842,10404152879,1,"IOTHUB_CLIENT_CONFIRMATION_OK"
15114,10404153042,10404153080,1,"IOTHUB_CLIENT_CONFIRMATION_OK"
15115,10404153242,10404153284,1,"IOTHUB_CLIENT_CONFIRMATION_OK"
15116,10404153443,10404153478,1,"IOTHUB_CLIENT_CONFIRMATION_OK"
15117,10404153643,10404153678,1,"IOTHUB_CLIENT_CONFIRMATION_OK"
15118,10404153843,10404153913,1,"IOTHUB_CLIENT_CONFIRMATION_OK"
15119,10404154043,10404154088,1,"IOTHUB_CLIENT_CONFIRMATION_OK"
15120,10404154243,10404154345,1,"IOTHUB_CLIENT_CONFIRMATION_OK"
15121,10404154443,10404154483,1,"IOTHUB_CLIENT_CONFIRMATION_OK"
15122,10404154644,10404154678,1,"IOTHUB_CLIENT_CONFIRMATION_OK"
15123,10404154844,10404154904,1,"IOTHUB_CLIENT_CONFIRMATION_OK"
15124,10404155044,10404155086,1,"IOTHUB_CLIENT_CONFIRMATION_OK"
15125,10404155244,10404155370,1,"IOTHUB_CLIENT_CONFIRMATION_OK"
15126,10404155444,10404155483,1,"IOTHUB_CLIENT_CONFIRMATION_OK"
15127,10404155644,10404155683,1,"IOTHUB_CLIENT_CONFIRMATION_OK"
15128,10404155845,10404155992,1,"IOTHUB_CLIENT_CONFIRMATION_OK"
15129,10404156045,10404156092,1,"IOTHUB_CLIENT_CONFIRMATION_OK"
15130,10404156245,10404156284,1,"IOTHUB_CLIENT_CONFIRMATION_OK"
15131,10404156445,10404156479,1,"IOTHUB_CLIENT_CONFIRMATION_OK"
15132,10404156645,10404156691,1,"IOTHUB_CLIENT_CONFIRMATION_OK"
15133,10404156845,10404157103,1,"IOTHUB_CLIENT_CONFIRMATION_OK"
15134,10404157046,10404157577,1,"IOTHUB_CLIENT_CONFIRMATION_OK"
15135,10404157246,10404157641,1,"IOTHUB_CLIENT_CONFIRMATION_OK"
15136,10404157446,10404157708,1,"IOTHUB_CLIENT_CONFIRMATION_OK"
15137,10404157646,10404157774,1,"IOTHUB_CLIENT_CONFIRMATION_OK"
15138,10404157846,10404157891,1,"IOTHUB_CLIENT_CONFIRMATION_OK"
15139,10404158046,10404158220,1,"IOTHUB_CLIENT_CONFIRMATION_OK"
15140,10404158246,10404158287,1,"IOTHUB_CLIENT_CONFIRMATION_OK"
15141,10404158447,10404158503,1,"IOTHUB_CLIENT_CONFIRMATION_OK"
15142,10404158647,10404158695,1,"IOTHUB_CLIENT_CONFIRMATION_OK"
15143,10404158847,10404158887,1,"IOTHUB_CLIENT_CONFIRMATION_OK"
15144,10404159047,10404159082,1,"IOTHUB_CLIENT_CONFIRMATION_OK"
15145,10404159247,10404159284,1,"IOTHUB_CLIENT_CONFIRMATION_OK"
15146,10404159447,10404159501,1,"IOTHUB_CLIENT_CONFIRMATION_OK"
15147,10404159648,10404159681,1,"IOTHUB_CLIENT_CONFIRMATION_OK"
15148,10404159848,10404159884,1,"IOTHUB_CLIENT_CONFIRMATION_OK"
15149,10404160048,10404160084,1,"IOTHUB_CLIENT_CONFIRMATION_OK"
15150,10404160248,10404160284,1,"IOTHUB_CLIENT_CONFIRMATION_OK"
15151,10404160448,10404160485,1,"IOTHUB_CLIENT_CONFIRMATION_OK"
15152,10404160648,10404160684,1,"IOTHUB_CLIENT_CONFIRMATION_OK"
15153,10404160849,10404160889,1,"IOTHUB_CLIENT_CONFIRMATION_OK"
15154,10404161049,10404161086,1,"IOTHUB_CLIENT_CONFIRMATION_OK"
15155,10404161249,10404161288,1,"IOTHUB_CLIENT_CONFIRMATION_OK"
15156,10404161449,10404161486,1,"IOTHUB_CLIENT_CONFIRMATION_OK"
15157,10404161649,10404161688,1,"IOTHUB_CLIENT_CONFIRMATION_OK"
15158,10404161849,10404161887,1,"IOTHUB_CLIENT_CONFIRMATION_OK"
15159,10404162050,10404162103,1,"IOTHUB_CLIENT_CONFIRMATION_OK"
15160,10404162250,10404162285,1,"IOTHUB_CLIENT_CONFIRMATION_OK"
15161,10404162450,10404162485,1,"IOTHUB_CLIENT_CONFIRMATION_OK"
15162,10404162650,10404162714,1,"IOTHUB_CLIENT_CONFIRMATION_OK"
15163,10404162850,10404162899,1,"IOTHUB_CLIENT_CONFIRMATION_OK"
15164,10404163050,10404163083,1,"IOTHUB_CLIENT_CONFIRMATION_OK"
15165,10404163251,10404163330,1,"IOTHUB_CLIENT_CONFIRMATION_OK"
15166,10404163451,10404163490,1,"IOTHUB_CLIENT_CONFIRMATION_OK"
15167,10404163651,10404163714,1,"IOTHUB_CLIENT_CONFIRMATION_OK"
15168,10404163851,10404163889,1,"IOTHUB_CLIENT_CONFIRMATION_OK"
15169,10404164051,10404164090,1,"IOTHUB_CLIENT_CONFIRMATION_OK"
15170,10404164251,10404164341,1,"IOTHUB_CLIENT_CONFIRMATION_OK"
15171,10404164451,10404164488,1,"IOTHUB_CLIENT_CONFIRMATION_OK"
15172,10404164652,10404164687,1,"IOTHUB_CLIENT_CONFIRMATION_OK"
15173,10404164852,10404164932,1,"IOTHUB_CLIENT_CONFIRMATION_OK"
15174,10404165052,10404165091,1,"IOTHUB_CLIENT_CONFIRMATION_OK"
15175,10404165252,10404165304,1,"IOTHUB_CLIENT_CONFIRMATION_OK"
15176,10404165452,10404165555,1,"IOTHUB_CLIENT_CONFIRMATION_OK"
15177,10404165652,10404165690,1,"IOTHUB_CLIENT_CONFIRMATION_OK"
15178,10404165853,10404165893,1,"IOTHUB_CLIENT_CONFIRMATION_OK"
15179,10404166053,10404166089,1,"IOTHUB_CLIENT_CONFIRMATION_OK"
15180,10404166253,10404166294,1,"IOTHUB_CLIENT_CONFIRMATION_OK"
15181,10404166453,10404166497,1,"IOTHUB_CLIENT_CONFIRMATION_OK"
15182,10404166653,10404166697,1,"IOTHUB_CLIENT_CONFIRMATION_OK"
15183,10404166853,10404166905,1,"IOTHUB_CLIENT_CONFIRMATION_OK"
15184,10404167053,10404167189,1,"IOTHUB_CLIENT_CONFIRMATION_OK"
15185,10404167254,10404167289,1,"IOTHUB_CLIENT_CONFIRMATION_OK"
15186,10404167454,10404167488,1,"IOTHUB_CLIENT_CONFIRMATION_OK"
15187,10404167654,10404167807,1,"IOTHUB_CLIENT_CONFIRMATION_OK"
15188,10404167854,10404167891,1,"IOTHUB_CLIENT_CONFIRMATION_OK"
15189,10404168054,10404168100,1,"IOTHUB_CLIENT_CONFIRMATION_OK"
15190,10404168254,10404168303,1,"IOTHUB_CLIENT_CONFIRMATION_OK"
15191,10404168455,10404168491,1,"IOTHUB_CLIENT_CONFIRMATION_OK"
15192,10404168655,10404168691,1,"IOTHUB_CLIENT_CONFIRMATION_OK"
15193,10404168855,10404168925,1,"IOTHUB_CLIENT_CONFIRMATION_OK"
15194,10404169055,10404169098,1,"IOTHUB_CLIENT_CONFIRMATION_OK"
15195,10404169255,10404169290,1,"IOTHUB_CLIENT_CONFIRMATION_OK"
15196,10404169455,10404169538,1,"IOTHUB_CLIENT_CONFIRMATION_OK"
15197,10404169656,10404169701,1,"IOTHUB_CLIENT_CONFIRMATION_OK"
15198,10404169856,10404170038,1,"IOTHUB_CLIENT_CONFIRMATION_OK"
15199,10404170056,10404170098,1,"IOTHUB_CLIENT_CONFIRMATION_OK"
15200,10404170256,10404170290,1,"IOTHUB_CLIENT_CONFIRMATION_OK"
15201,10404170456,10404170496,1,"IOTHUB_CLIENT_CONFIRMATION_OK"
15202,10404170656,10404170703,1,"IOTHUB_CLIENT_CONFIRMATION_OK"
15203,10404170856,10404170894,1,"IOTHUB_CLIENT_CONFIRMATION_OK"
15204,10404171057,10404171093,1,"IOTHUB_CLIENT_CONFIRMATION_OK"
15205,10404171257,10404171303,1,"IOTHUB_CLIENT_CONFIRMATION_OK"
15206,10404171457,10404171521,1,"IOTHUB_CLIENT_CONFIRMATION_OK"
15207,10404171657,10404171702,1,"IOTHUB_CLIENT_CONFIRMATION_OK"
15208,10404171857,10404171900,1,"IOTHUB_CLIENT_CONFIRMATION_OK"
15209,10404172057,10404172097,1,"IOTHUB_CLIENT_CONFIRMATION_OK"
15210,10404172258,10404172300,1,"IOTHUB_CLIENT_CONFIRMATION_OK"
15211,10404172458,10404172495,1,"IOTHUB_CLIENT_CONFIRMATION_OK"
15212,10404172658,10404172700,1,"IOTHUB_CLIENT_CONFIRMATION_OK"
15213,10404172858,10404172903,1,"IOTHUB_CLIENT_CONFIRMATION_OK"
15214,10404173058,10404173099,1,"IOTHUB_CLIENT_CONFIRMATION_OK"
15215,10404173258,10404173296,1,"IOTHUB_CLIENT_CONFIRMATION_OK"
15216,10404173459,10404173498,1,"IOTHUB_CLIENT_CONFIRMATION_OK"
15217,10404173659,10404173699,1,"IOTHUB_CLIENT_CONFIRMATION_OK"
15218,10404173859,10404173898,1,"IOTHUB_CLIENT_CONFIRMATION_OK"
15219,10404174059,10404174096,1,"IOTHUB_CLIENT_CONFIRMATION_OK"
15220,10404174259,10404174303,1,"IOTHUB_CLIENT_CONFIRMATION_OK"
15221,10404174459,10404174532,1,"IOTHUB_CLIENT_CONFIRMATION_OK"
15222,10404174659,10404174702,1,"IOTHUB_CLIENT_CONFIRMATION_OK"
15223,10404174860,10404174908,1,"IOTHUB_CLIENT_CONFIRMATION_OK"
15224,10404175060,10404175093,1,"IOTHUB_CLIENT_CONFIRMATION_OK"
15225,10404175260,10404175306,1,"IOTHUB_CLIENT_CONFIRMATION_OK"
15226,10404175460,10404175529,1,"IOTHUB_CLIENT_CONFIRMATION_OK"
15227,10404175660,10404175698,1,"IOTHUB_CLIENT_CONFIRMATION_OK"
15228,10404175860,10404175926,1,"IOTHUB_CLIENT_CONFIRMATION_OK"
15229,10404176061,10404176140,1,"IOTHUB_CLIENT_CONFIRMATION_OK"
15230,10404176261,10404176295,1,"IOTHUB_CLIENT_CONFIRMATION_OK"
15231,10404176461,10404176502,1,"IOTHUB_CLIENT_CONFIRMATION_OK"
15232,10404176661,10404176773,1,"IOTHUB_CLIENT_CONFIRMATION_OK"
15233,10404176861,10404176899,1,"IOTHUB_CLIENT_CONFIRMATION_OK"
15234,10404177061,10404177114,1,"IOTHUB_CLIENT_CONFIRMATION_OK"
15235,10404177261,10404177302,1,"IOTHUB_CLIENT_CONFIRMATION_OK"
15236,10404177462,10404177498,1,"IOTHUB_CLIENT_CONFIRMATION_OK"
15237,10404177662,10404177712,1,"IOTHUB_CLIENT_CONFIRMATION_OK"
15238,10404177862,10404177900,1,"IOTHUB_CLIENT_CONFIRMATION_OK"
15239,10404178062,10404178095,1,"IOTHUB_CLIENT_CONFIRMATION_OK"
15240,10404178262,10404178380,1,"IOTHUB_CLIENT_CONFIRMATION_OK"
15241,10404178462,10404178526,1,"IOTHUB_CLIENT_CONFIRMATION_OK"
15242,10404178663,10404178702,1,"IOTHUB_CLIENT_CONFIRMATION_OK"
15243,10404178863,10404179087,1,"IOTHUB_CLIENT_CONFIRMATION_OK"
15244,10404179063,10404179120,1,"IOTHUB_CLIENT_CONFIRMATION_OK"
15245,10404179263,10404179304,1,"IOTHUB_CLIENT_CONFIRMATION_OK"
15246,10404179463,10404179541,1,"IOTHUB_CLIENT_CONFIRMATION_OK"
15247,10404179663,10404179698,1,"IOTHUB_CLIENT_CONFIRMATION_OK"
15248,10404179863,10404179903,1,"IOTHUB_CLIENT_CONFIRMATION_OK"
15249,10404180064,10404180103,1,"IOTHUB_CLIENT_CONFIRMATION_OK"
15250,10404180264,10404180323,1,"IOTHUB_CLIENT_CONFIRMATION_OK"
15251,10404180464,10404180512,1,"IOTHUB_CLIENT_CONFIRMATION_OK"
15252,10404180664,10404180703,1,"IOTHUB_CLIENT_CONFIRMATION_OK"
15253,10404180864,10404180914,1,"IOTHUB_CLIENT_CONFIRMATION_OK"
15254,10404181064,10404181101,1,"IOTHUB_CLIENT_CONFIRMATION_OK"
15255,10404181265,10404181305,1,"IOTHUB_CLIENT_CONFIRMATION_OK"
15256,10404181465,10404181510,1,"IOTHUB_CLIENT_CONFIRMATION_OK"
15257,10404181665,10404181712,1,"IOTHUB_CLIENT_CONFIRMATION_OK"
15258,10404181865,10404181901,1,"IOTHUB_CLIENT_CONFIRMATION_OK"
15259,10404182065,10404182120,1,"IOTHUB_CLIENT_CONFIRMATION_OK"
15260,10404182265,10404182300,1,"IOTHUB_CLIENT_CONFIRMATION_OK"
15261,10404182466,10404182517,1,"IOTHUB_CLIENT_CONFIRMATION_OK"
15262,10404182666,10404182716,1,"IOTHUB_CLIENT_CONFIRMATION_OK"
15263,10404182866,10404182904,1,"IOTHUB_CLIENT_CONFIRMATION_OK"
15264,10404183066,10404183105,1,"IOTHUB_CLIENT_CONFIRMATION_OK"
15265,10404183266,10404183312,1,"IOTHUB_CLIENT_CONFIRMATION_OK"
15266,10404183466,10404183515,1,"IOTHUB_CLIENT_CONFIRMATION_OK"
15267,10404183667,10404183706,1,"IOTHUB_CLIENT_CONFIRMATION_OK"
15268,10404183867,10404183935,1,"IOTHUB_CLIENT_CONFIRMATION_OK"
15269,10404184067,10404184103,1,"IOTHUB_CLIENT_CONFIRMATION_OK"
15270,10404184267,10404184301,1,"IOTHUB_CLIENT_CONFIRMATION_OK"
15271,10404184467,10404184526,1,"IOTHUB_CLIENT_CONFIRMATION_OK"
15272,10404184667,10404184711,1,"IOTHUB_CLIENT_CONFIRMATION_OK"
15273,10404184868,10404184931,1,"IOTHUB_CLIENT_CONFIRMATION_OK"
15274,10404185068,10404185150,1,"IOTHUB_CLIENT_CONFIRMATION_OK"
15275,10404185268,10404185303,1,"IOTHUB_CLIENT_CONFIRMATION_OK"
15276,10404185468,10404185515,1,"IOTHUB_CLIENT_CONFIRMATION_OK"
15277,10404185668,10404185743,1,"IOTHUB_CLIENT_CONFIRMATION_OK"
15278,10404185868,10404185904,1,"IOTHUB_CLIENT_CONFIRMATION_OK"
15279,10404186068,10404186108,1,"IOTHUB_CLIENT_CONFIRMATION_OK"
15280,10404186269,10404186315,1,"IOTHUB_CLIENT_CONFIRMATION_OK"
15281,10404186469,10404186510,1,"IOTHUB_CLIENT_CONFIRMATION_OK"
15282,10404186669,10404186744,1,"IOTHUB_CLIENT_CONFIRMATION_OK"
15283,10404186869,10404186910,1,"IOTHUB_CLIENT_CONFIRMATION_OK"
15284,10404187069,10404187114,1,"IOTHUB_CLIENT_CONFIRMATION_OK"
15285,10404187270,10404187367,1,"IOTHUB_CLIENT_CONFIRMATION_OK"
15286,10404187470,10404187504,1,"IOTHUB_CLIENT_CONFIRMATION_OK"
15287,10404187670,10404187711,1,"IOTHUB_CLIENT_CONFIRMATION_OK"
15288,10404187870,10404187974,1,"IOTHUB_CLIENT_CONFIRMATION_OK"
15289,10404188070,10404188117,1,"IOTHUB_CLIENT_CONFIRMATION_OK"
15290,10404188270,10404188312,1,"IOTHUB_CLIENT_CONFIRMATION_OK"
15291,10404188470,10404188513,1,"IOTHUB_CLIENT_CONFIRMATION_OK"
15292,10404188671,10404188711,1,"IOTHUB_CLIENT_CONFIRMATION_OK"
15293,10404188871,10404188909,1,"IOTHUB_CLIENT_CONFIRMATION_OK"
15294,10404189071,10404189104,1,"IOTHUB_CLIENT_CONFIRMATION_OK"
15295,10404189271,10404189312,1,"IOTHUB_CLIENT_CONFIRMATION_OK"
15296,10404189471,10404189546,1,"IOTHUB_CLIENT_CONFIRMATION_OK"
15297,10404189671,10404189738,1,"IOTHUB_CLIENT_CONFIRMATION_OK"
15298,10404189872,10404189908,1,"IOTHUB_CLIENT_CONFIRMATION_OK"
15299,10404190072,10404190226,1,"IOTHUB_CLIENT_CONFIRMATION_OK"
15300,10404190272,10404190321,1,"IOTHUB_CLIENT_CONFIRMATION_OK"
15301,10404190472,10404190509,1,"IOTHUB_CLIENT_CONFIRMATION_OK"
15302,10404190672,10404190712,1,"IOTHUB_CLIENT_CONFIRMATION_OK"
15303,10404190872,10404190922,1,"IOTHUB_CLIENT_CONFIRMATION_OK"
15304,10404191072,10404191110,1,"IOTHUB_CLIENT_CONFIRMATION_OK"
15305,10404191273,10404191311,1,"IOTHUB_CLIENT_CONFIRMATION_OK"
15306,10404191473,10404191515,1,"IOTHUB_CLIENT_CONFIRMATION_OK"
15307,10404191673,10404191711,1,"IOTHUB_CLIENT_CONFIRMATION_OK"
15308,10404191873,10404191919,1,"IOTHUB_CLIENT_CONFIRMATION_OK"
15309,10404192073,10404192113,1,"IOTHUB_CLIENT_CONFIRMATION_OK"
15310,10404192273,10404192447,1,"IOTHUB_CLIENT_CONFIRMATION_OK"
15311,10404192473,10404192510,1,"IOTHUB_CLIENT_CONFIRMATION_OK"
15312,10404192674,10404192720,1,"IOTHUB_CLIENT_CONFIRMATION_OK"
15313,10404192874,10404192952,1,"IOTHUB_CLIENT_CONFIRMATION_OK"
15314,10404193074,10404193114,1,"IOTHUB_CLIENT_CONFIRMATION_OK"
15315,10404193274,10404193312,1,"IOTHUB_CLIENT_CONFIRMATION_OK"
15316,10404193474,10404193507,1,"IOTHUB_CLIENT_CONFIRMATION_OK"
15317,10404193674,10404193726,1,"IOTHUB_CLIENT_CONFIRMATION_OK"
15318,10404193875,10404193908,1,"IOTHUB_CLIENT_CONFIRMATION_OK"
15319,10404194075,10404194113,1,"IOTHUB_CLIENT_CONFIRMATION_OK"
15320,10404194275,10404194323,1,"IOTHUB_CLIENT_CONFIRMATION_OK"
15321,10404194475,10404194510,1,"IOTHUB_CLIENT_CONFIRMATION_OK"
15322,10404194675,10404194718,1,"IOTHUB_CLIENT_CONFIRMATION_OK"
15323,10404194875,10404195023,1,"IOTHUB_CLIENT_CONFIRMATION_OK"
15324,10404195075,10404195119,1,"IOTHUB_CLIENT_CONFIRMATION_OK"
15325,10404195276,10404195313,1,"IOTHUB_CLIENT_CONFIRMATION_OK"
15326,10404195476,10404195526,1,"IOTHUB_CLIENT_CONFIRMATION_OK"
15327,10404195676,10404195709,1,"IOTHUB_CLIENT_CONFIRMATION_OK"
15328,10404195876,10404195916,1,"IOTHUB_CLIENT_CONFIRMATION_OK"
15329,10404196076,10404196113,1,"IOTHUB_CLIENT_CONFIRMATION_OK"
15330,10404196276,10404196325,1,"IOTHUB_CLIENT_CONFIRMATION_OK"
15331,10404196477,10404196514,1,"IOTHUB_CLIENT_CONFIRMATION_OK"
15332,10404196677,10404196717,1,"IOTHUB_CLIENT_CONFIRMATION_OK"
15333,10404196877,10404196951,1,"IOTHUB_CLIENT_CONFIRMATION_OK"
15334,10404197077,10404197116,1,"IOTHUB_CLIENT_CONFIRMATION_OK"
15335,10404197277,10404197313,1,"IOTHUB_CLIENT_CONFIRMATION_OK"
15336,10404197477,10404197511,1,"IOTHUB_CLIENT_CONFIRMATION_OK"
15337,10404197677,10404197723,1,"IOTHUB_CLIENT_CONFIRMATION_OK"
15338,10404197878,10404197914,1,"IOTHUB_CLIENT_CONFIRMATION_OK"
15339,10404198078,10404198120,1,"IOTHUB_CLIENT_CONFIRMATION_OK"
15340,10404198278,10404198333,1,"IOTHUB_CLIENT_CONFIRMATION_OK"
15341,10404198478,10404198566,1,"IOTHUB_CLIENT_CONFIRMATION_OK"
15342,10404198678,10404198716,1,"IOTHUB_CLIENT_CONFIRMATION_OK"
15343,10404198878,10404198915,1,"IOTHUB_CLIENT_CONFIRMATION_OK"
15344,10404199078,10404199196,1,"IOTHUB_CLIENT_CONFIRMATION_OK"
15345,10404199279,10404199313,1,"IOTHUB_CLIENT_CONFIRMATION_OK"
15346,10404199479,10404199525,1,"IOTHUB_CLIENT_CONFIRMATION_OK"
15347,10404199679,10404199815,1,"IOTHUB_CLIENT_CONFIRMATION_OK"
15348,10404199879,10404199914,1,"IOTHUB_CLIENT_CONFIRMATION_OK"
15349,10404200079,10404200175,1,"IOTHUB_CLIENT_CONFIRMATION_OK"
15350,10404200279,10404200327,1,"IOTHUB_CLIENT_CONFIRMATION_OK"
15351,10404200480,10404200514,1,"IOTHUB_CLIENT_CONFIRMATION_OK"
15352,10404200680,10404200717,1,"IOTHUB_CLIENT_CONFIRMATION_OK"
15353,10404200880,10404200914,1,"IOTHUB_CLIENT_CONFIRMATION_OK"
15354,10404201080,10404201116,1,"IOTHUB_CLIENT_CONFIRMATION_OK"
15355,10404201280,10404201412,1,"IOTHUB_CLIENT_CONFIRMATION_OK"
15356,10404201480,10404201517,1,"IOTHUB_CLIENT_CONFIRMATION_OK"
15357,10404201681,10404201747,1,"IOTHUB_CLIENT_CONFIRMATION_OK"
15358,10404201881,10404202041,1,"IOTHUB_CLIENT_CONFIRMATION_OK"
15359,10404202081,10404202121,1,"IOTHUB_CLIENT_CONFIRMATION_OK"
15360,10404202281,10404202329,1,"IOTHUB_CLIENT_CONFIRMATION_OK"
15361,10404202481,10404202520,1,"IOTHUB_CLIENT_CONFIRMATION_OK"
15362,10404202681,10404202720,1,"IOTHUB_CLIENT_CONFIRMATION_OK"
15363,10404202882,10404202920,1,"IOTHUB_CLIENT_CONFIRMATION_OK"
15364,10404203082,10404203123,1,"IOTHUB_CLIENT_CONFIRMATION_OK"
15365,10404203282,10404203321,1,"IOTHUB_CLIENT_CONFIRMATION_OK"
15366,10404203482,10404203518,1,"IOTHUB_CLIENT_CONFIRMATION_OK"
15367,10404203682,10404203727,1,"IOTHUB_CLIENT_CONFIRMATION_OK"
15368,10404203882,10404203927,1,"IOTHUB_CLIENT_CONFIRMATION_OK"
15369,10404204082,10404204262,1,"IOTHUB_CLIENT_CONFIRMATION_OK"
15370,10404204283,10404204322,1,"IOTHUB_CLIENT_CONFIRMATION_OK"
15371,10404204483,10404204539,1,"IOTHUB_CLIENT_CONFIRMATION_OK"
15372,10404204683,10404204720,1,"IOTHUB_CLIENT_CONFIRMATION_OK"
15373,10404204883,10404204919,1,"IOTHUB_CLIENT_CONFIRMATION_OK"
15374,10404205083,10404205119,1,"IOTHUB_CLIENT_CONFIRMATION_OK"
15375,10404205283,10404205322,1,"IOTHUB_CLIENT_CONFIRMATION_OK"
15376,10404205484,10404205524,1,"IOTHUB_CLIENT_CONFIRMATION_OK"
15377,10404205684,10404205721,1,"IOTHUB_CLIENT_CONFIRMATION_OK"
15378,10404205884,10404205925,1,"IOTHUB_CLIENT_CONFIRMATION_OK"
15379,10404206084,10404206129,1,"IOTHUB_CLIENT_CONFIRMATION_OK"
15380,10404206284,10404206367,1,"IOTHUB_CLIENT_CONFIRMATION_OK"
15381,10404206485,10404206538,1,"IOTHUB_CLIENT_CONFIRMATION_OK"
15382,10404206685,10404206730,1,"IOTHUB_CLIENT_CONFIRMATION_OK"
15383,10404206885,10404206942,1,"IOTHUB_CLIENT_CONFIRMATION_OK"
15384,10404207085,10404207144,1,"IOTHUB_CLIENT_CONFIRMATION_OK"
15385,10404207285,10404207321,1,"IOTHUB_CLIENT_CONFIRMATION_OK"
15386,10404207485,10404207565,1,"IOTHUB_CLIENT_CONFIRMATION_OK"
15387,10404207685,10404207723,1,"IOTHUB_CLIENT_CONFIRMATION_OK"
15388,10404207886,10404207924,1,"IOTHUB_CLIENT_CONFIRMATION_OK"
15389,10404208086,10404208177,1,"IOTHUB_CLIENT_CONFIRMATION_OK"
15390,10404208286,10404208324,1,"IOTHUB_CLIENT_CONFIRMATION_OK"
15391,10404208486,10404208526,1,"IOTHUB_CLIENT_CONFIRMATION_OK"
15392,10404208686,10404208776,1,"IOTHUB_CLIENT_CONFIRMATION_OK"
15393,10404208886,10404208934,1,"IOTHUB_CLIENT_CONFIRMATION_OK"
15394,10404209087,10404209146,1,"IOTHUB_CLIENT_CONFIRMATION_OK"
15395,10404209287,10404209322,1,"IOTHUB_CLIENT_CONFIRMATION_OK"
15396,10404209487,10404209522,1,"IOTHUB_CLIENT_CONFIRMATION_OK"
15397,10404209687,10404209776,1,"IOTHUB_CLIENT_CONFIRMATION_OK"
15398,10404209887,10404209923,1,"IOTHUB_CLIENT_CONFIRMATION_OK"
15399,10404210087,10404210123,1,"IOTHUB_CLIENT_CONFIRMATION_OK"
15400,10404210288,10404210400,1,"IOTHUB_CLIENT_CONFIRMATION_OK"
15401,10404210488,10404210526,1,"IOTHUB_CLIENT_CONFIRMATION_OK"
15402,10404210688,10404210729,1,"IOTHUB_CLIENT_CONFIRMATION_OK"
15403,10404210888,10404211010,1,"IOTHUB_CLIENT_CONFIRMATION_OK"
15404,10404211088,10404211128,1,"IOTHUB_CLIENT_CONFIRMATION_OK"
15405,10404211288,10404211324,1,"IOTHUB_CLIENT_CONFIRMATION_OK"
15406,10404211489,10404211525,1,"IOTHUB_CLIENT_CONFIRMATION_OK"
15407,10404211689,10404211724,1,"IOTHUB_CLIENT_CONFIRMATION_OK"
15408,10404211889,10404211933,1,"IOTHUB_CLIENT_CONFIRMATION_OK"
15409,10404212089,10404212264,1,"IOTHUB_CLIENT_CONFIRMATION_OK"
15410,10404212289,10404212326,1,"IOTHUB_CLIENT_CONFIRMATION_OK"
15411,10404212489,10404212710,1,"IOTHUB_CLIENT_CONFIRMATION_OK"
15412,10404212689,10404212733,1,"IOTHUB_CLIENT_CONFIRMATION_OK"
15413,10404212890,10404212927,1,"IOTHUB_CLIENT_CONFIRMATION_OK"
15414,10404213090,10404213242,1,"IOTHUB_CLIENT_CONFIRMATION_OK"
15415,10404213290,10404213326,1,"IOTHUB_CLIENT_CONFIRMATION_OK"
15416,10404213490,10404213567,1,"IOTHUB_CLIENT_CONFIRMATION_OK"
15417,10404213690,10404213731,1,"IOTHUB_CLIENT_CONFIRMATION_OK"
15418,10404213890,10404213928,1,"IOTHUB_CLIENT_CONFIRMATION_OK"
15419,10404214091,10404214134,1,"IOTHUB_CLIENT_CONFIRMATION_OK"
15420,10404214291,10404214345,1,"IOTHUB_CLIENT_CONFIRMATION_OK"
15421,10404214491,10404214525,1,"IOTHUB_CLIENT_CONFIRMATION_OK"
15422,10404214691,10404214731,1,"IOTHUB_CLIENT_CONFIRMATION_OK"
15423,10404214891,10404214929,1,"IOTHUB_CLIENT_CONFIRMATION_OK"
15424,10404215091,10404215129,1,"IOTHUB_CLIENT_CONFIRMATION_OK"
15425,10404215292,10404215482,1,"IOTHUB_CLIENT_CONFIRMATION_OK"
15426,10404215492,10404215534,1,"IOTHUB_CLIENT_CONFIRMATION_OK"
15427,10404215692,10404215731,1,"IOTHUB_CLIENT_CONFIRMATION_OK"
15428,10404215892,10404215936,1,"IOTHUB_CLIENT_CONFIRMATION_OK"
15429,10404216092,10404216138,1,"IOTHUB_CLIENT_CONFIRMATION_OK"
15430,10404216292,10404216330,1,"IOTHUB_CLIENT_CONFIRMATION_OK"
15431,10404216493,10404216526,1,"IOTHUB_CLIENT_CONFIRMATION_OK"
15432,10404216693,10404216732,1,"IOTHUB_CLIENT_CONFIRMATION_OK"
15433,10404216893,10404216929,1,"IOTHUB_CLIENT_CONFIRMATION_OK"
15434,10404217093,10404217134,1,"IOTHUB_CLIENT_CONFIRMATION_OK"
15435,10404217293,10404217335,1,"IOTHUB_CLIENT_CONFIRMATION_OK"
15436,10404217493,10404217530,1,"IOTHUB_CLIENT_CONFIRMATION_OK"
15437,10404217694,10404217738,1,"IOTHUB_CLIENT_CONFIRMATION_OK"
15438,10404217894,10404217937,1,"IOTHUB_CLIENT_CONFIRMATION_OK"
15439,10404218094,10404218129,1,"IOTHUB_CLIENT_CONFIRMATION_OK"
15440,10404218294,10404218370,1,"IOTHUB_CLIENT_CONFIRMATION_OK"
15441,10404218494,10404218554,1,"IOTHUB_CLIENT_CONFIRMATION_OK"
15442,10404218694,10404218777,1,"IOTHUB_CLIENT_CONFIRMATION_OK"
15443,10404218894,10404218928,1,"IOTHUB_CLIENT_CONFIRMATION_OK"
15444,10404219095,10404219137,1,"IOTHUB_CLIENT_CONFIRMATION_OK"
15445,10404219295,10404219378,1,"IOTHUB_CLIENT_CONFIRMATION_OK"
15446,10404219495,10404219535,1,"IOTHUB_CLIENT_CONFIRMATION_OK"
15447,10404219695,10404219742,1,"IOTHUB_CLIENT_CONFIRMATION_OK"
15448,10404219895,10404220049,1,"IOTHUB_CLIENT_CONFIRMATION_OK"
15449,10404220095,10404220132,1,"IOTHUB_CLIENT_CONFIRMATION_OK"
15450,10404220296,10404220332,1,"IOTHUB_CLIENT_CONFIRMATION_OK"
15451,10404220496,10404220531,1,"IOTHUB_CLIENT_CONFIRMATION_OK"
15452,10404220696,10404220732,1,"IOTHUB_CLIENT_CONFIRMATION_OK"
15453,10404220896,10404221056,1,"IOTHUB_CLIENT_CONFIRMATION_OK"
15454,10404221096,10404221134,1,"IOTHUB_CLIENT_CONFIRMATION_OK"
15455,10404221296,10404221346,1,"IOTHUB_CLIENT_CONFIRMATION_OK"
15456,10404221496,10404221533,1,"IOTHUB_CLIENT_CONFIRMATION_OK"
15457,10404221697,10404221734,1,"IOTHUB_CLIENT_CONFIRMATION_OK"
15458,10404221897,10404221932,1,"IOTHUB_CLIENT_CONFIRMATION_OK"
15459,10404222097,10404222134,1,"IOTHUB_CLIENT_CONFIRMATION_OK"
15460,10404222297,10404222334,1,"IOTHUB_CLIENT_CONFIRMATION_OK"
15461,10404222497,10404222535,1,"IOTHUB_CLIENT_CONFIRMATION_OK"
15462,10404222697,10404222740,1,"IOTHUB_CLIENT_CONFIRMATION_OK"
15463,10404222897,10404222943,1,"IOTHUB_CLIENT_CONFIRMATION_OK"
15464,10404223098,10404223134,1,"IOTHUB_CLIENT_CONFIRMATION_OK"
15465,10404223298,10404223337,1,"IOTHUB_CLIENT_CONFIRMATION_OK"
15466,10404223498,10404223622,1,"IOTHUB_CLIENT_CONFIRMATION_OK"
15467,10404223698,10404223820,1,"IOTHUB_CLIENT_CONFIRMATION_OK"
15468,10404223898,10404223934,1,"IOTHUB_CLIENT_CONFIRMATION_OK"
15469,10404224099,10404224140,1,"IOTHUB_CLIENT_CONFIRMATION_OK"
15470,10404224299,10404224425,1,"IOTHUB_CLIENT_CONFIRMATION_OK"
15471,10404224499,10404224535,1,"IOTHUB_CLIENT_CONFIRMATION_OK"
15472,10404224699,10404224735,1,"IOTHUB_CLIENT_CONFIRMATION_OK"
15473,10404224899,10404225052,1,"IOTHUB_CLIENT_CONFIRMATION_OK"
15474,10404225099,10404225134,1,"IOTHUB_CLIENT_CONFIRMATION_OK"
15475,10404225299,10404225337,1,"IOTHUB_CLIENT_CONFIRMATION_OK"
15476,10404225500,10404225542,1,"IOTHUB_CLIENT_CONFIRMATION_OK"
15477,10404225700,10404225746,1,"IOTHUB_CLIENT_CONFIRMATION_OK"
15478,10404225900,10404225947,1,"IOTHUB_CLIENT_CONFIRMATION_OK"
15479,10404226100,10404226141,1,"IOTHUB_CLIENT_CONFIRMATION_OK"
15480,10404226300,10404226345,1,"IOTHUB_CLIENT_CONFIRMATION_OK"
15481,10404226500,10404226539,1,"IOTHUB_CLIENT_CONFIRMATION_OK"
15482,10404226701,10404226736,1,"IOTHUB_CLIENT_CONFIRMATION_OK"
15483,10404226901,10404226939,1,"IOTHUB_CLIENT_CONFIRMATION_OK"
15484,10404227101,10404227276,1,"IOTHUB_CLIENT_CONFIRMATION_OK"
15485,10404227301,10404227336,1,"IOTHUB_CLIENT_CONFIRMATION_OK"
15486,10404227501,10404227537,1,"IOTHUB_CLIENT_CONFIRMATION_OK"
15487,10404227701,10404227761,1,"IOTHUB_CLIENT_CONFIRMATION_OK"
15488,10404227901,10404228013,1,"IOTHUB_CLIENT_CONFIRMATION_OK"
15489,10404228102,10404228151,1,"IOTHUB_CLIENT_CONFIRMATION_OK"
15490,10404228302,10404228341,1,"IOTHUB_CLIENT_CONFIRMATION_OK"
15491,10404228502,10404228551,1,"IOTHUB_CLIENT_CONFIRMATION_OK"
15492,10404228702,10404228739,1,"IOTHUB_CLIENT_CONFIRMATION_OK"
15493,10404228902,10404228939,1,"IOTHUB_CLIENT_CONFIRMATION_OK"
15494,10404229102,10404229139,1,"IOTHUB_CLIENT_CONFIRMATION_OK"
15495,10404229303,10404229337,1,"IOTHUB_CLIENT_CONFIRMATION_OK"
15496,10404229503,10404229550,1,"IOTHUB_CLIENT_CONFIRMATION_OK"
15497,10404229703,10404229741,1,"IOTHUB_CLIENT_CONFIRMATION_OK"
15498,10404229903,10404229939,1,"IOTHUB_CLIENT_CONFIRMATION_OK"
15499,10404230103,10404230147,1,"IOTHUB_CLIENT_CONFIRMATION_OK"
15500,10404230303,10404230338,1,"IOTHUB_CLIENT_CONFIRMATION_OK"
15501,10404230503,10404230543,1,"IOTHUB_CLIENT_CONFIRMATION_OK"
15502,10404230704,10404230747,1,"IOTHUB_CLIENT_CONFIRMATION_OK"
15503,10404230904,10404230942,1,"IOTHUB_CLIENT_CONFIRMATION_OK"
15504,10404231104,10404231160,1,"IOTHUB_CLIENT_CONFIRMATION_OK"
15505,10404231304,10404231349,1,"IOTHUB_CLIENT_CONFIRMATION_OK"
15506,10404231504,10404231544,1,"IOTHUB_CLIENT_CONFIRMATION_OK"
15507,10404231704,10404231831,1,"IOTHUB_CLIENT_CONFIRMATION_OK"
15508,10404231905,10404231939,1,"IOTHUB_CLIENT_CONFIRMATION_OK"
15509,10404232105,10404232142,1,"IOTHUB_CLIENT_CONFIRMATION_OK"
15510,10404232305,10404232342,1,"IOTHUB_CLIENT_CONFIRMATION_OK"
15511,10404232505,10404232538,1,"IOTHUB_CLIENT_CONFIRMATION_OK"
15512,10404232705,10404232788,1,"IOTHUB_CLIENT_CONFIRMATION_OK"
15513,10404232905,10404232942,1,"IOTHUB_CLIENT_CONFIRMATION_OK"
15514,10404233106,10404233145,1,"IOTHUB_CLIENT_CONFIRMATION_OK"
15515,10404233306,10404233416,1,"IOTHUB_CLIENT_CONFIRMATION_OK"
15516,10404233506,10404233545,1,"IOTHUB_CLIENT_CONFIRMATION_OK"
15517,10404233706,10404233741,1,"IOTHUB_CLIENT_CONFIRMATION_OK"
15518,10404233906,10404234004,1,"IOTHUB_CLIENT_CONFIRMATION_OK"
15519,10404234106,10404234159,1,"IOTHUB_CLIENT_CONFIRMATION_OK"
15520,10404234307,10404234357,1,"IOTHUB_CLIENT_CONFIRMATION_OK"
15521,10404234507,10404234542,1,"IOTHUB_CLIENT_CONFIRMATION_OK"
15522,10404234707,10404234741,1,"IOTHUB_CLIENT_CONFIRMATION_OK"
15523,10404234907,10404234947,1,"IOTHUB_CLIENT_CONFIRMATION_OK"
15524,10404235107,10404235146,1,"IOTHUB_CLIENT_CONFIRMATION_OK"
15525,10404235307,10404235343,1,"IOTHUB_CLIENT_CONFIRMATION_OK"
15526,10404235508,10404235653,1,"IOTHUB_CLIENT_CONFIRMATION_OK"
15527,10404235708,10404235749,1,"IOTHUB_CLIENT_CONFIRMATION_OK"
15528,10404235908,10404235942,1,"IOTHUB_CLIENT_CONFIRMATION_OK"
15529,10404236108,10404236268,1,"IOTHUB_CLIENT_CONFIRMATION_OK"
15530,10404236308,10404236343,1,"IOTHUB_CLIENT_CONFIRMATION_OK"
15531,10404236508,10404236543,1,"IOTHUB_CLIENT_CONFIRMATION_OK"
15532,10404236708,10404236756,1,"IOTHUB_CLIENT_CONFIRMATION_OK"
15533,10404236909,10404236947,1,"IOTHUB_CLIENT_CONFIRMATION_OK"
15534,10404237109,10404237150,1,"IOTHUB_CLIENT_CONFIRMATION_OK"
15535,10404237309,10404237407,1,"IOTHUB_CLIENT_CONFIRMATION_OK"
15536,10404237509,10404237555,1,"IOTHUB_CLIENT_CONFIRMATION_OK"
15537,10404237709,10404237779,1,"IOTHUB_CLIENT_CONFIRMATION_OK"
15538,10404237910,10404237967,1,"IOTHUB_CLIENT_CONFIRMATION_OK"
15539,10404238110,10404238173,1,"IOTHUB_CLIENT_CONFIRMATION_OK"
15540,10404238310,10404238382,1,"IOTHUB_CLIENT_CONFIRMATION_OK"
15541,10404238510,10404238569,1,"IOTHUB_CLIENT_CONFIRMATION_OK"
15542,10404238710,10404238747,1,"IOTHUB_CLIENT_CONFIRMATION_OK"
15543,10404238910,10404238994,1,"IOTHUB_CLIENT_CONFIRMATION_OK"
15544,10404239110,10404239149,1,"IOTHUB_CLIENT_CONFIRMATION_OK"
15545,10404239311,10404239354,1,"IOTHUB_CLIENT_CONFIRMATION_OK"
15546,10404239511,10404239603,1,"IOTHUB_CLIENT_CONFIRMATION_OK"
15547,10404239711,10404239761,1,"IOTHUB_CLIENT_CONFIRMATION_OK"
15548,10404239911,10404239949,1,"IOTHUB_CLIENT_CONFIRMATION_OK"
15549,10404240111,10404240147,1,"IOTHUB_CLIENT_CONFIRMATION_OK"
15550,10404240311,10404240347,1,"IOTHUB_CLIENT_CONFIRMATION_OK"
15551,10404240512,10404240549,1,"IOTHUB_CLIENT_CONFIRMATION_OK"
15552,10404240712,10404240751,1,"IOTHUB_CLIENT_CONFIRMATION_OK"
15553,10404240912,10404240947,1,"IOTHUB_CLIENT_CONFIRMATION_OK"
15554,10404241112,10404241356,1,"IOTHUB_CLIENT_CONFIRMATION_OK"
15555,10404241312,10404241385,1,"IOTHUB_CLIENT_CONFIRMATION_OK"
15556,10404241512,10404241552,1,"IOTHUB_CLIENT_CONFIRMATION_OK"
15557,10404241713,10404241782,1,"IOTHUB_CLIENT_CONFIRMATION_OK"
15558,10404241913,10404241945,1,"IOTHUB_CLIENT_CONFIRMATION_OK"
15559,10404242113,10404242148,1,"IOTHUB_CLIENT_CONFIRMATION_OK"
15560,10404242313,10404242401,1,"IOTHUB_CLIENT_CONFIRMATION_OK"
15561,10404242513,10404242551,1,"IOTHUB_CLIENT_CONFIRMATION_OK"
15562,10404242713,10404242749,1,"IOTHUB_CLIENT_CONFIRMATION_OK"
15563,10404242914,10404242987,1,"IOTHUB_CLIENT_CONFIRMATION_OK"
15564,10404243114,10404243150,1,"IOTHUB_CLIENT_CONFIRMATION_OK"
15565,10404243314,10404243360,1,"IOTHUB_CLIENT_CONFIRMATION_OK"
15566,10404243514,10404243557,1,"IOTHUB_CLIENT_CONFIRMATION_OK"
15567,10404243714,10404243753,1,"IOTHUB_CLIENT_CONFIRMATION_OK"
15568,10404243914,10404244036,1,"IOTHUB_CLIENT_CONFIRMATION_OK"
15569,10404244115,10404244151,1,"IOTHUB_CLIENT_CONFIRMATION_OK"
15570,10404244315,10404244362,1,"IOTHUB_CLIENT_CONFIRMATION_OK"
15571,10404244515,10404244653,1,"IOTHUB_CLIENT_CONFIRMATION_OK"
15572,10404244715,10404244770,1,"IOTHUB_CLIENT_CONFIRMATION_OK"
15573,10404244915,10404244954,1,"IOTHUB_CLIENT_CONFIRMATION_OK"
15574,10404245115,10404245154,1,"IOTHUB_CLIENT_CONFIRMATION_OK"
15575,10404245316,10404245360,1,"IOTHUB_CLIENT_CONFIRMATION_OK"
15576,10404245516,10404245551,1,"IOTHUB_CLIENT_CONFIRMATION_OK"
15577,10404245716,10404245752,1,"IOTHUB_CLIENT_CONFIRMATION_OK"
15578,10404245916,10404245954,1,"IOTHUB_CLIENT_CONFIRMATION_OK"
15579,10404246116,10404246150,1,"IOTHUB_CLIENT_CONFIRMATION_OK"
15580,10404246316,10404246352,1,"IOTHUB_CLIENT_CONFIRMATION_OK"
15581,10404246516,10404246554,1,"IOTHUB_CLIENT_CONFIRMATION_OK"
15582,10404246717,10404246901,1,"IOTHUB_CLIENT_CONFIRMATION_OK"
15583,10404246917,10404246962,1,"IOTHUB_CLIENT_CONFIRMATION_OK"
15584,10404247117,10404247153,1,"IOTHUB_CLIENT_CONFIRMATION_OK"
15585,10404247317,10404247358,1,"IOTHUB_CLIENT_CONFIRMATION_OK"
15586,10404247517,10404247555,1,"IOTHUB_CLIENT_CONFIRMATION_OK"
15587,10404247717,10404247763,1,"IOTHUB_CLIENT_CONFIRMATION_OK"
15588,10404247918,10404247955,1,"IOTHUB_CLIENT_CONFIRMATION_OK"
15589,10404248118,10404248154,1,"IOTHUB_CLIENT_CONFIRMATION_OK"
15590,10404248318,10404248352,1,"IOTHUB_CLIENT_CONFIRMATION_OK"
15591,10404248518,10404248559,1,"IOTHUB_CLIENT_CONFIRMATION_OK"
15592,10404248718,10404248781,1,"IOTHUB_CLIENT_CONFIRMATION_OK"
15593,10404248918,10404248970,1,"IOTHUB_CLIENT_CONFIRMATION_OK"
15594,10404249119,10404249166,1,"IOTHUB_CLIENT_CONFIRMATION_OK"
15595,10404249319,10404249357,1,"IOTHUB_CLIENT_CONFIRMATION_OK"
15596,10404249519,10404249560,1,"IOTHUB_CLIENT_CONFIRMATION_OK"
15597,10404249719,10404249755,1,"IOTHUB_CLIENT_CONFIRMATION_OK"
15598,10404249919,10404249957,1,"IOTHUB_CLIENT_CONFIRMATION_OK"
15599,10404250119,10404250182,1,"IOTHUB_CLIENT_CONFIRMATION_OK"
15600,10404250320,10404250355,1,"IOTHUB_CLIENT_CONFIRMATION_OK"
15601,10404250520,10404250564,1,"IOTHUB_CLIENT_CONFIRMATION_OK"
15602,10404250720,10404250789,1,"IOTHUB_CLIENT_CONFIRMATION_OK"
15603,10404250920,10404250958,1,"IOTHUB_CLIENT_CONFIRMATION_OK"
15604,10404251120,10404251156,1,"IOTHUB_CLIENT_CONFIRMATION_OK"
15605,10404251320,10404251413,1,"IOTHUB_CLIENT_CONFIRMATION_OK"
15606,10404251521,10404251555,1,"IOTHUB_CLIENT_CONFIRMATION_OK"
15607,10404251721,10404251760,1,"IOTHUB_CLIENT_CONFIRMATION_OK"
15608,10404251921,10404251961,1,"IOTHUB_CLIENT_CONFIRMATION_OK"
15609,10404252121,10404252160,1,"IOTHUB_CLIENT_CONFIRMATION_OK"
15610,10404252321,10404252516,1,"IOTHUB_CLIENT_CONFIRMATION_OK"
15611,10404252521,10404252563,1,"IOTHUB_CLIENT_CONFIRMATION_OK"
15612,10404252721,10404252795,1,"IOTHUB_CLIENT_CONFIRMATION_OK"
15613,10404252922,10404252956,1,"IOTHUB_CLIENT_CONFIRMATION_OK"
15614,10404253122,10404253158,1,"IOTHUB_CLIENT_CONFIRMATION_OK"
15615,10404253322,10404253359,1,"IOTHUB_CLIENT_CONFIRMATION_OK"
15616,10404253522,10404253721,1,"IOTHUB_CLIENT_CONFIRMATION_OK"
15617,10404253722,10404253763,1,"IOTHUB_CLIENT_CONFIRMATION_OK"
15618,10404253922,10404253968,1,"IOTHUB_CLIENT_CONFIRMATION_OK"
15619,10404254123,10404254168,1,"IOTHUB_CLIENT_CONFIRMATION_OK"
15620,10404254323,10404254377,1,"IOTHUB_CLIENT_CONFIRMATION_OK"
15621,10404254523,10404254576,1,"IOTHUB_CLIENT_CONFIRMATION_OK"
15622,10404254723,10404254760,1,"IOTHUB_CLIENT_CONFIRMATION_OK"
15623,10404254923,10404254969,1,"IOTHUB_CLIENT_CONFIRMATION_OK"
15624,10404255123,10404255162,1,"IOTHUB_CLIENT_CONFIRMATION_OK"
15625,10404255324,10404255357,1,"IOTHUB_CLIENT_CONFIRMATION_OK"
15626,10404255524,10404255569,1,"IOTHUB_CLIENT_CONFIRMATION_OK"
15627,10404255724,10404255773,1,"IOTHUB_CLIENT_CONFIRMATION_OK"
15628,10404255924,10404255960,1,"IOTHUB_CLIENT_CONFIRMATION_OK"
15629,10404256124,10404256178,1,"IOTHUB_CLIENT_CONFIRMATION_OK"
15630,10404256324,10404256360,1,"IOTHUB_CLIENT_CONFIRMATION_OK"
15631,10404256525,10404256559,1,"IOTHUB_CLIENT_CONFIRMATION_OK"
15632,10404256725,10404256762,1,"IOTHUB_CLIENT_CONFIRMATION_OK"
15633,10404256925,10404257004,1,"IOTHUB_CLIENT_CONFIRMATION_OK"
15634,10404257125,10404257163,1,"IOTHUB_CLIENT_CONFIRMATION_OK"
15635,10404257325,10404257362,1,"IOTHUB_CLIENT_CONFIRMATION_OK"
15636,10404257525,10404257615,1,"IOTHUB_CLIENT_CONFIRMATION_OK"
15637,10404257726,10404257759,1,"IOTHUB_CLIENT_CONFIRMATION_OK"
15638,10404257926,10404257965,1,"IOTHUB_CLIENT_CONFIRMATION_OK"
15639,10404258126,10404258167,1,"IOTHUB_CLIENT_CONFIRMATION_OK"
15640,10404258326,10404258380,1,"IOTHUB_CLIENT_CONFIRMATION_OK"
15641,10404258526,10404258605,1,"IOTHUB_CLIENT_CONFIRMATION_OK"
15642,10404258726,10404258765,1,"IOTHUB_CLIENT_CONFIRMATION_OK"
15643,10404258926,10404258964,1,"IOTHUB_CLIENT_CONFIRMATION_OK"
15644,10404259127,10404259214,1,"IOTHUB_CLIENT_CONFIRMATION_OK"
15645,10404259327,10404259362,1,"IOTHUB_CLIENT_CONFIRMATION_OK"
15646,10404259527,10404259561,1,"IOTHUB_CLIENT_CONFIRMATION_OK"
15647,10404259727,10404259842,1,"IOTHUB_CLIENT_CONFIRMATION_OK"
15648,10404259927,10404259963,1,"IOTHUB_CLIENT_CONFIRMATION_OK"
15649,10404260127,10404260169,1,"IOTHUB_CLIENT_CONFIRMATION_OK"
15650,10404260328,10404260378,1,"IOTHUB_CLIENT_CONFIRMATION_OK"
15651,10404260528,10404260562,1,"IOTHUB_CLIENT_CONFIRMATION_OK"
15652,10404260728,10404260768,1,"IOTHUB_CLIENT_CONFIRMATION_OK"
15653,10404260928,10404260965,1,"IOTHUB_CLIENT_CONFIRMATION_OK"
15654,10404261128,10404261166,1,"IOTHUB_CLIENT_CONFIRMATION_OK"
15655,10404261328,10404261452,1,"IOTHUB_CLIENT_CONFIRMATION_OK"
15656,10404261529,10404261577,1,"IOTHUB_CLIENT_CONFIRMATION_OK"
15657,10404261729,10404261764,1,"IOTHUB_CLIENT_CONFIRMATION_OK"
15658,10404261929,10404262061,1,"IOTHUB_CLIENT_CONFIRMATION_OK"
15659,10404262129,10404262167,1,"IOTHUB_CLIENT_CONFIRMATION_OK"
15660,10404262329,10404262366,1,"IOTHUB_CLIENT_CONFIRMATION_OK"
15661,10404262529,10404262576,1,"IOTHUB_CLIENT_CONFIRMATION_OK"
15662,10404262730,10404262769,1,"IOTHUB_CLIENT_CONFIRMATION_OK"
15663,10404262930,10404262966,1,"IOTHUB_CLIENT_CONFIRMATION_OK"
15664,10404263130,10404263184,1,"IOTHUB_CLIENT_CONFIRMATION_OK"
15665,10404263330,10404263366,1,"IOTHUB_CLIENT_CONFIRMATION_OK"
15666,10404263530,10404263567,1,"IOTHUB_CLIENT_CONFIRMATION_OK"
15667,10404263730,10404263773,1,"IOTHUB_CLIENT_CONFIRMATION_OK"
15668,10404263931,10404263972,1,"IOTHUB_CLIENT_CONFIRMATION_OK"
15669,10404264131,10404264297,1,"IOTHUB_CLIENT_CONFIRMATION_OK"
15670,10404264331,10404264367,1,"IOTHUB_CLIENT_CONFIRMATION_OK"
15671,10404264531,10404264568,1,"IOTHUB_CLIENT_CONFIRMATION_OK"
15672,10404264731,10404264770,1,"IOTHUB_CLIENT_CONFIRMATION_OK"
15673,10404264931,10404264975,1,"IOTHUB_CLIENT_CONFIRMATION_OK"
15674,10404265132,10404265172,1,"IOTHUB_CLIENT_CONFIRMATION_OK"
15675,10404265332,10404265367,1,"IOTHUB_CLIENT_CONFIRMATION_OK"
15676,10404265532,10404265568,1,"IOTHUB_CLIENT_CONFIRMATION_OK"
15677,10404265732,10404265776,1,"IOTHUB_CLIENT_CONFIRMATION_OK"
15678,10404265932,10404265967,1,"IOTHUB_CLIENT_CONFIRMATION_OK"
15679,10404266132,10404266169,1,"IOTHUB_CLIENT_CONFIRMATION_OK"
15680,10404266332,10404266373,1,"IOTHUB_CLIENT_CONFIRMATION_OK"
15681,10404266533,10404266567,1,"IOTHUB_CLIENT_CONFIRMATION_OK"
15682,10404266733,10404266769,1,"IOTHUB_CLIENT_CONFIRMATION_OK"
15683,10404266933,10404266976,1,"IOTHUB_CLIENT_CONFIRMATION_OK"
15684,10404267133,10404267179,1,"IOTHUB_CLIENT_CONFIRMATION_OK"
15685,10404267333,10404267370,1,"IOTHUB_CLIENT_CONFIRMATION_OK"
15686,10404267533,10404267572,1,"IOTHUB_CLIENT_CONFIRMATION_OK"
15687,10404267734,10404267909,1,"IOTHUB_CLIENT_CONFIRMATION_OK"
15688,10404267934,10404267972,1,"IOTHUB_CLIENT_CONFIRMATION_OK"
15689,10404268134,10404268183,1,"IOTHUB_CLIENT_CONFIRMATION_OK"
15690,10404268334,10404268371,1,"IOTHUB_CLIENT_CONFIRMATION_OK"
15691,10404268534,10404268575,1,"IOTHUB_CLIENT_CONFIRMATION_OK"
15692,10404268734,10404268777,1,"IOTHUB_CLIENT_CONFIRMATION_OK"
15693,10404268934,10404268972,1,"IOTHUB_CLIENT_CONFIRMATION_OK"
15694,10404269135,10404269169,1,"IOTHUB_CLIENT_CONFIRMATION_OK"
15695,10404269335,10404269383,1,"IOTHUB_CLIENT_CONFIRMATION_OK"
15696,10404269535,10404269572,1,"IOTHUB_CLIENT_CONFIRMATION_OK"
15697,10404269735,10404269768,1,"IOTHUB_CLIENT_CONFIRMATION_OK"
15698,10404269935,10404269977,1,"IOTHUB_CLIENT_CONFIRMATION_OK"
15699,10404270135,10404270175,1,"IOTHUB_CLIENT_CONFIRMATION_OK"
15700,10404270336,10404270399,1,"IOTHUB_CLIENT_CONFIRMATION_OK"
15701,10404270536,10404270571,1,"IOTHUB_CLIENT_CONFIRMATION_OK"
15702,10404270736,10404270783,1,"IOTHUB_CLIENT_CONFIRMATION_OK"
15703,10404270936,10404270997,1,"IOTHUB_CLIENT_CONFIRMATION_OK"
15704,10404271136,10404271172,1,"IOTHUB_CLIENT_CONFIRMATION_OK"
15705,10404271336,10404271372,1,"IOTHUB_CLIENT_CONFIRMATION_OK"
15706,10404271536,10404271628,1,"IOTHUB_CLIENT_CONFIRMATION_OK"
15707,10404271737,10404271773,1,"IOTHUB_CLIENT_CONFIRMATION_OK"
15708,10404271937,10404271975,1,"IOTHUB_CLIENT_CONFIRMATION_OK"
15709,10404272137,10404272173,1,"IOTHUB_CLIENT_CONFIRMATION_OK"
15710,10404272337,10404272383,1,"IOTHUB_CLIENT_CONFIRMATION_OK"
15711,10404272537,10404272623,1,"IOTHUB_CLIENT_CONFIRMATION_OK"
15712,10404272737,10404272776,1,"IOTHUB_CLIENT_CONFIRMATION_OK"
15713,10404272938,10404272973,1,"IOTHUB_CLIENT_CONFIRMATION_OK"
15714,10404273138,10404273234,1,"IOTHUB_CLIENT_CONFIRMATION_OK"
15715,10404273338,10404273385,1,"IOTHUB_CLIENT_CONFIRMATION_OK"
15716,10404273538,10404273591,1,"IOTHUB_CLIENT_CONFIRMATION_OK"
15717,10404273738,10404273844,1,"IOTHUB_CLIENT_CONFIRMATION_OK"
15718,10404273938,10404273974,1,"IOTHUB_CLIENT_CONFIRMATION_OK"
15719,10404274139,10404274176,1,"IOTHUB_CLIENT_CONFIRMATION_OK"
15720,10404274339,10404274386,1,"IOTHUB_CLIENT_CONFIRMATION_OK"
15721,10404274539,10404274574,1,"IOTHUB_CLIENT_CONFIRMATION_OK"
15722,10404274739,10404274798,1,"IOTHUB_CLIENT_CONFIRMATION_OK"
15723,10404274939,10404274972,1,"IOTHUB_CLIENT_CONFIRMATION_OK"
15724,10404275139,10404275178,1,"IOTHUB_CLIENT_CONFIRMATION_OK"
15725,10404275339,10404275464,1,"IOTHUB_CLIENT_CONFIRMATION_OK"
15726,10404275540,10404275575,1,"IOTHUB_CLIENT_CONFIRMATION_OK"
15727,10404275740,10404275778,1,"IOTHUB_CLIENT_CONFIRMATION_OK"
15728,10404275940,10404276081,1,"IOTHUB_CLIENT_CONFIRMATION_OK"
15729,10404276140,10404276176,1,"IOTHUB_CLIENT_CONFIRMATION_OK"
15730,10404276340,10404276376,1,"IOTHUB_CLIENT_CONFIRMATION_OK"
15731,10404276540,10404276577,1,"IOTHUB_CLIENT_CONFIRMATION_OK"
15732,10404276741,10404276775,1,"IOTHUB_CLIENT_CONFIRMATION_OK"
15733,10404276941,10404276987,1,"IOTHUB_CLIENT_CONFIRMATION_OK"
15734,10404277141,10404277177,1,"IOTHUB_CLIENT_CONFIRMATION_OK"
15735,10404277341,10404277380,1,"IOTHUB_CLIENT_CONFIRMATION_OK"
15736,10404277541,10404277582,1,"IOTHUB_CLIENT_CONFIRMATION_OK"
15737,10404277742,10404277778,1,"IOTHUB_CLIENT_CONFIRMATION_OK"
15738,10404277942,10404277976,1,"IOTHUB_CLIENT_CONFIRMATION_OK"
15739,10404278142,10404278323,1,"IOTHUB_CLIENT_CONFIRMATION_OK"
15740,10404278342,10404278393,1,"IOTHUB_CLIENT_CONFIRMATION_OK"
15741,10404278542,10404278578,1,"IOTHUB_CLIENT_CONFIRMATION_OK"
15742,10404278742,10404278828,1,"IOTHUB_CLIENT_CONFIRMATION_OK"
15743,10404278942,10404278978,1,"IOTHUB_CLIENT_CONFIRMATION_OK"
15744,10404279143,10404279180,1,"IOTHUB_CLIENT_CONFIRMATION_OK"
15745,10404279343,10404279382,1,"IOTHUB_CLIENT_CONFIRMATION_OK"
15746,10404279543,10404279582,1,"IOTHUB_CLIENT_CONFIRMATION_OK"
15747,10404279743,10404279785,1,"IOTHUB_CLIENT_CONFIRMATION_OK"
15748,10404279943,10404279980,1,"IOTHUB_CLIENT_CONFIRMATION_OK"
15749,10404280143,10404280187,1,"IOTHUB_CLIENT_CONFIRMATION_OK"
15750,10404280344,10404280380,1,"IOTHUB_CLIENT_CONFIRMATION_OK"
15751,10404280544,10404280594,1,"IOTHUB_CLIENT_CONFIRMATION_OK"
15752,10404280744,10404280782,1,"IOTHUB_CLIENT_CONFIRMATION_OK"
15753,10404280944,10404280989,1,"IOTHUB_CLIENT_CONFIRMATION_OK"
15754,10404281144,10404281199,1,"IOTHUB_CLIENT_CONFIRMATION_OK"
15755,10404281344,10404281391,1,"IOTHUB_CLIENT_CONFIRMATION_OK"
15756,10404281545,10404281592,1,"IOTHUB_CLIENT_CONFIRMATION_OK"
15757,10404281745,10404281779,1,"IOTHUB_CLIENT_CONFIRMATION_OK"
15758,10404281945,10404281994,1,"IOTHUB_CLIENT_CONFIRMATION_OK"
15759,10404282145,10404282198,1,"IOTHUB_CLIENT_CONFIRMATION_OK"
15760,10404282345,10404282382,1,"IOTHUB_CLIENT_CONFIRMATION_OK"
15761,10404282545,10404282589,1,"IOTHUB_CLIENT_CONFIRMATION_OK"
15762,10404282745,10404282817,1,"IOTHUB_CLIENT_CONFIRMATION_OK"
15763,10404282946,10404282979,1,"IOTHUB_CLIENT_CONFIRMATION_OK"
15764,10404283146,10404283179,1,"IOTHUB_CLIENT_CONFIRMATION_OK"
15765,10404283346,10404283420,1,"IOTHUB_CLIENT_CONFIRMATION_OK"
15766,10404283546,10404283605,1,"IOTHUB_CLIENT_CONFIRMATION_OK"
15767,10404283746,10404283800,1,"IOTHUB_CLIENT_CONFIRMATION_OK"
15768,10404283946,10404283983,1,"IOTHUB_CLIENT_CONFIRMATION_OK"
15769,10404284146,10404284187,1,"IOTHUB_CLIENT_CONFIRMATION_OK"
15770,10404284347,10404284419,1,"IOTHUB_CLIENT_CONFIRMATION_OK"
15771,10404284547,10404284701,1,"IOTHUB_CLIENT_CONFIRMATION_OK"
15772,10404284747,10404284787,1,"IOTHUB_CLIENT_CONFIRMATION_OK"
15773,10404284947,10404285008,1,"IOTHUB_CLIENT_CONFIRMATION_OK"
15774,10404285147,10404285253,1,"IOTHUB_CLIENT_CONFIRMATION_OK"
15775,10404285348,10404285386,1,"IOTHUB_CLIENT_CONFIRMATION_OK"
15776,10404285548,10404285587,1,"IOTHUB_CLIENT_CONFIRMATION_OK"
15777,10404285748,10404285786,1,"IOTHUB_CLIENT_CONFIRMATION_OK"
15778,10404285948,10404285982,1,"IOTHUB_CLIENT_CONFIRMATION_OK"
15779,10404286148,10404286192,1,"IOTHUB_CLIENT_CONFIRMATION_OK"
15780,10404286348,10404286406,1,"IOTHUB_CLIENT_CONFIRMATION_OK"
15781,10404286549,10404286610,1,"IOTHUB_CLIENT_CONFIRMATION_OK"
15782,10404286749,10404286787,1,"IOTHUB_CLIENT_CONFIRMATION_OK"
15783,10404286949,10404286983,1,"IOTHUB_CLIENT_CONFIRMATION_OK"
15784,10404287149,10404287208,1,"IOTHUB_CLIENT_CONFIRMATION_OK"
15785,10404287349,10404287420,1,"IOTHUB_CLIENT_CONFIRMATION_OK"
15786,10404287549,10404287620,1,"IOTHUB_CLIENT_CONFIRMATION_OK"
15787,10404287749,10404287819,1,"IOTHUB_CLIENT_CONFIRMATION_OK"
15788,10404287950,10404287988,1,"IOTHUB_CLIENT_CONFIRMATION_OK"
15789,10404288150,10404288190,1,"IOTHUB_CLIENT_CONFIRMATION_OK"
15790,10404288350,10404288438,1,"IOTHUB_CLIENT_CONFIRMATION_OK"
15791,10404288550,10404288599,1,"IOTHUB_CLIENT_CONFIRMATION_OK"
15792,10404288750,10404288786,1,"IOTHUB_CLIENT_CONFIRMATION_OK"
15793,10404288950,10404288992,1,"IOTHUB_CLIENT_CONFIRMATION_OK"
15794,10404289150,10404289314,1,"IOTHUB_CLIENT_CONFIRMATION_OK"
15795,10404289351,10404289385,1,"IOTHUB_CLIENT_CONFIRMATION_OK"
15796,10404289551,10404289585,1,"IOTHUB_CLIENT_CONFIRMATION_OK"
15797,10404289751,10404289786,1,"IOTHUB_CLIENT_CONFIRMATION_OK"
15798,10404289951,10404290162,1,"IOTHUB_CLIENT_CONFIRMATION_OK"
15799,10404290151,10404290195,1,"IOTHUB_CLIENT_CONFIRMATION_OK"
15800,10404290351,10404290388,1,"IOTHUB_CLIENT_CONFIRMATION_OK"
15801,10404290552,10404290595,1,"IOTHUB_CLIENT_CONFIRMATION_OK"
15802,10404290752,10404290788,1,"IOTHUB_CLIENT_CONFIRMATION_OK"
15803,10404290952,10404290993,1,"IOTHUB_CLIENT_CONFIRMATION_OK"
15804,10404291152,10404291192,1,"IOTHUB_CLIENT_CONFIRMATION_OK"
15805,10404291352,10404291395,1,"IOTHUB_CLIENT_CONFIRMATION_OK"
15806,10404291552,10404291593,1,"IOTHUB_CLIENT_CONFIRMATION_OK"
15807,10404291753,10404291791,1,"IOTHUB_CLIENT_CONFIRMATION_OK"
15808,10404291953,10404291986,1,"IOTHUB_CLIENT_CONFIRMATION_OK"
15809,10404292153,10404292186,1,"IOTHUB_CLIENT_CONFIRMATION_OK"
15810,10404292353,10404292396,1,"IOTHUB_CLIENT_CONFIRMATION_OK"
15811,10404292553,10404292601,1,"IOTHUB_CLIENT_CONFIRMATION_OK"
15812,10404292753,10404292794,1,"IOTHUB_CLIENT_CONFIRMATION_OK"
15813,10404292954,10404293005,1,"IOTHUB_CLIENT_CONFIRMATION_OK"
15814,10404293154,10404293197,1,"IOTHUB_CLIENT_CONFIRMATION_OK"
15815,10404293354,10404293390,1,"IOTHUB_CLIENT_CONFIRMATION_OK"
15816,10404293554,10404293621,1,"IOTHUB_CLIENT_CONFIRMATION_OK"
15817,10404293754,10404293790,1,"IOTHUB_CLIENT_CONFIRMATION_OK"
15818,10404293954,10404293990,1,"IOTHUB_CLIENT_CONFIRMATION_OK"
15819,10404294155,10404294199,1,"IOTHUB_CLIENT_CONFIRMATION_OK"
15820,10404294355,10404294397,1,"IOTHUB_CLIENT_CONFIRMATION_OK"
15821,10404294555,10404294601,1,"IOTHUB_CLIENT_CONFIRMATION_OK"
15822,10404294755,10404294795,1,"IOTHUB_CLIENT_CONFIRMATION_OK"
15823,10404294955,10404295008,1,"IOTHUB_CLIENT_CONFIRMATION_OK"
15824,10404295155,10404295194,1,"IOTHUB_CLIENT_CONFIRMATION_OK"
15825,10404295356,10404295389,1,"IOTHUB_CLIENT_CONFIRMATION_OK"
15826,10404295556,10404295612,1,"IOTHUB_CLIENT_CONFIRMATION_OK"
15827,10404295756,10404295794,1,"IOTHUB_CLIENT_CONFIRMATION_OK"
15828,10404295956,10404295991,1,"IOTHUB_CLIENT_CONFIRMATION_OK"
15829,10404296156,10404296227,1,"IOTHUB_CLIENT_CONFIRMATION_OK"
15830,10404296356,10404296423,1,"IOTHUB_CLIENT_CONFIRMATION_OK"
15831,10404296556,10404296592,1,"IOTHUB_CLIENT_CONFIRMATION_OK"
15832,10404296757,10404296833,1,"IOTHUB_CLIENT_CONFIRMATION_OK"
15833,10404296957,10404297003,1,"IOTHUB_CLIENT_CONFIRMATION_OK"
15834,10404297157,10404297190,1,"IOTHUB_CLIENT_CONFIRMATION_OK"
15835,10404297357,10404297469,1,"IOTHUB_CLIENT_CONFIRMATION_OK"
15836,10404297557,10404297597,1,"IOTHUB_CLIENT_CONFIRMATION_OK"
15837,10404297757,10404297794,1,"IOTHUB_CLIENT_CONFIRMATION_OK"
15838,10404297958,10404298000,1,"IOTHUB_CLIENT_CONFIRMATION_OK"
15839,10404298158,10404298195,1,"IOTHUB_CLIENT_CONFIRMATION_OK"
15840,10404298358,10404298466,1,"IOTHUB_CLIENT_CONFIRMATION_OK"
15841,10404298558,10404298593,1,"IOTHUB_CLIENT_CONFIRMATION_OK"
15842,10404298758,10404298795,1,"IOTHUB_CLIENT_CONFIRMATION_OK"
15843,10404298958,10404299077,1,"IOTHUB_CLIENT_CONFIRMATION_OK"
15844,10404299159,10404299194,1,"IOTHUB_CLIENT_CONFIRMATION_OK"
15845,10404299359,10404299405,1,"IOTHUB_CLIENT_CONFIRMATION_OK"
15846,10404299559,10404299679,1,"IOTHUB_CLIENT_CONFIRMATION_OK"
15847,10404299759,10404299794,1,"IOTHUB_CLIENT_CONFIRMATION_OK"
15848,10404299959,10404299997,1,"IOTHUB_CLIENT_CONFIRMATION_OK"
15849,10404300159,10404300203,1,"IOTHUB_CLIENT_CONFIRMATION_OK"
15850,10404300360,10404300410,1,"IOTHUB_CLIENT_CONFIRMATION_OK"
15851,10404300560,10404300602,1,"IOTHUB_CLIENT_CONFIRMATION_OK"
15852,10404300760,10404300794,1,"IOTHUB_CLIENT_CONFIRMATION_OK"
15853,10404300960,10404300997,1,"IOTHUB_CLIENT_CONFIRMATION_OK"
15854,10404301160,10404301333,1,"IOTHUB_CLIENT_CONFIRMATION_OK"
15855,10404301360,10404301401,1,"IOTHUB_CLIENT_CONFIRMATION_OK"
15856,10404301561,10404301594,1,"IOTHUB_CLIENT_CONFIRMATION_OK"
15857,10404301761,10404301821,1,"IOTHUB_CLIENT_CONFIRMATION_OK"
15858,10404301961,10404301998,1,"IOTHUB_CLIENT_CONFIRMATION_OK"
15859,10404302161,10404302225,1,"IOTHUB_CLIENT_CONFIRMATION_OK"
15860,10404302361,10404302420,1,"IOTHUB_CLIENT_CONFIRMATION_OK"
15861,10404302561,10404302604,1,"IOTHUB_CLIENT_CONFIRMATION_OK"
15862,10404302761,10404302800,1,"IOTHUB_CLIENT_CONFIRMATION_OK"
15863,10404302962,10404303024,1,"IOTHUB_CLIENT_CONFIRMATION_OK"
15864,10404303162,10404303197,1,"IOTHUB_CLIENT_CONFIRMATION_OK"
15865,10404303362,10404303398,1,"IOTHUB_CLIENT_CONFIRMATION_OK"
15866,10404303562,10404303646,1,"IOTHUB_CLIENT_CONFIRMATION_OK"
15867,10404303762,10404303815,1,"IOTHUB_CLIENT_CONFIRMATION_OK"
15868,10404303962,10404303999,1,"IOTHUB_CLIENT_CONFIRMATION_OK"
15869,10404304163,10404304215,1,"IOTHUB_CLIENT_CONFIRMATION_OK"
15870,10404304363,10404304408,1,"IOTHUB_CLIENT_CONFIRMATION_OK"
15871,10404304563,10404304598,1,"IOTHUB_CLIENT_CONFIRMATION_OK"
15872,10404304763,10404304797,1,"IOTHUB_CLIENT_CONFIRMATION_OK"
15873,10404304963,10404305004,1,"IOTHUB_CLIENT_CONFIRMATION_OK"
15874,10404305163,10404305212,1,"IOTHUB_CLIENT_CONFIRMATION_OK"
15875,10404305364,10404305406,1,"IOTHUB_CLIENT_CONFIRMATION_OK"
15876,10404305564,10404305604,1,"IOTHUB_CLIENT_CONFIRMATION_OK"
15877,10404305764,10404305848,1,"IOTHUB_CLIENT_CONFIRMATION_OK"
15878,10404305964,10404306000,1,"IOTHUB_CLIENT_CONFIRMATION_OK"
15879,10404306164,10404306204,1,"IOTHUB_CLIENT_CONFIRMATION_OK"
15880,10404306364,10404306403,1,"IOTHUB_CLIENT_CONFIRMATION_OK"
15881,10404306564,10404306602,1,"IOTHUB_CLIENT_CONFIRMATION_OK"
15882,10404306765,10404306821,1,"IOTHUB_CLIENT_CONFIRMATION_OK"
15883,10404306965,10404307011,1,"IOTHUB_CLIENT_CONFIRMATION_OK"
15884,10404307165,10404307203,1,"IOTHUB_CLIENT_CONFIRMATION_OK"
15885,10404307365,10404307449,1,"IOTHUB_CLIENT_CONFIRMATION_OK"
15886,10404307565,10404307605,1,"IOTHUB_CLIENT_CONFIRMATION_OK"
15887,10404307765,10404307799,1,"IOTHUB_CLIENT_CONFIRMATION_OK"
15888,10404307966,10404308079,1,"IOTHUB_CLIENT_CONFIRMATION_OK"
15889,10404308166,10404308203,1,"IOTHUB_CLIENT_CONFIRMATION_OK"
15890,10404308366,10404308437,1,"IOTHUB_CLIENT_CONFIRMATION_OK"
15891,10404308566,10404308604,1,"IOTHUB_CLIENT_CONFIRMATION_OK"
15892,10404308766,10404308810,1,"IOTHUB_CLIENT_CONFIRMATION_OK"
15893,10404308966,10404309069,1,"IOTHUB_CLIENT_CONFIRMATION_OK"
15894,10404309166,10404309211,1,"IOTHUB_CLIENT_CONFIRMATION_OK"
15895,10404309367,10404309425,1,"IOTHUB_CLIENT_CONFIRMATION_OK"
15896,10404309567,10404309685,1,"IOTHUB_CLIENT_CONFIRMATION_OK"
15897,10404309767,10404309818,1,"IOTHUB_CLIENT_CONFIRMATION_OK"
15898,10404309967,10404310003,1,"IOTHUB_CLIENT_CONFIRMATION_OK"
15899,10404310167,10404310312,1,"IOTHUB_CLIENT_CONFIRMATION_OK"
15900,10404310367,10404310417,1,"IOTHUB_CLIENT_CONFIRMATION_OK"
15901,10404310568,10404310609,1,"IOTHUB_CLIENT_CONFIRMATION_OK"
15902,10404310768,10404310943,1,"IOTHUB_CLIENT_CONFIRMATION_OK"
15903,10404310968,10404311016,1,"IOTHUB_CLIENT_CONFIRMATION_OK"
15904,10404311168,10404311203,1,"IOTHUB_CLIENT_CONFIRMATION_OK"
15905,10404311368,10404311404,1,"IOTHUB_CLIENT_CONFIRMATION_OK"
15906,10404311568,10404311618,1,"IOTHUB_CLIENT_CONFIRMATION_OK"
15907,10404311768,10404311809,1,"IOTHUB_CLIENT_CONFIRMATION_OK"
15908,10404311969,10404312015,1,"IOTHUB_CLIENT_CONFIRMATION_OK"
15909,10404312169,10404312204,1,"IOTHUB_CLIENT_CONFIRMATION_OK"
15910,10404312369,10404312527,1,"IOTHUB_CLIENT_CONFIRMATION_OK"
15911,10404312569,10404312611,1,"IOTHUB_CLIENT_CONFIRMATION_OK"
15912,10404312769,10404312808,1,"IOTHUB_CLIENT_CONFIRMATION_OK"
15913,10404312969,10404313002,1,"IOTHUB_CLIENT_CONFIRMATION_OK"
15914,10404313170,10404313208,1,"IOTHUB_CLIENT_CONFIRMATION_OK"
15915,10404313370,10404313408,1,"IOTHUB_CLIENT_CONFIRMATION_OK"
15916,10404313570,10404313604,1,"IOTHUB_CLIENT_CONFIRMATION_OK"
15917,10404313770,10404313805,1,"IOTHUB_CLIENT_CONFIRMATION_OK"
15918,10404313970,10404314009,1,"IOTHUB_CLIENT_CONFIRMATION_OK"
15919,10404314170,10404314207,1,"IOTHUB_CLIENT_CONFIRMATION_OK"
15920,10404314371,10404314406,1,"IOTHUB_CLIENT_CONFIRMATION_OK"
15921,10404314571,10404314609,1,"IOTHUB_CLIENT_CONFIRMATION_OK"
15922,10404314771,10404314861,1,"IOTHUB_CLIENT_CONFIRMATION_OK"
15923,10404314971,10404315012,1,"IOTHUB_CLIENT_CONFIRMATION_OK"
15924,10404315171,10404315212,1,"IOTHUB_CLIENT_CONFIRMATION_OK"
15925,10404315371,10404315405,1,"IOTHUB_CLIENT_CONFIRMATION_OK"
15926,10404315571,10404315640,1,"IOTHUB_CLIENT_CONFIRMATION_OK"
15927,10404315772,10404315869,1,"IOTHUB_CLIENT_CONFIRMATION_OK"
15928,10404315972,10404316026,1,"IOTHUB_CLIENT_CONFIRMATION_OK"
15929,10404316172,10404316226,1,"IOTHUB_CLIENT_CONFIRMATION_OK"
15930,10404316372,10404316478,1,"IOTHUB_CLIENT_CONFIRMATION_OK"
15931,10404316572,10404316609,1,"IOTHUB_CLIENT_CONFIRMATION_OK"
15932,10404316772,10404316810,1,"IOTHUB_CLIENT_CONFIRMATION_OK"
15933,10404316973,10404317100,1,"IOTHUB_CLIENT_CONFIRMATION_OK"
15934,10404317173,10404317214,1,"IOTHUB_CLIENT_CONFIRMATION_OK"
15935,10404317373,10404317410,1,"IOTHUB_CLIENT_CONFIRMATION_OK"
15936,10404317573,10404317606,1,"IOTHUB_CLIENT_CONFIRMATION_OK"
15937,10404317773,10404317814,1,"IOTHUB_CLIENT_CONFIRMATION_OK"
15938,10404317973,10404318011,1,"IOTHUB_CLIENT_CONFIRMATION_OK"
15939,10404318173,10404318212,1,"IOTHUB_CLIENT_CONFIRMATION_OK"
15940,10404318374,10404318411,1,"IOTHUB_CLIENT_CONFIRMATION_OK"
15941,10404318574,10404318734,1,"IOTHUB_CLIENT_CONFIRMATION_OK"
15942,10404318774,10404318821,1,"IOTHUB_CLIENT_CONFIRMATION_OK"
15943,10404318974,10404319018,1,"IOTHUB_CLIENT_CONFIRMATION_OK"
15944,10404319174,10404319333,1,"IOTHUB_CLIENT_CONFIRMATION_OK"
15945,10404319374,10404319413,1,"IOTHUB_CLIENT_CONFIRMATION_OK"
15946,10404319575,10404319612,1,"IOTHUB_CLIENT_CONFIRMATION_OK"
15947,10404319775,10404319821,1,"IOTHUB_CLIENT_CONFIRMATION_OK"
15948,10404319975,10404320015,1,"IOTHUB_CLIENT_CONFIRMATION_OK"
15949,10404320175,10404320269,1,"IOTHUB_CLIENT_CONFIRMATION_OK"
15950,10404320375,10404320476,1,"IOTHUB_CLIENT_CONFIRMATION_OK"
15951,10404320575,10404320612,1,"IOTHUB_CLIENT_CONFIRMATION_OK"
15952,10404320776,10404320825,1,"IOTHUB_CLIENT_CONFIRMATION_OK"
15953,10404320976,10404321012,1,"IOTHUB_CLIENT_CONFIRMATION_OK"
15954,10404321176,10404321210,1,"IOTHUB_CLIENT_CONFIRMATION_OK"
15955,10404321376,10404321475,1,"IOTHUB_CLIENT_CONFIRMATION_OK"
15956,10404321576,10404321627,1,"IOTHUB_CLIENT_CONFIRMATION_OK"
15957,10404321776,10404321813,1,"IOTHUB_CLIENT_CONFIRMATION_OK"
15958,10404321977,10404322097,1,"IOTHUB_CLIENT_CONFIRMATION_OK"
15959,10404322177,10404322213,1,"IOTHUB_CLIENT_CONFIRMATION_OK"
15960,10404322377,10404322414,1,"IOTHUB_CLIENT_CONFIRMATION_OK"
15961,10404322577,10404322680,1,"IOTHUB_CLIENT_CONFIRMATION_OK"
15962,10404322777,10404322815,1,"IOTHUB_CLIENT_CONFIRMATION_OK"
15963,10404322977,10404323016,1,"IOTHUB_CLIENT_CONFIRMATION_OK"
15964,10404323177,10404323224,1,"IOTHUB_CLIENT_CONFIRMATION_OK"
15965,10404323378,10404323426,1,"IOTHUB_CLIENT_CONFIRMATION_OK"
15966,10404323578,10404323623,1,"IOTHUB_CLIENT_CONFIRMATION_OK"
15967,10404323778,10404323826,1,"IOTHUB_CLIENT_CONFIRMATION_OK"
15968,10404323978,10404324014,1,"IOTHUB_CLIENT_CONFIRMATION_OK"
15969,10404324178,10404324343,1,"IOTHUB_CLIENT_CONFIRMATION_OK"
15970,10404324378,10404324416,1,"IOTHUB_CLIENT_CONFIRMATION_OK"
15971,10404324579,10404324624,1,"IOTHUB_CLIENT_CONFIRMATION_OK"
15972,10404324779,10404324814,1,"IOTHUB_CLIENT_CONFIRMATION_OK"
15973,10404324979,10404325014,1,"IOTHUB_CLIENT_CONFIRMATION_OK"
15974,10404325179,10404325220,1,"IOTHUB_CLIENT_CONFIRMATION_OK"
15975,10404325379,10404325414,1,"IOTHUB_CLIENT_CONFIRMATION_OK"
15976,10404325580,10404325638,1,"IOTHUB_CLIENT_CONFIRMATION_OK"
15977,10404325780,10404325907,1,"IOTHUB_CLIENT_CONFIRMATION_OK"
15978,10404325980,10404326029,1,"IOTHUB_CLIENT_CONFIRMATION_OK"
15979,10404326180,10404326225,1,"IOTHUB_CLIENT_CONFIRMATION_OK"
15980,10404326380,10404326424,1,"IOTHUB_CLIENT_CONFIRMATION_OK"
15981,10404326580,10404326624,1,"IOTHUB_CLIENT_CONFIRMATION_OK"
15982,10404326781,10404326818,1,"IOTHUB_CLIENT_CONFIRMATION_OK"
15983,10404326981,10404327187,1,"IOTHUB_CLIENT_CONFIRMATION_OK"
15984,10404327181,10404327216,1,"IOTHUB_CLIENT_CONFIRMATION_OK"
15985,10404327381,10404327418,1,"IOTHUB_CLIENT_CONFIRMATION_OK"
15986,10404327581,10404327622,1,"IOTHUB_CLIENT_CONFIRMATION_OK"
15987,10404327781,10404327830,1,"IOTHUB_CLIENT_CONFIRMATION_OK"
15988,10404327981,10404328017,1,"IOTHUB_CLIENT_CONFIRMATION_OK"
15989,10404328182,10404328223,1,"IOTHUB_CLIENT_CONFIRMATION_OK"
15990,10404328382,10404328418,1,"IOTHUB_CLIENT_CONFIRMATION_OK"
15991,10404328582,10404328625,1,"IOTHUB_CLIENT_CONFIRMATION_OK"
15992,10404328782,10404328846,1,"IOTHUB_CLIENT_CONFIRMATION_OK"
15993,10404328982,10404329028,1,"IOTHUB_CLIENT_CONFIRMATION_OK"
15994,10404329182,10404329220,1,"IOTHUB_CLIENT_CONFIRMATION_OK"
15995,10404329383,10404329454,1,"IOTHUB_CLIENT_CONFIRMATION_OK"
15996,10404329583,10404329622,1,"IOTHUB_CLIENT_CONFIRMATION_OK"
15997,10404329783,10404329828,1,"IOTHUB_CLIENT_CONFIRMATION_OK"
15998,10404329983,10404330020,1,"IOTHUB_CLIENT_CONFIRMATION_OK"
15999,10404330183,10404330223,1,"IOTHUB_CLIENT_CONFIRMATION_OK"
16000,10404330383,10404330442,1,"IOTHUB_CLIENT_CONFIRMATION_OK"
16001,10404330584,10404330636,1,"IOTHUB_CLIENT_CONFIRMATION_OK"
16002,10404330784,10404330829,1,"IOTHUB_CLIENT_CONFIRMATION_OK"
16003,10404330984,10404331045,1,"IOTHUB_CLIENT_CONFIRMATION_OK"
16004,10404331184,10404331299,1,"IOTHUB_CLIENT_CONFIRMATION_OK"
16005,10404331384,10404331423,1,"IOTHUB_CLIENT_CONFIRMATION_OK"
16006,10404331584,10404331631,1,"IOTHUB_CLIENT_CONFIRMATION_OK"
16007,10404331784,10404331837,1,"IOTHUB_CLIENT_CONFIRMATION_OK"
16008,10404331985,10404332031,1,"IOTHUB_CLIENT_CONFIRMATION_OK"
16009,10404332185,10404332221,1,"IOTHUB_CLIENT_CONFIRMATION_OK"
16010,10404332385,10404332421,1,"IOTHUB_CLIENT_CONFIRMATION_OK"
16011,10404332585,10404332731,1,"IOTHUB_CLIENT_CONFIRMATION_OK"
16012,10404332785,10404332823,1,"IOTHUB_CLIENT_CONFIRMATION_OK"
16013,10404332985,10404333034,1,"IOTHUB_CLIENT_CONFIRMATION_OK"
16014,10404333186,10404333339,1,"IOTHUB_CLIENT_CONFIRMATION_OK"
16015,10404333386,10404333424,1,"IOTHUB_CLIENT_CONFIRMATION_OK"
16016,10404333586,10404333626,1,"IOTHUB_CLIENT_CONFIRMATION_OK"
16017,10404333786,10404333823,1,"IOTHUB_CLIENT_CONFIRMATION_OK"
16018,10404333986,10404334027,1,"IOTHUB_CLIENT_CONFIRMATION_OK"
16019,10404334186,10404334224,1,"IOTHUB_CLIENT_CONFIRMATION_OK"
16020,10404334387,10404334425,1,"IOTHUB_CLIENT_CONFIRMATION_OK"
16021,10404334587,10404334629,1,"IOTHUB_CLIENT_CONFIRMATION_OK"
16022,10404334787,10404334828,1,"IOTHUB_CLIENT_CONFIRMATION_OK"
16023,10404334987,10404335024,1,"IOTHUB_CLIENT_CONFIRMATION_OK"
16024,10404335187,10404335230,1,"IOTHUB_CLIENT_CONFIRMATION_OK"
16025,10404335387,10404335613,1,"IOTHUB_CLIENT_CONFIRMATION_OK"
16026,10404335588,10404335642,1,"IOTHUB_CLIENT_CONFIRMATION_OK"
16027,10404335788,10404335826,1,"IOTHUB_CLIENT_CONFIRMATION_OK"
16028,10404335988,10404336031,1,"IOTHUB_CLIENT_CONFIRMATION_OK"
16029,10404336188,10404336264,1,"IOTHUB_CLIENT_CONFIRMATION_OK"
16030,10404336388,10404336438,1,"IOTHUB_CLIENT_CONFIRMATION_OK"
16031,10404336588,10404336635,1,"IOTHUB_CLIENT_CONFIRMATION_OK"
16032,10404336789,10404336826,1,"IOTHUB_CLIENT_CONFIRMATION_OK"
16033,10404336989,10404337137,1,"IOTHUB_CLIENT_CONFIRMATION_OK"
16034,10404337189,10404337231,1,"IOTHUB_CLIENT_CONFIRMATION_OK"
16035,10404337389,10404337469,1,"IOTHUB_CLIENT_CONFIRMATION_OK"
16036,10404337589,10404337630,1,"IOTHUB_CLIENT_CONFIRMATION_OK"
16037,10404337789,10404337856,1,"IOTHUB_CLIENT_CONFIRMATION_OK"
16038,10404337990,10404338030,1,"IOTHUB_CLIENT_CONFIRMATION_OK"
16039,10404338190,10404338232,1,"IOTHUB_CLIENT_CONFIRMATION_OK"
16040,10404338390,10404338428,1,"IOTHUB_CLIENT_CONFIRMATION_OK"
16041,10404338590,10404338661,1,"IOTHUB_CLIENT_CONFIRMATION_OK"
16042,10404338790,10404338845,1,"IOTHUB_CLIENT_CONFIRMATION_OK"
16043,10404338990,10404339027,1,"IOTHUB_CLIENT_CONFIRMATION_OK"
16044,10404339190,10404339237,1,"IOTHUB_CLIENT_CONFIRMATION_OK"
16045,10404339391,10404339465,1,"IOTHUB_CLIENT_CONFIRMATION_OK"
16046,10404339591,10404339633,1,"IOTHUB_CLIENT_CONFIRMATION_OK"
16047,10404339791,10404339830,1,"IOTHUB_CLIENT_CONFIRMATION_OK"
16048,10404339991,10404340071,1,"IOTHUB_CLIENT_CONFIRMATION_OK"
16049,10404340191,10404340233,1,"IOTHUB_CLIENT_CONFIRMATION_OK"
16050,10404340391,10404340433,1,"IOTHUB_CLIENT_CONFIRMATION_OK"
16051,10404340591,10404340631,1,"IOTHUB_CLIENT_CONFIRMATION_OK"
16052,10404340792,10404340850,1,"IOTHUB_CLIENT_CONFIRMATION_OK"
16053,10404340992,10404341097,1,"IOTHUB_CLIENT_CONFIRMATION_OK"
16054,10404341192,10404341231,1,"IOTHUB_CLIENT_CONFIRMATION_OK"
16055,10404341392,10404341448,1,"IOTHUB_CLIENT_CONFIRMATION_OK"
16056,10404341592,10404341708,1,"IOTHUB_CLIENT_CONFIRMATION_OK"
16057,10404341792,10404341833,1,"IOTHUB_CLIENT_CONFIRMATION_OK"
16058,10404341993,10404342044,1,"IOTHUB_CLIENT_CONFIRMATION_OK"
16059,10404342193,10404342325,1,"IOTHUB_CLIENT_CONFIRMATION_OK"
16060,10404342393,10404342446,1,"IOTHUB_CLIENT_CONFIRMATION_OK"
16061,10404342593,10404342633,1,"IOTHUB_CLIENT_CONFIRMATION_OK"
16062,10404342793,10404342853,1,"IOTHUB_CLIENT_CONFIRMATION_OK"
16063,10404342993,10404343037,1,"IOTHUB_CLIENT_CONFIRMATION_OK"
16064,10404343194,10404343235,1,"IOTHUB_CLIENT_CONFIRMATION_OK"
16065,10404343394,10404343433,1,"IOTHUB_CLIENT_CONFIRMATION_OK"
16066,10404343594,10404343636,1,"IOTHUB_CLIENT_CONFIRMATION_OK"
16067,10404343794,10404343832,1,"IOTHUB_CLIENT_CONFIRMATION_OK"
16068,10404343994,10404344031,1,"IOTHUB_CLIENT_CONFIRMATION_OK"
16069,10404344194,10404344230,1,"IOTHUB_CLIENT_CONFIRMATION_OK"
16070,10404344394,10404344550,1,"IOTHUB_CLIENT_CONFIRMATION_OK"
16071,10404344595,10404344632,1,"IOTHUB_CLIENT_CONFIRMATION_OK"
16072,10404344795,10404344833,1,"IOTHUB_CLIENT_CONFIRMATION_OK"
16073,10404344995,10404345033,1,"IOTHUB_CLIENT_CONFIRMATION_OK"
16074,10404345195,10404345236,1,"IOTHUB_CLIENT_CONFIRMATION_OK"
16075,10404345395,10404345431,1,"IOTHUB_CLIENT_CONFIRMATION_OK"
16076,10404345595,10404345659,1,"IOTHUB_CLIENT_CONFIRMATION_OK"
16077,10404345795,10404345889,1,"IOTHUB_CLIENT_CONFIRMATION_OK"
16078,10404345996,10404346037,1,"IOTHUB_CLIENT_CONFIRMATION_OK"
16079,10404346196,10404346234,1,"IOTHUB_CLIENT_CONFIRMATION_OK"
16080,10404346396,10404346464,1,"IOTHUB_CLIENT_CONFIRMATION_OK"
16081,10404346596,10404346653,1,"IOTHUB_CLIENT_CONFIRMATION_OK"
16082,10404346796,10404346868,1,"IOTHUB_CLIENT_CONFIRMATION_OK"
16083,10404346996,10404347034,1,"IOTHUB_CLIENT_CONFIRMATION_OK"
16084,10404347197,10404347307,1,"IOTHUB_CLIENT_CONFIRMATION_OK"
16085,10404347397,10404347437,1,"IOTHUB_CLIENT_CONFIRMATION_OK"
16086,10404347597,10404347638,1,"IOTHUB_CLIENT_CONFIRMATION_OK"
16087,10404347797,10404347859,1,"IOTHUB_CLIENT_CONFIRMATION_OK"
16088,10404347997,10404348037,1,"IOTHUB_CLIENT_CONFIRMATION_OK"
16089,10404348197,10404348236,1,"IOTHUB_CLIENT_CONFIRMATION_OK"
16090,10404348397,10404348483,1,"IOTHUB_CLIENT_CONFIRMATION_OK"
16091,10404348598,10404348665,1,"IOTHUB_CLIENT_CONFIRMATION_OK"
16092,10404348798,10404348862,1,"IOTHUB_CLIENT_CONFIRMATION_OK"
16093,10404348998,10404349041,1,"IOTHUB_CLIENT_CONFIRMATION_OK"
16094,10404349198,10404349254,1,"IOTHUB_CLIENT_CONFIRMATION_OK"
16095,10404349398,10404349437,1,"IOTHUB_CLIENT_CONFIRMATION_OK"
16096,10404349598,10404349639,1,"IOTHUB_CLIENT_CONFIRMATION_OK"
16097,10404349799,10404349841,1,"IOTHUB_CLIENT_CONFIRMATION_OK"
16098,10404349999,10404350097,1,"IOTHUB_CLIENT_CONFIRMATION_OK"
16099,10404350199,10404350248,1,"IOTHUB_CLIENT_CONFIRMATION_OK"
16100,10404350399,10404350440,1,"IOTHUB_CLIENT_CONFIRMATION_OK"
16101,10404350599,10404350746,1,"IOTHUB_CLIENT_CONFIRMATION_OK"
16102,10404350799,10404350836,1,"IOTHUB_CLIENT_CONFIRMATION_OK"
16103,10404351000,10404351049,1,"IOTHUB_CLIENT_CONFIRMATION_OK"
16104,10404351200,10404351345,1,"IOTHUB_CLIENT_CONFIRMATION_OK"
16105,10404351400,10404351440,1,"IOTHUB_CLIENT_CONFIRMATION_OK"
16106,10404351600,10404351636,1,"IOTHUB_CLIENT_CONFIRMATION_OK"
16107,10404351800,10404351839,1,"IOTHUB_CLIENT_CONFIRMATION_OK"
16108,10404352000,10404352043,1,"IOTHUB_CLIENT_CONFIRMATION_OK"
16109,10404352201,10404352241,1,"IOTHUB_CLIENT_CONFIRMATION_OK"
16110,10404352401,10404352438,1,"IOTHUB_CLIENT_CONFIRMATION_OK"
16111,10404352601,10404352677,1,"IOTHUB_CLIENT_CONFIRMATION_OK"
16112,10404352801,10404352945,1,"IOTHUB_CLIENT_CONFIRMATION_OK"
16113,10404353001,10404353039,1,"IOTHUB_CLIENT_CONFIRMATION_OK"
16114,10404353201,10404353241,1,"IOTHUB_CLIENT_CONFIRMATION_OK"
16115,10404353401,10404353567,1,"IOTHUB_CLIENT_CONFIRMATION_OK"
16116,10404353602,10404353641,1,"IOTHUB_CLIENT_CONFIRMATION_OK"
16117,10404353802,10404353842,1,"IOTHUB_CLIENT_CONFIRMATION_OK"
16118,10404354002,10404354040,1,"IOTHUB_CLIENT_CONFIRMATION_OK"
16119,10404354202,10404354244,1,"IOTHUB_CLIENT_CONFIRMATION_OK"
16120,10404354402,10404354441,1,"IOTHUB_CLIENT_CONFIRMATION_OK"
16121,10404354602,10404354642,1,"IOTHUB_CLIENT_CONFIRMATION_OK"
16122,10404354803,10404354841,1,"IOTHUB_CLIENT_CONFIRMATION_OK"
16123,10404355003,10404355043,1,"IOTHUB_CLIENT_CONFIRMATION_OK"
16124,10404355203,10404355243,1,"IOTHUB_CLIENT_CONFIRMATION_OK"
16125,10404355403,10404355445,1,"IOTHUB_CLIENT_CONFIRMATION_OK"
16126,10404355603,10404355776,1,"IOTHUB_CLIENT_CONFIRMATION_OK"
16127,10404355803,10404355843,1,"IOTHUB_CLIENT_CONFIRMATION_OK"
16128,10404356004,10404356046,1,"IOTHUB_CLIENT_CONFIRMATION_OK"
16129,10404356204,10404356276,1,"IOTHUB_CLIENT_CONFIRMATION_OK"
16130,10404356404,10404356455,1,"IOTHUB_CLIENT_CONFIRMATION_OK"
16131,10404356604,10404356649,1,"IOTHUB_CLIENT_CONFIRMATION_OK"
16132,10404356804,10404356843,1,"IOTHUB_CLIENT_CONFIRMATION_OK"
16133,10404357004,10404357061,1,"IOTHUB_CLIENT_CONFIRMATION_OK"
16134,10404357205,10404357251,1,"IOTHUB_CLIENT_CONFIRMATION_OK"
16135,10404357405,10404357453,1,"IOTHUB_CLIENT_CONFIRMATION_OK"
16136,10404357605,10404357642,1,"IOTHUB_CLIENT_CONFIRMATION_OK"
16137,10404357805,10404357843,1,"IOTHUB_CLIENT_CONFIRMATION_OK"
16138,10404358005,10404358056,1,"IOTHUB_CLIENT_CONFIRMATION_OK"
16139,10404358205,10404358260,1,"IOTHUB_CLIENT_CONFIRMATION_OK"
16140,10404358406,10404358458,1,"IOTHUB_CLIENT_CONFIRMATION_OK"
16141,10404358606,10404358651,1,"IOTHUB_CLIENT_CONFIRMATION_OK"
16142,10404358806,10404358864,1,"IOTHUB_CLIENT_CONFIRMATION_OK"
16143,10404359006,10404359045,1,"IOTHUB_CLIENT_CONFIRMATION_OK"
16144,10404359206,10404359247,1,"IOTHUB_CLIENT_CONFIRMATION_OK"
16145,10404359406,10404359441,1,"IOTHUB_CLIENT_CONFIRMATION_OK"
16146,10404359606,10404359684,1,"IOTHUB_CLIENT_CONFIRMATION_OK"
16147,10404359807,10404359844,1,"IOTHUB_CLIENT_CONFIRMATION_OK"
16148,10404360007,10404360046,1,"IOTHUB_CLIENT_CONFIRMATION_OK"
16149,10404360207,10404360267,1,"IOTHUB_CLIENT_CONFIRMATION_OK"
16150,10404360407,10404360449,1,"IOTHUB_CLIENT_CONFIRMATION_OK"
16151,10404360607,10404360652,1,"IOTHUB_CLIENT_CONFIRMATION_OK"
16152,10404360807,10404360846,1,"IOTHUB_CLIENT_CONFIRMATION_OK"
16153,10404361008,10404361045,1,"IOTHUB_CLIENT_CONFIRMATION_OK"
16154,10404361208,10404361263,1,"IOTHUB_CLIENT_CONFIRMATION_OK"
16155,10404361408,10404361449,1,"IOTHUB_CLIENT_CONFIRMATION_OK"
16156,10404361608,10404361660,1,"IOTHUB_CLIENT_CONFIRMATION_OK"
16157,10404361808,10404361888,1,"IOTHUB_CLIENT_CONFIRMATION_OK"
16158,10404362008,10404362065,1,"IOTHUB_CLIENT_CONFIRMATION_OK"
16159,10404362209,10404362251,1,"IOTHUB_CLIENT_CONFIRMATION_OK"
16160,10404362409,10404362496,1,"IOTHUB_CLIENT_CONFIRMATION_OK"
16161,10404362609,10404362652,1,"IOTHUB_CLIENT_CONFIRMATION_OK"
16162,10404362809,10404362853,1,"IOTHUB_CLIENT_CONFIRMATION_OK"
16163,10404363009,10404363121,1,"IOTHUB_CLIENT_CONFIRMATION_OK"
16164,10404363209,10404363250,1,"IOTHUB_CLIENT_CONFIRMATION_OK"
16165,10404363410,10404363444,1,"IOTHUB_CLIENT_CONFIRMATION_OK"
16166,10404363610,10404363653,1,"IOTHUB_CLIENT_CONFIRMATION_OK"
16167,10404363810,10404363878,1,"IOTHUB_CLIENT_CONFIRMATION_OK"
16168,10404364010,10404364145,1,"IOTHUB_CLIENT_CONFIRMATION_OK"
16169,10404364210,10404364257,1,"IOTHUB_CLIENT_CONFIRMATION_OK"
16170,10404364410,10404364464,1,"IOTHUB_CLIENT_CONFIRMATION_OK"
16171,10404364611,10404364743,1,"IOTHUB_CLIENT_CONFIRMATION_OK"
16172,10404364811,10404364853,1,"IOTHUB_CLIENT_CONFIRMATION_OK"
16173,10404365011,10404365049,1,"IOTHUB_CLIENT_CONFIRMATION_OK"
16174,10404365211,10404365268,1,"IOTHUB_CLIENT_CONFIRMATION_OK"
16175,10404365411,10404365473,1,"IOTHUB_CLIENT_CONFIRMATION_OK"
16176,10404365611,10404365674,1,"IOTHUB_CLIENT_CONFIRMATION_OK"
16177,10404365811,10404365853,1,"IOTHUB_CLIENT_CONFIRMATION_OK"
16178,10404366012,10404366063,1,"IOTHUB_CLIENT_CONFIRMATION_OK"
16179,10404366212,10404366288,1,"IOTHUB_CLIENT_CONFIRMATION_OK"
16180,10404366412,10404366460,1,"IOTHUB_CLIENT_CONFIRMATION_OK"
16181,10404366612,10404366651,1,"IOTHUB_CLIENT_CONFIRMATION_OK"
16182,10404366812,10404366873,1,"IOTHUB_CLIENT_CONFIRMATION_OK"
16183,10404367012,10404367053,1,"IOTHUB_CLIENT_CONFIRMATION_OK"
16184,10404367213,10404367271,1,"IOTHUB_CLIENT_CONFIRMATION_OK"
16185,10404367413,10404367479,1,"IOTHUB_CLIENT_CONFIRMATION_OK"
16186,10404367613,10404367662,1,"IOTHUB_CLIENT_CONFIRMATION_OK"
16187,10404367813,10404367859,1,"IOTHUB_CLIENT_CONFIRMATION_OK"
16188,10404368013,10404368086,1,"IOTHUB_CLIENT_CONFIRMATION_OK"
16189,10404368213,10404368250,1,"IOTHUB_CLIENT_CONFIRMATION_OK"
16190,10404368414,10404368453,1,"IOTHUB_CLIENT_CONFIRMATION_OK"
16191,10404368614,10404368702,1,"IOTHUB_CLIENT_CONFIRMATION_OK"
16192,10404368814,10404368861,1,"IOTHUB_CLIENT_CONFIRMATION_OK"
16193,10404369014,10404369059,1,"IOTHUB_CLIENT_CONFIRMATION_OK"
16194,10404369214,10404369252,1,"IOTHUB_CLIENT_CONFIRMATION_OK"
16195,10404369414,10404369464,1,"IOTHUB_CLIENT_CONFIRMATION_OK"
16196,10404369614,10404369721,1,"IOTHUB_CLIENT_CONFIRMATION_OK"
16197,10404369815,10404369856,1,"IOTHUB_CLIENT_CONFIRMATION_OK"
16198,10404370015,10404370058,1,"IOTHUB_CLIENT_CONFIRMATION_OK"
16199,10404370215,10404370327,1,"IOTHUB_CLIENT_CONFIRMATION_OK"
16200,10404370415,10404370455,1,"IOTHUB_CLIENT_CONFIRMATION_OK"
16201,10404370615,10404370653,1,"IOTHUB_CLIENT_CONFIRMATION_OK"
16202,10404370815,10404370953,1,"IOTHUB_CLIENT_CONFIRMATION_OK"
16203,10404371016,10404371056,1,"IOTHUB_CLIENT_CONFIRMATION_OK"
16204,10404371216,10404371256,1,"IOTHUB_CLIENT_CONFIRMATION_OK"
16205,10404371416,10404371456,1,"IOTHUB_CLIENT_CONFIRMATION_OK"
16206,10404371616,10404371683,1,"IOTHUB_CLIENT_CONFIRMATION_OK"
16207,10404371816,10404371870,1,"IOTHUB_CLIENT_CONFIRMATION_OK"
16208,10404372016,10404372056,1,"IOTHUB_CLIENT_CONFIRMATION_OK"
16209,10404372216,10404372253,1,"IOTHUB_CLIENT_CONFIRMATION_OK"
16210,10404372417,10404372639,1,"IOTHUB_CLIENT_CONFIRMATION_OK"
16211,10404372617,10404372658,1,"IOTHUB_CLIENT_CONFIRMATION_OK"
16212,10404372817,10404372855,1,"IOTHUB_CLIENT_CONFIRMATION_OK"
16213,10404373017,10404373058,1,"IOTHUB_CLIENT_CONFIRMATION_OK"
16214,10404373217,10404373258,1,"IOTHUB_CLIENT_CONFIRMATION_OK"
16215,10404373417,10404373499,1,"IOTHUB_CLIENT_CONFIRMATION_OK"
16216,10404373618,10404373658,1,"IOTHUB_CLIENT_CONFIRMATION_OK"
16217,10404373818,10404373857,1,"IOTHUB_CLIENT_CONFIRMATION_OK"
16218,10404374018,10404374056,1,"IOTHUB_CLIENT_CONFIRMATION_OK"
16219,10404374218,10404374265,1,"IOTHUB_CLIENT_CONFIRMATION_OK"
16220,10404374418,10404374466,1,"IOTHUB_CLIENT_CONFIRMATION_OK"
16221,10404374618,10404374653,1,"IOTHUB_CLIENT_CONFIRMATION_OK"
16222,10404374819,10404374899,1,"IOTHUB_CLIENT_CONFIRMATION_OK"
16223,10404375019,10404375058,1,"IOTHUB_CLIENT_CONFIRMATION_OK"
16224,10404375219,10404375272,1,"IOTHUB_CLIENT_CONFIRMATION_OK"
16225,10404375419,10404375461,1,"IOTHUB_CLIENT_CONFIRMATION_OK"
16226,10404375619,10404375659,1,"IOTHUB_CLIENT_CONFIRMATION_OK"
16227,10404375819,10404375886,1,"IOTHUB_CLIENT_CONFIRMATION_OK"
16228,10404376020,10404376070,1,"IOTHUB_CLIENT_CONFIRMATION_OK"
16229,10404376220,10404376259,1,"IOTHUB_CLIENT_CONFIRMATION_OK"
16230,10404376420,10404376519,1,"IOTHUB_CLIENT_CONFIRMATION_OK"
16231,10404376620,10404376656,1,"IOTHUB_CLIENT_CONFIRMATION_OK"
16232,10404376820,10404376866,1,"IOTHUB_CLIENT_CONFIRMATION_OK"
16233,10404377020,10404377170,1,"IOTHUB_CLIENT_CONFIRMATION_OK"
16234,10404377220,10404377276,1,"IOTHUB_CLIENT_CONFIRMATION_OK"
16235,10404377421,10404377457,1,"IOTHUB_CLIENT_CONFIRMATION_OK"
16236,10404377621,10404377666,1,"IOTHUB_CLIENT_CONFIRMATION_OK"
16237,10404377821,10404377862,1,"IOTHUB_CLIENT_CONFIRMATION_OK"
16238,10404378021,10404378092,1,"IOTHUB_CLIENT_CONFIRMATION_OK"
16239,10404378221,10404378273,1,"IOTHUB_CLIENT_CONFIRMATION_OK"
16240,10404378421,10404378462,1,"IOTHUB_CLIENT_CONFIRMATION_OK"
16241,10404378622,10404378730,1,"IOTHUB_CLIENT_CONFIRMATION_OK"
16242,10404378822,10404378860,1,"IOTHUB_CLIENT_CONFIRMATION_OK"
16243,10404379022,10404379064,1,"IOTHUB_CLIENT_CONFIRMATION_OK"
16244,10404379222,10404379337,1,"IOTHUB_CLIENT_CONFIRMATION_OK"
16245,10404379422,10404379460,1,"IOTHUB_CLIENT_CONFIRMATION_OK"
16246,10404379622,10404379659,1,"IOTHUB_CLIENT_CONFIRMATION_OK"
16247,10404379822,10404379863,1,"IOTHUB_CLIENT_CONFIRMATION_OK"
16248,10404380023,10404380064,1,"IOTHUB_CLIENT_CONFIRMATION_OK"
16249,10404380223,10404380277,1,"IOTHUB_CLIENT_CONFIRMATION_OK"
16250,10404380423,10404380464,1,"IOTHUB_CLIENT_CONFIRMATION_OK"
16251,10404380623,10404380696,1,"IOTHUB_CLIENT_CONFIRMATION_OK"
16252,10404380823,10404380868,1,"IOTHUB_CLIENT_CONFIRMATION_OK"
16253,10404381023,10404381070,1,"IOTHUB_CLIENT_CONFIRMATION_OK"
16254,10404381224,10404381263,1,"IOTHUB_CLIENT_CONFIRMATION_OK"
16255,10404381424,10404381576,1,"IOTHUB_CLIENT_CONFIRMATION_OK"
16256,10404381624,10404381662,1,"IOTHUB_CLIENT_CONFIRMATION_OK"
16257,10404381824,10404381897,1,"IOTHUB_CLIENT_CONFIRMATION_OK"
16258,10404382024,10404382062,1,"IOTHUB_CLIENT_CONFIRMATION_OK"
16259,10404382224,10404382316,1,"IOTHUB_CLIENT_CONFIRMATION_OK"
16260,10404382424,10404382475,1,"IOTHUB_CLIENT_CONFIRMATION_OK"
16261,10404382625,10404382703,1,"IOTHUB_CLIENT_CONFIRMATION_OK"
16262,10404382825,10404382864,1,"IOTHUB_CLIENT_CONFIRMATION_OK"
16263,10404383025,10404383064,1,"IOTHUB_CLIENT_CONFIRMATION_OK"
16264,10404383225,10404383279,1,"IOTHUB_CLIENT_CONFIRMATION_OK"
16265,10404383425,10404383462,1,"IOTHUB_CLIENT_CONFIRMATION_OK"
16266,10404383625,10404383666,1,"IOTHUB_CLIENT_CONFIRMATION_OK"
16267,10404383826,10404383864,1,"IOTHUB_CLIENT_CONFIRMATION_OK"
16268,10404384026,10404384063,1,"IOTHUB_CLIENT_CONFIRMATION_OK"
16269,10404384226,10404384335,1,"IOTHUB_CLIENT_CONFIRMATION_OK"
16270,10404384426,10404384466,1,"IOTHUB_CLIENT_CONFIRMATION_OK"
16271,10404384626,10404384665,1,"IOTHUB_CLIENT_CONFIRMATION_OK"
16272,10404384826,10404384933,1,"IOTHUB_CLIENT_CONFIRMATION_OK"
16273,10404385027,10404385086,1,"IOTHUB_CLIENT_CONFIRMATION_OK"
16274,10404385227,10404385266,1,"IOTHUB_CLIENT_CONFIRMATION_OK"
16275,10404385427,10404385574,1,"IOTHUB_CLIENT_CONFIRMATION_OK"
16276,10404385627,10404385666,1,"IOTHUB_CLIENT_CONFIRMATION_OK"
16277,10404385827,10404385875,1,"IOTHUB_CLIENT_CONFIRMATION_OK"
16278,10404386027,10404386068,1,"IOTHUB_CLIENT_CONFIRMATION_OK"
16279,10404386228,10404386271,1,"IOTHUB_CLIENT_CONFIRMATION_OK"
16280,10404386428,10404386471,1,"IOTHUB_CLIENT_CONFIRMATION_OK"
16281,10404386628,10404386668,1,"IOTHUB_CLIENT_CONFIRMATION_OK"
16282,10404386828,10404386874,1,"IOTHUB_CLIENT_CONFIRMATION_OK"
16283,10404387028,10404387186,1,"IOTHUB_CLIENT_CONFIRMATION_OK"
16284,10404387228,10404387267,1,"IOTHUB_CLIENT_CONFIRMATION_OK"
16285,10404387428,10404387507,1,"IOTHUB_CLIENT_CONFIRMATION_OK"
16286,10404387629,10404387795,1,"IOTHUB_CLIENT_CONFIRMATION_OK"
16287,10404387829,10404387883,1,"IOTHUB_CLIENT_CONFIRMATION_OK"
16288,10404388029,10404388067,1,"IOTHUB_CLIENT_CONFIRMATION_OK"
16289,10404388229,10404388404,1,"IOTHUB_CLIENT_CONFIRMATION_OK"
16290,10404388429,10404388468,1,"IOTHUB_CLIENT_CONFIRMATION_OK"
16291,10404388629,10404388669,1,"IOTHUB_CLIENT_CONFIRMATION_OK"
16292,10404388830,10404388910,1,"IOTHUB_CLIENT_CONFIRMATION_OK"
16293,10404389030,10404389071,1,"IOTHUB_CLIENT_CONFIRMATION_OK"
16294,10404389230,10404389266,1,"IOTHUB_CLIENT_CONFIRMATION_OK"
16295,10404389430,10404389466,1,"IOTHUB_CLIENT_CONFIRMATION_OK"
16296,10404389630,10404389669,1,"IOTHUB_CLIENT_CONFIRMATION_OK"
16297,10404389830,10404390003,1,"IOTHUB_CLIENT_CONFIRMATION_OK"
16298,10404390031,10404390066,1,"IOTHUB_CLIENT_CONFIRMATION_OK"
16299,10404390231,10404390270,1,"IOTHUB_CLIENT_CONFIRMATION_OK"
16300,10404390431,10404390469,1,"IOTHUB_CLIENT_CONFIRMATION_OK"
16301,10404390631,10404390671,1,"IOTHUB_CLIENT_CONFIRMATION_OK"
16302,10404390831,10404390872,1,"IOTHUB_CLIENT_CONFIRMATION_OK"
16303,10404391031,10404391067,1,"IOTHUB_CLIENT_CONFIRMATION_OK"
16304,10404391232,10404391295,1,"IOTHUB_CLIENT_CONFIRMATION_OK"
16305,10404391432,10404391471,1,"IOTHUB_CLIENT_CONFIRMATION_OK"
16306,10404391632,10404391671,1,"IOTHUB_CLIENT_CONFIRMATION_OK"
16307,10404391832,10404391870,1,"IOTHUB_CLIENT_CONFIRMATION_OK"
16308,10404392032,10404392069,1,"IOTHUB_CLIENT_CONFIRMATION_OK"
16309,10404392232,10404392274,1,"IOTHUB_CLIENT_CONFIRMATION_OK"
16310,10404392432,10404392515,1,"IOTHUB_CLIENT_CONFIRMATION_OK"
16311,10404392633,10404392680,1,"IOTHUB_CLIENT_CONFIRMATION_OK"
16312,10404392833,10404392872,1,"IOTHUB_CLIENT_CONFIRMATION_OK"
16313,10404393033,10404393070,1,"IOTHUB_CLIENT_CONFIRMATION_OK"
16314,10404393233,10404393268,1,"IOTHUB_CLIENT_CONFIRMATION_OK"
16315,10404393433,10404393489,1,"IOTHUB_CLIENT_CONFIRMATION_OK"
16316,10404393633,10404393703,1,"IOTHUB_CLIENT_CONFIRMATION_OK"
16317,10404393834,10404393886,1,"IOTHUB_CLIENT_CONFIRMATION_OK"
16318,10404394034,10404394073,1,"IOTHUB_CLIENT_CONFIRMATION_OK"
16319,10404394234,10404394276,1,"IOTHUB_CLIENT_CONFIRMATION_OK"
16320,10404394434,10404394500,1,"IOTHUB_CLIENT_CONFIRMATION_OK"
16321,10404394634,10404394677,1,"IOTHUB_CLIENT_CONFIRMATION_OK"
16322,10404394834,10404394877,1,"IOTHUB_CLIENT_CONFIRMATION_OK"
16323,10404395034,10404395072,1,"IOTHUB_CLIENT_CONFIRMATION_OK"
16324,10404395235,10404395277,1,"IOTHUB_CLIENT_CONFIRMATION_OK"
16325,10404395435,10404395569,1,"IOTHUB_CLIENT_CONFIRMATION_OK"
16326,10404395635,10404395678,1,"IOTHUB_CLIENT_CONFIRMATION_OK"
16327,10404395835,10404395879,1,"IOTHUB_CLIENT_CONFIRMATION_OK"
16328,10404396035,10404396151,1,"IOTHUB_CLIENT_CONFIRMATION_OK"
16329,10404396235,10404396285,1,"IOTHUB_CLIENT_CONFIRMATION_OK"
16330,10404396436,10404396476,1,"IOTHUB_CLIENT_CONFIRMATION_OK"
16331,10404396636,10404396784,1,"IOTHUB_CLIENT_CONFIRMATION_OK"
16332,10404396836,10404396877,1,"IOTHUB_CLIENT_CONFIRMATION_OK"
16333,10404397036,10404397075,1,"IOTHUB_CLIENT_CONFIRMATION_OK"
16334,10404397236,10404397277,1,"IOTHUB_CLIENT_CONFIRMATION_OK"
16335,10404397436,10404397488,1,"IOTHUB_CLIENT_CONFIRMATION_OK"
16336,10404397637,10404397683,1,"IOTHUB_CLIENT_CONFIRMATION_OK"
16337,10404397837,10404397886,1,"IOTHUB_CLIENT_CONFIRMATION_OK"
16338,10404398037,10404398076,1,"IOTHUB_CLIENT_CONFIRMATION_OK"
16339,10404398237,10404398433,1,"IOTHUB_CLIENT_CONFIRMATION_OK"
16340,10404398437,10404398474,1,"IOTHUB_CLIENT_CONFIRMATION_OK"
16341,10404398637,10404398685,1,"IOTHUB_CLIENT_CONFIRMATION_OK"
16342,10404398838,10404398875,1,"IOTHUB_CLIENT_CONFIRMATION_OK"
16343,10404399038,10404399074,1,"IOTHUB_CLIENT_CONFIRMATION_OK"
16344,10404399238,10404399276,1,"IOTHUB_CLIENT_CONFIRMATION_OK"
16345,10404399438,10404399479,1,"IOTHUB_CLIENT_CONFIRMATION_OK"
16346,10404399638,10404399679,1,"IOTHUB_CLIENT_CONFIRMATION_OK"
16347,10404399838,10404400046,1,"IOTHUB_CLIENT_CONFIRMATION_OK"
16348,10404400039,10404400370,1,"IOTHUB_CLIENT_CONFIRMATION_OK"
16349,10404400239,10404400697,1,"IOTHUB_CLIENT_CONFIRMATION_OK"
16350,10404400439,10404400743,1,"IOTHUB_CLIENT_CONFIRMATION_OK"
16351,10404400639,10404400796,1,"IOTHUB_CLIENT_CONFIRMATION_OK"
16352,10404400839,10404400910,1,"IOTHUB_CLIENT_CONFIRMATION_OK"
16353,10404401039,10404401079,1,"IOTHUB_CLIENT_CONFIRMATION_OK"
16354,10404401239,10404401280,1,"IOTHUB_CLIENT_CONFIRMATION_OK"
16355,10404401440,10404401500,1,"IOTHUB_CLIENT_CONFIRMATION_OK"
16356,10404401640,10404401698,1,"IOTHUB_CLIENT_CONFIRMATION_OK"
16357,10404401840,10404401878,1,"IOTHUB_CLIENT_CONFIRMATION_OK"
16358,10404402040,10404402075,1,"IOTHUB_CLIENT_CONFIRMATION_OK"
16359,10404402240,10404402307,1,"IOTHUB_CLIENT_CONFIRMATION_OK"
16360,10404402440,10404402480,1,"IOTHUB_CLIENT_CONFIRMATION_OK"
16361,10404402641,10404402682,1,"IOTHUB_CLIENT_CONFIRMATION_OK"
16362,10404402841,10404402942,1,"IOTHUB_CLIENT_CONFIRMATION_OK"
16363,10404403041,10404403087,1,"IOTHUB_CLIENT_CONFIRMATION_OK"
16364,10404403241,10404403280,1,"IOTHUB_CLIENT_CONFIRMATION_OK"
16365,10404403441,10404403517,1,"IOTHUB_CLIENT_CONFIRMATION_OK"
16366,10404403641,10404403714,1,"IOTHUB_CLIENT_CONFIRMATION_OK"
16367,10404403841,10404403881,1,"IOTHUB_CLIENT_CONFIRMATION_OK"
16368,10404404042,10404404081,1,"IOTHUB_CLIENT_CONFIRMATION_OK"
16369,10404404242,10404404292,1,"IOTHUB_CLIENT_CONFIRMATION_OK"
16370,10404404442,10404404620,1,"IOTHUB_CLIENT_CONFIRMATION_OK"
16371,10404404642,10404404712,1,"IOTHUB_CLIENT_CONFIRMATION_OK"
16372,10404404842,10404404880,1,"IOTHUB_CLIENT_CONFIRMATION_OK"
16373,10404405042,10404405194,1,"IOTHUB_CLIENT_CONFIRMATION_OK"
16374,10404405243,10404405281,1,"IOTHUB_CLIENT_CONFIRMATION_OK"
16375,10404405443,10404405505,1,"IOTHUB_CLIENT_CONFIRMATION_OK"
16376,10404405643,10404405681,1,"IOTHUB_CLIENT_CONFIRMATION_OK"
16377,10404405843,10404405886,1,"IOTHUB_CLIENT_CONFIRMATION_OK"
16378,10404406043,10404406088,1,"IOTHUB_CLIENT_CONFIRMATION_OK"
16379,10404406243,10404406290,1,"IOTHUB_CLIENT_CONFIRMATION_OK"
16380,10404406444,10404406484,1,"IOTHUB_CLIENT_CONFIRMATION_OK"
16381,10404406644,10404406689,1,"IOTHUB_CLIENT_CONFIRMATION_OK"
16382,10404406844,10404406885,1,"IOTHUB_CLIENT_CONFIRMATION_OK"
16383,10404407044,10404407085,1,"IOTHUB_CLIENT_CONFIRMATION_OK"
16384,10404407244,10404407293,1,"IOTHUB_CLIENT_CONFIRMATION_OK"
16385,10404407445,10404407485,1,"IOTHUB_CLIENT_CONFIRMATION_OK"
16386,10404407645,10404407688,1,"IOTHUB_CLIENT_CONFIRMATION_OK"
16387,10404407845,10404407882,1,"IOTHUB_CLIENT_CONFIRMATION_OK"
16388,10404408046,10404408084,1,"IOTHUB_CLIENT_CONFIRMATION_OK"
16389,10404408246,10404408332,1,"IOTHUB_CLIENT_CONFIRMATION_OK"
16390,10404408446,10404408500,1,"IOTHUB_CLIENT_CONFIRMATION_OK"
16391,10404408646,10404408684,1,"IOTHUB_CLIENT_CONFIRMATION_OK"
16392,10404408846,10404408972,1,"IOTHUB_CLIENT_CONFIRMATION_OK"
16393,10404409046,10404409089,1,"IOTHUB_CLIENT_CONFIRMATION_OK"
16394,10404409246,10404409294,1,"IOTHUB_CLIENT_CONFIRMATION_OK"
16395,10404409447,10404409507,1,"IOTHUB_CLIENT_CONFIRMATION_OK"
16396,10404409647,10404409687,1,"IOTHUB_CLIENT_CONFIRMATION_OK"
16397,10404409847,10404409903,1,"IOTHUB_CLIENT_CONFIRMATION_OK"
16398,10404410047,10404410123,1,"IOTHUB_CLIENT_CONFIRMATION_OK"
16399,10404410247,10404410294,1,"IOTHUB_CLIENT_CONFIRMATION_OK"
16400,10404410447,10404410487,1,"IOTHUB_CLIENT_CONFIRMATION_OK"
16401,10404410648,10404410723,1,"IOTHUB_CLIENT_CONFIRMATION_OK"
16402,10404410848,10404410885,1,"IOTHUB_CLIENT_CONFIRMATION_OK"
16403,10404411048,10404411088,1,"IOTHUB_CLIENT_CONFIRMATION_OK"
16404,10404411248,10404411321,1,"IOTHUB_CLIENT_CONFIRMATION_OK"
16405,10404411448,10404411489,1,"IOTHUB_CLIENT_CONFIRMATION_OK"
16406,10404411648,10404411682,1,"IOTHUB_CLIENT_CONFIRMATION_OK"
16407,10404411848,10404411898,1,"IOTHUB_CLIENT_CONFIRMATION_OK"
16408,10404412049,10404412104,1,"IOTHUB_CLIENT_CONFIRMATION_OK"
16409,10404412249,10404412318,1,"IOTHUB_CLIENT_CONFIRMATION_OK"
16410,10404412449,10404412488,1,"IOTHUB_CLIENT_CONFIRMATION_OK"
16411,10404412649,10404412691,1,"IOTHUB_CLIENT_CONFIRMATION_OK"
16412,10404412849,10404412947,1,"IOTHUB_CLIENT_CONFIRMATION_OK"
16413,10404413049,10404413092,1,"IOTHUB_CLIENT_CONFIRMATION_OK"
16414,10404413250,10404413294,1,"IOTHUB_CLIENT_CONFIRMATION_OK"
16415,10404413450,10404413553,1,"IOTHUB_CLIENT_CONFIRMATION_OK"
16416,10404413650,10404413797,1,"IOTHUB_CLIENT_CONFIRMATION_OK"
16417,10404413850,10404413892,1,"IOTHUB_CLIENT_CONFIRMATION_OK"
16418,10404414050,10404414097,1,"IOTHUB_CLIENT_CONFIRMATION_OK"
16419,10404414250,10404414295,1,"IOTHUB_CLIENT_CONFIRMATION_OK"
16420,10404414451,10404414493,1,"IOTHUB_CLIENT_CONFIRMATION_OK"
16421,10404414651,10404414687,1,"IOTHUB_CLIENT_CONFIRMATION_OK"
16422,10404414851,10404414899,1,"IOTHUB_CLIENT_CONFIRMATION_OK"
16423,10404415051,10404415092,1,"IOTHUB_CLIENT_CONFIRMATION_OK"
16424,10404415251,10404415318,1,"IOTHUB_CLIENT_CONFIRMATION_OK"
16425,10404415451,10404415488,1,"IOTHUB_CLIENT_CONFIRMATION_OK"
16426,10404415652,10404415837,1,"IOTHUB_CLIENT_CONFIRMATION_OK"
16427,10404415852,10404415913,1,"IOTHUB_CLIENT_CONFIRMATION_OK"
16428,10404416052,10404416092,1,"IOTHUB_CLIENT_CONFIRMATION_OK"
16429,10404416252,10404416301,1,"IOTHUB_CLIENT_CONFIRMATION_OK"
16430,10404416452,10404416498,1,"IOTHUB_CLIENT_CONFIRMATION_OK"
16431,10404416652,10404416695,1,"IOTHUB_CLIENT_CONFIRMATION_OK"
16432,10404416853,10404416924,1,"IOTHUB_CLIENT_CONFIRMATION_OK"
16433,10404417053,10404417100,1,"IOTHUB_CLIENT_CONFIRMATION_OK"
16434,10404417253,10404417292,1,"IOTHUB_CLIENT_CONFIRMATION_OK"
16435,10404417453,10404417520,1,"IOTHUB_CLIENT_CONFIRMATION_OK"
16436,10404417653,10404417691,1,"IOTHUB_CLIENT_CONFIRMATION_OK"
16437,10404417853,10404417902,1,"IOTHUB_CLIENT_CONFIRMATION_OK"
16438,10404418054,10404418091,1,"IOTHUB_CLIENT_CONFIRMATION_OK"
16439,10404418254,10404418307,1,"IOTHUB_CLIENT_CONFIRMATION_OK"
16440,10404418454,10404418492,1,"IOTHUB_CLIENT_CONFIRMATION_OK"
16441,10404418654,10404418702,1,"IOTHUB_CLIENT_CONFIRMATION_OK"
16442,10404418854,10404418901,1,"IOTHUB_CLIENT_CONFIRMATION_OK"
16443,10404419054,10404419102,1,"IOTHUB_CLIENT_CONFIRMATION_OK"
16444,10404419255,10404419298,1,"IOTHUB_CLIENT_CONFIRMATION_OK"
16445,10404419455,10404419582,1,"IOTHUB_CLIENT_CONFIRMATION_OK"
16446,10404419655,10404419710,1,"IOTHUB_CLIENT_CONFIRMATION_OK"
16447,10404419855,10404419892,1,"IOTHUB_CLIENT_CONFIRMATION_OK"
16448,10404420055,10404420096,1,"IOTHUB_CLIENT_CONFIRMATION_OK"
16449,10404420255,10404420332,1,"IOTHUB_CLIENT_CONFIRMATION_OK"
16450,10404420456,10404420492,1,"IOTHUB_CLIENT_CONFIRMATION_OK"
16451,10404420656,10404420698,1,"IOTHUB_CLIENT_CONFIRMATION_OK"
16452,10404420856,10404420905,1,"IOTHUB_CLIENT_CONFIRMATION_OK"
16453,10404421056,10404421098,1,"IOTHUB_CLIENT_CONFIRMATION_OK"
16454,10404421256,10404421333,1,"IOTHUB_CLIENT_CONFIRMATION_OK"
16455,10404421456,10404421494,1,"IOTHUB_CLIENT_CONFIRMATION_OK"
16456,10404421656,10404421698,1,"IOTHUB_CLIENT_CONFIRMATION_OK"
16457,10404421857,10404421949,1,"IOTHUB_CLIENT_CONFIRMATION_OK"
16458,10404422057,10404422096,1,"IOTHUB_CLIENT_CONFIRMATION_OK"
16459,10404422257,10404422298,1,"IOTHUB_CLIENT_CONFIRMATION_OK"
16460,10404422457,10404422555,1,"IOTHUB_CLIENT_CONFIRMATION_OK"
16461,10404422657,10404422736,1,"IOTHUB_CLIENT_CONFIRMATION_OK"
16462,10404422857,10404422902,1,"IOTHUB_CLIENT_CONFIRMATION_OK"
16463,10404423057,10404423106,1,"IOTHUB_CLIENT_CONFIRMATION_OK"
16464,10404423258,10404423298,1,"IOTHUB_CLIENT_CONFIRMATION_OK"
16465,10404423458,10404423497,1,"IOTHUB_CLIENT_CONFIRMATION_OK"
16466,10404423658,10404423720,1,"IOTHUB_CLIENT_CONFIRMATION_OK"
16467,10404423858,10404423897,1,"IOTHUB_CLIENT_CONFIRMATION_OK"
16468,10404424058,10404424182,1,"IOTHUB_CLIENT_CONFIRMATION_OK"
16469,10404424258,10404424304,1,"IOTHUB_CLIENT_CONFIRMATION_OK"
16470,10404424459,10404424556,1,"IOTHUB_CLIENT_CONFIRMATION_OK"
16471,10404424659,10404424794,1,"IOTHUB_CLIENT_CONFIRMATION_OK"
16472,10404424859,10404424917,1,"IOTHUB_CLIENT_CONFIRMATION_OK"
16473,10404425059,10404425097,1,"IOTHUB_CLIENT_CONFIRMATION_OK"
16474,10404425259,10404425313,1,"IOTHUB_CLIENT_CONFIRMATION_OK"
16475,10404425459,10404425498,1,"IOTHUB_CLIENT_CONFIRMATION_OK"
16476,10404425660,10404425706,1,"IOTHUB_CLIENT_CONFIRMATION_OK"
16477,10404425860,10404425902,1,"IOTHUB_CLIENT_CONFIRMATION_OK"
16478,10404426060,10404426099,1,"IOTHUB_CLIENT_CONFIRMATION_OK"
16479,10404426260,10404426322,1,"IOTHUB_CLIENT_CONFIRMATION_OK"
16480,10404426460,10404426498,1,"IOTHUB_CLIENT_CONFIRMATION_OK"
16481,10404426660,10404426705,1,"IOTHUB_CLIENT_CONFIRMATION_OK"
16482,10404426860,10404427029,1,"IOTHUB_CLIENT_CONFIRMATION_OK"
16483,10404427061,10404427104,1,"IOTHUB_CLIENT_CONFIRMATION_OK"
16484,10404427261,10404427302,1,"IOTHUB_CLIENT_CONFIRMATION_OK"
16485,10404427461,10404427506,1,"IOTHUB_CLIENT_CONFIRMATION_OK"
16486,10404427661,10404427700,1,"IOTHUB_CLIENT_CONFIRMATION_OK"
16487,10404427861,10404427901,1,"IOTHUB_CLIENT_CONFIRMATION_OK"
16488,10404428061,10404428119,1,"IOTHUB_CLIENT_CONFIRMATION_OK"
16489,10404428262,10404428307,1,"IOTHUB_CLIENT_CONFIRMATION_OK"
16490,10404428462,10404428503,1,"IOTHUB_CLIENT_CONFIRMATION_OK"
16491,10404428662,10404428707,1,"IOTHUB_CLIENT_CONFIRMATION_OK"
16492,10404428862,10404428933,1,"IOTHUB_CLIENT_CONFIRMATION_OK"
16493,10404429062,10404429106,1,"IOTHUB_CLIENT_CONFIRMATION_OK"
16494,10404429262,10404429307,1,"IOTHUB_CLIENT_CONFIRMATION_OK"
16495,10404429463,10404429508,1,"IOTHUB_CLIENT_CONFIRMATION_OK"
16496,10404429663,10404429751,1,"IOTHUB_CLIENT_CONFIRMATION_OK"
16497,10404429863,10404429912,1,"IOTHUB_CLIENT_CONFIRMATION_OK"
16498,10404430063,10404430109,1,"IOTHUB_CLIENT_CONFIRMATION_OK"
16499,10404430263,10404430327,1,"IOTHUB_CLIENT_CONFIRMATION_OK"
16500,10404430463,10404430520,1,"IOTHUB_CLIENT_CONFIRMATION_OK"
16501,10404430663,10404430708,1,"IOTHUB_CLIENT_CONFIRMATION_OK"
16502,10404430864,10404430952,1,"IOTHUB_CLIENT_CONFIRMATION_OK"
16503,10404431064,10404431101,1,"IOTHUB_CLIENT_CONFIRMATION_OK"
16504,10404431264,10404431305,1,"IOTHUB_CLIENT_CONFIRMATION_OK"
16505,10404431464,10404431559,1,"IOTHUB_CLIENT_CONFIRMATION_OK"
16506,10404431664,10404431711,1,"IOTHUB_CLIENT_CONFIRMATION_OK"
16507,10404431864,10404431925,1,"IOTHUB_CLIENT_CONFIRMATION_OK"
16508,10404432065,10404432105,1,"IOTHUB_CLIENT_CONFIRMATION_OK"
16509,10404432265,10404432338,1,"IOTHUB_CLIENT_CONFIRMATION_OK"
16510,10404432465,10404432578,1,"IOTHUB_CLIENT_CONFIRMATION_OK"
16511,10404432665,10404432742,1,"IOTHUB_CLIENT_CONFIRMATION_OK"
16512,10404432865,10404432906,1,"IOTHUB_CLIENT_CONFIRMATION_OK"
16513,10404433065,10404433185,1,"IOTHUB_CLIENT_CONFIRMATION_OK"
16514,10404433266,10404433306,1,"IOTHUB_CLIENT_CONFIRMATION_OK"
16515,10404433466,10404433508,1,"IOTHUB_CLIENT_CONFIRMATION_OK"
16516,10404433666,10404433812,1,"IOTHUB_CLIENT_CONFIRMATION_OK"
16517,10404433866,10404433904,1,"IOTHUB_CLIENT_CONFIRMATION_OK"
16518,10404434066,10404434105,1,"IOTHUB_CLIENT_CONFIRMATION_OK"
16519,10404434266,10404434316,1,"IOTHUB_CLIENT_CONFIRMATION_OK"
16520,10404434466,10404434517,1,"IOTHUB_CLIENT_CONFIRMATION_OK"
16521,10404434667,10404434706,1,"IOTHUB_CLIENT_CONFIRMATION_OK"
16522,10404434867,10404434901,1,"IOTHUB_CLIENT_CONFIRMATION_OK"
16523,10404435067,10404435109,1,"IOTHUB_CLIENT_CONFIRMATION_OK"
16524,10404435267,10404435312,1,"IOTHUB_CLIENT_CONFIRMATION_OK"
16525,10404435467,10404435509,1,"IOTHUB_CLIENT_CONFIRMATION_OK"
16526,10404435667,10404435701,1,"IOTHUB_CLIENT_CONFIRMATION_OK"
16527,10404435868,10404436070,1,"IOTHUB_CLIENT_CONFIRMATION_OK"
16528,10404436068,10404436106,1,"IOTHUB_CLIENT_CONFIRMATION_OK"
16529,10404436268,10404436303,1,"IOTHUB_CLIENT_CONFIRMATION_OK"
16530,10404436468,10404436507,1,"IOTHUB_CLIENT_CONFIRMATION_OK"
16531,10404436668,10404436705,1,"IOTHUB_CLIENT_CONFIRMATION_OK"
16532,10404436868,10404436908,1,"IOTHUB_CLIENT_CONFIRMATION_OK"
16533,10404437068,10404437116,1,"IOTHUB_CLIENT_CONFIRMATION_OK"
16534,10404437269,10404437318,1,"IOTHUB_CLIENT_CONFIRMATION_OK"
16535,10404437469,10404437547,1,"IOTHUB_CLIENT_CONFIRMATION_OK"
16536,10404437669,10404437710,1,"IOTHUB_CLIENT_CONFIRMATION_OK"
16537,10404437869,10404437910,1,"IOTHUB_CLIENT_CONFIRMATION_OK"
16538,10404438069,10404438108,1,"IOTHUB_CLIENT_CONFIRMATION_OK"
16539,10404438269,10404438311,1,"IOTHUB_CLIENT_CONFIRMATION_OK"
16540,10404438469,10404438513,1,"IOTHUB_CLIENT_CONFIRMATION_OK"
16541,10404438670,10404438722,1,"IOTHUB_CLIENT_CONFIRMATION_OK"
16542,10404438870,10404438906,1,"IOTHUB_CLIENT_CONFIRMATION_OK"
16543,10404439070,10404439110,1,"IOTHUB_CLIENT_CONFIRMATION_OK"
16544,10404439270,10404439322,1,"IOTHUB_CLIENT_CONFIRMATION_OK"
16545,10404439470,10404439512,1,"IOTHUB_CLIENT_CONFIRMATION_OK"
16546,10404439670,10404439712,1,"IOTHUB_CLIENT_CONFIRMATION_OK"
16547,10404439871,10404439923,1,"IOTHUB_CLIENT_CONFIRMATION_OK"
16548,10404440071,10404440107,1,"IOTHUB_CLIENT_CONFIRMATION_OK"
16549,10404440271,10404440313,1,"IOTHUB_CLIENT_CONFIRMATION_OK"
16550,10404440471,10404440538,1,"IOTHUB_CLIENT_CONFIRMATION_OK"
16551,10404440671,10404440713,1,"IOTHUB_CLIENT_CONFIRMATION_OK"
16552,10404440871,10404440913,1,"IOTHUB_CLIENT_CONFIRMATION_OK"
16553,10404441071,10404441122,1,"IOTHUB_CLIENT_CONFIRMATION_OK"
16554,10404441272,10404441314,1,"IOTHUB_CLIENT_CONFIRMATION_OK"
16555,10404441472,10404441546,1,"IOTHUB_CLIENT_CONFIRMATION_OK"
16556,10404441672,10404441717,1,"IOTHUB_CLIENT_CONFIRMATION_OK"
16557,10404441872,10404441912,1,"IOTHUB_CLIENT_CONFIRMATION_OK"
16558,10404442072,10404442151,1,"IOTHUB_CLIENT_CONFIRMATION_OK"
16559,10404442272,10404442308,1,"IOTHUB_CLIENT_CONFIRMATION_OK"
16560,10404442473,10404442518,1,"IOTHUB_CLIENT_CONFIRMATION_OK"
16561,10404442673,10404442776,1,"IOTHUB_CLIENT_CONFIRMATION_OK"
16562,10404442873,10404442937,1,"IOTHUB_CLIENT_CONFIRMATION_OK"
16563,10404443073,10404443120,1,"IOTHUB_CLIENT_CONFIRMATION_OK"
16564,10404443273,10404443313,1,"IOTHUB_CLIENT_CONFIRMATION_OK"
16565,10404443473,10404443532,1,"IOTHUB_CLIENT_CONFIRMATION_OK"
16566,10404443674,10404443714,1,"IOTHUB_CLIENT_CONFIRMATION_OK"
16567,10404443874,10404443910,1,"IOTHUB_CLIENT_CONFIRMATION_OK"
16568,10404444074,10404444111,1,"IOTHUB_CLIENT_CONFIRMATION_OK"
16569,10404444274,10404444388,1,"IOTHUB_CLIENT_CONFIRMATION_OK"
16570,10404444474,10404444511,1,"IOTHUB_CLIENT_CONFIRMATION_OK"
16571,10404444674,10404444712,1,"IOTHUB_CLIENT_CONFIRMATION_OK"
16572,10404444874,10404445014,1,"IOTHUB_CLIENT_CONFIRMATION_OK"
16573,10404445075,10404445120,1,"IOTHUB_CLIENT_CONFIRMATION_OK"
16574,10404445275,10404445321,1,"IOTHUB_CLIENT_CONFIRMATION_OK"
16575,10404445475,10404445536,1,"IOTHUB_CLIENT_CONFIRMATION_OK"
16576,10404445675,10404445732,1,"IOTHUB_CLIENT_CONFIRMATION_OK"
16577,10404445875,10404445918,1,"IOTHUB_CLIENT_CONFIRMATION_OK"
16578,10404446075,10404446129,1,"IOTHUB_CLIENT_CONFIRMATION_OK"
16579,10404446276,10404446357,1,"IOTHUB_CLIENT_CONFIRMATION_OK"
16580,10404446476,10404446522,1,"IOTHUB_CLIENT_CONFIRMATION_OK"
16581,10404446676,10404446713,1,"IOTHUB_CLIENT_CONFIRMATION_OK"
16582,10404446876,10404446927,1,"IOTHUB_CLIENT_CONFIRMATION_OK"
16583,10404447076,10404447242,1,"IOTHUB_CLIENT_CONFIRMATION_OK"
16584,10404447277,10404447319,1,"IOTHUB_CLIENT_CONFIRMATION_OK"
16585,10404447477,10404447514,1,"IOTHUB_CLIENT_CONFIRMATION_OK"
16586,10404447677,10404447715,1,"IOTHUB_CLIENT_CONFIRMATION_OK"
16587,10404447877,10404447916,1,"IOTHUB_CLIENT_CONFIRMATION_OK"
16588,10404448077,10404448117,1,"IOTHUB_CLIENT_CONFIRMATION_OK"
16589,10404448277,10404448317,1,"IOTHUB_CLIENT_CONFIRMATION_OK"
16590,10404448477,10404448520,1,"IOTHUB_CLIENT_CONFIRMATION_OK"
16591,10404448678,10404448716,1,"IOTHUB_CLIENT_CONFIRMATION_OK"
16592,10404448878,10404448932,1,"IOTHUB_CLIENT_CONFIRMATION_OK"
16593,10404449078,10404449108,1,"IOTHUB_CLIENT_CONFIRMATION_OK"
16594,10404449278,10404449320,1,"IOTHUB_CLIENT_CONFIRMATION_OK"
16595,10404449478,10404449520,1,"IOTHUB_CLIENT_CONFIRMATION_OK"
16596,10404449678,10404449716,1,"IOTHUB_CLIENT_CONFIRMATION_OK"
16597,10404449879,10404450078,1,"IOTHUB_CLIENT_CONFIRMATION_OK"
16598,10404450079,10404450117,1,"IOTHUB_CLIENT_CONFIRMATION_OK"
16599,10404450279,10404450315,1,"IOTHUB_CLIENT_CONFIRMATION_OK"
16600,10404450479,10404450522,1,"IOTHUB_CLIENT_CONFIRMATION_OK"
16601,10404450679,10404450720,1,"IOTHUB_CLIENT_CONFIRMATION_OK"
16602,10404450879,10404450925,1,"IOTHUB_CLIENT_CONFIRMATION_OK"
16603,10404451080,10404451120,1,"IOTHUB_CLIENT_CONFIRMATION_OK"
16604,10404451280,10404451317,1,"IOTHUB_CLIENT_CONFIRMATION_OK"
16605,10404451480,10404451521,1,"IOTHUB_CLIENT_CONFIRMATION_OK"
16606,10404451680,10404451730,1,"IOTHUB_CLIENT_CONFIRMATION_OK"
16607,10404451880,10404451922,1,"IOTHUB_CLIENT_CONFIRMATION_OK"
16608,10404452080,10404452118,1,"IOTHUB_CLIENT_CONFIRMATION_OK"
16609,10404452280,10404452347,1,"IOTHUB_CLIENT_CONFIRMATION_OK"
16610,10404452481,10404452518,1,"IOTHUB_CLIENT_CONFIRMATION_OK"
16611,10404452681,10404452726,1,"IOTHUB_CLIENT_CONFIRMATION_OK"
16612,10404452881,10404452945,1,"IOTHUB_CLIENT_CONFIRMATION_OK"
16613,10404453081,10404453120,1,"IOTHUB_CLIENT_CONFIRMATION_OK"
16614,10404453281,10404453359,1,"IOTHUB_CLIENT_CONFIRMATION_OK"
16615,10404453481,10404453536,1,"IOTHUB_CLIENT_CONFIRMATION_OK"
16616,10404453682,10404453720,1,"IOTHUB_CLIENT_CONFIRMATION_OK"
16617,10404453882,10404453971,1,"IOTHUB_CLIENT_CONFIRMATION_OK"
16618,10404454082,10404454119,1,"IOTHUB_CLIENT_CONFIRMATION_OK"
16619,10404454282,10404454326,1,"IOTHUB_CLIENT_CONFIRMATION_OK"
16620,10404454482,10404454584,1,"IOTHUB_CLIENT_CONFIRMATION_OK"
16621,10404454682,10404454720,1,"IOTHUB_CLIENT_CONFIRMATION_OK"
16622,10404454883,10404454929,1,"IOTHUB_CLIENT_CONFIRMATION_OK"
16623,10404455083,10404455124,1,"IOTHUB_CLIENT_CONFIRMATION_OK"
16624,10404455283,10404455332,1,"IOTHUB_CLIENT_CONFIRMATION_OK"
16625,10404455483,10404455647,1,"IOTHUB_CLIENT_CONFIRMATION_OK"
16626,10404455683,10404455726,1,"IOTHUB_CLIENT_CONFIRMATION_OK"
16627,10404455883,10404455919,1,"IOTHUB_CLIENT_CONFIRMATION_OK"
16628,10404456083,10404456258,1,"IOTHUB_CLIENT_CONFIRMATION_OK"
16629,10404456284,10404456348,1,"IOTHUB_CLIENT_CONFIRMATION_OK"
16630,10404456484,10404456532,1,"IOTHUB_CLIENT_CONFIRMATION_OK"
16631,10404456684,10404456724,1,"IOTHUB_CLIENT_CONFIRMATION_OK"
16632,10404456884,10404456935,1,"IOTHUB_CLIENT_CONFIRMATION_OK"
16633,10404457084,10404457122,1,"IOTHUB_CLIENT_CONFIRMATION_OK"
16634,10404457284,10404457348,1,"IOTHUB_CLIENT_CONFIRMATION_OK"
16635,10404457485,10404457525,1,"IOTHUB_CLIENT_CONFIRMATION_OK"
16636,10404457685,10404457724,1,"IOTHUB_CLIENT_CONFIRMATION_OK"
16637,10404457885,10404457992,1,"IOTHUB_CLIENT_CONFIRMATION_OK"
16638,10404458085,10404458121,1,"IOTHUB_CLIENT_CONFIRMATION_OK"
16639,10404458285,10404458492,1,"IOTHUB_CLIENT_CONFIRMATION_OK"
16640,10404458485,10404458527,1,"IOTHUB_CLIENT_CONFIRMATION_OK"
16641,10404458686,10404458722,1,"IOTHUB_CLIENT_CONFIRMATION_OK"
16642,10404458886,10404458923,1,"IOTHUB_CLIENT_CONFIRMATION_OK"
16643,10404459086,10404459126,1,"IOTHUB_CLIENT_CONFIRMATION_OK"
16644,10404459286,10404459330,1,"IOTHUB_CLIENT_CONFIRMATION_OK"
16645,10404459486,10404459525,1,"IOTHUB_CLIENT_CONFIRMATION_OK"
16646,10404459686,10404459758,1,"IOTHUB_CLIENT_CONFIRMATION_OK"
16647,10404459886,10404459925,1,"IOTHUB_CLIENT_CONFIRMATION_OK"
16648,10404460087,10404460142,1,"IOTHUB_CLIENT_CONFIRMATION_OK"
16649,10404460287,10404460329,1,"IOTHUB_CLIENT_CONFIRMATION_OK"
16650,10404460487,10404460534,1,"IOTHUB_CLIENT_CONFIRMATION_OK"
16651,10404460687,10404460759,1,"IOTHUB_CLIENT_CONFIRMATION_OK"
16652,10404460887,10404460934,1,"IOTHUB_CLIENT_CONFIRMATION_OK"
16653,10404461087,10404461159,1,"IOTHUB_CLIENT_CONFIRMATION_OK"
16654,10404461288,10404461335,1,"IOTHUB_CLIENT_CONFIRMATION_OK"
16655,10404461488,10404461527,1,"IOTHUB_CLIENT_CONFIRMATION_OK"
16656,10404461688,10404461775,1,"IOTHUB_CLIENT_CONFIRMATION_OK"
16657,10404461888,10404461950,1,"IOTHUB_CLIENT_CONFIRMATION_OK"
16658,10404462088,10404462125,1,"IOTHUB_CLIENT_CONFIRMATION_OK"
16659,10404462288,10404462382,1,"IOTHUB_CLIENT_CONFIRMATION_OK"
16660,10404462488,10404462582,1,"IOTHUB_CLIENT_CONFIRMATION_OK"
16661,10404462689,10404462728,1,"IOTHUB_CLIENT_CONFIRMATION_OK"
16662,10404462889,10404463003,1,"IOTHUB_CLIENT_CONFIRMATION_OK"
16663,10404463089,10404463129,1,"IOTHUB_CLIENT_CONFIRMATION_OK"
16664,10404463289,10404463337,1,"IOTHUB_CLIENT_CONFIRMATION_OK"
16665,10404463489,10404463540,1,"IOTHUB_CLIENT_CONFIRMATION_OK"
16666,10404463689,10404463725,1,"IOTHUB_CLIENT_CONFIRMATION_OK"
16667,10404463890,10404464034,1,"IOTHUB_CLIENT_CONFIRMATION_OK"
16668,10404464090,10404464139,1,"IOTHUB_CLIENT_CONFIRMATION_OK"
16669,10404464290,10404464329,1,"IOTHUB_CLIENT_CONFIRMATION_OK"
16670,10404464490,10404464645,1,"IOTHUB_CLIENT_CONFIRMATION_OK"
16671,10404464690,10404464725,1,"IOTHUB_CLIENT_CONFIRMATION_OK"
16672,10404464890,10404464931,1,"IOTHUB_CLIENT_CONFIRMATION_OK"
16673,10404465091,10404465131,1,"IOTHUB_CLIENT_CONFIRMATION_OK"
16674,10404465291,10404465357,1,"IOTHUB_CLIENT_CONFIRMATION_OK"
16675,10404465491,10404465543,1,"IOTHUB_CLIENT_CONFIRMATION_OK"
16676,10404465691,10404465735,1,"IOTHUB_CLIENT_CONFIRMATION_OK"
16677,10404465891,10404465932,1,"IOTHUB_CLIENT_CONFIRMATION_OK"
16678,10404466091,10404466131,1,"IOTHUB_CLIENT_CONFIRMATION_OK"
16679,10404466291,10404466329,1,"IOTHUB_CLIENT_CONFIRMATION_OK"
16680,10404466492,10404466548,1,"IOTHUB_CLIENT_CONFIRMATION_OK"
16681,10404466692,10404466800,1,"IOTHUB_CLIENT_CONFIRMATION_OK"
16682,10404466892,10404466949,1,"IOTHUB_CLIENT_CONFIRMATION_OK"
16683,10404467092,10404467129,1,"IOTHUB_CLIENT_CONFIRMATION_OK"
16684,10404467292,10404467331,1,"IOTHUB_CLIENT_CONFIRMATION_OK"
16685,10404467492,10404467533,1,"IOTHUB_CLIENT_CONFIRMATION_OK"
16686,10404467693,10404467731,1,"IOTHUB_CLIENT_CONFIRMATION_OK"
16687,10404467893,10404467931,1,"IOTHUB_CLIENT_CONFIRMATION_OK"
16688,10404468093,10404468134,1,"IOTHUB_CLIENT_CONFIRMATION_OK"
16689,10404468293,10404468343,1,"IOTHUB_CLIENT_CONFIRMATION_OK"
16690,10404468493,10404468530,1,"IOTHUB_CLIENT_CONFIRMATION_OK"
16691,10404468693,10404468739,1,"IOTHUB_CLIENT_CONFIRMATION_OK"
16692,10404468894,10404468934,1,"IOTHUB_CLIENT_CONFIRMATION_OK"
16693,10404469094,10404469142,1,"IOTHUB_CLIENT_CONFIRMATION_OK"
16694,10404469294,10404469351,1,"IOTHUB_CLIENT_CONFIRMATION_OK"
16695,10404469494,10404469531,1,"IOTHUB_CLIENT_CONFIRMATION_OK"
16696,10404469694,10404469742,1,"IOTHUB_CLIENT_CONFIRMATION_OK"
16697,10404469894,10404469947,1,"IOTHUB_CLIENT_CONFIRMATION_OK"
16698,10404470095,10404470153,1,"IOTHUB_CLIENT_CONFIRMATION_OK"
16699,10404470295,10404470325,1,"IOTHUB_CLIENT_CONFIRMATION_OK"
16700,10404470495,10404470533,1,"IOTHUB_CLIENT_CONFIRMATION_OK"
16701,10404470695,10404470804,1,"IOTHUB_CLIENT_CONFIRMATION_OK"
16702,10404470895,10404470942,1,"IOTHUB_CLIENT_CONFIRMATION_OK"
16703,10404471095,10404471134,1,"IOTHUB_CLIENT_CONFIRMATION_OK"
16704,10404471295,10404471399,1,"IOTHUB_CLIENT_CONFIRMATION_OK"
16705,10404471496,10404471534,1,"IOTHUB_CLIENT_CONFIRMATION_OK"
16706,10404471696,10404471736,1,"IOTHUB_CLIENT_CONFIRMATION_OK"
16707,10404471896,10404471940,1,"IOTHUB_CLIENT_CONFIRMATION_OK"
16708,10404472096,10404472148,1,"IOTHUB_CLIENT_CONFIRMATION_OK"
16709,10404472296,10404472334,1,"IOTHUB_CLIENT_CONFIRMATION_OK"
16710,10404472496,10404472540,1,"IOTHUB_CLIENT_CONFIRMATION_OK"
16711,10404472697,10404472735,1,"IOTHUB_CLIENT_CONFIRMATION_OK"
16712,10404472897,10404473017,1,"IOTHUB_CLIENT_CONFIRMATION_OK"
16713,10404473097,10404473136,1,"IOTHUB_CLIENT_CONFIRMATION_OK"
16714,10404473297,10404473334,1,"IOTHUB_CLIENT_CONFIRMATION_OK"
16715,10404473497,10404473627,1,"IOTHUB_CLIENT_CONFIRMATION_OK"
16716,10404473697,10404473738,1,"IOTHUB_CLIENT_CONFIRMATION_OK"
16717,10404473898,10404473951,1,"IOTHUB_CLIENT_CONFIRMATION_OK"
16718,10404474098,10404474138,1,"IOTHUB_CLIENT_CONFIRMATION_OK"
16719,10404474298,10404474337,1,"IOTHUB_CLIENT_CONFIRMATION_OK"
16720,10404474498,10404474537,1,"IOTHUB_CLIENT_CONFIRMATION_OK"
16721,10404474698,10404474753,1,"IOTHUB_CLIENT_CONFIRMATION_OK"
16722,10404474898,10404474938,1,"IOTHUB_CLIENT_CONFIRMATION_OK"
16723,10404475098,10404475149,1,"IOTHUB_CLIENT_CONFIRMATION_OK"
16724,10404475299,10404475344,1,"IOTHUB_CLIENT_CONFIRMATION_OK"
16725,10404475499,10404475541,1,"IOTHUB_CLIENT_CONFIRMATION_OK"
16726,10404475699,10404475882,1,"IOTHUB_CLIENT_CONFIRMATION_OK"
16727,10404475899,10404475938,1,"IOTHUB_CLIENT_CONFIRMATION_OK"
16728,10404476099,10404476134,1,"IOTHUB_CLIENT_CONFIRMATION_OK"
16729,10404476299,10404476384,1,"IOTHUB_CLIENT_CONFIRMATION_OK"
16730,10404476500,10404476541,1,"IOTHUB_CLIENT_CONFIRMATION_OK"
16731,10404476700,10404476774,1,"IOTHUB_CLIENT_CONFIRMATION_OK"
16732,10404476900,10404477000,1,"IOTHUB_CLIENT_CONFIRMATION_OK"
16733,10404477100,10404477130,1,"IOTHUB_CLIENT_CONFIRMATION_OK"
16734,10404477300,10404477341,1,"IOTHUB_CLIENT_CONFIRMATION_OK"
16735,10404477500,10404477567,1,"IOTHUB_CLIENT_CONFIRMATION_OK"
16736,10404477701,10404477738,1,"IOTHUB_CLIENT_CONFIRMATION_OK"
16737,10404477901,10404477955,1,"IOTHUB_CLIENT_CONFIRMATION_OK"
16738,10404478101,10404478147,1,"IOTHUB_CLIENT_CONFIRMATION_OK"
16739,10404478301,10404478345,1,"IOTHUB_CLIENT_CONFIRMATION_OK"
16740,10404478501,10404478626,1,"IOTHUB_CLIENT_CONFIRMATION_OK"
16741,10404478701,10404478742,1,"IOTHUB_CLIENT_CONFIRMATION_OK"
16742,10404478902,10404478946,1,"IOTHUB_CLIENT_CONFIRMATION_OK"
16743,10404479102,10404479226,1,"IOTHUB_CLIENT_CONFIRMATION_OK"
16744,10404479302,10404479339,1,"IOTHUB_CLIENT_CONFIRMATION_OK"
16745,10404479502,10404479544,1,"IOTHUB_CLIENT_CONFIRMATION_OK"
16746,10404479702,10404479755,1,"IOTHUB_CLIENT_CONFIRMATION_OK"
16747,10404479902,10404479946,1,"IOTHUB_CLIENT_CONFIRMATION_OK"
16748,10404480103,10404480143,1,"IOTHUB_CLIENT_CONFIRMATION_OK"
16749,10404480303,10404480380,1,"IOTHUB_CLIENT_CONFIRMATION_OK"
16750,10404480503,10404480544,1,"IOTHUB_CLIENT_CONFIRMATION_OK"
16751,10404480703,10404480760,1,"IOTHUB_CLIENT_CONFIRMATION_OK"
16752,10404480903,10404480942,1,"IOTHUB_CLIENT_CONFIRMATION_OK"
16753,10404481103,10404481147,1,"IOTHUB_CLIENT_CONFIRMATION_OK"
16754,10404481303,10404481458,1,"IOTHUB_CLIENT_CONFIRMATION_OK"
16755,10404481504,10404481550,1,"IOTHUB_CLIENT_CONFIRMATION_OK"
16756,10404481704,10404481747,1,"IOTHUB_CLIENT_CONFIRMATION_OK"
16757,10404481904,10404482077,1,"IOTHUB_CLIENT_CONFIRMATION_OK"
16758,10404482104,10404482156,1,"IOTHUB_CLIENT_CONFIRMATION_OK"
16759,10404482304,10404482342,1,"IOTHUB_CLIENT_CONFIRMATION_OK"
16760,10404482504,10404482549,1,"IOTHUB_CLIENT_CONFIRMATION_OK"
16761,10404482705,10404482740,1,"IOTHUB_CLIENT_CONFIRMATION_OK"
16762,10404482905,10404482942,1,"IOTHUB_CLIENT_CONFIRMATION_OK"
16763,10404483105,10404483157,1,"IOTHUB_CLIENT_CONFIRMATION_OK"
16764,10404483305,10404483345,1,"IOTHUB_CLIENT_CONFIRMATION_OK"
16765,10404483505,10404483543,1,"IOTHUB_CLIENT_CONFIRMATION_OK"
16766,10404483706,10404483746,1,"IOTHUB_CLIENT_CONFIRMATION_OK"
16767,10404483906,10404483946,1,"IOTHUB_CLIENT_CONFIRMATION_OK"
16768,10404484106,10404484304,1,"IOTHUB_CLIENT_CONFIRMATION_OK"
16769,10404484306,10404484337,1,"IOTHUB_CLIENT_CONFIRMATION_OK"
16770,10404484506,10404484577,1,"IOTHUB_CLIENT_CONFIRMATION_OK"
16771,10404484706,10404484780,1,"IOTHUB_CLIENT_CONFIRMATION_OK"
16772,10404484907,10404484946,1,"IOTHUB_CLIENT_CONFIRMATION_OK"
16773,10404485107,10404485142,1,"IOTHUB_CLIENT_CONFIRMATION_OK"
16774,10404485307,10404485347,1,"IOTHUB_CLIENT_CONFIRMATION_OK"
16775,10404485507,10404485553,1,"IOTHUB_CLIENT_CONFIRMATION_OK"
16776,10404485707,10404485751,1,"IOTHUB_CLIENT_CONFIRMATION_OK"
16777,10404485907,10404485952,1,"IOTHUB_CLIENT_CONFIRMATION_OK"
16778,10404486108,10404486148,1,"IOTHUB_CLIENT_CONFIRMATION_OK"
16779,10404486308,10404486346,1,"IOTHUB_CLIENT_CONFIRMATION_OK"
16780,10404486508,10404486549,1,"IOTHUB_CLIENT_CONFIRMATION_OK"
16781,10404486708,10404486744,1,"IOTHUB_CLIENT_CONFIRMATION_OK"
16782,10404486908,10404486947,1,"IOTHUB_CLIENT_CONFIRMATION_OK"
16783,10404487108,10404487150,1,"IOTHUB_CLIENT_CONFIRMATION_OK"
16784,10404487308,10404487369,1,"IOTHUB_CLIENT_CONFIRMATION_OK"
16785,10404487509,10404487598,1,"IOTHUB_CLIENT_CONFIRMATION_OK"
16786,10404487709,10404487751,1,"IOTHUB_CLIENT_CONFIRMATION_OK"
16787,10404487909,10404487960,1,"IOTHUB_CLIENT_CONFIRMATION_OK"
16788,10404488109,10404488172,1,"IOTHUB_CLIENT_CONFIRMATION_OK"
16789,10404488309,10404488353,1,"IOTHUB_CLIENT_CONFIRMATION_OK"
16790,10404488509,10404488556,1,"IOTHUB_CLIENT_CONFIRMATION_OK"
16791,10404488710,10404488779,1,"IOTHUB_CLIENT_CONFIRMATION_OK"
16792,10404488910,10404488952,1,"IOTHUB_CLIENT_CONFIRMATION_OK"
16793,10404489110,10404489148,1,"IOTHUB_CLIENT_CONFIRMATION_OK"
16794,10404489310,10404489367,1,"IOTHUB_CLIENT_CONFIRMATION_OK"
16795,10404489510,10404489569,1,"IOTHUB_CLIENT_CONFIRMATION_OK"
16796,10404489710,10404489806,1,"IOTHUB_CLIENT_CONFIRMATION_OK"
16797,10404489910,10404489949,1,"IOTHUB_CLIENT_CONFIRMATION_OK"
16798,10404490111,10404490154,1,"IOTHUB_CLIENT_CONFIRMATION_OK"
16799,10404490311,10404490372,1,"IOTHUB_CLIENT_CONFIRMATION_OK"
16800,10404490511,10404490550,1,"IOTHUB_CLIENT_CONFIRMATION_OK"
16801,10404490711,10404490754,1,"IOTHUB_CLIENT_CONFIRMATION_OK"
16802,10404490911,10404491026,1,"IOTHUB_CLIENT_CONFIRMATION_OK"
16803,10404491111,10404491150,1,"IOTHUB_CLIENT_CONFIRMATION_OK"
16804,10404491312,10404491350,1,"IOTHUB_CLIENT_CONFIRMATION_OK"
16805,10404491512,10404491548,1,"IOTHUB_CLIENT_CONFIRMATION_OK"
16806,10404491712,10404491783,1,"IOTHUB_CLIENT_CONFIRMATION_OK"
16807,10404491912,10404491956,1,"IOTHUB_CLIENT_CONFIRMATION_OK"
16808,10404492112,10404492154,1,"IOTHUB_CLIENT_CONFIRMATION_OK"
16809,10404492312,10404492358,1,"IOTHUB_CLIENT_CONFIRMATION_OK"
16810,10404492513,10404492671,1,"IOTHUB_CLIENT_CONFIRMATION_OK"
16811,10404492713,10404492757,1,"IOTHUB_CLIENT_CONFIRMATION_OK"
16812,10404492913,10404492992,1,"IOTHUB_CLIENT_CONFIRMATION_OK"
16813,10404493113,10404493275,1,"IOTHUB_CLIENT_CONFIRMATION_OK"
16814,10404493313,10404493361,1,"IOTHUB_CLIENT_CONFIRMATION_OK"
16815,10404493513,10404493555,1,"IOTHUB_CLIENT_CONFIRMATION_OK"
16816,10404493713,10404493754,1,"IOTHUB_CLIENT_CONFIRMATION_OK"
16817,10404493914,10404493972,1,"IOTHUB_CLIENT_CONFIRMATION_OK"
16818,10404494114,10404494153,1,"IOTHUB_CLIENT_CONFIRMATION_OK"
16819,10404494314,10404494354,1,"IOTHUB_CLIENT_CONFIRMATION_OK"
16820,10404494514,10404494580,1,"IOTHUB_CLIENT_CONFIRMATION_OK"
16821,10404494714,10404494806,1,"IOTHUB_CLIENT_CONFIRMATION_OK"
16822,10404494914,10404494956,1,"IOTHUB_CLIENT_CONFIRMATION_OK"
16823,10404495115,10404495157,1,"IOTHUB_CLIENT_CONFIRMATION_OK"
16824,10404495315,10404495365,1,"IOTHUB_CLIENT_CONFIRMATION_OK"
16825,10404495515,10404495577,1,"IOTHUB_CLIENT_CONFIRMATION_OK"
16826,10404495715,10404495755,1,"IOTHUB_CLIENT_CONFIRMATION_OK"
16827,10404495915,10404495999,1,"IOTHUB_CLIENT_CONFIRMATION_OK"
16828,10404496115,10404496155,1,"IOTHUB_CLIENT_CONFIRMATION_OK"
16829,10404496316,10404496356,1,"IOTHUB_CLIENT_CONFIRMATION_OK"
16830,10404496516,10404496563,1,"IOTHUB_CLIENT_CONFIRMATION_OK"
16831,10404496716,10404496760,1,"IOTHUB_CLIENT_CONFIRMATION_OK"
16832,10404496916,10404496960,1,"IOTHUB_CLIENT_CONFIRMATION_OK"
16833,10404497116,10404497192,1,"IOTHUB_CLIENT_CONFIRMATION_OK"
16834,10404497316,10404497354,1,"IOTHUB_CLIENT_CONFIRMATION_OK"
16835,10404497516,10404497566,1,"IOTHUB_CLIENT_CONFIRMATION_OK"
16836,10404497717,10404497828,1,"IOTHUB_CLIENT_CONFIRMATION_OK"
16837,10404497917,10404497962,1,"IOTHUB_CLIENT_CONFIRMATION_OK"
16838,10404498117,10404498159,1,"IOTHUB_CLIENT_CONFIRMATION_OK"
16839,10404498317,10404498361,1,"IOTHUB_CLIENT_CONFIRMATION_OK"
16840,10404498517,10404498562,1,"IOTHUB_CLIENT_CONFIRMATION_OK"
16841,10404498717,10404498893,1,"IOTHUB_CLIENT_CONFIRMATION_OK"
16842,10404498918,10404498957,1,"IOTHUB_CLIENT_CONFIRMATION_OK"
16843,10404499118,10404499154,1,"IOTHUB_CLIENT_CONFIRMATION_OK"
16844,10404499318,10404499354,1,"IOTHUB_CLIENT_CONFIRMATION_OK"
16845,10404499518,10404499561,1,"IOTHUB_CLIENT_CONFIRMATION_OK"
16846,10404499718,10404499846,1,"IOTHUB_CLIENT_CONFIRMATION_OK"
16847,10404499918,10404499969,1,"IOTHUB_CLIENT_CONFIRMATION_OK"
16848,10404500119,10404500154,1,"IOTHUB_CLIENT_CONFIRMATION_OK"
16849,10404500319,10404500373,1,"IOTHUB_CLIENT_CONFIRMATION_OK"
16850,10404500519,10404500565,1,"IOTHUB_CLIENT_CONFIRMATION_OK"
16851,10404500719,10404500758,1,"IOTHUB_CLIENT_CONFIRMATION_OK"
16852,10404500919,10404500963,1,"IOTHUB_CLIENT_CONFIRMATION_OK"
16853,10404501119,10404501165,1,"IOTHUB_CLIENT_CONFIRMATION_OK"
16854,10404501319,10404501360,1,"IOTHUB_CLIENT_CONFIRMATION_OK"
16855,10404501520,10404501676,1,"IOTHUB_CLIENT_CONFIRMATION_OK"
16856,10404501720,10404501757,1,"IOTHUB_CLIENT_CONFIRMATION_OK"
16857,10404501920,10404501957,1,"IOTHUB_CLIENT_CONFIRMATION_OK"
16858,10404502120,10404502260,1,"IOTHUB_CLIENT_CONFIRMATION_OK"
16859,10404502320,10404502358,1,"IOTHUB_CLIENT_CONFIRMATION_OK"
16860,10404502520,10404502560,1,"IOTHUB_CLIENT_CONFIRMATION_OK"
16861,10404502721,10404502761,1,"IOTHUB_CLIENT_CONFIRMATION_OK"
16862,10404502921,10404502966,1,"IOTHUB_CLIENT_CONFIRMATION_OK"
16863,10404503121,10404503164,1,"IOTHUB_CLIENT_CONFIRMATION_OK"
16864,10404503321,10404503371,1,"IOTHUB_CLIENT_CONFIRMATION_OK"
16865,10404503521,10404503561,1,"IOTHUB_CLIENT_CONFIRMATION_OK"
16866,10404503721,10404503776,1,"IOTHUB_CLIENT_CONFIRMATION_OK"
16867,10404503921,10404503967,1,"IOTHUB_CLIENT_CONFIRMATION_OK"
16868,10404504122,10404504180,1,"IOTHUB_CLIENT_CONFIRMATION_OK"
16869,10404504322,10404504508,1,"IOTHUB_CLIENT_CONFIRMATION_OK"
16870,10404504522,10404504611,1,"IOTHUB_CLIENT_CONFIRMATION_OK"
16871,10404504722,10404504763,1,"IOTHUB_CLIENT_CONFIRMATION_OK"
16872,10404504922,10404504963,1,"IOTHUB_CLIENT_CONFIRMATION_OK"
16873,10404505122,10404505165,1,"IOTHUB_CLIENT_CONFIRMATION_OK"
16874,10404505323,10404505375,1,"IOTHUB_CLIENT_CONFIRMATION_OK"
16875,10404505523,10404505746,1,"IOTHUB_CLIENT_CONFIRMATION_OK"
16876,10404505723,10404505774,1,"IOTHUB_CLIENT_CONFIRMATION_OK"
16877,10404505923,10404505962,1,"IOTHUB_CLIENT_CONFIRMATION_OK"
16878,10404506123,10404506189,1,"IOTHUB_CLIENT_CONFIRMATION_OK"
16879,10404506323,10404506364,1,"IOTHUB_CLIENT_CONFIRMATION_OK"
16880,10404506523,10404506566,1,"IOTHUB_CLIENT_CONFIRMATION_OK"
16881,10404506724,10404506769,1,"IOTHUB_CLIENT_CONFIRMATION_OK"
16882,10404506924,10404506968,1,"IOTHUB_CLIENT_CONFIRMATION_OK"
16883,10404507124,10404507201,1,"IOTHUB_CLIENT_CONFIRMATION_OK"
16884,10404507324,10404507368,1,"IOTHUB_CLIENT_CONFIRMATION_OK"
16885,10404507524,10404507599,1,"IOTHUB_CLIENT_CONFIRMATION_OK"
16886,10404507724,10404507811,1,"IOTHUB_CLIENT_CONFIRMATION_OK"
16887,10404507924,10404507967,1,"IOTHUB_CLIENT_CONFIRMATION_OK"
16888,10404508125,10404508162,1,"IOTHUB_CLIENT_CONFIRMATION_OK"
16889,10404508325,10404508420,1,"IOTHUB_CLIENT_CONFIRMATION_OK"
16890,10404508525,10404508563,1,"IOTHUB_CLIENT_CONFIRMATION_OK"
16891,10404508725,10404508771,1,"IOTHUB_CLIENT_CONFIRMATION_OK"
16892,10404508925,10404508962,1,"IOTHUB_CLIENT_CONFIRMATION_OK"
16893,10404509126,10404509172,1,"IOTHUB_CLIENT_CONFIRMATION_OK"
16894,10404509326,10404509369,1,"IOTHUB_CLIENT_CONFIRMATION_OK"
16895,10404509526,10404509563,1,"IOTHUB_CLIENT_CONFIRMATION_OK"
16896,10404509726,10404509764,1,"IOTHUB_CLIENT_CONFIRMATION_OK"
16897,10404509926,10404510070,1,"IOTHUB_CLIENT_CONFIRMATION_OK"
16898,10404510126,10404510166,1,"IOTHUB_CLIENT_CONFIRMATION_OK"
16899,10404510326,10404510372,1,"IOTHUB_CLIENT_CONFIRMATION_OK"
16900,10404510527,10404510664,1,"IOTHUB_CLIENT_CONFIRMATION_OK"
16901,10404510727,10404510765,1,"IOTHUB_CLIENT_CONFIRMATION_OK"
16902,10404510927,10404510968,1,"IOTHUB_CLIENT_CONFIRMATION_OK"
16903,10404511127,10404511171,1,"IOTHUB_CLIENT_CONFIRMATION_OK"
16904,10404511327,10404511372,1,"IOTHUB_CLIENT_CONFIRMATION_OK"
16905,10404511527,10404511577,1,"IOTHUB_CLIENT_CONFIRMATION_OK"
16906,10404511728,10404511765,1,"IOTHUB_CLIENT_CONFIRMATION_OK"
16907,10404511928,10404511969,1,"IOTHUB_CLIENT_CONFIRMATION_OK"
16908,10404512128,10404512181,1,"IOTHUB_CLIENT_CONFIRMATION_OK"
16909,10404512328,10404512388,1,"IOTHUB_CLIENT_CONFIRMATION_OK"
16910,10404512528,10404512572,1,"IOTHUB_CLIENT_CONFIRMATION_OK"
16911,10404512728,10404512784,1,"IOTHUB_CLIENT_CONFIRMATION_OK"
16912,10404512929,10404512980,1,"IOTHUB_CLIENT_CONFIRMATION_OK"
16913,10404513129,10404513173,1,"IOTHUB_CLIENT_CONFIRMATION_OK"
16914,10404513329,10404513472,1,"IOTHUB_CLIENT_CONFIRMATION_OK"
16915,10404513529,10404513570,1,"IOTHUB_CLIENT_CONFIRMATION_OK"
16916,10404513729,10404513764,1,"IOTHUB_CLIENT_CONFIRMATION_OK"
16917,10404513929,10404514073,1,"IOTHUB_CLIENT_CONFIRMATION_OK"
16918,10404514129,10404514173,1,"IOTHUB_CLIENT_CONFIRMATION_OK"
16919,10404514330,10404514370,1,"IOTHUB_CLIENT_CONFIRMATION_OK"
16920,10404514530,10404514575,1,"IOTHUB_CLIENT_CONFIRMATION_OK"
16921,10404514730,10404514770,1,"IOTHUB_CLIENT_CONFIRMATION_OK"
16922,10404514930,10404514973,1,"IOTHUB_CLIENT_CONFIRMATION_OK"
16923,10404515130,10404515166,1,"IOTHUB_CLIENT_CONFIRMATION_OK"
16924,10404515330,10404515373,1,"IOTHUB_CLIENT_CONFIRMATION_OK"
16925,10404515531,10404515739,1,"IOTHUB_CLIENT_CONFIRMATION_OK"
16926,10404515731,10404515774,1,"IOTHUB_CLIENT_CONFIRMATION_OK"
16927,10404515931,10404515980,1,"IOTHUB_CLIENT_CONFIRMATION_OK"
16928,10404516131,10404516176,1,"IOTHUB_CLIENT_CONFIRMATION_OK"
16929,10404516331,10404516388,1,"IOTHUB_CLIENT_CONFIRMATION_OK"
16930,10404516531,10404516567,1,"IOTHUB_CLIENT_CONFIRMATION_OK"
16931,10404516731,10404516867,1,"IOTHUB_CLIENT_CONFIRMATION_OK"
16932,10404516932,10404516977,1,"IOTHUB_CLIENT_CONFIRMATION_OK"
16933,10404517132,10404517162,1,"IOTHUB_CLIENT_CONFIRMATION_OK"
16934,10404517332,10404517373,1,"IOTHUB_CLIENT_CONFIRMATION_OK"
16935,10404517532,10404517573,1,"IOTHUB_CLIENT_CONFIRMATION_OK"
16936,10404517732,10404517771,1,"IOTHUB_CLIENT_CONFIRMATION_OK"
16937,10404517932,10404517973,1,"IOTHUB_CLIENT_CONFIRMATION_OK"
16938,10404518133,10404518175,1,"IOTHUB_CLIENT_CONFIRMATION_OK"
16939,10404518333,10404518371,1,"IOTHUB_CLIENT_CONFIRMATION_OK"
16940,10404518533,10404518574,1,"IOTHUB_CLIENT_CONFIRMATION_OK"
16941,10404518733,10404518769,1,"IOTHUB_CLIENT_CONFIRMATION_OK"
16942,10404518933,10404519002,1,"IOTHUB_CLIENT_CONFIRMATION_OK"
16943,10404519133,10404519177,1,"IOTHUB_CLIENT_CONFIRMATION_OK"
16944,10404519334,10404519374,1,"IOTHUB_CLIENT_CONFIRMATION_OK"
16945,10404519534,10404519661,1,"IOTHUB_CLIENT_CONFIRMATION_OK"
16946,10404519734,10404519774,1,"IOTHUB_CLIENT_CONFIRMATION_OK"
16947,10404519934,10404519974,1,"IOTHUB_CLIENT_CONFIRMATION_OK"
16948,10404520134,10404520221,1,"IOTHUB_CLIENT_CONFIRMATION_OK"
16949,10404520334,10404520374,1,"IOTHUB_CLIENT_CONFIRMATION_OK"
16950,10404520535,10404520571,1,"IOTHUB_CLIENT_CONFIRMATION_OK"
16951,10404520735,10404520803,1,"IOTHUB_CLIENT_CONFIRMATION_OK"
16952,10404520935,10404520996,1,"IOTHUB_CLIENT_CONFIRMATION_OK"
16953,10404521135,10404521239,1,"IOTHUB_CLIENT_CONFIRMATION_OK"
16954,10404521335,10404521373,1,"IOTHUB_CLIENT_CONFIRMATION_OK"
16955,10404521535,10404521581,1,"IOTHUB_CLIENT_CONFIRMATION_OK"
16956,10404521736,10404521963,1,"IOTHUB_CLIENT_CONFIRMATION_OK"
16957,10404521936,10404521991,1,"IOTHUB_CLIENT_CONFIRMATION_OK"
16958,10404522136,10404522178,1,"IOTHUB_CLIENT_CONFIRMATION_OK"
16959,10404522336,10404522468,1,"IOTHUB_CLIENT_CONFIRMATION_OK"
16960,10404522536,10404522586,1,"IOTHUB_CLIENT_CONFIRMATION_OK"
16961,10404522736,10404522777,1,"IOTHUB_CLIENT_CONFIRMATION_OK"
16962,10404522936,10404522966,1,"IOTHUB_CLIENT_CONFIRMATION_OK"
16963,10404523137,10404523179,1,"IOTHUB_CLIENT_CONFIRMATION_OK"
16964,10404523337,10404523376,1,"IOTHUB_CLIENT_CONFIRMATION_OK"
16965,10404523537,10404523586,1,"IOTHUB_CLIENT_CONFIRMATION_OK"
16966,10404523737,10404523778,1,"IOTHUB_CLIENT_CONFIRMATION_OK"
16967,10404523937,10404523979,1,"IOTHUB_CLIENT_CONFIRMATION_OK"
16968,10404524137,10404524180,1,"IOTHUB_CLIENT_CONFIRMATION_OK"
16969,10404524337,10404524377,1,"IOTHUB_CLIENT_CONFIRMATION_OK"
16970,10404524538,10404524709,1,"IOTHUB_CLIENT_CONFIRMATION_OK"
16971,10404524738,10404524791,1,"IOTHUB_CLIENT_CONFIRMATION_OK"
16972,10404524938,10404524979,1,"IOTHUB_CLIENT_CONFIRMATION_OK"
16973,10404525138,10404525178,1,"IOTHUB_CLIENT_CONFIRMATION_OK"
16974,10404525338,10404525386,1,"IOTHUB_CLIENT_CONFIRMATION_OK"
16975,10404525538,10404525577,1,"IOTHUB_CLIENT_CONFIRMATION_OK"
16976,10404525739,10404525781,1,"IOTHUB_CLIENT_CONFIRMATION_OK"
16977,10404525939,10404525976,1,"IOTHUB_CLIENT_CONFIRMATION_OK"
16978,10404526139,10404526178,1,"IOTHUB_CLIENT_CONFIRMATION_OK"
16979,10404526339,10404526383,1,"IOTHUB_CLIENT_CONFIRMATION_OK"
16980,10404526539,10404526603,1,"IOTHUB_CLIENT_CONFIRMATION_OK"
16981,10404526739,10404526777,1,"IOTHUB_CLIENT_CONFIRMATION_OK"
16982,10404526940,10404527100,1,"IOTHUB_CLIENT_CONFIRMATION_OK"
16983,10404527140,10404527177,1,"IOTHUB_CLIENT_CONFIRMATION_OK"
16984,10404527340,10404527486,1,"IOTHUB_CLIENT_CONFIRMATION_OK"
16985,10404527540,10404527587,1,"IOTHUB_CLIENT_CONFIRMATION_OK"
16986,10404527740,10404527785,1,"IOTHUB_CLIENT_CONFIRMATION_OK"
16987,10404527940,10404528102,1,"IOTHUB_CLIENT_CONFIRMATION_OK"
16988,10404528140,10404528179,1,"IOTHUB_CLIENT_CONFIRMATION_OK"
16989,10404528341,10404528385,1,"IOTHUB_CLIENT_CONFIRMATION_OK"
16990,10404528541,10404528586,1,"IOTHUB_CLIENT_CONFIRMATION_OK"
16991,10404528741,10404528787,1,"IOTHUB_CLIENT_CONFIRMATION_OK"
16992,10404528941,10404528989,1,"IOTHUB_CLIENT_CONFIRMATION_OK"
16993,10404529141,10404529172,1,"IOTHUB_CLIENT_CONFIRMATION_OK"
16994,10404529341,10404529387,1,"IOTHUB_CLIENT_CONFIRMATION_OK"
16995,10404529542,10404529584,1,"IOTHUB_CLIENT_CONFIRMATION_OK"
16996,10404529742,10404529780,1,"IOTHUB_CLIENT_CONFIRMATION_OK"
16997,10404529942,10404529995,1,"IOTHUB_CLIENT_CONFIRMATION_OK"
16998,10404530142,10404530327,1,"IOTHUB_CLIENT_CONFIRMATION_OK"
16999,10404530342,10404530408,1,"IOTHUB_CLIENT_CONFIRMATION_OK"
17000,10404530542,10404530587,1,"IOTHUB_CLIENT_CONFIRMATION_OK"
17001,10404530743,10404530779,1,"IOTHUB_CLIENT_CONFIRMATION_OK"
17002,10404530943,10404531018,1,"IOTHUB_CLIENT_CONFIRMATION_OK"
17003,10404531143,10404531184,1,"IOTHUB_CLIENT_CONFIRMATION_OK"
17004,10404531343,10404531429,1,"IOTHUB_CLIENT_CONFIRMATION_OK"
17005,10404531543,10404531588,1,"IOTHUB_CLIENT_CONFIRMATION_OK"
17006,10404531743,10404531782,1,"IOTHUB_CLIENT_CONFIRMATION_OK"
17007,10404531943,10404531991,1,"IOTHUB_CLIENT_CONFIRMATION_OK"
17008,10404532144,10404532184,1,"IOTHUB_CLIENT_CONFIRMATION_OK"
17009,10404532344,10404532387,1,"IOTHUB_CLIENT_CONFIRMATION_OK"
17010,10404532544,10404532587,1,"IOTHUB_CLIENT_CONFIRMATION_OK"
17011,10404532744,10404532797,1,"IOTHUB_CLIENT_CONFIRMATION_OK"
17012,10404532944,10404533075,1,"IOTHUB_CLIENT_CONFIRMATION_OK"
17013,10404533144,10404533186,1,"IOTHUB_CLIENT_CONFIRMATION_OK"
17014,10404533345,10404533401,1,"IOTHUB_CLIENT_CONFIRMATION_OK"
17015,10404533545,10404533674,1,"IOTHUB_CLIENT_CONFIRMATION_OK"
17016,10404533745,10404533793,1,"IOTHUB_CLIENT_CONFIRMATION_OK"
17017,10404533945,10404533989,1,"IOTHUB_CLIENT_CONFIRMATION_OK"
17018,10404534145,10404534189,1,"IOTHUB_CLIENT_CONFIRMATION_OK"
17019,10404534345,10404534387,1,"IOTHUB_CLIENT_CONFIRMATION_OK"
17020,10404534546,10404534583,1,"IOTHUB_CLIENT_CONFIRMATION_OK"
17021,10404534746,10404534791,1,"IOTHUB_CLIENT_CONFIRMATION_OK"
17022,10404534946,10404534978,1,"IOTHUB_CLIENT_CONFIRMATION_OK"
17023,10404535146,10404535186,1,"IOTHUB_CLIENT_CONFIRMATION_OK"
17024,10404535346,10404535404,1,"IOTHUB_CLIENT_CONFIRMATION_OK"
17025,10404535546,10404535585,1,"IOTHUB_CLIENT_CONFIRMATION_OK"
17026,10404535746,10404535929,1,"IOTHUB_CLIENT_CONFIRMATION_OK"
17027,10404535947,10404535988,1,"IOTHUB_CLIENT_CONFIRMATION_OK"
17028,10404536147,10404536176,1,"IOTHUB_CLIENT_CONFIRMATION_OK"
17029,10404536347,10404536452,1,"IOTHUB_CLIENT_CONFIRMATION_OK"
17030,10404536547,10404536589,1,"IOTHUB_CLIENT_CONFIRMATION_OK"
17031,10404536747,10404536803,1,"IOTHUB_CLIENT_CONFIRMATION_OK"
17032,10404536947,10404536987,1,"IOTHUB_CLIENT_CONFIRMATION_OK"
17033,10404537147,10404537187,1,"IOTHUB_CLIENT_CONFIRMATION_OK"
17034,10404537348,10404537399,1,"IOTHUB_CLIENT_CONFIRMATION_OK"
17035,10404537548,10404537619,1,"IOTHUB_CLIENT_CONFIRMATION_OK"
17036,10404537748,10404537790,1,"IOTHUB_CLIENT_CONFIRMATION_OK"
17037,10404537948,10404538000,1,"IOTHUB_CLIENT_CONFIRMATION_OK"
17038,10404538148,10404538223,1,"IOTHUB_CLIENT_CONFIRMATION_OK"
17039,10404538348,10404538378,1,"IOTHUB_CLIENT_CONFIRMATION_OK"
17040,10404538549,10404538604,1,"IOTHUB_CLIENT_CONFIRMATION_OK"
17041,10404538749,10404538793,1,"IOTHUB_CLIENT_CONFIRMATION_OK"
17042,10404538949,10404538993,1,"IOTHUB_CLIENT_CONFIRMATION_OK"
17043,10404539149,10404539189,1,"IOTHUB_CLIENT_CONFIRMATION_OK"
17044,10404539349,10404539407,1,"IOTHUB_CLIENT_CONFIRMATION_OK"
17045,10404539549,10404539592,1,"IOTHUB_CLIENT_CONFIRMATION_OK"
17046,10404539750,10404539820,1,"IOTHUB_CLIENT_CONFIRMATION_OK"
17047,10404539950,10404539982,1,"IOTHUB_CLIENT_CONFIRMATION_OK"
17048,10404540150,10404540199,1,"IOTHUB_CLIENT_CONFIRMATION_OK"
17049,10404540350,10404540437,1,"IOTHUB_CLIENT_CONFIRMATION_OK"
17050,10404540550,10404540599,1,"IOTHUB_CLIENT_CONFIRMATION_OK"
17051,10404540750,10404540788,1,"IOTHUB_CLIENT_CONFIRMATION_OK"
17052,10404540951,10404541072,1,"IOTHUB_CLIENT_CONFIRMATION_OK"
17053,10404541151,10404541189,1,"IOTHUB_CLIENT_CONFIRMATION_OK"
17054,10404541351,10404541513,1,"IOTHUB_CLIENT_CONFIRMATION_OK"
17055,10404541551,10404541598,1,"IOTHUB_CLIENT_CONFIRMATION_OK"
17056,10404541751,10404541790,1,"IOTHUB_CLIENT_CONFIRMATION_OK"
17057,10404541951,10404542113,1,"IOTHUB_CLIENT_CONFIRMATION_OK"
17058,10404542152,10404542224,1,"IOTHUB_CLIENT_CONFIRMATION_OK"
17059,10404542352,10404542399,1,"IOTHUB_CLIENT_CONFIRMATION_OK"
17060,10404542552,10404542602,1,"IOTHUB_CLIENT_CONFIRMATION_OK"
17061,10404542752,10404542825,1,"IOTHUB_CLIENT_CONFIRMATION_OK"
17062,10404542952,10404542995,1,"IOTHUB_CLIENT_CONFIRMATION_OK"
17063,10404543152,10404543195,1,"IOTHUB_CLIENT_CONFIRMATION_OK"
17064,10404543352,10404543383,1,"IOTHUB_CLIENT_CONFIRMATION_OK"
17065,10404543553,10404543593,1,"IOTHUB_CLIENT_CONFIRMATION_OK"
17066,10404543753,10404543792,1,"IOTHUB_CLIENT_CONFIRMATION_OK"
17067,10404543953,10404543993,1,"IOTHUB_CLIENT_CONFIRMATION_OK"
17068,10404544153,10404544341,1,"IOTHUB_CLIENT_CONFIRMATION_OK"
17069,10404544353,10404544397,1,"IOTHUB_CLIENT_CONFIRMATION_OK"
17070,10404544553,10404544592,1,"IOTHUB_CLIENT_CONFIRMATION_OK"
17071,10404544754,10404544789,1,"IOTHUB_CLIENT_CONFIRMATION_OK"
17072,10404544954,10404545689,1,"IOTHUB_CLIENT_CONFIRMATION_OK"
17073,10404545154,10404545748,1,"IOTHUB_CLIENT_CONFIRMATION_OK"
17074,10404545354,10404545799,1,"IOTHUB_CLIENT_CONFIRMATION_OK"
17075,10404545554,10404545871,1,"IOTHUB_CLIENT_CONFIRMATION_OK"
17076,10404545754,10404545936,1,"IOTHUB_CLIENT_CONFIRMATION_OK"
17077,10404545955,10404546019,1,"IOTHUB_CLIENT_CONFIRMATION_OK"
17078,10404546155,10404546206,1,"IOTHUB_CLIENT_CONFIRMATION_OK"
17079,10404546355,10404546394,1,"IOTHUB_CLIENT_CONFIRMATION_OK"
17080,10404546555,10404546612,1,"IOTHUB_CLIENT_CONFIRMATION_OK"
17081,10404546755,10404546795,1,"IOTHUB_CLIENT_CONFIRMATION_OK"
17082,10404546955,10404546995,1,"IOTHUB_CLIENT_CONFIRMATION_OK"
17083,10404547155,10404547216,1,"IOTHUB_CLIENT_CONFIRMATION_OK"
17084,10404547356,10404547402,1,"IOTHUB_CLIENT_CONFIRMATION_OK"
17085,10404547556,10404547597,1,"IOTHUB_CLIENT_CONFIRMATION_OK"
17086,10404547756,10404547799,1,"IOTHUB_CLIENT_CONFIRMATION_OK"
17087,10404547956,10404548002,1,"IOTHUB_CLIENT_CONFIRMATION_OK"
17088,10404548156,10404548205,1,"IOTHUB_CLIENT_CONFIRMATION_OK"
17089,10404548356,10404548425,1,"IOTHUB_CLIENT_CONFIRMATION_OK"
17090,10404548557,10404548605,1,"IOTHUB_CLIENT_CONFIRMATION_OK"
17091,10404548757,10404548833,1,"IOTHUB_CLIENT_CONFIRMATION_OK"
17092,10404548957,10404548994,1,"IOTHUB_CLIENT_CONFIRMATION_OK"
17093,10404549157,10404549201,1,"IOTHUB_CLIENT_CONFIRMATION_OK"
17094,10404549357,10404549424,1,"IOTHUB_CLIENT_CONFIRMATION_OK"
17095,10404549557,10404549606,1,"IOTHUB_CLIENT_CONFIRMATION_OK"
17096,10404549757,10404549801,1,"IOTHUB_CLIENT_CONFIRMATION_OK"
17097,10404549958,10404550002,1,"IOTHUB_CLIENT_CONFIRMATION_OK"
17098,10404550158,10404550197,1,"IOTHUB_CLIENT_CONFIRMATION_OK"
17099,10404550358,10404550475,1,"IOTHUB_CLIENT_CONFIRMATION_OK"
17100,10404550558,10404550595,1,"IOTHUB_CLIENT_CONFIRMATION_OK"
17101,10404550758,10404550796,1,"IOTHUB_CLIENT_CONFIRMATION_OK"
17102,10404550958,10404551087,1,"IOTHUB_CLIENT_CONFIRMATION_OK"
17103,10404551158,10404551240,1,"IOTHUB_CLIENT_CONFIRMATION_OK"
17104,10404551359,10404551399,1,"IOTHUB_CLIENT_CONFIRMATION_OK"
17105,10404551559,10404551608,1,"IOTHUB_CLIENT_CONFIRMATION_OK"
17106,10404551759,10404551801,1,"IOTHUB_CLIENT_CONFIRMATION_OK"
17107,10404551959,10404552000,1,"IOTHUB_CLIENT_CONFIRMATION_OK"
17108,10404552159,10404552201,1,"IOTHUB_CLIENT_CONFIRMATION_OK"
17109,10404552359,10404552399,1,"IOTHUB_CLIENT_CONFIRMATION_OK"
17110,10404552560,10404552625,1,"IOTHUB_CLIENT_CONFIRMATION_OK"
17111,10404552760,10404552802,1,"IOTHUB_CLIENT_CONFIRMATION_OK"
17112,10404552960,10404553000,1,"IOTHUB_CLIENT_CONFIRMATION_OK"
17113,10404553160,10404553342,1,"IOTHUB_CLIENT_CONFIRMATION_OK"
17114,10404553360,10404553398,1,"IOTHUB_CLIENT_CONFIRMATION_OK"
17115,10404553560,10404553591,1,"IOTHUB_CLIENT_CONFIRMATION_OK"
17116,10404553761,10404553798,1,"IOTHUB_CLIENT_CONFIRMATION_OK"
17117,10404553961,10404554000,1,"IOTHUB_CLIENT_CONFIRMATION_OK"
17118,10404554161,10404554202,1,"IOTHUB_CLIENT_CONFIRMATION_OK"
17119,10404554361,10404554403,1,"IOTHUB_CLIENT_CONFIRMATION_OK"
17120,10404554561,10404554601,1,"IOTHUB_CLIENT_CONFIRMATION_OK"
17121,10404554761,10404554803,1,"IOTHUB_CLIENT_CONFIRMATION_OK"
17122,10404554961,10404555003,1,"IOTHUB_CLIENT_CONFIRMATION_OK"
17123,10404555162,10404555205,1,"IOTHUB_CLIENT_CONFIRMATION_OK"
17124,10404555362,10404555406,1,"IOTHUB_CLIENT_CONFIRMATION_OK"
17125,10404555562,10404555600,1,"IOTHUB_CLIENT_CONFIRMATION_OK"
17126,10404555762,10404555808,1,"IOTHUB_CLIENT_CONFIRMATION_OK"
17127,10404555962,10404556019,1,"IOTHUB_CLIENT_CONFIRMATION_OK"
17128,10404556162,10404556202,1,"IOTHUB_CLIENT_CONFIRMATION_OK"
17129,10404556363,10404556414,1,"IOTHUB_CLIENT_CONFIRMATION_OK"
17130,10404556563,10404556608,1,"IOTHUB_CLIENT_CONFIRMATION_OK"
17131,10404556763,10404556827,1,"IOTHUB_CLIENT_CONFIRMATION_OK"
17132,10404556963,10404557003,1,"IOTHUB_CLIENT_CONFIRMATION_OK"
17133,10404557163,10404557230,1,"IOTHUB_CLIENT_CONFIRMATION_OK"
17134,10404557363,10404557414,1,"IOTHUB_CLIENT_CONFIRMATION_OK"
17135,10404557564,10404557623,1,"IOTHUB_CLIENT_CONFIRMATION_OK"
17136,10404557764,10404557849,1,"IOTHUB_CLIENT_CONFIRMATION_OK"
17137,10404557964,10404558001,1,"IOTHUB_CLIENT_CONFIRMATION_OK"
17138,10404558164,10404558208,1,"IOTHUB_CLIENT_CONFIRMATION_OK"
17139,10404558364,10404558425,1,"IOTHUB_CLIENT_CONFIRMATION_OK"
17140,10404558564,10404558619,1,"IOTHUB_CLIENT_CONFIRMATION_OK"
17141,10404558765,10404558851,1,"IOTHUB_CLIENT_CONFIRMATION_OK"
17142,10404558965,10404559004,1,"IOTHUB_CLIENT_CONFIRMATION_OK"
17143,10404559165,10404559208,1,"IOTHUB_CLIENT_CONFIRMATION_OK"
17144,10404559365,10404559457,1,"IOTHUB_CLIENT_CONFIRMATION_OK"
17145,10404559565,10404559610,1,"IOTHUB_CLIENT_CONFIRMATION_OK"
17146,10404559765,10404559850,1,"IOTHUB_CLIENT_CONFIRMATION_OK"
17147,10404559966,10404560067,1,"IOTHUB_CLIENT_CONFIRMATION_OK"
17148,10404560166,10404560203,1,"IOTHUB_CLIENT_CONFIRMATION_OK"
17149,10404560366,10404560403,1,"IOTHUB_CLIENT_CONFIRMATION_OK"
17150,10404560566,10404560630,1,"IOTHUB_CLIENT_CONFIRMATION_OK"
17151,10404560766,10404560802,1,"IOTHUB_CLIENT_CONFIRMATION_OK"
17152,10404560966,10404561002,1,"IOTHUB_CLIENT_CONFIRMATION_OK"
17153,10404561166,10404561205,1,"IOTHUB_CLIENT_CONFIRMATION_OK"
17154,10404561367,10404561408,1,"IOTHUB_CLIENT_CONFIRMATION_OK"
17155,10404561567,10404561885,1,"IOTHUB_CLIENT_CONFIRMATION_OK"
17156,10404561767,10404561907,1,"IOTHUB_CLIENT_CONFIRMATION_OK"
17157,10404561967,10404562004,1,"IOTHUB_CLIENT_CONFIRMATION_OK"
17158,10404562167,10404562486,1,"IOTHUB_CLIENT_CONFIRMATION_OK"
17159,10404562367,10404562582,1,"IOTHUB_CLIENT_CONFIRMATION_OK"
17160,10404562568,10404562618,1,"IOTHUB_CLIENT_CONFIRMATION_OK"
17161,10404562768,10404562803,1,"IOTHUB_CLIENT_CONFIRMATION_OK"
17162,10404562968,10404563022,1,"IOTHUB_CLIENT_CONFIRMATION_OK"
17163,10404563168,10404563213,1,"IOTHUB_CLIENT_CONFIRMATION_OK"
17164,10404563368,10404563409,1,"IOTHUB_CLIENT_CONFIRMATION_OK"
17165,10404563568,10404563607,1,"IOTHUB_CLIENT_CONFIRMATION_OK"
17166,10404563768,10404563807,1,"IOTHUB_CLIENT_CONFIRMATION_OK"
17167,10404563969,10404564009,1,"IOTHUB_CLIENT_CONFIRMATION_OK"
17168,10404564169,10404564223,1,"IOTHUB_CLIENT_CONFIRMATION_OK"
17169,10404564369,10404564413,1,"IOTHUB_CLIENT_CONFIRMATION_OK"
17170,10404564569,10404564615,1,"IOTHUB_CLIENT_CONFIRMATION_OK"
17171,10404564769,10404564812,1,"IOTHUB_CLIENT_CONFIRMATION_OK"
17172,10404564969,10404565016,1,"IOTHUB_CLIENT_CONFIRMATION_OK"
17173,10404565170,10404565216,1,"IOTHUB_CLIENT_CONFIRMATION_OK"
17174,10404565370,10404565476,1,"IOTHUB_CLIENT_CONFIRMATION_OK"
17175,10404565570,10404565611,1,"IOTHUB_CLIENT_CONFIRMATION_OK"
17176,10404565770,10404565810,1,"IOTHUB_CLIENT_CONFIRMATION_OK"
17177,10404565970,10404566018,1,"IOTHUB_CLIENT_CONFIRMATION_OK"
17178,10404566170,10404566222,1,"IOTHUB_CLIENT_CONFIRMATION_OK"
17179,10404566371,10404566412,1,"IOTHUB_CLIENT_CONFIRMATION_OK"
17180,10404566571,10404566612,1,"IOTHUB_CLIENT_CONFIRMATION_OK"
17181,10404566771,10404566820,1,"IOTHUB_CLIENT_CONFIRMATION_OK"
17182,10404566971,10404567022,1,"IOTHUB_CLIENT_CONFIRMATION_OK"
17183,10404567171,10404567458,1,"IOTHUB_CLIENT_CONFIRMATION_OK"
17184,10404567371,10404567480,1,"IOTHUB_CLIENT_CONFIRMATION_OK"
17185,10404567572,10404567655,1,"IOTHUB_CLIENT_CONFIRMATION_OK"
17186,10404567772,10404567898,1,"IOTHUB_CLIENT_CONFIRMATION_OK"
17187,10404567972,10404568011,1,"IOTHUB_CLIENT_CONFIRMATION_OK"
17188,10404568172,10404568210,1,"IOTHUB_CLIENT_CONFIRMATION_OK"
17189,10404568372,10404568516,1,"IOTHUB_CLIENT_CONFIRMATION_OK"
17190,10404568572,10404568617,1,"IOTHUB_CLIENT_CONFIRMATION_OK"
17191,10404568773,10404568819,1,"IOTHUB_CLIENT_CONFIRMATION_OK"
17192,10404568973,10404569006,1,"IOTHUB_CLIENT_CONFIRMATION_OK"
17193,10404569173,10404569216,1,"IOTHUB_CLIENT_CONFIRMATION_OK"
17194,10404569373,10404569412,1,"IOTHUB_CLIENT_CONFIRMATION_OK"
17195,10404569573,10404569618,1,"IOTHUB_CLIENT_CONFIRMATION_OK"
17196,10404569773,10404569816,1,"IOTHUB_CLIENT_CONFIRMATION_OK"
17197,10404569974,10404570152,1,"IOTHUB_CLIENT_CONFIRMATION_OK"
17198,10404570174,10404570211,1,"IOTHUB_CLIENT_CONFIRMATION_OK"
17199,10404570374,10404570414,1,"IOTHUB_CLIENT_CONFIRMATION_OK"
17200,10404570574,10404570614,1,"IOTHUB_CLIENT_CONFIRMATION_OK"
17201,10404570774,10404570818,1,"IOTHUB_CLIENT_CONFIRMATION_OK"
17202,10404570974,10404571018,1,"IOTHUB_CLIENT_CONFIRMATION_OK"
17203,10404571174,10404571217,1,"IOTHUB_CLIENT_CONFIRMATION_OK"
17204,10404571375,10404571427,1,"IOTHUB_CLIENT_CONFIRMATION_OK"
17205,10404571575,10404571614,1,"IOTHUB_CLIENT_CONFIRMATION_OK"
17206,10404571775,10404571817,1,"IOTHUB_CLIENT_CONFIRMATION_OK"
17207,10404571975,10404572019,1,"IOTHUB_CLIENT_CONFIRMATION_OK"
17208,10404572175,10404572222,1,"IOTHUB_CLIENT_CONFIRMATION_OK"
17209,10404572375,10404572411,1,"IOTHUB_CLIENT_CONFIRMATION_OK"
17210,10404572576,10404572605,1,"IOTHUB_CLIENT_CONFIRMATION_OK"
17211,10404572776,10404572821,1,"IOTHUB_CLIENT_CONFIRMATION_OK"
17212,10404572976,10404573023,1,"IOTHUB_CLIENT_CONFIRMATION_OK"
17213,10404573176,10404573217,1,"IOTHUB_CLIENT_CONFIRMATION_OK"
17214,10404573376,10404573411,1,"IOTHUB_CLIENT_CONFIRMATION_OK"
17215,10404573576,10404573624,1,"IOTHUB_CLIENT_CONFIRMATION_OK"
17216,10404573776,10404573829,1,"IOTHUB_CLIENT_CONFIRMATION_OK"
17217,10404573977,10404574026,1,"IOTHUB_CLIENT_CONFIRMATION_OK"
17218,10404574177,10404574220,1,"IOTHUB_CLIENT_CONFIRMATION_OK"
17219,10404574377,10404574426,1,"IOTHUB_CLIENT_CONFIRMATION_OK"
17220,10404574577,10404574675,1,"IOTHUB_CLIENT_CONFIRMATION_OK"
17221,10404574777,10404574825,1,"IOTHUB_CLIENT_CONFIRMATION_OK"
17222,10404574977,10404575019,1,"IOTHUB_CLIENT_CONFIRMATION_OK"
17223,10404575177,10404575225,1,"IOTHUB_CLIENT_CONFIRMATION_OK"
17224,10404575378,10404575420,1,"IOTHUB_CLIENT_CONFIRMATION_OK"
17225,10404575578,10404575694,1,"IOTHUB_CLIENT_CONFIRMATION_OK"
17226,10404575778,10404575820,1,"IOTHUB_CLIENT_CONFIRMATION_OK"
17227,10404575978,10404576023,1,"IOTHUB_CLIENT_CONFIRMATION_OK"
17228,10404576178,10404576320,1,"IOTHUB_CLIENT_CONFIRMATION_OK"
17229,10404576378,10404576419,1,"IOTHUB_CLIENT_CONFIRMATION_OK"
17230,10404576579,10404576638,1,"IOTHUB_CLIENT_CONFIRMATION_OK"
17231,10404576779,10404576816,1,"IOTHUB_CLIENT_CONFIRMATION_OK"
17232,10404576979,10404577016,1,"IOTHUB_CLIENT_CONFIRMATION_OK"
17233,10404577179,10404577222,1,"IOTHUB_CLIENT_CONFIRMATION_OK"
17234,10404577379,10404577438,1,"IOTHUB_CLIENT_CONFIRMATION_OK"
17235,10404577579,10404577623,1,"IOTHUB_CLIENT_CONFIRMATION_OK"
17236,10404577780,10404577831,1,"IOTHUB_CLIENT_CONFIRMATION_OK"
17237,10404577980,10404578023,1,"IOTHUB_CLIENT_CONFIRMATION_OK"
17238,10404578180,10404578222,1,"IOTHUB_CLIENT_CONFIRMATION_OK"
17239,10404578380,10404578559,1,"IOTHUB_CLIENT_CONFIRMATION_OK"
17240,10404578580,10404578624,1,"IOTHUB_CLIENT_CONFIRMATION_OK"
17241,10404578780,10404578826,1,"IOTHUB_CLIENT_CONFIRMATION_OK"
17242,10404578980,10404579063,1,"IOTHUB_CLIENT_CONFIRMATION_OK"
17243,10404579181,10404579227,1,"IOTHUB_CLIENT_CONFIRMATION_OK"
17244,10404579381,10404579423,1,"IOTHUB_CLIENT_CONFIRMATION_OK"
17245,10404579581,10404579667,1,"IOTHUB_CLIENT_CONFIRMATION_OK"
17246,10404579781,10404579828,1,"IOTHUB_CLIENT_CONFIRMATION_OK"
17247,10404579981,10404580025,1,"IOTHUB_CLIENT_CONFIRMATION_OK"
17248,10404580181,10404580282,1,"IOTHUB_CLIENT_CONFIRMATION_OK"
17249,10404580382,10404580443,1,"IOTHUB_CLIENT_CONFIRMATION_OK"
17250,10404580582,10404580626,1,"IOTHUB_CLIENT_CONFIRMATION_OK"
17251,10404580782,10404580826,1,"IOTHUB_CLIENT_CONFIRMATION_OK"
17252,10404580982,10404581041,1,"IOTHUB_CLIENT_CONFIRMATION_OK"
17253,10404581182,10404581217,1,"IOTHUB_CLIENT_CONFIRMATION_OK"
17254,10404581382,10404581424,1,"IOTHUB_CLIENT_CONFIRMATION_OK"
17255,10404581583,10404581626,1,"IOTHUB_CLIENT_CONFIRMATION_OK"
17256,10404581783,10404581902,1,"IOTHUB_CLIENT_CONFIRMATION_OK"
17257,10404581983,10404582024,1,"IOTHUB_CLIENT_CONFIRMATION_OK"
17258,10404582183,10404582254,1,"IOTHUB_CLIENT_CONFIRMATION_OK"
17259,10404582383,10404582512,1,"IOTHUB_CLIENT_CONFIRMATION_OK"
17260,10404582583,10404582650,1,"IOTHUB_CLIENT_CONFIRMATION_OK"
17261,10404582784,10404582826,1,"IOTHUB_CLIENT_CONFIRMATION_OK"
17262,10404582984,10404583043,1,"IOTHUB_CLIENT_CONFIRMATION_OK"
17263,10404583184,10404583295,1,"IOTHUB_CLIENT_CONFIRMATION_OK"
17264,10404583384,10404583425,1,"IOTHUB_CLIENT_CONFIRMATION_OK"
17265,10404583584,10404583617,1,"IOTHUB_CLIENT_CONFIRMATION_OK"
17266,10404583784,10404583855,1,"IOTHUB_CLIENT_CONFIRMATION_OK"
17267,10404583984,10404584028,1,"IOTHUB_CLIENT_CONFIRMATION_OK"
17268,10404584185,10404584223,1,"IOTHUB_CLIENT_CONFIRMATION_OK"
17269,10404584385,10404584417,1,"IOTHUB_CLIENT_CONFIRMATION_OK"
17270,10404584585,10404584759,1,"IOTHUB_CLIENT_CONFIRMATION_OK"
17271,10404584785,10404584816,1,"IOTHUB_CLIENT_CONFIRMATION_OK"
17272,10404584985,10404585026,1,"IOTHUB_CLIENT_CONFIRMATION_OK"
17273,10404585185,10404585227,1,"IOTHUB_CLIENT_CONFIRMATION_OK"
17274,10404585385,10404585427,1,"IOTHUB_CLIENT_CONFIRMATION_OK"
17275,10404585586,10404585628,1,"IOTHUB_CLIENT_CONFIRMATION_OK"
17276,10404585786,10404585818,1,"IOTHUB_CLIENT_CONFIRMATION_OK"
17277,10404585986,10404586019,1,"IOTHUB_CLIENT_CONFIRMATION_OK"
17278,10404586186,10404586233,1,"IOTHUB_CLIENT_CONFIRMATION_OK"
17279,10404586386,10404586432,1,"IOTHUB_CLIENT_CONFIRMATION_OK"
17280,10404586586,10404586628,1,"IOTHUB_CLIENT_CONFIRMATION_OK"
17281,10404586787,10404586828,1,"IOTHUB_CLIENT_CONFIRMATION_OK"
17282,10404586987,10404587018,1,"IOTHUB_CLIENT_CONFIRMATION_OK"
17283,10404587187,10404587237,1,"IOTHUB_CLIENT_CONFIRMATION_OK"
17284,10404587387,10404587416,1,"IOTHUB_CLIENT_CONFIRMATION_OK"
17285,10404587587,10404587671,1,"IOTHUB_CLIENT_CONFIRMATION_OK"
17286,10404587787,10404587856,1,"IOTHUB_CLIENT_CONFIRMATION_OK"
17287,10404587987,10404588158,1,"IOTHUB_CLIENT_CONFIRMATION_OK"
17288,10404588188,10404588216,1,"IOTHUB_CLIENT_CONFIRMATION_OK"
17289,10404588388,10404588433,1,"IOTHUB_CLIENT_CONFIRMATION_OK"
17290,10404588588,10404588619,1,"IOTHUB_CLIENT_CONFIRMATION_OK"
17291,10404588788,10404588837,1,"IOTHUB_CLIENT_CONFIRMATION_OK"
17292,10404588988,10404589028,1,"IOTHUB_CLIENT_CONFIRMATION_OK"
17293,10404589188,10404589232,1,"IOTHUB_CLIENT_CONFIRMATION_OK"
17294,10404589389,10404589440,1,"IOTHUB_CLIENT_CONFIRMATION_OK"
17295,10404589589,10404589633,1,"IOTHUB_CLIENT_CONFIRMATION_OK"
17296,10404589789,10404589821,1,"IOTHUB_CLIENT_CONFIRMATION_OK"
17297,10404589989,10404590038,1,"IOTHUB_CLIENT_CONFIRMATION_OK"
17298,10404590189,10404590224,1,"IOTHUB_CLIENT_CONFIRMATION_OK"
17299,10404590389,10404590426,1,"IOTHUB_CLIENT_CONFIRMATION_OK"
17300,10404590589,10404590621,1,"IOTHUB_CLIENT_CONFIRMATION_OK"
17301,10404590790,10404590840,1,"IOTHUB_CLIENT_CONFIRMATION_OK"
17302,10404590990,10404591038,1,"IOTHUB_CLIENT_CONFIRMATION_OK"
17303,10404591190,10404591243,1,"IOTHUB_CLIENT_CONFIRMATION_OK"
17304,10404591390,10404591447,1,"IOTHUB_CLIENT_CONFIRMATION_OK"
17305,10404591590,10404591642,1,"IOTHUB_CLIENT_CONFIRMATION_OK"
17306,10404591790,10404591837,1,"IOTHUB_CLIENT_CONFIRMATION_OK"
17307,10404591991,10404592068,1,"IOTHUB_CLIENT_CONFIRMATION_OK"
17308,10404592191,10404592231,1,"IOTHUB_CLIENT_CONFIRMATION_OK"
17309,10404592391,10404592442,1,"IOTHUB_CLIENT_CONFIRMATION_OK"
17310,10404592591,10404592627,1,"IOTHUB_CLIENT_CONFIRMATION_OK"
17311,10404592791,10404592825,1,"IOTHUB_CLIENT_CONFIRMATION_OK"
17312,10404592991,10404593122,1,"IOTHUB_CLIENT_CONFIRMATION_OK"
17313,10404593191,10404593228,1,"IOTHUB_CLIENT_CONFIRMATION_OK"
17314,10404593392,10404593421,1,"IOTHUB_CLIENT_CONFIRMATION_OK"
17315,10404593592,10404593730,1,"IOTHUB_CLIENT_CONFIRMATION_OK"
17316,10404593792,10404593824,1,"IOTHUB_CLIENT_CONFIRMATION_OK"
17317,10404593992,10404594033,1,"IOTHUB_CLIENT_CONFIRMATION_OK"
17318,10404594192,10404594237,1,"IOTHUB_CLIENT_CONFIRMATION_OK"
17319,10404594392,10404594423,1,"IOTHUB_CLIENT_CONFIRMATION_OK"
17320,10404594592,10404594633,1,"IOTHUB_CLIENT_CONFIRMATION_OK"
17321,10404594793,10404594841,1,"IOTHUB_CLIENT_CONFIRMATION_OK"
17322,10404594993,10404595034,1,"IOTHUB_CLIENT_CONFIRMATION_OK"
17323,10404595193,10404595240,1,"IOTHUB_CLIENT_CONFIRMATION_OK"
17324,10404595393,10404595424,1,"IOTHUB_CLIENT_CONFIRMATION_OK"
17325,10404595593,10404595625,1,"IOTHUB_CLIENT_CONFIRMATION_OK"
17326,10404595793,10404595975,1,"IOTHUB_CLIENT_CONFIRMATION_OK"
17327,10404595994,10404596035,1,"IOTHUB_CLIENT_CONFIRMATION_OK"
17328,10404596194,10404596228,1,"IOTHUB_CLIENT_CONFIRMATION_OK"
17329,10404596394,10404596422,1,"IOTHUB_CLIENT_CONFIRMATION_OK"
17330,10404596594,10404596639,1,"IOTHUB_CLIENT_CONFIRMATION_OK"
17331,10404596794,10404596824,1,"IOTHUB_CLIENT_CONFIRMATION_OK"
17332,10404596994,10404597032,1,"IOTHUB_CLIENT_CONFIRMATION_OK"
17333,10404597194,10404597225,1,"IOTHUB_CLIENT_CONFIRMATION_OK"
17334,10404597395,10404597425,1,"IOTHUB_CLIENT_CONFIRMATION_OK"
17335,10404597595,10404597630,1,"IOTHUB_CLIENT_CONFIRMATION_OK"
17336,10404597795,10404597827,1,"IOTHUB_CLIENT_CONFIRMATION_OK"
17337,10404597995,10404598028,1,"IOTHUB_CLIENT_CONFIRMATION_OK"
17338,10404598195,10404598249,1,"IOTHUB_CLIENT_CONFIRMATION_OK"
17339,10404598395,10404598432,1,"IOTHUB_CLIENT_CONFIRMATION_OK"
17340,10404598596,10404598631,1,"IOTHUB_CLIENT_CONFIRMATION_OK"
17341,10404598796,10404598837,1,"IOTHUB_CLIENT_CONFIRMATION_OK"
17342,10404598996,10404599024,1,"IOTHUB_CLIENT_CONFIRMATION_OK"
17343,10404599196,10404599240,1,"IOTHUB_CLIENT_CONFIRMATION_OK"
17344,10404599396,10404599426,1,"IOTHUB_CLIENT_CONFIRMATION_OK"
17345,10404599596,10404599639,1,"IOTHUB_CLIENT_CONFIRMATION_OK"
17346,10404599797,10404599841,1,"IOTHUB_CLIENT_CONFIRMATION_OK"
17347,10404599997,10404600031,1,"IOTHUB_CLIENT_CONFIRMATION_OK"
17348,10404600197,10404600251,1,"IOTHUB_CLIENT_CONFIRMATION_OK"
17349,10404600397,10404600477,1,"IOTHUB_CLIENT_CONFIRMATION_OK"
17350,10404600597,10404600633,1,"IOTHUB_CLIENT_CONFIRMATION_OK"
17351,10404600797,10404600833,1,"IOTHUB_CLIENT_CONFIRMATION_OK"
17352,10404600997,10404601025,1,"IOTHUB_CLIENT_CONFIRMATION_OK"
17353,10404601198,10404601227,1,"IOTHUB_CLIENT_CONFIRMATION_OK"
17354,10404601398,10404601477,1,"IOTHUB_CLIENT_CONFIRMATION_OK"
17355,10404601598,10404601631,1,"IOTHUB_CLIENT_CONFIRMATION_OK"
17356,10404601798,10404601841,1,"IOTHUB_CLIENT_CONFIRMATION_OK"
17357,10404601998,10404602122,1,"IOTHUB_CLIENT_CONFIRMATION_OK"
17358,10404602198,10404602229,1,"IOTHUB_CLIENT_CONFIRMATION_OK"
17359,10404602399,10404602427,1,"IOTHUB_CLIENT_CONFIRMATION_OK"
17360,10404602599,10404602734,1,"IOTHUB_CLIENT_CONFIRMATION_OK"
17361,10404602799,10404602831,1,"IOTHUB_CLIENT_CONFIRMATION_OK"
17362,10404602999,10404603031,1,"IOTHUB_CLIENT_CONFIRMATION_OK"
17363,10404603199,10404603260,1,"IOTHUB_CLIENT_CONFIRMATION_OK"
17364,10404603399,10404603429,1,"IOTHUB_CLIENT_CONFIRMATION_OK"
17365,10404603599,10404603630,1,"IOTHUB_CLIENT_CONFIRMATION_OK"
17366,10404603800,10404603870,1,"IOTHUB_CLIENT_CONFIRMATION_OK"
17367,10404604000,10404604030,1,"IOTHUB_CLIENT_CONFIRMATION_OK"
17368,10404604200,10404604360,1,"IOTHUB_CLIENT_CONFIRMATION_OK"
17369,10404604400,10404604428,1,"IOTHUB_CLIENT_CONFIRMATION_OK"
17370,10404604600,10404604635,1,"IOTHUB_CLIENT_CONFIRMATION_OK"
17371,10404604800,10404604977,1,"IOTHUB_CLIENT_CONFIRMATION_OK"
17372,10404605000,10404605040,1,"IOTHUB_CLIENT_CONFIRMATION_OK"
17373,10404605201,10404605240,1,"IOTHUB_CLIENT_CONFIRMATION_OK"
17374,10404605401,10404605435,1,"IOTHUB_CLIENT_CONFIRMATION_OK"
17375,10404605601,10404605634,1,"IOTHUB_CLIENT_CONFIRMATION_OK"
17376,10404605801,10404605849,1,"IOTHUB_CLIENT_CONFIRMATION_OK"
17377,10404606001,10404606036,1,"IOTHUB_CLIENT_CONFIRMATION_OK"
17378,10404606201,10404606241,1,"IOTHUB_CLIENT_CONFIRMATION_OK"
17379,10404606402,10404606434,1,"IOTHUB_CLIENT_CONFIRMATION_OK"
17380,10404606602,10404606632,1,"IOTHUB_CLIENT_CONFIRMATION_OK"
17381,10404606802,10404606833,1,"IOTHUB_CLIENT_CONFIRMATION_OK"
17382,10404607002,10404607216,1,"IOTHUB_CLIENT_CONFIRMATION_OK"
17383,10404607202,10404607236,1,"IOTHUB_CLIENT_CONFIRMATION_OK"
17384,10404607402,10404607434,1,"IOTHUB_CLIENT_CONFIRMATION_OK"
17385,10404607602,10404607635,1,"IOTHUB_CLIENT_CONFIRMATION_OK"
17386,10404607803,10404607835,1,"IOTHUB_CLIENT_CONFIRMATION_OK"
17387,10404608003,10404608037,1,"IOTHUB_CLIENT_CONFIRMATION_OK"
17388,10404608203,10404608362,1,"IOTHUB_CLIENT_CONFIRMATION_OK"
17389,10404608403,10404608454,1,"IOTHUB_CLIENT_CONFIRMATION_OK"
17390,10404608603,10404608638,1,"IOTHUB_CLIENT_CONFIRMATION_OK"
17391,10404608803,10404608836,1,"IOTHUB_CLIENT_CONFIRMATION_OK"
17392,10404609004,10404609035,1,"IOTHUB_CLIENT_CONFIRMATION_OK"
17393,10404609204,10404609243,1,"IOTHUB_CLIENT_CONFIRMATION_OK"
17394,10404609404,10404609440,1,"IOTHUB_CLIENT_CONFIRMATION_OK"
17395,10404609604,10404609670,1,"IOTHUB_CLIENT_CONFIRMATION_OK"
17396,10404609804,10404609870,1,"IOTHUB_CLIENT_CONFIRMATION_OK"
17397,10404610004,10404610037,1,"IOTHUB_CLIENT_CONFIRMATION_OK"
17398,10404610205,10404610238,1,"IOTHUB_CLIENT_CONFIRMATION_OK"
17399,10404610405,10404610439,1,"IOTHUB_CLIENT_CONFIRMATION_OK"
17400,10404610605,10404610662,1,"IOTHUB_CLIENT_CONFIRMATION_OK"
17401,10404610805,10404610836,1,"IOTHUB_CLIENT_CONFIRMATION_OK"
17402,10404611005,10404611058,1,"IOTHUB_CLIENT_CONFIRMATION_OK"
17403,10404611206,10404611259,1,"IOTHUB_CLIENT_CONFIRMATION_OK"
17404,10404611406,10404611440,1,"IOTHUB_CLIENT_CONFIRMATION_OK"
17405,10404611606,10404611674,1,"IOTHUB_CLIENT_CONFIRMATION_OK"
17406,10404611806,10404611838,1,"IOTHUB_CLIENT_CONFIRMATION_OK"
17407,10404612006,10404612073,1,"IOTHUB_CLIENT_CONFIRMATION_OK"
17408,10404612206,10404612251,1,"IOTHUB_CLIENT_CONFIRMATION_OK"
17409,10404612407,10404612449,1,"IOTHUB_CLIENT_CONFIRMATION_OK"
17410,10404612607,10404612636,1,"IOTHUB_CLIENT_CONFIRMATION_OK"
17411,10404612807,10404612840,1,"IOTHUB_CLIENT_CONFIRMATION_OK"
17412,10404613007,10404613039,1,"IOTHUB_CLIENT_CONFIRMATION_OK"
17413,10404613207,10404613320,1,"IOTHUB_CLIENT_CONFIRMATION_OK"
17414,10404613407,10404613437,1,"IOTHUB_CLIENT_CONFIRMATION_OK"
17415,10404613608,10404613648,1,"IOTHUB_CLIENT_CONFIRMATION_OK"
17416,10404613808,10404613935,1,"IOTHUB_CLIENT_CONFIRMATION_OK"
17417,10404614008,10404614040,1,"IOTHUB_CLIENT_CONFIRMATION_OK"
17418,10404614208,10404614238,1,"IOTHUB_CLIENT_CONFIRMATION_OK"
17419,10404614408,10404614458,1,"IOTHUB_CLIENT_CONFIRMATION_OK"
17420,10404614608,10404614644,1,"IOTHUB_CLIENT_CONFIRMATION_OK"
17421,10404614808,10404614842,1,"IOTHUB_CLIENT_CONFIRMATION_OK"
17422,10404615009,10404615051,1,"IOTHUB_CLIENT_CONFIRMATION_OK"
17423,10404615209,10404615238,1,"IOTHUB_CLIENT_CONFIRMATION_OK"
17424,10404615409,10404615460,1,"IOTHUB_CLIENT_CONFIRMATION_OK"
17425,10404615609,10404615652,1,"IOTHUB_CLIENT_CONFIRMATION_OK"
17426,10404615809,10404615839,1,"IOTHUB_CLIENT_CONFIRMATION_OK"
17427,10404616009,10404616172,1,"IOTHUB_CLIENT_CONFIRMATION_OK"
17428,10404616210,10404616246,1,"IOTHUB_CLIENT_CONFIRMATION_OK"
17429,10404616410,10404616444,1,"IOTHUB_CLIENT_CONFIRMATION_OK"
17430,10404616610,10404616641,1,"IOTHUB_CLIENT_CONFIRMATION_OK"
17431,10404616810,10404616844,1,"IOTHUB_CLIENT_CONFIRMATION_OK"
17432,10404617010,10404617042,1,"IOTHUB_CLIENT_CONFIRMATION_OK"
17433,10404617210,10404617250,1,"IOTHUB_CLIENT_CONFIRMATION_OK"
17434,10404617411,10404617444,1,"IOTHUB_CLIENT_CONFIRMATION_OK"
17435,10404617611,10404617646,1,"IOTHUB_CLIENT_CONFIRMATION_OK"
17436,10404617811,10404617953,1,"IOTHUB_CLIENT_CONFIRMATION_OK"
17437,10404618011,10404618055,1,"IOTHUB_CLIENT_CONFIRMATION_OK"
17438,10404618211,10404618261,1,"IOTHUB_CLIENT_CONFIRMATION_OK"
17439,10404618411,10404618445,1,"IOTHUB_CLIENT_CONFIRMATION_OK"
17440,10404618612,10404618640,1,"IOTHUB_CLIENT_CONFIRMATION_OK"
17441,10404618812,10404618868,1,"IOTHUB_CLIENT_CONFIRMATION_OK"
17442,10404619012,10404619043,1,"IOTHUB_CLIENT_CONFIRMATION_OK"
17443,10404619212,10404619255,1,"IOTHUB_CLIENT_CONFIRMATION_OK"
17444,10404619412,10404619452,1,"IOTHUB_CLIENT_CONFIRMATION_OK"
17445,10404619612,10404619641,1,"IOTHUB_CLIENT_CONFIRMATION_OK"
17446,10404619812,10404619841,1,"IOTHUB_CLIENT_CONFIRMATION_OK"
17447,10404620013,10404620060,1,"IOTHUB_CLIENT_CONFIRMATION_OK"
17448,10404620213,10404620268,1,"IOTHUB_CLIENT_CONFIRMATION_OK"
17449,10404620413,10404620463,1,"IOTHUB_CLIENT_CONFIRMATION_OK"
17450,10404620613,10404620663,1,"IOTHUB_CLIENT_CONFIRMATION_OK"
17451,10404620813,10404620848,1,"IOTHUB_CLIENT_CONFIRMATION_OK"
17452,10404621013,10404621597,1,"IOTHUB_CLIENT_CONFIRMATION_OK"
17453,10404621214,10404621672,1,"IOTHUB_CLIENT_CONFIRMATION_OK"
17454,10404621414,10404621724,1,"IOTHUB_CLIENT_CONFIRMATION_OK"
17455,10404621614,10404621921,1,"IOTHUB_CLIENT_CONFIRMATION_OK"
17456,10404621814,10404621979,1,"IOTHUB_CLIENT_CONFIRMATION_OK"
17457,10404622014,10404622043,1,"IOTHUB_CLIENT_CONFIRMATION_OK"
17458,10404622214,10404622270,1,"IOTHUB_CLIENT_CONFIRMATION_OK"
17459,10404622415,10404622455,1,"IOTHUB_CLIENT_CONFIRMATION_OK"
17460,10404622615,10404622654,1,"IOTHUB_CLIENT_CONFIRMATION_OK"
17461,10404622815,10404622900,1,"IOTHUB_CLIENT_CONFIRMATION_OK"
17462,10404623015,10404623055,1,"IOTHUB_CLIENT_CONFIRMATION_OK"
17463,10404623215,10404623258,1,"IOTHUB_CLIENT_CONFIRMATION_OK"
17464,10404623415,10404623491,1,"IOTHUB_CLIENT_CONFIRMATION_OK"
17465,10404623616,10404623644,1,"IOTHUB_CLIENT_CONFIRMATION_OK"
17466,10404623816,10404623850,1,"IOTHUB_CLIENT_CONFIRMATION_OK"
17467,10404624016,10404624046,1,"IOTHUB_CLIENT_CONFIRMATION_OK"
17468,10404624216,10404624251,1,"IOTHUB_CLIENT_CONFIRMATION_OK"
17469,10404624416,10404624504,1,"IOTHUB_CLIENT_CONFIRMATION_OK"
17470,10404624616,10404624658,1,"IOTHUB_CLIENT_CONFIRMATION_OK"
17471,10404624817,10404624854,1,"IOTHUB_CLIENT_CONFIRMATION_OK"
17472,10404625017,10404625116,1,"IOTHUB_CLIENT_CONFIRMATION_OK"
17473,10404625217,10404625260,1,"IOTHUB_CLIENT_CONFIRMATION_OK"
17474,10404625417,10404625450,1,"IOTHUB_CLIENT_CONFIRMATION_OK"
17475,10404625617,10404625727,1,"IOTHUB_CLIENT_CONFIRMATION_OK"
17476,10404625817,10404625885,1,"IOTHUB_CLIENT_CONFIRMATION_OK"
17477,10404626017,10404626056,1,"IOTHUB_CLIENT_CONFIRMATION_OK"
17478,10404626218,10404626268,1,"IOTHUB_CLIENT_CONFIRMATION_OK"
17479,10404626418,10404626459,1,"IOTHUB_CLIENT_CONFIRMATION_OK"
17480,10404626618,10404626651,1,"IOTHUB_CLIENT_CONFIRMATION_OK"
17481,10404626818,10404626849,1,"IOTHUB_CLIENT_CONFIRMATION_OK"
17482,10404627018,10404627052,1,"IOTHUB_CLIENT_CONFIRMATION_OK"
17483,10404627218,10404627396,1,"IOTHUB_CLIENT_CONFIRMATION_OK"
17484,10404627418,10404627463,1,"IOTHUB_CLIENT_CONFIRMATION_OK"
17485,10404627619,10404627649,1,"IOTHUB_CLIENT_CONFIRMATION_OK"
17486,10404627819,10404627869,1,"IOTHUB_CLIENT_CONFIRMATION_OK"
17487,10404628019,10404628119,1,"IOTHUB_CLIENT_CONFIRMATION_OK"
17488,10404628219,10404628271,1,"IOTHUB_CLIENT_CONFIRMATION_OK"
17489,10404628419,10404628450,1,"IOTHUB_CLIENT_CONFIRMATION_OK"
17490,10404628619,10404628665,1,"IOTHUB_CLIENT_CONFIRMATION_OK"
17491,10404628820,10404628869,1,"IOTHUB_CLIENT_CONFIRMATION_OK"
17492,10404629020,10404629061,1,"IOTHUB_CLIENT_CONFIRMATION_OK"
17493,10404629220,10404629252,1,"IOTHUB_CLIENT_CONFIRMATION_OK"
17494,10404629420,10404629457,1,"IOTHUB_CLIENT_CONFIRMATION_OK"
17495,10404629620,10404629677,1,"IOTHUB_CLIENT_CONFIRMATION_OK"
17496,10404629820,10404629852,1,"IOTHUB_CLIENT_CONFIRMATION_OK"
17497,10404630021,10404630060,1,"IOTHUB_CLIENT_CONFIRMATION_OK"
17498,10404630221,10404630264,1,"IOTHUB_CLIENT_CONFIRMATION_OK"
17499,10404630421,10404630469,1,"IOTHUB_CLIENT_CONFIRMATION_OK"
17500,10404630621,10404630709,1,"IOTHUB_CLIENT_CONFIRMATION_OK"
17501,10404630821,10404630878,1,"IOTHUB_CLIENT_CONFIRMATION_OK"
17502,10404631021,10404631060,1,"IOTHUB_CLIENT_CONFIRMATION_OK"
17503,10404631222,10404631286,1,"IOTHUB_CLIENT_CONFIRMATION_OK"
17504,10404631422,10404631454,1,"IOTHUB_CLIENT_CONFIRMATION_OK"
17505,10404631622,10404631658,1,"IOTHUB_CLIENT_CONFIRMATION_OK"
17506,10404631822,10404631934,1,"IOTHUB_CLIENT_CONFIRMATION_OK"
17507,10404632022,10404632052,1,"IOTHUB_CLIENT_CONFIRMATION_OK"
17508,10404632222,10404632262,1,"IOTHUB_CLIENT_CONFIRMATION_OK"
17509,10404632423,10404632480,1,"IOTHUB_CLIENT_CONFIRMATION_OK"
17510,10404632623,10404632658,1,"IOTHUB_CLIENT_CONFIRMATION_OK"
17511,10404632823,10404632920,1,"IOTHUB_CLIENT_CONFIRMATION_OK"
17512,10404633023,10404633063,1,"IOTHUB_CLIENT_CONFIRMATION_OK"
17513,10404633223,10404633262,1,"IOTHUB_CLIENT_CONFIRMATION_OK"
17514,10404633423,10404633669,1,"IOTHUB_CLIENT_CONFIRMATION_OK"
17515,10404633624,10404633691,1,"IOTHUB_CLIENT_CONFIRMATION_OK"
17516,10404633824,10404633866,1,"IOTHUB_CLIENT_CONFIRMATION_OK"
17517,10404634024,10404634066,1,"IOTHUB_CLIENT_CONFIRMATION_OK"
17518,10404634224,10404634257,1,"IOTHUB_CLIENT_CONFIRMATION_OK"
17519,10404634424,10404634457,1,"IOTHUB_CLIENT_CONFIRMATION_OK"
17520,10404634624,10404634739,1,"IOTHUB_CLIENT_CONFIRMATION_OK"
17521,10404634824,10404634881,1,"IOTHUB_CLIENT_CONFIRMATION_OK"
17522,10404635025,10404635057,1,"IOTHUB_CLIENT_CONFIRMATION_OK"
17523,10404635225,10404635256,1,"IOTHUB_CLIENT_CONFIRMATION_OK"
17524,10404635425,10404635463,1,"IOTHUB_CLIENT_CONFIRMATION_OK"
17525,10404635625,10404635659,1,"IOTHUB_CLIENT_CONFIRMATION_OK"
17526,10404635825,10404635853,1,"IOTHUB_CLIENT_CONFIRMATION_OK"
17527,10404636025,10404636053,1,"IOTHUB_CLIENT_CONFIRMATION_OK"
17528,10404636226,10404636375,1,"IOTHUB_CLIENT_CONFIRMATION_OK"
17529,10404636426,10404636460,1,"IOTHUB_CLIENT_CONFIRMATION_OK"
17530,10404636626,10404636658,1,"IOTHUB_CLIENT_CONFIRMATION_OK"
17531,10404636826,10404636855,1,"IOTHUB_CLIENT_CONFIRMATION_OK"
17532,10404637026,10404637092,1,"IOTHUB_CLIENT_CONFIRMATION_OK"
17533,10404637226,10404637256,1,"IOTHUB_CLIENT_CONFIRMATION_OK"
17534,10404637427,10404637460,1,"IOTHUB_CLIENT_CONFIRMATION_OK"
17535,10404637627,10404637705,1,"IOTHUB_CLIENT_CONFIRMATION_OK"
17536,10404637827,10404637870,1,"IOTHUB_CLIENT_CONFIRMATION_OK"
17537,10404638027,10404638074,1,"IOTHUB_CLIENT_CONFIRMATION_OK"
17538,10404638227,10404638263,1,"IOTHUB_CLIENT_CONFIRMATION_OK"
17539,10404638427,10404638472,1,"IOTHUB_CLIENT_CONFIRMATION_OK"
17540,10404638627,10404638674,1,"IOTHUB_CLIENT_CONFIRMATION_OK"
17541,10404638828,10404638872,1,"IOTHUB_CLIENT_CONFIRMATION_OK"
17542,10404639028,10404639071,1,"IOTHUB_CLIENT_CONFIRMATION_OK"
17543,10404639228,10404639258,1,"IOTHUB_CLIENT_CONFIRMATION_OK"
17544,10404639428,10404639466,1,"IOTHUB_CLIENT_CONFIRMATION_OK"
17545,10404639628,10404639684,1,"IOTHUB_CLIENT_CONFIRMATION_OK"
17546,10404639828,10404639874,1,"IOTHUB_CLIENT_CONFIRMATION_OK"
17547,10404640028,10404640058,1,"IOTHUB_CLIENT_CONFIRMATION_OK"
17548,10404640229,10404640275,1,"IOTHUB_CLIENT_CONFIRMATION_OK"
17549,10404640429,10404640468,1,"IOTHUB_CLIENT_CONFIRMATION_OK"
17550,10404640629,10404640674,1,"IOTHUB_CLIENT_CONFIRMATION_OK"
17551,10404640829,10404640927,1,"IOTHUB_CLIENT_CONFIRMATION_OK"
17552,10404641029,10404641059,1,"IOTHUB_CLIENT_CONFIRMATION_OK"
17553,10404641229,10404641260,1,"IOTHUB_CLIENT_CONFIRMATION_OK"
17554,10404641430,10404641468,1,"IOTHUB_CLIENT_CONFIRMATION_OK"
17555,10404641630,10404641676,1,"IOTHUB_CLIENT_CONFIRMATION_OK"
17556,10404641830,10404641928,1,"IOTHUB_CLIENT_CONFIRMATION_OK"
17557,10404642030,10404642059,1,"IOTHUB_CLIENT_CONFIRMATION_OK"
17558,10404642230,10404642282,1,"IOTHUB_CLIENT_CONFIRMATION_OK"
17559,10404642430,10404642531,1,"IOTHUB_CLIENT_CONFIRMATION_OK"
17560,10404642631,10404642665,1,"IOTHUB_CLIENT_CONFIRMATION_OK"
17561,10404642831,10404642891,1,"IOTHUB_CLIENT_CONFIRMATION_OK"
17562,10404643031,10404643156,1,"IOTHUB_CLIENT_CONFIRMATION_OK"
17563,10404643231,10404643273,1,"IOTHUB_CLIENT_CONFIRMATION_OK"
17564,10404643431,10404643464,1,"IOTHUB_CLIENT_CONFIRMATION_OK"
17565,10404643631,10404643663,1,"IOTHUB_CLIENT_CONFIRMATION_OK"
17566,10404643831,10404643861,1,"IOTHUB_CLIENT_CONFIRMATION_OK"
17567,10404644032,10404644065,1,"IOTHUB_CLIENT_CONFIRMATION_OK"
17568,10404644232,10404644270,1,"IOTHUB_CLIENT_CONFIRMATION_OK"
17569,10404644432,10404644464,1,"IOTHUB_CLIENT_CONFIRMATION_OK"
17570,10404644632,10404644662,1,"IOTHUB_CLIENT_CONFIRMATION_OK"
17571,10404644832,10404644863,1,"IOTHUB_CLIENT_CONFIRMATION_OK"
17572,10404645032,10404645078,1,"IOTHUB_CLIENT_CONFIRMATION_OK"
17573,10404645233,10404645266,1,"IOTHUB_CLIENT_CONFIRMATION_OK"
17574,10404645433,10404645467,1,"IOTHUB_CLIENT_CONFIRMATION_OK"
17575,10404645633,10404645678,1,"IOTHUB_CLIENT_CONFIRMATION_OK"
17576,10404645833,10404645910,1,"IOTHUB_CLIENT_CONFIRMATION_OK"
17577,10404646033,10404646062,1,"IOTHUB_CLIENT_CONFIRMATION_OK"
17578,10404646233,10404646272,1,"IOTHUB_CLIENT_CONFIRMATION_OK"
17579,10404646434,10404646488,1,"IOTHUB_CLIENT_CONFIRMATION_OK"
17580,10404646634,10404646665,1,"IOTHUB_CLIENT_CONFIRMATION_OK"
17581,10404646834,10404646864,1,"IOTHUB_CLIENT_CONFIRMATION_OK"
17582,10404647034,10404647084,1,"IOTHUB_CLIENT_CONFIRMATION_OK"
17583,10404647234,10404647268,1,"IOTHUB_CLIENT_CONFIRMATION_OK"
17584,10404647434,10404647465,1,"IOTHUB_CLIENT_CONFIRMATION_OK"
17585,10404647635,10404647667,1,"IOTHUB_CLIENT_CONFIRMATION_OK"
17586,10404647835,10404647868,1,"IOTHUB_CLIENT_CONFIRMATION_OK"
17587,10404648035,10404648092,1,"IOTHUB_CLIENT_CONFIRMATION_OK"
17588,10404648235,10404648280,1,"IOTHUB_CLIENT_CONFIRMATION_OK"
17589,10404648435,10404648464,1,"IOTHUB_CLIENT_CONFIRMATION_OK"
17590,10404648635,10404648714,1,"IOTHUB_CLIENT_CONFIRMATION_OK"
17591,10404648835,10404648877,1,"IOTHUB_CLIENT_CONFIRMATION_OK"
17592,10404649036,10404649071,1,"IOTHUB_CLIENT_CONFIRMATION_OK"
17593,10404649236,10404649272,1,"IOTHUB_CLIENT_CONFIRMATION_OK"
17594,10404649436,10404649480,1,"IOTHUB_CLIENT_CONFIRMATION_OK"
17595,10404649636,10404649665,1,"IOTHUB_CLIENT_CONFIRMATION_OK"
17596,10404649836,10404649870,1,"IOTHUB_CLIENT_CONFIRMATION_OK"
17597,10404650036,10404650070,1,"IOTHUB_CLIENT_CONFIRMATION_OK"
17598,10404650237,10404650343,1,"IOTHUB_CLIENT_CONFIRMATION_OK"
17599,10404650437,10404650482,1,"IOTHUB_CLIENT_CONFIRMATION_OK"
17600,10404650637,10404650679,1,"IOTHUB_CLIENT_CONFIRMATION_OK"
17601,10404650837,10404650966,1,"IOTHUB_CLIENT_CONFIRMATION_OK"
17602,10404651037,10404651086,1,"IOTHUB_CLIENT_CONFIRMATION_OK"
17603,10404651237,10404651267,1,"IOTHUB_CLIENT_CONFIRMATION_OK"
17604,10404651438,10404651558,1,"IOTHUB_CLIENT_CONFIRMATION_OK"
17605,10404651638,10404651684,1,"IOTHUB_CLIENT_CONFIRMATION_OK"
17606,10404651838,10404651874,1,"IOTHUB_CLIENT_CONFIRMATION_OK"
17607,10404652038,10404652067,1,"IOTHUB_CLIENT_CONFIRMATION_OK"
17608,10404652238,10404652270,1,"IOTHUB_CLIENT_CONFIRMATION_OK"
17609,10404652438,10404652469,1,"IOTHUB_CLIENT_CONFIRMATION_OK"
17610,10404652639,10404652675,1,"IOTHUB_CLIENT_CONFIRMATION_OK"
17611,10404652839,10404652884,1,"IOTHUB_CLIENT_CONFIRMATION_OK"
17612,10404653039,10404653206,1,"IOTHUB_CLIENT_CONFIRMATION_OK"
17613,10404653239,10404653269,1,"IOTHUB_CLIENT_CONFIRMATION_OK"
17614,10404653439,10404653476,1,"IOTHUB_CLIENT_CONFIRMATION_OK"
17615,10404653639,10404653673,1,"IOTHUB_CLIENT_CONFIRMATION_OK"
17616,10404653839,10404653901,1,"IOTHUB_CLIENT_CONFIRMATION_OK"
17617,10404654040,10404654082,1,"IOTHUB_CLIENT_CONFIRMATION_OK"
17618,10404654240,10404654272,1,"IOTHUB_CLIENT_CONFIRMATION_OK"
17619,10404654440,10404654471,1,"IOTHUB_CLIENT_CONFIRMATION_OK"
17620,10404654640,10404654678,1,"IOTHUB_CLIENT_CONFIRMATION_OK"
17621,10404654840,10404654882,1,"IOTHUB_CLIENT_CONFIRMATION_OK"
17622,10404655040,10404655069,1,"IOTHUB_CLIENT_CONFIRMATION_OK"
17623,10404655240,10404655277,1,"IOTHUB_CLIENT_CONFIRMATION_OK"
17624,10404655441,10404655474,1,"IOTHUB_CLIENT_CONFIRMATION_OK"
17625,10404655641,10404655673,1,"IOTHUB_CLIENT_CONFIRMATION_OK"
17626,10404655841,10404656045,1,"IOTHUB_CLIENT_CONFIRMATION_OK"
17627,10404656041,10404656077,1,"IOTHUB_CLIENT_CONFIRMATION_OK"
17628,10404656241,10404656297,1,"IOTHUB_CLIENT_CONFIRMATION_OK"
17629,10404656441,10404656492,1,"IOTHUB_CLIENT_CONFIRMATION_OK"
17630,10404656642,10404656674,1,"IOTHUB_CLIENT_CONFIRMATION_OK"
17631,10404656842,10404656872,1,"IOTHUB_CLIENT_CONFIRMATION_OK"
17632,10404657042,10404657078,1,"IOTHUB_CLIENT_CONFIRMATION_OK"
17633,10404657242,10404657278,1,"IOTHUB_CLIENT_CONFIRMATION_OK"
17634,10404657442,10404657474,1,"IOTHUB_CLIENT_CONFIRMATION_OK"
17635,10404657642,10404657687,1,"IOTHUB_CLIENT_CONFIRMATION_OK"
17636,10404657843,10404657891,1,"IOTHUB_CLIENT_CONFIRMATION_OK"
17637,10404658043,10404658075,1,"IOTHUB_CLIENT_CONFIRMATION_OK"
17638,10404658243,10404658314,1,"IOTHUB_CLIENT_CONFIRMATION_OK"
17639,10404658443,10404658492,1,"IOTHUB_CLIENT_CONFIRMATION_OK"
17640,10404658643,10404658677,1,"IOTHUB_CLIENT_CONFIRMATION_OK"
17641,10404658843,10404658888,1,"IOTHUB_CLIENT_CONFIRMATION_OK"
17642,10404659043,10404659084,1,"IOTHUB_CLIENT_CONFIRMATION_OK"
17643,10404659244,10404659296,1,"IOTHUB_CLIENT_CONFIRMATION_OK"
17644,10404659444,10404659486,1,"IOTHUB_CLIENT_CONFIRMATION_OK"
17645,10404659644,10404659696,1,"IOTHUB_CLIENT_CONFIRMATION_OK"
17646,10404659844,10404659937,1,"IOTHUB_CLIENT_CONFIRMATION_OK"
17647,10404660044,10404660078,1,"IOTHUB_CLIENT_CONFIRMATION_OK"
17648,10404660244,10404660274,1,"IOTHUB_CLIENT_CONFIRMATION_OK"
17649,10404660445,10404660551,1,"IOTHUB_CLIENT_CONFIRMATION_OK"
17650,10404660645,10404660683,1,"IOTHUB_CLIENT_CONFIRMATION_OK"
17651,10404660845,10404660880,1,"IOTHUB_CLIENT_CONFIRMATION_OK"
17652,10404661045,10404661078,1,"IOTHUB_CLIENT_CONFIRMATION_OK"
17653,10404661245,10404661278,1,"IOTHUB_CLIENT_CONFIRMATION_OK"
17654,10404661445,10404661569,1,"IOTHUB_CLIENT_CONFIRMATION_OK"
17655,10404661646,10404661677,1,"IOTHUB_CLIENT_CONFIRMATION_OK"
17656,10404661846,10404661880,1,"IOTHUB_CLIENT_CONFIRMATION_OK"
17657,10404662046,10404662172,1,"IOTHUB_CLIENT_CONFIRMATION_OK"
17658,10404662246,10404662278,1,"IOTHUB_CLIENT_CONFIRMATION_OK"
17659,10404662446,10404662478,1,"IOTHUB_CLIENT_CONFIRMATION_OK"
17660,10404662646,10404662796,1,"IOTHUB_CLIENT_CONFIRMATION_OK"
17661,10404662847,10404662877,1,"IOTHUB_CLIENT_CONFIRMATION_OK"
17662,10404663047,10404663168,1,"IOTHUB_CLIENT_CONFIRMATION_OK"
17663,10404663247,10404663281,1,"IOTHUB_CLIENT_CONFIRMATION_OK"
17664,10404663447,10404663477,1,"IOTHUB_CLIENT_CONFIRMATION_OK"
17665,10404663647,10404663677,1,"IOTHUB_CLIENT_CONFIRMATION_OK"
17666,10404663847,10404663892,1,"IOTHUB_CLIENT_CONFIRMATION_OK"
17667,10404664048,10404664080,1,"IOTHUB_CLIENT_CONFIRMATION_OK"
17668,10404664248,10404664436,1,"IOTHUB_CLIENT_CONFIRMATION_OK"
17669,10404664448,10404664479,1,"IOTHUB_CLIENT_CONFIRMATION_OK"
17670,10404664648,10404664681,1,"IOTHUB_CLIENT_CONFIRMATION_OK"
17671,10404664848,10404664904,1,"IOTHUB_CLIENT_CONFIRMATION_OK"
17672,10404665048,10404665079,1,"IOTHUB_CLIENT_CONFIRMATION_OK"
17673,10404665248,10404665300,1,"IOTHUB_CLIENT_CONFIRMATION_OK"
17674,10404665449,10404665506,1,"IOTHUB_CLIENT_CONFIRMATION_OK"
17675,10404665649,10404665681,1,"IOTHUB_CLIENT_CONFIRMATION_OK"
17676,10404665849,10404665879,1,"IOTHUB_CLIENT_CONFIRMATION_OK"
17677,10404666049,10404666092,1,"IOTHUB_CLIENT_CONFIRMATION_OK"
17678,10404666249,10404666291,1,"IOTHUB_CLIENT_CONFIRMATION_OK"
17679,10404666449,10404666483,1,"IOTHUB_CLIENT_CONFIRMATION_OK"
17680,10404666650,10404667081,1,"IOTHUB_CLIENT_CONFIRMATION_OK"
17681,10404666850,10404667522,1,"IOTHUB_CLIENT_CONFIRMATION_OK"
17682,10404667050,10404667595,1,"IOTHUB_CLIENT_CONFIRMATION_OK"
17683,10404667250,10404667636,1,"IOTHUB_CLIENT_CONFIRMATION_OK"
17684,10404667450,10404667693,1,"IOTHUB_CLIENT_CONFIRMATION_OK"
17685,10404667650,10404667902,1,"IOTHUB_CLIENT_CONFIRMATION_OK"
17686,10404667851,10404667936,1,"IOTHUB_CLIENT_CONFIRMATION_OK"
17687,10404668051,10404668084,1,"IOTHUB_CLIENT_CONFIRMATION_OK"
17688,10404668251,10404668304,1,"IOTHUB_CLIENT_CONFIRMATION_OK"
17689,10404668451,10404668498,1,"IOTHUB_CLIENT_CONFIRMATION_OK"
17690,10404668651,10404668684,1,"IOTHUB_CLIENT_CONFIRMATION_OK"
17691,10404668851,10404668982,1,"IOTHUB_CLIENT_CONFIRMATION_OK"
17692,10404669052,10404669083,1,"IOTHUB_CLIENT_CONFIRMATION_OK"
17693,10404669252,10404669281,1,"IOTHUB_CLIENT_CONFIRMATION_OK"
17694,10404669452,10404669492,1,"IOTHUB_CLIENT_CONFIRMATION_OK"
17695,10404669652,10404669696,1,"IOTHUB_CLIENT_CONFIRMATION_OK"
17696,10404669852,10404669897,1,"IOTHUB_CLIENT_CONFIRMATION_OK"
17697,10404670052,10404670122,1,"IOTHUB_CLIENT_CONFIRMATION_OK"
17698,10404670253,10404670374,1,"IOTHUB_CLIENT_CONFIRMATION_OK"
17699,10404670453,10404670563,1,"IOTHUB_CLIENT_CONFIRMATION_OK"
17700,10404670653,10404670705,1,"IOTHUB_CLIENT_CONFIRMATION_OK"
17701,10404670853,10404670896,1,"IOTHUB_CLIENT_CONFIRMATION_OK"
17702,10404671053,10404671210,1,"IOTHUB_CLIENT_CONFIRMATION_OK"
17703,10404671253,10404671301,1,"IOTHUB_CLIENT_CONFIRMATION_OK"
17704,10404671454,10404671487,1,"IOTHUB_CLIENT_CONFIRMATION_OK"
17705,10404671654,10404671684,1,"IOTHUB_CLIENT_CONFIRMATION_OK"
17706,10404671854,10404671922,1,"IOTHUB_CLIENT_CONFIRMATION_OK"
17707,10404672054,10404672086,1,"IOTHUB_CLIENT_CONFIRMATION_OK"
17708,10404672254,10404672288,1,"IOTHUB_CLIENT_CONFIRMATION_OK"
17709,10404672454,10404672486,1,"IOTHUB_CLIENT_CONFIRMATION_OK"
17710,10404672655,10404672708,1,"IOTHUB_CLIENT_CONFIRMATION_OK"
17711,10404672855,10404672903,1,"IOTHUB_CLIENT_CONFIRMATION_OK"
17712,10404673055,10404673097,1,"IOTHUB_CLIENT_CONFIRMATION_OK"
17713,10404673255,10404673415,1,"IOTHUB_CLIENT_CONFIRMATION_OK"
17714,10404673455,10404673501,1,"IOTHUB_CLIENT_CONFIRMATION_OK"
17715,10404673655,10404673687,1,"IOTHUB_CLIENT_CONFIRMATION_OK"
17716,10404673855,10404673886,1,"IOTHUB_CLIENT_CONFIRMATION_OK"
17717,10404674056,10404674105,1,"IOTHUB_CLIENT_CONFIRMATION_OK"
17718,10404674256,10404674289,1,"IOTHUB_CLIENT_CONFIRMATION_OK"
17719,10404674456,10404674528,1,"IOTHUB_CLIENT_CONFIRMATION_OK"
17720,10404674656,10404674713,1,"IOTHUB_CLIENT_CONFIRMATION_OK"
17721,10404674856,10404674889,1,"IOTHUB_CLIENT_CONFIRMATION_OK"
17722,10404675056,10404675102,1,"IOTHUB_CLIENT_CONFIRMATION_OK"
17723,10404675257,10404675286,1,"IOTHUB_CLIENT_CONFIRMATION_OK"
17724,10404675457,10404675488,1,"IOTHUB_CLIENT_CONFIRMATION_OK"
17725,10404675657,10404675688,1,"IOTHUB_CLIENT_CONFIRMATION_OK"
17726,10404675857,10404675914,1,"IOTHUB_CLIENT_CONFIRMATION_OK"
17727,10404676057,10404676088,1,"IOTHUB_CLIENT_CONFIRMATION_OK"
17728,10404676257,10404676288,1,"IOTHUB_CLIENT_CONFIRMATION_OK"
17729,10404676458,10404676488,1,"IOTHUB_CLIENT_CONFIRMATION_OK"
17730,10404676658,10404676692,1,"IOTHUB_CLIENT_CONFIRMATION_OK"
17731,10404676858,10404676897,1,"IOTHUB_CLIENT_CONFIRMATION_OK"
17732,10404677058,10404677089,1,"IOTHUB_CLIENT_CONFIRMATION_OK"
17733,10404677258,10404677295,1,"IOTHUB_CLIENT_CONFIRMATION_OK"
17734,10404677458,10404677493,1,"IOTHUB_CLIENT_CONFIRMATION_OK"
17735,10404677659,10404677690,1,"IOTHUB_CLIENT_CONFIRMATION_OK"
17736,10404677859,10404677903,1,"IOTHUB_CLIENT_CONFIRMATION_OK"
17737,10404678059,10404678091,1,"IOTHUB_CLIENT_CONFIRMATION_OK"
17738,10404678259,10404678304,1,"IOTHUB_CLIENT_CONFIRMATION_OK"
17739,10404678459,10404678504,1,"IOTHUB_CLIENT_CONFIRMATION_OK"
17740,10404678659,10404678736,1,"IOTHUB_CLIENT_CONFIRMATION_OK"
17741,10404678860,10404678910,1,"IOTHUB_CLIENT_CONFIRMATION_OK"
17742,10404679060,10404679097,1,"IOTHUB_CLIENT_CONFIRMATION_OK"
17743,10404679260,10404679290,1,"IOTHUB_CLIENT_CONFIRMATION_OK"
17744,10404679460,10404679515,1,"IOTHUB_CLIENT_CONFIRMATION_OK"
17745,10404679660,10404679704,1,"IOTHUB_CLIENT_CONFIRMATION_OK"
17746,10404679860,10404679908,1,"IOTHUB_CLIENT_CONFIRMATION_OK"
17747,10404680060,10404680134,1,"IOTHUB_CLIENT_CONFIRMATION_OK"
17748,10404680261,10404680310,1,"IOTHUB_CLIENT_CONFIRMATION_OK"
17749,10404680461,10404680496,1,"IOTHUB_CLIENT_CONFIRMATION_OK"
17750,10404680661,10404680768,1,"IOTHUB_CLIENT_CONFIRMATION_OK"
17751,10404680861,10404680913,1,"IOTHUB_CLIENT_CONFIRMATION_OK"
17752,10404681061,10404681095,1,"IOTHUB_CLIENT_CONFIRMATION_OK"
17753,10404681261,10404681326,1,"IOTHUB_CLIENT_CONFIRMATION_OK"
17754,10404681462,10404681502,1,"IOTHUB_CLIENT_CONFIRMATION_OK"
17755,10404681662,10404681785,1,"IOTHUB_CLIENT_CONFIRMATION_OK"
17756,10404681862,10404681897,1,"IOTHUB_CLIENT_CONFIRMATION_OK"
17757,10404682062,10404682096,1,"IOTHUB_CLIENT_CONFIRMATION_OK"
17758,10404682262,10404682403,1,"IOTHUB_CLIENT_CONFIRMATION_OK"
17759,10404682462,10404682493,1,"IOTHUB_CLIENT_CONFIRMATION_OK"
17760,10404682662,10404682695,1,"IOTHUB_CLIENT_CONFIRMATION_OK"
17761,10404682863,10404682990,1,"IOTHUB_CLIENT_CONFIRMATION_OK"
17762,10404683063,10404683091,1,"IOTHUB_CLIENT_CONFIRMATION_OK"
17763,10404683263,10404683298,1,"IOTHUB_CLIENT_CONFIRMATION_OK"
17764,10404683463,10404683495,1,"IOTHUB_CLIENT_CONFIRMATION_OK"
17765,10404683663,10404683698,1,"IOTHUB_CLIENT_CONFIRMATION_OK"
17766,10404683863,10404683903,1,"IOTHUB_CLIENT_CONFIRMATION_OK"
17767,10404684064,10404684119,1,"IOTHUB_CLIENT_CONFIRMATION_OK"
17768,10404684264,10404684295,1,"IOTHUB_CLIENT_CONFIRMATION_OK"
17769,10404684464,10404684638,1,"IOTHUB_CLIENT_CONFIRMATION_OK"
17770,10404684664,10404684699,1,"IOTHUB_CLIENT_CONFIRMATION_OK"
17771,10404684864,10404684909,1,"IOTHUB_CLIENT_CONFIRMATION_OK"
17772,10404685064,10404685271,1,"IOTHUB_CLIENT_CONFIRMATION_OK"
17773,10404685265,10404685312,1,"IOTHUB_CLIENT_CONFIRMATION_OK"
17774,10404685465,10404685523,1,"IOTHUB_CLIENT_CONFIRMATION_OK"
17775,10404685665,10404685697,1,"IOTHUB_CLIENT_CONFIRMATION_OK"
17776,10404685865,10404685902,1,"IOTHUB_CLIENT_CONFIRMATION_OK"
17777,10404686065,10404686101,1,"IOTHUB_CLIENT_CONFIRMATION_OK"
17778,10404686265,10404686299,1,"IOTHUB_CLIENT_CONFIRMATION_OK"
17779,10404686466,10404686497,1,"IOTHUB_CLIENT_CONFIRMATION_OK"
17780,10404686666,10404686700,1,"IOTHUB_CLIENT_CONFIRMATION_OK"
17781,10404686866,10404686914,1,"IOTHUB_CLIENT_CONFIRMATION_OK"
17782,10404687066,10404687114,1,"IOTHUB_CLIENT_CONFIRMATION_OK"
17783,10404687266,10404687301,1,"IOTHUB_CLIENT_CONFIRMATION_OK"
17784,10404687466,10404687522,1,"IOTHUB_CLIENT_CONFIRMATION_OK"
17785,10404687667,10404687726,1,"IOTHUB_CLIENT_CONFIRMATION_OK"
17786,10404687867,10404687918,1,"IOTHUB_CLIENT_CONFIRMATION_OK"
17787,10404688067,10404688106,1,"IOTHUB_CLIENT_CONFIRMATION_OK"
17788,10404688267,10404688296,1,"IOTHUB_CLIENT_CONFIRMATION_OK"
17789,10404688467,10404688519,1,"IOTHUB_CLIENT_CONFIRMATION_OK"
17790,10404688667,10404688711,1,"IOTHUB_CLIENT_CONFIRMATION_OK"
17791,10404688868,10404688902,1,"IOTHUB_CLIENT_CONFIRMATION_OK"
17792,10404689068,10404689145,1,"IOTHUB_CLIENT_CONFIRMATION_OK"
17793,10404689268,10404689301,1,"IOTHUB_CLIENT_CONFIRMATION_OK"
17794,10404689468,10404689511,1,"IOTHUB_CLIENT_CONFIRMATION_OK"
17795,10404689668,10404689703,1,"IOTHUB_CLIENT_CONFIRMATION_OK"
17796,10404689868,10404689917,1,"IOTHUB_CLIENT_CONFIRMATION_OK"
17797,10404690069,10404690156,1,"IOTHUB_CLIENT_CONFIRMATION_OK"
17798,10404690269,10404690299,1,"IOTHUB_CLIENT_CONFIRMATION_OK"
17799,10404690469,10404690525,1,"IOTHUB_CLIENT_CONFIRMATION_OK"
17800,10404690669,10404690858,1,"IOTHUB_CLIENT_CONFIRMATION_OK"
17801,10404690869,10404690912,1,"IOTHUB_CLIENT_CONFIRMATION_OK"
17802,10404691069,10404691121,1,"IOTHUB_CLIENT_CONFIRMATION_OK"
17803,10404691269,10404691381,1,"IOTHUB_CLIENT_CONFIRMATION_OK"
17804,10404691470,10404691502,1,"IOTHUB_CLIENT_CONFIRMATION_OK"
17805,10404691670,10404691702,1,"IOTHUB_CLIENT_CONFIRMATION_OK"
17806,10404691870,10404691905,1,"IOTHUB_CLIENT_CONFIRMATION_OK"
17807,10404692070,10404692099,1,"IOTHUB_CLIENT_CONFIRMATION_OK"
17808,10404692270,10404692299,1,"IOTHUB_CLIENT_CONFIRMATION_OK"
17809,10404692470,10404692505,1,"IOTHUB_CLIENT_CONFIRMATION_OK"
17810,10404692671,10404692702,1,"IOTHUB_CLIENT_CONFIRMATION_OK"
17811,10404692871,10404692989,1,"IOTHUB_CLIENT_CONFIRMATION_OK"
17812,10404693071,10404693104,1,"IOTHUB_CLIENT_CONFIRMATION_OK"
17813,10404693271,10404693303,1,"IOTHUB_CLIENT_CONFIRMATION_OK"
17814,10404693471,10404693614,1,"IOTHUB_CLIENT_CONFIRMATION_OK"
17815,10404693671,10404693700,1,"IOTHUB_CLIENT_CONFIRMATION_OK"
17816,10404693872,10404693906,1,"IOTHUB_CLIENT_CONFIRMATION_OK"
17817,10404694072,10404694121,1,"IOTHUB_CLIENT_CONFIRMATION_OK"
17818,10404694272,10404694307,1,"IOTHUB_CLIENT_CONFIRMATION_OK"
17819,10404694472,10404694523,1,"IOTHUB_CLIENT_CONFIRMATION_OK"
17820,10404694672,10404694736,1,"IOTHUB_CLIENT_CONFIRMATION_OK"
17821,10404694872,10404694915,1,"IOTHUB_CLIENT_CONFIRMATION_OK"
17822,10404695073,10404695109,1,"IOTHUB_CLIENT_CONFIRMATION_OK"
17823,10404695273,10404695319,1,"IOTHUB_CLIENT_CONFIRMATION_OK"
17824,10404695473,10404695585,1,"IOTHUB_CLIENT_CONFIRMATION_OK"
17825,10404695673,10404695863,1,"IOTHUB_CLIENT_CONFIRMATION_OK"
17826,10404695873,10404695911,1,"IOTHUB_CLIENT_CONFIRMATION_OK"
17827,10404696073,10404696116,1,"IOTHUB_CLIENT_CONFIRMATION_OK"
17828,10404696273,10404696307,1,"IOTHUB_CLIENT_CONFIRMATION_OK"
17829,10404696474,10404696511,1,"IOTHUB_CLIENT_CONFIRMATION_OK"
17830,10404696674,10404696712,1,"IOTHUB_CLIENT_CONFIRMATION_OK"
17831,10404696874,10404696914,1,"IOTHUB_CLIENT_CONFIRMATION_OK"
17832,10404697074,10404697106,1,"IOTHUB_CLIENT_CONFIRMATION_OK"
17833,10404697274,10404697307,1,"IOTHUB_CLIENT_CONFIRMATION_OK"
17834,10404697474,10404697517,1,"IOTHUB_CLIENT_CONFIRMATION_OK"
17835,10404697675,10404697732,1,"IOTHUB_CLIENT_CONFIRMATION_OK"
17836,10404697875,10404697905,1,"IOTHUB_CLIENT_CONFIRMATION_OK"
17837,10404698075,10404698110,1,"IOTHUB_CLIENT_CONFIRMATION_OK"
17838,10404698275,10404698307,1,"IOTHUB_CLIENT_CONFIRMATION_OK"
17839,10404698475,10404698506,1,"IOTHUB_CLIENT_CONFIRMATION_OK"
17840,10404698675,10404698706,1,"IOTHUB_CLIENT_CONFIRMATION_OK"
17841,10404698876,10404698920,1,"IOTHUB_CLIENT_CONFIRMATION_OK"
17842,10404699076,10404699110,1,"IOTHUB_CLIENT_CONFIRMATION_OK"
17843,10404699276,10404699320,1,"IOTHUB_CLIENT_CONFIRMATION_OK"
17844,10404699476,10404699518,1,"IOTHUB_CLIENT_CONFIRMATION_OK"
17845,10404699676,10404699716,1,"IOTHUB_CLIENT_CONFIRMATION_OK"
17846,10404699876,10404699907,1,"IOTHUB_CLIENT_CONFIRMATION_OK"
17847,10404700076,10404700113,1,"IOTHUB_CLIENT_CONFIRMATION_OK"
17848,10404700277,10404700349,1,"IOTHUB_CLIENT_CONFIRMATION_OK"
17849,10404700477,10404700544,1,"IOTHUB_CLIENT_CONFIRMATION_OK"
17850,10404700677,10404700709,1,"IOTHUB_CLIENT_CONFIRMATION_OK"
17851,10404700877,10404700911,1,"IOTHUB_CLIENT_CONFIRMATION_OK"
17852,10404701077,10404701123,1,"IOTHUB_CLIENT_CONFIRMATION_OK"
17853,10404701277,10404701321,1,"IOTHUB_CLIENT_CONFIRMATION_OK"
17854,10404701478,10404701509,1,"IOTHUB_CLIENT_CONFIRMATION_OK"
17855,10404701678,10404701729,1,"IOTHUB_CLIENT_CONFIRMATION_OK"
17856,10404701878,10404702026,1,"IOTHUB_CLIENT_CONFIRMATION_OK"
17857,10404702078,10404702116,1,"IOTHUB_CLIENT_CONFIRMATION_OK"
17858,10404702278,10404702309,1,"IOTHUB_CLIENT_CONFIRMATION_OK"
17859,10404702478,10404702634,1,"IOTHUB_CLIENT_CONFIRMATION_OK"
17860,10404702679,10404702713,1,"IOTHUB_CLIENT_CONFIRMATION_OK"
17861,10404702879,10404702916,1,"IOTHUB_CLIENT_CONFIRMATION_OK"
17862,10404703079,10404703119,1,"IOTHUB_CLIENT_CONFIRMATION_OK"
17863,10404703279,10404703324,1,"IOTHUB_CLIENT_CONFIRMATION_OK"
17864,10404703479,10404703521,1,"IOTHUB_CLIENT_CONFIRMATION_OK"
17865,10404703679,10404703708,1,"IOTHUB_CLIENT_CONFIRMATION_OK"
17866,10404703880,10404703913,1,"IOTHUB_CLIENT_CONFIRMATION_OK"
17867,10404704080,10404704110,1,"IOTHUB_CLIENT_CONFIRMATION_OK"
17868,10404704280,10404704311,1,"IOTHUB_CLIENT_CONFIRMATION_OK"
17869,10404704480,10404704540,1,"IOTHUB_CLIENT_CONFIRMATION_OK"
17870,10404704680,10404704861,1,"IOTHUB_CLIENT_CONFIRMATION_OK"
17871,10404704880,10404704909,1,"IOTHUB_CLIENT_CONFIRMATION_OK"
17872,10404705080,10404705125,1,"IOTHUB_CLIENT_CONFIRMATION_OK"
17873,10404705281,10404705314,1,"IOTHUB_CLIENT_CONFIRMATION_OK"
17874,10404705481,10404705533,1,"IOTHUB_CLIENT_CONFIRMATION_OK"
17875,10404705681,10404705720,1,"IOTHUB_CLIENT_CONFIRMATION_OK"
17876,10404705881,10404705922,1,"IOTHUB_CLIENT_CONFIRMATION_OK"
17877,10404706081,10404706194,1,"IOTHUB_CLIENT_CONFIRMATION_OK"
17878,10404706281,10404706319,1,"IOTHUB_CLIENT_CONFIRMATION_OK"
17879,10404706482,10404706532,1,"IOTHUB_CLIENT_CONFIRMATION_OK"
17880,10404706682,10404706725,1,"IOTHUB_CLIENT_CONFIRMATION_OK"
17881,10404706882,10404706925,1,"IOTHUB_CLIENT_CONFIRMATION_OK"
17882,10404707082,10404707124,1,"IOTHUB_CLIENT_CONFIRMATION_OK"
17883,10404707282,10404707312,1,"IOTHUB_CLIENT_CONFIRMATION_OK"
17884,10404707482,10404707511,1,"IOTHUB_CLIENT_CONFIRMATION_OK"
17885,10404707682,10404707742,1,"IOTHUB_CLIENT_CONFIRMATION_OK"
17886,10404707883,10404707915,1,"IOTHUB_CLIENT_CONFIRMATION_OK"
17887,10404708083,10404708139,1,"IOTHUB_CLIENT_CONFIRMATION_OK"
17888,10404708283,10404708321,1,"IOTHUB_CLIENT_CONFIRMATION_OK"
17889,10404708483,10404708521,1,"IOTHUB_CLIENT_CONFIRMATION_OK"
17890,10404708683,10404708742,1,"IOTHUB_CLIENT_CONFIRMATION_OK"
17891,10404708883,10404708917,1,"IOTHUB_CLIENT_CONFIRMATION_OK"
17892,10404709084,10404709116,1,"IOTHUB_CLIENT_CONFIRMATION_OK"
17893,10404709284,10404709362,1,"IOTHUB_CLIENT_CONFIRMATION_OK"
17894,10404709484,10404709519,1,"IOTHUB_CLIENT_CONFIRMATION_OK"
17895,10404709684,10404709715,1,"IOTHUB_CLIENT_CONFIRMATION_OK"
17896,10404709884,10404709992,1,"IOTHUB_CLIENT_CONFIRMATION_OK"
17897,10404710084,10404710131,1,"IOTHUB_CLIENT_CONFIRMATION_OK"
17898,10404710285,10404710382,1,"IOTHUB_CLIENT_CONFIRMATION_OK"
17899,10404710485,10404710516,1,"IOTHUB_CLIENT_CONFIRMATION_OK"
17900,10404710685,10404710727,1,"IOTHUB_CLIENT_CONFIRMATION_OK"
17901,10404710885,10404710990,1,"IOTHUB_CLIENT_CONFIRMATION_OK"
17902,10404711085,10404711116,1,"IOTHUB_CLIENT_CONFIRMATION_OK"
17903,10404711285,10404711318,1,"IOTHUB_CLIENT_CONFIRMATION_OK"
17904,10404711486,10404711607,1,"IOTHUB_CLIENT_CONFIRMATION_OK"
17905,10404711686,10404711725,1,"IOTHUB_CLIENT_CONFIRMATION_OK"
17906,10404711886,10404711919,1,"IOTHUB_CLIENT_CONFIRMATION_OK"
17907,10404712086,10404712118,1,"IOTHUB_CLIENT_CONFIRMATION_OK"
17908,10404712286,10404712344,1,"IOTHUB_CLIENT_CONFIRMATION_OK"
17909,10404712486,10404712521,1,"IOTHUB_CLIENT_CONFIRMATION_OK"
17910,10404712686,10404712731,1,"IOTHUB_CLIENT_CONFIRMATION_OK"
17911,10404712887,10404712940,1,"IOTHUB_CLIENT_CONFIRMATION_OK"
17912,10404713087,10404713243,1,"IOTHUB_CLIENT_CONFIRMATION_OK"
17913,10404713287,10404713320,1,"IOTHUB_CLIENT_CONFIRMATION_OK"
17914,10404713487,10404713518,1,"IOTHUB_CLIENT_CONFIRMATION_OK"
17915,10404713687,10404713906,1,"IOTHUB_CLIENT_CONFIRMATION_OK"
17916,10404713887,10404713936,1,"IOTHUB_CLIENT_CONFIRMATION_OK"
17917,10404714088,10404714131,1,"IOTHUB_CLIENT_CONFIRMATION_OK"
17918,10404714288,10404714331,1,"IOTHUB_CLIENT_CONFIRMATION_OK"
17919,10404714488,10404714519,1,"IOTHUB_CLIENT_CONFIRMATION_OK"
17920,10404714688,10404714722,1,"IOTHUB_CLIENT_CONFIRMATION_OK"
17921,10404714888,10404714919,1,"IOTHUB_CLIENT_CONFIRMATION_OK"
17922,10404715088,10404715118,1,"IOTHUB_CLIENT_CONFIRMATION_OK"
17923,10404715288,10404715322,1,"IOTHUB_CLIENT_CONFIRMATION_OK"
17924,10404715489,10404715550,1,"IOTHUB_CLIENT_CONFIRMATION_OK"
17925,10404715689,10404715721,1,"IOTHUB_CLIENT_CONFIRMATION_OK"
17926,10404715889,10404715920,1,"IOTHUB_CLIENT_CONFIRMATION_OK"
17927,10404716089,10404716121,1,"IOTHUB_CLIENT_CONFIRMATION_OK"
17928,10404716289,10404716342,1,"IOTHUB_CLIENT_CONFIRMATION_OK"
17929,10404716489,10404716535,1,"IOTHUB_CLIENT_CONFIRMATION_OK"
17930,10404716690,10404716730,1,"IOTHUB_CLIENT_CONFIRMATION_OK"
17931,10404716890,10404716934,1,"IOTHUB_CLIENT_CONFIRMATION_OK"
17932,10404717090,10404717127,1,"IOTHUB_CLIENT_CONFIRMATION_OK"
17933,10404717290,10404717325,1,"IOTHUB_CLIENT_CONFIRMATION_OK"
17934,10404717490,10404717524,1,"IOTHUB_CLIENT_CONFIRMATION_OK"
17935,10404717690,10404717739,1,"IOTHUB_CLIENT_CONFIRMATION_OK"
17936,10404717891,10404717937,1,"IOTHUB_CLIENT_CONFIRMATION_OK"
17937,10404718091,10404718126,1,"IOTHUB_CLIENT_CONFIRMATION_OK"
17938,10404718291,10404718345,1,"IOTHUB_CLIENT_CONFIRMATION_OK"
17939,10404718491,10404718525,1,"IOTHUB_CLIENT_CONFIRMATION_OK"
17940,10404718691,10404718756,1,"IOTHUB_CLIENT_CONFIRMATION_OK"
17941,10404718891,10404718923,1,"IOTHUB_CLIENT_CONFIRMATION_OK"
17942,10404719092,10404719121,1,"IOTHUB_CLIENT_CONFIRMATION_OK"
17943,10404719292,10404719369,1,"IOTHUB_CLIENT_CONFIRMATION_OK"
17944,10404719492,10404719523,1,"IOTHUB_CLIENT_CONFIRMATION_OK"
17945,10404719692,10404719724,1,"IOTHUB_CLIENT_CONFIRMATION_OK"
17946,10404719892,10404719979,1,"IOTHUB_CLIENT_CONFIRMATION_OK"
17947,10404720092,10404720122,1,"IOTHUB_CLIENT_CONFIRMATION_OK"
17948,10404720292,10404720332,1,"IOTHUB_CLIENT_CONFIRMATION_OK"
17949,10404720493,10404720589,1,"IOTHUB_CLIENT_CONFIRMATION_OK"
17950,10404720693,10404720739,1,"IOTHUB_CLIENT_CONFIRMATION_OK"
17951,10404720893,10404720924,1,"IOTHUB_CLIENT_CONFIRMATION_OK"
17952,10404721093,10404721127,1,"IOTHUB_CLIENT_CONFIRMATION_OK"
17953,10404721293,10404721325,1,"IOTHUB_CLIENT_CONFIRMATION_OK"
17954,10404721493,10404721601,1,"IOTHUB_CLIENT_CONFIRMATION_OK"
17955,10404721694,10404721749,1,"IOTHUB_CLIENT_CONFIRMATION_OK"
17956,10404721894,10404721935,1,"IOTHUB_CLIENT_CONFIRMATION_OK"
17957,10404722094,10404722218,1,"IOTHUB_CLIENT_CONFIRMATION_OK"
17958,10404722294,10404722327,1,"IOTHUB_CLIENT_CONFIRMATION_OK"
17959,10404722494,10404722529,1,"IOTHUB_CLIENT_CONFIRMATION_OK"
17960,10404722694,10404722820,1,"IOTHUB_CLIENT_CONFIRMATION_OK"
17961,10404722894,10404722926,1,"IOTHUB_CLIENT_CONFIRMATION_OK"
17962,10404723095,10404723125,1,"IOTHUB_CLIENT_CONFIRMATION_OK"
17963,10404723295,10404723328,1,"IOTHUB_CLIENT_CONFIRMATION_OK"
17964,10404723495,10404723552,1,"IOTHUB_CLIENT_CONFIRMATION_OK"
17965,10404723695,10404723729,1,"IOTHUB_CLIENT_CONFIRMATION_OK"
17966,10404723895,10404723935,1,"IOTHUB_CLIENT_CONFIRMATION_OK"
17967,10404724095,10404724128,1,"IOTHUB_CLIENT_CONFIRMATION_OK"
17968,10404724296,10404724431,1,"IOTHUB_CLIENT_CONFIRMATION_OK"
17969,10404724496,10404724528,1,"IOTHUB_CLIENT_CONFIRMATION_OK"
17970,10404724696,10404724731,1,"IOTHUB_CLIENT_CONFIRMATION_OK"
17971,10404724896,10404725064,1,"IOTHUB_CLIENT_CONFIRMATION_OK"
17972,10404725096,10404725128,1,"IOTHUB_CLIENT_CONFIRMATION_OK"
17973,10404725296,10404725336,1,"IOTHUB_CLIENT_CONFIRMATION_OK"
17974,10404725496,10404725535,1,"IOTHUB_CLIENT_CONFIRMATION_OK"
17975,10404725697,10404725752,1,"IOTHUB_CLIENT_CONFIRMATION_OK"
17976,10404725897,10404725943,1,"IOTHUB_CLIENT_CONFIRMATION_OK"
17977,10404726097,10404726132,1,"IOTHUB_CLIENT_CONFIRMATION_OK"
17978,10404726297,10404726333,1,"IOTHUB_CLIENT_CONFIRMATION_OK"
17979,10404726497,10404726529,1,"IOTHUB_CLIENT_CONFIRMATION_OK"
17980,10404726697,10404726760,1,"IOTHUB_CLIENT_CONFIRMATION_OK"
17981,10404726898,10404726929,1,"IOTHUB_CLIENT_CONFIRMATION_OK"
17982,10404727098,10404727316,1,"IOTHUB_CLIENT_CONFIRMATION_OK"
17983,10404727298,10404727330,1,"IOTHUB_CLIENT_CONFIRMATION_OK"
17984,10404727498,10404727531,1,"IOTHUB_CLIENT_CONFIRMATION_OK"
17985,10404727698,10404727729,1,"IOTHUB_CLIENT_CONFIRMATION_OK"
17986,10404727898,10404727943,1,"IOTHUB_CLIENT_CONFIRMATION_OK"
17987,10404728098,10404728141,1,"IOTHUB_CLIENT_CONFIRMATION_OK"
17988,10404728299,10404728340,1,"IOTHUB_CLIENT_CONFIRMATION_OK"
17989,10404728499,10404728529,1,"IOTHUB_CLIENT_CONFIRMATION_OK"
17990,10404728699,10404728734,1,"IOTHUB_CLIENT_CONFIRMATION_OK"
17991,10404728899,10404728955,1,"IOTHUB_CLIENT_CONFIRMATION_OK"
17992,10404729099,10404729129,1,"IOTHUB_CLIENT_CONFIRMATION_OK"
17993,10404729299,10404729343,1,"IOTHUB_CLIENT_CONFIRMATION_OK"
17994,10404729499,10404729566,1,"IOTHUB_CLIENT_CONFIRMATION_OK"
17995,10404729700,10404729731,1,"IOTHUB_CLIENT_CONFIRMATION_OK"
17996,10404729900,10404729932,1,"IOTHUB_CLIENT_CONFIRMATION_OK"
17997,10404730100,10404730136,1,"IOTHUB_CLIENT_CONFIRMATION_OK"
17998,10404730300,10404730330,1,"IOTHUB_CLIENT_CONFIRMATION_OK"
17999,10404730500,10404730571,1,"IOTHUB_CLIENT_CONFIRMATION_OK"
18000,10404730700,10404730739,1,"IOTHUB_CLIENT_CONFIRMATION_OK"
18001,10404730901,10404731066,1,"IOTHUB_CLIENT_CONFIRMATION_OK"
18002,10404731101,10404731367,1,"IOTHUB_CLIENT_CONFIRMATION_OK"
18003,10404731301,10404731399,1,"IOTHUB_CLIENT_CONFIRMATION_OK"
18004,10404731501,10404731533,1,"IOTHUB_CLIENT_CONFIRMATION_OK"
18005,10404731701,10404731744,1,"IOTHUB_CLIENT_CONFIRMATION_OK"
18006,10404731901,10404731961,1,"IOTHUB_CLIENT_CONFIRMATION_OK"
18007,10404732101,10404732147,1,"IOTHUB_CLIENT_CONFIRMATION_OK"
18008,10404732302,10404732347,1,"IOTHUB_CLIENT_CONFIRMATION_OK"
18009,10404732502,10404732539,1,"IOTHUB_CLIENT_CONFIRMATION_OK"
18010,10404732702,10404732736,1,"IOTHUB_CLIENT_CONFIRMATION_OK"
18011,10404732902,10404732931,1,"IOTHUB_CLIENT_CONFIRMATION_OK"
18012,10404733102,10404733147,1,"IOTHUB_CLIENT_CONFIRMATION_OK"
18013,10404733302,10404733449,1,"IOTHUB_CLIENT_CONFIRMATION_OK"
18014,10404733503,10404733534,1,"IOTHUB_CLIENT_CONFIRMATION_OK"
18015,10404733703,10404733739,1,"IOTHUB_CLIENT_CONFIRMATION_OK"
18016,10404733903,10404733937,1,"IOTHUB_CLIENT_CONFIRMATION_OK"
18017,10404734103,10404734139,1,"IOTHUB_CLIENT_CONFIRMATION_OK"
18018,10404734303,10404734333,1,"IOTHUB_CLIENT_CONFIRMATION_OK"
18019,10404734503,10404734533,1,"IOTHUB_CLIENT_CONFIRMATION_OK"
18020,10404734704,10404734740,1,"IOTHUB_CLIENT_CONFIRMATION_OK"
18021,10404734904,10404734953,1,"IOTHUB_CLIENT_CONFIRMATION_OK"
18022,10404735104,10404735136,1,"IOTHUB_CLIENT_CONFIRMATION_OK"
18023,10404735304,10404735336,1,"IOTHUB_CLIENT_CONFIRMATION_OK"
18024,10404735504,10404735536,1,"IOTHUB_CLIENT_CONFIRMATION_OK"
18025,10404735704,10404735736,1,"IOTHUB_CLIENT_CONFIRMATION_OK"
18026,10404735904,10404735940,1,"IOTHUB_CLIENT_CONFIRMATION_OK"
18027,10404736105,10404736305,1,"IOTHUB_CLIENT_CONFIRMATION_OK"
18028,10404736305,10404736340,1,"IOTHUB_CLIENT_CONFIRMATION_OK"
18029,10404736505,10404736537,1,"IOTHUB_CLIENT_CONFIRMATION_OK"
18030,10404736705,10404736737,1,"IOTHUB_CLIENT_CONFIRMATION_OK"
18031,10404736905,10404736941,1,"IOTHUB_CLIENT_CONFIRMATION_OK"
18032,10404737105,10404737139,1,"IOTHUB_CLIENT_CONFIRMATION_OK"
18033,10404737306,10404737356,1,"IOTHUB_CLIENT_CONFIRMATION_OK"
18034,10404737506,10404737537,1,"IOTHUB_CLIENT_CONFIRMATION_OK"
18035,10404737706,10404737792,1,"IOTHUB_CLIENT_CONFIRMATION_OK"
18036,10404737906,10404737942,1,"IOTHUB_CLIENT_CONFIRMATION_OK"
18037,10404738106,10404738141,1,"IOTHUB_CLIENT_CONFIRMATION_OK"
18038,10404738306,10404738352,1,"IOTHUB_CLIENT_CONFIRMATION_OK"
18039,10404738507,10404738557,1,"IOTHUB_CLIENT_CONFIRMATION_OK"
18040,10404738707,10404738740,1,"IOTHUB_CLIENT_CONFIRMATION_OK"
18041,10404738907,10404738942,1,"IOTHUB_CLIENT_CONFIRMATION_OK"
18042,10404739107,10404739153,1,"IOTHUB_CLIENT_CONFIRMATION_OK"
18043,10404739307,10404739342,1,"IOTHUB_CLIENT_CONFIRMATION_OK"
18044,10404739507,10404739559,1,"IOTHUB_CLIENT_CONFIRMATION_OK"
18045,10404739708,10404739739,1,"IOTHUB_CLIENT_CONFIRMATION_OK"
18046,10404739908,10404739940,1,"IOTHUB_CLIENT_CONFIRMATION_OK"
18047,10404740108,10404740176,1,"IOTHUB_CLIENT_CONFIRMATION_OK"
18048,10404740308,10404740342,1,"IOTHUB_CLIENT_CONFIRMATION_OK"
18049,10404740508,10404740549,1,"IOTHUB_CLIENT_CONFIRMATION_OK"
18050,10404740708,10404740785,1,"IOTHUB_CLIENT_CONFIRMATION_OK"
18051,10404740908,10404740942,1,"IOTHUB_CLIENT_CONFIRMATION_OK"
18052,10404741109,10404741180,1,"IOTHUB_CLIENT_CONFIRMATION_OK"
18053,10404741309,10404741390,1,"IOTHUB_CLIENT_CONFIRMATION_OK"
18054,10404741509,10404741542,1,"IOTHUB_CLIENT_CONFIRMATION_OK"
18055,10404741709,10404741791,1,"IOTHUB_CLIENT_CONFIRMATION_OK"
18056,10404741909,10404741940,1,"IOTHUB_CLIENT_CONFIRMATION_OK"
18057,10404742109,10404742145,1,"IOTHUB_CLIENT_CONFIRMATION_OK"
18058,10404742310,10404742440,1,"IOTHUB_CLIENT_CONFIRMATION_OK"
18059,10404742510,10404742542,1,"IOTHUB_CLIENT_CONFIRMATION_OK"
18060,10404742710,10404742781,1,"IOTHUB_CLIENT_CONFIRMATION_OK"
18061,10404742910,10404742940,1,"IOTHUB_CLIENT_CONFIRMATION_OK"
18062,10404743110,10404743143,1,"IOTHUB_CLIENT_CONFIRMATION_OK"
18063,10404743310,10404743396,1,"IOTHUB_CLIENT_CONFIRMATION_OK"
18064,10404743511,10404743540,1,"IOTHUB_CLIENT_CONFIRMATION_OK"
18065,10404743711,10404743760,1,"IOTHUB_CLIENT_CONFIRMATION_OK"
18066,10404743911,10404743942,1,"IOTHUB_CLIENT_CONFIRMATION_OK"
18067,10404744111,10404744145,1,"IOTHUB_CLIENT_CONFIRMATION_OK"
18068,10404744311,10404744352,1,"IOTHUB_CLIENT_CONFIRMATION_OK"
18069,10404744511,10404744671,1,"IOTHUB_CLIENT_CONFIRMATION_OK"
18070,10404744711,10404744745,1,"IOTHUB_CLIENT_CONFIRMATION_OK"
18071,10404744912,10404744942,1,"IOTHUB_CLIENT_CONFIRMATION_OK"
18072,10404745112,10404745276,1,"IOTHUB_CLIENT_CONFIRMATION_OK"
18073,10404745312,10404745368,1,"IOTHUB_CLIENT_CONFIRMATION_OK"
18074,10404745512,10404745546,1,"IOTHUB_CLIENT_CONFIRMATION_OK"
18075,10404745712,10404745792,1,"IOTHUB_CLIENT_CONFIRMATION_OK"
18076,10404745912,10404745956,1,"IOTHUB_CLIENT_CONFIRMATION_OK"
18077,10404746113,10404746148,1,"IOTHUB_CLIENT_CONFIRMATION_OK"
18078,10404746313,10404746354,1,"IOTHUB_CLIENT_CONFIRMATION_OK"
18079,10404746513,10404746551,1,"IOTHUB_CLIENT_CONFIRMATION_OK"
18080,10404746713,10404746778,1,"IOTHUB_CLIENT_CONFIRMATION_OK"
18081,10404746913,10404746961,1,"IOTHUB_CLIENT_CONFIRMATION_OK"
18082,10404747113,10404747144,1,"IOTHUB_CLIENT_CONFIRMATION_OK"
18083,10404747314,10404747364,1,"IOTHUB_CLIENT_CONFIRMATION_OK"
18084,10404747514,10404747547,1,"IOTHUB_CLIENT_CONFIRMATION_OK"
18085,10404747714,10404747746,1,"IOTHUB_CLIENT_CONFIRMATION_OK"
18086,10404747914,10404748004,1,"IOTHUB_CLIENT_CONFIRMATION_OK"
18087,10404748114,10404748145,1,"IOTHUB_CLIENT_CONFIRMATION_OK"
18088,10404748314,10404748351,1,"IOTHUB_CLIENT_CONFIRMATION_OK"
18089,10404748514,10404748624,1,"IOTHUB_CLIENT_CONFIRMATION_OK"
18090,10404748715,10404748763,1,"IOTHUB_CLIENT_CONFIRMATION_OK"
18091,10404748915,10404748958,1,"IOTHUB_CLIENT_CONFIRMATION_OK"
18092,10404749115,10404749149,1,"IOTHUB_CLIENT_CONFIRMATION_OK"
18093,10404749315,10404749348,1,"IOTHUB_CLIENT_CONFIRMATION_OK"
18094,10404749515,10404749548,1,"IOTHUB_CLIENT_CONFIRMATION_OK"
18095,10404749715,10404749755,1,"IOTHUB_CLIENT_CONFIRMATION_OK"
18096,10404749916,10404749946,1,"IOTHUB_CLIENT_CONFIRMATION_OK"
18097,10404750116,10404750229,1,"IOTHUB_CLIENT_CONFIRMATION_OK"
18098,10404750316,10404750361,1,"IOTHUB_CLIENT_CONFIRMATION_OK"
18099,10404750516,10404750561,1,"IOTHUB_CLIENT_CONFIRMATION_OK"
18100,10404750716,10404750861,1,"IOTHUB_CLIENT_CONFIRMATION_OK"
18101,10404750916,10404750950,1,"IOTHUB_CLIENT_CONFIRMATION_OK"
18102,10404751117,10404751156,1,"IOTHUB_CLIENT_CONFIRMATION_OK"
18103,10404751317,10404751365,1,"IOTHUB_CLIENT_CONFIRMATION_OK"
18104,10404751517,10404751550,1,"IOTHUB_CLIENT_CONFIRMATION_OK"
18105,10404751717,10404751764,1,"IOTHUB_CLIENT_CONFIRMATION_OK"
18106,10404751917,10404751952,1,"IOTHUB_CLIENT_CONFIRMATION_OK"
18107,10404752117,10404752244,1,"IOTHUB_CLIENT_CONFIRMATION_OK"
18108,10404752317,10404752349,1,"IOTHUB_CLIENT_CONFIRMATION_OK"
18109,10404752518,10404752549,1,"IOTHUB_CLIENT_CONFIRMATION_OK"
18110,10404752718,10404752754,1,"IOTHUB_CLIENT_CONFIRMATION_OK"
18111,10404752918,10404753105,1,"IOTHUB_CLIENT_CONFIRMATION_OK"
18112,10404753118,10404753149,1,"IOTHUB_CLIENT_CONFIRMATION_OK"
18113,10404753318,10404753348,1,"IOTHUB_CLIENT_CONFIRMATION_OK"
18114,10404753518,10404753554,1,"IOTHUB_CLIENT_CONFIRMATION_OK"
18115,10404753718,10404753761,1,"IOTHUB_CLIENT_CONFIRMATION_OK"
18116,10404753919,10404753948,1,"IOTHUB_CLIENT_CONFIRMATION_OK"
18117,10404754119,10404754155,1,"IOTHUB_CLIENT_CONFIRMATION_OK"
18118,10404754319,10404754348,1,"IOTHUB_CLIENT_CONFIRMATION_OK"
18119,10404754519,10404754554,1,"IOTHUB_CLIENT_CONFIRMATION_OK"
18120,10404754719,10404754750,1,"IOTHUB_CLIENT_CONFIRMATION_OK"
18121,10404754919,10404754952,1,"IOTHUB_CLIENT_CONFIRMATION_OK"
18122,10404755120,10404755154,1,"IOTHUB_CLIENT_CONFIRMATION_OK"
18123,10404755320,10404755356,1,"IOTHUB_CLIENT_CONFIRMATION_OK"
18124,10404755520,10404755550,1,"IOTHUB_CLIENT_CONFIRMATION_OK"
18125,10404755720,10404755748,1,"IOTHUB_CLIENT_CONFIRMATION_OK"
18126,10404755920,10404755954,1,"IOTHUB_CLIENT_CONFIRMATION_OK"
18127,10404756120,10404756154,1,"IOTHUB_CLIENT_CONFIRMATION_OK"
18128,10404756320,10404756361,1,"IOTHUB_CLIENT_CONFIRMATION_OK"
18129,10404756521,10404756591,1,"IOTHUB_CLIENT_CONFIRMATION_OK"
18130,10404756721,10404756750,1,"IOTHUB_CLIENT_CONFIRMATION_OK"
18131,10404756921,10404756969,1,"IOTHUB_CLIENT_CONFIRMATION_OK"
18132,10404757121,10404757165,1,"IOTHUB_CLIENT_CONFIRMATION_OK"
18133,10404757321,10404757352,1,"IOTHUB_CLIENT_CONFIRMATION_OK"
18134,10404757521,10404757580,1,"IOTHUB_CLIENT_CONFIRMATION_OK"
18135,10404757722,10404757792,1,"IOTHUB_CLIENT_CONFIRMATION_OK"
18136,10404757922,10404757955,1,"IOTHUB_CLIENT_CONFIRMATION_OK"
18137,10404758122,10404758154,1,"IOTHUB_CLIENT_CONFIRMATION_OK"
18138,10404758322,10404758365,1,"IOTHUB_CLIENT_CONFIRMATION_OK"
18139,10404758522,10404758554,1,"IOTHUB_CLIENT_CONFIRMATION_OK"
18140,10404758722,10404758756,1,"IOTHUB_CLIENT_CONFIRMATION_OK"
18141,10404758923,10404758953,1,"IOTHUB_CLIENT_CONFIRMATION_OK"
18142,10404759123,10404759202,1,"IOTHUB_CLIENT_CONFIRMATION_OK"
18143,10404759323,10404759366,1,"IOTHUB_CLIENT_CONFIRMATION_OK"
18144,10404759523,10404759559,1,"IOTHUB_CLIENT_CONFIRMATION_OK"
18145,10404759723,10404759830,1,"IOTHUB_CLIENT_CONFIRMATION_OK"
18146,10404759923,10404760007,1,"IOTHUB_CLIENT_CONFIRMATION_OK"
18147,10404760123,10404760155,1,"IOTHUB_CLIENT_CONFIRMATION_OK"
18148,10404760324,10404760425,1,"IOTHUB_CLIENT_CONFIRMATION_OK"
18149,10404760524,10404760556,1,"IOTHUB_CLIENT_CONFIRMATION_OK"
18150,10404760724,10404760754,1,"IOTHUB_CLIENT_CONFIRMATION_OK"
18151,10404760924,10404760972,1,"IOTHUB_CLIENT_CONFIRMATION_OK"
18152,10404761124,10404761156,1,"IOTHUB_CLIENT_CONFIRMATION_OK"
18153,10404761324,10404761355,1,"IOTHUB_CLIENT_CONFIRMATION_OK"
18154,10404761525,10404761558,1,"IOTHUB_CLIENT_CONFIRMATION_OK"
18155,10404761725,10404761772,1,"IOTHUB_CLIENT_CONFIRMATION_OK"
18156,10404761925,10404762067,1,"IOTHUB_CLIENT_CONFIRMATION_OK"
18157,10404762125,10404762157,1,"IOTHUB_CLIENT_CONFIRMATION_OK"
18158,10404762325,10404762397,1,"IOTHUB_CLIENT_CONFIRMATION_OK"
18159,10404762525,10404762717,1,"IOTHUB_CLIENT_CONFIRMATION_OK"
18160,10404762726,10404762763,1,"IOTHUB_CLIENT_CONFIRMATION_OK"
18161,10404762926,10404762955,1,"IOTHUB_CLIENT_CONFIRMATION_OK"
18162,10404763126,10404763160,1,"IOTHUB_CLIENT_CONFIRMATION_OK"
18163,10404763326,10404763360,1,"IOTHUB_CLIENT_CONFIRMATION_OK"
18164,10404763526,10404763556,1,"IOTHUB_CLIENT_CONFIRMATION_OK"
18165,10404763726,10404763758,1,"IOTHUB_CLIENT_CONFIRMATION_OK"
18166,10404763927,10404763958,1,"IOTHUB_CLIENT_CONFIRMATION_OK"
18167,10404764127,10404764162,1,"IOTHUB_CLIENT_CONFIRMATION_OK"
18168,10404764327,10404764360,1,"IOTHUB_CLIENT_CONFIRMATION_OK"
18169,10404764527,10404764560,1,"IOTHUB_CLIENT_CONFIRMATION_OK"
18170,10404764727,10404764916,1,"IOTHUB_CLIENT_CONFIRMATION_OK"
18171,10404764927,10404764959,1,"IOTHUB_CLIENT_CONFIRMATION_OK"
18172,10404765127,10404765162,1,"IOTHUB_CLIENT_CONFIRMATION_OK"
18173,10404765328,10404765368,1,"IOTHUB_CLIENT_CONFIRMATION_OK"
18174,10404765528,10404765569,1,"IOTHUB_CLIENT_CONFIRMATION_OK"
18175,10404765728,10404765761,1,"IOTHUB_CLIENT_CONFIRMATION_OK"
18176,10404765928,10404765961,1,"IOTHUB_CLIENT_CONFIRMATION_OK"
18177,10404766128,10404766160,1,"IOTHUB_CLIENT_CONFIRMATION_OK"
18178,10404766328,10404766381,1,"IOTHUB_CLIENT_CONFIRMATION_OK"
18179,10404766529,10404766576,1,"IOTHUB_CLIENT_CONFIRMATION_OK"
18180,10404766729,10404766789,1,"IOTHUB_CLIENT_CONFIRMATION_OK"
18181,10404766929,10404766959,1,"IOTHUB_CLIENT_CONFIRMATION_OK"
18182,10404767129,10404767177,1,"IOTHUB_CLIENT_CONFIRMATION_OK"
18183,10404767329,10404767455,1,"IOTHUB_CLIENT_CONFIRMATION_OK"
18184,10404767529,10404767624,1,"IOTHUB_CLIENT_CONFIRMATION_OK"
18185,10404767730,10404767767,1,"IOTHUB_CLIENT_CONFIRMATION_OK"
18186,10404767930,10404767987,1,"IOTHUB_CLIENT_CONFIRMATION_OK"
18187,10404768130,10404768271,1,"IOTHUB_CLIENT_CONFIRMATION_OK"
18188,10404768330,10404768366,1,"IOTHUB_CLIENT_CONFIRMATION_OK"
18189,10404768530,10404768579,1,"IOTHUB_CLIENT_CONFIRMATION_OK"
18190,10404768730,10404768863,1,"IOTHUB_CLIENT_CONFIRMATION_OK"
18191,10404768930,10404768963,1,"IOTHUB_CLIENT_CONFIRMATION_OK"
18192,10404769131,10404769165,1,"IOTHUB_CLIENT_CONFIRMATION_OK"
18193,10404769331,10404769366,1,"IOTHUB_CLIENT_CONFIRMATION_OK"
18194,10404769531,10404769564,1,"IOTHUB_CLIENT_CONFIRMATION_OK"
18195,10404769731,10404769763,1,"IOTHUB_CLIENT_CONFIRMATION_OK"
18196,10404769931,10404769965,1,"IOTHUB_CLIENT_CONFIRMATION_OK"
18197,10404770131,10404770161,1,"IOTHUB_CLIENT_CONFIRMATION_OK"
18198,10404770332,10404770492,1,"IOTHUB_CLIENT_CONFIRMATION_OK"
18199,10404770532,10404770561,1,"IOTHUB_CLIENT_CONFIRMATION_OK"
18200,10404770732,10404770767,1,"IOTHUB_CLIENT_CONFIRMATION_OK"
18201,10404770932,10404770972,1,"IOTHUB_CLIENT_CONFIRMATION_OK"
18202,10404771132,10404771183,1,"IOTHUB_CLIENT_CONFIRMATION_OK"
18203,10404771332,10404771362,1,"IOTHUB_CLIENT_CONFIRMATION_OK"
18204,10404771533,10404771607,1,"IOTHUB_CLIENT_CONFIRMATION_OK"
18205,10404771733,10404771766,1,"IOTHUB_CLIENT_CONFIRMATION_OK"
18206,10404771933,10404771971,1,"IOTHUB_CLIENT_CONFIRMATION_OK"
18207,10404772133,10404772204,1,"IOTHUB_CLIENT_CONFIRMATION_OK"
18208,10404772333,10404772369,1,"IOTHUB_CLIENT_CONFIRMATION_OK"
18209,10404772533,10404772589,1,"IOTHUB_CLIENT_CONFIRMATION_OK"
18210,10404772733,10404772988,1,"IOTHUB_CLIENT_CONFIRMATION_OK"
18211,10404772934,10404773234,1,"IOTHUB_CLIENT_CONFIRMATION_OK"
18212,10404773134,10404773473,1,"IOTHUB_CLIENT_CONFIRMATION_OK"
18213,10404773334,10404773563,1,"IOTHUB_CLIENT_CONFIRMATION_OK"
18214,10404773534,10404773615,1,"IOTHUB_CLIENT_CONFIRMATION_OK"
18215,10404773734,10404773852,1,"IOTHUB_CLIENT_CONFIRMATION_OK"
18216,10404773934,10404773968,1,"IOTHUB_CLIENT_CONFIRMATION_OK"
18217,10404774135,10404774188,1,"IOTHUB_CLIENT_CONFIRMATION_OK"
18218,10404774335,10404774466,1,"IOTHUB_CLIENT_CONFIRMATION_OK"
18219,10404774535,10404774568,1,"IOTHUB_CLIENT_CONFIRMATION_OK"
18220,10404774735,10404774765,1,"IOTHUB_CLIENT_CONFIRMATION_OK"
18221,10404774935,10404774968,1,"IOTHUB_CLIENT_CONFIRMATION_OK"
18222,10404775135,10404775175,1,"IOTHUB_CLIENT_CONFIRMATION_OK"
18223,10404775336,10404775367,1,"IOTHUB_CLIENT_CONFIRMATION_OK"
18224,10404775536,10404775572,1,"IOTHUB_CLIENT_CONFIRMATION_OK"
18225,10404775736,10404775769,1,"IOTHUB_CLIENT_CONFIRMATION_OK"
18226,10404775936,10404776067,1,"IOTHUB_CLIENT_CONFIRMATION_OK"
18227,10404776136,10404776170,1,"IOTHUB_CLIENT_CONFIRMATION_OK"
18228,10404776336,10404776366,1,"IOTHUB_CLIENT_CONFIRMATION_OK"
18229,10404776537,10404776726,1,"IOTHUB_CLIENT_CONFIRMATION_OK"
18230,10404776737,10404776767,1,"IOTHUB_CLIENT_CONFIRMATION_OK"
18231,10404776937,10404777059,1,"IOTHUB_CLIENT_CONFIRMATION_OK"
18232,10404777137,10404777178,1,"IOTHUB_CLIENT_CONFIRMATION_OK"
18233,10404777337,10404777367,1,"IOTHUB_CLIENT_CONFIRMATION_OK"
18234,10404777537,10404777571,1,"IOTHUB_CLIENT_CONFIRMATION_OK"
18235,10404777738,10404777774,1,"IOTHUB_CLIENT_CONFIRMATION_OK"
18236,10404777938,10404777970,1,"IOTHUB_CLIENT_CONFIRMATION_OK"
18237,10404778138,10404778169,1,"IOTHUB_CLIENT_CONFIRMATION_OK"
18238,10404778338,10404778369,1,"IOTHUB_CLIENT_CONFIRMATION_OK"
18239,10404778538,10404778570,1,"IOTHUB_CLIENT_CONFIRMATION_OK"
18240,10404778738,10404778773,1,"IOTHUB_CLIENT_CONFIRMATION_OK"
18241,10404778939,10404778977,1,"IOTHUB_CLIENT_CONFIRMATION_OK"
18242,10404779139,10404779175,1,"IOTHUB_CLIENT_CONFIRMATION_OK"
18243,10404779339,10404779381,1,"IOTHUB_CLIENT_CONFIRMATION_OK"
18244,10404779539,10404779568,1,"IOTHUB_CLIENT_CONFIRMATION_OK"
18245,10404779739,10404779782,1,"IOTHUB_CLIENT_CONFIRMATION_OK"
18246,10404779939,10404780004,1,"IOTHUB_CLIENT_CONFIRMATION_OK"
18247,10404780140,10404780174,1,"IOTHUB_CLIENT_CONFIRMATION_OK"
18248,10404780340,10404780372,1,"IOTHUB_CLIENT_CONFIRMATION_OK"
18249,10404780540,10404780605,1,"IOTHUB_CLIENT_CONFIRMATION_OK"
18250,10404780740,10404780787,1,"IOTHUB_CLIENT_CONFIRMATION_OK"
18251,10404780940,10404780974,1,"IOTHUB_CLIENT_CONFIRMATION_OK"
18252,10404781140,10404781174,1,"IOTHUB_CLIENT_CONFIRMATION_OK"
18253,10404781341,10404781370,1,"IOTHUB_CLIENT_CONFIRMATION_OK"
18254,10404781541,10404781640,1,"IOTHUB_CLIENT_CONFIRMATION_OK"
18255,10404781741,10404781779,1,"IOTHUB_CLIENT_CONFIRMATION_OK"
18256,10404781941,10404781985,1,"IOTHUB_CLIENT_CONFIRMATION_OK"
18257,10404782141,10404782286,1,"IOTHUB_CLIENT_CONFIRMATION_OK"
18258,10404782341,10404782376,1,"IOTHUB_CLIENT_CONFIRMATION_OK"
18259,10404782542,10404782577,1,"IOTHUB_CLIENT_CONFIRMATION_OK"
18260,10404782742,10404782804,1,"IOTHUB_CLIENT_CONFIRMATION_OK"
18261,10404782942,10404782982,1,"IOTHUB_CLIENT_CONFIRMATION_OK"
18262,10404783142,10404783173,1,"IOTHUB_CLIENT_CONFIRMATION_OK"
18263,10404783342,10404783376,1,"IOTHUB_CLIENT_CONFIRMATION_OK"
18264,10404783542,10404783576,1,"IOTHUB_CLIENT_CONFIRMATION_OK"
18265,10404783742,10404783806,1,"IOTHUB_CLIENT_CONFIRMATION_OK"
18266,10404783943,10404783986,1,"IOTHUB_CLIENT_CONFIRMATION_OK"
18267,10404784143,10404784176,1,"IOTHUB_CLIENT_CONFIRMATION_OK"
18268,10404784343,10404784536,1,"IOTHUB_CLIENT_CONFIRMATION_OK"
18269,10404784543,10404784575,1,"IOTHUB_CLIENT_CONFIRMATION_OK"
18270,10404784743,10404784773,1,"IOTHUB_CLIENT_CONFIRMATION_OK"
18271,10404784943,10404784973,1,"IOTHUB_CLIENT_CONFIRMATION_OK"
18272,10404785143,10404785173,1,"IOTHUB_CLIENT_CONFIRMATION_OK"
18273,10404785344,10404785377,1,"IOTHUB_CLIENT_CONFIRMATION_OK"
18274,10404785544,10404785578,1,"IOTHUB_CLIENT_CONFIRMATION_OK"
18275,10404785744,10404785776,1,"IOTHUB_CLIENT_CONFIRMATION_OK"
18276,10404785944,10404785974,1,"IOTHUB_CLIENT_CONFIRMATION_OK"
18277,10404786144,10404786191,1,"IOTHUB_CLIENT_CONFIRMATION_OK"
18278,10404786344,10404786376,1,"IOTHUB_CLIENT_CONFIRMATION_OK"
18279,10404786545,10404786583,1,"IOTHUB_CLIENT_CONFIRMATION_OK"
18280,10404786745,10404786846,1,"IOTHUB_CLIENT_CONFIRMATION_OK"
18281,10404786945,10404786976,1,"IOTHUB_CLIENT_CONFIRMATION_OK"
18282,10404787145,10404787181,1,"IOTHUB_CLIENT_CONFIRMATION_OK"
18283,10404787345,10404787376,1,"IOTHUB_CLIENT_CONFIRMATION_OK"
18284,10404787545,10404787605,1,"IOTHUB_CLIENT_CONFIRMATION_OK"
18285,10404787746,10404787866,1,"IOTHUB_CLIENT_CONFIRMATION_OK"
18286,10404787946,10404787978,1,"IOTHUB_CLIENT_CONFIRMATION_OK"
18287,10404788146,10404788179,1,"IOTHUB_CLIENT_CONFIRMATION_OK"
18288,10404788346,10404788477,1,"IOTHUB_CLIENT_CONFIRMATION_OK"
18289,10404788546,10404788576,1,"IOTHUB_CLIENT_CONFIRMATION_OK"
18290,10404788746,10404788782,1,"IOTHUB_CLIENT_CONFIRMATION_OK"
18291,10404788947,10404788994,1,"IOTHUB_CLIENT_CONFIRMATION_OK"
18292,10404789147,10404789183,1,"IOTHUB_CLIENT_CONFIRMATION_OK"
18293,10404789347,10404789378,1,"IOTHUB_CLIENT_CONFIRMATION_OK"
18294,10404789547,10404789580,1,"IOTHUB_CLIENT_CONFIRMATION_OK"
18295,10404789747,10404789782,1,"IOTHUB_CLIENT_CONFIRMATION_OK"
18296,10404789947,10404789984,1,"IOTHUB_CLIENT_CONFIRMATION_OK"
18297,10404790147,10404790205,1,"IOTHUB_CLIENT_CONFIRMATION_OK"
18298,10404790348,10404790388,1,"IOTHUB_CLIENT_CONFIRMATION_OK"
18299,10404790548,10404790759,1,"IOTHUB_CLIENT_CONFIRMATION_OK"
18300,10404790748,10404790786,1,"IOTHUB_CLIENT_CONFIRMATION_OK"
18301,10404790948,10404790985,1,"IOTHUB_CLIENT_CONFIRMATION_OK"
18302,10404791148,10404791191,1,"IOTHUB_CLIENT_CONFIRMATION_OK"
18303,10404791348,10404791389,1,"IOTHUB_CLIENT_CONFIRMATION_OK"
18304,10404791548,10404791581,1,"IOTHUB_CLIENT_CONFIRMATION_OK"
18305,10404791749,10404791862,1,"IOTHUB_CLIENT_CONFIRMATION_OK"
18306,10404791949,10404791981,1,"IOTHUB_CLIENT_CONFIRMATION_OK"
18307,10404792149,10404792181,1,"IOTHUB_CLIENT_CONFIRMATION_OK"
18308,10404792349,10404792379,1,"IOTHUB_CLIENT_CONFIRMATION_OK"
18309,10404792549,10404792607,1,"IOTHUB_CLIENT_CONFIRMATION_OK"
18310,10404792749,10404792780,1,"IOTHUB_CLIENT_CONFIRMATION_OK"
18311,10404792950,10404792985,1,"IOTHUB_CLIENT_CONFIRMATION_OK"
18312,10404793150,10404793179,1,"IOTHUB_CLIENT_CONFIRMATION_OK"
18313,10404793350,10404793485,1,"IOTHUB_CLIENT_CONFIRMATION_OK"
18314,10404793550,10404793607,1,"IOTHUB_CLIENT_CONFIRMATION_OK"
18315,10404793750,10404793781,1,"IOTHUB_CLIENT_CONFIRMATION_OK"
18316,10404793950,10404794124,1,"IOTHUB_CLIENT_CONFIRMATION_OK"
18317,10404794151,10404794181,1,"IOTHUB_CLIENT_CONFIRMATION_OK"
18318,10404794351,10404794383,1,"IOTHUB_CLIENT_CONFIRMATION_OK"
18319,10404794551,10404794583,1,"IOTHUB_CLIENT_CONFIRMATION_OK"
18320,10404794751,10404794781,1,"IOTHUB_CLIENT_CONFIRMATION_OK"
18321,10404794951,10404794983,1,"IOTHUB_CLIENT_CONFIRMATION_OK"
18322,10404795151,10404795198,1,"IOTHUB_CLIENT_CONFIRMATION_OK"
18323,10404795352,10404795385,1,"IOTHUB_CLIENT_CONFIRMATION_OK"
18324,10404795552,10404795589,1,"IOTHUB_CLIENT_CONFIRMATION_OK"
18325,10404795752,10404795786,1,"IOTHUB_CLIENT_CONFIRMATION_OK"
18326,10404795952,10404795985,1,"IOTHUB_CLIENT_CONFIRMATION_OK"
18327,10404796152,10404796182,1,"IOTHUB_CLIENT_CONFIRMATION_OK"
18328,10404796352,10404796406,1,"IOTHUB_CLIENT_CONFIRMATION_OK"
18329,10404796553,10404796597,1,"IOTHUB_CLIENT_CONFIRMATION_OK"
18330,10404796753,10404796789,1,"IOTHUB_CLIENT_CONFIRMATION_OK"
18331,10404796953,10404796985,1,"IOTHUB_CLIENT_CONFIRMATION_OK"
18332,10404797153,10404797183,1,"IOTHUB_CLIENT_CONFIRMATION_OK"
18333,10404797353,10404797403,1,"IOTHUB_CLIENT_CONFIRMATION_OK"
18334,10404797553,10404797599,1,"IOTHUB_CLIENT_CONFIRMATION_OK"
18335,10404797754,10404797792,1,"IOTHUB_CLIENT_CONFIRMATION_OK"
18336,10404797954,10404798020,1,"IOTHUB_CLIENT_CONFIRMATION_OK"
18337,10404798154,10404798185,1,"IOTHUB_CLIENT_CONFIRMATION_OK"
18338,10404798354,10404798383,1,"IOTHUB_CLIENT_CONFIRMATION_OK"
18339,10404798554,10404798585,1,"IOTHUB_CLIENT_CONFIRMATION_OK"
18340,10404798754,10404798787,1,"IOTHUB_CLIENT_CONFIRMATION_OK"
18341,10404798954,10404799032,1,"IOTHUB_CLIENT_CONFIRMATION_OK"
18342,10404799155,10404799188,1,"IOTHUB_CLIENT_CONFIRMATION_OK"
18343,10404799355,10404799384,1,"IOTHUB_CLIENT_CONFIRMATION_OK"
18344,10404799555,10404799645,1,"IOTHUB_CLIENT_CONFIRMATION_OK"
18345,10404799755,10404799787,1,"IOTHUB_CLIENT_CONFIRMATION_OK"
18346,10404799955,10404799992,1,"IOTHUB_CLIENT_CONFIRMATION_OK"
18347,10404800155,10404800268,1,"IOTHUB_CLIENT_CONFIRMATION_OK"
18348,10404800356,10404800402,1,"IOTHUB_CLIENT_CONFIRMATION_OK"
18349,10404800556,10404800589,1,"IOTHUB_CLIENT_CONFIRMATION_OK"
18350,10404800756,10404800789,1,"IOTHUB_CLIENT_CONFIRMATION_OK"
18351,10404800956,10404800989,1,"IOTHUB_CLIENT_CONFIRMATION_OK"
18352,10404801156,10404801188,1,"IOTHUB_CLIENT_CONFIRMATION_OK"
18353,10404801356,10404801397,1,"IOTHUB_CLIENT_CONFIRMATION_OK"
18354,10404801557,10404801598,1,"IOTHUB_CLIENT_CONFIRMATION_OK"
18355,10404801757,10404801933,1,"IOTHUB_CLIENT_CONFIRMATION_OK"
18356,10404801957,10404801986,1,"IOTHUB_CLIENT_CONFIRMATION_OK"
18357,10404802157,10404802192,1,"IOTHUB_CLIENT_CONFIRMATION_OK"
18358,10404802357,10404802389,1,"IOTHUB_CLIENT_CONFIRMATION_OK"
18359,10404802557,10404802606,1,"IOTHUB_CLIENT_CONFIRMATION_OK"
18360,10404802757,10404802791,1,"IOTHUB_CLIENT_CONFIRMATION_OK"
18361,10404802958,10404802987,1,"IOTHUB_CLIENT_CONFIRMATION_OK"
18362,10404803158,10404803191,1,"IOTHUB_CLIENT_CONFIRMATION_OK"
18363,10404803358,10404803390,1,"IOTHUB_CLIENT_CONFIRMATION_OK"
18364,10404803558,10404803591,1,"IOTHUB_CLIENT_CONFIRMATION_OK"
18365,10404803758,10404803793,1,"IOTHUB_CLIENT_CONFIRMATION_OK"
18366,10404803958,10404804004,1,"IOTHUB_CLIENT_CONFIRMATION_OK"
18367,10404804159,10404804203,1,"IOTHUB_CLIENT_CONFIRMATION_OK"
18368,10404804359,10404804404,1,"IOTHUB_CLIENT_CONFIRMATION_OK"
18369,10404804559,10404804594,1,"IOTHUB_CLIENT_CONFIRMATION_OK"
18370,10404804759,10404804789,1,"IOTHUB_CLIENT_CONFIRMATION_OK"
18371,10404804959,10404804997,1,"IOTHUB_CLIENT_CONFIRMATION_OK"
18372,10404805159,10404805191,1,"IOTHUB_CLIENT_CONFIRMATION_OK"
18373,10404805360,10404805398,1,"IOTHUB_CLIENT_CONFIRMATION_OK"
18374,10404805560,10404805600,1,"IOTHUB_CLIENT_CONFIRMATION_OK"
18375,10404805760,10404805805,1,"IOTHUB_CLIENT_CONFIRMATION_OK"
18376,10404805960,10404805998,1,"IOTHUB_CLIENT_CONFIRMATION_OK"
18377,10404806160,10404806193,1,"IOTHUB_CLIENT_CONFIRMATION_OK"
18378,10404806360,10404806414,1,"IOTHUB_CLIENT_CONFIRMATION_OK"
18379,10404806560,10404806597,1,"IOTHUB_CLIENT_CONFIRMATION_OK"
18380,10404806761,10404806922,1,"IOTHUB_CLIENT_CONFIRMATION_OK"
18381,10404806961,10404807108,1,"IOTHUB_CLIENT_CONFIRMATION_OK"
18382,10404807161,10404807202,1,"IOTHUB_CLIENT_CONFIRMATION_OK"
18383,10404807361,10404807511,1,"IOTHUB_CLIENT_CONFIRMATION_OK"
18384,10404807561,10404807603,1,"IOTHUB_CLIENT_CONFIRMATION_OK"
18385,10404807761,10404807793,1,"IOTHUB_CLIENT_CONFIRMATION_OK"
18386,10404807962,10404808139,1,"IOTHUB_CLIENT_CONFIRMATION_OK"
18387,10404808162,10404808195,1,"IOTHUB_CLIENT_CONFIRMATION_OK"
18388,10404808362,10404808390,1,"IOTHUB_CLIENT_CONFIRMATION_OK"
18389,10404808562,10404808605,1,"IOTHUB_CLIENT_CONFIRMATION_OK"
18390,10404808762,10404808792,1,"IOTHUB_CLIENT_CONFIRMATION_OK"
18391,10404808962,10404808999,1,"IOTHUB_CLIENT_CONFIRMATION_OK"
18392,10404809163,10404809293,1,"IOTHUB_CLIENT_CONFIRMATION_OK"
18393,10404809363,10404809393,1,"IOTHUB_CLIENT_CONFIRMATION_OK"
18394,10404809563,10404809597,1,"IOTHUB_CLIENT_CONFIRMATION_OK"
18395,10404809763,10404809793,1,"IOTHUB_CLIENT_CONFIRMATION_OK"
18396,10404809963,10404810022,1,"IOTHUB_CLIENT_CONFIRMATION_OK"
18397,10404810163,10404810296,1,"IOTHUB_CLIENT_CONFIRMATION_OK"
18398,10404810363,10404810416,1,"IOTHUB_CLIENT_CONFIRMATION_OK"
18399,10404810564,10404810595,1,"IOTHUB_CLIENT_CONFIRMATION_OK"
18400,10404810764,10404810961,1,"IOTHUB_CLIENT_CONFIRMATION_OK"
18401,10404810964,10404811004,1,"IOTHUB_CLIENT_CONFIRMATION_OK"
18402,10404811164,10404811198,1,"IOTHUB_CLIENT_CONFIRMATION_OK"
18403,10404811364,10404811397,1,"IOTHUB_CLIENT_CONFIRMATION_OK"
18404,10404811564,10404811601,1,"IOTHUB_CLIENT_CONFIRMATION_OK"
18405,10404811765,10404811800,1,"IOTHUB_CLIENT_CONFIRMATION_OK"
18406,10404811965,10404812011,1,"IOTHUB_CLIENT_CONFIRMATION_OK"
18407,10404812165,10404812202,1,"IOTHUB_CLIENT_CONFIRMATION_OK"
18408,10404812365,10404812409,1,"IOTHUB_CLIENT_CONFIRMATION_OK"
18409,10404812565,10404812629,1,"IOTHUB_CLIENT_CONFIRMATION_OK"
18410,10404812765,10404812796,1,"IOTHUB_CLIENT_CONFIRMATION_OK"
18411,10404812965,10404812997,1,"IOTHUB_CLIENT_CONFIRMATION_OK"
18412,10404813166,10404813198,1,"IOTHUB_CLIENT_CONFIRMATION_OK"
18413,10404813366,10404813403,1,"IOTHUB_CLIENT_CONFIRMATION_OK"
18414,10404813566,10404813617,1,"IOTHUB_CLIENT_CONFIRMATION_OK"
18415,10404813766,10404813797,1,"IOTHUB_CLIENT_CONFIRMATION_OK"
18416,10404813966,10404813997,1,"IOTHUB_CLIENT_CONFIRMATION_OK"
18417,10404814166,10404814227,1,"IOTHUB_CLIENT_CONFIRMATION_OK"
18418,10404814367,10404814397,1,"IOTHUB_CLIENT_CONFIRMATION_OK"
18419,10404814567,10404814609,1,"IOTHUB_CLIENT_CONFIRMATION_OK"
18420,10404814767,10404814869,1,"IOTHUB_CLIENT_CONFIRMATION_OK"
18421,10404814967,10404815023,1,"IOTHUB_CLIENT_CONFIRMATION_OK"
18422,10404815167,10404815197,1,"IOTHUB_CLIENT_CONFIRMATION_OK"
18423,10404815367,10404815427,1,"IOTHUB_CLIENT_CONFIRMATION_OK"
18424,10404815568,10404815678,1,"IOTHUB_CLIENT_CONFIRMATION_OK"
18425,10404815768,10404815854,1,"IOTHUB_CLIENT_CONFIRMATION_OK"
18426,10404815968,10404816012,1,"IOTHUB_CLIENT_CONFIRMATION_OK"
18427,10404816168,10404816201,1,"IOTHUB_CLIENT_CONFIRMATION_OK"
18428,10404816368,10404816472,1,"IOTHUB_CLIENT_CONFIRMATION_OK"
18429,10404816568,10404816599,1,"IOTHUB_CLIENT_CONFIRMATION_OK"
18430,10404816768,10404816802,1,"IOTHUB_CLIENT_CONFIRMATION_OK"
18431,10404816969,10404817087,1,"IOTHUB_CLIENT_CONFIRMATION_OK"
18432,10404817169,10404817200,1,"IOTHUB_CLIENT_CONFIRMATION_OK"
18433,10404817369,10404817405,1,"IOTHUB_CLIENT_CONFIRMATION_OK"
18434,10404817569,10404817599,1,"IOTHUB_CLIENT_CONFIRMATION_OK"
18435,10404817769,10404817802,1,"IOTHUB_CLIENT_CONFIRMATION_OK"
18436,10404817969,10404818010,1,"IOTHUB_CLIENT_CONFIRMATION_OK"
18437,10404818170,10404818206,1,"IOTHUB_CLIENT_CONFIRMATION_OK"
18438,10404818370,10404818402,1,"IOTHUB_CLIENT_CONFIRMATION_OK"
18439,10404818570,10404818605,1,"IOTHUB_CLIENT_CONFIRMATION_OK"
18440,10404818770,10404818803,1,"IOTHUB_CLIENT_CONFIRMATION_OK"
18441,10404818970,10404819009,1,"IOTHUB_CLIENT_CONFIRMATION_OK"
18442,10404819170,10404819202,1,"IOTHUB_CLIENT_CONFIRMATION_OK"
18443,10404819370,10404819409,1,"IOTHUB_CLIENT_CONFIRMATION_OK"
18444,10404819571,10404819599,1,"IOTHUB_CLIENT_CONFIRMATION_OK"
18445,10404819771,10404819814,1,"IOTHUB_CLIENT_CONFIRMATION_OK"
18446,10404819971,10404820001,1,"IOTHUB_CLIENT_CONFIRMATION_OK"
18447,10404820171,10404820203,1,"IOTHUB_CLIENT_CONFIRMATION_OK"
18448,10404820371,10404820401,1,"IOTHUB_CLIENT_CONFIRMATION_OK"
18449,10404820571,10404820604,1,"IOTHUB_CLIENT_CONFIRMATION_OK"
18450,10404820772,10404820802,1,"IOTHUB_CLIENT_CONFIRMATION_OK"
18451,10404820972,10404821003,1,"IOTHUB_CLIENT_CONFIRMATION_OK"
18452,10404821172,10404821209,1,"IOTHUB_CLIENT_CONFIRMATION_OK"
18453,10404821372,10404821403,1,"IOTHUB_CLIENT_CONFIRMATION_OK"
18454,10404821572,10404821626,1,"IOTHUB_CLIENT_CONFIRMATION_OK"
18455,10404821772,10404821806,1,"IOTHUB_CLIENT_CONFIRMATION_OK"
18456,10404821973,10404822028,1,"IOTHUB_CLIENT_CONFIRMATION_OK"
18457,10404822173,10404822211,1,"IOTHUB_CLIENT_CONFIRMATION_OK"
18458,10404822373,10404822429,1,"IOTHUB_CLIENT_CONFIRMATION_OK"
18459,10404822573,10404822673,1,"IOTHUB_CLIENT_CONFIRMATION_OK"
18460,10404822773,10404822803,1,"IOTHUB_CLIENT_CONFIRMATION_OK"
18461,10404822973,10404823007,1,"IOTHUB_CLIENT_CONFIRMATION_OK"
18462,10404823173,10404823311,1,"IOTHUB_CLIENT_CONFIRMATION_OK"
18463,10404823374,10404823403,1,"IOTHUB_CLIENT_CONFIRMATION_OK"
18464,10404823574,10404823607,1,"IOTHUB_CLIENT_CONFIRMATION_OK"
18465,10404823774,10404823809,1,"IOTHUB_CLIENT_CONFIRMATION_OK"
18466,10404823974,10404824005,1,"IOTHUB_CLIENT_CONFIRMATION_OK"
18467,10404824174,10404824208,1,"IOTHUB_CLIENT_CONFIRMATION_OK"
18468,10404824374,10404824404,1,"IOTHUB_CLIENT_CONFIRMATION_OK"
18469,10404824575,10404824614,1,"IOTHUB_CLIENT_CONFIRMATION_OK"
18470,10404824775,10404824937,1,"IOTHUB_CLIENT_CONFIRMATION_OK"
18471,10404824975,10404825014,1,"IOTHUB_CLIENT_CONFIRMATION_OK"
18472,10404825175,10404825209,1,"IOTHUB_CLIENT_CONFIRMATION_OK"
18473,10404825375,10404825412,1,"IOTHUB_CLIENT_CONFIRMATION_OK"
18474,10404825575,10404825628,1,"IOTHUB_CLIENT_CONFIRMATION_OK"
18475,10404825775,10404825808,1,"IOTHUB_CLIENT_CONFIRMATION_OK"
18476,10404825976,10404826010,1,"IOTHUB_CLIENT_CONFIRMATION_OK"
18477,10404826176,10404826205,1,"IOTHUB_CLIENT_CONFIRMATION_OK"
18478,10404826376,10404826406,1,"IOTHUB_CLIENT_CONFIRMATION_OK"
18479,10404826576,10404826620,1,"IOTHUB_CLIENT_CONFIRMATION_OK"
18480,10404826776,10404826815,1,"IOTHUB_CLIENT_CONFIRMATION_OK"
18481,10404826976,10404827008,1,"IOTHUB_CLIENT_CONFIRMATION_OK"
18482,10404827176,10404827230,1,"IOTHUB_CLIENT_CONFIRMATION_OK"
18483,10404827377,10404827415,1,"IOTHUB_CLIENT_CONFIRMATION_OK"
18484,10404827577,10404827611,1,"IOTHUB_CLIENT_CONFIRMATION_OK"
18485,10404827777,10404827810,1,"IOTHUB_CLIENT_CONFIRMATION_OK"
18486,10404827977,10404828009,1,"IOTHUB_CLIENT_CONFIRMATION_OK"
18487,10404828177,10404828222,1,"IOTHUB_CLIENT_CONFIRMATION_OK"
18488,10404828377,10404828419,1,"IOTHUB_CLIENT_CONFIRMATION_OK"
18489,10404828578,10404828611,1,"IOTHUB_CLIENT_CONFIRMATION_OK"
18490,10404828778,10404828822,1,"IOTHUB_CLIENT_CONFIRMATION_OK"
18491,10404828978,10404829013,1,"IOTHUB_CLIENT_CONFIRMATION_OK"
18492,10404829178,10404829207,1,"IOTHUB_CLIENT_CONFIRMATION_OK"
18493,10404829378,10404829424,1,"IOTHUB_CLIENT_CONFIRMATION_OK"
18494,10404829578,10404829608,1,"IOTHUB_CLIENT_CONFIRMATION_OK"
18495,10404829779,10404829811,1,"IOTHUB_CLIENT_CONFIRMATION_OK"
18496,10404829979,10404830011,1,"IOTHUB_CLIENT_CONFIRMATION_OK"
18497,10404830179,10404830225,1,"IOTHUB_CLIENT_CONFIRMATION_OK"
18498,10404830379,10404830439,1,"IOTHUB_CLIENT_CONFIRMATION_OK"
18499,10404830579,10404830620,1,"IOTHUB_CLIENT_CONFIRMATION_OK"
18500,10404830779,10404830833,1,"IOTHUB_CLIENT_CONFIRMATION_OK"
18501,10404830979,10404831042,1,"IOTHUB_CLIENT_CONFIRMATION_OK"
18502,10404831180,10404831212,1,"IOTHUB_CLIENT_CONFIRMATION_OK"
18503,10404831380,10404831435,1,"IOTHUB_CLIENT_CONFIRMATION_OK"
18504,10404831580,10404831743,1,"IOTHUB_CLIENT_CONFIRMATION_OK"
18505,10404831780,10404831823,1,"IOTHUB_CLIENT_CONFIRMATION_OK"
18506,10404831980,10404832014,1,"IOTHUB_CLIENT_CONFIRMATION_OK"
18507,10404832180,10404832217,1,"IOTHUB_CLIENT_CONFIRMATION_OK"
18508,10404832381,10404832428,1,"IOTHUB_CLIENT_CONFIRMATION_OK"
18509,10404832581,10404832615,1,"IOTHUB_CLIENT_CONFIRMATION_OK"
18510,10404832781,10404832845,1,"IOTHUB_CLIENT_CONFIRMATION_OK"
18511,10404832981,10404833024,1,"IOTHUB_CLIENT_CONFIRMATION_OK"
18512,10404833181,10404833281,1,"IOTHUB_CLIENT_CONFIRMATION_OK"
18513,10404833381,10404833412,1,"IOTHUB_CLIENT_CONFIRMATION_OK"
18514,10404833582,10404833611,1,"IOTHUB_CLIENT_CONFIRMATION_OK"
18515,10404833782,10404833928,1,"IOTHUB_CLIENT_CONFIRMATION_OK"
18516,10404833982,10404834012,1,"IOTHUB_CLIENT_CONFIRMATION_OK"
18517,10404834182,10404834215,1,"IOTHUB_CLIENT_CONFIRMATION_OK"
18518,10404834382,10404834432,1,"IOTHUB_CLIENT_CONFIRMATION_OK"
18519,10404834582,10404834611,1,"IOTHUB_CLIENT_CONFIRMATION_OK"
18520,10404834782,10404834814,1,"IOTHUB_CLIENT_CONFIRMATION_OK"
18521,10404834983,10404835014,1,"IOTHUB_CLIENT_CONFIRMATION_OK"
18522,10404835183,10404835216,1,"IOTHUB_CLIENT_CONFIRMATION_OK"
18523,10404835383,10404835413,1,"IOTHUB_CLIENT_CONFIRMATION_OK"
18524,10404835583,10404835629,1,"IOTHUB_CLIENT_CONFIRMATION_OK"
18525,10404835783,10404835813,1,"IOTHUB_CLIENT_CONFIRMATION_OK"
18526,10404835983,10404836148,1,"IOTHUB_CLIENT_CONFIRMATION_OK"
18527,10404836184,10404836215,1,"IOTHUB_CLIENT_CONFIRMATION_OK"
18528,10404836384,10404836415,1,"IOTHUB_CLIENT_CONFIRMATION_OK"
18529,10404836584,10404836759,1,"IOTHUB_CLIENT_CONFIRMATION_OK"
18530,10404836784,10404836815,1,"IOTHUB_CLIENT_CONFIRMATION_OK"
18531,10404836984,10404837018,1,"IOTHUB_CLIENT_CONFIRMATION_OK"
18532,10404837184,10404837213,1,"IOTHUB_CLIENT_CONFIRMATION_OK"
18533,10404837385,10404837421,1,"IOTHUB_CLIENT_CONFIRMATION_OK"
18534,10404837585,10404837620,1,"IOTHUB_CLIENT_CONFIRMATION_OK"
18535,10404837785,10404837858,1,"IOTHUB_CLIENT_CONFIRMATION_OK"
18536,10404837985,10404838016,1,"IOTHUB_CLIENT_CONFIRMATION_OK"
18537,10404838185,10404838219,1,"IOTHUB_CLIENT_CONFIRMATION_OK"
18538,10404838385,10404838425,1,"IOTHUB_CLIENT_CONFIRMATION_OK"
18539,10404838586,10404838616,1,"IOTHUB_CLIENT_CONFIRMATION_OK"
18540,10404838786,10404838818,1,"IOTHUB_CLIENT_CONFIRMATION_OK"
18541,10404838986,10404839033,1,"IOTHUB_CLIENT_CONFIRMATION_OK"
18542,10404839186,10404839219,1,"IOTHUB_CLIENT_CONFIRMATION_OK"
18543,10404839386,10404839423,1,"IOTHUB_CLIENT_CONFIRMATION_OK"
18544,10404839586,10404839625,1,"IOTHUB_CLIENT_CONFIRMATION_OK"
18545,10404839786,10404839830,1,"IOTHUB_CLIENT_CONFIRMATION_OK"
18546,10404839987,10404840026,1,"IOTHUB_CLIENT_CONFIRMATION_OK"
18547,10404840187,10404840219,1,"IOTHUB_CLIENT_CONFIRMATION_OK"
18548,10404840387,10404840444,1,"IOTHUB_CLIENT_CONFIRMATION_OK"
18549,10404840587,10404840626,1,"IOTHUB_CLIENT_CONFIRMATION_OK"
18550,10404840787,10404840823,1,"IOTHUB_CLIENT_CONFIRMATION_OK"
18551,10404840987,10404841019,1,"IOTHUB_CLIENT_CONFIRMATION_OK"
18552,10404841188,10404841248,1,"IOTHUB_CLIENT_CONFIRMATION_OK"
18553,10404841388,10404841418,1,"IOTHUB_CLIENT_CONFIRMATION_OK"
18554,10404841588,10404841672,1,"IOTHUB_CLIENT_CONFIRMATION_OK"
18555,10404841788,10404841817,1,"IOTHUB_CLIENT_CONFIRMATION_OK"
18556,10404841988,10404842020,1,"IOTHUB_CLIENT_CONFIRMATION_OK"
18557,10404842188,10404842380,1,"IOTHUB_CLIENT_CONFIRMATION_OK"
18558,10404842388,10404842425,1,"IOTHUB_CLIENT_CONFIRMATION_OK"
18559,10404842589,10404842630,1,"IOTHUB_CLIENT_CONFIRMATION_OK"
18560,10404842789,10404842919,1,"IOTHUB_CLIENT_CONFIRMATION_OK"
18561,10404842989,10404843019,1,"IOTHUB_CLIENT_CONFIRMATION_OK"
18562,10404843189,10404843220,1,"IOTHUB_CLIENT_CONFIRMATION_OK"
18563,10404843389,10404843424,1,"IOTHUB_CLIENT_CONFIRMATION_OK"
18564,10404843589,10404843619,1,"IOTHUB_CLIENT_CONFIRMATION_OK"
18565,10404843790,10404843819,1,"IOTHUB_CLIENT_CONFIRMATION_OK"
18566,10404843990,10404844024,1,"IOTHUB_CLIENT_CONFIRMATION_OK"
18567,10404844190,10404844222,1,"IOTHUB_CLIENT_CONFIRMATION_OK"
18568,10404844390,10404844558,1,"IOTHUB_CLIENT_CONFIRMATION_OK"
18569,10404844590,10404844633,1,"IOTHUB_CLIENT_CONFIRMATION_OK"
18570,10404844790,10404844825,1,"IOTHUB_CLIENT_CONFIRMATION_OK"
18571,10404844990,10404845028,1,"IOTHUB_CLIENT_CONFIRMATION_OK"
18572,10404845191,10404845221,1,"IOTHUB_CLIENT_CONFIRMATION_OK"
18573,10404845391,10404845430,1,"IOTHUB_CLIENT_CONFIRMATION_OK"
18574,10404845591,10404845639,1,"IOTHUB_CLIENT_CONFIRMATION_OK"
18575,10404845791,10404845822,1,"IOTHUB_CLIENT_CONFIRMATION_OK"
18576,10404845991,10404846020,1,"IOTHUB_CLIENT_CONFIRMATION_OK"
18577,10404846191,10404846223,1,"IOTHUB_CLIENT_CONFIRMATION_OK"
18578,10404846392,10404846425,1,"IOTHUB_CLIENT_CONFIRMATION_OK"
18579,10404846592,10404846621,1,"IOTHUB_CLIENT_CONFIRMATION_OK"
18580,10404846792,10404846826,1,"IOTHUB_CLIENT_CONFIRMATION_OK"
18581,10404846992,10404847024,1,"IOTHUB_CLIENT_CONFIRMATION_OK"
18582,10404847192,10404847233,1,"IOTHUB_CLIENT_CONFIRMATION_OK"
18583,10404847392,10404847536,1,"IOTHUB_CLIENT_CONFIRMATION_OK"
18584,10404847592,10404847627,1,"IOTHUB_CLIENT_CONFIRMATION_OK"
18585,10404847793,10404847830,1,"IOTHUB_CLIENT_CONFIRMATION_OK"
18586,10404847993,10404848026,1,"IOTHUB_CLIENT_CONFIRMATION_OK"
18587,10404848193,10404848226,1,"IOTHUB_CLIENT_CONFIRMATION_OK"
18588,10404848393,10404848433,1,"IOTHUB_CLIENT_CONFIRMATION_OK"
18589,10404848593,10404848628,1,"IOTHUB_CLIENT_CONFIRMATION_OK"
18590,10404848793,10404848823,1,"IOTHUB_CLIENT_CONFIRMATION_OK"
18591,10404848993,10404849051,1,"IOTHUB_CLIENT_CONFIRMATION_OK"
18592,10404849194,10404849235,1,"IOTHUB_CLIENT_CONFIRMATION_OK"
18593,10404849394,10404849434,1,"IOTHUB_CLIENT_CONFIRMATION_OK"
18594,10404849594,10404849638,1,"IOTHUB_CLIENT_CONFIRMATION_OK"
18595,10404849794,10404849828,1,"IOTHUB_CLIENT_CONFIRMATION_OK"
18596,10404849994,10404850023,1,"IOTHUB_CLIENT_CONFIRMATION_OK"
18597,10404850194,10404850239,1,"IOTHUB_CLIENT_CONFIRMATION_OK"
18598,10404850395,10404850436,1,"IOTHUB_CLIENT_CONFIRMATION_OK"
18599,10404850595,10404850687,1,"IOTHUB_CLIENT_CONFIRMATION_OK"
18600,10404850795,10404850837,1,"IOTHUB_CLIENT_CONFIRMATION_OK"
18601,10404850995,10404851027,1,"IOTHUB_CLIENT_CONFIRMATION_OK"
18602,10404851195,10404851310,1,"IOTHUB_CLIENT_CONFIRMATION_OK"
18603,10404851395,10404851436,1,"IOTHUB_CLIENT_CONFIRMATION_OK"
18604,10404851596,10404851629,1,"IOTHUB_CLIENT_CONFIRMATION_OK"
18605,10404851796,10404851922,1,"IOTHUB_CLIENT_CONFIRMATION_OK"
18606,10404851996,10404852032,1,"IOTHUB_CLIENT_CONFIRMATION_OK"
18607,10404852196,10404852337,1,"IOTHUB_CLIENT_CONFIRMATION_OK"
18608,10404852396,10404852562,1,"IOTHUB_CLIENT_CONFIRMATION_OK"
18609,10404852596,10404852629,1,"IOTHUB_CLIENT_CONFIRMATION_OK"
18610,10404852797,10404853035,1,"IOTHUB_CLIENT_CONFIRMATION_OK"
18611,10404852997,10404853130,1,"IOTHUB_CLIENT_CONFIRMATION_OK"
18612,10404853197,10404853230,1,"IOTHUB_CLIENT_CONFIRMATION_OK"
18613,10404853397,10404853516,1,"IOTHUB_CLIENT_CONFIRMATION_OK"
18614,10404853597,10404853652,1,"IOTHUB_CLIENT_CONFIRMATION_OK"
18615,10404853797,10404853830,1,"IOTHUB_CLIENT_CONFIRMATION_OK"
18616,10404853997,10404854130,1,"IOTHUB_CLIENT_CONFIRMATION_OK"
18617,10404854198,10404854231,1,"IOTHUB_CLIENT_CONFIRMATION_OK"
18618,10404854398,10404854436,1,"IOTHUB_CLIENT_CONFIRMATION_OK"
18619,10404854598,10404854638,1,"IOTHUB_CLIENT_CONFIRMATION_OK"
18620,10404854798,10404854851,1,"IOTHUB_CLIENT_CONFIRMATION_OK"
18621,10404854998,10404855032,1,"IOTHUB_CLIENT_CONFIRMATION_OK"
18622,10404855198,10404855232,1,"IOTHUB_CLIENT_CONFIRMATION_OK"
18623,10404855399,10404855429,1,"IOTHUB_CLIENT_CONFIRMATION_OK"
18624,10404855599,10404855630,1,"IOTHUB_CLIENT_CONFIRMATION_OK"
18625,10404855799,10404855830,1,"IOTHUB_CLIENT_CONFIRMATION_OK"
18626,10404855999,10404856035,1,"IOTHUB_CLIENT_CONFIRMATION_OK"
18627,10404856199,10404856367,1,"IOTHUB_CLIENT_CONFIRMATION_OK"
18628,10404856399,10404856439,1,"IOTHUB_CLIENT_CONFIRMATION_OK"
18629,10404856599,10404856631,1,"IOTHUB_CLIENT_CONFIRMATION_OK"
18630,10404856800,10404856840,1,"IOTHUB_CLIENT_CONFIRMATION_OK"
18631,10404857000,10404857036,1,"IOTHUB_CLIENT_CONFIRMATION_OK"
18632,10404857200,10404857231,1,"IOTHUB_CLIENT_CONFIRMATION_OK"
18633,10404857400,10404857446,1,"IOTHUB_CLIENT_CONFIRMATION_OK"
18634,10404857600,10404857633,1,"IOTHUB_CLIENT_CONFIRMATION_OK"
18635,10404857800,10404857830,1,"IOTHUB_CLIENT_CONFIRMATION_OK"
18636,10404858001,10404858033,1,"IOTHUB_CLIENT_CONFIRMATION_OK"
18637,10404858201,10404858229,1,"IOTHUB_CLIENT_CONFIRMATION_OK"
18638,10404858401,10404858446,1,"IOTHUB_CLIENT_CONFIRMATION_OK"
18639,10404858601,10404858655,1,"IOTHUB_CLIENT_CONFIRMATION_OK"
18640,10404858801,10404858844,1,"IOTHUB_CLIENT_CONFIRMATION_OK"
18641,10404859001,10404859057,1,"IOTHUB_CLIENT_CONFIRMATION_OK"
18642,10404859202,10404859232,1,"IOTHUB_CLIENT_CONFIRMATION_OK"
18643,10404859402,10404859463,1,"IOTHUB_CLIENT_CONFIRMATION_OK"
18644,10404859602,10404859666,1,"IOTHUB_CLIENT_CONFIRMATION_OK"
18645,10404859802,10404859837,1,"IOTHUB_CLIENT_CONFIRMATION_OK"
18646,10404860002,10404860102,1,"IOTHUB_CLIENT_CONFIRMATION_OK"
18647,10404860202,10404860284,1,"IOTHUB_CLIENT_CONFIRMATION_OK"
18648,10404860403,10404860438,1,"IOTHUB_CLIENT_CONFIRMATION_OK"
18649,10404860603,10404860650,1,"IOTHUB_CLIENT_CONFIRMATION_OK"
18650,10404860803,10404860848,1,"IOTHUB_CLIENT_CONFIRMATION_OK"
18651,10404861003,10404861036,1,"IOTHUB_CLIENT_CONFIRMATION_OK"
18652,10404861203,10404861240,1,"IOTHUB_CLIENT_CONFIRMATION_OK"
18653,10404861403,10404861436,1,"IOTHUB_CLIENT_CONFIRMATION_OK"
18654,10404861603,10404861636,1,"IOTHUB_CLIENT_CONFIRMATION_OK"
18655,10404861804,10404861893,1,"IOTHUB_CLIENT_CONFIRMATION_OK"
18656,10404862004,10404862036,1,"IOTHUB_CLIENT_CONFIRMATION_OK"
18657,10404862204,10404862237,1,"IOTHUB_CLIENT_CONFIRMATION_OK"
18658,10404862404,10404862510,1,"IOTHUB_CLIENT_CONFIRMATION_OK"
18659,10404862604,10404862693,1,"IOTHUB_CLIENT_CONFIRMATION_OK"
18660,10404862805,10404862841,1,"IOTHUB_CLIENT_CONFIRMATION_OK"
18661,10404863005,10404863135,1,"IOTHUB_CLIENT_CONFIRMATION_OK"
18662,10404863205,10404863239,1,"IOTHUB_CLIENT_CONFIRMATION_OK"
18663,10404863405,10404863436,1,"IOTHUB_CLIENT_CONFIRMATION_OK"
18664,10404863605,10404863639,1,"IOTHUB_CLIENT_CONFIRMATION_OK"
18665,10404863805,10404863841,1,"IOTHUB_CLIENT_CONFIRMATION_OK"
18666,10404864006,10404864037,1,"IOTHUB_CLIENT_CONFIRMATION_OK"
18667,10404864206,10404864236,1,"IOTHUB_CLIENT_CONFIRMATION_OK"
18668,10404864406,10404864438,1,"IOTHUB_CLIENT_CONFIRMATION_OK"
18669,10404864606,10404864753,1,"IOTHUB_CLIENT_CONFIRMATION_OK"
18670,10404864806,10404864857,1,"IOTHUB_CLIENT_CONFIRMATION_OK"
18671,10404865006,10404865035,1,"IOTHUB_CLIENT_CONFIRMATION_OK"
18672,10404865206,10404865368,1,"IOTHUB_CLIENT_CONFIRMATION_OK"
18673,10404865407,10404865444,1,"IOTHUB_CLIENT_CONFIRMATION_OK"
18674,10404865607,10404865653,1,"IOTHUB_CLIENT_CONFIRMATION_OK"
18675,10404865807,10404865857,1,"IOTHUB_CLIENT_CONFIRMATION_OK"
18676,10404866007,10404866041,1,"IOTHUB_CLIENT_CONFIRMATION_OK"
18677,10404866207,10404866243,1,"IOTHUB_CLIENT_CONFIRMATION_OK"
18678,10404866407,10404866438,1,"IOTHUB_CLIENT_CONFIRMATION_OK"
18679,10404866608,10404866640,1,"IOTHUB_CLIENT_CONFIRMATION_OK"
18680,10404866808,10404866840,1,"IOTHUB_CLIENT_CONFIRMATION_OK"
18681,10404867008,10404867039,1,"IOTHUB_CLIENT_CONFIRMATION_OK"
18682,10404867208,10404867243,1,"IOTHUB_CLIENT_CONFIRMATION_OK"
18683,10404867408,10404867615,1,"IOTHUB_CLIENT_CONFIRMATION_OK"
18684,10404867608,10404867647,1,"IOTHUB_CLIENT_CONFIRMATION_OK"
18685,10404867809,10404867845,1,"IOTHUB_CLIENT_CONFIRMATION_OK"
18686,10404868009,10404868042,1,"IOTHUB_CLIENT_CONFIRMATION_OK"
18687,10404868209,10404868244,1,"IOTHUB_CLIENT_CONFIRMATION_OK"
18688,10404868409,10404868440,1,"IOTHUB_CLIENT_CONFIRMATION_OK"
18689,10404868609,10404868677,1,"IOTHUB_CLIENT_CONFIRMATION_OK"
18690,10404868809,10404868870,1,"IOTHUB_CLIENT_CONFIRMATION_OK"
18691,10404869010,10404869044,1,"IOTHUB_CLIENT_CONFIRMATION_OK"
18692,10404869210,10404869261,1,"IOTHUB_CLIENT_CONFIRMATION_OK"
18693,10404869410,10404869449,1,"IOTHUB_CLIENT_CONFIRMATION_OK"
18694,10404869610,10404869646,1,"IOTHUB_CLIENT_CONFIRMATION_OK"
18695,10404869810,10404869865,1,"IOTHUB_CLIENT_CONFIRMATION_OK"
18696,10404870010,10404870056,1,"IOTHUB_CLIENT_CONFIRMATION_OK"
18697,10404870210,10404870383,1,"IOTHUB_CLIENT_CONFIRMATION_OK"
18698,10404870411,10404870445,1,"IOTHUB_CLIENT_CONFIRMATION_OK"
18699,10404870611,10404870640,1,"IOTHUB_CLIENT_CONFIRMATION_OK"
18700,10404870811,10404870984,1,"IOTHUB_CLIENT_CONFIRMATION_OK"
18701,10404871011,10404871062,1,"IOTHUB_CLIENT_CONFIRMATION_OK"
18702,10404871211,10404871245,1,"IOTHUB_CLIENT_CONFIRMATION_OK"
18703,10404871411,10404871441,1,"IOTHUB_CLIENT_CONFIRMATION_OK"
18704,10404871612,10404871653,1,"IOTHUB_CLIENT_CONFIRMATION_OK"
18705,10404871812,10404871845,1,"IOTHUB_CLIENT_CONFIRMATION_OK"
18706,10404872012,10404872068,1,"IOTHUB_CLIENT_CONFIRMATION_OK"
18707,10404872212,10404872249,1,"IOTHUB_CLIENT_CONFIRMATION_OK"
18708,10404872412,10404872444,1,"IOTHUB_CLIENT_CONFIRMATION_OK"
18709,10404872612,10404872646,1,"IOTHUB_CLIENT_CONFIRMATION_OK"
18710,10404872813,10404872846,1,"IOTHUB_CLIENT_CONFIRMATION_OK"
18711,10404873013,10404873211,1,"IOTHUB_CLIENT_CONFIRMATION_OK"
18712,10404873213,10404873244,1,"IOTHUB_CLIENT_CONFIRMATION_OK"
18713,10404873413,10404873445,1,"IOTHUB_CLIENT_CONFIRMATION_OK"
18714,10404873613,10404873643,1,"IOTHUB_CLIENT_CONFIRMATION_OK"
18715,10404873813,10404873849,1,"IOTHUB_CLIENT_CONFIRMATION_OK"
18716,10404874013,10404874047,1,"IOTHUB_CLIENT_CONFIRMATION_OK"
18717,10404874214,10404874249,1,"IOTHUB_CLIENT_CONFIRMATION_OK"
18718,10404874414,10404874448,1,"IOTHUB_CLIENT_CONFIRMATION_OK"
18719,10404874614,10404874645,1,"IOTHUB_CLIENT_CONFIRMATION_OK"
18720,10404874814,10404874855,1,"IOTHUB_CLIENT_CONFIRMATION_OK"
18721,10404875014,10404875046,1,"IOTHUB_CLIENT_CONFIRMATION_OK"
18722,10404875214,10404875258,1,"IOTHUB_CLIENT_CONFIRMATION_OK"
18723,10404875415,10404875460,1,"IOTHUB_CLIENT_CONFIRMATION_OK"
18724,10404875615,10404875647,1,"IOTHUB_CLIENT_CONFIRMATION_OK"
18725,10404875815,10404875848,1,"IOTHUB_CLIENT_CONFIRMATION_OK"
18726,10404876015,10404876045,1,"IOTHUB_CLIENT_CONFIRMATION_OK"
18727,10404876215,10404876246,1,"IOTHUB_CLIENT_CONFIRMATION_OK"
18728,10404876415,10404876480,1,"IOTHUB_CLIENT_CONFIRMATION_OK"
18729,10404876615,10404876646,1,"IOTHUB_CLIENT_CONFIRMATION_OK"
18730,10404876816,10404876857,1,"IOTHUB_CLIENT_CONFIRMATION_OK"
18731,10404877016,10404877090,1,"IOTHUB_CLIENT_CONFIRMATION_OK"
18732,10404877216,10404877247,1,"IOTHUB_CLIENT_CONFIRMATION_OK"
18733,10404877416,10404877449,1,"IOTHUB_CLIENT_CONFIRMATION_OK"
18734,10404877616,10404877726,1,"IOTHUB_CLIENT_CONFIRMATION_OK"
18735,10404877816,10404877849,1,"IOTHUB_CLIENT_CONFIRMATION_OK"
18736,10404878017,10404878050,1,"IOTHUB_CLIENT_CONFIRMATION_OK"
18737,10404878217,10404878269,1,"IOTHUB_CLIENT_CONFIRMATION_OK"
18738,10404878417,10404878516,1,"IOTHUB_CLIENT_CONFIRMATION_OK"
18739,10404878617,10404878658,1,"IOTHUB_CLIENT_CONFIRMATION_OK"
18740,10404878817,10404878884,1,"IOTHUB_CLIENT_CONFIRMATION_OK"
18741,10404879017,10404879048,1,"IOTHUB_CLIENT_CONFIRMATION_OK"
18742,10404879217,10404879339,1,"IOTHUB_CLIENT_CONFIRMATION_OK"
18743,10404879418,10404879452,1,"IOTHUB_CLIENT_CONFIRMATION_OK"
18744,10404879618,10404879651,1,"IOTHUB_CLIENT_CONFIRMATION_OK"
18745,10404879818,10404879951,1,"IOTHUB_CLIENT_CONFIRMATION_OK"
18746,10404880018,10404880052,1,"IOTHUB_CLIENT_CONFIRMATION_OK"
18747,10404880218,10404880258,1,"IOTHUB_CLIENT_CONFIRMATION_OK"
18748,10404880418,10404880448,1,"IOTHUB_CLIENT_CONFIRMATION_OK"
18749,10404880619,10404880654,1,"IOTHUB_CLIENT_CONFIRMATION_OK"
18750,10404880819,10404880852,1,"IOTHUB_CLIENT_CONFIRMATION_OK"
18751,10404881019,10404881055,1,"IOTHUB_CLIENT_CONFIRMATION_OK"
18752,10404881219,10404881255,1,"IOTHUB_CLIENT_CONFIRMATION_OK"
18753,10404881419,10404881493,1,"IOTHUB_CLIENT_CONFIRMATION_OK"
18754,10404881619,10404882085,1,"IOTHUB_CLIENT_CONFIRMATION_OK"
18755,10404881819,10404882530,1,"IOTHUB_CLIENT_CONFIRMATION_OK"
18756,10404882020,10404882593,1,"IOTHUB_CLIENT_CONFIRMATION_OK"
18757,10404882220,10404882701,1,"IOTHUB_CLIENT_CONFIRMATION_OK"
18758,10404882420,10404882834,1,"IOTHUB_CLIENT_CONFIRMATION_OK"
18759,10404882620,10404882906,1,"IOTHUB_CLIENT_CONFIRMATION_OK"
18760,10404882820,10404882965,1,"IOTHUB_CLIENT_CONFIRMATION_OK"
18761,10404883020,10404883053,1,"IOTHUB_CLIENT_CONFIRMATION_OK"
18762,10404883221,10404883257,1,"IOTHUB_CLIENT_CONFIRMATION_OK"
18763,10404883421,10404883482,1,"IOTHUB_CLIENT_CONFIRMATION_OK"
18764,10404883621,10404883652,1,"IOTHUB_CLIENT_CONFIRMATION_OK"
18765,10404883821,10404883851,1,"IOTHUB_CLIENT_CONFIRMATION_OK"
18766,10404884021,10404884052,1,"IOTHUB_CLIENT_CONFIRMATION_OK"
18767,10404884221,10404884254,1,"IOTHUB_CLIENT_CONFIRMATION_OK"
18768,10404884422,10404884531,1,"IOTHUB_CLIENT_CONFIRMATION_OK"
18769,10404884622,10404884654,1,"IOTHUB_CLIENT_CONFIRMATION_OK"
18770,10404884822,10404884851,1,"IOTHUB_CLIENT_CONFIRMATION_OK"
18771,10404885022,10404885057,1,"IOTHUB_CLIENT_CONFIRMATION_OK"
18772,10404885222,10404885254,1,"IOTHUB_CLIENT_CONFIRMATION_OK"
18773,10404885422,10404885460,1,"IOTHUB_CLIENT_CONFIRMATION_OK"
18774,10404885622,10404885652,1,"IOTHUB_CLIENT_CONFIRMATION_OK"
18775,10404885823,10404885876,1,"IOTHUB_CLIENT_CONFIRMATION_OK"
18776,10404886023,10404886067,1,"IOTHUB_CLIENT_CONFIRMATION_OK"
18777,10404886223,10404886256,1,"IOTHUB_CLIENT_CONFIRMATION_OK"
18778,10404886423,10404886456,1,"IOTHUB_CLIENT_CONFIRMATION_OK"
18779,10404886623,10404886680,1,"IOTHUB_CLIENT_CONFIRMATION_OK"
18780,10404886823,10404886858,1,"IOTHUB_CLIENT_CONFIRMATION_OK"
18781,10404887024,10404887091,1,"IOTHUB_CLIENT_CONFIRMATION_OK"
18782,10404887224,10404887260,1,"IOTHUB_CLIENT_CONFIRMATION_OK"
18783,10404887424,10404887456,1,"IOTHUB_CLIENT_CONFIRMATION_OK"
18784,10404887624,10404887683,1,"IOTHUB_CLIENT_CONFIRMATION_OK"
18785,10404887824,10404887881,1,"IOTHUB_CLIENT_CONFIRMATION_OK"
18786,10404888024,10404888067,1,"IOTHUB_CLIENT_CONFIRMATION_OK"
18787,10404888225,10404888365,1,"IOTHUB_CLIENT_CONFIRMATION_OK"
18788,10404888425,10404888462,1,"IOTHUB_CLIENT_CONFIRMATION_OK"
18789,10404888625,10404888660,1,"IOTHUB_CLIENT_CONFIRMATION_OK"
18790,10404888825,10404888877,1,"IOTHUB_CLIENT_CONFIRMATION_OK"
18791,10404889025,10404889141,1,"IOTHUB_CLIENT_CONFIRMATION_OK"
18792,10404889225,10404889257,1,"IOTHUB_CLIENT_CONFIRMATION_OK"
18793,10404889425,10404889472,1,"IOTHUB_CLIENT_CONFIRMATION_OK"
18794,10404889626,10404889658,1,"IOTHUB_CLIENT_CONFIRMATION_OK"
18795,10404889826,10404889857,1,"IOTHUB_CLIENT_CONFIRMATION_OK"
18796,10404890026,10404890056,1,"IOTHUB_CLIENT_CONFIRMATION_OK"
18797,10404890226,10404890261,1,"IOTHUB_CLIENT_CONFIRMATION_OK"
18798,10404890426,10404890597,1,"IOTHUB_CLIENT_CONFIRMATION_OK"
18799,10404890626,10404890660,1,"IOTHUB_CLIENT_CONFIRMATION_OK"
18800,10404890826,10404890869,1,"IOTHUB_CLIENT_CONFIRMATION_OK"
18801,10404891027,10404891058,1,"IOTHUB_CLIENT_CONFIRMATION_OK"
18802,10404891227,10404891259,1,"IOTHUB_CLIENT_CONFIRMATION_OK"
18803,10404891427,10404891473,1,"IOTHUB_CLIENT_CONFIRMATION_OK"
18804,10404891627,10404891656,1,"IOTHUB_CLIENT_CONFIRMATION_OK"
18805,10404891827,10404891862,1,"IOTHUB_CLIENT_CONFIRMATION_OK"
18806,10404892027,10404892059,1,"IOTHUB_CLIENT_CONFIRMATION_OK"
18807,10404892227,10404892269,1,"IOTHUB_CLIENT_CONFIRMATION_OK"
18808,10404892428,10404892464,1,"IOTHUB_CLIENT_CONFIRMATION_OK"
18809,10404892628,10404892670,1,"IOTHUB_CLIENT_CONFIRMATION_OK"
18810,10404892828,10404892872,1,"IOTHUB_CLIENT_CONFIRMATION_OK"
18811,10404893028,10404893060,1,"IOTHUB_CLIENT_CONFIRMATION_OK"
18812,10404893228,10404893270,1,"IOTHUB_CLIENT_CONFIRMATION_OK"
18813,10404893428,10404893482,1,"IOTHUB_CLIENT_CONFIRMATION_OK"
18814,10404893629,10404893673,1,"IOTHUB_CLIENT_CONFIRMATION_OK"
18815,10404893829,10404893872,1,"IOTHUB_CLIENT_CONFIRMATION_OK"
18816,10404894029,10404894060,1,"IOTHUB_CLIENT_CONFIRMATION_OK"
18817,10404894229,10404894261,1,"IOTHUB_CLIENT_CONFIRMATION_OK"
18818,10404894429,10404894490,1,"IOTHUB_CLIENT_CONFIRMATION_OK"
18819,10404894629,10404894660,1,"IOTHUB_CLIENT_CONFIRMATION_OK"
18820,10404894830,10404894868,1,"IOTHUB_CLIENT_CONFIRMATION_OK"
18821,10404895030,10404895109,1,"IOTHUB_CLIENT_CONFIRMATION_OK"
18822,10404895230,10404895260,1,"IOTHUB_CLIENT_CONFIRMATION_OK"
18823,10404895430,10404895462,1,"IOTHUB_CLIENT_CONFIRMATION_OK"
18824,10404895630,10404895661,1,"IOTHUB_CLIENT_CONFIRMATION_OK"
18825,10404895830,10404895868,1,"IOTHUB_CLIENT_CONFIRMATION_OK"
18826,10404896031,10404896108,1,"IOTHUB_CLIENT_CONFIRMATION_OK"
18827,10404896231,10404896260,1,"IOTHUB_CLIENT_CONFIRMATION_OK"
18828,10404896431,10404896464,1,"IOTHUB_CLIENT_CONFIRMATION_OK"
18829,10404896631,10404896765,1,"IOTHUB_CLIENT_CONFIRMATION_OK"
18830,10404896831,10404896866,1,"IOTHUB_CLIENT_CONFIRMATION_OK"
18831,10404897031,10404897066,1,"IOTHUB_CLIENT_CONFIRMATION_OK"
18832,10404897231,10404897358,1,"IOTHUB_CLIENT_CONFIRMATION_OK"
18833,10404897432,10404897462,1,"IOTHUB_CLIENT_CONFIRMATION_OK"
18834,10404897632,10404897664,1,"IOTHUB_CLIENT_CONFIRMATION_OK"
18835,10404897832,10404897864,1,"IOTHUB_CLIENT_CONFIRMATION_OK"
18836,10404898032,10404898072,1,"IOTHUB_CLIENT_CONFIRMATION_OK"
18837,10404898232,10404898263,1,"IOTHUB_CLIENT_CONFIRMATION_OK"
18838,10404898432,10404898475,1,"IOTHUB_CLIENT_CONFIRMATION_OK"
18839,10404898633,10404898664,1,"IOTHUB_CLIENT_CONFIRMATION_OK"
18840,10404898833,10404898955,1,"IOTHUB_CLIENT_CONFIRMATION_OK"
18841,10404899033,10404899068,1,"IOTHUB_CLIENT_CONFIRMATION_OK"
18842,10404899233,10404899296,1,"IOTHUB_CLIENT_CONFIRMATION_OK"
18843,10404899433,10404899576,1,"IOTHUB_CLIENT_CONFIRMATION_OK"
18844,10404899633,10404899669,1,"IOTHUB_CLIENT_CONFIRMATION_OK"
18845,10404899833,10404899878,1,"IOTHUB_CLIENT_CONFIRMATION_OK"
18846,10404900034,10404900070,1,"IOTHUB_CLIENT_CONFIRMATION_OK"
18847,10404900234,10404900303,1,"IOTHUB_CLIENT_CONFIRMATION_OK"
18848,10404900434,10404900481,1,"IOTHUB_CLIENT_CONFIRMATION_OK"
18849,10404900634,10404900671,1,"IOTHUB_CLIENT_CONFIRMATION_OK"
18850,10404900834,10404900864,1,"IOTHUB_CLIENT_CONFIRMATION_OK"
18851,10404901034,10404901075,1,"IOTHUB_CLIENT_CONFIRMATION_OK"
18852,10404901235,10404901268,1,"IOTHUB_CLIENT_CONFIRMATION_OK"
18853,10404901435,10404901466,1,"IOTHUB_CLIENT_CONFIRMATION_OK"
18854,10404901635,10404901829,1,"IOTHUB_CLIENT_CONFIRMATION_OK"
18855,10404901835,10404901865,1,"IOTHUB_CLIENT_CONFIRMATION_OK"
18856,10404902035,10404902077,1,"IOTHUB_CLIENT_CONFIRMATION_OK"
18857,10404902235,10404902285,1,"IOTHUB_CLIENT_CONFIRMATION_OK"
18858,10404902436,10404902483,1,"IOTHUB_CLIENT_CONFIRMATION_OK"
18859,10404902636,10404902667,1,"IOTHUB_CLIENT_CONFIRMATION_OK"
18860,10404902836,10404902953,1,"IOTHUB_CLIENT_CONFIRMATION_OK"
18861,10404903036,10404903079,1,"IOTHUB_CLIENT_CONFIRMATION_OK"
18862,10404903236,10404903270,1,"IOTHUB_CLIENT_CONFIRMATION_OK"
18863,10404903436,10404903483,1,"IOTHUB_CLIENT_CONFIRMATION_OK"
18864,10404903637,10404903666,1,"IOTHUB_CLIENT_CONFIRMATION_OK"
18865,10404903837,10404903873,1,"IOTHUB_CLIENT_CONFIRMATION_OK"
18866,10404904037,10404904081,1,"IOTHUB_CLIENT_CONFIRMATION_OK"
18867,10404904237,10404904272,1,"IOTHUB_CLIENT_CONFIRMATION_OK"
18868,10404904437,10404904484,1,"IOTHUB_CLIENT_CONFIRMATION_OK"
18869,10404904637,10404904668,1,"IOTHUB_CLIENT_CONFIRMATION_OK"
18870,10404904838,10404904869,1,"IOTHUB_CLIENT_CONFIRMATION_OK"
18871,10404905038,10404905091,1,"IOTHUB_CLIENT_CONFIRMATION_OK"
18872,10404905238,10404905271,1,"IOTHUB_CLIENT_CONFIRMATION_OK"
18873,10404905438,10404905469,1,"IOTHUB_CLIENT_CONFIRMATION_OK"
18874,10404905638,10404905708,1,"IOTHUB_CLIENT_CONFIRMATION_OK"
18875,10404905838,10404905869,1,"IOTHUB_CLIENT_CONFIRMATION_OK"
18876,10404906039,10404906096,1,"IOTHUB_CLIENT_CONFIRMATION_OK"
18877,10404906239,10404906315,1,"IOTHUB_CLIENT_CONFIRMATION_OK"
18878,10404906439,10404906473,1,"IOTHUB_CLIENT_CONFIRMATION_OK"
18879,10404906639,10404906672,1,"IOTHUB_CLIENT_CONFIRMATION_OK"
18880,10404906839,10404906882,1,"IOTHUB_CLIENT_CONFIRMATION_OK"
18881,10404907039,10404907073,1,"IOTHUB_CLIENT_CONFIRMATION_OK"
18882,10404907240,10404907272,1,"IOTHUB_CLIENT_CONFIRMATION_OK"
18883,10404907440,10404907474,1,"IOTHUB_CLIENT_CONFIRMATION_OK"
18884,10404907640,10404907681,1,"IOTHUB_CLIENT_CONFIRMATION_OK"
18885,10404907840,10404907953,1,"IOTHUB_CLIENT_CONFIRMATION_OK"
18886,10404908040,10404908073,1,"IOTHUB_CLIENT_CONFIRMATION_OK"
18887,10404908240,10404908271,1,"IOTHUB_CLIENT_CONFIRMATION_OK"
18888,10404908440,10404908470,1,"IOTHUB_CLIENT_CONFIRMATION_OK"
18889,10404908641,10404908673,1,"IOTHUB_CLIENT_CONFIRMATION_OK"
18890,10404908841,10404908875,1,"IOTHUB_CLIENT_CONFIRMATION_OK"
18891,10404909041,10404909086,1,"IOTHUB_CLIENT_CONFIRMATION_OK"
18892,10404909241,10404909280,1,"IOTHUB_CLIENT_CONFIRMATION_OK"
18893,10404909441,10404909480,1,"IOTHUB_CLIENT_CONFIRMATION_OK"
18894,10404909641,10404909690,1,"IOTHUB_CLIENT_CONFIRMATION_OK"
18895,10404909842,10404909874,1,"IOTHUB_CLIENT_CONFIRMATION_OK"
18896,10404910042,10404910149,1,"IOTHUB_CLIENT_CONFIRMATION_OK"
18897,10404910242,10404910280,1,"IOTHUB_CLIENT_CONFIRMATION_OK"
18898,10404910442,10404910474,1,"IOTHUB_CLIENT_CONFIRMATION_OK"
18899,10404910642,10404910702,1,"IOTHUB_CLIENT_CONFIRMATION_OK"
18900,10404910842,10404910910,1,"IOTHUB_CLIENT_CONFIRMATION_OK"
18901,10404911043,10404911074,1,"IOTHUB_CLIENT_CONFIRMATION_OK"
18902,10404911243,10404911326,1,"IOTHUB_CLIENT_CONFIRMATION_OK"
18903,10404911443,10404911477,1,"IOTHUB_CLIENT_CONFIRMATION_OK"
18904,10404911643,10404911677,1,"IOTHUB_CLIENT_CONFIRMATION_OK"
18905,10404911843,10404911957,1,"IOTHUB_CLIENT_CONFIRMATION_OK"
18906,10404912043,10404912077,1,"IOTHUB_CLIENT_CONFIRMATION_OK"
18907,10404912244,10404912279,1,"IOTHUB_CLIENT_CONFIRMATION_OK"
18908,10404912444,10404912488,1,"IOTHUB_CLIENT_CONFIRMATION_OK"
18909,10404912644,10404912678,1,"IOTHUB_CLIENT_CONFIRMATION_OK"
18910,10404912844,10404912877,1,"IOTHUB_CLIENT_CONFIRMATION_OK"
18911,10404913044,10404913073,1,"IOTHUB_CLIENT_CONFIRMATION_OK"
18912,10404913244,10404913291,1,"IOTHUB_CLIENT_CONFIRMATION_OK"
18913,10404913444,10404913566,1,"IOTHUB_CLIENT_CONFIRMATION_OK"
18914,10404913645,10404913709,1,"IOTHUB_CLIENT_CONFIRMATION_OK"
18915,10404913845,10404913883,1,"IOTHUB_CLIENT_CONFIRMATION_OK"
18916,10404914045,10404914177,1,"IOTHUB_CLIENT_CONFIRMATION_OK"
18917,10404914245,10404914278,1,"IOTHUB_CLIENT_CONFIRMATION_OK"
18918,10404914445,10404914479,1,"IOTHUB_CLIENT_CONFIRMATION_OK"
18919,10404914646,10404914681,1,"IOTHUB_CLIENT_CONFIRMATION_OK"
18920,10404914846,10404914880,1,"IOTHUB_CLIENT_CONFIRMATION_OK"
18921,10404915046,10404915075,1,"IOTHUB_CLIENT_CONFIRMATION_OK"
18922,10404915246,10404915282,1,"IOTHUB_CLIENT_CONFIRMATION_OK"
18923,10404915446,10404915526,1,"IOTHUB_CLIENT_CONFIRMATION_OK"
18924,10404915646,10404915698,1,"IOTHUB_CLIENT_CONFIRMATION_OK"
18925,10404915846,10404915890,1,"IOTHUB_CLIENT_CONFIRMATION_OK"
18926,10404916047,10404916086,1,"IOTHUB_CLIENT_CONFIRMATION_OK"
18927,10404916247,10404916411,1,"IOTHUB_CLIENT_CONFIRMATION_OK"
18928,10404916447,10404916479,1,"IOTHUB_CLIENT_CONFIRMATION_OK"
18929,10404916647,10404916681,1,"IOTHUB_CLIENT_CONFIRMATION_OK"
18930,10404916847,10404916882,1,"IOTHUB_CLIENT_CONFIRMATION_OK"
18931,10404917047,10404917112,1,"IOTHUB_CLIENT_CONFIRMATION_OK"
18932,10404917248,10404917278,1,"IOTHUB_CLIENT_CONFIRMATION_OK"
18933,10404917448,10404917478,1,"IOTHUB_CLIENT_CONFIRMATION_OK"
18934,10404917648,10404917698,1,"IOTHUB_CLIENT_CONFIRMATION_OK"
18935,10404917848,10404917888,1,"IOTHUB_CLIENT_CONFIRMATION_OK"
18936,10404918048,10404918079,1,"IOTHUB_CLIENT_CONFIRMATION_OK"
18937,10404918248,10404918290,1,"IOTHUB_CLIENT_CONFIRMATION_OK"
18938,10404918449,10404918484,1,"IOTHUB_CLIENT_CONFIRMATION_OK"
18939,10404918649,10404918685,1,"IOTHUB_CLIENT_CONFIRMATION_OK"
18940,10404918849,10404918879,1,"IOTHUB_CLIENT_CONFIRMATION_OK"
18941,10404919049,10404919080,1,"IOTHUB_CLIENT_CONFIRMATION_OK"
18942,10404919249,10404919282,1,"IOTHUB_CLIENT_CONFIRMATION_OK"
18943,10404919449,10404919494,1,"IOTHUB_CLIENT_CONFIRMATION_OK"
18944,10404919650,10404919692,1,"IOTHUB_CLIENT_CONFIRMATION_OK"
18945,10404919850,10404919891,1,"IOTHUB_CLIENT_CONFIRMATION_OK"
18946,10404920050,10404920096,1,"IOTHUB_CLIENT_CONFIRMATION_OK"
18947,10404920250,10404920292,1,"IOTHUB_CLIENT_CONFIRMATION_OK"
18948,10404920450,10404920484,1,"IOTHUB_CLIENT_CONFIRMATION_OK"
18949,10404920650,10404920683,1,"IOTHUB_CLIENT_CONFIRMATION_OK"
18950,10404920851,10404920925,1,"IOTHUB_CLIENT_CONFIRMATION_OK"
18951,10404921051,10404921082,1,"IOTHUB_CLIENT_CONFIRMATION_OK"
18952,10404921251,10404921287,1,"IOTHUB_CLIENT_CONFIRMATION_OK"
18953,10404921451,10404921492,1,"IOTHUB_CLIENT_CONFIRMATION_OK"
18954,10404921651,10404921680,1,"IOTHUB_CLIENT_CONFIRMATION_OK"
18955,10404921851,10404921935,1,"IOTHUB_CLIENT_CONFIRMATION_OK"
18956,10404922052,10404922084,1,"IOTHUB_CLIENT_CONFIRMATION_OK"
18957,10404922252,10404922309,1,"IOTHUB_CLIENT_CONFIRMATION_OK"
18958,10404922452,10404922542,1,"IOTHUB_CLIENT_CONFIRMATION_OK"
18959,10404922652,10404922682,1,"IOTHUB_CLIENT_CONFIRMATION_OK"
18960,10404922852,10404922886,1,"IOTHUB_CLIENT_CONFIRMATION_OK"
18961,10404923052,10404923143,1,"IOTHUB_CLIENT_CONFIRMATION_OK"
18962,10404923252,10404923284,1,"IOTHUB_CLIENT_CONFIRMATION_OK"
18963,10404923453,10404923491,1,"IOTHUB_CLIENT_CONFIRMATION_OK"
18964,10404923653,10404923685,1,"IOTHUB_CLIENT_CONFIRMATION_OK"
18965,10404923853,10404923887,1,"IOTHUB_CLIENT_CONFIRMATION_OK"
18966,10404924053,10404924084,1,"IOTHUB_CLIENT_CONFIRMATION_OK"
18967,10404924253,10404924301,1,"IOTHUB_CLIENT_CONFIRMATION_OK"
18968,10404924453,10404924504,1,"IOTHUB_CLIENT_CONFIRMATION_OK"
18969,10404924654,10404924767,1,"IOTHUB_CLIENT_CONFIRMATION_OK"
18970,10404924854,10404924912,1,"IOTHUB_CLIENT_CONFIRMATION_OK"
18971,10404925054,10404925087,1,"IOTHUB_CLIENT_CONFIRMATION_OK"
18972,10404925254,10404925408,1,"IOTHUB_CLIENT_CONFIRMATION_OK"
18973,10404925454,10404925483,1,"IOTHUB_CLIENT_CONFIRMATION_OK"
18974,10404925654,10404925692,1,"IOTHUB_CLIENT_CONFIRMATION_OK"
18975,10404925855,10404925907,1,"IOTHUB_CLIENT_CONFIRMATION_OK"
18976,10404926055,10404926099,1,"IOTHUB_CLIENT_CONFIRMATION_OK"
18977,10404926255,10404926308,1,"IOTHUB_CLIENT_CONFIRMATION_OK"
18978,10404926455,10404926485,1,"IOTHUB_CLIENT_CONFIRMATION_OK"
18979,10404926655,10404926686,1,"IOTHUB_CLIENT_CONFIRMATION_OK"
18980,10404926855,10404926889,1,"IOTHUB_CLIENT_CONFIRMATION_OK"
18981,10404927055,10404927122,1,"IOTHUB_CLIENT_CONFIRMATION_OK"
18982,10404927256,10404927296,1,"IOTHUB_CLIENT_CONFIRMATION_OK"
18983,10404927456,10404927617,1,"IOTHUB_CLIENT_CONFIRMATION_OK"
18984,10404927656,10404927706,1,"IOTHUB_CLIENT_CONFIRMATION_OK"
18985,10404927856,10404927906,1,"IOTHUB_CLIENT_CONFIRMATION_OK"
18986,10404928056,10404928241,1,"IOTHUB_CLIENT_CONFIRMATION_OK"
18987,10404928256,10404928300,1,"IOTHUB_CLIENT_CONFIRMATION_OK"
18988,10404928457,10404928486,1,"IOTHUB_CLIENT_CONFIRMATION_OK"
18989,10404928657,10404928689,1,"IOTHUB_CLIENT_CONFIRMATION_OK"
18990,10404928857,10404928890,1,"IOTHUB_CLIENT_CONFIRMATION_OK"
18991,10404929057,10404929087,1,"IOTHUB_CLIENT_CONFIRMATION_OK"
18992,10404929257,10404929289,1,"IOTHUB_CLIENT_CONFIRMATION_OK"
18993,10404929457,10404929488,1,"IOTHUB_CLIENT_CONFIRMATION_OK"
18994,10404929658,10404929688,1,"IOTHUB_CLIENT_CONFIRMATION_OK"
18995,10404929858,10404929895,1,"IOTHUB_CLIENT_CONFIRMATION_OK"
18996,10404930058,10404930088,1,"IOTHUB_CLIENT_CONFIRMATION_OK"
18997,10404930258,10404930477,1,"IOTHUB_CLIENT_CONFIRMATION_OK"
18998,10404930458,10404930498,1,"IOTHUB_CLIENT_CONFIRMATION_OK"
18999,10404930658,10404930698,1,"IOTHUB_CLIENT_CONFIRMATION_OK"
19000,10404930858,10404930903,1,"IOTHUB_CLIENT_CONFIRMATION_OK"
19001,10404931059,10404931091,1,"IOTHUB_CLIENT_CONFIRMATION_OK"
19002,10404931259,10404931289,1,"IOTHUB_CLIENT_CONFIRMATION_OK"
19003,10404931459,10404931493,1,"IOTHUB_CLIENT_CONFIRMATION_OK"
19004,10404931659,10404931695,1,"IOTHUB_CLIENT_CONFIRMATION_OK"
19005,10404931859,10404931893,1,"IOTHUB_CLIENT_CONFIRMATION_OK"
19006,10404932059,10404932097,1,"IOTHUB_CLIENT_CONFIRMATION_OK"
19007,10404932260,10404932329,1,"IOTHUB_CLIENT_CONFIRMATION_OK"
19008,10404932460,10404932491,1,"IOTHUB_CLIENT_CONFIRMATION_OK"
19009,10404932660,10404932706,1,"IOTHUB_CLIENT_CONFIRMATION_OK"
19010,10404932860,10404932903,1,"IOTHUB_CLIENT_CONFIRMATION_OK"
19011,10404933060,10404933092,1,"IOTHUB_CLIENT_CONFIRMATION_OK"
19012,10404933260,10404933294,1,"IOTHUB_CLIENT_CONFIRMATION_OK"
19013,10404933461,10404933496,1,"IOTHUB_CLIENT_CONFIRMATION_OK"
19014,10404933661,10404933696,1,"IOTHUB_CLIENT_CONFIRMATION_OK"
19015,10404933861,10404933904,1,"IOTHUB_CLIENT_CONFIRMATION_OK"
19016,10404934061,10404934093,1,"IOTHUB_CLIENT_CONFIRMATION_OK"
19017,10404934261,10404934323,1,"IOTHUB_CLIENT_CONFIRMATION_OK"
19018,10404934461,10404934495,1,"IOTHUB_CLIENT_CONFIRMATION_OK"
19019,10404934662,10404934694,1,"IOTHUB_CLIENT_CONFIRMATION_OK"
19020,10404934862,10404934954,1,"IOTHUB_CLIENT_CONFIRMATION_OK"
19021,10404935062,10404935093,1,"IOTHUB_CLIENT_CONFIRMATION_OK"
19022,10404935262,10404935298,1,"IOTHUB_CLIENT_CONFIRMATION_OK"
19023,10404935462,10404935500,1,"IOTHUB_CLIENT_CONFIRMATION_OK"
19024,10404935662,10404935731,1,"IOTHUB_CLIENT_CONFIRMATION_OK"
19025,10404935862,10404936046,1,"IOTHUB_CLIENT_CONFIRMATION_OK"
19026,10404936063,10404936097,1,"IOTHUB_CLIENT_CONFIRMATION_OK"
19027,10404936263,10404936301,1,"IOTHUB_CLIENT_CONFIRMATION_OK"
19028,10404936463,10404936573,1,"IOTHUB_CLIENT_CONFIRMATION_OK"
19029,10404936663,10404936704,1,"IOTHUB_CLIENT_CONFIRMATION_OK"
19030,10404936863,10404936893,1,"IOTHUB_CLIENT_CONFIRMATION_OK"
19031,10404937063,10404937202,1,"IOTHUB_CLIENT_CONFIRMATION_OK"
19032,10404937264,10404937295,1,"IOTHUB_CLIENT_CONFIRMATION_OK"
19033,10404937464,10404937495,1,"IOTHUB_CLIENT_CONFIRMATION_OK"
19034,10404937664,10404937726,1,"IOTHUB_CLIENT_CONFIRMATION_OK"
19035,10404937864,10404937929,1,"IOTHUB_CLIENT_CONFIRMATION_OK"
19036,10404938064,10404938097,1,"IOTHUB_CLIENT_CONFIRMATION_OK"
19037,10404938264,10404938297,1,"IOTHUB_CLIENT_CONFIRMATION_OK"
19038,10404938465,10404938522,1,"IOTHUB_CLIENT_CONFIRMATION_OK"
19039,10404938665,10404938699,1,"IOTHUB_CLIENT_CONFIRMATION_OK"
19040,10404938865,10404938894,1,"IOTHUB_CLIENT_CONFIRMATION_OK"
19041,10404939065,10404939097,1,"IOTHUB_CLIENT_CONFIRMATION_OK"
19042,10404939265,10404939446,1,"IOTHUB_CLIENT_CONFIRMATION_OK"
19043,10404939465,10404939509,1,"IOTHUB_CLIENT_CONFIRMATION_OK"
19044,10404939666,10404939699,1,"IOTHUB_CLIENT_CONFIRMATION_OK"
19045,10404939866,10404939901,1,"IOTHUB_CLIENT_CONFIRMATION_OK"
19046,10404940066,10404940102,1,"IOTHUB_CLIENT_CONFIRMATION_OK"
19047,10404940266,10404940314,1,"IOTHUB_CLIENT_CONFIRMATION_OK"
19048,10404940466,10404940498,1,"IOTHUB_CLIENT_CONFIRMATION_OK"
19049,10404940666,10404940699,1,"IOTHUB_CLIENT_CONFIRMATION_OK"
19050,10404940867,10404940910,1,"IOTHUB_CLIENT_CONFIRMATION_OK"
19051,10404941067,10404941103,1,"IOTHUB_CLIENT_CONFIRMATION_OK"
19052,10404941267,10404941324,1,"IOTHUB_CLIENT_CONFIRMATION_OK"
19053,10404941467,10404941501,1,"IOTHUB_CLIENT_CONFIRMATION_OK"
19054,10404941667,10404941699,1,"IOTHUB_CLIENT_CONFIRMATION_OK"
19055,10404941868,10404941899,1,"IOTHUB_CLIENT_CONFIRMATION_OK"
19056,10404942068,10404942177,1,"IOTHUB_CLIENT_CONFIRMATION_OK"
19057,10404942268,10404942296,1,"IOTHUB_CLIENT_CONFIRMATION_OK"
19058,10404942468,10404942498,1,"IOTHUB_CLIENT_CONFIRMATION_OK"
19059,10404942668,10404942796,1,"IOTHUB_CLIENT_CONFIRMATION_OK"
19060,10404942868,10404942900,1,"IOTHUB_CLIENT_CONFIRMATION_OK"
19061,10404943068,10404943106,1,"IOTHUB_CLIENT_CONFIRMATION_OK"
19062,10404943269,10404943315,1,"IOTHUB_CLIENT_CONFIRMATION_OK"
19063,10404943469,10404943518,1,"IOTHUB_CLIENT_CONFIRMATION_OK"
19064,10404943669,10404943698,1,"IOTHUB_CLIENT_CONFIRMATION_OK"
19065,10404943869,10404943905,1,"IOTHUB_CLIENT_CONFIRMATION_OK"
19066,10404944069,10404944101,1,"IOTHUB_CLIENT_CONFIRMATION_OK"
19067,10404944269,10404944307,1,"IOTHUB_CLIENT_CONFIRMATION_OK"
19068,10404944470,10404944503,1,"IOTHUB_CLIENT_CONFIRMATION_OK"
19069,10404944670,10404944713,1,"IOTHUB_CLIENT_CONFIRMATION_OK"
19070,10404944870,10404945039,1,"IOTHUB_CLIENT_CONFIRMATION_OK"
19071,10404945070,10404945113,1,"IOTHUB_CLIENT_CONFIRMATION_OK"
19072,10404945270,10404945315,1,"IOTHUB_CLIENT_CONFIRMATION_OK"
19073,10404945470,10404945499,1,"IOTHUB_CLIENT_CONFIRMATION_OK"
19074,10404945671,10404945705,1,"IOTHUB_CLIENT_CONFIRMATION_OK"
19075,10404945871,10404945902,1,"IOTHUB_CLIENT_CONFIRMATION_OK"
19076,10404946071,10404946101,1,"IOTHUB_CLIENT_CONFIRMATION_OK"
19077,10404946271,10404946311,1,"IOTHUB_CLIENT_CONFIRMATION_OK"
19078,10404946471,10404946513,1,"IOTHUB_CLIENT_CONFIRMATION_OK"
19079,10404946671,10404946716,1,"IOTHUB_CLIENT_CONFIRMATION_OK"
19080,10404946872,10404946910,1,"IOTHUB_CLIENT_CONFIRMATION_OK"
19081,10404947072,10404947120,1,"IOTHUB_CLIENT_CONFIRMATION_OK"
19082,10404947272,10404947316,1,"IOTHUB_CLIENT_CONFIRMATION_OK"
19083,10404947472,10404947504,1,"IOTHUB_CLIENT_CONFIRMATION_OK"
19084,10404947672,10404947728,1,"IOTHUB_CLIENT_CONFIRMATION_OK"
19085,10404947872,10404947925,1,"IOTHUB_CLIENT_CONFIRMATION_OK"
19086,10404948073,10404948102,1,"IOTHUB_CLIENT_CONFIRMATION_OK"
19087,10404948273,10404948342,1,"IOTHUB_CLIENT_CONFIRMATION_OK"
19088,10404948473,10404948510,1,"IOTHUB_CLIENT_CONFIRMATION_OK"
19089,10404948673,10404948708,1,"IOTHUB_CLIENT_CONFIRMATION_OK"
19090,10404948873,10404948976,1,"IOTHUB_CLIENT_CONFIRMATION_OK"
19091,10404949073,10404949106,1,"IOTHUB_CLIENT_CONFIRMATION_OK"
19092,10404949273,10404949315,1,"IOTHUB_CLIENT_CONFIRMATION_OK"
19093,10404949474,10404949505,1,"IOTHUB_CLIENT_CONFIRMATION_OK"
19094,10404949674,10404949706,1,"IOTHUB_CLIENT_CONFIRMATION_OK"
19095,10404949874,10404949907,1,"IOTHUB_CLIENT_CONFIRMATION_OK"
19096,10404950074,10404950107,1,"IOTHUB_CLIENT_CONFIRMATION_OK"
19097,10404950274,10404950317,1,"IOTHUB_CLIENT_CONFIRMATION_OK"
19098,10404950474,10404950627,1,"IOTHUB_CLIENT_CONFIRMATION_OK"
19099,10404950675,10404950708,1,"IOTHUB_CLIENT_CONFIRMATION_OK"
19100,10404950875,10404950906,1,"IOTHUB_CLIENT_CONFIRMATION_OK"
19101,10404951075,10404951226,1,"IOTHUB_CLIENT_CONFIRMATION_OK"
19102,10404951275,10404951314,1,"IOTHUB_CLIENT_CONFIRMATION_OK"
19103,10404951475,10404951507,1,"IOTHUB_CLIENT_CONFIRMATION_OK"
19104,10404951675,10404951723,1,"IOTHUB_CLIENT_CONFIRMATION_OK"
19105,10404951876,10404951914,1,"IOTHUB_CLIENT_CONFIRMATION_OK"
19106,10404952076,10404952121,1,"IOTHUB_CLIENT_CONFIRMATION_OK"
19107,10404952276,10404952322,1,"IOTHUB_CLIENT_CONFIRMATION_OK"
19108,10404952476,10404952521,1,"IOTHUB_CLIENT_CONFIRMATION_OK"
19109,10404952676,10404952726,1,"IOTHUB_CLIENT_CONFIRMATION_OK"
19110,10404952876,10404952913,1,"IOTHUB_CLIENT_CONFIRMATION_OK"
19111,10404953077,10404953112,1,"IOTHUB_CLIENT_CONFIRMATION_OK"
19112,10404953277,10404953475,1,"IOTHUB_CLIENT_CONFIRMATION_OK"
19113,10404953477,10404953511,1,"IOTHUB_CLIENT_CONFIRMATION_OK"
19114,10404953677,10404953711,1,"IOTHUB_CLIENT_CONFIRMATION_OK"
19115,10404953877,10404953913,1,"IOTHUB_CLIENT_CONFIRMATION_OK"
19116,10404954077,10404954119,1,"IOTHUB_CLIENT_CONFIRMATION_OK"
19117,10404954278,10404954312,1,"IOTHUB_CLIENT_CONFIRMATION_OK"
19118,10404954478,10404954509,1,"IOTHUB_CLIENT_CONFIRMATION_OK"
19119,10404954678,10404954711,1,"IOTHUB_CLIENT_CONFIRMATION_OK"
19120,10404954878,10404954909,1,"IOTHUB_CLIENT_CONFIRMATION_OK"
19121,10404955078,10404955121,1,"IOTHUB_CLIENT_CONFIRMATION_OK"
19122,10404955278,10404955309,1,"IOTHUB_CLIENT_CONFIRMATION_OK"
19123,10404955479,10404955512,1,"IOTHUB_CLIENT_CONFIRMATION_OK"
19124,10404955679,10404955708,1,"IOTHUB_CLIENT_CONFIRMATION_OK"
19125,10404955879,10404955909,1,"IOTHUB_CLIENT_CONFIRMATION_OK"
19126,10404956079,10404956120,1,"IOTHUB_CLIENT_CONFIRMATION_OK"
19127,10404956279,10404956310,1,"IOTHUB_CLIENT_CONFIRMATION_OK"
19128,10404956479,10404956512,1,"IOTHUB_CLIENT_CONFIRMATION_OK"
19129,10404956680,10404956721,1,"IOTHUB_CLIENT_CONFIRMATION_OK"
19130,10404956880,10404956911,1,"IOTHUB_CLIENT_CONFIRMATION_OK"
19131,10404957080,10404957112,1,"IOTHUB_CLIENT_CONFIRMATION_OK"
19132,10404957280,10404957323,1,"IOTHUB_CLIENT_CONFIRMATION_OK"
19133,10404957480,10404957535,1,"IOTHUB_CLIENT_CONFIRMATION_OK"
19134,10404957680,10404957710,1,"IOTHUB_CLIENT_CONFIRMATION_OK"
19135,10404957880,10404957939,1,"IOTHUB_CLIENT_CONFIRMATION_OK"
19136,10404958081,10404958119,1,"IOTHUB_CLIENT_CONFIRMATION_OK"
19137,10404958281,10404958315,1,"IOTHUB_CLIENT_CONFIRMATION_OK"
19138,10404958481,10404958512,1,"IOTHUB_CLIENT_CONFIRMATION_OK"
19139,10404958681,10404958732,1,"IOTHUB_CLIENT_CONFIRMATION_OK"
19140,10404958881,10404958934,1,"IOTHUB_CLIENT_CONFIRMATION_OK"
19141,10404959081,10404959112,1,"IOTHUB_CLIENT_CONFIRMATION_OK"
19142,10404959281,10404959317,1,"IOTHUB_CLIENT_CONFIRMATION_OK"
19143,10404959482,10404959561,1,"IOTHUB_CLIENT_CONFIRMATION_OK"
19144,10404959682,10404959732,1,"IOTHUB_CLIENT_CONFIRMATION_OK"
19145,10404959882,10404959934,1,"IOTHUB_CLIENT_CONFIRMATION_OK"
19146,10404960082,10404960196,1,"IOTHUB_CLIENT_CONFIRMATION_OK"
19147,10404960282,10404960318,1,"IOTHUB_CLIENT_CONFIRMATION_OK"
19148,10404960482,10404960603,1,"IOTHUB_CLIENT_CONFIRMATION_OK"
19149,10404960683,10404960852,1,"IOTHUB_CLIENT_CONFIRMATION_OK"
19150,10404960883,10404960912,1,"IOTHUB_CLIENT_CONFIRMATION_OK"
19151,10404961083,10404961118,1,"IOTHUB_CLIENT_CONFIRMATION_OK"
19152,10404961283,10404961316,1,"IOTHUB_CLIENT_CONFIRMATION_OK"
19153,10404961483,10404961520,1,"IOTHUB_CLIENT_CONFIRMATION_OK"
19154,10404961684,10404961857,1,"IOTHUB_CLIENT_CONFIRMATION_OK"
19155,10404961884,10404961919,1,"IOTHUB_CLIENT_CONFIRMATION_OK"
19156,10404962084,10404962120,1,"IOTHUB_CLIENT_CONFIRMATION_OK"
19157,10404962284,10404962318,1,"IOTHUB_CLIENT_CONFIRMATION_OK"
19158,10404962484,10404962529,1,"IOTHUB_CLIENT_CONFIRMATION_OK"
19159,10404962684,10404962716,1,"IOTHUB_CLIENT_CONFIRMATION_OK"
19160,10404962885,10404962919,1,"IOTHUB_CLIENT_CONFIRMATION_OK"
19161,10404963085,10404963125,1,"IOTHUB_CLIENT_CONFIRMATION_OK"
19162,10404963285,10404963312,1,"IOTHUB_CLIENT_CONFIRMATION_OK"
19163,10404963485,10404963518,1,"IOTHUB_CLIENT_CONFIRMATION_OK"
19164,10404963685,10404963730,1,"IOTHUB_CLIENT_CONFIRMATION_OK"
19165,10404963885,10404963917,1,"IOTHUB_CLIENT_CONFIRMATION_OK"
19166,10404964086,10404964114,1,"IOTHUB_CLIENT_CONFIRMATION_OK"
19167,10404964286,10404964318,1,"IOTHUB_CLIENT_CONFIRMATION_OK"
19168,10404964486,10404964516,1,"IOTHUB_CLIENT_CONFIRMATION_OK"
19169,10404964686,10404964725,1,"IOTHUB_CLIENT_CONFIRMATION_OK"
19170,10404964886,10404964915,1,"IOTHUB_CLIENT_CONFIRMATION_OK"
19171,10404965086,10404965126,1,"IOTHUB_CLIENT_CONFIRMATION_OK"
19172,10404965286,10404965315,1,"IOTHUB_CLIENT_CONFIRMATION_OK"
19173,10404965487,10404965521,1,"IOTHUB_CLIENT_CONFIRMATION_OK"
19174,10404965687,10404965742,1,"IOTHUB_CLIENT_CONFIRMATION_OK"
19175,10404965887,10404965934,1,"IOTHUB_CLIENT_CONFIRMATION_OK"
19176,10404966087,10404966126,1,"IOTHUB_CLIENT_CONFIRMATION_OK"
19177,10404966287,10404966343,1,"IOTHUB_CLIENT_CONFIRMATION_OK"
19178,10404966487,10404966522,1,"IOTHUB_CLIENT_CONFIRMATION_OK"
19179,10404966688,10404966720,1,"IOTHUB_CLIENT_CONFIRMATION_OK"
19180,10404966888,10404966953,1,"IOTHUB_CLIENT_CONFIRMATION_OK"
19181,10404967088,10404967138,1,"IOTHUB_CLIENT_CONFIRMATION_OK"
19182,10404967288,10404967321,1,"IOTHUB_CLIENT_CONFIRMATION_OK"
19183,10404967488,10404967525,1,"IOTHUB_CLIENT_CONFIRMATION_OK"
19184,10404967688,10404967747,1,"IOTHUB_CLIENT_CONFIRMATION_OK"
19185,10404967888,10404967962,1,"IOTHUB_CLIENT_CONFIRMATION_OK"
19186,10404968089,10404968121,1,"IOTHUB_CLIENT_CONFIRMATION_OK"
19187,10404968289,10404968321,1,"IOTHUB_CLIENT_CONFIRMATION_OK"
19188,10404968489,10404968569,1,"IOTHUB_CLIENT_CONFIRMATION_OK"
19189,10404968689,10404968723,1,"IOTHUB_CLIENT_CONFIRMATION_OK"
19190,10404968889,10404968921,1,"IOTHUB_CLIENT_CONFIRMATION_OK"
19191,10404969089,10404969200,1,"IOTHUB_CLIENT_CONFIRMATION_OK"
19192,10404969290,10404969338,1,"IOTHUB_CLIENT_CONFIRMATION_OK"
19193,10404969490,10404969519,1,"IOTHUB_CLIENT_CONFIRMATION_OK"
19194,10404969690,10404969731,1,"IOTHUB_CLIENT_CONFIRMATION_OK"
19195,10404969890,10404969920,1,"IOTHUB_CLIENT_CONFIRMATION_OK"
19196,10404970090,10404970134,1,"IOTHUB_CLIENT_CONFIRMATION_OK"
19197,10404970290,10404970324,1,"IOTHUB_CLIENT_CONFIRMATION_OK"
19198,10404970491,10404970521,1,"IOTHUB_CLIENT_CONFIRMATION_OK"
19199,10404970691,10404970820,1,"IOTHUB_CLIENT_CONFIRMATION_OK"
19200,10404970891,10404971037,1,"IOTHUB_CLIENT_CONFIRMATION_OK"
19201,10404971091,10404971142,1,"IOTHUB_CLIENT_CONFIRMATION_OK"
19202,10404971291,10404971341,1,"IOTHUB_CLIENT_CONFIRMATION_OK"
19203,10404971492,10404971522,1,"IOTHUB_CLIENT_CONFIRMATION_OK"
19204,10404971692,10404971722,1,"IOTHUB_CLIENT_CONFIRMATION_OK"
19205,10404971892,10404971951,1,"IOTHUB_CLIENT_CONFIRMATION_OK"
19206,10404972092,10404972138,1,"IOTHUB_CLIENT_CONFIRMATION_OK"
19207,10404972292,10404972333,1,"IOTHUB_CLIENT_CONFIRMATION_OK"
19208,10404972492,10404972540,1,"IOTHUB_CLIENT_CONFIRMATION_OK"
19209,10404972692,10404972725,1,"IOTHUB_CLIENT_CONFIRMATION_OK"
19210,10404972893,10404972929,1,"IOTHUB_CLIENT_CONFIRMATION_OK"
19211,10404973093,10404973138,1,"IOTHUB_CLIENT_CONFIRMATION_OK"
19212,10404973293,10404973331,1,"IOTHUB_CLIENT_CONFIRMATION_OK"
19213,10404973493,10404973687,1,"IOTHUB_CLIENT_CONFIRMATION_OK"
19214,10404973693,10404973737,1,"IOTHUB_CLIENT_CONFIRMATION_OK"
19215,10404973893,10404973924,1,"IOTHUB_CLIENT_CONFIRMATION_OK"
19216,10404974094,10404974142,1,"IOTHUB_CLIENT_CONFIRMATION_OK"
19217,10404974294,10404974324,1,"IOTHUB_CLIENT_CONFIRMATION_OK"
19218,10404974494,10404974528,1,"IOTHUB_CLIENT_CONFIRMATION_OK"
19219,10404974694,10404974749,1,"IOTHUB_CLIENT_CONFIRMATION_OK"
19220,10404974894,10404974936,1,"IOTHUB_CLIENT_CONFIRMATION_OK"
19221,10404975094,10404975146,1,"IOTHUB_CLIENT_CONFIRMATION_OK"
19222,10404975295,10404975404,1,"IOTHUB_CLIENT_CONFIRMATION_OK"
19223,10404975495,10404975527,1,"IOTHUB_CLIENT_CONFIRMATION_OK"
19224,10404975695,10404975727,1,"IOTHUB_CLIENT_CONFIRMATION_OK"
19225,10404975895,10404975928,1,"IOTHUB_CLIENT_CONFIRMATION_OK"
19226,10404976095,10404976132,1,"IOTHUB_CLIENT_CONFIRMATION_OK"
19227,10404976295,10404976400,1,"IOTHUB_CLIENT_CONFIRMATION_OK"
19228,10404976496,10404976532,1,"IOTHUB_CLIENT_CONFIRMATION_OK"
19229,10404976696,10404976726,1,"IOTHUB_CLIENT_CONFIRMATION_OK"
19230,10404976896,10404977046,1,"IOTHUB_CLIENT_CONFIRMATION_OK"
19231,10404977096,10404977130,1,"IOTHUB_CLIENT_CONFIRMATION_OK"
19232,10404977296,10404977339,1,"IOTHUB_CLIENT_CONFIRMATION_OK"
19233,10404977496,10404977530,1,"IOTHUB_CLIENT_CONFIRMATION_OK"
19234,10404977696,10404977729,1,"IOTHUB_CLIENT_CONFIRMATION_OK"
19235,10404977897,10404977928,1,"IOTHUB_CLIENT_CONFIRMATION_OK"
19236,10404978097,10404978133,1,"IOTHUB_CLIENT_CONFIRMATION_OK"
19237,10404978297,10404978328,1,"IOTHUB_CLIENT_CONFIRMATION_OK"
19238,10404978497,10404978531,1,"IOTHUB_CLIENT_CONFIRMATION_OK"
19239,10404978697,10404978731,1,"IOTHUB_CLIENT_CONFIRMATION_OK"
19240,10404978897,10404978929,1,"IOTHUB_CLIENT_CONFIRMATION_OK"
19241,10404979098,10404979248,1,"IOTHUB_CLIENT_CONFIRMATION_OK"
19242,10404979298,10404979332,1,"IOTHUB_CLIENT_CONFIRMATION_OK"
19243,10404979498,10404979540,1,"IOTHUB_CLIENT_CONFIRMATION_OK"
19244,10404979698,10404979856,1,"IOTHUB_CLIENT_CONFIRMATION_OK"
19245,10404979898,10404979940,1,"IOTHUB_CLIENT_CONFIRMATION_OK"
19246,10404980098,10404980140,1,"IOTHUB_CLIENT_CONFIRMATION_OK"
19247,10404980298,10404980339,1,"IOTHUB_CLIENT_CONFIRMATION_OK"
19248,10404980499,10404980529,1,"IOTHUB_CLIENT_CONFIRMATION_OK"
19249,10404980699,10404980817,1,"IOTHUB_CLIENT_CONFIRMATION_OK"
19250,10404980899,10404980927,1,"IOTHUB_CLIENT_CONFIRMATION_OK"
19251,10404981099,10404981132,1,"IOTHUB_CLIENT_CONFIRMATION_OK"
19252,10404981299,10404981332,1,"IOTHUB_CLIENT_CONFIRMATION_OK"
19253,10404981499,10404981533,1,"IOTHUB_CLIENT_CONFIRMATION_OK"
19254,10404981699,10404981731,1,"IOTHUB_CLIENT_CONFIRMATION_OK"
19255,10404981900,10404981932,1,"IOTHUB_CLIENT_CONFIRMATION_OK"
19256,10404982100,10404982134,1,"IOTHUB_CLIENT_CONFIRMATION_OK"
19257,10404982300,10404982330,1,"IOTHUB_CLIENT_CONFIRMATION_OK"
19258,10404982500,10404982534,1,"IOTHUB_CLIENT_CONFIRMATION_OK"
19259,10404982700,10404982732,1,"IOTHUB_CLIENT_CONFIRMATION_OK"
19260,10404982900,10404982934,1,"IOTHUB_CLIENT_CONFIRMATION_OK"
19261,10404983101,10404983137,1,"IOTHUB_CLIENT_CONFIRMATION_OK"
19262,10404983301,10404983334,1,"IOTHUB_CLIENT_CONFIRMATION_OK"
19263,10404983501,10404983531,1,"IOTHUB_CLIENT_CONFIRMATION_OK"
19264,10404983701,10404983766,1,"IOTHUB_CLIENT_CONFIRMATION_OK"
19265,10404983901,10404983933,1,"IOTHUB_CLIENT_CONFIRMATION_OK"
19266,10404984101,10404984145,1,"IOTHUB_CLIENT_CONFIRMATION_OK"
19267,10404984301,10404984354,1,"IOTHUB_CLIENT_CONFIRMATION_OK"
19268,10404984502,10404984546,1,"IOTHUB_CLIENT_CONFIRMATION_OK"
19269,10404984702,10404984739,1,"IOTHUB_CLIENT_CONFIRMATION_OK"
19270,10404984902,10404984931,1,"IOTHUB_CLIENT_CONFIRMATION_OK"
19271,10404985102,10404985149,1,"IOTHUB_CLIENT_CONFIRMATION_OK"
19272,10404985302,10404985356,1,"IOTHUB_CLIENT_CONFIRMATION_OK"
19273,10404985502,10404985535,1,"IOTHUB_CLIENT_CONFIRMATION_OK"
19274,10404985703,10404985741,1,"IOTHUB_CLIENT_CONFIRMATION_OK"
19275,10404985903,10404985970,1,"IOTHUB_CLIENT_CONFIRMATION_OK"
19276,10404986103,10404986136,1,"IOTHUB_CLIENT_CONFIRMATION_OK"
19277,10404986303,10404986334,1,"IOTHUB_CLIENT_CONFIRMATION_OK"
19278,10404986503,10404986690,1,"IOTHUB_CLIENT_CONFIRMATION_OK"
19279,10404986703,10404986737,1,"IOTHUB_CLIENT_CONFIRMATION_OK"
19280,10404986904,10404986935,1,"IOTHUB_CLIENT_CONFIRMATION_OK"
19281,10404987104,10404987148,1,"IOTHUB_CLIENT_CONFIRMATION_OK"
19282,10404987304,10404987338,1,"IOTHUB_CLIENT_CONFIRMATION_OK"
19283,10404987504,10404987585,1,"IOTHUB_CLIENT_CONFIRMATION_OK"
19284,10404987704,10404987738,1,"IOTHUB_CLIENT_CONFIRMATION_OK"
19285,10404987904,10404987981,1,"IOTHUB_CLIENT_CONFIRMATION_OK"
19286,10404988104,10404988217,1,"IOTHUB_CLIENT_CONFIRMATION_OK"
19287,10404988305,10404988340,1,"IOTHUB_CLIENT_CONFIRMATION_OK"
19288,10404988505,10404988544,1,"IOTHUB_CLIENT_CONFIRMATION_OK"
19289,10404988705,10404988811,1,"IOTHUB_CLIENT_CONFIRMATION_OK"
19290,10404988905,10404988949,1,"IOTHUB_CLIENT_CONFIRMATION_OK"
19291,10404989105,10404989141,1,"IOTHUB_CLIENT_CONFIRMATION_OK"
19292,10404989305,10404989338,1,"IOTHUB_CLIENT_CONFIRMATION_OK"
19293,10404989506,10404989538,1,"IOTHUB_CLIENT_CONFIRMATION_OK"
19294,10404989706,10404989746,1,"IOTHUB_CLIENT_CONFIRMATION_OK"
19295,10404989906,10404989937,1,"IOTHUB_CLIENT_CONFIRMATION_OK"
19296,10404990106,10404990136,1,"IOTHUB_CLIENT_CONFIRMATION_OK"
19297,10404990306,10404990460,1,"IOTHUB_CLIENT_CONFIRMATION_OK"
19298,10404990506,10404990541,1,"IOTHUB_CLIENT_CONFIRMATION_OK"
19299,10404990707,10404990739,1,"IOTHUB_CLIENT_CONFIRMATION_OK"
19300,10404990907,10404991063,1,"IOTHUB_CLIENT_CONFIRMATION_OK"
19301,10404991107,10404991153,1,"IOTHUB_CLIENT_CONFIRMATION_OK"
19302,10404991307,10404991339,1,"IOTHUB_CLIENT_CONFIRMATION_OK"
19303,10404991507,10404991572,1,"IOTHUB_CLIENT_CONFIRMATION_OK"
19304,10404991707,10404991739,1,"IOTHUB_CLIENT_CONFIRMATION_OK"
19305,10404991907,10404991943,1,"IOTHUB_CLIENT_CONFIRMATION_OK"
19306,10404992108,10404992151,1,"IOTHUB_CLIENT_CONFIRMATION_OK"
19307,10404992308,10404992343,1,"IOTHUB_CLIENT_CONFIRMATION_OK"
19308,10404992508,10404992540,1,"IOTHUB_CLIENT_CONFIRMATION_OK"
19309,10404992708,10404992738,1,"IOTHUB_CLIENT_CONFIRMATION_OK"
19310,10404992908,10404992940,1,"IOTHUB_CLIENT_CONFIRMATION_OK"
19311,10404993108,10404993142,1,"IOTHUB_CLIENT_CONFIRMATION_OK"
19312,10404993308,10404993338,1,"IOTHUB_CLIENT_CONFIRMATION_OK"
19313,10404993509,10404993544,1,"IOTHUB_CLIENT_CONFIRMATION_OK"
19314,10404993709,10404993743,1,"IOTHUB_CLIENT_CONFIRMATION_OK"
19315,10404993909,10404993943,1,"IOTHUB_CLIENT_CONFIRMATION_OK"
19316,10404994109,10404994139,1,"IOTHUB_CLIENT_CONFIRMATION_OK"
19317,10404994309,10404994351,1,"IOTHUB_CLIENT_CONFIRMATION_OK"
19318,10404994509,10404994561,1,"IOTHUB_CLIENT_CONFIRMATION_OK"
19319,10404994710,10404994741,1,"IOTHUB_CLIENT_CONFIRMATION_OK"
19320,10404994910,10404994967,1,"IOTHUB_CLIENT_CONFIRMATION_OK"
19321,10404995110,10404995141,1,"IOTHUB_CLIENT_CONFIRMATION_OK"
19322,10404995310,10404995343,1,"IOTHUB_CLIENT_CONFIRMATION_OK"
19323,10404995510,10404995581,1,"IOTHUB_CLIENT_CONFIRMATION_OK"
19324,10404995710,10404995745,1,"IOTHUB_CLIENT_CONFIRMATION_OK"
19325,10404995910,10404995986,1,"IOTHUB_CLIENT_CONFIRMATION_OK"
19326,10404996111,10404996143,1,"IOTHUB_CLIENT_CONFIRMATION_OK"
19327,10404996311,10404996346,1,"IOTHUB_CLIENT_CONFIRMATION_OK"
19328,10404996511,10404996596,1,"IOTHUB_CLIENT_CONFIRMATION_OK"
19329,10404996711,10404996753,1,"IOTHUB_CLIENT_CONFIRMATION_OK"
19330,10404996911,10404996941,1,"IOTHUB_CLIENT_CONFIRMATION_OK"
19331,10404997111,10404997210,1,"IOTHUB_CLIENT_CONFIRMATION_OK"
19332,10404997311,10404997340,1,"IOTHUB_CLIENT_CONFIRMATION_OK"
19333,10404997512,10404997543,1,"IOTHUB_CLIENT_CONFIRMATION_OK"
19334,10404997712,10404997825,1,"IOTHUB_CLIENT_CONFIRMATION_OK"
19335,10404997912,10404997963,1,"IOTHUB_CLIENT_CONFIRMATION_OK"
19336,10404998112,10404998144,1,"IOTHUB_CLIENT_CONFIRMATION_OK"
19337,10404998312,10404998344,1,"IOTHUB_CLIENT_CONFIRMATION_OK"
19338,10404998512,10404998548,1,"IOTHUB_CLIENT_CONFIRMATION_OK"
19339,10404998713,10404998754,1,"IOTHUB_CLIENT_CONFIRMATION_OK"
19340,10404998913,10404998957,1,"IOTHUB_CLIENT_CONFIRMATION_OK"
19341,10404999113,10404999151,1,"IOTHUB_CLIENT_CONFIRMATION_OK"
19342,10404999313,10404999455,1,"IOTHUB_CLIENT_CONFIRMATION_OK"
19343,10404999513,10404999559,1,"IOTHUB_CLIENT_CONFIRMATION_OK"
19344,10404999713,10404999752,1,"IOTHUB_CLIENT_CONFIRMATION_OK"
19345,10404999913,10405000051,1,"IOTHUB_CLIENT_CONFIRMATION_OK"
19346,10405000114,10405000151,1,"IOTHUB_CLIENT_CONFIRMATION_OK"
19347,10405000314,10405000344,1,"IOTHUB_CLIENT_CONFIRMATION_OK"
19348,10405000514,10405000570,1,"IOTHUB_CLIENT_CONFIRMATION_OK"
19349,10405000714,10405000744,1,"IOTHUB_CLIENT_CONFIRMATION_OK"
19350,10405000914,10405000949,1,"IOTHUB_CLIENT_CONFIRMATION_OK"
19351,10405001114,10405001148,1,"IOTHUB_CLIENT_CONFIRMATION_OK"
19352,10405001315,10405001361,1,"IOTHUB_CLIENT_CONFIRMATION_OK"
19353,10405001515,10405001552,1,"IOTHUB_CLIENT_CONFIRMATION_OK"
19354,10405001715,10405001750,1,"IOTHUB_CLIENT_CONFIRMATION_OK"
19355,10405001915,10405001945,1,"IOTHUB_CLIENT_CONFIRMATION_OK"
19356,10405002115,10405002145,1,"IOTHUB_CLIENT_CONFIRMATION_OK"
19357,10405002315,10405002349,1,"IOTHUB_CLIENT_CONFIRMATION_OK"
19358,10405002516,10405002549,1,"IOTHUB_CLIENT_CONFIRMATION_OK"
19359,10405002716,10405002759,1,"IOTHUB_CLIENT_CONFIRMATION_OK"
19360,10405002916,10405002953,1,"IOTHUB_CLIENT_CONFIRMATION_OK"
19361,10405003116,10405003154,1,"IOTHUB_CLIENT_CONFIRMATION_OK"
19362,10405003316,10405003376,1,"IOTHUB_CLIENT_CONFIRMATION_OK"
19363,10405003516,10405003546,1,"IOTHUB_CLIENT_CONFIRMATION_OK"
19364,10405003717,10405003759,1,"IOTHUB_CLIENT_CONFIRMATION_OK"
19365,10405003917,10405003949,1,"IOTHUB_CLIENT_CONFIRMATION_OK"
19366,10405004117,10405004147,1,"IOTHUB_CLIENT_CONFIRMATION_OK"
19367,10405004317,10405004346,1,"IOTHUB_CLIENT_CONFIRMATION_OK"
19368,10405004517,10405004552,1,"IOTHUB_CLIENT_CONFIRMATION_OK"
19369,10405004717,10405004770,1,"IOTHUB_CLIENT_CONFIRMATION_OK"
19370,10405004918,10405005001,1,"IOTHUB_CLIENT_CONFIRMATION_OK"
19371,10405005118,10405005147,1,"IOTHUB_CLIENT_CONFIRMATION_OK"
19372,10405005318,10405005355,1,"IOTHUB_CLIENT_CONFIRMATION_OK"
19373,10405005518,10405005611,1,"IOTHUB_CLIENT_CONFIRMATION_OK"
19374,10405005718,10405005749,1,"IOTHUB_CLIENT_CONFIRMATION_OK"
19375,10405005918,10405005960,1,"IOTHUB_CLIENT_CONFIRMATION_OK"
19376,10405006118,10405006239,1,"IOTHUB_CLIENT_CONFIRMATION_OK"
19377,10405006319,10405006354,1,"IOTHUB_CLIENT_CONFIRMATION_OK"
19378,10405006519,10405006562,1,"IOTHUB_CLIENT_CONFIRMATION_OK"
19379,10405006719,10405006831,1,"IOTHUB_CLIENT_CONFIRMATION_OK"
19380,10405006919,10405006958,1,"IOTHUB_CLIENT_CONFIRMATION_OK"
19381,10405007119,10405007150,1,"IOTHUB_CLIENT_CONFIRMATION_OK"
19382,10405007319,10405007353,1,"IOTHUB_CLIENT_CONFIRMATION_OK"
19383,10405007520,10405007554,1,"IOTHUB_CLIENT_CONFIRMATION_OK"
19384,10405007720,10405007861,1,"IOTHUB_CLIENT_CONFIRMATION_OK"
19385,10405007920,10405008006,1,"IOTHUB_CLIENT_CONFIRMATION_OK"
19386,10405008120,10405008152,1,"IOTHUB_CLIENT_CONFIRMATION_OK"
19387,10405008320,10405008486,1,"IOTHUB_CLIENT_CONFIRMATION_OK"
19388,10405008520,10405008551,1,"IOTHUB_CLIENT_CONFIRMATION_OK"
19389,10405008720,10405008754,1,"IOTHUB_CLIENT_CONFIRMATION_OK"
19390,10405008921,10405008953,1,"IOTHUB_CLIENT_CONFIRMATION_OK"
19391,10405009121,10405009160,1,"IOTHUB_CLIENT_CONFIRMATION_OK"
19392,10405009321,10405009351,1,"IOTHUB_CLIENT_CONFIRMATION_OK"
19393,10405009521,10405009560,1,"IOTHUB_CLIENT_CONFIRMATION_OK"
19394,10405009721,10405009752,1,"IOTHUB_CLIENT_CONFIRMATION_OK"
19395,10405009921,10405009954,1,"IOTHUB_CLIENT_CONFIRMATION_OK"
19396,10405010122,10405010189,1,"IOTHUB_CLIENT_CONFIRMATION_OK"
19397,10405010322,10405010358,1,"IOTHUB_CLIENT_CONFIRMATION_OK"
19398,10405010522,10405010718,1,"IOTHUB_CLIENT_CONFIRMATION_OK"
19399,10405010722,10405010756,1,"IOTHUB_CLIENT_CONFIRMATION_OK"
19400,10405010922,10405010951,1,"IOTHUB_CLIENT_CONFIRMATION_OK"
19401,10405011122,10405011172,1,"IOTHUB_CLIENT_CONFIRMATION_OK"
19402,10405011323,10405011355,1,"IOTHUB_CLIENT_CONFIRMATION_OK"
19403,10405011523,10405011557,1,"IOTHUB_CLIENT_CONFIRMATION_OK"
19404,10405011723,10405011757,1,"IOTHUB_CLIENT_CONFIRMATION_OK"
19405,10405011923,10405011955,1,"IOTHUB_CLIENT_CONFIRMATION_OK"
19406,10405012123,10405012173,1,"IOTHUB_CLIENT_CONFIRMATION_OK"
19407,10405012323,10405012357,1,"IOTHUB_CLIENT_CONFIRMATION_OK"
19408,10405012524,10405012563,1,"IOTHUB_CLIENT_CONFIRMATION_OK"
19409,10405012724,10405012754,1,"IOTHUB_CLIENT_CONFIRMATION_OK"
19410,10405012924,10405012973,1,"IOTHUB_CLIENT_CONFIRMATION_OK"
19411,10405013124,10405013165,1,"IOTHUB_CLIENT_CONFIRMATION_OK"
19412,10405013324,10405013381,1,"IOTHUB_CLIENT_CONFIRMATION_OK"
19413,10405013524,10405013564,1,"IOTHUB_CLIENT_CONFIRMATION_OK"
19414,10405013724,10405013779,1,"IOTHUB_CLIENT_CONFIRMATION_OK"
19415,10405013925,10405013998,1,"IOTHUB_CLIENT_CONFIRMATION_OK"
19416,10405014125,10405014158,1,"IOTHUB_CLIENT_CONFIRMATION_OK"
19417,10405014325,10405014805,1,"IOTHUB_CLIENT_CONFIRMATION_OK"
19418,10405014525,10405015054,1,"IOTHUB_CLIENT_CONFIRMATION_OK"
19419,10405014725,10405015118,1,"IOTHUB_CLIENT_CONFIRMATION_OK"
19420,10405014925,10405015290,1,"IOTHUB_CLIENT_CONFIRMATION_OK"
19421,10405015126,10405015344,1,"IOTHUB_CLIENT_CONFIRMATION_OK"
19422,10405015326,10405015378,1,"IOTHUB_CLIENT_CONFIRMATION_OK"
19423,10405015526,10405015570,1,"IOTHUB_CLIENT_CONFIRMATION_OK"
19424,10405015726,10405015790,1,"IOTHUB_CLIENT_CONFIRMATION_OK"
19425,10405015926,10405015957,1,"IOTHUB_CLIENT_CONFIRMATION_OK"
19426,10405016126,10405016213,1,"IOTHUB_CLIENT_CONFIRMATION_OK"
19427,10405016327,10405016357,1,"IOTHUB_CLIENT_CONFIRMATION_OK"
19428,10405016527,10405016569,1,"IOTHUB_CLIENT_CONFIRMATION_OK"
19429,10405016727,10405016833,1,"IOTHUB_CLIENT_CONFIRMATION_OK"
19430,10405016927,10405016974,1,"IOTHUB_CLIENT_CONFIRMATION_OK"
19431,10405017127,10405017156,1,"IOTHUB_CLIENT_CONFIRMATION_OK"
19432,10405017327,10405017445,1,"IOTHUB_CLIENT_CONFIRMATION_OK"
19433,10405017528,10405017560,1,"IOTHUB_CLIENT_CONFIRMATION_OK"
19434,10405017728,10405017776,1,"IOTHUB_CLIENT_CONFIRMATION_OK"
19435,10405017928,10405017974,1,"IOTHUB_CLIENT_CONFIRMATION_OK"
19436,10405018128,10405018163,1,"IOTHUB_CLIENT_CONFIRMATION_OK"
19437,10405018328,10405018366,1,"IOTHUB_CLIENT_CONFIRMATION_OK"
19438,10405018528,10405018580,1,"IOTHUB_CLIENT_CONFIRMATION_OK"
19439,10405018728,10405018762,1,"IOTHUB_CLIENT_CONFIRMATION_OK"
19440,10405018929,10405018975,1,"IOTHUB_CLIENT_CONFIRMATION_OK"
19441,10405019129,10405019180,1,"IOTHUB_CLIENT_CONFIRMATION_OK"
19442,10405019329,10405019361,1,"IOTHUB_CLIENT_CONFIRMATION_OK"
19443,10405019529,10405019620,1,"IOTHUB_CLIENT_CONFIRMATION_OK"
19444,10405019729,10405019784,1,"IOTHUB_CLIENT_CONFIRMATION_OK"
19445,10405019929,10405019960,1,"IOTHUB_CLIENT_CONFIRMATION_OK"
19446,10405020130,10405020223,1,"IOTHUB_CLIENT_CONFIRMATION_OK"
19447,10405020330,10405020368,1,"IOTHUB_CLIENT_CONFIRMATION_OK"
19448,10405020530,10405020564,1,"IOTHUB_CLIENT_CONFIRMATION_OK"
19449,10405020730,10405020843,1,"IOTHUB_CLIENT_CONFIRMATION_OK"
19450,10405020930,10405020961,1,"IOTHUB_CLIENT_CONFIRMATION_OK"
19451,10405021130,10405021165,1,"IOTHUB_CLIENT_CONFIRMATION_OK"
19452,10405021331,10405021363,1,"IOTHUB_CLIENT_CONFIRMATION_OK"
19453,10405021531,10405021568,1,"IOTHUB_CLIENT_CONFIRMATION_OK"
19454,10405021731,10405021841,1,"IOTHUB_CLIENT_CONFIRMATION_OK"
19455,10405021931,10405021961,1,"IOTHUB_CLIENT_CONFIRMATION_OK"
19456,10405022131,10405022162,1,"IOTHUB_CLIENT_CONFIRMATION_OK"
19457,10405022331,10405022517,1,"IOTHUB_CLIENT_CONFIRMATION_OK"
19458,10405022531,10405022621,1,"IOTHUB_CLIENT_CONFIRMATION_OK"
19459,10405022732,10405022785,1,"IOTHUB_CLIENT_CONFIRMATION_OK"
19460,10405022932,10405023034,1,"IOTHUB_CLIENT_CONFIRMATION_OK"
19461,10405023132,10405023171,1,"IOTHUB_CLIENT_CONFIRMATION_OK"
19462,10405023332,10405023364,1,"IOTHUB_CLIENT_CONFIRMATION_OK"
19463,10405023532,10405023642,1,"IOTHUB_CLIENT_CONFIRMATION_OK"
19464,10405023732,10405023763,1,"IOTHUB_CLIENT_CONFIRMATION_OK"
19465,10405023933,10405023966,1,"IOTHUB_CLIENT_CONFIRMATION_OK"
19466,10405024133,10405024165,1,"IOTHUB_CLIENT_CONFIRMATION_OK"
19467,10405024333,10405024364,1,"IOTHUB_CLIENT_CONFIRMATION_OK"
19468,10405024533,10405024594,1,"IOTHUB_CLIENT_CONFIRMATION_OK"
19469,10405024733,10405024869,1,"IOTHUB_CLIENT_CONFIRMATION_OK"
19470,10405024933,10405024970,1,"IOTHUB_CLIENT_CONFIRMATION_OK"
19471,10405025133,10405025311,1,"IOTHUB_CLIENT_CONFIRMATION_OK"
19472,10405025334,10405025364,1,"IOTHUB_CLIENT_CONFIRMATION_OK"
19473,10405025534,10405025564,1,"IOTHUB_CLIENT_CONFIRMATION_OK"
19474,10405025734,10405025765,1,"IOTHUB_CLIENT_CONFIRMATION_OK"
19475,10405025934,10405025963,1,"IOTHUB_CLIENT_CONFIRMATION_OK"
19476,10405026134,10405026166,1,"IOTHUB_CLIENT_CONFIRMATION_OK"
19477,10405026334,10405026368,1,"IOTHUB_CLIENT_CONFIRMATION_OK"
19478,10405026535,10405026564,1,"IOTHUB_CLIENT_CONFIRMATION_OK"
19479,10405026735,10405026771,1,"IOTHUB_CLIENT_CONFIRMATION_OK"
19480,10405026935,10405026967,1,"IOTHUB_CLIENT_CONFIRMATION_OK"
19481,10405027135,10405027205,1,"IOTHUB_CLIENT_CONFIRMATION_OK"
19482,10405027335,10405027555,1,"IOTHUB_CLIENT_CONFIRMATION_OK"
19483,10405027535,10405027573,1,"IOTHUB_CLIENT_CONFIRMATION_OK"
19484,10405027735,10405027824,1,"IOTHUB_CLIENT_CONFIRMATION_OK"
19485,10405027936,10405027996,1,"IOTHUB_CLIENT_CONFIRMATION_OK"
19486,10405028136,10405028177,1,"IOTHUB_CLIENT_CONFIRMATION_OK"
19487,10405028336,10405028368,1,"IOTHUB_CLIENT_CONFIRMATION_OK"
19488,10405028536,10405028579,1,"IOTHUB_CLIENT_CONFIRMATION_OK"
19489,10405028736,10405028784,1,"IOTHUB_CLIENT_CONFIRMATION_OK"
19490,10405028936,10405028971,1,"IOTHUB_CLIENT_CONFIRMATION_OK"
19491,10405029137,10405029196,1,"IOTHUB_CLIENT_CONFIRMATION_OK"
19492,10405029337,10405029368,1,"IOTHUB_CLIENT_CONFIRMATION_OK"
19493,10405029537,10405029571,1,"IOTHUB_CLIENT_CONFIRMATION_OK"
19494,10405029737,10405029768,1,"IOTHUB_CLIENT_CONFIRMATION_OK"
19495,10405029937,10405029969,1,"IOTHUB_CLIENT_CONFIRMATION_OK"
19496,10405030137,10405030168,1,"IOTHUB_CLIENT_CONFIRMATION_OK"
19497,10405030337,10405030373,1,"IOTHUB_CLIENT_CONFIRMATION_OK"
19498,10405030538,10405030568,1,"IOTHUB_CLIENT_CONFIRMATION_OK"
19499,10405030738,10405030831,1,"IOTHUB_CLIENT_CONFIRMATION_OK"
19500,10405030938,10405030985,1,"IOTHUB_CLIENT_CONFIRMATION_OK"
19501,10405031138,10405031172,1,"IOTHUB_CLIENT_CONFIRMATION_OK"
19502,10405031338,10405031464,1,"IOTHUB_CLIENT_CONFIRMATION_OK"
19503,10405031538,10405031591,1,"IOTHUB_CLIENT_CONFIRMATION_OK"
19504,10405031739,10405031782,1,"IOTHUB_CLIENT_CONFIRMATION_OK"
19505,10405031939,10405032015,1,"IOTHUB_CLIENT_CONFIRMATION_OK"
19506,10405032139,10405032168,1,"IOTHUB_CLIENT_CONFIRMATION_OK"
19507,10405032339,10405032429,1,"IOTHUB_CLIENT_CONFIRMATION_OK"
19508,10405032539,10405032570,1,"IOTHUB_CLIENT_CONFIRMATION_OK"
19509,10405032739,10405032787,1,"IOTHUB_CLIENT_CONFIRMATION_OK"
19510,10405032939,10405032975,1,"IOTHUB_CLIENT_CONFIRMATION_OK"
19511,10405033140,10405033273,1,"IOTHUB_CLIENT_CONFIRMATION_OK"
19512,10405033340,10405033373,1,"IOTHUB_CLIENT_CONFIRMATION_OK"
19513,10405033540,10405033716,1,"IOTHUB_CLIENT_CONFIRMATION_OK"
19514,10405033740,10405033774,1,"IOTHUB_CLIENT_CONFIRMATION_OK"
19515,10405033940,10405033971,1,"IOTHUB_CLIENT_CONFIRMATION_OK"
19516,10405034140,10405034172,1,"IOTHUB_CLIENT_CONFIRMATION_OK"
19517,10405034341,10405034375,1,"IOTHUB_CLIENT_CONFIRMATION_OK"
19518,10405034541,10405034572,1,"IOTHUB_CLIENT_CONFIRMATION_OK"
19519,10405034741,10405034801,1,"IOTHUB_CLIENT_CONFIRMATION_OK"
19520,10405034941,10405034972,1,"IOTHUB_CLIENT_CONFIRMATION_OK"
19521,10405035141,10405035176,1,"IOTHUB_CLIENT_CONFIRMATION_OK"
19522,10405035341,10405035376,1,"IOTHUB_CLIENT_CONFIRMATION_OK"
19523,10405035541,10405035585,1,"IOTHUB_CLIENT_CONFIRMATION_OK"
19524,10405035742,10405035776,1,"IOTHUB_CLIENT_CONFIRMATION_OK"
19525,10405035942,10405035976,1,"IOTHUB_CLIENT_CONFIRMATION_OK"
19526,10405036142,10405036183,1,"IOTHUB_CLIENT_CONFIRMATION_OK"
19527,10405036342,10405036375,1,"IOTHUB_CLIENT_CONFIRMATION_OK"
19528,10405036542,10405036572,1,"IOTHUB_CLIENT_CONFIRMATION_OK"
19529,10405036742,10405036783,1,"IOTHUB_CLIENT_CONFIRMATION_OK"
19530,10405036943,10405036989,1,"IOTHUB_CLIENT_CONFIRMATION_OK"
19531,10405037143,10405037185,1,"IOTHUB_CLIENT_CONFIRMATION_OK"
19532,10405037343,10405037391,1,"IOTHUB_CLIENT_CONFIRMATION_OK"
19533,10405037543,10405037586,1,"IOTHUB_CLIENT_CONFIRMATION_OK"
19534,10405037743,10405037775,1,"IOTHUB_CLIENT_CONFIRMATION_OK"
19535,10405037943,10405038008,1,"IOTHUB_CLIENT_CONFIRMATION_OK"
19536,10405038143,10405038184,1,"IOTHUB_CLIENT_CONFIRMATION_OK"
19537,10405038344,10405038392,1,"IOTHUB_CLIENT_CONFIRMATION_OK"
19538,10405038544,10405038608,1,"IOTHUB_CLIENT_CONFIRMATION_OK"
19539,10405038744,10405038838,1,"IOTHUB_CLIENT_CONFIRMATION_OK"
19540,10405038944,10405038974,1,"IOTHUB_CLIENT_CONFIRMATION_OK"
19541,10405039144,10405039235,1,"IOTHUB_CLIENT_CONFIRMATION_OK"
19542,10405039344,10405039372,1,"IOTHUB_CLIENT_CONFIRMATION_OK"
19543,10405039545,10405039579,1,"IOTHUB_CLIENT_CONFIRMATION_OK"
19544,10405039745,10405039855,1,"IOTHUB_CLIENT_CONFIRMATION_OK"
19545,10405039945,10405039983,1,"IOTHUB_CLIENT_CONFIRMATION_OK"
19546,10405040145,10405040179,1,"IOTHUB_CLIENT_CONFIRMATION_OK"
19547,10405040345,10405040473,1,"IOTHUB_CLIENT_CONFIRMATION_OK"
19548,10405040545,10405040584,1,"IOTHUB_CLIENT_CONFIRMATION_OK"
19549,10405040746,10405040776,1,"IOTHUB_CLIENT_CONFIRMATION_OK"
19550,10405040946,10405040978,1,"IOTHUB_CLIENT_CONFIRMATION_OK"
19551,10405041146,10405041177,1,"IOTHUB_CLIENT_CONFIRMATION_OK"
19552,10405041346,10405041383,1,"IOTHUB_CLIENT_CONFIRMATION_OK"
19553,10405041546,10405041577,1,"IOTHUB_CLIENT_CONFIRMATION_OK"
19554,10405041746,10405041782,1,"IOTHUB_CLIENT_CONFIRMATION_OK"
19555,10405041947,10405042095,1,"IOTHUB_CLIENT_CONFIRMATION_OK"
19556,10405042147,10405042177,1,"IOTHUB_CLIENT_CONFIRMATION_OK"
19557,10405042347,10405042380,1,"IOTHUB_CLIENT_CONFIRMATION_OK"
19558,10405042547,10405042714,1,"IOTHUB_CLIENT_CONFIRMATION_OK"
19559,10405042747,10405042792,1,"IOTHUB_CLIENT_CONFIRMATION_OK"
19560,10405042947,10405042978,1,"IOTHUB_CLIENT_CONFIRMATION_OK"
19561,10405043148,10405043265,1,"IOTHUB_CLIENT_CONFIRMATION_OK"
19562,10405043348,10405043383,1,"IOTHUB_CLIENT_CONFIRMATION_OK"
19563,10405043548,10405043620,1,"IOTHUB_CLIENT_CONFIRMATION_OK"
19564,10405043748,10405043777,1,"IOTHUB_CLIENT_CONFIRMATION_OK"
19565,10405043948,10405043979,1,"IOTHUB_CLIENT_CONFIRMATION_OK"
19566,10405044148,10405044217,1,"IOTHUB_CLIENT_CONFIRMATION_OK"
19567,10405044349,10405044387,1,"IOTHUB_CLIENT_CONFIRMATION_OK"
19568,10405044549,10405044587,1,"IOTHUB_CLIENT_CONFIRMATION_OK"
19569,10405044749,10405044948,1,"IOTHUB_CLIENT_CONFIRMATION_OK"
19570,10405044949,10405044982,1,"IOTHUB_CLIENT_CONFIRMATION_OK"
19571,10405045149,10405045182,1,"IOTHUB_CLIENT_CONFIRMATION_OK"
19572,10405045349,10405045380,1,"IOTHUB_CLIENT_CONFIRMATION_OK"
19573,10405045550,10405045596,1,"IOTHUB_CLIENT_CONFIRMATION_OK"
19574,10405045750,10405045805,1,"IOTHUB_CLIENT_CONFIRMATION_OK"
19575,10405045950,10405045980,1,"IOTHUB_CLIENT_CONFIRMATION_OK"
19576,10405046150,10405046182,1,"IOTHUB_CLIENT_CONFIRMATION_OK"
19577,10405046350,10405046387,1,"IOTHUB_CLIENT_CONFIRMATION_OK"
19578,10405046550,10405046596,1,"IOTHUB_CLIENT_CONFIRMATION_OK"
19579,10405046751,10405046796,1,"IOTHUB_CLIENT_CONFIRMATION_OK"
19580,10405046951,10405046984,1,"IOTHUB_CLIENT_CONFIRMATION_OK"
19581,10405047151,10405047211,1,"IOTHUB_CLIENT_CONFIRMATION_OK"
19582,10405047351,10405047390,1,"IOTHUB_CLIENT_CONFIRMATION_OK"
19583,10405047551,10405047587,1,"IOTHUB_CLIENT_CONFIRMATION_OK"
19584,10405047751,10405047786,1,"IOTHUB_CLIENT_CONFIRMATION_OK"
19585,10405047951,10405047986,1,"IOTHUB_CLIENT_CONFIRMATION_OK"
19586,10405048152,10405048228,1,"IOTHUB_CLIENT_CONFIRMATION_OK"
19587,10405048352,10405048387,1,"IOTHUB_CLIENT_CONFIRMATION_OK"
19588,10405048552,10405048595,1,"IOTHUB_CLIENT_CONFIRMATION_OK"
19589,10405048752,10405048884,1,"IOTHUB_CLIENT_CONFIRMATION_OK"
19590,10405048952,10405048997,1,"IOTHUB_CLIENT_CONFIRMATION_OK"
19591,10405049152,10405049189,1,"IOTHUB_CLIENT_CONFIRMATION_OK"
19592,10405049353,10405049454,1,"IOTHUB_CLIENT_CONFIRMATION_OK"
19593,10405049553,10405049596,1,"IOTHUB_CLIENT_CONFIRMATION_OK"
19594,10405049753,10405049813,1,"IOTHUB_CLIENT_CONFIRMATION_OK"
19595,10405049953,10405049995,1,"IOTHUB_CLIENT_CONFIRMATION_OK"
19596,10405050153,10405050193,1,"IOTHUB_CLIENT_CONFIRMATION_OK"
19597,10405050353,10405050452,1,"IOTHUB_CLIENT_CONFIRMATION_OK"
19598,10405050554,10405050585,1,"IOTHUB_CLIENT_CONFIRMATION_OK"
19599,10405050754,10405050791,1,"IOTHUB_CLIENT_CONFIRMATION_OK"
19600,10405050954,10405051079,1,"IOTHUB_CLIENT_CONFIRMATION_OK"
19601,10405051154,10405051188,1,"IOTHUB_CLIENT_CONFIRMATION_OK"
19602,10405051354,10405051399,1,"IOTHUB_CLIENT_CONFIRMATION_OK"
19603,10405051554,10405051698,1,"IOTHUB_CLIENT_CONFIRMATION_OK"
19604,10405051754,10405051784,1,"IOTHUB_CLIENT_CONFIRMATION_OK"
19605,10405051955,10405051990,1,"IOTHUB_CLIENT_CONFIRMATION_OK"
19606,10405052155,10405052203,1,"IOTHUB_CLIENT_CONFIRMATION_OK"
19607,10405052355,10405052385,1,"IOTHUB_CLIENT_CONFIRMATION_OK"
19608,10405052555,10405052588,1,"IOTHUB_CLIENT_CONFIRMATION_OK"
19609,10405052755,10405052787,1,"IOTHUB_CLIENT_CONFIRMATION_OK"
19610,10405052955,10405052995,1,"IOTHUB_CLIENT_CONFIRMATION_OK"
19611,10405053155,10405053312,1,"IOTHUB_CLIENT_CONFIRMATION_OK"
19612,10405053356,10405053389,1,"IOTHUB_CLIENT_CONFIRMATION_OK"
19613,10405053556,10405053588,1,"IOTHUB_CLIENT_CONFIRMATION_OK"
19614,10405053756,10405053787,1,"IOTHUB_CLIENT_CONFIRMATION_OK"
19615,10405053956,10405054000,1,"IOTHUB_CLIENT_CONFIRMATION_OK"
19616,10405054156,10405054186,1,"IOTHUB_CLIENT_CONFIRMATION_OK"
19617,10405054357,10405054388,1,"IOTHUB_CLIENT_CONFIRMATION_OK"
19618,10405054557,10405054590,1,"IOTHUB_CLIENT_CONFIRMATION_OK"
19619,10405054757,10405054827,1,"IOTHUB_CLIENT_CONFIRMATION_OK"
19620,10405054957,10405054992,1,"IOTHUB_CLIENT_CONFIRMATION_OK"
19621,10405055157,10405055188,1,"IOTHUB_CLIENT_CONFIRMATION_OK"
19622,10405055357,10405055398,1,"IOTHUB_CLIENT_CONFIRMATION_OK"
19623,10405055557,10405055594,1,"IOTHUB_CLIENT_CONFIRMATION_OK"
19624,10405055758,10405055789,1,"IOTHUB_CLIENT_CONFIRMATION_OK"
19625,10405055958,10405056008,1,"IOTHUB_CLIENT_CONFIRMATION_OK"
19626,10405056158,10405056190,1,"IOTHUB_CLIENT_CONFIRMATION_OK"
19627,10405056358,10405056390,1,"IOTHUB_CLIENT_CONFIRMATION_OK"
19628,10405056558,10405056612,1,"IOTHUB_CLIENT_CONFIRMATION_OK"
19629,10405056758,10405056789,1,"IOTHUB_CLIENT_CONFIRMATION_OK"
19630,10405056959,10405056996,1,"IOTHUB_CLIENT_CONFIRMATION_OK"
19631,10405057159,10405057212,1,"IOTHUB_CLIENT_CONFIRMATION_OK"
19632,10405057359,10405057392,1,"IOTHUB_CLIENT_CONFIRMATION_OK"
19633,10405057559,10405057594,1,"IOTHUB_CLIENT_CONFIRMATION_OK"
19634,10405057759,10405057829,1,"IOTHUB_CLIENT_CONFIRMATION_OK"
19635,10405057959,10405057995,1,"IOTHUB_CLIENT_CONFIRMATION_OK"
19636,10405058159,10405058200,1,"IOTHUB_CLIENT_CONFIRMATION_OK"
19637,10405058360,10405058403,1,"IOTHUB_CLIENT_CONFIRMATION_OK"
19638,10405058560,10405058596,1,"IOTHUB_CLIENT_CONFIRMATION_OK"
19639,10405058760,10405058792,1,"IOTHUB_CLIENT_CONFIRMATION_OK"
19640,10405058960,10405059000,1,"IOTHUB_CLIENT_CONFIRMATION_OK"
19641,10405059160,10405059208,1,"IOTHUB_CLIENT_CONFIRMATION_OK"
19642,10405059360,10405059494,1,"IOTHUB_CLIENT_CONFIRMATION_OK"
19643,10405059561,10405059595,1,"IOTHUB_CLIENT_CONFIRMATION_OK"
19644,10405059761,10405059806,1,"IOTHUB_CLIENT_CONFIRMATION_OK"
19645,10405059961,10405060127,1,"IOTHUB_CLIENT_CONFIRMATION_OK"
19646,10405060161,10405060243,1,"IOTHUB_CLIENT_CONFIRMATION_OK"
19647,10405060361,10405060401,1,"IOTHUB_CLIENT_CONFIRMATION_OK"
19648,10405060561,10405060608,1,"IOTHUB_CLIENT_CONFIRMATION_OK"
19649,10405060762,10405060793,1,"IOTHUB_CLIENT_CONFIRMATION_OK"
19650,10405060962,10405061000,1,"IOTHUB_CLIENT_CONFIRMATION_OK"
19651,10405061162,10405061192,1,"IOTHUB_CLIENT_CONFIRMATION_OK"
19652,10405061362,10405061394,1,"IOTHUB_CLIENT_CONFIRMATION_OK"
19653,10405061562,10405061602,1,"IOTHUB_CLIENT_CONFIRMATION_OK"
19654,10405061762,10405061800,1,"IOTHUB_CLIENT_CONFIRMATION_OK"
19655,10405061963,10405061998,1,"IOTHUB_CLIENT_CONFIRMATION_OK"
19656,10405062163,10405062192,1,"IOTHUB_CLIENT_CONFIRMATION_OK"
19657,10405062363,10405062412,1,"IOTHUB_CLIENT_CONFIRMATION_OK"
19658,10405062563,10405062611,1,"IOTHUB_CLIENT_CONFIRMATION_OK"
19659,10405062763,10405062801,1,"IOTHUB_CLIENT_CONFIRMATION_OK"
19660,10405062963,10405063001,1,"IOTHUB_CLIENT_CONFIRMATION_OK"
19661,10405063164,10405063200,1,"IOTHUB_CLIENT_CONFIRMATION_OK"
19662,10405063364,10405063419,1,"IOTHUB_CLIENT_CONFIRMATION_OK"
19663,10405063564,10405063596,1,"IOTHUB_CLIENT_CONFIRMATION_OK"
19664,10405063764,10405063822,1,"IOTHUB_CLIENT_CONFIRMATION_OK"
19665,10405063964,10405064029,1,"IOTHUB_CLIENT_CONFIRMATION_OK"
19666,10405064164,10405064196,1,"IOTHUB_CLIENT_CONFIRMATION_OK"
19667,10405064364,10405064395,1,"IOTHUB_CLIENT_CONFIRMATION_OK"
19668,10405064565,10405064600,1,"IOTHUB_CLIENT_CONFIRMATION_OK"
19669,10405064765,10405064800,1,"IOTHUB_CLIENT_CONFIRMATION_OK"
19670,10405064965,10405065012,1,"IOTHUB_CLIENT_CONFIRMATION_OK"
19671,10405065165,10405065200,1,"IOTHUB_CLIENT_CONFIRMATION_OK"
19672,10405065365,10405065400,1,"IOTHUB_CLIENT_CONFIRMATION_OK"
19673,10405065565,10405065622,1,"IOTHUB_CLIENT_CONFIRMATION_OK"
19674,10405065766,10405065821,1,"IOTHUB_CLIENT_CONFIRMATION_OK"
19675,10405065966,10405066000,1,"IOTHUB_CLIENT_CONFIRMATION_OK"
19676,10405066166,10405066259,1,"IOTHUB_CLIENT_CONFIRMATION_OK"
19677,10405066366,10405066397,1,"IOTHUB_CLIENT_CONFIRMATION_OK"
19678,10405066566,10405066599,1,"IOTHUB_CLIENT_CONFIRMATION_OK"
19679,10405066766,10405066813,1,"IOTHUB_CLIENT_CONFIRMATION_OK"
19680,10405066967,10405067001,1,"IOTHUB_CLIENT_CONFIRMATION_OK"
19681,10405067167,10405067202,1,"IOTHUB_CLIENT_CONFIRMATION_OK"
19682,10405067367,10405067403,1,"IOTHUB_CLIENT_CONFIRMATION_OK"
19683,10405067567,10405067599,1,"IOTHUB_CLIENT_CONFIRMATION_OK"
19684,10405067767,10405067856,1,"IOTHUB_CLIENT_CONFIRMATION_OK"
19685,10405067967,10405068000,1,"IOTHUB_CLIENT_CONFIRMATION_OK"
19686,10405068168,10405068199,1,"IOTHUB_CLIENT_CONFIRMATION_OK"
19687,10405068368,10405068476,1,"IOTHUB_CLIENT_CONFIRMATION_OK"
19688,10405068568,10405068599,1,"IOTHUB_CLIENT_CONFIRMATION_OK"
19689,10405068768,10405068815,1,"IOTHUB_CLIENT_CONFIRMATION_OK"
19690,10405068968,10405069099,1,"IOTHUB_CLIENT_CONFIRMATION_OK"
19691,10405069168,10405069207,1,"IOTHUB_CLIENT_CONFIRMATION_OK"
19692,10405069368,10405069398,1,"IOTHUB_CLIENT_CONFIRMATION_OK"
19693,10405069569,10405069721,1,"IOTHUB_CLIENT_CONFIRMATION_OK"
19694,10405069769,10405069802,1,"IOTHUB_CLIENT_CONFIRMATION_OK"
19695,10405069969,10405070006,1,"IOTHUB_CLIENT_CONFIRMATION_OK"
19696,10405070169,10405070200,1,"IOTHUB_CLIENT_CONFIRMATION_OK"
19697,10405070369,10405070404,1,"IOTHUB_CLIENT_CONFIRMATION_OK"
19698,10405070569,10405070761,1,"IOTHUB_CLIENT_CONFIRMATION_OK"
19699,10405070770,10405070799,1,"IOTHUB_CLIENT_CONFIRMATION_OK"
19700,10405070970,10405071012,1,"IOTHUB_CLIENT_CONFIRMATION_OK"
19701,10405071170,10405071206,1,"IOTHUB_CLIENT_CONFIRMATION_OK"
19702,10405071370,10405071406,1,"IOTHUB_CLIENT_CONFIRMATION_OK"
19703,10405071570,10405071605,1,"IOTHUB_CLIENT_CONFIRMATION_OK"
19704,10405071770,10405071804,1,"IOTHUB_CLIENT_CONFIRMATION_OK"
19705,10405071971,10405071999,1,"IOTHUB_CLIENT_CONFIRMATION_OK"
19706,10405072171,10405072203,1,"IOTHUB_CLIENT_CONFIRMATION_OK"
19707,10405072371,10405072418,1,"IOTHUB_CLIENT_CONFIRMATION_OK"
19708,10405072571,10405072614,1,"IOTHUB_CLIENT_CONFIRMATION_OK"
19709,10405072771,10405072800,1,"IOTHUB_CLIENT_CONFIRMATION_OK"
19710,10405072971,10405073013,1,"IOTHUB_CLIENT_CONFIRMATION_OK"
19711,10405073172,10405073215,1,"IOTHUB_CLIENT_CONFIRMATION_OK"
19712,10405073372,10405073419,1,"IOTHUB_CLIENT_CONFIRMATION_OK"
19713,10405073572,10405073621,1,"IOTHUB_CLIENT_CONFIRMATION_OK"
19714,10405073772,10405073821,1,"IOTHUB_CLIENT_CONFIRMATION_OK"
19715,10405073972,10405074016,1,"IOTHUB_CLIENT_CONFIRMATION_OK"
19716,10405074172,10405074219,1,"IOTHUB_CLIENT_CONFIRMATION_OK"
19717,10405074372,10405074429,1,"IOTHUB_CLIENT_CONFIRMATION_OK"
19718,10405074573,10405074641,1,"IOTHUB_CLIENT_CONFIRMATION_OK"
19719,10405074773,10405074804,1,"IOTHUB_CLIENT_CONFIRMATION_OK"
19720,10405074973,10405075001,1,"IOTHUB_CLIENT_CONFIRMATION_OK"
19721,10405075173,10405075252,1,"IOTHUB_CLIENT_CONFIRMATION_OK"
19722,10405075373,10405075403,1,"IOTHUB_CLIENT_CONFIRMATION_OK"
19723,10405075573,10405075609,1,"IOTHUB_CLIENT_CONFIRMATION_OK"
19724,10405075774,10405075804,1,"IOTHUB_CLIENT_CONFIRMATION_OK"
19725,10405075974,10405076004,1,"IOTHUB_CLIENT_CONFIRMATION_OK"
19726,10405076174,10405076269,1,"IOTHUB_CLIENT_CONFIRMATION_OK"
19727,10405076374,10405076405,1,"IOTHUB_CLIENT_CONFIRMATION_OK"
19728,10405076574,10405076607,1,"IOTHUB_CLIENT_CONFIRMATION_OK"
19729,10405076774,10405076930,1,"IOTHUB_CLIENT_CONFIRMATION_OK"
19730,10405076975,10405077026,1,"IOTHUB_CLIENT_CONFIRMATION_OK"
19731,10405077175,10405077216,1,"IOTHUB_CLIENT_CONFIRMATION_OK"
19732,10405077375,10405077508,1,"IOTHUB_CLIENT_CONFIRMATION_OK"
19733,10405077575,10405077611,1,"IOTHUB_CLIENT_CONFIRMATION_OK"
19734,10405077775,10405077808,1,"IOTHUB_CLIENT_CONFIRMATION_OK"
19735,10405077975,10405078005,1,"IOTHUB_CLIENT_CONFIRMATION_OK"
19736,10405078175,10405078226,1,"IOTHUB_CLIENT_CONFIRMATION_OK"
19737,10405078376,10405078411,1,"IOTHUB_CLIENT_CONFIRMATION_OK"
19738,10405078576,10405078651,1,"IOTHUB_CLIENT_CONFIRMATION_OK"
19739,10405078776,10405078812,1,"IOTHUB_CLIENT_CONFIRMATION_OK"
19740,10405078976,10405079044,1,"IOTHUB_CLIENT_CONFIRMATION_OK"
19741,10405079176,10405079284,1,"IOTHUB_CLIENT_CONFIRMATION_OK"
19742,10405079376,10405079410,1,"IOTHUB_CLIENT_CONFIRMATION_OK"
19743,10405079577,10405079712,1,"IOTHUB_CLIENT_CONFIRMATION_OK"
19744,10405079777,10405079812,1,"IOTHUB_CLIENT_CONFIRMATION_OK"
19745,10405079977,10405080006,1,"IOTHUB_CLIENT_CONFIRMATION_OK"
19746,10405080177,10405080210,1,"IOTHUB_CLIENT_CONFIRMATION_OK"
19747,10405080377,10405080408,1,"IOTHUB_CLIENT_CONFIRMATION_OK"
19748,10405080577,10405080609,1,"IOTHUB_CLIENT_CONFIRMATION_OK"
19749,10405080778,10405080837,1,"IOTHUB_CLIENT_CONFIRMATION_OK"
19750,10405080978,10405081007,1,"IOTHUB_CLIENT_CONFIRMATION_OK"
19751,10405081178,10405081209,1,"IOTHUB_CLIENT_CONFIRMATION_OK"
19752,10405081378,10405081412,1,"IOTHUB_CLIENT_CONFIRMATION_OK"
19753,10405081578,10405081613,1,"IOTHUB_CLIENT_CONFIRMATION_OK"
19754,10405081778,10405081954,1,"IOTHUB_CLIENT_CONFIRMATION_OK"
19755,10405081979,10405082019,1,"IOTHUB_CLIENT_CONFIRMATION_OK"
19756,10405082179,10405082211,1,"IOTHUB_CLIENT_CONFIRMATION_OK"
19757,10405082379,10405082440,1,"IOTHUB_CLIENT_CONFIRMATION_OK"
19758,10405082579,10405082610,1,"IOTHUB_CLIENT_CONFIRMATION_OK"
19759,10405082779,10405082823,1,"IOTHUB_CLIENT_CONFIRMATION_OK"
19760,10405082979,10405083010,1,"IOTHUB_CLIENT_CONFIRMATION_OK"
19761,10405083180,10405083213,1,"IOTHUB_CLIENT_CONFIRMATION_OK"
19762,10405083380,10405083436,1,"IOTHUB_CLIENT_CONFIRMATION_OK"
19763,10405083580,10405083702,1,"IOTHUB_CLIENT_CONFIRMATION_OK"
19764,10405083780,10405083820,1,"IOTHUB_CLIENT_CONFIRMATION_OK"
19765,10405083980,10405084009,1,"IOTHUB_CLIENT_CONFIRMATION_OK"
19766,10405084180,10405084210,1,"IOTHUB_CLIENT_CONFIRMATION_OK"
19767,10405084380,10405084436,1,"IOTHUB_CLIENT_CONFIRMATION_OK"
19768,10405084581,10405084716,1,"IOTHUB_CLIENT_CONFIRMATION_OK"
19769,10405084781,10405084812,1,"IOTHUB_CLIENT_CONFIRMATION_OK"
19770,10405084981,10405085011,1,"IOTHUB_CLIENT_CONFIRMATION_OK"
19771,10405085181,10405085331,1,"IOTHUB_CLIENT_CONFIRMATION_OK"
19772,10405085381,10405085413,1,"IOTHUB_CLIENT_CONFIRMATION_OK"
19773,10405085581,10405085619,1,"IOTHUB_CLIENT_CONFIRMATION_OK"
19774,10405085782,10405085825,1,"IOTHUB_CLIENT_CONFIRMATION_OK"
19775,10405085982,10405086013,1,"IOTHUB_CLIENT_CONFIRMATION_OK"
19776,10405086182,10405086222,1,"IOTHUB_CLIENT_CONFIRMATION_OK"
19777,10405086382,10405086411,1,"IOTHUB_CLIENT_CONFIRMATION_OK"
19778,10405086582,10405086625,1,"IOTHUB_CLIENT_CONFIRMATION_OK"
19779,10405086782,10405086817,1,"IOTHUB_CLIENT_CONFIRMATION_OK"
19780,10405086982,10405087013,1,"IOTHUB_CLIENT_CONFIRMATION_OK"
19781,10405087183,10405087222,1,"IOTHUB_CLIENT_CONFIRMATION_OK"
19782,10405087383,10405087442,1,"IOTHUB_CLIENT_CONFIRMATION_OK"
19783,10405087583,10405087612,1,"IOTHUB_CLIENT_CONFIRMATION_OK"
19784,10405087783,10405087820,1,"IOTHUB_CLIENT_CONFIRMATION_OK"
19785,10405087983,10405088054,1,"IOTHUB_CLIENT_CONFIRMATION_OK"
19786,10405088183,10405088217,1,"IOTHUB_CLIENT_CONFIRMATION_OK"
19787,10405088384,10405088414,1,"IOTHUB_CLIENT_CONFIRMATION_OK"
19788,10405088584,10405088630,1,"IOTHUB_CLIENT_CONFIRMATION_OK"
19789,10405088784,10405088825,1,"IOTHUB_CLIENT_CONFIRMATION_OK"
19790,10405088984,10405089015,1,"IOTHUB_CLIENT_CONFIRMATION_OK"
19791,10405089184,10405089236,1,"IOTHUB_CLIENT_CONFIRMATION_OK"
19792,10405089384,10405089419,1,"IOTHUB_CLIENT_CONFIRMATION_OK"
19793,10405089585,10405089616,1,"IOTHUB_CLIENT_CONFIRMATION_OK"
19794,10405089785,10405089867,1,"IOTHUB_CLIENT_CONFIRMATION_OK"
19795,10405089985,10405090026,1,"IOTHUB_CLIENT_CONFIRMATION_OK"
19796,10405090185,10405090214,1,"IOTHUB_CLIENT_CONFIRMATION_OK"
19797,10405090385,10405090431,1,"IOTHUB_CLIENT_CONFIRMATION_OK"
19798,10405090585,10405090615,1,"IOTHUB_CLIENT_CONFIRMATION_OK"
19799,10405090786,10405090862,1,"IOTHUB_CLIENT_CONFIRMATION_OK"
19800,10405090986,10405091028,1,"IOTHUB_CLIENT_CONFIRMATION_OK"
19801,10405091186,10405091219,1,"IOTHUB_CLIENT_CONFIRMATION_OK"
19802,10405091386,10405091471,1,"IOTHUB_CLIENT_CONFIRMATION_OK"
19803,10405091586,10405091623,1,"IOTHUB_CLIENT_CONFIRMATION_OK"
19804,10405091786,10405091830,1,"IOTHUB_CLIENT_CONFIRMATION_OK"
19805,10405091987,10405092085,1,"IOTHUB_CLIENT_CONFIRMATION_OK"
19806,10405092187,10405092225,1,"IOTHUB_CLIENT_CONFIRMATION_OK"
19807,10405092387,10405092444,1,"IOTHUB_CLIENT_CONFIRMATION_OK"
19808,10405092587,10405092619,1,"IOTHUB_CLIENT_CONFIRMATION_OK"
19809,10405092787,10405092857,1,"IOTHUB_CLIENT_CONFIRMATION_OK"
19810,10405092987,10405093016,1,"IOTHUB_CLIENT_CONFIRMATION_OK"
19811,10405093188,10405093221,1,"IOTHUB_CLIENT_CONFIRMATION_OK"
19812,10405093388,10405093419,1,"IOTHUB_CLIENT_CONFIRMATION_OK"
19813,10405093588,10405093731,1,"IOTHUB_CLIENT_CONFIRMATION_OK"
19814,10405093788,10405093831,1,"IOTHUB_CLIENT_CONFIRMATION_OK"
19815,10405093988,10405094135,1,"IOTHUB_CLIENT_CONFIRMATION_OK"
19816,10405094188,10405094356,1,"IOTHUB_CLIENT_CONFIRMATION_OK"
19817,10405094389,10405094426,1,"IOTHUB_CLIENT_CONFIRMATION_OK"
19818,10405094589,10405094625,1,"IOTHUB_CLIENT_CONFIRMATION_OK"
19819,10405094789,10405094822,1,"IOTHUB_CLIENT_CONFIRMATION_OK"
19820,10405094989,10405095022,1,"IOTHUB_CLIENT_CONFIRMATION_OK"
19821,10405095189,10405095234,1,"IOTHUB_CLIENT_CONFIRMATION_OK"
19822,10405095389,10405095429,1,"IOTHUB_CLIENT_CONFIRMATION_OK"
19823,10405095589,10405095619,1,"IOTHUB_CLIENT_CONFIRMATION_OK"
19824,10405095790,10405095825,1,"IOTHUB_CLIENT_CONFIRMATION_OK"
19825,10405095990,10405096031,1,"IOTHUB_CLIENT_CONFIRMATION_OK"
19826,10405096190,10405096221,1,"IOTHUB_CLIENT_CONFIRMATION_OK"
19827,10405096390,10405096424,1,"IOTHUB_CLIENT_CONFIRMATION_OK"
19828,10405096590,10405096625,1,"IOTHUB_CLIENT_CONFIRMATION_OK"
19829,10405096790,10405096824,1,"IOTHUB_CLIENT_CONFIRMATION_OK"
19830,10405096991,10405097030,1,"IOTHUB_CLIENT_CONFIRMATION_OK"
19831,10405097191,10405097222,1,"IOTHUB_CLIENT_CONFIRMATION_OK"
19832,10405097391,10405097454,1,"IOTHUB_CLIENT_CONFIRMATION_OK"
19833,10405097591,10405097646,1,"IOTHUB_CLIENT_CONFIRMATION_OK"
19834,10405097791,10405097823,1,"IOTHUB_CLIENT_CONFIRMATION_OK"
19835,10405097991,10405098021,1,"IOTHUB_CLIENT_CONFIRMATION_OK"
19836,10405098191,10405098281,1,"IOTHUB_CLIENT_CONFIRMATION_OK"
19837,10405098392,10405098428,1,"IOTHUB_CLIENT_CONFIRMATION_OK"
19838,10405098592,10405098646,1,"IOTHUB_CLIENT_CONFIRMATION_OK"
19839,10405098792,10405098825,1,"IOTHUB_CLIENT_CONFIRMATION_OK"
19840,10405098992,10405099097,1,"IOTHUB_CLIENT_CONFIRMATION_OK"
19841,10405099192,10405099318,1,"IOTHUB_CLIENT_CONFIRMATION_OK"
19842,10405099392,10405099435,1,"IOTHUB_CLIENT_CONFIRMATION_OK"
19843,10405099592,10405099640,1,"IOTHUB_CLIENT_CONFIRMATION_OK"
19844,10405099793,10405099932,1,"IOTHUB_CLIENT_CONFIRMATION_OK"
19845,10405099993,10405100024,1,"IOTHUB_CLIENT_CONFIRMATION_OK"
19846,10405100193,10405100228,1,"IOTHUB_CLIENT_CONFIRMATION_OK"
19847,10405100393,10405100447,1,"IOTHUB_CLIENT_CONFIRMATION_OK"
19848,10405100593,10405100625,1,"IOTHUB_CLIENT_CONFIRMATION_OK"
19849,10405100793,10405100826,1,"IOTHUB_CLIENT_CONFIRMATION_OK"
19850,10405100994,10405101025,1,"IOTHUB_CLIENT_CONFIRMATION_OK"
19851,10405101194,10405101238,1,"IOTHUB_CLIENT_CONFIRMATION_OK"
19852,10405101394,10405101455,1,"IOTHUB_CLIENT_CONFIRMATION_OK"
19853,10405101594,10405101639,1,"IOTHUB_CLIENT_CONFIRMATION_OK"
19854,10405101794,10405101857,1,"IOTHUB_CLIENT_CONFIRMATION_OK"
19855,10405101994,10405102051,1,"IOTHUB_CLIENT_CONFIRMATION_OK"
19856,10405102195,10405102231,1,"IOTHUB_CLIENT_CONFIRMATION_OK"
19857,10405102395,10405102431,1,"IOTHUB_CLIENT_CONFIRMATION_OK"
19858,10405102595,10405102628,1,"IOTHUB_CLIENT_CONFIRMATION_OK"
19859,10405102795,10405102824,1,"IOTHUB_CLIENT_CONFIRMATION_OK"
19860,10405102995,10405103026,1,"IOTHUB_CLIENT_CONFIRMATION_OK"
19861,10405103195,10405103239,1,"IOTHUB_CLIENT_CONFIRMATION_OK"
19862,10405103396,10405103450,1,"IOTHUB_CLIENT_CONFIRMATION_OK"
19863,10405103596,10405103629,1,"IOTHUB_CLIENT_CONFIRMATION_OK"
19864,10405103796,10405103841,1,"IOTHUB_CLIENT_CONFIRMATION_OK"
19865,10405103996,10405104029,1,"IOTHUB_CLIENT_CONFIRMATION_OK"
19866,10405104196,10405104267,1,"IOTHUB_CLIENT_CONFIRMATION_OK"
19867,10405104396,10405104489,1,"IOTHUB_CLIENT_CONFIRMATION_OK"
19868,10405104596,10405104635,1,"IOTHUB_CLIENT_CONFIRMATION_OK"
19869,10405104797,10405104871,1,"IOTHUB_CLIENT_CONFIRMATION_OK"
19870,10405104997,10405105029,1,"IOTHUB_CLIENT_CONFIRMATION_OK"
19871,10405105197,10405105231,1,"IOTHUB_CLIENT_CONFIRMATION_OK"
19872,10405105397,10405105480,1,"IOTHUB_CLIENT_CONFIRMATION_OK"
19873,10405105597,10405105628,1,"IOTHUB_CLIENT_CONFIRMATION_OK"
19874,10405105797,10405105842,1,"IOTHUB_CLIENT_CONFIRMATION_OK"
19875,10405105998,10405106087,1,"IOTHUB_CLIENT_CONFIRMATION_OK"
19876,10405106198,10405106234,1,"IOTHUB_CLIENT_CONFIRMATION_OK"
19877,10405106398,10405106433,1,"IOTHUB_CLIENT_CONFIRMATION_OK"
19878,10405106598,10405106658,1,"IOTHUB_CLIENT_CONFIRMATION_OK"
19879,10405106798,10405106833,1,"IOTHUB_CLIENT_CONFIRMATION_OK"
19880,10405106998,10405107039,1,"IOTHUB_CLIENT_CONFIRMATION_OK"
19881,10405107199,10405107247,1,"IOTHUB_CLIENT_CONFIRMATION_OK"
19882,10405107399,10405107432,1,"IOTHUB_CLIENT_CONFIRMATION_OK"
19883,10405107599,10405107715,1,"IOTHUB_CLIENT_CONFIRMATION_OK"
19884,10405107799,10405107834,1,"IOTHUB_CLIENT_CONFIRMATION_OK"
19885,10405107999,10405108033,1,"IOTHUB_CLIENT_CONFIRMATION_OK"
19886,10405108199,10405108376,1,"IOTHUB_CLIENT_CONFIRMATION_OK"
19887,10405108400,10405108429,1,"IOTHUB_CLIENT_CONFIRMATION_OK"
19888,10405108600,10405108639,1,"IOTHUB_CLIENT_CONFIRMATION_OK"
19889,10405108800,10405108835,1,"IOTHUB_CLIENT_CONFIRMATION_OK"
19890,10405109000,10405109042,1,"IOTHUB_CLIENT_CONFIRMATION_OK"
19891,10405109200,10405109246,1,"IOTHUB_CLIENT_CONFIRMATION_OK"
19892,10405109400,10405109436,1,"IOTHUB_CLIENT_CONFIRMATION_OK"
19893,10405109601,10405109640,1,"IOTHUB_CLIENT_CONFIRMATION_OK"
19894,10405109801,10405109837,1,"IOTHUB_CLIENT_CONFIRMATION_OK"
19895,10405110001,10405110033,1,"IOTHUB_CLIENT_CONFIRMATION_OK"
19896,10405110201,10405110274,1,"IOTHUB_CLIENT_CONFIRMATION_OK"
19897,10405110401,10405110517,1,"IOTHUB_CLIENT_CONFIRMATION_OK"
19898,10405110601,10405110636,1,"IOTHUB_CLIENT_CONFIRMATION_OK"
19899,10405110802,10405110831,1,"IOTHUB_CLIENT_CONFIRMATION_OK"
19900,10405111002,10405111120,1,"IOTHUB_CLIENT_CONFIRMATION_OK"
19901,10405111202,10405111231,1,"IOTHUB_CLIENT_CONFIRMATION_OK"
19902,10405111402,10405111450,1,"IOTHUB_CLIENT_CONFIRMATION_OK"
19903,10405111602,10405111730,1,"IOTHUB_CLIENT_CONFIRMATION_OK"
19904,10405111802,10405111832,1,"IOTHUB_CLIENT_CONFIRMATION_OK"
19905,10405112003,10405112048,1,"IOTHUB_CLIENT_CONFIRMATION_OK"
19906,10405112203,10405112238,1,"IOTHUB_CLIENT_CONFIRMATION_OK"
19907,10405112403,10405112447,1,"IOTHUB_CLIENT_CONFIRMATION_OK"
19908,10405112603,10405112637,1,"IOTHUB_CLIENT_CONFIRMATION_OK"
19909,10405112803,10405112835,1,"IOTHUB_CLIENT_CONFIRMATION_OK"
19910,10405113003,10405113038,1,"IOTHUB_CLIENT_CONFIRMATION_OK"
19911,10405113203,10405113353,1,"IOTHUB_CLIENT_CONFIRMATION_OK"
19912,10405113404,10405113434,1,"IOTHUB_CLIENT_CONFIRMATION_OK"
19913,10405113604,10405113647,1,"IOTHUB_CLIENT_CONFIRMATION_OK"
19914,10405113804,10405113982,1,"IOTHUB_CLIENT_CONFIRMATION_OK"
19915,10405114004,10405114045,1,"IOTHUB_CLIENT_CONFIRMATION_OK"
19916,10405114204,10405114236,1,"IOTHUB_CLIENT_CONFIRMATION_OK"
19917,10405114404,10405114450,1,"IOTHUB_CLIENT_CONFIRMATION_OK"
19918,10405114605,10405114651,1,"IOTHUB_CLIENT_CONFIRMATION_OK"
19919,10405114805,10405114842,1,"IOTHUB_CLIENT_CONFIRMATION_OK"
19920,10405115005,10405115050,1,"IOTHUB_CLIENT_CONFIRMATION_OK"
19921,10405115205,10405115238,1,"IOTHUB_CLIENT_CONFIRMATION_OK"
19922,10405115405,10405115504,1,"IOTHUB_CLIENT_CONFIRMATION_OK"
19923,10405115605,10405115643,1,"IOTHUB_CLIENT_CONFIRMATION_OK"
19924,10405115806,10405115914,1,"IOTHUB_CLIENT_CONFIRMATION_OK"
19925,10405116006,10405116220,1,"IOTHUB_CLIENT_CONFIRMATION_OK"
19926,10405116206,10405116247,1,"IOTHUB_CLIENT_CONFIRMATION_OK"
19927,10405116406,10405116439,1,"IOTHUB_CLIENT_CONFIRMATION_OK"
19928,10405116606,10405116653,1,"IOTHUB_CLIENT_CONFIRMATION_OK"
19929,10405116806,10405116841,1,"IOTHUB_CLIENT_CONFIRMATION_OK"
19930,10405117006,10405117056,1,"IOTHUB_CLIENT_CONFIRMATION_OK"
19931,10405117207,10405117248,1,"IOTHUB_CLIENT_CONFIRMATION_OK"
19932,10405117407,10405117444,1,"IOTHUB_CLIENT_CONFIRMATION_OK"
19933,10405117607,10405117642,1,"IOTHUB_CLIENT_CONFIRMATION_OK"
19934,10405117807,10405117871,1,"IOTHUB_CLIENT_CONFIRMATION_OK"
19935,10405118007,10405118071,1,"IOTHUB_CLIENT_CONFIRMATION_OK"
19936,10405118207,10405118241,1,"IOTHUB_CLIENT_CONFIRMATION_OK"
19937,10405118408,10405118465,1,"IOTHUB_CLIENT_CONFIRMATION_OK"
19938,10405118608,10405118642,1,"IOTHUB_CLIENT_CONFIRMATION_OK"
19939,10405118808,10405118843,1,"IOTHUB_CLIENT_CONFIRMATION_OK"
19940,10405119008,10405119066,1,"IOTHUB_CLIENT_CONFIRMATION_OK"
19941,10405119208,10405119244,1,"IOTHUB_CLIENT_CONFIRMATION_OK"
19942,10405119408,10405119486,1,"IOTHUB_CLIENT_CONFIRMATION_OK"
19943,10405119609,10405119639,1,"IOTHUB_CLIENT_CONFIRMATION_OK"
19944,10405119809,10405119869,1,"IOTHUB_CLIENT_CONFIRMATION_OK"
19945,10405120009,10405120088,1,"IOTHUB_CLIENT_CONFIRMATION_OK"
19946,10405120209,10405120246,1,"IOTHUB_CLIENT_CONFIRMATION_OK"
19947,10405120409,10405120444,1,"IOTHUB_CLIENT_CONFIRMATION_OK"
19948,10405120609,10405120705,1,"IOTHUB_CLIENT_CONFIRMATION_OK"
19949,10405120810,10405120846,1,"IOTHUB_CLIENT_CONFIRMATION_OK"
19950,10405121010,10405121056,1,"IOTHUB_CLIENT_CONFIRMATION_OK"
19951,10405121210,10405121238,1,"IOTHUB_CLIENT_CONFIRMATION_OK"
19952,10405121410,10405121489,1,"IOTHUB_CLIENT_CONFIRMATION_OK"
19953,10405121610,10405121641,1,"IOTHUB_CLIENT_CONFIRMATION_OK"
19954,10405121810,10405121852,1,"IOTHUB_CLIENT_CONFIRMATION_OK"
19955,10405122011,10405122044,1,"IOTHUB_CLIENT_CONFIRMATION_OK"
19956,10405122211,10405122324,1,"IOTHUB_CLIENT_CONFIRMATION_OK"
19957,10405122411,10405122447,1,"IOTHUB_CLIENT_CONFIRMATION_OK"
19958,10405122611,10405122646,1,"IOTHUB_CLIENT_CONFIRMATION_OK"
19959,10405122811,10405122946,1,"IOTHUB_CLIENT_CONFIRMATION_OK"
19960,10405123011,10405123045,1,"IOTHUB_CLIENT_CONFIRMATION_OK"
19961,10405123211,10405123258,1,"IOTHUB_CLIENT_CONFIRMATION_OK"
19962,10405123412,10405123456,1,"IOTHUB_CLIENT_CONFIRMATION_OK"
19963,10405123612,10405123643,1,"IOTHUB_CLIENT_CONFIRMATION_OK"
19964,10405123812,10405123847,1,"IOTHUB_CLIENT_CONFIRMATION_OK"
19965,10405124012,10405124043,1,"IOTHUB_CLIENT_CONFIRMATION_OK"
19966,10405124212,10405124247,1,"IOTHUB_CLIENT_CONFIRMATION_OK"
19967,10405124412,10405124448,1,"IOTHUB_CLIENT_CONFIRMATION_OK"
19968,10405124613,10405124644,1,"IOTHUB_CLIENT_CONFIRMATION_OK"
19969,10405124813,10405124868,1,"IOTHUB_CLIENT_CONFIRMATION_OK"
19970,10405125013,10405125221,1,"IOTHUB_CLIENT_CONFIRMATION_OK"
19971,10405125213,10405125306,1,"IOTHUB_CLIENT_CONFIRMATION_OK"
19972,10405125413,10405125452,1,"IOTHUB_CLIENT_CONFIRMATION_OK"
19973,10405125613,10405125647,1,"IOTHUB_CLIENT_CONFIRMATION_OK"
19974,10405125814,10405125845,1,"IOTHUB_CLIENT_CONFIRMATION_OK"
19975,10405126014,10405126046,1,"IOTHUB_CLIENT_CONFIRMATION_OK"
19976,10405126214,10405126254,1,"IOTHUB_CLIENT_CONFIRMATION_OK"
19977,10405126414,10405126469,1,"IOTHUB_CLIENT_CONFIRMATION_OK"
19978,10405126614,10405126646,1,"IOTHUB_CLIENT_CONFIRMATION_OK"
19979,10405126814,10405126853,1,"IOTHUB_CLIENT_CONFIRMATION_OK"
19980,10405127015,10405127053,1,"IOTHUB_CLIENT_CONFIRMATION_OK"
19981,10405127215,10405127255,1,"IOTHUB_CLIENT_CONFIRMATION_OK"
19982,10405127415,10405127481,1,"IOTHUB_CLIENT_CONFIRMATION_OK"
19983,10405127615,10405127646,1,"IOTHUB_CLIENT_CONFIRMATION_OK"
19984,10405127815,10405127854,1,"IOTHUB_CLIENT_CONFIRMATION_OK"
19985,10405128015,10405128048,1,"IOTHUB_CLIENT_CONFIRMATION_OK"
19986,10405128215,10405128250,1,"IOTHUB_CLIENT_CONFIRMATION_OK"
19987,10405128416,10405128531,1,"IOTHUB_CLIENT_CONFIRMATION_OK"
19988,10405128616,10405128663,1,"IOTHUB_CLIENT_CONFIRMATION_OK"
19989,10405128816,10405128868,1,"IOTHUB_CLIENT_CONFIRMATION_OK"
19990,10405129016,10405129138,1,"IOTHUB_CLIENT_CONFIRMATION_OK"
19991,10405129216,10405129269,1,"IOTHUB_CLIENT_CONFIRMATION_OK"
19992,10405129416,10405129465,1,"IOTHUB_CLIENT_CONFIRMATION_OK"
19993,10405129617,10405129647,1,"IOTHUB_CLIENT_CONFIRMATION_OK"
19994,10405129817,10405129850,1,"IOTHUB_CLIENT_CONFIRMATION_OK"
19995,10405130017,10405130069,1,"IOTHUB_CLIENT_CONFIRMATION_OK"
19996,10405130217,10405130245,1,"IOTHUB_CLIENT_CONFIRMATION_OK"
19997,10405130417,10405130470,1,"IOTHUB_CLIENT_CONFIRMATION_OK"
19998,10405130617,10405130752,1,"IOTHUB_CLIENT_CONFIRMATION_OK"
19999,10405130817,10405130847,1,"IOTHUB_CLIENT_CONFIRMATION_OK"
20000,10405131018,10405131047,1,"IOTHUB_CLIENT_CONFIRMATION_OK"
20001,10405131218,10405131382,1,"IOTHUB_CLIENT_CONFIRMATION_OK"
20002,10405131418,10405131461,1,"IOTHUB_CLIENT_CONFIRMATION_OK"
20003,10405131618,10405131654,1,"IOTHUB_CLIENT_CONFIRMATION_OK"
20004,10405131818,10405131855,1,"IOTHUB_CLIENT_CONFIRMATION_OK"
20005,10405132018,10405132050,1,"IOTHUB_CLIENT_CONFIRMATION_OK"
20006,10405132219,10405132268,1,"IOTHUB_CLIENT_CONFIRMATION_OK"
20007,10405132419,10405132495,1,"IOTHUB_CLIENT_CONFIRMATION_OK"
20008,10405132619,10405132659,1,"IOTHUB_CLIENT_CONFIRMATION_OK"
20009,10405132819,10405132854,1,"IOTHUB_CLIENT_CONFIRMATION_OK"
20010,10405133019,10405133067,1,"IOTHUB_CLIENT_CONFIRMATION_OK"
20011,10405133219,10405133255,1,"IOTHUB_CLIENT_CONFIRMATION_OK"
20012,10405133420,10405133627,1,"IOTHUB_CLIENT_CONFIRMATION_OK"
20013,10405133620,10405133668,1,"IOTHUB_CLIENT_CONFIRMATION_OK"
20014,10405133820,10405133867,1,"IOTHUB_CLIENT_CONFIRMATION_OK"
20015,10405134020,10405134065,1,"IOTHUB_CLIENT_CONFIRMATION_OK"
20016,10405134220,10405134266,1,"IOTHUB_CLIENT_CONFIRMATION_OK"
20017,10405134421,10405134797,1,"IOTHUB_CLIENT_CONFIRMATION_OK"
20018,10405134621,10405135139,1,"IOTHUB_CLIENT_CONFIRMATION_OK"
20019,10405134821,10405135210,1,"IOTHUB_CLIENT_CONFIRMATION_OK"
20020,10405135021,10405135309,1,"IOTHUB_CLIENT_CONFIRMATION_OK"
20021,10405135221,10405135387,1,"IOTHUB_CLIENT_CONFIRMATION_OK"
20022,10405135421,10405135479,1,"IOTHUB_CLIENT_CONFIRMATION_OK"
20023,10405135622,10405135664,1,"IOTHUB_CLIENT_CONFIRMATION_OK"
20024,10405135822,10405135888,1,"IOTHUB_CLIENT_CONFIRMATION_OK"
20025,10405136022,10405136058,1,"IOTHUB_CLIENT_CONFIRMATION_OK"
20026,10405136222,10405136308,1,"IOTHUB_CLIENT_CONFIRMATION_OK"
20027,10405136422,10405136464,1,"IOTHUB_CLIENT_CONFIRMATION_OK"
20028,10405136622,10405136655,1,"IOTHUB_CLIENT_CONFIRMATION_OK"
20029,10405136823,10405136896,1,"IOTHUB_CLIENT_CONFIRMATION_OK"
20030,10405137023,10405137053,1,"IOTHUB_CLIENT_CONFIRMATION_OK"
20031,10405137223,10405137258,1,"IOTHUB_CLIENT_CONFIRMATION_OK"
20032,10405137423,10405137497,1,"IOTHUB_CLIENT_CONFIRMATION_OK"
20033,10405137623,10405137667,1,"IOTHUB_CLIENT_CONFIRMATION_OK"
20034,10405137823,10405137854,1,"IOTHUB_CLIENT_CONFIRMATION_OK"
20035,10405138024,10405138142,1,"IOTHUB_CLIENT_CONFIRMATION_OK"
20036,10405138224,10405138255,1,"IOTHUB_CLIENT_CONFIRMATION_OK"
20037,10405138424,10405138460,1,"IOTHUB_CLIENT_CONFIRMATION_OK"
20038,10405138624,10405138660,1,"IOTHUB_CLIENT_CONFIRMATION_OK"
20039,10405138824,10405138862,1,"IOTHUB_CLIENT_CONFIRMATION_OK"
20040,10405139024,10405139140,1,"IOTHUB_CLIENT_CONFIRMATION_OK"
20041,10405139224,10405139278,1,"IOTHUB_CLIENT_CONFIRMATION_OK"
20042,10405139425,10405139457,1,"IOTHUB_CLIENT_CONFIRMATION_OK"
20043,10405139625,10405139750,1,"IOTHUB_CLIENT_CONFIRMATION_OK"
20044,10405139825,10405139857,1,"IOTHUB_CLIENT_CONFIRMATION_OK"
20045,10405140025,10405140062,1,"IOTHUB_CLIENT_CONFIRMATION_OK"
20046,10405140225,10405140361,1,"IOTHUB_CLIENT_CONFIRMATION_OK"
20047,10405140425,10405140460,1,"IOTHUB_CLIENT_CONFIRMATION_OK"
20048,10405140626,10405140657,1,"IOTHUB_CLIENT_CONFIRMATION_OK"
20049,10405140826,10405140887,1,"IOTHUB_CLIENT_CONFIRMATION_OK"
20050,10405141026,10405141061,1,"IOTHUB_CLIENT_CONFIRMATION_OK"
20051,10405141226,10405141258,1,"IOTHUB_CLIENT_CONFIRMATION_OK"
20052,10405141426,10405141460,1,"IOTHUB_CLIENT_CONFIRMATION_OK"
20053,10405141626,10405141677,1,"IOTHUB_CLIENT_CONFIRMATION_OK"
20054,10405141827,10405141884,1,"IOTHUB_CLIENT_CONFIRMATION_OK"
20055,10405142027,10405142062,1,"IOTHUB_CLIENT_CONFIRMATION_OK"
20056,10405142227,10405142287,1,"IOTHUB_CLIENT_CONFIRMATION_OK"
20057,10405142427,10405142475,1,"IOTHUB_CLIENT_CONFIRMATION_OK"
20058,10405142627,10405142661,1,"IOTHUB_CLIENT_CONFIRMATION_OK"
20059,10405142827,10405142863,1,"IOTHUB_CLIENT_CONFIRMATION_OK"
20060,10405143027,10405143076,1,"IOTHUB_CLIENT_CONFIRMATION_OK"
20061,10405143228,10405143266,1,"IOTHUB_CLIENT_CONFIRMATION_OK"
20062,10405143428,10405143460,1,"IOTHUB_CLIENT_CONFIRMATION_OK"
20063,10405143628,10405143697,1,"IOTHUB_CLIENT_CONFIRMATION_OK"
20064,10405143828,10405143869,1,"IOTHUB_CLIENT_CONFIRMATION_OK"
20065,10405144028,10405144061,1,"IOTHUB_CLIENT_CONFIRMATION_OK"
20066,10405144228,10405144265,1,"IOTHUB_CLIENT_CONFIRMATION_OK"
20067,10405144429,10405144462,1,"IOTHUB_CLIENT_CONFIRMATION_OK"
20068,10405144629,10405144715,1,"IOTHUB_CLIENT_CONFIRMATION_OK"
20069,10405144829,10405144860,1,"IOTHUB_CLIENT_CONFIRMATION_OK"
20070,10405145029,10405145062,1,"IOTHUB_CLIENT_CONFIRMATION_OK"
20071,10405145229,10405145334,1,"IOTHUB_CLIENT_CONFIRMATION_OK"
20072,10405145429,10405145460,1,"IOTHUB_CLIENT_CONFIRMATION_OK"
20073,10405145630,10405145664,1,"IOTHUB_CLIENT_CONFIRMATION_OK"
20074,10405145830,10405145864,1,"IOTHUB_CLIENT_CONFIRMATION_OK"
20075,10405146030,10405146522,1,"IOTHUB_CLIENT_CONFIRMATION_OK"
20076,10405146230,10405146593,1,"IOTHUB_CLIENT_CONFIRMATION_OK"
20077,10405146430,10405146651,1,"IOTHUB_CLIENT_CONFIRMATION_OK"
20078,10405146630,10405146693,1,"IOTHUB_CLIENT_CONFIRMATION_OK"
20079,10405146831,10405146868,1,"IOTHUB_CLIENT_CONFIRMATION_OK"
20080,10405147031,10405147075,1,"IOTHUB_CLIENT_CONFIRMATION_OK"
20081,10405147231,10405147264,1,"IOTHUB_CLIENT_CONFIRMATION_OK"
20082,10405147431,10405147461,1,"IOTHUB_CLIENT_CONFIRMATION_OK"
20083,10405147631,10405147667,1,"IOTHUB_CLIENT_CONFIRMATION_OK"
20084,10405147831,10405147893,1,"IOTHUB_CLIENT_CONFIRMATION_OK"
20085,10405148031,10405148095,1,"IOTHUB_CLIENT_CONFIRMATION_OK"
20086,10405148232,10405148262,1,"IOTHUB_CLIENT_CONFIRMATION_OK"
20087,10405148432,10405148474,1,"IOTHUB_CLIENT_CONFIRMATION_OK"
20088,10405148632,10405148726,1,"IOTHUB_CLIENT_CONFIRMATION_OK"
20089,10405148832,10405148878,1,"IOTHUB_CLIENT_CONFIRMATION_OK"
20090,10405149032,10405149082,1,"IOTHUB_CLIENT_CONFIRMATION_OK"
20091,10405149232,10405149375,1,"IOTHUB_CLIENT_CONFIRMATION_OK"
20092,10405149432,10405149489,1,"IOTHUB_CLIENT_CONFIRMATION_OK"
20093,10405149633,10405149671,1,"IOTHUB_CLIENT_CONFIRMATION_OK"
20094,10405149833,10405149878,1,"IOTHUB_CLIENT_CONFIRMATION_OK"
20095,10405150033,10405150074,1,"IOTHUB_CLIENT_CONFIRMATION_OK"
20096,10405150233,10405150275,1,"IOTHUB_CLIENT_CONFIRMATION_OK"
20097,10405150433,10405150467,1,"IOTHUB_CLIENT_CONFIRMATION_OK"
20098,10405150633,10405150672,1,"IOTHUB_CLIENT_CONFIRMATION_OK"
20099,10405150834,10405150990,1,"IOTHUB_CLIENT_CONFIRMATION_OK"
20100,10405151034,10405151067,1,"IOTHUB_CLIENT_CONFIRMATION_OK"
20101,10405151234,10405151319,1,"IOTHUB_CLIENT_CONFIRMATION_OK"
20102,10405151434,10405151466,1,"IOTHUB_CLIENT_CONFIRMATION_OK"
20103,10405151634,10405151674,1,"IOTHUB_CLIENT_CONFIRMATION_OK"
20104,10405151834,10405151874,1,"IOTHUB_CLIENT_CONFIRMATION_OK"
20105,10405152035,10405152174,1,"IOTHUB_CLIENT_CONFIRMATION_OK"
20106,10405152235,10405152265,1,"IOTHUB_CLIENT_CONFIRMATION_OK"
20107,10405152435,10405152495,1,"IOTHUB_CLIENT_CONFIRMATION_OK"
20108,10405152635,10405152761,1,"IOTHUB_CLIENT_CONFIRMATION_OK"
20109,10405152835,10405152913,1,"IOTHUB_CLIENT_CONFIRMATION_OK"
20110,10405153035,10405153072,1,"IOTHUB_CLIENT_CONFIRMATION_OK"
20111,10405153236,10405153275,1,"IOTHUB_CLIENT_CONFIRMATION_OK"
20112,10405153436,10405153468,1,"IOTHUB_CLIENT_CONFIRMATION_OK"
20113,10405153636,10405153787,1,"IOTHUB_CLIENT_CONFIRMATION_OK"
20114,10405153836,10405153900,1,"IOTHUB_CLIENT_CONFIRMATION_OK"
20115,10405154036,10405154065,1,"IOTHUB_CLIENT_CONFIRMATION_OK"
20116,10405154236,10405154267,1,"IOTHUB_CLIENT_CONFIRMATION_OK"
20117,10405154436,10405154467,1,"IOTHUB_CLIENT_CONFIRMATION_OK"
20118,10405154637,10405154697,1,"IOTHUB_CLIENT_CONFIRMATION_OK"
20119,10405154837,10405154870,1,"IOTHUB_CLIENT_CONFIRMATION_OK"
20120,10405155037,10405155067,1,"IOTHUB_CLIENT_CONFIRMATION_OK"
20121,10405155237,10405155269,1,"IOTHUB_CLIENT_CONFIRMATION_OK"
20122,10405155437,10405155471,1,"IOTHUB_CLIENT_CONFIRMATION_OK"
20123,10405155638,10405155682,1,"IOTHUB_CLIENT_CONFIRMATION_OK"
20124,10405155838,10405155870,1,"IOTHUB_CLIENT_CONFIRMATION_OK"
20125,10405156038,10405156079,1,"IOTHUB_CLIENT_CONFIRMATION_OK"
20126,10405156238,10405156272,1,"IOTHUB_CLIENT_CONFIRMATION_OK"
20127,10405156438,10405156471,1,"IOTHUB_CLIENT_CONFIRMATION_OK"
20128,10405156638,10405156677,1,"IOTHUB_CLIENT_CONFIRMATION_OK"
20129,10405156838,10405156875,1,"IOTHUB_CLIENT_CONFIRMATION_OK"
20130,10405157039,10405157073,1,"IOTHUB_CLIENT_CONFIRMATION_OK"
20131,10405157239,10405157271,1,"IOTHUB_CLIENT_CONFIRMATION_OK"
20132,10405157439,10405157472,1,"IOTHUB_CLIENT_CONFIRMATION_OK"
20133,10405157639,10405157737,1,"IOTHUB_CLIENT_CONFIRMATION_OK"
20134,10405157839,10405157874,1,"IOTHUB_CLIENT_CONFIRMATION_OK"
20135,10405158039,10405158070,1,"IOTHUB_CLIENT_CONFIRMATION_OK"
20136,10405158240,10405158285,1,"IOTHUB_CLIENT_CONFIRMATION_OK"
20137,10405158440,10405158473,1,"IOTHUB_CLIENT_CONFIRMATION_OK"
20138,10405158640,10405158679,1,"IOTHUB_CLIENT_CONFIRMATION_OK"
20139,10405158840,10405158873,1,"IOTHUB_CLIENT_CONFIRMATION_OK"
20140,10405159040,10405159080,1,"IOTHUB_CLIENT_CONFIRMATION_OK"
20141,10405159240,10405159365,1,"IOTHUB_CLIENT_CONFIRMATION_OK"
20142,10405159440,10405159497,1,"IOTHUB_CLIENT_CONFIRMATION_OK"
20143,10405159641,10405159673,1,"IOTHUB_CLIENT_CONFIRMATION_OK"
20144,10405159841,10405159986,1,"IOTHUB_CLIENT_CONFIRMATION_OK"
20145,10405160041,10405160073,1,"IOTHUB_CLIENT_CONFIRMATION_OK"
20146,10405160241,10405160308,1,"IOTHUB_CLIENT_CONFIRMATION_OK"
20147,10405160441,10405160477,1,"IOTHUB_CLIENT_CONFIRMATION_OK"
20148,10405160641,10405160672,1,"IOTHUB_CLIENT_CONFIRMATION_OK"
20149,10405160842,10405160876,1,"IOTHUB_CLIENT_CONFIRMATION_OK"
20150,10405161042,10405161083,1,"IOTHUB_CLIENT_CONFIRMATION_OK"
20151,10405161242,10405161275,1,"IOTHUB_CLIENT_CONFIRMATION_OK"
20152,10405161442,10405161484,1,"IOTHUB_CLIENT_CONFIRMATION_OK"
20153,10405161642,10405161677,1,"IOTHUB_CLIENT_CONFIRMATION_OK"
20154,10405161842,10405161881,1,"IOTHUB_CLIENT_CONFIRMATION_OK"
20155,10405162043,10405162213,1,"IOTHUB_CLIENT_CONFIRMATION_OK"
20156,10405162243,10405162283,1,"IOTHUB_CLIENT_CONFIRMATION_OK"
20157,10405162443,10405162482,1,"IOTHUB_CLIENT_CONFIRMATION_OK"
20158,10405162643,10405162675,1,"IOTHUB_CLIENT_CONFIRMATION_OK"
20159,10405162843,10405162879,1,"IOTHUB_CLIENT_CONFIRMATION_OK"
20160,10405163044,10405163078,1,"IOTHUB_CLIENT_CONFIRMATION_OK"
20161,10405163244,10405163285,1,"IOTHUB_CLIENT_CONFIRMATION_OK"
20162,10405163444,10405163481,1,"IOTHUB_CLIENT_CONFIRMATION_OK"
20163,10405163644,10405163686,1,"IOTHUB_CLIENT_CONFIRMATION_OK"
20164,10405163844,10405163879,1,"IOTHUB_CLIENT_CONFIRMATION_OK"
20165,10405164044,10405164074,1,"IOTHUB_CLIENT_CONFIRMATION_OK"
20166,10405164244,10405164277,1,"IOTHUB_CLIENT_CONFIRMATION_OK"
20167,10405164445,10405164496,1,"IOTHUB_CLIENT_CONFIRMATION_OK"
20168,10405164645,10405164683,1,"IOTHUB_CLIENT_CONFIRMATION_OK"
20169,10405164845,10405164901,1,"IOTHUB_CLIENT_CONFIRMATION_OK"
20170,10405165045,10405165079,1,"IOTHUB_CLIENT_CONFIRMATION_OK"
20171,10405165245,10405165291,1,"IOTHUB_CLIENT_CONFIRMATION_OK"
20172,10405165445,10405165484,1,"IOTHUB_CLIENT_CONFIRMATION_OK"
20173,10405165646,10405165680,1,"IOTHUB_CLIENT_CONFIRMATION_OK"
20174,10405165846,10405165923,1,"IOTHUB_CLIENT_CONFIRMATION_OK"
20175,10405166046,10405166099,1,"IOTHUB_CLIENT_CONFIRMATION_OK"
20176,10405166246,10405166275,1,"IOTHUB_CLIENT_CONFIRMATION_OK"
20177,10405166446,10405166482,1,"IOTHUB_CLIENT_CONFIRMATION_OK"
20178,10405166646,10405166743,1,"IOTHUB_CLIENT_CONFIRMATION_OK"
20179,10405166847,10405166884,1,"IOTHUB_CLIENT_CONFIRMATION_OK"
20180,10405167047,10405167077,1,"IOTHUB_CLIENT_CONFIRMATION_OK"
20181,10405167247,10405167278,1,"IOTHUB_CLIENT_CONFIRMATION_OK"
20182,10405167447,10405167491,1,"IOTHUB_CLIENT_CONFIRMATION_OK"
20183,10405167647,10405167740,1,"IOTHUB_CLIENT_CONFIRMATION_OK"
20184,10405167847,10405167879,1,"IOTHUB_CLIENT_CONFIRMATION_OK"
20185,10405168048,10405168081,1,"IOTHUB_CLIENT_CONFIRMATION_OK"
20186,10405168248,10405168353,1,"IOTHUB_CLIENT_CONFIRMATION_OK"
20187,10405168448,10405168478,1,"IOTHUB_CLIENT_CONFIRMATION_OK"
20188,10405168648,10405168680,1,"IOTHUB_CLIENT_CONFIRMATION_OK"
20189,10405168848,10405168969,1,"IOTHUB_CLIENT_CONFIRMATION_OK"
20190,10405169048,10405169078,1,"IOTHUB_CLIENT_CONFIRMATION_OK"
20191,10405169249,10405169303,1,"IOTHUB_CLIENT_CONFIRMATION_OK"
20192,10405169449,10405169479,1,"IOTHUB_CLIENT_CONFIRMATION_OK"
20193,10405169649,10405169681,1,"IOTHUB_CLIENT_CONFIRMATION_OK"
20194,10405169849,10405169884,1,"IOTHUB_CLIENT_CONFIRMATION_OK"
20195,10405170049,10405170082,1,"IOTHUB_CLIENT_CONFIRMATION_OK"
20196,10405170249,10405170281,1,"IOTHUB_CLIENT_CONFIRMATION_OK"
20197,10405170450,10405170604,1,"IOTHUB_CLIENT_CONFIRMATION_OK"
20198,10405170650,10405170683,1,"IOTHUB_CLIENT_CONFIRMATION_OK"
20199,10405170850,10405170896,1,"IOTHUB_CLIENT_CONFIRMATION_OK"
20200,10405171050,10405171230,1,"IOTHUB_CLIENT_CONFIRMATION_OK"
20201,10405171250,10405171297,1,"IOTHUB_CLIENT_CONFIRMATION_OK"
20202,10405171450,10405171575,1,"IOTHUB_CLIENT_CONFIRMATION_OK"
20203,10405171650,10405171787,1,"IOTHUB_CLIENT_CONFIRMATION_OK"
20204,10405171851,10405171903,1,"IOTHUB_CLIENT_CONFIRMATION_OK"
20205,10405172051,10405172100,1,"IOTHUB_CLIENT_CONFIRMATION_OK"
20206,10405172251,10405172291,1,"IOTHUB_CLIENT_CONFIRMATION_OK"
20207,10405172451,10405172490,1,"IOTHUB_CLIENT_CONFIRMATION_OK"
20208,10405172651,10405172685,1,"IOTHUB_CLIENT_CONFIRMATION_OK"
20209,10405172851,10405172902,1,"IOTHUB_CLIENT_CONFIRMATION_OK"
20210,10405173052,10405173096,1,"IOTHUB_CLIENT_CONFIRMATION_OK"
20211,10405173252,10405173473,1,"IOTHUB_CLIENT_CONFIRMATION_OK"
20212,10405173452,10405173494,1,"IOTHUB_CLIENT_CONFIRMATION_OK"
20213,10405173652,10405173700,1,"IOTHUB_CLIENT_CONFIRMATION_OK"
20214,10405173852,10405173892,1,"IOTHUB_CLIENT_CONFIRMATION_OK"
20215,10405174053,10405174093,1,"IOTHUB_CLIENT_CONFIRMATION_OK"
20216,10405174253,10405174394,1,"IOTHUB_CLIENT_CONFIRMATION_OK"
20217,10405174453,10405174508,1,"IOTHUB_CLIENT_CONFIRMATION_OK"
20218,10405174653,10405174689,1,"IOTHUB_CLIENT_CONFIRMATION_OK"
20219,10405174853,10405174895,1,"IOTHUB_CLIENT_CONFIRMATION_OK"
20220,10405175053,10405175116,1,"IOTHUB_CLIENT_CONFIRMATION_OK"
20221,10405175253,10405175288,1,"IOTHUB_CLIENT_CONFIRMATION_OK"
20222,10405175454,10405175488,1,"IOTHUB_CLIENT_CONFIRMATION_OK"
20223,10405175654,10405175692,1,"IOTHUB_CLIENT_CONFIRMATION_OK"
20224,10405175854,10405175896,1,"IOTHUB_CLIENT_CONFIRMATION_OK"
20225,10405176054,10405176142,1,"IOTHUB_CLIENT_CONFIRMATION_OK"
20226,10405176254,10405176289,1,"IOTHUB_CLIENT_CONFIRMATION_OK"
20227,10405176454,10405176485,1,"IOTHUB_CLIENT_CONFIRMATION_OK"
20228,10405176655,10405176736,1,"IOTHUB_CLIENT_CONFIRMATION_OK"
20229,10405176855,10405176889,1,"IOTHUB_CLIENT_CONFIRMATION_OK"
20230,10405177055,10405177099,1,"IOTHUB_CLIENT_CONFIRMATION_OK"
20231,10405177255,10405177386,1,"IOTHUB_CLIENT_CONFIRMATION_OK"
20232,10405177455,10405177489,1,"IOTHUB_CLIENT_CONFIRMATION_OK"
20233,10405177655,10405177691,1,"IOTHUB_CLIENT_CONFIRMATION_OK"
20234,10405177856,10405177909,1,"IOTHUB_CLIENT_CONFIRMATION_OK"
20235,10405178056,10405178086,1,"IOTHUB_CLIENT_CONFIRMATION_OK"
20236,10405178256,10405178301,1,"IOTHUB_CLIENT_CONFIRMATION_OK"
20237,10405178456,10405178503,1,"IOTHUB_CLIENT_CONFIRMATION_OK"
20238,10405178656,10405178687,1,"IOTHUB_CLIENT_CONFIRMATION_OK"
20239,10405178856,10405178887,1,"IOTHUB_CLIENT_CONFIRMATION_OK"
20240,10405179057,10405179095,1,"IOTHUB_CLIENT_CONFIRMATION_OK"
20241,10405179257,10405179291,1,"IOTHUB_CLIENT_CONFIRMATION_OK"
20242,10405179457,10405179640,1,"IOTHUB_CLIENT_CONFIRMATION_OK"
20243,10405179657,10405179692,1,"IOTHUB_CLIENT_CONFIRMATION_OK"
20244,10405179857,10405179895,1,"IOTHUB_CLIENT_CONFIRMATION_OK"
20245,10405180057,10405180146,1,"IOTHUB_CLIENT_CONFIRMATION_OK"
20246,10405180258,10405180324,1,"IOTHUB_CLIENT_CONFIRMATION_OK"
20247,10405180458,10405180502,1,"IOTHUB_CLIENT_CONFIRMATION_OK"
20248,10405180658,10405180688,1,"IOTHUB_CLIENT_CONFIRMATION_OK"
20249,10405180858,10405180890,1,"IOTHUB_CLIENT_CONFIRMATION_OK"
20250,10405181058,10405181096,1,"IOTHUB_CLIENT_CONFIRMATION_OK"
20251,10405181258,10405181310,1,"IOTHUB_CLIENT_CONFIRMATION_OK"
20252,10405181458,10405181488,1,"IOTHUB_CLIENT_CONFIRMATION_OK"
20253,10405181659,10405181698,1,"IOTHUB_CLIENT_CONFIRMATION_OK"
20254,10405181859,10405181913,1,"IOTHUB_CLIENT_CONFIRMATION_OK"
20255,10405182059,10405182106,1,"IOTHUB_CLIENT_CONFIRMATION_OK"
20256,10405182259,10405182293,1,"IOTHUB_CLIENT_CONFIRMATION_OK"
20257,10405182459,10405182496,1,"IOTHUB_CLIENT_CONFIRMATION_OK"
20258,10405182659,10405182691,1,"IOTHUB_CLIENT_CONFIRMATION_OK"
20259,10405182859,10405182895,1,"IOTHUB_CLIENT_CONFIRMATION_OK"
20260,10405183060,10405183099,1,"IOTHUB_CLIENT_CONFIRMATION_OK"
20261,10405183260,10405183293,1,"IOTHUB_CLIENT_CONFIRMATION_OK"
20262,10405183460,10405183514,1,"IOTHUB_CLIENT_CONFIRMATION_OK"
20263,10405183660,10405183695,1,"IOTHUB_CLIENT_CONFIRMATION_OK"
20264,10405183860,10405183903,1,"IOTHUB_CLIENT_CONFIRMATION_OK"
20265,10405184060,10405184127,1,"IOTHUB_CLIENT_CONFIRMATION_OK"
20266,10405184261,10405184294,1,"IOTHUB_CLIENT_CONFIRMATION_OK"
20267,10405184461,10405184496,1,"IOTHUB_CLIENT_CONFIRMATION_OK"
20268,10405184661,10405184695,1,"IOTHUB_CLIENT_CONFIRMATION_OK"
20269,10405184861,10405184900,1,"IOTHUB_CLIENT_CONFIRMATION_OK"
20270,10405185061,10405185127,1,"IOTHUB_CLIENT_CONFIRMATION_OK"
20271,10405185261,10405185313,1,"IOTHUB_CLIENT_CONFIRMATION_OK"
20272,10405185462,10405185495,1,"IOTHUB_CLIENT_CONFIRMATION_OK"
20273,10405185662,10405185738,1,"IOTHUB_CLIENT_CONFIRMATION_OK"
20274,10405185862,10405185997,1,"IOTHUB_CLIENT_CONFIRMATION_OK"
20275,10405186062,10405186102,1,"IOTHUB_CLIENT_CONFIRMATION_OK"
20276,10405186262,10405186307,1,"IOTHUB_CLIENT_CONFIRMATION_OK"
20277,10405186462,10405186492,1,"IOTHUB_CLIENT_CONFIRMATION_OK"
20278,10405186663,10405186698,1,"IOTHUB_CLIENT_CONFIRMATION_OK"
20279,10405186863,10405186906,1,"IOTHUB_CLIENT_CONFIRMATION_OK"
20280,10405187063,10405187103,1,"IOTHUB_CLIENT_CONFIRMATION_OK"
20281,10405187263,10405187301,1,"IOTHUB_CLIENT_CONFIRMATION_OK"
20282,10405187463,10405187506,1,"IOTHUB_CLIENT_CONFIRMATION_OK"
20283,10405187663,10405187701,1,"IOTHUB_CLIENT_CONFIRMATION_OK"
20284,10405187863,10405188124,1,"IOTHUB_CLIENT_CONFIRMATION_OK"
20285,10405188064,10405188179,1,"IOTHUB_CLIENT_CONFIRMATION_OK"
20286,10405188264,10405188294,1,"IOTHUB_CLIENT_CONFIRMATION_OK"
20287,10405188464,10405188505,1,"IOTHUB_CLIENT_CONFIRMATION_OK"
20288,10405188664,10405188694,1,"IOTHUB_CLIENT_CONFIRMATION_OK"
20289,10405188864,10405188895,1,"IOTHUB_CLIENT_CONFIRMATION_OK"
20290,10405189064,10405189125,1,"IOTHUB_CLIENT_CONFIRMATION_OK"
20291,10405189265,10405189303,1,"IOTHUB_CLIENT_CONFIRMATION_OK"
20292,10405189465,10405189499,1,"IOTHUB_CLIENT_CONFIRMATION_OK"
20293,10405189665,10405189848,1,"IOTHUB_CLIENT_CONFIRMATION_OK"
20294,10405189865,10405189904,1,"IOTHUB_CLIENT_CONFIRMATION_OK"
20295,10405190065,10405190110,1,"IOTHUB_CLIENT_CONFIRMATION_OK"
20296,10405190265,10405190322,1,"IOTHUB_CLIENT_CONFIRMATION_OK"
20297,10405190465,10405190502,1,"IOTHUB_CLIENT_CONFIRMATION_OK"
20298,10405190666,10405190741,1,"IOTHUB_CLIENT_CONFIRMATION_OK"
20299,10405190866,10405190911,1,"IOTHUB_CLIENT_CONFIRMATION_OK"
20300,10405191066,10405191102,1,"IOTHUB_CLIENT_CONFIRMATION_OK"
20301,10405191266,10405191347,1,"IOTHUB_CLIENT_CONFIRMATION_OK"
20302,10405191466,10405191511,1,"IOTHUB_CLIENT_CONFIRMATION_OK"
20303,10405191666,10405191709,1,"IOTHUB_CLIENT_CONFIRMATION_OK"
20304,10405191867,10405191967,1,"IOTHUB_CLIENT_CONFIRMATION_OK"
20305,10405192067,10405192124,1,"IOTHUB_CLIENT_CONFIRMATION_OK"
20306,10405192267,10405192320,1,"IOTHUB_CLIENT_CONFIRMATION_OK"
20307,10405192467,10405192501,1,"IOTHUB_CLIENT_CONFIRMATION_OK"
20308,10405192667,10405192699,1,"IOTHUB_CLIENT_CONFIRMATION_OK"
20309,10405192867,10405192899,1,"IOTHUB_CLIENT_CONFIRMATION_OK"
20310,10405193068,10405193098,1,"IOTHUB_CLIENT_CONFIRMATION_OK"
20311,10405193268,10405193334,1,"IOTHUB_CLIENT_CONFIRMATION_OK"
20312,10405193468,10405193579,1,"IOTHUB_CLIENT_CONFIRMATION_OK"
20313,10405193668,10405193732,1,"IOTHUB_CLIENT_CONFIRMATION_OK"
20314,10405193868,10405193900,1,"IOTHUB_CLIENT_CONFIRMATION_OK"
20315,10405194068,10405194192,1,"IOTHUB_CLIENT_CONFIRMATION_OK"
20316,10405194269,10405194300,1,"IOTHUB_CLIENT_CONFIRMATION_OK"
20317,10405194469,10405194507,1,"IOTHUB_CLIENT_CONFIRMATION_OK"
20318,10405194669,10405194703,1,"IOTHUB_CLIENT_CONFIRMATION_OK"
20319,10405194869,10405194913,1,"IOTHUB_CLIENT_CONFIRMATION_OK"
20320,10405195069,10405195109,1,"IOTHUB_CLIENT_CONFIRMATION_OK"
20321,10405195269,10405195315,1,"IOTHUB_CLIENT_CONFIRMATION_OK"
20322,10405195469,10405195500,1,"IOTHUB_CLIENT_CONFIRMATION_OK"
20323,10405195670,10405195699,1,"IOTHUB_CLIENT_CONFIRMATION_OK"
20324,10405195870,10405195907,1,"IOTHUB_CLIENT_CONFIRMATION_OK"
20325,10405196070,10405196105,1,"IOTHUB_CLIENT_CONFIRMATION_OK"
20326,10405196270,10405196488,1,"IOTHUB_CLIENT_CONFIRMATION_OK"
20327,10405196470,10405196503,1,"IOTHUB_CLIENT_CONFIRMATION_OK"
20328,10405196671,10405196713,1,"IOTHUB_CLIENT_CONFIRMATION_OK"
20329,10405196871,10405196916,1,"IOTHUB_CLIENT_CONFIRMATION_OK"
20330,10405197071,10405197113,1,"IOTHUB_CLIENT_CONFIRMATION_OK"
20331,10405197271,10405197303,1,"IOTHUB_CLIENT_CONFIRMATION_OK"
20332,10405197471,10405197506,1,"IOTHUB_CLIENT_CONFIRMATION_OK"
20333,10405197671,10405197703,1,"IOTHUB_CLIENT_CONFIRMATION_OK"
20334,10405197871,10405197911,1,"IOTHUB_CLIENT_CONFIRMATION_OK"
20335,10405198072,10405198114,1,"IOTHUB_CLIENT_CONFIRMATION_OK"
20336,10405198272,10405198312,1,"IOTHUB_CLIENT_CONFIRMATION_OK"
20337,10405198472,10405198514,1,"IOTHUB_CLIENT_CONFIRMATION_OK"
20338,10405198672,10405198719,1,"IOTHUB_CLIENT_CONFIRMATION_OK"
20339,10405198872,10405198917,1,"IOTHUB_CLIENT_CONFIRMATION_OK"
20340,10405199072,10405199113,1,"IOTHUB_CLIENT_CONFIRMATION_OK"
20341,10405199273,10405199309,1,"IOTHUB_CLIENT_CONFIRMATION_OK"
20342,10405199473,10405199507,1,"IOTHUB_CLIENT_CONFIRMATION_OK"
20343,10405199673,10405199733,1,"IOTHUB_CLIENT_CONFIRMATION_OK"
20344,10405199873,10405199908,1,"IOTHUB_CLIENT_CONFIRMATION_OK"
20345,10405200073,10405200107,1,"IOTHUB_CLIENT_CONFIRMATION_OK"
20346,10405200273,10405200334,1,"IOTHUB_CLIENT_CONFIRMATION_OK"
20347,10405200473,10405200508,1,"IOTHUB_CLIENT_CONFIRMATION_OK"
20348,10405200674,10405200754,1,"IOTHUB_CLIENT_CONFIRMATION_OK"
20349,10405200874,10405200953,1,"IOTHUB_CLIENT_CONFIRMATION_OK"
20350,10405201074,10405201117,1,"IOTHUB_CLIENT_CONFIRMATION_OK"
20351,10405201274,10405201314,1,"IOTHUB_CLIENT_CONFIRMATION_OK"
20352,10405201474,10405201509,1,"IOTHUB_CLIENT_CONFIRMATION_OK"
20353,10405201675,10405201704,1,"IOTHUB_CLIENT_CONFIRMATION_OK"
20354,10405201875,10405201947,1,"IOTHUB_CLIENT_CONFIRMATION_OK"
20355,10405202075,10405202103,1,"IOTHUB_CLIENT_CONFIRMATION_OK"
20356,10405202275,10405202308,1,"IOTHUB_CLIENT_CONFIRMATION_OK"
20357,10405202475,10405202578,1,"IOTHUB_CLIENT_CONFIRMATION_OK"
20358,10405202675,10405202727,1,"IOTHUB_CLIENT_CONFIRMATION_OK"
20359,10405202875,10405202921,1,"IOTHUB_CLIENT_CONFIRMATION_OK"
20360,10405203076,10405203189,1,"IOTHUB_CLIENT_CONFIRMATION_OK"
20361,10405203276,10405203308,1,"IOTHUB_CLIENT_CONFIRMATION_OK"
20362,10405203476,10405203511,1,"IOTHUB_CLIENT_CONFIRMATION_OK"
20363,10405203676,10405203876,1,"IOTHUB_CLIENT_CONFIRMATION_OK"
20364,10405203876,10405203947,1,"IOTHUB_CLIENT_CONFIRMATION_OK"
20365,10405204076,10405204106,1,"IOTHUB_CLIENT_CONFIRMATION_OK"
20366,10405204277,10405204307,1,"IOTHUB_CLIENT_CONFIRMATION_OK"
20367,10405204477,10405204509,1,"IOTHUB_CLIENT_CONFIRMATION_OK"
20368,10405204677,10405204864,1,"IOTHUB_CLIENT_CONFIRMATION_OK"
20369,10405204877,10405204909,1,"IOTHUB_CLIENT_CONFIRMATION_OK"
20370,10405205077,10405205117,1,"IOTHUB_CLIENT_CONFIRMATION_OK"
20371,10405205277,10405205403,1,"IOTHUB_CLIENT_CONFIRMATION_OK"
20372,10405205478,10405205509,1,"IOTHUB_CLIENT_CONFIRMATION_OK"
20373,10405205678,10405205707,1,"IOTHUB_CLIENT_CONFIRMATION_OK"
20374,10405205878,10405206038,1,"IOTHUB_CLIENT_CONFIRMATION_OK"
20375,10405206078,10405206117,1,"IOTHUB_CLIENT_CONFIRMATION_OK"
20376,10405206278,10405206312,1,"IOTHUB_CLIENT_CONFIRMATION_OK"
20377,10405206478,10405206519,1,"IOTHUB_CLIENT_CONFIRMATION_OK"
20378,10405206678,10405206710,1,"IOTHUB_CLIENT_CONFIRMATION_OK"
20379,10405206879,10405206933,1,"IOTHUB_CLIENT_CONFIRMATION_OK"
20380,10405207079,10405207113,1,"IOTHUB_CLIENT_CONFIRMATION_OK"
20381,10405207279,10405207318,1,"IOTHUB_CLIENT_CONFIRMATION_OK"
20382,10405207479,10405207673,1,"IOTHUB_CLIENT_CONFIRMATION_OK"
20383,10405207679,10405207731,1,"IOTHUB_CLIENT_CONFIRMATION_OK"
20384,10405207879,10405207912,1,"IOTHUB_CLIENT_CONFIRMATION_OK"
20385,10405208080,10405208283,1,"IOTHUB_CLIENT_CONFIRMATION_OK"
20386,10405208280,10405208323,1,"IOTHUB_CLIENT_CONFIRMATION_OK"
20387,10405208480,10405208510,1,"IOTHUB_CLIENT_CONFIRMATION_OK"
20388,10405208680,10405208786,1,"IOTHUB_CLIENT_CONFIRMATION_OK"
20389,10405208880,10405208922,1,"IOTHUB_CLIENT_CONFIRMATION_OK"
20390,10405209080,10405209122,1,"IOTHUB_CLIENT_CONFIRMATION_OK"
20391,10405209281,10405209356,1,"IOTHUB_CLIENT_CONFIRMATION_OK"
20392,10405209481,10405209517,1,"IOTHUB_CLIENT_CONFIRMATION_OK"
20393,10405209681,10405209729,1,"IOTHUB_CLIENT_CONFIRMATION_OK"
20394,10405209881,10405209925,1,"IOTHUB_CLIENT_CONFIRMATION_OK"
20395,10405210081,10405210125,1,"IOTHUB_CLIENT_CONFIRMATION_OK"
20396,10405210281,10405210355,1,"IOTHUB_CLIENT_CONFIRMATION_OK"
20397,10405210481,10405210525,1,"IOTHUB_CLIENT_CONFIRMATION_OK"
20398,10405210682,10405210733,1,"IOTHUB_CLIENT_CONFIRMATION_OK"
20399,10405210882,10405210980,1,"IOTHUB_CLIENT_CONFIRMATION_OK"
20400,10405211082,10405211139,1,"IOTHUB_CLIENT_CONFIRMATION_OK"
20401,10405211282,10405211322,1,"IOTHUB_CLIENT_CONFIRMATION_OK"
20402,10405211482,10405211591,1,"IOTHUB_CLIENT_CONFIRMATION_OK"
20403,10405211683,10405211727,1,"IOTHUB_CLIENT_CONFIRMATION_OK"
20404,10405211883,10405211930,1,"IOTHUB_CLIENT_CONFIRMATION_OK"
20405,10405212083,10405212218,1,"IOTHUB_CLIENT_CONFIRMATION_OK"
20406,10405212283,10405212342,1,"IOTHUB_CLIENT_CONFIRMATION_OK"
20407,10405212483,10405212523,1,"IOTHUB_CLIENT_CONFIRMATION_OK"
20408,10405212683,10405212725,1,"IOTHUB_CLIENT_CONFIRMATION_OK"
20409,10405212883,10405212918,1,"IOTHUB_CLIENT_CONFIRMATION_OK"
20410,10405213084,10405213118,1,"IOTHUB_CLIENT_CONFIRMATION_OK"
20411,10405213284,10405213317,1,"IOTHUB_CLIENT_CONFIRMATION_OK"
20412,10405213484,10405213525,1,"IOTHUB_CLIENT_CONFIRMATION_OK"
20413,10405213684,10405213835,1,"IOTHUB_CLIENT_CONFIRMATION_OK"
20414,10405213884,10405213941,1,"IOTHUB_CLIENT_CONFIRMATION_OK"
20415,10405214084,10405214122,1,"IOTHUB_CLIENT_CONFIRMATION_OK"
20416,10405214285,10405214446,1,"IOTHUB_CLIENT_CONFIRMATION_OK"
20417,10405214485,10405214539,1,"IOTHUB_CLIENT_CONFIRMATION_OK"
20418,10405214685,10405214716,1,"IOTHUB_CLIENT_CONFIRMATION_OK"
20419,10405214885,10405214927,1,"IOTHUB_CLIENT_CONFIRMATION_OK"
20420,10405215085,10405215136,1,"IOTHUB_CLIENT_CONFIRMATION_OK"
20421,10405215285,10405215323,1,"IOTHUB_CLIENT_CONFIRMATION_OK"
20422,10405215486,10405215527,1,"IOTHUB_CLIENT_CONFIRMATION_OK"
20423,10405215688,10405215738,1,"IOTHUB_CLIENT_CONFIRMATION_OK"
20424,10405215888,10405215932,1,"IOTHUB_CLIENT_CONFIRMATION_OK"
20425,10405216088,10405216154,1,"IOTHUB_CLIENT_CONFIRMATION_OK"
20426,10405216288,10405216337,1,"IOTHUB_CLIENT_CONFIRMATION_OK"
20427,10405216488,10405216564,1,"IOTHUB_CLIENT_CONFIRMATION_OK"
20428,10405216689,10405216726,1,"IOTHUB_CLIENT_CONFIRMATION_OK"
20429,10405216889,10405216927,1,"IOTHUB_CLIENT_CONFIRMATION_OK"
20430,10405217089,10405217159,1,"IOTHUB_CLIENT_CONFIRMATION_OK"
20431,10405217289,10405217331,1,"IOTHUB_CLIENT_CONFIRMATION_OK"
20432,10405217489,10405217544,1,"IOTHUB_CLIENT_CONFIRMATION_OK"
20433,10405217689,10405217765,1,"IOTHUB_CLIENT_CONFIRMATION_OK"
20434,10405217890,10405217925,1,"IOTHUB_CLIENT_CONFIRMATION_OK"
20435,10405218090,10405218124,1,"IOTHUB_CLIENT_CONFIRMATION_OK"
20436,10405218290,10405218361,1,"IOTHUB_CLIENT_CONFIRMATION_OK"
20437,10405218490,10405218541,1,"IOTHUB_CLIENT_CONFIRMATION_OK"
20438,10405218690,10405218735,1,"IOTHUB_CLIENT_CONFIRMATION_OK"
20439,10405218890,10405218932,1,"IOTHUB_CLIENT_CONFIRMATION_OK"
20440,10405219091,10405219134,1,"IOTHUB_CLIENT_CONFIRMATION_OK"
20441,10405219291,10405219401,1,"IOTHUB_CLIENT_CONFIRMATION_OK"
20442,10405219491,10405219538,1,"IOTHUB_CLIENT_CONFIRMATION_OK"
20443,10405219691,10405219731,1,"IOTHUB_CLIENT_CONFIRMATION_OK"
20444,10405219891,10405220032,1,"IOTHUB_CLIENT_CONFIRMATION_OK"
20445,10405220091,10405220133,1,"IOTHUB_CLIENT_CONFIRMATION_OK"
20446,10405220292,10405220333,1,"IOTHUB_CLIENT_CONFIRMATION_OK"
20447,10405220492,10405220531,1,"IOTHUB_CLIENT_CONFIRMATION_OK"
20448,10405220692,10405220732,1,"IOTHUB_CLIENT_CONFIRMATION_OK"
20449,10405220892,10405220946,1,"IOTHUB_CLIENT_CONFIRMATION_OK"
20450,10405221092,10405221131,1,"IOTHUB_CLIENT_CONFIRMATION_OK"
20451,10405221292,10405221335,1,"IOTHUB_CLIENT_CONFIRMATION_OK"
20452,10405221492,10405221531,1,"IOTHUB_CLIENT_CONFIRMATION_OK"
20453,10405221693,10405221732,1,"IOTHUB_CLIENT_CONFIRMATION_OK"
20454,10405221893,10405221944,1,"IOTHUB_CLIENT_CONFIRMATION_OK"
20455,10405222093,10405222272,1,"IOTHUB_CLIENT_CONFIRMATION_OK"
20456,10405222293,10405222333,1,"IOTHUB_CLIENT_CONFIRMATION_OK"
20457,10405222493,10405222544,1,"IOTHUB_CLIENT_CONFIRMATION_OK"
20458,10405222694,10405222749,1,"IOTHUB_CLIENT_CONFIRMATION_OK"
20459,10405222894,10405222945,1,"IOTHUB_CLIENT_CONFIRMATION_OK"
20460,10405223094,10405223135,1,"IOTHUB_CLIENT_CONFIRMATION_OK"
20461,10405223294,10405223388,1,"IOTHUB_CLIENT_CONFIRMATION_OK"
20462,10405223494,10405223535,1,"IOTHUB_CLIENT_CONFIRMATION_OK"
20463,10405223694,10405223748,1,"IOTHUB_CLIENT_CONFIRMATION_OK"
20464,10405223895,10405223933,1,"IOTHUB_CLIENT_CONFIRMATION_OK"
20465,10405224095,10405224130,1,"IOTHUB_CLIENT_CONFIRMATION_OK"
20466,10405224295,10405224333,1,"IOTHUB_CLIENT_CONFIRMATION_OK"
20467,10405224495,10405224533,1,"IOTHUB_CLIENT_CONFIRMATION_OK"
20468,10405224695,10405224736,1,"IOTHUB_CLIENT_CONFIRMATION_OK"
20469,10405224895,10405224934,1,"IOTHUB_CLIENT_CONFIRMATION_OK"
20470,10405225095,10405225135,1,"IOTHUB_CLIENT_CONFIRMATION_OK"
20471,10405225296,10405225340,1,"IOTHUB_CLIENT_CONFIRMATION_OK"
20472,10405225496,10405225614,1,"IOTHUB_CLIENT_CONFIRMATION_OK"
20473,10405225696,10405225739,1,"IOTHUB_CLIENT_CONFIRMATION_OK"
20474,10405225896,10405225934,1,"IOTHUB_CLIENT_CONFIRMATION_OK"
20475,10405226096,10405226247,1,"IOTHUB_CLIENT_CONFIRMATION_OK"
20476,10405226296,10405226340,1,"IOTHUB_CLIENT_CONFIRMATION_OK"
20477,10405226497,10405226537,1,"IOTHUB_CLIENT_CONFIRMATION_OK"
20478,10405226697,10405226739,1,"IOTHUB_CLIENT_CONFIRMATION_OK"
20479,10405226897,10405226940,1,"IOTHUB_CLIENT_CONFIRMATION_OK"
20480,10405227097,10405227136,1,"IOTHUB_CLIENT_CONFIRMATION_OK"
20481,10405227297,10405227344,1,"IOTHUB_CLIENT_CONFIRMATION_OK"
20482,10405227497,10405227540,1,"IOTHUB_CLIENT_CONFIRMATION_OK"
20483,10405227697,10405227871,1,"IOTHUB_CLIENT_CONFIRMATION_OK"
20484,10405227898,10405227933,1,"IOTHUB_CLIENT_CONFIRMATION_OK"
20485,10405228098,10405228148,1,"IOTHUB_CLIENT_CONFIRMATION_OK"
20486,10405228298,10405228338,1,"IOTHUB_CLIENT_CONFIRMATION_OK"
20487,10405228498,10405228534,1,"IOTHUB_CLIENT_CONFIRMATION_OK"
20488,10405228698,10405228746,1,"IOTHUB_CLIENT_CONFIRMATION_OK"
20489,10405228898,10405228943,1,"IOTHUB_CLIENT_CONFIRMATION_OK"
20490,10405229099,10405229140,1,"IOTHUB_CLIENT_CONFIRMATION_OK"
20491,10405229299,10405229358,1,"IOTHUB_CLIENT_CONFIRMATION_OK"
20492,10405229499,10405229539,1,"IOTHUB_CLIENT_CONFIRMATION_OK"
20493,10405229699,10405229736,1,"IOTHUB_CLIENT_CONFIRMATION_OK"
20494,10405229899,10405229940,1,"IOTHUB_CLIENT_CONFIRMATION_OK"
20495,10405230099,10405230138,1,"IOTHUB_CLIENT_CONFIRMATION_OK"
20496,10405230299,10405230340,1,"IOTHUB_CLIENT_CONFIRMATION_OK"
20497,10405230500,10405230540,1,"IOTHUB_CLIENT_CONFIRMATION_OK"
20498,10405230700,10405230740,1,"IOTHUB_CLIENT_CONFIRMATION_OK"
20499,10405230900,10405230944,1,"IOTHUB_CLIENT_CONFIRMATION_OK"
20500,10405231100,10405231217,1,"IOTHUB_CLIENT_CONFIRMATION_OK"
20501,10405231300,10405231348,1,"IOTHUB_CLIENT_CONFIRMATION_OK"
20502,10405231500,10405231539,1,"IOTHUB_CLIENT_CONFIRMATION_OK"
20503,10405231701,10405231842,1,"IOTHUB_CLIENT_CONFIRMATION_OK"
20504,10405231901,10405231943,1,"IOTHUB_CLIENT_CONFIRMATION_OK"
20505,10405232101,10405232143,1,"IOTHUB_CLIENT_CONFIRMATION_OK"
20506,10405232301,10405232346,1,"IOTHUB_CLIENT_CONFIRMATION_OK"
20507,10405232501,10405232598,1,"IOTHUB_CLIENT_CONFIRMATION_OK"
20508,10405232701,10405232740,1,"IOTHUB_CLIENT_CONFIRMATION_OK"
20509,10405232902,10405232950,1,"IOTHUB_CLIENT_CONFIRMATION_OK"
20510,10405233102,10405233139,1,"IOTHUB_CLIENT_CONFIRMATION_OK"
20511,10405233302,10405233465,1,"IOTHUB_CLIENT_CONFIRMATION_OK"
20512,10405233502,10405233540,1,"IOTHUB_CLIENT_CONFIRMATION_OK"
20513,10405233702,10405233744,1,"IOTHUB_CLIENT_CONFIRMATION_OK"
20514,10405233902,10405234094,1,"IOTHUB_CLIENT_CONFIRMATION_OK"
20515,10405234102,10405234146,1,"IOTHUB_CLIENT_CONFIRMATION_OK"
20516,10405234303,10405234349,1,"IOTHUB_CLIENT_CONFIRMATION_OK"
20517,10405234503,10405234541,1,"IOTHUB_CLIENT_CONFIRMATION_OK"
20518,10405234703,10405234745,1,"IOTHUB_CLIENT_CONFIRMATION_OK"
20519,10405234903,10405234939,1,"IOTHUB_CLIENT_CONFIRMATION_OK"
20520,10405235103,10405235148,1,"IOTHUB_CLIENT_CONFIRMATION_OK"
20521,10405235303,10405235349,1,"IOTHUB_CLIENT_CONFIRMATION_OK"
20522,10405235504,10405235552,1,"IOTHUB_CLIENT_CONFIRMATION_OK"
20523,10405235704,10405235771,1,"IOTHUB_CLIENT_CONFIRMATION_OK"
20524,10405235904,10405236017,1,"IOTHUB_CLIENT_CONFIRMATION_OK"
20525,10405236104,10405236257,1,"IOTHUB_CLIENT_CONFIRMATION_OK"
20526,10405236304,10405236346,1,"IOTHUB_CLIENT_CONFIRMATION_OK"
20527,10405236504,10405236546,1,"IOTHUB_CLIENT_CONFIRMATION_OK"
20528,10405236705,10405236828,1,"IOTHUB_CLIENT_CONFIRMATION_OK"
20529,10405236905,10405236946,1,"IOTHUB_CLIENT_CONFIRMATION_OK"
20530,10405237105,10405237143,1,"IOTHUB_CLIENT_CONFIRMATION_OK"
20531,10405237305,10405237442,1,"IOTHUB_CLIENT_CONFIRMATION_OK"
20532,10405237505,10405237584,1,"IOTHUB_CLIENT_CONFIRMATION_OK"
20533,10405237705,10405237745,1,"IOTHUB_CLIENT_CONFIRMATION_OK"
20534,10405237905,10405237947,1,"IOTHUB_CLIENT_CONFIRMATION_OK"
20535,10405238106,10405238156,1,"IOTHUB_CLIENT_CONFIRMATION_OK"
20536,10405238306,10405238343,1,"IOTHUB_CLIENT_CONFIRMATION_OK"
20537,10405238506,10405238554,1,"IOTHUB_CLIENT_CONFIRMATION_OK"
20538,10405238706,10405238746,1,"IOTHUB_CLIENT_CONFIRMATION_OK"
20539,10405238906,10405239068,1,"IOTHUB_CLIENT_CONFIRMATION_OK"
20540,10405239106,10405239141,1,"IOTHUB_CLIENT_CONFIRMATION_OK"
20541,10405239307,10405239355,1,"IOTHUB_CLIENT_CONFIRMATION_OK"
20542,10405239507,10405239677,1,"IOTHUB_CLIENT_CONFIRMATION_OK"
20543,10405239707,10405239743,1,"IOTHUB_CLIENT_CONFIRMATION_OK"
20544,10405239907,10405239955,1,"IOTHUB_CLIENT_CONFIRMATION_OK"
20545,10405240107,10405240146,1,"IOTHUB_CLIENT_CONFIRMATION_OK"
20546,10405240307,10405240359,1,"IOTHUB_CLIENT_CONFIRMATION_OK"
20547,10405240508,10405240600,1,"IOTHUB_CLIENT_CONFIRMATION_OK"
20548,10405240708,10405240753,1,"IOTHUB_CLIENT_CONFIRMATION_OK"
20549,10405240908,10405240952,1,"IOTHUB_CLIENT_CONFIRMATION_OK"
20550,10405241108,10405241161,1,"IOTHUB_CLIENT_CONFIRMATION_OK"
20551,10405241308,10405241345,1,"IOTHUB_CLIENT_CONFIRMATION_OK"
20552,10405241508,10405241548,1,"IOTHUB_CLIENT_CONFIRMATION_OK"
20553,10405241709,10405241750,1,"IOTHUB_CLIENT_CONFIRMATION_OK"
20554,10405241909,10405241946,1,"IOTHUB_CLIENT_CONFIRMATION_OK"
20555,10405242109,10405242149,1,"IOTHUB_CLIENT_CONFIRMATION_OK"
20556,10405242309,10405242364,1,"IOTHUB_CLIENT_CONFIRMATION_OK"
20557,10405242509,10405242549,1,"IOTHUB_CLIENT_CONFIRMATION_OK"
20558,10405242709,10405242761,1,"IOTHUB_CLIENT_CONFIRMATION_OK"
20559,10405242910,10405242972,1,"IOTHUB_CLIENT_CONFIRMATION_OK"
20560,10405243110,10405243146,1,"IOTHUB_CLIENT_CONFIRMATION_OK"
20561,10405243310,10405243352,1,"IOTHUB_CLIENT_CONFIRMATION_OK"
20562,10405243510,10405243625,1,"IOTHUB_CLIENT_CONFIRMATION_OK"
20563,10405243710,10405243765,1,"IOTHUB_CLIENT_CONFIRMATION_OK"
20564,10405243910,10405243985,1,"IOTHUB_CLIENT_CONFIRMATION_OK"
20565,10405244110,10405244148,1,"IOTHUB_CLIENT_CONFIRMATION_OK"
20566,10405244311,10405244366,1,"IOTHUB_CLIENT_CONFIRMATION_OK"
20567,10405244511,10405244550,1,"IOTHUB_CLIENT_CONFIRMATION_OK"
20568,10405244711,10405244752,1,"IOTHUB_CLIENT_CONFIRMATION_OK"
20569,10405244911,10405244945,1,"IOTHUB_CLIENT_CONFIRMATION_OK"
20570,10405245111,10405245244,1,"IOTHUB_CLIENT_CONFIRMATION_OK"
20571,10405245311,10405245355,1,"IOTHUB_CLIENT_CONFIRMATION_OK"
20572,10405245512,10405245549,1,"IOTHUB_CLIENT_CONFIRMATION_OK"
20573,10405245712,10405245863,1,"IOTHUB_CLIENT_CONFIRMATION_OK"
20574,10405245912,10405245955,1,"IOTHUB_CLIENT_CONFIRMATION_OK"
20575,10405246112,10405246157,1,"IOTHUB_CLIENT_CONFIRMATION_OK"
20576,10405246312,10405246367,1,"IOTHUB_CLIENT_CONFIRMATION_OK"
20577,10405246512,10405246557,1,"IOTHUB_CLIENT_CONFIRMATION_OK"
20578,10405246713,10405246761,1,"IOTHUB_CLIENT_CONFIRMATION_OK"
20579,10405246913,10405246963,1,"IOTHUB_CLIENT_CONFIRMATION_OK"
20580,10405247113,10405247151,1,"IOTHUB_CLIENT_CONFIRMATION_OK"
20581,10405247313,10405247363,1,"IOTHUB_CLIENT_CONFIRMATION_OK"
20582,10405247513,10405247567,1,"IOTHUB_CLIENT_CONFIRMATION_OK"
20583,10405247713,10405247762,1,"IOTHUB_CLIENT_CONFIRMATION_OK"
20584,10405247914,10405247961,1,"IOTHUB_CLIENT_CONFIRMATION_OK"
20585,10405248114,10405248156,1,"IOTHUB_CLIENT_CONFIRMATION_OK"
20586,10405248314,10405248357,1,"IOTHUB_CLIENT_CONFIRMATION_OK"
20587,10405248514,10405248621,1,"IOTHUB_CLIENT_CONFIRMATION_OK"
20588,10405248714,10405248755,1,"IOTHUB_CLIENT_CONFIRMATION_OK"
20589,10405248914,10405248958,1,"IOTHUB_CLIENT_CONFIRMATION_OK"
20590,10405249115,10405249151,1,"IOTHUB_CLIENT_CONFIRMATION_OK"
20591,10405249315,10405249357,1,"IOTHUB_CLIENT_CONFIRMATION_OK"
20592,10405249515,10405249552,1,"IOTHUB_CLIENT_CONFIRMATION_OK"
20593,10405249715,10405249793,1,"IOTHUB_CLIENT_CONFIRMATION_OK"
20594,10405249915,10405249988,1,"IOTHUB_CLIENT_CONFIRMATION_OK"
20595,10405250115,10405250152,1,"IOTHUB_CLIENT_CONFIRMATION_OK"
20596,10405250316,10405250372,1,"IOTHUB_CLIENT_CONFIRMATION_OK"
20597,10405250516,10405250556,1,"IOTHUB_CLIENT_CONFIRMATION_OK"
20598,10405250716,10405250906,1,"IOTHUB_CLIENT_CONFIRMATION_OK"
20599,10405250916,10405250956,1,"IOTHUB_CLIENT_CONFIRMATION_OK"
20600,10405251116,10405251154,1,"IOTHUB_CLIENT_CONFIRMATION_OK"
20601,10405251316,10405251353,1,"IOTHUB_CLIENT_CONFIRMATION_OK"
20602,10405251517,10405251570,1,"IOTHUB_CLIENT_CONFIRMATION_OK"
20603,10405251717,10405251758,1,"IOTHUB_CLIENT_CONFIRMATION_OK"
20604,10405251917,10405251958,1,"IOTHUB_CLIENT_CONFIRMATION_OK"
20605,10405252117,10405252158,1,"IOTHUB_CLIENT_CONFIRMATION_OK"
20606,10405252317,10405252359,1,"IOTHUB_CLIENT_CONFIRMATION_OK"
20607,10405252517,10405252560,1,"IOTHUB_CLIENT_CONFIRMATION_OK"
20608,10405252717,10405252773,1,"IOTHUB_CLIENT_CONFIRMATION_OK"
20609,10405252918,10405252954,1,"IOTHUB_CLIENT_CONFIRMATION_OK"
20610,10405253118,10405253164,1,"IOTHUB_CLIENT_CONFIRMATION_OK"
20611,10405253318,10405253360,1,"IOTHUB_CLIENT_CONFIRMATION_OK"
20612,10405253518,10405253721,1,"IOTHUB_CLIENT_CONFIRMATION_OK"
20613,10405253718,10405254008,1,"IOTHUB_CLIENT_CONFIRMATION_OK"
20614,10405253918,10405254081,1,"IOTHUB_CLIENT_CONFIRMATION_OK"
20615,10405254119,10405254158,1,"IOTHUB_CLIENT_CONFIRMATION_OK"
20616,10405254319,10405254712,1,"IOTHUB_CLIENT_CONFIRMATION_OK"
20617,10405254519,10405254790,1,"IOTHUB_CLIENT_CONFIRMATION_OK"
20618,10405254719,10405254850,1,"IOTHUB_CLIENT_CONFIRMATION_OK"
20619,10405254919,10405254970,1,"IOTHUB_CLIENT_CONFIRMATION_OK"
20620,10405255119,10405255157,1,"IOTHUB_CLIENT_CONFIRMATION_OK"
20621,10405255320,10405255395,1,"IOTHUB_CLIENT_CONFIRMATION_OK"
20622,10405255520,10405255662,1,"IOTHUB_CLIENT_CONFIRMATION_OK"
20623,10405255720,10405255760,1,"IOTHUB_CLIENT_CONFIRMATION_OK"
20624,10405255920,10405255964,1,"IOTHUB_CLIENT_CONFIRMATION_OK"
20625,10405256120,10405256158,1,"IOTHUB_CLIENT_CONFIRMATION_OK"
20626,10405256320,10405256473,1,"IOTHUB_CLIENT_CONFIRMATION_OK"
20627,10405256521,10405256583,1,"IOTHUB_CLIENT_CONFIRMATION_OK"
20628,10405256721,10405256763,1,"IOTHUB_CLIENT_CONFIRMATION_OK"
20629,10405256921,10405257095,1,"IOTHUB_CLIENT_CONFIRMATION_OK"
20630,10405257121,10405257163,1,"IOTHUB_CLIENT_CONFIRMATION_OK"
20631,10405257321,10405257366,1,"IOTHUB_CLIENT_CONFIRMATION_OK"
20632,10405257521,10405257565,1,"IOTHUB_CLIENT_CONFIRMATION_OK"
20633,10405257722,10405257765,1,"IOTHUB_CLIENT_CONFIRMATION_OK"
20634,10405257922,10405257978,1,"IOTHUB_CLIENT_CONFIRMATION_OK"
20635,10405258122,10405258163,1,"IOTHUB_CLIENT_CONFIRMATION_OK"
20636,10405258322,10405258358,1,"IOTHUB_CLIENT_CONFIRMATION_OK"
20637,10405258522,10405258572,1,"IOTHUB_CLIENT_CONFIRMATION_OK"
20638,10405258722,10405258762,1,"IOTHUB_CLIENT_CONFIRMATION_OK"
20639,10405258923,10405258968,1,"IOTHUB_CLIENT_CONFIRMATION_OK"
20640,10405259123,10405259316,1,"IOTHUB_CLIENT_CONFIRMATION_OK"
20641,10405259323,10405259361,1,"IOTHUB_CLIENT_CONFIRMATION_OK"
20642,10405259523,10405259563,1,"IOTHUB_CLIENT_CONFIRMATION_OK"
20643,10405259723,10405259765,1,"IOTHUB_CLIENT_CONFIRMATION_OK"
20644,10405259923,10405259975,1,"IOTHUB_CLIENT_CONFIRMATION_OK"
20645,10405260123,10405260165,1,"IOTHUB_CLIENT_CONFIRMATION_OK"
20646,10405260324,10405260379,1,"IOTHUB_CLIENT_CONFIRMATION_OK"
20647,10405260524,10405260559,1,"IOTHUB_CLIENT_CONFIRMATION_OK"
20648,10405260724,10405260799,1,"IOTHUB_CLIENT_CONFIRMATION_OK"
20649,10405260924,10405260969,1,"IOTHUB_CLIENT_CONFIRMATION_OK"
20650,10405261124,10405261162,1,"IOTHUB_CLIENT_CONFIRMATION_OK"
20651,10405261324,10405261361,1,"IOTHUB_CLIENT_CONFIRMATION_OK"
20652,10405261525,10405261560,1,"IOTHUB_CLIENT_CONFIRMATION_OK"
20653,10405261725,10405261764,1,"IOTHUB_CLIENT_CONFIRMATION_OK"
20654,10405261925,10405261985,1,"IOTHUB_CLIENT_CONFIRMATION_OK"
20655,10405262125,10405262167,1,"IOTHUB_CLIENT_CONFIRMATION_OK"
20656,10405262325,10405262364,1,"IOTHUB_CLIENT_CONFIRMATION_OK"
20657,10405262525,10405262598,1,"IOTHUB_CLIENT_CONFIRMATION_OK"
20658,10405262726,10405262766,1,"IOTHUB_CLIENT_CONFIRMATION_OK"
20659,10405262926,10405262968,1,"IOTHUB_CLIENT_CONFIRMATION_OK"
20660,10405263126,10405263204,1,"IOTHUB_CLIENT_CONFIRMATION_OK"
20661,10405263326,10405263366,1,"IOTHUB_CLIENT_CONFIRMATION_OK"
20662,10405263526,10405263562,1,"IOTHUB_CLIENT_CONFIRMATION_OK"
20663,10405263726,10405263825,1,"IOTHUB_CLIENT_CONFIRMATION_OK"
20664,10405263927,10405263983,1,"IOTHUB_CLIENT_CONFIRMATION_OK"
20665,10405264127,10405264164,1,"IOTHUB_CLIENT_CONFIRMATION_OK"
20666,10405264327,10405264427,1,"IOTHUB_CLIENT_CONFIRMATION_OK"
20667,10405264527,10405264569,1,"IOTHUB_CLIENT_CONFIRMATION_OK"
20668,10405264727,10405264860,1,"IOTHUB_CLIENT_CONFIRMATION_OK"
20669,10405264927,10405264978,1,"IOTHUB_CLIENT_CONFIRMATION_OK"
20670,10405265128,10405265168,1,"IOTHUB_CLIENT_CONFIRMATION_OK"
20671,10405265328,10405265442,1,"IOTHUB_CLIENT_CONFIRMATION_OK"
20672,10405265528,10405265574,1,"IOTHUB_CLIENT_CONFIRMATION_OK"
20673,10405265728,10405265768,1,"IOTHUB_CLIENT_CONFIRMATION_OK"
20674,10405265928,10405266051,1,"IOTHUB_CLIENT_CONFIRMATION_OK"
20675,10405266128,10405266171,1,"IOTHUB_CLIENT_CONFIRMATION_OK"
20676,10405266329,10405266371,1,"IOTHUB_CLIENT_CONFIRMATION_OK"
20677,10405266529,10405266575,1,"IOTHUB_CLIENT_CONFIRMATION_OK"
20678,10405266729,10405266771,1,"IOTHUB_CLIENT_CONFIRMATION_OK"
20679,10405266929,10405266968,1,"IOTHUB_CLIENT_CONFIRMATION_OK"
20680,10405267129,10405267167,1,"IOTHUB_CLIENT_CONFIRMATION_OK"
20681,10405267329,10405267375,1,"IOTHUB_CLIENT_CONFIRMATION_OK"
20682,10405267530,10405267673,1,"IOTHUB_CLIENT_CONFIRMATION_OK"
20683,10405267730,10405267770,1,"IOTHUB_CLIENT_CONFIRMATION_OK"
20684,10405267930,10405267967,1,"IOTHUB_CLIENT_CONFIRMATION_OK"
20685,10405268130,10405268495,1,"IOTHUB_CLIENT_CONFIRMATION_OK"
20686,10405268330,10405268516,1,"IOTHUB_CLIENT_CONFIRMATION_OK"
20687,10405268530,10405268571,1,"IOTHUB_CLIENT_CONFIRMATION_OK"
20688,10405268730,10405268783,1,"IOTHUB_CLIENT_CONFIRMATION_OK"
20689,10405268931,10405268980,1,"IOTHUB_CLIENT_CONFIRMATION_OK"
20690,10405269131,10405269181,1,"IOTHUB_CLIENT_CONFIRMATION_OK"
20691,10405269331,10405269370,1,"IOTHUB_CLIENT_CONFIRMATION_OK"
20692,10405269531,10405269580,1,"IOTHUB_CLIENT_CONFIRMATION_OK"
20693,10405269731,10405269768,1,"IOTHUB_CLIENT_CONFIRMATION_OK"
20694,10405269931,10405269971,1,"IOTHUB_CLIENT_CONFIRMATION_OK"
20695,10405270132,10405270183,1,"IOTHUB_CLIENT_CONFIRMATION_OK"
20696,10405270332,10405270523,1,"IOTHUB_CLIENT_CONFIRMATION_OK"
20697,10405270532,10405270568,1,"IOTHUB_CLIENT_CONFIRMATION_OK"
20698,10405270732,10405270782,1,"IOTHUB_CLIENT_CONFIRMATION_OK"
20699,10405270932,10405271013,1,"IOTHUB_CLIENT_CONFIRMATION_OK"
20700,10405271132,10405271195,1,"IOTHUB_CLIENT_CONFIRMATION_OK"
20701,10405271333,10405271383,1,"IOTHUB_CLIENT_CONFIRMATION_OK"
20702,10405271533,10405271633,1,"IOTHUB_CLIENT_CONFIRMATION_OK"
20703,10405271733,10405271781,1,"IOTHUB_CLIENT_CONFIRMATION_OK"
20704,10405271933,10405271995,1,"IOTHUB_CLIENT_CONFIRMATION_OK"
20705,10405272133,10405272241,1,"IOTHUB_CLIENT_CONFIRMATION_OK"
20706,10405272333,10405272379,1,"IOTHUB_CLIENT_CONFIRMATION_OK"
20707,10405272533,10405272574,1,"IOTHUB_CLIENT_CONFIRMATION_OK"
20708,10405272734,10405272780,1,"IOTHUB_CLIENT_CONFIRMATION_OK"
20709,10405272934,10405272973,1,"IOTHUB_CLIENT_CONFIRMATION_OK"
20710,10405273134,10405273173,1,"IOTHUB_CLIENT_CONFIRMATION_OK"
20711,10405273334,10405273374,1,"IOTHUB_CLIENT_CONFIRMATION_OK"
20712,10405273534,10405273569,1,"IOTHUB_CLIENT_CONFIRMATION_OK"
20713,10405273734,10405273906,1,"IOTHUB_CLIENT_CONFIRMATION_OK"
20714,10405273935,10405273986,1,"IOTHUB_CLIENT_CONFIRMATION_OK"
20715,10405274135,10405274171,1,"IOTHUB_CLIENT_CONFIRMATION_OK"
20716,10405274335,10405274374,1,"IOTHUB_CLIENT_CONFIRMATION_OK"
20717,10405274535,10405274581,1,"IOTHUB_CLIENT_CONFIRMATION_OK"
20718,10405274735,10405274783,1,"IOTHUB_CLIENT_CONFIRMATION_OK"
20719,10405274935,10405274977,1,"IOTHUB_CLIENT_CONFIRMATION_OK"
20720,10405275136,10405275180,1,"IOTHUB_CLIENT_CONFIRMATION_OK"
20721,10405275336,10405275379,1,"IOTHUB_CLIENT_CONFIRMATION_OK"
20722,10405275536,10405275581,1,"IOTHUB_CLIENT_CONFIRMATION_OK"
20723,10405275736,10405275783,1,"IOTHUB_CLIENT_CONFIRMATION_OK"
20724,10405275936,10405275977,1,"IOTHUB_CLIENT_CONFIRMATION_OK"
20725,10405276136,10405276178,1,"IOTHUB_CLIENT_CONFIRMATION_OK"
20726,10405276336,10405276378,1,"IOTHUB_CLIENT_CONFIRMATION_OK"
20727,10405276537,10405276722,1,"IOTHUB_CLIENT_CONFIRMATION_OK"
20728,10405276737,10405276775,1,"IOTHUB_CLIENT_CONFIRMATION_OK"
20729,10405276937,10405277057,1,"IOTHUB_CLIENT_CONFIRMATION_OK"
20730,10405277137,10405277183,1,"IOTHUB_CLIENT_CONFIRMATION_OK"
20731,10405277337,10405277381,1,"IOTHUB_CLIENT_CONFIRMATION_OK"
20732,10405277537,10405277580,1,"IOTHUB_CLIENT_CONFIRMATION_OK"
20733,10405277737,10405277779,1,"IOTHUB_CLIENT_CONFIRMATION_OK"
20734,10405277938,10405278002,1,"IOTHUB_CLIENT_CONFIRMATION_OK"
20735,10405278138,10405278179,1,"IOTHUB_CLIENT_CONFIRMATION_OK"
20736,10405278338,10405278382,1,"IOTHUB_CLIENT_CONFIRMATION_OK"
20737,10405278538,10405278585,1,"IOTHUB_CLIENT_CONFIRMATION_OK"
20738,10405278738,10405278780,1,"IOTHUB_CLIENT_CONFIRMATION_OK"
20739,10405278938,10405278979,1,"IOTHUB_CLIENT_CONFIRMATION_OK"
20740,10405279139,10405279187,1,"IOTHUB_CLIENT_CONFIRMATION_OK"
20741,10405279339,10405279385,1,"IOTHUB_CLIENT_CONFIRMATION_OK"
20742,10405279539,10405279583,1,"IOTHUB_CLIENT_CONFIRMATION_OK"
20743,10405279739,10405279782,1,"IOTHUB_CLIENT_CONFIRMATION_OK"
20744,10405279939,10405279987,1,"IOTHUB_CLIENT_CONFIRMATION_OK"
20745,10405280139,10405280175,1,"IOTHUB_CLIENT_CONFIRMATION_OK"
20746,10405280339,10405280399,1,"IOTHUB_CLIENT_CONFIRMATION_OK"
20747,10405280540,10405280594,1,"IOTHUB_CLIENT_CONFIRMATION_OK"
20748,10405280740,10405280804,1,"IOTHUB_CLIENT_CONFIRMATION_OK"
20749,10405280940,10405280980,1,"IOTHUB_CLIENT_CONFIRMATION_OK"
20750,10405281140,10405281217,1,"IOTHUB_CLIENT_CONFIRMATION_OK"
20751,10405281340,10405281383,1,"IOTHUB_CLIENT_CONFIRMATION_OK"
20752,10405281540,10405281582,1,"IOTHUB_CLIENT_CONFIRMATION_OK"
20753,10405281741,10405281819,1,"IOTHUB_CLIENT_CONFIRMATION_OK"
20754,10405281941,10405281981,1,"IOTHUB_CLIENT_CONFIRMATION_OK"
20755,10405282141,10405282236,1,"IOTHUB_CLIENT_CONFIRMATION_OK"
20756,10405282341,10405282384,1,"IOTHUB_CLIENT_CONFIRMATION_OK"
20757,10405282541,10405282615,1,"IOTHUB_CLIENT_CONFIRMATION_OK"
20758,10405282741,10405282844,1,"IOTHUB_CLIENT_CONFIRMATION_OK"
20759,10405282941,10405282986,1,"IOTHUB_CLIENT_CONFIRMATION_OK"
20760,10405283142,10405283175,1,"IOTHUB_CLIENT_CONFIRMATION_OK"
20761,10405283342,10405283466,1,"IOTHUB_CLIENT_CONFIRMATION_OK"
20762,10405283542,10405283584,1,"IOTHUB_CLIENT_CONFIRMATION_OK"
20763,10405283742,10405283780,1,"IOTHUB_CLIENT_CONFIRMATION_OK"
20764,10405283942,10405283988,1,"IOTHUB_CLIENT_CONFIRMATION_OK"
20765,10405284142,10405284182,1,"IOTHUB_CLIENT_CONFIRMATION_OK"
20766,10405284343,10405284381,1,"IOTHUB_CLIENT_CONFIRMATION_OK"
20767,10405284543,10405284585,1,"IOTHUB_CLIENT_CONFIRMATION_OK"
20768,10405284743,10405284781,1,"IOTHUB_CLIENT_CONFIRMATION_OK"
20769,10405284943,10405285072,1,"IOTHUB_CLIENT_CONFIRMATION_OK"
20770,10405285143,10405285186,1,"IOTHUB_CLIENT_CONFIRMATION_OK"
20771,10405285343,10405285379,1,"IOTHUB_CLIENT_CONFIRMATION_OK"
20772,10405285544,10405285686,1,"IOTHUB_CLIENT_CONFIRMATION_OK"
20773,10405285744,10405285785,1,"IOTHUB_CLIENT_CONFIRMATION_OK"
20774,10405285944,10405285988,1,"IOTHUB_CLIENT_CONFIRMATION_OK"
20775,10405286144,10405286181,1,"IOTHUB_CLIENT_CONFIRMATION_OK"
20776,10405286344,10405286388,1,"IOTHUB_CLIENT_CONFIRMATION_OK"
20777,10405286544,10405286596,1,"IOTHUB_CLIENT_CONFIRMATION_OK"
20778,10405286745,10405286787,1,"IOTHUB_CLIENT_CONFIRMATION_OK"
20779,10405286945,10405286997,1,"IOTHUB_CLIENT_CONFIRMATION_OK"
20780,10405287145,10405287182,1,"IOTHUB_CLIENT_CONFIRMATION_OK"
20781,10405287345,10405287395,1,"IOTHUB_CLIENT_CONFIRMATION_OK"
20782,10405287545,10405287596,1,"IOTHUB_CLIENT_CONFIRMATION_OK"
20783,10405287745,10405287913,1,"IOTHUB_CLIENT_CONFIRMATION_OK"
20784,10405287946,10405287983,1,"IOTHUB_CLIENT_CONFIRMATION_OK"
20785,10405288146,10405288185,1,"IOTHUB_CLIENT_CONFIRMATION_OK"
20786,10405288346,10405288483,1,"IOTHUB_CLIENT_CONFIRMATION_OK"
20787,10405288546,10405288585,1,"IOTHUB_CLIENT_CONFIRMATION_OK"
20788,10405288746,10405288791,1,"IOTHUB_CLIENT_CONFIRMATION_OK"
20789,10405288946,10405288986,1,"IOTHUB_CLIENT_CONFIRMATION_OK"
20790,10405289146,10405289196,1,"IOTHUB_CLIENT_CONFIRMATION_OK"
20791,10405289347,10405289385,1,"IOTHUB_CLIENT_CONFIRMATION_OK"
20792,10405289547,10405289596,1,"IOTHUB_CLIENT_CONFIRMATION_OK"
20793,10405289747,10405289783,1,"IOTHUB_CLIENT_CONFIRMATION_OK"
20794,10405289947,10405289982,1,"IOTHUB_CLIENT_CONFIRMATION_OK"
20795,10405290147,10405290185,1,"IOTHUB_CLIENT_CONFIRMATION_OK"
20796,10405290347,10405290389,1,"IOTHUB_CLIENT_CONFIRMATION_OK"
20797,10405290548,10405290591,1,"IOTHUB_CLIENT_CONFIRMATION_OK"
20798,10405290748,10405290785,1,"IOTHUB_CLIENT_CONFIRMATION_OK"
20799,10405290948,10405290987,1,"IOTHUB_CLIENT_CONFIRMATION_OK"
20800,10405291148,10405291192,1,"IOTHUB_CLIENT_CONFIRMATION_OK"
20801,10405291348,10405291389,1,"IOTHUB_CLIENT_CONFIRMATION_OK"
20802,10405291548,10405291589,1,"IOTHUB_CLIENT_CONFIRMATION_OK"
20803,10405291748,10405291790,1,"IOTHUB_CLIENT_CONFIRMATION_OK"
20804,10405291949,10405291987,1,"IOTHUB_CLIENT_CONFIRMATION_OK"
20805,10405292149,10405292204,1,"IOTHUB_CLIENT_CONFIRMATION_OK"
20806,10405292349,10405292400,1,"IOTHUB_CLIENT_CONFIRMATION_OK"
20807,10405292549,10405292622,1,"IOTHUB_CLIENT_CONFIRMATION_OK"
20808,10405292749,10405292793,1,"IOTHUB_CLIENT_CONFIRMATION_OK"
20809,10405292949,10405293007,1,"IOTHUB_CLIENT_CONFIRMATION_OK"
20810,10405293150,10405293191,1,"IOTHUB_CLIENT_CONFIRMATION_OK"
20811,10405293350,10405293402,1,"IOTHUB_CLIENT_CONFIRMATION_OK"
20812,10405293550,10405293603,1,"IOTHUB_CLIENT_CONFIRMATION_OK"
20813,10405293750,10405293796,1,"IOTHUB_CLIENT_CONFIRMATION_OK"
20814,10405293950,10405294088,1,"IOTHUB_CLIENT_CONFIRMATION_OK"
20815,10405294150,10405294210,1,"IOTHUB_CLIENT_CONFIRMATION_OK"
20816,10405294351,10405294389,1,"IOTHUB_CLIENT_CONFIRMATION_OK"
20817,10405294551,10405294589,1,"IOTHUB_CLIENT_CONFIRMATION_OK"
20818,10405294751,10405294799,1,"IOTHUB_CLIENT_CONFIRMATION_OK"
20819,10405294951,10405295003,1,"IOTHUB_CLIENT_CONFIRMATION_OK"
20820,10405295151,10405295226,1,"IOTHUB_CLIENT_CONFIRMATION_OK"
20821,10405295351,10405295398,1,"IOTHUB_CLIENT_CONFIRMATION_OK"
20822,10405295552,10405295603,1,"IOTHUB_CLIENT_CONFIRMATION_OK"
20823,10405295752,10405295822,1,"IOTHUB_CLIENT_CONFIRMATION_OK"
20824,10405295952,10405295991,1,"IOTHUB_CLIENT_CONFIRMATION_OK"
20825,10405296152,10405296350,1,"IOTHUB_CLIENT_CONFIRMATION_OK"
20826,10405296352,10405296390,1,"IOTHUB_CLIENT_CONFIRMATION_OK"
20827,10405296552,10405296587,1,"IOTHUB_CLIENT_CONFIRMATION_OK"
20828,10405296753,10405296807,1,"IOTHUB_CLIENT_CONFIRMATION_OK"
20829,10405296953,10405296989,1,"IOTHUB_CLIENT_CONFIRMATION_OK"
20830,10405297153,10405297197,1,"IOTHUB_CLIENT_CONFIRMATION_OK"
20831,10405297353,10405297397,1,"IOTHUB_CLIENT_CONFIRMATION_OK"
20832,10405297553,10405297600,1,"IOTHUB_CLIENT_CONFIRMATION_OK"
20833,10405297753,10405297804,1,"IOTHUB_CLIENT_CONFIRMATION_OK"
20834,10405297954,10405297993,1,"IOTHUB_CLIENT_CONFIRMATION_OK"
20835,10405298154,10405298196,1,"IOTHUB_CLIENT_CONFIRMATION_OK"
20836,10405298354,10405298396,1,"IOTHUB_CLIENT_CONFIRMATION_OK"
20837,10405298554,10405298600,1,"IOTHUB_CLIENT_CONFIRMATION_OK"
20838,10405298754,10405298803,1,"IOTHUB_CLIENT_CONFIRMATION_OK"
20839,10405298954,10405298991,1,"IOTHUB_CLIENT_CONFIRMATION_OK"
20840,10405299154,10405299201,1,"IOTHUB_CLIENT_CONFIRMATION_OK"
20841,10405299355,10405299395,1,"IOTHUB_CLIENT_CONFIRMATION_OK"
20842,10405299555,10405299599,1,"IOTHUB_CLIENT_CONFIRMATION_OK"
20843,10405299755,10405299802,1,"IOTHUB_CLIENT_CONFIRMATION_OK"
20844,10405299955,10405299998,1,"IOTHUB_CLIENT_CONFIRMATION_OK"
20845,10405300155,10405300212,1,"IOTHUB_CLIENT_CONFIRMATION_OK"
20846,10405300355,10405300394,1,"IOTHUB_CLIENT_CONFIRMATION_OK"
20847,10405300555,10405300598,1,"IOTHUB_CLIENT_CONFIRMATION_OK"
20848,10405300756,10405300828,1,"IOTHUB_CLIENT_CONFIRMATION_OK"
20849,10405300956,10405300992,1,"IOTHUB_CLIENT_CONFIRMATION_OK"
20850,10405301156,10405301195,1,"IOTHUB_CLIENT_CONFIRMATION_OK"
20851,10405301356,10405301441,1,"IOTHUB_CLIENT_CONFIRMATION_OK"
20852,10405301556,10405301602,1,"IOTHUB_CLIENT_CONFIRMATION_OK"
20853,10405301756,10405301795,1,"IOTHUB_CLIENT_CONFIRMATION_OK"
20854,10405301956,10405301995,1,"IOTHUB_CLIENT_CONFIRMATION_OK"
20855,10405302157,10405302197,1,"IOTHUB_CLIENT_CONFIRMATION_OK"
20856,10405302357,10405302473,1,"IOTHUB_CLIENT_CONFIRMATION_OK"
20857,10405302557,10405302624,1,"IOTHUB_CLIENT_CONFIRMATION_OK"
20858,10405302757,10405302803,1,"IOTHUB_CLIENT_CONFIRMATION_OK"
20859,10405302957,10405303045,1,"IOTHUB_CLIENT_CONFIRMATION_OK"
20860,10405303157,10405303198,1,"IOTHUB_CLIENT_CONFIRMATION_OK"
20861,10405303358,10405303393,1,"IOTHUB_CLIENT_CONFIRMATION_OK"
20862,10405303558,10405303657,1,"IOTHUB_CLIENT_CONFIRMATION_OK"
20863,10405303758,10405303813,1,"IOTHUB_CLIENT_CONFIRMATION_OK"
20864,10405303958,10405303998,1,"IOTHUB_CLIENT_CONFIRMATION_OK"
20865,10405304158,10405304211,1,"IOTHUB_CLIENT_CONFIRMATION_OK"
20866,10405304358,10405304398,1,"IOTHUB_CLIENT_CONFIRMATION_OK"
20867,10405304558,10405304598,1,"IOTHUB_CLIENT_CONFIRMATION_OK"
20868,10405304759,10405304837,1,"IOTHUB_CLIENT_CONFIRMATION_OK"
20869,10405304959,10405304997,1,"IOTHUB_CLIENT_CONFIRMATION_OK"
20870,10405305159,10405305299,1,"IOTHUB_CLIENT_CONFIRMATION_OK"
20871,10405305359,10405305505,1,"IOTHUB_CLIENT_CONFIRMATION_OK"
20872,10405305559,10405305599,1,"IOTHUB_CLIENT_CONFIRMATION_OK"
20873,10405305760,10405305920,1,"IOTHUB_CLIENT_CONFIRMATION_OK"
20874,10405305960,10405306001,1,"IOTHUB_CLIENT_CONFIRMATION_OK"
20875,10405306160,10405306198,1,"IOTHUB_CLIENT_CONFIRMATION_OK"
20876,10405306360,10405306406,1,"IOTHUB_CLIENT_CONFIRMATION_OK"
20877,10405306560,10405306603,1,"IOTHUB_CLIENT_CONFIRMATION_OK"
20878,10405306760,10405306799,1,"IOTHUB_CLIENT_CONFIRMATION_OK"
20879,10405306961,10405307015,1,"IOTHUB_CLIENT_CONFIRMATION_OK"
20880,10405307161,10405307202,1,"IOTHUB_CLIENT_CONFIRMATION_OK"
20881,10405307361,10405307398,1,"IOTHUB_CLIENT_CONFIRMATION_OK"
20882,10405307561,10405307601,1,"IOTHUB_CLIENT_CONFIRMATION_OK"
20883,10405307761,10405307798,1,"IOTHUB_CLIENT_CONFIRMATION_OK"
20884,10405307961,10405308136,1,"IOTHUB_CLIENT_CONFIRMATION_OK"
20885,10405308161,10405308198,1,"IOTHUB_CLIENT_CONFIRMATION_OK"
20886,10405308362,10405308403,1,"IOTHUB_CLIENT_CONFIRMATION_OK"
20887,10405308562,10405308607,1,"IOTHUB_CLIENT_CONFIRMATION_OK"
20888,10405308762,10405308807,1,"IOTHUB_CLIENT_CONFIRMATION_OK"
20889,10405308962,10405309004,1,"IOTHUB_CLIENT_CONFIRMATION_OK"
20890,10405309162,10405309200,1,"IOTHUB_CLIENT_CONFIRMATION_OK"
20891,10405309362,10405309409,1,"IOTHUB_CLIENT_CONFIRMATION_OK"
20892,10405309562,10405309605,1,"IOTHUB_CLIENT_CONFIRMATION_OK"
20893,10405309763,10405309802,1,"IOTHUB_CLIENT_CONFIRMATION_OK"
20894,10405309963,10405310001,1,"IOTHUB_CLIENT_CONFIRMATION_OK"
20895,10405310163,10405310200,1,"IOTHUB_CLIENT_CONFIRMATION_OK"
20896,10405310363,10405310445,1,"IOTHUB_CLIENT_CONFIRMATION_OK"
20897,10405310563,10405310601,1,"IOTHUB_CLIENT_CONFIRMATION_OK"
20898,10405310763,10405310804,1,"IOTHUB_CLIENT_CONFIRMATION_OK"
20899,10405310964,10405311000,1,"IOTHUB_CLIENT_CONFIRMATION_OK"
20900,10405311164,10405311223,1,"IOTHUB_CLIENT_CONFIRMATION_OK"
20901,10405311364,10405311401,1,"IOTHUB_CLIENT_CONFIRMATION_OK"
20902,10405311564,10405311601,1,"IOTHUB_CLIENT_CONFIRMATION_OK"
20903,10405311764,10405311809,1,"IOTHUB_CLIENT_CONFIRMATION_OK"
20904,10405311964,10405312007,1,"IOTHUB_CLIENT_CONFIRMATION_OK"
20905,10405312165,10405312205,1,"IOTHUB_CLIENT_CONFIRMATION_OK"
20906,10405312365,10405312411,1,"IOTHUB_CLIENT_CONFIRMATION_OK"
20907,10405312565,10405312617,1,"IOTHUB_CLIENT_CONFIRMATION_OK"
20908,10405312765,10405312808,1,"IOTHUB_CLIENT_CONFIRMATION_OK"
20909,10405312965,10405313004,1,"IOTHUB_CLIENT_CONFIRMATION_OK"
20910,10405313165,10405313208,1,"IOTHUB_CLIENT_CONFIRMATION_OK"
20911,10405313365,10405313404,1,"IOTHUB_CLIENT_CONFIRMATION_OK"
20912,10405313566,10405313632,1,"IOTHUB_CLIENT_CONFIRMATION_OK"
20913,10405313766,10405313811,1,"IOTHUB_CLIENT_CONFIRMATION_OK"
20914,10405313966,10405314016,1,"IOTHUB_CLIENT_CONFIRMATION_OK"
20915,10405314166,10405314240,1,"IOTHUB_CLIENT_CONFIRMATION_OK"
20916,10405314366,10405314413,1,"IOTHUB_CLIENT_CONFIRMATION_OK"
20917,10405314566,10405314610,1,"IOTHUB_CLIENT_CONFIRMATION_OK"
20918,10405314767,10405314854,1,"IOTHUB_CLIENT_CONFIRMATION_OK"
20919,10405314967,10405315007,1,"IOTHUB_CLIENT_CONFIRMATION_OK"
20920,10405315167,10405315206,1,"IOTHUB_CLIENT_CONFIRMATION_OK"
20921,10405315367,10405315407,1,"IOTHUB_CLIENT_CONFIRMATION_OK"
20922,10405315567,10405315606,1,"IOTHUB_CLIENT_CONFIRMATION_OK"
20923,10405315767,10405315821,1,"IOTHUB_CLIENT_CONFIRMATION_OK"
20924,10405315968,10405316003,1,"IOTHUB_CLIENT_CONFIRMATION_OK"
20925,10405316168,10405316238,1,"IOTHUB_CLIENT_CONFIRMATION_OK"
20926,10405316368,10405316470,1,"IOTHUB_CLIENT_CONFIRMATION_OK"
20927,10405316568,10405316610,1,"IOTHUB_CLIENT_CONFIRMATION_OK"
20928,10405316768,10405316832,1,"IOTHUB_CLIENT_CONFIRMATION_OK"
20929,10405316968,10405317086,1,"IOTHUB_CLIENT_CONFIRMATION_OK"
20930,10405317169,10405317205,1,"IOTHUB_CLIENT_CONFIRMATION_OK"
20931,10405317369,10405317405,1,"IOTHUB_CLIENT_CONFIRMATION_OK"
20932,10405317569,10405317702,1,"IOTHUB_CLIENT_CONFIRMATION_OK"
20933,10405317769,10405317808,1,"IOTHUB_CLIENT_CONFIRMATION_OK"
20934,10405317969,10405318012,1,"IOTHUB_CLIENT_CONFIRMATION_OK"
20935,10405318169,10405318227,1,"IOTHUB_CLIENT_CONFIRMATION_OK"
20936,10405318369,10405318413,1,"IOTHUB_CLIENT_CONFIRMATION_OK"
20937,10405318570,10405318609,1,"IOTHUB_CLIENT_CONFIRMATION_OK"
20938,10405318770,10405318809,1,"IOTHUB_CLIENT_CONFIRMATION_OK"
20939,10405318970,10405319018,1,"IOTHUB_CLIENT_CONFIRMATION_OK"
20940,10405319170,10405319333,1,"IOTHUB_CLIENT_CONFIRMATION_OK"
20941,10405319370,10405319416,1,"IOTHUB_CLIENT_CONFIRMATION_OK"
20942,10405319570,10405319608,1,"IOTHUB_CLIENT_CONFIRMATION_OK"
20943,10405319771,10405319810,1,"IOTHUB_CLIENT_CONFIRMATION_OK"
20944,10405319971,10405320010,1,"IOTHUB_CLIENT_CONFIRMATION_OK"
20945,10405320171,10405320208,1,"IOTHUB_CLIENT_CONFIRMATION_OK"
20946,10405320371,10405320408,1,"IOTHUB_CLIENT_CONFIRMATION_OK"
20947,10405320571,10405320686,1,"IOTHUB_CLIENT_CONFIRMATION_OK"
20948,10405320771,10405320813,1,"IOTHUB_CLIENT_CONFIRMATION_OK"
20949,10405320972,10405321012,1,"IOTHUB_CLIENT_CONFIRMATION_OK"
20950,10405321172,10405321210,1,"IOTHUB_CLIENT_CONFIRMATION_OK"
20951,10405321372,10405321410,1,"IOTHUB_CLIENT_CONFIRMATION_OK"
20952,10405321572,10405321634,1,"IOTHUB_CLIENT_CONFIRMATION_OK"
20953,10405321772,10405321818,1,"IOTHUB_CLIENT_CONFIRMATION_OK"
20954,10405321972,10405322225,1,"IOTHUB_CLIENT_CONFIRMATION_OK"
20955,10405322173,10405322266,1,"IOTHUB_CLIENT_CONFIRMATION_OK"
20956,10405322373,10405322411,1,"IOTHUB_CLIENT_CONFIRMATION_OK"
20957,10405322573,10405322624,1,"IOTHUB_CLIENT_CONFIRMATION_OK"
20958,10405322773,10405322814,1,"IOTHUB_CLIENT_CONFIRMATION_OK"
20959,10405322973,10405323013,1,"IOTHUB_CLIENT_CONFIRMATION_OK"
20960,10405323173,10405323213,1,"IOTHUB_CLIENT_CONFIRMATION_OK"
20961,10405323373,10405323417,1,"IOTHUB_CLIENT_CONFIRMATION_OK"
20962,10405323574,10405323618,1,"IOTHUB_CLIENT_CONFIRMATION_OK"
20963,10405323774,10405323818,1,"IOTHUB_CLIENT_CONFIRMATION_OK"
20964,10405323974,10405324013,1,"IOTHUB_CLIENT_CONFIRMATION_OK"
20965,10405324174,10405324208,1,"IOTHUB_CLIENT_CONFIRMATION_OK"
20966,10405324374,10405324427,1,"IOTHUB_CLIENT_CONFIRMATION_OK"
20967,10405324574,10405324620,1,"IOTHUB_CLIENT_CONFIRMATION_OK"
20968,10405324775,10405324828,1,"IOTHUB_CLIENT_CONFIRMATION_OK"
20969,10405324975,10405325016,1,"IOTHUB_CLIENT_CONFIRMATION_OK"
20970,10405325175,10405325219,1,"IOTHUB_CLIENT_CONFIRMATION_OK"
20971,10405325375,10405325440,1,"IOTHUB_CLIENT_CONFIRMATION_OK"
20972,10405325575,10405325692,1,"IOTHUB_CLIENT_CONFIRMATION_OK"
20973,10405325775,10405325810,1,"IOTHUB_CLIENT_CONFIRMATION_OK"
20974,10405325976,10405326024,1,"IOTHUB_CLIENT_CONFIRMATION_OK"
20975,10405326176,10405326213,1,"IOTHUB_CLIENT_CONFIRMATION_OK"
20976,10405326376,10405326416,1,"IOTHUB_CLIENT_CONFIRMATION_OK"
20977,10405326576,10405326622,1,"IOTHUB_CLIENT_CONFIRMATION_OK"
20978,10405326776,10405326826,1,"IOTHUB_CLIENT_CONFIRMATION_OK"
20979,10405326976,10405327022,1,"IOTHUB_CLIENT_CONFIRMATION_OK"
20980,10405327177,10405327227,1,"IOTHUB_CLIENT_CONFIRMATION_OK"
20981,10405327377,10405327418,1,"IOTHUB_CLIENT_CONFIRMATION_OK"
20982,10405327577,10405327758,1,"IOTHUB_CLIENT_CONFIRMATION_OK"
20983,10405327777,10405327813,1,"IOTHUB_CLIENT_CONFIRMATION_OK"
20984,10405327977,10405328036,1,"IOTHUB_CLIENT_CONFIRMATION_OK"
20985,10405328177,10405328368,1,"IOTHUB_CLIENT_CONFIRMATION_OK"
20986,10405328378,10405328417,1,"IOTHUB_CLIENT_CONFIRMATION_OK"
20987,10405328578,10405328636,1,"IOTHUB_CLIENT_CONFIRMATION_OK"
20988,10405328778,10405328813,1,"IOTHUB_CLIENT_CONFIRMATION_OK"
20989,10405328978,10405329012,1,"IOTHUB_CLIENT_CONFIRMATION_OK"
20990,10405329178,10405329222,1,"IOTHUB_CLIENT_CONFIRMATION_OK"
20991,10405329378,10405329434,1,"IOTHUB_CLIENT_CONFIRMATION_OK"
20992,10405329578,10405329629,1,"IOTHUB_CLIENT_CONFIRMATION_OK"
20993,10405329779,10405329831,1,"IOTHUB_CLIENT_CONFIRMATION_OK"
20994,10405329979,10405330093,1,"IOTHUB_CLIENT_CONFIRMATION_OK"
20995,10405330179,10405330219,1,"IOTHUB_CLIENT_CONFIRMATION_OK"
20996,10405330379,10405330421,1,"IOTHUB_CLIENT_CONFIRMATION_OK"
20997,10405330579,10405330617,1,"IOTHUB_CLIENT_CONFIRMATION_OK"
20998,10405330779,10405330821,1,"IOTHUB_CLIENT_CONFIRMATION_OK"
20999,10405330980,10405331015,1,"IOTHUB_CLIENT_CONFIRMATION_OK"
21000,10405331180,10405331222,1,"IOTHUB_CLIENT_CONFIRMATION_OK"
21001,10405331380,10405331615,1,"IOTHUB_CLIENT_CONFIRMATION_OK"
21002,10405331580,10405331635,1,"IOTHUB_CLIENT_CONFIRMATION_OK"
21003,10405331780,10405331883,1,"IOTHUB_CLIENT_CONFIRMATION_OK"
21004,10405331980,10405332017,1,"IOTHUB_CLIENT_CONFIRMATION_OK"
21005,10405332180,10405332267,1,"IOTHUB_CLIENT_CONFIRMATION_OK"
21006,10405332381,10405332417,1,"IOTHUB_CLIENT_CONFIRMATION_OK"
21007,10405332581,10405332703,1,"IOTHUB_CLIENT_CONFIRMATION_OK"
21008,10405332781,10405332817,1,"IOTHUB_CLIENT_CONFIRMATION_OK"
21009,10405332981,10405333026,1,"IOTHUB_CLIENT_CONFIRMATION_OK"
21010,10405333181,10405333215,1,"IOTHUB_CLIENT_CONFIRMATION_OK"
21011,10405333381,10405333417,1,"IOTHUB_CLIENT_CONFIRMATION_OK"
21012,10405333582,10405333618,1,"IOTHUB_CLIENT_CONFIRMATION_OK"
21013,10405333782,10405333885,1,"IOTHUB_CLIENT_CONFIRMATION_OK"
21014,10405333982,10405334023,1,"IOTHUB_CLIENT_CONFIRMATION_OK"
21015,10405334182,10405334237,1,"IOTHUB_CLIENT_CONFIRMATION_OK"
21016,10405334382,10405334488,1,"IOTHUB_CLIENT_CONFIRMATION_OK"
21017,10405334582,10405334617,1,"IOTHUB_CLIENT_CONFIRMATION_OK"
21018,10405334782,10405334827,1,"IOTHUB_CLIENT_CONFIRMATION_OK"
21019,10405334983,10405335140,1,"IOTHUB_CLIENT_CONFIRMATION_OK"
21020,10405335183,10405335228,1,"IOTHUB_CLIENT_CONFIRMATION_OK"
21021,10405335383,10405335438,1,"IOTHUB_CLIENT_CONFIRMATION_OK"
21022,10405335583,10405335627,1,"IOTHUB_CLIENT_CONFIRMATION_OK"
21023,10405335783,10405335831,1,"IOTHUB_CLIENT_CONFIRMATION_OK"
21024,10405335983,10405336026,1,"IOTHUB_CLIENT_CONFIRMATION_OK"
21025,10405336184,10405336221,1,"IOTHUB_CLIENT_CONFIRMATION_OK"
21026,10405336384,10405336423,1,"IOTHUB_CLIENT_CONFIRMATION_OK"
21027,10405336584,10405336753,1,"IOTHUB_CLIENT_CONFIRMATION_OK"
21028,10405336784,10405336840,1,"IOTHUB_CLIENT_CONFIRMATION_OK"
21029,10405336984,10405337025,1,"IOTHUB_CLIENT_CONFIRMATION_OK"
21030,10405337184,10405337224,1,"IOTHUB_CLIENT_CONFIRMATION_OK"
21031,10405337385,10405337432,1,"IOTHUB_CLIENT_CONFIRMATION_OK"
21032,10405337585,10405337627,1,"IOTHUB_CLIENT_CONFIRMATION_OK"
21033,10405337785,10405337848,1,"IOTHUB_CLIENT_CONFIRMATION_OK"
21034,10405337985,10405338026,1,"IOTHUB_CLIENT_CONFIRMATION_OK"
21035,10405338185,10405338254,1,"IOTHUB_CLIENT_CONFIRMATION_OK"
21036,10405338385,10405338449,1,"IOTHUB_CLIENT_CONFIRMATION_OK"
21037,10405338586,10405338645,1,"IOTHUB_CLIENT_CONFIRMATION_OK"
21038,10405338786,10405338832,1,"IOTHUB_CLIENT_CONFIRMATION_OK"
21039,10405338986,10405339026,1,"IOTHUB_CLIENT_CONFIRMATION_OK"
21040,10405339186,10405339225,1,"IOTHUB_CLIENT_CONFIRMATION_OK"
21041,10405339386,10405339460,1,"IOTHUB_CLIENT_CONFIRMATION_OK"
21042,10405339586,10405339626,1,"IOTHUB_CLIENT_CONFIRMATION_OK"
21043,10405339786,10405339833,1,"IOTHUB_CLIENT_CONFIRMATION_OK"
21044,10405339987,10405340065,1,"IOTHUB_CLIENT_CONFIRMATION_OK"
21045,10405340187,10405340222,1,"IOTHUB_CLIENT_CONFIRMATION_OK"
21046,10405340387,10405340465,1,"IOTHUB_CLIENT_CONFIRMATION_OK"
21047,10405340587,10405340683,1,"IOTHUB_CLIENT_CONFIRMATION_OK"
21048,10405340787,10405340834,1,"IOTHUB_CLIENT_CONFIRMATION_OK"
21049,10405340987,10405341026,1,"IOTHUB_CLIENT_CONFIRMATION_OK"
21050,10405341188,10405341232,1,"IOTHUB_CLIENT_CONFIRMATION_OK"
21051,10405341388,10405341429,1,"IOTHUB_CLIENT_CONFIRMATION_OK"
21052,10405341588,10405341628,1,"IOTHUB_CLIENT_CONFIRMATION_OK"
21053,10405341788,10405341859,1,"IOTHUB_CLIENT_CONFIRMATION_OK"
21054,10405341988,10405342030,1,"IOTHUB_CLIENT_CONFIRMATION_OK"
21055,10405342188,10405342321,1,"IOTHUB_CLIENT_CONFIRMATION_OK"
21056,10405342389,10405342432,1,"IOTHUB_CLIENT_CONFIRMATION_OK"
21057,10405342589,10405342654,1,"IOTHUB_CLIENT_CONFIRMATION_OK"
21058,10405342789,10405342925,1,"IOTHUB_CLIENT_CONFIRMATION_OK"
21059,10405342989,10405343032,1,"IOTHUB_CLIENT_CONFIRMATION_OK"
21060,10405343189,10405343229,1,"IOTHUB_CLIENT_CONFIRMATION_OK"
21061,10405343389,10405343443,1,"IOTHUB_CLIENT_CONFIRMATION_OK"
21062,10405343589,10405343642,1,"IOTHUB_CLIENT_CONFIRMATION_OK"
21063,10405343790,10405343840,1,"IOTHUB_CLIENT_CONFIRMATION_OK"
21064,10405343990,10405344043,1,"IOTHUB_CLIENT_CONFIRMATION_OK"
21065,10405344190,10405344247,1,"IOTHUB_CLIENT_CONFIRMATION_OK"
21066,10405344390,10405344436,1,"IOTHUB_CLIENT_CONFIRMATION_OK"
21067,10405344590,10405344629,1,"IOTHUB_CLIENT_CONFIRMATION_OK"
21068,10405344790,10405344830,1,"IOTHUB_CLIENT_CONFIRMATION_OK"
21069,10405344991,10405345187,1,"IOTHUB_CLIENT_CONFIRMATION_OK"
21070,10405345191,10405345227,1,"IOTHUB_CLIENT_CONFIRMATION_OK"
21071,10405345391,10405345462,1,"IOTHUB_CLIENT_CONFIRMATION_OK"
21072,10405345591,10405345631,1,"IOTHUB_CLIENT_CONFIRMATION_OK"
21073,10405345791,10405345827,1,"IOTHUB_CLIENT_CONFIRMATION_OK"
21074,10405345991,10405346036,1,"IOTHUB_CLIENT_CONFIRMATION_OK"
21075,10405346192,10405346233,1,"IOTHUB_CLIENT_CONFIRMATION_OK"
21076,10405346392,10405346448,1,"IOTHUB_CLIENT_CONFIRMATION_OK"
21077,10405346592,10405346640,1,"IOTHUB_CLIENT_CONFIRMATION_OK"
21078,10405346792,10405346871,1,"IOTHUB_CLIENT_CONFIRMATION_OK"
21079,10405346992,10405347030,1,"IOTHUB_CLIENT_CONFIRMATION_OK"
21080,10405347192,10405347229,1,"IOTHUB_CLIENT_CONFIRMATION_OK"
21081,10405347393,10405347445,1,"IOTHUB_CLIENT_CONFIRMATION_OK"
21082,10405347593,10405347634,1,"IOTHUB_CLIENT_CONFIRMATION_OK"
21083,10405347793,10405347874,1,"IOTHUB_CLIENT_CONFIRMATION_OK"
21084,10405347993,10405348056,1,"IOTHUB_CLIENT_CONFIRMATION_OK"
21085,10405348193,10405348243,1,"IOTHUB_CLIENT_CONFIRMATION_OK"
21086,10405348393,10405348482,1,"IOTHUB_CLIENT_CONFIRMATION_OK"
21087,10405348594,10405348635,1,"IOTHUB_CLIENT_CONFIRMATION_OK"
21088,10405348794,10405348858,1,"IOTHUB_CLIENT_CONFIRMATION_OK"
21089,10405348994,10405349101,1,"IOTHUB_CLIENT_CONFIRMATION_OK"
21090,10405349194,10405349235,1,"IOTHUB_CLIENT_CONFIRMATION_OK"
21091,10405349394,10405349428,1,"IOTHUB_CLIENT_CONFIRMATION_OK"
21092,10405349594,10405349652,1,"IOTHUB_CLIENT_CONFIRMATION_OK"
21093,10405349795,10405349850,1,"IOTHUB_CLIENT_CONFIRMATION_OK"
21094,10405349995,10405350069,1,"IOTHUB_CLIENT_CONFIRMATION_OK"
21095,10405350195,10405350232,1,"IOTHUB_CLIENT_CONFIRMATION_OK"
21096,10405350395,10405350434,1,"IOTHUB_CLIENT_CONFIRMATION_OK"
21097,10405350595,10405351063,1,"IOTHUB_CLIENT_CONFIRMATION_OK"
21098,10405350795,10405351439,1,"IOTHUB_CLIENT_CONFIRMATION_OK"
21099,10405350995,10405351513,1,"IOTHUB_CLIENT_CONFIRMATION_OK"
21100,10405351196,10405351564,1,"IOTHUB_CLIENT_CONFIRMATION_OK"
21101,10405351396,10405351618,1,"IOTHUB_CLIENT_CONFIRMATION_OK"
21102,10405351596,10405351651,1,"IOTHUB_CLIENT_CONFIRMATION_OK"
21103,10405351796,10405351844,1,"IOTHUB_CLIENT_CONFIRMATION_OK"
21104,10405351996,10405352037,1,"IOTHUB_CLIENT_CONFIRMATION_OK"
21105,10405352196,10405352244,1,"IOTHUB_CLIENT_CONFIRMATION_OK"
21106,10405352397,10405352450,1,"IOTHUB_CLIENT_CONFIRMATION_OK"
21107,10405352597,10405352648,1,"IOTHUB_CLIENT_CONFIRMATION_OK"
21108,10405352797,10405352840,1,"IOTHUB_CLIENT_CONFIRMATION_OK"
21109,10405352997,10405353065,1,"IOTHUB_CLIENT_CONFIRMATION_OK"
21110,10405353197,10405353236,1,"IOTHUB_CLIENT_CONFIRMATION_OK"
21111,10405353397,10405353480,1,"IOTHUB_CLIENT_CONFIRMATION_OK"
21112,10405353598,10405353643,1,"IOTHUB_CLIENT_CONFIRMATION_OK"
21113,10405353798,10405353857,1,"IOTHUB_CLIENT_CONFIRMATION_OK"
21114,10405353998,10405354078,1,"IOTHUB_CLIENT_CONFIRMATION_OK"
21115,10405354198,10405354235,1,"IOTHUB_CLIENT_CONFIRMATION_OK"
21116,10405354398,10405354455,1,"IOTHUB_CLIENT_CONFIRMATION_OK"
21117,10405354598,10405354680,1,"IOTHUB_CLIENT_CONFIRMATION_OK"
21118,10405354799,10405354880,1,"IOTHUB_CLIENT_CONFIRMATION_OK"
21119,10405354999,10405355047,1,"IOTHUB_CLIENT_CONFIRMATION_OK"
21120,10405355199,10405355307,1,"IOTHUB_CLIENT_CONFIRMATION_OK"
21121,10405355399,10405355442,1,"IOTHUB_CLIENT_CONFIRMATION_OK"
21122,10405355599,10405355653,1,"IOTHUB_CLIENT_CONFIRMATION_OK"
21123,10405355799,10405355843,1,"IOTHUB_CLIENT_CONFIRMATION_OK"
21124,10405356000,10405356036,1,"IOTHUB_CLIENT_CONFIRMATION_OK"
21125,10405356200,10405356315,1,"IOTHUB_CLIENT_CONFIRMATION_OK"
21126,10405356400,10405356457,1,"IOTHUB_CLIENT_CONFIRMATION_OK"
21127,10405356600,10405356653,1,"IOTHUB_CLIENT_CONFIRMATION_OK"
21128,10405356800,10405356964,1,"IOTHUB_CLIENT_CONFIRMATION_OK"
21129,10405357000,10405357055,1,"IOTHUB_CLIENT_CONFIRMATION_OK"
21130,10405357200,10405357239,1,"IOTHUB_CLIENT_CONFIRMATION_OK"
21131,10405357401,10405357459,1,"IOTHUB_CLIENT_CONFIRMATION_OK"
21132,10405357601,10405357647,1,"IOTHUB_CLIENT_CONFIRMATION_OK"
21133,10405357801,10405357842,1,"IOTHUB_CLIENT_CONFIRMATION_OK"
21134,10405358001,10405358064,1,"IOTHUB_CLIENT_CONFIRMATION_OK"
21135,10405358201,10405358237,1,"IOTHUB_CLIENT_CONFIRMATION_OK"
21136,10405358401,10405358448,1,"IOTHUB_CLIENT_CONFIRMATION_OK"
21137,10405358602,10405358646,1,"IOTHUB_CLIENT_CONFIRMATION_OK"
21138,10405358802,10405358848,1,"IOTHUB_CLIENT_CONFIRMATION_OK"
21139,10405359002,10405359102,1,"IOTHUB_CLIENT_CONFIRMATION_OK"
21140,10405359202,10405359262,1,"IOTHUB_CLIENT_CONFIRMATION_OK"
21141,10405359402,10405359468,1,"IOTHUB_CLIENT_CONFIRMATION_OK"
21142,10405359602,10405359643,1,"IOTHUB_CLIENT_CONFIRMATION_OK"
21143,10405359803,10405359843,1,"IOTHUB_CLIENT_CONFIRMATION_OK"
21144,10405360003,10405360044,1,"IOTHUB_CLIENT_CONFIRMATION_OK"
21145,10405360203,10405360244,1,"IOTHUB_CLIENT_CONFIRMATION_OK"
21146,10405360403,10405360488,1,"IOTHUB_CLIENT_CONFIRMATION_OK"
21147,10405360603,10405360640,1,"IOTHUB_CLIENT_CONFIRMATION_OK"
21148,10405360803,10405360844,1,"IOTHUB_CLIENT_CONFIRMATION_OK"
21149,10405361004,10405361051,1,"IOTHUB_CLIENT_CONFIRMATION_OK"
21150,10405361204,10405361246,1,"IOTHUB_CLIENT_CONFIRMATION_OK"
21151,10405361404,10405361443,1,"IOTHUB_CLIENT_CONFIRMATION_OK"
21152,10405361604,10405361649,1,"IOTHUB_CLIENT_CONFIRMATION_OK"
21153,10405361804,10405361844,1,"IOTHUB_CLIENT_CONFIRMATION_OK"
21154,10405362004,10405362157,1,"IOTHUB_CLIENT_CONFIRMATION_OK"
21155,10405362204,10405362248,1,"IOTHUB_CLIENT_CONFIRMATION_OK"
21156,10405362405,10405362449,1,"IOTHUB_CLIENT_CONFIRMATION_OK"
21157,10405362605,10405362644,1,"IOTHUB_CLIENT_CONFIRMATION_OK"
21158,10405362805,10405362849,1,"IOTHUB_CLIENT_CONFIRMATION_OK"
21159,10405363005,10405363250,1,"IOTHUB_CLIENT_CONFIRMATION_OK"
21160,10405363205,10405363272,1,"IOTHUB_CLIENT_CONFIRMATION_OK"
21161,10405363405,10405363441,1,"IOTHUB_CLIENT_CONFIRMATION_OK"
21162,10405363606,10405363649,1,"IOTHUB_CLIENT_CONFIRMATION_OK"
21163,10405363806,10405363853,1,"IOTHUB_CLIENT_CONFIRMATION_OK"
21164,10405364006,10405364052,1,"IOTHUB_CLIENT_CONFIRMATION_OK"
21165,10405364206,10405364258,1,"IOTHUB_CLIENT_CONFIRMATION_OK"
21166,10405364406,10405364452,1,"IOTHUB_CLIENT_CONFIRMATION_OK"
21167,10405364606,10405364643,1,"IOTHUB_CLIENT_CONFIRMATION_OK"
21168,10405364807,10405364845,1,"IOTHUB_CLIENT_CONFIRMATION_OK"
21169,10405365007,10405365059,1,"IOTHUB_CLIENT_CONFIRMATION_OK"
21170,10405365207,10405365248,1,"IOTHUB_CLIENT_CONFIRMATION_OK"
21171,10405365407,10405365448,1,"IOTHUB_CLIENT_CONFIRMATION_OK"
21172,10405365607,10405365649,1,"IOTHUB_CLIENT_CONFIRMATION_OK"
21173,10405365807,10405365854,1,"IOTHUB_CLIENT_CONFIRMATION_OK"
21174,10405366008,10405366053,1,"IOTHUB_CLIENT_CONFIRMATION_OK"
21175,10405366208,10405366247,1,"IOTHUB_CLIENT_CONFIRMATION_OK"
21176,10405366408,10405366448,1,"IOTHUB_CLIENT_CONFIRMATION_OK"
21177,10405366608,10405366646,1,"IOTHUB_CLIENT_CONFIRMATION_OK"
21178,10405366808,10405366844,1,"IOTHUB_CLIENT_CONFIRMATION_OK"
21179,10405367008,10405367048,1,"IOTHUB_CLIENT_CONFIRMATION_OK"
21180,10405367208,10405367246,1,"IOTHUB_CLIENT_CONFIRMATION_OK"
21181,10405367409,10405367457,1,"IOTHUB_CLIENT_CONFIRMATION_OK"
21182,10405367609,10405367643,1,"IOTHUB_CLIENT_CONFIRMATION_OK"
21183,10405367809,10405367851,1,"IOTHUB_CLIENT_CONFIRMATION_OK"
21184,10405368009,10405368051,1,"IOTHUB_CLIENT_CONFIRMATION_OK"
21185,10405368209,10405368253,1,"IOTHUB_CLIENT_CONFIRMATION_OK"
21186,10405368409,10405368445,1,"IOTHUB_CLIENT_CONFIRMATION_OK"
21187,10405368610,10405368645,1,"IOTHUB_CLIENT_CONFIRMATION_OK"
21188,10405368810,10405368859,1,"IOTHUB_CLIENT_CONFIRMATION_OK"
21189,10405369010,10405369053,1,"IOTHUB_CLIENT_CONFIRMATION_OK"
21190,10405369210,10405369286,1,"IOTHUB_CLIENT_CONFIRMATION_OK"
21191,10405369410,10405369529,1,"IOTHUB_CLIENT_CONFIRMATION_OK"
21192,10405369610,10405369650,1,"IOTHUB_CLIENT_CONFIRMATION_OK"
21193,10405369810,10405369852,1,"IOTHUB_CLIENT_CONFIRMATION_OK"
21194,10405370011,10405370047,1,"IOTHUB_CLIENT_CONFIRMATION_OK"
21195,10405370211,10405370281,1,"IOTHUB_CLIENT_CONFIRMATION_OK"
21196,10405370411,10405370464,1,"IOTHUB_CLIENT_CONFIRMATION_OK"
21197,10405370611,10405370674,1,"IOTHUB_CLIENT_CONFIRMATION_OK"
21198,10405370811,10405370852,1,"IOTHUB_CLIENT_CONFIRMATION_OK"
21199,10405371011,10405371053,1,"IOTHUB_CLIENT_CONFIRMATION_OK"
21200,10405371212,10405371274,1,"IOTHUB_CLIENT_CONFIRMATION_OK"
21201,10405371412,10405371453,1,"IOTHUB_CLIENT_CONFIRMATION_OK"
21202,10405371612,10405371660,1,"IOTHUB_CLIENT_CONFIRMATION_OK"
21203,10405371812,10405371852,1,"IOTHUB_CLIENT_CONFIRMATION_OK"
21204,10405372012,10405372055,1,"IOTHUB_CLIENT_CONFIRMATION_OK"
21205,10405372212,10405372260,1,"IOTHUB_CLIENT_CONFIRMATION_OK"
21206,10405372413,10405372450,1,"IOTHUB_CLIENT_CONFIRMATION_OK"
21207,10405372613,10405372656,1,"IOTHUB_CLIENT_CONFIRMATION_OK"
21208,10405372813,10405372850,1,"IOTHUB_CLIENT_CONFIRMATION_OK"
21209,10405373013,10405373056,1,"IOTHUB_CLIENT_CONFIRMATION_OK"
21210,10405373213,10405373255,1,"IOTHUB_CLIENT_CONFIRMATION_OK"
21211,10405373413,10405373454,1,"IOTHUB_CLIENT_CONFIRMATION_OK"
21212,10405373613,10405373664,1,"IOTHUB_CLIENT_CONFIRMATION_OK"
21213,10405373814,10405373853,1,"IOTHUB_CLIENT_CONFIRMATION_OK"
21214,10405374014,10405374049,1,"IOTHUB_CLIENT_CONFIRMATION_OK"
21215,10405374214,10405374257,1,"IOTHUB_CLIENT_CONFIRMATION_OK"
21216,10405374414,10405374455,1,"IOTHUB_CLIENT_CONFIRMATION_OK"
21217,10405374614,10405374652,1,"IOTHUB_CLIENT_CONFIRMATION_OK"
21218,10405374814,10405374870,1,"IOTHUB_CLIENT_CONFIRMATION_OK"
21219,10405375015,10405375063,1,"IOTHUB_CLIENT_CONFIRMATION_OK"
21220,10405375215,10405375296,1,"IOTHUB_CLIENT_CONFIRMATION_OK"
21221,10405375415,10405375452,1,"IOTHUB_CLIENT_CONFIRMATION_OK"
21222,10405375615,10405375736,1,"IOTHUB_CLIENT_CONFIRMATION_OK"
21223,10405375815,10405375851,1,"IOTHUB_CLIENT_CONFIRMATION_OK"
21224,10405376015,10405376058,1,"IOTHUB_CLIENT_CONFIRMATION_OK"
21225,10405376215,10405376254,1,"IOTHUB_CLIENT_CONFIRMATION_OK"
21226,10405376416,10405376460,1,"IOTHUB_CLIENT_CONFIRMATION_OK"
21227,10405376616,10405376657,1,"IOTHUB_CLIENT_CONFIRMATION_OK"
21228,10405376816,10405376872,1,"IOTHUB_CLIENT_CONFIRMATION_OK"
21229,10405377016,10405377059,1,"IOTHUB_CLIENT_CONFIRMATION_OK"
21230,10405377216,10405377262,1,"IOTHUB_CLIENT_CONFIRMATION_OK"
21231,10405377416,10405377496,1,"IOTHUB_CLIENT_CONFIRMATION_OK"
21232,10405377617,10405377719,1,"IOTHUB_CLIENT_CONFIRMATION_OK"
21233,10405377817,10405377875,1,"IOTHUB_CLIENT_CONFIRMATION_OK"
21234,10405378017,10405378056,1,"IOTHUB_CLIENT_CONFIRMATION_OK"
21235,10405378217,10405378265,1,"IOTHUB_CLIENT_CONFIRMATION_OK"
21236,10405378417,10405378462,1,"IOTHUB_CLIENT_CONFIRMATION_OK"
21237,10405378617,10405378699,1,"IOTHUB_CLIENT_CONFIRMATION_OK"
21238,10405378818,10405378862,1,"IOTHUB_CLIENT_CONFIRMATION_OK"
21239,10405379018,10405379054,1,"IOTHUB_CLIENT_CONFIRMATION_OK"
21240,10405379218,10405379294,1,"IOTHUB_CLIENT_CONFIRMATION_OK"
21241,10405379418,10405379574,1,"IOTHUB_CLIENT_CONFIRMATION_OK"
21242,10405379618,10405379784,1,"IOTHUB_CLIENT_CONFIRMATION_OK"
21243,10405379818,10405379858,1,"IOTHUB_CLIENT_CONFIRMATION_OK"
21244,10405380019,10405380185,1,"IOTHUB_CLIENT_CONFIRMATION_OK"
21245,10405380219,10405380277,1,"IOTHUB_CLIENT_CONFIRMATION_OK"
21246,10405380419,10405380462,1,"IOTHUB_CLIENT_CONFIRMATION_OK"
21247,10405380619,10405380667,1,"IOTHUB_CLIENT_CONFIRMATION_OK"
21248,10405380819,10405381033,1,"IOTHUB_CLIENT_CONFIRMATION_OK"
21249,10405381019,10405381063,1,"IOTHUB_CLIENT_CONFIRMATION_OK"
21250,10405381219,10405381403,1,"IOTHUB_CLIENT_CONFIRMATION_OK"
21251,10405381420,10405381458,1,"IOTHUB_CLIENT_CONFIRMATION_OK"
21252,10405381620,10405381819,1,"IOTHUB_CLIENT_CONFIRMATION_OK"
21253,10405381820,10405381861,1,"IOTHUB_CLIENT_CONFIRMATION_OK"
21254,10405382020,10405382250,1,"IOTHUB_CLIENT_CONFIRMATION_OK"
21255,10405382220,10405382282,1,"IOTHUB_CLIENT_CONFIRMATION_OK"
21256,10405382420,10405382457,1,"IOTHUB_CLIENT_CONFIRMATION_OK"
21257,10405382621,10405382658,1,"IOTHUB_CLIENT_CONFIRMATION_OK"
21258,10405382821,10405382857,1,"IOTHUB_CLIENT_CONFIRMATION_OK"
21259,10405383021,10405383065,1,"IOTHUB_CLIENT_CONFIRMATION_OK"
21260,10405383221,10405383277,1,"IOTHUB_CLIENT_CONFIRMATION_OK"
21261,10405383421,10405383531,1,"IOTHUB_CLIENT_CONFIRMATION_OK"
21262,10405383621,10405383661,1,"IOTHUB_CLIENT_CONFIRMATION_OK"
21263,10405383822,10405383963,1,"IOTHUB_CLIENT_CONFIRMATION_OK"
21264,10405384022,10405384062,1,"IOTHUB_CLIENT_CONFIRMATION_OK"
21265,10405384222,10405384360,1,"IOTHUB_CLIENT_CONFIRMATION_OK"
21266,10405384422,10405384463,1,"IOTHUB_CLIENT_CONFIRMATION_OK"
21267,10405384622,10405384753,1,"IOTHUB_CLIENT_CONFIRMATION_OK"
21268,10405384822,10405384867,1,"IOTHUB_CLIENT_CONFIRMATION_OK"
21269,10405385022,10405385165,1,"IOTHUB_CLIENT_CONFIRMATION_OK"
21270,10405385223,10405385260,1,"IOTHUB_CLIENT_CONFIRMATION_OK"
21271,10405385423,10405385587,1,"IOTHUB_CLIENT_CONFIRMATION_OK"
21272,10405385623,10405385667,1,"IOTHUB_CLIENT_CONFIRMATION_OK"
21273,10405385823,10405385974,1,"IOTHUB_CLIENT_CONFIRMATION_OK"
21274,10405386023,10405386065,1,"IOTHUB_CLIENT_CONFIRMATION_OK"
21275,10405386224,10405386261,1,"IOTHUB_CLIENT_CONFIRMATION_OK"
21276,10405386424,10405386467,1,"IOTHUB_CLIENT_CONFIRMATION_OK"
21277,10405386624,10405386660,1,"IOTHUB_CLIENT_CONFIRMATION_OK"
21278,10405386824,10405386865,1,"IOTHUB_CLIENT_CONFIRMATION_OK"
21279,10405387024,10405387067,1,"IOTHUB_CLIENT_CONFIRMATION_OK"
21280,10405387224,10405387307,1,"IOTHUB_CLIENT_CONFIRMATION_OK"
21281,10405387425,10405387460,1,"IOTHUB_CLIENT_CONFIRMATION_OK"
21282,10405387625,10405387664,1,"IOTHUB_CLIENT_CONFIRMATION_OK"
21283,10405387825,10405388061,1,"IOTHUB_CLIENT_CONFIRMATION_OK"
21284,10405388025,10405388078,1,"IOTHUB_CLIENT_CONFIRMATION_OK"
21285,10405388225,10405388342,1,"IOTHUB_CLIENT_CONFIRMATION_OK"
21286,10405388425,10405388469,1,"IOTHUB_CLIENT_CONFIRMATION_OK"
21287,10405388625,10405388662,1,"IOTHUB_CLIENT_CONFIRMATION_OK"
21288,10405388826,10405388871,1,"IOTHUB_CLIENT_CONFIRMATION_OK"
21289,10405389026,10405389068,1,"IOTHUB_CLIENT_CONFIRMATION_OK"
21290,10405389226,10405389272,1,"IOTHUB_CLIENT_CONFIRMATION_OK"
21291,10405389426,10405389466,1,"IOTHUB_CLIENT_CONFIRMATION_OK"
21292,10405389626,10405389695,1,"IOTHUB_CLIENT_CONFIRMATION_OK"
21293,10405389826,10405389868,1,"IOTHUB_CLIENT_CONFIRMATION_OK"
21294,10405390027,10405390094,1,"IOTHUB_CLIENT_CONFIRMATION_OK"
21295,10405390227,10405390265,1,"IOTHUB_CLIENT_CONFIRMATION_OK"
21296,10405390427,10405390513,1,"IOTHUB_CLIENT_CONFIRMATION_OK"
21297,10405390627,10405390662,1,"IOTHUB_CLIENT_CONFIRMATION_OK"
21298,10405390827,10405390911,1,"IOTHUB_CLIENT_CONFIRMATION_OK"
21299,10405391027,10405391066,1,"IOTHUB_CLIENT_CONFIRMATION_OK"
21300,10405391227,10405391313,1,"IOTHUB_CLIENT_CONFIRMATION_OK"
21301,10405391428,10405391465,1,"IOTHUB_CLIENT_CONFIRMATION_OK"
21302,10405391628,10405391751,1,"IOTHUB_CLIENT_CONFIRMATION_OK"
21303,10405391828,10405391877,1,"IOTHUB_CLIENT_CONFIRMATION_OK"
21304,10405392028,10405392167,1,"IOTHUB_CLIENT_CONFIRMATION_OK"
21305,10405392228,10405392277,1,"IOTHUB_CLIENT_CONFIRMATION_OK"
21306,10405392428,10405392576,1,"IOTHUB_CLIENT_CONFIRMATION_OK"
21307,10405392629,10405392671,1,"IOTHUB_CLIENT_CONFIRMATION_OK"
21308,10405392829,10405392999,1,"IOTHUB_CLIENT_CONFIRMATION_OK"
21309,10405393029,10405393146,1,"IOTHUB_CLIENT_CONFIRMATION_OK"
21310,10405393229,10405393384,1,"IOTHUB_CLIENT_CONFIRMATION_OK"
21311,10405393429,10405393474,1,"IOTHUB_CLIENT_CONFIRMATION_OK"
21312,10405393629,10405393671,1,"IOTHUB_CLIENT_CONFIRMATION_OK"
21313,10405393829,10405394002,1,"IOTHUB_CLIENT_CONFIRMATION_OK"
21314,10405394030,10405394065,1,"IOTHUB_CLIENT_CONFIRMATION_OK"
21315,10405394230,10405394264,1,"IOTHUB_CLIENT_CONFIRMATION_OK"
21316,10405394430,10405394468,1,"IOTHUB_CLIENT_CONFIRMATION_OK"
21317,10405394630,10405394670,1,"IOTHUB_CLIENT_CONFIRMATION_OK"
21318,10405394830,10405394869,1,"IOTHUB_CLIENT_CONFIRMATION_OK"
21319,10405395030,10405395084,1,"IOTHUB_CLIENT_CONFIRMATION_OK"
21320,10405395231,10405395279,1,"IOTHUB_CLIENT_CONFIRMATION_OK"
21321,10405395431,10405395472,1,"IOTHUB_CLIENT_CONFIRMATION_OK"
21322,10405395631,10405395672,1,"IOTHUB_CLIENT_CONFIRMATION_OK"
21323,10405395831,10405395875,1,"IOTHUB_CLIENT_CONFIRMATION_OK"
21324,10405396031,10405396076,1,"IOTHUB_CLIENT_CONFIRMATION_OK"
21325,10405396231,10405396293,1,"IOTHUB_CLIENT_CONFIRMATION_OK"
21326,10405396432,10405396469,1,"IOTHUB_CLIENT_CONFIRMATION_OK"
21327,10405396632,10405396696,1,"IOTHUB_CLIENT_CONFIRMATION_OK"
21328,10405396832,10405396876,1,"IOTHUB_CLIENT_CONFIRMATION_OK"
21329,10405397032,10405397069,1,"IOTHUB_CLIENT_CONFIRMATION_OK"
21330,10405397232,10405397302,1,"IOTHUB_CLIENT_CONFIRMATION_OK"
21331,10405397432,10405397476,1,"IOTHUB_CLIENT_CONFIRMATION_OK"
21332,10405397633,10405397684,1,"IOTHUB_CLIENT_CONFIRMATION_OK"
21333,10405397833,10405397919,1,"IOTHUB_CLIENT_CONFIRMATION_OK"
21334,10405398033,10405398066,1,"IOTHUB_CLIENT_CONFIRMATION_OK"
21335,10405398233,10405398281,1,"IOTHUB_CLIENT_CONFIRMATION_OK"
21336,10405398433,10405398483,1,"IOTHUB_CLIENT_CONFIRMATION_OK"
21337,10405398633,10405398675,1,"IOTHUB_CLIENT_CONFIRMATION_OK"
21338,10405398833,10405398883,1,"IOTHUB_CLIENT_CONFIRMATION_OK"
21339,10405399034,10405399070,1,"IOTHUB_CLIENT_CONFIRMATION_OK"
21340,10405399234,10405399285,1,"IOTHUB_CLIENT_CONFIRMATION_OK"
21341,10405399434,10405399536,1,"IOTHUB_CLIENT_CONFIRMATION_OK"
21342,10405399634,10405399716,1,"IOTHUB_CLIENT_CONFIRMATION_OK"
21343,10405399834,10405399874,1,"IOTHUB_CLIENT_CONFIRMATION_OK"
21344,10405400034,10405400160,1,"IOTHUB_CLIENT_CONFIRMATION_OK"
21345,10405400235,10405400279,1,"IOTHUB_CLIENT_CONFIRMATION_OK"
21346,10405400435,10405400484,1,"IOTHUB_CLIENT_CONFIRMATION_OK"
21347,10405400635,10405400789,1,"IOTHUB_CLIENT_CONFIRMATION_OK"
21348,10405400835,10405400873,1,"IOTHUB_CLIENT_CONFIRMATION_OK"
21349,10405401035,10405401084,1,"IOTHUB_CLIENT_CONFIRMATION_OK"
21350,10405401235,10405401275,1,"IOTHUB_CLIENT_CONFIRMATION_OK"
21351,10405401435,10405401515,1,"IOTHUB_CLIENT_CONFIRMATION_OK"
21352,10405401636,10405401684,1,"IOTHUB_CLIENT_CONFIRMATION_OK"
21353,10405401836,10405401881,1,"IOTHUB_CLIENT_CONFIRMATION_OK"
21354,10405402036,10405402072,1,"IOTHUB_CLIENT_CONFIRMATION_OK"
21355,10405402236,10405402445,1,"IOTHUB_CLIENT_CONFIRMATION_OK"
21356,10405402436,10405402482,1,"IOTHUB_CLIENT_CONFIRMATION_OK"
21357,10405402636,10405402671,1,"IOTHUB_CLIENT_CONFIRMATION_OK"
21358,10405402837,10405402886,1,"IOTHUB_CLIENT_CONFIRMATION_OK"
21359,10405403037,10405403084,1,"IOTHUB_CLIENT_CONFIRMATION_OK"
21360,10405403237,10405403290,1,"IOTHUB_CLIENT_CONFIRMATION_OK"
21361,10405403437,10405403498,1,"IOTHUB_CLIENT_CONFIRMATION_OK"
21362,10405403637,10405403688,1,"IOTHUB_CLIENT_CONFIRMATION_OK"
21363,10405403837,10405403884,1,"IOTHUB_CLIENT_CONFIRMATION_OK"
21364,10405404038,10405404116,1,"IOTHUB_CLIENT_CONFIRMATION_OK"
21365,10405404238,10405404278,1,"IOTHUB_CLIENT_CONFIRMATION_OK"
21366,10405404438,10405404499,1,"IOTHUB_CLIENT_CONFIRMATION_OK"
21367,10405404638,10405404688,1,"IOTHUB_CLIENT_CONFIRMATION_OK"
21368,10405404838,10405404875,1,"IOTHUB_CLIENT_CONFIRMATION_OK"
21369,10405405039,10405405123,1,"IOTHUB_CLIENT_CONFIRMATION_OK"
21370,10405405239,10405405323,1,"IOTHUB_CLIENT_CONFIRMATION_OK"
21371,10405405439,10405405495,1,"IOTHUB_CLIENT_CONFIRMATION_OK"
21372,10405405639,10405405705,1,"IOTHUB_CLIENT_CONFIRMATION_OK"
21373,10405405839,10405405874,1,"IOTHUB_CLIENT_CONFIRMATION_OK"
21374,10405406039,10405406081,1,"IOTHUB_CLIENT_CONFIRMATION_OK"
21375,10405406239,10405406344,1,"IOTHUB_CLIENT_CONFIRMATION_OK"
21376,10405406440,10405406501,1,"IOTHUB_CLIENT_CONFIRMATION_OK"
21377,10405406640,10405406679,1,"IOTHUB_CLIENT_CONFIRMATION_OK"
21378,10405406840,10405406879,1,"IOTHUB_CLIENT_CONFIRMATION_OK"
21379,10405407040,10405407087,1,"IOTHUB_CLIENT_CONFIRMATION_OK"
21380,10405407240,10405407278,1,"IOTHUB_CLIENT_CONFIRMATION_OK"
21381,10405407440,10405407475,1,"IOTHUB_CLIENT_CONFIRMATION_OK"
21382,10405407641,10405407682,1,"IOTHUB_CLIENT_CONFIRMATION_OK"
21383,10405407841,10405408044,1,"IOTHUB_CLIENT_CONFIRMATION_OK"
21384,10405408041,10405408076,1,"IOTHUB_CLIENT_CONFIRMATION_OK"
21385,10405408241,10405408288,1,"IOTHUB_CLIENT_CONFIRMATION_OK"
21386,10405408441,10405408487,1,"IOTHUB_CLIENT_CONFIRMATION_OK"
21387,10405408641,10405408688,1,"IOTHUB_CLIENT_CONFIRMATION_OK"
21388,10405408842,10405408877,1,"IOTHUB_CLIENT_CONFIRMATION_OK"
21389,10405409042,10405409087,1,"IOTHUB_CLIENT_CONFIRMATION_OK"
21390,10405409242,10405409294,1,"IOTHUB_CLIENT_CONFIRMATION_OK"
21391,10405409442,10405409493,1,"IOTHUB_CLIENT_CONFIRMATION_OK"
21392,10405409642,10405409687,1,"IOTHUB_CLIENT_CONFIRMATION_OK"
21393,10405409842,10405409889,1,"IOTHUB_CLIENT_CONFIRMATION_OK"
21394,10405410043,10405410079,1,"IOTHUB_CLIENT_CONFIRMATION_OK"
21395,10405410243,10405410287,1,"IOTHUB_CLIENT_CONFIRMATION_OK"
21396,10405410443,10405410555,1,"IOTHUB_CLIENT_CONFIRMATION_OK"
21397,10405410643,10405410766,1,"IOTHUB_CLIENT_CONFIRMATION_OK"
21398,10405410843,10405410904,1,"IOTHUB_CLIENT_CONFIRMATION_OK"
21399,10405411043,10405411080,1,"IOTHUB_CLIENT_CONFIRMATION_OK"
21400,10405411244,10405411313,1,"IOTHUB_CLIENT_CONFIRMATION_OK"
21401,10405411444,10405411479,1,"IOTHUB_CLIENT_CONFIRMATION_OK"
21402,10405411644,10405411687,1,"IOTHUB_CLIENT_CONFIRMATION_OK"
21403,10405411844,10405411926,1,"IOTHUB_CLIENT_CONFIRMATION_OK"
21404,10405412044,10405412101,1,"IOTHUB_CLIENT_CONFIRMATION_OK"
21405,10405412244,10405412287,1,"IOTHUB_CLIENT_CONFIRMATION_OK"
21406,10405412444,10405412539,1,"IOTHUB_CLIENT_CONFIRMATION_OK"
21407,10405412645,10405412702,1,"IOTHUB_CLIENT_CONFIRMATION_OK"
21408,10405412845,10405412897,1,"IOTHUB_CLIENT_CONFIRMATION_OK"
21409,10405413045,10405413087,1,"IOTHUB_CLIENT_CONFIRMATION_OK"
21410,10405413245,10405413281,1,"IOTHUB_CLIENT_CONFIRMATION_OK"
21411,10405413445,10405413552,1,"IOTHUB_CLIENT_CONFIRMATION_OK"
21412,10405413645,10405413693,1,"IOTHUB_CLIENT_CONFIRMATION_OK"
21413,10405413846,10405413934,1,"IOTHUB_CLIENT_CONFIRMATION_OK"
21414,10405414046,10405414162,1,"IOTHUB_CLIENT_CONFIRMATION_OK"
21415,10405414246,10405414283,1,"IOTHUB_CLIENT_CONFIRMATION_OK"
21416,10405414446,10405414486,1,"IOTHUB_CLIENT_CONFIRMATION_OK"
21417,10405414646,10405414789,1,"IOTHUB_CLIENT_CONFIRMATION_OK"
21418,10405414846,10405414882,1,"IOTHUB_CLIENT_CONFIRMATION_OK"
21419,10405415047,10405415088,1,"IOTHUB_CLIENT_CONFIRMATION_OK"
21420,10405415247,10405415286,1,"IOTHUB_CLIENT_CONFIRMATION_OK"
21421,10405415447,10405415495,1,"IOTHUB_CLIENT_CONFIRMATION_OK"
21422,10405415647,10405415687,1,"IOTHUB_CLIENT_CONFIRMATION_OK"
21423,10405415847,10405415891,1,"IOTHUB_CLIENT_CONFIRMATION_OK"
21424,10405416047,10405416101,1,"IOTHUB_CLIENT_CONFIRMATION_OK"
21425,10405416247,10405416406,1,"IOTHUB_CLIENT_CONFIRMATION_OK"
21426,10405416448,10405416487,1,"IOTHUB_CLIENT_CONFIRMATION_OK"
21427,10405416648,10405416683,1,"IOTHUB_CLIENT_CONFIRMATION_OK"
21428,10405416849,10405417023,1,"IOTHUB_CLIENT_CONFIRMATION_OK"
21429,10405417049,10405417084,1,"IOTHUB_CLIENT_CONFIRMATION_OK"
21430,10405417249,10405417294,1,"IOTHUB_CLIENT_CONFIRMATION_OK"
21431,10405417449,10405417496,1,"IOTHUB_CLIENT_CONFIRMATION_OK"
21432,10405417649,10405417699,1,"IOTHUB_CLIENT_CONFIRMATION_OK"
21433,10405417849,10405417895,1,"IOTHUB_CLIENT_CONFIRMATION_OK"
21434,10405418050,10405418086,1,"IOTHUB_CLIENT_CONFIRMATION_OK"
21435,10405418250,10405418287,1,"IOTHUB_CLIENT_CONFIRMATION_OK"
21436,10405418450,10405418492,1,"IOTHUB_CLIENT_CONFIRMATION_OK"
21437,10405418650,10405418751,1,"IOTHUB_CLIENT_CONFIRMATION_OK"
21438,10405418850,10405418898,1,"IOTHUB_CLIENT_CONFIRMATION_OK"
21439,10405419050,10405419255,1,"IOTHUB_CLIENT_CONFIRMATION_OK"
21440,10405419251,10405419300,1,"IOTHUB_CLIENT_CONFIRMATION_OK"
21441,10405419451,10405419495,1,"IOTHUB_CLIENT_CONFIRMATION_OK"
21442,10405419651,10405419703,1,"IOTHUB_CLIENT_CONFIRMATION_OK"
21443,10405419851,10405419888,1,"IOTHUB_CLIENT_CONFIRMATION_OK"
21444,10405420051,10405420103,1,"IOTHUB_CLIENT_CONFIRMATION_OK"
21445,10405420251,10405420290,1,"IOTHUB_CLIENT_CONFIRMATION_OK"
21446,10405420452,10405420487,1,"IOTHUB_CLIENT_CONFIRMATION_OK"
21447,10405420652,10405420695,1,"IOTHUB_CLIENT_CONFIRMATION_OK"
21448,10405420852,10405420905,1,"IOTHUB_CLIENT_CONFIRMATION_OK"
21449,10405421052,10405421117,1,"IOTHUB_CLIENT_CONFIRMATION_OK"
21450,10405421252,10405421291,1,"IOTHUB_CLIENT_CONFIRMATION_OK"
21451,10405421452,10405421502,1,"IOTHUB_CLIENT_CONFIRMATION_OK"
21452,10405421652,10405421708,1,"IOTHUB_CLIENT_CONFIRMATION_OK"
21453,10405421853,10405421890,1,"IOTHUB_CLIENT_CONFIRMATION_OK"
21454,10405422053,10405422090,1,"IOTHUB_CLIENT_CONFIRMATION_OK"
21455,10405422253,10405422299,1,"IOTHUB_CLIENT_CONFIRMATION_OK"
21456,10405422453,10405422503,1,"IOTHUB_CLIENT_CONFIRMATION_OK"
21457,10405422653,10405422695,1,"IOTHUB_CLIENT_CONFIRMATION_OK"
21458,10405422853,10405422898,1,"IOTHUB_CLIENT_CONFIRMATION_OK"
21459,10405423054,10405423125,1,"IOTHUB_CLIENT_CONFIRMATION_OK"
21460,10405423254,10405423291,1,"IOTHUB_CLIENT_CONFIRMATION_OK"
21461,10405423454,10405423491,1,"IOTHUB_CLIENT_CONFIRMATION_OK"
21462,10405423654,10405423752,1,"IOTHUB_CLIENT_CONFIRMATION_OK"
21463,10405423854,10405423902,1,"IOTHUB_CLIENT_CONFIRMATION_OK"
21464,10405424054,10405424089,1,"IOTHUB_CLIENT_CONFIRMATION_OK"
21465,10405424255,10405424294,1,"IOTHUB_CLIENT_CONFIRMATION_OK"
21466,10405424455,10405424502,1,"IOTHUB_CLIENT_CONFIRMATION_OK"
21467,10405424655,10405424695,1,"IOTHUB_CLIENT_CONFIRMATION_OK"
21468,10405424855,10405424895,1,"IOTHUB_CLIENT_CONFIRMATION_OK"
21469,10405425055,10405425097,1,"IOTHUB_CLIENT_CONFIRMATION_OK"
21470,10405425255,10405425348,1,"IOTHUB_CLIENT_CONFIRMATION_OK"
21471,10405425456,10405425490,1,"IOTHUB_CLIENT_CONFIRMATION_OK"
21472,10405425656,10405425696,1,"IOTHUB_CLIENT_CONFIRMATION_OK"
21473,10405425856,10405425959,1,"IOTHUB_CLIENT_CONFIRMATION_OK"
21474,10405426056,10405426095,1,"IOTHUB_CLIENT_CONFIRMATION_OK"
21475,10405426256,10405426315,1,"IOTHUB_CLIENT_CONFIRMATION_OK"
21476,10405426456,10405426566,1,"IOTHUB_CLIENT_CONFIRMATION_OK"
21477,10405426656,10405426701,1,"IOTHUB_CLIENT_CONFIRMATION_OK"
21478,10405426857,10405426901,1,"IOTHUB_CLIENT_CONFIRMATION_OK"
21479,10405427057,10405427168,1,"IOTHUB_CLIENT_CONFIRMATION_OK"
21480,10405427257,10405427302,1,"IOTHUB_CLIENT_CONFIRMATION_OK"
21481,10405427457,10405427502,1,"IOTHUB_CLIENT_CONFIRMATION_OK"
21482,10405427657,10405427766,1,"IOTHUB_CLIENT_CONFIRMATION_OK"
21483,10405427857,10405427899,1,"IOTHUB_CLIENT_CONFIRMATION_OK"
21484,10405428058,10405428192,1,"IOTHUB_CLIENT_CONFIRMATION_OK"
21485,10405428258,10405428307,1,"IOTHUB_CLIENT_CONFIRMATION_OK"
21486,10405428458,10405428496,1,"IOTHUB_CLIENT_CONFIRMATION_OK"
21487,10405428658,10405428861,1,"IOTHUB_CLIENT_CONFIRMATION_OK"
21488,10405428858,10405428900,1,"IOTHUB_CLIENT_CONFIRMATION_OK"
21489,10405429058,10405429097,1,"IOTHUB_CLIENT_CONFIRMATION_OK"
21490,10405429259,10405429314,1,"IOTHUB_CLIENT_CONFIRMATION_OK"
21491,10405429459,10405429531,1,"IOTHUB_CLIENT_CONFIRMATION_OK"
21492,10405429659,10405429704,1,"IOTHUB_CLIENT_CONFIRMATION_OK"
21493,10405429859,10405429911,1,"IOTHUB_CLIENT_CONFIRMATION_OK"
21494,10405430059,10405430116,1,"IOTHUB_CLIENT_CONFIRMATION_OK"
21495,10405430259,10405430304,1,"IOTHUB_CLIENT_CONFIRMATION_OK"
21496,10405430459,10405430509,1,"IOTHUB_CLIENT_CONFIRMATION_OK"
21497,10405430660,10405430705,1,"IOTHUB_CLIENT_CONFIRMATION_OK"
21498,10405430860,10405430912,1,"IOTHUB_CLIENT_CONFIRMATION_OK"
21499,10405431060,10405431098,1,"IOTHUB_CLIENT_CONFIRMATION_OK"
21500,10405431260,10405431294,1,"IOTHUB_CLIENT_CONFIRMATION_OK"
21501,10405431460,10405431497,1,"IOTHUB_CLIENT_CONFIRMATION_OK"
21502,10405431660,10405431719,1,"IOTHUB_CLIENT_CONFIRMATION_OK"
21503,10405431861,10405431917,1,"IOTHUB_CLIENT_CONFIRMATION_OK"
21504,10405432061,10405432176,1,"IOTHUB_CLIENT_CONFIRMATION_OK"
21505,10405432261,10405432297,1,"IOTHUB_CLIENT_CONFIRMATION_OK"
21506,10405432461,10405432525,1,"IOTHUB_CLIENT_CONFIRMATION_OK"
21507,10405432661,10405432740,1,"IOTHUB_CLIENT_CONFIRMATION_OK"
21508,10405432861,10405432911,1,"IOTHUB_CLIENT_CONFIRMATION_OK"
21509,10405433062,10405433096,1,"IOTHUB_CLIENT_CONFIRMATION_OK"
21510,10405433262,10405433306,1,"IOTHUB_CLIENT_CONFIRMATION_OK"
21511,10405433462,10405433502,1,"IOTHUB_CLIENT_CONFIRMATION_OK"
21512,10405433662,10405433851,1,"IOTHUB_CLIENT_CONFIRMATION_OK"
21513,10405433862,10405433923,1,"IOTHUB_CLIENT_CONFIRMATION_OK"
21514,10405434062,10405434106,1,"IOTHUB_CLIENT_CONFIRMATION_OK"
21515,10405434263,10405434415,1,"IOTHUB_CLIENT_CONFIRMATION_OK"
21516,10405434463,10405434522,1,"IOTHUB_CLIENT_CONFIRMATION_OK"
21517,10405434663,10405434697,1,"IOTHUB_CLIENT_CONFIRMATION_OK"
21518,10405434863,10405434916,1,"IOTHUB_CLIENT_CONFIRMATION_OK"
21519,10405435063,10405435109,1,"IOTHUB_CLIENT_CONFIRMATION_OK"
21520,10405435263,10405435319,1,"IOTHUB_CLIENT_CONFIRMATION_OK"
21521,10405435464,10405435500,1,"IOTHUB_CLIENT_CONFIRMATION_OK"
21522,10405435664,10405435707,1,"IOTHUB_CLIENT_CONFIRMATION_OK"
21523,10405435864,10405435905,1,"IOTHUB_CLIENT_CONFIRMATION_OK"
21524,10405436064,10405436104,1,"IOTHUB_CLIENT_CONFIRMATION_OK"
21525,10405436264,10405436308,1,"IOTHUB_CLIENT_CONFIRMATION_OK"
21526,10405436464,10405436655,1,"IOTHUB_CLIENT_CONFIRMATION_OK"
21527,10405436665,10405436701,1,"IOTHUB_CLIENT_CONFIRMATION_OK"
21528,10405436865,10405436910,1,"IOTHUB_CLIENT_CONFIRMATION_OK"
21529,10405437065,10405437104,1,"IOTHUB_CLIENT_CONFIRMATION_OK"
21530,10405437265,10405437319,1,"IOTHUB_CLIENT_CONFIRMATION_OK"
21531,10405437465,10405437561,1,"IOTHUB_CLIENT_CONFIRMATION_OK"
21532,10405437665,10405437701,1,"IOTHUB_CLIENT_CONFIRMATION_OK"
21533,10405437866,10405437903,1,"IOTHUB_CLIENT_CONFIRMATION_OK"
21534,10405438066,10405438124,1,"IOTHUB_CLIENT_CONFIRMATION_OK"
21535,10405438266,10405438338,1,"IOTHUB_CLIENT_CONFIRMATION_OK"
21536,10405438466,10405438512,1,"IOTHUB_CLIENT_CONFIRMATION_OK"
21537,10405438666,10405438714,1,"IOTHUB_CLIENT_CONFIRMATION_OK"
21538,10405438866,10405438940,1,"IOTHUB_CLIENT_CONFIRMATION_OK"
21539,10405439066,10405439102,1,"IOTHUB_CLIENT_CONFIRMATION_OK"
21540,10405439267,10405439449,1,"IOTHUB_CLIENT_CONFIRMATION_OK"
21541,10405439467,10405439506,1,"IOTHUB_CLIENT_CONFIRMATION_OK"
21542,10405439667,10405439715,1,"IOTHUB_CLIENT_CONFIRMATION_OK"
21543,10405439867,10405439911,1,"IOTHUB_CLIENT_CONFIRMATION_OK"
21544,10405440067,10405440107,1,"IOTHUB_CLIENT_CONFIRMATION_OK"
21545,10405440267,10405440346,1,"IOTHUB_CLIENT_CONFIRMATION_OK"
21546,10405440468,10405440509,1,"IOTHUB_CLIENT_CONFIRMATION_OK"
21547,10405440668,10405440727,1,"IOTHUB_CLIENT_CONFIRMATION_OK"
21548,10405440868,10405440908,1,"IOTHUB_CLIENT_CONFIRMATION_OK"
21549,10405441068,10405441127,1,"IOTHUB_CLIENT_CONFIRMATION_OK"
21550,10405441268,10405441313,1,"IOTHUB_CLIENT_CONFIRMATION_OK"
21551,10405441468,10405441520,1,"IOTHUB_CLIENT_CONFIRMATION_OK"
21552,10405441669,10405441711,1,"IOTHUB_CLIENT_CONFIRMATION_OK"
21553,10405441869,10405441928,1,"IOTHUB_CLIENT_CONFIRMATION_OK"
21554,10405442069,10405442111,1,"IOTHUB_CLIENT_CONFIRMATION_OK"
21555,10405442269,10405442313,1,"IOTHUB_CLIENT_CONFIRMATION_OK"
21556,10405442469,10405442707,1,"IOTHUB_CLIENT_CONFIRMATION_OK"
21557,10405442669,10405442731,1,"IOTHUB_CLIENT_CONFIRMATION_OK"
21558,10405442869,10405442913,1,"IOTHUB_CLIENT_CONFIRMATION_OK"
21559,10405443070,10405443239,1,"IOTHUB_CLIENT_CONFIRMATION_OK"
21560,10405443270,10405443434,1,"IOTHUB_CLIENT_CONFIRMATION_OK"
21561,10405443470,10405443514,1,"IOTHUB_CLIENT_CONFIRMATION_OK"
21562,10405443670,10405443704,1,"IOTHUB_CLIENT_CONFIRMATION_OK"
21563,10405443870,10405443912,1,"IOTHUB_CLIENT_CONFIRMATION_OK"
21564,10405444070,10405444117,1,"IOTHUB_CLIENT_CONFIRMATION_OK"
21565,10405444271,10405444312,1,"IOTHUB_CLIENT_CONFIRMATION_OK"
21566,10405444471,10405444878,1,"IOTHUB_CLIENT_CONFIRMATION_OK"
21567,10405444671,10405445281,1,"IOTHUB_CLIENT_CONFIRMATION_OK"
21568,10405444871,10405445375,1,"IOTHUB_CLIENT_CONFIRMATION_OK"
21569,10405445071,10405445448,1,"IOTHUB_CLIENT_CONFIRMATION_OK"
21570,10405445271,10405445513,1,"IOTHUB_CLIENT_CONFIRMATION_OK"
21571,10405445472,10405445686,1,"IOTHUB_CLIENT_CONFIRMATION_OK"
21572,10405445672,10405445713,1,"IOTHUB_CLIENT_CONFIRMATION_OK"
21573,10405445872,10405445963,1,"IOTHUB_CLIENT_CONFIRMATION_OK"
21574,10405446072,10405446111,1,"IOTHUB_CLIENT_CONFIRMATION_OK"
21575,10405446272,10405446311,1,"IOTHUB_CLIENT_CONFIRMATION_OK"
21576,10405446472,10405446545,1,"IOTHUB_CLIENT_CONFIRMATION_OK"
21577,10405446672,10405446711,1,"IOTHUB_CLIENT_CONFIRMATION_OK"
21578,10405446873,10405446910,1,"IOTHUB_CLIENT_CONFIRMATION_OK"
21579,10405447073,10405447114,1,"IOTHUB_CLIENT_CONFIRMATION_OK"
21580,10405447273,10405447351,1,"IOTHUB_CLIENT_CONFIRMATION_OK"
21581,10405447473,10405447526,1,"IOTHUB_CLIENT_CONFIRMATION_OK"
21582,10405447673,10405447770,1,"IOTHUB_CLIENT_CONFIRMATION_OK"
21583,10405447874,10405447908,1,"IOTHUB_CLIENT_CONFIRMATION_OK"
21584,10405448074,10405448114,1,"IOTHUB_CLIENT_CONFIRMATION_OK"
21585,10405448274,10405448366,1,"IOTHUB_CLIENT_CONFIRMATION_OK"
21586,10405448474,10405448516,1,"IOTHUB_CLIENT_CONFIRMATION_OK"
21587,10405448674,10405448711,1,"IOTHUB_CLIENT_CONFIRMATION_OK"
21588,10405448874,10405448996,1,"IOTHUB_CLIENT_CONFIRMATION_OK"
21589,10405449075,10405449111,1,"IOTHUB_CLIENT_CONFIRMATION_OK"
21590,10405449275,10405449314,1,"IOTHUB_CLIENT_CONFIRMATION_OK"
21591,10405449475,10405449515,1,"IOTHUB_CLIENT_CONFIRMATION_OK"
21592,10405449675,10405449726,1,"IOTHUB_CLIENT_CONFIRMATION_OK"
21593,10405449875,10405449917,1,"IOTHUB_CLIENT_CONFIRMATION_OK"
21594,10405450075,10405450119,1,"IOTHUB_CLIENT_CONFIRMATION_OK"
21595,10405450275,10405450315,1,"IOTHUB_CLIENT_CONFIRMATION_OK"
21596,10405450476,10405450516,1,"IOTHUB_CLIENT_CONFIRMATION_OK"
21597,10405450676,10405450713,1,"IOTHUB_CLIENT_CONFIRMATION_OK"
21598,10405450876,10405450915,1,"IOTHUB_CLIENT_CONFIRMATION_OK"
21599,10405451076,10405451228,1,"IOTHUB_CLIENT_CONFIRMATION_OK"
21600,10405451276,10405451335,1,"IOTHUB_CLIENT_CONFIRMATION_OK"
21601,10405451476,10405451521,1,"IOTHUB_CLIENT_CONFIRMATION_OK"
21602,10405451677,10405451712,1,"IOTHUB_CLIENT_CONFIRMATION_OK"
21603,10405451877,10405451915,1,"IOTHUB_CLIENT_CONFIRMATION_OK"
21604,10405452077,10405452121,1,"IOTHUB_CLIENT_CONFIRMATION_OK"
21605,10405452277,10405452318,1,"IOTHUB_CLIENT_CONFIRMATION_OK"
21606,10405452477,10405452513,1,"IOTHUB_CLIENT_CONFIRMATION_OK"
21607,10405452677,10405452715,1,"IOTHUB_CLIENT_CONFIRMATION_OK"
21608,10405452878,10405452923,1,"IOTHUB_CLIENT_CONFIRMATION_OK"
21609,10405453078,10405453137,1,"IOTHUB_CLIENT_CONFIRMATION_OK"
21610,10405453278,10405453318,1,"IOTHUB_CLIENT_CONFIRMATION_OK"
21611,10405453478,10405453512,1,"IOTHUB_CLIENT_CONFIRMATION_OK"
21612,10405453678,10405453716,1,"IOTHUB_CLIENT_CONFIRMATION_OK"
21613,10405453878,10405454008,1,"IOTHUB_CLIENT_CONFIRMATION_OK"
21614,10405454079,10405454123,1,"IOTHUB_CLIENT_CONFIRMATION_OK"
21615,10405454279,10405454324,1,"IOTHUB_CLIENT_CONFIRMATION_OK"
21616,10405454479,10405454519,1,"IOTHUB_CLIENT_CONFIRMATION_OK"
21617,10405454679,10405454746,1,"IOTHUB_CLIENT_CONFIRMATION_OK"
21618,10405454879,10405454965,1,"IOTHUB_CLIENT_CONFIRMATION_OK"
21619,10405455079,10405455128,1,"IOTHUB_CLIENT_CONFIRMATION_OK"
21620,10405455280,10405455320,1,"IOTHUB_CLIENT_CONFIRMATION_OK"
21621,10405455480,10405455525,1,"IOTHUB_CLIENT_CONFIRMATION_OK"
21622,10405455680,10405455745,1,"IOTHUB_CLIENT_CONFIRMATION_OK"
21623,10405455880,10405455920,1,"IOTHUB_CLIENT_CONFIRMATION_OK"
21624,10405456080,10405456120,1,"IOTHUB_CLIENT_CONFIRMATION_OK"
21625,10405456280,10405456341,1,"IOTHUB_CLIENT_CONFIRMATION_OK"
21626,10405456481,10405456516,1,"IOTHUB_CLIENT_CONFIRMATION_OK"
21627,10405456681,10405456765,1,"IOTHUB_CLIENT_CONFIRMATION_OK"
21628,10405456881,10405456916,1,"IOTHUB_CLIENT_CONFIRMATION_OK"
21629,10405457081,10405457130,1,"IOTHUB_CLIENT_CONFIRMATION_OK"
21630,10405457281,10405457360,1,"IOTHUB_CLIENT_CONFIRMATION_OK"
21631,10405457481,10405457542,1,"IOTHUB_CLIENT_CONFIRMATION_OK"
21632,10405457682,10405457746,1,"IOTHUB_CLIENT_CONFIRMATION_OK"
21633,10405457882,10405457975,1,"IOTHUB_CLIENT_CONFIRMATION_OK"
21634,10405458082,10405458129,1,"IOTHUB_CLIENT_CONFIRMATION_OK"
21635,10405458282,10405458331,1,"IOTHUB_CLIENT_CONFIRMATION_OK"
21636,10405458482,10405458520,1,"IOTHUB_CLIENT_CONFIRMATION_OK"
21637,10405458682,10405458726,1,"IOTHUB_CLIENT_CONFIRMATION_OK"
21638,10405458882,10405458929,1,"IOTHUB_CLIENT_CONFIRMATION_OK"
21639,10405459083,10405459127,1,"IOTHUB_CLIENT_CONFIRMATION_OK"
21640,10405459283,10405459396,1,"IOTHUB_CLIENT_CONFIRMATION_OK"
21641,10405459483,10405459636,1,"IOTHUB_CLIENT_CONFIRMATION_OK"
21642,10405459683,10405459724,1,"IOTHUB_CLIENT_CONFIRMATION_OK"
21643,10405459883,10405459935,1,"IOTHUB_CLIENT_CONFIRMATION_OK"
21644,10405460083,10405460235,1,"IOTHUB_CLIENT_CONFIRMATION_OK"
21645,10405460284,10405460323,1,"IOTHUB_CLIENT_CONFIRMATION_OK"
21646,10405460484,10405460527,1,"IOTHUB_CLIENT_CONFIRMATION_OK"
21647,10405460684,10405460726,1,"IOTHUB_CLIENT_CONFIRMATION_OK"
21648,10405460884,10405460923,1,"IOTHUB_CLIENT_CONFIRMATION_OK"
21649,10405461084,10405461124,1,"IOTHUB_CLIENT_CONFIRMATION_OK"
21650,10405461284,10405461339,1,"IOTHUB_CLIENT_CONFIRMATION_OK"
21651,10405461485,10405461523,1,"IOTHUB_CLIENT_CONFIRMATION_OK"
21652,10405461685,10405461720,1,"IOTHUB_CLIENT_CONFIRMATION_OK"
21653,10405461885,10405461946,1,"IOTHUB_CLIENT_CONFIRMATION_OK"
21654,10405462085,10405462125,1,"IOTHUB_CLIENT_CONFIRMATION_OK"
21655,10405462285,10405462462,1,"IOTHUB_CLIENT_CONFIRMATION_OK"
21656,10405462485,10405462539,1,"IOTHUB_CLIENT_CONFIRMATION_OK"
21657,10405462686,10405462723,1,"IOTHUB_CLIENT_CONFIRMATION_OK"
21658,10405462886,10405462927,1,"IOTHUB_CLIENT_CONFIRMATION_OK"
21659,10405463086,10405463127,1,"IOTHUB_CLIENT_CONFIRMATION_OK"
21660,10405463286,10405463327,1,"IOTHUB_CLIENT_CONFIRMATION_OK"
21661,10405463486,10405463557,1,"IOTHUB_CLIENT_CONFIRMATION_OK"
21662,10405463686,10405463744,1,"IOTHUB_CLIENT_CONFIRMATION_OK"
21663,10405463887,10405463931,1,"IOTHUB_CLIENT_CONFIRMATION_OK"
21664,10405464087,10405464151,1,"IOTHUB_CLIENT_CONFIRMATION_OK"
21665,10405464287,10405464322,1,"IOTHUB_CLIENT_CONFIRMATION_OK"
21666,10405464487,10405464528,1,"IOTHUB_CLIENT_CONFIRMATION_OK"
21667,10405464687,10405464730,1,"IOTHUB_CLIENT_CONFIRMATION_OK"
21668,10405464887,10405464925,1,"IOTHUB_CLIENT_CONFIRMATION_OK"
21669,10405465088,10405465226,1,"IOTHUB_CLIENT_CONFIRMATION_OK"
21670,10405465288,10405465329,1,"IOTHUB_CLIENT_CONFIRMATION_OK"
21671,10405465488,10405465530,1,"IOTHUB_CLIENT_CONFIRMATION_OK"
21672,10405465688,10405465728,1,"IOTHUB_CLIENT_CONFIRMATION_OK"
21673,10405465888,10405465933,1,"IOTHUB_CLIENT_CONFIRMATION_OK"
21674,10405466088,10405466137,1,"IOTHUB_CLIENT_CONFIRMATION_OK"
21675,10405466288,10405466381,1,"IOTHUB_CLIENT_CONFIRMATION_OK"
21676,10405466489,10405466524,1,"IOTHUB_CLIENT_CONFIRMATION_OK"
21677,10405466689,10405466732,1,"IOTHUB_CLIENT_CONFIRMATION_OK"
21678,10405466889,10405466955,1,"IOTHUB_CLIENT_CONFIRMATION_OK"
21679,10405467089,10405467146,1,"IOTHUB_CLIENT_CONFIRMATION_OK"
21680,10405467289,10405467333,1,"IOTHUB_CLIENT_CONFIRMATION_OK"
21681,10405467489,10405467534,1,"IOTHUB_CLIENT_CONFIRMATION_OK"
21682,10405467690,10405467730,1,"IOTHUB_CLIENT_CONFIRMATION_OK"
21683,10405467890,10405467967,1,"IOTHUB_CLIENT_CONFIRMATION_OK"
21684,10405468090,10405468134,1,"IOTHUB_CLIENT_CONFIRMATION_OK"
21685,10405468290,10405468342,1,"IOTHUB_CLIENT_CONFIRMATION_OK"
21686,10405468490,10405468575,1,"IOTHUB_CLIENT_CONFIRMATION_OK"
21687,10405468690,10405468730,1,"IOTHUB_CLIENT_CONFIRMATION_OK"
21688,10405468891,10405468941,1,"IOTHUB_CLIENT_CONFIRMATION_OK"
21689,10405469091,10405469202,1,"IOTHUB_CLIENT_CONFIRMATION_OK"
21690,10405469291,10405469336,1,"IOTHUB_CLIENT_CONFIRMATION_OK"
21691,10405469491,10405469544,1,"IOTHUB_CLIENT_CONFIRMATION_OK"
21692,10405469691,10405469755,1,"IOTHUB_CLIENT_CONFIRMATION_OK"
21693,10405469891,10405469935,1,"IOTHUB_CLIENT_CONFIRMATION_OK"
21694,10405470091,10405470166,1,"IOTHUB_CLIENT_CONFIRMATION_OK"
21695,10405470292,10405470337,1,"IOTHUB_CLIENT_CONFIRMATION_OK"
21696,10405470492,10405470533,1,"IOTHUB_CLIENT_CONFIRMATION_OK"
21697,10405470692,10405470742,1,"IOTHUB_CLIENT_CONFIRMATION_OK"
21698,10405470892,10405470933,1,"IOTHUB_CLIENT_CONFIRMATION_OK"
21699,10405471092,10405471135,1,"IOTHUB_CLIENT_CONFIRMATION_OK"
21700,10405471292,10405471389,1,"IOTHUB_CLIENT_CONFIRMATION_OK"
21701,10405471493,10405471559,1,"IOTHUB_CLIENT_CONFIRMATION_OK"
21702,10405471693,10405471740,1,"IOTHUB_CLIENT_CONFIRMATION_OK"
21703,10405471893,10405472002,1,"IOTHUB_CLIENT_CONFIRMATION_OK"
21704,10405472093,10405472138,1,"IOTHUB_CLIENT_CONFIRMATION_OK"
21705,10405472293,10405472339,1,"IOTHUB_CLIENT_CONFIRMATION_OK"
21706,10405472493,10405472537,1,"IOTHUB_CLIENT_CONFIRMATION_OK"
21707,10405472694,10405472745,1,"IOTHUB_CLIENT_CONFIRMATION_OK"
21708,10405472894,10405472939,1,"IOTHUB_CLIENT_CONFIRMATION_OK"
21709,10405473094,10405473136,1,"IOTHUB_CLIENT_CONFIRMATION_OK"
21710,10405473294,10405473355,1,"IOTHUB_CLIENT_CONFIRMATION_OK"
21711,10405473494,10405473688,1,"IOTHUB_CLIENT_CONFIRMATION_OK"
21712,10405473694,10405473747,1,"IOTHUB_CLIENT_CONFIRMATION_OK"
21713,10405473894,10405473939,1,"IOTHUB_CLIENT_CONFIRMATION_OK"
21714,10405474095,10405474235,1,"IOTHUB_CLIENT_CONFIRMATION_OK"
21715,10405474295,10405474329,1,"IOTHUB_CLIENT_CONFIRMATION_OK"
21716,10405474495,10405474531,1,"IOTHUB_CLIENT_CONFIRMATION_OK"
21717,10405474695,10405474743,1,"IOTHUB_CLIENT_CONFIRMATION_OK"
21718,10405474895,10405474937,1,"IOTHUB_CLIENT_CONFIRMATION_OK"
21719,10405475095,10405475137,1,"IOTHUB_CLIENT_CONFIRMATION_OK"
21720,10405475296,10405475352,1,"IOTHUB_CLIENT_CONFIRMATION_OK"
21721,10405475496,10405475539,1,"IOTHUB_CLIENT_CONFIRMATION_OK"
21722,10405475696,10405475733,1,"IOTHUB_CLIENT_CONFIRMATION_OK"
21723,10405475896,10405475939,1,"IOTHUB_CLIENT_CONFIRMATION_OK"
21724,10405476096,10405476142,1,"IOTHUB_CLIENT_CONFIRMATION_OK"
21725,10405476296,10405476484,1,"IOTHUB_CLIENT_CONFIRMATION_OK"
21726,10405476496,10405476541,1,"IOTHUB_CLIENT_CONFIRMATION_OK"
21727,10405476697,10405476733,1,"IOTHUB_CLIENT_CONFIRMATION_OK"
21728,10405476897,10405476939,1,"IOTHUB_CLIENT_CONFIRMATION_OK"
21729,10405477097,10405477136,1,"IOTHUB_CLIENT_CONFIRMATION_OK"
21730,10405477297,10405477335,1,"IOTHUB_CLIENT_CONFIRMATION_OK"
21731,10405477497,10405477533,1,"IOTHUB_CLIENT_CONFIRMATION_OK"
21732,10405477697,10405477734,1,"IOTHUB_CLIENT_CONFIRMATION_OK"
21733,10405477898,10405477956,1,"IOTHUB_CLIENT_CONFIRMATION_OK"
21734,10405478098,10405478161,1,"IOTHUB_CLIENT_CONFIRMATION_OK"
21735,10405478298,10405478346,1,"IOTHUB_CLIENT_CONFIRMATION_OK"
21736,10405478498,10405478570,1,"IOTHUB_CLIENT_CONFIRMATION_OK"
21737,10405478698,10405478759,1,"IOTHUB_CLIENT_CONFIRMATION_OK"
21738,10405478898,10405478955,1,"IOTHUB_CLIENT_CONFIRMATION_OK"
21739,10405479099,10405479175,1,"IOTHUB_CLIENT_CONFIRMATION_OK"
21740,10405479299,10405479343,1,"IOTHUB_CLIENT_CONFIRMATION_OK"
21741,10405479499,10405479536,1,"IOTHUB_CLIENT_CONFIRMATION_OK"
21742,10405479699,10405479799,1,"IOTHUB_CLIENT_CONFIRMATION_OK"
21743,10405479899,10405479955,1,"IOTHUB_CLIENT_CONFIRMATION_OK"
21744,10405480099,10405480143,1,"IOTHUB_CLIENT_CONFIRMATION_OK"
21745,10405480299,10405480390,1,"IOTHUB_CLIENT_CONFIRMATION_OK"
21746,10405480500,10405480534,1,"IOTHUB_CLIENT_CONFIRMATION_OK"
21747,10405480700,10405480740,1,"IOTHUB_CLIENT_CONFIRMATION_OK"
21748,10405480900,10405481025,1,"IOTHUB_CLIENT_CONFIRMATION_OK"
21749,10405481100,10405481134,1,"IOTHUB_CLIENT_CONFIRMATION_OK"
21750,10405481300,10405481341,1,"IOTHUB_CLIENT_CONFIRMATION_OK"
21751,10405481500,10405481569,1,"IOTHUB_CLIENT_CONFIRMATION_OK"
21752,10405481700,10405481737,1,"IOTHUB_CLIENT_CONFIRMATION_OK"
21753,10405481901,10405482095,1,"IOTHUB_CLIENT_CONFIRMATION_OK"
21754,10405482101,10405482156,1,"IOTHUB_CLIENT_CONFIRMATION_OK"
21755,10405482301,10405482335,1,"IOTHUB_CLIENT_CONFIRMATION_OK"
21756,10405482501,10405482701,1,"IOTHUB_CLIENT_CONFIRMATION_OK"
21757,10405482701,10405482843,1,"IOTHUB_CLIENT_CONFIRMATION_OK"
21758,10405482901,10405482949,1,"IOTHUB_CLIENT_CONFIRMATION_OK"
21759,10405483102,10405483140,1,"IOTHUB_CLIENT_CONFIRMATION_OK"
21760,10405483302,10405483344,1,"IOTHUB_CLIENT_CONFIRMATION_OK"
21761,10405483502,10405483561,1,"IOTHUB_CLIENT_CONFIRMATION_OK"
21762,10405483702,10405483746,1,"IOTHUB_CLIENT_CONFIRMATION_OK"
21763,10405483902,10405483943,1,"IOTHUB_CLIENT_CONFIRMATION_OK"
21764,10405484102,10405484135,1,"IOTHUB_CLIENT_CONFIRMATION_OK"
21765,10405484302,10405484373,1,"IOTHUB_CLIENT_CONFIRMATION_OK"
21766,10405484503,10405484547,1,"IOTHUB_CLIENT_CONFIRMATION_OK"
21767,10405484703,10405484819,1,"IOTHUB_CLIENT_CONFIRMATION_OK"
21768,10405484903,10405484936,1,"IOTHUB_CLIENT_CONFIRMATION_OK"
21769,10405485103,10405485142,1,"IOTHUB_CLIENT_CONFIRMATION_OK"
21770,10405485303,10405485373,1,"IOTHUB_CLIENT_CONFIRMATION_OK"
21771,10405485504,10405485543,1,"IOTHUB_CLIENT_CONFIRMATION_OK"
21772,10405485704,10405485744,1,"IOTHUB_CLIENT_CONFIRMATION_OK"
21773,10405485904,10405486004,1,"IOTHUB_CLIENT_CONFIRMATION_OK"
21774,10405486104,10405486150,1,"IOTHUB_CLIENT_CONFIRMATION_OK"
21775,10405486304,10405486342,1,"IOTHUB_CLIENT_CONFIRMATION_OK"
21776,10405486504,10405486607,1,"IOTHUB_CLIENT_CONFIRMATION_OK"
21777,10405486704,10405486741,1,"IOTHUB_CLIENT_CONFIRMATION_OK"
21778,10405486905,10405486945,1,"IOTHUB_CLIENT_CONFIRMATION_OK"
21779,10405487105,10405487151,1,"IOTHUB_CLIENT_CONFIRMATION_OK"
21780,10405487305,10405487353,1,"IOTHUB_CLIENT_CONFIRMATION_OK"
21781,10405487505,10405487572,1,"IOTHUB_CLIENT_CONFIRMATION_OK"
21782,10405487705,10405487742,1,"IOTHUB_CLIENT_CONFIRMATION_OK"
21783,10405487905,10405487971,1,"IOTHUB_CLIENT_CONFIRMATION_OK"
21784,10405488106,10405488218,1,"IOTHUB_CLIENT_CONFIRMATION_OK"
21785,10405488306,10405488350,1,"IOTHUB_CLIENT_CONFIRMATION_OK"
21786,10405488506,10405488547,1,"IOTHUB_CLIENT_CONFIRMATION_OK"
21787,10405488706,10405488841,1,"IOTHUB_CLIENT_CONFIRMATION_OK"
21788,10405488906,10405488946,1,"IOTHUB_CLIENT_CONFIRMATION_OK"
21789,10405489106,10405489166,1,"IOTHUB_CLIENT_CONFIRMATION_OK"
21790,10405489307,10405489343,1,"IOTHUB_CLIENT_CONFIRMATION_OK"
21791,10405489507,10405489547,1,"IOTHUB_CLIENT_CONFIRMATION_OK"
21792,10405489707,10405489742,1,"IOTHUB_CLIENT_CONFIRMATION_OK"
21793,10405489907,10405489944,1,"IOTHUB_CLIENT_CONFIRMATION_OK"
21794,10405490107,10405490141,1,"IOTHUB_CLIENT_CONFIRMATION_OK"
21795,10405490307,10405490353,1,"IOTHUB_CLIENT_CONFIRMATION_OK"
21796,10405490507,10405490542,1,"IOTHUB_CLIENT_CONFIRMATION_OK"
21797,10405490708,10405490745,1,"IOTHUB_CLIENT_CONFIRMATION_OK"
21798,10405490908,10405490941,1,"IOTHUB_CLIENT_CONFIRMATION_OK"
21799,10405491108,10405491150,1,"IOTHUB_CLIENT_CONFIRMATION_OK"
21800,10405491308,10405491350,1,"IOTHUB_CLIENT_CONFIRMATION_OK"
21801,10405491508,10405491559,1,"IOTHUB_CLIENT_CONFIRMATION_OK"
21802,10405491708,10405491744,1,"IOTHUB_CLIENT_CONFIRMATION_OK"
21803,10405491908,10405491948,1,"IOTHUB_CLIENT_CONFIRMATION_OK"
21804,10405492109,10405492153,1,"IOTHUB_CLIENT_CONFIRMATION_OK"
21805,10405492309,10405492425,1,"IOTHUB_CLIENT_CONFIRMATION_OK"
21806,10405492509,10405492550,1,"IOTHUB_CLIENT_CONFIRMATION_OK"
21807,10405492709,10405492748,1,"IOTHUB_CLIENT_CONFIRMATION_OK"
21808,10405492909,10405492964,1,"IOTHUB_CLIENT_CONFIRMATION_OK"
21809,10405493109,10405493147,1,"IOTHUB_CLIENT_CONFIRMATION_OK"
21810,10405493310,10405493356,1,"IOTHUB_CLIENT_CONFIRMATION_OK"
21811,10405493510,10405493549,1,"IOTHUB_CLIENT_CONFIRMATION_OK"
21812,10405493710,10405493755,1,"IOTHUB_CLIENT_CONFIRMATION_OK"
21813,10405493910,10405493955,1,"IOTHUB_CLIENT_CONFIRMATION_OK"
21814,10405494110,10405494150,1,"IOTHUB_CLIENT_CONFIRMATION_OK"
21815,10405494310,10405494348,1,"IOTHUB_CLIENT_CONFIRMATION_OK"
21816,10405494510,10405494550,1,"IOTHUB_CLIENT_CONFIRMATION_OK"
21817,10405494711,10405494755,1,"IOTHUB_CLIENT_CONFIRMATION_OK"
21818,10405494911,10405494978,1,"IOTHUB_CLIENT_CONFIRMATION_OK"
21819,10405495111,10405495155,1,"IOTHUB_CLIENT_CONFIRMATION_OK"
21820,10405495311,10405495414,1,"IOTHUB_CLIENT_CONFIRMATION_OK"
21821,10405495511,10405495614,1,"IOTHUB_CLIENT_CONFIRMATION_OK"
21822,10405495711,10405495754,1,"IOTHUB_CLIENT_CONFIRMATION_OK"
21823,10405495912,10405495954,1,"IOTHUB_CLIENT_CONFIRMATION_OK"
21824,10405496112,10405496177,1,"IOTHUB_CLIENT_CONFIRMATION_OK"
21825,10405496312,10405496354,1,"IOTHUB_CLIENT_CONFIRMATION_OK"
21826,10405496512,10405496650,1,"IOTHUB_CLIENT_CONFIRMATION_OK"
21827,10405496712,10405496762,1,"IOTHUB_CLIENT_CONFIRMATION_OK"
21828,10405496912,10405496957,1,"IOTHUB_CLIENT_CONFIRMATION_OK"
21829,10405497113,10405497283,1,"IOTHUB_CLIENT_CONFIRMATION_OK"
21830,10405497313,10405497390,1,"IOTHUB_CLIENT_CONFIRMATION_OK"
21831,10405497513,10405497551,1,"IOTHUB_CLIENT_CONFIRMATION_OK"
21832,10405497713,10405497756,1,"IOTHUB_CLIENT_CONFIRMATION_OK"
21833,10405497913,10405497948,1,"IOTHUB_CLIENT_CONFIRMATION_OK"
21834,10405498113,10405498167,1,"IOTHUB_CLIENT_CONFIRMATION_OK"
21835,10405498314,10405498357,1,"IOTHUB_CLIENT_CONFIRMATION_OK"
21836,10405498514,10405498557,1,"IOTHUB_CLIENT_CONFIRMATION_OK"
21837,10405498714,10405498747,1,"IOTHUB_CLIENT_CONFIRMATION_OK"
21838,10405498914,10405498956,1,"IOTHUB_CLIENT_CONFIRMATION_OK"
21839,10405499114,10405499245,1,"IOTHUB_CLIENT_CONFIRMATION_OK"
21840,10405499314,10405499527,1,"IOTHUB_CLIENT_CONFIRMATION_OK"
21841,10405499514,10405499558,1,"IOTHUB_CLIENT_CONFIRMATION_OK"
21842,10405499715,10405499771,1,"IOTHUB_CLIENT_CONFIRMATION_OK"
21843,10405499915,10405499958,1,"IOTHUB_CLIENT_CONFIRMATION_OK"
21844,10405500115,10405500157,1,"IOTHUB_CLIENT_CONFIRMATION_OK"
21845,10405500315,10405500350,1,"IOTHUB_CLIENT_CONFIRMATION_OK"
21846,10405500515,10405500556,1,"IOTHUB_CLIENT_CONFIRMATION_OK"
21847,10405500715,10405500763,1,"IOTHUB_CLIENT_CONFIRMATION_OK"
21848,10405500915,10405500952,1,"IOTHUB_CLIENT_CONFIRMATION_OK"
21849,10405501116,10405501189,1,"IOTHUB_CLIENT_CONFIRMATION_OK"
21850,10405501316,10405501351,1,"IOTHUB_CLIENT_CONFIRMATION_OK"
21851,10405501516,10405501559,1,"IOTHUB_CLIENT_CONFIRMATION_OK"
21852,10405501716,10405501818,1,"IOTHUB_CLIENT_CONFIRMATION_OK"
21853,10405501916,10405501965,1,"IOTHUB_CLIENT_CONFIRMATION_OK"
21854,10405502116,10405502172,1,"IOTHUB_CLIENT_CONFIRMATION_OK"
21855,10405502317,10405502372,1,"IOTHUB_CLIENT_CONFIRMATION_OK"
21856,10405502517,10405502606,1,"IOTHUB_CLIENT_CONFIRMATION_OK"
21857,10405502717,10405502797,1,"IOTHUB_CLIENT_CONFIRMATION_OK"
21858,10405502917,10405502967,1,"IOTHUB_CLIENT_CONFIRMATION_OK"
21859,10405503117,10405503169,1,"IOTHUB_CLIENT_CONFIRMATION_OK"
21860,10405503317,10405503396,1,"IOTHUB_CLIENT_CONFIRMATION_OK"
21861,10405503518,10405503568,1,"IOTHUB_CLIENT_CONFIRMATION_OK"
21862,10405503718,10405503797,1,"IOTHUB_CLIENT_CONFIRMATION_OK"
21863,10405503918,10405504075,1,"IOTHUB_CLIENT_CONFIRMATION_OK"
21864,10405504118,10405504389,1,"IOTHUB_CLIENT_CONFIRMATION_OK"
21865,10405504318,10405504519,1,"IOTHUB_CLIENT_CONFIRMATION_OK"
21866,10405504518,10405504898,1,"IOTHUB_CLIENT_CONFIRMATION_OK"
21867,10405504719,10405504964,1,"IOTHUB_CLIENT_CONFIRMATION_OK"
21868,10405504919,10405505086,1,"IOTHUB_CLIENT_CONFIRMATION_OK"
21869,10405505119,10405505170,1,"IOTHUB_CLIENT_CONFIRMATION_OK"
21870,10405505319,10405505360,1,"IOTHUB_CLIENT_CONFIRMATION_OK"
21871,10405505519,10405505625,1,"IOTHUB_CLIENT_CONFIRMATION_OK"
21872,10405505719,10405505775,1,"IOTHUB_CLIENT_CONFIRMATION_OK"
21873,10405505920,10405505966,1,"IOTHUB_CLIENT_CONFIRMATION_OK"
21874,10405506120,10405506235,1,"IOTHUB_CLIENT_CONFIRMATION_OK"
21875,10405506320,10405506363,1,"IOTHUB_CLIENT_CONFIRMATION_OK"
21876,10405506520,10405506576,1,"IOTHUB_CLIENT_CONFIRMATION_OK"
21877,10405506720,10405506766,1,"IOTHUB_CLIENT_CONFIRMATION_OK"
21878,10405506920,10405506957,1,"IOTHUB_CLIENT_CONFIRMATION_OK"
21879,10405507121,10405507207,1,"IOTHUB_CLIENT_CONFIRMATION_OK"
21880,10405507321,10405507363,1,"IOTHUB_CLIENT_CONFIRMATION_OK"
21881,10405507521,10405507556,1,"IOTHUB_CLIENT_CONFIRMATION_OK"
21882,10405507721,10405507891,1,"IOTHUB_CLIENT_CONFIRMATION_OK"
21883,10405507921,10405507960,1,"IOTHUB_CLIENT_CONFIRMATION_OK"
21884,10405508121,10405508157,1,"IOTHUB_CLIENT_CONFIRMATION_OK"
21885,10405508322,10405508501,1,"IOTHUB_CLIENT_CONFIRMATION_OK"
21886,10405508522,10405508557,1,"IOTHUB_CLIENT_CONFIRMATION_OK"
21887,10405508722,10405508763,1,"IOTHUB_CLIENT_CONFIRMATION_OK"
21888,10405508922,10405508972,1,"IOTHUB_CLIENT_CONFIRMATION_OK"
21889,10405509122,10405509191,1,"IOTHUB_CLIENT_CONFIRMATION_OK"
21890,10405509322,10405509364,1,"IOTHUB_CLIENT_CONFIRMATION_OK"
21891,10405509523,10405509630,1,"IOTHUB_CLIENT_CONFIRMATION_OK"
21892,10405509723,10405509767,1,"IOTHUB_CLIENT_CONFIRMATION_OK"
21893,10405509923,10405509968,1,"IOTHUB_CLIENT_CONFIRMATION_OK"
21894,10405510123,10405510165,1,"IOTHUB_CLIENT_CONFIRMATION_OK"
21895,10405510323,10405510370,1,"IOTHUB_CLIENT_CONFIRMATION_OK"
21896,10405510523,10405510642,1,"IOTHUB_CLIENT_CONFIRMATION_OK"
21897,10405510724,10405510763,1,"IOTHUB_CLIENT_CONFIRMATION_OK"
21898,10405510924,10405510991,1,"IOTHUB_CLIENT_CONFIRMATION_OK"
21899,10405511124,10405511251,1,"IOTHUB_CLIENT_CONFIRMATION_OK"
21900,10405511324,10405511363,1,"IOTHUB_CLIENT_CONFIRMATION_OK"
21901,10405511524,10405511563,1,"IOTHUB_CLIENT_CONFIRMATION_OK"
21902,10405511724,10405511875,1,"IOTHUB_CLIENT_CONFIRMATION_OK"
21903,10405511925,10405511966,1,"IOTHUB_CLIENT_CONFIRMATION_OK"
21904,10405512125,10405512161,1,"IOTHUB_CLIENT_CONFIRMATION_OK"
21905,10405512325,10405512473,1,"IOTHUB_CLIENT_CONFIRMATION_OK"
21906,10405512525,10405512568,1,"IOTHUB_CLIENT_CONFIRMATION_OK"
21907,10405512725,10405512771,1,"IOTHUB_CLIENT_CONFIRMATION_OK"
21908,10405512925,10405512967,1,"IOTHUB_CLIENT_CONFIRMATION_OK"
21909,10405513126,10405513163,1,"IOTHUB_CLIENT_CONFIRMATION_OK"
21910,10405513326,10405513373,1,"IOTHUB_CLIENT_CONFIRMATION_OK"
21911,10405513526,10405513560,1,"IOTHUB_CLIENT_CONFIRMATION_OK"
21912,10405513726,10405513765,1,"IOTHUB_CLIENT_CONFIRMATION_OK"
21913,10405513926,10405514109,1,"IOTHUB_CLIENT_CONFIRMATION_OK"
21914,10405514126,10405514162,1,"IOTHUB_CLIENT_CONFIRMATION_OK"
21915,10405514327,10405514385,1,"IOTHUB_CLIENT_CONFIRMATION_OK"
21916,10405514527,10405514563,1,"IOTHUB_CLIENT_CONFIRMATION_OK"
21917,10405514727,10405514762,1,"IOTHUB_CLIENT_CONFIRMATION_OK"
21918,10405514927,10405514983,1,"IOTHUB_CLIENT_CONFIRMATION_OK"
21919,10405515127,10405515169,1,"IOTHUB_CLIENT_CONFIRMATION_OK"
21920,10405515327,10405515366,1,"IOTHUB_CLIENT_CONFIRMATION_OK"
21921,10405515528,10405515572,1,"IOTHUB_CLIENT_CONFIRMATION_OK"
21922,10405515728,10405515771,1,"IOTHUB_CLIENT_CONFIRMATION_OK"
21923,10405515928,10405515973,1,"IOTHUB_CLIENT_CONFIRMATION_OK"
21924,10405516128,10405516189,1,"IOTHUB_CLIENT_CONFIRMATION_OK"
21925,10405516328,10405516370,1,"IOTHUB_CLIENT_CONFIRMATION_OK"
21926,10405516528,10405516582,1,"IOTHUB_CLIENT_CONFIRMATION_OK"
21927,10405516728,10405516764,1,"IOTHUB_CLIENT_CONFIRMATION_OK"
21928,10405516929,10405516973,1,"IOTHUB_CLIENT_CONFIRMATION_OK"
21929,10405517129,10405517171,1,"IOTHUB_CLIENT_CONFIRMATION_OK"
21930,10405517329,10405517372,1,"IOTHUB_CLIENT_CONFIRMATION_OK"
21931,10405517529,10405517581,1,"IOTHUB_CLIENT_CONFIRMATION_OK"
21932,10405517729,10405517764,1,"IOTHUB_CLIENT_CONFIRMATION_OK"
21933,10405517929,10405517973,1,"IOTHUB_CLIENT_CONFIRMATION_OK"
21934,10405518130,10405518176,1,"IOTHUB_CLIENT_CONFIRMATION_OK"
21935,10405518330,10405518390,1,"IOTHUB_CLIENT_CONFIRMATION_OK"
21936,10405518530,10405518594,1,"IOTHUB_CLIENT_CONFIRMATION_OK"
21937,10405518730,10405518769,1,"IOTHUB_CLIENT_CONFIRMATION_OK"
21938,10405518930,10405518968,1,"IOTHUB_CLIENT_CONFIRMATION_OK"
21939,10405519130,10405519184,1,"IOTHUB_CLIENT_CONFIRMATION_OK"
21940,10405519331,10405519437,1,"IOTHUB_CLIENT_CONFIRMATION_OK"
21941,10405519531,10405519622,1,"IOTHUB_CLIENT_CONFIRMATION_OK"
21942,10405519731,10405519769,1,"IOTHUB_CLIENT_CONFIRMATION_OK"
21943,10405519931,10405519971,1,"IOTHUB_CLIENT_CONFIRMATION_OK"
21944,10405520131,10405520225,1,"IOTHUB_CLIENT_CONFIRMATION_OK"
21945,10405520331,10405520373,1,"IOTHUB_CLIENT_CONFIRMATION_OK"
21946,10405520532,10405520584,1,"IOTHUB_CLIENT_CONFIRMATION_OK"
21947,10405520732,10405520844,1,"IOTHUB_CLIENT_CONFIRMATION_OK"
21948,10405520932,10405520995,1,"IOTHUB_CLIENT_CONFIRMATION_OK"
21949,10405521132,10405521169,1,"IOTHUB_CLIENT_CONFIRMATION_OK"
21950,10405521332,10405521379,1,"IOTHUB_CLIENT_CONFIRMATION_OK"
21951,10405521532,10405521578,1,"IOTHUB_CLIENT_CONFIRMATION_OK"
21952,10405521733,10405521779,1,"IOTHUB_CLIENT_CONFIRMATION_OK"
21953,10405521933,10405521967,1,"IOTHUB_CLIENT_CONFIRMATION_OK"
21954,10405522133,10405522174,1,"IOTHUB_CLIENT_CONFIRMATION_OK"
21955,10405522333,10405522540,1,"IOTHUB_CLIENT_CONFIRMATION_OK"
21956,10405522533,10405522583,1,"IOTHUB_CLIENT_CONFIRMATION_OK"
21957,10405522733,10405522788,1,"IOTHUB_CLIENT_CONFIRMATION_OK"
21958,10405522934,10405523174,1,"IOTHUB_CLIENT_CONFIRMATION_OK"
21959,10405523134,10405523193,1,"IOTHUB_CLIENT_CONFIRMATION_OK"
21960,10405523334,10405523378,1,"IOTHUB_CLIENT_CONFIRMATION_OK"
21961,10405523534,10405523606,1,"IOTHUB_CLIENT_CONFIRMATION_OK"
21962,10405523734,10405523777,1,"IOTHUB_CLIENT_CONFIRMATION_OK"
21963,10405523934,10405523981,1,"IOTHUB_CLIENT_CONFIRMATION_OK"
21964,10405524135,10405524204,1,"IOTHUB_CLIENT_CONFIRMATION_OK"
21965,10405524335,10405524376,1,"IOTHUB_CLIENT_CONFIRMATION_OK"
21966,10405524535,10405524575,1,"IOTHUB_CLIENT_CONFIRMATION_OK"
21967,10405524735,10405524779,1,"IOTHUB_CLIENT_CONFIRMATION_OK"
21968,10405524935,10405524971,1,"IOTHUB_CLIENT_CONFIRMATION_OK"
21969,10405525135,10405525206,1,"IOTHUB_CLIENT_CONFIRMATION_OK"
21970,10405525336,10405525380,1,"IOTHUB_CLIENT_CONFIRMATION_OK"
21971,10405525536,10405525571,1,"IOTHUB_CLIENT_CONFIRMATION_OK"
21972,10405525736,10405525833,1,"IOTHUB_CLIENT_CONFIRMATION_OK"
21973,10405525936,10405525981,1,"IOTHUB_CLIENT_CONFIRMATION_OK"
21974,10405526136,10405526172,1,"IOTHUB_CLIENT_CONFIRMATION_OK"
21975,10405526336,10405526440,1,"IOTHUB_CLIENT_CONFIRMATION_OK"
21976,10405526536,10405526569,1,"IOTHUB_CLIENT_CONFIRMATION_OK"
21977,10405526737,10405526777,1,"IOTHUB_CLIENT_CONFIRMATION_OK"
21978,10405526937,10405526984,1,"IOTHUB_CLIENT_CONFIRMATION_OK"
21979,10405527137,10405527180,1,"IOTHUB_CLIENT_CONFIRMATION_OK"
21980,10405527337,10405527381,1,"IOTHUB_CLIENT_CONFIRMATION_OK"
21981,10405527537,10405527577,1,"IOTHUB_CLIENT_CONFIRMATION_OK"
21982,10405527737,10405527776,1,"IOTHUB_CLIENT_CONFIRMATION_OK"
21983,10405527938,10405528010,1,"IOTHUB_CLIENT_CONFIRMATION_OK"
21984,10405528138,10405528215,1,"IOTHUB_CLIENT_CONFIRMATION_OK"
21985,10405528338,10405528382,1,"IOTHUB_CLIENT_CONFIRMATION_OK"
21986,10405528538,10405528615,1,"IOTHUB_CLIENT_CONFIRMATION_OK"
21987,10405528738,10405528792,1,"IOTHUB_CLIENT_CONFIRMATION_OK"
21988,10405528938,10405529000,1,"IOTHUB_CLIENT_CONFIRMATION_OK"
21989,10405529138,10405529191,1,"IOTHUB_CLIENT_CONFIRMATION_OK"
21990,10405529339,10405529378,1,"IOTHUB_CLIENT_CONFIRMATION_OK"
21991,10405529539,10405529607,1,"IOTHUB_CLIENT_CONFIRMATION_OK"
21992,10405529739,10405529781,1,"IOTHUB_CLIENT_CONFIRMATION_OK"
21993,10405529939,10405529981,1,"IOTHUB_CLIENT_CONFIRMATION_OK"
21994,10405530139,10405530180,1,"IOTHUB_CLIENT_CONFIRMATION_OK"
21995,10405530339,10405530403,1,"IOTHUB_CLIENT_CONFIRMATION_OK"
21996,10405530540,10405530590,1,"IOTHUB_CLIENT_CONFIRMATION_OK"
21997,10405530740,10405530861,1,"IOTHUB_CLIENT_CONFIRMATION_OK"
21998,10405530940,10405530981,1,"IOTHUB_CLIENT_CONFIRMATION_OK"
21999,10405531140,10405531184,1,"IOTHUB_CLIENT_CONFIRMATION_OK"
22000,10405531340,10405531496,1,"IOTHUB_CLIENT_CONFIRMATION_OK"
22001,10405531540,10405531587,1,"IOTHUB_CLIENT_CONFIRMATION_OK"
22002,10405531741,10405531778,1,"IOTHUB_CLIENT_CONFIRMATION_OK"
22003,10405531941,10405531996,1,"IOTHUB_CLIENT_CONFIRMATION_OK"
22004,10405532141,10405532175,1,"IOTHUB_CLIENT_CONFIRMATION_OK"
22005,10405532341,10405532388,1,"IOTHUB_CLIENT_CONFIRMATION_OK"
22006,10405532541,10405532577,1,"IOTHUB_CLIENT_CONFIRMATION_OK"
22007,10405532741,10405532817,1,"IOTHUB_CLIENT_CONFIRMATION_OK"
22008,10405532942,10405532993,1,"IOTHUB_CLIENT_CONFIRMATION_OK"
22009,10405533142,10405533200,1,"IOTHUB_CLIENT_CONFIRMATION_OK"
22010,10405533342,10405533398,1,"IOTHUB_CLIENT_CONFIRMATION_OK"
22011,10405533542,10405533584,1,"IOTHUB_CLIENT_CONFIRMATION_OK"
22012,10405533742,10405533779,1,"IOTHUB_CLIENT_CONFIRMATION_OK"
22013,10405533942,10405533988,1,"IOTHUB_CLIENT_CONFIRMATION_OK"
22014,10405534143,10405534194,1,"IOTHUB_CLIENT_CONFIRMATION_OK"
22015,10405534343,10405534378,1,"IOTHUB_CLIENT_CONFIRMATION_OK"
22016,10405534543,10405534596,1,"IOTHUB_CLIENT_CONFIRMATION_OK"
22017,10405534743,10405534794,1,"IOTHUB_CLIENT_CONFIRMATION_OK"
22018,10405534943,10405534999,1,"IOTHUB_CLIENT_CONFIRMATION_OK"
22019,10405535143,10405535179,1,"IOTHUB_CLIENT_CONFIRMATION_OK"
22020,10405535344,10405535403,1,"IOTHUB_CLIENT_CONFIRMATION_OK"
22021,10405535544,10405535580,1,"IOTHUB_CLIENT_CONFIRMATION_OK"
22022,10405535744,10405535782,1,"IOTHUB_CLIENT_CONFIRMATION_OK"
22023,10405535944,10405535980,1,"IOTHUB_CLIENT_CONFIRMATION_OK"
22024,10405536144,10405536203,1,"IOTHUB_CLIENT_CONFIRMATION_OK"
22025,10405536344,10405536425,1,"IOTHUB_CLIENT_CONFIRMATION_OK"
22026,10405536544,10405536593,1,"IOTHUB_CLIENT_CONFIRMATION_OK"
22027,10405536745,10405536786,1,"IOTHUB_CLIENT_CONFIRMATION_OK"
22028,10405536945,10405537039,1,"IOTHUB_CLIENT_CONFIRMATION_OK"
22029,10405537145,10405537185,1,"IOTHUB_CLIENT_CONFIRMATION_OK"
22030,10405537345,10405537391,1,"IOTHUB_CLIENT_CONFIRMATION_OK"
22031,10405537545,10405537636,1,"IOTHUB_CLIENT_CONFIRMATION_OK"
22032,10405537745,10405537787,1,"IOTHUB_CLIENT_CONFIRMATION_OK"
22033,10405537946,10405538057,1,"IOTHUB_CLIENT_CONFIRMATION_OK"
22034,10405538146,10405538260,1,"IOTHUB_CLIENT_CONFIRMATION_OK"
22035,10405538346,10405538402,1,"IOTHUB_CLIENT_CONFIRMATION_OK"
22036,10405538546,10405538580,1,"IOTHUB_CLIENT_CONFIRMATION_OK"
22037,10405538746,10405538791,1,"IOTHUB_CLIENT_CONFIRMATION_OK"
22038,10405538946,10405538990,1,"IOTHUB_CLIENT_CONFIRMATION_OK"
22039,10405539147,10405539272,1,"IOTHUB_CLIENT_CONFIRMATION_OK"
22040,10405539347,10405539395,1,"IOTHUB_CLIENT_CONFIRMATION_OK"
22041,10405539547,10405539584,1,"IOTHUB_CLIENT_CONFIRMATION_OK"
22042,10405539747,10405539884,1,"IOTHUB_CLIENT_CONFIRMATION_OK"
22043,10405539947,10405539995,1,"IOTHUB_CLIENT_CONFIRMATION_OK"
22044,10405540147,10405540189,1,"IOTHUB_CLIENT_CONFIRMATION_OK"
22045,10405540348,10405540499,1,"IOTHUB_CLIENT_CONFIRMATION_OK"
22046,10405540548,10405540580,1,"IOTHUB_CLIENT_CONFIRMATION_OK"
22047,10405540748,10405540781,1,"IOTHUB_CLIENT_CONFIRMATION_OK"
22048,10405540948,10405541009,1,"IOTHUB_CLIENT_CONFIRMATION_OK"
22049,10405541148,10405541203,1,"IOTHUB_CLIENT_CONFIRMATION_OK"
22050,10405541348,10405541385,1,"IOTHUB_CLIENT_CONFIRMATION_OK"
22051,10405541549,10405541589,1,"IOTHUB_CLIENT_CONFIRMATION_OK"
22052,10405541749,10405541809,1,"IOTHUB_CLIENT_CONFIRMATION_OK"
22053,10405541949,10405541987,1,"IOTHUB_CLIENT_CONFIRMATION_OK"
22054,10405542149,10405542192,1,"IOTHUB_CLIENT_CONFIRMATION_OK"
22055,10405542349,10405542418,1,"IOTHUB_CLIENT_CONFIRMATION_OK"
22056,10405542549,10405542637,1,"IOTHUB_CLIENT_CONFIRMATION_OK"
22057,10405542749,10405542799,1,"IOTHUB_CLIENT_CONFIRMATION_OK"
22058,10405542950,10405542992,1,"IOTHUB_CLIENT_CONFIRMATION_OK"
22059,10405543150,10405543242,1,"IOTHUB_CLIENT_CONFIRMATION_OK"
22060,10405543350,10405543404,1,"IOTHUB_CLIENT_CONFIRMATION_OK"
22061,10405543550,10405543622,1,"IOTHUB_CLIENT_CONFIRMATION_OK"
22062,10405543750,10405543855,1,"IOTHUB_CLIENT_CONFIRMATION_OK"
22063,10405543950,10405543999,1,"IOTHUB_CLIENT_CONFIRMATION_OK"
22064,10405544151,10405544189,1,"IOTHUB_CLIENT_CONFIRMATION_OK"
22065,10405544351,10405544387,1,"IOTHUB_CLIENT_CONFIRMATION_OK"
22066,10405544551,10405544606,1,"IOTHUB_CLIENT_CONFIRMATION_OK"
22067,10405544751,10405544799,1,"IOTHUB_CLIENT_CONFIRMATION_OK"
22068,10405544951,10405544989,1,"IOTHUB_CLIENT_CONFIRMATION_OK"
22069,10405545151,10405545205,1,"IOTHUB_CLIENT_CONFIRMATION_OK"
22070,10405545351,10405545504,1,"IOTHUB_CLIENT_CONFIRMATION_OK"
22071,10405545552,10405545594,1,"IOTHUB_CLIENT_CONFIRMATION_OK"
22072,10405545752,10405545789,1,"IOTHUB_CLIENT_CONFIRMATION_OK"
22073,10405545952,10405546086,1,"IOTHUB_CLIENT_CONFIRMATION_OK"
22074,10405546152,10405546209,1,"IOTHUB_CLIENT_CONFIRMATION_OK"
22075,10405546352,10405546418,1,"IOTHUB_CLIENT_CONFIRMATION_OK"
22076,10405546552,10405546600,1,"IOTHUB_CLIENT_CONFIRMATION_OK"
22077,10405546753,10405546791,1,"IOTHUB_CLIENT_CONFIRMATION_OK"
22078,10405546953,10405546991,1,"IOTHUB_CLIENT_CONFIRMATION_OK"
22079,10405547153,10405547192,1,"IOTHUB_CLIENT_CONFIRMATION_OK"
22080,10405547353,10405547390,1,"IOTHUB_CLIENT_CONFIRMATION_OK"
22081,10405547553,10405547609,1,"IOTHUB_CLIENT_CONFIRMATION_OK"
22082,10405547754,10405547841,1,"IOTHUB_CLIENT_CONFIRMATION_OK"
22083,10405547954,10405547987,1,"IOTHUB_CLIENT_CONFIRMATION_OK"
22084,10405548154,10405548206,1,"IOTHUB_CLIENT_CONFIRMATION_OK"
22085,10405548354,10405548413,1,"IOTHUB_CLIENT_CONFIRMATION_OK"
22086,10405548554,10405548600,1,"IOTHUB_CLIENT_CONFIRMATION_OK"
22087,10405548754,10405548835,1,"IOTHUB_CLIENT_CONFIRMATION_OK"
22088,10405548954,10405548997,1,"IOTHUB_CLIENT_CONFIRMATION_OK"
22089,10405549155,10405549196,1,"IOTHUB_CLIENT_CONFIRMATION_OK"
22090,10405549355,10405549503,1,"IOTHUB_CLIENT_CONFIRMATION_OK"
22091,10405549555,10405549595,1,"IOTHUB_CLIENT_CONFIRMATION_OK"
22092,10405549755,10405549793,1,"IOTHUB_CLIENT_CONFIRMATION_OK"
22093,10405549955,10405549992,1,"IOTHUB_CLIENT_CONFIRMATION_OK"
22094,10405550155,10405550194,1,"IOTHUB_CLIENT_CONFIRMATION_OK"
22095,10405550356,10405550397,1,"IOTHUB_CLIENT_CONFIRMATION_OK"
22096,10405550556,10405550594,1,"IOTHUB_CLIENT_CONFIRMATION_OK"
22097,10405550756,10405550789,1,"IOTHUB_CLIENT_CONFIRMATION_OK"
22098,10405550956,10405551153,1,"IOTHUB_CLIENT_CONFIRMATION_OK"
22099,10405551156,10405551192,1,"IOTHUB_CLIENT_CONFIRMATION_OK"
22100,10405551356,10405551433,1,"IOTHUB_CLIENT_CONFIRMATION_OK"
22101,10405551557,10405551598,1,"IOTHUB_CLIENT_CONFIRMATION_OK"
22102,10405551757,10405551800,1,"IOTHUB_CLIENT_CONFIRMATION_OK"
22103,10405551957,10405552004,1,"IOTHUB_CLIENT_CONFIRMATION_OK"
22104,10405552157,10405552195,1,"IOTHUB_CLIENT_CONFIRMATION_OK"
22105,10405552357,10405552412,1,"IOTHUB_CLIENT_CONFIRMATION_OK"
22106,10405552557,10405552592,1,"IOTHUB_CLIENT_CONFIRMATION_OK"
22107,10405552758,10405552796,1,"IOTHUB_CLIENT_CONFIRMATION_OK"
22108,10405552958,10405552995,1,"IOTHUB_CLIENT_CONFIRMATION_OK"
22109,10405553158,10405553212,1,"IOTHUB_CLIENT_CONFIRMATION_OK"
22110,10405553358,10405553416,1,"IOTHUB_CLIENT_CONFIRMATION_OK"
22111,10405553558,10405553603,1,"IOTHUB_CLIENT_CONFIRMATION_OK"
22112,10405553758,10405553801,1,"IOTHUB_CLIENT_CONFIRMATION_OK"
22113,10405553959,10405554021,1,"IOTHUB_CLIENT_CONFIRMATION_OK"
22114,10405554159,10405554225,1,"IOTHUB_CLIENT_CONFIRMATION_OK"
22115,10405554359,10405554416,1,"IOTHUB_CLIENT_CONFIRMATION_OK"
22116,10405554559,10405554618,1,"IOTHUB_CLIENT_CONFIRMATION_OK"
22117,10405554759,10405554807,1,"IOTHUB_CLIENT_CONFIRMATION_OK"
22118,10405554959,10405555052,1,"IOTHUB_CLIENT_CONFIRMATION_OK"
22119,10405555159,10405555215,1,"IOTHUB_CLIENT_CONFIRMATION_OK"
22120,10405555360,10405555487,1,"IOTHUB_CLIENT_CONFIRMATION_OK"
22121,10405555560,10405555687,1,"IOTHUB_CLIENT_CONFIRMATION_OK"
22122,10405555760,10405555796,1,"IOTHUB_CLIENT_CONFIRMATION_OK"
22123,10405555960,10405556005,1,"IOTHUB_CLIENT_CONFIRMATION_OK"
22124,10405556160,10405556211,1,"IOTHUB_CLIENT_CONFIRMATION_OK"
22125,10405556360,10405556457,1,"IOTHUB_CLIENT_CONFIRMATION_OK"
22126,10405556561,10405556744,1,"IOTHUB_CLIENT_CONFIRMATION_OK"
22127,10405556761,10405556801,1,"IOTHUB_CLIENT_CONFIRMATION_OK"
22128,10405556961,10405557004,1,"IOTHUB_CLIENT_CONFIRMATION_OK"
22129,10405557161,10405557325,1,"IOTHUB_CLIENT_CONFIRMATION_OK"
22130,10405557361,10405557402,1,"IOTHUB_CLIENT_CONFIRMATION_OK"
22131,10405557561,10405557604,1,"IOTHUB_CLIENT_CONFIRMATION_OK"
22132,10405557762,10405557808,1,"IOTHUB_CLIENT_CONFIRMATION_OK"
22133,10405557962,10405558001,1,"IOTHUB_CLIENT_CONFIRMATION_OK"
22134,10405558162,10405558204,1,"IOTHUB_CLIENT_CONFIRMATION_OK"
22135,10405558362,10405558397,1,"IOTHUB_CLIENT_CONFIRMATION_OK"
22136,10405558562,10405558606,1,"IOTHUB_CLIENT_CONFIRMATION_OK"
22137,10405558762,10405558822,1,"IOTHUB_CLIENT_CONFIRMATION_OK"
22138,10405558963,10405559001,1,"IOTHUB_CLIENT_CONFIRMATION_OK"
22139,10405559163,10405559199,1,"IOTHUB_CLIENT_CONFIRMATION_OK"
22140,10405559363,10405559589,1,"IOTHUB_CLIENT_CONFIRMATION_OK"
22141,10405559563,10405559611,1,"IOTHUB_CLIENT_CONFIRMATION_OK"
22142,10405559763,10405559823,1,"IOTHUB_CLIENT_CONFIRMATION_OK"
22143,10405559963,10405560006,1,"IOTHUB_CLIENT_CONFIRMATION_OK"
22144,10405560164,10405560222,1,"IOTHUB_CLIENT_CONFIRMATION_OK"
22145,10405560364,10405560405,1,"IOTHUB_CLIENT_CONFIRMATION_OK"
22146,10405560564,10405560634,1,"IOTHUB_CLIENT_CONFIRMATION_OK"
22147,10405560764,10405560806,1,"IOTHUB_CLIENT_CONFIRMATION_OK"
22148,10405560964,10405561009,1,"IOTHUB_CLIENT_CONFIRMATION_OK"
22149,10405561164,10405561213,1,"IOTHUB_CLIENT_CONFIRMATION_OK"
22150,10405561365,10405561409,1,"IOTHUB_CLIENT_CONFIRMATION_OK"
22151,10405561565,10405561606,1,"IOTHUB_CLIENT_CONFIRMATION_OK"
22152,10405561765,10405561826,1,"IOTHUB_CLIENT_CONFIRMATION_OK"
22153,10405561965,10405562006,1,"IOTHUB_CLIENT_CONFIRMATION_OK"
22154,10405562165,10405562229,1,"IOTHUB_CLIENT_CONFIRMATION_OK"
22155,10405562365,10405562414,1,"IOTHUB_CLIENT_CONFIRMATION_OK"
22156,10405562566,10405562609,1,"IOTHUB_CLIENT_CONFIRMATION_OK"
22157,10405562766,10405562857,1,"IOTHUB_CLIENT_CONFIRMATION_OK"
22158,10405562966,10405563008,1,"IOTHUB_CLIENT_CONFIRMATION_OK"
22159,10405563166,10405563276,1,"IOTHUB_CLIENT_CONFIRMATION_OK"
22160,10405563366,10405563468,1,"IOTHUB_CLIENT_CONFIRMATION_OK"
22161,10405563566,10405563600,1,"IOTHUB_CLIENT_CONFIRMATION_OK"
22162,10405563767,10405563813,1,"IOTHUB_CLIENT_CONFIRMATION_OK"
22163,10405563967,10405564004,1,"IOTHUB_CLIENT_CONFIRMATION_OK"
22164,10405564167,10405564229,1,"IOTHUB_CLIENT_CONFIRMATION_OK"
22165,10405564367,10405564422,1,"IOTHUB_CLIENT_CONFIRMATION_OK"
22166,10405564567,10405564612,1,"IOTHUB_CLIENT_CONFIRMATION_OK"
22167,10405564767,10405564820,1,"IOTHUB_CLIENT_CONFIRMATION_OK"
22168,10405564967,10405565123,1,"IOTHUB_CLIENT_CONFIRMATION_OK"
22169,10405565168,10405565210,1,"IOTHUB_CLIENT_CONFIRMATION_OK"
22170,10405565368,10405565410,1,"IOTHUB_CLIENT_CONFIRMATION_OK"
22171,10405565568,10405565708,1,"IOTHUB_CLIENT_CONFIRMATION_OK"
22172,10405565768,10405565806,1,"IOTHUB_CLIENT_CONFIRMATION_OK"
22173,10405565968,10405566008,1,"IOTHUB_CLIENT_CONFIRMATION_OK"
22174,10405566168,10405566346,1,"IOTHUB_CLIENT_CONFIRMATION_OK"
22175,10405566369,10405566415,1,"IOTHUB_CLIENT_CONFIRMATION_OK"
22176,10405566569,10405566607,1,"IOTHUB_CLIENT_CONFIRMATION_OK"
22177,10405566769,10405566809,1,"IOTHUB_CLIENT_CONFIRMATION_OK"
22178,10405566969,10405567008,1,"IOTHUB_CLIENT_CONFIRMATION_OK"
22179,10405567169,10405567210,1,"IOTHUB_CLIENT_CONFIRMATION_OK"
22180,10405567369,10405567410,1,"IOTHUB_CLIENT_CONFIRMATION_OK"
22181,10405567570,10405567614,1,"IOTHUB_CLIENT_CONFIRMATION_OK"
22182,10405567770,10405567971,1,"IOTHUB_CLIENT_CONFIRMATION_OK"
22183,10405567970,10405568010,1,"IOTHUB_CLIENT_CONFIRMATION_OK"
22184,10405568170,10405568250,1,"IOTHUB_CLIENT_CONFIRMATION_OK"
22185,10405568370,10405568492,1,"IOTHUB_CLIENT_CONFIRMATION_OK"
22186,10405568570,10405568671,1,"IOTHUB_CLIENT_CONFIRMATION_OK"
22187,10405568771,10405568819,1,"IOTHUB_CLIENT_CONFIRMATION_OK"
22188,10405568971,10405569077,1,"IOTHUB_CLIENT_CONFIRMATION_OK"
22189,10405569171,10405569222,1,"IOTHUB_CLIENT_CONFIRMATION_OK"
22190,10405569371,10405569445,1,"IOTHUB_CLIENT_CONFIRMATION_OK"
22191,10405569571,10405569615,1,"IOTHUB_CLIENT_CONFIRMATION_OK"
22192,10405569771,10405569813,1,"IOTHUB_CLIENT_CONFIRMATION_OK"
22193,10405569971,10405570010,1,"IOTHUB_CLIENT_CONFIRMATION_OK"
22194,10405570172,10405570237,1,"IOTHUB_CLIENT_CONFIRMATION_OK"
22195,10405570372,10405570425,1,"IOTHUB_CLIENT_CONFIRMATION_OK"
22196,10405570572,10405570734,1,"IOTHUB_CLIENT_CONFIRMATION_OK"
22197,10405570772,10405570807,1,"IOTHUB_CLIENT_CONFIRMATION_OK"
22198,10405570972,10405571011,1,"IOTHUB_CLIENT_CONFIRMATION_OK"
22199,10405571172,10405571351,1,"IOTHUB_CLIENT_CONFIRMATION_OK"
22200,10405571373,10405571421,1,"IOTHUB_CLIENT_CONFIRMATION_OK"
22201,10405571573,10405571627,1,"IOTHUB_CLIENT_CONFIRMATION_OK"
22202,10405571773,10405571815,1,"IOTHUB_CLIENT_CONFIRMATION_OK"
22203,10405571973,10405572016,1,"IOTHUB_CLIENT_CONFIRMATION_OK"
22204,10405572173,10405572256,1,"IOTHUB_CLIENT_CONFIRMATION_OK"
22205,10405572373,10405572421,1,"IOTHUB_CLIENT_CONFIRMATION_OK"
22206,10405572574,10405572621,1,"IOTHUB_CLIENT_CONFIRMATION_OK"
22207,10405572774,10405572814,1,"IOTHUB_CLIENT_CONFIRMATION_OK"
22208,10405572974,10405573016,1,"IOTHUB_CLIENT_CONFIRMATION_OK"
22209,10405573174,10405573213,1,"IOTHUB_CLIENT_CONFIRMATION_OK"
22210,10405573374,10405573428,1,"IOTHUB_CLIENT_CONFIRMATION_OK"
22211,10405573574,10405573623,1,"IOTHUB_CLIENT_CONFIRMATION_OK"
22212,10405573775,10405573815,1,"IOTHUB_CLIENT_CONFIRMATION_OK"
22213,10405573975,10405574046,1,"IOTHUB_CLIENT_CONFIRMATION_OK"
22214,10405574175,10405574253,1,"IOTHUB_CLIENT_CONFIRMATION_OK"
22215,10405574375,10405574418,1,"IOTHUB_CLIENT_CONFIRMATION_OK"
22216,10405574575,10405574682,1,"IOTHUB_CLIENT_CONFIRMATION_OK"
22217,10405574775,10405574823,1,"IOTHUB_CLIENT_CONFIRMATION_OK"
22218,10405574975,10405575024,1,"IOTHUB_CLIENT_CONFIRMATION_OK"
22219,10405575176,10405575279,1,"IOTHUB_CLIENT_CONFIRMATION_OK"
22220,10405575376,10405575439,1,"IOTHUB_CLIENT_CONFIRMATION_OK"
22221,10405575576,10405575611,1,"IOTHUB_CLIENT_CONFIRMATION_OK"
22222,10405575776,10405575821,1,"IOTHUB_CLIENT_CONFIRMATION_OK"
22223,10405575976,10405576020,1,"IOTHUB_CLIENT_CONFIRMATION_OK"
22224,10405576176,10405576217,1,"IOTHUB_CLIENT_CONFIRMATION_OK"
22225,10405576377,10405576415,1,"IOTHUB_CLIENT_CONFIRMATION_OK"
22226,10405576577,10405576615,1,"IOTHUB_CLIENT_CONFIRMATION_OK"
22227,10405576777,10405576938,1,"IOTHUB_CLIENT_CONFIRMATION_OK"
22228,10405576977,10405577017,1,"IOTHUB_CLIENT_CONFIRMATION_OK"
22229,10405577177,10405577236,1,"IOTHUB_CLIENT_CONFIRMATION_OK"
22230,10405577377,10405577520,1,"IOTHUB_CLIENT_CONFIRMATION_OK"
22231,10405577577,10405577653,1,"IOTHUB_CLIENT_CONFIRMATION_OK"
22232,10405577778,10405577896,1,"IOTHUB_CLIENT_CONFIRMATION_OK"
22233,10405577978,10405578020,1,"IOTHUB_CLIENT_CONFIRMATION_OK"
22234,10405578178,10405578217,1,"IOTHUB_CLIENT_CONFIRMATION_OK"
22235,10405578378,10405578444,1,"IOTHUB_CLIENT_CONFIRMATION_OK"
22236,10405578578,10405578624,1,"IOTHUB_CLIENT_CONFIRMATION_OK"
22237,10405578778,10405578990,1,"IOTHUB_CLIENT_CONFIRMATION_OK"
22238,10405578979,10405579081,1,"IOTHUB_CLIENT_CONFIRMATION_OK"
22239,10405579179,10405579524,1,"IOTHUB_CLIENT_CONFIRMATION_OK"
22240,10405579379,10405579622,1,"IOTHUB_CLIENT_CONFIRMATION_OK"
22241,10405579579,10405579768,1,"IOTHUB_CLIENT_CONFIRMATION_OK"
22242,10405579779,10405579813,1,"IOTHUB_CLIENT_CONFIRMATION_OK"
22243,10405579979,10405580016,1,"IOTHUB_CLIENT_CONFIRMATION_OK"
22244,10405580180,10405580214,1,"IOTHUB_CLIENT_CONFIRMATION_OK"
22245,10405580380,10405580439,1,"IOTHUB_CLIENT_CONFIRMATION_OK"
22246,10405580580,10405580624,1,"IOTHUB_CLIENT_CONFIRMATION_OK"
22247,10405580780,10405580839,1,"IOTHUB_CLIENT_CONFIRMATION_OK"
22248,10405580980,10405581030,1,"IOTHUB_CLIENT_CONFIRMATION_OK"
22249,10405581180,10405581221,1,"IOTHUB_CLIENT_CONFIRMATION_OK"
22250,10405581380,10405581424,1,"IOTHUB_CLIENT_CONFIRMATION_OK"
22251,10405581581,10405581619,1,"IOTHUB_CLIENT_CONFIRMATION_OK"
22252,10405581781,10405581828,1,"IOTHUB_CLIENT_CONFIRMATION_OK"
22253,10405581981,10405582031,1,"IOTHUB_CLIENT_CONFIRMATION_OK"
22254,10405582181,10405582216,1,"IOTHUB_CLIENT_CONFIRMATION_OK"
22255,10405582381,10405582421,1,"IOTHUB_CLIENT_CONFIRMATION_OK"
22256,10405582581,10405582620,1,"IOTHUB_CLIENT_CONFIRMATION_OK"
22257,10405582782,10405582848,1,"IOTHUB_CLIENT_CONFIRMATION_OK"
22258,10405582982,10405583031,1,"IOTHUB_CLIENT_CONFIRMATION_OK"
22259,10405583182,10405583232,1,"IOTHUB_CLIENT_CONFIRMATION_OK"
22260,10405583382,10405583426,1,"IOTHUB_CLIENT_CONFIRMATION_OK"
22261,10405583582,10405583662,1,"IOTHUB_CLIENT_CONFIRMATION_OK"
22262,10405583782,10405583819,1,"IOTHUB_CLIENT_CONFIRMATION_OK"
22263,10405583983,10405584035,1,"IOTHUB_CLIENT_CONFIRMATION_OK"
22264,10405584183,10405584227,1,"IOTHUB_CLIENT_CONFIRMATION_OK"
22265,10405584383,10405584425,1,"IOTHUB_CLIENT_CONFIRMATION_OK"
22266,10405584583,10405584624,1,"IOTHUB_CLIENT_CONFIRMATION_OK"
22267,10405584783,10405584818,1,"IOTHUB_CLIENT_CONFIRMATION_OK"
22268,10405584983,10405585021,1,"IOTHUB_CLIENT_CONFIRMATION_OK"
22269,10405585183,10405585281,1,"IOTHUB_CLIENT_CONFIRMATION_OK"
22270,10405585384,10405585432,1,"IOTHUB_CLIENT_CONFIRMATION_OK"
22271,10405585584,10405585626,1,"IOTHUB_CLIENT_CONFIRMATION_OK"
22272,10405585784,10405585896,1,"IOTHUB_CLIENT_CONFIRMATION_OK"
22273,10405585984,10405586019,1,"IOTHUB_CLIENT_CONFIRMATION_OK"
22274,10405586184,10405586228,1,"IOTHUB_CLIENT_CONFIRMATION_OK"
22275,10405586384,10405586510,1,"IOTHUB_CLIENT_CONFIRMATION_OK"
22276,10405586585,10405586637,1,"IOTHUB_CLIENT_CONFIRMATION_OK"
22277,10405586785,10405586823,1,"IOTHUB_CLIENT_CONFIRMATION_OK"
22278,10405586985,10405587155,1,"IOTHUB_CLIENT_CONFIRMATION_OK"
22279,10405587185,10405587221,1,"IOTHUB_CLIENT_CONFIRMATION_OK"
22280,10405587385,10405587436,1,"IOTHUB_CLIENT_CONFIRMATION_OK"
22281,10405587585,10405587627,1,"IOTHUB_CLIENT_CONFIRMATION_OK"
22282,10405587786,10405587827,1,"IOTHUB_CLIENT_CONFIRMATION_OK"
22283,10405587986,10405588169,1,"IOTHUB_CLIENT_CONFIRMATION_OK"
22284,10405588186,10405588229,1,"IOTHUB_CLIENT_CONFIRMATION_OK"
22285,10405588386,10405588424,1,"IOTHUB_CLIENT_CONFIRMATION_OK"
22286,10405588586,10405588627,1,"IOTHUB_CLIENT_CONFIRMATION_OK"
22287,10405588786,10405588850,1,"IOTHUB_CLIENT_CONFIRMATION_OK"
22288,10405588987,10405589026,1,"IOTHUB_CLIENT_CONFIRMATION_OK"
22289,10405589187,10405589223,1,"IOTHUB_CLIENT_CONFIRMATION_OK"
22290,10405589387,10405589423,1,"IOTHUB_CLIENT_CONFIRMATION_OK"
22291,10405589587,10405589625,1,"IOTHUB_CLIENT_CONFIRMATION_OK"
22292,10405589787,10405589824,1,"IOTHUB_CLIENT_CONFIRMATION_OK"
22293,10405589987,10405590027,1,"IOTHUB_CLIENT_CONFIRMATION_OK"
22294,10405590187,10405590222,1,"IOTHUB_CLIENT_CONFIRMATION_OK"
22295,10405590388,10405590427,1,"IOTHUB_CLIENT_CONFIRMATION_OK"
22296,10405590588,10405590630,1,"IOTHUB_CLIENT_CONFIRMATION_OK"
22297,10405590788,10405590829,1,"IOTHUB_CLIENT_CONFIRMATION_OK"
22298,10405590988,10405591030,1,"IOTHUB_CLIENT_CONFIRMATION_OK"
22299,10405591188,10405591222,1,"IOTHUB_CLIENT_CONFIRMATION_OK"
22300,10405591388,10405591436,1,"IOTHUB_CLIENT_CONFIRMATION_OK"
22301,10405591589,10405591631,1,"IOTHUB_CLIENT_CONFIRMATION_OK"
22302,10405591789,10405591847,1,"IOTHUB_CLIENT_CONFIRMATION_OK"
22303,10405591989,10405592056,1,"IOTHUB_CLIENT_CONFIRMATION_OK"
22304,10405592189,10405592229,1,"IOTHUB_CLIENT_CONFIRMATION_OK"
22305,10405592389,10405592434,1,"IOTHUB_CLIENT_CONFIRMATION_OK"
22306,10405592589,10405592673,1,"IOTHUB_CLIENT_CONFIRMATION_OK"
22307,10405592790,10405592825,1,"IOTHUB_CLIENT_CONFIRMATION_OK"
22308,10405592990,10405593033,1,"IOTHUB_CLIENT_CONFIRMATION_OK"
22309,10405593190,10405593225,1,"IOTHUB_CLIENT_CONFIRMATION_OK"
22310,10405593390,10405593426,1,"IOTHUB_CLIENT_CONFIRMATION_OK"
22311,10405593590,10405593663,1,"IOTHUB_CLIENT_CONFIRMATION_OK"
22312,10405593790,10405593828,1,"IOTHUB_CLIENT_CONFIRMATION_OK"
22313,10405593990,10405594056,1,"IOTHUB_CLIENT_CONFIRMATION_OK"
22314,10405594191,10405594282,1,"IOTHUB_CLIENT_CONFIRMATION_OK"
22315,10405594391,10405594428,1,"IOTHUB_CLIENT_CONFIRMATION_OK"
22316,10405594591,10405594634,1,"IOTHUB_CLIENT_CONFIRMATION_OK"
22317,10405594791,10405594901,1,"IOTHUB_CLIENT_CONFIRMATION_OK"
22318,10405594991,10405595033,1,"IOTHUB_CLIENT_CONFIRMATION_OK"
22319,10405595191,10405595234,1,"IOTHUB_CLIENT_CONFIRMATION_OK"
22320,10405595392,10405595432,1,"IOTHUB_CLIENT_CONFIRMATION_OK"
22321,10405595592,10405595636,1,"IOTHUB_CLIENT_CONFIRMATION_OK"
22322,10405595792,10405595827,1,"IOTHUB_CLIENT_CONFIRMATION_OK"
22323,10405595992,10405596037,1,"IOTHUB_CLIENT_CONFIRMATION_OK"
22324,10405596192,10405596236,1,"IOTHUB_CLIENT_CONFIRMATION_OK"
22325,10405596392,10405596477,1,"IOTHUB_CLIENT_CONFIRMATION_OK"
22326,10405596593,10405596643,1,"IOTHUB_CLIENT_CONFIRMATION_OK"
22327,10405596793,10405596840,1,"IOTHUB_CLIENT_CONFIRMATION_OK"
22328,10405596993,10405597125,1,"IOTHUB_CLIENT_CONFIRMATION_OK"
22329,10405597193,10405597283,1,"IOTHUB_CLIENT_CONFIRMATION_OK"
22330,10405597393,10405597439,1,"IOTHUB_CLIENT_CONFIRMATION_OK"
22331,10405597593,10405597757,1,"IOTHUB_CLIENT_CONFIRMATION_OK"
22332,10405597794,10405597845,1,"IOTHUB_CLIENT_CONFIRMATION_OK"
22333,10405597994,10405598030,1,"IOTHUB_CLIENT_CONFIRMATION_OK"
22334,10405598194,10405598235,1,"IOTHUB_CLIENT_CONFIRMATION_OK"
22335,10405598394,10405598438,1,"IOTHUB_CLIENT_CONFIRMATION_OK"
22336,10405598594,10405598642,1,"IOTHUB_CLIENT_CONFIRMATION_OK"
22337,10405598794,10405598859,1,"IOTHUB_CLIENT_CONFIRMATION_OK"
22338,10405598995,10405599031,1,"IOTHUB_CLIENT_CONFIRMATION_OK"
22339,10405599195,10405599348,1,"IOTHUB_CLIENT_CONFIRMATION_OK"
22340,10405599395,10405599451,1,"IOTHUB_CLIENT_CONFIRMATION_OK"
22341,10405599595,10405599670,1,"IOTHUB_CLIENT_CONFIRMATION_OK"
22342,10405599795,10405599978,1,"IOTHUB_CLIENT_CONFIRMATION_OK"
22343,10405599995,10405600033,1,"IOTHUB_CLIENT_CONFIRMATION_OK"
22344,10405600195,10405600259,1,"IOTHUB_CLIENT_CONFIRMATION_OK"
22345,10405600396,10405600437,1,"IOTHUB_CLIENT_CONFIRMATION_OK"
22346,10405600596,10405600641,1,"IOTHUB_CLIENT_CONFIRMATION_OK"
22347,10405600796,10405600859,1,"IOTHUB_CLIENT_CONFIRMATION_OK"
22348,10405600996,10405601033,1,"IOTHUB_CLIENT_CONFIRMATION_OK"
22349,10405601196,10405601238,1,"IOTHUB_CLIENT_CONFIRMATION_OK"
22350,10405601396,10405601435,1,"IOTHUB_CLIENT_CONFIRMATION_OK"
22351,10405601597,10405601684,1,"IOTHUB_CLIENT_CONFIRMATION_OK"
22352,10405601797,10405601837,1,"IOTHUB_CLIENT_CONFIRMATION_OK"
22353,10405601997,10405602038,1,"IOTHUB_CLIENT_CONFIRMATION_OK"
22354,10405602197,10405602248,1,"IOTHUB_CLIENT_CONFIRMATION_OK"
22355,10405602397,10405602439,1,"IOTHUB_CLIENT_CONFIRMATION_OK"
22356,10405602597,10405602657,1,"IOTHUB_CLIENT_CONFIRMATION_OK"
22357,10405602798,10405602839,1,"IOTHUB_CLIENT_CONFIRMATION_OK"
22358,10405602998,10405603038,1,"IOTHUB_CLIENT_CONFIRMATION_OK"
22359,10405603198,10405603240,1,"IOTHUB_CLIENT_CONFIRMATION_OK"
22360,10405603398,10405603448,1,"IOTHUB_CLIENT_CONFIRMATION_OK"
22361,10405603598,10405603636,1,"IOTHUB_CLIENT_CONFIRMATION_OK"
22362,10405603798,10405603837,1,"IOTHUB_CLIENT_CONFIRMATION_OK"
22363,10405603998,10405604037,1,"IOTHUB_CLIENT_CONFIRMATION_OK"
22364,10405604199,10405604235,1,"IOTHUB_CLIENT_CONFIRMATION_OK"
22365,10405604399,10405604437,1,"IOTHUB_CLIENT_CONFIRMATION_OK"
22366,10405604599,10405604643,1,"IOTHUB_CLIENT_CONFIRMATION_OK"
22367,10405604799,10405604845,1,"IOTHUB_CLIENT_CONFIRMATION_OK"
22368,10405604999,10405605075,1,"IOTHUB_CLIENT_CONFIRMATION_OK"
22369,10405605199,10405605239,1,"IOTHUB_CLIENT_CONFIRMATION_OK"
22370,10405605400,10405605470,1,"IOTHUB_CLIENT_CONFIRMATION_OK"
22371,10405605600,10405605642,1,"IOTHUB_CLIENT_CONFIRMATION_OK"
22372,10405605800,10405605871,1,"IOTHUB_CLIENT_CONFIRMATION_OK"
22373,10405606000,10405606045,1,"IOTHUB_CLIENT_CONFIRMATION_OK"
22374,10405606200,10405606370,1,"IOTHUB_CLIENT_CONFIRMATION_OK"
22375,10405606400,10405606449,1,"IOTHUB_CLIENT_CONFIRMATION_OK"
22376,10405606601,10405606644,1,"IOTHUB_CLIENT_CONFIRMATION_OK"
22377,10405606801,10405606841,1,"IOTHUB_CLIENT_CONFIRMATION_OK"
22378,10405607001,10405607044,1,"IOTHUB_CLIENT_CONFIRMATION_OK"
22379,10405607201,10405607248,1,"IOTHUB_CLIENT_CONFIRMATION_OK"
22380,10405607401,10405607569,1,"IOTHUB_CLIENT_CONFIRMATION_OK"
22381,10405607601,10405607652,1,"IOTHUB_CLIENT_CONFIRMATION_OK"
22382,10405607801,10405607864,1,"IOTHUB_CLIENT_CONFIRMATION_OK"
22383,10405608002,10405608054,1,"IOTHUB_CLIENT_CONFIRMATION_OK"
22384,10405608202,10405608246,1,"IOTHUB_CLIENT_CONFIRMATION_OK"
22385,10405608402,10405608437,1,"IOTHUB_CLIENT_CONFIRMATION_OK"
22386,10405608602,10405608640,1,"IOTHUB_CLIENT_CONFIRMATION_OK"
22387,10405608802,10405608844,1,"IOTHUB_CLIENT_CONFIRMATION_OK"
22388,10405609002,10405609045,1,"IOTHUB_CLIENT_CONFIRMATION_OK"
22389,10405609203,10405609247,1,"IOTHUB_CLIENT_CONFIRMATION_OK"
22390,10405609403,10405609444,1,"IOTHUB_CLIENT_CONFIRMATION_OK"
22391,10405609603,10405609647,1,"IOTHUB_CLIENT_CONFIRMATION_OK"
22392,10405609803,10405609851,1,"IOTHUB_CLIENT_CONFIRMATION_OK"
22393,10405610003,10405610049,1,"IOTHUB_CLIENT_CONFIRMATION_OK"
22394,10405610203,10405610244,1,"IOTHUB_CLIENT_CONFIRMATION_OK"
22395,10405610403,10405610445,1,"IOTHUB_CLIENT_CONFIRMATION_OK"
22396,10405610604,10405610701,1,"IOTHUB_CLIENT_CONFIRMATION_OK"
22397,10405610804,10405610844,1,"IOTHUB_CLIENT_CONFIRMATION_OK"
22398,10405611004,10405611046,1,"IOTHUB_CLIENT_CONFIRMATION_OK"
22399,10405611204,10405611247,1,"IOTHUB_CLIENT_CONFIRMATION_OK"
22400,10405611404,10405611445,1,"IOTHUB_CLIENT_CONFIRMATION_OK"
22401,10405611605,10405611673,1,"IOTHUB_CLIENT_CONFIRMATION_OK"
22402,10405611805,10405611841,1,"IOTHUB_CLIENT_CONFIRMATION_OK"
22403,10405612005,10405612052,1,"IOTHUB_CLIENT_CONFIRMATION_OK"
22404,10405612205,10405612256,1,"IOTHUB_CLIENT_CONFIRMATION_OK"
22405,10405612405,10405612444,1,"IOTHUB_CLIENT_CONFIRMATION_OK"
22406,10405612605,10405612654,1,"IOTHUB_CLIENT_CONFIRMATION_OK"
22407,10405612806,10405612871,1,"IOTHUB_CLIENT_CONFIRMATION_OK"
22408,10405613006,10405613054,1,"IOTHUB_CLIENT_CONFIRMATION_OK"
22409,10405613206,10405613250,1,"IOTHUB_CLIENT_CONFIRMATION_OK"
22410,10405613406,10405613447,1,"IOTHUB_CLIENT_CONFIRMATION_OK"
22411,10405613606,10405613651,1,"IOTHUB_CLIENT_CONFIRMATION_OK"
22412,10405613806,10405613907,1,"IOTHUB_CLIENT_CONFIRMATION_OK"
22413,10405614007,10405614062,1,"IOTHUB_CLIENT_CONFIRMATION_OK"
22414,10405614207,10405614252,1,"IOTHUB_CLIENT_CONFIRMATION_OK"
22415,10405614407,10405614486,1,"IOTHUB_CLIENT_CONFIRMATION_OK"
22416,10405614607,10405614646,1,"IOTHUB_CLIENT_CONFIRMATION_OK"
22417,10405614807,10405614847,1,"IOTHUB_CLIENT_CONFIRMATION_OK"
22418,10405615007,10405615180,1,"IOTHUB_CLIENT_CONFIRMATION_OK"
22419,10405615208,10405615257,1,"IOTHUB_CLIENT_CONFIRMATION_OK"
22420,10405615408,10405615456,1,"IOTHUB_CLIENT_CONFIRMATION_OK"
22421,10405615608,10405615656,1,"IOTHUB_CLIENT_CONFIRMATION_OK"
22422,10405615808,10405615848,1,"IOTHUB_CLIENT_CONFIRMATION_OK"
22423,10405616008,10405616054,1,"IOTHUB_CLIENT_CONFIRMATION_OK"
22424,10405616208,10405616253,1,"IOTHUB_CLIENT_CONFIRMATION_OK"
22425,10405616409,10405616474,1,"IOTHUB_CLIENT_CONFIRMATION_OK"
22426,10405616609,10405616722,1,"IOTHUB_CLIENT_CONFIRMATION_OK"
22427,10405616809,10405616847,1,"IOTHUB_CLIENT_CONFIRMATION_OK"
22428,10405617009,10405617051,1,"IOTHUB_CLIENT_CONFIRMATION_OK"
22429,10405617209,10405617330,1,"IOTHUB_CLIENT_CONFIRMATION_OK"
22430,10405617409,10405617452,1,"IOTHUB_CLIENT_CONFIRMATION_OK"
22431,10405617610,10405617659,1,"IOTHUB_CLIENT_CONFIRMATION_OK"
22432,10405617810,10405617888,1,"IOTHUB_CLIENT_CONFIRMATION_OK"
22433,10405618010,10405618060,1,"IOTHUB_CLIENT_CONFIRMATION_OK"
22434,10405618210,10405618248,1,"IOTHUB_CLIENT_CONFIRMATION_OK"
22435,10405618410,10405618454,1,"IOTHUB_CLIENT_CONFIRMATION_OK"
22436,10405618610,10405618704,1,"IOTHUB_CLIENT_CONFIRMATION_OK"
22437,10405618811,10405618850,1,"IOTHUB_CLIENT_CONFIRMATION_OK"
22438,10405619011,10405619050,1,"IOTHUB_CLIENT_CONFIRMATION_OK"
22439,10405619211,10405619258,1,"IOTHUB_CLIENT_CONFIRMATION_OK"
22440,10405619411,10405619679,1,"IOTHUB_CLIENT_CONFIRMATION_OK"
22441,10405619611,10405619687,1,"IOTHUB_CLIENT_CONFIRMATION_OK"
22442,10405619811,10405619848,1,"IOTHUB_CLIENT_CONFIRMATION_OK"
22443,10405620011,10405620049,1,"IOTHUB_CLIENT_CONFIRMATION_OK"
22444,10405620212,10405620248,1,"IOTHUB_CLIENT_CONFIRMATION_OK"
22445,10405620412,10405620463,1,"IOTHUB_CLIENT_CONFIRMATION_OK"
22446,10405620612,10405620660,1,"IOTHUB_CLIENT_CONFIRMATION_OK"
22447,10405620812,10405620852,1,"IOTHUB_CLIENT_CONFIRMATION_OK"
22448,10405621012,10405621047,1,"IOTHUB_CLIENT_CONFIRMATION_OK"
22449,10405621212,10405621337,1,"IOTHUB_CLIENT_CONFIRMATION_OK"
22450,10405621413,10405621456,1,"IOTHUB_CLIENT_CONFIRMATION_OK"
22451,10405621613,10405621675,1,"IOTHUB_CLIENT_CONFIRMATION_OK"
22452,10405621813,10405621859,1,"IOTHUB_CLIENT_CONFIRMATION_OK"
22453,10405622013,10405622063,1,"IOTHUB_CLIENT_CONFIRMATION_OK"
22454,10405622213,10405622308,1,"IOTHUB_CLIENT_CONFIRMATION_OK"
22455,10405622413,10405622451,1,"IOTHUB_CLIENT_CONFIRMATION_OK"
22456,10405622614,10405622658,1,"IOTHUB_CLIENT_CONFIRMATION_OK"
22457,10405622814,10405622901,1,"IOTHUB_CLIENT_CONFIRMATION_OK"
22458,10405623014,10405623052,1,"IOTHUB_CLIENT_CONFIRMATION_OK"
22459,10405623214,10405623258,1,"IOTHUB_CLIENT_CONFIRMATION_OK"
22460,10405623414,10405623520,1,"IOTHUB_CLIENT_CONFIRMATION_OK"
22461,10405623614,10405623655,1,"IOTHUB_CLIENT_CONFIRMATION_OK"
22462,10405623815,10405623870,1,"IOTHUB_CLIENT_CONFIRMATION_OK"
22463,10405624015,10405624138,1,"IOTHUB_CLIENT_CONFIRMATION_OK"
22464,10405624215,10405624254,1,"IOTHUB_CLIENT_CONFIRMATION_OK"
22465,10405624415,10405624465,1,"IOTHUB_CLIENT_CONFIRMATION_OK"
22466,10405624615,10405624657,1,"IOTHUB_CLIENT_CONFIRMATION_OK"
22467,10405624815,10405624854,1,"IOTHUB_CLIENT_CONFIRMATION_OK"
22468,10405625016,10405625143,1,"IOTHUB_CLIENT_CONFIRMATION_OK"
22469,10405625216,10405625268,1,"IOTHUB_CLIENT_CONFIRMATION_OK"
22470,10405625416,10405625450,1,"IOTHUB_CLIENT_CONFIRMATION_OK"
22471,10405625616,10405625749,1,"IOTHUB_CLIENT_CONFIRMATION_OK"
22472,10405625816,10405625866,1,"IOTHUB_CLIENT_CONFIRMATION_OK"
22473,10405626016,10405626062,1,"IOTHUB_CLIENT_CONFIRMATION_OK"
22474,10405626216,10405626355,1,"IOTHUB_CLIENT_CONFIRMATION_OK"
22475,10405626417,10405626456,1,"IOTHUB_CLIENT_CONFIRMATION_OK"
22476,10405626617,10405626661,1,"IOTHUB_CLIENT_CONFIRMATION_OK"
22477,10405626817,10405626853,1,"IOTHUB_CLIENT_CONFIRMATION_OK"
22478,10405627017,10405627051,1,"IOTHUB_CLIENT_CONFIRMATION_OK"
22479,10405627217,10405627265,1,"IOTHUB_CLIENT_CONFIRMATION_OK"
22480,10405627417,10405627453,1,"IOTHUB_CLIENT_CONFIRMATION_OK"
22481,10405627618,10405627668,1,"IOTHUB_CLIENT_CONFIRMATION_OK"
22482,10405627818,10405627979,1,"IOTHUB_CLIENT_CONFIRMATION_OK"
22483,10405628018,10405628059,1,"IOTHUB_CLIENT_CONFIRMATION_OK"
22484,10405628218,10405628251,1,"IOTHUB_CLIENT_CONFIRMATION_OK"
22485,10405628418,10405628612,1,"IOTHUB_CLIENT_CONFIRMATION_OK"
22486,10405628618,10405628653,1,"IOTHUB_CLIENT_CONFIRMATION_OK"
22487,10405628819,10405628870,1,"IOTHUB_CLIENT_CONFIRMATION_OK"
22488,10405629019,10405629057,1,"IOTHUB_CLIENT_CONFIRMATION_OK"
22489,10405629219,10405629254,1,"IOTHUB_CLIENT_CONFIRMATION_OK"
22490,10405629419,10405629467,1,"IOTHUB_CLIENT_CONFIRMATION_OK"
22491,10405629619,10405629662,1,"IOTHUB_CLIENT_CONFIRMATION_OK"
22492,10405629819,10405629870,1,"IOTHUB_CLIENT_CONFIRMATION_OK"
22493,10405630020,10405630058,1,"IOTHUB_CLIENT_CONFIRMATION_OK"
22494,10405630220,10405630261,1,"IOTHUB_CLIENT_CONFIRMATION_OK"
22495,10405630420,10405630490,1,"IOTHUB_CLIENT_CONFIRMATION_OK"
22496,10405630620,10405630859,1,"IOTHUB_CLIENT_CONFIRMATION_OK"
22497,10405630820,10405630909,1,"IOTHUB_CLIENT_CONFIRMATION_OK"
22498,10405631020,10405631066,1,"IOTHUB_CLIENT_CONFIRMATION_OK"
22499,10405631220,10405631264,1,"IOTHUB_CLIENT_CONFIRMATION_OK"
22500,10405631421,10405631456,1,"IOTHUB_CLIENT_CONFIRMATION_OK"
22501,10405631621,10405631670,1,"IOTHUB_CLIENT_CONFIRMATION_OK"
22502,10405631821,10405631864,1,"IOTHUB_CLIENT_CONFIRMATION_OK"
22503,10405632021,10405632061,1,"IOTHUB_CLIENT_CONFIRMATION_OK"
22504,10405632221,10405632257,1,"IOTHUB_CLIENT_CONFIRMATION_OK"
22505,10405632421,10405632502,1,"IOTHUB_CLIENT_CONFIRMATION_OK"
22506,10405632622,10405632682,1,"IOTHUB_CLIENT_CONFIRMATION_OK"
22507,10405632822,10405632894,1,"IOTHUB_CLIENT_CONFIRMATION_OK"
22508,10405633022,10405633075,1,"IOTHUB_CLIENT_CONFIRMATION_OK"
22509,10405633222,10405633260,1,"IOTHUB_CLIENT_CONFIRMATION_OK"
22510,10405633422,10405633461,1,"IOTHUB_CLIENT_CONFIRMATION_OK"
22511,10405633622,10405633673,1,"IOTHUB_CLIENT_CONFIRMATION_OK"
22512,10405633822,10405633864,1,"IOTHUB_CLIENT_CONFIRMATION_OK"
22513,10405634023,10405634093,1,"IOTHUB_CLIENT_CONFIRMATION_OK"
22514,10405634223,10405634278,1,"IOTHUB_CLIENT_CONFIRMATION_OK"
22515,10405634423,10405634466,1,"IOTHUB_CLIENT_CONFIRMATION_OK"
22516,10405634623,10405634725,1,"IOTHUB_CLIENT_CONFIRMATION_OK"
22517,10405634823,10405634863,1,"IOTHUB_CLIENT_CONFIRMATION_OK"
22518,10405635023,10405635065,1,"IOTHUB_CLIENT_CONFIRMATION_OK"
22519,10405635224,10405635325,1,"IOTHUB_CLIENT_CONFIRMATION_OK"
22520,10405635424,10405635470,1,"IOTHUB_CLIENT_CONFIRMATION_OK"
22521,10405635624,10405635698,1,"IOTHUB_CLIENT_CONFIRMATION_OK"
22522,10405635824,10405635868,1,"IOTHUB_CLIENT_CONFIRMATION_OK"
22523,10405636024,10405636061,1,"IOTHUB_CLIENT_CONFIRMATION_OK"
22524,10405636224,10405636283,1,"IOTHUB_CLIENT_CONFIRMATION_OK"
22525,10405636425,10405636488,1,"IOTHUB_CLIENT_CONFIRMATION_OK"
22526,10405636625,10405636672,1,"IOTHUB_CLIENT_CONFIRMATION_OK"
22527,10405636825,10405636943,1,"IOTHUB_CLIENT_CONFIRMATION_OK"
22528,10405637025,10405637060,1,"IOTHUB_CLIENT_CONFIRMATION_OK"
22529,10405637225,10405637266,1,"IOTHUB_CLIENT_CONFIRMATION_OK"
22530,10405637425,10405637567,1,"IOTHUB_CLIENT_CONFIRMATION_OK"
22531,10405637625,10405637665,1,"IOTHUB_CLIENT_CONFIRMATION_OK"
22532,10405637826,10405637867,1,"IOTHUB_CLIENT_CONFIRMATION_OK"
22533,10405638026,10405638070,1,"IOTHUB_CLIENT_CONFIRMATION_OK"
22534,10405638226,10405638260,1,"IOTHUB_CLIENT_CONFIRMATION_OK"
22535,10405638426,10405638470,1,"IOTHUB_CLIENT_CONFIRMATION_OK"
22536,10405638626,10405638669,1,"IOTHUB_CLIENT_CONFIRMATION_OK"
22537,10405638826,10405638870,1,"IOTHUB_CLIENT_CONFIRMATION_OK"
22538,10405639027,10405639080,1,"IOTHUB_CLIENT_CONFIRMATION_OK"
22539,10405639227,10405639261,1,"IOTHUB_CLIENT_CONFIRMATION_OK"
22540,10405639427,10405639471,1,"IOTHUB_CLIENT_CONFIRMATION_OK"
22541,10405639627,10405639801,1,"IOTHUB_CLIENT_CONFIRMATION_OK"
22542,10405639827,10405639869,1,"IOTHUB_CLIENT_CONFIRMATION_OK"
22543,10405640027,10405640065,1,"IOTHUB_CLIENT_CONFIRMATION_OK"
22544,10405640228,10405640267,1,"IOTHUB_CLIENT_CONFIRMATION_OK"
22545,10405640428,10405640462,1,"IOTHUB_CLIENT_CONFIRMATION_OK"
22546,10405640628,10405640662,1,"IOTHUB_CLIENT_CONFIRMATION_OK"
22547,10405640828,10405640952,1,"IOTHUB_CLIENT_CONFIRMATION_OK"
22548,10405641028,10405641068,1,"IOTHUB_CLIENT_CONFIRMATION_OK"
22549,10405641228,10405641281,1,"IOTHUB_CLIENT_CONFIRMATION_OK"
22550,10405641429,10405641476,1,"IOTHUB_CLIENT_CONFIRMATION_OK"
22551,10405641629,10405641684,1,"IOTHUB_CLIENT_CONFIRMATION_OK"
22552,10405641829,10405641870,1,"IOTHUB_CLIENT_CONFIRMATION_OK"
22553,10405642029,10405642072,1,"IOTHUB_CLIENT_CONFIRMATION_OK"
22554,10405642229,10405642271,1,"IOTHUB_CLIENT_CONFIRMATION_OK"
22555,10405642429,10405642620,1,"IOTHUB_CLIENT_CONFIRMATION_OK"
22556,10405642630,10405642680,1,"IOTHUB_CLIENT_CONFIRMATION_OK"
22557,10405642830,10405642871,1,"IOTHUB_CLIENT_CONFIRMATION_OK"
22558,10405643030,10405643070,1,"IOTHUB_CLIENT_CONFIRMATION_OK"
22559,10405643230,10405643315,1,"IOTHUB_CLIENT_CONFIRMATION_OK"
22560,10405643430,10405643464,1,"IOTHUB_CLIENT_CONFIRMATION_OK"
22561,10405643630,10405643669,1,"IOTHUB_CLIENT_CONFIRMATION_OK"
22562,10405643831,10405643873,1,"IOTHUB_CLIENT_CONFIRMATION_OK"
22563,10405644031,10405644071,1,"IOTHUB_CLIENT_CONFIRMATION_OK"
22564,10405644231,10405644289,1,"IOTHUB_CLIENT_CONFIRMATION_OK"
22565,10405644431,10405644464,1,"IOTHUB_CLIENT_CONFIRMATION_OK"
22566,10405644631,10405644675,1,"IOTHUB_CLIENT_CONFIRMATION_OK"
22567,10405644831,10405644896,1,"IOTHUB_CLIENT_CONFIRMATION_OK"
22568,10405645032,10405645067,1,"IOTHUB_CLIENT_CONFIRMATION_OK"
22569,10405645232,10405645277,1,"IOTHUB_CLIENT_CONFIRMATION_OK"
22570,10405645432,10405645468,1,"IOTHUB_CLIENT_CONFIRMATION_OK"
22571,10405645632,10405645673,1,"IOTHUB_CLIENT_CONFIRMATION_OK"
22572,10405645832,10405645901,1,"IOTHUB_CLIENT_CONFIRMATION_OK"
22573,10405646032,10405646069,1,"IOTHUB_CLIENT_CONFIRMATION_OK"
22574,10405646233,10405646277,1,"IOTHUB_CLIENT_CONFIRMATION_OK"
22575,10405646433,10405646537,1,"IOTHUB_CLIENT_CONFIRMATION_OK"
22576,10405646633,10405646694,1,"IOTHUB_CLIENT_CONFIRMATION_OK"
22577,10405646833,10405646876,1,"IOTHUB_CLIENT_CONFIRMATION_OK"
22578,10405647033,10405647078,1,"IOTHUB_CLIENT_CONFIRMATION_OK"
22579,10405647233,10405647278,1,"IOTHUB_CLIENT_CONFIRMATION_OK"
22580,10405647434,10405647476,1,"IOTHUB_CLIENT_CONFIRMATION_OK"
22581,10405647634,10405647690,1,"IOTHUB_CLIENT_CONFIRMATION_OK"
22582,10405647834,10405647903,1,"IOTHUB_CLIENT_CONFIRMATION_OK"
22583,10405648034,10405648155,1,"IOTHUB_CLIENT_CONFIRMATION_OK"
22584,10405648234,10405648272,1,"IOTHUB_CLIENT_CONFIRMATION_OK"
22585,10405648434,10405648495,1,"IOTHUB_CLIENT_CONFIRMATION_OK"
22586,10405648634,10405648777,1,"IOTHUB_CLIENT_CONFIRMATION_OK"
22587,10405648835,10405648875,1,"IOTHUB_CLIENT_CONFIRMATION_OK"
22588,10405649035,10405649089,1,"IOTHUB_CLIENT_CONFIRMATION_OK"
22589,10405649235,10405649287,1,"IOTHUB_CLIENT_CONFIRMATION_OK"
22590,10405649435,10405649479,1,"IOTHUB_CLIENT_CONFIRMATION_OK"
22591,10405649635,10405649701,1,"IOTHUB_CLIENT_CONFIRMATION_OK"
22592,10405649835,10405649871,1,"IOTHUB_CLIENT_CONFIRMATION_OK"
22593,10405650036,10405650086,1,"IOTHUB_CLIENT_CONFIRMATION_OK"
22594,10405650236,10405650291,1,"IOTHUB_CLIENT_CONFIRMATION_OK"
22595,10405650436,10405650472,1,"IOTHUB_CLIENT_CONFIRMATION_OK"
22596,10405650636,10405650681,1,"IOTHUB_CLIENT_CONFIRMATION_OK"
22597,10405650836,10405651005,1,"IOTHUB_CLIENT_CONFIRMATION_OK"
22598,10405651036,10405651073,1,"IOTHUB_CLIENT_CONFIRMATION_OK"
22599,10405651236,10405651286,1,"IOTHUB_CLIENT_CONFIRMATION_OK"
22600,10405651437,10405651474,1,"IOTHUB_CLIENT_CONFIRMATION_OK"
22601,10405651637,10405651682,1,"IOTHUB_CLIENT_CONFIRMATION_OK"
22602,10405651837,10405651874,1,"IOTHUB_CLIENT_CONFIRMATION_OK"
22603,10405652037,10405652076,1,"IOTHUB_CLIENT_CONFIRMATION_OK"
22604,10405652237,10405652276,1,"IOTHUB_CLIENT_CONFIRMATION_OK"
22605,10405652437,10405652485,1,"IOTHUB_CLIENT_CONFIRMATION_OK"
22606,10405652638,10405652681,1,"IOTHUB_CLIENT_CONFIRMATION_OK"
22607,10405652838,10405652875,1,"IOTHUB_CLIENT_CONFIRMATION_OK"
22608,10405653038,10405653083,1,"IOTHUB_CLIENT_CONFIRMATION_OK"
22609,10405653238,10405653302,1,"IOTHUB_CLIENT_CONFIRMATION_OK"
22610,10405653438,10405653479,1,"IOTHUB_CLIENT_CONFIRMATION_OK"
22611,10405653638,10405653687,1,"IOTHUB_CLIENT_CONFIRMATION_OK"
22612,10405653839,10405653881,1,"IOTHUB_CLIENT_CONFIRMATION_OK"
22613,10405654039,10405654069,1,"IOTHUB_CLIENT_CONFIRMATION_OK"
22614,10405654239,10405654313,1,"IOTHUB_CLIENT_CONFIRMATION_OK"
22615,10405654439,10405654475,1,"IOTHUB_CLIENT_CONFIRMATION_OK"
22616,10405654639,10405654699,1,"IOTHUB_CLIENT_CONFIRMATION_OK"
22617,10405654839,10405654923,1,"IOTHUB_CLIENT_CONFIRMATION_OK"
22618,10405655040,10405655118,1,"IOTHUB_CLIENT_CONFIRMATION_OK"
22619,10405655240,10405655285,1,"IOTHUB_CLIENT_CONFIRMATION_OK"
22620,10405655440,10405655543,1,"IOTHUB_CLIENT_CONFIRMATION_OK"
22621,10405655640,10405655678,1,"IOTHUB_CLIENT_CONFIRMATION_OK"
22622,10405655840,10405655878,1,"IOTHUB_CLIENT_CONFIRMATION_OK"
22623,10405656040,10405656088,1,"IOTHUB_CLIENT_CONFIRMATION_OK"
22624,10405656241,10405656277,1,"IOTHUB_CLIENT_CONFIRMATION_OK"
22625,10405656441,10405656556,1,"IOTHUB_CLIENT_CONFIRMATION_OK"
22626,10405656641,10405656694,1,"IOTHUB_CLIENT_CONFIRMATION_OK"
22627,10405656841,10405656906,1,"IOTHUB_CLIENT_CONFIRMATION_OK"
22628,10405657041,10405657176,1,"IOTHUB_CLIENT_CONFIRMATION_OK"
22629,10405657241,10405657288,1,"IOTHUB_CLIENT_CONFIRMATION_OK"
22630,10405657442,10405657482,1,"IOTHUB_CLIENT_CONFIRMATION_OK"
22631,10405657642,10405657701,1,"IOTHUB_CLIENT_CONFIRMATION_OK"
22632,10405657842,10405657890,1,"IOTHUB_CLIENT_CONFIRMATION_OK"
22633,10405658042,10405658095,1,"IOTHUB_CLIENT_CONFIRMATION_OK"
22634,10405658242,10405658281,1,"IOTHUB_CLIENT_CONFIRMATION_OK"
22635,10405658442,10405658488,1,"IOTHUB_CLIENT_CONFIRMATION_OK"
22636,10405658642,10405658684,1,"IOTHUB_CLIENT_CONFIRMATION_OK"
22637,10405658843,10405658875,1,"IOTHUB_CLIENT_CONFIRMATION_OK"
22638,10405659043,10405659094,1,"IOTHUB_CLIENT_CONFIRMATION_OK"
22639,10405659243,10405659478,1,"IOTHUB_CLIENT_CONFIRMATION_OK"
22640,10405659443,10405659501,1,"IOTHUB_CLIENT_CONFIRMATION_OK"
22641,10405659643,10405659696,1,"IOTHUB_CLIENT_CONFIRMATION_OK"
22642,10405659843,10405659888,1,"IOTHUB_CLIENT_CONFIRMATION_OK"
22643,10405660044,10405660085,1,"IOTHUB_CLIENT_CONFIRMATION_OK"
22644,10405660244,10405660298,1,"IOTHUB_CLIENT_CONFIRMATION_OK"
22645,10405660444,10405660481,1,"IOTHUB_CLIENT_CONFIRMATION_OK"
22646,10405660644,10405660764,1,"IOTHUB_CLIENT_CONFIRMATION_OK"
22647,10405660844,10405660889,1,"IOTHUB_CLIENT_CONFIRMATION_OK"
22648,10405661044,10405661090,1,"IOTHUB_CLIENT_CONFIRMATION_OK"
22649,10405661245,10405661293,1,"IOTHUB_CLIENT_CONFIRMATION_OK"
22650,10405661445,10405661486,1,"IOTHUB_CLIENT_CONFIRMATION_OK"
22651,10405661645,10405661710,1,"IOTHUB_CLIENT_CONFIRMATION_OK"
22652,10405661845,10405661888,1,"IOTHUB_CLIENT_CONFIRMATION_OK"
22653,10405662045,10405662096,1,"IOTHUB_CLIENT_CONFIRMATION_OK"
22654,10405662245,10405662296,1,"IOTHUB_CLIENT_CONFIRMATION_OK"
22655,10405662445,10405662507,1,"IOTHUB_CLIENT_CONFIRMATION_OK"
22656,10405662646,10405662723,1,"IOTHUB_CLIENT_CONFIRMATION_OK"
22657,10405662846,10405662909,1,"IOTHUB_CLIENT_CONFIRMATION_OK"
22658,10405663046,10405663094,1,"IOTHUB_CLIENT_CONFIRMATION_OK"
22659,10405663246,10405663366,1,"IOTHUB_CLIENT_CONFIRMATION_OK"
22660,10405663446,10405663495,1,"IOTHUB_CLIENT_CONFIRMATION_OK"
22661,10405663646,10405663692,1,"IOTHUB_CLIENT_CONFIRMATION_OK"
22662,10405663847,10405663885,1,"IOTHUB_CLIENT_CONFIRMATION_OK"
22663,10405664047,10405664094,1,"IOTHUB_CLIENT_CONFIRMATION_OK"
22664,10405664247,10405664297,1,"IOTHUB_CLIENT_CONFIRMATION_OK"
22665,10405664447,10405664488,1,"IOTHUB_CLIENT_CONFIRMATION_OK"
22666,10405664647,10405664682,1,"IOTHUB_CLIENT_CONFIRMATION_OK"
22667,10405664847,10405665021,1,"IOTHUB_CLIENT_CONFIRMATION_OK"
22668,10405665048,10405665088,1,"IOTHUB_CLIENT_CONFIRMATION_OK"
22669,10405665248,10405665289,1,"IOTHUB_CLIENT_CONFIRMATION_OK"
22670,10405665448,10405665518,1,"IOTHUB_CLIENT_CONFIRMATION_OK"
22671,10405665648,10405665687,1,"IOTHUB_CLIENT_CONFIRMATION_OK"
22672,10405665848,10405665894,1,"IOTHUB_CLIENT_CONFIRMATION_OK"
22673,10405666048,10405666090,1,"IOTHUB_CLIENT_CONFIRMATION_OK"
22674,10405666248,10405666291,1,"IOTHUB_CLIENT_CONFIRMATION_OK"
22675,10405666449,10405666497,1,"IOTHUB_CLIENT_CONFIRMATION_OK"
22676,10405666649,10405666709,1,"IOTHUB_CLIENT_CONFIRMATION_OK"
22677,10405666849,10405666926,1,"IOTHUB_CLIENT_CONFIRMATION_OK"
22678,10405667049,10405667090,1,"IOTHUB_CLIENT_CONFIRMATION_OK"
22679,10405667249,10405667310,1,"IOTHUB_CLIENT_CONFIRMATION_OK"
22680,10405667449,10405667484,1,"IOTHUB_CLIENT_CONFIRMATION_OK"
22681,10405667650,10405667688,1,"IOTHUB_CLIENT_CONFIRMATION_OK"
22682,10405667850,10405667895,1,"IOTHUB_CLIENT_CONFIRMATION_OK"
22683,10405668050,10405668089,1,"IOTHUB_CLIENT_CONFIRMATION_OK"
22684,10405668250,10405668321,1,"IOTHUB_CLIENT_CONFIRMATION_OK"
22685,10405668450,10405668489,1,"IOTHUB_CLIENT_CONFIRMATION_OK"
22686,10405668650,10405668690,1,"IOTHUB_CLIENT_CONFIRMATION_OK"
22687,10405668851,10405668959,1,"IOTHUB_CLIENT_CONFIRMATION_OK"
22688,10405669051,10405669098,1,"IOTHUB_CLIENT_CONFIRMATION_OK"
22689,10405669251,10405669294,1,"IOTHUB_CLIENT_CONFIRMATION_OK"
22690,10405669451,10405669592,1,"IOTHUB_CLIENT_CONFIRMATION_OK"
22691,10405669651,10405669688,1,"IOTHUB_CLIENT_CONFIRMATION_OK"
22692,10405669851,10405669928,1,"IOTHUB_CLIENT_CONFIRMATION_OK"
22693,10405670051,10405670087,1,"IOTHUB_CLIENT_CONFIRMATION_OK"
22694,10405670252,10405670297,1,"IOTHUB_CLIENT_CONFIRMATION_OK"
22695,10405670452,10405670496,1,"IOTHUB_CLIENT_CONFIRMATION_OK"
22696,10405670652,10405670689,1,"IOTHUB_CLIENT_CONFIRMATION_OK"
22697,10405670852,10405670889,1,"IOTHUB_CLIENT_CONFIRMATION_OK"
22698,10405671052,10405671089,1,"IOTHUB_CLIENT_CONFIRMATION_OK"
22699,10405671252,10405671286,1,"IOTHUB_CLIENT_CONFIRMATION_OK"
22700,10405671453,10405671499,1,"IOTHUB_CLIENT_CONFIRMATION_OK"
22701,10405671653,10405671802,1,"IOTHUB_CLIENT_CONFIRMATION_OK"
22702,10405671853,10405671891,1,"IOTHUB_CLIENT_CONFIRMATION_OK"
22703,10405672053,10405672092,1,"IOTHUB_CLIENT_CONFIRMATION_OK"
22704,10405672253,10405672319,1,"IOTHUB_CLIENT_CONFIRMATION_OK"
22705,10405672453,10405672492,1,"IOTHUB_CLIENT_CONFIRMATION_OK"
22706,10405672654,10405672690,1,"IOTHUB_CLIENT_CONFIRMATION_OK"
22707,10405672854,10405672897,1,"IOTHUB_CLIENT_CONFIRMATION_OK"
22708,10405673054,10405673101,1,"IOTHUB_CLIENT_CONFIRMATION_OK"
22709,10405673254,10405673295,1,"IOTHUB_CLIENT_CONFIRMATION_OK"
22710,10405673454,10405673493,1,"IOTHUB_CLIENT_CONFIRMATION_OK"
22711,10405673654,10405673695,1,"IOTHUB_CLIENT_CONFIRMATION_OK"
22712,10405673855,10405674047,1,"IOTHUB_CLIENT_CONFIRMATION_OK"
22713,10405674055,10405674107,1,"IOTHUB_CLIENT_CONFIRMATION_OK"
22714,10405674255,10405674291,1,"IOTHUB_CLIENT_CONFIRMATION_OK"
22715,10405674455,10405674501,1,"IOTHUB_CLIENT_CONFIRMATION_OK"
22716,10405674655,10405674695,1,"IOTHUB_CLIENT_CONFIRMATION_OK"
22717,10405674855,10405674890,1,"IOTHUB_CLIENT_CONFIRMATION_OK"
22718,10405675056,10405675095,1,"IOTHUB_CLIENT_CONFIRMATION_OK"
22719,10405675256,10405675310,1,"IOTHUB_CLIENT_CONFIRMATION_OK"
22720,10405675456,10405675498,1,"IOTHUB_CLIENT_CONFIRMATION_OK"
22721,10405675656,10405675700,1,"IOTHUB_CLIENT_CONFIRMATION_OK"
22722,10405675856,10405675901,1,"IOTHUB_CLIENT_CONFIRMATION_OK"
22723,10405676056,10405676097,1,"IOTHUB_CLIENT_CONFIRMATION_OK"
22724,10405676256,10405676308,1,"IOTHUB_CLIENT_CONFIRMATION_OK"
22725,10405676457,10405676501,1,"IOTHUB_CLIENT_CONFIRMATION_OK"
22726,10405676657,10405676715,1,"IOTHUB_CLIENT_CONFIRMATION_OK"
22727,10405676857,10405676907,1,"IOTHUB_CLIENT_CONFIRMATION_OK"
22728,10405677057,10405677105,1,"IOTHUB_CLIENT_CONFIRMATION_OK"
22729,10405677257,10405677314,1,"IOTHUB_CLIENT_CONFIRMATION_OK"
22730,10405677457,10405677525,1,"IOTHUB_CLIENT_CONFIRMATION_OK"
22731,10405677658,10405677693,1,"IOTHUB_CLIENT_CONFIRMATION_OK"
22732,10405677858,10405677914,1,"IOTHUB_CLIENT_CONFIRMATION_OK"
22733,10405678058,10405678106,1,"IOTHUB_CLIENT_CONFIRMATION_OK"
22734,10405678258,10405678295,1,"IOTHUB_CLIENT_CONFIRMATION_OK"
22735,10405678458,10405678640,1,"IOTHUB_CLIENT_CONFIRMATION_OK"
22736,10405678658,10405678704,1,"IOTHUB_CLIENT_CONFIRMATION_OK"
22737,10405678858,10405678899,1,"IOTHUB_CLIENT_CONFIRMATION_OK"
22738,10405679059,10405679104,1,"IOTHUB_CLIENT_CONFIRMATION_OK"
22739,10405679259,10405679312,1,"IOTHUB_CLIENT_CONFIRMATION_OK"
22740,10405679459,10405679533,1,"IOTHUB_CLIENT_CONFIRMATION_OK"
22741,10405679659,10405679697,1,"IOTHUB_CLIENT_CONFIRMATION_OK"
22742,10405679859,10405679913,1,"IOTHUB_CLIENT_CONFIRMATION_OK"
22743,10405680059,10405680142,1,"IOTHUB_CLIENT_CONFIRMATION_OK"
22744,10405680260,10405680299,1,"IOTHUB_CLIENT_CONFIRMATION_OK"
22745,10405680460,10405680503,1,"IOTHUB_CLIENT_CONFIRMATION_OK"
22746,10405680660,10405681202,1,"IOTHUB_CLIENT_CONFIRMATION_OK"
22747,10405680860,10405681526,1,"IOTHUB_CLIENT_CONFIRMATION_OK"
22748,10405681060,10405681569,1,"IOTHUB_CLIENT_CONFIRMATION_OK"
22749,10405681260,10405681631,1,"IOTHUB_CLIENT_CONFIRMATION_OK"
22750,10405681460,10405681695,1,"IOTHUB_CLIENT_CONFIRMATION_OK"
22751,10405681661,10405681751,1,"IOTHUB_CLIENT_CONFIRMATION_OK"
22752,10405681861,10405681908,1,"IOTHUB_CLIENT_CONFIRMATION_OK"
22753,10405682061,10405682097,1,"IOTHUB_CLIENT_CONFIRMATION_OK"
22754,10405682261,10405682409,1,"IOTHUB_CLIENT_CONFIRMATION_OK"
22755,10405682461,10405682507,1,"IOTHUB_CLIENT_CONFIRMATION_OK"
22756,10405682661,10405682706,1,"IOTHUB_CLIENT_CONFIRMATION_OK"
22757,10405682862,10405682996,1,"IOTHUB_CLIENT_CONFIRMATION_OK"
22758,10405683062,10405683112,1,"IOTHUB_CLIENT_CONFIRMATION_OK"
22759,10405683262,10405683304,1,"IOTHUB_CLIENT_CONFIRMATION_OK"
22760,10405683462,10405683507,1,"IOTHUB_CLIENT_CONFIRMATION_OK"
22761,10405683662,10405683698,1,"IOTHUB_CLIENT_CONFIRMATION_OK"
22762,10405683862,10405683897,1,"IOTHUB_CLIENT_CONFIRMATION_OK"
22763,10405684062,10405684110,1,"IOTHUB_CLIENT_CONFIRMATION_OK"
22764,10405684263,10405684312,1,"IOTHUB_CLIENT_CONFIRMATION_OK"
22765,10405684463,10405684507,1,"IOTHUB_CLIENT_CONFIRMATION_OK"
22766,10405684663,10405684703,1,"IOTHUB_CLIENT_CONFIRMATION_OK"
22767,10405684863,10405684907,1,"IOTHUB_CLIENT_CONFIRMATION_OK"
22768,10405685063,10405685247,1,"IOTHUB_CLIENT_CONFIRMATION_OK"
22769,10405685263,10405685299,1,"IOTHUB_CLIENT_CONFIRMATION_OK"
22770,10405685464,10405685504,1,"IOTHUB_CLIENT_CONFIRMATION_OK"
22771,10405685664,10405685710,1,"IOTHUB_CLIENT_CONFIRMATION_OK"
22772,10405685864,10405685913,1,"IOTHUB_CLIENT_CONFIRMATION_OK"
22773,10405686064,10405686100,1,"IOTHUB_CLIENT_CONFIRMATION_OK"
22774,10405686264,10405686305,1,"IOTHUB_CLIENT_CONFIRMATION_OK"
22775,10405686464,10405686518,1,"IOTHUB_CLIENT_CONFIRMATION_OK"
22776,10405686665,10405686710,1,"IOTHUB_CLIENT_CONFIRMATION_OK"
22777,10405686865,10405686911,1,"IOTHUB_CLIENT_CONFIRMATION_OK"
22778,10405687065,10405687102,1,"IOTHUB_CLIENT_CONFIRMATION_OK"
22779,10405687265,10405687307,1,"IOTHUB_CLIENT_CONFIRMATION_OK"
22780,10405687465,10405687521,1,"IOTHUB_CLIENT_CONFIRMATION_OK"
22781,10405687665,10405687700,1,"IOTHUB_CLIENT_CONFIRMATION_OK"
22782,10405687866,10405687915,1,"IOTHUB_CLIENT_CONFIRMATION_OK"
22783,10405688066,10405688117,1,"IOTHUB_CLIENT_CONFIRMATION_OK"
22784,10405688266,10405688311,1,"IOTHUB_CLIENT_CONFIRMATION_OK"
22785,10405688466,10405688526,1,"IOTHUB_CLIENT_CONFIRMATION_OK"
22786,10405688666,10405688714,1,"IOTHUB_CLIENT_CONFIRMATION_OK"
22787,10405688866,10405688908,1,"IOTHUB_CLIENT_CONFIRMATION_OK"
22788,10405689066,10405689149,1,"IOTHUB_CLIENT_CONFIRMATION_OK"
22789,10405689267,10405689308,1,"IOTHUB_CLIENT_CONFIRMATION_OK"
22790,10405689467,10405689500,1,"IOTHUB_CLIENT_CONFIRMATION_OK"
22791,10405689667,10405689772,1,"IOTHUB_CLIENT_CONFIRMATION_OK"
22792,10405689867,10405689915,1,"IOTHUB_CLIENT_CONFIRMATION_OK"
22793,10405690067,10405690105,1,"IOTHUB_CLIENT_CONFIRMATION_OK"
22794,10405690267,10405690314,1,"IOTHUB_CLIENT_CONFIRMATION_OK"
22795,10405690468,10405690503,1,"IOTHUB_CLIENT_CONFIRMATION_OK"
22796,10405690668,10405690778,1,"IOTHUB_CLIENT_CONFIRMATION_OK"
22797,10405690868,10405690928,1,"IOTHUB_CLIENT_CONFIRMATION_OK"
22798,10405691068,10405691104,1,"IOTHUB_CLIENT_CONFIRMATION_OK"
22799,10405691268,10405691415,1,"IOTHUB_CLIENT_CONFIRMATION_OK"
22800,10405691468,10405691506,1,"IOTHUB_CLIENT_CONFIRMATION_OK"
22801,10405691669,10405691709,1,"IOTHUB_CLIENT_CONFIRMATION_OK"
22802,10405691869,10405691910,1,"IOTHUB_CLIENT_CONFIRMATION_OK"
22803,10405692069,10405692104,1,"IOTHUB_CLIENT_CONFIRMATION_OK"
22804,10405692269,10405692320,1,"IOTHUB_CLIENT_CONFIRMATION_OK"
22805,10405692469,10405692514,1,"IOTHUB_CLIENT_CONFIRMATION_OK"
22806,10405692669,10405692715,1,"IOTHUB_CLIENT_CONFIRMATION_OK"
22807,10405692870,10405692921,1,"IOTHUB_CLIENT_CONFIRMATION_OK"
22808,10405693070,10405693110,1,"IOTHUB_CLIENT_CONFIRMATION_OK"
22809,10405693270,10405693331,1,"IOTHUB_CLIENT_CONFIRMATION_OK"
22810,10405693470,10405693693,1,"IOTHUB_CLIENT_CONFIRMATION_OK"
22811,10405693670,10405693717,1,"IOTHUB_CLIENT_CONFIRMATION_OK"
22812,10405693870,10405693929,1,"IOTHUB_CLIENT_CONFIRMATION_OK"
22813,10405694071,10405694111,1,"IOTHUB_CLIENT_CONFIRMATION_OK"
22814,10405694271,10405694360,1,"IOTHUB_CLIENT_CONFIRMATION_OK"
22815,10405694471,10405694508,1,"IOTHUB_CLIENT_CONFIRMATION_OK"
22816,10405694671,10405694717,1,"IOTHUB_CLIENT_CONFIRMATION_OK"
22817,10405694871,10405694935,1,"IOTHUB_CLIENT_CONFIRMATION_OK"
22818,10405695071,10405695124,1,"IOTHUB_CLIENT_CONFIRMATION_OK"
22819,10405695271,10405695317,1,"IOTHUB_CLIENT_CONFIRMATION_OK"
22820,10405695472,10405695560,1,"IOTHUB_CLIENT_CONFIRMATION_OK"
22821,10405695672,10405695708,1,"IOTHUB_CLIENT_CONFIRMATION_OK"
22822,10405695872,10405695932,1,"IOTHUB_CLIENT_CONFIRMATION_OK"
22823,10405696072,10405696124,1,"IOTHUB_CLIENT_CONFIRMATION_OK"
22824,10405696272,10405696322,1,"IOTHUB_CLIENT_CONFIRMATION_OK"
22825,10405696472,10405696511,1,"IOTHUB_CLIENT_CONFIRMATION_OK"
22826,10405696673,10405696720,1,"IOTHUB_CLIENT_CONFIRMATION_OK"
22827,10405696873,10405696967,1,"IOTHUB_CLIENT_CONFIRMATION_OK"
22828,10405697073,10405697109,1,"IOTHUB_CLIENT_CONFIRMATION_OK"
22829,10405697273,10405697314,1,"IOTHUB_CLIENT_CONFIRMATION_OK"
22830,10405697473,10405697584,1,"IOTHUB_CLIENT_CONFIRMATION_OK"
22831,10405697673,10405697718,1,"IOTHUB_CLIENT_CONFIRMATION_OK"
22832,10405697874,10405697928,1,"IOTHUB_CLIENT_CONFIRMATION_OK"
22833,10405698074,10405698202,1,"IOTHUB_CLIENT_CONFIRMATION_OK"
22834,10405698274,10405698319,1,"IOTHUB_CLIENT_CONFIRMATION_OK"
22835,10405698474,10405698512,1,"IOTHUB_CLIENT_CONFIRMATION_OK"
22836,10405698674,10405698710,1,"IOTHUB_CLIENT_CONFIRMATION_OK"
22837,10405698874,10405698913,1,"IOTHUB_CLIENT_CONFIRMATION_OK"
22838,10405699075,10405699110,1,"IOTHUB_CLIENT_CONFIRMATION_OK"
22839,10405699275,10405699312,1,"IOTHUB_CLIENT_CONFIRMATION_OK"
22840,10405699475,10405699511,1,"IOTHUB_CLIENT_CONFIRMATION_OK"
22841,10405699675,10405699841,1,"IOTHUB_CLIENT_CONFIRMATION_OK"
22842,10405699875,10405699912,1,"IOTHUB_CLIENT_CONFIRMATION_OK"
22843,10405700075,10405700116,1,"IOTHUB_CLIENT_CONFIRMATION_OK"
22844,10405700276,10405700331,1,"IOTHUB_CLIENT_CONFIRMATION_OK"
22845,10405700476,10405700588,1,"IOTHUB_CLIENT_CONFIRMATION_OK"
22846,10405700676,10405700712,1,"IOTHUB_CLIENT_CONFIRMATION_OK"
22847,10405700876,10405700928,1,"IOTHUB_CLIENT_CONFIRMATION_OK"
22848,10405701076,10405701127,1,"IOTHUB_CLIENT_CONFIRMATION_OK"
22849,10405701276,10405701310,1,"IOTHUB_CLIENT_CONFIRMATION_OK"
22850,10405701476,10405701512,1,"IOTHUB_CLIENT_CONFIRMATION_OK"
22851,10405701677,10405701711,1,"IOTHUB_CLIENT_CONFIRMATION_OK"
22852,10405701877,10405701922,1,"IOTHUB_CLIENT_CONFIRMATION_OK"
22853,10405702077,10405702116,1,"IOTHUB_CLIENT_CONFIRMATION_OK"
22854,10405702277,10405702313,1,"IOTHUB_CLIENT_CONFIRMATION_OK"
22855,10405702477,10405702536,1,"IOTHUB_CLIENT_CONFIRMATION_OK"
22856,10405702677,10405702741,1,"IOTHUB_CLIENT_CONFIRMATION_OK"
22857,10405702877,10405702918,1,"IOTHUB_CLIENT_CONFIRMATION_OK"
22858,10405703078,10405703116,1,"IOTHUB_CLIENT_CONFIRMATION_OK"
22859,10405703278,10405703318,1,"IOTHUB_CLIENT_CONFIRMATION_OK"
22860,10405703478,10405703516,1,"IOTHUB_CLIENT_CONFIRMATION_OK"
22861,10405703678,10405703741,1,"IOTHUB_CLIENT_CONFIRMATION_OK"
22862,10405703878,10405703933,1,"IOTHUB_CLIENT_CONFIRMATION_OK"
22863,10405704078,10405704124,1,"IOTHUB_CLIENT_CONFIRMATION_OK"
22864,10405704279,10405704358,1,"IOTHUB_CLIENT_CONFIRMATION_OK"
22865,10405704479,10405704521,1,"IOTHUB_CLIENT_CONFIRMATION_OK"
22866,10405704679,10405704722,1,"IOTHUB_CLIENT_CONFIRMATION_OK"
22867,10405704879,10405704916,1,"IOTHUB_CLIENT_CONFIRMATION_OK"
22868,10405705079,10405705160,1,"IOTHUB_CLIENT_CONFIRMATION_OK"
22869,10405705279,10405705381,1,"IOTHUB_CLIENT_CONFIRMATION_OK"
22870,10405705479,10405705513,1,"IOTHUB_CLIENT_CONFIRMATION_OK"
22871,10405705680,10405705724,1,"IOTHUB_CLIENT_CONFIRMATION_OK"
22872,10405705880,10405706065,1,"IOTHUB_CLIENT_CONFIRMATION_OK"
22873,10405706080,10405706115,1,"IOTHUB_CLIENT_CONFIRMATION_OK"
22874,10405706280,10405706319,1,"IOTHUB_CLIENT_CONFIRMATION_OK"
22875,10405706480,10405706518,1,"IOTHUB_CLIENT_CONFIRMATION_OK"
22876,10405706680,10405706719,1,"IOTHUB_CLIENT_CONFIRMATION_OK"
22877,10405706881,10405706918,1,"IOTHUB_CLIENT_CONFIRMATION_OK"
22878,10405707081,10405707129,1,"IOTHUB_CLIENT_CONFIRMATION_OK"
22879,10405707281,10405707319,1,"IOTHUB_CLIENT_CONFIRMATION_OK"
22880,10405707481,10405707546,1,"IOTHUB_CLIENT_CONFIRMATION_OK"
22881,10405707681,10405707725,1,"IOTHUB_CLIENT_CONFIRMATION_OK"
22882,10405707881,10405707926,1,"IOTHUB_CLIENT_CONFIRMATION_OK"
22883,10405708082,10405708125,1,"IOTHUB_CLIENT_CONFIRMATION_OK"
22884,10405708282,10405708325,1,"IOTHUB_CLIENT_CONFIRMATION_OK"
22885,10405708482,10405708524,1,"IOTHUB_CLIENT_CONFIRMATION_OK"
22886,10405708682,10405708720,1,"IOTHUB_CLIENT_CONFIRMATION_OK"
22887,10405708882,10405708920,1,"IOTHUB_CLIENT_CONFIRMATION_OK"
22888,10405709082,10405709123,1,"IOTHUB_CLIENT_CONFIRMATION_OK"
22889,10405709282,10405709342,1,"IOTHUB_CLIENT_CONFIRMATION_OK"
22890,10405709483,10405709519,1,"IOTHUB_CLIENT_CONFIRMATION_OK"
22891,10405709683,10405709737,1,"IOTHUB_CLIENT_CONFIRMATION_OK"
22892,10405709883,10405709928,1,"IOTHUB_CLIENT_CONFIRMATION_OK"
22893,10405710083,10405710121,1,"IOTHUB_CLIENT_CONFIRMATION_OK"
22894,10405710283,10405710337,1,"IOTHUB_CLIENT_CONFIRMATION_OK"
22895,10405710483,10405710534,1,"IOTHUB_CLIENT_CONFIRMATION_OK"
22896,10405710684,10405710735,1,"IOTHUB_CLIENT_CONFIRMATION_OK"
22897,10405710884,10405711056,1,"IOTHUB_CLIENT_CONFIRMATION_OK"
22898,10405711084,10405711122,1,"IOTHUB_CLIENT_CONFIRMATION_OK"
22899,10405711284,10405711323,1,"IOTHUB_CLIENT_CONFIRMATION_OK"
22900,10405711484,10405711546,1,"IOTHUB_CLIENT_CONFIRMATION_OK"
22901,10405711684,10405711721,1,"IOTHUB_CLIENT_CONFIRMATION_OK"
22902,10405711885,10405711921,1,"IOTHUB_CLIENT_CONFIRMATION_OK"
22903,10405712085,10405712120,1,"IOTHUB_CLIENT_CONFIRMATION_OK"
22904,10405712285,10405712324,1,"IOTHUB_CLIENT_CONFIRMATION_OK"
22905,10405712485,10405712527,1,"IOTHUB_CLIENT_CONFIRMATION_OK"
22906,10405712685,10405712731,1,"IOTHUB_CLIENT_CONFIRMATION_OK"
22907,10405712885,10405712919,1,"IOTHUB_CLIENT_CONFIRMATION_OK"
22908,10405713085,10405713118,1,"IOTHUB_CLIENT_CONFIRMATION_OK"
22909,10405713286,10405713331,1,"IOTHUB_CLIENT_CONFIRMATION_OK"
22910,10405713486,10405713525,1,"IOTHUB_CLIENT_CONFIRMATION_OK"
22911,10405713686,10405713727,1,"IOTHUB_CLIENT_CONFIRMATION_OK"
22912,10405713886,10405713927,1,"IOTHUB_CLIENT_CONFIRMATION_OK"
22913,10405714086,10405714121,1,"IOTHUB_CLIENT_CONFIRMATION_OK"
22914,10405714286,10405714330,1,"IOTHUB_CLIENT_CONFIRMATION_OK"
22915,10405714487,10405714535,1,"IOTHUB_CLIENT_CONFIRMATION_OK"
22916,10405714687,10405714723,1,"IOTHUB_CLIENT_CONFIRMATION_OK"
22917,10405714887,10405714937,1,"IOTHUB_CLIENT_CONFIRMATION_OK"
22918,10405715087,10405715133,1,"IOTHUB_CLIENT_CONFIRMATION_OK"
22919,10405715287,10405715332,1,"IOTHUB_CLIENT_CONFIRMATION_OK"
22920,10405715487,10405715552,1,"IOTHUB_CLIENT_CONFIRMATION_OK"
22921,10405715688,10405715725,1,"IOTHUB_CLIENT_CONFIRMATION_OK"
22922,10405715888,10405715930,1,"IOTHUB_CLIENT_CONFIRMATION_OK"
22923,10405716088,10405716139,1,"IOTHUB_CLIENT_CONFIRMATION_OK"
22924,10405716288,10405716330,1,"IOTHUB_CLIENT_CONFIRMATION_OK"
22925,10405716488,10405716554,1,"IOTHUB_CLIENT_CONFIRMATION_OK"
22926,10405716688,10405716738,1,"IOTHUB_CLIENT_CONFIRMATION_OK"
22927,10405716888,10405716928,1,"IOTHUB_CLIENT_CONFIRMATION_OK"
22928,10405717089,10405717186,1,"IOTHUB_CLIENT_CONFIRMATION_OK"
22929,10405717289,10405717325,1,"IOTHUB_CLIENT_CONFIRMATION_OK"
22930,10405717489,10405717530,1,"IOTHUB_CLIENT_CONFIRMATION_OK"
22931,10405717689,10405717794,1,"IOTHUB_CLIENT_CONFIRMATION_OK"
22932,10405717889,10405717931,1,"IOTHUB_CLIENT_CONFIRMATION_OK"
22933,10405718089,10405718127,1,"IOTHUB_CLIENT_CONFIRMATION_OK"
22934,10405718290,10405718435,1,"IOTHUB_CLIENT_CONFIRMATION_OK"
22935,10405718490,10405718536,1,"IOTHUB_CLIENT_CONFIRMATION_OK"
22936,10405718690,10405718743,1,"IOTHUB_CLIENT_CONFIRMATION_OK"
22937,10405718890,10405718925,1,"IOTHUB_CLIENT_CONFIRMATION_OK"
22938,10405719090,10405719137,1,"IOTHUB_CLIENT_CONFIRMATION_OK"
22939,10405719290,10405719417,1,"IOTHUB_CLIENT_CONFIRMATION_OK"
22940,10405719491,10405719550,1,"IOTHUB_CLIENT_CONFIRMATION_OK"
22941,10405719691,10405719730,1,"IOTHUB_CLIENT_CONFIRMATION_OK"
22942,10405719891,10405720028,1,"IOTHUB_CLIENT_CONFIRMATION_OK"
22943,10405720091,10405720136,1,"IOTHUB_CLIENT_CONFIRMATION_OK"
22944,10405720291,10405720327,1,"IOTHUB_CLIENT_CONFIRMATION_OK"
22945,10405720491,10405720722,1,"IOTHUB_CLIENT_CONFIRMATION_OK"
22946,10405720692,10405720733,1,"IOTHUB_CLIENT_CONFIRMATION_OK"
22947,10405720892,10405720955,1,"IOTHUB_CLIENT_CONFIRMATION_OK"
22948,10405721092,10405721132,1,"IOTHUB_CLIENT_CONFIRMATION_OK"
22949,10405721292,10405721334,1,"IOTHUB_CLIENT_CONFIRMATION_OK"
22950,10405721492,10405721529,1,"IOTHUB_CLIENT_CONFIRMATION_OK"
22951,10405721692,10405721741,1,"IOTHUB_CLIENT_CONFIRMATION_OK"
22952,10405721893,10405721940,1,"IOTHUB_CLIENT_CONFIRMATION_OK"
22953,10405722093,10405722318,1,"IOTHUB_CLIENT_CONFIRMATION_OK"
22954,10405722293,10405722341,1,"IOTHUB_CLIENT_CONFIRMATION_OK"
22955,10405722493,10405722536,1,"IOTHUB_CLIENT_CONFIRMATION_OK"
22956,10405722693,10405722750,1,"IOTHUB_CLIENT_CONFIRMATION_OK"
22957,10405722893,10405722945,1,"IOTHUB_CLIENT_CONFIRMATION_OK"
22958,10405723094,10405723133,1,"IOTHUB_CLIENT_CONFIRMATION_OK"
22959,10405723294,10405723353,1,"IOTHUB_CLIENT_CONFIRMATION_OK"
22960,10405723494,10405723542,1,"IOTHUB_CLIENT_CONFIRMATION_OK"
22961,10405723694,10405723737,1,"IOTHUB_CLIENT_CONFIRMATION_OK"
22962,10405723894,10405723960,1,"IOTHUB_CLIENT_CONFIRMATION_OK"
22963,10405724094,10405724135,1,"IOTHUB_CLIENT_CONFIRMATION_OK"
22964,10405724294,10405724333,1,"IOTHUB_CLIENT_CONFIRMATION_OK"
22965,10405724495,10405724569,1,"IOTHUB_CLIENT_CONFIRMATION_OK"
22966,10405724695,10405724740,1,"IOTHUB_CLIENT_CONFIRMATION_OK"
22967,10405724895,10405724942,1,"IOTHUB_CLIENT_CONFIRMATION_OK"
22968,10405725095,10405725145,1,"IOTHUB_CLIENT_CONFIRMATION_OK"
22969,10405725295,10405725414,1,"IOTHUB_CLIENT_CONFIRMATION_OK"
22970,10405725495,10405725776,1,"IOTHUB_CLIENT_CONFIRMATION_OK"
22971,10405725696,10405725800,1,"IOTHUB_CLIENT_CONFIRMATION_OK"
22972,10405725896,10405726229,1,"IOTHUB_CLIENT_CONFIRMATION_OK"
22973,10405726096,10405726497,1,"IOTHUB_CLIENT_CONFIRMATION_OK"
22974,10405726296,10405726524,1,"IOTHUB_CLIENT_CONFIRMATION_OK"
22975,10405726496,10405726551,1,"IOTHUB_CLIENT_CONFIRMATION_OK"
22976,10405726697,10405726749,1,"IOTHUB_CLIENT_CONFIRMATION_OK"
22977,10405726897,10405726932,1,"IOTHUB_CLIENT_CONFIRMATION_OK"
22978,10405727097,10405727135,1,"IOTHUB_CLIENT_CONFIRMATION_OK"
22979,10405727297,10405727341,1,"IOTHUB_CLIENT_CONFIRMATION_OK"
22980,10405727497,10405727539,1,"IOTHUB_CLIENT_CONFIRMATION_OK"
22981,10405727697,10405727746,1,"IOTHUB_CLIENT_CONFIRMATION_OK"
22982,10405727897,10405727938,1,"IOTHUB_CLIENT_CONFIRMATION_OK"
22983,10405728098,10405728137,1,"IOTHUB_CLIENT_CONFIRMATION_OK"
22984,10405728298,10405728492,1,"IOTHUB_CLIENT_CONFIRMATION_OK"
22985,10405728498,10405728558,1,"IOTHUB_CLIENT_CONFIRMATION_OK"
22986,10405728698,10405728739,1,"IOTHUB_CLIENT_CONFIRMATION_OK"
22987,10405728898,10405728933,1,"IOTHUB_CLIENT_CONFIRMATION_OK"
22988,10405729098,10405729147,1,"IOTHUB_CLIENT_CONFIRMATION_OK"
22989,10405729299,10405729342,1,"IOTHUB_CLIENT_CONFIRMATION_OK"
22990,10405729499,10405729541,1,"IOTHUB_CLIENT_CONFIRMATION_OK"
22991,10405729699,10405729760,1,"IOTHUB_CLIENT_CONFIRMATION_OK"
22992,10405729899,10405729944,1,"IOTHUB_CLIENT_CONFIRMATION_OK"
22993,10405730099,10405730140,1,"IOTHUB_CLIENT_CONFIRMATION_OK"
22994,10405730299,10405730359,1,"IOTHUB_CLIENT_CONFIRMATION_OK"
22995,10405730500,10405730557,1,"IOTHUB_CLIENT_CONFIRMATION_OK"
22996,10405730700,10405730745,1,"IOTHUB_CLIENT_CONFIRMATION_OK"
22997,10405730900,10405730939,1,"IOTHUB_CLIENT_CONFIRMATION_OK"
22998,10405731100,10405731146,1,"IOTHUB_CLIENT_CONFIRMATION_OK"
22999,10405731300,10405731337,1,"IOTHUB_CLIENT_CONFIRMATION_OK"
23000,10405731500,10405731541,1,"IOTHUB_CLIENT_CONFIRMATION_OK"
23001,10405731700,10405731764,1,"IOTHUB_CLIENT_CONFIRMATION_OK"
23002,10405731901,10405731956,1,"IOTHUB_CLIENT_CONFIRMATION_OK"
23003,10405732101,10405732140,1,"IOTHUB_CLIENT_CONFIRMATION_OK"
23004,10405732301,10405732384,1,"IOTHUB_CLIENT_CONFIRMATION_OK"
23005,10405732501,10405732541,1,"IOTHUB_CLIENT_CONFIRMATION_OK"
23006,10405732701,10405732742,1,"IOTHUB_CLIENT_CONFIRMATION_OK"
23007,10405732901,10405732954,1,"IOTHUB_CLIENT_CONFIRMATION_OK"
23008,10405733102,10405733176,1,"IOTHUB_CLIENT_CONFIRMATION_OK"
23009,10405733302,10405733344,1,"IOTHUB_CLIENT_CONFIRMATION_OK"
23010,10405733502,10405733545,1,"IOTHUB_CLIENT_CONFIRMATION_OK"
23011,10405733702,10405733742,1,"IOTHUB_CLIENT_CONFIRMATION_OK"
23012,10405733902,10405734038,1,"IOTHUB_CLIENT_CONFIRMATION_OK"
23013,10405734102,10405734148,1,"IOTHUB_CLIENT_CONFIRMATION_OK"
23014,10405734303,10405734350,1,"IOTHUB_CLIENT_CONFIRMATION_OK"
23015,10405734503,10405734638,1,"IOTHUB_CLIENT_CONFIRMATION_OK"
23016,10405734703,10405734742,1,"IOTHUB_CLIENT_CONFIRMATION_OK"
23017,10405734903,10405734935,1,"IOTHUB_CLIENT_CONFIRMATION_OK"
23018,10405735103,10405735139,1,"IOTHUB_CLIENT_CONFIRMATION_OK"
23019,10405735303,10405735354,1,"IOTHUB_CLIENT_CONFIRMATION_OK"
23020,10405735503,10405735545,1,"IOTHUB_CLIENT_CONFIRMATION_OK"
23021,10405735704,10405735765,1,"IOTHUB_CLIENT_CONFIRMATION_OK"
23022,10405735904,10405735949,1,"IOTHUB_CLIENT_CONFIRMATION_OK"
23023,10405736104,10405736140,1,"IOTHUB_CLIENT_CONFIRMATION_OK"
23024,10405736304,10405736343,1,"IOTHUB_CLIENT_CONFIRMATION_OK"
23025,10405736504,10405736537,1,"IOTHUB_CLIENT_CONFIRMATION_OK"
23026,10405736704,10405736742,1,"IOTHUB_CLIENT_CONFIRMATION_OK"
23027,10405736905,10405736942,1,"IOTHUB_CLIENT_CONFIRMATION_OK"
23028,10405737105,10405737146,1,"IOTHUB_CLIENT_CONFIRMATION_OK"
23029,10405737305,10405737342,1,"IOTHUB_CLIENT_CONFIRMATION_OK"
23030,10405737505,10405737546,1,"IOTHUB_CLIENT_CONFIRMATION_OK"
23031,10405737705,10405737740,1,"IOTHUB_CLIENT_CONFIRMATION_OK"
23032,10405737905,10405737954,1,"IOTHUB_CLIENT_CONFIRMATION_OK"
23033,10405738106,10405738152,1,"IOTHUB_CLIENT_CONFIRMATION_OK"
23034,10405738306,10405738346,1,"IOTHUB_CLIENT_CONFIRMATION_OK"
23035,10405738506,10405738564,1,"IOTHUB_CLIENT_CONFIRMATION_OK"
23036,10405738706,10405738754,1,"IOTHUB_CLIENT_CONFIRMATION_OK"
23037,10405738906,10405738960,1,"IOTHUB_CLIENT_CONFIRMATION_OK"
23038,10405739106,10405739159,1,"IOTHUB_CLIENT_CONFIRMATION_OK"
23039,10405739307,10405739368,1,"IOTHUB_CLIENT_CONFIRMATION_OK"
23040,10405739507,10405739622,1,"IOTHUB_CLIENT_CONFIRMATION_OK"
23041,10405739707,10405739743,1,"IOTHUB_CLIENT_CONFIRMATION_OK"
23042,10405739907,10405739949,1,"IOTHUB_CLIENT_CONFIRMATION_OK"
23043,10405740107,10405740247,1,"IOTHUB_CLIENT_CONFIRMATION_OK"
23044,10405740307,10405740348,1,"IOTHUB_CLIENT_CONFIRMATION_OK"
23045,10405740508,10405740547,1,"IOTHUB_CLIENT_CONFIRMATION_OK"
23046,10405740708,10405740747,1,"IOTHUB_CLIENT_CONFIRMATION_OK"
23047,10405740908,10405740952,1,"IOTHUB_CLIENT_CONFIRMATION_OK"
23048,10405741108,10405741147,1,"IOTHUB_CLIENT_CONFIRMATION_OK"
23049,10405741308,10405741350,1,"IOTHUB_CLIENT_CONFIRMATION_OK"
23050,10405741508,10405741545,1,"IOTHUB_CLIENT_CONFIRMATION_OK"
23051,10405741709,10405741778,1,"IOTHUB_CLIENT_CONFIRMATION_OK"
23052,10405741909,10405741945,1,"IOTHUB_CLIENT_CONFIRMATION_OK"
23053,10405742109,10405742148,1,"IOTHUB_CLIENT_CONFIRMATION_OK"
23054,10405742309,10405742343,1,"IOTHUB_CLIENT_CONFIRMATION_OK"
23055,10405742509,10405742582,1,"IOTHUB_CLIENT_CONFIRMATION_OK"
23056,10405742709,10405742761,1,"IOTHUB_CLIENT_CONFIRMATION_OK"
23057,10405742910,10405742949,1,"IOTHUB_CLIENT_CONFIRMATION_OK"
23058,10405743110,10405743147,1,"IOTHUB_CLIENT_CONFIRMATION_OK"
23059,10405743310,10405743357,1,"IOTHUB_CLIENT_CONFIRMATION_OK"
23060,10405743510,10405743558,1,"IOTHUB_CLIENT_CONFIRMATION_OK"
23061,10405743710,10405743749,1,"IOTHUB_CLIENT_CONFIRMATION_OK"
23062,10405743910,10405743950,1,"IOTHUB_CLIENT_CONFIRMATION_OK"
23063,10405744111,10405744253,1,"IOTHUB_CLIENT_CONFIRMATION_OK"
23064,10405744311,10405744396,1,"IOTHUB_CLIENT_CONFIRMATION_OK"
23065,10405744511,10405744548,1,"IOTHUB_CLIENT_CONFIRMATION_OK"
23066,10405744711,10405744748,1,"IOTHUB_CLIENT_CONFIRMATION_OK"
23067,10405744911,10405744949,1,"IOTHUB_CLIENT_CONFIRMATION_OK"
23068,10405745111,10405745249,1,"IOTHUB_CLIENT_CONFIRMATION_OK"
23069,10405745312,10405745356,1,"IOTHUB_CLIENT_CONFIRMATION_OK"
23070,10405745512,10405745550,1,"IOTHUB_CLIENT_CONFIRMATION_OK"
23071,10405745712,10405745874,1,"IOTHUB_CLIENT_CONFIRMATION_OK"
23072,10405745912,10405745952,1,"IOTHUB_CLIENT_CONFIRMATION_OK"
23073,10405746112,10405746156,1,"IOTHUB_CLIENT_CONFIRMATION_OK"
23074,10405746312,10405746411,1,"IOTHUB_CLIENT_CONFIRMATION_OK"
23075,10405746512,10405746551,1,"IOTHUB_CLIENT_CONFIRMATION_OK"
23076,10405746713,10405746752,1,"IOTHUB_CLIENT_CONFIRMATION_OK"
23077,10405746913,10405746985,1,"IOTHUB_CLIENT_CONFIRMATION_OK"
23078,10405747113,10405747155,1,"IOTHUB_CLIENT_CONFIRMATION_OK"
23079,10405747313,10405747355,1,"IOTHUB_CLIENT_CONFIRMATION_OK"
23080,10405747513,10405747552,1,"IOTHUB_CLIENT_CONFIRMATION_OK"
23081,10405747713,10405747759,1,"IOTHUB_CLIENT_CONFIRMATION_OK"
23082,10405747914,10405748108,1,"IOTHUB_CLIENT_CONFIRMATION_OK"
23083,10405748114,10405748151,1,"IOTHUB_CLIENT_CONFIRMATION_OK"
23084,10405748314,10405748358,1,"IOTHUB_CLIENT_CONFIRMATION_OK"
23085,10405748514,10405748559,1,"IOTHUB_CLIENT_CONFIRMATION_OK"
23086,10405748714,10405748755,1,"IOTHUB_CLIENT_CONFIRMATION_OK"
23087,10405748914,10405748954,1,"IOTHUB_CLIENT_CONFIRMATION_OK"
23088,10405749114,10405749165,1,"IOTHUB_CLIENT_CONFIRMATION_OK"
23089,10405749315,10405749377,1,"IOTHUB_CLIENT_CONFIRMATION_OK"
23090,10405749515,10405749607,1,"IOTHUB_CLIENT_CONFIRMATION_OK"
23091,10405749715,10405750120,1,"IOTHUB_CLIENT_CONFIRMATION_OK"
23092,10405749915,10405750546,1,"IOTHUB_CLIENT_CONFIRMATION_OK"
23093,10405750115,10405750655,1,"IOTHUB_CLIENT_CONFIRMATION_OK"
23094,10405750315,10405750755,1,"IOTHUB_CLIENT_CONFIRMATION_OK"
23095,10405750516,10405750837,1,"IOTHUB_CLIENT_CONFIRMATION_OK"
23096,10405750716,10405750898,1,"IOTHUB_CLIENT_CONFIRMATION_OK"
23097,10405750916,10405750981,1,"IOTHUB_CLIENT_CONFIRMATION_OK"
23098,10405751116,10405751156,1,"IOTHUB_CLIENT_CONFIRMATION_OK"
23099,10405751316,10405751456,1,"IOTHUB_CLIENT_CONFIRMATION_OK"
23100,10405751516,10405751604,1,"IOTHUB_CLIENT_CONFIRMATION_OK"
23101,10405751717,10405751754,1,"IOTHUB_CLIENT_CONFIRMATION_OK"
23102,10405751917,10405752074,1,"IOTHUB_CLIENT_CONFIRMATION_OK"
23103,10405752117,10405752152,1,"IOTHUB_CLIENT_CONFIRMATION_OK"
23104,10405752317,10405752356,1,"IOTHUB_CLIENT_CONFIRMATION_OK"
23105,10405752517,10405752558,1,"IOTHUB_CLIENT_CONFIRMATION_OK"
23106,10405752717,10405752761,1,"IOTHUB_CLIENT_CONFIRMATION_OK"
23107,10405752918,10405752959,1,"IOTHUB_CLIENT_CONFIRMATION_OK"
23108,10405753118,10405753157,1,"IOTHUB_CLIENT_CONFIRMATION_OK"
23109,10405753318,10405753370,1,"IOTHUB_CLIENT_CONFIRMATION_OK"
23110,10405753518,10405753693,1,"IOTHUB_CLIENT_CONFIRMATION_OK"
23111,10405753718,10405753780,1,"IOTHUB_CLIENT_CONFIRMATION_OK"
23112,10405753918,10405753959,1,"IOTHUB_CLIENT_CONFIRMATION_OK"
23113,10405754119,10405754150,1,"IOTHUB_CLIENT_CONFIRMATION_OK"
23114,10405754319,10405754356,1,"IOTHUB_CLIENT_CONFIRMATION_OK"
23115,10405754519,10405754567,1,"IOTHUB_CLIENT_CONFIRMATION_OK"
23116,10405754719,10405754758,1,"IOTHUB_CLIENT_CONFIRMATION_OK"
23117,10405754919,10405754960,1,"IOTHUB_CLIENT_CONFIRMATION_OK"
23118,10405755119,10405755197,1,"IOTHUB_CLIENT_CONFIRMATION_OK"
23119,10405755319,10405755364,1,"IOTHUB_CLIENT_CONFIRMATION_OK"
23120,10405755520,10405755604,1,"IOTHUB_CLIENT_CONFIRMATION_OK"
23121,10405755720,10405755796,1,"IOTHUB_CLIENT_CONFIRMATION_OK"
23122,10405755920,10405756006,1,"IOTHUB_CLIENT_CONFIRMATION_OK"
23123,10405756120,10405756158,1,"IOTHUB_CLIENT_CONFIRMATION_OK"
23124,10405756320,10405756365,1,"IOTHUB_CLIENT_CONFIRMATION_OK"
23125,10405756520,10405756578,1,"IOTHUB_CLIENT_CONFIRMATION_OK"
23126,10405756720,10405756759,1,"IOTHUB_CLIENT_CONFIRMATION_OK"
23127,10405756921,10405757041,1,"IOTHUB_CLIENT_CONFIRMATION_OK"
23128,10405757121,10405757159,1,"IOTHUB_CLIENT_CONFIRMATION_OK"
23129,10405757321,10405757363,1,"IOTHUB_CLIENT_CONFIRMATION_OK"
23130,10405757521,10405757650,1,"IOTHUB_CLIENT_CONFIRMATION_OK"
23131,10405757721,10405757770,1,"IOTHUB_CLIENT_CONFIRMATION_OK"
23132,10405757921,10405757980,1,"IOTHUB_CLIENT_CONFIRMATION_OK"
23133,10405758121,10405758161,1,"IOTHUB_CLIENT_CONFIRMATION_OK"
23134,10405758322,10405758373,1,"IOTHUB_CLIENT_CONFIRMATION_OK"
23135,10405758522,10405758568,1,"IOTHUB_CLIENT_CONFIRMATION_OK"
23136,10405758722,10405758783,1,"IOTHUB_CLIENT_CONFIRMATION_OK"
23137,10405758922,10405758957,1,"IOTHUB_CLIENT_CONFIRMATION_OK"
23138,10405759122,10405759171,1,"IOTHUB_CLIENT_CONFIRMATION_OK"
23139,10405759322,10405759363,1,"IOTHUB_CLIENT_CONFIRMATION_OK"
23140,10405759523,10405759561,1,"IOTHUB_CLIENT_CONFIRMATION_OK"
23141,10405759723,10405759807,1,"IOTHUB_CLIENT_CONFIRMATION_OK"
23142,10405759923,10405759959,1,"IOTHUB_CLIENT_CONFIRMATION_OK"
23143,10405760123,10405760166,1,"IOTHUB_CLIENT_CONFIRMATION_OK"
23144,10405760323,10405760407,1,"IOTHUB_CLIENT_CONFIRMATION_OK"
23145,10405760523,10405760565,1,"IOTHUB_CLIENT_CONFIRMATION_OK"
23146,10405760724,10405760764,1,"IOTHUB_CLIENT_CONFIRMATION_OK"
23147,10405760924,10405761030,1,"IOTHUB_CLIENT_CONFIRMATION_OK"
23148,10405761124,10405761200,1,"IOTHUB_CLIENT_CONFIRMATION_OK"
23149,10405761324,10405761368,1,"IOTHUB_CLIENT_CONFIRMATION_OK"
23150,10405761524,10405761564,1,"IOTHUB_CLIENT_CONFIRMATION_OK"
23151,10405761724,10405761766,1,"IOTHUB_CLIENT_CONFIRMATION_OK"
23152,10405761924,10405761968,1,"IOTHUB_CLIENT_CONFIRMATION_OK"
23153,10405762125,10405762167,1,"IOTHUB_CLIENT_CONFIRMATION_OK"
23154,10405762325,10405762364,1,"IOTHUB_CLIENT_CONFIRMATION_OK"
23155,10405762525,10405762568,1,"IOTHUB_CLIENT_CONFIRMATION_OK"
23156,10405762725,10405762786,1,"IOTHUB_CLIENT_CONFIRMATION_OK"
23157,10405762925,10405762974,1,"IOTHUB_CLIENT_CONFIRMATION_OK"
23158,10405763125,10405763161,1,"IOTHUB_CLIENT_CONFIRMATION_OK"
23159,10405763326,10405763384,1,"IOTHUB_CLIENT_CONFIRMATION_OK"
23160,10405763526,10405763574,1,"IOTHUB_CLIENT_CONFIRMATION_OK"
23161,10405763726,10405763790,1,"IOTHUB_CLIENT_CONFIRMATION_OK"
23162,10405763926,10405763971,1,"IOTHUB_CLIENT_CONFIRMATION_OK"
23163,10405764126,10405764160,1,"IOTHUB_CLIENT_CONFIRMATION_OK"
23164,10405764326,10405764383,1,"IOTHUB_CLIENT_CONFIRMATION_OK"
23165,10405764527,10405764562,1,"IOTHUB_CLIENT_CONFIRMATION_OK"
23166,10405764727,10405764775,1,"IOTHUB_CLIENT_CONFIRMATION_OK"
23167,10405764927,10405764986,1,"IOTHUB_CLIENT_CONFIRMATION_OK"
23168,10405765127,10405765172,1,"IOTHUB_CLIENT_CONFIRMATION_OK"
23169,10405765327,10405765442,1,"IOTHUB_CLIENT_CONFIRMATION_OK"
23170,10405765527,10405765565,1,"IOTHUB_CLIENT_CONFIRMATION_OK"
23171,10405765728,10405765771,1,"IOTHUB_CLIENT_CONFIRMATION_OK"
23172,10405765928,10405766068,1,"IOTHUB_CLIENT_CONFIRMATION_OK"
23173,10405766128,10405766163,1,"IOTHUB_CLIENT_CONFIRMATION_OK"
23174,10405766328,10405766364,1,"IOTHUB_CLIENT_CONFIRMATION_OK"
23175,10405766528,10405766571,1,"IOTHUB_CLIENT_CONFIRMATION_OK"
23176,10405766728,10405766763,1,"IOTHUB_CLIENT_CONFIRMATION_OK"
23177,10405766929,10405766966,1,"IOTHUB_CLIENT_CONFIRMATION_OK"
23178,10405767129,10405767165,1,"IOTHUB_CLIENT_CONFIRMATION_OK"
23179,10405767329,10405767390,1,"IOTHUB_CLIENT_CONFIRMATION_OK"
23180,10405767529,10405767564,1,"IOTHUB_CLIENT_CONFIRMATION_OK"
23181,10405767729,10405767773,1,"IOTHUB_CLIENT_CONFIRMATION_OK"
23182,10405767929,10405767965,1,"IOTHUB_CLIENT_CONFIRMATION_OK"
23183,10405768129,10405768340,1,"IOTHUB_CLIENT_CONFIRMATION_OK"
23184,10405768330,10405768397,1,"IOTHUB_CLIENT_CONFIRMATION_OK"
23185,10405768530,10405768575,1,"IOTHUB_CLIENT_CONFIRMATION_OK"
23186,10405768730,10405768786,1,"IOTHUB_CLIENT_CONFIRMATION_OK"
23187,10405768930,10405768966,1,"IOTHUB_CLIENT_CONFIRMATION_OK"
23188,10405769130,10405769177,1,"IOTHUB_CLIENT_CONFIRMATION_OK"
23189,10405769330,10405769375,1,"IOTHUB_CLIENT_CONFIRMATION_OK"
23190,10405769531,10405769572,1,"IOTHUB_CLIENT_CONFIRMATION_OK"
23191,10405769731,10405769772,1,"IOTHUB_CLIENT_CONFIRMATION_OK"
23192,10405769931,10405769976,1,"IOTHUB_CLIENT_CONFIRMATION_OK"
23193,10405770131,10405770168,1,"IOTHUB_CLIENT_CONFIRMATION_OK"
23194,10405770331,10405770369,1,"IOTHUB_CLIENT_CONFIRMATION_OK"
23195,10405770531,10405770592,1,"IOTHUB_CLIENT_CONFIRMATION_OK"
23196,10405770731,10405770788,1,"IOTHUB_CLIENT_CONFIRMATION_OK"
23197,10405770932,10405770987,1,"IOTHUB_CLIENT_CONFIRMATION_OK"
23198,10405771132,10405771174,1,"IOTHUB_CLIENT_CONFIRMATION_OK"
23199,10405771332,10405771373,1,"IOTHUB_CLIENT_CONFIRMATION_OK"
23200,10405771532,10405771613,1,"IOTHUB_CLIENT_CONFIRMATION_OK"
23201,10405771732,10405771777,1,"IOTHUB_CLIENT_CONFIRMATION_OK"
23202,10405771932,10405772010,1,"IOTHUB_CLIENT_CONFIRMATION_OK"
23203,10405772133,10405772228,1,"IOTHUB_CLIENT_CONFIRMATION_OK"
23204,10405772333,10405772408,1,"IOTHUB_CLIENT_CONFIRMATION_OK"
23205,10405772533,10405772574,1,"IOTHUB_CLIENT_CONFIRMATION_OK"
23206,10405772733,10405772794,1,"IOTHUB_CLIENT_CONFIRMATION_OK"
23207,10405772933,10405773008,1,"IOTHUB_CLIENT_CONFIRMATION_OK"
23208,10405773133,10405773179,1,"IOTHUB_CLIENT_CONFIRMATION_OK"
23209,10405773334,10405773380,1,"IOTHUB_CLIENT_CONFIRMATION_OK"
23210,10405773534,10405773583,1,"IOTHUB_CLIENT_CONFIRMATION_OK"
23211,10405773734,10405773840,1,"IOTHUB_CLIENT_CONFIRMATION_OK"
23212,10405773934,10405773980,1,"IOTHUB_CLIENT_CONFIRMATION_OK"
23213,10405774134,10405774183,1,"IOTHUB_CLIENT_CONFIRMATION_OK"
23214,10405774334,10405774479,1,"IOTHUB_CLIENT_CONFIRMATION_OK"
23215,10405774535,10405774576,1,"IOTHUB_CLIENT_CONFIRMATION_OK"
23216,10405774735,10405774784,1,"IOTHUB_CLIENT_CONFIRMATION_OK"
23217,10405774935,10405774977,1,"IOTHUB_CLIENT_CONFIRMATION_OK"
23218,10405775135,10405775181,1,"IOTHUB_CLIENT_CONFIRMATION_OK"
23219,10405775335,10405775374,1,"IOTHUB_CLIENT_CONFIRMATION_OK"
23220,10405775535,10405775575,1,"IOTHUB_CLIENT_CONFIRMATION_OK"
23221,10405775736,10405775779,1,"IOTHUB_CLIENT_CONFIRMATION_OK"
23222,10405775936,10405775976,1,"IOTHUB_CLIENT_CONFIRMATION_OK"
23223,10405776136,10405776175,1,"IOTHUB_CLIENT_CONFIRMATION_OK"
23224,10405776336,10405776377,1,"IOTHUB_CLIENT_CONFIRMATION_OK"
23225,10405776536,10405776696,1,"IOTHUB_CLIENT_CONFIRMATION_OK"
23226,10405776736,10405776778,1,"IOTHUB_CLIENT_CONFIRMATION_OK"
23227,10405776937,10405776975,1,"IOTHUB_CLIENT_CONFIRMATION_OK"
23228,10405777137,10405777323,1,"IOTHUB_CLIENT_CONFIRMATION_OK"
23229,10405777337,10405777391,1,"IOTHUB_CLIENT_CONFIRMATION_OK"
23230,10405777537,10405777582,1,"IOTHUB_CLIENT_CONFIRMATION_OK"
23231,10405777737,10405777784,1,"IOTHUB_CLIENT_CONFIRMATION_OK"
23232,10405777937,10405777982,1,"IOTHUB_CLIENT_CONFIRMATION_OK"
23233,10405778137,10405778202,1,"IOTHUB_CLIENT_CONFIRMATION_OK"
23234,10405778338,10405778376,1,"IOTHUB_CLIENT_CONFIRMATION_OK"
23235,10405778538,10405778597,1,"IOTHUB_CLIENT_CONFIRMATION_OK"
23236,10405778738,10405778779,1,"IOTHUB_CLIENT_CONFIRMATION_OK"
23237,10405778938,10405778985,1,"IOTHUB_CLIENT_CONFIRMATION_OK"
23238,10405779138,10405779177,1,"IOTHUB_CLIENT_CONFIRMATION_OK"
23239,10405779338,10405779614,1,"IOTHUB_CLIENT_CONFIRMATION_OK"
23240,10405779539,10405779672,1,"IOTHUB_CLIENT_CONFIRMATION_OK"
23241,10405779739,10405779776,1,"IOTHUB_CLIENT_CONFIRMATION_OK"
23242,10405779939,10405780018,1,"IOTHUB_CLIENT_CONFIRMATION_OK"
23243,10405780139,10405780192,1,"IOTHUB_CLIENT_CONFIRMATION_OK"
23244,10405780339,10405780373,1,"IOTHUB_CLIENT_CONFIRMATION_OK"
23245,10405780539,10405780691,1,"IOTHUB_CLIENT_CONFIRMATION_OK"
23246,10405780740,10405780784,1,"IOTHUB_CLIENT_CONFIRMATION_OK"
23247,10405780940,10405780980,1,"IOTHUB_CLIENT_CONFIRMATION_OK"
23248,10405781140,10405781180,1,"IOTHUB_CLIENT_CONFIRMATION_OK"
23249,10405781340,10405781396,1,"IOTHUB_CLIENT_CONFIRMATION_OK"
23250,10405781540,10405781580,1,"IOTHUB_CLIENT_CONFIRMATION_OK"
23251,10405781740,10405781779,1,"IOTHUB_CLIENT_CONFIRMATION_OK"
23252,10405781941,10405781984,1,"IOTHUB_CLIENT_CONFIRMATION_OK"
23253,10405782141,10405782275,1,"IOTHUB_CLIENT_CONFIRMATION_OK"
23254,10405782341,10405782380,1,"IOTHUB_CLIENT_CONFIRMATION_OK"
23255,10405782541,10405782587,1,"IOTHUB_CLIENT_CONFIRMATION_OK"
23256,10405782741,10405782899,1,"IOTHUB_CLIENT_CONFIRMATION_OK"
23257,10405782941,10405783006,1,"IOTHUB_CLIENT_CONFIRMATION_OK"
23258,10405783142,10405783191,1,"IOTHUB_CLIENT_CONFIRMATION_OK"
23259,10405783342,10405783492,1,"IOTHUB_CLIENT_CONFIRMATION_OK"
23260,10405783542,10405783601,1,"IOTHUB_CLIENT_CONFIRMATION_OK"
23261,10405783742,10405783782,1,"IOTHUB_CLIENT_CONFIRMATION_OK"
23262,10405783942,10405784003,1,"IOTHUB_CLIENT_CONFIRMATION_OK"
23263,10405784142,10405784183,1,"IOTHUB_CLIENT_CONFIRMATION_OK"
23264,10405784343,10405784379,1,"IOTHUB_CLIENT_CONFIRMATION_OK"
23265,10405784543,10405784578,1,"IOTHUB_CLIENT_CONFIRMATION_OK"
23266,10405784743,10405784841,1,"IOTHUB_CLIENT_CONFIRMATION_OK"
23267,10405784943,10405784984,1,"IOTHUB_CLIENT_CONFIRMATION_OK"
23268,10405785143,10405785183,1,"IOTHUB_CLIENT_CONFIRMATION_OK"
23269,10405785343,10405785384,1,"IOTHUB_CLIENT_CONFIRMATION_OK"
23270,10405785543,10405785748,1,"IOTHUB_CLIENT_CONFIRMATION_OK"
23271,10405785744,10405785781,1,"IOTHUB_CLIENT_CONFIRMATION_OK"
23272,10405785944,10405785978,1,"IOTHUB_CLIENT_CONFIRMATION_OK"
23273,10405786144,10405786184,1,"IOTHUB_CLIENT_CONFIRMATION_OK"
23274,10405786344,10405786381,1,"IOTHUB_CLIENT_CONFIRMATION_OK"
23275,10405786544,10405786633,1,"IOTHUB_CLIENT_CONFIRMATION_OK"
23276,10405786744,10405786785,1,"IOTHUB_CLIENT_CONFIRMATION_OK"
23277,10405786945,10405786985,1,"IOTHUB_CLIENT_CONFIRMATION_OK"
23278,10405787145,10405787183,1,"IOTHUB_CLIENT_CONFIRMATION_OK"
23279,10405787345,10405787396,1,"IOTHUB_CLIENT_CONFIRMATION_OK"
23280,10405787545,10405787625,1,"IOTHUB_CLIENT_CONFIRMATION_OK"
23281,10405787745,10405787793,1,"IOTHUB_CLIENT_CONFIRMATION_OK"
23282,10405787945,10405787985,1,"IOTHUB_CLIENT_CONFIRMATION_OK"
23283,10405788145,10405788182,1,"IOTHUB_CLIENT_CONFIRMATION_OK"
23284,10405788346,10405788384,1,"IOTHUB_CLIENT_CONFIRMATION_OK"
23285,10405788546,10405788601,1,"IOTHUB_CLIENT_CONFIRMATION_OK"
23286,10405788746,10405788783,1,"IOTHUB_CLIENT_CONFIRMATION_OK"
23287,10405788946,10405788993,1,"IOTHUB_CLIENT_CONFIRMATION_OK"
23288,10405789146,10405789226,1,"IOTHUB_CLIENT_CONFIRMATION_OK"
23289,10405789346,10405789386,1,"IOTHUB_CLIENT_CONFIRMATION_OK"
23290,10405789547,10405789620,1,"IOTHUB_CLIENT_CONFIRMATION_OK"
23291,10405789747,10405789793,1,"IOTHUB_CLIENT_CONFIRMATION_OK"
23292,10405789947,10405789982,1,"IOTHUB_CLIENT_CONFIRMATION_OK"
23293,10405790147,10405790187,1,"IOTHUB_CLIENT_CONFIRMATION_OK"
23294,10405790347,10405790389,1,"IOTHUB_CLIENT_CONFIRMATION_OK"
23295,10405790547,10405790585,1,"IOTHUB_CLIENT_CONFIRMATION_OK"
23296,10405790748,10405790788,1,"IOTHUB_CLIENT_CONFIRMATION_OK"
23297,10405790948,10405790979,1,"IOTHUB_CLIENT_CONFIRMATION_OK"
23298,10405791148,10405791244,1,"IOTHUB_CLIENT_CONFIRMATION_OK"
23299,10405791348,10405791394,1,"IOTHUB_CLIENT_CONFIRMATION_OK"
23300,10405791548,10405791584,1,"IOTHUB_CLIENT_CONFIRMATION_OK"
23301,10405791748,10405791852,1,"IOTHUB_CLIENT_CONFIRMATION_OK"
23302,10405791949,10405791985,1,"IOTHUB_CLIENT_CONFIRMATION_OK"
23303,10405792149,10405792184,1,"IOTHUB_CLIENT_CONFIRMATION_OK"
23304,10405792349,10405792484,1,"IOTHUB_CLIENT_CONFIRMATION_OK"
23305,10405792549,10405792587,1,"IOTHUB_CLIENT_CONFIRMATION_OK"
23306,10405792749,10405792787,1,"IOTHUB_CLIENT_CONFIRMATION_OK"
23307,10405792949,10405792990,1,"IOTHUB_CLIENT_CONFIRMATION_OK"
23308,10405793149,10405793199,1,"IOTHUB_CLIENT_CONFIRMATION_OK"
23309,10405793350,10405793383,1,"IOTHUB_CLIENT_CONFIRMATION_OK"
23310,10405793550,10405793649,1,"IOTHUB_CLIENT_CONFIRMATION_OK"
23311,10405793750,10405793791,1,"IOTHUB_CLIENT_CONFIRMATION_OK"
23312,10405793950,10405794127,1,"IOTHUB_CLIENT_CONFIRMATION_OK"
23313,10405794150,10405794194,1,"IOTHUB_CLIENT_CONFIRMATION_OK"
23314,10405794350,10405794395,1,"IOTHUB_CLIENT_CONFIRMATION_OK"
23315,10405794550,10405794717,1,"IOTHUB_CLIENT_CONFIRMATION_OK"
23316,10405794751,10405794795,1,"IOTHUB_CLIENT_CONFIRMATION_OK"
23317,10405794951,10405794987,1,"IOTHUB_CLIENT_CONFIRMATION_OK"
23318,10405795151,10405795188,1,"IOTHUB_CLIENT_CONFIRMATION_OK"
23319,10405795351,10405795393,1,"IOTHUB_CLIENT_CONFIRMATION_OK"
23320,10405795551,10405795588,1,"IOTHUB_CLIENT_CONFIRMATION_OK"
23321,10405795751,10405795791,1,"IOTHUB_CLIENT_CONFIRMATION_OK"
23322,10405795952,10405795986,1,"IOTHUB_CLIENT_CONFIRMATION_OK"
23323,10405796152,10405796206,1,"IOTHUB_CLIENT_CONFIRMATION_OK"
23324,10405796352,10405796390,1,"IOTHUB_CLIENT_CONFIRMATION_OK"
23325,10405796552,10405796582,1,"IOTHUB_CLIENT_CONFIRMATION_OK"
23326,10405796752,10405796949,1,"IOTHUB_CLIENT_CONFIRMATION_OK"
23327,10405796952,10405796992,1,"IOTHUB_CLIENT_CONFIRMATION_OK"
23328,10405797153,10405797188,1,"IOTHUB_CLIENT_CONFIRMATION_OK"
23329,10405797353,10405797396,1,"IOTHUB_CLIENT_CONFIRMATION_OK"
23330,10405797553,10405797602,1,"IOTHUB_CLIENT_CONFIRMATION_OK"
23331,10405797753,10405797793,1,"IOTHUB_CLIENT_CONFIRMATION_OK"
23332,10405797953,10405797988,1,"IOTHUB_CLIENT_CONFIRMATION_OK"
23333,10405798153,10405798198,1,"IOTHUB_CLIENT_CONFIRMATION_OK"
23334,10405798353,10405798428,1,"IOTHUB_CLIENT_CONFIRMATION_OK"
23335,10405798554,10405798638,1,"IOTHUB_CLIENT_CONFIRMATION_OK"
23336,10405798754,10405798816,1,"IOTHUB_CLIENT_CONFIRMATION_OK"
23337,10405798954,10405799000,1,"IOTHUB_CLIENT_CONFIRMATION_OK"
23338,10405799154,10405799191,1,"IOTHUB_CLIENT_CONFIRMATION_OK"
23339,10405799354,10405799399,1,"IOTHUB_CLIENT_CONFIRMATION_OK"
23340,10405799554,10405799692,1,"IOTHUB_CLIENT_CONFIRMATION_OK"
23341,10405799755,10405799796,1,"IOTHUB_CLIENT_CONFIRMATION_OK"
23342,10405799955,10405799997,1,"IOTHUB_CLIENT_CONFIRMATION_OK"
23343,10405800155,10405800267,1,"IOTHUB_CLIENT_CONFIRMATION_OK"
23344,10405800355,10405800390,1,"IOTHUB_CLIENT_CONFIRMATION_OK"
23345,10405800555,10405800587,1,"IOTHUB_CLIENT_CONFIRMATION_OK"
23346,10405800755,10405800883,1,"IOTHUB_CLIENT_CONFIRMATION_OK"
23347,10405800956,10405800992,1,"IOTHUB_CLIENT_CONFIRMATION_OK"
23348,10405801156,10405801228,1,"IOTHUB_CLIENT_CONFIRMATION_OK"
23349,10405801356,10405801402,1,"IOTHUB_CLIENT_CONFIRMATION_OK"
23350,10405801556,10405801616,1,"IOTHUB_CLIENT_CONFIRMATION_OK"
23351,10405801756,10405801815,1,"IOTHUB_CLIENT_CONFIRMATION_OK"
23352,10405801956,10405801994,1,"IOTHUB_CLIENT_CONFIRMATION_OK"
23353,10405802157,10405802199,1,"IOTHUB_CLIENT_CONFIRMATION_OK"
23354,10405802357,10405802500,1,"IOTHUB_CLIENT_CONFIRMATION_OK"
23355,10405802557,10405802608,1,"IOTHUB_CLIENT_CONFIRMATION_OK"
23356,10405802757,10405802799,1,"IOTHUB_CLIENT_CONFIRMATION_OK"
23357,10405802957,10405803127,1,"IOTHUB_CLIENT_CONFIRMATION_OK"
23358,10405803157,10405803251,1,"IOTHUB_CLIENT_CONFIRMATION_OK"
23359,10405803358,10405803403,1,"IOTHUB_CLIENT_CONFIRMATION_OK"
23360,10405803558,10405803600,1,"IOTHUB_CLIENT_CONFIRMATION_OK"
23361,10405803758,10405803801,1,"IOTHUB_CLIENT_CONFIRMATION_OK"
23362,10405803958,10405803997,1,"IOTHUB_CLIENT_CONFIRMATION_OK"
23363,10405804158,10405804206,1,"IOTHUB_CLIENT_CONFIRMATION_OK"
23364,10405804358,10405804407,1,"IOTHUB_CLIENT_CONFIRMATION_OK"
23365,10405804558,10405804598,1,"IOTHUB_CLIENT_CONFIRMATION_OK"
23366,10405804759,10405804802,1,"IOTHUB_CLIENT_CONFIRMATION_OK"
23367,10405804959,10405805001,1,"IOTHUB_CLIENT_CONFIRMATION_OK"
23368,10405805159,10405805357,1,"IOTHUB_CLIENT_CONFIRMATION_OK"
23369,10405805359,10405805405,1,"IOTHUB_CLIENT_CONFIRMATION_OK"
23370,10405805559,10405805608,1,"IOTHUB_CLIENT_CONFIRMATION_OK"
23371,10405805759,10405805794,1,"IOTHUB_CLIENT_CONFIRMATION_OK"
23372,10405805960,10405806009,1,"IOTHUB_CLIENT_CONFIRMATION_OK"
23373,10405806160,10405806211,1,"IOTHUB_CLIENT_CONFIRMATION_OK"
23374,10405806360,10405806397,1,"IOTHUB_CLIENT_CONFIRMATION_OK"
23375,10405806560,10405806599,1,"IOTHUB_CLIENT_CONFIRMATION_OK"
23376,10405806760,10405806807,1,"IOTHUB_CLIENT_CONFIRMATION_OK"
23377,10405806960,10405807087,1,"IOTHUB_CLIENT_CONFIRMATION_OK"
23378,10405807161,10405807197,1,"IOTHUB_CLIENT_CONFIRMATION_OK"
23379,10405807361,10405807410,1,"IOTHUB_CLIENT_CONFIRMATION_OK"
23380,10405807561,10405807603,1,"IOTHUB_CLIENT_CONFIRMATION_OK"
23381,10405807761,10405807796,1,"IOTHUB_CLIENT_CONFIRMATION_OK"
23382,10405807961,10405808109,1,"IOTHUB_CLIENT_CONFIRMATION_OK"
23383,10405808161,10405808198,1,"IOTHUB_CLIENT_CONFIRMATION_OK"
23384,10405808361,10405808414,1,"IOTHUB_CLIENT_CONFIRMATION_OK"
23385,10405808562,10405808750,1,"IOTHUB_CLIENT_CONFIRMATION_OK"
23386,10405808762,10405808807,1,"IOTHUB_CLIENT_CONFIRMATION_OK"
23387,10405808962,10405809002,1,"IOTHUB_CLIENT_CONFIRMATION_OK"
23388,10405809162,10405809206,1,"IOTHUB_CLIENT_CONFIRMATION_OK"
23389,10405809362,10405809467,1,"IOTHUB_CLIENT_CONFIRMATION_OK"
23390,10405809562,10405809637,1,"IOTHUB_CLIENT_CONFIRMATION_OK"
23391,10405809763,10405809816,1,"IOTHUB_CLIENT_CONFIRMATION_OK"
23392,10405809963,10405810004,1,"IOTHUB_CLIENT_CONFIRMATION_OK"
23393,10405810163,10405810198,1,"IOTHUB_CLIENT_CONFIRMATION_OK"
23394,10405810363,10405810396,1,"IOTHUB_CLIENT_CONFIRMATION_OK"
23395,10405810563,10405810596,1,"IOTHUB_CLIENT_CONFIRMATION_OK"
23396,10405810763,10405810821,1,"IOTHUB_CLIENT_CONFIRMATION_OK"
23397,10405810964,10405811017,1,"IOTHUB_CLIENT_CONFIRMATION_OK"
23398,10405811164,10405811217,1,"IOTHUB_CLIENT_CONFIRMATION_OK"
23399,10405811364,10405811407,1,"IOTHUB_CLIENT_CONFIRMATION_OK"
23400,10405811564,10405811614,1,"IOTHUB_CLIENT_CONFIRMATION_OK"
23401,10405811764,10405811827,1,"IOTHUB_CLIENT_CONFIRMATION_OK"
23402,10405811964,10405812013,1,"IOTHUB_CLIENT_CONFIRMATION_OK"
23403,10405812165,10405812198,1,"IOTHUB_CLIENT_CONFIRMATION_OK"
23404,10405812365,10405812404,1,"IOTHUB_CLIENT_CONFIRMATION_OK"
23405,10405812565,10405812629,1,"IOTHUB_CLIENT_CONFIRMATION_OK"
23406,10405812765,10405812809,1,"IOTHUB_CLIENT_CONFIRMATION_OK"
23407,10405812965,10405813007,1,"IOTHUB_CLIENT_CONFIRMATION_OK"
23408,10405813165,10405813206,1,"IOTHUB_CLIENT_CONFIRMATION_OK"
23409,10405813366,10405813399,1,"IOTHUB_CLIENT_CONFIRMATION_OK"
23410,10405813566,10405813718,1,"IOTHUB_CLIENT_CONFIRMATION_OK"
23411,10405813766,10405813807,1,"IOTHUB_CLIENT_CONFIRMATION_OK"
23412,10405813966,10405814020,1,"IOTHUB_CLIENT_CONFIRMATION_OK"
23413,10405814166,10405814268,1,"IOTHUB_CLIENT_CONFIRMATION_OK"
23414,10405814366,10405814406,1,"IOTHUB_CLIENT_CONFIRMATION_OK"
23415,10405814567,10405814650,1,"IOTHUB_CLIENT_CONFIRMATION_OK"
23416,10405814767,10405814878,1,"IOTHUB_CLIENT_CONFIRMATION_OK"
23417,10405814967,10405815007,1,"IOTHUB_CLIENT_CONFIRMATION_OK"
23418,10405815167,10405815203,1,"IOTHUB_CLIENT_CONFIRMATION_OK"
23419,10405815367,10405815511,1,"IOTHUB_CLIENT_CONFIRMATION_OK"
23420,10405815567,10405815602,1,"IOTHUB_CLIENT_CONFIRMATION_OK"
23421,10405815767,10405815807,1,"IOTHUB_CLIENT_CONFIRMATION_OK"
23422,10405815968,10405816005,1,"IOTHUB_CLIENT_CONFIRMATION_OK"
23423,10405816168,10405816206,1,"IOTHUB_CLIENT_CONFIRMATION_OK"
23424,10405816368,10405816424,1,"IOTHUB_CLIENT_CONFIRMATION_OK"
23425,10405816568,10405816605,1,"IOTHUB_CLIENT_CONFIRMATION_OK"
23426,10405816768,10405816828,1,"IOTHUB_CLIENT_CONFIRMATION_OK"
23427,10405816968,10405817133,1,"IOTHUB_CLIENT_CONFIRMATION_OK"
23428,10405817169,10405817204,1,"IOTHUB_CLIENT_CONFIRMATION_OK"
23429,10405817369,10405817408,1,"IOTHUB_CLIENT_CONFIRMATION_OK"
23430,10405817569,10405817730,1,"IOTHUB_CLIENT_CONFIRMATION_OK"
23431,10405817769,10405817805,1,"IOTHUB_CLIENT_CONFIRMATION_OK"
23432,10405817969,10405818010,1,"IOTHUB_CLIENT_CONFIRMATION_OK"
23433,10405818169,10405818202,1,"IOTHUB_CLIENT_CONFIRMATION_OK"
23434,10405818370,10405818409,1,"IOTHUB_CLIENT_CONFIRMATION_OK"
23435,10405818570,10405818605,1,"IOTHUB_CLIENT_CONFIRMATION_OK"
23436,10405818770,10405818881,1,"IOTHUB_CLIENT_CONFIRMATION_OK"
23437,10405818970,10405819008,1,"IOTHUB_CLIENT_CONFIRMATION_OK"
23438,10405819170,10405819207,1,"IOTHUB_CLIENT_CONFIRMATION_OK"
23439,10405819370,10405819417,1,"IOTHUB_CLIENT_CONFIRMATION_OK"
23440,10405819570,10405819614,1,"IOTHUB_CLIENT_CONFIRMATION_OK"
23441,10405819771,10405819828,1,"IOTHUB_CLIENT_CONFIRMATION_OK"
23442,10405819971,10405820005,1,"IOTHUB_CLIENT_CONFIRMATION_OK"
23443,10405820171,10405820214,1,"IOTHUB_CLIENT_CONFIRMATION_OK"
23444,10405820371,10405820416,1,"IOTHUB_CLIENT_CONFIRMATION_OK"
23445,10405820571,10405820605,1,"IOTHUB_CLIENT_CONFIRMATION_OK"
23446,10405820771,10405820850,1,"IOTHUB_CLIENT_CONFIRMATION_OK"
23447,10405820972,10405821015,1,"IOTHUB_CLIENT_CONFIRMATION_OK"
23448,10405821172,10405821205,1,"IOTHUB_CLIENT_CONFIRMATION_OK"
23449,10405821372,10405821437,1,"IOTHUB_CLIENT_CONFIRMATION_OK"
23450,10405821572,10405821622,1,"IOTHUB_CLIENT_CONFIRMATION_OK"
23451,10405821772,10405821815,1,"IOTHUB_CLIENT_CONFIRMATION_OK"
23452,10405821972,10405822034,1,"IOTHUB_CLIENT_CONFIRMATION_OK"
23453,10405822172,10405822217,1,"IOTHUB_CLIENT_CONFIRMATION_OK"
23454,10405822373,10405822416,1,"IOTHUB_CLIENT_CONFIRMATION_OK"
23455,10405822573,10405822633,1,"IOTHUB_CLIENT_CONFIRMATION_OK"
23456,10405822773,10405822807,1,"IOTHUB_CLIENT_CONFIRMATION_OK"
23457,10405822973,10405823014,1,"IOTHUB_CLIENT_CONFIRMATION_OK"
23458,10405823173,10405823242,1,"IOTHUB_CLIENT_CONFIRMATION_OK"
23459,10405823373,10405823706,1,"IOTHUB_CLIENT_CONFIRMATION_OK"
23460,10405823574,10405823875,1,"IOTHUB_CLIENT_CONFIRMATION_OK"
23461,10405823774,10405824228,1,"IOTHUB_CLIENT_CONFIRMATION_OK"
23462,10405823974,10405824297,1,"IOTHUB_CLIENT_CONFIRMATION_OK"
23463,10405824174,10405824479,1,"IOTHUB_CLIENT_CONFIRMATION_OK"
23464,10405824374,10405824508,1,"IOTHUB_CLIENT_CONFIRMATION_OK"
23465,10405824574,10405824647,1,"IOTHUB_CLIENT_CONFIRMATION_OK"
23466,10405824775,10405824818,1,"IOTHUB_CLIENT_CONFIRMATION_OK"
23467,10405824975,10405825019,1,"IOTHUB_CLIENT_CONFIRMATION_OK"
23468,10405825175,10405825217,1,"IOTHUB_CLIENT_CONFIRMATION_OK"
23469,10405825375,10405825496,1,"IOTHUB_CLIENT_CONFIRMATION_OK"
23470,10405825575,10405825614,1,"IOTHUB_CLIENT_CONFIRMATION_OK"
23471,10405825775,10405825836,1,"IOTHUB_CLIENT_CONFIRMATION_OK"
23472,10405825976,10405826122,1,"IOTHUB_CLIENT_CONFIRMATION_OK"
23473,10405826176,10405826215,1,"IOTHUB_CLIENT_CONFIRMATION_OK"
23474,10405826376,10405826420,1,"IOTHUB_CLIENT_CONFIRMATION_OK"
23475,10405826576,10405826616,1,"IOTHUB_CLIENT_CONFIRMATION_OK"
23476,10405826776,10405826809,1,"IOTHUB_CLIENT_CONFIRMATION_OK"
23477,10405826976,10405827009,1,"IOTHUB_CLIENT_CONFIRMATION_OK"
23478,10405827177,10405827211,1,"IOTHUB_CLIENT_CONFIRMATION_OK"
23479,10405827377,10405827417,1,"IOTHUB_CLIENT_CONFIRMATION_OK"
23480,10405827577,10405827623,1,"IOTHUB_CLIENT_CONFIRMATION_OK"
23481,10405827777,10405827815,1,"IOTHUB_CLIENT_CONFIRMATION_OK"
23482,10405827977,10405828015,1,"IOTHUB_CLIENT_CONFIRMATION_OK"
23483,10405828177,10405828362,1,"IOTHUB_CLIENT_CONFIRMATION_OK"
23484,10405828377,10405828422,1,"IOTHUB_CLIENT_CONFIRMATION_OK"
23485,10405828578,10405828645,1,"IOTHUB_CLIENT_CONFIRMATION_OK"
23486,10405828778,10405828822,1,"IOTHUB_CLIENT_CONFIRMATION_OK"
23487,10405828978,10405829013,1,"IOTHUB_CLIENT_CONFIRMATION_OK"
23488,10405829178,10405829225,1,"IOTHUB_CLIENT_CONFIRMATION_OK"
23489,10405829378,10405829415,1,"IOTHUB_CLIENT_CONFIRMATION_OK"
23490,10405829578,10405829620,1,"IOTHUB_CLIENT_CONFIRMATION_OK"
23491,10405829779,10405829813,1,"IOTHUB_CLIENT_CONFIRMATION_OK"
23492,10405829979,10405830030,1,"IOTHUB_CLIENT_CONFIRMATION_OK"
23493,10405830179,10405830219,1,"IOTHUB_CLIENT_CONFIRMATION_OK"
23494,10405830379,10405830413,1,"IOTHUB_CLIENT_CONFIRMATION_OK"
23495,10405830579,10405830655,1,"IOTHUB_CLIENT_CONFIRMATION_OK"
23496,10405830779,10405830820,1,"IOTHUB_CLIENT_CONFIRMATION_OK"
23497,10405830980,10405831046,1,"IOTHUB_CLIENT_CONFIRMATION_OK"
23498,10405831180,10405831214,1,"IOTHUB_CLIENT_CONFIRMATION_OK"
23499,10405831380,10405831419,1,"IOTHUB_CLIENT_CONFIRMATION_OK"
23500,10405831580,10405831656,1,"IOTHUB_CLIENT_CONFIRMATION_OK"
23501,10405831780,10405831856,1,"IOTHUB_CLIENT_CONFIRMATION_OK"
23502,10405831980,10405832023,1,"IOTHUB_CLIENT_CONFIRMATION_OK"
23503,10405832180,10405832264,1,"IOTHUB_CLIENT_CONFIRMATION_OK"
23504,10405832381,10405832417,1,"IOTHUB_CLIENT_CONFIRMATION_OK"
23505,10405832581,10405832619,1,"IOTHUB_CLIENT_CONFIRMATION_OK"
23506,10405832781,10405832878,1,"IOTHUB_CLIENT_CONFIRMATION_OK"
23507,10405832981,10405833062,1,"IOTHUB_CLIENT_CONFIRMATION_OK"
23508,10405833181,10405833222,1,"IOTHUB_CLIENT_CONFIRMATION_OK"
23509,10405833381,10405833426,1,"IOTHUB_CLIENT_CONFIRMATION_OK"
23510,10405833582,10405833626,1,"IOTHUB_CLIENT_CONFIRMATION_OK"
23511,10405833782,10405833895,1,"IOTHUB_CLIENT_CONFIRMATION_OK"
23512,10405833982,10405834019,1,"IOTHUB_CLIENT_CONFIRMATION_OK"
23513,10405834182,10405834219,1,"IOTHUB_CLIENT_CONFIRMATION_OK"
23514,10405834382,10405834501,1,"IOTHUB_CLIENT_CONFIRMATION_OK"
23515,10405834582,10405834638,1,"IOTHUB_CLIENT_CONFIRMATION_OK"
23516,10405834783,10405834825,1,"IOTHUB_CLIENT_CONFIRMATION_OK"
23517,10405834983,10405835113,1,"IOTHUB_CLIENT_CONFIRMATION_OK"
23518,10405835183,10405835222,1,"IOTHUB_CLIENT_CONFIRMATION_OK"
23519,10405835383,10405835424,1,"IOTHUB_CLIENT_CONFIRMATION_OK"
23520,10405835583,10405835656,1,"IOTHUB_CLIENT_CONFIRMATION_OK"
23521,10405835783,10405835833,1,"IOTHUB_CLIENT_CONFIRMATION_OK"
23522,10405835983,10405836021,1,"IOTHUB_CLIENT_CONFIRMATION_OK"
23523,10405836184,10405836224,1,"IOTHUB_CLIENT_CONFIRMATION_OK"
23524,10405836384,10405836429,1,"IOTHUB_CLIENT_CONFIRMATION_OK"
23525,10405836584,10405836809,1,"IOTHUB_CLIENT_CONFIRMATION_OK"
23526,10405836784,10405836836,1,"IOTHUB_CLIENT_CONFIRMATION_OK"
23527,10405836984,10405837025,1,"IOTHUB_CLIENT_CONFIRMATION_OK"
23528,10405837184,10405837234,1,"IOTHUB_CLIENT_CONFIRMATION_OK"
23529,10405837385,10405837420,1,"IOTHUB_CLIENT_CONFIRMATION_OK"
23530,10405837585,10405837631,1,"IOTHUB_CLIENT_CONFIRMATION_OK"
23531,10405837785,10405837820,1,"IOTHUB_CLIENT_CONFIRMATION_OK"
23532,10405837985,10405838029,1,"IOTHUB_CLIENT_CONFIRMATION_OK"
23533,10405838185,10405838228,1,"IOTHUB_CLIENT_CONFIRMATION_OK"
23534,10405838385,10405838459,1,"IOTHUB_CLIENT_CONFIRMATION_OK"
23535,10405838586,10405838649,1,"IOTHUB_CLIENT_CONFIRMATION_OK"
23536,10405838786,10405838833,1,"IOTHUB_CLIENT_CONFIRMATION_OK"
23537,10405838986,10405839029,1,"IOTHUB_CLIENT_CONFIRMATION_OK"
23538,10405839186,10405839227,1,"IOTHUB_CLIENT_CONFIRMATION_OK"
23539,10405839386,10405839428,1,"IOTHUB_CLIENT_CONFIRMATION_OK"
23540,10405839586,10405839628,1,"IOTHUB_CLIENT_CONFIRMATION_OK"
23541,10405839787,10405839876,1,"IOTHUB_CLIENT_CONFIRMATION_OK"
23542,10405839987,10405840045,1,"IOTHUB_CLIENT_CONFIRMATION_OK"
23543,10405840187,10405840228,1,"IOTHUB_CLIENT_CONFIRMATION_OK"
23544,10405840387,10405840422,1,"IOTHUB_CLIENT_CONFIRMATION_OK"
23545,10405840587,10405840658,1,"IOTHUB_CLIENT_CONFIRMATION_OK"
23546,10405840787,10405840837,1,"IOTHUB_CLIENT_CONFIRMATION_OK"
23547,10405840988,10405841073,1,"IOTHUB_CLIENT_CONFIRMATION_OK"
23548,10405841188,10405841277,1,"IOTHUB_CLIENT_CONFIRMATION_OK"
23549,10405841388,10405841431,1,"IOTHUB_CLIENT_CONFIRMATION_OK"
23550,10405841588,10405841629,1,"IOTHUB_CLIENT_CONFIRMATION_OK"
23551,10405841788,10405841837,1,"IOTHUB_CLIENT_CONFIRMATION_OK"
23552,10405841988,10405842025,1,"IOTHUB_CLIENT_CONFIRMATION_OK"
23553,10405842188,10405842281,1,"IOTHUB_CLIENT_CONFIRMATION_OK"
23554,10405842389,10405842428,1,"IOTHUB_CLIENT_CONFIRMATION_OK"
23555,10405842589,10405842636,1,"IOTHUB_CLIENT_CONFIRMATION_OK"
23556,10405842789,10405842905,1,"IOTHUB_CLIENT_CONFIRMATION_OK"
23557,10405842989,10405843024,1,"IOTHUB_CLIENT_CONFIRMATION_OK"
23558,10405843189,10405843258,1,"IOTHUB_CLIENT_CONFIRMATION_OK"
23559,10405843390,10405843506,1,"IOTHUB_CLIENT_CONFIRMATION_OK"
23560,10405843590,10405843628,1,"IOTHUB_CLIENT_CONFIRMATION_OK"
23561,10405843790,10405843823,1,"IOTHUB_CLIENT_CONFIRMATION_OK"
23562,10405843990,10405844034,1,"IOTHUB_CLIENT_CONFIRMATION_OK"
23563,10405844190,10405844224,1,"IOTHUB_CLIENT_CONFIRMATION_OK"
23564,10405844390,10405844437,1,"IOTHUB_CLIENT_CONFIRMATION_OK"
23565,10405844590,10405844661,1,"IOTHUB_CLIENT_CONFIRMATION_OK"
23566,10405844791,10405844868,1,"IOTHUB_CLIENT_CONFIRMATION_OK"
23567,10405844991,10405845027,1,"IOTHUB_CLIENT_CONFIRMATION_OK"
23568,10405845191,10405845232,1,"IOTHUB_CLIENT_CONFIRMATION_OK"
23569,10405845391,10405845432,1,"IOTHUB_CLIENT_CONFIRMATION_OK"
23570,10405845591,10405845756,1,"IOTHUB_CLIENT_CONFIRMATION_OK"
23571,10405845791,10405845830,1,"IOTHUB_CLIENT_CONFIRMATION_OK"
23572,10405845992,10405846030,1,"IOTHUB_CLIENT_CONFIRMATION_OK"
23573,10405846192,10405846233,1,"IOTHUB_CLIENT_CONFIRMATION_OK"
23574,10405846392,10405846435,1,"IOTHUB_CLIENT_CONFIRMATION_OK"
23575,10405846592,10405846637,1,"IOTHUB_CLIENT_CONFIRMATION_OK"
23576,10405846792,10405847014,1,"IOTHUB_CLIENT_CONFIRMATION_OK"
23577,10405846992,10405847032,1,"IOTHUB_CLIENT_CONFIRMATION_OK"
23578,10405847193,10405847229,1,"IOTHUB_CLIENT_CONFIRMATION_OK"
23579,10405847393,10405847435,1,"IOTHUB_CLIENT_CONFIRMATION_OK"
23580,10405847593,10405847638,1,"IOTHUB_CLIENT_CONFIRMATION_OK"
23581,10405847793,10405847841,1,"IOTHUB_CLIENT_CONFIRMATION_OK"
23582,10405847993,10405848045,1,"IOTHUB_CLIENT_CONFIRMATION_OK"
23583,10405848193,10405848233,1,"IOTHUB_CLIENT_CONFIRMATION_OK"
23584,10405848394,10405848445,1,"IOTHUB_CLIENT_CONFIRMATION_OK"
23585,10405848594,10405848633,1,"IOTHUB_CLIENT_CONFIRMATION_OK"
23586,10405848794,10405848834,1,"IOTHUB_CLIENT_CONFIRMATION_OK"
23587,10405848994,10405849048,1,"IOTHUB_CLIENT_CONFIRMATION_OK"
23588,10405849194,10405849226,1,"IOTHUB_CLIENT_CONFIRMATION_OK"
23589,10405849394,10405849430,1,"IOTHUB_CLIENT_CONFIRMATION_OK"
23590,10405849594,10405849704,1,"IOTHUB_CLIENT_CONFIRMATION_OK"
23591,10405849795,10405849832,1,"IOTHUB_CLIENT_CONFIRMATION_OK"
23592,10405849995,10405850031,1,"IOTHUB_CLIENT_CONFIRMATION_OK"
23593,10405850195,10405850234,1,"IOTHUB_CLIENT_CONFIRMATION_OK"
23594,10405850395,10405850437,1,"IOTHUB_CLIENT_CONFIRMATION_OK"
23595,10405850595,10405850632,1,"IOTHUB_CLIENT_CONFIRMATION_OK"
23596,10405850795,10405850852,1,"IOTHUB_CLIENT_CONFIRMATION_OK"
23597,10405850996,10405851035,1,"IOTHUB_CLIENT_CONFIRMATION_OK"
23598,10405851196,10405851351,1,"IOTHUB_CLIENT_CONFIRMATION_OK"
23599,10405851396,10405851435,1,"IOTHUB_CLIENT_CONFIRMATION_OK"
23600,10405851596,10405851638,1,"IOTHUB_CLIENT_CONFIRMATION_OK"
23601,10405851796,10405851921,1,"IOTHUB_CLIENT_CONFIRMATION_OK"
23602,10405851996,10405852033,1,"IOTHUB_CLIENT_CONFIRMATION_OK"
23603,10405852197,10405852233,1,"IOTHUB_CLIENT_CONFIRMATION_OK"
23604,10405852397,10405852431,1,"IOTHUB_CLIENT_CONFIRMATION_OK"
23605,10405852597,10405852643,1,"IOTHUB_CLIENT_CONFIRMATION_OK"
23606,10405852797,10405852842,1,"IOTHUB_CLIENT_CONFIRMATION_OK"
23607,10405852997,10405853033,1,"IOTHUB_CLIENT_CONFIRMATION_OK"
23608,10405853197,10405853250,1,"IOTHUB_CLIENT_CONFIRMATION_OK"
23609,10405853397,10405853436,1,"IOTHUB_CLIENT_CONFIRMATION_OK"
23610,10405853598,10405853648,1,"IOTHUB_CLIENT_CONFIRMATION_OK"
23611,10405853798,10405853839,1,"IOTHUB_CLIENT_CONFIRMATION_OK"
23612,10405853998,10405854191,1,"IOTHUB_CLIENT_CONFIRMATION_OK"
23613,10405854198,10405854241,1,"IOTHUB_CLIENT_CONFIRMATION_OK"
23614,10405854398,10405854444,1,"IOTHUB_CLIENT_CONFIRMATION_OK"
23615,10405854598,10405854635,1,"IOTHUB_CLIENT_CONFIRMATION_OK"
23616,10405854799,10405854839,1,"IOTHUB_CLIENT_CONFIRMATION_OK"
23617,10405854999,10405855043,1,"IOTHUB_CLIENT_CONFIRMATION_OK"
23618,10405855199,10405855254,1,"IOTHUB_CLIENT_CONFIRMATION_OK"
23619,10405855399,10405855438,1,"IOTHUB_CLIENT_CONFIRMATION_OK"
23620,10405855599,10405855651,1,"IOTHUB_CLIENT_CONFIRMATION_OK"
23621,10405855800,10405855857,1,"IOTHUB_CLIENT_CONFIRMATION_OK"
23622,10405856000,10405856037,1,"IOTHUB_CLIENT_CONFIRMATION_OK"
23623,10405856200,10405856250,1,"IOTHUB_CLIENT_CONFIRMATION_OK"
23624,10405856400,10405856527,1,"IOTHUB_CLIENT_CONFIRMATION_OK"
23625,10405856600,10405856644,1,"IOTHUB_CLIENT_CONFIRMATION_OK"
23626,10405856800,10405856941,1,"IOTHUB_CLIENT_CONFIRMATION_OK"
23627,10405857001,10405857049,1,"IOTHUB_CLIENT_CONFIRMATION_OK"
23628,10405857201,10405857242,1,"IOTHUB_CLIENT_CONFIRMATION_OK"
23629,10405857401,10405857551,1,"IOTHUB_CLIENT_CONFIRMATION_OK"
23630,10405857601,10405857643,1,"IOTHUB_CLIENT_CONFIRMATION_OK"
23631,10405857801,10405857839,1,"IOTHUB_CLIENT_CONFIRMATION_OK"
23632,10405858001,10405858038,1,"IOTHUB_CLIENT_CONFIRMATION_OK"
23633,10405858201,10405858266,1,"IOTHUB_CLIENT_CONFIRMATION_OK"
23634,10405858402,10405858434,1,"IOTHUB_CLIENT_CONFIRMATION_OK"
23635,10405858602,10405858645,1,"IOTHUB_CLIENT_CONFIRMATION_OK"
23636,10405858802,10405858842,1,"IOTHUB_CLIENT_CONFIRMATION_OK"
23637,10405859002,10405859040,1,"IOTHUB_CLIENT_CONFIRMATION_OK"
23638,10405859202,10405859254,1,"IOTHUB_CLIENT_CONFIRMATION_OK"
23639,10405859402,10405859438,1,"IOTHUB_CLIENT_CONFIRMATION_OK"
23640,10405859603,10405859800,1,"IOTHUB_CLIENT_CONFIRMATION_OK"
23641,10405859803,10405859846,1,"IOTHUB_CLIENT_CONFIRMATION_OK"
23642,10405860003,10405860042,1,"IOTHUB_CLIENT_CONFIRMATION_OK"
23643,10405860203,10405860242,1,"IOTHUB_CLIENT_CONFIRMATION_OK"
23644,10405860403,10405860443,1,"IOTHUB_CLIENT_CONFIRMATION_OK"
23645,10405860603,10405860668,1,"IOTHUB_CLIENT_CONFIRMATION_OK"
23646,10405860803,10405860856,1,"IOTHUB_CLIENT_CONFIRMATION_OK"
23647,10405861004,10405861053,1,"IOTHUB_CLIENT_CONFIRMATION_OK"
23648,10405861204,10405861326,1,"IOTHUB_CLIENT_CONFIRMATION_OK"
23649,10405861404,10405861441,1,"IOTHUB_CLIENT_CONFIRMATION_OK"
23650,10405861604,10405861667,1,"IOTHUB_CLIENT_CONFIRMATION_OK"
23651,10405861804,10405861844,1,"IOTHUB_CLIENT_CONFIRMATION_OK"
23652,10405862004,10405862047,1,"IOTHUB_CLIENT_CONFIRMATION_OK"
23653,10405862205,10405862251,1,"IOTHUB_CLIENT_CONFIRMATION_OK"
23654,10405862405,10405862439,1,"IOTHUB_CLIENT_CONFIRMATION_OK"
23655,10405862605,10405862650,1,"IOTHUB_CLIENT_CONFIRMATION_OK"
23656,10405862805,10405862871,1,"IOTHUB_CLIENT_CONFIRMATION_OK"
23657,10405863005,10405863049,1,"IOTHUB_CLIENT_CONFIRMATION_OK"
23658,10405863205,10405863245,1,"IOTHUB_CLIENT_CONFIRMATION_OK"
23659,10405863406,10405863450,1,"IOTHUB_CLIENT_CONFIRMATION_OK"
23660,10405863606,10405863650,1,"IOTHUB_CLIENT_CONFIRMATION_OK"
23661,10405863806,10405863842,1,"IOTHUB_CLIENT_CONFIRMATION_OK"
23662,10405864006,10405864056,1,"IOTHUB_CLIENT_CONFIRMATION_OK"
23663,10405864206,10405864255,1,"IOTHUB_CLIENT_CONFIRMATION_OK"
23664,10405864406,10405864448,1,"IOTHUB_CLIENT_CONFIRMATION_OK"
23665,10405864606,10405864656,1,"IOTHUB_CLIENT_CONFIRMATION_OK"
23666,10405864807,10405864900,1,"IOTHUB_CLIENT_CONFIRMATION_OK"
23667,10405865007,10405865045,1,"IOTHUB_CLIENT_CONFIRMATION_OK"
23668,10405865207,10405865277,1,"IOTHUB_CLIENT_CONFIRMATION_OK"
23669,10405865407,10405865446,1,"IOTHUB_CLIENT_CONFIRMATION_OK"
23670,10405865607,10405865669,1,"IOTHUB_CLIENT_CONFIRMATION_OK"
23671,10405865807,10405865887,1,"IOTHUB_CLIENT_CONFIRMATION_OK"
23672,10405866008,10405866052,1,"IOTHUB_CLIENT_CONFIRMATION_OK"
23673,10405866208,10405866256,1,"IOTHUB_CLIENT_CONFIRMATION_OK"
23674,10405866408,10405866618,1,"IOTHUB_CLIENT_CONFIRMATION_OK"
23675,10405866608,10405866648,1,"IOTHUB_CLIENT_CONFIRMATION_OK"
23676,10405866808,10405866857,1,"IOTHUB_CLIENT_CONFIRMATION_OK"
23677,10405867008,10405867115,1,"IOTHUB_CLIENT_CONFIRMATION_OK"
23678,10405867209,10405867245,1,"IOTHUB_CLIENT_CONFIRMATION_OK"
23679,10405867409,10405867450,1,"IOTHUB_CLIENT_CONFIRMATION_OK"
23680,10405867609,10405867642,1,"IOTHUB_CLIENT_CONFIRMATION_OK"
23681,10405867809,10405867857,1,"IOTHUB_CLIENT_CONFIRMATION_OK"
23682,10405868009,10405868102,1,"IOTHUB_CLIENT_CONFIRMATION_OK"
23683,10405868209,10405868252,1,"IOTHUB_CLIENT_CONFIRMATION_OK"
23684,10405868410,10405868451,1,"IOTHUB_CLIENT_CONFIRMATION_OK"
23685,10405868610,10405868732,1,"IOTHUB_CLIENT_CONFIRMATION_OK"
23686,10405868810,10405868854,1,"IOTHUB_CLIENT_CONFIRMATION_OK"
23687,10405869010,10405869052,1,"IOTHUB_CLIENT_CONFIRMATION_OK"
23688,10405869210,10405869344,1,"IOTHUB_CLIENT_CONFIRMATION_OK"
23689,10405869410,10405869455,1,"IOTHUB_CLIENT_CONFIRMATION_OK"
23690,10405869610,10405869650,1,"IOTHUB_CLIENT_CONFIRMATION_OK"
23691,10405869811,10405869864,1,"IOTHUB_CLIENT_CONFIRMATION_OK"
23692,10405870011,10405870076,1,"IOTHUB_CLIENT_CONFIRMATION_OK"
23693,10405870211,10405870259,1,"IOTHUB_CLIENT_CONFIRMATION_OK"
23694,10405870411,10405870454,1,"IOTHUB_CLIENT_CONFIRMATION_OK"
23695,10405870611,10405870671,1,"IOTHUB_CLIENT_CONFIRMATION_OK"
23696,10405870811,10405870948,1,"IOTHUB_CLIENT_CONFIRMATION_OK"
23697,10405871012,10405871052,1,"IOTHUB_CLIENT_CONFIRMATION_OK"
23698,10405871212,10405871257,1,"IOTHUB_CLIENT_CONFIRMATION_OK"
23699,10405871412,10405871580,1,"IOTHUB_CLIENT_CONFIRMATION_OK"
23700,10405871612,10405871649,1,"IOTHUB_CLIENT_CONFIRMATION_OK"
23701,10405871812,10405871850,1,"IOTHUB_CLIENT_CONFIRMATION_OK"
23702,10405872012,10405872048,1,"IOTHUB_CLIENT_CONFIRMATION_OK"
23703,10405872213,10405872256,1,"IOTHUB_CLIENT_CONFIRMATION_OK"
23704,10405872413,10405872449,1,"IOTHUB_CLIENT_CONFIRMATION_OK"
23705,10405872613,10405872717,1,"IOTHUB_CLIENT_CONFIRMATION_OK"
23706,10405872813,10405872858,1,"IOTHUB_CLIENT_CONFIRMATION_OK"
23707,10405873013,10405873058,1,"IOTHUB_CLIENT_CONFIRMATION_OK"
23708,10405873213,10405873249,1,"IOTHUB_CLIENT_CONFIRMATION_OK"
23709,10405873414,10405873466,1,"IOTHUB_CLIENT_CONFIRMATION_OK"
23710,10405873614,10405873661,1,"IOTHUB_CLIENT_CONFIRMATION_OK"
23711,10405873814,10405873853,1,"IOTHUB_CLIENT_CONFIRMATION_OK"
23712,10405874014,10405874061,1,"IOTHUB_CLIENT_CONFIRMATION_OK"
23713,10405874214,10405874270,1,"IOTHUB_CLIENT_CONFIRMATION_OK"
23714,10405874414,10405874458,1,"IOTHUB_CLIENT_CONFIRMATION_OK"
23715,10405874614,10405874665,1,"IOTHUB_CLIENT_CONFIRMATION_OK"
23716,10405874815,10405874857,1,"IOTHUB_CLIENT_CONFIRMATION_OK"
23717,10405875015,10405875059,1,"IOTHUB_CLIENT_CONFIRMATION_OK"
23718,10405875215,10405875262,1,"IOTHUB_CLIENT_CONFIRMATION_OK"
23719,10405875420,10405875488,1,"IOTHUB_CLIENT_CONFIRMATION_OK"
23720,10405875620,10405875659,1,"IOTHUB_CLIENT_CONFIRMATION_OK"
23721,10405875820,10405875863,1,"IOTHUB_CLIENT_CONFIRMATION_OK"
23722,10405876020,10405876064,1,"IOTHUB_CLIENT_CONFIRMATION_OK"
23723,10405876220,10405876261,1,"IOTHUB_CLIENT_CONFIRMATION_OK"
23724,10405876420,10405876470,1,"IOTHUB_CLIENT_CONFIRMATION_OK"
23725,10405876621,10405876670,1,"IOTHUB_CLIENT_CONFIRMATION_OK"
23726,10405876821,10405876855,1,"IOTHUB_CLIENT_CONFIRMATION_OK"
23727,10405877021,10405877087,1,"IOTHUB_CLIENT_CONFIRMATION_OK"
23728,10405877221,10405877270,1,"IOTHUB_CLIENT_CONFIRMATION_OK"
23729,10405877421,10405877490,1,"IOTHUB_CLIENT_CONFIRMATION_OK"
23730,10405877621,10405877695,1,"IOTHUB_CLIENT_CONFIRMATION_OK"
23731,10405877821,10405877862,1,"IOTHUB_CLIENT_CONFIRMATION_OK"
23732,10405878022,10405878069,1,"IOTHUB_CLIENT_CONFIRMATION_OK"
23733,10405878222,10405878303,1,"IOTHUB_CLIENT_CONFIRMATION_OK"
23734,10405878422,10405878471,1,"IOTHUB_CLIENT_CONFIRMATION_OK"
23735,10405878622,10405878675,1,"IOTHUB_CLIENT_CONFIRMATION_OK"
23736,10405878822,10405878866,1,"IOTHUB_CLIENT_CONFIRMATION_OK"
23737,10405879022,10405879078,1,"IOTHUB_CLIENT_CONFIRMATION_OK"
23738,10405879223,10405879268,1,"IOTHUB_CLIENT_CONFIRMATION_OK"
23739,10405879423,10405879479,1,"IOTHUB_CLIENT_CONFIRMATION_OK"
23740,10405879623,10405879661,1,"IOTHUB_CLIENT_CONFIRMATION_OK"
23741,10405879823,10405879949,1,"IOTHUB_CLIENT_CONFIRMATION_OK"
23742,10405880023,10405880056,1,"IOTHUB_CLIENT_CONFIRMATION_OK"
23743,10405880223,10405880276,1,"IOTHUB_CLIENT_CONFIRMATION_OK"
23744,10405880424,10405880564,1,"IOTHUB_CLIENT_CONFIRMATION_OK"
23745,10405880624,10405880665,1,"IOTHUB_CLIENT_CONFIRMATION_OK"
23746,10405880824,10405880868,1,"IOTHUB_CLIENT_CONFIRMATION_OK"
23747,10405881024,10405881078,1,"IOTHUB_CLIENT_CONFIRMATION_OK"
23748,10405881224,10405881272,1,"IOTHUB_CLIENT_CONFIRMATION_OK"
23749,10405881424,10405881464,1,"IOTHUB_CLIENT_CONFIRMATION_OK"
23750,10405881625,10405881661,1,"IOTHUB_CLIENT_CONFIRMATION_OK"
23751,10405881825,10405881888,1,"IOTHUB_CLIENT_CONFIRMATION_OK"
23752,10405882025,10405882071,1,"IOTHUB_CLIENT_CONFIRMATION_OK"
23753,10405882225,10405882264,1,"IOTHUB_CLIENT_CONFIRMATION_OK"
23754,10405882425,10405882486,1,"IOTHUB_CLIENT_CONFIRMATION_OK"
23755,10405882625,10405882797,1,"IOTHUB_CLIENT_CONFIRMATION_OK"
23756,10405882826,10405882866,1,"IOTHUB_CLIENT_CONFIRMATION_OK"
23757,10405883026,10405883081,1,"IOTHUB_CLIENT_CONFIRMATION_OK"
23758,10405883226,10405883267,1,"IOTHUB_CLIENT_CONFIRMATION_OK"
23759,10405883426,10405883477,1,"IOTHUB_CLIENT_CONFIRMATION_OK"
23760,10405883626,10405883662,1,"IOTHUB_CLIENT_CONFIRMATION_OK"
23761,10405883826,10405883865,1,"IOTHUB_CLIENT_CONFIRMATION_OK"
23762,10405884027,10405884071,1,"IOTHUB_CLIENT_CONFIRMATION_OK"
23763,10405884227,10405884271,1,"IOTHUB_CLIENT_CONFIRMATION_OK"
23764,10405884427,10405884480,1,"IOTHUB_CLIENT_CONFIRMATION_OK"
23765,10405884627,10405884672,1,"IOTHUB_CLIENT_CONFIRMATION_OK"
23766,10405884827,10405884871,1,"IOTHUB_CLIENT_CONFIRMATION_OK"
23767,10405885027,10405885068,1,"IOTHUB_CLIENT_CONFIRMATION_OK"
23768,10405885228,10405885269,1,"IOTHUB_CLIENT_CONFIRMATION_OK"
23769,10405885428,10405885476,1,"IOTHUB_CLIENT_CONFIRMATION_OK"
23770,10405885628,10405885665,1,"IOTHUB_CLIENT_CONFIRMATION_OK"
23771,10405885828,10405885911,1,"IOTHUB_CLIENT_CONFIRMATION_OK"
23772,10405886028,10405886086,1,"IOTHUB_CLIENT_CONFIRMATION_OK"
23773,10405886228,10405886264,1,"IOTHUB_CLIENT_CONFIRMATION_OK"
23774,10405886429,10405886475,1,"IOTHUB_CLIENT_CONFIRMATION_OK"
23775,10405886629,10405886699,1,"IOTHUB_CLIENT_CONFIRMATION_OK"
23776,10405886829,10405886868,1,"IOTHUB_CLIENT_CONFIRMATION_OK"
23777,10405887029,10405887069,1,"IOTHUB_CLIENT_CONFIRMATION_OK"
23778,10405887229,10405887341,1,"IOTHUB_CLIENT_CONFIRMATION_OK"
23779,10405887429,10405887464,1,"IOTHUB_CLIENT_CONFIRMATION_OK"
23780,10405887629,10405887678,1,"IOTHUB_CLIENT_CONFIRMATION_OK"
23781,10405887830,10405887863,1,"IOTHUB_CLIENT_CONFIRMATION_OK"
23782,10405888030,10405888068,1,"IOTHUB_CLIENT_CONFIRMATION_OK"
23783,10405888230,10405888328,1,"IOTHUB_CLIENT_CONFIRMATION_OK"
23784,10405888430,10405888464,1,"IOTHUB_CLIENT_CONFIRMATION_OK"
23785,10405888630,10405888694,1,"IOTHUB_CLIENT_CONFIRMATION_OK"
23786,10405888830,10405888953,1,"IOTHUB_CLIENT_CONFIRMATION_OK"
23787,10405889031,10405889066,1,"IOTHUB_CLIENT_CONFIRMATION_OK"
23788,10405889231,10405889269,1,"IOTHUB_CLIENT_CONFIRMATION_OK"
23789,10405889431,10405889551,1,"IOTHUB_CLIENT_CONFIRMATION_OK"
23790,10405889631,10405889785,1,"IOTHUB_CLIENT_CONFIRMATION_OK"
23791,10405889831,10405889891,1,"IOTHUB_CLIENT_CONFIRMATION_OK"
23792,10405890031,10405890074,1,"IOTHUB_CLIENT_CONFIRMATION_OK"
23793,10405890232,10405890278,1,"IOTHUB_CLIENT_CONFIRMATION_OK"
23794,10405890432,10405890469,1,"IOTHUB_CLIENT_CONFIRMATION_OK"
23795,10405890632,10405890675,1,"IOTHUB_CLIENT_CONFIRMATION_OK"
23796,10405890832,10405890879,1,"IOTHUB_CLIENT_CONFIRMATION_OK"
23797,10405891032,10405891238,1,"IOTHUB_CLIENT_CONFIRMATION_OK"
23798,10405891232,10405891269,1,"IOTHUB_CLIENT_CONFIRMATION_OK"
23799,10405891432,10405891472,1,"IOTHUB_CLIENT_CONFIRMATION_OK"
23800,10405891633,10405891670,1,"IOTHUB_CLIENT_CONFIRMATION_OK"
23801,10405891833,10405891890,1,"IOTHUB_CLIENT_CONFIRMATION_OK"
23802,10405892033,10405892076,1,"IOTHUB_CLIENT_CONFIRMATION_OK"
23803,10405892233,10405892281,1,"IOTHUB_CLIENT_CONFIRMATION_OK"
23804,10405892433,10405892472,1,"IOTHUB_CLIENT_CONFIRMATION_OK"
23805,10405892633,10405892685,1,"IOTHUB_CLIENT_CONFIRMATION_OK"
23806,10405892834,10405892873,1,"IOTHUB_CLIENT_CONFIRMATION_OK"
23807,10405893034,10405893076,1,"IOTHUB_CLIENT_CONFIRMATION_OK"
23808,10405893234,10405893288,1,"IOTHUB_CLIENT_CONFIRMATION_OK"
23809,10405893434,10405893485,1,"IOTHUB_CLIENT_CONFIRMATION_OK"
23810,10405893634,10405893696,1,"IOTHUB_CLIENT_CONFIRMATION_OK"
23811,10405893834,10405893873,1,"IOTHUB_CLIENT_CONFIRMATION_OK"
23812,10405894035,10405894081,1,"IOTHUB_CLIENT_CONFIRMATION_OK"
23813,10405894235,10405894309,1,"IOTHUB_CLIENT_CONFIRMATION_OK"
23814,10405894435,10405894483,1,"IOTHUB_CLIENT_CONFIRMATION_OK"
23815,10405894635,10405894670,1,"IOTHUB_CLIENT_CONFIRMATION_OK"
23816,10405894835,10405894884,1,"IOTHUB_CLIENT_CONFIRMATION_OK"
23817,10405895035,10405895093,1,"IOTHUB_CLIENT_CONFIRMATION_OK"
23818,10405895236,10405895337,1,"IOTHUB_CLIENT_CONFIRMATION_OK"
23819,10405895436,10405895474,1,"IOTHUB_CLIENT_CONFIRMATION_OK"
23820,10405895636,10405895669,1,"IOTHUB_CLIENT_CONFIRMATION_OK"
23821,10405895836,10405895866,1,"IOTHUB_CLIENT_CONFIRMATION_OK"
23822,10405896036,10405896076,1,"IOTHUB_CLIENT_CONFIRMATION_OK"
23823,10405896236,10405896281,1,"IOTHUB_CLIENT_CONFIRMATION_OK"
23824,10405896437,10405896499,1,"IOTHUB_CLIENT_CONFIRMATION_OK"
23825,10405896637,10405896758,1,"IOTHUB_CLIENT_CONFIRMATION_OK"
23826,10405896837,10405896874,1,"IOTHUB_CLIENT_CONFIRMATION_OK"
23827,10405897037,10405897088,1,"IOTHUB_CLIENT_CONFIRMATION_OK"
23828,10405897237,10405897372,1,"IOTHUB_CLIENT_CONFIRMATION_OK"
23829,10405897437,10405897474,1,"IOTHUB_CLIENT_CONFIRMATION_OK"
23830,10405897638,10405897688,1,"IOTHUB_CLIENT_CONFIRMATION_OK"
23831,10405897838,10405897871,1,"IOTHUB_CLIENT_CONFIRMATION_OK"
23832,10405898038,10405898075,1,"IOTHUB_CLIENT_CONFIRMATION_OK"
23833,10405898238,10405898299,1,"IOTHUB_CLIENT_CONFIRMATION_OK"
23834,10405898438,10405898477,1,"IOTHUB_CLIENT_CONFIRMATION_OK"
23835,10405898638,10405898704,1,"IOTHUB_CLIENT_CONFIRMATION_OK"
23836,10405898839,10405898882,1,"IOTHUB_CLIENT_CONFIRMATION_OK"
23837,10405899039,10405899076,1,"IOTHUB_CLIENT_CONFIRMATION_OK"
23838,10405899239,10405899280,1,"IOTHUB_CLIENT_CONFIRMATION_OK"
23839,10405899439,10405899622,1,"IOTHUB_CLIENT_CONFIRMATION_OK"
23840,10405899639,10405899677,1,"IOTHUB_CLIENT_CONFIRMATION_OK"
23841,10405899839,10405899881,1,"IOTHUB_CLIENT_CONFIRMATION_OK"
23842,10405900039,10405900076,1,"IOTHUB_CLIENT_CONFIRMATION_OK"
23843,10405900240,10405900276,1,"IOTHUB_CLIENT_CONFIRMATION_OK"
23844,10405900440,10405900493,1,"IOTHUB_CLIENT_CONFIRMATION_OK"
23845,10405900640,10405900732,1,"IOTHUB_CLIENT_CONFIRMATION_OK"
23846,10405900840,10405900880,1,"IOTHUB_CLIENT_CONFIRMATION_OK"
23847,10405901040,10405901091,1,"IOTHUB_CLIENT_CONFIRMATION_OK"
23848,10405901240,10405901333,1,"IOTHUB_CLIENT_CONFIRMATION_OK"
23849,10405901441,10405901481,1,"IOTHUB_CLIENT_CONFIRMATION_OK"
23850,10405901641,10405901688,1,"IOTHUB_CLIENT_CONFIRMATION_OK"
23851,10405901841,10405901876,1,"IOTHUB_CLIENT_CONFIRMATION_OK"
23852,10405902041,10405902078,1,"IOTHUB_CLIENT_CONFIRMATION_OK"
23853,10405902241,10405902349,1,"IOTHUB_CLIENT_CONFIRMATION_OK"
23854,10405902441,10405902483,1,"IOTHUB_CLIENT_CONFIRMATION_OK"
23855,10405902642,10405902701,1,"IOTHUB_CLIENT_CONFIRMATION_OK"
23856,10405902842,10405902966,1,"IOTHUB_CLIENT_CONFIRMATION_OK"
23857,10405903042,10405903080,1,"IOTHUB_CLIENT_CONFIRMATION_OK"
23858,10405903242,10405903279,1,"IOTHUB_CLIENT_CONFIRMATION_OK"
23859,10405903442,10405903582,1,"IOTHUB_CLIENT_CONFIRMATION_OK"
23860,10405903642,10405903682,1,"IOTHUB_CLIENT_CONFIRMATION_OK"
23861,10405903842,10405903887,1,"IOTHUB_CLIENT_CONFIRMATION_OK"
23862,10405904043,10405904081,1,"IOTHUB_CLIENT_CONFIRMATION_OK"
23863,10405904243,10405904277,1,"IOTHUB_CLIENT_CONFIRMATION_OK"
23864,10405904443,10405904484,1,"IOTHUB_CLIENT_CONFIRMATION_OK"
23865,10405904643,10405904687,1,"IOTHUB_CLIENT_CONFIRMATION_OK"
23866,10405904843,10405904888,1,"IOTHUB_CLIENT_CONFIRMATION_OK"
23867,10405905044,10405905191,1,"IOTHUB_CLIENT_CONFIRMATION_OK"
23868,10405905244,10405905352,1,"IOTHUB_CLIENT_CONFIRMATION_OK"
23869,10405905444,10405905541,1,"IOTHUB_CLIENT_CONFIRMATION_OK"
23870,10405905644,10405905808,1,"IOTHUB_CLIENT_CONFIRMATION_OK"
23871,10405905844,10405905880,1,"IOTHUB_CLIENT_CONFIRMATION_OK"
23872,10405906044,10405906081,1,"IOTHUB_CLIENT_CONFIRMATION_OK"
23873,10405906244,10405906290,1,"IOTHUB_CLIENT_CONFIRMATION_OK"
23874,10405906445,10405906526,1,"IOTHUB_CLIENT_CONFIRMATION_OK"
23875,10405906645,10405906682,1,"IOTHUB_CLIENT_CONFIRMATION_OK"
23876,10405906845,10405906953,1,"IOTHUB_CLIENT_CONFIRMATION_OK"
23877,10405907045,10405907094,1,"IOTHUB_CLIENT_CONFIRMATION_OK"
23878,10405907245,10405907286,1,"IOTHUB_CLIENT_CONFIRMATION_OK"
23879,10405907445,10405907481,1,"IOTHUB_CLIENT_CONFIRMATION_OK"
23880,10405907645,10405907686,1,"IOTHUB_CLIENT_CONFIRMATION_OK"
23881,10405907846,10405907884,1,"IOTHUB_CLIENT_CONFIRMATION_OK"
23882,10405908046,10405908110,1,"IOTHUB_CLIENT_CONFIRMATION_OK"
23883,10405908246,10405908302,1,"IOTHUB_CLIENT_CONFIRMATION_OK"
23884,10405908446,10405908576,1,"IOTHUB_CLIENT_CONFIRMATION_OK"
23885,10405908646,10405908683,1,"IOTHUB_CLIENT_CONFIRMATION_OK"
23886,10405908846,10405908891,1,"IOTHUB_CLIENT_CONFIRMATION_OK"
23887,10405909047,10405909173,1,"IOTHUB_CLIENT_CONFIRMATION_OK"
23888,10405909247,10405909285,1,"IOTHUB_CLIENT_CONFIRMATION_OK"
23889,10405909447,10405909491,1,"IOTHUB_CLIENT_CONFIRMATION_OK"
23890,10405909647,10405909682,1,"IOTHUB_CLIENT_CONFIRMATION_OK"
23891,10405909847,10405909888,1,"IOTHUB_CLIENT_CONFIRMATION_OK"
23892,10405910047,10405910083,1,"IOTHUB_CLIENT_CONFIRMATION_OK"
23893,10405910248,10405910287,1,"IOTHUB_CLIENT_CONFIRMATION_OK"
23894,10405910448,10405910486,1,"IOTHUB_CLIENT_CONFIRMATION_OK"
23895,10405910648,10405910688,1,"IOTHUB_CLIENT_CONFIRMATION_OK"
23896,10405910848,10405910903,1,"IOTHUB_CLIENT_CONFIRMATION_OK"
23897,10405911048,10405911079,1,"IOTHUB_CLIENT_CONFIRMATION_OK"
23898,10405911248,10405911411,1,"IOTHUB_CLIENT_CONFIRMATION_OK"
23899,10405911448,10405911483,1,"IOTHUB_CLIENT_CONFIRMATION_OK"
23900,10405911649,10405911686,1,"IOTHUB_CLIENT_CONFIRMATION_OK"
23901,10405911849,10405911886,1,"IOTHUB_CLIENT_CONFIRMATION_OK"
23902,10405912049,10405912089,1,"IOTHUB_CLIENT_CONFIRMATION_OK"
23903,10405912249,10405912287,1,"IOTHUB_CLIENT_CONFIRMATION_OK"
23904,10405912449,10405912489,1,"IOTHUB_CLIENT_CONFIRMATION_OK"
23905,10405912649,10405912696,1,"IOTHUB_CLIENT_CONFIRMATION_OK"
23906,10405912850,10405912884,1,"IOTHUB_CLIENT_CONFIRMATION_OK"
23907,10405913050,10405913086,1,"IOTHUB_CLIENT_CONFIRMATION_OK"
23908,10405913250,10405913285,1,"IOTHUB_CLIENT_CONFIRMATION_OK"
23909,10405913450,10405913492,1,"IOTHUB_CLIENT_CONFIRMATION_OK"
23910,10405913650,10405913696,1,"IOTHUB_CLIENT_CONFIRMATION_OK"
23911,10405913850,10405913891,1,"IOTHUB_CLIENT_CONFIRMATION_OK"
23912,10405914051,10405914092,1,"IOTHUB_CLIENT_CONFIRMATION_OK"
23913,10405914251,10405914295,1,"IOTHUB_CLIENT_CONFIRMATION_OK"
23914,10405914451,10405914524,1,"IOTHUB_CLIENT_CONFIRMATION_OK"
23915,10405914651,10405914698,1,"IOTHUB_CLIENT_CONFIRMATION_OK"
23916,10405914851,10405914897,1,"IOTHUB_CLIENT_CONFIRMATION_OK"
23917,10405915051,10405915089,1,"IOTHUB_CLIENT_CONFIRMATION_OK"
23918,10405915252,10405915289,1,"IOTHUB_CLIENT_CONFIRMATION_OK"
23919,10405915452,10405915516,1,"IOTHUB_CLIENT_CONFIRMATION_OK"
23920,10405915652,10405915695,1,"IOTHUB_CLIENT_CONFIRMATION_OK"
23921,10405915852,10405915904,1,"IOTHUB_CLIENT_CONFIRMATION_OK"
23922,10405916052,10405916090,1,"IOTHUB_CLIENT_CONFIRMATION_OK"
23923,10405916252,10405916317,1,"IOTHUB_CLIENT_CONFIRMATION_OK"
23924,10405916452,10405916602,1,"IOTHUB_CLIENT_CONFIRMATION_OK"
23925,10405916653,10405916693,1,"IOTHUB_CLIENT_CONFIRMATION_OK"
23926,10405916853,10405916935,1,"IOTHUB_CLIENT_CONFIRMATION_OK"
23927,10405917053,10405917084,1,"IOTHUB_CLIENT_CONFIRMATION_OK"
23928,10405917253,10405917301,1,"IOTHUB_CLIENT_CONFIRMATION_OK"
23929,10405917453,10405917576,1,"IOTHUB_CLIENT_CONFIRMATION_OK"
23930,10405917653,10405917692,1,"IOTHUB_CLIENT_CONFIRMATION_OK"
23931,10405917854,10405917897,1,"IOTHUB_CLIENT_CONFIRMATION_OK"
23932,10405918054,10405918221,1,"IOTHUB_CLIENT_CONFIRMATION_OK"
23933,10405918254,10405918324,1,"IOTHUB_CLIENT_CONFIRMATION_OK"
23934,10405918454,10405918504,1,"IOTHUB_CLIENT_CONFIRMATION_OK"
23935,10405918654,10405918691,1,"IOTHUB_CLIENT_CONFIRMATION_OK"
23936,10405918854,10405918898,1,"IOTHUB_CLIENT_CONFIRMATION_OK"
23937,10405919055,10405919091,1,"IOTHUB_CLIENT_CONFIRMATION_OK"
23938,10405919255,10405919290,1,"IOTHUB_CLIENT_CONFIRMATION_OK"
23939,10405919455,10405919500,1,"IOTHUB_CLIENT_CONFIRMATION_OK"
23940,10405919655,10405919826,1,"IOTHUB_CLIENT_CONFIRMATION_OK"
23941,10405919855,10405919901,1,"IOTHUB_CLIENT_CONFIRMATION_OK"
23942,10405920055,10405920097,1,"IOTHUB_CLIENT_CONFIRMATION_OK"
23943,10405920256,10405920430,1,"IOTHUB_CLIENT_CONFIRMATION_OK"
23944,10405920456,10405920569,1,"IOTHUB_CLIENT_CONFIRMATION_OK"
23945,10405920656,10405920699,1,"IOTHUB_CLIENT_CONFIRMATION_OK"
23946,10405920856,10405920897,1,"IOTHUB_CLIENT_CONFIRMATION_OK"
23947,10405921056,10405921094,1,"IOTHUB_CLIENT_CONFIRMATION_OK"
23948,10405921256,10405921294,1,"IOTHUB_CLIENT_CONFIRMATION_OK"
23949,10405921456,10405921493,1,"IOTHUB_CLIENT_CONFIRMATION_OK"
23950,10405921657,10405921696,1,"IOTHUB_CLIENT_CONFIRMATION_OK"
23951,10405921857,10405922107,1,"IOTHUB_CLIENT_CONFIRMATION_OK"
23952,10405922057,10405922198,1,"IOTHUB_CLIENT_CONFIRMATION_OK"
23953,10405922257,10405922660,1,"IOTHUB_CLIENT_CONFIRMATION_OK"
23954,10405922457,10405922737,1,"IOTHUB_CLIENT_CONFIRMATION_OK"
23955,10405922657,10405922803,1,"IOTHUB_CLIENT_CONFIRMATION_OK"
23956,10405922858,10405922903,1,"IOTHUB_CLIENT_CONFIRMATION_OK"
23957,10405923058,10405923088,1,"IOTHUB_CLIENT_CONFIRMATION_OK"
23958,10405923258,10405923300,1,"IOTHUB_CLIENT_CONFIRMATION_OK"
23959,10405923458,10405923514,1,"IOTHUB_CLIENT_CONFIRMATION_OK"
23960,10405923658,10405923697,1,"IOTHUB_CLIENT_CONFIRMATION_OK"
23961,10405923858,10405923902,1,"IOTHUB_CLIENT_CONFIRMATION_OK"
23962,10405924059,10405924098,1,"IOTHUB_CLIENT_CONFIRMATION_OK"
23963,10405924259,10405924316,1,"IOTHUB_CLIENT_CONFIRMATION_OK"
23964,10405924459,10405924494,1,"IOTHUB_CLIENT_CONFIRMATION_OK"
23965,10405924659,10405924691,1,"IOTHUB_CLIENT_CONFIRMATION_OK"
23966,10405924859,10405924911,1,"IOTHUB_CLIENT_CONFIRMATION_OK"
23967,10405925059,10405925097,1,"IOTHUB_CLIENT_CONFIRMATION_OK"
23968,10405925259,10405925315,1,"IOTHUB_CLIENT_CONFIRMATION_OK"
23969,10405925460,10405925497,1,"IOTHUB_CLIENT_CONFIRMATION_OK"
23970,10405925660,10405925696,1,"IOTHUB_CLIENT_CONFIRMATION_OK"
23971,10405925860,10405925899,1,"IOTHUB_CLIENT_CONFIRMATION_OK"
23972,10405926060,10405926107,1,"IOTHUB_CLIENT_CONFIRMATION_OK"
23973,10405926260,10405926309,1,"IOTHUB_CLIENT_CONFIRMATION_OK"
23974,10405926460,10405926529,1,"IOTHUB_CLIENT_CONFIRMATION_OK"
23975,10405926661,10405926700,1,"IOTHUB_CLIENT_CONFIRMATION_OK"
23976,10405926861,10405926904,1,"IOTHUB_CLIENT_CONFIRMATION_OK"
23977,10405927061,10405927134,1,"IOTHUB_CLIENT_CONFIRMATION_OK"
23978,10405927261,10405927301,1,"IOTHUB_CLIENT_CONFIRMATION_OK"
23979,10405927461,10405927575,1,"IOTHUB_CLIENT_CONFIRMATION_OK"
23980,10405927661,10405927708,1,"IOTHUB_CLIENT_CONFIRMATION_OK"
23981,10405927862,10405927904,1,"IOTHUB_CLIENT_CONFIRMATION_OK"
23982,10405928062,10405928142,1,"IOTHUB_CLIENT_CONFIRMATION_OK"
23983,10405928262,10405928311,1,"IOTHUB_CLIENT_CONFIRMATION_OK"
23984,10405928462,10405928519,1,"IOTHUB_CLIENT_CONFIRMATION_OK"
23985,10405928662,10405928752,1,"IOTHUB_CLIENT_CONFIRMATION_OK"
23986,10405928862,10405928900,1,"IOTHUB_CLIENT_CONFIRMATION_OK"
23987,10405929063,10405929119,1,"IOTHUB_CLIENT_CONFIRMATION_OK"
23988,10405929263,10405929393,1,"IOTHUB_CLIENT_CONFIRMATION_OK"
23989,10405929463,10405929515,1,"IOTHUB_CLIENT_CONFIRMATION_OK"
23990,10405929663,10405929695,1,"IOTHUB_CLIENT_CONFIRMATION_OK"
23991,10405929863,10405929912,1,"IOTHUB_CLIENT_CONFIRMATION_OK"
23992,10405930063,10405930112,1,"IOTHUB_CLIENT_CONFIRMATION_OK"
23993,10405930263,10405930312,1,"IOTHUB_CLIENT_CONFIRMATION_OK"
23994,10405930464,10405930516,1,"IOTHUB_CLIENT_CONFIRMATION_OK"
23995,10405930664,10405930705,1,"IOTHUB_CLIENT_CONFIRMATION_OK"
23996,10405930864,10405931110,1,"IOTHUB_CLIENT_CONFIRMATION_OK"
23997,10405931064,10405931129,1,"IOTHUB_CLIENT_CONFIRMATION_OK"
23998,10405931264,10405931297,1,"IOTHUB_CLIENT_CONFIRMATION_OK"
23999,10405931464,10405931644,1,"IOTHUB_CLIENT_CONFIRMATION_OK"
24000,10405931665,10405931708,1,"IOTHUB_CLIENT_CONFIRMATION_OK"
24001,10405931865,10405931900,1,"IOTHUB_CLIENT_CONFIRMATION_OK"
24002,10405932065,10405932129,1,"IOTHUB_CLIENT_CONFIRMATION_OK"
24003,10405932265,10405932303,1,"IOTHUB_CLIENT_CONFIRMATION_OK"
24004,10405932465,10405932515,1,"IOTHUB_CLIENT_CONFIRMATION_OK"
24005,10405932665,10405932699,1,"IOTHUB_CLIENT_CONFIRMATION_OK"
24006,10405932866,10405932919,1,"IOTHUB_CLIENT_CONFIRMATION_OK"
24007,10405933066,10405933126,1,"IOTHUB_CLIENT_CONFIRMATION_OK"
24008,10405933266,10405933307,1,"IOTHUB_CLIENT_CONFIRMATION_OK"
24009,10405933466,10405933503,1,"IOTHUB_CLIENT_CONFIRMATION_OK"
24010,10405933666,10405933871,1,"IOTHUB_CLIENT_CONFIRMATION_OK"
24011,10405933866,10405933916,1,"IOTHUB_CLIENT_CONFIRMATION_OK"
24012,10405934066,10405934131,1,"IOTHUB_CLIENT_CONFIRMATION_OK"
24013,10405934267,10405934338,1,"IOTHUB_CLIENT_CONFIRMATION_OK"
24014,10405934467,10405934510,1,"IOTHUB_CLIENT_CONFIRMATION_OK"
24015,10405934667,10405934707,1,"IOTHUB_CLIENT_CONFIRMATION_OK"
24016,10405934867,10405934908,1,"IOTHUB_CLIENT_CONFIRMATION_OK"
24017,10405935067,10405935118,1,"IOTHUB_CLIENT_CONFIRMATION_OK"
24018,10405935267,10405935307,1,"IOTHUB_CLIENT_CONFIRMATION_OK"
24019,10405935468,10405935515,1,"IOTHUB_CLIENT_CONFIRMATION_OK"
24020,10405935668,10405935705,1,"IOTHUB_CLIENT_CONFIRMATION_OK"
24021,10405935868,10405935911,1,"IOTHUB_CLIENT_CONFIRMATION_OK"
24022,10405936068,10405936109,1,"IOTHUB_CLIENT_CONFIRMATION_OK"
24023,10405936268,10405936304,1,"IOTHUB_CLIENT_CONFIRMATION_OK"
24024,10405936468,10405936508,1,"IOTHUB_CLIENT_CONFIRMATION_OK"
24025,10405936669,10405936767,1,"IOTHUB_CLIENT_CONFIRMATION_OK"
24026,10405936869,10405936907,1,"IOTHUB_CLIENT_CONFIRMATION_OK"
24027,10405937069,10405937108,1,"IOTHUB_CLIENT_CONFIRMATION_OK"
24028,10405937269,10405937319,1,"IOTHUB_CLIENT_CONFIRMATION_OK"
24029,10405937469,10405937526,1,"IOTHUB_CLIENT_CONFIRMATION_OK"
24030,10405937669,10405937714,1,"IOTHUB_CLIENT_CONFIRMATION_OK"
24031,10405937869,10405937916,1,"IOTHUB_CLIENT_CONFIRMATION_OK"
24032,10405938070,10405938104,1,"IOTHUB_CLIENT_CONFIRMATION_OK"
24033,10405938270,10405938320,1,"IOTHUB_CLIENT_CONFIRMATION_OK"
24034,10405938470,10405938528,1,"IOTHUB_CLIENT_CONFIRMATION_OK"
24035,10405938670,10405938711,1,"IOTHUB_CLIENT_CONFIRMATION_OK"
24036,10405938870,10405938953,1,"IOTHUB_CLIENT_CONFIRMATION_OK"
24037,10405939070,10405939111,1,"IOTHUB_CLIENT_CONFIRMATION_OK"
24038,10405939271,10405939330,1,"IOTHUB_CLIENT_CONFIRMATION_OK"
24039,10405939471,10405939513,1,"IOTHUB_CLIENT_CONFIRMATION_OK"
24040,10405939671,10405939758,1,"IOTHUB_CLIENT_CONFIRMATION_OK"
24041,10405939871,10405940038,1,"IOTHUB_CLIENT_CONFIRMATION_OK"
24042,10405940071,10405940119,1,"IOTHUB_CLIENT_CONFIRMATION_OK"
24043,10405940271,10405940310,1,"IOTHUB_CLIENT_CONFIRMATION_OK"
24044,10405940471,10405940578,1,"IOTHUB_CLIENT_CONFIRMATION_OK"
24045,10405940672,10405940745,1,"IOTHUB_CLIENT_CONFIRMATION_OK"
24046,10405940872,10405940912,1,"IOTHUB_CLIENT_CONFIRMATION_OK"
24047,10405941072,10405941201,1,"IOTHUB_CLIENT_CONFIRMATION_OK"
24048,10405941272,10405941375,1,"IOTHUB_CLIENT_CONFIRMATION_OK"
24049,10405941472,10405941514,1,"IOTHUB_CLIENT_CONFIRMATION_OK"
24050,10405941672,10405941722,1,"IOTHUB_CLIENT_CONFIRMATION_OK"
24051,10405941873,10405941919,1,"IOTHUB_CLIENT_CONFIRMATION_OK"
24052,10405942073,10405942105,1,"IOTHUB_CLIENT_CONFIRMATION_OK"
24053,10405942273,10405942318,1,"IOTHUB_CLIENT_CONFIRMATION_OK"
24054,10405942473,10405942509,1,"IOTHUB_CLIENT_CONFIRMATION_OK"
24055,10405942673,10405942990,1,"IOTHUB_CLIENT_CONFIRMATION_OK"
24056,10405942873,10405943011,1,"IOTHUB_CLIENT_CONFIRMATION_OK"
24057,10405943074,10405943110,1,"IOTHUB_CLIENT_CONFIRMATION_OK"
24058,10405943274,10405943409,1,"IOTHUB_CLIENT_CONFIRMATION_OK"
24059,10405943474,10405943511,1,"IOTHUB_CLIENT_CONFIRMATION_OK"
24060,10405943674,10405943713,1,"IOTHUB_CLIENT_CONFIRMATION_OK"
24061,10405943874,10405943914,1,"IOTHUB_CLIENT_CONFIRMATION_OK"
24062,10405944074,10405944117,1,"IOTHUB_CLIENT_CONFIRMATION_OK"
24063,10405944275,10405944339,1,"IOTHUB_CLIENT_CONFIRMATION_OK"
24064,10405944475,10405944511,1,"IOTHUB_CLIENT_CONFIRMATION_OK"
24065,10405944675,10405944713,1,"IOTHUB_CLIENT_CONFIRMATION_OK"
24066,10405944875,10405944929,1,"IOTHUB_CLIENT_CONFIRMATION_OK"
24067,10405945075,10405945106,1,"IOTHUB_CLIENT_CONFIRMATION_OK"
24068,10405945275,10405945318,1,"IOTHUB_CLIENT_CONFIRMATION_OK"
24069,10405945476,10405945632,1,"IOTHUB_CLIENT_CONFIRMATION_OK"
24070,10405945676,10405945725,1,"IOTHUB_CLIENT_CONFIRMATION_OK"
24071,10405945876,10405945926,1,"IOTHUB_CLIENT_CONFIRMATION_OK"
24072,10405946076,10405946124,1,"IOTHUB_CLIENT_CONFIRMATION_OK"
24073,10405946276,10405946318,1,"IOTHUB_CLIENT_CONFIRMATION_OK"
24074,10405946476,10405946515,1,"IOTHUB_CLIENT_CONFIRMATION_OK"
24075,10405946677,10405946720,1,"IOTHUB_CLIENT_CONFIRMATION_OK"
24076,10405946877,10405946913,1,"IOTHUB_CLIENT_CONFIRMATION_OK"
24077,10405947077,10405947154,1,"IOTHUB_CLIENT_CONFIRMATION_OK"
24078,10405947277,10405947314,1,"IOTHUB_CLIENT_CONFIRMATION_OK"
24079,10405947477,10405947514,1,"IOTHUB_CLIENT_CONFIRMATION_OK"
24080,10405947677,10405947717,1,"IOTHUB_CLIENT_CONFIRMATION_OK"
24081,10405947877,10405947921,1,"IOTHUB_CLIENT_CONFIRMATION_OK"
24082,10405948078,10405948115,1,"IOTHUB_CLIENT_CONFIRMATION_OK"
24083,10405948278,10405948340,1,"IOTHUB_CLIENT_CONFIRMATION_OK"
24084,10405948478,10405948519,1,"IOTHUB_CLIENT_CONFIRMATION_OK"
24085,10405948678,10405948715,1,"IOTHUB_CLIENT_CONFIRMATION_OK"
24086,10405948878,10405948927,1,"IOTHUB_CLIENT_CONFIRMATION_OK"
24087,10405949078,10405949114,1,"IOTHUB_CLIENT_CONFIRMATION_OK"
24088,10405949279,10405949317,1,"IOTHUB_CLIENT_CONFIRMATION_OK"
24089,10405949479,10405949547,1,"IOTHUB_CLIENT_CONFIRMATION_OK"
24090,10405949679,10405949755,1,"IOTHUB_CLIENT_CONFIRMATION_OK"
24091,10405949879,10405949922,1,"IOTHUB_CLIENT_CONFIRMATION_OK"
24092,10405950079,10405950153,1,"IOTHUB_CLIENT_CONFIRMATION_OK"
24093,10405950279,10405950375,1,"IOTHUB_CLIENT_CONFIRMATION_OK"
24094,10405950479,10405950518,1,"IOTHUB_CLIENT_CONFIRMATION_OK"
24095,10405950680,10405950718,1,"IOTHUB_CLIENT_CONFIRMATION_OK"
24096,10405950880,10405950926,1,"IOTHUB_CLIENT_CONFIRMATION_OK"
24097,10405951080,10405951192,1,"IOTHUB_CLIENT_CONFIRMATION_OK"
24098,10405951280,10405951318,1,"IOTHUB_CLIENT_CONFIRMATION_OK"
24099,10405951480,10405951519,1,"IOTHUB_CLIENT_CONFIRMATION_OK"
24100,10405951680,10405951846,1,"IOTHUB_CLIENT_CONFIRMATION_OK"
24101,10405951880,10405951920,1,"IOTHUB_CLIENT_CONFIRMATION_OK"
24102,10405952081,10405952116,1,"IOTHUB_CLIENT_CONFIRMATION_OK"
24103,10405952281,10405952319,1,"IOTHUB_CLIENT_CONFIRMATION_OK"
24104,10405952481,10405952514,1,"IOTHUB_CLIENT_CONFIRMATION_OK"
24105,10405952681,10405952782,1,"IOTHUB_CLIENT_CONFIRMATION_OK"
24106,10405952881,10405952930,1,"IOTHUB_CLIENT_CONFIRMATION_OK"
24107,10405953082,10405953155,1,"IOTHUB_CLIENT_CONFIRMATION_OK"
24108,10405953282,10405953321,1,"IOTHUB_CLIENT_CONFIRMATION_OK"
24109,10405953482,10405953529,1,"IOTHUB_CLIENT_CONFIRMATION_OK"
24110,10405953682,10405953728,1,"IOTHUB_CLIENT_CONFIRMATION_OK"
24111,10405953882,10405954058,1,"IOTHUB_CLIENT_CONFIRMATION_OK"
24112,10405954082,10405954122,1,"IOTHUB_CLIENT_CONFIRMATION_OK"
24113,10405954283,10405954328,1,"IOTHUB_CLIENT_CONFIRMATION_OK"
24114,10405954483,10405954542,1,"IOTHUB_CLIENT_CONFIRMATION_OK"
24115,10405954683,10405954728,1,"IOTHUB_CLIENT_CONFIRMATION_OK"
24116,10405954883,10405954943,1,"IOTHUB_CLIENT_CONFIRMATION_OK"
24117,10405955083,10405955115,1,"IOTHUB_CLIENT_CONFIRMATION_OK"
24118,10405955283,10405955348,1,"IOTHUB_CLIENT_CONFIRMATION_OK"
24119,10405955483,10405955530,1,"IOTHUB_CLIENT_CONFIRMATION_OK"
24120,10405955684,10405955735,1,"IOTHUB_CLIENT_CONFIRMATION_OK"
24121,10405955884,10405955929,1,"IOTHUB_CLIENT_CONFIRMATION_OK"
24122,10405956084,10405956123,1,"IOTHUB_CLIENT_CONFIRMATION_OK"
24123,10405956284,10405956326,1,"IOTHUB_CLIENT_CONFIRMATION_OK"
24124,10405956484,10405956550,1,"IOTHUB_CLIENT_CONFIRMATION_OK"
24125,10405956684,10405956719,1,"IOTHUB_CLIENT_CONFIRMATION_OK"
24126,10405956885,10405956933,1,"IOTHUB_CLIENT_CONFIRMATION_OK"
24127,10405957085,10405957132,1,"IOTHUB_CLIENT_CONFIRMATION_OK"
24128,10405957285,10405957332,1,"IOTHUB_CLIENT_CONFIRMATION_OK"
24129,10405957485,10405957598,1,"IOTHUB_CLIENT_CONFIRMATION_OK"
24130,10405957685,10405957723,1,"IOTHUB_CLIENT_CONFIRMATION_OK"
24131,10405957885,10405957924,1,"IOTHUB_CLIENT_CONFIRMATION_OK"
24132,10405958086,10405958118,1,"IOTHUB_CLIENT_CONFIRMATION_OK"
24133,10405958286,10405958323,1,"IOTHUB_CLIENT_CONFIRMATION_OK"
24134,10405958486,10405958527,1,"IOTHUB_CLIENT_CONFIRMATION_OK"
24135,10405958686,10405958719,1,"IOTHUB_CLIENT_CONFIRMATION_OK"
24136,10405958886,10405958927,1,"IOTHUB_CLIENT_CONFIRMATION_OK"
24137,10405959086,10405959130,1,"IOTHUB_CLIENT_CONFIRMATION_OK"
24138,10405959287,10405959325,1,"IOTHUB_CLIENT_CONFIRMATION_OK"
24139,10405959487,10405959686,1,"IOTHUB_CLIENT_CONFIRMATION_OK"
24140,10405959687,10405959732,1,"IOTHUB_CLIENT_CONFIRMATION_OK"
24141,10405959887,10405959934,1,"IOTHUB_CLIENT_CONFIRMATION_OK"
24142,10405960087,10405960123,1,"IOTHUB_CLIENT_CONFIRMATION_OK"
24143,10405960287,10405960331,1,"IOTHUB_CLIENT_CONFIRMATION_OK"
24144,10405960487,10405960561,1,"IOTHUB_CLIENT_CONFIRMATION_OK"
24145,10405960688,10405960729,1,"IOTHUB_CLIENT_CONFIRMATION_OK"
24146,10405960888,10405960948,1,"IOTHUB_CLIENT_CONFIRMATION_OK"
24147,10405961088,10405961142,1,"IOTHUB_CLIENT_CONFIRMATION_OK"
24148,10405961288,10405961326,1,"IOTHUB_CLIENT_CONFIRMATION_OK"
24149,10405961488,10405961534,1,"IOTHUB_CLIENT_CONFIRMATION_OK"
24150,10405961688,10405961729,1,"IOTHUB_CLIENT_CONFIRMATION_OK"
24151,10405961889,10405961926,1,"IOTHUB_CLIENT_CONFIRMATION_OK"
24152,10405962089,10405962125,1,"IOTHUB_CLIENT_CONFIRMATION_OK"
24153,10405962289,10405962341,1,"IOTHUB_CLIENT_CONFIRMATION_OK"
24154,10405962489,10405962537,1,"IOTHUB_CLIENT_CONFIRMATION_OK"
24155,10405962689,10405962736,1,"IOTHUB_CLIENT_CONFIRMATION_OK"
24156,10405962889,10405962987,1,"IOTHUB_CLIENT_CONFIRMATION_OK"
24157,10405963090,10405963143,1,"IOTHUB_CLIENT_CONFIRMATION_OK"
24158,10405963290,10405963414,1,"IOTHUB_CLIENT_CONFIRMATION_OK"
24159,10405963490,10405963629,1,"IOTHUB_CLIENT_CONFIRMATION_OK"
24160,10405963690,10405963776,1,"IOTHUB_CLIENT_CONFIRMATION_OK"
24161,10405963890,10405963929,1,"IOTHUB_CLIENT_CONFIRMATION_OK"
24162,10405964090,10405964127,1,"IOTHUB_CLIENT_CONFIRMATION_OK"
24163,10405964290,10405964342,1,"IOTHUB_CLIENT_CONFIRMATION_OK"
24164,10405964491,10405964547,1,"IOTHUB_CLIENT_CONFIRMATION_OK"
24165,10405964691,10405964753,1,"IOTHUB_CLIENT_CONFIRMATION_OK"
24166,10405964891,10405964941,1,"IOTHUB_CLIENT_CONFIRMATION_OK"
24167,10405965091,10405965298,1,"IOTHUB_CLIENT_CONFIRMATION_OK"
24168,10405965291,10405965327,1,"IOTHUB_CLIENT_CONFIRMATION_OK"
24169,10405965491,10405965525,1,"IOTHUB_CLIENT_CONFIRMATION_OK"
24170,10405965692,10405965734,1,"IOTHUB_CLIENT_CONFIRMATION_OK"
24171,10405965892,10405965932,1,"IOTHUB_CLIENT_CONFIRMATION_OK"
24172,10405966092,10405966124,1,"IOTHUB_CLIENT_CONFIRMATION_OK"
24173,10405966292,10405966341,1,"IOTHUB_CLIENT_CONFIRMATION_OK"
24174,10405966492,10405966547,1,"IOTHUB_CLIENT_CONFIRMATION_OK"
24175,10405966692,10405966726,1,"IOTHUB_CLIENT_CONFIRMATION_OK"
24176,10405966893,10405966960,1,"IOTHUB_CLIENT_CONFIRMATION_OK"
24177,10405967093,10405967139,1,"IOTHUB_CLIENT_CONFIRMATION_OK"
24178,10405967293,10405967335,1,"IOTHUB_CLIENT_CONFIRMATION_OK"
24179,10405967493,10405967544,1,"IOTHUB_CLIENT_CONFIRMATION_OK"
24180,10405967693,10405967736,1,"IOTHUB_CLIENT_CONFIRMATION_OK"
24181,10405967893,10405967930,1,"IOTHUB_CLIENT_CONFIRMATION_OK"
24182,10405968093,10405968216,1,"IOTHUB_CLIENT_CONFIRMATION_OK"
24183,10405968294,10405968333,1,"IOTHUB_CLIENT_CONFIRMATION_OK"
24184,10405968494,10405968646,1,"IOTHUB_CLIENT_CONFIRMATION_OK"
24185,10405968694,10405968735,1,"IOTHUB_CLIENT_CONFIRMATION_OK"
24186,10405968894,10405968943,1,"IOTHUB_CLIENT_CONFIRMATION_OK"
24187,10405969094,10405969128,1,"IOTHUB_CLIENT_CONFIRMATION_OK"
24188,10405969294,10405969334,1,"IOTHUB_CLIENT_CONFIRMATION_OK"
24189,10405969494,10405969530,1,"IOTHUB_CLIENT_CONFIRMATION_OK"
24190,10405969695,10405969784,1,"IOTHUB_CLIENT_CONFIRMATION_OK"
24191,10405969895,10405969933,1,"IOTHUB_CLIENT_CONFIRMATION_OK"
24192,10405970095,10405970138,1,"IOTHUB_CLIENT_CONFIRMATION_OK"
24193,10405970295,10405970330,1,"IOTHUB_CLIENT_CONFIRMATION_OK"
24194,10405970495,10405970529,1,"IOTHUB_CLIENT_CONFIRMATION_OK"
24195,10405970695,10405970733,1,"IOTHUB_CLIENT_CONFIRMATION_OK"
24196,10405970896,10405970939,1,"IOTHUB_CLIENT_CONFIRMATION_OK"
24197,10405971096,10405971133,1,"IOTHUB_CLIENT_CONFIRMATION_OK"
24198,10405971296,10405971329,1,"IOTHUB_CLIENT_CONFIRMATION_OK"
24199,10405971496,10405971534,1,"IOTHUB_CLIENT_CONFIRMATION_OK"
24200,10405971696,10405971729,1,"IOTHUB_CLIENT_CONFIRMATION_OK"
24201,10405971896,10405971938,1,"IOTHUB_CLIENT_CONFIRMATION_OK"
24202,10405972096,10405972135,1,"IOTHUB_CLIENT_CONFIRMATION_OK"
24203,10405972297,10405972336,1,"IOTHUB_CLIENT_CONFIRMATION_OK"
24204,10405972497,10405972606,1,"IOTHUB_CLIENT_CONFIRMATION_OK"
24205,10405972697,10405972739,1,"IOTHUB_CLIENT_CONFIRMATION_OK"
24206,10405972897,10405972938,1,"IOTHUB_CLIENT_CONFIRMATION_OK"
24207,10405973097,10405973131,1,"IOTHUB_CLIENT_CONFIRMATION_OK"
24208,10405973297,10405973339,1,"IOTHUB_CLIENT_CONFIRMATION_OK"
24209,10405973497,10405973534,1,"IOTHUB_CLIENT_CONFIRMATION_OK"
24210,10405973698,10405973743,1,"IOTHUB_CLIENT_CONFIRMATION_OK"
24211,10405973898,10405973948,1,"IOTHUB_CLIENT_CONFIRMATION_OK"
24212,10405974098,10405974186,1,"IOTHUB_CLIENT_CONFIRMATION_OK"
24213,10405974298,10405974343,1,"IOTHUB_CLIENT_CONFIRMATION_OK"
24214,10405974498,10405974541,1,"IOTHUB_CLIENT_CONFIRMATION_OK"
24215,10405974698,10405974889,1,"IOTHUB_CLIENT_CONFIRMATION_OK"
24216,10405974899,10405974944,1,"IOTHUB_CLIENT_CONFIRMATION_OK"
24217,10405975099,10405975139,1,"IOTHUB_CLIENT_CONFIRMATION_OK"
24218,10405975299,10405975341,1,"IOTHUB_CLIENT_CONFIRMATION_OK"
24219,10405975499,10405975548,1,"IOTHUB_CLIENT_CONFIRMATION_OK"
24220,10405975699,10405975733,1,"IOTHUB_CLIENT_CONFIRMATION_OK"
24221,10405975899,10405975957,1,"IOTHUB_CLIENT_CONFIRMATION_OK"
24222,10405976100,10405976134,1,"IOTHUB_CLIENT_CONFIRMATION_OK"
24223,10405976300,10405976338,1,"IOTHUB_CLIENT_CONFIRMATION_OK"
24224,10405976500,10405976535,1,"IOTHUB_CLIENT_CONFIRMATION_OK"
24225,10405976700,10405976740,1,"IOTHUB_CLIENT_CONFIRMATION_OK"
24226,10405976900,10405977096,1,"IOTHUB_CLIENT_CONFIRMATION_OK"
24227,10405977100,10405977145,1,"IOTHUB_CLIENT_CONFIRMATION_OK"
24228,10405977300,10405977332,1,"IOTHUB_CLIENT_CONFIRMATION_OK"
24229,10405977501,10405977612,1,"IOTHUB_CLIENT_CONFIRMATION_OK"
24230,10405977701,10405977739,1,"IOTHUB_CLIENT_CONFIRMATION_OK"
24231,10405977901,10405978046,1,"IOTHUB_CLIENT_CONFIRMATION_OK"
24232,10405978101,10405978173,1,"IOTHUB_CLIENT_CONFIRMATION_OK"
24233,10405978301,10405978343,1,"IOTHUB_CLIENT_CONFIRMATION_OK"
24234,10405978501,10405978546,1,"IOTHUB_CLIENT_CONFIRMATION_OK"
24235,10405978702,10405978752,1,"IOTHUB_CLIENT_CONFIRMATION_OK"
24236,10405978902,10405978941,1,"IOTHUB_CLIENT_CONFIRMATION_OK"
24237,10405979102,10405979144,1,"IOTHUB_CLIENT_CONFIRMATION_OK"
24238,10405979302,10405979343,1,"IOTHUB_CLIENT_CONFIRMATION_OK"
24239,10405979502,10405979546,1,"IOTHUB_CLIENT_CONFIRMATION_OK"
24240,10405979702,10405979767,1,"IOTHUB_CLIENT_CONFIRMATION_OK"
24241,10405979903,10405979946,1,"IOTHUB_CLIENT_CONFIRMATION_OK"
24242,10405980103,10405980147,1,"IOTHUB_CLIENT_CONFIRMATION_OK"
24243,10405980303,10405980396,1,"IOTHUB_CLIENT_CONFIRMATION_OK"
24244,10405980503,10405980546,1,"IOTHUB_CLIENT_CONFIRMATION_OK"
24245,10405980703,10405980738,1,"IOTHUB_CLIENT_CONFIRMATION_OK"
24246,10405980903,10405981024,1,"IOTHUB_CLIENT_CONFIRMATION_OK"
24247,10405981103,10405981142,1,"IOTHUB_CLIENT_CONFIRMATION_OK"
24248,10405981304,10405981342,1,"IOTHUB_CLIENT_CONFIRMATION_OK"
24249,10405981504,10405981564,1,"IOTHUB_CLIENT_CONFIRMATION_OK"
24250,10405981704,10405981742,1,"IOTHUB_CLIENT_CONFIRMATION_OK"
24251,10405981904,10405981940,1,"IOTHUB_CLIENT_CONFIRMATION_OK"
24252,10405982104,10405982145,1,"IOTHUB_CLIENT_CONFIRMATION_OK"
24253,10405982304,10405982347,1,"IOTHUB_CLIENT_CONFIRMATION_OK"
24254,10405982505,10405982671,1,"IOTHUB_CLIENT_CONFIRMATION_OK"
24255,10405982705,10405982822,1,"IOTHUB_CLIENT_CONFIRMATION_OK"
24256,10405982905,10405982943,1,"IOTHUB_CLIENT_CONFIRMATION_OK"
24257,10405983105,10405983267,1,"IOTHUB_CLIENT_CONFIRMATION_OK"
24258,10405983305,10405983343,1,"IOTHUB_CLIENT_CONFIRMATION_OK"
24259,10405983505,10405983540,1,"IOTHUB_CLIENT_CONFIRMATION_OK"
24260,10405983706,10405983743,1,"IOTHUB_CLIENT_CONFIRMATION_OK"
24261,10405983906,10405983966,1,"IOTHUB_CLIENT_CONFIRMATION_OK"
24262,10405984106,10405984144,1,"IOTHUB_CLIENT_CONFIRMATION_OK"
24263,10405984306,10405984344,1,"IOTHUB_CLIENT_CONFIRMATION_OK"
24264,10405984506,10405984558,1,"IOTHUB_CLIENT_CONFIRMATION_OK"
24265,10405984706,10405984745,1,"IOTHUB_CLIENT_CONFIRMATION_OK"
24266,10405984907,10405984947,1,"IOTHUB_CLIENT_CONFIRMATION_OK"
24267,10405985107,10405985155,1,"IOTHUB_CLIENT_CONFIRMATION_OK"
24268,10405985307,10405985521,1,"IOTHUB_CLIENT_CONFIRMATION_OK"
24269,10405985507,10405985554,1,"IOTHUB_CLIENT_CONFIRMATION_OK"
24270,10405985707,10405985746,1,"IOTHUB_CLIENT_CONFIRMATION_OK"
24271,10405985907,10405985954,1,"IOTHUB_CLIENT_CONFIRMATION_OK"
24272,10405986108,10405986147,1,"IOTHUB_CLIENT_CONFIRMATION_OK"
24273,10405986308,10405986349,1,"IOTHUB_CLIENT_CONFIRMATION_OK"
24274,10405986508,10405986551,1,"IOTHUB_CLIENT_CONFIRMATION_OK"
24275,10405986708,10405986744,1,"IOTHUB_CLIENT_CONFIRMATION_OK"
24276,10405986908,10405986950,1,"IOTHUB_CLIENT_CONFIRMATION_OK"
24277,10405987108,10405987147,1,"IOTHUB_CLIENT_CONFIRMATION_OK"
24278,10405987308,10405987342,1,"IOTHUB_CLIENT_CONFIRMATION_OK"
24279,10405987508,10405987550,1,"IOTHUB_CLIENT_CONFIRMATION_OK"
24280,10405987709,10405987761,1,"IOTHUB_CLIENT_CONFIRMATION_OK"
24281,10405987909,10405987987,1,"IOTHUB_CLIENT_CONFIRMATION_OK"
24282,10405988109,10405988195,1,"IOTHUB_CLIENT_CONFIRMATION_OK"
24283,10405988309,10405988352,1,"IOTHUB_CLIENT_CONFIRMATION_OK"
24284,10405988509,10405988569,1,"IOTHUB_CLIENT_CONFIRMATION_OK"
24285,10405988709,10405988801,1,"IOTHUB_CLIENT_CONFIRMATION_OK"
24286,10405988910,10405988952,1,"IOTHUB_CLIENT_CONFIRMATION_OK"
24287,10405989110,10405989165,1,"IOTHUB_CLIENT_CONFIRMATION_OK"
24288,10405989310,10405989348,1,"IOTHUB_CLIENT_CONFIRMATION_OK"
24289,10405989510,10405989548,1,"IOTHUB_CLIENT_CONFIRMATION_OK"
24290,10405989710,10405989750,1,"IOTHUB_CLIENT_CONFIRMATION_OK"
24291,10405989910,10405989949,1,"IOTHUB_CLIENT_CONFIRMATION_OK"
24292,10405990111,10405990167,1,"IOTHUB_CLIENT_CONFIRMATION_OK"
24293,10405990311,10405990352,1,"IOTHUB_CLIENT_CONFIRMATION_OK"
24294,10405990511,10405990555,1,"IOTHUB_CLIENT_CONFIRMATION_OK"
24295,10405990711,10405990755,1,"IOTHUB_CLIENT_CONFIRMATION_OK"
24296,10405990911,10405990974,1,"IOTHUB_CLIENT_CONFIRMATION_OK"
24297,10405991111,10405991152,1,"IOTHUB_CLIENT_CONFIRMATION_OK"
24298,10405991312,10405991352,1,"IOTHUB_CLIENT_CONFIRMATION_OK"
24299,10405991512,10405991549,1,"IOTHUB_CLIENT_CONFIRMATION_OK"
24300,10405991712,10405991750,1,"IOTHUB_CLIENT_CONFIRMATION_OK"
24301,10405991912,10405991972,1,"IOTHUB_CLIENT_CONFIRMATION_OK"
24302,10405992112,10405992154,1,"IOTHUB_CLIENT_CONFIRMATION_OK"
24303,10405992312,10405992352,1,"IOTHUB_CLIENT_CONFIRMATION_OK"
24304,10405992513,10405992556,1,"IOTHUB_CLIENT_CONFIRMATION_OK"
24305,10405992713,10405992819,1,"IOTHUB_CLIENT_CONFIRMATION_OK"
24306,10405992913,10405992949,1,"IOTHUB_CLIENT_CONFIRMATION_OK"
24307,10405993113,10405993166,1,"IOTHUB_CLIENT_CONFIRMATION_OK"
24308,10405993313,10405993356,1,"IOTHUB_CLIENT_CONFIRMATION_OK"
24309,10405993513,10405993552,1,"IOTHUB_CLIENT_CONFIRMATION_OK"
24310,10405993713,10405993825,1,"IOTHUB_CLIENT_CONFIRMATION_OK"
24311,10405993914,10405993950,1,"IOTHUB_CLIENT_CONFIRMATION_OK"
24312,10405994114,10405994152,1,"IOTHUB_CLIENT_CONFIRMATION_OK"
24313,10405994314,10405994461,1,"IOTHUB_CLIENT_CONFIRMATION_OK"
24314,10405994514,10405994555,1,"IOTHUB_CLIENT_CONFIRMATION_OK"
24315,10405994714,10405994755,1,"IOTHUB_CLIENT_CONFIRMATION_OK"
24316,10405994914,10405995059,1,"IOTHUB_CLIENT_CONFIRMATION_OK"
24317,10405995115,10405995155,1,"IOTHUB_CLIENT_CONFIRMATION_OK"
24318,10405995315,10405995360,1,"IOTHUB_CLIENT_CONFIRMATION_OK"
24319,10405995515,10405995555,1,"IOTHUB_CLIENT_CONFIRMATION_OK"
24320,10405995715,10405995762,1,"IOTHUB_CLIENT_CONFIRMATION_OK"
24321,10405995915,10405995962,1,"IOTHUB_CLIENT_CONFIRMATION_OK"
24322,10405996115,10405996152,1,"IOTHUB_CLIENT_CONFIRMATION_OK"
24323,10405996316,10405996354,1,"IOTHUB_CLIENT_CONFIRMATION_OK"
24324,10405996516,10405996575,1,"IOTHUB_CLIENT_CONFIRMATION_OK"
24325,10405996716,10405996768,1,"IOTHUB_CLIENT_CONFIRMATION_OK"
24326,10405996916,10405996957,1,"IOTHUB_CLIENT_CONFIRMATION_OK"
24327,10405997116,10405997150,1,"IOTHUB_CLIENT_CONFIRMATION_OK"
24328,10405997316,10405997351,1,"IOTHUB_CLIENT_CONFIRMATION_OK"
24329,10405997517,10405997550,1,"IOTHUB_CLIENT_CONFIRMATION_OK"
24330,10405997717,10405997759,1,"IOTHUB_CLIENT_CONFIRMATION_OK"
24331,10405997917,10405998209,1,"IOTHUB_CLIENT_CONFIRMATION_OK"
24332,10405998117,10405998237,1,"IOTHUB_CLIENT_CONFIRMATION_OK"
24333,10405998317,10405998612,1,"IOTHUB_CLIENT_CONFIRMATION_OK"
24334,10405998517,10405998646,1,"IOTHUB_CLIENT_CONFIRMATION_OK"
24335,10405998717,10405998753,1,"IOTHUB_CLIENT_CONFIRMATION_OK"
24336,10405998918,10405998959,1,"IOTHUB_CLIENT_CONFIRMATION_OK"
24337,10405999118,10405999157,1,"IOTHUB_CLIENT_CONFIRMATION_OK"
24338,10405999318,10405999351,1,"IOTHUB_CLIENT_CONFIRMATION_OK"
24339,10405999518,10405999561,1,"IOTHUB_CLIENT_CONFIRMATION_OK"
24340,10405999718,10405999758,1,"IOTHUB_CLIENT_CONFIRMATION_OK"
24341,10405999918,10406000058,1,"IOTHUB_CLIENT_CONFIRMATION_OK"
24342,10406000119,10406000161,1,"IOTHUB_CLIENT_CONFIRMATION_OK"
24343,10406000319,10406000364,1,"IOTHUB_CLIENT_CONFIRMATION_OK"
24344,10406000519,10406000669,1,"IOTHUB_CLIENT_CONFIRMATION_OK"
24345,10406000719,10406000755,1,"IOTHUB_CLIENT_CONFIRMATION_OK"
24346,10406000919,10406000983,1,"IOTHUB_CLIENT_CONFIRMATION_OK"
24347,10406001119,10406001160,1,"IOTHUB_CLIENT_CONFIRMATION_OK"
24348,10406001319,10406001380,1,"IOTHUB_CLIENT_CONFIRMATION_OK"
24349,10406001520,10406001561,1,"IOTHUB_CLIENT_CONFIRMATION_OK"
24350,10406001720,10406001758,1,"IOTHUB_CLIENT_CONFIRMATION_OK"
24351,10406001920,10406001964,1,"IOTHUB_CLIENT_CONFIRMATION_OK"
24352,10406002120,10406002163,1,"IOTHUB_CLIENT_CONFIRMATION_OK"
24353,10406002320,10406002356,1,"IOTHUB_CLIENT_CONFIRMATION_OK"
24354,10406002520,10406002562,1,"IOTHUB_CLIENT_CONFIRMATION_OK"
24355,10406002721,10406002993,1,"IOTHUB_CLIENT_CONFIRMATION_OK"
24356,10406002921,10406003033,1,"IOTHUB_CLIENT_CONFIRMATION_OK"
24357,10406003121,10406003168,1,"IOTHUB_CLIENT_CONFIRMATION_OK"
24358,10406003321,10406003390,1,"IOTHUB_CLIENT_CONFIRMATION_OK"
24359,10406003521,10406003557,1,"IOTHUB_CLIENT_CONFIRMATION_OK"
24360,10406003721,10406003761,1,"IOTHUB_CLIENT_CONFIRMATION_OK"
24361,10406003921,10406004010,1,"IOTHUB_CLIENT_CONFIRMATION_OK"
24362,10406004122,10406004160,1,"IOTHUB_CLIENT_CONFIRMATION_OK"
24363,10406004322,10406004360,1,"IOTHUB_CLIENT_CONFIRMATION_OK"
24364,10406004522,10406004558,1,"IOTHUB_CLIENT_CONFIRMATION_OK"
24365,10406004722,10406004758,1,"IOTHUB_CLIENT_CONFIRMATION_OK"
24366,10406004922,10406004958,1,"IOTHUB_CLIENT_CONFIRMATION_OK"
24367,10406005122,10406005163,1,"IOTHUB_CLIENT_CONFIRMATION_OK"
24368,10406005323,10406005381,1,"IOTHUB_CLIENT_CONFIRMATION_OK"
24369,10406005523,10406005657,1,"IOTHUB_CLIENT_CONFIRMATION_OK"
24370,10406005723,10406005767,1,"IOTHUB_CLIENT_CONFIRMATION_OK"
24371,10406005923,10406005964,1,"IOTHUB_CLIENT_CONFIRMATION_OK"
24372,10406006123,10406006257,1,"IOTHUB_CLIENT_CONFIRMATION_OK"
24373,10406006323,10406006369,1,"IOTHUB_CLIENT_CONFIRMATION_OK"
24374,10406006524,10406006595,1,"IOTHUB_CLIENT_CONFIRMATION_OK"
24375,10406006724,10406006766,1,"IOTHUB_CLIENT_CONFIRMATION_OK"
24376,10406006924,10406006965,1,"IOTHUB_CLIENT_CONFIRMATION_OK"
24377,10406007124,10406007175,1,"IOTHUB_CLIENT_CONFIRMATION_OK"
24378,10406007324,10406007362,1,"IOTHUB_CLIENT_CONFIRMATION_OK"
24379,10406007524,10406007563,1,"IOTHUB_CLIENT_CONFIRMATION_OK"
24380,10406007724,10406007763,1,"IOTHUB_CLIENT_CONFIRMATION_OK"
24381,10406007925,10406007985,1,"IOTHUB_CLIENT_CONFIRMATION_OK"
24382,10406008125,10406008179,1,"IOTHUB_CLIENT_CONFIRMATION_OK"
24383,10406008325,10406008484,1,"IOTHUB_CLIENT_CONFIRMATION_OK"
24384,10406008525,10406008567,1,"IOTHUB_CLIENT_CONFIRMATION_OK"
24385,10406008725,10406008761,1,"IOTHUB_CLIENT_CONFIRMATION_OK"
24386,10406008925,10406008973,1,"IOTHUB_CLIENT_CONFIRMATION_OK"
24387,10406009126,10406009155,1,"IOTHUB_CLIENT_CONFIRMATION_OK"
24388,10406009326,10406009425,1,"IOTHUB_CLIENT_CONFIRMATION_OK"
24389,10406009526,10406009662,1,"IOTHUB_CLIENT_CONFIRMATION_OK"
24390,10406009726,10406009759,1,"IOTHUB_CLIENT_CONFIRMATION_OK"
24391,10406009926,10406009961,1,"IOTHUB_CLIENT_CONFIRMATION_OK"
24392,10406010126,10406010165,1,"IOTHUB_CLIENT_CONFIRMATION_OK"
24393,10406010327,10406010369,1,"IOTHUB_CLIENT_CONFIRMATION_OK"
24394,10406010527,10406010559,1,"IOTHUB_CLIENT_CONFIRMATION_OK"
24395,10406010727,10406010763,1,"IOTHUB_CLIENT_CONFIRMATION_OK"
24396,10406010927,10406010970,1,"IOTHUB_CLIENT_CONFIRMATION_OK"
24397,10406011127,10406011246,1,"IOTHUB_CLIENT_CONFIRMATION_OK"
24398,10406011327,10406011377,1,"IOTHUB_CLIENT_CONFIRMATION_OK"
24399,10406011528,10406011565,1,"IOTHUB_CLIENT_CONFIRMATION_OK"
24400,10406011728,10406011918,1,"IOTHUB_CLIENT_CONFIRMATION_OK"
24401,10406011928,10406011985,1,"IOTHUB_CLIENT_CONFIRMATION_OK"
24402,10406012128,10406012192,1,"IOTHUB_CLIENT_CONFIRMATION_OK"
24403,10406012328,10406012368,1,"IOTHUB_CLIENT_CONFIRMATION_OK"
24404,10406012529,10406012575,1,"IOTHUB_CLIENT_CONFIRMATION_OK"
24405,10406012729,10406012788,1,"IOTHUB_CLIENT_CONFIRMATION_OK"
24406,10406012929,10406012970,1,"IOTHUB_CLIENT_CONFIRMATION_OK"
24407,10406013129,10406013167,1,"IOTHUB_CLIENT_CONFIRMATION_OK"
24408,10406013329,10406013396,1,"IOTHUB_CLIENT_CONFIRMATION_OK"
24409,10406013529,10406013578,1,"IOTHUB_CLIENT_CONFIRMATION_OK"
24410,10406013730,10406013850,1,"IOTHUB_CLIENT_CONFIRMATION_OK"
24411,10406013930,10406014148,1,"IOTHUB_CLIENT_CONFIRMATION_OK"
24412,10406014130,10406014168,1,"IOTHUB_CLIENT_CONFIRMATION_OK"
24413,10406014330,10406014380,1,"IOTHUB_CLIENT_CONFIRMATION_OK"
24414,10406014530,10406014594,1,"IOTHUB_CLIENT_CONFIRMATION_OK"
24415,10406014730,10406014802,1,"IOTHUB_CLIENT_CONFIRMATION_OK"
24416,10406014931,10406014972,1,"IOTHUB_CLIENT_CONFIRMATION_OK"
24417,10406015131,10406015177,1,"IOTHUB_CLIENT_CONFIRMATION_OK"
24418,10406015331,10406015376,1,"IOTHUB_CLIENT_CONFIRMATION_OK"
24419,10406015531,10406015581,1,"IOTHUB_CLIENT_CONFIRMATION_OK"
24420,10406015731,10406015814,1,"IOTHUB_CLIENT_CONFIRMATION_OK"
24421,10406015931,10406015965,1,"IOTHUB_CLIENT_CONFIRMATION_OK"
24422,10406016131,10406016167,1,"IOTHUB_CLIENT_CONFIRMATION_OK"
24423,10406016332,10406016421,1,"IOTHUB_CLIENT_CONFIRMATION_OK"
24424,10406016532,10406016573,1,"IOTHUB_CLIENT_CONFIRMATION_OK"
24425,10406016732,10406016810,1,"IOTHUB_CLIENT_CONFIRMATION_OK"
24426,10406016932,10406016975,1,"IOTHUB_CLIENT_CONFIRMATION_OK"
24427,10406017132,10406017178,1,"IOTHUB_CLIENT_CONFIRMATION_OK"
24428,10406017332,10406017417,1,"IOTHUB_CLIENT_CONFIRMATION_OK"
24429,10406017532,10406017582,1,"IOTHUB_CLIENT_CONFIRMATION_OK"
24430,10406017733,10406017779,1,"IOTHUB_CLIENT_CONFIRMATION_OK"
24431,10406017933,10406018034,1,"IOTHUB_CLIENT_CONFIRMATION_OK"
24432,10406018133,10406018172,1,"IOTHUB_CLIENT_CONFIRMATION_OK"
24433,10406018333,10406018441,1,"IOTHUB_CLIENT_CONFIRMATION_OK"
24434,10406018533,10406018675,1,"IOTHUB_CLIENT_CONFIRMATION_OK"
24435,10406018733,10406018785,1,"IOTHUB_CLIENT_CONFIRMATION_OK"
24436,10406018934,10406018971,1,"IOTHUB_CLIENT_CONFIRMATION_OK"
24437,10406019134,10406019168,1,"IOTHUB_CLIENT_CONFIRMATION_OK"
24438,10406019334,10406019376,1,"IOTHUB_CLIENT_CONFIRMATION_OK"
24439,10406019534,10406019672,1,"IOTHUB_CLIENT_CONFIRMATION_OK"
24440,10406019734,10406019773,1,"IOTHUB_CLIENT_CONFIRMATION_OK"
24441,10406019934,10406019978,1,"IOTHUB_CLIENT_CONFIRMATION_OK"
24442,10406020135,10406020277,1,"IOTHUB_CLIENT_CONFIRMATION_OK"
24443,10406020335,10406020382,1,"IOTHUB_CLIENT_CONFIRMATION_OK"
24444,10406020535,10406020589,1,"IOTHUB_CLIENT_CONFIRMATION_OK"
24445,10406020735,10406020771,1,"IOTHUB_CLIENT_CONFIRMATION_OK"
24446,10406020935,10406020983,1,"IOTHUB_CLIENT_CONFIRMATION_OK"
24447,10406021135,10406021167,1,"IOTHUB_CLIENT_CONFIRMATION_OK"
24448,10406021336,10406021377,1,"IOTHUB_CLIENT_CONFIRMATION_OK"
24449,10406021536,10406021571,1,"IOTHUB_CLIENT_CONFIRMATION_OK"
24450,10406021736,10406021775,1,"IOTHUB_CLIENT_CONFIRMATION_OK"
24451,10406021936,10406021973,1,"IOTHUB_CLIENT_CONFIRMATION_OK"
24452,10406022136,10406022170,1,"IOTHUB_CLIENT_CONFIRMATION_OK"
24453,10406022336,10406022543,1,"IOTHUB_CLIENT_CONFIRMATION_OK"
24454,10406022536,10406022578,1,"IOTHUB_CLIENT_CONFIRMATION_OK"
24455,10406022737,10406022780,1,"IOTHUB_CLIENT_CONFIRMATION_OK"
24456,10406022937,10406022977,1,"IOTHUB_CLIENT_CONFIRMATION_OK"
24457,10406023137,10406023196,1,"IOTHUB_CLIENT_CONFIRMATION_OK"
24458,10406023337,10406023393,1,"IOTHUB_CLIENT_CONFIRMATION_OK"
24459,10406023537,10406023586,1,"IOTHUB_CLIENT_CONFIRMATION_OK"
24460,10406023737,10406023792,1,"IOTHUB_CLIENT_CONFIRMATION_OK"
24461,10406023938,10406023980,1,"IOTHUB_CLIENT_CONFIRMATION_OK"
24462,10406024138,10406024201,1,"IOTHUB_CLIENT_CONFIRMATION_OK"
24463,10406024338,10406024373,1,"IOTHUB_CLIENT_CONFIRMATION_OK"
24464,10406024538,10406024576,1,"IOTHUB_CLIENT_CONFIRMATION_OK"
24465,10406024738,10406024801,1,"IOTHUB_CLIENT_CONFIRMATION_OK"
24466,10406024938,10406025019,1,"IOTHUB_CLIENT_CONFIRMATION_OK"
24467,10406025139,10406025212,1,"IOTHUB_CLIENT_CONFIRMATION_OK"
24468,10406025339,10406025379,1,"IOTHUB_CLIENT_CONFIRMATION_OK"
24469,10406025539,10406025575,1,"IOTHUB_CLIENT_CONFIRMATION_OK"
24470,10406025739,10406025836,1,"IOTHUB_CLIENT_CONFIRMATION_OK"
24471,10406025939,10406025978,1,"IOTHUB_CLIENT_CONFIRMATION_OK"
24472,10406026139,10406026174,1,"IOTHUB_CLIENT_CONFIRMATION_OK"
24473,10406026340,10406026464,1,"IOTHUB_CLIENT_CONFIRMATION_OK"
24474,10406026540,10406026583,1,"IOTHUB_CLIENT_CONFIRMATION_OK"
24475,10406026740,10406026792,1,"IOTHUB_CLIENT_CONFIRMATION_OK"
24476,10406026940,10406027053,1,"IOTHUB_CLIENT_CONFIRMATION_OK"
24477,10406027140,10406027208,1,"IOTHUB_CLIENT_CONFIRMATION_OK"
24478,10406027340,10406027378,1,"IOTHUB_CLIENT_CONFIRMATION_OK"
24479,10406027540,10406027614,1,"IOTHUB_CLIENT_CONFIRMATION_OK"
24480,10406027741,10406027774,1,"IOTHUB_CLIENT_CONFIRMATION_OK"
24481,10406027941,10406027978,1,"IOTHUB_CLIENT_CONFIRMATION_OK"
24482,10406028141,10406028180,1,"IOTHUB_CLIENT_CONFIRMATION_OK"
24483,10406028341,10406028378,1,"IOTHUB_CLIENT_CONFIRMATION_OK"
24484,10406028541,10406028689,1,"IOTHUB_CLIENT_CONFIRMATION_OK"
24485,10406028741,10406028788,1,"IOTHUB_CLIENT_CONFIRMATION_OK"
24486,10406028942,10406028983,1,"IOTHUB_CLIENT_CONFIRMATION_OK"
24487,10406029142,10406029326,1,"IOTHUB_CLIENT_CONFIRMATION_OK"
24488,10406029342,10406029386,1,"IOTHUB_CLIENT_CONFIRMATION_OK"
24489,10406029542,10406029585,1,"IOTHUB_CLIENT_CONFIRMATION_OK"
24490,10406029742,10406030054,1,"IOTHUB_CLIENT_CONFIRMATION_OK"
24491,10406029942,10406030409,1,"IOTHUB_CLIENT_CONFIRMATION_OK"
24492,10406030143,10406030519,1,"IOTHUB_CLIENT_CONFIRMATION_OK"
24493,10406030343,10406030575,1,"IOTHUB_CLIENT_CONFIRMATION_OK"
24494,10406030543,10406030639,1,"IOTHUB_CLIENT_CONFIRMATION_OK"
24495,10406030743,10406030797,1,"IOTHUB_CLIENT_CONFIRMATION_OK"
24496,10406030943,10406031053,1,"IOTHUB_CLIENT_CONFIRMATION_OK"
24497,10406031143,10406031184,1,"IOTHUB_CLIENT_CONFIRMATION_OK"
24498,10406031344,10406031442,1,"IOTHUB_CLIENT_CONFIRMATION_OK"
24499,10406031544,10406031592,1,"IOTHUB_CLIENT_CONFIRMATION_OK"
24500,10406031744,10406031818,1,"IOTHUB_CLIENT_CONFIRMATION_OK"
24501,10406031944,10406032057,1,"IOTHUB_CLIENT_CONFIRMATION_OK"
24502,10406032144,10406032180,1,"IOTHUB_CLIENT_CONFIRMATION_OK"
24503,10406032344,10406032413,1,"IOTHUB_CLIENT_CONFIRMATION_OK"
24504,10406032544,10406032689,1,"IOTHUB_CLIENT_CONFIRMATION_OK"
24505,10406032745,10406032788,1,"IOTHUB_CLIENT_CONFIRMATION_OK"
24506,10406032945,10406032991,1,"IOTHUB_CLIENT_CONFIRMATION_OK"
24507,10406033145,10406033194,1,"IOTHUB_CLIENT_CONFIRMATION_OK"
24508,10406033345,10406033385,1,"IOTHUB_CLIENT_CONFIRMATION_OK"
24509,10406033545,10406033585,1,"IOTHUB_CLIENT_CONFIRMATION_OK"
24510,10406033745,10406033788,1,"IOTHUB_CLIENT_CONFIRMATION_OK"
24511,10406033946,10406033987,1,"IOTHUB_CLIENT_CONFIRMATION_OK"
24512,10406034146,10406034303,1,"IOTHUB_CLIENT_CONFIRMATION_OK"
24513,10406034346,10406034396,1,"IOTHUB_CLIENT_CONFIRMATION_OK"
24514,10406034546,10406034592,1,"IOTHUB_CLIENT_CONFIRMATION_OK"
24515,10406034746,10406034927,1,"IOTHUB_CLIENT_CONFIRMATION_OK"
24516,10406034946,10406035013,1,"IOTHUB_CLIENT_CONFIRMATION_OK"
24517,10406035147,10406035184,1,"IOTHUB_CLIENT_CONFIRMATION_OK"
24518,10406035347,10406035405,1,"IOTHUB_CLIENT_CONFIRMATION_OK"
24519,10406035547,10406035583,1,"IOTHUB_CLIENT_CONFIRMATION_OK"
24520,10406035747,10406035786,1,"IOTHUB_CLIENT_CONFIRMATION_OK"
24521,10406035947,10406035988,1,"IOTHUB_CLIENT_CONFIRMATION_OK"
24522,10406036147,10406036195,1,"IOTHUB_CLIENT_CONFIRMATION_OK"
24523,10406036348,10406036390,1,"IOTHUB_CLIENT_CONFIRMATION_OK"
24524,10406036548,10406036593,1,"IOTHUB_CLIENT_CONFIRMATION_OK"
24525,10406036748,10406036791,1,"IOTHUB_CLIENT_CONFIRMATION_OK"
24526,10406036948,10406037157,1,"IOTHUB_CLIENT_CONFIRMATION_OK"
24527,10406037148,10406037189,1,"IOTHUB_CLIENT_CONFIRMATION_OK"
24528,10406037348,10406037405,1,"IOTHUB_CLIENT_CONFIRMATION_OK"
24529,10406037549,10406037590,1,"IOTHUB_CLIENT_CONFIRMATION_OK"
24530,10406037749,10406037789,1,"IOTHUB_CLIENT_CONFIRMATION_OK"
24531,10406037949,10406037993,1,"IOTHUB_CLIENT_CONFIRMATION_OK"
24532,10406038149,10406038190,1,"IOTHUB_CLIENT_CONFIRMATION_OK"
24533,10406038349,10406038387,1,"IOTHUB_CLIENT_CONFIRMATION_OK"
24534,10406038549,10406038588,1,"IOTHUB_CLIENT_CONFIRMATION_OK"
24535,10406038749,10406038795,1,"IOTHUB_CLIENT_CONFIRMATION_OK"
24536,10406038950,10406039026,1,"IOTHUB_CLIENT_CONFIRMATION_OK"
24537,10406039150,10406039188,1,"IOTHUB_CLIENT_CONFIRMATION_OK"
24538,10406039350,10406039412,1,"IOTHUB_CLIENT_CONFIRMATION_OK"
24539,10406039550,10406039595,1,"IOTHUB_CLIENT_CONFIRMATION_OK"
24540,10406039750,10406039806,1,"IOTHUB_CLIENT_CONFIRMATION_OK"
24541,10406039950,10406039995,1,"IOTHUB_CLIENT_CONFIRMATION_OK"
24542,10406040150,10406040274,1,"IOTHUB_CLIENT_CONFIRMATION_OK"
24543,10406040351,10406040494,1,"IOTHUB_CLIENT_CONFIRMATION_OK"
24544,10406040551,10406040586,1,"IOTHUB_CLIENT_CONFIRMATION_OK"
24545,10406040751,10406040798,1,"IOTHUB_CLIENT_CONFIRMATION_OK"
24546,10406040951,10406040990,1,"IOTHUB_CLIENT_CONFIRMATION_OK"
24547,10406041151,10406041194,1,"IOTHUB_CLIENT_CONFIRMATION_OK"
24548,10406041351,10406041390,1,"IOTHUB_CLIENT_CONFIRMATION_OK"
24549,10406041552,10406041582,1,"IOTHUB_CLIENT_CONFIRMATION_OK"
24550,10406041752,10406041791,1,"IOTHUB_CLIENT_CONFIRMATION_OK"
24551,10406041952,10406041993,1,"IOTHUB_CLIENT_CONFIRMATION_OK"
24552,10406042152,10406042224,1,"IOTHUB_CLIENT_CONFIRMATION_OK"
24553,10406042352,10406042389,1,"IOTHUB_CLIENT_CONFIRMATION_OK"
24554,10406042552,10406042765,1,"IOTHUB_CLIENT_CONFIRMATION_OK"
24555,10406042753,10406042801,1,"IOTHUB_CLIENT_CONFIRMATION_OK"
24556,10406042953,10406043002,1,"IOTHUB_CLIENT_CONFIRMATION_OK"
24557,10406043153,10406043187,1,"IOTHUB_CLIENT_CONFIRMATION_OK"
24558,10406043353,10406043395,1,"IOTHUB_CLIENT_CONFIRMATION_OK"
24559,10406043553,10406043595,1,"IOTHUB_CLIENT_CONFIRMATION_OK"
24560,10406043753,10406043801,1,"IOTHUB_CLIENT_CONFIRMATION_OK"
24561,10406043954,10406043997,1,"IOTHUB_CLIENT_CONFIRMATION_OK"
24562,10406044154,10406044266,1,"IOTHUB_CLIENT_CONFIRMATION_OK"
24563,10406044354,10406044403,1,"IOTHUB_CLIENT_CONFIRMATION_OK"
24564,10406044554,10406044592,1,"IOTHUB_CLIENT_CONFIRMATION_OK"
24565,10406044754,10406044795,1,"IOTHUB_CLIENT_CONFIRMATION_OK"
24566,10406044954,10406045015,1,"IOTHUB_CLIENT_CONFIRMATION_OK"
24567,10406045154,10406045194,1,"IOTHUB_CLIENT_CONFIRMATION_OK"
24568,10406045355,10406045430,1,"IOTHUB_CLIENT_CONFIRMATION_OK"
24569,10406045555,10406045595,1,"IOTHUB_CLIENT_CONFIRMATION_OK"
24570,10406045755,10406045799,1,"IOTHUB_CLIENT_CONFIRMATION_OK"
24571,10406045955,10406046024,1,"IOTHUB_CLIENT_CONFIRMATION_OK"
24572,10406046155,10406046192,1,"IOTHUB_CLIENT_CONFIRMATION_OK"
24573,10406046356,10406046395,1,"IOTHUB_CLIENT_CONFIRMATION_OK"
24574,10406046556,10406046649,1,"IOTHUB_CLIENT_CONFIRMATION_OK"
24575,10406046756,10406046801,1,"IOTHUB_CLIENT_CONFIRMATION_OK"
24576,10406046956,10406047017,1,"IOTHUB_CLIENT_CONFIRMATION_OK"
24577,10406047156,10406047253,1,"IOTHUB_CLIENT_CONFIRMATION_OK"
24578,10406047356,10406047391,1,"IOTHUB_CLIENT_CONFIRMATION_OK"
24579,10406047557,10406047590,1,"IOTHUB_CLIENT_CONFIRMATION_OK"
24580,10406047757,10406047803,1,"IOTHUB_CLIENT_CONFIRMATION_OK"
24581,10406047957,10406047998,1,"IOTHUB_CLIENT_CONFIRMATION_OK"
24582,10406048157,10406048256,1,"IOTHUB_CLIENT_CONFIRMATION_OK"
24583,10406048357,10406048398,1,"IOTHUB_CLIENT_CONFIRMATION_OK"
24584,10406048557,10406048595,1,"IOTHUB_CLIENT_CONFIRMATION_OK"
24585,10406048758,10406048879,1,"IOTHUB_CLIENT_CONFIRMATION_OK"
24586,10406048958,10406048998,1,"IOTHUB_CLIENT_CONFIRMATION_OK"
24587,10406049158,10406049193,1,"IOTHUB_CLIENT_CONFIRMATION_OK"
24588,10406049358,10406049392,1,"IOTHUB_CLIENT_CONFIRMATION_OK"
24589,10406049558,10406049596,1,"IOTHUB_CLIENT_CONFIRMATION_OK"
24590,10406049758,10406049864,1,"IOTHUB_CLIENT_CONFIRMATION_OK"
24591,10406049959,10406050002,1,"IOTHUB_CLIENT_CONFIRMATION_OK"
24592,10406050159,10406050201,1,"IOTHUB_CLIENT_CONFIRMATION_OK"
24593,10406050359,10406050397,1,"IOTHUB_CLIENT_CONFIRMATION_OK"
24594,10406050559,10406050611,1,"IOTHUB_CLIENT_CONFIRMATION_OK"
24595,10406050759,10406050842,1,"IOTHUB_CLIENT_CONFIRMATION_OK"
24596,10406050959,10406051001,1,"IOTHUB_CLIENT_CONFIRMATION_OK"
24597,10406051159,10406051200,1,"IOTHUB_CLIENT_CONFIRMATION_OK"
24598,10406051360,10406051411,1,"IOTHUB_CLIENT_CONFIRMATION_OK"
24599,10406051560,10406051602,1,"IOTHUB_CLIENT_CONFIRMATION_OK"
24600,10406051760,10406051825,1,"IOTHUB_CLIENT_CONFIRMATION_OK"
24601,10406051960,10406052006,1,"IOTHUB_CLIENT_CONFIRMATION_OK"
24602,10406052160,10406052276,1,"IOTHUB_CLIENT_CONFIRMATION_OK"
24603,10406052360,10406052410,1,"IOTHUB_CLIENT_CONFIRMATION_OK"
24604,10406052561,10406052602,1,"IOTHUB_CLIENT_CONFIRMATION_OK"
24605,10406052761,10406052849,1,"IOTHUB_CLIENT_CONFIRMATION_OK"
24606,10406052961,10406052999,1,"IOTHUB_CLIENT_CONFIRMATION_OK"
24607,10406053161,10406053226,1,"IOTHUB_CLIENT_CONFIRMATION_OK"
24608,10406053361,10406053442,1,"IOTHUB_CLIENT_CONFIRMATION_OK"
24609,10406053561,10406053644,1,"IOTHUB_CLIENT_CONFIRMATION_OK"
24610,10406053762,10406053861,1,"IOTHUB_CLIENT_CONFIRMATION_OK"
24611,10406053962,10406054107,1,"IOTHUB_CLIENT_CONFIRMATION_OK"
24612,10406054162,10406054199,1,"IOTHUB_CLIENT_CONFIRMATION_OK"
24613,10406054362,10406054538,1,"IOTHUB_CLIENT_CONFIRMATION_OK"
24614,10406054562,10406054611,1,"IOTHUB_CLIENT_CONFIRMATION_OK"
24615,10406054762,10406054804,1,"IOTHUB_CLIENT_CONFIRMATION_OK"
24616,10406054962,10406055004,1,"IOTHUB_CLIENT_CONFIRMATION_OK"
24617,10406055163,10406055204,1,"IOTHUB_CLIENT_CONFIRMATION_OK"
24618,10406055363,10406055449,1,"IOTHUB_CLIENT_CONFIRMATION_OK"
24619,10406055563,10406055618,1,"IOTHUB_CLIENT_CONFIRMATION_OK"
24620,10406055763,10406055820,1,"IOTHUB_CLIENT_CONFIRMATION_OK"
24621,10406055963,10406055999,1,"IOTHUB_CLIENT_CONFIRMATION_OK"
24622,10406056163,10406056206,1,"IOTHUB_CLIENT_CONFIRMATION_OK"
24623,10406056363,10406056405,1,"IOTHUB_CLIENT_CONFIRMATION_OK"
24624,10406056564,10406056613,1,"IOTHUB_CLIENT_CONFIRMATION_OK"
24625,10406056764,10406056799,1,"IOTHUB_CLIENT_CONFIRMATION_OK"
24626,10406056964,10406056998,1,"IOTHUB_CLIENT_CONFIRMATION_OK"
24627,10406057164,10406057209,1,"IOTHUB_CLIENT_CONFIRMATION_OK"
24628,10406057364,10406057428,1,"IOTHUB_CLIENT_CONFIRMATION_OK"
24629,10406057564,10406057600,1,"IOTHUB_CLIENT_CONFIRMATION_OK"
24630,10406057765,10406057833,1,"IOTHUB_CLIENT_CONFIRMATION_OK"
24631,10406057965,10406057999,1,"IOTHUB_CLIENT_CONFIRMATION_OK"
24632,10406058165,10406058202,1,"IOTHUB_CLIENT_CONFIRMATION_OK"
24633,10406058365,10406058403,1,"IOTHUB_CLIENT_CONFIRMATION_OK"
24634,10406058565,10406058627,1,"IOTHUB_CLIENT_CONFIRMATION_OK"
24635,10406058765,10406058878,1,"IOTHUB_CLIENT_CONFIRMATION_OK"
24636,10406058966,10406059021,1,"IOTHUB_CLIENT_CONFIRMATION_OK"
24637,10406059166,10406059206,1,"IOTHUB_CLIENT_CONFIRMATION_OK"
24638,10406059366,10406059405,1,"IOTHUB_CLIENT_CONFIRMATION_OK"
24639,10406059566,10406059630,1,"IOTHUB_CLIENT_CONFIRMATION_OK"
24640,10406059766,10406059833,1,"IOTHUB_CLIENT_CONFIRMATION_OK"
24641,10406059966,10406060007,1,"IOTHUB_CLIENT_CONFIRMATION_OK"
24642,10406060166,10406060213,1,"IOTHUB_CLIENT_CONFIRMATION_OK"
24643,10406060367,10406060404,1,"IOTHUB_CLIENT_CONFIRMATION_OK"
24644,10406060567,10406060686,1,"IOTHUB_CLIENT_CONFIRMATION_OK"
24645,10406060767,10406060801,1,"IOTHUB_CLIENT_CONFIRMATION_OK"
24646,10406060967,10406061019,1,"IOTHUB_CLIENT_CONFIRMATION_OK"
24647,10406061167,10406061207,1,"IOTHUB_CLIENT_CONFIRMATION_OK"
24648,10406061367,10406061409,1,"IOTHUB_CLIENT_CONFIRMATION_OK"
24649,10406061568,10406061629,1,"IOTHUB_CLIENT_CONFIRMATION_OK"
24650,10406061768,10406061805,1,"IOTHUB_CLIENT_CONFIRMATION_OK"
24651,10406061968,10406062009,1,"IOTHUB_CLIENT_CONFIRMATION_OK"
24652,10406062168,10406062216,1,"IOTHUB_CLIENT_CONFIRMATION_OK"
24653,10406062368,10406062584,1,"IOTHUB_CLIENT_CONFIRMATION_OK"
24654,10406062568,10406062619,1,"IOTHUB_CLIENT_CONFIRMATION_OK"
24655,10406062769,10406062803,1,"IOTHUB_CLIENT_CONFIRMATION_OK"
24656,10406062969,10406063065,1,"IOTHUB_CLIENT_CONFIRMATION_OK"
24657,10406063169,10406063211,1,"IOTHUB_CLIENT_CONFIRMATION_OK"
24658,10406063369,10406063492,1,"IOTHUB_CLIENT_CONFIRMATION_OK"
24659,10406063569,10406063601,1,"IOTHUB_CLIENT_CONFIRMATION_OK"
24660,10406063769,10406063819,1,"IOTHUB_CLIENT_CONFIRMATION_OK"
24661,10406063969,10406064023,1,"IOTHUB_CLIENT_CONFIRMATION_OK"
24662,10406064170,10406064207,1,"IOTHUB_CLIENT_CONFIRMATION_OK"
24663,10406064370,10406064439,1,"IOTHUB_CLIENT_CONFIRMATION_OK"
24664,10406064570,10406064612,1,"IOTHUB_CLIENT_CONFIRMATION_OK"
24665,10406064770,10406064806,1,"IOTHUB_CLIENT_CONFIRMATION_OK"
24666,10406064970,10406065011,1,"IOTHUB_CLIENT_CONFIRMATION_OK"
24667,10406065170,10406065207,1,"IOTHUB_CLIENT_CONFIRMATION_OK"
24668,10406065371,10406065418,1,"IOTHUB_CLIENT_CONFIRMATION_OK"
24669,10406065571,10406065737,1,"IOTHUB_CLIENT_CONFIRMATION_OK"
24670,10406065771,10406065828,1,"IOTHUB_CLIENT_CONFIRMATION_OK"
24671,10406065971,10406066011,1,"IOTHUB_CLIENT_CONFIRMATION_OK"
24672,10406066171,10406066213,1,"IOTHUB_CLIENT_CONFIRMATION_OK"
24673,10406066371,10406066414,1,"IOTHUB_CLIENT_CONFIRMATION_OK"
24674,10406066572,10406066614,1,"IOTHUB_CLIENT_CONFIRMATION_OK"
24675,10406066772,10406066826,1,"IOTHUB_CLIENT_CONFIRMATION_OK"
24676,10406066972,10406067015,1,"IOTHUB_CLIENT_CONFIRMATION_OK"
24677,10406067172,10406067225,1,"IOTHUB_CLIENT_CONFIRMATION_OK"
24678,10406067372,10406067415,1,"IOTHUB_CLIENT_CONFIRMATION_OK"
24679,10406067572,10406067608,1,"IOTHUB_CLIENT_CONFIRMATION_OK"
24680,10406067772,10406067853,1,"IOTHUB_CLIENT_CONFIRMATION_OK"
24681,10406067973,10406068039,1,"IOTHUB_CLIENT_CONFIRMATION_OK"
24682,10406068173,10406068212,1,"IOTHUB_CLIENT_CONFIRMATION_OK"
24683,10406068373,10406068462,1,"IOTHUB_CLIENT_CONFIRMATION_OK"
24684,10406068573,10406068620,1,"IOTHUB_CLIENT_CONFIRMATION_OK"
24685,10406068773,10406068829,1,"IOTHUB_CLIENT_CONFIRMATION_OK"
24686,10406068973,10406069109,1,"IOTHUB_CLIENT_CONFIRMATION_OK"
24687,10406069174,10406069208,1,"IOTHUB_CLIENT_CONFIRMATION_OK"
24688,10406069374,10406069427,1,"IOTHUB_CLIENT_CONFIRMATION_OK"
24689,10406069574,10406069647,1,"IOTHUB_CLIENT_CONFIRMATION_OK"
24690,10406069774,10406069820,1,"IOTHUB_CLIENT_CONFIRMATION_OK"
24691,10406069974,10406070018,1,"IOTHUB_CLIENT_CONFIRMATION_OK"
24692,10406070174,10406070214,1,"IOTHUB_CLIENT_CONFIRMATION_OK"
24693,10406070374,10406070417,1,"IOTHUB_CLIENT_CONFIRMATION_OK"
24694,10406070575,10406070617,1,"IOTHUB_CLIENT_CONFIRMATION_OK"
24695,10406070775,10406070866,1,"IOTHUB_CLIENT_CONFIRMATION_OK"
24696,10406070975,10406071016,1,"IOTHUB_CLIENT_CONFIRMATION_OK"
24697,10406071175,10406071364,1,"IOTHUB_CLIENT_CONFIRMATION_OK"
24698,10406071375,10406071431,1,"IOTHUB_CLIENT_CONFIRMATION_OK"
24699,10406071575,10406071629,1,"IOTHUB_CLIENT_CONFIRMATION_OK"
24700,10406071776,10406071850,1,"IOTHUB_CLIENT_CONFIRMATION_OK"
24701,10406071976,10406072015,1,"IOTHUB_CLIENT_CONFIRMATION_OK"
24702,10406072176,10406072234,1,"IOTHUB_CLIENT_CONFIRMATION_OK"
24703,10406072376,10406072416,1,"IOTHUB_CLIENT_CONFIRMATION_OK"
24704,10406072576,10406072618,1,"IOTHUB_CLIENT_CONFIRMATION_OK"
24705,10406072776,10406072837,1,"IOTHUB_CLIENT_CONFIRMATION_OK"
24706,10406072977,10406073024,1,"IOTHUB_CLIENT_CONFIRMATION_OK"
24707,10406073177,10406073214,1,"IOTHUB_CLIENT_CONFIRMATION_OK"
24708,10406073377,10406073421,1,"IOTHUB_CLIENT_CONFIRMATION_OK"
24709,10406073577,10406073649,1,"IOTHUB_CLIENT_CONFIRMATION_OK"
24710,10406073777,10406073833,1,"IOTHUB_CLIENT_CONFIRMATION_OK"
24711,10406073977,10406074018,1,"IOTHUB_CLIENT_CONFIRMATION_OK"
24712,10406074177,10406074246,1,"IOTHUB_CLIENT_CONFIRMATION_OK"
24713,10406074378,10406074417,1,"IOTHUB_CLIENT_CONFIRMATION_OK"
24714,10406074578,10406074626,1,"IOTHUB_CLIENT_CONFIRMATION_OK"
24715,10406074778,10406074823,1,"IOTHUB_CLIENT_CONFIRMATION_OK"
24716,10406074978,10406075020,1,"IOTHUB_CLIENT_CONFIRMATION_OK"
24717,10406075178,10406075243,1,"IOTHUB_CLIENT_CONFIRMATION_OK"
24718,10406075378,10406075450,1,"IOTHUB_CLIENT_CONFIRMATION_OK"
24719,10406075579,10406075613,1,"IOTHUB_CLIENT_CONFIRMATION_OK"
24720,10406075779,10406075855,1,"IOTHUB_CLIENT_CONFIRMATION_OK"
24721,10406075979,10406076012,1,"IOTHUB_CLIENT_CONFIRMATION_OK"
24722,10406076179,10406076228,1,"IOTHUB_CLIENT_CONFIRMATION_OK"
24723,10406076379,10406076470,1,"IOTHUB_CLIENT_CONFIRMATION_OK"
24724,10406076579,10406076623,1,"IOTHUB_CLIENT_CONFIRMATION_OK"
24725,10406076780,10406076857,1,"IOTHUB_CLIENT_CONFIRMATION_OK"
24726,10406076980,10406077023,1,"IOTHUB_CLIENT_CONFIRMATION_OK"
24727,10406077180,10406077225,1,"IOTHUB_CLIENT_CONFIRMATION_OK"
24728,10406077380,10406077494,1,"IOTHUB_CLIENT_CONFIRMATION_OK"
24729,10406077580,10406077658,1,"IOTHUB_CLIENT_CONFIRMATION_OK"
24730,10406077780,10406077828,1,"IOTHUB_CLIENT_CONFIRMATION_OK"
24731,10406077981,10406078081,1,"IOTHUB_CLIENT_CONFIRMATION_OK"
24732,10406078181,10406078215,1,"IOTHUB_CLIENT_CONFIRMATION_OK"
24733,10406078381,10406078426,1,"IOTHUB_CLIENT_CONFIRMATION_OK"
24734,10406078581,10406078694,1,"IOTHUB_CLIENT_CONFIRMATION_OK"
24735,10406078781,10406078821,1,"IOTHUB_CLIENT_CONFIRMATION_OK"
24736,10406078981,10406079021,1,"IOTHUB_CLIENT_CONFIRMATION_OK"
24737,10406079182,10406079228,1,"IOTHUB_CLIENT_CONFIRMATION_OK"
24738,10406079382,10406079426,1,"IOTHUB_CLIENT_CONFIRMATION_OK"
24739,10406079582,10406079689,1,"IOTHUB_CLIENT_CONFIRMATION_OK"
24740,10406079782,10406079839,1,"IOTHUB_CLIENT_CONFIRMATION_OK"
24741,10406079982,10406080037,1,"IOTHUB_CLIENT_CONFIRMATION_OK"
24742,10406080182,10406080307,1,"IOTHUB_CLIENT_CONFIRMATION_OK"
24743,10406080383,10406080420,1,"IOTHUB_CLIENT_CONFIRMATION_OK"
24744,10406080583,10406080626,1,"IOTHUB_CLIENT_CONFIRMATION_OK"
24745,10406080783,10406080926,1,"IOTHUB_CLIENT_CONFIRMATION_OK"
24746,10406080983,10406081024,1,"IOTHUB_CLIENT_CONFIRMATION_OK"
24747,10406081183,10406081249,1,"IOTHUB_CLIENT_CONFIRMATION_OK"
24748,10406081383,10406081423,1,"IOTHUB_CLIENT_CONFIRMATION_OK"
24749,10406081584,10406081629,1,"IOTHUB_CLIENT_CONFIRMATION_OK"
24750,10406081784,10406081849,1,"IOTHUB_CLIENT_CONFIRMATION_OK"
24751,10406081984,10406082026,1,"IOTHUB_CLIENT_CONFIRMATION_OK"
24752,10406082184,10406082231,1,"IOTHUB_CLIENT_CONFIRMATION_OK"
24753,10406082384,10406082541,1,"IOTHUB_CLIENT_CONFIRMATION_OK"
24754,10406082584,10406082617,1,"IOTHUB_CLIENT_CONFIRMATION_OK"
24755,10406082785,10406082819,1,"IOTHUB_CLIENT_CONFIRMATION_OK"
24756,10406082985,10406083148,1,"IOTHUB_CLIENT_CONFIRMATION_OK"
24757,10406083185,10406083254,1,"IOTHUB_CLIENT_CONFIRMATION_OK"
24758,10406083385,10406083422,1,"IOTHUB_CLIENT_CONFIRMATION_OK"
24759,10406083585,10406083622,1,"IOTHUB_CLIENT_CONFIRMATION_OK"
24760,10406083785,10406083835,1,"IOTHUB_CLIENT_CONFIRMATION_OK"
24761,10406083985,10406084028,1,"IOTHUB_CLIENT_CONFIRMATION_OK"
24762,10406084186,10406084235,1,"IOTHUB_CLIENT_CONFIRMATION_OK"
24763,10406084386,10406084429,1,"IOTHUB_CLIENT_CONFIRMATION_OK"
24764,10406084586,10406084635,1,"IOTHUB_CLIENT_CONFIRMATION_OK"
24765,10406084786,10406084832,1,"IOTHUB_CLIENT_CONFIRMATION_OK"
24766,10406084986,10406085018,1,"IOTHUB_CLIENT_CONFIRMATION_OK"
24767,10406085186,10406085400,1,"IOTHUB_CLIENT_CONFIRMATION_OK"
24768,10406085387,10406085432,1,"IOTHUB_CLIENT_CONFIRMATION_OK"
24769,10406085587,10406085632,1,"IOTHUB_CLIENT_CONFIRMATION_OK"
24770,10406085787,10406085829,1,"IOTHUB_CLIENT_CONFIRMATION_OK"
24771,10406085987,10406086028,1,"IOTHUB_CLIENT_CONFIRMATION_OK"
24772,10406086187,10406086277,1,"IOTHUB_CLIENT_CONFIRMATION_OK"
24773,10406086387,10406086452,1,"IOTHUB_CLIENT_CONFIRMATION_OK"
24774,10406086588,10406086633,1,"IOTHUB_CLIENT_CONFIRMATION_OK"
24775,10406086788,10406086825,1,"IOTHUB_CLIENT_CONFIRMATION_OK"
24776,10406086988,10406087088,1,"IOTHUB_CLIENT_CONFIRMATION_OK"
24777,10406087188,10406087229,1,"IOTHUB_CLIENT_CONFIRMATION_OK"
24778,10406087388,10406087417,1,"IOTHUB_CLIENT_CONFIRMATION_OK"
24779,10406087588,10406087631,1,"IOTHUB_CLIENT_CONFIRMATION_OK"
24780,10406087789,10406087823,1,"IOTHUB_CLIENT_CONFIRMATION_OK"
24781,10406087989,10406088028,1,"IOTHUB_CLIENT_CONFIRMATION_OK"
24782,10406088189,10406088223,1,"IOTHUB_CLIENT_CONFIRMATION_OK"
24783,10406088389,10406088444,1,"IOTHUB_CLIENT_CONFIRMATION_OK"
24784,10406088589,10406088781,1,"IOTHUB_CLIENT_CONFIRMATION_OK"
24785,10406088789,10406088843,1,"IOTHUB_CLIENT_CONFIRMATION_OK"
24786,10406088990,10406089032,1,"IOTHUB_CLIENT_CONFIRMATION_OK"
24787,10406089190,10406089345,1,"IOTHUB_CLIENT_CONFIRMATION_OK"
24788,10406089390,10406089431,1,"IOTHUB_CLIENT_CONFIRMATION_OK"
24789,10406089590,10406089633,1,"IOTHUB_CLIENT_CONFIRMATION_OK"
24790,10406089790,10406089825,1,"IOTHUB_CLIENT_CONFIRMATION_OK"
24791,10406089990,10406090082,1,"IOTHUB_CLIENT_CONFIRMATION_OK"
24792,10406090191,10406090225,1,"IOTHUB_CLIENT_CONFIRMATION_OK"
24793,10406090391,10406090433,1,"IOTHUB_CLIENT_CONFIRMATION_OK"
24794,10406090591,10406090627,1,"IOTHUB_CLIENT_CONFIRMATION_OK"
24795,10406090791,10406090836,1,"IOTHUB_CLIENT_CONFIRMATION_OK"
24796,10406090991,10406091034,1,"IOTHUB_CLIENT_CONFIRMATION_OK"
24797,10406091191,10406091225,1,"IOTHUB_CLIENT_CONFIRMATION_OK"
24798,10406091391,10406091580,1,"IOTHUB_CLIENT_CONFIRMATION_OK"
24799,10406091592,10406091630,1,"IOTHUB_CLIENT_CONFIRMATION_OK"
24800,10406091792,10406091833,1,"IOTHUB_CLIENT_CONFIRMATION_OK"
24801,10406091992,10406092033,1,"IOTHUB_CLIENT_CONFIRMATION_OK"
24802,10406092192,10406092225,1,"IOTHUB_CLIENT_CONFIRMATION_OK"
24803,10406092392,10406092432,1,"IOTHUB_CLIENT_CONFIRMATION_OK"
24804,10406092592,10406092630,1,"IOTHUB_CLIENT_CONFIRMATION_OK"
24805,10406092793,10406092847,1,"IOTHUB_CLIENT_CONFIRMATION_OK"
24806,10406092993,10406093050,1,"IOTHUB_CLIENT_CONFIRMATION_OK"
24807,10406093193,10406093230,1,"IOTHUB_CLIENT_CONFIRMATION_OK"
24808,10406093393,10406093432,1,"IOTHUB_CLIENT_CONFIRMATION_OK"
24809,10406093593,10406093635,1,"IOTHUB_CLIENT_CONFIRMATION_OK"
24810,10406093793,10406094164,1,"IOTHUB_CLIENT_CONFIRMATION_OK"
24811,10406093993,10406094536,1,"IOTHUB_CLIENT_CONFIRMATION_OK"
24812,10406094194,10406094617,1,"IOTHUB_CLIENT_CONFIRMATION_OK"
24813,10406094394,10406094711,1,"IOTHUB_CLIENT_CONFIRMATION_OK"
24814,10406094594,10406094775,1,"IOTHUB_CLIENT_CONFIRMATION_OK"
24815,10406094794,10406094850,1,"IOTHUB_CLIENT_CONFIRMATION_OK"
24816,10406094994,10406095030,1,"IOTHUB_CLIENT_CONFIRMATION_OK"
24817,10406095194,10406095239,1,"IOTHUB_CLIENT_CONFIRMATION_OK"
24818,10406095395,10406095450,1,"IOTHUB_CLIENT_CONFIRMATION_OK"
24819,10406095595,10406095640,1,"IOTHUB_CLIENT_CONFIRMATION_OK"
24820,10406095795,10406095839,1,"IOTHUB_CLIENT_CONFIRMATION_OK"
24821,10406095995,10406096043,1,"IOTHUB_CLIENT_CONFIRMATION_OK"
24822,10406096195,10406096231,1,"IOTHUB_CLIENT_CONFIRMATION_OK"
24823,10406096395,10406096441,1,"IOTHUB_CLIENT_CONFIRMATION_OK"
24824,10406096595,10406096633,1,"IOTHUB_CLIENT_CONFIRMATION_OK"
24825,10406096796,10406096838,1,"IOTHUB_CLIENT_CONFIRMATION_OK"
24826,10406096996,10406097077,1,"IOTHUB_CLIENT_CONFIRMATION_OK"
24827,10406097196,10406097241,1,"IOTHUB_CLIENT_CONFIRMATION_OK"
24828,10406097396,10406097443,1,"IOTHUB_CLIENT_CONFIRMATION_OK"
24829,10406097596,10406097760,1,"IOTHUB_CLIENT_CONFIRMATION_OK"
24830,10406097796,10406097856,1,"IOTHUB_CLIENT_CONFIRMATION_OK"
24831,10406097997,10406098037,1,"IOTHUB_CLIENT_CONFIRMATION_OK"
24832,10406098197,10406098236,1,"IOTHUB_CLIENT_CONFIRMATION_OK"
24833,10406098397,10406098430,1,"IOTHUB_CLIENT_CONFIRMATION_OK"
24834,10406098597,10406098649,1,"IOTHUB_CLIENT_CONFIRMATION_OK"
24835,10406098797,10406098850,1,"IOTHUB_CLIENT_CONFIRMATION_OK"
24836,10406098997,10406099038,1,"IOTHUB_CLIENT_CONFIRMATION_OK"
24837,10406099198,10406099246,1,"IOTHUB_CLIENT_CONFIRMATION_OK"
24838,10406099398,10406099436,1,"IOTHUB_CLIENT_CONFIRMATION_OK"
24839,10406099598,10406099634,1,"IOTHUB_CLIENT_CONFIRMATION_OK"
24840,10406099798,10406099983,1,"IOTHUB_CLIENT_CONFIRMATION_OK"
24841,10406099998,10406100036,1,"IOTHUB_CLIENT_CONFIRMATION_OK"
24842,10406100198,10406100232,1,"IOTHUB_CLIENT_CONFIRMATION_OK"
24843,10406100399,10406100444,1,"IOTHUB_CLIENT_CONFIRMATION_OK"
24844,10406100599,10406100636,1,"IOTHUB_CLIENT_CONFIRMATION_OK"
24845,10406100799,10406100857,1,"IOTHUB_CLIENT_CONFIRMATION_OK"
24846,10406100999,10406101036,1,"IOTHUB_CLIENT_CONFIRMATION_OK"
24847,10406101199,10406101241,1,"IOTHUB_CLIENT_CONFIRMATION_OK"
24848,10406101399,10406101435,1,"IOTHUB_CLIENT_CONFIRMATION_OK"
24849,10406101600,10406101663,1,"IOTHUB_CLIENT_CONFIRMATION_OK"
24850,10406101800,10406101910,1,"IOTHUB_CLIENT_CONFIRMATION_OK"
24851,10406102000,10406102048,1,"IOTHUB_CLIENT_CONFIRMATION_OK"
24852,10406102200,10406102235,1,"IOTHUB_CLIENT_CONFIRMATION_OK"
24853,10406102400,10406102439,1,"IOTHUB_CLIENT_CONFIRMATION_OK"
24854,10406102600,10406102645,1,"IOTHUB_CLIENT_CONFIRMATION_OK"
24855,10406102801,10406102848,1,"IOTHUB_CLIENT_CONFIRMATION_OK"
24856,10406103001,10406103043,1,"IOTHUB_CLIENT_CONFIRMATION_OK"
24857,10406103201,10406103240,1,"IOTHUB_CLIENT_CONFIRMATION_OK"
24858,10406103401,10406103447,1,"IOTHUB_CLIENT_CONFIRMATION_OK"
24859,10406103601,10406103647,1,"IOTHUB_CLIENT_CONFIRMATION_OK"
24860,10406103801,10406103860,1,"IOTHUB_CLIENT_CONFIRMATION_OK"
24861,10406104002,10406104046,1,"IOTHUB_CLIENT_CONFIRMATION_OK"
24862,10406104202,10406104241,1,"IOTHUB_CLIENT_CONFIRMATION_OK"
24863,10406104402,10406104451,1,"IOTHUB_CLIENT_CONFIRMATION_OK"
24864,10406104602,10406104643,1,"IOTHUB_CLIENT_CONFIRMATION_OK"
24865,10406104802,10406104843,1,"IOTHUB_CLIENT_CONFIRMATION_OK"
24866,10406105002,10406105043,1,"IOTHUB_CLIENT_CONFIRMATION_OK"
24867,10406105202,10406105241,1,"IOTHUB_CLIENT_CONFIRMATION_OK"
24868,10406105403,10406105470,1,"IOTHUB_CLIENT_CONFIRMATION_OK"
24869,10406105603,10406105646,1,"IOTHUB_CLIENT_CONFIRMATION_OK"
24870,10406105803,10406105849,1,"IOTHUB_CLIENT_CONFIRMATION_OK"
24871,10406106003,10406106079,1,"IOTHUB_CLIENT_CONFIRMATION_OK"
24872,10406106203,10406106239,1,"IOTHUB_CLIENT_CONFIRMATION_OK"
24873,10406106404,10406106453,1,"IOTHUB_CLIENT_CONFIRMATION_OK"
24874,10406106604,10406106643,1,"IOTHUB_CLIENT_CONFIRMATION_OK"
24875,10406106804,10406106864,1,"IOTHUB_CLIENT_CONFIRMATION_OK"
24876,10406107004,10406107041,1,"IOTHUB_CLIENT_CONFIRMATION_OK"
24877,10406107204,10406107238,1,"IOTHUB_CLIENT_CONFIRMATION_OK"
24878,10406107404,10406107438,1,"IOTHUB_CLIENT_CONFIRMATION_OK"
24879,10406107605,10406107657,1,"IOTHUB_CLIENT_CONFIRMATION_OK"
24880,10406107805,10406107851,1,"IOTHUB_CLIENT_CONFIRMATION_OK"
24881,10406108005,10406108039,1,"IOTHUB_CLIENT_CONFIRMATION_OK"
24882,10406108205,10406108239,1,"IOTHUB_CLIENT_CONFIRMATION_OK"
24883,10406108405,10406108458,1,"IOTHUB_CLIENT_CONFIRMATION_OK"
24884,10406108605,10406108649,1,"IOTHUB_CLIENT_CONFIRMATION_OK"
24885,10406108805,10406108870,1,"IOTHUB_CLIENT_CONFIRMATION_OK"
24886,10406109006,10406109040,1,"IOTHUB_CLIENT_CONFIRMATION_OK"
24887,10406109206,10406109254,1,"IOTHUB_CLIENT_CONFIRMATION_OK"
24888,10406109406,10406109449,1,"IOTHUB_CLIENT_CONFIRMATION_OK"
24889,10406109606,10406109644,1,"IOTHUB_CLIENT_CONFIRMATION_OK"
24890,10406109806,10406109869,1,"IOTHUB_CLIENT_CONFIRMATION_OK"
24891,10406110006,10406110080,1,"IOTHUB_CLIENT_CONFIRMATION_OK"
24892,10406110207,10406110241,1,"IOTHUB_CLIENT_CONFIRMATION_OK"
24893,10406110407,10406110477,1,"IOTHUB_CLIENT_CONFIRMATION_OK"
24894,10406110607,10406110650,1,"IOTHUB_CLIENT_CONFIRMATION_OK"
24895,10406110807,10406110877,1,"IOTHUB_CLIENT_CONFIRMATION_OK"
24896,10406111007,10406111089,1,"IOTHUB_CLIENT_CONFIRMATION_OK"
24897,10406111207,10406111248,1,"IOTHUB_CLIENT_CONFIRMATION_OK"
24898,10406111408,10406111445,1,"IOTHUB_CLIENT_CONFIRMATION_OK"
24899,10406111608,10406111717,1,"IOTHUB_CLIENT_CONFIRMATION_OK"
24900,10406111808,10406111847,1,"IOTHUB_CLIENT_CONFIRMATION_OK"
24901,10406112008,10406112045,1,"IOTHUB_CLIENT_CONFIRMATION_OK"
24902,10406112208,10406112314,1,"IOTHUB_CLIENT_CONFIRMATION_OK"
24903,10406112408,10406112468,1,"IOTHUB_CLIENT_CONFIRMATION_OK"
24904,10406112608,10406112650,1,"IOTHUB_CLIENT_CONFIRMATION_OK"
24905,10406112809,10406112938,1,"IOTHUB_CLIENT_CONFIRMATION_OK"
24906,10406113009,10406113050,1,"IOTHUB_CLIENT_CONFIRMATION_OK"
24907,10406113209,10406113247,1,"IOTHUB_CLIENT_CONFIRMATION_OK"
24908,10406113409,10406113451,1,"IOTHUB_CLIENT_CONFIRMATION_OK"
24909,10406113609,10406113655,1,"IOTHUB_CLIENT_CONFIRMATION_OK"
24910,10406113809,10406113940,1,"IOTHUB_CLIENT_CONFIRMATION_OK"
24911,10406114010,10406114055,1,"IOTHUB_CLIENT_CONFIRMATION_OK"
24912,10406114210,10406114255,1,"IOTHUB_CLIENT_CONFIRMATION_OK"
24913,10406114410,10406114554,1,"IOTHUB_CLIENT_CONFIRMATION_OK"
24914,10406114610,10406114645,1,"IOTHUB_CLIENT_CONFIRMATION_OK"
24915,10406114810,10406114861,1,"IOTHUB_CLIENT_CONFIRMATION_OK"
24916,10406115010,10406115161,1,"IOTHUB_CLIENT_CONFIRMATION_OK"
24917,10406115211,10406115256,1,"IOTHUB_CLIENT_CONFIRMATION_OK"
24918,10406115411,10406115510,1,"IOTHUB_CLIENT_CONFIRMATION_OK"
24919,10406115611,10406115659,1,"IOTHUB_CLIENT_CONFIRMATION_OK"
24920,10406115811,10406115850,1,"IOTHUB_CLIENT_CONFIRMATION_OK"
24921,10406116011,10406116048,1,"IOTHUB_CLIENT_CONFIRMATION_OK"
24922,10406116211,10406116246,1,"IOTHUB_CLIENT_CONFIRMATION_OK"
24923,10406116412,10406116460,1,"IOTHUB_CLIENT_CONFIRMATION_OK"
24924,10406116612,10406116655,1,"IOTHUB_CLIENT_CONFIRMATION_OK"
24925,10406116812,10406116867,1,"IOTHUB_CLIENT_CONFIRMATION_OK"
24926,10406117012,10406117055,1,"IOTHUB_CLIENT_CONFIRMATION_OK"
24927,10406117212,10406117392,1,"IOTHUB_CLIENT_CONFIRMATION_OK"
24928,10406117412,10406117448,1,"IOTHUB_CLIENT_CONFIRMATION_OK"
24929,10406117613,10406117669,1,"IOTHUB_CLIENT_CONFIRMATION_OK"
24930,10406117813,10406117850,1,"IOTHUB_CLIENT_CONFIRMATION_OK"
24931,10406118013,10406118056,1,"IOTHUB_CLIENT_CONFIRMATION_OK"
24932,10406118213,10406118257,1,"IOTHUB_CLIENT_CONFIRMATION_OK"
24933,10406118413,10406118455,1,"IOTHUB_CLIENT_CONFIRMATION_OK"
24934,10406118613,10406118666,1,"IOTHUB_CLIENT_CONFIRMATION_OK"
24935,10406118814,10406118852,1,"IOTHUB_CLIENT_CONFIRMATION_OK"
24936,10406119014,10406119066,1,"IOTHUB_CLIENT_CONFIRMATION_OK"
24937,10406119214,10406119255,1,"IOTHUB_CLIENT_CONFIRMATION_OK"
24938,10406119414,10406119453,1,"IOTHUB_CLIENT_CONFIRMATION_OK"
24939,10406119614,10406119652,1,"IOTHUB_CLIENT_CONFIRMATION_OK"
24940,10406119814,10406119854,1,"IOTHUB_CLIENT_CONFIRMATION_OK"
24941,10406120015,10406120121,1,"IOTHUB_CLIENT_CONFIRMATION_OK"
24942,10406120215,10406120262,1,"IOTHUB_CLIENT_CONFIRMATION_OK"
24943,10406120415,10406120457,1,"IOTHUB_CLIENT_CONFIRMATION_OK"
24944,10406120615,10406120724,1,"IOTHUB_CLIENT_CONFIRMATION_OK"
24945,10406120815,10406120853,1,"IOTHUB_CLIENT_CONFIRMATION_OK"
24946,10406121015,10406121051,1,"IOTHUB_CLIENT_CONFIRMATION_OK"
24947,10406121216,10406121255,1,"IOTHUB_CLIENT_CONFIRMATION_OK"
24948,10406121416,10406121452,1,"IOTHUB_CLIENT_CONFIRMATION_OK"
24949,10406121616,10406121653,1,"IOTHUB_CLIENT_CONFIRMATION_OK"
24950,10406121816,10406121862,1,"IOTHUB_CLIENT_CONFIRMATION_OK"
24951,10406122016,10406122056,1,"IOTHUB_CLIENT_CONFIRMATION_OK"
24952,10406122216,10406122274,1,"IOTHUB_CLIENT_CONFIRMATION_OK"
24953,10406122416,10406122466,1,"IOTHUB_CLIENT_CONFIRMATION_OK"
24954,10406122617,10406122684,1,"IOTHUB_CLIENT_CONFIRMATION_OK"
24955,10406122817,10406122989,1,"IOTHUB_CLIENT_CONFIRMATION_OK"
24956,10406123017,10406123057,1,"IOTHUB_CLIENT_CONFIRMATION_OK"
24957,10406123217,10406123258,1,"IOTHUB_CLIENT_CONFIRMATION_OK"
24958,10406123417,10406123456,1,"IOTHUB_CLIENT_CONFIRMATION_OK"
24959,10406123617,10406123662,1,"IOTHUB_CLIENT_CONFIRMATION_OK"
24960,10406123818,10406123883,1,"IOTHUB_CLIENT_CONFIRMATION_OK"
24961,10406124018,10406124055,1,"IOTHUB_CLIENT_CONFIRMATION_OK"
24962,10406124218,10406124267,1,"IOTHUB_CLIENT_CONFIRMATION_OK"
24963,10406124418,10406124459,1,"IOTHUB_CLIENT_CONFIRMATION_OK"
24964,10406124618,10406124659,1,"IOTHUB_CLIENT_CONFIRMATION_OK"
24965,10406124818,10406124886,1,"IOTHUB_CLIENT_CONFIRMATION_OK"
24966,10406125019,10406125082,1,"IOTHUB_CLIENT_CONFIRMATION_OK"
24967,10406125219,10406125272,1,"IOTHUB_CLIENT_CONFIRMATION_OK"
24968,10406125419,10406125456,1,"IOTHUB_CLIENT_CONFIRMATION_OK"
24969,10406125619,10406125671,1,"IOTHUB_CLIENT_CONFIRMATION_OK"
24970,10406125819,10406125872,1,"IOTHUB_CLIENT_CONFIRMATION_OK"
24971,10406126019,10406126057,1,"IOTHUB_CLIENT_CONFIRMATION_OK"
24972,10406126220,10406126286,1,"IOTHUB_CLIENT_CONFIRMATION_OK"
24973,10406126420,10406126475,1,"IOTHUB_CLIENT_CONFIRMATION_OK"
24974,10406126620,10406126676,1,"IOTHUB_CLIENT_CONFIRMATION_OK"
24975,10406126820,10406126905,1,"IOTHUB_CLIENT_CONFIRMATION_OK"
24976,10406127020,10406127059,1,"IOTHUB_CLIENT_CONFIRMATION_OK"
24977,10406127220,10406127265,1,"IOTHUB_CLIENT_CONFIRMATION_OK"
24978,10406127420,10406127480,1,"IOTHUB_CLIENT_CONFIRMATION_OK"
24979,10406127621,10406127705,1,"IOTHUB_CLIENT_CONFIRMATION_OK"
24980,10406127821,10406127869,1,"IOTHUB_CLIENT_CONFIRMATION_OK"
24981,10406128021,10406128059,1,"IOTHUB_CLIENT_CONFIRMATION_OK"
24982,10406128221,10406128265,1,"IOTHUB_CLIENT_CONFIRMATION_OK"
24983,10406128421,10406128575,1,"IOTHUB_CLIENT_CONFIRMATION_OK"
24984,10406128621,10406128655,1,"IOTHUB_CLIENT_CONFIRMATION_OK"
24985,10406128822,10406128867,1,"IOTHUB_CLIENT_CONFIRMATION_OK"
24986,10406129022,10406129172,1,"IOTHUB_CLIENT_CONFIRMATION_OK"
24987,10406129222,10406129256,1,"IOTHUB_CLIENT_CONFIRMATION_OK"
24988,10406129422,10406129525,1,"IOTHUB_CLIENT_CONFIRMATION_OK"
24989,10406129622,10406129663,1,"IOTHUB_CLIENT_CONFIRMATION_OK"
24990,10406129822,10406129963,1,"IOTHUB_CLIENT_CONFIRMATION_OK"
24991,10406130022,10406130059,1,"IOTHUB_CLIENT_CONFIRMATION_OK"
24992,10406130223,10406130276,1,"IOTHUB_CLIENT_CONFIRMATION_OK"
24993,10406130423,10406130479,1,"IOTHUB_CLIENT_CONFIRMATION_OK"
24994,10406130623,10406130662,1,"IOTHUB_CLIENT_CONFIRMATION_OK"
24995,10406130823,10406130865,1,"IOTHUB_CLIENT_CONFIRMATION_OK"
24996,10406131023,10406131066,1,"IOTHUB_CLIENT_CONFIRMATION_OK"
24997,10406131223,10406131265,1,"IOTHUB_CLIENT_CONFIRMATION_OK"
24998,10406131424,10406131468,1,"IOTHUB_CLIENT_CONFIRMATION_OK"
24999,10406131624,10406131670,1,"IOTHUB_CLIENT_CONFIRMATION_OK"
25000,10406131824,10406131869,1,"IOTHUB_CLIENT_CONFIRMATION_OK"
25001,10406132024,10406132067,1,"IOTHUB_CLIENT_CONFIRMATION_OK"
25002,10406132224,10406132263,1,"IOTHUB_CLIENT_CONFIRMATION_OK"
25003,10406132424,10406132483,1,"IOTHUB_CLIENT_CONFIRMATION_OK"
25004,10406132625,10406132679,1,"IOTHUB_CLIENT_CONFIRMATION_OK"
25005,10406132825,10406132874,1,"IOTHUB_CLIENT_CONFIRMATION_OK"
25006,10406133025,10406133102,1,"IOTHUB_CLIENT_CONFIRMATION_OK"
25007,10406133225,10406133304,1,"IOTHUB_CLIENT_CONFIRMATION_OK"
25008,10406133425,10406133484,1,"IOTHUB_CLIENT_CONFIRMATION_OK"
25009,10406133625,10406133672,1,"IOTHUB_CLIENT_CONFIRMATION_OK"
25010,10406133825,10406133892,1,"IOTHUB_CLIENT_CONFIRMATION_OK"
25011,10406134026,10406134157,1,"IOTHUB_CLIENT_CONFIRMATION_OK"
25012,10406134226,10406134266,1,"IOTHUB_CLIENT_CONFIRMATION_OK"
25013,10406134426,10406134462,1,"IOTHUB_CLIENT_CONFIRMATION_OK"
25014,10406134626,10406134759,1,"IOTHUB_CLIENT_CONFIRMATION_OK"
25015,10406134826,10406134876,1,"IOTHUB_CLIENT_CONFIRMATION_OK"
25016,10406135026,10406135066,1,"IOTHUB_CLIENT_CONFIRMATION_OK"
25017,10406135226,10406135350,1,"IOTHUB_CLIENT_CONFIRMATION_OK"
25018,10406135427,10406135463,1,"IOTHUB_CLIENT_CONFIRMATION_OK"
25019,10406135627,10406135689,1,"IOTHUB_CLIENT_CONFIRMATION_OK"
25020,10406135827,10406135865,1,"IOTHUB_CLIENT_CONFIRMATION_OK"
25021,10406136027,10406136071,1,"IOTHUB_CLIENT_CONFIRMATION_OK"
25022,10406136227,10406136267,1,"IOTHUB_CLIENT_CONFIRMATION_OK"
25023,10406136427,10406136467,1,"IOTHUB_CLIENT_CONFIRMATION_OK"
25024,10406136628,10406136673,1,"IOTHUB_CLIENT_CONFIRMATION_OK"
25025,10406136828,10406137001,1,"IOTHUB_CLIENT_CONFIRMATION_OK"
25026,10406137028,10406137091,1,"IOTHUB_CLIENT_CONFIRMATION_OK"
25027,10406137228,10406137266,1,"IOTHUB_CLIENT_CONFIRMATION_OK"
25028,10406137428,10406137668,1,"IOTHUB_CLIENT_CONFIRMATION_OK"
25029,10406137629,10406137699,1,"IOTHUB_CLIENT_CONFIRMATION_OK"
25030,10406137829,10406137867,1,"IOTHUB_CLIENT_CONFIRMATION_OK"
25031,10406138029,10406138062,1,"IOTHUB_CLIENT_CONFIRMATION_OK"
25032,10406138229,10406138270,1,"IOTHUB_CLIENT_CONFIRMATION_OK"
25033,10406138429,10406138495,1,"IOTHUB_CLIENT_CONFIRMATION_OK"
25034,10406138629,10406138672,1,"IOTHUB_CLIENT_CONFIRMATION_OK"
25035,10406138829,10406138870,1,"IOTHUB_CLIENT_CONFIRMATION_OK"
25036,10406139030,10406139064,1,"IOTHUB_CLIENT_CONFIRMATION_OK"
25037,10406139230,10406139325,1,"IOTHUB_CLIENT_CONFIRMATION_OK"
25038,10406139430,10406139535,1,"IOTHUB_CLIENT_CONFIRMATION_OK"
25039,10406139630,10406139837,1,"IOTHUB_CLIENT_CONFIRMATION_OK"
25040,10406139830,10406139870,1,"IOTHUB_CLIENT_CONFIRMATION_OK"
25041,10406140030,10406140088,1,"IOTHUB_CLIENT_CONFIRMATION_OK"
25042,10406140231,10406140273,1,"IOTHUB_CLIENT_CONFIRMATION_OK"
25043,10406140431,10406140484,1,"IOTHUB_CLIENT_CONFIRMATION_OK"
25044,10406140631,10406140672,1,"IOTHUB_CLIENT_CONFIRMATION_OK"
25045,10406140831,10406140891,1,"IOTHUB_CLIENT_CONFIRMATION_OK"
25046,10406141031,10406141071,1,"IOTHUB_CLIENT_CONFIRMATION_OK"
25047,10406141231,10406141272,1,"IOTHUB_CLIENT_CONFIRMATION_OK"
25048,10406141431,10406141486,1,"IOTHUB_CLIENT_CONFIRMATION_OK"
25049,10406141632,10406141663,1,"IOTHUB_CLIENT_CONFIRMATION_OK"
25050,10406141832,10406141876,1,"IOTHUB_CLIENT_CONFIRMATION_OK"
25051,10406142032,10406142071,1,"IOTHUB_CLIENT_CONFIRMATION_OK"
25052,10406142232,10406142300,1,"IOTHUB_CLIENT_CONFIRMATION_OK"
25053,10406142432,10406142507,1,"IOTHUB_CLIENT_CONFIRMATION_OK"
25054,10406142632,10406142677,1,"IOTHUB_CLIENT_CONFIRMATION_OK"
25055,10406142832,10406142900,1,"IOTHUB_CLIENT_CONFIRMATION_OK"
25056,10406143033,10406143111,1,"IOTHUB_CLIENT_CONFIRMATION_OK"
25057,10406143233,10406143284,1,"IOTHUB_CLIENT_CONFIRMATION_OK"
25058,10406143433,10406143481,1,"IOTHUB_CLIENT_CONFIRMATION_OK"
25059,10406143633,10406143722,1,"IOTHUB_CLIENT_CONFIRMATION_OK"
25060,10406143833,10406143870,1,"IOTHUB_CLIENT_CONFIRMATION_OK"
25061,10406144033,10406144081,1,"IOTHUB_CLIENT_CONFIRMATION_OK"
25062,10406144233,10406144375,1,"IOTHUB_CLIENT_CONFIRMATION_OK"
25063,10406144434,10406144472,1,"IOTHUB_CLIENT_CONFIRMATION_OK"
25064,10406144634,10406144666,1,"IOTHUB_CLIENT_CONFIRMATION_OK"
25065,10406144834,10406144874,1,"IOTHUB_CLIENT_CONFIRMATION_OK"
25066,10406145034,10406145071,1,"IOTHUB_CLIENT_CONFIRMATION_OK"
25067,10406145234,10406145332,1,"IOTHUB_CLIENT_CONFIRMATION_OK"
25068,10406145434,10406145470,1,"IOTHUB_CLIENT_CONFIRMATION_OK"
25069,10406145635,10406145670,1,"IOTHUB_CLIENT_CONFIRMATION_OK"
25070,10406145835,10406145956,1,"IOTHUB_CLIENT_CONFIRMATION_OK"
25071,10406146035,10406146077,1,"IOTHUB_CLIENT_CONFIRMATION_OK"
25072,10406146235,10406146312,1,"IOTHUB_CLIENT_CONFIRMATION_OK"
25073,10406146435,10406146569,1,"IOTHUB_CLIENT_CONFIRMATION_OK"
25074,10406146635,10406146670,1,"IOTHUB_CLIENT_CONFIRMATION_OK"
25075,10406146836,10406146881,1,"IOTHUB_CLIENT_CONFIRMATION_OK"
25076,10406147036,10406147066,1,"IOTHUB_CLIENT_CONFIRMATION_OK"
25077,10406147236,10406147273,1,"IOTHUB_CLIENT_CONFIRMATION_OK"
25078,10406147436,10406147473,1,"IOTHUB_CLIENT_CONFIRMATION_OK"
25079,10406147636,10406147709,1,"IOTHUB_CLIENT_CONFIRMATION_OK"
25080,10406147836,10406147883,1,"IOTHUB_CLIENT_CONFIRMATION_OK"
25081,10406148036,10406148097,1,"IOTHUB_CLIENT_CONFIRMATION_OK"
25082,10406148237,10406148272,1,"IOTHUB_CLIENT_CONFIRMATION_OK"
25083,10406148437,10406148475,1,"IOTHUB_CLIENT_CONFIRMATION_OK"
25084,10406148637,10406148677,1,"IOTHUB_CLIENT_CONFIRMATION_OK"
25085,10406148837,10406148882,1,"IOTHUB_CLIENT_CONFIRMATION_OK"
25086,10406149037,10406149087,1,"IOTHUB_CLIENT_CONFIRMATION_OK"
25087,10406149237,10406149272,1,"IOTHUB_CLIENT_CONFIRMATION_OK"
25088,10406149438,10406149472,1,"IOTHUB_CLIENT_CONFIRMATION_OK"
25089,10406149638,10406149693,1,"IOTHUB_CLIENT_CONFIRMATION_OK"
25090,10406149838,10406149923,1,"IOTHUB_CLIENT_CONFIRMATION_OK"
25091,10406150038,10406150085,1,"IOTHUB_CLIENT_CONFIRMATION_OK"
25092,10406150238,10406150278,1,"IOTHUB_CLIENT_CONFIRMATION_OK"
25093,10406150438,10406150496,1,"IOTHUB_CLIENT_CONFIRMATION_OK"
25094,10406150639,10406150681,1,"IOTHUB_CLIENT_CONFIRMATION_OK"
25095,10406150839,10406150882,1,"IOTHUB_CLIENT_CONFIRMATION_OK"
25096,10406151039,10406151077,1,"IOTHUB_CLIENT_CONFIRMATION_OK"
25097,10406151239,10406151282,1,"IOTHUB_CLIENT_CONFIRMATION_OK"
25098,10406151439,10406151490,1,"IOTHUB_CLIENT_CONFIRMATION_OK"
25099,10406151639,10406151687,1,"IOTHUB_CLIENT_CONFIRMATION_OK"
25100,10406151839,10406151920,1,"IOTHUB_CLIENT_CONFIRMATION_OK"
25101,10406152040,10406152101,1,"IOTHUB_CLIENT_CONFIRMATION_OK"
25102,10406152240,10406152274,1,"IOTHUB_CLIENT_CONFIRMATION_OK"
25103,10406152440,10406152483,1,"IOTHUB_CLIENT_CONFIRMATION_OK"
25104,10406152640,10406152713,1,"IOTHUB_CLIENT_CONFIRMATION_OK"
25105,10406152840,10406152875,1,"IOTHUB_CLIENT_CONFIRMATION_OK"
25106,10406153040,10406153076,1,"IOTHUB_CLIENT_CONFIRMATION_OK"
25107,10406153241,10406153294,1,"IOTHUB_CLIENT_CONFIRMATION_OK"
25108,10406153441,10406153488,1,"IOTHUB_CLIENT_CONFIRMATION_OK"
25109,10406153641,10406153710,1,"IOTHUB_CLIENT_CONFIRMATION_OK"
25110,10406153841,10406153888,1,"IOTHUB_CLIENT_CONFIRMATION_OK"
25111,10406154041,10406154088,1,"IOTHUB_CLIENT_CONFIRMATION_OK"
25112,10406154241,10406154348,1,"IOTHUB_CLIENT_CONFIRMATION_OK"
25113,10406154442,10406154489,1,"IOTHUB_CLIENT_CONFIRMATION_OK"
25114,10406154642,10406154697,1,"IOTHUB_CLIENT_CONFIRMATION_OK"
25115,10406154842,10406154960,1,"IOTHUB_CLIENT_CONFIRMATION_OK"
25116,10406155042,10406155093,1,"IOTHUB_CLIENT_CONFIRMATION_OK"
25117,10406155242,10406155285,1,"IOTHUB_CLIENT_CONFIRMATION_OK"
25118,10406155442,10406155572,1,"IOTHUB_CLIENT_CONFIRMATION_OK"
25119,10406155643,10406155684,1,"IOTHUB_CLIENT_CONFIRMATION_OK"
25120,10406155843,10406155876,1,"IOTHUB_CLIENT_CONFIRMATION_OK"
25121,10406156043,10406156086,1,"IOTHUB_CLIENT_CONFIRMATION_OK"
25122,10406156243,10406156287,1,"IOTHUB_CLIENT_CONFIRMATION_OK"
25123,10406156443,10406156488,1,"IOTHUB_CLIENT_CONFIRMATION_OK"
25124,10406156643,10406156689,1,"IOTHUB_CLIENT_CONFIRMATION_OK"
25125,10406156844,10406156893,1,"IOTHUB_CLIENT_CONFIRMATION_OK"
25126,10406157044,10406157229,1,"IOTHUB_CLIENT_CONFIRMATION_OK"
25127,10406157244,10406157283,1,"IOTHUB_CLIENT_CONFIRMATION_OK"
25128,10406157444,10406157513,1,"IOTHUB_CLIENT_CONFIRMATION_OK"
25129,10406157644,10406157804,1,"IOTHUB_CLIENT_CONFIRMATION_OK"
25130,10406157844,10406157874,1,"IOTHUB_CLIENT_CONFIRMATION_OK"
25131,10406158045,10406158094,1,"IOTHUB_CLIENT_CONFIRMATION_OK"
25132,10406158245,10406158282,1,"IOTHUB_CLIENT_CONFIRMATION_OK"
25133,10406158445,10406158496,1,"IOTHUB_CLIENT_CONFIRMATION_OK"
25134,10406158645,10406158704,1,"IOTHUB_CLIENT_CONFIRMATION_OK"
25135,10406158845,10406158880,1,"IOTHUB_CLIENT_CONFIRMATION_OK"
25136,10406159045,10406159087,1,"IOTHUB_CLIENT_CONFIRMATION_OK"
25137,10406159246,10406159286,1,"IOTHUB_CLIENT_CONFIRMATION_OK"
25138,10406159446,10406159487,1,"IOTHUB_CLIENT_CONFIRMATION_OK"
25139,10406159646,10406159682,1,"IOTHUB_CLIENT_CONFIRMATION_OK"
25140,10406159846,10406160033,1,"IOTHUB_CLIENT_CONFIRMATION_OK"
25141,10406160046,10406160083,1,"IOTHUB_CLIENT_CONFIRMATION_OK"
25142,10406160246,10406160289,1,"IOTHUB_CLIENT_CONFIRMATION_OK"
25143,10406160447,10406160488,1,"IOTHUB_CLIENT_CONFIRMATION_OK"
25144,10406160647,10406160689,1,"IOTHUB_CLIENT_CONFIRMATION_OK"
25145,10406160847,10406160904,1,"IOTHUB_CLIENT_CONFIRMATION_OK"
25146,10406161047,10406161158,1,"IOTHUB_CLIENT_CONFIRMATION_OK"
25147,10406161247,10406161315,1,"IOTHUB_CLIENT_CONFIRMATION_OK"
25148,10406161447,10406161489,1,"IOTHUB_CLIENT_CONFIRMATION_OK"
25149,10406161648,10406161762,1,"IOTHUB_CLIENT_CONFIRMATION_OK"
25150,10406161848,10406161892,1,"IOTHUB_CLIENT_CONFIRMATION_OK"
25151,10406162048,10406162106,1,"IOTHUB_CLIENT_CONFIRMATION_OK"
25152,10406162248,10406162293,1,"IOTHUB_CLIENT_CONFIRMATION_OK"
25153,10406162448,10406162493,1,"IOTHUB_CLIENT_CONFIRMATION_OK"
25154,10406162648,10406162770,1,"IOTHUB_CLIENT_CONFIRMATION_OK"
25155,10406162849,10406162893,1,"IOTHUB_CLIENT_CONFIRMATION_OK"
25156,10406163049,10406163100,1,"IOTHUB_CLIENT_CONFIRMATION_OK"
25157,10406163249,10406163385,1,"IOTHUB_CLIENT_CONFIRMATION_OK"
25158,10406163449,10406163486,1,"IOTHUB_CLIENT_CONFIRMATION_OK"
25159,10406163649,10406163697,1,"IOTHUB_CLIENT_CONFIRMATION_OK"
25160,10406163849,10406163895,1,"IOTHUB_CLIENT_CONFIRMATION_OK"
25161,10406164050,10406164113,1,"IOTHUB_CLIENT_CONFIRMATION_OK"
25162,10406164250,10406164290,1,"IOTHUB_CLIENT_CONFIRMATION_OK"
25163,10406164450,10406164507,1,"IOTHUB_CLIENT_CONFIRMATION_OK"
25164,10406164650,10406164691,1,"IOTHUB_CLIENT_CONFIRMATION_OK"
25165,10406164850,10406164890,1,"IOTHUB_CLIENT_CONFIRMATION_OK"
25166,10406165050,10406165091,1,"IOTHUB_CLIENT_CONFIRMATION_OK"
25167,10406165251,10406165298,1,"IOTHUB_CLIENT_CONFIRMATION_OK"
25168,10406165451,10406165670,1,"IOTHUB_CLIENT_CONFIRMATION_OK"
25169,10406165651,10406165713,1,"IOTHUB_CLIENT_CONFIRMATION_OK"
25170,10406165851,10406165891,1,"IOTHUB_CLIENT_CONFIRMATION_OK"
25171,10406166051,10406166230,1,"IOTHUB_CLIENT_CONFIRMATION_OK"
25172,10406166251,10406166350,1,"IOTHUB_CLIENT_CONFIRMATION_OK"
25173,10406166451,10406166489,1,"IOTHUB_CLIENT_CONFIRMATION_OK"
25174,10406166652,10406166712,1,"IOTHUB_CLIENT_CONFIRMATION_OK"
25175,10406166852,10406166901,1,"IOTHUB_CLIENT_CONFIRMATION_OK"
25176,10406167052,10406167096,1,"IOTHUB_CLIENT_CONFIRMATION_OK"
25177,10406167252,10406167286,1,"IOTHUB_CLIENT_CONFIRMATION_OK"
25178,10406167452,10406167496,1,"IOTHUB_CLIENT_CONFIRMATION_OK"
25179,10406167652,10406167694,1,"IOTHUB_CLIENT_CONFIRMATION_OK"
25180,10406167853,10406167897,1,"IOTHUB_CLIENT_CONFIRMATION_OK"
25181,10406168053,10406168109,1,"IOTHUB_CLIENT_CONFIRMATION_OK"
25182,10406168253,10406168463,1,"IOTHUB_CLIENT_CONFIRMATION_OK"
25183,10406168453,10406168491,1,"IOTHUB_CLIENT_CONFIRMATION_OK"
25184,10406168653,10406168695,1,"IOTHUB_CLIENT_CONFIRMATION_OK"
25185,10406168853,10406168910,1,"IOTHUB_CLIENT_CONFIRMATION_OK"
25186,10406169054,10406169095,1,"IOTHUB_CLIENT_CONFIRMATION_OK"
25187,10406169254,10406169293,1,"IOTHUB_CLIENT_CONFIRMATION_OK"
25188,10406169454,10406169495,1,"IOTHUB_CLIENT_CONFIRMATION_OK"
25189,10406169654,10406169697,1,"IOTHUB_CLIENT_CONFIRMATION_OK"
25190,10406169854,10406169915,1,"IOTHUB_CLIENT_CONFIRMATION_OK"
25191,10406170054,10406170103,1,"IOTHUB_CLIENT_CONFIRMATION_OK"
25192,10406170254,10406170319,1,"IOTHUB_CLIENT_CONFIRMATION_OK"
25193,10406170455,10406170537,1,"IOTHUB_CLIENT_CONFIRMATION_OK"
25194,10406170655,10406170738,1,"IOTHUB_CLIENT_CONFIRMATION_OK"
25195,10406170855,10406170911,1,"IOTHUB_CLIENT_CONFIRMATION_OK"
25196,10406171055,10406171138,1,"IOTHUB_CLIENT_CONFIRMATION_OK"
25197,10406171255,10406171293,1,"IOTHUB_CLIENT_CONFIRMATION_OK"
25198,10406171455,10406171496,1,"IOTHUB_CLIENT_CONFIRMATION_OK"
25199,10406171655,10406171742,1,"IOTHUB_CLIENT_CONFIRMATION_OK"
25200,10406171856,10406171903,1,"IOTHUB_CLIENT_CONFIRMATION_OK"
25201,10406172056,10406172094,1,"IOTHUB_CLIENT_CONFIRMATION_OK"
25202,10406172256,10406172361,1,"IOTHUB_CLIENT_CONFIRMATION_OK"
25203,10406172456,10406172522,1,"IOTHUB_CLIENT_CONFIRMATION_OK"
25204,10406172656,10406172706,1,"IOTHUB_CLIENT_CONFIRMATION_OK"
25205,10406172856,10406172983,1,"IOTHUB_CLIENT_CONFIRMATION_OK"
25206,10406173057,10406173092,1,"IOTHUB_CLIENT_CONFIRMATION_OK"
25207,10406173257,10406173307,1,"IOTHUB_CLIENT_CONFIRMATION_OK"
25208,10406173457,10406173498,1,"IOTHUB_CLIENT_CONFIRMATION_OK"
25209,10406173657,10406173711,1,"IOTHUB_CLIENT_CONFIRMATION_OK"
25210,10406173857,10406173978,1,"IOTHUB_CLIENT_CONFIRMATION_OK"
25211,10406174057,10406174095,1,"IOTHUB_CLIENT_CONFIRMATION_OK"
25212,10406174258,10406174307,1,"IOTHUB_CLIENT_CONFIRMATION_OK"
25213,10406174458,10406174617,1,"IOTHUB_CLIENT_CONFIRMATION_OK"
25214,10406174658,10406174688,1,"IOTHUB_CLIENT_CONFIRMATION_OK"
25215,10406174858,10406174923,1,"IOTHUB_CLIENT_CONFIRMATION_OK"
25216,10406175058,10406175226,1,"IOTHUB_CLIENT_CONFIRMATION_OK"
25217,10406175258,10406175320,1,"IOTHUB_CLIENT_CONFIRMATION_OK"
25218,10406175459,10406175506,1,"IOTHUB_CLIENT_CONFIRMATION_OK"
25219,10406175659,10406175699,1,"IOTHUB_CLIENT_CONFIRMATION_OK"
25220,10406175859,10406175898,1,"IOTHUB_CLIENT_CONFIRMATION_OK"
25221,10406176059,10406176093,1,"IOTHUB_CLIENT_CONFIRMATION_OK"
25222,10406176259,10406176302,1,"IOTHUB_CLIENT_CONFIRMATION_OK"
25223,10406176459,10406176495,1,"IOTHUB_CLIENT_CONFIRMATION_OK"
25224,10406176659,10406176698,1,"IOTHUB_CLIENT_CONFIRMATION_OK"
25225,10406176860,10406176903,1,"IOTHUB_CLIENT_CONFIRMATION_OK"
25226,10406177060,10406177094,1,"IOTHUB_CLIENT_CONFIRMATION_OK"
25227,10406177260,10406177448,1,"IOTHUB_CLIENT_CONFIRMATION_OK"
25228,10406177460,10406177496,1,"IOTHUB_CLIENT_CONFIRMATION_OK"
25229,10406177660,10406177722,1,"IOTHUB_CLIENT_CONFIRMATION_OK"
25230,10406177860,10406177924,1,"IOTHUB_CLIENT_CONFIRMATION_OK"
25231,10406178061,10406178106,1,"IOTHUB_CLIENT_CONFIRMATION_OK"
25232,10406178261,10406178341,1,"IOTHUB_CLIENT_CONFIRMATION_OK"
25233,10406178461,10406178510,1,"IOTHUB_CLIENT_CONFIRMATION_OK"
25234,10406178661,10406178703,1,"IOTHUB_CLIENT_CONFIRMATION_OK"
25235,10406178861,10406178898,1,"IOTHUB_CLIENT_CONFIRMATION_OK"
25236,10406179061,10406179117,1,"IOTHUB_CLIENT_CONFIRMATION_OK"
25237,10406179262,10406179300,1,"IOTHUB_CLIENT_CONFIRMATION_OK"
25238,10406179462,10406179534,1,"IOTHUB_CLIENT_CONFIRMATION_OK"
25239,10406179662,10406179774,1,"IOTHUB_CLIENT_CONFIRMATION_OK"
25240,10406179862,10406179902,1,"IOTHUB_CLIENT_CONFIRMATION_OK"
25241,10406180062,10406180165,1,"IOTHUB_CLIENT_CONFIRMATION_OK"
25242,10406180262,10406180311,1,"IOTHUB_CLIENT_CONFIRMATION_OK"
25243,10406180463,10406180514,1,"IOTHUB_CLIENT_CONFIRMATION_OK"
25244,10406180663,10406180765,1,"IOTHUB_CLIENT_CONFIRMATION_OK"
25245,10406180863,10406180898,1,"IOTHUB_CLIENT_CONFIRMATION_OK"
25246,10406181063,10406181103,1,"IOTHUB_CLIENT_CONFIRMATION_OK"
25247,10406181263,10406181375,1,"IOTHUB_CLIENT_CONFIRMATION_OK"
25248,10406181463,10406181517,1,"IOTHUB_CLIENT_CONFIRMATION_OK"
25249,10406181663,10406181701,1,"IOTHUB_CLIENT_CONFIRMATION_OK"
25250,10406181864,10406181900,1,"IOTHUB_CLIENT_CONFIRMATION_OK"
25251,10406182064,10406182106,1,"IOTHUB_CLIENT_CONFIRMATION_OK"
25252,10406182264,10406182305,1,"IOTHUB_CLIENT_CONFIRMATION_OK"
25253,10406182464,10406182501,1,"IOTHUB_CLIENT_CONFIRMATION_OK"
25254,10406182664,10406182699,1,"IOTHUB_CLIENT_CONFIRMATION_OK"
25255,10406182864,10406183003,1,"IOTHUB_CLIENT_CONFIRMATION_OK"
25256,10406183065,10406183100,1,"IOTHUB_CLIENT_CONFIRMATION_OK"
25257,10406183265,10406183325,1,"IOTHUB_CLIENT_CONFIRMATION_OK"
25258,10406183465,10406183612,1,"IOTHUB_CLIENT_CONFIRMATION_OK"
25259,10406183665,10406183714,1,"IOTHUB_CLIENT_CONFIRMATION_OK"
25260,10406183865,10406183910,1,"IOTHUB_CLIENT_CONFIRMATION_OK"
25261,10406184065,10406184216,1,"IOTHUB_CLIENT_CONFIRMATION_OK"
25262,10406184265,10406184318,1,"IOTHUB_CLIENT_CONFIRMATION_OK"
25263,10406184466,10406184501,1,"IOTHUB_CLIENT_CONFIRMATION_OK"
25264,10406184666,10406184716,1,"IOTHUB_CLIENT_CONFIRMATION_OK"
25265,10406184866,10406184906,1,"IOTHUB_CLIENT_CONFIRMATION_OK"
25266,10406185066,10406185117,1,"IOTHUB_CLIENT_CONFIRMATION_OK"
25267,10406185266,10406185300,1,"IOTHUB_CLIENT_CONFIRMATION_OK"
25268,10406185466,10406185525,1,"IOTHUB_CLIENT_CONFIRMATION_OK"
25269,10406185667,10406185906,1,"IOTHUB_CLIENT_CONFIRMATION_OK"
25270,10406185867,10406185941,1,"IOTHUB_CLIENT_CONFIRMATION_OK"
25271,10406186067,10406186115,1,"IOTHUB_CLIENT_CONFIRMATION_OK"
25272,10406186267,10406186310,1,"IOTHUB_CLIENT_CONFIRMATION_OK"
25273,10406186467,10406186508,1,"IOTHUB_CLIENT_CONFIRMATION_OK"
25274,10406186667,10406186707,1,"IOTHUB_CLIENT_CONFIRMATION_OK"
25275,10406186868,10406186931,1,"IOTHUB_CLIENT_CONFIRMATION_OK"
25276,10406187068,10406187110,1,"IOTHUB_CLIENT_CONFIRMATION_OK"
25277,10406187268,10406187312,1,"IOTHUB_CLIENT_CONFIRMATION_OK"
25278,10406187468,10406187543,1,"IOTHUB_CLIENT_CONFIRMATION_OK"
25279,10406187668,10406187710,1,"IOTHUB_CLIENT_CONFIRMATION_OK"
25280,10406187868,10406187914,1,"IOTHUB_CLIENT_CONFIRMATION_OK"
25281,10406188068,10406188108,1,"IOTHUB_CLIENT_CONFIRMATION_OK"
25282,10406188269,10406188316,1,"IOTHUB_CLIENT_CONFIRMATION_OK"
25283,10406188469,10406188574,1,"IOTHUB_CLIENT_CONFIRMATION_OK"
25284,10406188669,10406188762,1,"IOTHUB_CLIENT_CONFIRMATION_OK"
25285,10406188869,10406188926,1,"IOTHUB_CLIENT_CONFIRMATION_OK"
25286,10406189069,10406189187,1,"IOTHUB_CLIENT_CONFIRMATION_OK"
25287,10406189269,10406189323,1,"IOTHUB_CLIENT_CONFIRMATION_OK"
25288,10406189470,10406189508,1,"IOTHUB_CLIENT_CONFIRMATION_OK"
25289,10406189670,10406189799,1,"IOTHUB_CLIENT_CONFIRMATION_OK"
25290,10406189870,10406189915,1,"IOTHUB_CLIENT_CONFIRMATION_OK"
25291,10406190070,10406190116,1,"IOTHUB_CLIENT_CONFIRMATION_OK"
25292,10406190270,10406190314,1,"IOTHUB_CLIENT_CONFIRMATION_OK"
25293,10406190470,10406190532,1,"IOTHUB_CLIENT_CONFIRMATION_OK"
25294,10406190671,10406190726,1,"IOTHUB_CLIENT_CONFIRMATION_OK"
25295,10406190871,10406190917,1,"IOTHUB_CLIENT_CONFIRMATION_OK"
25296,10406191071,10406191105,1,"IOTHUB_CLIENT_CONFIRMATION_OK"
25297,10406191271,10406191441,1,"IOTHUB_CLIENT_CONFIRMATION_OK"
25298,10406191471,10406191508,1,"IOTHUB_CLIENT_CONFIRMATION_OK"
25299,10406191671,10406191725,1,"IOTHUB_CLIENT_CONFIRMATION_OK"
25300,10406191872,10406191915,1,"IOTHUB_CLIENT_CONFIRMATION_OK"
25301,10406192072,10406192117,1,"IOTHUB_CLIENT_CONFIRMATION_OK"
25302,10406192272,10406192311,1,"IOTHUB_CLIENT_CONFIRMATION_OK"
25303,10406192472,10406192507,1,"IOTHUB_CLIENT_CONFIRMATION_OK"
25304,10406192672,10406192712,1,"IOTHUB_CLIENT_CONFIRMATION_OK"
25305,10406192872,10406192908,1,"IOTHUB_CLIENT_CONFIRMATION_OK"
25306,10406193073,10406193113,1,"IOTHUB_CLIENT_CONFIRMATION_OK"
25307,10406193273,10406193346,1,"IOTHUB_CLIENT_CONFIRMATION_OK"
25308,10406193473,10406193517,1,"IOTHUB_CLIENT_CONFIRMATION_OK"
25309,10406193673,10406193713,1,"IOTHUB_CLIENT_CONFIRMATION_OK"
25310,10406193873,10406193908,1,"IOTHUB_CLIENT_CONFIRMATION_OK"
25311,10406194073,10406194161,1,"IOTHUB_CLIENT_CONFIRMATION_OK"
25312,10406194274,10406194331,1,"IOTHUB_CLIENT_CONFIRMATION_OK"
25313,10406194474,10406194514,1,"IOTHUB_CLIENT_CONFIRMATION_OK"
25314,10406194674,10406194764,1,"IOTHUB_CLIENT_CONFIRMATION_OK"
25315,10406194874,10406194925,1,"IOTHUB_CLIENT_CONFIRMATION_OK"
25316,10406195074,10406195165,1,"IOTHUB_CLIENT_CONFIRMATION_OK"
25317,10406195274,10406195465,1,"IOTHUB_CLIENT_CONFIRMATION_OK"
25318,10406195475,10406195525,1,"IOTHUB_CLIENT_CONFIRMATION_OK"
25319,10406195675,10406195755,1,"IOTHUB_CLIENT_CONFIRMATION_OK"
25320,10406195875,10406195945,1,"IOTHUB_CLIENT_CONFIRMATION_OK"
25321,10406196075,10406196115,1,"IOTHUB_CLIENT_CONFIRMATION_OK"
25322,10406196275,10406196321,1,"IOTHUB_CLIENT_CONFIRMATION_OK"
25323,10406196475,10406196513,1,"IOTHUB_CLIENT_CONFIRMATION_OK"
25324,10406196676,10406196716,1,"IOTHUB_CLIENT_CONFIRMATION_OK"
25325,10406196876,10406197005,1,"IOTHUB_CLIENT_CONFIRMATION_OK"
25326,10406197076,10406197110,1,"IOTHUB_CLIENT_CONFIRMATION_OK"
25327,10406197276,10406197352,1,"IOTHUB_CLIENT_CONFIRMATION_OK"
25328,10406197476,10406197608,1,"IOTHUB_CLIENT_CONFIRMATION_OK"
25329,10406197676,10406197781,1,"IOTHUB_CLIENT_CONFIRMATION_OK"
25330,10406197877,10406197914,1,"IOTHUB_CLIENT_CONFIRMATION_OK"
25331,10406198077,10406198228,1,"IOTHUB_CLIENT_CONFIRMATION_OK"
25332,10406198277,10406198332,1,"IOTHUB_CLIENT_CONFIRMATION_OK"
25333,10406198477,10406198517,1,"IOTHUB_CLIENT_CONFIRMATION_OK"
25334,10406198677,10406198720,1,"IOTHUB_CLIENT_CONFIRMATION_OK"
25335,10406198877,10406198931,1,"IOTHUB_CLIENT_CONFIRMATION_OK"
25336,10406199078,10406199113,1,"IOTHUB_CLIENT_CONFIRMATION_OK"
25337,10406199278,10406199319,1,"IOTHUB_CLIENT_CONFIRMATION_OK"
25338,10406199478,10406199520,1,"IOTHUB_CLIENT_CONFIRMATION_OK"
25339,10406199678,10406199843,1,"IOTHUB_CLIENT_CONFIRMATION_OK"
25340,10406199878,10406200715,1,"IOTHUB_CLIENT_CONFIRMATION_OK"
25341,10406200078,10406200790,1,"IOTHUB_CLIENT_CONFIRMATION_OK"
25342,10406200279,10406200837,1,"IOTHUB_CLIENT_CONFIRMATION_OK"
25343,10406200479,10406200907,1,"IOTHUB_CLIENT_CONFIRMATION_OK"
25344,10406200679,10406201101,1,"IOTHUB_CLIENT_CONFIRMATION_OK"
25345,10406200879,10406201142,1,"IOTHUB_CLIENT_CONFIRMATION_OK"
25346,10406201079,10406201174,1,"IOTHUB_CLIENT_CONFIRMATION_OK"
25347,10406201279,10406201347,1,"IOTHUB_CLIENT_CONFIRMATION_OK"
25348,10406201480,10406201529,1,"IOTHUB_CLIENT_CONFIRMATION_OK"
25349,10406201680,10406201775,1,"IOTHUB_CLIENT_CONFIRMATION_OK"
25350,10406201880,10406201919,1,"IOTHUB_CLIENT_CONFIRMATION_OK"
25351,10406202080,10406202126,1,"IOTHUB_CLIENT_CONFIRMATION_OK"
25352,10406202280,10406202348,1,"IOTHUB_CLIENT_CONFIRMATION_OK"
25353,10406202480,10406202706,1,"IOTHUB_CLIENT_CONFIRMATION_OK"
25354,10406202680,10406202758,1,"IOTHUB_CLIENT_CONFIRMATION_OK"
25355,10406202881,10406202916,1,"IOTHUB_CLIENT_CONFIRMATION_OK"
25356,10406203081,10406203121,1,"IOTHUB_CLIENT_CONFIRMATION_OK"
25357,10406203281,10406203317,1,"IOTHUB_CLIENT_CONFIRMATION_OK"
25358,10406203481,10406203515,1,"IOTHUB_CLIENT_CONFIRMATION_OK"
25359,10406203681,10406203743,1,"IOTHUB_CLIENT_CONFIRMATION_OK"
25360,10406203881,10406203945,1,"IOTHUB_CLIENT_CONFIRMATION_OK"
25361,10406204082,10406204126,1,"IOTHUB_CLIENT_CONFIRMATION_OK"
25362,10406204282,10406204366,1,"IOTHUB_CLIENT_CONFIRMATION_OK"
25363,10406204482,10406204542,1,"IOTHUB_CLIENT_CONFIRMATION_OK"
25364,10406204682,10406204742,1,"IOTHUB_CLIENT_CONFIRMATION_OK"
25365,10406204882,10406204924,1,"IOTHUB_CLIENT_CONFIRMATION_OK"
25366,10406205082,10406205120,1,"IOTHUB_CLIENT_CONFIRMATION_OK"
25367,10406205282,10406205363,1,"IOTHUB_CLIENT_CONFIRMATION_OK"
25368,10406205483,10406205533,1,"IOTHUB_CLIENT_CONFIRMATION_OK"
25369,10406205683,10406205731,1,"IOTHUB_CLIENT_CONFIRMATION_OK"
25370,10406205883,10406205967,1,"IOTHUB_CLIENT_CONFIRMATION_OK"
25371,10406206083,10406206124,1,"IOTHUB_CLIENT_CONFIRMATION_OK"
25372,10406206283,10406206327,1,"IOTHUB_CLIENT_CONFIRMATION_OK"
25373,10406206483,10406206574,1,"IOTHUB_CLIENT_CONFIRMATION_OK"
25374,10406206684,10406206736,1,"IOTHUB_CLIENT_CONFIRMATION_OK"
25375,10406206884,10406206924,1,"IOTHUB_CLIENT_CONFIRMATION_OK"
25376,10406207084,10406207267,1,"IOTHUB_CLIENT_CONFIRMATION_OK"
25377,10406207284,10406207332,1,"IOTHUB_CLIENT_CONFIRMATION_OK"
25378,10406207484,10406207521,1,"IOTHUB_CLIENT_CONFIRMATION_OK"
25379,10406207684,10406207725,1,"IOTHUB_CLIENT_CONFIRMATION_OK"
25380,10406207884,10406207938,1,"IOTHUB_CLIENT_CONFIRMATION_OK"
25381,10406208085,10406208129,1,"IOTHUB_CLIENT_CONFIRMATION_OK"
25382,10406208285,10406208324,1,"IOTHUB_CLIENT_CONFIRMATION_OK"
25383,10406208485,10406208524,1,"IOTHUB_CLIENT_CONFIRMATION_OK"
25384,10406208685,10406208812,1,"IOTHUB_CLIENT_CONFIRMATION_OK"
25385,10406208885,10406208921,1,"IOTHUB_CLIENT_CONFIRMATION_OK"
25386,10406209085,10406209121,1,"IOTHUB_CLIENT_CONFIRMATION_OK"
25387,10406209286,10406209428,1,"IOTHUB_CLIENT_CONFIRMATION_OK"
25388,10406209486,10406209547,1,"IOTHUB_CLIENT_CONFIRMATION_OK"
25389,10406209686,10406209727,1,"IOTHUB_CLIENT_CONFIRMATION_OK"
25390,10406209886,10406209963,1,"IOTHUB_CLIENT_CONFIRMATION_OK"
25391,10406210086,10406210122,1,"IOTHUB_CLIENT_CONFIRMATION_OK"
25392,10406210286,10406210338,1,"IOTHUB_CLIENT_CONFIRMATION_OK"
25393,10406210487,10406210557,1,"IOTHUB_CLIENT_CONFIRMATION_OK"
25394,10406210687,10406210731,1,"IOTHUB_CLIENT_CONFIRMATION_OK"
25395,10406210887,10406210933,1,"IOTHUB_CLIENT_CONFIRMATION_OK"
25396,10406211087,10406211130,1,"IOTHUB_CLIENT_CONFIRMATION_OK"
25397,10406211287,10406211322,1,"IOTHUB_CLIENT_CONFIRMATION_OK"
25398,10406211487,10406211682,1,"IOTHUB_CLIENT_CONFIRMATION_OK"
25399,10406211688,10406211728,1,"IOTHUB_CLIENT_CONFIRMATION_OK"
25400,10406211888,10406211925,1,"IOTHUB_CLIENT_CONFIRMATION_OK"
25401,10406212088,10406212129,1,"IOTHUB_CLIENT_CONFIRMATION_OK"
25402,10406212288,10406212324,1,"IOTHUB_CLIENT_CONFIRMATION_OK"
25403,10406212488,10406212533,1,"IOTHUB_CLIENT_CONFIRMATION_OK"
25404,10406212688,10406212729,1,"IOTHUB_CLIENT_CONFIRMATION_OK"
25405,10406212888,10406212934,1,"IOTHUB_CLIENT_CONFIRMATION_OK"
25406,10406213089,10406213132,1,"IOTHUB_CLIENT_CONFIRMATION_OK"
25407,10406213289,10406213332,1,"IOTHUB_CLIENT_CONFIRMATION_OK"
25408,10406213489,10406213553,1,"IOTHUB_CLIENT_CONFIRMATION_OK"
25409,10406213689,10406213728,1,"IOTHUB_CLIENT_CONFIRMATION_OK"
25410,10406213889,10406213958,1,"IOTHUB_CLIENT_CONFIRMATION_OK"
25411,10406214089,10406214155,1,"IOTHUB_CLIENT_CONFIRMATION_OK"
25412,10406214290,10406214345,1,"IOTHUB_CLIENT_CONFIRMATION_OK"
25413,10406214490,10406214533,1,"IOTHUB_CLIENT_CONFIRMATION_OK"
25414,10406214690,10406214735,1,"IOTHUB_CLIENT_CONFIRMATION_OK"
25415,10406214890,10406214966,1,"IOTHUB_CLIENT_CONFIRMATION_OK"
25416,10406215090,10406215127,1,"IOTHUB_CLIENT_CONFIRMATION_OK"
25417,10406215290,10406215347,1,"IOTHUB_CLIENT_CONFIRMATION_OK"
25418,10406215491,10406215562,1,"IOTHUB_CLIENT_CONFIRMATION_OK"
25419,10406215691,10406215740,1,"IOTHUB_CLIENT_CONFIRMATION_OK"
25420,10406215891,10406215925,1,"IOTHUB_CLIENT_CONFIRMATION_OK"
25421,10406216091,10406216145,1,"IOTHUB_CLIENT_CONFIRMATION_OK"
25422,10406216291,10406216334,1,"IOTHUB_CLIENT_CONFIRMATION_OK"
25423,10406216491,10406216530,1,"IOTHUB_CLIENT_CONFIRMATION_OK"
25424,10406216692,10406216741,1,"IOTHUB_CLIENT_CONFIRMATION_OK"
25425,10406216892,10406216946,1,"IOTHUB_CLIENT_CONFIRMATION_OK"
25426,10406217092,10406217234,1,"IOTHUB_CLIENT_CONFIRMATION_OK"
25427,10406217292,10406217336,1,"IOTHUB_CLIENT_CONFIRMATION_OK"
25428,10406217492,10406217528,1,"IOTHUB_CLIENT_CONFIRMATION_OK"
25429,10406217692,10406217831,1,"IOTHUB_CLIENT_CONFIRMATION_OK"
25430,10406217893,10406217934,1,"IOTHUB_CLIENT_CONFIRMATION_OK"
25431,10406218093,10406218132,1,"IOTHUB_CLIENT_CONFIRMATION_OK"
25432,10406218293,10406218337,1,"IOTHUB_CLIENT_CONFIRMATION_OK"
25433,10406218493,10406218536,1,"IOTHUB_CLIENT_CONFIRMATION_OK"
25434,10406218693,10406218732,1,"IOTHUB_CLIENT_CONFIRMATION_OK"
25435,10406218893,10406219015,1,"IOTHUB_CLIENT_CONFIRMATION_OK"
25436,10406219094,10406219131,1,"IOTHUB_CLIENT_CONFIRMATION_OK"
25437,10406219294,10406219362,1,"IOTHUB_CLIENT_CONFIRMATION_OK"
25438,10406219494,10406219530,1,"IOTHUB_CLIENT_CONFIRMATION_OK"
25439,10406219694,10406219735,1,"IOTHUB_CLIENT_CONFIRMATION_OK"
25440,10406219894,10406220064,1,"IOTHUB_CLIENT_CONFIRMATION_OK"
25441,10406220094,10406220138,1,"IOTHUB_CLIENT_CONFIRMATION_OK"
25442,10406220295,10406220338,1,"IOTHUB_CLIENT_CONFIRMATION_OK"
25443,10406220495,10406220555,1,"IOTHUB_CLIENT_CONFIRMATION_OK"
25444,10406220695,10406220747,1,"IOTHUB_CLIENT_CONFIRMATION_OK"
25445,10406220895,10406220940,1,"IOTHUB_CLIENT_CONFIRMATION_OK"
25446,10406221095,10406221150,1,"IOTHUB_CLIENT_CONFIRMATION_OK"
25447,10406221295,10406221330,1,"IOTHUB_CLIENT_CONFIRMATION_OK"
25448,10406221495,10406221534,1,"IOTHUB_CLIENT_CONFIRMATION_OK"
25449,10406221696,10406221732,1,"IOTHUB_CLIENT_CONFIRMATION_OK"
25450,10406221896,10406221933,1,"IOTHUB_CLIENT_CONFIRMATION_OK"
25451,10406222096,10406222151,1,"IOTHUB_CLIENT_CONFIRMATION_OK"
25452,10406222296,10406222339,1,"IOTHUB_CLIENT_CONFIRMATION_OK"
25453,10406222496,10406222531,1,"IOTHUB_CLIENT_CONFIRMATION_OK"
25454,10406222696,10406222731,1,"IOTHUB_CLIENT_CONFIRMATION_OK"
25455,10406222897,10406222933,1,"IOTHUB_CLIENT_CONFIRMATION_OK"
25456,10406223097,10406223171,1,"IOTHUB_CLIENT_CONFIRMATION_OK"
25457,10406223297,10406223343,1,"IOTHUB_CLIENT_CONFIRMATION_OK"
25458,10406223497,10406223540,1,"IOTHUB_CLIENT_CONFIRMATION_OK"
25459,10406223697,10406223746,1,"IOTHUB_CLIENT_CONFIRMATION_OK"
25460,10406223897,10406223955,1,"IOTHUB_CLIENT_CONFIRMATION_OK"
25461,10406224098,10406224136,1,"IOTHUB_CLIENT_CONFIRMATION_OK"
25462,10406224298,10406224341,1,"IOTHUB_CLIENT_CONFIRMATION_OK"
25463,10406224498,10406224576,1,"IOTHUB_CLIENT_CONFIRMATION_OK"
25464,10406224698,10406224754,1,"IOTHUB_CLIENT_CONFIRMATION_OK"
25465,10406224898,10406224944,1,"IOTHUB_CLIENT_CONFIRMATION_OK"
25466,10406225098,10406225163,1,"IOTHUB_CLIENT_CONFIRMATION_OK"
25467,10406225299,10406225334,1,"IOTHUB_CLIENT_CONFIRMATION_OK"
25468,10406225499,10406225590,1,"IOTHUB_CLIENT_CONFIRMATION_OK"
25469,10406225699,10406225735,1,"IOTHUB_CLIENT_CONFIRMATION_OK"
25470,10406225899,10406225934,1,"IOTHUB_CLIENT_CONFIRMATION_OK"
25471,10406226099,10406226188,1,"IOTHUB_CLIENT_CONFIRMATION_OK"
25472,10406226299,10406226354,1,"IOTHUB_CLIENT_CONFIRMATION_OK"
25473,10406226500,10406226546,1,"IOTHUB_CLIENT_CONFIRMATION_OK"
25474,10406226700,10406226851,1,"IOTHUB_CLIENT_CONFIRMATION_OK"
25475,10406226900,10406226944,1,"IOTHUB_CLIENT_CONFIRMATION_OK"
25476,10406227100,10406227140,1,"IOTHUB_CLIENT_CONFIRMATION_OK"
25477,10406227300,10406227337,1,"IOTHUB_CLIENT_CONFIRMATION_OK"
25478,10406227500,10406227552,1,"IOTHUB_CLIENT_CONFIRMATION_OK"
25479,10406227700,10406227772,1,"IOTHUB_CLIENT_CONFIRMATION_OK"
25480,10406227901,10406227944,1,"IOTHUB_CLIENT_CONFIRMATION_OK"
25481,10406228101,10406228140,1,"IOTHUB_CLIENT_CONFIRMATION_OK"
25482,10406228301,10406228441,1,"IOTHUB_CLIENT_CONFIRMATION_OK"
25483,10406228501,10406228568,1,"IOTHUB_CLIENT_CONFIRMATION_OK"
25484,10406228701,10406228739,1,"IOTHUB_CLIENT_CONFIRMATION_OK"
25485,10406228901,10406229058,1,"IOTHUB_CLIENT_CONFIRMATION_OK"
25486,10406229102,10406229264,1,"IOTHUB_CLIENT_CONFIRMATION_OK"
25487,10406229302,10406229353,1,"IOTHUB_CLIENT_CONFIRMATION_OK"
25488,10406229502,10406229542,1,"IOTHUB_CLIENT_CONFIRMATION_OK"
25489,10406229702,10406229743,1,"IOTHUB_CLIENT_CONFIRMATION_OK"
25490,10406229902,10406229952,1,"IOTHUB_CLIENT_CONFIRMATION_OK"
25491,10406230102,10406230137,1,"IOTHUB_CLIENT_CONFIRMATION_OK"
25492,10406230303,10406230349,1,"IOTHUB_CLIENT_CONFIRMATION_OK"
25493,10406230503,10406230546,1,"IOTHUB_CLIENT_CONFIRMATION_OK"
25494,10406230703,10406230741,1,"IOTHUB_CLIENT_CONFIRMATION_OK"
25495,10406230903,10406230947,1,"IOTHUB_CLIENT_CONFIRMATION_OK"
25496,10406231103,10406231276,1,"IOTHUB_CLIENT_CONFIRMATION_OK"
25497,10406231303,10406231338,1,"IOTHUB_CLIENT_CONFIRMATION_OK"
25498,10406231504,10406231545,1,"IOTHUB_CLIENT_CONFIRMATION_OK"
25499,10406231704,10406231744,1,"IOTHUB_CLIENT_CONFIRMATION_OK"
25500,10406231904,10406231944,1,"IOTHUB_CLIENT_CONFIRMATION_OK"
25501,10406232104,10406232139,1,"IOTHUB_CLIENT_CONFIRMATION_OK"
25502,10406232304,10406232363,1,"IOTHUB_CLIENT_CONFIRMATION_OK"
25503,10406232504,10406232548,1,"IOTHUB_CLIENT_CONFIRMATION_OK"
25504,10406232704,10406232755,1,"IOTHUB_CLIENT_CONFIRMATION_OK"
25505,10406232905,10406232937,1,"IOTHUB_CLIENT_CONFIRMATION_OK"
25506,10406233105,10406233144,1,"IOTHUB_CLIENT_CONFIRMATION_OK"
25507,10406233305,10406233341,1,"IOTHUB_CLIENT_CONFIRMATION_OK"
25508,10406233505,10406233554,1,"IOTHUB_CLIENT_CONFIRMATION_OK"
25509,10406233705,10406233739,1,"IOTHUB_CLIENT_CONFIRMATION_OK"
25510,10406233905,10406234147,1,"IOTHUB_CLIENT_CONFIRMATION_OK"
25511,10406234105,10406234172,1,"IOTHUB_CLIENT_CONFIRMATION_OK"
25512,10406234306,10406234343,1,"IOTHUB_CLIENT_CONFIRMATION_OK"
25513,10406234506,10406234542,1,"IOTHUB_CLIENT_CONFIRMATION_OK"
25514,10406234706,10406234873,1,"IOTHUB_CLIENT_CONFIRMATION_OK"
25515,10406234906,10406234944,1,"IOTHUB_CLIENT_CONFIRMATION_OK"
25516,10406235106,10406235233,1,"IOTHUB_CLIENT_CONFIRMATION_OK"
25517,10406235306,10406235345,1,"IOTHUB_CLIENT_CONFIRMATION_OK"
25518,10406235507,10406235543,1,"IOTHUB_CLIENT_CONFIRMATION_OK"
25519,10406235707,10406235759,1,"IOTHUB_CLIENT_CONFIRMATION_OK"
25520,10406235907,10406235957,1,"IOTHUB_CLIENT_CONFIRMATION_OK"
25521,10406236107,10406236151,1,"IOTHUB_CLIENT_CONFIRMATION_OK"
25522,10406236307,10406236369,1,"IOTHUB_CLIENT_CONFIRMATION_OK"
25523,10406236507,10406236551,1,"IOTHUB_CLIENT_CONFIRMATION_OK"
25524,10406236708,10406236756,1,"IOTHUB_CLIENT_CONFIRMATION_OK"
25525,10406236908,10406236947,1,"IOTHUB_CLIENT_CONFIRMATION_OK"
25526,10406237108,10406237144,1,"IOTHUB_CLIENT_CONFIRMATION_OK"
25527,10406237308,10406237464,1,"IOTHUB_CLIENT_CONFIRMATION_OK"
25528,10406237508,10406237567,1,"IOTHUB_CLIENT_CONFIRMATION_OK"
25529,10406237708,10406237751,1,"IOTHUB_CLIENT_CONFIRMATION_OK"
25530,10406237909,10406237947,1,"IOTHUB_CLIENT_CONFIRMATION_OK"
25531,10406238109,10406238149,1,"IOTHUB_CLIENT_CONFIRMATION_OK"
25532,10406238309,10406238348,1,"IOTHUB_CLIENT_CONFIRMATION_OK"
25533,10406238509,10406238552,1,"IOTHUB_CLIENT_CONFIRMATION_OK"
25534,10406238709,10406238779,1,"IOTHUB_CLIENT_CONFIRMATION_OK"
25535,10406238909,10406238994,1,"IOTHUB_CLIENT_CONFIRMATION_OK"
25536,10406239109,10406239153,1,"IOTHUB_CLIENT_CONFIRMATION_OK"
25537,10406239310,10406239353,1,"IOTHUB_CLIENT_CONFIRMATION_OK"
25538,10406239510,10406239561,1,"IOTHUB_CLIENT_CONFIRMATION_OK"
25539,10406239710,10406239743,1,"IOTHUB_CLIENT_CONFIRMATION_OK"
25540,10406239910,10406239945,1,"IOTHUB_CLIENT_CONFIRMATION_OK"
25541,10406240110,10406240148,1,"IOTHUB_CLIENT_CONFIRMATION_OK"
25542,10406240310,10406240348,1,"IOTHUB_CLIENT_CONFIRMATION_OK"
25543,10406240511,10406240552,1,"IOTHUB_CLIENT_CONFIRMATION_OK"
25544,10406240711,10406240749,1,"IOTHUB_CLIENT_CONFIRMATION_OK"
25545,10406240911,10406240945,1,"IOTHUB_CLIENT_CONFIRMATION_OK"
25546,10406241111,10406241148,1,"IOTHUB_CLIENT_CONFIRMATION_OK"
25547,10406241311,10406241355,1,"IOTHUB_CLIENT_CONFIRMATION_OK"
25548,10406241511,10406241560,1,"IOTHUB_CLIENT_CONFIRMATION_OK"
25549,10406241712,10406241755,1,"IOTHUB_CLIENT_CONFIRMATION_OK"
25550,10406241912,10406241958,1,"IOTHUB_CLIENT_CONFIRMATION_OK"
25551,10406242112,10406242175,1,"IOTHUB_CLIENT_CONFIRMATION_OK"
25552,10406242312,10406242349,1,"IOTHUB_CLIENT_CONFIRMATION_OK"
25553,10406242512,10406242566,1,"IOTHUB_CLIENT_CONFIRMATION_OK"
25554,10406242712,10406242761,1,"IOTHUB_CLIENT_CONFIRMATION_OK"
25555,10406242912,10406242969,1,"IOTHUB_CLIENT_CONFIRMATION_OK"
25556,10406243113,10406243162,1,"IOTHUB_CLIENT_CONFIRMATION_OK"
25557,10406243313,10406243351,1,"IOTHUB_CLIENT_CONFIRMATION_OK"
25558,10406243513,10406243585,1,"IOTHUB_CLIENT_CONFIRMATION_OK"
25559,10406243713,10406243780,1,"IOTHUB_CLIENT_CONFIRMATION_OK"
25560,10406243913,10406243955,1,"IOTHUB_CLIENT_CONFIRMATION_OK"
25561,10406244113,10406244225,1,"IOTHUB_CLIENT_CONFIRMATION_OK"
25562,10406244314,10406244370,1,"IOTHUB_CLIENT_CONFIRMATION_OK"
25563,10406244514,10406244552,1,"IOTHUB_CLIENT_CONFIRMATION_OK"
25564,10406244714,10406244864,1,"IOTHUB_CLIENT_CONFIRMATION_OK"
25565,10406244914,10406244959,1,"IOTHUB_CLIENT_CONFIRMATION_OK"
25566,10406245114,10406245153,1,"IOTHUB_CLIENT_CONFIRMATION_OK"
25567,10406245314,10406245362,1,"IOTHUB_CLIENT_CONFIRMATION_OK"
25568,10406245515,10406245550,1,"IOTHUB_CLIENT_CONFIRMATION_OK"
25569,10406245715,10406245886,1,"IOTHUB_CLIENT_CONFIRMATION_OK"
25570,10406245915,10406245952,1,"IOTHUB_CLIENT_CONFIRMATION_OK"
25571,10406246115,10406246158,1,"IOTHUB_CLIENT_CONFIRMATION_OK"
25572,10406246315,10406246473,1,"IOTHUB_CLIENT_CONFIRMATION_OK"
25573,10406246515,10406246553,1,"IOTHUB_CLIENT_CONFIRMATION_OK"
25574,10406246716,10406246763,1,"IOTHUB_CLIENT_CONFIRMATION_OK"
25575,10406246916,10406246965,1,"IOTHUB_CLIENT_CONFIRMATION_OK"
25576,10406247116,10406247157,1,"IOTHUB_CLIENT_CONFIRMATION_OK"
25577,10406247316,10406247363,1,"IOTHUB_CLIENT_CONFIRMATION_OK"
25578,10406247516,10406247573,1,"IOTHUB_CLIENT_CONFIRMATION_OK"
25579,10406247716,10406247762,1,"IOTHUB_CLIENT_CONFIRMATION_OK"
25580,10406247916,10406247959,1,"IOTHUB_CLIENT_CONFIRMATION_OK"
25581,10406248117,10406248154,1,"IOTHUB_CLIENT_CONFIRMATION_OK"
25582,10406248317,10406248357,1,"IOTHUB_CLIENT_CONFIRMATION_OK"
25583,10406248517,10406248721,1,"IOTHUB_CLIENT_CONFIRMATION_OK"
25584,10406248717,10406248759,1,"IOTHUB_CLIENT_CONFIRMATION_OK"
25585,10406248917,10406248973,1,"IOTHUB_CLIENT_CONFIRMATION_OK"
25586,10406249117,10406249167,1,"IOTHUB_CLIENT_CONFIRMATION_OK"
25587,10406249318,10406249393,1,"IOTHUB_CLIENT_CONFIRMATION_OK"
25588,10406249518,10406249555,1,"IOTHUB_CLIENT_CONFIRMATION_OK"
25589,10406249718,10406249759,1,"IOTHUB_CLIENT_CONFIRMATION_OK"
25590,10406249918,10406250001,1,"IOTHUB_CLIENT_CONFIRMATION_OK"
25591,10406250118,10406250157,1,"IOTHUB_CLIENT_CONFIRMATION_OK"
25592,10406250318,10406250357,1,"IOTHUB_CLIENT_CONFIRMATION_OK"
25593,10406250519,10406250567,1,"IOTHUB_CLIENT_CONFIRMATION_OK"
25594,10406250719,10406251005,1,"IOTHUB_CLIENT_CONFIRMATION_OK"
25595,10406250919,10406251026,1,"IOTHUB_CLIENT_CONFIRMATION_OK"
25596,10406251119,10406251162,1,"IOTHUB_CLIENT_CONFIRMATION_OK"
25597,10406251319,10406251419,1,"IOTHUB_CLIENT_CONFIRMATION_OK"
25598,10406251519,10406251575,1,"IOTHUB_CLIENT_CONFIRMATION_OK"
25599,10406251719,10406251770,1,"IOTHUB_CLIENT_CONFIRMATION_OK"
25600,10406251920,10406252028,1,"IOTHUB_CLIENT_CONFIRMATION_OK"
25601,10406252120,10406252158,1,"IOTHUB_CLIENT_CONFIRMATION_OK"
25602,10406252320,10406252369,1,"IOTHUB_CLIENT_CONFIRMATION_OK"
25603,10406252520,10406252657,1,"IOTHUB_CLIENT_CONFIRMATION_OK"
25604,10406252720,10406252797,1,"IOTHUB_CLIENT_CONFIRMATION_OK"
25605,10406252920,10406252980,1,"IOTHUB_CLIENT_CONFIRMATION_OK"
25606,10406253121,10406253163,1,"IOTHUB_CLIENT_CONFIRMATION_OK"
25607,10406253321,10406253384,1,"IOTHUB_CLIENT_CONFIRMATION_OK"
25608,10406253521,10406253561,1,"IOTHUB_CLIENT_CONFIRMATION_OK"
25609,10406253721,10406253762,1,"IOTHUB_CLIENT_CONFIRMATION_OK"
25610,10406253921,10406253970,1,"IOTHUB_CLIENT_CONFIRMATION_OK"
25611,10406254121,10406254313,1,"IOTHUB_CLIENT_CONFIRMATION_OK"
25612,10406254322,10406254357,1,"IOTHUB_CLIENT_CONFIRMATION_OK"
25613,10406254522,10406254582,1,"IOTHUB_CLIENT_CONFIRMATION_OK"
25614,10406254722,10406254776,1,"IOTHUB_CLIENT_CONFIRMATION_OK"
25615,10406254922,10406254964,1,"IOTHUB_CLIENT_CONFIRMATION_OK"
25616,10406255122,10406255162,1,"IOTHUB_CLIENT_CONFIRMATION_OK"
25617,10406255322,10406255365,1,"IOTHUB_CLIENT_CONFIRMATION_OK"
25618,10406255523,10406255627,1,"IOTHUB_CLIENT_CONFIRMATION_OK"
25619,10406255723,10406255764,1,"IOTHUB_CLIENT_CONFIRMATION_OK"
25620,10406255923,10406255961,1,"IOTHUB_CLIENT_CONFIRMATION_OK"
25621,10406256123,10406256158,1,"IOTHUB_CLIENT_CONFIRMATION_OK"
25622,10406256323,10406256388,1,"IOTHUB_CLIENT_CONFIRMATION_OK"
25623,10406256523,10406256576,1,"IOTHUB_CLIENT_CONFIRMATION_OK"
25624,10406256723,10406256768,1,"IOTHUB_CLIENT_CONFIRMATION_OK"
25625,10406256924,10406256965,1,"IOTHUB_CLIENT_CONFIRMATION_OK"
25626,10406257124,10406257164,1,"IOTHUB_CLIENT_CONFIRMATION_OK"
25627,10406257324,10406257367,1,"IOTHUB_CLIENT_CONFIRMATION_OK"
25628,10406257524,10406257569,1,"IOTHUB_CLIENT_CONFIRMATION_OK"
25629,10406257724,10406257760,1,"IOTHUB_CLIENT_CONFIRMATION_OK"
25630,10406257924,10406257973,1,"IOTHUB_CLIENT_CONFIRMATION_OK"
25631,10406258125,10406258165,1,"IOTHUB_CLIENT_CONFIRMATION_OK"
25632,10406258325,10406258366,1,"IOTHUB_CLIENT_CONFIRMATION_OK"
25633,10406258525,10406258594,1,"IOTHUB_CLIENT_CONFIRMATION_OK"
25634,10406258725,10406258789,1,"IOTHUB_CLIENT_CONFIRMATION_OK"
25635,10406258925,10406258968,1,"IOTHUB_CLIENT_CONFIRMATION_OK"
25636,10406259125,10406259165,1,"IOTHUB_CLIENT_CONFIRMATION_OK"
25637,10406259326,10406259387,1,"IOTHUB_CLIENT_CONFIRMATION_OK"
25638,10406259526,10406259566,1,"IOTHUB_CLIENT_CONFIRMATION_OK"
25639,10406259726,10406259787,1,"IOTHUB_CLIENT_CONFIRMATION_OK"
25640,10406259926,10406259959,1,"IOTHUB_CLIENT_CONFIRMATION_OK"
25641,10406260126,10406260184,1,"IOTHUB_CLIENT_CONFIRMATION_OK"
25642,10406260326,10406260401,1,"IOTHUB_CLIENT_CONFIRMATION_OK"
25643,10406260527,10406260567,1,"IOTHUB_CLIENT_CONFIRMATION_OK"
25644,10406260727,10406260849,1,"IOTHUB_CLIENT_CONFIRMATION_OK"
25645,10406260927,10406261139,1,"IOTHUB_CLIENT_CONFIRMATION_OK"
25646,10406261127,10406261167,1,"IOTHUB_CLIENT_CONFIRMATION_OK"
25647,10406261327,10406261456,1,"IOTHUB_CLIENT_CONFIRMATION_OK"
25648,10406261527,10406261564,1,"IOTHUB_CLIENT_CONFIRMATION_OK"
25649,10406261727,10406261768,1,"IOTHUB_CLIENT_CONFIRMATION_OK"
25650,10406261928,10406261967,1,"IOTHUB_CLIENT_CONFIRMATION_OK"
25651,10406262128,10406262160,1,"IOTHUB_CLIENT_CONFIRMATION_OK"
25652,10406262328,10406262368,1,"IOTHUB_CLIENT_CONFIRMATION_OK"
25653,10406262528,10406262764,1,"IOTHUB_CLIENT_CONFIRMATION_OK"
25654,10406262728,10406262790,1,"IOTHUB_CLIENT_CONFIRMATION_OK"
25655,10406262928,10406262974,1,"IOTHUB_CLIENT_CONFIRMATION_OK"
25656,10406263129,10406263173,1,"IOTHUB_CLIENT_CONFIRMATION_OK"
25657,10406263329,10406263368,1,"IOTHUB_CLIENT_CONFIRMATION_OK"
25658,10406263529,10406263565,1,"IOTHUB_CLIENT_CONFIRMATION_OK"
25659,10406263729,10406263779,1,"IOTHUB_CLIENT_CONFIRMATION_OK"
25660,10406263929,10406263971,1,"IOTHUB_CLIENT_CONFIRMATION_OK"
25661,10406264129,10406264163,1,"IOTHUB_CLIENT_CONFIRMATION_OK"
25662,10406264330,10406264409,1,"IOTHUB_CLIENT_CONFIRMATION_OK"
25663,10406264530,10406264568,1,"IOTHUB_CLIENT_CONFIRMATION_OK"
25664,10406264730,10406264774,1,"IOTHUB_CLIENT_CONFIRMATION_OK"
25665,10406264930,10406264971,1,"IOTHUB_CLIENT_CONFIRMATION_OK"
25666,10406265130,10406265169,1,"IOTHUB_CLIENT_CONFIRMATION_OK"
25667,10406265330,10406265397,1,"IOTHUB_CLIENT_CONFIRMATION_OK"
25668,10406265530,10406265570,1,"IOTHUB_CLIENT_CONFIRMATION_OK"
25669,10406265731,10406265920,1,"IOTHUB_CLIENT_CONFIRMATION_OK"
25670,10406265931,10406266152,1,"IOTHUB_CLIENT_CONFIRMATION_OK"
25671,10406266131,10406266175,1,"IOTHUB_CLIENT_CONFIRMATION_OK"
25672,10406266331,10406266382,1,"IOTHUB_CLIENT_CONFIRMATION_OK"
25673,10406266531,10406266574,1,"IOTHUB_CLIENT_CONFIRMATION_OK"
25674,10406266731,10406266799,1,"IOTHUB_CLIENT_CONFIRMATION_OK"
25675,10406266932,10406266999,1,"IOTHUB_CLIENT_CONFIRMATION_OK"
25676,10406267132,10406267259,1,"IOTHUB_CLIENT_CONFIRMATION_OK"
25677,10406267332,10406267370,1,"IOTHUB_CLIENT_CONFIRMATION_OK"
25678,10406267532,10406267566,1,"IOTHUB_CLIENT_CONFIRMATION_OK"
25679,10406267732,10406267794,1,"IOTHUB_CLIENT_CONFIRMATION_OK"
25680,10406267932,10406267974,1,"IOTHUB_CLIENT_CONFIRMATION_OK"
25681,10406268133,10406268172,1,"IOTHUB_CLIENT_CONFIRMATION_OK"
25682,10406268333,10406268399,1,"IOTHUB_CLIENT_CONFIRMATION_OK"
25683,10406268533,10406268595,1,"IOTHUB_CLIENT_CONFIRMATION_OK"
25684,10406268733,10406268864,1,"IOTHUB_CLIENT_CONFIRMATION_OK"
25685,10406268933,10406269682,1,"IOTHUB_CLIENT_CONFIRMATION_OK"
25686,10406269133,10406269730,1,"IOTHUB_CLIENT_CONFIRMATION_OK"
25687,10406269333,10406269798,1,"IOTHUB_CLIENT_CONFIRMATION_OK"
25688,10406269534,10406269863,1,"IOTHUB_CLIENT_CONFIRMATION_OK"
25689,10406269734,10406269926,1,"IOTHUB_CLIENT_CONFIRMATION_OK"
25690,10406269934,10406270199,1,"IOTHUB_CLIENT_CONFIRMATION_OK"
25691,10406270134,10406270227,1,"IOTHUB_CLIENT_CONFIRMATION_OK"
25692,10406270334,10406270373,1,"IOTHUB_CLIENT_CONFIRMATION_OK"
25693,10406270534,10406270599,1,"IOTHUB_CLIENT_CONFIRMATION_OK"
25694,10406270735,10406270775,1,"IOTHUB_CLIENT_CONFIRMATION_OK"
25695,10406270935,10406270974,1,"IOTHUB_CLIENT_CONFIRMATION_OK"
25696,10406271135,10406271172,1,"IOTHUB_CLIENT_CONFIRMATION_OK"
25697,10406271335,10406271370,1,"IOTHUB_CLIENT_CONFIRMATION_OK"
25698,10406271535,10406271744,1,"IOTHUB_CLIENT_CONFIRMATION_OK"
25699,10406271735,10406271774,1,"IOTHUB_CLIENT_CONFIRMATION_OK"
25700,10406271936,10406271976,1,"IOTHUB_CLIENT_CONFIRMATION_OK"
25701,10406272136,10406272215,1,"IOTHUB_CLIENT_CONFIRMATION_OK"
25702,10406272336,10406272387,1,"IOTHUB_CLIENT_CONFIRMATION_OK"
25703,10406272536,10406272581,1,"IOTHUB_CLIENT_CONFIRMATION_OK"
25704,10406272736,10406272811,1,"IOTHUB_CLIENT_CONFIRMATION_OK"
25705,10406272936,10406272974,1,"IOTHUB_CLIENT_CONFIRMATION_OK"
25706,10406273136,10406273176,1,"IOTHUB_CLIENT_CONFIRMATION_OK"
25707,10406273337,10406273430,1,"IOTHUB_CLIENT_CONFIRMATION_OK"
25708,10406273537,10406273575,1,"IOTHUB_CLIENT_CONFIRMATION_OK"
25709,10406273737,10406273779,1,"IOTHUB_CLIENT_CONFIRMATION_OK"
25710,10406273937,10406273987,1,"IOTHUB_CLIENT_CONFIRMATION_OK"
25711,10406274137,10406274198,1,"IOTHUB_CLIENT_CONFIRMATION_OK"
25712,10406274337,10406274521,1,"IOTHUB_CLIENT_CONFIRMATION_OK"
25713,10406274538,10406274578,1,"IOTHUB_CLIENT_CONFIRMATION_OK"
25714,10406274738,10406274779,1,"IOTHUB_CLIENT_CONFIRMATION_OK"
25715,10406274938,10406275077,1,"IOTHUB_CLIENT_CONFIRMATION_OK"
25716,10406275138,10406275179,1,"IOTHUB_CLIENT_CONFIRMATION_OK"
25717,10406275338,10406275419,1,"IOTHUB_CLIENT_CONFIRMATION_OK"
25718,10406275538,10406275578,1,"IOTHUB_CLIENT_CONFIRMATION_OK"
25719,10406275738,10406275777,1,"IOTHUB_CLIENT_CONFIRMATION_OK"
25720,10406275939,10406275985,1,"IOTHUB_CLIENT_CONFIRMATION_OK"
25721,10406276139,10406276176,1,"IOTHUB_CLIENT_CONFIRMATION_OK"
25722,10406276339,10406276379,1,"IOTHUB_CLIENT_CONFIRMATION_OK"
25723,10406276539,10406276570,1,"IOTHUB_CLIENT_CONFIRMATION_OK"
25724,10406276739,10406276804,1,"IOTHUB_CLIENT_CONFIRMATION_OK"
25725,10406276939,10406276982,1,"IOTHUB_CLIENT_CONFIRMATION_OK"
25726,10406277140,10406277304,1,"IOTHUB_CLIENT_CONFIRMATION_OK"
25727,10406277340,10406277383,1,"IOTHUB_CLIENT_CONFIRMATION_OK"
25728,10406277540,10406277581,1,"IOTHUB_CLIENT_CONFIRMATION_OK"
25729,10406277740,10406277812,1,"IOTHUB_CLIENT_CONFIRMATION_OK"
25730,10406277940,10406277980,1,"IOTHUB_CLIENT_CONFIRMATION_OK"
25731,10406278140,10406278179,1,"IOTHUB_CLIENT_CONFIRMATION_OK"
25732,10406278341,10406278378,1,"IOTHUB_CLIENT_CONFIRMATION_OK"
25733,10406278541,10406278585,1,"IOTHUB_CLIENT_CONFIRMATION_OK"
25734,10406278741,10406278780,1,"IOTHUB_CLIENT_CONFIRMATION_OK"
25735,10406278941,10406278983,1,"IOTHUB_CLIENT_CONFIRMATION_OK"
25736,10406279141,10406279176,1,"IOTHUB_CLIENT_CONFIRMATION_OK"
25737,10406279341,10406279390,1,"IOTHUB_CLIENT_CONFIRMATION_OK"
25738,10406279542,10406279600,1,"IOTHUB_CLIENT_CONFIRMATION_OK"
25739,10406279742,10406279792,1,"IOTHUB_CLIENT_CONFIRMATION_OK"
25740,10406279942,10406279984,1,"IOTHUB_CLIENT_CONFIRMATION_OK"
25741,10406280142,10406280185,1,"IOTHUB_CLIENT_CONFIRMATION_OK"
25742,10406280342,10406280381,1,"IOTHUB_CLIENT_CONFIRMATION_OK"
25743,10406280542,10406280618,1,"IOTHUB_CLIENT_CONFIRMATION_OK"
25744,10406280742,10406280811,1,"IOTHUB_CLIENT_CONFIRMATION_OK"
25745,10406280943,10406281020,1,"IOTHUB_CLIENT_CONFIRMATION_OK"
25746,10406281143,10406281233,1,"IOTHUB_CLIENT_CONFIRMATION_OK"
25747,10406281343,10406281381,1,"IOTHUB_CLIENT_CONFIRMATION_OK"
25748,10406281543,10406281578,1,"IOTHUB_CLIENT_CONFIRMATION_OK"
25749,10406281743,10406281782,1,"IOTHUB_CLIENT_CONFIRMATION_OK"
25750,10406281943,10406281981,1,"IOTHUB_CLIENT_CONFIRMATION_OK"
25751,10406282144,10406282181,1,"IOTHUB_CLIENT_CONFIRMATION_OK"
25752,10406282344,10406282381,1,"IOTHUB_CLIENT_CONFIRMATION_OK"
25753,10406282544,10406282589,1,"IOTHUB_CLIENT_CONFIRMATION_OK"
25754,10406282744,10406282864,1,"IOTHUB_CLIENT_CONFIRMATION_OK"
25755,10406282944,10406282992,1,"IOTHUB_CLIENT_CONFIRMATION_OK"
25756,10406283144,10406283179,1,"IOTHUB_CLIENT_CONFIRMATION_OK"
25757,10406283345,10406283473,1,"IOTHUB_CLIENT_CONFIRMATION_OK"
25758,10406283545,10406283588,1,"IOTHUB_CLIENT_CONFIRMATION_OK"
25759,10406283745,10406283780,1,"IOTHUB_CLIENT_CONFIRMATION_OK"
25760,10406283945,10406284087,1,"IOTHUB_CLIENT_CONFIRMATION_OK"
25761,10406284145,10406284181,1,"IOTHUB_CLIENT_CONFIRMATION_OK"
25762,10406284345,10406284390,1,"IOTHUB_CLIENT_CONFIRMATION_OK"
25763,10406284545,10406284583,1,"IOTHUB_CLIENT_CONFIRMATION_OK"
25764,10406284746,10406284792,1,"IOTHUB_CLIENT_CONFIRMATION_OK"
25765,10406284946,10406284994,1,"IOTHUB_CLIENT_CONFIRMATION_OK"
25766,10406285146,10406285186,1,"IOTHUB_CLIENT_CONFIRMATION_OK"
25767,10406285346,10406285386,1,"IOTHUB_CLIENT_CONFIRMATION_OK"
25768,10406285546,10406285765,1,"IOTHUB_CLIENT_CONFIRMATION_OK"
25769,10406285746,10406285790,1,"IOTHUB_CLIENT_CONFIRMATION_OK"
25770,10406285947,10406285987,1,"IOTHUB_CLIENT_CONFIRMATION_OK"
25771,10406286147,10406286185,1,"IOTHUB_CLIENT_CONFIRMATION_OK"
25772,10406286347,10406286392,1,"IOTHUB_CLIENT_CONFIRMATION_OK"
25773,10406286547,10406286588,1,"IOTHUB_CLIENT_CONFIRMATION_OK"
25774,10406286747,10406286787,1,"IOTHUB_CLIENT_CONFIRMATION_OK"
25775,10406286947,10406287002,1,"IOTHUB_CLIENT_CONFIRMATION_OK"
25776,10406287148,10406287187,1,"IOTHUB_CLIENT_CONFIRMATION_OK"
25777,10406287348,10406287388,1,"IOTHUB_CLIENT_CONFIRMATION_OK"
25778,10406287548,10406287590,1,"IOTHUB_CLIENT_CONFIRMATION_OK"
25779,10406287748,10406287796,1,"IOTHUB_CLIENT_CONFIRMATION_OK"
25780,10406287948,10406288001,1,"IOTHUB_CLIENT_CONFIRMATION_OK"
25781,10406288148,10406288196,1,"IOTHUB_CLIENT_CONFIRMATION_OK"
25782,10406288349,10406288403,1,"IOTHUB_CLIENT_CONFIRMATION_OK"
25783,10406288549,10406288587,1,"IOTHUB_CLIENT_CONFIRMATION_OK"
25784,10406288749,10406288791,1,"IOTHUB_CLIENT_CONFIRMATION_OK"
25785,10406288949,10406289016,1,"IOTHUB_CLIENT_CONFIRMATION_OK"
25786,10406289149,10406289190,1,"IOTHUB_CLIENT_CONFIRMATION_OK"
25787,10406289349,10406289392,1,"IOTHUB_CLIENT_CONFIRMATION_OK"
25788,10406289549,10406289658,1,"IOTHUB_CLIENT_CONFIRMATION_OK"
25789,10406289749,10406289787,1,"IOTHUB_CLIENT_CONFIRMATION_OK"
25790,10406289950,10406289988,1,"IOTHUB_CLIENT_CONFIRMATION_OK"
25791,10406290150,10406290184,1,"IOTHUB_CLIENT_CONFIRMATION_OK"
25792,10406290350,10406290385,1,"IOTHUB_CLIENT_CONFIRMATION_OK"
25793,10406290550,10406290639,1,"IOTHUB_CLIENT_CONFIRMATION_OK"
25794,10406290750,10406290865,1,"IOTHUB_CLIENT_CONFIRMATION_OK"
25795,10406290950,10406291002,1,"IOTHUB_CLIENT_CONFIRMATION_OK"
25796,10406291151,10406291297,1,"IOTHUB_CLIENT_CONFIRMATION_OK"
25797,10406291351,10406291390,1,"IOTHUB_CLIENT_CONFIRMATION_OK"
25798,10406291551,10406291623,1,"IOTHUB_CLIENT_CONFIRMATION_OK"
25799,10406291751,10406291902,1,"IOTHUB_CLIENT_CONFIRMATION_OK"
25800,10406291951,10406291990,1,"IOTHUB_CLIENT_CONFIRMATION_OK"
25801,10406292151,10406292193,1,"IOTHUB_CLIENT_CONFIRMATION_OK"
25802,10406292352,10406292404,1,"IOTHUB_CLIENT_CONFIRMATION_OK"
25803,10406292552,10406292591,1,"IOTHUB_CLIENT_CONFIRMATION_OK"
25804,10406292752,10406292791,1,"IOTHUB_CLIENT_CONFIRMATION_OK"
25805,10406292952,10406292993,1,"IOTHUB_CLIENT_CONFIRMATION_OK"
25806,10406293152,10406293215,1,"IOTHUB_CLIENT_CONFIRMATION_OK"
25807,10406293352,10406293408,1,"IOTHUB_CLIENT_CONFIRMATION_OK"
25808,10406293552,10406293587,1,"IOTHUB_CLIENT_CONFIRMATION_OK"
25809,10406293753,10406293786,1,"IOTHUB_CLIENT_CONFIRMATION_OK"
25810,10406293953,10406294123,1,"IOTHUB_CLIENT_CONFIRMATION_OK"
25811,10406294153,10406294190,1,"IOTHUB_CLIENT_CONFIRMATION_OK"
25812,10406294353,10406294393,1,"IOTHUB_CLIENT_CONFIRMATION_OK"
25813,10406294553,10406294595,1,"IOTHUB_CLIENT_CONFIRMATION_OK"
25814,10406294753,10406294790,1,"IOTHUB_CLIENT_CONFIRMATION_OK"
25815,10406294954,10406294994,1,"IOTHUB_CLIENT_CONFIRMATION_OK"
25816,10406295154,10406295196,1,"IOTHUB_CLIENT_CONFIRMATION_OK"
25817,10406295354,10406295390,1,"IOTHUB_CLIENT_CONFIRMATION_OK"
25818,10406295554,10406295594,1,"IOTHUB_CLIENT_CONFIRMATION_OK"
25819,10406295754,10406295789,1,"IOTHUB_CLIENT_CONFIRMATION_OK"
25820,10406295954,10406295998,1,"IOTHUB_CLIENT_CONFIRMATION_OK"
25821,10406296155,10406296287,1,"IOTHUB_CLIENT_CONFIRMATION_OK"
25822,10406296355,10406296414,1,"IOTHUB_CLIENT_CONFIRMATION_OK"
25823,10406296555,10406296596,1,"IOTHUB_CLIENT_CONFIRMATION_OK"
25824,10406296755,10406296802,1,"IOTHUB_CLIENT_CONFIRMATION_OK"
25825,10406296955,10406297010,1,"IOTHUB_CLIENT_CONFIRMATION_OK"
25826,10406297155,10406297200,1,"IOTHUB_CLIENT_CONFIRMATION_OK"
25827,10406297356,10406297394,1,"IOTHUB_CLIENT_CONFIRMATION_OK"
25828,10406297556,10406297595,1,"IOTHUB_CLIENT_CONFIRMATION_OK"
25829,10406297756,10406297794,1,"IOTHUB_CLIENT_CONFIRMATION_OK"
25830,10406297956,10406298024,1,"IOTHUB_CLIENT_CONFIRMATION_OK"
25831,10406298156,10406298195,1,"IOTHUB_CLIENT_CONFIRMATION_OK"
25832,10406298356,10406298415,1,"IOTHUB_CLIENT_CONFIRMATION_OK"
25833,10406298556,10406298615,1,"IOTHUB_CLIENT_CONFIRMATION_OK"
25834,10406298757,10406298796,1,"IOTHUB_CLIENT_CONFIRMATION_OK"
25835,10406298957,10406298997,1,"IOTHUB_CLIENT_CONFIRMATION_OK"
25836,10406299157,10406299220,1,"IOTHUB_CLIENT_CONFIRMATION_OK"
25837,10406299357,10406299426,1,"IOTHUB_CLIENT_CONFIRMATION_OK"
25838,10406299557,10406299594,1,"IOTHUB_CLIENT_CONFIRMATION_OK"
25839,10406299757,10406299795,1,"IOTHUB_CLIENT_CONFIRMATION_OK"
25840,10406299958,10406300059,1,"IOTHUB_CLIENT_CONFIRMATION_OK"
25841,10406300158,10406300231,1,"IOTHUB_CLIENT_CONFIRMATION_OK"
25842,10406300358,10406300398,1,"IOTHUB_CLIENT_CONFIRMATION_OK"
25843,10406300558,10406300599,1,"IOTHUB_CLIENT_CONFIRMATION_OK"
25844,10406300758,10406300843,1,"IOTHUB_CLIENT_CONFIRMATION_OK"
25845,10406300958,10406300997,1,"IOTHUB_CLIENT_CONFIRMATION_OK"
25846,10406301159,10406301197,1,"IOTHUB_CLIENT_CONFIRMATION_OK"
25847,10406301359,10406301455,1,"IOTHUB_CLIENT_CONFIRMATION_OK"
25848,10406301559,10406301597,1,"IOTHUB_CLIENT_CONFIRMATION_OK"
25849,10406301759,10406301796,1,"IOTHUB_CLIENT_CONFIRMATION_OK"
25850,10406301959,10406302024,1,"IOTHUB_CLIENT_CONFIRMATION_OK"
25851,10406302159,10406302226,1,"IOTHUB_CLIENT_CONFIRMATION_OK"
25852,10406302360,10406302398,1,"IOTHUB_CLIENT_CONFIRMATION_OK"
25853,10406302560,10406302622,1,"IOTHUB_CLIENT_CONFIRMATION_OK"
25854,10406302760,10406302800,1,"IOTHUB_CLIENT_CONFIRMATION_OK"
25855,10406302960,10406303085,1,"IOTHUB_CLIENT_CONFIRMATION_OK"
25856,10406303160,10406303228,1,"IOTHUB_CLIENT_CONFIRMATION_OK"
25857,10406303360,10406303396,1,"IOTHUB_CLIENT_CONFIRMATION_OK"
25858,10406303561,10406303702,1,"IOTHUB_CLIENT_CONFIRMATION_OK"
25859,10406303761,10406303808,1,"IOTHUB_CLIENT_CONFIRMATION_OK"
25860,10406303961,10406304005,1,"IOTHUB_CLIENT_CONFIRMATION_OK"
25861,10406304161,10406304207,1,"IOTHUB_CLIENT_CONFIRMATION_OK"
25862,10406304361,10406304399,1,"IOTHUB_CLIENT_CONFIRMATION_OK"
25863,10406304561,10406304603,1,"IOTHUB_CLIENT_CONFIRMATION_OK"
25864,10406304762,10406304812,1,"IOTHUB_CLIENT_CONFIRMATION_OK"
25865,10406304962,10406304998,1,"IOTHUB_CLIENT_CONFIRMATION_OK"
25866,10406305162,10406305221,1,"IOTHUB_CLIENT_CONFIRMATION_OK"
25867,10406305362,10406305414,1,"IOTHUB_CLIENT_CONFIRMATION_OK"
25868,10406305562,10406305619,1,"IOTHUB_CLIENT_CONFIRMATION_OK"
25869,10406305762,10406305949,1,"IOTHUB_CLIENT_CONFIRMATION_OK"
25870,10406305962,10406305995,1,"IOTHUB_CLIENT_CONFIRMATION_OK"
25871,10406306163,10406306218,1,"IOTHUB_CLIENT_CONFIRMATION_OK"
25872,10406306363,10406306406,1,"IOTHUB_CLIENT_CONFIRMATION_OK"
25873,10406306563,10406306611,1,"IOTHUB_CLIENT_CONFIRMATION_OK"
25874,10406306763,10406306807,1,"IOTHUB_CLIENT_CONFIRMATION_OK"
25875,10406306963,10406307001,1,"IOTHUB_CLIENT_CONFIRMATION_OK"
25876,10406307163,10406307202,1,"IOTHUB_CLIENT_CONFIRMATION_OK"
25877,10406307364,10406307405,1,"IOTHUB_CLIENT_CONFIRMATION_OK"
25878,10406307564,10406307615,1,"IOTHUB_CLIENT_CONFIRMATION_OK"
25879,10406307764,10406307811,1,"IOTHUB_CLIENT_CONFIRMATION_OK"
25880,10406307964,10406308003,1,"IOTHUB_CLIENT_CONFIRMATION_OK"
25881,10406308164,10406308202,1,"IOTHUB_CLIENT_CONFIRMATION_OK"
25882,10406308364,10406308402,1,"IOTHUB_CLIENT_CONFIRMATION_OK"
25883,10406308565,10406308631,1,"IOTHUB_CLIENT_CONFIRMATION_OK"
25884,10406308765,10406308801,1,"IOTHUB_CLIENT_CONFIRMATION_OK"
25885,10406308965,10406309000,1,"IOTHUB_CLIENT_CONFIRMATION_OK"
25886,10406309165,10406309250,1,"IOTHUB_CLIENT_CONFIRMATION_OK"
25887,10406309365,10406309402,1,"IOTHUB_CLIENT_CONFIRMATION_OK"
25888,10406309565,10406309607,1,"IOTHUB_CLIENT_CONFIRMATION_OK"
25889,10406309765,10406309858,1,"IOTHUB_CLIENT_CONFIRMATION_OK"
25890,10406309966,10406310015,1,"IOTHUB_CLIENT_CONFIRMATION_OK"
25891,10406310166,10406310222,1,"IOTHUB_CLIENT_CONFIRMATION_OK"
25892,10406310366,10406310451,1,"IOTHUB_CLIENT_CONFIRMATION_OK"
25893,10406310566,10406310601,1,"IOTHUB_CLIENT_CONFIRMATION_OK"
25894,10406310766,10406310811,1,"IOTHUB_CLIENT_CONFIRMATION_OK"
25895,10406310966,10406311003,1,"IOTHUB_CLIENT_CONFIRMATION_OK"
25896,10406311167,10406311216,1,"IOTHUB_CLIENT_CONFIRMATION_OK"
25897,10406311367,10406311469,1,"IOTHUB_CLIENT_CONFIRMATION_OK"
25898,10406311567,10406311614,1,"IOTHUB_CLIENT_CONFIRMATION_OK"
25899,10406311767,10406311813,1,"IOTHUB_CLIENT_CONFIRMATION_OK"
25900,10406311967,10406312083,1,"IOTHUB_CLIENT_CONFIRMATION_OK"
25901,10406312167,10406312208,1,"IOTHUB_CLIENT_CONFIRMATION_OK"
25902,10406312367,10406312424,1,"IOTHUB_CLIENT_CONFIRMATION_OK"
25903,10406312568,10406312710,1,"IOTHUB_CLIENT_CONFIRMATION_OK"
25904,10406312768,10406312805,1,"IOTHUB_CLIENT_CONFIRMATION_OK"
25905,10406312968,10406313104,1,"IOTHUB_CLIENT_CONFIRMATION_OK"
25906,10406313168,10406313357,1,"IOTHUB_CLIENT_CONFIRMATION_OK"
25907,10406313368,10406313419,1,"IOTHUB_CLIENT_CONFIRMATION_OK"
25908,10406313568,10406313612,1,"IOTHUB_CLIENT_CONFIRMATION_OK"
25909,10406313769,10406313834,1,"IOTHUB_CLIENT_CONFIRMATION_OK"
25910,10406313969,10406314007,1,"IOTHUB_CLIENT_CONFIRMATION_OK"
25911,10406314169,10406314356,1,"IOTHUB_CLIENT_CONFIRMATION_OK"
25912,10406314369,10406314419,1,"IOTHUB_CLIENT_CONFIRMATION_OK"
25913,10406314569,10406314613,1,"IOTHUB_CLIENT_CONFIRMATION_OK"
25914,10406314769,10406314806,1,"IOTHUB_CLIENT_CONFIRMATION_OK"
25915,10406314969,10406315008,1,"IOTHUB_CLIENT_CONFIRMATION_OK"
25916,10406315170,10406315208,1,"IOTHUB_CLIENT_CONFIRMATION_OK"
25917,10406315370,10406315409,1,"IOTHUB_CLIENT_CONFIRMATION_OK"
25918,10406315570,10406315615,1,"IOTHUB_CLIENT_CONFIRMATION_OK"
25919,10406315770,10406315823,1,"IOTHUB_CLIENT_CONFIRMATION_OK"
25920,10406315970,10406316024,1,"IOTHUB_CLIENT_CONFIRMATION_OK"
25921,10406316170,10406316219,1,"IOTHUB_CLIENT_CONFIRMATION_OK"
25922,10406316371,10406316416,1,"IOTHUB_CLIENT_CONFIRMATION_OK"
25923,10406316571,10406316615,1,"IOTHUB_CLIENT_CONFIRMATION_OK"
25924,10406316771,10406316831,1,"IOTHUB_CLIENT_CONFIRMATION_OK"
25925,10406316971,10406317193,1,"IOTHUB_CLIENT_CONFIRMATION_OK"
25926,10406317171,10406317214,1,"IOTHUB_CLIENT_CONFIRMATION_OK"
25927,10406317371,10406317424,1,"IOTHUB_CLIENT_CONFIRMATION_OK"
25928,10406317572,10406317620,1,"IOTHUB_CLIENT_CONFIRMATION_OK"
25929,10406317772,10406317812,1,"IOTHUB_CLIENT_CONFIRMATION_OK"
25930,10406317972,10406318033,1,"IOTHUB_CLIENT_CONFIRMATION_OK"
25931,10406318172,10406318226,1,"IOTHUB_CLIENT_CONFIRMATION_OK"
25932,10406318372,10406318408,1,"IOTHUB_CLIENT_CONFIRMATION_OK"
25933,10406318572,10406318623,1,"IOTHUB_CLIENT_CONFIRMATION_OK"
25934,10406318773,10406318822,1,"IOTHUB_CLIENT_CONFIRMATION_OK"
25935,10406318973,10406319013,1,"IOTHUB_CLIENT_CONFIRMATION_OK"
25936,10406319173,10406319211,1,"IOTHUB_CLIENT_CONFIRMATION_OK"
25937,10406319373,10406319439,1,"IOTHUB_CLIENT_CONFIRMATION_OK"
25938,10406319573,10406319610,1,"IOTHUB_CLIENT_CONFIRMATION_OK"
25939,10406319773,10406319822,1,"IOTHUB_CLIENT_CONFIRMATION_OK"
25940,10406319973,10406320016,1,"IOTHUB_CLIENT_CONFIRMATION_OK"
25941,10406320174,10406320208,1,"IOTHUB_CLIENT_CONFIRMATION_OK"
25942,10406320374,10406320493,1,"IOTHUB_CLIENT_CONFIRMATION_OK"
25943,10406320574,10406320626,1,"IOTHUB_CLIENT_CONFIRMATION_OK"
25944,10406320774,10406320815,1,"IOTHUB_CLIENT_CONFIRMATION_OK"
25945,10406320974,10406321086,1,"IOTHUB_CLIENT_CONFIRMATION_OK"
25946,10406321174,10406321219,1,"IOTHUB_CLIENT_CONFIRMATION_OK"
25947,10406321375,10406321429,1,"IOTHUB_CLIENT_CONFIRMATION_OK"
25948,10406321575,10406321614,1,"IOTHUB_CLIENT_CONFIRMATION_OK"
25949,10406321775,10406321854,1,"IOTHUB_CLIENT_CONFIRMATION_OK"
25950,10406321975,10406322011,1,"IOTHUB_CLIENT_CONFIRMATION_OK"
25951,10406322175,10406322301,1,"IOTHUB_CLIENT_CONFIRMATION_OK"
25952,10406322375,10406322409,1,"IOTHUB_CLIENT_CONFIRMATION_OK"
25953,10406322575,10406322717,1,"IOTHUB_CLIENT_CONFIRMATION_OK"
25954,10406322776,10406322831,1,"IOTHUB_CLIENT_CONFIRMATION_OK"
25955,10406322976,10406323017,1,"IOTHUB_CLIENT_CONFIRMATION_OK"
25956,10406323176,10406323362,1,"IOTHUB_CLIENT_CONFIRMATION_OK"
25957,10406323376,10406323420,1,"IOTHUB_CLIENT_CONFIRMATION_OK"
25958,10406323576,10406323615,1,"IOTHUB_CLIENT_CONFIRMATION_OK"
25959,10406323776,10406323847,1,"IOTHUB_CLIENT_CONFIRMATION_OK"
25960,10406323977,10406324014,1,"IOTHUB_CLIENT_CONFIRMATION_OK"
25961,10406324177,10406324249,1,"IOTHUB_CLIENT_CONFIRMATION_OK"
25962,10406324377,10406324416,1,"IOTHUB_CLIENT_CONFIRMATION_OK"
25963,10406324577,10406324619,1,"IOTHUB_CLIENT_CONFIRMATION_OK"
25964,10406324777,10406324843,1,"IOTHUB_CLIENT_CONFIRMATION_OK"
25965,10406324977,10406325043,1,"IOTHUB_CLIENT_CONFIRMATION_OK"
25966,10406325178,10406325214,1,"IOTHUB_CLIENT_CONFIRMATION_OK"
25967,10406325378,10406325415,1,"IOTHUB_CLIENT_CONFIRMATION_OK"
25968,10406325578,10406325617,1,"IOTHUB_CLIENT_CONFIRMATION_OK"
25969,10406325778,10406325830,1,"IOTHUB_CLIENT_CONFIRMATION_OK"
25970,10406325978,10406326030,1,"IOTHUB_CLIENT_CONFIRMATION_OK"
25971,10406326178,10406326216,1,"IOTHUB_CLIENT_CONFIRMATION_OK"
25972,10406326378,10406326427,1,"IOTHUB_CLIENT_CONFIRMATION_OK"
25973,10406326579,10406326622,1,"IOTHUB_CLIENT_CONFIRMATION_OK"
25974,10406326779,10406326836,1,"IOTHUB_CLIENT_CONFIRMATION_OK"
25975,10406326979,10406327023,1,"IOTHUB_CLIENT_CONFIRMATION_OK"
25976,10406327179,10406327210,1,"IOTHUB_CLIENT_CONFIRMATION_OK"
25977,10406327379,10406327418,1,"IOTHUB_CLIENT_CONFIRMATION_OK"
25978,10406327579,10406327617,1,"IOTHUB_CLIENT_CONFIRMATION_OK"
25979,10406327780,10406327894,1,"IOTHUB_CLIENT_CONFIRMATION_OK"
25980,10406327980,10406328021,1,"IOTHUB_CLIENT_CONFIRMATION_OK"
25981,10406328180,10406328219,1,"IOTHUB_CLIENT_CONFIRMATION_OK"
25982,10406328380,10406328530,1,"IOTHUB_CLIENT_CONFIRMATION_OK"
25983,10406328580,10406328614,1,"IOTHUB_CLIENT_CONFIRMATION_OK"
25984,10406328780,10406328944,1,"IOTHUB_CLIENT_CONFIRMATION_OK"
25985,10406328980,10406329017,1,"IOTHUB_CLIENT_CONFIRMATION_OK"
25986,10406329181,10406329221,1,"IOTHUB_CLIENT_CONFIRMATION_OK"
25987,10406329381,10406329425,1,"IOTHUB_CLIENT_CONFIRMATION_OK"
25988,10406329581,10406329621,1,"IOTHUB_CLIENT_CONFIRMATION_OK"
25989,10406329781,10406329835,1,"IOTHUB_CLIENT_CONFIRMATION_OK"
25990,10406329981,10406330017,1,"IOTHUB_CLIENT_CONFIRMATION_OK"
25991,10406330181,10406330237,1,"IOTHUB_CLIENT_CONFIRMATION_OK"
25992,10406330382,10406330421,1,"IOTHUB_CLIENT_CONFIRMATION_OK"
25993,10406330582,10406330616,1,"IOTHUB_CLIENT_CONFIRMATION_OK"
25994,10406330782,10406330819,1,"IOTHUB_CLIENT_CONFIRMATION_OK"
25995,10406330982,10406331031,1,"IOTHUB_CLIENT_CONFIRMATION_OK"
25996,10406331182,10406331234,1,"IOTHUB_CLIENT_CONFIRMATION_OK"
25997,10406331382,10406331421,1,"IOTHUB_CLIENT_CONFIRMATION_OK"
25998,10406331583,10406331620,1,"IOTHUB_CLIENT_CONFIRMATION_OK"
25999,10406331783,10406331821,1,"IOTHUB_CLIENT_CONFIRMATION_OK"
26000,10406331983,10406332033,1,"IOTHUB_CLIENT_CONFIRMATION_OK"
26001,10406332183,10406332224,1,"IOTHUB_CLIENT_CONFIRMATION_OK"
26002,10406332383,10406332422,1,"IOTHUB_CLIENT_CONFIRMATION_OK"
26003,10406332583,10406332623,1,"IOTHUB_CLIENT_CONFIRMATION_OK"
26004,10406332784,10406332854,1,"IOTHUB_CLIENT_CONFIRMATION_OK"
26005,10406332984,10406333021,1,"IOTHUB_CLIENT_CONFIRMATION_OK"
26006,10406333184,10406333225,1,"IOTHUB_CLIENT_CONFIRMATION_OK"
26007,10406333384,10406333437,1,"IOTHUB_CLIENT_CONFIRMATION_OK"
26008,10406333584,10406333624,1,"IOTHUB_CLIENT_CONFIRMATION_OK"
26009,10406333784,10406333826,1,"IOTHUB_CLIENT_CONFIRMATION_OK"
26010,10406333985,10406334040,1,"IOTHUB_CLIENT_CONFIRMATION_OK"
26011,10406334185,10406334232,1,"IOTHUB_CLIENT_CONFIRMATION_OK"
26012,10406334385,10406334453,1,"IOTHUB_CLIENT_CONFIRMATION_OK"
26013,10406334585,10406334626,1,"IOTHUB_CLIENT_CONFIRMATION_OK"
26014,10406334785,10406334840,1,"IOTHUB_CLIENT_CONFIRMATION_OK"
26015,10406334985,10406335051,1,"IOTHUB_CLIENT_CONFIRMATION_OK"
26016,10406335185,10406335223,1,"IOTHUB_CLIENT_CONFIRMATION_OK"
26017,10406335386,10406335423,1,"IOTHUB_CLIENT_CONFIRMATION_OK"
26018,10406335586,10406335694,1,"IOTHUB_CLIENT_CONFIRMATION_OK"
26019,10406335786,10406335831,1,"IOTHUB_CLIENT_CONFIRMATION_OK"
26020,10406335986,10406336023,1,"IOTHUB_CLIENT_CONFIRMATION_OK"
26021,10406336186,10406336222,1,"IOTHUB_CLIENT_CONFIRMATION_OK"
26022,10406336386,10406336423,1,"IOTHUB_CLIENT_CONFIRMATION_OK"
26023,10406336587,10406336626,1,"IOTHUB_CLIENT_CONFIRMATION_OK"
26024,10406336787,10406336830,1,"IOTHUB_CLIENT_CONFIRMATION_OK"
26025,10406336987,10406337022,1,"IOTHUB_CLIENT_CONFIRMATION_OK"
26026,10406337187,10406337350,1,"IOTHUB_CLIENT_CONFIRMATION_OK"
26027,10406337387,10406337428,1,"IOTHUB_CLIENT_CONFIRMATION_OK"
26028,10406337587,10406337627,1,"IOTHUB_CLIENT_CONFIRMATION_OK"
26029,10406337788,10406337822,1,"IOTHUB_CLIENT_CONFIRMATION_OK"
26030,10406337988,10406338029,1,"IOTHUB_CLIENT_CONFIRMATION_OK"
26031,10406338188,10406338228,1,"IOTHUB_CLIENT_CONFIRMATION_OK"
26032,10406338388,10406338425,1,"IOTHUB_CLIENT_CONFIRMATION_OK"
26033,10406338588,10406338637,1,"IOTHUB_CLIENT_CONFIRMATION_OK"
26034,10406338788,10406338842,1,"IOTHUB_CLIENT_CONFIRMATION_OK"
26035,10406338988,10406339034,1,"IOTHUB_CLIENT_CONFIRMATION_OK"
26036,10406339189,10406339245,1,"IOTHUB_CLIENT_CONFIRMATION_OK"
26037,10406339389,10406339425,1,"IOTHUB_CLIENT_CONFIRMATION_OK"
26038,10406339589,10406339642,1,"IOTHUB_CLIENT_CONFIRMATION_OK"
26039,10406339789,10406339829,1,"IOTHUB_CLIENT_CONFIRMATION_OK"
26040,10406339989,10406340049,1,"IOTHUB_CLIENT_CONFIRMATION_OK"
26041,10406340189,10406340237,1,"IOTHUB_CLIENT_CONFIRMATION_OK"
26042,10406340390,10406340424,1,"IOTHUB_CLIENT_CONFIRMATION_OK"
26043,10406340590,10406340698,1,"IOTHUB_CLIENT_CONFIRMATION_OK"
26044,10406340790,10406340827,1,"IOTHUB_CLIENT_CONFIRMATION_OK"
26045,10406340990,10406341035,1,"IOTHUB_CLIENT_CONFIRMATION_OK"
26046,10406341190,10406341343,1,"IOTHUB_CLIENT_CONFIRMATION_OK"
26047,10406341390,10406341428,1,"IOTHUB_CLIENT_CONFIRMATION_OK"
26048,10406341591,10406341654,1,"IOTHUB_CLIENT_CONFIRMATION_OK"
26049,10406341791,10406341835,1,"IOTHUB_CLIENT_CONFIRMATION_OK"
26050,10406341991,10406342035,1,"IOTHUB_CLIENT_CONFIRMATION_OK"
26051,10406342191,10406342236,1,"IOTHUB_CLIENT_CONFIRMATION_OK"
26052,10406342391,10406342433,1,"IOTHUB_CLIENT_CONFIRMATION_OK"
26053,10406342591,10406342657,1,"IOTHUB_CLIENT_CONFIRMATION_OK"
26054,10406342792,10406342945,1,"IOTHUB_CLIENT_CONFIRMATION_OK"
26055,10406342992,10406343030,1,"IOTHUB_CLIENT_CONFIRMATION_OK"
26056,10406343192,10406343250,1,"IOTHUB_CLIENT_CONFIRMATION_OK"
26057,10406343392,10406343612,1,"IOTHUB_CLIENT_CONFIRMATION_OK"
26058,10406343592,10406343629,1,"IOTHUB_CLIENT_CONFIRMATION_OK"
26059,10406343792,10406343846,1,"IOTHUB_CLIENT_CONFIRMATION_OK"
26060,10406343992,10406344037,1,"IOTHUB_CLIENT_CONFIRMATION_OK"
26061,10406344193,10406344237,1,"IOTHUB_CLIENT_CONFIRMATION_OK"
26062,10406344393,10406344450,1,"IOTHUB_CLIENT_CONFIRMATION_OK"
26063,10406344593,10406344640,1,"IOTHUB_CLIENT_CONFIRMATION_OK"
26064,10406344793,10406344829,1,"IOTHUB_CLIENT_CONFIRMATION_OK"
26065,10406344993,10406345033,1,"IOTHUB_CLIENT_CONFIRMATION_OK"
26066,10406345193,10406345242,1,"IOTHUB_CLIENT_CONFIRMATION_OK"
26067,10406345393,10406345435,1,"IOTHUB_CLIENT_CONFIRMATION_OK"
26068,10406345594,10406345631,1,"IOTHUB_CLIENT_CONFIRMATION_OK"
26069,10406345794,10406345840,1,"IOTHUB_CLIENT_CONFIRMATION_OK"
26070,10406345994,10406346035,1,"IOTHUB_CLIENT_CONFIRMATION_OK"
26071,10406346194,10406346241,1,"IOTHUB_CLIENT_CONFIRMATION_OK"
26072,10406346394,10406346431,1,"IOTHUB_CLIENT_CONFIRMATION_OK"
26073,10406346594,10406346638,1,"IOTHUB_CLIENT_CONFIRMATION_OK"
26074,10406346795,10406346864,1,"IOTHUB_CLIENT_CONFIRMATION_OK"
26075,10406346995,10406347034,1,"IOTHUB_CLIENT_CONFIRMATION_OK"
26076,10406347195,10406347264,1,"IOTHUB_CLIENT_CONFIRMATION_OK"
26077,10406347395,10406347462,1,"IOTHUB_CLIENT_CONFIRMATION_OK"
26078,10406347595,10406347637,1,"IOTHUB_CLIENT_CONFIRMATION_OK"
26079,10406347795,10406347834,1,"IOTHUB_CLIENT_CONFIRMATION_OK"
26080,10406347996,10406348040,1,"IOTHUB_CLIENT_CONFIRMATION_OK"
26081,10406348196,10406348238,1,"IOTHUB_CLIENT_CONFIRMATION_OK"
26082,10406348396,10406348484,1,"IOTHUB_CLIENT_CONFIRMATION_OK"
26083,10406348596,10406348634,1,"IOTHUB_CLIENT_CONFIRMATION_OK"
26084,10406348796,10406348858,1,"IOTHUB_CLIENT_CONFIRMATION_OK"
26085,10406348996,10406349110,1,"IOTHUB_CLIENT_CONFIRMATION_OK"
26086,10406349196,10406349233,1,"IOTHUB_CLIENT_CONFIRMATION_OK"
26087,10406349397,10406349436,1,"IOTHUB_CLIENT_CONFIRMATION_OK"
26088,10406349597,10406349732,1,"IOTHUB_CLIENT_CONFIRMATION_OK"
26089,10406349797,10406349861,1,"IOTHUB_CLIENT_CONFIRMATION_OK"
26090,10406349997,10406350086,1,"IOTHUB_CLIENT_CONFIRMATION_OK"
26091,10406350197,10406350233,1,"IOTHUB_CLIENT_CONFIRMATION_OK"
26092,10406350397,10406350439,1,"IOTHUB_CLIENT_CONFIRMATION_OK"
26093,10406350598,10406350636,1,"IOTHUB_CLIENT_CONFIRMATION_OK"
26094,10406350798,10406350847,1,"IOTHUB_CLIENT_CONFIRMATION_OK"
26095,10406350998,10406351040,1,"IOTHUB_CLIENT_CONFIRMATION_OK"
26096,10406351198,10406351355,1,"IOTHUB_CLIENT_CONFIRMATION_OK"
26097,10406351398,10406351450,1,"IOTHUB_CLIENT_CONFIRMATION_OK"
26098,10406351598,10406351637,1,"IOTHUB_CLIENT_CONFIRMATION_OK"
26099,10406351799,10406351949,1,"IOTHUB_CLIENT_CONFIRMATION_OK"
26100,10406351999,10406352056,1,"IOTHUB_CLIENT_CONFIRMATION_OK"
26101,10406352199,10406352260,1,"IOTHUB_CLIENT_CONFIRMATION_OK"
26102,10406352399,10406352434,1,"IOTHUB_CLIENT_CONFIRMATION_OK"
26103,10406352599,10406352636,1,"IOTHUB_CLIENT_CONFIRMATION_OK"
26104,10406352799,10406352843,1,"IOTHUB_CLIENT_CONFIRMATION_OK"
26105,10406353000,10406353042,1,"IOTHUB_CLIENT_CONFIRMATION_OK"
26106,10406353200,10406353236,1,"IOTHUB_CLIENT_CONFIRMATION_OK"
26107,10406353400,10406353459,1,"IOTHUB_CLIENT_CONFIRMATION_OK"
26108,10406353600,10406353635,1,"IOTHUB_CLIENT_CONFIRMATION_OK"
26109,10406353800,10406353845,1,"IOTHUB_CLIENT_CONFIRMATION_OK"
26110,10406354000,10406354034,1,"IOTHUB_CLIENT_CONFIRMATION_OK"
26111,10406354201,10406354255,1,"IOTHUB_CLIENT_CONFIRMATION_OK"
26112,10406354401,10406354445,1,"IOTHUB_CLIENT_CONFIRMATION_OK"
26113,10406354601,10406354655,1,"IOTHUB_CLIENT_CONFIRMATION_OK"
26114,10406354801,10406354845,1,"IOTHUB_CLIENT_CONFIRMATION_OK"
26115,10406355001,10406355054,1,"IOTHUB_CLIENT_CONFIRMATION_OK"
26116,10406355201,10406355240,1,"IOTHUB_CLIENT_CONFIRMATION_OK"
26117,10406355402,10406355437,1,"IOTHUB_CLIENT_CONFIRMATION_OK"
26118,10406355602,10406355638,1,"IOTHUB_CLIENT_CONFIRMATION_OK"
26119,10406355802,10406355867,1,"IOTHUB_CLIENT_CONFIRMATION_OK"
26120,10406356002,10406356041,1,"IOTHUB_CLIENT_CONFIRMATION_OK"
26121,10406356202,10406356257,1,"IOTHUB_CLIENT_CONFIRMATION_OK"
26122,10406356402,10406356483,1,"IOTHUB_CLIENT_CONFIRMATION_OK"
26123,10406356602,10406356639,1,"IOTHUB_CLIENT_CONFIRMATION_OK"
26124,10406356803,10406356839,1,"IOTHUB_CLIENT_CONFIRMATION_OK"
26125,10406357003,10406357046,1,"IOTHUB_CLIENT_CONFIRMATION_OK"
26126,10406357203,10406357238,1,"IOTHUB_CLIENT_CONFIRMATION_OK"
26127,10406357403,10406357497,1,"IOTHUB_CLIENT_CONFIRMATION_OK"
26128,10406357603,10406357649,1,"IOTHUB_CLIENT_CONFIRMATION_OK"
26129,10406357803,10406357849,1,"IOTHUB_CLIENT_CONFIRMATION_OK"
26130,10406358004,10406358112,1,"IOTHUB_CLIENT_CONFIRMATION_OK"
26131,10406358204,10406358245,1,"IOTHUB_CLIENT_CONFIRMATION_OK"
26132,10406358404,10406358477,1,"IOTHUB_CLIENT_CONFIRMATION_OK"
26133,10406358604,10406358752,1,"IOTHUB_CLIENT_CONFIRMATION_OK"
26134,10406358804,10406358854,1,"IOTHUB_CLIENT_CONFIRMATION_OK"
26135,10406359004,10406359038,1,"IOTHUB_CLIENT_CONFIRMATION_OK"
26136,10406359205,10406359262,1,"IOTHUB_CLIENT_CONFIRMATION_OK"
26137,10406359405,10406359442,1,"IOTHUB_CLIENT_CONFIRMATION_OK"
26138,10406359605,10406359654,1,"IOTHUB_CLIENT_CONFIRMATION_OK"
26139,10406359805,10406359876,1,"IOTHUB_CLIENT_CONFIRMATION_OK"
26140,10406360005,10406360060,1,"IOTHUB_CLIENT_CONFIRMATION_OK"
26141,10406360205,10406360259,1,"IOTHUB_CLIENT_CONFIRMATION_OK"
26142,10406360405,10406360445,1,"IOTHUB_CLIENT_CONFIRMATION_OK"
26143,10406360606,10406360640,1,"IOTHUB_CLIENT_CONFIRMATION_OK"
26144,10406360806,10406360844,1,"IOTHUB_CLIENT_CONFIRMATION_OK"
26145,10406361006,10406361089,1,"IOTHUB_CLIENT_CONFIRMATION_OK"
26146,10406361206,10406361248,1,"IOTHUB_CLIENT_CONFIRMATION_OK"
26147,10406361406,10406361469,1,"IOTHUB_CLIENT_CONFIRMATION_OK"
26148,10406361606,10406361651,1,"IOTHUB_CLIENT_CONFIRMATION_OK"
26149,10406361807,10406361849,1,"IOTHUB_CLIENT_CONFIRMATION_OK"
26150,10406362007,10406362054,1,"IOTHUB_CLIENT_CONFIRMATION_OK"
26151,10406362207,10406362241,1,"IOTHUB_CLIENT_CONFIRMATION_OK"
26152,10406362407,10406362450,1,"IOTHUB_CLIENT_CONFIRMATION_OK"
26153,10406362607,10406362667,1,"IOTHUB_CLIENT_CONFIRMATION_OK"
26154,10406362807,10406362848,1,"IOTHUB_CLIENT_CONFIRMATION_OK"
26155,10406363008,10406363121,1,"IOTHUB_CLIENT_CONFIRMATION_OK"
26156,10406363208,10406363364,1,"IOTHUB_CLIENT_CONFIRMATION_OK"
26157,10406363408,10406363450,1,"IOTHUB_CLIENT_CONFIRMATION_OK"
26158,10406363608,10406363653,1,"IOTHUB_CLIENT_CONFIRMATION_OK"
26159,10406363808,10406363847,1,"IOTHUB_CLIENT_CONFIRMATION_OK"
26160,10406364008,10406364044,1,"IOTHUB_CLIENT_CONFIRMATION_OK"
26161,10406364209,10406364248,1,"IOTHUB_CLIENT_CONFIRMATION_OK"
26162,10406364409,10406364449,1,"IOTHUB_CLIENT_CONFIRMATION_OK"
26163,10406364609,10406364651,1,"IOTHUB_CLIENT_CONFIRMATION_OK"
26164,10406364809,10406364856,1,"IOTHUB_CLIENT_CONFIRMATION_OK"
26165,10406365009,10406365046,1,"IOTHUB_CLIENT_CONFIRMATION_OK"
26166,10406365209,10406365250,1,"IOTHUB_CLIENT_CONFIRMATION_OK"
26167,10406365409,10406365468,1,"IOTHUB_CLIENT_CONFIRMATION_OK"
26168,10406365610,10406365656,1,"IOTHUB_CLIENT_CONFIRMATION_OK"
26169,10406365810,10406365852,1,"IOTHUB_CLIENT_CONFIRMATION_OK"
26170,10406366010,10406366049,1,"IOTHUB_CLIENT_CONFIRMATION_OK"
26171,10406366210,10406366254,1,"IOTHUB_CLIENT_CONFIRMATION_OK"
26172,10406366410,10406366453,1,"IOTHUB_CLIENT_CONFIRMATION_OK"
26173,10406366610,10406366650,1,"IOTHUB_CLIENT_CONFIRMATION_OK"
26174,10406366811,10406366855,1,"IOTHUB_CLIENT_CONFIRMATION_OK"
26175,10406367011,10406367056,1,"IOTHUB_CLIENT_CONFIRMATION_OK"
26176,10406367211,10406367280,1,"IOTHUB_CLIENT_CONFIRMATION_OK"
26177,10406367411,10406367454,1,"IOTHUB_CLIENT_CONFIRMATION_OK"
26178,10406367611,10406367676,1,"IOTHUB_CLIENT_CONFIRMATION_OK"
26179,10406367811,10406367857,1,"IOTHUB_CLIENT_CONFIRMATION_OK"
26180,10406368012,10406368047,1,"IOTHUB_CLIENT_CONFIRMATION_OK"
26181,10406368212,10406368257,1,"IOTHUB_CLIENT_CONFIRMATION_OK"
26182,10406368412,10406368452,1,"IOTHUB_CLIENT_CONFIRMATION_OK"
26183,10406368612,10406368683,1,"IOTHUB_CLIENT_CONFIRMATION_OK"
26184,10406368812,10406368871,1,"IOTHUB_CLIENT_CONFIRMATION_OK"
26185,10406369012,10406369069,1,"IOTHUB_CLIENT_CONFIRMATION_OK"
26186,10406369212,10406369321,1,"IOTHUB_CLIENT_CONFIRMATION_OK"
26187,10406369413,10406369457,1,"IOTHUB_CLIENT_CONFIRMATION_OK"
26188,10406369613,10406369657,1,"IOTHUB_CLIENT_CONFIRMATION_OK"
26189,10406369813,10406369925,1,"IOTHUB_CLIENT_CONFIRMATION_OK"
26190,10406370013,10406370054,1,"IOTHUB_CLIENT_CONFIRMATION_OK"
26191,10406370213,10406370250,1,"IOTHUB_CLIENT_CONFIRMATION_OK"
26192,10406370413,10406370461,1,"IOTHUB_CLIENT_CONFIRMATION_OK"
26193,10406370614,10406370661,1,"IOTHUB_CLIENT_CONFIRMATION_OK"
26194,10406370814,10406370852,1,"IOTHUB_CLIENT_CONFIRMATION_OK"
26195,10406371014,10406371054,1,"IOTHUB_CLIENT_CONFIRMATION_OK"
26196,10406371214,10406371252,1,"IOTHUB_CLIENT_CONFIRMATION_OK"
26197,10406371414,10406371580,1,"IOTHUB_CLIENT_CONFIRMATION_OK"
26198,10406371615,10406371665,1,"IOTHUB_CLIENT_CONFIRMATION_OK"
26199,10406371815,10406371855,1,"IOTHUB_CLIENT_CONFIRMATION_OK"
26200,10406372015,10406372050,1,"IOTHUB_CLIENT_CONFIRMATION_OK"
26201,10406372215,10406372297,1,"IOTHUB_CLIENT_CONFIRMATION_OK"
26202,10406372415,10406372471,1,"IOTHUB_CLIENT_CONFIRMATION_OK"
26203,10406372615,10406372669,1,"IOTHUB_CLIENT_CONFIRMATION_OK"
26204,10406372816,10406372859,1,"IOTHUB_CLIENT_CONFIRMATION_OK"
26205,10406373016,10406373054,1,"IOTHUB_CLIENT_CONFIRMATION_OK"
26206,10406373216,10406373257,1,"IOTHUB_CLIENT_CONFIRMATION_OK"
26207,10406373416,10406373466,1,"IOTHUB_CLIENT_CONFIRMATION_OK"
26208,10406373616,10406373942,1,"IOTHUB_CLIENT_CONFIRMATION_OK"
26209,10406373816,10406374388,1,"IOTHUB_CLIENT_CONFIRMATION_OK"
26210,10406374017,10406374502,1,"IOTHUB_CLIENT_CONFIRMATION_OK"
26211,10406374217,10406374555,1,"IOTHUB_CLIENT_CONFIRMATION_OK"
26212,10406374417,10406374611,1,"IOTHUB_CLIENT_CONFIRMATION_OK"
26213,10406374617,10406374669,1,"IOTHUB_CLIENT_CONFIRMATION_OK"
26214,10406374817,10406374865,1,"IOTHUB_CLIENT_CONFIRMATION_OK"
26215,10406375017,10406375057,1,"IOTHUB_CLIENT_CONFIRMATION_OK"
26216,10406375217,10406375260,1,"IOTHUB_CLIENT_CONFIRMATION_OK"
26217,10406375418,10406375495,1,"IOTHUB_CLIENT_CONFIRMATION_OK"
26218,10406375618,10406375665,1,"IOTHUB_CLIENT_CONFIRMATION_OK"
26219,10406375818,10406375886,1,"IOTHUB_CLIENT_CONFIRMATION_OK"
26220,10406376018,10406376095,1,"IOTHUB_CLIENT_CONFIRMATION_OK"
26221,10406376218,10406376256,1,"IOTHUB_CLIENT_CONFIRMATION_OK"
26222,10406376418,10406376460,1,"IOTHUB_CLIENT_CONFIRMATION_OK"
26223,10406376619,10406376670,1,"IOTHUB_CLIENT_CONFIRMATION_OK"
26224,10406376819,10406376860,1,"IOTHUB_CLIENT_CONFIRMATION_OK"
26225,10406377019,10406377132,1,"IOTHUB_CLIENT_CONFIRMATION_OK"
26226,10406377219,10406377262,1,"IOTHUB_CLIENT_CONFIRMATION_OK"
26227,10406377419,10406377463,1,"IOTHUB_CLIENT_CONFIRMATION_OK"
26228,10406377619,10406377726,1,"IOTHUB_CLIENT_CONFIRMATION_OK"
26229,10406377820,10406377940,1,"IOTHUB_CLIENT_CONFIRMATION_OK"
26230,10406378020,10406378059,1,"IOTHUB_CLIENT_CONFIRMATION_OK"
26231,10406378220,10406378331,1,"IOTHUB_CLIENT_CONFIRMATION_OK"
26232,10406378420,10406378469,1,"IOTHUB_CLIENT_CONFIRMATION_OK"
26233,10406378620,10406378662,1,"IOTHUB_CLIENT_CONFIRMATION_OK"
26234,10406378820,10406378879,1,"IOTHUB_CLIENT_CONFIRMATION_OK"
26235,10406379021,10406379067,1,"IOTHUB_CLIENT_CONFIRMATION_OK"
26236,10406379221,10406379302,1,"IOTHUB_CLIENT_CONFIRMATION_OK"
26237,10406379421,10406379484,1,"IOTHUB_CLIENT_CONFIRMATION_OK"
26238,10406379621,10406379665,1,"IOTHUB_CLIENT_CONFIRMATION_OK"
26239,10406379821,10406379954,1,"IOTHUB_CLIENT_CONFIRMATION_OK"
26240,10406380021,10406380102,1,"IOTHUB_CLIENT_CONFIRMATION_OK"
26241,10406380222,10406380264,1,"IOTHUB_CLIENT_CONFIRMATION_OK"
26242,10406380422,10406380557,1,"IOTHUB_CLIENT_CONFIRMATION_OK"
26243,10406380622,10406380669,1,"IOTHUB_CLIENT_CONFIRMATION_OK"
26244,10406380822,10406380858,1,"IOTHUB_CLIENT_CONFIRMATION_OK"
26245,10406381022,10406381061,1,"IOTHUB_CLIENT_CONFIRMATION_OK"
26246,10406381222,10406381265,1,"IOTHUB_CLIENT_CONFIRMATION_OK"
26247,10406381423,10406381457,1,"IOTHUB_CLIENT_CONFIRMATION_OK"
26248,10406381623,10406381660,1,"IOTHUB_CLIENT_CONFIRMATION_OK"
26249,10406381823,10406381864,1,"IOTHUB_CLIENT_CONFIRMATION_OK"
26250,10406382023,10406382059,1,"IOTHUB_CLIENT_CONFIRMATION_OK"
26251,10406382223,10406382284,1,"IOTHUB_CLIENT_CONFIRMATION_OK"
26252,10406382423,10406382461,1,"IOTHUB_CLIENT_CONFIRMATION_OK"
26253,10406382623,10406382785,1,"IOTHUB_CLIENT_CONFIRMATION_OK"
26254,10406382824,10406382865,1,"IOTHUB_CLIENT_CONFIRMATION_OK"
26255,10406383024,10406383065,1,"IOTHUB_CLIENT_CONFIRMATION_OK"
26256,10406383224,10406383448,1,"IOTHUB_CLIENT_CONFIRMATION_OK"
26257,10406383424,10406383469,1,"IOTHUB_CLIENT_CONFIRMATION_OK"
26258,10406383624,10406383668,1,"IOTHUB_CLIENT_CONFIRMATION_OK"
26259,10406383824,10406383866,1,"IOTHUB_CLIENT_CONFIRMATION_OK"
26260,10406384024,10406384058,1,"IOTHUB_CLIENT_CONFIRMATION_OK"
26261,10406384225,10406384273,1,"IOTHUB_CLIENT_CONFIRMATION_OK"
26262,10406384425,10406384465,1,"IOTHUB_CLIENT_CONFIRMATION_OK"
26263,10406384625,10406384668,1,"IOTHUB_CLIENT_CONFIRMATION_OK"
26264,10406384825,10406384880,1,"IOTHUB_CLIENT_CONFIRMATION_OK"
26265,10406385025,10406385065,1,"IOTHUB_CLIENT_CONFIRMATION_OK"
26266,10406385225,10406385266,1,"IOTHUB_CLIENT_CONFIRMATION_OK"
26267,10406385426,10406385466,1,"IOTHUB_CLIENT_CONFIRMATION_OK"
26268,10406385626,10406385670,1,"IOTHUB_CLIENT_CONFIRMATION_OK"
26269,10406385826,10406385866,1,"IOTHUB_CLIENT_CONFIRMATION_OK"
26270,10406386026,10406386068,1,"IOTHUB_CLIENT_CONFIRMATION_OK"
26271,10406386226,10406386261,1,"IOTHUB_CLIENT_CONFIRMATION_OK"
26272,10406386426,10406386487,1,"IOTHUB_CLIENT_CONFIRMATION_OK"
26273,10406386627,10406386702,1,"IOTHUB_CLIENT_CONFIRMATION_OK"
26274,10406386827,10406386890,1,"IOTHUB_CLIENT_CONFIRMATION_OK"
26275,10406387027,10406387069,1,"IOTHUB_CLIENT_CONFIRMATION_OK"
26276,10406387227,10406387320,1,"IOTHUB_CLIENT_CONFIRMATION_OK"
26277,10406387427,10406387478,1,"IOTHUB_CLIENT_CONFIRMATION_OK"
26278,10406387627,10406387660,1,"IOTHUB_CLIENT_CONFIRMATION_OK"
26279,10406387828,10406387871,1,"IOTHUB_CLIENT_CONFIRMATION_OK"
26280,10406388028,10406388072,1,"IOTHUB_CLIENT_CONFIRMATION_OK"
26281,10406388228,10406388264,1,"IOTHUB_CLIENT_CONFIRMATION_OK"
26282,10406388428,10406388492,1,"IOTHUB_CLIENT_CONFIRMATION_OK"
26283,10406388628,10406388672,1,"IOTHUB_CLIENT_CONFIRMATION_OK"
26284,10406388828,10406389011,1,"IOTHUB_CLIENT_CONFIRMATION_OK"
26285,10406389029,10406389071,1,"IOTHUB_CLIENT_CONFIRMATION_OK"
26286,10406389229,10406389277,1,"IOTHUB_CLIENT_CONFIRMATION_OK"
26287,10406389429,10406389564,1,"IOTHUB_CLIENT_CONFIRMATION_OK"
26288,10406389629,10406389681,1,"IOTHUB_CLIENT_CONFIRMATION_OK"
26289,10406389829,10406389862,1,"IOTHUB_CLIENT_CONFIRMATION_OK"
26290,10406390029,10406390072,1,"IOTHUB_CLIENT_CONFIRMATION_OK"
26291,10406390230,10406390270,1,"IOTHUB_CLIENT_CONFIRMATION_OK"
26292,10406390430,10406390464,1,"IOTHUB_CLIENT_CONFIRMATION_OK"
26293,10406390630,10406390677,1,"IOTHUB_CLIENT_CONFIRMATION_OK"
26294,10406390830,10406390880,1,"IOTHUB_CLIENT_CONFIRMATION_OK"
26295,10406391030,10406391072,1,"IOTHUB_CLIENT_CONFIRMATION_OK"
26296,10406391230,10406391270,1,"IOTHUB_CLIENT_CONFIRMATION_OK"
26297,10406391430,10406391497,1,"IOTHUB_CLIENT_CONFIRMATION_OK"
26298,10406391631,10406391668,1,"IOTHUB_CLIENT_CONFIRMATION_OK"
26299,10406391831,10406391873,1,"IOTHUB_CLIENT_CONFIRMATION_OK"
26300,10406392031,10406392072,1,"IOTHUB_CLIENT_CONFIRMATION_OK"
26301,10406392231,10406392281,1,"IOTHUB_CLIENT_CONFIRMATION_OK"
26302,10406392431,10406392469,1,"IOTHUB_CLIENT_CONFIRMATION_OK"
26303,10406392631,10406392667,1,"IOTHUB_CLIENT_CONFIRMATION_OK"
26304,10406392832,10406392911,1,"IOTHUB_CLIENT_CONFIRMATION_OK"
26305,10406393032,10406393071,1,"IOTHUB_CLIENT_CONFIRMATION_OK"
26306,10406393232,10406393298,1,"IOTHUB_CLIENT_CONFIRMATION_OK"
26307,10406393432,10406393496,1,"IOTHUB_CLIENT_CONFIRMATION_OK"
26308,10406393632,10406393701,1,"IOTHUB_CLIENT_CONFIRMATION_OK"
26309,10406393832,10406393975,1,"IOTHUB_CLIENT_CONFIRMATION_OK"
26310,10406394033,10406394070,1,"IOTHUB_CLIENT_CONFIRMATION_OK"
26311,10406394233,10406394278,1,"IOTHUB_CLIENT_CONFIRMATION_OK"
26312,10406394433,10406394607,1,"IOTHUB_CLIENT_CONFIRMATION_OK"
26313,10406394633,10406394719,1,"IOTHUB_CLIENT_CONFIRMATION_OK"
26314,10406394833,10406394885,1,"IOTHUB_CLIENT_CONFIRMATION_OK"
26315,10406395033,10406395068,1,"IOTHUB_CLIENT_CONFIRMATION_OK"
26316,10406395233,10406395277,1,"IOTHUB_CLIENT_CONFIRMATION_OK"
26317,10406395434,10406395471,1,"IOTHUB_CLIENT_CONFIRMATION_OK"
26318,10406395634,10406395670,1,"IOTHUB_CLIENT_CONFIRMATION_OK"
26319,10406395834,10406395879,1,"IOTHUB_CLIENT_CONFIRMATION_OK"
26320,10406396034,10406396072,1,"IOTHUB_CLIENT_CONFIRMATION_OK"
26321,10406396234,10406396274,1,"IOTHUB_CLIENT_CONFIRMATION_OK"
26322,10406396434,10406396507,1,"IOTHUB_CLIENT_CONFIRMATION_OK"
26323,10406396635,10406396674,1,"IOTHUB_CLIENT_CONFIRMATION_OK"
26324,10406396835,10406396876,1,"IOTHUB_CLIENT_CONFIRMATION_OK"
26325,10406397035,10406397073,1,"IOTHUB_CLIENT_CONFIRMATION_OK"
26326,10406397235,10406397451,1,"IOTHUB_CLIENT_CONFIRMATION_OK"
26327,10406397435,10406397497,1,"IOTHUB_CLIENT_CONFIRMATION_OK"
26328,10406397635,10406397704,1,"IOTHUB_CLIENT_CONFIRMATION_OK"
26329,10406397836,10406398081,1,"IOTHUB_CLIENT_CONFIRMATION_OK"
26330,10406398036,10406398106,1,"IOTHUB_CLIENT_CONFIRMATION_OK"
26331,10406398236,10406398278,1,"IOTHUB_CLIENT_CONFIRMATION_OK"
26332,10406398436,10406398502,1,"IOTHUB_CLIENT_CONFIRMATION_OK"
26333,10406398636,10406398673,1,"IOTHUB_CLIENT_CONFIRMATION_OK"
26334,10406398836,10406398895,1,"IOTHUB_CLIENT_CONFIRMATION_OK"
26335,10406399037,10406399102,1,"IOTHUB_CLIENT_CONFIRMATION_OK"
26336,10406399237,10406399276,1,"IOTHUB_CLIENT_CONFIRMATION_OK"
26337,10406399437,10406399475,1,"IOTHUB_CLIENT_CONFIRMATION_OK"
26338,10406399637,10406399702,1,"IOTHUB_CLIENT_CONFIRMATION_OK"
26339,10406399837,10406399877,1,"IOTHUB_CLIENT_CONFIRMATION_OK"
26340,10406400037,10406400109,1,"IOTHUB_CLIENT_CONFIRMATION_OK"
26341,10406400237,10406400270,1,"IOTHUB_CLIENT_CONFIRMATION_OK"
26342,10406400438,10406400480,1,"IOTHUB_CLIENT_CONFIRMATION_OK"
26343,10406400638,10406400780,1,"IOTHUB_CLIENT_CONFIRMATION_OK"
26344,10406400838,10406400882,1,"IOTHUB_CLIENT_CONFIRMATION_OK"
26345,10406401038,10406401073,1,"IOTHUB_CLIENT_CONFIRMATION_OK"
26346,10406401238,10406401276,1,"IOTHUB_CLIENT_CONFIRMATION_OK"
26347,10406401439,10406401487,1,"IOTHUB_CLIENT_CONFIRMATION_OK"
26348,10406401639,10406401677,1,"IOTHUB_CLIENT_CONFIRMATION_OK"
26349,10406401839,10406401937,1,"IOTHUB_CLIENT_CONFIRMATION_OK"
26350,10406402039,10406402081,1,"IOTHUB_CLIENT_CONFIRMATION_OK"
26351,10406402239,10406402276,1,"IOTHUB_CLIENT_CONFIRMATION_OK"
26352,10406402439,10406402491,1,"IOTHUB_CLIENT_CONFIRMATION_OK"
26353,10406402639,10406402735,1,"IOTHUB_CLIENT_CONFIRMATION_OK"
26354,10406402840,10406403021,1,"IOTHUB_CLIENT_CONFIRMATION_OK"
26355,10406403040,10406403072,1,"IOTHUB_CLIENT_CONFIRMATION_OK"
26356,10406403240,10406403280,1,"IOTHUB_CLIENT_CONFIRMATION_OK"
26357,10406403440,10406403476,1,"IOTHUB_CLIENT_CONFIRMATION_OK"
26358,10406403640,10406403677,1,"IOTHUB_CLIENT_CONFIRMATION_OK"
26359,10406403840,10406403882,1,"IOTHUB_CLIENT_CONFIRMATION_OK"
26360,10406404040,10406404076,1,"IOTHUB_CLIENT_CONFIRMATION_OK"
26361,10406404241,10406404306,1,"IOTHUB_CLIENT_CONFIRMATION_OK"
26362,10406404441,10406404477,1,"IOTHUB_CLIENT_CONFIRMATION_OK"
26363,10406404641,10406404683,1,"IOTHUB_CLIENT_CONFIRMATION_OK"
26364,10406404841,10406404901,1,"IOTHUB_CLIENT_CONFIRMATION_OK"
26365,10406405041,10406405084,1,"IOTHUB_CLIENT_CONFIRMATION_OK"
26366,10406405241,10406405284,1,"IOTHUB_CLIENT_CONFIRMATION_OK"
26367,10406405441,10406405486,1,"IOTHUB_CLIENT_CONFIRMATION_OK"
26368,10406405642,10406405884,1,"IOTHUB_CLIENT_CONFIRMATION_OK"
26369,10406405842,10406405912,1,"IOTHUB_CLIENT_CONFIRMATION_OK"
26370,10406406042,10406406085,1,"IOTHUB_CLIENT_CONFIRMATION_OK"
26371,10406406242,10406406276,1,"IOTHUB_CLIENT_CONFIRMATION_OK"
26372,10406406442,10406406488,1,"IOTHUB_CLIENT_CONFIRMATION_OK"
26373,10406406642,10406406688,1,"IOTHUB_CLIENT_CONFIRMATION_OK"
26374,10406406843,10406406888,1,"IOTHUB_CLIENT_CONFIRMATION_OK"
26375,10406407043,10406407081,1,"IOTHUB_CLIENT_CONFIRMATION_OK"
26376,10406407243,10406407277,1,"IOTHUB_CLIENT_CONFIRMATION_OK"
26377,10406407443,10406407508,1,"IOTHUB_CLIENT_CONFIRMATION_OK"
26378,10406407643,10406407682,1,"IOTHUB_CLIENT_CONFIRMATION_OK"
26379,10406407843,10406407913,1,"IOTHUB_CLIENT_CONFIRMATION_OK"
26380,10406408043,10406408112,1,"IOTHUB_CLIENT_CONFIRMATION_OK"
26381,10406408244,10406408305,1,"IOTHUB_CLIENT_CONFIRMATION_OK"
26382,10406408444,10406408505,1,"IOTHUB_CLIENT_CONFIRMATION_OK"
26383,10406408644,10406408714,1,"IOTHUB_CLIENT_CONFIRMATION_OK"
26384,10406408844,10406408891,1,"IOTHUB_CLIENT_CONFIRMATION_OK"
26385,10406409044,10406409130,1,"IOTHUB_CLIENT_CONFIRMATION_OK"
26386,10406409245,10406409294,1,"IOTHUB_CLIENT_CONFIRMATION_OK"
26387,10406409445,10406409518,1,"IOTHUB_CLIENT_CONFIRMATION_OK"
26388,10406409645,10406409739,1,"IOTHUB_CLIENT_CONFIRMATION_OK"
26389,10406409845,10406409880,1,"IOTHUB_CLIENT_CONFIRMATION_OK"
26390,10406410045,10406410128,1,"IOTHUB_CLIENT_CONFIRMATION_OK"
26391,10406410245,10406410359,1,"IOTHUB_CLIENT_CONFIRMATION_OK"
26392,10406410445,10406410484,1,"IOTHUB_CLIENT_CONFIRMATION_OK"
26393,10406410646,10406410688,1,"IOTHUB_CLIENT_CONFIRMATION_OK"
26394,10406410846,10406410894,1,"IOTHUB_CLIENT_CONFIRMATION_OK"
26395,10406411046,10406411090,1,"IOTHUB_CLIENT_CONFIRMATION_OK"
26396,10406411246,10406411358,1,"IOTHUB_CLIENT_CONFIRMATION_OK"
26397,10406411446,10406411500,1,"IOTHUB_CLIENT_CONFIRMATION_OK"
26398,10406411646,10406411692,1,"IOTHUB_CLIENT_CONFIRMATION_OK"
26399,10406411847,10406411995,1,"IOTHUB_CLIENT_CONFIRMATION_OK"
26400,10406412047,10406412087,1,"IOTHUB_CLIENT_CONFIRMATION_OK"
26401,10406412247,10406412292,1,"IOTHUB_CLIENT_CONFIRMATION_OK"
26402,10406412447,10406412608,1,"IOTHUB_CLIENT_CONFIRMATION_OK"
26403,10406412647,10406412681,1,"IOTHUB_CLIENT_CONFIRMATION_OK"
26404,10406412847,10406412891,1,"IOTHUB_CLIENT_CONFIRMATION_OK"
26405,10406413047,10406413108,1,"IOTHUB_CLIENT_CONFIRMATION_OK"
26406,10406413248,10406413284,1,"IOTHUB_CLIENT_CONFIRMATION_OK"
26407,10406413448,10406413483,1,"IOTHUB_CLIENT_CONFIRMATION_OK"
26408,10406413648,10406413687,1,"IOTHUB_CLIENT_CONFIRMATION_OK"
26409,10406413848,10406413886,1,"IOTHUB_CLIENT_CONFIRMATION_OK"
26410,10406414048,10406414085,1,"IOTHUB_CLIENT_CONFIRMATION_OK"
26411,10406414248,10406414297,1,"IOTHUB_CLIENT_CONFIRMATION_OK"
26412,10406414449,10406414504,1,"IOTHUB_CLIENT_CONFIRMATION_OK"
26413,10406414649,10406414697,1,"IOTHUB_CLIENT_CONFIRMATION_OK"
26414,10406414849,10406414898,1,"IOTHUB_CLIENT_CONFIRMATION_OK"
26415,10406415049,10406415093,1,"IOTHUB_CLIENT_CONFIRMATION_OK"
26416,10406415249,10406415314,1,"IOTHUB_CLIENT_CONFIRMATION_OK"
26417,10406415449,10406415492,1,"IOTHUB_CLIENT_CONFIRMATION_OK"
26418,10406415650,10406415685,1,"IOTHUB_CLIENT_CONFIRMATION_OK"
26419,10406415850,10406415949,1,"IOTHUB_CLIENT_CONFIRMATION_OK"
26420,10406416050,10406416083,1,"IOTHUB_CLIENT_CONFIRMATION_OK"
26421,10406416250,10406416296,1,"IOTHUB_CLIENT_CONFIRMATION_OK"
26422,10406416450,10406416490,1,"IOTHUB_CLIENT_CONFIRMATION_OK"
26423,10406416650,10406416699,1,"IOTHUB_CLIENT_CONFIRMATION_OK"
26424,10406416850,10406416934,1,"IOTHUB_CLIENT_CONFIRMATION_OK"
26425,10406417051,10406417095,1,"IOTHUB_CLIENT_CONFIRMATION_OK"
26426,10406417251,10406417311,1,"IOTHUB_CLIENT_CONFIRMATION_OK"
26427,10406417451,10406417570,1,"IOTHUB_CLIENT_CONFIRMATION_OK"
26428,10406417651,10406417704,1,"IOTHUB_CLIENT_CONFIRMATION_OK"
26429,10406417851,10406417908,1,"IOTHUB_CLIENT_CONFIRMATION_OK"
26430,10406418051,10406418181,1,"IOTHUB_CLIENT_CONFIRMATION_OK"
26431,10406418252,10406418287,1,"IOTHUB_CLIENT_CONFIRMATION_OK"
26432,10406418452,10406418492,1,"IOTHUB_CLIENT_CONFIRMATION_OK"
26433,10406418652,10406418706,1,"IOTHUB_CLIENT_CONFIRMATION_OK"
26434,10406418852,10406418892,1,"IOTHUB_CLIENT_CONFIRMATION_OK"
26435,10406419052,10406419093,1,"IOTHUB_CLIENT_CONFIRMATION_OK"
26436,10406419252,10406419322,1,"IOTHUB_CLIENT_CONFIRMATION_OK"
26437,10406419453,10406419499,1,"IOTHUB_CLIENT_CONFIRMATION_OK"
26438,10406419653,10406419692,1,"IOTHUB_CLIENT_CONFIRMATION_OK"
26439,10406419853,10406419896,1,"IOTHUB_CLIENT_CONFIRMATION_OK"
26440,10406420053,10406420091,1,"IOTHUB_CLIENT_CONFIRMATION_OK"
26441,10406420253,10406420298,1,"IOTHUB_CLIENT_CONFIRMATION_OK"
26442,10406420453,10406420535,1,"IOTHUB_CLIENT_CONFIRMATION_OK"
26443,10406420654,10406420697,1,"IOTHUB_CLIENT_CONFIRMATION_OK"
26444,10406420854,10406420898,1,"IOTHUB_CLIENT_CONFIRMATION_OK"
26445,10406421054,10406421096,1,"IOTHUB_CLIENT_CONFIRMATION_OK"
26446,10406421254,10406421291,1,"IOTHUB_CLIENT_CONFIRMATION_OK"
26447,10406421454,10406421503,1,"IOTHUB_CLIENT_CONFIRMATION_OK"
26448,10406421654,10406421716,1,"IOTHUB_CLIENT_CONFIRMATION_OK"
26449,10406421855,10406421897,1,"IOTHUB_CLIENT_CONFIRMATION_OK"
26450,10406422055,10406422108,1,"IOTHUB_CLIENT_CONFIRMATION_OK"
26451,10406422255,10406422332,1,"IOTHUB_CLIENT_CONFIRMATION_OK"
26452,10406422455,10406422503,1,"IOTHUB_CLIENT_CONFIRMATION_OK"
26453,10406422655,10406422706,1,"IOTHUB_CLIENT_CONFIRMATION_OK"
26454,10406422855,10406422893,1,"IOTHUB_CLIENT_CONFIRMATION_OK"
26455,10406423056,10406423158,1,"IOTHUB_CLIENT_CONFIRMATION_OK"
26456,10406423256,10406423313,1,"IOTHUB_CLIENT_CONFIRMATION_OK"
26457,10406423456,10406423495,1,"IOTHUB_CLIENT_CONFIRMATION_OK"
26458,10406423656,10406423772,1,"IOTHUB_CLIENT_CONFIRMATION_OK"
26459,10406423856,10406423896,1,"IOTHUB_CLIENT_CONFIRMATION_OK"
26460,10406424056,10406424097,1,"IOTHUB_CLIENT_CONFIRMATION_OK"
26461,10406424257,10406424304,1,"IOTHUB_CLIENT_CONFIRMATION_OK"
26462,10406424457,10406424497,1,"IOTHUB_CLIENT_CONFIRMATION_OK"
26463,10406424657,10406424692,1,"IOTHUB_CLIENT_CONFIRMATION_OK"
26464,10406424857,10406424915,1,"IOTHUB_CLIENT_CONFIRMATION_OK"
26465,10406425057,10406425092,1,"IOTHUB_CLIENT_CONFIRMATION_OK"
26466,10406425257,10406425297,1,"IOTHUB_CLIENT_CONFIRMATION_OK"
26467,10406425457,10406425497,1,"IOTHUB_CLIENT_CONFIRMATION_OK"
26468,10406425658,10406425703,1,"IOTHUB_CLIENT_CONFIRMATION_OK"
26469,10406425858,10406425912,1,"IOTHUB_CLIENT_CONFIRMATION_OK"
26470,10406426058,10406426098,1,"IOTHUB_CLIENT_CONFIRMATION_OK"
26471,10406426258,10406426296,1,"IOTHUB_CLIENT_CONFIRMATION_OK"
26472,10406426458,10406426523,1,"IOTHUB_CLIENT_CONFIRMATION_OK"
26473,10406426658,10406426691,1,"IOTHUB_CLIENT_CONFIRMATION_OK"
26474,10406426859,10406426908,1,"IOTHUB_CLIENT_CONFIRMATION_OK"
26475,10406427059,10406427131,1,"IOTHUB_CLIENT_CONFIRMATION_OK"
26476,10406427259,10406427296,1,"IOTHUB_CLIENT_CONFIRMATION_OK"
26477,10406427459,10406427493,1,"IOTHUB_CLIENT_CONFIRMATION_OK"
26478,10406427659,10406427745,1,"IOTHUB_CLIENT_CONFIRMATION_OK"
26479,10406427859,10406427959,1,"IOTHUB_CLIENT_CONFIRMATION_OK"
26480,10406428060,10406428096,1,"IOTHUB_CLIENT_CONFIRMATION_OK"
26481,10406428260,10406428301,1,"IOTHUB_CLIENT_CONFIRMATION_OK"
26482,10406428460,10406428495,1,"IOTHUB_CLIENT_CONFIRMATION_OK"
26483,10406428660,10406428750,1,"IOTHUB_CLIENT_CONFIRMATION_OK"
26484,10406428860,10406428911,1,"IOTHUB_CLIENT_CONFIRMATION_OK"
26485,10406429060,10406429100,1,"IOTHUB_CLIENT_CONFIRMATION_OK"
26486,10406429260,10406429439,1,"IOTHUB_CLIENT_CONFIRMATION_OK"
26487,10406429461,10406429510,1,"IOTHUB_CLIENT_CONFIRMATION_OK"
26488,10406429661,10406429700,1,"IOTHUB_CLIENT_CONFIRMATION_OK"
26489,10406429861,10406429977,1,"IOTHUB_CLIENT_CONFIRMATION_OK"
26490,10406430061,10406430096,1,"IOTHUB_CLIENT_CONFIRMATION_OK"
26491,10406430261,10406430311,1,"IOTHUB_CLIENT_CONFIRMATION_OK"
26492,10406430461,10406430500,1,"IOTHUB_CLIENT_CONFIRMATION_OK"
26493,10406430662,10406430712,1,"IOTHUB_CLIENT_CONFIRMATION_OK"
26494,10406430862,10406430907,1,"IOTHUB_CLIENT_CONFIRMATION_OK"
26495,10406431062,10406431098,1,"IOTHUB_CLIENT_CONFIRMATION_OK"
26496,10406431262,10406431306,1,"IOTHUB_CLIENT_CONFIRMATION_OK"
26497,10406431462,10406431614,1,"IOTHUB_CLIENT_CONFIRMATION_OK"
26498,10406431662,10406431707,1,"IOTHUB_CLIENT_CONFIRMATION_OK"
26499,10406431863,10406431904,1,"IOTHUB_CLIENT_CONFIRMATION_OK"
26500,10406432063,10406432222,1,"IOTHUB_CLIENT_CONFIRMATION_OK"
26501,10406432263,10406432304,1,"IOTHUB_CLIENT_CONFIRMATION_OK"
26502,10406432463,10406432530,1,"IOTHUB_CLIENT_CONFIRMATION_OK"
26503,10406432663,10406432697,1,"IOTHUB_CLIENT_CONFIRMATION_OK"
26504,10406432863,10406432905,1,"IOTHUB_CLIENT_CONFIRMATION_OK"
26505,10406433064,10406433101,1,"IOTHUB_CLIENT_CONFIRMATION_OK"
26506,10406433264,10406433306,1,"IOTHUB_CLIENT_CONFIRMATION_OK"
26507,10406433464,10406433500,1,"IOTHUB_CLIENT_CONFIRMATION_OK"
26508,10406433664,10406433734,1,"IOTHUB_CLIENT_CONFIRMATION_OK"
26509,10406433864,10406433919,1,"IOTHUB_CLIENT_CONFIRMATION_OK"
26510,10406434064,10406434104,1,"IOTHUB_CLIENT_CONFIRMATION_OK"
26511,10406434265,10406434504,1,"IOTHUB_CLIENT_CONFIRMATION_OK"
26512,10406434465,10406434535,1,"IOTHUB_CLIENT_CONFIRMATION_OK"
26513,10406434665,10406434706,1,"IOTHUB_CLIENT_CONFIRMATION_OK"
26514,10406434865,10406434939,1,"IOTHUB_CLIENT_CONFIRMATION_OK"
26515,10406435065,10406435108,1,"IOTHUB_CLIENT_CONFIRMATION_OK"
26516,10406435265,10406435308,1,"IOTHUB_CLIENT_CONFIRMATION_OK"
26517,10406435465,10406435535,1,"IOTHUB_CLIENT_CONFIRMATION_OK"
26518,10406435666,10406435722,1,"IOTHUB_CLIENT_CONFIRMATION_OK"
26519,10406435866,10406435914,1,"IOTHUB_CLIENT_CONFIRMATION_OK"
26520,10406436066,10406436128,1,"IOTHUB_CLIENT_CONFIRMATION_OK"
26521,10406436266,10406436300,1,"IOTHUB_CLIENT_CONFIRMATION_OK"
26522,10406436466,10406436500,1,"IOTHUB_CLIENT_CONFIRMATION_OK"
26523,10406436666,10406436730,1,"IOTHUB_CLIENT_CONFIRMATION_OK"
26524,10406436867,10406436909,1,"IOTHUB_CLIENT_CONFIRMATION_OK"
26525,10406437067,10406437146,1,"IOTHUB_CLIENT_CONFIRMATION_OK"
26526,10406437267,10406437304,1,"IOTHUB_CLIENT_CONFIRMATION_OK"
26527,10406437467,10406437509,1,"IOTHUB_CLIENT_CONFIRMATION_OK"
26528,10406437667,10406437757,1,"IOTHUB_CLIENT_CONFIRMATION_OK"
26529,10406437867,10406437914,1,"IOTHUB_CLIENT_CONFIRMATION_OK"
26530,10406438068,10406438124,1,"IOTHUB_CLIENT_CONFIRMATION_OK"
26531,10406438268,10406438368,1,"IOTHUB_CLIENT_CONFIRMATION_OK"
26532,10406438468,10406438501,1,"IOTHUB_CLIENT_CONFIRMATION_OK"
26533,10406438668,10406438711,1,"IOTHUB_CLIENT_CONFIRMATION_OK"
26534,10406438868,10406438975,1,"IOTHUB_CLIENT_CONFIRMATION_OK"
26535,10406439068,10406439102,1,"IOTHUB_CLIENT_CONFIRMATION_OK"
26536,10406439268,10406439305,1,"IOTHUB_CLIENT_CONFIRMATION_OK"
26537,10406439469,10406439514,1,"IOTHUB_CLIENT_CONFIRMATION_OK"
26538,10406439669,10406439710,1,"IOTHUB_CLIENT_CONFIRMATION_OK"
26539,10406439869,10406440028,1,"IOTHUB_CLIENT_CONFIRMATION_OK"
26540,10406440069,10406440112,1,"IOTHUB_CLIENT_CONFIRMATION_OK"
26541,10406440269,10406440313,1,"IOTHUB_CLIENT_CONFIRMATION_OK"
26542,10406440469,10406440634,1,"IOTHUB_CLIENT_CONFIRMATION_OK"
26543,10406440670,10406440711,1,"IOTHUB_CLIENT_CONFIRMATION_OK"
26544,10406440870,10406440911,1,"IOTHUB_CLIENT_CONFIRMATION_OK"
26545,10406441070,10406441118,1,"IOTHUB_CLIENT_CONFIRMATION_OK"
26546,10406441270,10406441311,1,"IOTHUB_CLIENT_CONFIRMATION_OK"
26547,10406441470,10406441508,1,"IOTHUB_CLIENT_CONFIRMATION_OK"
26548,10406441670,10406441711,1,"IOTHUB_CLIENT_CONFIRMATION_OK"
26549,10406441871,10406441908,1,"IOTHUB_CLIENT_CONFIRMATION_OK"
26550,10406442071,10406442105,1,"IOTHUB_CLIENT_CONFIRMATION_OK"
26551,10406442271,10406442313,1,"IOTHUB_CLIENT_CONFIRMATION_OK"
26552,10406442471,10406442506,1,"IOTHUB_CLIENT_CONFIRMATION_OK"
26553,10406442671,10406442897,1,"IOTHUB_CLIENT_CONFIRMATION_OK"
26554,10406442871,10406442916,1,"IOTHUB_CLIENT_CONFIRMATION_OK"
26555,10406443072,10406443114,1,"IOTHUB_CLIENT_CONFIRMATION_OK"
26556,10406443272,10406443316,1,"IOTHUB_CLIENT_CONFIRMATION_OK"
26557,10406443472,10406443511,1,"IOTHUB_CLIENT_CONFIRMATION_OK"
26558,10406443672,10406443712,1,"IOTHUB_CLIENT_CONFIRMATION_OK"
26559,10406443872,10406443915,1,"IOTHUB_CLIENT_CONFIRMATION_OK"
26560,10406444072,10406444113,1,"IOTHUB_CLIENT_CONFIRMATION_OK"
26561,10406444273,10406444329,1,"IOTHUB_CLIENT_CONFIRMATION_OK"
26562,10406444473,10406444615,1,"IOTHUB_CLIENT_CONFIRMATION_OK"
26563,10406444673,10406444709,1,"IOTHUB_CLIENT_CONFIRMATION_OK"
26564,10406444873,10406444931,1,"IOTHUB_CLIENT_CONFIRMATION_OK"
26565,10406445073,10406445115,1,"IOTHUB_CLIENT_CONFIRMATION_OK"
26566,10406445273,10406445322,1,"IOTHUB_CLIENT_CONFIRMATION_OK"
26567,10406445473,10406445582,1,"IOTHUB_CLIENT_CONFIRMATION_OK"
26568,10406445674,10406445719,1,"IOTHUB_CLIENT_CONFIRMATION_OK"
26569,10406445874,10406445928,1,"IOTHUB_CLIENT_CONFIRMATION_OK"
26570,10406446074,10406446203,1,"IOTHUB_CLIENT_CONFIRMATION_OK"
26571,10406446274,10406446311,1,"IOTHUB_CLIENT_CONFIRMATION_OK"
26572,10406446474,10406446530,1,"IOTHUB_CLIENT_CONFIRMATION_OK"
26573,10406446674,10406446817,1,"IOTHUB_CLIENT_CONFIRMATION_OK"
26574,10406446875,10406446950,1,"IOTHUB_CLIENT_CONFIRMATION_OK"
26575,10406447075,10406447110,1,"IOTHUB_CLIENT_CONFIRMATION_OK"
26576,10406447275,10406447316,1,"IOTHUB_CLIENT_CONFIRMATION_OK"
26577,10406447475,10406447515,1,"IOTHUB_CLIENT_CONFIRMATION_OK"
26578,10406447675,10406447726,1,"IOTHUB_CLIENT_CONFIRMATION_OK"
26579,10406447875,10406447917,1,"IOTHUB_CLIENT_CONFIRMATION_OK"
26580,10406448075,10406448115,1,"IOTHUB_CLIENT_CONFIRMATION_OK"
26581,10406448276,10406448314,1,"IOTHUB_CLIENT_CONFIRMATION_OK"
26582,10406448476,10406448521,1,"IOTHUB_CLIENT_CONFIRMATION_OK"
26583,10406448676,10406448719,1,"IOTHUB_CLIENT_CONFIRMATION_OK"
26584,10406448876,10406449017,1,"IOTHUB_CLIENT_CONFIRMATION_OK"
26585,10406449076,10406449125,1,"IOTHUB_CLIENT_CONFIRMATION_OK"
26586,10406449276,10406449331,1,"IOTHUB_CLIENT_CONFIRMATION_OK"
26587,10406449477,10406449513,1,"IOTHUB_CLIENT_CONFIRMATION_OK"
26588,10406449677,10406449716,1,"IOTHUB_CLIENT_CONFIRMATION_OK"
26589,10406449877,10406449940,1,"IOTHUB_CLIENT_CONFIRMATION_OK"
26590,10406450077,10406450196,1,"IOTHUB_CLIENT_CONFIRMATION_OK"
26591,10406450277,10406450321,1,"IOTHUB_CLIENT_CONFIRMATION_OK"
26592,10406450477,10406450515,1,"IOTHUB_CLIENT_CONFIRMATION_OK"
26593,10406450678,10406450747,1,"IOTHUB_CLIENT_CONFIRMATION_OK"
26594,10406450878,10406450927,1,"IOTHUB_CLIENT_CONFIRMATION_OK"
26595,10406451078,10406451123,1,"IOTHUB_CLIENT_CONFIRMATION_OK"
26596,10406451278,10406451323,1,"IOTHUB_CLIENT_CONFIRMATION_OK"
26597,10406451478,10406451519,1,"IOTHUB_CLIENT_CONFIRMATION_OK"
26598,10406451678,10406451824,1,"IOTHUB_CLIENT_CONFIRMATION_OK"
26599,10406451878,10406451910,1,"IOTHUB_CLIENT_CONFIRMATION_OK"
26600,10406452079,10406452114,1,"IOTHUB_CLIENT_CONFIRMATION_OK"
26601,10406452279,10406452433,1,"IOTHUB_CLIENT_CONFIRMATION_OK"
26602,10406452479,10406452520,1,"IOTHUB_CLIENT_CONFIRMATION_OK"
26603,10406452679,10406452720,1,"IOTHUB_CLIENT_CONFIRMATION_OK"
26604,10406452879,10406452919,1,"IOTHUB_CLIENT_CONFIRMATION_OK"
26605,10406453079,10406453117,1,"IOTHUB_CLIENT_CONFIRMATION_OK"
26606,10406453280,10406453326,1,"IOTHUB_CLIENT_CONFIRMATION_OK"
26607,10406453480,10406453526,1,"IOTHUB_CLIENT_CONFIRMATION_OK"
26608,10406453680,10406453718,1,"IOTHUB_CLIENT_CONFIRMATION_OK"
26609,10406453880,10406453927,1,"IOTHUB_CLIENT_CONFIRMATION_OK"
26610,10406454080,10406454128,1,"IOTHUB_CLIENT_CONFIRMATION_OK"
26611,10406454280,10406454324,1,"IOTHUB_CLIENT_CONFIRMATION_OK"
26612,10406454481,10406454525,1,"IOTHUB_CLIENT_CONFIRMATION_OK"
26613,10406454681,10406454745,1,"IOTHUB_CLIENT_CONFIRMATION_OK"
26614,10406454881,10406454926,1,"IOTHUB_CLIENT_CONFIRMATION_OK"
26615,10406455081,10406455143,1,"IOTHUB_CLIENT_CONFIRMATION_OK"
26616,10406455281,10406455345,1,"IOTHUB_CLIENT_CONFIRMATION_OK"
26617,10406455481,10406456107,1,"IOTHUB_CLIENT_CONFIRMATION_OK"
26618,10406455682,10406456236,1,"IOTHUB_CLIENT_CONFIRMATION_OK"
26619,10406455882,10406456289,1,"IOTHUB_CLIENT_CONFIRMATION_OK"
26620,10406456082,10406456434,1,"IOTHUB_CLIENT_CONFIRMATION_OK"
26621,10406456282,10406456490,1,"IOTHUB_CLIENT_CONFIRMATION_OK"
26622,10406456482,10406456528,1,"IOTHUB_CLIENT_CONFIRMATION_OK"
26623,10406456682,10406456724,1,"IOTHUB_CLIENT_CONFIRMATION_OK"
26624,10406456882,10406456934,1,"IOTHUB_CLIENT_CONFIRMATION_OK"
26625,10406457083,10406457121,1,"IOTHUB_CLIENT_CONFIRMATION_OK"
26626,10406457283,10406457394,1,"IOTHUB_CLIENT_CONFIRMATION_OK"
26627,10406457483,10406457525,1,"IOTHUB_CLIENT_CONFIRMATION_OK"
26628,10406457683,10406457725,1,"IOTHUB_CLIENT_CONFIRMATION_OK"
26629,10406457883,10406458013,1,"IOTHUB_CLIENT_CONFIRMATION_OK"
26630,10406458083,10406458123,1,"IOTHUB_CLIENT_CONFIRMATION_OK"
26631,10406458284,10406458361,1,"IOTHUB_CLIENT_CONFIRMATION_OK"
26632,10406458484,10406458538,1,"IOTHUB_CLIENT_CONFIRMATION_OK"
26633,10406458684,10406458760,1,"IOTHUB_CLIENT_CONFIRMATION_OK"
26634,10406458884,10406458945,1,"IOTHUB_CLIENT_CONFIRMATION_OK"
26635,10406459084,10406459125,1,"IOTHUB_CLIENT_CONFIRMATION_OK"
26636,10406459284,10406459328,1,"IOTHUB_CLIENT_CONFIRMATION_OK"
26637,10406459485,10406459533,1,"IOTHUB_CLIENT_CONFIRMATION_OK"
26638,10406459685,10406459725,1,"IOTHUB_CLIENT_CONFIRMATION_OK"
26639,10406459885,10406459923,1,"IOTHUB_CLIENT_CONFIRMATION_OK"
26640,10406460085,10406460262,1,"IOTHUB_CLIENT_CONFIRMATION_OK"
26641,10406460285,10406460322,1,"IOTHUB_CLIENT_CONFIRMATION_OK"
26642,10406460485,10406460528,1,"IOTHUB_CLIENT_CONFIRMATION_OK"
26643,10406460685,10406460739,1,"IOTHUB_CLIENT_CONFIRMATION_OK"
26644,10406460886,10406460926,1,"IOTHUB_CLIENT_CONFIRMATION_OK"
26645,10406461086,10406461137,1,"IOTHUB_CLIENT_CONFIRMATION_OK"
26646,10406461286,10406461336,1,"IOTHUB_CLIENT_CONFIRMATION_OK"
26647,10406461486,10406461529,1,"IOTHUB_CLIENT_CONFIRMATION_OK"
26648,10406461686,10406461730,1,"IOTHUB_CLIENT_CONFIRMATION_OK"
26649,10406461886,10406461942,1,"IOTHUB_CLIENT_CONFIRMATION_OK"
26650,10406462087,10406462133,1,"IOTHUB_CLIENT_CONFIRMATION_OK"
26651,10406462287,10406462321,1,"IOTHUB_CLIENT_CONFIRMATION_OK"
26652,10406462487,10406462582,1,"IOTHUB_CLIENT_CONFIRMATION_OK"
26653,10406462687,10406462730,1,"IOTHUB_CLIENT_CONFIRMATION_OK"
26654,10406462887,10406462982,1,"IOTHUB_CLIENT_CONFIRMATION_OK"
26655,10406463087,10406463154,1,"IOTHUB_CLIENT_CONFIRMATION_OK"
26656,10406463288,10406463327,1,"IOTHUB_CLIENT_CONFIRMATION_OK"
26657,10406463488,10406463593,1,"IOTHUB_CLIENT_CONFIRMATION_OK"
26658,10406463688,10406463726,1,"IOTHUB_CLIENT_CONFIRMATION_OK"
26659,10406463888,10406463938,1,"IOTHUB_CLIENT_CONFIRMATION_OK"
26660,10406464088,10406464205,1,"IOTHUB_CLIENT_CONFIRMATION_OK"
26661,10406464288,10406464336,1,"IOTHUB_CLIENT_CONFIRMATION_OK"
26662,10406464489,10406464528,1,"IOTHUB_CLIENT_CONFIRMATION_OK"
26663,10406464689,10406464726,1,"IOTHUB_CLIENT_CONFIRMATION_OK"
26664,10406464889,10406464932,1,"IOTHUB_CLIENT_CONFIRMATION_OK"
26665,10406465089,10406465150,1,"IOTHUB_CLIENT_CONFIRMATION_OK"
26666,10406465289,10406465341,1,"IOTHUB_CLIENT_CONFIRMATION_OK"
26667,10406465489,10406465526,1,"IOTHUB_CLIENT_CONFIRMATION_OK"
26668,10406465690,10406465826,1,"IOTHUB_CLIENT_CONFIRMATION_OK"
26669,10406465890,10406465929,1,"IOTHUB_CLIENT_CONFIRMATION_OK"
26670,10406466090,10406466133,1,"IOTHUB_CLIENT_CONFIRMATION_OK"
26671,10406466290,10406466430,1,"IOTHUB_CLIENT_CONFIRMATION_OK"
26672,10406466490,10406466530,1,"IOTHUB_CLIENT_CONFIRMATION_OK"
26673,10406466690,10406466729,1,"IOTHUB_CLIENT_CONFIRMATION_OK"
26674,10406466891,10406466984,1,"IOTHUB_CLIENT_CONFIRMATION_OK"
26675,10406467091,10406467154,1,"IOTHUB_CLIENT_CONFIRMATION_OK"
26676,10406467291,10406467345,1,"IOTHUB_CLIENT_CONFIRMATION_OK"
26677,10406467491,10406467537,1,"IOTHUB_CLIENT_CONFIRMATION_OK"
26678,10406467691,10406467752,1,"IOTHUB_CLIENT_CONFIRMATION_OK"
26679,10406467891,10406467965,1,"IOTHUB_CLIENT_CONFIRMATION_OK"
26680,10406468091,10406468139,1,"IOTHUB_CLIENT_CONFIRMATION_OK"
26681,10406468292,10406468329,1,"IOTHUB_CLIENT_CONFIRMATION_OK"
26682,10406468492,10406468667,1,"IOTHUB_CLIENT_CONFIRMATION_OK"
26683,10406468692,10406468749,1,"IOTHUB_CLIENT_CONFIRMATION_OK"
26684,10406468892,10406468940,1,"IOTHUB_CLIENT_CONFIRMATION_OK"
26685,10406469092,10406469356,1,"IOTHUB_CLIENT_CONFIRMATION_OK"
26686,10406469292,10406469379,1,"IOTHUB_CLIENT_CONFIRMATION_OK"
26687,10406469493,10406469531,1,"IOTHUB_CLIENT_CONFIRMATION_OK"
26688,10406469693,10406469775,1,"IOTHUB_CLIENT_CONFIRMATION_OK"
26689,10406469893,10406469932,1,"IOTHUB_CLIENT_CONFIRMATION_OK"
26690,10406470093,10406470130,1,"IOTHUB_CLIENT_CONFIRMATION_OK"
26691,10406470293,10406470393,1,"IOTHUB_CLIENT_CONFIRMATION_OK"
26692,10406470493,10406470532,1,"IOTHUB_CLIENT_CONFIRMATION_OK"
26693,10406470694,10406470743,1,"IOTHUB_CLIENT_CONFIRMATION_OK"
26694,10406470894,10406470950,1,"IOTHUB_CLIENT_CONFIRMATION_OK"
26695,10406471094,10406471132,1,"IOTHUB_CLIENT_CONFIRMATION_OK"
26696,10406471294,10406471412,1,"IOTHUB_CLIENT_CONFIRMATION_OK"
26697,10406471494,10406471534,1,"IOTHUB_CLIENT_CONFIRMATION_OK"
26698,10406471694,10406471731,1,"IOTHUB_CLIENT_CONFIRMATION_OK"
26699,10406471894,10406472037,1,"IOTHUB_CLIENT_CONFIRMATION_OK"
26700,10406472095,10406472192,1,"IOTHUB_CLIENT_CONFIRMATION_OK"
26701,10406472295,10406472380,1,"IOTHUB_CLIENT_CONFIRMATION_OK"
26702,10406472495,10406472651,1,"IOTHUB_CLIENT_CONFIRMATION_OK"
26703,10406472695,10406472743,1,"IOTHUB_CLIENT_CONFIRMATION_OK"
26704,10406472895,10406472936,1,"IOTHUB_CLIENT_CONFIRMATION_OK"
26705,10406473095,10406473145,1,"IOTHUB_CLIENT_CONFIRMATION_OK"
26706,10406473295,10406473338,1,"IOTHUB_CLIENT_CONFIRMATION_OK"
26707,10406473496,10406473544,1,"IOTHUB_CLIENT_CONFIRMATION_OK"
26708,10406473696,10406473736,1,"IOTHUB_CLIENT_CONFIRMATION_OK"
26709,10406473896,10406473934,1,"IOTHUB_CLIENT_CONFIRMATION_OK"
26710,10406474096,10406474298,1,"IOTHUB_CLIENT_CONFIRMATION_OK"
26711,10406474296,10406474330,1,"IOTHUB_CLIENT_CONFIRMATION_OK"
26712,10406474496,10406474536,1,"IOTHUB_CLIENT_CONFIRMATION_OK"
26713,10406474697,10406474736,1,"IOTHUB_CLIENT_CONFIRMATION_OK"
26714,10406474897,10406474954,1,"IOTHUB_CLIENT_CONFIRMATION_OK"
26715,10406475097,10406475156,1,"IOTHUB_CLIENT_CONFIRMATION_OK"
26716,10406475297,10406475355,1,"IOTHUB_CLIENT_CONFIRMATION_OK"
26717,10406475497,10406475539,1,"IOTHUB_CLIENT_CONFIRMATION_OK"
26718,10406475697,10406475745,1,"IOTHUB_CLIENT_CONFIRMATION_OK"
26719,10406475897,10406475951,1,"IOTHUB_CLIENT_CONFIRMATION_OK"
26720,10406476098,10406476139,1,"IOTHUB_CLIENT_CONFIRMATION_OK"
26721,10406476298,10406476340,1,"IOTHUB_CLIENT_CONFIRMATION_OK"
26722,10406476498,10406476588,1,"IOTHUB_CLIENT_CONFIRMATION_OK"
26723,10406476698,10406476746,1,"IOTHUB_CLIENT_CONFIRMATION_OK"
26724,10406476898,10406476936,1,"IOTHUB_CLIENT_CONFIRMATION_OK"
26725,10406477098,10406477139,1,"IOTHUB_CLIENT_CONFIRMATION_OK"
26726,10406477299,10406477343,1,"IOTHUB_CLIENT_CONFIRMATION_OK"
26727,10406477499,10406477641,1,"IOTHUB_CLIENT_CONFIRMATION_OK"
26728,10406477699,10406477735,1,"IOTHUB_CLIENT_CONFIRMATION_OK"
26729,10406477899,10406477961,1,"IOTHUB_CLIENT_CONFIRMATION_OK"
26730,10406478099,10406478235,1,"IOTHUB_CLIENT_CONFIRMATION_OK"
26731,10406478299,10406478338,1,"IOTHUB_CLIENT_CONFIRMATION_OK"
26732,10406478499,10406478547,1,"IOTHUB_CLIENT_CONFIRMATION_OK"
26733,10406478700,10406478870,1,"IOTHUB_CLIENT_CONFIRMATION_OK"
26734,10406478900,10406478944,1,"IOTHUB_CLIENT_CONFIRMATION_OK"
26735,10406479100,10406479140,1,"IOTHUB_CLIENT_CONFIRMATION_OK"
26736,10406479300,10406479354,1,"IOTHUB_CLIENT_CONFIRMATION_OK"
26737,10406479500,10406479539,1,"IOTHUB_CLIENT_CONFIRMATION_OK"
26738,10406479700,10406479738,1,"IOTHUB_CLIENT_CONFIRMATION_OK"
26739,10406479901,10406479937,1,"IOTHUB_CLIENT_CONFIRMATION_OK"
26740,10406480101,10406480177,1,"IOTHUB_CLIENT_CONFIRMATION_OK"
26741,10406480301,10406480391,1,"IOTHUB_CLIENT_CONFIRMATION_OK"
26742,10406480501,10406480560,1,"IOTHUB_CLIENT_CONFIRMATION_OK"
26743,10406480701,10406480736,1,"IOTHUB_CLIENT_CONFIRMATION_OK"
26744,10406480901,10406480998,1,"IOTHUB_CLIENT_CONFIRMATION_OK"
26745,10406481101,10406481142,1,"IOTHUB_CLIENT_CONFIRMATION_OK"
26746,10406481302,10406481407,1,"IOTHUB_CLIENT_CONFIRMATION_OK"
26747,10406481502,10406481619,1,"IOTHUB_CLIENT_CONFIRMATION_OK"
26748,10406481702,10406481739,1,"IOTHUB_CLIENT_CONFIRMATION_OK"
26749,10406481902,10406481933,1,"IOTHUB_CLIENT_CONFIRMATION_OK"
26750,10406482102,10406482146,1,"IOTHUB_CLIENT_CONFIRMATION_OK"
26751,10406482302,10406482346,1,"IOTHUB_CLIENT_CONFIRMATION_OK"
26752,10406482503,10406482546,1,"IOTHUB_CLIENT_CONFIRMATION_OK"
26753,10406482703,10406482741,1,"IOTHUB_CLIENT_CONFIRMATION_OK"
26754,10406482903,10406482939,1,"IOTHUB_CLIENT_CONFIRMATION_OK"
26755,10406483103,10406483305,1,"IOTHUB_CLIENT_CONFIRMATION_OK"
26756,10406483303,10406483340,1,"IOTHUB_CLIENT_CONFIRMATION_OK"
26757,10406483503,10406483545,1,"IOTHUB_CLIENT_CONFIRMATION_OK"
26758,10406483704,10406483750,1,"IOTHUB_CLIENT_CONFIRMATION_OK"
26759,10406483904,10406483943,1,"IOTHUB_CLIENT_CONFIRMATION_OK"
26760,10406484104,10406484150,1,"IOTHUB_CLIENT_CONFIRMATION_OK"
26761,10406484304,10406484346,1,"IOTHUB_CLIENT_CONFIRMATION_OK"
26762,10406484504,10406484540,1,"IOTHUB_CLIENT_CONFIRMATION_OK"
26763,10406484704,10406484748,1,"IOTHUB_CLIENT_CONFIRMATION_OK"
26764,10406484905,10406484949,1,"IOTHUB_CLIENT_CONFIRMATION_OK"
26765,10406485105,10406485155,1,"IOTHUB_CLIENT_CONFIRMATION_OK"
26766,10406485305,10406485384,1,"IOTHUB_CLIENT_CONFIRMATION_OK"
26767,10406485505,10406485562,1,"IOTHUB_CLIENT_CONFIRMATION_OK"
26768,10406485705,10406485743,1,"IOTHUB_CLIENT_CONFIRMATION_OK"
26769,10406485905,10406485950,1,"IOTHUB_CLIENT_CONFIRMATION_OK"
26770,10406486106,10406486142,1,"IOTHUB_CLIENT_CONFIRMATION_OK"
26771,10406486306,10406486350,1,"IOTHUB_CLIENT_CONFIRMATION_OK"
26772,10406486506,10406486561,1,"IOTHUB_CLIENT_CONFIRMATION_OK"
26773,10406486706,10406486745,1,"IOTHUB_CLIENT_CONFIRMATION_OK"
26774,10406486906,10406486946,1,"IOTHUB_CLIENT_CONFIRMATION_OK"
26775,10406487106,10406487169,1,"IOTHUB_CLIENT_CONFIRMATION_OK"
26776,10406487307,10406487349,1,"IOTHUB_CLIENT_CONFIRMATION_OK"
26777,10406487507,10406487612,1,"IOTHUB_CLIENT_CONFIRMATION_OK"
26778,10406487707,10406487795,1,"IOTHUB_CLIENT_CONFIRMATION_OK"
26779,10406487907,10406487955,1,"IOTHUB_CLIENT_CONFIRMATION_OK"
26780,10406488107,10406488162,1,"IOTHUB_CLIENT_CONFIRMATION_OK"
26781,10406488307,10406488356,1,"IOTHUB_CLIENT_CONFIRMATION_OK"
26782,10406488508,10406488617,1,"IOTHUB_CLIENT_CONFIRMATION_OK"
26783,10406488708,10406488834,1,"IOTHUB_CLIENT_CONFIRMATION_OK"
26784,10406488908,10406488952,1,"IOTHUB_CLIENT_CONFIRMATION_OK"
26785,10406489108,10406489148,1,"IOTHUB_CLIENT_CONFIRMATION_OK"
26786,10406489308,10406489449,1,"IOTHUB_CLIENT_CONFIRMATION_OK"
26787,10406489508,10406489550,1,"IOTHUB_CLIENT_CONFIRMATION_OK"
26788,10406489708,10406489756,1,"IOTHUB_CLIENT_CONFIRMATION_OK"
26789,10406489909,10406489958,1,"IOTHUB_CLIENT_CONFIRMATION_OK"
26790,10406490109,10406490153,1,"IOTHUB_CLIENT_CONFIRMATION_OK"
26791,10406490309,10406490352,1,"IOTHUB_CLIENT_CONFIRMATION_OK"
26792,10406490509,10406490577,1,"IOTHUB_CLIENT_CONFIRMATION_OK"
26793,10406490709,10406490756,1,"IOTHUB_CLIENT_CONFIRMATION_OK"
26794,10406490909,10406490957,1,"IOTHUB_CLIENT_CONFIRMATION_OK"
26795,10406491110,10406491153,1,"IOTHUB_CLIENT_CONFIRMATION_OK"
26796,10406491310,10406491349,1,"IOTHUB_CLIENT_CONFIRMATION_OK"
26797,10406491510,10406491719,1,"IOTHUB_CLIENT_CONFIRMATION_OK"
26798,10406491710,10406491774,1,"IOTHUB_CLIENT_CONFIRMATION_OK"
26799,10406491910,10406491952,1,"IOTHUB_CLIENT_CONFIRMATION_OK"
26800,10406492110,10406492153,1,"IOTHUB_CLIENT_CONFIRMATION_OK"
26801,10406492310,10406492381,1,"IOTHUB_CLIENT_CONFIRMATION_OK"
26802,10406492511,10406492559,1,"IOTHUB_CLIENT_CONFIRMATION_OK"
26803,10406492711,10406492758,1,"IOTHUB_CLIENT_CONFIRMATION_OK"
26804,10406492911,10406492970,1,"IOTHUB_CLIENT_CONFIRMATION_OK"
26805,10406493111,10406493153,1,"IOTHUB_CLIENT_CONFIRMATION_OK"
26806,10406493311,10406493354,1,"IOTHUB_CLIENT_CONFIRMATION_OK"
26807,10406493511,10406493549,1,"IOTHUB_CLIENT_CONFIRMATION_OK"
26808,10406493712,10406493749,1,"IOTHUB_CLIENT_CONFIRMATION_OK"
26809,10406493912,10406494006,1,"IOTHUB_CLIENT_CONFIRMATION_OK"
26810,10406494112,10406494147,1,"IOTHUB_CLIENT_CONFIRMATION_OK"
26811,10406494312,10406494355,1,"IOTHUB_CLIENT_CONFIRMATION_OK"
26812,10406494512,10406494550,1,"IOTHUB_CLIENT_CONFIRMATION_OK"
26813,10406494712,10406494755,1,"IOTHUB_CLIENT_CONFIRMATION_OK"
26814,10406494912,10406494976,1,"IOTHUB_CLIENT_CONFIRMATION_OK"
26815,10406495113,10406495162,1,"IOTHUB_CLIENT_CONFIRMATION_OK"
26816,10406495313,10406495355,1,"IOTHUB_CLIENT_CONFIRMATION_OK"
26817,10406495513,10406495615,1,"IOTHUB_CLIENT_CONFIRMATION_OK"
26818,10406495713,10406495763,1,"IOTHUB_CLIENT_CONFIRMATION_OK"
26819,10406495913,10406495986,1,"IOTHUB_CLIENT_CONFIRMATION_OK"
26820,10406496113,10406496206,1,"IOTHUB_CLIENT_CONFIRMATION_OK"
26821,10406496314,10406496356,1,"IOTHUB_CLIENT_CONFIRMATION_OK"
26822,10406496514,10406496552,1,"IOTHUB_CLIENT_CONFIRMATION_OK"
26823,10406496714,10406496760,1,"IOTHUB_CLIENT_CONFIRMATION_OK"
26824,10406496914,10406496964,1,"IOTHUB_CLIENT_CONFIRMATION_OK"
26825,10406497114,10406497237,1,"IOTHUB_CLIENT_CONFIRMATION_OK"
26826,10406497314,10406497366,1,"IOTHUB_CLIENT_CONFIRMATION_OK"
26827,10406497515,10406497562,1,"IOTHUB_CLIENT_CONFIRMATION_OK"
26828,10406497715,10406497856,1,"IOTHUB_CLIENT_CONFIRMATION_OK"
26829,10406497915,10406497976,1,"IOTHUB_CLIENT_CONFIRMATION_OK"
26830,10406498115,10406498153,1,"IOTHUB_CLIENT_CONFIRMATION_OK"
26831,10406498315,10406498468,1,"IOTHUB_CLIENT_CONFIRMATION_OK"
26832,10406498515,10406498555,1,"IOTHUB_CLIENT_CONFIRMATION_OK"
26833,10406498716,10406498765,1,"IOTHUB_CLIENT_CONFIRMATION_OK"
26834,10406498916,10406498959,1,"IOTHUB_CLIENT_CONFIRMATION_OK"
26835,10406499116,10406499154,1,"IOTHUB_CLIENT_CONFIRMATION_OK"
26836,10406499316,10406499376,1,"IOTHUB_CLIENT_CONFIRMATION_OK"
26837,10406499516,10406499561,1,"IOTHUB_CLIENT_CONFIRMATION_OK"
26838,10406499716,10406499772,1,"IOTHUB_CLIENT_CONFIRMATION_OK"
26839,10406499917,10406500076,1,"IOTHUB_CLIENT_CONFIRMATION_OK"
26840,10406500117,10406500200,1,"IOTHUB_CLIENT_CONFIRMATION_OK"
26841,10406500317,10406500398,1,"IOTHUB_CLIENT_CONFIRMATION_OK"
26842,10406500517,10406500704,1,"IOTHUB_CLIENT_CONFIRMATION_OK"
26843,10406500717,10406500774,1,"IOTHUB_CLIENT_CONFIRMATION_OK"
26844,10406500917,10406500963,1,"IOTHUB_CLIENT_CONFIRMATION_OK"
26845,10406501118,10406501161,1,"IOTHUB_CLIENT_CONFIRMATION_OK"
26846,10406501318,10406501355,1,"IOTHUB_CLIENT_CONFIRMATION_OK"
26847,10406501518,10406501564,1,"IOTHUB_CLIENT_CONFIRMATION_OK"
26848,10406501718,10406501759,1,"IOTHUB_CLIENT_CONFIRMATION_OK"
26849,10406501918,10406501955,1,"IOTHUB_CLIENT_CONFIRMATION_OK"
26850,10406502118,10406502160,1,"IOTHUB_CLIENT_CONFIRMATION_OK"
26851,10406502319,10406502370,1,"IOTHUB_CLIENT_CONFIRMATION_OK"
26852,10406502519,10406502570,1,"IOTHUB_CLIENT_CONFIRMATION_OK"
26853,10406502719,10406502952,1,"IOTHUB_CLIENT_CONFIRMATION_OK"
26854,10406502919,10406502981,1,"IOTHUB_CLIENT_CONFIRMATION_OK"
26855,10406503119,10406503155,1,"IOTHUB_CLIENT_CONFIRMATION_OK"
26856,10406503319,10406503371,1,"IOTHUB_CLIENT_CONFIRMATION_OK"
26857,10406503520,10406503563,1,"IOTHUB_CLIENT_CONFIRMATION_OK"
26858,10406503720,10406503758,1,"IOTHUB_CLIENT_CONFIRMATION_OK"
26859,10406503920,10406504006,1,"IOTHUB_CLIENT_CONFIRMATION_OK"
26860,10406504120,10406504165,1,"IOTHUB_CLIENT_CONFIRMATION_OK"
26861,10406504320,10406504363,1,"IOTHUB_CLIENT_CONFIRMATION_OK"
26862,10406504520,10406504551,1,"IOTHUB_CLIENT_CONFIRMATION_OK"
26863,10406504720,10406504768,1,"IOTHUB_CLIENT_CONFIRMATION_OK"
26864,10406504921,10406504987,1,"IOTHUB_CLIENT_CONFIRMATION_OK"
26865,10406505121,10406505173,1,"IOTHUB_CLIENT_CONFIRMATION_OK"
26866,10406505321,10406505368,1,"IOTHUB_CLIENT_CONFIRMATION_OK"
26867,10406505521,10406505587,1,"IOTHUB_CLIENT_CONFIRMATION_OK"
26868,10406505721,10406505771,1,"IOTHUB_CLIENT_CONFIRMATION_OK"
26869,10406505921,10406505957,1,"IOTHUB_CLIENT_CONFIRMATION_OK"
26870,10406506122,10406506259,1,"IOTHUB_CLIENT_CONFIRMATION_OK"
26871,10406506322,10406506435,1,"IOTHUB_CLIENT_CONFIRMATION_OK"
26872,10406506522,10406506566,1,"IOTHUB_CLIENT_CONFIRMATION_OK"
26873,10406506722,10406506869,1,"IOTHUB_CLIENT_CONFIRMATION_OK"
26874,10406506922,10406507360,1,"IOTHUB_CLIENT_CONFIRMATION_OK"
26875,10406507122,10406507904,1,"IOTHUB_CLIENT_CONFIRMATION_OK"
26876,10406507323,10406508025,1,"IOTHUB_CLIENT_CONFIRMATION_OK"
26877,10406507523,10406508187,1,"IOTHUB_CLIENT_CONFIRMATION_OK"
26878,10406507723,10406508290,1,"IOTHUB_CLIENT_CONFIRMATION_OK"
26879,10406507923,10406508369,1,"IOTHUB_CLIENT_CONFIRMATION_OK"
26880,10406508123,10406508466,1,"IOTHUB_CLIENT_CONFIRMATION_OK"
26881,10406508323,10406508559,1,"IOTHUB_CLIENT_CONFIRMATION_OK"
26882,10406508524,10406508619,1,"IOTHUB_CLIENT_CONFIRMATION_OK"
26883,10406508724,10406508762,1,"IOTHUB_CLIENT_CONFIRMATION_OK"
26884,10406508924,10406508967,1,"IOTHUB_CLIENT_CONFIRMATION_OK"
26885,10406509124,10406509175,1,"IOTHUB_CLIENT_CONFIRMATION_OK"
26886,10406509324,10406509367,1,"IOTHUB_CLIENT_CONFIRMATION_OK"
26887,10406509524,10406509573,1,"IOTHUB_CLIENT_CONFIRMATION_OK"
26888,10406509725,10406509777,1,"IOTHUB_CLIENT_CONFIRMATION_OK"
26889,10406509925,10406510017,1,"IOTHUB_CLIENT_CONFIRMATION_OK"
26890,10406510125,10406510185,1,"IOTHUB_CLIENT_CONFIRMATION_OK"
26891,10406510325,10406510430,1,"IOTHUB_CLIENT_CONFIRMATION_OK"
26892,10406510525,10406510576,1,"IOTHUB_CLIENT_CONFIRMATION_OK"
26893,10406510725,10406510782,1,"IOTHUB_CLIENT_CONFIRMATION_OK"
26894,10406510926,10406510970,1,"IOTHUB_CLIENT_CONFIRMATION_OK"
26895,10406511126,10406511161,1,"IOTHUB_CLIENT_CONFIRMATION_OK"
26896,10406511326,10406511371,1,"IOTHUB_CLIENT_CONFIRMATION_OK"
26897,10406511526,10406511564,1,"IOTHUB_CLIENT_CONFIRMATION_OK"
26898,10406511726,10406511824,1,"IOTHUB_CLIENT_CONFIRMATION_OK"
26899,10406511926,10406511974,1,"IOTHUB_CLIENT_CONFIRMATION_OK"
26900,10406512127,10406512169,1,"IOTHUB_CLIENT_CONFIRMATION_OK"
26901,10406512327,10406512452,1,"IOTHUB_CLIENT_CONFIRMATION_OK"
26902,10406512527,10406512567,1,"IOTHUB_CLIENT_CONFIRMATION_OK"
26903,10406512727,10406512775,1,"IOTHUB_CLIENT_CONFIRMATION_OK"
26904,10406512927,10406513028,1,"IOTHUB_CLIENT_CONFIRMATION_OK"
26905,10406513127,10406513187,1,"IOTHUB_CLIENT_CONFIRMATION_OK"
26906,10406513328,10406513378,1,"IOTHUB_CLIENT_CONFIRMATION_OK"
26907,10406513528,10406513588,1,"IOTHUB_CLIENT_CONFIRMATION_OK"
26908,10406513728,10406513774,1,"IOTHUB_CLIENT_CONFIRMATION_OK"
26909,10406513928,10406513978,1,"IOTHUB_CLIENT_CONFIRMATION_OK"
26910,10406514128,10406514185,1,"IOTHUB_CLIENT_CONFIRMATION_OK"
26911,10406514328,10406514384,1,"IOTHUB_CLIENT_CONFIRMATION_OK"
26912,10406514529,10406514681,1,"IOTHUB_CLIENT_CONFIRMATION_OK"
26913,10406514729,10406514773,1,"IOTHUB_CLIENT_CONFIRMATION_OK"
26914,10406514929,10406514985,1,"IOTHUB_CLIENT_CONFIRMATION_OK"
26915,10406515129,10406515278,1,"IOTHUB_CLIENT_CONFIRMATION_OK"
26916,10406515329,10406515375,1,"IOTHUB_CLIENT_CONFIRMATION_OK"
26917,10406515529,10406515622,1,"IOTHUB_CLIENT_CONFIRMATION_OK"
26918,10406515730,10406515781,1,"IOTHUB_CLIENT_CONFIRMATION_OK"
26919,10406515930,10406516052,1,"IOTHUB_CLIENT_CONFIRMATION_OK"
26920,10406516130,10406516179,1,"IOTHUB_CLIENT_CONFIRMATION_OK"
26921,10406516330,10406516377,1,"IOTHUB_CLIENT_CONFIRMATION_OK"
26922,10406516530,10406516584,1,"IOTHUB_CLIENT_CONFIRMATION_OK"
26923,10406516730,10406516776,1,"IOTHUB_CLIENT_CONFIRMATION_OK"
26924,10406516931,10406516968,1,"IOTHUB_CLIENT_CONFIRMATION_OK"
26925,10406517131,10406517170,1,"IOTHUB_CLIENT_CONFIRMATION_OK"
26926,10406517331,10406517512,1,"IOTHUB_CLIENT_CONFIRMATION_OK"
26927,10406517531,10406517577,1,"IOTHUB_CLIENT_CONFIRMATION_OK"
26928,10406517731,10406517781,1,"IOTHUB_CLIENT_CONFIRMATION_OK"
26929,10406517931,10406517975,1,"IOTHUB_CLIENT_CONFIRMATION_OK"
26930,10406518132,10406518172,1,"IOTHUB_CLIENT_CONFIRMATION_OK"
26931,10406518332,10406518411,1,"IOTHUB_CLIENT_CONFIRMATION_OK"
26932,10406518532,10406518592,1,"IOTHUB_CLIENT_CONFIRMATION_OK"
26933,10406518732,10406518775,1,"IOTHUB_CLIENT_CONFIRMATION_OK"
26934,10406518932,10406518973,1,"IOTHUB_CLIENT_CONFIRMATION_OK"
26935,10406519132,10406519188,1,"IOTHUB_CLIENT_CONFIRMATION_OK"
26936,10406519333,10406519377,1,"IOTHUB_CLIENT_CONFIRMATION_OK"
26937,10406519533,10406519569,1,"IOTHUB_CLIENT_CONFIRMATION_OK"
26938,10406519733,10406519799,1,"IOTHUB_CLIENT_CONFIRMATION_OK"
26939,10406519933,10406519995,1,"IOTHUB_CLIENT_CONFIRMATION_OK"
26940,10406520133,10406520172,1,"IOTHUB_CLIENT_CONFIRMATION_OK"
26941,10406520333,10406520492,1,"IOTHUB_CLIENT_CONFIRMATION_OK"
26942,10406520534,10406520588,1,"IOTHUB_CLIENT_CONFIRMATION_OK"
26943,10406520734,10406520783,1,"IOTHUB_CLIENT_CONFIRMATION_OK"
26944,10406520934,10406520972,1,"IOTHUB_CLIENT_CONFIRMATION_OK"
26945,10406521137,10406521189,1,"IOTHUB_CLIENT_CONFIRMATION_OK"
26946,10406521338,10406521381,1,"IOTHUB_CLIENT_CONFIRMATION_OK"
26947,10406521538,10406521574,1,"IOTHUB_CLIENT_CONFIRMATION_OK"
26948,10406521738,10406521786,1,"IOTHUB_CLIENT_CONFIRMATION_OK"
26949,10406521938,10406521974,1,"IOTHUB_CLIENT_CONFIRMATION_OK"
26950,10406522138,10406522206,1,"IOTHUB_CLIENT_CONFIRMATION_OK"
26951,10406522338,10406522385,1,"IOTHUB_CLIENT_CONFIRMATION_OK"
26952,10406522539,10406522592,1,"IOTHUB_CLIENT_CONFIRMATION_OK"
26953,10406522739,10406522838,1,"IOTHUB_CLIENT_CONFIRMATION_OK"
26954,10406522939,10406522976,1,"IOTHUB_CLIENT_CONFIRMATION_OK"
26955,10406523139,10406523173,1,"IOTHUB_CLIENT_CONFIRMATION_OK"
26956,10406523339,10406523376,1,"IOTHUB_CLIENT_CONFIRMATION_OK"
26957,10406523539,10406523628,1,"IOTHUB_CLIENT_CONFIRMATION_OK"
26958,10406523740,10406523776,1,"IOTHUB_CLIENT_CONFIRMATION_OK"
26959,10406523940,10406523986,1,"IOTHUB_CLIENT_CONFIRMATION_OK"
26960,10406524140,10406524181,1,"IOTHUB_CLIENT_CONFIRMATION_OK"
26961,10406524340,10406524445,1,"IOTHUB_CLIENT_CONFIRMATION_OK"
26962,10406524540,10406524686,1,"IOTHUB_CLIENT_CONFIRMATION_OK"
26963,10406524740,10406524784,1,"IOTHUB_CLIENT_CONFIRMATION_OK"
26964,10406524941,10406525001,1,"IOTHUB_CLIENT_CONFIRMATION_OK"
26965,10406525141,10406525187,1,"IOTHUB_CLIENT_CONFIRMATION_OK"
26966,10406525341,10406525487,1,"IOTHUB_CLIENT_CONFIRMATION_OK"
26967,10406525541,10406525574,1,"IOTHUB_CLIENT_CONFIRMATION_OK"
26968,10406525741,10406525781,1,"IOTHUB_CLIENT_CONFIRMATION_OK"
26969,10406525941,10406525984,1,"IOTHUB_CLIENT_CONFIRMATION_OK"
26970,10406526141,10406526190,1,"IOTHUB_CLIENT_CONFIRMATION_OK"
26971,10406526342,10406526376,1,"IOTHUB_CLIENT_CONFIRMATION_OK"
26972,10406526542,10406526590,1,"IOTHUB_CLIENT_CONFIRMATION_OK"
26973,10406526742,10406526804,1,"IOTHUB_CLIENT_CONFIRMATION_OK"
26974,10406526942,10406526973,1,"IOTHUB_CLIENT_CONFIRMATION_OK"
26975,10406527142,10406527187,1,"IOTHUB_CLIENT_CONFIRMATION_OK"
26976,10406527342,10406527390,1,"IOTHUB_CLIENT_CONFIRMATION_OK"
26977,10406527543,10406527583,1,"IOTHUB_CLIENT_CONFIRMATION_OK"
26978,10406527743,10406527913,1,"IOTHUB_CLIENT_CONFIRMATION_OK"
26979,10406527943,10406527981,1,"IOTHUB_CLIENT_CONFIRMATION_OK"
26980,10406528143,10406528188,1,"IOTHUB_CLIENT_CONFIRMATION_OK"
26981,10406528343,10406528377,1,"IOTHUB_CLIENT_CONFIRMATION_OK"
26982,10406528543,10406528598,1,"IOTHUB_CLIENT_CONFIRMATION_OK"
26983,10406528743,10406528783,1,"IOTHUB_CLIENT_CONFIRMATION_OK"
26984,10406528944,10406528983,1,"IOTHUB_CLIENT_CONFIRMATION_OK"
26985,10406529144,10406529184,1,"IOTHUB_CLIENT_CONFIRMATION_OK"
26986,10406529344,10406529406,1,"IOTHUB_CLIENT_CONFIRMATION_OK"
26987,10406529544,10406529624,1,"IOTHUB_CLIENT_CONFIRMATION_OK"
26988,10406529744,10406529783,1,"IOTHUB_CLIENT_CONFIRMATION_OK"
26989,10406529944,10406529998,1,"IOTHUB_CLIENT_CONFIRMATION_OK"
26990,10406530145,10406530188,1,"IOTHUB_CLIENT_CONFIRMATION_OK"
26991,10406530345,10406530381,1,"IOTHUB_CLIENT_CONFIRMATION_OK"
26992,10406530545,10406530611,1,"IOTHUB_CLIENT_CONFIRMATION_OK"
26993,10406530745,10406530793,1,"IOTHUB_CLIENT_CONFIRMATION_OK"
26994,10406530945,10406530986,1,"IOTHUB_CLIENT_CONFIRMATION_OK"
26995,10406531145,10406531192,1,"IOTHUB_CLIENT_CONFIRMATION_OK"
26996,10406531345,10406531381,1,"IOTHUB_CLIENT_CONFIRMATION_OK"
26997,10406531546,10406531576,1,"IOTHUB_CLIENT_CONFIRMATION_OK"
26998,10406531746,10406531786,1,"IOTHUB_CLIENT_CONFIRMATION_OK"
26999,10406531946,10406531977,1,"IOTHUB_CLIENT_CONFIRMATION_OK"
