Message ID,Send Time,Receive Time,Status,Error
0,10824877958,10824878135,1,"IOTHUB_CLIENT_CONFIRMATION_OK"
1,10824878291,10824878322,1,"IOTHUB_CLIENT_CONFIRMATION_OK"
2,10824878625,10824878655,1,"IOTHUB_CLIENT_CONFIRMATION_OK"
3,10824878958,10824878991,1,"IOTHUB_CLIENT_CONFIRMATION_OK"
4,10824879292,10824879321,1,"IOTHUB_CLIENT_CONFIRMATION_OK"
5,10824879625,10824879656,1,"IOTHUB_CLIENT_CONFIRMATION_OK"
6,10824879958,10824880001,1,"IOTHUB_CLIENT_CONFIRMATION_OK"
7,10824880291,10824880320,1,"IOTHUB_CLIENT_CONFIRMATION_OK"
8,10824880624,10824880654,1,"IOTHUB_CLIENT_CONFIRMATION_OK"
9,10824880957,10824880994,1,"IOTHUB_CLIENT_CONFIRMATION_OK"
10,10824881291,10824881345,1,"IOTHUB_CLIENT_CONFIRMATION_OK"
11,10824881624,10824881655,1,"IOTHUB_CLIENT_CONFIRMATION_OK"
12,10824881957,10824881985,1,"IOTHUB_CLIENT_CONFIRMATION_OK"
13,10824882290,10824882317,1,"IOTHUB_CLIENT_CONFIRMATION_OK"
14,10824882623,10824882652,1,"IOTHUB_CLIENT_CONFIRMATION_OK"
15,10824882956,10824882984,1,"IOTHUB_CLIENT_CONFIRMATION_OK"
16,10824883289,10824883320,1,"IOTHUB_CLIENT_CONFIRMATION_OK"
17,10824883623,10824883652,1,"IOTHUB_CLIENT_CONFIRMATION_OK"
18,10824883956,10824883984,1,"IOTHUB_CLIENT_CONFIRMATION_OK"
19,10824884289,10824884319,1,"IOTHUB_CLIENT_CONFIRMATION_OK"
20,10824884622,10824884656,1,"IOTHUB_CLIENT_CONFIRMATION_OK"
21,10824884955,10824884986,1,"IOTHUB_CLIENT_CONFIRMATION_OK"
22,10824885288,10824885318,1,"IOTHUB_CLIENT_CONFIRMATION_OK"
23,10824885622,10824885649,1,"IOTHUB_CLIENT_CONFIRMATION_OK"
24,10824885955,10824885994,1,"IOTHUB_CLIENT_CONFIRMATION_OK"
25,10824886288,10824886317,1,"IOTHUB_CLIENT_CONFIRMATION_OK"
26,10824886621,10824886654,1,"IOTHUB_CLIENT_CONFIRMATION_OK"
27,10824886954,10824887015,1,"IOTHUB_CLIENT_CONFIRMATION_OK"
28,10824887287,10824887315,1,"IOTHUB_CLIENT_CONFIRMATION_OK"
29,10824887620,10824887656,1,"IOTHUB_CLIENT_CONFIRMATION_OK"
30,10824887954,10824887984,1,"IOTHUB_CLIENT_CONFIRMATION_OK"
31,10824888287,10824888362,1,"IOTHUB_CLIENT_CONFIRMATION_OK"
32,10824888620,10824888648,1,"IOTHUB_CLIENT_CONFIRMATION_OK"
33,10824888953,10824888981,1,"IOTHUB_CLIENT_CONFIRMATION_OK"
34,10824889286,10824889315,1,"IOTHUB_CLIENT_CONFIRMATION_OK"
35,10824889619,10824889648,1,"IOTHUB_CLIENT_CONFIRMATION_OK"
36,10824889953,10824889985,1,"IOTHUB_CLIENT_CONFIRMATION_OK"
37,10824890286,10824890315,1,"IOTHUB_CLIENT_CONFIRMATION_OK"
38,10824890619,10824890810,1,"IOTHUB_CLIENT_CONFIRMATION_OK"
39,10824890952,10824890989,1,"IOTHUB_CLIENT_CONFIRMATION_OK"
40,10824891285,10824891315,1,"IOTHUB_CLIENT_CONFIRMATION_OK"
41,10824891618,10824891661,1,"IOTHUB_CLIENT_CONFIRMATION_OK"
42,10824891952,10824891981,1,"IOTHUB_CLIENT_CONFIRMATION_OK"
43,10824892285,10824892313,1,"IOTHUB_CLIENT_CONFIRMATION_OK"
44,10824892618,10824892665,1,"IOTHUB_CLIENT_CONFIRMATION_OK"
45,10824892951,10824892979,1,"IOTHUB_CLIENT_CONFIRMATION_OK"
46,10824893284,10824893326,1,"IOTHUB_CLIENT_CONFIRMATION_OK"
47,10824893617,10824893645,1,"IOTHUB_CLIENT_CONFIRMATION_OK"
48,10824893950,10824893979,1,"IOTHUB_CLIENT_CONFIRMATION_OK"
49,10824894284,10824894321,1,"IOTHUB_CLIENT_CONFIRMATION_OK"
50,10824894617,10824894648,1,"IOTHUB_CLIENT_CONFIRMATION_OK"
51,10824894950,10824894977,1,"IOTHUB_CLIENT_CONFIRMATION_OK"
52,10824895283,10824895311,1,"IOTHUB_CLIENT_CONFIRMATION_OK"
53,10824895616,10824895645,1,"IOTHUB_CLIENT_CONFIRMATION_OK"
54,10824895949,10824895977,1,"IOTHUB_CLIENT_CONFIRMATION_OK"
55,10824896283,10824896371,1,"IOTHUB_CLIENT_CONFIRMATION_OK"
56,10824896616,10824896644,1,"IOTHUB_CLIENT_CONFIRMATION_OK"
57,10824896949,10824896978,1,"IOTHUB_CLIENT_CONFIRMATION_OK"
58,10824897282,10824897309,1,"IOTHUB_CLIENT_CONFIRMATION_OK"
59,10824897615,10824897642,1,"IOTHUB_CLIENT_CONFIRMATION_OK"
60,10824897948,10824897977,1,"IOTHUB_CLIENT_CONFIRMATION_OK"
61,10824898282,10824898311,1,"IOTHUB_CLIENT_CONFIRMATION_OK"
62,10824898615,10824898645,1,"IOTHUB_CLIENT_CONFIRMATION_OK"
63,10824898948,10824899017,1,"IOTHUB_CLIENT_CONFIRMATION_OK"
64,10824899281,10824899311,1,"IOTHUB_CLIENT_CONFIRMATION_OK"
65,10824899614,10824899642,1,"IOTHUB_CLIENT_CONFIRMATION_OK"
66,10824899947,10824899977,1,"IOTHUB_CLIENT_CONFIRMATION_OK"
67,10824900281,10824900309,1,"IOTHUB_CLIENT_CONFIRMATION_OK"
68,10824900614,10824900643,1,"IOTHUB_CLIENT_CONFIRMATION_OK"
69,10824900947,10824900975,1,"IOTHUB_CLIENT_CONFIRMATION_OK"
70,10824901280,10824901308,1,"IOTHUB_CLIENT_CONFIRMATION_OK"
71,10824901613,10824901651,1,"IOTHUB_CLIENT_CONFIRMATION_OK"
72,10824901946,10824901975,1,"IOTHUB_CLIENT_CONFIRMATION_OK"
73,10824902279,10824902307,1,"IOTHUB_CLIENT_CONFIRMATION_OK"
74,10824902613,10824902643,1,"IOTHUB_CLIENT_CONFIRMATION_OK"
75,10824902946,10824902983,1,"IOTHUB_CLIENT_CONFIRMATION_OK"
76,10824903279,10824903335,1,"IOTHUB_CLIENT_CONFIRMATION_OK"
77,10824903612,10824903641,1,"IOTHUB_CLIENT_CONFIRMATION_OK"
78,10824903945,10824903980,1,"IOTHUB_CLIENT_CONFIRMATION_OK"
79,10824904278,10824904309,1,"IOTHUB_CLIENT_CONFIRMATION_OK"
80,10824904612,10824904639,1,"IOTHUB_CLIENT_CONFIRMATION_OK"
81,10824904945,10824904975,1,"IOTHUB_CLIENT_CONFIRMATION_OK"
82,10824905278,10824905309,1,"IOTHUB_CLIENT_CONFIRMATION_OK"
83,10824905611,10824905640,1,"IOTHUB_CLIENT_CONFIRMATION_OK"
84,10824905944,10824905972,1,"IOTHUB_CLIENT_CONFIRMATION_OK"
85,10824906277,10824906306,1,"IOTHUB_CLIENT_CONFIRMATION_OK"
86,10824906611,10824906763,1,"IOTHUB_CLIENT_CONFIRMATION_OK"
87,10824906944,10824907023,1,"IOTHUB_CLIENT_CONFIRMATION_OK"
88,10824907277,10824907306,1,"IOTHUB_CLIENT_CONFIRMATION_OK"
89,10824907610,10824907642,1,"IOTHUB_CLIENT_CONFIRMATION_OK"
90,10824907943,10824907973,1,"IOTHUB_CLIENT_CONFIRMATION_OK"
91,10824908276,10824908307,1,"IOTHUB_CLIENT_CONFIRMATION_OK"
92,10824908610,10824908637,1,"IOTHUB_CLIENT_CONFIRMATION_OK"
93,10824908943,10824908971,1,"IOTHUB_CLIENT_CONFIRMATION_OK"
94,10824909276,10824909306,1,"IOTHUB_CLIENT_CONFIRMATION_OK"
95,10824909609,10824909637,1,"IOTHUB_CLIENT_CONFIRMATION_OK"
96,10824909942,10824909971,1,"IOTHUB_CLIENT_CONFIRMATION_OK"
97,10824910275,10824910305,1,"IOTHUB_CLIENT_CONFIRMATION_OK"
98,10824910609,10824910635,1,"IOTHUB_CLIENT_CONFIRMATION_OK"
99,10824910942,10824910980,1,"IOTHUB_CLIENT_CONFIRMATION_OK"
100,10824911275,10824911304,1,"IOTHUB_CLIENT_CONFIRMATION_OK"
101,10824911608,10824911636,1,"IOTHUB_CLIENT_CONFIRMATION_OK"
102,10824911941,10824911992,1,"IOTHUB_CLIENT_CONFIRMATION_OK"
103,10824912274,10824912360,1,"IOTHUB_CLIENT_CONFIRMATION_OK"
104,10824912607,10824912635,1,"IOTHUB_CLIENT_CONFIRMATION_OK"
105,10824912941,10824912990,1,"IOTHUB_CLIENT_CONFIRMATION_OK"
106,10824913274,10824913303,1,"IOTHUB_CLIENT_CONFIRMATION_OK"
107,10824913607,10824913635,1,"IOTHUB_CLIENT_CONFIRMATION_OK"
108,10824913940,10824913968,1,"IOTHUB_CLIENT_CONFIRMATION_OK"
109,10824914273,10824914302,1,"IOTHUB_CLIENT_CONFIRMATION_OK"
110,10824914606,10824914636,1,"IOTHUB_CLIENT_CONFIRMATION_OK"
111,10824914940,10824914970,1,"IOTHUB_CLIENT_CONFIRMATION_OK"
112,10824915273,10824915300,1,"IOTHUB_CLIENT_CONFIRMATION_OK"
113,10824915606,10824915634,1,"IOTHUB_CLIENT_CONFIRMATION_OK"
114,10824915939,10824915975,1,"IOTHUB_CLIENT_CONFIRMATION_OK"
115,10824916272,10824916302,1,"IOTHUB_CLIENT_CONFIRMATION_OK"
116,10824916605,10824916634,1,"IOTHUB_CLIENT_CONFIRMATION_OK"
117,10824916939,10824917053,1,"IOTHUB_CLIENT_CONFIRMATION_OK"
118,10824917272,10824917307,1,"IOTHUB_CLIENT_CONFIRMATION_OK"
119,10824917605,10824917685,1,"IOTHUB_CLIENT_CONFIRMATION_OK"
120,10824917938,10824917966,1,"IOTHUB_CLIENT_CONFIRMATION_OK"
121,10824918271,10824918309,1,"IOTHUB_CLIENT_CONFIRMATION_OK"
122,10824918604,10824918632,1,"IOTHUB_CLIENT_CONFIRMATION_OK"
123,10824918938,10824918966,1,"IOTHUB_CLIENT_CONFIRMATION_OK"
124,10824919271,10824919307,1,"IOTHUB_CLIENT_CONFIRMATION_OK"
125,10824919604,10824919632,1,"IOTHUB_CLIENT_CONFIRMATION_OK"
126,10824919937,10824919965,1,"IOTHUB_CLIENT_CONFIRMATION_OK"
127,10824920270,10824920298,1,"IOTHUB_CLIENT_CONFIRMATION_OK"
128,10824920603,10824920632,1,"IOTHUB_CLIENT_CONFIRMATION_OK"
129,10824920936,10824920965,1,"IOTHUB_CLIENT_CONFIRMATION_OK"
130,10824921270,10824921299,1,"IOTHUB_CLIENT_CONFIRMATION_OK"
131,10824921603,10824921634,1,"IOTHUB_CLIENT_CONFIRMATION_OK"
132,10824921936,10824921974,1,"IOTHUB_CLIENT_CONFIRMATION_OK"
133,10824922269,10824922298,1,"IOTHUB_CLIENT_CONFIRMATION_OK"
134,10824922602,10824922631,1,"IOTHUB_CLIENT_CONFIRMATION_OK"
135,10824922935,10824922964,1,"IOTHUB_CLIENT_CONFIRMATION_OK"
136,10824923269,10824923298,1,"IOTHUB_CLIENT_CONFIRMATION_OK"
137,10824923602,10824923636,1,"IOTHUB_CLIENT_CONFIRMATION_OK"
138,10824923935,10824923966,1,"IOTHUB_CLIENT_CONFIRMATION_OK"
139,10824924268,10824924296,1,"IOTHUB_CLIENT_CONFIRMATION_OK"
140,10824924601,10824924631,1,"IOTHUB_CLIENT_CONFIRMATION_OK"
141,10824924934,10824924963,1,"IOTHUB_CLIENT_CONFIRMATION_OK"
142,10824925268,10824925296,1,"IOTHUB_CLIENT_CONFIRMATION_OK"
143,10824925601,10824925631,1,"IOTHUB_CLIENT_CONFIRMATION_OK"
144,10824925934,10824925964,1,"IOTHUB_CLIENT_CONFIRMATION_OK"
145,10824926267,10824926299,1,"IOTHUB_CLIENT_CONFIRMATION_OK"
146,10824926600,10824926628,1,"IOTHUB_CLIENT_CONFIRMATION_OK"
147,10824926933,10824926964,1,"IOTHUB_CLIENT_CONFIRMATION_OK"
148,10824927267,10824927294,1,"IOTHUB_CLIENT_CONFIRMATION_OK"
149,10824927600,10824927637,1,"IOTHUB_CLIENT_CONFIRMATION_OK"
150,10824927933,10824927963,1,"IOTHUB_CLIENT_CONFIRMATION_OK"
151,10824928266,10824928317,1,"IOTHUB_CLIENT_CONFIRMATION_OK"
152,10824928599,10824928631,1,"IOTHUB_CLIENT_CONFIRMATION_OK"
153,10824928932,10824928961,1,"IOTHUB_CLIENT_CONFIRMATION_OK"
154,10824929265,10824929295,1,"IOTHUB_CLIENT_CONFIRMATION_OK"
155,10824929599,10824929626,1,"IOTHUB_CLIENT_CONFIRMATION_OK"
156,10824929932,10824930085,1,"IOTHUB_CLIENT_CONFIRMATION_OK"
157,10824930265,10824930410,1,"IOTHUB_CLIENT_CONFIRMATION_OK"
158,10824930598,10824930980,1,"IOTHUB_CLIENT_CONFIRMATION_OK"
159,10824930931,10824931014,1,"IOTHUB_CLIENT_CONFIRMATION_OK"
160,10824931264,10824931298,1,"IOTHUB_CLIENT_CONFIRMATION_OK"
161,10824931598,10824931631,1,"IOTHUB_CLIENT_CONFIRMATION_OK"
162,10824931931,10824931957,1,"IOTHUB_CLIENT_CONFIRMATION_OK"
163,10824932264,10824932298,1,"IOTHUB_CLIENT_CONFIRMATION_OK"
164,10824932597,10824932637,1,"IOTHUB_CLIENT_CONFIRMATION_OK"
165,10824932930,10824932957,1,"IOTHUB_CLIENT_CONFIRMATION_OK"
166,10824933263,10824933295,1,"IOTHUB_CLIENT_CONFIRMATION_OK"
167,10824933596,10824933624,1,"IOTHUB_CLIENT_CONFIRMATION_OK"
168,10824933930,10824933957,1,"IOTHUB_CLIENT_CONFIRMATION_OK"
169,10824934263,10824934290,1,"IOTHUB_CLIENT_CONFIRMATION_OK"
170,10824934596,10824934625,1,"IOTHUB_CLIENT_CONFIRMATION_OK"
171,10824934929,10824934960,1,"IOTHUB_CLIENT_CONFIRMATION_OK"
172,10824935262,10824935291,1,"IOTHUB_CLIENT_CONFIRMATION_OK"
173,10824935595,10824935692,1,"IOTHUB_CLIENT_CONFIRMATION_OK"
174,10824935929,10824935957,1,"IOTHUB_CLIENT_CONFIRMATION_OK"
175,10824936262,10824936289,1,"IOTHUB_CLIENT_CONFIRMATION_OK"
176,10824936595,10824936624,1,"IOTHUB_CLIENT_CONFIRMATION_OK"
177,10824936928,10824936955,1,"IOTHUB_CLIENT_CONFIRMATION_OK"
178,10824937261,10824937290,1,"IOTHUB_CLIENT_CONFIRMATION_OK"
179,10824937594,10824937794,1,"IOTHUB_CLIENT_CONFIRMATION_OK"
180,10824937928,10824938001,1,"IOTHUB_CLIENT_CONFIRMATION_OK"
181,10824938261,10824938290,1,"IOTHUB_CLIENT_CONFIRMATION_OK"
182,10824938594,10824938623,1,"IOTHUB_CLIENT_CONFIRMATION_OK"
183,10824938927,10824938959,1,"IOTHUB_CLIENT_CONFIRMATION_OK"
184,10824939260,10824939288,1,"IOTHUB_CLIENT_CONFIRMATION_OK"
185,10824939593,10824939622,1,"IOTHUB_CLIENT_CONFIRMATION_OK"
186,10824939927,10824939957,1,"IOTHUB_CLIENT_CONFIRMATION_OK"
187,10824940260,10824940288,1,"IOTHUB_CLIENT_CONFIRMATION_OK"
188,10824940593,10824940621,1,"IOTHUB_CLIENT_CONFIRMATION_OK"
189,10824940926,10824940957,1,"IOTHUB_CLIENT_CONFIRMATION_OK"
190,10824941259,10824941291,1,"IOTHUB_CLIENT_CONFIRMATION_OK"
191,10824941592,10824941621,1,"IOTHUB_CLIENT_CONFIRMATION_OK"
192,10824941925,10824941954,1,"IOTHUB_CLIENT_CONFIRMATION_OK"
193,10824942259,10824942286,1,"IOTHUB_CLIENT_CONFIRMATION_OK"
194,10824942592,10824942621,1,"IOTHUB_CLIENT_CONFIRMATION_OK"
195,10824942925,10824942954,1,"IOTHUB_CLIENT_CONFIRMATION_OK"
196,10824943258,10824943307,1,"IOTHUB_CLIENT_CONFIRMATION_OK"
197,10824943591,10824943621,1,"IOTHUB_CLIENT_CONFIRMATION_OK"
198,10824943924,10824943954,1,"IOTHUB_CLIENT_CONFIRMATION_OK"
199,10824944258,10824944331,1,"IOTHUB_CLIENT_CONFIRMATION_OK"
200,10824944591,10824944620,1,"IOTHUB_CLIENT_CONFIRMATION_OK"
201,10824944924,10824944981,1,"IOTHUB_CLIENT_CONFIRMATION_OK"
202,10824945257,10824945285,1,"IOTHUB_CLIENT_CONFIRMATION_OK"
203,10824945590,10824945633,1,"IOTHUB_CLIENT_CONFIRMATION_OK"
204,10824945923,10824945952,1,"IOTHUB_CLIENT_CONFIRMATION_OK"
205,10824946257,10824946288,1,"IOTHUB_CLIENT_CONFIRMATION_OK"
206,10824946590,10824946618,1,"IOTHUB_CLIENT_CONFIRMATION_OK"
207,10824946923,10824946956,1,"IOTHUB_CLIENT_CONFIRMATION_OK"
208,10824947256,10824947315,1,"IOTHUB_CLIENT_CONFIRMATION_OK"
209,10824947589,10824947617,1,"IOTHUB_CLIENT_CONFIRMATION_OK"
210,10824947922,10824947952,1,"IOTHUB_CLIENT_CONFIRMATION_OK"
211,10824948255,10824948283,1,"IOTHUB_CLIENT_CONFIRMATION_OK"
212,10824948589,10824948620,1,"IOTHUB_CLIENT_CONFIRMATION_OK"
213,10824948922,10824949013,1,"IOTHUB_CLIENT_CONFIRMATION_OK"
214,10824949255,10824949284,1,"IOTHUB_CLIENT_CONFIRMATION_OK"
215,10824949588,10824949619,1,"IOTHUB_CLIENT_CONFIRMATION_OK"
216,10824949921,10824949950,1,"IOTHUB_CLIENT_CONFIRMATION_OK"
217,10824950254,10824950284,1,"IOTHUB_CLIENT_CONFIRMATION_OK"
218,10824950588,10824950617,1,"IOTHUB_CLIENT_CONFIRMATION_OK"
219,10824950921,10824950951,1,"IOTHUB_CLIENT_CONFIRMATION_OK"
220,10824951254,10824951297,1,"IOTHUB_CLIENT_CONFIRMATION_OK"
221,10824951587,10824951615,1,"IOTHUB_CLIENT_CONFIRMATION_OK"
222,10824951920,10824951948,1,"IOTHUB_CLIENT_CONFIRMATION_OK"
223,10824952253,10824952282,1,"IOTHUB_CLIENT_CONFIRMATION_OK"
224,10824952586,10824952614,1,"IOTHUB_CLIENT_CONFIRMATION_OK"
225,10824952920,10824952948,1,"IOTHUB_CLIENT_CONFIRMATION_OK"
226,10824953253,10824953281,1,"IOTHUB_CLIENT_CONFIRMATION_OK"
227,10824953586,10824953615,1,"IOTHUB_CLIENT_CONFIRMATION_OK"
228,10824953919,10824953955,1,"IOTHUB_CLIENT_CONFIRMATION_OK"
229,10824954252,10824954286,1,"IOTHUB_CLIENT_CONFIRMATION_OK"
230,10824954585,10824954754,1,"IOTHUB_CLIENT_CONFIRMATION_OK"
231,10824954919,10824954946,1,"IOTHUB_CLIENT_CONFIRMATION_OK"
232,10824955252,10824955283,1,"IOTHUB_CLIENT_CONFIRMATION_OK"
233,10824955585,10824955616,1,"IOTHUB_CLIENT_CONFIRMATION_OK"
234,10824955918,10824955955,1,"IOTHUB_CLIENT_CONFIRMATION_OK"
235,10824956251,10824956291,1,"IOTHUB_CLIENT_CONFIRMATION_OK"
236,10824956584,10824956634,1,"IOTHUB_CLIENT_CONFIRMATION_OK"
237,10824956918,10824956946,1,"IOTHUB_CLIENT_CONFIRMATION_OK"
238,10824957251,10824957279,1,"IOTHUB_CLIENT_CONFIRMATION_OK"
239,10824957584,10824957621,1,"IOTHUB_CLIENT_CONFIRMATION_OK"
240,10824957917,10824957946,1,"IOTHUB_CLIENT_CONFIRMATION_OK"
241,10824958250,10824958278,1,"IOTHUB_CLIENT_CONFIRMATION_OK"
242,10824958583,10824958610,1,"IOTHUB_CLIENT_CONFIRMATION_OK"
243,10824958916,10824958946,1,"IOTHUB_CLIENT_CONFIRMATION_OK"
244,10824959250,10824959278,1,"IOTHUB_CLIENT_CONFIRMATION_OK"
245,10824959583,10824959619,1,"IOTHUB_CLIENT_CONFIRMATION_OK"
246,10824959916,10824959946,1,"IOTHUB_CLIENT_CONFIRMATION_OK"
247,10824960249,10824960278,1,"IOTHUB_CLIENT_CONFIRMATION_OK"
248,10824960582,10824960612,1,"IOTHUB_CLIENT_CONFIRMATION_OK"
249,10824960915,10824960943,1,"IOTHUB_CLIENT_CONFIRMATION_OK"
250,10824961249,10824961376,1,"IOTHUB_CLIENT_CONFIRMATION_OK"
251,10824961582,10824961610,1,"IOTHUB_CLIENT_CONFIRMATION_OK"
252,10824961915,10824961943,1,"IOTHUB_CLIENT_CONFIRMATION_OK"
253,10824962248,10824962278,1,"IOTHUB_CLIENT_CONFIRMATION_OK"
254,10824962581,10824962614,1,"IOTHUB_CLIENT_CONFIRMATION_OK"
255,10824962914,10824962944,1,"IOTHUB_CLIENT_CONFIRMATION_OK"
256,10824963248,10824963275,1,"IOTHUB_CLIENT_CONFIRMATION_OK"
257,10824963581,10824963608,1,"IOTHUB_CLIENT_CONFIRMATION_OK"
258,10824963914,10824963942,1,"IOTHUB_CLIENT_CONFIRMATION_OK"
259,10824964247,10824964279,1,"IOTHUB_CLIENT_CONFIRMATION_OK"
260,10824964580,10824964611,1,"IOTHUB_CLIENT_CONFIRMATION_OK"
261,10824964913,10824964942,1,"IOTHUB_CLIENT_CONFIRMATION_OK"
262,10824965246,10824965276,1,"IOTHUB_CLIENT_CONFIRMATION_OK"
263,10824965580,10824965612,1,"IOTHUB_CLIENT_CONFIRMATION_OK"
264,10824965913,10824965943,1,"IOTHUB_CLIENT_CONFIRMATION_OK"
265,10824966246,10824966282,1,"IOTHUB_CLIENT_CONFIRMATION_OK"
266,10824966579,10824966608,1,"IOTHUB_CLIENT_CONFIRMATION_OK"
267,10824966912,10824966940,1,"IOTHUB_CLIENT_CONFIRMATION_OK"
268,10824967246,10824967275,1,"IOTHUB_CLIENT_CONFIRMATION_OK"
269,10824967579,10824967607,1,"IOTHUB_CLIENT_CONFIRMATION_OK"
270,10824967912,10824967945,1,"IOTHUB_CLIENT_CONFIRMATION_OK"
271,10824968245,10824968452,1,"IOTHUB_CLIENT_CONFIRMATION_OK"
272,10824968578,10824968613,1,"IOTHUB_CLIENT_CONFIRMATION_OK"
273,10824968911,10824968940,1,"IOTHUB_CLIENT_CONFIRMATION_OK"
274,10824969244,10824969311,1,"IOTHUB_CLIENT_CONFIRMATION_OK"
275,10824969578,10824969631,1,"IOTHUB_CLIENT_CONFIRMATION_OK"
276,10824969911,10824969939,1,"IOTHUB_CLIENT_CONFIRMATION_OK"
277,10824970244,10824970273,1,"IOTHUB_CLIENT_CONFIRMATION_OK"
278,10824970577,10824970618,1,"IOTHUB_CLIENT_CONFIRMATION_OK"
279,10824970910,10824970944,1,"IOTHUB_CLIENT_CONFIRMATION_OK"
280,10824971243,10824971271,1,"IOTHUB_CLIENT_CONFIRMATION_OK"
281,10824971577,10824971649,1,"IOTHUB_CLIENT_CONFIRMATION_OK"
282,10824971910,10824971942,1,"IOTHUB_CLIENT_CONFIRMATION_OK"
283,10824972243,10824972270,1,"IOTHUB_CLIENT_CONFIRMATION_OK"
284,10824972576,10824972606,1,"IOTHUB_CLIENT_CONFIRMATION_OK"
285,10824972909,10824972937,1,"IOTHUB_CLIENT_CONFIRMATION_OK"
286,10824973242,10824973274,1,"IOTHUB_CLIENT_CONFIRMATION_OK"
287,10824973576,10824973606,1,"IOTHUB_CLIENT_CONFIRMATION_OK"
288,10824973909,10824973940,1,"IOTHUB_CLIENT_CONFIRMATION_OK"
289,10824974242,10824974270,1,"IOTHUB_CLIENT_CONFIRMATION_OK"
290,10824974575,10824974604,1,"IOTHUB_CLIENT_CONFIRMATION_OK"
291,10824974908,10824974941,1,"IOTHUB_CLIENT_CONFIRMATION_OK"
292,10824975241,10824975269,1,"IOTHUB_CLIENT_CONFIRMATION_OK"
293,10824975575,10824975604,1,"IOTHUB_CLIENT_CONFIRMATION_OK"
294,10824975908,10824975965,1,"IOTHUB_CLIENT_CONFIRMATION_OK"
295,10824976241,10824976295,1,"IOTHUB_CLIENT_CONFIRMATION_OK"
296,10824976574,10824976608,1,"IOTHUB_CLIENT_CONFIRMATION_OK"
297,10824976907,10824976938,1,"IOTHUB_CLIENT_CONFIRMATION_OK"
298,10824977240,10824977268,1,"IOTHUB_CLIENT_CONFIRMATION_OK"
299,10824977574,10824977601,1,"IOTHUB_CLIENT_CONFIRMATION_OK"
300,10824977907,10824977934,1,"IOTHUB_CLIENT_CONFIRMATION_OK"
301,10824978240,10824978268,1,"IOTHUB_CLIENT_CONFIRMATION_OK"
302,10824978573,10824978602,1,"IOTHUB_CLIENT_CONFIRMATION_OK"
303,10824978906,10824978935,1,"IOTHUB_CLIENT_CONFIRMATION_OK"
304,10824979239,10824979287,1,"IOTHUB_CLIENT_CONFIRMATION_OK"
305,10824979573,10824979604,1,"IOTHUB_CLIENT_CONFIRMATION_OK"
306,10824979906,10824979933,1,"IOTHUB_CLIENT_CONFIRMATION_OK"
307,10824980239,10824980268,1,"IOTHUB_CLIENT_CONFIRMATION_OK"
308,10824980572,10824980602,1,"IOTHUB_CLIENT_CONFIRMATION_OK"
309,10824980905,10824980977,1,"IOTHUB_CLIENT_CONFIRMATION_OK"
310,10824981238,10824981266,1,"IOTHUB_CLIENT_CONFIRMATION_OK"
311,10824981572,10824981602,1,"IOTHUB_CLIENT_CONFIRMATION_OK"
312,10824981905,10824981933,1,"IOTHUB_CLIENT_CONFIRMATION_OK"
313,10824982238,10824982267,1,"IOTHUB_CLIENT_CONFIRMATION_OK"
314,10824982571,10824982599,1,"IOTHUB_CLIENT_CONFIRMATION_OK"
315,10824982904,10824982933,1,"IOTHUB_CLIENT_CONFIRMATION_OK"
316,10824983237,10824983266,1,"IOTHUB_CLIENT_CONFIRMATION_OK"
317,10824983571,10824983600,1,"IOTHUB_CLIENT_CONFIRMATION_OK"
318,10824983904,10824983932,1,"IOTHUB_CLIENT_CONFIRMATION_OK"
319,10824984237,10824984320,1,"IOTHUB_CLIENT_CONFIRMATION_OK"
320,10824984570,10824984599,1,"IOTHUB_CLIENT_CONFIRMATION_OK"
321,10824984903,10824984943,1,"IOTHUB_CLIENT_CONFIRMATION_OK"
322,10824985236,10824985266,1,"IOTHUB_CLIENT_CONFIRMATION_OK"
323,10824985570,10824985598,1,"IOTHUB_CLIENT_CONFIRMATION_OK"
324,10824985903,10824985931,1,"IOTHUB_CLIENT_CONFIRMATION_OK"
325,10824986236,10824986265,1,"IOTHUB_CLIENT_CONFIRMATION_OK"
326,10824986569,10824986770,1,"IOTHUB_CLIENT_CONFIRMATION_OK"
327,10824986902,10824986931,1,"IOTHUB_CLIENT_CONFIRMATION_OK"
328,10824987235,10824987274,1,"IOTHUB_CLIENT_CONFIRMATION_OK"
329,10824987568,10824987597,1,"IOTHUB_CLIENT_CONFIRMATION_OK"
330,10824987902,10824987932,1,"IOTHUB_CLIENT_CONFIRMATION_OK"
331,10824988235,10824988263,1,"IOTHUB_CLIENT_CONFIRMATION_OK"
332,10824988568,10824988596,1,"IOTHUB_CLIENT_CONFIRMATION_OK"
333,10824988901,10824988929,1,"IOTHUB_CLIENT_CONFIRMATION_OK"
334,10824989234,10824989262,1,"IOTHUB_CLIENT_CONFIRMATION_OK"
335,10824989567,10824989598,1,"IOTHUB_CLIENT_CONFIRMATION_OK"
336,10824989901,10824989931,1,"IOTHUB_CLIENT_CONFIRMATION_OK"
337,10824990234,10824990264,1,"IOTHUB_CLIENT_CONFIRMATION_OK"
338,10824990567,10824990595,1,"IOTHUB_CLIENT_CONFIRMATION_OK"
339,10824990900,10824990930,1,"IOTHUB_CLIENT_CONFIRMATION_OK"
340,10824991233,10824991264,1,"IOTHUB_CLIENT_CONFIRMATION_OK"
341,10824991566,10824991594,1,"IOTHUB_CLIENT_CONFIRMATION_OK"
342,10824991900,10824991929,1,"IOTHUB_CLIENT_CONFIRMATION_OK"
343,10824992233,10824992279,1,"IOTHUB_CLIENT_CONFIRMATION_OK"
344,10824992566,10824992600,1,"IOTHUB_CLIENT_CONFIRMATION_OK"
345,10824992899,10824992928,1,"IOTHUB_CLIENT_CONFIRMATION_OK"
346,10824993232,10824993260,1,"IOTHUB_CLIENT_CONFIRMATION_OK"
347,10824993565,10824993607,1,"IOTHUB_CLIENT_CONFIRMATION_OK"
348,10824993899,10824993935,1,"IOTHUB_CLIENT_CONFIRMATION_OK"
349,10824994232,10824994258,1,"IOTHUB_CLIENT_CONFIRMATION_OK"
350,10824994565,10824994593,1,"IOTHUB_CLIENT_CONFIRMATION_OK"
351,10824994898,10824994928,1,"IOTHUB_CLIENT_CONFIRMATION_OK"
352,10824995231,10824995259,1,"IOTHUB_CLIENT_CONFIRMATION_OK"
353,10824995564,10824995604,1,"IOTHUB_CLIENT_CONFIRMATION_OK"
354,10824995898,10824995927,1,"IOTHUB_CLIENT_CONFIRMATION_OK"
355,10824996231,10824996259,1,"IOTHUB_CLIENT_CONFIRMATION_OK"
356,10824996564,10824996610,1,"IOTHUB_CLIENT_CONFIRMATION_OK"
357,10824996897,10824996997,1,"IOTHUB_CLIENT_CONFIRMATION_OK"
358,10824997230,10824997259,1,"IOTHUB_CLIENT_CONFIRMATION_OK"
359,10824997563,10824997601,1,"IOTHUB_CLIENT_CONFIRMATION_OK"
360,10824997897,10824997927,1,"IOTHUB_CLIENT_CONFIRMATION_OK"
361,10824998230,10824998257,1,"IOTHUB_CLIENT_CONFIRMATION_OK"
362,10824998563,10824998592,1,"IOTHUB_CLIENT_CONFIRMATION_OK"
363,10824998896,10824998924,1,"IOTHUB_CLIENT_CONFIRMATION_OK"
364,10824999229,10824999268,1,"IOTHUB_CLIENT_CONFIRMATION_OK"
365,10824999562,10824999601,1,"IOTHUB_CLIENT_CONFIRMATION_OK"
366,10824999895,10824999935,1,"IOTHUB_CLIENT_CONFIRMATION_OK"
367,10825000229,10825000260,1,"IOTHUB_CLIENT_CONFIRMATION_OK"
368,10825000562,10825000604,1,"IOTHUB_CLIENT_CONFIRMATION_OK"
369,10825000895,10825000928,1,"IOTHUB_CLIENT_CONFIRMATION_OK"
370,10825001228,10825001260,1,"IOTHUB_CLIENT_CONFIRMATION_OK"
371,10825001561,10825001592,1,"IOTHUB_CLIENT_CONFIRMATION_OK"
372,10825001894,10825001924,1,"IOTHUB_CLIENT_CONFIRMATION_OK"
373,10825002228,10825002258,1,"IOTHUB_CLIENT_CONFIRMATION_OK"
374,10825002561,10825002599,1,"IOTHUB_CLIENT_CONFIRMATION_OK"
375,10825002894,10825002923,1,"IOTHUB_CLIENT_CONFIRMATION_OK"
376,10825003227,10825003255,1,"IOTHUB_CLIENT_CONFIRMATION_OK"
377,10825003560,10825003588,1,"IOTHUB_CLIENT_CONFIRMATION_OK"
378,10825003893,10825003925,1,"IOTHUB_CLIENT_CONFIRMATION_OK"
379,10825004227,10825004255,1,"IOTHUB_CLIENT_CONFIRMATION_OK"
380,10825004560,10825004588,1,"IOTHUB_CLIENT_CONFIRMATION_OK"
381,10825004893,10825004920,1,"IOTHUB_CLIENT_CONFIRMATION_OK"
382,10825005226,10825005278,1,"IOTHUB_CLIENT_CONFIRMATION_OK"
383,10825005559,10825005589,1,"IOTHUB_CLIENT_CONFIRMATION_OK"
384,10825005892,10825005923,1,"IOTHUB_CLIENT_CONFIRMATION_OK"
385,10825006226,10825006253,1,"IOTHUB_CLIENT_CONFIRMATION_OK"
386,10825006559,10825006586,1,"IOTHUB_CLIENT_CONFIRMATION_OK"
387,10825006892,10825006920,1,"IOTHUB_CLIENT_CONFIRMATION_OK"
388,10825007225,10825007255,1,"IOTHUB_CLIENT_CONFIRMATION_OK"
389,10825007558,10825007589,1,"IOTHUB_CLIENT_CONFIRMATION_OK"
390,10825007891,10825007919,1,"IOTHUB_CLIENT_CONFIRMATION_OK"
391,10825008225,10825008252,1,"IOTHUB_CLIENT_CONFIRMATION_OK"
392,10825008558,10825008586,1,"IOTHUB_CLIENT_CONFIRMATION_OK"
393,10825008891,10825008924,1,"IOTHUB_CLIENT_CONFIRMATION_OK"
394,10825009224,10825009254,1,"IOTHUB_CLIENT_CONFIRMATION_OK"
395,10825009557,10825009602,1,"IOTHUB_CLIENT_CONFIRMATION_OK"
396,10825009890,10825009920,1,"IOTHUB_CLIENT_CONFIRMATION_OK"
397,10825010224,10825010251,1,"IOTHUB_CLIENT_CONFIRMATION_OK"
398,10825010557,10825010584,1,"IOTHUB_CLIENT_CONFIRMATION_OK"
399,10825010890,10825010919,1,"IOTHUB_CLIENT_CONFIRMATION_OK"
400,10825011223,10825011252,1,"IOTHUB_CLIENT_CONFIRMATION_OK"
401,10825011556,10825011588,1,"IOTHUB_CLIENT_CONFIRMATION_OK"
402,10825011889,10825011919,1,"IOTHUB_CLIENT_CONFIRMATION_OK"
403,10825012223,10825012251,1,"IOTHUB_CLIENT_CONFIRMATION_OK"
404,10825012556,10825012584,1,"IOTHUB_CLIENT_CONFIRMATION_OK"
405,10825012889,10825013063,1,"IOTHUB_CLIENT_CONFIRMATION_OK"
406,10825013222,10825013258,1,"IOTHUB_CLIENT_CONFIRMATION_OK"
407,10825013555,10825013588,1,"IOTHUB_CLIENT_CONFIRMATION_OK"
408,10825013888,10825013917,1,"IOTHUB_CLIENT_CONFIRMATION_OK"
409,10825014221,10825014251,1,"IOTHUB_CLIENT_CONFIRMATION_OK"
410,10825014555,10825014584,1,"IOTHUB_CLIENT_CONFIRMATION_OK"
411,10825014888,10825014916,1,"IOTHUB_CLIENT_CONFIRMATION_OK"
412,10825015221,10825015249,1,"IOTHUB_CLIENT_CONFIRMATION_OK"
413,10825015554,10825015620,1,"IOTHUB_CLIENT_CONFIRMATION_OK"
414,10825015887,10825015918,1,"IOTHUB_CLIENT_CONFIRMATION_OK"
415,10825016220,10825016250,1,"IOTHUB_CLIENT_CONFIRMATION_OK"
416,10825016554,10825016587,1,"IOTHUB_CLIENT_CONFIRMATION_OK"
417,10825016887,10825016916,1,"IOTHUB_CLIENT_CONFIRMATION_OK"
418,10825017220,10825017250,1,"IOTHUB_CLIENT_CONFIRMATION_OK"
419,10825017553,10825017584,1,"IOTHUB_CLIENT_CONFIRMATION_OK"
420,10825017886,10825017932,1,"IOTHUB_CLIENT_CONFIRMATION_OK"
421,10825018219,10825018247,1,"IOTHUB_CLIENT_CONFIRMATION_OK"
422,10825018553,10825018637,1,"IOTHUB_CLIENT_CONFIRMATION_OK"
423,10825018886,10825018940,1,"IOTHUB_CLIENT_CONFIRMATION_OK"
424,10825019219,10825019246,1,"IOTHUB_CLIENT_CONFIRMATION_OK"
425,10825019552,10825019580,1,"IOTHUB_CLIENT_CONFIRMATION_OK"
426,10825019885,10825019916,1,"IOTHUB_CLIENT_CONFIRMATION_OK"
427,10825020218,10825020250,1,"IOTHUB_CLIENT_CONFIRMATION_OK"
428,10825020552,10825020603,1,"IOTHUB_CLIENT_CONFIRMATION_OK"
429,10825020885,10825020913,1,"IOTHUB_CLIENT_CONFIRMATION_OK"
430,10825021218,10825021252,1,"IOTHUB_CLIENT_CONFIRMATION_OK"
431,10825021551,10825021580,1,"IOTHUB_CLIENT_CONFIRMATION_OK"
432,10825021884,10825021920,1,"IOTHUB_CLIENT_CONFIRMATION_OK"
433,10825022217,10825022245,1,"IOTHUB_CLIENT_CONFIRMATION_OK"
434,10825022551,10825022578,1,"IOTHUB_CLIENT_CONFIRMATION_OK"
435,10825022884,10825022945,1,"IOTHUB_CLIENT_CONFIRMATION_OK"
436,10825023217,10825023430,1,"IOTHUB_CLIENT_CONFIRMATION_OK"
437,10825023550,10825023578,1,"IOTHUB_CLIENT_CONFIRMATION_OK"
438,10825023883,10825023911,1,"IOTHUB_CLIENT_CONFIRMATION_OK"
439,10825024216,10825024276,1,"IOTHUB_CLIENT_CONFIRMATION_OK"
440,10825024549,10825024577,1,"IOTHUB_CLIENT_CONFIRMATION_OK"
441,10825024883,10825024914,1,"IOTHUB_CLIENT_CONFIRMATION_OK"
442,10825025216,10825025245,1,"IOTHUB_CLIENT_CONFIRMATION_OK"
443,10825025549,10825025578,1,"IOTHUB_CLIENT_CONFIRMATION_OK"
444,10825025882,10825025919,1,"IOTHUB_CLIENT_CONFIRMATION_OK"
445,10825026215,10825026243,1,"IOTHUB_CLIENT_CONFIRMATION_OK"
446,10825026548,10825026580,1,"IOTHUB_CLIENT_CONFIRMATION_OK"
447,10825026882,10825026915,1,"IOTHUB_CLIENT_CONFIRMATION_OK"
448,10825027215,10825027244,1,"IOTHUB_CLIENT_CONFIRMATION_OK"
449,10825027548,10825027585,1,"IOTHUB_CLIENT_CONFIRMATION_OK"
450,10825027881,10825027910,1,"IOTHUB_CLIENT_CONFIRMATION_OK"
451,10825028214,10825028243,1,"IOTHUB_CLIENT_CONFIRMATION_OK"
452,10825028547,10825028575,1,"IOTHUB_CLIENT_CONFIRMATION_OK"
453,10825028881,10825029015,1,"IOTHUB_CLIENT_CONFIRMATION_OK"
454,10825029214,10825029290,1,"IOTHUB_CLIENT_CONFIRMATION_OK"
455,10825029547,10825029587,1,"IOTHUB_CLIENT_CONFIRMATION_OK"
456,10825029880,10825029911,1,"IOTHUB_CLIENT_CONFIRMATION_OK"
457,10825030213,10825030256,1,"IOTHUB_CLIENT_CONFIRMATION_OK"
458,10825030546,10825030574,1,"IOTHUB_CLIENT_CONFIRMATION_OK"
459,10825030879,10825030910,1,"IOTHUB_CLIENT_CONFIRMATION_OK"
460,10825031213,10825031247,1,"IOTHUB_CLIENT_CONFIRMATION_OK"
461,10825031546,10825031576,1,"IOTHUB_CLIENT_CONFIRMATION_OK"
462,10825031879,10825031908,1,"IOTHUB_CLIENT_CONFIRMATION_OK"
463,10825032212,10825032241,1,"IOTHUB_CLIENT_CONFIRMATION_OK"
464,10825032545,10825032578,1,"IOTHUB_CLIENT_CONFIRMATION_OK"
465,10825032878,10825032906,1,"IOTHUB_CLIENT_CONFIRMATION_OK"
466,10825033212,10825033244,1,"IOTHUB_CLIENT_CONFIRMATION_OK"
467,10825033545,10825033574,1,"IOTHUB_CLIENT_CONFIRMATION_OK"
468,10825033878,10825033908,1,"IOTHUB_CLIENT_CONFIRMATION_OK"
469,10825034211,10825034241,1,"IOTHUB_CLIENT_CONFIRMATION_OK"
470,10825034544,10825034752,1,"IOTHUB_CLIENT_CONFIRMATION_OK"
471,10825034877,10825034907,1,"IOTHUB_CLIENT_CONFIRMATION_OK"
472,10825035211,10825035246,1,"IOTHUB_CLIENT_CONFIRMATION_OK"
473,10825035544,10825035579,1,"IOTHUB_CLIENT_CONFIRMATION_OK"
474,10825035877,10825035905,1,"IOTHUB_CLIENT_CONFIRMATION_OK"
475,10825036210,10825036246,1,"IOTHUB_CLIENT_CONFIRMATION_OK"
476,10825036543,10825036573,1,"IOTHUB_CLIENT_CONFIRMATION_OK"
477,10825036876,10825036911,1,"IOTHUB_CLIENT_CONFIRMATION_OK"
478,10825037210,10825037240,1,"IOTHUB_CLIENT_CONFIRMATION_OK"
479,10825037543,10825037570,1,"IOTHUB_CLIENT_CONFIRMATION_OK"
480,10825037876,10825037908,1,"IOTHUB_CLIENT_CONFIRMATION_OK"
481,10825038209,10825038238,1,"IOTHUB_CLIENT_CONFIRMATION_OK"
482,10825038542,10825038575,1,"IOTHUB_CLIENT_CONFIRMATION_OK"
483,10825038875,10825038908,1,"IOTHUB_CLIENT_CONFIRMATION_OK"
484,10825039209,10825039241,1,"IOTHUB_CLIENT_CONFIRMATION_OK"
485,10825039542,10825039571,1,"IOTHUB_CLIENT_CONFIRMATION_OK"
486,10825039875,10825039903,1,"IOTHUB_CLIENT_CONFIRMATION_OK"
487,10825040208,10825040250,1,"IOTHUB_CLIENT_CONFIRMATION_OK"
488,10825040541,10825040569,1,"IOTHUB_CLIENT_CONFIRMATION_OK"
489,10825040874,10825040906,1,"IOTHUB_CLIENT_CONFIRMATION_OK"
490,10825041207,10825041234,1,"IOTHUB_CLIENT_CONFIRMATION_OK"
491,10825041541,10825041639,1,"IOTHUB_CLIENT_CONFIRMATION_OK"
492,10825041874,10825041903,1,"IOTHUB_CLIENT_CONFIRMATION_OK"
493,10825042207,10825042236,1,"IOTHUB_CLIENT_CONFIRMATION_OK"
494,10825042540,10825042582,1,"IOTHUB_CLIENT_CONFIRMATION_OK"
495,10825042873,10825042901,1,"IOTHUB_CLIENT_CONFIRMATION_OK"
496,10825043206,10825043236,1,"IOTHUB_CLIENT_CONFIRMATION_OK"
497,10825043540,10825043570,1,"IOTHUB_CLIENT_CONFIRMATION_OK"
498,10825043873,10825043902,1,"IOTHUB_CLIENT_CONFIRMATION_OK"
499,10825044206,10825044234,1,"IOTHUB_CLIENT_CONFIRMATION_OK"
500,10825044539,10825044569,1,"IOTHUB_CLIENT_CONFIRMATION_OK"
501,10825044872,10825044966,1,"IOTHUB_CLIENT_CONFIRMATION_OK"
502,10825045205,10825045245,1,"IOTHUB_CLIENT_CONFIRMATION_OK"
503,10825045539,10825045576,1,"IOTHUB_CLIENT_CONFIRMATION_OK"
504,10825045872,10825045900,1,"IOTHUB_CLIENT_CONFIRMATION_OK"
505,10825046205,10825046240,1,"IOTHUB_CLIENT_CONFIRMATION_OK"
506,10825046538,10825046569,1,"IOTHUB_CLIENT_CONFIRMATION_OK"
507,10825046871,10825046901,1,"IOTHUB_CLIENT_CONFIRMATION_OK"
508,10825047204,10825047255,1,"IOTHUB_CLIENT_CONFIRMATION_OK"
509,10825047537,10825047570,1,"IOTHUB_CLIENT_CONFIRMATION_OK"
510,10825047871,10825047912,1,"IOTHUB_CLIENT_CONFIRMATION_OK"
511,10825048204,10825048238,1,"IOTHUB_CLIENT_CONFIRMATION_OK"
512,10825048537,10825048566,1,"IOTHUB_CLIENT_CONFIRMATION_OK"
513,10825048870,10825048899,1,"IOTHUB_CLIENT_CONFIRMATION_OK"
514,10825049203,10825049231,1,"IOTHUB_CLIENT_CONFIRMATION_OK"
515,10825049536,10825049565,1,"IOTHUB_CLIENT_CONFIRMATION_OK"
516,10825049870,10825049901,1,"IOTHUB_CLIENT_CONFIRMATION_OK"
517,10825050203,10825050231,1,"IOTHUB_CLIENT_CONFIRMATION_OK"
518,10825050536,10825050677,1,"IOTHUB_CLIENT_CONFIRMATION_OK"
519,10825050869,10825050903,1,"IOTHUB_CLIENT_CONFIRMATION_OK"
520,10825051202,10825051233,1,"IOTHUB_CLIENT_CONFIRMATION_OK"
521,10825051535,10825051564,1,"IOTHUB_CLIENT_CONFIRMATION_OK"
522,10825051869,10825051898,1,"IOTHUB_CLIENT_CONFIRMATION_OK"
523,10825052202,10825052230,1,"IOTHUB_CLIENT_CONFIRMATION_OK"
524,10825052535,10825052572,1,"IOTHUB_CLIENT_CONFIRMATION_OK"
525,10825052868,10825052918,1,"IOTHUB_CLIENT_CONFIRMATION_OK"
526,10825053201,10825053239,1,"IOTHUB_CLIENT_CONFIRMATION_OK"
527,10825053534,10825053562,1,"IOTHUB_CLIENT_CONFIRMATION_OK"
528,10825053867,10825053901,1,"IOTHUB_CLIENT_CONFIRMATION_OK"
529,10825054201,10825054231,1,"IOTHUB_CLIENT_CONFIRMATION_OK"
530,10825054534,10825054563,1,"IOTHUB_CLIENT_CONFIRMATION_OK"
531,10825054867,10825054895,1,"IOTHUB_CLIENT_CONFIRMATION_OK"
532,10825055200,10825055228,1,"IOTHUB_CLIENT_CONFIRMATION_OK"
533,10825055533,10825055563,1,"IOTHUB_CLIENT_CONFIRMATION_OK"
534,10825055866,10825055895,1,"IOTHUB_CLIENT_CONFIRMATION_OK"
535,10825056200,10825056229,1,"IOTHUB_CLIENT_CONFIRMATION_OK"
536,10825056533,10825056563,1,"IOTHUB_CLIENT_CONFIRMATION_OK"
537,10825056866,10825056900,1,"IOTHUB_CLIENT_CONFIRMATION_OK"
538,10825057199,10825057227,1,"IOTHUB_CLIENT_CONFIRMATION_OK"
539,10825057532,10825057561,1,"IOTHUB_CLIENT_CONFIRMATION_OK"
540,10825057865,10825057896,1,"IOTHUB_CLIENT_CONFIRMATION_OK"
541,10825058199,10825058228,1,"IOTHUB_CLIENT_CONFIRMATION_OK"
542,10825058532,10825058561,1,"IOTHUB_CLIENT_CONFIRMATION_OK"
543,10825058865,10825058894,1,"IOTHUB_CLIENT_CONFIRMATION_OK"
544,10825059198,10825059234,1,"IOTHUB_CLIENT_CONFIRMATION_OK"
545,10825059531,10825059612,1,"IOTHUB_CLIENT_CONFIRMATION_OK"
546,10825059864,10825059894,1,"IOTHUB_CLIENT_CONFIRMATION_OK"
547,10825060197,10825060238,1,"IOTHUB_CLIENT_CONFIRMATION_OK"
548,10825060531,10825060581,1,"IOTHUB_CLIENT_CONFIRMATION_OK"
549,10825060864,10825060892,1,"IOTHUB_CLIENT_CONFIRMATION_OK"
550,10825061197,10825061258,1,"IOTHUB_CLIENT_CONFIRMATION_OK"
551,10825061530,10825061570,1,"IOTHUB_CLIENT_CONFIRMATION_OK"
552,10825061863,10825061909,1,"IOTHUB_CLIENT_CONFIRMATION_OK"
553,10825062196,10825062226,1,"IOTHUB_CLIENT_CONFIRMATION_OK"
554,10825062529,10825062562,1,"IOTHUB_CLIENT_CONFIRMATION_OK"
555,10825062863,10825062893,1,"IOTHUB_CLIENT_CONFIRMATION_OK"
556,10825063196,10825063225,1,"IOTHUB_CLIENT_CONFIRMATION_OK"
557,10825063529,10825063559,1,"IOTHUB_CLIENT_CONFIRMATION_OK"
558,10825063862,10825063893,1,"IOTHUB_CLIENT_CONFIRMATION_OK"
559,10825064195,10825064225,1,"IOTHUB_CLIENT_CONFIRMATION_OK"
560,10825064528,10825064556,1,"IOTHUB_CLIENT_CONFIRMATION_OK"
561,10825064862,10825064892,1,"IOTHUB_CLIENT_CONFIRMATION_OK"
562,10825065195,10825065223,1,"IOTHUB_CLIENT_CONFIRMATION_OK"
563,10825065528,10825065627,1,"IOTHUB_CLIENT_CONFIRMATION_OK"
564,10825065861,10825065890,1,"IOTHUB_CLIENT_CONFIRMATION_OK"
565,10825066194,10825066223,1,"IOTHUB_CLIENT_CONFIRMATION_OK"
566,10825066527,10825066566,1,"IOTHUB_CLIENT_CONFIRMATION_OK"
567,10825066861,10825066892,1,"IOTHUB_CLIENT_CONFIRMATION_OK"
568,10825067194,10825067247,1,"IOTHUB_CLIENT_CONFIRMATION_OK"
569,10825067527,10825067557,1,"IOTHUB_CLIENT_CONFIRMATION_OK"
570,10825067860,10825067889,1,"IOTHUB_CLIENT_CONFIRMATION_OK"
571,10825068193,10825068221,1,"IOTHUB_CLIENT_CONFIRMATION_OK"
572,10825068526,10825068556,1,"IOTHUB_CLIENT_CONFIRMATION_OK"
573,10825068859,10825068939,1,"IOTHUB_CLIENT_CONFIRMATION_OK"
574,10825069193,10825069226,1,"IOTHUB_CLIENT_CONFIRMATION_OK"
575,10825069526,10825069554,1,"IOTHUB_CLIENT_CONFIRMATION_OK"
576,10825069859,10825069887,1,"IOTHUB_CLIENT_CONFIRMATION_OK"
577,10825070192,10825070259,1,"IOTHUB_CLIENT_CONFIRMATION_OK"
578,10825070525,10825070557,1,"IOTHUB_CLIENT_CONFIRMATION_OK"
579,10825070858,10825070897,1,"IOTHUB_CLIENT_CONFIRMATION_OK"
580,10825071192,10825071220,1,"IOTHUB_CLIENT_CONFIRMATION_OK"
581,10825071525,10825071565,1,"IOTHUB_CLIENT_CONFIRMATION_OK"
582,10825071858,10825071888,1,"IOTHUB_CLIENT_CONFIRMATION_OK"
583,10825072191,10825072221,1,"IOTHUB_CLIENT_CONFIRMATION_OK"
584,10825072524,10825072573,1,"IOTHUB_CLIENT_CONFIRMATION_OK"
585,10825072857,10825072887,1,"IOTHUB_CLIENT_CONFIRMATION_OK"
586,10825073190,10825073228,1,"IOTHUB_CLIENT_CONFIRMATION_OK"
587,10825073524,10825073553,1,"IOTHUB_CLIENT_CONFIRMATION_OK"
588,10825073857,10825073906,1,"IOTHUB_CLIENT_CONFIRMATION_OK"
589,10825074190,10825074218,1,"IOTHUB_CLIENT_CONFIRMATION_OK"
590,10825074523,10825074552,1,"IOTHUB_CLIENT_CONFIRMATION_OK"
591,10825074856,10825074886,1,"IOTHUB_CLIENT_CONFIRMATION_OK"
592,10825075189,10825075217,1,"IOTHUB_CLIENT_CONFIRMATION_OK"
593,10825075523,10825075554,1,"IOTHUB_CLIENT_CONFIRMATION_OK"
594,10825075856,10825075889,1,"IOTHUB_CLIENT_CONFIRMATION_OK"
595,10825076189,10825076218,1,"IOTHUB_CLIENT_CONFIRMATION_OK"
596,10825076522,10825076550,1,"IOTHUB_CLIENT_CONFIRMATION_OK"
597,10825076855,10825076933,1,"IOTHUB_CLIENT_CONFIRMATION_OK"
598,10825077188,10825077216,1,"IOTHUB_CLIENT_CONFIRMATION_OK"
599,10825077521,10825077550,1,"IOTHUB_CLIENT_CONFIRMATION_OK"
600,10825077855,10825077893,1,"IOTHUB_CLIENT_CONFIRMATION_OK"
601,10825078188,10825078217,1,"IOTHUB_CLIENT_CONFIRMATION_OK"
602,10825078521,10825078553,1,"IOTHUB_CLIENT_CONFIRMATION_OK"
603,10825078854,10825078883,1,"IOTHUB_CLIENT_CONFIRMATION_OK"
604,10825079187,10825079217,1,"IOTHUB_CLIENT_CONFIRMATION_OK"
605,10825079520,10825079557,1,"IOTHUB_CLIENT_CONFIRMATION_OK"
606,10825079854,10825079886,1,"IOTHUB_CLIENT_CONFIRMATION_OK"
607,10825080187,10825080217,1,"IOTHUB_CLIENT_CONFIRMATION_OK"
608,10825080520,10825080597,1,"IOTHUB_CLIENT_CONFIRMATION_OK"
609,10825080853,10825080881,1,"IOTHUB_CLIENT_CONFIRMATION_OK"
610,10825081186,10825081214,1,"IOTHUB_CLIENT_CONFIRMATION_OK"
611,10825081519,10825081665,1,"IOTHUB_CLIENT_CONFIRMATION_OK"
612,10825081853,10825081887,1,"IOTHUB_CLIENT_CONFIRMATION_OK"
613,10825082186,10825082214,1,"IOTHUB_CLIENT_CONFIRMATION_OK"
614,10825082519,10825082589,1,"IOTHUB_CLIENT_CONFIRMATION_OK"
615,10825082852,10825082882,1,"IOTHUB_CLIENT_CONFIRMATION_OK"
616,10825083185,10825083213,1,"IOTHUB_CLIENT_CONFIRMATION_OK"
617,10825083518,10825083560,1,"IOTHUB_CLIENT_CONFIRMATION_OK"
618,10825083852,10825083881,1,"IOTHUB_CLIENT_CONFIRMATION_OK"
619,10825084185,10825084214,1,"IOTHUB_CLIENT_CONFIRMATION_OK"
620,10825084518,10825084548,1,"IOTHUB_CLIENT_CONFIRMATION_OK"
621,10825084851,10825084879,1,"IOTHUB_CLIENT_CONFIRMATION_OK"
622,10825085184,10825085213,1,"IOTHUB_CLIENT_CONFIRMATION_OK"
623,10825085517,10825085546,1,"IOTHUB_CLIENT_CONFIRMATION_OK"
624,10825085850,10825085905,1,"IOTHUB_CLIENT_CONFIRMATION_OK"
625,10825086184,10825086212,1,"IOTHUB_CLIENT_CONFIRMATION_OK"
626,10825086517,10825086552,1,"IOTHUB_CLIENT_CONFIRMATION_OK"
627,10825086850,10825086879,1,"IOTHUB_CLIENT_CONFIRMATION_OK"
628,10825087183,10825087353,1,"IOTHUB_CLIENT_CONFIRMATION_OK"
629,10825087516,10825087546,1,"IOTHUB_CLIENT_CONFIRMATION_OK"
630,10825087849,10825087880,1,"IOTHUB_CLIENT_CONFIRMATION_OK"
631,10825088182,10825088210,1,"IOTHUB_CLIENT_CONFIRMATION_OK"
632,10825088516,10825088545,1,"IOTHUB_CLIENT_CONFIRMATION_OK"
633,10825088849,10825088877,1,"IOTHUB_CLIENT_CONFIRMATION_OK"
634,10825089182,10825089211,1,"IOTHUB_CLIENT_CONFIRMATION_OK"
635,10825089515,10825089545,1,"IOTHUB_CLIENT_CONFIRMATION_OK"
636,10825089848,10825089878,1,"IOTHUB_CLIENT_CONFIRMATION_OK"
637,10825090181,10825090210,1,"IOTHUB_CLIENT_CONFIRMATION_OK"
638,10825090515,10825090544,1,"IOTHUB_CLIENT_CONFIRMATION_OK"
639,10825090848,10825090882,1,"IOTHUB_CLIENT_CONFIRMATION_OK"
640,10825091181,10825091210,1,"IOTHUB_CLIENT_CONFIRMATION_OK"
641,10825091514,10825091544,1,"IOTHUB_CLIENT_CONFIRMATION_OK"
642,10825091847,10825091876,1,"IOTHUB_CLIENT_CONFIRMATION_OK"
643,10825092180,10825092281,1,"IOTHUB_CLIENT_CONFIRMATION_OK"
644,10825092514,10825092543,1,"IOTHUB_CLIENT_CONFIRMATION_OK"
645,10825092847,10825092940,1,"IOTHUB_CLIENT_CONFIRMATION_OK"
646,10825093180,10825093209,1,"IOTHUB_CLIENT_CONFIRMATION_OK"
647,10825093513,10825093542,1,"IOTHUB_CLIENT_CONFIRMATION_OK"
648,10825093846,10825093884,1,"IOTHUB_CLIENT_CONFIRMATION_OK"
649,10825094179,10825094213,1,"IOTHUB_CLIENT_CONFIRMATION_OK"
650,10825094512,10825094541,1,"IOTHUB_CLIENT_CONFIRMATION_OK"
651,10825094846,10825094878,1,"IOTHUB_CLIENT_CONFIRMATION_OK"
652,10825095179,10825095208,1,"IOTHUB_CLIENT_CONFIRMATION_OK"
653,10825095512,10825095540,1,"IOTHUB_CLIENT_CONFIRMATION_OK"
654,10825095845,10825095875,1,"IOTHUB_CLIENT_CONFIRMATION_OK"
655,10825096178,10825096207,1,"IOTHUB_CLIENT_CONFIRMATION_OK"
656,10825096511,10825096540,1,"IOTHUB_CLIENT_CONFIRMATION_OK"
657,10825096845,10825096890,1,"IOTHUB_CLIENT_CONFIRMATION_OK"
658,10825097178,10825097212,1,"IOTHUB_CLIENT_CONFIRMATION_OK"
659,10825097511,10825097540,1,"IOTHUB_CLIENT_CONFIRMATION_OK"
660,10825097844,10825097873,1,"IOTHUB_CLIENT_CONFIRMATION_OK"
661,10825098177,10825098207,1,"IOTHUB_CLIENT_CONFIRMATION_OK"
662,10825098510,10825098567,1,"IOTHUB_CLIENT_CONFIRMATION_OK"
663,10825098844,10825098872,1,"IOTHUB_CLIENT_CONFIRMATION_OK"
664,10825099177,10825099209,1,"IOTHUB_CLIENT_CONFIRMATION_OK"
665,10825099510,10825099538,1,"IOTHUB_CLIENT_CONFIRMATION_OK"
666,10825099843,10825099871,1,"IOTHUB_CLIENT_CONFIRMATION_OK"
667,10825100176,10825100205,1,"IOTHUB_CLIENT_CONFIRMATION_OK"
668,10825100509,10825100544,1,"IOTHUB_CLIENT_CONFIRMATION_OK"
669,10825100843,10825100872,1,"IOTHUB_CLIENT_CONFIRMATION_OK"
670,10825101176,10825101213,1,"IOTHUB_CLIENT_CONFIRMATION_OK"
671,10825101509,10825101537,1,"IOTHUB_CLIENT_CONFIRMATION_OK"
672,10825101842,10825101870,1,"IOTHUB_CLIENT_CONFIRMATION_OK"
673,10825102175,10825102207,1,"IOTHUB_CLIENT_CONFIRMATION_OK"
674,10825102508,10825102606,1,"IOTHUB_CLIENT_CONFIRMATION_OK"
675,10825102842,10825102872,1,"IOTHUB_CLIENT_CONFIRMATION_OK"
676,10825103175,10825103203,1,"IOTHUB_CLIENT_CONFIRMATION_OK"
677,10825103508,10825103538,1,"IOTHUB_CLIENT_CONFIRMATION_OK"
678,10825103841,10825103871,1,"IOTHUB_CLIENT_CONFIRMATION_OK"
679,10825104174,10825104305,1,"IOTHUB_CLIENT_CONFIRMATION_OK"
680,10825104507,10825104536,1,"IOTHUB_CLIENT_CONFIRMATION_OK"
681,10825104841,10825104870,1,"IOTHUB_CLIENT_CONFIRMATION_OK"
682,10825105174,10825105203,1,"IOTHUB_CLIENT_CONFIRMATION_OK"
683,10825105507,10825105536,1,"IOTHUB_CLIENT_CONFIRMATION_OK"
684,10825105840,10825105869,1,"IOTHUB_CLIENT_CONFIRMATION_OK"
685,10825106173,10825106203,1,"IOTHUB_CLIENT_CONFIRMATION_OK"
686,10825106506,10825106534,1,"IOTHUB_CLIENT_CONFIRMATION_OK"
687,10825106839,10825106869,1,"IOTHUB_CLIENT_CONFIRMATION_OK"
688,10825107173,10825107207,1,"IOTHUB_CLIENT_CONFIRMATION_OK"
689,10825107506,10825107534,1,"IOTHUB_CLIENT_CONFIRMATION_OK"
690,10825107839,10825107871,1,"IOTHUB_CLIENT_CONFIRMATION_OK"
691,10825108172,10825108200,1,"IOTHUB_CLIENT_CONFIRMATION_OK"
692,10825108505,10825108537,1,"IOTHUB_CLIENT_CONFIRMATION_OK"
693,10825108838,10825108892,1,"IOTHUB_CLIENT_CONFIRMATION_OK"
694,10825109172,10825109199,1,"IOTHUB_CLIENT_CONFIRMATION_OK"
695,10825109505,10825109533,1,"IOTHUB_CLIENT_CONFIRMATION_OK"
696,10825109838,10825109908,1,"IOTHUB_CLIENT_CONFIRMATION_OK"
697,10825110171,10825110200,1,"IOTHUB_CLIENT_CONFIRMATION_OK"
698,10825110504,10825110533,1,"IOTHUB_CLIENT_CONFIRMATION_OK"
699,10825110837,10825110865,1,"IOTHUB_CLIENT_CONFIRMATION_OK"
700,10825111171,10825111215,1,"IOTHUB_CLIENT_CONFIRMATION_OK"
701,10825111504,10825111532,1,"IOTHUB_CLIENT_CONFIRMATION_OK"
702,10825111837,10825111866,1,"IOTHUB_CLIENT_CONFIRMATION_OK"
703,10825112170,10825112200,1,"IOTHUB_CLIENT_CONFIRMATION_OK"
704,10825112503,10825112532,1,"IOTHUB_CLIENT_CONFIRMATION_OK"
705,10825112836,10825112866,1,"IOTHUB_CLIENT_CONFIRMATION_OK"
706,10825113170,10825113197,1,"IOTHUB_CLIENT_CONFIRMATION_OK"
707,10825113503,10825113532,1,"IOTHUB_CLIENT_CONFIRMATION_OK"
708,10825113836,10825113865,1,"IOTHUB_CLIENT_CONFIRMATION_OK"
709,10825114169,10825114198,1,"IOTHUB_CLIENT_CONFIRMATION_OK"
710,10825114502,10825114530,1,"IOTHUB_CLIENT_CONFIRMATION_OK"
711,10825114835,10825114865,1,"IOTHUB_CLIENT_CONFIRMATION_OK"
712,10825115169,10825115197,1,"IOTHUB_CLIENT_CONFIRMATION_OK"
713,10825115502,10825115530,1,"IOTHUB_CLIENT_CONFIRMATION_OK"
714,10825115835,10825115863,1,"IOTHUB_CLIENT_CONFIRMATION_OK"
715,10825116168,10825116199,1,"IOTHUB_CLIENT_CONFIRMATION_OK"
716,10825116501,10825116529,1,"IOTHUB_CLIENT_CONFIRMATION_OK"
717,10825116834,10825116868,1,"IOTHUB_CLIENT_CONFIRMATION_OK"
718,10825117167,10825117197,1,"IOTHUB_CLIENT_CONFIRMATION_OK"
719,10825117501,10825117528,1,"IOTHUB_CLIENT_CONFIRMATION_OK"
720,10825117834,10825117862,1,"IOTHUB_CLIENT_CONFIRMATION_OK"
721,10825118167,10825118196,1,"IOTHUB_CLIENT_CONFIRMATION_OK"
722,10825118500,10825118529,1,"IOTHUB_CLIENT_CONFIRMATION_OK"
723,10825118833,10825118862,1,"IOTHUB_CLIENT_CONFIRMATION_OK"
724,10825119166,10825119195,1,"IOTHUB_CLIENT_CONFIRMATION_OK"
725,10825119500,10825119569,1,"IOTHUB_CLIENT_CONFIRMATION_OK"
726,10825119833,10825119865,1,"IOTHUB_CLIENT_CONFIRMATION_OK"
727,10825120166,10825120194,1,"IOTHUB_CLIENT_CONFIRMATION_OK"
728,10825120499,10825120527,1,"IOTHUB_CLIENT_CONFIRMATION_OK"
729,10825120832,10825120860,1,"IOTHUB_CLIENT_CONFIRMATION_OK"
730,10825121165,10825121193,1,"IOTHUB_CLIENT_CONFIRMATION_OK"
731,10825121499,10825121542,1,"IOTHUB_CLIENT_CONFIRMATION_OK"
732,10825121832,10825121860,1,"IOTHUB_CLIENT_CONFIRMATION_OK"
733,10825122165,10825122192,1,"IOTHUB_CLIENT_CONFIRMATION_OK"
734,10825122498,10825122529,1,"IOTHUB_CLIENT_CONFIRMATION_OK"
735,10825122831,10825122859,1,"IOTHUB_CLIENT_CONFIRMATION_OK"
736,10825123164,10825123192,1,"IOTHUB_CLIENT_CONFIRMATION_OK"
737,10825123497,10825123525,1,"IOTHUB_CLIENT_CONFIRMATION_OK"
738,10825123831,10825123860,1,"IOTHUB_CLIENT_CONFIRMATION_OK"
739,10825124164,10825124193,1,"IOTHUB_CLIENT_CONFIRMATION_OK"
740,10825124497,10825124525,1,"IOTHUB_CLIENT_CONFIRMATION_OK"
741,10825124830,10825124859,1,"IOTHUB_CLIENT_CONFIRMATION_OK"
742,10825125163,10825125191,1,"IOTHUB_CLIENT_CONFIRMATION_OK"
743,10825125497,10825125526,1,"IOTHUB_CLIENT_CONFIRMATION_OK"
744,10825125830,10825125859,1,"IOTHUB_CLIENT_CONFIRMATION_OK"
745,10825126163,10825126197,1,"IOTHUB_CLIENT_CONFIRMATION_OK"
746,10825126496,10825126531,1,"IOTHUB_CLIENT_CONFIRMATION_OK"
747,10825126829,10825126860,1,"IOTHUB_CLIENT_CONFIRMATION_OK"
748,10825127162,10825127191,1,"IOTHUB_CLIENT_CONFIRMATION_OK"
749,10825127496,10825127525,1,"IOTHUB_CLIENT_CONFIRMATION_OK"
750,10825127829,10825127857,1,"IOTHUB_CLIENT_CONFIRMATION_OK"
751,10825128162,10825128192,1,"IOTHUB_CLIENT_CONFIRMATION_OK"
752,10825128495,10825128523,1,"IOTHUB_CLIENT_CONFIRMATION_OK"
753,10825128828,10825128864,1,"IOTHUB_CLIENT_CONFIRMATION_OK"
754,10825129161,10825129218,1,"IOTHUB_CLIENT_CONFIRMATION_OK"
755,10825129495,10825129524,1,"IOTHUB_CLIENT_CONFIRMATION_OK"
756,10825129828,10825129860,1,"IOTHUB_CLIENT_CONFIRMATION_OK"
757,10825130161,10825130193,1,"IOTHUB_CLIENT_CONFIRMATION_OK"
758,10825130494,10825130523,1,"IOTHUB_CLIENT_CONFIRMATION_OK"
759,10825130827,10825130858,1,"IOTHUB_CLIENT_CONFIRMATION_OK"
760,10825131160,10825131199,1,"IOTHUB_CLIENT_CONFIRMATION_OK"
761,10825131493,10825131531,1,"IOTHUB_CLIENT_CONFIRMATION_OK"
762,10825131827,10825131857,1,"IOTHUB_CLIENT_CONFIRMATION_OK"
763,10825132160,10825132190,1,"IOTHUB_CLIENT_CONFIRMATION_OK"
764,10825132493,10825132521,1,"IOTHUB_CLIENT_CONFIRMATION_OK"
765,10825132826,10825132892,1,"IOTHUB_CLIENT_CONFIRMATION_OK"
766,10825133159,10825133205,1,"IOTHUB_CLIENT_CONFIRMATION_OK"
767,10825133492,10825133521,1,"IOTHUB_CLIENT_CONFIRMATION_OK"
768,10825133826,10825133853,1,"IOTHUB_CLIENT_CONFIRMATION_OK"
769,10825134159,10825134190,1,"IOTHUB_CLIENT_CONFIRMATION_OK"
770,10825134492,10825134520,1,"IOTHUB_CLIENT_CONFIRMATION_OK"
771,10825134825,10825134854,1,"IOTHUB_CLIENT_CONFIRMATION_OK"
772,10825135158,10825135189,1,"IOTHUB_CLIENT_CONFIRMATION_OK"
773,10825135491,10825135520,1,"IOTHUB_CLIENT_CONFIRMATION_OK"
774,10825135825,10825135854,1,"IOTHUB_CLIENT_CONFIRMATION_OK"
775,10825136158,10825136186,1,"IOTHUB_CLIENT_CONFIRMATION_OK"
776,10825136491,10825136520,1,"IOTHUB_CLIENT_CONFIRMATION_OK"
777,10825136824,10825136857,1,"IOTHUB_CLIENT_CONFIRMATION_OK"
778,10825137157,10825137185,1,"IOTHUB_CLIENT_CONFIRMATION_OK"
779,10825137490,10825137518,1,"IOTHUB_CLIENT_CONFIRMATION_OK"
780,10825137824,10825137852,1,"IOTHUB_CLIENT_CONFIRMATION_OK"
781,10825138157,10825138185,1,"IOTHUB_CLIENT_CONFIRMATION_OK"
782,10825138490,10825138518,1,"IOTHUB_CLIENT_CONFIRMATION_OK"
783,10825138823,10825138852,1,"IOTHUB_CLIENT_CONFIRMATION_OK"
784,10825139156,10825139185,1,"IOTHUB_CLIENT_CONFIRMATION_OK"
785,10825139489,10825139518,1,"IOTHUB_CLIENT_CONFIRMATION_OK"
786,10825139823,10825139850,1,"IOTHUB_CLIENT_CONFIRMATION_OK"
787,10825140156,10825140184,1,"IOTHUB_CLIENT_CONFIRMATION_OK"
788,10825140489,10825140526,1,"IOTHUB_CLIENT_CONFIRMATION_OK"
789,10825140822,10825140908,1,"IOTHUB_CLIENT_CONFIRMATION_OK"
790,10825141155,10825141196,1,"IOTHUB_CLIENT_CONFIRMATION_OK"
791,10825141488,10825141534,1,"IOTHUB_CLIENT_CONFIRMATION_OK"
792,10825141822,10825141888,1,"IOTHUB_CLIENT_CONFIRMATION_OK"
793,10825142155,10825142191,1,"IOTHUB_CLIENT_CONFIRMATION_OK"
794,10825142488,10825142519,1,"IOTHUB_CLIENT_CONFIRMATION_OK"
795,10825142821,10825142849,1,"IOTHUB_CLIENT_CONFIRMATION_OK"
796,10825143154,10825143182,1,"IOTHUB_CLIENT_CONFIRMATION_OK"
797,10825143487,10825143516,1,"IOTHUB_CLIENT_CONFIRMATION_OK"
798,10825143820,10825143852,1,"IOTHUB_CLIENT_CONFIRMATION_OK"
799,10825144154,10825144183,1,"IOTHUB_CLIENT_CONFIRMATION_OK"
800,10825144487,10825144515,1,"IOTHUB_CLIENT_CONFIRMATION_OK"
801,10825144820,10825144856,1,"IOTHUB_CLIENT_CONFIRMATION_OK"
802,10825145153,10825145195,1,"IOTHUB_CLIENT_CONFIRMATION_OK"
803,10825145486,10825145538,1,"IOTHUB_CLIENT_CONFIRMATION_OK"
804,10825145819,10825145870,1,"IOTHUB_CLIENT_CONFIRMATION_OK"
805,10825146153,10825146202,1,"IOTHUB_CLIENT_CONFIRMATION_OK"
806,10825146486,10825146515,1,"IOTHUB_CLIENT_CONFIRMATION_OK"
807,10825146819,10825146851,1,"IOTHUB_CLIENT_CONFIRMATION_OK"
808,10825147152,10825147204,1,"IOTHUB_CLIENT_CONFIRMATION_OK"
809,10825147485,10825147521,1,"IOTHUB_CLIENT_CONFIRMATION_OK"
810,10825147818,10825147856,1,"IOTHUB_CLIENT_CONFIRMATION_OK"
811,10825148152,10825148194,1,"IOTHUB_CLIENT_CONFIRMATION_OK"
812,10825148485,10825148524,1,"IOTHUB_CLIENT_CONFIRMATION_OK"
813,10825148818,10825148868,1,"IOTHUB_CLIENT_CONFIRMATION_OK"
814,10825149151,10825149335,1,"IOTHUB_CLIENT_CONFIRMATION_OK"
815,10825149484,10825149528,1,"IOTHUB_CLIENT_CONFIRMATION_OK"
816,10825149817,10825149850,1,"IOTHUB_CLIENT_CONFIRMATION_OK"
817,10825150151,10825150181,1,"IOTHUB_CLIENT_CONFIRMATION_OK"
818,10825150484,10825150512,1,"IOTHUB_CLIENT_CONFIRMATION_OK"
819,10825150817,10825150859,1,"IOTHUB_CLIENT_CONFIRMATION_OK"
820,10825151150,10825151298,1,"IOTHUB_CLIENT_CONFIRMATION_OK"
821,10825151483,10825151511,1,"IOTHUB_CLIENT_CONFIRMATION_OK"
822,10825151816,10825151843,1,"IOTHUB_CLIENT_CONFIRMATION_OK"
823,10825152150,10825152178,1,"IOTHUB_CLIENT_CONFIRMATION_OK"
824,10825152483,10825152513,1,"IOTHUB_CLIENT_CONFIRMATION_OK"
825,10825152816,10825152845,1,"IOTHUB_CLIENT_CONFIRMATION_OK"
826,10825153149,10825153178,1,"IOTHUB_CLIENT_CONFIRMATION_OK"
827,10825153482,10825153511,1,"IOTHUB_CLIENT_CONFIRMATION_OK"
828,10825153815,10825153844,1,"IOTHUB_CLIENT_CONFIRMATION_OK"
829,10825154149,10825154177,1,"IOTHUB_CLIENT_CONFIRMATION_OK"
830,10825154482,10825154511,1,"IOTHUB_CLIENT_CONFIRMATION_OK"
831,10825154815,10825154844,1,"IOTHUB_CLIENT_CONFIRMATION_OK"
832,10825155148,10825155177,1,"IOTHUB_CLIENT_CONFIRMATION_OK"
833,10825155481,10825155510,1,"IOTHUB_CLIENT_CONFIRMATION_OK"
834,10825155814,10825155844,1,"IOTHUB_CLIENT_CONFIRMATION_OK"
835,10825156148,10825156175,1,"IOTHUB_CLIENT_CONFIRMATION_OK"
836,10825156481,10825156510,1,"IOTHUB_CLIENT_CONFIRMATION_OK"
837,10825156814,10825156984,1,"IOTHUB_CLIENT_CONFIRMATION_OK"
838,10825157147,10825157186,1,"IOTHUB_CLIENT_CONFIRMATION_OK"
839,10825157480,10825157508,1,"IOTHUB_CLIENT_CONFIRMATION_OK"
840,10825157813,10825157842,1,"IOTHUB_CLIENT_CONFIRMATION_OK"
841,10825158147,10825158175,1,"IOTHUB_CLIENT_CONFIRMATION_OK"
842,10825158480,10825158509,1,"IOTHUB_CLIENT_CONFIRMATION_OK"
843,10825158813,10825158840,1,"IOTHUB_CLIENT_CONFIRMATION_OK"
844,10825159146,10825159177,1,"IOTHUB_CLIENT_CONFIRMATION_OK"
845,10825159479,10825159507,1,"IOTHUB_CLIENT_CONFIRMATION_OK"
846,10825159812,10825159845,1,"IOTHUB_CLIENT_CONFIRMATION_OK"
847,10825160146,10825160174,1,"IOTHUB_CLIENT_CONFIRMATION_OK"
848,10825160479,10825160508,1,"IOTHUB_CLIENT_CONFIRMATION_OK"
849,10825160812,10825160845,1,"IOTHUB_CLIENT_CONFIRMATION_OK"
850,10825161145,10825161173,1,"IOTHUB_CLIENT_CONFIRMATION_OK"
851,10825161478,10825161507,1,"IOTHUB_CLIENT_CONFIRMATION_OK"
852,10825161811,10825161840,1,"IOTHUB_CLIENT_CONFIRMATION_OK"
853,10825162144,10825162176,1,"IOTHUB_CLIENT_CONFIRMATION_OK"
854,10825162478,10825162527,1,"IOTHUB_CLIENT_CONFIRMATION_OK"
855,10825162811,10825162872,1,"IOTHUB_CLIENT_CONFIRMATION_OK"
856,10825163144,10825163174,1,"IOTHUB_CLIENT_CONFIRMATION_OK"
857,10825163477,10825163538,1,"IOTHUB_CLIENT_CONFIRMATION_OK"
858,10825163810,10825163838,1,"IOTHUB_CLIENT_CONFIRMATION_OK"
859,10825164143,10825164173,1,"IOTHUB_CLIENT_CONFIRMATION_OK"
860,10825164477,10825164505,1,"IOTHUB_CLIENT_CONFIRMATION_OK"
861,10825164810,10825164840,1,"IOTHUB_CLIENT_CONFIRMATION_OK"
862,10825165143,10825165184,1,"IOTHUB_CLIENT_CONFIRMATION_OK"
863,10825165476,10825165505,1,"IOTHUB_CLIENT_CONFIRMATION_OK"
864,10825165809,10825165839,1,"IOTHUB_CLIENT_CONFIRMATION_OK"
865,10825166142,10825166172,1,"IOTHUB_CLIENT_CONFIRMATION_OK"
866,10825166476,10825166505,1,"IOTHUB_CLIENT_CONFIRMATION_OK"
867,10825166809,10825166837,1,"IOTHUB_CLIENT_CONFIRMATION_OK"
868,10825167142,10825167180,1,"IOTHUB_CLIENT_CONFIRMATION_OK"
869,10825167475,10825167515,1,"IOTHUB_CLIENT_CONFIRMATION_OK"
870,10825167808,10825167838,1,"IOTHUB_CLIENT_CONFIRMATION_OK"
871,10825168141,10825168319,1,"IOTHUB_CLIENT_CONFIRMATION_OK"
872,10825168475,10825168504,1,"IOTHUB_CLIENT_CONFIRMATION_OK"
873,10825168808,10825168835,1,"IOTHUB_CLIENT_CONFIRMATION_OK"
874,10825169141,10825169171,1,"IOTHUB_CLIENT_CONFIRMATION_OK"
875,10825169474,10825169505,1,"IOTHUB_CLIENT_CONFIRMATION_OK"
876,10825169807,10825169837,1,"IOTHUB_CLIENT_CONFIRMATION_OK"
877,10825170140,10825170168,1,"IOTHUB_CLIENT_CONFIRMATION_OK"
878,10825170474,10825170593,1,"IOTHUB_CLIENT_CONFIRMATION_OK"
879,10825170807,10825170835,1,"IOTHUB_CLIENT_CONFIRMATION_OK"
880,10825171140,10825171169,1,"IOTHUB_CLIENT_CONFIRMATION_OK"
881,10825171473,10825171500,1,"IOTHUB_CLIENT_CONFIRMATION_OK"
882,10825171806,10825171836,1,"IOTHUB_CLIENT_CONFIRMATION_OK"
883,10825172139,10825172170,1,"IOTHUB_CLIENT_CONFIRMATION_OK"
884,10825172472,10825172505,1,"IOTHUB_CLIENT_CONFIRMATION_OK"
885,10825172806,10825172834,1,"IOTHUB_CLIENT_CONFIRMATION_OK"
886,10825173139,10825173167,1,"IOTHUB_CLIENT_CONFIRMATION_OK"
887,10825173472,10825173500,1,"IOTHUB_CLIENT_CONFIRMATION_OK"
888,10825173805,10825173844,1,"IOTHUB_CLIENT_CONFIRMATION_OK"
889,10825174138,10825174170,1,"IOTHUB_CLIENT_CONFIRMATION_OK"
890,10825174471,10825174499,1,"IOTHUB_CLIENT_CONFIRMATION_OK"
891,10825174805,10825174833,1,"IOTHUB_CLIENT_CONFIRMATION_OK"
892,10825175138,10825175169,1,"IOTHUB_CLIENT_CONFIRMATION_OK"
893,10825175471,10825175499,1,"IOTHUB_CLIENT_CONFIRMATION_OK"
894,10825175804,10825175832,1,"IOTHUB_CLIENT_CONFIRMATION_OK"
895,10825176137,10825176166,1,"IOTHUB_CLIENT_CONFIRMATION_OK"
896,10825176470,10825176501,1,"IOTHUB_CLIENT_CONFIRMATION_OK"
897,10825176804,10825176835,1,"IOTHUB_CLIENT_CONFIRMATION_OK"
898,10825177137,10825177164,1,"IOTHUB_CLIENT_CONFIRMATION_OK"
899,10825177470,10825177498,1,"IOTHUB_CLIENT_CONFIRMATION_OK"
