Message ID,Send Time,Receive Time,Status
0,9347862291,9347862516,1
1,9347862492,9347862531,1
2,9347862692,9347862723,1
3,9347862893,9347862924,1
4,9347863093,9347863127,1
5,9347863294,9347863323,1
6,9347863494,9347863524,1
7,9347863695,9347863725,1
8,9347863895,9347863930,1
9,9347864096,9347864125,1
10,9347864296,9347864326,1
11,9347864497,9347864528,1
12,9347864697,9347864732,1
13,9347864898,9347864930,1
14,9347865098,9347865127,1
15,9347865299,9347865328,1
16,9347865499,9347865530,1
17,9347865700,9347865735,1
18,9347865900,9347865931,1
19,9347866101,9347866137,1
20,9347866301,9347866336,1
21,9347866502,9347866533,1
22,9347866702,9347866739,1
23,9347866903,9347866935,1
24,9347867103,9347867134,1
25,9347867304,9347867335,1
26,9347867505,9347867534,1
27,9347867705,9347867735,1
28,9347867906,9347867952,1
29,9347868106,9347868140,1
30,9347868307,9347868336,1
31,9347868507,9347868537,1
32,9347868708,9347868742,1
33,9347868908,9347868942,1
34,9347869109,9347869139,1
35,9347869309,9347869339,1
36,9347869510,9347869539,1
37,9347869710,9347869740,1
38,9347869911,9347869943,1
39,9347870111,9347870142,1
40,9347870312,9347870342,1
41,9347870512,9347870542,1
42,9347870713,9347870746,1
43,9347870913,9347870949,1
44,9347871114,9347871145,1
45,9347871314,9347871345,1
46,9347871515,9347871546,1
47,9347871715,9347871746,1
48,9347871916,9347871946,1
49,9347872117,9347872147,1
50,9347872317,9347872348,1
51,9347872518,9347872548,1
52,9347872718,9347872757,1
53,9347872919,9347872954,1
54,9347873119,9347873148,1
55,9347873320,9347873350,1
56,9347873520,9347873550,1
57,9347873721,9347873757,1
58,9347873921,9347873958,1
59,9347874122,9347874154,1
60,9347874322,9347874352,1
61,9347874523,9347874557,1
62,9347874723,9347874771,1
63,9347874924,9347874960,1
64,9347875124,9347875155,1
65,9347875325,9347875361,1
66,9347875525,9347875555,1
67,9347875726,9347875756,1
68,9347875926,9347875959,1
69,9347876127,9347876158,1
70,9347876328,9347876357,1
71,9347876528,9347876563,1
72,9347876729,9347876760,1
73,9347876929,9347876958,1
74,9347877130,9347877159,1
75,9347877330,9347877361,1
76,9347877531,9347877561,1
77,9347877731,9347877765,1
78,9347877932,9347877968,1
79,9347878132,9347878161,1
80,9347878333,9347878362,1
81,9347878533,9347878603,1
82,9347878734,9347878763,1
83,9347878934,9347878972,1
84,9347879135,9347879166,1
85,9347879335,9347879370,1
86,9347879536,9347879565,1
87,9347879736,9347879771,1
88,9347879937,9347879968,1
89,9347880137,9347880180,1
90,9347880338,9347880374,1
91,9347880539,9347880568,1
92,9347880739,9347880769,1
93,9347880940,9347880977,1
94,9347881140,9347881178,1
95,9347881341,9347881372,1
96,9347881541,9347881572,1
97,9347881742,9347881772,1
98,9347881942,9347881973,1
99,9347882143,9347882173,1
100,9347882343,9347882378,1
101,9347882544,9347882576,1
102,9347882744,9347882775,1
103,9347882945,9347882980,1
104,9347883145,9347883183,1
105,9347883346,9347883382,1
106,9347883546,9347883584,1
107,9347883747,9347883777,1
108,9347883947,9347883978,1
109,9347884148,9347884184,1
110,9347884348,9347884379,1
111,9347884549,9347884579,1
112,9347884749,9347884779,1
113,9347884950,9347884980,1
114,9347885150,9347885184,1
115,9347885351,9347885382,1
116,9347885552,9347885586,1
117,9347885752,9347885784,1
118,9347885953,9347886000,1
119,9347886153,9347886183,1
120,9347886354,9347886401,1
121,9347886554,9347886586,1
122,9347886755,9347886784,1
123,9347886955,9347886995,1
124,9347887156,9347887186,1
125,9347887356,9347887385,1
126,9347887557,9347887595,1
127,9347887757,9347887789,1
128,9347887958,9347887990,1
129,9347888158,9347888189,1
130,9347888359,9347888395,1
131,9347888559,9347888596,1
132,9347888760,9347888796,1
133,9347888960,9347888990,1
134,9347889161,9347889192,1
135,9347889361,9347889397,1
136,9347889562,9347889597,1
137,9347889763,9347889793,1
138,9347889963,9347889994,1
139,9347890164,9347890199,1
140,9347890364,9347890394,1
141,9347890565,9347890599,1
142,9347890765,9347890795,1
143,9347890966,9347890998,1
144,9347891166,9347891205,1
145,9347891367,9347891396,1
146,9347891567,9347891598,1
147,9347891768,9347891803,1
148,9347891968,9347891999,1
149,9347892169,9347892200,1
150,9347892370,9347892400,1
151,9347892570,9347892606,1
152,9347892771,9347892803,1
153,9347892971,9347893001,1
154,9347893172,9347893202,1
155,9347893372,9347893408,1
156,9347893573,9347893604,1
157,9347893773,9347893802,1
158,9347893974,9347894007,1
159,9347894174,9347894204,1
160,9347894375,9347894405,1
161,9347894575,9347894605,1
162,9347894776,9347894807,1
163,9347894976,9347895014,1
164,9347895177,9347895207,1
165,9347895377,9347895422,1
166,9347895578,9347895608,1
167,9347895778,9347895809,1
168,9347895979,9347896010,1
169,9347896179,9347896209,1
170,9347896380,9347896410,1
171,9347896581,9347896610,1
172,9347896781,9347896817,1
173,9347896982,9347897012,1
174,9347897182,9347897218,1
175,9347897383,9347897416,1
176,9347897583,9347897613,1
177,9347897784,9347897839,1
178,9347897984,9347898015,1
179,9347898185,9347898220,1
180,9347898385,9347898422,1
181,9347898586,9347898621,1
182,9347898786,9347898817,1
183,9347898987,9347899022,1
184,9347899187,9347899217,1
185,9347899388,9347899422,1
186,9347899588,9347899621,1
187,9347899789,9347899820,1
188,9347899989,9347900020,1
189,9347900190,9347900219,1
190,9347900390,9347900421,1
191,9347900591,9347900622,1
192,9347900791,9347900822,1
193,9347900992,9347901030,1
194,9347901193,9347901229,1
195,9347901393,9347901423,1
196,9347901594,9347901624,1
197,9347901794,9347901826,1
198,9347901995,9347902032,1
199,9347902195,9347902228,1
200,9347902396,9347902443,1
201,9347902596,9347902629,1
202,9347902797,9347902827,1
203,9347902997,9347903027,1
204,9347903198,9347903228,1
205,9347903398,9347903429,1
206,9347903599,9347903633,1
207,9347903799,9347903834,1
208,9347904000,9347904029,1
209,9347904200,9347904238,1
210,9347904401,9347904431,1
211,9347904601,9347904633,1
212,9347904802,9347904836,1
213,9347905002,9347905042,1
214,9347905203,9347905240,1
215,9347905403,9347905433,1
216,9347905604,9347905645,1
217,9347905804,9347905835,1
218,9347906004,9347906035,1
219,9347906205,9347906240,1
220,9347906405,9347906445,1
221,9347906606,9347906635,1
222,9347906806,9347906837,1
223,9347907007,9347907039,1
224,9347907207,9347907238,1
225,9347907408,9347907439,1
226,9347907608,9347907660,1
227,9347907809,9347907839,1
228,9347908009,9347908039,1
229,9347908210,9347908247,1
230,9347908410,9347908464,1
231,9347908611,9347908648,1
232,9347908811,9347908860,1
233,9347909012,9347909045,1
234,9347909212,9347909803,1
235,9347909413,9347909828,1
236,9347909614,9347909863,1
237,9347909814,9347909879,1
238,9347910015,9347910051,1
239,9347910215,9347910249,1
240,9347910416,9347910451,1
241,9347910616,9347910648,1
242,9347910817,9347910850,1
243,9347911017,9347911048,1
244,9347911218,9347911252,1
245,9347911418,9347911471,1
246,9347911619,9347911648,1
247,9347911819,9347911851,1
248,9347912020,9347912058,1
249,9347912220,9347912251,1
250,9347912421,9347912452,1
251,9347912621,9347912652,1
252,9347912822,9347912852,1
253,9347913022,9347913061,1
254,9347913223,9347913254,1
255,9347913423,9347913454,1
256,9347913624,9347913655,1
257,9347913824,9347913855,1
258,9347914025,9347914056,1
259,9347914226,9347914267,1
260,9347914426,9347914465,1
261,9347914627,9347914658,1
262,9347914827,9347914858,1
263,9347915028,9347915058,1
264,9347915228,9347915269,1
265,9347915429,9347915460,1
266,9347915629,9347915660,1
267,9347915830,9347915861,1
268,9347916030,9347916061,1
269,9347916231,9347916262,1
270,9347916431,9347916463,1
271,9347916632,9347916663,1
272,9347916832,9347916869,1
273,9347917033,9347917071,1
274,9347917233,9347917266,1
275,9347917434,9347917466,1
276,9347917634,9347917665,1
277,9347917835,9347917872,1
278,9347918035,9347918073,1
279,9347918236,9347918266,1
280,9347918436,9347918473,1
281,9347918637,9347918672,1
282,9347918837,9347918868,1
283,9347919038,9347919093,1
284,9347919238,9347919270,1
285,9347919439,9347919481,1
286,9347919640,9347919677,1
287,9347919840,9347919871,1
288,9347920041,9347920070,1
289,9347920241,9347920273,1
290,9347920442,9347920472,1
291,9347920642,9347920672,1
292,9347920843,9347920872,1
293,9347921043,9347921079,1
294,9347921244,9347921274,1
295,9347921444,9347921482,1
296,9347921645,9347921676,1
297,9347921845,9347921876,1
298,9347922046,9347922077,1
299,9347922246,9347922279,1
300,9347922447,9347922477,1
301,9347922647,9347922706,1
302,9347922848,9347922882,1
303,9347923049,9347923079,1
304,9347923249,9347923280,1
305,9347923450,9347923479,1
306,9347923650,9347923680,1
307,9347923851,9347923903,1
308,9347924051,9347924086,1
309,9347924252,9347924281,1
310,9347924452,9347924483,1
311,9347924653,9347924682,1
312,9347924853,9347924884,1
313,9347925054,9347925084,1
314,9347925254,9347925285,1
315,9347925455,9347925485,1
316,9347925655,9347925684,1
317,9347925856,9347925886,1
318,9347926056,9347926102,1
319,9347926257,9347926286,1
320,9347926457,9347926488,1
321,9347926658,9347926688,1
322,9347926858,9347926888,1
323,9347927059,9347927089,1
324,9347927259,9347927290,1
325,9347927460,9347927496,1
326,9347927660,9347927720,1
327,9347927861,9347927896,1
328,9347928061,9347928097,1
329,9347928262,9347928292,1
330,9347928463,9347928493,1
331,9347928663,9347928698,1
332,9347928864,9347928893,1
333,9347929064,9347929095,1
334,9347929265,9347929296,1
335,9347929465,9347929495,1
336,9347929666,9347929695,1
337,9347929866,9347929902,1
338,9347930067,9347930202,1
339,9347930267,9347930299,1
340,9347930468,9347930503,1
341,9347930668,9347930698,1
342,9347930869,9347930904,1
343,9347931069,9347931100,1
344,9347931270,9347931313,1
345,9347931470,9347931500,1
346,9347931671,9347931707,1
347,9347931872,9347931909,1
348,9347932072,9347932102,1
349,9347932273,9347932303,1
350,9347932473,9347932504,1
351,9347932674,9347932704,1
352,9347932874,9347932911,1
353,9347933075,9347933108,1
354,9347933275,9347933310,1
355,9347933476,9347933505,1
356,9347933676,9347933751,1
357,9347933877,9347933907,1
358,9347934077,9347934109,1
359,9347934278,9347934309,1
360,9347934478,9347934515,1
361,9347934679,9347934708,1
362,9347934879,9347934917,1
363,9347935080,9347935111,1
364,9347935280,9347935311,1
365,9347935481,9347935517,1
366,9347935682,9347935710,1
367,9347935882,9347935912,1
368,9347936083,9347936125,1
369,9347936283,9347936312,1
370,9347936484,9347936513,1
371,9347936684,9347936715,1
372,9347936885,9347936917,1
373,9347937085,9347937114,1
374,9347937286,9347937315,1
375,9347937486,9347937515,1
376,9347937687,9347937717,1
377,9347937887,9347937918,1
378,9347938088,9347938121,1
379,9347938288,9347938317,1
380,9347938489,9347938519,1
381,9347938689,9347938720,1
382,9347938890,9347938919,1
383,9347939090,9347939129,1
384,9347939291,9347939327,1
385,9347939491,9347939523,1
386,9347939692,9347939721,1
387,9347939892,9347939923,1
388,9347940093,9347940129,1
389,9347940293,9347940323,1
390,9347940494,9347940524,1
391,9347940694,9347940725,1
392,9347940895,9347940925,1
393,9347941096,9347941126,1
394,9347941296,9347941325,1
395,9347941497,9347941527,1
396,9347941697,9347941729,1
397,9347941898,9347941930,1
398,9347942098,9347942138,1
399,9347942299,9347942350,1
400,9347942499,9347942530,1
401,9347942700,9347942734,1
402,9347942900,9347942931,1
403,9347943101,9347943138,1
404,9347943301,9347943331,1
405,9347943502,9347943550,1
406,9347943702,9347943731,1
407,9347943903,9347943932,1
408,9347944103,9347944135,1
409,9347944304,9347944350,1
410,9347944504,9347944534,1
411,9347944705,9347944736,1
412,9347944905,9347944938,1
413,9347945106,9347945146,1
414,9347945306,9347945336,1
415,9347945507,9347945567,1
416,9347945707,9347945743,1
417,9347945908,9347945938,1
418,9347946109,9347946138,1
419,9347946309,9347946338,1
420,9347946510,9347946547,1
421,9347946710,9347946743,1
422,9347946911,9347946943,1
423,9347947111,9347947141,1
424,9347947312,9347947343,1
425,9347947512,9347947542,1
426,9347947713,9347947742,1
427,9347947913,9347947945,1
428,9347948114,9347948151,1
429,9347948314,9347948345,1
430,9347948515,9347948550,1
431,9347948715,9347948745,1
432,9347948916,9347948946,1
433,9347949116,9347949148,1
434,9347949317,9347949346,1
435,9347949517,9347949549,1
436,9347949718,9347949748,1
437,9347949918,9347949961,1
438,9347950119,9347950149,1
439,9347950319,9347950349,1
440,9347950520,9347950549,1
441,9347950720,9347950767,1
442,9347950921,9347950952,1
443,9347951122,9347951161,1
444,9347951322,9347951351,1
445,9347951523,9347951552,1
446,9347951723,9347951753,1
447,9347951924,9347951974,1
448,9347952124,9347952154,1
449,9347952325,9347952355,1
450,9347952525,9347952554,1
451,9347952726,9347952763,1
452,9347952926,9347952958,1
453,9347953127,9347953158,1
454,9347953327,9347953357,1
455,9347953528,9347953558,1
456,9347953728,9347953765,1
457,9347953929,9347953959,1
458,9347954129,9347954172,1
459,9347954330,9347954363,1
460,9347954530,9347954561,1
461,9347954731,9347954761,1
462,9347954932,9347954962,1
463,9347955132,9347955184,1
464,9347955333,9347955364,1
465,9347955533,9347955564,1
466,9347955734,9347955765,1
467,9347955934,9347955970,1
468,9347956135,9347956164,1
469,9347956335,9347956365,1
470,9347956536,9347956565,1
471,9347956736,9347956767,1
472,9347956937,9347956987,1
473,9347957137,9347957176,1
474,9347957338,9347957369,1
475,9347957538,9347957570,1
476,9347957739,9347957768,1
477,9347957939,9347957970,1
478,9347958140,9347958169,1
479,9347958340,9347958371,1
480,9347958541,9347958573,1
481,9347958741,9347958772,1
482,9347958942,9347958972,1
483,9347959142,9347959176,1
484,9347959343,9347959375,1
485,9347959543,9347959574,1
486,9347959744,9347959781,1
487,9347959945,9347959980,1
488,9347960145,9347960186,1
489,9347960346,9347960381,1
490,9347960546,9347960577,1
491,9347960747,9347960781,1
492,9347960947,9347960978,1
493,9347961148,9347961178,1
494,9347961348,9347961399,1
495,9347961549,9347961579,1
496,9347961749,9347961778,1
497,9347961950,9347961980,1
498,9347962150,9347962181,1
499,9347962351,9347962387,1
500,9347962551,9347962583,1
501,9347962752,9347962781,1
502,9347962952,9347962982,1
503,9347963153,9347963196,1
504,9347963353,9347963389,1
505,9347963554,9347963584,1
506,9347963754,9347963784,1
507,9347963955,9347963986,1
508,9347964155,9347964187,1
509,9347964356,9347964385,1
510,9347964556,9347964586,1
511,9347964757,9347964793,1
512,9347964958,9347964989,1
513,9347965158,9347965188,1
514,9347965359,9347965395,1
515,9347965559,9347965589,1
516,9347965760,9347965794,1
517,9347965960,9347965990,1
518,9347966161,9347966193,1
519,9347966361,9347966396,1
520,9347966562,9347966593,1
521,9347966762,9347966793,1
522,9347966963,9347966998,1
523,9347967163,9347967193,1
524,9347967364,9347967399,1
525,9347967564,9347967595,1
526,9347967765,9347967795,1
527,9347967965,9347967995,1
528,9347968166,9347968198,1
529,9347968366,9347968398,1
530,9347968567,9347968603,1
531,9347968767,9347968803,1
532,9347968968,9347969002,1
533,9347969168,9347969200,1
534,9347969369,9347969398,1
535,9347969570,9347969598,1
536,9347969770,9347969802,1
537,9347969971,9347970000,1
538,9347970171,9347970201,1
539,9347970372,9347970401,1
540,9347970572,9347970602,1
541,9347970773,9347970804,1
542,9347970973,9347971004,1
543,9347971174,9347971204,1
544,9347971374,9347971405,1
545,9347971575,9347971606,1
546,9347971775,9347971805,1
547,9347971976,9347972007,1
548,9347972176,9347972207,1
549,9347972377,9347972416,1
550,9347972577,9347972612,1
551,9347972778,9347972809,1
552,9347972978,9347973009,1
553,9347973179,9347973209,1
554,9347973379,9347973412,1
555,9347973580,9347973616,1
556,9347973780,9347973811,1
557,9347973981,9347974017,1
558,9347974181,9347974217,1
559,9347974382,9347974413,1
560,9347974583,9347974613,1
561,9347974783,9347974813,1
562,9347974984,9347975019,1
563,9347975184,9347975215,1
564,9347975385,9347975417,1
565,9347975585,9347975615,1
566,9347975786,9347975823,1
567,9347975986,9347976017,1
568,9347976187,9347976217,1
569,9347976387,9347976423,1
570,9347976588,9347976618,1
571,9347976788,9347976820,1
572,9347976989,9347977085,1
573,9347977189,9347977220,1
574,9347977390,9347977419,1
575,9347977590,9347977622,1
576,9347977791,9347977821,1
577,9347977991,9347978021,1
578,9347978192,9347978227,1
579,9347978392,9347978423,1
580,9347978593,9347978623,1
581,9347978794,9347978824,1
582,9347978994,9347979024,1
583,9347979195,9347979224,1
584,9347979395,9347979426,1
585,9347979596,9347979635,1
586,9347979796,9347979825,1
587,9347979997,9347980026,1
588,9347980197,9347980228,1
589,9347980398,9347980428,1
590,9347980598,9347980637,1
591,9347980799,9347980829,1
592,9347981000,9347981030,1
593,9347981200,9347981240,1
594,9347981401,9347981434,1
595,9347981601,9347981632,1
596,9347981802,9347981840,1
597,9347982002,9347982033,1
598,9347982203,9347982232,1
