Message ID,Send Time,Receive Time,Status,Error
0,10825961174,10825961321,1,"IOTHUB_CLIENT_CONFIRMATION_OK"
1,10825961507,10825961571,1,"IOTHUB_CLIENT_CONFIRMATION_OK"
2,10825961841,10825961871,1,"IOTHUB_CLIENT_CONFIRMATION_OK"
3,10825962174,10825962203,1,"IOTHUB_CLIENT_CONFIRMATION_OK"
4,10825962507,10825962558,1,"IOTHUB_CLIENT_CONFIRMATION_OK"
5,10825962840,10825962869,1,"IOTHUB_CLIENT_CONFIRMATION_OK"
6,10825963173,10825963226,1,"IOTHUB_CLIENT_CONFIRMATION_OK"
7,10825963506,10825963538,1,"IOTHUB_CLIENT_CONFIRMATION_OK"
8,10825963840,10825963868,1,"IOTHUB_CLIENT_CONFIRMATION_OK"
9,10825964173,10825964207,1,"IOTHUB_CLIENT_CONFIRMATION_OK"
10,10825964506,10825964536,1,"IOTHUB_CLIENT_CONFIRMATION_OK"
11,10825964839,10825964869,1,"IOTHUB_CLIENT_CONFIRMATION_OK"
12,10825965172,10825965203,1,"IOTHUB_CLIENT_CONFIRMATION_OK"
13,10825965505,10825965537,1,"IOTHUB_CLIENT_CONFIRMATION_OK"
14,10825965839,10825965870,1,"IOTHUB_CLIENT_CONFIRMATION_OK"
15,10825966172,10825966203,1,"IOTHUB_CLIENT_CONFIRMATION_OK"
16,10825966505,10825966534,1,"IOTHUB_CLIENT_CONFIRMATION_OK"
17,10825966838,10825966868,1,"IOTHUB_CLIENT_CONFIRMATION_OK"
18,10825967171,10825967200,1,"IOTHUB_CLIENT_CONFIRMATION_OK"
19,10825967504,10825967535,1,"IOTHUB_CLIENT_CONFIRMATION_OK"
20,10825967838,10825967868,1,"IOTHUB_CLIENT_CONFIRMATION_OK"
21,10825968171,10825968202,1,"IOTHUB_CLIENT_CONFIRMATION_OK"
22,10825968504,10825968536,1,"IOTHUB_CLIENT_CONFIRMATION_OK"
23,10825968837,10825968867,1,"IOTHUB_CLIENT_CONFIRMATION_OK"
24,10825969170,10825969199,1,"IOTHUB_CLIENT_CONFIRMATION_OK"
25,10825969503,10825969537,1,"IOTHUB_CLIENT_CONFIRMATION_OK"
26,10825969837,10825969866,1,"IOTHUB_CLIENT_CONFIRMATION_OK"
27,10825970170,10825970199,1,"IOTHUB_CLIENT_CONFIRMATION_OK"
28,10825970503,10825970531,1,"IOTHUB_CLIENT_CONFIRMATION_OK"
29,10825970836,10825970865,1,"IOTHUB_CLIENT_CONFIRMATION_OK"
30,10825971169,10825971216,1,"IOTHUB_CLIENT_CONFIRMATION_OK"
31,10825971502,10825971532,1,"IOTHUB_CLIENT_CONFIRMATION_OK"
32,10825971836,10825971865,1,"IOTHUB_CLIENT_CONFIRMATION_OK"
33,10825972169,10825972217,1,"IOTHUB_CLIENT_CONFIRMATION_OK"
34,10825972502,10825972531,1,"IOTHUB_CLIENT_CONFIRMATION_OK"
35,10825972835,10825972865,1,"IOTHUB_CLIENT_CONFIRMATION_OK"
36,10825973168,10825973197,1,"IOTHUB_CLIENT_CONFIRMATION_OK"
37,10825973501,10825973534,1,"IOTHUB_CLIENT_CONFIRMATION_OK"
38,10825973834,10825973863,1,"IOTHUB_CLIENT_CONFIRMATION_OK"
39,10825974168,10825974201,1,"IOTHUB_CLIENT_CONFIRMATION_OK"
40,10825974501,10825974533,1,"IOTHUB_CLIENT_CONFIRMATION_OK"
41,10825974834,10825974865,1,"IOTHUB_CLIENT_CONFIRMATION_OK"
42,10825975167,10825975210,1,"IOTHUB_CLIENT_CONFIRMATION_OK"
43,10825975500,10825975531,1,"IOTHUB_CLIENT_CONFIRMATION_OK"
44,10825975833,10825975867,1,"IOTHUB_CLIENT_CONFIRMATION_OK"
45,10825976167,10825976210,1,"IOTHUB_CLIENT_CONFIRMATION_OK"
46,10825976500,10825976534,1,"IOTHUB_CLIENT_CONFIRMATION_OK"
47,10825976833,10825976862,1,"IOTHUB_CLIENT_CONFIRMATION_OK"
48,10825977166,10825977196,1,"IOTHUB_CLIENT_CONFIRMATION_OK"
49,10825977499,10825977529,1,"IOTHUB_CLIENT_CONFIRMATION_OK"
50,10825977832,10825977875,1,"IOTHUB_CLIENT_CONFIRMATION_OK"
51,10825978166,10825978195,1,"IOTHUB_CLIENT_CONFIRMATION_OK"
52,10825978499,10825978528,1,"IOTHUB_CLIENT_CONFIRMATION_OK"
53,10825978832,10825978861,1,"IOTHUB_CLIENT_CONFIRMATION_OK"
54,10825979165,10825979199,1,"IOTHUB_CLIENT_CONFIRMATION_OK"
55,10825979498,10825979528,1,"IOTHUB_CLIENT_CONFIRMATION_OK"
56,10825979831,10825979861,1,"IOTHUB_CLIENT_CONFIRMATION_OK"
57,10825980165,10825980194,1,"IOTHUB_CLIENT_CONFIRMATION_OK"
58,10825980498,10825980529,1,"IOTHUB_CLIENT_CONFIRMATION_OK"
59,10825980831,10825980864,1,"IOTHUB_CLIENT_CONFIRMATION_OK"
60,10825981164,10825981194,1,"IOTHUB_CLIENT_CONFIRMATION_OK"
61,10825981497,10825981526,1,"IOTHUB_CLIENT_CONFIRMATION_OK"
62,10825981830,10825981861,1,"IOTHUB_CLIENT_CONFIRMATION_OK"
63,10825982164,10825982195,1,"IOTHUB_CLIENT_CONFIRMATION_OK"
64,10825982497,10825982527,1,"IOTHUB_CLIENT_CONFIRMATION_OK"
65,10825982830,10825982859,1,"IOTHUB_CLIENT_CONFIRMATION_OK"
66,10825983163,10825983193,1,"IOTHUB_CLIENT_CONFIRMATION_OK"
67,10825983496,10825983529,1,"IOTHUB_CLIENT_CONFIRMATION_OK"
68,10825983829,10825983859,1,"IOTHUB_CLIENT_CONFIRMATION_OK"
69,10825984163,10825984214,1,"IOTHUB_CLIENT_CONFIRMATION_OK"
70,10825984496,10825984525,1,"IOTHUB_CLIENT_CONFIRMATION_OK"
71,10825984829,10825984857,1,"IOTHUB_CLIENT_CONFIRMATION_OK"
72,10825985162,10825985191,1,"IOTHUB_CLIENT_CONFIRMATION_OK"
73,10825985495,10825985524,1,"IOTHUB_CLIENT_CONFIRMATION_OK"
74,10825985828,10825985959,1,"IOTHUB_CLIENT_CONFIRMATION_OK"
75,10825986162,10825986195,1,"IOTHUB_CLIENT_CONFIRMATION_OK"
76,10825986495,10825986537,1,"IOTHUB_CLIENT_CONFIRMATION_OK"
77,10825986828,10825986857,1,"IOTHUB_CLIENT_CONFIRMATION_OK"
78,10825987161,10825987192,1,"IOTHUB_CLIENT_CONFIRMATION_OK"
79,10825987494,10825987524,1,"IOTHUB_CLIENT_CONFIRMATION_OK"
80,10825987827,10825987856,1,"IOTHUB_CLIENT_CONFIRMATION_OK"
81,10825988161,10825988196,1,"IOTHUB_CLIENT_CONFIRMATION_OK"
82,10825988494,10825988523,1,"IOTHUB_CLIENT_CONFIRMATION_OK"
83,10825988827,10825988856,1,"IOTHUB_CLIENT_CONFIRMATION_OK"
84,10825989160,10825989189,1,"IOTHUB_CLIENT_CONFIRMATION_OK"
85,10825989493,10825989522,1,"IOTHUB_CLIENT_CONFIRMATION_OK"
86,10825989826,10825989861,1,"IOTHUB_CLIENT_CONFIRMATION_OK"
87,10825990160,10825990188,1,"IOTHUB_CLIENT_CONFIRMATION_OK"
88,10825990493,10825990523,1,"IOTHUB_CLIENT_CONFIRMATION_OK"
89,10825990826,10825990855,1,"IOTHUB_CLIENT_CONFIRMATION_OK"
90,10825991159,10825991189,1,"IOTHUB_CLIENT_CONFIRMATION_OK"
91,10825991492,10825991523,1,"IOTHUB_CLIENT_CONFIRMATION_OK"
92,10825991825,10825991855,1,"IOTHUB_CLIENT_CONFIRMATION_OK"
93,10825992158,10825992199,1,"IOTHUB_CLIENT_CONFIRMATION_OK"
94,10825992492,10825992529,1,"IOTHUB_CLIENT_CONFIRMATION_OK"
95,10825992825,10825992857,1,"IOTHUB_CLIENT_CONFIRMATION_OK"
96,10825993158,10825993187,1,"IOTHUB_CLIENT_CONFIRMATION_OK"
97,10825993491,10825993520,1,"IOTHUB_CLIENT_CONFIRMATION_OK"
98,10825993824,10825993857,1,"IOTHUB_CLIENT_CONFIRMATION_OK"
99,10825994157,10825994283,1,"IOTHUB_CLIENT_CONFIRMATION_OK"
100,10825994491,10825994542,1,"IOTHUB_CLIENT_CONFIRMATION_OK"
101,10825994824,10825994863,1,"IOTHUB_CLIENT_CONFIRMATION_OK"
102,10825995157,10825995186,1,"IOTHUB_CLIENT_CONFIRMATION_OK"
103,10825995490,10825995520,1,"IOTHUB_CLIENT_CONFIRMATION_OK"
104,10825995823,10825995853,1,"IOTHUB_CLIENT_CONFIRMATION_OK"
105,10825996156,10825996187,1,"IOTHUB_CLIENT_CONFIRMATION_OK"
106,10825996490,10825996517,1,"IOTHUB_CLIENT_CONFIRMATION_OK"
107,10825996823,10825996853,1,"IOTHUB_CLIENT_CONFIRMATION_OK"
108,10825997156,10825997185,1,"IOTHUB_CLIENT_CONFIRMATION_OK"
109,10825997489,10825997517,1,"IOTHUB_CLIENT_CONFIRMATION_OK"
110,10825997822,10825997852,1,"IOTHUB_CLIENT_CONFIRMATION_OK"
111,10825998155,10825998197,1,"IOTHUB_CLIENT_CONFIRMATION_OK"
112,10825998489,10825998518,1,"IOTHUB_CLIENT_CONFIRMATION_OK"
113,10825998822,10825998864,1,"IOTHUB_CLIENT_CONFIRMATION_OK"
114,10825999155,10825999184,1,"IOTHUB_CLIENT_CONFIRMATION_OK"
115,10825999488,10825999516,1,"IOTHUB_CLIENT_CONFIRMATION_OK"
116,10825999821,10825999850,1,"IOTHUB_CLIENT_CONFIRMATION_OK"
117,10826000154,10826000185,1,"IOTHUB_CLIENT_CONFIRMATION_OK"
118,10826000488,10826000531,1,"IOTHUB_CLIENT_CONFIRMATION_OK"
119,10826000821,10826000850,1,"IOTHUB_CLIENT_CONFIRMATION_OK"
120,10826001154,10826001183,1,"IOTHUB_CLIENT_CONFIRMATION_OK"
121,10826001487,10826001516,1,"IOTHUB_CLIENT_CONFIRMATION_OK"
122,10826001820,10826001851,1,"IOTHUB_CLIENT_CONFIRMATION_OK"
123,10826002153,10826002182,1,"IOTHUB_CLIENT_CONFIRMATION_OK"
124,10826002487,10826002575,1,"IOTHUB_CLIENT_CONFIRMATION_OK"
125,10826002820,10826002849,1,"IOTHUB_CLIENT_CONFIRMATION_OK"
126,10826003153,10826003192,1,"IOTHUB_CLIENT_CONFIRMATION_OK"
127,10826003486,10826003517,1,"IOTHUB_CLIENT_CONFIRMATION_OK"
128,10826003819,10826003854,1,"IOTHUB_CLIENT_CONFIRMATION_OK"
129,10826004152,10826004182,1,"IOTHUB_CLIENT_CONFIRMATION_OK"
130,10826004486,10826004519,1,"IOTHUB_CLIENT_CONFIRMATION_OK"
131,10826004819,10826004887,1,"IOTHUB_CLIENT_CONFIRMATION_OK"
132,10826005152,10826005181,1,"IOTHUB_CLIENT_CONFIRMATION_OK"
133,10826005485,10826005513,1,"IOTHUB_CLIENT_CONFIRMATION_OK"
134,10826005818,10826005852,1,"IOTHUB_CLIENT_CONFIRMATION_OK"
135,10826006151,10826006181,1,"IOTHUB_CLIENT_CONFIRMATION_OK"
136,10826006484,10826006647,1,"IOTHUB_CLIENT_CONFIRMATION_OK"
137,10826006818,10826007133,1,"IOTHUB_CLIENT_CONFIRMATION_OK"
138,10826007151,10826007279,1,"IOTHUB_CLIENT_CONFIRMATION_OK"
139,10826007484,10826007515,1,"IOTHUB_CLIENT_CONFIRMATION_OK"
140,10826007817,10826007848,1,"IOTHUB_CLIENT_CONFIRMATION_OK"
141,10826008150,10826008182,1,"IOTHUB_CLIENT_CONFIRMATION_OK"
142,10826008483,10826008514,1,"IOTHUB_CLIENT_CONFIRMATION_OK"
143,10826008817,10826008862,1,"IOTHUB_CLIENT_CONFIRMATION_OK"
144,10826009150,10826009178,1,"IOTHUB_CLIENT_CONFIRMATION_OK"
145,10826009483,10826009512,1,"IOTHUB_CLIENT_CONFIRMATION_OK"
146,10826009816,10826009845,1,"IOTHUB_CLIENT_CONFIRMATION_OK"
147,10826010149,10826010188,1,"IOTHUB_CLIENT_CONFIRMATION_OK"
148,10826010482,10826010512,1,"IOTHUB_CLIENT_CONFIRMATION_OK"
149,10826010816,10826010879,1,"IOTHUB_CLIENT_CONFIRMATION_OK"
150,10826011149,10826011177,1,"IOTHUB_CLIENT_CONFIRMATION_OK"
151,10826011482,10826011511,1,"IOTHUB_CLIENT_CONFIRMATION_OK"
152,10826011815,10826011845,1,"IOTHUB_CLIENT_CONFIRMATION_OK"
153,10826012148,10826012178,1,"IOTHUB_CLIENT_CONFIRMATION_OK"
154,10826012481,10826012512,1,"IOTHUB_CLIENT_CONFIRMATION_OK"
155,10826012815,10826012922,1,"IOTHUB_CLIENT_CONFIRMATION_OK"
156,10826013148,10826013177,1,"IOTHUB_CLIENT_CONFIRMATION_OK"
157,10826013481,10826013510,1,"IOTHUB_CLIENT_CONFIRMATION_OK"
158,10826013814,10826013844,1,"IOTHUB_CLIENT_CONFIRMATION_OK"
159,10826014147,10826014177,1,"IOTHUB_CLIENT_CONFIRMATION_OK"
160,10826014480,10826014509,1,"IOTHUB_CLIENT_CONFIRMATION_OK"
161,10826014814,10826014842,1,"IOTHUB_CLIENT_CONFIRMATION_OK"
162,10826015147,10826015177,1,"IOTHUB_CLIENT_CONFIRMATION_OK"
163,10826015480,10826015510,1,"IOTHUB_CLIENT_CONFIRMATION_OK"
164,10826015813,10826015843,1,"IOTHUB_CLIENT_CONFIRMATION_OK"
165,10826016146,10826016176,1,"IOTHUB_CLIENT_CONFIRMATION_OK"
166,10826016479,10826016508,1,"IOTHUB_CLIENT_CONFIRMATION_OK"
167,10826016813,10826016842,1,"IOTHUB_CLIENT_CONFIRMATION_OK"
168,10826017146,10826017179,1,"IOTHUB_CLIENT_CONFIRMATION_OK"
169,10826017479,10826017508,1,"IOTHUB_CLIENT_CONFIRMATION_OK"
170,10826017812,10826017842,1,"IOTHUB_CLIENT_CONFIRMATION_OK"
171,10826018145,10826018174,1,"IOTHUB_CLIENT_CONFIRMATION_OK"
172,10826018478,10826018506,1,"IOTHUB_CLIENT_CONFIRMATION_OK"
173,10826018811,10826018845,1,"IOTHUB_CLIENT_CONFIRMATION_OK"
174,10826019145,10826019228,1,"IOTHUB_CLIENT_CONFIRMATION_OK"
175,10826019478,10826019518,1,"IOTHUB_CLIENT_CONFIRMATION_OK"
176,10826019811,10826019840,1,"IOTHUB_CLIENT_CONFIRMATION_OK"
177,10826020144,10826020177,1,"IOTHUB_CLIENT_CONFIRMATION_OK"
178,10826020477,10826020508,1,"IOTHUB_CLIENT_CONFIRMATION_OK"
179,10826020810,10826020840,1,"IOTHUB_CLIENT_CONFIRMATION_OK"
180,10826021144,10826021188,1,"IOTHUB_CLIENT_CONFIRMATION_OK"
181,10826021477,10826021507,1,"IOTHUB_CLIENT_CONFIRMATION_OK"
182,10826021810,10826021850,1,"IOTHUB_CLIENT_CONFIRMATION_OK"
183,10826022143,10826022173,1,"IOTHUB_CLIENT_CONFIRMATION_OK"
184,10826022476,10826022509,1,"IOTHUB_CLIENT_CONFIRMATION_OK"
185,10826022809,10826022837,1,"IOTHUB_CLIENT_CONFIRMATION_OK"
186,10826023143,10826023182,1,"IOTHUB_CLIENT_CONFIRMATION_OK"
187,10826023476,10826023505,1,"IOTHUB_CLIENT_CONFIRMATION_OK"
188,10826023809,10826023839,1,"IOTHUB_CLIENT_CONFIRMATION_OK"
189,10826024142,10826024173,1,"IOTHUB_CLIENT_CONFIRMATION_OK"
190,10826024475,10826024503,1,"IOTHUB_CLIENT_CONFIRMATION_OK"
191,10826024808,10826024837,1,"IOTHUB_CLIENT_CONFIRMATION_OK"
192,10826025142,10826025171,1,"IOTHUB_CLIENT_CONFIRMATION_OK"
193,10826025475,10826025504,1,"IOTHUB_CLIENT_CONFIRMATION_OK"
194,10826025808,10826025837,1,"IOTHUB_CLIENT_CONFIRMATION_OK"
195,10826026141,10826026171,1,"IOTHUB_CLIENT_CONFIRMATION_OK"
196,10826026474,10826026503,1,"IOTHUB_CLIENT_CONFIRMATION_OK"
197,10826026807,10826026851,1,"IOTHUB_CLIENT_CONFIRMATION_OK"
198,10826027140,10826027169,1,"IOTHUB_CLIENT_CONFIRMATION_OK"
199,10826027474,10826027571,1,"IOTHUB_CLIENT_CONFIRMATION_OK"
200,10826027807,10826027836,1,"IOTHUB_CLIENT_CONFIRMATION_OK"
201,10826028140,10826028170,1,"IOTHUB_CLIENT_CONFIRMATION_OK"
202,10826028473,10826028503,1,"IOTHUB_CLIENT_CONFIRMATION_OK"
203,10826028806,10826028841,1,"IOTHUB_CLIENT_CONFIRMATION_OK"
204,10826029139,10826029177,1,"IOTHUB_CLIENT_CONFIRMATION_OK"
205,10826029473,10826029500,1,"IOTHUB_CLIENT_CONFIRMATION_OK"
206,10826029806,10826029835,1,"IOTHUB_CLIENT_CONFIRMATION_OK"
207,10826030139,10826030169,1,"IOTHUB_CLIENT_CONFIRMATION_OK"
208,10826030472,10826030501,1,"IOTHUB_CLIENT_CONFIRMATION_OK"
209,10826030805,10826030836,1,"IOTHUB_CLIENT_CONFIRMATION_OK"
210,10826031138,10826031167,1,"IOTHUB_CLIENT_CONFIRMATION_OK"
211,10826031472,10826031500,1,"IOTHUB_CLIENT_CONFIRMATION_OK"
212,10826031805,10826031834,1,"IOTHUB_CLIENT_CONFIRMATION_OK"
213,10826032138,10826032211,1,"IOTHUB_CLIENT_CONFIRMATION_OK"
214,10826032471,10826032500,1,"IOTHUB_CLIENT_CONFIRMATION_OK"
215,10826032804,10826032833,1,"IOTHUB_CLIENT_CONFIRMATION_OK"
216,10826033137,10826033188,1,"IOTHUB_CLIENT_CONFIRMATION_OK"
217,10826033471,10826033511,1,"IOTHUB_CLIENT_CONFIRMATION_OK"
218,10826033804,10826033833,1,"IOTHUB_CLIENT_CONFIRMATION_OK"
219,10826034137,10826034167,1,"IOTHUB_CLIENT_CONFIRMATION_OK"
220,10826034470,10826034498,1,"IOTHUB_CLIENT_CONFIRMATION_OK"
221,10826034803,10826034837,1,"IOTHUB_CLIENT_CONFIRMATION_OK"
222,10826035136,10826035200,1,"IOTHUB_CLIENT_CONFIRMATION_OK"
223,10826035470,10826035499,1,"IOTHUB_CLIENT_CONFIRMATION_OK"
224,10826035803,10826035833,1,"IOTHUB_CLIENT_CONFIRMATION_OK"
225,10826036136,10826036165,1,"IOTHUB_CLIENT_CONFIRMATION_OK"
226,10826036469,10826036498,1,"IOTHUB_CLIENT_CONFIRMATION_OK"
227,10826036802,10826036831,1,"IOTHUB_CLIENT_CONFIRMATION_OK"
228,10826037135,10826037164,1,"IOTHUB_CLIENT_CONFIRMATION_OK"
229,10826037468,10826037499,1,"IOTHUB_CLIENT_CONFIRMATION_OK"
230,10826037802,10826037831,1,"IOTHUB_CLIENT_CONFIRMATION_OK"
231,10826038135,10826038164,1,"IOTHUB_CLIENT_CONFIRMATION_OK"
232,10826038468,10826038499,1,"IOTHUB_CLIENT_CONFIRMATION_OK"
233,10826038801,10826038835,1,"IOTHUB_CLIENT_CONFIRMATION_OK"
234,10826039134,10826039166,1,"IOTHUB_CLIENT_CONFIRMATION_OK"
235,10826039467,10826039496,1,"IOTHUB_CLIENT_CONFIRMATION_OK"
236,10826039801,10826039833,1,"IOTHUB_CLIENT_CONFIRMATION_OK"
237,10826040134,10826040164,1,"IOTHUB_CLIENT_CONFIRMATION_OK"
238,10826040467,10826040498,1,"IOTHUB_CLIENT_CONFIRMATION_OK"
239,10826040800,10826040854,1,"IOTHUB_CLIENT_CONFIRMATION_OK"
240,10826041133,10826041167,1,"IOTHUB_CLIENT_CONFIRMATION_OK"
241,10826041466,10826041500,1,"IOTHUB_CLIENT_CONFIRMATION_OK"
242,10826041800,10826041829,1,"IOTHUB_CLIENT_CONFIRMATION_OK"
243,10826042133,10826042162,1,"IOTHUB_CLIENT_CONFIRMATION_OK"
244,10826042466,10826042495,1,"IOTHUB_CLIENT_CONFIRMATION_OK"
245,10826042799,10826042828,1,"IOTHUB_CLIENT_CONFIRMATION_OK"
246,10826043132,10826043162,1,"IOTHUB_CLIENT_CONFIRMATION_OK"
247,10826043465,10826043494,1,"IOTHUB_CLIENT_CONFIRMATION_OK"
248,10826043799,10826043828,1,"IOTHUB_CLIENT_CONFIRMATION_OK"
249,10826044132,10826044163,1,"IOTHUB_CLIENT_CONFIRMATION_OK"
250,10826044465,10826044496,1,"IOTHUB_CLIENT_CONFIRMATION_OK"
251,10826044798,10826044831,1,"IOTHUB_CLIENT_CONFIRMATION_OK"
252,10826045131,10826045169,1,"IOTHUB_CLIENT_CONFIRMATION_OK"
253,10826045464,10826045497,1,"IOTHUB_CLIENT_CONFIRMATION_OK"
254,10826045798,10826045828,1,"IOTHUB_CLIENT_CONFIRMATION_OK"
255,10826046131,10826046165,1,"IOTHUB_CLIENT_CONFIRMATION_OK"
256,10826046464,10826046493,1,"IOTHUB_CLIENT_CONFIRMATION_OK"
257,10826046797,10826046827,1,"IOTHUB_CLIENT_CONFIRMATION_OK"
258,10826047130,10826047159,1,"IOTHUB_CLIENT_CONFIRMATION_OK"
259,10826047463,10826047493,1,"IOTHUB_CLIENT_CONFIRMATION_OK"
260,10826047797,10826047825,1,"IOTHUB_CLIENT_CONFIRMATION_OK"
261,10826048130,10826048176,1,"IOTHUB_CLIENT_CONFIRMATION_OK"
262,10826048463,10826048492,1,"IOTHUB_CLIENT_CONFIRMATION_OK"
263,10826048796,10826048825,1,"IOTHUB_CLIENT_CONFIRMATION_OK"
264,10826049129,10826049161,1,"IOTHUB_CLIENT_CONFIRMATION_OK"
265,10826049462,10826049494,1,"IOTHUB_CLIENT_CONFIRMATION_OK"
266,10826049796,10826049834,1,"IOTHUB_CLIENT_CONFIRMATION_OK"
267,10826050129,10826050160,1,"IOTHUB_CLIENT_CONFIRMATION_OK"
268,10826050462,10826050491,1,"IOTHUB_CLIENT_CONFIRMATION_OK"
269,10826050795,10826050825,1,"IOTHUB_CLIENT_CONFIRMATION_OK"
270,10826051128,10826051158,1,"IOTHUB_CLIENT_CONFIRMATION_OK"
271,10826051461,10826051492,1,"IOTHUB_CLIENT_CONFIRMATION_OK"
272,10826051795,10826051824,1,"IOTHUB_CLIENT_CONFIRMATION_OK"
273,10826052128,10826052162,1,"IOTHUB_CLIENT_CONFIRMATION_OK"
274,10826052461,10826052491,1,"IOTHUB_CLIENT_CONFIRMATION_OK"
275,10826052794,10826052823,1,"IOTHUB_CLIENT_CONFIRMATION_OK"
276,10826053127,10826053156,1,"IOTHUB_CLIENT_CONFIRMATION_OK"
277,10826053460,10826053493,1,"IOTHUB_CLIENT_CONFIRMATION_OK"
278,10826053794,10826053823,1,"IOTHUB_CLIENT_CONFIRMATION_OK"
279,10826054127,10826054166,1,"IOTHUB_CLIENT_CONFIRMATION_OK"
280,10826054460,10826054488,1,"IOTHUB_CLIENT_CONFIRMATION_OK"
281,10826054793,10826054868,1,"IOTHUB_CLIENT_CONFIRMATION_OK"
282,10826055126,10826055155,1,"IOTHUB_CLIENT_CONFIRMATION_OK"
283,10826055459,10826055492,1,"IOTHUB_CLIENT_CONFIRMATION_OK"
284,10826055793,10826055823,1,"IOTHUB_CLIENT_CONFIRMATION_OK"
285,10826056126,10826056155,1,"IOTHUB_CLIENT_CONFIRMATION_OK"
286,10826056459,10826056488,1,"IOTHUB_CLIENT_CONFIRMATION_OK"
287,10826056792,10826056825,1,"IOTHUB_CLIENT_CONFIRMATION_OK"
288,10826057125,10826057157,1,"IOTHUB_CLIENT_CONFIRMATION_OK"
289,10826057458,10826057499,1,"IOTHUB_CLIENT_CONFIRMATION_OK"
290,10826057792,10826057821,1,"IOTHUB_CLIENT_CONFIRMATION_OK"
291,10826058125,10826058155,1,"IOTHUB_CLIENT_CONFIRMATION_OK"
292,10826058458,10826058488,1,"IOTHUB_CLIENT_CONFIRMATION_OK"
293,10826058791,10826058842,1,"IOTHUB_CLIENT_CONFIRMATION_OK"
294,10826059124,10826059153,1,"IOTHUB_CLIENT_CONFIRMATION_OK"
295,10826059457,10826059488,1,"IOTHUB_CLIENT_CONFIRMATION_OK"
296,10826059790,10826059826,1,"IOTHUB_CLIENT_CONFIRMATION_OK"
297,10826060124,10826060153,1,"IOTHUB_CLIENT_CONFIRMATION_OK"
298,10826060457,10826060489,1,"IOTHUB_CLIENT_CONFIRMATION_OK"
299,10826060790,10826060821,1,"IOTHUB_CLIENT_CONFIRMATION_OK"
300,10826061123,10826061155,1,"IOTHUB_CLIENT_CONFIRMATION_OK"
301,10826061456,10826061492,1,"IOTHUB_CLIENT_CONFIRMATION_OK"
302,10826061789,10826061838,1,"IOTHUB_CLIENT_CONFIRMATION_OK"
303,10826062123,10826062162,1,"IOTHUB_CLIENT_CONFIRMATION_OK"
304,10826062456,10826062485,1,"IOTHUB_CLIENT_CONFIRMATION_OK"
305,10826062789,10826062820,1,"IOTHUB_CLIENT_CONFIRMATION_OK"
306,10826063122,10826063151,1,"IOTHUB_CLIENT_CONFIRMATION_OK"
307,10826063455,10826063485,1,"IOTHUB_CLIENT_CONFIRMATION_OK"
308,10826063788,10826063818,1,"IOTHUB_CLIENT_CONFIRMATION_OK"
309,10826064122,10826064151,1,"IOTHUB_CLIENT_CONFIRMATION_OK"
310,10826064455,10826064484,1,"IOTHUB_CLIENT_CONFIRMATION_OK"
311,10826064788,10826064820,1,"IOTHUB_CLIENT_CONFIRMATION_OK"
312,10826065121,10826065150,1,"IOTHUB_CLIENT_CONFIRMATION_OK"
313,10826065454,10826065485,1,"IOTHUB_CLIENT_CONFIRMATION_OK"
314,10826065787,10826065824,1,"IOTHUB_CLIENT_CONFIRMATION_OK"
315,10826066120,10826066150,1,"IOTHUB_CLIENT_CONFIRMATION_OK"
316,10826066454,10826066483,1,"IOTHUB_CLIENT_CONFIRMATION_OK"
317,10826066787,10826066851,1,"IOTHUB_CLIENT_CONFIRMATION_OK"
318,10826067120,10826067149,1,"IOTHUB_CLIENT_CONFIRMATION_OK"
319,10826067453,10826067484,1,"IOTHUB_CLIENT_CONFIRMATION_OK"
320,10826067786,10826067818,1,"IOTHUB_CLIENT_CONFIRMATION_OK"
321,10826068119,10826068150,1,"IOTHUB_CLIENT_CONFIRMATION_OK"
322,10826068453,10826068482,1,"IOTHUB_CLIENT_CONFIRMATION_OK"
323,10826068786,10826068815,1,"IOTHUB_CLIENT_CONFIRMATION_OK"
324,10826069119,10826069147,1,"IOTHUB_CLIENT_CONFIRMATION_OK"
325,10826069452,10826069550,1,"IOTHUB_CLIENT_CONFIRMATION_OK"
326,10826069785,10826069826,1,"IOTHUB_CLIENT_CONFIRMATION_OK"
327,10826070118,10826070151,1,"IOTHUB_CLIENT_CONFIRMATION_OK"
328,10826070452,10826070481,1,"IOTHUB_CLIENT_CONFIRMATION_OK"
329,10826070785,10826070814,1,"IOTHUB_CLIENT_CONFIRMATION_OK"
330,10826071118,10826071147,1,"IOTHUB_CLIENT_CONFIRMATION_OK"
331,10826071451,10826071484,1,"IOTHUB_CLIENT_CONFIRMATION_OK"
332,10826071784,10826071830,1,"IOTHUB_CLIENT_CONFIRMATION_OK"
333,10826072117,10826072151,1,"IOTHUB_CLIENT_CONFIRMATION_OK"
334,10826072451,10826072479,1,"IOTHUB_CLIENT_CONFIRMATION_OK"
335,10826072784,10826072813,1,"IOTHUB_CLIENT_CONFIRMATION_OK"
336,10826073117,10826073240,1,"IOTHUB_CLIENT_CONFIRMATION_OK"
337,10826073450,10826073495,1,"IOTHUB_CLIENT_CONFIRMATION_OK"
338,10826073783,10826073813,1,"IOTHUB_CLIENT_CONFIRMATION_OK"
339,10826074116,10826074149,1,"IOTHUB_CLIENT_CONFIRMATION_OK"
340,10826074450,10826074494,1,"IOTHUB_CLIENT_CONFIRMATION_OK"
341,10826074783,10826074813,1,"IOTHUB_CLIENT_CONFIRMATION_OK"
342,10826075116,10826075155,1,"IOTHUB_CLIENT_CONFIRMATION_OK"
343,10826075449,10826075479,1,"IOTHUB_CLIENT_CONFIRMATION_OK"
344,10826075782,10826075811,1,"IOTHUB_CLIENT_CONFIRMATION_OK"
345,10826076115,10826076156,1,"IOTHUB_CLIENT_CONFIRMATION_OK"
346,10826076449,10826076477,1,"IOTHUB_CLIENT_CONFIRMATION_OK"
347,10826076782,10826076810,1,"IOTHUB_CLIENT_CONFIRMATION_OK"
348,10826077115,10826077143,1,"IOTHUB_CLIENT_CONFIRMATION_OK"
349,10826077448,10826077478,1,"IOTHUB_CLIENT_CONFIRMATION_OK"
350,10826077781,10826077813,1,"IOTHUB_CLIENT_CONFIRMATION_OK"
351,10826078114,10826078144,1,"IOTHUB_CLIENT_CONFIRMATION_OK"
352,10826078447,10826078477,1,"IOTHUB_CLIENT_CONFIRMATION_OK"
353,10826078781,10826078815,1,"IOTHUB_CLIENT_CONFIRMATION_OK"
354,10826079114,10826079145,1,"IOTHUB_CLIENT_CONFIRMATION_OK"
355,10826079447,10826079476,1,"IOTHUB_CLIENT_CONFIRMATION_OK"
356,10826079780,10826079811,1,"IOTHUB_CLIENT_CONFIRMATION_OK"
357,10826080113,10826080143,1,"IOTHUB_CLIENT_CONFIRMATION_OK"
358,10826080446,10826080480,1,"IOTHUB_CLIENT_CONFIRMATION_OK"
359,10826080780,10826080827,1,"IOTHUB_CLIENT_CONFIRMATION_OK"
360,10826081113,10826081142,1,"IOTHUB_CLIENT_CONFIRMATION_OK"
361,10826081446,10826081475,1,"IOTHUB_CLIENT_CONFIRMATION_OK"
362,10826081779,10826081817,1,"IOTHUB_CLIENT_CONFIRMATION_OK"
363,10826082112,10826082143,1,"IOTHUB_CLIENT_CONFIRMATION_OK"
364,10826082445,10826082480,1,"IOTHUB_CLIENT_CONFIRMATION_OK"
365,10826082779,10826082806,1,"IOTHUB_CLIENT_CONFIRMATION_OK"
366,10826083112,10826083145,1,"IOTHUB_CLIENT_CONFIRMATION_OK"
367,10826083445,10826083475,1,"IOTHUB_CLIENT_CONFIRMATION_OK"
368,10826083778,10826083812,1,"IOTHUB_CLIENT_CONFIRMATION_OK"
369,10826084111,10826084140,1,"IOTHUB_CLIENT_CONFIRMATION_OK"
370,10826084444,10826084477,1,"IOTHUB_CLIENT_CONFIRMATION_OK"
371,10826084778,10826084807,1,"IOTHUB_CLIENT_CONFIRMATION_OK"
372,10826085111,10826085141,1,"IOTHUB_CLIENT_CONFIRMATION_OK"
373,10826085444,10826085473,1,"IOTHUB_CLIENT_CONFIRMATION_OK"
374,10826085777,10826085808,1,"IOTHUB_CLIENT_CONFIRMATION_OK"
375,10826086110,10826086139,1,"IOTHUB_CLIENT_CONFIRMATION_OK"
376,10826086443,10826086473,1,"IOTHUB_CLIENT_CONFIRMATION_OK"
377,10826086776,10826086814,1,"IOTHUB_CLIENT_CONFIRMATION_OK"
378,10826087110,10826087140,1,"IOTHUB_CLIENT_CONFIRMATION_OK"
379,10826087443,10826087472,1,"IOTHUB_CLIENT_CONFIRMATION_OK"
380,10826087776,10826087805,1,"IOTHUB_CLIENT_CONFIRMATION_OK"
381,10826088109,10826088138,1,"IOTHUB_CLIENT_CONFIRMATION_OK"
382,10826088442,10826088517,1,"IOTHUB_CLIENT_CONFIRMATION_OK"
383,10826088775,10826088804,1,"IOTHUB_CLIENT_CONFIRMATION_OK"
384,10826089108,10826089141,1,"IOTHUB_CLIENT_CONFIRMATION_OK"
385,10826089442,10826089492,1,"IOTHUB_CLIENT_CONFIRMATION_OK"
386,10826089775,10826089809,1,"IOTHUB_CLIENT_CONFIRMATION_OK"
387,10826090108,10826090137,1,"IOTHUB_CLIENT_CONFIRMATION_OK"
388,10826090441,10826090480,1,"IOTHUB_CLIENT_CONFIRMATION_OK"
389,10826090774,10826090803,1,"IOTHUB_CLIENT_CONFIRMATION_OK"
390,10826091107,10826091139,1,"IOTHUB_CLIENT_CONFIRMATION_OK"
391,10826091441,10826091470,1,"IOTHUB_CLIENT_CONFIRMATION_OK"
392,10826091774,10826091805,1,"IOTHUB_CLIENT_CONFIRMATION_OK"
393,10826092107,10826092136,1,"IOTHUB_CLIENT_CONFIRMATION_OK"
394,10826092440,10826092481,1,"IOTHUB_CLIENT_CONFIRMATION_OK"
395,10826092773,10826092803,1,"IOTHUB_CLIENT_CONFIRMATION_OK"
396,10826093106,10826093137,1,"IOTHUB_CLIENT_CONFIRMATION_OK"
397,10826093440,10826093468,1,"IOTHUB_CLIENT_CONFIRMATION_OK"
398,10826093773,10826093819,1,"IOTHUB_CLIENT_CONFIRMATION_OK"
399,10826094106,10826094145,1,"IOTHUB_CLIENT_CONFIRMATION_OK"
400,10826094439,10826094468,1,"IOTHUB_CLIENT_CONFIRMATION_OK"
401,10826094772,10826094802,1,"IOTHUB_CLIENT_CONFIRMATION_OK"
402,10826095105,10826095135,1,"IOTHUB_CLIENT_CONFIRMATION_OK"
403,10826095439,10826095469,1,"IOTHUB_CLIENT_CONFIRMATION_OK"
404,10826095772,10826095801,1,"IOTHUB_CLIENT_CONFIRMATION_OK"
405,10826096105,10826096134,1,"IOTHUB_CLIENT_CONFIRMATION_OK"
406,10826096438,10826096468,1,"IOTHUB_CLIENT_CONFIRMATION_OK"
407,10826096771,10826096802,1,"IOTHUB_CLIENT_CONFIRMATION_OK"
408,10826097104,10826097134,1,"IOTHUB_CLIENT_CONFIRMATION_OK"
409,10826097438,10826097471,1,"IOTHUB_CLIENT_CONFIRMATION_OK"
410,10826097771,10826097803,1,"IOTHUB_CLIENT_CONFIRMATION_OK"
411,10826098104,10826098134,1,"IOTHUB_CLIENT_CONFIRMATION_OK"
412,10826098437,10826098465,1,"IOTHUB_CLIENT_CONFIRMATION_OK"
413,10826098770,10826098800,1,"IOTHUB_CLIENT_CONFIRMATION_OK"
414,10826099103,10826099133,1,"IOTHUB_CLIENT_CONFIRMATION_OK"
415,10826099436,10826099465,1,"IOTHUB_CLIENT_CONFIRMATION_OK"
416,10826099770,10826099802,1,"IOTHUB_CLIENT_CONFIRMATION_OK"
417,10826100103,10826100156,1,"IOTHUB_CLIENT_CONFIRMATION_OK"
418,10826100436,10826100475,1,"IOTHUB_CLIENT_CONFIRMATION_OK"
419,10826100769,10826100798,1,"IOTHUB_CLIENT_CONFIRMATION_OK"
420,10826101102,10826101130,1,"IOTHUB_CLIENT_CONFIRMATION_OK"
421,10826101435,10826101480,1,"IOTHUB_CLIENT_CONFIRMATION_OK"
422,10826101769,10826101797,1,"IOTHUB_CLIENT_CONFIRMATION_OK"
423,10826102102,10826102131,1,"IOTHUB_CLIENT_CONFIRMATION_OK"
424,10826102435,10826102464,1,"IOTHUB_CLIENT_CONFIRMATION_OK"
425,10826102768,10826102797,1,"IOTHUB_CLIENT_CONFIRMATION_OK"
426,10826103101,10826103153,1,"IOTHUB_CLIENT_CONFIRMATION_OK"
427,10826103434,10826103472,1,"IOTHUB_CLIENT_CONFIRMATION_OK"
428,10826103768,10826103796,1,"IOTHUB_CLIENT_CONFIRMATION_OK"
429,10826104101,10826104130,1,"IOTHUB_CLIENT_CONFIRMATION_OK"
430,10826104434,10826104463,1,"IOTHUB_CLIENT_CONFIRMATION_OK"
431,10826104767,10826104797,1,"IOTHUB_CLIENT_CONFIRMATION_OK"
432,10826105100,10826105134,1,"IOTHUB_CLIENT_CONFIRMATION_OK"
433,10826105433,10826105462,1,"IOTHUB_CLIENT_CONFIRMATION_OK"
434,10826105767,10826105798,1,"IOTHUB_CLIENT_CONFIRMATION_OK"
435,10826106100,10826106129,1,"IOTHUB_CLIENT_CONFIRMATION_OK"
436,10826106433,10826106463,1,"IOTHUB_CLIENT_CONFIRMATION_OK"
437,10826106766,10826106795,1,"IOTHUB_CLIENT_CONFIRMATION_OK"
438,10826107099,10826107131,1,"IOTHUB_CLIENT_CONFIRMATION_OK"
439,10826107432,10826107468,1,"IOTHUB_CLIENT_CONFIRMATION_OK"
440,10826107765,10826107795,1,"IOTHUB_CLIENT_CONFIRMATION_OK"
441,10826108099,10826108129,1,"IOTHUB_CLIENT_CONFIRMATION_OK"
442,10826108432,10826108461,1,"IOTHUB_CLIENT_CONFIRMATION_OK"
443,10826108765,10826108795,1,"IOTHUB_CLIENT_CONFIRMATION_OK"
444,10826109098,10826109128,1,"IOTHUB_CLIENT_CONFIRMATION_OK"
445,10826109431,10826109462,1,"IOTHUB_CLIENT_CONFIRMATION_OK"
446,10826109765,10826109810,1,"IOTHUB_CLIENT_CONFIRMATION_OK"
447,10826110098,10826110126,1,"IOTHUB_CLIENT_CONFIRMATION_OK"
448,10826110431,10826110468,1,"IOTHUB_CLIENT_CONFIRMATION_OK"
449,10826110764,10826110803,1,"IOTHUB_CLIENT_CONFIRMATION_OK"
450,10826111097,10826111134,1,"IOTHUB_CLIENT_CONFIRMATION_OK"
451,10826111430,10826111459,1,"IOTHUB_CLIENT_CONFIRMATION_OK"
452,10826111764,10826111793,1,"IOTHUB_CLIENT_CONFIRMATION_OK"
453,10826112097,10826112126,1,"IOTHUB_CLIENT_CONFIRMATION_OK"
454,10826112430,10826112490,1,"IOTHUB_CLIENT_CONFIRMATION_OK"
455,10826112763,10826112794,1,"IOTHUB_CLIENT_CONFIRMATION_OK"
456,10826113096,10826113127,1,"IOTHUB_CLIENT_CONFIRMATION_OK"
457,10826113429,10826113459,1,"IOTHUB_CLIENT_CONFIRMATION_OK"
458,10826113762,10826113791,1,"IOTHUB_CLIENT_CONFIRMATION_OK"
459,10826114096,10826114125,1,"IOTHUB_CLIENT_CONFIRMATION_OK"
460,10826114429,10826114459,1,"IOTHUB_CLIENT_CONFIRMATION_OK"
461,10826114762,10826114791,1,"IOTHUB_CLIENT_CONFIRMATION_OK"
462,10826115095,10826115123,1,"IOTHUB_CLIENT_CONFIRMATION_OK"
463,10826115428,10826115467,1,"IOTHUB_CLIENT_CONFIRMATION_OK"
464,10826115762,10826115793,1,"IOTHUB_CLIENT_CONFIRMATION_OK"
465,10826116095,10826116124,1,"IOTHUB_CLIENT_CONFIRMATION_OK"
466,10826116428,10826116460,1,"IOTHUB_CLIENT_CONFIRMATION_OK"
467,10826116761,10826116810,1,"IOTHUB_CLIENT_CONFIRMATION_OK"
468,10826117094,10826117126,1,"IOTHUB_CLIENT_CONFIRMATION_OK"
469,10826117427,10826117457,1,"IOTHUB_CLIENT_CONFIRMATION_OK"
470,10826117760,10826117791,1,"IOTHUB_CLIENT_CONFIRMATION_OK"
471,10826118094,10826118122,1,"IOTHUB_CLIENT_CONFIRMATION_OK"
472,10826118427,10826118461,1,"IOTHUB_CLIENT_CONFIRMATION_OK"
473,10826118760,10826118801,1,"IOTHUB_CLIENT_CONFIRMATION_OK"
474,10826119093,10826119123,1,"IOTHUB_CLIENT_CONFIRMATION_OK"
475,10826119426,10826119458,1,"IOTHUB_CLIENT_CONFIRMATION_OK"
476,10826119759,10826120129,1,"IOTHUB_CLIENT_CONFIRMATION_OK"
477,10826120093,10826120543,1,"IOTHUB_CLIENT_CONFIRMATION_OK"
478,10826120426,10826120553,1,"IOTHUB_CLIENT_CONFIRMATION_OK"
479,10826120759,10826120788,1,"IOTHUB_CLIENT_CONFIRMATION_OK"
480,10826121092,10826121122,1,"IOTHUB_CLIENT_CONFIRMATION_OK"
481,10826121425,10826121455,1,"IOTHUB_CLIENT_CONFIRMATION_OK"
482,10826121759,10826121789,1,"IOTHUB_CLIENT_CONFIRMATION_OK"
483,10826122092,10826122123,1,"IOTHUB_CLIENT_CONFIRMATION_OK"
484,10826122425,10826122453,1,"IOTHUB_CLIENT_CONFIRMATION_OK"
485,10826122758,10826122808,1,"IOTHUB_CLIENT_CONFIRMATION_OK"
486,10826123091,10826123121,1,"IOTHUB_CLIENT_CONFIRMATION_OK"
487,10826123424,10826123456,1,"IOTHUB_CLIENT_CONFIRMATION_OK"
488,10826123757,10826123787,1,"IOTHUB_CLIENT_CONFIRMATION_OK"
489,10826124091,10826124129,1,"IOTHUB_CLIENT_CONFIRMATION_OK"
490,10826124424,10826124455,1,"IOTHUB_CLIENT_CONFIRMATION_OK"
491,10826124757,10826124787,1,"IOTHUB_CLIENT_CONFIRMATION_OK"
492,10826125090,10826125125,1,"IOTHUB_CLIENT_CONFIRMATION_OK"
493,10826125423,10826125468,1,"IOTHUB_CLIENT_CONFIRMATION_OK"
494,10826125756,10826125794,1,"IOTHUB_CLIENT_CONFIRMATION_OK"
495,10826126090,10826126119,1,"IOTHUB_CLIENT_CONFIRMATION_OK"
496,10826126423,10826126451,1,"IOTHUB_CLIENT_CONFIRMATION_OK"
497,10826126756,10826126785,1,"IOTHUB_CLIENT_CONFIRMATION_OK"
498,10826127089,10826127126,1,"IOTHUB_CLIENT_CONFIRMATION_OK"
499,10826127422,10826127455,1,"IOTHUB_CLIENT_CONFIRMATION_OK"
500,10826127755,10826127785,1,"IOTHUB_CLIENT_CONFIRMATION_OK"
501,10826128089,10826128118,1,"IOTHUB_CLIENT_CONFIRMATION_OK"
502,10826128422,10826128456,1,"IOTHUB_CLIENT_CONFIRMATION_OK"
503,10826128755,10826128806,1,"IOTHUB_CLIENT_CONFIRMATION_OK"
504,10826129088,10826129120,1,"IOTHUB_CLIENT_CONFIRMATION_OK"
505,10826129421,10826129451,1,"IOTHUB_CLIENT_CONFIRMATION_OK"
506,10826129754,10826129783,1,"IOTHUB_CLIENT_CONFIRMATION_OK"
507,10826130088,10826130122,1,"IOTHUB_CLIENT_CONFIRMATION_OK"
508,10826130421,10826130452,1,"IOTHUB_CLIENT_CONFIRMATION_OK"
509,10826130754,10826130880,1,"IOTHUB_CLIENT_CONFIRMATION_OK"
510,10826131087,10826131116,1,"IOTHUB_CLIENT_CONFIRMATION_OK"
511,10826131420,10826131450,1,"IOTHUB_CLIENT_CONFIRMATION_OK"
512,10826131753,10826131783,1,"IOTHUB_CLIENT_CONFIRMATION_OK"
513,10826132087,10826132117,1,"IOTHUB_CLIENT_CONFIRMATION_OK"
514,10826132420,10826132448,1,"IOTHUB_CLIENT_CONFIRMATION_OK"
515,10826132753,10826132783,1,"IOTHUB_CLIENT_CONFIRMATION_OK"
516,10826133086,10826133125,1,"IOTHUB_CLIENT_CONFIRMATION_OK"
517,10826133419,10826133449,1,"IOTHUB_CLIENT_CONFIRMATION_OK"
518,10826133752,10826133782,1,"IOTHUB_CLIENT_CONFIRMATION_OK"
519,10826134086,10826134117,1,"IOTHUB_CLIENT_CONFIRMATION_OK"
520,10826134419,10826134452,1,"IOTHUB_CLIENT_CONFIRMATION_OK"
521,10826134752,10826134781,1,"IOTHUB_CLIENT_CONFIRMATION_OK"
522,10826135085,10826135118,1,"IOTHUB_CLIENT_CONFIRMATION_OK"
523,10826135418,10826135447,1,"IOTHUB_CLIENT_CONFIRMATION_OK"
524,10826135752,10826135791,1,"IOTHUB_CLIENT_CONFIRMATION_OK"
525,10826136085,10826136114,1,"IOTHUB_CLIENT_CONFIRMATION_OK"
526,10826136418,10826136450,1,"IOTHUB_CLIENT_CONFIRMATION_OK"
527,10826136751,10826136781,1,"IOTHUB_CLIENT_CONFIRMATION_OK"
528,10826137084,10826137113,1,"IOTHUB_CLIENT_CONFIRMATION_OK"
529,10826137417,10826137447,1,"IOTHUB_CLIENT_CONFIRMATION_OK"
530,10826137750,10826137780,1,"IOTHUB_CLIENT_CONFIRMATION_OK"
531,10826138084,10826138121,1,"IOTHUB_CLIENT_CONFIRMATION_OK"
532,10826138417,10826138446,1,"IOTHUB_CLIENT_CONFIRMATION_OK"
533,10826138750,10826138780,1,"IOTHUB_CLIENT_CONFIRMATION_OK"
534,10826139083,10826139114,1,"IOTHUB_CLIENT_CONFIRMATION_OK"
535,10826139416,10826139446,1,"IOTHUB_CLIENT_CONFIRMATION_OK"
536,10826139749,10826139779,1,"IOTHUB_CLIENT_CONFIRMATION_OK"
537,10826140083,10826140113,1,"IOTHUB_CLIENT_CONFIRMATION_OK"
538,10826140416,10826140444,1,"IOTHUB_CLIENT_CONFIRMATION_OK"
539,10826140749,10826140779,1,"IOTHUB_CLIENT_CONFIRMATION_OK"
540,10826141082,10826141112,1,"IOTHUB_CLIENT_CONFIRMATION_OK"
541,10826141415,10826141445,1,"IOTHUB_CLIENT_CONFIRMATION_OK"
542,10826141748,10826141778,1,"IOTHUB_CLIENT_CONFIRMATION_OK"
543,10826142082,10826142113,1,"IOTHUB_CLIENT_CONFIRMATION_OK"
544,10826142415,10826142445,1,"IOTHUB_CLIENT_CONFIRMATION_OK"
545,10826142748,10826142777,1,"IOTHUB_CLIENT_CONFIRMATION_OK"
546,10826143081,10826143114,1,"IOTHUB_CLIENT_CONFIRMATION_OK"
547,10826143414,10826143444,1,"IOTHUB_CLIENT_CONFIRMATION_OK"
548,10826143747,10826143777,1,"IOTHUB_CLIENT_CONFIRMATION_OK"
549,10826144081,10826144113,1,"IOTHUB_CLIENT_CONFIRMATION_OK"
550,10826144414,10826144444,1,"IOTHUB_CLIENT_CONFIRMATION_OK"
551,10826144747,10826144780,1,"IOTHUB_CLIENT_CONFIRMATION_OK"
552,10826145080,10826145115,1,"IOTHUB_CLIENT_CONFIRMATION_OK"
553,10826145413,10826145460,1,"IOTHUB_CLIENT_CONFIRMATION_OK"
554,10826145746,10826145776,1,"IOTHUB_CLIENT_CONFIRMATION_OK"
555,10826146080,10826146109,1,"IOTHUB_CLIENT_CONFIRMATION_OK"
556,10826146413,10826146466,1,"IOTHUB_CLIENT_CONFIRMATION_OK"
557,10826146746,10826146776,1,"IOTHUB_CLIENT_CONFIRMATION_OK"
558,10826147079,10826147112,1,"IOTHUB_CLIENT_CONFIRMATION_OK"
559,10826147412,10826147442,1,"IOTHUB_CLIENT_CONFIRMATION_OK"
560,10826147745,10826147775,1,"IOTHUB_CLIENT_CONFIRMATION_OK"
561,10826148079,10826148109,1,"IOTHUB_CLIENT_CONFIRMATION_OK"
562,10826148412,10826148440,1,"IOTHUB_CLIENT_CONFIRMATION_OK"
563,10826148745,10826148776,1,"IOTHUB_CLIENT_CONFIRMATION_OK"
564,10826149078,10826149107,1,"IOTHUB_CLIENT_CONFIRMATION_OK"
565,10826149411,10826149445,1,"IOTHUB_CLIENT_CONFIRMATION_OK"
566,10826149744,10826149850,1,"IOTHUB_CLIENT_CONFIRMATION_OK"
567,10826150078,10826150106,1,"IOTHUB_CLIENT_CONFIRMATION_OK"
568,10826150411,10826150439,1,"IOTHUB_CLIENT_CONFIRMATION_OK"
569,10826150744,10826150773,1,"IOTHUB_CLIENT_CONFIRMATION_OK"
570,10826151077,10826151106,1,"IOTHUB_CLIENT_CONFIRMATION_OK"
571,10826151410,10826151439,1,"IOTHUB_CLIENT_CONFIRMATION_OK"
572,10826151743,10826151811,1,"IOTHUB_CLIENT_CONFIRMATION_OK"
573,10826152077,10826152108,1,"IOTHUB_CLIENT_CONFIRMATION_OK"
574,10826152410,10826152438,1,"IOTHUB_CLIENT_CONFIRMATION_OK"
575,10826152743,10826152774,1,"IOTHUB_CLIENT_CONFIRMATION_OK"
576,10826153076,10826153107,1,"IOTHUB_CLIENT_CONFIRMATION_OK"
577,10826153409,10826153443,1,"IOTHUB_CLIENT_CONFIRMATION_OK"
578,10826153742,10826153771,1,"IOTHUB_CLIENT_CONFIRMATION_OK"
579,10826154076,10826154105,1,"IOTHUB_CLIENT_CONFIRMATION_OK"
580,10826154409,10826154440,1,"IOTHUB_CLIENT_CONFIRMATION_OK"
581,10826154742,10826154771,1,"IOTHUB_CLIENT_CONFIRMATION_OK"
582,10826155075,10826155126,1,"IOTHUB_CLIENT_CONFIRMATION_OK"
583,10826155408,10826155457,1,"IOTHUB_CLIENT_CONFIRMATION_OK"
584,10826155741,10826155772,1,"IOTHUB_CLIENT_CONFIRMATION_OK"
585,10826156075,10826156110,1,"IOTHUB_CLIENT_CONFIRMATION_OK"
586,10826156408,10826156438,1,"IOTHUB_CLIENT_CONFIRMATION_OK"
587,10826156741,10826156771,1,"IOTHUB_CLIENT_CONFIRMATION_OK"
588,10826157074,10826157108,1,"IOTHUB_CLIENT_CONFIRMATION_OK"
589,10826157407,10826157442,1,"IOTHUB_CLIENT_CONFIRMATION_OK"
590,10826157740,10826157770,1,"IOTHUB_CLIENT_CONFIRMATION_OK"
591,10826158074,10826158133,1,"IOTHUB_CLIENT_CONFIRMATION_OK"
592,10826158407,10826158436,1,"IOTHUB_CLIENT_CONFIRMATION_OK"
593,10826158740,10826158779,1,"IOTHUB_CLIENT_CONFIRMATION_OK"
594,10826159073,10826159102,1,"IOTHUB_CLIENT_CONFIRMATION_OK"
595,10826159406,10826159435,1,"IOTHUB_CLIENT_CONFIRMATION_OK"
596,10826159739,10826159769,1,"IOTHUB_CLIENT_CONFIRMATION_OK"
597,10826160073,10826160102,1,"IOTHUB_CLIENT_CONFIRMATION_OK"
598,10826160406,10826160442,1,"IOTHUB_CLIENT_CONFIRMATION_OK"
599,10826160739,10826160781,1,"IOTHUB_CLIENT_CONFIRMATION_OK"
600,10826161072,10826161101,1,"IOTHUB_CLIENT_CONFIRMATION_OK"
601,10826161405,10826161434,1,"IOTHUB_CLIENT_CONFIRMATION_OK"
602,10826161738,10826161767,1,"IOTHUB_CLIENT_CONFIRMATION_OK"
603,10826162072,10826162118,1,"IOTHUB_CLIENT_CONFIRMATION_OK"
604,10826162405,10826162437,1,"IOTHUB_CLIENT_CONFIRMATION_OK"
605,10826162738,10826162771,1,"IOTHUB_CLIENT_CONFIRMATION_OK"
606,10826163071,10826163105,1,"IOTHUB_CLIENT_CONFIRMATION_OK"
607,10826163404,10826163474,1,"IOTHUB_CLIENT_CONFIRMATION_OK"
608,10826163737,10826163769,1,"IOTHUB_CLIENT_CONFIRMATION_OK"
609,10826164071,10826164114,1,"IOTHUB_CLIENT_CONFIRMATION_OK"
610,10826164404,10826164437,1,"IOTHUB_CLIENT_CONFIRMATION_OK"
611,10826164737,10826164790,1,"IOTHUB_CLIENT_CONFIRMATION_OK"
612,10826165070,10826165134,1,"IOTHUB_CLIENT_CONFIRMATION_OK"
613,10826165403,10826165433,1,"IOTHUB_CLIENT_CONFIRMATION_OK"
614,10826165736,10826165765,1,"IOTHUB_CLIENT_CONFIRMATION_OK"
615,10826166070,10826166098,1,"IOTHUB_CLIENT_CONFIRMATION_OK"
616,10826166403,10826166434,1,"IOTHUB_CLIENT_CONFIRMATION_OK"
617,10826166736,10826166771,1,"IOTHUB_CLIENT_CONFIRMATION_OK"
618,10826167069,10826167100,1,"IOTHUB_CLIENT_CONFIRMATION_OK"
619,10826167402,10826167439,1,"IOTHUB_CLIENT_CONFIRMATION_OK"
620,10826167735,10826167764,1,"IOTHUB_CLIENT_CONFIRMATION_OK"
621,10826168069,10826168097,1,"IOTHUB_CLIENT_CONFIRMATION_OK"
622,10826168402,10826168437,1,"IOTHUB_CLIENT_CONFIRMATION_OK"
623,10826168735,10826168773,1,"IOTHUB_CLIENT_CONFIRMATION_OK"
624,10826169068,10826169099,1,"IOTHUB_CLIENT_CONFIRMATION_OK"
625,10826169401,10826169463,1,"IOTHUB_CLIENT_CONFIRMATION_OK"
626,10826169734,10826169764,1,"IOTHUB_CLIENT_CONFIRMATION_OK"
627,10826170068,10826170098,1,"IOTHUB_CLIENT_CONFIRMATION_OK"
628,10826170401,10826170430,1,"IOTHUB_CLIENT_CONFIRMATION_OK"
629,10826170734,10826170775,1,"IOTHUB_CLIENT_CONFIRMATION_OK"
630,10826171067,10826171096,1,"IOTHUB_CLIENT_CONFIRMATION_OK"
631,10826171400,10826171429,1,"IOTHUB_CLIENT_CONFIRMATION_OK"
632,10826171733,10826171771,1,"IOTHUB_CLIENT_CONFIRMATION_OK"
633,10826172066,10826172096,1,"IOTHUB_CLIENT_CONFIRMATION_OK"
634,10826172400,10826172430,1,"IOTHUB_CLIENT_CONFIRMATION_OK"
635,10826172733,10826172762,1,"IOTHUB_CLIENT_CONFIRMATION_OK"
636,10826173066,10826173097,1,"IOTHUB_CLIENT_CONFIRMATION_OK"
637,10826173399,10826173429,1,"IOTHUB_CLIENT_CONFIRMATION_OK"
638,10826173732,10826173773,1,"IOTHUB_CLIENT_CONFIRMATION_OK"
639,10826174065,10826174095,1,"IOTHUB_CLIENT_CONFIRMATION_OK"
640,10826174399,10826174442,1,"IOTHUB_CLIENT_CONFIRMATION_OK"
641,10826174732,10826174761,1,"IOTHUB_CLIENT_CONFIRMATION_OK"
642,10826175065,10826175100,1,"IOTHUB_CLIENT_CONFIRMATION_OK"
643,10826175398,10826175427,1,"IOTHUB_CLIENT_CONFIRMATION_OK"
644,10826175731,10826175764,1,"IOTHUB_CLIENT_CONFIRMATION_OK"
645,10826176064,10826176093,1,"IOTHUB_CLIENT_CONFIRMATION_OK"
646,10826176398,10826176427,1,"IOTHUB_CLIENT_CONFIRMATION_OK"
647,10826176731,10826176760,1,"IOTHUB_CLIENT_CONFIRMATION_OK"
648,10826177064,10826177093,1,"IOTHUB_CLIENT_CONFIRMATION_OK"
649,10826177397,10826177429,1,"IOTHUB_CLIENT_CONFIRMATION_OK"
650,10826177730,10826177763,1,"IOTHUB_CLIENT_CONFIRMATION_OK"
651,10826178063,10826178091,1,"IOTHUB_CLIENT_CONFIRMATION_OK"
652,10826178397,10826178425,1,"IOTHUB_CLIENT_CONFIRMATION_OK"
653,10826178730,10826178758,1,"IOTHUB_CLIENT_CONFIRMATION_OK"
654,10826179063,10826179094,1,"IOTHUB_CLIENT_CONFIRMATION_OK"
655,10826179396,10826179465,1,"IOTHUB_CLIENT_CONFIRMATION_OK"
656,10826179729,10826179764,1,"IOTHUB_CLIENT_CONFIRMATION_OK"
657,10826180062,10826180095,1,"IOTHUB_CLIENT_CONFIRMATION_OK"
658,10826180396,10826180424,1,"IOTHUB_CLIENT_CONFIRMATION_OK"
659,10826180729,10826180761,1,"IOTHUB_CLIENT_CONFIRMATION_OK"
660,10826181062,10826181092,1,"IOTHUB_CLIENT_CONFIRMATION_OK"
661,10826181395,10826181425,1,"IOTHUB_CLIENT_CONFIRMATION_OK"
662,10826181728,10826181757,1,"IOTHUB_CLIENT_CONFIRMATION_OK"
663,10826182061,10826182090,1,"IOTHUB_CLIENT_CONFIRMATION_OK"
664,10826182395,10826182425,1,"IOTHUB_CLIENT_CONFIRMATION_OK"
665,10826182728,10826182762,1,"IOTHUB_CLIENT_CONFIRMATION_OK"
666,10826183061,10826183100,1,"IOTHUB_CLIENT_CONFIRMATION_OK"
667,10826183394,10826183424,1,"IOTHUB_CLIENT_CONFIRMATION_OK"
668,10826183727,10826183760,1,"IOTHUB_CLIENT_CONFIRMATION_OK"
669,10826184060,10826184101,1,"IOTHUB_CLIENT_CONFIRMATION_OK"
670,10826184394,10826184423,1,"IOTHUB_CLIENT_CONFIRMATION_OK"
671,10826184727,10826184755,1,"IOTHUB_CLIENT_CONFIRMATION_OK"
672,10826185060,10826185088,1,"IOTHUB_CLIENT_CONFIRMATION_OK"
673,10826185393,10826185422,1,"IOTHUB_CLIENT_CONFIRMATION_OK"
674,10826185726,10826185756,1,"IOTHUB_CLIENT_CONFIRMATION_OK"
675,10826186059,10826186089,1,"IOTHUB_CLIENT_CONFIRMATION_OK"
676,10826186393,10826186422,1,"IOTHUB_CLIENT_CONFIRMATION_OK"
677,10826186726,10826186753,1,"IOTHUB_CLIENT_CONFIRMATION_OK"
678,10826187059,10826187088,1,"IOTHUB_CLIENT_CONFIRMATION_OK"
679,10826187392,10826187421,1,"IOTHUB_CLIENT_CONFIRMATION_OK"
680,10826187725,10826187757,1,"IOTHUB_CLIENT_CONFIRMATION_OK"
681,10826188059,10826188092,1,"IOTHUB_CLIENT_CONFIRMATION_OK"
682,10826188392,10826188421,1,"IOTHUB_CLIENT_CONFIRMATION_OK"
683,10826188725,10826188754,1,"IOTHUB_CLIENT_CONFIRMATION_OK"
684,10826189058,10826189088,1,"IOTHUB_CLIENT_CONFIRMATION_OK"
685,10826189391,10826189419,1,"IOTHUB_CLIENT_CONFIRMATION_OK"
686,10826189724,10826189753,1,"IOTHUB_CLIENT_CONFIRMATION_OK"
687,10826190058,10826190086,1,"IOTHUB_CLIENT_CONFIRMATION_OK"
688,10826190391,10826190442,1,"IOTHUB_CLIENT_CONFIRMATION_OK"
689,10826190724,10826190753,1,"IOTHUB_CLIENT_CONFIRMATION_OK"
690,10826191057,10826191092,1,"IOTHUB_CLIENT_CONFIRMATION_OK"
691,10826191390,10826191420,1,"IOTHUB_CLIENT_CONFIRMATION_OK"
692,10826191723,10826191752,1,"IOTHUB_CLIENT_CONFIRMATION_OK"
693,10826192057,10826192087,1,"IOTHUB_CLIENT_CONFIRMATION_OK"
694,10826192390,10826192419,1,"IOTHUB_CLIENT_CONFIRMATION_OK"
695,10826192723,10826192753,1,"IOTHUB_CLIENT_CONFIRMATION_OK"
696,10826193056,10826193088,1,"IOTHUB_CLIENT_CONFIRMATION_OK"
697,10826193389,10826193417,1,"IOTHUB_CLIENT_CONFIRMATION_OK"
698,10826193722,10826193752,1,"IOTHUB_CLIENT_CONFIRMATION_OK"
699,10826194056,10826194087,1,"IOTHUB_CLIENT_CONFIRMATION_OK"
700,10826194389,10826194417,1,"IOTHUB_CLIENT_CONFIRMATION_OK"
701,10826194722,10826194757,1,"IOTHUB_CLIENT_CONFIRMATION_OK"
702,10826195055,10826195087,1,"IOTHUB_CLIENT_CONFIRMATION_OK"
703,10826195388,10826195419,1,"IOTHUB_CLIENT_CONFIRMATION_OK"
704,10826195721,10826195750,1,"IOTHUB_CLIENT_CONFIRMATION_OK"
705,10826196055,10826196084,1,"IOTHUB_CLIENT_CONFIRMATION_OK"
706,10826196388,10826196416,1,"IOTHUB_CLIENT_CONFIRMATION_OK"
707,10826196721,10826196749,1,"IOTHUB_CLIENT_CONFIRMATION_OK"
708,10826197054,10826197082,1,"IOTHUB_CLIENT_CONFIRMATION_OK"
709,10826197387,10826197416,1,"IOTHUB_CLIENT_CONFIRMATION_OK"
710,10826197720,10826197816,1,"IOTHUB_CLIENT_CONFIRMATION_OK"
711,10826198054,10826198083,1,"IOTHUB_CLIENT_CONFIRMATION_OK"
712,10826198387,10826198430,1,"IOTHUB_CLIENT_CONFIRMATION_OK"
713,10826198720,10826198877,1,"IOTHUB_CLIENT_CONFIRMATION_OK"
714,10826199053,10826199082,1,"IOTHUB_CLIENT_CONFIRMATION_OK"
715,10826199386,10826199415,1,"IOTHUB_CLIENT_CONFIRMATION_OK"
716,10826199719,10826199748,1,"IOTHUB_CLIENT_CONFIRMATION_OK"
717,10826200052,10826200081,1,"IOTHUB_CLIENT_CONFIRMATION_OK"
718,10826200386,10826200415,1,"IOTHUB_CLIENT_CONFIRMATION_OK"
719,10826200719,10826200747,1,"IOTHUB_CLIENT_CONFIRMATION_OK"
720,10826201052,10826201091,1,"IOTHUB_CLIENT_CONFIRMATION_OK"
721,10826201385,10826201414,1,"IOTHUB_CLIENT_CONFIRMATION_OK"
722,10826201718,10826201747,1,"IOTHUB_CLIENT_CONFIRMATION_OK"
723,10826202051,10826202082,1,"IOTHUB_CLIENT_CONFIRMATION_OK"
724,10826202385,10826202414,1,"IOTHUB_CLIENT_CONFIRMATION_OK"
725,10826202718,10826202756,1,"IOTHUB_CLIENT_CONFIRMATION_OK"
726,10826203051,10826203080,1,"IOTHUB_CLIENT_CONFIRMATION_OK"
727,10826203384,10826203428,1,"IOTHUB_CLIENT_CONFIRMATION_OK"
728,10826203717,10826203806,1,"IOTHUB_CLIENT_CONFIRMATION_OK"
729,10826204050,10826204079,1,"IOTHUB_CLIENT_CONFIRMATION_OK"
730,10826204384,10826204423,1,"IOTHUB_CLIENT_CONFIRMATION_OK"
731,10826204717,10826204746,1,"IOTHUB_CLIENT_CONFIRMATION_OK"
732,10826205050,10826205078,1,"IOTHUB_CLIENT_CONFIRMATION_OK"
733,10826205383,10826205413,1,"IOTHUB_CLIENT_CONFIRMATION_OK"
734,10826205716,10826205749,1,"IOTHUB_CLIENT_CONFIRMATION_OK"
735,10826206049,10826206079,1,"IOTHUB_CLIENT_CONFIRMATION_OK"
736,10826206383,10826206516,1,"IOTHUB_CLIENT_CONFIRMATION_OK"
737,10826206716,10826206744,1,"IOTHUB_CLIENT_CONFIRMATION_OK"
738,10826207049,10826207079,1,"IOTHUB_CLIENT_CONFIRMATION_OK"
739,10826207382,10826207412,1,"IOTHUB_CLIENT_CONFIRMATION_OK"
740,10826207715,10826207743,1,"IOTHUB_CLIENT_CONFIRMATION_OK"
741,10826208048,10826208077,1,"IOTHUB_CLIENT_CONFIRMATION_OK"
742,10826208382,10826208412,1,"IOTHUB_CLIENT_CONFIRMATION_OK"
743,10826208715,10826208743,1,"IOTHUB_CLIENT_CONFIRMATION_OK"
744,10826209048,10826209078,1,"IOTHUB_CLIENT_CONFIRMATION_OK"
745,10826209381,10826209410,1,"IOTHUB_CLIENT_CONFIRMATION_OK"
746,10826209714,10826209748,1,"IOTHUB_CLIENT_CONFIRMATION_OK"
747,10826210047,10826210076,1,"IOTHUB_CLIENT_CONFIRMATION_OK"
748,10826210381,10826210409,1,"IOTHUB_CLIENT_CONFIRMATION_OK"
749,10826210714,10826210743,1,"IOTHUB_CLIENT_CONFIRMATION_OK"
750,10826211047,10826211078,1,"IOTHUB_CLIENT_CONFIRMATION_OK"
751,10826211380,10826211409,1,"IOTHUB_CLIENT_CONFIRMATION_OK"
752,10826211713,10826211742,1,"IOTHUB_CLIENT_CONFIRMATION_OK"
753,10826212047,10826212079,1,"IOTHUB_CLIENT_CONFIRMATION_OK"
754,10826212380,10826212412,1,"IOTHUB_CLIENT_CONFIRMATION_OK"
755,10826212713,10826212742,1,"IOTHUB_CLIENT_CONFIRMATION_OK"
756,10826213046,10826213076,1,"IOTHUB_CLIENT_CONFIRMATION_OK"
757,10826213379,10826213411,1,"IOTHUB_CLIENT_CONFIRMATION_OK"
758,10826213712,10826213746,1,"IOTHUB_CLIENT_CONFIRMATION_OK"
759,10826214046,10826214076,1,"IOTHUB_CLIENT_CONFIRMATION_OK"
760,10826214379,10826214429,1,"IOTHUB_CLIENT_CONFIRMATION_OK"
761,10826214712,10826214741,1,"IOTHUB_CLIENT_CONFIRMATION_OK"
762,10826215045,10826215074,1,"IOTHUB_CLIENT_CONFIRMATION_OK"
763,10826215378,10826215407,1,"IOTHUB_CLIENT_CONFIRMATION_OK"
764,10826215711,10826215750,1,"IOTHUB_CLIENT_CONFIRMATION_OK"
765,10826216044,10826216089,1,"IOTHUB_CLIENT_CONFIRMATION_OK"
766,10826216378,10826216406,1,"IOTHUB_CLIENT_CONFIRMATION_OK"
767,10826216711,10826216740,1,"IOTHUB_CLIENT_CONFIRMATION_OK"
768,10826217044,10826217072,1,"IOTHUB_CLIENT_CONFIRMATION_OK"
769,10826217377,10826217408,1,"IOTHUB_CLIENT_CONFIRMATION_OK"
770,10826217710,10826217740,1,"IOTHUB_CLIENT_CONFIRMATION_OK"
771,10826218043,10826218077,1,"IOTHUB_CLIENT_CONFIRMATION_OK"
772,10826218377,10826218406,1,"IOTHUB_CLIENT_CONFIRMATION_OK"
773,10826218710,10826218739,1,"IOTHUB_CLIENT_CONFIRMATION_OK"
774,10826219043,10826219072,1,"IOTHUB_CLIENT_CONFIRMATION_OK"
775,10826219376,10826219411,1,"IOTHUB_CLIENT_CONFIRMATION_OK"
776,10826219709,10826219739,1,"IOTHUB_CLIENT_CONFIRMATION_OK"
777,10826220042,10826220082,1,"IOTHUB_CLIENT_CONFIRMATION_OK"
778,10826220376,10826220405,1,"IOTHUB_CLIENT_CONFIRMATION_OK"
779,10826220709,10826220737,1,"IOTHUB_CLIENT_CONFIRMATION_OK"
780,10826221042,10826221072,1,"IOTHUB_CLIENT_CONFIRMATION_OK"
781,10826221375,10826221404,1,"IOTHUB_CLIENT_CONFIRMATION_OK"
782,10826221708,10826221737,1,"IOTHUB_CLIENT_CONFIRMATION_OK"
783,10826222041,10826222071,1,"IOTHUB_CLIENT_CONFIRMATION_OK"
784,10826222375,10826222403,1,"IOTHUB_CLIENT_CONFIRMATION_OK"
785,10826222708,10826222737,1,"IOTHUB_CLIENT_CONFIRMATION_OK"
786,10826223041,10826223069,1,"IOTHUB_CLIENT_CONFIRMATION_OK"
787,10826223374,10826223403,1,"IOTHUB_CLIENT_CONFIRMATION_OK"
788,10826223707,10826223737,1,"IOTHUB_CLIENT_CONFIRMATION_OK"
789,10826224040,10826224073,1,"IOTHUB_CLIENT_CONFIRMATION_OK"
790,10826224374,10826224403,1,"IOTHUB_CLIENT_CONFIRMATION_OK"
791,10826224707,10826224735,1,"IOTHUB_CLIENT_CONFIRMATION_OK"
792,10826225040,10826225068,1,"IOTHUB_CLIENT_CONFIRMATION_OK"
793,10826225373,10826225406,1,"IOTHUB_CLIENT_CONFIRMATION_OK"
794,10826225706,10826225735,1,"IOTHUB_CLIENT_CONFIRMATION_OK"
795,10826226039,10826226068,1,"IOTHUB_CLIENT_CONFIRMATION_OK"
796,10826226373,10826226408,1,"IOTHUB_CLIENT_CONFIRMATION_OK"
797,10826226706,10826226735,1,"IOTHUB_CLIENT_CONFIRMATION_OK"
798,10826227039,10826227069,1,"IOTHUB_CLIENT_CONFIRMATION_OK"
799,10826227372,10826227401,1,"IOTHUB_CLIENT_CONFIRMATION_OK"
800,10826227705,10826227740,1,"IOTHUB_CLIENT_CONFIRMATION_OK"
801,10826228038,10826228068,1,"IOTHUB_CLIENT_CONFIRMATION_OK"
802,10826228371,10826228402,1,"IOTHUB_CLIENT_CONFIRMATION_OK"
803,10826228705,10826228738,1,"IOTHUB_CLIENT_CONFIRMATION_OK"
804,10826229038,10826229068,1,"IOTHUB_CLIENT_CONFIRMATION_OK"
805,10826229371,10826229402,1,"IOTHUB_CLIENT_CONFIRMATION_OK"
806,10826229704,10826229733,1,"IOTHUB_CLIENT_CONFIRMATION_OK"
807,10826230037,10826230066,1,"IOTHUB_CLIENT_CONFIRMATION_OK"
808,10826230370,10826230423,1,"IOTHUB_CLIENT_CONFIRMATION_OK"
809,10826230704,10826230740,1,"IOTHUB_CLIENT_CONFIRMATION_OK"
810,10826231037,10826231068,1,"IOTHUB_CLIENT_CONFIRMATION_OK"
811,10826231370,10826231399,1,"IOTHUB_CLIENT_CONFIRMATION_OK"
812,10826231703,10826231732,1,"IOTHUB_CLIENT_CONFIRMATION_OK"
813,10826232036,10826232065,1,"IOTHUB_CLIENT_CONFIRMATION_OK"
814,10826232369,10826232402,1,"IOTHUB_CLIENT_CONFIRMATION_OK"
815,10826232703,10826232732,1,"IOTHUB_CLIENT_CONFIRMATION_OK"
816,10826233036,10826233065,1,"IOTHUB_CLIENT_CONFIRMATION_OK"
817,10826233369,10826233400,1,"IOTHUB_CLIENT_CONFIRMATION_OK"
818,10826233702,10826233731,1,"IOTHUB_CLIENT_CONFIRMATION_OK"
819,10826234035,10826234064,1,"IOTHUB_CLIENT_CONFIRMATION_OK"
820,10826234368,10826234418,1,"IOTHUB_CLIENT_CONFIRMATION_OK"
821,10826234702,10826234730,1,"IOTHUB_CLIENT_CONFIRMATION_OK"
822,10826235035,10826235068,1,"IOTHUB_CLIENT_CONFIRMATION_OK"
823,10826235368,10826235397,1,"IOTHUB_CLIENT_CONFIRMATION_OK"
824,10826235701,10826235730,1,"IOTHUB_CLIENT_CONFIRMATION_OK"
825,10826236034,10826236068,1,"IOTHUB_CLIENT_CONFIRMATION_OK"
826,10826236367,10826236395,1,"IOTHUB_CLIENT_CONFIRMATION_OK"
827,10826236701,10826236783,1,"IOTHUB_CLIENT_CONFIRMATION_OK"
828,10826237034,10826237081,1,"IOTHUB_CLIENT_CONFIRMATION_OK"
829,10826237367,10826237396,1,"IOTHUB_CLIENT_CONFIRMATION_OK"
830,10826237700,10826237729,1,"IOTHUB_CLIENT_CONFIRMATION_OK"
831,10826238033,10826238070,1,"IOTHUB_CLIENT_CONFIRMATION_OK"
832,10826238366,10826238401,1,"IOTHUB_CLIENT_CONFIRMATION_OK"
833,10826238700,10826238729,1,"IOTHUB_CLIENT_CONFIRMATION_OK"
834,10826239033,10826239062,1,"IOTHUB_CLIENT_CONFIRMATION_OK"
835,10826239366,10826239396,1,"IOTHUB_CLIENT_CONFIRMATION_OK"
836,10826239699,10826239728,1,"IOTHUB_CLIENT_CONFIRMATION_OK"
837,10826240032,10826240062,1,"IOTHUB_CLIENT_CONFIRMATION_OK"
838,10826240365,10826240395,1,"IOTHUB_CLIENT_CONFIRMATION_OK"
839,10826240699,10826240728,1,"IOTHUB_CLIENT_CONFIRMATION_OK"
840,10826241032,10826241063,1,"IOTHUB_CLIENT_CONFIRMATION_OK"
841,10826241365,10826241394,1,"IOTHUB_CLIENT_CONFIRMATION_OK"
842,10826241698,10826241758,1,"IOTHUB_CLIENT_CONFIRMATION_OK"
843,10826242031,10826242059,1,"IOTHUB_CLIENT_CONFIRMATION_OK"
844,10826242364,10826242392,1,"IOTHUB_CLIENT_CONFIRMATION_OK"
845,10826242697,10826242740,1,"IOTHUB_CLIENT_CONFIRMATION_OK"
846,10826243031,10826243062,1,"IOTHUB_CLIENT_CONFIRMATION_OK"
847,10826243364,10826243393,1,"IOTHUB_CLIENT_CONFIRMATION_OK"
848,10826243697,10826243726,1,"IOTHUB_CLIENT_CONFIRMATION_OK"
849,10826244030,10826244059,1,"IOTHUB_CLIENT_CONFIRMATION_OK"
850,10826244363,10826244393,1,"IOTHUB_CLIENT_CONFIRMATION_OK"
851,10826244696,10826244725,1,"IOTHUB_CLIENT_CONFIRMATION_OK"
852,10826245030,10826245059,1,"IOTHUB_CLIENT_CONFIRMATION_OK"
853,10826245363,10826245396,1,"IOTHUB_CLIENT_CONFIRMATION_OK"
854,10826245696,10826245725,1,"IOTHUB_CLIENT_CONFIRMATION_OK"
855,10826246029,10826246071,1,"IOTHUB_CLIENT_CONFIRMATION_OK"
856,10826246362,10826246444,1,"IOTHUB_CLIENT_CONFIRMATION_OK"
857,10826246695,10826246725,1,"IOTHUB_CLIENT_CONFIRMATION_OK"
858,10826247029,10826247058,1,"IOTHUB_CLIENT_CONFIRMATION_OK"
859,10826247362,10826247390,1,"IOTHUB_CLIENT_CONFIRMATION_OK"
860,10826247695,10826247724,1,"IOTHUB_CLIENT_CONFIRMATION_OK"
861,10826248028,10826248056,1,"IOTHUB_CLIENT_CONFIRMATION_OK"
862,10826248361,10826248427,1,"IOTHUB_CLIENT_CONFIRMATION_OK"
863,10826248694,10826248723,1,"IOTHUB_CLIENT_CONFIRMATION_OK"
864,10826249028,10826249058,1,"IOTHUB_CLIENT_CONFIRMATION_OK"
865,10826249361,10826249389,1,"IOTHUB_CLIENT_CONFIRMATION_OK"
866,10826249694,10826249725,1,"IOTHUB_CLIENT_CONFIRMATION_OK"
867,10826250027,10826250089,1,"IOTHUB_CLIENT_CONFIRMATION_OK"
868,10826250360,10826250389,1,"IOTHUB_CLIENT_CONFIRMATION_OK"
869,10826250693,10826250722,1,"IOTHUB_CLIENT_CONFIRMATION_OK"
870,10826251026,10826251056,1,"IOTHUB_CLIENT_CONFIRMATION_OK"
871,10826251360,10826251410,1,"IOTHUB_CLIENT_CONFIRMATION_OK"
872,10826251693,10826251731,1,"IOTHUB_CLIENT_CONFIRMATION_OK"
873,10826252026,10826252063,1,"IOTHUB_CLIENT_CONFIRMATION_OK"
874,10826252359,10826252390,1,"IOTHUB_CLIENT_CONFIRMATION_OK"
875,10826252692,10826252760,1,"IOTHUB_CLIENT_CONFIRMATION_OK"
876,10826253025,10826253056,1,"IOTHUB_CLIENT_CONFIRMATION_OK"
877,10826253359,10826253389,1,"IOTHUB_CLIENT_CONFIRMATION_OK"
878,10826253692,10826253721,1,"IOTHUB_CLIENT_CONFIRMATION_OK"
879,10826254025,10826254074,1,"IOTHUB_CLIENT_CONFIRMATION_OK"
880,10826254358,10826254388,1,"IOTHUB_CLIENT_CONFIRMATION_OK"
881,10826254691,10826254721,1,"IOTHUB_CLIENT_CONFIRMATION_OK"
882,10826255024,10826255059,1,"IOTHUB_CLIENT_CONFIRMATION_OK"
883,10826255358,10826255390,1,"IOTHUB_CLIENT_CONFIRMATION_OK"
884,10826255691,10826255729,1,"IOTHUB_CLIENT_CONFIRMATION_OK"
885,10826256024,10826256074,1,"IOTHUB_CLIENT_CONFIRMATION_OK"
886,10826256357,10826256389,1,"IOTHUB_CLIENT_CONFIRMATION_OK"
887,10826256690,10826256718,1,"IOTHUB_CLIENT_CONFIRMATION_OK"
888,10826257023,10826257061,1,"IOTHUB_CLIENT_CONFIRMATION_OK"
889,10826257357,10826257387,1,"IOTHUB_CLIENT_CONFIRMATION_OK"
890,10826257690,10826257721,1,"IOTHUB_CLIENT_CONFIRMATION_OK"
891,10826258023,10826258051,1,"IOTHUB_CLIENT_CONFIRMATION_OK"
892,10826258356,10826258385,1,"IOTHUB_CLIENT_CONFIRMATION_OK"
893,10826258689,10826258717,1,"IOTHUB_CLIENT_CONFIRMATION_OK"
894,10826259022,10826259072,1,"IOTHUB_CLIENT_CONFIRMATION_OK"
895,10826259356,10826259384,1,"IOTHUB_CLIENT_CONFIRMATION_OK"
896,10826259689,10826259721,1,"IOTHUB_CLIENT_CONFIRMATION_OK"
897,10826260022,10826260053,1,"IOTHUB_CLIENT_CONFIRMATION_OK"
898,10826260355,10826260386,1,"IOTHUB_CLIENT_CONFIRMATION_OK"
899,10826260688,10826260720,1,"IOTHUB_CLIENT_CONFIRMATION_OK"
