Message ID,Send Time,Receive Time,Status,Error
0,10825961188,10825961413,1,"IOTHUB_CLIENT_CONFIRMATION_OK"
1,10825961521,10825961557,1,"IOTHUB_CLIENT_CONFIRMATION_OK"
2,10825961854,10825961897,1,"IOTHUB_CLIENT_CONFIRMATION_OK"
3,10825962187,10825962217,1,"IOTHUB_CLIENT_CONFIRMATION_OK"
4,10825962520,10825962564,1,"IOTHUB_CLIENT_CONFIRMATION_OK"
5,10825962853,10825962885,1,"IOTHUB_CLIENT_CONFIRMATION_OK"
6,10825963187,10825963233,1,"IOTHUB_CLIENT_CONFIRMATION_OK"
7,10825963520,10825963570,1,"IOTHUB_CLIENT_CONFIRMATION_OK"
8,10825963853,10825963954,1,"IOTHUB_CLIENT_CONFIRMATION_OK"
9,10825964186,10825964217,1,"IOTHUB_CLIENT_CONFIRMATION_OK"
10,10825964519,10825964557,1,"IOTHUB_CLIENT_CONFIRMATION_OK"
11,10825964852,10825964901,1,"IOTHUB_CLIENT_CONFIRMATION_OK"
12,10825965186,10825965224,1,"IOTHUB_CLIENT_CONFIRMATION_OK"
13,10825965519,10825965551,1,"IOTHUB_CLIENT_CONFIRMATION_OK"
14,10825965852,10825965889,1,"IOTHUB_CLIENT_CONFIRMATION_OK"
15,10825966185,10825966223,1,"IOTHUB_CLIENT_CONFIRMATION_OK"
16,10825966518,10825966556,1,"IOTHUB_CLIENT_CONFIRMATION_OK"
17,10825966851,10825966885,1,"IOTHUB_CLIENT_CONFIRMATION_OK"
18,10825967185,10825967216,1,"IOTHUB_CLIENT_CONFIRMATION_OK"
19,10825967518,10825967553,1,"IOTHUB_CLIENT_CONFIRMATION_OK"
20,10825967851,10825967883,1,"IOTHUB_CLIENT_CONFIRMATION_OK"
21,10825968184,10825968242,1,"IOTHUB_CLIENT_CONFIRMATION_OK"
22,10825968517,10825968554,1,"IOTHUB_CLIENT_CONFIRMATION_OK"
23,10825968850,10825968975,1,"IOTHUB_CLIENT_CONFIRMATION_OK"
24,10825969184,10825969213,1,"IOTHUB_CLIENT_CONFIRMATION_OK"
25,10825969517,10825969545,1,"IOTHUB_CLIENT_CONFIRMATION_OK"
26,10825969850,10825969883,1,"IOTHUB_CLIENT_CONFIRMATION_OK"
27,10825970183,10825970254,1,"IOTHUB_CLIENT_CONFIRMATION_OK"
28,10825970516,10825970556,1,"IOTHUB_CLIENT_CONFIRMATION_OK"
29,10825970849,10825970884,1,"IOTHUB_CLIENT_CONFIRMATION_OK"
30,10825971182,10825971210,1,"IOTHUB_CLIENT_CONFIRMATION_OK"
31,10825971516,10825971550,1,"IOTHUB_CLIENT_CONFIRMATION_OK"
32,10825971849,10825971883,1,"IOTHUB_CLIENT_CONFIRMATION_OK"
33,10825972182,10825972223,1,"IOTHUB_CLIENT_CONFIRMATION_OK"
34,10825972515,10825972555,1,"IOTHUB_CLIENT_CONFIRMATION_OK"
35,10825972848,10825972940,1,"IOTHUB_CLIENT_CONFIRMATION_OK"
36,10825973181,10825973222,1,"IOTHUB_CLIENT_CONFIRMATION_OK"
37,10825973515,10825973545,1,"IOTHUB_CLIENT_CONFIRMATION_OK"
38,10825973848,10825974014,1,"IOTHUB_CLIENT_CONFIRMATION_OK"
39,10825974181,10825974213,1,"IOTHUB_CLIENT_CONFIRMATION_OK"
40,10825974514,10825974551,1,"IOTHUB_CLIENT_CONFIRMATION_OK"
41,10825974847,10825974877,1,"IOTHUB_CLIENT_CONFIRMATION_OK"
42,10825975180,10825975213,1,"IOTHUB_CLIENT_CONFIRMATION_OK"
43,10825975514,10825975562,1,"IOTHUB_CLIENT_CONFIRMATION_OK"
44,10825975847,10825975880,1,"IOTHUB_CLIENT_CONFIRMATION_OK"
45,10825976180,10825976215,1,"IOTHUB_CLIENT_CONFIRMATION_OK"
46,10825976513,10825976546,1,"IOTHUB_CLIENT_CONFIRMATION_OK"
47,10825976846,10825976879,1,"IOTHUB_CLIENT_CONFIRMATION_OK"
48,10825977179,10825977230,1,"IOTHUB_CLIENT_CONFIRMATION_OK"
49,10825977512,10825977542,1,"IOTHUB_CLIENT_CONFIRMATION_OK"
50,10825977846,10825977876,1,"IOTHUB_CLIENT_CONFIRMATION_OK"
51,10825978179,10825978278,1,"IOTHUB_CLIENT_CONFIRMATION_OK"
52,10825978512,10825978545,1,"IOTHUB_CLIENT_CONFIRMATION_OK"
53,10825978845,10825978877,1,"IOTHUB_CLIENT_CONFIRMATION_OK"
54,10825979178,10825979233,1,"IOTHUB_CLIENT_CONFIRMATION_OK"
55,10825979511,10825979552,1,"IOTHUB_CLIENT_CONFIRMATION_OK"
56,10825979845,10825979878,1,"IOTHUB_CLIENT_CONFIRMATION_OK"
57,10825980178,10825980207,1,"IOTHUB_CLIENT_CONFIRMATION_OK"
58,10825980511,10825980545,1,"IOTHUB_CLIENT_CONFIRMATION_OK"
59,10825980844,10825980876,1,"IOTHUB_CLIENT_CONFIRMATION_OK"
60,10825981177,10825981206,1,"IOTHUB_CLIENT_CONFIRMATION_OK"
61,10825981511,10825981555,1,"IOTHUB_CLIENT_CONFIRMATION_OK"
62,10825981844,10825981889,1,"IOTHUB_CLIENT_CONFIRMATION_OK"
63,10825982177,10825982208,1,"IOTHUB_CLIENT_CONFIRMATION_OK"
64,10825982510,10825982564,1,"IOTHUB_CLIENT_CONFIRMATION_OK"
65,10825982843,10825982873,1,"IOTHUB_CLIENT_CONFIRMATION_OK"
66,10825983176,10825983215,1,"IOTHUB_CLIENT_CONFIRMATION_OK"
67,10825983510,10825983539,1,"IOTHUB_CLIENT_CONFIRMATION_OK"
68,10825983843,10825983871,1,"IOTHUB_CLIENT_CONFIRMATION_OK"
69,10825984176,10825984223,1,"IOTHUB_CLIENT_CONFIRMATION_OK"
70,10825984509,10825984555,1,"IOTHUB_CLIENT_CONFIRMATION_OK"
71,10825984842,10825984902,1,"IOTHUB_CLIENT_CONFIRMATION_OK"
72,10825985175,10825985272,1,"IOTHUB_CLIENT_CONFIRMATION_OK"
73,10825985509,10825985545,1,"IOTHUB_CLIENT_CONFIRMATION_OK"
74,10825985842,10825985878,1,"IOTHUB_CLIENT_CONFIRMATION_OK"
75,10825986175,10825986205,1,"IOTHUB_CLIENT_CONFIRMATION_OK"
76,10825986508,10825986541,1,"IOTHUB_CLIENT_CONFIRMATION_OK"
77,10825986841,10825986876,1,"IOTHUB_CLIENT_CONFIRMATION_OK"
78,10825987174,10825987306,1,"IOTHUB_CLIENT_CONFIRMATION_OK"
79,10825987508,10825987543,1,"IOTHUB_CLIENT_CONFIRMATION_OK"
80,10825987841,10825987889,1,"IOTHUB_CLIENT_CONFIRMATION_OK"
81,10825988174,10825988213,1,"IOTHUB_CLIENT_CONFIRMATION_OK"
82,10825988507,10825988541,1,"IOTHUB_CLIENT_CONFIRMATION_OK"
83,10825988840,10825988962,1,"IOTHUB_CLIENT_CONFIRMATION_OK"
84,10825989173,10825989225,1,"IOTHUB_CLIENT_CONFIRMATION_OK"
85,10825989506,10825989545,1,"IOTHUB_CLIENT_CONFIRMATION_OK"
86,10825989840,10825989870,1,"IOTHUB_CLIENT_CONFIRMATION_OK"
87,10825990173,10825990208,1,"IOTHUB_CLIENT_CONFIRMATION_OK"
88,10825990506,10825990547,1,"IOTHUB_CLIENT_CONFIRMATION_OK"
89,10825990839,10825990872,1,"IOTHUB_CLIENT_CONFIRMATION_OK"
90,10825991172,10825991204,1,"IOTHUB_CLIENT_CONFIRMATION_OK"
91,10825991505,10825991546,1,"IOTHUB_CLIENT_CONFIRMATION_OK"
92,10825991839,10825991868,1,"IOTHUB_CLIENT_CONFIRMATION_OK"
93,10825992172,10825992214,1,"IOTHUB_CLIENT_CONFIRMATION_OK"
94,10825992505,10825992534,1,"IOTHUB_CLIENT_CONFIRMATION_OK"
95,10825992838,10825992884,1,"IOTHUB_CLIENT_CONFIRMATION_OK"
96,10825993171,10825993206,1,"IOTHUB_CLIENT_CONFIRMATION_OK"
97,10825993504,10825993540,1,"IOTHUB_CLIENT_CONFIRMATION_OK"
98,10825993837,10825993866,1,"IOTHUB_CLIENT_CONFIRMATION_OK"
99,10825994171,10825994208,1,"IOTHUB_CLIENT_CONFIRMATION_OK"
100,10825994504,10825994540,1,"IOTHUB_CLIENT_CONFIRMATION_OK"
101,10825994837,10825994916,1,"IOTHUB_CLIENT_CONFIRMATION_OK"
102,10825995170,10825995207,1,"IOTHUB_CLIENT_CONFIRMATION_OK"
103,10825995503,10825995542,1,"IOTHUB_CLIENT_CONFIRMATION_OK"
104,10825995836,10825995866,1,"IOTHUB_CLIENT_CONFIRMATION_OK"
105,10825996170,10825996205,1,"IOTHUB_CLIENT_CONFIRMATION_OK"
106,10825996503,10825996615,1,"IOTHUB_CLIENT_CONFIRMATION_OK"
107,10825996836,10825996869,1,"IOTHUB_CLIENT_CONFIRMATION_OK"
108,10825997169,10825997198,1,"IOTHUB_CLIENT_CONFIRMATION_OK"
109,10825997502,10825997534,1,"IOTHUB_CLIENT_CONFIRMATION_OK"
110,10825997835,10825997867,1,"IOTHUB_CLIENT_CONFIRMATION_OK"
111,10825998169,10825998228,1,"IOTHUB_CLIENT_CONFIRMATION_OK"
112,10825998502,10825998540,1,"IOTHUB_CLIENT_CONFIRMATION_OK"
113,10825998835,10825998900,1,"IOTHUB_CLIENT_CONFIRMATION_OK"
114,10825999168,10825999200,1,"IOTHUB_CLIENT_CONFIRMATION_OK"
115,10825999501,10825999531,1,"IOTHUB_CLIENT_CONFIRMATION_OK"
116,10825999834,10825999874,1,"IOTHUB_CLIENT_CONFIRMATION_OK"
117,10826000167,10826000215,1,"IOTHUB_CLIENT_CONFIRMATION_OK"
118,10826000501,10826000532,1,"IOTHUB_CLIENT_CONFIRMATION_OK"
119,10826000834,10826000868,1,"IOTHUB_CLIENT_CONFIRMATION_OK"
120,10826001167,10826001205,1,"IOTHUB_CLIENT_CONFIRMATION_OK"
121,10826001500,10826001538,1,"IOTHUB_CLIENT_CONFIRMATION_OK"
122,10826001833,10826001868,1,"IOTHUB_CLIENT_CONFIRMATION_OK"
123,10826002166,10826002203,1,"IOTHUB_CLIENT_CONFIRMATION_OK"
124,10826002500,10826002542,1,"IOTHUB_CLIENT_CONFIRMATION_OK"
125,10826002833,10826002905,1,"IOTHUB_CLIENT_CONFIRMATION_OK"
126,10826003166,10826003201,1,"IOTHUB_CLIENT_CONFIRMATION_OK"
127,10826003499,10826003536,1,"IOTHUB_CLIENT_CONFIRMATION_OK"
128,10826003832,10826003865,1,"IOTHUB_CLIENT_CONFIRMATION_OK"
129,10826004165,10826004211,1,"IOTHUB_CLIENT_CONFIRMATION_OK"
130,10826004499,10826004531,1,"IOTHUB_CLIENT_CONFIRMATION_OK"
131,10826004832,10826004861,1,"IOTHUB_CLIENT_CONFIRMATION_OK"
132,10826005165,10826005205,1,"IOTHUB_CLIENT_CONFIRMATION_OK"
133,10826005498,10826005564,1,"IOTHUB_CLIENT_CONFIRMATION_OK"
134,10826005831,10826005884,1,"IOTHUB_CLIENT_CONFIRMATION_OK"
135,10826006164,10826006204,1,"IOTHUB_CLIENT_CONFIRMATION_OK"
136,10826006498,10826006644,1,"IOTHUB_CLIENT_CONFIRMATION_OK"
137,10826006831,10826007131,1,"IOTHUB_CLIENT_CONFIRMATION_OK"
138,10826007164,10826007269,1,"IOTHUB_CLIENT_CONFIRMATION_OK"
139,10826007497,10826007536,1,"IOTHUB_CLIENT_CONFIRMATION_OK"
140,10826007830,10826007865,1,"IOTHUB_CLIENT_CONFIRMATION_OK"
141,10826008163,10826008198,1,"IOTHUB_CLIENT_CONFIRMATION_OK"
142,10826008497,10826008530,1,"IOTHUB_CLIENT_CONFIRMATION_OK"
143,10826008830,10826008909,1,"IOTHUB_CLIENT_CONFIRMATION_OK"
144,10826009163,10826009192,1,"IOTHUB_CLIENT_CONFIRMATION_OK"
145,10826009496,10826009531,1,"IOTHUB_CLIENT_CONFIRMATION_OK"
146,10826009829,10826009913,1,"IOTHUB_CLIENT_CONFIRMATION_OK"
147,10826010162,10826010218,1,"IOTHUB_CLIENT_CONFIRMATION_OK"
148,10826010496,10826010523,1,"IOTHUB_CLIENT_CONFIRMATION_OK"
149,10826010829,10826010938,1,"IOTHUB_CLIENT_CONFIRMATION_OK"
150,10826011162,10826011191,1,"IOTHUB_CLIENT_CONFIRMATION_OK"
151,10826011495,10826011531,1,"IOTHUB_CLIENT_CONFIRMATION_OK"
152,10826011828,10826011869,1,"IOTHUB_CLIENT_CONFIRMATION_OK"
153,10826012161,10826012205,1,"IOTHUB_CLIENT_CONFIRMATION_OK"
154,10826012494,10826012545,1,"IOTHUB_CLIENT_CONFIRMATION_OK"
155,10826012828,10826012876,1,"IOTHUB_CLIENT_CONFIRMATION_OK"
156,10826013161,10826013191,1,"IOTHUB_CLIENT_CONFIRMATION_OK"
157,10826013494,10826013527,1,"IOTHUB_CLIENT_CONFIRMATION_OK"
158,10826013827,10826013872,1,"IOTHUB_CLIENT_CONFIRMATION_OK"
159,10826014160,10826014192,1,"IOTHUB_CLIENT_CONFIRMATION_OK"
160,10826014493,10826014524,1,"IOTHUB_CLIENT_CONFIRMATION_OK"
161,10826014826,10826014866,1,"IOTHUB_CLIENT_CONFIRMATION_OK"
162,10826015160,10826015189,1,"IOTHUB_CLIENT_CONFIRMATION_OK"
163,10826015493,10826015532,1,"IOTHUB_CLIENT_CONFIRMATION_OK"
164,10826015826,10826015882,1,"IOTHUB_CLIENT_CONFIRMATION_OK"
165,10826016159,10826016196,1,"IOTHUB_CLIENT_CONFIRMATION_OK"
166,10826016492,10826016523,1,"IOTHUB_CLIENT_CONFIRMATION_OK"
167,10826016825,10826016862,1,"IOTHUB_CLIENT_CONFIRMATION_OK"
168,10826017159,10826017189,1,"IOTHUB_CLIENT_CONFIRMATION_OK"
169,10826017492,10826017528,1,"IOTHUB_CLIENT_CONFIRMATION_OK"
170,10826017825,10826017897,1,"IOTHUB_CLIENT_CONFIRMATION_OK"
171,10826018158,10826018191,1,"IOTHUB_CLIENT_CONFIRMATION_OK"
172,10826018491,10826018599,1,"IOTHUB_CLIENT_CONFIRMATION_OK"
173,10826018824,10826018854,1,"IOTHUB_CLIENT_CONFIRMATION_OK"
174,10826019158,10826019187,1,"IOTHUB_CLIENT_CONFIRMATION_OK"
175,10826019491,10826019545,1,"IOTHUB_CLIENT_CONFIRMATION_OK"
176,10826019824,10826019854,1,"IOTHUB_CLIENT_CONFIRMATION_OK"
177,10826020157,10826020201,1,"IOTHUB_CLIENT_CONFIRMATION_OK"
178,10826020490,10826020597,1,"IOTHUB_CLIENT_CONFIRMATION_OK"
179,10826020823,10826020855,1,"IOTHUB_CLIENT_CONFIRMATION_OK"
180,10826021156,10826021191,1,"IOTHUB_CLIENT_CONFIRMATION_OK"
181,10826021490,10826021528,1,"IOTHUB_CLIENT_CONFIRMATION_OK"
182,10826021823,10826021860,1,"IOTHUB_CLIENT_CONFIRMATION_OK"
183,10826022156,10826022191,1,"IOTHUB_CLIENT_CONFIRMATION_OK"
184,10826022489,10826022530,1,"IOTHUB_CLIENT_CONFIRMATION_OK"
185,10826022822,10826022856,1,"IOTHUB_CLIENT_CONFIRMATION_OK"
186,10826023155,10826023187,1,"IOTHUB_CLIENT_CONFIRMATION_OK"
187,10826023489,10826023523,1,"IOTHUB_CLIENT_CONFIRMATION_OK"
188,10826023822,10826023857,1,"IOTHUB_CLIENT_CONFIRMATION_OK"
189,10826024155,10826024208,1,"IOTHUB_CLIENT_CONFIRMATION_OK"
190,10826024488,10826024547,1,"IOTHUB_CLIENT_CONFIRMATION_OK"
191,10826024821,10826024870,1,"IOTHUB_CLIENT_CONFIRMATION_OK"
192,10826025154,10826025186,1,"IOTHUB_CLIENT_CONFIRMATION_OK"
193,10826025488,10826025566,1,"IOTHUB_CLIENT_CONFIRMATION_OK"
194,10826025821,10826025853,1,"IOTHUB_CLIENT_CONFIRMATION_OK"
195,10826026154,10826026186,1,"IOTHUB_CLIENT_CONFIRMATION_OK"
196,10826026487,10826026526,1,"IOTHUB_CLIENT_CONFIRMATION_OK"
197,10826026820,10826026884,1,"IOTHUB_CLIENT_CONFIRMATION_OK"
198,10826027153,10826027182,1,"IOTHUB_CLIENT_CONFIRMATION_OK"
199,10826027486,10826027533,1,"IOTHUB_CLIENT_CONFIRMATION_OK"
200,10826027820,10826027853,1,"IOTHUB_CLIENT_CONFIRMATION_OK"
201,10826028153,10826028181,1,"IOTHUB_CLIENT_CONFIRMATION_OK"
202,10826028486,10826028516,1,"IOTHUB_CLIENT_CONFIRMATION_OK"
203,10826028819,10826028856,1,"IOTHUB_CLIENT_CONFIRMATION_OK"
204,10826029152,10826029180,1,"IOTHUB_CLIENT_CONFIRMATION_OK"
205,10826029485,10826029520,1,"IOTHUB_CLIENT_CONFIRMATION_OK"
206,10826029819,10826029867,1,"IOTHUB_CLIENT_CONFIRMATION_OK"
207,10826030152,10826030199,1,"IOTHUB_CLIENT_CONFIRMATION_OK"
208,10826030485,10826030515,1,"IOTHUB_CLIENT_CONFIRMATION_OK"
209,10826030818,10826030851,1,"IOTHUB_CLIENT_CONFIRMATION_OK"
210,10826031151,10826031239,1,"IOTHUB_CLIENT_CONFIRMATION_OK"
211,10826031484,10826031527,1,"IOTHUB_CLIENT_CONFIRMATION_OK"
212,10826031818,10826031857,1,"IOTHUB_CLIENT_CONFIRMATION_OK"
213,10826032151,10826032182,1,"IOTHUB_CLIENT_CONFIRMATION_OK"
214,10826032484,10826032532,1,"IOTHUB_CLIENT_CONFIRMATION_OK"
215,10826032817,10826032847,1,"IOTHUB_CLIENT_CONFIRMATION_OK"
216,10826033150,10826033181,1,"IOTHUB_CLIENT_CONFIRMATION_OK"
217,10826033483,10826033538,1,"IOTHUB_CLIENT_CONFIRMATION_OK"
218,10826033817,10826033854,1,"IOTHUB_CLIENT_CONFIRMATION_OK"
219,10826034150,10826034179,1,"IOTHUB_CLIENT_CONFIRMATION_OK"
220,10826034483,10826034512,1,"IOTHUB_CLIENT_CONFIRMATION_OK"
221,10826034816,10826034858,1,"IOTHUB_CLIENT_CONFIRMATION_OK"
222,10826035149,10826035192,1,"IOTHUB_CLIENT_CONFIRMATION_OK"
223,10826035482,10826035517,1,"IOTHUB_CLIENT_CONFIRMATION_OK"
224,10826035816,10826035844,1,"IOTHUB_CLIENT_CONFIRMATION_OK"
225,10826036149,10826036188,1,"IOTHUB_CLIENT_CONFIRMATION_OK"
226,10826036482,10826036512,1,"IOTHUB_CLIENT_CONFIRMATION_OK"
227,10826036815,10826036847,1,"IOTHUB_CLIENT_CONFIRMATION_OK"
228,10826037148,10826037183,1,"IOTHUB_CLIENT_CONFIRMATION_OK"
229,10826037481,10826037509,1,"IOTHUB_CLIENT_CONFIRMATION_OK"
230,10826037814,10826037846,1,"IOTHUB_CLIENT_CONFIRMATION_OK"
231,10826038148,10826038182,1,"IOTHUB_CLIENT_CONFIRMATION_OK"
232,10826038481,10826038526,1,"IOTHUB_CLIENT_CONFIRMATION_OK"
233,10826038814,10826038881,1,"IOTHUB_CLIENT_CONFIRMATION_OK"
234,10826039147,10826039184,1,"IOTHUB_CLIENT_CONFIRMATION_OK"
235,10826039480,10826039512,1,"IOTHUB_CLIENT_CONFIRMATION_OK"
236,10826039814,10826039850,1,"IOTHUB_CLIENT_CONFIRMATION_OK"
237,10826040147,10826040176,1,"IOTHUB_CLIENT_CONFIRMATION_OK"
238,10826040480,10826040520,1,"IOTHUB_CLIENT_CONFIRMATION_OK"
239,10826040813,10826040867,1,"IOTHUB_CLIENT_CONFIRMATION_OK"
240,10826041146,10826041175,1,"IOTHUB_CLIENT_CONFIRMATION_OK"
241,10826041479,10826041527,1,"IOTHUB_CLIENT_CONFIRMATION_OK"
242,10826041813,10826041848,1,"IOTHUB_CLIENT_CONFIRMATION_OK"
243,10826042146,10826042182,1,"IOTHUB_CLIENT_CONFIRMATION_OK"
244,10826042479,10826042512,1,"IOTHUB_CLIENT_CONFIRMATION_OK"
245,10826042812,10826042845,1,"IOTHUB_CLIENT_CONFIRMATION_OK"
246,10826043145,10826043200,1,"IOTHUB_CLIENT_CONFIRMATION_OK"
247,10826043478,10826043520,1,"IOTHUB_CLIENT_CONFIRMATION_OK"
248,10826043811,10826043975,1,"IOTHUB_CLIENT_CONFIRMATION_OK"
249,10826044145,10826044174,1,"IOTHUB_CLIENT_CONFIRMATION_OK"
250,10826044478,10826044509,1,"IOTHUB_CLIENT_CONFIRMATION_OK"
251,10826044811,10826044839,1,"IOTHUB_CLIENT_CONFIRMATION_OK"
252,10826045144,10826045176,1,"IOTHUB_CLIENT_CONFIRMATION_OK"
253,10826045477,10826045506,1,"IOTHUB_CLIENT_CONFIRMATION_OK"
254,10826045810,10826045841,1,"IOTHUB_CLIENT_CONFIRMATION_OK"
255,10826046144,10826046178,1,"IOTHUB_CLIENT_CONFIRMATION_OK"
256,10826046477,10826046515,1,"IOTHUB_CLIENT_CONFIRMATION_OK"
257,10826046810,10826046862,1,"IOTHUB_CLIENT_CONFIRMATION_OK"
258,10826047143,10826047171,1,"IOTHUB_CLIENT_CONFIRMATION_OK"
259,10826047476,10826047516,1,"IOTHUB_CLIENT_CONFIRMATION_OK"
260,10826047809,10826047867,1,"IOTHUB_CLIENT_CONFIRMATION_OK"
261,10826048143,10826048185,1,"IOTHUB_CLIENT_CONFIRMATION_OK"
262,10826048476,10826048508,1,"IOTHUB_CLIENT_CONFIRMATION_OK"
263,10826048809,10826048843,1,"IOTHUB_CLIENT_CONFIRMATION_OK"
264,10826049142,10826049196,1,"IOTHUB_CLIENT_CONFIRMATION_OK"
265,10826049475,10826049510,1,"IOTHUB_CLIENT_CONFIRMATION_OK"
266,10826049808,10826049842,1,"IOTHUB_CLIENT_CONFIRMATION_OK"
267,10826050142,10826050180,1,"IOTHUB_CLIENT_CONFIRMATION_OK"
268,10826050475,10826050504,1,"IOTHUB_CLIENT_CONFIRMATION_OK"
269,10826050808,10826050842,1,"IOTHUB_CLIENT_CONFIRMATION_OK"
270,10826051141,10826051170,1,"IOTHUB_CLIENT_CONFIRMATION_OK"
271,10826051474,10826051516,1,"IOTHUB_CLIENT_CONFIRMATION_OK"
272,10826051807,10826051837,1,"IOTHUB_CLIENT_CONFIRMATION_OK"
273,10826052140,10826052180,1,"IOTHUB_CLIENT_CONFIRMATION_OK"
274,10826052474,10826052507,1,"IOTHUB_CLIENT_CONFIRMATION_OK"
275,10826052807,10826052840,1,"IOTHUB_CLIENT_CONFIRMATION_OK"
276,10826053140,10826053211,1,"IOTHUB_CLIENT_CONFIRMATION_OK"
277,10826053473,10826053520,1,"IOTHUB_CLIENT_CONFIRMATION_OK"
278,10826053806,10826053839,1,"IOTHUB_CLIENT_CONFIRMATION_OK"
279,10826054139,10826054171,1,"IOTHUB_CLIENT_CONFIRMATION_OK"
280,10826054473,10826054505,1,"IOTHUB_CLIENT_CONFIRMATION_OK"
281,10826054806,10826054838,1,"IOTHUB_CLIENT_CONFIRMATION_OK"
282,10826055139,10826055168,1,"IOTHUB_CLIENT_CONFIRMATION_OK"
283,10826055472,10826055501,1,"IOTHUB_CLIENT_CONFIRMATION_OK"
284,10826055805,10826055837,1,"IOTHUB_CLIENT_CONFIRMATION_OK"
285,10826056138,10826056166,1,"IOTHUB_CLIENT_CONFIRMATION_OK"
286,10826056471,10826056504,1,"IOTHUB_CLIENT_CONFIRMATION_OK"
287,10826056805,10826056840,1,"IOTHUB_CLIENT_CONFIRMATION_OK"
288,10826057138,10826057203,1,"IOTHUB_CLIENT_CONFIRMATION_OK"
289,10826057471,10826057515,1,"IOTHUB_CLIENT_CONFIRMATION_OK"
290,10826057804,10826057833,1,"IOTHUB_CLIENT_CONFIRMATION_OK"
291,10826058137,10826058170,1,"IOTHUB_CLIENT_CONFIRMATION_OK"
292,10826058470,10826058505,1,"IOTHUB_CLIENT_CONFIRMATION_OK"
293,10826058804,10826058831,1,"IOTHUB_CLIENT_CONFIRMATION_OK"
294,10826059137,10826059166,1,"IOTHUB_CLIENT_CONFIRMATION_OK"
295,10826059470,10826059501,1,"IOTHUB_CLIENT_CONFIRMATION_OK"
296,10826059803,10826059835,1,"IOTHUB_CLIENT_CONFIRMATION_OK"
297,10826060136,10826060166,1,"IOTHUB_CLIENT_CONFIRMATION_OK"
298,10826060469,10826060504,1,"IOTHUB_CLIENT_CONFIRMATION_OK"
299,10826060803,10826060846,1,"IOTHUB_CLIENT_CONFIRMATION_OK"
300,10826061136,10826061165,1,"IOTHUB_CLIENT_CONFIRMATION_OK"
301,10826061469,10826061574,1,"IOTHUB_CLIENT_CONFIRMATION_OK"
302,10826061802,10826061833,1,"IOTHUB_CLIENT_CONFIRMATION_OK"
303,10826062135,10826062169,1,"IOTHUB_CLIENT_CONFIRMATION_OK"
304,10826062468,10826062497,1,"IOTHUB_CLIENT_CONFIRMATION_OK"
305,10826062801,10826062832,1,"IOTHUB_CLIENT_CONFIRMATION_OK"
306,10826063135,10826063170,1,"IOTHUB_CLIENT_CONFIRMATION_OK"
307,10826063468,10826063497,1,"IOTHUB_CLIENT_CONFIRMATION_OK"
308,10826063801,10826063830,1,"IOTHUB_CLIENT_CONFIRMATION_OK"
309,10826064134,10826064269,1,"IOTHUB_CLIENT_CONFIRMATION_OK"
310,10826064467,10826064535,1,"IOTHUB_CLIENT_CONFIRMATION_OK"
311,10826064800,10826064835,1,"IOTHUB_CLIENT_CONFIRMATION_OK"
312,10826065134,10826065179,1,"IOTHUB_CLIENT_CONFIRMATION_OK"
313,10826065467,10826065499,1,"IOTHUB_CLIENT_CONFIRMATION_OK"
314,10826065800,10826065829,1,"IOTHUB_CLIENT_CONFIRMATION_OK"
315,10826066133,10826066170,1,"IOTHUB_CLIENT_CONFIRMATION_OK"
316,10826066466,10826066501,1,"IOTHUB_CLIENT_CONFIRMATION_OK"
317,10826066799,10826066834,1,"IOTHUB_CLIENT_CONFIRMATION_OK"
318,10826067133,10826067170,1,"IOTHUB_CLIENT_CONFIRMATION_OK"
319,10826067466,10826067497,1,"IOTHUB_CLIENT_CONFIRMATION_OK"
320,10826067799,10826067828,1,"IOTHUB_CLIENT_CONFIRMATION_OK"
321,10826068132,10826068167,1,"IOTHUB_CLIENT_CONFIRMATION_OK"
322,10826068465,10826068512,1,"IOTHUB_CLIENT_CONFIRMATION_OK"
323,10826068798,10826068828,1,"IOTHUB_CLIENT_CONFIRMATION_OK"
324,10826069132,10826069162,1,"IOTHUB_CLIENT_CONFIRMATION_OK"
325,10826069465,10826069503,1,"IOTHUB_CLIENT_CONFIRMATION_OK"
326,10826069798,10826069827,1,"IOTHUB_CLIENT_CONFIRMATION_OK"
327,10826070131,10826070166,1,"IOTHUB_CLIENT_CONFIRMATION_OK"
328,10826070464,10826070500,1,"IOTHUB_CLIENT_CONFIRMATION_OK"
329,10826070797,10826070850,1,"IOTHUB_CLIENT_CONFIRMATION_OK"
330,10826071131,10826071160,1,"IOTHUB_CLIENT_CONFIRMATION_OK"
331,10826071464,10826071501,1,"IOTHUB_CLIENT_CONFIRMATION_OK"
332,10826071797,10826071847,1,"IOTHUB_CLIENT_CONFIRMATION_OK"
333,10826072130,10826072159,1,"IOTHUB_CLIENT_CONFIRMATION_OK"
334,10826072463,10826072493,1,"IOTHUB_CLIENT_CONFIRMATION_OK"
335,10826072796,10826072829,1,"IOTHUB_CLIENT_CONFIRMATION_OK"
336,10826073130,10826073170,1,"IOTHUB_CLIENT_CONFIRMATION_OK"
337,10826073463,10826073495,1,"IOTHUB_CLIENT_CONFIRMATION_OK"
338,10826073796,10826073909,1,"IOTHUB_CLIENT_CONFIRMATION_OK"
339,10826074129,10826074165,1,"IOTHUB_CLIENT_CONFIRMATION_OK"
340,10826074462,10826074496,1,"IOTHUB_CLIENT_CONFIRMATION_OK"
341,10826074795,10826074847,1,"IOTHUB_CLIENT_CONFIRMATION_OK"
342,10826075128,10826075228,1,"IOTHUB_CLIENT_CONFIRMATION_OK"
343,10826075462,10826075493,1,"IOTHUB_CLIENT_CONFIRMATION_OK"
344,10826075795,10826075841,1,"IOTHUB_CLIENT_CONFIRMATION_OK"
345,10826076128,10826076168,1,"IOTHUB_CLIENT_CONFIRMATION_OK"
346,10826076461,10826076493,1,"IOTHUB_CLIENT_CONFIRMATION_OK"
347,10826076794,10826076836,1,"IOTHUB_CLIENT_CONFIRMATION_OK"
348,10826077127,10826077163,1,"IOTHUB_CLIENT_CONFIRMATION_OK"
349,10826077461,10826077503,1,"IOTHUB_CLIENT_CONFIRMATION_OK"
350,10826077794,10826077843,1,"IOTHUB_CLIENT_CONFIRMATION_OK"
351,10826078127,10826078183,1,"IOTHUB_CLIENT_CONFIRMATION_OK"
352,10826078460,10826078502,1,"IOTHUB_CLIENT_CONFIRMATION_OK"
353,10826078793,10826078827,1,"IOTHUB_CLIENT_CONFIRMATION_OK"
354,10826079126,10826079165,1,"IOTHUB_CLIENT_CONFIRMATION_OK"
355,10826079460,10826079506,1,"IOTHUB_CLIENT_CONFIRMATION_OK"
356,10826079793,10826079822,1,"IOTHUB_CLIENT_CONFIRMATION_OK"
357,10826080126,10826080160,1,"IOTHUB_CLIENT_CONFIRMATION_OK"
358,10826080459,10826080539,1,"IOTHUB_CLIENT_CONFIRMATION_OK"
359,10826080792,10826080821,1,"IOTHUB_CLIENT_CONFIRMATION_OK"
360,10826081125,10826081164,1,"IOTHUB_CLIENT_CONFIRMATION_OK"
361,10826081458,10826081502,1,"IOTHUB_CLIENT_CONFIRMATION_OK"
362,10826081792,10826081824,1,"IOTHUB_CLIENT_CONFIRMATION_OK"
363,10826082125,10826082154,1,"IOTHUB_CLIENT_CONFIRMATION_OK"
364,10826082458,10826082559,1,"IOTHUB_CLIENT_CONFIRMATION_OK"
365,10826082791,10826082820,1,"IOTHUB_CLIENT_CONFIRMATION_OK"
366,10826083124,10826083155,1,"IOTHUB_CLIENT_CONFIRMATION_OK"
367,10826083457,10826083492,1,"IOTHUB_CLIENT_CONFIRMATION_OK"
368,10826083790,10826083820,1,"IOTHUB_CLIENT_CONFIRMATION_OK"
369,10826084124,10826084154,1,"IOTHUB_CLIENT_CONFIRMATION_OK"
370,10826084457,10826084495,1,"IOTHUB_CLIENT_CONFIRMATION_OK"
371,10826084790,10826084823,1,"IOTHUB_CLIENT_CONFIRMATION_OK"
372,10826085123,10826085151,1,"IOTHUB_CLIENT_CONFIRMATION_OK"
373,10826085456,10826085485,1,"IOTHUB_CLIENT_CONFIRMATION_OK"
374,10826085789,10826085841,1,"IOTHUB_CLIENT_CONFIRMATION_OK"
375,10826086123,10826086217,1,"IOTHUB_CLIENT_CONFIRMATION_OK"
376,10826086456,10826086497,1,"IOTHUB_CLIENT_CONFIRMATION_OK"
377,10826086789,10826086818,1,"IOTHUB_CLIENT_CONFIRMATION_OK"
378,10826087122,10826087151,1,"IOTHUB_CLIENT_CONFIRMATION_OK"
379,10826087455,10826087486,1,"IOTHUB_CLIENT_CONFIRMATION_OK"
380,10826087788,10826087833,1,"IOTHUB_CLIENT_CONFIRMATION_OK"
381,10826088122,10826088151,1,"IOTHUB_CLIENT_CONFIRMATION_OK"
382,10826088455,10826088528,1,"IOTHUB_CLIENT_CONFIRMATION_OK"
383,10826088788,10826088817,1,"IOTHUB_CLIENT_CONFIRMATION_OK"
384,10826089121,10826089151,1,"IOTHUB_CLIENT_CONFIRMATION_OK"
385,10826089454,10826089483,1,"IOTHUB_CLIENT_CONFIRMATION_OK"
386,10826089787,10826089824,1,"IOTHUB_CLIENT_CONFIRMATION_OK"
387,10826090121,10826090150,1,"IOTHUB_CLIENT_CONFIRMATION_OK"
388,10826090454,10826090538,1,"IOTHUB_CLIENT_CONFIRMATION_OK"
389,10826090787,10826090833,1,"IOTHUB_CLIENT_CONFIRMATION_OK"
390,10826091120,10826091153,1,"IOTHUB_CLIENT_CONFIRMATION_OK"
391,10826091453,10826091481,1,"IOTHUB_CLIENT_CONFIRMATION_OK"
392,10826091786,10826091816,1,"IOTHUB_CLIENT_CONFIRMATION_OK"
393,10826092119,10826092233,1,"IOTHUB_CLIENT_CONFIRMATION_OK"
394,10826092453,10826092495,1,"IOTHUB_CLIENT_CONFIRMATION_OK"
395,10826092786,10826092826,1,"IOTHUB_CLIENT_CONFIRMATION_OK"
396,10826093119,10826093149,1,"IOTHUB_CLIENT_CONFIRMATION_OK"
397,10826093452,10826093485,1,"IOTHUB_CLIENT_CONFIRMATION_OK"
398,10826093785,10826093823,1,"IOTHUB_CLIENT_CONFIRMATION_OK"
399,10826094118,10826094185,1,"IOTHUB_CLIENT_CONFIRMATION_OK"
400,10826094452,10826094481,1,"IOTHUB_CLIENT_CONFIRMATION_OK"
401,10826094785,10826094815,1,"IOTHUB_CLIENT_CONFIRMATION_OK"
402,10826095118,10826095151,1,"IOTHUB_CLIENT_CONFIRMATION_OK"
403,10826095451,10826095482,1,"IOTHUB_CLIENT_CONFIRMATION_OK"
404,10826095784,10826095855,1,"IOTHUB_CLIENT_CONFIRMATION_OK"
405,10826096117,10826096154,1,"IOTHUB_CLIENT_CONFIRMATION_OK"
406,10826096451,10826096482,1,"IOTHUB_CLIENT_CONFIRMATION_OK"
407,10826096784,10826096839,1,"IOTHUB_CLIENT_CONFIRMATION_OK"
408,10826097117,10826097219,1,"IOTHUB_CLIENT_CONFIRMATION_OK"
409,10826097450,10826097481,1,"IOTHUB_CLIENT_CONFIRMATION_OK"
410,10826097783,10826097824,1,"IOTHUB_CLIENT_CONFIRMATION_OK"
411,10826098116,10826098306,1,"IOTHUB_CLIENT_CONFIRMATION_OK"
412,10826098449,10826098505,1,"IOTHUB_CLIENT_CONFIRMATION_OK"
413,10826098783,10826098812,1,"IOTHUB_CLIENT_CONFIRMATION_OK"
414,10826099116,10826099161,1,"IOTHUB_CLIENT_CONFIRMATION_OK"
415,10826099449,10826099483,1,"IOTHUB_CLIENT_CONFIRMATION_OK"
416,10826099782,10826099811,1,"IOTHUB_CLIENT_CONFIRMATION_OK"
417,10826100115,10826100151,1,"IOTHUB_CLIENT_CONFIRMATION_OK"
418,10826100448,10826100531,1,"IOTHUB_CLIENT_CONFIRMATION_OK"
419,10826100782,10826100815,1,"IOTHUB_CLIENT_CONFIRMATION_OK"
420,10826101115,10826101145,1,"IOTHUB_CLIENT_CONFIRMATION_OK"
421,10826101448,10826101505,1,"IOTHUB_CLIENT_CONFIRMATION_OK"
422,10826101781,10826101815,1,"IOTHUB_CLIENT_CONFIRMATION_OK"
423,10826102114,10826102157,1,"IOTHUB_CLIENT_CONFIRMATION_OK"
424,10826102447,10826102477,1,"IOTHUB_CLIENT_CONFIRMATION_OK"
425,10826102781,10826102880,1,"IOTHUB_CLIENT_CONFIRMATION_OK"
426,10826103114,10826103176,1,"IOTHUB_CLIENT_CONFIRMATION_OK"
427,10826103447,10826103478,1,"IOTHUB_CLIENT_CONFIRMATION_OK"
428,10826103780,10826103826,1,"IOTHUB_CLIENT_CONFIRMATION_OK"
429,10826104113,10826104144,1,"IOTHUB_CLIENT_CONFIRMATION_OK"
430,10826104446,10826104516,1,"IOTHUB_CLIENT_CONFIRMATION_OK"
431,10826104779,10826104854,1,"IOTHUB_CLIENT_CONFIRMATION_OK"
432,10826105113,10826105304,1,"IOTHUB_CLIENT_CONFIRMATION_OK"
433,10826105446,10826105497,1,"IOTHUB_CLIENT_CONFIRMATION_OK"
434,10826105779,10826105821,1,"IOTHUB_CLIENT_CONFIRMATION_OK"
435,10826106112,10826106140,1,"IOTHUB_CLIENT_CONFIRMATION_OK"
436,10826106445,10826106515,1,"IOTHUB_CLIENT_CONFIRMATION_OK"
437,10826106778,10826106818,1,"IOTHUB_CLIENT_CONFIRMATION_OK"
438,10826107112,10826107148,1,"IOTHUB_CLIENT_CONFIRMATION_OK"
439,10826107445,10826107485,1,"IOTHUB_CLIENT_CONFIRMATION_OK"
440,10826107778,10826107817,1,"IOTHUB_CLIENT_CONFIRMATION_OK"
441,10826108111,10826108148,1,"IOTHUB_CLIENT_CONFIRMATION_OK"
442,10826108444,10826108479,1,"IOTHUB_CLIENT_CONFIRMATION_OK"
443,10826108777,10826108917,1,"IOTHUB_CLIENT_CONFIRMATION_OK"
444,10826109111,10826109233,1,"IOTHUB_CLIENT_CONFIRMATION_OK"
445,10826109444,10826109485,1,"IOTHUB_CLIENT_CONFIRMATION_OK"
446,10826109777,10826109809,1,"IOTHUB_CLIENT_CONFIRMATION_OK"
447,10826110110,10826110144,1,"IOTHUB_CLIENT_CONFIRMATION_OK"
448,10826110443,10826110480,1,"IOTHUB_CLIENT_CONFIRMATION_OK"
449,10826110776,10826110815,1,"IOTHUB_CLIENT_CONFIRMATION_OK"
450,10826111110,10826111365,1,"IOTHUB_CLIENT_CONFIRMATION_OK"
451,10826111443,10826111473,1,"IOTHUB_CLIENT_CONFIRMATION_OK"
452,10826111776,10826111816,1,"IOTHUB_CLIENT_CONFIRMATION_OK"
453,10826112109,10826112137,1,"IOTHUB_CLIENT_CONFIRMATION_OK"
454,10826112442,10826112476,1,"IOTHUB_CLIENT_CONFIRMATION_OK"
455,10826112775,10826112805,1,"IOTHUB_CLIENT_CONFIRMATION_OK"
456,10826113108,10826113432,1,"IOTHUB_CLIENT_CONFIRMATION_OK"
457,10826113442,10826113534,1,"IOTHUB_CLIENT_CONFIRMATION_OK"
458,10826113775,10826113807,1,"IOTHUB_CLIENT_CONFIRMATION_OK"
459,10826114108,10826114170,1,"IOTHUB_CLIENT_CONFIRMATION_OK"
460,10826114441,10826114568,1,"IOTHUB_CLIENT_CONFIRMATION_OK"
461,10826114774,10826114806,1,"IOTHUB_CLIENT_CONFIRMATION_OK"
462,10826115107,10826115180,1,"IOTHUB_CLIENT_CONFIRMATION_OK"
463,10826115441,10826115482,1,"IOTHUB_CLIENT_CONFIRMATION_OK"
464,10826115774,10826115807,1,"IOTHUB_CLIENT_CONFIRMATION_OK"
465,10826116107,10826116139,1,"IOTHUB_CLIENT_CONFIRMATION_OK"
466,10826116440,10826116488,1,"IOTHUB_CLIENT_CONFIRMATION_OK"
467,10826116773,10826116808,1,"IOTHUB_CLIENT_CONFIRMATION_OK"
468,10826117106,10826117138,1,"IOTHUB_CLIENT_CONFIRMATION_OK"
469,10826117440,10826117600,1,"IOTHUB_CLIENT_CONFIRMATION_OK"
470,10826117773,10826117806,1,"IOTHUB_CLIENT_CONFIRMATION_OK"
471,10826118106,10826118265,1,"IOTHUB_CLIENT_CONFIRMATION_OK"
472,10826118439,10826118473,1,"IOTHUB_CLIENT_CONFIRMATION_OK"
473,10826118772,10826118828,1,"IOTHUB_CLIENT_CONFIRMATION_OK"
474,10826119105,10826119145,1,"IOTHUB_CLIENT_CONFIRMATION_OK"
475,10826119439,10826119468,1,"IOTHUB_CLIENT_CONFIRMATION_OK"
476,10826119772,10826119804,1,"IOTHUB_CLIENT_CONFIRMATION_OK"
477,10826120105,10826120146,1,"IOTHUB_CLIENT_CONFIRMATION_OK"
478,10826120438,10826120482,1,"IOTHUB_CLIENT_CONFIRMATION_OK"
479,10826120771,10826120861,1,"IOTHUB_CLIENT_CONFIRMATION_OK"
480,10826121104,10826121135,1,"IOTHUB_CLIENT_CONFIRMATION_OK"
481,10826121438,10826121559,1,"IOTHUB_CLIENT_CONFIRMATION_OK"
482,10826121771,10826121800,1,"IOTHUB_CLIENT_CONFIRMATION_OK"
483,10826122104,10826122219,1,"IOTHUB_CLIENT_CONFIRMATION_OK"
484,10826122437,10826122632,1,"IOTHUB_CLIENT_CONFIRMATION_OK"
485,10826122770,10826122803,1,"IOTHUB_CLIENT_CONFIRMATION_OK"
486,10826123103,10826123206,1,"IOTHUB_CLIENT_CONFIRMATION_OK"
487,10826123436,10826123485,1,"IOTHUB_CLIENT_CONFIRMATION_OK"
488,10826123770,10826123875,1,"IOTHUB_CLIENT_CONFIRMATION_OK"
489,10826124103,10826124148,1,"IOTHUB_CLIENT_CONFIRMATION_OK"
490,10826124436,10826124506,1,"IOTHUB_CLIENT_CONFIRMATION_OK"
491,10826124769,10826124808,1,"IOTHUB_CLIENT_CONFIRMATION_OK"
492,10826125102,10826125146,1,"IOTHUB_CLIENT_CONFIRMATION_OK"
493,10826125435,10826125517,1,"IOTHUB_CLIENT_CONFIRMATION_OK"
494,10826125768,10826125802,1,"IOTHUB_CLIENT_CONFIRMATION_OK"
495,10826126102,10826126203,1,"IOTHUB_CLIENT_CONFIRMATION_OK"
496,10826126435,10826126464,1,"IOTHUB_CLIENT_CONFIRMATION_OK"
497,10826126768,10826126939,1,"IOTHUB_CLIENT_CONFIRMATION_OK"
498,10826127101,10826127138,1,"IOTHUB_CLIENT_CONFIRMATION_OK"
499,10826127434,10826127466,1,"IOTHUB_CLIENT_CONFIRMATION_OK"
500,10826127767,10826127807,1,"IOTHUB_CLIENT_CONFIRMATION_OK"
501,10826128101,10826128155,1,"IOTHUB_CLIENT_CONFIRMATION_OK"
502,10826128434,10826128472,1,"IOTHUB_CLIENT_CONFIRMATION_OK"
503,10826128767,10826128797,1,"IOTHUB_CLIENT_CONFIRMATION_OK"
504,10826129100,10826129131,1,"IOTHUB_CLIENT_CONFIRMATION_OK"
505,10826129433,10826129465,1,"IOTHUB_CLIENT_CONFIRMATION_OK"
506,10826129766,10826129797,1,"IOTHUB_CLIENT_CONFIRMATION_OK"
507,10826130099,10826130131,1,"IOTHUB_CLIENT_CONFIRMATION_OK"
508,10826130433,10826130464,1,"IOTHUB_CLIENT_CONFIRMATION_OK"
509,10826130766,10826130797,1,"IOTHUB_CLIENT_CONFIRMATION_OK"
510,10826131099,10826131312,1,"IOTHUB_CLIENT_CONFIRMATION_OK"
511,10826131432,10826131465,1,"IOTHUB_CLIENT_CONFIRMATION_OK"
512,10826131765,10826131800,1,"IOTHUB_CLIENT_CONFIRMATION_OK"
513,10826132098,10826132185,1,"IOTHUB_CLIENT_CONFIRMATION_OK"
514,10826132432,10826132467,1,"IOTHUB_CLIENT_CONFIRMATION_OK"
515,10826132765,10826132839,1,"IOTHUB_CLIENT_CONFIRMATION_OK"
516,10826133098,10826133133,1,"IOTHUB_CLIENT_CONFIRMATION_OK"
517,10826133431,10826133474,1,"IOTHUB_CLIENT_CONFIRMATION_OK"
518,10826133764,10826133796,1,"IOTHUB_CLIENT_CONFIRMATION_OK"
519,10826134097,10826134132,1,"IOTHUB_CLIENT_CONFIRMATION_OK"
520,10826134431,10826134482,1,"IOTHUB_CLIENT_CONFIRMATION_OK"
521,10826134764,10826134983,1,"IOTHUB_CLIENT_CONFIRMATION_OK"
522,10826135097,10826135169,1,"IOTHUB_CLIENT_CONFIRMATION_OK"
523,10826135430,10826135682,1,"IOTHUB_CLIENT_CONFIRMATION_OK"
524,10826135763,10826135816,1,"IOTHUB_CLIENT_CONFIRMATION_OK"
525,10826136096,10826136140,1,"IOTHUB_CLIENT_CONFIRMATION_OK"
526,10826136430,10826136463,1,"IOTHUB_CLIENT_CONFIRMATION_OK"
527,10826136763,10826136798,1,"IOTHUB_CLIENT_CONFIRMATION_OK"
528,10826137096,10826137251,1,"IOTHUB_CLIENT_CONFIRMATION_OK"
529,10826137429,10826137495,1,"IOTHUB_CLIENT_CONFIRMATION_OK"
530,10826137762,10826137803,1,"IOTHUB_CLIENT_CONFIRMATION_OK"
531,10826138095,10826138134,1,"IOTHUB_CLIENT_CONFIRMATION_OK"
532,10826138428,10826138459,1,"IOTHUB_CLIENT_CONFIRMATION_OK"
533,10826138762,10826138857,1,"IOTHUB_CLIENT_CONFIRMATION_OK"
534,10826139095,10826139128,1,"IOTHUB_CLIENT_CONFIRMATION_OK"
535,10826139428,10826139675,1,"IOTHUB_CLIENT_CONFIRMATION_OK"
536,10826139761,10826139800,1,"IOTHUB_CLIENT_CONFIRMATION_OK"
537,10826140094,10826140290,1,"IOTHUB_CLIENT_CONFIRMATION_OK"
538,10826140427,10826140529,1,"IOTHUB_CLIENT_CONFIRMATION_OK"
539,10826140761,10826140796,1,"IOTHUB_CLIENT_CONFIRMATION_OK"
540,10826141094,10826141235,1,"IOTHUB_CLIENT_CONFIRMATION_OK"
541,10826141427,10826141484,1,"IOTHUB_CLIENT_CONFIRMATION_OK"
542,10826141760,10826141802,1,"IOTHUB_CLIENT_CONFIRMATION_OK"
543,10826142093,10826142295,1,"IOTHUB_CLIENT_CONFIRMATION_OK"
544,10826142426,10826142483,1,"IOTHUB_CLIENT_CONFIRMATION_OK"
545,10826142759,10826142850,1,"IOTHUB_CLIENT_CONFIRMATION_OK"
546,10826143093,10826143172,1,"IOTHUB_CLIENT_CONFIRMATION_OK"
547,10826143426,10826143468,1,"IOTHUB_CLIENT_CONFIRMATION_OK"
548,10826143759,10826143792,1,"IOTHUB_CLIENT_CONFIRMATION_OK"
549,10826144092,10826144154,1,"IOTHUB_CLIENT_CONFIRMATION_OK"
550,10826144425,10826144455,1,"IOTHUB_CLIENT_CONFIRMATION_OK"
551,10826144758,10826144814,1,"IOTHUB_CLIENT_CONFIRMATION_OK"
552,10826145092,10826145141,1,"IOTHUB_CLIENT_CONFIRMATION_OK"
553,10826145425,10826145454,1,"IOTHUB_CLIENT_CONFIRMATION_OK"
554,10826145758,10826145788,1,"IOTHUB_CLIENT_CONFIRMATION_OK"
555,10826146091,10826146183,1,"IOTHUB_CLIENT_CONFIRMATION_OK"
556,10826146424,10826146455,1,"IOTHUB_CLIENT_CONFIRMATION_OK"
557,10826146757,10826146815,1,"IOTHUB_CLIENT_CONFIRMATION_OK"
558,10826147091,10826147135,1,"IOTHUB_CLIENT_CONFIRMATION_OK"
559,10826147424,10826147457,1,"IOTHUB_CLIENT_CONFIRMATION_OK"
560,10826147757,10826147794,1,"IOTHUB_CLIENT_CONFIRMATION_OK"
561,10826148090,10826148341,1,"IOTHUB_CLIENT_CONFIRMATION_OK"
562,10826148423,10826148459,1,"IOTHUB_CLIENT_CONFIRMATION_OK"
563,10826148756,10826148799,1,"IOTHUB_CLIENT_CONFIRMATION_OK"
564,10826149090,10826149170,1,"IOTHUB_CLIENT_CONFIRMATION_OK"
565,10826149423,10826149454,1,"IOTHUB_CLIENT_CONFIRMATION_OK"
566,10826149756,10826149786,1,"IOTHUB_CLIENT_CONFIRMATION_OK"
567,10826150089,10826150289,1,"IOTHUB_CLIENT_CONFIRMATION_OK"
568,10826150422,10826152352,1,"IOTHUB_CLIENT_CONFIRMATION_OK"
569,10826150755,10826152469,1,"IOTHUB_CLIENT_CONFIRMATION_OK"
570,10826151088,10826152636,1,"IOTHUB_CLIENT_CONFIRMATION_OK"
571,10826151422,10826152800,1,"IOTHUB_CLIENT_CONFIRMATION_OK"
572,10826151755,10826153100,1,"IOTHUB_CLIENT_CONFIRMATION_OK"
573,10826152088,10826153234,1,"IOTHUB_CLIENT_CONFIRMATION_OK"
574,10826152421,10826153316,1,"IOTHUB_CLIENT_CONFIRMATION_OK"
575,10826152754,10826153352,1,"IOTHUB_CLIENT_CONFIRMATION_OK"
576,10826153087,10826153471,1,"IOTHUB_CLIENT_CONFIRMATION_OK"
577,10826153421,10826153509,1,"IOTHUB_CLIENT_CONFIRMATION_OK"
578,10826153754,10826153809,1,"IOTHUB_CLIENT_CONFIRMATION_OK"
579,10826154087,10826154121,1,"IOTHUB_CLIENT_CONFIRMATION_OK"
580,10826154420,10826154449,1,"IOTHUB_CLIENT_CONFIRMATION_OK"
581,10826154753,10826154893,1,"IOTHUB_CLIENT_CONFIRMATION_OK"
582,10826155086,10826155126,1,"IOTHUB_CLIENT_CONFIRMATION_OK"
583,10826155419,10826155501,1,"IOTHUB_CLIENT_CONFIRMATION_OK"
584,10826155753,10826155977,1,"IOTHUB_CLIENT_CONFIRMATION_OK"
585,10826156086,10826156482,1,"IOTHUB_CLIENT_CONFIRMATION_OK"
586,10826156419,10826156497,1,"IOTHUB_CLIENT_CONFIRMATION_OK"
587,10826156752,10826157760,1,"IOTHUB_CLIENT_CONFIRMATION_OK"
588,10826157085,10826157787,1,"IOTHUB_CLIENT_CONFIRMATION_OK"
589,10826157418,10826157813,1,"IOTHUB_CLIENT_CONFIRMATION_OK"
590,10826157752,10826158080,1,"IOTHUB_CLIENT_CONFIRMATION_OK"
591,10826158085,10826158361,1,"IOTHUB_CLIENT_CONFIRMATION_OK"
592,10826158418,10826158708,1,"IOTHUB_CLIENT_CONFIRMATION_OK"
593,10826158751,10826158838,1,"IOTHUB_CLIENT_CONFIRMATION_OK"
594,10826159084,10826159147,1,"IOTHUB_CLIENT_CONFIRMATION_OK"
595,10826159417,10826159480,1,"IOTHUB_CLIENT_CONFIRMATION_OK"
596,10826159750,10826159786,1,"IOTHUB_CLIENT_CONFIRMATION_OK"
597,10826160084,10826160135,1,"IOTHUB_CLIENT_CONFIRMATION_OK"
598,10826160417,10826160456,1,"IOTHUB_CLIENT_CONFIRMATION_OK"
599,10826160750,10826160902,1,"IOTHUB_CLIENT_CONFIRMATION_OK"
600,10826161083,10826161116,1,"IOTHUB_CLIENT_CONFIRMATION_OK"
601,10826161416,10826161506,1,"IOTHUB_CLIENT_CONFIRMATION_OK"
602,10826161749,10826161790,1,"IOTHUB_CLIENT_CONFIRMATION_OK"
603,10826162083,10826162299,1,"IOTHUB_CLIENT_CONFIRMATION_OK"
604,10826162416,10826162457,1,"IOTHUB_CLIENT_CONFIRMATION_OK"
605,10826162749,10826163335,1,"IOTHUB_CLIENT_CONFIRMATION_OK"
606,10826163082,10826163951,1,"IOTHUB_CLIENT_CONFIRMATION_OK"
607,10826163415,10826164074,1,"IOTHUB_CLIENT_CONFIRMATION_OK"
608,10826163748,10826164107,1,"IOTHUB_CLIENT_CONFIRMATION_OK"
609,10826164082,10826164166,1,"IOTHUB_CLIENT_CONFIRMATION_OK"
610,10826164415,10826165380,1,"IOTHUB_CLIENT_CONFIRMATION_OK"
611,10826164748,10826165494,1,"IOTHUB_CLIENT_CONFIRMATION_OK"
612,10826165081,10826165559,1,"IOTHUB_CLIENT_CONFIRMATION_OK"
613,10826165414,10826165779,1,"IOTHUB_CLIENT_CONFIRMATION_OK"
614,10826165747,10826165920,1,"IOTHUB_CLIENT_CONFIRMATION_OK"
615,10826166080,10826166163,1,"IOTHUB_CLIENT_CONFIRMATION_OK"
616,10826166414,10826166488,1,"IOTHUB_CLIENT_CONFIRMATION_OK"
617,10826166747,10826167018,1,"IOTHUB_CLIENT_CONFIRMATION_OK"
618,10826167080,10826167400,1,"IOTHUB_CLIENT_CONFIRMATION_OK"
619,10826167413,10826167468,1,"IOTHUB_CLIENT_CONFIRMATION_OK"
620,10826167746,10826167932,1,"IOTHUB_CLIENT_CONFIRMATION_OK"
621,10826168079,10826168335,1,"IOTHUB_CLIENT_CONFIRMATION_OK"
622,10826168413,10826168449,1,"IOTHUB_CLIENT_CONFIRMATION_OK"
623,10826168746,10826168898,1,"IOTHUB_CLIENT_CONFIRMATION_OK"
624,10826169079,10826169184,1,"IOTHUB_CLIENT_CONFIRMATION_OK"
625,10826169412,10826169494,1,"IOTHUB_CLIENT_CONFIRMATION_OK"
626,10826169745,10826169872,1,"IOTHUB_CLIENT_CONFIRMATION_OK"
627,10826170078,10826170220,1,"IOTHUB_CLIENT_CONFIRMATION_OK"
628,10826170412,10826170625,1,"IOTHUB_CLIENT_CONFIRMATION_OK"
629,10826170745,10826170828,1,"IOTHUB_CLIENT_CONFIRMATION_OK"
630,10826171078,10826171164,1,"IOTHUB_CLIENT_CONFIRMATION_OK"
631,10826171411,10826171480,1,"IOTHUB_CLIENT_CONFIRMATION_OK"
632,10826171744,10826171952,1,"IOTHUB_CLIENT_CONFIRMATION_OK"
633,10826172077,10826172176,1,"IOTHUB_CLIENT_CONFIRMATION_OK"
634,10826172410,10826172458,1,"IOTHUB_CLIENT_CONFIRMATION_OK"
635,10826172744,10826172799,1,"IOTHUB_CLIENT_CONFIRMATION_OK"
636,10826173077,10826173587,1,"IOTHUB_CLIENT_CONFIRMATION_OK"
637,10826173410,10826173840,1,"IOTHUB_CLIENT_CONFIRMATION_OK"
638,10826173743,10826174339,1,"IOTHUB_CLIENT_CONFIRMATION_OK"
639,10826174076,10826174373,1,"IOTHUB_CLIENT_CONFIRMATION_OK"
640,10826174409,10826174551,1,"IOTHUB_CLIENT_CONFIRMATION_OK"
641,10826174743,10826174814,1,"IOTHUB_CLIENT_CONFIRMATION_OK"
642,10826175076,10826175347,1,"IOTHUB_CLIENT_CONFIRMATION_OK"
643,10826175409,10826175635,1,"IOTHUB_CLIENT_CONFIRMATION_OK"
644,10826175742,10826176457,1,"IOTHUB_CLIENT_CONFIRMATION_OK"
645,10826176075,10826176490,1,"IOTHUB_CLIENT_CONFIRMATION_OK"
646,10826176408,10826176817,1,"IOTHUB_CLIENT_CONFIRMATION_OK"
647,10826176742,10826176835,1,"IOTHUB_CLIENT_CONFIRMATION_OK"
648,10826177075,10826177113,1,"IOTHUB_CLIENT_CONFIRMATION_OK"
649,10826177408,10826177506,1,"IOTHUB_CLIENT_CONFIRMATION_OK"
650,10826177741,10826177954,1,"IOTHUB_CLIENT_CONFIRMATION_OK"
651,10826178074,10826178314,1,"IOTHUB_CLIENT_CONFIRMATION_OK"
652,10826178407,10826178580,1,"IOTHUB_CLIENT_CONFIRMATION_OK"
653,10826178741,10826178797,1,"IOTHUB_CLIENT_CONFIRMATION_OK"
654,10826179074,10826179283,1,"IOTHUB_CLIENT_CONFIRMATION_OK"
655,10826179407,10826179829,1,"IOTHUB_CLIENT_CONFIRMATION_OK"
656,10826179740,10826179867,1,"IOTHUB_CLIENT_CONFIRMATION_OK"
657,10826180073,10826180599,1,"IOTHUB_CLIENT_CONFIRMATION_OK"
658,10826180406,10826180692,1,"IOTHUB_CLIENT_CONFIRMATION_OK"
659,10826180739,10826180776,1,"IOTHUB_CLIENT_CONFIRMATION_OK"
660,10826181073,10826181425,1,"IOTHUB_CLIENT_CONFIRMATION_OK"
661,10826181406,10826181458,1,"IOTHUB_CLIENT_CONFIRMATION_OK"
662,10826181739,10826182053,1,"IOTHUB_CLIENT_CONFIRMATION_OK"
663,10826182072,10826182105,1,"IOTHUB_CLIENT_CONFIRMATION_OK"
664,10826182405,10826182596,1,"IOTHUB_CLIENT_CONFIRMATION_OK"
665,10826182738,10826182817,1,"IOTHUB_CLIENT_CONFIRMATION_OK"
666,10826183072,10826183291,1,"IOTHUB_CLIENT_CONFIRMATION_OK"
667,10826183405,10826183435,1,"IOTHUB_CLIENT_CONFIRMATION_OK"
668,10826183738,10826183770,1,"IOTHUB_CLIENT_CONFIRMATION_OK"
669,10826184071,10826184101,1,"IOTHUB_CLIENT_CONFIRMATION_OK"
670,10826184404,10826184436,1,"IOTHUB_CLIENT_CONFIRMATION_OK"
671,10826184737,10826184771,1,"IOTHUB_CLIENT_CONFIRMATION_OK"
672,10826185070,10826185101,1,"IOTHUB_CLIENT_CONFIRMATION_OK"
673,10826185404,10826185588,1,"IOTHUB_CLIENT_CONFIRMATION_OK"
674,10826185737,10826185890,1,"IOTHUB_CLIENT_CONFIRMATION_OK"
675,10826186070,10826186110,1,"IOTHUB_CLIENT_CONFIRMATION_OK"
676,10826186403,10826186438,1,"IOTHUB_CLIENT_CONFIRMATION_OK"
677,10826186736,10826186764,1,"IOTHUB_CLIENT_CONFIRMATION_OK"
678,10826187069,10826187105,1,"IOTHUB_CLIENT_CONFIRMATION_OK"
679,10826187403,10826187611,1,"IOTHUB_CLIENT_CONFIRMATION_OK"
680,10826187736,10826187846,1,"IOTHUB_CLIENT_CONFIRMATION_OK"
681,10826188069,10826188203,1,"IOTHUB_CLIENT_CONFIRMATION_OK"
682,10826188402,10826188432,1,"IOTHUB_CLIENT_CONFIRMATION_OK"
683,10826188735,10826188998,1,"IOTHUB_CLIENT_CONFIRMATION_OK"
684,10826189068,10826189115,1,"IOTHUB_CLIENT_CONFIRMATION_OK"
685,10826189402,10826189457,1,"IOTHUB_CLIENT_CONFIRMATION_OK"
686,10826189735,10826189773,1,"IOTHUB_CLIENT_CONFIRMATION_OK"
687,10826190068,10826190191,1,"IOTHUB_CLIENT_CONFIRMATION_OK"
688,10826190401,10826190761,1,"IOTHUB_CLIENT_CONFIRMATION_OK"
689,10826190734,10826190833,1,"IOTHUB_CLIENT_CONFIRMATION_OK"
690,10826191067,10826191097,1,"IOTHUB_CLIENT_CONFIRMATION_OK"
691,10826191400,10826191433,1,"IOTHUB_CLIENT_CONFIRMATION_OK"
692,10826191734,10826191777,1,"IOTHUB_CLIENT_CONFIRMATION_OK"
693,10826192067,10826192101,1,"IOTHUB_CLIENT_CONFIRMATION_OK"
694,10826192400,10826192464,1,"IOTHUB_CLIENT_CONFIRMATION_OK"
695,10826192733,10826192764,1,"IOTHUB_CLIENT_CONFIRMATION_OK"
696,10826193066,10826193198,1,"IOTHUB_CLIENT_CONFIRMATION_OK"
697,10826193399,10826193605,1,"IOTHUB_CLIENT_CONFIRMATION_OK"
698,10826193733,10826193944,1,"IOTHUB_CLIENT_CONFIRMATION_OK"
699,10826194066,10826194103,1,"IOTHUB_CLIENT_CONFIRMATION_OK"
700,10826194399,10826194500,1,"IOTHUB_CLIENT_CONFIRMATION_OK"
701,10826194732,10826194767,1,"IOTHUB_CLIENT_CONFIRMATION_OK"
702,10826195065,10826195162,1,"IOTHUB_CLIENT_CONFIRMATION_OK"
703,10826195398,10826195521,1,"IOTHUB_CLIENT_CONFIRMATION_OK"
704,10826195732,10826195999,1,"IOTHUB_CLIENT_CONFIRMATION_OK"
705,10826196065,10826196100,1,"IOTHUB_CLIENT_CONFIRMATION_OK"
706,10826196398,10826196428,1,"IOTHUB_CLIENT_CONFIRMATION_OK"
707,10826196731,10826196903,1,"IOTHUB_CLIENT_CONFIRMATION_OK"
708,10826197064,10826197101,1,"IOTHUB_CLIENT_CONFIRMATION_OK"
709,10826197397,10826197429,1,"IOTHUB_CLIENT_CONFIRMATION_OK"
710,10826197731,10826197823,1,"IOTHUB_CLIENT_CONFIRMATION_OK"
711,10826198064,10826198105,1,"IOTHUB_CLIENT_CONFIRMATION_OK"
712,10826198397,10826198428,1,"IOTHUB_CLIENT_CONFIRMATION_OK"
713,10826198730,10826198766,1,"IOTHUB_CLIENT_CONFIRMATION_OK"
714,10826199063,10826199094,1,"IOTHUB_CLIENT_CONFIRMATION_OK"
715,10826199396,10826199435,1,"IOTHUB_CLIENT_CONFIRMATION_OK"
716,10826199730,10826199780,1,"IOTHUB_CLIENT_CONFIRMATION_OK"
717,10826200063,10826200091,1,"IOTHUB_CLIENT_CONFIRMATION_OK"
718,10826200396,10826200434,1,"IOTHUB_CLIENT_CONFIRMATION_OK"
719,10826200729,10826200758,1,"IOTHUB_CLIENT_CONFIRMATION_OK"
720,10826201062,10826201094,1,"IOTHUB_CLIENT_CONFIRMATION_OK"
721,10826201395,10826201428,1,"IOTHUB_CLIENT_CONFIRMATION_OK"
722,10826201729,10826201763,1,"IOTHUB_CLIENT_CONFIRMATION_OK"
723,10826202062,10826202094,1,"IOTHUB_CLIENT_CONFIRMATION_OK"
724,10826202395,10826202426,1,"IOTHUB_CLIENT_CONFIRMATION_OK"
725,10826202728,10826202760,1,"IOTHUB_CLIENT_CONFIRMATION_OK"
726,10826203061,10826203091,1,"IOTHUB_CLIENT_CONFIRMATION_OK"
727,10826203394,10826203437,1,"IOTHUB_CLIENT_CONFIRMATION_OK"
728,10826203728,10826203761,1,"IOTHUB_CLIENT_CONFIRMATION_OK"
729,10826204061,10826204110,1,"IOTHUB_CLIENT_CONFIRMATION_OK"
730,10826204394,10826204435,1,"IOTHUB_CLIENT_CONFIRMATION_OK"
731,10826204727,10826204776,1,"IOTHUB_CLIENT_CONFIRMATION_OK"
732,10826205060,10826205091,1,"IOTHUB_CLIENT_CONFIRMATION_OK"
733,10826205393,10826205511,1,"IOTHUB_CLIENT_CONFIRMATION_OK"
734,10826205726,10826205772,1,"IOTHUB_CLIENT_CONFIRMATION_OK"
735,10826206060,10826206274,1,"IOTHUB_CLIENT_CONFIRMATION_OK"
736,10826206393,10826206424,1,"IOTHUB_CLIENT_CONFIRMATION_OK"
737,10826206726,10826206782,1,"IOTHUB_CLIENT_CONFIRMATION_OK"
738,10826207059,10826207264,1,"IOTHUB_CLIENT_CONFIRMATION_OK"
739,10826207392,10826207422,1,"IOTHUB_CLIENT_CONFIRMATION_OK"
740,10826207725,10826207759,1,"IOTHUB_CLIENT_CONFIRMATION_OK"
741,10826208059,10826208348,1,"IOTHUB_CLIENT_CONFIRMATION_OK"
742,10826208392,10826208426,1,"IOTHUB_CLIENT_CONFIRMATION_OK"
743,10826208725,10826208771,1,"IOTHUB_CLIENT_CONFIRMATION_OK"
744,10826209058,10826209093,1,"IOTHUB_CLIENT_CONFIRMATION_OK"
745,10826209391,10826209473,1,"IOTHUB_CLIENT_CONFIRMATION_OK"
746,10826209724,10826209755,1,"IOTHUB_CLIENT_CONFIRMATION_OK"
747,10826210057,10826210094,1,"IOTHUB_CLIENT_CONFIRMATION_OK"
748,10826210391,10826210436,1,"IOTHUB_CLIENT_CONFIRMATION_OK"
749,10826210724,10826210755,1,"IOTHUB_CLIENT_CONFIRMATION_OK"
750,10826211057,10826211210,1,"IOTHUB_CLIENT_CONFIRMATION_OK"
751,10826211390,10826211432,1,"IOTHUB_CLIENT_CONFIRMATION_OK"
752,10826211723,10826211754,1,"IOTHUB_CLIENT_CONFIRMATION_OK"
753,10826212056,10826212093,1,"IOTHUB_CLIENT_CONFIRMATION_OK"
754,10826212390,10826212419,1,"IOTHUB_CLIENT_CONFIRMATION_OK"
755,10826212723,10826212978,1,"IOTHUB_CLIENT_CONFIRMATION_OK"
756,10826213056,10826213177,1,"IOTHUB_CLIENT_CONFIRMATION_OK"
757,10826213389,10826213421,1,"IOTHUB_CLIENT_CONFIRMATION_OK"
758,10826213722,10826213756,1,"IOTHUB_CLIENT_CONFIRMATION_OK"
759,10826214055,10826214095,1,"IOTHUB_CLIENT_CONFIRMATION_OK"
760,10826214388,10826214422,1,"IOTHUB_CLIENT_CONFIRMATION_OK"
761,10826214722,10826214762,1,"IOTHUB_CLIENT_CONFIRMATION_OK"
762,10826215055,10826215089,1,"IOTHUB_CLIENT_CONFIRMATION_OK"
763,10826215388,10826215449,1,"IOTHUB_CLIENT_CONFIRMATION_OK"
764,10826215721,10826215826,1,"IOTHUB_CLIENT_CONFIRMATION_OK"
765,10826216054,10826216088,1,"IOTHUB_CLIENT_CONFIRMATION_OK"
766,10826216387,10826216421,1,"IOTHUB_CLIENT_CONFIRMATION_OK"
767,10826216721,10826216797,1,"IOTHUB_CLIENT_CONFIRMATION_OK"
768,10826217054,10826217114,1,"IOTHUB_CLIENT_CONFIRMATION_OK"
769,10826217387,10826217420,1,"IOTHUB_CLIENT_CONFIRMATION_OK"
770,10826217720,10826217767,1,"IOTHUB_CLIENT_CONFIRMATION_OK"
771,10826218053,10826218086,1,"IOTHUB_CLIENT_CONFIRMATION_OK"
772,10826218386,10826218416,1,"IOTHUB_CLIENT_CONFIRMATION_OK"
773,10826218720,10826218956,1,"IOTHUB_CLIENT_CONFIRMATION_OK"
774,10826219053,10826219091,1,"IOTHUB_CLIENT_CONFIRMATION_OK"
775,10826219386,10826219475,1,"IOTHUB_CLIENT_CONFIRMATION_OK"
776,10826219719,10826219767,1,"IOTHUB_CLIENT_CONFIRMATION_OK"
777,10826220052,10826220082,1,"IOTHUB_CLIENT_CONFIRMATION_OK"
778,10826220385,10826220433,1,"IOTHUB_CLIENT_CONFIRMATION_OK"
779,10826220719,10826220753,1,"IOTHUB_CLIENT_CONFIRMATION_OK"
780,10826221052,10826221090,1,"IOTHUB_CLIENT_CONFIRMATION_OK"
781,10826221385,10826221434,1,"IOTHUB_CLIENT_CONFIRMATION_OK"
782,10826221718,10826221751,1,"IOTHUB_CLIENT_CONFIRMATION_OK"
783,10826222051,10826222084,1,"IOTHUB_CLIENT_CONFIRMATION_OK"
784,10826222384,10826222423,1,"IOTHUB_CLIENT_CONFIRMATION_OK"
785,10826222718,10826222751,1,"IOTHUB_CLIENT_CONFIRMATION_OK"
786,10826223051,10826223091,1,"IOTHUB_CLIENT_CONFIRMATION_OK"
787,10826223384,10826223413,1,"IOTHUB_CLIENT_CONFIRMATION_OK"
788,10826223717,10826223747,1,"IOTHUB_CLIENT_CONFIRMATION_OK"
789,10826224050,10826224086,1,"IOTHUB_CLIENT_CONFIRMATION_OK"
790,10826224383,10826224415,1,"IOTHUB_CLIENT_CONFIRMATION_OK"
791,10826224717,10826224751,1,"IOTHUB_CLIENT_CONFIRMATION_OK"
792,10826225050,10826225080,1,"IOTHUB_CLIENT_CONFIRMATION_OK"
793,10826225383,10826225416,1,"IOTHUB_CLIENT_CONFIRMATION_OK"
794,10826225716,10826225747,1,"IOTHUB_CLIENT_CONFIRMATION_OK"
795,10826226049,10826226110,1,"IOTHUB_CLIENT_CONFIRMATION_OK"
796,10826226382,10826226413,1,"IOTHUB_CLIENT_CONFIRMATION_OK"
797,10826226716,10826226749,1,"IOTHUB_CLIENT_CONFIRMATION_OK"
798,10826227049,10826227078,1,"IOTHUB_CLIENT_CONFIRMATION_OK"
799,10826227382,10826227495,1,"IOTHUB_CLIENT_CONFIRMATION_OK"
800,10826227715,10826227747,1,"IOTHUB_CLIENT_CONFIRMATION_OK"
801,10826228048,10826228078,1,"IOTHUB_CLIENT_CONFIRMATION_OK"
802,10826228381,10826228415,1,"IOTHUB_CLIENT_CONFIRMATION_OK"
803,10826228715,10826228747,1,"IOTHUB_CLIENT_CONFIRMATION_OK"
804,10826229048,10826229077,1,"IOTHUB_CLIENT_CONFIRMATION_OK"
805,10826229381,10826229411,1,"IOTHUB_CLIENT_CONFIRMATION_OK"
806,10826229714,10826229911,1,"IOTHUB_CLIENT_CONFIRMATION_OK"
807,10826230047,10826230226,1,"IOTHUB_CLIENT_CONFIRMATION_OK"
808,10826230380,10826230525,1,"IOTHUB_CLIENT_CONFIRMATION_OK"
809,10826230713,10826230779,1,"IOTHUB_CLIENT_CONFIRMATION_OK"
810,10826231047,10826231076,1,"IOTHUB_CLIENT_CONFIRMATION_OK"
811,10826231380,10826231414,1,"IOTHUB_CLIENT_CONFIRMATION_OK"
812,10826231713,10826231897,1,"IOTHUB_CLIENT_CONFIRMATION_OK"
813,10826232046,10826232089,1,"IOTHUB_CLIENT_CONFIRMATION_OK"
814,10826232379,10826232472,1,"IOTHUB_CLIENT_CONFIRMATION_OK"
815,10826232712,10826232751,1,"IOTHUB_CLIENT_CONFIRMATION_OK"
816,10826233046,10826233108,1,"IOTHUB_CLIENT_CONFIRMATION_OK"
817,10826233379,10826233408,1,"IOTHUB_CLIENT_CONFIRMATION_OK"
818,10826233712,10826233767,1,"IOTHUB_CLIENT_CONFIRMATION_OK"
819,10826234045,10826234076,1,"IOTHUB_CLIENT_CONFIRMATION_OK"
820,10826234378,10826234448,1,"IOTHUB_CLIENT_CONFIRMATION_OK"
821,10826234711,10826234744,1,"IOTHUB_CLIENT_CONFIRMATION_OK"
822,10826235044,10826235089,1,"IOTHUB_CLIENT_CONFIRMATION_OK"
823,10826235378,10826235429,1,"IOTHUB_CLIENT_CONFIRMATION_OK"
824,10826235711,10826235746,1,"IOTHUB_CLIENT_CONFIRMATION_OK"
825,10826236044,10826236085,1,"IOTHUB_CLIENT_CONFIRMATION_OK"
826,10826236377,10826236407,1,"IOTHUB_CLIENT_CONFIRMATION_OK"
827,10826236710,10826236743,1,"IOTHUB_CLIENT_CONFIRMATION_OK"
828,10826237043,10826237074,1,"IOTHUB_CLIENT_CONFIRMATION_OK"
829,10826237377,10826237409,1,"IOTHUB_CLIENT_CONFIRMATION_OK"
830,10826237710,10826237740,1,"IOTHUB_CLIENT_CONFIRMATION_OK"
831,10826238043,10826238122,1,"IOTHUB_CLIENT_CONFIRMATION_OK"
832,10826238376,10826238441,1,"IOTHUB_CLIENT_CONFIRMATION_OK"
833,10826238709,10826238832,1,"IOTHUB_CLIENT_CONFIRMATION_OK"
834,10826239042,10826239074,1,"IOTHUB_CLIENT_CONFIRMATION_OK"
835,10826239376,10826239533,1,"IOTHUB_CLIENT_CONFIRMATION_OK"
836,10826239709,10826239790,1,"IOTHUB_CLIENT_CONFIRMATION_OK"
837,10826240042,10826240075,1,"IOTHUB_CLIENT_CONFIRMATION_OK"
838,10826240375,10826240455,1,"IOTHUB_CLIENT_CONFIRMATION_OK"
839,10826240708,10826240742,1,"IOTHUB_CLIENT_CONFIRMATION_OK"
840,10826241041,10826241080,1,"IOTHUB_CLIENT_CONFIRMATION_OK"
841,10826241374,10826241450,1,"IOTHUB_CLIENT_CONFIRMATION_OK"
842,10826241708,10826241744,1,"IOTHUB_CLIENT_CONFIRMATION_OK"
843,10826242041,10826242114,1,"IOTHUB_CLIENT_CONFIRMATION_OK"
844,10826242374,10826242577,1,"IOTHUB_CLIENT_CONFIRMATION_OK"
845,10826242707,10826242744,1,"IOTHUB_CLIENT_CONFIRMATION_OK"
846,10826243040,10826243130,1,"IOTHUB_CLIENT_CONFIRMATION_OK"
847,10826243373,10826243477,1,"IOTHUB_CLIENT_CONFIRMATION_OK"
848,10826243707,10826243738,1,"IOTHUB_CLIENT_CONFIRMATION_OK"
849,10826244040,10826244085,1,"IOTHUB_CLIENT_CONFIRMATION_OK"
850,10826244373,10826244404,1,"IOTHUB_CLIENT_CONFIRMATION_OK"
851,10826244706,10826244738,1,"IOTHUB_CLIENT_CONFIRMATION_OK"
852,10826245039,10826245085,1,"IOTHUB_CLIENT_CONFIRMATION_OK"
853,10826245372,10826245404,1,"IOTHUB_CLIENT_CONFIRMATION_OK"
854,10826245706,10826245735,1,"IOTHUB_CLIENT_CONFIRMATION_OK"
855,10826246039,10826246121,1,"IOTHUB_CLIENT_CONFIRMATION_OK"
856,10826246372,10826246473,1,"IOTHUB_CLIENT_CONFIRMATION_OK"
857,10826246705,10826246740,1,"IOTHUB_CLIENT_CONFIRMATION_OK"
858,10826247038,10826247069,1,"IOTHUB_CLIENT_CONFIRMATION_OK"
859,10826247371,10826247456,1,"IOTHUB_CLIENT_CONFIRMATION_OK"
860,10826247705,10826247791,1,"IOTHUB_CLIENT_CONFIRMATION_OK"
861,10826248038,10826248069,1,"IOTHUB_CLIENT_CONFIRMATION_OK"
862,10826248371,10826248403,1,"IOTHUB_CLIENT_CONFIRMATION_OK"
863,10826248704,10826248739,1,"IOTHUB_CLIENT_CONFIRMATION_OK"
864,10826249037,10826249072,1,"IOTHUB_CLIENT_CONFIRMATION_OK"
865,10826249370,10826249403,1,"IOTHUB_CLIENT_CONFIRMATION_OK"
866,10826249703,10826249736,1,"IOTHUB_CLIENT_CONFIRMATION_OK"
867,10826250037,10826250088,1,"IOTHUB_CLIENT_CONFIRMATION_OK"
868,10826250370,10826250424,1,"IOTHUB_CLIENT_CONFIRMATION_OK"
869,10826250703,10826250736,1,"IOTHUB_CLIENT_CONFIRMATION_OK"
870,10826251036,10826251067,1,"IOTHUB_CLIENT_CONFIRMATION_OK"
871,10826251369,10826251410,1,"IOTHUB_CLIENT_CONFIRMATION_OK"
872,10826251702,10826251735,1,"IOTHUB_CLIENT_CONFIRMATION_OK"
873,10826252036,10826252068,1,"IOTHUB_CLIENT_CONFIRMATION_OK"
874,10826252369,10826252421,1,"IOTHUB_CLIENT_CONFIRMATION_OK"
875,10826252702,10826252763,1,"IOTHUB_CLIENT_CONFIRMATION_OK"
876,10826253035,10826253069,1,"IOTHUB_CLIENT_CONFIRMATION_OK"
877,10826253368,10826253397,1,"IOTHUB_CLIENT_CONFIRMATION_OK"
878,10826253701,10826253735,1,"IOTHUB_CLIENT_CONFIRMATION_OK"
879,10826254035,10826254092,1,"IOTHUB_CLIENT_CONFIRMATION_OK"
880,10826254368,10826254398,1,"IOTHUB_CLIENT_CONFIRMATION_OK"
881,10826254701,10826254732,1,"IOTHUB_CLIENT_CONFIRMATION_OK"
882,10826255034,10826255103,1,"IOTHUB_CLIENT_CONFIRMATION_OK"
883,10826255367,10826255401,1,"IOTHUB_CLIENT_CONFIRMATION_OK"
884,10826255700,10826255788,1,"IOTHUB_CLIENT_CONFIRMATION_OK"
885,10826256034,10826256074,1,"IOTHUB_CLIENT_CONFIRMATION_OK"
886,10826256367,10826256411,1,"IOTHUB_CLIENT_CONFIRMATION_OK"
887,10826256700,10826256753,1,"IOTHUB_CLIENT_CONFIRMATION_OK"
888,10826257033,10826257075,1,"IOTHUB_CLIENT_CONFIRMATION_OK"
889,10826257366,10826257402,1,"IOTHUB_CLIENT_CONFIRMATION_OK"
890,10826257699,10826257728,1,"IOTHUB_CLIENT_CONFIRMATION_OK"
891,10826258033,10826258141,1,"IOTHUB_CLIENT_CONFIRMATION_OK"
892,10826258366,10826258396,1,"IOTHUB_CLIENT_CONFIRMATION_OK"
893,10826258699,10826258732,1,"IOTHUB_CLIENT_CONFIRMATION_OK"
894,10826259032,10826259069,1,"IOTHUB_CLIENT_CONFIRMATION_OK"
895,10826259365,10826259396,1,"IOTHUB_CLIENT_CONFIRMATION_OK"
896,10826259698,10826259732,1,"IOTHUB_CLIENT_CONFIRMATION_OK"
897,10826260032,10826260091,1,"IOTHUB_CLIENT_CONFIRMATION_OK"
898,10826260365,10826260395,1,"IOTHUB_CLIENT_CONFIRMATION_OK"
899,10826260698,10826260726,1,"IOTHUB_CLIENT_CONFIRMATION_OK"
