Message ID,Send Time,Receive Time,Status,Error
0,10825961369,10825961533,1,"IOTHUB_CLIENT_CONFIRMATION_OK"
1,10825961703,10825961732,1,"IOTHUB_CLIENT_CONFIRMATION_OK"
2,10825962036,10825962069,1,"IOTHUB_CLIENT_CONFIRMATION_OK"
3,10825962369,10825962400,1,"IOTHUB_CLIENT_CONFIRMATION_OK"
4,10825962702,10825962730,1,"IOTHUB_CLIENT_CONFIRMATION_OK"
5,10825963035,10825963063,1,"IOTHUB_CLIENT_CONFIRMATION_OK"
6,10825963368,10825963406,1,"IOTHUB_CLIENT_CONFIRMATION_OK"
7,10825963702,10825963731,1,"IOTHUB_CLIENT_CONFIRMATION_OK"
8,10825964035,10825964088,1,"IOTHUB_CLIENT_CONFIRMATION_OK"
9,10825964368,10825964398,1,"IOTHUB_CLIENT_CONFIRMATION_OK"
10,10825964701,10825964729,1,"IOTHUB_CLIENT_CONFIRMATION_OK"
11,10825965034,10825965062,1,"IOTHUB_CLIENT_CONFIRMATION_OK"
12,10825965367,10825965402,1,"IOTHUB_CLIENT_CONFIRMATION_OK"
13,10825965700,10825965731,1,"IOTHUB_CLIENT_CONFIRMATION_OK"
14,10825966034,10825966088,1,"IOTHUB_CLIENT_CONFIRMATION_OK"
15,10825966367,10825966395,1,"IOTHUB_CLIENT_CONFIRMATION_OK"
16,10825966700,10825966728,1,"IOTHUB_CLIENT_CONFIRMATION_OK"
17,10825967033,10825967078,1,"IOTHUB_CLIENT_CONFIRMATION_OK"
18,10825967366,10825967395,1,"IOTHUB_CLIENT_CONFIRMATION_OK"
19,10825967699,10825967729,1,"IOTHUB_CLIENT_CONFIRMATION_OK"
20,10825968032,10825968061,1,"IOTHUB_CLIENT_CONFIRMATION_OK"
21,10825968366,10825968395,1,"IOTHUB_CLIENT_CONFIRMATION_OK"
22,10825968699,10825968842,1,"IOTHUB_CLIENT_CONFIRMATION_OK"
23,10825969032,10825969061,1,"IOTHUB_CLIENT_CONFIRMATION_OK"
24,10825969365,10825969399,1,"IOTHUB_CLIENT_CONFIRMATION_OK"
25,10825969698,10825969735,1,"IOTHUB_CLIENT_CONFIRMATION_OK"
26,10825970031,10825970061,1,"IOTHUB_CLIENT_CONFIRMATION_OK"
27,10825970365,10825970393,1,"IOTHUB_CLIENT_CONFIRMATION_OK"
28,10825970698,10825970726,1,"IOTHUB_CLIENT_CONFIRMATION_OK"
29,10825971031,10825971075,1,"IOTHUB_CLIENT_CONFIRMATION_OK"
30,10825971364,10825971395,1,"IOTHUB_CLIENT_CONFIRMATION_OK"
31,10825971697,10825971727,1,"IOTHUB_CLIENT_CONFIRMATION_OK"
32,10825972030,10825972093,1,"IOTHUB_CLIENT_CONFIRMATION_OK"
33,10825972364,10825972392,1,"IOTHUB_CLIENT_CONFIRMATION_OK"
34,10825972697,10825972725,1,"IOTHUB_CLIENT_CONFIRMATION_OK"
35,10825973030,10825973106,1,"IOTHUB_CLIENT_CONFIRMATION_OK"
36,10825973363,10825973393,1,"IOTHUB_CLIENT_CONFIRMATION_OK"
37,10825973696,10825973725,1,"IOTHUB_CLIENT_CONFIRMATION_OK"
38,10825974029,10825974058,1,"IOTHUB_CLIENT_CONFIRMATION_OK"
39,10825974363,10825974413,1,"IOTHUB_CLIENT_CONFIRMATION_OK"
40,10825974696,10825974725,1,"IOTHUB_CLIENT_CONFIRMATION_OK"
41,10825975029,10825975059,1,"IOTHUB_CLIENT_CONFIRMATION_OK"
42,10825975362,10825975390,1,"IOTHUB_CLIENT_CONFIRMATION_OK"
43,10825975695,10825975723,1,"IOTHUB_CLIENT_CONFIRMATION_OK"
44,10825976028,10825976058,1,"IOTHUB_CLIENT_CONFIRMATION_OK"
45,10825976362,10825976401,1,"IOTHUB_CLIENT_CONFIRMATION_OK"
46,10825976695,10825976724,1,"IOTHUB_CLIENT_CONFIRMATION_OK"
47,10825977028,10825977057,1,"IOTHUB_CLIENT_CONFIRMATION_OK"
48,10825977361,10825977471,1,"IOTHUB_CLIENT_CONFIRMATION_OK"
49,10825977694,10825977723,1,"IOTHUB_CLIENT_CONFIRMATION_OK"
50,10825978027,10825978055,1,"IOTHUB_CLIENT_CONFIRMATION_OK"
51,10825978360,10825978389,1,"IOTHUB_CLIENT_CONFIRMATION_OK"
52,10825978694,10825978723,1,"IOTHUB_CLIENT_CONFIRMATION_OK"
53,10825979027,10825979058,1,"IOTHUB_CLIENT_CONFIRMATION_OK"
54,10825979360,10825979394,1,"IOTHUB_CLIENT_CONFIRMATION_OK"
55,10825979693,10825979747,1,"IOTHUB_CLIENT_CONFIRMATION_OK"
56,10825980026,10825980056,1,"IOTHUB_CLIENT_CONFIRMATION_OK"
57,10825980359,10825980388,1,"IOTHUB_CLIENT_CONFIRMATION_OK"
58,10825980693,10825980780,1,"IOTHUB_CLIENT_CONFIRMATION_OK"
59,10825981026,10825981068,1,"IOTHUB_CLIENT_CONFIRMATION_OK"
60,10825981359,10825981390,1,"IOTHUB_CLIENT_CONFIRMATION_OK"
61,10825981692,10825981791,1,"IOTHUB_CLIENT_CONFIRMATION_OK"
62,10825982025,10825982054,1,"IOTHUB_CLIENT_CONFIRMATION_OK"
63,10825982358,10825982387,1,"IOTHUB_CLIENT_CONFIRMATION_OK"
64,10825982692,10825982720,1,"IOTHUB_CLIENT_CONFIRMATION_OK"
65,10825983025,10825983054,1,"IOTHUB_CLIENT_CONFIRMATION_OK"
66,10825983358,10825983387,1,"IOTHUB_CLIENT_CONFIRMATION_OK"
67,10825983691,10825983720,1,"IOTHUB_CLIENT_CONFIRMATION_OK"
68,10825984024,10825984052,1,"IOTHUB_CLIENT_CONFIRMATION_OK"
69,10825984357,10825984386,1,"IOTHUB_CLIENT_CONFIRMATION_OK"
70,10825984690,10825984720,1,"IOTHUB_CLIENT_CONFIRMATION_OK"
71,10825985024,10825985162,1,"IOTHUB_CLIENT_CONFIRMATION_OK"
72,10825985357,10825985385,1,"IOTHUB_CLIENT_CONFIRMATION_OK"
73,10825985690,10825985757,1,"IOTHUB_CLIENT_CONFIRMATION_OK"
74,10825986023,10825986055,1,"IOTHUB_CLIENT_CONFIRMATION_OK"
75,10825986356,10825986388,1,"IOTHUB_CLIENT_CONFIRMATION_OK"
76,10825986689,10825986719,1,"IOTHUB_CLIENT_CONFIRMATION_OK"
77,10825987023,10825987050,1,"IOTHUB_CLIENT_CONFIRMATION_OK"
78,10825987356,10825987385,1,"IOTHUB_CLIENT_CONFIRMATION_OK"
79,10825987689,10825987718,1,"IOTHUB_CLIENT_CONFIRMATION_OK"
80,10825988022,10825988050,1,"IOTHUB_CLIENT_CONFIRMATION_OK"
81,10825988355,10825988383,1,"IOTHUB_CLIENT_CONFIRMATION_OK"
82,10825988688,10825988717,1,"IOTHUB_CLIENT_CONFIRMATION_OK"
83,10825989021,10825989051,1,"IOTHUB_CLIENT_CONFIRMATION_OK"
84,10825989355,10825989386,1,"IOTHUB_CLIENT_CONFIRMATION_OK"
85,10825989688,10825989716,1,"IOTHUB_CLIENT_CONFIRMATION_OK"
86,10825990021,10825990049,1,"IOTHUB_CLIENT_CONFIRMATION_OK"
87,10825990354,10825990389,1,"IOTHUB_CLIENT_CONFIRMATION_OK"
88,10825990687,10825990718,1,"IOTHUB_CLIENT_CONFIRMATION_OK"
89,10825991020,10825991053,1,"IOTHUB_CLIENT_CONFIRMATION_OK"
90,10825991354,10825991386,1,"IOTHUB_CLIENT_CONFIRMATION_OK"
91,10825991687,10825991719,1,"IOTHUB_CLIENT_CONFIRMATION_OK"
92,10825992020,10825992051,1,"IOTHUB_CLIENT_CONFIRMATION_OK"
93,10825992353,10825992382,1,"IOTHUB_CLIENT_CONFIRMATION_OK"
94,10825992686,10825992717,1,"IOTHUB_CLIENT_CONFIRMATION_OK"
95,10825993019,10825993050,1,"IOTHUB_CLIENT_CONFIRMATION_OK"
96,10825993352,10825993384,1,"IOTHUB_CLIENT_CONFIRMATION_OK"
97,10825993686,10825993715,1,"IOTHUB_CLIENT_CONFIRMATION_OK"
98,10825994019,10825994082,1,"IOTHUB_CLIENT_CONFIRMATION_OK"
99,10825994352,10825994380,1,"IOTHUB_CLIENT_CONFIRMATION_OK"
100,10825994685,10825994717,1,"IOTHUB_CLIENT_CONFIRMATION_OK"
101,10825995018,10825995074,1,"IOTHUB_CLIENT_CONFIRMATION_OK"
102,10825995351,10825995388,1,"IOTHUB_CLIENT_CONFIRMATION_OK"
103,10825995685,10825995714,1,"IOTHUB_CLIENT_CONFIRMATION_OK"
104,10825996018,10825996046,1,"IOTHUB_CLIENT_CONFIRMATION_OK"
105,10825996351,10825996380,1,"IOTHUB_CLIENT_CONFIRMATION_OK"
106,10825996684,10825996714,1,"IOTHUB_CLIENT_CONFIRMATION_OK"
107,10825997017,10825997047,1,"IOTHUB_CLIENT_CONFIRMATION_OK"
108,10825997350,10825997378,1,"IOTHUB_CLIENT_CONFIRMATION_OK"
109,10825997683,10825997714,1,"IOTHUB_CLIENT_CONFIRMATION_OK"
110,10825998017,10825998046,1,"IOTHUB_CLIENT_CONFIRMATION_OK"
111,10825998350,10825998391,1,"IOTHUB_CLIENT_CONFIRMATION_OK"
112,10825998683,10825998712,1,"IOTHUB_CLIENT_CONFIRMATION_OK"
113,10825999016,10825999045,1,"IOTHUB_CLIENT_CONFIRMATION_OK"
114,10825999349,10825999381,1,"IOTHUB_CLIENT_CONFIRMATION_OK"
115,10825999682,10825999711,1,"IOTHUB_CLIENT_CONFIRMATION_OK"
116,10826000015,10826000045,1,"IOTHUB_CLIENT_CONFIRMATION_OK"
117,10826000349,10826000377,1,"IOTHUB_CLIENT_CONFIRMATION_OK"
118,10826000682,10826000711,1,"IOTHUB_CLIENT_CONFIRMATION_OK"
119,10826001015,10826001044,1,"IOTHUB_CLIENT_CONFIRMATION_OK"
120,10826001348,10826001376,1,"IOTHUB_CLIENT_CONFIRMATION_OK"
121,10826001681,10826001711,1,"IOTHUB_CLIENT_CONFIRMATION_OK"
122,10826002014,10826002042,1,"IOTHUB_CLIENT_CONFIRMATION_OK"
123,10826002348,10826002475,1,"IOTHUB_CLIENT_CONFIRMATION_OK"
124,10826002681,10826002710,1,"IOTHUB_CLIENT_CONFIRMATION_OK"
125,10826003014,10826003043,1,"IOTHUB_CLIENT_CONFIRMATION_OK"
126,10826003347,10826003378,1,"IOTHUB_CLIENT_CONFIRMATION_OK"
127,10826003680,10826003708,1,"IOTHUB_CLIENT_CONFIRMATION_OK"
128,10826004013,10826004042,1,"IOTHUB_CLIENT_CONFIRMATION_OK"
129,10826004346,10826004377,1,"IOTHUB_CLIENT_CONFIRMATION_OK"
130,10826004680,10826004726,1,"IOTHUB_CLIENT_CONFIRMATION_OK"
131,10826005013,10826005045,1,"IOTHUB_CLIENT_CONFIRMATION_OK"
132,10826005346,10826005375,1,"IOTHUB_CLIENT_CONFIRMATION_OK"
133,10826005679,10826005743,1,"IOTHUB_CLIENT_CONFIRMATION_OK"
134,10826006012,10826006044,1,"IOTHUB_CLIENT_CONFIRMATION_OK"
135,10826006345,10826006375,1,"IOTHUB_CLIENT_CONFIRMATION_OK"
136,10826006679,10826006753,1,"IOTHUB_CLIENT_CONFIRMATION_OK"
137,10826007012,10826007049,1,"IOTHUB_CLIENT_CONFIRMATION_OK"
138,10826007345,10826007375,1,"IOTHUB_CLIENT_CONFIRMATION_OK"
139,10826007678,10826007706,1,"IOTHUB_CLIENT_CONFIRMATION_OK"
140,10826008011,10826008039,1,"IOTHUB_CLIENT_CONFIRMATION_OK"
141,10826008344,10826008373,1,"IOTHUB_CLIENT_CONFIRMATION_OK"
142,10826008677,10826008712,1,"IOTHUB_CLIENT_CONFIRMATION_OK"
143,10826009011,10826009040,1,"IOTHUB_CLIENT_CONFIRMATION_OK"
144,10826009344,10826009373,1,"IOTHUB_CLIENT_CONFIRMATION_OK"
145,10826009677,10826009706,1,"IOTHUB_CLIENT_CONFIRMATION_OK"
146,10826010010,10826010040,1,"IOTHUB_CLIENT_CONFIRMATION_OK"
147,10826010343,10826010371,1,"IOTHUB_CLIENT_CONFIRMATION_OK"
148,10826010676,10826010711,1,"IOTHUB_CLIENT_CONFIRMATION_OK"
149,10826011010,10826011125,1,"IOTHUB_CLIENT_CONFIRMATION_OK"
150,10826011343,10826011371,1,"IOTHUB_CLIENT_CONFIRMATION_OK"
151,10826011676,10826011705,1,"IOTHUB_CLIENT_CONFIRMATION_OK"
152,10826012009,10826012039,1,"IOTHUB_CLIENT_CONFIRMATION_OK"
153,10826012342,10826012371,1,"IOTHUB_CLIENT_CONFIRMATION_OK"
154,10826012675,10826012704,1,"IOTHUB_CLIENT_CONFIRMATION_OK"
155,10826013008,10826013047,1,"IOTHUB_CLIENT_CONFIRMATION_OK"
156,10826013342,10826013383,1,"IOTHUB_CLIENT_CONFIRMATION_OK"
157,10826013675,10826013704,1,"IOTHUB_CLIENT_CONFIRMATION_OK"
158,10826014008,10826014036,1,"IOTHUB_CLIENT_CONFIRMATION_OK"
159,10826014341,10826014394,1,"IOTHUB_CLIENT_CONFIRMATION_OK"
160,10826014674,10826014703,1,"IOTHUB_CLIENT_CONFIRMATION_OK"
161,10826015008,10826015036,1,"IOTHUB_CLIENT_CONFIRMATION_OK"
162,10826015341,10826015410,1,"IOTHUB_CLIENT_CONFIRMATION_OK"
163,10826015674,10826015703,1,"IOTHUB_CLIENT_CONFIRMATION_OK"
164,10826016007,10826016036,1,"IOTHUB_CLIENT_CONFIRMATION_OK"
165,10826016340,10826016370,1,"IOTHUB_CLIENT_CONFIRMATION_OK"
166,10826016673,10826016702,1,"IOTHUB_CLIENT_CONFIRMATION_OK"
167,10826017006,10826017036,1,"IOTHUB_CLIENT_CONFIRMATION_OK"
168,10826017340,10826017368,1,"IOTHUB_CLIENT_CONFIRMATION_OK"
169,10826017673,10826017702,1,"IOTHUB_CLIENT_CONFIRMATION_OK"
170,10826018006,10826018034,1,"IOTHUB_CLIENT_CONFIRMATION_OK"
171,10826018339,10826018367,1,"IOTHUB_CLIENT_CONFIRMATION_OK"
172,10826018672,10826018700,1,"IOTHUB_CLIENT_CONFIRMATION_OK"
173,10826019005,10826019033,1,"IOTHUB_CLIENT_CONFIRMATION_OK"
174,10826019339,10826019371,1,"IOTHUB_CLIENT_CONFIRMATION_OK"
175,10826019672,10826019699,1,"IOTHUB_CLIENT_CONFIRMATION_OK"
176,10826020005,10826020033,1,"IOTHUB_CLIENT_CONFIRMATION_OK"
177,10826020338,10826020369,1,"IOTHUB_CLIENT_CONFIRMATION_OK"
178,10826020671,10826020752,1,"IOTHUB_CLIENT_CONFIRMATION_OK"
179,10826021004,10826021032,1,"IOTHUB_CLIENT_CONFIRMATION_OK"
180,10826021338,10826021367,1,"IOTHUB_CLIENT_CONFIRMATION_OK"
181,10826021671,10826021698,1,"IOTHUB_CLIENT_CONFIRMATION_OK"
182,10826022004,10826022032,1,"IOTHUB_CLIENT_CONFIRMATION_OK"
183,10826022337,10826022368,1,"IOTHUB_CLIENT_CONFIRMATION_OK"
184,10826022670,10826022698,1,"IOTHUB_CLIENT_CONFIRMATION_OK"
185,10826023003,10826023071,1,"IOTHUB_CLIENT_CONFIRMATION_OK"
186,10826023336,10826023364,1,"IOTHUB_CLIENT_CONFIRMATION_OK"
187,10826023670,10826023698,1,"IOTHUB_CLIENT_CONFIRMATION_OK"
188,10826024003,10826024031,1,"IOTHUB_CLIENT_CONFIRMATION_OK"
189,10826024336,10826024365,1,"IOTHUB_CLIENT_CONFIRMATION_OK"
190,10826024669,10826024699,1,"IOTHUB_CLIENT_CONFIRMATION_OK"
191,10826025002,10826025031,1,"IOTHUB_CLIENT_CONFIRMATION_OK"
192,10826025335,10826025363,1,"IOTHUB_CLIENT_CONFIRMATION_OK"
193,10826025669,10826025699,1,"IOTHUB_CLIENT_CONFIRMATION_OK"
194,10826026002,10826026036,1,"IOTHUB_CLIENT_CONFIRMATION_OK"
195,10826026335,10826026364,1,"IOTHUB_CLIENT_CONFIRMATION_OK"
196,10826026668,10826026701,1,"IOTHUB_CLIENT_CONFIRMATION_OK"
197,10826027001,10826027029,1,"IOTHUB_CLIENT_CONFIRMATION_OK"
198,10826027334,10826027363,1,"IOTHUB_CLIENT_CONFIRMATION_OK"
199,10826027667,10826027699,1,"IOTHUB_CLIENT_CONFIRMATION_OK"
200,10826028001,10826028042,1,"IOTHUB_CLIENT_CONFIRMATION_OK"
201,10826028334,10826028362,1,"IOTHUB_CLIENT_CONFIRMATION_OK"
202,10826028667,10826028696,1,"IOTHUB_CLIENT_CONFIRMATION_OK"
203,10826029000,10826029030,1,"IOTHUB_CLIENT_CONFIRMATION_OK"
204,10826029333,10826029483,1,"IOTHUB_CLIENT_CONFIRMATION_OK"
205,10826029666,10826029694,1,"IOTHUB_CLIENT_CONFIRMATION_OK"
206,10826030000,10826030029,1,"IOTHUB_CLIENT_CONFIRMATION_OK"
207,10826030333,10826030363,1,"IOTHUB_CLIENT_CONFIRMATION_OK"
208,10826030666,10826030698,1,"IOTHUB_CLIENT_CONFIRMATION_OK"
209,10826030999,10826031028,1,"IOTHUB_CLIENT_CONFIRMATION_OK"
210,10826031332,10826031369,1,"IOTHUB_CLIENT_CONFIRMATION_OK"
211,10826031665,10826031711,1,"IOTHUB_CLIENT_CONFIRMATION_OK"
212,10826031999,10826032027,1,"IOTHUB_CLIENT_CONFIRMATION_OK"
213,10826032332,10826032363,1,"IOTHUB_CLIENT_CONFIRMATION_OK"
214,10826032665,10826032744,1,"IOTHUB_CLIENT_CONFIRMATION_OK"
215,10826032998,10826033027,1,"IOTHUB_CLIENT_CONFIRMATION_OK"
216,10826033331,10826033376,1,"IOTHUB_CLIENT_CONFIRMATION_OK"
217,10826033664,10826033696,1,"IOTHUB_CLIENT_CONFIRMATION_OK"
218,10826033997,10826034027,1,"IOTHUB_CLIENT_CONFIRMATION_OK"
219,10826034331,10826034360,1,"IOTHUB_CLIENT_CONFIRMATION_OK"
220,10826034664,10826034694,1,"IOTHUB_CLIENT_CONFIRMATION_OK"
221,10826034997,10826035028,1,"IOTHUB_CLIENT_CONFIRMATION_OK"
222,10826035330,10826035363,1,"IOTHUB_CLIENT_CONFIRMATION_OK"
223,10826035663,10826035691,1,"IOTHUB_CLIENT_CONFIRMATION_OK"
224,10826035996,10826036026,1,"IOTHUB_CLIENT_CONFIRMATION_OK"
225,10826036330,10826036358,1,"IOTHUB_CLIENT_CONFIRMATION_OK"
226,10826036663,10826036693,1,"IOTHUB_CLIENT_CONFIRMATION_OK"
227,10826036996,10826037033,1,"IOTHUB_CLIENT_CONFIRMATION_OK"
228,10826037329,10826037361,1,"IOTHUB_CLIENT_CONFIRMATION_OK"
229,10826037662,10826037697,1,"IOTHUB_CLIENT_CONFIRMATION_OK"
230,10826037995,10826038023,1,"IOTHUB_CLIENT_CONFIRMATION_OK"
231,10826038329,10826038357,1,"IOTHUB_CLIENT_CONFIRMATION_OK"
232,10826038662,10826038690,1,"IOTHUB_CLIENT_CONFIRMATION_OK"
233,10826038995,10826039023,1,"IOTHUB_CLIENT_CONFIRMATION_OK"
234,10826039328,10826039356,1,"IOTHUB_CLIENT_CONFIRMATION_OK"
235,10826039661,10826039690,1,"IOTHUB_CLIENT_CONFIRMATION_OK"
236,10826039994,10826040027,1,"IOTHUB_CLIENT_CONFIRMATION_OK"
237,10826040327,10826040356,1,"IOTHUB_CLIENT_CONFIRMATION_OK"
238,10826040661,10826040688,1,"IOTHUB_CLIENT_CONFIRMATION_OK"
239,10826040994,10826041022,1,"IOTHUB_CLIENT_CONFIRMATION_OK"
240,10826041327,10826041488,1,"IOTHUB_CLIENT_CONFIRMATION_OK"
241,10826041660,10826041691,1,"IOTHUB_CLIENT_CONFIRMATION_OK"
242,10826041993,10826042024,1,"IOTHUB_CLIENT_CONFIRMATION_OK"
243,10826042326,10826042355,1,"IOTHUB_CLIENT_CONFIRMATION_OK"
244,10826042660,10826042691,1,"IOTHUB_CLIENT_CONFIRMATION_OK"
245,10826042993,10826043021,1,"IOTHUB_CLIENT_CONFIRMATION_OK"
246,10826043326,10826043355,1,"IOTHUB_CLIENT_CONFIRMATION_OK"
247,10826043659,10826043744,1,"IOTHUB_CLIENT_CONFIRMATION_OK"
248,10826043992,10826044021,1,"IOTHUB_CLIENT_CONFIRMATION_OK"
249,10826044325,10826044367,1,"IOTHUB_CLIENT_CONFIRMATION_OK"
250,10826044659,10826044784,1,"IOTHUB_CLIENT_CONFIRMATION_OK"
251,10826044992,10826045021,1,"IOTHUB_CLIENT_CONFIRMATION_OK"
252,10826045325,10826045356,1,"IOTHUB_CLIENT_CONFIRMATION_OK"
253,10826045658,10826045829,1,"IOTHUB_CLIENT_CONFIRMATION_OK"
254,10826045991,10826046019,1,"IOTHUB_CLIENT_CONFIRMATION_OK"
255,10826046324,10826046352,1,"IOTHUB_CLIENT_CONFIRMATION_OK"
256,10826046657,10826046686,1,"IOTHUB_CLIENT_CONFIRMATION_OK"
257,10826046991,10826047019,1,"IOTHUB_CLIENT_CONFIRMATION_OK"
258,10826047324,10826047353,1,"IOTHUB_CLIENT_CONFIRMATION_OK"
259,10826047657,10826047685,1,"IOTHUB_CLIENT_CONFIRMATION_OK"
260,10826047990,10826048023,1,"IOTHUB_CLIENT_CONFIRMATION_OK"
261,10826048323,10826048360,1,"IOTHUB_CLIENT_CONFIRMATION_OK"
262,10826048656,10826048684,1,"IOTHUB_CLIENT_CONFIRMATION_OK"
263,10826048989,10826049115,1,"IOTHUB_CLIENT_CONFIRMATION_OK"
264,10826049323,10826049351,1,"IOTHUB_CLIENT_CONFIRMATION_OK"
265,10826049656,10826049684,1,"IOTHUB_CLIENT_CONFIRMATION_OK"
266,10826049989,10826050141,1,"IOTHUB_CLIENT_CONFIRMATION_OK"
267,10826050322,10826050352,1,"IOTHUB_CLIENT_CONFIRMATION_OK"
268,10826050655,10826050686,1,"IOTHUB_CLIENT_CONFIRMATION_OK"
269,10826050988,10826051016,1,"IOTHUB_CLIENT_CONFIRMATION_OK"
270,10826051322,10826051369,1,"IOTHUB_CLIENT_CONFIRMATION_OK"
271,10826051655,10826051683,1,"IOTHUB_CLIENT_CONFIRMATION_OK"
272,10826051988,10826052016,1,"IOTHUB_CLIENT_CONFIRMATION_OK"
273,10826052321,10826052386,1,"IOTHUB_CLIENT_CONFIRMATION_OK"
274,10826052654,10826052684,1,"IOTHUB_CLIENT_CONFIRMATION_OK"
275,10826052987,10826053020,1,"IOTHUB_CLIENT_CONFIRMATION_OK"
276,10826053321,10826053399,1,"IOTHUB_CLIENT_CONFIRMATION_OK"
277,10826053654,10826053682,1,"IOTHUB_CLIENT_CONFIRMATION_OK"
278,10826053987,10826054016,1,"IOTHUB_CLIENT_CONFIRMATION_OK"
279,10826054320,10826054356,1,"IOTHUB_CLIENT_CONFIRMATION_OK"
280,10826054653,10826054681,1,"IOTHUB_CLIENT_CONFIRMATION_OK"
281,10826054986,10826055016,1,"IOTHUB_CLIENT_CONFIRMATION_OK"
282,10826055319,10826055347,1,"IOTHUB_CLIENT_CONFIRMATION_OK"
283,10826055653,10826055740,1,"IOTHUB_CLIENT_CONFIRMATION_OK"
284,10826055986,10826056015,1,"IOTHUB_CLIENT_CONFIRMATION_OK"
285,10826056319,10826056348,1,"IOTHUB_CLIENT_CONFIRMATION_OK"
286,10826056652,10826056681,1,"IOTHUB_CLIENT_CONFIRMATION_OK"
287,10826056985,10826057019,1,"IOTHUB_CLIENT_CONFIRMATION_OK"
288,10826057318,10826057348,1,"IOTHUB_CLIENT_CONFIRMATION_OK"
289,10826057651,10826057680,1,"IOTHUB_CLIENT_CONFIRMATION_OK"
290,10826057985,10826058012,1,"IOTHUB_CLIENT_CONFIRMATION_OK"
291,10826058318,10826058346,1,"IOTHUB_CLIENT_CONFIRMATION_OK"
292,10826058651,10826058691,1,"IOTHUB_CLIENT_CONFIRMATION_OK"
293,10826058984,10826059014,1,"IOTHUB_CLIENT_CONFIRMATION_OK"
294,10826059317,10826059345,1,"IOTHUB_CLIENT_CONFIRMATION_OK"
295,10826059650,10826059686,1,"IOTHUB_CLIENT_CONFIRMATION_OK"
296,10826059984,10826060014,1,"IOTHUB_CLIENT_CONFIRMATION_OK"
297,10826060317,10826060350,1,"IOTHUB_CLIENT_CONFIRMATION_OK"
298,10826060650,10826060678,1,"IOTHUB_CLIENT_CONFIRMATION_OK"
299,10826060983,10826061034,1,"IOTHUB_CLIENT_CONFIRMATION_OK"
300,10826061316,10826061349,1,"IOTHUB_CLIENT_CONFIRMATION_OK"
301,10826061649,10826061679,1,"IOTHUB_CLIENT_CONFIRMATION_OK"
302,10826061982,10826062010,1,"IOTHUB_CLIENT_CONFIRMATION_OK"
303,10826062316,10826062344,1,"IOTHUB_CLIENT_CONFIRMATION_OK"
304,10826062649,10826062698,1,"IOTHUB_CLIENT_CONFIRMATION_OK"
305,10826062982,10826063010,1,"IOTHUB_CLIENT_CONFIRMATION_OK"
306,10826063315,10826063344,1,"IOTHUB_CLIENT_CONFIRMATION_OK"
307,10826063648,10826063677,1,"IOTHUB_CLIENT_CONFIRMATION_OK"
308,10826063981,10826064010,1,"IOTHUB_CLIENT_CONFIRMATION_OK"
309,10826064314,10826064342,1,"IOTHUB_CLIENT_CONFIRMATION_OK"
310,10826064648,10826064675,1,"IOTHUB_CLIENT_CONFIRMATION_OK"
311,10826064981,10826065010,1,"IOTHUB_CLIENT_CONFIRMATION_OK"
312,10826065314,10826065342,1,"IOTHUB_CLIENT_CONFIRMATION_OK"
313,10826065647,10826065675,1,"IOTHUB_CLIENT_CONFIRMATION_OK"
314,10826065980,10826066008,1,"IOTHUB_CLIENT_CONFIRMATION_OK"
315,10826066313,10826066424,1,"IOTHUB_CLIENT_CONFIRMATION_OK"
316,10826066647,10826066674,1,"IOTHUB_CLIENT_CONFIRMATION_OK"
317,10826066980,10826067007,1,"IOTHUB_CLIENT_CONFIRMATION_OK"
318,10826067313,10826067342,1,"IOTHUB_CLIENT_CONFIRMATION_OK"
319,10826067646,10826067680,1,"IOTHUB_CLIENT_CONFIRMATION_OK"
320,10826067979,10826068011,1,"IOTHUB_CLIENT_CONFIRMATION_OK"
321,10826068312,10826068344,1,"IOTHUB_CLIENT_CONFIRMATION_OK"
322,10826068646,10826068681,1,"IOTHUB_CLIENT_CONFIRMATION_OK"
323,10826068979,10826069016,1,"IOTHUB_CLIENT_CONFIRMATION_OK"
324,10826069312,10826069341,1,"IOTHUB_CLIENT_CONFIRMATION_OK"
325,10826069645,10826069704,1,"IOTHUB_CLIENT_CONFIRMATION_OK"
326,10826069978,10826070012,1,"IOTHUB_CLIENT_CONFIRMATION_OK"
327,10826070311,10826070339,1,"IOTHUB_CLIENT_CONFIRMATION_OK"
328,10826070644,10826070698,1,"IOTHUB_CLIENT_CONFIRMATION_OK"
329,10826070978,10826071005,1,"IOTHUB_CLIENT_CONFIRMATION_OK"
330,10826071311,10826071466,1,"IOTHUB_CLIENT_CONFIRMATION_OK"
331,10826071644,10826071682,1,"IOTHUB_CLIENT_CONFIRMATION_OK"
332,10826071977,10826072006,1,"IOTHUB_CLIENT_CONFIRMATION_OK"
333,10826072310,10826072338,1,"IOTHUB_CLIENT_CONFIRMATION_OK"
334,10826072643,10826072691,1,"IOTHUB_CLIENT_CONFIRMATION_OK"
335,10826072977,10826073010,1,"IOTHUB_CLIENT_CONFIRMATION_OK"
336,10826073310,10826073338,1,"IOTHUB_CLIENT_CONFIRMATION_OK"
337,10826073643,10826073685,1,"IOTHUB_CLIENT_CONFIRMATION_OK"
338,10826073976,10826074004,1,"IOTHUB_CLIENT_CONFIRMATION_OK"
339,10826074309,10826074338,1,"IOTHUB_CLIENT_CONFIRMATION_OK"
340,10826074642,10826074671,1,"IOTHUB_CLIENT_CONFIRMATION_OK"
341,10826074976,10826075009,1,"IOTHUB_CLIENT_CONFIRMATION_OK"
342,10826075309,10826075339,1,"IOTHUB_CLIENT_CONFIRMATION_OK"
343,10826075642,10826075669,1,"IOTHUB_CLIENT_CONFIRMATION_OK"
344,10826075975,10826076017,1,"IOTHUB_CLIENT_CONFIRMATION_OK"
345,10826076308,10826076337,1,"IOTHUB_CLIENT_CONFIRMATION_OK"
346,10826076641,10826076670,1,"IOTHUB_CLIENT_CONFIRMATION_OK"
347,10826076974,10826077003,1,"IOTHUB_CLIENT_CONFIRMATION_OK"
348,10826077308,10826077336,1,"IOTHUB_CLIENT_CONFIRMATION_OK"
349,10826077641,10826077682,1,"IOTHUB_CLIENT_CONFIRMATION_OK"
350,10826077974,10826078001,1,"IOTHUB_CLIENT_CONFIRMATION_OK"
351,10826078307,10826078347,1,"IOTHUB_CLIENT_CONFIRMATION_OK"
352,10826078640,10826078669,1,"IOTHUB_CLIENT_CONFIRMATION_OK"
353,10826078973,10826079002,1,"IOTHUB_CLIENT_CONFIRMATION_OK"
354,10826079307,10826079346,1,"IOTHUB_CLIENT_CONFIRMATION_OK"
355,10826079640,10826079667,1,"IOTHUB_CLIENT_CONFIRMATION_OK"
356,10826079973,10826080002,1,"IOTHUB_CLIENT_CONFIRMATION_OK"
357,10826080306,10826080486,1,"IOTHUB_CLIENT_CONFIRMATION_OK"
358,10826080639,10826080762,1,"IOTHUB_CLIENT_CONFIRMATION_OK"
359,10826080972,10826081002,1,"IOTHUB_CLIENT_CONFIRMATION_OK"
360,10826081305,10826081335,1,"IOTHUB_CLIENT_CONFIRMATION_OK"
361,10826081639,10826081667,1,"IOTHUB_CLIENT_CONFIRMATION_OK"
362,10826081972,10826081999,1,"IOTHUB_CLIENT_CONFIRMATION_OK"
363,10826082305,10826082334,1,"IOTHUB_CLIENT_CONFIRMATION_OK"
364,10826082638,10826082723,1,"IOTHUB_CLIENT_CONFIRMATION_OK"
365,10826082971,10826083002,1,"IOTHUB_CLIENT_CONFIRMATION_OK"
366,10826083304,10826083332,1,"IOTHUB_CLIENT_CONFIRMATION_OK"
367,10826083638,10826083666,1,"IOTHUB_CLIENT_CONFIRMATION_OK"
368,10826083971,10826084001,1,"IOTHUB_CLIENT_CONFIRMATION_OK"
369,10826084304,10826084332,1,"IOTHUB_CLIENT_CONFIRMATION_OK"
370,10826084637,10826084773,1,"IOTHUB_CLIENT_CONFIRMATION_OK"
371,10826084970,10826084999,1,"IOTHUB_CLIENT_CONFIRMATION_OK"
372,10826085303,10826085334,1,"IOTHUB_CLIENT_CONFIRMATION_OK"
373,10826085636,10826085665,1,"IOTHUB_CLIENT_CONFIRMATION_OK"
374,10826085970,10826085999,1,"IOTHUB_CLIENT_CONFIRMATION_OK"
375,10826086303,10826086334,1,"IOTHUB_CLIENT_CONFIRMATION_OK"
376,10826086636,10826086666,1,"IOTHUB_CLIENT_CONFIRMATION_OK"
377,10826086969,10826087053,1,"IOTHUB_CLIENT_CONFIRMATION_OK"
378,10826087302,10826087330,1,"IOTHUB_CLIENT_CONFIRMATION_OK"
379,10826087635,10826087665,1,"IOTHUB_CLIENT_CONFIRMATION_OK"
380,10826087969,10826088074,1,"IOTHUB_CLIENT_CONFIRMATION_OK"
381,10826088302,10826088333,1,"IOTHUB_CLIENT_CONFIRMATION_OK"
382,10826088635,10826088677,1,"IOTHUB_CLIENT_CONFIRMATION_OK"
383,10826088968,10826089083,1,"IOTHUB_CLIENT_CONFIRMATION_OK"
384,10826089301,10826089329,1,"IOTHUB_CLIENT_CONFIRMATION_OK"
385,10826089634,10826089666,1,"IOTHUB_CLIENT_CONFIRMATION_OK"
386,10826089968,10826089999,1,"IOTHUB_CLIENT_CONFIRMATION_OK"
387,10826090301,10826090329,1,"IOTHUB_CLIENT_CONFIRMATION_OK"
388,10826090634,10826090674,1,"IOTHUB_CLIENT_CONFIRMATION_OK"
389,10826090967,10826091006,1,"IOTHUB_CLIENT_CONFIRMATION_OK"
390,10826091300,10826091337,1,"IOTHUB_CLIENT_CONFIRMATION_OK"
391,10826091633,10826091661,1,"IOTHUB_CLIENT_CONFIRMATION_OK"
392,10826091966,10826092026,1,"IOTHUB_CLIENT_CONFIRMATION_OK"
393,10826092300,10826092356,1,"IOTHUB_CLIENT_CONFIRMATION_OK"
394,10826092633,10826092661,1,"IOTHUB_CLIENT_CONFIRMATION_OK"
395,10826092966,10826092996,1,"IOTHUB_CLIENT_CONFIRMATION_OK"
396,10826093299,10826093368,1,"IOTHUB_CLIENT_CONFIRMATION_OK"
397,10826093632,10826093661,1,"IOTHUB_CLIENT_CONFIRMATION_OK"
398,10826093965,10826093994,1,"IOTHUB_CLIENT_CONFIRMATION_OK"
399,10826094299,10826094327,1,"IOTHUB_CLIENT_CONFIRMATION_OK"
400,10826094632,10826094660,1,"IOTHUB_CLIENT_CONFIRMATION_OK"
401,10826094965,10826094995,1,"IOTHUB_CLIENT_CONFIRMATION_OK"
402,10826095298,10826095326,1,"IOTHUB_CLIENT_CONFIRMATION_OK"
403,10826095631,10826095661,1,"IOTHUB_CLIENT_CONFIRMATION_OK"
404,10826095964,10826096004,1,"IOTHUB_CLIENT_CONFIRMATION_OK"
405,10826096297,10826096326,1,"IOTHUB_CLIENT_CONFIRMATION_OK"
406,10826096631,10826096663,1,"IOTHUB_CLIENT_CONFIRMATION_OK"
407,10826096964,10826096992,1,"IOTHUB_CLIENT_CONFIRMATION_OK"
408,10826097297,10826097344,1,"IOTHUB_CLIENT_CONFIRMATION_OK"
409,10826097630,10826097660,1,"IOTHUB_CLIENT_CONFIRMATION_OK"
410,10826097963,10826097992,1,"IOTHUB_CLIENT_CONFIRMATION_OK"
411,10826098296,10826098340,1,"IOTHUB_CLIENT_CONFIRMATION_OK"
412,10826098630,10826098658,1,"IOTHUB_CLIENT_CONFIRMATION_OK"
413,10826098963,10826098995,1,"IOTHUB_CLIENT_CONFIRMATION_OK"
414,10826099296,10826099325,1,"IOTHUB_CLIENT_CONFIRMATION_OK"
415,10826099629,10826099658,1,"IOTHUB_CLIENT_CONFIRMATION_OK"
416,10826099962,10826099994,1,"IOTHUB_CLIENT_CONFIRMATION_OK"
417,10826100295,10826100325,1,"IOTHUB_CLIENT_CONFIRMATION_OK"
418,10826100628,10826100656,1,"IOTHUB_CLIENT_CONFIRMATION_OK"
419,10826100962,10826100991,1,"IOTHUB_CLIENT_CONFIRMATION_OK"
420,10826101295,10826101324,1,"IOTHUB_CLIENT_CONFIRMATION_OK"
421,10826101628,10826101683,1,"IOTHUB_CLIENT_CONFIRMATION_OK"
422,10826101961,10826102039,1,"IOTHUB_CLIENT_CONFIRMATION_OK"
423,10826102294,10826102370,1,"IOTHUB_CLIENT_CONFIRMATION_OK"
424,10826102627,10826102658,1,"IOTHUB_CLIENT_CONFIRMATION_OK"
425,10826102961,10826102994,1,"IOTHUB_CLIENT_CONFIRMATION_OK"
426,10826103294,10826103331,1,"IOTHUB_CLIENT_CONFIRMATION_OK"
427,10826103627,10826103707,1,"IOTHUB_CLIENT_CONFIRMATION_OK"
428,10826103960,10826103991,1,"IOTHUB_CLIENT_CONFIRMATION_OK"
429,10826104293,10826104325,1,"IOTHUB_CLIENT_CONFIRMATION_OK"
430,10826104626,10826104654,1,"IOTHUB_CLIENT_CONFIRMATION_OK"
431,10826104960,10826104989,1,"IOTHUB_CLIENT_CONFIRMATION_OK"
432,10826105293,10826105363,1,"IOTHUB_CLIENT_CONFIRMATION_OK"
433,10826105626,10826105655,1,"IOTHUB_CLIENT_CONFIRMATION_OK"
434,10826105959,10826105988,1,"IOTHUB_CLIENT_CONFIRMATION_OK"
435,10826106292,10826106374,1,"IOTHUB_CLIENT_CONFIRMATION_OK"
436,10826106625,10826106670,1,"IOTHUB_CLIENT_CONFIRMATION_OK"
437,10826106959,10826106987,1,"IOTHUB_CLIENT_CONFIRMATION_OK"
438,10826107292,10826107322,1,"IOTHUB_CLIENT_CONFIRMATION_OK"
439,10826107625,10826107654,1,"IOTHUB_CLIENT_CONFIRMATION_OK"
440,10826107958,10826107995,1,"IOTHUB_CLIENT_CONFIRMATION_OK"
441,10826108291,10826108319,1,"IOTHUB_CLIENT_CONFIRMATION_OK"
442,10826108624,10826108660,1,"IOTHUB_CLIENT_CONFIRMATION_OK"
443,10826108957,10826108987,1,"IOTHUB_CLIENT_CONFIRMATION_OK"
444,10826109291,10826109320,1,"IOTHUB_CLIENT_CONFIRMATION_OK"
445,10826109624,10826109655,1,"IOTHUB_CLIENT_CONFIRMATION_OK"
446,10826109957,10826109985,1,"IOTHUB_CLIENT_CONFIRMATION_OK"
447,10826110290,10826110322,1,"IOTHUB_CLIENT_CONFIRMATION_OK"
448,10826110623,10826110651,1,"IOTHUB_CLIENT_CONFIRMATION_OK"
449,10826110956,10826110987,1,"IOTHUB_CLIENT_CONFIRMATION_OK"
450,10826111290,10826111319,1,"IOTHUB_CLIENT_CONFIRMATION_OK"
451,10826111623,10826111651,1,"IOTHUB_CLIENT_CONFIRMATION_OK"
452,10826111956,10826111986,1,"IOTHUB_CLIENT_CONFIRMATION_OK"
453,10826112289,10826112324,1,"IOTHUB_CLIENT_CONFIRMATION_OK"
454,10826112622,10826112651,1,"IOTHUB_CLIENT_CONFIRMATION_OK"
455,10826112955,10826113081,1,"IOTHUB_CLIENT_CONFIRMATION_OK"
456,10826113288,10826113411,1,"IOTHUB_CLIENT_CONFIRMATION_OK"
457,10826113622,10826113849,1,"IOTHUB_CLIENT_CONFIRMATION_OK"
458,10826113955,10826113984,1,"IOTHUB_CLIENT_CONFIRMATION_OK"
459,10826114288,10826114316,1,"IOTHUB_CLIENT_CONFIRMATION_OK"
460,10826114621,10826114651,1,"IOTHUB_CLIENT_CONFIRMATION_OK"
461,10826114954,10826115135,1,"IOTHUB_CLIENT_CONFIRMATION_OK"
462,10826115287,10826115316,1,"IOTHUB_CLIENT_CONFIRMATION_OK"
463,10826115621,10826115648,1,"IOTHUB_CLIENT_CONFIRMATION_OK"
464,10826115954,10826115982,1,"IOTHUB_CLIENT_CONFIRMATION_OK"
465,10826116287,10826116315,1,"IOTHUB_CLIENT_CONFIRMATION_OK"
466,10826116620,10826116648,1,"IOTHUB_CLIENT_CONFIRMATION_OK"
467,10826116953,10826116983,1,"IOTHUB_CLIENT_CONFIRMATION_OK"
468,10826117286,10826117315,1,"IOTHUB_CLIENT_CONFIRMATION_OK"
469,10826117619,10826117650,1,"IOTHUB_CLIENT_CONFIRMATION_OK"
470,10826117953,10826117989,1,"IOTHUB_CLIENT_CONFIRMATION_OK"
471,10826118286,10826118317,1,"IOTHUB_CLIENT_CONFIRMATION_OK"
472,10826118619,10826118648,1,"IOTHUB_CLIENT_CONFIRMATION_OK"
473,10826118952,10826118984,1,"IOTHUB_CLIENT_CONFIRMATION_OK"
474,10826119285,10826119433,1,"IOTHUB_CLIENT_CONFIRMATION_OK"
475,10826119618,10826119667,1,"IOTHUB_CLIENT_CONFIRMATION_OK"
476,10826119952,10826119981,1,"IOTHUB_CLIENT_CONFIRMATION_OK"
477,10826120285,10826120314,1,"IOTHUB_CLIENT_CONFIRMATION_OK"
478,10826120618,10826120654,1,"IOTHUB_CLIENT_CONFIRMATION_OK"
479,10826120951,10826120981,1,"IOTHUB_CLIENT_CONFIRMATION_OK"
480,10826121284,10826121385,1,"IOTHUB_CLIENT_CONFIRMATION_OK"
481,10826121617,10826121678,1,"IOTHUB_CLIENT_CONFIRMATION_OK"
482,10826121951,10826121985,1,"IOTHUB_CLIENT_CONFIRMATION_OK"
483,10826122284,10826122315,1,"IOTHUB_CLIENT_CONFIRMATION_OK"
484,10826122617,10826122693,1,"IOTHUB_CLIENT_CONFIRMATION_OK"
485,10826122950,10826122978,1,"IOTHUB_CLIENT_CONFIRMATION_OK"
486,10826123283,10826123316,1,"IOTHUB_CLIENT_CONFIRMATION_OK"
487,10826123616,10826123698,1,"IOTHUB_CLIENT_CONFIRMATION_OK"
488,10826123950,10826123982,1,"IOTHUB_CLIENT_CONFIRMATION_OK"
489,10826124283,10826124313,1,"IOTHUB_CLIENT_CONFIRMATION_OK"
490,10826124616,10826124647,1,"IOTHUB_CLIENT_CONFIRMATION_OK"
491,10826124949,10826124999,1,"IOTHUB_CLIENT_CONFIRMATION_OK"
492,10826125282,10826125310,1,"IOTHUB_CLIENT_CONFIRMATION_OK"
493,10826125615,10826125657,1,"IOTHUB_CLIENT_CONFIRMATION_OK"
494,10826125948,10826125982,1,"IOTHUB_CLIENT_CONFIRMATION_OK"
495,10826126282,10826126313,1,"IOTHUB_CLIENT_CONFIRMATION_OK"
496,10826126615,10826126644,1,"IOTHUB_CLIENT_CONFIRMATION_OK"
497,10826126948,10826126976,1,"IOTHUB_CLIENT_CONFIRMATION_OK"
498,10826127281,10826127309,1,"IOTHUB_CLIENT_CONFIRMATION_OK"
499,10826127614,10826127645,1,"IOTHUB_CLIENT_CONFIRMATION_OK"
500,10826127947,10826127980,1,"IOTHUB_CLIENT_CONFIRMATION_OK"
501,10826128281,10826128310,1,"IOTHUB_CLIENT_CONFIRMATION_OK"
502,10826128614,10826128642,1,"IOTHUB_CLIENT_CONFIRMATION_OK"
503,10826128947,10826128975,1,"IOTHUB_CLIENT_CONFIRMATION_OK"
504,10826129280,10826129312,1,"IOTHUB_CLIENT_CONFIRMATION_OK"
505,10826129613,10826129641,1,"IOTHUB_CLIENT_CONFIRMATION_OK"
506,10826129946,10826129978,1,"IOTHUB_CLIENT_CONFIRMATION_OK"
507,10826130280,10826130325,1,"IOTHUB_CLIENT_CONFIRMATION_OK"
508,10826130613,10826130642,1,"IOTHUB_CLIENT_CONFIRMATION_OK"
509,10826130946,10826130975,1,"IOTHUB_CLIENT_CONFIRMATION_OK"
510,10826131279,10826131308,1,"IOTHUB_CLIENT_CONFIRMATION_OK"
511,10826131612,10826131641,1,"IOTHUB_CLIENT_CONFIRMATION_OK"
512,10826131945,10826131975,1,"IOTHUB_CLIENT_CONFIRMATION_OK"
513,10826132279,10826132451,1,"IOTHUB_CLIENT_CONFIRMATION_OK"
514,10826132612,10826132641,1,"IOTHUB_CLIENT_CONFIRMATION_OK"
515,10826132945,10826132977,1,"IOTHUB_CLIENT_CONFIRMATION_OK"
516,10826133278,10826133306,1,"IOTHUB_CLIENT_CONFIRMATION_OK"
517,10826133611,10826133640,1,"IOTHUB_CLIENT_CONFIRMATION_OK"
518,10826133944,10826133974,1,"IOTHUB_CLIENT_CONFIRMATION_OK"
519,10826134278,10826134307,1,"IOTHUB_CLIENT_CONFIRMATION_OK"
520,10826134611,10826134644,1,"IOTHUB_CLIENT_CONFIRMATION_OK"
521,10826134944,10826134973,1,"IOTHUB_CLIENT_CONFIRMATION_OK"
522,10826135277,10826135306,1,"IOTHUB_CLIENT_CONFIRMATION_OK"
523,10826135610,10826135643,1,"IOTHUB_CLIENT_CONFIRMATION_OK"
524,10826135943,10826135974,1,"IOTHUB_CLIENT_CONFIRMATION_OK"
525,10826136277,10826136304,1,"IOTHUB_CLIENT_CONFIRMATION_OK"
526,10826136610,10826136762,1,"IOTHUB_CLIENT_CONFIRMATION_OK"
527,10826136943,10826136971,1,"IOTHUB_CLIENT_CONFIRMATION_OK"
528,10826137276,10826137308,1,"IOTHUB_CLIENT_CONFIRMATION_OK"
529,10826137609,10826137638,1,"IOTHUB_CLIENT_CONFIRMATION_OK"
530,10826137942,10826137980,1,"IOTHUB_CLIENT_CONFIRMATION_OK"
531,10826138276,10826138307,1,"IOTHUB_CLIENT_CONFIRMATION_OK"
532,10826138609,10826138638,1,"IOTHUB_CLIENT_CONFIRMATION_OK"
533,10826138942,10826139046,1,"IOTHUB_CLIENT_CONFIRMATION_OK"
534,10826139275,10826139304,1,"IOTHUB_CLIENT_CONFIRMATION_OK"
535,10826139608,10826139637,1,"IOTHUB_CLIENT_CONFIRMATION_OK"
536,10826139941,10826139975,1,"IOTHUB_CLIENT_CONFIRMATION_OK"
537,10826140275,10826140305,1,"IOTHUB_CLIENT_CONFIRMATION_OK"
538,10826140608,10826140695,1,"IOTHUB_CLIENT_CONFIRMATION_OK"
539,10826140941,10826141075,1,"IOTHUB_CLIENT_CONFIRMATION_OK"
540,10826141274,10826141302,1,"IOTHUB_CLIENT_CONFIRMATION_OK"
541,10826141607,10826141635,1,"IOTHUB_CLIENT_CONFIRMATION_OK"
542,10826141940,10826141968,1,"IOTHUB_CLIENT_CONFIRMATION_OK"
543,10826142274,10826142309,1,"IOTHUB_CLIENT_CONFIRMATION_OK"
544,10826142607,10826142635,1,"IOTHUB_CLIENT_CONFIRMATION_OK"
545,10826142940,10826142975,1,"IOTHUB_CLIENT_CONFIRMATION_OK"
546,10826143273,10826143312,1,"IOTHUB_CLIENT_CONFIRMATION_OK"
547,10826143606,10826143640,1,"IOTHUB_CLIENT_CONFIRMATION_OK"
548,10826143939,10826143967,1,"IOTHUB_CLIENT_CONFIRMATION_OK"
549,10826144272,10826144327,1,"IOTHUB_CLIENT_CONFIRMATION_OK"
550,10826144606,10826144634,1,"IOTHUB_CLIENT_CONFIRMATION_OK"
551,10826144939,10826144967,1,"IOTHUB_CLIENT_CONFIRMATION_OK"
552,10826145272,10826145349,1,"IOTHUB_CLIENT_CONFIRMATION_OK"
553,10826145605,10826145633,1,"IOTHUB_CLIENT_CONFIRMATION_OK"
554,10826145938,10826145988,1,"IOTHUB_CLIENT_CONFIRMATION_OK"
555,10826146271,10826146325,1,"IOTHUB_CLIENT_CONFIRMATION_OK"
556,10826146605,10826146635,1,"IOTHUB_CLIENT_CONFIRMATION_OK"
557,10826146938,10826146966,1,"IOTHUB_CLIENT_CONFIRMATION_OK"
558,10826147271,10826147312,1,"IOTHUB_CLIENT_CONFIRMATION_OK"
559,10826147604,10826147633,1,"IOTHUB_CLIENT_CONFIRMATION_OK"
560,10826147937,10826147965,1,"IOTHUB_CLIENT_CONFIRMATION_OK"
561,10826148270,10826148299,1,"IOTHUB_CLIENT_CONFIRMATION_OK"
562,10826148604,10826148654,1,"IOTHUB_CLIENT_CONFIRMATION_OK"
563,10826148937,10826148965,1,"IOTHUB_CLIENT_CONFIRMATION_OK"
564,10826149270,10826149299,1,"IOTHUB_CLIENT_CONFIRMATION_OK"
565,10826149603,10826149636,1,"IOTHUB_CLIENT_CONFIRMATION_OK"
566,10826149936,10826149965,1,"IOTHUB_CLIENT_CONFIRMATION_OK"
567,10826150269,10826150298,1,"IOTHUB_CLIENT_CONFIRMATION_OK"
568,10826150603,10826150640,1,"IOTHUB_CLIENT_CONFIRMATION_OK"
569,10826150936,10826150966,1,"IOTHUB_CLIENT_CONFIRMATION_OK"
570,10826151269,10826151298,1,"IOTHUB_CLIENT_CONFIRMATION_OK"
571,10826151602,10826151630,1,"IOTHUB_CLIENT_CONFIRMATION_OK"
572,10826151935,10826151963,1,"IOTHUB_CLIENT_CONFIRMATION_OK"
573,10826152268,10826152300,1,"IOTHUB_CLIENT_CONFIRMATION_OK"
574,10826152601,10826152631,1,"IOTHUB_CLIENT_CONFIRMATION_OK"
575,10826152935,10826153003,1,"IOTHUB_CLIENT_CONFIRMATION_OK"
576,10826153268,10826153299,1,"IOTHUB_CLIENT_CONFIRMATION_OK"
577,10826153601,10826153632,1,"IOTHUB_CLIENT_CONFIRMATION_OK"
578,10826153934,10826154011,1,"IOTHUB_CLIENT_CONFIRMATION_OK"
579,10826154267,10826154295,1,"IOTHUB_CLIENT_CONFIRMATION_OK"
580,10826154600,10826154632,1,"IOTHUB_CLIENT_CONFIRMATION_OK"
581,10826154934,10826154962,1,"IOTHUB_CLIENT_CONFIRMATION_OK"
582,10826155267,10826155302,1,"IOTHUB_CLIENT_CONFIRMATION_OK"
583,10826155600,10826155629,1,"IOTHUB_CLIENT_CONFIRMATION_OK"
584,10826155933,10826155963,1,"IOTHUB_CLIENT_CONFIRMATION_OK"
585,10826156266,10826156295,1,"IOTHUB_CLIENT_CONFIRMATION_OK"
586,10826156599,10826156628,1,"IOTHUB_CLIENT_CONFIRMATION_OK"
587,10826156933,10826156967,1,"IOTHUB_CLIENT_CONFIRMATION_OK"
588,10826157266,10826157295,1,"IOTHUB_CLIENT_CONFIRMATION_OK"
589,10826157599,10826157628,1,"IOTHUB_CLIENT_CONFIRMATION_OK"
590,10826157932,10826157964,1,"IOTHUB_CLIENT_CONFIRMATION_OK"
591,10826158265,10826158294,1,"IOTHUB_CLIENT_CONFIRMATION_OK"
592,10826158598,10826158627,1,"IOTHUB_CLIENT_CONFIRMATION_OK"
593,10826158932,10826158961,1,"IOTHUB_CLIENT_CONFIRMATION_OK"
594,10826159265,10826159293,1,"IOTHUB_CLIENT_CONFIRMATION_OK"
595,10826159598,10826159629,1,"IOTHUB_CLIENT_CONFIRMATION_OK"
596,10826159931,10826159960,1,"IOTHUB_CLIENT_CONFIRMATION_OK"
597,10826160264,10826160293,1,"IOTHUB_CLIENT_CONFIRMATION_OK"
598,10826160597,10826160642,1,"IOTHUB_CLIENT_CONFIRMATION_OK"
599,10826160931,10826160971,1,"IOTHUB_CLIENT_CONFIRMATION_OK"
600,10826161264,10826161299,1,"IOTHUB_CLIENT_CONFIRMATION_OK"
601,10826161597,10826161664,1,"IOTHUB_CLIENT_CONFIRMATION_OK"
602,10826161930,10826161958,1,"IOTHUB_CLIENT_CONFIRMATION_OK"
603,10826162263,10826162295,1,"IOTHUB_CLIENT_CONFIRMATION_OK"
604,10826162596,10826162672,1,"IOTHUB_CLIENT_CONFIRMATION_OK"
605,10826162930,10826162969,1,"IOTHUB_CLIENT_CONFIRMATION_OK"
606,10826163263,10826163293,1,"IOTHUB_CLIENT_CONFIRMATION_OK"
607,10826163596,10826163627,1,"IOTHUB_CLIENT_CONFIRMATION_OK"
608,10826163929,10826163962,1,"IOTHUB_CLIENT_CONFIRMATION_OK"
609,10826164262,10826164290,1,"IOTHUB_CLIENT_CONFIRMATION_OK"
610,10826164595,10826164624,1,"IOTHUB_CLIENT_CONFIRMATION_OK"
611,10826164929,10826164958,1,"IOTHUB_CLIENT_CONFIRMATION_OK"
612,10826165262,10826165294,1,"IOTHUB_CLIENT_CONFIRMATION_OK"
613,10826165595,10826165623,1,"IOTHUB_CLIENT_CONFIRMATION_OK"
614,10826165928,10826165956,1,"IOTHUB_CLIENT_CONFIRMATION_OK"
615,10826166261,10826166289,1,"IOTHUB_CLIENT_CONFIRMATION_OK"
616,10826166594,10826166623,1,"IOTHUB_CLIENT_CONFIRMATION_OK"
617,10826166927,10826166957,1,"IOTHUB_CLIENT_CONFIRMATION_OK"
618,10826167261,10826167290,1,"IOTHUB_CLIENT_CONFIRMATION_OK"
619,10826167594,10826167622,1,"IOTHUB_CLIENT_CONFIRMATION_OK"
620,10826167927,10826167955,1,"IOTHUB_CLIENT_CONFIRMATION_OK"
621,10826168260,10826168288,1,"IOTHUB_CLIENT_CONFIRMATION_OK"
622,10826168593,10826168621,1,"IOTHUB_CLIENT_CONFIRMATION_OK"
623,10826168926,10826168956,1,"IOTHUB_CLIENT_CONFIRMATION_OK"
624,10826169260,10826169289,1,"IOTHUB_CLIENT_CONFIRMATION_OK"
625,10826169593,10826169622,1,"IOTHUB_CLIENT_CONFIRMATION_OK"
626,10826169926,10826169956,1,"IOTHUB_CLIENT_CONFIRMATION_OK"
627,10826170259,10826170289,1,"IOTHUB_CLIENT_CONFIRMATION_OK"
628,10826170592,10826170624,1,"IOTHUB_CLIENT_CONFIRMATION_OK"
629,10826170925,10826170954,1,"IOTHUB_CLIENT_CONFIRMATION_OK"
630,10826171259,10826171424,1,"IOTHUB_CLIENT_CONFIRMATION_OK"
631,10826171592,10826171620,1,"IOTHUB_CLIENT_CONFIRMATION_OK"
632,10826171925,10826171953,1,"IOTHUB_CLIENT_CONFIRMATION_OK"
633,10826172258,10826172286,1,"IOTHUB_CLIENT_CONFIRMATION_OK"
634,10826172591,10826172620,1,"IOTHUB_CLIENT_CONFIRMATION_OK"
635,10826172924,10826172954,1,"IOTHUB_CLIENT_CONFIRMATION_OK"
636,10826173258,10826173288,1,"IOTHUB_CLIENT_CONFIRMATION_OK"
637,10826173591,10826173670,1,"IOTHUB_CLIENT_CONFIRMATION_OK"
638,10826173924,10826173952,1,"IOTHUB_CLIENT_CONFIRMATION_OK"
639,10826174257,10826174287,1,"IOTHUB_CLIENT_CONFIRMATION_OK"
640,10826174590,10826174692,1,"IOTHUB_CLIENT_CONFIRMATION_OK"
641,10826174923,10826174951,1,"IOTHUB_CLIENT_CONFIRMATION_OK"
642,10826175257,10826175286,1,"IOTHUB_CLIENT_CONFIRMATION_OK"
643,10826175590,10826175706,1,"IOTHUB_CLIENT_CONFIRMATION_OK"
644,10826175923,10826175952,1,"IOTHUB_CLIENT_CONFIRMATION_OK"
645,10826176256,10826176288,1,"IOTHUB_CLIENT_CONFIRMATION_OK"
646,10826176589,10826176621,1,"IOTHUB_CLIENT_CONFIRMATION_OK"
647,10826176922,10826176961,1,"IOTHUB_CLIENT_CONFIRMATION_OK"
648,10826177256,10826177283,1,"IOTHUB_CLIENT_CONFIRMATION_OK"
649,10826177589,10826177618,1,"IOTHUB_CLIENT_CONFIRMATION_OK"
650,10826177922,10826177988,1,"IOTHUB_CLIENT_CONFIRMATION_OK"
651,10826178255,10826178284,1,"IOTHUB_CLIENT_CONFIRMATION_OK"
652,10826178588,10826178616,1,"IOTHUB_CLIENT_CONFIRMATION_OK"
653,10826178921,10826178951,1,"IOTHUB_CLIENT_CONFIRMATION_OK"
654,10826179255,10826179287,1,"IOTHUB_CLIENT_CONFIRMATION_OK"
655,10826179588,10826179616,1,"IOTHUB_CLIENT_CONFIRMATION_OK"
656,10826179921,10826179951,1,"IOTHUB_CLIENT_CONFIRMATION_OK"
657,10826180254,10826180283,1,"IOTHUB_CLIENT_CONFIRMATION_OK"
658,10826180587,10826180616,1,"IOTHUB_CLIENT_CONFIRMATION_OK"
659,10826180920,10826180950,1,"IOTHUB_CLIENT_CONFIRMATION_OK"
660,10826181254,10826181281,1,"IOTHUB_CLIENT_CONFIRMATION_OK"
661,10826181587,10826181614,1,"IOTHUB_CLIENT_CONFIRMATION_OK"
662,10826181920,10826181950,1,"IOTHUB_CLIENT_CONFIRMATION_OK"
663,10826182253,10826182281,1,"IOTHUB_CLIENT_CONFIRMATION_OK"
664,10826182586,10826182616,1,"IOTHUB_CLIENT_CONFIRMATION_OK"
665,10826182919,10826182948,1,"IOTHUB_CLIENT_CONFIRMATION_OK"
666,10826183253,10826183283,1,"IOTHUB_CLIENT_CONFIRMATION_OK"
667,10826183586,10826183616,1,"IOTHUB_CLIENT_CONFIRMATION_OK"
668,10826183919,10826183948,1,"IOTHUB_CLIENT_CONFIRMATION_OK"
669,10826184252,10826184281,1,"IOTHUB_CLIENT_CONFIRMATION_OK"
670,10826184585,10826184616,1,"IOTHUB_CLIENT_CONFIRMATION_OK"
671,10826184918,10826184953,1,"IOTHUB_CLIENT_CONFIRMATION_OK"
672,10826185251,10826185279,1,"IOTHUB_CLIENT_CONFIRMATION_OK"
673,10826185585,10826185613,1,"IOTHUB_CLIENT_CONFIRMATION_OK"
674,10826185918,10826185949,1,"IOTHUB_CLIENT_CONFIRMATION_OK"
675,10826186251,10826186280,1,"IOTHUB_CLIENT_CONFIRMATION_OK"
676,10826186584,10826186657,1,"IOTHUB_CLIENT_CONFIRMATION_OK"
677,10826186917,10826186945,1,"IOTHUB_CLIENT_CONFIRMATION_OK"
678,10826187250,10826187278,1,"IOTHUB_CLIENT_CONFIRMATION_OK"
679,10826187584,10826187665,1,"IOTHUB_CLIENT_CONFIRMATION_OK"
680,10826187917,10826187944,1,"IOTHUB_CLIENT_CONFIRMATION_OK"
681,10826188250,10826188279,1,"IOTHUB_CLIENT_CONFIRMATION_OK"
682,10826188583,10826188673,1,"IOTHUB_CLIENT_CONFIRMATION_OK"
683,10826188916,10826188948,1,"IOTHUB_CLIENT_CONFIRMATION_OK"
684,10826189249,10826189277,1,"IOTHUB_CLIENT_CONFIRMATION_OK"
685,10826189582,10826189622,1,"IOTHUB_CLIENT_CONFIRMATION_OK"
686,10826189916,10826189965,1,"IOTHUB_CLIENT_CONFIRMATION_OK"
687,10826190249,10826190278,1,"IOTHUB_CLIENT_CONFIRMATION_OK"
688,10826190582,10826190614,1,"IOTHUB_CLIENT_CONFIRMATION_OK"
689,10826190915,10826190956,1,"IOTHUB_CLIENT_CONFIRMATION_OK"
690,10826191248,10826191292,1,"IOTHUB_CLIENT_CONFIRMATION_OK"
691,10826191581,10826191610,1,"IOTHUB_CLIENT_CONFIRMATION_OK"
692,10826191914,10826191945,1,"IOTHUB_CLIENT_CONFIRMATION_OK"
693,10826192248,10826192278,1,"IOTHUB_CLIENT_CONFIRMATION_OK"
694,10826192581,10826192609,1,"IOTHUB_CLIENT_CONFIRMATION_OK"
695,10826192914,10826192963,1,"IOTHUB_CLIENT_CONFIRMATION_OK"
696,10826193247,10826193276,1,"IOTHUB_CLIENT_CONFIRMATION_OK"
697,10826193580,10826193655,1,"IOTHUB_CLIENT_CONFIRMATION_OK"
698,10826193913,10826193944,1,"IOTHUB_CLIENT_CONFIRMATION_OK"
699,10826194247,10826194277,1,"IOTHUB_CLIENT_CONFIRMATION_OK"
700,10826194580,10826194610,1,"IOTHUB_CLIENT_CONFIRMATION_OK"
701,10826194913,10826194943,1,"IOTHUB_CLIENT_CONFIRMATION_OK"
702,10826195246,10826195275,1,"IOTHUB_CLIENT_CONFIRMATION_OK"
703,10826195579,10826195608,1,"IOTHUB_CLIENT_CONFIRMATION_OK"
704,10826195912,10826195941,1,"IOTHUB_CLIENT_CONFIRMATION_OK"
705,10826196246,10826196276,1,"IOTHUB_CLIENT_CONFIRMATION_OK"
706,10826196579,10826196607,1,"IOTHUB_CLIENT_CONFIRMATION_OK"
707,10826196912,10826196941,1,"IOTHUB_CLIENT_CONFIRMATION_OK"
708,10826197245,10826197283,1,"IOTHUB_CLIENT_CONFIRMATION_OK"
709,10826197578,10826197608,1,"IOTHUB_CLIENT_CONFIRMATION_OK"
710,10826197911,10826197953,1,"IOTHUB_CLIENT_CONFIRMATION_OK"
711,10826198245,10826198274,1,"IOTHUB_CLIENT_CONFIRMATION_OK"
712,10826198578,10826198607,1,"IOTHUB_CLIENT_CONFIRMATION_OK"
713,10826198911,10826198956,1,"IOTHUB_CLIENT_CONFIRMATION_OK"
714,10826199244,10826199275,1,"IOTHUB_CLIENT_CONFIRMATION_OK"
715,10826199577,10826199606,1,"IOTHUB_CLIENT_CONFIRMATION_OK"
716,10826199910,10826199939,1,"IOTHUB_CLIENT_CONFIRMATION_OK"
717,10826200244,10826200274,1,"IOTHUB_CLIENT_CONFIRMATION_OK"
718,10826200577,10826200604,1,"IOTHUB_CLIENT_CONFIRMATION_OK"
719,10826200910,10826200940,1,"IOTHUB_CLIENT_CONFIRMATION_OK"
720,10826201243,10826201271,1,"IOTHUB_CLIENT_CONFIRMATION_OK"
721,10826201576,10826201604,1,"IOTHUB_CLIENT_CONFIRMATION_OK"
722,10826201909,10826201941,1,"IOTHUB_CLIENT_CONFIRMATION_OK"
723,10826202242,10826202270,1,"IOTHUB_CLIENT_CONFIRMATION_OK"
724,10826202576,10826202606,1,"IOTHUB_CLIENT_CONFIRMATION_OK"
725,10826202909,10826202942,1,"IOTHUB_CLIENT_CONFIRMATION_OK"
726,10826203242,10826203270,1,"IOTHUB_CLIENT_CONFIRMATION_OK"
727,10826203575,10826203620,1,"IOTHUB_CLIENT_CONFIRMATION_OK"
728,10826203908,10826203936,1,"IOTHUB_CLIENT_CONFIRMATION_OK"
729,10826204241,10826204270,1,"IOTHUB_CLIENT_CONFIRMATION_OK"
730,10826204575,10826204687,1,"IOTHUB_CLIENT_CONFIRMATION_OK"
731,10826204908,10826204937,1,"IOTHUB_CLIENT_CONFIRMATION_OK"
732,10826205241,10826205272,1,"IOTHUB_CLIENT_CONFIRMATION_OK"
733,10826205574,10826205607,1,"IOTHUB_CLIENT_CONFIRMATION_OK"
734,10826205907,10826205942,1,"IOTHUB_CLIENT_CONFIRMATION_OK"
735,10826206240,10826206269,1,"IOTHUB_CLIENT_CONFIRMATION_OK"
736,10826206574,10826206602,1,"IOTHUB_CLIENT_CONFIRMATION_OK"
737,10826206907,10826206937,1,"IOTHUB_CLIENT_CONFIRMATION_OK"
738,10826207240,10826207269,1,"IOTHUB_CLIENT_CONFIRMATION_OK"
739,10826207573,10826207602,1,"IOTHUB_CLIENT_CONFIRMATION_OK"
740,10826207906,10826207939,1,"IOTHUB_CLIENT_CONFIRMATION_OK"
741,10826208239,10826208281,1,"IOTHUB_CLIENT_CONFIRMATION_OK"
742,10826208572,10826208600,1,"IOTHUB_CLIENT_CONFIRMATION_OK"
743,10826208906,10826208935,1,"IOTHUB_CLIENT_CONFIRMATION_OK"
744,10826209239,10826209267,1,"IOTHUB_CLIENT_CONFIRMATION_OK"
745,10826209572,10826209602,1,"IOTHUB_CLIENT_CONFIRMATION_OK"
746,10826209905,10826209937,1,"IOTHUB_CLIENT_CONFIRMATION_OK"
747,10826210238,10826210266,1,"IOTHUB_CLIENT_CONFIRMATION_OK"
748,10826210571,10826210602,1,"IOTHUB_CLIENT_CONFIRMATION_OK"
749,10826210905,10826210933,1,"IOTHUB_CLIENT_CONFIRMATION_OK"
750,10826211238,10826211270,1,"IOTHUB_CLIENT_CONFIRMATION_OK"
751,10826211571,10826211604,1,"IOTHUB_CLIENT_CONFIRMATION_OK"
752,10826211904,10826211933,1,"IOTHUB_CLIENT_CONFIRMATION_OK"
753,10826212237,10826212266,1,"IOTHUB_CLIENT_CONFIRMATION_OK"
754,10826212570,10826212598,1,"IOTHUB_CLIENT_CONFIRMATION_OK"
755,10826212904,10826212933,1,"IOTHUB_CLIENT_CONFIRMATION_OK"
756,10826213237,10826213264,1,"IOTHUB_CLIENT_CONFIRMATION_OK"
757,10826213570,10826213598,1,"IOTHUB_CLIENT_CONFIRMATION_OK"
758,10826213903,10826213932,1,"IOTHUB_CLIENT_CONFIRMATION_OK"
759,10826214236,10826214276,1,"IOTHUB_CLIENT_CONFIRMATION_OK"
760,10826214569,10826214597,1,"IOTHUB_CLIENT_CONFIRMATION_OK"
761,10826214903,10826214932,1,"IOTHUB_CLIENT_CONFIRMATION_OK"
762,10826215236,10826215276,1,"IOTHUB_CLIENT_CONFIRMATION_OK"
763,10826215569,10826215600,1,"IOTHUB_CLIENT_CONFIRMATION_OK"
764,10826215902,10826215935,1,"IOTHUB_CLIENT_CONFIRMATION_OK"
765,10826216235,10826216265,1,"IOTHUB_CLIENT_CONFIRMATION_OK"
766,10826216568,10826216596,1,"IOTHUB_CLIENT_CONFIRMATION_OK"
767,10826216901,10826216931,1,"IOTHUB_CLIENT_CONFIRMATION_OK"
768,10826217235,10826217324,1,"IOTHUB_CLIENT_CONFIRMATION_OK"
769,10826217568,10826217599,1,"IOTHUB_CLIENT_CONFIRMATION_OK"
770,10826217901,10826217997,1,"IOTHUB_CLIENT_CONFIRMATION_OK"
771,10826218234,10826218262,1,"IOTHUB_CLIENT_CONFIRMATION_OK"
772,10826218567,10826218602,1,"IOTHUB_CLIENT_CONFIRMATION_OK"
773,10826218900,10826219020,1,"IOTHUB_CLIENT_CONFIRMATION_OK"
774,10826219234,10826219263,1,"IOTHUB_CLIENT_CONFIRMATION_OK"
775,10826219567,10826219597,1,"IOTHUB_CLIENT_CONFIRMATION_OK"
776,10826219900,10826219934,1,"IOTHUB_CLIENT_CONFIRMATION_OK"
777,10826220233,10826220264,1,"IOTHUB_CLIENT_CONFIRMATION_OK"
778,10826220566,10826220594,1,"IOTHUB_CLIENT_CONFIRMATION_OK"
779,10826220899,10826220929,1,"IOTHUB_CLIENT_CONFIRMATION_OK"
780,10826221233,10826221283,1,"IOTHUB_CLIENT_CONFIRMATION_OK"
781,10826221566,10826221597,1,"IOTHUB_CLIENT_CONFIRMATION_OK"
782,10826221899,10826221929,1,"IOTHUB_CLIENT_CONFIRMATION_OK"
783,10826222232,10826222305,1,"IOTHUB_CLIENT_CONFIRMATION_OK"
784,10826222565,10826222594,1,"IOTHUB_CLIENT_CONFIRMATION_OK"
785,10826222898,10826222926,1,"IOTHUB_CLIENT_CONFIRMATION_OK"
786,10826223231,10826223317,1,"IOTHUB_CLIENT_CONFIRMATION_OK"
787,10826223565,10826223595,1,"IOTHUB_CLIENT_CONFIRMATION_OK"
788,10826223898,10826223929,1,"IOTHUB_CLIENT_CONFIRMATION_OK"
789,10826224231,10826224269,1,"IOTHUB_CLIENT_CONFIRMATION_OK"
790,10826224564,10826224592,1,"IOTHUB_CLIENT_CONFIRMATION_OK"
791,10826224897,10826224929,1,"IOTHUB_CLIENT_CONFIRMATION_OK"
792,10826225230,10826225263,1,"IOTHUB_CLIENT_CONFIRMATION_OK"
793,10826225564,10826225594,1,"IOTHUB_CLIENT_CONFIRMATION_OK"
794,10826225897,10826225926,1,"IOTHUB_CLIENT_CONFIRMATION_OK"
795,10826226230,10826226260,1,"IOTHUB_CLIENT_CONFIRMATION_OK"
796,10826226563,10826226730,1,"IOTHUB_CLIENT_CONFIRMATION_OK"
797,10826226896,10826226924,1,"IOTHUB_CLIENT_CONFIRMATION_OK"
798,10826227229,10826227259,1,"IOTHUB_CLIENT_CONFIRMATION_OK"
799,10826227563,10826227616,1,"IOTHUB_CLIENT_CONFIRMATION_OK"
800,10826227896,10826227926,1,"IOTHUB_CLIENT_CONFIRMATION_OK"
801,10826228229,10826228261,1,"IOTHUB_CLIENT_CONFIRMATION_OK"
802,10826228562,10826228590,1,"IOTHUB_CLIENT_CONFIRMATION_OK"
803,10826228895,10826228923,1,"IOTHUB_CLIENT_CONFIRMATION_OK"
804,10826229228,10826229258,1,"IOTHUB_CLIENT_CONFIRMATION_OK"
805,10826229562,10826229589,1,"IOTHUB_CLIENT_CONFIRMATION_OK"
806,10826229895,10826229931,1,"IOTHUB_CLIENT_CONFIRMATION_OK"
807,10826230228,10826230269,1,"IOTHUB_CLIENT_CONFIRMATION_OK"
808,10826230561,10826230594,1,"IOTHUB_CLIENT_CONFIRMATION_OK"
809,10826230894,10826230924,1,"IOTHUB_CLIENT_CONFIRMATION_OK"
810,10826231227,10826231257,1,"IOTHUB_CLIENT_CONFIRMATION_OK"
811,10826231561,10826231592,1,"IOTHUB_CLIENT_CONFIRMATION_OK"
812,10826231894,10826232081,1,"IOTHUB_CLIENT_CONFIRMATION_OK"
813,10826232227,10826232259,1,"IOTHUB_CLIENT_CONFIRMATION_OK"
814,10826232560,10826232588,1,"IOTHUB_CLIENT_CONFIRMATION_OK"
815,10826232893,10826232922,1,"IOTHUB_CLIENT_CONFIRMATION_OK"
816,10826233226,10826233255,1,"IOTHUB_CLIENT_CONFIRMATION_OK"
817,10826233560,10826233605,1,"IOTHUB_CLIENT_CONFIRMATION_OK"
818,10826233893,10826233925,1,"IOTHUB_CLIENT_CONFIRMATION_OK"
819,10826234226,10826234255,1,"IOTHUB_CLIENT_CONFIRMATION_OK"
820,10826234559,10826234588,1,"IOTHUB_CLIENT_CONFIRMATION_OK"
821,10826234892,10826234922,1,"IOTHUB_CLIENT_CONFIRMATION_OK"
822,10826235225,10826235375,1,"IOTHUB_CLIENT_CONFIRMATION_OK"
823,10826235559,10826235587,1,"IOTHUB_CLIENT_CONFIRMATION_OK"
824,10826235892,10826235921,1,"IOTHUB_CLIENT_CONFIRMATION_OK"
825,10826236225,10826236253,1,"IOTHUB_CLIENT_CONFIRMATION_OK"
826,10826236558,10826236586,1,"IOTHUB_CLIENT_CONFIRMATION_OK"
827,10826236891,10826236921,1,"IOTHUB_CLIENT_CONFIRMATION_OK"
828,10826237224,10826237254,1,"IOTHUB_CLIENT_CONFIRMATION_OK"
829,10826237557,10826237586,1,"IOTHUB_CLIENT_CONFIRMATION_OK"
830,10826237891,10826237922,1,"IOTHUB_CLIENT_CONFIRMATION_OK"
831,10826238224,10826238259,1,"IOTHUB_CLIENT_CONFIRMATION_OK"
832,10826238557,10826238590,1,"IOTHUB_CLIENT_CONFIRMATION_OK"
833,10826238890,10826238919,1,"IOTHUB_CLIENT_CONFIRMATION_OK"
834,10826239223,10826239252,1,"IOTHUB_CLIENT_CONFIRMATION_OK"
835,10826239556,10826239669,1,"IOTHUB_CLIENT_CONFIRMATION_OK"
836,10826239890,10826239935,1,"IOTHUB_CLIENT_CONFIRMATION_OK"
837,10826240223,10826240251,1,"IOTHUB_CLIENT_CONFIRMATION_OK"
838,10826240556,10826240585,1,"IOTHUB_CLIENT_CONFIRMATION_OK"
839,10826240889,10826240920,1,"IOTHUB_CLIENT_CONFIRMATION_OK"
840,10826241222,10826241255,1,"IOTHUB_CLIENT_CONFIRMATION_OK"
841,10826241555,10826241586,1,"IOTHUB_CLIENT_CONFIRMATION_OK"
842,10826241888,10826241928,1,"IOTHUB_CLIENT_CONFIRMATION_OK"
843,10826242222,10826242251,1,"IOTHUB_CLIENT_CONFIRMATION_OK"
844,10826242555,10826242584,1,"IOTHUB_CLIENT_CONFIRMATION_OK"
845,10826242888,10826242980,1,"IOTHUB_CLIENT_CONFIRMATION_OK"
846,10826243221,10826243250,1,"IOTHUB_CLIENT_CONFIRMATION_OK"
847,10826243554,10826243596,1,"IOTHUB_CLIENT_CONFIRMATION_OK"
848,10826243887,10826243965,1,"IOTHUB_CLIENT_CONFIRMATION_OK"
849,10826244221,10826244249,1,"IOTHUB_CLIENT_CONFIRMATION_OK"
850,10826244554,10826244583,1,"IOTHUB_CLIENT_CONFIRMATION_OK"
851,10826244887,10826244923,1,"IOTHUB_CLIENT_CONFIRMATION_OK"
852,10826245220,10826245248,1,"IOTHUB_CLIENT_CONFIRMATION_OK"
853,10826245553,10826245585,1,"IOTHUB_CLIENT_CONFIRMATION_OK"
854,10826245886,10826245915,1,"IOTHUB_CLIENT_CONFIRMATION_OK"
855,10826246220,10826246252,1,"IOTHUB_CLIENT_CONFIRMATION_OK"
856,10826246553,10826246581,1,"IOTHUB_CLIENT_CONFIRMATION_OK"
857,10826246886,10826246917,1,"IOTHUB_CLIENT_CONFIRMATION_OK"
858,10826247219,10826247248,1,"IOTHUB_CLIENT_CONFIRMATION_OK"
859,10826247552,10826247581,1,"IOTHUB_CLIENT_CONFIRMATION_OK"
860,10826247885,10826247917,1,"IOTHUB_CLIENT_CONFIRMATION_OK"
861,10826248219,10826248251,1,"IOTHUB_CLIENT_CONFIRMATION_OK"
862,10826248552,10826248583,1,"IOTHUB_CLIENT_CONFIRMATION_OK"
863,10826248885,10826248913,1,"IOTHUB_CLIENT_CONFIRMATION_OK"
864,10826249218,10826249248,1,"IOTHUB_CLIENT_CONFIRMATION_OK"
865,10826249551,10826249581,1,"IOTHUB_CLIENT_CONFIRMATION_OK"
866,10826249884,10826249913,1,"IOTHUB_CLIENT_CONFIRMATION_OK"
867,10826250218,10826250248,1,"IOTHUB_CLIENT_CONFIRMATION_OK"
868,10826250551,10826250592,1,"IOTHUB_CLIENT_CONFIRMATION_OK"
869,10826250884,10826250914,1,"IOTHUB_CLIENT_CONFIRMATION_OK"
870,10826251217,10826251245,1,"IOTHUB_CLIENT_CONFIRMATION_OK"
871,10826251550,10826251587,1,"IOTHUB_CLIENT_CONFIRMATION_OK"
872,10826251883,10826251912,1,"IOTHUB_CLIENT_CONFIRMATION_OK"
873,10826252216,10826252245,1,"IOTHUB_CLIENT_CONFIRMATION_OK"
874,10826252550,10826252583,1,"IOTHUB_CLIENT_CONFIRMATION_OK"
875,10826252883,10826252919,1,"IOTHUB_CLIENT_CONFIRMATION_OK"
876,10826253216,10826253246,1,"IOTHUB_CLIENT_CONFIRMATION_OK"
877,10826253549,10826253588,1,"IOTHUB_CLIENT_CONFIRMATION_OK"
878,10826253882,10826253913,1,"IOTHUB_CLIENT_CONFIRMATION_OK"
879,10826254215,10826254248,1,"IOTHUB_CLIENT_CONFIRMATION_OK"
880,10826254549,10826254580,1,"IOTHUB_CLIENT_CONFIRMATION_OK"
881,10826254882,10826254910,1,"IOTHUB_CLIENT_CONFIRMATION_OK"
882,10826255215,10826255243,1,"IOTHUB_CLIENT_CONFIRMATION_OK"
883,10826255548,10826255579,1,"IOTHUB_CLIENT_CONFIRMATION_OK"
884,10826255881,10826255910,1,"IOTHUB_CLIENT_CONFIRMATION_OK"
885,10826256214,10826256252,1,"IOTHUB_CLIENT_CONFIRMATION_OK"
886,10826256547,10826256576,1,"IOTHUB_CLIENT_CONFIRMATION_OK"
887,10826256881,10826256910,1,"IOTHUB_CLIENT_CONFIRMATION_OK"
888,10826257214,10826257243,1,"IOTHUB_CLIENT_CONFIRMATION_OK"
889,10826257547,10826257577,1,"IOTHUB_CLIENT_CONFIRMATION_OK"
890,10826257880,10826257915,1,"IOTHUB_CLIENT_CONFIRMATION_OK"
891,10826258213,10826258245,1,"IOTHUB_CLIENT_CONFIRMATION_OK"
892,10826258546,10826258600,1,"IOTHUB_CLIENT_CONFIRMATION_OK"
893,10826258880,10826258908,1,"IOTHUB_CLIENT_CONFIRMATION_OK"
894,10826259213,10826259274,1,"IOTHUB_CLIENT_CONFIRMATION_OK"
895,10826259546,10826259574,1,"IOTHUB_CLIENT_CONFIRMATION_OK"
896,10826259879,10826259942,1,"IOTHUB_CLIENT_CONFIRMATION_OK"
897,10826260212,10826260294,1,"IOTHUB_CLIENT_CONFIRMATION_OK"
898,10826260545,10826260574,1,"IOTHUB_CLIENT_CONFIRMATION_OK"
899,10826260879,10826260909,1,"IOTHUB_CLIENT_CONFIRMATION_OK"
