Message ID,Send Time,Receive Time,Status,Error
0,10826321904,10826322057,1,"IOTHUB_CLIENT_CONFIRMATION_OK"
1,10826322237,10826322296,1,"IOTHUB_CLIENT_CONFIRMATION_OK"
2,10826322570,10826322603,1,"IOTHUB_CLIENT_CONFIRMATION_OK"
3,10826322903,10826322932,1,"IOTHUB_CLIENT_CONFIRMATION_OK"
4,10826323236,10826323267,1,"IOTHUB_CLIENT_CONFIRMATION_OK"
5,10826323570,10826323598,1,"IOTHUB_CLIENT_CONFIRMATION_OK"
6,10826323903,10826323935,1,"IOTHUB_CLIENT_CONFIRMATION_OK"
7,10826324236,10826324264,1,"IOTHUB_CLIENT_CONFIRMATION_OK"
8,10826324569,10826324601,1,"IOTHUB_CLIENT_CONFIRMATION_OK"
9,10826324902,10826324932,1,"IOTHUB_CLIENT_CONFIRMATION_OK"
10,10826325235,10826325262,1,"IOTHUB_CLIENT_CONFIRMATION_OK"
11,10826325569,10826325703,1,"IOTHUB_CLIENT_CONFIRMATION_OK"
12,10826325902,10826325930,1,"IOTHUB_CLIENT_CONFIRMATION_OK"
13,10826326235,10826326341,1,"IOTHUB_CLIENT_CONFIRMATION_OK"
14,10826326568,10826326597,1,"IOTHUB_CLIENT_CONFIRMATION_OK"
15,10826326901,10826326930,1,"IOTHUB_CLIENT_CONFIRMATION_OK"
16,10826327234,10826327262,1,"IOTHUB_CLIENT_CONFIRMATION_OK"
17,10826327568,10826327595,1,"IOTHUB_CLIENT_CONFIRMATION_OK"
18,10826327901,10826327929,1,"IOTHUB_CLIENT_CONFIRMATION_OK"
19,10826328234,10826328262,1,"IOTHUB_CLIENT_CONFIRMATION_OK"
20,10826328567,10826328597,1,"IOTHUB_CLIENT_CONFIRMATION_OK"
21,10826328900,10826328927,1,"IOTHUB_CLIENT_CONFIRMATION_OK"
22,10826329233,10826329261,1,"IOTHUB_CLIENT_CONFIRMATION_OK"
23,10826329567,10826329622,1,"IOTHUB_CLIENT_CONFIRMATION_OK"
24,10826329900,10826330007,1,"IOTHUB_CLIENT_CONFIRMATION_OK"
25,10826330233,10826330260,1,"IOTHUB_CLIENT_CONFIRMATION_OK"
26,10826330566,10826330605,1,"IOTHUB_CLIENT_CONFIRMATION_OK"
27,10826330899,10826330927,1,"IOTHUB_CLIENT_CONFIRMATION_OK"
28,10826331232,10826331262,1,"IOTHUB_CLIENT_CONFIRMATION_OK"
29,10826331565,10826331601,1,"IOTHUB_CLIENT_CONFIRMATION_OK"
30,10826331899,10826331929,1,"IOTHUB_CLIENT_CONFIRMATION_OK"
31,10826332232,10826332261,1,"IOTHUB_CLIENT_CONFIRMATION_OK"
32,10826332565,10826332593,1,"IOTHUB_CLIENT_CONFIRMATION_OK"
33,10826332898,10826332926,1,"IOTHUB_CLIENT_CONFIRMATION_OK"
34,10826333231,10826333259,1,"IOTHUB_CLIENT_CONFIRMATION_OK"
35,10826333564,10826333700,1,"IOTHUB_CLIENT_CONFIRMATION_OK"
36,10826333898,10826333926,1,"IOTHUB_CLIENT_CONFIRMATION_OK"
37,10826334231,10826334259,1,"IOTHUB_CLIENT_CONFIRMATION_OK"
38,10826334564,10826334593,1,"IOTHUB_CLIENT_CONFIRMATION_OK"
39,10826334897,10826334925,1,"IOTHUB_CLIENT_CONFIRMATION_OK"
40,10826335230,10826335257,1,"IOTHUB_CLIENT_CONFIRMATION_OK"
41,10826335563,10826335594,1,"IOTHUB_CLIENT_CONFIRMATION_OK"
42,10826335897,10826335960,1,"IOTHUB_CLIENT_CONFIRMATION_OK"
43,10826336230,10826336257,1,"IOTHUB_CLIENT_CONFIRMATION_OK"
44,10826336563,10826336594,1,"IOTHUB_CLIENT_CONFIRMATION_OK"
45,10826336896,10826336925,1,"IOTHUB_CLIENT_CONFIRMATION_OK"
46,10826337229,10826337272,1,"IOTHUB_CLIENT_CONFIRMATION_OK"
47,10826337562,10826337592,1,"IOTHUB_CLIENT_CONFIRMATION_OK"
48,10826337896,10826337923,1,"IOTHUB_CLIENT_CONFIRMATION_OK"
49,10826338229,10826338259,1,"IOTHUB_CLIENT_CONFIRMATION_OK"
50,10826338562,10826338589,1,"IOTHUB_CLIENT_CONFIRMATION_OK"
51,10826338895,10826338922,1,"IOTHUB_CLIENT_CONFIRMATION_OK"
52,10826339228,10826339257,1,"IOTHUB_CLIENT_CONFIRMATION_OK"
53,10826339561,10826339635,1,"IOTHUB_CLIENT_CONFIRMATION_OK"
54,10826339895,10826339921,1,"IOTHUB_CLIENT_CONFIRMATION_OK"
55,10826340228,10826340258,1,"IOTHUB_CLIENT_CONFIRMATION_OK"
56,10826340561,10826340589,1,"IOTHUB_CLIENT_CONFIRMATION_OK"
57,10826340894,10826340923,1,"IOTHUB_CLIENT_CONFIRMATION_OK"
58,10826341227,10826341415,1,"IOTHUB_CLIENT_CONFIRMATION_OK"
59,10826341560,10826341588,1,"IOTHUB_CLIENT_CONFIRMATION_OK"
60,10826341894,10826341921,1,"IOTHUB_CLIENT_CONFIRMATION_OK"
61,10826342227,10826342385,1,"IOTHUB_CLIENT_CONFIRMATION_OK"
62,10826342560,10826342591,1,"IOTHUB_CLIENT_CONFIRMATION_OK"
63,10826342893,10826342921,1,"IOTHUB_CLIENT_CONFIRMATION_OK"
64,10826343226,10826343253,1,"IOTHUB_CLIENT_CONFIRMATION_OK"
65,10826343559,10826343589,1,"IOTHUB_CLIENT_CONFIRMATION_OK"
66,10826343893,10826343922,1,"IOTHUB_CLIENT_CONFIRMATION_OK"
67,10826344226,10826344259,1,"IOTHUB_CLIENT_CONFIRMATION_OK"
68,10826344559,10826344586,1,"IOTHUB_CLIENT_CONFIRMATION_OK"
69,10826344892,10826344939,1,"IOTHUB_CLIENT_CONFIRMATION_OK"
70,10826345225,10826345253,1,"IOTHUB_CLIENT_CONFIRMATION_OK"
71,10826345558,10826345590,1,"IOTHUB_CLIENT_CONFIRMATION_OK"
72,10826345892,10826345949,1,"IOTHUB_CLIENT_CONFIRMATION_OK"
73,10826346225,10826346254,1,"IOTHUB_CLIENT_CONFIRMATION_OK"
74,10826346558,10826346587,1,"IOTHUB_CLIENT_CONFIRMATION_OK"
75,10826346891,10826347046,1,"IOTHUB_CLIENT_CONFIRMATION_OK"
76,10826347224,10826347261,1,"IOTHUB_CLIENT_CONFIRMATION_OK"
77,10826347557,10826347585,1,"IOTHUB_CLIENT_CONFIRMATION_OK"
78,10826347891,10826347923,1,"IOTHUB_CLIENT_CONFIRMATION_OK"
79,10826348224,10826348253,1,"IOTHUB_CLIENT_CONFIRMATION_OK"
80,10826348557,10826348593,1,"IOTHUB_CLIENT_CONFIRMATION_OK"
81,10826348890,10826348918,1,"IOTHUB_CLIENT_CONFIRMATION_OK"
82,10826349223,10826349253,1,"IOTHUB_CLIENT_CONFIRMATION_OK"
83,10826349556,10826349585,1,"IOTHUB_CLIENT_CONFIRMATION_OK"
84,10826349890,10826349916,1,"IOTHUB_CLIENT_CONFIRMATION_OK"
85,10826350223,10826350251,1,"IOTHUB_CLIENT_CONFIRMATION_OK"
86,10826350556,10826350717,1,"IOTHUB_CLIENT_CONFIRMATION_OK"
87,10826350889,10826350995,1,"IOTHUB_CLIENT_CONFIRMATION_OK"
88,10826351222,10826351252,1,"IOTHUB_CLIENT_CONFIRMATION_OK"
89,10826351555,10826351586,1,"IOTHUB_CLIENT_CONFIRMATION_OK"
90,10826351889,10826351915,1,"IOTHUB_CLIENT_CONFIRMATION_OK"
91,10826352222,10826352249,1,"IOTHUB_CLIENT_CONFIRMATION_OK"
92,10826352555,10826352584,1,"IOTHUB_CLIENT_CONFIRMATION_OK"
93,10826352888,10826352922,1,"IOTHUB_CLIENT_CONFIRMATION_OK"
94,10826353221,10826353249,1,"IOTHUB_CLIENT_CONFIRMATION_OK"
95,10826353554,10826353583,1,"IOTHUB_CLIENT_CONFIRMATION_OK"
96,10826353888,10826353921,1,"IOTHUB_CLIENT_CONFIRMATION_OK"
97,10826354221,10826354475,1,"IOTHUB_CLIENT_CONFIRMATION_OK"
98,10826354554,10826354582,1,"IOTHUB_CLIENT_CONFIRMATION_OK"
99,10826354887,10826354916,1,"IOTHUB_CLIENT_CONFIRMATION_OK"
100,10826355220,10826355253,1,"IOTHUB_CLIENT_CONFIRMATION_OK"
101,10826355553,10826355580,1,"IOTHUB_CLIENT_CONFIRMATION_OK"
102,10826355887,10826355926,1,"IOTHUB_CLIENT_CONFIRMATION_OK"
103,10826356220,10826356260,1,"IOTHUB_CLIENT_CONFIRMATION_OK"
104,10826356553,10826356581,1,"IOTHUB_CLIENT_CONFIRMATION_OK"
105,10826356886,10826356915,1,"IOTHUB_CLIENT_CONFIRMATION_OK"
106,10826357219,10826357248,1,"IOTHUB_CLIENT_CONFIRMATION_OK"
107,10826357552,10826357581,1,"IOTHUB_CLIENT_CONFIRMATION_OK"
108,10826357886,10826357920,1,"IOTHUB_CLIENT_CONFIRMATION_OK"
109,10826358219,10826358253,1,"IOTHUB_CLIENT_CONFIRMATION_OK"
110,10826358552,10826358581,1,"IOTHUB_CLIENT_CONFIRMATION_OK"
111,10826358885,10826358917,1,"IOTHUB_CLIENT_CONFIRMATION_OK"
112,10826359218,10826359246,1,"IOTHUB_CLIENT_CONFIRMATION_OK"
113,10826359551,10826359579,1,"IOTHUB_CLIENT_CONFIRMATION_OK"
114,10826359885,10826359915,1,"IOTHUB_CLIENT_CONFIRMATION_OK"
115,10826360218,10826360376,1,"IOTHUB_CLIENT_CONFIRMATION_OK"
116,10826360551,10826360579,1,"IOTHUB_CLIENT_CONFIRMATION_OK"
117,10826360884,10826360915,1,"IOTHUB_CLIENT_CONFIRMATION_OK"
118,10826361217,10826361339,1,"IOTHUB_CLIENT_CONFIRMATION_OK"
119,10826361550,10826361599,1,"IOTHUB_CLIENT_CONFIRMATION_OK"
120,10826361883,10826361916,1,"IOTHUB_CLIENT_CONFIRMATION_OK"
121,10826362217,10826362245,1,"IOTHUB_CLIENT_CONFIRMATION_OK"
122,10826362550,10826362578,1,"IOTHUB_CLIENT_CONFIRMATION_OK"
123,10826362883,10826362911,1,"IOTHUB_CLIENT_CONFIRMATION_OK"
124,10826363216,10826363245,1,"IOTHUB_CLIENT_CONFIRMATION_OK"
125,10826363549,10826363580,1,"IOTHUB_CLIENT_CONFIRMATION_OK"
126,10826363883,10826364029,1,"IOTHUB_CLIENT_CONFIRMATION_OK"
127,10826364216,10826364242,1,"IOTHUB_CLIENT_CONFIRMATION_OK"
128,10826364549,10826364577,1,"IOTHUB_CLIENT_CONFIRMATION_OK"
129,10826364882,10826364910,1,"IOTHUB_CLIENT_CONFIRMATION_OK"
130,10826365215,10826365246,1,"IOTHUB_CLIENT_CONFIRMATION_OK"
131,10826365548,10826365577,1,"IOTHUB_CLIENT_CONFIRMATION_OK"
132,10826365881,10826365910,1,"IOTHUB_CLIENT_CONFIRMATION_OK"
133,10826366215,10826366244,1,"IOTHUB_CLIENT_CONFIRMATION_OK"
134,10826366548,10826366577,1,"IOTHUB_CLIENT_CONFIRMATION_OK"
135,10826366881,10826366915,1,"IOTHUB_CLIENT_CONFIRMATION_OK"
136,10826367214,10826367243,1,"IOTHUB_CLIENT_CONFIRMATION_OK"
137,10826367547,10826367688,1,"IOTHUB_CLIENT_CONFIRMATION_OK"
138,10826367880,10826367912,1,"IOTHUB_CLIENT_CONFIRMATION_OK"
139,10826368214,10826368265,1,"IOTHUB_CLIENT_CONFIRMATION_OK"
140,10826368547,10826368574,1,"IOTHUB_CLIENT_CONFIRMATION_OK"
141,10826368880,10826368909,1,"IOTHUB_CLIENT_CONFIRMATION_OK"
142,10826369213,10826369242,1,"IOTHUB_CLIENT_CONFIRMATION_OK"
143,10826369546,10826369574,1,"IOTHUB_CLIENT_CONFIRMATION_OK"
144,10826369879,10826369909,1,"IOTHUB_CLIENT_CONFIRMATION_OK"
145,10826370213,10826370244,1,"IOTHUB_CLIENT_CONFIRMATION_OK"
146,10826370546,10826370575,1,"IOTHUB_CLIENT_CONFIRMATION_OK"
147,10826370879,10826370909,1,"IOTHUB_CLIENT_CONFIRMATION_OK"
148,10826371212,10826371240,1,"IOTHUB_CLIENT_CONFIRMATION_OK"
149,10826371545,10826371678,1,"IOTHUB_CLIENT_CONFIRMATION_OK"
150,10826371879,10826371908,1,"IOTHUB_CLIENT_CONFIRMATION_OK"
151,10826372212,10826372240,1,"IOTHUB_CLIENT_CONFIRMATION_OK"
152,10826372545,10826372579,1,"IOTHUB_CLIENT_CONFIRMATION_OK"
153,10826372878,10826372907,1,"IOTHUB_CLIENT_CONFIRMATION_OK"
154,10826373211,10826373239,1,"IOTHUB_CLIENT_CONFIRMATION_OK"
155,10826373544,10826373572,1,"IOTHUB_CLIENT_CONFIRMATION_OK"
156,10826373877,10826373906,1,"IOTHUB_CLIENT_CONFIRMATION_OK"
157,10826374211,10826374241,1,"IOTHUB_CLIENT_CONFIRMATION_OK"
158,10826374544,10826374573,1,"IOTHUB_CLIENT_CONFIRMATION_OK"
159,10826374877,10826374979,1,"IOTHUB_CLIENT_CONFIRMATION_OK"
160,10826375210,10826375238,1,"IOTHUB_CLIENT_CONFIRMATION_OK"
161,10826375543,10826375573,1,"IOTHUB_CLIENT_CONFIRMATION_OK"
162,10826375876,10826375912,1,"IOTHUB_CLIENT_CONFIRMATION_OK"
163,10826376210,10826376237,1,"IOTHUB_CLIENT_CONFIRMATION_OK"
164,10826376543,10826376573,1,"IOTHUB_CLIENT_CONFIRMATION_OK"
165,10826376876,10826376904,1,"IOTHUB_CLIENT_CONFIRMATION_OK"
166,10826377209,10826377419,1,"IOTHUB_CLIENT_CONFIRMATION_OK"
167,10826377542,10826377571,1,"IOTHUB_CLIENT_CONFIRMATION_OK"
168,10826377875,10826377903,1,"IOTHUB_CLIENT_CONFIRMATION_OK"
169,10826378209,10826378243,1,"IOTHUB_CLIENT_CONFIRMATION_OK"
170,10826378542,10826378659,1,"IOTHUB_CLIENT_CONFIRMATION_OK"
171,10826378875,10826378903,1,"IOTHUB_CLIENT_CONFIRMATION_OK"
172,10826379208,10826379238,1,"IOTHUB_CLIENT_CONFIRMATION_OK"
173,10826379541,10826379570,1,"IOTHUB_CLIENT_CONFIRMATION_OK"
174,10826379874,10826379904,1,"IOTHUB_CLIENT_CONFIRMATION_OK"
175,10826380208,10826380235,1,"IOTHUB_CLIENT_CONFIRMATION_OK"
176,10826380541,10826380569,1,"IOTHUB_CLIENT_CONFIRMATION_OK"
177,10826380874,10826380902,1,"IOTHUB_CLIENT_CONFIRMATION_OK"
178,10826381207,10826381235,1,"IOTHUB_CLIENT_CONFIRMATION_OK"
179,10826381540,10826381662,1,"IOTHUB_CLIENT_CONFIRMATION_OK"
180,10826381873,10826381902,1,"IOTHUB_CLIENT_CONFIRMATION_OK"
181,10826382207,10826382261,1,"IOTHUB_CLIENT_CONFIRMATION_OK"
182,10826382540,10826382567,1,"IOTHUB_CLIENT_CONFIRMATION_OK"
183,10826382873,10826382901,1,"IOTHUB_CLIENT_CONFIRMATION_OK"
184,10826383206,10826383234,1,"IOTHUB_CLIENT_CONFIRMATION_OK"
185,10826383539,10826383568,1,"IOTHUB_CLIENT_CONFIRMATION_OK"
186,10826383872,10826383900,1,"IOTHUB_CLIENT_CONFIRMATION_OK"
187,10826384206,10826384232,1,"IOTHUB_CLIENT_CONFIRMATION_OK"
188,10826384539,10826384703,1,"IOTHUB_CLIENT_CONFIRMATION_OK"
189,10826384872,10826384902,1,"IOTHUB_CLIENT_CONFIRMATION_OK"
190,10826385205,10826385232,1,"IOTHUB_CLIENT_CONFIRMATION_OK"
191,10826385538,10826385566,1,"IOTHUB_CLIENT_CONFIRMATION_OK"
192,10826385871,10826385932,1,"IOTHUB_CLIENT_CONFIRMATION_OK"
193,10826386205,10826386232,1,"IOTHUB_CLIENT_CONFIRMATION_OK"
194,10826386538,10826386566,1,"IOTHUB_CLIENT_CONFIRMATION_OK"
195,10826386871,10826386899,1,"IOTHUB_CLIENT_CONFIRMATION_OK"
196,10826387204,10826387254,1,"IOTHUB_CLIENT_CONFIRMATION_OK"
197,10826387537,10826387573,1,"IOTHUB_CLIENT_CONFIRMATION_OK"
198,10826387870,10826387899,1,"IOTHUB_CLIENT_CONFIRMATION_OK"
199,10826388203,10826388356,1,"IOTHUB_CLIENT_CONFIRMATION_OK"
200,10826388537,10826388566,1,"IOTHUB_CLIENT_CONFIRMATION_OK"
201,10826388870,10826388898,1,"IOTHUB_CLIENT_CONFIRMATION_OK"
202,10826389203,10826389231,1,"IOTHUB_CLIENT_CONFIRMATION_OK"
203,10826389536,10826389565,1,"IOTHUB_CLIENT_CONFIRMATION_OK"
204,10826389869,10826389898,1,"IOTHUB_CLIENT_CONFIRMATION_OK"
205,10826390202,10826390232,1,"IOTHUB_CLIENT_CONFIRMATION_OK"
206,10826390536,10826390563,1,"IOTHUB_CLIENT_CONFIRMATION_OK"
207,10826390869,10826390898,1,"IOTHUB_CLIENT_CONFIRMATION_OK"
208,10826391202,10826391231,1,"IOTHUB_CLIENT_CONFIRMATION_OK"
209,10826391535,10826391564,1,"IOTHUB_CLIENT_CONFIRMATION_OK"
210,10826391868,10826391900,1,"IOTHUB_CLIENT_CONFIRMATION_OK"
211,10826392201,10826392236,1,"IOTHUB_CLIENT_CONFIRMATION_OK"
212,10826392535,10826392565,1,"IOTHUB_CLIENT_CONFIRMATION_OK"
213,10826392868,10826392898,1,"IOTHUB_CLIENT_CONFIRMATION_OK"
214,10826393201,10826393228,1,"IOTHUB_CLIENT_CONFIRMATION_OK"
215,10826393534,10826393561,1,"IOTHUB_CLIENT_CONFIRMATION_OK"
216,10826393867,10826393914,1,"IOTHUB_CLIENT_CONFIRMATION_OK"
217,10826394200,10826394248,1,"IOTHUB_CLIENT_CONFIRMATION_OK"
218,10826394534,10826394562,1,"IOTHUB_CLIENT_CONFIRMATION_OK"
219,10826394867,10826394895,1,"IOTHUB_CLIENT_CONFIRMATION_OK"
220,10826395200,10826395230,1,"IOTHUB_CLIENT_CONFIRMATION_OK"
221,10826395533,10826395573,1,"IOTHUB_CLIENT_CONFIRMATION_OK"
222,10826395866,10826395897,1,"IOTHUB_CLIENT_CONFIRMATION_OK"
223,10826396199,10826396227,1,"IOTHUB_CLIENT_CONFIRMATION_OK"
224,10826396533,10826396561,1,"IOTHUB_CLIENT_CONFIRMATION_OK"
225,10826396866,10826396895,1,"IOTHUB_CLIENT_CONFIRMATION_OK"
226,10826397199,10826397226,1,"IOTHUB_CLIENT_CONFIRMATION_OK"
227,10826397532,10826397559,1,"IOTHUB_CLIENT_CONFIRMATION_OK"
228,10826397865,10826397935,1,"IOTHUB_CLIENT_CONFIRMATION_OK"
229,10826398198,10826398227,1,"IOTHUB_CLIENT_CONFIRMATION_OK"
230,10826398531,10826398560,1,"IOTHUB_CLIENT_CONFIRMATION_OK"
231,10826398865,10826398894,1,"IOTHUB_CLIENT_CONFIRMATION_OK"
232,10826399198,10826399226,1,"IOTHUB_CLIENT_CONFIRMATION_OK"
233,10826399531,10826399559,1,"IOTHUB_CLIENT_CONFIRMATION_OK"
234,10826399864,10826399893,1,"IOTHUB_CLIENT_CONFIRMATION_OK"
235,10826400197,10826400226,1,"IOTHUB_CLIENT_CONFIRMATION_OK"
236,10826400530,10826400558,1,"IOTHUB_CLIENT_CONFIRMATION_OK"
237,10826400864,10826400892,1,"IOTHUB_CLIENT_CONFIRMATION_OK"
238,10826401197,10826401224,1,"IOTHUB_CLIENT_CONFIRMATION_OK"
239,10826401530,10826401627,1,"IOTHUB_CLIENT_CONFIRMATION_OK"
240,10826401863,10826401894,1,"IOTHUB_CLIENT_CONFIRMATION_OK"
241,10826402196,10826402225,1,"IOTHUB_CLIENT_CONFIRMATION_OK"
242,10826402529,10826402562,1,"IOTHUB_CLIENT_CONFIRMATION_OK"
243,10826402863,10826402891,1,"IOTHUB_CLIENT_CONFIRMATION_OK"
244,10826403196,10826403224,1,"IOTHUB_CLIENT_CONFIRMATION_OK"
245,10826403529,10826403557,1,"IOTHUB_CLIENT_CONFIRMATION_OK"
246,10826403862,10826403889,1,"IOTHUB_CLIENT_CONFIRMATION_OK"
247,10826404195,10826404224,1,"IOTHUB_CLIENT_CONFIRMATION_OK"
248,10826404528,10826404639,1,"IOTHUB_CLIENT_CONFIRMATION_OK"
249,10826404862,10826404891,1,"IOTHUB_CLIENT_CONFIRMATION_OK"
250,10826405195,10826405267,1,"IOTHUB_CLIENT_CONFIRMATION_OK"
251,10826405528,10826405563,1,"IOTHUB_CLIENT_CONFIRMATION_OK"
252,10826405861,10826405896,1,"IOTHUB_CLIENT_CONFIRMATION_OK"
253,10826406194,10826406223,1,"IOTHUB_CLIENT_CONFIRMATION_OK"
254,10826406527,10826406558,1,"IOTHUB_CLIENT_CONFIRMATION_OK"
255,10826406861,10826406888,1,"IOTHUB_CLIENT_CONFIRMATION_OK"
256,10826407194,10826407221,1,"IOTHUB_CLIENT_CONFIRMATION_OK"
257,10826407527,10826407564,1,"IOTHUB_CLIENT_CONFIRMATION_OK"
258,10826407860,10826407897,1,"IOTHUB_CLIENT_CONFIRMATION_OK"
259,10826408193,10826408221,1,"IOTHUB_CLIENT_CONFIRMATION_OK"
260,10826408526,10826408562,1,"IOTHUB_CLIENT_CONFIRMATION_OK"
261,10826408860,10826408936,1,"IOTHUB_CLIENT_CONFIRMATION_OK"
262,10826409193,10826409220,1,"IOTHUB_CLIENT_CONFIRMATION_OK"
263,10826409526,10826409554,1,"IOTHUB_CLIENT_CONFIRMATION_OK"
264,10826409859,10826409887,1,"IOTHUB_CLIENT_CONFIRMATION_OK"
265,10826410192,10826410223,1,"IOTHUB_CLIENT_CONFIRMATION_OK"
266,10826410525,10826410553,1,"IOTHUB_CLIENT_CONFIRMATION_OK"
267,10826410859,10826410888,1,"IOTHUB_CLIENT_CONFIRMATION_OK"
268,10826411192,10826411380,1,"IOTHUB_CLIENT_CONFIRMATION_OK"
269,10826411525,10826411554,1,"IOTHUB_CLIENT_CONFIRMATION_OK"
270,10826411858,10826411888,1,"IOTHUB_CLIENT_CONFIRMATION_OK"
271,10826412191,10826412221,1,"IOTHUB_CLIENT_CONFIRMATION_OK"
272,10826412524,10826412597,1,"IOTHUB_CLIENT_CONFIRMATION_OK"
273,10826412858,10826412886,1,"IOTHUB_CLIENT_CONFIRMATION_OK"
274,10826413191,10826413219,1,"IOTHUB_CLIENT_CONFIRMATION_OK"
275,10826413524,10826413587,1,"IOTHUB_CLIENT_CONFIRMATION_OK"
276,10826413857,10826413885,1,"IOTHUB_CLIENT_CONFIRMATION_OK"
277,10826414190,10826414218,1,"IOTHUB_CLIENT_CONFIRMATION_OK"
278,10826414523,10826414554,1,"IOTHUB_CLIENT_CONFIRMATION_OK"
279,10826414857,10826415033,1,"IOTHUB_CLIENT_CONFIRMATION_OK"
280,10826415190,10826415219,1,"IOTHUB_CLIENT_CONFIRMATION_OK"
281,10826415523,10826415549,1,"IOTHUB_CLIENT_CONFIRMATION_OK"
282,10826415856,10826415886,1,"IOTHUB_CLIENT_CONFIRMATION_OK"
283,10826416189,10826416256,1,"IOTHUB_CLIENT_CONFIRMATION_OK"
284,10826416522,10826416552,1,"IOTHUB_CLIENT_CONFIRMATION_OK"
285,10826416856,10826416885,1,"IOTHUB_CLIENT_CONFIRMATION_OK"
286,10826417189,10826417218,1,"IOTHUB_CLIENT_CONFIRMATION_OK"
287,10826417522,10826417556,1,"IOTHUB_CLIENT_CONFIRMATION_OK"
288,10826417855,10826417883,1,"IOTHUB_CLIENT_CONFIRMATION_OK"
289,10826418188,10826418215,1,"IOTHUB_CLIENT_CONFIRMATION_OK"
290,10826418521,10826418689,1,"IOTHUB_CLIENT_CONFIRMATION_OK"
291,10826418854,10826418884,1,"IOTHUB_CLIENT_CONFIRMATION_OK"
292,10826419188,10826419216,1,"IOTHUB_CLIENT_CONFIRMATION_OK"
293,10826419521,10826419553,1,"IOTHUB_CLIENT_CONFIRMATION_OK"
294,10826419854,10826419908,1,"IOTHUB_CLIENT_CONFIRMATION_OK"
295,10826420187,10826420214,1,"IOTHUB_CLIENT_CONFIRMATION_OK"
296,10826420520,10826420548,1,"IOTHUB_CLIENT_CONFIRMATION_OK"
297,10826420853,10826420881,1,"IOTHUB_CLIENT_CONFIRMATION_OK"
298,10826421187,10826421219,1,"IOTHUB_CLIENT_CONFIRMATION_OK"
299,10826421520,10826421548,1,"IOTHUB_CLIENT_CONFIRMATION_OK"
300,10826421853,10826421882,1,"IOTHUB_CLIENT_CONFIRMATION_OK"
301,10826422186,10826422343,1,"IOTHUB_CLIENT_CONFIRMATION_OK"
302,10826422519,10826422547,1,"IOTHUB_CLIENT_CONFIRMATION_OK"
303,10826422852,10826422882,1,"IOTHUB_CLIENT_CONFIRMATION_OK"
304,10826423186,10826423215,1,"IOTHUB_CLIENT_CONFIRMATION_OK"
305,10826423519,10826423573,1,"IOTHUB_CLIENT_CONFIRMATION_OK"
306,10826423852,10826423880,1,"IOTHUB_CLIENT_CONFIRMATION_OK"
307,10826424185,10826424258,1,"IOTHUB_CLIENT_CONFIRMATION_OK"
308,10826424518,10826424548,1,"IOTHUB_CLIENT_CONFIRMATION_OK"
309,10826424851,10826424880,1,"IOTHUB_CLIENT_CONFIRMATION_OK"
310,10826425185,10826425214,1,"IOTHUB_CLIENT_CONFIRMATION_OK"
311,10826425518,10826425546,1,"IOTHUB_CLIENT_CONFIRMATION_OK"
312,10826425851,10826425890,1,"IOTHUB_CLIENT_CONFIRMATION_OK"
313,10826426184,10826426213,1,"IOTHUB_CLIENT_CONFIRMATION_OK"
314,10826426517,10826426544,1,"IOTHUB_CLIENT_CONFIRMATION_OK"
315,10826426850,10826426878,1,"IOTHUB_CLIENT_CONFIRMATION_OK"
316,10826427183,10826427211,1,"IOTHUB_CLIENT_CONFIRMATION_OK"
317,10826427517,10826427546,1,"IOTHUB_CLIENT_CONFIRMATION_OK"
318,10826427850,10826427877,1,"IOTHUB_CLIENT_CONFIRMATION_OK"
319,10826428183,10826428211,1,"IOTHUB_CLIENT_CONFIRMATION_OK"
320,10826428516,10826428548,1,"IOTHUB_CLIENT_CONFIRMATION_OK"
321,10826428849,10826428884,1,"IOTHUB_CLIENT_CONFIRMATION_OK"
322,10826429182,10826429209,1,"IOTHUB_CLIENT_CONFIRMATION_OK"
323,10826429515,10826429571,1,"IOTHUB_CLIENT_CONFIRMATION_OK"
324,10826429849,10826429885,1,"IOTHUB_CLIENT_CONFIRMATION_OK"
325,10826430182,10826430210,1,"IOTHUB_CLIENT_CONFIRMATION_OK"
326,10826430515,10826430555,1,"IOTHUB_CLIENT_CONFIRMATION_OK"
327,10826430848,10826430879,1,"IOTHUB_CLIENT_CONFIRMATION_OK"
328,10826431181,10826431214,1,"IOTHUB_CLIENT_CONFIRMATION_OK"
329,10826431514,10826431543,1,"IOTHUB_CLIENT_CONFIRMATION_OK"
330,10826431848,10826431878,1,"IOTHUB_CLIENT_CONFIRMATION_OK"
331,10826432181,10826432210,1,"IOTHUB_CLIENT_CONFIRMATION_OK"
332,10826432514,10826432549,1,"IOTHUB_CLIENT_CONFIRMATION_OK"
333,10826432847,10826432875,1,"IOTHUB_CLIENT_CONFIRMATION_OK"
334,10826433180,10826433234,1,"IOTHUB_CLIENT_CONFIRMATION_OK"
335,10826433513,10826433543,1,"IOTHUB_CLIENT_CONFIRMATION_OK"
336,10826433847,10826433875,1,"IOTHUB_CLIENT_CONFIRMATION_OK"
337,10826434180,10826434208,1,"IOTHUB_CLIENT_CONFIRMATION_OK"
338,10826434513,10826434542,1,"IOTHUB_CLIENT_CONFIRMATION_OK"
339,10826434846,10826434873,1,"IOTHUB_CLIENT_CONFIRMATION_OK"
340,10826435179,10826435209,1,"IOTHUB_CLIENT_CONFIRMATION_OK"
341,10826435512,10826435543,1,"IOTHUB_CLIENT_CONFIRMATION_OK"
342,10826435845,10826435877,1,"IOTHUB_CLIENT_CONFIRMATION_OK"
343,10826436179,10826436207,1,"IOTHUB_CLIENT_CONFIRMATION_OK"
344,10826436512,10826436540,1,"IOTHUB_CLIENT_CONFIRMATION_OK"
345,10826436845,10826436962,1,"IOTHUB_CLIENT_CONFIRMATION_OK"
346,10826437178,10826437206,1,"IOTHUB_CLIENT_CONFIRMATION_OK"
347,10826437511,10826437548,1,"IOTHUB_CLIENT_CONFIRMATION_OK"
348,10826437844,10826437873,1,"IOTHUB_CLIENT_CONFIRMATION_OK"
349,10826438178,10826438210,1,"IOTHUB_CLIENT_CONFIRMATION_OK"
350,10826438511,10826438538,1,"IOTHUB_CLIENT_CONFIRMATION_OK"
351,10826438844,10826438872,1,"IOTHUB_CLIENT_CONFIRMATION_OK"
352,10826439177,10826439205,1,"IOTHUB_CLIENT_CONFIRMATION_OK"
353,10826439510,10826439548,1,"IOTHUB_CLIENT_CONFIRMATION_OK"
354,10826439843,10826439873,1,"IOTHUB_CLIENT_CONFIRMATION_OK"
355,10826440177,10826440221,1,"IOTHUB_CLIENT_CONFIRMATION_OK"
356,10826440510,10826440639,1,"IOTHUB_CLIENT_CONFIRMATION_OK"
357,10826440843,10826440871,1,"IOTHUB_CLIENT_CONFIRMATION_OK"
358,10826441176,10826441205,1,"IOTHUB_CLIENT_CONFIRMATION_OK"
359,10826441509,10826441537,1,"IOTHUB_CLIENT_CONFIRMATION_OK"
360,10826441842,10826441870,1,"IOTHUB_CLIENT_CONFIRMATION_OK"
361,10826442175,10826442204,1,"IOTHUB_CLIENT_CONFIRMATION_OK"
362,10826442509,10826442536,1,"IOTHUB_CLIENT_CONFIRMATION_OK"
363,10826442842,10826442883,1,"IOTHUB_CLIENT_CONFIRMATION_OK"
364,10826443175,10826443207,1,"IOTHUB_CLIENT_CONFIRMATION_OK"
365,10826443508,10826443539,1,"IOTHUB_CLIENT_CONFIRMATION_OK"
366,10826443841,10826443870,1,"IOTHUB_CLIENT_CONFIRMATION_OK"
367,10826444174,10826444234,1,"IOTHUB_CLIENT_CONFIRMATION_OK"
368,10826444508,10826444706,1,"IOTHUB_CLIENT_CONFIRMATION_OK"
369,10826444841,10826445042,1,"IOTHUB_CLIENT_CONFIRMATION_OK"
370,10826445174,10826445202,1,"IOTHUB_CLIENT_CONFIRMATION_OK"
371,10826445507,10826445535,1,"IOTHUB_CLIENT_CONFIRMATION_OK"
372,10826445840,10826445867,1,"IOTHUB_CLIENT_CONFIRMATION_OK"
373,10826446173,10826446203,1,"IOTHUB_CLIENT_CONFIRMATION_OK"
374,10826446506,10826446541,1,"IOTHUB_CLIENT_CONFIRMATION_OK"
375,10826446840,10826446872,1,"IOTHUB_CLIENT_CONFIRMATION_OK"
376,10826447173,10826447203,1,"IOTHUB_CLIENT_CONFIRMATION_OK"
377,10826447506,10826447534,1,"IOTHUB_CLIENT_CONFIRMATION_OK"
378,10826447839,10826447868,1,"IOTHUB_CLIENT_CONFIRMATION_OK"
379,10826448172,10826448203,1,"IOTHUB_CLIENT_CONFIRMATION_OK"
380,10826448505,10826448533,1,"IOTHUB_CLIENT_CONFIRMATION_OK"
381,10826448839,10826448870,1,"IOTHUB_CLIENT_CONFIRMATION_OK"
382,10826449172,10826449200,1,"IOTHUB_CLIENT_CONFIRMATION_OK"
383,10826449505,10826449647,1,"IOTHUB_CLIENT_CONFIRMATION_OK"
384,10826449838,10826449866,1,"IOTHUB_CLIENT_CONFIRMATION_OK"
385,10826450171,10826450293,1,"IOTHUB_CLIENT_CONFIRMATION_OK"
386,10826450504,10826450533,1,"IOTHUB_CLIENT_CONFIRMATION_OK"
387,10826450837,10826450866,1,"IOTHUB_CLIENT_CONFIRMATION_OK"
388,10826451171,10826451200,1,"IOTHUB_CLIENT_CONFIRMATION_OK"
389,10826451504,10826451532,1,"IOTHUB_CLIENT_CONFIRMATION_OK"
390,10826451837,10826451865,1,"IOTHUB_CLIENT_CONFIRMATION_OK"
391,10826452170,10826452198,1,"IOTHUB_CLIENT_CONFIRMATION_OK"
392,10826452503,10826452531,1,"IOTHUB_CLIENT_CONFIRMATION_OK"
393,10826452836,10826452864,1,"IOTHUB_CLIENT_CONFIRMATION_OK"
394,10826453170,10826453204,1,"IOTHUB_CLIENT_CONFIRMATION_OK"
395,10826453503,10826453540,1,"IOTHUB_CLIENT_CONFIRMATION_OK"
396,10826453836,10826453948,1,"IOTHUB_CLIENT_CONFIRMATION_OK"
397,10826454169,10826454198,1,"IOTHUB_CLIENT_CONFIRMATION_OK"
398,10826454502,10826454535,1,"IOTHUB_CLIENT_CONFIRMATION_OK"
399,10826454835,10826454863,1,"IOTHUB_CLIENT_CONFIRMATION_OK"
400,10826455169,10826455199,1,"IOTHUB_CLIENT_CONFIRMATION_OK"
401,10826455502,10826455541,1,"IOTHUB_CLIENT_CONFIRMATION_OK"
402,10826455835,10826455863,1,"IOTHUB_CLIENT_CONFIRMATION_OK"
403,10826456168,10826456207,1,"IOTHUB_CLIENT_CONFIRMATION_OK"
404,10826456501,10826456530,1,"IOTHUB_CLIENT_CONFIRMATION_OK"
405,10826456834,10826456863,1,"IOTHUB_CLIENT_CONFIRMATION_OK"
406,10826457168,10826457197,1,"IOTHUB_CLIENT_CONFIRMATION_OK"
407,10826457501,10826457624,1,"IOTHUB_CLIENT_CONFIRMATION_OK"
408,10826457834,10826457869,1,"IOTHUB_CLIENT_CONFIRMATION_OK"
409,10826458167,10826458195,1,"IOTHUB_CLIENT_CONFIRMATION_OK"
410,10826458500,10826458527,1,"IOTHUB_CLIENT_CONFIRMATION_OK"
411,10826458833,10826458955,1,"IOTHUB_CLIENT_CONFIRMATION_OK"
412,10826459167,10826459247,1,"IOTHUB_CLIENT_CONFIRMATION_OK"
413,10826459500,10826459528,1,"IOTHUB_CLIENT_CONFIRMATION_OK"
414,10826459833,10826459980,1,"IOTHUB_CLIENT_CONFIRMATION_OK"
415,10826460166,10826460194,1,"IOTHUB_CLIENT_CONFIRMATION_OK"
416,10826460499,10826460528,1,"IOTHUB_CLIENT_CONFIRMATION_OK"
417,10826460832,10826460860,1,"IOTHUB_CLIENT_CONFIRMATION_OK"
418,10826461166,10826461221,1,"IOTHUB_CLIENT_CONFIRMATION_OK"
419,10826461499,10826461531,1,"IOTHUB_CLIENT_CONFIRMATION_OK"
420,10826461832,10826461860,1,"IOTHUB_CLIENT_CONFIRMATION_OK"
421,10826462165,10826462196,1,"IOTHUB_CLIENT_CONFIRMATION_OK"
422,10826462498,10826462529,1,"IOTHUB_CLIENT_CONFIRMATION_OK"
423,10826462831,10826462862,1,"IOTHUB_CLIENT_CONFIRMATION_OK"
424,10826463165,10826463193,1,"IOTHUB_CLIENT_CONFIRMATION_OK"
425,10826463498,10826463655,1,"IOTHUB_CLIENT_CONFIRMATION_OK"
426,10826463831,10826463859,1,"IOTHUB_CLIENT_CONFIRMATION_OK"
427,10826464164,10826464193,1,"IOTHUB_CLIENT_CONFIRMATION_OK"
428,10826464497,10826464547,1,"IOTHUB_CLIENT_CONFIRMATION_OK"
429,10826464830,10826464932,1,"IOTHUB_CLIENT_CONFIRMATION_OK"
430,10826465164,10826465191,1,"IOTHUB_CLIENT_CONFIRMATION_OK"
431,10826465497,10826465525,1,"IOTHUB_CLIENT_CONFIRMATION_OK"
432,10826465830,10826465866,1,"IOTHUB_CLIENT_CONFIRMATION_OK"
433,10826466163,10826466194,1,"IOTHUB_CLIENT_CONFIRMATION_OK"
434,10826466496,10826466529,1,"IOTHUB_CLIENT_CONFIRMATION_OK"
435,10826466829,10826466859,1,"IOTHUB_CLIENT_CONFIRMATION_OK"
436,10826467163,10826467217,1,"IOTHUB_CLIENT_CONFIRMATION_OK"
437,10826467496,10826467524,1,"IOTHUB_CLIENT_CONFIRMATION_OK"
438,10826467829,10826467862,1,"IOTHUB_CLIENT_CONFIRMATION_OK"
439,10826468162,10826468191,1,"IOTHUB_CLIENT_CONFIRMATION_OK"
440,10826468495,10826468524,1,"IOTHUB_CLIENT_CONFIRMATION_OK"
441,10826468828,10826468857,1,"IOTHUB_CLIENT_CONFIRMATION_OK"
442,10826469162,10826469190,1,"IOTHUB_CLIENT_CONFIRMATION_OK"
443,10826469495,10826469693,1,"IOTHUB_CLIENT_CONFIRMATION_OK"
444,10826469828,10826469855,1,"IOTHUB_CLIENT_CONFIRMATION_OK"
445,10826470161,10826470190,1,"IOTHUB_CLIENT_CONFIRMATION_OK"
446,10826470494,10826470521,1,"IOTHUB_CLIENT_CONFIRMATION_OK"
447,10826470827,10826470910,1,"IOTHUB_CLIENT_CONFIRMATION_OK"
448,10826471161,10826471188,1,"IOTHUB_CLIENT_CONFIRMATION_OK"
449,10826471494,10826471522,1,"IOTHUB_CLIENT_CONFIRMATION_OK"
450,10826471827,10826471855,1,"IOTHUB_CLIENT_CONFIRMATION_OK"
451,10826472160,10826472200,1,"IOTHUB_CLIENT_CONFIRMATION_OK"
452,10826472493,10826472521,1,"IOTHUB_CLIENT_CONFIRMATION_OK"
453,10826472826,10826472856,1,"IOTHUB_CLIENT_CONFIRMATION_OK"
454,10826473160,10826473354,1,"IOTHUB_CLIENT_CONFIRMATION_OK"
455,10826473493,10826473522,1,"IOTHUB_CLIENT_CONFIRMATION_OK"
456,10826473826,10826473853,1,"IOTHUB_CLIENT_CONFIRMATION_OK"
457,10826474159,10826474187,1,"IOTHUB_CLIENT_CONFIRMATION_OK"
458,10826474492,10826474575,1,"IOTHUB_CLIENT_CONFIRMATION_OK"
459,10826474825,10826474854,1,"IOTHUB_CLIENT_CONFIRMATION_OK"
460,10826475159,10826475187,1,"IOTHUB_CLIENT_CONFIRMATION_OK"
461,10826475492,10826475520,1,"IOTHUB_CLIENT_CONFIRMATION_OK"
462,10826475825,10826475857,1,"IOTHUB_CLIENT_CONFIRMATION_OK"
463,10826476158,10826476186,1,"IOTHUB_CLIENT_CONFIRMATION_OK"
464,10826476491,10826476519,1,"IOTHUB_CLIENT_CONFIRMATION_OK"
465,10826476824,10826477032,1,"IOTHUB_CLIENT_CONFIRMATION_OK"
466,10826477157,10826477185,1,"IOTHUB_CLIENT_CONFIRMATION_OK"
467,10826477491,10826477517,1,"IOTHUB_CLIENT_CONFIRMATION_OK"
468,10826477824,10826477855,1,"IOTHUB_CLIENT_CONFIRMATION_OK"
469,10826478157,10826478212,1,"IOTHUB_CLIENT_CONFIRMATION_OK"
470,10826478490,10826478517,1,"IOTHUB_CLIENT_CONFIRMATION_OK"
471,10826478823,10826478852,1,"IOTHUB_CLIENT_CONFIRMATION_OK"
472,10826479156,10826479183,1,"IOTHUB_CLIENT_CONFIRMATION_OK"
473,10826479490,10826479517,1,"IOTHUB_CLIENT_CONFIRMATION_OK"
474,10826479823,10826479852,1,"IOTHUB_CLIENT_CONFIRMATION_OK"
475,10826480156,10826480184,1,"IOTHUB_CLIENT_CONFIRMATION_OK"
476,10826480489,10826480550,1,"IOTHUB_CLIENT_CONFIRMATION_OK"
477,10826480822,10826480850,1,"IOTHUB_CLIENT_CONFIRMATION_OK"
478,10826481155,10826481185,1,"IOTHUB_CLIENT_CONFIRMATION_OK"
479,10826481489,10826481519,1,"IOTHUB_CLIENT_CONFIRMATION_OK"
480,10826481822,10826481854,1,"IOTHUB_CLIENT_CONFIRMATION_OK"
481,10826482155,10826482183,1,"IOTHUB_CLIENT_CONFIRMATION_OK"
482,10826482488,10826482516,1,"IOTHUB_CLIENT_CONFIRMATION_OK"
483,10826482821,10826482850,1,"IOTHUB_CLIENT_CONFIRMATION_OK"
484,10826483154,10826483184,1,"IOTHUB_CLIENT_CONFIRMATION_OK"
485,10826483488,10826483519,1,"IOTHUB_CLIENT_CONFIRMATION_OK"
486,10826483821,10826483855,1,"IOTHUB_CLIENT_CONFIRMATION_OK"
487,10826484154,10826484236,1,"IOTHUB_CLIENT_CONFIRMATION_OK"
488,10826484487,10826484516,1,"IOTHUB_CLIENT_CONFIRMATION_OK"
489,10826484820,10826484849,1,"IOTHUB_CLIENT_CONFIRMATION_OK"
490,10826485153,10826485181,1,"IOTHUB_CLIENT_CONFIRMATION_OK"
491,10826485487,10826485515,1,"IOTHUB_CLIENT_CONFIRMATION_OK"
492,10826485820,10826485848,1,"IOTHUB_CLIENT_CONFIRMATION_OK"
493,10826486153,10826486182,1,"IOTHUB_CLIENT_CONFIRMATION_OK"
494,10826486486,10826486519,1,"IOTHUB_CLIENT_CONFIRMATION_OK"
495,10826486819,10826486847,1,"IOTHUB_CLIENT_CONFIRMATION_OK"
496,10826487152,10826487179,1,"IOTHUB_CLIENT_CONFIRMATION_OK"
497,10826487485,10826487514,1,"IOTHUB_CLIENT_CONFIRMATION_OK"
498,10826487819,10826487988,1,"IOTHUB_CLIENT_CONFIRMATION_OK"
499,10826488152,10826488180,1,"IOTHUB_CLIENT_CONFIRMATION_OK"
500,10826488485,10826488513,1,"IOTHUB_CLIENT_CONFIRMATION_OK"
501,10826488818,10826488846,1,"IOTHUB_CLIENT_CONFIRMATION_OK"
502,10826489151,10826489179,1,"IOTHUB_CLIENT_CONFIRMATION_OK"
503,10826489484,10826489513,1,"IOTHUB_CLIENT_CONFIRMATION_OK"
504,10826489818,10826489846,1,"IOTHUB_CLIENT_CONFIRMATION_OK"
505,10826490151,10826490179,1,"IOTHUB_CLIENT_CONFIRMATION_OK"
506,10826490484,10826490512,1,"IOTHUB_CLIENT_CONFIRMATION_OK"
507,10826490817,10826490846,1,"IOTHUB_CLIENT_CONFIRMATION_OK"
508,10826491150,10826491178,1,"IOTHUB_CLIENT_CONFIRMATION_OK"
509,10826491483,10826491680,1,"IOTHUB_CLIENT_CONFIRMATION_OK"
510,10826491817,10826491844,1,"IOTHUB_CLIENT_CONFIRMATION_OK"
511,10826492150,10826492178,1,"IOTHUB_CLIENT_CONFIRMATION_OK"
512,10826492483,10826492511,1,"IOTHUB_CLIENT_CONFIRMATION_OK"
513,10826492816,10826492845,1,"IOTHUB_CLIENT_CONFIRMATION_OK"
514,10826493149,10826493178,1,"IOTHUB_CLIENT_CONFIRMATION_OK"
515,10826493482,10826493512,1,"IOTHUB_CLIENT_CONFIRMATION_OK"
516,10826493816,10826493844,1,"IOTHUB_CLIENT_CONFIRMATION_OK"
517,10826494149,10826494215,1,"IOTHUB_CLIENT_CONFIRMATION_OK"
518,10826494482,10826494510,1,"IOTHUB_CLIENT_CONFIRMATION_OK"
519,10826494815,10826494843,1,"IOTHUB_CLIENT_CONFIRMATION_OK"
520,10826495148,10826495176,1,"IOTHUB_CLIENT_CONFIRMATION_OK"
521,10826495481,10826495520,1,"IOTHUB_CLIENT_CONFIRMATION_OK"
522,10826495815,10826495844,1,"IOTHUB_CLIENT_CONFIRMATION_OK"
523,10826496148,10826496176,1,"IOTHUB_CLIENT_CONFIRMATION_OK"
524,10826496481,10826496510,1,"IOTHUB_CLIENT_CONFIRMATION_OK"
525,10826496814,10826496841,1,"IOTHUB_CLIENT_CONFIRMATION_OK"
526,10826497147,10826497175,1,"IOTHUB_CLIENT_CONFIRMATION_OK"
527,10826497480,10826497598,1,"IOTHUB_CLIENT_CONFIRMATION_OK"
528,10826497814,10826497841,1,"IOTHUB_CLIENT_CONFIRMATION_OK"
529,10826498147,10826498175,1,"IOTHUB_CLIENT_CONFIRMATION_OK"
530,10826498480,10826498509,1,"IOTHUB_CLIENT_CONFIRMATION_OK"
531,10826498813,10826498840,1,"IOTHUB_CLIENT_CONFIRMATION_OK"
532,10826499146,10826499175,1,"IOTHUB_CLIENT_CONFIRMATION_OK"
533,10826499479,10826499513,1,"IOTHUB_CLIENT_CONFIRMATION_OK"
534,10826499813,10826499841,1,"IOTHUB_CLIENT_CONFIRMATION_OK"
535,10826500146,10826500174,1,"IOTHUB_CLIENT_CONFIRMATION_OK"
536,10826500479,10826500507,1,"IOTHUB_CLIENT_CONFIRMATION_OK"
537,10826500812,10826500840,1,"IOTHUB_CLIENT_CONFIRMATION_OK"
538,10826501145,10826501254,1,"IOTHUB_CLIENT_CONFIRMATION_OK"
539,10826501478,10826501514,1,"IOTHUB_CLIENT_CONFIRMATION_OK"
540,10826501812,10826501841,1,"IOTHUB_CLIENT_CONFIRMATION_OK"
541,10826502145,10826502174,1,"IOTHUB_CLIENT_CONFIRMATION_OK"
542,10826502478,10826502504,1,"IOTHUB_CLIENT_CONFIRMATION_OK"
543,10826502811,10826502839,1,"IOTHUB_CLIENT_CONFIRMATION_OK"
544,10826503144,10826503173,1,"IOTHUB_CLIENT_CONFIRMATION_OK"
545,10826503477,10826503504,1,"IOTHUB_CLIENT_CONFIRMATION_OK"
546,10826503811,10826503840,1,"IOTHUB_CLIENT_CONFIRMATION_OK"
547,10826504144,10826504174,1,"IOTHUB_CLIENT_CONFIRMATION_OK"
548,10826504477,10826504505,1,"IOTHUB_CLIENT_CONFIRMATION_OK"
549,10826504810,10826504990,1,"IOTHUB_CLIENT_CONFIRMATION_OK"
550,10826505143,10826505171,1,"IOTHUB_CLIENT_CONFIRMATION_OK"
551,10826505476,10826505505,1,"IOTHUB_CLIENT_CONFIRMATION_OK"
552,10826505810,10826505837,1,"IOTHUB_CLIENT_CONFIRMATION_OK"
553,10826506143,10826506291,1,"IOTHUB_CLIENT_CONFIRMATION_OK"
554,10826506476,10826506511,1,"IOTHUB_CLIENT_CONFIRMATION_OK"
555,10826506809,10826506840,1,"IOTHUB_CLIENT_CONFIRMATION_OK"
556,10826507142,10826507170,1,"IOTHUB_CLIENT_CONFIRMATION_OK"
557,10826507475,10826507503,1,"IOTHUB_CLIENT_CONFIRMATION_OK"
558,10826507809,10826507835,1,"IOTHUB_CLIENT_CONFIRMATION_OK"
559,10826508142,10826508169,1,"IOTHUB_CLIENT_CONFIRMATION_OK"
560,10826508475,10826508527,1,"IOTHUB_CLIENT_CONFIRMATION_OK"
561,10826508808,10826508844,1,"IOTHUB_CLIENT_CONFIRMATION_OK"
562,10826509141,10826509169,1,"IOTHUB_CLIENT_CONFIRMATION_OK"
563,10826509474,10826509525,1,"IOTHUB_CLIENT_CONFIRMATION_OK"
564,10826509808,10826509835,1,"IOTHUB_CLIENT_CONFIRMATION_OK"
565,10826510141,10826510169,1,"IOTHUB_CLIENT_CONFIRMATION_OK"
566,10826510474,10826510504,1,"IOTHUB_CLIENT_CONFIRMATION_OK"
567,10826510807,10826510860,1,"IOTHUB_CLIENT_CONFIRMATION_OK"
568,10826511140,10826511168,1,"IOTHUB_CLIENT_CONFIRMATION_OK"
569,10826511473,10826511501,1,"IOTHUB_CLIENT_CONFIRMATION_OK"
570,10826511807,10826511836,1,"IOTHUB_CLIENT_CONFIRMATION_OK"
571,10826512140,10826512185,1,"IOTHUB_CLIENT_CONFIRMATION_OK"
572,10826512473,10826512501,1,"IOTHUB_CLIENT_CONFIRMATION_OK"
573,10826512806,10826512834,1,"IOTHUB_CLIENT_CONFIRMATION_OK"
574,10826513139,10826513176,1,"IOTHUB_CLIENT_CONFIRMATION_OK"
575,10826513472,10826513500,1,"IOTHUB_CLIENT_CONFIRMATION_OK"
576,10826513806,10826513834,1,"IOTHUB_CLIENT_CONFIRMATION_OK"
577,10826514139,10826514206,1,"IOTHUB_CLIENT_CONFIRMATION_OK"
578,10826514472,10826514501,1,"IOTHUB_CLIENT_CONFIRMATION_OK"
579,10826514805,10826514838,1,"IOTHUB_CLIENT_CONFIRMATION_OK"
580,10826515138,10826515172,1,"IOTHUB_CLIENT_CONFIRMATION_OK"
581,10826515471,10826515501,1,"IOTHUB_CLIENT_CONFIRMATION_OK"
582,10826515805,10826515872,1,"IOTHUB_CLIENT_CONFIRMATION_OK"
583,10826516138,10826516166,1,"IOTHUB_CLIENT_CONFIRMATION_OK"
584,10826516471,10826516498,1,"IOTHUB_CLIENT_CONFIRMATION_OK"
585,10826516804,10826516833,1,"IOTHUB_CLIENT_CONFIRMATION_OK"
586,10826517137,10826517166,1,"IOTHUB_CLIENT_CONFIRMATION_OK"
587,10826517470,10826517511,1,"IOTHUB_CLIENT_CONFIRMATION_OK"
588,10826517804,10826517832,1,"IOTHUB_CLIENT_CONFIRMATION_OK"
589,10826518137,10826518168,1,"IOTHUB_CLIENT_CONFIRMATION_OK"
590,10826518470,10826518498,1,"IOTHUB_CLIENT_CONFIRMATION_OK"
591,10826518803,10826518833,1,"IOTHUB_CLIENT_CONFIRMATION_OK"
592,10826519136,10826519184,1,"IOTHUB_CLIENT_CONFIRMATION_OK"
593,10826519469,10826519575,1,"IOTHUB_CLIENT_CONFIRMATION_OK"
594,10826519803,10826519831,1,"IOTHUB_CLIENT_CONFIRMATION_OK"
595,10826520136,10826520163,1,"IOTHUB_CLIENT_CONFIRMATION_OK"
596,10826520469,10826520496,1,"IOTHUB_CLIENT_CONFIRMATION_OK"
597,10826520802,10826520832,1,"IOTHUB_CLIENT_CONFIRMATION_OK"
598,10826521135,10826521163,1,"IOTHUB_CLIENT_CONFIRMATION_OK"
599,10826521468,10826521496,1,"IOTHUB_CLIENT_CONFIRMATION_OK"
600,10826521802,10826521830,1,"IOTHUB_CLIENT_CONFIRMATION_OK"
601,10826522135,10826522188,1,"IOTHUB_CLIENT_CONFIRMATION_OK"
602,10826522468,10826522517,1,"IOTHUB_CLIENT_CONFIRMATION_OK"
603,10826522801,10826522828,1,"IOTHUB_CLIENT_CONFIRMATION_OK"
604,10826523134,10826523231,1,"IOTHUB_CLIENT_CONFIRMATION_OK"
605,10826523467,10826523494,1,"IOTHUB_CLIENT_CONFIRMATION_OK"
606,10826523801,10826523832,1,"IOTHUB_CLIENT_CONFIRMATION_OK"
607,10826524134,10826524198,1,"IOTHUB_CLIENT_CONFIRMATION_OK"
608,10826524467,10826524494,1,"IOTHUB_CLIENT_CONFIRMATION_OK"
609,10826524800,10826524828,1,"IOTHUB_CLIENT_CONFIRMATION_OK"
610,10826525133,10826525164,1,"IOTHUB_CLIENT_CONFIRMATION_OK"
611,10826525466,10826525669,1,"IOTHUB_CLIENT_CONFIRMATION_OK"
612,10826525800,10826525830,1,"IOTHUB_CLIENT_CONFIRMATION_OK"
613,10826526133,10826526161,1,"IOTHUB_CLIENT_CONFIRMATION_OK"
614,10826526466,10826526493,1,"IOTHUB_CLIENT_CONFIRMATION_OK"
615,10826526799,10826526889,1,"IOTHUB_CLIENT_CONFIRMATION_OK"
616,10826527132,10826527160,1,"IOTHUB_CLIENT_CONFIRMATION_OK"
617,10826527465,10826527493,1,"IOTHUB_CLIENT_CONFIRMATION_OK"
618,10826527799,10826527826,1,"IOTHUB_CLIENT_CONFIRMATION_OK"
619,10826528132,10826528162,1,"IOTHUB_CLIENT_CONFIRMATION_OK"
620,10826528465,10826528494,1,"IOTHUB_CLIENT_CONFIRMATION_OK"
621,10826528798,10826528826,1,"IOTHUB_CLIENT_CONFIRMATION_OK"
622,10826529131,10826529447,1,"IOTHUB_CLIENT_CONFIRMATION_OK"
623,10826529464,10826529493,1,"IOTHUB_CLIENT_CONFIRMATION_OK"
624,10826529798,10826529825,1,"IOTHUB_CLIENT_CONFIRMATION_OK"
625,10826530131,10826530159,1,"IOTHUB_CLIENT_CONFIRMATION_OK"
626,10826530464,10826530560,1,"IOTHUB_CLIENT_CONFIRMATION_OK"
627,10826530797,10826530824,1,"IOTHUB_CLIENT_CONFIRMATION_OK"
628,10826531130,10826531159,1,"IOTHUB_CLIENT_CONFIRMATION_OK"
629,10826531463,10826531494,1,"IOTHUB_CLIENT_CONFIRMATION_OK"
630,10826531797,10826531825,1,"IOTHUB_CLIENT_CONFIRMATION_OK"
631,10826532130,10826532159,1,"IOTHUB_CLIENT_CONFIRMATION_OK"
632,10826532463,10826532491,1,"IOTHUB_CLIENT_CONFIRMATION_OK"
633,10826532796,10826533001,1,"IOTHUB_CLIENT_CONFIRMATION_OK"
634,10826533129,10826533158,1,"IOTHUB_CLIENT_CONFIRMATION_OK"
635,10826533462,10826533490,1,"IOTHUB_CLIENT_CONFIRMATION_OK"
636,10826533796,10826533824,1,"IOTHUB_CLIENT_CONFIRMATION_OK"
637,10826534129,10826534217,1,"IOTHUB_CLIENT_CONFIRMATION_OK"
638,10826534462,10826534491,1,"IOTHUB_CLIENT_CONFIRMATION_OK"
639,10826534795,10826534823,1,"IOTHUB_CLIENT_CONFIRMATION_OK"
640,10826535128,10826535158,1,"IOTHUB_CLIENT_CONFIRMATION_OK"
641,10826535461,10826535493,1,"IOTHUB_CLIENT_CONFIRMATION_OK"
642,10826535795,10826535833,1,"IOTHUB_CLIENT_CONFIRMATION_OK"
643,10826536128,10826536156,1,"IOTHUB_CLIENT_CONFIRMATION_OK"
644,10826536461,10826536489,1,"IOTHUB_CLIENT_CONFIRMATION_OK"
645,10826536794,10826536841,1,"IOTHUB_CLIENT_CONFIRMATION_OK"
646,10826537127,10826537155,1,"IOTHUB_CLIENT_CONFIRMATION_OK"
647,10826537460,10826537489,1,"IOTHUB_CLIENT_CONFIRMATION_OK"
648,10826537794,10826537823,1,"IOTHUB_CLIENT_CONFIRMATION_OK"
649,10826538127,10826538154,1,"IOTHUB_CLIENT_CONFIRMATION_OK"
650,10826538460,10826538492,1,"IOTHUB_CLIENT_CONFIRMATION_OK"
651,10826538793,10826538824,1,"IOTHUB_CLIENT_CONFIRMATION_OK"
652,10826539126,10826539154,1,"IOTHUB_CLIENT_CONFIRMATION_OK"
653,10826539459,10826539487,1,"IOTHUB_CLIENT_CONFIRMATION_OK"
654,10826539793,10826539820,1,"IOTHUB_CLIENT_CONFIRMATION_OK"
655,10826540126,10826540155,1,"IOTHUB_CLIENT_CONFIRMATION_OK"
656,10826540459,10826540487,1,"IOTHUB_CLIENT_CONFIRMATION_OK"
657,10826540792,10826540837,1,"IOTHUB_CLIENT_CONFIRMATION_OK"
658,10826541125,10826541157,1,"IOTHUB_CLIENT_CONFIRMATION_OK"
659,10826541458,10826541486,1,"IOTHUB_CLIENT_CONFIRMATION_OK"
660,10826541792,10826541820,1,"IOTHUB_CLIENT_CONFIRMATION_OK"
661,10826542125,10826542158,1,"IOTHUB_CLIENT_CONFIRMATION_OK"
662,10826542458,10826542487,1,"IOTHUB_CLIENT_CONFIRMATION_OK"
663,10826542791,10826542819,1,"IOTHUB_CLIENT_CONFIRMATION_OK"
664,10826543124,10826543161,1,"IOTHUB_CLIENT_CONFIRMATION_OK"
665,10826543457,10826543486,1,"IOTHUB_CLIENT_CONFIRMATION_OK"
666,10826543791,10826543874,1,"IOTHUB_CLIENT_CONFIRMATION_OK"
667,10826544124,10826544150,1,"IOTHUB_CLIENT_CONFIRMATION_OK"
668,10826544457,10826544485,1,"IOTHUB_CLIENT_CONFIRMATION_OK"
669,10826544790,10826544818,1,"IOTHUB_CLIENT_CONFIRMATION_OK"
670,10826545123,10826545152,1,"IOTHUB_CLIENT_CONFIRMATION_OK"
671,10826545456,10826545484,1,"IOTHUB_CLIENT_CONFIRMATION_OK"
672,10826545790,10826545817,1,"IOTHUB_CLIENT_CONFIRMATION_OK"
673,10826546123,10826546153,1,"IOTHUB_CLIENT_CONFIRMATION_OK"
674,10826546456,10826546484,1,"IOTHUB_CLIENT_CONFIRMATION_OK"
675,10826546789,10826546817,1,"IOTHUB_CLIENT_CONFIRMATION_OK"
676,10826547122,10826547150,1,"IOTHUB_CLIENT_CONFIRMATION_OK"
677,10826547455,10826547482,1,"IOTHUB_CLIENT_CONFIRMATION_OK"
678,10826547789,10826547819,1,"IOTHUB_CLIENT_CONFIRMATION_OK"
679,10826548122,10826548150,1,"IOTHUB_CLIENT_CONFIRMATION_OK"
680,10826548455,10826548483,1,"IOTHUB_CLIENT_CONFIRMATION_OK"
681,10826548788,10826548819,1,"IOTHUB_CLIENT_CONFIRMATION_OK"
682,10826549121,10826549148,1,"IOTHUB_CLIENT_CONFIRMATION_OK"
683,10826549454,10826549483,1,"IOTHUB_CLIENT_CONFIRMATION_OK"
684,10826549788,10826549815,1,"IOTHUB_CLIENT_CONFIRMATION_OK"
685,10826550121,10826550149,1,"IOTHUB_CLIENT_CONFIRMATION_OK"
686,10826550454,10826550487,1,"IOTHUB_CLIENT_CONFIRMATION_OK"
687,10826550787,10826550815,1,"IOTHUB_CLIENT_CONFIRMATION_OK"
688,10826551120,10826551159,1,"IOTHUB_CLIENT_CONFIRMATION_OK"
689,10826551453,10826551482,1,"IOTHUB_CLIENT_CONFIRMATION_OK"
690,10826551787,10826551816,1,"IOTHUB_CLIENT_CONFIRMATION_OK"
691,10826552120,10826552153,1,"IOTHUB_CLIENT_CONFIRMATION_OK"
692,10826552453,10826552482,1,"IOTHUB_CLIENT_CONFIRMATION_OK"
693,10826552786,10826552827,1,"IOTHUB_CLIENT_CONFIRMATION_OK"
694,10826553119,10826553157,1,"IOTHUB_CLIENT_CONFIRMATION_OK"
695,10826553452,10826553489,1,"IOTHUB_CLIENT_CONFIRMATION_OK"
696,10826553786,10826553832,1,"IOTHUB_CLIENT_CONFIRMATION_OK"
697,10826554119,10826554156,1,"IOTHUB_CLIENT_CONFIRMATION_OK"
698,10826554452,10826554489,1,"IOTHUB_CLIENT_CONFIRMATION_OK"
699,10826554785,10826554858,1,"IOTHUB_CLIENT_CONFIRMATION_OK"
700,10826555118,10826555156,1,"IOTHUB_CLIENT_CONFIRMATION_OK"
701,10826555451,10826555494,1,"IOTHUB_CLIENT_CONFIRMATION_OK"
702,10826555784,10826555821,1,"IOTHUB_CLIENT_CONFIRMATION_OK"
703,10826556118,10826556155,1,"IOTHUB_CLIENT_CONFIRMATION_OK"
704,10826556451,10826556493,1,"IOTHUB_CLIENT_CONFIRMATION_OK"
705,10826556784,10826556821,1,"IOTHUB_CLIENT_CONFIRMATION_OK"
706,10826557117,10826557328,1,"IOTHUB_CLIENT_CONFIRMATION_OK"
707,10826557450,10826557487,1,"IOTHUB_CLIENT_CONFIRMATION_OK"
708,10826557783,10826557822,1,"IOTHUB_CLIENT_CONFIRMATION_OK"
709,10826558117,10826558157,1,"IOTHUB_CLIENT_CONFIRMATION_OK"
710,10826558450,10826558546,1,"IOTHUB_CLIENT_CONFIRMATION_OK"
711,10826558783,10826558822,1,"IOTHUB_CLIENT_CONFIRMATION_OK"
712,10826559116,10826559158,1,"IOTHUB_CLIENT_CONFIRMATION_OK"
713,10826559449,10826559492,1,"IOTHUB_CLIENT_CONFIRMATION_OK"
714,10826559782,10826559823,1,"IOTHUB_CLIENT_CONFIRMATION_OK"
715,10826560116,10826560158,1,"IOTHUB_CLIENT_CONFIRMATION_OK"
716,10826560449,10826560489,1,"IOTHUB_CLIENT_CONFIRMATION_OK"
717,10826560782,10826561066,1,"IOTHUB_CLIENT_CONFIRMATION_OK"
718,10826561115,10826561151,1,"IOTHUB_CLIENT_CONFIRMATION_OK"
719,10826561448,10826561490,1,"IOTHUB_CLIENT_CONFIRMATION_OK"
720,10826561781,10826561821,1,"IOTHUB_CLIENT_CONFIRMATION_OK"
721,10826562114,10826562151,1,"IOTHUB_CLIENT_CONFIRMATION_OK"
722,10826562448,10826562475,1,"IOTHUB_CLIENT_CONFIRMATION_OK"
723,10826562781,10826562816,1,"IOTHUB_CLIENT_CONFIRMATION_OK"
724,10826563114,10826563153,1,"IOTHUB_CLIENT_CONFIRMATION_OK"
725,10826563447,10826563506,1,"IOTHUB_CLIENT_CONFIRMATION_OK"
726,10826563780,10826563818,1,"IOTHUB_CLIENT_CONFIRMATION_OK"
727,10826564113,10826564156,1,"IOTHUB_CLIENT_CONFIRMATION_OK"
728,10826564447,10826564513,1,"IOTHUB_CLIENT_CONFIRMATION_OK"
729,10826564780,10826564822,1,"IOTHUB_CLIENT_CONFIRMATION_OK"
730,10826565113,10826565153,1,"IOTHUB_CLIENT_CONFIRMATION_OK"
731,10826565446,10826565484,1,"IOTHUB_CLIENT_CONFIRMATION_OK"
732,10826565779,10826565817,1,"IOTHUB_CLIENT_CONFIRMATION_OK"
733,10826566112,10826566151,1,"IOTHUB_CLIENT_CONFIRMATION_OK"
734,10826566446,10826566484,1,"IOTHUB_CLIENT_CONFIRMATION_OK"
735,10826566779,10826566818,1,"IOTHUB_CLIENT_CONFIRMATION_OK"
736,10826567112,10826567149,1,"IOTHUB_CLIENT_CONFIRMATION_OK"
737,10826567445,10826567480,1,"IOTHUB_CLIENT_CONFIRMATION_OK"
738,10826567778,10826567818,1,"IOTHUB_CLIENT_CONFIRMATION_OK"
739,10826568111,10826568221,1,"IOTHUB_CLIENT_CONFIRMATION_OK"
740,10826568444,10826568484,1,"IOTHUB_CLIENT_CONFIRMATION_OK"
741,10826568778,10826568814,1,"IOTHUB_CLIENT_CONFIRMATION_OK"
742,10826569111,10826569153,1,"IOTHUB_CLIENT_CONFIRMATION_OK"
743,10826569444,10826569487,1,"IOTHUB_CLIENT_CONFIRMATION_OK"
744,10826569777,10826569817,1,"IOTHUB_CLIENT_CONFIRMATION_OK"
745,10826570110,10826570149,1,"IOTHUB_CLIENT_CONFIRMATION_OK"
746,10826570443,10826570486,1,"IOTHUB_CLIENT_CONFIRMATION_OK"
747,10826570777,10826570825,1,"IOTHUB_CLIENT_CONFIRMATION_OK"
748,10826571110,10826571153,1,"IOTHUB_CLIENT_CONFIRMATION_OK"
749,10826571443,10826571490,1,"IOTHUB_CLIENT_CONFIRMATION_OK"
750,10826571776,10826571944,1,"IOTHUB_CLIENT_CONFIRMATION_OK"
751,10826572109,10826572150,1,"IOTHUB_CLIENT_CONFIRMATION_OK"
752,10826572442,10826572470,1,"IOTHUB_CLIENT_CONFIRMATION_OK"
753,10826572776,10826572803,1,"IOTHUB_CLIENT_CONFIRMATION_OK"
754,10826573109,10826573138,1,"IOTHUB_CLIENT_CONFIRMATION_OK"
755,10826573442,10826573471,1,"IOTHUB_CLIENT_CONFIRMATION_OK"
756,10826573775,10826573803,1,"IOTHUB_CLIENT_CONFIRMATION_OK"
757,10826574108,10826574145,1,"IOTHUB_CLIENT_CONFIRMATION_OK"
758,10826574441,10826574468,1,"IOTHUB_CLIENT_CONFIRMATION_OK"
759,10826574775,10826574802,1,"IOTHUB_CLIENT_CONFIRMATION_OK"
760,10826575108,10826575136,1,"IOTHUB_CLIENT_CONFIRMATION_OK"
761,10826575441,10826575469,1,"IOTHUB_CLIENT_CONFIRMATION_OK"
762,10826575774,10826575802,1,"IOTHUB_CLIENT_CONFIRMATION_OK"
763,10826576107,10826576135,1,"IOTHUB_CLIENT_CONFIRMATION_OK"
764,10826576440,10826576473,1,"IOTHUB_CLIENT_CONFIRMATION_OK"
765,10826576773,10826576808,1,"IOTHUB_CLIENT_CONFIRMATION_OK"
766,10826577107,10826577134,1,"IOTHUB_CLIENT_CONFIRMATION_OK"
767,10826577440,10826577468,1,"IOTHUB_CLIENT_CONFIRMATION_OK"
768,10826577773,10826577801,1,"IOTHUB_CLIENT_CONFIRMATION_OK"
769,10826578106,10826578133,1,"IOTHUB_CLIENT_CONFIRMATION_OK"
770,10826578439,10826578469,1,"IOTHUB_CLIENT_CONFIRMATION_OK"
771,10826578772,10826578804,1,"IOTHUB_CLIENT_CONFIRMATION_OK"
772,10826579106,10826579223,1,"IOTHUB_CLIENT_CONFIRMATION_OK"
773,10826579439,10826579467,1,"IOTHUB_CLIENT_CONFIRMATION_OK"
774,10826579772,10826579800,1,"IOTHUB_CLIENT_CONFIRMATION_OK"
775,10826580105,10826580132,1,"IOTHUB_CLIENT_CONFIRMATION_OK"
776,10826580438,10826580592,1,"IOTHUB_CLIENT_CONFIRMATION_OK"
777,10826580771,10826580809,1,"IOTHUB_CLIENT_CONFIRMATION_OK"
778,10826581105,10826581133,1,"IOTHUB_CLIENT_CONFIRMATION_OK"
779,10826581438,10826581467,1,"IOTHUB_CLIENT_CONFIRMATION_OK"
780,10826581771,10826581799,1,"IOTHUB_CLIENT_CONFIRMATION_OK"
781,10826582104,10826582134,1,"IOTHUB_CLIENT_CONFIRMATION_OK"
782,10826582437,10826582470,1,"IOTHUB_CLIENT_CONFIRMATION_OK"
783,10826582770,10826582800,1,"IOTHUB_CLIENT_CONFIRMATION_OK"
784,10826583104,10826583131,1,"IOTHUB_CLIENT_CONFIRMATION_OK"
785,10826583437,10826583464,1,"IOTHUB_CLIENT_CONFIRMATION_OK"
786,10826583770,10826583797,1,"IOTHUB_CLIENT_CONFIRMATION_OK"
787,10826584103,10826584134,1,"IOTHUB_CLIENT_CONFIRMATION_OK"
788,10826584436,10826584464,1,"IOTHUB_CLIENT_CONFIRMATION_OK"
789,10826584769,10826584797,1,"IOTHUB_CLIENT_CONFIRMATION_OK"
790,10826585103,10826585217,1,"IOTHUB_CLIENT_CONFIRMATION_OK"
791,10826585436,10826585464,1,"IOTHUB_CLIENT_CONFIRMATION_OK"
792,10826585769,10826585796,1,"IOTHUB_CLIENT_CONFIRMATION_OK"
793,10826586102,10826586132,1,"IOTHUB_CLIENT_CONFIRMATION_OK"
794,10826586435,10826586519,1,"IOTHUB_CLIENT_CONFIRMATION_OK"
795,10826586768,10826586795,1,"IOTHUB_CLIENT_CONFIRMATION_OK"
796,10826587102,10826587129,1,"IOTHUB_CLIENT_CONFIRMATION_OK"
797,10826587435,10826587472,1,"IOTHUB_CLIENT_CONFIRMATION_OK"
798,10826587768,10826587797,1,"IOTHUB_CLIENT_CONFIRMATION_OK"
799,10826588101,10826588129,1,"IOTHUB_CLIENT_CONFIRMATION_OK"
800,10826588434,10826588463,1,"IOTHUB_CLIENT_CONFIRMATION_OK"
801,10826588767,10826588796,1,"IOTHUB_CLIENT_CONFIRMATION_OK"
802,10826589101,10826589129,1,"IOTHUB_CLIENT_CONFIRMATION_OK"
803,10826589434,10826589461,1,"IOTHUB_CLIENT_CONFIRMATION_OK"
804,10826589767,10826589795,1,"IOTHUB_CLIENT_CONFIRMATION_OK"
805,10826590100,10826590127,1,"IOTHUB_CLIENT_CONFIRMATION_OK"
806,10826590433,10826590461,1,"IOTHUB_CLIENT_CONFIRMATION_OK"
807,10826590766,10826590797,1,"IOTHUB_CLIENT_CONFIRMATION_OK"
808,10826591100,10826591215,1,"IOTHUB_CLIENT_CONFIRMATION_OK"
809,10826591433,10826591460,1,"IOTHUB_CLIENT_CONFIRMATION_OK"
810,10826591766,10826591797,1,"IOTHUB_CLIENT_CONFIRMATION_OK"
811,10826592099,10826592142,1,"IOTHUB_CLIENT_CONFIRMATION_OK"
812,10826592432,10826592463,1,"IOTHUB_CLIENT_CONFIRMATION_OK"
813,10826592765,10826592795,1,"IOTHUB_CLIENT_CONFIRMATION_OK"
814,10826593099,10826593127,1,"IOTHUB_CLIENT_CONFIRMATION_OK"
815,10826593432,10826593462,1,"IOTHUB_CLIENT_CONFIRMATION_OK"
816,10826593765,10826593792,1,"IOTHUB_CLIENT_CONFIRMATION_OK"
817,10826594098,10826594128,1,"IOTHUB_CLIENT_CONFIRMATION_OK"
818,10826594431,10826594459,1,"IOTHUB_CLIENT_CONFIRMATION_OK"
819,10826594764,10826594932,1,"IOTHUB_CLIENT_CONFIRMATION_OK"
820,10826595098,10826595125,1,"IOTHUB_CLIENT_CONFIRMATION_OK"
821,10826595431,10826595463,1,"IOTHUB_CLIENT_CONFIRMATION_OK"
822,10826595764,10826595856,1,"IOTHUB_CLIENT_CONFIRMATION_OK"
823,10826596097,10826596124,1,"IOTHUB_CLIENT_CONFIRMATION_OK"
824,10826596430,10826596459,1,"IOTHUB_CLIENT_CONFIRMATION_OK"
825,10826596763,10826596791,1,"IOTHUB_CLIENT_CONFIRMATION_OK"
826,10826597096,10826597125,1,"IOTHUB_CLIENT_CONFIRMATION_OK"
827,10826597430,10826597458,1,"IOTHUB_CLIENT_CONFIRMATION_OK"
828,10826597763,10826597790,1,"IOTHUB_CLIENT_CONFIRMATION_OK"
829,10826598096,10826598125,1,"IOTHUB_CLIENT_CONFIRMATION_OK"
830,10826598429,10826598531,1,"IOTHUB_CLIENT_CONFIRMATION_OK"
831,10826598762,10826598790,1,"IOTHUB_CLIENT_CONFIRMATION_OK"
832,10826599095,10826599148,1,"IOTHUB_CLIENT_CONFIRMATION_OK"
833,10826599429,10826599457,1,"IOTHUB_CLIENT_CONFIRMATION_OK"
834,10826599762,10826599791,1,"IOTHUB_CLIENT_CONFIRMATION_OK"
835,10826600095,10826600122,1,"IOTHUB_CLIENT_CONFIRMATION_OK"
836,10826600428,10826600456,1,"IOTHUB_CLIENT_CONFIRMATION_OK"
837,10826600761,10826600789,1,"IOTHUB_CLIENT_CONFIRMATION_OK"
838,10826601094,10826601122,1,"IOTHUB_CLIENT_CONFIRMATION_OK"
839,10826601428,10826601455,1,"IOTHUB_CLIENT_CONFIRMATION_OK"
840,10826601761,10826601790,1,"IOTHUB_CLIENT_CONFIRMATION_OK"
841,10826602094,10826602207,1,"IOTHUB_CLIENT_CONFIRMATION_OK"
842,10826602427,10826602455,1,"IOTHUB_CLIENT_CONFIRMATION_OK"
843,10826602760,10826602787,1,"IOTHUB_CLIENT_CONFIRMATION_OK"
844,10826603093,10826603121,1,"IOTHUB_CLIENT_CONFIRMATION_OK"
845,10826603427,10826603454,1,"IOTHUB_CLIENT_CONFIRMATION_OK"
846,10826603760,10826603788,1,"IOTHUB_CLIENT_CONFIRMATION_OK"
847,10826604093,10826604121,1,"IOTHUB_CLIENT_CONFIRMATION_OK"
848,10826604426,10826604456,1,"IOTHUB_CLIENT_CONFIRMATION_OK"
849,10826604759,10826604788,1,"IOTHUB_CLIENT_CONFIRMATION_OK"
850,10826605092,10826605122,1,"IOTHUB_CLIENT_CONFIRMATION_OK"
851,10826605425,10826605453,1,"IOTHUB_CLIENT_CONFIRMATION_OK"
852,10826605759,10826605854,1,"IOTHUB_CLIENT_CONFIRMATION_OK"
853,10826606092,10826606167,1,"IOTHUB_CLIENT_CONFIRMATION_OK"
854,10826606425,10826606452,1,"IOTHUB_CLIENT_CONFIRMATION_OK"
855,10826606758,10826606789,1,"IOTHUB_CLIENT_CONFIRMATION_OK"
856,10826607091,10826607120,1,"IOTHUB_CLIENT_CONFIRMATION_OK"
857,10826607424,10826607453,1,"IOTHUB_CLIENT_CONFIRMATION_OK"
858,10826607758,10826607786,1,"IOTHUB_CLIENT_CONFIRMATION_OK"
859,10826608091,10826608120,1,"IOTHUB_CLIENT_CONFIRMATION_OK"
860,10826608424,10826608451,1,"IOTHUB_CLIENT_CONFIRMATION_OK"
861,10826608757,10826608786,1,"IOTHUB_CLIENT_CONFIRMATION_OK"
862,10826609090,10826609118,1,"IOTHUB_CLIENT_CONFIRMATION_OK"
863,10826609423,10826609453,1,"IOTHUB_CLIENT_CONFIRMATION_OK"
864,10826609756,10826609783,1,"IOTHUB_CLIENT_CONFIRMATION_OK"
865,10826610090,10826610116,1,"IOTHUB_CLIENT_CONFIRMATION_OK"
866,10826610423,10826610452,1,"IOTHUB_CLIENT_CONFIRMATION_OK"
867,10826610756,10826610784,1,"IOTHUB_CLIENT_CONFIRMATION_OK"
868,10826611089,10826611117,1,"IOTHUB_CLIENT_CONFIRMATION_OK"
869,10826611422,10826611452,1,"IOTHUB_CLIENT_CONFIRMATION_OK"
870,10826611755,10826611783,1,"IOTHUB_CLIENT_CONFIRMATION_OK"
871,10826612089,10826612117,1,"IOTHUB_CLIENT_CONFIRMATION_OK"
872,10826612422,10826612449,1,"IOTHUB_CLIENT_CONFIRMATION_OK"
873,10826612755,10826612790,1,"IOTHUB_CLIENT_CONFIRMATION_OK"
874,10826613088,10826613189,1,"IOTHUB_CLIENT_CONFIRMATION_OK"
875,10826613421,10826613450,1,"IOTHUB_CLIENT_CONFIRMATION_OK"
876,10826613754,10826613781,1,"IOTHUB_CLIENT_CONFIRMATION_OK"
877,10826614088,10826614115,1,"IOTHUB_CLIENT_CONFIRMATION_OK"
878,10826614421,10826614451,1,"IOTHUB_CLIENT_CONFIRMATION_OK"
879,10826614754,10826614782,1,"IOTHUB_CLIENT_CONFIRMATION_OK"
880,10826615087,10826615115,1,"IOTHUB_CLIENT_CONFIRMATION_OK"
881,10826615420,10826615449,1,"IOTHUB_CLIENT_CONFIRMATION_OK"
882,10826615753,10826615782,1,"IOTHUB_CLIENT_CONFIRMATION_OK"
883,10826616086,10826616119,1,"IOTHUB_CLIENT_CONFIRMATION_OK"
884,10826616420,10826616448,1,"IOTHUB_CLIENT_CONFIRMATION_OK"
885,10826616753,10826616781,1,"IOTHUB_CLIENT_CONFIRMATION_OK"
886,10826617086,10826617114,1,"IOTHUB_CLIENT_CONFIRMATION_OK"
887,10826617419,10826617453,1,"IOTHUB_CLIENT_CONFIRMATION_OK"
888,10826617752,10826617782,1,"IOTHUB_CLIENT_CONFIRMATION_OK"
889,10826618085,10826618115,1,"IOTHUB_CLIENT_CONFIRMATION_OK"
890,10826618419,10826618447,1,"IOTHUB_CLIENT_CONFIRMATION_OK"
891,10826618752,10826618782,1,"IOTHUB_CLIENT_CONFIRMATION_OK"
892,10826619085,10826619143,1,"IOTHUB_CLIENT_CONFIRMATION_OK"
893,10826619418,10826619448,1,"IOTHUB_CLIENT_CONFIRMATION_OK"
894,10826619751,10826619780,1,"IOTHUB_CLIENT_CONFIRMATION_OK"
895,10826620084,10826620113,1,"IOTHUB_CLIENT_CONFIRMATION_OK"
896,10826620418,10826620447,1,"IOTHUB_CLIENT_CONFIRMATION_OK"
897,10826620751,10826620778,1,"IOTHUB_CLIENT_CONFIRMATION_OK"
898,10826621084,10826621114,1,"IOTHUB_CLIENT_CONFIRMATION_OK"
899,10826621417,10826621445,1,"IOTHUB_CLIENT_CONFIRMATION_OK"
