Message ID,Send Time,Receive Time,Status,Error
0,10820886878,10820887048,1,"IOTHUB_CLIENT_CONFIRMATION_OK"
1,10820887211,10820887246,1,"IOTHUB_CLIENT_CONFIRMATION_OK"
2,10820887545,10820887612,1,"IOTHUB_CLIENT_CONFIRMATION_OK"
3,10820887878,10820887917,1,"IOTHUB_CLIENT_CONFIRMATION_OK"
4,10820888211,10820888243,1,"IOTHUB_CLIENT_CONFIRMATION_OK"
5,10820888544,10820888580,1,"IOTHUB_CLIENT_CONFIRMATION_OK"
6,10820888877,10820888927,1,"IOTHUB_CLIENT_CONFIRMATION_OK"
7,10820889210,10820889242,1,"IOTHUB_CLIENT_CONFIRMATION_OK"
8,10820889544,10820889579,1,"IOTHUB_CLIENT_CONFIRMATION_OK"
9,10820889877,10820889916,1,"IOTHUB_CLIENT_CONFIRMATION_OK"
10,10820890210,10820890250,1,"IOTHUB_CLIENT_CONFIRMATION_OK"
11,10820890543,10820890588,1,"IOTHUB_CLIENT_CONFIRMATION_OK"
12,10820890876,10820890913,1,"IOTHUB_CLIENT_CONFIRMATION_OK"
13,10820891209,10820891252,1,"IOTHUB_CLIENT_CONFIRMATION_OK"
14,10820891543,10820891665,1,"IOTHUB_CLIENT_CONFIRMATION_OK"
15,10820891876,10820891915,1,"IOTHUB_CLIENT_CONFIRMATION_OK"
16,10820892209,10820892286,1,"IOTHUB_CLIENT_CONFIRMATION_OK"
17,10820892542,10820892575,1,"IOTHUB_CLIENT_CONFIRMATION_OK"
18,10820892875,10820893006,1,"IOTHUB_CLIENT_CONFIRMATION_OK"
19,10820893208,10820893255,1,"IOTHUB_CLIENT_CONFIRMATION_OK"
20,10820893542,10820893574,1,"IOTHUB_CLIENT_CONFIRMATION_OK"
21,10820893875,10820893913,1,"IOTHUB_CLIENT_CONFIRMATION_OK"
22,10820894208,10820894250,1,"IOTHUB_CLIENT_CONFIRMATION_OK"
23,10820894541,10820894731,1,"IOTHUB_CLIENT_CONFIRMATION_OK"
24,10820894874,10820894924,1,"IOTHUB_CLIENT_CONFIRMATION_OK"
25,10820895207,10820895244,1,"IOTHUB_CLIENT_CONFIRMATION_OK"
26,10820895541,10820895577,1,"IOTHUB_CLIENT_CONFIRMATION_OK"
27,10820895874,10820895912,1,"IOTHUB_CLIENT_CONFIRMATION_OK"
28,10820896207,10820896240,1,"IOTHUB_CLIENT_CONFIRMATION_OK"
29,10820896540,10820896575,1,"IOTHUB_CLIENT_CONFIRMATION_OK"
30,10820896873,10820896910,1,"IOTHUB_CLIENT_CONFIRMATION_OK"
31,10820897206,10820897250,1,"IOTHUB_CLIENT_CONFIRMATION_OK"
32,10820897540,10820897597,1,"IOTHUB_CLIENT_CONFIRMATION_OK"
33,10820897873,10820897916,1,"IOTHUB_CLIENT_CONFIRMATION_OK"
34,10820898206,10820898249,1,"IOTHUB_CLIENT_CONFIRMATION_OK"
35,10820898539,10820898575,1,"IOTHUB_CLIENT_CONFIRMATION_OK"
36,10820898872,10820898909,1,"IOTHUB_CLIENT_CONFIRMATION_OK"
37,10820899205,10820899262,1,"IOTHUB_CLIENT_CONFIRMATION_OK"
38,10820899539,10820899591,1,"IOTHUB_CLIENT_CONFIRMATION_OK"
39,10820899872,10820900003,1,"IOTHUB_CLIENT_CONFIRMATION_OK"
40,10820900205,10820900242,1,"IOTHUB_CLIENT_CONFIRMATION_OK"
41,10820900538,10820900631,1,"IOTHUB_CLIENT_CONFIRMATION_OK"
42,10820900871,10820900920,1,"IOTHUB_CLIENT_CONFIRMATION_OK"
43,10820901204,10820901240,1,"IOTHUB_CLIENT_CONFIRMATION_OK"
44,10820901538,10820901571,1,"IOTHUB_CLIENT_CONFIRMATION_OK"
45,10820901871,10820901903,1,"IOTHUB_CLIENT_CONFIRMATION_OK"
46,10820902204,10820902239,1,"IOTHUB_CLIENT_CONFIRMATION_OK"
47,10820902537,10820902573,1,"IOTHUB_CLIENT_CONFIRMATION_OK"
48,10820902870,10820902966,1,"IOTHUB_CLIENT_CONFIRMATION_OK"
49,10820903203,10820903235,1,"IOTHUB_CLIENT_CONFIRMATION_OK"
50,10820903537,10820903583,1,"IOTHUB_CLIENT_CONFIRMATION_OK"
51,10820903870,10820903907,1,"IOTHUB_CLIENT_CONFIRMATION_OK"
52,10820904203,10820904253,1,"IOTHUB_CLIENT_CONFIRMATION_OK"
53,10820904536,10820904596,1,"IOTHUB_CLIENT_CONFIRMATION_OK"
54,10820904869,10820904918,1,"IOTHUB_CLIENT_CONFIRMATION_OK"
55,10820905202,10820905242,1,"IOTHUB_CLIENT_CONFIRMATION_OK"
56,10820905536,10820905571,1,"IOTHUB_CLIENT_CONFIRMATION_OK"
57,10820905869,10820905924,1,"IOTHUB_CLIENT_CONFIRMATION_OK"
58,10820906202,10820906238,1,"IOTHUB_CLIENT_CONFIRMATION_OK"
59,10820906535,10820906578,1,"IOTHUB_CLIENT_CONFIRMATION_OK"
60,10820906868,10820906901,1,"IOTHUB_CLIENT_CONFIRMATION_OK"
61,10820907201,10820907236,1,"IOTHUB_CLIENT_CONFIRMATION_OK"
62,10820907535,10820907572,1,"IOTHUB_CLIENT_CONFIRMATION_OK"
63,10820907868,10820907919,1,"IOTHUB_CLIENT_CONFIRMATION_OK"
64,10820908201,10820908249,1,"IOTHUB_CLIENT_CONFIRMATION_OK"
65,10820908534,10820908571,1,"IOTHUB_CLIENT_CONFIRMATION_OK"
66,10820908867,10820909020,1,"IOTHUB_CLIENT_CONFIRMATION_OK"
67,10820909200,10820909235,1,"IOTHUB_CLIENT_CONFIRMATION_OK"
68,10820909533,10820909576,1,"IOTHUB_CLIENT_CONFIRMATION_OK"
69,10820909867,10820909901,1,"IOTHUB_CLIENT_CONFIRMATION_OK"
70,10820910200,10820910236,1,"IOTHUB_CLIENT_CONFIRMATION_OK"
71,10820910533,10820910566,1,"IOTHUB_CLIENT_CONFIRMATION_OK"
72,10820910866,10820910903,1,"IOTHUB_CLIENT_CONFIRMATION_OK"
73,10820911199,10820911299,1,"IOTHUB_CLIENT_CONFIRMATION_OK"
74,10820911532,10820911566,1,"IOTHUB_CLIENT_CONFIRMATION_OK"
75,10820911866,10820911932,1,"IOTHUB_CLIENT_CONFIRMATION_OK"
76,10820912199,10820912234,1,"IOTHUB_CLIENT_CONFIRMATION_OK"
77,10820912532,10820912584,1,"IOTHUB_CLIENT_CONFIRMATION_OK"
78,10820912865,10820912905,1,"IOTHUB_CLIENT_CONFIRMATION_OK"
79,10820913198,10820913235,1,"IOTHUB_CLIENT_CONFIRMATION_OK"
80,10820913532,10820913576,1,"IOTHUB_CLIENT_CONFIRMATION_OK"
81,10820913865,10820913908,1,"IOTHUB_CLIENT_CONFIRMATION_OK"
82,10820914198,10820914236,1,"IOTHUB_CLIENT_CONFIRMATION_OK"
83,10820914531,10820914571,1,"IOTHUB_CLIENT_CONFIRMATION_OK"
84,10820914864,10820914902,1,"IOTHUB_CLIENT_CONFIRMATION_OK"
85,10820915197,10820915230,1,"IOTHUB_CLIENT_CONFIRMATION_OK"
86,10820915530,10820915565,1,"IOTHUB_CLIENT_CONFIRMATION_OK"
87,10820915864,10820915907,1,"IOTHUB_CLIENT_CONFIRMATION_OK"
88,10820916197,10820916230,1,"IOTHUB_CLIENT_CONFIRMATION_OK"
89,10820916530,10820916567,1,"IOTHUB_CLIENT_CONFIRMATION_OK"
90,10820916863,10820916904,1,"IOTHUB_CLIENT_CONFIRMATION_OK"
91,10820917196,10820917224,1,"IOTHUB_CLIENT_CONFIRMATION_OK"
92,10820917529,10820917565,1,"IOTHUB_CLIENT_CONFIRMATION_OK"
93,10820917863,10820917897,1,"IOTHUB_CLIENT_CONFIRMATION_OK"
94,10820918196,10820918231,1,"IOTHUB_CLIENT_CONFIRMATION_OK"
95,10820918529,10820918564,1,"IOTHUB_CLIENT_CONFIRMATION_OK"
96,10820918862,10820919064,1,"IOTHUB_CLIENT_CONFIRMATION_OK"
97,10820919195,10820919235,1,"IOTHUB_CLIENT_CONFIRMATION_OK"
98,10820919528,10820919606,1,"IOTHUB_CLIENT_CONFIRMATION_OK"
99,10820919862,10820919898,1,"IOTHUB_CLIENT_CONFIRMATION_OK"
100,10820920195,10820920229,1,"IOTHUB_CLIENT_CONFIRMATION_OK"
101,10820920528,10820920563,1,"IOTHUB_CLIENT_CONFIRMATION_OK"
102,10820920861,10820920894,1,"IOTHUB_CLIENT_CONFIRMATION_OK"
103,10820921194,10820921231,1,"IOTHUB_CLIENT_CONFIRMATION_OK"
104,10820921527,10820921563,1,"IOTHUB_CLIENT_CONFIRMATION_OK"
105,10820921861,10820922058,1,"IOTHUB_CLIENT_CONFIRMATION_OK"
106,10820922194,10820922324,1,"IOTHUB_CLIENT_CONFIRMATION_OK"
107,10820922527,10820922556,1,"IOTHUB_CLIENT_CONFIRMATION_OK"
108,10820922860,10820922898,1,"IOTHUB_CLIENT_CONFIRMATION_OK"
109,10820923193,10820923233,1,"IOTHUB_CLIENT_CONFIRMATION_OK"
110,10820923526,10820923564,1,"IOTHUB_CLIENT_CONFIRMATION_OK"
111,10820923860,10820923901,1,"IOTHUB_CLIENT_CONFIRMATION_OK"
112,10820924193,10820924274,1,"IOTHUB_CLIENT_CONFIRMATION_OK"
113,10820924526,10820924562,1,"IOTHUB_CLIENT_CONFIRMATION_OK"
114,10820924859,10820924970,1,"IOTHUB_CLIENT_CONFIRMATION_OK"
115,10820925192,10820925243,1,"IOTHUB_CLIENT_CONFIRMATION_OK"
116,10820925525,10820925605,1,"IOTHUB_CLIENT_CONFIRMATION_OK"
117,10820925858,10820925904,1,"IOTHUB_CLIENT_CONFIRMATION_OK"
118,10820926192,10820926227,1,"IOTHUB_CLIENT_CONFIRMATION_OK"
119,10820926525,10820926579,1,"IOTHUB_CLIENT_CONFIRMATION_OK"
120,10820926858,10820926899,1,"IOTHUB_CLIENT_CONFIRMATION_OK"
121,10820927191,10820927223,1,"IOTHUB_CLIENT_CONFIRMATION_OK"
122,10820927524,10820927557,1,"IOTHUB_CLIENT_CONFIRMATION_OK"
123,10820927857,10820927899,1,"IOTHUB_CLIENT_CONFIRMATION_OK"
124,10820928191,10820928230,1,"IOTHUB_CLIENT_CONFIRMATION_OK"
125,10820928524,10820928566,1,"IOTHUB_CLIENT_CONFIRMATION_OK"
126,10820928857,10820928893,1,"IOTHUB_CLIENT_CONFIRMATION_OK"
127,10820929190,10820929247,1,"IOTHUB_CLIENT_CONFIRMATION_OK"
128,10820929523,10820929580,1,"IOTHUB_CLIENT_CONFIRMATION_OK"
129,10820929856,10820929895,1,"IOTHUB_CLIENT_CONFIRMATION_OK"
130,10820930190,10820930283,1,"IOTHUB_CLIENT_CONFIRMATION_OK"
131,10820930523,10820930557,1,"IOTHUB_CLIENT_CONFIRMATION_OK"
132,10820930856,10820930894,1,"IOTHUB_CLIENT_CONFIRMATION_OK"
133,10820931189,10820931221,1,"IOTHUB_CLIENT_CONFIRMATION_OK"
134,10820931522,10820931557,1,"IOTHUB_CLIENT_CONFIRMATION_OK"
135,10820931855,10820931891,1,"IOTHUB_CLIENT_CONFIRMATION_OK"
136,10820932189,10820932218,1,"IOTHUB_CLIENT_CONFIRMATION_OK"
137,10820932522,10820932704,1,"IOTHUB_CLIENT_CONFIRMATION_OK"
138,10820932855,10820932905,1,"IOTHUB_CLIENT_CONFIRMATION_OK"
139,10820933188,10820933220,1,"IOTHUB_CLIENT_CONFIRMATION_OK"
140,10820933521,10820933559,1,"IOTHUB_CLIENT_CONFIRMATION_OK"
141,10820933854,10820933885,1,"IOTHUB_CLIENT_CONFIRMATION_OK"
142,10820934188,10820934221,1,"IOTHUB_CLIENT_CONFIRMATION_OK"
143,10820934521,10820934558,1,"IOTHUB_CLIENT_CONFIRMATION_OK"
144,10820934854,10820934916,1,"IOTHUB_CLIENT_CONFIRMATION_OK"
145,10820935187,10820935231,1,"IOTHUB_CLIENT_CONFIRMATION_OK"
146,10820935520,10820935557,1,"IOTHUB_CLIENT_CONFIRMATION_OK"
147,10820935853,10820935888,1,"IOTHUB_CLIENT_CONFIRMATION_OK"
148,10820936187,10820936222,1,"IOTHUB_CLIENT_CONFIRMATION_OK"
149,10820936520,10820936577,1,"IOTHUB_CLIENT_CONFIRMATION_OK"
150,10820936853,10820936911,1,"IOTHUB_CLIENT_CONFIRMATION_OK"
151,10820937186,10820937220,1,"IOTHUB_CLIENT_CONFIRMATION_OK"
152,10820937519,10820937556,1,"IOTHUB_CLIENT_CONFIRMATION_OK"
153,10820937853,10820937986,1,"IOTHUB_CLIENT_CONFIRMATION_OK"
154,10820938186,10820938221,1,"IOTHUB_CLIENT_CONFIRMATION_OK"
155,10820938519,10820938597,1,"IOTHUB_CLIENT_CONFIRMATION_OK"
156,10820938852,10820938885,1,"IOTHUB_CLIENT_CONFIRMATION_OK"
157,10820939185,10820939219,1,"IOTHUB_CLIENT_CONFIRMATION_OK"
158,10820939518,10820939555,1,"IOTHUB_CLIENT_CONFIRMATION_OK"
159,10820939852,10820939911,1,"IOTHUB_CLIENT_CONFIRMATION_OK"
160,10820940185,10820940226,1,"IOTHUB_CLIENT_CONFIRMATION_OK"
161,10820940518,10820940573,1,"IOTHUB_CLIENT_CONFIRMATION_OK"
162,10820940851,10820941031,1,"IOTHUB_CLIENT_CONFIRMATION_OK"
163,10820941184,10820941221,1,"IOTHUB_CLIENT_CONFIRMATION_OK"
164,10820941517,10820941555,1,"IOTHUB_CLIENT_CONFIRMATION_OK"
165,10820941850,10820941916,1,"IOTHUB_CLIENT_CONFIRMATION_OK"
166,10820942184,10820942251,1,"IOTHUB_CLIENT_CONFIRMATION_OK"
167,10820942517,10820942563,1,"IOTHUB_CLIENT_CONFIRMATION_OK"
168,10820942850,10820942885,1,"IOTHUB_CLIENT_CONFIRMATION_OK"
169,10820943183,10820943238,1,"IOTHUB_CLIENT_CONFIRMATION_OK"
170,10820943516,10820943558,1,"IOTHUB_CLIENT_CONFIRMATION_OK"
171,10820943849,10820943901,1,"IOTHUB_CLIENT_CONFIRMATION_OK"
172,10820944183,10820944218,1,"IOTHUB_CLIENT_CONFIRMATION_OK"
173,10820944516,10820944545,1,"IOTHUB_CLIENT_CONFIRMATION_OK"
174,10820944849,10820944887,1,"IOTHUB_CLIENT_CONFIRMATION_OK"
175,10820945182,10820945230,1,"IOTHUB_CLIENT_CONFIRMATION_OK"
176,10820945515,10820945552,1,"IOTHUB_CLIENT_CONFIRMATION_OK"
177,10820945848,10820945887,1,"IOTHUB_CLIENT_CONFIRMATION_OK"
178,10820946182,10820946428,1,"IOTHUB_CLIENT_CONFIRMATION_OK"
179,10820946515,10820946554,1,"IOTHUB_CLIENT_CONFIRMATION_OK"
180,10820946848,10820946891,1,"IOTHUB_CLIENT_CONFIRMATION_OK"
181,10820947181,10820947216,1,"IOTHUB_CLIENT_CONFIRMATION_OK"
182,10820947514,10820947549,1,"IOTHUB_CLIENT_CONFIRMATION_OK"
183,10820947847,10820947890,1,"IOTHUB_CLIENT_CONFIRMATION_OK"
184,10820948181,10820948218,1,"IOTHUB_CLIENT_CONFIRMATION_OK"
185,10820948514,10820948555,1,"IOTHUB_CLIENT_CONFIRMATION_OK"
186,10820948847,10820948908,1,"IOTHUB_CLIENT_CONFIRMATION_OK"
187,10820949180,10820949264,1,"IOTHUB_CLIENT_CONFIRMATION_OK"
188,10820949513,10820949556,1,"IOTHUB_CLIENT_CONFIRMATION_OK"
189,10820949846,10820949880,1,"IOTHUB_CLIENT_CONFIRMATION_OK"
190,10820950180,10820950216,1,"IOTHUB_CLIENT_CONFIRMATION_OK"
191,10820950513,10820950565,1,"IOTHUB_CLIENT_CONFIRMATION_OK"
192,10820950846,10820950891,1,"IOTHUB_CLIENT_CONFIRMATION_OK"
193,10820951179,10820951213,1,"IOTHUB_CLIENT_CONFIRMATION_OK"
194,10820951512,10820951548,1,"IOTHUB_CLIENT_CONFIRMATION_OK"
195,10820951845,10820951887,1,"IOTHUB_CLIENT_CONFIRMATION_OK"
196,10820952179,10820952327,1,"IOTHUB_CLIENT_CONFIRMATION_OK"
197,10820952512,10820952551,1,"IOTHUB_CLIENT_CONFIRMATION_OK"
198,10820952845,10820952891,1,"IOTHUB_CLIENT_CONFIRMATION_OK"
199,10820953178,10820953238,1,"IOTHUB_CLIENT_CONFIRMATION_OK"
200,10820953511,10820953558,1,"IOTHUB_CLIENT_CONFIRMATION_OK"
201,10820953844,10820953881,1,"IOTHUB_CLIENT_CONFIRMATION_OK"
202,10820954178,10820954210,1,"IOTHUB_CLIENT_CONFIRMATION_OK"
203,10820954511,10820954565,1,"IOTHUB_CLIENT_CONFIRMATION_OK"
204,10820954844,10820954876,1,"IOTHUB_CLIENT_CONFIRMATION_OK"
205,10820955177,10820955216,1,"IOTHUB_CLIENT_CONFIRMATION_OK"
206,10820955510,10820955545,1,"IOTHUB_CLIENT_CONFIRMATION_OK"
207,10820955843,10820955875,1,"IOTHUB_CLIENT_CONFIRMATION_OK"
208,10820956177,10820956214,1,"IOTHUB_CLIENT_CONFIRMATION_OK"
209,10820956510,10820956544,1,"IOTHUB_CLIENT_CONFIRMATION_OK"
210,10820956843,10820956876,1,"IOTHUB_CLIENT_CONFIRMATION_OK"
211,10820957176,10820957210,1,"IOTHUB_CLIENT_CONFIRMATION_OK"
212,10820957509,10820957621,1,"IOTHUB_CLIENT_CONFIRMATION_OK"
213,10820957842,10820957883,1,"IOTHUB_CLIENT_CONFIRMATION_OK"
214,10820958176,10820958252,1,"IOTHUB_CLIENT_CONFIRMATION_OK"
215,10820958509,10820958545,1,"IOTHUB_CLIENT_CONFIRMATION_OK"
216,10820958842,10820958877,1,"IOTHUB_CLIENT_CONFIRMATION_OK"
217,10820959175,10820959210,1,"IOTHUB_CLIENT_CONFIRMATION_OK"
218,10820959508,10820959538,1,"IOTHUB_CLIENT_CONFIRMATION_OK"
219,10820959841,10820959878,1,"IOTHUB_CLIENT_CONFIRMATION_OK"
220,10820960175,10820960214,1,"IOTHUB_CLIENT_CONFIRMATION_OK"
221,10820960508,10820960542,1,"IOTHUB_CLIENT_CONFIRMATION_OK"
222,10820960841,10820960883,1,"IOTHUB_CLIENT_CONFIRMATION_OK"
223,10820961174,10820961223,1,"IOTHUB_CLIENT_CONFIRMATION_OK"
224,10820961507,10820961538,1,"IOTHUB_CLIENT_CONFIRMATION_OK"
225,10820961840,10820961873,1,"IOTHUB_CLIENT_CONFIRMATION_OK"
226,10820962174,10820962204,1,"IOTHUB_CLIENT_CONFIRMATION_OK"
227,10820962507,10820962545,1,"IOTHUB_CLIENT_CONFIRMATION_OK"
228,10820962840,10820962943,1,"IOTHUB_CLIENT_CONFIRMATION_OK"
229,10820963173,10820963222,1,"IOTHUB_CLIENT_CONFIRMATION_OK"
230,10820963506,10820963538,1,"IOTHUB_CLIENT_CONFIRMATION_OK"
231,10820963839,10820963875,1,"IOTHUB_CLIENT_CONFIRMATION_OK"
232,10820964173,10820964216,1,"IOTHUB_CLIENT_CONFIRMATION_OK"
233,10820964506,10820964539,1,"IOTHUB_CLIENT_CONFIRMATION_OK"
234,10820964839,10820964881,1,"IOTHUB_CLIENT_CONFIRMATION_OK"
235,10820965172,10820965210,1,"IOTHUB_CLIENT_CONFIRMATION_OK"
236,10820965505,10820965549,1,"IOTHUB_CLIENT_CONFIRMATION_OK"
237,10820965838,10820965980,1,"IOTHUB_CLIENT_CONFIRMATION_OK"
238,10820966172,10820966203,1,"IOTHUB_CLIENT_CONFIRMATION_OK"
239,10820966505,10820966599,1,"IOTHUB_CLIENT_CONFIRMATION_OK"
240,10820966838,10820966872,1,"IOTHUB_CLIENT_CONFIRMATION_OK"
241,10820967171,10820967231,1,"IOTHUB_CLIENT_CONFIRMATION_OK"
242,10820967504,10820967544,1,"IOTHUB_CLIENT_CONFIRMATION_OK"
243,10820967837,10820967881,1,"IOTHUB_CLIENT_CONFIRMATION_OK"
244,10820968171,10820968217,1,"IOTHUB_CLIENT_CONFIRMATION_OK"
245,10820968504,10820968541,1,"IOTHUB_CLIENT_CONFIRMATION_OK"
246,10820968837,10820968873,1,"IOTHUB_CLIENT_CONFIRMATION_OK"
247,10820969170,10820969203,1,"IOTHUB_CLIENT_CONFIRMATION_OK"
248,10820969503,10820969557,1,"IOTHUB_CLIENT_CONFIRMATION_OK"
249,10820969836,10820969952,1,"IOTHUB_CLIENT_CONFIRMATION_OK"
250,10820970170,10820970207,1,"IOTHUB_CLIENT_CONFIRMATION_OK"
251,10820970503,10820970538,1,"IOTHUB_CLIENT_CONFIRMATION_OK"
252,10820970836,10820970870,1,"IOTHUB_CLIENT_CONFIRMATION_OK"
253,10820971169,10820971290,1,"IOTHUB_CLIENT_CONFIRMATION_OK"
254,10820971502,10820971548,1,"IOTHUB_CLIENT_CONFIRMATION_OK"
255,10820971835,10820971884,1,"IOTHUB_CLIENT_CONFIRMATION_OK"
256,10820972169,10820972201,1,"IOTHUB_CLIENT_CONFIRMATION_OK"
257,10820972502,10820972542,1,"IOTHUB_CLIENT_CONFIRMATION_OK"
258,10820972835,10820972871,1,"IOTHUB_CLIENT_CONFIRMATION_OK"
259,10820973168,10820973215,1,"IOTHUB_CLIENT_CONFIRMATION_OK"
260,10820973501,10820973536,1,"IOTHUB_CLIENT_CONFIRMATION_OK"
261,10820973834,10820973868,1,"IOTHUB_CLIENT_CONFIRMATION_OK"
262,10820974168,10820974209,1,"IOTHUB_CLIENT_CONFIRMATION_OK"
263,10820974501,10820974532,1,"IOTHUB_CLIENT_CONFIRMATION_OK"
264,10820974834,10820974867,1,"IOTHUB_CLIENT_CONFIRMATION_OK"
265,10820975167,10820975200,1,"IOTHUB_CLIENT_CONFIRMATION_OK"
266,10820975500,10820975537,1,"IOTHUB_CLIENT_CONFIRMATION_OK"
267,10820975833,10820975877,1,"IOTHUB_CLIENT_CONFIRMATION_OK"
268,10820976167,10820976211,1,"IOTHUB_CLIENT_CONFIRMATION_OK"
269,10820976500,10820976574,1,"IOTHUB_CLIENT_CONFIRMATION_OK"
270,10820976833,10820976888,1,"IOTHUB_CLIENT_CONFIRMATION_OK"
271,10820977166,10820977201,1,"IOTHUB_CLIENT_CONFIRMATION_OK"
272,10820977499,10820977533,1,"IOTHUB_CLIENT_CONFIRMATION_OK"
273,10820977832,10820977866,1,"IOTHUB_CLIENT_CONFIRMATION_OK"
274,10820978166,10820978197,1,"IOTHUB_CLIENT_CONFIRMATION_OK"
275,10820978499,10820978571,1,"IOTHUB_CLIENT_CONFIRMATION_OK"
276,10820978832,10820978876,1,"IOTHUB_CLIENT_CONFIRMATION_OK"
277,10820979165,10820979199,1,"IOTHUB_CLIENT_CONFIRMATION_OK"
278,10820979498,10820979536,1,"IOTHUB_CLIENT_CONFIRMATION_OK"
279,10820979831,10820979884,1,"IOTHUB_CLIENT_CONFIRMATION_OK"
280,10820980164,10820980197,1,"IOTHUB_CLIENT_CONFIRMATION_OK"
281,10820980498,10820980544,1,"IOTHUB_CLIENT_CONFIRMATION_OK"
282,10820980831,10820980865,1,"IOTHUB_CLIENT_CONFIRMATION_OK"
283,10820981164,10820981199,1,"IOTHUB_CLIENT_CONFIRMATION_OK"
284,10820981497,10820981533,1,"IOTHUB_CLIENT_CONFIRMATION_OK"
285,10820981830,10820981974,1,"IOTHUB_CLIENT_CONFIRMATION_OK"
286,10820982163,10820982218,1,"IOTHUB_CLIENT_CONFIRMATION_OK"
287,10820982497,10820982576,1,"IOTHUB_CLIENT_CONFIRMATION_OK"
288,10820982830,10820982862,1,"IOTHUB_CLIENT_CONFIRMATION_OK"
289,10820983163,10820983198,1,"IOTHUB_CLIENT_CONFIRMATION_OK"
290,10820983496,10820983529,1,"IOTHUB_CLIENT_CONFIRMATION_OK"
291,10820983829,10820983863,1,"IOTHUB_CLIENT_CONFIRMATION_OK"
292,10820984162,10820984194,1,"IOTHUB_CLIENT_CONFIRMATION_OK"
293,10820984496,10820984538,1,"IOTHUB_CLIENT_CONFIRMATION_OK"
294,10820984829,10820985070,1,"IOTHUB_CLIENT_CONFIRMATION_OK"
295,10820985162,10820985194,1,"IOTHUB_CLIENT_CONFIRMATION_OK"
296,10820985495,10820985542,1,"IOTHUB_CLIENT_CONFIRMATION_OK"
297,10820985828,10820985864,1,"IOTHUB_CLIENT_CONFIRMATION_OK"
298,10820986161,10820986190,1,"IOTHUB_CLIENT_CONFIRMATION_OK"
299,10820986494,10820986529,1,"IOTHUB_CLIENT_CONFIRMATION_OK"
300,10820986828,10820986875,1,"IOTHUB_CLIENT_CONFIRMATION_OK"
301,10820987161,10820987197,1,"IOTHUB_CLIENT_CONFIRMATION_OK"
302,10820987494,10820987527,1,"IOTHUB_CLIENT_CONFIRMATION_OK"
303,10820987827,10820987911,1,"IOTHUB_CLIENT_CONFIRMATION_OK"
304,10820988160,10820988199,1,"IOTHUB_CLIENT_CONFIRMATION_OK"
305,10820988494,10820988530,1,"IOTHUB_CLIENT_CONFIRMATION_OK"
306,10820988827,10820988862,1,"IOTHUB_CLIENT_CONFIRMATION_OK"
307,10820989160,10820989195,1,"IOTHUB_CLIENT_CONFIRMATION_OK"
308,10820989493,10820989532,1,"IOTHUB_CLIENT_CONFIRMATION_OK"
309,10820989826,10820989882,1,"IOTHUB_CLIENT_CONFIRMATION_OK"
310,10820990159,10820990363,1,"IOTHUB_CLIENT_CONFIRMATION_OK"
311,10820990493,10820990529,1,"IOTHUB_CLIENT_CONFIRMATION_OK"
312,10820990826,10820990884,1,"IOTHUB_CLIENT_CONFIRMATION_OK"
313,10820991159,10820991192,1,"IOTHUB_CLIENT_CONFIRMATION_OK"
314,10820991492,10820991674,1,"IOTHUB_CLIENT_CONFIRMATION_OK"
315,10820991825,10820991876,1,"IOTHUB_CLIENT_CONFIRMATION_OK"
316,10820992158,10820992454,1,"IOTHUB_CLIENT_CONFIRMATION_OK"
317,10820992492,10820992532,1,"IOTHUB_CLIENT_CONFIRMATION_OK"
318,10820992825,10820992863,1,"IOTHUB_CLIENT_CONFIRMATION_OK"
319,10820993158,10820993280,1,"IOTHUB_CLIENT_CONFIRMATION_OK"
320,10820993491,10820993536,1,"IOTHUB_CLIENT_CONFIRMATION_OK"
321,10820993824,10820993888,1,"IOTHUB_CLIENT_CONFIRMATION_OK"
322,10820994157,10820994194,1,"IOTHUB_CLIENT_CONFIRMATION_OK"
323,10820994491,10820994532,1,"IOTHUB_CLIENT_CONFIRMATION_OK"
324,10820994824,10820994856,1,"IOTHUB_CLIENT_CONFIRMATION_OK"
325,10820995157,10820995194,1,"IOTHUB_CLIENT_CONFIRMATION_OK"
326,10820995490,10820995714,1,"IOTHUB_CLIENT_CONFIRMATION_OK"
327,10820995823,10820995865,1,"IOTHUB_CLIENT_CONFIRMATION_OK"
328,10820996156,10820996193,1,"IOTHUB_CLIENT_CONFIRMATION_OK"
329,10820996490,10820996541,1,"IOTHUB_CLIENT_CONFIRMATION_OK"
330,10820996823,10820996881,1,"IOTHUB_CLIENT_CONFIRMATION_OK"
331,10820997156,10820997189,1,"IOTHUB_CLIENT_CONFIRMATION_OK"
332,10820997489,10820997522,1,"IOTHUB_CLIENT_CONFIRMATION_OK"
333,10820997822,10820997855,1,"IOTHUB_CLIENT_CONFIRMATION_OK"
334,10820998155,10820998197,1,"IOTHUB_CLIENT_CONFIRMATION_OK"
335,10820998489,10820998560,1,"IOTHUB_CLIENT_CONFIRMATION_OK"
336,10820998822,10820998890,1,"IOTHUB_CLIENT_CONFIRMATION_OK"
337,10820999155,10820999186,1,"IOTHUB_CLIENT_CONFIRMATION_OK"
338,10820999488,10820999524,1,"IOTHUB_CLIENT_CONFIRMATION_OK"
339,10820999821,10820999851,1,"IOTHUB_CLIENT_CONFIRMATION_OK"
340,10821000154,10821000200,1,"IOTHUB_CLIENT_CONFIRMATION_OK"
341,10821000488,10821000580,1,"IOTHUB_CLIENT_CONFIRMATION_OK"
342,10821000821,10821000863,1,"IOTHUB_CLIENT_CONFIRMATION_OK"
343,10821001154,10821001187,1,"IOTHUB_CLIENT_CONFIRMATION_OK"
344,10821001487,10821001536,1,"IOTHUB_CLIENT_CONFIRMATION_OK"
345,10821001820,10821001860,1,"IOTHUB_CLIENT_CONFIRMATION_OK"
346,10821002153,10821002199,1,"IOTHUB_CLIENT_CONFIRMATION_OK"
347,10821002486,10821002520,1,"IOTHUB_CLIENT_CONFIRMATION_OK"
348,10821002820,10821002868,1,"IOTHUB_CLIENT_CONFIRMATION_OK"
349,10821003153,10821003191,1,"IOTHUB_CLIENT_CONFIRMATION_OK"
350,10821003486,10821003524,1,"IOTHUB_CLIENT_CONFIRMATION_OK"
351,10821003819,10821004040,1,"IOTHUB_CLIENT_CONFIRMATION_OK"
352,10821004152,10821004185,1,"IOTHUB_CLIENT_CONFIRMATION_OK"
353,10821004486,10821004543,1,"IOTHUB_CLIENT_CONFIRMATION_OK"
354,10821004819,10821004855,1,"IOTHUB_CLIENT_CONFIRMATION_OK"
355,10821005152,10821005191,1,"IOTHUB_CLIENT_CONFIRMATION_OK"
356,10821005485,10821005523,1,"IOTHUB_CLIENT_CONFIRMATION_OK"
357,10821005818,10821005852,1,"IOTHUB_CLIENT_CONFIRMATION_OK"
358,10821006151,10821006191,1,"IOTHUB_CLIENT_CONFIRMATION_OK"
359,10821006485,10821006518,1,"IOTHUB_CLIENT_CONFIRMATION_OK"
360,10821006818,10821006899,1,"IOTHUB_CLIENT_CONFIRMATION_OK"
361,10821007151,10821007194,1,"IOTHUB_CLIENT_CONFIRMATION_OK"
362,10821007484,10821007518,1,"IOTHUB_CLIENT_CONFIRMATION_OK"
363,10821007817,10821007861,1,"IOTHUB_CLIENT_CONFIRMATION_OK"
364,10821008150,10821008187,1,"IOTHUB_CLIENT_CONFIRMATION_OK"
365,10821008483,10821008537,1,"IOTHUB_CLIENT_CONFIRMATION_OK"
366,10821008817,10821008852,1,"IOTHUB_CLIENT_CONFIRMATION_OK"
367,10821009150,10821009194,1,"IOTHUB_CLIENT_CONFIRMATION_OK"
368,10821009483,10821009562,1,"IOTHUB_CLIENT_CONFIRMATION_OK"
369,10821009816,10821009947,1,"IOTHUB_CLIENT_CONFIRMATION_OK"
370,10821010149,10821010178,1,"IOTHUB_CLIENT_CONFIRMATION_OK"
371,10821010482,10821010560,1,"IOTHUB_CLIENT_CONFIRMATION_OK"
372,10821010816,10821010871,1,"IOTHUB_CLIENT_CONFIRMATION_OK"
373,10821011149,10821011204,1,"IOTHUB_CLIENT_CONFIRMATION_OK"
374,10821011482,10821011517,1,"IOTHUB_CLIENT_CONFIRMATION_OK"
375,10821011815,10821011867,1,"IOTHUB_CLIENT_CONFIRMATION_OK"
376,10821012148,10821012188,1,"IOTHUB_CLIENT_CONFIRMATION_OK"
377,10821012481,10821012531,1,"IOTHUB_CLIENT_CONFIRMATION_OK"
378,10821012815,10821012859,1,"IOTHUB_CLIENT_CONFIRMATION_OK"
379,10821013148,10821013190,1,"IOTHUB_CLIENT_CONFIRMATION_OK"
380,10821013481,10821013516,1,"IOTHUB_CLIENT_CONFIRMATION_OK"
381,10821013814,10821013849,1,"IOTHUB_CLIENT_CONFIRMATION_OK"
382,10821014147,10821014182,1,"IOTHUB_CLIENT_CONFIRMATION_OK"
383,10821014480,10821014531,1,"IOTHUB_CLIENT_CONFIRMATION_OK"
384,10821014814,10821014856,1,"IOTHUB_CLIENT_CONFIRMATION_OK"
385,10821015147,10821015239,1,"IOTHUB_CLIENT_CONFIRMATION_OK"
386,10821015480,10821015554,1,"IOTHUB_CLIENT_CONFIRMATION_OK"
387,10821015813,10821015857,1,"IOTHUB_CLIENT_CONFIRMATION_OK"
388,10821016146,10821016183,1,"IOTHUB_CLIENT_CONFIRMATION_OK"
389,10821016479,10821016566,1,"IOTHUB_CLIENT_CONFIRMATION_OK"
390,10821016813,10821016847,1,"IOTHUB_CLIENT_CONFIRMATION_OK"
391,10821017146,10821017202,1,"IOTHUB_CLIENT_CONFIRMATION_OK"
392,10821017479,10821017668,1,"IOTHUB_CLIENT_CONFIRMATION_OK"
393,10821017812,10821017845,1,"IOTHUB_CLIENT_CONFIRMATION_OK"
394,10821018145,10821018177,1,"IOTHUB_CLIENT_CONFIRMATION_OK"
395,10821018478,10821018516,1,"IOTHUB_CLIENT_CONFIRMATION_OK"
396,10821018811,10821018844,1,"IOTHUB_CLIENT_CONFIRMATION_OK"
397,10821019145,10821019181,1,"IOTHUB_CLIENT_CONFIRMATION_OK"
398,10821019478,10821019510,1,"IOTHUB_CLIENT_CONFIRMATION_OK"
399,10821019811,10821019852,1,"IOTHUB_CLIENT_CONFIRMATION_OK"
400,10821020144,10821020181,1,"IOTHUB_CLIENT_CONFIRMATION_OK"
401,10821020477,10821020529,1,"IOTHUB_CLIENT_CONFIRMATION_OK"
402,10821020810,10821020849,1,"IOTHUB_CLIENT_CONFIRMATION_OK"
403,10821021144,10821021176,1,"IOTHUB_CLIENT_CONFIRMATION_OK"
404,10821021477,10821021521,1,"IOTHUB_CLIENT_CONFIRMATION_OK"
405,10821021810,10821021850,1,"IOTHUB_CLIENT_CONFIRMATION_OK"
406,10821022143,10821022175,1,"IOTHUB_CLIENT_CONFIRMATION_OK"
407,10821022476,10821022519,1,"IOTHUB_CLIENT_CONFIRMATION_OK"
408,10821022809,10821022963,1,"IOTHUB_CLIENT_CONFIRMATION_OK"
409,10821023143,10821023177,1,"IOTHUB_CLIENT_CONFIRMATION_OK"
410,10821023476,10821023590,1,"IOTHUB_CLIENT_CONFIRMATION_OK"
411,10821023809,10821023846,1,"IOTHUB_CLIENT_CONFIRMATION_OK"
412,10821024142,10821024179,1,"IOTHUB_CLIENT_CONFIRMATION_OK"
413,10821024475,10821024508,1,"IOTHUB_CLIENT_CONFIRMATION_OK"
414,10821024808,10821024840,1,"IOTHUB_CLIENT_CONFIRMATION_OK"
415,10821025142,10821025216,1,"IOTHUB_CLIENT_CONFIRMATION_OK"
416,10821025475,10821025596,1,"IOTHUB_CLIENT_CONFIRMATION_OK"
417,10821025808,10821025853,1,"IOTHUB_CLIENT_CONFIRMATION_OK"
418,10821026141,10821026184,1,"IOTHUB_CLIENT_CONFIRMATION_OK"
419,10821026474,10821026508,1,"IOTHUB_CLIENT_CONFIRMATION_OK"
420,10821026807,10821026845,1,"IOTHUB_CLIENT_CONFIRMATION_OK"
421,10821027140,10821027170,1,"IOTHUB_CLIENT_CONFIRMATION_OK"
422,10821027474,10821027502,1,"IOTHUB_CLIENT_CONFIRMATION_OK"
423,10821027807,10821027840,1,"IOTHUB_CLIENT_CONFIRMATION_OK"
424,10821028140,10821028180,1,"IOTHUB_CLIENT_CONFIRMATION_OK"
425,10821028473,10821028514,1,"IOTHUB_CLIENT_CONFIRMATION_OK"
426,10821028806,10821028898,1,"IOTHUB_CLIENT_CONFIRMATION_OK"
427,10821029139,10821029174,1,"IOTHUB_CLIENT_CONFIRMATION_OK"
428,10821029472,10821029506,1,"IOTHUB_CLIENT_CONFIRMATION_OK"
429,10821029806,10821029840,1,"IOTHUB_CLIENT_CONFIRMATION_OK"
430,10821030139,10821030184,1,"IOTHUB_CLIENT_CONFIRMATION_OK"
431,10821030472,10821030504,1,"IOTHUB_CLIENT_CONFIRMATION_OK"
432,10821030805,10821030838,1,"IOTHUB_CLIENT_CONFIRMATION_OK"
433,10821031138,10821031320,1,"IOTHUB_CLIENT_CONFIRMATION_OK"
434,10821031471,10821031527,1,"IOTHUB_CLIENT_CONFIRMATION_OK"
435,10821031805,10821031844,1,"IOTHUB_CLIENT_CONFIRMATION_OK"
436,10821032138,10821032176,1,"IOTHUB_CLIENT_CONFIRMATION_OK"
437,10821032471,10821032503,1,"IOTHUB_CLIENT_CONFIRMATION_OK"
438,10821032804,10821032840,1,"IOTHUB_CLIENT_CONFIRMATION_OK"
439,10821033137,10821033174,1,"IOTHUB_CLIENT_CONFIRMATION_OK"
440,10821033470,10821033504,1,"IOTHUB_CLIENT_CONFIRMATION_OK"
441,10821033804,10821033848,1,"IOTHUB_CLIENT_CONFIRMATION_OK"
442,10821034137,10821034314,1,"IOTHUB_CLIENT_CONFIRMATION_OK"
443,10821034470,10821034509,1,"IOTHUB_CLIENT_CONFIRMATION_OK"
444,10821034803,10821034837,1,"IOTHUB_CLIENT_CONFIRMATION_OK"
445,10821035136,10821035169,1,"IOTHUB_CLIENT_CONFIRMATION_OK"
446,10821035469,10821035509,1,"IOTHUB_CLIENT_CONFIRMATION_OK"
447,10821035803,10821035844,1,"IOTHUB_CLIENT_CONFIRMATION_OK"
448,10821036136,10821036174,1,"IOTHUB_CLIENT_CONFIRMATION_OK"
449,10821036469,10821036546,1,"IOTHUB_CLIENT_CONFIRMATION_OK"
450,10821036802,10821036844,1,"IOTHUB_CLIENT_CONFIRMATION_OK"
451,10821037135,10821037171,1,"IOTHUB_CLIENT_CONFIRMATION_OK"
452,10821037468,10821037506,1,"IOTHUB_CLIENT_CONFIRMATION_OK"
453,10821037801,10821037846,1,"IOTHUB_CLIENT_CONFIRMATION_OK"
454,10821038135,10821038170,1,"IOTHUB_CLIENT_CONFIRMATION_OK"
455,10821038468,10821038501,1,"IOTHUB_CLIENT_CONFIRMATION_OK"
456,10821038801,10821038842,1,"IOTHUB_CLIENT_CONFIRMATION_OK"
457,10821039134,10821039176,1,"IOTHUB_CLIENT_CONFIRMATION_OK"
458,10821039467,10821039590,1,"IOTHUB_CLIENT_CONFIRMATION_OK"
459,10821039800,10821039837,1,"IOTHUB_CLIENT_CONFIRMATION_OK"
460,10821040134,10821040212,1,"IOTHUB_CLIENT_CONFIRMATION_OK"
461,10821040467,10821040503,1,"IOTHUB_CLIENT_CONFIRMATION_OK"
462,10821040800,10821040834,1,"IOTHUB_CLIENT_CONFIRMATION_OK"
463,10821041133,10821041164,1,"IOTHUB_CLIENT_CONFIRMATION_OK"
464,10821041466,10821041505,1,"IOTHUB_CLIENT_CONFIRMATION_OK"
465,10821041799,10821042086,1,"IOTHUB_CLIENT_CONFIRMATION_OK"
466,10821042133,10821042174,1,"IOTHUB_CLIENT_CONFIRMATION_OK"
467,10821042466,10821042521,1,"IOTHUB_CLIENT_CONFIRMATION_OK"
468,10821042799,10821042873,1,"IOTHUB_CLIENT_CONFIRMATION_OK"
469,10821043132,10821043166,1,"IOTHUB_CLIENT_CONFIRMATION_OK"
470,10821043465,10821043508,1,"IOTHUB_CLIENT_CONFIRMATION_OK"
471,10821043798,10821043838,1,"IOTHUB_CLIENT_CONFIRMATION_OK"
472,10821044131,10821044168,1,"IOTHUB_CLIENT_CONFIRMATION_OK"
473,10821044465,10821044501,1,"IOTHUB_CLIENT_CONFIRMATION_OK"
474,10821044798,10821044924,1,"IOTHUB_CLIENT_CONFIRMATION_OK"
475,10821045131,10821045164,1,"IOTHUB_CLIENT_CONFIRMATION_OK"
476,10821045464,10821045532,1,"IOTHUB_CLIENT_CONFIRMATION_OK"
477,10821045797,10821045844,1,"IOTHUB_CLIENT_CONFIRMATION_OK"
478,10821046130,10821046172,1,"IOTHUB_CLIENT_CONFIRMATION_OK"
479,10821046464,10821046500,1,"IOTHUB_CLIENT_CONFIRMATION_OK"
480,10821046797,10821046832,1,"IOTHUB_CLIENT_CONFIRMATION_OK"
481,10821047130,10821047164,1,"IOTHUB_CLIENT_CONFIRMATION_OK"
482,10821047463,10821047511,1,"IOTHUB_CLIENT_CONFIRMATION_OK"
483,10821047796,10821047972,1,"IOTHUB_CLIENT_CONFIRMATION_OK"
484,10821048129,10821048162,1,"IOTHUB_CLIENT_CONFIRMATION_OK"
485,10821048463,10821048498,1,"IOTHUB_CLIENT_CONFIRMATION_OK"
486,10821048796,10821048835,1,"IOTHUB_CLIENT_CONFIRMATION_OK"
487,10821049129,10821049172,1,"IOTHUB_CLIENT_CONFIRMATION_OK"
488,10821049462,10821049496,1,"IOTHUB_CLIENT_CONFIRMATION_OK"
489,10821049795,10821049832,1,"IOTHUB_CLIENT_CONFIRMATION_OK"
490,10821050128,10821050207,1,"IOTHUB_CLIENT_CONFIRMATION_OK"
491,10821050461,10821050505,1,"IOTHUB_CLIENT_CONFIRMATION_OK"
492,10821050795,10821050829,1,"IOTHUB_CLIENT_CONFIRMATION_OK"
493,10821051128,10821051171,1,"IOTHUB_CLIENT_CONFIRMATION_OK"
494,10821051461,10821051495,1,"IOTHUB_CLIENT_CONFIRMATION_OK"
495,10821051794,10821051847,1,"IOTHUB_CLIENT_CONFIRMATION_OK"
496,10821052127,10821052170,1,"IOTHUB_CLIENT_CONFIRMATION_OK"
497,10821052460,10821052504,1,"IOTHUB_CLIENT_CONFIRMATION_OK"
498,10821052794,10821052829,1,"IOTHUB_CLIENT_CONFIRMATION_OK"
499,10821053127,10821053247,1,"IOTHUB_CLIENT_CONFIRMATION_OK"
500,10821053460,10821053499,1,"IOTHUB_CLIENT_CONFIRMATION_OK"
501,10821053793,10821053878,1,"IOTHUB_CLIENT_CONFIRMATION_OK"
502,10821054126,10821054159,1,"IOTHUB_CLIENT_CONFIRMATION_OK"
503,10821054459,10821054497,1,"IOTHUB_CLIENT_CONFIRMATION_OK"
504,10821054793,10821054826,1,"IOTHUB_CLIENT_CONFIRMATION_OK"
505,10821055126,10821055208,1,"IOTHUB_CLIENT_CONFIRMATION_OK"
506,10821055459,10821055516,1,"IOTHUB_CLIENT_CONFIRMATION_OK"
507,10821055792,10821055838,1,"IOTHUB_CLIENT_CONFIRMATION_OK"
508,10821056125,10821056168,1,"IOTHUB_CLIENT_CONFIRMATION_OK"
509,10821056458,10821056493,1,"IOTHUB_CLIENT_CONFIRMATION_OK"
510,10821056792,10821056851,1,"IOTHUB_CLIENT_CONFIRMATION_OK"
511,10821057125,10821057162,1,"IOTHUB_CLIENT_CONFIRMATION_OK"
512,10821057458,10821057498,1,"IOTHUB_CLIENT_CONFIRMATION_OK"
513,10821057791,10821057824,1,"IOTHUB_CLIENT_CONFIRMATION_OK"
514,10821058124,10821058171,1,"IOTHUB_CLIENT_CONFIRMATION_OK"
515,10821058457,10821058530,1,"IOTHUB_CLIENT_CONFIRMATION_OK"
516,10821058791,10821058826,1,"IOTHUB_CLIENT_CONFIRMATION_OK"
517,10821059124,10821059166,1,"IOTHUB_CLIENT_CONFIRMATION_OK"
518,10821059457,10821059510,1,"IOTHUB_CLIENT_CONFIRMATION_OK"
519,10821059790,10821059834,1,"IOTHUB_CLIENT_CONFIRMATION_OK"
520,10821060123,10821060164,1,"IOTHUB_CLIENT_CONFIRMATION_OK"
521,10821060456,10821060510,1,"IOTHUB_CLIENT_CONFIRMATION_OK"
522,10821060790,10821060822,1,"IOTHUB_CLIENT_CONFIRMATION_OK"
523,10821061123,10821061159,1,"IOTHUB_CLIENT_CONFIRMATION_OK"
524,10821061456,10821061599,1,"IOTHUB_CLIENT_CONFIRMATION_OK"
525,10821061789,10821061827,1,"IOTHUB_CLIENT_CONFIRMATION_OK"
526,10821062122,10821062204,1,"IOTHUB_CLIENT_CONFIRMATION_OK"
527,10821062455,10821062494,1,"IOTHUB_CLIENT_CONFIRMATION_OK"
528,10821062789,10821062822,1,"IOTHUB_CLIENT_CONFIRMATION_OK"
529,10821063122,10821063166,1,"IOTHUB_CLIENT_CONFIRMATION_OK"
530,10821063455,10821063495,1,"IOTHUB_CLIENT_CONFIRMATION_OK"
531,10821063788,10821063984,1,"IOTHUB_CLIENT_CONFIRMATION_OK"
532,10821064121,10821064163,1,"IOTHUB_CLIENT_CONFIRMATION_OK"
533,10821064454,10821064582,1,"IOTHUB_CLIENT_CONFIRMATION_OK"
534,10821064788,10821064823,1,"IOTHUB_CLIENT_CONFIRMATION_OK"
535,10821065121,10821065194,1,"IOTHUB_CLIENT_CONFIRMATION_OK"
536,10821065454,10821065505,1,"IOTHUB_CLIENT_CONFIRMATION_OK"
537,10821065787,10821065846,1,"IOTHUB_CLIENT_CONFIRMATION_OK"
538,10821066120,10821066164,1,"IOTHUB_CLIENT_CONFIRMATION_OK"
539,10821066453,10821066491,1,"IOTHUB_CLIENT_CONFIRMATION_OK"
540,10821066787,10821066843,1,"IOTHUB_CLIENT_CONFIRMATION_OK"
541,10821067120,10821067155,1,"IOTHUB_CLIENT_CONFIRMATION_OK"
542,10821067453,10821067489,1,"IOTHUB_CLIENT_CONFIRMATION_OK"
543,10821067786,10821067820,1,"IOTHUB_CLIENT_CONFIRMATION_OK"
544,10821068119,10821068157,1,"IOTHUB_CLIENT_CONFIRMATION_OK"
545,10821068452,10821068486,1,"IOTHUB_CLIENT_CONFIRMATION_OK"
546,10821068786,10821068820,1,"IOTHUB_CLIENT_CONFIRMATION_OK"
547,10821069119,10821069157,1,"IOTHUB_CLIENT_CONFIRMATION_OK"
548,10821069452,10821069491,1,"IOTHUB_CLIENT_CONFIRMATION_OK"
549,10821069785,10821069864,1,"IOTHUB_CLIENT_CONFIRMATION_OK"
550,10821070118,10821070157,1,"IOTHUB_CLIENT_CONFIRMATION_OK"
551,10821070451,10821070501,1,"IOTHUB_CLIENT_CONFIRMATION_OK"
552,10821070785,10821070829,1,"IOTHUB_CLIENT_CONFIRMATION_OK"
553,10821071118,10821071171,1,"IOTHUB_CLIENT_CONFIRMATION_OK"
554,10821071451,10821071494,1,"IOTHUB_CLIENT_CONFIRMATION_OK"
555,10821071784,10821071824,1,"IOTHUB_CLIENT_CONFIRMATION_OK"
556,10821072117,10821072313,1,"IOTHUB_CLIENT_CONFIRMATION_OK"
557,10821072450,10821072489,1,"IOTHUB_CLIENT_CONFIRMATION_OK"
558,10821072784,10821072819,1,"IOTHUB_CLIENT_CONFIRMATION_OK"
559,10821073117,10821073161,1,"IOTHUB_CLIENT_CONFIRMATION_OK"
560,10821073450,10821073482,1,"IOTHUB_CLIENT_CONFIRMATION_OK"
561,10821073783,10821073827,1,"IOTHUB_CLIENT_CONFIRMATION_OK"
562,10821074116,10821074162,1,"IOTHUB_CLIENT_CONFIRMATION_OK"
563,10821074449,10821074492,1,"IOTHUB_CLIENT_CONFIRMATION_OK"
564,10821074783,10821074813,1,"IOTHUB_CLIENT_CONFIRMATION_OK"
565,10821075116,10821075187,1,"IOTHUB_CLIENT_CONFIRMATION_OK"
566,10821075449,10821075489,1,"IOTHUB_CLIENT_CONFIRMATION_OK"
567,10821075782,10821075829,1,"IOTHUB_CLIENT_CONFIRMATION_OK"
568,10821076115,10821076234,1,"IOTHUB_CLIENT_CONFIRMATION_OK"
569,10821076448,10821076493,1,"IOTHUB_CLIENT_CONFIRMATION_OK"
570,10821076782,10821076823,1,"IOTHUB_CLIENT_CONFIRMATION_OK"
571,10821077115,10821077157,1,"IOTHUB_CLIENT_CONFIRMATION_OK"
572,10821077448,10821077653,1,"IOTHUB_CLIENT_CONFIRMATION_OK"
573,10821077781,10821077816,1,"IOTHUB_CLIENT_CONFIRMATION_OK"
574,10821078114,10821078158,1,"IOTHUB_CLIENT_CONFIRMATION_OK"
575,10821078447,10821078492,1,"IOTHUB_CLIENT_CONFIRMATION_OK"
576,10821078781,10821078825,1,"IOTHUB_CLIENT_CONFIRMATION_OK"
577,10821079114,10821079151,1,"IOTHUB_CLIENT_CONFIRMATION_OK"
578,10821079447,10821079486,1,"IOTHUB_CLIENT_CONFIRMATION_OK"
579,10821079780,10821079818,1,"IOTHUB_CLIENT_CONFIRMATION_OK"
580,10821080113,10821080154,1,"IOTHUB_CLIENT_CONFIRMATION_OK"
581,10821080446,10821080525,1,"IOTHUB_CLIENT_CONFIRMATION_OK"
582,10821080780,10821080820,1,"IOTHUB_CLIENT_CONFIRMATION_OK"
583,10821081113,10821081160,1,"IOTHUB_CLIENT_CONFIRMATION_OK"
584,10821081446,10821081508,1,"IOTHUB_CLIENT_CONFIRMATION_OK"
585,10821081779,10821081832,1,"IOTHUB_CLIENT_CONFIRMATION_OK"
586,10821082112,10821082144,1,"IOTHUB_CLIENT_CONFIRMATION_OK"
587,10821082445,10821082487,1,"IOTHUB_CLIENT_CONFIRMATION_OK"
588,10821082779,10821083050,1,"IOTHUB_CLIENT_CONFIRMATION_OK"
589,10821083112,10821083174,1,"IOTHUB_CLIENT_CONFIRMATION_OK"
590,10821083445,10821083565,1,"IOTHUB_CLIENT_CONFIRMATION_OK"
591,10821083778,10821083823,1,"IOTHUB_CLIENT_CONFIRMATION_OK"
592,10821084111,10821084170,1,"IOTHUB_CLIENT_CONFIRMATION_OK"
593,10821084444,10821084490,1,"IOTHUB_CLIENT_CONFIRMATION_OK"
594,10821084778,10821084812,1,"IOTHUB_CLIENT_CONFIRMATION_OK"
595,10821085111,10821085157,1,"IOTHUB_CLIENT_CONFIRMATION_OK"
596,10821085444,10821085486,1,"IOTHUB_CLIENT_CONFIRMATION_OK"
597,10821085777,10821085820,1,"IOTHUB_CLIENT_CONFIRMATION_OK"
598,10821086110,10821086167,1,"IOTHUB_CLIENT_CONFIRMATION_OK"
599,10821086443,10821086493,1,"IOTHUB_CLIENT_CONFIRMATION_OK"
600,10821086777,10821086818,1,"IOTHUB_CLIENT_CONFIRMATION_OK"
601,10821087110,10821087143,1,"IOTHUB_CLIENT_CONFIRMATION_OK"
602,10821087443,10821087488,1,"IOTHUB_CLIENT_CONFIRMATION_OK"
603,10821087776,10821087832,1,"IOTHUB_CLIENT_CONFIRMATION_OK"
604,10821088109,10821088154,1,"IOTHUB_CLIENT_CONFIRMATION_OK"
605,10821088442,10821088506,1,"IOTHUB_CLIENT_CONFIRMATION_OK"
606,10821088776,10821088947,1,"IOTHUB_CLIENT_CONFIRMATION_OK"
607,10821089109,10821089151,1,"IOTHUB_CLIENT_CONFIRMATION_OK"
608,10821089442,10821089476,1,"IOTHUB_CLIENT_CONFIRMATION_OK"
609,10821089775,10821089824,1,"IOTHUB_CLIENT_CONFIRMATION_OK"
610,10821090108,10821090144,1,"IOTHUB_CLIENT_CONFIRMATION_OK"
611,10821090441,10821090476,1,"IOTHUB_CLIENT_CONFIRMATION_OK"
612,10821090775,10821090821,1,"IOTHUB_CLIENT_CONFIRMATION_OK"
613,10821091108,10821091275,1,"IOTHUB_CLIENT_CONFIRMATION_OK"
614,10821091441,10821091486,1,"IOTHUB_CLIENT_CONFIRMATION_OK"
615,10821091774,10821091812,1,"IOTHUB_CLIENT_CONFIRMATION_OK"
616,10821092107,10821092142,1,"IOTHUB_CLIENT_CONFIRMATION_OK"
617,10821092440,10821092477,1,"IOTHUB_CLIENT_CONFIRMATION_OK"
618,10821092773,10821092809,1,"IOTHUB_CLIENT_CONFIRMATION_OK"
619,10821093107,10821093148,1,"IOTHUB_CLIENT_CONFIRMATION_OK"
620,10821093440,10821093486,1,"IOTHUB_CLIENT_CONFIRMATION_OK"
621,10821093773,10821093806,1,"IOTHUB_CLIENT_CONFIRMATION_OK"
622,10821094106,10821094149,1,"IOTHUB_CLIENT_CONFIRMATION_OK"
623,10821094439,10821094475,1,"IOTHUB_CLIENT_CONFIRMATION_OK"
624,10821094772,10821094810,1,"IOTHUB_CLIENT_CONFIRMATION_OK"
625,10821095106,10821095149,1,"IOTHUB_CLIENT_CONFIRMATION_OK"
626,10821095439,10821095474,1,"IOTHUB_CLIENT_CONFIRMATION_OK"
627,10821095772,10821095816,1,"IOTHUB_CLIENT_CONFIRMATION_OK"
628,10821096105,10821096143,1,"IOTHUB_CLIENT_CONFIRMATION_OK"
629,10821096438,10821096584,1,"IOTHUB_CLIENT_CONFIRMATION_OK"
630,10821096771,10821096824,1,"IOTHUB_CLIENT_CONFIRMATION_OK"
631,10821097105,10821097204,1,"IOTHUB_CLIENT_CONFIRMATION_OK"
632,10821097438,10821097482,1,"IOTHUB_CLIENT_CONFIRMATION_OK"
633,10821097771,10821097810,1,"IOTHUB_CLIENT_CONFIRMATION_OK"
634,10821098104,10821098142,1,"IOTHUB_CLIENT_CONFIRMATION_OK"
635,10821098437,10821098476,1,"IOTHUB_CLIENT_CONFIRMATION_OK"
636,10821098770,10821098819,1,"IOTHUB_CLIENT_CONFIRMATION_OK"
637,10821099104,10821099150,1,"IOTHUB_CLIENT_CONFIRMATION_OK"
638,10821099437,10821099626,1,"IOTHUB_CLIENT_CONFIRMATION_OK"
639,10821099770,10821099808,1,"IOTHUB_CLIENT_CONFIRMATION_OK"
640,10821100103,10821100147,1,"IOTHUB_CLIENT_CONFIRMATION_OK"
641,10821100436,10821100473,1,"IOTHUB_CLIENT_CONFIRMATION_OK"
642,10821100769,10821100826,1,"IOTHUB_CLIENT_CONFIRMATION_OK"
643,10821101103,10821101137,1,"IOTHUB_CLIENT_CONFIRMATION_OK"
644,10821101436,10821101489,1,"IOTHUB_CLIENT_CONFIRMATION_OK"
645,10821101769,10821101813,1,"IOTHUB_CLIENT_CONFIRMATION_OK"
646,10821102102,10821102155,1,"IOTHUB_CLIENT_CONFIRMATION_OK"
647,10821102435,10821102477,1,"IOTHUB_CLIENT_CONFIRMATION_OK"
648,10821102768,10821102810,1,"IOTHUB_CLIENT_CONFIRMATION_OK"
649,10821103102,10821103144,1,"IOTHUB_CLIENT_CONFIRMATION_OK"
650,10821103435,10821103479,1,"IOTHUB_CLIENT_CONFIRMATION_OK"
651,10821103768,10821103815,1,"IOTHUB_CLIENT_CONFIRMATION_OK"
652,10821104101,10821104142,1,"IOTHUB_CLIENT_CONFIRMATION_OK"
653,10821104434,10821104468,1,"IOTHUB_CLIENT_CONFIRMATION_OK"
654,10821104767,10821104914,1,"IOTHUB_CLIENT_CONFIRMATION_OK"
655,10821105101,10821105142,1,"IOTHUB_CLIENT_CONFIRMATION_OK"
656,10821105434,10821105514,1,"IOTHUB_CLIENT_CONFIRMATION_OK"
657,10821105767,10821105808,1,"IOTHUB_CLIENT_CONFIRMATION_OK"
658,10821106100,10821106139,1,"IOTHUB_CLIENT_CONFIRMATION_OK"
659,10821106433,10821106479,1,"IOTHUB_CLIENT_CONFIRMATION_OK"
660,10821106766,10821106812,1,"IOTHUB_CLIENT_CONFIRMATION_OK"
661,10821107100,10821107141,1,"IOTHUB_CLIENT_CONFIRMATION_OK"
662,10821107433,10821107476,1,"IOTHUB_CLIENT_CONFIRMATION_OK"
663,10821107766,10821107957,1,"IOTHUB_CLIENT_CONFIRMATION_OK"
664,10821108099,10821108144,1,"IOTHUB_CLIENT_CONFIRMATION_OK"
665,10821108432,10821108480,1,"IOTHUB_CLIENT_CONFIRMATION_OK"
666,10821108765,10821108804,1,"IOTHUB_CLIENT_CONFIRMATION_OK"
667,10821109099,10821109133,1,"IOTHUB_CLIENT_CONFIRMATION_OK"
668,10821109432,10821109637,1,"IOTHUB_CLIENT_CONFIRMATION_OK"
669,10821109765,10821109835,1,"IOTHUB_CLIENT_CONFIRMATION_OK"
670,10821110098,10821110144,1,"IOTHUB_CLIENT_CONFIRMATION_OK"
671,10821110431,10821110472,1,"IOTHUB_CLIENT_CONFIRMATION_OK"
672,10821110764,10821110862,1,"IOTHUB_CLIENT_CONFIRMATION_OK"
673,10821111098,10821111135,1,"IOTHUB_CLIENT_CONFIRMATION_OK"
674,10821111431,10821111493,1,"IOTHUB_CLIENT_CONFIRMATION_OK"
675,10821111764,10821111808,1,"IOTHUB_CLIENT_CONFIRMATION_OK"
676,10821112097,10821112137,1,"IOTHUB_CLIENT_CONFIRMATION_OK"
677,10821112430,10821112473,1,"IOTHUB_CLIENT_CONFIRMATION_OK"
678,10821112763,10821112809,1,"IOTHUB_CLIENT_CONFIRMATION_OK"
679,10821113096,10821113327,1,"IOTHUB_CLIENT_CONFIRMATION_OK"
680,10821113430,10821113469,1,"IOTHUB_CLIENT_CONFIRMATION_OK"
681,10821113763,10821113795,1,"IOTHUB_CLIENT_CONFIRMATION_OK"
682,10821114096,10821114133,1,"IOTHUB_CLIENT_CONFIRMATION_OK"
683,10821114429,10821114473,1,"IOTHUB_CLIENT_CONFIRMATION_OK"
684,10821114762,10821114809,1,"IOTHUB_CLIENT_CONFIRMATION_OK"
685,10821115095,10821115136,1,"IOTHUB_CLIENT_CONFIRMATION_OK"
686,10821115429,10821115466,1,"IOTHUB_CLIENT_CONFIRMATION_OK"
687,10821115762,10821115897,1,"IOTHUB_CLIENT_CONFIRMATION_OK"
688,10821116095,10821116252,1,"IOTHUB_CLIENT_CONFIRMATION_OK"
689,10821116428,10821116469,1,"IOTHUB_CLIENT_CONFIRMATION_OK"
690,10821116761,10821116877,1,"IOTHUB_CLIENT_CONFIRMATION_OK"
691,10821117094,10821117137,1,"IOTHUB_CLIENT_CONFIRMATION_OK"
692,10821117428,10821117477,1,"IOTHUB_CLIENT_CONFIRMATION_OK"
693,10821117761,10821117805,1,"IOTHUB_CLIENT_CONFIRMATION_OK"
694,10821118094,10821118125,1,"IOTHUB_CLIENT_CONFIRMATION_OK"
695,10821118427,10821118472,1,"IOTHUB_CLIENT_CONFIRMATION_OK"
696,10821118760,10821118806,1,"IOTHUB_CLIENT_CONFIRMATION_OK"
697,10821119093,10821119133,1,"IOTHUB_CLIENT_CONFIRMATION_OK"
698,10821119427,10821119464,1,"IOTHUB_CLIENT_CONFIRMATION_OK"
699,10821119760,10821119802,1,"IOTHUB_CLIENT_CONFIRMATION_OK"
700,10821120093,10821120133,1,"IOTHUB_CLIENT_CONFIRMATION_OK"
701,10821120426,10821120456,1,"IOTHUB_CLIENT_CONFIRMATION_OK"
702,10821120759,10821120803,1,"IOTHUB_CLIENT_CONFIRMATION_OK"
703,10821121092,10821121134,1,"IOTHUB_CLIENT_CONFIRMATION_OK"
704,10821121425,10821121540,1,"IOTHUB_CLIENT_CONFIRMATION_OK"
705,10821121759,10821121820,1,"IOTHUB_CLIENT_CONFIRMATION_OK"
706,10821122092,10821122142,1,"IOTHUB_CLIENT_CONFIRMATION_OK"
707,10821122425,10821122476,1,"IOTHUB_CLIENT_CONFIRMATION_OK"
708,10821122758,10821122803,1,"IOTHUB_CLIENT_CONFIRMATION_OK"
709,10821123091,10821123128,1,"IOTHUB_CLIENT_CONFIRMATION_OK"
710,10821123424,10821123501,1,"IOTHUB_CLIENT_CONFIRMATION_OK"
711,10821123758,10821123806,1,"IOTHUB_CLIENT_CONFIRMATION_OK"
712,10821124091,10821124131,1,"IOTHUB_CLIENT_CONFIRMATION_OK"
713,10821124424,10821124572,1,"IOTHUB_CLIENT_CONFIRMATION_OK"
714,10821124757,10821124840,1,"IOTHUB_CLIENT_CONFIRMATION_OK"
715,10821125090,10821125202,1,"IOTHUB_CLIENT_CONFIRMATION_OK"
716,10821125423,10821125458,1,"IOTHUB_CLIENT_CONFIRMATION_OK"
717,10821125757,10821125810,1,"IOTHUB_CLIENT_CONFIRMATION_OK"
718,10821126090,10821126129,1,"IOTHUB_CLIENT_CONFIRMATION_OK"
719,10821126423,10821126473,1,"IOTHUB_CLIENT_CONFIRMATION_OK"
720,10821126756,10821126788,1,"IOTHUB_CLIENT_CONFIRMATION_OK"
721,10821127089,10821127130,1,"IOTHUB_CLIENT_CONFIRMATION_OK"
722,10821127422,10821127485,1,"IOTHUB_CLIENT_CONFIRMATION_OK"
723,10821127756,10821127788,1,"IOTHUB_CLIENT_CONFIRMATION_OK"
724,10821128089,10821128127,1,"IOTHUB_CLIENT_CONFIRMATION_OK"
725,10821128422,10821128457,1,"IOTHUB_CLIENT_CONFIRMATION_OK"
726,10821128755,10821128804,1,"IOTHUB_CLIENT_CONFIRMATION_OK"
727,10821129088,10821129139,1,"IOTHUB_CLIENT_CONFIRMATION_OK"
728,10821129421,10821129458,1,"IOTHUB_CLIENT_CONFIRMATION_OK"
729,10821129755,10821129928,1,"IOTHUB_CLIENT_CONFIRMATION_OK"
730,10821130088,10821130153,1,"IOTHUB_CLIENT_CONFIRMATION_OK"
731,10821130421,10821130527,1,"IOTHUB_CLIENT_CONFIRMATION_OK"
732,10821130754,10821130816,1,"IOTHUB_CLIENT_CONFIRMATION_OK"
733,10821131087,10821131147,1,"IOTHUB_CLIENT_CONFIRMATION_OK"
734,10821131420,10821131456,1,"IOTHUB_CLIENT_CONFIRMATION_OK"
735,10821131753,10821131799,1,"IOTHUB_CLIENT_CONFIRMATION_OK"
736,10821132087,10821132137,1,"IOTHUB_CLIENT_CONFIRMATION_OK"
737,10821132420,10821132459,1,"IOTHUB_CLIENT_CONFIRMATION_OK"
738,10821132753,10821132792,1,"IOTHUB_CLIENT_CONFIRMATION_OK"
739,10821133086,10821133136,1,"IOTHUB_CLIENT_CONFIRMATION_OK"
740,10821133419,10821133477,1,"IOTHUB_CLIENT_CONFIRMATION_OK"
741,10821133752,10821133783,1,"IOTHUB_CLIENT_CONFIRMATION_OK"
742,10821134086,10821134146,1,"IOTHUB_CLIENT_CONFIRMATION_OK"
743,10821134419,10821134458,1,"IOTHUB_CLIENT_CONFIRMATION_OK"
744,10821134752,10821134789,1,"IOTHUB_CLIENT_CONFIRMATION_OK"
745,10821135085,10821135134,1,"IOTHUB_CLIENT_CONFIRMATION_OK"
746,10821135418,10821135454,1,"IOTHUB_CLIENT_CONFIRMATION_OK"
747,10821135751,10821135818,1,"IOTHUB_CLIENT_CONFIRMATION_OK"
748,10821136085,10821136129,1,"IOTHUB_CLIENT_CONFIRMATION_OK"
749,10821136418,10821136459,1,"IOTHUB_CLIENT_CONFIRMATION_OK"
750,10821136751,10821136787,1,"IOTHUB_CLIENT_CONFIRMATION_OK"
751,10821137084,10821137121,1,"IOTHUB_CLIENT_CONFIRMATION_OK"
752,10821137417,10821137451,1,"IOTHUB_CLIENT_CONFIRMATION_OK"
753,10821137750,10821137787,1,"IOTHUB_CLIENT_CONFIRMATION_OK"
754,10821138084,10821138251,1,"IOTHUB_CLIENT_CONFIRMATION_OK"
755,10821138417,10821138461,1,"IOTHUB_CLIENT_CONFIRMATION_OK"
756,10821138750,10821138893,1,"IOTHUB_CLIENT_CONFIRMATION_OK"
757,10821139083,10821139120,1,"IOTHUB_CLIENT_CONFIRMATION_OK"
758,10821139416,10821139467,1,"IOTHUB_CLIENT_CONFIRMATION_OK"
759,10821139750,10821139811,1,"IOTHUB_CLIENT_CONFIRMATION_OK"
760,10821140083,10821140121,1,"IOTHUB_CLIENT_CONFIRMATION_OK"
761,10821140416,10821140466,1,"IOTHUB_CLIENT_CONFIRMATION_OK"
762,10821140749,10821140782,1,"IOTHUB_CLIENT_CONFIRMATION_OK"
763,10821141082,10821141127,1,"IOTHUB_CLIENT_CONFIRMATION_OK"
764,10821141415,10821141475,1,"IOTHUB_CLIENT_CONFIRMATION_OK"
765,10821141748,10821141936,1,"IOTHUB_CLIENT_CONFIRMATION_OK"
766,10821142082,10821142117,1,"IOTHUB_CLIENT_CONFIRMATION_OK"
767,10821142415,10821142454,1,"IOTHUB_CLIENT_CONFIRMATION_OK"
768,10821142748,10821142786,1,"IOTHUB_CLIENT_CONFIRMATION_OK"
769,10821143081,10821143130,1,"IOTHUB_CLIENT_CONFIRMATION_OK"
770,10821143414,10821143446,1,"IOTHUB_CLIENT_CONFIRMATION_OK"
771,10821143747,10821143787,1,"IOTHUB_CLIENT_CONFIRMATION_OK"
772,10821144081,10821144177,1,"IOTHUB_CLIENT_CONFIRMATION_OK"
773,10821144414,10821144453,1,"IOTHUB_CLIENT_CONFIRMATION_OK"
774,10821144747,10821144779,1,"IOTHUB_CLIENT_CONFIRMATION_OK"
775,10821145080,10821145117,1,"IOTHUB_CLIENT_CONFIRMATION_OK"
776,10821145413,10821145449,1,"IOTHUB_CLIENT_CONFIRMATION_OK"
777,10821145746,10821145784,1,"IOTHUB_CLIENT_CONFIRMATION_OK"
778,10821146080,10821146163,1,"IOTHUB_CLIENT_CONFIRMATION_OK"
779,10821146413,10821146607,1,"IOTHUB_CLIENT_CONFIRMATION_OK"
780,10821146746,10821146820,1,"IOTHUB_CLIENT_CONFIRMATION_OK"
781,10821147079,10821147119,1,"IOTHUB_CLIENT_CONFIRMATION_OK"
782,10821147412,10821147451,1,"IOTHUB_CLIENT_CONFIRMATION_OK"
783,10821147745,10821147786,1,"IOTHUB_CLIENT_CONFIRMATION_OK"
784,10821148079,10821148123,1,"IOTHUB_CLIENT_CONFIRMATION_OK"
785,10821148412,10821148452,1,"IOTHUB_CLIENT_CONFIRMATION_OK"
786,10821148745,10821148790,1,"IOTHUB_CLIENT_CONFIRMATION_OK"
787,10821149078,10821149113,1,"IOTHUB_CLIENT_CONFIRMATION_OK"
788,10821149411,10821149487,1,"IOTHUB_CLIENT_CONFIRMATION_OK"
789,10821149744,10821149784,1,"IOTHUB_CLIENT_CONFIRMATION_OK"
790,10821150078,10821150117,1,"IOTHUB_CLIENT_CONFIRMATION_OK"
791,10821150411,10821150449,1,"IOTHUB_CLIENT_CONFIRMATION_OK"
792,10821150744,10821150776,1,"IOTHUB_CLIENT_CONFIRMATION_OK"
793,10821151077,10821151118,1,"IOTHUB_CLIENT_CONFIRMATION_OK"
794,10821151410,10821151451,1,"IOTHUB_CLIENT_CONFIRMATION_OK"
795,10821151743,10821151787,1,"IOTHUB_CLIENT_CONFIRMATION_OK"
796,10821152077,10821152137,1,"IOTHUB_CLIENT_CONFIRMATION_OK"
797,10821152410,10821152791,1,"IOTHUB_CLIENT_CONFIRMATION_OK"
798,10821152743,10821152820,1,"IOTHUB_CLIENT_CONFIRMATION_OK"
799,10821153076,10821153116,1,"IOTHUB_CLIENT_CONFIRMATION_OK"
800,10821153409,10821153444,1,"IOTHUB_CLIENT_CONFIRMATION_OK"
801,10821153742,10821153780,1,"IOTHUB_CLIENT_CONFIRMATION_OK"
802,10821154075,10821154148,1,"IOTHUB_CLIENT_CONFIRMATION_OK"
803,10821154409,10821154455,1,"IOTHUB_CLIENT_CONFIRMATION_OK"
804,10821154742,10821154786,1,"IOTHUB_CLIENT_CONFIRMATION_OK"
805,10821155075,10821155113,1,"IOTHUB_CLIENT_CONFIRMATION_OK"
806,10821155408,10821155449,1,"IOTHUB_CLIENT_CONFIRMATION_OK"
807,10821155741,10821155778,1,"IOTHUB_CLIENT_CONFIRMATION_OK"
808,10821156075,10821156112,1,"IOTHUB_CLIENT_CONFIRMATION_OK"
809,10821156408,10821156464,1,"IOTHUB_CLIENT_CONFIRMATION_OK"
810,10821156741,10821156836,1,"IOTHUB_CLIENT_CONFIRMATION_OK"
811,10821157074,10821157111,1,"IOTHUB_CLIENT_CONFIRMATION_OK"
812,10821157407,10821157474,1,"IOTHUB_CLIENT_CONFIRMATION_OK"
813,10821157740,10821157855,1,"IOTHUB_CLIENT_CONFIRMATION_OK"
814,10821158074,10821158126,1,"IOTHUB_CLIENT_CONFIRMATION_OK"
815,10821158407,10821158478,1,"IOTHUB_CLIENT_CONFIRMATION_OK"
816,10821158740,10821158772,1,"IOTHUB_CLIENT_CONFIRMATION_OK"
817,10821159073,10821159110,1,"IOTHUB_CLIENT_CONFIRMATION_OK"
818,10821159406,10821159449,1,"IOTHUB_CLIENT_CONFIRMATION_OK"
819,10821159739,10821159800,1,"IOTHUB_CLIENT_CONFIRMATION_OK"
820,10821160073,10821160109,1,"IOTHUB_CLIENT_CONFIRMATION_OK"
821,10821160406,10821160445,1,"IOTHUB_CLIENT_CONFIRMATION_OK"
822,10821160739,10821160783,1,"IOTHUB_CLIENT_CONFIRMATION_OK"
823,10821161072,10821161123,1,"IOTHUB_CLIENT_CONFIRMATION_OK"
824,10821161405,10821161445,1,"IOTHUB_CLIENT_CONFIRMATION_OK"
825,10821161738,10821161788,1,"IOTHUB_CLIENT_CONFIRMATION_OK"
826,10821162072,10821162111,1,"IOTHUB_CLIENT_CONFIRMATION_OK"
827,10821162405,10821162453,1,"IOTHUB_CLIENT_CONFIRMATION_OK"
828,10821162738,10821162784,1,"IOTHUB_CLIENT_CONFIRMATION_OK"
829,10821163071,10821163144,1,"IOTHUB_CLIENT_CONFIRMATION_OK"
830,10821163404,10821163451,1,"IOTHUB_CLIENT_CONFIRMATION_OK"
831,10821163737,10821163802,1,"IOTHUB_CLIENT_CONFIRMATION_OK"
832,10821164071,10821164110,1,"IOTHUB_CLIENT_CONFIRMATION_OK"
833,10821164404,10821164471,1,"IOTHUB_CLIENT_CONFIRMATION_OK"
834,10821164737,10821164765,1,"IOTHUB_CLIENT_CONFIRMATION_OK"
835,10821165070,10821165106,1,"IOTHUB_CLIENT_CONFIRMATION_OK"
836,10821165403,10821165460,1,"IOTHUB_CLIENT_CONFIRMATION_OK"
837,10821165736,10821165772,1,"IOTHUB_CLIENT_CONFIRMATION_OK"
838,10821166070,10821166104,1,"IOTHUB_CLIENT_CONFIRMATION_OK"
839,10821166403,10821166440,1,"IOTHUB_CLIENT_CONFIRMATION_OK"
840,10821166736,10821166779,1,"IOTHUB_CLIENT_CONFIRMATION_OK"
841,10821167069,10821167148,1,"IOTHUB_CLIENT_CONFIRMATION_OK"
842,10821167402,10821167441,1,"IOTHUB_CLIENT_CONFIRMATION_OK"
843,10821167735,10821167787,1,"IOTHUB_CLIENT_CONFIRMATION_OK"
844,10821168069,10821168106,1,"IOTHUB_CLIENT_CONFIRMATION_OK"
845,10821168402,10821168509,1,"IOTHUB_CLIENT_CONFIRMATION_OK"
846,10821168735,10821168771,1,"IOTHUB_CLIENT_CONFIRMATION_OK"
847,10821169068,10821169123,1,"IOTHUB_CLIENT_CONFIRMATION_OK"
848,10821169401,10821169438,1,"IOTHUB_CLIENT_CONFIRMATION_OK"
849,10821169734,10821169771,1,"IOTHUB_CLIENT_CONFIRMATION_OK"
850,10821170068,10821170102,1,"IOTHUB_CLIENT_CONFIRMATION_OK"
851,10821170401,10821170446,1,"IOTHUB_CLIENT_CONFIRMATION_OK"
852,10821170734,10821170776,1,"IOTHUB_CLIENT_CONFIRMATION_OK"
853,10821171067,10821171104,1,"IOTHUB_CLIENT_CONFIRMATION_OK"
854,10821171400,10821171459,1,"IOTHUB_CLIENT_CONFIRMATION_OK"
855,10821171733,10821171780,1,"IOTHUB_CLIENT_CONFIRMATION_OK"
856,10821172067,10821172102,1,"IOTHUB_CLIENT_CONFIRMATION_OK"
857,10821172400,10821172443,1,"IOTHUB_CLIENT_CONFIRMATION_OK"
858,10821172733,10821172770,1,"IOTHUB_CLIENT_CONFIRMATION_OK"
859,10821173066,10821173137,1,"IOTHUB_CLIENT_CONFIRMATION_OK"
860,10821173399,10821173442,1,"IOTHUB_CLIENT_CONFIRMATION_OK"
861,10821173732,10821173865,1,"IOTHUB_CLIENT_CONFIRMATION_OK"
862,10821174066,10821174108,1,"IOTHUB_CLIENT_CONFIRMATION_OK"
863,10821174399,10821174497,1,"IOTHUB_CLIENT_CONFIRMATION_OK"
864,10821174732,10821174777,1,"IOTHUB_CLIENT_CONFIRMATION_OK"
865,10821175065,10821175114,1,"IOTHUB_CLIENT_CONFIRMATION_OK"
866,10821175398,10821175465,1,"IOTHUB_CLIENT_CONFIRMATION_OK"
867,10821175731,10821175780,1,"IOTHUB_CLIENT_CONFIRMATION_OK"
868,10821176065,10821176101,1,"IOTHUB_CLIENT_CONFIRMATION_OK"
869,10821176398,10821176455,1,"IOTHUB_CLIENT_CONFIRMATION_OK"
870,10821176731,10821176770,1,"IOTHUB_CLIENT_CONFIRMATION_OK"
871,10821177064,10821177118,1,"IOTHUB_CLIENT_CONFIRMATION_OK"
872,10821177397,10821177446,1,"IOTHUB_CLIENT_CONFIRMATION_OK"
873,10821177730,10821177766,1,"IOTHUB_CLIENT_CONFIRMATION_OK"
874,10821178064,10821178101,1,"IOTHUB_CLIENT_CONFIRMATION_OK"
875,10821178397,10821178434,1,"IOTHUB_CLIENT_CONFIRMATION_OK"
876,10821178730,10821178770,1,"IOTHUB_CLIENT_CONFIRMATION_OK"
877,10821179063,10821179181,1,"IOTHUB_CLIENT_CONFIRMATION_OK"
878,10821179396,10821179435,1,"IOTHUB_CLIENT_CONFIRMATION_OK"
879,10821179729,10821179779,1,"IOTHUB_CLIENT_CONFIRMATION_OK"
880,10821180063,10821180110,1,"IOTHUB_CLIENT_CONFIRMATION_OK"
881,10821180396,10821180429,1,"IOTHUB_CLIENT_CONFIRMATION_OK"
882,10821180729,10821180769,1,"IOTHUB_CLIENT_CONFIRMATION_OK"
883,10821181062,10821181100,1,"IOTHUB_CLIENT_CONFIRMATION_OK"
884,10821181395,10821181433,1,"IOTHUB_CLIENT_CONFIRMATION_OK"
885,10821181728,10821181790,1,"IOTHUB_CLIENT_CONFIRMATION_OK"
886,10821182062,10821182236,1,"IOTHUB_CLIENT_CONFIRMATION_OK"
887,10821182395,10821182440,1,"IOTHUB_CLIENT_CONFIRMATION_OK"
888,10821182728,10821182833,1,"IOTHUB_CLIENT_CONFIRMATION_OK"
889,10821183061,10821183125,1,"IOTHUB_CLIENT_CONFIRMATION_OK"
890,10821183394,10821183482,1,"IOTHUB_CLIENT_CONFIRMATION_OK"
891,10821183727,10821183767,1,"IOTHUB_CLIENT_CONFIRMATION_OK"
892,10821184061,10821184100,1,"IOTHUB_CLIENT_CONFIRMATION_OK"
893,10821184394,10821184433,1,"IOTHUB_CLIENT_CONFIRMATION_OK"
894,10821184727,10821184762,1,"IOTHUB_CLIENT_CONFIRMATION_OK"
895,10821185060,10821185097,1,"IOTHUB_CLIENT_CONFIRMATION_OK"
896,10821185393,10821185436,1,"IOTHUB_CLIENT_CONFIRMATION_OK"
897,10821185726,10821185767,1,"IOTHUB_CLIENT_CONFIRMATION_OK"
898,10821186059,10821186098,1,"IOTHUB_CLIENT_CONFIRMATION_OK"
899,10821186393,10821186436,1,"IOTHUB_CLIENT_CONFIRMATION_OK"
