Message ID,Send Time,Receive Time,Status
0,9346269895,9346270069,1
1,9346270096,9346270131,1
2,9346270296,9346270328,1
3,9346270497,9346270546,1
4,9346270697,9346270732,1
5,9346270898,9346270927,1
6,9346271098,9346271132,1
7,9346271299,9346271333,1
8,9346271499,9346271529,1
9,9346271700,9346271736,1
10,9346271900,9346271931,1
11,9346272101,9346272131,1
12,9346272302,9346272339,1
13,9346272502,9346272535,1
14,9346272703,9346272733,1
15,9346272903,9346272933,1
16,9346273104,9346273138,1
17,9346273304,9346273338,1
18,9346273505,9346273535,1
19,9346273705,9346273737,1
20,9346273906,9346273942,1
21,9346274106,9346274136,1
22,9346274307,9346274342,1
23,9346274507,9346274541,1
24,9346274708,9346274737,1
25,9346274908,9346274937,1
26,9346275109,9346275138,1
27,9346275309,9346275340,1
28,9346275510,9346275546,1
29,9346275710,9346275752,1
30,9346275911,9346275956,1
31,9346276111,9346276147,1
32,9346276312,9346276349,1
33,9346276512,9346276542,1
34,9346276713,9346276742,1
35,9346276913,9346276947,1
36,9346277114,9346277143,1
37,9346277314,9346277349,1
38,9346277515,9346277551,1
39,9346277715,9346277751,1
40,9346277916,9346277950,1
41,9346278116,9346278151,1
42,9346278317,9346278414,1
43,9346278517,9346278552,1
44,9346278718,9346278747,1
45,9346278918,9346278953,1
46,9346279119,9346279153,1
47,9346279319,9346279350,1
48,9346279520,9346279553,1
49,9346279720,9346279755,1
50,9346279921,9346279954,1
51,9346280121,9346280164,1
52,9346280322,9346280358,1
53,9346280522,9346280560,1
54,9346280723,9346280756,1
55,9346280923,9346280953,1
56,9346281124,9346281158,1
57,9346281324,9346281359,1
58,9346281525,9346281554,1
59,9346281725,9346281759,1
60,9346281926,9346281959,1
61,9346282126,9346282156,1
62,9346282327,9346282361,1
63,9346282527,9346282558,1
64,9346282728,9346282764,1
65,9346282928,9346282963,1
66,9346283129,9346283163,1
67,9346283329,9346283363,1
68,9346283530,9346283564,1
69,9346283730,9346283761,1
70,9346283931,9346283968,1
71,9346284131,9346284162,1
72,9346284332,9346284372,1
73,9346284532,9346284563,1
74,9346284733,9346284764,1
75,9346284933,9346284969,1
76,9346285134,9346285168,1
77,9346285334,9346285370,1
78,9346285535,9346285568,1
79,9346285735,9346285772,1
80,9346285936,9346285970,1
81,9346286136,9346286166,1
82,9346286337,9346286371,1
83,9346286537,9346286567,1
84,9346286738,9346286780,1
85,9346286938,9346286973,1
86,9346287139,9346287168,1
87,9346287339,9346287370,1
88,9346287540,9346287577,1
89,9346287740,9346287776,1
90,9346287941,9346287980,1
91,9346288141,9346288177,1
92,9346288342,9346288376,1
93,9346288542,9346288572,1
94,9346288743,9346288773,1
95,9346288943,9346288978,1
96,9346289143,9346289178,1
97,9346289344,9346289380,1
98,9346289544,9346289573,1
99,9346289745,9346289781,1
100,9346289945,9346289980,1
101,9346290146,9346290181,1
102,9346290346,9346290384,1
103,9346290547,9346290577,1
104,9346290747,9346290777,1
105,9346290948,9346290985,1
106,9346291148,9346291178,1
107,9346291349,9346291380,1
108,9346291549,9346291777,1
109,9346291750,9346291784,1
110,9346291950,9346291985,1
111,9346292151,9346292181,1
112,9346292351,9346292400,1
113,9346292552,9346292583,1
114,9346292752,9346292787,1
115,9346292953,9346292982,1
116,9346293153,9346293182,1
117,9346293354,9346293389,1
118,9346293554,9346293589,1
119,9346293755,9346293784,1
120,9346293955,9346293990,1
121,9346294156,9346294186,1
122,9346294356,9346294392,1
123,9346294557,9346294591,1
124,9346294757,9346294792,1
125,9346294958,9346294993,1
126,9346295158,9346295195,1
127,9346295359,9346295388,1
128,9346295559,9346295595,1
129,9346295760,9346295789,1
130,9346295960,9346295990,1
131,9346296161,9346296192,1
132,9346296361,9346296394,1
133,9346296562,9346296597,1
134,9346296762,9346296798,1
135,9346296963,9346297037,1
136,9346297163,9346297197,1
137,9346297364,9346297398,1
138,9346297564,9346297600,1
139,9346297765,9346297800,1
140,9346297965,9346298001,1
141,9346298165,9346298201,1
142,9346298366,9346298395,1
143,9346298566,9346298600,1
144,9346298767,9346298802,1
145,9346298967,9346298998,1
146,9346299168,9346299223,1
147,9346299368,9346299405,1
148,9346299569,9346299599,1
149,9346299769,9346299803,1
150,9346299970,9346300001,1
151,9346300170,9346300205,1
152,9346300371,9346300402,1
153,9346300571,9346300602,1
154,9346300772,9346300807,1
155,9346300972,9346301009,1
156,9346301173,9346301202,1
157,9346301373,9346301408,1
158,9346301574,9346301609,1
159,9346301774,9346301803,1
160,9346301975,9346302005,1
161,9346302175,9346302205,1
162,9346302376,9346302405,1
163,9346302576,9346302606,1
164,9346302777,9346302811,1
165,9346302977,9346303020,1
166,9346303178,9346303215,1
167,9346303378,9346303413,1
168,9346303579,9346303617,1
169,9346303779,9346303809,1
170,9346303980,9346304014,1
171,9346304180,9346304217,1
172,9346304381,9346304416,1
173,9346304581,9346304610,1
174,9346304782,9346304815,1
175,9346304982,9346305025,1
176,9346305183,9346305212,1
177,9346305383,9346305417,1
178,9346305584,9346305621,1
179,9346305784,9346305828,1
180,9346305985,9346306028,1
181,9346306185,9346306215,1
182,9346306386,9346306416,1
183,9346306586,9346306621,1
184,9346306787,9346306823,1
185,9346306987,9346307023,1
186,9346307188,9346307218,1
187,9346307388,9346307418,1
188,9346307589,9346307623,1
189,9346307789,9346307818,1
190,9346307990,9346308025,1
191,9346308190,9346308223,1
192,9346308391,9346308425,1
193,9346308591,9346308621,1
194,9346308792,9346308837,1
195,9346308992,9346309028,1
196,9346309193,9346309228,1
197,9346309393,9346309428,1
198,9346309594,9346309631,1
199,9346309794,9346309824,1
200,9346309995,9346310024,1
201,9346310195,9346310239,1
202,9346310395,9346310426,1
203,9346310596,9346310633,1
204,9346310796,9346310832,1
205,9346310997,9346311027,1
206,9346311197,9346311236,1
207,9346311398,9346311429,1
208,9346311598,9346311647,1
209,9346311799,9346311833,1
210,9346311999,9346312034,1
211,9346312200,9346312237,1
212,9346312400,9346312435,1
213,9346312601,9346312632,1
214,9346312801,9346312836,1
215,9346313002,9346313038,1
216,9346313203,9346313262,1
217,9346313403,9346313438,1
218,9346313603,9346313640,1
219,9346313804,9346313858,1
220,9346314004,9346314053,1
221,9346314205,9346314236,1
222,9346314405,9346314440,1
223,9346314606,9346314639,1
224,9346314806,9346314840,1
225,9346315007,9346315043,1
226,9346315207,9346315243,1
227,9346315408,9346315444,1
228,9346315608,9346315644,1
229,9346315809,9346315844,1
230,9346316009,9346316039,1
231,9346316210,9346316240,1
232,9346316410,9346316444,1
233,9346316611,9346316645,1
234,9346316811,9346316848,1
235,9346317012,9346317048,1
236,9346317212,9346317245,1
237,9346317413,9346317446,1
238,9346317613,9346317644,1
239,9346317814,9346317868,1
240,9346318014,9346318049,1
241,9346318215,9346318249,1
242,9346318415,9346318451,1
243,9346318616,9346318649,1
244,9346318816,9346318861,1
245,9346319017,9346319048,1
246,9346319217,9346319257,1
247,9346319418,9346319455,1
248,9346319618,9346319654,1
249,9346319819,9346319854,1
250,9346320019,9346320049,1
251,9346320220,9346320250,1
252,9346320420,9346320450,1
253,9346320621,9346320655,1
254,9346320821,9346320857,1
255,9346321022,9346321085,1
256,9346321222,9346321258,1
257,9346321423,9346321467,1
258,9346321623,9346321654,1
259,9346321824,9346321861,1
260,9346322024,9346322061,1
261,9346322225,9346322261,1
262,9346322425,9346322454,1
263,9346322626,9346322656,1
264,9346322826,9346322860,1
265,9346323027,9346323058,1
266,9346323227,9346323257,1
267,9346323428,9346323466,1
268,9346323628,9346323666,1
269,9346323829,9346323882,1
270,9346324029,9346324061,1
271,9346324230,9346324261,1
272,9346324430,9346324465,1
273,9346324631,9346324663,1
274,9346324831,9346324869,1
275,9346325032,9346325093,1
276,9346325233,9346325263,1
277,9346325433,9346325463,1
278,9346325634,9346325665,1
279,9346325834,9346325869,1
280,9346326035,9346326071,1
281,9346326235,9346326275,1
282,9346326436,9346326469,1
283,9346326636,9346326670,1
284,9346326837,9346326894,1
285,9346327037,9346327072,1
286,9346327238,9346327271,1
287,9346327438,9346327474,1
288,9346327639,9346327679,1
289,9346327839,9346327873,1
290,9346328040,9346328072,1
291,9346328240,9346328271,1
292,9346328441,9346328476,1
293,9346328641,9346328675,1
294,9346328842,9346328871,1
295,9346329042,9346329077,1
296,9346329243,9346329278,1
297,9346329443,9346329478,1
298,9346329644,9346329680,1
299,9346329844,9346329882,1
300,9346330045,9346330075,1
301,9346330245,9346330275,1
302,9346330446,9346330477,1
303,9346330646,9346330683,1
304,9346330847,9346330878,1
305,9346331047,9346331077,1
306,9346331248,9346331281,1
307,9346331448,9346331489,1
308,9346331649,9346331686,1
309,9346331849,9346331887,1
310,9346332050,9346332086,1
311,9346332250,9346332280,1
312,9346332451,9346332480,1
313,9346332652,9346332686,1
314,9346332852,9346332888,1
315,9346333053,9346333082,1
316,9346333253,9346333288,1
317,9346333454,9346333518,1
318,9346333654,9346333696,1
319,9346333855,9346333884,1
320,9346334055,9346334095,1
321,9346334256,9346334286,1
322,9346334456,9346334494,1
323,9346334657,9346334689,1
324,9346334857,9346334889,1
325,9346335058,9346335091,1
326,9346335258,9346335294,1
327,9346335459,9346335489,1
328,9346335659,9346335695,1
329,9346335860,9346335890,1
330,9346336060,9346336100,1
331,9346336261,9346336298,1
332,9346336461,9346336495,1
333,9346336662,9346336703,1
334,9346336862,9346336897,1
335,9346337063,9346337093,1
336,9346337263,9346337298,1
337,9346337464,9346337499,1
338,9346337664,9346337703,1
339,9346337865,9346337899,1
340,9346338065,9346338100,1
341,9346338266,9346338296,1
342,9346338466,9346338508,1
343,9346338667,9346338697,1
344,9346338867,9346338907,1
345,9346339068,9346339110,1
346,9346339268,9346339302,1
347,9346339469,9346339505,1
348,9346339669,9346339713,1
349,9346339870,9346339903,1
350,9346340070,9346340106,1
351,9346340271,9346340305,1
352,9346340471,9346340506,1
353,9346340672,9346340718,1
354,9346340872,9346340909,1
355,9346341073,9346341110,1
356,9346341273,9346341308,1
357,9346341474,9346341503,1
358,9346341674,9346341714,1
359,9346341875,9346341910,1
360,9346342075,9346342109,1
361,9346342276,9346342307,1
362,9346342476,9346342510,1
363,9346342677,9346342721,1
364,9346342877,9346342912,1
365,9346343078,9346343108,1
366,9346343278,9346343308,1
367,9346343479,9346343514,1
368,9346343679,9346343708,1
369,9346343880,9346343910,1
370,9346344080,9346344112,1
371,9346344281,9346344317,1
372,9346344481,9346344516,1
373,9346344682,9346344713,1
374,9346344882,9346344912,1
375,9346345083,9346345123,1
376,9346345284,9346345328,1
377,9346345484,9346345514,1
378,9346345685,9346345723,1
379,9346345885,9346345920,1
380,9346346086,9346346178,1
381,9346346286,9346346346,1
382,9346346487,9346346524,1
383,9346346687,9346346750,1
384,9346346888,9346346923,1
385,9346347088,9346347118,1
386,9346347289,9346347323,1
387,9346347489,9346347519,1
388,9346347690,9346347724,1
389,9346347890,9346347949,1
390,9346348091,9346348121,1
391,9346348291,9346348327,1
392,9346348492,9346348536,1
393,9346348692,9346348723,1
394,9346348893,9346348927,1
395,9346349093,9346349123,1
396,9346349294,9346349327,1
397,9346349494,9346349529,1
398,9346349695,9346349731,1
399,9346349895,9346349925,1
400,9346350096,9346350130,1
401,9346350296,9346350326,1
402,9346350497,9346350531,1
403,9346350697,9346350740,1
404,9346350898,9346350936,1
405,9346351098,9346351133,1
406,9346351299,9346351335,1
407,9346351499,9346351529,1
408,9346351700,9346351745,1
409,9346351900,9346351935,1
410,9346352101,9346352137,1
411,9346352301,9346352338,1
412,9346352502,9346352537,1
413,9346352702,9346352734,1
414,9346352903,9346352937,1
415,9346353103,9346353138,1
416,9346353304,9346353349,1
417,9346353504,9346353539,1
418,9346353705,9346353736,1
419,9346353905,9346353938,1
420,9346354106,9346354136,1
421,9346354306,9346354343,1
422,9346354507,9346354544,1
423,9346354707,9346354743,1
424,9346354908,9346354965,1
425,9346355108,9346355140,1
426,9346355309,9346355343,1
427,9346355509,9346355548,1
428,9346355710,9346355749,1
429,9346355910,9346355945,1
430,9346356111,9346356141,1
431,9346356312,9346356346,1
432,9346356512,9346356541,1
433,9346356713,9346356749,1
434,9346356913,9346356967,1
435,9346357114,9346357149,1
436,9346357314,9346357349,1
437,9346357515,9346357567,1
438,9346357715,9346357752,1
439,9346357916,9346357946,1
440,9346358116,9346358146,1
441,9346358317,9346358350,1
442,9346358517,9346358553,1
443,9346358718,9346358753,1
444,9346358918,9346358949,1
445,9346359119,9346359154,1
446,9346359319,9346359349,1
447,9346359520,9346359553,1
448,9346359720,9346359749,1
449,9346359921,9346359952,1
450,9346360121,9346360155,1
451,9346360322,9346360351,1
452,9346360522,9346360556,1
453,9346360723,9346360757,1
454,9346360923,9346360954,1
455,9346361124,9346361158,1
456,9346361324,9346361356,1
457,9346361525,9346361568,1
458,9346361725,9346361757,1
459,9346361926,9346361956,1
460,9346362126,9346362156,1
461,9346362327,9346362360,1
462,9346362527,9346362557,1
463,9346362728,9346362765,1
464,9346362928,9346362958,1
465,9346363129,9346363159,1
466,9346363329,9346363360,1
467,9346363530,9346363559,1
468,9346363730,9346363767,1
469,9346363931,9346363972,1
470,9346364131,9346364161,1
471,9346364332,9346364361,1
472,9346364532,9346364581,1
473,9346364733,9346364767,1
474,9346364933,9346364963,1
475,9346365134,9346365165,1
476,9346365334,9346365368,1
477,9346365535,9346365572,1
478,9346365735,9346365807,1
479,9346365936,9346365970,1
480,9346366136,9346366170,1
481,9346366337,9346366372,1
482,9346366537,9346366567,1
483,9346366738,9346366773,1
484,9346366938,9346366975,1
485,9346367139,9346367172,1
486,9346367339,9346367377,1
487,9346367540,9346367571,1
488,9346367740,9346367769,1
489,9346367941,9346367976,1
490,9346368141,9346368180,1
491,9346368342,9346368380,1
492,9346368542,9346368572,1
493,9346368743,9346368778,1
494,9346368943,9346368976,1
495,9346369144,9346369179,1
496,9346369344,9346369375,1
497,9346369545,9346369587,1
498,9346369745,9346369775,1
499,9346369946,9346369980,1
500,9346370146,9346370180,1
501,9346370347,9346370381,1
502,9346370547,9346370584,1
503,9346370748,9346370781,1
504,9346370948,9346370985,1
505,9346371149,9346371210,1
506,9346371349,9346371388,1
507,9346371550,9346371586,1
508,9346371751,9346371781,1
509,9346371951,9346372008,1
510,9346372152,9346372181,1
511,9346372352,9346372382,1
512,9346372553,9346372584,1
513,9346372753,9346372783,1
514,9346372954,9346372991,1
515,9346373154,9346373184,1
516,9346373355,9346373394,1
517,9346373555,9346373596,1
518,9346373756,9346373792,1
519,9346373956,9346373997,1
520,9346374157,9346374189,1
521,9346374357,9346374401,1
522,9346374558,9346374589,1
523,9346374758,9346374789,1
524,9346374959,9346374994,1
525,9346375159,9346375188,1
526,9346375360,9346375390,1
527,9346375560,9346375597,1
528,9346375761,9346375791,1
529,9346375961,9346375991,1
530,9346376162,9346376195,1
531,9346376362,9346376412,1
532,9346376563,9346376603,1
533,9346376763,9346376803,1
534,9346376964,9346376993,1
535,9346377164,9346377200,1
536,9346377365,9346377395,1
537,9346377565,9346377596,1
538,9346377766,9346377803,1
539,9346377966,9346377996,1
540,9346378167,9346378201,1
541,9346378367,9346378405,1
542,9346378568,9346378602,1
543,9346378768,9346378806,1
544,9346378969,9346378998,1
545,9346379169,9346379205,1
546,9346379370,9346379413,1
547,9346379570,9346379711,1
548,9346379771,9346379809,1
549,9346379971,9346380008,1
550,9346380172,9346380208,1
551,9346380372,9346380407,1
552,9346380573,9346380603,1
553,9346380773,9346380809,1
554,9346380974,9346381012,1
555,9346381174,9346381210,1
556,9346381375,9346381406,1
557,9346381576,9346381609,1
558,9346381776,9346381811,1
559,9346381977,9346382009,1
560,9346382177,9346382206,1
561,9346382378,9346382412,1
562,9346382578,9346382608,1
563,9346382779,9346382819,1
564,9346382979,9346383014,1
565,9346383180,9346383216,1
566,9346383380,9346383409,1
567,9346383581,9346383617,1
568,9346383781,9346383818,1
569,9346383982,9346384011,1
570,9346384182,9346384217,1
571,9346384383,9346384419,1
572,9346384583,9346384617,1
573,9346384784,9346384819,1
574,9346384984,9346385014,1
575,9346385185,9346385220,1
576,9346385385,9346385416,1
577,9346385586,9346385622,1
578,9346385786,9346385824,1
579,9346385987,9346386017,1
580,9346386187,9346386231,1
581,9346386388,9346386428,1
582,9346386588,9346386623,1
583,9346386789,9346386818,1
584,9346386989,9346387021,1
585,9346387190,9346387219,1
586,9346387390,9346387421,1
587,9346387591,9346387620,1
588,9346387791,9346387827,1
589,9346387992,9346388029,1
590,9346388192,9346388228,1
591,9346388393,9346388428,1
592,9346388593,9346388631,1
593,9346388794,9346388830,1
594,9346388994,9346389028,1
595,9346389195,9346389224,1
596,9346389395,9346389429,1
597,9346389596,9346389631,1
598,9346389796,9346389826,1
