Message ID,Send Time,Receive Time,Status,Error
0,10815466254,10815466573,1,"IOTHUB_CLIENT_CONFIRMATION_OK"
1,10815466588,10815466626,1,"IOTHUB_CLIENT_CONFIRMATION_OK"
2,10815466921,10815466958,1,"IOTHUB_CLIENT_CONFIRMATION_OK"
3,10815467254,10815467367,1,"IOTHUB_CLIENT_CONFIRMATION_OK"
4,10815467587,10815467649,1,"IOTHUB_CLIENT_CONFIRMATION_OK"
5,10815467920,10815467982,1,"IOTHUB_CLIENT_CONFIRMATION_OK"
6,10815468253,10815468288,1,"IOTHUB_CLIENT_CONFIRMATION_OK"
7,10815468587,10815468635,1,"IOTHUB_CLIENT_CONFIRMATION_OK"
8,10815468920,10815468955,1,"IOTHUB_CLIENT_CONFIRMATION_OK"
9,10815469253,10815469300,1,"IOTHUB_CLIENT_CONFIRMATION_OK"
10,10815469586,10815469622,1,"IOTHUB_CLIENT_CONFIRMATION_OK"
11,10815469919,10815469958,1,"IOTHUB_CLIENT_CONFIRMATION_OK"
12,10815470252,10815470330,1,"IOTHUB_CLIENT_CONFIRMATION_OK"
13,10815470586,10815470626,1,"IOTHUB_CLIENT_CONFIRMATION_OK"
14,10815470919,10815470956,1,"IOTHUB_CLIENT_CONFIRMATION_OK"
15,10815471252,10815471289,1,"IOTHUB_CLIENT_CONFIRMATION_OK"
16,10815471585,10815471681,1,"IOTHUB_CLIENT_CONFIRMATION_OK"
17,10815471918,10815471955,1,"IOTHUB_CLIENT_CONFIRMATION_OK"
18,10815472251,10815472395,1,"IOTHUB_CLIENT_CONFIRMATION_OK"
19,10815472585,10815472631,1,"IOTHUB_CLIENT_CONFIRMATION_OK"
20,10815472918,10815472960,1,"IOTHUB_CLIENT_CONFIRMATION_OK"
21,10815473251,10815473287,1,"IOTHUB_CLIENT_CONFIRMATION_OK"
22,10815473584,10815473621,1,"IOTHUB_CLIENT_CONFIRMATION_OK"
23,10815473917,10815473963,1,"IOTHUB_CLIENT_CONFIRMATION_OK"
24,10815474250,10815474296,1,"IOTHUB_CLIENT_CONFIRMATION_OK"
25,10815474584,10815474620,1,"IOTHUB_CLIENT_CONFIRMATION_OK"
26,10815474917,10815475030,1,"IOTHUB_CLIENT_CONFIRMATION_OK"
27,10815475250,10815475291,1,"IOTHUB_CLIENT_CONFIRMATION_OK"
28,10815475583,10815475631,1,"IOTHUB_CLIENT_CONFIRMATION_OK"
29,10815475916,10815476057,1,"IOTHUB_CLIENT_CONFIRMATION_OK"
30,10815476249,10815476299,1,"IOTHUB_CLIENT_CONFIRMATION_OK"
31,10815476583,10815476622,1,"IOTHUB_CLIENT_CONFIRMATION_OK"
32,10815476916,10815476973,1,"IOTHUB_CLIENT_CONFIRMATION_OK"
33,10815477249,10815477285,1,"IOTHUB_CLIENT_CONFIRMATION_OK"
34,10815477582,10815477680,1,"IOTHUB_CLIENT_CONFIRMATION_OK"
35,10815477915,10815477951,1,"IOTHUB_CLIENT_CONFIRMATION_OK"
36,10815478248,10815478284,1,"IOTHUB_CLIENT_CONFIRMATION_OK"
37,10815478582,10815478628,1,"IOTHUB_CLIENT_CONFIRMATION_OK"
38,10815478915,10815478952,1,"IOTHUB_CLIENT_CONFIRMATION_OK"
39,10815479248,10815479291,1,"IOTHUB_CLIENT_CONFIRMATION_OK"
40,10815479581,10815479635,1,"IOTHUB_CLIENT_CONFIRMATION_OK"
41,10815479914,10815479956,1,"IOTHUB_CLIENT_CONFIRMATION_OK"
42,10815480247,10815480329,1,"IOTHUB_CLIENT_CONFIRMATION_OK"
43,10815480580,10815480620,1,"IOTHUB_CLIENT_CONFIRMATION_OK"
44,10815480914,10815480963,1,"IOTHUB_CLIENT_CONFIRMATION_OK"
45,10815481247,10815481329,1,"IOTHUB_CLIENT_CONFIRMATION_OK"
46,10815481580,10815481620,1,"IOTHUB_CLIENT_CONFIRMATION_OK"
47,10815481913,10815481966,1,"IOTHUB_CLIENT_CONFIRMATION_OK"
48,10815482246,10815482302,1,"IOTHUB_CLIENT_CONFIRMATION_OK"
49,10815482579,10815482621,1,"IOTHUB_CLIENT_CONFIRMATION_OK"
50,10815482913,10815482952,1,"IOTHUB_CLIENT_CONFIRMATION_OK"
51,10815483246,10815483304,1,"IOTHUB_CLIENT_CONFIRMATION_OK"
52,10815483579,10815483623,1,"IOTHUB_CLIENT_CONFIRMATION_OK"
53,10815483912,10815483962,1,"IOTHUB_CLIENT_CONFIRMATION_OK"
54,10815484245,10815484286,1,"IOTHUB_CLIENT_CONFIRMATION_OK"
55,10815484578,10815484631,1,"IOTHUB_CLIENT_CONFIRMATION_OK"
56,10815484911,10815484949,1,"IOTHUB_CLIENT_CONFIRMATION_OK"
57,10815485245,10815485282,1,"IOTHUB_CLIENT_CONFIRMATION_OK"
58,10815485578,10815485624,1,"IOTHUB_CLIENT_CONFIRMATION_OK"
59,10815485911,10815485955,1,"IOTHUB_CLIENT_CONFIRMATION_OK"
60,10815486244,10815486298,1,"IOTHUB_CLIENT_CONFIRMATION_OK"
61,10815486577,10815486617,1,"IOTHUB_CLIENT_CONFIRMATION_OK"
62,10815486910,10815486955,1,"IOTHUB_CLIENT_CONFIRMATION_OK"
63,10815487244,10815487280,1,"IOTHUB_CLIENT_CONFIRMATION_OK"
64,10815487577,10815487620,1,"IOTHUB_CLIENT_CONFIRMATION_OK"
65,10815487910,10815488087,1,"IOTHUB_CLIENT_CONFIRMATION_OK"
66,10815488243,10815488284,1,"IOTHUB_CLIENT_CONFIRMATION_OK"
67,10815488576,10815488611,1,"IOTHUB_CLIENT_CONFIRMATION_OK"
68,10815488909,10815488945,1,"IOTHUB_CLIENT_CONFIRMATION_OK"
69,10815489242,10815489287,1,"IOTHUB_CLIENT_CONFIRMATION_OK"
70,10815489576,10815489629,1,"IOTHUB_CLIENT_CONFIRMATION_OK"
71,10815489909,10815489945,1,"IOTHUB_CLIENT_CONFIRMATION_OK"
72,10815490242,10815490362,1,"IOTHUB_CLIENT_CONFIRMATION_OK"
73,10815490575,10815490692,1,"IOTHUB_CLIENT_CONFIRMATION_OK"
74,10815490908,10815490944,1,"IOTHUB_CLIENT_CONFIRMATION_OK"
75,10815491241,10815491276,1,"IOTHUB_CLIENT_CONFIRMATION_OK"
76,10815491575,10815491614,1,"IOTHUB_CLIENT_CONFIRMATION_OK"
77,10815491908,10815491951,1,"IOTHUB_CLIENT_CONFIRMATION_OK"
78,10815492241,10815492330,1,"IOTHUB_CLIENT_CONFIRMATION_OK"
79,10815492574,10815492612,1,"IOTHUB_CLIENT_CONFIRMATION_OK"
80,10815492907,10815492948,1,"IOTHUB_CLIENT_CONFIRMATION_OK"
81,10815493240,10815493279,1,"IOTHUB_CLIENT_CONFIRMATION_OK"
82,10815493574,10815493613,1,"IOTHUB_CLIENT_CONFIRMATION_OK"
83,10815493907,10815493946,1,"IOTHUB_CLIENT_CONFIRMATION_OK"
84,10815494240,10815494283,1,"IOTHUB_CLIENT_CONFIRMATION_OK"
85,10815494573,10815494619,1,"IOTHUB_CLIENT_CONFIRMATION_OK"
86,10815494906,10815494965,1,"IOTHUB_CLIENT_CONFIRMATION_OK"
87,10815495239,10815495278,1,"IOTHUB_CLIENT_CONFIRMATION_OK"
88,10815495572,10815495619,1,"IOTHUB_CLIENT_CONFIRMATION_OK"
89,10815495906,10815495940,1,"IOTHUB_CLIENT_CONFIRMATION_OK"
90,10815496239,10815496304,1,"IOTHUB_CLIENT_CONFIRMATION_OK"
91,10815496572,10815496645,1,"IOTHUB_CLIENT_CONFIRMATION_OK"
92,10815496905,10815496948,1,"IOTHUB_CLIENT_CONFIRMATION_OK"
93,10815497238,10815497274,1,"IOTHUB_CLIENT_CONFIRMATION_OK"
94,10815497571,10815497613,1,"IOTHUB_CLIENT_CONFIRMATION_OK"
95,10815497904,10815497942,1,"IOTHUB_CLIENT_CONFIRMATION_OK"
96,10815498238,10815498273,1,"IOTHUB_CLIENT_CONFIRMATION_OK"
97,10815498571,10815498612,1,"IOTHUB_CLIENT_CONFIRMATION_OK"
98,10815498904,10815498947,1,"IOTHUB_CLIENT_CONFIRMATION_OK"
99,10815499237,10815499440,1,"IOTHUB_CLIENT_CONFIRMATION_OK"
100,10815499570,10815499608,1,"IOTHUB_CLIENT_CONFIRMATION_OK"
101,10815499903,10815499943,1,"IOTHUB_CLIENT_CONFIRMATION_OK"
102,10815500237,10815500276,1,"IOTHUB_CLIENT_CONFIRMATION_OK"
103,10815500570,10815500609,1,"IOTHUB_CLIENT_CONFIRMATION_OK"
104,10815500903,10815500944,1,"IOTHUB_CLIENT_CONFIRMATION_OK"
105,10815501236,10815501287,1,"IOTHUB_CLIENT_CONFIRMATION_OK"
106,10815501569,10815501621,1,"IOTHUB_CLIENT_CONFIRMATION_OK"
107,10815501902,10815501943,1,"IOTHUB_CLIENT_CONFIRMATION_OK"
108,10815502236,10815502282,1,"IOTHUB_CLIENT_CONFIRMATION_OK"
109,10815502569,10815502778,1,"IOTHUB_CLIENT_CONFIRMATION_OK"
110,10815502902,10815502937,1,"IOTHUB_CLIENT_CONFIRMATION_OK"
111,10815503235,10815503274,1,"IOTHUB_CLIENT_CONFIRMATION_OK"
112,10815503568,10815503618,1,"IOTHUB_CLIENT_CONFIRMATION_OK"
113,10815503901,10815503946,1,"IOTHUB_CLIENT_CONFIRMATION_OK"
114,10815504234,10815504271,1,"IOTHUB_CLIENT_CONFIRMATION_OK"
115,10815504568,10815504619,1,"IOTHUB_CLIENT_CONFIRMATION_OK"
116,10815504901,10815504939,1,"IOTHUB_CLIENT_CONFIRMATION_OK"
117,10815505234,10815505272,1,"IOTHUB_CLIENT_CONFIRMATION_OK"
118,10815505567,10815505699,1,"IOTHUB_CLIENT_CONFIRMATION_OK"
119,10815505900,10815505945,1,"IOTHUB_CLIENT_CONFIRMATION_OK"
120,10815506233,10815506270,1,"IOTHUB_CLIENT_CONFIRMATION_OK"
121,10815506567,10815506605,1,"IOTHUB_CLIENT_CONFIRMATION_OK"
122,10815506900,10815506934,1,"IOTHUB_CLIENT_CONFIRMATION_OK"
123,10815507233,10815507280,1,"IOTHUB_CLIENT_CONFIRMATION_OK"
124,10815507566,10815507613,1,"IOTHUB_CLIENT_CONFIRMATION_OK"
125,10815507899,10815507943,1,"IOTHUB_CLIENT_CONFIRMATION_OK"
126,10815508232,10815508277,1,"IOTHUB_CLIENT_CONFIRMATION_OK"
127,10815508566,10815508603,1,"IOTHUB_CLIENT_CONFIRMATION_OK"
128,10815508899,10815508935,1,"IOTHUB_CLIENT_CONFIRMATION_OK"
129,10815509232,10815509269,1,"IOTHUB_CLIENT_CONFIRMATION_OK"
130,10815509565,10815509611,1,"IOTHUB_CLIENT_CONFIRMATION_OK"
131,10815509898,10815509933,1,"IOTHUB_CLIENT_CONFIRMATION_OK"
132,10815510231,10815510275,1,"IOTHUB_CLIENT_CONFIRMATION_OK"
133,10815510564,10815510619,1,"IOTHUB_CLIENT_CONFIRMATION_OK"
134,10815510898,10815510940,1,"IOTHUB_CLIENT_CONFIRMATION_OK"
135,10815511231,10815511382,1,"IOTHUB_CLIENT_CONFIRMATION_OK"
136,10815511564,10815511608,1,"IOTHUB_CLIENT_CONFIRMATION_OK"
137,10815511897,10815511939,1,"IOTHUB_CLIENT_CONFIRMATION_OK"
138,10815512230,10815512268,1,"IOTHUB_CLIENT_CONFIRMATION_OK"
139,10815512563,10815512601,1,"IOTHUB_CLIENT_CONFIRMATION_OK"
140,10815512896,10815513017,1,"IOTHUB_CLIENT_CONFIRMATION_OK"
141,10815513230,10815513280,1,"IOTHUB_CLIENT_CONFIRMATION_OK"
142,10815513563,10815513627,1,"IOTHUB_CLIENT_CONFIRMATION_OK"
143,10815513896,10815513945,1,"IOTHUB_CLIENT_CONFIRMATION_OK"
144,10815514229,10815514270,1,"IOTHUB_CLIENT_CONFIRMATION_OK"
145,10815514562,10815514602,1,"IOTHUB_CLIENT_CONFIRMATION_OK"
146,10815514895,10815514933,1,"IOTHUB_CLIENT_CONFIRMATION_OK"
147,10815515228,10815515274,1,"IOTHUB_CLIENT_CONFIRMATION_OK"
148,10815515562,10815515655,1,"IOTHUB_CLIENT_CONFIRMATION_OK"
149,10815515895,10815515957,1,"IOTHUB_CLIENT_CONFIRMATION_OK"
150,10815516228,10815516267,1,"IOTHUB_CLIENT_CONFIRMATION_OK"
151,10815516561,10815516619,1,"IOTHUB_CLIENT_CONFIRMATION_OK"
152,10815516894,10815517118,1,"IOTHUB_CLIENT_CONFIRMATION_OK"
153,10815517227,10815517417,1,"IOTHUB_CLIENT_CONFIRMATION_OK"
154,10815517561,10815517598,1,"IOTHUB_CLIENT_CONFIRMATION_OK"
155,10815517894,10815517941,1,"IOTHUB_CLIENT_CONFIRMATION_OK"
156,10815518227,10815518270,1,"IOTHUB_CLIENT_CONFIRMATION_OK"
157,10815518560,10815518602,1,"IOTHUB_CLIENT_CONFIRMATION_OK"
158,10815518893,10815518932,1,"IOTHUB_CLIENT_CONFIRMATION_OK"
159,10815519226,10815519277,1,"IOTHUB_CLIENT_CONFIRMATION_OK"
160,10815519560,10815519601,1,"IOTHUB_CLIENT_CONFIRMATION_OK"
161,10815519893,10815519935,1,"IOTHUB_CLIENT_CONFIRMATION_OK"
162,10815520226,10815520270,1,"IOTHUB_CLIENT_CONFIRMATION_OK"
163,10815520559,10815520616,1,"IOTHUB_CLIENT_CONFIRMATION_OK"
164,10815520892,10815520937,1,"IOTHUB_CLIENT_CONFIRMATION_OK"
165,10815521225,10815521264,1,"IOTHUB_CLIENT_CONFIRMATION_OK"
166,10815521559,10815521671,1,"IOTHUB_CLIENT_CONFIRMATION_OK"
167,10815521892,10815521954,1,"IOTHUB_CLIENT_CONFIRMATION_OK"
168,10815522225,10815522266,1,"IOTHUB_CLIENT_CONFIRMATION_OK"
169,10815522558,10815522604,1,"IOTHUB_CLIENT_CONFIRMATION_OK"
170,10815522891,10815522932,1,"IOTHUB_CLIENT_CONFIRMATION_OK"
171,10815523224,10815523266,1,"IOTHUB_CLIENT_CONFIRMATION_OK"
172,10815523557,10815523630,1,"IOTHUB_CLIENT_CONFIRMATION_OK"
173,10815523891,10815523926,1,"IOTHUB_CLIENT_CONFIRMATION_OK"
174,10815524224,10815524277,1,"IOTHUB_CLIENT_CONFIRMATION_OK"
175,10815524557,10815524610,1,"IOTHUB_CLIENT_CONFIRMATION_OK"
176,10815524890,10815524931,1,"IOTHUB_CLIENT_CONFIRMATION_OK"
177,10815525223,10815525262,1,"IOTHUB_CLIENT_CONFIRMATION_OK"
178,10815525556,10815525596,1,"IOTHUB_CLIENT_CONFIRMATION_OK"
179,10815525889,10815526024,1,"IOTHUB_CLIENT_CONFIRMATION_OK"
180,10815526223,10815526267,1,"IOTHUB_CLIENT_CONFIRMATION_OK"
181,10815526556,10815526632,1,"IOTHUB_CLIENT_CONFIRMATION_OK"
182,10815526889,10815526928,1,"IOTHUB_CLIENT_CONFIRMATION_OK"
183,10815527222,10815527269,1,"IOTHUB_CLIENT_CONFIRMATION_OK"
184,10815527555,10815527653,1,"IOTHUB_CLIENT_CONFIRMATION_OK"
185,10815527888,10815527948,1,"IOTHUB_CLIENT_CONFIRMATION_OK"
186,10815528222,10815528256,1,"IOTHUB_CLIENT_CONFIRMATION_OK"
187,10815528555,10815528605,1,"IOTHUB_CLIENT_CONFIRMATION_OK"
188,10815528888,10815528928,1,"IOTHUB_CLIENT_CONFIRMATION_OK"
189,10815529221,10815529259,1,"IOTHUB_CLIENT_CONFIRMATION_OK"
190,10815529554,10815529608,1,"IOTHUB_CLIENT_CONFIRMATION_OK"
191,10815529887,10815529927,1,"IOTHUB_CLIENT_CONFIRMATION_OK"
192,10815530220,10815530321,1,"IOTHUB_CLIENT_CONFIRMATION_OK"
193,10815530554,10815530596,1,"IOTHUB_CLIENT_CONFIRMATION_OK"
194,10815530887,10815530934,1,"IOTHUB_CLIENT_CONFIRMATION_OK"
195,10815531220,10815531263,1,"IOTHUB_CLIENT_CONFIRMATION_OK"
196,10815531553,10815531596,1,"IOTHUB_CLIENT_CONFIRMATION_OK"
197,10815531886,10815532003,1,"IOTHUB_CLIENT_CONFIRMATION_OK"
198,10815532219,10815532262,1,"IOTHUB_CLIENT_CONFIRMATION_OK"
199,10815532553,10815532625,1,"IOTHUB_CLIENT_CONFIRMATION_OK"
200,10815532886,10815532926,1,"IOTHUB_CLIENT_CONFIRMATION_OK"
201,10815533219,10815533259,1,"IOTHUB_CLIENT_CONFIRMATION_OK"
202,10815533552,10815533603,1,"IOTHUB_CLIENT_CONFIRMATION_OK"
203,10815533885,10815533922,1,"IOTHUB_CLIENT_CONFIRMATION_OK"
204,10815534218,10815534267,1,"IOTHUB_CLIENT_CONFIRMATION_OK"
205,10815534552,10815534588,1,"IOTHUB_CLIENT_CONFIRMATION_OK"
206,10815534885,10815534920,1,"IOTHUB_CLIENT_CONFIRMATION_OK"
207,10815535218,10815535255,1,"IOTHUB_CLIENT_CONFIRMATION_OK"
208,10815535551,10815535606,1,"IOTHUB_CLIENT_CONFIRMATION_OK"
209,10815535884,10815535923,1,"IOTHUB_CLIENT_CONFIRMATION_OK"
210,10815536217,10815536335,1,"IOTHUB_CLIENT_CONFIRMATION_OK"
211,10815536550,10815536602,1,"IOTHUB_CLIENT_CONFIRMATION_OK"
212,10815536884,10815536961,1,"IOTHUB_CLIENT_CONFIRMATION_OK"
213,10815537217,10815537258,1,"IOTHUB_CLIENT_CONFIRMATION_OK"
214,10815537550,10815537593,1,"IOTHUB_CLIENT_CONFIRMATION_OK"
215,10815537883,10815537923,1,"IOTHUB_CLIENT_CONFIRMATION_OK"
216,10815538216,10815538259,1,"IOTHUB_CLIENT_CONFIRMATION_OK"
217,10815538549,10815538589,1,"IOTHUB_CLIENT_CONFIRMATION_OK"
218,10815538883,10815538995,1,"IOTHUB_CLIENT_CONFIRMATION_OK"
219,10815539216,10815539254,1,"IOTHUB_CLIENT_CONFIRMATION_OK"
220,10815539549,10815539593,1,"IOTHUB_CLIENT_CONFIRMATION_OK"
221,10815539882,10815539920,1,"IOTHUB_CLIENT_CONFIRMATION_OK"
222,10815540215,10815540252,1,"IOTHUB_CLIENT_CONFIRMATION_OK"
223,10815540548,10815540634,1,"IOTHUB_CLIENT_CONFIRMATION_OK"
224,10815540882,10815540953,1,"IOTHUB_CLIENT_CONFIRMATION_OK"
225,10815541215,10815541254,1,"IOTHUB_CLIENT_CONFIRMATION_OK"
226,10815541548,10815541591,1,"IOTHUB_CLIENT_CONFIRMATION_OK"
227,10815541881,10815541931,1,"IOTHUB_CLIENT_CONFIRMATION_OK"
228,10815542214,10815542345,1,"IOTHUB_CLIENT_CONFIRMATION_OK"
229,10815542547,10815542590,1,"IOTHUB_CLIENT_CONFIRMATION_OK"
230,10815542881,10815542925,1,"IOTHUB_CLIENT_CONFIRMATION_OK"
231,10815543214,10815543266,1,"IOTHUB_CLIENT_CONFIRMATION_OK"
232,10815543547,10815543592,1,"IOTHUB_CLIENT_CONFIRMATION_OK"
233,10815543880,10815543923,1,"IOTHUB_CLIENT_CONFIRMATION_OK"
234,10815544213,10815544269,1,"IOTHUB_CLIENT_CONFIRMATION_OK"
235,10815544546,10815544583,1,"IOTHUB_CLIENT_CONFIRMATION_OK"
236,10815544879,10815545030,1,"IOTHUB_CLIENT_CONFIRMATION_OK"
237,10815545213,10815545264,1,"IOTHUB_CLIENT_CONFIRMATION_OK"
238,10815545546,10815545580,1,"IOTHUB_CLIENT_CONFIRMATION_OK"
239,10815545879,10815545925,1,"IOTHUB_CLIENT_CONFIRMATION_OK"
240,10815546212,10815546271,1,"IOTHUB_CLIENT_CONFIRMATION_OK"
241,10815546545,10815546631,1,"IOTHUB_CLIENT_CONFIRMATION_OK"
242,10815546878,10815546928,1,"IOTHUB_CLIENT_CONFIRMATION_OK"
243,10815547212,10815547270,1,"IOTHUB_CLIENT_CONFIRMATION_OK"
244,10815547545,10815547591,1,"IOTHUB_CLIENT_CONFIRMATION_OK"
245,10815547878,10815547921,1,"IOTHUB_CLIENT_CONFIRMATION_OK"
246,10815548211,10815548262,1,"IOTHUB_CLIENT_CONFIRMATION_OK"
247,10815548544,10815548717,1,"IOTHUB_CLIENT_CONFIRMATION_OK"
248,10815548877,10815548933,1,"IOTHUB_CLIENT_CONFIRMATION_OK"
249,10815549210,10815549250,1,"IOTHUB_CLIENT_CONFIRMATION_OK"
250,10815549544,10815549583,1,"IOTHUB_CLIENT_CONFIRMATION_OK"
251,10815549877,10815549913,1,"IOTHUB_CLIENT_CONFIRMATION_OK"
252,10815550210,10815550260,1,"IOTHUB_CLIENT_CONFIRMATION_OK"
253,10815550543,10815550582,1,"IOTHUB_CLIENT_CONFIRMATION_OK"
254,10815550876,10815551018,1,"IOTHUB_CLIENT_CONFIRMATION_OK"
255,10815551209,10815551248,1,"IOTHUB_CLIENT_CONFIRMATION_OK"
256,10815551543,10815551588,1,"IOTHUB_CLIENT_CONFIRMATION_OK"
257,10815551876,10815551917,1,"IOTHUB_CLIENT_CONFIRMATION_OK"
258,10815552209,10815552261,1,"IOTHUB_CLIENT_CONFIRMATION_OK"
259,10815552542,10815552620,1,"IOTHUB_CLIENT_CONFIRMATION_OK"
260,10815552875,10815552914,1,"IOTHUB_CLIENT_CONFIRMATION_OK"
261,10815553208,10815553244,1,"IOTHUB_CLIENT_CONFIRMATION_OK"
262,10815553541,10815553581,1,"IOTHUB_CLIENT_CONFIRMATION_OK"
263,10815553875,10815553926,1,"IOTHUB_CLIENT_CONFIRMATION_OK"
264,10815554208,10815554268,1,"IOTHUB_CLIENT_CONFIRMATION_OK"
265,10815554541,10815554603,1,"IOTHUB_CLIENT_CONFIRMATION_OK"
266,10815554874,10815554922,1,"IOTHUB_CLIENT_CONFIRMATION_OK"
267,10815555207,10815555270,1,"IOTHUB_CLIENT_CONFIRMATION_OK"
268,10815555540,10815555577,1,"IOTHUB_CLIENT_CONFIRMATION_OK"
269,10815555874,10815555914,1,"IOTHUB_CLIENT_CONFIRMATION_OK"
270,10815556207,10815556246,1,"IOTHUB_CLIENT_CONFIRMATION_OK"
271,10815556540,10815556581,1,"IOTHUB_CLIENT_CONFIRMATION_OK"
272,10815556873,10815556912,1,"IOTHUB_CLIENT_CONFIRMATION_OK"
273,10815557206,10815557244,1,"IOTHUB_CLIENT_CONFIRMATION_OK"
274,10815557539,10815557581,1,"IOTHUB_CLIENT_CONFIRMATION_OK"
275,10815557873,10815557924,1,"IOTHUB_CLIENT_CONFIRMATION_OK"
276,10815558206,10815558254,1,"IOTHUB_CLIENT_CONFIRMATION_OK"
277,10815558539,10815558590,1,"IOTHUB_CLIENT_CONFIRMATION_OK"
278,10815558872,10815558912,1,"IOTHUB_CLIENT_CONFIRMATION_OK"
279,10815559205,10815559248,1,"IOTHUB_CLIENT_CONFIRMATION_OK"
280,10815559538,10815559580,1,"IOTHUB_CLIENT_CONFIRMATION_OK"
281,10815559871,10815559912,1,"IOTHUB_CLIENT_CONFIRMATION_OK"
282,10815560205,10815560247,1,"IOTHUB_CLIENT_CONFIRMATION_OK"
283,10815560538,10815560580,1,"IOTHUB_CLIENT_CONFIRMATION_OK"
284,10815560871,10815560913,1,"IOTHUB_CLIENT_CONFIRMATION_OK"
285,10815561204,10815561381,1,"IOTHUB_CLIENT_CONFIRMATION_OK"
286,10815561537,10815561579,1,"IOTHUB_CLIENT_CONFIRMATION_OK"
287,10815561870,10815561908,1,"IOTHUB_CLIENT_CONFIRMATION_OK"
288,10815562204,10815562272,1,"IOTHUB_CLIENT_CONFIRMATION_OK"
289,10815562537,10815562570,1,"IOTHUB_CLIENT_CONFIRMATION_OK"
290,10815562870,10815562915,1,"IOTHUB_CLIENT_CONFIRMATION_OK"
291,10815563203,10815563250,1,"IOTHUB_CLIENT_CONFIRMATION_OK"
292,10815563536,10815563573,1,"IOTHUB_CLIENT_CONFIRMATION_OK"
293,10815563869,10815563926,1,"IOTHUB_CLIENT_CONFIRMATION_OK"
294,10815564203,10815564256,1,"IOTHUB_CLIENT_CONFIRMATION_OK"
295,10815564536,10815564573,1,"IOTHUB_CLIENT_CONFIRMATION_OK"
296,10815564869,10815564937,1,"IOTHUB_CLIENT_CONFIRMATION_OK"
297,10815565202,10815565259,1,"IOTHUB_CLIENT_CONFIRMATION_OK"
298,10815565535,10815565573,1,"IOTHUB_CLIENT_CONFIRMATION_OK"
299,10815565868,10815565911,1,"IOTHUB_CLIENT_CONFIRMATION_OK"
300,10815566201,10815566241,1,"IOTHUB_CLIENT_CONFIRMATION_OK"
301,10815566535,10815566570,1,"IOTHUB_CLIENT_CONFIRMATION_OK"
302,10815566868,10815566911,1,"IOTHUB_CLIENT_CONFIRMATION_OK"
303,10815567201,10815567357,1,"IOTHUB_CLIENT_CONFIRMATION_OK"
304,10815567534,10815567581,1,"IOTHUB_CLIENT_CONFIRMATION_OK"
305,10815567867,10815567915,1,"IOTHUB_CLIENT_CONFIRMATION_OK"
306,10815568200,10815568249,1,"IOTHUB_CLIENT_CONFIRMATION_OK"
307,10815568534,10815568570,1,"IOTHUB_CLIENT_CONFIRMATION_OK"
308,10815568867,10815568906,1,"IOTHUB_CLIENT_CONFIRMATION_OK"
309,10815569200,10815569259,1,"IOTHUB_CLIENT_CONFIRMATION_OK"
310,10815569533,10815569573,1,"IOTHUB_CLIENT_CONFIRMATION_OK"
311,10815569866,10815569917,1,"IOTHUB_CLIENT_CONFIRMATION_OK"
312,10815570199,10815570243,1,"IOTHUB_CLIENT_CONFIRMATION_OK"
313,10815570533,10815570574,1,"IOTHUB_CLIENT_CONFIRMATION_OK"
314,10815570866,10815570924,1,"IOTHUB_CLIENT_CONFIRMATION_OK"
315,10815571199,10815571239,1,"IOTHUB_CLIENT_CONFIRMATION_OK"
316,10815571532,10815571666,1,"IOTHUB_CLIENT_CONFIRMATION_OK"
317,10815571865,10815571926,1,"IOTHUB_CLIENT_CONFIRMATION_OK"
318,10815572198,10815572235,1,"IOTHUB_CLIENT_CONFIRMATION_OK"
319,10815572532,10815572574,1,"IOTHUB_CLIENT_CONFIRMATION_OK"
320,10815572865,10815572904,1,"IOTHUB_CLIENT_CONFIRMATION_OK"
321,10815573198,10815573234,1,"IOTHUB_CLIENT_CONFIRMATION_OK"
322,10815573531,10815573572,1,"IOTHUB_CLIENT_CONFIRMATION_OK"
323,10815573864,10815573912,1,"IOTHUB_CLIENT_CONFIRMATION_OK"
324,10815574197,10815574235,1,"IOTHUB_CLIENT_CONFIRMATION_OK"
325,10815574530,10815574571,1,"IOTHUB_CLIENT_CONFIRMATION_OK"
326,10815574864,10815574905,1,"IOTHUB_CLIENT_CONFIRMATION_OK"
327,10815575197,10815575239,1,"IOTHUB_CLIENT_CONFIRMATION_OK"
328,10815575530,10815575573,1,"IOTHUB_CLIENT_CONFIRMATION_OK"
329,10815575863,10815575956,1,"IOTHUB_CLIENT_CONFIRMATION_OK"
330,10815576196,10815576236,1,"IOTHUB_CLIENT_CONFIRMATION_OK"
331,10815576529,10815576571,1,"IOTHUB_CLIENT_CONFIRMATION_OK"
332,10815576863,10815576919,1,"IOTHUB_CLIENT_CONFIRMATION_OK"
333,10815577196,10815577234,1,"IOTHUB_CLIENT_CONFIRMATION_OK"
334,10815577529,10815577567,1,"IOTHUB_CLIENT_CONFIRMATION_OK"
335,10815577862,10815577907,1,"IOTHUB_CLIENT_CONFIRMATION_OK"
336,10815578195,10815578233,1,"IOTHUB_CLIENT_CONFIRMATION_OK"
337,10815578528,10815578599,1,"IOTHUB_CLIENT_CONFIRMATION_OK"
338,10815578862,10815579007,1,"IOTHUB_CLIENT_CONFIRMATION_OK"
339,10815579195,10815579232,1,"IOTHUB_CLIENT_CONFIRMATION_OK"
340,10815579528,10815579567,1,"IOTHUB_CLIENT_CONFIRMATION_OK"
341,10815579861,10815579920,1,"IOTHUB_CLIENT_CONFIRMATION_OK"
342,10815580194,10815580236,1,"IOTHUB_CLIENT_CONFIRMATION_OK"
343,10815580527,10815580571,1,"IOTHUB_CLIENT_CONFIRMATION_OK"
344,10815580861,10815580904,1,"IOTHUB_CLIENT_CONFIRMATION_OK"
345,10815581194,10815581232,1,"IOTHUB_CLIENT_CONFIRMATION_OK"
346,10815581527,10815581575,1,"IOTHUB_CLIENT_CONFIRMATION_OK"
347,10815581860,10815582049,1,"IOTHUB_CLIENT_CONFIRMATION_OK"
348,10815582193,10815582241,1,"IOTHUB_CLIENT_CONFIRMATION_OK"
349,10815582526,10815582587,1,"IOTHUB_CLIENT_CONFIRMATION_OK"
350,10815582860,10815582896,1,"IOTHUB_CLIENT_CONFIRMATION_OK"
351,10815583193,10815583235,1,"IOTHUB_CLIENT_CONFIRMATION_OK"
352,10815583526,10815583567,1,"IOTHUB_CLIENT_CONFIRMATION_OK"
353,10815583859,10815583898,1,"IOTHUB_CLIENT_CONFIRMATION_OK"
354,10815584192,10815584232,1,"IOTHUB_CLIENT_CONFIRMATION_OK"
355,10815584525,10815584574,1,"IOTHUB_CLIENT_CONFIRMATION_OK"
356,10815584859,10815584898,1,"IOTHUB_CLIENT_CONFIRMATION_OK"
357,10815585192,10815585257,1,"IOTHUB_CLIENT_CONFIRMATION_OK"
358,10815585525,10815585567,1,"IOTHUB_CLIENT_CONFIRMATION_OK"
359,10815585858,10815585901,1,"IOTHUB_CLIENT_CONFIRMATION_OK"
360,10815586191,10815586308,1,"IOTHUB_CLIENT_CONFIRMATION_OK"
361,10815586524,10815586576,1,"IOTHUB_CLIENT_CONFIRMATION_OK"
362,10815586858,10815586922,1,"IOTHUB_CLIENT_CONFIRMATION_OK"
363,10815587191,10815587238,1,"IOTHUB_CLIENT_CONFIRMATION_OK"
364,10815587524,10815587571,1,"IOTHUB_CLIENT_CONFIRMATION_OK"
365,10815587857,10815587983,1,"IOTHUB_CLIENT_CONFIRMATION_OK"
366,10815588190,10815588254,1,"IOTHUB_CLIENT_CONFIRMATION_OK"
367,10815588523,10815588571,1,"IOTHUB_CLIENT_CONFIRMATION_OK"
368,10815588856,10815588900,1,"IOTHUB_CLIENT_CONFIRMATION_OK"
369,10815589190,10815589229,1,"IOTHUB_CLIENT_CONFIRMATION_OK"
370,10815589523,10815589565,1,"IOTHUB_CLIENT_CONFIRMATION_OK"
371,10815589856,10815589895,1,"IOTHUB_CLIENT_CONFIRMATION_OK"
372,10815590189,10815590235,1,"IOTHUB_CLIENT_CONFIRMATION_OK"
373,10815590522,10815590600,1,"IOTHUB_CLIENT_CONFIRMATION_OK"
374,10815590855,10815590899,1,"IOTHUB_CLIENT_CONFIRMATION_OK"
375,10815591189,10815591291,1,"IOTHUB_CLIENT_CONFIRMATION_OK"
376,10815591522,10815591569,1,"IOTHUB_CLIENT_CONFIRMATION_OK"
377,10815591855,10815591895,1,"IOTHUB_CLIENT_CONFIRMATION_OK"
378,10815592188,10815592238,1,"IOTHUB_CLIENT_CONFIRMATION_OK"
379,10815592521,10815592572,1,"IOTHUB_CLIENT_CONFIRMATION_OK"
380,10815592854,10815592897,1,"IOTHUB_CLIENT_CONFIRMATION_OK"
381,10815593188,10815593231,1,"IOTHUB_CLIENT_CONFIRMATION_OK"
382,10815593521,10815593562,1,"IOTHUB_CLIENT_CONFIRMATION_OK"
383,10815593854,10815593896,1,"IOTHUB_CLIENT_CONFIRMATION_OK"
384,10815594187,10815594232,1,"IOTHUB_CLIENT_CONFIRMATION_OK"
385,10815594520,10815594573,1,"IOTHUB_CLIENT_CONFIRMATION_OK"
386,10815594853,10815594891,1,"IOTHUB_CLIENT_CONFIRMATION_OK"
387,10815595187,10815595224,1,"IOTHUB_CLIENT_CONFIRMATION_OK"
388,10815595520,10815595561,1,"IOTHUB_CLIENT_CONFIRMATION_OK"
389,10815595853,10815595893,1,"IOTHUB_CLIENT_CONFIRMATION_OK"
390,10815596186,10815596225,1,"IOTHUB_CLIENT_CONFIRMATION_OK"
391,10815596519,10815596602,1,"IOTHUB_CLIENT_CONFIRMATION_OK"
392,10815596852,10815596892,1,"IOTHUB_CLIENT_CONFIRMATION_OK"
393,10815597186,10815597223,1,"IOTHUB_CLIENT_CONFIRMATION_OK"
394,10815597519,10815597560,1,"IOTHUB_CLIENT_CONFIRMATION_OK"
395,10815597852,10815597896,1,"IOTHUB_CLIENT_CONFIRMATION_OK"
396,10815598185,10815598230,1,"IOTHUB_CLIENT_CONFIRMATION_OK"
397,10815598518,10815598554,1,"IOTHUB_CLIENT_CONFIRMATION_OK"
398,10815598851,10815598914,1,"IOTHUB_CLIENT_CONFIRMATION_OK"
399,10815599185,10815599222,1,"IOTHUB_CLIENT_CONFIRMATION_OK"
400,10815599518,10815599557,1,"IOTHUB_CLIENT_CONFIRMATION_OK"
401,10815599851,10815599921,1,"IOTHUB_CLIENT_CONFIRMATION_OK"
402,10815600184,10815600239,1,"IOTHUB_CLIENT_CONFIRMATION_OK"
403,10815600517,10815600558,1,"IOTHUB_CLIENT_CONFIRMATION_OK"
404,10815600850,10815601009,1,"IOTHUB_CLIENT_CONFIRMATION_OK"
405,10815601184,10815601223,1,"IOTHUB_CLIENT_CONFIRMATION_OK"
406,10815601517,10815601557,1,"IOTHUB_CLIENT_CONFIRMATION_OK"
407,10815601850,10815601912,1,"IOTHUB_CLIENT_CONFIRMATION_OK"
408,10815602183,10815602243,1,"IOTHUB_CLIENT_CONFIRMATION_OK"
409,10815602516,10815602662,1,"IOTHUB_CLIENT_CONFIRMATION_OK"
410,10815602849,10815602890,1,"IOTHUB_CLIENT_CONFIRMATION_OK"
411,10815603183,10815603223,1,"IOTHUB_CLIENT_CONFIRMATION_OK"
412,10815603516,10815603667,1,"IOTHUB_CLIENT_CONFIRMATION_OK"
413,10815603849,10815603889,1,"IOTHUB_CLIENT_CONFIRMATION_OK"
414,10815604182,10815604262,1,"IOTHUB_CLIENT_CONFIRMATION_OK"
415,10815604515,10815604556,1,"IOTHUB_CLIENT_CONFIRMATION_OK"
416,10815604848,10815604889,1,"IOTHUB_CLIENT_CONFIRMATION_OK"
417,10815605182,10815605295,1,"IOTHUB_CLIENT_CONFIRMATION_OK"
418,10815605515,10815605589,1,"IOTHUB_CLIENT_CONFIRMATION_OK"
419,10815605848,10815605888,1,"IOTHUB_CLIENT_CONFIRMATION_OK"
420,10815606181,10815606233,1,"IOTHUB_CLIENT_CONFIRMATION_OK"
421,10815606514,10815606562,1,"IOTHUB_CLIENT_CONFIRMATION_OK"
422,10815606847,10815606925,1,"IOTHUB_CLIENT_CONFIRMATION_OK"
423,10815607181,10815607217,1,"IOTHUB_CLIENT_CONFIRMATION_OK"
424,10815607514,10815607565,1,"IOTHUB_CLIENT_CONFIRMATION_OK"
425,10815607847,10815607898,1,"IOTHUB_CLIENT_CONFIRMATION_OK"
426,10815608180,10815608229,1,"IOTHUB_CLIENT_CONFIRMATION_OK"
427,10815608513,10815608549,1,"IOTHUB_CLIENT_CONFIRMATION_OK"
428,10815608846,10815608906,1,"IOTHUB_CLIENT_CONFIRMATION_OK"
429,10815609179,10815609220,1,"IOTHUB_CLIENT_CONFIRMATION_OK"
430,10815609513,10815609611,1,"IOTHUB_CLIENT_CONFIRMATION_OK"
431,10815609846,10815609896,1,"IOTHUB_CLIENT_CONFIRMATION_OK"
432,10815610179,10815610222,1,"IOTHUB_CLIENT_CONFIRMATION_OK"
433,10815610512,10815610554,1,"IOTHUB_CLIENT_CONFIRMATION_OK"
434,10815610845,10815610888,1,"IOTHUB_CLIENT_CONFIRMATION_OK"
435,10815611178,10815611346,1,"IOTHUB_CLIENT_CONFIRMATION_OK"
436,10815611512,10815611549,1,"IOTHUB_CLIENT_CONFIRMATION_OK"
437,10815611845,10815611884,1,"IOTHUB_CLIENT_CONFIRMATION_OK"
438,10815612178,10815612217,1,"IOTHUB_CLIENT_CONFIRMATION_OK"
439,10815612511,10815612552,1,"IOTHUB_CLIENT_CONFIRMATION_OK"
440,10815612844,10815612959,1,"IOTHUB_CLIENT_CONFIRMATION_OK"
441,10815613177,10815613244,1,"IOTHUB_CLIENT_CONFIRMATION_OK"
442,10815613511,10815613544,1,"IOTHUB_CLIENT_CONFIRMATION_OK"
443,10815613844,10815613892,1,"IOTHUB_CLIENT_CONFIRMATION_OK"
444,10815614177,10815614216,1,"IOTHUB_CLIENT_CONFIRMATION_OK"
445,10815614510,10815614555,1,"IOTHUB_CLIENT_CONFIRMATION_OK"
446,10815614843,10815614881,1,"IOTHUB_CLIENT_CONFIRMATION_OK"
447,10815615176,10815615215,1,"IOTHUB_CLIENT_CONFIRMATION_OK"
448,10815615510,10815615669,1,"IOTHUB_CLIENT_CONFIRMATION_OK"
449,10815615843,10815615880,1,"IOTHUB_CLIENT_CONFIRMATION_OK"
450,10815616176,10815616227,1,"IOTHUB_CLIENT_CONFIRMATION_OK"
451,10815616509,10815616584,1,"IOTHUB_CLIENT_CONFIRMATION_OK"
452,10815616842,10815616890,1,"IOTHUB_CLIENT_CONFIRMATION_OK"
453,10815617175,10815617330,1,"IOTHUB_CLIENT_CONFIRMATION_OK"
454,10815617509,10815617556,1,"IOTHUB_CLIENT_CONFIRMATION_OK"
455,10815617842,10815617891,1,"IOTHUB_CLIENT_CONFIRMATION_OK"
456,10815618175,10815618214,1,"IOTHUB_CLIENT_CONFIRMATION_OK"
457,10815618508,10815618545,1,"IOTHUB_CLIENT_CONFIRMATION_OK"
458,10815618841,10815618875,1,"IOTHUB_CLIENT_CONFIRMATION_OK"
459,10815619174,10815619218,1,"IOTHUB_CLIENT_CONFIRMATION_OK"
460,10815619508,10815619553,1,"IOTHUB_CLIENT_CONFIRMATION_OK"
461,10815619841,10815619902,1,"IOTHUB_CLIENT_CONFIRMATION_OK"
462,10815620174,10815620213,1,"IOTHUB_CLIENT_CONFIRMATION_OK"
463,10815620507,10815620563,1,"IOTHUB_CLIENT_CONFIRMATION_OK"
464,10815620840,10815620901,1,"IOTHUB_CLIENT_CONFIRMATION_OK"
465,10815621173,10815621215,1,"IOTHUB_CLIENT_CONFIRMATION_OK"
466,10815621506,10815621647,1,"IOTHUB_CLIENT_CONFIRMATION_OK"
467,10815621840,10815621883,1,"IOTHUB_CLIENT_CONFIRMATION_OK"
468,10815622173,10815622213,1,"IOTHUB_CLIENT_CONFIRMATION_OK"
469,10815622506,10815622543,1,"IOTHUB_CLIENT_CONFIRMATION_OK"
470,10815622839,10815622876,1,"IOTHUB_CLIENT_CONFIRMATION_OK"
471,10815623172,10815623213,1,"IOTHUB_CLIENT_CONFIRMATION_OK"
472,10815623505,10815623549,1,"IOTHUB_CLIENT_CONFIRMATION_OK"
473,10815623839,10815623876,1,"IOTHUB_CLIENT_CONFIRMATION_OK"
474,10815624172,10815624221,1,"IOTHUB_CLIENT_CONFIRMATION_OK"
475,10815624505,10815624543,1,"IOTHUB_CLIENT_CONFIRMATION_OK"
476,10815624838,10815624898,1,"IOTHUB_CLIENT_CONFIRMATION_OK"
477,10815625171,10815625220,1,"IOTHUB_CLIENT_CONFIRMATION_OK"
478,10815625504,10815625560,1,"IOTHUB_CLIENT_CONFIRMATION_OK"
479,10815625838,10815625896,1,"IOTHUB_CLIENT_CONFIRMATION_OK"
480,10815626171,10815626220,1,"IOTHUB_CLIENT_CONFIRMATION_OK"
481,10815626504,10815626596,1,"IOTHUB_CLIENT_CONFIRMATION_OK"
482,10815626837,10815626880,1,"IOTHUB_CLIENT_CONFIRMATION_OK"
483,10815627170,10815627207,1,"IOTHUB_CLIENT_CONFIRMATION_OK"
484,10815627503,10815627758,1,"IOTHUB_CLIENT_CONFIRMATION_OK"
485,10815627837,10815627884,1,"IOTHUB_CLIENT_CONFIRMATION_OK"
486,10815628170,10815628207,1,"IOTHUB_CLIENT_CONFIRMATION_OK"
487,10815628503,10815628547,1,"IOTHUB_CLIENT_CONFIRMATION_OK"
488,10815628836,10815628885,1,"IOTHUB_CLIENT_CONFIRMATION_OK"
489,10815629169,10815629210,1,"IOTHUB_CLIENT_CONFIRMATION_OK"
490,10815629502,10815629544,1,"IOTHUB_CLIENT_CONFIRMATION_OK"
491,10815629836,10815629871,1,"IOTHUB_CLIENT_CONFIRMATION_OK"
492,10815630169,10815630206,1,"IOTHUB_CLIENT_CONFIRMATION_OK"
493,10815630502,10815630541,1,"IOTHUB_CLIENT_CONFIRMATION_OK"
494,10815630835,10815630875,1,"IOTHUB_CLIENT_CONFIRMATION_OK"
495,10815631168,10815631204,1,"IOTHUB_CLIENT_CONFIRMATION_OK"
496,10815631501,10815631545,1,"IOTHUB_CLIENT_CONFIRMATION_OK"
497,10815631835,10815631985,1,"IOTHUB_CLIENT_CONFIRMATION_OK"
498,10815632168,10815632209,1,"IOTHUB_CLIENT_CONFIRMATION_OK"
499,10815632501,10815632558,1,"IOTHUB_CLIENT_CONFIRMATION_OK"
500,10815632834,10815632871,1,"IOTHUB_CLIENT_CONFIRMATION_OK"
501,10815633167,10815633207,1,"IOTHUB_CLIENT_CONFIRMATION_OK"
502,10815633500,10815633535,1,"IOTHUB_CLIENT_CONFIRMATION_OK"
503,10815633833,10815634041,1,"IOTHUB_CLIENT_CONFIRMATION_OK"
504,10815634167,10815634210,1,"IOTHUB_CLIENT_CONFIRMATION_OK"
505,10815634500,10815634537,1,"IOTHUB_CLIENT_CONFIRMATION_OK"
506,10815634833,10815634868,1,"IOTHUB_CLIENT_CONFIRMATION_OK"
507,10815635166,10815635207,1,"IOTHUB_CLIENT_CONFIRMATION_OK"
508,10815635499,10815635536,1,"IOTHUB_CLIENT_CONFIRMATION_OK"
509,10815635832,10815635870,1,"IOTHUB_CLIENT_CONFIRMATION_OK"
510,10815636166,10815636347,1,"IOTHUB_CLIENT_CONFIRMATION_OK"
511,10815636499,10815636539,1,"IOTHUB_CLIENT_CONFIRMATION_OK"
512,10815636832,10815636874,1,"IOTHUB_CLIENT_CONFIRMATION_OK"
513,10815637165,10815637209,1,"IOTHUB_CLIENT_CONFIRMATION_OK"
514,10815637498,10815637540,1,"IOTHUB_CLIENT_CONFIRMATION_OK"
515,10815637831,10815637993,1,"IOTHUB_CLIENT_CONFIRMATION_OK"
516,10815638165,10815638203,1,"IOTHUB_CLIENT_CONFIRMATION_OK"
517,10815638498,10815638642,1,"IOTHUB_CLIENT_CONFIRMATION_OK"
518,10815638831,10815638871,1,"IOTHUB_CLIENT_CONFIRMATION_OK"
519,10815639164,10815639222,1,"IOTHUB_CLIENT_CONFIRMATION_OK"
520,10815639497,10815639540,1,"IOTHUB_CLIENT_CONFIRMATION_OK"
521,10815639831,10815639867,1,"IOTHUB_CLIENT_CONFIRMATION_OK"
522,10815640164,10815640201,1,"IOTHUB_CLIENT_CONFIRMATION_OK"
523,10815640497,10815640535,1,"IOTHUB_CLIENT_CONFIRMATION_OK"
524,10815640830,10815640872,1,"IOTHUB_CLIENT_CONFIRMATION_OK"
525,10815641163,10815641212,1,"IOTHUB_CLIENT_CONFIRMATION_OK"
526,10815641496,10815641535,1,"IOTHUB_CLIENT_CONFIRMATION_OK"
527,10815641830,10815641876,1,"IOTHUB_CLIENT_CONFIRMATION_OK"
528,10815642163,10815642430,1,"IOTHUB_CLIENT_CONFIRMATION_OK"
529,10815642496,10815642532,1,"IOTHUB_CLIENT_CONFIRMATION_OK"
530,10815642829,10815642880,1,"IOTHUB_CLIENT_CONFIRMATION_OK"
531,10815643162,10815643255,1,"IOTHUB_CLIENT_CONFIRMATION_OK"
532,10815643495,10815643535,1,"IOTHUB_CLIENT_CONFIRMATION_OK"
533,10815643829,10815643869,1,"IOTHUB_CLIENT_CONFIRMATION_OK"
534,10815644162,10815644213,1,"IOTHUB_CLIENT_CONFIRMATION_OK"
535,10815644495,10815644536,1,"IOTHUB_CLIENT_CONFIRMATION_OK"
536,10815644828,10815644872,1,"IOTHUB_CLIENT_CONFIRMATION_OK"
537,10815645161,10815645211,1,"IOTHUB_CLIENT_CONFIRMATION_OK"
538,10815645494,10815645640,1,"IOTHUB_CLIENT_CONFIRMATION_OK"
539,10815645827,10815645873,1,"IOTHUB_CLIENT_CONFIRMATION_OK"
540,10815646161,10815646215,1,"IOTHUB_CLIENT_CONFIRMATION_OK"
541,10815646494,10815646650,1,"IOTHUB_CLIENT_CONFIRMATION_OK"
542,10815646827,10815646872,1,"IOTHUB_CLIENT_CONFIRMATION_OK"
543,10815647160,10815647206,1,"IOTHUB_CLIENT_CONFIRMATION_OK"
544,10815647493,10815647537,1,"IOTHUB_CLIENT_CONFIRMATION_OK"
545,10815647826,10815647939,1,"IOTHUB_CLIENT_CONFIRMATION_OK"
546,10815648160,10815648195,1,"IOTHUB_CLIENT_CONFIRMATION_OK"
547,10815648493,10815648540,1,"IOTHUB_CLIENT_CONFIRMATION_OK"
548,10815648826,10815648892,1,"IOTHUB_CLIENT_CONFIRMATION_OK"
549,10815649159,10815649195,1,"IOTHUB_CLIENT_CONFIRMATION_OK"
550,10815649492,10815649539,1,"IOTHUB_CLIENT_CONFIRMATION_OK"
551,10815649825,10815649884,1,"IOTHUB_CLIENT_CONFIRMATION_OK"
552,10815650159,10815650217,1,"IOTHUB_CLIENT_CONFIRMATION_OK"
553,10815650492,10815650529,1,"IOTHUB_CLIENT_CONFIRMATION_OK"
554,10815650825,10815650913,1,"IOTHUB_CLIENT_CONFIRMATION_OK"
555,10815651158,10815651196,1,"IOTHUB_CLIENT_CONFIRMATION_OK"
556,10815651491,10815651535,1,"IOTHUB_CLIENT_CONFIRMATION_OK"
557,10815651824,10815651873,1,"IOTHUB_CLIENT_CONFIRMATION_OK"
558,10815652158,10815652200,1,"IOTHUB_CLIENT_CONFIRMATION_OK"
559,10815652491,10815652592,1,"IOTHUB_CLIENT_CONFIRMATION_OK"
560,10815652824,10815652886,1,"IOTHUB_CLIENT_CONFIRMATION_OK"
561,10815653157,10815653199,1,"IOTHUB_CLIENT_CONFIRMATION_OK"
562,10815653490,10815653544,1,"IOTHUB_CLIENT_CONFIRMATION_OK"
563,10815653823,10815653864,1,"IOTHUB_CLIENT_CONFIRMATION_OK"
564,10815654157,10815654198,1,"IOTHUB_CLIENT_CONFIRMATION_OK"
565,10815654490,10815654528,1,"IOTHUB_CLIENT_CONFIRMATION_OK"
566,10815654823,10815654861,1,"IOTHUB_CLIENT_CONFIRMATION_OK"
567,10815655156,10815655238,1,"IOTHUB_CLIENT_CONFIRMATION_OK"
568,10815655489,10815655527,1,"IOTHUB_CLIENT_CONFIRMATION_OK"
569,10815655822,10815655858,1,"IOTHUB_CLIENT_CONFIRMATION_OK"
570,10815656156,10815656195,1,"IOTHUB_CLIENT_CONFIRMATION_OK"
571,10815656489,10815656535,1,"IOTHUB_CLIENT_CONFIRMATION_OK"
572,10815656822,10815656882,1,"IOTHUB_CLIENT_CONFIRMATION_OK"
573,10815657155,10815657203,1,"IOTHUB_CLIENT_CONFIRMATION_OK"
574,10815657488,10815657526,1,"IOTHUB_CLIENT_CONFIRMATION_OK"
575,10815657821,10815657859,1,"IOTHUB_CLIENT_CONFIRMATION_OK"
576,10815658155,10815658205,1,"IOTHUB_CLIENT_CONFIRMATION_OK"
577,10815658488,10815658592,1,"IOTHUB_CLIENT_CONFIRMATION_OK"
578,10815658821,10815658857,1,"IOTHUB_CLIENT_CONFIRMATION_OK"
579,10815659154,10815659196,1,"IOTHUB_CLIENT_CONFIRMATION_OK"
580,10815659487,10815659534,1,"IOTHUB_CLIENT_CONFIRMATION_OK"
581,10815659820,10815659856,1,"IOTHUB_CLIENT_CONFIRMATION_OK"
582,10815660154,10815660196,1,"IOTHUB_CLIENT_CONFIRMATION_OK"
583,10815660487,10815660527,1,"IOTHUB_CLIENT_CONFIRMATION_OK"
584,10815660820,10815660857,1,"IOTHUB_CLIENT_CONFIRMATION_OK"
585,10815661153,10815661200,1,"IOTHUB_CLIENT_CONFIRMATION_OK"
586,10815661486,10815661525,1,"IOTHUB_CLIENT_CONFIRMATION_OK"
587,10815661819,10815661859,1,"IOTHUB_CLIENT_CONFIRMATION_OK"
588,10815662153,10815662237,1,"IOTHUB_CLIENT_CONFIRMATION_OK"
589,10815662486,10815662538,1,"IOTHUB_CLIENT_CONFIRMATION_OK"
590,10815662819,10815663017,1,"IOTHUB_CLIENT_CONFIRMATION_OK"
591,10815663152,10815663330,1,"IOTHUB_CLIENT_CONFIRMATION_OK"
592,10815663485,10815663520,1,"IOTHUB_CLIENT_CONFIRMATION_OK"
593,10815663819,10815663854,1,"IOTHUB_CLIENT_CONFIRMATION_OK"
594,10815664152,10815664195,1,"IOTHUB_CLIENT_CONFIRMATION_OK"
595,10815664485,10815664534,1,"IOTHUB_CLIENT_CONFIRMATION_OK"
596,10815664818,10815664861,1,"IOTHUB_CLIENT_CONFIRMATION_OK"
597,10815665151,10815665190,1,"IOTHUB_CLIENT_CONFIRMATION_OK"
598,10815665484,10815665519,1,"IOTHUB_CLIENT_CONFIRMATION_OK"
599,10815665817,10815665855,1,"IOTHUB_CLIENT_CONFIRMATION_OK"
600,10815666151,10815666194,1,"IOTHUB_CLIENT_CONFIRMATION_OK"
601,10815666484,10815666522,1,"IOTHUB_CLIENT_CONFIRMATION_OK"
602,10815666817,10815666924,1,"IOTHUB_CLIENT_CONFIRMATION_OK"
603,10815667150,10815667489,1,"IOTHUB_CLIENT_CONFIRMATION_OK"
604,10815667483,10815667521,1,"IOTHUB_CLIENT_CONFIRMATION_OK"
605,10815667816,10815667852,1,"IOTHUB_CLIENT_CONFIRMATION_OK"
606,10815668150,10815668186,1,"IOTHUB_CLIENT_CONFIRMATION_OK"
607,10815668483,10815668519,1,"IOTHUB_CLIENT_CONFIRMATION_OK"
608,10815668816,10815668853,1,"IOTHUB_CLIENT_CONFIRMATION_OK"
609,10815669149,10815669212,1,"IOTHUB_CLIENT_CONFIRMATION_OK"
610,10815669482,10815669848,1,"IOTHUB_CLIENT_CONFIRMATION_OK"
611,10815669815,10815669873,1,"IOTHUB_CLIENT_CONFIRMATION_OK"
612,10815670149,10815670195,1,"IOTHUB_CLIENT_CONFIRMATION_OK"
613,10815670482,10815670527,1,"IOTHUB_CLIENT_CONFIRMATION_OK"
614,10815670815,10815670854,1,"IOTHUB_CLIENT_CONFIRMATION_OK"
615,10815671148,10815671222,1,"IOTHUB_CLIENT_CONFIRMATION_OK"
616,10815671481,10815671617,1,"IOTHUB_CLIENT_CONFIRMATION_OK"
617,10815671814,10815671855,1,"IOTHUB_CLIENT_CONFIRMATION_OK"
618,10815672147,10815672181,1,"IOTHUB_CLIENT_CONFIRMATION_OK"
619,10815672481,10815672515,1,"IOTHUB_CLIENT_CONFIRMATION_OK"
620,10815672814,10815672856,1,"IOTHUB_CLIENT_CONFIRMATION_OK"
621,10815673147,10815673184,1,"IOTHUB_CLIENT_CONFIRMATION_OK"
622,10815673480,10815673516,1,"IOTHUB_CLIENT_CONFIRMATION_OK"
623,10815673813,10815673858,1,"IOTHUB_CLIENT_CONFIRMATION_OK"
624,10815674146,10815674191,1,"IOTHUB_CLIENT_CONFIRMATION_OK"
625,10815674480,10815674521,1,"IOTHUB_CLIENT_CONFIRMATION_OK"
626,10815674813,10815674872,1,"IOTHUB_CLIENT_CONFIRMATION_OK"
627,10815675146,10815675189,1,"IOTHUB_CLIENT_CONFIRMATION_OK"
628,10815675479,10815675523,1,"IOTHUB_CLIENT_CONFIRMATION_OK"
629,10815675812,10815675917,1,"IOTHUB_CLIENT_CONFIRMATION_OK"
630,10815676145,10815676207,1,"IOTHUB_CLIENT_CONFIRMATION_OK"
631,10815676479,10815676537,1,"IOTHUB_CLIENT_CONFIRMATION_OK"
632,10815676812,10815676850,1,"IOTHUB_CLIENT_CONFIRMATION_OK"
633,10815677145,10815677319,1,"IOTHUB_CLIENT_CONFIRMATION_OK"
634,10815677478,10815677593,1,"IOTHUB_CLIENT_CONFIRMATION_OK"
635,10815677811,10815677854,1,"IOTHUB_CLIENT_CONFIRMATION_OK"
636,10815678144,10815678187,1,"IOTHUB_CLIENT_CONFIRMATION_OK"
637,10815678477,10815678537,1,"IOTHUB_CLIENT_CONFIRMATION_OK"
638,10815678811,10815678847,1,"IOTHUB_CLIENT_CONFIRMATION_OK"
639,10815679144,10815679183,1,"IOTHUB_CLIENT_CONFIRMATION_OK"
640,10815679477,10815679513,1,"IOTHUB_CLIENT_CONFIRMATION_OK"
641,10815679810,10815679849,1,"IOTHUB_CLIENT_CONFIRMATION_OK"
642,10815680143,10815680262,1,"IOTHUB_CLIENT_CONFIRMATION_OK"
643,10815680476,10815680522,1,"IOTHUB_CLIENT_CONFIRMATION_OK"
644,10815680810,10815680921,1,"IOTHUB_CLIENT_CONFIRMATION_OK"
645,10815681143,10815681183,1,"IOTHUB_CLIENT_CONFIRMATION_OK"
646,10815681476,10815681543,1,"IOTHUB_CLIENT_CONFIRMATION_OK"
647,10815681809,10815681906,1,"IOTHUB_CLIENT_CONFIRMATION_OK"
648,10815682142,10815682180,1,"IOTHUB_CLIENT_CONFIRMATION_OK"
649,10815682475,10815682512,1,"IOTHUB_CLIENT_CONFIRMATION_OK"
650,10815682809,10815682847,1,"IOTHUB_CLIENT_CONFIRMATION_OK"
651,10815683142,10815683185,1,"IOTHUB_CLIENT_CONFIRMATION_OK"
652,10815683475,10815683519,1,"IOTHUB_CLIENT_CONFIRMATION_OK"
653,10815683808,10815683849,1,"IOTHUB_CLIENT_CONFIRMATION_OK"
654,10815684141,10815684185,1,"IOTHUB_CLIENT_CONFIRMATION_OK"
655,10815684474,10815684542,1,"IOTHUB_CLIENT_CONFIRMATION_OK"
656,10815684808,10815684855,1,"IOTHUB_CLIENT_CONFIRMATION_OK"
657,10815685141,10815685180,1,"IOTHUB_CLIENT_CONFIRMATION_OK"
658,10815685474,10815685514,1,"IOTHUB_CLIENT_CONFIRMATION_OK"
659,10815685807,10815685863,1,"IOTHUB_CLIENT_CONFIRMATION_OK"
660,10815686140,10815686194,1,"IOTHUB_CLIENT_CONFIRMATION_OK"
661,10815686473,10815686516,1,"IOTHUB_CLIENT_CONFIRMATION_OK"
662,10815686807,10815686858,1,"IOTHUB_CLIENT_CONFIRMATION_OK"
663,10815687140,10815687180,1,"IOTHUB_CLIENT_CONFIRMATION_OK"
664,10815687473,10815687514,1,"IOTHUB_CLIENT_CONFIRMATION_OK"
665,10815687806,10815688109,1,"IOTHUB_CLIENT_CONFIRMATION_OK"
666,10815688139,10815688183,1,"IOTHUB_CLIENT_CONFIRMATION_OK"
667,10815688472,10815688519,1,"IOTHUB_CLIENT_CONFIRMATION_OK"
668,10815688806,10815688853,1,"IOTHUB_CLIENT_CONFIRMATION_OK"
669,10815689139,10815689187,1,"IOTHUB_CLIENT_CONFIRMATION_OK"
670,10815689472,10815689524,1,"IOTHUB_CLIENT_CONFIRMATION_OK"
671,10815689805,10815689849,1,"IOTHUB_CLIENT_CONFIRMATION_OK"
672,10815690138,10815690183,1,"IOTHUB_CLIENT_CONFIRMATION_OK"
673,10815690471,10815690539,1,"IOTHUB_CLIENT_CONFIRMATION_OK"
674,10815690805,10815690848,1,"IOTHUB_CLIENT_CONFIRMATION_OK"
675,10815691138,10815691185,1,"IOTHUB_CLIENT_CONFIRMATION_OK"
676,10815691471,10815691514,1,"IOTHUB_CLIENT_CONFIRMATION_OK"
677,10815691804,10815691848,1,"IOTHUB_CLIENT_CONFIRMATION_OK"
678,10815692137,10815692301,1,"IOTHUB_CLIENT_CONFIRMATION_OK"
679,10815692470,10815692515,1,"IOTHUB_CLIENT_CONFIRMATION_OK"
680,10815692804,10815692840,1,"IOTHUB_CLIENT_CONFIRMATION_OK"
681,10815693137,10815693202,1,"IOTHUB_CLIENT_CONFIRMATION_OK"
682,10815693470,10815693509,1,"IOTHUB_CLIENT_CONFIRMATION_OK"
683,10815693803,10815693839,1,"IOTHUB_CLIENT_CONFIRMATION_OK"
684,10815694136,10815694174,1,"IOTHUB_CLIENT_CONFIRMATION_OK"
685,10815694469,10815694550,1,"IOTHUB_CLIENT_CONFIRMATION_OK"
686,10815694803,10815694852,1,"IOTHUB_CLIENT_CONFIRMATION_OK"
687,10815695136,10815695173,1,"IOTHUB_CLIENT_CONFIRMATION_OK"
688,10815695469,10815695505,1,"IOTHUB_CLIENT_CONFIRMATION_OK"
689,10815695802,10815695846,1,"IOTHUB_CLIENT_CONFIRMATION_OK"
690,10815696135,10815696216,1,"IOTHUB_CLIENT_CONFIRMATION_OK"
691,10815696468,10815696544,1,"IOTHUB_CLIENT_CONFIRMATION_OK"
692,10815696801,10815696847,1,"IOTHUB_CLIENT_CONFIRMATION_OK"
693,10815697135,10815697196,1,"IOTHUB_CLIENT_CONFIRMATION_OK"
694,10815697468,10815697562,1,"IOTHUB_CLIENT_CONFIRMATION_OK"
695,10815697801,10815697838,1,"IOTHUB_CLIENT_CONFIRMATION_OK"
696,10815698134,10815698296,1,"IOTHUB_CLIENT_CONFIRMATION_OK"
697,10815698467,10815698505,1,"IOTHUB_CLIENT_CONFIRMATION_OK"
698,10815698800,10815698844,1,"IOTHUB_CLIENT_CONFIRMATION_OK"
699,10815699134,10815699172,1,"IOTHUB_CLIENT_CONFIRMATION_OK"
700,10815699467,10815699507,1,"IOTHUB_CLIENT_CONFIRMATION_OK"
701,10815699800,10815699854,1,"IOTHUB_CLIENT_CONFIRMATION_OK"
702,10815700133,10815700169,1,"IOTHUB_CLIENT_CONFIRMATION_OK"
703,10815700466,10815700615,1,"IOTHUB_CLIENT_CONFIRMATION_OK"
704,10815700799,10815700942,1,"IOTHUB_CLIENT_CONFIRMATION_OK"
705,10815701133,10815701249,1,"IOTHUB_CLIENT_CONFIRMATION_OK"
706,10815701466,10815701957,1,"IOTHUB_CLIENT_CONFIRMATION_OK"
707,10815701799,10815702173,1,"IOTHUB_CLIENT_CONFIRMATION_OK"
708,10815702132,10815702198,1,"IOTHUB_CLIENT_CONFIRMATION_OK"
709,10815702465,10815702567,1,"IOTHUB_CLIENT_CONFIRMATION_OK"
710,10815702798,10815702846,1,"IOTHUB_CLIENT_CONFIRMATION_OK"
711,10815703132,10815703182,1,"IOTHUB_CLIENT_CONFIRMATION_OK"
712,10815703465,10815703504,1,"IOTHUB_CLIENT_CONFIRMATION_OK"
713,10815703798,10815703840,1,"IOTHUB_CLIENT_CONFIRMATION_OK"
714,10815704131,10815704167,1,"IOTHUB_CLIENT_CONFIRMATION_OK"
715,10815704464,10815704627,1,"IOTHUB_CLIENT_CONFIRMATION_OK"
716,10815704797,10815704840,1,"IOTHUB_CLIENT_CONFIRMATION_OK"
717,10815705131,10815705249,1,"IOTHUB_CLIENT_CONFIRMATION_OK"
718,10815705464,10815705596,1,"IOTHUB_CLIENT_CONFIRMATION_OK"
719,10815705797,10815705843,1,"IOTHUB_CLIENT_CONFIRMATION_OK"
720,10815706130,10815706170,1,"IOTHUB_CLIENT_CONFIRMATION_OK"
721,10815706463,10815706552,1,"IOTHUB_CLIENT_CONFIRMATION_OK"
722,10815706796,10815706843,1,"IOTHUB_CLIENT_CONFIRMATION_OK"
723,10815707130,10815707169,1,"IOTHUB_CLIENT_CONFIRMATION_OK"
724,10815707463,10815707497,1,"IOTHUB_CLIENT_CONFIRMATION_OK"
725,10815707796,10815707859,1,"IOTHUB_CLIENT_CONFIRMATION_OK"
726,10815708129,10815708165,1,"IOTHUB_CLIENT_CONFIRMATION_OK"
727,10815708462,10815708504,1,"IOTHUB_CLIENT_CONFIRMATION_OK"
728,10815708795,10815708836,1,"IOTHUB_CLIENT_CONFIRMATION_OK"
729,10815709128,10815709164,1,"IOTHUB_CLIENT_CONFIRMATION_OK"
730,10815709462,10815709507,1,"IOTHUB_CLIENT_CONFIRMATION_OK"
731,10815709795,10815709832,1,"IOTHUB_CLIENT_CONFIRMATION_OK"
732,10815710128,10815710222,1,"IOTHUB_CLIENT_CONFIRMATION_OK"
733,10815710461,10815710501,1,"IOTHUB_CLIENT_CONFIRMATION_OK"
734,10815710794,10815710836,1,"IOTHUB_CLIENT_CONFIRMATION_OK"
735,10815711127,10815711162,1,"IOTHUB_CLIENT_CONFIRMATION_OK"
736,10815711461,10815711507,1,"IOTHUB_CLIENT_CONFIRMATION_OK"
737,10815711794,10815711833,1,"IOTHUB_CLIENT_CONFIRMATION_OK"
738,10815712127,10815712163,1,"IOTHUB_CLIENT_CONFIRMATION_OK"
739,10815712460,10815712495,1,"IOTHUB_CLIENT_CONFIRMATION_OK"
740,10815712793,10815712928,1,"IOTHUB_CLIENT_CONFIRMATION_OK"
741,10815713126,10815713165,1,"IOTHUB_CLIENT_CONFIRMATION_OK"
742,10815713460,10815713500,1,"IOTHUB_CLIENT_CONFIRMATION_OK"
743,10815713793,10815713833,1,"IOTHUB_CLIENT_CONFIRMATION_OK"
744,10815714126,10815714164,1,"IOTHUB_CLIENT_CONFIRMATION_OK"
745,10815714459,10815714507,1,"IOTHUB_CLIENT_CONFIRMATION_OK"
746,10815714792,10815714827,1,"IOTHUB_CLIENT_CONFIRMATION_OK"
747,10815715125,10815715196,1,"IOTHUB_CLIENT_CONFIRMATION_OK"
748,10815715459,10815715495,1,"IOTHUB_CLIENT_CONFIRMATION_OK"
749,10815715792,10815715831,1,"IOTHUB_CLIENT_CONFIRMATION_OK"
750,10815716125,10815716165,1,"IOTHUB_CLIENT_CONFIRMATION_OK"
751,10815716458,10815716498,1,"IOTHUB_CLIENT_CONFIRMATION_OK"
752,10815716791,10815716835,1,"IOTHUB_CLIENT_CONFIRMATION_OK"
753,10815717124,10815717262,1,"IOTHUB_CLIENT_CONFIRMATION_OK"
754,10815717458,10815717493,1,"IOTHUB_CLIENT_CONFIRMATION_OK"
755,10815717791,10815717836,1,"IOTHUB_CLIENT_CONFIRMATION_OK"
756,10815718124,10815718159,1,"IOTHUB_CLIENT_CONFIRMATION_OK"
757,10815718457,10815718495,1,"IOTHUB_CLIENT_CONFIRMATION_OK"
758,10815718790,10815718827,1,"IOTHUB_CLIENT_CONFIRMATION_OK"
759,10815719123,10815719166,1,"IOTHUB_CLIENT_CONFIRMATION_OK"
760,10815719457,10815719495,1,"IOTHUB_CLIENT_CONFIRMATION_OK"
761,10815719790,10815719831,1,"IOTHUB_CLIENT_CONFIRMATION_OK"
762,10815720123,10815720163,1,"IOTHUB_CLIENT_CONFIRMATION_OK"
763,10815720456,10815720499,1,"IOTHUB_CLIENT_CONFIRMATION_OK"
764,10815720789,10815720833,1,"IOTHUB_CLIENT_CONFIRMATION_OK"
765,10815721122,10815721171,1,"IOTHUB_CLIENT_CONFIRMATION_OK"
766,10815721455,10815721546,1,"IOTHUB_CLIENT_CONFIRMATION_OK"
767,10815721789,10815721825,1,"IOTHUB_CLIENT_CONFIRMATION_OK"
768,10815722122,10815722170,1,"IOTHUB_CLIENT_CONFIRMATION_OK"
769,10815722455,10815722500,1,"IOTHUB_CLIENT_CONFIRMATION_OK"
770,10815722788,10815722827,1,"IOTHUB_CLIENT_CONFIRMATION_OK"
771,10815723121,10815723173,1,"IOTHUB_CLIENT_CONFIRMATION_OK"
772,10815723454,10815723498,1,"IOTHUB_CLIENT_CONFIRMATION_OK"
773,10815723788,10815723853,1,"IOTHUB_CLIENT_CONFIRMATION_OK"
774,10815724121,10815724197,1,"IOTHUB_CLIENT_CONFIRMATION_OK"
775,10815724454,10815724500,1,"IOTHUB_CLIENT_CONFIRMATION_OK"
776,10815724787,10815725156,1,"IOTHUB_CLIENT_CONFIRMATION_OK"
777,10815725120,10815725185,1,"IOTHUB_CLIENT_CONFIRMATION_OK"
778,10815725453,10815725491,1,"IOTHUB_CLIENT_CONFIRMATION_OK"
779,10815725787,10815725830,1,"IOTHUB_CLIENT_CONFIRMATION_OK"
780,10815726120,10815726159,1,"IOTHUB_CLIENT_CONFIRMATION_OK"
781,10815726453,10815726493,1,"IOTHUB_CLIENT_CONFIRMATION_OK"
782,10815726786,10815726821,1,"IOTHUB_CLIENT_CONFIRMATION_OK"
783,10815727119,10815727152,1,"IOTHUB_CLIENT_CONFIRMATION_OK"
784,10815727452,10815727613,1,"IOTHUB_CLIENT_CONFIRMATION_OK"
785,10815727785,10815727828,1,"IOTHUB_CLIENT_CONFIRMATION_OK"
786,10815728119,10815728178,1,"IOTHUB_CLIENT_CONFIRMATION_OK"
787,10815728452,10815728506,1,"IOTHUB_CLIENT_CONFIRMATION_OK"
788,10815728785,10815728826,1,"IOTHUB_CLIENT_CONFIRMATION_OK"
789,10815729118,10815729161,1,"IOTHUB_CLIENT_CONFIRMATION_OK"
790,10815729451,10815729490,1,"IOTHUB_CLIENT_CONFIRMATION_OK"
791,10815729784,10815729819,1,"IOTHUB_CLIENT_CONFIRMATION_OK"
792,10815730118,10815730155,1,"IOTHUB_CLIENT_CONFIRMATION_OK"
793,10815730451,10815730490,1,"IOTHUB_CLIENT_CONFIRMATION_OK"
794,10815730784,10815730823,1,"IOTHUB_CLIENT_CONFIRMATION_OK"
795,10815731117,10815731152,1,"IOTHUB_CLIENT_CONFIRMATION_OK"
796,10815731450,10815731496,1,"IOTHUB_CLIENT_CONFIRMATION_OK"
797,10815731783,10815731890,1,"IOTHUB_CLIENT_CONFIRMATION_OK"
798,10815732116,10815732174,1,"IOTHUB_CLIENT_CONFIRMATION_OK"
799,10815732450,10815732509,1,"IOTHUB_CLIENT_CONFIRMATION_OK"
800,10815732783,10815732831,1,"IOTHUB_CLIENT_CONFIRMATION_OK"
801,10815733116,10815733159,1,"IOTHUB_CLIENT_CONFIRMATION_OK"
802,10815733449,10815733490,1,"IOTHUB_CLIENT_CONFIRMATION_OK"
803,10815733782,10815733831,1,"IOTHUB_CLIENT_CONFIRMATION_OK"
804,10815734115,10815734150,1,"IOTHUB_CLIENT_CONFIRMATION_OK"
805,10815734449,10815734554,1,"IOTHUB_CLIENT_CONFIRMATION_OK"
806,10815734782,10815734835,1,"IOTHUB_CLIENT_CONFIRMATION_OK"
807,10815735115,10815735155,1,"IOTHUB_CLIENT_CONFIRMATION_OK"
808,10815735448,10815735489,1,"IOTHUB_CLIENT_CONFIRMATION_OK"
809,10815735781,10815735844,1,"IOTHUB_CLIENT_CONFIRMATION_OK"
810,10815736114,10815736186,1,"IOTHUB_CLIENT_CONFIRMATION_OK"
811,10815736447,10815736494,1,"IOTHUB_CLIENT_CONFIRMATION_OK"
812,10815736781,10815736839,1,"IOTHUB_CLIENT_CONFIRMATION_OK"
813,10815737114,10815737163,1,"IOTHUB_CLIENT_CONFIRMATION_OK"
814,10815737447,10815737499,1,"IOTHUB_CLIENT_CONFIRMATION_OK"
815,10815737780,10815737823,1,"IOTHUB_CLIENT_CONFIRMATION_OK"
816,10815738113,10815738148,1,"IOTHUB_CLIENT_CONFIRMATION_OK"
817,10815738446,10815738483,1,"IOTHUB_CLIENT_CONFIRMATION_OK"
818,10815738780,10815738858,1,"IOTHUB_CLIENT_CONFIRMATION_OK"
819,10815739113,10815739150,1,"IOTHUB_CLIENT_CONFIRMATION_OK"
820,10815739446,10815739495,1,"IOTHUB_CLIENT_CONFIRMATION_OK"
821,10815739779,10815739842,1,"IOTHUB_CLIENT_CONFIRMATION_OK"
822,10815740112,10815740159,1,"IOTHUB_CLIENT_CONFIRMATION_OK"
823,10815740445,10815740489,1,"IOTHUB_CLIENT_CONFIRMATION_OK"
824,10815740779,10815740820,1,"IOTHUB_CLIENT_CONFIRMATION_OK"
825,10815741112,10815741151,1,"IOTHUB_CLIENT_CONFIRMATION_OK"
826,10815741445,10815741489,1,"IOTHUB_CLIENT_CONFIRMATION_OK"
827,10815741778,10815741817,1,"IOTHUB_CLIENT_CONFIRMATION_OK"
828,10815742111,10815742325,1,"IOTHUB_CLIENT_CONFIRMATION_OK"
829,10815742444,10815742498,1,"IOTHUB_CLIENT_CONFIRMATION_OK"
830,10815742778,10815742846,1,"IOTHUB_CLIENT_CONFIRMATION_OK"
831,10815743111,10815743146,1,"IOTHUB_CLIENT_CONFIRMATION_OK"
832,10815743444,10815743488,1,"IOTHUB_CLIENT_CONFIRMATION_OK"
833,10815743777,10815743838,1,"IOTHUB_CLIENT_CONFIRMATION_OK"
834,10815744110,10815744153,1,"IOTHUB_CLIENT_CONFIRMATION_OK"
835,10815744443,10815744479,1,"IOTHUB_CLIENT_CONFIRMATION_OK"
836,10815744777,10815744818,1,"IOTHUB_CLIENT_CONFIRMATION_OK"
837,10815745110,10815745185,1,"IOTHUB_CLIENT_CONFIRMATION_OK"
838,10815745443,10815745513,1,"IOTHUB_CLIENT_CONFIRMATION_OK"
839,10815745776,10815745812,1,"IOTHUB_CLIENT_CONFIRMATION_OK"
840,10815746109,10815746157,1,"IOTHUB_CLIENT_CONFIRMATION_OK"
841,10815746442,10815746603,1,"IOTHUB_CLIENT_CONFIRMATION_OK"
842,10815746776,10815746813,1,"IOTHUB_CLIENT_CONFIRMATION_OK"
843,10815747109,10815747151,1,"IOTHUB_CLIENT_CONFIRMATION_OK"
844,10815747442,10815747485,1,"IOTHUB_CLIENT_CONFIRMATION_OK"
845,10815747775,10815747812,1,"IOTHUB_CLIENT_CONFIRMATION_OK"
846,10815748108,10815748148,1,"IOTHUB_CLIENT_CONFIRMATION_OK"
847,10815748441,10815748480,1,"IOTHUB_CLIENT_CONFIRMATION_OK"
848,10815748775,10815748822,1,"IOTHUB_CLIENT_CONFIRMATION_OK"
849,10815749108,10815749153,1,"IOTHUB_CLIENT_CONFIRMATION_OK"
850,10815749441,10815749490,1,"IOTHUB_CLIENT_CONFIRMATION_OK"
851,10815749774,10815749813,1,"IOTHUB_CLIENT_CONFIRMATION_OK"
852,10815750107,10815750169,1,"IOTHUB_CLIENT_CONFIRMATION_OK"
853,10815750440,10815750480,1,"IOTHUB_CLIENT_CONFIRMATION_OK"
854,10815750774,10815750939,1,"IOTHUB_CLIENT_CONFIRMATION_OK"
855,10815751107,10815751145,1,"IOTHUB_CLIENT_CONFIRMATION_OK"
856,10815751440,10815751488,1,"IOTHUB_CLIENT_CONFIRMATION_OK"
857,10815751773,10815751814,1,"IOTHUB_CLIENT_CONFIRMATION_OK"
858,10815752106,10815752167,1,"IOTHUB_CLIENT_CONFIRMATION_OK"
859,10815752439,10815752552,1,"IOTHUB_CLIENT_CONFIRMATION_OK"
860,10815752773,10815752819,1,"IOTHUB_CLIENT_CONFIRMATION_OK"
861,10815753106,10815753147,1,"IOTHUB_CLIENT_CONFIRMATION_OK"
862,10815753439,10815753477,1,"IOTHUB_CLIENT_CONFIRMATION_OK"
863,10815753772,10815753810,1,"IOTHUB_CLIENT_CONFIRMATION_OK"
864,10815754105,10815754141,1,"IOTHUB_CLIENT_CONFIRMATION_OK"
865,10815754438,10815754482,1,"IOTHUB_CLIENT_CONFIRMATION_OK"
866,10815754771,10815754807,1,"IOTHUB_CLIENT_CONFIRMATION_OK"
867,10815755105,10815755204,1,"IOTHUB_CLIENT_CONFIRMATION_OK"
868,10815755438,10815755485,1,"IOTHUB_CLIENT_CONFIRMATION_OK"
869,10815755771,10815755830,1,"IOTHUB_CLIENT_CONFIRMATION_OK"
870,10815756104,10815756142,1,"IOTHUB_CLIENT_CONFIRMATION_OK"
871,10815756437,10815756479,1,"IOTHUB_CLIENT_CONFIRMATION_OK"
872,10815756770,10815756818,1,"IOTHUB_CLIENT_CONFIRMATION_OK"
873,10815757104,10815757155,1,"IOTHUB_CLIENT_CONFIRMATION_OK"
874,10815757437,10815757476,1,"IOTHUB_CLIENT_CONFIRMATION_OK"
875,10815757770,10815757824,1,"IOTHUB_CLIENT_CONFIRMATION_OK"
876,10815758103,10815758146,1,"IOTHUB_CLIENT_CONFIRMATION_OK"
877,10815758436,10815758478,1,"IOTHUB_CLIENT_CONFIRMATION_OK"
878,10815758769,10815758809,1,"IOTHUB_CLIENT_CONFIRMATION_OK"
879,10815759103,10815759138,1,"IOTHUB_CLIENT_CONFIRMATION_OK"
880,10815759436,10815759550,1,"IOTHUB_CLIENT_CONFIRMATION_OK"
881,10815759769,10815759804,1,"IOTHUB_CLIENT_CONFIRMATION_OK"
882,10815760102,10815760144,1,"IOTHUB_CLIENT_CONFIRMATION_OK"
883,10815760435,10815760481,1,"IOTHUB_CLIENT_CONFIRMATION_OK"
884,10815760768,10815760804,1,"IOTHUB_CLIENT_CONFIRMATION_OK"
885,10815761101,10815761177,1,"IOTHUB_CLIENT_CONFIRMATION_OK"
886,10815761435,10815761471,1,"IOTHUB_CLIENT_CONFIRMATION_OK"
887,10815761768,10815761805,1,"IOTHUB_CLIENT_CONFIRMATION_OK"
888,10815762101,10815762136,1,"IOTHUB_CLIENT_CONFIRMATION_OK"
889,10815762434,10815762499,1,"IOTHUB_CLIENT_CONFIRMATION_OK"
890,10815762767,10815762841,1,"IOTHUB_CLIENT_CONFIRMATION_OK"
891,10815763100,10815763139,1,"IOTHUB_CLIENT_CONFIRMATION_OK"
892,10815763434,10815763488,1,"IOTHUB_CLIENT_CONFIRMATION_OK"
893,10815763767,10815763834,1,"IOTHUB_CLIENT_CONFIRMATION_OK"
894,10815764100,10815764145,1,"IOTHUB_CLIENT_CONFIRMATION_OK"
895,10815764433,10815764467,1,"IOTHUB_CLIENT_CONFIRMATION_OK"
896,10815764766,10815764807,1,"IOTHUB_CLIENT_CONFIRMATION_OK"
897,10815765099,10815765139,1,"IOTHUB_CLIENT_CONFIRMATION_OK"
898,10815765433,10815765669,1,"IOTHUB_CLIENT_CONFIRMATION_OK"
899,10815765766,10815765817,1,"IOTHUB_CLIENT_CONFIRMATION_OK"
