Message ID,Send Time,Receive Time,Status,Error
0,10815466222,10815466420,1,"IOTHUB_CLIENT_CONFIRMATION_OK"
1,10815466556,10815466597,1,"IOTHUB_CLIENT_CONFIRMATION_OK"
2,10815466889,10815466921,1,"IOTHUB_CLIENT_CONFIRMATION_OK"
3,10815467222,10815467259,1,"IOTHUB_CLIENT_CONFIRMATION_OK"
4,10815467555,10815467592,1,"IOTHUB_CLIENT_CONFIRMATION_OK"
5,10815467888,10815467928,1,"IOTHUB_CLIENT_CONFIRMATION_OK"
6,10815468221,10815468268,1,"IOTHUB_CLIENT_CONFIRMATION_OK"
7,10815468555,10815468609,1,"IOTHUB_CLIENT_CONFIRMATION_OK"
8,10815468888,10815468923,1,"IOTHUB_CLIENT_CONFIRMATION_OK"
9,10815469221,10815469254,1,"IOTHUB_CLIENT_CONFIRMATION_OK"
10,10815469554,10815469604,1,"IOTHUB_CLIENT_CONFIRMATION_OK"
11,10815469887,10815469929,1,"IOTHUB_CLIENT_CONFIRMATION_OK"
12,10815470220,10815470256,1,"IOTHUB_CLIENT_CONFIRMATION_OK"
13,10815470554,10815470590,1,"IOTHUB_CLIENT_CONFIRMATION_OK"
14,10815470887,10815470934,1,"IOTHUB_CLIENT_CONFIRMATION_OK"
15,10815471220,10815471254,1,"IOTHUB_CLIENT_CONFIRMATION_OK"
16,10815471553,10815471590,1,"IOTHUB_CLIENT_CONFIRMATION_OK"
17,10815471886,10815471921,1,"IOTHUB_CLIENT_CONFIRMATION_OK"
18,10815472219,10815472406,1,"IOTHUB_CLIENT_CONFIRMATION_OK"
19,10815472552,10815472602,1,"IOTHUB_CLIENT_CONFIRMATION_OK"
20,10815472886,10815472921,1,"IOTHUB_CLIENT_CONFIRMATION_OK"
21,10815473219,10815473257,1,"IOTHUB_CLIENT_CONFIRMATION_OK"
22,10815473552,10815473584,1,"IOTHUB_CLIENT_CONFIRMATION_OK"
23,10815473885,10815473919,1,"IOTHUB_CLIENT_CONFIRMATION_OK"
24,10815474218,10815474253,1,"IOTHUB_CLIENT_CONFIRMATION_OK"
25,10815474551,10815474585,1,"IOTHUB_CLIENT_CONFIRMATION_OK"
26,10815474885,10815474918,1,"IOTHUB_CLIENT_CONFIRMATION_OK"
27,10815475218,10815475274,1,"IOTHUB_CLIENT_CONFIRMATION_OK"
28,10815475551,10815475585,1,"IOTHUB_CLIENT_CONFIRMATION_OK"
29,10815475884,10815476052,1,"IOTHUB_CLIENT_CONFIRMATION_OK"
30,10815476217,10815476263,1,"IOTHUB_CLIENT_CONFIRMATION_OK"
31,10815476550,10815476586,1,"IOTHUB_CLIENT_CONFIRMATION_OK"
32,10815476883,10815476917,1,"IOTHUB_CLIENT_CONFIRMATION_OK"
33,10815477217,10815477250,1,"IOTHUB_CLIENT_CONFIRMATION_OK"
34,10815477550,10815477585,1,"IOTHUB_CLIENT_CONFIRMATION_OK"
35,10815477883,10815477923,1,"IOTHUB_CLIENT_CONFIRMATION_OK"
36,10815478216,10815478278,1,"IOTHUB_CLIENT_CONFIRMATION_OK"
37,10815478549,10815478584,1,"IOTHUB_CLIENT_CONFIRMATION_OK"
38,10815478882,10815478916,1,"IOTHUB_CLIENT_CONFIRMATION_OK"
39,10815479216,10815479271,1,"IOTHUB_CLIENT_CONFIRMATION_OK"
40,10815479549,10815479586,1,"IOTHUB_CLIENT_CONFIRMATION_OK"
41,10815479882,10815479917,1,"IOTHUB_CLIENT_CONFIRMATION_OK"
42,10815480215,10815480317,1,"IOTHUB_CLIENT_CONFIRMATION_OK"
43,10815480548,10815480595,1,"IOTHUB_CLIENT_CONFIRMATION_OK"
44,10815480881,10815480915,1,"IOTHUB_CLIENT_CONFIRMATION_OK"
45,10815481214,10815481317,1,"IOTHUB_CLIENT_CONFIRMATION_OK"
46,10815481548,10815481581,1,"IOTHUB_CLIENT_CONFIRMATION_OK"
47,10815481881,10815481914,1,"IOTHUB_CLIENT_CONFIRMATION_OK"
48,10815482214,10815482249,1,"IOTHUB_CLIENT_CONFIRMATION_OK"
49,10815482547,10815482587,1,"IOTHUB_CLIENT_CONFIRMATION_OK"
50,10815482880,10815482917,1,"IOTHUB_CLIENT_CONFIRMATION_OK"
51,10815483213,10815483251,1,"IOTHUB_CLIENT_CONFIRMATION_OK"
52,10815483547,10815483589,1,"IOTHUB_CLIENT_CONFIRMATION_OK"
53,10815483880,10815483917,1,"IOTHUB_CLIENT_CONFIRMATION_OK"
54,10815484213,10815484250,1,"IOTHUB_CLIENT_CONFIRMATION_OK"
55,10815484546,10815484602,1,"IOTHUB_CLIENT_CONFIRMATION_OK"
56,10815484879,10815484915,1,"IOTHUB_CLIENT_CONFIRMATION_OK"
57,10815485212,10815485259,1,"IOTHUB_CLIENT_CONFIRMATION_OK"
58,10815485545,10815485578,1,"IOTHUB_CLIENT_CONFIRMATION_OK"
59,10815485879,10815485913,1,"IOTHUB_CLIENT_CONFIRMATION_OK"
60,10815486212,10815486250,1,"IOTHUB_CLIENT_CONFIRMATION_OK"
61,10815486545,10815486591,1,"IOTHUB_CLIENT_CONFIRMATION_OK"
62,10815486878,10815486912,1,"IOTHUB_CLIENT_CONFIRMATION_OK"
63,10815487211,10815487246,1,"IOTHUB_CLIENT_CONFIRMATION_OK"
64,10815487544,10815487588,1,"IOTHUB_CLIENT_CONFIRMATION_OK"
65,10815487878,10815487913,1,"IOTHUB_CLIENT_CONFIRMATION_OK"
66,10815488211,10815488247,1,"IOTHUB_CLIENT_CONFIRMATION_OK"
67,10815488544,10815488578,1,"IOTHUB_CLIENT_CONFIRMATION_OK"
68,10815488877,10815488912,1,"IOTHUB_CLIENT_CONFIRMATION_OK"
69,10815489210,10815489246,1,"IOTHUB_CLIENT_CONFIRMATION_OK"
70,10815489543,10815489595,1,"IOTHUB_CLIENT_CONFIRMATION_OK"
71,10815489877,10815489933,1,"IOTHUB_CLIENT_CONFIRMATION_OK"
72,10815490210,10815490246,1,"IOTHUB_CLIENT_CONFIRMATION_OK"
73,10815490543,10815490706,1,"IOTHUB_CLIENT_CONFIRMATION_OK"
74,10815490876,10815490911,1,"IOTHUB_CLIENT_CONFIRMATION_OK"
75,10815491209,10815491257,1,"IOTHUB_CLIENT_CONFIRMATION_OK"
76,10815491542,10815491602,1,"IOTHUB_CLIENT_CONFIRMATION_OK"
77,10815491875,10815491913,1,"IOTHUB_CLIENT_CONFIRMATION_OK"
78,10815492209,10815492254,1,"IOTHUB_CLIENT_CONFIRMATION_OK"
79,10815492542,10815492577,1,"IOTHUB_CLIENT_CONFIRMATION_OK"
80,10815492875,10815492920,1,"IOTHUB_CLIENT_CONFIRMATION_OK"
81,10815493208,10815493252,1,"IOTHUB_CLIENT_CONFIRMATION_OK"
82,10815493541,10815493587,1,"IOTHUB_CLIENT_CONFIRMATION_OK"
83,10815493874,10815493909,1,"IOTHUB_CLIENT_CONFIRMATION_OK"
84,10815494208,10815494244,1,"IOTHUB_CLIENT_CONFIRMATION_OK"
85,10815494541,10815494576,1,"IOTHUB_CLIENT_CONFIRMATION_OK"
86,10815494874,10815494965,1,"IOTHUB_CLIENT_CONFIRMATION_OK"
87,10815495207,10815495241,1,"IOTHUB_CLIENT_CONFIRMATION_OK"
88,10815495540,10815495574,1,"IOTHUB_CLIENT_CONFIRMATION_OK"
89,10815495873,10815495924,1,"IOTHUB_CLIENT_CONFIRMATION_OK"
90,10815496206,10815496240,1,"IOTHUB_CLIENT_CONFIRMATION_OK"
91,10815496540,10815496582,1,"IOTHUB_CLIENT_CONFIRMATION_OK"
92,10815496873,10815496909,1,"IOTHUB_CLIENT_CONFIRMATION_OK"
93,10815497206,10815497253,1,"IOTHUB_CLIENT_CONFIRMATION_OK"
94,10815497539,10815497583,1,"IOTHUB_CLIENT_CONFIRMATION_OK"
95,10815497872,10815497908,1,"IOTHUB_CLIENT_CONFIRMATION_OK"
96,10815498205,10815498237,1,"IOTHUB_CLIENT_CONFIRMATION_OK"
97,10815498539,10815498574,1,"IOTHUB_CLIENT_CONFIRMATION_OK"
98,10815498872,10815498923,1,"IOTHUB_CLIENT_CONFIRMATION_OK"
99,10815499205,10815499309,1,"IOTHUB_CLIENT_CONFIRMATION_OK"
100,10815499538,10815499574,1,"IOTHUB_CLIENT_CONFIRMATION_OK"
101,10815499871,10815499912,1,"IOTHUB_CLIENT_CONFIRMATION_OK"
102,10815500204,10815500246,1,"IOTHUB_CLIENT_CONFIRMATION_OK"
103,10815500538,10815500571,1,"IOTHUB_CLIENT_CONFIRMATION_OK"
104,10815500871,10815500949,1,"IOTHUB_CLIENT_CONFIRMATION_OK"
105,10815501204,10815501237,1,"IOTHUB_CLIENT_CONFIRMATION_OK"
106,10815501537,10815501576,1,"IOTHUB_CLIENT_CONFIRMATION_OK"
107,10815501870,10815501909,1,"IOTHUB_CLIENT_CONFIRMATION_OK"
108,10815502203,10815502243,1,"IOTHUB_CLIENT_CONFIRMATION_OK"
109,10815502537,10815502573,1,"IOTHUB_CLIENT_CONFIRMATION_OK"
110,10815502870,10815502906,1,"IOTHUB_CLIENT_CONFIRMATION_OK"
111,10815503203,10815503259,1,"IOTHUB_CLIENT_CONFIRMATION_OK"
112,10815503536,10815503607,1,"IOTHUB_CLIENT_CONFIRMATION_OK"
113,10815503869,10815503914,1,"IOTHUB_CLIENT_CONFIRMATION_OK"
114,10815504202,10815504249,1,"IOTHUB_CLIENT_CONFIRMATION_OK"
115,10815504535,10815504588,1,"IOTHUB_CLIENT_CONFIRMATION_OK"
116,10815504869,10815504905,1,"IOTHUB_CLIENT_CONFIRMATION_OK"
117,10815505202,10815505241,1,"IOTHUB_CLIENT_CONFIRMATION_OK"
118,10815505535,10815505569,1,"IOTHUB_CLIENT_CONFIRMATION_OK"
119,10815505868,10815505926,1,"IOTHUB_CLIENT_CONFIRMATION_OK"
120,10815506201,10815506237,1,"IOTHUB_CLIENT_CONFIRMATION_OK"
121,10815506534,10815506570,1,"IOTHUB_CLIENT_CONFIRMATION_OK"
122,10815506868,10815506905,1,"IOTHUB_CLIENT_CONFIRMATION_OK"
123,10815507201,10815507238,1,"IOTHUB_CLIENT_CONFIRMATION_OK"
124,10815507534,10815507570,1,"IOTHUB_CLIENT_CONFIRMATION_OK"
125,10815507867,10815507942,1,"IOTHUB_CLIENT_CONFIRMATION_OK"
126,10815508200,10815508232,1,"IOTHUB_CLIENT_CONFIRMATION_OK"
127,10815508533,10815508565,1,"IOTHUB_CLIENT_CONFIRMATION_OK"
128,10815508867,10815508922,1,"IOTHUB_CLIENT_CONFIRMATION_OK"
129,10815509200,10815509236,1,"IOTHUB_CLIENT_CONFIRMATION_OK"
130,10815509533,10815509569,1,"IOTHUB_CLIENT_CONFIRMATION_OK"
131,10815509866,10815509897,1,"IOTHUB_CLIENT_CONFIRMATION_OK"
132,10815510199,10815510241,1,"IOTHUB_CLIENT_CONFIRMATION_OK"
133,10815510532,10815510569,1,"IOTHUB_CLIENT_CONFIRMATION_OK"
134,10815510865,10815510913,1,"IOTHUB_CLIENT_CONFIRMATION_OK"
135,10815511199,10815511233,1,"IOTHUB_CLIENT_CONFIRMATION_OK"
136,10815511532,10815511575,1,"IOTHUB_CLIENT_CONFIRMATION_OK"
137,10815511865,10815511905,1,"IOTHUB_CLIENT_CONFIRMATION_OK"
138,10815512198,10815512231,1,"IOTHUB_CLIENT_CONFIRMATION_OK"
139,10815512531,10815512568,1,"IOTHUB_CLIENT_CONFIRMATION_OK"
140,10815512864,10815512906,1,"IOTHUB_CLIENT_CONFIRMATION_OK"
141,10815513198,10815513230,1,"IOTHUB_CLIENT_CONFIRMATION_OK"
142,10815513531,10815513566,1,"IOTHUB_CLIENT_CONFIRMATION_OK"
143,10815513864,10815513905,1,"IOTHUB_CLIENT_CONFIRMATION_OK"
144,10815514197,10815514236,1,"IOTHUB_CLIENT_CONFIRMATION_OK"
145,10815514530,10815514564,1,"IOTHUB_CLIENT_CONFIRMATION_OK"
146,10815514863,10815514900,1,"IOTHUB_CLIENT_CONFIRMATION_OK"
147,10815515197,10815515232,1,"IOTHUB_CLIENT_CONFIRMATION_OK"
148,10815515530,10815515660,1,"IOTHUB_CLIENT_CONFIRMATION_OK"
149,10815515863,10815515906,1,"IOTHUB_CLIENT_CONFIRMATION_OK"
150,10815516196,10815516232,1,"IOTHUB_CLIENT_CONFIRMATION_OK"
151,10815516529,10815516565,1,"IOTHUB_CLIENT_CONFIRMATION_OK"
152,10815516862,10815517111,1,"IOTHUB_CLIENT_CONFIRMATION_OK"
153,10815517195,10815517371,1,"IOTHUB_CLIENT_CONFIRMATION_OK"
154,10815517529,10815517567,1,"IOTHUB_CLIENT_CONFIRMATION_OK"
155,10815517862,10815517900,1,"IOTHUB_CLIENT_CONFIRMATION_OK"
156,10815518195,10815518265,1,"IOTHUB_CLIENT_CONFIRMATION_OK"
157,10815518528,10815518563,1,"IOTHUB_CLIENT_CONFIRMATION_OK"
158,10815518861,10815518895,1,"IOTHUB_CLIENT_CONFIRMATION_OK"
159,10815519194,10815519230,1,"IOTHUB_CLIENT_CONFIRMATION_OK"
160,10815519528,10815519564,1,"IOTHUB_CLIENT_CONFIRMATION_OK"
161,10815519861,10815519911,1,"IOTHUB_CLIENT_CONFIRMATION_OK"
162,10815520194,10815520230,1,"IOTHUB_CLIENT_CONFIRMATION_OK"
163,10815520527,10815520562,1,"IOTHUB_CLIENT_CONFIRMATION_OK"
164,10815520860,10815520896,1,"IOTHUB_CLIENT_CONFIRMATION_OK"
165,10815521193,10815521235,1,"IOTHUB_CLIENT_CONFIRMATION_OK"
166,10815521527,10815521561,1,"IOTHUB_CLIENT_CONFIRMATION_OK"
167,10815521860,10815521913,1,"IOTHUB_CLIENT_CONFIRMATION_OK"
168,10815522193,10815522248,1,"IOTHUB_CLIENT_CONFIRMATION_OK"
169,10815522526,10815522576,1,"IOTHUB_CLIENT_CONFIRMATION_OK"
170,10815522859,10815522896,1,"IOTHUB_CLIENT_CONFIRMATION_OK"
171,10815523192,10815523229,1,"IOTHUB_CLIENT_CONFIRMATION_OK"
172,10815523525,10815523561,1,"IOTHUB_CLIENT_CONFIRMATION_OK"
173,10815523859,10815523905,1,"IOTHUB_CLIENT_CONFIRMATION_OK"
174,10815524192,10815524226,1,"IOTHUB_CLIENT_CONFIRMATION_OK"
175,10815524525,10815524580,1,"IOTHUB_CLIENT_CONFIRMATION_OK"
176,10815524858,10815524896,1,"IOTHUB_CLIENT_CONFIRMATION_OK"
177,10815525191,10815525225,1,"IOTHUB_CLIENT_CONFIRMATION_OK"
178,10815525524,10815525562,1,"IOTHUB_CLIENT_CONFIRMATION_OK"
179,10815525858,10815526028,1,"IOTHUB_CLIENT_CONFIRMATION_OK"
180,10815526191,10815526228,1,"IOTHUB_CLIENT_CONFIRMATION_OK"
181,10815526524,10815526560,1,"IOTHUB_CLIENT_CONFIRMATION_OK"
182,10815526857,10815526893,1,"IOTHUB_CLIENT_CONFIRMATION_OK"
183,10815527190,10815527224,1,"IOTHUB_CLIENT_CONFIRMATION_OK"
184,10815527523,10815527557,1,"IOTHUB_CLIENT_CONFIRMATION_OK"
185,10815527856,10815527892,1,"IOTHUB_CLIENT_CONFIRMATION_OK"
186,10815528190,10815528225,1,"IOTHUB_CLIENT_CONFIRMATION_OK"
187,10815528523,10815528594,1,"IOTHUB_CLIENT_CONFIRMATION_OK"
188,10815528856,10815528892,1,"IOTHUB_CLIENT_CONFIRMATION_OK"
189,10815529189,10815529242,1,"IOTHUB_CLIENT_CONFIRMATION_OK"
190,10815529522,10815529559,1,"IOTHUB_CLIENT_CONFIRMATION_OK"
191,10815529855,10815529889,1,"IOTHUB_CLIENT_CONFIRMATION_OK"
192,10815530189,10815530307,1,"IOTHUB_CLIENT_CONFIRMATION_OK"
193,10815530522,10815530568,1,"IOTHUB_CLIENT_CONFIRMATION_OK"
194,10815530855,10815530901,1,"IOTHUB_CLIENT_CONFIRMATION_OK"
195,10815531188,10815531222,1,"IOTHUB_CLIENT_CONFIRMATION_OK"
196,10815531521,10815531565,1,"IOTHUB_CLIENT_CONFIRMATION_OK"
197,10815531854,10815531891,1,"IOTHUB_CLIENT_CONFIRMATION_OK"
198,10815532187,10815532233,1,"IOTHUB_CLIENT_CONFIRMATION_OK"
199,10815532521,10815532566,1,"IOTHUB_CLIENT_CONFIRMATION_OK"
200,10815532854,10815532890,1,"IOTHUB_CLIENT_CONFIRMATION_OK"
201,10815533187,10815533240,1,"IOTHUB_CLIENT_CONFIRMATION_OK"
202,10815533520,10815533555,1,"IOTHUB_CLIENT_CONFIRMATION_OK"
203,10815533853,10815533891,1,"IOTHUB_CLIENT_CONFIRMATION_OK"
204,10815534186,10815534222,1,"IOTHUB_CLIENT_CONFIRMATION_OK"
205,10815534519,10815534553,1,"IOTHUB_CLIENT_CONFIRMATION_OK"
206,10815534853,10815534894,1,"IOTHUB_CLIENT_CONFIRMATION_OK"
207,10815535186,10815535231,1,"IOTHUB_CLIENT_CONFIRMATION_OK"
208,10815535519,10815535557,1,"IOTHUB_CLIENT_CONFIRMATION_OK"
209,10815535852,10815535892,1,"IOTHUB_CLIENT_CONFIRMATION_OK"
210,10815536185,10815536231,1,"IOTHUB_CLIENT_CONFIRMATION_OK"
211,10815536518,10815536556,1,"IOTHUB_CLIENT_CONFIRMATION_OK"
212,10815536852,10815536887,1,"IOTHUB_CLIENT_CONFIRMATION_OK"
213,10815537185,10815537220,1,"IOTHUB_CLIENT_CONFIRMATION_OK"
214,10815537518,10815537577,1,"IOTHUB_CLIENT_CONFIRMATION_OK"
215,10815537851,10815537887,1,"IOTHUB_CLIENT_CONFIRMATION_OK"
216,10815538184,10815538222,1,"IOTHUB_CLIENT_CONFIRMATION_OK"
217,10815538517,10815538557,1,"IOTHUB_CLIENT_CONFIRMATION_OK"
218,10815538851,10815538985,1,"IOTHUB_CLIENT_CONFIRMATION_OK"
219,10815539184,10815539227,1,"IOTHUB_CLIENT_CONFIRMATION_OK"
220,10815539517,10815539550,1,"IOTHUB_CLIENT_CONFIRMATION_OK"
221,10815539850,10815539904,1,"IOTHUB_CLIENT_CONFIRMATION_OK"
222,10815540183,10815540218,1,"IOTHUB_CLIENT_CONFIRMATION_OK"
223,10815540516,10815540628,1,"IOTHUB_CLIENT_CONFIRMATION_OK"
224,10815540850,10815540884,1,"IOTHUB_CLIENT_CONFIRMATION_OK"
225,10815541183,10815541219,1,"IOTHUB_CLIENT_CONFIRMATION_OK"
226,10815541516,10815541551,1,"IOTHUB_CLIENT_CONFIRMATION_OK"
227,10815541849,10815541897,1,"IOTHUB_CLIENT_CONFIRMATION_OK"
228,10815542182,10815542217,1,"IOTHUB_CLIENT_CONFIRMATION_OK"
229,10815542515,10815542560,1,"IOTHUB_CLIENT_CONFIRMATION_OK"
230,10815542848,10815542883,1,"IOTHUB_CLIENT_CONFIRMATION_OK"
231,10815543182,10815543246,1,"IOTHUB_CLIENT_CONFIRMATION_OK"
232,10815543515,10815543586,1,"IOTHUB_CLIENT_CONFIRMATION_OK"
233,10815543848,10815543884,1,"IOTHUB_CLIENT_CONFIRMATION_OK"
234,10815544181,10815544217,1,"IOTHUB_CLIENT_CONFIRMATION_OK"
235,10815544514,10815544550,1,"IOTHUB_CLIENT_CONFIRMATION_OK"
236,10815544847,10815545002,1,"IOTHUB_CLIENT_CONFIRMATION_OK"
237,10815545180,10815545217,1,"IOTHUB_CLIENT_CONFIRMATION_OK"
238,10815545514,10815545551,1,"IOTHUB_CLIENT_CONFIRMATION_OK"
239,10815545847,10815545893,1,"IOTHUB_CLIENT_CONFIRMATION_OK"
240,10815546180,10815546224,1,"IOTHUB_CLIENT_CONFIRMATION_OK"
241,10815546513,10815546548,1,"IOTHUB_CLIENT_CONFIRMATION_OK"
242,10815546846,10815546882,1,"IOTHUB_CLIENT_CONFIRMATION_OK"
243,10815547179,10815547217,1,"IOTHUB_CLIENT_CONFIRMATION_OK"
244,10815547513,10815547562,1,"IOTHUB_CLIENT_CONFIRMATION_OK"
245,10815547846,10815547891,1,"IOTHUB_CLIENT_CONFIRMATION_OK"
246,10815548179,10815548237,1,"IOTHUB_CLIENT_CONFIRMATION_OK"
247,10815548512,10815548555,1,"IOTHUB_CLIENT_CONFIRMATION_OK"
248,10815548845,10815548880,1,"IOTHUB_CLIENT_CONFIRMATION_OK"
249,10815549178,10815549224,1,"IOTHUB_CLIENT_CONFIRMATION_OK"
250,10815549512,10815549563,1,"IOTHUB_CLIENT_CONFIRMATION_OK"
251,10815549845,10815549889,1,"IOTHUB_CLIENT_CONFIRMATION_OK"
252,10815550178,10815550212,1,"IOTHUB_CLIENT_CONFIRMATION_OK"
253,10815550511,10815550547,1,"IOTHUB_CLIENT_CONFIRMATION_OK"
254,10815550844,10815551004,1,"IOTHUB_CLIENT_CONFIRMATION_OK"
255,10815551177,10815551216,1,"IOTHUB_CLIENT_CONFIRMATION_OK"
256,10815551511,10815551548,1,"IOTHUB_CLIENT_CONFIRMATION_OK"
257,10815551844,10815551885,1,"IOTHUB_CLIENT_CONFIRMATION_OK"
258,10815552177,10815552226,1,"IOTHUB_CLIENT_CONFIRMATION_OK"
259,10815552510,10815552554,1,"IOTHUB_CLIENT_CONFIRMATION_OK"
260,10815552843,10815552878,1,"IOTHUB_CLIENT_CONFIRMATION_OK"
261,10815553176,10815553215,1,"IOTHUB_CLIENT_CONFIRMATION_OK"
262,10815553509,10815553547,1,"IOTHUB_CLIENT_CONFIRMATION_OK"
263,10815553843,10815553882,1,"IOTHUB_CLIENT_CONFIRMATION_OK"
264,10815554176,10815554215,1,"IOTHUB_CLIENT_CONFIRMATION_OK"
265,10815554509,10815554572,1,"IOTHUB_CLIENT_CONFIRMATION_OK"
266,10815554842,10815554889,1,"IOTHUB_CLIENT_CONFIRMATION_OK"
267,10815555175,10815555272,1,"IOTHUB_CLIENT_CONFIRMATION_OK"
268,10815555508,10815555547,1,"IOTHUB_CLIENT_CONFIRMATION_OK"
269,10815555842,10815555888,1,"IOTHUB_CLIENT_CONFIRMATION_OK"
270,10815556175,10815556233,1,"IOTHUB_CLIENT_CONFIRMATION_OK"
271,10815556508,10815556544,1,"IOTHUB_CLIENT_CONFIRMATION_OK"
272,10815556841,10815556891,1,"IOTHUB_CLIENT_CONFIRMATION_OK"
273,10815557174,10815557211,1,"IOTHUB_CLIENT_CONFIRMATION_OK"
274,10815557507,10815557543,1,"IOTHUB_CLIENT_CONFIRMATION_OK"
275,10815557840,10815557938,1,"IOTHUB_CLIENT_CONFIRMATION_OK"
276,10815558174,10815558222,1,"IOTHUB_CLIENT_CONFIRMATION_OK"
277,10815558507,10815558541,1,"IOTHUB_CLIENT_CONFIRMATION_OK"
278,10815558840,10815558873,1,"IOTHUB_CLIENT_CONFIRMATION_OK"
279,10815559173,10815559210,1,"IOTHUB_CLIENT_CONFIRMATION_OK"
280,10815559506,10815559551,1,"IOTHUB_CLIENT_CONFIRMATION_OK"
281,10815559839,10815559884,1,"IOTHUB_CLIENT_CONFIRMATION_OK"
282,10815560173,10815560208,1,"IOTHUB_CLIENT_CONFIRMATION_OK"
283,10815560506,10815560547,1,"IOTHUB_CLIENT_CONFIRMATION_OK"
284,10815560839,10815560897,1,"IOTHUB_CLIENT_CONFIRMATION_OK"
285,10815561172,10815561224,1,"IOTHUB_CLIENT_CONFIRMATION_OK"
286,10815561505,10815561559,1,"IOTHUB_CLIENT_CONFIRMATION_OK"
287,10815561838,10815561882,1,"IOTHUB_CLIENT_CONFIRMATION_OK"
288,10815562172,10815562286,1,"IOTHUB_CLIENT_CONFIRMATION_OK"
289,10815562505,10815562541,1,"IOTHUB_CLIENT_CONFIRMATION_OK"
290,10815562838,10815562879,1,"IOTHUB_CLIENT_CONFIRMATION_OK"
291,10815563171,10815563207,1,"IOTHUB_CLIENT_CONFIRMATION_OK"
292,10815563504,10815563576,1,"IOTHUB_CLIENT_CONFIRMATION_OK"
293,10815563837,10815563911,1,"IOTHUB_CLIENT_CONFIRMATION_OK"
294,10815564170,10815564206,1,"IOTHUB_CLIENT_CONFIRMATION_OK"
295,10815564504,10815564539,1,"IOTHUB_CLIENT_CONFIRMATION_OK"
296,10815564837,10815564883,1,"IOTHUB_CLIENT_CONFIRMATION_OK"
297,10815565170,10815565209,1,"IOTHUB_CLIENT_CONFIRMATION_OK"
298,10815565503,10815565552,1,"IOTHUB_CLIENT_CONFIRMATION_OK"
299,10815565836,10815565884,1,"IOTHUB_CLIENT_CONFIRMATION_OK"
300,10815566169,10815566205,1,"IOTHUB_CLIENT_CONFIRMATION_OK"
301,10815566503,10815566537,1,"IOTHUB_CLIENT_CONFIRMATION_OK"
302,10815566836,10815566869,1,"IOTHUB_CLIENT_CONFIRMATION_OK"
303,10815567169,10815567225,1,"IOTHUB_CLIENT_CONFIRMATION_OK"
304,10815567502,10815567539,1,"IOTHUB_CLIENT_CONFIRMATION_OK"
305,10815567835,10815567898,1,"IOTHUB_CLIENT_CONFIRMATION_OK"
306,10815568168,10815568213,1,"IOTHUB_CLIENT_CONFIRMATION_OK"
307,10815568502,10815568545,1,"IOTHUB_CLIENT_CONFIRMATION_OK"
308,10815568835,10815568872,1,"IOTHUB_CLIENT_CONFIRMATION_OK"
309,10815569168,10815569201,1,"IOTHUB_CLIENT_CONFIRMATION_OK"
310,10815569501,10815569535,1,"IOTHUB_CLIENT_CONFIRMATION_OK"
311,10815569834,10815569873,1,"IOTHUB_CLIENT_CONFIRMATION_OK"
312,10815570167,10815570209,1,"IOTHUB_CLIENT_CONFIRMATION_OK"
313,10815570501,10815570536,1,"IOTHUB_CLIENT_CONFIRMATION_OK"
314,10815570834,10815570874,1,"IOTHUB_CLIENT_CONFIRMATION_OK"
315,10815571167,10815571203,1,"IOTHUB_CLIENT_CONFIRMATION_OK"
316,10815571500,10815571546,1,"IOTHUB_CLIENT_CONFIRMATION_OK"
317,10815571833,10815571878,1,"IOTHUB_CLIENT_CONFIRMATION_OK"
318,10815572166,10815572203,1,"IOTHUB_CLIENT_CONFIRMATION_OK"
319,10815572500,10815572551,1,"IOTHUB_CLIENT_CONFIRMATION_OK"
320,10815572833,10815572893,1,"IOTHUB_CLIENT_CONFIRMATION_OK"
321,10815573166,10815573204,1,"IOTHUB_CLIENT_CONFIRMATION_OK"
322,10815573499,10815573552,1,"IOTHUB_CLIENT_CONFIRMATION_OK"
323,10815573832,10815573869,1,"IOTHUB_CLIENT_CONFIRMATION_OK"
324,10815574165,10815574194,1,"IOTHUB_CLIENT_CONFIRMATION_OK"
325,10815574498,10815574547,1,"IOTHUB_CLIENT_CONFIRMATION_OK"
326,10815574832,10815574884,1,"IOTHUB_CLIENT_CONFIRMATION_OK"
327,10815575165,10815575203,1,"IOTHUB_CLIENT_CONFIRMATION_OK"
328,10815575498,10815575536,1,"IOTHUB_CLIENT_CONFIRMATION_OK"
329,10815575831,10815575949,1,"IOTHUB_CLIENT_CONFIRMATION_OK"
330,10815576164,10815576211,1,"IOTHUB_CLIENT_CONFIRMATION_OK"
331,10815576497,10815576533,1,"IOTHUB_CLIENT_CONFIRMATION_OK"
332,10815576831,10815576880,1,"IOTHUB_CLIENT_CONFIRMATION_OK"
333,10815577164,10815577205,1,"IOTHUB_CLIENT_CONFIRMATION_OK"
334,10815577497,10815577543,1,"IOTHUB_CLIENT_CONFIRMATION_OK"
335,10815577830,10815577865,1,"IOTHUB_CLIENT_CONFIRMATION_OK"
336,10815578163,10815578206,1,"IOTHUB_CLIENT_CONFIRMATION_OK"
337,10815578496,10815578588,1,"IOTHUB_CLIENT_CONFIRMATION_OK"
338,10815578830,10815578963,1,"IOTHUB_CLIENT_CONFIRMATION_OK"
339,10815579163,10815579199,1,"IOTHUB_CLIENT_CONFIRMATION_OK"
340,10815579496,10815579541,1,"IOTHUB_CLIENT_CONFIRMATION_OK"
341,10815579829,10815579871,1,"IOTHUB_CLIENT_CONFIRMATION_OK"
342,10815580162,10815580220,1,"IOTHUB_CLIENT_CONFIRMATION_OK"
343,10815580495,10815580534,1,"IOTHUB_CLIENT_CONFIRMATION_OK"
344,10815580828,10815580875,1,"IOTHUB_CLIENT_CONFIRMATION_OK"
345,10815581162,10815581196,1,"IOTHUB_CLIENT_CONFIRMATION_OK"
346,10815581495,10815581540,1,"IOTHUB_CLIENT_CONFIRMATION_OK"
347,10815581828,10815581863,1,"IOTHUB_CLIENT_CONFIRMATION_OK"
348,10815582161,10815582196,1,"IOTHUB_CLIENT_CONFIRMATION_OK"
349,10815582494,10815582533,1,"IOTHUB_CLIENT_CONFIRMATION_OK"
350,10815582827,10815582898,1,"IOTHUB_CLIENT_CONFIRMATION_OK"
351,10815583161,10815583208,1,"IOTHUB_CLIENT_CONFIRMATION_OK"
352,10815583494,10815583530,1,"IOTHUB_CLIENT_CONFIRMATION_OK"
353,10815583827,10815583863,1,"IOTHUB_CLIENT_CONFIRMATION_OK"
354,10815584160,10815584204,1,"IOTHUB_CLIENT_CONFIRMATION_OK"
355,10815584493,10815584528,1,"IOTHUB_CLIENT_CONFIRMATION_OK"
356,10815584826,10815584862,1,"IOTHUB_CLIENT_CONFIRMATION_OK"
357,10815585159,10815585194,1,"IOTHUB_CLIENT_CONFIRMATION_OK"
358,10815585493,10815585530,1,"IOTHUB_CLIENT_CONFIRMATION_OK"
359,10815585826,10815585863,1,"IOTHUB_CLIENT_CONFIRMATION_OK"
360,10815586159,10815586315,1,"IOTHUB_CLIENT_CONFIRMATION_OK"
361,10815586492,10815586532,1,"IOTHUB_CLIENT_CONFIRMATION_OK"
362,10815586825,10815586862,1,"IOTHUB_CLIENT_CONFIRMATION_OK"
363,10815587158,10815587193,1,"IOTHUB_CLIENT_CONFIRMATION_OK"
364,10815587491,10815587529,1,"IOTHUB_CLIENT_CONFIRMATION_OK"
365,10815587825,10815587864,1,"IOTHUB_CLIENT_CONFIRMATION_OK"
366,10815588158,10815588212,1,"IOTHUB_CLIENT_CONFIRMATION_OK"
367,10815588491,10815588538,1,"IOTHUB_CLIENT_CONFIRMATION_OK"
368,10815588824,10815588868,1,"IOTHUB_CLIENT_CONFIRMATION_OK"
369,10815589157,10815589195,1,"IOTHUB_CLIENT_CONFIRMATION_OK"
370,10815589490,10815589536,1,"IOTHUB_CLIENT_CONFIRMATION_OK"
371,10815589824,10815589862,1,"IOTHUB_CLIENT_CONFIRMATION_OK"
372,10815590157,10815590203,1,"IOTHUB_CLIENT_CONFIRMATION_OK"
373,10815590490,10815590599,1,"IOTHUB_CLIENT_CONFIRMATION_OK"
374,10815590823,10815590876,1,"IOTHUB_CLIENT_CONFIRMATION_OK"
375,10815591156,10815591193,1,"IOTHUB_CLIENT_CONFIRMATION_OK"
376,10815591489,10815591527,1,"IOTHUB_CLIENT_CONFIRMATION_OK"
377,10815591822,10815591871,1,"IOTHUB_CLIENT_CONFIRMATION_OK"
378,10815592156,10815592197,1,"IOTHUB_CLIENT_CONFIRMATION_OK"
379,10815592489,10815592534,1,"IOTHUB_CLIENT_CONFIRMATION_OK"
380,10815592822,10815592868,1,"IOTHUB_CLIENT_CONFIRMATION_OK"
381,10815593155,10815593190,1,"IOTHUB_CLIENT_CONFIRMATION_OK"
382,10815593488,10815593533,1,"IOTHUB_CLIENT_CONFIRMATION_OK"
383,10815593821,10815593860,1,"IOTHUB_CLIENT_CONFIRMATION_OK"
384,10815594155,10815594193,1,"IOTHUB_CLIENT_CONFIRMATION_OK"
385,10815594488,10815594522,1,"IOTHUB_CLIENT_CONFIRMATION_OK"
386,10815594821,10815594896,1,"IOTHUB_CLIENT_CONFIRMATION_OK"
387,10815595154,10815595195,1,"IOTHUB_CLIENT_CONFIRMATION_OK"
388,10815595487,10815595523,1,"IOTHUB_CLIENT_CONFIRMATION_OK"
389,10815595820,10815595854,1,"IOTHUB_CLIENT_CONFIRMATION_OK"
390,10815596154,10815596188,1,"IOTHUB_CLIENT_CONFIRMATION_OK"
391,10815596487,10815596542,1,"IOTHUB_CLIENT_CONFIRMATION_OK"
392,10815596820,10815596875,1,"IOTHUB_CLIENT_CONFIRMATION_OK"
393,10815597153,10815597189,1,"IOTHUB_CLIENT_CONFIRMATION_OK"
394,10815597486,10815597524,1,"IOTHUB_CLIENT_CONFIRMATION_OK"
395,10815597819,10815597862,1,"IOTHUB_CLIENT_CONFIRMATION_OK"
396,10815598153,10815598190,1,"IOTHUB_CLIENT_CONFIRMATION_OK"
397,10815598486,10815598521,1,"IOTHUB_CLIENT_CONFIRMATION_OK"
398,10815598819,10815598873,1,"IOTHUB_CLIENT_CONFIRMATION_OK"
399,10815599152,10815599200,1,"IOTHUB_CLIENT_CONFIRMATION_OK"
400,10815599485,10815599521,1,"IOTHUB_CLIENT_CONFIRMATION_OK"
401,10815599818,10815599863,1,"IOTHUB_CLIENT_CONFIRMATION_OK"
402,10815600152,10815600186,1,"IOTHUB_CLIENT_CONFIRMATION_OK"
403,10815600485,10815600541,1,"IOTHUB_CLIENT_CONFIRMATION_OK"
404,10815600818,10815601018,1,"IOTHUB_CLIENT_CONFIRMATION_OK"
405,10815601151,10815601190,1,"IOTHUB_CLIENT_CONFIRMATION_OK"
406,10815601484,10815601522,1,"IOTHUB_CLIENT_CONFIRMATION_OK"
407,10815601817,10815601874,1,"IOTHUB_CLIENT_CONFIRMATION_OK"
408,10815602150,10815602198,1,"IOTHUB_CLIENT_CONFIRMATION_OK"
409,10815602484,10815602536,1,"IOTHUB_CLIENT_CONFIRMATION_OK"
410,10815602817,10815602871,1,"IOTHUB_CLIENT_CONFIRMATION_OK"
411,10815603150,10815603187,1,"IOTHUB_CLIENT_CONFIRMATION_OK"
412,10815603483,10815603656,1,"IOTHUB_CLIENT_CONFIRMATION_OK"
413,10815603816,10815603854,1,"IOTHUB_CLIENT_CONFIRMATION_OK"
414,10815604149,10815604209,1,"IOTHUB_CLIENT_CONFIRMATION_OK"
415,10815604482,10815604529,1,"IOTHUB_CLIENT_CONFIRMATION_OK"
416,10815604816,10815604852,1,"IOTHUB_CLIENT_CONFIRMATION_OK"
417,10815605149,10815605300,1,"IOTHUB_CLIENT_CONFIRMATION_OK"
418,10815605482,10815605526,1,"IOTHUB_CLIENT_CONFIRMATION_OK"
419,10815605815,10815605858,1,"IOTHUB_CLIENT_CONFIRMATION_OK"
420,10815606148,10815606182,1,"IOTHUB_CLIENT_CONFIRMATION_OK"
421,10815606481,10815606517,1,"IOTHUB_CLIENT_CONFIRMATION_OK"
422,10815606815,10815606851,1,"IOTHUB_CLIENT_CONFIRMATION_OK"
423,10815607148,10815607205,1,"IOTHUB_CLIENT_CONFIRMATION_OK"
424,10815607481,10815607519,1,"IOTHUB_CLIENT_CONFIRMATION_OK"
425,10815607814,10815607858,1,"IOTHUB_CLIENT_CONFIRMATION_OK"
426,10815608147,10815608192,1,"IOTHUB_CLIENT_CONFIRMATION_OK"
427,10815608480,10815608517,1,"IOTHUB_CLIENT_CONFIRMATION_OK"
428,10815608814,10815608859,1,"IOTHUB_CLIENT_CONFIRMATION_OK"
429,10815609147,10815609193,1,"IOTHUB_CLIENT_CONFIRMATION_OK"
430,10815609480,10815609619,1,"IOTHUB_CLIENT_CONFIRMATION_OK"
431,10815609813,10815609857,1,"IOTHUB_CLIENT_CONFIRMATION_OK"
432,10815610146,10815610194,1,"IOTHUB_CLIENT_CONFIRMATION_OK"
433,10815610479,10815610537,1,"IOTHUB_CLIENT_CONFIRMATION_OK"
434,10815610812,10815610872,1,"IOTHUB_CLIENT_CONFIRMATION_OK"
435,10815611146,10815611353,1,"IOTHUB_CLIENT_CONFIRMATION_OK"
436,10815611479,10815611522,1,"IOTHUB_CLIENT_CONFIRMATION_OK"
437,10815611812,10815611846,1,"IOTHUB_CLIENT_CONFIRMATION_OK"
438,10815612145,10815612178,1,"IOTHUB_CLIENT_CONFIRMATION_OK"
439,10815612478,10815612536,1,"IOTHUB_CLIENT_CONFIRMATION_OK"
440,10815612811,10815612849,1,"IOTHUB_CLIENT_CONFIRMATION_OK"
441,10815613145,10815613180,1,"IOTHUB_CLIENT_CONFIRMATION_OK"
442,10815613478,10815613520,1,"IOTHUB_CLIENT_CONFIRMATION_OK"
443,10815613811,10815613855,1,"IOTHUB_CLIENT_CONFIRMATION_OK"
444,10815614144,10815614180,1,"IOTHUB_CLIENT_CONFIRMATION_OK"
445,10815614477,10815614539,1,"IOTHUB_CLIENT_CONFIRMATION_OK"
446,10815614810,10815614869,1,"IOTHUB_CLIENT_CONFIRMATION_OK"
447,10815615143,10815615203,1,"IOTHUB_CLIENT_CONFIRMATION_OK"
448,10815615477,10815615651,1,"IOTHUB_CLIENT_CONFIRMATION_OK"
449,10815615810,10815615852,1,"IOTHUB_CLIENT_CONFIRMATION_OK"
450,10815616143,10815616179,1,"IOTHUB_CLIENT_CONFIRMATION_OK"
451,10815616476,10815616514,1,"IOTHUB_CLIENT_CONFIRMATION_OK"
452,10815616809,10815616845,1,"IOTHUB_CLIENT_CONFIRMATION_OK"
453,10815617142,10815617177,1,"IOTHUB_CLIENT_CONFIRMATION_OK"
454,10815617476,10815617518,1,"IOTHUB_CLIENT_CONFIRMATION_OK"
455,10815617809,10815617844,1,"IOTHUB_CLIENT_CONFIRMATION_OK"
456,10815618142,10815618190,1,"IOTHUB_CLIENT_CONFIRMATION_OK"
457,10815618475,10815618512,1,"IOTHUB_CLIENT_CONFIRMATION_OK"
458,10815618808,10815618843,1,"IOTHUB_CLIENT_CONFIRMATION_OK"
459,10815619141,10815619190,1,"IOTHUB_CLIENT_CONFIRMATION_OK"
460,10815619474,10815619521,1,"IOTHUB_CLIENT_CONFIRMATION_OK"
461,10815619808,10815619851,1,"IOTHUB_CLIENT_CONFIRMATION_OK"
462,10815620141,10815620176,1,"IOTHUB_CLIENT_CONFIRMATION_OK"
463,10815620474,10815620510,1,"IOTHUB_CLIENT_CONFIRMATION_OK"
464,10815620807,10815620846,1,"IOTHUB_CLIENT_CONFIRMATION_OK"
465,10815621140,10815621188,1,"IOTHUB_CLIENT_CONFIRMATION_OK"
466,10815621473,10815621509,1,"IOTHUB_CLIENT_CONFIRMATION_OK"
467,10815621807,10815621843,1,"IOTHUB_CLIENT_CONFIRMATION_OK"
468,10815622140,10815622174,1,"IOTHUB_CLIENT_CONFIRMATION_OK"
469,10815622473,10815622515,1,"IOTHUB_CLIENT_CONFIRMATION_OK"
470,10815622806,10815622842,1,"IOTHUB_CLIENT_CONFIRMATION_OK"
471,10815623139,10815623178,1,"IOTHUB_CLIENT_CONFIRMATION_OK"
472,10815623472,10815623508,1,"IOTHUB_CLIENT_CONFIRMATION_OK"
473,10815623805,10815623847,1,"IOTHUB_CLIENT_CONFIRMATION_OK"
474,10815624139,10815624186,1,"IOTHUB_CLIENT_CONFIRMATION_OK"
475,10815624472,10815624507,1,"IOTHUB_CLIENT_CONFIRMATION_OK"
476,10815624805,10815624843,1,"IOTHUB_CLIENT_CONFIRMATION_OK"
477,10815625138,10815625173,1,"IOTHUB_CLIENT_CONFIRMATION_OK"
478,10815625471,10815625509,1,"IOTHUB_CLIENT_CONFIRMATION_OK"
479,10815625804,10815625890,1,"IOTHUB_CLIENT_CONFIRMATION_OK"
480,10815626138,10815626176,1,"IOTHUB_CLIENT_CONFIRMATION_OK"
481,10815626471,10815626519,1,"IOTHUB_CLIENT_CONFIRMATION_OK"
482,10815626804,10815626841,1,"IOTHUB_CLIENT_CONFIRMATION_OK"
483,10815627137,10815627192,1,"IOTHUB_CLIENT_CONFIRMATION_OK"
484,10815627470,10815627508,1,"IOTHUB_CLIENT_CONFIRMATION_OK"
485,10815627803,10815627843,1,"IOTHUB_CLIENT_CONFIRMATION_OK"
486,10815628136,10815628184,1,"IOTHUB_CLIENT_CONFIRMATION_OK"
487,10815628470,10815628523,1,"IOTHUB_CLIENT_CONFIRMATION_OK"
488,10815628803,10815628839,1,"IOTHUB_CLIENT_CONFIRMATION_OK"
489,10815629136,10815629175,1,"IOTHUB_CLIENT_CONFIRMATION_OK"
490,10815629469,10815629505,1,"IOTHUB_CLIENT_CONFIRMATION_OK"
491,10815629802,10815629842,1,"IOTHUB_CLIENT_CONFIRMATION_OK"
492,10815630135,10815630181,1,"IOTHUB_CLIENT_CONFIRMATION_OK"
493,10815630469,10815630505,1,"IOTHUB_CLIENT_CONFIRMATION_OK"
494,10815630802,10815630841,1,"IOTHUB_CLIENT_CONFIRMATION_OK"
495,10815631135,10815631170,1,"IOTHUB_CLIENT_CONFIRMATION_OK"
496,10815631468,10815631504,1,"IOTHUB_CLIENT_CONFIRMATION_OK"
497,10815631801,10815631849,1,"IOTHUB_CLIENT_CONFIRMATION_OK"
498,10815632134,10815632172,1,"IOTHUB_CLIENT_CONFIRMATION_OK"
499,10815632467,10815632570,1,"IOTHUB_CLIENT_CONFIRMATION_OK"
500,10815632801,10815632838,1,"IOTHUB_CLIENT_CONFIRMATION_OK"
501,10815633134,10815633169,1,"IOTHUB_CLIENT_CONFIRMATION_OK"
502,10815633467,10815633503,1,"IOTHUB_CLIENT_CONFIRMATION_OK"
503,10815633800,10815634046,1,"IOTHUB_CLIENT_CONFIRMATION_OK"
504,10815634133,10815634181,1,"IOTHUB_CLIENT_CONFIRMATION_OK"
505,10815634466,10815634509,1,"IOTHUB_CLIENT_CONFIRMATION_OK"
506,10815634800,10815634843,1,"IOTHUB_CLIENT_CONFIRMATION_OK"
507,10815635133,10815635173,1,"IOTHUB_CLIENT_CONFIRMATION_OK"
508,10815635466,10815635508,1,"IOTHUB_CLIENT_CONFIRMATION_OK"
509,10815635799,10815635835,1,"IOTHUB_CLIENT_CONFIRMATION_OK"
510,10815636132,10815636188,1,"IOTHUB_CLIENT_CONFIRMATION_OK"
511,10815636465,10815636512,1,"IOTHUB_CLIENT_CONFIRMATION_OK"
512,10815636799,10815636860,1,"IOTHUB_CLIENT_CONFIRMATION_OK"
513,10815637132,10815637190,1,"IOTHUB_CLIENT_CONFIRMATION_OK"
514,10815637465,10815637504,1,"IOTHUB_CLIENT_CONFIRMATION_OK"
515,10815637798,10815637833,1,"IOTHUB_CLIENT_CONFIRMATION_OK"
516,10815638131,10815638176,1,"IOTHUB_CLIENT_CONFIRMATION_OK"
517,10815638464,10815638502,1,"IOTHUB_CLIENT_CONFIRMATION_OK"
518,10815638798,10815638836,1,"IOTHUB_CLIENT_CONFIRMATION_OK"
519,10815639131,10815639169,1,"IOTHUB_CLIENT_CONFIRMATION_OK"
520,10815639464,10815639533,1,"IOTHUB_CLIENT_CONFIRMATION_OK"
521,10815639797,10815639847,1,"IOTHUB_CLIENT_CONFIRMATION_OK"
522,10815640130,10815640168,1,"IOTHUB_CLIENT_CONFIRMATION_OK"
523,10815640463,10815640523,1,"IOTHUB_CLIENT_CONFIRMATION_OK"
524,10815640796,10815640833,1,"IOTHUB_CLIENT_CONFIRMATION_OK"
525,10815641130,10815641166,1,"IOTHUB_CLIENT_CONFIRMATION_OK"
526,10815641463,10815641499,1,"IOTHUB_CLIENT_CONFIRMATION_OK"
527,10815641796,10815641845,1,"IOTHUB_CLIENT_CONFIRMATION_OK"
528,10815642129,10815642167,1,"IOTHUB_CLIENT_CONFIRMATION_OK"
529,10815642462,10815642500,1,"IOTHUB_CLIENT_CONFIRMATION_OK"
530,10815642795,10815642831,1,"IOTHUB_CLIENT_CONFIRMATION_OK"
531,10815643129,10815643224,1,"IOTHUB_CLIENT_CONFIRMATION_OK"
532,10815643462,10815643507,1,"IOTHUB_CLIENT_CONFIRMATION_OK"
533,10815643795,10815643850,1,"IOTHUB_CLIENT_CONFIRMATION_OK"
534,10815644128,10815644163,1,"IOTHUB_CLIENT_CONFIRMATION_OK"
535,10815644461,10815644499,1,"IOTHUB_CLIENT_CONFIRMATION_OK"
536,10815644794,10815644849,1,"IOTHUB_CLIENT_CONFIRMATION_OK"
537,10815645128,10815645176,1,"IOTHUB_CLIENT_CONFIRMATION_OK"
538,10815645461,10815645633,1,"IOTHUB_CLIENT_CONFIRMATION_OK"
539,10815645794,10815645851,1,"IOTHUB_CLIENT_CONFIRMATION_OK"
540,10815646127,10815646164,1,"IOTHUB_CLIENT_CONFIRMATION_OK"
541,10815646460,10815646504,1,"IOTHUB_CLIENT_CONFIRMATION_OK"
542,10815646793,10815646840,1,"IOTHUB_CLIENT_CONFIRMATION_OK"
543,10815647127,10815647162,1,"IOTHUB_CLIENT_CONFIRMATION_OK"
544,10815647460,10815647501,1,"IOTHUB_CLIENT_CONFIRMATION_OK"
545,10815647793,10815647828,1,"IOTHUB_CLIENT_CONFIRMATION_OK"
546,10815648126,10815648185,1,"IOTHUB_CLIENT_CONFIRMATION_OK"
547,10815648459,10815648495,1,"IOTHUB_CLIENT_CONFIRMATION_OK"
548,10815648792,10815648838,1,"IOTHUB_CLIENT_CONFIRMATION_OK"
549,10815649126,10815649164,1,"IOTHUB_CLIENT_CONFIRMATION_OK"
550,10815649459,10815649500,1,"IOTHUB_CLIENT_CONFIRMATION_OK"
551,10815649792,10815649834,1,"IOTHUB_CLIENT_CONFIRMATION_OK"
552,10815650125,10815650162,1,"IOTHUB_CLIENT_CONFIRMATION_OK"
553,10815650458,10815650504,1,"IOTHUB_CLIENT_CONFIRMATION_OK"
554,10815650791,10815650920,1,"IOTHUB_CLIENT_CONFIRMATION_OK"
555,10815651125,10815651160,1,"IOTHUB_CLIENT_CONFIRMATION_OK"
556,10815651458,10815651492,1,"IOTHUB_CLIENT_CONFIRMATION_OK"
557,10815651791,10815651830,1,"IOTHUB_CLIENT_CONFIRMATION_OK"
558,10815652124,10815652165,1,"IOTHUB_CLIENT_CONFIRMATION_OK"
559,10815652457,10815652492,1,"IOTHUB_CLIENT_CONFIRMATION_OK"
560,10815652790,10815652838,1,"IOTHUB_CLIENT_CONFIRMATION_OK"
561,10815653124,10815653162,1,"IOTHUB_CLIENT_CONFIRMATION_OK"
562,10815653457,10815653496,1,"IOTHUB_CLIENT_CONFIRMATION_OK"
563,10815653790,10815653826,1,"IOTHUB_CLIENT_CONFIRMATION_OK"
564,10815654123,10815654160,1,"IOTHUB_CLIENT_CONFIRMATION_OK"
565,10815654456,10815654502,1,"IOTHUB_CLIENT_CONFIRMATION_OK"
566,10815654789,10815654827,1,"IOTHUB_CLIENT_CONFIRMATION_OK"
567,10815655123,10815655238,1,"IOTHUB_CLIENT_CONFIRMATION_OK"
568,10815655456,10815655491,1,"IOTHUB_CLIENT_CONFIRMATION_OK"
569,10815655789,10815655825,1,"IOTHUB_CLIENT_CONFIRMATION_OK"
570,10815656122,10815656164,1,"IOTHUB_CLIENT_CONFIRMATION_OK"
571,10815656455,10815656491,1,"IOTHUB_CLIENT_CONFIRMATION_OK"
572,10815656788,10815656833,1,"IOTHUB_CLIENT_CONFIRMATION_OK"
573,10815657121,10815657168,1,"IOTHUB_CLIENT_CONFIRMATION_OK"
574,10815657455,10815657492,1,"IOTHUB_CLIENT_CONFIRMATION_OK"
575,10815657788,10815657824,1,"IOTHUB_CLIENT_CONFIRMATION_OK"
576,10815658121,10815658156,1,"IOTHUB_CLIENT_CONFIRMATION_OK"
577,10815658454,10815658489,1,"IOTHUB_CLIENT_CONFIRMATION_OK"
578,10815658787,10815658824,1,"IOTHUB_CLIENT_CONFIRMATION_OK"
579,10815659120,10815659170,1,"IOTHUB_CLIENT_CONFIRMATION_OK"
580,10815659453,10815659520,1,"IOTHUB_CLIENT_CONFIRMATION_OK"
581,10815659787,10815659823,1,"IOTHUB_CLIENT_CONFIRMATION_OK"
582,10815660120,10815660157,1,"IOTHUB_CLIENT_CONFIRMATION_OK"
583,10815660453,10815660490,1,"IOTHUB_CLIENT_CONFIRMATION_OK"
584,10815660786,10815660834,1,"IOTHUB_CLIENT_CONFIRMATION_OK"
585,10815661119,10815661158,1,"IOTHUB_CLIENT_CONFIRMATION_OK"
586,10815661452,10815661491,1,"IOTHUB_CLIENT_CONFIRMATION_OK"
587,10815661786,10815661821,1,"IOTHUB_CLIENT_CONFIRMATION_OK"
588,10815662119,10815662169,1,"IOTHUB_CLIENT_CONFIRMATION_OK"
589,10815662452,10815662491,1,"IOTHUB_CLIENT_CONFIRMATION_OK"
590,10815662785,10815662823,1,"IOTHUB_CLIENT_CONFIRMATION_OK"
591,10815663118,10815663167,1,"IOTHUB_CLIENT_CONFIRMATION_OK"
592,10815663451,10815663491,1,"IOTHUB_CLIENT_CONFIRMATION_OK"
593,10815663784,10815663825,1,"IOTHUB_CLIENT_CONFIRMATION_OK"
594,10815664118,10815664154,1,"IOTHUB_CLIENT_CONFIRMATION_OK"
595,10815664451,10815664488,1,"IOTHUB_CLIENT_CONFIRMATION_OK"
596,10815664784,10815664822,1,"IOTHUB_CLIENT_CONFIRMATION_OK"
597,10815665117,10815665154,1,"IOTHUB_CLIENT_CONFIRMATION_OK"
598,10815665450,10815665498,1,"IOTHUB_CLIENT_CONFIRMATION_OK"
599,10815665783,10815665826,1,"IOTHUB_CLIENT_CONFIRMATION_OK"
600,10815666117,10815666153,1,"IOTHUB_CLIENT_CONFIRMATION_OK"
601,10815666450,10815666488,1,"IOTHUB_CLIENT_CONFIRMATION_OK"
602,10815666783,10815666935,1,"IOTHUB_CLIENT_CONFIRMATION_OK"
603,10815667116,10815667154,1,"IOTHUB_CLIENT_CONFIRMATION_OK"
604,10815667449,10815667490,1,"IOTHUB_CLIENT_CONFIRMATION_OK"
605,10815667782,10815667880,1,"IOTHUB_CLIENT_CONFIRMATION_OK"
606,10815668115,10815668167,1,"IOTHUB_CLIENT_CONFIRMATION_OK"
607,10815668449,10815668488,1,"IOTHUB_CLIENT_CONFIRMATION_OK"
608,10815668782,10815668821,1,"IOTHUB_CLIENT_CONFIRMATION_OK"
609,10815669115,10815669152,1,"IOTHUB_CLIENT_CONFIRMATION_OK"
610,10815669448,10815669495,1,"IOTHUB_CLIENT_CONFIRMATION_OK"
611,10815669781,10815669844,1,"IOTHUB_CLIENT_CONFIRMATION_OK"
612,10815670114,10815670152,1,"IOTHUB_CLIENT_CONFIRMATION_OK"
613,10815670448,10815670504,1,"IOTHUB_CLIENT_CONFIRMATION_OK"
614,10815670781,10815670825,1,"IOTHUB_CLIENT_CONFIRMATION_OK"
615,10815671114,10815671156,1,"IOTHUB_CLIENT_CONFIRMATION_OK"
616,10815671447,10815671501,1,"IOTHUB_CLIENT_CONFIRMATION_OK"
617,10815671780,10815671837,1,"IOTHUB_CLIENT_CONFIRMATION_OK"
618,10815672113,10815672151,1,"IOTHUB_CLIENT_CONFIRMATION_OK"
619,10815672446,10815672491,1,"IOTHUB_CLIENT_CONFIRMATION_OK"
620,10815672780,10815672817,1,"IOTHUB_CLIENT_CONFIRMATION_OK"
621,10815673113,10815673150,1,"IOTHUB_CLIENT_CONFIRMATION_OK"
622,10815673446,10815673485,1,"IOTHUB_CLIENT_CONFIRMATION_OK"
623,10815673779,10815673816,1,"IOTHUB_CLIENT_CONFIRMATION_OK"
624,10815674112,10815674158,1,"IOTHUB_CLIENT_CONFIRMATION_OK"
625,10815674445,10815674486,1,"IOTHUB_CLIENT_CONFIRMATION_OK"
626,10815674779,10815674819,1,"IOTHUB_CLIENT_CONFIRMATION_OK"
627,10815675112,10815675151,1,"IOTHUB_CLIENT_CONFIRMATION_OK"
628,10815675445,10815675483,1,"IOTHUB_CLIENT_CONFIRMATION_OK"
629,10815675778,10815675924,1,"IOTHUB_CLIENT_CONFIRMATION_OK"
630,10815676111,10815676171,1,"IOTHUB_CLIENT_CONFIRMATION_OK"
631,10815676444,10815676480,1,"IOTHUB_CLIENT_CONFIRMATION_OK"
632,10815676778,10815676820,1,"IOTHUB_CLIENT_CONFIRMATION_OK"
633,10815677111,10815677158,1,"IOTHUB_CLIENT_CONFIRMATION_OK"
634,10815677444,10815677484,1,"IOTHUB_CLIENT_CONFIRMATION_OK"
635,10815677777,10815677829,1,"IOTHUB_CLIENT_CONFIRMATION_OK"
636,10815678110,10815678149,1,"IOTHUB_CLIENT_CONFIRMATION_OK"
637,10815678443,10815678490,1,"IOTHUB_CLIENT_CONFIRMATION_OK"
638,10815678776,10815678813,1,"IOTHUB_CLIENT_CONFIRMATION_OK"
639,10815679110,10815679155,1,"IOTHUB_CLIENT_CONFIRMATION_OK"
640,10815679443,10815679480,1,"IOTHUB_CLIENT_CONFIRMATION_OK"
641,10815679776,10815679812,1,"IOTHUB_CLIENT_CONFIRMATION_OK"
642,10815680109,10815680260,1,"IOTHUB_CLIENT_CONFIRMATION_OK"
643,10815680442,10815680477,1,"IOTHUB_CLIENT_CONFIRMATION_OK"
644,10815680775,10815680813,1,"IOTHUB_CLIENT_CONFIRMATION_OK"
645,10815681108,10815681154,1,"IOTHUB_CLIENT_CONFIRMATION_OK"
646,10815681442,10815681478,1,"IOTHUB_CLIENT_CONFIRMATION_OK"
647,10815681775,10815681813,1,"IOTHUB_CLIENT_CONFIRMATION_OK"
648,10815682108,10815682168,1,"IOTHUB_CLIENT_CONFIRMATION_OK"
649,10815682441,10815682478,1,"IOTHUB_CLIENT_CONFIRMATION_OK"
650,10815682774,10815682814,1,"IOTHUB_CLIENT_CONFIRMATION_OK"
651,10815683107,10815683143,1,"IOTHUB_CLIENT_CONFIRMATION_OK"
652,10815683441,10815683476,1,"IOTHUB_CLIENT_CONFIRMATION_OK"
653,10815683774,10815683810,1,"IOTHUB_CLIENT_CONFIRMATION_OK"
654,10815684107,10815684144,1,"IOTHUB_CLIENT_CONFIRMATION_OK"
655,10815684440,10815684538,1,"IOTHUB_CLIENT_CONFIRMATION_OK"
656,10815684773,10815684832,1,"IOTHUB_CLIENT_CONFIRMATION_OK"
657,10815685106,10815685153,1,"IOTHUB_CLIENT_CONFIRMATION_OK"
658,10815685440,10815685476,1,"IOTHUB_CLIENT_CONFIRMATION_OK"
659,10815685773,10815685827,1,"IOTHUB_CLIENT_CONFIRMATION_OK"
660,10815686106,10815686140,1,"IOTHUB_CLIENT_CONFIRMATION_OK"
661,10815686439,10815686487,1,"IOTHUB_CLIENT_CONFIRMATION_OK"
662,10815686772,10815686811,1,"IOTHUB_CLIENT_CONFIRMATION_OK"
663,10815687105,10815687166,1,"IOTHUB_CLIENT_CONFIRMATION_OK"
664,10815687438,10815687480,1,"IOTHUB_CLIENT_CONFIRMATION_OK"
665,10815687772,10815687809,1,"IOTHUB_CLIENT_CONFIRMATION_OK"
666,10815688105,10815688143,1,"IOTHUB_CLIENT_CONFIRMATION_OK"
667,10815688438,10815688482,1,"IOTHUB_CLIENT_CONFIRMATION_OK"
668,10815688771,10815688825,1,"IOTHUB_CLIENT_CONFIRMATION_OK"
669,10815689104,10815689143,1,"IOTHUB_CLIENT_CONFIRMATION_OK"
670,10815689437,10815689499,1,"IOTHUB_CLIENT_CONFIRMATION_OK"
671,10815689771,10815689832,1,"IOTHUB_CLIENT_CONFIRMATION_OK"
672,10815690104,10815690153,1,"IOTHUB_CLIENT_CONFIRMATION_OK"
673,10815690437,10815690488,1,"IOTHUB_CLIENT_CONFIRMATION_OK"
674,10815690770,10815690806,1,"IOTHUB_CLIENT_CONFIRMATION_OK"
675,10815691103,10815691160,1,"IOTHUB_CLIENT_CONFIRMATION_OK"
676,10815691436,10815691474,1,"IOTHUB_CLIENT_CONFIRMATION_OK"
677,10815691769,10815691805,1,"IOTHUB_CLIENT_CONFIRMATION_OK"
678,10815692103,10815692158,1,"IOTHUB_CLIENT_CONFIRMATION_OK"
679,10815692436,10815692473,1,"IOTHUB_CLIENT_CONFIRMATION_OK"
680,10815692769,10815692836,1,"IOTHUB_CLIENT_CONFIRMATION_OK"
681,10815693102,10815693165,1,"IOTHUB_CLIENT_CONFIRMATION_OK"
682,10815693435,10815693471,1,"IOTHUB_CLIENT_CONFIRMATION_OK"
683,10815693768,10815693826,1,"IOTHUB_CLIENT_CONFIRMATION_OK"
684,10815694102,10815694138,1,"IOTHUB_CLIENT_CONFIRMATION_OK"
685,10815694435,10815694471,1,"IOTHUB_CLIENT_CONFIRMATION_OK"
686,10815694768,10815694830,1,"IOTHUB_CLIENT_CONFIRMATION_OK"
687,10815695101,10815695141,1,"IOTHUB_CLIENT_CONFIRMATION_OK"
688,10815695434,10815695482,1,"IOTHUB_CLIENT_CONFIRMATION_OK"
689,10815695767,10815695804,1,"IOTHUB_CLIENT_CONFIRMATION_OK"
690,10815696101,10815696147,1,"IOTHUB_CLIENT_CONFIRMATION_OK"
691,10815696434,10815696473,1,"IOTHUB_CLIENT_CONFIRMATION_OK"
692,10815696767,10815696833,1,"IOTHUB_CLIENT_CONFIRMATION_OK"
693,10815697100,10815697212,1,"IOTHUB_CLIENT_CONFIRMATION_OK"
694,10815697433,10815697485,1,"IOTHUB_CLIENT_CONFIRMATION_OK"
695,10815697766,10815697812,1,"IOTHUB_CLIENT_CONFIRMATION_OK"
696,10815698100,10815698139,1,"IOTHUB_CLIENT_CONFIRMATION_OK"
697,10815698433,10815698470,1,"IOTHUB_CLIENT_CONFIRMATION_OK"
698,10815698766,10815698815,1,"IOTHUB_CLIENT_CONFIRMATION_OK"
699,10815699099,10815699146,1,"IOTHUB_CLIENT_CONFIRMATION_OK"
700,10815699432,10815699469,1,"IOTHUB_CLIENT_CONFIRMATION_OK"
701,10815699765,10815699804,1,"IOTHUB_CLIENT_CONFIRMATION_OK"
702,10815700098,10815700137,1,"IOTHUB_CLIENT_CONFIRMATION_OK"
703,10815700432,10815700467,1,"IOTHUB_CLIENT_CONFIRMATION_OK"
704,10815700765,10815700950,1,"IOTHUB_CLIENT_CONFIRMATION_OK"
705,10815701098,10815701135,1,"IOTHUB_CLIENT_CONFIRMATION_OK"
706,10815701431,10815701948,1,"IOTHUB_CLIENT_CONFIRMATION_OK"
707,10815701764,10815702167,1,"IOTHUB_CLIENT_CONFIRMATION_OK"
708,10815702097,10815702184,1,"IOTHUB_CLIENT_CONFIRMATION_OK"
709,10815702431,10815702468,1,"IOTHUB_CLIENT_CONFIRMATION_OK"
710,10815702764,10815702801,1,"IOTHUB_CLIENT_CONFIRMATION_OK"
711,10815703097,10815703133,1,"IOTHUB_CLIENT_CONFIRMATION_OK"
712,10815703430,10815703479,1,"IOTHUB_CLIENT_CONFIRMATION_OK"
713,10815703763,10815703824,1,"IOTHUB_CLIENT_CONFIRMATION_OK"
714,10815704096,10815704132,1,"IOTHUB_CLIENT_CONFIRMATION_OK"
715,10815704429,10815704467,1,"IOTHUB_CLIENT_CONFIRMATION_OK"
716,10815704763,10815704800,1,"IOTHUB_CLIENT_CONFIRMATION_OK"
717,10815705096,10815705238,1,"IOTHUB_CLIENT_CONFIRMATION_OK"
718,10815705429,10815705468,1,"IOTHUB_CLIENT_CONFIRMATION_OK"
719,10815705762,10815705799,1,"IOTHUB_CLIENT_CONFIRMATION_OK"
720,10815706095,10815706131,1,"IOTHUB_CLIENT_CONFIRMATION_OK"
721,10815706428,10815706552,1,"IOTHUB_CLIENT_CONFIRMATION_OK"
722,10815706762,10815706801,1,"IOTHUB_CLIENT_CONFIRMATION_OK"
723,10815707095,10815707130,1,"IOTHUB_CLIENT_CONFIRMATION_OK"
724,10815707428,10815707469,1,"IOTHUB_CLIENT_CONFIRMATION_OK"
725,10815707761,10815707853,1,"IOTHUB_CLIENT_CONFIRMATION_OK"
726,10815708094,10815708143,1,"IOTHUB_CLIENT_CONFIRMATION_OK"
727,10815708427,10815708462,1,"IOTHUB_CLIENT_CONFIRMATION_OK"
728,10815708760,10815708799,1,"IOTHUB_CLIENT_CONFIRMATION_OK"
729,10815709094,10815709131,1,"IOTHUB_CLIENT_CONFIRMATION_OK"
730,10815709427,10815709491,1,"IOTHUB_CLIENT_CONFIRMATION_OK"
731,10815709760,10815709808,1,"IOTHUB_CLIENT_CONFIRMATION_OK"
732,10815710093,10815710133,1,"IOTHUB_CLIENT_CONFIRMATION_OK"
733,10815710426,10815710468,1,"IOTHUB_CLIENT_CONFIRMATION_OK"
734,10815710759,10815710804,1,"IOTHUB_CLIENT_CONFIRMATION_OK"
735,10815711093,10815711133,1,"IOTHUB_CLIENT_CONFIRMATION_OK"
736,10815711426,10815711463,1,"IOTHUB_CLIENT_CONFIRMATION_OK"
737,10815711759,10815711796,1,"IOTHUB_CLIENT_CONFIRMATION_OK"
738,10815712092,10815712126,1,"IOTHUB_CLIENT_CONFIRMATION_OK"
739,10815712425,10815712464,1,"IOTHUB_CLIENT_CONFIRMATION_OK"
740,10815712758,10815712805,1,"IOTHUB_CLIENT_CONFIRMATION_OK"
741,10815713092,10815713135,1,"IOTHUB_CLIENT_CONFIRMATION_OK"
742,10815713425,10815713460,1,"IOTHUB_CLIENT_CONFIRMATION_OK"
743,10815713758,10815713795,1,"IOTHUB_CLIENT_CONFIRMATION_OK"
744,10815714091,10815714132,1,"IOTHUB_CLIENT_CONFIRMATION_OK"
745,10815714424,10815714453,1,"IOTHUB_CLIENT_CONFIRMATION_OK"
746,10815714757,10815714797,1,"IOTHUB_CLIENT_CONFIRMATION_OK"
747,10815715090,10815715139,1,"IOTHUB_CLIENT_CONFIRMATION_OK"
748,10815715424,10815715473,1,"IOTHUB_CLIENT_CONFIRMATION_OK"
749,10815715757,10815715794,1,"IOTHUB_CLIENT_CONFIRMATION_OK"
750,10815716090,10815716139,1,"IOTHUB_CLIENT_CONFIRMATION_OK"
751,10815716423,10815716459,1,"IOTHUB_CLIENT_CONFIRMATION_OK"
752,10815716756,10815716793,1,"IOTHUB_CLIENT_CONFIRMATION_OK"
753,10815717089,10815717142,1,"IOTHUB_CLIENT_CONFIRMATION_OK"
754,10815717423,10815717472,1,"IOTHUB_CLIENT_CONFIRMATION_OK"
755,10815717756,10815717795,1,"IOTHUB_CLIENT_CONFIRMATION_OK"
756,10815718089,10815718127,1,"IOTHUB_CLIENT_CONFIRMATION_OK"
757,10815718422,10815718466,1,"IOTHUB_CLIENT_CONFIRMATION_OK"
758,10815718755,10815718793,1,"IOTHUB_CLIENT_CONFIRMATION_OK"
759,10815719088,10815719128,1,"IOTHUB_CLIENT_CONFIRMATION_OK"
760,10815719421,10815719459,1,"IOTHUB_CLIENT_CONFIRMATION_OK"
761,10815719755,10815719792,1,"IOTHUB_CLIENT_CONFIRMATION_OK"
762,10815720088,10815720140,1,"IOTHUB_CLIENT_CONFIRMATION_OK"
763,10815720421,10815720460,1,"IOTHUB_CLIENT_CONFIRMATION_OK"
764,10815720754,10815720801,1,"IOTHUB_CLIENT_CONFIRMATION_OK"
765,10815721087,10815721135,1,"IOTHUB_CLIENT_CONFIRMATION_OK"
766,10815721420,10815721457,1,"IOTHUB_CLIENT_CONFIRMATION_OK"
767,10815721754,10815721792,1,"IOTHUB_CLIENT_CONFIRMATION_OK"
768,10815722087,10815722135,1,"IOTHUB_CLIENT_CONFIRMATION_OK"
769,10815722420,10815722457,1,"IOTHUB_CLIENT_CONFIRMATION_OK"
770,10815722753,10815722805,1,"IOTHUB_CLIENT_CONFIRMATION_OK"
771,10815723086,10815723134,1,"IOTHUB_CLIENT_CONFIRMATION_OK"
772,10815723419,10815723456,1,"IOTHUB_CLIENT_CONFIRMATION_OK"
773,10815723753,10815723837,1,"IOTHUB_CLIENT_CONFIRMATION_OK"
774,10815724086,10815724192,1,"IOTHUB_CLIENT_CONFIRMATION_OK"
775,10815724419,10815724501,1,"IOTHUB_CLIENT_CONFIRMATION_OK"
776,10815724752,10815724788,1,"IOTHUB_CLIENT_CONFIRMATION_OK"
777,10815725085,10815725178,1,"IOTHUB_CLIENT_CONFIRMATION_OK"
778,10815725418,10815725475,1,"IOTHUB_CLIENT_CONFIRMATION_OK"
779,10815725752,10815725784,1,"IOTHUB_CLIENT_CONFIRMATION_OK"
780,10815726085,10815726120,1,"IOTHUB_CLIENT_CONFIRMATION_OK"
781,10815726418,10815726469,1,"IOTHUB_CLIENT_CONFIRMATION_OK"
782,10815726751,10815726788,1,"IOTHUB_CLIENT_CONFIRMATION_OK"
783,10815727084,10815727132,1,"IOTHUB_CLIENT_CONFIRMATION_OK"
784,10815727417,10815727455,1,"IOTHUB_CLIENT_CONFIRMATION_OK"
785,10815727751,10815727797,1,"IOTHUB_CLIENT_CONFIRMATION_OK"
786,10815728084,10815728122,1,"IOTHUB_CLIENT_CONFIRMATION_OK"
787,10815728417,10815728457,1,"IOTHUB_CLIENT_CONFIRMATION_OK"
788,10815728750,10815728797,1,"IOTHUB_CLIENT_CONFIRMATION_OK"
789,10815729083,10815729133,1,"IOTHUB_CLIENT_CONFIRMATION_OK"
790,10815729416,10815729452,1,"IOTHUB_CLIENT_CONFIRMATION_OK"
791,10815729749,10815729788,1,"IOTHUB_CLIENT_CONFIRMATION_OK"
792,10815730083,10815730132,1,"IOTHUB_CLIENT_CONFIRMATION_OK"
793,10815730416,10815730455,1,"IOTHUB_CLIENT_CONFIRMATION_OK"
794,10815730749,10815730787,1,"IOTHUB_CLIENT_CONFIRMATION_OK"
795,10815731082,10815731124,1,"IOTHUB_CLIENT_CONFIRMATION_OK"
796,10815731415,10815731458,1,"IOTHUB_CLIENT_CONFIRMATION_OK"
797,10815731748,10815731784,1,"IOTHUB_CLIENT_CONFIRMATION_OK"
798,10815732082,10815732145,1,"IOTHUB_CLIENT_CONFIRMATION_OK"
799,10815732415,10815732458,1,"IOTHUB_CLIENT_CONFIRMATION_OK"
800,10815732748,10815732786,1,"IOTHUB_CLIENT_CONFIRMATION_OK"
801,10815733081,10815733122,1,"IOTHUB_CLIENT_CONFIRMATION_OK"
802,10815733414,10815733452,1,"IOTHUB_CLIENT_CONFIRMATION_OK"
803,10815733747,10815733819,1,"IOTHUB_CLIENT_CONFIRMATION_OK"
804,10815734081,10815734117,1,"IOTHUB_CLIENT_CONFIRMATION_OK"
805,10815734414,10815734558,1,"IOTHUB_CLIENT_CONFIRMATION_OK"
806,10815734747,10815734785,1,"IOTHUB_CLIENT_CONFIRMATION_OK"
807,10815735080,10815735122,1,"IOTHUB_CLIENT_CONFIRMATION_OK"
808,10815735413,10815735455,1,"IOTHUB_CLIENT_CONFIRMATION_OK"
809,10815735746,10815735785,1,"IOTHUB_CLIENT_CONFIRMATION_OK"
810,10815736080,10815736117,1,"IOTHUB_CLIENT_CONFIRMATION_OK"
811,10815736413,10815736448,1,"IOTHUB_CLIENT_CONFIRMATION_OK"
812,10815736746,10815736785,1,"IOTHUB_CLIENT_CONFIRMATION_OK"
813,10815737079,10815737117,1,"IOTHUB_CLIENT_CONFIRMATION_OK"
814,10815737412,10815737457,1,"IOTHUB_CLIENT_CONFIRMATION_OK"
815,10815737745,10815737782,1,"IOTHUB_CLIENT_CONFIRMATION_OK"
816,10815738078,10815738114,1,"IOTHUB_CLIENT_CONFIRMATION_OK"
817,10815738412,10815738449,1,"IOTHUB_CLIENT_CONFIRMATION_OK"
818,10815738745,10815738867,1,"IOTHUB_CLIENT_CONFIRMATION_OK"
819,10815739078,10815739114,1,"IOTHUB_CLIENT_CONFIRMATION_OK"
820,10815739411,10815739450,1,"IOTHUB_CLIENT_CONFIRMATION_OK"
821,10815739744,10815739792,1,"IOTHUB_CLIENT_CONFIRMATION_OK"
822,10815740077,10815740118,1,"IOTHUB_CLIENT_CONFIRMATION_OK"
823,10815740411,10815740474,1,"IOTHUB_CLIENT_CONFIRMATION_OK"
824,10815740744,10815740793,1,"IOTHUB_CLIENT_CONFIRMATION_OK"
825,10815741077,10815741118,1,"IOTHUB_CLIENT_CONFIRMATION_OK"
826,10815741410,10815741469,1,"IOTHUB_CLIENT_CONFIRMATION_OK"
827,10815741743,10815741785,1,"IOTHUB_CLIENT_CONFIRMATION_OK"
828,10815742076,10815742118,1,"IOTHUB_CLIENT_CONFIRMATION_OK"
829,10815742410,10815742479,1,"IOTHUB_CLIENT_CONFIRMATION_OK"
830,10815742743,10815742772,1,"IOTHUB_CLIENT_CONFIRMATION_OK"
831,10815743076,10815743122,1,"IOTHUB_CLIENT_CONFIRMATION_OK"
832,10815743409,10815743447,1,"IOTHUB_CLIENT_CONFIRMATION_OK"
833,10815743742,10815743783,1,"IOTHUB_CLIENT_CONFIRMATION_OK"
834,10815744075,10815744119,1,"IOTHUB_CLIENT_CONFIRMATION_OK"
835,10815744409,10815744454,1,"IOTHUB_CLIENT_CONFIRMATION_OK"
836,10815744742,10815744782,1,"IOTHUB_CLIENT_CONFIRMATION_OK"
837,10815745075,10815745129,1,"IOTHUB_CLIENT_CONFIRMATION_OK"
838,10815745408,10815745448,1,"IOTHUB_CLIENT_CONFIRMATION_OK"
839,10815745741,10815745799,1,"IOTHUB_CLIENT_CONFIRMATION_OK"
840,10815746074,10815746112,1,"IOTHUB_CLIENT_CONFIRMATION_OK"
841,10815746407,10815746447,1,"IOTHUB_CLIENT_CONFIRMATION_OK"
842,10815746741,10815746785,1,"IOTHUB_CLIENT_CONFIRMATION_OK"
843,10815747074,10815747112,1,"IOTHUB_CLIENT_CONFIRMATION_OK"
844,10815747407,10815747453,1,"IOTHUB_CLIENT_CONFIRMATION_OK"
845,10815747740,10815747781,1,"IOTHUB_CLIENT_CONFIRMATION_OK"
846,10815748073,10815748112,1,"IOTHUB_CLIENT_CONFIRMATION_OK"
847,10815748406,10815748458,1,"IOTHUB_CLIENT_CONFIRMATION_OK"
848,10815748740,10815748777,1,"IOTHUB_CLIENT_CONFIRMATION_OK"
849,10815749073,10815749124,1,"IOTHUB_CLIENT_CONFIRMATION_OK"
850,10815749406,10815749445,1,"IOTHUB_CLIENT_CONFIRMATION_OK"
851,10815749739,10815749780,1,"IOTHUB_CLIENT_CONFIRMATION_OK"
852,10815750072,10815750109,1,"IOTHUB_CLIENT_CONFIRMATION_OK"
853,10815750405,10815750449,1,"IOTHUB_CLIENT_CONFIRMATION_OK"
854,10815750739,10815750935,1,"IOTHUB_CLIENT_CONFIRMATION_OK"
855,10815751072,10815751108,1,"IOTHUB_CLIENT_CONFIRMATION_OK"
856,10815751405,10815751442,1,"IOTHUB_CLIENT_CONFIRMATION_OK"
857,10815751738,10815751774,1,"IOTHUB_CLIENT_CONFIRMATION_OK"
858,10815752071,10815752124,1,"IOTHUB_CLIENT_CONFIRMATION_OK"
859,10815752404,10815752443,1,"IOTHUB_CLIENT_CONFIRMATION_OK"
860,10815752737,10815752775,1,"IOTHUB_CLIENT_CONFIRMATION_OK"
861,10815753071,10815753119,1,"IOTHUB_CLIENT_CONFIRMATION_OK"
862,10815753404,10815753442,1,"IOTHUB_CLIENT_CONFIRMATION_OK"
863,10815753737,10815753776,1,"IOTHUB_CLIENT_CONFIRMATION_OK"
864,10815754070,10815754108,1,"IOTHUB_CLIENT_CONFIRMATION_OK"
865,10815754403,10815754465,1,"IOTHUB_CLIENT_CONFIRMATION_OK"
866,10815754736,10815754773,1,"IOTHUB_CLIENT_CONFIRMATION_OK"
867,10815755070,10815755223,1,"IOTHUB_CLIENT_CONFIRMATION_OK"
868,10815755403,10815755441,1,"IOTHUB_CLIENT_CONFIRMATION_OK"
869,10815755736,10815755776,1,"IOTHUB_CLIENT_CONFIRMATION_OK"
870,10815756069,10815756106,1,"IOTHUB_CLIENT_CONFIRMATION_OK"
871,10815756402,10815756465,1,"IOTHUB_CLIENT_CONFIRMATION_OK"
872,10815756735,10815756779,1,"IOTHUB_CLIENT_CONFIRMATION_OK"
873,10815757068,10815757105,1,"IOTHUB_CLIENT_CONFIRMATION_OK"
874,10815757402,10815757448,1,"IOTHUB_CLIENT_CONFIRMATION_OK"
875,10815757735,10815757765,1,"IOTHUB_CLIENT_CONFIRMATION_OK"
876,10815758068,10815758117,1,"IOTHUB_CLIENT_CONFIRMATION_OK"
877,10815758401,10815758450,1,"IOTHUB_CLIENT_CONFIRMATION_OK"
878,10815758734,10815758777,1,"IOTHUB_CLIENT_CONFIRMATION_OK"
879,10815759067,10815759123,1,"IOTHUB_CLIENT_CONFIRMATION_OK"
880,10815759401,10815759545,1,"IOTHUB_CLIENT_CONFIRMATION_OK"
881,10815759734,10815759765,1,"IOTHUB_CLIENT_CONFIRMATION_OK"
882,10815760067,10815760106,1,"IOTHUB_CLIENT_CONFIRMATION_OK"
883,10815760400,10815760457,1,"IOTHUB_CLIENT_CONFIRMATION_OK"
884,10815760733,10815760796,1,"IOTHUB_CLIENT_CONFIRMATION_OK"
885,10815761066,10815761110,1,"IOTHUB_CLIENT_CONFIRMATION_OK"
886,10815761400,10815761445,1,"IOTHUB_CLIENT_CONFIRMATION_OK"
887,10815761733,10815761771,1,"IOTHUB_CLIENT_CONFIRMATION_OK"
888,10815762066,10815762115,1,"IOTHUB_CLIENT_CONFIRMATION_OK"
889,10815762399,10815762447,1,"IOTHUB_CLIENT_CONFIRMATION_OK"
890,10815762732,10815762772,1,"IOTHUB_CLIENT_CONFIRMATION_OK"
891,10815763065,10815763116,1,"IOTHUB_CLIENT_CONFIRMATION_OK"
892,10815763399,10815763440,1,"IOTHUB_CLIENT_CONFIRMATION_OK"
893,10815763732,10815763825,1,"IOTHUB_CLIENT_CONFIRMATION_OK"
894,10815764065,10815764105,1,"IOTHUB_CLIENT_CONFIRMATION_OK"
895,10815764398,10815764443,1,"IOTHUB_CLIENT_CONFIRMATION_OK"
896,10815764731,10815764770,1,"IOTHUB_CLIENT_CONFIRMATION_OK"
897,10815765064,10815765104,1,"IOTHUB_CLIENT_CONFIRMATION_OK"
898,10815765397,10815765437,1,"IOTHUB_CLIENT_CONFIRMATION_OK"
899,10815765731,10815765774,1,"IOTHUB_CLIENT_CONFIRMATION_OK"
