Message ID,Send Time,Receive Time,Status,Error
0,10812925703,10812925932,1,"IOTHUB_CLIENT_CONFIRMATION_OK"
1,10812926036,10812926075,1,"IOTHUB_CLIENT_CONFIRMATION_OK"
2,10812926370,10812926425,1,"IOTHUB_CLIENT_CONFIRMATION_OK"
3,10812926703,10812926747,1,"IOTHUB_CLIENT_CONFIRMATION_OK"
4,10812927036,10812927076,1,"IOTHUB_CLIENT_CONFIRMATION_OK"
5,10812927369,10812927413,1,"IOTHUB_CLIENT_CONFIRMATION_OK"
6,10812927702,10812927744,1,"IOTHUB_CLIENT_CONFIRMATION_OK"
7,10812928035,10812928079,1,"IOTHUB_CLIENT_CONFIRMATION_OK"
8,10812928369,10812928414,1,"IOTHUB_CLIENT_CONFIRMATION_OK"
9,10812928702,10812928745,1,"IOTHUB_CLIENT_CONFIRMATION_OK"
10,10812929035,10812929198,1,"IOTHUB_CLIENT_CONFIRMATION_OK"
11,10812929368,10812929427,1,"IOTHUB_CLIENT_CONFIRMATION_OK"
12,10812929701,10812929760,1,"IOTHUB_CLIENT_CONFIRMATION_OK"
13,10812930034,10812930075,1,"IOTHUB_CLIENT_CONFIRMATION_OK"
14,10812930368,10812930407,1,"IOTHUB_CLIENT_CONFIRMATION_OK"
15,10812930701,10812930746,1,"IOTHUB_CLIENT_CONFIRMATION_OK"
16,10812931034,10812931075,1,"IOTHUB_CLIENT_CONFIRMATION_OK"
17,10812931367,10812931411,1,"IOTHUB_CLIENT_CONFIRMATION_OK"
18,10812931700,10812931831,1,"IOTHUB_CLIENT_CONFIRMATION_OK"
19,10812932033,10812932274,1,"IOTHUB_CLIENT_CONFIRMATION_OK"
20,10812932366,10812932407,1,"IOTHUB_CLIENT_CONFIRMATION_OK"
21,10812932700,10812932740,1,"IOTHUB_CLIENT_CONFIRMATION_OK"
22,10812933033,10812933075,1,"IOTHUB_CLIENT_CONFIRMATION_OK"
23,10812933366,10812933406,1,"IOTHUB_CLIENT_CONFIRMATION_OK"
24,10812933699,10812933740,1,"IOTHUB_CLIENT_CONFIRMATION_OK"
25,10812934032,10812934073,1,"IOTHUB_CLIENT_CONFIRMATION_OK"
26,10812934365,10812934409,1,"IOTHUB_CLIENT_CONFIRMATION_OK"
27,10812934699,10812934745,1,"IOTHUB_CLIENT_CONFIRMATION_OK"
28,10812935032,10812935073,1,"IOTHUB_CLIENT_CONFIRMATION_OK"
29,10812935365,10812935407,1,"IOTHUB_CLIENT_CONFIRMATION_OK"
30,10812935698,10812935741,1,"IOTHUB_CLIENT_CONFIRMATION_OK"
31,10812936031,10812936074,1,"IOTHUB_CLIENT_CONFIRMATION_OK"
32,10812936364,10812936407,1,"IOTHUB_CLIENT_CONFIRMATION_OK"
33,10812936698,10812936738,1,"IOTHUB_CLIENT_CONFIRMATION_OK"
34,10812937031,10812937081,1,"IOTHUB_CLIENT_CONFIRMATION_OK"
35,10812937364,10812937404,1,"IOTHUB_CLIENT_CONFIRMATION_OK"
36,10812937697,10812937741,1,"IOTHUB_CLIENT_CONFIRMATION_OK"
37,10812938030,10812938073,1,"IOTHUB_CLIENT_CONFIRMATION_OK"
38,10812938363,10812938407,1,"IOTHUB_CLIENT_CONFIRMATION_OK"
39,10812938697,10812938741,1,"IOTHUB_CLIENT_CONFIRMATION_OK"
40,10812939030,10812939072,1,"IOTHUB_CLIENT_CONFIRMATION_OK"
41,10812939363,10812939404,1,"IOTHUB_CLIENT_CONFIRMATION_OK"
42,10812939696,10812939894,1,"IOTHUB_CLIENT_CONFIRMATION_OK"
43,10812940029,10812940071,1,"IOTHUB_CLIENT_CONFIRMATION_OK"
44,10812940362,10812940406,1,"IOTHUB_CLIENT_CONFIRMATION_OK"
45,10812940696,10812940735,1,"IOTHUB_CLIENT_CONFIRMATION_OK"
46,10812941029,10812941070,1,"IOTHUB_CLIENT_CONFIRMATION_OK"
47,10812941362,10812941442,1,"IOTHUB_CLIENT_CONFIRMATION_OK"
48,10812941695,10812941749,1,"IOTHUB_CLIENT_CONFIRMATION_OK"
49,10812942028,10812942070,1,"IOTHUB_CLIENT_CONFIRMATION_OK"
50,10812942361,10812942404,1,"IOTHUB_CLIENT_CONFIRMATION_OK"
51,10812942695,10812942734,1,"IOTHUB_CLIENT_CONFIRMATION_OK"
52,10812943028,10812943069,1,"IOTHUB_CLIENT_CONFIRMATION_OK"
53,10812943361,10812943401,1,"IOTHUB_CLIENT_CONFIRMATION_OK"
54,10812943694,10812943743,1,"IOTHUB_CLIENT_CONFIRMATION_OK"
55,10812944027,10812944072,1,"IOTHUB_CLIENT_CONFIRMATION_OK"
56,10812944360,10812944443,1,"IOTHUB_CLIENT_CONFIRMATION_OK"
57,10812944694,10812944732,1,"IOTHUB_CLIENT_CONFIRMATION_OK"
58,10812945027,10812945068,1,"IOTHUB_CLIENT_CONFIRMATION_OK"
59,10812945360,10812945408,1,"IOTHUB_CLIENT_CONFIRMATION_OK"
60,10812945693,10812945841,1,"IOTHUB_CLIENT_CONFIRMATION_OK"
61,10812946026,10812946068,1,"IOTHUB_CLIENT_CONFIRMATION_OK"
62,10812946359,10812946405,1,"IOTHUB_CLIENT_CONFIRMATION_OK"
63,10812946693,10812946747,1,"IOTHUB_CLIENT_CONFIRMATION_OK"
64,10812947026,10812947064,1,"IOTHUB_CLIENT_CONFIRMATION_OK"
65,10812947359,10812947402,1,"IOTHUB_CLIENT_CONFIRMATION_OK"
66,10812947692,10812947790,1,"IOTHUB_CLIENT_CONFIRMATION_OK"
67,10812948025,10812948068,1,"IOTHUB_CLIENT_CONFIRMATION_OK"
68,10812948358,10812948406,1,"IOTHUB_CLIENT_CONFIRMATION_OK"
69,10812948692,10812948731,1,"IOTHUB_CLIENT_CONFIRMATION_OK"
70,10812949025,10812949100,1,"IOTHUB_CLIENT_CONFIRMATION_OK"
71,10812949358,10812949399,1,"IOTHUB_CLIENT_CONFIRMATION_OK"
72,10812949691,10812949732,1,"IOTHUB_CLIENT_CONFIRMATION_OK"
73,10812950024,10812950066,1,"IOTHUB_CLIENT_CONFIRMATION_OK"
74,10812950357,10812950398,1,"IOTHUB_CLIENT_CONFIRMATION_OK"
75,10812950691,10812950733,1,"IOTHUB_CLIENT_CONFIRMATION_OK"
76,10812951024,10812951065,1,"IOTHUB_CLIENT_CONFIRMATION_OK"
77,10812951357,10812951396,1,"IOTHUB_CLIENT_CONFIRMATION_OK"
78,10812951690,10812951736,1,"IOTHUB_CLIENT_CONFIRMATION_OK"
79,10812952023,10812952064,1,"IOTHUB_CLIENT_CONFIRMATION_OK"
80,10812952356,10812952402,1,"IOTHUB_CLIENT_CONFIRMATION_OK"
81,10812952689,10812952748,1,"IOTHUB_CLIENT_CONFIRMATION_OK"
82,10812953023,10812953073,1,"IOTHUB_CLIENT_CONFIRMATION_OK"
83,10812953356,10812953395,1,"IOTHUB_CLIENT_CONFIRMATION_OK"
84,10812953689,10812953732,1,"IOTHUB_CLIENT_CONFIRMATION_OK"
85,10812954022,10812954062,1,"IOTHUB_CLIENT_CONFIRMATION_OK"
86,10812954355,10812954395,1,"IOTHUB_CLIENT_CONFIRMATION_OK"
87,10812954688,10812954736,1,"IOTHUB_CLIENT_CONFIRMATION_OK"
88,10812955022,10812955060,1,"IOTHUB_CLIENT_CONFIRMATION_OK"
89,10812955355,10812955398,1,"IOTHUB_CLIENT_CONFIRMATION_OK"
90,10812955688,10812955731,1,"IOTHUB_CLIENT_CONFIRMATION_OK"
91,10812956021,10812956061,1,"IOTHUB_CLIENT_CONFIRMATION_OK"
92,10812956354,10812956396,1,"IOTHUB_CLIENT_CONFIRMATION_OK"
93,10812956687,10812956729,1,"IOTHUB_CLIENT_CONFIRMATION_OK"
94,10812957021,10812957061,1,"IOTHUB_CLIENT_CONFIRMATION_OK"
95,10812957354,10812957393,1,"IOTHUB_CLIENT_CONFIRMATION_OK"
96,10812957687,10812957725,1,"IOTHUB_CLIENT_CONFIRMATION_OK"
97,10812958020,10812958080,1,"IOTHUB_CLIENT_CONFIRMATION_OK"
98,10812958353,10812958392,1,"IOTHUB_CLIENT_CONFIRMATION_OK"
99,10812958686,10812958725,1,"IOTHUB_CLIENT_CONFIRMATION_OK"
100,10812959020,10812959058,1,"IOTHUB_CLIENT_CONFIRMATION_OK"
101,10812959353,10812959392,1,"IOTHUB_CLIENT_CONFIRMATION_OK"
102,10812959686,10812959726,1,"IOTHUB_CLIENT_CONFIRMATION_OK"
103,10812960019,10812960068,1,"IOTHUB_CLIENT_CONFIRMATION_OK"
104,10812960352,10812960391,1,"IOTHUB_CLIENT_CONFIRMATION_OK"
105,10812960685,10812960728,1,"IOTHUB_CLIENT_CONFIRMATION_OK"
106,10812961019,10812961059,1,"IOTHUB_CLIENT_CONFIRMATION_OK"
107,10812961352,10812961412,1,"IOTHUB_CLIENT_CONFIRMATION_OK"
108,10812961685,10812961729,1,"IOTHUB_CLIENT_CONFIRMATION_OK"
109,10812962018,10812962060,1,"IOTHUB_CLIENT_CONFIRMATION_OK"
110,10812962351,10812962434,1,"IOTHUB_CLIENT_CONFIRMATION_OK"
111,10812962684,10812962728,1,"IOTHUB_CLIENT_CONFIRMATION_OK"
112,10812963018,10812963056,1,"IOTHUB_CLIENT_CONFIRMATION_OK"
113,10812963351,10812963454,1,"IOTHUB_CLIENT_CONFIRMATION_OK"
114,10812963684,10812963729,1,"IOTHUB_CLIENT_CONFIRMATION_OK"
115,10812964017,10812964060,1,"IOTHUB_CLIENT_CONFIRMATION_OK"
116,10812964350,10812964484,1,"IOTHUB_CLIENT_CONFIRMATION_OK"
117,10812964683,10812964725,1,"IOTHUB_CLIENT_CONFIRMATION_OK"
118,10812965017,10812965077,1,"IOTHUB_CLIENT_CONFIRMATION_OK"
119,10812965350,10812965393,1,"IOTHUB_CLIENT_CONFIRMATION_OK"
120,10812965683,10812965724,1,"IOTHUB_CLIENT_CONFIRMATION_OK"
121,10812966016,10812966061,1,"IOTHUB_CLIENT_CONFIRMATION_OK"
122,10812966349,10812966393,1,"IOTHUB_CLIENT_CONFIRMATION_OK"
123,10812966682,10812966722,1,"IOTHUB_CLIENT_CONFIRMATION_OK"
124,10812967016,10812967056,1,"IOTHUB_CLIENT_CONFIRMATION_OK"
125,10812967349,10812967405,1,"IOTHUB_CLIENT_CONFIRMATION_OK"
126,10812967682,10812967726,1,"IOTHUB_CLIENT_CONFIRMATION_OK"
127,10812968015,10812968057,1,"IOTHUB_CLIENT_CONFIRMATION_OK"
128,10812968348,10812968392,1,"IOTHUB_CLIENT_CONFIRMATION_OK"
129,10812968681,10812968726,1,"IOTHUB_CLIENT_CONFIRMATION_OK"
130,10812969015,10812969058,1,"IOTHUB_CLIENT_CONFIRMATION_OK"
131,10812969348,10812969392,1,"IOTHUB_CLIENT_CONFIRMATION_OK"
132,10812969681,10812969719,1,"IOTHUB_CLIENT_CONFIRMATION_OK"
133,10812970014,10812970054,1,"IOTHUB_CLIENT_CONFIRMATION_OK"
134,10812970347,10812970392,1,"IOTHUB_CLIENT_CONFIRMATION_OK"
135,10812970680,10812970723,1,"IOTHUB_CLIENT_CONFIRMATION_OK"
136,10812971013,10812971058,1,"IOTHUB_CLIENT_CONFIRMATION_OK"
137,10812971347,10812971392,1,"IOTHUB_CLIENT_CONFIRMATION_OK"
138,10812971680,10812971721,1,"IOTHUB_CLIENT_CONFIRMATION_OK"
139,10812972013,10812972056,1,"IOTHUB_CLIENT_CONFIRMATION_OK"
140,10812972346,10812972387,1,"IOTHUB_CLIENT_CONFIRMATION_OK"
141,10812972679,10812972720,1,"IOTHUB_CLIENT_CONFIRMATION_OK"
142,10812973012,10812973053,1,"IOTHUB_CLIENT_CONFIRMATION_OK"
143,10812973346,10812973389,1,"IOTHUB_CLIENT_CONFIRMATION_OK"
144,10812973679,10812973738,1,"IOTHUB_CLIENT_CONFIRMATION_OK"
145,10812974012,10812974054,1,"IOTHUB_CLIENT_CONFIRMATION_OK"
146,10812974345,10812974384,1,"IOTHUB_CLIENT_CONFIRMATION_OK"
147,10812974678,10812974718,1,"IOTHUB_CLIENT_CONFIRMATION_OK"
148,10812975011,10812975052,1,"IOTHUB_CLIENT_CONFIRMATION_OK"
149,10812975345,10812975388,1,"IOTHUB_CLIENT_CONFIRMATION_OK"
150,10812975678,10812975723,1,"IOTHUB_CLIENT_CONFIRMATION_OK"
151,10812976011,10812976051,1,"IOTHUB_CLIENT_CONFIRMATION_OK"
152,10812976344,10812976386,1,"IOTHUB_CLIENT_CONFIRMATION_OK"
153,10812976677,10812976724,1,"IOTHUB_CLIENT_CONFIRMATION_OK"
154,10812977010,10812977053,1,"IOTHUB_CLIENT_CONFIRMATION_OK"
155,10812977344,10812977386,1,"IOTHUB_CLIENT_CONFIRMATION_OK"
156,10812977677,10812977717,1,"IOTHUB_CLIENT_CONFIRMATION_OK"
157,10812978010,10812978051,1,"IOTHUB_CLIENT_CONFIRMATION_OK"
158,10812978343,10812978390,1,"IOTHUB_CLIENT_CONFIRMATION_OK"
159,10812978676,10812978716,1,"IOTHUB_CLIENT_CONFIRMATION_OK"
160,10812979009,10812979151,1,"IOTHUB_CLIENT_CONFIRMATION_OK"
161,10812979343,10812979383,1,"IOTHUB_CLIENT_CONFIRMATION_OK"
162,10812979676,10812979717,1,"IOTHUB_CLIENT_CONFIRMATION_OK"
163,10812980009,10812980057,1,"IOTHUB_CLIENT_CONFIRMATION_OK"
164,10812980342,10812980384,1,"IOTHUB_CLIENT_CONFIRMATION_OK"
165,10812980675,10812981161,1,"IOTHUB_CLIENT_CONFIRMATION_OK"
166,10812981008,10812981331,1,"IOTHUB_CLIENT_CONFIRMATION_OK"
167,10812981342,10812981380,1,"IOTHUB_CLIENT_CONFIRMATION_OK"
168,10812981675,10812981719,1,"IOTHUB_CLIENT_CONFIRMATION_OK"
169,10812982008,10812982052,1,"IOTHUB_CLIENT_CONFIRMATION_OK"
170,10812982341,10812982404,1,"IOTHUB_CLIENT_CONFIRMATION_OK"
171,10812982674,10812982716,1,"IOTHUB_CLIENT_CONFIRMATION_OK"
172,10812983007,10812983049,1,"IOTHUB_CLIENT_CONFIRMATION_OK"
173,10812983341,10812983385,1,"IOTHUB_CLIENT_CONFIRMATION_OK"
174,10812983674,10812983742,1,"IOTHUB_CLIENT_CONFIRMATION_OK"
175,10812984007,10812984048,1,"IOTHUB_CLIENT_CONFIRMATION_OK"
176,10812984340,10812984387,1,"IOTHUB_CLIENT_CONFIRMATION_OK"
177,10812984673,10812984717,1,"IOTHUB_CLIENT_CONFIRMATION_OK"
178,10812985006,10812985049,1,"IOTHUB_CLIENT_CONFIRMATION_OK"
179,10812985340,10812985379,1,"IOTHUB_CLIENT_CONFIRMATION_OK"
180,10812985673,10812985713,1,"IOTHUB_CLIENT_CONFIRMATION_OK"
181,10812986006,10812986059,1,"IOTHUB_CLIENT_CONFIRMATION_OK"
182,10812986339,10812986387,1,"IOTHUB_CLIENT_CONFIRMATION_OK"
183,10812986672,10812986711,1,"IOTHUB_CLIENT_CONFIRMATION_OK"
184,10812987005,10812987081,1,"IOTHUB_CLIENT_CONFIRMATION_OK"
185,10812987339,10812987382,1,"IOTHUB_CLIENT_CONFIRMATION_OK"
186,10812987672,10812987715,1,"IOTHUB_CLIENT_CONFIRMATION_OK"
187,10812988005,10812988048,1,"IOTHUB_CLIENT_CONFIRMATION_OK"
188,10812988338,10812988377,1,"IOTHUB_CLIENT_CONFIRMATION_OK"
189,10812988671,10812988713,1,"IOTHUB_CLIENT_CONFIRMATION_OK"
190,10812989004,10812989046,1,"IOTHUB_CLIENT_CONFIRMATION_OK"
191,10812989338,10812989383,1,"IOTHUB_CLIENT_CONFIRMATION_OK"
192,10812989671,10812989712,1,"IOTHUB_CLIENT_CONFIRMATION_OK"
193,10812990004,10812990046,1,"IOTHUB_CLIENT_CONFIRMATION_OK"
194,10812990337,10812990377,1,"IOTHUB_CLIENT_CONFIRMATION_OK"
195,10812990670,10812990710,1,"IOTHUB_CLIENT_CONFIRMATION_OK"
196,10812991003,10812991043,1,"IOTHUB_CLIENT_CONFIRMATION_OK"
197,10812991337,10812991379,1,"IOTHUB_CLIENT_CONFIRMATION_OK"
198,10812991670,10812991711,1,"IOTHUB_CLIENT_CONFIRMATION_OK"
199,10812992003,10812992047,1,"IOTHUB_CLIENT_CONFIRMATION_OK"
200,10812992336,10812992377,1,"IOTHUB_CLIENT_CONFIRMATION_OK"
201,10812992669,10812992709,1,"IOTHUB_CLIENT_CONFIRMATION_OK"
202,10812993002,10812993044,1,"IOTHUB_CLIENT_CONFIRMATION_OK"
203,10812993336,10812993376,1,"IOTHUB_CLIENT_CONFIRMATION_OK"
204,10812993669,10812993709,1,"IOTHUB_CLIENT_CONFIRMATION_OK"
205,10812994002,10812994049,1,"IOTHUB_CLIENT_CONFIRMATION_OK"
206,10812994335,10812994387,1,"IOTHUB_CLIENT_CONFIRMATION_OK"
207,10812994668,10812994708,1,"IOTHUB_CLIENT_CONFIRMATION_OK"
208,10812995001,10812995042,1,"IOTHUB_CLIENT_CONFIRMATION_OK"
209,10812995334,10812995378,1,"IOTHUB_CLIENT_CONFIRMATION_OK"
210,10812995668,10812995792,1,"IOTHUB_CLIENT_CONFIRMATION_OK"
211,10812996001,10812996040,1,"IOTHUB_CLIENT_CONFIRMATION_OK"
212,10812996334,10812996378,1,"IOTHUB_CLIENT_CONFIRMATION_OK"
213,10812996667,10812996714,1,"IOTHUB_CLIENT_CONFIRMATION_OK"
214,10812997000,10812997043,1,"IOTHUB_CLIENT_CONFIRMATION_OK"
215,10812997333,10812997377,1,"IOTHUB_CLIENT_CONFIRMATION_OK"
216,10812997667,10812997709,1,"IOTHUB_CLIENT_CONFIRMATION_OK"
217,10812998000,10812998039,1,"IOTHUB_CLIENT_CONFIRMATION_OK"
218,10812998333,10812998373,1,"IOTHUB_CLIENT_CONFIRMATION_OK"
219,10812998666,10812998713,1,"IOTHUB_CLIENT_CONFIRMATION_OK"
220,10812998999,10812999041,1,"IOTHUB_CLIENT_CONFIRMATION_OK"
221,10812999332,10812999372,1,"IOTHUB_CLIENT_CONFIRMATION_OK"
222,10812999666,10812999704,1,"IOTHUB_CLIENT_CONFIRMATION_OK"
223,10812999999,10813000040,1,"IOTHUB_CLIENT_CONFIRMATION_OK"
224,10813000332,10813000387,1,"IOTHUB_CLIENT_CONFIRMATION_OK"
225,10813000665,10813000709,1,"IOTHUB_CLIENT_CONFIRMATION_OK"
226,10813000998,10813001041,1,"IOTHUB_CLIENT_CONFIRMATION_OK"
227,10813001331,10813001372,1,"IOTHUB_CLIENT_CONFIRMATION_OK"
228,10813001665,10813001725,1,"IOTHUB_CLIENT_CONFIRMATION_OK"
229,10813001998,10813002040,1,"IOTHUB_CLIENT_CONFIRMATION_OK"
230,10813002331,10813002374,1,"IOTHUB_CLIENT_CONFIRMATION_OK"
231,10813002664,10813002704,1,"IOTHUB_CLIENT_CONFIRMATION_OK"
232,10813002997,10813003039,1,"IOTHUB_CLIENT_CONFIRMATION_OK"
233,10813003330,10813003369,1,"IOTHUB_CLIENT_CONFIRMATION_OK"
234,10813003663,10813003703,1,"IOTHUB_CLIENT_CONFIRMATION_OK"
235,10813003997,10813004044,1,"IOTHUB_CLIENT_CONFIRMATION_OK"
236,10813004330,10813004422,1,"IOTHUB_CLIENT_CONFIRMATION_OK"
237,10813004663,10813004703,1,"IOTHUB_CLIENT_CONFIRMATION_OK"
238,10813004996,10813005036,1,"IOTHUB_CLIENT_CONFIRMATION_OK"
239,10813005329,10813005371,1,"IOTHUB_CLIENT_CONFIRMATION_OK"
240,10813005662,10813005702,1,"IOTHUB_CLIENT_CONFIRMATION_OK"
241,10813005996,10813006038,1,"IOTHUB_CLIENT_CONFIRMATION_OK"
242,10813006329,10813006394,1,"IOTHUB_CLIENT_CONFIRMATION_OK"
243,10813006662,10813006703,1,"IOTHUB_CLIENT_CONFIRMATION_OK"
244,10813006995,10813007034,1,"IOTHUB_CLIENT_CONFIRMATION_OK"
245,10813007328,10813007368,1,"IOTHUB_CLIENT_CONFIRMATION_OK"
246,10813007661,10813007710,1,"IOTHUB_CLIENT_CONFIRMATION_OK"
247,10813007995,10813008035,1,"IOTHUB_CLIENT_CONFIRMATION_OK"
248,10813008328,10813008368,1,"IOTHUB_CLIENT_CONFIRMATION_OK"
249,10813008661,10813008701,1,"IOTHUB_CLIENT_CONFIRMATION_OK"
250,10813008994,10813009052,1,"IOTHUB_CLIENT_CONFIRMATION_OK"
251,10813009327,10813009368,1,"IOTHUB_CLIENT_CONFIRMATION_OK"
252,10813009660,10813009702,1,"IOTHUB_CLIENT_CONFIRMATION_OK"
253,10813009994,10813010032,1,"IOTHUB_CLIENT_CONFIRMATION_OK"
254,10813010327,10813010370,1,"IOTHUB_CLIENT_CONFIRMATION_OK"
255,10813010660,10813010701,1,"IOTHUB_CLIENT_CONFIRMATION_OK"
256,10813010993,10813011041,1,"IOTHUB_CLIENT_CONFIRMATION_OK"
257,10813011326,10813011377,1,"IOTHUB_CLIENT_CONFIRMATION_OK"
258,10813011659,10813011712,1,"IOTHUB_CLIENT_CONFIRMATION_OK"
259,10813011993,10813012046,1,"IOTHUB_CLIENT_CONFIRMATION_OK"
260,10813012326,10813012365,1,"IOTHUB_CLIENT_CONFIRMATION_OK"
261,10813012659,10813012701,1,"IOTHUB_CLIENT_CONFIRMATION_OK"
262,10813012992,10813013033,1,"IOTHUB_CLIENT_CONFIRMATION_OK"
263,10813013325,10813013452,1,"IOTHUB_CLIENT_CONFIRMATION_OK"
264,10813013658,10813013697,1,"IOTHUB_CLIENT_CONFIRMATION_OK"
265,10813013992,10813014043,1,"IOTHUB_CLIENT_CONFIRMATION_OK"
266,10813014325,10813014368,1,"IOTHUB_CLIENT_CONFIRMATION_OK"
267,10813014658,10813014701,1,"IOTHUB_CLIENT_CONFIRMATION_OK"
268,10813014991,10813015031,1,"IOTHUB_CLIENT_CONFIRMATION_OK"
269,10813015324,10813015367,1,"IOTHUB_CLIENT_CONFIRMATION_OK"
270,10813015657,10813015698,1,"IOTHUB_CLIENT_CONFIRMATION_OK"
271,10813015990,10813016033,1,"IOTHUB_CLIENT_CONFIRMATION_OK"
272,10813016324,10813016365,1,"IOTHUB_CLIENT_CONFIRMATION_OK"
273,10813016657,10813016699,1,"IOTHUB_CLIENT_CONFIRMATION_OK"
274,10813016990,10813017033,1,"IOTHUB_CLIENT_CONFIRMATION_OK"
275,10813017323,10813017363,1,"IOTHUB_CLIENT_CONFIRMATION_OK"
276,10813017656,10813017700,1,"IOTHUB_CLIENT_CONFIRMATION_OK"
277,10813017989,10813018036,1,"IOTHUB_CLIENT_CONFIRMATION_OK"
278,10813018323,10813018366,1,"IOTHUB_CLIENT_CONFIRMATION_OK"
279,10813018656,10813018698,1,"IOTHUB_CLIENT_CONFIRMATION_OK"
280,10813018989,10813019038,1,"IOTHUB_CLIENT_CONFIRMATION_OK"
281,10813019322,10813019379,1,"IOTHUB_CLIENT_CONFIRMATION_OK"
282,10813019655,10813019698,1,"IOTHUB_CLIENT_CONFIRMATION_OK"
283,10813019988,10813020027,1,"IOTHUB_CLIENT_CONFIRMATION_OK"
284,10813020322,10813020401,1,"IOTHUB_CLIENT_CONFIRMATION_OK"
285,10813020655,10813020695,1,"IOTHUB_CLIENT_CONFIRMATION_OK"
286,10813020988,10813021029,1,"IOTHUB_CLIENT_CONFIRMATION_OK"
287,10813021321,10813021421,1,"IOTHUB_CLIENT_CONFIRMATION_OK"
288,10813021654,10813021697,1,"IOTHUB_CLIENT_CONFIRMATION_OK"
289,10813021987,10813022035,1,"IOTHUB_CLIENT_CONFIRMATION_OK"
290,10813022320,10813022364,1,"IOTHUB_CLIENT_CONFIRMATION_OK"
291,10813022654,10813022696,1,"IOTHUB_CLIENT_CONFIRMATION_OK"
292,10813022987,10813023036,1,"IOTHUB_CLIENT_CONFIRMATION_OK"
293,10813023320,10813023361,1,"IOTHUB_CLIENT_CONFIRMATION_OK"
294,10813023653,10813023696,1,"IOTHUB_CLIENT_CONFIRMATION_OK"
295,10813023986,10813024029,1,"IOTHUB_CLIENT_CONFIRMATION_OK"
296,10813024319,10813024365,1,"IOTHUB_CLIENT_CONFIRMATION_OK"
297,10813024652,10813024696,1,"IOTHUB_CLIENT_CONFIRMATION_OK"
298,10813024986,10813025024,1,"IOTHUB_CLIENT_CONFIRMATION_OK"
299,10813025319,10813025362,1,"IOTHUB_CLIENT_CONFIRMATION_OK"
300,10813025652,10813025721,1,"IOTHUB_CLIENT_CONFIRMATION_OK"
301,10813025985,10813026185,1,"IOTHUB_CLIENT_CONFIRMATION_OK"
302,10813026318,10813026359,1,"IOTHUB_CLIENT_CONFIRMATION_OK"
303,10813026651,10813026692,1,"IOTHUB_CLIENT_CONFIRMATION_OK"
304,10813026985,10813027025,1,"IOTHUB_CLIENT_CONFIRMATION_OK"
305,10813027318,10813027360,1,"IOTHUB_CLIENT_CONFIRMATION_OK"
306,10813027651,10813027693,1,"IOTHUB_CLIENT_CONFIRMATION_OK"
307,10813027984,10813028031,1,"IOTHUB_CLIENT_CONFIRMATION_OK"
308,10813028317,10813028362,1,"IOTHUB_CLIENT_CONFIRMATION_OK"
309,10813028650,10813028776,1,"IOTHUB_CLIENT_CONFIRMATION_OK"
310,10813028984,10813029024,1,"IOTHUB_CLIENT_CONFIRMATION_OK"
311,10813029317,10813029360,1,"IOTHUB_CLIENT_CONFIRMATION_OK"
312,10813029650,10813029688,1,"IOTHUB_CLIENT_CONFIRMATION_OK"
313,10813029983,10813030026,1,"IOTHUB_CLIENT_CONFIRMATION_OK"
314,10813030316,10813030372,1,"IOTHUB_CLIENT_CONFIRMATION_OK"
315,10813030649,10813030692,1,"IOTHUB_CLIENT_CONFIRMATION_OK"
316,10813030982,10813031036,1,"IOTHUB_CLIENT_CONFIRMATION_OK"
317,10813031316,10813031357,1,"IOTHUB_CLIENT_CONFIRMATION_OK"
318,10813031649,10813031688,1,"IOTHUB_CLIENT_CONFIRMATION_OK"
319,10813031982,10813032054,1,"IOTHUB_CLIENT_CONFIRMATION_OK"
320,10813032315,10813032364,1,"IOTHUB_CLIENT_CONFIRMATION_OK"
321,10813032648,10813032693,1,"IOTHUB_CLIENT_CONFIRMATION_OK"
322,10813032981,10813033071,1,"IOTHUB_CLIENT_CONFIRMATION_OK"
323,10813033314,10813033359,1,"IOTHUB_CLIENT_CONFIRMATION_OK"
324,10813033648,10813033688,1,"IOTHUB_CLIENT_CONFIRMATION_OK"
325,10813033981,10813034023,1,"IOTHUB_CLIENT_CONFIRMATION_OK"
326,10813034314,10813034356,1,"IOTHUB_CLIENT_CONFIRMATION_OK"
327,10813034647,10813034802,1,"IOTHUB_CLIENT_CONFIRMATION_OK"
328,10813034980,10813035143,1,"IOTHUB_CLIENT_CONFIRMATION_OK"
329,10813035313,10813035362,1,"IOTHUB_CLIENT_CONFIRMATION_OK"
330,10813035647,10813035718,1,"IOTHUB_CLIENT_CONFIRMATION_OK"
331,10813035980,10813036019,1,"IOTHUB_CLIENT_CONFIRMATION_OK"
332,10813036313,10813036356,1,"IOTHUB_CLIENT_CONFIRMATION_OK"
333,10813036646,10813036688,1,"IOTHUB_CLIENT_CONFIRMATION_OK"
334,10813036979,10813037042,1,"IOTHUB_CLIENT_CONFIRMATION_OK"
335,10813037312,10813037353,1,"IOTHUB_CLIENT_CONFIRMATION_OK"
336,10813037646,10813037688,1,"IOTHUB_CLIENT_CONFIRMATION_OK"
337,10813037979,10813038023,1,"IOTHUB_CLIENT_CONFIRMATION_OK"
338,10813038312,10813038364,1,"IOTHUB_CLIENT_CONFIRMATION_OK"
339,10813038645,10813038686,1,"IOTHUB_CLIENT_CONFIRMATION_OK"
340,10813038978,10813039021,1,"IOTHUB_CLIENT_CONFIRMATION_OK"
341,10813039311,10813039352,1,"IOTHUB_CLIENT_CONFIRMATION_OK"
342,10813039645,10813039688,1,"IOTHUB_CLIENT_CONFIRMATION_OK"
343,10813039978,10813040023,1,"IOTHUB_CLIENT_CONFIRMATION_OK"
344,10813040311,10813040353,1,"IOTHUB_CLIENT_CONFIRMATION_OK"
345,10813040644,10813040691,1,"IOTHUB_CLIENT_CONFIRMATION_OK"
346,10813040977,10813041020,1,"IOTHUB_CLIENT_CONFIRMATION_OK"
347,10813041310,10813041353,1,"IOTHUB_CLIENT_CONFIRMATION_OK"
348,10813041644,10813041686,1,"IOTHUB_CLIENT_CONFIRMATION_OK"
349,10813041977,10813042110,1,"IOTHUB_CLIENT_CONFIRMATION_OK"
350,10813042310,10813042350,1,"IOTHUB_CLIENT_CONFIRMATION_OK"
351,10813042643,10813042684,1,"IOTHUB_CLIENT_CONFIRMATION_OK"
352,10813042976,10813043017,1,"IOTHUB_CLIENT_CONFIRMATION_OK"
353,10813043309,10813043353,1,"IOTHUB_CLIENT_CONFIRMATION_OK"
354,10813043642,10813043685,1,"IOTHUB_CLIENT_CONFIRMATION_OK"
355,10813043976,10813044017,1,"IOTHUB_CLIENT_CONFIRMATION_OK"
356,10813044309,10813044360,1,"IOTHUB_CLIENT_CONFIRMATION_OK"
357,10813044642,10813044684,1,"IOTHUB_CLIENT_CONFIRMATION_OK"
358,10813044975,10813045017,1,"IOTHUB_CLIENT_CONFIRMATION_OK"
359,10813045308,10813045349,1,"IOTHUB_CLIENT_CONFIRMATION_OK"
360,10813045641,10813045818,1,"IOTHUB_CLIENT_CONFIRMATION_OK"
361,10813045974,10813046018,1,"IOTHUB_CLIENT_CONFIRMATION_OK"
362,10813046308,10813046347,1,"IOTHUB_CLIENT_CONFIRMATION_OK"
363,10813046641,10813046680,1,"IOTHUB_CLIENT_CONFIRMATION_OK"
364,10813046974,10813047018,1,"IOTHUB_CLIENT_CONFIRMATION_OK"
365,10813047307,10813047347,1,"IOTHUB_CLIENT_CONFIRMATION_OK"
366,10813047640,10813047709,1,"IOTHUB_CLIENT_CONFIRMATION_OK"
367,10813047973,10813048013,1,"IOTHUB_CLIENT_CONFIRMATION_OK"
368,10813048307,10813048347,1,"IOTHUB_CLIENT_CONFIRMATION_OK"
369,10813048640,10813048712,1,"IOTHUB_CLIENT_CONFIRMATION_OK"
370,10813048973,10813049015,1,"IOTHUB_CLIENT_CONFIRMATION_OK"
371,10813049306,10813049350,1,"IOTHUB_CLIENT_CONFIRMATION_OK"
372,10813049639,10813049682,1,"IOTHUB_CLIENT_CONFIRMATION_OK"
373,10813049972,10813050015,1,"IOTHUB_CLIENT_CONFIRMATION_OK"
374,10813050306,10813050347,1,"IOTHUB_CLIENT_CONFIRMATION_OK"
375,10813050639,10813050697,1,"IOTHUB_CLIENT_CONFIRMATION_OK"
376,10813050972,10813051013,1,"IOTHUB_CLIENT_CONFIRMATION_OK"
377,10813051305,10813051345,1,"IOTHUB_CLIENT_CONFIRMATION_OK"
378,10813051638,10813051681,1,"IOTHUB_CLIENT_CONFIRMATION_OK"
379,10813051971,10813052013,1,"IOTHUB_CLIENT_CONFIRMATION_OK"
380,10813052304,10813052345,1,"IOTHUB_CLIENT_CONFIRMATION_OK"
381,10813052638,10813052690,1,"IOTHUB_CLIENT_CONFIRMATION_OK"
382,10813052971,10813053011,1,"IOTHUB_CLIENT_CONFIRMATION_OK"
383,10813053304,10813053347,1,"IOTHUB_CLIENT_CONFIRMATION_OK"
384,10813053637,10813053682,1,"IOTHUB_CLIENT_CONFIRMATION_OK"
385,10813053970,10813054013,1,"IOTHUB_CLIENT_CONFIRMATION_OK"
386,10813054303,10813054353,1,"IOTHUB_CLIENT_CONFIRMATION_OK"
387,10813054637,10813054680,1,"IOTHUB_CLIENT_CONFIRMATION_OK"
388,10813054970,10813055042,1,"IOTHUB_CLIENT_CONFIRMATION_OK"
389,10813055303,10813055347,1,"IOTHUB_CLIENT_CONFIRMATION_OK"
390,10813055636,10813055678,1,"IOTHUB_CLIENT_CONFIRMATION_OK"
391,10813055969,10813056012,1,"IOTHUB_CLIENT_CONFIRMATION_OK"
392,10813056302,10813056356,1,"IOTHUB_CLIENT_CONFIRMATION_OK"
393,10813056635,10813056675,1,"IOTHUB_CLIENT_CONFIRMATION_OK"
394,10813056969,10813057008,1,"IOTHUB_CLIENT_CONFIRMATION_OK"
395,10813057302,10813057343,1,"IOTHUB_CLIENT_CONFIRMATION_OK"
396,10813057635,10813057678,1,"IOTHUB_CLIENT_CONFIRMATION_OK"
397,10813057968,10813058013,1,"IOTHUB_CLIENT_CONFIRMATION_OK"
398,10813058301,10813058342,1,"IOTHUB_CLIENT_CONFIRMATION_OK"
399,10813058634,10813058722,1,"IOTHUB_CLIENT_CONFIRMATION_OK"
400,10813058968,10813059023,1,"IOTHUB_CLIENT_CONFIRMATION_OK"
401,10813059301,10813059353,1,"IOTHUB_CLIENT_CONFIRMATION_OK"
402,10813059634,10813059676,1,"IOTHUB_CLIENT_CONFIRMATION_OK"
403,10813059967,10813060007,1,"IOTHUB_CLIENT_CONFIRMATION_OK"
404,10813060300,10813060343,1,"IOTHUB_CLIENT_CONFIRMATION_OK"
405,10813060633,10813060678,1,"IOTHUB_CLIENT_CONFIRMATION_OK"
406,10813060967,10813061035,1,"IOTHUB_CLIENT_CONFIRMATION_OK"
407,10813061300,10813061339,1,"IOTHUB_CLIENT_CONFIRMATION_OK"
408,10813061633,10813061673,1,"IOTHUB_CLIENT_CONFIRMATION_OK"
409,10813061966,10813062007,1,"IOTHUB_CLIENT_CONFIRMATION_OK"
410,10813062299,10813062385,1,"IOTHUB_CLIENT_CONFIRMATION_OK"
411,10813062632,10813062674,1,"IOTHUB_CLIENT_CONFIRMATION_OK"
412,10813062966,10813063018,1,"IOTHUB_CLIENT_CONFIRMATION_OK"
413,10813063299,10813063410,1,"IOTHUB_CLIENT_CONFIRMATION_OK"
414,10813063632,10813063682,1,"IOTHUB_CLIENT_CONFIRMATION_OK"
415,10813063965,10813064005,1,"IOTHUB_CLIENT_CONFIRMATION_OK"
416,10813064298,10813064336,1,"IOTHUB_CLIENT_CONFIRMATION_OK"
417,10813064631,10813064698,1,"IOTHUB_CLIENT_CONFIRMATION_OK"
418,10813064964,10813065007,1,"IOTHUB_CLIENT_CONFIRMATION_OK"
419,10813065298,10813065345,1,"IOTHUB_CLIENT_CONFIRMATION_OK"
420,10813065631,10813065671,1,"IOTHUB_CLIENT_CONFIRMATION_OK"
421,10813065964,10813066004,1,"IOTHUB_CLIENT_CONFIRMATION_OK"
422,10813066297,10813066353,1,"IOTHUB_CLIENT_CONFIRMATION_OK"
423,10813066630,10813066670,1,"IOTHUB_CLIENT_CONFIRMATION_OK"
424,10813066963,10813067009,1,"IOTHUB_CLIENT_CONFIRMATION_OK"
425,10813067297,10813067338,1,"IOTHUB_CLIENT_CONFIRMATION_OK"
426,10813067630,10813067671,1,"IOTHUB_CLIENT_CONFIRMATION_OK"
427,10813067963,10813068008,1,"IOTHUB_CLIENT_CONFIRMATION_OK"
428,10813068296,10813068338,1,"IOTHUB_CLIENT_CONFIRMATION_OK"
429,10813068629,10813068686,1,"IOTHUB_CLIENT_CONFIRMATION_OK"
430,10813068962,10813069006,1,"IOTHUB_CLIENT_CONFIRMATION_OK"
431,10813069296,10813069346,1,"IOTHUB_CLIENT_CONFIRMATION_OK"
432,10813069629,10813069670,1,"IOTHUB_CLIENT_CONFIRMATION_OK"
433,10813069962,10813070011,1,"IOTHUB_CLIENT_CONFIRMATION_OK"
434,10813070295,10813070354,1,"IOTHUB_CLIENT_CONFIRMATION_OK"
435,10813070628,10813070670,1,"IOTHUB_CLIENT_CONFIRMATION_OK"
436,10813070961,10813071002,1,"IOTHUB_CLIENT_CONFIRMATION_OK"
437,10813071294,10813071337,1,"IOTHUB_CLIENT_CONFIRMATION_OK"
438,10813071628,10813071673,1,"IOTHUB_CLIENT_CONFIRMATION_OK"
439,10813071961,10813072000,1,"IOTHUB_CLIENT_CONFIRMATION_OK"
440,10813072294,10813072335,1,"IOTHUB_CLIENT_CONFIRMATION_OK"
441,10813072627,10813072668,1,"IOTHUB_CLIENT_CONFIRMATION_OK"
442,10813072960,10813073003,1,"IOTHUB_CLIENT_CONFIRMATION_OK"
443,10813073293,10813073336,1,"IOTHUB_CLIENT_CONFIRMATION_OK"
444,10813073627,10813073669,1,"IOTHUB_CLIENT_CONFIRMATION_OK"
445,10813073960,10813074002,1,"IOTHUB_CLIENT_CONFIRMATION_OK"
446,10813074293,10813074336,1,"IOTHUB_CLIENT_CONFIRMATION_OK"
447,10813074626,10813074668,1,"IOTHUB_CLIENT_CONFIRMATION_OK"
448,10813074959,10813075001,1,"IOTHUB_CLIENT_CONFIRMATION_OK"
449,10813075292,10813075332,1,"IOTHUB_CLIENT_CONFIRMATION_OK"
450,10813075625,10813075667,1,"IOTHUB_CLIENT_CONFIRMATION_OK"
451,10813075959,10813076001,1,"IOTHUB_CLIENT_CONFIRMATION_OK"
452,10813076292,10813076332,1,"IOTHUB_CLIENT_CONFIRMATION_OK"
453,10813076625,10813076666,1,"IOTHUB_CLIENT_CONFIRMATION_OK"
454,10813076958,10813076999,1,"IOTHUB_CLIENT_CONFIRMATION_OK"
455,10813077291,10813077330,1,"IOTHUB_CLIENT_CONFIRMATION_OK"
456,10813077624,10813077673,1,"IOTHUB_CLIENT_CONFIRMATION_OK"
457,10813077958,10813077996,1,"IOTHUB_CLIENT_CONFIRMATION_OK"
458,10813078291,10813078387,1,"IOTHUB_CLIENT_CONFIRMATION_OK"
459,10813078624,10813078668,1,"IOTHUB_CLIENT_CONFIRMATION_OK"
460,10813078957,10813079008,1,"IOTHUB_CLIENT_CONFIRMATION_OK"
461,10813079290,10813079332,1,"IOTHUB_CLIENT_CONFIRMATION_OK"
462,10813079623,10813079674,1,"IOTHUB_CLIENT_CONFIRMATION_OK"
463,10813079956,10813080053,1,"IOTHUB_CLIENT_CONFIRMATION_OK"
464,10813080290,10813080333,1,"IOTHUB_CLIENT_CONFIRMATION_OK"
465,10813080623,10813080664,1,"IOTHUB_CLIENT_CONFIRMATION_OK"
466,10813080956,10813081058,1,"IOTHUB_CLIENT_CONFIRMATION_OK"
467,10813081289,10813081331,1,"IOTHUB_CLIENT_CONFIRMATION_OK"
468,10813081622,10813081663,1,"IOTHUB_CLIENT_CONFIRMATION_OK"
469,10813081955,10813081998,1,"IOTHUB_CLIENT_CONFIRMATION_OK"
470,10813082289,10813082347,1,"IOTHUB_CLIENT_CONFIRMATION_OK"
471,10813082622,10813082674,1,"IOTHUB_CLIENT_CONFIRMATION_OK"
472,10813082955,10813082998,1,"IOTHUB_CLIENT_CONFIRMATION_OK"
473,10813083288,10813083330,1,"IOTHUB_CLIENT_CONFIRMATION_OK"
474,10813083621,10813083687,1,"IOTHUB_CLIENT_CONFIRMATION_OK"
475,10813083954,10813083995,1,"IOTHUB_CLIENT_CONFIRMATION_OK"
476,10813084287,10813084336,1,"IOTHUB_CLIENT_CONFIRMATION_OK"
477,10813084621,10813084663,1,"IOTHUB_CLIENT_CONFIRMATION_OK"
478,10813084954,10813084993,1,"IOTHUB_CLIENT_CONFIRMATION_OK"
479,10813085287,10813085325,1,"IOTHUB_CLIENT_CONFIRMATION_OK"
480,10813085620,10813085673,1,"IOTHUB_CLIENT_CONFIRMATION_OK"
481,10813085953,10813085994,1,"IOTHUB_CLIENT_CONFIRMATION_OK"
482,10813086286,10813086328,1,"IOTHUB_CLIENT_CONFIRMATION_OK"
483,10813086620,10813086663,1,"IOTHUB_CLIENT_CONFIRMATION_OK"
484,10813086953,10813087005,1,"IOTHUB_CLIENT_CONFIRMATION_OK"
485,10813087286,10813087326,1,"IOTHUB_CLIENT_CONFIRMATION_OK"
486,10813087619,10813087662,1,"IOTHUB_CLIENT_CONFIRMATION_OK"
487,10813087952,10813087994,1,"IOTHUB_CLIENT_CONFIRMATION_OK"
488,10813088285,10813088336,1,"IOTHUB_CLIENT_CONFIRMATION_OK"
489,10813088619,10813088661,1,"IOTHUB_CLIENT_CONFIRMATION_OK"
490,10813088952,10813089017,1,"IOTHUB_CLIENT_CONFIRMATION_OK"
491,10813089285,10813089338,1,"IOTHUB_CLIENT_CONFIRMATION_OK"
492,10813089618,10813089671,1,"IOTHUB_CLIENT_CONFIRMATION_OK"
493,10813089951,10813089999,1,"IOTHUB_CLIENT_CONFIRMATION_OK"
494,10813090284,10813090327,1,"IOTHUB_CLIENT_CONFIRMATION_OK"
495,10813090617,10813090658,1,"IOTHUB_CLIENT_CONFIRMATION_OK"
496,10813090951,10813091000,1,"IOTHUB_CLIENT_CONFIRMATION_OK"
497,10813091284,10813091325,1,"IOTHUB_CLIENT_CONFIRMATION_OK"
498,10813091617,10813091656,1,"IOTHUB_CLIENT_CONFIRMATION_OK"
499,10813091950,10813092046,1,"IOTHUB_CLIENT_CONFIRMATION_OK"
500,10813092283,10813092331,1,"IOTHUB_CLIENT_CONFIRMATION_OK"
501,10813092616,10813092665,1,"IOTHUB_CLIENT_CONFIRMATION_OK"
502,10813092950,10813093082,1,"IOTHUB_CLIENT_CONFIRMATION_OK"
503,10813093283,10813093330,1,"IOTHUB_CLIENT_CONFIRMATION_OK"
504,10813093616,10813093658,1,"IOTHUB_CLIENT_CONFIRMATION_OK"
505,10813093949,10813093996,1,"IOTHUB_CLIENT_CONFIRMATION_OK"
506,10813094282,10813094324,1,"IOTHUB_CLIENT_CONFIRMATION_OK"
507,10813094615,10813094660,1,"IOTHUB_CLIENT_CONFIRMATION_OK"
508,10813094949,10813094988,1,"IOTHUB_CLIENT_CONFIRMATION_OK"
509,10813095282,10813095324,1,"IOTHUB_CLIENT_CONFIRMATION_OK"
510,10813095615,10813095736,1,"IOTHUB_CLIENT_CONFIRMATION_OK"
511,10813095948,10813095987,1,"IOTHUB_CLIENT_CONFIRMATION_OK"
512,10813096281,10813096333,1,"IOTHUB_CLIENT_CONFIRMATION_OK"
513,10813096614,10813096656,1,"IOTHUB_CLIENT_CONFIRMATION_OK"
514,10813096948,10813096987,1,"IOTHUB_CLIENT_CONFIRMATION_OK"
515,10813097281,10813097323,1,"IOTHUB_CLIENT_CONFIRMATION_OK"
516,10813097614,10813097654,1,"IOTHUB_CLIENT_CONFIRMATION_OK"
517,10813097947,10813097990,1,"IOTHUB_CLIENT_CONFIRMATION_OK"
518,10813098280,10813098328,1,"IOTHUB_CLIENT_CONFIRMATION_OK"
519,10813098614,10813098657,1,"IOTHUB_CLIENT_CONFIRMATION_OK"
520,10813098947,10813098989,1,"IOTHUB_CLIENT_CONFIRMATION_OK"
521,10813099280,10813099321,1,"IOTHUB_CLIENT_CONFIRMATION_OK"
522,10813099613,10813099665,1,"IOTHUB_CLIENT_CONFIRMATION_OK"
523,10813099946,10813099990,1,"IOTHUB_CLIENT_CONFIRMATION_OK"
524,10813100279,10813100319,1,"IOTHUB_CLIENT_CONFIRMATION_OK"
525,10813100613,10813100675,1,"IOTHUB_CLIENT_CONFIRMATION_OK"
526,10813100946,10813100992,1,"IOTHUB_CLIENT_CONFIRMATION_OK"
527,10813101279,10813101320,1,"IOTHUB_CLIENT_CONFIRMATION_OK"
528,10813101612,10813101683,1,"IOTHUB_CLIENT_CONFIRMATION_OK"
529,10813101945,10813101987,1,"IOTHUB_CLIENT_CONFIRMATION_OK"
530,10813102278,10813102329,1,"IOTHUB_CLIENT_CONFIRMATION_OK"
531,10813102611,10813102656,1,"IOTHUB_CLIENT_CONFIRMATION_OK"
532,10813102945,10813102986,1,"IOTHUB_CLIENT_CONFIRMATION_OK"
533,10813103278,10813103317,1,"IOTHUB_CLIENT_CONFIRMATION_OK"
534,10813103611,10813103666,1,"IOTHUB_CLIENT_CONFIRMATION_OK"
535,10813103944,10813104080,1,"IOTHUB_CLIENT_CONFIRMATION_OK"
536,10813104277,10813104319,1,"IOTHUB_CLIENT_CONFIRMATION_OK"
537,10813104610,10813104650,1,"IOTHUB_CLIENT_CONFIRMATION_OK"
538,10813104944,10813104987,1,"IOTHUB_CLIENT_CONFIRMATION_OK"
539,10813105277,10813105319,1,"IOTHUB_CLIENT_CONFIRMATION_OK"
540,10813105610,10813105650,1,"IOTHUB_CLIENT_CONFIRMATION_OK"
541,10813105943,10813105981,1,"IOTHUB_CLIENT_CONFIRMATION_OK"
542,10813106276,10813106323,1,"IOTHUB_CLIENT_CONFIRMATION_OK"
543,10813106609,10813106652,1,"IOTHUB_CLIENT_CONFIRMATION_OK"
544,10813106942,10813106984,1,"IOTHUB_CLIENT_CONFIRMATION_OK"
545,10813107276,10813107315,1,"IOTHUB_CLIENT_CONFIRMATION_OK"
546,10813107609,10813107654,1,"IOTHUB_CLIENT_CONFIRMATION_OK"
547,10813107942,10813107992,1,"IOTHUB_CLIENT_CONFIRMATION_OK"
548,10813108275,10813108318,1,"IOTHUB_CLIENT_CONFIRMATION_OK"
549,10813108608,10813108652,1,"IOTHUB_CLIENT_CONFIRMATION_OK"
550,10813108941,10813109025,1,"IOTHUB_CLIENT_CONFIRMATION_OK"
551,10813109274,10813109316,1,"IOTHUB_CLIENT_CONFIRMATION_OK"
552,10813109608,10813109647,1,"IOTHUB_CLIENT_CONFIRMATION_OK"
553,10813109941,10813109981,1,"IOTHUB_CLIENT_CONFIRMATION_OK"
554,10813110274,10813110318,1,"IOTHUB_CLIENT_CONFIRMATION_OK"
555,10813110607,10813110648,1,"IOTHUB_CLIENT_CONFIRMATION_OK"
556,10813110940,10813110981,1,"IOTHUB_CLIENT_CONFIRMATION_OK"
557,10813111273,10813111316,1,"IOTHUB_CLIENT_CONFIRMATION_OK"
558,10813111607,10813111650,1,"IOTHUB_CLIENT_CONFIRMATION_OK"
559,10813111940,10813111982,1,"IOTHUB_CLIENT_CONFIRMATION_OK"
560,10813112273,10813112390,1,"IOTHUB_CLIENT_CONFIRMATION_OK"
561,10813112606,10813112647,1,"IOTHUB_CLIENT_CONFIRMATION_OK"
562,10813112939,10813112982,1,"IOTHUB_CLIENT_CONFIRMATION_OK"
563,10813113272,10813113315,1,"IOTHUB_CLIENT_CONFIRMATION_OK"
564,10813113605,10813113636,1,"IOTHUB_CLIENT_CONFIRMATION_OK"
565,10813113939,10813114015,1,"IOTHUB_CLIENT_CONFIRMATION_OK"
566,10813114272,10813114311,1,"IOTHUB_CLIENT_CONFIRMATION_OK"
567,10813114605,10813114647,1,"IOTHUB_CLIENT_CONFIRMATION_OK"
568,10813114938,10813114970,1,"IOTHUB_CLIENT_CONFIRMATION_OK"
569,10813115271,10813115314,1,"IOTHUB_CLIENT_CONFIRMATION_OK"
570,10813115604,10813115635,1,"IOTHUB_CLIENT_CONFIRMATION_OK"
571,10813115938,10813115967,1,"IOTHUB_CLIENT_CONFIRMATION_OK"
572,10813116271,10813116357,1,"IOTHUB_CLIENT_CONFIRMATION_OK"
573,10813116604,10813116640,1,"IOTHUB_CLIENT_CONFIRMATION_OK"
574,10813116937,10813116970,1,"IOTHUB_CLIENT_CONFIRMATION_OK"
575,10813117270,10813117301,1,"IOTHUB_CLIENT_CONFIRMATION_OK"
576,10813117603,10813117649,1,"IOTHUB_CLIENT_CONFIRMATION_OK"
577,10813117937,10813117967,1,"IOTHUB_CLIENT_CONFIRMATION_OK"
578,10813118270,10813118299,1,"IOTHUB_CLIENT_CONFIRMATION_OK"
579,10813118603,10813118632,1,"IOTHUB_CLIENT_CONFIRMATION_OK"
580,10813118936,10813119054,1,"IOTHUB_CLIENT_CONFIRMATION_OK"
581,10813119269,10813119300,1,"IOTHUB_CLIENT_CONFIRMATION_OK"
582,10813119602,10813119632,1,"IOTHUB_CLIENT_CONFIRMATION_OK"
583,10813119936,10813119967,1,"IOTHUB_CLIENT_CONFIRMATION_OK"
584,10813120269,10813120299,1,"IOTHUB_CLIENT_CONFIRMATION_OK"
585,10813120602,10813120638,1,"IOTHUB_CLIENT_CONFIRMATION_OK"
586,10813120935,10813120967,1,"IOTHUB_CLIENT_CONFIRMATION_OK"
587,10813121268,10813121303,1,"IOTHUB_CLIENT_CONFIRMATION_OK"
588,10813121601,10813121632,1,"IOTHUB_CLIENT_CONFIRMATION_OK"
589,10813121935,10813121971,1,"IOTHUB_CLIENT_CONFIRMATION_OK"
590,10813122268,10813122309,1,"IOTHUB_CLIENT_CONFIRMATION_OK"
591,10813122601,10813122644,1,"IOTHUB_CLIENT_CONFIRMATION_OK"
592,10813122934,10813122973,1,"IOTHUB_CLIENT_CONFIRMATION_OK"
593,10813123267,10813123307,1,"IOTHUB_CLIENT_CONFIRMATION_OK"
594,10813123600,10813123639,1,"IOTHUB_CLIENT_CONFIRMATION_OK"
595,10813123934,10813123975,1,"IOTHUB_CLIENT_CONFIRMATION_OK"
596,10813124267,10813124299,1,"IOTHUB_CLIENT_CONFIRMATION_OK"
597,10813124600,10813124629,1,"IOTHUB_CLIENT_CONFIRMATION_OK"
598,10813124933,10813124995,1,"IOTHUB_CLIENT_CONFIRMATION_OK"
599,10813125266,10813125296,1,"IOTHUB_CLIENT_CONFIRMATION_OK"
600,10813125599,10813125632,1,"IOTHUB_CLIENT_CONFIRMATION_OK"
601,10813125933,10813125967,1,"IOTHUB_CLIENT_CONFIRMATION_OK"
602,10813126266,10813126294,1,"IOTHUB_CLIENT_CONFIRMATION_OK"
603,10813126599,10813126629,1,"IOTHUB_CLIENT_CONFIRMATION_OK"
604,10813126932,10813126964,1,"IOTHUB_CLIENT_CONFIRMATION_OK"
605,10813127265,10813127298,1,"IOTHUB_CLIENT_CONFIRMATION_OK"
606,10813127598,10813127628,1,"IOTHUB_CLIENT_CONFIRMATION_OK"
607,10813127931,10813127962,1,"IOTHUB_CLIENT_CONFIRMATION_OK"
608,10813128265,10813128298,1,"IOTHUB_CLIENT_CONFIRMATION_OK"
609,10813128598,10813128634,1,"IOTHUB_CLIENT_CONFIRMATION_OK"
610,10813128931,10813129010,1,"IOTHUB_CLIENT_CONFIRMATION_OK"
611,10813129264,10813129294,1,"IOTHUB_CLIENT_CONFIRMATION_OK"
612,10813129597,10813129630,1,"IOTHUB_CLIENT_CONFIRMATION_OK"
613,10813129930,10813130029,1,"IOTHUB_CLIENT_CONFIRMATION_OK"
614,10813130264,10813130292,1,"IOTHUB_CLIENT_CONFIRMATION_OK"
615,10813130597,10813130627,1,"IOTHUB_CLIENT_CONFIRMATION_OK"
616,10813130930,10813130959,1,"IOTHUB_CLIENT_CONFIRMATION_OK"
617,10813131263,10813131300,1,"IOTHUB_CLIENT_CONFIRMATION_OK"
618,10813131596,10813131629,1,"IOTHUB_CLIENT_CONFIRMATION_OK"
619,10813131929,10813131965,1,"IOTHUB_CLIENT_CONFIRMATION_OK"
620,10813132263,10813132291,1,"IOTHUB_CLIENT_CONFIRMATION_OK"
621,10813132596,10813132629,1,"IOTHUB_CLIENT_CONFIRMATION_OK"
622,10813132929,10813132957,1,"IOTHUB_CLIENT_CONFIRMATION_OK"
623,10813133262,10813133292,1,"IOTHUB_CLIENT_CONFIRMATION_OK"
624,10813133595,10813133624,1,"IOTHUB_CLIENT_CONFIRMATION_OK"
625,10813133928,10813133957,1,"IOTHUB_CLIENT_CONFIRMATION_OK"
626,10813134262,10813134293,1,"IOTHUB_CLIENT_CONFIRMATION_OK"
627,10813134595,10813134626,1,"IOTHUB_CLIENT_CONFIRMATION_OK"
628,10813134928,10813134974,1,"IOTHUB_CLIENT_CONFIRMATION_OK"
629,10813135261,10813135291,1,"IOTHUB_CLIENT_CONFIRMATION_OK"
630,10813135594,10813135625,1,"IOTHUB_CLIENT_CONFIRMATION_OK"
631,10813135927,10813135987,1,"IOTHUB_CLIENT_CONFIRMATION_OK"
632,10813136261,10813136315,1,"IOTHUB_CLIENT_CONFIRMATION_OK"
633,10813136594,10813136625,1,"IOTHUB_CLIENT_CONFIRMATION_OK"
634,10813136927,10813136956,1,"IOTHUB_CLIENT_CONFIRMATION_OK"
635,10813137260,10813137292,1,"IOTHUB_CLIENT_CONFIRMATION_OK"
636,10813137593,10813137622,1,"IOTHUB_CLIENT_CONFIRMATION_OK"
637,10813137926,10813137955,1,"IOTHUB_CLIENT_CONFIRMATION_OK"
638,10813138260,10813138353,1,"IOTHUB_CLIENT_CONFIRMATION_OK"
639,10813138593,10813138624,1,"IOTHUB_CLIENT_CONFIRMATION_OK"
640,10813138926,10813139006,1,"IOTHUB_CLIENT_CONFIRMATION_OK"
641,10813139259,10813139290,1,"IOTHUB_CLIENT_CONFIRMATION_OK"
642,10813139592,10813139624,1,"IOTHUB_CLIENT_CONFIRMATION_OK"
643,10813139925,10813139961,1,"IOTHUB_CLIENT_CONFIRMATION_OK"
644,10813140258,10813140290,1,"IOTHUB_CLIENT_CONFIRMATION_OK"
645,10813140592,10813140627,1,"IOTHUB_CLIENT_CONFIRMATION_OK"
646,10813140925,10813140957,1,"IOTHUB_CLIENT_CONFIRMATION_OK"
647,10813141258,10813141289,1,"IOTHUB_CLIENT_CONFIRMATION_OK"
648,10813141591,10813141622,1,"IOTHUB_CLIENT_CONFIRMATION_OK"
649,10813141924,10813141958,1,"IOTHUB_CLIENT_CONFIRMATION_OK"
650,10813142258,10813142299,1,"IOTHUB_CLIENT_CONFIRMATION_OK"
651,10813142591,10813142619,1,"IOTHUB_CLIENT_CONFIRMATION_OK"
652,10813142924,10813142956,1,"IOTHUB_CLIENT_CONFIRMATION_OK"
653,10813143257,10813143289,1,"IOTHUB_CLIENT_CONFIRMATION_OK"
654,10813143590,10813143622,1,"IOTHUB_CLIENT_CONFIRMATION_OK"
655,10813143923,10813143951,1,"IOTHUB_CLIENT_CONFIRMATION_OK"
656,10813144256,10813144288,1,"IOTHUB_CLIENT_CONFIRMATION_OK"
657,10813144590,10813144617,1,"IOTHUB_CLIENT_CONFIRMATION_OK"
658,10813144923,10813144953,1,"IOTHUB_CLIENT_CONFIRMATION_OK"
659,10813145256,10813145298,1,"IOTHUB_CLIENT_CONFIRMATION_OK"
660,10813145589,10813145619,1,"IOTHUB_CLIENT_CONFIRMATION_OK"
661,10813145922,10813145956,1,"IOTHUB_CLIENT_CONFIRMATION_OK"
662,10813146255,10813146286,1,"IOTHUB_CLIENT_CONFIRMATION_OK"
663,10813146589,10813146620,1,"IOTHUB_CLIENT_CONFIRMATION_OK"
664,10813146922,10813146952,1,"IOTHUB_CLIENT_CONFIRMATION_OK"
665,10813147255,10813147287,1,"IOTHUB_CLIENT_CONFIRMATION_OK"
666,10813147588,10813147618,1,"IOTHUB_CLIENT_CONFIRMATION_OK"
667,10813147921,10813147951,1,"IOTHUB_CLIENT_CONFIRMATION_OK"
668,10813148254,10813148379,1,"IOTHUB_CLIENT_CONFIRMATION_OK"
669,10813148588,10813148621,1,"IOTHUB_CLIENT_CONFIRMATION_OK"
670,10813148921,10813148950,1,"IOTHUB_CLIENT_CONFIRMATION_OK"
671,10813149254,10813149286,1,"IOTHUB_CLIENT_CONFIRMATION_OK"
672,10813149587,10813149618,1,"IOTHUB_CLIENT_CONFIRMATION_OK"
673,10813149920,10813149953,1,"IOTHUB_CLIENT_CONFIRMATION_OK"
674,10813150253,10813150284,1,"IOTHUB_CLIENT_CONFIRMATION_OK"
675,10813150587,10813150632,1,"IOTHUB_CLIENT_CONFIRMATION_OK"
676,10813150920,10813150964,1,"IOTHUB_CLIENT_CONFIRMATION_OK"
677,10813151253,10813151282,1,"IOTHUB_CLIENT_CONFIRMATION_OK"
678,10813151586,10813151662,1,"IOTHUB_CLIENT_CONFIRMATION_OK"
679,10813151919,10813151952,1,"IOTHUB_CLIENT_CONFIRMATION_OK"
680,10813152252,10813152281,1,"IOTHUB_CLIENT_CONFIRMATION_OK"
681,10813152585,10813152619,1,"IOTHUB_CLIENT_CONFIRMATION_OK"
682,10813152919,10813152948,1,"IOTHUB_CLIENT_CONFIRMATION_OK"
683,10813153252,10813153289,1,"IOTHUB_CLIENT_CONFIRMATION_OK"
684,10813153585,10813153622,1,"IOTHUB_CLIENT_CONFIRMATION_OK"
685,10813153918,10813153947,1,"IOTHUB_CLIENT_CONFIRMATION_OK"
686,10813154251,10813154280,1,"IOTHUB_CLIENT_CONFIRMATION_OK"
687,10813154584,10813154619,1,"IOTHUB_CLIENT_CONFIRMATION_OK"
688,10813154918,10813154964,1,"IOTHUB_CLIENT_CONFIRMATION_OK"
689,10813155251,10813155281,1,"IOTHUB_CLIENT_CONFIRMATION_OK"
690,10813155584,10813155623,1,"IOTHUB_CLIENT_CONFIRMATION_OK"
691,10813155917,10813155949,1,"IOTHUB_CLIENT_CONFIRMATION_OK"
692,10813156250,10813156281,1,"IOTHUB_CLIENT_CONFIRMATION_OK"
693,10813156583,10813156611,1,"IOTHUB_CLIENT_CONFIRMATION_OK"
694,10813156917,10813156967,1,"IOTHUB_CLIENT_CONFIRMATION_OK"
695,10813157250,10813157280,1,"IOTHUB_CLIENT_CONFIRMATION_OK"
696,10813157583,10813157612,1,"IOTHUB_CLIENT_CONFIRMATION_OK"
697,10813157916,10813157947,1,"IOTHUB_CLIENT_CONFIRMATION_OK"
698,10813158249,10813158279,1,"IOTHUB_CLIENT_CONFIRMATION_OK"
699,10813158582,10813158615,1,"IOTHUB_CLIENT_CONFIRMATION_OK"
700,10813158916,10813158945,1,"IOTHUB_CLIENT_CONFIRMATION_OK"
701,10813159249,10813159281,1,"IOTHUB_CLIENT_CONFIRMATION_OK"
702,10813159582,10813159616,1,"IOTHUB_CLIENT_CONFIRMATION_OK"
703,10813159915,10813159949,1,"IOTHUB_CLIENT_CONFIRMATION_OK"
704,10813160248,10813160284,1,"IOTHUB_CLIENT_CONFIRMATION_OK"
705,10813160581,10813160613,1,"IOTHUB_CLIENT_CONFIRMATION_OK"
706,10813160914,10813160945,1,"IOTHUB_CLIENT_CONFIRMATION_OK"
707,10813161248,10813161294,1,"IOTHUB_CLIENT_CONFIRMATION_OK"
708,10813161581,10813161620,1,"IOTHUB_CLIENT_CONFIRMATION_OK"
709,10813161914,10813161943,1,"IOTHUB_CLIENT_CONFIRMATION_OK"
710,10813162247,10813162306,1,"IOTHUB_CLIENT_CONFIRMATION_OK"
711,10813162580,10813162614,1,"IOTHUB_CLIENT_CONFIRMATION_OK"
712,10813162913,10813162943,1,"IOTHUB_CLIENT_CONFIRMATION_OK"
713,10813163247,10813163342,1,"IOTHUB_CLIENT_CONFIRMATION_OK"
714,10813163580,10813163611,1,"IOTHUB_CLIENT_CONFIRMATION_OK"
715,10813163913,10813163958,1,"IOTHUB_CLIENT_CONFIRMATION_OK"
716,10813164246,10813164349,1,"IOTHUB_CLIENT_CONFIRMATION_OK"
717,10813164579,10813164612,1,"IOTHUB_CLIENT_CONFIRMATION_OK"
718,10813164912,10813164942,1,"IOTHUB_CLIENT_CONFIRMATION_OK"
719,10813165246,10813165274,1,"IOTHUB_CLIENT_CONFIRMATION_OK"
720,10813165579,10813165606,1,"IOTHUB_CLIENT_CONFIRMATION_OK"
721,10813165912,10813165944,1,"IOTHUB_CLIENT_CONFIRMATION_OK"
722,10813166245,10813166276,1,"IOTHUB_CLIENT_CONFIRMATION_OK"
723,10813166578,10813166612,1,"IOTHUB_CLIENT_CONFIRMATION_OK"
724,10813166911,10813166942,1,"IOTHUB_CLIENT_CONFIRMATION_OK"
725,10813167245,10813167275,1,"IOTHUB_CLIENT_CONFIRMATION_OK"
726,10813167578,10813167608,1,"IOTHUB_CLIENT_CONFIRMATION_OK"
727,10813167911,10813167942,1,"IOTHUB_CLIENT_CONFIRMATION_OK"
728,10813168244,10813168273,1,"IOTHUB_CLIENT_CONFIRMATION_OK"
729,10813168577,10813168609,1,"IOTHUB_CLIENT_CONFIRMATION_OK"
730,10813168910,10813168941,1,"IOTHUB_CLIENT_CONFIRMATION_OK"
731,10813169244,10813169274,1,"IOTHUB_CLIENT_CONFIRMATION_OK"
732,10813169577,10813169605,1,"IOTHUB_CLIENT_CONFIRMATION_OK"
733,10813169910,10813169943,1,"IOTHUB_CLIENT_CONFIRMATION_OK"
734,10813170243,10813170273,1,"IOTHUB_CLIENT_CONFIRMATION_OK"
735,10813170576,10813170607,1,"IOTHUB_CLIENT_CONFIRMATION_OK"
736,10813170909,10813170939,1,"IOTHUB_CLIENT_CONFIRMATION_OK"
737,10813171242,10813171273,1,"IOTHUB_CLIENT_CONFIRMATION_OK"
738,10813171576,10813171604,1,"IOTHUB_CLIENT_CONFIRMATION_OK"
739,10813171909,10813171954,1,"IOTHUB_CLIENT_CONFIRMATION_OK"
740,10813172242,10813172273,1,"IOTHUB_CLIENT_CONFIRMATION_OK"
741,10813172575,10813172604,1,"IOTHUB_CLIENT_CONFIRMATION_OK"
742,10813172908,10813172940,1,"IOTHUB_CLIENT_CONFIRMATION_OK"
743,10813173241,10813173271,1,"IOTHUB_CLIENT_CONFIRMATION_OK"
744,10813173575,10813173605,1,"IOTHUB_CLIENT_CONFIRMATION_OK"
745,10813173908,10813173937,1,"IOTHUB_CLIENT_CONFIRMATION_OK"
746,10813174241,10813174287,1,"IOTHUB_CLIENT_CONFIRMATION_OK"
747,10813174574,10813174604,1,"IOTHUB_CLIENT_CONFIRMATION_OK"
748,10813174907,10813174939,1,"IOTHUB_CLIENT_CONFIRMATION_OK"
749,10813175240,10813175303,1,"IOTHUB_CLIENT_CONFIRMATION_OK"
750,10813175574,10813175601,1,"IOTHUB_CLIENT_CONFIRMATION_OK"
751,10813175907,10813175950,1,"IOTHUB_CLIENT_CONFIRMATION_OK"
752,10813176240,10813176269,1,"IOTHUB_CLIENT_CONFIRMATION_OK"
753,10813176573,10813176603,1,"IOTHUB_CLIENT_CONFIRMATION_OK"
754,10813176906,10813176941,1,"IOTHUB_CLIENT_CONFIRMATION_OK"
755,10813177239,10813177273,1,"IOTHUB_CLIENT_CONFIRMATION_OK"
756,10813177573,10813177600,1,"IOTHUB_CLIENT_CONFIRMATION_OK"
757,10813177906,10813177936,1,"IOTHUB_CLIENT_CONFIRMATION_OK"
758,10813178239,10813178273,1,"IOTHUB_CLIENT_CONFIRMATION_OK"
759,10813178572,10813178614,1,"IOTHUB_CLIENT_CONFIRMATION_OK"
760,10813178905,10813179042,1,"IOTHUB_CLIENT_CONFIRMATION_OK"
761,10813179238,10813179279,1,"IOTHUB_CLIENT_CONFIRMATION_OK"
762,10813179571,10813179602,1,"IOTHUB_CLIENT_CONFIRMATION_OK"
763,10813179905,10813179945,1,"IOTHUB_CLIENT_CONFIRMATION_OK"
764,10813180238,10813180269,1,"IOTHUB_CLIENT_CONFIRMATION_OK"
765,10813180571,10813180623,1,"IOTHUB_CLIENT_CONFIRMATION_OK"
766,10813180904,10813180960,1,"IOTHUB_CLIENT_CONFIRMATION_OK"
767,10813181237,10813181266,1,"IOTHUB_CLIENT_CONFIRMATION_OK"
768,10813181571,10813181603,1,"IOTHUB_CLIENT_CONFIRMATION_OK"
769,10813181904,10813182023,1,"IOTHUB_CLIENT_CONFIRMATION_OK"
770,10813182237,10813182268,1,"IOTHUB_CLIENT_CONFIRMATION_OK"
771,10813182570,10813182603,1,"IOTHUB_CLIENT_CONFIRMATION_OK"
772,10813182903,10813182935,1,"IOTHUB_CLIENT_CONFIRMATION_OK"
773,10813183236,10813183268,1,"IOTHUB_CLIENT_CONFIRMATION_OK"
774,10813183569,10813183600,1,"IOTHUB_CLIENT_CONFIRMATION_OK"
775,10813183903,10813183946,1,"IOTHUB_CLIENT_CONFIRMATION_OK"
776,10813184236,10813184267,1,"IOTHUB_CLIENT_CONFIRMATION_OK"
777,10813184569,10813184598,1,"IOTHUB_CLIENT_CONFIRMATION_OK"
778,10813184902,10813184932,1,"IOTHUB_CLIENT_CONFIRMATION_OK"
779,10813185235,10813185274,1,"IOTHUB_CLIENT_CONFIRMATION_OK"
780,10813185568,10813185606,1,"IOTHUB_CLIENT_CONFIRMATION_OK"
781,10813185902,10813186004,1,"IOTHUB_CLIENT_CONFIRMATION_OK"
782,10813186235,10813186264,1,"IOTHUB_CLIENT_CONFIRMATION_OK"
783,10813186568,10813186599,1,"IOTHUB_CLIENT_CONFIRMATION_OK"
784,10813186901,10813186930,1,"IOTHUB_CLIENT_CONFIRMATION_OK"
785,10813187234,10813187275,1,"IOTHUB_CLIENT_CONFIRMATION_OK"
786,10813187567,10813187612,1,"IOTHUB_CLIENT_CONFIRMATION_OK"
787,10813187901,10813187944,1,"IOTHUB_CLIENT_CONFIRMATION_OK"
788,10813188234,10813188275,1,"IOTHUB_CLIENT_CONFIRMATION_OK"
789,10813188567,10813188596,1,"IOTHUB_CLIENT_CONFIRMATION_OK"
790,10813188900,10813188936,1,"IOTHUB_CLIENT_CONFIRMATION_OK"
791,10813189233,10813189263,1,"IOTHUB_CLIENT_CONFIRMATION_OK"
792,10813189566,10813189598,1,"IOTHUB_CLIENT_CONFIRMATION_OK"
793,10813189900,10813189927,1,"IOTHUB_CLIENT_CONFIRMATION_OK"
794,10813190233,10813190263,1,"IOTHUB_CLIENT_CONFIRMATION_OK"
795,10813190566,10813190613,1,"IOTHUB_CLIENT_CONFIRMATION_OK"
796,10813190899,10813190928,1,"IOTHUB_CLIENT_CONFIRMATION_OK"
797,10813191232,10813191271,1,"IOTHUB_CLIENT_CONFIRMATION_OK"
798,10813191565,10813191604,1,"IOTHUB_CLIENT_CONFIRMATION_OK"
799,10813191898,10813191929,1,"IOTHUB_CLIENT_CONFIRMATION_OK"
800,10813192232,10813192264,1,"IOTHUB_CLIENT_CONFIRMATION_OK"
801,10813192565,10813192597,1,"IOTHUB_CLIENT_CONFIRMATION_OK"
802,10813192898,10813192927,1,"IOTHUB_CLIENT_CONFIRMATION_OK"
803,10813193231,10813193264,1,"IOTHUB_CLIENT_CONFIRMATION_OK"
804,10813193564,10813193593,1,"IOTHUB_CLIENT_CONFIRMATION_OK"
805,10813193897,10813193926,1,"IOTHUB_CLIENT_CONFIRMATION_OK"
806,10813194231,10813194262,1,"IOTHUB_CLIENT_CONFIRMATION_OK"
807,10813194564,10813194594,1,"IOTHUB_CLIENT_CONFIRMATION_OK"
808,10813194897,10813194929,1,"IOTHUB_CLIENT_CONFIRMATION_OK"
809,10813195230,10813195259,1,"IOTHUB_CLIENT_CONFIRMATION_OK"
810,10813195563,10813195593,1,"IOTHUB_CLIENT_CONFIRMATION_OK"
811,10813195896,10813195927,1,"IOTHUB_CLIENT_CONFIRMATION_OK"
812,10813196230,10813196263,1,"IOTHUB_CLIENT_CONFIRMATION_OK"
813,10813196563,10813196594,1,"IOTHUB_CLIENT_CONFIRMATION_OK"
814,10813196896,10813196928,1,"IOTHUB_CLIENT_CONFIRMATION_OK"
815,10813197229,10813197260,1,"IOTHUB_CLIENT_CONFIRMATION_OK"
816,10813197562,10813197604,1,"IOTHUB_CLIENT_CONFIRMATION_OK"
817,10813197895,10813197928,1,"IOTHUB_CLIENT_CONFIRMATION_OK"
818,10813198229,10813198260,1,"IOTHUB_CLIENT_CONFIRMATION_OK"
819,10813198562,10813198631,1,"IOTHUB_CLIENT_CONFIRMATION_OK"
820,10813198895,10813198935,1,"IOTHUB_CLIENT_CONFIRMATION_OK"
821,10813199228,10813199256,1,"IOTHUB_CLIENT_CONFIRMATION_OK"
822,10813199561,10813199595,1,"IOTHUB_CLIENT_CONFIRMATION_OK"
823,10813199894,10813199924,1,"IOTHUB_CLIENT_CONFIRMATION_OK"
824,10813200228,10813200259,1,"IOTHUB_CLIENT_CONFIRMATION_OK"
825,10813200561,10813200594,1,"IOTHUB_CLIENT_CONFIRMATION_OK"
826,10813200894,10813200926,1,"IOTHUB_CLIENT_CONFIRMATION_OK"
827,10813201227,10813201289,1,"IOTHUB_CLIENT_CONFIRMATION_OK"
828,10813201560,10813201601,1,"IOTHUB_CLIENT_CONFIRMATION_OK"
829,10813201893,10813201939,1,"IOTHUB_CLIENT_CONFIRMATION_OK"
830,10813202227,10813202258,1,"IOTHUB_CLIENT_CONFIRMATION_OK"
831,10813202560,10813202594,1,"IOTHUB_CLIENT_CONFIRMATION_OK"
832,10813202893,10813202923,1,"IOTHUB_CLIENT_CONFIRMATION_OK"
833,10813203226,10813203256,1,"IOTHUB_CLIENT_CONFIRMATION_OK"
834,10813203559,10813203590,1,"IOTHUB_CLIENT_CONFIRMATION_OK"
835,10813203892,10813203924,1,"IOTHUB_CLIENT_CONFIRMATION_OK"
836,10813204225,10813204259,1,"IOTHUB_CLIENT_CONFIRMATION_OK"
837,10813204559,10813204589,1,"IOTHUB_CLIENT_CONFIRMATION_OK"
838,10813204892,10813204921,1,"IOTHUB_CLIENT_CONFIRMATION_OK"
839,10813205225,10813205256,1,"IOTHUB_CLIENT_CONFIRMATION_OK"
840,10813205558,10813205590,1,"IOTHUB_CLIENT_CONFIRMATION_OK"
841,10813205891,10813205936,1,"IOTHUB_CLIENT_CONFIRMATION_OK"
842,10813206224,10813206266,1,"IOTHUB_CLIENT_CONFIRMATION_OK"
843,10813206558,10813206587,1,"IOTHUB_CLIENT_CONFIRMATION_OK"
844,10813206891,10813206923,1,"IOTHUB_CLIENT_CONFIRMATION_OK"
845,10813207224,10813207256,1,"IOTHUB_CLIENT_CONFIRMATION_OK"
846,10813207557,10813207591,1,"IOTHUB_CLIENT_CONFIRMATION_OK"
847,10813207890,10813207933,1,"IOTHUB_CLIENT_CONFIRMATION_OK"
848,10813208223,10813208251,1,"IOTHUB_CLIENT_CONFIRMATION_OK"
849,10813208557,10813208586,1,"IOTHUB_CLIENT_CONFIRMATION_OK"
850,10813208890,10813208923,1,"IOTHUB_CLIENT_CONFIRMATION_OK"
851,10813209223,10813209252,1,"IOTHUB_CLIENT_CONFIRMATION_OK"
852,10813209556,10813209589,1,"IOTHUB_CLIENT_CONFIRMATION_OK"
853,10813209889,10813209923,1,"IOTHUB_CLIENT_CONFIRMATION_OK"
854,10813210222,10813210265,1,"IOTHUB_CLIENT_CONFIRMATION_OK"
855,10813210556,10813210585,1,"IOTHUB_CLIENT_CONFIRMATION_OK"
856,10813210889,10813210924,1,"IOTHUB_CLIENT_CONFIRMATION_OK"
857,10813211222,10813211253,1,"IOTHUB_CLIENT_CONFIRMATION_OK"
858,10813211555,10813211591,1,"IOTHUB_CLIENT_CONFIRMATION_OK"
859,10813211888,10813211924,1,"IOTHUB_CLIENT_CONFIRMATION_OK"
860,10813212221,10813212269,1,"IOTHUB_CLIENT_CONFIRMATION_OK"
861,10813212555,10813212641,1,"IOTHUB_CLIENT_CONFIRMATION_OK"
862,10813212888,10813212917,1,"IOTHUB_CLIENT_CONFIRMATION_OK"
863,10813213221,10813213291,1,"IOTHUB_CLIENT_CONFIRMATION_OK"
864,10813213554,10813213606,1,"IOTHUB_CLIENT_CONFIRMATION_OK"
865,10813213887,10813213922,1,"IOTHUB_CLIENT_CONFIRMATION_OK"
866,10813214220,10813214305,1,"IOTHUB_CLIENT_CONFIRMATION_OK"
867,10813214553,10813214678,1,"IOTHUB_CLIENT_CONFIRMATION_OK"
868,10813214887,10813214919,1,"IOTHUB_CLIENT_CONFIRMATION_OK"
869,10813215220,10813215251,1,"IOTHUB_CLIENT_CONFIRMATION_OK"
870,10813215553,10813215586,1,"IOTHUB_CLIENT_CONFIRMATION_OK"
871,10813215886,10813215969,1,"IOTHUB_CLIENT_CONFIRMATION_OK"
872,10813216219,10813216250,1,"IOTHUB_CLIENT_CONFIRMATION_OK"
873,10813216552,10813216584,1,"IOTHUB_CLIENT_CONFIRMATION_OK"
874,10813216886,10813216921,1,"IOTHUB_CLIENT_CONFIRMATION_OK"
875,10813217219,10813217253,1,"IOTHUB_CLIENT_CONFIRMATION_OK"
876,10813217552,10813217593,1,"IOTHUB_CLIENT_CONFIRMATION_OK"
877,10813217885,10813217917,1,"IOTHUB_CLIENT_CONFIRMATION_OK"
878,10813218218,10813218247,1,"IOTHUB_CLIENT_CONFIRMATION_OK"
879,10813218551,10813218580,1,"IOTHUB_CLIENT_CONFIRMATION_OK"
880,10813218885,10813218915,1,"IOTHUB_CLIENT_CONFIRMATION_OK"
881,10813219218,10813219248,1,"IOTHUB_CLIENT_CONFIRMATION_OK"
882,10813219551,10813219605,1,"IOTHUB_CLIENT_CONFIRMATION_OK"
883,10813219884,10813219913,1,"IOTHUB_CLIENT_CONFIRMATION_OK"
884,10813220217,10813220250,1,"IOTHUB_CLIENT_CONFIRMATION_OK"
885,10813220550,10813220592,1,"IOTHUB_CLIENT_CONFIRMATION_OK"
886,10813220884,10813220914,1,"IOTHUB_CLIENT_CONFIRMATION_OK"
887,10813221217,10813221246,1,"IOTHUB_CLIENT_CONFIRMATION_OK"
888,10813221550,10813221580,1,"IOTHUB_CLIENT_CONFIRMATION_OK"
889,10813221883,10813221915,1,"IOTHUB_CLIENT_CONFIRMATION_OK"
890,10813222216,10813222250,1,"IOTHUB_CLIENT_CONFIRMATION_OK"
891,10813222549,10813222580,1,"IOTHUB_CLIENT_CONFIRMATION_OK"
892,10813222883,10813222915,1,"IOTHUB_CLIENT_CONFIRMATION_OK"
893,10813223216,10813223248,1,"IOTHUB_CLIENT_CONFIRMATION_OK"
894,10813223549,10813223581,1,"IOTHUB_CLIENT_CONFIRMATION_OK"
895,10813223882,10813223911,1,"IOTHUB_CLIENT_CONFIRMATION_OK"
896,10813224215,10813224244,1,"IOTHUB_CLIENT_CONFIRMATION_OK"
897,10813224548,10813224587,1,"IOTHUB_CLIENT_CONFIRMATION_OK"
898,10813224882,10813224915,1,"IOTHUB_CLIENT_CONFIRMATION_OK"
899,10813225215,10813225246,1,"IOTHUB_CLIENT_CONFIRMATION_OK"
