Message ID,Send Time,Receive Time,Status,Error
0,10824152211,10824152710,1,"IOTHUB_CLIENT_CONFIRMATION_OK"
1,10824152544,10824152736,1,"IOTHUB_CLIENT_CONFIRMATION_OK"
2,10824152877,10824152917,1,"IOTHUB_CLIENT_CONFIRMATION_OK"
3,10824153210,10824153252,1,"IOTHUB_CLIENT_CONFIRMATION_OK"
4,10824153543,10824153634,1,"IOTHUB_CLIENT_CONFIRMATION_OK"
5,10824153877,10824153910,1,"IOTHUB_CLIENT_CONFIRMATION_OK"
6,10824154210,10824154256,1,"IOTHUB_CLIENT_CONFIRMATION_OK"
7,10824154543,10824154575,1,"IOTHUB_CLIENT_CONFIRMATION_OK"
8,10824154876,10824154908,1,"IOTHUB_CLIENT_CONFIRMATION_OK"
9,10824155209,10824155268,1,"IOTHUB_CLIENT_CONFIRMATION_OK"
10,10824155542,10824155585,1,"IOTHUB_CLIENT_CONFIRMATION_OK"
11,10824155876,10824155917,1,"IOTHUB_CLIENT_CONFIRMATION_OK"
12,10824156209,10824156271,1,"IOTHUB_CLIENT_CONFIRMATION_OK"
13,10824156542,10824156578,1,"IOTHUB_CLIENT_CONFIRMATION_OK"
14,10824156875,10824156906,1,"IOTHUB_CLIENT_CONFIRMATION_OK"
15,10824157208,10824157243,1,"IOTHUB_CLIENT_CONFIRMATION_OK"
16,10824157541,10824157574,1,"IOTHUB_CLIENT_CONFIRMATION_OK"
17,10824157875,10824157915,1,"IOTHUB_CLIENT_CONFIRMATION_OK"
18,10824158208,10824158243,1,"IOTHUB_CLIENT_CONFIRMATION_OK"
19,10824158541,10824158584,1,"IOTHUB_CLIENT_CONFIRMATION_OK"
20,10824158874,10824158932,1,"IOTHUB_CLIENT_CONFIRMATION_OK"
21,10824159207,10824159238,1,"IOTHUB_CLIENT_CONFIRMATION_OK"
22,10824159540,10824159575,1,"IOTHUB_CLIENT_CONFIRMATION_OK"
23,10824159874,10824159932,1,"IOTHUB_CLIENT_CONFIRMATION_OK"
24,10824160207,10824160243,1,"IOTHUB_CLIENT_CONFIRMATION_OK"
25,10824160540,10824160573,1,"IOTHUB_CLIENT_CONFIRMATION_OK"
26,10824160873,10824160906,1,"IOTHUB_CLIENT_CONFIRMATION_OK"
27,10824161206,10824161253,1,"IOTHUB_CLIENT_CONFIRMATION_OK"
28,10824161539,10824161613,1,"IOTHUB_CLIENT_CONFIRMATION_OK"
29,10824161872,10824161921,1,"IOTHUB_CLIENT_CONFIRMATION_OK"
30,10824162206,10824162237,1,"IOTHUB_CLIENT_CONFIRMATION_OK"
31,10824162539,10824162615,1,"IOTHUB_CLIENT_CONFIRMATION_OK"
32,10824162872,10824162905,1,"IOTHUB_CLIENT_CONFIRMATION_OK"
33,10824163205,10824163248,1,"IOTHUB_CLIENT_CONFIRMATION_OK"
34,10824163538,10824163678,1,"IOTHUB_CLIENT_CONFIRMATION_OK"
35,10824163871,10824163914,1,"IOTHUB_CLIENT_CONFIRMATION_OK"
36,10824164205,10824164306,1,"IOTHUB_CLIENT_CONFIRMATION_OK"
37,10824164538,10824164573,1,"IOTHUB_CLIENT_CONFIRMATION_OK"
38,10824164871,10824164902,1,"IOTHUB_CLIENT_CONFIRMATION_OK"
39,10824165204,10824165315,1,"IOTHUB_CLIENT_CONFIRMATION_OK"
40,10824165537,10824165566,1,"IOTHUB_CLIENT_CONFIRMATION_OK"
41,10824165870,10824165928,1,"IOTHUB_CLIENT_CONFIRMATION_OK"
42,10824166204,10824166237,1,"IOTHUB_CLIENT_CONFIRMATION_OK"
43,10824166537,10824166580,1,"IOTHUB_CLIENT_CONFIRMATION_OK"
44,10824166870,10824166943,1,"IOTHUB_CLIENT_CONFIRMATION_OK"
45,10824167203,10824167242,1,"IOTHUB_CLIENT_CONFIRMATION_OK"
46,10824167536,10824167567,1,"IOTHUB_CLIENT_CONFIRMATION_OK"
47,10824167869,10824167966,1,"IOTHUB_CLIENT_CONFIRMATION_OK"
48,10824168203,10824168235,1,"IOTHUB_CLIENT_CONFIRMATION_OK"
49,10824168536,10824168581,1,"IOTHUB_CLIENT_CONFIRMATION_OK"
50,10824168869,10824168903,1,"IOTHUB_CLIENT_CONFIRMATION_OK"
51,10824169202,10824169231,1,"IOTHUB_CLIENT_CONFIRMATION_OK"
52,10824169535,10824169594,1,"IOTHUB_CLIENT_CONFIRMATION_OK"
53,10824169868,10824169903,1,"IOTHUB_CLIENT_CONFIRMATION_OK"
54,10824170202,10824170230,1,"IOTHUB_CLIENT_CONFIRMATION_OK"
55,10824170535,10824170696,1,"IOTHUB_CLIENT_CONFIRMATION_OK"
56,10824170868,10824170903,1,"IOTHUB_CLIENT_CONFIRMATION_OK"
57,10824171201,10824171229,1,"IOTHUB_CLIENT_CONFIRMATION_OK"
58,10824171534,10824171714,1,"IOTHUB_CLIENT_CONFIRMATION_OK"
59,10824171867,10824171900,1,"IOTHUB_CLIENT_CONFIRMATION_OK"
60,10824172201,10824172245,1,"IOTHUB_CLIENT_CONFIRMATION_OK"
61,10824172534,10824172566,1,"IOTHUB_CLIENT_CONFIRMATION_OK"
62,10824172867,10824172898,1,"IOTHUB_CLIENT_CONFIRMATION_OK"
63,10824173200,10824173354,1,"IOTHUB_CLIENT_CONFIRMATION_OK"
64,10824173533,10824173567,1,"IOTHUB_CLIENT_CONFIRMATION_OK"
65,10824173866,10824173901,1,"IOTHUB_CLIENT_CONFIRMATION_OK"
66,10824174200,10824174354,1,"IOTHUB_CLIENT_CONFIRMATION_OK"
67,10824174533,10824174564,1,"IOTHUB_CLIENT_CONFIRMATION_OK"
68,10824174866,10824174943,1,"IOTHUB_CLIENT_CONFIRMATION_OK"
69,10824175199,10824175231,1,"IOTHUB_CLIENT_CONFIRMATION_OK"
70,10824175532,10824175561,1,"IOTHUB_CLIENT_CONFIRMATION_OK"
71,10824175865,10824176008,1,"IOTHUB_CLIENT_CONFIRMATION_OK"
72,10824176199,10824176228,1,"IOTHUB_CLIENT_CONFIRMATION_OK"
73,10824176532,10824176566,1,"IOTHUB_CLIENT_CONFIRMATION_OK"
74,10824176865,10824177025,1,"IOTHUB_CLIENT_CONFIRMATION_OK"
75,10824177198,10824177231,1,"IOTHUB_CLIENT_CONFIRMATION_OK"
76,10824177531,10824177622,1,"IOTHUB_CLIENT_CONFIRMATION_OK"
77,10824177864,10824177897,1,"IOTHUB_CLIENT_CONFIRMATION_OK"
78,10824178198,10824178292,1,"IOTHUB_CLIENT_CONFIRMATION_OK"
79,10824178531,10824178699,1,"IOTHUB_CLIENT_CONFIRMATION_OK"
80,10824178864,10824178910,1,"IOTHUB_CLIENT_CONFIRMATION_OK"
81,10824179197,10824179240,1,"IOTHUB_CLIENT_CONFIRMATION_OK"
82,10824179530,10824179566,1,"IOTHUB_CLIENT_CONFIRMATION_OK"
83,10824179863,10824179900,1,"IOTHUB_CLIENT_CONFIRMATION_OK"
84,10824180197,10824180318,1,"IOTHUB_CLIENT_CONFIRMATION_OK"
85,10824180530,10824180560,1,"IOTHUB_CLIENT_CONFIRMATION_OK"
86,10824180863,10824180897,1,"IOTHUB_CLIENT_CONFIRMATION_OK"
87,10824181196,10824181226,1,"IOTHUB_CLIENT_CONFIRMATION_OK"
88,10824181529,10824181569,1,"IOTHUB_CLIENT_CONFIRMATION_OK"
89,10824181862,10824181995,1,"IOTHUB_CLIENT_CONFIRMATION_OK"
90,10824182196,10824182228,1,"IOTHUB_CLIENT_CONFIRMATION_OK"
91,10824182529,10824182558,1,"IOTHUB_CLIENT_CONFIRMATION_OK"
92,10824182862,10824182895,1,"IOTHUB_CLIENT_CONFIRMATION_OK"
93,10824183195,10824183228,1,"IOTHUB_CLIENT_CONFIRMATION_OK"
94,10824183528,10824183588,1,"IOTHUB_CLIENT_CONFIRMATION_OK"
95,10824183861,10824183900,1,"IOTHUB_CLIENT_CONFIRMATION_OK"
96,10824184194,10824184225,1,"IOTHUB_CLIENT_CONFIRMATION_OK"
97,10824184528,10824184629,1,"IOTHUB_CLIENT_CONFIRMATION_OK"
98,10824184861,10824184892,1,"IOTHUB_CLIENT_CONFIRMATION_OK"
99,10824185194,10824185225,1,"IOTHUB_CLIENT_CONFIRMATION_OK"
100,10824185527,10824185558,1,"IOTHUB_CLIENT_CONFIRMATION_OK"
101,10824185860,10824186052,1,"IOTHUB_CLIENT_CONFIRMATION_OK"
102,10824186193,10824186263,1,"IOTHUB_CLIENT_CONFIRMATION_OK"
103,10824186527,10824186562,1,"IOTHUB_CLIENT_CONFIRMATION_OK"
104,10824186860,10824186889,1,"IOTHUB_CLIENT_CONFIRMATION_OK"
105,10824187193,10824187223,1,"IOTHUB_CLIENT_CONFIRMATION_OK"
106,10824187526,10824187559,1,"IOTHUB_CLIENT_CONFIRMATION_OK"
107,10824187859,10824187893,1,"IOTHUB_CLIENT_CONFIRMATION_OK"
108,10824188192,10824188222,1,"IOTHUB_CLIENT_CONFIRMATION_OK"
109,10824188526,10824188689,1,"IOTHUB_CLIENT_CONFIRMATION_OK"
110,10824188859,10824188890,1,"IOTHUB_CLIENT_CONFIRMATION_OK"
111,10824189192,10824189225,1,"IOTHUB_CLIENT_CONFIRMATION_OK"
112,10824189525,10824189580,1,"IOTHUB_CLIENT_CONFIRMATION_OK"
113,10824189858,10824189891,1,"IOTHUB_CLIENT_CONFIRMATION_OK"
114,10824190191,10824190219,1,"IOTHUB_CLIENT_CONFIRMATION_OK"
115,10824190525,10824190580,1,"IOTHUB_CLIENT_CONFIRMATION_OK"
116,10824190858,10824190889,1,"IOTHUB_CLIENT_CONFIRMATION_OK"
117,10824191191,10824191350,1,"IOTHUB_CLIENT_CONFIRMATION_OK"
118,10824191524,10824191558,1,"IOTHUB_CLIENT_CONFIRMATION_OK"
119,10824191857,10824191891,1,"IOTHUB_CLIENT_CONFIRMATION_OK"
120,10824192190,10824192218,1,"IOTHUB_CLIENT_CONFIRMATION_OK"
121,10824192524,10824192558,1,"IOTHUB_CLIENT_CONFIRMATION_OK"
122,10824192857,10824192888,1,"IOTHUB_CLIENT_CONFIRMATION_OK"
123,10824193190,10824193222,1,"IOTHUB_CLIENT_CONFIRMATION_OK"
124,10824193523,10824193555,1,"IOTHUB_CLIENT_CONFIRMATION_OK"
125,10824193856,10824193996,1,"IOTHUB_CLIENT_CONFIRMATION_OK"
126,10824194189,10824194222,1,"IOTHUB_CLIENT_CONFIRMATION_OK"
127,10824194523,10824194558,1,"IOTHUB_CLIENT_CONFIRMATION_OK"
128,10824194856,10824195007,1,"IOTHUB_CLIENT_CONFIRMATION_OK"
129,10824195189,10824195233,1,"IOTHUB_CLIENT_CONFIRMATION_OK"
130,10824195522,10824195557,1,"IOTHUB_CLIENT_CONFIRMATION_OK"
131,10824195855,10824195884,1,"IOTHUB_CLIENT_CONFIRMATION_OK"
132,10824196188,10824196235,1,"IOTHUB_CLIENT_CONFIRMATION_OK"
133,10824196522,10824196646,1,"IOTHUB_CLIENT_CONFIRMATION_OK"
134,10824196855,10824196889,1,"IOTHUB_CLIENT_CONFIRMATION_OK"
135,10824197188,10824197220,1,"IOTHUB_CLIENT_CONFIRMATION_OK"
136,10824197521,10824197673,1,"IOTHUB_CLIENT_CONFIRMATION_OK"
137,10824197854,10824197891,1,"IOTHUB_CLIENT_CONFIRMATION_OK"
138,10824198187,10824198221,1,"IOTHUB_CLIENT_CONFIRMATION_OK"
139,10824198521,10824198551,1,"IOTHUB_CLIENT_CONFIRMATION_OK"
140,10824198854,10824198921,1,"IOTHUB_CLIENT_CONFIRMATION_OK"
141,10824199187,10824199297,1,"IOTHUB_CLIENT_CONFIRMATION_OK"
142,10824199520,10824199553,1,"IOTHUB_CLIENT_CONFIRMATION_OK"
143,10824199853,10824199883,1,"IOTHUB_CLIENT_CONFIRMATION_OK"
144,10824200186,10824200309,1,"IOTHUB_CLIENT_CONFIRMATION_OK"
145,10824200520,10824200549,1,"IOTHUB_CLIENT_CONFIRMATION_OK"
146,10824200853,10824201014,1,"IOTHUB_CLIENT_CONFIRMATION_OK"
147,10824201186,10824201219,1,"IOTHUB_CLIENT_CONFIRMATION_OK"
148,10824201519,10824201549,1,"IOTHUB_CLIENT_CONFIRMATION_OK"
149,10824201852,10824201884,1,"IOTHUB_CLIENT_CONFIRMATION_OK"
150,10824202185,10824202219,1,"IOTHUB_CLIENT_CONFIRMATION_OK"
151,10824202519,10824202558,1,"IOTHUB_CLIENT_CONFIRMATION_OK"
152,10824202852,10824202882,1,"IOTHUB_CLIENT_CONFIRMATION_OK"
153,10824203185,10824203220,1,"IOTHUB_CLIENT_CONFIRMATION_OK"
154,10824203518,10824203547,1,"IOTHUB_CLIENT_CONFIRMATION_OK"
155,10824203851,10824203887,1,"IOTHUB_CLIENT_CONFIRMATION_OK"
156,10824204184,10824204220,1,"IOTHUB_CLIENT_CONFIRMATION_OK"
157,10824204517,10824204547,1,"IOTHUB_CLIENT_CONFIRMATION_OK"
158,10824204851,10824204884,1,"IOTHUB_CLIENT_CONFIRMATION_OK"
159,10824205184,10824205217,1,"IOTHUB_CLIENT_CONFIRMATION_OK"
160,10824205517,10824205550,1,"IOTHUB_CLIENT_CONFIRMATION_OK"
161,10824205850,10824205885,1,"IOTHUB_CLIENT_CONFIRMATION_OK"
162,10824206183,10824206214,1,"IOTHUB_CLIENT_CONFIRMATION_OK"
163,10824206516,10824206553,1,"IOTHUB_CLIENT_CONFIRMATION_OK"
164,10824206850,10824207011,1,"IOTHUB_CLIENT_CONFIRMATION_OK"
165,10824207183,10824207218,1,"IOTHUB_CLIENT_CONFIRMATION_OK"
166,10824207516,10824207553,1,"IOTHUB_CLIENT_CONFIRMATION_OK"
167,10824207849,10824207883,1,"IOTHUB_CLIENT_CONFIRMATION_OK"
168,10824208182,10824208222,1,"IOTHUB_CLIENT_CONFIRMATION_OK"
169,10824208515,10824208545,1,"IOTHUB_CLIENT_CONFIRMATION_OK"
170,10824208849,10824208877,1,"IOTHUB_CLIENT_CONFIRMATION_OK"
171,10824209182,10824209246,1,"IOTHUB_CLIENT_CONFIRMATION_OK"
172,10824209515,10824209577,1,"IOTHUB_CLIENT_CONFIRMATION_OK"
173,10824209848,10824209878,1,"IOTHUB_CLIENT_CONFIRMATION_OK"
174,10824210181,10824210212,1,"IOTHUB_CLIENT_CONFIRMATION_OK"
175,10824210514,10824210597,1,"IOTHUB_CLIENT_CONFIRMATION_OK"
176,10824210848,10824210889,1,"IOTHUB_CLIENT_CONFIRMATION_OK"
177,10824211181,10824211212,1,"IOTHUB_CLIENT_CONFIRMATION_OK"
178,10824211514,10824211543,1,"IOTHUB_CLIENT_CONFIRMATION_OK"
179,10824211847,10824211899,1,"IOTHUB_CLIENT_CONFIRMATION_OK"
180,10824212180,10824212210,1,"IOTHUB_CLIENT_CONFIRMATION_OK"
181,10824212513,10824212544,1,"IOTHUB_CLIENT_CONFIRMATION_OK"
182,10824212846,10824212882,1,"IOTHUB_CLIENT_CONFIRMATION_OK"
183,10824213180,10824213210,1,"IOTHUB_CLIENT_CONFIRMATION_OK"
184,10824213513,10824213547,1,"IOTHUB_CLIENT_CONFIRMATION_OK"
185,10824213846,10824213876,1,"IOTHUB_CLIENT_CONFIRMATION_OK"
186,10824214179,10824214209,1,"IOTHUB_CLIENT_CONFIRMATION_OK"
187,10824214512,10824214549,1,"IOTHUB_CLIENT_CONFIRMATION_OK"
188,10824214846,10824214876,1,"IOTHUB_CLIENT_CONFIRMATION_OK"
189,10824215179,10824215211,1,"IOTHUB_CLIENT_CONFIRMATION_OK"
190,10824215512,10824215557,1,"IOTHUB_CLIENT_CONFIRMATION_OK"
191,10824215845,10824215888,1,"IOTHUB_CLIENT_CONFIRMATION_OK"
192,10824216178,10824216207,1,"IOTHUB_CLIENT_CONFIRMATION_OK"
193,10824216511,10824216550,1,"IOTHUB_CLIENT_CONFIRMATION_OK"
194,10824216844,10824216874,1,"IOTHUB_CLIENT_CONFIRMATION_OK"
195,10824217178,10824217210,1,"IOTHUB_CLIENT_CONFIRMATION_OK"
196,10824217511,10824217546,1,"IOTHUB_CLIENT_CONFIRMATION_OK"
197,10824217844,10824217873,1,"IOTHUB_CLIENT_CONFIRMATION_OK"
198,10824218177,10824218207,1,"IOTHUB_CLIENT_CONFIRMATION_OK"
199,10824218510,10824218541,1,"IOTHUB_CLIENT_CONFIRMATION_OK"
200,10824218843,10824218875,1,"IOTHUB_CLIENT_CONFIRMATION_OK"
201,10824219177,10824219210,1,"IOTHUB_CLIENT_CONFIRMATION_OK"
202,10824219510,10824219548,1,"IOTHUB_CLIENT_CONFIRMATION_OK"
203,10824219843,10824219883,1,"IOTHUB_CLIENT_CONFIRMATION_OK"
204,10824220176,10824220209,1,"IOTHUB_CLIENT_CONFIRMATION_OK"
205,10824220509,10824220543,1,"IOTHUB_CLIENT_CONFIRMATION_OK"
206,10824220842,10824220876,1,"IOTHUB_CLIENT_CONFIRMATION_OK"
207,10824221176,10824221209,1,"IOTHUB_CLIENT_CONFIRMATION_OK"
208,10824221509,10824221538,1,"IOTHUB_CLIENT_CONFIRMATION_OK"
209,10824221842,10824221872,1,"IOTHUB_CLIENT_CONFIRMATION_OK"
210,10824222175,10824222212,1,"IOTHUB_CLIENT_CONFIRMATION_OK"
211,10824222508,10824222543,1,"IOTHUB_CLIENT_CONFIRMATION_OK"
212,10824222841,10824222876,1,"IOTHUB_CLIENT_CONFIRMATION_OK"
213,10824223175,10824223203,1,"IOTHUB_CLIENT_CONFIRMATION_OK"
214,10824223508,10824223537,1,"IOTHUB_CLIENT_CONFIRMATION_OK"
215,10824223841,10824223871,1,"IOTHUB_CLIENT_CONFIRMATION_OK"
216,10824224174,10824224205,1,"IOTHUB_CLIENT_CONFIRMATION_OK"
217,10824224507,10824224539,1,"IOTHUB_CLIENT_CONFIRMATION_OK"
218,10824224840,10824224869,1,"IOTHUB_CLIENT_CONFIRMATION_OK"
219,10824225174,10824225217,1,"IOTHUB_CLIENT_CONFIRMATION_OK"
220,10824225507,10824225538,1,"IOTHUB_CLIENT_CONFIRMATION_OK"
221,10824225840,10824225868,1,"IOTHUB_CLIENT_CONFIRMATION_OK"
222,10824226173,10824226246,1,"IOTHUB_CLIENT_CONFIRMATION_OK"
223,10824226506,10824226535,1,"IOTHUB_CLIENT_CONFIRMATION_OK"
224,10824226839,10824226878,1,"IOTHUB_CLIENT_CONFIRMATION_OK"
225,10824227173,10824227203,1,"IOTHUB_CLIENT_CONFIRMATION_OK"
226,10824227506,10824227539,1,"IOTHUB_CLIENT_CONFIRMATION_OK"
227,10824227839,10824227878,1,"IOTHUB_CLIENT_CONFIRMATION_OK"
228,10824228172,10824228206,1,"IOTHUB_CLIENT_CONFIRMATION_OK"
229,10824228505,10824228538,1,"IOTHUB_CLIENT_CONFIRMATION_OK"
230,10824228838,10824228880,1,"IOTHUB_CLIENT_CONFIRMATION_OK"
231,10824229172,10824229200,1,"IOTHUB_CLIENT_CONFIRMATION_OK"
232,10824229505,10824229540,1,"IOTHUB_CLIENT_CONFIRMATION_OK"
233,10824229838,10824229867,1,"IOTHUB_CLIENT_CONFIRMATION_OK"
234,10824230171,10824230204,1,"IOTHUB_CLIENT_CONFIRMATION_OK"
235,10824230504,10824230538,1,"IOTHUB_CLIENT_CONFIRMATION_OK"
236,10824230837,10824230868,1,"IOTHUB_CLIENT_CONFIRMATION_OK"
237,10824231171,10824231205,1,"IOTHUB_CLIENT_CONFIRMATION_OK"
238,10824231504,10824231544,1,"IOTHUB_CLIENT_CONFIRMATION_OK"
239,10824231837,10824231866,1,"IOTHUB_CLIENT_CONFIRMATION_OK"
240,10824232170,10824232203,1,"IOTHUB_CLIENT_CONFIRMATION_OK"
241,10824232503,10824232532,1,"IOTHUB_CLIENT_CONFIRMATION_OK"
242,10824232836,10824232868,1,"IOTHUB_CLIENT_CONFIRMATION_OK"
243,10824233170,10824233219,1,"IOTHUB_CLIENT_CONFIRMATION_OK"
244,10824233503,10824233531,1,"IOTHUB_CLIENT_CONFIRMATION_OK"
245,10824233836,10824233870,1,"IOTHUB_CLIENT_CONFIRMATION_OK"
246,10824234169,10824234234,1,"IOTHUB_CLIENT_CONFIRMATION_OK"
247,10824234502,10824234541,1,"IOTHUB_CLIENT_CONFIRMATION_OK"
248,10824234835,10824234871,1,"IOTHUB_CLIENT_CONFIRMATION_OK"
249,10824235169,10824235203,1,"IOTHUB_CLIENT_CONFIRMATION_OK"
250,10824235502,10824235532,1,"IOTHUB_CLIENT_CONFIRMATION_OK"
251,10824235835,10824235869,1,"IOTHUB_CLIENT_CONFIRMATION_OK"
252,10824236168,10824236202,1,"IOTHUB_CLIENT_CONFIRMATION_OK"
253,10824236501,10824236535,1,"IOTHUB_CLIENT_CONFIRMATION_OK"
254,10824236834,10824236893,1,"IOTHUB_CLIENT_CONFIRMATION_OK"
255,10824237167,10824237201,1,"IOTHUB_CLIENT_CONFIRMATION_OK"
256,10824237501,10824237535,1,"IOTHUB_CLIENT_CONFIRMATION_OK"
257,10824237834,10824237897,1,"IOTHUB_CLIENT_CONFIRMATION_OK"
258,10824238167,10824238199,1,"IOTHUB_CLIENT_CONFIRMATION_OK"
259,10824238500,10824238543,1,"IOTHUB_CLIENT_CONFIRMATION_OK"
260,10824238833,10824238867,1,"IOTHUB_CLIENT_CONFIRMATION_OK"
261,10824239166,10824239196,1,"IOTHUB_CLIENT_CONFIRMATION_OK"
262,10824239500,10824239543,1,"IOTHUB_CLIENT_CONFIRMATION_OK"
263,10824239833,10824239862,1,"IOTHUB_CLIENT_CONFIRMATION_OK"
264,10824240166,10824240195,1,"IOTHUB_CLIENT_CONFIRMATION_OK"
265,10824240499,10824240679,1,"IOTHUB_CLIENT_CONFIRMATION_OK"
266,10824240832,10824240867,1,"IOTHUB_CLIENT_CONFIRMATION_OK"
267,10824241165,10824241195,1,"IOTHUB_CLIENT_CONFIRMATION_OK"
268,10824241499,10824241534,1,"IOTHUB_CLIENT_CONFIRMATION_OK"
269,10824241832,10824241894,1,"IOTHUB_CLIENT_CONFIRMATION_OK"
270,10824242165,10824242310,1,"IOTHUB_CLIENT_CONFIRMATION_OK"
271,10824242498,10824242532,1,"IOTHUB_CLIENT_CONFIRMATION_OK"
272,10824242831,10824242861,1,"IOTHUB_CLIENT_CONFIRMATION_OK"
273,10824243164,10824243315,1,"IOTHUB_CLIENT_CONFIRMATION_OK"
274,10824243497,10824243526,1,"IOTHUB_CLIENT_CONFIRMATION_OK"
275,10824243831,10824243862,1,"IOTHUB_CLIENT_CONFIRMATION_OK"
276,10824244164,10824244199,1,"IOTHUB_CLIENT_CONFIRMATION_OK"
277,10824244497,10824244531,1,"IOTHUB_CLIENT_CONFIRMATION_OK"
278,10824244830,10824244964,1,"IOTHUB_CLIENT_CONFIRMATION_OK"
279,10824245163,10824245194,1,"IOTHUB_CLIENT_CONFIRMATION_OK"
280,10824245496,10824245531,1,"IOTHUB_CLIENT_CONFIRMATION_OK"
281,10824245830,10824245980,1,"IOTHUB_CLIENT_CONFIRMATION_OK"
282,10824246163,10824246200,1,"IOTHUB_CLIENT_CONFIRMATION_OK"
283,10824246496,10824246526,1,"IOTHUB_CLIENT_CONFIRMATION_OK"
284,10824246829,10824246857,1,"IOTHUB_CLIENT_CONFIRMATION_OK"
285,10824247162,10824247439,1,"IOTHUB_CLIENT_CONFIRMATION_OK"
286,10824247495,10824247640,1,"IOTHUB_CLIENT_CONFIRMATION_OK"
287,10824247829,10824248070,1,"IOTHUB_CLIENT_CONFIRMATION_OK"
288,10824248162,10824248245,1,"IOTHUB_CLIENT_CONFIRMATION_OK"
289,10824248495,10824248595,1,"IOTHUB_CLIENT_CONFIRMATION_OK"
290,10824248828,10824248885,1,"IOTHUB_CLIENT_CONFIRMATION_OK"
291,10824249161,10824249194,1,"IOTHUB_CLIENT_CONFIRMATION_OK"
292,10824249494,10824249530,1,"IOTHUB_CLIENT_CONFIRMATION_OK"
293,10824249828,10824249855,1,"IOTHUB_CLIENT_CONFIRMATION_OK"
294,10824250161,10824250206,1,"IOTHUB_CLIENT_CONFIRMATION_OK"
295,10824250494,10824250526,1,"IOTHUB_CLIENT_CONFIRMATION_OK"
296,10824250827,10824250860,1,"IOTHUB_CLIENT_CONFIRMATION_OK"
297,10824251160,10824251200,1,"IOTHUB_CLIENT_CONFIRMATION_OK"
298,10824251493,10824251534,1,"IOTHUB_CLIENT_CONFIRMATION_OK"
299,10824251827,10824251858,1,"IOTHUB_CLIENT_CONFIRMATION_OK"
300,10824252160,10824252192,1,"IOTHUB_CLIENT_CONFIRMATION_OK"
301,10824252493,10824252526,1,"IOTHUB_CLIENT_CONFIRMATION_OK"
302,10824252826,10824252859,1,"IOTHUB_CLIENT_CONFIRMATION_OK"
303,10824253159,10824253193,1,"IOTHUB_CLIENT_CONFIRMATION_OK"
304,10824253492,10824253524,1,"IOTHUB_CLIENT_CONFIRMATION_OK"
305,10824253826,10824253866,1,"IOTHUB_CLIENT_CONFIRMATION_OK"
306,10824254159,10824254189,1,"IOTHUB_CLIENT_CONFIRMATION_OK"
307,10824254492,10824254530,1,"IOTHUB_CLIENT_CONFIRMATION_OK"
308,10824254825,10824254858,1,"IOTHUB_CLIENT_CONFIRMATION_OK"
309,10824255158,10824255193,1,"IOTHUB_CLIENT_CONFIRMATION_OK"
310,10824255491,10824255549,1,"IOTHUB_CLIENT_CONFIRMATION_OK"
311,10824255825,10824255858,1,"IOTHUB_CLIENT_CONFIRMATION_OK"
312,10824256158,10824256193,1,"IOTHUB_CLIENT_CONFIRMATION_OK"
313,10824256491,10824256561,1,"IOTHUB_CLIENT_CONFIRMATION_OK"
314,10824256824,10824256856,1,"IOTHUB_CLIENT_CONFIRMATION_OK"
315,10824257157,10824257190,1,"IOTHUB_CLIENT_CONFIRMATION_OK"
316,10824257490,10824257524,1,"IOTHUB_CLIENT_CONFIRMATION_OK"
317,10824257824,10824257859,1,"IOTHUB_CLIENT_CONFIRMATION_OK"
318,10824258157,10824258191,1,"IOTHUB_CLIENT_CONFIRMATION_OK"
319,10824258490,10824258526,1,"IOTHUB_CLIENT_CONFIRMATION_OK"
320,10824258823,10824258854,1,"IOTHUB_CLIENT_CONFIRMATION_OK"
321,10824259156,10824259204,1,"IOTHUB_CLIENT_CONFIRMATION_OK"
322,10824259489,10824259520,1,"IOTHUB_CLIENT_CONFIRMATION_OK"
323,10824259823,10824259853,1,"IOTHUB_CLIENT_CONFIRMATION_OK"
324,10824260156,10824260210,1,"IOTHUB_CLIENT_CONFIRMATION_OK"
325,10824260489,10824260519,1,"IOTHUB_CLIENT_CONFIRMATION_OK"
326,10824260822,10824260851,1,"IOTHUB_CLIENT_CONFIRMATION_OK"
327,10824261155,10824261193,1,"IOTHUB_CLIENT_CONFIRMATION_OK"
328,10824261488,10824261519,1,"IOTHUB_CLIENT_CONFIRMATION_OK"
329,10824261822,10824261894,1,"IOTHUB_CLIENT_CONFIRMATION_OK"
330,10824262155,10824262186,1,"IOTHUB_CLIENT_CONFIRMATION_OK"
331,10824262488,10824262519,1,"IOTHUB_CLIENT_CONFIRMATION_OK"
332,10824262821,10824262913,1,"IOTHUB_CLIENT_CONFIRMATION_OK"
333,10824263154,10824263184,1,"IOTHUB_CLIENT_CONFIRMATION_OK"
334,10824263487,10824263523,1,"IOTHUB_CLIENT_CONFIRMATION_OK"
335,10824263820,10824263853,1,"IOTHUB_CLIENT_CONFIRMATION_OK"
336,10824264154,10824264183,1,"IOTHUB_CLIENT_CONFIRMATION_OK"
337,10824264487,10824264540,1,"IOTHUB_CLIENT_CONFIRMATION_OK"
338,10824264820,10824264848,1,"IOTHUB_CLIENT_CONFIRMATION_OK"
339,10824265153,10824265183,1,"IOTHUB_CLIENT_CONFIRMATION_OK"
340,10824265486,10824265546,1,"IOTHUB_CLIENT_CONFIRMATION_OK"
341,10824265819,10824265855,1,"IOTHUB_CLIENT_CONFIRMATION_OK"
342,10824266153,10824266186,1,"IOTHUB_CLIENT_CONFIRMATION_OK"
343,10824266486,10824266516,1,"IOTHUB_CLIENT_CONFIRMATION_OK"
344,10824266819,10824266852,1,"IOTHUB_CLIENT_CONFIRMATION_OK"
345,10824267152,10824267187,1,"IOTHUB_CLIENT_CONFIRMATION_OK"
346,10824267485,10824267517,1,"IOTHUB_CLIENT_CONFIRMATION_OK"
347,10824267819,10824267853,1,"IOTHUB_CLIENT_CONFIRMATION_OK"
348,10824268152,10824268259,1,"IOTHUB_CLIENT_CONFIRMATION_OK"
349,10824268485,10824268515,1,"IOTHUB_CLIENT_CONFIRMATION_OK"
350,10824268818,10824268851,1,"IOTHUB_CLIENT_CONFIRMATION_OK"
351,10824269151,10824269183,1,"IOTHUB_CLIENT_CONFIRMATION_OK"
352,10824269484,10824269518,1,"IOTHUB_CLIENT_CONFIRMATION_OK"
353,10824269817,10824269905,1,"IOTHUB_CLIENT_CONFIRMATION_OK"
354,10824270151,10824270183,1,"IOTHUB_CLIENT_CONFIRMATION_OK"
355,10824270484,10824270521,1,"IOTHUB_CLIENT_CONFIRMATION_OK"
356,10824270817,10824270926,1,"IOTHUB_CLIENT_CONFIRMATION_OK"
357,10824271150,10824271179,1,"IOTHUB_CLIENT_CONFIRMATION_OK"
358,10824271483,10824271525,1,"IOTHUB_CLIENT_CONFIRMATION_OK"
359,10824271817,10824271935,1,"IOTHUB_CLIENT_CONFIRMATION_OK"
360,10824272150,10824272182,1,"IOTHUB_CLIENT_CONFIRMATION_OK"
361,10824272483,10824272559,1,"IOTHUB_CLIENT_CONFIRMATION_OK"
362,10824272816,10824272850,1,"IOTHUB_CLIENT_CONFIRMATION_OK"
363,10824273149,10824273196,1,"IOTHUB_CLIENT_CONFIRMATION_OK"
364,10824273482,10824273577,1,"IOTHUB_CLIENT_CONFIRMATION_OK"
365,10824273816,10824273848,1,"IOTHUB_CLIENT_CONFIRMATION_OK"
366,10824274149,10824274176,1,"IOTHUB_CLIENT_CONFIRMATION_OK"
367,10824274482,10824274586,1,"IOTHUB_CLIENT_CONFIRMATION_OK"
368,10824274815,10824274848,1,"IOTHUB_CLIENT_CONFIRMATION_OK"
369,10824275148,10824275207,1,"IOTHUB_CLIENT_CONFIRMATION_OK"
370,10824275481,10824275510,1,"IOTHUB_CLIENT_CONFIRMATION_OK"
371,10824275815,10824275846,1,"IOTHUB_CLIENT_CONFIRMATION_OK"
372,10824276148,10824276217,1,"IOTHUB_CLIENT_CONFIRMATION_OK"
373,10824276481,10824276510,1,"IOTHUB_CLIENT_CONFIRMATION_OK"
374,10824276814,10824276845,1,"IOTHUB_CLIENT_CONFIRMATION_OK"
375,10824277147,10824277232,1,"IOTHUB_CLIENT_CONFIRMATION_OK"
376,10824277480,10824277582,1,"IOTHUB_CLIENT_CONFIRMATION_OK"
377,10824277814,10824277850,1,"IOTHUB_CLIENT_CONFIRMATION_OK"
378,10824278147,10824278178,1,"IOTHUB_CLIENT_CONFIRMATION_OK"
379,10824278480,10824278509,1,"IOTHUB_CLIENT_CONFIRMATION_OK"
380,10824278813,10824278862,1,"IOTHUB_CLIENT_CONFIRMATION_OK"
381,10824279146,10824279182,1,"IOTHUB_CLIENT_CONFIRMATION_OK"
382,10824279479,10824279518,1,"IOTHUB_CLIENT_CONFIRMATION_OK"
383,10824279813,10824279870,1,"IOTHUB_CLIENT_CONFIRMATION_OK"
384,10824280146,10824280181,1,"IOTHUB_CLIENT_CONFIRMATION_OK"
385,10824280479,10824280514,1,"IOTHUB_CLIENT_CONFIRMATION_OK"
386,10824280812,10824280842,1,"IOTHUB_CLIENT_CONFIRMATION_OK"
387,10824281145,10824281177,1,"IOTHUB_CLIENT_CONFIRMATION_OK"
388,10824281478,10824281526,1,"IOTHUB_CLIENT_CONFIRMATION_OK"
389,10824281812,10824281843,1,"IOTHUB_CLIENT_CONFIRMATION_OK"
390,10824282145,10824282174,1,"IOTHUB_CLIENT_CONFIRMATION_OK"
391,10824282478,10824282531,1,"IOTHUB_CLIENT_CONFIRMATION_OK"
392,10824282811,10824282842,1,"IOTHUB_CLIENT_CONFIRMATION_OK"
393,10824283144,10824283174,1,"IOTHUB_CLIENT_CONFIRMATION_OK"
394,10824283477,10824283530,1,"IOTHUB_CLIENT_CONFIRMATION_OK"
395,10824283811,10824283976,1,"IOTHUB_CLIENT_CONFIRMATION_OK"
396,10824284144,10824284190,1,"IOTHUB_CLIENT_CONFIRMATION_OK"
397,10824284477,10824284534,1,"IOTHUB_CLIENT_CONFIRMATION_OK"
398,10824284810,10824284849,1,"IOTHUB_CLIENT_CONFIRMATION_OK"
399,10824285143,10824285219,1,"IOTHUB_CLIENT_CONFIRMATION_OK"
400,10824285476,10824285506,1,"IOTHUB_CLIENT_CONFIRMATION_OK"
401,10824285810,10824285840,1,"IOTHUB_CLIENT_CONFIRMATION_OK"
402,10824286143,10824286223,1,"IOTHUB_CLIENT_CONFIRMATION_OK"
403,10824286476,10824286516,1,"IOTHUB_CLIENT_CONFIRMATION_OK"
404,10824286809,10824286842,1,"IOTHUB_CLIENT_CONFIRMATION_OK"
405,10824287142,10824287176,1,"IOTHUB_CLIENT_CONFIRMATION_OK"
406,10824287475,10824287508,1,"IOTHUB_CLIENT_CONFIRMATION_OK"
407,10824287809,10824287850,1,"IOTHUB_CLIENT_CONFIRMATION_OK"
408,10824288142,10824288176,1,"IOTHUB_CLIENT_CONFIRMATION_OK"
409,10824288475,10824288507,1,"IOTHUB_CLIENT_CONFIRMATION_OK"
410,10824288808,10824288886,1,"IOTHUB_CLIENT_CONFIRMATION_OK"
411,10824289141,10824289173,1,"IOTHUB_CLIENT_CONFIRMATION_OK"
412,10824289474,10824289525,1,"IOTHUB_CLIENT_CONFIRMATION_OK"
413,10824289808,10824289838,1,"IOTHUB_CLIENT_CONFIRMATION_OK"
414,10824290141,10824290174,1,"IOTHUB_CLIENT_CONFIRMATION_OK"
415,10824290474,10824290503,1,"IOTHUB_CLIENT_CONFIRMATION_OK"
416,10824290807,10824290840,1,"IOTHUB_CLIENT_CONFIRMATION_OK"
417,10824291140,10824291173,1,"IOTHUB_CLIENT_CONFIRMATION_OK"
418,10824291473,10824291505,1,"IOTHUB_CLIENT_CONFIRMATION_OK"
419,10824291807,10824291864,1,"IOTHUB_CLIENT_CONFIRMATION_OK"
420,10824292140,10824292169,1,"IOTHUB_CLIENT_CONFIRMATION_OK"
421,10824292473,10824292526,1,"IOTHUB_CLIENT_CONFIRMATION_OK"
422,10824292806,10824292835,1,"IOTHUB_CLIENT_CONFIRMATION_OK"
423,10824293139,10824293174,1,"IOTHUB_CLIENT_CONFIRMATION_OK"
424,10824293472,10824293503,1,"IOTHUB_CLIENT_CONFIRMATION_OK"
425,10824293806,10824293835,1,"IOTHUB_CLIENT_CONFIRMATION_OK"
426,10824294139,10824294171,1,"IOTHUB_CLIENT_CONFIRMATION_OK"
427,10824294472,10824294503,1,"IOTHUB_CLIENT_CONFIRMATION_OK"
428,10824294805,10824294835,1,"IOTHUB_CLIENT_CONFIRMATION_OK"
429,10824295138,10824295168,1,"IOTHUB_CLIENT_CONFIRMATION_OK"
430,10824295471,10824295500,1,"IOTHUB_CLIENT_CONFIRMATION_OK"
431,10824295805,10824295840,1,"IOTHUB_CLIENT_CONFIRMATION_OK"
432,10824296138,10824296168,1,"IOTHUB_CLIENT_CONFIRMATION_OK"
433,10824296471,10824296502,1,"IOTHUB_CLIENT_CONFIRMATION_OK"
434,10824296804,10824296839,1,"IOTHUB_CLIENT_CONFIRMATION_OK"
435,10824297137,10824297165,1,"IOTHUB_CLIENT_CONFIRMATION_OK"
436,10824297470,10824297505,1,"IOTHUB_CLIENT_CONFIRMATION_OK"
437,10824297803,10824297851,1,"IOTHUB_CLIENT_CONFIRMATION_OK"
438,10824298137,10824298166,1,"IOTHUB_CLIENT_CONFIRMATION_OK"
439,10824298470,10824298507,1,"IOTHUB_CLIENT_CONFIRMATION_OK"
440,10824298803,10824298836,1,"IOTHUB_CLIENT_CONFIRMATION_OK"
441,10824299136,10824299167,1,"IOTHUB_CLIENT_CONFIRMATION_OK"
442,10824299469,10824299507,1,"IOTHUB_CLIENT_CONFIRMATION_OK"
443,10824299802,10824299832,1,"IOTHUB_CLIENT_CONFIRMATION_OK"
444,10824300136,10824300179,1,"IOTHUB_CLIENT_CONFIRMATION_OK"
445,10824300469,10824300593,1,"IOTHUB_CLIENT_CONFIRMATION_OK"
446,10824300802,10824300839,1,"IOTHUB_CLIENT_CONFIRMATION_OK"
447,10824301135,10824301214,1,"IOTHUB_CLIENT_CONFIRMATION_OK"
448,10824301468,10824301500,1,"IOTHUB_CLIENT_CONFIRMATION_OK"
449,10824301801,10824301830,1,"IOTHUB_CLIENT_CONFIRMATION_OK"
450,10824302135,10824302215,1,"IOTHUB_CLIENT_CONFIRMATION_OK"
451,10824302468,10824302496,1,"IOTHUB_CLIENT_CONFIRMATION_OK"
452,10824302801,10824302832,1,"IOTHUB_CLIENT_CONFIRMATION_OK"
453,10824303134,10824303224,1,"IOTHUB_CLIENT_CONFIRMATION_OK"
454,10824303467,10824303511,1,"IOTHUB_CLIENT_CONFIRMATION_OK"
455,10824303800,10824303848,1,"IOTHUB_CLIENT_CONFIRMATION_OK"
456,10824304133,10824304165,1,"IOTHUB_CLIENT_CONFIRMATION_OK"
457,10824304467,10824304494,1,"IOTHUB_CLIENT_CONFIRMATION_OK"
458,10824304800,10824304861,1,"IOTHUB_CLIENT_CONFIRMATION_OK"
459,10824305133,10824305170,1,"IOTHUB_CLIENT_CONFIRMATION_OK"
460,10824305466,10824305498,1,"IOTHUB_CLIENT_CONFIRMATION_OK"
461,10824305799,10824305869,1,"IOTHUB_CLIENT_CONFIRMATION_OK"
462,10824306133,10824306163,1,"IOTHUB_CLIENT_CONFIRMATION_OK"
463,10824306466,10824306505,1,"IOTHUB_CLIENT_CONFIRMATION_OK"
464,10824306799,10824306827,1,"IOTHUB_CLIENT_CONFIRMATION_OK"
465,10824307132,10824307164,1,"IOTHUB_CLIENT_CONFIRMATION_OK"
466,10824307465,10824307520,1,"IOTHUB_CLIENT_CONFIRMATION_OK"
467,10824307798,10824307829,1,"IOTHUB_CLIENT_CONFIRMATION_OK"
468,10824308131,10824308165,1,"IOTHUB_CLIENT_CONFIRMATION_OK"
469,10824308465,10824308625,1,"IOTHUB_CLIENT_CONFIRMATION_OK"
470,10824308798,10824308828,1,"IOTHUB_CLIENT_CONFIRMATION_OK"
471,10824309131,10824309163,1,"IOTHUB_CLIENT_CONFIRMATION_OK"
472,10824309464,10824309495,1,"IOTHUB_CLIENT_CONFIRMATION_OK"
473,10824309797,10824309840,1,"IOTHUB_CLIENT_CONFIRMATION_OK"
474,10824310130,10824310162,1,"IOTHUB_CLIENT_CONFIRMATION_OK"
475,10824310464,10824310497,1,"IOTHUB_CLIENT_CONFIRMATION_OK"
476,10824310797,10824310827,1,"IOTHUB_CLIENT_CONFIRMATION_OK"
477,10824311130,10824311271,1,"IOTHUB_CLIENT_CONFIRMATION_OK"
478,10824311463,10824311498,1,"IOTHUB_CLIENT_CONFIRMATION_OK"
479,10824311796,10824311826,1,"IOTHUB_CLIENT_CONFIRMATION_OK"
480,10824312129,10824312174,1,"IOTHUB_CLIENT_CONFIRMATION_OK"
481,10824312463,10824312514,1,"IOTHUB_CLIENT_CONFIRMATION_OK"
482,10824312796,10824312901,1,"IOTHUB_CLIENT_CONFIRMATION_OK"
483,10824313129,10824313162,1,"IOTHUB_CLIENT_CONFIRMATION_OK"
484,10824313462,10824313495,1,"IOTHUB_CLIENT_CONFIRMATION_OK"
485,10824313795,10824313931,1,"IOTHUB_CLIENT_CONFIRMATION_OK"
486,10824314128,10824314160,1,"IOTHUB_CLIENT_CONFIRMATION_OK"
487,10824314461,10824314511,1,"IOTHUB_CLIENT_CONFIRMATION_OK"
488,10824314795,10824314930,1,"IOTHUB_CLIENT_CONFIRMATION_OK"
489,10824315128,10824315297,1,"IOTHUB_CLIENT_CONFIRMATION_OK"
490,10824315461,10824315570,1,"IOTHUB_CLIENT_CONFIRMATION_OK"
491,10824315794,10824315824,1,"IOTHUB_CLIENT_CONFIRMATION_OK"
492,10824316127,10824316177,1,"IOTHUB_CLIENT_CONFIRMATION_OK"
493,10824316460,10824316564,1,"IOTHUB_CLIENT_CONFIRMATION_OK"
494,10824316794,10824316827,1,"IOTHUB_CLIENT_CONFIRMATION_OK"
495,10824317127,10824317160,1,"IOTHUB_CLIENT_CONFIRMATION_OK"
496,10824317460,10824317587,1,"IOTHUB_CLIENT_CONFIRMATION_OK"
497,10824317793,10824317826,1,"IOTHUB_CLIENT_CONFIRMATION_OK"
498,10824318126,10824318215,1,"IOTHUB_CLIENT_CONFIRMATION_OK"
499,10824318459,10824318496,1,"IOTHUB_CLIENT_CONFIRMATION_OK"
500,10824318793,10824318822,1,"IOTHUB_CLIENT_CONFIRMATION_OK"
501,10824319126,10824319220,1,"IOTHUB_CLIENT_CONFIRMATION_OK"
502,10824319459,10824319488,1,"IOTHUB_CLIENT_CONFIRMATION_OK"
503,10824319792,10824319821,1,"IOTHUB_CLIENT_CONFIRMATION_OK"
504,10824320125,10824320234,1,"IOTHUB_CLIENT_CONFIRMATION_OK"
505,10824320458,10824320488,1,"IOTHUB_CLIENT_CONFIRMATION_OK"
506,10824320791,10824321027,1,"IOTHUB_CLIENT_CONFIRMATION_OK"
507,10824321125,10824321159,1,"IOTHUB_CLIENT_CONFIRMATION_OK"
508,10824321458,10824321509,1,"IOTHUB_CLIENT_CONFIRMATION_OK"
509,10824321791,10824322004,1,"IOTHUB_CLIENT_CONFIRMATION_OK"
510,10824322124,10824322157,1,"IOTHUB_CLIENT_CONFIRMATION_OK"
511,10824322457,10824322589,1,"IOTHUB_CLIENT_CONFIRMATION_OK"
512,10824322790,10824322819,1,"IOTHUB_CLIENT_CONFIRMATION_OK"
513,10824323124,10824323166,1,"IOTHUB_CLIENT_CONFIRMATION_OK"
514,10824323457,10824323488,1,"IOTHUB_CLIENT_CONFIRMATION_OK"
515,10824323790,10824323849,1,"IOTHUB_CLIENT_CONFIRMATION_OK"
516,10824324123,10824324154,1,"IOTHUB_CLIENT_CONFIRMATION_OK"
517,10824324456,10824324488,1,"IOTHUB_CLIENT_CONFIRMATION_OK"
518,10824324789,10824324819,1,"IOTHUB_CLIENT_CONFIRMATION_OK"
519,10824325123,10824325154,1,"IOTHUB_CLIENT_CONFIRMATION_OK"
520,10824325456,10824325486,1,"IOTHUB_CLIENT_CONFIRMATION_OK"
521,10824325789,10824325820,1,"IOTHUB_CLIENT_CONFIRMATION_OK"
522,10824326122,10824326158,1,"IOTHUB_CLIENT_CONFIRMATION_OK"
523,10824326455,10824326488,1,"IOTHUB_CLIENT_CONFIRMATION_OK"
524,10824326788,10824326822,1,"IOTHUB_CLIENT_CONFIRMATION_OK"
525,10824327122,10824327155,1,"IOTHUB_CLIENT_CONFIRMATION_OK"
526,10824327455,10824327486,1,"IOTHUB_CLIENT_CONFIRMATION_OK"
527,10824327788,10824327818,1,"IOTHUB_CLIENT_CONFIRMATION_OK"
528,10824328121,10824328151,1,"IOTHUB_CLIENT_CONFIRMATION_OK"
529,10824328454,10824328485,1,"IOTHUB_CLIENT_CONFIRMATION_OK"
530,10824328787,10824328820,1,"IOTHUB_CLIENT_CONFIRMATION_OK"
531,10824329120,10824329150,1,"IOTHUB_CLIENT_CONFIRMATION_OK"
532,10824329454,10824329486,1,"IOTHUB_CLIENT_CONFIRMATION_OK"
533,10824329787,10824329838,1,"IOTHUB_CLIENT_CONFIRMATION_OK"
534,10824330120,10824330149,1,"IOTHUB_CLIENT_CONFIRMATION_OK"
535,10824330453,10824330500,1,"IOTHUB_CLIENT_CONFIRMATION_OK"
536,10824330786,10824330818,1,"IOTHUB_CLIENT_CONFIRMATION_OK"
537,10824331119,10824331151,1,"IOTHUB_CLIENT_CONFIRMATION_OK"
538,10824331453,10824331483,1,"IOTHUB_CLIENT_CONFIRMATION_OK"
539,10824331786,10824331813,1,"IOTHUB_CLIENT_CONFIRMATION_OK"
540,10824332119,10824332149,1,"IOTHUB_CLIENT_CONFIRMATION_OK"
541,10824332452,10824332485,1,"IOTHUB_CLIENT_CONFIRMATION_OK"
542,10824332785,10824332829,1,"IOTHUB_CLIENT_CONFIRMATION_OK"
543,10824333118,10824333151,1,"IOTHUB_CLIENT_CONFIRMATION_OK"
544,10824333452,10824333484,1,"IOTHUB_CLIENT_CONFIRMATION_OK"
545,10824333785,10824333816,1,"IOTHUB_CLIENT_CONFIRMATION_OK"
546,10824334118,10824334147,1,"IOTHUB_CLIENT_CONFIRMATION_OK"
547,10824334451,10824334488,1,"IOTHUB_CLIENT_CONFIRMATION_OK"
548,10824334784,10824334826,1,"IOTHUB_CLIENT_CONFIRMATION_OK"
549,10824335117,10824335158,1,"IOTHUB_CLIENT_CONFIRMATION_OK"
550,10824335451,10824335480,1,"IOTHUB_CLIENT_CONFIRMATION_OK"
551,10824335784,10824335812,1,"IOTHUB_CLIENT_CONFIRMATION_OK"
552,10824336117,10824336148,1,"IOTHUB_CLIENT_CONFIRMATION_OK"
553,10824336450,10824336485,1,"IOTHUB_CLIENT_CONFIRMATION_OK"
554,10824336783,10824336814,1,"IOTHUB_CLIENT_CONFIRMATION_OK"
555,10824337116,10824337146,1,"IOTHUB_CLIENT_CONFIRMATION_OK"
556,10824337449,10824337503,1,"IOTHUB_CLIENT_CONFIRMATION_OK"
557,10824337783,10824337812,1,"IOTHUB_CLIENT_CONFIRMATION_OK"
558,10824338116,10824338146,1,"IOTHUB_CLIENT_CONFIRMATION_OK"
559,10824338449,10824338482,1,"IOTHUB_CLIENT_CONFIRMATION_OK"
560,10824338782,10824338933,1,"IOTHUB_CLIENT_CONFIRMATION_OK"
561,10824339115,10824339144,1,"IOTHUB_CLIENT_CONFIRMATION_OK"
562,10824339448,10824339484,1,"IOTHUB_CLIENT_CONFIRMATION_OK"
563,10824339782,10824339943,1,"IOTHUB_CLIENT_CONFIRMATION_OK"
564,10824340115,10824340149,1,"IOTHUB_CLIENT_CONFIRMATION_OK"
565,10824340448,10824340491,1,"IOTHUB_CLIENT_CONFIRMATION_OK"
566,10824340781,10824340809,1,"IOTHUB_CLIENT_CONFIRMATION_OK"
567,10824341114,10824341144,1,"IOTHUB_CLIENT_CONFIRMATION_OK"
568,10824341447,10824341585,1,"IOTHUB_CLIENT_CONFIRMATION_OK"
569,10824341781,10824341814,1,"IOTHUB_CLIENT_CONFIRMATION_OK"
570,10824342114,10824342144,1,"IOTHUB_CLIENT_CONFIRMATION_OK"
571,10824342447,10824342592,1,"IOTHUB_CLIENT_CONFIRMATION_OK"
572,10824342780,10824342809,1,"IOTHUB_CLIENT_CONFIRMATION_OK"
573,10824343113,10824343150,1,"IOTHUB_CLIENT_CONFIRMATION_OK"
574,10824343446,10824343489,1,"IOTHUB_CLIENT_CONFIRMATION_OK"
575,10824343779,10824343810,1,"IOTHUB_CLIENT_CONFIRMATION_OK"
576,10824344113,10824344220,1,"IOTHUB_CLIENT_CONFIRMATION_OK"
577,10824344446,10824344475,1,"IOTHUB_CLIENT_CONFIRMATION_OK"
578,10824344779,10824344808,1,"IOTHUB_CLIENT_CONFIRMATION_OK"
579,10824345112,10824345250,1,"IOTHUB_CLIENT_CONFIRMATION_OK"
580,10824345445,10824345475,1,"IOTHUB_CLIENT_CONFIRMATION_OK"
581,10824345778,10824345809,1,"IOTHUB_CLIENT_CONFIRMATION_OK"
582,10824346112,10824346145,1,"IOTHUB_CLIENT_CONFIRMATION_OK"
583,10824346445,10824346504,1,"IOTHUB_CLIENT_CONFIRMATION_OK"
584,10824346778,10824346868,1,"IOTHUB_CLIENT_CONFIRMATION_OK"
585,10824347111,10824347140,1,"IOTHUB_CLIENT_CONFIRMATION_OK"
586,10824347444,10824347473,1,"IOTHUB_CLIENT_CONFIRMATION_OK"
587,10824347777,10824347873,1,"IOTHUB_CLIENT_CONFIRMATION_OK"
588,10824348111,10824348142,1,"IOTHUB_CLIENT_CONFIRMATION_OK"
589,10824348444,10824348473,1,"IOTHUB_CLIENT_CONFIRMATION_OK"
590,10824348777,10824348807,1,"IOTHUB_CLIENT_CONFIRMATION_OK"
591,10824349110,10824349142,1,"IOTHUB_CLIENT_CONFIRMATION_OK"
592,10824349443,10824349531,1,"IOTHUB_CLIENT_CONFIRMATION_OK"
593,10824349776,10824349808,1,"IOTHUB_CLIENT_CONFIRMATION_OK"
594,10824350109,10824350138,1,"IOTHUB_CLIENT_CONFIRMATION_OK"
595,10824350443,10824350526,1,"IOTHUB_CLIENT_CONFIRMATION_OK"
596,10824350776,10824350810,1,"IOTHUB_CLIENT_CONFIRMATION_OK"
597,10824351109,10824351139,1,"IOTHUB_CLIENT_CONFIRMATION_OK"
598,10824351442,10824351530,1,"IOTHUB_CLIENT_CONFIRMATION_OK"
599,10824351775,10824351806,1,"IOTHUB_CLIENT_CONFIRMATION_OK"
600,10824352108,10824352165,1,"IOTHUB_CLIENT_CONFIRMATION_OK"
601,10824352442,10824352477,1,"IOTHUB_CLIENT_CONFIRMATION_OK"
602,10824352775,10824352805,1,"IOTHUB_CLIENT_CONFIRMATION_OK"
603,10824353108,10824353165,1,"IOTHUB_CLIENT_CONFIRMATION_OK"
604,10824353441,10824353473,1,"IOTHUB_CLIENT_CONFIRMATION_OK"
605,10824353774,10824353808,1,"IOTHUB_CLIENT_CONFIRMATION_OK"
606,10824354107,10824354172,1,"IOTHUB_CLIENT_CONFIRMATION_OK"
607,10824354440,10824354473,1,"IOTHUB_CLIENT_CONFIRMATION_OK"
608,10824354774,10824354809,1,"IOTHUB_CLIENT_CONFIRMATION_OK"
609,10824355107,10824355136,1,"IOTHUB_CLIENT_CONFIRMATION_OK"
610,10824355440,10824355470,1,"IOTHUB_CLIENT_CONFIRMATION_OK"
611,10824355773,10824355835,1,"IOTHUB_CLIENT_CONFIRMATION_OK"
612,10824356106,10824356136,1,"IOTHUB_CLIENT_CONFIRMATION_OK"
613,10824356439,10824356478,1,"IOTHUB_CLIENT_CONFIRMATION_OK"
614,10824356773,10824356818,1,"IOTHUB_CLIENT_CONFIRMATION_OK"
615,10824357106,10824357145,1,"IOTHUB_CLIENT_CONFIRMATION_OK"
616,10824357439,10824357472,1,"IOTHUB_CLIENT_CONFIRMATION_OK"
617,10824357772,10824357805,1,"IOTHUB_CLIENT_CONFIRMATION_OK"
618,10824358105,10824358159,1,"IOTHUB_CLIENT_CONFIRMATION_OK"
619,10824358438,10824358467,1,"IOTHUB_CLIENT_CONFIRMATION_OK"
620,10824358772,10824358807,1,"IOTHUB_CLIENT_CONFIRMATION_OK"
621,10824359105,10824359134,1,"IOTHUB_CLIENT_CONFIRMATION_OK"
622,10824359438,10824359564,1,"IOTHUB_CLIENT_CONFIRMATION_OK"
623,10824359771,10824359802,1,"IOTHUB_CLIENT_CONFIRMATION_OK"
624,10824360104,10824360138,1,"IOTHUB_CLIENT_CONFIRMATION_OK"
625,10824360437,10824360467,1,"IOTHUB_CLIENT_CONFIRMATION_OK"
626,10824360770,10824360803,1,"IOTHUB_CLIENT_CONFIRMATION_OK"
627,10824361104,10824361208,1,"IOTHUB_CLIENT_CONFIRMATION_OK"
628,10824361437,10824361467,1,"IOTHUB_CLIENT_CONFIRMATION_OK"
629,10824361770,10824361817,1,"IOTHUB_CLIENT_CONFIRMATION_OK"
630,10824362103,10824362230,1,"IOTHUB_CLIENT_CONFIRMATION_OK"
631,10824362436,10824362468,1,"IOTHUB_CLIENT_CONFIRMATION_OK"
632,10824362770,10824362802,1,"IOTHUB_CLIENT_CONFIRMATION_OK"
633,10824363103,10824363219,1,"IOTHUB_CLIENT_CONFIRMATION_OK"
634,10824363436,10824363466,1,"IOTHUB_CLIENT_CONFIRMATION_OK"
635,10824363769,10824363844,1,"IOTHUB_CLIENT_CONFIRMATION_OK"
636,10824364102,10824364139,1,"IOTHUB_CLIENT_CONFIRMATION_OK"
637,10824364435,10824364466,1,"IOTHUB_CLIENT_CONFIRMATION_OK"
638,10824364768,10824364852,1,"IOTHUB_CLIENT_CONFIRMATION_OK"
639,10824365102,10824365148,1,"IOTHUB_CLIENT_CONFIRMATION_OK"
640,10824365435,10824365464,1,"IOTHUB_CLIENT_CONFIRMATION_OK"
641,10824365768,10824365871,1,"IOTHUB_CLIENT_CONFIRMATION_OK"
642,10824366101,10824366216,1,"IOTHUB_CLIENT_CONFIRMATION_OK"
643,10824366434,10824366468,1,"IOTHUB_CLIENT_CONFIRMATION_OK"
644,10824366767,10824366801,1,"IOTHUB_CLIENT_CONFIRMATION_OK"
645,10824367100,10824367135,1,"IOTHUB_CLIENT_CONFIRMATION_OK"
646,10824367434,10824367467,1,"IOTHUB_CLIENT_CONFIRMATION_OK"
647,10824367767,10824367822,1,"IOTHUB_CLIENT_CONFIRMATION_OK"
648,10824368100,10824368131,1,"IOTHUB_CLIENT_CONFIRMATION_OK"
649,10824368433,10824368480,1,"IOTHUB_CLIENT_CONFIRMATION_OK"
650,10824368766,10824368810,1,"IOTHUB_CLIENT_CONFIRMATION_OK"
651,10824369099,10824369129,1,"IOTHUB_CLIENT_CONFIRMATION_OK"
652,10824369433,10824369464,1,"IOTHUB_CLIENT_CONFIRMATION_OK"
653,10824369766,10824369806,1,"IOTHUB_CLIENT_CONFIRMATION_OK"
654,10824370099,10824370132,1,"IOTHUB_CLIENT_CONFIRMATION_OK"
655,10824370432,10824370477,1,"IOTHUB_CLIENT_CONFIRMATION_OK"
656,10824370765,10824370796,1,"IOTHUB_CLIENT_CONFIRMATION_OK"
657,10824371098,10824371132,1,"IOTHUB_CLIENT_CONFIRMATION_OK"
658,10824371432,10824371461,1,"IOTHUB_CLIENT_CONFIRMATION_OK"
659,10824371765,10824371811,1,"IOTHUB_CLIENT_CONFIRMATION_OK"
660,10824372098,10824372127,1,"IOTHUB_CLIENT_CONFIRMATION_OK"
661,10824372431,10824372460,1,"IOTHUB_CLIENT_CONFIRMATION_OK"
662,10824372764,10824372817,1,"IOTHUB_CLIENT_CONFIRMATION_OK"
663,10824373097,10824373129,1,"IOTHUB_CLIENT_CONFIRMATION_OK"
664,10824373430,10824373462,1,"IOTHUB_CLIENT_CONFIRMATION_OK"
665,10824373764,10824373816,1,"IOTHUB_CLIENT_CONFIRMATION_OK"
666,10824374097,10824374126,1,"IOTHUB_CLIENT_CONFIRMATION_OK"
667,10824374430,10824374461,1,"IOTHUB_CLIENT_CONFIRMATION_OK"
668,10824374763,10824374794,1,"IOTHUB_CLIENT_CONFIRMATION_OK"
669,10824375096,10824375124,1,"IOTHUB_CLIENT_CONFIRMATION_OK"
670,10824375429,10824375463,1,"IOTHUB_CLIENT_CONFIRMATION_OK"
671,10824375763,10824375792,1,"IOTHUB_CLIENT_CONFIRMATION_OK"
672,10824376096,10824376139,1,"IOTHUB_CLIENT_CONFIRMATION_OK"
673,10824376429,10824376483,1,"IOTHUB_CLIENT_CONFIRMATION_OK"
674,10824376762,10824376792,1,"IOTHUB_CLIENT_CONFIRMATION_OK"
675,10824377095,10824377127,1,"IOTHUB_CLIENT_CONFIRMATION_OK"
676,10824377428,10824377462,1,"IOTHUB_CLIENT_CONFIRMATION_OK"
677,10824377761,10824377796,1,"IOTHUB_CLIENT_CONFIRMATION_OK"
678,10824378095,10824378143,1,"IOTHUB_CLIENT_CONFIRMATION_OK"
679,10824378428,10824378461,1,"IOTHUB_CLIENT_CONFIRMATION_OK"
680,10824378761,10824378793,1,"IOTHUB_CLIENT_CONFIRMATION_OK"
681,10824379094,10824379126,1,"IOTHUB_CLIENT_CONFIRMATION_OK"
682,10824379427,10824379461,1,"IOTHUB_CLIENT_CONFIRMATION_OK"
683,10824379760,10824379796,1,"IOTHUB_CLIENT_CONFIRMATION_OK"
684,10824380094,10824380194,1,"IOTHUB_CLIENT_CONFIRMATION_OK"
685,10824380427,10824380460,1,"IOTHUB_CLIENT_CONFIRMATION_OK"
686,10824380760,10824380809,1,"IOTHUB_CLIENT_CONFIRMATION_OK"
687,10824381093,10824381127,1,"IOTHUB_CLIENT_CONFIRMATION_OK"
688,10824381426,10824381462,1,"IOTHUB_CLIENT_CONFIRMATION_OK"
689,10824381759,10824381828,1,"IOTHUB_CLIENT_CONFIRMATION_OK"
690,10824382092,10824382123,1,"IOTHUB_CLIENT_CONFIRMATION_OK"
691,10824382426,10824382458,1,"IOTHUB_CLIENT_CONFIRMATION_OK"
692,10824382759,10824382790,1,"IOTHUB_CLIENT_CONFIRMATION_OK"
693,10824383092,10824383121,1,"IOTHUB_CLIENT_CONFIRMATION_OK"
694,10824383425,10824383485,1,"IOTHUB_CLIENT_CONFIRMATION_OK"
695,10824383758,10824383791,1,"IOTHUB_CLIENT_CONFIRMATION_OK"
696,10824384091,10824384121,1,"IOTHUB_CLIENT_CONFIRMATION_OK"
697,10824384425,10824384487,1,"IOTHUB_CLIENT_CONFIRMATION_OK"
698,10824384758,10824384790,1,"IOTHUB_CLIENT_CONFIRMATION_OK"
699,10824385091,10824385122,1,"IOTHUB_CLIENT_CONFIRMATION_OK"
700,10824385424,10824385507,1,"IOTHUB_CLIENT_CONFIRMATION_OK"
701,10824385757,10824385791,1,"IOTHUB_CLIENT_CONFIRMATION_OK"
702,10824386090,10824386136,1,"IOTHUB_CLIENT_CONFIRMATION_OK"
703,10824386423,10824386453,1,"IOTHUB_CLIENT_CONFIRMATION_OK"
704,10824386757,10824386789,1,"IOTHUB_CLIENT_CONFIRMATION_OK"
705,10824387090,10824387162,1,"IOTHUB_CLIENT_CONFIRMATION_OK"
706,10824387423,10824387452,1,"IOTHUB_CLIENT_CONFIRMATION_OK"
707,10824387756,10824387790,1,"IOTHUB_CLIENT_CONFIRMATION_OK"
708,10824388089,10824388171,1,"IOTHUB_CLIENT_CONFIRMATION_OK"
709,10824388422,10824388453,1,"IOTHUB_CLIENT_CONFIRMATION_OK"
710,10824388756,10824388804,1,"IOTHUB_CLIENT_CONFIRMATION_OK"
711,10824389089,10824389122,1,"IOTHUB_CLIENT_CONFIRMATION_OK"
712,10824389422,10824389453,1,"IOTHUB_CLIENT_CONFIRMATION_OK"
713,10824389755,10824389790,1,"IOTHUB_CLIENT_CONFIRMATION_OK"
714,10824390088,10824390122,1,"IOTHUB_CLIENT_CONFIRMATION_OK"
715,10824390421,10824390454,1,"IOTHUB_CLIENT_CONFIRMATION_OK"
716,10824390755,10824390811,1,"IOTHUB_CLIENT_CONFIRMATION_OK"
717,10824391088,10824391120,1,"IOTHUB_CLIENT_CONFIRMATION_OK"
718,10824391421,10824391454,1,"IOTHUB_CLIENT_CONFIRMATION_OK"
719,10824391754,10824391785,1,"IOTHUB_CLIENT_CONFIRMATION_OK"
720,10824392087,10824392119,1,"IOTHUB_CLIENT_CONFIRMATION_OK"
721,10824392420,10824392451,1,"IOTHUB_CLIENT_CONFIRMATION_OK"
722,10824392754,10824392788,1,"IOTHUB_CLIENT_CONFIRMATION_OK"
723,10824393087,10824393119,1,"IOTHUB_CLIENT_CONFIRMATION_OK"
724,10824393420,10824393456,1,"IOTHUB_CLIENT_CONFIRMATION_OK"
725,10824393753,10824393787,1,"IOTHUB_CLIENT_CONFIRMATION_OK"
726,10824394086,10824394120,1,"IOTHUB_CLIENT_CONFIRMATION_OK"
727,10824394419,10824394453,1,"IOTHUB_CLIENT_CONFIRMATION_OK"
728,10824394753,10824394783,1,"IOTHUB_CLIENT_CONFIRMATION_OK"
729,10824395086,10824395117,1,"IOTHUB_CLIENT_CONFIRMATION_OK"
730,10824395419,10824395473,1,"IOTHUB_CLIENT_CONFIRMATION_OK"
731,10824395752,10824395872,1,"IOTHUB_CLIENT_CONFIRMATION_OK"
732,10824396085,10824396119,1,"IOTHUB_CLIENT_CONFIRMATION_OK"
733,10824396418,10824396455,1,"IOTHUB_CLIENT_CONFIRMATION_OK"
734,10824396752,10824396800,1,"IOTHUB_CLIENT_CONFIRMATION_OK"
735,10824397085,10824397114,1,"IOTHUB_CLIENT_CONFIRMATION_OK"
736,10824397418,10824397449,1,"IOTHUB_CLIENT_CONFIRMATION_OK"
737,10824397751,10824397780,1,"IOTHUB_CLIENT_CONFIRMATION_OK"
738,10824398084,10824398116,1,"IOTHUB_CLIENT_CONFIRMATION_OK"
739,10824398417,10824398452,1,"IOTHUB_CLIENT_CONFIRMATION_OK"
740,10824398751,10824398782,1,"IOTHUB_CLIENT_CONFIRMATION_OK"
741,10824399084,10824399113,1,"IOTHUB_CLIENT_CONFIRMATION_OK"
742,10824399417,10824399447,1,"IOTHUB_CLIENT_CONFIRMATION_OK"
743,10824399750,10824399783,1,"IOTHUB_CLIENT_CONFIRMATION_OK"
744,10824400083,10824400115,1,"IOTHUB_CLIENT_CONFIRMATION_OK"
745,10824400416,10824400448,1,"IOTHUB_CLIENT_CONFIRMATION_OK"
746,10824400750,10824400781,1,"IOTHUB_CLIENT_CONFIRMATION_OK"
747,10824401083,10824401115,1,"IOTHUB_CLIENT_CONFIRMATION_OK"
748,10824401416,10824401564,1,"IOTHUB_CLIENT_CONFIRMATION_OK"
749,10824401749,10824401779,1,"IOTHUB_CLIENT_CONFIRMATION_OK"
750,10824402082,10824402124,1,"IOTHUB_CLIENT_CONFIRMATION_OK"
751,10824402415,10824402448,1,"IOTHUB_CLIENT_CONFIRMATION_OK"
752,10824402749,10824402780,1,"IOTHUB_CLIENT_CONFIRMATION_OK"
753,10824403082,10824403110,1,"IOTHUB_CLIENT_CONFIRMATION_OK"
754,10824403415,10824403445,1,"IOTHUB_CLIENT_CONFIRMATION_OK"
755,10824403748,10824403787,1,"IOTHUB_CLIENT_CONFIRMATION_OK"
756,10824404081,10824404116,1,"IOTHUB_CLIENT_CONFIRMATION_OK"
757,10824404414,10824404444,1,"IOTHUB_CLIENT_CONFIRMATION_OK"
758,10824404747,10824404792,1,"IOTHUB_CLIENT_CONFIRMATION_OK"
759,10824405081,10824405120,1,"IOTHUB_CLIENT_CONFIRMATION_OK"
760,10824405414,10824405444,1,"IOTHUB_CLIENT_CONFIRMATION_OK"
761,10824405747,10824405779,1,"IOTHUB_CLIENT_CONFIRMATION_OK"
762,10824406080,10824406112,1,"IOTHUB_CLIENT_CONFIRMATION_OK"
763,10824406413,10824406456,1,"IOTHUB_CLIENT_CONFIRMATION_OK"
764,10824406746,10824406782,1,"IOTHUB_CLIENT_CONFIRMATION_OK"
765,10824407080,10824407113,1,"IOTHUB_CLIENT_CONFIRMATION_OK"
766,10824407413,10824407447,1,"IOTHUB_CLIENT_CONFIRMATION_OK"
767,10824407746,10824407779,1,"IOTHUB_CLIENT_CONFIRMATION_OK"
768,10824408079,10824408117,1,"IOTHUB_CLIENT_CONFIRMATION_OK"
769,10824408412,10824408459,1,"IOTHUB_CLIENT_CONFIRMATION_OK"
770,10824408745,10824408778,1,"IOTHUB_CLIENT_CONFIRMATION_OK"
771,10824409078,10824409113,1,"IOTHUB_CLIENT_CONFIRMATION_OK"
772,10824409412,10824409452,1,"IOTHUB_CLIENT_CONFIRMATION_OK"
773,10824409745,10824409782,1,"IOTHUB_CLIENT_CONFIRMATION_OK"
774,10824410078,10824410111,1,"IOTHUB_CLIENT_CONFIRMATION_OK"
775,10824410411,10824410567,1,"IOTHUB_CLIENT_CONFIRMATION_OK"
776,10824410744,10824410788,1,"IOTHUB_CLIENT_CONFIRMATION_OK"
777,10824411077,10824411109,1,"IOTHUB_CLIENT_CONFIRMATION_OK"
778,10824411411,10824411442,1,"IOTHUB_CLIENT_CONFIRMATION_OK"
779,10824411744,10824411777,1,"IOTHUB_CLIENT_CONFIRMATION_OK"
780,10824412077,10824412107,1,"IOTHUB_CLIENT_CONFIRMATION_OK"
781,10824412410,10824412442,1,"IOTHUB_CLIENT_CONFIRMATION_OK"
782,10824412743,10824412799,1,"IOTHUB_CLIENT_CONFIRMATION_OK"
783,10824413076,10824413110,1,"IOTHUB_CLIENT_CONFIRMATION_OK"
784,10824413410,10824413441,1,"IOTHUB_CLIENT_CONFIRMATION_OK"
785,10824413743,10824413775,1,"IOTHUB_CLIENT_CONFIRMATION_OK"
786,10824414076,10824414108,1,"IOTHUB_CLIENT_CONFIRMATION_OK"
787,10824414409,10824414447,1,"IOTHUB_CLIENT_CONFIRMATION_OK"
788,10824414742,10824414771,1,"IOTHUB_CLIENT_CONFIRMATION_OK"
789,10824415075,10824415106,1,"IOTHUB_CLIENT_CONFIRMATION_OK"
790,10824415409,10824415452,1,"IOTHUB_CLIENT_CONFIRMATION_OK"
791,10824415742,10824415776,1,"IOTHUB_CLIENT_CONFIRMATION_OK"
792,10824416075,10824416107,1,"IOTHUB_CLIENT_CONFIRMATION_OK"
793,10824416408,10824416441,1,"IOTHUB_CLIENT_CONFIRMATION_OK"
794,10824416741,10824416780,1,"IOTHUB_CLIENT_CONFIRMATION_OK"
795,10824417074,10824417106,1,"IOTHUB_CLIENT_CONFIRMATION_OK"
796,10824417408,10824417441,1,"IOTHUB_CLIENT_CONFIRMATION_OK"
797,10824417741,10824417773,1,"IOTHUB_CLIENT_CONFIRMATION_OK"
798,10824418074,10824418106,1,"IOTHUB_CLIENT_CONFIRMATION_OK"
799,10824418407,10824418556,1,"IOTHUB_CLIENT_CONFIRMATION_OK"
800,10824418740,10824418772,1,"IOTHUB_CLIENT_CONFIRMATION_OK"
801,10824419073,10824419104,1,"IOTHUB_CLIENT_CONFIRMATION_OK"
802,10824419406,10824419540,1,"IOTHUB_CLIENT_CONFIRMATION_OK"
803,10824419740,10824419768,1,"IOTHUB_CLIENT_CONFIRMATION_OK"
804,10824420073,10824420106,1,"IOTHUB_CLIENT_CONFIRMATION_OK"
805,10824420406,10824420439,1,"IOTHUB_CLIENT_CONFIRMATION_OK"
806,10824420739,10824420773,1,"IOTHUB_CLIENT_CONFIRMATION_OK"
807,10824421072,10824421168,1,"IOTHUB_CLIENT_CONFIRMATION_OK"
808,10824421405,10824421438,1,"IOTHUB_CLIENT_CONFIRMATION_OK"
809,10824421739,10824421772,1,"IOTHUB_CLIENT_CONFIRMATION_OK"
810,10824422072,10824422185,1,"IOTHUB_CLIENT_CONFIRMATION_OK"
811,10824422405,10824422436,1,"IOTHUB_CLIENT_CONFIRMATION_OK"
812,10824422738,10824422769,1,"IOTHUB_CLIENT_CONFIRMATION_OK"
813,10824423071,10824423101,1,"IOTHUB_CLIENT_CONFIRMATION_OK"
814,10824423404,10824423436,1,"IOTHUB_CLIENT_CONFIRMATION_OK"
815,10824423738,10824423811,1,"IOTHUB_CLIENT_CONFIRMATION_OK"
816,10824424071,10824424101,1,"IOTHUB_CLIENT_CONFIRMATION_OK"
817,10824424404,10824424465,1,"IOTHUB_CLIENT_CONFIRMATION_OK"
818,10824424737,10824424822,1,"IOTHUB_CLIENT_CONFIRMATION_OK"
819,10824425070,10824425106,1,"IOTHUB_CLIENT_CONFIRMATION_OK"
820,10824425403,10824425440,1,"IOTHUB_CLIENT_CONFIRMATION_OK"
821,10824425736,10824425830,1,"IOTHUB_CLIENT_CONFIRMATION_OK"
822,10824426070,10824426132,1,"IOTHUB_CLIENT_CONFIRMATION_OK"
823,10824426403,10824426434,1,"IOTHUB_CLIENT_CONFIRMATION_OK"
824,10824426736,10824426765,1,"IOTHUB_CLIENT_CONFIRMATION_OK"
825,10824427069,10824427104,1,"IOTHUB_CLIENT_CONFIRMATION_OK"
826,10824427402,10824427578,1,"IOTHUB_CLIENT_CONFIRMATION_OK"
827,10824427735,10824427769,1,"IOTHUB_CLIENT_CONFIRMATION_OK"
828,10824428069,10824428103,1,"IOTHUB_CLIENT_CONFIRMATION_OK"
829,10824428402,10824428564,1,"IOTHUB_CLIENT_CONFIRMATION_OK"
830,10824428735,10824428782,1,"IOTHUB_CLIENT_CONFIRMATION_OK"
831,10824429068,10824429097,1,"IOTHUB_CLIENT_CONFIRMATION_OK"
832,10824429401,10824429440,1,"IOTHUB_CLIENT_CONFIRMATION_OK"
833,10824429734,10824429765,1,"IOTHUB_CLIENT_CONFIRMATION_OK"
834,10824430068,10824430188,1,"IOTHUB_CLIENT_CONFIRMATION_OK"
835,10824430401,10824430445,1,"IOTHUB_CLIENT_CONFIRMATION_OK"
836,10824430734,10824430765,1,"IOTHUB_CLIENT_CONFIRMATION_OK"
837,10824431067,10824431194,1,"IOTHUB_CLIENT_CONFIRMATION_OK"
838,10824431400,10824431433,1,"IOTHUB_CLIENT_CONFIRMATION_OK"
839,10824431733,10824431766,1,"IOTHUB_CLIENT_CONFIRMATION_OK"
840,10824432066,10824432097,1,"IOTHUB_CLIENT_CONFIRMATION_OK"
841,10824432400,10824432431,1,"IOTHUB_CLIENT_CONFIRMATION_OK"
842,10824432733,10824432836,1,"IOTHUB_CLIENT_CONFIRMATION_OK"
843,10824433066,10824433100,1,"IOTHUB_CLIENT_CONFIRMATION_OK"
844,10824433399,10824433428,1,"IOTHUB_CLIENT_CONFIRMATION_OK"
845,10824433732,10824433855,1,"IOTHUB_CLIENT_CONFIRMATION_OK"
846,10824434065,10824434098,1,"IOTHUB_CLIENT_CONFIRMATION_OK"
847,10824434398,10824434432,1,"IOTHUB_CLIENT_CONFIRMATION_OK"
848,10824434732,10824434765,1,"IOTHUB_CLIENT_CONFIRMATION_OK"
849,10824435065,10824435100,1,"IOTHUB_CLIENT_CONFIRMATION_OK"
850,10824435398,10824435500,1,"IOTHUB_CLIENT_CONFIRMATION_OK"
851,10824435731,10824435766,1,"IOTHUB_CLIENT_CONFIRMATION_OK"
852,10824436064,10824436101,1,"IOTHUB_CLIENT_CONFIRMATION_OK"
853,10824436397,10824436530,1,"IOTHUB_CLIENT_CONFIRMATION_OK"
854,10824436731,10824436768,1,"IOTHUB_CLIENT_CONFIRMATION_OK"
855,10824437064,10824437095,1,"IOTHUB_CLIENT_CONFIRMATION_OK"
856,10824437397,10824437522,1,"IOTHUB_CLIENT_CONFIRMATION_OK"
857,10824437730,10824437765,1,"IOTHUB_CLIENT_CONFIRMATION_OK"
858,10824438063,10824438151,1,"IOTHUB_CLIENT_CONFIRMATION_OK"
859,10824438396,10824438428,1,"IOTHUB_CLIENT_CONFIRMATION_OK"
860,10824438730,10824438761,1,"IOTHUB_CLIENT_CONFIRMATION_OK"
861,10824439063,10824439164,1,"IOTHUB_CLIENT_CONFIRMATION_OK"
862,10824439396,10824439429,1,"IOTHUB_CLIENT_CONFIRMATION_OK"
863,10824439729,10824439761,1,"IOTHUB_CLIENT_CONFIRMATION_OK"
864,10824440062,10824440171,1,"IOTHUB_CLIENT_CONFIRMATION_OK"
865,10824440395,10824440432,1,"IOTHUB_CLIENT_CONFIRMATION_OK"
866,10824440728,10824440804,1,"IOTHUB_CLIENT_CONFIRMATION_OK"
867,10824441062,10824441091,1,"IOTHUB_CLIENT_CONFIRMATION_OK"
868,10824441395,10824441428,1,"IOTHUB_CLIENT_CONFIRMATION_OK"
869,10824441728,10824441873,1,"IOTHUB_CLIENT_CONFIRMATION_OK"
870,10824442061,10824442093,1,"IOTHUB_CLIENT_CONFIRMATION_OK"
871,10824442394,10824442425,1,"IOTHUB_CLIENT_CONFIRMATION_OK"
872,10824442727,10824442918,1,"IOTHUB_CLIENT_CONFIRMATION_OK"
873,10824443061,10824443095,1,"IOTHUB_CLIENT_CONFIRMATION_OK"
874,10824443394,10824443424,1,"IOTHUB_CLIENT_CONFIRMATION_OK"
875,10824443727,10824443766,1,"IOTHUB_CLIENT_CONFIRMATION_OK"
876,10824444060,10824444093,1,"IOTHUB_CLIENT_CONFIRMATION_OK"
877,10824444393,10824444425,1,"IOTHUB_CLIENT_CONFIRMATION_OK"
878,10824444726,10824444761,1,"IOTHUB_CLIENT_CONFIRMATION_OK"
879,10824445060,10824445101,1,"IOTHUB_CLIENT_CONFIRMATION_OK"
880,10824445393,10824445573,1,"IOTHUB_CLIENT_CONFIRMATION_OK"
881,10824445726,10824445757,1,"IOTHUB_CLIENT_CONFIRMATION_OK"
882,10824446059,10824446090,1,"IOTHUB_CLIENT_CONFIRMATION_OK"
883,10824446392,10824446424,1,"IOTHUB_CLIENT_CONFIRMATION_OK"
884,10824446725,10824446759,1,"IOTHUB_CLIENT_CONFIRMATION_OK"
885,10824447059,10824447087,1,"IOTHUB_CLIENT_CONFIRMATION_OK"
886,10824447392,10824447507,1,"IOTHUB_CLIENT_CONFIRMATION_OK"
887,10824447725,10824447757,1,"IOTHUB_CLIENT_CONFIRMATION_OK"
888,10824448058,10824448111,1,"IOTHUB_CLIENT_CONFIRMATION_OK"
889,10824448391,10824448424,1,"IOTHUB_CLIENT_CONFIRMATION_OK"
890,10824448724,10824448756,1,"IOTHUB_CLIENT_CONFIRMATION_OK"
891,10824449058,10824449089,1,"IOTHUB_CLIENT_CONFIRMATION_OK"
892,10824449391,10824449423,1,"IOTHUB_CLIENT_CONFIRMATION_OK"
893,10824449724,10824449760,1,"IOTHUB_CLIENT_CONFIRMATION_OK"
894,10824450057,10824450090,1,"IOTHUB_CLIENT_CONFIRMATION_OK"
895,10824450390,10824450422,1,"IOTHUB_CLIENT_CONFIRMATION_OK"
896,10824450723,10824450762,1,"IOTHUB_CLIENT_CONFIRMATION_OK"
897,10824451056,10824451089,1,"IOTHUB_CLIENT_CONFIRMATION_OK"
898,10824451390,10824451422,1,"IOTHUB_CLIENT_CONFIRMATION_OK"
899,10824451723,10824451753,1,"IOTHUB_CLIENT_CONFIRMATION_OK"
