Message ID,Send Time,Receive Time,Status,Error
0,4016825006,4016825191,1,"IOTHUB_CLIENT_CONFIRMATION_OK"
1,4016825206,4016825243,1,"IOTHUB_CLIENT_CONFIRMATION_OK"
2,4016825406,4016825436,1,"IOTHUB_CLIENT_CONFIRMATION_OK"
3,4016825606,4016825638,1,"IOTHUB_CLIENT_CONFIRMATION_OK"
4,4016825806,4016825846,1,"IOTHUB_CLIENT_CONFIRMATION_OK"
5,4016826006,4016826084,1,"IOTHUB_CLIENT_CONFIRMATION_OK"
6,4016826209,4016826244,1,"IOTHUB_CLIENT_CONFIRMATION_OK"
7,4016826409,4016826456,1,"IOTHUB_CLIENT_CONFIRMATION_OK"
8,4016826609,4016826712,1,"IOTHUB_CLIENT_CONFIRMATION_OK"
9,4016826809,4016826847,1,"IOTHUB_CLIENT_CONFIRMATION_OK"
10,4016827009,4016827055,1,"IOTHUB_CLIENT_CONFIRMATION_OK"
11,4016827209,4016827415,1,"IOTHUB_CLIENT_CONFIRMATION_OK"
12,4016827410,4016827450,1,"IOTHUB_CLIENT_CONFIRMATION_OK"
13,4016827610,4016827652,1,"IOTHUB_CLIENT_CONFIRMATION_OK"
14,4016827810,4016827857,1,"IOTHUB_CLIENT_CONFIRMATION_OK"
15,4016828010,4016828067,1,"IOTHUB_CLIENT_CONFIRMATION_OK"
16,4016828210,4016828244,1,"IOTHUB_CLIENT_CONFIRMATION_OK"
17,4016828410,4016828509,1,"IOTHUB_CLIENT_CONFIRMATION_OK"
18,4016828611,4016828645,1,"IOTHUB_CLIENT_CONFIRMATION_OK"
19,4016828811,4016828846,1,"IOTHUB_CLIENT_CONFIRMATION_OK"
20,4016829011,4016829060,1,"IOTHUB_CLIENT_CONFIRMATION_OK"
21,4016829211,4016829292,1,"IOTHUB_CLIENT_CONFIRMATION_OK"
22,4016829411,4016829469,1,"IOTHUB_CLIENT_CONFIRMATION_OK"
23,4016829611,4016829665,1,"IOTHUB_CLIENT_CONFIRMATION_OK"
24,4016829811,4016829857,1,"IOTHUB_CLIENT_CONFIRMATION_OK"
25,4016830012,4016830071,1,"IOTHUB_CLIENT_CONFIRMATION_OK"
26,4016830212,4016830250,1,"IOTHUB_CLIENT_CONFIRMATION_OK"
27,4016830412,4016830444,1,"IOTHUB_CLIENT_CONFIRMATION_OK"
28,4016830612,4016830690,1,"IOTHUB_CLIENT_CONFIRMATION_OK"
29,4016830812,4016830844,1,"IOTHUB_CLIENT_CONFIRMATION_OK"
30,4016831012,4016831118,1,"IOTHUB_CLIENT_CONFIRMATION_OK"
31,4016831212,4016831247,1,"IOTHUB_CLIENT_CONFIRMATION_OK"
32,4016831413,4016831461,1,"IOTHUB_CLIENT_CONFIRMATION_OK"
33,4016831613,4016831739,1,"IOTHUB_CLIENT_CONFIRMATION_OK"
34,4016831813,4016831858,1,"IOTHUB_CLIENT_CONFIRMATION_OK"
35,4016832013,4016832060,1,"IOTHUB_CLIENT_CONFIRMATION_OK"
36,4016832213,4016832244,1,"IOTHUB_CLIENT_CONFIRMATION_OK"
37,4016832413,4016832456,1,"IOTHUB_CLIENT_CONFIRMATION_OK"
38,4016832613,4016832656,1,"IOTHUB_CLIENT_CONFIRMATION_OK"
39,4016832814,4016832876,1,"IOTHUB_CLIENT_CONFIRMATION_OK"
40,4016833014,4016833056,1,"IOTHUB_CLIENT_CONFIRMATION_OK"
41,4016833214,4016833255,1,"IOTHUB_CLIENT_CONFIRMATION_OK"
42,4016833414,4016833496,1,"IOTHUB_CLIENT_CONFIRMATION_OK"
43,4016833614,4016833660,1,"IOTHUB_CLIENT_CONFIRMATION_OK"
44,4016833814,4016833857,1,"IOTHUB_CLIENT_CONFIRMATION_OK"
45,4016834015,4016834070,1,"IOTHUB_CLIENT_CONFIRMATION_OK"
46,4016834215,4016834259,1,"IOTHUB_CLIENT_CONFIRMATION_OK"
47,4016834415,4016834487,1,"IOTHUB_CLIENT_CONFIRMATION_OK"
48,4016834615,4016834647,1,"IOTHUB_CLIENT_CONFIRMATION_OK"
49,4016834815,4016834846,1,"IOTHUB_CLIENT_CONFIRMATION_OK"
50,4016835015,4016835046,1,"IOTHUB_CLIENT_CONFIRMATION_OK"
51,4016835216,4016835253,1,"IOTHUB_CLIENT_CONFIRMATION_OK"
52,4016835416,4016835451,1,"IOTHUB_CLIENT_CONFIRMATION_OK"
53,4016835616,4016835665,1,"IOTHUB_CLIENT_CONFIRMATION_OK"
54,4016835816,4016835857,1,"IOTHUB_CLIENT_CONFIRMATION_OK"
55,4016836016,4016836080,1,"IOTHUB_CLIENT_CONFIRMATION_OK"
56,4016836216,4016836252,1,"IOTHUB_CLIENT_CONFIRMATION_OK"
57,4016836416,4016836460,1,"IOTHUB_CLIENT_CONFIRMATION_OK"
58,4016836617,4016836656,1,"IOTHUB_CLIENT_CONFIRMATION_OK"
59,4016836817,4016836857,1,"IOTHUB_CLIENT_CONFIRMATION_OK"
60,4016837017,4016837071,1,"IOTHUB_CLIENT_CONFIRMATION_OK"
61,4016837217,4016837272,1,"IOTHUB_CLIENT_CONFIRMATION_OK"
62,4016837417,4016837461,1,"IOTHUB_CLIENT_CONFIRMATION_OK"
63,4016837617,4016837698,1,"IOTHUB_CLIENT_CONFIRMATION_OK"
64,4016837818,4016837865,1,"IOTHUB_CLIENT_CONFIRMATION_OK"
65,4016838018,4016838141,1,"IOTHUB_CLIENT_CONFIRMATION_OK"
66,4016838218,4016838349,1,"IOTHUB_CLIENT_CONFIRMATION_OK"
67,4016838418,4016838472,1,"IOTHUB_CLIENT_CONFIRMATION_OK"
68,4016838618,4016838740,1,"IOTHUB_CLIENT_CONFIRMATION_OK"
69,4016838818,4016838868,1,"IOTHUB_CLIENT_CONFIRMATION_OK"
70,4016839018,4016839056,1,"IOTHUB_CLIENT_CONFIRMATION_OK"
71,4016839219,4016839258,1,"IOTHUB_CLIENT_CONFIRMATION_OK"
72,4016839419,4016839462,1,"IOTHUB_CLIENT_CONFIRMATION_OK"
73,4016839619,4016839663,1,"IOTHUB_CLIENT_CONFIRMATION_OK"
74,4016839819,4016839862,1,"IOTHUB_CLIENT_CONFIRMATION_OK"
75,4016840019,4016840056,1,"IOTHUB_CLIENT_CONFIRMATION_OK"
76,4016840219,4016840405,1,"IOTHUB_CLIENT_CONFIRMATION_OK"
77,4016840420,4016840459,1,"IOTHUB_CLIENT_CONFIRMATION_OK"
78,4016840620,4016840661,1,"IOTHUB_CLIENT_CONFIRMATION_OK"
79,4016840820,4016840860,1,"IOTHUB_CLIENT_CONFIRMATION_OK"
80,4016841020,4016841089,1,"IOTHUB_CLIENT_CONFIRMATION_OK"
81,4016841220,4016841281,1,"IOTHUB_CLIENT_CONFIRMATION_OK"
82,4016841420,4016841454,1,"IOTHUB_CLIENT_CONFIRMATION_OK"
83,4016841620,4016841657,1,"IOTHUB_CLIENT_CONFIRMATION_OK"
84,4016841821,4016841858,1,"IOTHUB_CLIENT_CONFIRMATION_OK"
85,4016842021,4016842060,1,"IOTHUB_CLIENT_CONFIRMATION_OK"
86,4016842221,4016842254,1,"IOTHUB_CLIENT_CONFIRMATION_OK"
87,4016842421,4016842473,1,"IOTHUB_CLIENT_CONFIRMATION_OK"
88,4016842621,4016842659,1,"IOTHUB_CLIENT_CONFIRMATION_OK"
89,4016842821,4016842857,1,"IOTHUB_CLIENT_CONFIRMATION_OK"
90,4016843021,4016843113,1,"IOTHUB_CLIENT_CONFIRMATION_OK"
91,4016843222,4016843278,1,"IOTHUB_CLIENT_CONFIRMATION_OK"
92,4016843422,4016843528,1,"IOTHUB_CLIENT_CONFIRMATION_OK"
93,4016843622,4016843664,1,"IOTHUB_CLIENT_CONFIRMATION_OK"
94,4016843822,4016843873,1,"IOTHUB_CLIENT_CONFIRMATION_OK"
95,4016844022,4016844127,1,"IOTHUB_CLIENT_CONFIRMATION_OK"
96,4016844222,4016844269,1,"IOTHUB_CLIENT_CONFIRMATION_OK"
97,4016844423,4016844521,1,"IOTHUB_CLIENT_CONFIRMATION_OK"
98,4016844623,4016844692,1,"IOTHUB_CLIENT_CONFIRMATION_OK"
99,4016844823,4016844858,1,"IOTHUB_CLIENT_CONFIRMATION_OK"
100,4016845023,4016845060,1,"IOTHUB_CLIENT_CONFIRMATION_OK"
101,4016845223,4016845263,1,"IOTHUB_CLIENT_CONFIRMATION_OK"
102,4016845423,4016845464,1,"IOTHUB_CLIENT_CONFIRMATION_OK"
103,4016845623,4016845717,1,"IOTHUB_CLIENT_CONFIRMATION_OK"
104,4016845824,4016845891,1,"IOTHUB_CLIENT_CONFIRMATION_OK"
105,4016846024,4016846077,1,"IOTHUB_CLIENT_CONFIRMATION_OK"
106,4016846224,4016846329,1,"IOTHUB_CLIENT_CONFIRMATION_OK"
107,4016846424,4016846466,1,"IOTHUB_CLIENT_CONFIRMATION_OK"
108,4016846624,4016846664,1,"IOTHUB_CLIENT_CONFIRMATION_OK"
109,4016846824,4016846885,1,"IOTHUB_CLIENT_CONFIRMATION_OK"
110,4016847025,4016847072,1,"IOTHUB_CLIENT_CONFIRMATION_OK"
111,4016847225,4016847268,1,"IOTHUB_CLIENT_CONFIRMATION_OK"
112,4016847425,4016847455,1,"IOTHUB_CLIENT_CONFIRMATION_OK"
113,4016847625,4016847662,1,"IOTHUB_CLIENT_CONFIRMATION_OK"
114,4016847825,4016848141,1,"IOTHUB_CLIENT_CONFIRMATION_OK"
115,4016848025,4016848167,1,"IOTHUB_CLIENT_CONFIRMATION_OK"
116,4016848225,4016848326,1,"IOTHUB_CLIENT_CONFIRMATION_OK"
117,4016848426,4016848466,1,"IOTHUB_CLIENT_CONFIRMATION_OK"
118,4016848626,4016848661,1,"IOTHUB_CLIENT_CONFIRMATION_OK"
119,4016848826,4016848868,1,"IOTHUB_CLIENT_CONFIRMATION_OK"
120,4016849026,4016849070,1,"IOTHUB_CLIENT_CONFIRMATION_OK"
121,4016849226,4016849269,1,"IOTHUB_CLIENT_CONFIRMATION_OK"
122,4016849426,4016849464,1,"IOTHUB_CLIENT_CONFIRMATION_OK"
123,4016849627,4016849666,1,"IOTHUB_CLIENT_CONFIRMATION_OK"
124,4016849827,4016849869,1,"IOTHUB_CLIENT_CONFIRMATION_OK"
125,4016850027,4016850060,1,"IOTHUB_CLIENT_CONFIRMATION_OK"
126,4016850227,4016850258,1,"IOTHUB_CLIENT_CONFIRMATION_OK"
127,4016850427,4016850462,1,"IOTHUB_CLIENT_CONFIRMATION_OK"
128,4016850627,4016850670,1,"IOTHUB_CLIENT_CONFIRMATION_OK"
129,4016850827,4016850862,1,"IOTHUB_CLIENT_CONFIRMATION_OK"
130,4016851028,4016851063,1,"IOTHUB_CLIENT_CONFIRMATION_OK"
131,4016851228,4016851269,1,"IOTHUB_CLIENT_CONFIRMATION_OK"
132,4016851428,4016851461,1,"IOTHUB_CLIENT_CONFIRMATION_OK"
133,4016851628,4016851663,1,"IOTHUB_CLIENT_CONFIRMATION_OK"
134,4016851828,4016851869,1,"IOTHUB_CLIENT_CONFIRMATION_OK"
135,4016852028,4016852061,1,"IOTHUB_CLIENT_CONFIRMATION_OK"
136,4016852228,4016852280,1,"IOTHUB_CLIENT_CONFIRMATION_OK"
137,4016852429,4016852460,1,"IOTHUB_CLIENT_CONFIRMATION_OK"
138,4016852629,4016852671,1,"IOTHUB_CLIENT_CONFIRMATION_OK"
139,4016852829,4016852873,1,"IOTHUB_CLIENT_CONFIRMATION_OK"
140,4016853029,4016853066,1,"IOTHUB_CLIENT_CONFIRMATION_OK"
141,4016853229,4016853417,1,"IOTHUB_CLIENT_CONFIRMATION_OK"
142,4016853429,4016853464,1,"IOTHUB_CLIENT_CONFIRMATION_OK"
143,4016853630,4016853665,1,"IOTHUB_CLIENT_CONFIRMATION_OK"
144,4016853830,4016853886,1,"IOTHUB_CLIENT_CONFIRMATION_OK"
145,4016854030,4016854080,1,"IOTHUB_CLIENT_CONFIRMATION_OK"
146,4016854230,4016854282,1,"IOTHUB_CLIENT_CONFIRMATION_OK"
147,4016854430,4016854466,1,"IOTHUB_CLIENT_CONFIRMATION_OK"
148,4016854630,4016854682,1,"IOTHUB_CLIENT_CONFIRMATION_OK"
149,4016854830,4016854919,1,"IOTHUB_CLIENT_CONFIRMATION_OK"
150,4016855031,4016855082,1,"IOTHUB_CLIENT_CONFIRMATION_OK"
151,4016855231,4016855265,1,"IOTHUB_CLIENT_CONFIRMATION_OK"
152,4016855431,4016855505,1,"IOTHUB_CLIENT_CONFIRMATION_OK"
153,4016855631,4016855667,1,"IOTHUB_CLIENT_CONFIRMATION_OK"
154,4016855831,4016855881,1,"IOTHUB_CLIENT_CONFIRMATION_OK"
155,4016856031,4016856068,1,"IOTHUB_CLIENT_CONFIRMATION_OK"
156,4016856232,4016856267,1,"IOTHUB_CLIENT_CONFIRMATION_OK"
157,4016856432,4016856533,1,"IOTHUB_CLIENT_CONFIRMATION_OK"
158,4016856632,4016856673,1,"IOTHUB_CLIENT_CONFIRMATION_OK"
159,4016856832,4016856871,1,"IOTHUB_CLIENT_CONFIRMATION_OK"
160,4016857032,4016857143,1,"IOTHUB_CLIENT_CONFIRMATION_OK"
161,4016857232,4016857281,1,"IOTHUB_CLIENT_CONFIRMATION_OK"
162,4016857432,4016857473,1,"IOTHUB_CLIENT_CONFIRMATION_OK"
163,4016857633,4016857671,1,"IOTHUB_CLIENT_CONFIRMATION_OK"
164,4016857833,4016857883,1,"IOTHUB_CLIENT_CONFIRMATION_OK"
165,4016858033,4016858183,1,"IOTHUB_CLIENT_CONFIRMATION_OK"
166,4016858233,4016858269,1,"IOTHUB_CLIENT_CONFIRMATION_OK"
167,4016858433,4016858473,1,"IOTHUB_CLIENT_CONFIRMATION_OK"
168,4016858633,4016858808,1,"IOTHUB_CLIENT_CONFIRMATION_OK"
169,4016858834,4016858910,1,"IOTHUB_CLIENT_CONFIRMATION_OK"
170,4016859034,4016859074,1,"IOTHUB_CLIENT_CONFIRMATION_OK"
171,4016859234,4016859268,1,"IOTHUB_CLIENT_CONFIRMATION_OK"
172,4016859434,4016859479,1,"IOTHUB_CLIENT_CONFIRMATION_OK"
173,4016859634,4016859672,1,"IOTHUB_CLIENT_CONFIRMATION_OK"
174,4016859834,4016859879,1,"IOTHUB_CLIENT_CONFIRMATION_OK"
175,4016860034,4016860064,1,"IOTHUB_CLIENT_CONFIRMATION_OK"
176,4016860235,4016860271,1,"IOTHUB_CLIENT_CONFIRMATION_OK"
177,4016860435,4016860472,1,"IOTHUB_CLIENT_CONFIRMATION_OK"
178,4016860635,4016860680,1,"IOTHUB_CLIENT_CONFIRMATION_OK"
179,4016860835,4016860903,1,"IOTHUB_CLIENT_CONFIRMATION_OK"
180,4016861035,4016861072,1,"IOTHUB_CLIENT_CONFIRMATION_OK"
181,4016861235,4016861271,1,"IOTHUB_CLIENT_CONFIRMATION_OK"
182,4016861436,4016861469,1,"IOTHUB_CLIENT_CONFIRMATION_OK"
183,4016861636,4016861674,1,"IOTHUB_CLIENT_CONFIRMATION_OK"
184,4016861836,4016861874,1,"IOTHUB_CLIENT_CONFIRMATION_OK"
185,4016862036,4016862075,1,"IOTHUB_CLIENT_CONFIRMATION_OK"
186,4016862236,4016862269,1,"IOTHUB_CLIENT_CONFIRMATION_OK"
187,4016862436,4016862475,1,"IOTHUB_CLIENT_CONFIRMATION_OK"
188,4016862636,4016862666,1,"IOTHUB_CLIENT_CONFIRMATION_OK"
189,4016862837,4016862877,1,"IOTHUB_CLIENT_CONFIRMATION_OK"
190,4016863037,4016863122,1,"IOTHUB_CLIENT_CONFIRMATION_OK"
191,4016863237,4016863279,1,"IOTHUB_CLIENT_CONFIRMATION_OK"
192,4016863437,4016863495,1,"IOTHUB_CLIENT_CONFIRMATION_OK"
193,4016863637,4016863680,1,"IOTHUB_CLIENT_CONFIRMATION_OK"
194,4016863837,4016863875,1,"IOTHUB_CLIENT_CONFIRMATION_OK"
195,4016864037,4016864125,1,"IOTHUB_CLIENT_CONFIRMATION_OK"
196,4016864238,4016864272,1,"IOTHUB_CLIENT_CONFIRMATION_OK"
197,4016864438,4016864482,1,"IOTHUB_CLIENT_CONFIRMATION_OK"
198,4016864638,4016864756,1,"IOTHUB_CLIENT_CONFIRMATION_OK"
199,4016864838,4016864883,1,"IOTHUB_CLIENT_CONFIRMATION_OK"
200,4016865038,4016865069,1,"IOTHUB_CLIENT_CONFIRMATION_OK"
201,4016865238,4016865270,1,"IOTHUB_CLIENT_CONFIRMATION_OK"
202,4016865439,4016865479,1,"IOTHUB_CLIENT_CONFIRMATION_OK"
203,4016865639,4016865814,1,"IOTHUB_CLIENT_CONFIRMATION_OK"
204,4016865839,4016865879,1,"IOTHUB_CLIENT_CONFIRMATION_OK"
205,4016866039,4016866112,1,"IOTHUB_CLIENT_CONFIRMATION_OK"
206,4016866239,4016866272,1,"IOTHUB_CLIENT_CONFIRMATION_OK"
207,4016866439,4016866469,1,"IOTHUB_CLIENT_CONFIRMATION_OK"
208,4016866640,4016866680,1,"IOTHUB_CLIENT_CONFIRMATION_OK"
209,4016866840,4016866874,1,"IOTHUB_CLIENT_CONFIRMATION_OK"
210,4016867040,4016867095,1,"IOTHUB_CLIENT_CONFIRMATION_OK"
211,4016867240,4016867419,1,"IOTHUB_CLIENT_CONFIRMATION_OK"
212,4016867440,4016867507,1,"IOTHUB_CLIENT_CONFIRMATION_OK"
213,4016867640,4016867686,1,"IOTHUB_CLIENT_CONFIRMATION_OK"
214,4016867841,4016867884,1,"IOTHUB_CLIENT_CONFIRMATION_OK"
215,4016868041,4016868081,1,"IOTHUB_CLIENT_CONFIRMATION_OK"
216,4016868241,4016868280,1,"IOTHUB_CLIENT_CONFIRMATION_OK"
217,4016868441,4016868487,1,"IOTHUB_CLIENT_CONFIRMATION_OK"
218,4016868641,4016868698,1,"IOTHUB_CLIENT_CONFIRMATION_OK"
219,4016868841,4016869027,1,"IOTHUB_CLIENT_CONFIRMATION_OK"
220,4016869042,4016869092,1,"IOTHUB_CLIENT_CONFIRMATION_OK"
221,4016869242,4016869278,1,"IOTHUB_CLIENT_CONFIRMATION_OK"
222,4016869442,4016869497,1,"IOTHUB_CLIENT_CONFIRMATION_OK"
223,4016869642,4016869685,1,"IOTHUB_CLIENT_CONFIRMATION_OK"
224,4016869842,4016869882,1,"IOTHUB_CLIENT_CONFIRMATION_OK"
225,4016870042,4016870075,1,"IOTHUB_CLIENT_CONFIRMATION_OK"
226,4016870243,4016870283,1,"IOTHUB_CLIENT_CONFIRMATION_OK"
227,4016870443,4016870479,1,"IOTHUB_CLIENT_CONFIRMATION_OK"
228,4016870643,4016870697,1,"IOTHUB_CLIENT_CONFIRMATION_OK"
229,4016870843,4016870881,1,"IOTHUB_CLIENT_CONFIRMATION_OK"
230,4016871043,4016871106,1,"IOTHUB_CLIENT_CONFIRMATION_OK"
231,4016871243,4016871280,1,"IOTHUB_CLIENT_CONFIRMATION_OK"
232,4016871444,4016871493,1,"IOTHUB_CLIENT_CONFIRMATION_OK"
233,4016871644,4016871690,1,"IOTHUB_CLIENT_CONFIRMATION_OK"
234,4016871844,4016871890,1,"IOTHUB_CLIENT_CONFIRMATION_OK"
235,4016872044,4016872087,1,"IOTHUB_CLIENT_CONFIRMATION_OK"
236,4016872244,4016872302,1,"IOTHUB_CLIENT_CONFIRMATION_OK"
237,4016872444,4016872496,1,"IOTHUB_CLIENT_CONFIRMATION_OK"
238,4016872645,4016872714,1,"IOTHUB_CLIENT_CONFIRMATION_OK"
239,4016872845,4016872891,1,"IOTHUB_CLIENT_CONFIRMATION_OK"
240,4016873045,4016873080,1,"IOTHUB_CLIENT_CONFIRMATION_OK"
241,4016873245,4016873318,1,"IOTHUB_CLIENT_CONFIRMATION_OK"
242,4016873445,4016873480,1,"IOTHUB_CLIENT_CONFIRMATION_OK"
243,4016873645,4016873684,1,"IOTHUB_CLIENT_CONFIRMATION_OK"
244,4016873846,4016873934,1,"IOTHUB_CLIENT_CONFIRMATION_OK"
245,4016874046,4016874081,1,"IOTHUB_CLIENT_CONFIRMATION_OK"
246,4016874246,4016874323,1,"IOTHUB_CLIENT_CONFIRMATION_OK"
247,4016874446,4016874477,1,"IOTHUB_CLIENT_CONFIRMATION_OK"
248,4016874646,4016874684,1,"IOTHUB_CLIENT_CONFIRMATION_OK"
249,4016874846,4016874949,1,"IOTHUB_CLIENT_CONFIRMATION_OK"
250,4016875047,4016875092,1,"IOTHUB_CLIENT_CONFIRMATION_OK"
251,4016875247,4016875283,1,"IOTHUB_CLIENT_CONFIRMATION_OK"
252,4016875447,4016875593,1,"IOTHUB_CLIENT_CONFIRMATION_OK"
253,4016875647,4016875741,1,"IOTHUB_CLIENT_CONFIRMATION_OK"
254,4016875847,4016875898,1,"IOTHUB_CLIENT_CONFIRMATION_OK"
255,4016876047,4016876080,1,"IOTHUB_CLIENT_CONFIRMATION_OK"
256,4016876248,4016876306,1,"IOTHUB_CLIENT_CONFIRMATION_OK"
257,4016876448,4016876488,1,"IOTHUB_CLIENT_CONFIRMATION_OK"
258,4016876648,4016876689,1,"IOTHUB_CLIENT_CONFIRMATION_OK"
259,4016876848,4016876903,1,"IOTHUB_CLIENT_CONFIRMATION_OK"
260,4016877048,4016877103,1,"IOTHUB_CLIENT_CONFIRMATION_OK"
261,4016877248,4016877331,1,"IOTHUB_CLIENT_CONFIRMATION_OK"
262,4016877448,4016877514,1,"IOTHUB_CLIENT_CONFIRMATION_OK"
263,4016877649,4016877686,1,"IOTHUB_CLIENT_CONFIRMATION_OK"
264,4016877849,4016877890,1,"IOTHUB_CLIENT_CONFIRMATION_OK"
265,4016878049,4016878113,1,"IOTHUB_CLIENT_CONFIRMATION_OK"
266,4016878249,4016878297,1,"IOTHUB_CLIENT_CONFIRMATION_OK"
267,4016878449,4016878481,1,"IOTHUB_CLIENT_CONFIRMATION_OK"
268,4016878649,4016878704,1,"IOTHUB_CLIENT_CONFIRMATION_OK"
269,4016878850,4016878887,1,"IOTHUB_CLIENT_CONFIRMATION_OK"
270,4016879050,4016879126,1,"IOTHUB_CLIENT_CONFIRMATION_OK"
271,4016879250,4016879300,1,"IOTHUB_CLIENT_CONFIRMATION_OK"
272,4016879450,4016879481,1,"IOTHUB_CLIENT_CONFIRMATION_OK"
273,4016879650,4016879696,1,"IOTHUB_CLIENT_CONFIRMATION_OK"
274,4016879850,4016879894,1,"IOTHUB_CLIENT_CONFIRMATION_OK"
275,4016880051,4016880085,1,"IOTHUB_CLIENT_CONFIRMATION_OK"
276,4016880251,4016880320,1,"IOTHUB_CLIENT_CONFIRMATION_OK"
277,4016880451,4016880522,1,"IOTHUB_CLIENT_CONFIRMATION_OK"
278,4016880651,4016880682,1,"IOTHUB_CLIENT_CONFIRMATION_OK"
279,4016880851,4016880941,1,"IOTHUB_CLIENT_CONFIRMATION_OK"
280,4016881051,4016881098,1,"IOTHUB_CLIENT_CONFIRMATION_OK"
281,4016881251,4016881283,1,"IOTHUB_CLIENT_CONFIRMATION_OK"
282,4016881452,4016881487,1,"IOTHUB_CLIENT_CONFIRMATION_OK"
283,4016881652,4016881695,1,"IOTHUB_CLIENT_CONFIRMATION_OK"
284,4016881852,4016881948,1,"IOTHUB_CLIENT_CONFIRMATION_OK"
285,4016882052,4016882096,1,"IOTHUB_CLIENT_CONFIRMATION_OK"
286,4016882252,4016882283,1,"IOTHUB_CLIENT_CONFIRMATION_OK"
287,4016882452,4016882573,1,"IOTHUB_CLIENT_CONFIRMATION_OK"
288,4016882653,4016882682,1,"IOTHUB_CLIENT_CONFIRMATION_OK"
289,4016882853,4016882893,1,"IOTHUB_CLIENT_CONFIRMATION_OK"
290,4016883053,4016883115,1,"IOTHUB_CLIENT_CONFIRMATION_OK"
291,4016883253,4016883293,1,"IOTHUB_CLIENT_CONFIRMATION_OK"
292,4016883453,4016883623,1,"IOTHUB_CLIENT_CONFIRMATION_OK"
293,4016883653,4016883691,1,"IOTHUB_CLIENT_CONFIRMATION_OK"
294,4016883854,4016883906,1,"IOTHUB_CLIENT_CONFIRMATION_OK"
295,4016884054,4016884106,1,"IOTHUB_CLIENT_CONFIRMATION_OK"
296,4016884254,4016884298,1,"IOTHUB_CLIENT_CONFIRMATION_OK"
297,4016884454,4016884489,1,"IOTHUB_CLIENT_CONFIRMATION_OK"
298,4016884654,4016884695,1,"IOTHUB_CLIENT_CONFIRMATION_OK"
299,4016884854,4016884888,1,"IOTHUB_CLIENT_CONFIRMATION_OK"
300,4016885055,4016885231,1,"IOTHUB_CLIENT_CONFIRMATION_OK"
301,4016885255,4016885299,1,"IOTHUB_CLIENT_CONFIRMATION_OK"
302,4016885455,4016885494,1,"IOTHUB_CLIENT_CONFIRMATION_OK"
303,4016885655,4016885692,1,"IOTHUB_CLIENT_CONFIRMATION_OK"
304,4016885855,4016885891,1,"IOTHUB_CLIENT_CONFIRMATION_OK"
305,4016886055,4016886103,1,"IOTHUB_CLIENT_CONFIRMATION_OK"
306,4016886256,4016886300,1,"IOTHUB_CLIENT_CONFIRMATION_OK"
307,4016886456,4016886493,1,"IOTHUB_CLIENT_CONFIRMATION_OK"
308,4016886656,4016886706,1,"IOTHUB_CLIENT_CONFIRMATION_OK"
309,4016886856,4016886909,1,"IOTHUB_CLIENT_CONFIRMATION_OK"
310,4016887056,4016887103,1,"IOTHUB_CLIENT_CONFIRMATION_OK"
311,4016887256,4016887306,1,"IOTHUB_CLIENT_CONFIRMATION_OK"
312,4016887456,4016887501,1,"IOTHUB_CLIENT_CONFIRMATION_OK"
313,4016887657,4016887691,1,"IOTHUB_CLIENT_CONFIRMATION_OK"
314,4016887857,4016887935,1,"IOTHUB_CLIENT_CONFIRMATION_OK"
315,4016888057,4016888112,1,"IOTHUB_CLIENT_CONFIRMATION_OK"
316,4016888257,4016888312,1,"IOTHUB_CLIENT_CONFIRMATION_OK"
317,4016888457,4016888490,1,"IOTHUB_CLIENT_CONFIRMATION_OK"
318,4016888657,4016888689,1,"IOTHUB_CLIENT_CONFIRMATION_OK"
319,4016888858,4016889029,1,"IOTHUB_CLIENT_CONFIRMATION_OK"
320,4016889058,4016889096,1,"IOTHUB_CLIENT_CONFIRMATION_OK"
321,4016889258,4016889308,1,"IOTHUB_CLIENT_CONFIRMATION_OK"
322,4016889458,4016889489,1,"IOTHUB_CLIENT_CONFIRMATION_OK"
323,4016889658,4016889727,1,"IOTHUB_CLIENT_CONFIRMATION_OK"
324,4016889858,4016889913,1,"IOTHUB_CLIENT_CONFIRMATION_OK"
325,4016890059,4016890098,1,"IOTHUB_CLIENT_CONFIRMATION_OK"
326,4016890259,4016890294,1,"IOTHUB_CLIENT_CONFIRMATION_OK"
327,4016890459,4016890667,1,"IOTHUB_CLIENT_CONFIRMATION_OK"
328,4016890659,4016890697,1,"IOTHUB_CLIENT_CONFIRMATION_OK"
329,4016890859,4016890906,1,"IOTHUB_CLIENT_CONFIRMATION_OK"
330,4016891059,4016891101,1,"IOTHUB_CLIENT_CONFIRMATION_OK"
331,4016891259,4016891298,1,"IOTHUB_CLIENT_CONFIRMATION_OK"
332,4016891460,4016891494,1,"IOTHUB_CLIENT_CONFIRMATION_OK"
333,4016891660,4016891699,1,"IOTHUB_CLIENT_CONFIRMATION_OK"
334,4016891860,4016891900,1,"IOTHUB_CLIENT_CONFIRMATION_OK"
335,4016892060,4016892107,1,"IOTHUB_CLIENT_CONFIRMATION_OK"
336,4016892260,4016892300,1,"IOTHUB_CLIENT_CONFIRMATION_OK"
337,4016892460,4016892503,1,"IOTHUB_CLIENT_CONFIRMATION_OK"
338,4016892661,4016892724,1,"IOTHUB_CLIENT_CONFIRMATION_OK"
339,4016892861,4016892912,1,"IOTHUB_CLIENT_CONFIRMATION_OK"
340,4016893061,4016893111,1,"IOTHUB_CLIENT_CONFIRMATION_OK"
341,4016893261,4016893338,1,"IOTHUB_CLIENT_CONFIRMATION_OK"
342,4016893461,4016893492,1,"IOTHUB_CLIENT_CONFIRMATION_OK"
343,4016893661,4016893703,1,"IOTHUB_CLIENT_CONFIRMATION_OK"
344,4016893862,4016893903,1,"IOTHUB_CLIENT_CONFIRMATION_OK"
345,4016894062,4016894103,1,"IOTHUB_CLIENT_CONFIRMATION_OK"
346,4016894262,4016894348,1,"IOTHUB_CLIENT_CONFIRMATION_OK"
347,4016894462,4016894506,1,"IOTHUB_CLIENT_CONFIRMATION_OK"
348,4016894662,4016894719,1,"IOTHUB_CLIENT_CONFIRMATION_OK"
349,4016894862,4016894968,1,"IOTHUB_CLIENT_CONFIRMATION_OK"
350,4016895063,4016895105,1,"IOTHUB_CLIENT_CONFIRMATION_OK"
351,4016895263,4016895305,1,"IOTHUB_CLIENT_CONFIRMATION_OK"
352,4016895463,4016895518,1,"IOTHUB_CLIENT_CONFIRMATION_OK"
353,4016895663,4016895707,1,"IOTHUB_CLIENT_CONFIRMATION_OK"
354,4016895863,4016895974,1,"IOTHUB_CLIENT_CONFIRMATION_OK"
355,4016896063,4016896115,1,"IOTHUB_CLIENT_CONFIRMATION_OK"
356,4016896264,4016896315,1,"IOTHUB_CLIENT_CONFIRMATION_OK"
357,4016896464,4016896583,1,"IOTHUB_CLIENT_CONFIRMATION_OK"
358,4016896664,4016896696,1,"IOTHUB_CLIENT_CONFIRMATION_OK"
359,4016896864,4016896976,1,"IOTHUB_CLIENT_CONFIRMATION_OK"
360,4016897064,4016897107,1,"IOTHUB_CLIENT_CONFIRMATION_OK"
361,4016897264,4016897310,1,"IOTHUB_CLIENT_CONFIRMATION_OK"
362,4016897464,4016897503,1,"IOTHUB_CLIENT_CONFIRMATION_OK"
363,4016897665,4016897710,1,"IOTHUB_CLIENT_CONFIRMATION_OK"
364,4016897865,4016897896,1,"IOTHUB_CLIENT_CONFIRMATION_OK"
365,4016898065,4016898228,1,"IOTHUB_CLIENT_CONFIRMATION_OK"
366,4016898265,4016898308,1,"IOTHUB_CLIENT_CONFIRMATION_OK"
367,4016898465,4016898511,1,"IOTHUB_CLIENT_CONFIRMATION_OK"
368,4016898665,4016898700,1,"IOTHUB_CLIENT_CONFIRMATION_OK"
369,4016898866,4016898918,1,"IOTHUB_CLIENT_CONFIRMATION_OK"
370,4016899066,4016899104,1,"IOTHUB_CLIENT_CONFIRMATION_OK"
371,4016899266,4016899307,1,"IOTHUB_CLIENT_CONFIRMATION_OK"
372,4016899466,4016899537,1,"IOTHUB_CLIENT_CONFIRMATION_OK"
373,4016899666,4016899837,1,"IOTHUB_CLIENT_CONFIRMATION_OK"
374,4016899866,4016899939,1,"IOTHUB_CLIENT_CONFIRMATION_OK"
375,4016900067,4016900102,1,"IOTHUB_CLIENT_CONFIRMATION_OK"
376,4016900267,4016900333,1,"IOTHUB_CLIENT_CONFIRMATION_OK"
377,4016900467,4016900501,1,"IOTHUB_CLIENT_CONFIRMATION_OK"
378,4016900667,4016900717,1,"IOTHUB_CLIENT_CONFIRMATION_OK"
379,4016900867,4016900908,1,"IOTHUB_CLIENT_CONFIRMATION_OK"
380,4016901067,4016901113,1,"IOTHUB_CLIENT_CONFIRMATION_OK"
381,4016901268,4016901327,1,"IOTHUB_CLIENT_CONFIRMATION_OK"
382,4016901468,4016901534,1,"IOTHUB_CLIENT_CONFIRMATION_OK"
383,4016901668,4016901738,1,"IOTHUB_CLIENT_CONFIRMATION_OK"
384,4016901868,4016901956,1,"IOTHUB_CLIENT_CONFIRMATION_OK"
385,4016902068,4016902108,1,"IOTHUB_CLIENT_CONFIRMATION_OK"
386,4016902268,4016902388,1,"IOTHUB_CLIENT_CONFIRMATION_OK"
387,4016902469,4016902630,1,"IOTHUB_CLIENT_CONFIRMATION_OK"
388,4016902669,4016902713,1,"IOTHUB_CLIENT_CONFIRMATION_OK"
389,4016902869,4016902903,1,"IOTHUB_CLIENT_CONFIRMATION_OK"
390,4016903069,4016903102,1,"IOTHUB_CLIENT_CONFIRMATION_OK"
391,4016903269,4016903311,1,"IOTHUB_CLIENT_CONFIRMATION_OK"
392,4016903469,4016903627,1,"IOTHUB_CLIENT_CONFIRMATION_OK"
393,4016903670,4016903708,1,"IOTHUB_CLIENT_CONFIRMATION_OK"
394,4016903870,4016903900,1,"IOTHUB_CLIENT_CONFIRMATION_OK"
395,4016904070,4016904124,1,"IOTHUB_CLIENT_CONFIRMATION_OK"
396,4016904270,4016904314,1,"IOTHUB_CLIENT_CONFIRMATION_OK"
397,4016904470,4016904514,1,"IOTHUB_CLIENT_CONFIRMATION_OK"
398,4016904670,4016904786,1,"IOTHUB_CLIENT_CONFIRMATION_OK"
399,4016904870,4016904903,1,"IOTHUB_CLIENT_CONFIRMATION_OK"
400,4016905071,4016905115,1,"IOTHUB_CLIENT_CONFIRMATION_OK"
401,4016905271,4016905303,1,"IOTHUB_CLIENT_CONFIRMATION_OK"
402,4016905471,4016905516,1,"IOTHUB_CLIENT_CONFIRMATION_OK"
403,4016905671,4016905726,1,"IOTHUB_CLIENT_CONFIRMATION_OK"
404,4016905871,4016905918,1,"IOTHUB_CLIENT_CONFIRMATION_OK"
405,4016906071,4016906118,1,"IOTHUB_CLIENT_CONFIRMATION_OK"
406,4016906272,4016906315,1,"IOTHUB_CLIENT_CONFIRMATION_OK"
407,4016906472,4016906536,1,"IOTHUB_CLIENT_CONFIRMATION_OK"
408,4016906672,4016906705,1,"IOTHUB_CLIENT_CONFIRMATION_OK"
409,4016906872,4016906929,1,"IOTHUB_CLIENT_CONFIRMATION_OK"
410,4016907072,4016907113,1,"IOTHUB_CLIENT_CONFIRMATION_OK"
411,4016907272,4016907327,1,"IOTHUB_CLIENT_CONFIRMATION_OK"
412,4016907473,4016907519,1,"IOTHUB_CLIENT_CONFIRMATION_OK"
413,4016907673,4016907709,1,"IOTHUB_CLIENT_CONFIRMATION_OK"
414,4016907873,4016907946,1,"IOTHUB_CLIENT_CONFIRMATION_OK"
415,4016908073,4016908121,1,"IOTHUB_CLIENT_CONFIRMATION_OK"
416,4016908273,4016908446,1,"IOTHUB_CLIENT_CONFIRMATION_OK"
417,4016908473,4016908520,1,"IOTHUB_CLIENT_CONFIRMATION_OK"
418,4016908674,4016908703,1,"IOTHUB_CLIENT_CONFIRMATION_OK"
419,4016908874,4016908921,1,"IOTHUB_CLIENT_CONFIRMATION_OK"
420,4016909074,4016909109,1,"IOTHUB_CLIENT_CONFIRMATION_OK"
421,4016909274,4016909305,1,"IOTHUB_CLIENT_CONFIRMATION_OK"
422,4016909474,4016909516,1,"IOTHUB_CLIENT_CONFIRMATION_OK"
423,4016909674,4016909716,1,"IOTHUB_CLIENT_CONFIRMATION_OK"
424,4016909875,4016909945,1,"IOTHUB_CLIENT_CONFIRMATION_OK"
425,4016910075,4016910115,1,"IOTHUB_CLIENT_CONFIRMATION_OK"
426,4016910275,4016910335,1,"IOTHUB_CLIENT_CONFIRMATION_OK"
427,4016910475,4016910511,1,"IOTHUB_CLIENT_CONFIRMATION_OK"
428,4016910675,4016910719,1,"IOTHUB_CLIENT_CONFIRMATION_OK"
429,4016910875,4016910917,1,"IOTHUB_CLIENT_CONFIRMATION_OK"
430,4016911076,4016911124,1,"IOTHUB_CLIENT_CONFIRMATION_OK"
431,4016911276,4016911334,1,"IOTHUB_CLIENT_CONFIRMATION_OK"
432,4016911476,4016911506,1,"IOTHUB_CLIENT_CONFIRMATION_OK"
433,4016911676,4016911729,1,"IOTHUB_CLIENT_CONFIRMATION_OK"
434,4016911876,4016911919,1,"IOTHUB_CLIENT_CONFIRMATION_OK"
435,4016912076,4016912117,1,"IOTHUB_CLIENT_CONFIRMATION_OK"
436,4016912276,4016912321,1,"IOTHUB_CLIENT_CONFIRMATION_OK"
437,4016912477,4016912512,1,"IOTHUB_CLIENT_CONFIRMATION_OK"
438,4016912677,4016912717,1,"IOTHUB_CLIENT_CONFIRMATION_OK"
439,4016912877,4016912912,1,"IOTHUB_CLIENT_CONFIRMATION_OK"
440,4016913077,4016913123,1,"IOTHUB_CLIENT_CONFIRMATION_OK"
441,4016913277,4016913337,1,"IOTHUB_CLIENT_CONFIRMATION_OK"
442,4016913477,4016913516,1,"IOTHUB_CLIENT_CONFIRMATION_OK"
443,4016913678,4016913729,1,"IOTHUB_CLIENT_CONFIRMATION_OK"
444,4016913878,4016913920,1,"IOTHUB_CLIENT_CONFIRMATION_OK"
445,4016914078,4016914119,1,"IOTHUB_CLIENT_CONFIRMATION_OK"
446,4016914278,4016914352,1,"IOTHUB_CLIENT_CONFIRMATION_OK"
447,4016914478,4016914537,1,"IOTHUB_CLIENT_CONFIRMATION_OK"
448,4016914678,4016914716,1,"IOTHUB_CLIENT_CONFIRMATION_OK"
449,4016914879,4016914954,1,"IOTHUB_CLIENT_CONFIRMATION_OK"
450,4016915079,4016915123,1,"IOTHUB_CLIENT_CONFIRMATION_OK"
451,4016915279,4016915317,1,"IOTHUB_CLIENT_CONFIRMATION_OK"
452,4016915479,4016915525,1,"IOTHUB_CLIENT_CONFIRMATION_OK"
453,4016915679,4016915811,1,"IOTHUB_CLIENT_CONFIRMATION_OK"
454,4016915879,4016916001,1,"IOTHUB_CLIENT_CONFIRMATION_OK"
455,4016916080,4016916130,1,"IOTHUB_CLIENT_CONFIRMATION_OK"
456,4016916280,4016916321,1,"IOTHUB_CLIENT_CONFIRMATION_OK"
457,4016916480,4016916629,1,"IOTHUB_CLIENT_CONFIRMATION_OK"
458,4016916680,4016916712,1,"IOTHUB_CLIENT_CONFIRMATION_OK"
459,4016916880,4016916923,1,"IOTHUB_CLIENT_CONFIRMATION_OK"
460,4016917080,4016917133,1,"IOTHUB_CLIENT_CONFIRMATION_OK"
461,4016917281,4016917369,1,"IOTHUB_CLIENT_CONFIRMATION_OK"
462,4016917481,4016917631,1,"IOTHUB_CLIENT_CONFIRMATION_OK"
463,4016917681,4016917711,1,"IOTHUB_CLIENT_CONFIRMATION_OK"
464,4016917881,4016917931,1,"IOTHUB_CLIENT_CONFIRMATION_OK"
465,4016918081,4016918127,1,"IOTHUB_CLIENT_CONFIRMATION_OK"
466,4016918281,4016918313,1,"IOTHUB_CLIENT_CONFIRMATION_OK"
467,4016918482,4016918516,1,"IOTHUB_CLIENT_CONFIRMATION_OK"
468,4016918682,4016918726,1,"IOTHUB_CLIENT_CONFIRMATION_OK"
469,4016918882,4016918945,1,"IOTHUB_CLIENT_CONFIRMATION_OK"
470,4016919082,4016919120,1,"IOTHUB_CLIENT_CONFIRMATION_OK"
471,4016919282,4016919331,1,"IOTHUB_CLIENT_CONFIRMATION_OK"
472,4016919482,4016919535,1,"IOTHUB_CLIENT_CONFIRMATION_OK"
473,4016919682,4016919744,1,"IOTHUB_CLIENT_CONFIRMATION_OK"
474,4016919883,4016919947,1,"IOTHUB_CLIENT_CONFIRMATION_OK"
475,4016920083,4016920139,1,"IOTHUB_CLIENT_CONFIRMATION_OK"
476,4016920283,4016920376,1,"IOTHUB_CLIENT_CONFIRMATION_OK"
477,4016920483,4016920534,1,"IOTHUB_CLIENT_CONFIRMATION_OK"
478,4016920683,4016920717,1,"IOTHUB_CLIENT_CONFIRMATION_OK"
479,4016920883,4016920921,1,"IOTHUB_CLIENT_CONFIRMATION_OK"
480,4016921084,4016921117,1,"IOTHUB_CLIENT_CONFIRMATION_OK"
481,4016921284,4016921364,1,"IOTHUB_CLIENT_CONFIRMATION_OK"
482,4016921484,4016921519,1,"IOTHUB_CLIENT_CONFIRMATION_OK"
483,4016921684,4016921725,1,"IOTHUB_CLIENT_CONFIRMATION_OK"
484,4016921884,4016921981,1,"IOTHUB_CLIENT_CONFIRMATION_OK"
485,4016922084,4016922125,1,"IOTHUB_CLIENT_CONFIRMATION_OK"
486,4016922285,4016922329,1,"IOTHUB_CLIENT_CONFIRMATION_OK"
487,4016922485,4016922519,1,"IOTHUB_CLIENT_CONFIRMATION_OK"
488,4016922685,4016922717,1,"IOTHUB_CLIENT_CONFIRMATION_OK"
489,4016922885,4016922984,1,"IOTHUB_CLIENT_CONFIRMATION_OK"
490,4016923085,4016923119,1,"IOTHUB_CLIENT_CONFIRMATION_OK"
491,4016923285,4016923331,1,"IOTHUB_CLIENT_CONFIRMATION_OK"
492,4016923486,4016923614,1,"IOTHUB_CLIENT_CONFIRMATION_OK"
493,4016923686,4016923740,1,"IOTHUB_CLIENT_CONFIRMATION_OK"
494,4016923886,4016923950,1,"IOTHUB_CLIENT_CONFIRMATION_OK"
495,4016924086,4016924116,1,"IOTHUB_CLIENT_CONFIRMATION_OK"
496,4016924286,4016924329,1,"IOTHUB_CLIENT_CONFIRMATION_OK"
497,4016924486,4016924637,1,"IOTHUB_CLIENT_CONFIRMATION_OK"
498,4016924686,4016924719,1,"IOTHUB_CLIENT_CONFIRMATION_OK"
499,4016924887,4016924929,1,"IOTHUB_CLIENT_CONFIRMATION_OK"
500,4016925087,4016925292,1,"IOTHUB_CLIENT_CONFIRMATION_OK"
501,4016925287,4016925332,1,"IOTHUB_CLIENT_CONFIRMATION_OK"
502,4016925487,4016925531,1,"IOTHUB_CLIENT_CONFIRMATION_OK"
503,4016925687,4016925730,1,"IOTHUB_CLIENT_CONFIRMATION_OK"
504,4016925887,4016925943,1,"IOTHUB_CLIENT_CONFIRMATION_OK"
505,4016926088,4016926128,1,"IOTHUB_CLIENT_CONFIRMATION_OK"
506,4016926288,4016926333,1,"IOTHUB_CLIENT_CONFIRMATION_OK"
507,4016926488,4016926557,1,"IOTHUB_CLIENT_CONFIRMATION_OK"
508,4016926688,4016926876,1,"IOTHUB_CLIENT_CONFIRMATION_OK"
509,4016926888,4016926935,1,"IOTHUB_CLIENT_CONFIRMATION_OK"
510,4016927088,4016927128,1,"IOTHUB_CLIENT_CONFIRMATION_OK"
511,4016927289,4016927322,1,"IOTHUB_CLIENT_CONFIRMATION_OK"
512,4016927489,4016927526,1,"IOTHUB_CLIENT_CONFIRMATION_OK"
513,4016927689,4016927732,1,"IOTHUB_CLIENT_CONFIRMATION_OK"
514,4016927889,4016927930,1,"IOTHUB_CLIENT_CONFIRMATION_OK"
515,4016928089,4016928148,1,"IOTHUB_CLIENT_CONFIRMATION_OK"
516,4016928289,4016928476,1,"IOTHUB_CLIENT_CONFIRMATION_OK"
517,4016928490,4016928543,1,"IOTHUB_CLIENT_CONFIRMATION_OK"
518,4016928690,4016928737,1,"IOTHUB_CLIENT_CONFIRMATION_OK"
519,4016928890,4016928937,1,"IOTHUB_CLIENT_CONFIRMATION_OK"
520,4016929090,4016929207,1,"IOTHUB_CLIENT_CONFIRMATION_OK"
521,4016929290,4016929329,1,"IOTHUB_CLIENT_CONFIRMATION_OK"
522,4016929490,4016929525,1,"IOTHUB_CLIENT_CONFIRMATION_OK"
523,4016929691,4016929740,1,"IOTHUB_CLIENT_CONFIRMATION_OK"
524,4016929891,4016929938,1,"IOTHUB_CLIENT_CONFIRMATION_OK"
525,4016930091,4016930146,1,"IOTHUB_CLIENT_CONFIRMATION_OK"
526,4016930291,4016930368,1,"IOTHUB_CLIENT_CONFIRMATION_OK"
527,4016930491,4016930540,1,"IOTHUB_CLIENT_CONFIRMATION_OK"
528,4016930691,4016930740,1,"IOTHUB_CLIENT_CONFIRMATION_OK"
529,4016930892,4016930985,1,"IOTHUB_CLIENT_CONFIRMATION_OK"
530,4016931092,4016931174,1,"IOTHUB_CLIENT_CONFIRMATION_OK"
531,4016931292,4016931322,1,"IOTHUB_CLIENT_CONFIRMATION_OK"
532,4016931492,4016931538,1,"IOTHUB_CLIENT_CONFIRMATION_OK"
533,4016931692,4016931751,1,"IOTHUB_CLIENT_CONFIRMATION_OK"
534,4016931892,4016931931,1,"IOTHUB_CLIENT_CONFIRMATION_OK"
535,4016932092,4016932199,1,"IOTHUB_CLIENT_CONFIRMATION_OK"
536,4016932293,4016932328,1,"IOTHUB_CLIENT_CONFIRMATION_OK"
537,4016932493,4016932532,1,"IOTHUB_CLIENT_CONFIRMATION_OK"
538,4016932693,4016932843,1,"IOTHUB_CLIENT_CONFIRMATION_OK"
539,4016932893,4016932973,1,"IOTHUB_CLIENT_CONFIRMATION_OK"
540,4016933093,4016933131,1,"IOTHUB_CLIENT_CONFIRMATION_OK"
541,4016933293,4016933343,1,"IOTHUB_CLIENT_CONFIRMATION_OK"
542,4016933494,4016933535,1,"IOTHUB_CLIENT_CONFIRMATION_OK"
543,4016933694,4016933802,1,"IOTHUB_CLIENT_CONFIRMATION_OK"
544,4016933894,4016933932,1,"IOTHUB_CLIENT_CONFIRMATION_OK"
545,4016934094,4016934195,1,"IOTHUB_CLIENT_CONFIRMATION_OK"
546,4016934294,4016934454,1,"IOTHUB_CLIENT_CONFIRMATION_OK"
547,4016934494,4016934543,1,"IOTHUB_CLIENT_CONFIRMATION_OK"
548,4016934695,4016934726,1,"IOTHUB_CLIENT_CONFIRMATION_OK"
549,4016934895,4016934953,1,"IOTHUB_CLIENT_CONFIRMATION_OK"
550,4016935095,4016935139,1,"IOTHUB_CLIENT_CONFIRMATION_OK"
551,4016935295,4016935346,1,"IOTHUB_CLIENT_CONFIRMATION_OK"
552,4016935495,4016935556,1,"IOTHUB_CLIENT_CONFIRMATION_OK"
553,4016935695,4016935737,1,"IOTHUB_CLIENT_CONFIRMATION_OK"
554,4016935895,4016936051,1,"IOTHUB_CLIENT_CONFIRMATION_OK"
555,4016936096,4016936131,1,"IOTHUB_CLIENT_CONFIRMATION_OK"
556,4016936296,4016936427,1,"IOTHUB_CLIENT_CONFIRMATION_OK"
557,4016936496,4016936588,1,"IOTHUB_CLIENT_CONFIRMATION_OK"
558,4016936696,4016936755,1,"IOTHUB_CLIENT_CONFIRMATION_OK"
559,4016936896,4016936959,1,"IOTHUB_CLIENT_CONFIRMATION_OK"
560,4016937096,4016937143,1,"IOTHUB_CLIENT_CONFIRMATION_OK"
561,4016937297,4016937348,1,"IOTHUB_CLIENT_CONFIRMATION_OK"
562,4016937497,4016937695,1,"IOTHUB_CLIENT_CONFIRMATION_OK"
563,4016937697,4016937746,1,"IOTHUB_CLIENT_CONFIRMATION_OK"
564,4016937897,4016937930,1,"IOTHUB_CLIENT_CONFIRMATION_OK"
565,4016938097,4016938132,1,"IOTHUB_CLIENT_CONFIRMATION_OK"
566,4016938297,4016938330,1,"IOTHUB_CLIENT_CONFIRMATION_OK"
567,4016938498,4016938552,1,"IOTHUB_CLIENT_CONFIRMATION_OK"
568,4016938698,4016938748,1,"IOTHUB_CLIENT_CONFIRMATION_OK"
569,4016938898,4016938944,1,"IOTHUB_CLIENT_CONFIRMATION_OK"
570,4016939098,4016939290,1,"IOTHUB_CLIENT_CONFIRMATION_OK"
571,4016939298,4016939330,1,"IOTHUB_CLIENT_CONFIRMATION_OK"
572,4016939498,4016939557,1,"IOTHUB_CLIENT_CONFIRMATION_OK"
573,4016939698,4016939747,1,"IOTHUB_CLIENT_CONFIRMATION_OK"
574,4016939899,4016939936,1,"IOTHUB_CLIENT_CONFIRMATION_OK"
575,4016940099,4016940136,1,"IOTHUB_CLIENT_CONFIRMATION_OK"
576,4016940299,4016940356,1,"IOTHUB_CLIENT_CONFIRMATION_OK"
577,4016940499,4016940557,1,"IOTHUB_CLIENT_CONFIRMATION_OK"
578,4016940699,4016940739,1,"IOTHUB_CLIENT_CONFIRMATION_OK"
579,4016940899,4016940949,1,"IOTHUB_CLIENT_CONFIRMATION_OK"
580,4016941099,4016941140,1,"IOTHUB_CLIENT_CONFIRMATION_OK"
581,4016941300,4016941342,1,"IOTHUB_CLIENT_CONFIRMATION_OK"
582,4016941500,4016941581,1,"IOTHUB_CLIENT_CONFIRMATION_OK"
583,4016941700,4016941748,1,"IOTHUB_CLIENT_CONFIRMATION_OK"
584,4016941900,4016941943,1,"IOTHUB_CLIENT_CONFIRMATION_OK"
585,4016942100,4016942139,1,"IOTHUB_CLIENT_CONFIRMATION_OK"
586,4016942300,4016942411,1,"IOTHUB_CLIENT_CONFIRMATION_OK"
587,4016942501,4016942547,1,"IOTHUB_CLIENT_CONFIRMATION_OK"
588,4016942701,4016942738,1,"IOTHUB_CLIENT_CONFIRMATION_OK"
589,4016942901,4016943314,1,"IOTHUB_CLIENT_CONFIRMATION_OK"
590,4016943101,4016943377,1,"IOTHUB_CLIENT_CONFIRMATION_OK"
591,4016943301,4016943428,1,"IOTHUB_CLIENT_CONFIRMATION_OK"
592,4016943501,4016943670,1,"IOTHUB_CLIENT_CONFIRMATION_OK"
593,4016943702,4016943751,1,"IOTHUB_CLIENT_CONFIRMATION_OK"
594,4016943902,4016943934,1,"IOTHUB_CLIENT_CONFIRMATION_OK"
595,4016944102,4016944144,1,"IOTHUB_CLIENT_CONFIRMATION_OK"
596,4016944302,4016944422,1,"IOTHUB_CLIENT_CONFIRMATION_OK"
597,4016944502,4016944680,1,"IOTHUB_CLIENT_CONFIRMATION_OK"
598,4016944702,4016944738,1,"IOTHUB_CLIENT_CONFIRMATION_OK"
599,4016944902,4016944943,1,"IOTHUB_CLIENT_CONFIRMATION_OK"
600,4016945103,4016945162,1,"IOTHUB_CLIENT_CONFIRMATION_OK"
601,4016945303,4016945346,1,"IOTHUB_CLIENT_CONFIRMATION_OK"
602,4016945503,4016945545,1,"IOTHUB_CLIENT_CONFIRMATION_OK"
603,4016945703,4016945741,1,"IOTHUB_CLIENT_CONFIRMATION_OK"
604,4016945903,4016945936,1,"IOTHUB_CLIENT_CONFIRMATION_OK"
605,4016946103,4016946139,1,"IOTHUB_CLIENT_CONFIRMATION_OK"
606,4016946304,4016946347,1,"IOTHUB_CLIENT_CONFIRMATION_OK"
607,4016946504,4016946554,1,"IOTHUB_CLIENT_CONFIRMATION_OK"
608,4016946704,4016946737,1,"IOTHUB_CLIENT_CONFIRMATION_OK"
609,4016946904,4016946940,1,"IOTHUB_CLIENT_CONFIRMATION_OK"
610,4016947104,4016947155,1,"IOTHUB_CLIENT_CONFIRMATION_OK"
611,4016947304,4016947365,1,"IOTHUB_CLIENT_CONFIRMATION_OK"
612,4016947504,4016947538,1,"IOTHUB_CLIENT_CONFIRMATION_OK"
613,4016947705,4016947741,1,"IOTHUB_CLIENT_CONFIRMATION_OK"
614,4016947905,4016947948,1,"IOTHUB_CLIENT_CONFIRMATION_OK"
615,4016948105,4016948142,1,"IOTHUB_CLIENT_CONFIRMATION_OK"
616,4016948305,4016948347,1,"IOTHUB_CLIENT_CONFIRMATION_OK"
617,4016948505,4016948578,1,"IOTHUB_CLIENT_CONFIRMATION_OK"
618,4016948705,4016948735,1,"IOTHUB_CLIENT_CONFIRMATION_OK"
619,4016948906,4016948964,1,"IOTHUB_CLIENT_CONFIRMATION_OK"
620,4016949106,4016949150,1,"IOTHUB_CLIENT_CONFIRMATION_OK"
621,4016949306,4016949344,1,"IOTHUB_CLIENT_CONFIRMATION_OK"
622,4016949506,4016949580,1,"IOTHUB_CLIENT_CONFIRMATION_OK"
623,4016949706,4016949742,1,"IOTHUB_CLIENT_CONFIRMATION_OK"
624,4016949906,4016949987,1,"IOTHUB_CLIENT_CONFIRMATION_OK"
625,4016950106,4016950149,1,"IOTHUB_CLIENT_CONFIRMATION_OK"
626,4016950307,4016950343,1,"IOTHUB_CLIENT_CONFIRMATION_OK"
627,4016950507,4016950608,1,"IOTHUB_CLIENT_CONFIRMATION_OK"
628,4016950707,4016950739,1,"IOTHUB_CLIENT_CONFIRMATION_OK"
629,4016950907,4016950941,1,"IOTHUB_CLIENT_CONFIRMATION_OK"
630,4016951107,4016951209,1,"IOTHUB_CLIENT_CONFIRMATION_OK"
631,4016951307,4016951342,1,"IOTHUB_CLIENT_CONFIRMATION_OK"
632,4016951508,4016951544,1,"IOTHUB_CLIENT_CONFIRMATION_OK"
633,4016951708,4016951759,1,"IOTHUB_CLIENT_CONFIRMATION_OK"
634,4016951908,4016951937,1,"IOTHUB_CLIENT_CONFIRMATION_OK"
635,4016952108,4016952236,1,"IOTHUB_CLIENT_CONFIRMATION_OK"
636,4016952308,4016952449,1,"IOTHUB_CLIENT_CONFIRMATION_OK"
637,4016952508,4016952548,1,"IOTHUB_CLIENT_CONFIRMATION_OK"
638,4016952709,4016952903,1,"IOTHUB_CLIENT_CONFIRMATION_OK"
639,4016952909,4016952948,1,"IOTHUB_CLIENT_CONFIRMATION_OK"
640,4016953109,4016953296,1,"IOTHUB_CLIENT_CONFIRMATION_OK"
641,4016953309,4016953355,1,"IOTHUB_CLIENT_CONFIRMATION_OK"
642,4016953509,4016953584,1,"IOTHUB_CLIENT_CONFIRMATION_OK"
643,4016953709,4016953837,1,"IOTHUB_CLIENT_CONFIRMATION_OK"
644,4016953909,4016953942,1,"IOTHUB_CLIENT_CONFIRMATION_OK"
645,4016954110,4016954174,1,"IOTHUB_CLIENT_CONFIRMATION_OK"
646,4016954310,4016954346,1,"IOTHUB_CLIENT_CONFIRMATION_OK"
647,4016954510,4016954566,1,"IOTHUB_CLIENT_CONFIRMATION_OK"
648,4016954710,4016954767,1,"IOTHUB_CLIENT_CONFIRMATION_OK"
649,4016954910,4016954946,1,"IOTHUB_CLIENT_CONFIRMATION_OK"
650,4016955110,4016955144,1,"IOTHUB_CLIENT_CONFIRMATION_OK"
651,4016955311,4016955473,1,"IOTHUB_CLIENT_CONFIRMATION_OK"
652,4016955511,4016955545,1,"IOTHUB_CLIENT_CONFIRMATION_OK"
653,4016955711,4016955755,1,"IOTHUB_CLIENT_CONFIRMATION_OK"
654,4016955911,4016955960,1,"IOTHUB_CLIENT_CONFIRMATION_OK"
655,4016956111,4016956146,1,"IOTHUB_CLIENT_CONFIRMATION_OK"
656,4016956311,4016956344,1,"IOTHUB_CLIENT_CONFIRMATION_OK"
657,4016956512,4016956577,1,"IOTHUB_CLIENT_CONFIRMATION_OK"
658,4016956712,4016956765,1,"IOTHUB_CLIENT_CONFIRMATION_OK"
659,4016956912,4016956964,1,"IOTHUB_CLIENT_CONFIRMATION_OK"
660,4016957112,4016957163,1,"IOTHUB_CLIENT_CONFIRMATION_OK"
661,4016957312,4016957371,1,"IOTHUB_CLIENT_CONFIRMATION_OK"
662,4016957512,4016957567,1,"IOTHUB_CLIENT_CONFIRMATION_OK"
663,4016957713,4016957763,1,"IOTHUB_CLIENT_CONFIRMATION_OK"
664,4016957913,4016957961,1,"IOTHUB_CLIENT_CONFIRMATION_OK"
665,4016958113,4016958143,1,"IOTHUB_CLIENT_CONFIRMATION_OK"
666,4016958313,4016958391,1,"IOTHUB_CLIENT_CONFIRMATION_OK"
667,4016958513,4016958592,1,"IOTHUB_CLIENT_CONFIRMATION_OK"
668,4016958713,4016958758,1,"IOTHUB_CLIENT_CONFIRMATION_OK"
669,4016958914,4016958948,1,"IOTHUB_CLIENT_CONFIRMATION_OK"
670,4016959114,4016959218,1,"IOTHUB_CLIENT_CONFIRMATION_OK"
671,4016959314,4016959358,1,"IOTHUB_CLIENT_CONFIRMATION_OK"
672,4016959514,4016959590,1,"IOTHUB_CLIENT_CONFIRMATION_OK"
673,4016959714,4016959777,1,"IOTHUB_CLIENT_CONFIRMATION_OK"
674,4016959914,4016959955,1,"IOTHUB_CLIENT_CONFIRMATION_OK"
675,4016960115,4016960150,1,"IOTHUB_CLIENT_CONFIRMATION_OK"
676,4016960315,4016960387,1,"IOTHUB_CLIENT_CONFIRMATION_OK"
677,4016960515,4016960558,1,"IOTHUB_CLIENT_CONFIRMATION_OK"
678,4016960715,4016960783,1,"IOTHUB_CLIENT_CONFIRMATION_OK"
679,4016960915,4016960946,1,"IOTHUB_CLIENT_CONFIRMATION_OK"
680,4016961115,4016961150,1,"IOTHUB_CLIENT_CONFIRMATION_OK"
681,4016961315,4016961399,1,"IOTHUB_CLIENT_CONFIRMATION_OK"
682,4016961516,4016961558,1,"IOTHUB_CLIENT_CONFIRMATION_OK"
683,4016961716,4016961757,1,"IOTHUB_CLIENT_CONFIRMATION_OK"
684,4016961916,4016962011,1,"IOTHUB_CLIENT_CONFIRMATION_OK"
685,4016962116,4016962156,1,"IOTHUB_CLIENT_CONFIRMATION_OK"
686,4016962316,4016962347,1,"IOTHUB_CLIENT_CONFIRMATION_OK"
687,4016962516,4016962560,1,"IOTHUB_CLIENT_CONFIRMATION_OK"
688,4016962717,4016962758,1,"IOTHUB_CLIENT_CONFIRMATION_OK"
689,4016962917,4016963047,1,"IOTHUB_CLIENT_CONFIRMATION_OK"
690,4016963117,4016963158,1,"IOTHUB_CLIENT_CONFIRMATION_OK"
691,4016963317,4016963373,1,"IOTHUB_CLIENT_CONFIRMATION_OK"
692,4016963517,4016963572,1,"IOTHUB_CLIENT_CONFIRMATION_OK"
693,4016963717,4016963765,1,"IOTHUB_CLIENT_CONFIRMATION_OK"
694,4016963917,4016963955,1,"IOTHUB_CLIENT_CONFIRMATION_OK"
695,4016964118,4016964207,1,"IOTHUB_CLIENT_CONFIRMATION_OK"
696,4016964318,4016964365,1,"IOTHUB_CLIENT_CONFIRMATION_OK"
697,4016964518,4016964751,1,"IOTHUB_CLIENT_CONFIRMATION_OK"
698,4016964718,4016964772,1,"IOTHUB_CLIENT_CONFIRMATION_OK"
699,4016964918,4016964980,1,"IOTHUB_CLIENT_CONFIRMATION_OK"
700,4016965118,4016965161,1,"IOTHUB_CLIENT_CONFIRMATION_OK"
701,4016965319,4016965372,1,"IOTHUB_CLIENT_CONFIRMATION_OK"
702,4016965519,4016965582,1,"IOTHUB_CLIENT_CONFIRMATION_OK"
703,4016965719,4016965794,1,"IOTHUB_CLIENT_CONFIRMATION_OK"
704,4016965919,4016965977,1,"IOTHUB_CLIENT_CONFIRMATION_OK"
705,4016966119,4016966184,1,"IOTHUB_CLIENT_CONFIRMATION_OK"
706,4016966319,4016966361,1,"IOTHUB_CLIENT_CONFIRMATION_OK"
707,4016966520,4016966551,1,"IOTHUB_CLIENT_CONFIRMATION_OK"
708,4016966720,4016966816,1,"IOTHUB_CLIENT_CONFIRMATION_OK"
709,4016966920,4016966954,1,"IOTHUB_CLIENT_CONFIRMATION_OK"
710,4016967120,4016967166,1,"IOTHUB_CLIENT_CONFIRMATION_OK"
711,4016967320,4016967417,1,"IOTHUB_CLIENT_CONFIRMATION_OK"
712,4016967520,4016967555,1,"IOTHUB_CLIENT_CONFIRMATION_OK"
713,4016967721,4016967761,1,"IOTHUB_CLIENT_CONFIRMATION_OK"
714,4016967921,4016967963,1,"IOTHUB_CLIENT_CONFIRMATION_OK"
715,4016968121,4016968174,1,"IOTHUB_CLIENT_CONFIRMATION_OK"
716,4016968321,4016968449,1,"IOTHUB_CLIENT_CONFIRMATION_OK"
717,4016968521,4016968581,1,"IOTHUB_CLIENT_CONFIRMATION_OK"
718,4016968721,4016968765,1,"IOTHUB_CLIENT_CONFIRMATION_OK"
719,4016968922,4016968966,1,"IOTHUB_CLIENT_CONFIRMATION_OK"
720,4016969122,4016969506,1,"IOTHUB_CLIENT_CONFIRMATION_OK"
721,4016969322,4016969584,1,"IOTHUB_CLIENT_CONFIRMATION_OK"
722,4016969522,4016969647,1,"IOTHUB_CLIENT_CONFIRMATION_OK"
723,4016969722,4016969885,1,"IOTHUB_CLIENT_CONFIRMATION_OK"
724,4016969922,4016970109,1,"IOTHUB_CLIENT_CONFIRMATION_OK"
725,4016970122,4016970180,1,"IOTHUB_CLIENT_CONFIRMATION_OK"
726,4016970323,4016970367,1,"IOTHUB_CLIENT_CONFIRMATION_OK"
727,4016970523,4016970558,1,"IOTHUB_CLIENT_CONFIRMATION_OK"
728,4016970723,4016970767,1,"IOTHUB_CLIENT_CONFIRMATION_OK"
729,4016970923,4016970964,1,"IOTHUB_CLIENT_CONFIRMATION_OK"
730,4016971123,4016971163,1,"IOTHUB_CLIENT_CONFIRMATION_OK"
731,4016971323,4016971358,1,"IOTHUB_CLIENT_CONFIRMATION_OK"
732,4016971524,4016971734,1,"IOTHUB_CLIENT_CONFIRMATION_OK"
733,4016971724,4016971757,1,"IOTHUB_CLIENT_CONFIRMATION_OK"
734,4016971924,4016971959,1,"IOTHUB_CLIENT_CONFIRMATION_OK"
735,4016972124,4016972160,1,"IOTHUB_CLIENT_CONFIRMATION_OK"
736,4016972324,4016972370,1,"IOTHUB_CLIENT_CONFIRMATION_OK"
737,4016972524,4016972565,1,"IOTHUB_CLIENT_CONFIRMATION_OK"
738,4016972725,4016972777,1,"IOTHUB_CLIENT_CONFIRMATION_OK"
739,4016972925,4016972986,1,"IOTHUB_CLIENT_CONFIRMATION_OK"
740,4016973125,4016973161,1,"IOTHUB_CLIENT_CONFIRMATION_OK"
741,4016973325,4016973377,1,"IOTHUB_CLIENT_CONFIRMATION_OK"
742,4016973525,4016973562,1,"IOTHUB_CLIENT_CONFIRMATION_OK"
743,4016973725,4016973768,1,"IOTHUB_CLIENT_CONFIRMATION_OK"
744,4016973926,4016973972,1,"IOTHUB_CLIENT_CONFIRMATION_OK"
745,4016974126,4016974171,1,"IOTHUB_CLIENT_CONFIRMATION_OK"
746,4016974326,4016974373,1,"IOTHUB_CLIENT_CONFIRMATION_OK"
747,4016974526,4016974560,1,"IOTHUB_CLIENT_CONFIRMATION_OK"
748,4016974726,4016974761,1,"IOTHUB_CLIENT_CONFIRMATION_OK"
749,4016974926,4016975076,1,"IOTHUB_CLIENT_CONFIRMATION_OK"
750,4016975126,4016975169,1,"IOTHUB_CLIENT_CONFIRMATION_OK"
751,4016975327,4016975389,1,"IOTHUB_CLIENT_CONFIRMATION_OK"
752,4016975527,4016975562,1,"IOTHUB_CLIENT_CONFIRMATION_OK"
753,4016975727,4016975764,1,"IOTHUB_CLIENT_CONFIRMATION_OK"
754,4016975927,4016976073,1,"IOTHUB_CLIENT_CONFIRMATION_OK"
755,4016976127,4016976169,1,"IOTHUB_CLIENT_CONFIRMATION_OK"
756,4016976327,4016976369,1,"IOTHUB_CLIENT_CONFIRMATION_OK"
757,4016976528,4016976618,1,"IOTHUB_CLIENT_CONFIRMATION_OK"
758,4016976728,4016976826,1,"IOTHUB_CLIENT_CONFIRMATION_OK"
759,4016976928,4016977022,1,"IOTHUB_CLIENT_CONFIRMATION_OK"
760,4016977128,4016977174,1,"IOTHUB_CLIENT_CONFIRMATION_OK"
761,4016977328,4016977363,1,"IOTHUB_CLIENT_CONFIRMATION_OK"
762,4016977528,4016977634,1,"IOTHUB_CLIENT_CONFIRMATION_OK"
763,4016977728,4016977769,1,"IOTHUB_CLIENT_CONFIRMATION_OK"
764,4016977929,4016977975,1,"IOTHUB_CLIENT_CONFIRMATION_OK"
765,4016978129,4016978176,1,"IOTHUB_CLIENT_CONFIRMATION_OK"
766,4016978329,4016978404,1,"IOTHUB_CLIENT_CONFIRMATION_OK"
767,4016978529,4016978628,1,"IOTHUB_CLIENT_CONFIRMATION_OK"
768,4016978729,4016978760,1,"IOTHUB_CLIENT_CONFIRMATION_OK"
769,4016978929,4016978996,1,"IOTHUB_CLIENT_CONFIRMATION_OK"
770,4016979130,4016979268,1,"IOTHUB_CLIENT_CONFIRMATION_OK"
771,4016979330,4016979386,1,"IOTHUB_CLIENT_CONFIRMATION_OK"
772,4016979530,4016979570,1,"IOTHUB_CLIENT_CONFIRMATION_OK"
773,4016979730,4016979765,1,"IOTHUB_CLIENT_CONFIRMATION_OK"
774,4016979930,4016979982,1,"IOTHUB_CLIENT_CONFIRMATION_OK"
775,4016980130,4016980166,1,"IOTHUB_CLIENT_CONFIRMATION_OK"
776,4016980331,4016980438,1,"IOTHUB_CLIENT_CONFIRMATION_OK"
777,4016980531,4016980569,1,"IOTHUB_CLIENT_CONFIRMATION_OK"
778,4016980731,4016980882,1,"IOTHUB_CLIENT_CONFIRMATION_OK"
779,4016980931,4016980972,1,"IOTHUB_CLIENT_CONFIRMATION_OK"
780,4016981131,4016981184,1,"IOTHUB_CLIENT_CONFIRMATION_OK"
781,4016981331,4016981363,1,"IOTHUB_CLIENT_CONFIRMATION_OK"
782,4016981532,4016981576,1,"IOTHUB_CLIENT_CONFIRMATION_OK"
783,4016981732,4016981776,1,"IOTHUB_CLIENT_CONFIRMATION_OK"
784,4016981932,4016981964,1,"IOTHUB_CLIENT_CONFIRMATION_OK"
785,4016982132,4016982173,1,"IOTHUB_CLIENT_CONFIRMATION_OK"
786,4016982332,4016982508,1,"IOTHUB_CLIENT_CONFIRMATION_OK"
787,4016982532,4016982582,1,"IOTHUB_CLIENT_CONFIRMATION_OK"
788,4016982732,4016982769,1,"IOTHUB_CLIENT_CONFIRMATION_OK"
789,4016982933,4016982986,1,"IOTHUB_CLIENT_CONFIRMATION_OK"
790,4016983133,4016983172,1,"IOTHUB_CLIENT_CONFIRMATION_OK"
791,4016983333,4016983369,1,"IOTHUB_CLIENT_CONFIRMATION_OK"
792,4016983533,4016983566,1,"IOTHUB_CLIENT_CONFIRMATION_OK"
793,4016983733,4016983816,1,"IOTHUB_CLIENT_CONFIRMATION_OK"
794,4016983933,4016983990,1,"IOTHUB_CLIENT_CONFIRMATION_OK"
795,4016984134,4016984179,1,"IOTHUB_CLIENT_CONFIRMATION_OK"
796,4016984334,4016984372,1,"IOTHUB_CLIENT_CONFIRMATION_OK"
797,4016984534,4016984569,1,"IOTHUB_CLIENT_CONFIRMATION_OK"
798,4016984734,4016984784,1,"IOTHUB_CLIENT_CONFIRMATION_OK"
799,4016984934,4016984987,1,"IOTHUB_CLIENT_CONFIRMATION_OK"
800,4016985134,4016985170,1,"IOTHUB_CLIENT_CONFIRMATION_OK"
801,4016985334,4016985379,1,"IOTHUB_CLIENT_CONFIRMATION_OK"
802,4016985535,4016985571,1,"IOTHUB_CLIENT_CONFIRMATION_OK"
803,4016985735,4016985766,1,"IOTHUB_CLIENT_CONFIRMATION_OK"
804,4016985935,4016985969,1,"IOTHUB_CLIENT_CONFIRMATION_OK"
805,4016986135,4016986167,1,"IOTHUB_CLIENT_CONFIRMATION_OK"
806,4016986335,4016986403,1,"IOTHUB_CLIENT_CONFIRMATION_OK"
807,4016986535,4016986647,1,"IOTHUB_CLIENT_CONFIRMATION_OK"
808,4016986736,4016986769,1,"IOTHUB_CLIENT_CONFIRMATION_OK"
809,4016986936,4016987011,1,"IOTHUB_CLIENT_CONFIRMATION_OK"
810,4016987136,4016987166,1,"IOTHUB_CLIENT_CONFIRMATION_OK"
811,4016987336,4016987417,1,"IOTHUB_CLIENT_CONFIRMATION_OK"
812,4016987536,4016987571,1,"IOTHUB_CLIENT_CONFIRMATION_OK"
813,4016987736,4016987778,1,"IOTHUB_CLIENT_CONFIRMATION_OK"
814,4016987937,4016987974,1,"IOTHUB_CLIENT_CONFIRMATION_OK"
815,4016988137,4016988181,1,"IOTHUB_CLIENT_CONFIRMATION_OK"
816,4016988337,4016988371,1,"IOTHUB_CLIENT_CONFIRMATION_OK"
817,4016988537,4016988587,1,"IOTHUB_CLIENT_CONFIRMATION_OK"
818,4016988737,4016988807,1,"IOTHUB_CLIENT_CONFIRMATION_OK"
819,4016988937,4016989002,1,"IOTHUB_CLIENT_CONFIRMATION_OK"
820,4016989137,4016989188,1,"IOTHUB_CLIENT_CONFIRMATION_OK"
821,4016989338,4016989383,1,"IOTHUB_CLIENT_CONFIRMATION_OK"
822,4016989538,4016989596,1,"IOTHUB_CLIENT_CONFIRMATION_OK"
823,4016989738,4016989774,1,"IOTHUB_CLIENT_CONFIRMATION_OK"
824,4016989938,4016990018,1,"IOTHUB_CLIENT_CONFIRMATION_OK"
825,4016990138,4016990192,1,"IOTHUB_CLIENT_CONFIRMATION_OK"
826,4016990338,4016990370,1,"IOTHUB_CLIENT_CONFIRMATION_OK"
827,4016990539,4016990620,1,"IOTHUB_CLIENT_CONFIRMATION_OK"
828,4016990739,4016990777,1,"IOTHUB_CLIENT_CONFIRMATION_OK"
829,4016990939,4016990993,1,"IOTHUB_CLIENT_CONFIRMATION_OK"
830,4016991139,4016991183,1,"IOTHUB_CLIENT_CONFIRMATION_OK"
831,4016991339,4016991385,1,"IOTHUB_CLIENT_CONFIRMATION_OK"
832,4016991539,4016991688,1,"IOTHUB_CLIENT_CONFIRMATION_OK"
833,4016991740,4016991797,1,"IOTHUB_CLIENT_CONFIRMATION_OK"
834,4016991940,4016991971,1,"IOTHUB_CLIENT_CONFIRMATION_OK"
835,4016992140,4016992296,1,"IOTHUB_CLIENT_CONFIRMATION_OK"
836,4016992340,4016992390,1,"IOTHUB_CLIENT_CONFIRMATION_OK"
837,4016992540,4016992594,1,"IOTHUB_CLIENT_CONFIRMATION_OK"
838,4016992740,4016992791,1,"IOTHUB_CLIENT_CONFIRMATION_OK"
839,4016992940,4016992974,1,"IOTHUB_CLIENT_CONFIRMATION_OK"
840,4016993141,4016993171,1,"IOTHUB_CLIENT_CONFIRMATION_OK"
841,4016993341,4016993382,1,"IOTHUB_CLIENT_CONFIRMATION_OK"
842,4016993541,4016993592,1,"IOTHUB_CLIENT_CONFIRMATION_OK"
843,4016993741,4016993791,1,"IOTHUB_CLIENT_CONFIRMATION_OK"
844,4016993941,4016993983,1,"IOTHUB_CLIENT_CONFIRMATION_OK"
845,4016994141,4016994175,1,"IOTHUB_CLIENT_CONFIRMATION_OK"
846,4016994342,4016994396,1,"IOTHUB_CLIENT_CONFIRMATION_OK"
847,4016994542,4016994576,1,"IOTHUB_CLIENT_CONFIRMATION_OK"
848,4016994742,4016994776,1,"IOTHUB_CLIENT_CONFIRMATION_OK"
849,4016994942,4016994983,1,"IOTHUB_CLIENT_CONFIRMATION_OK"
850,4016995142,4016995178,1,"IOTHUB_CLIENT_CONFIRMATION_OK"
851,4016995342,4016995407,1,"IOTHUB_CLIENT_CONFIRMATION_OK"
852,4016995543,4016995587,1,"IOTHUB_CLIENT_CONFIRMATION_OK"
853,4016995743,4016995789,1,"IOTHUB_CLIENT_CONFIRMATION_OK"
854,4016995943,4016996036,1,"IOTHUB_CLIENT_CONFIRMATION_OK"
855,4016996143,4016996208,1,"IOTHUB_CLIENT_CONFIRMATION_OK"
856,4016996343,4016996378,1,"IOTHUB_CLIENT_CONFIRMATION_OK"
857,4016996543,4016996579,1,"IOTHUB_CLIENT_CONFIRMATION_OK"
858,4016996744,4016996780,1,"IOTHUB_CLIENT_CONFIRMATION_OK"
859,4016996944,4016997053,1,"IOTHUB_CLIENT_CONFIRMATION_OK"
860,4016997144,4016997182,1,"IOTHUB_CLIENT_CONFIRMATION_OK"
861,4016997344,4016997385,1,"IOTHUB_CLIENT_CONFIRMATION_OK"
862,4016997544,4016997664,1,"IOTHUB_CLIENT_CONFIRMATION_OK"
863,4016997744,4016997784,1,"IOTHUB_CLIENT_CONFIRMATION_OK"
864,4016997944,4016998012,1,"IOTHUB_CLIENT_CONFIRMATION_OK"
865,4016998145,4016998272,1,"IOTHUB_CLIENT_CONFIRMATION_OK"
866,4016998345,4016998394,1,"IOTHUB_CLIENT_CONFIRMATION_OK"
867,4016998545,4016998690,1,"IOTHUB_CLIENT_CONFIRMATION_OK"
868,4016998745,4016998784,1,"IOTHUB_CLIENT_CONFIRMATION_OK"
869,4016998945,4016998978,1,"IOTHUB_CLIENT_CONFIRMATION_OK"
870,4016999145,4016999190,1,"IOTHUB_CLIENT_CONFIRMATION_OK"
871,4016999345,4016999383,1,"IOTHUB_CLIENT_CONFIRMATION_OK"
872,4016999546,4016999585,1,"IOTHUB_CLIENT_CONFIRMATION_OK"
873,4016999746,4016999798,1,"IOTHUB_CLIENT_CONFIRMATION_OK"
874,4016999946,4016999993,1,"IOTHUB_CLIENT_CONFIRMATION_OK"
875,4017000146,4017000177,1,"IOTHUB_CLIENT_CONFIRMATION_OK"
876,4017000346,4017000379,1,"IOTHUB_CLIENT_CONFIRMATION_OK"
877,4017000546,4017000577,1,"IOTHUB_CLIENT_CONFIRMATION_OK"
878,4017000747,4017000799,1,"IOTHUB_CLIENT_CONFIRMATION_OK"
879,4017000947,4017000988,1,"IOTHUB_CLIENT_CONFIRMATION_OK"
880,4017001147,4017001184,1,"IOTHUB_CLIENT_CONFIRMATION_OK"
881,4017001347,4017001400,1,"IOTHUB_CLIENT_CONFIRMATION_OK"
882,4017001547,4017001588,1,"IOTHUB_CLIENT_CONFIRMATION_OK"
883,4017001747,4017001809,1,"IOTHUB_CLIENT_CONFIRMATION_OK"
884,4017001947,4017001993,1,"IOTHUB_CLIENT_CONFIRMATION_OK"
885,4017002148,4017002191,1,"IOTHUB_CLIENT_CONFIRMATION_OK"
886,4017002348,4017002395,1,"IOTHUB_CLIENT_CONFIRMATION_OK"
887,4017002548,4017002579,1,"IOTHUB_CLIENT_CONFIRMATION_OK"
888,4017002748,4017002781,1,"IOTHUB_CLIENT_CONFIRMATION_OK"
889,4017002948,4017003069,1,"IOTHUB_CLIENT_CONFIRMATION_OK"
890,4017003148,4017003185,1,"IOTHUB_CLIENT_CONFIRMATION_OK"
891,4017003349,4017003492,1,"IOTHUB_CLIENT_CONFIRMATION_OK"
892,4017003549,4017003592,1,"IOTHUB_CLIENT_CONFIRMATION_OK"
893,4017003749,4017003837,1,"IOTHUB_CLIENT_CONFIRMATION_OK"
894,4017003949,4017004051,1,"IOTHUB_CLIENT_CONFIRMATION_OK"
895,4017004149,4017004194,1,"IOTHUB_CLIENT_CONFIRMATION_OK"
896,4017004349,4017004394,1,"IOTHUB_CLIENT_CONFIRMATION_OK"
897,4017004549,4017004667,1,"IOTHUB_CLIENT_CONFIRMATION_OK"
898,4017004750,4017004785,1,"IOTHUB_CLIENT_CONFIRMATION_OK"
899,4017004950,4017004984,1,"IOTHUB_CLIENT_CONFIRMATION_OK"
900,4017005150,4017005181,1,"IOTHUB_CLIENT_CONFIRMATION_OK"
901,4017005350,4017005382,1,"IOTHUB_CLIENT_CONFIRMATION_OK"
902,4017005550,4017005630,1,"IOTHUB_CLIENT_CONFIRMATION_OK"
903,4017005750,4017005789,1,"IOTHUB_CLIENT_CONFIRMATION_OK"
904,4017005950,4017005988,1,"IOTHUB_CLIENT_CONFIRMATION_OK"
905,4017006151,4017006314,1,"IOTHUB_CLIENT_CONFIRMATION_OK"
906,4017006351,4017006395,1,"IOTHUB_CLIENT_CONFIRMATION_OK"
907,4017006551,4017006596,1,"IOTHUB_CLIENT_CONFIRMATION_OK"
908,4017006751,4017006800,1,"IOTHUB_CLIENT_CONFIRMATION_OK"
909,4017006951,4017006990,1,"IOTHUB_CLIENT_CONFIRMATION_OK"
910,4017007151,4017007185,1,"IOTHUB_CLIENT_CONFIRMATION_OK"
911,4017007352,4017007391,1,"IOTHUB_CLIENT_CONFIRMATION_OK"
912,4017007552,4017007585,1,"IOTHUB_CLIENT_CONFIRMATION_OK"
913,4017007752,4017007922,1,"IOTHUB_CLIENT_CONFIRMATION_OK"
914,4017007952,4017007995,1,"IOTHUB_CLIENT_CONFIRMATION_OK"
915,4017008152,4017008205,1,"IOTHUB_CLIENT_CONFIRMATION_OK"
916,4017008352,4017008390,1,"IOTHUB_CLIENT_CONFIRMATION_OK"
917,4017008552,4017008589,1,"IOTHUB_CLIENT_CONFIRMATION_OK"
918,4017008753,4017008798,1,"IOTHUB_CLIENT_CONFIRMATION_OK"
919,4017008953,4017009002,1,"IOTHUB_CLIENT_CONFIRMATION_OK"
920,4017009153,4017009339,1,"IOTHUB_CLIENT_CONFIRMATION_OK"
921,4017009353,4017009552,1,"IOTHUB_CLIENT_CONFIRMATION_OK"
922,4017009553,4017009596,1,"IOTHUB_CLIENT_CONFIRMATION_OK"
923,4017009753,4017009805,1,"IOTHUB_CLIENT_CONFIRMATION_OK"
924,4017009954,4017010014,1,"IOTHUB_CLIENT_CONFIRMATION_OK"
925,4017010154,4017010214,1,"IOTHUB_CLIENT_CONFIRMATION_OK"
926,4017010354,4017010405,1,"IOTHUB_CLIENT_CONFIRMATION_OK"
927,4017010554,4017010599,1,"IOTHUB_CLIENT_CONFIRMATION_OK"
928,4017010754,4017010790,1,"IOTHUB_CLIENT_CONFIRMATION_OK"
929,4017010954,4017010992,1,"IOTHUB_CLIENT_CONFIRMATION_OK"
930,4017011155,4017011196,1,"IOTHUB_CLIENT_CONFIRMATION_OK"
931,4017011355,4017011390,1,"IOTHUB_CLIENT_CONFIRMATION_OK"
932,4017011555,4017011608,1,"IOTHUB_CLIENT_CONFIRMATION_OK"
933,4017011755,4017011801,1,"IOTHUB_CLIENT_CONFIRMATION_OK"
934,4017011955,4017011990,1,"IOTHUB_CLIENT_CONFIRMATION_OK"
935,4017012155,4017012243,1,"IOTHUB_CLIENT_CONFIRMATION_OK"
936,4017012355,4017012398,1,"IOTHUB_CLIENT_CONFIRMATION_OK"
937,4017012556,4017012590,1,"IOTHUB_CLIENT_CONFIRMATION_OK"
938,4017012756,4017012788,1,"IOTHUB_CLIENT_CONFIRMATION_OK"
939,4017012956,4017013009,1,"IOTHUB_CLIENT_CONFIRMATION_OK"
940,4017013156,4017013247,1,"IOTHUB_CLIENT_CONFIRMATION_OK"
941,4017013356,4017013400,1,"IOTHUB_CLIENT_CONFIRMATION_OK"
942,4017013556,4017013594,1,"IOTHUB_CLIENT_CONFIRMATION_OK"
943,4017013757,4017013870,1,"IOTHUB_CLIENT_CONFIRMATION_OK"
944,4017013957,4017013997,1,"IOTHUB_CLIENT_CONFIRMATION_OK"
945,4017014157,4017014201,1,"IOTHUB_CLIENT_CONFIRMATION_OK"
946,4017014357,4017014420,1,"IOTHUB_CLIENT_CONFIRMATION_OK"
947,4017014557,4017014606,1,"IOTHUB_CLIENT_CONFIRMATION_OK"
948,4017014757,4017014891,1,"IOTHUB_CLIENT_CONFIRMATION_OK"
949,4017014957,4017014988,1,"IOTHUB_CLIENT_CONFIRMATION_OK"
950,4017015158,4017015187,1,"IOTHUB_CLIENT_CONFIRMATION_OK"
951,4017015358,4017015643,1,"IOTHUB_CLIENT_CONFIRMATION_OK"
952,4017015558,4017015773,1,"IOTHUB_CLIENT_CONFIRMATION_OK"
953,4017015758,4017015799,1,"IOTHUB_CLIENT_CONFIRMATION_OK"
954,4017015958,4017016084,1,"IOTHUB_CLIENT_CONFIRMATION_OK"
955,4017016158,4017016215,1,"IOTHUB_CLIENT_CONFIRMATION_OK"
956,4017016359,4017016397,1,"IOTHUB_CLIENT_CONFIRMATION_OK"
957,4017016559,4017016597,1,"IOTHUB_CLIENT_CONFIRMATION_OK"
958,4017016759,4017016810,1,"IOTHUB_CLIENT_CONFIRMATION_OK"
959,4017016959,4017017054,1,"IOTHUB_CLIENT_CONFIRMATION_OK"
960,4017017159,4017017194,1,"IOTHUB_CLIENT_CONFIRMATION_OK"
961,4017017359,4017017391,1,"IOTHUB_CLIENT_CONFIRMATION_OK"
962,4017017559,4017017662,1,"IOTHUB_CLIENT_CONFIRMATION_OK"
963,4017017760,4017017796,1,"IOTHUB_CLIENT_CONFIRMATION_OK"
964,4017017960,4017018014,1,"IOTHUB_CLIENT_CONFIRMATION_OK"
965,4017018160,4017018195,1,"IOTHUB_CLIENT_CONFIRMATION_OK"
966,4017018360,4017018405,1,"IOTHUB_CLIENT_CONFIRMATION_OK"
967,4017018560,4017018703,1,"IOTHUB_CLIENT_CONFIRMATION_OK"
968,4017018760,4017018795,1,"IOTHUB_CLIENT_CONFIRMATION_OK"
969,4017018961,4017019002,1,"IOTHUB_CLIENT_CONFIRMATION_OK"
970,4017019161,4017019288,1,"IOTHUB_CLIENT_CONFIRMATION_OK"
971,4017019361,4017019411,1,"IOTHUB_CLIENT_CONFIRMATION_OK"
972,4017019561,4017019614,1,"IOTHUB_CLIENT_CONFIRMATION_OK"
973,4017019761,4017019795,1,"IOTHUB_CLIENT_CONFIRMATION_OK"
974,4017019961,4017019999,1,"IOTHUB_CLIENT_CONFIRMATION_OK"
975,4017020162,4017020294,1,"IOTHUB_CLIENT_CONFIRMATION_OK"
976,4017020362,4017020401,1,"IOTHUB_CLIENT_CONFIRMATION_OK"
977,4017020562,4017020597,1,"IOTHUB_CLIENT_CONFIRMATION_OK"
978,4017020762,4017020792,1,"IOTHUB_CLIENT_CONFIRMATION_OK"
979,4017020962,4017020996,1,"IOTHUB_CLIENT_CONFIRMATION_OK"
980,4017021162,4017021198,1,"IOTHUB_CLIENT_CONFIRMATION_OK"
981,4017021362,4017021397,1,"IOTHUB_CLIENT_CONFIRMATION_OK"
982,4017021563,4017021597,1,"IOTHUB_CLIENT_CONFIRMATION_OK"
983,4017021763,4017021816,1,"IOTHUB_CLIENT_CONFIRMATION_OK"
984,4017021963,4017021997,1,"IOTHUB_CLIENT_CONFIRMATION_OK"
985,4017022163,4017022202,1,"IOTHUB_CLIENT_CONFIRMATION_OK"
986,4017022363,4017022450,1,"IOTHUB_CLIENT_CONFIRMATION_OK"
987,4017022563,4017022601,1,"IOTHUB_CLIENT_CONFIRMATION_OK"
988,4017022764,4017022794,1,"IOTHUB_CLIENT_CONFIRMATION_OK"
989,4017022964,4017023027,1,"IOTHUB_CLIENT_CONFIRMATION_OK"
990,4017023164,4017023204,1,"IOTHUB_CLIENT_CONFIRMATION_OK"
991,4017023364,4017023404,1,"IOTHUB_CLIENT_CONFIRMATION_OK"
992,4017023564,4017023605,1,"IOTHUB_CLIENT_CONFIRMATION_OK"
993,4017023764,4017023799,1,"IOTHUB_CLIENT_CONFIRMATION_OK"
994,4017023965,4017024066,1,"IOTHUB_CLIENT_CONFIRMATION_OK"
995,4017024165,4017024227,1,"IOTHUB_CLIENT_CONFIRMATION_OK"
996,4017024365,4017024400,1,"IOTHUB_CLIENT_CONFIRMATION_OK"
997,4017024565,4017024663,1,"IOTHUB_CLIENT_CONFIRMATION_OK"
998,4017024765,4017024802,1,"IOTHUB_CLIENT_CONFIRMATION_OK"
999,4017024965,4017025010,1,"IOTHUB_CLIENT_CONFIRMATION_OK"
1000,4017025165,4017025214,1,"IOTHUB_CLIENT_CONFIRMATION_OK"
1001,4017025366,4017025411,1,"IOTHUB_CLIENT_CONFIRMATION_OK"
1002,4017025566,4017025680,1,"IOTHUB_CLIENT_CONFIRMATION_OK"
1003,4017025766,4017025807,1,"IOTHUB_CLIENT_CONFIRMATION_OK"
1004,4017025966,4017026014,1,"IOTHUB_CLIENT_CONFIRMATION_OK"
1005,4017026166,4017026336,1,"IOTHUB_CLIENT_CONFIRMATION_OK"
1006,4017026366,4017026421,1,"IOTHUB_CLIENT_CONFIRMATION_OK"
1007,4017026567,4017026638,1,"IOTHUB_CLIENT_CONFIRMATION_OK"
1008,4017026767,4017026803,1,"IOTHUB_CLIENT_CONFIRMATION_OK"
1009,4017026967,4017027013,1,"IOTHUB_CLIENT_CONFIRMATION_OK"
1010,4017027167,4017027336,1,"IOTHUB_CLIENT_CONFIRMATION_OK"
1011,4017027367,4017027408,1,"IOTHUB_CLIENT_CONFIRMATION_OK"
1012,4017027567,4017027601,1,"IOTHUB_CLIENT_CONFIRMATION_OK"
1013,4017027767,4017027820,1,"IOTHUB_CLIENT_CONFIRMATION_OK"
1014,4017027968,4017028020,1,"IOTHUB_CLIENT_CONFIRMATION_OK"
1015,4017028168,4017028235,1,"IOTHUB_CLIENT_CONFIRMATION_OK"
1016,4017028368,4017028408,1,"IOTHUB_CLIENT_CONFIRMATION_OK"
1017,4017028568,4017028606,1,"IOTHUB_CLIENT_CONFIRMATION_OK"
1018,4017028768,4017028810,1,"IOTHUB_CLIENT_CONFIRMATION_OK"
1019,4017028968,4017029042,1,"IOTHUB_CLIENT_CONFIRMATION_OK"
1020,4017029168,4017029218,1,"IOTHUB_CLIENT_CONFIRMATION_OK"
1021,4017029369,4017029400,1,"IOTHUB_CLIENT_CONFIRMATION_OK"
1022,4017029569,4017029609,1,"IOTHUB_CLIENT_CONFIRMATION_OK"
1023,4017029769,4017029814,1,"IOTHUB_CLIENT_CONFIRMATION_OK"
1024,4017029969,4017030017,1,"IOTHUB_CLIENT_CONFIRMATION_OK"
1025,4017030169,4017030223,1,"IOTHUB_CLIENT_CONFIRMATION_OK"
1026,4017030369,4017030423,1,"IOTHUB_CLIENT_CONFIRMATION_OK"
1027,4017030570,4017030642,1,"IOTHUB_CLIENT_CONFIRMATION_OK"
1028,4017030770,4017030875,1,"IOTHUB_CLIENT_CONFIRMATION_OK"
1029,4017030970,4017031017,1,"IOTHUB_CLIENT_CONFIRMATION_OK"
1030,4017031170,4017031217,1,"IOTHUB_CLIENT_CONFIRMATION_OK"
1031,4017031370,4017031577,1,"IOTHUB_CLIENT_CONFIRMATION_OK"
1032,4017031570,4017031723,1,"IOTHUB_CLIENT_CONFIRMATION_OK"
1033,4017031770,4017031816,1,"IOTHUB_CLIENT_CONFIRMATION_OK"
1034,4017031971,4017032036,1,"IOTHUB_CLIENT_CONFIRMATION_OK"
1035,4017032171,4017032203,1,"IOTHUB_CLIENT_CONFIRMATION_OK"
1036,4017032371,4017032401,1,"IOTHUB_CLIENT_CONFIRMATION_OK"
1037,4017032571,4017032630,1,"IOTHUB_CLIENT_CONFIRMATION_OK"
1038,4017032771,4017032845,1,"IOTHUB_CLIENT_CONFIRMATION_OK"
1039,4017032971,4017033021,1,"IOTHUB_CLIENT_CONFIRMATION_OK"
1040,4017033172,4017033226,1,"IOTHUB_CLIENT_CONFIRMATION_OK"
1041,4017033372,4017033431,1,"IOTHUB_CLIENT_CONFIRMATION_OK"
1042,4017033572,4017033626,1,"IOTHUB_CLIENT_CONFIRMATION_OK"
1043,4017033772,4017033818,1,"IOTHUB_CLIENT_CONFIRMATION_OK"
1044,4017033972,4017034037,1,"IOTHUB_CLIENT_CONFIRMATION_OK"
1045,4017034172,4017034228,1,"IOTHUB_CLIENT_CONFIRMATION_OK"
1046,4017034372,4017034446,1,"IOTHUB_CLIENT_CONFIRMATION_OK"
1047,4017034573,4017034640,1,"IOTHUB_CLIENT_CONFIRMATION_OK"
1048,4017034773,4017034818,1,"IOTHUB_CLIENT_CONFIRMATION_OK"
1049,4017034973,4017035012,1,"IOTHUB_CLIENT_CONFIRMATION_OK"
1050,4017035173,4017035212,1,"IOTHUB_CLIENT_CONFIRMATION_OK"
1051,4017035373,4017035416,1,"IOTHUB_CLIENT_CONFIRMATION_OK"
1052,4017035573,4017035608,1,"IOTHUB_CLIENT_CONFIRMATION_OK"
1053,4017035774,4017035834,1,"IOTHUB_CLIENT_CONFIRMATION_OK"
1054,4017035974,4017036067,1,"IOTHUB_CLIENT_CONFIRMATION_OK"
1055,4017036174,4017036212,1,"IOTHUB_CLIENT_CONFIRMATION_OK"
1056,4017036374,4017036409,1,"IOTHUB_CLIENT_CONFIRMATION_OK"
1057,4017036574,4017036623,1,"IOTHUB_CLIENT_CONFIRMATION_OK"
1058,4017036774,4017036811,1,"IOTHUB_CLIENT_CONFIRMATION_OK"
1059,4017036975,4017037025,1,"IOTHUB_CLIENT_CONFIRMATION_OK"
1060,4017037175,4017037214,1,"IOTHUB_CLIENT_CONFIRMATION_OK"
1061,4017037375,4017037418,1,"IOTHUB_CLIENT_CONFIRMATION_OK"
1062,4017037575,4017037638,1,"IOTHUB_CLIENT_CONFIRMATION_OK"
1063,4017037775,4017037830,1,"IOTHUB_CLIENT_CONFIRMATION_OK"
1064,4017037975,4017038033,1,"IOTHUB_CLIENT_CONFIRMATION_OK"
1065,4017038176,4017038226,1,"IOTHUB_CLIENT_CONFIRMATION_OK"
1066,4017038376,4017038418,1,"IOTHUB_CLIENT_CONFIRMATION_OK"
1067,4017038576,4017038652,1,"IOTHUB_CLIENT_CONFIRMATION_OK"
1068,4017038776,4017038826,1,"IOTHUB_CLIENT_CONFIRMATION_OK"
1069,4017038976,4017039021,1,"IOTHUB_CLIENT_CONFIRMATION_OK"
1070,4017039176,4017039261,1,"IOTHUB_CLIENT_CONFIRMATION_OK"
1071,4017039376,4017039428,1,"IOTHUB_CLIENT_CONFIRMATION_OK"
1072,4017039577,4017039613,1,"IOTHUB_CLIENT_CONFIRMATION_OK"
1073,4017039777,4017039818,1,"IOTHUB_CLIENT_CONFIRMATION_OK"
1074,4017039977,4017040030,1,"IOTHUB_CLIENT_CONFIRMATION_OK"
1075,4017040177,4017040280,1,"IOTHUB_CLIENT_CONFIRMATION_OK"
1076,4017040377,4017040411,1,"IOTHUB_CLIENT_CONFIRMATION_OK"
1077,4017040577,4017040614,1,"IOTHUB_CLIENT_CONFIRMATION_OK"
1078,4017040778,4017041227,1,"IOTHUB_CLIENT_CONFIRMATION_OK"
1079,4017040978,4017041315,1,"IOTHUB_CLIENT_CONFIRMATION_OK"
1080,4017041178,4017041510,1,"IOTHUB_CLIENT_CONFIRMATION_OK"
1081,4017041378,4017041547,1,"IOTHUB_CLIENT_CONFIRMATION_OK"
1082,4017041578,4017041625,1,"IOTHUB_CLIENT_CONFIRMATION_OK"
1083,4017041778,4017041977,1,"IOTHUB_CLIENT_CONFIRMATION_OK"
1084,4017041978,4017042023,1,"IOTHUB_CLIENT_CONFIRMATION_OK"
1085,4017042179,4017042230,1,"IOTHUB_CLIENT_CONFIRMATION_OK"
1086,4017042379,4017042614,1,"IOTHUB_CLIENT_CONFIRMATION_OK"
1087,4017042579,4017042662,1,"IOTHUB_CLIENT_CONFIRMATION_OK"
1088,4017042779,4017042827,1,"IOTHUB_CLIENT_CONFIRMATION_OK"
1089,4017042979,4017043020,1,"IOTHUB_CLIENT_CONFIRMATION_OK"
1090,4017043179,4017043226,1,"IOTHUB_CLIENT_CONFIRMATION_OK"
1091,4017043380,4017043423,1,"IOTHUB_CLIENT_CONFIRMATION_OK"
1092,4017043580,4017043625,1,"IOTHUB_CLIENT_CONFIRMATION_OK"
1093,4017043780,4017043830,1,"IOTHUB_CLIENT_CONFIRMATION_OK"
1094,4017043980,4017044187,1,"IOTHUB_CLIENT_CONFIRMATION_OK"
1095,4017044180,4017044256,1,"IOTHUB_CLIENT_CONFIRMATION_OK"
1096,4017044380,4017044462,1,"IOTHUB_CLIENT_CONFIRMATION_OK"
1097,4017044581,4017044624,1,"IOTHUB_CLIENT_CONFIRMATION_OK"
1098,4017044781,4017044835,1,"IOTHUB_CLIENT_CONFIRMATION_OK"
1099,4017044981,4017045023,1,"IOTHUB_CLIENT_CONFIRMATION_OK"
1100,4017045181,4017045221,1,"IOTHUB_CLIENT_CONFIRMATION_OK"
1101,4017045381,4017045456,1,"IOTHUB_CLIENT_CONFIRMATION_OK"
1102,4017045581,4017045624,1,"IOTHUB_CLIENT_CONFIRMATION_OK"
1103,4017045781,4017045823,1,"IOTHUB_CLIENT_CONFIRMATION_OK"
1104,4017045982,4017046078,1,"IOTHUB_CLIENT_CONFIRMATION_OK"
1105,4017046182,4017046254,1,"IOTHUB_CLIENT_CONFIRMATION_OK"
1106,4017046382,4017046431,1,"IOTHUB_CLIENT_CONFIRMATION_OK"
1107,4017046582,4017046618,1,"IOTHUB_CLIENT_CONFIRMATION_OK"
1108,4017046782,4017046821,1,"IOTHUB_CLIENT_CONFIRMATION_OK"
1109,4017046982,4017047047,1,"IOTHUB_CLIENT_CONFIRMATION_OK"
1110,4017047183,4017047271,1,"IOTHUB_CLIENT_CONFIRMATION_OK"
1111,4017047383,4017047420,1,"IOTHUB_CLIENT_CONFIRMATION_OK"
1112,4017047583,4017047625,1,"IOTHUB_CLIENT_CONFIRMATION_OK"
1113,4017047783,4017047830,1,"IOTHUB_CLIENT_CONFIRMATION_OK"
1114,4017047983,4017048021,1,"IOTHUB_CLIENT_CONFIRMATION_OK"
1115,4017048183,4017048249,1,"IOTHUB_CLIENT_CONFIRMATION_OK"
1116,4017048384,4017048442,1,"IOTHUB_CLIENT_CONFIRMATION_OK"
1117,4017048584,4017048639,1,"IOTHUB_CLIENT_CONFIRMATION_OK"
1118,4017048784,4017048826,1,"IOTHUB_CLIENT_CONFIRMATION_OK"
1119,4017048984,4017049016,1,"IOTHUB_CLIENT_CONFIRMATION_OK"
1120,4017049184,4017049599,1,"IOTHUB_CLIENT_CONFIRMATION_OK"
1121,4017049384,4017049659,1,"IOTHUB_CLIENT_CONFIRMATION_OK"
1122,4017049585,4017050039,1,"IOTHUB_CLIENT_CONFIRMATION_OK"
1123,4017049785,4017050185,1,"IOTHUB_CLIENT_CONFIRMATION_OK"
1124,4017049985,4017050251,1,"IOTHUB_CLIENT_CONFIRMATION_OK"
1125,4017050185,4017050341,1,"IOTHUB_CLIENT_CONFIRMATION_OK"
1126,4017050385,4017050432,1,"IOTHUB_CLIENT_CONFIRMATION_OK"
1127,4017050585,4017050622,1,"IOTHUB_CLIENT_CONFIRMATION_OK"
1128,4017050786,4017050836,1,"IOTHUB_CLIENT_CONFIRMATION_OK"
1129,4017050986,4017051157,1,"IOTHUB_CLIENT_CONFIRMATION_OK"
1130,4017051186,4017051255,1,"IOTHUB_CLIENT_CONFIRMATION_OK"
1131,4017051386,4017051432,1,"IOTHUB_CLIENT_CONFIRMATION_OK"
1132,4017051586,4017051627,1,"IOTHUB_CLIENT_CONFIRMATION_OK"
1133,4017051786,4017051827,1,"IOTHUB_CLIENT_CONFIRMATION_OK"
1134,4017051986,4017052041,1,"IOTHUB_CLIENT_CONFIRMATION_OK"
1135,4017052187,4017052231,1,"IOTHUB_CLIENT_CONFIRMATION_OK"
1136,4017052387,4017052437,1,"IOTHUB_CLIENT_CONFIRMATION_OK"
1137,4017052587,4017052756,1,"IOTHUB_CLIENT_CONFIRMATION_OK"
1138,4017052787,4017052824,1,"IOTHUB_CLIENT_CONFIRMATION_OK"
1139,4017052987,4017053030,1,"IOTHUB_CLIENT_CONFIRMATION_OK"
1140,4017053187,4017053271,1,"IOTHUB_CLIENT_CONFIRMATION_OK"
1141,4017053387,4017053451,1,"IOTHUB_CLIENT_CONFIRMATION_OK"
1142,4017053588,4017053647,1,"IOTHUB_CLIENT_CONFIRMATION_OK"
1143,4017053788,4017053825,1,"IOTHUB_CLIENT_CONFIRMATION_OK"
1144,4017053988,4017054057,1,"IOTHUB_CLIENT_CONFIRMATION_OK"
1145,4017054188,4017054230,1,"IOTHUB_CLIENT_CONFIRMATION_OK"
1146,4017054388,4017054428,1,"IOTHUB_CLIENT_CONFIRMATION_OK"
1147,4017054588,4017054688,1,"IOTHUB_CLIENT_CONFIRMATION_OK"
1148,4017054789,4017054822,1,"IOTHUB_CLIENT_CONFIRMATION_OK"
1149,4017054989,4017055027,1,"IOTHUB_CLIENT_CONFIRMATION_OK"
1150,4017055189,4017055230,1,"IOTHUB_CLIENT_CONFIRMATION_OK"
1151,4017055389,4017055426,1,"IOTHUB_CLIENT_CONFIRMATION_OK"
1152,4017055589,4017055660,1,"IOTHUB_CLIENT_CONFIRMATION_OK"
1153,4017055789,4017055824,1,"IOTHUB_CLIENT_CONFIRMATION_OK"
1154,4017055989,4017056032,1,"IOTHUB_CLIENT_CONFIRMATION_OK"
1155,4017056190,4017056249,1,"IOTHUB_CLIENT_CONFIRMATION_OK"
1156,4017056390,4017056446,1,"IOTHUB_CLIENT_CONFIRMATION_OK"
1157,4017056590,4017056641,1,"IOTHUB_CLIENT_CONFIRMATION_OK"
1158,4017056790,4017056824,1,"IOTHUB_CLIENT_CONFIRMATION_OK"
1159,4017056990,4017057031,1,"IOTHUB_CLIENT_CONFIRMATION_OK"
1160,4017057190,4017057238,1,"IOTHUB_CLIENT_CONFIRMATION_OK"
1161,4017057391,4017057421,1,"IOTHUB_CLIENT_CONFIRMATION_OK"
1162,4017057591,4017057654,1,"IOTHUB_CLIENT_CONFIRMATION_OK"
1163,4017057791,4017057829,1,"IOTHUB_CLIENT_CONFIRMATION_OK"
1164,4017057991,4017058112,1,"IOTHUB_CLIENT_CONFIRMATION_OK"
1165,4017058191,4017058298,1,"IOTHUB_CLIENT_CONFIRMATION_OK"
1166,4017058391,4017058434,1,"IOTHUB_CLIENT_CONFIRMATION_OK"
1167,4017058592,4017058691,1,"IOTHUB_CLIENT_CONFIRMATION_OK"
1168,4017058792,4017058841,1,"IOTHUB_CLIENT_CONFIRMATION_OK"
1169,4017058992,4017059023,1,"IOTHUB_CLIENT_CONFIRMATION_OK"
1170,4017059192,4017059280,1,"IOTHUB_CLIENT_CONFIRMATION_OK"
1171,4017059392,4017059441,1,"IOTHUB_CLIENT_CONFIRMATION_OK"
1172,4017059592,4017059653,1,"IOTHUB_CLIENT_CONFIRMATION_OK"
1173,4017059792,4017059840,1,"IOTHUB_CLIENT_CONFIRMATION_OK"
1174,4017059993,4017060062,1,"IOTHUB_CLIENT_CONFIRMATION_OK"
1175,4017060193,4017060338,1,"IOTHUB_CLIENT_CONFIRMATION_OK"
1176,4017060393,4017060424,1,"IOTHUB_CLIENT_CONFIRMATION_OK"
1177,4017060593,4017060644,1,"IOTHUB_CLIENT_CONFIRMATION_OK"
1178,4017060793,4017060848,1,"IOTHUB_CLIENT_CONFIRMATION_OK"
1179,4017060993,4017061047,1,"IOTHUB_CLIENT_CONFIRMATION_OK"
1180,4017061193,4017061256,1,"IOTHUB_CLIENT_CONFIRMATION_OK"
1181,4017061394,4017061446,1,"IOTHUB_CLIENT_CONFIRMATION_OK"
1182,4017061594,4017061625,1,"IOTHUB_CLIENT_CONFIRMATION_OK"
1183,4017061794,4017061943,1,"IOTHUB_CLIENT_CONFIRMATION_OK"
1184,4017061994,4017062030,1,"IOTHUB_CLIENT_CONFIRMATION_OK"
1185,4017062194,4017062230,1,"IOTHUB_CLIENT_CONFIRMATION_OK"
1186,4017062394,4017062441,1,"IOTHUB_CLIENT_CONFIRMATION_OK"
1187,4017062595,4017062629,1,"IOTHUB_CLIENT_CONFIRMATION_OK"
1188,4017062795,4017062845,1,"IOTHUB_CLIENT_CONFIRMATION_OK"
1189,4017062995,4017063052,1,"IOTHUB_CLIENT_CONFIRMATION_OK"
1190,4017063195,4017063228,1,"IOTHUB_CLIENT_CONFIRMATION_OK"
1191,4017063395,4017063558,1,"IOTHUB_CLIENT_CONFIRMATION_OK"
1192,4017063595,4017063635,1,"IOTHUB_CLIENT_CONFIRMATION_OK"
1193,4017063795,4017063903,1,"IOTHUB_CLIENT_CONFIRMATION_OK"
1194,4017063996,4017064052,1,"IOTHUB_CLIENT_CONFIRMATION_OK"
1195,4017064196,4017064240,1,"IOTHUB_CLIENT_CONFIRMATION_OK"
1196,4017064396,4017064444,1,"IOTHUB_CLIENT_CONFIRMATION_OK"
1197,4017064596,4017064628,1,"IOTHUB_CLIENT_CONFIRMATION_OK"
1198,4017064796,4017064842,1,"IOTHUB_CLIENT_CONFIRMATION_OK"
1199,4017064996,4017065052,1,"IOTHUB_CLIENT_CONFIRMATION_OK"
1200,4017065197,4017065239,1,"IOTHUB_CLIENT_CONFIRMATION_OK"
1201,4017065397,4017065430,1,"IOTHUB_CLIENT_CONFIRMATION_OK"
1202,4017065597,4017065657,1,"IOTHUB_CLIENT_CONFIRMATION_OK"
1203,4017065797,4017065849,1,"IOTHUB_CLIENT_CONFIRMATION_OK"
1204,4017065997,4017066092,1,"IOTHUB_CLIENT_CONFIRMATION_OK"
1205,4017066197,4017066242,1,"IOTHUB_CLIENT_CONFIRMATION_OK"
1206,4017066398,4017066444,1,"IOTHUB_CLIENT_CONFIRMATION_OK"
1207,4017066598,4017066629,1,"IOTHUB_CLIENT_CONFIRMATION_OK"
1208,4017066798,4017066897,1,"IOTHUB_CLIENT_CONFIRMATION_OK"
1209,4017066998,4017067054,1,"IOTHUB_CLIENT_CONFIRMATION_OK"
1210,4017067198,4017067252,1,"IOTHUB_CLIENT_CONFIRMATION_OK"
1211,4017067398,4017067442,1,"IOTHUB_CLIENT_CONFIRMATION_OK"
1212,4017067598,4017067629,1,"IOTHUB_CLIENT_CONFIRMATION_OK"
1213,4017067799,4017067865,1,"IOTHUB_CLIENT_CONFIRMATION_OK"
1214,4017067999,4017068087,1,"IOTHUB_CLIENT_CONFIRMATION_OK"
1215,4017068199,4017068231,1,"IOTHUB_CLIENT_CONFIRMATION_OK"
1216,4017068399,4017068492,1,"IOTHUB_CLIENT_CONFIRMATION_OK"
1217,4017068599,4017068638,1,"IOTHUB_CLIENT_CONFIRMATION_OK"
1218,4017068799,4017068904,1,"IOTHUB_CLIENT_CONFIRMATION_OK"
1219,4017069000,4017069049,1,"IOTHUB_CLIENT_CONFIRMATION_OK"
1220,4017069200,4017069241,1,"IOTHUB_CLIENT_CONFIRMATION_OK"
1221,4017069400,4017069507,1,"IOTHUB_CLIENT_CONFIRMATION_OK"
1222,4017069600,4017069631,1,"IOTHUB_CLIENT_CONFIRMATION_OK"
1223,4017069800,4017069844,1,"IOTHUB_CLIENT_CONFIRMATION_OK"
1224,4017070000,4017070035,1,"IOTHUB_CLIENT_CONFIRMATION_OK"
1225,4017070201,4017070248,1,"IOTHUB_CLIENT_CONFIRMATION_OK"
1226,4017070401,4017070442,1,"IOTHUB_CLIENT_CONFIRMATION_OK"
1227,4017070601,4017070639,1,"IOTHUB_CLIENT_CONFIRMATION_OK"
1228,4017070801,4017070842,1,"IOTHUB_CLIENT_CONFIRMATION_OK"
1229,4017071001,4017071278,1,"IOTHUB_CLIENT_CONFIRMATION_OK"
1230,4017071202,4017071349,1,"IOTHUB_CLIENT_CONFIRMATION_OK"
1231,4017071402,4017071471,1,"IOTHUB_CLIENT_CONFIRMATION_OK"
1232,4017071602,4017071633,1,"IOTHUB_CLIENT_CONFIRMATION_OK"
1233,4017071802,4017071844,1,"IOTHUB_CLIENT_CONFIRMATION_OK"
1234,4017072002,4017072040,1,"IOTHUB_CLIENT_CONFIRMATION_OK"
1235,4017072202,4017072236,1,"IOTHUB_CLIENT_CONFIRMATION_OK"
1236,4017072403,4017072438,1,"IOTHUB_CLIENT_CONFIRMATION_OK"
1237,4017072603,4017072780,1,"IOTHUB_CLIENT_CONFIRMATION_OK"
1238,4017072803,4017072857,1,"IOTHUB_CLIENT_CONFIRMATION_OK"
1239,4017073003,4017073048,1,"IOTHUB_CLIENT_CONFIRMATION_OK"
1240,4017073203,4017073237,1,"IOTHUB_CLIENT_CONFIRMATION_OK"
1241,4017073403,4017073433,1,"IOTHUB_CLIENT_CONFIRMATION_OK"
1242,4017073604,4017073638,1,"IOTHUB_CLIENT_CONFIRMATION_OK"
1243,4017073804,4017073853,1,"IOTHUB_CLIENT_CONFIRMATION_OK"
1244,4017074004,4017074038,1,"IOTHUB_CLIENT_CONFIRMATION_OK"
1245,4017074204,4017074387,1,"IOTHUB_CLIENT_CONFIRMATION_OK"
1246,4017074404,4017074463,1,"IOTHUB_CLIENT_CONFIRMATION_OK"
1247,4017074604,4017074716,1,"IOTHUB_CLIENT_CONFIRMATION_OK"
1248,4017074804,4017074849,1,"IOTHUB_CLIENT_CONFIRMATION_OK"
1249,4017075005,4017075045,1,"IOTHUB_CLIENT_CONFIRMATION_OK"
1250,4017075205,4017075249,1,"IOTHUB_CLIENT_CONFIRMATION_OK"
1251,4017075405,4017075441,1,"IOTHUB_CLIENT_CONFIRMATION_OK"
1252,4017075605,4017075646,1,"IOTHUB_CLIENT_CONFIRMATION_OK"
1253,4017075805,4017075850,1,"IOTHUB_CLIENT_CONFIRMATION_OK"
1254,4017076005,4017076053,1,"IOTHUB_CLIENT_CONFIRMATION_OK"
1255,4017076206,4017076237,1,"IOTHUB_CLIENT_CONFIRMATION_OK"
1256,4017076406,4017076455,1,"IOTHUB_CLIENT_CONFIRMATION_OK"
1257,4017076606,4017076652,1,"IOTHUB_CLIENT_CONFIRMATION_OK"
1258,4017076806,4017076879,1,"IOTHUB_CLIENT_CONFIRMATION_OK"
1259,4017077006,4017077072,1,"IOTHUB_CLIENT_CONFIRMATION_OK"
1260,4017077206,4017077253,1,"IOTHUB_CLIENT_CONFIRMATION_OK"
1261,4017077407,4017077459,1,"IOTHUB_CLIENT_CONFIRMATION_OK"
1262,4017077607,4017077671,1,"IOTHUB_CLIENT_CONFIRMATION_OK"
1263,4017077807,4017077844,1,"IOTHUB_CLIENT_CONFIRMATION_OK"
1264,4017078007,4017078115,1,"IOTHUB_CLIENT_CONFIRMATION_OK"
1265,4017078207,4017078277,1,"IOTHUB_CLIENT_CONFIRMATION_OK"
1266,4017078407,4017078450,1,"IOTHUB_CLIENT_CONFIRMATION_OK"
1267,4017078607,4017078685,1,"IOTHUB_CLIENT_CONFIRMATION_OK"
1268,4017078808,4017078845,1,"IOTHUB_CLIENT_CONFIRMATION_OK"
1269,4017079008,4017079072,1,"IOTHUB_CLIENT_CONFIRMATION_OK"
1270,4017079208,4017079279,1,"IOTHUB_CLIENT_CONFIRMATION_OK"
1271,4017079408,4017079469,1,"IOTHUB_CLIENT_CONFIRMATION_OK"
1272,4017079608,4017079682,1,"IOTHUB_CLIENT_CONFIRMATION_OK"
1273,4017079808,4017079863,1,"IOTHUB_CLIENT_CONFIRMATION_OK"
1274,4017080009,4017080051,1,"IOTHUB_CLIENT_CONFIRMATION_OK"
1275,4017080209,4017080296,1,"IOTHUB_CLIENT_CONFIRMATION_OK"
1276,4017080409,4017080469,1,"IOTHUB_CLIENT_CONFIRMATION_OK"
1277,4017080609,4017080657,1,"IOTHUB_CLIENT_CONFIRMATION_OK"
1278,4017080809,4017080909,1,"IOTHUB_CLIENT_CONFIRMATION_OK"
1279,4017081009,4017081061,1,"IOTHUB_CLIENT_CONFIRMATION_OK"
1280,4017081209,4017081265,1,"IOTHUB_CLIENT_CONFIRMATION_OK"
1281,4017081410,4017081463,1,"IOTHUB_CLIENT_CONFIRMATION_OK"
1282,4017081610,4017081662,1,"IOTHUB_CLIENT_CONFIRMATION_OK"
1283,4017081810,4017081918,1,"IOTHUB_CLIENT_CONFIRMATION_OK"
1284,4017082010,4017082062,1,"IOTHUB_CLIENT_CONFIRMATION_OK"
1285,4017082210,4017082277,1,"IOTHUB_CLIENT_CONFIRMATION_OK"
1286,4017082410,4017082628,1,"IOTHUB_CLIENT_CONFIRMATION_OK"
1287,4017082610,4017082784,1,"IOTHUB_CLIENT_CONFIRMATION_OK"
1288,4017082811,4017082876,1,"IOTHUB_CLIENT_CONFIRMATION_OK"
1289,4017083011,4017083082,1,"IOTHUB_CLIENT_CONFIRMATION_OK"
1290,4017083211,4017083246,1,"IOTHUB_CLIENT_CONFIRMATION_OK"
1291,4017083411,4017083628,1,"IOTHUB_CLIENT_CONFIRMATION_OK"
1292,4017083611,4017083697,1,"IOTHUB_CLIENT_CONFIRMATION_OK"
1293,4017083811,4017083890,1,"IOTHUB_CLIENT_CONFIRMATION_OK"
1294,4017084012,4017084051,1,"IOTHUB_CLIENT_CONFIRMATION_OK"
1295,4017084212,4017084249,1,"IOTHUB_CLIENT_CONFIRMATION_OK"
1296,4017084412,4017084452,1,"IOTHUB_CLIENT_CONFIRMATION_OK"
1297,4017084612,4017084668,1,"IOTHUB_CLIENT_CONFIRMATION_OK"
1298,4017084812,4017084884,1,"IOTHUB_CLIENT_CONFIRMATION_OK"
1299,4017085012,4017085218,1,"IOTHUB_CLIENT_CONFIRMATION_OK"
1300,4017085213,4017085257,1,"IOTHUB_CLIENT_CONFIRMATION_OK"
1301,4017085413,4017085456,1,"IOTHUB_CLIENT_CONFIRMATION_OK"
1302,4017085613,4017085793,1,"IOTHUB_CLIENT_CONFIRMATION_OK"
1303,4017085813,4017085878,1,"IOTHUB_CLIENT_CONFIRMATION_OK"
1304,4017086013,4017086070,1,"IOTHUB_CLIENT_CONFIRMATION_OK"
1305,4017086213,4017086258,1,"IOTHUB_CLIENT_CONFIRMATION_OK"
1306,4017086413,4017086460,1,"IOTHUB_CLIENT_CONFIRMATION_OK"
1307,4017086614,4017086654,1,"IOTHUB_CLIENT_CONFIRMATION_OK"
1308,4017086814,4017086864,1,"IOTHUB_CLIENT_CONFIRMATION_OK"
1309,4017087014,4017087058,1,"IOTHUB_CLIENT_CONFIRMATION_OK"
1310,4017087214,4017087288,1,"IOTHUB_CLIENT_CONFIRMATION_OK"
1311,4017087414,4017087453,1,"IOTHUB_CLIENT_CONFIRMATION_OK"
1312,4017087614,4017087662,1,"IOTHUB_CLIENT_CONFIRMATION_OK"
1313,4017087815,4017087887,1,"IOTHUB_CLIENT_CONFIRMATION_OK"
1314,4017088015,4017088059,1,"IOTHUB_CLIENT_CONFIRMATION_OK"
1315,4017088215,4017088262,1,"IOTHUB_CLIENT_CONFIRMATION_OK"
1316,4017088415,4017088484,1,"IOTHUB_CLIENT_CONFIRMATION_OK"
1317,4017088615,4017088652,1,"IOTHUB_CLIENT_CONFIRMATION_OK"
1318,4017088815,4017088886,1,"IOTHUB_CLIENT_CONFIRMATION_OK"
1319,4017089015,4017089170,1,"IOTHUB_CLIENT_CONFIRMATION_OK"
1320,4017089216,4017089266,1,"IOTHUB_CLIENT_CONFIRMATION_OK"
1321,4017089416,4017089458,1,"IOTHUB_CLIENT_CONFIRMATION_OK"
1322,4017089616,4017089655,1,"IOTHUB_CLIENT_CONFIRMATION_OK"
1323,4017089816,4017089870,1,"IOTHUB_CLIENT_CONFIRMATION_OK"
1324,4017090016,4017090104,1,"IOTHUB_CLIENT_CONFIRMATION_OK"
1325,4017090216,4017090282,1,"IOTHUB_CLIENT_CONFIRMATION_OK"
1326,4017090417,4017090448,1,"IOTHUB_CLIENT_CONFIRMATION_OK"
1327,4017090617,4017090668,1,"IOTHUB_CLIENT_CONFIRMATION_OK"
1328,4017090817,4017090867,1,"IOTHUB_CLIENT_CONFIRMATION_OK"
1329,4017091017,4017091049,1,"IOTHUB_CLIENT_CONFIRMATION_OK"
1330,4017091217,4017091254,1,"IOTHUB_CLIENT_CONFIRMATION_OK"
1331,4017091417,4017091454,1,"IOTHUB_CLIENT_CONFIRMATION_OK"
1332,4017091618,4017091666,1,"IOTHUB_CLIENT_CONFIRMATION_OK"
1333,4017091818,4017091854,1,"IOTHUB_CLIENT_CONFIRMATION_OK"
1334,4017092018,4017092064,1,"IOTHUB_CLIENT_CONFIRMATION_OK"
1335,4017092218,4017092260,1,"IOTHUB_CLIENT_CONFIRMATION_OK"
1336,4017092418,4017092475,1,"IOTHUB_CLIENT_CONFIRMATION_OK"
1337,4017092618,4017092657,1,"IOTHUB_CLIENT_CONFIRMATION_OK"
1338,4017092819,4017092852,1,"IOTHUB_CLIENT_CONFIRMATION_OK"
1339,4017093019,4017093070,1,"IOTHUB_CLIENT_CONFIRMATION_OK"
1340,4017093219,4017093261,1,"IOTHUB_CLIENT_CONFIRMATION_OK"
1341,4017093419,4017093494,1,"IOTHUB_CLIENT_CONFIRMATION_OK"
1342,4017093619,4017093657,1,"IOTHUB_CLIENT_CONFIRMATION_OK"
1343,4017093819,4017093881,1,"IOTHUB_CLIENT_CONFIRMATION_OK"
1344,4017094020,4017094072,1,"IOTHUB_CLIENT_CONFIRMATION_OK"
1345,4017094220,4017094258,1,"IOTHUB_CLIENT_CONFIRMATION_OK"
1346,4017094420,4017094454,1,"IOTHUB_CLIENT_CONFIRMATION_OK"
1347,4017094620,4017094659,1,"IOTHUB_CLIENT_CONFIRMATION_OK"
1348,4017094820,4017094866,1,"IOTHUB_CLIENT_CONFIRMATION_OK"
1349,4017095020,4017095073,1,"IOTHUB_CLIENT_CONFIRMATION_OK"
1350,4017095220,4017095272,1,"IOTHUB_CLIENT_CONFIRMATION_OK"
1351,4017095421,4017095481,1,"IOTHUB_CLIENT_CONFIRMATION_OK"
1352,4017095621,4017095665,1,"IOTHUB_CLIENT_CONFIRMATION_OK"
1353,4017095821,4017095876,1,"IOTHUB_CLIENT_CONFIRMATION_OK"
1354,4017096021,4017096059,1,"IOTHUB_CLIENT_CONFIRMATION_OK"
1355,4017096221,4017096344,1,"IOTHUB_CLIENT_CONFIRMATION_OK"
1356,4017096421,4017096498,1,"IOTHUB_CLIENT_CONFIRMATION_OK"
1357,4017096622,4017096656,1,"IOTHUB_CLIENT_CONFIRMATION_OK"
1358,4017096822,4017096871,1,"IOTHUB_CLIENT_CONFIRMATION_OK"
1359,4017097022,4017097139,1,"IOTHUB_CLIENT_CONFIRMATION_OK"
1360,4017097222,4017097278,1,"IOTHUB_CLIENT_CONFIRMATION_OK"
1361,4017097422,4017097456,1,"IOTHUB_CLIENT_CONFIRMATION_OK"
1362,4017097622,4017097669,1,"IOTHUB_CLIENT_CONFIRMATION_OK"
1363,4017097822,4017097869,1,"IOTHUB_CLIENT_CONFIRMATION_OK"
1364,4017098023,4017098123,1,"IOTHUB_CLIENT_CONFIRMATION_OK"
1365,4017098223,4017098294,1,"IOTHUB_CLIENT_CONFIRMATION_OK"
1366,4017098423,4017098471,1,"IOTHUB_CLIENT_CONFIRMATION_OK"
1367,4017098623,4017098742,1,"IOTHUB_CLIENT_CONFIRMATION_OK"
1368,4017098823,4017098854,1,"IOTHUB_CLIENT_CONFIRMATION_OK"
1369,4017099023,4017099064,1,"IOTHUB_CLIENT_CONFIRMATION_OK"
1370,4017099223,4017099279,1,"IOTHUB_CLIENT_CONFIRMATION_OK"
1371,4017099424,4017099458,1,"IOTHUB_CLIENT_CONFIRMATION_OK"
1372,4017099624,4017099740,1,"IOTHUB_CLIENT_CONFIRMATION_OK"
1373,4017099824,4017099858,1,"IOTHUB_CLIENT_CONFIRMATION_OK"
1374,4017100024,4017100059,1,"IOTHUB_CLIENT_CONFIRMATION_OK"
1375,4017100224,4017100370,1,"IOTHUB_CLIENT_CONFIRMATION_OK"
1376,4017100424,4017100460,1,"IOTHUB_CLIENT_CONFIRMATION_OK"
1377,4017100625,4017100674,1,"IOTHUB_CLIENT_CONFIRMATION_OK"
1378,4017100825,4017100861,1,"IOTHUB_CLIENT_CONFIRMATION_OK"
1379,4017101025,4017101055,1,"IOTHUB_CLIENT_CONFIRMATION_OK"
1380,4017101225,4017101319,1,"IOTHUB_CLIENT_CONFIRMATION_OK"
1381,4017101425,4017101457,1,"IOTHUB_CLIENT_CONFIRMATION_OK"
1382,4017101625,4017101665,1,"IOTHUB_CLIENT_CONFIRMATION_OK"
1383,4017101825,4017102028,1,"IOTHUB_CLIENT_CONFIRMATION_OK"
1384,4017102026,4017102146,1,"IOTHUB_CLIENT_CONFIRMATION_OK"
1385,4017102226,4017102275,1,"IOTHUB_CLIENT_CONFIRMATION_OK"
1386,4017102426,4017102466,1,"IOTHUB_CLIENT_CONFIRMATION_OK"
1387,4017102626,4017102678,1,"IOTHUB_CLIENT_CONFIRMATION_OK"
1388,4017102826,4017102862,1,"IOTHUB_CLIENT_CONFIRMATION_OK"
1389,4017103026,4017103101,1,"IOTHUB_CLIENT_CONFIRMATION_OK"
1390,4017103227,4017103294,1,"IOTHUB_CLIENT_CONFIRMATION_OK"
1391,4017103427,4017103458,1,"IOTHUB_CLIENT_CONFIRMATION_OK"
1392,4017103627,4017103663,1,"IOTHUB_CLIENT_CONFIRMATION_OK"
1393,4017103827,4017103882,1,"IOTHUB_CLIENT_CONFIRMATION_OK"
1394,4017104027,4017104066,1,"IOTHUB_CLIENT_CONFIRMATION_OK"
1395,4017104227,4017104310,1,"IOTHUB_CLIENT_CONFIRMATION_OK"
1396,4017104428,4017104457,1,"IOTHUB_CLIENT_CONFIRMATION_OK"
1397,4017104628,4017104695,1,"IOTHUB_CLIENT_CONFIRMATION_OK"
1398,4017104828,4017104866,1,"IOTHUB_CLIENT_CONFIRMATION_OK"
1399,4017105028,4017105063,1,"IOTHUB_CLIENT_CONFIRMATION_OK"
1400,4017105228,4017105291,1,"IOTHUB_CLIENT_CONFIRMATION_OK"
1401,4017105428,4017105487,1,"IOTHUB_CLIENT_CONFIRMATION_OK"
1402,4017105628,4017105700,1,"IOTHUB_CLIENT_CONFIRMATION_OK"
1403,4017105829,4017105875,1,"IOTHUB_CLIENT_CONFIRMATION_OK"
1404,4017106029,4017106062,1,"IOTHUB_CLIENT_CONFIRMATION_OK"
1405,4017106229,4017106286,1,"IOTHUB_CLIENT_CONFIRMATION_OK"
1406,4017106429,4017106505,1,"IOTHUB_CLIENT_CONFIRMATION_OK"
1407,4017106629,4017106668,1,"IOTHUB_CLIENT_CONFIRMATION_OK"
1408,4017106829,4017106864,1,"IOTHUB_CLIENT_CONFIRMATION_OK"
1409,4017107030,4017107075,1,"IOTHUB_CLIENT_CONFIRMATION_OK"
1410,4017107230,4017107312,1,"IOTHUB_CLIENT_CONFIRMATION_OK"
1411,4017107430,4017107491,1,"IOTHUB_CLIENT_CONFIRMATION_OK"
1412,4017107630,4017107668,1,"IOTHUB_CLIENT_CONFIRMATION_OK"
1413,4017107830,4017107908,1,"IOTHUB_CLIENT_CONFIRMATION_OK"
1414,4017108030,4017108072,1,"IOTHUB_CLIENT_CONFIRMATION_OK"
1415,4017108230,4017108347,1,"IOTHUB_CLIENT_CONFIRMATION_OK"
1416,4017108431,4017108468,1,"IOTHUB_CLIENT_CONFIRMATION_OK"
1417,4017108631,4017108670,1,"IOTHUB_CLIENT_CONFIRMATION_OK"
1418,4017108831,4017109011,1,"IOTHUB_CLIENT_CONFIRMATION_OK"
1419,4017109031,4017109068,1,"IOTHUB_CLIENT_CONFIRMATION_OK"
1420,4017109231,4017109283,1,"IOTHUB_CLIENT_CONFIRMATION_OK"
1421,4017109431,4017109470,1,"IOTHUB_CLIENT_CONFIRMATION_OK"
1422,4017109632,4017109669,1,"IOTHUB_CLIENT_CONFIRMATION_OK"
1423,4017109832,4017109878,1,"IOTHUB_CLIENT_CONFIRMATION_OK"
1424,4017110032,4017110087,1,"IOTHUB_CLIENT_CONFIRMATION_OK"
1425,4017110232,4017110277,1,"IOTHUB_CLIENT_CONFIRMATION_OK"
1426,4017110432,4017110610,1,"IOTHUB_CLIENT_CONFIRMATION_OK"
1427,4017110632,4017110673,1,"IOTHUB_CLIENT_CONFIRMATION_OK"
1428,4017110832,4017110894,1,"IOTHUB_CLIENT_CONFIRMATION_OK"
1429,4017111033,4017111075,1,"IOTHUB_CLIENT_CONFIRMATION_OK"
1430,4017111233,4017111273,1,"IOTHUB_CLIENT_CONFIRMATION_OK"
1431,4017111433,4017111485,1,"IOTHUB_CLIENT_CONFIRMATION_OK"
1432,4017111633,4017111672,1,"IOTHUB_CLIENT_CONFIRMATION_OK"
1433,4017111833,4017111876,1,"IOTHUB_CLIENT_CONFIRMATION_OK"
1434,4017112033,4017112089,1,"IOTHUB_CLIENT_CONFIRMATION_OK"
1435,4017112234,4017112280,1,"IOTHUB_CLIENT_CONFIRMATION_OK"
1436,4017112434,4017112467,1,"IOTHUB_CLIENT_CONFIRMATION_OK"
1437,4017112634,4017112700,1,"IOTHUB_CLIENT_CONFIRMATION_OK"
1438,4017112834,4017112882,1,"IOTHUB_CLIENT_CONFIRMATION_OK"
1439,4017113034,4017113103,1,"IOTHUB_CLIENT_CONFIRMATION_OK"
1440,4017113234,4017113287,1,"IOTHUB_CLIENT_CONFIRMATION_OK"
1441,4017113434,4017113474,1,"IOTHUB_CLIENT_CONFIRMATION_OK"
1442,4017113635,4017113748,1,"IOTHUB_CLIENT_CONFIRMATION_OK"
1443,4017113835,4017113906,1,"IOTHUB_CLIENT_CONFIRMATION_OK"
1444,4017114035,4017114093,1,"IOTHUB_CLIENT_CONFIRMATION_OK"
1445,4017114235,4017114298,1,"IOTHUB_CLIENT_CONFIRMATION_OK"
1446,4017114435,4017114472,1,"IOTHUB_CLIENT_CONFIRMATION_OK"
1447,4017114635,4017114687,1,"IOTHUB_CLIENT_CONFIRMATION_OK"
1448,4017114836,4017115192,1,"IOTHUB_CLIENT_CONFIRMATION_OK"
1449,4017115036,4017115250,1,"IOTHUB_CLIENT_CONFIRMATION_OK"
1450,4017115236,4017115324,1,"IOTHUB_CLIENT_CONFIRMATION_OK"
1451,4017115436,4017115475,1,"IOTHUB_CLIENT_CONFIRMATION_OK"
1452,4017115636,4017115702,1,"IOTHUB_CLIENT_CONFIRMATION_OK"
1453,4017115836,4017115874,1,"IOTHUB_CLIENT_CONFIRMATION_OK"
1454,4017116037,4017116069,1,"IOTHUB_CLIENT_CONFIRMATION_OK"
1455,4017116237,4017116309,1,"IOTHUB_CLIENT_CONFIRMATION_OK"
1456,4017116437,4017116471,1,"IOTHUB_CLIENT_CONFIRMATION_OK"
1457,4017116637,4017116680,1,"IOTHUB_CLIENT_CONFIRMATION_OK"
1458,4017116837,4017116892,1,"IOTHUB_CLIENT_CONFIRMATION_OK"
1459,4017117037,4017117121,1,"IOTHUB_CLIENT_CONFIRMATION_OK"
1460,4017117237,4017117294,1,"IOTHUB_CLIENT_CONFIRMATION_OK"
1461,4017117438,4017117476,1,"IOTHUB_CLIENT_CONFIRMATION_OK"
1462,4017117638,4017117697,1,"IOTHUB_CLIENT_CONFIRMATION_OK"
1463,4017117838,4017117902,1,"IOTHUB_CLIENT_CONFIRMATION_OK"
1464,4017118038,4017118098,1,"IOTHUB_CLIENT_CONFIRMATION_OK"
1465,4017118238,4017118276,1,"IOTHUB_CLIENT_CONFIRMATION_OK"
1466,4017118438,4017118530,1,"IOTHUB_CLIENT_CONFIRMATION_OK"
1467,4017118639,4017118688,1,"IOTHUB_CLIENT_CONFIRMATION_OK"
1468,4017118839,4017118891,1,"IOTHUB_CLIENT_CONFIRMATION_OK"
1469,4017119039,4017119072,1,"IOTHUB_CLIENT_CONFIRMATION_OK"
1470,4017119239,4017119280,1,"IOTHUB_CLIENT_CONFIRMATION_OK"
1471,4017119439,4017119473,1,"IOTHUB_CLIENT_CONFIRMATION_OK"
1472,4017119639,4017119689,1,"IOTHUB_CLIENT_CONFIRMATION_OK"
1473,4017119839,4017119892,1,"IOTHUB_CLIENT_CONFIRMATION_OK"
1474,4017120040,4017120076,1,"IOTHUB_CLIENT_CONFIRMATION_OK"
1475,4017120240,4017120282,1,"IOTHUB_CLIENT_CONFIRMATION_OK"
1476,4017120440,4017120484,1,"IOTHUB_CLIENT_CONFIRMATION_OK"
1477,4017120640,4017120682,1,"IOTHUB_CLIENT_CONFIRMATION_OK"
1478,4017120840,4017120915,1,"IOTHUB_CLIENT_CONFIRMATION_OK"
1479,4017121040,4017121078,1,"IOTHUB_CLIENT_CONFIRMATION_OK"
1480,4017121240,4017121306,1,"IOTHUB_CLIENT_CONFIRMATION_OK"
1481,4017121441,4017121471,1,"IOTHUB_CLIENT_CONFIRMATION_OK"
1482,4017121641,4017121672,1,"IOTHUB_CLIENT_CONFIRMATION_OK"
1483,4017121841,4017121917,1,"IOTHUB_CLIENT_CONFIRMATION_OK"
1484,4017122041,4017122080,1,"IOTHUB_CLIENT_CONFIRMATION_OK"
1485,4017122241,4017122275,1,"IOTHUB_CLIENT_CONFIRMATION_OK"
1486,4017122441,4017122528,1,"IOTHUB_CLIENT_CONFIRMATION_OK"
1487,4017122642,4017122674,1,"IOTHUB_CLIENT_CONFIRMATION_OK"
1488,4017122842,4017122883,1,"IOTHUB_CLIENT_CONFIRMATION_OK"
1489,4017123042,4017123084,1,"IOTHUB_CLIENT_CONFIRMATION_OK"
1490,4017123242,4017123307,1,"IOTHUB_CLIENT_CONFIRMATION_OK"
1491,4017123442,4017123547,1,"IOTHUB_CLIENT_CONFIRMATION_OK"
1492,4017123642,4017123675,1,"IOTHUB_CLIENT_CONFIRMATION_OK"
1493,4017123842,4017123895,1,"IOTHUB_CLIENT_CONFIRMATION_OK"
1494,4017124043,4017124146,1,"IOTHUB_CLIENT_CONFIRMATION_OK"
1495,4017124243,4017124274,1,"IOTHUB_CLIENT_CONFIRMATION_OK"
1496,4017124443,4017124479,1,"IOTHUB_CLIENT_CONFIRMATION_OK"
1497,4017124643,4017124674,1,"IOTHUB_CLIENT_CONFIRMATION_OK"
1498,4017124843,4017124874,1,"IOTHUB_CLIENT_CONFIRMATION_OK"
1499,4017125043,4017125182,1,"IOTHUB_CLIENT_CONFIRMATION_OK"
1500,4017125243,4017125282,1,"IOTHUB_CLIENT_CONFIRMATION_OK"
1501,4017125444,4017125483,1,"IOTHUB_CLIENT_CONFIRMATION_OK"
1502,4017125644,4017125788,1,"IOTHUB_CLIENT_CONFIRMATION_OK"
1503,4017125844,4017125900,1,"IOTHUB_CLIENT_CONFIRMATION_OK"
1504,4017126044,4017126084,1,"IOTHUB_CLIENT_CONFIRMATION_OK"
1505,4017126244,4017126294,1,"IOTHUB_CLIENT_CONFIRMATION_OK"
1506,4017126444,4017126478,1,"IOTHUB_CLIENT_CONFIRMATION_OK"
1507,4017126645,4017126770,1,"IOTHUB_CLIENT_CONFIRMATION_OK"
1508,4017126845,4017126889,1,"IOTHUB_CLIENT_CONFIRMATION_OK"
1509,4017127045,4017127089,1,"IOTHUB_CLIENT_CONFIRMATION_OK"
1510,4017127245,4017127420,1,"IOTHUB_CLIENT_CONFIRMATION_OK"
1511,4017127445,4017127498,1,"IOTHUB_CLIENT_CONFIRMATION_OK"
1512,4017127645,4017127689,1,"IOTHUB_CLIENT_CONFIRMATION_OK"
1513,4017127846,4017127879,1,"IOTHUB_CLIENT_CONFIRMATION_OK"
1514,4017128046,4017128081,1,"IOTHUB_CLIENT_CONFIRMATION_OK"
1515,4017128246,4017128321,1,"IOTHUB_CLIENT_CONFIRMATION_OK"
1516,4017128446,4017128487,1,"IOTHUB_CLIENT_CONFIRMATION_OK"
1517,4017128646,4017128684,1,"IOTHUB_CLIENT_CONFIRMATION_OK"
1518,4017128846,4017129042,1,"IOTHUB_CLIENT_CONFIRMATION_OK"
1519,4017129046,4017129080,1,"IOTHUB_CLIENT_CONFIRMATION_OK"
1520,4017129247,4017129294,1,"IOTHUB_CLIENT_CONFIRMATION_OK"
1521,4017129447,4017129486,1,"IOTHUB_CLIENT_CONFIRMATION_OK"
1522,4017129647,4017129766,1,"IOTHUB_CLIENT_CONFIRMATION_OK"
1523,4017129847,4017129895,1,"IOTHUB_CLIENT_CONFIRMATION_OK"
1524,4017130047,4017130081,1,"IOTHUB_CLIENT_CONFIRMATION_OK"
1525,4017130247,4017130291,1,"IOTHUB_CLIENT_CONFIRMATION_OK"
1526,4017130448,4017130495,1,"IOTHUB_CLIENT_CONFIRMATION_OK"
1527,4017130648,4017130683,1,"IOTHUB_CLIENT_CONFIRMATION_OK"
1528,4017130848,4017130894,1,"IOTHUB_CLIENT_CONFIRMATION_OK"
1529,4017131048,4017131082,1,"IOTHUB_CLIENT_CONFIRMATION_OK"
1530,4017131248,4017131288,1,"IOTHUB_CLIENT_CONFIRMATION_OK"
1531,4017131448,4017131490,1,"IOTHUB_CLIENT_CONFIRMATION_OK"
1532,4017131648,4017131697,1,"IOTHUB_CLIENT_CONFIRMATION_OK"
1533,4017131849,4017131885,1,"IOTHUB_CLIENT_CONFIRMATION_OK"
1534,4017132049,4017132088,1,"IOTHUB_CLIENT_CONFIRMATION_OK"
1535,4017132249,4017132292,1,"IOTHUB_CLIENT_CONFIRMATION_OK"
1536,4017132449,4017132480,1,"IOTHUB_CLIENT_CONFIRMATION_OK"
1537,4017132649,4017132715,1,"IOTHUB_CLIENT_CONFIRMATION_OK"
1538,4017132849,4017132897,1,"IOTHUB_CLIENT_CONFIRMATION_OK"
1539,4017133050,4017133098,1,"IOTHUB_CLIENT_CONFIRMATION_OK"
1540,4017133250,4017133329,1,"IOTHUB_CLIENT_CONFIRMATION_OK"
1541,4017133450,4017133484,1,"IOTHUB_CLIENT_CONFIRMATION_OK"
1542,4017133650,4017133697,1,"IOTHUB_CLIENT_CONFIRMATION_OK"
1543,4017133850,4017133886,1,"IOTHUB_CLIENT_CONFIRMATION_OK"
1544,4017134050,4017134196,1,"IOTHUB_CLIENT_CONFIRMATION_OK"
1545,4017134250,4017134340,1,"IOTHUB_CLIENT_CONFIRMATION_OK"
1546,4017134451,4017134485,1,"IOTHUB_CLIENT_CONFIRMATION_OK"
1547,4017134651,4017134707,1,"IOTHUB_CLIENT_CONFIRMATION_OK"
1548,4017134851,4017134988,1,"IOTHUB_CLIENT_CONFIRMATION_OK"
1549,4017135051,4017135094,1,"IOTHUB_CLIENT_CONFIRMATION_OK"
1550,4017135251,4017135286,1,"IOTHUB_CLIENT_CONFIRMATION_OK"
1551,4017135451,4017135506,1,"IOTHUB_CLIENT_CONFIRMATION_OK"
1552,4017135652,4017135703,1,"IOTHUB_CLIENT_CONFIRMATION_OK"
1553,4017135852,4017135959,1,"IOTHUB_CLIENT_CONFIRMATION_OK"
1554,4017136052,4017136114,1,"IOTHUB_CLIENT_CONFIRMATION_OK"
1555,4017136252,4017136332,1,"IOTHUB_CLIENT_CONFIRMATION_OK"
1556,4017136452,4017136589,1,"IOTHUB_CLIENT_CONFIRMATION_OK"
1557,4017136652,4017136688,1,"IOTHUB_CLIENT_CONFIRMATION_OK"
1558,4017136853,4017136883,1,"IOTHUB_CLIENT_CONFIRMATION_OK"
1559,4017137053,4017137090,1,"IOTHUB_CLIENT_CONFIRMATION_OK"
1560,4017137253,4017137290,1,"IOTHUB_CLIENT_CONFIRMATION_OK"
1561,4017137453,4017137611,1,"IOTHUB_CLIENT_CONFIRMATION_OK"
1562,4017137653,4017137689,1,"IOTHUB_CLIENT_CONFIRMATION_OK"
1563,4017137853,4017137896,1,"IOTHUB_CLIENT_CONFIRMATION_OK"
1564,4017138054,4017138208,1,"IOTHUB_CLIENT_CONFIRMATION_OK"
1565,4017138254,4017138296,1,"IOTHUB_CLIENT_CONFIRMATION_OK"
1566,4017138454,4017138489,1,"IOTHUB_CLIENT_CONFIRMATION_OK"
1567,4017138654,4017138686,1,"IOTHUB_CLIENT_CONFIRMATION_OK"
1568,4017138854,4017138885,1,"IOTHUB_CLIENT_CONFIRMATION_OK"
1569,4017139054,4017139090,1,"IOTHUB_CLIENT_CONFIRMATION_OK"
1570,4017139255,4017139304,1,"IOTHUB_CLIENT_CONFIRMATION_OK"
1571,4017139455,4017139496,1,"IOTHUB_CLIENT_CONFIRMATION_OK"
1572,4017139655,4017139692,1,"IOTHUB_CLIENT_CONFIRMATION_OK"
1573,4017139855,4017139901,1,"IOTHUB_CLIENT_CONFIRMATION_OK"
1574,4017140055,4017140108,1,"IOTHUB_CLIENT_CONFIRMATION_OK"
1575,4017140255,4017140295,1,"IOTHUB_CLIENT_CONFIRMATION_OK"
1576,4017140455,4017140504,1,"IOTHUB_CLIENT_CONFIRMATION_OK"
1577,4017140656,4017140712,1,"IOTHUB_CLIENT_CONFIRMATION_OK"
1578,4017140856,4017140910,1,"IOTHUB_CLIENT_CONFIRMATION_OK"
1579,4017141056,4017141093,1,"IOTHUB_CLIENT_CONFIRMATION_OK"
1580,4017141256,4017141307,1,"IOTHUB_CLIENT_CONFIRMATION_OK"
1581,4017141456,4017141493,1,"IOTHUB_CLIENT_CONFIRMATION_OK"
1582,4017141656,4017141694,1,"IOTHUB_CLIENT_CONFIRMATION_OK"
1583,4017141857,4017141912,1,"IOTHUB_CLIENT_CONFIRMATION_OK"
1584,4017142057,4017142105,1,"IOTHUB_CLIENT_CONFIRMATION_OK"
1585,4017142257,4017142300,1,"IOTHUB_CLIENT_CONFIRMATION_OK"
1586,4017142457,4017142536,1,"IOTHUB_CLIENT_CONFIRMATION_OK"
1587,4017142657,4017142756,1,"IOTHUB_CLIENT_CONFIRMATION_OK"
1588,4017142857,4017142928,1,"IOTHUB_CLIENT_CONFIRMATION_OK"
1589,4017143057,4017143118,1,"IOTHUB_CLIENT_CONFIRMATION_OK"
1590,4017143258,4017143307,1,"IOTHUB_CLIENT_CONFIRMATION_OK"
1591,4017143458,4017143554,1,"IOTHUB_CLIENT_CONFIRMATION_OK"
1592,4017143658,4017143712,1,"IOTHUB_CLIENT_CONFIRMATION_OK"
1593,4017143858,4017143905,1,"IOTHUB_CLIENT_CONFIRMATION_OK"
1594,4017144058,4017144193,1,"IOTHUB_CLIENT_CONFIRMATION_OK"
1595,4017144258,4017144306,1,"IOTHUB_CLIENT_CONFIRMATION_OK"
1596,4017144459,4017144490,1,"IOTHUB_CLIENT_CONFIRMATION_OK"
1597,4017144659,4017144805,1,"IOTHUB_CLIENT_CONFIRMATION_OK"
1598,4017144859,4017144900,1,"IOTHUB_CLIENT_CONFIRMATION_OK"
1599,4017145059,4017145193,1,"IOTHUB_CLIENT_CONFIRMATION_OK"
1600,4017145259,4017145295,1,"IOTHUB_CLIENT_CONFIRMATION_OK"
1601,4017145459,4017145500,1,"IOTHUB_CLIENT_CONFIRMATION_OK"
1602,4017145660,4017145695,1,"IOTHUB_CLIENT_CONFIRMATION_OK"
1603,4017145860,4017146023,1,"IOTHUB_CLIENT_CONFIRMATION_OK"
1604,4017146060,4017146091,1,"IOTHUB_CLIENT_CONFIRMATION_OK"
1605,4017146260,4017146298,1,"IOTHUB_CLIENT_CONFIRMATION_OK"
1606,4017146460,4017146553,1,"IOTHUB_CLIENT_CONFIRMATION_OK"
1607,4017146660,4017146886,1,"IOTHUB_CLIENT_CONFIRMATION_OK"
1608,4017146861,4017146916,1,"IOTHUB_CLIENT_CONFIRMATION_OK"
1609,4017147061,4017147095,1,"IOTHUB_CLIENT_CONFIRMATION_OK"
1610,4017147261,4017147300,1,"IOTHUB_CLIENT_CONFIRMATION_OK"
1611,4017147461,4017147561,1,"IOTHUB_CLIENT_CONFIRMATION_OK"
1612,4017147661,4017147716,1,"IOTHUB_CLIENT_CONFIRMATION_OK"
1613,4017147861,4017147915,1,"IOTHUB_CLIENT_CONFIRMATION_OK"
1614,4017148061,4017148103,1,"IOTHUB_CLIENT_CONFIRMATION_OK"
1615,4017148262,4017148296,1,"IOTHUB_CLIENT_CONFIRMATION_OK"
1616,4017148462,4017148506,1,"IOTHUB_CLIENT_CONFIRMATION_OK"
1617,4017148662,4017148712,1,"IOTHUB_CLIENT_CONFIRMATION_OK"
1618,4017148862,4017148955,1,"IOTHUB_CLIENT_CONFIRMATION_OK"
1619,4017149062,4017149109,1,"IOTHUB_CLIENT_CONFIRMATION_OK"
1620,4017149262,4017149422,1,"IOTHUB_CLIENT_CONFIRMATION_OK"
1621,4017149463,4017149632,1,"IOTHUB_CLIENT_CONFIRMATION_OK"
1622,4017149663,4017149713,1,"IOTHUB_CLIENT_CONFIRMATION_OK"
1623,4017149863,4017149894,1,"IOTHUB_CLIENT_CONFIRMATION_OK"
1624,4017150063,4017150123,1,"IOTHUB_CLIENT_CONFIRMATION_OK"
1625,4017150263,4017150301,1,"IOTHUB_CLIENT_CONFIRMATION_OK"
1626,4017150463,4017150633,1,"IOTHUB_CLIENT_CONFIRMATION_OK"
1627,4017150663,4017150706,1,"IOTHUB_CLIENT_CONFIRMATION_OK"
1628,4017150864,4017150896,1,"IOTHUB_CLIENT_CONFIRMATION_OK"
1629,4017151064,4017151105,1,"IOTHUB_CLIENT_CONFIRMATION_OK"
1630,4017151264,4017151295,1,"IOTHUB_CLIENT_CONFIRMATION_OK"
1631,4017151464,4017151500,1,"IOTHUB_CLIENT_CONFIRMATION_OK"
1632,4017151664,4017151704,1,"IOTHUB_CLIENT_CONFIRMATION_OK"
1633,4017151864,4017151896,1,"IOTHUB_CLIENT_CONFIRMATION_OK"
1634,4017152065,4017152255,1,"IOTHUB_CLIENT_CONFIRMATION_OK"
1635,4017152265,4017152308,1,"IOTHUB_CLIENT_CONFIRMATION_OK"
1636,4017152465,4017152509,1,"IOTHUB_CLIENT_CONFIRMATION_OK"
1637,4017152665,4017152698,1,"IOTHUB_CLIENT_CONFIRMATION_OK"
1638,4017152865,4017152898,1,"IOTHUB_CLIENT_CONFIRMATION_OK"
1639,4017153065,4017153120,1,"IOTHUB_CLIENT_CONFIRMATION_OK"
1640,4017153265,4017153339,1,"IOTHUB_CLIENT_CONFIRMATION_OK"
1641,4017153466,4017153498,1,"IOTHUB_CLIENT_CONFIRMATION_OK"
1642,4017153666,4017153695,1,"IOTHUB_CLIENT_CONFIRMATION_OK"
1643,4017153866,4017153953,1,"IOTHUB_CLIENT_CONFIRMATION_OK"
1644,4017154066,4017154120,1,"IOTHUB_CLIENT_CONFIRMATION_OK"
1645,4017154266,4017154319,1,"IOTHUB_CLIENT_CONFIRMATION_OK"
1646,4017154466,4017154499,1,"IOTHUB_CLIENT_CONFIRMATION_OK"
1647,4017154667,4017154711,1,"IOTHUB_CLIENT_CONFIRMATION_OK"
1648,4017154867,4017154916,1,"IOTHUB_CLIENT_CONFIRMATION_OK"
1649,4017155067,4017155219,1,"IOTHUB_CLIENT_CONFIRMATION_OK"
1650,4017155267,4017155316,1,"IOTHUB_CLIENT_CONFIRMATION_OK"
1651,4017155467,4017155544,1,"IOTHUB_CLIENT_CONFIRMATION_OK"
1652,4017155667,4017155700,1,"IOTHUB_CLIENT_CONFIRMATION_OK"
1653,4017155868,4017155915,1,"IOTHUB_CLIENT_CONFIRMATION_OK"
1654,4017156068,4017156107,1,"IOTHUB_CLIENT_CONFIRMATION_OK"
1655,4017156268,4017156319,1,"IOTHUB_CLIENT_CONFIRMATION_OK"
1656,4017156468,4017156525,1,"IOTHUB_CLIENT_CONFIRMATION_OK"
1657,4017156668,4017156719,1,"IOTHUB_CLIENT_CONFIRMATION_OK"
1658,4017156868,4017156944,1,"IOTHUB_CLIENT_CONFIRMATION_OK"
1659,4017157069,4017157165,1,"IOTHUB_CLIENT_CONFIRMATION_OK"
1660,4017157269,4017157308,1,"IOTHUB_CLIENT_CONFIRMATION_OK"
1661,4017157469,4017157519,1,"IOTHUB_CLIENT_CONFIRMATION_OK"
1662,4017157669,4017157705,1,"IOTHUB_CLIENT_CONFIRMATION_OK"
1663,4017157869,4017157909,1,"IOTHUB_CLIENT_CONFIRMATION_OK"
1664,4017158069,4017158169,1,"IOTHUB_CLIENT_CONFIRMATION_OK"
1665,4017158269,4017158323,1,"IOTHUB_CLIENT_CONFIRMATION_OK"
1666,4017158470,4017158512,1,"IOTHUB_CLIENT_CONFIRMATION_OK"
1667,4017158670,4017158774,1,"IOTHUB_CLIENT_CONFIRMATION_OK"
1668,4017158870,4017158918,1,"IOTHUB_CLIENT_CONFIRMATION_OK"
1669,4017159070,4017159110,1,"IOTHUB_CLIENT_CONFIRMATION_OK"
1670,4017159270,4017159317,1,"IOTHUB_CLIENT_CONFIRMATION_OK"
1671,4017159470,4017159510,1,"IOTHUB_CLIENT_CONFIRMATION_OK"
1672,4017159671,4017159789,1,"IOTHUB_CLIENT_CONFIRMATION_OK"
1673,4017159871,4017159907,1,"IOTHUB_CLIENT_CONFIRMATION_OK"
1674,4017160071,4017160105,1,"IOTHUB_CLIENT_CONFIRMATION_OK"
1675,4017160271,4017160317,1,"IOTHUB_CLIENT_CONFIRMATION_OK"
1676,4017160471,4017160566,1,"IOTHUB_CLIENT_CONFIRMATION_OK"
1677,4017160671,4017160709,1,"IOTHUB_CLIENT_CONFIRMATION_OK"
1678,4017160871,4017160914,1,"IOTHUB_CLIENT_CONFIRMATION_OK"
1679,4017161072,4017161105,1,"IOTHUB_CLIENT_CONFIRMATION_OK"
1680,4017161272,4017161444,1,"IOTHUB_CLIENT_CONFIRMATION_OK"
1681,4017161472,4017161516,1,"IOTHUB_CLIENT_CONFIRMATION_OK"
1682,4017161672,4017161712,1,"IOTHUB_CLIENT_CONFIRMATION_OK"
1683,4017161872,4017161908,1,"IOTHUB_CLIENT_CONFIRMATION_OK"
1684,4017162072,4017162114,1,"IOTHUB_CLIENT_CONFIRMATION_OK"
1685,4017162273,4017162315,1,"IOTHUB_CLIENT_CONFIRMATION_OK"
1686,4017162473,4017162574,1,"IOTHUB_CLIENT_CONFIRMATION_OK"
1687,4017162673,4017162720,1,"IOTHUB_CLIENT_CONFIRMATION_OK"
1688,4017162873,4017163051,1,"IOTHUB_CLIENT_CONFIRMATION_OK"
1689,4017163073,4017163251,1,"IOTHUB_CLIENT_CONFIRMATION_OK"
1690,4017163273,4017163338,1,"IOTHUB_CLIENT_CONFIRMATION_OK"
1691,4017163474,4017163535,1,"IOTHUB_CLIENT_CONFIRMATION_OK"
1692,4017163674,4017163704,1,"IOTHUB_CLIENT_CONFIRMATION_OK"
1693,4017163874,4017163905,1,"IOTHUB_CLIENT_CONFIRMATION_OK"
1694,4017164074,4017164130,1,"IOTHUB_CLIENT_CONFIRMATION_OK"
1695,4017164274,4017164313,1,"IOTHUB_CLIENT_CONFIRMATION_OK"
1696,4017164474,4017164520,1,"IOTHUB_CLIENT_CONFIRMATION_OK"
1697,4017164674,4017164739,1,"IOTHUB_CLIENT_CONFIRMATION_OK"
1698,4017164875,4017164947,1,"IOTHUB_CLIENT_CONFIRMATION_OK"
1699,4017165075,4017165130,1,"IOTHUB_CLIENT_CONFIRMATION_OK"
1700,4017165275,4017165341,1,"IOTHUB_CLIENT_CONFIRMATION_OK"
1701,4017165475,4017165511,1,"IOTHUB_CLIENT_CONFIRMATION_OK"
1702,4017165675,4017165717,1,"IOTHUB_CLIENT_CONFIRMATION_OK"
1703,4017165875,4017165920,1,"IOTHUB_CLIENT_CONFIRMATION_OK"
1704,4017166076,4017166111,1,"IOTHUB_CLIENT_CONFIRMATION_OK"
1705,4017166276,4017166332,1,"IOTHUB_CLIENT_CONFIRMATION_OK"
1706,4017166476,4017166510,1,"IOTHUB_CLIENT_CONFIRMATION_OK"
1707,4017166676,4017166727,1,"IOTHUB_CLIENT_CONFIRMATION_OK"
1708,4017166876,4017166933,1,"IOTHUB_CLIENT_CONFIRMATION_OK"
1709,4017167076,4017167110,1,"IOTHUB_CLIENT_CONFIRMATION_OK"
1710,4017167277,4017167330,1,"IOTHUB_CLIENT_CONFIRMATION_OK"
1711,4017167477,4017167508,1,"IOTHUB_CLIENT_CONFIRMATION_OK"
1712,4017167677,4017167726,1,"IOTHUB_CLIENT_CONFIRMATION_OK"
1713,4017167877,4017167989,1,"IOTHUB_CLIENT_CONFIRMATION_OK"
1714,4017168077,4017168117,1,"IOTHUB_CLIENT_CONFIRMATION_OK"
1715,4017168277,4017168353,1,"IOTHUB_CLIENT_CONFIRMATION_OK"
1716,4017168478,4017168527,1,"IOTHUB_CLIENT_CONFIRMATION_OK"
1717,4017168678,4017168724,1,"IOTHUB_CLIENT_CONFIRMATION_OK"
1718,4017168878,4017168965,1,"IOTHUB_CLIENT_CONFIRMATION_OK"
1719,4017169078,4017169126,1,"IOTHUB_CLIENT_CONFIRMATION_OK"
1720,4017169278,4017169312,1,"IOTHUB_CLIENT_CONFIRMATION_OK"
1721,4017169478,4017169630,1,"IOTHUB_CLIENT_CONFIRMATION_OK"
1722,4017169678,4017169712,1,"IOTHUB_CLIENT_CONFIRMATION_OK"
1723,4017169879,4017169918,1,"IOTHUB_CLIENT_CONFIRMATION_OK"
1724,4017170079,4017170129,1,"IOTHUB_CLIENT_CONFIRMATION_OK"
1725,4017170279,4017170324,1,"IOTHUB_CLIENT_CONFIRMATION_OK"
1726,4017170479,4017170629,1,"IOTHUB_CLIENT_CONFIRMATION_OK"
1727,4017170679,4017170727,1,"IOTHUB_CLIENT_CONFIRMATION_OK"
1728,4017170879,4017170919,1,"IOTHUB_CLIENT_CONFIRMATION_OK"
1729,4017171080,4017171143,1,"IOTHUB_CLIENT_CONFIRMATION_OK"
1730,4017171280,4017171336,1,"IOTHUB_CLIENT_CONFIRMATION_OK"
1731,4017171480,4017171578,1,"IOTHUB_CLIENT_CONFIRMATION_OK"
1732,4017171680,4017171740,1,"IOTHUB_CLIENT_CONFIRMATION_OK"
1733,4017171880,4017171920,1,"IOTHUB_CLIENT_CONFIRMATION_OK"
1734,4017172080,4017172327,1,"IOTHUB_CLIENT_CONFIRMATION_OK"
1735,4017172281,4017172347,1,"IOTHUB_CLIENT_CONFIRMATION_OK"
1736,4017172481,4017172520,1,"IOTHUB_CLIENT_CONFIRMATION_OK"
1737,4017172681,4017172719,1,"IOTHUB_CLIENT_CONFIRMATION_OK"
1738,4017172881,4017172924,1,"IOTHUB_CLIENT_CONFIRMATION_OK"
1739,4017173081,4017173145,1,"IOTHUB_CLIENT_CONFIRMATION_OK"
1740,4017173281,4017173398,1,"IOTHUB_CLIENT_CONFIRMATION_OK"
1741,4017173481,4017173521,1,"IOTHUB_CLIENT_CONFIRMATION_OK"
1742,4017173682,4017173771,1,"IOTHUB_CLIENT_CONFIRMATION_OK"
1743,4017173882,4017173917,1,"IOTHUB_CLIENT_CONFIRMATION_OK"
1744,4017174082,4017174118,1,"IOTHUB_CLIENT_CONFIRMATION_OK"
1745,4017174282,4017174427,1,"IOTHUB_CLIENT_CONFIRMATION_OK"
1746,4017174482,4017174519,1,"IOTHUB_CLIENT_CONFIRMATION_OK"
1747,4017174682,4017174715,1,"IOTHUB_CLIENT_CONFIRMATION_OK"
1748,4017174883,4017174933,1,"IOTHUB_CLIENT_CONFIRMATION_OK"
1749,4017175083,4017175145,1,"IOTHUB_CLIENT_CONFIRMATION_OK"
1750,4017175283,4017175347,1,"IOTHUB_CLIENT_CONFIRMATION_OK"
1751,4017175483,4017175519,1,"IOTHUB_CLIENT_CONFIRMATION_OK"
1752,4017175683,4017175729,1,"IOTHUB_CLIENT_CONFIRMATION_OK"
1753,4017175883,4017176054,1,"IOTHUB_CLIENT_CONFIRMATION_OK"
1754,4017176083,4017176115,1,"IOTHUB_CLIENT_CONFIRMATION_OK"
1755,4017176284,4017176330,1,"IOTHUB_CLIENT_CONFIRMATION_OK"
1756,4017176484,4017176521,1,"IOTHUB_CLIENT_CONFIRMATION_OK"
1757,4017176684,4017176723,1,"IOTHUB_CLIENT_CONFIRMATION_OK"
1758,4017176884,4017176923,1,"IOTHUB_CLIENT_CONFIRMATION_OK"
1759,4017177084,4017177120,1,"IOTHUB_CLIENT_CONFIRMATION_OK"
1760,4017177284,4017177325,1,"IOTHUB_CLIENT_CONFIRMATION_OK"
1761,4017177485,4017177696,1,"IOTHUB_CLIENT_CONFIRMATION_OK"
1762,4017177685,4017177722,1,"IOTHUB_CLIENT_CONFIRMATION_OK"
1763,4017177885,4017177946,1,"IOTHUB_CLIENT_CONFIRMATION_OK"
1764,4017178085,4017178142,1,"IOTHUB_CLIENT_CONFIRMATION_OK"
1765,4017178285,4017178386,1,"IOTHUB_CLIENT_CONFIRMATION_OK"
1766,4017178485,4017178517,1,"IOTHUB_CLIENT_CONFIRMATION_OK"
1767,4017178685,4017178734,1,"IOTHUB_CLIENT_CONFIRMATION_OK"
1768,4017178886,4017178925,1,"IOTHUB_CLIENT_CONFIRMATION_OK"
1769,4017179086,4017179119,1,"IOTHUB_CLIENT_CONFIRMATION_OK"
1770,4017179286,4017179332,1,"IOTHUB_CLIENT_CONFIRMATION_OK"
1771,4017179486,4017179522,1,"IOTHUB_CLIENT_CONFIRMATION_OK"
1772,4017179686,4017179729,1,"IOTHUB_CLIENT_CONFIRMATION_OK"
1773,4017179886,4017179929,1,"IOTHUB_CLIENT_CONFIRMATION_OK"
1774,4017180086,4017180118,1,"IOTHUB_CLIENT_CONFIRMATION_OK"
1775,4017180287,4017180322,1,"IOTHUB_CLIENT_CONFIRMATION_OK"
1776,4017180487,4017180528,1,"IOTHUB_CLIENT_CONFIRMATION_OK"
1777,4017180687,4017180732,1,"IOTHUB_CLIENT_CONFIRMATION_OK"
1778,4017180887,4017180945,1,"IOTHUB_CLIENT_CONFIRMATION_OK"
1779,4017181087,4017181157,1,"IOTHUB_CLIENT_CONFIRMATION_OK"
1780,4017181287,4017181334,1,"IOTHUB_CLIENT_CONFIRMATION_OK"
1781,4017181488,4017181533,1,"IOTHUB_CLIENT_CONFIRMATION_OK"
1782,4017181688,4017181727,1,"IOTHUB_CLIENT_CONFIRMATION_OK"
1783,4017181888,4017181974,1,"IOTHUB_CLIENT_CONFIRMATION_OK"
1784,4017182088,4017182133,1,"IOTHUB_CLIENT_CONFIRMATION_OK"
1785,4017182288,4017182343,1,"IOTHUB_CLIENT_CONFIRMATION_OK"
1786,4017182488,4017182592,1,"IOTHUB_CLIENT_CONFIRMATION_OK"
1787,4017182688,4017182738,1,"IOTHUB_CLIENT_CONFIRMATION_OK"
1788,4017182889,4017183024,1,"IOTHUB_CLIENT_CONFIRMATION_OK"
1789,4017183089,4017183216,1,"IOTHUB_CLIENT_CONFIRMATION_OK"
1790,4017183289,4017183338,1,"IOTHUB_CLIENT_CONFIRMATION_OK"
1791,4017183489,4017183625,1,"IOTHUB_CLIENT_CONFIRMATION_OK"
1792,4017183689,4017183737,1,"IOTHUB_CLIENT_CONFIRMATION_OK"
1793,4017183889,4017183931,1,"IOTHUB_CLIENT_CONFIRMATION_OK"
1794,4017184090,4017184126,1,"IOTHUB_CLIENT_CONFIRMATION_OK"
1795,4017184290,4017184397,1,"IOTHUB_CLIENT_CONFIRMATION_OK"
1796,4017184490,4017184530,1,"IOTHUB_CLIENT_CONFIRMATION_OK"
1797,4017184690,4017184762,1,"IOTHUB_CLIENT_CONFIRMATION_OK"
1798,4017184890,4017184932,1,"IOTHUB_CLIENT_CONFIRMATION_OK"
1799,4017185090,4017185126,1,"IOTHUB_CLIENT_CONFIRMATION_OK"
1800,4017185290,4017185335,1,"IOTHUB_CLIENT_CONFIRMATION_OK"
1801,4017185491,4017185525,1,"IOTHUB_CLIENT_CONFIRMATION_OK"
1802,4017185691,4017185762,1,"IOTHUB_CLIENT_CONFIRMATION_OK"
1803,4017185891,4017185921,1,"IOTHUB_CLIENT_CONFIRMATION_OK"
1804,4017186091,4017186134,1,"IOTHUB_CLIENT_CONFIRMATION_OK"
1805,4017186291,4017186342,1,"IOTHUB_CLIENT_CONFIRMATION_OK"
1806,4017186491,4017186535,1,"IOTHUB_CLIENT_CONFIRMATION_OK"
1807,4017186692,4017186771,1,"IOTHUB_CLIENT_CONFIRMATION_OK"
1808,4017186892,4017186959,1,"IOTHUB_CLIENT_CONFIRMATION_OK"
1809,4017187092,4017187137,1,"IOTHUB_CLIENT_CONFIRMATION_OK"
1810,4017187292,4017187387,1,"IOTHUB_CLIENT_CONFIRMATION_OK"
1811,4017187492,4017187525,1,"IOTHUB_CLIENT_CONFIRMATION_OK"
1812,4017187692,4017187746,1,"IOTHUB_CLIENT_CONFIRMATION_OK"
1813,4017187892,4017187999,1,"IOTHUB_CLIENT_CONFIRMATION_OK"
1814,4017188093,4017188135,1,"IOTHUB_CLIENT_CONFIRMATION_OK"
1815,4017188293,4017188338,1,"IOTHUB_CLIENT_CONFIRMATION_OK"
1816,4017188493,4017188537,1,"IOTHUB_CLIENT_CONFIRMATION_OK"
1817,4017188693,4017188730,1,"IOTHUB_CLIENT_CONFIRMATION_OK"
1818,4017188893,4017189072,1,"IOTHUB_CLIENT_CONFIRMATION_OK"
1819,4017189093,4017189143,1,"IOTHUB_CLIENT_CONFIRMATION_OK"
1820,4017189294,4017189333,1,"IOTHUB_CLIENT_CONFIRMATION_OK"
1821,4017189494,4017189526,1,"IOTHUB_CLIENT_CONFIRMATION_OK"
1822,4017189694,4017189734,1,"IOTHUB_CLIENT_CONFIRMATION_OK"
1823,4017189894,4017189936,1,"IOTHUB_CLIENT_CONFIRMATION_OK"
1824,4017190094,4017190164,1,"IOTHUB_CLIENT_CONFIRMATION_OK"
1825,4017190294,4017190365,1,"IOTHUB_CLIENT_CONFIRMATION_OK"
1826,4017190494,4017190529,1,"IOTHUB_CLIENT_CONFIRMATION_OK"
1827,4017190695,4017190728,1,"IOTHUB_CLIENT_CONFIRMATION_OK"
1828,4017190895,4017190929,1,"IOTHUB_CLIENT_CONFIRMATION_OK"
1829,4017191095,4017191139,1,"IOTHUB_CLIENT_CONFIRMATION_OK"
1830,4017191295,4017191334,1,"IOTHUB_CLIENT_CONFIRMATION_OK"
1831,4017191495,4017191543,1,"IOTHUB_CLIENT_CONFIRMATION_OK"
1832,4017191695,4017191739,1,"IOTHUB_CLIENT_CONFIRMATION_OK"
1833,4017191896,4017191928,1,"IOTHUB_CLIENT_CONFIRMATION_OK"
1834,4017192096,4017192135,1,"IOTHUB_CLIENT_CONFIRMATION_OK"
1835,4017192296,4017192329,1,"IOTHUB_CLIENT_CONFIRMATION_OK"
1836,4017192496,4017192545,1,"IOTHUB_CLIENT_CONFIRMATION_OK"
1837,4017192696,4017192790,1,"IOTHUB_CLIENT_CONFIRMATION_OK"
1838,4017192896,4017192955,1,"IOTHUB_CLIENT_CONFIRMATION_OK"
1839,4017193097,4017193138,1,"IOTHUB_CLIENT_CONFIRMATION_OK"
1840,4017193297,4017193381,1,"IOTHUB_CLIENT_CONFIRMATION_OK"
1841,4017193497,4017193570,1,"IOTHUB_CLIENT_CONFIRMATION_OK"
1842,4017193697,4017193783,1,"IOTHUB_CLIENT_CONFIRMATION_OK"
1843,4017193897,4017193931,1,"IOTHUB_CLIENT_CONFIRMATION_OK"
1844,4017194097,4017194155,1,"IOTHUB_CLIENT_CONFIRMATION_OK"
1845,4017194297,4017194388,1,"IOTHUB_CLIENT_CONFIRMATION_OK"
1846,4017194498,4017194554,1,"IOTHUB_CLIENT_CONFIRMATION_OK"
1847,4017194698,4017194737,1,"IOTHUB_CLIENT_CONFIRMATION_OK"
1848,4017194898,4017195002,1,"IOTHUB_CLIENT_CONFIRMATION_OK"
1849,4017195098,4017195151,1,"IOTHUB_CLIENT_CONFIRMATION_OK"
1850,4017195298,4017195329,1,"IOTHUB_CLIENT_CONFIRMATION_OK"
1851,4017195498,4017195542,1,"IOTHUB_CLIENT_CONFIRMATION_OK"
1852,4017195699,4017195759,1,"IOTHUB_CLIENT_CONFIRMATION_OK"
1853,4017195899,4017196072,1,"IOTHUB_CLIENT_CONFIRMATION_OK"
1854,4017196099,4017196138,1,"IOTHUB_CLIENT_CONFIRMATION_OK"
1855,4017196299,4017196331,1,"IOTHUB_CLIENT_CONFIRMATION_OK"
1856,4017196499,4017196568,1,"IOTHUB_CLIENT_CONFIRMATION_OK"
1857,4017196699,4017196738,1,"IOTHUB_CLIENT_CONFIRMATION_OK"
1858,4017196899,4017196938,1,"IOTHUB_CLIENT_CONFIRMATION_OK"
1859,4017197100,4017197138,1,"IOTHUB_CLIENT_CONFIRMATION_OK"
1860,4017197300,4017197362,1,"IOTHUB_CLIENT_CONFIRMATION_OK"
1861,4017197500,4017197681,1,"IOTHUB_CLIENT_CONFIRMATION_OK"
1862,4017197700,4017197751,1,"IOTHUB_CLIENT_CONFIRMATION_OK"
1863,4017197900,4017197934,1,"IOTHUB_CLIENT_CONFIRMATION_OK"
1864,4017198100,4017198146,1,"IOTHUB_CLIENT_CONFIRMATION_OK"
1865,4017198301,4017198397,1,"IOTHUB_CLIENT_CONFIRMATION_OK"
1866,4017198501,4017198534,1,"IOTHUB_CLIENT_CONFIRMATION_OK"
1867,4017198701,4017198734,1,"IOTHUB_CLIENT_CONFIRMATION_OK"
1868,4017198901,4017198938,1,"IOTHUB_CLIENT_CONFIRMATION_OK"
1869,4017199101,4017199301,1,"IOTHUB_CLIENT_CONFIRMATION_OK"
1870,4017199301,4017199350,1,"IOTHUB_CLIENT_CONFIRMATION_OK"
1871,4017199501,4017199558,1,"IOTHUB_CLIENT_CONFIRMATION_OK"
1872,4017199702,4017199735,1,"IOTHUB_CLIENT_CONFIRMATION_OK"
1873,4017199902,4017199934,1,"IOTHUB_CLIENT_CONFIRMATION_OK"
1874,4017200102,4017200137,1,"IOTHUB_CLIENT_CONFIRMATION_OK"
1875,4017200302,4017200811,1,"IOTHUB_CLIENT_CONFIRMATION_OK"
1876,4017200502,4017200934,1,"IOTHUB_CLIENT_CONFIRMATION_OK"
1877,4017200702,4017201035,1,"IOTHUB_CLIENT_CONFIRMATION_OK"
1878,4017200903,4017201109,1,"IOTHUB_CLIENT_CONFIRMATION_OK"
1879,4017201103,4017201162,1,"IOTHUB_CLIENT_CONFIRMATION_OK"
1880,4017201303,4017201407,1,"IOTHUB_CLIENT_CONFIRMATION_OK"
1881,4017201503,4017201535,1,"IOTHUB_CLIENT_CONFIRMATION_OK"
1882,4017201703,4017201745,1,"IOTHUB_CLIENT_CONFIRMATION_OK"
1883,4017201903,4017202023,1,"IOTHUB_CLIENT_CONFIRMATION_OK"
1884,4017202104,4017202146,1,"IOTHUB_CLIENT_CONFIRMATION_OK"
1885,4017202304,4017202338,1,"IOTHUB_CLIENT_CONFIRMATION_OK"
1886,4017202504,4017202538,1,"IOTHUB_CLIENT_CONFIRMATION_OK"
1887,4017202704,4017202735,1,"IOTHUB_CLIENT_CONFIRMATION_OK"
1888,4017202904,4017203069,1,"IOTHUB_CLIENT_CONFIRMATION_OK"
1889,4017203104,4017203138,1,"IOTHUB_CLIENT_CONFIRMATION_OK"
1890,4017203305,4017203348,1,"IOTHUB_CLIENT_CONFIRMATION_OK"
1891,4017203505,4017203682,1,"IOTHUB_CLIENT_CONFIRMATION_OK"
1892,4017203705,4017203744,1,"IOTHUB_CLIENT_CONFIRMATION_OK"
1893,4017203905,4017203946,1,"IOTHUB_CLIENT_CONFIRMATION_OK"
1894,4017204105,4017204144,1,"IOTHUB_CLIENT_CONFIRMATION_OK"
1895,4017204305,4017204358,1,"IOTHUB_CLIENT_CONFIRMATION_OK"
1896,4017204505,4017204672,1,"IOTHUB_CLIENT_CONFIRMATION_OK"
1897,4017204706,4017204745,1,"IOTHUB_CLIENT_CONFIRMATION_OK"
1898,4017204906,4017204938,1,"IOTHUB_CLIENT_CONFIRMATION_OK"
1899,4017205106,4017205155,1,"IOTHUB_CLIENT_CONFIRMATION_OK"
1900,4017205306,4017205359,1,"IOTHUB_CLIENT_CONFIRMATION_OK"
1901,4017205506,4017205567,1,"IOTHUB_CLIENT_CONFIRMATION_OK"
1902,4017205706,4017205748,1,"IOTHUB_CLIENT_CONFIRMATION_OK"
1903,4017205906,4017205939,1,"IOTHUB_CLIENT_CONFIRMATION_OK"
1904,4017206107,4017206157,1,"IOTHUB_CLIENT_CONFIRMATION_OK"
1905,4017206307,4017206345,1,"IOTHUB_CLIENT_CONFIRMATION_OK"
1906,4017206507,4017206990,1,"IOTHUB_CLIENT_CONFIRMATION_OK"
1907,4017206707,4017207025,1,"IOTHUB_CLIENT_CONFIRMATION_OK"
1908,4017206907,4017207196,1,"IOTHUB_CLIENT_CONFIRMATION_OK"
1909,4017207107,4017207237,1,"IOTHUB_CLIENT_CONFIRMATION_OK"
1910,4017207308,4017207463,1,"IOTHUB_CLIENT_CONFIRMATION_OK"
1911,4017207508,4017207559,1,"IOTHUB_CLIENT_CONFIRMATION_OK"
1912,4017207708,4017207754,1,"IOTHUB_CLIENT_CONFIRMATION_OK"
1913,4017207908,4017207959,1,"IOTHUB_CLIENT_CONFIRMATION_OK"
1914,4017208108,4017208148,1,"IOTHUB_CLIENT_CONFIRMATION_OK"
1915,4017208308,4017208478,1,"IOTHUB_CLIENT_CONFIRMATION_OK"
1916,4017208509,4017208550,1,"IOTHUB_CLIENT_CONFIRMATION_OK"
1917,4017208709,4017208752,1,"IOTHUB_CLIENT_CONFIRMATION_OK"
1918,4017208909,4017208952,1,"IOTHUB_CLIENT_CONFIRMATION_OK"
1919,4017209109,4017209158,1,"IOTHUB_CLIENT_CONFIRMATION_OK"
1920,4017209309,4017209352,1,"IOTHUB_CLIENT_CONFIRMATION_OK"
1921,4017209509,4017209547,1,"IOTHUB_CLIENT_CONFIRMATION_OK"
1922,4017209709,4017209766,1,"IOTHUB_CLIENT_CONFIRMATION_OK"
1923,4017209910,4017209950,1,"IOTHUB_CLIENT_CONFIRMATION_OK"
1924,4017210110,4017210146,1,"IOTHUB_CLIENT_CONFIRMATION_OK"
1925,4017210310,4017210354,1,"IOTHUB_CLIENT_CONFIRMATION_OK"
1926,4017210510,4017210547,1,"IOTHUB_CLIENT_CONFIRMATION_OK"
1927,4017210710,4017210765,1,"IOTHUB_CLIENT_CONFIRMATION_OK"
1928,4017210910,4017211015,1,"IOTHUB_CLIENT_CONFIRMATION_OK"
1929,4017211111,4017211169,1,"IOTHUB_CLIENT_CONFIRMATION_OK"
1930,4017211311,4017211354,1,"IOTHUB_CLIENT_CONFIRMATION_OK"
1931,4017211511,4017211550,1,"IOTHUB_CLIENT_CONFIRMATION_OK"
1932,4017211711,4017211754,1,"IOTHUB_CLIENT_CONFIRMATION_OK"
1933,4017211911,4017211951,1,"IOTHUB_CLIENT_CONFIRMATION_OK"
1934,4017212111,4017212198,1,"IOTHUB_CLIENT_CONFIRMATION_OK"
1935,4017212312,4017212349,1,"IOTHUB_CLIENT_CONFIRMATION_OK"
1936,4017212512,4017212561,1,"IOTHUB_CLIENT_CONFIRMATION_OK"
1937,4017212712,4017212851,1,"IOTHUB_CLIENT_CONFIRMATION_OK"
1938,4017212912,4017212959,1,"IOTHUB_CLIENT_CONFIRMATION_OK"
1939,4017213112,4017213155,1,"IOTHUB_CLIENT_CONFIRMATION_OK"
1940,4017213312,4017213351,1,"IOTHUB_CLIENT_CONFIRMATION_OK"
1941,4017213513,4017213550,1,"IOTHUB_CLIENT_CONFIRMATION_OK"
1942,4017213713,4017213836,1,"IOTHUB_CLIENT_CONFIRMATION_OK"
1943,4017213913,4017213957,1,"IOTHUB_CLIENT_CONFIRMATION_OK"
1944,4017214113,4017214166,1,"IOTHUB_CLIENT_CONFIRMATION_OK"
1945,4017214313,4017214454,1,"IOTHUB_CLIENT_CONFIRMATION_OK"
1946,4017214513,4017214546,1,"IOTHUB_CLIENT_CONFIRMATION_OK"
1947,4017214714,4017214759,1,"IOTHUB_CLIENT_CONFIRMATION_OK"
1948,4017214914,4017214956,1,"IOTHUB_CLIENT_CONFIRMATION_OK"
1949,4017215114,4017215150,1,"IOTHUB_CLIENT_CONFIRMATION_OK"
1950,4017215314,4017215438,1,"IOTHUB_CLIENT_CONFIRMATION_OK"
1951,4017215514,4017215560,1,"IOTHUB_CLIENT_CONFIRMATION_OK"
1952,4017215714,4017215778,1,"IOTHUB_CLIENT_CONFIRMATION_OK"
1953,4017215914,4017216094,1,"IOTHUB_CLIENT_CONFIRMATION_OK"
1954,4017216115,4017216146,1,"IOTHUB_CLIENT_CONFIRMATION_OK"
1955,4017216315,4017216376,1,"IOTHUB_CLIENT_CONFIRMATION_OK"
1956,4017216515,4017216565,1,"IOTHUB_CLIENT_CONFIRMATION_OK"
1957,4017216715,4017216765,1,"IOTHUB_CLIENT_CONFIRMATION_OK"
1958,4017216915,4017216984,1,"IOTHUB_CLIENT_CONFIRMATION_OK"
1959,4017217115,4017217222,1,"IOTHUB_CLIENT_CONFIRMATION_OK"
1960,4017217316,4017217369,1,"IOTHUB_CLIENT_CONFIRMATION_OK"
1961,4017217516,4017217744,1,"IOTHUB_CLIENT_CONFIRMATION_OK"
1962,4017217716,4017217791,1,"IOTHUB_CLIENT_CONFIRMATION_OK"
1963,4017217916,4017217963,1,"IOTHUB_CLIENT_CONFIRMATION_OK"
1964,4017218116,4017218166,1,"IOTHUB_CLIENT_CONFIRMATION_OK"
1965,4017218316,4017218359,1,"IOTHUB_CLIENT_CONFIRMATION_OK"
1966,4017218517,4017218564,1,"IOTHUB_CLIENT_CONFIRMATION_OK"
1967,4017218717,4017218771,1,"IOTHUB_CLIENT_CONFIRMATION_OK"
1968,4017218917,4017218952,1,"IOTHUB_CLIENT_CONFIRMATION_OK"
1969,4017219117,4017219147,1,"IOTHUB_CLIENT_CONFIRMATION_OK"
1970,4017219317,4017219359,1,"IOTHUB_CLIENT_CONFIRMATION_OK"
1971,4017219517,4017219551,1,"IOTHUB_CLIENT_CONFIRMATION_OK"
1972,4017219717,4017219792,1,"IOTHUB_CLIENT_CONFIRMATION_OK"
1973,4017219918,4017219956,1,"IOTHUB_CLIENT_CONFIRMATION_OK"
1974,4017220118,4017220159,1,"IOTHUB_CLIENT_CONFIRMATION_OK"
1975,4017220318,4017220510,1,"IOTHUB_CLIENT_CONFIRMATION_OK"
1976,4017220518,4017220586,1,"IOTHUB_CLIENT_CONFIRMATION_OK"
1977,4017220718,4017220822,1,"IOTHUB_CLIENT_CONFIRMATION_OK"
1978,4017220918,4017220965,1,"IOTHUB_CLIENT_CONFIRMATION_OK"
1979,4017221119,4017221157,1,"IOTHUB_CLIENT_CONFIRMATION_OK"
1980,4017221319,4017221392,1,"IOTHUB_CLIENT_CONFIRMATION_OK"
1981,4017221519,4017221554,1,"IOTHUB_CLIENT_CONFIRMATION_OK"
1982,4017221719,4017221754,1,"IOTHUB_CLIENT_CONFIRMATION_OK"
1983,4017221919,4017221987,1,"IOTHUB_CLIENT_CONFIRMATION_OK"
1984,4017222119,4017222169,1,"IOTHUB_CLIENT_CONFIRMATION_OK"
1985,4017222320,4017222354,1,"IOTHUB_CLIENT_CONFIRMATION_OK"
1986,4017222520,4017222568,1,"IOTHUB_CLIENT_CONFIRMATION_OK"
1987,4017222720,4017222758,1,"IOTHUB_CLIENT_CONFIRMATION_OK"
1988,4017222920,4017223010,1,"IOTHUB_CLIENT_CONFIRMATION_OK"
1989,4017223120,4017223159,1,"IOTHUB_CLIENT_CONFIRMATION_OK"
1990,4017223320,4017223452,1,"IOTHUB_CLIENT_CONFIRMATION_OK"
1991,4017223521,4017223680,1,"IOTHUB_CLIENT_CONFIRMATION_OK"
1992,4017223721,4017223765,1,"IOTHUB_CLIENT_CONFIRMATION_OK"
1993,4017223921,4017223955,1,"IOTHUB_CLIENT_CONFIRMATION_OK"
1994,4017224121,4017224200,1,"IOTHUB_CLIENT_CONFIRMATION_OK"
1995,4017224321,4017224403,1,"IOTHUB_CLIENT_CONFIRMATION_OK"
1996,4017224521,4017224716,1,"IOTHUB_CLIENT_CONFIRMATION_OK"
1997,4017224722,4017224761,1,"IOTHUB_CLIENT_CONFIRMATION_OK"
1998,4017224922,4017224984,1,"IOTHUB_CLIENT_CONFIRMATION_OK"
1999,4017225122,4017225168,1,"IOTHUB_CLIENT_CONFIRMATION_OK"
2000,4017225322,4017225384,1,"IOTHUB_CLIENT_CONFIRMATION_OK"
2001,4017225522,4017225580,1,"IOTHUB_CLIENT_CONFIRMATION_OK"
2002,4017225722,4017225813,1,"IOTHUB_CLIENT_CONFIRMATION_OK"
2003,4017225923,4017225959,1,"IOTHUB_CLIENT_CONFIRMATION_OK"
2004,4017226123,4017226349,1,"IOTHUB_CLIENT_CONFIRMATION_OK"
2005,4017226323,4017226363,1,"IOTHUB_CLIENT_CONFIRMATION_OK"
2006,4017226523,4017226563,1,"IOTHUB_CLIENT_CONFIRMATION_OK"
2007,4017226723,4017226768,1,"IOTHUB_CLIENT_CONFIRMATION_OK"
2008,4017226923,4017227003,1,"IOTHUB_CLIENT_CONFIRMATION_OK"
2009,4017227124,4017227172,1,"IOTHUB_CLIENT_CONFIRMATION_OK"
2010,4017227324,4017227380,1,"IOTHUB_CLIENT_CONFIRMATION_OK"
2011,4017227524,4017227575,1,"IOTHUB_CLIENT_CONFIRMATION_OK"
2012,4017227724,4017227765,1,"IOTHUB_CLIENT_CONFIRMATION_OK"
2013,4017227924,4017227968,1,"IOTHUB_CLIENT_CONFIRMATION_OK"
2014,4017228124,4017228367,1,"IOTHUB_CLIENT_CONFIRMATION_OK"
2015,4017228324,4017228406,1,"IOTHUB_CLIENT_CONFIRMATION_OK"
2016,4017228525,4017228570,1,"IOTHUB_CLIENT_CONFIRMATION_OK"
2017,4017228725,4017228758,1,"IOTHUB_CLIENT_CONFIRMATION_OK"
2018,4017228925,4017229031,1,"IOTHUB_CLIENT_CONFIRMATION_OK"
2019,4017229125,4017229200,1,"IOTHUB_CLIENT_CONFIRMATION_OK"
2020,4017229325,4017229410,1,"IOTHUB_CLIENT_CONFIRMATION_OK"
2021,4017229525,4017229618,1,"IOTHUB_CLIENT_CONFIRMATION_OK"
2022,4017229726,4017229791,1,"IOTHUB_CLIENT_CONFIRMATION_OK"
2023,4017229926,4017230013,1,"IOTHUB_CLIENT_CONFIRMATION_OK"
2024,4017230126,4017230194,1,"IOTHUB_CLIENT_CONFIRMATION_OK"
2025,4017230326,4017230382,1,"IOTHUB_CLIENT_CONFIRMATION_OK"
2026,4017230526,4017230642,1,"IOTHUB_CLIENT_CONFIRMATION_OK"
2027,4017230726,4017230767,1,"IOTHUB_CLIENT_CONFIRMATION_OK"
2028,4017230926,4017230971,1,"IOTHUB_CLIENT_CONFIRMATION_OK"
2029,4017231127,4017231158,1,"IOTHUB_CLIENT_CONFIRMATION_OK"
2030,4017231327,4017231369,1,"IOTHUB_CLIENT_CONFIRMATION_OK"
2031,4017231527,4017231626,1,"IOTHUB_CLIENT_CONFIRMATION_OK"
2032,4017231727,4017231765,1,"IOTHUB_CLIENT_CONFIRMATION_OK"
2033,4017231927,4017231971,1,"IOTHUB_CLIENT_CONFIRMATION_OK"
2034,4017232127,4017232266,1,"IOTHUB_CLIENT_CONFIRMATION_OK"
2035,4017232328,4017232367,1,"IOTHUB_CLIENT_CONFIRMATION_OK"
2036,4017232528,4017232563,1,"IOTHUB_CLIENT_CONFIRMATION_OK"
2037,4017232728,4017232770,1,"IOTHUB_CLIENT_CONFIRMATION_OK"
2038,4017232928,4017232973,1,"IOTHUB_CLIENT_CONFIRMATION_OK"
2039,4017233128,4017233174,1,"IOTHUB_CLIENT_CONFIRMATION_OK"
2040,4017233328,4017233365,1,"IOTHUB_CLIENT_CONFIRMATION_OK"
2041,4017233529,4017233601,1,"IOTHUB_CLIENT_CONFIRMATION_OK"
2042,4017233729,4017233882,1,"IOTHUB_CLIENT_CONFIRMATION_OK"
2043,4017233929,4017233989,1,"IOTHUB_CLIENT_CONFIRMATION_OK"
2044,4017234129,4017234170,1,"IOTHUB_CLIENT_CONFIRMATION_OK"
2045,4017234329,4017234363,1,"IOTHUB_CLIENT_CONFIRMATION_OK"
2046,4017234529,4017234573,1,"IOTHUB_CLIENT_CONFIRMATION_OK"
2047,4017234730,4017234765,1,"IOTHUB_CLIENT_CONFIRMATION_OK"
2048,4017234930,4017235022,1,"IOTHUB_CLIENT_CONFIRMATION_OK"
2049,4017235130,4017235174,1,"IOTHUB_CLIENT_CONFIRMATION_OK"
2050,4017235330,4017235498,1,"IOTHUB_CLIENT_CONFIRMATION_OK"
2051,4017235530,4017235566,1,"IOTHUB_CLIENT_CONFIRMATION_OK"
2052,4017235730,4017235780,1,"IOTHUB_CLIENT_CONFIRMATION_OK"
2053,4017235931,4017236017,1,"IOTHUB_CLIENT_CONFIRMATION_OK"
2054,4017236131,4017236178,1,"IOTHUB_CLIENT_CONFIRMATION_OK"
2055,4017236331,4017236403,1,"IOTHUB_CLIENT_CONFIRMATION_OK"
2056,4017236531,4017236577,1,"IOTHUB_CLIENT_CONFIRMATION_OK"
2057,4017236731,4017236782,1,"IOTHUB_CLIENT_CONFIRMATION_OK"
2058,4017236931,4017237139,1,"IOTHUB_CLIENT_CONFIRMATION_OK"
2059,4017237131,4017237175,1,"IOTHUB_CLIENT_CONFIRMATION_OK"
2060,4017237332,4017237373,1,"IOTHUB_CLIENT_CONFIRMATION_OK"
2061,4017237532,4017237578,1,"IOTHUB_CLIENT_CONFIRMATION_OK"
2062,4017237732,4017237785,1,"IOTHUB_CLIENT_CONFIRMATION_OK"
2063,4017237932,4017237966,1,"IOTHUB_CLIENT_CONFIRMATION_OK"
2064,4017238132,4017238177,1,"IOTHUB_CLIENT_CONFIRMATION_OK"
2065,4017238332,4017238374,1,"IOTHUB_CLIENT_CONFIRMATION_OK"
2066,4017238533,4017238579,1,"IOTHUB_CLIENT_CONFIRMATION_OK"
2067,4017238733,4017238802,1,"IOTHUB_CLIENT_CONFIRMATION_OK"
2068,4017238933,4017238976,1,"IOTHUB_CLIENT_CONFIRMATION_OK"
2069,4017239133,4017239193,1,"IOTHUB_CLIENT_CONFIRMATION_OK"
2070,4017239333,4017239426,1,"IOTHUB_CLIENT_CONFIRMATION_OK"
2071,4017239533,4017239576,1,"IOTHUB_CLIENT_CONFIRMATION_OK"
2072,4017239734,4017239823,1,"IOTHUB_CLIENT_CONFIRMATION_OK"
2073,4017239934,4017239975,1,"IOTHUB_CLIENT_CONFIRMATION_OK"
2074,4017240134,4017240180,1,"IOTHUB_CLIENT_CONFIRMATION_OK"
2075,4017240334,4017240369,1,"IOTHUB_CLIENT_CONFIRMATION_OK"
2076,4017240534,4017240591,1,"IOTHUB_CLIENT_CONFIRMATION_OK"
2077,4017240735,4017240839,1,"IOTHUB_CLIENT_CONFIRMATION_OK"
2078,4017240935,4017241022,1,"IOTHUB_CLIENT_CONFIRMATION_OK"
2079,4017241135,4017241171,1,"IOTHUB_CLIENT_CONFIRMATION_OK"
2080,4017241335,4017241460,1,"IOTHUB_CLIENT_CONFIRMATION_OK"
2081,4017241535,4017241586,1,"IOTHUB_CLIENT_CONFIRMATION_OK"
2082,4017241735,4017241784,1,"IOTHUB_CLIENT_CONFIRMATION_OK"
2083,4017241935,4017241982,1,"IOTHUB_CLIENT_CONFIRMATION_OK"
2084,4017242136,4017242180,1,"IOTHUB_CLIENT_CONFIRMATION_OK"
2085,4017242336,4017242372,1,"IOTHUB_CLIENT_CONFIRMATION_OK"
2086,4017242536,4017242569,1,"IOTHUB_CLIENT_CONFIRMATION_OK"
2087,4017242736,4017242769,1,"IOTHUB_CLIENT_CONFIRMATION_OK"
2088,4017242936,4017243135,1,"IOTHUB_CLIENT_CONFIRMATION_OK"
2089,4017243136,4017243173,1,"IOTHUB_CLIENT_CONFIRMATION_OK"
2090,4017243337,4017243374,1,"IOTHUB_CLIENT_CONFIRMATION_OK"
2091,4017243537,4017243597,1,"IOTHUB_CLIENT_CONFIRMATION_OK"
2092,4017243737,4017243777,1,"IOTHUB_CLIENT_CONFIRMATION_OK"
2093,4017243937,4017243969,1,"IOTHUB_CLIENT_CONFIRMATION_OK"
2094,4017244137,4017244183,1,"IOTHUB_CLIENT_CONFIRMATION_OK"
2095,4017244337,4017244397,1,"IOTHUB_CLIENT_CONFIRMATION_OK"
2096,4017244538,4017244706,1,"IOTHUB_CLIENT_CONFIRMATION_OK"
2097,4017244738,4017244775,1,"IOTHUB_CLIENT_CONFIRMATION_OK"
2098,4017244938,4017244978,1,"IOTHUB_CLIENT_CONFIRMATION_OK"
2099,4017245138,4017245193,1,"IOTHUB_CLIENT_CONFIRMATION_OK"
2100,4017245338,4017245372,1,"IOTHUB_CLIENT_CONFIRMATION_OK"
2101,4017245538,4017245647,1,"IOTHUB_CLIENT_CONFIRMATION_OK"
2102,4017245739,4017245795,1,"IOTHUB_CLIENT_CONFIRMATION_OK"
2103,4017245939,4017245975,1,"IOTHUB_CLIENT_CONFIRMATION_OK"
2104,4017246139,4017246352,1,"IOTHUB_CLIENT_CONFIRMATION_OK"
2105,4017246339,4017246374,1,"IOTHUB_CLIENT_CONFIRMATION_OK"
2106,4017246539,4017246598,1,"IOTHUB_CLIENT_CONFIRMATION_OK"
2107,4017246739,4017246786,1,"IOTHUB_CLIENT_CONFIRMATION_OK"
2108,4017246939,4017246995,1,"IOTHUB_CLIENT_CONFIRMATION_OK"
2109,4017247140,4017247203,1,"IOTHUB_CLIENT_CONFIRMATION_OK"
2110,4017247340,4017247400,1,"IOTHUB_CLIENT_CONFIRMATION_OK"
2111,4017247540,4017247575,1,"IOTHUB_CLIENT_CONFIRMATION_OK"
2112,4017247740,4017247845,1,"IOTHUB_CLIENT_CONFIRMATION_OK"
2113,4017247940,4017247974,1,"IOTHUB_CLIENT_CONFIRMATION_OK"
2114,4017248141,4017248186,1,"IOTHUB_CLIENT_CONFIRMATION_OK"
2115,4017248341,4017248405,1,"IOTHUB_CLIENT_CONFIRMATION_OK"
2116,4017248541,4017248614,1,"IOTHUB_CLIENT_CONFIRMATION_OK"
2117,4017248741,4017248781,1,"IOTHUB_CLIENT_CONFIRMATION_OK"
2118,4017248941,4017249010,1,"IOTHUB_CLIENT_CONFIRMATION_OK"
2119,4017249141,4017249173,1,"IOTHUB_CLIENT_CONFIRMATION_OK"
2120,4017249342,4017249376,1,"IOTHUB_CLIENT_CONFIRMATION_OK"
2121,4017249542,4017249588,1,"IOTHUB_CLIENT_CONFIRMATION_OK"
2122,4017249742,4017249787,1,"IOTHUB_CLIENT_CONFIRMATION_OK"
2123,4017249942,4017250205,1,"IOTHUB_CLIENT_CONFIRMATION_OK"
2124,4017250142,4017250234,1,"IOTHUB_CLIENT_CONFIRMATION_OK"
2125,4017250342,4017250417,1,"IOTHUB_CLIENT_CONFIRMATION_OK"
2126,4017250542,4017250606,1,"IOTHUB_CLIENT_CONFIRMATION_OK"
2127,4017250743,4017250804,1,"IOTHUB_CLIENT_CONFIRMATION_OK"
2128,4017250943,4017250997,1,"IOTHUB_CLIENT_CONFIRMATION_OK"
2129,4017251143,4017251272,1,"IOTHUB_CLIENT_CONFIRMATION_OK"
2130,4017251343,4017251390,1,"IOTHUB_CLIENT_CONFIRMATION_OK"
2131,4017251543,4017251757,1,"IOTHUB_CLIENT_CONFIRMATION_OK"
2132,4017251743,4017251787,1,"IOTHUB_CLIENT_CONFIRMATION_OK"
2133,4017251944,4017251999,1,"IOTHUB_CLIENT_CONFIRMATION_OK"
2134,4017252144,4017252187,1,"IOTHUB_CLIENT_CONFIRMATION_OK"
2135,4017252344,4017252394,1,"IOTHUB_CLIENT_CONFIRMATION_OK"
2136,4017252544,4017252659,1,"IOTHUB_CLIENT_CONFIRMATION_OK"
2137,4017252744,4017252792,1,"IOTHUB_CLIENT_CONFIRMATION_OK"
2138,4017252944,4017253049,1,"IOTHUB_CLIENT_CONFIRMATION_OK"
2139,4017253145,4017253196,1,"IOTHUB_CLIENT_CONFIRMATION_OK"
2140,4017253345,4017253388,1,"IOTHUB_CLIENT_CONFIRMATION_OK"
2141,4017253545,4017253588,1,"IOTHUB_CLIENT_CONFIRMATION_OK"
2142,4017253745,4017253787,1,"IOTHUB_CLIENT_CONFIRMATION_OK"
2143,4017253945,4017253978,1,"IOTHUB_CLIENT_CONFIRMATION_OK"
2144,4017254145,4017254187,1,"IOTHUB_CLIENT_CONFIRMATION_OK"
2145,4017254345,4017254392,1,"IOTHUB_CLIENT_CONFIRMATION_OK"
2146,4017254546,4017254583,1,"IOTHUB_CLIENT_CONFIRMATION_OK"
2147,4017254746,4017254784,1,"IOTHUB_CLIENT_CONFIRMATION_OK"
2148,4017254946,4017254983,1,"IOTHUB_CLIENT_CONFIRMATION_OK"
2149,4017255146,4017255182,1,"IOTHUB_CLIENT_CONFIRMATION_OK"
2150,4017255346,4017255437,1,"IOTHUB_CLIENT_CONFIRMATION_OK"
2151,4017255546,4017255659,1,"IOTHUB_CLIENT_CONFIRMATION_OK"
2152,4017255747,4017255778,1,"IOTHUB_CLIENT_CONFIRMATION_OK"
2153,4017255947,4017256035,1,"IOTHUB_CLIENT_CONFIRMATION_OK"
2154,4017256147,4017256179,1,"IOTHUB_CLIENT_CONFIRMATION_OK"
2155,4017256347,4017256385,1,"IOTHUB_CLIENT_CONFIRMATION_OK"
2156,4017256547,4017256578,1,"IOTHUB_CLIENT_CONFIRMATION_OK"
2157,4017256747,4017256809,1,"IOTHUB_CLIENT_CONFIRMATION_OK"
2158,4017256948,4017257143,1,"IOTHUB_CLIENT_CONFIRMATION_OK"
2159,4017257148,4017257200,1,"IOTHUB_CLIENT_CONFIRMATION_OK"
2160,4017257348,4017257386,1,"IOTHUB_CLIENT_CONFIRMATION_OK"
2161,4017257548,4017257589,1,"IOTHUB_CLIENT_CONFIRMATION_OK"
2162,4017257748,4017257794,1,"IOTHUB_CLIENT_CONFIRMATION_OK"
2163,4017257948,4017257996,1,"IOTHUB_CLIENT_CONFIRMATION_OK"
2164,4017258149,4017258201,1,"IOTHUB_CLIENT_CONFIRMATION_OK"
2165,4017258349,4017258398,1,"IOTHUB_CLIENT_CONFIRMATION_OK"
2166,4017258549,4017258732,1,"IOTHUB_CLIENT_CONFIRMATION_OK"
2167,4017258749,4017258784,1,"IOTHUB_CLIENT_CONFIRMATION_OK"
2168,4017258949,4017258982,1,"IOTHUB_CLIENT_CONFIRMATION_OK"
2169,4017259149,4017259199,1,"IOTHUB_CLIENT_CONFIRMATION_OK"
2170,4017259350,4017259384,1,"IOTHUB_CLIENT_CONFIRMATION_OK"
2171,4017259550,4017259584,1,"IOTHUB_CLIENT_CONFIRMATION_OK"
2172,4017259750,4017259826,1,"IOTHUB_CLIENT_CONFIRMATION_OK"
2173,4017259950,4017259980,1,"IOTHUB_CLIENT_CONFIRMATION_OK"
2174,4017260150,4017260181,1,"IOTHUB_CLIENT_CONFIRMATION_OK"
2175,4017260350,4017260416,1,"IOTHUB_CLIENT_CONFIRMATION_OK"
2176,4017260551,4017260587,1,"IOTHUB_CLIENT_CONFIRMATION_OK"
2177,4017260751,4017260796,1,"IOTHUB_CLIENT_CONFIRMATION_OK"
2178,4017260951,4017260987,1,"IOTHUB_CLIENT_CONFIRMATION_OK"
2179,4017261151,4017261201,1,"IOTHUB_CLIENT_CONFIRMATION_OK"
2180,4017261351,4017261469,1,"IOTHUB_CLIENT_CONFIRMATION_OK"
2181,4017261551,4017261599,1,"IOTHUB_CLIENT_CONFIRMATION_OK"
2182,4017261752,4017261785,1,"IOTHUB_CLIENT_CONFIRMATION_OK"
2183,4017261952,4017261996,1,"IOTHUB_CLIENT_CONFIRMATION_OK"
2184,4017262152,4017262192,1,"IOTHUB_CLIENT_CONFIRMATION_OK"
2185,4017262352,4017262397,1,"IOTHUB_CLIENT_CONFIRMATION_OK"
2186,4017262552,4017262587,1,"IOTHUB_CLIENT_CONFIRMATION_OK"
2187,4017262752,4017262788,1,"IOTHUB_CLIENT_CONFIRMATION_OK"
2188,4017262953,4017263031,1,"IOTHUB_CLIENT_CONFIRMATION_OK"
2189,4017263153,4017263188,1,"IOTHUB_CLIENT_CONFIRMATION_OK"
2190,4017263353,4017263406,1,"IOTHUB_CLIENT_CONFIRMATION_OK"
2191,4017263553,4017263619,1,"IOTHUB_CLIENT_CONFIRMATION_OK"
2192,4017263753,4017263839,1,"IOTHUB_CLIENT_CONFIRMATION_OK"
2193,4017263953,4017264005,1,"IOTHUB_CLIENT_CONFIRMATION_OK"
2194,4017264154,4017264205,1,"IOTHUB_CLIENT_CONFIRMATION_OK"
2195,4017264354,4017264397,1,"IOTHUB_CLIENT_CONFIRMATION_OK"
2196,4017264554,4017264640,1,"IOTHUB_CLIENT_CONFIRMATION_OK"
2197,4017264754,4017264784,1,"IOTHUB_CLIENT_CONFIRMATION_OK"
2198,4017264954,4017264985,1,"IOTHUB_CLIENT_CONFIRMATION_OK"
2199,4017265154,4017265246,1,"IOTHUB_CLIENT_CONFIRMATION_OK"
2200,4017265354,4017265393,1,"IOTHUB_CLIENT_CONFIRMATION_OK"
2201,4017265555,4017265595,1,"IOTHUB_CLIENT_CONFIRMATION_OK"
2202,4017265755,4017265818,1,"IOTHUB_CLIENT_CONFIRMATION_OK"
2203,4017265955,4017265988,1,"IOTHUB_CLIENT_CONFIRMATION_OK"
2204,4017266155,4017266265,1,"IOTHUB_CLIENT_CONFIRMATION_OK"
2205,4017266355,4017266386,1,"IOTHUB_CLIENT_CONFIRMATION_OK"
2206,4017266555,4017266612,1,"IOTHUB_CLIENT_CONFIRMATION_OK"
2207,4017266756,4017266872,1,"IOTHUB_CLIENT_CONFIRMATION_OK"
2208,4017266956,4017267021,1,"IOTHUB_CLIENT_CONFIRMATION_OK"
2209,4017267156,4017267194,1,"IOTHUB_CLIENT_CONFIRMATION_OK"
2210,4017267356,4017267395,1,"IOTHUB_CLIENT_CONFIRMATION_OK"
2211,4017267556,4017267695,1,"IOTHUB_CLIENT_CONFIRMATION_OK"
2212,4017267756,4017267934,1,"IOTHUB_CLIENT_CONFIRMATION_OK"
2213,4017267956,4017267990,1,"IOTHUB_CLIENT_CONFIRMATION_OK"
2214,4017268157,4017268202,1,"IOTHUB_CLIENT_CONFIRMATION_OK"
2215,4017268357,4017268400,1,"IOTHUB_CLIENT_CONFIRMATION_OK"
2216,4017268557,4017268603,1,"IOTHUB_CLIENT_CONFIRMATION_OK"
2217,4017268757,4017268792,1,"IOTHUB_CLIENT_CONFIRMATION_OK"
2218,4017268957,4017268999,1,"IOTHUB_CLIENT_CONFIRMATION_OK"
2219,4017269157,4017269196,1,"IOTHUB_CLIENT_CONFIRMATION_OK"
2220,4017269358,4017269523,1,"IOTHUB_CLIENT_CONFIRMATION_OK"
2221,4017269558,4017269596,1,"IOTHUB_CLIENT_CONFIRMATION_OK"
2222,4017269758,4017269815,1,"IOTHUB_CLIENT_CONFIRMATION_OK"
2223,4017269958,4017269992,1,"IOTHUB_CLIENT_CONFIRMATION_OK"
2224,4017270158,4017270202,1,"IOTHUB_CLIENT_CONFIRMATION_OK"
2225,4017270358,4017270391,1,"IOTHUB_CLIENT_CONFIRMATION_OK"
2226,4017270558,4017270612,1,"IOTHUB_CLIENT_CONFIRMATION_OK"
2227,4017270759,4017270821,1,"IOTHUB_CLIENT_CONFIRMATION_OK"
2228,4017270959,4017270992,1,"IOTHUB_CLIENT_CONFIRMATION_OK"
2229,4017271159,4017271191,1,"IOTHUB_CLIENT_CONFIRMATION_OK"
2230,4017271359,4017271395,1,"IOTHUB_CLIENT_CONFIRMATION_OK"
2231,4017271559,4017271616,1,"IOTHUB_CLIENT_CONFIRMATION_OK"
2232,4017271759,4017271812,1,"IOTHUB_CLIENT_CONFIRMATION_OK"
2233,4017271960,4017272103,1,"IOTHUB_CLIENT_CONFIRMATION_OK"
2234,4017272160,4017272217,1,"IOTHUB_CLIENT_CONFIRMATION_OK"
2235,4017272360,4017272394,1,"IOTHUB_CLIENT_CONFIRMATION_OK"
2236,4017272560,4017272596,1,"IOTHUB_CLIENT_CONFIRMATION_OK"
2237,4017272760,4017272863,1,"IOTHUB_CLIENT_CONFIRMATION_OK"
2238,4017272960,4017272994,1,"IOTHUB_CLIENT_CONFIRMATION_OK"
2239,4017273161,4017273206,1,"IOTHUB_CLIENT_CONFIRMATION_OK"
2240,4017273361,4017273404,1,"IOTHUB_CLIENT_CONFIRMATION_OK"
2241,4017273561,4017273599,1,"IOTHUB_CLIENT_CONFIRMATION_OK"
2242,4017273761,4017273853,1,"IOTHUB_CLIENT_CONFIRMATION_OK"
2243,4017273961,4017274019,1,"IOTHUB_CLIENT_CONFIRMATION_OK"
2244,4017274161,4017274202,1,"IOTHUB_CLIENT_CONFIRMATION_OK"
2245,4017274362,4017274438,1,"IOTHUB_CLIENT_CONFIRMATION_OK"
2246,4017274562,4017274605,1,"IOTHUB_CLIENT_CONFIRMATION_OK"
2247,4017274762,4017274838,1,"IOTHUB_CLIENT_CONFIRMATION_OK"
2248,4017274962,4017275001,1,"IOTHUB_CLIENT_CONFIRMATION_OK"
2249,4017275162,4017275195,1,"IOTHUB_CLIENT_CONFIRMATION_OK"
2250,4017275362,4017275438,1,"IOTHUB_CLIENT_CONFIRMATION_OK"
2251,4017275562,4017275605,1,"IOTHUB_CLIENT_CONFIRMATION_OK"
2252,4017275763,4017275796,1,"IOTHUB_CLIENT_CONFIRMATION_OK"
2253,4017275963,4017276062,1,"IOTHUB_CLIENT_CONFIRMATION_OK"
2254,4017276163,4017276199,1,"IOTHUB_CLIENT_CONFIRMATION_OK"
2255,4017276363,4017276401,1,"IOTHUB_CLIENT_CONFIRMATION_OK"
2256,4017276563,4017276596,1,"IOTHUB_CLIENT_CONFIRMATION_OK"
2257,4017276763,4017276828,1,"IOTHUB_CLIENT_CONFIRMATION_OK"
2258,4017276964,4017277085,1,"IOTHUB_CLIENT_CONFIRMATION_OK"
2259,4017277164,4017277199,1,"IOTHUB_CLIENT_CONFIRMATION_OK"
2260,4017277364,4017277396,1,"IOTHUB_CLIENT_CONFIRMATION_OK"
2261,4017277564,4017277604,1,"IOTHUB_CLIENT_CONFIRMATION_OK"
2262,4017277764,4017277800,1,"IOTHUB_CLIENT_CONFIRMATION_OK"
2263,4017277964,4017277999,1,"IOTHUB_CLIENT_CONFIRMATION_OK"
2264,4017278165,4017278199,1,"IOTHUB_CLIENT_CONFIRMATION_OK"
2265,4017278365,4017278412,1,"IOTHUB_CLIENT_CONFIRMATION_OK"
2266,4017278565,4017278710,1,"IOTHUB_CLIENT_CONFIRMATION_OK"
2267,4017278765,4017278802,1,"IOTHUB_CLIENT_CONFIRMATION_OK"
2268,4017278965,4017279011,1,"IOTHUB_CLIENT_CONFIRMATION_OK"
2269,4017279165,4017279213,1,"IOTHUB_CLIENT_CONFIRMATION_OK"
2270,4017279366,4017279402,1,"IOTHUB_CLIENT_CONFIRMATION_OK"
2271,4017279566,4017279599,1,"IOTHUB_CLIENT_CONFIRMATION_OK"
2272,4017279766,4017279812,1,"IOTHUB_CLIENT_CONFIRMATION_OK"
2273,4017279966,4017280000,1,"IOTHUB_CLIENT_CONFIRMATION_OK"
2274,4017280166,4017280325,1,"IOTHUB_CLIENT_CONFIRMATION_OK"
2275,4017280366,4017280410,1,"IOTHUB_CLIENT_CONFIRMATION_OK"
2276,4017280566,4017280598,1,"IOTHUB_CLIENT_CONFIRMATION_OK"
2277,4017280767,4017280800,1,"IOTHUB_CLIENT_CONFIRMATION_OK"
2278,4017280967,4017281005,1,"IOTHUB_CLIENT_CONFIRMATION_OK"
2279,4017281167,4017281202,1,"IOTHUB_CLIENT_CONFIRMATION_OK"
2280,4017281367,4017281417,1,"IOTHUB_CLIENT_CONFIRMATION_OK"
2281,4017281567,4017281603,1,"IOTHUB_CLIENT_CONFIRMATION_OK"
2282,4017281767,4017281945,1,"IOTHUB_CLIENT_CONFIRMATION_OK"
2283,4017281968,4017282026,1,"IOTHUB_CLIENT_CONFIRMATION_OK"
2284,4017282168,4017282204,1,"IOTHUB_CLIENT_CONFIRMATION_OK"
2285,4017282368,4017282509,1,"IOTHUB_CLIENT_CONFIRMATION_OK"
2286,4017282568,4017282610,1,"IOTHUB_CLIENT_CONFIRMATION_OK"
2287,4017282768,4017282822,1,"IOTHUB_CLIENT_CONFIRMATION_OK"
2288,4017282968,4017283031,1,"IOTHUB_CLIENT_CONFIRMATION_OK"
2289,4017283168,4017283236,1,"IOTHUB_CLIENT_CONFIRMATION_OK"
2290,4017283369,4017283411,1,"IOTHUB_CLIENT_CONFIRMATION_OK"
2291,4017283569,4017283603,1,"IOTHUB_CLIENT_CONFIRMATION_OK"
2292,4017283769,4017283801,1,"IOTHUB_CLIENT_CONFIRMATION_OK"
2293,4017283969,4017284007,1,"IOTHUB_CLIENT_CONFIRMATION_OK"
2294,4017284169,4017284212,1,"IOTHUB_CLIENT_CONFIRMATION_OK"
2295,4017284369,4017284410,1,"IOTHUB_CLIENT_CONFIRMATION_OK"
2296,4017284569,4017284614,1,"IOTHUB_CLIENT_CONFIRMATION_OK"
2297,4017284770,4017284808,1,"IOTHUB_CLIENT_CONFIRMATION_OK"
2298,4017284970,4017285008,1,"IOTHUB_CLIENT_CONFIRMATION_OK"
2299,4017285170,4017285218,1,"IOTHUB_CLIENT_CONFIRMATION_OK"
2300,4017285370,4017285415,1,"IOTHUB_CLIENT_CONFIRMATION_OK"
2301,4017285570,4017285613,1,"IOTHUB_CLIENT_CONFIRMATION_OK"
2302,4017285770,4017285811,1,"IOTHUB_CLIENT_CONFIRMATION_OK"
2303,4017285971,4017286008,1,"IOTHUB_CLIENT_CONFIRMATION_OK"
2304,4017286171,4017286223,1,"IOTHUB_CLIENT_CONFIRMATION_OK"
2305,4017286371,4017286405,1,"IOTHUB_CLIENT_CONFIRMATION_OK"
2306,4017286571,4017286614,1,"IOTHUB_CLIENT_CONFIRMATION_OK"
2307,4017286771,4017286852,1,"IOTHUB_CLIENT_CONFIRMATION_OK"
2308,4017286971,4017287010,1,"IOTHUB_CLIENT_CONFIRMATION_OK"
2309,4017287171,4017287240,1,"IOTHUB_CLIENT_CONFIRMATION_OK"
2310,4017287372,4017287406,1,"IOTHUB_CLIENT_CONFIRMATION_OK"
2311,4017287572,4017287606,1,"IOTHUB_CLIENT_CONFIRMATION_OK"
2312,4017287772,4017288022,1,"IOTHUB_CLIENT_CONFIRMATION_OK"
2313,4017287972,4017288055,1,"IOTHUB_CLIENT_CONFIRMATION_OK"
2314,4017288172,4017288209,1,"IOTHUB_CLIENT_CONFIRMATION_OK"
2315,4017288372,4017288460,1,"IOTHUB_CLIENT_CONFIRMATION_OK"
2316,4017288573,4017288616,1,"IOTHUB_CLIENT_CONFIRMATION_OK"
2317,4017288773,4017288809,1,"IOTHUB_CLIENT_CONFIRMATION_OK"
2318,4017288973,4017289005,1,"IOTHUB_CLIENT_CONFIRMATION_OK"
2319,4017289173,4017289218,1,"IOTHUB_CLIENT_CONFIRMATION_OK"
2320,4017289373,4017289525,1,"IOTHUB_CLIENT_CONFIRMATION_OK"
2321,4017289573,4017289618,1,"IOTHUB_CLIENT_CONFIRMATION_OK"
2322,4017289774,4017289832,1,"IOTHUB_CLIENT_CONFIRMATION_OK"
2323,4017289974,4017290099,1,"IOTHUB_CLIENT_CONFIRMATION_OK"
2324,4017290174,4017290283,1,"IOTHUB_CLIENT_CONFIRMATION_OK"
2325,4017290374,4017290411,1,"IOTHUB_CLIENT_CONFIRMATION_OK"
2326,4017290574,4017290618,1,"IOTHUB_CLIENT_CONFIRMATION_OK"
2327,4017290774,4017290828,1,"IOTHUB_CLIENT_CONFIRMATION_OK"
2328,4017290974,4017291147,1,"IOTHUB_CLIENT_CONFIRMATION_OK"
2329,4017291175,4017291209,1,"IOTHUB_CLIENT_CONFIRMATION_OK"
2330,4017291375,4017291412,1,"IOTHUB_CLIENT_CONFIRMATION_OK"
2331,4017291575,4017291608,1,"IOTHUB_CLIENT_CONFIRMATION_OK"
2332,4017291775,4017291812,1,"IOTHUB_CLIENT_CONFIRMATION_OK"
2333,4017291975,4017292027,1,"IOTHUB_CLIENT_CONFIRMATION_OK"
2334,4017292175,4017292213,1,"IOTHUB_CLIENT_CONFIRMATION_OK"
2335,4017292376,4017292422,1,"IOTHUB_CLIENT_CONFIRMATION_OK"
2336,4017292576,4017292623,1,"IOTHUB_CLIENT_CONFIRMATION_OK"
2337,4017292776,4017292844,1,"IOTHUB_CLIENT_CONFIRMATION_OK"
2338,4017292976,4017293019,1,"IOTHUB_CLIENT_CONFIRMATION_OK"
2339,4017293176,4017293216,1,"IOTHUB_CLIENT_CONFIRMATION_OK"
2340,4017293376,4017293410,1,"IOTHUB_CLIENT_CONFIRMATION_OK"
2341,4017293576,4017293613,1,"IOTHUB_CLIENT_CONFIRMATION_OK"
2342,4017293777,4017293844,1,"IOTHUB_CLIENT_CONFIRMATION_OK"
2343,4017293977,4017294051,1,"IOTHUB_CLIENT_CONFIRMATION_OK"
2344,4017294177,4017294215,1,"IOTHUB_CLIENT_CONFIRMATION_OK"
2345,4017294377,4017294408,1,"IOTHUB_CLIENT_CONFIRMATION_OK"
2346,4017294577,4017294613,1,"IOTHUB_CLIENT_CONFIRMATION_OK"
2347,4017294777,4017294849,1,"IOTHUB_CLIENT_CONFIRMATION_OK"
2348,4017294978,4017295012,1,"IOTHUB_CLIENT_CONFIRMATION_OK"
2349,4017295178,4017295217,1,"IOTHUB_CLIENT_CONFIRMATION_OK"
2350,4017295378,4017295456,1,"IOTHUB_CLIENT_CONFIRMATION_OK"
2351,4017295578,4017295626,1,"IOTHUB_CLIENT_CONFIRMATION_OK"
2352,4017295778,4017295813,1,"IOTHUB_CLIENT_CONFIRMATION_OK"
2353,4017295978,4017296030,1,"IOTHUB_CLIENT_CONFIRMATION_OK"
2354,4017296179,4017296213,1,"IOTHUB_CLIENT_CONFIRMATION_OK"
2355,4017296379,4017296470,1,"IOTHUB_CLIENT_CONFIRMATION_OK"
2356,4017296579,4017296613,1,"IOTHUB_CLIENT_CONFIRMATION_OK"
2357,4017296779,4017296821,1,"IOTHUB_CLIENT_CONFIRMATION_OK"
2358,4017296979,4017297103,1,"IOTHUB_CLIENT_CONFIRMATION_OK"
2359,4017297179,4017297240,1,"IOTHUB_CLIENT_CONFIRMATION_OK"
2360,4017297380,4017297414,1,"IOTHUB_CLIENT_CONFIRMATION_OK"
2361,4017297580,4017297620,1,"IOTHUB_CLIENT_CONFIRMATION_OK"
2362,4017297780,4017297809,1,"IOTHUB_CLIENT_CONFIRMATION_OK"
2363,4017297980,4017298100,1,"IOTHUB_CLIENT_CONFIRMATION_OK"
2364,4017298180,4017298237,1,"IOTHUB_CLIENT_CONFIRMATION_OK"
2365,4017298380,4017298416,1,"IOTHUB_CLIENT_CONFIRMATION_OK"
2366,4017298581,4017298738,1,"IOTHUB_CLIENT_CONFIRMATION_OK"
2367,4017298781,4017298819,1,"IOTHUB_CLIENT_CONFIRMATION_OK"
2368,4017298981,4017299020,1,"IOTHUB_CLIENT_CONFIRMATION_OK"
2369,4017299181,4017299224,1,"IOTHUB_CLIENT_CONFIRMATION_OK"
2370,4017299381,4017299517,1,"IOTHUB_CLIENT_CONFIRMATION_OK"
2371,4017299581,4017299626,1,"IOTHUB_CLIENT_CONFIRMATION_OK"
2372,4017299782,4017299839,1,"IOTHUB_CLIENT_CONFIRMATION_OK"
2373,4017299982,4017300034,1,"IOTHUB_CLIENT_CONFIRMATION_OK"
2374,4017300182,4017300366,1,"IOTHUB_CLIENT_CONFIRMATION_OK"
2375,4017300382,4017300428,1,"IOTHUB_CLIENT_CONFIRMATION_OK"
2376,4017300582,4017300624,1,"IOTHUB_CLIENT_CONFIRMATION_OK"
2377,4017300782,4017300835,1,"IOTHUB_CLIENT_CONFIRMATION_OK"
2378,4017300983,4017301015,1,"IOTHUB_CLIENT_CONFIRMATION_OK"
2379,4017301183,4017301219,1,"IOTHUB_CLIENT_CONFIRMATION_OK"
2380,4017301383,4017301427,1,"IOTHUB_CLIENT_CONFIRMATION_OK"
2381,4017301583,4017301617,1,"IOTHUB_CLIENT_CONFIRMATION_OK"
2382,4017301783,4017301820,1,"IOTHUB_CLIENT_CONFIRMATION_OK"
2383,4017301983,4017302016,1,"IOTHUB_CLIENT_CONFIRMATION_OK"
2384,4017302183,4017302243,1,"IOTHUB_CLIENT_CONFIRMATION_OK"
2385,4017302384,4017302430,1,"IOTHUB_CLIENT_CONFIRMATION_OK"
2386,4017302584,4017302628,1,"IOTHUB_CLIENT_CONFIRMATION_OK"
2387,4017302784,4017302826,1,"IOTHUB_CLIENT_CONFIRMATION_OK"
2388,4017302984,4017303023,1,"IOTHUB_CLIENT_CONFIRMATION_OK"
2389,4017303184,4017303217,1,"IOTHUB_CLIENT_CONFIRMATION_OK"
2390,4017303384,4017303427,1,"IOTHUB_CLIENT_CONFIRMATION_OK"
2391,4017303585,4017303620,1,"IOTHUB_CLIENT_CONFIRMATION_OK"
2392,4017303785,4017303819,1,"IOTHUB_CLIENT_CONFIRMATION_OK"
2393,4017303985,4017304044,1,"IOTHUB_CLIENT_CONFIRMATION_OK"
2394,4017304185,4017304230,1,"IOTHUB_CLIENT_CONFIRMATION_OK"
2395,4017304385,4017304422,1,"IOTHUB_CLIENT_CONFIRMATION_OK"
2396,4017304585,4017304754,1,"IOTHUB_CLIENT_CONFIRMATION_OK"
2397,4017304785,4017304830,1,"IOTHUB_CLIENT_CONFIRMATION_OK"
2398,4017304986,4017305019,1,"IOTHUB_CLIENT_CONFIRMATION_OK"
2399,4017305186,4017305234,1,"IOTHUB_CLIENT_CONFIRMATION_OK"
2400,4017305386,4017305425,1,"IOTHUB_CLIENT_CONFIRMATION_OK"
2401,4017305586,4017305661,1,"IOTHUB_CLIENT_CONFIRMATION_OK"
2402,4017305786,4017305839,1,"IOTHUB_CLIENT_CONFIRMATION_OK"
2403,4017305986,4017306022,1,"IOTHUB_CLIENT_CONFIRMATION_OK"
2404,4017306187,4017306273,1,"IOTHUB_CLIENT_CONFIRMATION_OK"
2405,4017306387,4017306420,1,"IOTHUB_CLIENT_CONFIRMATION_OK"
2406,4017306587,4017306628,1,"IOTHUB_CLIENT_CONFIRMATION_OK"
2407,4017306787,4017306827,1,"IOTHUB_CLIENT_CONFIRMATION_OK"
2408,4017306987,4017307029,1,"IOTHUB_CLIENT_CONFIRMATION_OK"
2409,4017307187,4017307398,1,"IOTHUB_CLIENT_CONFIRMATION_OK"
2410,4017307388,4017307432,1,"IOTHUB_CLIENT_CONFIRMATION_OK"
2411,4017307588,4017307628,1,"IOTHUB_CLIENT_CONFIRMATION_OK"
2412,4017307788,4017307899,1,"IOTHUB_CLIENT_CONFIRMATION_OK"
2413,4017307988,4017308038,1,"IOTHUB_CLIENT_CONFIRMATION_OK"
2414,4017308188,4017308243,1,"IOTHUB_CLIENT_CONFIRMATION_OK"
2415,4017308388,4017308422,1,"IOTHUB_CLIENT_CONFIRMATION_OK"
2416,4017308588,4017308617,1,"IOTHUB_CLIENT_CONFIRMATION_OK"
2417,4017308789,4017308903,1,"IOTHUB_CLIENT_CONFIRMATION_OK"
2418,4017308989,4017309071,1,"IOTHUB_CLIENT_CONFIRMATION_OK"
2419,4017309189,4017309228,1,"IOTHUB_CLIENT_CONFIRMATION_OK"
2420,4017309389,4017309536,1,"IOTHUB_CLIENT_CONFIRMATION_OK"
2421,4017309589,4017309656,1,"IOTHUB_CLIENT_CONFIRMATION_OK"
2422,4017309789,4017309851,1,"IOTHUB_CLIENT_CONFIRMATION_OK"
2423,4017309990,4017310026,1,"IOTHUB_CLIENT_CONFIRMATION_OK"
2424,4017310190,4017310310,1,"IOTHUB_CLIENT_CONFIRMATION_OK"
2425,4017310390,4017310425,1,"IOTHUB_CLIENT_CONFIRMATION_OK"
2426,4017310590,4017310649,1,"IOTHUB_CLIENT_CONFIRMATION_OK"
2427,4017310790,4017310841,1,"IOTHUB_CLIENT_CONFIRMATION_OK"
2428,4017310990,4017311079,1,"IOTHUB_CLIENT_CONFIRMATION_OK"
2429,4017311190,4017311229,1,"IOTHUB_CLIENT_CONFIRMATION_OK"
2430,4017311391,4017311636,1,"IOTHUB_CLIENT_CONFIRMATION_OK"
2431,4017311591,4017311728,1,"IOTHUB_CLIENT_CONFIRMATION_OK"
2432,4017311791,4017311839,1,"IOTHUB_CLIENT_CONFIRMATION_OK"
2433,4017311991,4017312047,1,"IOTHUB_CLIENT_CONFIRMATION_OK"
2434,4017312191,4017312232,1,"IOTHUB_CLIENT_CONFIRMATION_OK"
2435,4017312391,4017312425,1,"IOTHUB_CLIENT_CONFIRMATION_OK"
2436,4017312592,4017312711,1,"IOTHUB_CLIENT_CONFIRMATION_OK"
2437,4017312792,4017312825,1,"IOTHUB_CLIENT_CONFIRMATION_OK"
2438,4017312992,4017313026,1,"IOTHUB_CLIENT_CONFIRMATION_OK"
2439,4017313192,4017313341,1,"IOTHUB_CLIENT_CONFIRMATION_OK"
2440,4017313392,4017313436,1,"IOTHUB_CLIENT_CONFIRMATION_OK"
2441,4017313592,4017313634,1,"IOTHUB_CLIENT_CONFIRMATION_OK"
2442,4017313793,4017313836,1,"IOTHUB_CLIENT_CONFIRMATION_OK"
2443,4017313993,4017314042,1,"IOTHUB_CLIENT_CONFIRMATION_OK"
2444,4017314193,4017314222,1,"IOTHUB_CLIENT_CONFIRMATION_OK"
2445,4017314393,4017314430,1,"IOTHUB_CLIENT_CONFIRMATION_OK"
2446,4017314593,4017314630,1,"IOTHUB_CLIENT_CONFIRMATION_OK"
2447,4017314793,4017314992,1,"IOTHUB_CLIENT_CONFIRMATION_OK"
2448,4017314994,4017315047,1,"IOTHUB_CLIENT_CONFIRMATION_OK"
2449,4017315194,4017315233,1,"IOTHUB_CLIENT_CONFIRMATION_OK"
2450,4017315394,4017315439,1,"IOTHUB_CLIENT_CONFIRMATION_OK"
2451,4017315594,4017315630,1,"IOTHUB_CLIENT_CONFIRMATION_OK"
2452,4017315794,4017315874,1,"IOTHUB_CLIENT_CONFIRMATION_OK"
2453,4017315994,4017316100,1,"IOTHUB_CLIENT_CONFIRMATION_OK"
2454,4017316194,4017316241,1,"IOTHUB_CLIENT_CONFIRMATION_OK"
2455,4017316395,4017316598,1,"IOTHUB_CLIENT_CONFIRMATION_OK"
2456,4017316595,4017316647,1,"IOTHUB_CLIENT_CONFIRMATION_OK"
2457,4017316795,4017316831,1,"IOTHUB_CLIENT_CONFIRMATION_OK"
2458,4017316995,4017317027,1,"IOTHUB_CLIENT_CONFIRMATION_OK"
2459,4017317195,4017317229,1,"IOTHUB_CLIENT_CONFIRMATION_OK"
2460,4017317395,4017317448,1,"IOTHUB_CLIENT_CONFIRMATION_OK"
2461,4017317596,4017317665,1,"IOTHUB_CLIENT_CONFIRMATION_OK"
2462,4017317796,4017317826,1,"IOTHUB_CLIENT_CONFIRMATION_OK"
2463,4017317996,4017318185,1,"IOTHUB_CLIENT_CONFIRMATION_OK"
2464,4017318196,4017318237,1,"IOTHUB_CLIENT_CONFIRMATION_OK"
2465,4017318396,4017318434,1,"IOTHUB_CLIENT_CONFIRMATION_OK"
2466,4017318596,4017318646,1,"IOTHUB_CLIENT_CONFIRMATION_OK"
2467,4017318797,4017318846,1,"IOTHUB_CLIENT_CONFIRMATION_OK"
2468,4017318997,4017319061,1,"IOTHUB_CLIENT_CONFIRMATION_OK"
2469,4017319197,4017319252,1,"IOTHUB_CLIENT_CONFIRMATION_OK"
2470,4017319397,4017319435,1,"IOTHUB_CLIENT_CONFIRMATION_OK"
2471,4017319597,4017319641,1,"IOTHUB_CLIENT_CONFIRMATION_OK"
2472,4017319797,4017319835,1,"IOTHUB_CLIENT_CONFIRMATION_OK"
2473,4017319998,4017320057,1,"IOTHUB_CLIENT_CONFIRMATION_OK"
2474,4017320198,4017320285,1,"IOTHUB_CLIENT_CONFIRMATION_OK"
2475,4017320398,4017320469,1,"IOTHUB_CLIENT_CONFIRMATION_OK"
2476,4017320598,4017320630,1,"IOTHUB_CLIENT_CONFIRMATION_OK"
2477,4017320798,4017320897,1,"IOTHUB_CLIENT_CONFIRMATION_OK"
2478,4017320998,4017321088,1,"IOTHUB_CLIENT_CONFIRMATION_OK"
2479,4017321198,4017321277,1,"IOTHUB_CLIENT_CONFIRMATION_OK"
2480,4017321399,4017321436,1,"IOTHUB_CLIENT_CONFIRMATION_OK"
2481,4017321599,4017321669,1,"IOTHUB_CLIENT_CONFIRMATION_OK"
2482,4017321799,4017321937,1,"IOTHUB_CLIENT_CONFIRMATION_OK"
2483,4017321999,4017322033,1,"IOTHUB_CLIENT_CONFIRMATION_OK"
2484,4017322199,4017322231,1,"IOTHUB_CLIENT_CONFIRMATION_OK"
2485,4017322399,4017322430,1,"IOTHUB_CLIENT_CONFIRMATION_OK"
2486,4017322600,4017322632,1,"IOTHUB_CLIENT_CONFIRMATION_OK"
2487,4017322800,4017322833,1,"IOTHUB_CLIENT_CONFIRMATION_OK"
2488,4017323000,4017323032,1,"IOTHUB_CLIENT_CONFIRMATION_OK"
2489,4017323200,4017323258,1,"IOTHUB_CLIENT_CONFIRMATION_OK"
2490,4017323400,4017323610,1,"IOTHUB_CLIENT_CONFIRMATION_OK"
2491,4017323600,4017323645,1,"IOTHUB_CLIENT_CONFIRMATION_OK"
2492,4017323801,4017323865,1,"IOTHUB_CLIENT_CONFIRMATION_OK"
2493,4017324001,4017324054,1,"IOTHUB_CLIENT_CONFIRMATION_OK"
2494,4017324201,4017324288,1,"IOTHUB_CLIENT_CONFIRMATION_OK"
2495,4017324401,4017324443,1,"IOTHUB_CLIENT_CONFIRMATION_OK"
2496,4017324601,4017324633,1,"IOTHUB_CLIENT_CONFIRMATION_OK"
2497,4017324801,4017324844,1,"IOTHUB_CLIENT_CONFIRMATION_OK"
2498,4017325002,4017325039,1,"IOTHUB_CLIENT_CONFIRMATION_OK"
2499,4017325202,4017325241,1,"IOTHUB_CLIENT_CONFIRMATION_OK"
2500,4017325402,4017325436,1,"IOTHUB_CLIENT_CONFIRMATION_OK"
2501,4017325602,4017325676,1,"IOTHUB_CLIENT_CONFIRMATION_OK"
2502,4017325802,4017325838,1,"IOTHUB_CLIENT_CONFIRMATION_OK"
2503,4017326002,4017326042,1,"IOTHUB_CLIENT_CONFIRMATION_OK"
2504,4017326203,4017326252,1,"IOTHUB_CLIENT_CONFIRMATION_OK"
2505,4017326403,4017326437,1,"IOTHUB_CLIENT_CONFIRMATION_OK"
2506,4017326603,4017326651,1,"IOTHUB_CLIENT_CONFIRMATION_OK"
2507,4017326803,4017326886,1,"IOTHUB_CLIENT_CONFIRMATION_OK"
2508,4017327003,4017327120,1,"IOTHUB_CLIENT_CONFIRMATION_OK"
2509,4017327203,4017327346,1,"IOTHUB_CLIENT_CONFIRMATION_OK"
2510,4017327404,4017327443,1,"IOTHUB_CLIENT_CONFIRMATION_OK"
2511,4017327604,4017327640,1,"IOTHUB_CLIENT_CONFIRMATION_OK"
2512,4017327804,4017327895,1,"IOTHUB_CLIENT_CONFIRMATION_OK"
2513,4017328004,4017328071,1,"IOTHUB_CLIENT_CONFIRMATION_OK"
2514,4017328204,4017328248,1,"IOTHUB_CLIENT_CONFIRMATION_OK"
2515,4017328404,4017328449,1,"IOTHUB_CLIENT_CONFIRMATION_OK"
2516,4017328605,4017328637,1,"IOTHUB_CLIENT_CONFIRMATION_OK"
2517,4017328805,4017328974,1,"IOTHUB_CLIENT_CONFIRMATION_OK"
2518,4017329005,4017329036,1,"IOTHUB_CLIENT_CONFIRMATION_OK"
2519,4017329205,4017329282,1,"IOTHUB_CLIENT_CONFIRMATION_OK"
2520,4017329405,4017329483,1,"IOTHUB_CLIENT_CONFIRMATION_OK"
2521,4017329605,4017329650,1,"IOTHUB_CLIENT_CONFIRMATION_OK"
2522,4017329805,4017329850,1,"IOTHUB_CLIENT_CONFIRMATION_OK"
2523,4017330006,4017330042,1,"IOTHUB_CLIENT_CONFIRMATION_OK"
2524,4017330206,4017330251,1,"IOTHUB_CLIENT_CONFIRMATION_OK"
2525,4017330406,4017330480,1,"IOTHUB_CLIENT_CONFIRMATION_OK"
2526,4017330606,4017330648,1,"IOTHUB_CLIENT_CONFIRMATION_OK"
2527,4017330806,4017330841,1,"IOTHUB_CLIENT_CONFIRMATION_OK"
2528,4017331006,4017331048,1,"IOTHUB_CLIENT_CONFIRMATION_OK"
2529,4017331207,4017331320,1,"IOTHUB_CLIENT_CONFIRMATION_OK"
2530,4017331407,4017331461,1,"IOTHUB_CLIENT_CONFIRMATION_OK"
2531,4017331607,4017331640,1,"IOTHUB_CLIENT_CONFIRMATION_OK"
2532,4017331807,4017331839,1,"IOTHUB_CLIENT_CONFIRMATION_OK"
2533,4017332007,4017332036,1,"IOTHUB_CLIENT_CONFIRMATION_OK"
2534,4017332207,4017332257,1,"IOTHUB_CLIENT_CONFIRMATION_OK"
2535,4017332408,4017332455,1,"IOTHUB_CLIENT_CONFIRMATION_OK"
2536,4017332608,4017332786,1,"IOTHUB_CLIENT_CONFIRMATION_OK"
2537,4017332808,4017332851,1,"IOTHUB_CLIENT_CONFIRMATION_OK"
2538,4017333008,4017333071,1,"IOTHUB_CLIENT_CONFIRMATION_OK"
2539,4017333208,4017333324,1,"IOTHUB_CLIENT_CONFIRMATION_OK"
2540,4017333408,4017333461,1,"IOTHUB_CLIENT_CONFIRMATION_OK"
2541,4017333608,4017333649,1,"IOTHUB_CLIENT_CONFIRMATION_OK"
2542,4017333809,4017333841,1,"IOTHUB_CLIENT_CONFIRMATION_OK"
2543,4017334009,4017334045,1,"IOTHUB_CLIENT_CONFIRMATION_OK"
2544,4017334209,4017334392,1,"IOTHUB_CLIENT_CONFIRMATION_OK"
2545,4017334409,4017334467,1,"IOTHUB_CLIENT_CONFIRMATION_OK"
2546,4017334609,4017334660,1,"IOTHUB_CLIENT_CONFIRMATION_OK"
2547,4017334809,4017334841,1,"IOTHUB_CLIENT_CONFIRMATION_OK"
2548,4017335010,4017335055,1,"IOTHUB_CLIENT_CONFIRMATION_OK"
2549,4017335210,4017335237,1,"IOTHUB_CLIENT_CONFIRMATION_OK"
2550,4017335410,4017335441,1,"IOTHUB_CLIENT_CONFIRMATION_OK"
2551,4017335610,4017335641,1,"IOTHUB_CLIENT_CONFIRMATION_OK"
2552,4017335810,4017335840,1,"IOTHUB_CLIENT_CONFIRMATION_OK"
2553,4017336010,4017336050,1,"IOTHUB_CLIENT_CONFIRMATION_OK"
2554,4017336210,4017336244,1,"IOTHUB_CLIENT_CONFIRMATION_OK"
2555,4017336411,4017336454,1,"IOTHUB_CLIENT_CONFIRMATION_OK"
2556,4017336611,4017336644,1,"IOTHUB_CLIENT_CONFIRMATION_OK"
2557,4017336811,4017336843,1,"IOTHUB_CLIENT_CONFIRMATION_OK"
2558,4017337011,4017337133,1,"IOTHUB_CLIENT_CONFIRMATION_OK"
2559,4017337211,4017337242,1,"IOTHUB_CLIENT_CONFIRMATION_OK"
2560,4017337411,4017337445,1,"IOTHUB_CLIENT_CONFIRMATION_OK"
2561,4017337612,4017337648,1,"IOTHUB_CLIENT_CONFIRMATION_OK"
2562,4017337812,4017337855,1,"IOTHUB_CLIENT_CONFIRMATION_OK"
2563,4017338012,4017338143,1,"IOTHUB_CLIENT_CONFIRMATION_OK"
2564,4017338212,4017338245,1,"IOTHUB_CLIENT_CONFIRMATION_OK"
2565,4017338412,4017338477,1,"IOTHUB_CLIENT_CONFIRMATION_OK"
2566,4017338612,4017338772,1,"IOTHUB_CLIENT_CONFIRMATION_OK"
2567,4017338813,4017338857,1,"IOTHUB_CLIENT_CONFIRMATION_OK"
2568,4017339013,4017339048,1,"IOTHUB_CLIENT_CONFIRMATION_OK"
2569,4017339213,4017339256,1,"IOTHUB_CLIENT_CONFIRMATION_OK"
2570,4017339413,4017339445,1,"IOTHUB_CLIENT_CONFIRMATION_OK"
2571,4017339613,4017339809,1,"IOTHUB_CLIENT_CONFIRMATION_OK"
2572,4017339813,4017339860,1,"IOTHUB_CLIENT_CONFIRMATION_OK"
2573,4017340014,4017340049,1,"IOTHUB_CLIENT_CONFIRMATION_OK"
2574,4017340214,4017340249,1,"IOTHUB_CLIENT_CONFIRMATION_OK"
2575,4017340414,4017340448,1,"IOTHUB_CLIENT_CONFIRMATION_OK"
2576,4017340614,4017340659,1,"IOTHUB_CLIENT_CONFIRMATION_OK"
2577,4017340814,4017340850,1,"IOTHUB_CLIENT_CONFIRMATION_OK"
2578,4017341014,4017341057,1,"IOTHUB_CLIENT_CONFIRMATION_OK"
2579,4017341215,4017341258,1,"IOTHUB_CLIENT_CONFIRMATION_OK"
2580,4017341415,4017341453,1,"IOTHUB_CLIENT_CONFIRMATION_OK"
2581,4017341615,4017341650,1,"IOTHUB_CLIENT_CONFIRMATION_OK"
2582,4017341815,4017341850,1,"IOTHUB_CLIENT_CONFIRMATION_OK"
2583,4017342015,4017342050,1,"IOTHUB_CLIENT_CONFIRMATION_OK"
2584,4017342215,4017342249,1,"IOTHUB_CLIENT_CONFIRMATION_OK"
2585,4017342416,4017342491,1,"IOTHUB_CLIENT_CONFIRMATION_OK"
2586,4017342616,4017342666,1,"IOTHUB_CLIENT_CONFIRMATION_OK"
2587,4017342816,4017342845,1,"IOTHUB_CLIENT_CONFIRMATION_OK"
2588,4017343016,4017343062,1,"IOTHUB_CLIENT_CONFIRMATION_OK"
2589,4017343216,4017343294,1,"IOTHUB_CLIENT_CONFIRMATION_OK"
2590,4017343416,4017343475,1,"IOTHUB_CLIENT_CONFIRMATION_OK"
2591,4017343617,4017343647,1,"IOTHUB_CLIENT_CONFIRMATION_OK"
2592,4017343817,4017343849,1,"IOTHUB_CLIENT_CONFIRMATION_OK"
2593,4017344017,4017344077,1,"IOTHUB_CLIENT_CONFIRMATION_OK"
2594,4017344217,4017344267,1,"IOTHUB_CLIENT_CONFIRMATION_OK"
2595,4017344417,4017344452,1,"IOTHUB_CLIENT_CONFIRMATION_OK"
2596,4017344617,4017344692,1,"IOTHUB_CLIENT_CONFIRMATION_OK"
2597,4017344818,4017344852,1,"IOTHUB_CLIENT_CONFIRMATION_OK"
2598,4017345018,4017345087,1,"IOTHUB_CLIENT_CONFIRMATION_OK"
2599,4017345218,4017345256,1,"IOTHUB_CLIENT_CONFIRMATION_OK"
2600,4017345418,4017345448,1,"IOTHUB_CLIENT_CONFIRMATION_OK"
2601,4017345618,4017345718,1,"IOTHUB_CLIENT_CONFIRMATION_OK"
2602,4017345818,4017345853,1,"IOTHUB_CLIENT_CONFIRMATION_OK"
2603,4017346019,4017346051,1,"IOTHUB_CLIENT_CONFIRMATION_OK"
2604,4017346219,4017346314,1,"IOTHUB_CLIENT_CONFIRMATION_OK"
2605,4017346419,4017346450,1,"IOTHUB_CLIENT_CONFIRMATION_OK"
2606,4017346619,4017346675,1,"IOTHUB_CLIENT_CONFIRMATION_OK"
2607,4017346819,4017346862,1,"IOTHUB_CLIENT_CONFIRMATION_OK"
2608,4017347019,4017347075,1,"IOTHUB_CLIENT_CONFIRMATION_OK"
2609,4017347220,4017347345,1,"IOTHUB_CLIENT_CONFIRMATION_OK"
2610,4017347420,4017347453,1,"IOTHUB_CLIENT_CONFIRMATION_OK"
2611,4017347620,4017347650,1,"IOTHUB_CLIENT_CONFIRMATION_OK"
2612,4017347820,4017347955,1,"IOTHUB_CLIENT_CONFIRMATION_OK"
2613,4017348020,4017348074,1,"IOTHUB_CLIENT_CONFIRMATION_OK"
2614,4017348220,4017348259,1,"IOTHUB_CLIENT_CONFIRMATION_OK"
2615,4017348421,4017348469,1,"IOTHUB_CLIENT_CONFIRMATION_OK"
2616,4017348621,4017348665,1,"IOTHUB_CLIENT_CONFIRMATION_OK"
2617,4017348821,4017348957,1,"IOTHUB_CLIENT_CONFIRMATION_OK"
2618,4017349021,4017349060,1,"IOTHUB_CLIENT_CONFIRMATION_OK"
2619,4017349221,4017349252,1,"IOTHUB_CLIENT_CONFIRMATION_OK"
2620,4017349421,4017349570,1,"IOTHUB_CLIENT_CONFIRMATION_OK"
2621,4017349621,4017349671,1,"IOTHUB_CLIENT_CONFIRMATION_OK"
2622,4017349822,4017349866,1,"IOTHUB_CLIENT_CONFIRMATION_OK"
2623,4017350022,4017350054,1,"IOTHUB_CLIENT_CONFIRMATION_OK"
2624,4017350222,4017350269,1,"IOTHUB_CLIENT_CONFIRMATION_OK"
2625,4017350422,4017350512,1,"IOTHUB_CLIENT_CONFIRMATION_OK"
2626,4017350622,4017350653,1,"IOTHUB_CLIENT_CONFIRMATION_OK"
2627,4017350822,4017350861,1,"IOTHUB_CLIENT_CONFIRMATION_OK"
2628,4017351023,4017351200,1,"IOTHUB_CLIENT_CONFIRMATION_OK"
2629,4017351223,4017351255,1,"IOTHUB_CLIENT_CONFIRMATION_OK"
2630,4017351423,4017351454,1,"IOTHUB_CLIENT_CONFIRMATION_OK"
2631,4017351623,4017351669,1,"IOTHUB_CLIENT_CONFIRMATION_OK"
2632,4017351823,4017351859,1,"IOTHUB_CLIENT_CONFIRMATION_OK"
2633,4017352023,4017352055,1,"IOTHUB_CLIENT_CONFIRMATION_OK"
2634,4017352224,4017352255,1,"IOTHUB_CLIENT_CONFIRMATION_OK"
2635,4017352424,4017352457,1,"IOTHUB_CLIENT_CONFIRMATION_OK"
2636,4017352624,4017352821,1,"IOTHUB_CLIENT_CONFIRMATION_OK"
2637,4017352824,4017352856,1,"IOTHUB_CLIENT_CONFIRMATION_OK"
2638,4017353024,4017353081,1,"IOTHUB_CLIENT_CONFIRMATION_OK"
2639,4017353224,4017353269,1,"IOTHUB_CLIENT_CONFIRMATION_OK"
2640,4017353425,4017353492,1,"IOTHUB_CLIENT_CONFIRMATION_OK"
2641,4017353625,4017353666,1,"IOTHUB_CLIENT_CONFIRMATION_OK"
2642,4017353825,4017353868,1,"IOTHUB_CLIENT_CONFIRMATION_OK"
2643,4017354025,4017354102,1,"IOTHUB_CLIENT_CONFIRMATION_OK"
2644,4017354225,4017354421,1,"IOTHUB_CLIENT_CONFIRMATION_OK"
2645,4017354425,4017354456,1,"IOTHUB_CLIENT_CONFIRMATION_OK"
2646,4017354626,4017354659,1,"IOTHUB_CLIENT_CONFIRMATION_OK"
2647,4017354826,4017354865,1,"IOTHUB_CLIENT_CONFIRMATION_OK"
2648,4017355026,4017355059,1,"IOTHUB_CLIENT_CONFIRMATION_OK"
2649,4017355226,4017355278,1,"IOTHUB_CLIENT_CONFIRMATION_OK"
2650,4017355426,4017355463,1,"IOTHUB_CLIENT_CONFIRMATION_OK"
2651,4017355626,4017355675,1,"IOTHUB_CLIENT_CONFIRMATION_OK"
2652,4017355826,4017355859,1,"IOTHUB_CLIENT_CONFIRMATION_OK"
2653,4017356027,4017356066,1,"IOTHUB_CLIENT_CONFIRMATION_OK"
2654,4017356227,4017356261,1,"IOTHUB_CLIENT_CONFIRMATION_OK"
2655,4017356427,4017356479,1,"IOTHUB_CLIENT_CONFIRMATION_OK"
2656,4017356627,4017356673,1,"IOTHUB_CLIENT_CONFIRMATION_OK"
2657,4017356827,4017356866,1,"IOTHUB_CLIENT_CONFIRMATION_OK"
2658,4017357027,4017357113,1,"IOTHUB_CLIENT_CONFIRMATION_OK"
2659,4017357228,4017357288,1,"IOTHUB_CLIENT_CONFIRMATION_OK"
2660,4017357428,4017357477,1,"IOTHUB_CLIENT_CONFIRMATION_OK"
2661,4017357628,4017357660,1,"IOTHUB_CLIENT_CONFIRMATION_OK"
2662,4017357828,4017357872,1,"IOTHUB_CLIENT_CONFIRMATION_OK"
2663,4017358028,4017358130,1,"IOTHUB_CLIENT_CONFIRMATION_OK"
2664,4017358228,4017358260,1,"IOTHUB_CLIENT_CONFIRMATION_OK"
2665,4017358428,4017358465,1,"IOTHUB_CLIENT_CONFIRMATION_OK"
2666,4017358629,4017358745,1,"IOTHUB_CLIENT_CONFIRMATION_OK"
2667,4017358829,4017358860,1,"IOTHUB_CLIENT_CONFIRMATION_OK"
2668,4017359029,4017359062,1,"IOTHUB_CLIENT_CONFIRMATION_OK"
2669,4017359229,4017359275,1,"IOTHUB_CLIENT_CONFIRMATION_OK"
2670,4017359429,4017359464,1,"IOTHUB_CLIENT_CONFIRMATION_OK"
2671,4017359629,4017359765,1,"IOTHUB_CLIENT_CONFIRMATION_OK"
2672,4017359830,4017359860,1,"IOTHUB_CLIENT_CONFIRMATION_OK"
2673,4017360030,4017360063,1,"IOTHUB_CLIENT_CONFIRMATION_OK"
2674,4017360230,4017360405,1,"IOTHUB_CLIENT_CONFIRMATION_OK"
2675,4017360430,4017360465,1,"IOTHUB_CLIENT_CONFIRMATION_OK"
2676,4017360630,4017360665,1,"IOTHUB_CLIENT_CONFIRMATION_OK"
2677,4017360830,4017360874,1,"IOTHUB_CLIENT_CONFIRMATION_OK"
2678,4017361031,4017361073,1,"IOTHUB_CLIENT_CONFIRMATION_OK"
2679,4017361231,4017361261,1,"IOTHUB_CLIENT_CONFIRMATION_OK"
2680,4017361431,4017361476,1,"IOTHUB_CLIENT_CONFIRMATION_OK"
2681,4017361631,4017361669,1,"IOTHUB_CLIENT_CONFIRMATION_OK"
2682,4017361831,4017361865,1,"IOTHUB_CLIENT_CONFIRMATION_OK"
2683,4017362031,4017362073,1,"IOTHUB_CLIENT_CONFIRMATION_OK"
2684,4017362231,4017362263,1,"IOTHUB_CLIENT_CONFIRMATION_OK"
2685,4017362432,4017362468,1,"IOTHUB_CLIENT_CONFIRMATION_OK"
2686,4017362632,4017362683,1,"IOTHUB_CLIENT_CONFIRMATION_OK"
2687,4017362832,4017362866,1,"IOTHUB_CLIENT_CONFIRMATION_OK"
2688,4017363032,4017363077,1,"IOTHUB_CLIENT_CONFIRMATION_OK"
2689,4017363232,4017363277,1,"IOTHUB_CLIENT_CONFIRMATION_OK"
2690,4017363432,4017363478,1,"IOTHUB_CLIENT_CONFIRMATION_OK"
2691,4017363633,4017363669,1,"IOTHUB_CLIENT_CONFIRMATION_OK"
2692,4017363833,4017363871,1,"IOTHUB_CLIENT_CONFIRMATION_OK"
2693,4017364033,4017364078,1,"IOTHUB_CLIENT_CONFIRMATION_OK"
2694,4017364233,4017364275,1,"IOTHUB_CLIENT_CONFIRMATION_OK"
2695,4017364433,4017364491,1,"IOTHUB_CLIENT_CONFIRMATION_OK"
2696,4017364633,4017364702,1,"IOTHUB_CLIENT_CONFIRMATION_OK"
2697,4017364833,4017364871,1,"IOTHUB_CLIENT_CONFIRMATION_OK"
2698,4017365034,4017365121,1,"IOTHUB_CLIENT_CONFIRMATION_OK"
2699,4017365234,4017365276,1,"IOTHUB_CLIENT_CONFIRMATION_OK"
2700,4017365434,4017365472,1,"IOTHUB_CLIENT_CONFIRMATION_OK"
2701,4017365634,4017365722,1,"IOTHUB_CLIENT_CONFIRMATION_OK"
2702,4017365834,4017365889,1,"IOTHUB_CLIENT_CONFIRMATION_OK"
2703,4017366034,4017366083,1,"IOTHUB_CLIENT_CONFIRMATION_OK"
2704,4017366235,4017366312,1,"IOTHUB_CLIENT_CONFIRMATION_OK"
2705,4017366435,4017366466,1,"IOTHUB_CLIENT_CONFIRMATION_OK"
2706,4017366635,4017366734,1,"IOTHUB_CLIENT_CONFIRMATION_OK"
2707,4017366835,4017366921,1,"IOTHUB_CLIENT_CONFIRMATION_OK"
2708,4017367035,4017367090,1,"IOTHUB_CLIENT_CONFIRMATION_OK"
2709,4017367235,4017367352,1,"IOTHUB_CLIENT_CONFIRMATION_OK"
2710,4017367435,4017367589,1,"IOTHUB_CLIENT_CONFIRMATION_OK"
2711,4017367636,4017367687,1,"IOTHUB_CLIENT_CONFIRMATION_OK"
2712,4017367836,4017367913,1,"IOTHUB_CLIENT_CONFIRMATION_OK"
2713,4017368036,4017368068,1,"IOTHUB_CLIENT_CONFIRMATION_OK"
2714,4017368236,4017368268,1,"IOTHUB_CLIENT_CONFIRMATION_OK"
2715,4017368436,4017368473,1,"IOTHUB_CLIENT_CONFIRMATION_OK"
2716,4017368636,4017368680,1,"IOTHUB_CLIENT_CONFIRMATION_OK"
2717,4017368837,4017369004,1,"IOTHUB_CLIENT_CONFIRMATION_OK"
2718,4017369037,4017369095,1,"IOTHUB_CLIENT_CONFIRMATION_OK"
2719,4017369237,4017369271,1,"IOTHUB_CLIENT_CONFIRMATION_OK"
2720,4017369437,4017369486,1,"IOTHUB_CLIENT_CONFIRMATION_OK"
2721,4017369637,4017369672,1,"IOTHUB_CLIENT_CONFIRMATION_OK"
2722,4017369837,4017369893,1,"IOTHUB_CLIENT_CONFIRMATION_OK"
2723,4017370037,4017370083,1,"IOTHUB_CLIENT_CONFIRMATION_OK"
2724,4017370238,4017370271,1,"IOTHUB_CLIENT_CONFIRMATION_OK"
2725,4017370438,4017370625,1,"IOTHUB_CLIENT_CONFIRMATION_OK"
2726,4017370638,4017370745,1,"IOTHUB_CLIENT_CONFIRMATION_OK"
2727,4017370838,4017370873,1,"IOTHUB_CLIENT_CONFIRMATION_OK"
2728,4017371038,4017371072,1,"IOTHUB_CLIENT_CONFIRMATION_OK"
2729,4017371238,4017371281,1,"IOTHUB_CLIENT_CONFIRMATION_OK"
2730,4017371439,4017371516,1,"IOTHUB_CLIENT_CONFIRMATION_OK"
2731,4017371639,4017371672,1,"IOTHUB_CLIENT_CONFIRMATION_OK"
2732,4017371839,4017371886,1,"IOTHUB_CLIENT_CONFIRMATION_OK"
2733,4017372039,4017372227,1,"IOTHUB_CLIENT_CONFIRMATION_OK"
2734,4017372239,4017372271,1,"IOTHUB_CLIENT_CONFIRMATION_OK"
2735,4017372439,4017372478,1,"IOTHUB_CLIENT_CONFIRMATION_OK"
2736,4017372640,4017372670,1,"IOTHUB_CLIENT_CONFIRMATION_OK"
2737,4017372840,4017372888,1,"IOTHUB_CLIENT_CONFIRMATION_OK"
2738,4017373040,4017373089,1,"IOTHUB_CLIENT_CONFIRMATION_OK"
2739,4017373240,4017373282,1,"IOTHUB_CLIENT_CONFIRMATION_OK"
2740,4017373440,4017373493,1,"IOTHUB_CLIENT_CONFIRMATION_OK"
2741,4017373640,4017373670,1,"IOTHUB_CLIENT_CONFIRMATION_OK"
2742,4017373841,4017373898,1,"IOTHUB_CLIENT_CONFIRMATION_OK"
2743,4017374041,4017374073,1,"IOTHUB_CLIENT_CONFIRMATION_OK"
2744,4017374241,4017374297,1,"IOTHUB_CLIENT_CONFIRMATION_OK"
2745,4017374441,4017374480,1,"IOTHUB_CLIENT_CONFIRMATION_OK"
2746,4017374641,4017374720,1,"IOTHUB_CLIENT_CONFIRMATION_OK"
2747,4017374841,4017374902,1,"IOTHUB_CLIENT_CONFIRMATION_OK"
2748,4017375041,4017375094,1,"IOTHUB_CLIENT_CONFIRMATION_OK"
2749,4017375242,4017375288,1,"IOTHUB_CLIENT_CONFIRMATION_OK"
2750,4017375442,4017375545,1,"IOTHUB_CLIENT_CONFIRMATION_OK"
2751,4017375642,4017375672,1,"IOTHUB_CLIENT_CONFIRMATION_OK"
2752,4017375842,4017375905,1,"IOTHUB_CLIENT_CONFIRMATION_OK"
2753,4017376042,4017376084,1,"IOTHUB_CLIENT_CONFIRMATION_OK"
2754,4017376242,4017376280,1,"IOTHUB_CLIENT_CONFIRMATION_OK"
2755,4017376443,4017376541,1,"IOTHUB_CLIENT_CONFIRMATION_OK"
2756,4017376643,4017376677,1,"IOTHUB_CLIENT_CONFIRMATION_OK"
2757,4017376843,4017376889,1,"IOTHUB_CLIENT_CONFIRMATION_OK"
2758,4017377043,4017377164,1,"IOTHUB_CLIENT_CONFIRMATION_OK"
2759,4017377243,4017377273,1,"IOTHUB_CLIENT_CONFIRMATION_OK"
2760,4017377443,4017377528,1,"IOTHUB_CLIENT_CONFIRMATION_OK"
2761,4017377643,4017377677,1,"IOTHUB_CLIENT_CONFIRMATION_OK"
2762,4017377844,4017377875,1,"IOTHUB_CLIENT_CONFIRMATION_OK"
2763,4017378044,4017378288,1,"IOTHUB_CLIENT_CONFIRMATION_OK"
2764,4017378244,4017378312,1,"IOTHUB_CLIENT_CONFIRMATION_OK"
2765,4017378444,4017378493,1,"IOTHUB_CLIENT_CONFIRMATION_OK"
2766,4017378644,4017378756,1,"IOTHUB_CLIENT_CONFIRMATION_OK"
2767,4017378844,4017378880,1,"IOTHUB_CLIENT_CONFIRMATION_OK"
2768,4017379045,4017379087,1,"IOTHUB_CLIENT_CONFIRMATION_OK"
2769,4017379245,4017379290,1,"IOTHUB_CLIENT_CONFIRMATION_OK"
2770,4017379445,4017379483,1,"IOTHUB_CLIENT_CONFIRMATION_OK"
2771,4017379645,4017379903,1,"IOTHUB_CLIENT_CONFIRMATION_OK"
2772,4017379845,4017379928,1,"IOTHUB_CLIENT_CONFIRMATION_OK"
2773,4017380045,4017380084,1,"IOTHUB_CLIENT_CONFIRMATION_OK"
2774,4017380245,4017380281,1,"IOTHUB_CLIENT_CONFIRMATION_OK"
2775,4017380446,4017380499,1,"IOTHUB_CLIENT_CONFIRMATION_OK"
2776,4017380646,4017380688,1,"IOTHUB_CLIENT_CONFIRMATION_OK"
2777,4017380846,4017380947,1,"IOTHUB_CLIENT_CONFIRMATION_OK"
2778,4017381046,4017381090,1,"IOTHUB_CLIENT_CONFIRMATION_OK"
2779,4017381246,4017381283,1,"IOTHUB_CLIENT_CONFIRMATION_OK"
2780,4017381446,4017381480,1,"IOTHUB_CLIENT_CONFIRMATION_OK"
2781,4017381647,4017381757,1,"IOTHUB_CLIENT_CONFIRMATION_OK"
2782,4017381847,4017381930,1,"IOTHUB_CLIENT_CONFIRMATION_OK"
2783,4017382047,4017382080,1,"IOTHUB_CLIENT_CONFIRMATION_OK"
2784,4017382247,4017382285,1,"IOTHUB_CLIENT_CONFIRMATION_OK"
2785,4017382447,4017382498,1,"IOTHUB_CLIENT_CONFIRMATION_OK"
2786,4017382647,4017382722,1,"IOTHUB_CLIENT_CONFIRMATION_OK"
2787,4017382847,4017382902,1,"IOTHUB_CLIENT_CONFIRMATION_OK"
2788,4017383048,4017383082,1,"IOTHUB_CLIENT_CONFIRMATION_OK"
2789,4017383248,4017383286,1,"IOTHUB_CLIENT_CONFIRMATION_OK"
2790,4017383448,4017383496,1,"IOTHUB_CLIENT_CONFIRMATION_OK"
2791,4017383648,4017383682,1,"IOTHUB_CLIENT_CONFIRMATION_OK"
2792,4017383848,4017383888,1,"IOTHUB_CLIENT_CONFIRMATION_OK"
2793,4017384048,4017384137,1,"IOTHUB_CLIENT_CONFIRMATION_OK"
2794,4017384248,4017384280,1,"IOTHUB_CLIENT_CONFIRMATION_OK"
2795,4017384449,4017384491,1,"IOTHUB_CLIENT_CONFIRMATION_OK"
2796,4017384649,4017384687,1,"IOTHUB_CLIENT_CONFIRMATION_OK"
2797,4017384849,4017384886,1,"IOTHUB_CLIENT_CONFIRMATION_OK"
2798,4017385049,4017385126,1,"IOTHUB_CLIENT_CONFIRMATION_OK"
2799,4017385249,4017385291,1,"IOTHUB_CLIENT_CONFIRMATION_OK"
2800,4017385449,4017385508,1,"IOTHUB_CLIENT_CONFIRMATION_OK"
2801,4017385650,4017385768,1,"IOTHUB_CLIENT_CONFIRMATION_OK"
2802,4017385850,4017385879,1,"IOTHUB_CLIENT_CONFIRMATION_OK"
2803,4017386050,4017386140,1,"IOTHUB_CLIENT_CONFIRMATION_OK"
2804,4017386250,4017386285,1,"IOTHUB_CLIENT_CONFIRMATION_OK"
2805,4017386450,4017386497,1,"IOTHUB_CLIENT_CONFIRMATION_OK"
2806,4017386650,4017386826,1,"IOTHUB_CLIENT_CONFIRMATION_OK"
2807,4017386850,4017386890,1,"IOTHUB_CLIENT_CONFIRMATION_OK"
2808,4017387051,4017387089,1,"IOTHUB_CLIENT_CONFIRMATION_OK"
2809,4017387251,4017387402,1,"IOTHUB_CLIENT_CONFIRMATION_OK"
2810,4017387451,4017387513,1,"IOTHUB_CLIENT_CONFIRMATION_OK"
2811,4017387651,4017387823,1,"IOTHUB_CLIENT_CONFIRMATION_OK"
2812,4017387851,4017387886,1,"IOTHUB_CLIENT_CONFIRMATION_OK"
2813,4017388051,4017388100,1,"IOTHUB_CLIENT_CONFIRMATION_OK"
2814,4017388252,4017388397,1,"IOTHUB_CLIENT_CONFIRMATION_OK"
2815,4017388452,4017388571,1,"IOTHUB_CLIENT_CONFIRMATION_OK"
2816,4017388652,4017388684,1,"IOTHUB_CLIENT_CONFIRMATION_OK"
2817,4017388852,4017388986,1,"IOTHUB_CLIENT_CONFIRMATION_OK"
2818,4017389052,4017389122,1,"IOTHUB_CLIENT_CONFIRMATION_OK"
2819,4017389252,4017389301,1,"IOTHUB_CLIENT_CONFIRMATION_OK"
2820,4017389452,4017389502,1,"IOTHUB_CLIENT_CONFIRMATION_OK"
2821,4017389653,4017389691,1,"IOTHUB_CLIENT_CONFIRMATION_OK"
2822,4017389853,4017389892,1,"IOTHUB_CLIENT_CONFIRMATION_OK"
2823,4017390053,4017390095,1,"IOTHUB_CLIENT_CONFIRMATION_OK"
2824,4017390253,4017390287,1,"IOTHUB_CLIENT_CONFIRMATION_OK"
2825,4017390453,4017390626,1,"IOTHUB_CLIENT_CONFIRMATION_OK"
2826,4017390653,4017390801,1,"IOTHUB_CLIENT_CONFIRMATION_OK"
2827,4017390854,4017390890,1,"IOTHUB_CLIENT_CONFIRMATION_OK"
2828,4017391054,4017391090,1,"IOTHUB_CLIENT_CONFIRMATION_OK"
2829,4017391254,4017391291,1,"IOTHUB_CLIENT_CONFIRMATION_OK"
2830,4017391454,4017391502,1,"IOTHUB_CLIENT_CONFIRMATION_OK"
2831,4017391654,4017391686,1,"IOTHUB_CLIENT_CONFIRMATION_OK"
2832,4017391854,4017391895,1,"IOTHUB_CLIENT_CONFIRMATION_OK"
2833,4017392055,4017392274,1,"IOTHUB_CLIENT_CONFIRMATION_OK"
2834,4017392255,4017392311,1,"IOTHUB_CLIENT_CONFIRMATION_OK"
2835,4017392455,4017392727,1,"IOTHUB_CLIENT_CONFIRMATION_OK"
2836,4017392655,4017392763,1,"IOTHUB_CLIENT_CONFIRMATION_OK"
2837,4017392855,4017392893,1,"IOTHUB_CLIENT_CONFIRMATION_OK"
2838,4017393055,4017393124,1,"IOTHUB_CLIENT_CONFIRMATION_OK"
2839,4017393255,4017393292,1,"IOTHUB_CLIENT_CONFIRMATION_OK"
2840,4017393456,4017393490,1,"IOTHUB_CLIENT_CONFIRMATION_OK"
2841,4017393656,4017393784,1,"IOTHUB_CLIENT_CONFIRMATION_OK"
2842,4017393856,4017393895,1,"IOTHUB_CLIENT_CONFIRMATION_OK"
2843,4017394056,4017394103,1,"IOTHUB_CLIENT_CONFIRMATION_OK"
2844,4017394256,4017394382,1,"IOTHUB_CLIENT_CONFIRMATION_OK"
2845,4017394456,4017394487,1,"IOTHUB_CLIENT_CONFIRMATION_OK"
2846,4017394657,4017394717,1,"IOTHUB_CLIENT_CONFIRMATION_OK"
2847,4017394857,4017394928,1,"IOTHUB_CLIENT_CONFIRMATION_OK"
2848,4017395057,4017395181,1,"IOTHUB_CLIENT_CONFIRMATION_OK"
2849,4017395257,4017395328,1,"IOTHUB_CLIENT_CONFIRMATION_OK"
2850,4017395457,4017395498,1,"IOTHUB_CLIENT_CONFIRMATION_OK"
2851,4017395657,4017395698,1,"IOTHUB_CLIENT_CONFIRMATION_OK"
2852,4017395858,4017396005,1,"IOTHUB_CLIENT_CONFIRMATION_OK"
2853,4017396058,4017396090,1,"IOTHUB_CLIENT_CONFIRMATION_OK"
2854,4017396258,4017396292,1,"IOTHUB_CLIENT_CONFIRMATION_OK"
2855,4017396458,4017396494,1,"IOTHUB_CLIENT_CONFIRMATION_OK"
2856,4017396658,4017396692,1,"IOTHUB_CLIENT_CONFIRMATION_OK"
2857,4017396858,4017396894,1,"IOTHUB_CLIENT_CONFIRMATION_OK"
2858,4017397058,4017397100,1,"IOTHUB_CLIENT_CONFIRMATION_OK"
2859,4017397259,4017397298,1,"IOTHUB_CLIENT_CONFIRMATION_OK"
2860,4017397459,4017397616,1,"IOTHUB_CLIENT_CONFIRMATION_OK"
2861,4017397659,4017397703,1,"IOTHUB_CLIENT_CONFIRMATION_OK"
2862,4017397859,4017397902,1,"IOTHUB_CLIENT_CONFIRMATION_OK"
2863,4017398059,4017398125,1,"IOTHUB_CLIENT_CONFIRMATION_OK"
2864,4017398259,4017398294,1,"IOTHUB_CLIENT_CONFIRMATION_OK"
2865,4017398460,4017398502,1,"IOTHUB_CLIENT_CONFIRMATION_OK"
2866,4017398660,4017398798,1,"IOTHUB_CLIENT_CONFIRMATION_OK"
2867,4017398860,4017398921,1,"IOTHUB_CLIENT_CONFIRMATION_OK"
2868,4017399060,4017399149,1,"IOTHUB_CLIENT_CONFIRMATION_OK"
2869,4017399260,4017399297,1,"IOTHUB_CLIENT_CONFIRMATION_OK"
2870,4017399460,4017399494,1,"IOTHUB_CLIENT_CONFIRMATION_OK"
2871,4017399660,4017399697,1,"IOTHUB_CLIENT_CONFIRMATION_OK"
2872,4017399861,4017399890,1,"IOTHUB_CLIENT_CONFIRMATION_OK"
2873,4017400061,4017400097,1,"IOTHUB_CLIENT_CONFIRMATION_OK"
2874,4017400261,4017400297,1,"IOTHUB_CLIENT_CONFIRMATION_OK"
2875,4017400461,4017400615,1,"IOTHUB_CLIENT_CONFIRMATION_OK"
2876,4017400661,4017400723,1,"IOTHUB_CLIENT_CONFIRMATION_OK"
2877,4017400861,4017400898,1,"IOTHUB_CLIENT_CONFIRMATION_OK"
2878,4017401062,4017401108,1,"IOTHUB_CLIENT_CONFIRMATION_OK"
2879,4017401262,4017401303,1,"IOTHUB_CLIENT_CONFIRMATION_OK"
2880,4017401462,4017401502,1,"IOTHUB_CLIENT_CONFIRMATION_OK"
2881,4017401662,4017401697,1,"IOTHUB_CLIENT_CONFIRMATION_OK"
2882,4017401862,4017401900,1,"IOTHUB_CLIENT_CONFIRMATION_OK"
2883,4017402062,4017402112,1,"IOTHUB_CLIENT_CONFIRMATION_OK"
2884,4017402263,4017402304,1,"IOTHUB_CLIENT_CONFIRMATION_OK"
2885,4017402463,4017402509,1,"IOTHUB_CLIENT_CONFIRMATION_OK"
2886,4017402663,4017402726,1,"IOTHUB_CLIENT_CONFIRMATION_OK"
2887,4017402863,4017402914,1,"IOTHUB_CLIENT_CONFIRMATION_OK"
2888,4017403063,4017403105,1,"IOTHUB_CLIENT_CONFIRMATION_OK"
2889,4017403263,4017403331,1,"IOTHUB_CLIENT_CONFIRMATION_OK"
2890,4017403464,4017403573,1,"IOTHUB_CLIENT_CONFIRMATION_OK"
2891,4017403664,4017403697,1,"IOTHUB_CLIENT_CONFIRMATION_OK"
2892,4017403864,4017403896,1,"IOTHUB_CLIENT_CONFIRMATION_OK"
2893,4017404064,4017404127,1,"IOTHUB_CLIENT_CONFIRMATION_OK"
2894,4017404264,4017404304,1,"IOTHUB_CLIENT_CONFIRMATION_OK"
2895,4017404464,4017404509,1,"IOTHUB_CLIENT_CONFIRMATION_OK"
2896,4017404665,4017404701,1,"IOTHUB_CLIENT_CONFIRMATION_OK"
2897,4017404865,4017404905,1,"IOTHUB_CLIENT_CONFIRMATION_OK"
2898,4017405065,4017405145,1,"IOTHUB_CLIENT_CONFIRMATION_OK"
2899,4017405265,4017405322,1,"IOTHUB_CLIENT_CONFIRMATION_OK"
2900,4017405465,4017405502,1,"IOTHUB_CLIENT_CONFIRMATION_OK"
2901,4017405665,4017405749,1,"IOTHUB_CLIENT_CONFIRMATION_OK"
2902,4017405866,4017405903,1,"IOTHUB_CLIENT_CONFIRMATION_OK"
2903,4017406066,4017406135,1,"IOTHUB_CLIENT_CONFIRMATION_OK"
2904,4017406266,4017406307,1,"IOTHUB_CLIENT_CONFIRMATION_OK"
2905,4017406466,4017406499,1,"IOTHUB_CLIENT_CONFIRMATION_OK"
2906,4017406666,4017406775,1,"IOTHUB_CLIENT_CONFIRMATION_OK"
2907,4017406866,4017406925,1,"IOTHUB_CLIENT_CONFIRMATION_OK"
2908,4017407066,4017407120,1,"IOTHUB_CLIENT_CONFIRMATION_OK"
2909,4017407267,4017407388,1,"IOTHUB_CLIENT_CONFIRMATION_OK"
2910,4017407467,4017407514,1,"IOTHUB_CLIENT_CONFIRMATION_OK"
2911,4017407667,4017407706,1,"IOTHUB_CLIENT_CONFIRMATION_OK"
2912,4017407867,4017407908,1,"IOTHUB_CLIENT_CONFIRMATION_OK"
2913,4017408067,4017408099,1,"IOTHUB_CLIENT_CONFIRMATION_OK"
2914,4017408267,4017408388,1,"IOTHUB_CLIENT_CONFIRMATION_OK"
2915,4017408468,4017408509,1,"IOTHUB_CLIENT_CONFIRMATION_OK"
2916,4017408668,4017408735,1,"IOTHUB_CLIENT_CONFIRMATION_OK"
2917,4017408868,4017409019,1,"IOTHUB_CLIENT_CONFIRMATION_OK"
2918,4017409068,4017409110,1,"IOTHUB_CLIENT_CONFIRMATION_OK"
2919,4017409268,4017409303,1,"IOTHUB_CLIENT_CONFIRMATION_OK"
2920,4017409468,4017409508,1,"IOTHUB_CLIENT_CONFIRMATION_OK"
2921,4017409669,4017409701,1,"IOTHUB_CLIENT_CONFIRMATION_OK"
2922,4017409869,4017409927,1,"IOTHUB_CLIENT_CONFIRMATION_OK"
2923,4017410069,4017410118,1,"IOTHUB_CLIENT_CONFIRMATION_OK"
2924,4017410269,4017410308,1,"IOTHUB_CLIENT_CONFIRMATION_OK"
2925,4017410469,4017410638,1,"IOTHUB_CLIENT_CONFIRMATION_OK"
2926,4017410669,4017410711,1,"IOTHUB_CLIENT_CONFIRMATION_OK"
2927,4017410870,4017410913,1,"IOTHUB_CLIENT_CONFIRMATION_OK"
2928,4017411070,4017411125,1,"IOTHUB_CLIENT_CONFIRMATION_OK"
2929,4017411270,4017411311,1,"IOTHUB_CLIENT_CONFIRMATION_OK"
2930,4017411470,4017411523,1,"IOTHUB_CLIENT_CONFIRMATION_OK"
2931,4017411670,4017411705,1,"IOTHUB_CLIENT_CONFIRMATION_OK"
2932,4017411870,4017411943,1,"IOTHUB_CLIENT_CONFIRMATION_OK"
2933,4017412070,4017412246,1,"IOTHUB_CLIENT_CONFIRMATION_OK"
2934,4017412271,4017412306,1,"IOTHUB_CLIENT_CONFIRMATION_OK"
2935,4017412471,4017412591,1,"IOTHUB_CLIENT_CONFIRMATION_OK"
2936,4017412671,4017412709,1,"IOTHUB_CLIENT_CONFIRMATION_OK"
2937,4017412871,4017412906,1,"IOTHUB_CLIENT_CONFIRMATION_OK"
2938,4017413071,4017413113,1,"IOTHUB_CLIENT_CONFIRMATION_OK"
2939,4017413271,4017413308,1,"IOTHUB_CLIENT_CONFIRMATION_OK"
2940,4017413472,4017413523,1,"IOTHUB_CLIENT_CONFIRMATION_OK"
2941,4017413672,4017413864,1,"IOTHUB_CLIENT_CONFIRMATION_OK"
2942,4017413872,4017413908,1,"IOTHUB_CLIENT_CONFIRMATION_OK"
2943,4017414072,4017414142,1,"IOTHUB_CLIENT_CONFIRMATION_OK"
2944,4017414272,4017414314,1,"IOTHUB_CLIENT_CONFIRMATION_OK"
2945,4017414472,4017414551,1,"IOTHUB_CLIENT_CONFIRMATION_OK"
2946,4017414672,4017414717,1,"IOTHUB_CLIENT_CONFIRMATION_OK"
2947,4017414873,4017414904,1,"IOTHUB_CLIENT_CONFIRMATION_OK"
2948,4017415073,4017415179,1,"IOTHUB_CLIENT_CONFIRMATION_OK"
2949,4017415273,4017415305,1,"IOTHUB_CLIENT_CONFIRMATION_OK"
2950,4017415473,4017415515,1,"IOTHUB_CLIENT_CONFIRMATION_OK"
2951,4017415673,4017415714,1,"IOTHUB_CLIENT_CONFIRMATION_OK"
2952,4017415873,4017415914,1,"IOTHUB_CLIENT_CONFIRMATION_OK"
2953,4017416074,4017416112,1,"IOTHUB_CLIENT_CONFIRMATION_OK"
2954,4017416274,4017416313,1,"IOTHUB_CLIENT_CONFIRMATION_OK"
2955,4017416474,4017416558,1,"IOTHUB_CLIENT_CONFIRMATION_OK"
2956,4017416674,4017416720,1,"IOTHUB_CLIENT_CONFIRMATION_OK"
2957,4017416874,4017416908,1,"IOTHUB_CLIENT_CONFIRMATION_OK"
2958,4017417074,4017417144,1,"IOTHUB_CLIENT_CONFIRMATION_OK"
2959,4017417275,4017417319,1,"IOTHUB_CLIENT_CONFIRMATION_OK"
2960,4017417475,4017417559,1,"IOTHUB_CLIENT_CONFIRMATION_OK"
2961,4017417675,4017417718,1,"IOTHUB_CLIENT_CONFIRMATION_OK"
2962,4017417875,4017417923,1,"IOTHUB_CLIENT_CONFIRMATION_OK"
2963,4017418075,4017418172,1,"IOTHUB_CLIENT_CONFIRMATION_OK"
2964,4017418275,4017418321,1,"IOTHUB_CLIENT_CONFIRMATION_OK"
2965,4017418475,4017418518,1,"IOTHUB_CLIENT_CONFIRMATION_OK"
2966,4017418676,4017418787,1,"IOTHUB_CLIENT_CONFIRMATION_OK"
2967,4017418876,4017418910,1,"IOTHUB_CLIENT_CONFIRMATION_OK"
2968,4017419076,4017419125,1,"IOTHUB_CLIENT_CONFIRMATION_OK"
2969,4017419276,4017419333,1,"IOTHUB_CLIENT_CONFIRMATION_OK"
2970,4017419476,4017419525,1,"IOTHUB_CLIENT_CONFIRMATION_OK"
2971,4017419676,4017419791,1,"IOTHUB_CLIENT_CONFIRMATION_OK"
2972,4017419877,4017419930,1,"IOTHUB_CLIENT_CONFIRMATION_OK"
2973,4017420077,4017420124,1,"IOTHUB_CLIENT_CONFIRMATION_OK"
2974,4017420277,4017420330,1,"IOTHUB_CLIENT_CONFIRMATION_OK"
2975,4017420477,4017420520,1,"IOTHUB_CLIENT_CONFIRMATION_OK"
2976,4017420677,4017420739,1,"IOTHUB_CLIENT_CONFIRMATION_OK"
2977,4017420877,4017420932,1,"IOTHUB_CLIENT_CONFIRMATION_OK"
2978,4017421077,4017421127,1,"IOTHUB_CLIENT_CONFIRMATION_OK"
2979,4017421278,4017421427,1,"IOTHUB_CLIENT_CONFIRMATION_OK"
2980,4017421478,4017421542,1,"IOTHUB_CLIENT_CONFIRMATION_OK"
2981,4017421678,4017421726,1,"IOTHUB_CLIENT_CONFIRMATION_OK"
2982,4017421878,4017421986,1,"IOTHUB_CLIENT_CONFIRMATION_OK"
2983,4017422078,4017422128,1,"IOTHUB_CLIENT_CONFIRMATION_OK"
2984,4017422278,4017422311,1,"IOTHUB_CLIENT_CONFIRMATION_OK"
2985,4017422479,4017422527,1,"IOTHUB_CLIENT_CONFIRMATION_OK"
2986,4017422679,4017422710,1,"IOTHUB_CLIENT_CONFIRMATION_OK"
2987,4017422879,4017423082,1,"IOTHUB_CLIENT_CONFIRMATION_OK"
2988,4017423079,4017423114,1,"IOTHUB_CLIENT_CONFIRMATION_OK"
2989,4017423279,4017423310,1,"IOTHUB_CLIENT_CONFIRMATION_OK"
2990,4017423479,4017423533,1,"IOTHUB_CLIENT_CONFIRMATION_OK"
2991,4017423679,4017423717,1,"IOTHUB_CLIENT_CONFIRMATION_OK"
2992,4017423880,4017423915,1,"IOTHUB_CLIENT_CONFIRMATION_OK"
2993,4017424080,4017424134,1,"IOTHUB_CLIENT_CONFIRMATION_OK"
2994,4017424280,4017424328,1,"IOTHUB_CLIENT_CONFIRMATION_OK"
2995,4017424480,4017424515,1,"IOTHUB_CLIENT_CONFIRMATION_OK"
2996,4017424680,4017424730,1,"IOTHUB_CLIENT_CONFIRMATION_OK"
2997,4017424880,4017424912,1,"IOTHUB_CLIENT_CONFIRMATION_OK"
2998,4017425081,4017425119,1,"IOTHUB_CLIENT_CONFIRMATION_OK"
2999,4017425281,4017425327,1,"IOTHUB_CLIENT_CONFIRMATION_OK"
3000,4017425481,4017425532,1,"IOTHUB_CLIENT_CONFIRMATION_OK"
3001,4017425681,4017425741,1,"IOTHUB_CLIENT_CONFIRMATION_OK"
3002,4017425881,4017425934,1,"IOTHUB_CLIENT_CONFIRMATION_OK"
3003,4017426081,4017426143,1,"IOTHUB_CLIENT_CONFIRMATION_OK"
3004,4017426282,4017426361,1,"IOTHUB_CLIENT_CONFIRMATION_OK"
3005,4017426482,4017426576,1,"IOTHUB_CLIENT_CONFIRMATION_OK"
3006,4017426682,4017426758,1,"IOTHUB_CLIENT_CONFIRMATION_OK"
3007,4017426882,4017426917,1,"IOTHUB_CLIENT_CONFIRMATION_OK"
3008,4017427082,4017427200,1,"IOTHUB_CLIENT_CONFIRMATION_OK"
3009,4017427282,4017427370,1,"IOTHUB_CLIENT_CONFIRMATION_OK"
3010,4017427482,4017427559,1,"IOTHUB_CLIENT_CONFIRMATION_OK"
3011,4017427683,4017427943,1,"IOTHUB_CLIENT_CONFIRMATION_OK"
3012,4017427883,4017428012,1,"IOTHUB_CLIENT_CONFIRMATION_OK"
3013,4017428083,4017428130,1,"IOTHUB_CLIENT_CONFIRMATION_OK"
3014,4017428283,4017428380,1,"IOTHUB_CLIENT_CONFIRMATION_OK"
3015,4017428483,4017428524,1,"IOTHUB_CLIENT_CONFIRMATION_OK"
3016,4017428683,4017428723,1,"IOTHUB_CLIENT_CONFIRMATION_OK"
3017,4017428884,4017429008,1,"IOTHUB_CLIENT_CONFIRMATION_OK"
3018,4017429084,4017429120,1,"IOTHUB_CLIENT_CONFIRMATION_OK"
3019,4017429284,4017429331,1,"IOTHUB_CLIENT_CONFIRMATION_OK"
3020,4017429484,4017429577,1,"IOTHUB_CLIENT_CONFIRMATION_OK"
3021,4017429684,4017429728,1,"IOTHUB_CLIENT_CONFIRMATION_OK"
3022,4017429884,4017430039,1,"IOTHUB_CLIENT_CONFIRMATION_OK"
3023,4017430085,4017430134,1,"IOTHUB_CLIENT_CONFIRMATION_OK"
3024,4017430285,4017430324,1,"IOTHUB_CLIENT_CONFIRMATION_OK"
3025,4017430485,4017430704,1,"IOTHUB_CLIENT_CONFIRMATION_OK"
3026,4017430685,4017430763,1,"IOTHUB_CLIENT_CONFIRMATION_OK"
3027,4017430885,4017430919,1,"IOTHUB_CLIENT_CONFIRMATION_OK"
3028,4017431085,4017431121,1,"IOTHUB_CLIENT_CONFIRMATION_OK"
3029,4017431286,4017431399,1,"IOTHUB_CLIENT_CONFIRMATION_OK"
3030,4017431486,4017431523,1,"IOTHUB_CLIENT_CONFIRMATION_OK"
3031,4017431686,4017431729,1,"IOTHUB_CLIENT_CONFIRMATION_OK"
3032,4017431886,4017431964,1,"IOTHUB_CLIENT_CONFIRMATION_OK"
3033,4017432086,4017432139,1,"IOTHUB_CLIENT_CONFIRMATION_OK"
3034,4017432286,4017432326,1,"IOTHUB_CLIENT_CONFIRMATION_OK"
3035,4017432487,4017432523,1,"IOTHUB_CLIENT_CONFIRMATION_OK"
3036,4017432687,4017432781,1,"IOTHUB_CLIENT_CONFIRMATION_OK"
3037,4017432887,4017432943,1,"IOTHUB_CLIENT_CONFIRMATION_OK"
3038,4017433087,4017433136,1,"IOTHUB_CLIENT_CONFIRMATION_OK"
3039,4017433287,4017433340,1,"IOTHUB_CLIENT_CONFIRMATION_OK"
3040,4017433487,4017433523,1,"IOTHUB_CLIENT_CONFIRMATION_OK"
3041,4017433687,4017433730,1,"IOTHUB_CLIENT_CONFIRMATION_OK"
3042,4017433888,4017433924,1,"IOTHUB_CLIENT_CONFIRMATION_OK"
3043,4017434088,4017434128,1,"IOTHUB_CLIENT_CONFIRMATION_OK"
3044,4017434288,4017434350,1,"IOTHUB_CLIENT_CONFIRMATION_OK"
3045,4017434488,4017434538,1,"IOTHUB_CLIENT_CONFIRMATION_OK"
3046,4017434688,4017434728,1,"IOTHUB_CLIENT_CONFIRMATION_OK"
3047,4017434888,4017434987,1,"IOTHUB_CLIENT_CONFIRMATION_OK"
3048,4017435089,4017435152,1,"IOTHUB_CLIENT_CONFIRMATION_OK"
3049,4017435289,4017435322,1,"IOTHUB_CLIENT_CONFIRMATION_OK"
3050,4017435489,4017435522,1,"IOTHUB_CLIENT_CONFIRMATION_OK"
3051,4017435689,4017435751,1,"IOTHUB_CLIENT_CONFIRMATION_OK"
3052,4017435889,4017436007,1,"IOTHUB_CLIENT_CONFIRMATION_OK"
3053,4017436089,4017436163,1,"IOTHUB_CLIENT_CONFIRMATION_OK"
3054,4017436289,4017436338,1,"IOTHUB_CLIENT_CONFIRMATION_OK"
3055,4017436490,4017436529,1,"IOTHUB_CLIENT_CONFIRMATION_OK"
3056,4017436690,4017436734,1,"IOTHUB_CLIENT_CONFIRMATION_OK"
3057,4017436890,4017436937,1,"IOTHUB_CLIENT_CONFIRMATION_OK"
3058,4017437090,4017437122,1,"IOTHUB_CLIENT_CONFIRMATION_OK"
3059,4017437290,4017437343,1,"IOTHUB_CLIENT_CONFIRMATION_OK"
3060,4017437490,4017437639,1,"IOTHUB_CLIENT_CONFIRMATION_OK"
3061,4017437691,4017437725,1,"IOTHUB_CLIENT_CONFIRMATION_OK"
3062,4017437891,4017437933,1,"IOTHUB_CLIENT_CONFIRMATION_OK"
3063,4017438091,4017438149,1,"IOTHUB_CLIENT_CONFIRMATION_OK"
3064,4017438291,4017438335,1,"IOTHUB_CLIENT_CONFIRMATION_OK"
3065,4017438491,4017438528,1,"IOTHUB_CLIENT_CONFIRMATION_OK"
3066,4017438691,4017438783,1,"IOTHUB_CLIENT_CONFIRMATION_OK"
3067,4017438892,4017438935,1,"IOTHUB_CLIENT_CONFIRMATION_OK"
3068,4017439092,4017439244,1,"IOTHUB_CLIENT_CONFIRMATION_OK"
3069,4017439292,4017439330,1,"IOTHUB_CLIENT_CONFIRMATION_OK"
3070,4017439492,4017439529,1,"IOTHUB_CLIENT_CONFIRMATION_OK"
3071,4017439692,4017439738,1,"IOTHUB_CLIENT_CONFIRMATION_OK"
3072,4017439892,4017439944,1,"IOTHUB_CLIENT_CONFIRMATION_OK"
3073,4017440092,4017440155,1,"IOTHUB_CLIENT_CONFIRMATION_OK"
3074,4017440293,4017440327,1,"IOTHUB_CLIENT_CONFIRMATION_OK"
3075,4017440493,4017440528,1,"IOTHUB_CLIENT_CONFIRMATION_OK"
3076,4017440693,4017440724,1,"IOTHUB_CLIENT_CONFIRMATION_OK"
3077,4017440893,4017440936,1,"IOTHUB_CLIENT_CONFIRMATION_OK"
3078,4017441093,4017441129,1,"IOTHUB_CLIENT_CONFIRMATION_OK"
3079,4017441293,4017441329,1,"IOTHUB_CLIENT_CONFIRMATION_OK"
3080,4017441494,4017441537,1,"IOTHUB_CLIENT_CONFIRMATION_OK"
3081,4017441694,4017441741,1,"IOTHUB_CLIENT_CONFIRMATION_OK"
3082,4017441894,4017441978,1,"IOTHUB_CLIENT_CONFIRMATION_OK"
3083,4017442094,4017442141,1,"IOTHUB_CLIENT_CONFIRMATION_OK"
3084,4017442294,4017442343,1,"IOTHUB_CLIENT_CONFIRMATION_OK"
3085,4017442494,4017442558,1,"IOTHUB_CLIENT_CONFIRMATION_OK"
3086,4017442695,4017442752,1,"IOTHUB_CLIENT_CONFIRMATION_OK"
3087,4017442895,4017442977,1,"IOTHUB_CLIENT_CONFIRMATION_OK"
3088,4017443095,4017443147,1,"IOTHUB_CLIENT_CONFIRMATION_OK"
3089,4017443295,4017443328,1,"IOTHUB_CLIENT_CONFIRMATION_OK"
3090,4017443495,4017443679,1,"IOTHUB_CLIENT_CONFIRMATION_OK"
3091,4017443695,4017443754,1,"IOTHUB_CLIENT_CONFIRMATION_OK"
3092,4017443896,4017443931,1,"IOTHUB_CLIENT_CONFIRMATION_OK"
3093,4017444096,4017444134,1,"IOTHUB_CLIENT_CONFIRMATION_OK"
3094,4017444296,4017444337,1,"IOTHUB_CLIENT_CONFIRMATION_OK"
3095,4017444496,4017444717,1,"IOTHUB_CLIENT_CONFIRMATION_OK"
3096,4017444696,4017444729,1,"IOTHUB_CLIENT_CONFIRMATION_OK"
3097,4017444896,4017444931,1,"IOTHUB_CLIENT_CONFIRMATION_OK"
3098,4017445096,4017445147,1,"IOTHUB_CLIENT_CONFIRMATION_OK"
3099,4017445297,4017445329,1,"IOTHUB_CLIENT_CONFIRMATION_OK"
3100,4017445497,4017445538,1,"IOTHUB_CLIENT_CONFIRMATION_OK"
3101,4017445697,4017445738,1,"IOTHUB_CLIENT_CONFIRMATION_OK"
3102,4017445897,4017445930,1,"IOTHUB_CLIENT_CONFIRMATION_OK"
3103,4017446097,4017446149,1,"IOTHUB_CLIENT_CONFIRMATION_OK"
3104,4017446297,4017446350,1,"IOTHUB_CLIENT_CONFIRMATION_OK"
3105,4017446498,4017446533,1,"IOTHUB_CLIENT_CONFIRMATION_OK"
3106,4017446698,4017446815,1,"IOTHUB_CLIENT_CONFIRMATION_OK"
3107,4017446898,4017446931,1,"IOTHUB_CLIENT_CONFIRMATION_OK"
3108,4017447098,4017447150,1,"IOTHUB_CLIENT_CONFIRMATION_OK"
3109,4017447298,4017447401,1,"IOTHUB_CLIENT_CONFIRMATION_OK"
3110,4017447498,4017447543,1,"IOTHUB_CLIENT_CONFIRMATION_OK"
3111,4017447698,4017447738,1,"IOTHUB_CLIENT_CONFIRMATION_OK"
3112,4017447899,4017447935,1,"IOTHUB_CLIENT_CONFIRMATION_OK"
3113,4017448099,4017448203,1,"IOTHUB_CLIENT_CONFIRMATION_OK"
3114,4017448299,4017448482,1,"IOTHUB_CLIENT_CONFIRMATION_OK"
3115,4017448499,4017448539,1,"IOTHUB_CLIENT_CONFIRMATION_OK"
3116,4017448699,4017448738,1,"IOTHUB_CLIENT_CONFIRMATION_OK"
3117,4017448899,4017449029,1,"IOTHUB_CLIENT_CONFIRMATION_OK"
3118,4017449100,4017449136,1,"IOTHUB_CLIENT_CONFIRMATION_OK"
3119,4017449300,4017449331,1,"IOTHUB_CLIENT_CONFIRMATION_OK"
3120,4017449500,4017449533,1,"IOTHUB_CLIENT_CONFIRMATION_OK"
3121,4017449700,4017449731,1,"IOTHUB_CLIENT_CONFIRMATION_OK"
3122,4017449900,4017450085,1,"IOTHUB_CLIENT_CONFIRMATION_OK"
3123,4017450100,4017450154,1,"IOTHUB_CLIENT_CONFIRMATION_OK"
3124,4017450301,4017450340,1,"IOTHUB_CLIENT_CONFIRMATION_OK"
3125,4017450501,4017450537,1,"IOTHUB_CLIENT_CONFIRMATION_OK"
3126,4017450701,4017450758,1,"IOTHUB_CLIENT_CONFIRMATION_OK"
3127,4017450901,4017450935,1,"IOTHUB_CLIENT_CONFIRMATION_OK"
3128,4017451101,4017451191,1,"IOTHUB_CLIENT_CONFIRMATION_OK"
3129,4017451301,4017451338,1,"IOTHUB_CLIENT_CONFIRMATION_OK"
3130,4017451501,4017451546,1,"IOTHUB_CLIENT_CONFIRMATION_OK"
3131,4017451702,4017451771,1,"IOTHUB_CLIENT_CONFIRMATION_OK"
3132,4017451902,4017451940,1,"IOTHUB_CLIENT_CONFIRMATION_OK"
3133,4017452102,4017452171,1,"IOTHUB_CLIENT_CONFIRMATION_OK"
3134,4017452302,4017452347,1,"IOTHUB_CLIENT_CONFIRMATION_OK"
3135,4017452502,4017452543,1,"IOTHUB_CLIENT_CONFIRMATION_OK"
3136,4017452702,4017452804,1,"IOTHUB_CLIENT_CONFIRMATION_OK"
3137,4017452903,4017452953,1,"IOTHUB_CLIENT_CONFIRMATION_OK"
3138,4017453103,4017453138,1,"IOTHUB_CLIENT_CONFIRMATION_OK"
3139,4017453303,4017453344,1,"IOTHUB_CLIENT_CONFIRMATION_OK"
3140,4017453503,4017453544,1,"IOTHUB_CLIENT_CONFIRMATION_OK"
3141,4017453703,4017453880,1,"IOTHUB_CLIENT_CONFIRMATION_OK"
3142,4017453903,4017454044,1,"IOTHUB_CLIENT_CONFIRMATION_OK"
3143,4017454103,4017454154,1,"IOTHUB_CLIENT_CONFIRMATION_OK"
3144,4017454304,4017454333,1,"IOTHUB_CLIENT_CONFIRMATION_OK"
3145,4017454504,4017454547,1,"IOTHUB_CLIENT_CONFIRMATION_OK"
3146,4017454704,4017454758,1,"IOTHUB_CLIENT_CONFIRMATION_OK"
3147,4017454904,4017454947,1,"IOTHUB_CLIENT_CONFIRMATION_OK"
3148,4017455104,4017455135,1,"IOTHUB_CLIENT_CONFIRMATION_OK"
3149,4017455304,4017455524,1,"IOTHUB_CLIENT_CONFIRMATION_OK"
3150,4017455505,4017455554,1,"IOTHUB_CLIENT_CONFIRMATION_OK"
3151,4017455705,4017455737,1,"IOTHUB_CLIENT_CONFIRMATION_OK"
3152,4017455905,4017455957,1,"IOTHUB_CLIENT_CONFIRMATION_OK"
3153,4017456105,4017456136,1,"IOTHUB_CLIENT_CONFIRMATION_OK"
3154,4017456305,4017456387,1,"IOTHUB_CLIENT_CONFIRMATION_OK"
3155,4017456505,4017456542,1,"IOTHUB_CLIENT_CONFIRMATION_OK"
3156,4017456706,4017456750,1,"IOTHUB_CLIENT_CONFIRMATION_OK"
3157,4017456906,4017456956,1,"IOTHUB_CLIENT_CONFIRMATION_OK"
3158,4017457106,4017457159,1,"IOTHUB_CLIENT_CONFIRMATION_OK"
3159,4017457306,4017457344,1,"IOTHUB_CLIENT_CONFIRMATION_OK"
3160,4017457506,4017457554,1,"IOTHUB_CLIENT_CONFIRMATION_OK"
3161,4017457706,4017457757,1,"IOTHUB_CLIENT_CONFIRMATION_OK"
3162,4017457907,4017457942,1,"IOTHUB_CLIENT_CONFIRMATION_OK"
3163,4017458107,4017458181,1,"IOTHUB_CLIENT_CONFIRMATION_OK"
3164,4017458307,4017458366,1,"IOTHUB_CLIENT_CONFIRMATION_OK"
3165,4017458507,4017458540,1,"IOTHUB_CLIENT_CONFIRMATION_OK"
3166,4017458707,4017458789,1,"IOTHUB_CLIENT_CONFIRMATION_OK"
3167,4017458907,4017458948,1,"IOTHUB_CLIENT_CONFIRMATION_OK"
3168,4017459107,4017459182,1,"IOTHUB_CLIENT_CONFIRMATION_OK"
3169,4017459308,4017459362,1,"IOTHUB_CLIENT_CONFIRMATION_OK"
3170,4017459508,4017459541,1,"IOTHUB_CLIENT_CONFIRMATION_OK"
3171,4017459708,4017459791,1,"IOTHUB_CLIENT_CONFIRMATION_OK"
3172,4017459908,4017459981,1,"IOTHUB_CLIENT_CONFIRMATION_OK"
3173,4017460108,4017460160,1,"IOTHUB_CLIENT_CONFIRMATION_OK"
3174,4017460308,4017460400,1,"IOTHUB_CLIENT_CONFIRMATION_OK"
3175,4017460509,4017460546,1,"IOTHUB_CLIENT_CONFIRMATION_OK"
3176,4017460709,4017460806,1,"IOTHUB_CLIENT_CONFIRMATION_OK"
3177,4017460909,4017460947,1,"IOTHUB_CLIENT_CONFIRMATION_OK"
3178,4017461109,4017461173,1,"IOTHUB_CLIENT_CONFIRMATION_OK"
3179,4017461309,4017461446,1,"IOTHUB_CLIENT_CONFIRMATION_OK"
3180,4017461509,4017461603,1,"IOTHUB_CLIENT_CONFIRMATION_OK"
3181,4017461709,4017461756,1,"IOTHUB_CLIENT_CONFIRMATION_OK"
3182,4017461910,4017461951,1,"IOTHUB_CLIENT_CONFIRMATION_OK"
3183,4017462110,4017462150,1,"IOTHUB_CLIENT_CONFIRMATION_OK"
3184,4017462310,4017462400,1,"IOTHUB_CLIENT_CONFIRMATION_OK"
3185,4017462510,4017462545,1,"IOTHUB_CLIENT_CONFIRMATION_OK"
3186,4017462710,4017462746,1,"IOTHUB_CLIENT_CONFIRMATION_OK"
3187,4017462910,4017463036,1,"IOTHUB_CLIENT_CONFIRMATION_OK"
3188,4017463111,4017463146,1,"IOTHUB_CLIENT_CONFIRMATION_OK"
3189,4017463311,4017463346,1,"IOTHUB_CLIENT_CONFIRMATION_OK"
3190,4017463511,4017463544,1,"IOTHUB_CLIENT_CONFIRMATION_OK"
3191,4017463711,4017463806,1,"IOTHUB_CLIENT_CONFIRMATION_OK"
3192,4017463911,4017463958,1,"IOTHUB_CLIENT_CONFIRMATION_OK"
3193,4017464111,4017464156,1,"IOTHUB_CLIENT_CONFIRMATION_OK"
3194,4017464311,4017464347,1,"IOTHUB_CLIENT_CONFIRMATION_OK"
3195,4017464512,4017464662,1,"IOTHUB_CLIENT_CONFIRMATION_OK"
3196,4017464712,4017464750,1,"IOTHUB_CLIENT_CONFIRMATION_OK"
3197,4017464912,4017464944,1,"IOTHUB_CLIENT_CONFIRMATION_OK"
3198,4017465112,4017465158,1,"IOTHUB_CLIENT_CONFIRMATION_OK"
3199,4017465312,4017465360,1,"IOTHUB_CLIENT_CONFIRMATION_OK"
3200,4017465512,4017465549,1,"IOTHUB_CLIENT_CONFIRMATION_OK"
3201,4017465713,4017465745,1,"IOTHUB_CLIENT_CONFIRMATION_OK"
3202,4017465913,4017465948,1,"IOTHUB_CLIENT_CONFIRMATION_OK"
3203,4017466113,4017466383,1,"IOTHUB_CLIENT_CONFIRMATION_OK"
3204,4017466313,4017466404,1,"IOTHUB_CLIENT_CONFIRMATION_OK"
3205,4017466513,4017466557,1,"IOTHUB_CLIENT_CONFIRMATION_OK"
3206,4017466713,4017466776,1,"IOTHUB_CLIENT_CONFIRMATION_OK"
3207,4017466914,4017466969,1,"IOTHUB_CLIENT_CONFIRMATION_OK"
3208,4017467114,4017467158,1,"IOTHUB_CLIENT_CONFIRMATION_OK"
3209,4017467314,4017467400,1,"IOTHUB_CLIENT_CONFIRMATION_OK"
3210,4017467514,4017467548,1,"IOTHUB_CLIENT_CONFIRMATION_OK"
3211,4017467714,4017467747,1,"IOTHUB_CLIENT_CONFIRMATION_OK"
3212,4017467914,4017467959,1,"IOTHUB_CLIENT_CONFIRMATION_OK"
3213,4017468114,4017468203,1,"IOTHUB_CLIENT_CONFIRMATION_OK"
3214,4017468315,4017468395,1,"IOTHUB_CLIENT_CONFIRMATION_OK"
3215,4017468515,4017468558,1,"IOTHUB_CLIENT_CONFIRMATION_OK"
3216,4017468715,4017468759,1,"IOTHUB_CLIENT_CONFIRMATION_OK"
3217,4017468915,4017469048,1,"IOTHUB_CLIENT_CONFIRMATION_OK"
3218,4017469115,4017469148,1,"IOTHUB_CLIENT_CONFIRMATION_OK"
3219,4017469315,4017469437,1,"IOTHUB_CLIENT_CONFIRMATION_OK"
3220,4017469516,4017469551,1,"IOTHUB_CLIENT_CONFIRMATION_OK"
3221,4017469716,4017469759,1,"IOTHUB_CLIENT_CONFIRMATION_OK"
3222,4017469916,4017470080,1,"IOTHUB_CLIENT_CONFIRMATION_OK"
3223,4017470116,4017470156,1,"IOTHUB_CLIENT_CONFIRMATION_OK"
3224,4017470316,4017470348,1,"IOTHUB_CLIENT_CONFIRMATION_OK"
3225,4017470516,4017470566,1,"IOTHUB_CLIENT_CONFIRMATION_OK"
3226,4017470717,4017470750,1,"IOTHUB_CLIENT_CONFIRMATION_OK"
3227,4017470917,4017470990,1,"IOTHUB_CLIENT_CONFIRMATION_OK"
3228,4017471117,4017471172,1,"IOTHUB_CLIENT_CONFIRMATION_OK"
3229,4017471317,4017471383,1,"IOTHUB_CLIENT_CONFIRMATION_OK"
3230,4017471517,4017471671,1,"IOTHUB_CLIENT_CONFIRMATION_OK"
3231,4017471717,4017471821,1,"IOTHUB_CLIENT_CONFIRMATION_OK"
3232,4017471917,4017471972,1,"IOTHUB_CLIENT_CONFIRMATION_OK"
3233,4017472118,4017472152,1,"IOTHUB_CLIENT_CONFIRMATION_OK"
3234,4017472318,4017472352,1,"IOTHUB_CLIENT_CONFIRMATION_OK"
3235,4017472518,4017472562,1,"IOTHUB_CLIENT_CONFIRMATION_OK"
3236,4017472718,4017472760,1,"IOTHUB_CLIENT_CONFIRMATION_OK"
3237,4017472918,4017472966,1,"IOTHUB_CLIENT_CONFIRMATION_OK"
3238,4017473118,4017473177,1,"IOTHUB_CLIENT_CONFIRMATION_OK"
3239,4017473319,4017473364,1,"IOTHUB_CLIENT_CONFIRMATION_OK"
3240,4017473519,4017473554,1,"IOTHUB_CLIENT_CONFIRMATION_OK"
3241,4017473719,4017473801,1,"IOTHUB_CLIENT_CONFIRMATION_OK"
3242,4017473919,4017473953,1,"IOTHUB_CLIENT_CONFIRMATION_OK"
3243,4017474119,4017474155,1,"IOTHUB_CLIENT_CONFIRMATION_OK"
3244,4017474319,4017474367,1,"IOTHUB_CLIENT_CONFIRMATION_OK"
3245,4017474520,4017474561,1,"IOTHUB_CLIENT_CONFIRMATION_OK"
3246,4017474720,4017474763,1,"IOTHUB_CLIENT_CONFIRMATION_OK"
3247,4017474920,4017474972,1,"IOTHUB_CLIENT_CONFIRMATION_OK"
3248,4017475120,4017475154,1,"IOTHUB_CLIENT_CONFIRMATION_OK"
3249,4017475320,4017475363,1,"IOTHUB_CLIENT_CONFIRMATION_OK"
3250,4017475520,4017475561,1,"IOTHUB_CLIENT_CONFIRMATION_OK"
3251,4017475721,4017475782,1,"IOTHUB_CLIENT_CONFIRMATION_OK"
3252,4017475921,4017475954,1,"IOTHUB_CLIENT_CONFIRMATION_OK"
3253,4017476121,4017476158,1,"IOTHUB_CLIENT_CONFIRMATION_OK"
3254,4017476321,4017476355,1,"IOTHUB_CLIENT_CONFIRMATION_OK"
3255,4017476521,4017476595,1,"IOTHUB_CLIENT_CONFIRMATION_OK"
3256,4017476721,4017476792,1,"IOTHUB_CLIENT_CONFIRMATION_OK"
3257,4017476922,4017477002,1,"IOTHUB_CLIENT_CONFIRMATION_OK"
3258,4017477122,4017477158,1,"IOTHUB_CLIENT_CONFIRMATION_OK"
3259,4017477322,4017477364,1,"IOTHUB_CLIENT_CONFIRMATION_OK"
3260,4017477522,4017477740,1,"IOTHUB_CLIENT_CONFIRMATION_OK"
3261,4017477722,4017477836,1,"IOTHUB_CLIENT_CONFIRMATION_OK"
3262,4017477922,4017477956,1,"IOTHUB_CLIENT_CONFIRMATION_OK"
3263,4017478122,4017478167,1,"IOTHUB_CLIENT_CONFIRMATION_OK"
3264,4017478323,4017478362,1,"IOTHUB_CLIENT_CONFIRMATION_OK"
3265,4017478523,4017478601,1,"IOTHUB_CLIENT_CONFIRMATION_OK"
3266,4017478723,4017478797,1,"IOTHUB_CLIENT_CONFIRMATION_OK"
3267,4017478923,4017478957,1,"IOTHUB_CLIENT_CONFIRMATION_OK"
3268,4017479123,4017479178,1,"IOTHUB_CLIENT_CONFIRMATION_OK"
3269,4017479323,4017479374,1,"IOTHUB_CLIENT_CONFIRMATION_OK"
3270,4017479523,4017479560,1,"IOTHUB_CLIENT_CONFIRMATION_OK"
3271,4017479724,4017479811,1,"IOTHUB_CLIENT_CONFIRMATION_OK"
3272,4017479924,4017479964,1,"IOTHUB_CLIENT_CONFIRMATION_OK"
3273,4017480124,4017480196,1,"IOTHUB_CLIENT_CONFIRMATION_OK"
3274,4017480324,4017480390,1,"IOTHUB_CLIENT_CONFIRMATION_OK"
3275,4017480524,4017480583,1,"IOTHUB_CLIENT_CONFIRMATION_OK"
3276,4017480724,4017480766,1,"IOTHUB_CLIENT_CONFIRMATION_OK"
3277,4017480925,4017480959,1,"IOTHUB_CLIENT_CONFIRMATION_OK"
3278,4017481125,4017481165,1,"IOTHUB_CLIENT_CONFIRMATION_OK"
3279,4017481325,4017481403,1,"IOTHUB_CLIENT_CONFIRMATION_OK"
3280,4017481525,4017481560,1,"IOTHUB_CLIENT_CONFIRMATION_OK"
3281,4017481725,4017481800,1,"IOTHUB_CLIENT_CONFIRMATION_OK"
3282,4017481925,4017482014,1,"IOTHUB_CLIENT_CONFIRMATION_OK"
3283,4017482126,4017482225,1,"IOTHUB_CLIENT_CONFIRMATION_OK"
3284,4017482326,4017482400,1,"IOTHUB_CLIENT_CONFIRMATION_OK"
3285,4017482526,4017482574,1,"IOTHUB_CLIENT_CONFIRMATION_OK"
3286,4017482726,4017482761,1,"IOTHUB_CLIENT_CONFIRMATION_OK"
3287,4017482926,4017483010,1,"IOTHUB_CLIENT_CONFIRMATION_OK"
3288,4017483126,4017483179,1,"IOTHUB_CLIENT_CONFIRMATION_OK"
3289,4017483327,4017483375,1,"IOTHUB_CLIENT_CONFIRMATION_OK"
3290,4017483527,4017483684,1,"IOTHUB_CLIENT_CONFIRMATION_OK"
3291,4017483727,4017483773,1,"IOTHUB_CLIENT_CONFIRMATION_OK"
3292,4017483927,4017483960,1,"IOTHUB_CLIENT_CONFIRMATION_OK"
3293,4017484127,4017484174,1,"IOTHUB_CLIENT_CONFIRMATION_OK"
3294,4017484327,4017484367,1,"IOTHUB_CLIENT_CONFIRMATION_OK"
3295,4017484528,4017484672,1,"IOTHUB_CLIENT_CONFIRMATION_OK"
3296,4017484728,4017484773,1,"IOTHUB_CLIENT_CONFIRMATION_OK"
3297,4017484928,4017484963,1,"IOTHUB_CLIENT_CONFIRMATION_OK"
3298,4017485128,4017485163,1,"IOTHUB_CLIENT_CONFIRMATION_OK"
3299,4017485328,4017485376,1,"IOTHUB_CLIENT_CONFIRMATION_OK"
3300,4017485528,4017485565,1,"IOTHUB_CLIENT_CONFIRMATION_OK"
3301,4017485728,4017485819,1,"IOTHUB_CLIENT_CONFIRMATION_OK"
3302,4017485929,4017485962,1,"IOTHUB_CLIENT_CONFIRMATION_OK"
3303,4017486129,4017486324,1,"IOTHUB_CLIENT_CONFIRMATION_OK"
3304,4017486329,4017486371,1,"IOTHUB_CLIENT_CONFIRMATION_OK"
3305,4017486529,4017486565,1,"IOTHUB_CLIENT_CONFIRMATION_OK"
3306,4017486729,4017486801,1,"IOTHUB_CLIENT_CONFIRMATION_OK"
3307,4017486929,4017486975,1,"IOTHUB_CLIENT_CONFIRMATION_OK"
3308,4017487130,4017487172,1,"IOTHUB_CLIENT_CONFIRMATION_OK"
3309,4017487330,4017487365,1,"IOTHUB_CLIENT_CONFIRMATION_OK"
3310,4017487530,4017487565,1,"IOTHUB_CLIENT_CONFIRMATION_OK"
3311,4017487730,4017487934,1,"IOTHUB_CLIENT_CONFIRMATION_OK"
3312,4017487930,4017487960,1,"IOTHUB_CLIENT_CONFIRMATION_OK"
3313,4017488130,4017488167,1,"IOTHUB_CLIENT_CONFIRMATION_OK"
3314,4017488331,4017488366,1,"IOTHUB_CLIENT_CONFIRMATION_OK"
3315,4017488531,4017488570,1,"IOTHUB_CLIENT_CONFIRMATION_OK"
3316,4017488731,4017488772,1,"IOTHUB_CLIENT_CONFIRMATION_OK"
3317,4017488931,4017488968,1,"IOTHUB_CLIENT_CONFIRMATION_OK"
3318,4017489131,4017489181,1,"IOTHUB_CLIENT_CONFIRMATION_OK"
3319,4017489331,4017489366,1,"IOTHUB_CLIENT_CONFIRMATION_OK"
3320,4017489532,4017489564,1,"IOTHUB_CLIENT_CONFIRMATION_OK"
3321,4017489732,4017489773,1,"IOTHUB_CLIENT_CONFIRMATION_OK"
3322,4017489932,4017489985,1,"IOTHUB_CLIENT_CONFIRMATION_OK"
3323,4017490132,4017490172,1,"IOTHUB_CLIENT_CONFIRMATION_OK"
3324,4017490332,4017490401,1,"IOTHUB_CLIENT_CONFIRMATION_OK"
3325,4017490532,4017490580,1,"IOTHUB_CLIENT_CONFIRMATION_OK"
3326,4017490733,4017490809,1,"IOTHUB_CLIENT_CONFIRMATION_OK"
3327,4017490933,4017490970,1,"IOTHUB_CLIENT_CONFIRMATION_OK"
3328,4017491133,4017491199,1,"IOTHUB_CLIENT_CONFIRMATION_OK"
3329,4017491333,4017491369,1,"IOTHUB_CLIENT_CONFIRMATION_OK"
3330,4017491533,4017491668,1,"IOTHUB_CLIENT_CONFIRMATION_OK"
3331,4017491733,4017491791,1,"IOTHUB_CLIENT_CONFIRMATION_OK"
3332,4017491933,4017491970,1,"IOTHUB_CLIENT_CONFIRMATION_OK"
3333,4017492134,4017492271,1,"IOTHUB_CLIENT_CONFIRMATION_OK"
3334,4017492334,4017492385,1,"IOTHUB_CLIENT_CONFIRMATION_OK"
3335,4017492534,4017492574,1,"IOTHUB_CLIENT_CONFIRMATION_OK"
3336,4017492734,4017492814,1,"IOTHUB_CLIENT_CONFIRMATION_OK"
3337,4017492934,4017492968,1,"IOTHUB_CLIENT_CONFIRMATION_OK"
3338,4017493134,4017493173,1,"IOTHUB_CLIENT_CONFIRMATION_OK"
3339,4017493335,4017493381,1,"IOTHUB_CLIENT_CONFIRMATION_OK"
3340,4017493535,4017493568,1,"IOTHUB_CLIENT_CONFIRMATION_OK"
3341,4017493735,4017493888,1,"IOTHUB_CLIENT_CONFIRMATION_OK"
3342,4017493935,4017493977,1,"IOTHUB_CLIENT_CONFIRMATION_OK"
3343,4017494135,4017494298,1,"IOTHUB_CLIENT_CONFIRMATION_OK"
3344,4017494335,4017494390,1,"IOTHUB_CLIENT_CONFIRMATION_OK"
3345,4017494536,4017494570,1,"IOTHUB_CLIENT_CONFIRMATION_OK"
3346,4017494736,4017494767,1,"IOTHUB_CLIENT_CONFIRMATION_OK"
3347,4017494936,4017494988,1,"IOTHUB_CLIENT_CONFIRMATION_OK"
3348,4017495136,4017495172,1,"IOTHUB_CLIENT_CONFIRMATION_OK"
3349,4017495336,4017495380,1,"IOTHUB_CLIENT_CONFIRMATION_OK"
3350,4017495536,4017495578,1,"IOTHUB_CLIENT_CONFIRMATION_OK"
3351,4017495737,4017495788,1,"IOTHUB_CLIENT_CONFIRMATION_OK"
3352,4017495937,4017495989,1,"IOTHUB_CLIENT_CONFIRMATION_OK"
3353,4017496137,4017496169,1,"IOTHUB_CLIENT_CONFIRMATION_OK"
3354,4017496337,4017496413,1,"IOTHUB_CLIENT_CONFIRMATION_OK"
3355,4017496537,4017496617,1,"IOTHUB_CLIENT_CONFIRMATION_OK"
3356,4017496737,4017496787,1,"IOTHUB_CLIENT_CONFIRMATION_OK"
3357,4017496938,4017497009,1,"IOTHUB_CLIENT_CONFIRMATION_OK"
3358,4017497138,4017497169,1,"IOTHUB_CLIENT_CONFIRMATION_OK"
3359,4017497338,4017497373,1,"IOTHUB_CLIENT_CONFIRMATION_OK"
3360,4017497538,4017497660,1,"IOTHUB_CLIENT_CONFIRMATION_OK"
3361,4017497738,4017497782,1,"IOTHUB_CLIENT_CONFIRMATION_OK"
3362,4017497938,4017497968,1,"IOTHUB_CLIENT_CONFIRMATION_OK"
3363,4017498139,4017498171,1,"IOTHUB_CLIENT_CONFIRMATION_OK"
3364,4017498339,4017498415,1,"IOTHUB_CLIENT_CONFIRMATION_OK"
3365,4017498539,4017498569,1,"IOTHUB_CLIENT_CONFIRMATION_OK"
3366,4017498739,4017498778,1,"IOTHUB_CLIENT_CONFIRMATION_OK"
3367,4017498939,4017499003,1,"IOTHUB_CLIENT_CONFIRMATION_OK"
3368,4017499139,4017499268,1,"IOTHUB_CLIENT_CONFIRMATION_OK"
3369,4017499339,4017499410,1,"IOTHUB_CLIENT_CONFIRMATION_OK"
3370,4017499540,4017499596,1,"IOTHUB_CLIENT_CONFIRMATION_OK"
3371,4017499740,4017499812,1,"IOTHUB_CLIENT_CONFIRMATION_OK"
3372,4017499940,4017499985,1,"IOTHUB_CLIENT_CONFIRMATION_OK"
3373,4017500140,4017500174,1,"IOTHUB_CLIENT_CONFIRMATION_OK"
3374,4017500340,4017500386,1,"IOTHUB_CLIENT_CONFIRMATION_OK"
3375,4017500540,4017500581,1,"IOTHUB_CLIENT_CONFIRMATION_OK"
3376,4017500741,4017500919,1,"IOTHUB_CLIENT_CONFIRMATION_OK"
3377,4017500941,4017500979,1,"IOTHUB_CLIENT_CONFIRMATION_OK"
3378,4017501141,4017501182,1,"IOTHUB_CLIENT_CONFIRMATION_OK"
3379,4017501341,4017501389,1,"IOTHUB_CLIENT_CONFIRMATION_OK"
3380,4017501541,4017501636,1,"IOTHUB_CLIENT_CONFIRMATION_OK"
3381,4017501741,4017501856,1,"IOTHUB_CLIENT_CONFIRMATION_OK"
3382,4017501942,4017501991,1,"IOTHUB_CLIENT_CONFIRMATION_OK"
3383,4017502142,4017502190,1,"IOTHUB_CLIENT_CONFIRMATION_OK"
3384,4017502342,4017502520,1,"IOTHUB_CLIENT_CONFIRMATION_OK"
3385,4017502542,4017502605,1,"IOTHUB_CLIENT_CONFIRMATION_OK"
3386,4017502742,4017502798,1,"IOTHUB_CLIENT_CONFIRMATION_OK"
3387,4017502942,4017502988,1,"IOTHUB_CLIENT_CONFIRMATION_OK"
3388,4017503143,4017503186,1,"IOTHUB_CLIENT_CONFIRMATION_OK"
3389,4017503343,4017503385,1,"IOTHUB_CLIENT_CONFIRMATION_OK"
3390,4017503543,4017503577,1,"IOTHUB_CLIENT_CONFIRMATION_OK"
3391,4017503743,4017503790,1,"IOTHUB_CLIENT_CONFIRMATION_OK"
3392,4017503943,4017504023,1,"IOTHUB_CLIENT_CONFIRMATION_OK"
3393,4017504143,4017504186,1,"IOTHUB_CLIENT_CONFIRMATION_OK"
3394,4017504344,4017504399,1,"IOTHUB_CLIENT_CONFIRMATION_OK"
3395,4017504544,4017504587,1,"IOTHUB_CLIENT_CONFIRMATION_OK"
3396,4017504744,4017504786,1,"IOTHUB_CLIENT_CONFIRMATION_OK"
3397,4017504944,4017504981,1,"IOTHUB_CLIENT_CONFIRMATION_OK"
3398,4017505144,4017505190,1,"IOTHUB_CLIENT_CONFIRMATION_OK"
3399,4017505344,4017505390,1,"IOTHUB_CLIENT_CONFIRMATION_OK"
3400,4017505545,4017505583,1,"IOTHUB_CLIENT_CONFIRMATION_OK"
3401,4017505745,4017505815,1,"IOTHUB_CLIENT_CONFIRMATION_OK"
3402,4017505945,4017505988,1,"IOTHUB_CLIENT_CONFIRMATION_OK"
3403,4017506145,4017506229,1,"IOTHUB_CLIENT_CONFIRMATION_OK"
3404,4017506345,4017506402,1,"IOTHUB_CLIENT_CONFIRMATION_OK"
3405,4017506545,4017506589,1,"IOTHUB_CLIENT_CONFIRMATION_OK"
3406,4017506745,4017506862,1,"IOTHUB_CLIENT_CONFIRMATION_OK"
3407,4017506946,4017507074,1,"IOTHUB_CLIENT_CONFIRMATION_OK"
3408,4017507146,4017507178,1,"IOTHUB_CLIENT_CONFIRMATION_OK"
3409,4017507346,4017507384,1,"IOTHUB_CLIENT_CONFIRMATION_OK"
3410,4017507546,4017507598,1,"IOTHUB_CLIENT_CONFIRMATION_OK"
3411,4017507746,4017507859,1,"IOTHUB_CLIENT_CONFIRMATION_OK"
3412,4017507946,4017508004,1,"IOTHUB_CLIENT_CONFIRMATION_OK"
3413,4017508147,4017508180,1,"IOTHUB_CLIENT_CONFIRMATION_OK"
3414,4017508347,4017508471,1,"IOTHUB_CLIENT_CONFIRMATION_OK"
3415,4017508547,4017508592,1,"IOTHUB_CLIENT_CONFIRMATION_OK"
3416,4017508747,4017508785,1,"IOTHUB_CLIENT_CONFIRMATION_OK"
3417,4017508947,4017508997,1,"IOTHUB_CLIENT_CONFIRMATION_OK"
3418,4017509147,4017509210,1,"IOTHUB_CLIENT_CONFIRMATION_OK"
3419,4017509348,4017509379,1,"IOTHUB_CLIENT_CONFIRMATION_OK"
3420,4017509548,4017509602,1,"IOTHUB_CLIENT_CONFIRMATION_OK"
3421,4017509748,4017509869,1,"IOTHUB_CLIENT_CONFIRMATION_OK"
3422,4017509948,4017510103,1,"IOTHUB_CLIENT_CONFIRMATION_OK"
3423,4017510148,4017510187,1,"IOTHUB_CLIENT_CONFIRMATION_OK"
3424,4017510348,4017510387,1,"IOTHUB_CLIENT_CONFIRMATION_OK"
3425,4017510549,4017510587,1,"IOTHUB_CLIENT_CONFIRMATION_OK"
3426,4017510749,4017510785,1,"IOTHUB_CLIENT_CONFIRMATION_OK"
3427,4017510949,4017511001,1,"IOTHUB_CLIENT_CONFIRMATION_OK"
3428,4017511149,4017511183,1,"IOTHUB_CLIENT_CONFIRMATION_OK"
3429,4017511349,4017511386,1,"IOTHUB_CLIENT_CONFIRMATION_OK"
3430,4017511549,4017511765,1,"IOTHUB_CLIENT_CONFIRMATION_OK"
3431,4017511749,4017511815,1,"IOTHUB_CLIENT_CONFIRMATION_OK"
3432,4017511950,4017512002,1,"IOTHUB_CLIENT_CONFIRMATION_OK"
3433,4017512150,4017512196,1,"IOTHUB_CLIENT_CONFIRMATION_OK"
3434,4017512350,4017512460,1,"IOTHUB_CLIENT_CONFIRMATION_OK"
3435,4017512550,4017512584,1,"IOTHUB_CLIENT_CONFIRMATION_OK"
3436,4017512750,4017512783,1,"IOTHUB_CLIENT_CONFIRMATION_OK"
3437,4017512950,4017512987,1,"IOTHUB_CLIENT_CONFIRMATION_OK"
3438,4017513151,4017513383,1,"IOTHUB_CLIENT_CONFIRMATION_OK"
3439,4017513351,4017513414,1,"IOTHUB_CLIENT_CONFIRMATION_OK"
3440,4017513551,4017513582,1,"IOTHUB_CLIENT_CONFIRMATION_OK"
3441,4017513751,4017513810,1,"IOTHUB_CLIENT_CONFIRMATION_OK"
3442,4017513951,4017513993,1,"IOTHUB_CLIENT_CONFIRMATION_OK"
3443,4017514151,4017514203,1,"IOTHUB_CLIENT_CONFIRMATION_OK"
3444,4017514352,4017514396,1,"IOTHUB_CLIENT_CONFIRMATION_OK"
3445,4017514552,4017514586,1,"IOTHUB_CLIENT_CONFIRMATION_OK"
3446,4017514752,4017514788,1,"IOTHUB_CLIENT_CONFIRMATION_OK"
3447,4017514952,4017515039,1,"IOTHUB_CLIENT_CONFIRMATION_OK"
3448,4017515152,4017515194,1,"IOTHUB_CLIENT_CONFIRMATION_OK"
3449,4017515352,4017515433,1,"IOTHUB_CLIENT_CONFIRMATION_OK"
3450,4017515553,4017515588,1,"IOTHUB_CLIENT_CONFIRMATION_OK"
3451,4017515753,4017515926,1,"IOTHUB_CLIENT_CONFIRMATION_OK"
3452,4017515953,4017516122,1,"IOTHUB_CLIENT_CONFIRMATION_OK"
3453,4017516153,4017516239,1,"IOTHUB_CLIENT_CONFIRMATION_OK"
3454,4017516353,4017516387,1,"IOTHUB_CLIENT_CONFIRMATION_OK"
3455,4017516553,4017516590,1,"IOTHUB_CLIENT_CONFIRMATION_OK"
3456,4017516754,4017516795,1,"IOTHUB_CLIENT_CONFIRMATION_OK"
3457,4017516954,4017517162,1,"IOTHUB_CLIENT_CONFIRMATION_OK"
3458,4017517154,4017517197,1,"IOTHUB_CLIENT_CONFIRMATION_OK"
3459,4017517354,4017517389,1,"IOTHUB_CLIENT_CONFIRMATION_OK"
3460,4017517554,4017517588,1,"IOTHUB_CLIENT_CONFIRMATION_OK"
3461,4017517754,4017517793,1,"IOTHUB_CLIENT_CONFIRMATION_OK"
3462,4017517955,4017518021,1,"IOTHUB_CLIENT_CONFIRMATION_OK"
3463,4017518155,4017518190,1,"IOTHUB_CLIENT_CONFIRMATION_OK"
3464,4017518355,4017518398,1,"IOTHUB_CLIENT_CONFIRMATION_OK"
3465,4017518555,4017518763,1,"IOTHUB_CLIENT_CONFIRMATION_OK"
3466,4017518755,4017518797,1,"IOTHUB_CLIENT_CONFIRMATION_OK"
3467,4017518955,4017518993,1,"IOTHUB_CLIENT_CONFIRMATION_OK"
3468,4017519155,4017519197,1,"IOTHUB_CLIENT_CONFIRMATION_OK"
3469,4017519356,4017519389,1,"IOTHUB_CLIENT_CONFIRMATION_OK"
3470,4017519556,4017519604,1,"IOTHUB_CLIENT_CONFIRMATION_OK"
3471,4017519756,4017519793,1,"IOTHUB_CLIENT_CONFIRMATION_OK"
3472,4017519956,4017519995,1,"IOTHUB_CLIENT_CONFIRMATION_OK"
3473,4017520156,4017520194,1,"IOTHUB_CLIENT_CONFIRMATION_OK"
3474,4017520356,4017520428,1,"IOTHUB_CLIENT_CONFIRMATION_OK"
3475,4017520557,4017520594,1,"IOTHUB_CLIENT_CONFIRMATION_OK"
3476,4017520757,4017520797,1,"IOTHUB_CLIENT_CONFIRMATION_OK"
3477,4017520957,4017520993,1,"IOTHUB_CLIENT_CONFIRMATION_OK"
3478,4017521157,4017521217,1,"IOTHUB_CLIENT_CONFIRMATION_OK"
3479,4017521357,4017521493,1,"IOTHUB_CLIENT_CONFIRMATION_OK"
3480,4017521557,4017521596,1,"IOTHUB_CLIENT_CONFIRMATION_OK"
3481,4017521758,4017521817,1,"IOTHUB_CLIENT_CONFIRMATION_OK"
3482,4017521958,4017521993,1,"IOTHUB_CLIENT_CONFIRMATION_OK"
3483,4017522158,4017522204,1,"IOTHUB_CLIENT_CONFIRMATION_OK"
3484,4017522358,4017522451,1,"IOTHUB_CLIENT_CONFIRMATION_OK"
3485,4017522558,4017522592,1,"IOTHUB_CLIENT_CONFIRMATION_OK"
3486,4017522758,4017522806,1,"IOTHUB_CLIENT_CONFIRMATION_OK"
3487,4017522958,4017523062,1,"IOTHUB_CLIENT_CONFIRMATION_OK"
3488,4017523159,4017523194,1,"IOTHUB_CLIENT_CONFIRMATION_OK"
3489,4017523359,4017523391,1,"IOTHUB_CLIENT_CONFIRMATION_OK"
3490,4017523559,4017523613,1,"IOTHUB_CLIENT_CONFIRMATION_OK"
3491,4017523759,4017523878,1,"IOTHUB_CLIENT_CONFIRMATION_OK"
3492,4017523959,4017524099,1,"IOTHUB_CLIENT_CONFIRMATION_OK"
3493,4017524160,4017524216,1,"IOTHUB_CLIENT_CONFIRMATION_OK"
3494,4017524360,4017524402,1,"IOTHUB_CLIENT_CONFIRMATION_OK"
3495,4017524560,4017524738,1,"IOTHUB_CLIENT_CONFIRMATION_OK"
3496,4017524760,4017524820,1,"IOTHUB_CLIENT_CONFIRMATION_OK"
3497,4017524960,4017525027,1,"IOTHUB_CLIENT_CONFIRMATION_OK"
3498,4017525160,4017525197,1,"IOTHUB_CLIENT_CONFIRMATION_OK"
3499,4017525361,4017525396,1,"IOTHUB_CLIENT_CONFIRMATION_OK"
3500,4017525561,4017525598,1,"IOTHUB_CLIENT_CONFIRMATION_OK"
3501,4017525761,4017525805,1,"IOTHUB_CLIENT_CONFIRMATION_OK"
3502,4017525961,4017526001,1,"IOTHUB_CLIENT_CONFIRMATION_OK"
3503,4017526161,4017526218,1,"IOTHUB_CLIENT_CONFIRMATION_OK"
3504,4017526361,4017526402,1,"IOTHUB_CLIENT_CONFIRMATION_OK"
3505,4017526562,4017526595,1,"IOTHUB_CLIENT_CONFIRMATION_OK"
3506,4017526762,4017526791,1,"IOTHUB_CLIENT_CONFIRMATION_OK"
3507,4017526962,4017526994,1,"IOTHUB_CLIENT_CONFIRMATION_OK"
3508,4017527162,4017527209,1,"IOTHUB_CLIENT_CONFIRMATION_OK"
3509,4017527362,4017527411,1,"IOTHUB_CLIENT_CONFIRMATION_OK"
3510,4017527562,4017527613,1,"IOTHUB_CLIENT_CONFIRMATION_OK"
3511,4017527763,4017527826,1,"IOTHUB_CLIENT_CONFIRMATION_OK"
3512,4017527963,4017528003,1,"IOTHUB_CLIENT_CONFIRMATION_OK"
3513,4017528163,4017528198,1,"IOTHUB_CLIENT_CONFIRMATION_OK"
3514,4017528363,4017528411,1,"IOTHUB_CLIENT_CONFIRMATION_OK"
3515,4017528563,4017528598,1,"IOTHUB_CLIENT_CONFIRMATION_OK"
3516,4017528763,4017528798,1,"IOTHUB_CLIENT_CONFIRMATION_OK"
3517,4017528963,4017529020,1,"IOTHUB_CLIENT_CONFIRMATION_OK"
3518,4017529164,4017529200,1,"IOTHUB_CLIENT_CONFIRMATION_OK"
3519,4017529364,4017529437,1,"IOTHUB_CLIENT_CONFIRMATION_OK"
3520,4017529564,4017529598,1,"IOTHUB_CLIENT_CONFIRMATION_OK"
3521,4017529764,4017529825,1,"IOTHUB_CLIENT_CONFIRMATION_OK"
3522,4017529964,4017530058,1,"IOTHUB_CLIENT_CONFIRMATION_OK"
3523,4017530164,4017530211,1,"IOTHUB_CLIENT_CONFIRMATION_OK"
3524,4017530365,4017530396,1,"IOTHUB_CLIENT_CONFIRMATION_OK"
3525,4017530565,4017530659,1,"IOTHUB_CLIENT_CONFIRMATION_OK"
3526,4017530765,4017530807,1,"IOTHUB_CLIENT_CONFIRMATION_OK"
3527,4017530965,4017530997,1,"IOTHUB_CLIENT_CONFIRMATION_OK"
3528,4017531165,4017531200,1,"IOTHUB_CLIENT_CONFIRMATION_OK"
3529,4017531365,4017531398,1,"IOTHUB_CLIENT_CONFIRMATION_OK"
3530,4017531566,4017531707,1,"IOTHUB_CLIENT_CONFIRMATION_OK"
3531,4017531766,4017531799,1,"IOTHUB_CLIENT_CONFIRMATION_OK"
3532,4017531966,4017532002,1,"IOTHUB_CLIENT_CONFIRMATION_OK"
3533,4017532166,4017532292,1,"IOTHUB_CLIENT_CONFIRMATION_OK"
3534,4017532366,4017532398,1,"IOTHUB_CLIENT_CONFIRMATION_OK"
3535,4017532566,4017532602,1,"IOTHUB_CLIENT_CONFIRMATION_OK"
3536,4017532767,4017532815,1,"IOTHUB_CLIENT_CONFIRMATION_OK"
3537,4017532967,4017532998,1,"IOTHUB_CLIENT_CONFIRMATION_OK"
3538,4017533167,4017533300,1,"IOTHUB_CLIENT_CONFIRMATION_OK"
3539,4017533367,4017533400,1,"IOTHUB_CLIENT_CONFIRMATION_OK"
3540,4017533567,4017533604,1,"IOTHUB_CLIENT_CONFIRMATION_OK"
3541,4017533767,4017533808,1,"IOTHUB_CLIENT_CONFIRMATION_OK"
3542,4017533968,4017534005,1,"IOTHUB_CLIENT_CONFIRMATION_OK"
3543,4017534168,4017534201,1,"IOTHUB_CLIENT_CONFIRMATION_OK"
3544,4017534368,4017534405,1,"IOTHUB_CLIENT_CONFIRMATION_OK"
3545,4017534568,4017534602,1,"IOTHUB_CLIENT_CONFIRMATION_OK"
3546,4017534768,4017534946,1,"IOTHUB_CLIENT_CONFIRMATION_OK"
3547,4017534968,4017535010,1,"IOTHUB_CLIENT_CONFIRMATION_OK"
3548,4017535169,4017535286,1,"IOTHUB_CLIENT_CONFIRMATION_OK"
3549,4017535369,4017535418,1,"IOTHUB_CLIENT_CONFIRMATION_OK"
3550,4017535569,4017535608,1,"IOTHUB_CLIENT_CONFIRMATION_OK"
3551,4017535769,4017535813,1,"IOTHUB_CLIENT_CONFIRMATION_OK"
3552,4017535969,4017536037,1,"IOTHUB_CLIENT_CONFIRMATION_OK"
3553,4017536169,4017536215,1,"IOTHUB_CLIENT_CONFIRMATION_OK"
3554,4017536370,4017536574,1,"IOTHUB_CLIENT_CONFIRMATION_OK"
3555,4017536570,4017536609,1,"IOTHUB_CLIENT_CONFIRMATION_OK"
3556,4017536770,4017536815,1,"IOTHUB_CLIENT_CONFIRMATION_OK"
3557,4017536970,4017537017,1,"IOTHUB_CLIENT_CONFIRMATION_OK"
3558,4017537170,4017537199,1,"IOTHUB_CLIENT_CONFIRMATION_OK"
3559,4017537370,4017537404,1,"IOTHUB_CLIENT_CONFIRMATION_OK"
3560,4017537571,4017537602,1,"IOTHUB_CLIENT_CONFIRMATION_OK"
3561,4017537771,4017537804,1,"IOTHUB_CLIENT_CONFIRMATION_OK"
3562,4017537971,4017538041,1,"IOTHUB_CLIENT_CONFIRMATION_OK"
3563,4017538171,4017538219,1,"IOTHUB_CLIENT_CONFIRMATION_OK"
3564,4017538371,4017538407,1,"IOTHUB_CLIENT_CONFIRMATION_OK"
3565,4017538571,4017538613,1,"IOTHUB_CLIENT_CONFIRMATION_OK"
3566,4017538771,4017538807,1,"IOTHUB_CLIENT_CONFIRMATION_OK"
3567,4017538972,4017539011,1,"IOTHUB_CLIENT_CONFIRMATION_OK"
3568,4017539172,4017539221,1,"IOTHUB_CLIENT_CONFIRMATION_OK"
3569,4017539372,4017539415,1,"IOTHUB_CLIENT_CONFIRMATION_OK"
3570,4017539572,4017539634,1,"IOTHUB_CLIENT_CONFIRMATION_OK"
3571,4017539772,4017539816,1,"IOTHUB_CLIENT_CONFIRMATION_OK"
3572,4017539972,4017540023,1,"IOTHUB_CLIENT_CONFIRMATION_OK"
3573,4017540173,4017540211,1,"IOTHUB_CLIENT_CONFIRMATION_OK"
3574,4017540373,4017540406,1,"IOTHUB_CLIENT_CONFIRMATION_OK"
3575,4017540573,4017540664,1,"IOTHUB_CLIENT_CONFIRMATION_OK"
3576,4017540773,4017540829,1,"IOTHUB_CLIENT_CONFIRMATION_OK"
3577,4017540973,4017541053,1,"IOTHUB_CLIENT_CONFIRMATION_OK"
3578,4017541173,4017541214,1,"IOTHUB_CLIENT_CONFIRMATION_OK"
3579,4017541374,4017541457,1,"IOTHUB_CLIENT_CONFIRMATION_OK"
3580,4017541574,4017541620,1,"IOTHUB_CLIENT_CONFIRMATION_OK"
3581,4017541774,4017541807,1,"IOTHUB_CLIENT_CONFIRMATION_OK"
3582,4017541974,4017542025,1,"IOTHUB_CLIENT_CONFIRMATION_OK"
3583,4017542174,4017542210,1,"IOTHUB_CLIENT_CONFIRMATION_OK"
3584,4017542374,4017542480,1,"IOTHUB_CLIENT_CONFIRMATION_OK"
3585,4017542575,4017542635,1,"IOTHUB_CLIENT_CONFIRMATION_OK"
3586,4017542775,4017542819,1,"IOTHUB_CLIENT_CONFIRMATION_OK"
3587,4017542975,4017543095,1,"IOTHUB_CLIENT_CONFIRMATION_OK"
3588,4017543175,4017543206,1,"IOTHUB_CLIENT_CONFIRMATION_OK"
3589,4017543375,4017543420,1,"IOTHUB_CLIENT_CONFIRMATION_OK"
3590,4017543575,4017543717,1,"IOTHUB_CLIENT_CONFIRMATION_OK"
3591,4017543776,4017543822,1,"IOTHUB_CLIENT_CONFIRMATION_OK"
3592,4017543976,4017544125,1,"IOTHUB_CLIENT_CONFIRMATION_OK"
3593,4017544176,4017544216,1,"IOTHUB_CLIENT_CONFIRMATION_OK"
3594,4017544376,4017544446,1,"IOTHUB_CLIENT_CONFIRMATION_OK"
3595,4017544576,4017544611,1,"IOTHUB_CLIENT_CONFIRMATION_OK"
3596,4017544776,4017544821,1,"IOTHUB_CLIENT_CONFIRMATION_OK"
3597,4017544977,4017545012,1,"IOTHUB_CLIENT_CONFIRMATION_OK"
3598,4017545177,4017545221,1,"IOTHUB_CLIENT_CONFIRMATION_OK"
3599,4017545377,4017545417,1,"IOTHUB_CLIENT_CONFIRMATION_OK"
3600,4017545577,4017545816,1,"IOTHUB_CLIENT_CONFIRMATION_OK"
3601,4017545777,4017545850,1,"IOTHUB_CLIENT_CONFIRMATION_OK"
3602,4017545977,4017546008,1,"IOTHUB_CLIENT_CONFIRMATION_OK"
3603,4017546178,4017546217,1,"IOTHUB_CLIENT_CONFIRMATION_OK"
3604,4017546378,4017546411,1,"IOTHUB_CLIENT_CONFIRMATION_OK"
3605,4017546578,4017546617,1,"IOTHUB_CLIENT_CONFIRMATION_OK"
3606,4017546778,4017546834,1,"IOTHUB_CLIENT_CONFIRMATION_OK"
3607,4017546978,4017547027,1,"IOTHUB_CLIENT_CONFIRMATION_OK"
3608,4017547178,4017547342,1,"IOTHUB_CLIENT_CONFIRMATION_OK"
3609,4017547379,4017547428,1,"IOTHUB_CLIENT_CONFIRMATION_OK"
3610,4017547579,4017547617,1,"IOTHUB_CLIENT_CONFIRMATION_OK"
3611,4017547779,4017547822,1,"IOTHUB_CLIENT_CONFIRMATION_OK"
3612,4017547979,4017548017,1,"IOTHUB_CLIENT_CONFIRMATION_OK"
3613,4017548179,4017548211,1,"IOTHUB_CLIENT_CONFIRMATION_OK"
3614,4017548379,4017548416,1,"IOTHUB_CLIENT_CONFIRMATION_OK"
3615,4017548579,4017548626,1,"IOTHUB_CLIENT_CONFIRMATION_OK"
3616,4017548780,4017548827,1,"IOTHUB_CLIENT_CONFIRMATION_OK"
3617,4017548980,4017549034,1,"IOTHUB_CLIENT_CONFIRMATION_OK"
3618,4017549180,4017549214,1,"IOTHUB_CLIENT_CONFIRMATION_OK"
3619,4017549380,4017549442,1,"IOTHUB_CLIENT_CONFIRMATION_OK"
3620,4017549580,4017549617,1,"IOTHUB_CLIENT_CONFIRMATION_OK"
3621,4017549780,4017549813,1,"IOTHUB_CLIENT_CONFIRMATION_OK"
3622,4017549981,4017550177,1,"IOTHUB_CLIENT_CONFIRMATION_OK"
3623,4017550181,4017550276,1,"IOTHUB_CLIENT_CONFIRMATION_OK"
3624,4017550381,4017550418,1,"IOTHUB_CLIENT_CONFIRMATION_OK"
3625,4017550581,4017550630,1,"IOTHUB_CLIENT_CONFIRMATION_OK"
3626,4017550781,4017550819,1,"IOTHUB_CLIENT_CONFIRMATION_OK"
3627,4017550981,4017551040,1,"IOTHUB_CLIENT_CONFIRMATION_OK"
3628,4017551181,4017551245,1,"IOTHUB_CLIENT_CONFIRMATION_OK"
3629,4017551382,4017551430,1,"IOTHUB_CLIENT_CONFIRMATION_OK"
3630,4017551582,4017551700,1,"IOTHUB_CLIENT_CONFIRMATION_OK"
3631,4017551782,4017551824,1,"IOTHUB_CLIENT_CONFIRMATION_OK"
3632,4017551982,4017552017,1,"IOTHUB_CLIENT_CONFIRMATION_OK"
3633,4017552182,4017552247,1,"IOTHUB_CLIENT_CONFIRMATION_OK"
3634,4017552382,4017552440,1,"IOTHUB_CLIENT_CONFIRMATION_OK"
3635,4017552583,4017552626,1,"IOTHUB_CLIENT_CONFIRMATION_OK"
3636,4017552783,4017552815,1,"IOTHUB_CLIENT_CONFIRMATION_OK"
3637,4017552983,4017553019,1,"IOTHUB_CLIENT_CONFIRMATION_OK"
3638,4017553183,4017553361,1,"IOTHUB_CLIENT_CONFIRMATION_OK"
3639,4017553383,4017553418,1,"IOTHUB_CLIENT_CONFIRMATION_OK"
3640,4017553583,4017553629,1,"IOTHUB_CLIENT_CONFIRMATION_OK"
3641,4017553783,4017553914,1,"IOTHUB_CLIENT_CONFIRMATION_OK"
3642,4017553984,4017554045,1,"IOTHUB_CLIENT_CONFIRMATION_OK"
3643,4017554184,4017554226,1,"IOTHUB_CLIENT_CONFIRMATION_OK"
3644,4017554384,4017554512,1,"IOTHUB_CLIENT_CONFIRMATION_OK"
3645,4017554584,4017554627,1,"IOTHUB_CLIENT_CONFIRMATION_OK"
3646,4017554784,4017554982,1,"IOTHUB_CLIENT_CONFIRMATION_OK"
3647,4017554984,4017555026,1,"IOTHUB_CLIENT_CONFIRMATION_OK"
3648,4017555185,4017555227,1,"IOTHUB_CLIENT_CONFIRMATION_OK"
3649,4017555385,4017555482,1,"IOTHUB_CLIENT_CONFIRMATION_OK"
3650,4017555585,4017555627,1,"IOTHUB_CLIENT_CONFIRMATION_OK"
3651,4017555785,4017555841,1,"IOTHUB_CLIENT_CONFIRMATION_OK"
3652,4017555985,4017556032,1,"IOTHUB_CLIENT_CONFIRMATION_OK"
3653,4017556185,4017556230,1,"IOTHUB_CLIENT_CONFIRMATION_OK"
3654,4017556386,4017556586,1,"IOTHUB_CLIENT_CONFIRMATION_OK"
3655,4017556586,4017556620,1,"IOTHUB_CLIENT_CONFIRMATION_OK"
3656,4017556786,4017556828,1,"IOTHUB_CLIENT_CONFIRMATION_OK"
3657,4017556986,4017557020,1,"IOTHUB_CLIENT_CONFIRMATION_OK"
3658,4017557186,4017557225,1,"IOTHUB_CLIENT_CONFIRMATION_OK"
3659,4017557386,4017557444,1,"IOTHUB_CLIENT_CONFIRMATION_OK"
3660,4017557587,4017557628,1,"IOTHUB_CLIENT_CONFIRMATION_OK"
3661,4017557787,4017557829,1,"IOTHUB_CLIENT_CONFIRMATION_OK"
3662,4017557987,4017558035,1,"IOTHUB_CLIENT_CONFIRMATION_OK"
3663,4017558187,4017558248,1,"IOTHUB_CLIENT_CONFIRMATION_OK"
3664,4017558387,4017558421,1,"IOTHUB_CLIENT_CONFIRMATION_OK"
3665,4017558587,4017558631,1,"IOTHUB_CLIENT_CONFIRMATION_OK"
3666,4017558788,4017558823,1,"IOTHUB_CLIENT_CONFIRMATION_OK"
3667,4017558988,4017559037,1,"IOTHUB_CLIENT_CONFIRMATION_OK"
3668,4017559188,4017559229,1,"IOTHUB_CLIENT_CONFIRMATION_OK"
3669,4017559388,4017559429,1,"IOTHUB_CLIENT_CONFIRMATION_OK"
3670,4017559588,4017559627,1,"IOTHUB_CLIENT_CONFIRMATION_OK"
3671,4017559788,4017559838,1,"IOTHUB_CLIENT_CONFIRMATION_OK"
3672,4017559989,4017560045,1,"IOTHUB_CLIENT_CONFIRMATION_OK"
3673,4017560189,4017560281,1,"IOTHUB_CLIENT_CONFIRMATION_OK"
3674,4017560389,4017560433,1,"IOTHUB_CLIENT_CONFIRMATION_OK"
3675,4017560589,4017560621,1,"IOTHUB_CLIENT_CONFIRMATION_OK"
3676,4017560789,4017560898,1,"IOTHUB_CLIENT_CONFIRMATION_OK"
3677,4017560989,4017561047,1,"IOTHUB_CLIENT_CONFIRMATION_OK"
3678,4017561190,4017561232,1,"IOTHUB_CLIENT_CONFIRMATION_OK"
3679,4017561390,4017561430,1,"IOTHUB_CLIENT_CONFIRMATION_OK"
3680,4017561590,4017561635,1,"IOTHUB_CLIENT_CONFIRMATION_OK"
3681,4017561790,4017561939,1,"IOTHUB_CLIENT_CONFIRMATION_OK"
3682,4017561990,4017562033,1,"IOTHUB_CLIENT_CONFIRMATION_OK"
3683,4017562190,4017562259,1,"IOTHUB_CLIENT_CONFIRMATION_OK"
3684,4017562390,4017562575,1,"IOTHUB_CLIENT_CONFIRMATION_OK"
3685,4017562591,4017562658,1,"IOTHUB_CLIENT_CONFIRMATION_OK"
3686,4017562791,4017562834,1,"IOTHUB_CLIENT_CONFIRMATION_OK"
3687,4017562991,4017563035,1,"IOTHUB_CLIENT_CONFIRMATION_OK"
3688,4017563191,4017563237,1,"IOTHUB_CLIENT_CONFIRMATION_OK"
3689,4017563391,4017563452,1,"IOTHUB_CLIENT_CONFIRMATION_OK"
3690,4017563591,4017563641,1,"IOTHUB_CLIENT_CONFIRMATION_OK"
3691,4017563792,4017563832,1,"IOTHUB_CLIENT_CONFIRMATION_OK"
3692,4017563992,4017564198,1,"IOTHUB_CLIENT_CONFIRMATION_OK"
3693,4017564192,4017564226,1,"IOTHUB_CLIENT_CONFIRMATION_OK"
3694,4017564392,4017564453,1,"IOTHUB_CLIENT_CONFIRMATION_OK"
3695,4017564592,4017564637,1,"IOTHUB_CLIENT_CONFIRMATION_OK"
3696,4017564792,4017564843,1,"IOTHUB_CLIENT_CONFIRMATION_OK"
3697,4017564992,4017565057,1,"IOTHUB_CLIENT_CONFIRMATION_OK"
3698,4017565193,4017565229,1,"IOTHUB_CLIENT_CONFIRMATION_OK"
3699,4017565393,4017565435,1,"IOTHUB_CLIENT_CONFIRMATION_OK"
3700,4017565593,4017565826,1,"IOTHUB_CLIENT_CONFIRMATION_OK"
3701,4017565793,4017565856,1,"IOTHUB_CLIENT_CONFIRMATION_OK"
3702,4017565993,4017566101,1,"IOTHUB_CLIENT_CONFIRMATION_OK"
3703,4017566193,4017566252,1,"IOTHUB_CLIENT_CONFIRMATION_OK"
3704,4017566394,4017566429,1,"IOTHUB_CLIENT_CONFIRMATION_OK"
3705,4017566594,4017566627,1,"IOTHUB_CLIENT_CONFIRMATION_OK"
3706,4017566794,4017566852,1,"IOTHUB_CLIENT_CONFIRMATION_OK"
3707,4017566994,4017567049,1,"IOTHUB_CLIENT_CONFIRMATION_OK"
3708,4017567194,4017567394,1,"IOTHUB_CLIENT_CONFIRMATION_OK"
3709,4017567394,4017567429,1,"IOTHUB_CLIENT_CONFIRMATION_OK"
3710,4017567595,4017567652,1,"IOTHUB_CLIENT_CONFIRMATION_OK"
3711,4017567795,4017567850,1,"IOTHUB_CLIENT_CONFIRMATION_OK"
3712,4017567995,4017568115,1,"IOTHUB_CLIENT_CONFIRMATION_OK"
3713,4017568195,4017568245,1,"IOTHUB_CLIENT_CONFIRMATION_OK"
3714,4017568395,4017568458,1,"IOTHUB_CLIENT_CONFIRMATION_OK"
3715,4017568595,4017568638,1,"IOTHUB_CLIENT_CONFIRMATION_OK"
3716,4017568796,4017568838,1,"IOTHUB_CLIENT_CONFIRMATION_OK"
3717,4017568996,4017569049,1,"IOTHUB_CLIENT_CONFIRMATION_OK"
3718,4017569196,4017569235,1,"IOTHUB_CLIENT_CONFIRMATION_OK"
3719,4017569396,4017569477,1,"IOTHUB_CLIENT_CONFIRMATION_OK"
3720,4017569596,4017569641,1,"IOTHUB_CLIENT_CONFIRMATION_OK"
3721,4017569796,4017569850,1,"IOTHUB_CLIENT_CONFIRMATION_OK"
3722,4017569997,4017570165,1,"IOTHUB_CLIENT_CONFIRMATION_OK"
3723,4017570197,4017570294,1,"IOTHUB_CLIENT_CONFIRMATION_OK"
3724,4017570397,4017570462,1,"IOTHUB_CLIENT_CONFIRMATION_OK"
3725,4017570597,4017570661,1,"IOTHUB_CLIENT_CONFIRMATION_OK"
3726,4017570797,4017570831,1,"IOTHUB_CLIENT_CONFIRMATION_OK"
3727,4017570997,4017571109,1,"IOTHUB_CLIENT_CONFIRMATION_OK"
3728,4017571197,4017571248,1,"IOTHUB_CLIENT_CONFIRMATION_OK"
3729,4017571398,4017571435,1,"IOTHUB_CLIENT_CONFIRMATION_OK"
3730,4017571598,4017571731,1,"IOTHUB_CLIENT_CONFIRMATION_OK"
3731,4017571798,4017571838,1,"IOTHUB_CLIENT_CONFIRMATION_OK"
3732,4017571998,4017572047,1,"IOTHUB_CLIENT_CONFIRMATION_OK"
3733,4017572198,4017572236,1,"IOTHUB_CLIENT_CONFIRMATION_OK"
3734,4017572398,4017572472,1,"IOTHUB_CLIENT_CONFIRMATION_OK"
3735,4017572598,4017572747,1,"IOTHUB_CLIENT_CONFIRMATION_OK"
3736,4017572799,4017572828,1,"IOTHUB_CLIENT_CONFIRMATION_OK"
3737,4017572999,4017573046,1,"IOTHUB_CLIENT_CONFIRMATION_OK"
3738,4017573199,4017573335,1,"IOTHUB_CLIENT_CONFIRMATION_OK"
3739,4017573399,4017573431,1,"IOTHUB_CLIENT_CONFIRMATION_OK"
3740,4017573599,4017573657,1,"IOTHUB_CLIENT_CONFIRMATION_OK"
3741,4017573799,4017573872,1,"IOTHUB_CLIENT_CONFIRMATION_OK"
3742,4017574000,4017574088,1,"IOTHUB_CLIENT_CONFIRMATION_OK"
3743,4017574200,4017574234,1,"IOTHUB_CLIENT_CONFIRMATION_OK"
3744,4017574400,4017574462,1,"IOTHUB_CLIENT_CONFIRMATION_OK"
3745,4017574600,4017574636,1,"IOTHUB_CLIENT_CONFIRMATION_OK"
3746,4017574800,4017574966,1,"IOTHUB_CLIENT_CONFIRMATION_OK"
3747,4017575000,4017575034,1,"IOTHUB_CLIENT_CONFIRMATION_OK"
3748,4017575201,4017575239,1,"IOTHUB_CLIENT_CONFIRMATION_OK"
3749,4017575401,4017575436,1,"IOTHUB_CLIENT_CONFIRMATION_OK"
3750,4017575601,4017575654,1,"IOTHUB_CLIENT_CONFIRMATION_OK"
3751,4017575801,4017575913,1,"IOTHUB_CLIENT_CONFIRMATION_OK"
3752,4017576001,4017576038,1,"IOTHUB_CLIENT_CONFIRMATION_OK"
3753,4017576201,4017576286,1,"IOTHUB_CLIENT_CONFIRMATION_OK"
3754,4017576401,4017576587,1,"IOTHUB_CLIENT_CONFIRMATION_OK"
3755,4017576602,4017576664,1,"IOTHUB_CLIENT_CONFIRMATION_OK"
3756,4017576802,4017576832,1,"IOTHUB_CLIENT_CONFIRMATION_OK"
3757,4017577002,4017577039,1,"IOTHUB_CLIENT_CONFIRMATION_OK"
3758,4017577202,4017577235,1,"IOTHUB_CLIENT_CONFIRMATION_OK"
3759,4017577402,4017577437,1,"IOTHUB_CLIENT_CONFIRMATION_OK"
3760,4017577602,4017577645,1,"IOTHUB_CLIENT_CONFIRMATION_OK"
3761,4017577802,4017577864,1,"IOTHUB_CLIENT_CONFIRMATION_OK"
3762,4017578003,4017578196,1,"IOTHUB_CLIENT_CONFIRMATION_OK"
3763,4017578203,4017578237,1,"IOTHUB_CLIENT_CONFIRMATION_OK"
3764,4017578403,4017578466,1,"IOTHUB_CLIENT_CONFIRMATION_OK"
3765,4017578603,4017578658,1,"IOTHUB_CLIENT_CONFIRMATION_OK"
3766,4017578803,4017578833,1,"IOTHUB_CLIENT_CONFIRMATION_OK"
3767,4017579003,4017579059,1,"IOTHUB_CLIENT_CONFIRMATION_OK"
3768,4017579204,4017579243,1,"IOTHUB_CLIENT_CONFIRMATION_OK"
3769,4017579404,4017579441,1,"IOTHUB_CLIENT_CONFIRMATION_OK"
3770,4017579604,4017579666,1,"IOTHUB_CLIENT_CONFIRMATION_OK"
3771,4017579804,4017579844,1,"IOTHUB_CLIENT_CONFIRMATION_OK"
3772,4017580004,4017580055,1,"IOTHUB_CLIENT_CONFIRMATION_OK"
3773,4017580204,4017580251,1,"IOTHUB_CLIENT_CONFIRMATION_OK"
3774,4017580404,4017580450,1,"IOTHUB_CLIENT_CONFIRMATION_OK"
3775,4017580605,4017580647,1,"IOTHUB_CLIENT_CONFIRMATION_OK"
3776,4017580805,4017580854,1,"IOTHUB_CLIENT_CONFIRMATION_OK"
3777,4017581005,4017581115,1,"IOTHUB_CLIENT_CONFIRMATION_OK"
3778,4017581205,4017581237,1,"IOTHUB_CLIENT_CONFIRMATION_OK"
3779,4017581405,4017581459,1,"IOTHUB_CLIENT_CONFIRMATION_OK"
3780,4017581605,4017581641,1,"IOTHUB_CLIENT_CONFIRMATION_OK"
3781,4017581805,4017581890,1,"IOTHUB_CLIENT_CONFIRMATION_OK"
3782,4017582006,4017582058,1,"IOTHUB_CLIENT_CONFIRMATION_OK"
3783,4017582206,4017582246,1,"IOTHUB_CLIENT_CONFIRMATION_OK"
3784,4017582406,4017582598,1,"IOTHUB_CLIENT_CONFIRMATION_OK"
3785,4017582606,4017582658,1,"IOTHUB_CLIENT_CONFIRMATION_OK"
3786,4017582806,4017582860,1,"IOTHUB_CLIENT_CONFIRMATION_OK"
3787,4017583007,4017583093,1,"IOTHUB_CLIENT_CONFIRMATION_OK"
3788,4017583207,4017583251,1,"IOTHUB_CLIENT_CONFIRMATION_OK"
3789,4017583407,4017583471,1,"IOTHUB_CLIENT_CONFIRMATION_OK"
3790,4017583607,4017583660,1,"IOTHUB_CLIENT_CONFIRMATION_OK"
3791,4017583807,4017583851,1,"IOTHUB_CLIENT_CONFIRMATION_OK"
3792,4017584007,4017584127,1,"IOTHUB_CLIENT_CONFIRMATION_OK"
3793,4017584207,4017584253,1,"IOTHUB_CLIENT_CONFIRMATION_OK"
3794,4017584408,4017584510,1,"IOTHUB_CLIENT_CONFIRMATION_OK"
3795,4017584608,4017584653,1,"IOTHUB_CLIENT_CONFIRMATION_OK"
3796,4017584808,4017584849,1,"IOTHUB_CLIENT_CONFIRMATION_OK"
3797,4017585008,4017585062,1,"IOTHUB_CLIENT_CONFIRMATION_OK"
3798,4017585208,4017585241,1,"IOTHUB_CLIENT_CONFIRMATION_OK"
3799,4017585408,4017585572,1,"IOTHUB_CLIENT_CONFIRMATION_OK"
3800,4017585609,4017585788,1,"IOTHUB_CLIENT_CONFIRMATION_OK"
3801,4017585809,4017585868,1,"IOTHUB_CLIENT_CONFIRMATION_OK"
3802,4017586009,4017586039,1,"IOTHUB_CLIENT_CONFIRMATION_OK"
3803,4017586209,4017586253,1,"IOTHUB_CLIENT_CONFIRMATION_OK"
3804,4017586409,4017586509,1,"IOTHUB_CLIENT_CONFIRMATION_OK"
3805,4017586609,4017586650,1,"IOTHUB_CLIENT_CONFIRMATION_OK"
3806,4017586809,4017586857,1,"IOTHUB_CLIENT_CONFIRMATION_OK"
3807,4017587010,4017587063,1,"IOTHUB_CLIENT_CONFIRMATION_OK"
3808,4017587210,4017587411,1,"IOTHUB_CLIENT_CONFIRMATION_OK"
3809,4017587410,4017587455,1,"IOTHUB_CLIENT_CONFIRMATION_OK"
3810,4017587610,4017587648,1,"IOTHUB_CLIENT_CONFIRMATION_OK"
3811,4017587810,4017587855,1,"IOTHUB_CLIENT_CONFIRMATION_OK"
3812,4017588010,4017588098,1,"IOTHUB_CLIENT_CONFIRMATION_OK"
3813,4017588211,4017588260,1,"IOTHUB_CLIENT_CONFIRMATION_OK"
3814,4017588411,4017588462,1,"IOTHUB_CLIENT_CONFIRMATION_OK"
3815,4017588611,4017588650,1,"IOTHUB_CLIENT_CONFIRMATION_OK"
3816,4017588811,4017589026,1,"IOTHUB_CLIENT_CONFIRMATION_OK"
3817,4017589011,4017589062,1,"IOTHUB_CLIENT_CONFIRMATION_OK"
3818,4017589211,4017589244,1,"IOTHUB_CLIENT_CONFIRMATION_OK"
3819,4017589412,4017589457,1,"IOTHUB_CLIENT_CONFIRMATION_OK"
3820,4017589612,4017589650,1,"IOTHUB_CLIENT_CONFIRMATION_OK"
3821,4017589812,4017589882,1,"IOTHUB_CLIENT_CONFIRMATION_OK"
3822,4017590012,4017590067,1,"IOTHUB_CLIENT_CONFIRMATION_OK"
3823,4017590212,4017590245,1,"IOTHUB_CLIENT_CONFIRMATION_OK"
3824,4017590412,4017590459,1,"IOTHUB_CLIENT_CONFIRMATION_OK"
3825,4017590613,4017590684,1,"IOTHUB_CLIENT_CONFIRMATION_OK"
3826,4017590813,4017590893,1,"IOTHUB_CLIENT_CONFIRMATION_OK"
3827,4017591013,4017591070,1,"IOTHUB_CLIENT_CONFIRMATION_OK"
3828,4017591213,4017591252,1,"IOTHUB_CLIENT_CONFIRMATION_OK"
3829,4017591413,4017591453,1,"IOTHUB_CLIENT_CONFIRMATION_OK"
3830,4017591613,4017591678,1,"IOTHUB_CLIENT_CONFIRMATION_OK"
3831,4017591814,4017591844,1,"IOTHUB_CLIENT_CONFIRMATION_OK"
3832,4017592014,4017592057,1,"IOTHUB_CLIENT_CONFIRMATION_OK"
3833,4017592214,4017592296,1,"IOTHUB_CLIENT_CONFIRMATION_OK"
3834,4017592414,4017592467,1,"IOTHUB_CLIENT_CONFIRMATION_OK"
3835,4017592614,4017592697,1,"IOTHUB_CLIENT_CONFIRMATION_OK"
3836,4017592814,4017592855,1,"IOTHUB_CLIENT_CONFIRMATION_OK"
3837,4017593015,4017593064,1,"IOTHUB_CLIENT_CONFIRMATION_OK"
3838,4017593215,4017593303,1,"IOTHUB_CLIENT_CONFIRMATION_OK"
3839,4017593415,4017593448,1,"IOTHUB_CLIENT_CONFIRMATION_OK"
3840,4017593615,4017593645,1,"IOTHUB_CLIENT_CONFIRMATION_OK"
3841,4017593815,4017593856,1,"IOTHUB_CLIENT_CONFIRMATION_OK"
3842,4017594015,4017594099,1,"IOTHUB_CLIENT_CONFIRMATION_OK"
3843,4017594215,4017594303,1,"IOTHUB_CLIENT_CONFIRMATION_OK"
3844,4017594416,4017594468,1,"IOTHUB_CLIENT_CONFIRMATION_OK"
3845,4017594616,4017594713,1,"IOTHUB_CLIENT_CONFIRMATION_OK"
3846,4017594816,4017594936,1,"IOTHUB_CLIENT_CONFIRMATION_OK"
3847,4017595016,4017595066,1,"IOTHUB_CLIENT_CONFIRMATION_OK"
3848,4017595216,4017595265,1,"IOTHUB_CLIENT_CONFIRMATION_OK"
3849,4017595416,4017595504,1,"IOTHUB_CLIENT_CONFIRMATION_OK"
3850,4017595617,4017595645,1,"IOTHUB_CLIENT_CONFIRMATION_OK"
3851,4017595817,4017595866,1,"IOTHUB_CLIENT_CONFIRMATION_OK"
3852,4017596017,4017596059,1,"IOTHUB_CLIENT_CONFIRMATION_OK"
3853,4017596217,4017596247,1,"IOTHUB_CLIENT_CONFIRMATION_OK"
3854,4017596417,4017596624,1,"IOTHUB_CLIENT_CONFIRMATION_OK"
3855,4017596617,4017596671,1,"IOTHUB_CLIENT_CONFIRMATION_OK"
3856,4017596817,4017596873,1,"IOTHUB_CLIENT_CONFIRMATION_OK"
3857,4017597018,4017597063,1,"IOTHUB_CLIENT_CONFIRMATION_OK"
3858,4017597218,4017597259,1,"IOTHUB_CLIENT_CONFIRMATION_OK"
3859,4017597418,4017597453,1,"IOTHUB_CLIENT_CONFIRMATION_OK"
3860,4017597618,4017597748,1,"IOTHUB_CLIENT_CONFIRMATION_OK"
3861,4017597818,4017597853,1,"IOTHUB_CLIENT_CONFIRMATION_OK"
3862,4017598018,4017598182,1,"IOTHUB_CLIENT_CONFIRMATION_OK"
3863,4017598218,4017598252,1,"IOTHUB_CLIENT_CONFIRMATION_OK"
3864,4017598419,4017598465,1,"IOTHUB_CLIENT_CONFIRMATION_OK"
3865,4017598619,4017598663,1,"IOTHUB_CLIENT_CONFIRMATION_OK"
3866,4017598819,4017598872,1,"IOTHUB_CLIENT_CONFIRMATION_OK"
3867,4017599019,4017599060,1,"IOTHUB_CLIENT_CONFIRMATION_OK"
3868,4017599219,4017599256,1,"IOTHUB_CLIENT_CONFIRMATION_OK"
3869,4017599419,4017599471,1,"IOTHUB_CLIENT_CONFIRMATION_OK"
3870,4017599620,4017599656,1,"IOTHUB_CLIENT_CONFIRMATION_OK"
3871,4017599820,4017599876,1,"IOTHUB_CLIENT_CONFIRMATION_OK"
3872,4017600020,4017600059,1,"IOTHUB_CLIENT_CONFIRMATION_OK"
3873,4017600220,4017600262,1,"IOTHUB_CLIENT_CONFIRMATION_OK"
3874,4017600420,4017600476,1,"IOTHUB_CLIENT_CONFIRMATION_OK"
3875,4017600620,4017600660,1,"IOTHUB_CLIENT_CONFIRMATION_OK"
3876,4017600821,4017600877,1,"IOTHUB_CLIENT_CONFIRMATION_OK"
3877,4017601021,4017601077,1,"IOTHUB_CLIENT_CONFIRMATION_OK"
3878,4017601221,4017601263,1,"IOTHUB_CLIENT_CONFIRMATION_OK"
3879,4017601421,4017601466,1,"IOTHUB_CLIENT_CONFIRMATION_OK"
3880,4017601621,4017601660,1,"IOTHUB_CLIENT_CONFIRMATION_OK"
3881,4017601821,4017601874,1,"IOTHUB_CLIENT_CONFIRMATION_OK"
3882,4017602022,4017602061,1,"IOTHUB_CLIENT_CONFIRMATION_OK"
3883,4017602222,4017602276,1,"IOTHUB_CLIENT_CONFIRMATION_OK"
3884,4017602422,4017602514,1,"IOTHUB_CLIENT_CONFIRMATION_OK"
3885,4017602622,4017602661,1,"IOTHUB_CLIENT_CONFIRMATION_OK"
3886,4017602822,4017602941,1,"IOTHUB_CLIENT_CONFIRMATION_OK"
3887,4017603022,4017603103,1,"IOTHUB_CLIENT_CONFIRMATION_OK"
3888,4017603223,4017603265,1,"IOTHUB_CLIENT_CONFIRMATION_OK"
3889,4017603423,4017603477,1,"IOTHUB_CLIENT_CONFIRMATION_OK"
3890,4017603623,4017603683,1,"IOTHUB_CLIENT_CONFIRMATION_OK"
3891,4017603823,4017603858,1,"IOTHUB_CLIENT_CONFIRMATION_OK"
3892,4017604023,4017604073,1,"IOTHUB_CLIENT_CONFIRMATION_OK"
3893,4017604223,4017604272,1,"IOTHUB_CLIENT_CONFIRMATION_OK"
3894,4017604424,4017604477,1,"IOTHUB_CLIENT_CONFIRMATION_OK"
3895,4017604624,4017604688,1,"IOTHUB_CLIENT_CONFIRMATION_OK"
3896,4017604824,4017604861,1,"IOTHUB_CLIENT_CONFIRMATION_OK"
3897,4017605024,4017605086,1,"IOTHUB_CLIENT_CONFIRMATION_OK"
3898,4017605224,4017605275,1,"IOTHUB_CLIENT_CONFIRMATION_OK"
3899,4017605424,4017605473,1,"IOTHUB_CLIENT_CONFIRMATION_OK"
3900,4017605625,4017605760,1,"IOTHUB_CLIENT_CONFIRMATION_OK"
3901,4017605825,4017605873,1,"IOTHUB_CLIENT_CONFIRMATION_OK"
3902,4017606025,4017606063,1,"IOTHUB_CLIENT_CONFIRMATION_OK"
3903,4017606225,4017606322,1,"IOTHUB_CLIENT_CONFIRMATION_OK"
3904,4017606425,4017606472,1,"IOTHUB_CLIENT_CONFIRMATION_OK"
3905,4017606625,4017606680,1,"IOTHUB_CLIENT_CONFIRMATION_OK"
3906,4017606825,4017606864,1,"IOTHUB_CLIENT_CONFIRMATION_OK"
3907,4017607026,4017607070,1,"IOTHUB_CLIENT_CONFIRMATION_OK"
3908,4017607226,4017607325,1,"IOTHUB_CLIENT_CONFIRMATION_OK"
3909,4017607426,4017607494,1,"IOTHUB_CLIENT_CONFIRMATION_OK"
3910,4017607626,4017607681,1,"IOTHUB_CLIENT_CONFIRMATION_OK"
3911,4017607826,4017607934,1,"IOTHUB_CLIENT_CONFIRMATION_OK"
3912,4017608026,4017608089,1,"IOTHUB_CLIENT_CONFIRMATION_OK"
3913,4017608227,4017608274,1,"IOTHUB_CLIENT_CONFIRMATION_OK"
3914,4017608427,4017608482,1,"IOTHUB_CLIENT_CONFIRMATION_OK"
3915,4017608627,4017608765,1,"IOTHUB_CLIENT_CONFIRMATION_OK"
3916,4017608827,4017608970,1,"IOTHUB_CLIENT_CONFIRMATION_OK"
3917,4017609027,4017609084,1,"IOTHUB_CLIENT_CONFIRMATION_OK"
3918,4017609227,4017609282,1,"IOTHUB_CLIENT_CONFIRMATION_OK"
3919,4017609427,4017609577,1,"IOTHUB_CLIENT_CONFIRMATION_OK"
3920,4017609628,4017609664,1,"IOTHUB_CLIENT_CONFIRMATION_OK"
3921,4017609828,4017609880,1,"IOTHUB_CLIENT_CONFIRMATION_OK"
3922,4017610028,4017610066,1,"IOTHUB_CLIENT_CONFIRMATION_OK"
3923,4017610228,4017610258,1,"IOTHUB_CLIENT_CONFIRMATION_OK"
3924,4017610428,4017610481,1,"IOTHUB_CLIENT_CONFIRMATION_OK"
3925,4017610628,4017610672,1,"IOTHUB_CLIENT_CONFIRMATION_OK"
3926,4017610828,4017610860,1,"IOTHUB_CLIENT_CONFIRMATION_OK"
3927,4017611029,4017611203,1,"IOTHUB_CLIENT_CONFIRMATION_OK"
3928,4017611229,4017611265,1,"IOTHUB_CLIENT_CONFIRMATION_OK"
3929,4017611429,4017611473,1,"IOTHUB_CLIENT_CONFIRMATION_OK"
3930,4017611629,4017611691,1,"IOTHUB_CLIENT_CONFIRMATION_OK"
3931,4017611829,4017611868,1,"IOTHUB_CLIENT_CONFIRMATION_OK"
3932,4017612029,4017612081,1,"IOTHUB_CLIENT_CONFIRMATION_OK"
3933,4017612229,4017612263,1,"IOTHUB_CLIENT_CONFIRMATION_OK"
3934,4017612430,4017612474,1,"IOTHUB_CLIENT_CONFIRMATION_OK"
3935,4017612630,4017612877,1,"IOTHUB_CLIENT_CONFIRMATION_OK"
3936,4017612830,4017612920,1,"IOTHUB_CLIENT_CONFIRMATION_OK"
3937,4017613030,4017613094,1,"IOTHUB_CLIENT_CONFIRMATION_OK"
3938,4017613230,4017613272,1,"IOTHUB_CLIENT_CONFIRMATION_OK"
3939,4017613430,4017613486,1,"IOTHUB_CLIENT_CONFIRMATION_OK"
3940,4017613631,4017613666,1,"IOTHUB_CLIENT_CONFIRMATION_OK"
3941,4017613831,4017613872,1,"IOTHUB_CLIENT_CONFIRMATION_OK"
3942,4017614031,4017614071,1,"IOTHUB_CLIENT_CONFIRMATION_OK"
3943,4017614231,4017614433,1,"IOTHUB_CLIENT_CONFIRMATION_OK"
3944,4017614431,4017614474,1,"IOTHUB_CLIENT_CONFIRMATION_OK"
3945,4017614631,4017614670,1,"IOTHUB_CLIENT_CONFIRMATION_OK"
3946,4017614832,4017614882,1,"IOTHUB_CLIENT_CONFIRMATION_OK"
3947,4017615032,4017615093,1,"IOTHUB_CLIENT_CONFIRMATION_OK"
3948,4017615232,4017615278,1,"IOTHUB_CLIENT_CONFIRMATION_OK"
3949,4017615432,4017615483,1,"IOTHUB_CLIENT_CONFIRMATION_OK"
3950,4017615632,4017615677,1,"IOTHUB_CLIENT_CONFIRMATION_OK"
3951,4017615832,4017615882,1,"IOTHUB_CLIENT_CONFIRMATION_OK"
3952,4017616032,4017616079,1,"IOTHUB_CLIENT_CONFIRMATION_OK"
3953,4017616233,4017616287,1,"IOTHUB_CLIENT_CONFIRMATION_OK"
3954,4017616433,4017616480,1,"IOTHUB_CLIENT_CONFIRMATION_OK"
3955,4017616633,4017616682,1,"IOTHUB_CLIENT_CONFIRMATION_OK"
3956,4017616833,4017616911,1,"IOTHUB_CLIENT_CONFIRMATION_OK"
3957,4017617033,4017617098,1,"IOTHUB_CLIENT_CONFIRMATION_OK"
3958,4017617233,4017617302,1,"IOTHUB_CLIENT_CONFIRMATION_OK"
3959,4017617433,4017617500,1,"IOTHUB_CLIENT_CONFIRMATION_OK"
3960,4017617634,4017617734,1,"IOTHUB_CLIENT_CONFIRMATION_OK"
3961,4017617834,4017617878,1,"IOTHUB_CLIENT_CONFIRMATION_OK"
3962,4017618034,4017618113,1,"IOTHUB_CLIENT_CONFIRMATION_OK"
3963,4017618234,4017618288,1,"IOTHUB_CLIENT_CONFIRMATION_OK"
3964,4017618434,4017618508,1,"IOTHUB_CLIENT_CONFIRMATION_OK"
3965,4017618634,4017618739,1,"IOTHUB_CLIENT_CONFIRMATION_OK"
3966,4017618835,4017618869,1,"IOTHUB_CLIENT_CONFIRMATION_OK"
3967,4017619035,4017619071,1,"IOTHUB_CLIENT_CONFIRMATION_OK"
3968,4017619235,4017619328,1,"IOTHUB_CLIENT_CONFIRMATION_OK"
3969,4017619435,4017619476,1,"IOTHUB_CLIENT_CONFIRMATION_OK"
3970,4017619635,4017619716,1,"IOTHUB_CLIENT_CONFIRMATION_OK"
3971,4017619835,4017619890,1,"IOTHUB_CLIENT_CONFIRMATION_OK"
3972,4017620036,4017620090,1,"IOTHUB_CLIENT_CONFIRMATION_OK"
3973,4017620236,4017620456,1,"IOTHUB_CLIENT_CONFIRMATION_OK"
3974,4017620436,4017620513,1,"IOTHUB_CLIENT_CONFIRMATION_OK"
3975,4017620636,4017620684,1,"IOTHUB_CLIENT_CONFIRMATION_OK"
3976,4017620836,4017620880,1,"IOTHUB_CLIENT_CONFIRMATION_OK"
3977,4017621036,4017621066,1,"IOTHUB_CLIENT_CONFIRMATION_OK"
3978,4017621237,4017621267,1,"IOTHUB_CLIENT_CONFIRMATION_OK"
3979,4017621437,4017621514,1,"IOTHUB_CLIENT_CONFIRMATION_OK"
3980,4017621637,4017621705,1,"IOTHUB_CLIENT_CONFIRMATION_OK"
3981,4017621837,4017621942,1,"IOTHUB_CLIENT_CONFIRMATION_OK"
3982,4017622037,4017622120,1,"IOTHUB_CLIENT_CONFIRMATION_OK"
3983,4017622237,4017622292,1,"IOTHUB_CLIENT_CONFIRMATION_OK"
3984,4017622438,4017622472,1,"IOTHUB_CLIENT_CONFIRMATION_OK"
3985,4017622638,4017622700,1,"IOTHUB_CLIENT_CONFIRMATION_OK"
3986,4017622838,4017622924,1,"IOTHUB_CLIENT_CONFIRMATION_OK"
3987,4017623038,4017623098,1,"IOTHUB_CLIENT_CONFIRMATION_OK"
3988,4017623238,4017623268,1,"IOTHUB_CLIENT_CONFIRMATION_OK"
3989,4017623438,4017623490,1,"IOTHUB_CLIENT_CONFIRMATION_OK"
3990,4017623638,4017623735,1,"IOTHUB_CLIENT_CONFIRMATION_OK"
3991,4017623839,4017623873,1,"IOTHUB_CLIENT_CONFIRMATION_OK"
3992,4017624039,4017624100,1,"IOTHUB_CLIENT_CONFIRMATION_OK"
3993,4017624239,4017624287,1,"IOTHUB_CLIENT_CONFIRMATION_OK"
3994,4017624439,4017624494,1,"IOTHUB_CLIENT_CONFIRMATION_OK"
3995,4017624639,4017624695,1,"IOTHUB_CLIENT_CONFIRMATION_OK"
3996,4017624839,4017624930,1,"IOTHUB_CLIENT_CONFIRMATION_OK"
3997,4017625040,4017625088,1,"IOTHUB_CLIENT_CONFIRMATION_OK"
3998,4017625240,4017625284,1,"IOTHUB_CLIENT_CONFIRMATION_OK"
3999,4017625440,4017625476,1,"IOTHUB_CLIENT_CONFIRMATION_OK"
4000,4017625640,4017625709,1,"IOTHUB_CLIENT_CONFIRMATION_OK"
4001,4017625840,4017625873,1,"IOTHUB_CLIENT_CONFIRMATION_OK"
4002,4017626040,4017626109,1,"IOTHUB_CLIENT_CONFIRMATION_OK"
4003,4017626241,4017626335,1,"IOTHUB_CLIENT_CONFIRMATION_OK"
4004,4017626441,4017626496,1,"IOTHUB_CLIENT_CONFIRMATION_OK"
4005,4017626641,4017626675,1,"IOTHUB_CLIENT_CONFIRMATION_OK"
4006,4017626841,4017626878,1,"IOTHUB_CLIENT_CONFIRMATION_OK"
4007,4017627041,4017627104,1,"IOTHUB_CLIENT_CONFIRMATION_OK"
4008,4017627241,4017627336,1,"IOTHUB_CLIENT_CONFIRMATION_OK"
4009,4017627442,4017627488,1,"IOTHUB_CLIENT_CONFIRMATION_OK"
4010,4017627642,4017627686,1,"IOTHUB_CLIENT_CONFIRMATION_OK"
4011,4017627842,4017627953,1,"IOTHUB_CLIENT_CONFIRMATION_OK"
4012,4017628042,4017628083,1,"IOTHUB_CLIENT_CONFIRMATION_OK"
4013,4017628242,4017628288,1,"IOTHUB_CLIENT_CONFIRMATION_OK"
4014,4017628442,4017628491,1,"IOTHUB_CLIENT_CONFIRMATION_OK"
4015,4017628643,4017628704,1,"IOTHUB_CLIENT_CONFIRMATION_OK"
4016,4017628843,4017628946,1,"IOTHUB_CLIENT_CONFIRMATION_OK"
4017,4017629043,4017629090,1,"IOTHUB_CLIENT_CONFIRMATION_OK"
4018,4017629243,4017629295,1,"IOTHUB_CLIENT_CONFIRMATION_OK"
4019,4017629443,4017629605,1,"IOTHUB_CLIENT_CONFIRMATION_OK"
4020,4017629643,4017629688,1,"IOTHUB_CLIENT_CONFIRMATION_OK"
4021,4017629844,4017629880,1,"IOTHUB_CLIENT_CONFIRMATION_OK"
4022,4017630044,4017630207,1,"IOTHUB_CLIENT_CONFIRMATION_OK"
4023,4017630244,4017630286,1,"IOTHUB_CLIENT_CONFIRMATION_OK"
4024,4017630444,4017630493,1,"IOTHUB_CLIENT_CONFIRMATION_OK"
4025,4017630644,4017630686,1,"IOTHUB_CLIENT_CONFIRMATION_OK"
4026,4017630844,4017630899,1,"IOTHUB_CLIENT_CONFIRMATION_OK"
4027,4017631045,4017631347,1,"IOTHUB_CLIENT_CONFIRMATION_OK"
4028,4017631245,4017631378,1,"IOTHUB_CLIENT_CONFIRMATION_OK"
4029,4017631445,4017631486,1,"IOTHUB_CLIENT_CONFIRMATION_OK"
4030,4017631645,4017631784,1,"IOTHUB_CLIENT_CONFIRMATION_OK"
4031,4017631845,4017631893,1,"IOTHUB_CLIENT_CONFIRMATION_OK"
4032,4017632045,4017632078,1,"IOTHUB_CLIENT_CONFIRMATION_OK"
4033,4017632246,4017632289,1,"IOTHUB_CLIENT_CONFIRMATION_OK"
4034,4017632446,4017632509,1,"IOTHUB_CLIENT_CONFIRMATION_OK"
4035,4017632646,4017632843,1,"IOTHUB_CLIENT_CONFIRMATION_OK"
4036,4017632846,4017632886,1,"IOTHUB_CLIENT_CONFIRMATION_OK"
4037,4017633046,4017633125,1,"IOTHUB_CLIENT_CONFIRMATION_OK"
4038,4017633246,4017633292,1,"IOTHUB_CLIENT_CONFIRMATION_OK"
4039,4017633447,4017633496,1,"IOTHUB_CLIENT_CONFIRMATION_OK"
4040,4017633647,4017633721,1,"IOTHUB_CLIENT_CONFIRMATION_OK"
4041,4017633847,4017633904,1,"IOTHUB_CLIENT_CONFIRMATION_OK"
4042,4017634047,4017634091,1,"IOTHUB_CLIENT_CONFIRMATION_OK"
4043,4017634247,4017634467,1,"IOTHUB_CLIENT_CONFIRMATION_OK"
4044,4017634447,4017634514,1,"IOTHUB_CLIENT_CONFIRMATION_OK"
4045,4017634648,4017634711,1,"IOTHUB_CLIENT_CONFIRMATION_OK"
4046,4017634848,4017634898,1,"IOTHUB_CLIENT_CONFIRMATION_OK"
4047,4017635048,4017635094,1,"IOTHUB_CLIENT_CONFIRMATION_OK"
4048,4017635248,4017635295,1,"IOTHUB_CLIENT_CONFIRMATION_OK"
4049,4017635448,4017635506,1,"IOTHUB_CLIENT_CONFIRMATION_OK"
4050,4017635648,4017635705,1,"IOTHUB_CLIENT_CONFIRMATION_OK"
4051,4017635848,4017635896,1,"IOTHUB_CLIENT_CONFIRMATION_OK"
4052,4017636049,4017636085,1,"IOTHUB_CLIENT_CONFIRMATION_OK"
4053,4017636249,4017636287,1,"IOTHUB_CLIENT_CONFIRMATION_OK"
4054,4017636449,4017636521,1,"IOTHUB_CLIENT_CONFIRMATION_OK"
4055,4017636649,4017636708,1,"IOTHUB_CLIENT_CONFIRMATION_OK"
4056,4017636849,4017636900,1,"IOTHUB_CLIENT_CONFIRMATION_OK"
4057,4017637049,4017637138,1,"IOTHUB_CLIENT_CONFIRMATION_OK"
4058,4017637250,4017637312,1,"IOTHUB_CLIENT_CONFIRMATION_OK"
4059,4017637450,4017637493,1,"IOTHUB_CLIENT_CONFIRMATION_OK"
4060,4017637650,4017637697,1,"IOTHUB_CLIENT_CONFIRMATION_OK"
4061,4017637850,4017637890,1,"IOTHUB_CLIENT_CONFIRMATION_OK"
4062,4017638050,4017638148,1,"IOTHUB_CLIENT_CONFIRMATION_OK"
4063,4017638250,4017638291,1,"IOTHUB_CLIENT_CONFIRMATION_OK"
4064,4017638451,4017638497,1,"IOTHUB_CLIENT_CONFIRMATION_OK"
4065,4017638651,4017638810,1,"IOTHUB_CLIENT_CONFIRMATION_OK"
4066,4017638851,4017638905,1,"IOTHUB_CLIENT_CONFIRMATION_OK"
4067,4017639051,4017639134,1,"IOTHUB_CLIENT_CONFIRMATION_OK"
4068,4017639251,4017639321,1,"IOTHUB_CLIENT_CONFIRMATION_OK"
4069,4017639451,4017639512,1,"IOTHUB_CLIENT_CONFIRMATION_OK"
4070,4017639652,4017639773,1,"IOTHUB_CLIENT_CONFIRMATION_OK"
4071,4017639852,4017639887,1,"IOTHUB_CLIENT_CONFIRMATION_OK"
4072,4017640052,4017640099,1,"IOTHUB_CLIENT_CONFIRMATION_OK"
4073,4017640252,4017640412,1,"IOTHUB_CLIENT_CONFIRMATION_OK"
4074,4017640452,4017640492,1,"IOTHUB_CLIENT_CONFIRMATION_OK"
4075,4017640652,4017640705,1,"IOTHUB_CLIENT_CONFIRMATION_OK"
4076,4017640853,4017640903,1,"IOTHUB_CLIENT_CONFIRMATION_OK"
4077,4017641053,4017641092,1,"IOTHUB_CLIENT_CONFIRMATION_OK"
4078,4017641253,4017641368,1,"IOTHUB_CLIENT_CONFIRMATION_OK"
4079,4017641453,4017641532,1,"IOTHUB_CLIENT_CONFIRMATION_OK"
4080,4017641653,4017641692,1,"IOTHUB_CLIENT_CONFIRMATION_OK"
4081,4017641853,4017641999,1,"IOTHUB_CLIENT_CONFIRMATION_OK"
4082,4017642054,4017642089,1,"IOTHUB_CLIENT_CONFIRMATION_OK"
4083,4017642254,4017642305,1,"IOTHUB_CLIENT_CONFIRMATION_OK"
4084,4017642454,4017642504,1,"IOTHUB_CLIENT_CONFIRMATION_OK"
4085,4017642654,4017642703,1,"IOTHUB_CLIENT_CONFIRMATION_OK"
4086,4017642854,4017642910,1,"IOTHUB_CLIENT_CONFIRMATION_OK"
4087,4017643054,4017643092,1,"IOTHUB_CLIENT_CONFIRMATION_OK"
4088,4017643255,4017643299,1,"IOTHUB_CLIENT_CONFIRMATION_OK"
4089,4017643455,4017643624,1,"IOTHUB_CLIENT_CONFIRMATION_OK"
4090,4017643655,4017643710,1,"IOTHUB_CLIENT_CONFIRMATION_OK"
4091,4017643855,4017643901,1,"IOTHUB_CLIENT_CONFIRMATION_OK"
4092,4017644055,4017644088,1,"IOTHUB_CLIENT_CONFIRMATION_OK"
4093,4017644255,4017644291,1,"IOTHUB_CLIENT_CONFIRMATION_OK"
4094,4017644456,4017644497,1,"IOTHUB_CLIENT_CONFIRMATION_OK"
4095,4017644656,4017644703,1,"IOTHUB_CLIENT_CONFIRMATION_OK"
4096,4017644856,4017644925,1,"IOTHUB_CLIENT_CONFIRMATION_OK"
4097,4017645056,4017645237,1,"IOTHUB_CLIENT_CONFIRMATION_OK"
4098,4017645256,4017645305,1,"IOTHUB_CLIENT_CONFIRMATION_OK"
4099,4017645456,4017645500,1,"IOTHUB_CLIENT_CONFIRMATION_OK"
4100,4017645657,4017645699,1,"IOTHUB_CLIENT_CONFIRMATION_OK"
4101,4017645857,4017645903,1,"IOTHUB_CLIENT_CONFIRMATION_OK"
4102,4017646057,4017646106,1,"IOTHUB_CLIENT_CONFIRMATION_OK"
4103,4017646257,4017646296,1,"IOTHUB_CLIENT_CONFIRMATION_OK"
4104,4017646457,4017646491,1,"IOTHUB_CLIENT_CONFIRMATION_OK"
4105,4017646657,4017646709,1,"IOTHUB_CLIENT_CONFIRMATION_OK"
4106,4017646857,4017646899,1,"IOTHUB_CLIENT_CONFIRMATION_OK"
4107,4017647058,4017647110,1,"IOTHUB_CLIENT_CONFIRMATION_OK"
4108,4017647258,4017647301,1,"IOTHUB_CLIENT_CONFIRMATION_OK"
4109,4017647458,4017647512,1,"IOTHUB_CLIENT_CONFIRMATION_OK"
4110,4017647658,4017647786,1,"IOTHUB_CLIENT_CONFIRMATION_OK"
4111,4017647858,4017647908,1,"IOTHUB_CLIENT_CONFIRMATION_OK"
4112,4017648058,4017648113,1,"IOTHUB_CLIENT_CONFIRMATION_OK"
4113,4017648259,4017648322,1,"IOTHUB_CLIENT_CONFIRMATION_OK"
4114,4017648459,4017648516,1,"IOTHUB_CLIENT_CONFIRMATION_OK"
4115,4017648659,4017648722,1,"IOTHUB_CLIENT_CONFIRMATION_OK"
4116,4017648859,4017648924,1,"IOTHUB_CLIENT_CONFIRMATION_OK"
4117,4017649059,4017649105,1,"IOTHUB_CLIENT_CONFIRMATION_OK"
4118,4017649259,4017649339,1,"IOTHUB_CLIENT_CONFIRMATION_OK"
4119,4017649459,4017649532,1,"IOTHUB_CLIENT_CONFIRMATION_OK"
4120,4017649660,4017649694,1,"IOTHUB_CLIENT_CONFIRMATION_OK"
4121,4017649860,4017649894,1,"IOTHUB_CLIENT_CONFIRMATION_OK"
4122,4017650060,4017650159,1,"IOTHUB_CLIENT_CONFIRMATION_OK"
4123,4017650260,4017650306,1,"IOTHUB_CLIENT_CONFIRMATION_OK"
4124,4017650460,4017650538,1,"IOTHUB_CLIENT_CONFIRMATION_OK"
4125,4017650660,4017650724,1,"IOTHUB_CLIENT_CONFIRMATION_OK"
4126,4017650861,4017650904,1,"IOTHUB_CLIENT_CONFIRMATION_OK"
4127,4017651061,4017651182,1,"IOTHUB_CLIENT_CONFIRMATION_OK"
4128,4017651261,4017651311,1,"IOTHUB_CLIENT_CONFIRMATION_OK"
4129,4017651461,4017651514,1,"IOTHUB_CLIENT_CONFIRMATION_OK"
4130,4017651661,4017651698,1,"IOTHUB_CLIENT_CONFIRMATION_OK"
4131,4017651861,4017651913,1,"IOTHUB_CLIENT_CONFIRMATION_OK"
4132,4017652062,4017652102,1,"IOTHUB_CLIENT_CONFIRMATION_OK"
4133,4017652262,4017652300,1,"IOTHUB_CLIENT_CONFIRMATION_OK"
4134,4017652462,4017652501,1,"IOTHUB_CLIENT_CONFIRMATION_OK"
4135,4017652662,4017652790,1,"IOTHUB_CLIENT_CONFIRMATION_OK"
4136,4017652862,4017652897,1,"IOTHUB_CLIENT_CONFIRMATION_OK"
4137,4017653062,4017653099,1,"IOTHUB_CLIENT_CONFIRMATION_OK"
4138,4017653262,4017653309,1,"IOTHUB_CLIENT_CONFIRMATION_OK"
4139,4017653463,4017653507,1,"IOTHUB_CLIENT_CONFIRMATION_OK"
4140,4017653663,4017653707,1,"IOTHUB_CLIENT_CONFIRMATION_OK"
4141,4017653863,4017653899,1,"IOTHUB_CLIENT_CONFIRMATION_OK"
4142,4017654063,4017654135,1,"IOTHUB_CLIENT_CONFIRMATION_OK"
4143,4017654263,4017654436,1,"IOTHUB_CLIENT_CONFIRMATION_OK"
4144,4017654463,4017654525,1,"IOTHUB_CLIENT_CONFIRMATION_OK"
4145,4017654664,4017654752,1,"IOTHUB_CLIENT_CONFIRMATION_OK"
4146,4017654864,4017654926,1,"IOTHUB_CLIENT_CONFIRMATION_OK"
4147,4017655064,4017655109,1,"IOTHUB_CLIENT_CONFIRMATION_OK"
4148,4017655264,4017655347,1,"IOTHUB_CLIENT_CONFIRMATION_OK"
4149,4017655464,4017655596,1,"IOTHUB_CLIENT_CONFIRMATION_OK"
4150,4017655664,4017655719,1,"IOTHUB_CLIENT_CONFIRMATION_OK"
4151,4017655865,4017655914,1,"IOTHUB_CLIENT_CONFIRMATION_OK"
4152,4017656065,4017656109,1,"IOTHUB_CLIENT_CONFIRMATION_OK"
4153,4017656265,4017656297,1,"IOTHUB_CLIENT_CONFIRMATION_OK"
4154,4017656465,4017656512,1,"IOTHUB_CLIENT_CONFIRMATION_OK"
4155,4017656665,4017656707,1,"IOTHUB_CLIENT_CONFIRMATION_OK"
4156,4017656865,4017656906,1,"IOTHUB_CLIENT_CONFIRMATION_OK"
4157,4017657066,4017657128,1,"IOTHUB_CLIENT_CONFIRMATION_OK"
4158,4017657266,4017657303,1,"IOTHUB_CLIENT_CONFIRMATION_OK"
4159,4017657466,4017657501,1,"IOTHUB_CLIENT_CONFIRMATION_OK"
4160,4017657666,4017657700,1,"IOTHUB_CLIENT_CONFIRMATION_OK"
4161,4017657866,4017657908,1,"IOTHUB_CLIENT_CONFIRMATION_OK"
4162,4017658066,4017658154,1,"IOTHUB_CLIENT_CONFIRMATION_OK"
4163,4017658266,4017658310,1,"IOTHUB_CLIENT_CONFIRMATION_OK"
4164,4017658467,4017658501,1,"IOTHUB_CLIENT_CONFIRMATION_OK"
4165,4017658667,4017658821,1,"IOTHUB_CLIENT_CONFIRMATION_OK"
4166,4017658867,4017658905,1,"IOTHUB_CLIENT_CONFIRMATION_OK"
4167,4017659067,4017659142,1,"IOTHUB_CLIENT_CONFIRMATION_OK"
4168,4017659267,4017659298,1,"IOTHUB_CLIENT_CONFIRMATION_OK"
4169,4017659467,4017659519,1,"IOTHUB_CLIENT_CONFIRMATION_OK"
4170,4017659668,4017659797,1,"IOTHUB_CLIENT_CONFIRMATION_OK"
4171,4017659868,4017659930,1,"IOTHUB_CLIENT_CONFIRMATION_OK"
4172,4017660068,4017660117,1,"IOTHUB_CLIENT_CONFIRMATION_OK"
4173,4017660268,4017660401,1,"IOTHUB_CLIENT_CONFIRMATION_OK"
4174,4017660468,4017660515,1,"IOTHUB_CLIENT_CONFIRMATION_OK"
4175,4017660668,4017660708,1,"IOTHUB_CLIENT_CONFIRMATION_OK"
4176,4017660869,4017660901,1,"IOTHUB_CLIENT_CONFIRMATION_OK"
4177,4017661069,4017661186,1,"IOTHUB_CLIENT_CONFIRMATION_OK"
4178,4017661269,4017661430,1,"IOTHUB_CLIENT_CONFIRMATION_OK"
4179,4017661469,4017661511,1,"IOTHUB_CLIENT_CONFIRMATION_OK"
4180,4017661669,4017661729,1,"IOTHUB_CLIENT_CONFIRMATION_OK"
4181,4017661869,4017661941,1,"IOTHUB_CLIENT_CONFIRMATION_OK"
4182,4017662070,4017662109,1,"IOTHUB_CLIENT_CONFIRMATION_OK"
4183,4017662270,4017662314,1,"IOTHUB_CLIENT_CONFIRMATION_OK"
4184,4017662470,4017662500,1,"IOTHUB_CLIENT_CONFIRMATION_OK"
4185,4017662670,4017662774,1,"IOTHUB_CLIENT_CONFIRMATION_OK"
4186,4017662870,4017662919,1,"IOTHUB_CLIENT_CONFIRMATION_OK"
4187,4017663070,4017663107,1,"IOTHUB_CLIENT_CONFIRMATION_OK"
4188,4017663271,4017663316,1,"IOTHUB_CLIENT_CONFIRMATION_OK"
4189,4017663471,4017663514,1,"IOTHUB_CLIENT_CONFIRMATION_OK"
4190,4017663671,4017663708,1,"IOTHUB_CLIENT_CONFIRMATION_OK"
4191,4017663871,4017663903,1,"IOTHUB_CLIENT_CONFIRMATION_OK"
4192,4017664071,4017664121,1,"IOTHUB_CLIENT_CONFIRMATION_OK"
4193,4017664271,4017664342,1,"IOTHUB_CLIENT_CONFIRMATION_OK"
4194,4017664472,4017664521,1,"IOTHUB_CLIENT_CONFIRMATION_OK"
4195,4017664672,4017664719,1,"IOTHUB_CLIENT_CONFIRMATION_OK"
4196,4017664872,4017664917,1,"IOTHUB_CLIENT_CONFIRMATION_OK"
4197,4017665072,4017665114,1,"IOTHUB_CLIENT_CONFIRMATION_OK"
4198,4017665272,4017665355,1,"IOTHUB_CLIENT_CONFIRMATION_OK"
4199,4017665472,4017665512,1,"IOTHUB_CLIENT_CONFIRMATION_OK"
4200,4017665673,4017665748,1,"IOTHUB_CLIENT_CONFIRMATION_OK"
4201,4017665873,4017665914,1,"IOTHUB_CLIENT_CONFIRMATION_OK"
4202,4017666073,4017666125,1,"IOTHUB_CLIENT_CONFIRMATION_OK"
4203,4017666273,4017666332,1,"IOTHUB_CLIENT_CONFIRMATION_OK"
4204,4017666473,4017666508,1,"IOTHUB_CLIENT_CONFIRMATION_OK"
4205,4017666673,4017666762,1,"IOTHUB_CLIENT_CONFIRMATION_OK"
4206,4017666874,4017667003,1,"IOTHUB_CLIENT_CONFIRMATION_OK"
4207,4017667074,4017667112,1,"IOTHUB_CLIENT_CONFIRMATION_OK"
4208,4017667274,4017667366,1,"IOTHUB_CLIENT_CONFIRMATION_OK"
4209,4017667474,4017667516,1,"IOTHUB_CLIENT_CONFIRMATION_OK"
4210,4017667674,4017667713,1,"IOTHUB_CLIENT_CONFIRMATION_OK"
4211,4017667874,4017667951,1,"IOTHUB_CLIENT_CONFIRMATION_OK"
4212,4017668075,4017668120,1,"IOTHUB_CLIENT_CONFIRMATION_OK"
4213,4017668275,4017668323,1,"IOTHUB_CLIENT_CONFIRMATION_OK"
4214,4017668475,4017668535,1,"IOTHUB_CLIENT_CONFIRMATION_OK"
4215,4017668675,4017668734,1,"IOTHUB_CLIENT_CONFIRMATION_OK"
4216,4017668875,4017669091,1,"IOTHUB_CLIENT_CONFIRMATION_OK"
4217,4017669075,4017669125,1,"IOTHUB_CLIENT_CONFIRMATION_OK"
4218,4017669275,4017669319,1,"IOTHUB_CLIENT_CONFIRMATION_OK"
4219,4017669476,4017669549,1,"IOTHUB_CLIENT_CONFIRMATION_OK"
4220,4017669676,4017669729,1,"IOTHUB_CLIENT_CONFIRMATION_OK"
4221,4017669876,4017669944,1,"IOTHUB_CLIENT_CONFIRMATION_OK"
4222,4017670076,4017670116,1,"IOTHUB_CLIENT_CONFIRMATION_OK"
4223,4017670276,4017670336,1,"IOTHUB_CLIENT_CONFIRMATION_OK"
4224,4017670476,4017670531,1,"IOTHUB_CLIENT_CONFIRMATION_OK"
4225,4017670677,4017670737,1,"IOTHUB_CLIENT_CONFIRMATION_OK"
4226,4017670877,4017670920,1,"IOTHUB_CLIENT_CONFIRMATION_OK"
4227,4017671077,4017671128,1,"IOTHUB_CLIENT_CONFIRMATION_OK"
4228,4017671277,4017671321,1,"IOTHUB_CLIENT_CONFIRMATION_OK"
4229,4017671477,4017671515,1,"IOTHUB_CLIENT_CONFIRMATION_OK"
4230,4017671677,4017671728,1,"IOTHUB_CLIENT_CONFIRMATION_OK"
4231,4017671878,4017671912,1,"IOTHUB_CLIENT_CONFIRMATION_OK"
4232,4017672078,4017672121,1,"IOTHUB_CLIENT_CONFIRMATION_OK"
4233,4017672278,4017672349,1,"IOTHUB_CLIENT_CONFIRMATION_OK"
4234,4017672478,4017672537,1,"IOTHUB_CLIENT_CONFIRMATION_OK"
4235,4017672678,4017672830,1,"IOTHUB_CLIENT_CONFIRMATION_OK"
4236,4017672878,4017672922,1,"IOTHUB_CLIENT_CONFIRMATION_OK"
4237,4017673079,4017673115,1,"IOTHUB_CLIENT_CONFIRMATION_OK"
4238,4017673279,4017673340,1,"IOTHUB_CLIENT_CONFIRMATION_OK"
4239,4017673479,4017673551,1,"IOTHUB_CLIENT_CONFIRMATION_OK"
4240,4017673679,4017673741,1,"IOTHUB_CLIENT_CONFIRMATION_OK"
4241,4017673879,4017673924,1,"IOTHUB_CLIENT_CONFIRMATION_OK"
4242,4017674079,4017674114,1,"IOTHUB_CLIENT_CONFIRMATION_OK"
4243,4017674280,4017674346,1,"IOTHUB_CLIENT_CONFIRMATION_OK"
4244,4017674480,4017674522,1,"IOTHUB_CLIENT_CONFIRMATION_OK"
4245,4017674680,4017674716,1,"IOTHUB_CLIENT_CONFIRMATION_OK"
4246,4017674880,4017674950,1,"IOTHUB_CLIENT_CONFIRMATION_OK"
4247,4017675080,4017675121,1,"IOTHUB_CLIENT_CONFIRMATION_OK"
4248,4017675280,4017675330,1,"IOTHUB_CLIENT_CONFIRMATION_OK"
4249,4017675480,4017675529,1,"IOTHUB_CLIENT_CONFIRMATION_OK"
4250,4017675681,4017675727,1,"IOTHUB_CLIENT_CONFIRMATION_OK"
4251,4017675881,4017676016,1,"IOTHUB_CLIENT_CONFIRMATION_OK"
4252,4017676081,4017676123,1,"IOTHUB_CLIENT_CONFIRMATION_OK"
4253,4017676281,4017676342,1,"IOTHUB_CLIENT_CONFIRMATION_OK"
4254,4017676481,4017676595,1,"IOTHUB_CLIENT_CONFIRMATION_OK"
4255,4017676681,4017676725,1,"IOTHUB_CLIENT_CONFIRMATION_OK"
4256,4017676882,4017676916,1,"IOTHUB_CLIENT_CONFIRMATION_OK"
4257,4017677082,4017677140,1,"IOTHUB_CLIENT_CONFIRMATION_OK"
4258,4017677282,4017677315,1,"IOTHUB_CLIENT_CONFIRMATION_OK"
4259,4017677482,4017677599,1,"IOTHUB_CLIENT_CONFIRMATION_OK"
4260,4017677682,4017677736,1,"IOTHUB_CLIENT_CONFIRMATION_OK"
4261,4017677882,4017677930,1,"IOTHUB_CLIENT_CONFIRMATION_OK"
4262,4017678083,4017678204,1,"IOTHUB_CLIENT_CONFIRMATION_OK"
4263,4017678283,4017678331,1,"IOTHUB_CLIENT_CONFIRMATION_OK"
4264,4017678483,4017678578,1,"IOTHUB_CLIENT_CONFIRMATION_OK"
4265,4017678683,4017678732,1,"IOTHUB_CLIENT_CONFIRMATION_OK"
4266,4017678883,4017678931,1,"IOTHUB_CLIENT_CONFIRMATION_OK"
4267,4017679083,4017679127,1,"IOTHUB_CLIENT_CONFIRMATION_OK"
4268,4017679284,4017679328,1,"IOTHUB_CLIENT_CONFIRMATION_OK"
4269,4017679484,4017679529,1,"IOTHUB_CLIENT_CONFIRMATION_OK"
4270,4017679684,4017679828,1,"IOTHUB_CLIENT_CONFIRMATION_OK"
4271,4017679884,4017679935,1,"IOTHUB_CLIENT_CONFIRMATION_OK"
4272,4017680084,4017680121,1,"IOTHUB_CLIENT_CONFIRMATION_OK"
4273,4017680284,4017680325,1,"IOTHUB_CLIENT_CONFIRMATION_OK"
4274,4017680484,4017680522,1,"IOTHUB_CLIENT_CONFIRMATION_OK"
4275,4017680685,4017680773,1,"IOTHUB_CLIENT_CONFIRMATION_OK"
4276,4017680885,4017680929,1,"IOTHUB_CLIENT_CONFIRMATION_OK"
4277,4017681085,4017681125,1,"IOTHUB_CLIENT_CONFIRMATION_OK"
4278,4017681285,4017681451,1,"IOTHUB_CLIENT_CONFIRMATION_OK"
4279,4017681485,4017681517,1,"IOTHUB_CLIENT_CONFIRMATION_OK"
4280,4017681685,4017681746,1,"IOTHUB_CLIENT_CONFIRMATION_OK"
4281,4017681886,4017681919,1,"IOTHUB_CLIENT_CONFIRMATION_OK"
4282,4017682086,4017682119,1,"IOTHUB_CLIENT_CONFIRMATION_OK"
4283,4017682286,4017682319,1,"IOTHUB_CLIENT_CONFIRMATION_OK"
4284,4017682486,4017682533,1,"IOTHUB_CLIENT_CONFIRMATION_OK"
4285,4017682686,4017682751,1,"IOTHUB_CLIENT_CONFIRMATION_OK"
4286,4017682886,4017683103,1,"IOTHUB_CLIENT_CONFIRMATION_OK"
4287,4017683087,4017683168,1,"IOTHUB_CLIENT_CONFIRMATION_OK"
4288,4017683287,4017683332,1,"IOTHUB_CLIENT_CONFIRMATION_OK"
4289,4017683487,4017683569,1,"IOTHUB_CLIENT_CONFIRMATION_OK"
4290,4017683687,4017683727,1,"IOTHUB_CLIENT_CONFIRMATION_OK"
4291,4017683887,4017683919,1,"IOTHUB_CLIENT_CONFIRMATION_OK"
4292,4017684087,4017684269,1,"IOTHUB_CLIENT_CONFIRMATION_OK"
4293,4017684288,4017684342,1,"IOTHUB_CLIENT_CONFIRMATION_OK"
4294,4017684488,4017684548,1,"IOTHUB_CLIENT_CONFIRMATION_OK"
4295,4017684688,4017684751,1,"IOTHUB_CLIENT_CONFIRMATION_OK"
4296,4017684888,4017684926,1,"IOTHUB_CLIENT_CONFIRMATION_OK"
4297,4017685088,4017685143,1,"IOTHUB_CLIENT_CONFIRMATION_OK"
4298,4017685288,4017685324,1,"IOTHUB_CLIENT_CONFIRMATION_OK"
4299,4017685488,4017685525,1,"IOTHUB_CLIENT_CONFIRMATION_OK"
4300,4017685689,4017685740,1,"IOTHUB_CLIENT_CONFIRMATION_OK"
4301,4017685889,4017685937,1,"IOTHUB_CLIENT_CONFIRMATION_OK"
4302,4017686089,4017686135,1,"IOTHUB_CLIENT_CONFIRMATION_OK"
4303,4017686289,4017686363,1,"IOTHUB_CLIENT_CONFIRMATION_OK"
4304,4017686489,4017686525,1,"IOTHUB_CLIENT_CONFIRMATION_OK"
4305,4017686689,4017686771,1,"IOTHUB_CLIENT_CONFIRMATION_OK"
4306,4017686890,4017686938,1,"IOTHUB_CLIENT_CONFIRMATION_OK"
4307,4017687090,4017687138,1,"IOTHUB_CLIENT_CONFIRMATION_OK"
4308,4017687290,4017687371,1,"IOTHUB_CLIENT_CONFIRMATION_OK"
4309,4017687490,4017687539,1,"IOTHUB_CLIENT_CONFIRMATION_OK"
4310,4017687690,4017687750,1,"IOTHUB_CLIENT_CONFIRMATION_OK"
4311,4017687890,4017687976,1,"IOTHUB_CLIENT_CONFIRMATION_OK"
4312,4017688091,4017688163,1,"IOTHUB_CLIENT_CONFIRMATION_OK"
4313,4017688291,4017688424,1,"IOTHUB_CLIENT_CONFIRMATION_OK"
4314,4017688491,4017688522,1,"IOTHUB_CLIENT_CONFIRMATION_OK"
4315,4017688691,4017688761,1,"IOTHUB_CLIENT_CONFIRMATION_OK"
4316,4017688891,4017689000,1,"IOTHUB_CLIENT_CONFIRMATION_OK"
4317,4017689091,4017689158,1,"IOTHUB_CLIENT_CONFIRMATION_OK"
4318,4017689292,4017689359,1,"IOTHUB_CLIENT_CONFIRMATION_OK"
4319,4017689492,4017689553,1,"IOTHUB_CLIENT_CONFIRMATION_OK"
4320,4017689692,4017689730,1,"IOTHUB_CLIENT_CONFIRMATION_OK"
4321,4017689892,4017689928,1,"IOTHUB_CLIENT_CONFIRMATION_OK"
4322,4017690092,4017690130,1,"IOTHUB_CLIENT_CONFIRMATION_OK"
4323,4017690293,4017690368,1,"IOTHUB_CLIENT_CONFIRMATION_OK"
4324,4017690493,4017690696,1,"IOTHUB_CLIENT_CONFIRMATION_OK"
4325,4017690693,4017690766,1,"IOTHUB_CLIENT_CONFIRMATION_OK"
4326,4017690893,4017690940,1,"IOTHUB_CLIENT_CONFIRMATION_OK"
4327,4017691093,4017691147,1,"IOTHUB_CLIENT_CONFIRMATION_OK"
4328,4017691293,4017691351,1,"IOTHUB_CLIENT_CONFIRMATION_OK"
4329,4017691493,4017691566,1,"IOTHUB_CLIENT_CONFIRMATION_OK"
4330,4017691694,4017691752,1,"IOTHUB_CLIENT_CONFIRMATION_OK"
4331,4017691894,4017691933,1,"IOTHUB_CLIENT_CONFIRMATION_OK"
4332,4017692094,4017692142,1,"IOTHUB_CLIENT_CONFIRMATION_OK"
4333,4017692294,4017692344,1,"IOTHUB_CLIENT_CONFIRMATION_OK"
4334,4017692494,4017692532,1,"IOTHUB_CLIENT_CONFIRMATION_OK"
4335,4017692694,4017692755,1,"IOTHUB_CLIENT_CONFIRMATION_OK"
4336,4017692895,4017692939,1,"IOTHUB_CLIENT_CONFIRMATION_OK"
4337,4017693095,4017693131,1,"IOTHUB_CLIENT_CONFIRMATION_OK"
4338,4017693295,4017693346,1,"IOTHUB_CLIENT_CONFIRMATION_OK"
4339,4017693495,4017693532,1,"IOTHUB_CLIENT_CONFIRMATION_OK"
4340,4017693695,4017693779,1,"IOTHUB_CLIENT_CONFIRMATION_OK"
4341,4017693895,4017693962,1,"IOTHUB_CLIENT_CONFIRMATION_OK"
4342,4017694096,4017694143,1,"IOTHUB_CLIENT_CONFIRMATION_OK"
4343,4017694296,4017694341,1,"IOTHUB_CLIENT_CONFIRMATION_OK"
4344,4017694496,4017694534,1,"IOTHUB_CLIENT_CONFIRMATION_OK"
4345,4017694696,4017694753,1,"IOTHUB_CLIENT_CONFIRMATION_OK"
4346,4017694896,4017694950,1,"IOTHUB_CLIENT_CONFIRMATION_OK"
4347,4017695096,4017695146,1,"IOTHUB_CLIENT_CONFIRMATION_OK"
4348,4017695297,4017695353,1,"IOTHUB_CLIENT_CONFIRMATION_OK"
4349,4017695497,4017695541,1,"IOTHUB_CLIENT_CONFIRMATION_OK"
4350,4017695697,4017695729,1,"IOTHUB_CLIENT_CONFIRMATION_OK"
4351,4017695897,4017695961,1,"IOTHUB_CLIENT_CONFIRMATION_OK"
4352,4017696097,4017696133,1,"IOTHUB_CLIENT_CONFIRMATION_OK"
4353,4017696297,4017696330,1,"IOTHUB_CLIENT_CONFIRMATION_OK"
4354,4017696498,4017696572,1,"IOTHUB_CLIENT_CONFIRMATION_OK"
4355,4017696698,4017696748,1,"IOTHUB_CLIENT_CONFIRMATION_OK"
4356,4017696898,4017696939,1,"IOTHUB_CLIENT_CONFIRMATION_OK"
4357,4017697098,4017697137,1,"IOTHUB_CLIENT_CONFIRMATION_OK"
4358,4017697298,4017697335,1,"IOTHUB_CLIENT_CONFIRMATION_OK"
4359,4017697498,4017697607,1,"IOTHUB_CLIENT_CONFIRMATION_OK"
4360,4017697698,4017697767,1,"IOTHUB_CLIENT_CONFIRMATION_OK"
4361,4017697899,4017697935,1,"IOTHUB_CLIENT_CONFIRMATION_OK"
4362,4017698099,4017698210,1,"IOTHUB_CLIENT_CONFIRMATION_OK"
4363,4017698299,4017698337,1,"IOTHUB_CLIENT_CONFIRMATION_OK"
4364,4017698499,4017698547,1,"IOTHUB_CLIENT_CONFIRMATION_OK"
4365,4017698699,4017698734,1,"IOTHUB_CLIENT_CONFIRMATION_OK"
4366,4017698899,4017698935,1,"IOTHUB_CLIENT_CONFIRMATION_OK"
4367,4017699100,4017699259,1,"IOTHUB_CLIENT_CONFIRMATION_OK"
4368,4017699300,4017699336,1,"IOTHUB_CLIENT_CONFIRMATION_OK"
4369,4017699500,4017699533,1,"IOTHUB_CLIENT_CONFIRMATION_OK"
4370,4017699700,4017699826,1,"IOTHUB_CLIENT_CONFIRMATION_OK"
4371,4017699900,4017699935,1,"IOTHUB_CLIENT_CONFIRMATION_OK"
4372,4017700100,4017700134,1,"IOTHUB_CLIENT_CONFIRMATION_OK"
4373,4017700301,4017700331,1,"IOTHUB_CLIENT_CONFIRMATION_OK"
4374,4017700501,4017700552,1,"IOTHUB_CLIENT_CONFIRMATION_OK"
4375,4017700701,4017700763,1,"IOTHUB_CLIENT_CONFIRMATION_OK"
4376,4017700901,4017700967,1,"IOTHUB_CLIENT_CONFIRMATION_OK"
4377,4017701101,4017701153,1,"IOTHUB_CLIENT_CONFIRMATION_OK"
4378,4017701301,4017701474,1,"IOTHUB_CLIENT_CONFIRMATION_OK"
4379,4017701502,4017701622,1,"IOTHUB_CLIENT_CONFIRMATION_OK"
4380,4017701702,4017701734,1,"IOTHUB_CLIENT_CONFIRMATION_OK"
4381,4017701902,4017701946,1,"IOTHUB_CLIENT_CONFIRMATION_OK"
4382,4017702102,4017702140,1,"IOTHUB_CLIENT_CONFIRMATION_OK"
4383,4017702302,4017702359,1,"IOTHUB_CLIENT_CONFIRMATION_OK"
4384,4017702502,4017702584,1,"IOTHUB_CLIENT_CONFIRMATION_OK"
4385,4017702703,4017702739,1,"IOTHUB_CLIENT_CONFIRMATION_OK"
4386,4017702903,4017702976,1,"IOTHUB_CLIENT_CONFIRMATION_OK"
4387,4017703103,4017703163,1,"IOTHUB_CLIENT_CONFIRMATION_OK"
4388,4017703303,4017703348,1,"IOTHUB_CLIENT_CONFIRMATION_OK"
4389,4017703503,4017703583,1,"IOTHUB_CLIENT_CONFIRMATION_OK"
4390,4017703703,4017703751,1,"IOTHUB_CLIENT_CONFIRMATION_OK"
4391,4017703904,4017703947,1,"IOTHUB_CLIENT_CONFIRMATION_OK"
4392,4017704104,4017704198,1,"IOTHUB_CLIENT_CONFIRMATION_OK"
4393,4017704304,4017704344,1,"IOTHUB_CLIENT_CONFIRMATION_OK"
4394,4017704504,4017704579,1,"IOTHUB_CLIENT_CONFIRMATION_OK"
4395,4017704704,4017704762,1,"IOTHUB_CLIENT_CONFIRMATION_OK"
4396,4017704904,4017704949,1,"IOTHUB_CLIENT_CONFIRMATION_OK"
4397,4017705104,4017705210,1,"IOTHUB_CLIENT_CONFIRMATION_OK"
4398,4017705305,4017705352,1,"IOTHUB_CLIENT_CONFIRMATION_OK"
4399,4017705505,4017705539,1,"IOTHUB_CLIENT_CONFIRMATION_OK"
4400,4017705705,4017705736,1,"IOTHUB_CLIENT_CONFIRMATION_OK"
4401,4017705905,4017705948,1,"IOTHUB_CLIENT_CONFIRMATION_OK"
4402,4017706105,4017706139,1,"IOTHUB_CLIENT_CONFIRMATION_OK"
4403,4017706306,4017706347,1,"IOTHUB_CLIENT_CONFIRMATION_OK"
4404,4017706506,4017706554,1,"IOTHUB_CLIENT_CONFIRMATION_OK"
4405,4017706706,4017706851,1,"IOTHUB_CLIENT_CONFIRMATION_OK"
4406,4017706906,4017706944,1,"IOTHUB_CLIENT_CONFIRMATION_OK"
4407,4017707106,4017707174,1,"IOTHUB_CLIENT_CONFIRMATION_OK"
4408,4017707306,4017707351,1,"IOTHUB_CLIENT_CONFIRMATION_OK"
4409,4017707506,4017707548,1,"IOTHUB_CLIENT_CONFIRMATION_OK"
4410,4017707707,4017707737,1,"IOTHUB_CLIENT_CONFIRMATION_OK"
4411,4017707907,4017707958,1,"IOTHUB_CLIENT_CONFIRMATION_OK"
4412,4017708107,4017708184,1,"IOTHUB_CLIENT_CONFIRMATION_OK"
4413,4017708307,4017708495,1,"IOTHUB_CLIENT_CONFIRMATION_OK"
4414,4017708507,4017708544,1,"IOTHUB_CLIENT_CONFIRMATION_OK"
4415,4017708707,4017708743,1,"IOTHUB_CLIENT_CONFIRMATION_OK"
4416,4017708908,4017708952,1,"IOTHUB_CLIENT_CONFIRMATION_OK"
4417,4017709108,4017709213,1,"IOTHUB_CLIENT_CONFIRMATION_OK"
4418,4017709308,4017709347,1,"IOTHUB_CLIENT_CONFIRMATION_OK"
4419,4017709508,4017709543,1,"IOTHUB_CLIENT_CONFIRMATION_OK"
4420,4017709708,4017709744,1,"IOTHUB_CLIENT_CONFIRMATION_OK"
4421,4017709908,4017710111,1,"IOTHUB_CLIENT_CONFIRMATION_OK"
4422,4017710109,4017710153,1,"IOTHUB_CLIENT_CONFIRMATION_OK"
4423,4017710309,4017710342,1,"IOTHUB_CLIENT_CONFIRMATION_OK"
4424,4017710509,4017710612,1,"IOTHUB_CLIENT_CONFIRMATION_OK"
4425,4017710709,4017710791,1,"IOTHUB_CLIENT_CONFIRMATION_OK"
4426,4017710909,4017710970,1,"IOTHUB_CLIENT_CONFIRMATION_OK"
4427,4017711109,4017711142,1,"IOTHUB_CLIENT_CONFIRMATION_OK"
4428,4017711310,4017711343,1,"IOTHUB_CLIENT_CONFIRMATION_OK"
4429,4017711510,4017711559,1,"IOTHUB_CLIENT_CONFIRMATION_OK"
4430,4017711710,4017711764,1,"IOTHUB_CLIENT_CONFIRMATION_OK"
4431,4017711910,4017711949,1,"IOTHUB_CLIENT_CONFIRMATION_OK"
4432,4017712110,4017712156,1,"IOTHUB_CLIENT_CONFIRMATION_OK"
4433,4017712310,4017712359,1,"IOTHUB_CLIENT_CONFIRMATION_OK"
4434,4017712510,4017712561,1,"IOTHUB_CLIENT_CONFIRMATION_OK"
4435,4017712711,4017712780,1,"IOTHUB_CLIENT_CONFIRMATION_OK"
4436,4017712911,4017712962,1,"IOTHUB_CLIENT_CONFIRMATION_OK"
4437,4017713111,4017713154,1,"IOTHUB_CLIENT_CONFIRMATION_OK"
4438,4017713311,4017713368,1,"IOTHUB_CLIENT_CONFIRMATION_OK"
4439,4017713511,4017713549,1,"IOTHUB_CLIENT_CONFIRMATION_OK"
4440,4017713711,4017713803,1,"IOTHUB_CLIENT_CONFIRMATION_OK"
4441,4017713912,4017713976,1,"IOTHUB_CLIENT_CONFIRMATION_OK"
4442,4017714112,4017714159,1,"IOTHUB_CLIENT_CONFIRMATION_OK"
4443,4017714312,4017714509,1,"IOTHUB_CLIENT_CONFIRMATION_OK"
4444,4017714512,4017714551,1,"IOTHUB_CLIENT_CONFIRMATION_OK"
4445,4017714712,4017714745,1,"IOTHUB_CLIENT_CONFIRMATION_OK"
4446,4017714912,4017714944,1,"IOTHUB_CLIENT_CONFIRMATION_OK"
4447,4017715113,4017715161,1,"IOTHUB_CLIENT_CONFIRMATION_OK"
4448,4017715313,4017715426,1,"IOTHUB_CLIENT_CONFIRMATION_OK"
4449,4017715513,4017715549,1,"IOTHUB_CLIENT_CONFIRMATION_OK"
4450,4017715713,4017715759,1,"IOTHUB_CLIENT_CONFIRMATION_OK"
4451,4017715913,4017716115,1,"IOTHUB_CLIENT_CONFIRMATION_OK"
4452,4017716113,4017716190,1,"IOTHUB_CLIENT_CONFIRMATION_OK"
4453,4017716314,4017716349,1,"IOTHUB_CLIENT_CONFIRMATION_OK"
4454,4017716514,4017716548,1,"IOTHUB_CLIENT_CONFIRMATION_OK"
4455,4017716714,4017716750,1,"IOTHUB_CLIENT_CONFIRMATION_OK"
4456,4017716914,4017717030,1,"IOTHUB_CLIENT_CONFIRMATION_OK"
4457,4017717114,4017717153,1,"IOTHUB_CLIENT_CONFIRMATION_OK"
4458,4017717314,4017717345,1,"IOTHUB_CLIENT_CONFIRMATION_OK"
4459,4017717515,4017717663,1,"IOTHUB_CLIENT_CONFIRMATION_OK"
4460,4017717715,4017717755,1,"IOTHUB_CLIENT_CONFIRMATION_OK"
4461,4017717915,4017717955,1,"IOTHUB_CLIENT_CONFIRMATION_OK"
4462,4017718115,4017718168,1,"IOTHUB_CLIENT_CONFIRMATION_OK"
4463,4017718315,4017718347,1,"IOTHUB_CLIENT_CONFIRMATION_OK"
4464,4017718515,4017718578,1,"IOTHUB_CLIENT_CONFIRMATION_OK"
4465,4017718715,4017718751,1,"IOTHUB_CLIENT_CONFIRMATION_OK"
4466,4017718916,4017718949,1,"IOTHUB_CLIENT_CONFIRMATION_OK"
4467,4017719116,4017719305,1,"IOTHUB_CLIENT_CONFIRMATION_OK"
4468,4017719316,4017719354,1,"IOTHUB_CLIENT_CONFIRMATION_OK"
4469,4017719516,4017719562,1,"IOTHUB_CLIENT_CONFIRMATION_OK"
4470,4017719716,4017719751,1,"IOTHUB_CLIENT_CONFIRMATION_OK"
4471,4017719916,4017720012,1,"IOTHUB_CLIENT_CONFIRMATION_OK"
4472,4017720117,4017720148,1,"IOTHUB_CLIENT_CONFIRMATION_OK"
4473,4017720317,4017720355,1,"IOTHUB_CLIENT_CONFIRMATION_OK"
4474,4017720517,4017720559,1,"IOTHUB_CLIENT_CONFIRMATION_OK"
4475,4017720717,4017720814,1,"IOTHUB_CLIENT_CONFIRMATION_OK"
4476,4017720917,4017720950,1,"IOTHUB_CLIENT_CONFIRMATION_OK"
4477,4017721117,4017721166,1,"IOTHUB_CLIENT_CONFIRMATION_OK"
4478,4017721318,4017721442,1,"IOTHUB_CLIENT_CONFIRMATION_OK"
4479,4017721518,4017721549,1,"IOTHUB_CLIENT_CONFIRMATION_OK"
4480,4017721718,4017721759,1,"IOTHUB_CLIENT_CONFIRMATION_OK"
4481,4017721918,4017722005,1,"IOTHUB_CLIENT_CONFIRMATION_OK"
4482,4017722118,4017722165,1,"IOTHUB_CLIENT_CONFIRMATION_OK"
4483,4017722318,4017722444,1,"IOTHUB_CLIENT_CONFIRMATION_OK"
4484,4017722519,4017722553,1,"IOTHUB_CLIENT_CONFIRMATION_OK"
4485,4017722719,4017722771,1,"IOTHUB_CLIENT_CONFIRMATION_OK"
4486,4017722919,4017723049,1,"IOTHUB_CLIENT_CONFIRMATION_OK"
4487,4017723119,4017723150,1,"IOTHUB_CLIENT_CONFIRMATION_OK"
4488,4017723319,4017723352,1,"IOTHUB_CLIENT_CONFIRMATION_OK"
4489,4017723519,4017723570,1,"IOTHUB_CLIENT_CONFIRMATION_OK"
4490,4017723719,4017723773,1,"IOTHUB_CLIENT_CONFIRMATION_OK"
4491,4017723920,4017723954,1,"IOTHUB_CLIENT_CONFIRMATION_OK"
4492,4017724120,4017724165,1,"IOTHUB_CLIENT_CONFIRMATION_OK"
4493,4017724320,4017724369,1,"IOTHUB_CLIENT_CONFIRMATION_OK"
4494,4017724520,4017724679,1,"IOTHUB_CLIENT_CONFIRMATION_OK"
4495,4017724720,4017724764,1,"IOTHUB_CLIENT_CONFIRMATION_OK"
4496,4017724920,4017724975,1,"IOTHUB_CLIENT_CONFIRMATION_OK"
4497,4017725121,4017725160,1,"IOTHUB_CLIENT_CONFIRMATION_OK"
4498,4017725321,4017725364,1,"IOTHUB_CLIENT_CONFIRMATION_OK"
4499,4017725521,4017725573,1,"IOTHUB_CLIENT_CONFIRMATION_OK"
4500,4017725721,4017725767,1,"IOTHUB_CLIENT_CONFIRMATION_OK"
4501,4017725921,4017725966,1,"IOTHUB_CLIENT_CONFIRMATION_OK"
4502,4017726121,4017726152,1,"IOTHUB_CLIENT_CONFIRMATION_OK"
4503,4017726322,4017726352,1,"IOTHUB_CLIENT_CONFIRMATION_OK"
4504,4017726522,4017726566,1,"IOTHUB_CLIENT_CONFIRMATION_OK"
4505,4017726722,4017726763,1,"IOTHUB_CLIENT_CONFIRMATION_OK"
4506,4017726922,4017726965,1,"IOTHUB_CLIENT_CONFIRMATION_OK"
4507,4017727122,4017727160,1,"IOTHUB_CLIENT_CONFIRMATION_OK"
4508,4017727322,4017727373,1,"IOTHUB_CLIENT_CONFIRMATION_OK"
4509,4017727522,4017727564,1,"IOTHUB_CLIENT_CONFIRMATION_OK"
4510,4017727723,4017727782,1,"IOTHUB_CLIENT_CONFIRMATION_OK"
4511,4017727923,4017727961,1,"IOTHUB_CLIENT_CONFIRMATION_OK"
4512,4017728123,4017728160,1,"IOTHUB_CLIENT_CONFIRMATION_OK"
4513,4017728323,4017728389,1,"IOTHUB_CLIENT_CONFIRMATION_OK"
4514,4017728523,4017728561,1,"IOTHUB_CLIENT_CONFIRMATION_OK"
4515,4017728723,4017728759,1,"IOTHUB_CLIENT_CONFIRMATION_OK"
4516,4017728924,4017729034,1,"IOTHUB_CLIENT_CONFIRMATION_OK"
4517,4017729124,4017729158,1,"IOTHUB_CLIENT_CONFIRMATION_OK"
4518,4017729324,4017729359,1,"IOTHUB_CLIENT_CONFIRMATION_OK"
4519,4017729524,4017729570,1,"IOTHUB_CLIENT_CONFIRMATION_OK"
4520,4017729724,4017729763,1,"IOTHUB_CLIENT_CONFIRMATION_OK"
4521,4017729924,4017730025,1,"IOTHUB_CLIENT_CONFIRMATION_OK"
4522,4017730124,4017730177,1,"IOTHUB_CLIENT_CONFIRMATION_OK"
4523,4017730325,4017730361,1,"IOTHUB_CLIENT_CONFIRMATION_OK"
4524,4017730525,4017730630,1,"IOTHUB_CLIENT_CONFIRMATION_OK"
4525,4017730725,4017730761,1,"IOTHUB_CLIENT_CONFIRMATION_OK"
4526,4017730925,4017730975,1,"IOTHUB_CLIENT_CONFIRMATION_OK"
4527,4017731125,4017731165,1,"IOTHUB_CLIENT_CONFIRMATION_OK"
4528,4017731325,4017731379,1,"IOTHUB_CLIENT_CONFIRMATION_OK"
4529,4017731525,4017731725,1,"IOTHUB_CLIENT_CONFIRMATION_OK"
4530,4017731726,4017731765,1,"IOTHUB_CLIENT_CONFIRMATION_OK"
4531,4017731926,4017731957,1,"IOTHUB_CLIENT_CONFIRMATION_OK"
4532,4017732126,4017732164,1,"IOTHUB_CLIENT_CONFIRMATION_OK"
4533,4017732326,4017732367,1,"IOTHUB_CLIENT_CONFIRMATION_OK"
4534,4017732526,4017732581,1,"IOTHUB_CLIENT_CONFIRMATION_OK"
4535,4017732726,4017732773,1,"IOTHUB_CLIENT_CONFIRMATION_OK"
4536,4017732927,4017732982,1,"IOTHUB_CLIENT_CONFIRMATION_OK"
4537,4017733127,4017733231,1,"IOTHUB_CLIENT_CONFIRMATION_OK"
4538,4017733327,4017733375,1,"IOTHUB_CLIENT_CONFIRMATION_OK"
4539,4017733527,4017733565,1,"IOTHUB_CLIENT_CONFIRMATION_OK"
4540,4017733727,4017733839,1,"IOTHUB_CLIENT_CONFIRMATION_OK"
4541,4017733927,4017733990,1,"IOTHUB_CLIENT_CONFIRMATION_OK"
4542,4017734128,4017734163,1,"IOTHUB_CLIENT_CONFIRMATION_OK"
4543,4017734328,4017734438,1,"IOTHUB_CLIENT_CONFIRMATION_OK"
4544,4017734528,4017734576,1,"IOTHUB_CLIENT_CONFIRMATION_OK"
4545,4017734728,4017734785,1,"IOTHUB_CLIENT_CONFIRMATION_OK"
4546,4017734928,4017735023,1,"IOTHUB_CLIENT_CONFIRMATION_OK"
4547,4017735128,4017735188,1,"IOTHUB_CLIENT_CONFIRMATION_OK"
4548,4017735328,4017735441,1,"IOTHUB_CLIENT_CONFIRMATION_OK"
4549,4017735529,4017735558,1,"IOTHUB_CLIENT_CONFIRMATION_OK"
4550,4017735729,4017735785,1,"IOTHUB_CLIENT_CONFIRMATION_OK"
4551,4017735929,4017736024,1,"IOTHUB_CLIENT_CONFIRMATION_OK"
4552,4017736129,4017736164,1,"IOTHUB_CLIENT_CONFIRMATION_OK"
4553,4017736329,4017736367,1,"IOTHUB_CLIENT_CONFIRMATION_OK"
4554,4017736529,4017736564,1,"IOTHUB_CLIENT_CONFIRMATION_OK"
4555,4017736730,4017736769,1,"IOTHUB_CLIENT_CONFIRMATION_OK"
4556,4017736930,4017737023,1,"IOTHUB_CLIENT_CONFIRMATION_OK"
4557,4017737130,4017737187,1,"IOTHUB_CLIENT_CONFIRMATION_OK"
4558,4017737330,4017737368,1,"IOTHUB_CLIENT_CONFIRMATION_OK"
4559,4017737530,4017737670,1,"IOTHUB_CLIENT_CONFIRMATION_OK"
4560,4017737730,4017737787,1,"IOTHUB_CLIENT_CONFIRMATION_OK"
4561,4017737931,4017738084,1,"IOTHUB_CLIENT_CONFIRMATION_OK"
4562,4017738131,4017738178,1,"IOTHUB_CLIENT_CONFIRMATION_OK"
4563,4017738331,4017738361,1,"IOTHUB_CLIENT_CONFIRMATION_OK"
4564,4017738531,4017738600,1,"IOTHUB_CLIENT_CONFIRMATION_OK"
4565,4017738731,4017738814,1,"IOTHUB_CLIENT_CONFIRMATION_OK"
4566,4017738931,4017738976,1,"IOTHUB_CLIENT_CONFIRMATION_OK"
4567,4017739132,4017739309,1,"IOTHUB_CLIENT_CONFIRMATION_OK"
4568,4017739332,4017739370,1,"IOTHUB_CLIENT_CONFIRMATION_OK"
4569,4017739532,4017739571,1,"IOTHUB_CLIENT_CONFIRMATION_OK"
4570,4017739732,4017739889,1,"IOTHUB_CLIENT_CONFIRMATION_OK"
4571,4017739932,4017740044,1,"IOTHUB_CLIENT_CONFIRMATION_OK"
4572,4017740132,4017740173,1,"IOTHUB_CLIENT_CONFIRMATION_OK"
4573,4017740333,4017740379,1,"IOTHUB_CLIENT_CONFIRMATION_OK"
4574,4017740533,4017740567,1,"IOTHUB_CLIENT_CONFIRMATION_OK"
4575,4017740733,4017740939,1,"IOTHUB_CLIENT_CONFIRMATION_OK"
4576,4017740933,4017740975,1,"IOTHUB_CLIENT_CONFIRMATION_OK"
4577,4017741133,4017741165,1,"IOTHUB_CLIENT_CONFIRMATION_OK"
4578,4017741333,4017741381,1,"IOTHUB_CLIENT_CONFIRMATION_OK"
4579,4017741534,4017741577,1,"IOTHUB_CLIENT_CONFIRMATION_OK"
4580,4017741734,4017741765,1,"IOTHUB_CLIENT_CONFIRMATION_OK"
4581,4017741934,4017741970,1,"IOTHUB_CLIENT_CONFIRMATION_OK"
4582,4017742134,4017742168,1,"IOTHUB_CLIENT_CONFIRMATION_OK"
4583,4017742334,4017742534,1,"IOTHUB_CLIENT_CONFIRMATION_OK"
4584,4017742534,4017742574,1,"IOTHUB_CLIENT_CONFIRMATION_OK"
4585,4017742735,4017742798,1,"IOTHUB_CLIENT_CONFIRMATION_OK"
4586,4017742935,4017742981,1,"IOTHUB_CLIENT_CONFIRMATION_OK"
4587,4017743135,4017743171,1,"IOTHUB_CLIENT_CONFIRMATION_OK"
4588,4017743335,4017743374,1,"IOTHUB_CLIENT_CONFIRMATION_OK"
4589,4017743535,4017743586,1,"IOTHUB_CLIENT_CONFIRMATION_OK"
4590,4017743735,4017743808,1,"IOTHUB_CLIENT_CONFIRMATION_OK"
4591,4017743935,4017743978,1,"IOTHUB_CLIENT_CONFIRMATION_OK"
4592,4017744136,4017744185,1,"IOTHUB_CLIENT_CONFIRMATION_OK"
4593,4017744336,4017744368,1,"IOTHUB_CLIENT_CONFIRMATION_OK"
4594,4017744536,4017744702,1,"IOTHUB_CLIENT_CONFIRMATION_OK"
4595,4017744736,4017744777,1,"IOTHUB_CLIENT_CONFIRMATION_OK"
4596,4017744936,4017744973,1,"IOTHUB_CLIENT_CONFIRMATION_OK"
4597,4017745136,4017745208,1,"IOTHUB_CLIENT_CONFIRMATION_OK"
4598,4017745337,4017745378,1,"IOTHUB_CLIENT_CONFIRMATION_OK"
4599,4017745537,4017745677,1,"IOTHUB_CLIENT_CONFIRMATION_OK"
4600,4017745737,4017745778,1,"IOTHUB_CLIENT_CONFIRMATION_OK"
4601,4017745937,4017745975,1,"IOTHUB_CLIENT_CONFIRMATION_OK"
4602,4017746137,4017746269,1,"IOTHUB_CLIENT_CONFIRMATION_OK"
4603,4017746337,4017746372,1,"IOTHUB_CLIENT_CONFIRMATION_OK"
4604,4017746538,4017746588,1,"IOTHUB_CLIENT_CONFIRMATION_OK"
4605,4017746738,4017746875,1,"IOTHUB_CLIENT_CONFIRMATION_OK"
4606,4017746938,4017746989,1,"IOTHUB_CLIENT_CONFIRMATION_OK"
4607,4017747138,4017747195,1,"IOTHUB_CLIENT_CONFIRMATION_OK"
4608,4017747338,4017747423,1,"IOTHUB_CLIENT_CONFIRMATION_OK"
4609,4017747538,4017747590,1,"IOTHUB_CLIENT_CONFIRMATION_OK"
4610,4017747738,4017747813,1,"IOTHUB_CLIENT_CONFIRMATION_OK"
4611,4017747939,4017747980,1,"IOTHUB_CLIENT_CONFIRMATION_OK"
4612,4017748139,4017748170,1,"IOTHUB_CLIENT_CONFIRMATION_OK"
4613,4017748339,4017748508,1,"IOTHUB_CLIENT_CONFIRMATION_OK"
4614,4017748539,4017748579,1,"IOTHUB_CLIENT_CONFIRMATION_OK"
4615,4017748739,4017748774,1,"IOTHUB_CLIENT_CONFIRMATION_OK"
4616,4017748939,4017748991,1,"IOTHUB_CLIENT_CONFIRMATION_OK"
4617,4017749139,4017749210,1,"IOTHUB_CLIENT_CONFIRMATION_OK"
4618,4017749340,4017749379,1,"IOTHUB_CLIENT_CONFIRMATION_OK"
4619,4017749540,4017749596,1,"IOTHUB_CLIENT_CONFIRMATION_OK"
4620,4017749740,4017749786,1,"IOTHUB_CLIENT_CONFIRMATION_OK"
4621,4017749940,4017750202,1,"IOTHUB_CLIENT_CONFIRMATION_OK"
4622,4017750140,4017750224,1,"IOTHUB_CLIENT_CONFIRMATION_OK"
4623,4017750340,4017750405,1,"IOTHUB_CLIENT_CONFIRMATION_OK"
4624,4017750541,4017750618,1,"IOTHUB_CLIENT_CONFIRMATION_OK"
4625,4017750741,4017750774,1,"IOTHUB_CLIENT_CONFIRMATION_OK"
4626,4017750941,4017751012,1,"IOTHUB_CLIENT_CONFIRMATION_OK"
4627,4017751141,4017751229,1,"IOTHUB_CLIENT_CONFIRMATION_OK"
4628,4017751341,4017751387,1,"IOTHUB_CLIENT_CONFIRMATION_OK"
4629,4017751541,4017751617,1,"IOTHUB_CLIENT_CONFIRMATION_OK"
4630,4017751741,4017751789,1,"IOTHUB_CLIENT_CONFIRMATION_OK"
4631,4017751942,4017751995,1,"IOTHUB_CLIENT_CONFIRMATION_OK"
4632,4017752142,4017752235,1,"IOTHUB_CLIENT_CONFIRMATION_OK"
4633,4017752342,4017752388,1,"IOTHUB_CLIENT_CONFIRMATION_OK"
4634,4017752542,4017752589,1,"IOTHUB_CLIENT_CONFIRMATION_OK"
4635,4017752742,4017752791,1,"IOTHUB_CLIENT_CONFIRMATION_OK"
4636,4017752942,4017753005,1,"IOTHUB_CLIENT_CONFIRMATION_OK"
4637,4017753143,4017753187,1,"IOTHUB_CLIENT_CONFIRMATION_OK"
4638,4017753343,4017753377,1,"IOTHUB_CLIENT_CONFIRMATION_OK"
4639,4017753543,4017753594,1,"IOTHUB_CLIENT_CONFIRMATION_OK"
4640,4017753743,4017753858,1,"IOTHUB_CLIENT_CONFIRMATION_OK"
4641,4017753943,4017753993,1,"IOTHUB_CLIENT_CONFIRMATION_OK"
4642,4017754143,4017754192,1,"IOTHUB_CLIENT_CONFIRMATION_OK"
4643,4017754344,4017754554,1,"IOTHUB_CLIENT_CONFIRMATION_OK"
4644,4017754544,4017754615,1,"IOTHUB_CLIENT_CONFIRMATION_OK"
4645,4017754744,4017754811,1,"IOTHUB_CLIENT_CONFIRMATION_OK"
4646,4017754944,4017755000,1,"IOTHUB_CLIENT_CONFIRMATION_OK"
4647,4017755144,4017755183,1,"IOTHUB_CLIENT_CONFIRMATION_OK"
4648,4017755344,4017755381,1,"IOTHUB_CLIENT_CONFIRMATION_OK"
4649,4017755545,4017755591,1,"IOTHUB_CLIENT_CONFIRMATION_OK"
4650,4017755745,4017755786,1,"IOTHUB_CLIENT_CONFIRMATION_OK"
4651,4017755945,4017755993,1,"IOTHUB_CLIENT_CONFIRMATION_OK"
4652,4017756145,4017756205,1,"IOTHUB_CLIENT_CONFIRMATION_OK"
4653,4017756345,4017756397,1,"IOTHUB_CLIENT_CONFIRMATION_OK"
4654,4017756545,4017756604,1,"IOTHUB_CLIENT_CONFIRMATION_OK"
4655,4017756746,4017756780,1,"IOTHUB_CLIENT_CONFIRMATION_OK"
4656,4017756946,4017757001,1,"IOTHUB_CLIENT_CONFIRMATION_OK"
4657,4017757146,4017757199,1,"IOTHUB_CLIENT_CONFIRMATION_OK"
4658,4017757346,4017757397,1,"IOTHUB_CLIENT_CONFIRMATION_OK"
4659,4017757546,4017757615,1,"IOTHUB_CLIENT_CONFIRMATION_OK"
4660,4017757746,4017757821,1,"IOTHUB_CLIENT_CONFIRMATION_OK"
4661,4017757946,4017757991,1,"IOTHUB_CLIENT_CONFIRMATION_OK"
4662,4017758147,4017758223,1,"IOTHUB_CLIENT_CONFIRMATION_OK"
4663,4017758347,4017758381,1,"IOTHUB_CLIENT_CONFIRMATION_OK"
4664,4017758547,4017758585,1,"IOTHUB_CLIENT_CONFIRMATION_OK"
4665,4017758747,4017758810,1,"IOTHUB_CLIENT_CONFIRMATION_OK"
4666,4017758947,4017759012,1,"IOTHUB_CLIENT_CONFIRMATION_OK"
4667,4017759147,4017759234,1,"IOTHUB_CLIENT_CONFIRMATION_OK"
4668,4017759348,4017759412,1,"IOTHUB_CLIENT_CONFIRMATION_OK"
4669,4017759548,4017759615,1,"IOTHUB_CLIENT_CONFIRMATION_OK"
4670,4017759748,4017759895,1,"IOTHUB_CLIENT_CONFIRMATION_OK"
4671,4017759948,4017760008,1,"IOTHUB_CLIENT_CONFIRMATION_OK"
4672,4017760148,4017760198,1,"IOTHUB_CLIENT_CONFIRMATION_OK"
4673,4017760348,4017760460,1,"IOTHUB_CLIENT_CONFIRMATION_OK"
4674,4017760549,4017760582,1,"IOTHUB_CLIENT_CONFIRMATION_OK"
4675,4017760749,4017760882,1,"IOTHUB_CLIENT_CONFIRMATION_OK"
4676,4017760949,4017760996,1,"IOTHUB_CLIENT_CONFIRMATION_OK"
4677,4017761149,4017761187,1,"IOTHUB_CLIENT_CONFIRMATION_OK"
4678,4017761349,4017761389,1,"IOTHUB_CLIENT_CONFIRMATION_OK"
4679,4017761549,4017761593,1,"IOTHUB_CLIENT_CONFIRMATION_OK"
4680,4017761749,4017761789,1,"IOTHUB_CLIENT_CONFIRMATION_OK"
4681,4017761950,4017761988,1,"IOTHUB_CLIENT_CONFIRMATION_OK"
4682,4017762150,4017762186,1,"IOTHUB_CLIENT_CONFIRMATION_OK"
4683,4017762350,4017762534,1,"IOTHUB_CLIENT_CONFIRMATION_OK"
4684,4017762550,4017762620,1,"IOTHUB_CLIENT_CONFIRMATION_OK"
4685,4017762750,4017762784,1,"IOTHUB_CLIENT_CONFIRMATION_OK"
4686,4017762950,4017763035,1,"IOTHUB_CLIENT_CONFIRMATION_OK"
4687,4017763151,4017763207,1,"IOTHUB_CLIENT_CONFIRMATION_OK"
4688,4017763351,4017763390,1,"IOTHUB_CLIENT_CONFIRMATION_OK"
4689,4017763551,4017763630,1,"IOTHUB_CLIENT_CONFIRMATION_OK"
4690,4017763751,4017763804,1,"IOTHUB_CLIENT_CONFIRMATION_OK"
4691,4017763951,4017764117,1,"IOTHUB_CLIENT_CONFIRMATION_OK"
4692,4017764151,4017764196,1,"IOTHUB_CLIENT_CONFIRMATION_OK"
4693,4017764352,4017764393,1,"IOTHUB_CLIENT_CONFIRMATION_OK"
4694,4017764552,4017764595,1,"IOTHUB_CLIENT_CONFIRMATION_OK"
4695,4017764752,4017764824,1,"IOTHUB_CLIENT_CONFIRMATION_OK"
4696,4017764952,4017764990,1,"IOTHUB_CLIENT_CONFIRMATION_OK"
4697,4017765152,4017765188,1,"IOTHUB_CLIENT_CONFIRMATION_OK"
4698,4017765352,4017765423,1,"IOTHUB_CLIENT_CONFIRMATION_OK"
4699,4017765553,4017765589,1,"IOTHUB_CLIENT_CONFIRMATION_OK"
4700,4017765753,4017765812,1,"IOTHUB_CLIENT_CONFIRMATION_OK"
4701,4017765953,4017766002,1,"IOTHUB_CLIENT_CONFIRMATION_OK"
4702,4017766153,4017766192,1,"IOTHUB_CLIENT_CONFIRMATION_OK"
4703,4017766353,4017766391,1,"IOTHUB_CLIENT_CONFIRMATION_OK"
4704,4017766553,4017766600,1,"IOTHUB_CLIENT_CONFIRMATION_OK"
4705,4017766753,4017766789,1,"IOTHUB_CLIENT_CONFIRMATION_OK"
4706,4017766954,4017767000,1,"IOTHUB_CLIENT_CONFIRMATION_OK"
4707,4017767154,4017767194,1,"IOTHUB_CLIENT_CONFIRMATION_OK"
4708,4017767354,4017767406,1,"IOTHUB_CLIENT_CONFIRMATION_OK"
4709,4017767554,4017767617,1,"IOTHUB_CLIENT_CONFIRMATION_OK"
4710,4017767754,4017767793,1,"IOTHUB_CLIENT_CONFIRMATION_OK"
4711,4017767954,4017768015,1,"IOTHUB_CLIENT_CONFIRMATION_OK"
4712,4017768155,4017768191,1,"IOTHUB_CLIENT_CONFIRMATION_OK"
4713,4017768355,4017768441,1,"IOTHUB_CLIENT_CONFIRMATION_OK"
4714,4017768555,4017768598,1,"IOTHUB_CLIENT_CONFIRMATION_OK"
4715,4017768755,4017768795,1,"IOTHUB_CLIENT_CONFIRMATION_OK"
4716,4017768955,4017769016,1,"IOTHUB_CLIENT_CONFIRMATION_OK"
4717,4017769155,4017769196,1,"IOTHUB_CLIENT_CONFIRMATION_OK"
4718,4017769355,4017769413,1,"IOTHUB_CLIENT_CONFIRMATION_OK"
4719,4017769556,4017769592,1,"IOTHUB_CLIENT_CONFIRMATION_OK"
4720,4017769756,4017769789,1,"IOTHUB_CLIENT_CONFIRMATION_OK"
4721,4017769956,4017770028,1,"IOTHUB_CLIENT_CONFIRMATION_OK"
4722,4017770156,4017770217,1,"IOTHUB_CLIENT_CONFIRMATION_OK"
4723,4017770356,4017770397,1,"IOTHUB_CLIENT_CONFIRMATION_OK"
4724,4017770557,4017770663,1,"IOTHUB_CLIENT_CONFIRMATION_OK"
4725,4017770757,4017770795,1,"IOTHUB_CLIENT_CONFIRMATION_OK"
4726,4017770957,4017771008,1,"IOTHUB_CLIENT_CONFIRMATION_OK"
4727,4017771157,4017771199,1,"IOTHUB_CLIENT_CONFIRMATION_OK"
4728,4017771357,4017771400,1,"IOTHUB_CLIENT_CONFIRMATION_OK"
4729,4017771557,4017771659,1,"IOTHUB_CLIENT_CONFIRMATION_OK"
4730,4017771758,4017771797,1,"IOTHUB_CLIENT_CONFIRMATION_OK"
4731,4017771958,4017772000,1,"IOTHUB_CLIENT_CONFIRMATION_OK"
4732,4017772158,4017772357,1,"IOTHUB_CLIENT_CONFIRMATION_OK"
4733,4017772358,4017772402,1,"IOTHUB_CLIENT_CONFIRMATION_OK"
4734,4017772558,4017772623,1,"IOTHUB_CLIENT_CONFIRMATION_OK"
4735,4017772758,4017772808,1,"IOTHUB_CLIENT_CONFIRMATION_OK"
4736,4017772958,4017772996,1,"IOTHUB_CLIENT_CONFIRMATION_OK"
4737,4017773159,4017773387,1,"IOTHUB_CLIENT_CONFIRMATION_OK"
4738,4017773359,4017773410,1,"IOTHUB_CLIENT_CONFIRMATION_OK"
4739,4017773559,4017773597,1,"IOTHUB_CLIENT_CONFIRMATION_OK"
4740,4017773759,4017773792,1,"IOTHUB_CLIENT_CONFIRMATION_OK"
4741,4017773959,4017773997,1,"IOTHUB_CLIENT_CONFIRMATION_OK"
4742,4017774159,4017774200,1,"IOTHUB_CLIENT_CONFIRMATION_OK"
4743,4017774360,4017774407,1,"IOTHUB_CLIENT_CONFIRMATION_OK"
4744,4017774560,4017774601,1,"IOTHUB_CLIENT_CONFIRMATION_OK"
4745,4017774760,4017774809,1,"IOTHUB_CLIENT_CONFIRMATION_OK"
4746,4017774960,4017775031,1,"IOTHUB_CLIENT_CONFIRMATION_OK"
4747,4017775160,4017775211,1,"IOTHUB_CLIENT_CONFIRMATION_OK"
4748,4017775360,4017775408,1,"IOTHUB_CLIENT_CONFIRMATION_OK"
4749,4017775561,4017775615,1,"IOTHUB_CLIENT_CONFIRMATION_OK"
4750,4017775761,4017775810,1,"IOTHUB_CLIENT_CONFIRMATION_OK"
4751,4017775961,4017776021,1,"IOTHUB_CLIENT_CONFIRMATION_OK"
4752,4017776161,4017776206,1,"IOTHUB_CLIENT_CONFIRMATION_OK"
4753,4017776361,4017776401,1,"IOTHUB_CLIENT_CONFIRMATION_OK"
4754,4017776561,4017776597,1,"IOTHUB_CLIENT_CONFIRMATION_OK"
4755,4017776762,4017776824,1,"IOTHUB_CLIENT_CONFIRMATION_OK"
4756,4017776962,4017777090,1,"IOTHUB_CLIENT_CONFIRMATION_OK"
4757,4017777162,4017777205,1,"IOTHUB_CLIENT_CONFIRMATION_OK"
4758,4017777362,4017777410,1,"IOTHUB_CLIENT_CONFIRMATION_OK"
4759,4017777562,4017777646,1,"IOTHUB_CLIENT_CONFIRMATION_OK"
4760,4017777762,4017777797,1,"IOTHUB_CLIENT_CONFIRMATION_OK"
4761,4017777963,4017778026,1,"IOTHUB_CLIENT_CONFIRMATION_OK"
4762,4017778163,4017778234,1,"IOTHUB_CLIENT_CONFIRMATION_OK"
4763,4017778363,4017778401,1,"IOTHUB_CLIENT_CONFIRMATION_OK"
4764,4017778563,4017778682,1,"IOTHUB_CLIENT_CONFIRMATION_OK"
4765,4017778763,4017778799,1,"IOTHUB_CLIENT_CONFIRMATION_OK"
4766,4017778963,4017779003,1,"IOTHUB_CLIENT_CONFIRMATION_OK"
4767,4017779163,4017779285,1,"IOTHUB_CLIENT_CONFIRMATION_OK"
4768,4017779364,4017779411,1,"IOTHUB_CLIENT_CONFIRMATION_OK"
4769,4017779564,4017779612,1,"IOTHUB_CLIENT_CONFIRMATION_OK"
4770,4017779764,4017779799,1,"IOTHUB_CLIENT_CONFIRMATION_OK"
4771,4017779964,4017780004,1,"IOTHUB_CLIENT_CONFIRMATION_OK"
4772,4017780164,4017780273,1,"IOTHUB_CLIENT_CONFIRMATION_OK"
4773,4017780364,4017780413,1,"IOTHUB_CLIENT_CONFIRMATION_OK"
4774,4017780565,4017780609,1,"IOTHUB_CLIENT_CONFIRMATION_OK"
4775,4017780765,4017780909,1,"IOTHUB_CLIENT_CONFIRMATION_OK"
4776,4017780965,4017781021,1,"IOTHUB_CLIENT_CONFIRMATION_OK"
4777,4017781165,4017781209,1,"IOTHUB_CLIENT_CONFIRMATION_OK"
4778,4017781365,4017781403,1,"IOTHUB_CLIENT_CONFIRMATION_OK"
4779,4017781565,4017781630,1,"IOTHUB_CLIENT_CONFIRMATION_OK"
4780,4017781766,4017781859,1,"IOTHUB_CLIENT_CONFIRMATION_OK"
4781,4017781966,4017782009,1,"IOTHUB_CLIENT_CONFIRMATION_OK"
4782,4017782166,4017782201,1,"IOTHUB_CLIENT_CONFIRMATION_OK"
4783,4017782366,4017782525,1,"IOTHUB_CLIENT_CONFIRMATION_OK"
4784,4017782566,4017782598,1,"IOTHUB_CLIENT_CONFIRMATION_OK"
4785,4017782766,4017782816,1,"IOTHUB_CLIENT_CONFIRMATION_OK"
4786,4017782967,4017783042,1,"IOTHUB_CLIENT_CONFIRMATION_OK"
4787,4017783167,4017783202,1,"IOTHUB_CLIENT_CONFIRMATION_OK"
4788,4017783367,4017783420,1,"IOTHUB_CLIENT_CONFIRMATION_OK"
4789,4017783567,4017783603,1,"IOTHUB_CLIENT_CONFIRMATION_OK"
4790,4017783767,4017783804,1,"IOTHUB_CLIENT_CONFIRMATION_OK"
4791,4017783967,4017784201,1,"IOTHUB_CLIENT_CONFIRMATION_OK"
4792,4017784168,4017784217,1,"IOTHUB_CLIENT_CONFIRMATION_OK"
4793,4017784368,4017784399,1,"IOTHUB_CLIENT_CONFIRMATION_OK"
4794,4017784568,4017784610,1,"IOTHUB_CLIENT_CONFIRMATION_OK"
4795,4017784768,4017784812,1,"IOTHUB_CLIENT_CONFIRMATION_OK"
4796,4017784968,4017785012,1,"IOTHUB_CLIENT_CONFIRMATION_OK"
4797,4017785168,4017785213,1,"IOTHUB_CLIENT_CONFIRMATION_OK"
4798,4017785369,4017785414,1,"IOTHUB_CLIENT_CONFIRMATION_OK"
4799,4017785569,4017785626,1,"IOTHUB_CLIENT_CONFIRMATION_OK"
4800,4017785769,4017785804,1,"IOTHUB_CLIENT_CONFIRMATION_OK"
4801,4017785969,4017786013,1,"IOTHUB_CLIENT_CONFIRMATION_OK"
4802,4017786169,4017786257,1,"IOTHUB_CLIENT_CONFIRMATION_OK"
4803,4017786369,4017786427,1,"IOTHUB_CLIENT_CONFIRMATION_OK"
4804,4017786570,4017786637,1,"IOTHUB_CLIENT_CONFIRMATION_OK"
4805,4017786770,4017786851,1,"IOTHUB_CLIENT_CONFIRMATION_OK"
4806,4017786970,4017787010,1,"IOTHUB_CLIENT_CONFIRMATION_OK"
4807,4017787170,4017787209,1,"IOTHUB_CLIENT_CONFIRMATION_OK"
4808,4017787370,4017787443,1,"IOTHUB_CLIENT_CONFIRMATION_OK"
4809,4017787570,4017787610,1,"IOTHUB_CLIENT_CONFIRMATION_OK"
4810,4017787771,4017787872,1,"IOTHUB_CLIENT_CONFIRMATION_OK"
4811,4017787971,4017788014,1,"IOTHUB_CLIENT_CONFIRMATION_OK"
4812,4017788171,4017788211,1,"IOTHUB_CLIENT_CONFIRMATION_OK"
4813,4017788371,4017788476,1,"IOTHUB_CLIENT_CONFIRMATION_OK"
4814,4017788571,4017788615,1,"IOTHUB_CLIENT_CONFIRMATION_OK"
4815,4017788771,4017788824,1,"IOTHUB_CLIENT_CONFIRMATION_OK"
4816,4017788972,4017789031,1,"IOTHUB_CLIENT_CONFIRMATION_OK"
4817,4017789172,4017789213,1,"IOTHUB_CLIENT_CONFIRMATION_OK"
4818,4017789372,4017789601,1,"IOTHUB_CLIENT_CONFIRMATION_OK"
4819,4017789572,4017789653,1,"IOTHUB_CLIENT_CONFIRMATION_OK"
4820,4017789772,4017789834,1,"IOTHUB_CLIENT_CONFIRMATION_OK"
4821,4017789972,4017790011,1,"IOTHUB_CLIENT_CONFIRMATION_OK"
4822,4017790172,4017790214,1,"IOTHUB_CLIENT_CONFIRMATION_OK"
4823,4017790373,4017790414,1,"IOTHUB_CLIENT_CONFIRMATION_OK"
4824,4017790573,4017790610,1,"IOTHUB_CLIENT_CONFIRMATION_OK"
4825,4017790773,4017790840,1,"IOTHUB_CLIENT_CONFIRMATION_OK"
4826,4017790973,4017791007,1,"IOTHUB_CLIENT_CONFIRMATION_OK"
4827,4017791173,4017791219,1,"IOTHUB_CLIENT_CONFIRMATION_OK"
4828,4017791373,4017791434,1,"IOTHUB_CLIENT_CONFIRMATION_OK"
4829,4017791574,4017791632,1,"IOTHUB_CLIENT_CONFIRMATION_OK"
4830,4017791774,4017791820,1,"IOTHUB_CLIENT_CONFIRMATION_OK"
4831,4017791974,4017792004,1,"IOTHUB_CLIENT_CONFIRMATION_OK"
4832,4017792174,4017792215,1,"IOTHUB_CLIENT_CONFIRMATION_OK"
4833,4017792374,4017792410,1,"IOTHUB_CLIENT_CONFIRMATION_OK"
4834,4017792574,4017792628,1,"IOTHUB_CLIENT_CONFIRMATION_OK"
4835,4017792775,4017792842,1,"IOTHUB_CLIENT_CONFIRMATION_OK"
4836,4017792975,4017793011,1,"IOTHUB_CLIENT_CONFIRMATION_OK"
4837,4017793175,4017793247,1,"IOTHUB_CLIENT_CONFIRMATION_OK"
4838,4017793375,4017793418,1,"IOTHUB_CLIENT_CONFIRMATION_OK"
4839,4017793575,4017793609,1,"IOTHUB_CLIENT_CONFIRMATION_OK"
4840,4017793775,4017793816,1,"IOTHUB_CLIENT_CONFIRMATION_OK"
4841,4017793976,4017794009,1,"IOTHUB_CLIENT_CONFIRMATION_OK"
4842,4017794176,4017794219,1,"IOTHUB_CLIENT_CONFIRMATION_OK"
4843,4017794376,4017794430,1,"IOTHUB_CLIENT_CONFIRMATION_OK"
4844,4017794576,4017794630,1,"IOTHUB_CLIENT_CONFIRMATION_OK"
4845,4017794776,4017794820,1,"IOTHUB_CLIENT_CONFIRMATION_OK"
4846,4017794976,4017795021,1,"IOTHUB_CLIENT_CONFIRMATION_OK"
4847,4017795176,4017795220,1,"IOTHUB_CLIENT_CONFIRMATION_OK"
4848,4017795377,4017795443,1,"IOTHUB_CLIENT_CONFIRMATION_OK"
4849,4017795577,4017795614,1,"IOTHUB_CLIENT_CONFIRMATION_OK"
4850,4017795777,4017795810,1,"IOTHUB_CLIENT_CONFIRMATION_OK"
4851,4017795977,4017796071,1,"IOTHUB_CLIENT_CONFIRMATION_OK"
4852,4017796177,4017796212,1,"IOTHUB_CLIENT_CONFIRMATION_OK"
4853,4017796377,4017796464,1,"IOTHUB_CLIENT_CONFIRMATION_OK"
4854,4017796578,4017796634,1,"IOTHUB_CLIENT_CONFIRMATION_OK"
4855,4017796778,4017796811,1,"IOTHUB_CLIENT_CONFIRMATION_OK"
4856,4017796978,4017797086,1,"IOTHUB_CLIENT_CONFIRMATION_OK"
4857,4017797178,4017797235,1,"IOTHUB_CLIENT_CONFIRMATION_OK"
4858,4017797378,4017797416,1,"IOTHUB_CLIENT_CONFIRMATION_OK"
4859,4017797578,4017797641,1,"IOTHUB_CLIENT_CONFIRMATION_OK"
4860,4017797779,4017797820,1,"IOTHUB_CLIENT_CONFIRMATION_OK"
4861,4017797979,4017798022,1,"IOTHUB_CLIENT_CONFIRMATION_OK"
4862,4017798179,4017798234,1,"IOTHUB_CLIENT_CONFIRMATION_OK"
4863,4017798379,4017798409,1,"IOTHUB_CLIENT_CONFIRMATION_OK"
4864,4017798579,4017798728,1,"IOTHUB_CLIENT_CONFIRMATION_OK"
4865,4017798779,4017798833,1,"IOTHUB_CLIENT_CONFIRMATION_OK"
4866,4017798980,4017799023,1,"IOTHUB_CLIENT_CONFIRMATION_OK"
4867,4017799180,4017799227,1,"IOTHUB_CLIENT_CONFIRMATION_OK"
4868,4017799380,4017799415,1,"IOTHUB_CLIENT_CONFIRMATION_OK"
4869,4017799580,4017799615,1,"IOTHUB_CLIENT_CONFIRMATION_OK"
4870,4017799780,4017799890,1,"IOTHUB_CLIENT_CONFIRMATION_OK"
4871,4017799980,4017800035,1,"IOTHUB_CLIENT_CONFIRMATION_OK"
4872,4017800180,4017800259,1,"IOTHUB_CLIENT_CONFIRMATION_OK"
4873,4017800381,4017800411,1,"IOTHUB_CLIENT_CONFIRMATION_OK"
4874,4017800581,4017800617,1,"IOTHUB_CLIENT_CONFIRMATION_OK"
4875,4017800781,4017800871,1,"IOTHUB_CLIENT_CONFIRMATION_OK"
4876,4017800981,4017801016,1,"IOTHUB_CLIENT_CONFIRMATION_OK"
4877,4017801181,4017801220,1,"IOTHUB_CLIENT_CONFIRMATION_OK"
4878,4017801381,4017801448,1,"IOTHUB_CLIENT_CONFIRMATION_OK"
4879,4017801582,4017801615,1,"IOTHUB_CLIENT_CONFIRMATION_OK"
4880,4017801782,4017801911,1,"IOTHUB_CLIENT_CONFIRMATION_OK"
4881,4017801982,4017802031,1,"IOTHUB_CLIENT_CONFIRMATION_OK"
4882,4017802182,4017802217,1,"IOTHUB_CLIENT_CONFIRMATION_OK"
4883,4017802382,4017802500,1,"IOTHUB_CLIENT_CONFIRMATION_OK"
4884,4017802582,4017802634,1,"IOTHUB_CLIENT_CONFIRMATION_OK"
4885,4017802783,4017802824,1,"IOTHUB_CLIENT_CONFIRMATION_OK"
4886,4017802983,4017803037,1,"IOTHUB_CLIENT_CONFIRMATION_OK"
4887,4017803183,4017803227,1,"IOTHUB_CLIENT_CONFIRMATION_OK"
4888,4017803383,4017803415,1,"IOTHUB_CLIENT_CONFIRMATION_OK"
4889,4017803583,4017803628,1,"IOTHUB_CLIENT_CONFIRMATION_OK"
4890,4017803783,4017803813,1,"IOTHUB_CLIENT_CONFIRMATION_OK"
4891,4017803984,4017804161,1,"IOTHUB_CLIENT_CONFIRMATION_OK"
4892,4017804184,4017804215,1,"IOTHUB_CLIENT_CONFIRMATION_OK"
4893,4017804384,4017804417,1,"IOTHUB_CLIENT_CONFIRMATION_OK"
4894,4017804584,4017804620,1,"IOTHUB_CLIENT_CONFIRMATION_OK"
4895,4017804784,4017804817,1,"IOTHUB_CLIENT_CONFIRMATION_OK"
4896,4017804984,4017805021,1,"IOTHUB_CLIENT_CONFIRMATION_OK"
4897,4017805184,4017805220,1,"IOTHUB_CLIENT_CONFIRMATION_OK"
4898,4017805385,4017805423,1,"IOTHUB_CLIENT_CONFIRMATION_OK"
4899,4017805585,4017805805,1,"IOTHUB_CLIENT_CONFIRMATION_OK"
4900,4017805785,4017805831,1,"IOTHUB_CLIENT_CONFIRMATION_OK"
4901,4017805985,4017806020,1,"IOTHUB_CLIENT_CONFIRMATION_OK"
4902,4017806185,4017806220,1,"IOTHUB_CLIENT_CONFIRMATION_OK"
4903,4017806385,4017806419,1,"IOTHUB_CLIENT_CONFIRMATION_OK"
4904,4017806586,4017806624,1,"IOTHUB_CLIENT_CONFIRMATION_OK"
4905,4017806786,4017806838,1,"IOTHUB_CLIENT_CONFIRMATION_OK"
4906,4017806986,4017807035,1,"IOTHUB_CLIENT_CONFIRMATION_OK"
4907,4017807186,4017807234,1,"IOTHUB_CLIENT_CONFIRMATION_OK"
4908,4017807386,4017807435,1,"IOTHUB_CLIENT_CONFIRMATION_OK"
4909,4017807586,4017807618,1,"IOTHUB_CLIENT_CONFIRMATION_OK"
4910,4017807787,4017807828,1,"IOTHUB_CLIENT_CONFIRMATION_OK"
4911,4017807987,4017808025,1,"IOTHUB_CLIENT_CONFIRMATION_OK"
4912,4017808187,4017808229,1,"IOTHUB_CLIENT_CONFIRMATION_OK"
4913,4017808387,4017808447,1,"IOTHUB_CLIENT_CONFIRMATION_OK"
4914,4017808587,4017808629,1,"IOTHUB_CLIENT_CONFIRMATION_OK"
4915,4017808787,4017808859,1,"IOTHUB_CLIENT_CONFIRMATION_OK"
4916,4017808988,4017809067,1,"IOTHUB_CLIENT_CONFIRMATION_OK"
4917,4017809188,4017809258,1,"IOTHUB_CLIENT_CONFIRMATION_OK"
4918,4017809388,4017809496,1,"IOTHUB_CLIENT_CONFIRMATION_OK"
4919,4017809588,4017809680,1,"IOTHUB_CLIENT_CONFIRMATION_OK"
4920,4017809788,4017809824,1,"IOTHUB_CLIENT_CONFIRMATION_OK"
4921,4017809988,4017810100,1,"IOTHUB_CLIENT_CONFIRMATION_OK"
4922,4017810188,4017810221,1,"IOTHUB_CLIENT_CONFIRMATION_OK"
4923,4017810389,4017810435,1,"IOTHUB_CLIENT_CONFIRMATION_OK"
4924,4017810589,4017810634,1,"IOTHUB_CLIENT_CONFIRMATION_OK"
4925,4017810789,4017810829,1,"IOTHUB_CLIENT_CONFIRMATION_OK"
4926,4017810989,4017811112,1,"IOTHUB_CLIENT_CONFIRMATION_OK"
4927,4017811189,4017811224,1,"IOTHUB_CLIENT_CONFIRMATION_OK"
4928,4017811389,4017811541,1,"IOTHUB_CLIENT_CONFIRMATION_OK"
4929,4017811590,4017811643,1,"IOTHUB_CLIENT_CONFIRMATION_OK"
4930,4017811790,4017811826,1,"IOTHUB_CLIENT_CONFIRMATION_OK"
4931,4017811990,4017812026,1,"IOTHUB_CLIENT_CONFIRMATION_OK"
4932,4017812190,4017812223,1,"IOTHUB_CLIENT_CONFIRMATION_OK"
4933,4017812390,4017812434,1,"IOTHUB_CLIENT_CONFIRMATION_OK"
4934,4017812590,4017812627,1,"IOTHUB_CLIENT_CONFIRMATION_OK"
4935,4017812791,4017812836,1,"IOTHUB_CLIENT_CONFIRMATION_OK"
4936,4017812991,4017813026,1,"IOTHUB_CLIENT_CONFIRMATION_OK"
4937,4017813191,4017813244,1,"IOTHUB_CLIENT_CONFIRMATION_OK"
4938,4017813391,4017813429,1,"IOTHUB_CLIENT_CONFIRMATION_OK"
4939,4017813591,4017813631,1,"IOTHUB_CLIENT_CONFIRMATION_OK"
4940,4017813791,4017813863,1,"IOTHUB_CLIENT_CONFIRMATION_OK"
4941,4017813991,4017814027,1,"IOTHUB_CLIENT_CONFIRMATION_OK"
4942,4017814192,4017814226,1,"IOTHUB_CLIENT_CONFIRMATION_OK"
4943,4017814392,4017814487,1,"IOTHUB_CLIENT_CONFIRMATION_OK"
4944,4017814592,4017814652,1,"IOTHUB_CLIENT_CONFIRMATION_OK"
4945,4017814792,4017814891,1,"IOTHUB_CLIENT_CONFIRMATION_OK"
4946,4017814992,4017815029,1,"IOTHUB_CLIENT_CONFIRMATION_OK"
4947,4017815192,4017815276,1,"IOTHUB_CLIENT_CONFIRMATION_OK"
4948,4017815393,4017815499,1,"IOTHUB_CLIENT_CONFIRMATION_OK"
4949,4017815593,4017815654,1,"IOTHUB_CLIENT_CONFIRMATION_OK"
4950,4017815793,4017815836,1,"IOTHUB_CLIENT_CONFIRMATION_OK"
4951,4017815993,4017816031,1,"IOTHUB_CLIENT_CONFIRMATION_OK"
4952,4017816193,4017816234,1,"IOTHUB_CLIENT_CONFIRMATION_OK"
4953,4017816393,4017816435,1,"IOTHUB_CLIENT_CONFIRMATION_OK"
4954,4017816594,4017816656,1,"IOTHUB_CLIENT_CONFIRMATION_OK"
4955,4017816794,4017816833,1,"IOTHUB_CLIENT_CONFIRMATION_OK"
4956,4017816994,4017817219,1,"IOTHUB_CLIENT_CONFIRMATION_OK"
4957,4017817194,4017817258,1,"IOTHUB_CLIENT_CONFIRMATION_OK"
4958,4017817394,4017817443,1,"IOTHUB_CLIENT_CONFIRMATION_OK"
4959,4017817594,4017817641,1,"IOTHUB_CLIENT_CONFIRMATION_OK"
4960,4017817794,4017817843,1,"IOTHUB_CLIENT_CONFIRMATION_OK"
4961,4017817995,4017818056,1,"IOTHUB_CLIENT_CONFIRMATION_OK"
4962,4017818195,4017818266,1,"IOTHUB_CLIENT_CONFIRMATION_OK"
4963,4017818395,4017818454,1,"IOTHUB_CLIENT_CONFIRMATION_OK"
4964,4017818595,4017818646,1,"IOTHUB_CLIENT_CONFIRMATION_OK"
4965,4017818795,4017818855,1,"IOTHUB_CLIENT_CONFIRMATION_OK"
4966,4017818995,4017819032,1,"IOTHUB_CLIENT_CONFIRMATION_OK"
4967,4017819196,4017819267,1,"IOTHUB_CLIENT_CONFIRMATION_OK"
4968,4017819396,4017819435,1,"IOTHUB_CLIENT_CONFIRMATION_OK"
4969,4017819596,4017819630,1,"IOTHUB_CLIENT_CONFIRMATION_OK"
4970,4017819796,4017819844,1,"IOTHUB_CLIENT_CONFIRMATION_OK"
4971,4017819996,4017820032,1,"IOTHUB_CLIENT_CONFIRMATION_OK"
4972,4017820196,4017820279,1,"IOTHUB_CLIENT_CONFIRMATION_OK"
4973,4017820397,4017820429,1,"IOTHUB_CLIENT_CONFIRMATION_OK"
4974,4017820597,4017820642,1,"IOTHUB_CLIENT_CONFIRMATION_OK"
4975,4017820797,4017820921,1,"IOTHUB_CLIENT_CONFIRMATION_OK"
4976,4017820997,4017821034,1,"IOTHUB_CLIENT_CONFIRMATION_OK"
4977,4017821197,4017821237,1,"IOTHUB_CLIENT_CONFIRMATION_OK"
4978,4017821397,4017821434,1,"IOTHUB_CLIENT_CONFIRMATION_OK"
4979,4017821597,4017821632,1,"IOTHUB_CLIENT_CONFIRMATION_OK"
4980,4017821798,4017821974,1,"IOTHUB_CLIENT_CONFIRMATION_OK"
4981,4017821998,4017822038,1,"IOTHUB_CLIENT_CONFIRMATION_OK"
4982,4017822198,4017822231,1,"IOTHUB_CLIENT_CONFIRMATION_OK"
4983,4017822398,4017822443,1,"IOTHUB_CLIENT_CONFIRMATION_OK"
4984,4017822598,4017822664,1,"IOTHUB_CLIENT_CONFIRMATION_OK"
4985,4017822798,4017822835,1,"IOTHUB_CLIENT_CONFIRMATION_OK"
4986,4017822999,4017823063,1,"IOTHUB_CLIENT_CONFIRMATION_OK"
4987,4017823199,4017823243,1,"IOTHUB_CLIENT_CONFIRMATION_OK"
4988,4017823399,4017823465,1,"IOTHUB_CLIENT_CONFIRMATION_OK"
4989,4017823599,4017823770,1,"IOTHUB_CLIENT_CONFIRMATION_OK"
4990,4017823799,4017823838,1,"IOTHUB_CLIENT_CONFIRMATION_OK"
4991,4017823999,4017824200,1,"IOTHUB_CLIENT_CONFIRMATION_OK"
4992,4017824199,4017824255,1,"IOTHUB_CLIENT_CONFIRMATION_OK"
4993,4017824400,4017824528,1,"IOTHUB_CLIENT_CONFIRMATION_OK"
4994,4017824600,4017824637,1,"IOTHUB_CLIENT_CONFIRMATION_OK"
4995,4017824800,4017824842,1,"IOTHUB_CLIENT_CONFIRMATION_OK"
4996,4017825000,4017825036,1,"IOTHUB_CLIENT_CONFIRMATION_OK"
4997,4017825200,4017825246,1,"IOTHUB_CLIENT_CONFIRMATION_OK"
4998,4017825400,4017825464,1,"IOTHUB_CLIENT_CONFIRMATION_OK"
4999,4017825601,4017825813,1,"IOTHUB_CLIENT_CONFIRMATION_OK"
5000,4017825801,4017825843,1,"IOTHUB_CLIENT_CONFIRMATION_OK"
5001,4017826001,4017826034,1,"IOTHUB_CLIENT_CONFIRMATION_OK"
5002,4017826201,4017826250,1,"IOTHUB_CLIENT_CONFIRMATION_OK"
5003,4017826401,4017826436,1,"IOTHUB_CLIENT_CONFIRMATION_OK"
5004,4017826601,4017826636,1,"IOTHUB_CLIENT_CONFIRMATION_OK"
5005,4017826802,4017826855,1,"IOTHUB_CLIENT_CONFIRMATION_OK"
5006,4017827002,4017827055,1,"IOTHUB_CLIENT_CONFIRMATION_OK"
5007,4017827202,4017827373,1,"IOTHUB_CLIENT_CONFIRMATION_OK"
5008,4017827402,4017827498,1,"IOTHUB_CLIENT_CONFIRMATION_OK"
5009,4017827602,4017827635,1,"IOTHUB_CLIENT_CONFIRMATION_OK"
5010,4017827802,4017827888,1,"IOTHUB_CLIENT_CONFIRMATION_OK"
5011,4017828003,4017828089,1,"IOTHUB_CLIENT_CONFIRMATION_OK"
5012,4017828203,4017828240,1,"IOTHUB_CLIENT_CONFIRMATION_OK"
5013,4017828403,4017828497,1,"IOTHUB_CLIENT_CONFIRMATION_OK"
5014,4017828603,4017828639,1,"IOTHUB_CLIENT_CONFIRMATION_OK"
5015,4017828803,4017828861,1,"IOTHUB_CLIENT_CONFIRMATION_OK"
5016,4017829003,4017829042,1,"IOTHUB_CLIENT_CONFIRMATION_OK"
5017,4017829204,4017829268,1,"IOTHUB_CLIENT_CONFIRMATION_OK"
5018,4017829404,4017829547,1,"IOTHUB_CLIENT_CONFIRMATION_OK"
5019,4017829604,4017829668,1,"IOTHUB_CLIENT_CONFIRMATION_OK"
5020,4017829804,4017829846,1,"IOTHUB_CLIENT_CONFIRMATION_OK"
5021,4017830004,4017830119,1,"IOTHUB_CLIENT_CONFIRMATION_OK"
5022,4017830204,4017830248,1,"IOTHUB_CLIENT_CONFIRMATION_OK"
5023,4017830405,4017830444,1,"IOTHUB_CLIENT_CONFIRMATION_OK"
5024,4017830605,4017830653,1,"IOTHUB_CLIENT_CONFIRMATION_OK"
5025,4017830805,4017830850,1,"IOTHUB_CLIENT_CONFIRMATION_OK"
5026,4017831005,4017831129,1,"IOTHUB_CLIENT_CONFIRMATION_OK"
5027,4017831205,4017831252,1,"IOTHUB_CLIENT_CONFIRMATION_OK"
5028,4017831405,4017831450,1,"IOTHUB_CLIENT_CONFIRMATION_OK"
5029,4017831606,4017831647,1,"IOTHUB_CLIENT_CONFIRMATION_OK"
5030,4017831806,4017831852,1,"IOTHUB_CLIENT_CONFIRMATION_OK"
5031,4017832006,4017832053,1,"IOTHUB_CLIENT_CONFIRMATION_OK"
5032,4017832206,4017832241,1,"IOTHUB_CLIENT_CONFIRMATION_OK"
5033,4017832406,4017832583,1,"IOTHUB_CLIENT_CONFIRMATION_OK"
5034,4017832606,4017832641,1,"IOTHUB_CLIENT_CONFIRMATION_OK"
5035,4017832806,4017832837,1,"IOTHUB_CLIENT_CONFIRMATION_OK"
5036,4017833007,4017833048,1,"IOTHUB_CLIENT_CONFIRMATION_OK"
5037,4017833207,4017833247,1,"IOTHUB_CLIENT_CONFIRMATION_OK"
5038,4017833407,4017833459,1,"IOTHUB_CLIENT_CONFIRMATION_OK"
5039,4017833607,4017833665,1,"IOTHUB_CLIENT_CONFIRMATION_OK"
5040,4017833807,4017833853,1,"IOTHUB_CLIENT_CONFIRMATION_OK"
5041,4017834007,4017834080,1,"IOTHUB_CLIENT_CONFIRMATION_OK"
5042,4017834208,4017834252,1,"IOTHUB_CLIENT_CONFIRMATION_OK"
5043,4017834408,4017834460,1,"IOTHUB_CLIENT_CONFIRMATION_OK"
5044,4017834608,4017834649,1,"IOTHUB_CLIENT_CONFIRMATION_OK"
5045,4017834808,4017834851,1,"IOTHUB_CLIENT_CONFIRMATION_OK"
5046,4017835008,4017835053,1,"IOTHUB_CLIENT_CONFIRMATION_OK"
5047,4017835208,4017835260,1,"IOTHUB_CLIENT_CONFIRMATION_OK"
5048,4017835409,4017835464,1,"IOTHUB_CLIENT_CONFIRMATION_OK"
5049,4017835609,4017835651,1,"IOTHUB_CLIENT_CONFIRMATION_OK"
5050,4017835809,4017835850,1,"IOTHUB_CLIENT_CONFIRMATION_OK"
5051,4017836009,4017836072,1,"IOTHUB_CLIENT_CONFIRMATION_OK"
5052,4017836209,4017836246,1,"IOTHUB_CLIENT_CONFIRMATION_OK"
5053,4017836409,4017836484,1,"IOTHUB_CLIENT_CONFIRMATION_OK"
5054,4017836610,4017836720,1,"IOTHUB_CLIENT_CONFIRMATION_OK"
5055,4017836810,4017836904,1,"IOTHUB_CLIENT_CONFIRMATION_OK"
5056,4017837010,4017837102,1,"IOTHUB_CLIENT_CONFIRMATION_OK"
5057,4017837210,4017837272,1,"IOTHUB_CLIENT_CONFIRMATION_OK"
5058,4017837410,4017837448,1,"IOTHUB_CLIENT_CONFIRMATION_OK"
5059,4017837610,4017837652,1,"IOTHUB_CLIENT_CONFIRMATION_OK"
5060,4017837810,4017837860,1,"IOTHUB_CLIENT_CONFIRMATION_OK"
5061,4017838011,4017838130,1,"IOTHUB_CLIENT_CONFIRMATION_OK"
5062,4017838211,4017838255,1,"IOTHUB_CLIENT_CONFIRMATION_OK"
5063,4017838411,4017838451,1,"IOTHUB_CLIENT_CONFIRMATION_OK"
5064,4017838611,4017838742,1,"IOTHUB_CLIENT_CONFIRMATION_OK"
5065,4017838811,4017838862,1,"IOTHUB_CLIENT_CONFIRMATION_OK"
5066,4017839012,4017839056,1,"IOTHUB_CLIENT_CONFIRMATION_OK"
5067,4017839212,4017839249,1,"IOTHUB_CLIENT_CONFIRMATION_OK"
5068,4017839412,4017839450,1,"IOTHUB_CLIENT_CONFIRMATION_OK"
5069,4017839612,4017839650,1,"IOTHUB_CLIENT_CONFIRMATION_OK"
5070,4017839812,4017839862,1,"IOTHUB_CLIENT_CONFIRMATION_OK"
5071,4017840012,4017840046,1,"IOTHUB_CLIENT_CONFIRMATION_OK"
5072,4017840212,4017840378,1,"IOTHUB_CLIENT_CONFIRMATION_OK"
5073,4017840413,4017840451,1,"IOTHUB_CLIENT_CONFIRMATION_OK"
5074,4017840613,4017840658,1,"IOTHUB_CLIENT_CONFIRMATION_OK"
5075,4017840813,4017840866,1,"IOTHUB_CLIENT_CONFIRMATION_OK"
5076,4017841013,4017841049,1,"IOTHUB_CLIENT_CONFIRMATION_OK"
5077,4017841213,4017841252,1,"IOTHUB_CLIENT_CONFIRMATION_OK"
5078,4017841413,4017841468,1,"IOTHUB_CLIENT_CONFIRMATION_OK"
5079,4017841614,4017841648,1,"IOTHUB_CLIENT_CONFIRMATION_OK"
5080,4017841814,4017841850,1,"IOTHUB_CLIENT_CONFIRMATION_OK"
5081,4017842014,4017842058,1,"IOTHUB_CLIENT_CONFIRMATION_OK"
5082,4017842214,4017842259,1,"IOTHUB_CLIENT_CONFIRMATION_OK"
5083,4017842414,4017842452,1,"IOTHUB_CLIENT_CONFIRMATION_OK"
5084,4017842614,4017842660,1,"IOTHUB_CLIENT_CONFIRMATION_OK"
5085,4017842815,4017842870,1,"IOTHUB_CLIENT_CONFIRMATION_OK"
5086,4017843015,4017843063,1,"IOTHUB_CLIENT_CONFIRMATION_OK"
5087,4017843215,4017843253,1,"IOTHUB_CLIENT_CONFIRMATION_OK"
5088,4017843415,4017843452,1,"IOTHUB_CLIENT_CONFIRMATION_OK"
5089,4017843615,4017843655,1,"IOTHUB_CLIENT_CONFIRMATION_OK"
5090,4017843815,4017843865,1,"IOTHUB_CLIENT_CONFIRMATION_OK"
5091,4017844016,4017844110,1,"IOTHUB_CLIENT_CONFIRMATION_OK"
5092,4017844216,4017844269,1,"IOTHUB_CLIENT_CONFIRMATION_OK"
5093,4017844416,4017844456,1,"IOTHUB_CLIENT_CONFIRMATION_OK"
5094,4017844616,4017844696,1,"IOTHUB_CLIENT_CONFIRMATION_OK"
5095,4017844816,4017844858,1,"IOTHUB_CLIENT_CONFIRMATION_OK"
5096,4017845016,4017845057,1,"IOTHUB_CLIENT_CONFIRMATION_OK"
5097,4017845217,4017845268,1,"IOTHUB_CLIENT_CONFIRMATION_OK"
5098,4017845417,4017845459,1,"IOTHUB_CLIENT_CONFIRMATION_OK"
5099,4017845617,4017845696,1,"IOTHUB_CLIENT_CONFIRMATION_OK"
5100,4017845817,4017845853,1,"IOTHUB_CLIENT_CONFIRMATION_OK"
5101,4017846017,4017846086,1,"IOTHUB_CLIENT_CONFIRMATION_OK"
5102,4017846217,4017846387,1,"IOTHUB_CLIENT_CONFIRMATION_OK"
5103,4017846418,4017846457,1,"IOTHUB_CLIENT_CONFIRMATION_OK"
5104,4017846618,4017846661,1,"IOTHUB_CLIENT_CONFIRMATION_OK"
5105,4017846818,4017846850,1,"IOTHUB_CLIENT_CONFIRMATION_OK"
5106,4017847018,4017847053,1,"IOTHUB_CLIENT_CONFIRMATION_OK"
5107,4017847218,4017847334,1,"IOTHUB_CLIENT_CONFIRMATION_OK"
5108,4017847418,4017847465,1,"IOTHUB_CLIENT_CONFIRMATION_OK"
5109,4017847619,4017847660,1,"IOTHUB_CLIENT_CONFIRMATION_OK"
5110,4017847819,4017847897,1,"IOTHUB_CLIENT_CONFIRMATION_OK"
5111,4017848019,4017848061,1,"IOTHUB_CLIENT_CONFIRMATION_OK"
5112,4017848219,4017848252,1,"IOTHUB_CLIENT_CONFIRMATION_OK"
5113,4017848419,4017848457,1,"IOTHUB_CLIENT_CONFIRMATION_OK"
5114,4017848619,4017848675,1,"IOTHUB_CLIENT_CONFIRMATION_OK"
5115,4017848820,4017848978,1,"IOTHUB_CLIENT_CONFIRMATION_OK"
5116,4017849020,4017849052,1,"IOTHUB_CLIENT_CONFIRMATION_OK"
5117,4017849220,4017849285,1,"IOTHUB_CLIENT_CONFIRMATION_OK"
5118,4017849420,4017849456,1,"IOTHUB_CLIENT_CONFIRMATION_OK"
5119,4017849620,4017849670,1,"IOTHUB_CLIENT_CONFIRMATION_OK"
5120,4017849820,4017849852,1,"IOTHUB_CLIENT_CONFIRMATION_OK"
5121,4017850020,4017850063,1,"IOTHUB_CLIENT_CONFIRMATION_OK"
5122,4017850221,4017850328,1,"IOTHUB_CLIENT_CONFIRMATION_OK"
5123,4017850421,4017850623,1,"IOTHUB_CLIENT_CONFIRMATION_OK"
5124,4017850621,4017850660,1,"IOTHUB_CLIENT_CONFIRMATION_OK"
5125,4017850821,4017850864,1,"IOTHUB_CLIENT_CONFIRMATION_OK"
5126,4017851021,4017851058,1,"IOTHUB_CLIENT_CONFIRMATION_OK"
5127,4017851221,4017851259,1,"IOTHUB_CLIENT_CONFIRMATION_OK"
5128,4017851422,4017851460,1,"IOTHUB_CLIENT_CONFIRMATION_OK"
5129,4017851622,4017851672,1,"IOTHUB_CLIENT_CONFIRMATION_OK"
5130,4017851822,4017851857,1,"IOTHUB_CLIENT_CONFIRMATION_OK"
5131,4017852022,4017852057,1,"IOTHUB_CLIENT_CONFIRMATION_OK"
5132,4017852222,4017852285,1,"IOTHUB_CLIENT_CONFIRMATION_OK"
5133,4017852422,4017852541,1,"IOTHUB_CLIENT_CONFIRMATION_OK"
5134,4017852623,4017852734,1,"IOTHUB_CLIENT_CONFIRMATION_OK"
5135,4017852823,4017852859,1,"IOTHUB_CLIENT_CONFIRMATION_OK"
5136,4017853023,4017853101,1,"IOTHUB_CLIENT_CONFIRMATION_OK"
5137,4017853223,4017853351,1,"IOTHUB_CLIENT_CONFIRMATION_OK"
5138,4017853423,4017853467,1,"IOTHUB_CLIENT_CONFIRMATION_OK"
5139,4017853623,4017853668,1,"IOTHUB_CLIENT_CONFIRMATION_OK"
5140,4017853824,4017853862,1,"IOTHUB_CLIENT_CONFIRMATION_OK"
5141,4017854024,4017854064,1,"IOTHUB_CLIENT_CONFIRMATION_OK"
5142,4017854224,4017854361,1,"IOTHUB_CLIENT_CONFIRMATION_OK"
5143,4017854424,4017854459,1,"IOTHUB_CLIENT_CONFIRMATION_OK"
5144,4017854624,4017854708,1,"IOTHUB_CLIENT_CONFIRMATION_OK"
5145,4017854824,4017854968,1,"IOTHUB_CLIENT_CONFIRMATION_OK"
5146,4017855025,4017855063,1,"IOTHUB_CLIENT_CONFIRMATION_OK"
5147,4017855225,4017855325,1,"IOTHUB_CLIENT_CONFIRMATION_OK"
5148,4017855425,4017855468,1,"IOTHUB_CLIENT_CONFIRMATION_OK"
5149,4017855625,4017855668,1,"IOTHUB_CLIENT_CONFIRMATION_OK"
5150,4017855825,4017855860,1,"IOTHUB_CLIENT_CONFIRMATION_OK"
5151,4017856025,4017856058,1,"IOTHUB_CLIENT_CONFIRMATION_OK"
5152,4017856226,4017856272,1,"IOTHUB_CLIENT_CONFIRMATION_OK"
5153,4017856426,4017856603,1,"IOTHUB_CLIENT_CONFIRMATION_OK"
5154,4017856626,4017856661,1,"IOTHUB_CLIENT_CONFIRMATION_OK"
5155,4017856826,4017856908,1,"IOTHUB_CLIENT_CONFIRMATION_OK"
5156,4017857026,4017857118,1,"IOTHUB_CLIENT_CONFIRMATION_OK"
5157,4017857226,4017857268,1,"IOTHUB_CLIENT_CONFIRMATION_OK"
5158,4017857427,4017857500,1,"IOTHUB_CLIENT_CONFIRMATION_OK"
5159,4017857627,4017857659,1,"IOTHUB_CLIENT_CONFIRMATION_OK"
5160,4017857827,4017857871,1,"IOTHUB_CLIENT_CONFIRMATION_OK"
5161,4017858027,4017858224,1,"IOTHUB_CLIENT_CONFIRMATION_OK"
5162,4017858227,4017858551,1,"IOTHUB_CLIENT_CONFIRMATION_OK"
5163,4017858427,4017858641,1,"IOTHUB_CLIENT_CONFIRMATION_OK"
5164,4017858628,4017858846,1,"IOTHUB_CLIENT_CONFIRMATION_OK"
5165,4017858828,4017858870,1,"IOTHUB_CLIENT_CONFIRMATION_OK"
5166,4017859028,4017859071,1,"IOTHUB_CLIENT_CONFIRMATION_OK"
5167,4017859228,4017859266,1,"IOTHUB_CLIENT_CONFIRMATION_OK"
5168,4017859428,4017859462,1,"IOTHUB_CLIENT_CONFIRMATION_OK"
5169,4017859628,4017859825,1,"IOTHUB_CLIENT_CONFIRMATION_OK"
5170,4017859828,4017859867,1,"IOTHUB_CLIENT_CONFIRMATION_OK"
5171,4017860029,4017860078,1,"IOTHUB_CLIENT_CONFIRMATION_OK"
5172,4017860229,4017860270,1,"IOTHUB_CLIENT_CONFIRMATION_OK"
5173,4017860429,4017860480,1,"IOTHUB_CLIENT_CONFIRMATION_OK"
5174,4017860629,4017860662,1,"IOTHUB_CLIENT_CONFIRMATION_OK"
5175,4017860829,4017860885,1,"IOTHUB_CLIENT_CONFIRMATION_OK"
5176,4017861029,4017861086,1,"IOTHUB_CLIENT_CONFIRMATION_OK"
5177,4017861230,4017861290,1,"IOTHUB_CLIENT_CONFIRMATION_OK"
5178,4017861430,4017861488,1,"IOTHUB_CLIENT_CONFIRMATION_OK"
5179,4017861630,4017861671,1,"IOTHUB_CLIENT_CONFIRMATION_OK"
5180,4017861830,4017861864,1,"IOTHUB_CLIENT_CONFIRMATION_OK"
5181,4017862030,4017862061,1,"IOTHUB_CLIENT_CONFIRMATION_OK"
5182,4017862230,4017862292,1,"IOTHUB_CLIENT_CONFIRMATION_OK"
5183,4017862431,4017862517,1,"IOTHUB_CLIENT_CONFIRMATION_OK"
5184,4017862631,4017862673,1,"IOTHUB_CLIENT_CONFIRMATION_OK"
5185,4017862831,4017862867,1,"IOTHUB_CLIENT_CONFIRMATION_OK"
5186,4017863031,4017863092,1,"IOTHUB_CLIENT_CONFIRMATION_OK"
5187,4017863231,4017863262,1,"IOTHUB_CLIENT_CONFIRMATION_OK"
5188,4017863431,4017863539,1,"IOTHUB_CLIENT_CONFIRMATION_OK"
5189,4017863632,4017863688,1,"IOTHUB_CLIENT_CONFIRMATION_OK"
5190,4017863832,4017863899,1,"IOTHUB_CLIENT_CONFIRMATION_OK"
5191,4017864032,4017864181,1,"IOTHUB_CLIENT_CONFIRMATION_OK"
5192,4017864232,4017864266,1,"IOTHUB_CLIENT_CONFIRMATION_OK"
5193,4017864432,4017864470,1,"IOTHUB_CLIENT_CONFIRMATION_OK"
5194,4017864632,4017864670,1,"IOTHUB_CLIENT_CONFIRMATION_OK"
5195,4017864833,4017864876,1,"IOTHUB_CLIENT_CONFIRMATION_OK"
5196,4017865033,4017865156,1,"IOTHUB_CLIENT_CONFIRMATION_OK"
5197,4017865233,4017865284,1,"IOTHUB_CLIENT_CONFIRMATION_OK"
5198,4017865433,4017865469,1,"IOTHUB_CLIENT_CONFIRMATION_OK"
5199,4017865633,4017865787,1,"IOTHUB_CLIENT_CONFIRMATION_OK"
5200,4017865833,4017865877,1,"IOTHUB_CLIENT_CONFIRMATION_OK"
5201,4017866034,4017866088,1,"IOTHUB_CLIENT_CONFIRMATION_OK"
5202,4017866234,4017866267,1,"IOTHUB_CLIENT_CONFIRMATION_OK"
5203,4017866434,4017866480,1,"IOTHUB_CLIENT_CONFIRMATION_OK"
5204,4017866634,4017866668,1,"IOTHUB_CLIENT_CONFIRMATION_OK"
5205,4017866834,4017866894,1,"IOTHUB_CLIENT_CONFIRMATION_OK"
5206,4017867034,4017867065,1,"IOTHUB_CLIENT_CONFIRMATION_OK"
5207,4017867234,4017867403,1,"IOTHUB_CLIENT_CONFIRMATION_OK"
5208,4017867435,4017867471,1,"IOTHUB_CLIENT_CONFIRMATION_OK"
5209,4017867635,4017867674,1,"IOTHUB_CLIENT_CONFIRMATION_OK"
5210,4017867835,4017867916,1,"IOTHUB_CLIENT_CONFIRMATION_OK"
5211,4017868035,4017868079,1,"IOTHUB_CLIENT_CONFIRMATION_OK"
5212,4017868235,4017868273,1,"IOTHUB_CLIENT_CONFIRMATION_OK"
5213,4017868435,4017868483,1,"IOTHUB_CLIENT_CONFIRMATION_OK"
5214,4017868636,4017868675,1,"IOTHUB_CLIENT_CONFIRMATION_OK"
5215,4017868836,4017868874,1,"IOTHUB_CLIENT_CONFIRMATION_OK"
5216,4017869036,4017869075,1,"IOTHUB_CLIENT_CONFIRMATION_OK"
5217,4017869236,4017869280,1,"IOTHUB_CLIENT_CONFIRMATION_OK"
5218,4017869436,4017869478,1,"IOTHUB_CLIENT_CONFIRMATION_OK"
5219,4017869637,4017869673,1,"IOTHUB_CLIENT_CONFIRMATION_OK"
5220,4017869837,4017869888,1,"IOTHUB_CLIENT_CONFIRMATION_OK"
5221,4017870037,4017870111,1,"IOTHUB_CLIENT_CONFIRMATION_OK"
5222,4017870237,4017870276,1,"IOTHUB_CLIENT_CONFIRMATION_OK"
5223,4017870437,4017870541,1,"IOTHUB_CLIENT_CONFIRMATION_OK"
5224,4017870637,4017870675,1,"IOTHUB_CLIENT_CONFIRMATION_OK"
5225,4017870838,4017870868,1,"IOTHUB_CLIENT_CONFIRMATION_OK"
5226,4017871038,4017871187,1,"IOTHUB_CLIENT_CONFIRMATION_OK"
5227,4017871238,4017871271,1,"IOTHUB_CLIENT_CONFIRMATION_OK"
5228,4017871438,4017871485,1,"IOTHUB_CLIENT_CONFIRMATION_OK"
5229,4017871638,4017871784,1,"IOTHUB_CLIENT_CONFIRMATION_OK"
5230,4017871838,4017871880,1,"IOTHUB_CLIENT_CONFIRMATION_OK"
5231,4017872039,4017872079,1,"IOTHUB_CLIENT_CONFIRMATION_OK"
5232,4017872239,4017872268,1,"IOTHUB_CLIENT_CONFIRMATION_OK"
5233,4017872439,4017872470,1,"IOTHUB_CLIENT_CONFIRMATION_OK"
5234,4017872639,4017872691,1,"IOTHUB_CLIENT_CONFIRMATION_OK"
5235,4017872839,4017872873,1,"IOTHUB_CLIENT_CONFIRMATION_OK"
5236,4017873039,4017873077,1,"IOTHUB_CLIENT_CONFIRMATION_OK"
5237,4017873240,4017873285,1,"IOTHUB_CLIENT_CONFIRMATION_OK"
5238,4017873440,4017873473,1,"IOTHUB_CLIENT_CONFIRMATION_OK"
5239,4017873640,4017873672,1,"IOTHUB_CLIENT_CONFIRMATION_OK"
5240,4017873840,4017873873,1,"IOTHUB_CLIENT_CONFIRMATION_OK"
5241,4017874040,4017874077,1,"IOTHUB_CLIENT_CONFIRMATION_OK"
5242,4017874240,4017874301,1,"IOTHUB_CLIENT_CONFIRMATION_OK"
5243,4017874441,4017874493,1,"IOTHUB_CLIENT_CONFIRMATION_OK"
5244,4017874641,4017874703,1,"IOTHUB_CLIENT_CONFIRMATION_OK"
5245,4017874841,4017874906,1,"IOTHUB_CLIENT_CONFIRMATION_OK"
5246,4017875041,4017875095,1,"IOTHUB_CLIENT_CONFIRMATION_OK"
5247,4017875241,4017875283,1,"IOTHUB_CLIENT_CONFIRMATION_OK"
5248,4017875441,4017875551,1,"IOTHUB_CLIENT_CONFIRMATION_OK"
5249,4017875642,4017875688,1,"IOTHUB_CLIENT_CONFIRMATION_OK"
5250,4017875842,4017875884,1,"IOTHUB_CLIENT_CONFIRMATION_OK"
5251,4017876042,4017876081,1,"IOTHUB_CLIENT_CONFIRMATION_OK"
5252,4017876242,4017876272,1,"IOTHUB_CLIENT_CONFIRMATION_OK"
5253,4017876442,4017876557,1,"IOTHUB_CLIENT_CONFIRMATION_OK"
5254,4017876642,4017876686,1,"IOTHUB_CLIENT_CONFIRMATION_OK"
5255,4017876843,4017876882,1,"IOTHUB_CLIENT_CONFIRMATION_OK"
5256,4017877043,4017877091,1,"IOTHUB_CLIENT_CONFIRMATION_OK"
5257,4017877243,4017877281,1,"IOTHUB_CLIENT_CONFIRMATION_OK"
5258,4017877443,4017877473,1,"IOTHUB_CLIENT_CONFIRMATION_OK"
5259,4017877643,4017877691,1,"IOTHUB_CLIENT_CONFIRMATION_OK"
5260,4017877843,4017877875,1,"IOTHUB_CLIENT_CONFIRMATION_OK"
5261,4017878044,4017878183,1,"IOTHUB_CLIENT_CONFIRMATION_OK"
5262,4017878244,4017878275,1,"IOTHUB_CLIENT_CONFIRMATION_OK"
5263,4017878444,4017878501,1,"IOTHUB_CLIENT_CONFIRMATION_OK"
5264,4017878644,4017878697,1,"IOTHUB_CLIENT_CONFIRMATION_OK"
5265,4017878844,4017878877,1,"IOTHUB_CLIENT_CONFIRMATION_OK"
5266,4017879044,4017879077,1,"IOTHUB_CLIENT_CONFIRMATION_OK"
5267,4017879245,4017879293,1,"IOTHUB_CLIENT_CONFIRMATION_OK"
5268,4017879445,4017879480,1,"IOTHUB_CLIENT_CONFIRMATION_OK"
5269,4017879645,4017879688,1,"IOTHUB_CLIENT_CONFIRMATION_OK"
5270,4017879845,4017879891,1,"IOTHUB_CLIENT_CONFIRMATION_OK"
5271,4017880045,4017880087,1,"IOTHUB_CLIENT_CONFIRMATION_OK"
5272,4017880246,4017880307,1,"IOTHUB_CLIENT_CONFIRMATION_OK"
5273,4017880446,4017880525,1,"IOTHUB_CLIENT_CONFIRMATION_OK"
5274,4017880646,4017880686,1,"IOTHUB_CLIENT_CONFIRMATION_OK"
5275,4017880846,4017880929,1,"IOTHUB_CLIENT_CONFIRMATION_OK"
5276,4017881046,4017881094,1,"IOTHUB_CLIENT_CONFIRMATION_OK"
5277,4017881246,4017881276,1,"IOTHUB_CLIENT_CONFIRMATION_OK"
5278,4017881446,4017881480,1,"IOTHUB_CLIENT_CONFIRMATION_OK"
5279,4017881647,4017881694,1,"IOTHUB_CLIENT_CONFIRMATION_OK"
5280,4017881847,4017881939,1,"IOTHUB_CLIENT_CONFIRMATION_OK"
5281,4017882047,4017882088,1,"IOTHUB_CLIENT_CONFIRMATION_OK"
5282,4017882247,4017882315,1,"IOTHUB_CLIENT_CONFIRMATION_OK"
5283,4017882447,4017882557,1,"IOTHUB_CLIENT_CONFIRMATION_OK"
5284,4017882647,4017882683,1,"IOTHUB_CLIENT_CONFIRMATION_OK"
5285,4017882847,4017882918,1,"IOTHUB_CLIENT_CONFIRMATION_OK"
5286,4017883048,4017883084,1,"IOTHUB_CLIENT_CONFIRMATION_OK"
5287,4017883248,4017883306,1,"IOTHUB_CLIENT_CONFIRMATION_OK"
5288,4017883448,4017883559,1,"IOTHUB_CLIENT_CONFIRMATION_OK"
5289,4017883648,4017883685,1,"IOTHUB_CLIENT_CONFIRMATION_OK"
5290,4017883848,4017883879,1,"IOTHUB_CLIENT_CONFIRMATION_OK"
5291,4017884048,4017884180,1,"IOTHUB_CLIENT_CONFIRMATION_OK"
5292,4017884249,4017884293,1,"IOTHUB_CLIENT_CONFIRMATION_OK"
5293,4017884449,4017884493,1,"IOTHUB_CLIENT_CONFIRMATION_OK"
5294,4017884649,4017884700,1,"IOTHUB_CLIENT_CONFIRMATION_OK"
5295,4017884849,4017884881,1,"IOTHUB_CLIENT_CONFIRMATION_OK"
5296,4017885049,4017885181,1,"IOTHUB_CLIENT_CONFIRMATION_OK"
5297,4017885249,4017885311,1,"IOTHUB_CLIENT_CONFIRMATION_OK"
5298,4017885450,4017885485,1,"IOTHUB_CLIENT_CONFIRMATION_OK"
5299,4017885650,4017885805,1,"IOTHUB_CLIENT_CONFIRMATION_OK"
5300,4017885850,4017885882,1,"IOTHUB_CLIENT_CONFIRMATION_OK"
5301,4017886050,4017886143,1,"IOTHUB_CLIENT_CONFIRMATION_OK"
5302,4017886250,4017886287,1,"IOTHUB_CLIENT_CONFIRMATION_OK"
5303,4017886450,4017886481,1,"IOTHUB_CLIENT_CONFIRMATION_OK"
5304,4017886651,4017886686,1,"IOTHUB_CLIENT_CONFIRMATION_OK"
5305,4017886851,4017886892,1,"IOTHUB_CLIENT_CONFIRMATION_OK"
5306,4017887051,4017887081,1,"IOTHUB_CLIENT_CONFIRMATION_OK"
5307,4017887251,4017887443,1,"IOTHUB_CLIENT_CONFIRMATION_OK"
5308,4017887451,4017887489,1,"IOTHUB_CLIENT_CONFIRMATION_OK"
5309,4017887651,4017887696,1,"IOTHUB_CLIENT_CONFIRMATION_OK"
5310,4017887852,4017887887,1,"IOTHUB_CLIENT_CONFIRMATION_OK"
5311,4017888052,4017888101,1,"IOTHUB_CLIENT_CONFIRMATION_OK"
5312,4017888252,4017888298,1,"IOTHUB_CLIENT_CONFIRMATION_OK"
5313,4017888452,4017888486,1,"IOTHUB_CLIENT_CONFIRMATION_OK"
5314,4017888652,4017888700,1,"IOTHUB_CLIENT_CONFIRMATION_OK"
5315,4017888852,4017889068,1,"IOTHUB_CLIENT_CONFIRMATION_OK"
5316,4017889052,4017889093,1,"IOTHUB_CLIENT_CONFIRMATION_OK"
5317,4017889253,4017889284,1,"IOTHUB_CLIENT_CONFIRMATION_OK"
5318,4017889453,4017889486,1,"IOTHUB_CLIENT_CONFIRMATION_OK"
5319,4017889653,4017889700,1,"IOTHUB_CLIENT_CONFIRMATION_OK"
5320,4017889853,4017889908,1,"IOTHUB_CLIENT_CONFIRMATION_OK"
5321,4017890053,4017890108,1,"IOTHUB_CLIENT_CONFIRMATION_OK"
5322,4017890253,4017890291,1,"IOTHUB_CLIENT_CONFIRMATION_OK"
5323,4017890454,4017890668,1,"IOTHUB_CLIENT_CONFIRMATION_OK"
5324,4017890654,4017890700,1,"IOTHUB_CLIENT_CONFIRMATION_OK"
5325,4017890854,4017890933,1,"IOTHUB_CLIENT_CONFIRMATION_OK"
5326,4017891054,4017891126,1,"IOTHUB_CLIENT_CONFIRMATION_OK"
5327,4017891254,4017891286,1,"IOTHUB_CLIENT_CONFIRMATION_OK"
5328,4017891454,4017891508,1,"IOTHUB_CLIENT_CONFIRMATION_OK"
5329,4017891655,4017891737,1,"IOTHUB_CLIENT_CONFIRMATION_OK"
5330,4017891855,4017891886,1,"IOTHUB_CLIENT_CONFIRMATION_OK"
5331,4017892055,4017892128,1,"IOTHUB_CLIENT_CONFIRMATION_OK"
5332,4017892255,4017892316,1,"IOTHUB_CLIENT_CONFIRMATION_OK"
5333,4017892455,4017892504,1,"IOTHUB_CLIENT_CONFIRMATION_OK"
5334,4017892655,4017892782,1,"IOTHUB_CLIENT_CONFIRMATION_OK"
5335,4017892856,4017892886,1,"IOTHUB_CLIENT_CONFIRMATION_OK"
5336,4017893056,4017893100,1,"IOTHUB_CLIENT_CONFIRMATION_OK"
5337,4017893256,4017893307,1,"IOTHUB_CLIENT_CONFIRMATION_OK"
5338,4017893456,4017893489,1,"IOTHUB_CLIENT_CONFIRMATION_OK"
5339,4017893656,4017893691,1,"IOTHUB_CLIENT_CONFIRMATION_OK"
5340,4017893856,4017893898,1,"IOTHUB_CLIENT_CONFIRMATION_OK"
5341,4017894056,4017894092,1,"IOTHUB_CLIENT_CONFIRMATION_OK"
5342,4017894257,4017894399,1,"IOTHUB_CLIENT_CONFIRMATION_OK"
5343,4017894457,4017894491,1,"IOTHUB_CLIENT_CONFIRMATION_OK"
5344,4017894657,4017894698,1,"IOTHUB_CLIENT_CONFIRMATION_OK"
5345,4017894857,4017894904,1,"IOTHUB_CLIENT_CONFIRMATION_OK"
5346,4017895057,4017895107,1,"IOTHUB_CLIENT_CONFIRMATION_OK"
5347,4017895257,4017895303,1,"IOTHUB_CLIENT_CONFIRMATION_OK"
5348,4017895458,4017895510,1,"IOTHUB_CLIENT_CONFIRMATION_OK"
5349,4017895658,4017895693,1,"IOTHUB_CLIENT_CONFIRMATION_OK"
5350,4017895858,4017896017,1,"IOTHUB_CLIENT_CONFIRMATION_OK"
5351,4017896058,4017896095,1,"IOTHUB_CLIENT_CONFIRMATION_OK"
5352,4017896258,4017896292,1,"IOTHUB_CLIENT_CONFIRMATION_OK"
5353,4017896458,4017896513,1,"IOTHUB_CLIENT_CONFIRMATION_OK"
5354,4017896659,4017896691,1,"IOTHUB_CLIENT_CONFIRMATION_OK"
5355,4017896859,4017896893,1,"IOTHUB_CLIENT_CONFIRMATION_OK"
5356,4017897059,4017897151,1,"IOTHUB_CLIENT_CONFIRMATION_OK"
5357,4017897259,4017897296,1,"IOTHUB_CLIENT_CONFIRMATION_OK"
5358,4017897459,4017897490,1,"IOTHUB_CLIENT_CONFIRMATION_OK"
5359,4017897659,4017897703,1,"IOTHUB_CLIENT_CONFIRMATION_OK"
5360,4017897860,4017897895,1,"IOTHUB_CLIENT_CONFIRMATION_OK"
5361,4017898060,4017898118,1,"IOTHUB_CLIENT_CONFIRMATION_OK"
5362,4017898260,4017898299,1,"IOTHUB_CLIENT_CONFIRMATION_OK"
5363,4017898460,4017898493,1,"IOTHUB_CLIENT_CONFIRMATION_OK"
5364,4017898660,4017898697,1,"IOTHUB_CLIENT_CONFIRMATION_OK"
5365,4017898860,4017898915,1,"IOTHUB_CLIENT_CONFIRMATION_OK"
5366,4017899061,4017899090,1,"IOTHUB_CLIENT_CONFIRMATION_OK"
5367,4017899261,4017899324,1,"IOTHUB_CLIENT_CONFIRMATION_OK"
5368,4017899461,4017899541,1,"IOTHUB_CLIENT_CONFIRMATION_OK"
5369,4017899661,4017899701,1,"IOTHUB_CLIENT_CONFIRMATION_OK"
5370,4017899861,4017899895,1,"IOTHUB_CLIENT_CONFIRMATION_OK"
5371,4017900061,4017900098,1,"IOTHUB_CLIENT_CONFIRMATION_OK"
5372,4017900262,4017900311,1,"IOTHUB_CLIENT_CONFIRMATION_OK"
5373,4017900462,4017900500,1,"IOTHUB_CLIENT_CONFIRMATION_OK"
5374,4017900662,4017900714,1,"IOTHUB_CLIENT_CONFIRMATION_OK"
5375,4017900862,4017900993,1,"IOTHUB_CLIENT_CONFIRMATION_OK"
5376,4017901062,4017901099,1,"IOTHUB_CLIENT_CONFIRMATION_OK"
5377,4017901262,4017901332,1,"IOTHUB_CLIENT_CONFIRMATION_OK"
5378,4017901463,4017901521,1,"IOTHUB_CLIENT_CONFIRMATION_OK"
5379,4017901663,4017901694,1,"IOTHUB_CLIENT_CONFIRMATION_OK"
5380,4017901863,4017901972,1,"IOTHUB_CLIENT_CONFIRMATION_OK"
5381,4017902063,4017902100,1,"IOTHUB_CLIENT_CONFIRMATION_OK"
5382,4017902263,4017902309,1,"IOTHUB_CLIENT_CONFIRMATION_OK"
5383,4017902463,4017902575,1,"IOTHUB_CLIENT_CONFIRMATION_OK"
5384,4017902663,4017902708,1,"IOTHUB_CLIENT_CONFIRMATION_OK"
5385,4017902864,4017902902,1,"IOTHUB_CLIENT_CONFIRMATION_OK"
5386,4017903064,4017903110,1,"IOTHUB_CLIENT_CONFIRMATION_OK"
5387,4017903264,4017903457,1,"IOTHUB_CLIENT_CONFIRMATION_OK"
5388,4017903464,4017903592,1,"IOTHUB_CLIENT_CONFIRMATION_OK"
5389,4017903664,4017903700,1,"IOTHUB_CLIENT_CONFIRMATION_OK"
5390,4017903864,4017903931,1,"IOTHUB_CLIENT_CONFIRMATION_OK"
5391,4017904065,4017904099,1,"IOTHUB_CLIENT_CONFIRMATION_OK"
5392,4017904265,4017904296,1,"IOTHUB_CLIENT_CONFIRMATION_OK"
5393,4017904465,4017904499,1,"IOTHUB_CLIENT_CONFIRMATION_OK"
5394,4017904665,4017904713,1,"IOTHUB_CLIENT_CONFIRMATION_OK"
5395,4017904865,4017904896,1,"IOTHUB_CLIENT_CONFIRMATION_OK"
5396,4017905065,4017905228,1,"IOTHUB_CLIENT_CONFIRMATION_OK"
5397,4017905266,4017905315,1,"IOTHUB_CLIENT_CONFIRMATION_OK"
5398,4017905466,4017905498,1,"IOTHUB_CLIENT_CONFIRMATION_OK"
5399,4017905666,4017905710,1,"IOTHUB_CLIENT_CONFIRMATION_OK"
5400,4017905866,4017905905,1,"IOTHUB_CLIENT_CONFIRMATION_OK"
5401,4017906066,4017906109,1,"IOTHUB_CLIENT_CONFIRMATION_OK"
5402,4017906266,4017906299,1,"IOTHUB_CLIENT_CONFIRMATION_OK"
5403,4017906467,4017906499,1,"IOTHUB_CLIENT_CONFIRMATION_OK"
5404,4017906667,4017906826,1,"IOTHUB_CLIENT_CONFIRMATION_OK"
5405,4017906867,4017906897,1,"IOTHUB_CLIENT_CONFIRMATION_OK"
5406,4017907067,4017907177,1,"IOTHUB_CLIENT_CONFIRMATION_OK"
5407,4017907267,4017907299,1,"IOTHUB_CLIENT_CONFIRMATION_OK"
5408,4017907467,4017907525,1,"IOTHUB_CLIENT_CONFIRMATION_OK"
5409,4017907668,4017907715,1,"IOTHUB_CLIENT_CONFIRMATION_OK"
5410,4017907868,4017907982,1,"IOTHUB_CLIENT_CONFIRMATION_OK"
5411,4017908068,4017908101,1,"IOTHUB_CLIENT_CONFIRMATION_OK"
5412,4017908268,4017908301,1,"IOTHUB_CLIENT_CONFIRMATION_OK"
5413,4017908468,4017908506,1,"IOTHUB_CLIENT_CONFIRMATION_OK"
5414,4017908668,4017908716,1,"IOTHUB_CLIENT_CONFIRMATION_OK"
5415,4017908869,4017908902,1,"IOTHUB_CLIENT_CONFIRMATION_OK"
5416,4017909069,4017909116,1,"IOTHUB_CLIENT_CONFIRMATION_OK"
5417,4017909269,4017909305,1,"IOTHUB_CLIENT_CONFIRMATION_OK"
5418,4017909469,4017909506,1,"IOTHUB_CLIENT_CONFIRMATION_OK"
5419,4017909669,4017909701,1,"IOTHUB_CLIENT_CONFIRMATION_OK"
5420,4017909869,4017909915,1,"IOTHUB_CLIENT_CONFIRMATION_OK"
5421,4017910070,4017910119,1,"IOTHUB_CLIENT_CONFIRMATION_OK"
5422,4017910270,4017910311,1,"IOTHUB_CLIENT_CONFIRMATION_OK"
5423,4017910470,4017910511,1,"IOTHUB_CLIENT_CONFIRMATION_OK"
5424,4017910670,4017910721,1,"IOTHUB_CLIENT_CONFIRMATION_OK"
5425,4017910870,4017910902,1,"IOTHUB_CLIENT_CONFIRMATION_OK"
5426,4017911070,4017911145,1,"IOTHUB_CLIENT_CONFIRMATION_OK"
5427,4017911270,4017911300,1,"IOTHUB_CLIENT_CONFIRMATION_OK"
5428,4017911471,4017911531,1,"IOTHUB_CLIENT_CONFIRMATION_OK"
5429,4017911671,4017911751,1,"IOTHUB_CLIENT_CONFIRMATION_OK"
5430,4017911871,4017911908,1,"IOTHUB_CLIENT_CONFIRMATION_OK"
5431,4017912071,4017912101,1,"IOTHUB_CLIENT_CONFIRMATION_OK"
5432,4017912271,4017912306,1,"IOTHUB_CLIENT_CONFIRMATION_OK"
5433,4017912471,4017912506,1,"IOTHUB_CLIENT_CONFIRMATION_OK"
5434,4017912672,4017912796,1,"IOTHUB_CLIENT_CONFIRMATION_OK"
5435,4017912872,4017912905,1,"IOTHUB_CLIENT_CONFIRMATION_OK"
5436,4017913072,4017913123,1,"IOTHUB_CLIENT_CONFIRMATION_OK"
5437,4017913272,4017913422,1,"IOTHUB_CLIENT_CONFIRMATION_OK"
5438,4017913472,4017913510,1,"IOTHUB_CLIENT_CONFIRMATION_OK"
5439,4017913672,4017913713,1,"IOTHUB_CLIENT_CONFIRMATION_OK"
5440,4017913873,4017913905,1,"IOTHUB_CLIENT_CONFIRMATION_OK"
5441,4017914073,4017914159,1,"IOTHUB_CLIENT_CONFIRMATION_OK"
5442,4017914273,4017914412,1,"IOTHUB_CLIENT_CONFIRMATION_OK"
5443,4017914473,4017914502,1,"IOTHUB_CLIENT_CONFIRMATION_OK"
5444,4017914673,4017914711,1,"IOTHUB_CLIENT_CONFIRMATION_OK"
5445,4017914873,4017914923,1,"IOTHUB_CLIENT_CONFIRMATION_OK"
5446,4017915074,4017915111,1,"IOTHUB_CLIENT_CONFIRMATION_OK"
5447,4017915274,4017915308,1,"IOTHUB_CLIENT_CONFIRMATION_OK"
5448,4017915474,4017915506,1,"IOTHUB_CLIENT_CONFIRMATION_OK"
5449,4017915674,4017915714,1,"IOTHUB_CLIENT_CONFIRMATION_OK"
5450,4017915874,4017916048,1,"IOTHUB_CLIENT_CONFIRMATION_OK"
5451,4017916074,4017916133,1,"IOTHUB_CLIENT_CONFIRMATION_OK"
5452,4017916275,4017916309,1,"IOTHUB_CLIENT_CONFIRMATION_OK"
5453,4017916475,4017916507,1,"IOTHUB_CLIENT_CONFIRMATION_OK"
5454,4017916675,4017916707,1,"IOTHUB_CLIENT_CONFIRMATION_OK"
5455,4017916875,4017916930,1,"IOTHUB_CLIENT_CONFIRMATION_OK"
5456,4017917075,4017917129,1,"IOTHUB_CLIENT_CONFIRMATION_OK"
5457,4017917275,4017917319,1,"IOTHUB_CLIENT_CONFIRMATION_OK"
5458,4017917476,4017917505,1,"IOTHUB_CLIENT_CONFIRMATION_OK"
5459,4017917676,4017917715,1,"IOTHUB_CLIENT_CONFIRMATION_OK"
5460,4017917876,4017917942,1,"IOTHUB_CLIENT_CONFIRMATION_OK"
5461,4017918076,4017918114,1,"IOTHUB_CLIENT_CONFIRMATION_OK"
5462,4017918276,4017918322,1,"IOTHUB_CLIENT_CONFIRMATION_OK"
5463,4017918476,4017918507,1,"IOTHUB_CLIENT_CONFIRMATION_OK"
5464,4017918676,4017918710,1,"IOTHUB_CLIENT_CONFIRMATION_OK"
5465,4017918877,4017918918,1,"IOTHUB_CLIENT_CONFIRMATION_OK"
5466,4017919077,4017919106,1,"IOTHUB_CLIENT_CONFIRMATION_OK"
5467,4017919277,4017919334,1,"IOTHUB_CLIENT_CONFIRMATION_OK"
5468,4017919477,4017919516,1,"IOTHUB_CLIENT_CONFIRMATION_OK"
5469,4017919677,4017919716,1,"IOTHUB_CLIENT_CONFIRMATION_OK"
5470,4017919877,4017919919,1,"IOTHUB_CLIENT_CONFIRMATION_OK"
5471,4017920078,4017920127,1,"IOTHUB_CLIENT_CONFIRMATION_OK"
5472,4017920278,4017920319,1,"IOTHUB_CLIENT_CONFIRMATION_OK"
5473,4017920478,4017920513,1,"IOTHUB_CLIENT_CONFIRMATION_OK"
5474,4017920678,4017920735,1,"IOTHUB_CLIENT_CONFIRMATION_OK"
5475,4017920878,4017920922,1,"IOTHUB_CLIENT_CONFIRMATION_OK"
5476,4017921078,4017921117,1,"IOTHUB_CLIENT_CONFIRMATION_OK"
5477,4017921279,4017921336,1,"IOTHUB_CLIENT_CONFIRMATION_OK"
5478,4017921479,4017921549,1,"IOTHUB_CLIENT_CONFIRMATION_OK"
5479,4017921679,4017921736,1,"IOTHUB_CLIENT_CONFIRMATION_OK"
5480,4017921879,4017921959,1,"IOTHUB_CLIENT_CONFIRMATION_OK"
5481,4017922079,4017922125,1,"IOTHUB_CLIENT_CONFIRMATION_OK"
5482,4017922279,4017922320,1,"IOTHUB_CLIENT_CONFIRMATION_OK"
5483,4017922480,4017922544,1,"IOTHUB_CLIENT_CONFIRMATION_OK"
5484,4017922680,4017922717,1,"IOTHUB_CLIENT_CONFIRMATION_OK"
5485,4017922880,4017922917,1,"IOTHUB_CLIENT_CONFIRMATION_OK"
5486,4017923080,4017923141,1,"IOTHUB_CLIENT_CONFIRMATION_OK"
5487,4017923280,4017923338,1,"IOTHUB_CLIENT_CONFIRMATION_OK"
5488,4017923480,4017923581,1,"IOTHUB_CLIENT_CONFIRMATION_OK"
5489,4017923681,4017923722,1,"IOTHUB_CLIENT_CONFIRMATION_OK"
5490,4017923881,4017924075,1,"IOTHUB_CLIENT_CONFIRMATION_OK"
5491,4017924081,4017924177,1,"IOTHUB_CLIENT_CONFIRMATION_OK"
5492,4017924281,4017924367,1,"IOTHUB_CLIENT_CONFIRMATION_OK"
5493,4017924481,4017924517,1,"IOTHUB_CLIENT_CONFIRMATION_OK"
5494,4017924681,4017924745,1,"IOTHUB_CLIENT_CONFIRMATION_OK"
5495,4017924882,4017924930,1,"IOTHUB_CLIENT_CONFIRMATION_OK"
5496,4017925082,4017925180,1,"IOTHUB_CLIENT_CONFIRMATION_OK"
5497,4017925282,4017925325,1,"IOTHUB_CLIENT_CONFIRMATION_OK"
5498,4017925482,4017925514,1,"IOTHUB_CLIENT_CONFIRMATION_OK"
5499,4017925682,4017925803,1,"IOTHUB_CLIENT_CONFIRMATION_OK"
5500,4017925882,4017925927,1,"IOTHUB_CLIENT_CONFIRMATION_OK"
5501,4017926082,4017926118,1,"IOTHUB_CLIENT_CONFIRMATION_OK"
5502,4017926283,4017926315,1,"IOTHUB_CLIENT_CONFIRMATION_OK"
5503,4017926483,4017926556,1,"IOTHUB_CLIENT_CONFIRMATION_OK"
5504,4017926683,4017926810,1,"IOTHUB_CLIENT_CONFIRMATION_OK"
5505,4017926883,4017926960,1,"IOTHUB_CLIENT_CONFIRMATION_OK"
5506,4017927083,4017927116,1,"IOTHUB_CLIENT_CONFIRMATION_OK"
5507,4017927283,4017927449,1,"IOTHUB_CLIENT_CONFIRMATION_OK"
5508,4017927484,4017927520,1,"IOTHUB_CLIENT_CONFIRMATION_OK"
5509,4017927684,4017927716,1,"IOTHUB_CLIENT_CONFIRMATION_OK"
5510,4017927884,4017927919,1,"IOTHUB_CLIENT_CONFIRMATION_OK"
5511,4017928084,4017928122,1,"IOTHUB_CLIENT_CONFIRMATION_OK"
5512,4017928284,4017928316,1,"IOTHUB_CLIENT_CONFIRMATION_OK"
5513,4017928484,4017928523,1,"IOTHUB_CLIENT_CONFIRMATION_OK"
5514,4017928685,4017928738,1,"IOTHUB_CLIENT_CONFIRMATION_OK"
5515,4017928885,4017929045,1,"IOTHUB_CLIENT_CONFIRMATION_OK"
5516,4017929085,4017929120,1,"IOTHUB_CLIENT_CONFIRMATION_OK"
5517,4017929285,4017929331,1,"IOTHUB_CLIENT_CONFIRMATION_OK"
5518,4017929485,4017929516,1,"IOTHUB_CLIENT_CONFIRMATION_OK"
5519,4017929685,4017929747,1,"IOTHUB_CLIENT_CONFIRMATION_OK"
5520,4017929886,4017929919,1,"IOTHUB_CLIENT_CONFIRMATION_OK"
5521,4017930086,4017930141,1,"IOTHUB_CLIENT_CONFIRMATION_OK"
5522,4017930286,4017930346,1,"IOTHUB_CLIENT_CONFIRMATION_OK"
5523,4017930486,4017930687,1,"IOTHUB_CLIENT_CONFIRMATION_OK"
5524,4017930686,4017930722,1,"IOTHUB_CLIENT_CONFIRMATION_OK"
5525,4017930886,4017930931,1,"IOTHUB_CLIENT_CONFIRMATION_OK"
5526,4017931086,4017931120,1,"IOTHUB_CLIENT_CONFIRMATION_OK"
5527,4017931287,4017931327,1,"IOTHUB_CLIENT_CONFIRMATION_OK"
5528,4017931487,4017931562,1,"IOTHUB_CLIENT_CONFIRMATION_OK"
5529,4017931687,4017931745,1,"IOTHUB_CLIENT_CONFIRMATION_OK"
5530,4017931887,4017931929,1,"IOTHUB_CLIENT_CONFIRMATION_OK"
5531,4017932087,4017932127,1,"IOTHUB_CLIENT_CONFIRMATION_OK"
5532,4017932287,4017932346,1,"IOTHUB_CLIENT_CONFIRMATION_OK"
5533,4017932488,4017932528,1,"IOTHUB_CLIENT_CONFIRMATION_OK"
5534,4017932688,4017932750,1,"IOTHUB_CLIENT_CONFIRMATION_OK"
5535,4017932888,4017932922,1,"IOTHUB_CLIENT_CONFIRMATION_OK"
5536,4017933088,4017933119,1,"IOTHUB_CLIENT_CONFIRMATION_OK"
5537,4017933288,4017933361,1,"IOTHUB_CLIENT_CONFIRMATION_OK"
5538,4017933488,4017933522,1,"IOTHUB_CLIENT_CONFIRMATION_OK"
5539,4017933689,4017933725,1,"IOTHUB_CLIENT_CONFIRMATION_OK"
5540,4017933889,4017933921,1,"IOTHUB_CLIENT_CONFIRMATION_OK"
5541,4017934089,4017934144,1,"IOTHUB_CLIENT_CONFIRMATION_OK"
5542,4017934289,4017934378,1,"IOTHUB_CLIENT_CONFIRMATION_OK"
5543,4017934489,4017934530,1,"IOTHUB_CLIENT_CONFIRMATION_OK"
5544,4017934689,4017934727,1,"IOTHUB_CLIENT_CONFIRMATION_OK"
5545,4017934890,4017934997,1,"IOTHUB_CLIENT_CONFIRMATION_OK"
5546,4017935090,4017935135,1,"IOTHUB_CLIENT_CONFIRMATION_OK"
5547,4017935290,4017935336,1,"IOTHUB_CLIENT_CONFIRMATION_OK"
5548,4017935490,4017935527,1,"IOTHUB_CLIENT_CONFIRMATION_OK"
5549,4017935690,4017935719,1,"IOTHUB_CLIENT_CONFIRMATION_OK"
5550,4017935890,4017936013,1,"IOTHUB_CLIENT_CONFIRMATION_OK"
5551,4017936090,4017936119,1,"IOTHUB_CLIENT_CONFIRMATION_OK"
5552,4017936291,4017936328,1,"IOTHUB_CLIENT_CONFIRMATION_OK"
5553,4017936491,4017936653,1,"IOTHUB_CLIENT_CONFIRMATION_OK"
5554,4017936691,4017936730,1,"IOTHUB_CLIENT_CONFIRMATION_OK"
5555,4017936891,4017936926,1,"IOTHUB_CLIENT_CONFIRMATION_OK"
5556,4017937091,4017937124,1,"IOTHUB_CLIENT_CONFIRMATION_OK"
5557,4017937291,4017937393,1,"IOTHUB_CLIENT_CONFIRMATION_OK"
5558,4017937492,4017937525,1,"IOTHUB_CLIENT_CONFIRMATION_OK"
5559,4017937692,4017937727,1,"IOTHUB_CLIENT_CONFIRMATION_OK"
5560,4017937892,4017937953,1,"IOTHUB_CLIENT_CONFIRMATION_OK"
5561,4017938092,4017938272,1,"IOTHUB_CLIENT_CONFIRMATION_OK"
5562,4017938292,4017938351,1,"IOTHUB_CLIENT_CONFIRMATION_OK"
5563,4017938492,4017938532,1,"IOTHUB_CLIENT_CONFIRMATION_OK"
5564,4017938693,4017938730,1,"IOTHUB_CLIENT_CONFIRMATION_OK"
5565,4017938893,4017938938,1,"IOTHUB_CLIENT_CONFIRMATION_OK"
5566,4017939093,4017939130,1,"IOTHUB_CLIENT_CONFIRMATION_OK"
5567,4017939293,4017939333,1,"IOTHUB_CLIENT_CONFIRMATION_OK"
5568,4017939493,4017939526,1,"IOTHUB_CLIENT_CONFIRMATION_OK"
5569,4017939693,4017939739,1,"IOTHUB_CLIENT_CONFIRMATION_OK"
5570,4017939894,4017939930,1,"IOTHUB_CLIENT_CONFIRMATION_OK"
5571,4017940094,4017940157,1,"IOTHUB_CLIENT_CONFIRMATION_OK"
5572,4017940294,4017940339,1,"IOTHUB_CLIENT_CONFIRMATION_OK"
5573,4017940494,4017940536,1,"IOTHUB_CLIENT_CONFIRMATION_OK"
5574,4017940694,4017940738,1,"IOTHUB_CLIENT_CONFIRMATION_OK"
5575,4017940894,4017940950,1,"IOTHUB_CLIENT_CONFIRMATION_OK"
5576,4017941094,4017941135,1,"IOTHUB_CLIENT_CONFIRMATION_OK"
5577,4017941295,4017941352,1,"IOTHUB_CLIENT_CONFIRMATION_OK"
5578,4017941495,4017941546,1,"IOTHUB_CLIENT_CONFIRMATION_OK"
5579,4017941695,4017941748,1,"IOTHUB_CLIENT_CONFIRMATION_OK"
5580,4017941895,4017941975,1,"IOTHUB_CLIENT_CONFIRMATION_OK"
5581,4017942095,4017942130,1,"IOTHUB_CLIENT_CONFIRMATION_OK"
5582,4017942295,4017942326,1,"IOTHUB_CLIENT_CONFIRMATION_OK"
5583,4017942496,4017942583,1,"IOTHUB_CLIENT_CONFIRMATION_OK"
5584,4017942696,4017942734,1,"IOTHUB_CLIENT_CONFIRMATION_OK"
5585,4017942896,4017942956,1,"IOTHUB_CLIENT_CONFIRMATION_OK"
5586,4017943096,4017943141,1,"IOTHUB_CLIENT_CONFIRMATION_OK"
5587,4017943296,4017943328,1,"IOTHUB_CLIENT_CONFIRMATION_OK"
5588,4017943496,4017943583,1,"IOTHUB_CLIENT_CONFIRMATION_OK"
5589,4017943697,4017943777,1,"IOTHUB_CLIENT_CONFIRMATION_OK"
5590,4017943897,4017943949,1,"IOTHUB_CLIENT_CONFIRMATION_OK"
5591,4017944097,4017944251,1,"IOTHUB_CLIENT_CONFIRMATION_OK"
5592,4017944297,4017944343,1,"IOTHUB_CLIENT_CONFIRMATION_OK"
5593,4017944497,4017944531,1,"IOTHUB_CLIENT_CONFIRMATION_OK"
5594,4017944697,4017944743,1,"IOTHUB_CLIENT_CONFIRMATION_OK"
5595,4017944898,4017944979,1,"IOTHUB_CLIENT_CONFIRMATION_OK"
5596,4017945098,4017945229,1,"IOTHUB_CLIENT_CONFIRMATION_OK"
5597,4017945298,4017945391,1,"IOTHUB_CLIENT_CONFIRMATION_OK"
5598,4017945498,4017945558,1,"IOTHUB_CLIENT_CONFIRMATION_OK"
5599,4017945698,4017945842,1,"IOTHUB_CLIENT_CONFIRMATION_OK"
5600,4017945898,4017945935,1,"IOTHUB_CLIENT_CONFIRMATION_OK"
5601,4017946099,4017946132,1,"IOTHUB_CLIENT_CONFIRMATION_OK"
5602,4017946299,4017946349,1,"IOTHUB_CLIENT_CONFIRMATION_OK"
5603,4017946499,4017946534,1,"IOTHUB_CLIENT_CONFIRMATION_OK"
5604,4017946699,4017946942,1,"IOTHUB_CLIENT_CONFIRMATION_OK"
5605,4017946899,4017946963,1,"IOTHUB_CLIENT_CONFIRMATION_OK"
5606,4017947099,4017947133,1,"IOTHUB_CLIENT_CONFIRMATION_OK"
5607,4017947300,4017947341,1,"IOTHUB_CLIENT_CONFIRMATION_OK"
5608,4017947500,4017947540,1,"IOTHUB_CLIENT_CONFIRMATION_OK"
5609,4017947700,4017947768,1,"IOTHUB_CLIENT_CONFIRMATION_OK"
5610,4017947900,4017947964,1,"IOTHUB_CLIENT_CONFIRMATION_OK"
5611,4017948100,4017948132,1,"IOTHUB_CLIENT_CONFIRMATION_OK"
5612,4017948300,4017948341,1,"IOTHUB_CLIENT_CONFIRMATION_OK"
5613,4017948500,4017948552,1,"IOTHUB_CLIENT_CONFIRMATION_OK"
5614,4017948701,4017948738,1,"IOTHUB_CLIENT_CONFIRMATION_OK"
5615,4017948901,4017948958,1,"IOTHUB_CLIENT_CONFIRMATION_OK"
5616,4017949101,4017949145,1,"IOTHUB_CLIENT_CONFIRMATION_OK"
5617,4017949301,4017949346,1,"IOTHUB_CLIENT_CONFIRMATION_OK"
5618,4017949501,4017949533,1,"IOTHUB_CLIENT_CONFIRMATION_OK"
5619,4017949701,4017949738,1,"IOTHUB_CLIENT_CONFIRMATION_OK"
5620,4017949902,4017949954,1,"IOTHUB_CLIENT_CONFIRMATION_OK"
5621,4017950102,4017950153,1,"IOTHUB_CLIENT_CONFIRMATION_OK"
5622,4017950302,4017950348,1,"IOTHUB_CLIENT_CONFIRMATION_OK"
5623,4017950502,4017950541,1,"IOTHUB_CLIENT_CONFIRMATION_OK"
5624,4017950702,4017950739,1,"IOTHUB_CLIENT_CONFIRMATION_OK"
5625,4017950902,4017950952,1,"IOTHUB_CLIENT_CONFIRMATION_OK"
5626,4017951103,4017951201,1,"IOTHUB_CLIENT_CONFIRMATION_OK"
5627,4017951303,4017951334,1,"IOTHUB_CLIENT_CONFIRMATION_OK"
5628,4017951503,4017951561,1,"IOTHUB_CLIENT_CONFIRMATION_OK"
5629,4017951703,4017951807,1,"IOTHUB_CLIENT_CONFIRMATION_OK"
5630,4017951903,4017951937,1,"IOTHUB_CLIENT_CONFIRMATION_OK"
5631,4017952103,4017952188,1,"IOTHUB_CLIENT_CONFIRMATION_OK"
5632,4017952304,4017952336,1,"IOTHUB_CLIENT_CONFIRMATION_OK"
5633,4017952504,4017952538,1,"IOTHUB_CLIENT_CONFIRMATION_OK"
5634,4017952704,4017952827,1,"IOTHUB_CLIENT_CONFIRMATION_OK"
5635,4017952904,4017952938,1,"IOTHUB_CLIENT_CONFIRMATION_OK"
5636,4017953104,4017953135,1,"IOTHUB_CLIENT_CONFIRMATION_OK"
5637,4017953304,4017953338,1,"IOTHUB_CLIENT_CONFIRMATION_OK"
5638,4017953504,4017953561,1,"IOTHUB_CLIENT_CONFIRMATION_OK"
5639,4017953705,4017953744,1,"IOTHUB_CLIENT_CONFIRMATION_OK"
5640,4017953905,4017953945,1,"IOTHUB_CLIENT_CONFIRMATION_OK"
5641,4017954105,4017954138,1,"IOTHUB_CLIENT_CONFIRMATION_OK"
5642,4017954305,4017954452,1,"IOTHUB_CLIENT_CONFIRMATION_OK"
5643,4017954505,4017954536,1,"IOTHUB_CLIENT_CONFIRMATION_OK"
5644,4017954705,4017954741,1,"IOTHUB_CLIENT_CONFIRMATION_OK"
5645,4017954906,4017954941,1,"IOTHUB_CLIENT_CONFIRMATION_OK"
5646,4017955106,4017955159,1,"IOTHUB_CLIENT_CONFIRMATION_OK"
5647,4017955306,4017955340,1,"IOTHUB_CLIENT_CONFIRMATION_OK"
5648,4017955506,4017955545,1,"IOTHUB_CLIENT_CONFIRMATION_OK"
5649,4017955706,4017955755,1,"IOTHUB_CLIENT_CONFIRMATION_OK"
5650,4017955906,4017956076,1,"IOTHUB_CLIENT_CONFIRMATION_OK"
5651,4017956107,4017956157,1,"IOTHUB_CLIENT_CONFIRMATION_OK"
5652,4017956307,4017956344,1,"IOTHUB_CLIENT_CONFIRMATION_OK"
5653,4017956507,4017956562,1,"IOTHUB_CLIENT_CONFIRMATION_OK"
5654,4017956707,4017956739,1,"IOTHUB_CLIENT_CONFIRMATION_OK"
5655,4017956907,4017956941,1,"IOTHUB_CLIENT_CONFIRMATION_OK"
5656,4017957107,4017957145,1,"IOTHUB_CLIENT_CONFIRMATION_OK"
5657,4017957307,4017957337,1,"IOTHUB_CLIENT_CONFIRMATION_OK"
5658,4017957508,4017957551,1,"IOTHUB_CLIENT_CONFIRMATION_OK"
5659,4017957708,4017957739,1,"IOTHUB_CLIENT_CONFIRMATION_OK"
5660,4017957908,4017957947,1,"IOTHUB_CLIENT_CONFIRMATION_OK"
5661,4017958108,4017958152,1,"IOTHUB_CLIENT_CONFIRMATION_OK"
5662,4017958308,4017958338,1,"IOTHUB_CLIENT_CONFIRMATION_OK"
5663,4017958508,4017958541,1,"IOTHUB_CLIENT_CONFIRMATION_OK"
5664,4017958709,4017958766,1,"IOTHUB_CLIENT_CONFIRMATION_OK"
5665,4017958909,4017958942,1,"IOTHUB_CLIENT_CONFIRMATION_OK"
5666,4017959109,4017959147,1,"IOTHUB_CLIENT_CONFIRMATION_OK"
5667,4017959309,4017959354,1,"IOTHUB_CLIENT_CONFIRMATION_OK"
5668,4017959509,4017959596,1,"IOTHUB_CLIENT_CONFIRMATION_OK"
5669,4017959709,4017959801,1,"IOTHUB_CLIENT_CONFIRMATION_OK"
5670,4017959910,4017959980,1,"IOTHUB_CLIENT_CONFIRMATION_OK"
5671,4017960110,4017960146,1,"IOTHUB_CLIENT_CONFIRMATION_OK"
5672,4017960310,4017960412,1,"IOTHUB_CLIENT_CONFIRMATION_OK"
5673,4017960510,4017960559,1,"IOTHUB_CLIENT_CONFIRMATION_OK"
5674,4017960710,4017960742,1,"IOTHUB_CLIENT_CONFIRMATION_OK"
5675,4017960910,4017960994,1,"IOTHUB_CLIENT_CONFIRMATION_OK"
5676,4017961111,4017961145,1,"IOTHUB_CLIENT_CONFIRMATION_OK"
5677,4017961311,4017961426,1,"IOTHUB_CLIENT_CONFIRMATION_OK"
5678,4017961511,4017961580,1,"IOTHUB_CLIENT_CONFIRMATION_OK"
5679,4017961711,4017961744,1,"IOTHUB_CLIENT_CONFIRMATION_OK"
5680,4017961911,4017962038,1,"IOTHUB_CLIENT_CONFIRMATION_OK"
5681,4017962111,4017962144,1,"IOTHUB_CLIENT_CONFIRMATION_OK"
5682,4017962312,4017962342,1,"IOTHUB_CLIENT_CONFIRMATION_OK"
5683,4017962512,4017962546,1,"IOTHUB_CLIENT_CONFIRMATION_OK"
5684,4017962712,4017962833,1,"IOTHUB_CLIENT_CONFIRMATION_OK"
5685,4017962912,4017963045,1,"IOTHUB_CLIENT_CONFIRMATION_OK"
5686,4017963112,4017963142,1,"IOTHUB_CLIENT_CONFIRMATION_OK"
5687,4017963312,4017963350,1,"IOTHUB_CLIENT_CONFIRMATION_OK"
5688,4017963513,4017963710,1,"IOTHUB_CLIENT_CONFIRMATION_OK"
5689,4017963713,4017963755,1,"IOTHUB_CLIENT_CONFIRMATION_OK"
5690,4017963913,4017963992,1,"IOTHUB_CLIENT_CONFIRMATION_OK"
5691,4017964113,4017964141,1,"IOTHUB_CLIENT_CONFIRMATION_OK"
5692,4017964313,4017964344,1,"IOTHUB_CLIENT_CONFIRMATION_OK"
5693,4017964513,4017964579,1,"IOTHUB_CLIENT_CONFIRMATION_OK"
5694,4017964713,4017964745,1,"IOTHUB_CLIENT_CONFIRMATION_OK"
5695,4017964914,4017964976,1,"IOTHUB_CLIENT_CONFIRMATION_OK"
5696,4017965114,4017965288,1,"IOTHUB_CLIENT_CONFIRMATION_OK"
5697,4017965314,4017965350,1,"IOTHUB_CLIENT_CONFIRMATION_OK"
5698,4017965514,4017965546,1,"IOTHUB_CLIENT_CONFIRMATION_OK"
5699,4017965714,4017965961,1,"IOTHUB_CLIENT_CONFIRMATION_OK"
5700,4017965914,4017965984,1,"IOTHUB_CLIENT_CONFIRMATION_OK"
5701,4017966115,4017966155,1,"IOTHUB_CLIENT_CONFIRMATION_OK"
5702,4017966315,4017966355,1,"IOTHUB_CLIENT_CONFIRMATION_OK"
5703,4017966515,4017966549,1,"IOTHUB_CLIENT_CONFIRMATION_OK"
5704,4017966715,4017966754,1,"IOTHUB_CLIENT_CONFIRMATION_OK"
5705,4017966915,4017966974,1,"IOTHUB_CLIENT_CONFIRMATION_OK"
5706,4017967115,4017967172,1,"IOTHUB_CLIENT_CONFIRMATION_OK"
5707,4017967316,4017967355,1,"IOTHUB_CLIENT_CONFIRMATION_OK"
5708,4017967516,4017967554,1,"IOTHUB_CLIENT_CONFIRMATION_OK"
5709,4017967716,4017967762,1,"IOTHUB_CLIENT_CONFIRMATION_OK"
5710,4017967916,4017967961,1,"IOTHUB_CLIENT_CONFIRMATION_OK"
5711,4017968116,4017968147,1,"IOTHUB_CLIENT_CONFIRMATION_OK"
5712,4017968316,4017968355,1,"IOTHUB_CLIENT_CONFIRMATION_OK"
5713,4017968517,4017968556,1,"IOTHUB_CLIENT_CONFIRMATION_OK"
5714,4017968717,4017968750,1,"IOTHUB_CLIENT_CONFIRMATION_OK"
5715,4017968917,4017968978,1,"IOTHUB_CLIENT_CONFIRMATION_OK"
5716,4017969117,4017969151,1,"IOTHUB_CLIENT_CONFIRMATION_OK"
5717,4017969317,4017969361,1,"IOTHUB_CLIENT_CONFIRMATION_OK"
5718,4017969517,4017969644,1,"IOTHUB_CLIENT_CONFIRMATION_OK"
5719,4017969717,4017969759,1,"IOTHUB_CLIENT_CONFIRMATION_OK"
5720,4017969918,4017969967,1,"IOTHUB_CLIENT_CONFIRMATION_OK"
5721,4017970118,4017970164,1,"IOTHUB_CLIENT_CONFIRMATION_OK"
5722,4017970318,4017970349,1,"IOTHUB_CLIENT_CONFIRMATION_OK"
5723,4017970518,4017970600,1,"IOTHUB_CLIENT_CONFIRMATION_OK"
5724,4017970719,4017970752,1,"IOTHUB_CLIENT_CONFIRMATION_OK"
5725,4017970919,4017970954,1,"IOTHUB_CLIENT_CONFIRMATION_OK"
5726,4017971119,4017971215,1,"IOTHUB_CLIENT_CONFIRMATION_OK"
5727,4017971319,4017971359,1,"IOTHUB_CLIENT_CONFIRMATION_OK"
5728,4017971519,4017971562,1,"IOTHUB_CLIENT_CONFIRMATION_OK"
5729,4017971719,4017971749,1,"IOTHUB_CLIENT_CONFIRMATION_OK"
5730,4017971919,4017971961,1,"IOTHUB_CLIENT_CONFIRMATION_OK"
5731,4017972120,4017972227,1,"IOTHUB_CLIENT_CONFIRMATION_OK"
5732,4017972320,4017972378,1,"IOTHUB_CLIENT_CONFIRMATION_OK"
5733,4017972520,4017972552,1,"IOTHUB_CLIENT_CONFIRMATION_OK"
5734,4017972720,4017972866,1,"IOTHUB_CLIENT_CONFIRMATION_OK"
5735,4017972920,4017972954,1,"IOTHUB_CLIENT_CONFIRMATION_OK"
5736,4017973120,4017973155,1,"IOTHUB_CLIENT_CONFIRMATION_OK"
5737,4017973321,4017973361,1,"IOTHUB_CLIENT_CONFIRMATION_OK"
5738,4017973521,4017973555,1,"IOTHUB_CLIENT_CONFIRMATION_OK"
5739,4017973721,4017973786,1,"IOTHUB_CLIENT_CONFIRMATION_OK"
5740,4017973921,4017973954,1,"IOTHUB_CLIENT_CONFIRMATION_OK"
5741,4017974121,4017974179,1,"IOTHUB_CLIENT_CONFIRMATION_OK"
5742,4017974321,4017974474,1,"IOTHUB_CLIENT_CONFIRMATION_OK"
5743,4017974522,4017974561,1,"IOTHUB_CLIENT_CONFIRMATION_OK"
5744,4017974722,4017974762,1,"IOTHUB_CLIENT_CONFIRMATION_OK"
5745,4017974922,4017974968,1,"IOTHUB_CLIENT_CONFIRMATION_OK"
5746,4017975122,4017975169,1,"IOTHUB_CLIENT_CONFIRMATION_OK"
5747,4017975322,4017975365,1,"IOTHUB_CLIENT_CONFIRMATION_OK"
5748,4017975522,4017975554,1,"IOTHUB_CLIENT_CONFIRMATION_OK"
5749,4017975723,4017975756,1,"IOTHUB_CLIENT_CONFIRMATION_OK"
5750,4017975923,4017976100,1,"IOTHUB_CLIENT_CONFIRMATION_OK"
5751,4017976123,4017976174,1,"IOTHUB_CLIENT_CONFIRMATION_OK"
5752,4017976323,4017976357,1,"IOTHUB_CLIENT_CONFIRMATION_OK"
5753,4017976523,4017976567,1,"IOTHUB_CLIENT_CONFIRMATION_OK"
5754,4017976723,4017976761,1,"IOTHUB_CLIENT_CONFIRMATION_OK"
5755,4017976923,4017976959,1,"IOTHUB_CLIENT_CONFIRMATION_OK"
5756,4017977124,4017977153,1,"IOTHUB_CLIENT_CONFIRMATION_OK"
5757,4017977324,4017977359,1,"IOTHUB_CLIENT_CONFIRMATION_OK"
5758,4017977524,4017977632,1,"IOTHUB_CLIENT_CONFIRMATION_OK"
5759,4017977724,4017977758,1,"IOTHUB_CLIENT_CONFIRMATION_OK"
5760,4017977924,4017977967,1,"IOTHUB_CLIENT_CONFIRMATION_OK"
5761,4017978125,4017978223,1,"IOTHUB_CLIENT_CONFIRMATION_OK"
5762,4017978325,4017978362,1,"IOTHUB_CLIENT_CONFIRMATION_OK"
5763,4017978525,4017978559,1,"IOTHUB_CLIENT_CONFIRMATION_OK"
5764,4017978725,4017978762,1,"IOTHUB_CLIENT_CONFIRMATION_OK"
5765,4017978925,4017978963,1,"IOTHUB_CLIENT_CONFIRMATION_OK"
5766,4017979125,4017979192,1,"IOTHUB_CLIENT_CONFIRMATION_OK"
5767,4017979325,4017979450,1,"IOTHUB_CLIENT_CONFIRMATION_OK"
5768,4017979526,4017979577,1,"IOTHUB_CLIENT_CONFIRMATION_OK"
5769,4017979726,4017979854,1,"IOTHUB_CLIENT_CONFIRMATION_OK"
5770,4017979926,4017979964,1,"IOTHUB_CLIENT_CONFIRMATION_OK"
5771,4017980126,4017980158,1,"IOTHUB_CLIENT_CONFIRMATION_OK"
5772,4017980326,4017980366,1,"IOTHUB_CLIENT_CONFIRMATION_OK"
5773,4017980526,4017980559,1,"IOTHUB_CLIENT_CONFIRMATION_OK"
5774,4017980727,4017980761,1,"IOTHUB_CLIENT_CONFIRMATION_OK"
5775,4017980927,4017980989,1,"IOTHUB_CLIENT_CONFIRMATION_OK"
5776,4017981127,4017981160,1,"IOTHUB_CLIENT_CONFIRMATION_OK"
5777,4017981327,4017981509,1,"IOTHUB_CLIENT_CONFIRMATION_OK"
5778,4017981527,4017981574,1,"IOTHUB_CLIENT_CONFIRMATION_OK"
5779,4017981727,4017981761,1,"IOTHUB_CLIENT_CONFIRMATION_OK"
5780,4017981927,4017981987,1,"IOTHUB_CLIENT_CONFIRMATION_OK"
5781,4017982128,4017982163,1,"IOTHUB_CLIENT_CONFIRMATION_OK"
5782,4017982328,4017982377,1,"IOTHUB_CLIENT_CONFIRMATION_OK"
5783,4017982528,4017982626,1,"IOTHUB_CLIENT_CONFIRMATION_OK"
5784,4017982728,4017982774,1,"IOTHUB_CLIENT_CONFIRMATION_OK"
5785,4017982928,4017982967,1,"IOTHUB_CLIENT_CONFIRMATION_OK"
5786,4017983128,4017983160,1,"IOTHUB_CLIENT_CONFIRMATION_OK"
5787,4017983329,4017983367,1,"IOTHUB_CLIENT_CONFIRMATION_OK"
5788,4017983529,4017983626,1,"IOTHUB_CLIENT_CONFIRMATION_OK"
5789,4017983729,4017983761,1,"IOTHUB_CLIENT_CONFIRMATION_OK"
5790,4017983929,4017984003,1,"IOTHUB_CLIENT_CONFIRMATION_OK"
5791,4017984129,4017984159,1,"IOTHUB_CLIENT_CONFIRMATION_OK"
5792,4017984329,4017984359,1,"IOTHUB_CLIENT_CONFIRMATION_OK"
5793,4017984529,4017984613,1,"IOTHUB_CLIENT_CONFIRMATION_OK"
5794,4017984730,4017984777,1,"IOTHUB_CLIENT_CONFIRMATION_OK"
5795,4017984930,4017984961,1,"IOTHUB_CLIENT_CONFIRMATION_OK"
5796,4017985130,4017985241,1,"IOTHUB_CLIENT_CONFIRMATION_OK"
5797,4017985330,4017985376,1,"IOTHUB_CLIENT_CONFIRMATION_OK"
5798,4017985530,4017985561,1,"IOTHUB_CLIENT_CONFIRMATION_OK"
5799,4017985730,4017985787,1,"IOTHUB_CLIENT_CONFIRMATION_OK"
5800,4017985931,4017985966,1,"IOTHUB_CLIENT_CONFIRMATION_OK"
5801,4017986131,4017986169,1,"IOTHUB_CLIENT_CONFIRMATION_OK"
5802,4017986331,4017986369,1,"IOTHUB_CLIENT_CONFIRMATION_OK"
5803,4017986531,4017986591,1,"IOTHUB_CLIENT_CONFIRMATION_OK"
5804,4017986731,4017986868,1,"IOTHUB_CLIENT_CONFIRMATION_OK"
5805,4017986931,4017986974,1,"IOTHUB_CLIENT_CONFIRMATION_OK"
5806,4017987131,4017987161,1,"IOTHUB_CLIENT_CONFIRMATION_OK"
5807,4017987332,4017987383,1,"IOTHUB_CLIENT_CONFIRMATION_OK"
5808,4017987532,4017987579,1,"IOTHUB_CLIENT_CONFIRMATION_OK"
5809,4017987732,4017987779,1,"IOTHUB_CLIENT_CONFIRMATION_OK"
5810,4017987932,4017988020,1,"IOTHUB_CLIENT_CONFIRMATION_OK"
5811,4017988132,4017988168,1,"IOTHUB_CLIENT_CONFIRMATION_OK"
5812,4017988332,4017988547,1,"IOTHUB_CLIENT_CONFIRMATION_OK"
5813,4017988533,4017988573,1,"IOTHUB_CLIENT_CONFIRMATION_OK"
5814,4017988733,4017988790,1,"IOTHUB_CLIENT_CONFIRMATION_OK"
5815,4017988933,4017988981,1,"IOTHUB_CLIENT_CONFIRMATION_OK"
5816,4017989133,4017989174,1,"IOTHUB_CLIENT_CONFIRMATION_OK"
5817,4017989333,4017989372,1,"IOTHUB_CLIENT_CONFIRMATION_OK"
5818,4017989533,4017989603,1,"IOTHUB_CLIENT_CONFIRMATION_OK"
5819,4017989734,4017989765,1,"IOTHUB_CLIENT_CONFIRMATION_OK"
5820,4017989934,4017989963,1,"IOTHUB_CLIENT_CONFIRMATION_OK"
5821,4017990134,4017990204,1,"IOTHUB_CLIENT_CONFIRMATION_OK"
5822,4017990334,4017990389,1,"IOTHUB_CLIENT_CONFIRMATION_OK"
5823,4017990534,4017990576,1,"IOTHUB_CLIENT_CONFIRMATION_OK"
5824,4017990734,4017990767,1,"IOTHUB_CLIENT_CONFIRMATION_OK"
5825,4017990935,4017990972,1,"IOTHUB_CLIENT_CONFIRMATION_OK"
5826,4017991135,4017991238,1,"IOTHUB_CLIENT_CONFIRMATION_OK"
5827,4017991335,4017991378,1,"IOTHUB_CLIENT_CONFIRMATION_OK"
5828,4017991535,4017991571,1,"IOTHUB_CLIENT_CONFIRMATION_OK"
5829,4017991735,4017991800,1,"IOTHUB_CLIENT_CONFIRMATION_OK"
5830,4017991935,4017991985,1,"IOTHUB_CLIENT_CONFIRMATION_OK"
5831,4017992135,4017992180,1,"IOTHUB_CLIENT_CONFIRMATION_OK"
5832,4017992336,4017992436,1,"IOTHUB_CLIENT_CONFIRMATION_OK"
5833,4017992536,4017992635,1,"IOTHUB_CLIENT_CONFIRMATION_OK"
5834,4017992736,4017992850,1,"IOTHUB_CLIENT_CONFIRMATION_OK"
5835,4017992936,4017992978,1,"IOTHUB_CLIENT_CONFIRMATION_OK"
5836,4017993136,4017993168,1,"IOTHUB_CLIENT_CONFIRMATION_OK"
5837,4017993336,4017993372,1,"IOTHUB_CLIENT_CONFIRMATION_OK"
5838,4017993537,4017993567,1,"IOTHUB_CLIENT_CONFIRMATION_OK"
5839,4017993737,4017993888,1,"IOTHUB_CLIENT_CONFIRMATION_OK"
5840,4017993937,4017993976,1,"IOTHUB_CLIENT_CONFIRMATION_OK"
5841,4017994137,4017994170,1,"IOTHUB_CLIENT_CONFIRMATION_OK"
5842,4017994337,4017994377,1,"IOTHUB_CLIENT_CONFIRMATION_OK"
5843,4017994537,4017994569,1,"IOTHUB_CLIENT_CONFIRMATION_OK"
5844,4017994738,4017994780,1,"IOTHUB_CLIENT_CONFIRMATION_OK"
5845,4017994938,4017994974,1,"IOTHUB_CLIENT_CONFIRMATION_OK"
5846,4017995138,4017995215,1,"IOTHUB_CLIENT_CONFIRMATION_OK"
5847,4017995338,4017995539,1,"IOTHUB_CLIENT_CONFIRMATION_OK"
5848,4017995538,4017995626,1,"IOTHUB_CLIENT_CONFIRMATION_OK"
5849,4017995738,4017995785,1,"IOTHUB_CLIENT_CONFIRMATION_OK"
5850,4017995939,4017995975,1,"IOTHUB_CLIENT_CONFIRMATION_OK"
5851,4017996139,4017996171,1,"IOTHUB_CLIENT_CONFIRMATION_OK"
5852,4017996339,4017996397,1,"IOTHUB_CLIENT_CONFIRMATION_OK"
5853,4017996539,4017996574,1,"IOTHUB_CLIENT_CONFIRMATION_OK"
5854,4017996739,4017996786,1,"IOTHUB_CLIENT_CONFIRMATION_OK"
5855,4017996939,4017996981,1,"IOTHUB_CLIENT_CONFIRMATION_OK"
5856,4017997140,4017997202,1,"IOTHUB_CLIENT_CONFIRMATION_OK"
5857,4017997340,4017997387,1,"IOTHUB_CLIENT_CONFIRMATION_OK"
5858,4017997540,4017997595,1,"IOTHUB_CLIENT_CONFIRMATION_OK"
5859,4017997740,4017997820,1,"IOTHUB_CLIENT_CONFIRMATION_OK"
5860,4017997940,4017997978,1,"IOTHUB_CLIENT_CONFIRMATION_OK"
5861,4017998140,4017998528,1,"IOTHUB_CLIENT_CONFIRMATION_OK"
5862,4017998341,4017998866,1,"IOTHUB_CLIENT_CONFIRMATION_OK"
5863,4017998541,4017998976,1,"IOTHUB_CLIENT_CONFIRMATION_OK"
5864,4017998741,4017999037,1,"IOTHUB_CLIENT_CONFIRMATION_OK"
5865,4017998941,4017999100,1,"IOTHUB_CLIENT_CONFIRMATION_OK"
5866,4017999141,4017999203,1,"IOTHUB_CLIENT_CONFIRMATION_OK"
5867,4017999341,4017999388,1,"IOTHUB_CLIENT_CONFIRMATION_OK"
5868,4017999541,4017999576,1,"IOTHUB_CLIENT_CONFIRMATION_OK"
5869,4017999742,4017999829,1,"IOTHUB_CLIENT_CONFIRMATION_OK"
5870,4017999942,4017999997,1,"IOTHUB_CLIENT_CONFIRMATION_OK"
5871,4018000142,4018000181,1,"IOTHUB_CLIENT_CONFIRMATION_OK"
5872,4018000342,4018000539,1,"IOTHUB_CLIENT_CONFIRMATION_OK"
5873,4018000542,4018000696,1,"IOTHUB_CLIENT_CONFIRMATION_OK"
5874,4018000743,4018000891,1,"IOTHUB_CLIENT_CONFIRMATION_OK"
5875,4018000943,4018000978,1,"IOTHUB_CLIENT_CONFIRMATION_OK"
5876,4018001143,4018001191,1,"IOTHUB_CLIENT_CONFIRMATION_OK"
5877,4018001343,4018001493,1,"IOTHUB_CLIENT_CONFIRMATION_OK"
5878,4018001543,4018001575,1,"IOTHUB_CLIENT_CONFIRMATION_OK"
5879,4018001743,4018001778,1,"IOTHUB_CLIENT_CONFIRMATION_OK"
5880,4018001943,4018002004,1,"IOTHUB_CLIENT_CONFIRMATION_OK"
5881,4018002144,4018002177,1,"IOTHUB_CLIENT_CONFIRMATION_OK"
5882,4018002344,4018002375,1,"IOTHUB_CLIENT_CONFIRMATION_OK"
5883,4018002544,4018002575,1,"IOTHUB_CLIENT_CONFIRMATION_OK"
5884,4018002744,4018002814,1,"IOTHUB_CLIENT_CONFIRMATION_OK"
5885,4018002944,4018003138,1,"IOTHUB_CLIENT_CONFIRMATION_OK"
5886,4018003144,4018003201,1,"IOTHUB_CLIENT_CONFIRMATION_OK"
5887,4018003345,4018003377,1,"IOTHUB_CLIENT_CONFIRMATION_OK"
5888,4018003545,4018003584,1,"IOTHUB_CLIENT_CONFIRMATION_OK"
5889,4018003745,4018003792,1,"IOTHUB_CLIENT_CONFIRMATION_OK"
5890,4018003945,4018003975,1,"IOTHUB_CLIENT_CONFIRMATION_OK"
5891,4018004145,4018004198,1,"IOTHUB_CLIENT_CONFIRMATION_OK"
5892,4018004345,4018004382,1,"IOTHUB_CLIENT_CONFIRMATION_OK"
5893,4018004546,4018004579,1,"IOTHUB_CLIENT_CONFIRMATION_OK"
5894,4018004746,4018004779,1,"IOTHUB_CLIENT_CONFIRMATION_OK"
5895,4018004946,4018004986,1,"IOTHUB_CLIENT_CONFIRMATION_OK"
5896,4018005146,4018005205,1,"IOTHUB_CLIENT_CONFIRMATION_OK"
5897,4018005346,4018005388,1,"IOTHUB_CLIENT_CONFIRMATION_OK"
5898,4018005546,4018005587,1,"IOTHUB_CLIENT_CONFIRMATION_OK"
5899,4018005746,4018005806,1,"IOTHUB_CLIENT_CONFIRMATION_OK"
5900,4018005947,4018005985,1,"IOTHUB_CLIENT_CONFIRMATION_OK"
5901,4018006147,4018006196,1,"IOTHUB_CLIENT_CONFIRMATION_OK"
5902,4018006347,4018006386,1,"IOTHUB_CLIENT_CONFIRMATION_OK"
5903,4018006547,4018006589,1,"IOTHUB_CLIENT_CONFIRMATION_OK"
5904,4018006747,4018006866,1,"IOTHUB_CLIENT_CONFIRMATION_OK"
5905,4018006947,4018007053,1,"IOTHUB_CLIENT_CONFIRMATION_OK"
5906,4018007148,4018007187,1,"IOTHUB_CLIENT_CONFIRMATION_OK"
5907,4018007348,4018007381,1,"IOTHUB_CLIENT_CONFIRMATION_OK"
5908,4018007548,4018007627,1,"IOTHUB_CLIENT_CONFIRMATION_OK"
5909,4018007748,4018007841,1,"IOTHUB_CLIENT_CONFIRMATION_OK"
5910,4018007948,4018007993,1,"IOTHUB_CLIENT_CONFIRMATION_OK"
5911,4018008148,4018008282,1,"IOTHUB_CLIENT_CONFIRMATION_OK"
5912,4018008349,4018008471,1,"IOTHUB_CLIENT_CONFIRMATION_OK"
5913,4018008549,4018008594,1,"IOTHUB_CLIENT_CONFIRMATION_OK"
5914,4018008749,4018008797,1,"IOTHUB_CLIENT_CONFIRMATION_OK"
5915,4018008949,4018009003,1,"IOTHUB_CLIENT_CONFIRMATION_OK"
5916,4018009149,4018009197,1,"IOTHUB_CLIENT_CONFIRMATION_OK"
5917,4018009349,4018009383,1,"IOTHUB_CLIENT_CONFIRMATION_OK"
5918,4018009550,4018009587,1,"IOTHUB_CLIENT_CONFIRMATION_OK"
5919,4018009750,4018009799,1,"IOTHUB_CLIENT_CONFIRMATION_OK"
5920,4018009950,4018010108,1,"IOTHUB_CLIENT_CONFIRMATION_OK"
5921,4018010150,4018010181,1,"IOTHUB_CLIENT_CONFIRMATION_OK"
5922,4018010350,4018010410,1,"IOTHUB_CLIENT_CONFIRMATION_OK"
5923,4018010550,4018010604,1,"IOTHUB_CLIENT_CONFIRMATION_OK"
5924,4018010751,4018010785,1,"IOTHUB_CLIENT_CONFIRMATION_OK"
5925,4018010951,4018010983,1,"IOTHUB_CLIENT_CONFIRMATION_OK"
5926,4018011151,4018011183,1,"IOTHUB_CLIENT_CONFIRMATION_OK"
5927,4018011351,4018011381,1,"IOTHUB_CLIENT_CONFIRMATION_OK"
5928,4018011551,4018011751,1,"IOTHUB_CLIENT_CONFIRMATION_OK"
5929,4018011751,4018011796,1,"IOTHUB_CLIENT_CONFIRMATION_OK"
5930,4018011952,4018012007,1,"IOTHUB_CLIENT_CONFIRMATION_OK"
5931,4018012152,4018012189,1,"IOTHUB_CLIENT_CONFIRMATION_OK"
5932,4018012352,4018012416,1,"IOTHUB_CLIENT_CONFIRMATION_OK"
5933,4018012552,4018012597,1,"IOTHUB_CLIENT_CONFIRMATION_OK"
5934,4018012752,4018012812,1,"IOTHUB_CLIENT_CONFIRMATION_OK"
5935,4018012952,4018012990,1,"IOTHUB_CLIENT_CONFIRMATION_OK"
5936,4018013152,4018013217,1,"IOTHUB_CLIENT_CONFIRMATION_OK"
5937,4018013353,4018013452,1,"IOTHUB_CLIENT_CONFIRMATION_OK"
5938,4018013553,4018013585,1,"IOTHUB_CLIENT_CONFIRMATION_OK"
5939,4018013753,4018013792,1,"IOTHUB_CLIENT_CONFIRMATION_OK"
5940,4018013953,4018013992,1,"IOTHUB_CLIENT_CONFIRMATION_OK"
5941,4018014153,4018014186,1,"IOTHUB_CLIENT_CONFIRMATION_OK"
5942,4018014353,4018014388,1,"IOTHUB_CLIENT_CONFIRMATION_OK"
5943,4018014554,4018014593,1,"IOTHUB_CLIENT_CONFIRMATION_OK"
5944,4018014754,4018014792,1,"IOTHUB_CLIENT_CONFIRMATION_OK"
5945,4018014954,4018015003,1,"IOTHUB_CLIENT_CONFIRMATION_OK"
5946,4018015154,4018015186,1,"IOTHUB_CLIENT_CONFIRMATION_OK"
5947,4018015354,4018015394,1,"IOTHUB_CLIENT_CONFIRMATION_OK"
5948,4018015554,4018015588,1,"IOTHUB_CLIENT_CONFIRMATION_OK"
5949,4018015754,4018015791,1,"IOTHUB_CLIENT_CONFIRMATION_OK"
5950,4018015955,4018016009,1,"IOTHUB_CLIENT_CONFIRMATION_OK"
5951,4018016155,4018016191,1,"IOTHUB_CLIENT_CONFIRMATION_OK"
5952,4018016355,4018016390,1,"IOTHUB_CLIENT_CONFIRMATION_OK"
5953,4018016555,4018016744,1,"IOTHUB_CLIENT_CONFIRMATION_OK"
5954,4018016755,4018016803,1,"IOTHUB_CLIENT_CONFIRMATION_OK"
5955,4018016955,4018017021,1,"IOTHUB_CLIENT_CONFIRMATION_OK"
5956,4018017156,4018017204,1,"IOTHUB_CLIENT_CONFIRMATION_OK"
5957,4018017356,4018017430,1,"IOTHUB_CLIENT_CONFIRMATION_OK"
5958,4018017556,4018017650,1,"IOTHUB_CLIENT_CONFIRMATION_OK"
5959,4018017756,4018017788,1,"IOTHUB_CLIENT_CONFIRMATION_OK"
5960,4018017956,4018017988,1,"IOTHUB_CLIENT_CONFIRMATION_OK"
5961,4018018156,4018018628,1,"IOTHUB_CLIENT_CONFIRMATION_OK"
5962,4018018357,4018018683,1,"IOTHUB_CLIENT_CONFIRMATION_OK"
5963,4018018557,4018018880,1,"IOTHUB_CLIENT_CONFIRMATION_OK"
5964,4018018757,4018018910,1,"IOTHUB_CLIENT_CONFIRMATION_OK"
5965,4018018957,4018018994,1,"IOTHUB_CLIENT_CONFIRMATION_OK"
5966,4018019157,4018019284,1,"IOTHUB_CLIENT_CONFIRMATION_OK"
5967,4018019357,4018019430,1,"IOTHUB_CLIENT_CONFIRMATION_OK"
5968,4018019557,4018019589,1,"IOTHUB_CLIENT_CONFIRMATION_OK"
5969,4018019758,4018019801,1,"IOTHUB_CLIENT_CONFIRMATION_OK"
5970,4018019958,4018020004,1,"IOTHUB_CLIENT_CONFIRMATION_OK"
5971,4018020158,4018020206,1,"IOTHUB_CLIENT_CONFIRMATION_OK"
5972,4018020358,4018020414,1,"IOTHUB_CLIENT_CONFIRMATION_OK"
5973,4018020558,4018020602,1,"IOTHUB_CLIENT_CONFIRMATION_OK"
5974,4018020758,4018020914,1,"IOTHUB_CLIENT_CONFIRMATION_OK"
5975,4018020959,4018020989,1,"IOTHUB_CLIENT_CONFIRMATION_OK"
5976,4018021159,4018021234,1,"IOTHUB_CLIENT_CONFIRMATION_OK"
5977,4018021359,4018021394,1,"IOTHUB_CLIENT_CONFIRMATION_OK"
5978,4018021559,4018021609,1,"IOTHUB_CLIENT_CONFIRMATION_OK"
5979,4018021759,4018021796,1,"IOTHUB_CLIENT_CONFIRMATION_OK"
5980,4018021959,4018021992,1,"IOTHUB_CLIENT_CONFIRMATION_OK"
5981,4018022159,4018022188,1,"IOTHUB_CLIENT_CONFIRMATION_OK"
5982,4018022360,4018022529,1,"IOTHUB_CLIENT_CONFIRMATION_OK"
5983,4018022560,4018022599,1,"IOTHUB_CLIENT_CONFIRMATION_OK"
5984,4018022760,4018022793,1,"IOTHUB_CLIENT_CONFIRMATION_OK"
5985,4018022960,4018023053,1,"IOTHUB_CLIENT_CONFIRMATION_OK"
5986,4018023160,4018023195,1,"IOTHUB_CLIENT_CONFIRMATION_OK"
5987,4018023360,4018023394,1,"IOTHUB_CLIENT_CONFIRMATION_OK"
5988,4018023560,4018023596,1,"IOTHUB_CLIENT_CONFIRMATION_OK"
5989,4018023761,4018023794,1,"IOTHUB_CLIENT_CONFIRMATION_OK"
5990,4018023961,4018024020,1,"IOTHUB_CLIENT_CONFIRMATION_OK"
5991,4018024161,4018024212,1,"IOTHUB_CLIENT_CONFIRMATION_OK"
5992,4018024361,4018024417,1,"IOTHUB_CLIENT_CONFIRMATION_OK"
5993,4018024561,4018024601,1,"IOTHUB_CLIENT_CONFIRMATION_OK"
5994,4018024761,4018024797,1,"IOTHUB_CLIENT_CONFIRMATION_OK"
5995,4018024962,4018025042,1,"IOTHUB_CLIENT_CONFIRMATION_OK"
5996,4018025162,4018025306,1,"IOTHUB_CLIENT_CONFIRMATION_OK"
5997,4018025362,4018025400,1,"IOTHUB_CLIENT_CONFIRMATION_OK"
5998,4018025562,4018025606,1,"IOTHUB_CLIENT_CONFIRMATION_OK"
5999,4018025762,4018025826,1,"IOTHUB_CLIENT_CONFIRMATION_OK"
6000,4018025962,4018026006,1,"IOTHUB_CLIENT_CONFIRMATION_OK"
6001,4018026162,4018026252,1,"IOTHUB_CLIENT_CONFIRMATION_OK"
6002,4018026363,4018026440,1,"IOTHUB_CLIENT_CONFIRMATION_OK"
6003,4018026563,4018026593,1,"IOTHUB_CLIENT_CONFIRMATION_OK"
6004,4018026763,4018026840,1,"IOTHUB_CLIENT_CONFIRMATION_OK"
6005,4018026963,4018027013,1,"IOTHUB_CLIENT_CONFIRMATION_OK"
6006,4018027163,4018027216,1,"IOTHUB_CLIENT_CONFIRMATION_OK"
6007,4018027363,4018027400,1,"IOTHUB_CLIENT_CONFIRMATION_OK"
6008,4018027563,4018027594,1,"IOTHUB_CLIENT_CONFIRMATION_OK"
6009,4018027764,4018027851,1,"IOTHUB_CLIENT_CONFIRMATION_OK"
6010,4018027964,4018028027,1,"IOTHUB_CLIENT_CONFIRMATION_OK"
6011,4018028164,4018028272,1,"IOTHUB_CLIENT_CONFIRMATION_OK"
6012,4018028364,4018028463,1,"IOTHUB_CLIENT_CONFIRMATION_OK"
6013,4018028564,4018028628,1,"IOTHUB_CLIENT_CONFIRMATION_OK"
6014,4018028764,4018028809,1,"IOTHUB_CLIENT_CONFIRMATION_OK"
6015,4018028965,4018029004,1,"IOTHUB_CLIENT_CONFIRMATION_OK"
6016,4018029165,4018029203,1,"IOTHUB_CLIENT_CONFIRMATION_OK"
6017,4018029365,4018029400,1,"IOTHUB_CLIENT_CONFIRMATION_OK"
6018,4018029565,4018029615,1,"IOTHUB_CLIENT_CONFIRMATION_OK"
6019,4018029765,4018029805,1,"IOTHUB_CLIENT_CONFIRMATION_OK"
6020,4018029965,4018030103,1,"IOTHUB_CLIENT_CONFIRMATION_OK"
6021,4018030166,4018030208,1,"IOTHUB_CLIENT_CONFIRMATION_OK"
6022,4018030366,4018030408,1,"IOTHUB_CLIENT_CONFIRMATION_OK"
6023,4018030566,4018030653,1,"IOTHUB_CLIENT_CONFIRMATION_OK"
6024,4018030766,4018030800,1,"IOTHUB_CLIENT_CONFIRMATION_OK"
6025,4018030966,4018031000,1,"IOTHUB_CLIENT_CONFIRMATION_OK"
6026,4018031166,4018031225,1,"IOTHUB_CLIENT_CONFIRMATION_OK"
6027,4018031367,4018031409,1,"IOTHUB_CLIENT_CONFIRMATION_OK"
6028,4018031567,4018031779,1,"IOTHUB_CLIENT_CONFIRMATION_OK"
6029,4018031767,4018031805,1,"IOTHUB_CLIENT_CONFIRMATION_OK"
6030,4018031967,4018032000,1,"IOTHUB_CLIENT_CONFIRMATION_OK"
6031,4018032167,4018032201,1,"IOTHUB_CLIENT_CONFIRMATION_OK"
6032,4018032367,4018032436,1,"IOTHUB_CLIENT_CONFIRMATION_OK"
6033,4018032568,4018032599,1,"IOTHUB_CLIENT_CONFIRMATION_OK"
6034,4018032768,4018032800,1,"IOTHUB_CLIENT_CONFIRMATION_OK"
6035,4018032968,4018032998,1,"IOTHUB_CLIENT_CONFIRMATION_OK"
6036,4018033168,4018033219,1,"IOTHUB_CLIENT_CONFIRMATION_OK"
6037,4018033368,4018033410,1,"IOTHUB_CLIENT_CONFIRMATION_OK"
6038,4018033568,4018033615,1,"IOTHUB_CLIENT_CONFIRMATION_OK"
6039,4018033768,4018033814,1,"IOTHUB_CLIENT_CONFIRMATION_OK"
6040,4018033969,4018034032,1,"IOTHUB_CLIENT_CONFIRMATION_OK"
6041,4018034169,4018034224,1,"IOTHUB_CLIENT_CONFIRMATION_OK"
6042,4018034369,4018034419,1,"IOTHUB_CLIENT_CONFIRMATION_OK"
6043,4018034569,4018034604,1,"IOTHUB_CLIENT_CONFIRMATION_OK"
6044,4018034769,4018034817,1,"IOTHUB_CLIENT_CONFIRMATION_OK"
6045,4018034969,4018035009,1,"IOTHUB_CLIENT_CONFIRMATION_OK"
6046,4018035170,4018035262,1,"IOTHUB_CLIENT_CONFIRMATION_OK"
6047,4018035370,4018035438,1,"IOTHUB_CLIENT_CONFIRMATION_OK"
6048,4018035570,4018035600,1,"IOTHUB_CLIENT_CONFIRMATION_OK"
6049,4018035770,4018035804,1,"IOTHUB_CLIENT_CONFIRMATION_OK"
6050,4018035970,4018036084,1,"IOTHUB_CLIENT_CONFIRMATION_OK"
6051,4018036170,4018036208,1,"IOTHUB_CLIENT_CONFIRMATION_OK"
6052,4018036371,4018036412,1,"IOTHUB_CLIENT_CONFIRMATION_OK"
6053,4018036571,4018036604,1,"IOTHUB_CLIENT_CONFIRMATION_OK"
6054,4018036771,4018036868,1,"IOTHUB_CLIENT_CONFIRMATION_OK"
6055,4018036971,4018037098,1,"IOTHUB_CLIENT_CONFIRMATION_OK"
6056,4018037171,4018037210,1,"IOTHUB_CLIENT_CONFIRMATION_OK"
6057,4018037371,4018037407,1,"IOTHUB_CLIENT_CONFIRMATION_OK"
6058,4018037572,4018037611,1,"IOTHUB_CLIENT_CONFIRMATION_OK"
6059,4018037772,4018037804,1,"IOTHUB_CLIENT_CONFIRMATION_OK"
6060,4018037972,4018038019,1,"IOTHUB_CLIENT_CONFIRMATION_OK"
6061,4018038172,4018038208,1,"IOTHUB_CLIENT_CONFIRMATION_OK"
6062,4018038372,4018038407,1,"IOTHUB_CLIENT_CONFIRMATION_OK"
6063,4018038572,4018038721,1,"IOTHUB_CLIENT_CONFIRMATION_OK"
6064,4018038773,4018038824,1,"IOTHUB_CLIENT_CONFIRMATION_OK"
6065,4018038973,4018039012,1,"IOTHUB_CLIENT_CONFIRMATION_OK"
6066,4018039173,4018039224,1,"IOTHUB_CLIENT_CONFIRMATION_OK"
6067,4018039373,4018039410,1,"IOTHUB_CLIENT_CONFIRMATION_OK"
6068,4018039573,4018039639,1,"IOTHUB_CLIENT_CONFIRMATION_OK"
6069,4018039773,4018039812,1,"IOTHUB_CLIENT_CONFIRMATION_OK"
6070,4018039974,4018040013,1,"IOTHUB_CLIENT_CONFIRMATION_OK"
6071,4018040174,4018040343,1,"IOTHUB_CLIENT_CONFIRMATION_OK"
6072,4018040374,4018040407,1,"IOTHUB_CLIENT_CONFIRMATION_OK"
6073,4018040574,4018040604,1,"IOTHUB_CLIENT_CONFIRMATION_OK"
6074,4018040774,4018040819,1,"IOTHUB_CLIENT_CONFIRMATION_OK"
6075,4018040974,4018041007,1,"IOTHUB_CLIENT_CONFIRMATION_OK"
6076,4018041174,4018041224,1,"IOTHUB_CLIENT_CONFIRMATION_OK"
6077,4018041375,4018041415,1,"IOTHUB_CLIENT_CONFIRMATION_OK"
6078,4018041575,4018041610,1,"IOTHUB_CLIENT_CONFIRMATION_OK"
6079,4018041775,4018041826,1,"IOTHUB_CLIENT_CONFIRMATION_OK"
6080,4018041975,4018042034,1,"IOTHUB_CLIENT_CONFIRMATION_OK"
6081,4018042176,4018042212,1,"IOTHUB_CLIENT_CONFIRMATION_OK"
6082,4018042376,4018042407,1,"IOTHUB_CLIENT_CONFIRMATION_OK"
6083,4018042576,4018042612,1,"IOTHUB_CLIENT_CONFIRMATION_OK"
6084,4018042776,4018042891,1,"IOTHUB_CLIENT_CONFIRMATION_OK"
6085,4018042976,4018043018,1,"IOTHUB_CLIENT_CONFIRMATION_OK"
6086,4018043176,4018043213,1,"IOTHUB_CLIENT_CONFIRMATION_OK"
6087,4018043377,4018043415,1,"IOTHUB_CLIENT_CONFIRMATION_OK"
6088,4018043577,4018043612,1,"IOTHUB_CLIENT_CONFIRMATION_OK"
6089,4018043777,4018043808,1,"IOTHUB_CLIENT_CONFIRMATION_OK"
6090,4018043977,4018044022,1,"IOTHUB_CLIENT_CONFIRMATION_OK"
6091,4018044177,4018044217,1,"IOTHUB_CLIENT_CONFIRMATION_OK"
6092,4018044377,4018044425,1,"IOTHUB_CLIENT_CONFIRMATION_OK"
6093,4018044577,4018044612,1,"IOTHUB_CLIENT_CONFIRMATION_OK"
6094,4018044778,4018044807,1,"IOTHUB_CLIENT_CONFIRMATION_OK"
6095,4018044978,4018045015,1,"IOTHUB_CLIENT_CONFIRMATION_OK"
6096,4018045178,4018045224,1,"IOTHUB_CLIENT_CONFIRMATION_OK"
6097,4018045378,4018045419,1,"IOTHUB_CLIENT_CONFIRMATION_OK"
6098,4018045578,4018045607,1,"IOTHUB_CLIENT_CONFIRMATION_OK"
6099,4018045778,4018045813,1,"IOTHUB_CLIENT_CONFIRMATION_OK"
6100,4018045978,4018046010,1,"IOTHUB_CLIENT_CONFIRMATION_OK"
6101,4018046179,4018046241,1,"IOTHUB_CLIENT_CONFIRMATION_OK"
6102,4018046379,4018046413,1,"IOTHUB_CLIENT_CONFIRMATION_OK"
6103,4018046579,4018046615,1,"IOTHUB_CLIENT_CONFIRMATION_OK"
6104,4018046779,4018046896,1,"IOTHUB_CLIENT_CONFIRMATION_OK"
6105,4018046979,4018047012,1,"IOTHUB_CLIENT_CONFIRMATION_OK"
6106,4018047179,4018047213,1,"IOTHUB_CLIENT_CONFIRMATION_OK"
6107,4018047380,4018047444,1,"IOTHUB_CLIENT_CONFIRMATION_OK"
6108,4018047580,4018047621,1,"IOTHUB_CLIENT_CONFIRMATION_OK"
6109,4018047780,4018047857,1,"IOTHUB_CLIENT_CONFIRMATION_OK"
6110,4018047980,4018048034,1,"IOTHUB_CLIENT_CONFIRMATION_OK"
6111,4018048180,4018048278,1,"IOTHUB_CLIENT_CONFIRMATION_OK"
6112,4018048380,4018048499,1,"IOTHUB_CLIENT_CONFIRMATION_OK"
6113,4018048580,4018048612,1,"IOTHUB_CLIENT_CONFIRMATION_OK"
6114,4018048781,4018048817,1,"IOTHUB_CLIENT_CONFIRMATION_OK"
6115,4018048981,4018049033,1,"IOTHUB_CLIENT_CONFIRMATION_OK"
6116,4018049181,4018049257,1,"IOTHUB_CLIENT_CONFIRMATION_OK"
6117,4018049381,4018049502,1,"IOTHUB_CLIENT_CONFIRMATION_OK"
6118,4018049581,4018049617,1,"IOTHUB_CLIENT_CONFIRMATION_OK"
6119,4018049781,4018049816,1,"IOTHUB_CLIENT_CONFIRMATION_OK"
6120,4018049982,4018050143,1,"IOTHUB_CLIENT_CONFIRMATION_OK"
6121,4018050182,4018050215,1,"IOTHUB_CLIENT_CONFIRMATION_OK"
6122,4018050382,4018050456,1,"IOTHUB_CLIENT_CONFIRMATION_OK"
6123,4018050582,4018050617,1,"IOTHUB_CLIENT_CONFIRMATION_OK"
6124,4018050782,4018050814,1,"IOTHUB_CLIENT_CONFIRMATION_OK"
6125,4018050982,4018051025,1,"IOTHUB_CLIENT_CONFIRMATION_OK"
6126,4018051182,4018051238,1,"IOTHUB_CLIENT_CONFIRMATION_OK"
6127,4018051383,4018051418,1,"IOTHUB_CLIENT_CONFIRMATION_OK"
6128,4018051583,4018051757,1,"IOTHUB_CLIENT_CONFIRMATION_OK"
6129,4018051783,4018051817,1,"IOTHUB_CLIENT_CONFIRMATION_OK"
6130,4018051983,4018052019,1,"IOTHUB_CLIENT_CONFIRMATION_OK"
6131,4018052183,4018052226,1,"IOTHUB_CLIENT_CONFIRMATION_OK"
6132,4018052383,4018052430,1,"IOTHUB_CLIENT_CONFIRMATION_OK"
6133,4018052584,4018052614,1,"IOTHUB_CLIENT_CONFIRMATION_OK"
6134,4018052784,4018052815,1,"IOTHUB_CLIENT_CONFIRMATION_OK"
6135,4018052984,4018053033,1,"IOTHUB_CLIENT_CONFIRMATION_OK"
6136,4018053184,4018053217,1,"IOTHUB_CLIENT_CONFIRMATION_OK"
6137,4018053384,4018053428,1,"IOTHUB_CLIENT_CONFIRMATION_OK"
6138,4018053584,4018053616,1,"IOTHUB_CLIENT_CONFIRMATION_OK"
6139,4018053785,4018053827,1,"IOTHUB_CLIENT_CONFIRMATION_OK"
6140,4018053985,4018054023,1,"IOTHUB_CLIENT_CONFIRMATION_OK"
6141,4018054185,4018054215,1,"IOTHUB_CLIENT_CONFIRMATION_OK"
6142,4018054385,4018054429,1,"IOTHUB_CLIENT_CONFIRMATION_OK"
6143,4018054585,4018054618,1,"IOTHUB_CLIENT_CONFIRMATION_OK"
6144,4018054785,4018054862,1,"IOTHUB_CLIENT_CONFIRMATION_OK"
6145,4018054985,4018055021,1,"IOTHUB_CLIENT_CONFIRMATION_OK"
6146,4018055186,4018055215,1,"IOTHUB_CLIENT_CONFIRMATION_OK"
6147,4018055386,4018055416,1,"IOTHUB_CLIENT_CONFIRMATION_OK"
6148,4018055586,4018055618,1,"IOTHUB_CLIENT_CONFIRMATION_OK"
6149,4018055786,4018055820,1,"IOTHUB_CLIENT_CONFIRMATION_OK"
6150,4018055986,4018056041,1,"IOTHUB_CLIENT_CONFIRMATION_OK"
6151,4018056186,4018056219,1,"IOTHUB_CLIENT_CONFIRMATION_OK"
6152,4018056387,4018056439,1,"IOTHUB_CLIENT_CONFIRMATION_OK"
6153,4018056587,4018056627,1,"IOTHUB_CLIENT_CONFIRMATION_OK"
6154,4018056787,4018056830,1,"IOTHUB_CLIENT_CONFIRMATION_OK"
6155,4018056987,4018057053,1,"IOTHUB_CLIENT_CONFIRMATION_OK"
6156,4018057187,4018057232,1,"IOTHUB_CLIENT_CONFIRMATION_OK"
6157,4018057387,4018057447,1,"IOTHUB_CLIENT_CONFIRMATION_OK"
6158,4018057588,4018057715,1,"IOTHUB_CLIENT_CONFIRMATION_OK"
6159,4018057788,4018057827,1,"IOTHUB_CLIENT_CONFIRMATION_OK"
6160,4018057988,4018058033,1,"IOTHUB_CLIENT_CONFIRMATION_OK"
6161,4018058188,4018058224,1,"IOTHUB_CLIENT_CONFIRMATION_OK"
6162,4018058388,4018058419,1,"IOTHUB_CLIENT_CONFIRMATION_OK"
6163,4018058588,4018058740,1,"IOTHUB_CLIENT_CONFIRMATION_OK"
6164,4018058789,4018058838,1,"IOTHUB_CLIENT_CONFIRMATION_OK"
6165,4018058989,4018059102,1,"IOTHUB_CLIENT_CONFIRMATION_OK"
6166,4018059189,4018059310,1,"IOTHUB_CLIENT_CONFIRMATION_OK"
6167,4018059389,4018059424,1,"IOTHUB_CLIENT_CONFIRMATION_OK"
6168,4018059589,4018059620,1,"IOTHUB_CLIENT_CONFIRMATION_OK"
6169,4018059789,4018059823,1,"IOTHUB_CLIENT_CONFIRMATION_OK"
6170,4018059990,4018060023,1,"IOTHUB_CLIENT_CONFIRMATION_OK"
6171,4018060190,4018060301,1,"IOTHUB_CLIENT_CONFIRMATION_OK"
6172,4018060390,4018060460,1,"IOTHUB_CLIENT_CONFIRMATION_OK"
6173,4018060590,4018060623,1,"IOTHUB_CLIENT_CONFIRMATION_OK"
6174,4018060790,4018060917,1,"IOTHUB_CLIENT_CONFIRMATION_OK"
6175,4018060990,4018061025,1,"IOTHUB_CLIENT_CONFIRMATION_OK"
6176,4018061191,4018061236,1,"IOTHUB_CLIENT_CONFIRMATION_OK"
6177,4018061391,4018061441,1,"IOTHUB_CLIENT_CONFIRMATION_OK"
6178,4018061591,4018061649,1,"IOTHUB_CLIENT_CONFIRMATION_OK"
6179,4018061791,4018061825,1,"IOTHUB_CLIENT_CONFIRMATION_OK"
6180,4018061991,4018062046,1,"IOTHUB_CLIENT_CONFIRMATION_OK"
6181,4018062191,4018062230,1,"IOTHUB_CLIENT_CONFIRMATION_OK"
6182,4018062392,4018062541,1,"IOTHUB_CLIENT_CONFIRMATION_OK"
6183,4018062592,4018062640,1,"IOTHUB_CLIENT_CONFIRMATION_OK"
6184,4018062792,4018062825,1,"IOTHUB_CLIENT_CONFIRMATION_OK"
6185,4018062992,4018063035,1,"IOTHUB_CLIENT_CONFIRMATION_OK"
6186,4018063192,4018063223,1,"IOTHUB_CLIENT_CONFIRMATION_OK"
6187,4018063392,4018063423,1,"IOTHUB_CLIENT_CONFIRMATION_OK"
6188,4018063592,4018063626,1,"IOTHUB_CLIENT_CONFIRMATION_OK"
6189,4018063793,4018063836,1,"IOTHUB_CLIENT_CONFIRMATION_OK"
6190,4018063993,4018064196,1,"IOTHUB_CLIENT_CONFIRMATION_OK"
6191,4018064193,4018064317,1,"IOTHUB_CLIENT_CONFIRMATION_OK"
6192,4018064393,4018064438,1,"IOTHUB_CLIENT_CONFIRMATION_OK"
6193,4018064593,4018064634,1,"IOTHUB_CLIENT_CONFIRMATION_OK"
6194,4018064793,4018064895,1,"IOTHUB_CLIENT_CONFIRMATION_OK"
6195,4018064994,4018065031,1,"IOTHUB_CLIENT_CONFIRMATION_OK"
6196,4018065194,4018065236,1,"IOTHUB_CLIENT_CONFIRMATION_OK"
6197,4018065394,4018065434,1,"IOTHUB_CLIENT_CONFIRMATION_OK"
6198,4018065594,4018065687,1,"IOTHUB_CLIENT_CONFIRMATION_OK"
6199,4018065794,4018065845,1,"IOTHUB_CLIENT_CONFIRMATION_OK"
6200,4018065994,4018066031,1,"IOTHUB_CLIENT_CONFIRMATION_OK"
6201,4018066194,4018066296,1,"IOTHUB_CLIENT_CONFIRMATION_OK"
6202,4018066395,4018066429,1,"IOTHUB_CLIENT_CONFIRMATION_OK"
6203,4018066595,4018066626,1,"IOTHUB_CLIENT_CONFIRMATION_OK"
6204,4018066795,4018066841,1,"IOTHUB_CLIENT_CONFIRMATION_OK"
6205,4018066995,4018067042,1,"IOTHUB_CLIENT_CONFIRMATION_OK"
6206,4018067195,4018067228,1,"IOTHUB_CLIENT_CONFIRMATION_OK"
6207,4018067395,4018067430,1,"IOTHUB_CLIENT_CONFIRMATION_OK"
6208,4018067596,4018067629,1,"IOTHUB_CLIENT_CONFIRMATION_OK"
6209,4018067796,4018067921,1,"IOTHUB_CLIENT_CONFIRMATION_OK"
6210,4018067996,4018068080,1,"IOTHUB_CLIENT_CONFIRMATION_OK"
6211,4018068196,4018068241,1,"IOTHUB_CLIENT_CONFIRMATION_OK"
6212,4018068396,4018068428,1,"IOTHUB_CLIENT_CONFIRMATION_OK"
6213,4018068596,4018068629,1,"IOTHUB_CLIENT_CONFIRMATION_OK"
6214,4018068797,4018068857,1,"IOTHUB_CLIENT_CONFIRMATION_OK"
6215,4018068997,4018069031,1,"IOTHUB_CLIENT_CONFIRMATION_OK"
6216,4018069197,4018069248,1,"IOTHUB_CLIENT_CONFIRMATION_OK"
6217,4018069397,4018069563,1,"IOTHUB_CLIENT_CONFIRMATION_OK"
6218,4018069597,4018069635,1,"IOTHUB_CLIENT_CONFIRMATION_OK"
6219,4018069797,4018069851,1,"IOTHUB_CLIENT_CONFIRMATION_OK"
6220,4018069998,4018070051,1,"IOTHUB_CLIENT_CONFIRMATION_OK"
6221,4018070198,4018070228,1,"IOTHUB_CLIENT_CONFIRMATION_OK"
6222,4018070398,4018070431,1,"IOTHUB_CLIENT_CONFIRMATION_OK"
6223,4018070598,4018070684,1,"IOTHUB_CLIENT_CONFIRMATION_OK"
6224,4018070798,4018070831,1,"IOTHUB_CLIENT_CONFIRMATION_OK"
6225,4018070998,4018071170,1,"IOTHUB_CLIENT_CONFIRMATION_OK"
6226,4018071199,4018071281,1,"IOTHUB_CLIENT_CONFIRMATION_OK"
6227,4018071399,4018071448,1,"IOTHUB_CLIENT_CONFIRMATION_OK"
6228,4018071599,4018071637,1,"IOTHUB_CLIENT_CONFIRMATION_OK"
6229,4018071799,4018071854,1,"IOTHUB_CLIENT_CONFIRMATION_OK"
6230,4018071999,4018072032,1,"IOTHUB_CLIENT_CONFIRMATION_OK"
6231,4018072199,4018072254,1,"IOTHUB_CLIENT_CONFIRMATION_OK"
6232,4018072400,4018072444,1,"IOTHUB_CLIENT_CONFIRMATION_OK"
6233,4018072600,4018072638,1,"IOTHUB_CLIENT_CONFIRMATION_OK"
6234,4018072800,4018072844,1,"IOTHUB_CLIENT_CONFIRMATION_OK"
6235,4018073000,4018073048,1,"IOTHUB_CLIENT_CONFIRMATION_OK"
6236,4018073200,4018073274,1,"IOTHUB_CLIENT_CONFIRMATION_OK"
6237,4018073400,4018073445,1,"IOTHUB_CLIENT_CONFIRMATION_OK"
6238,4018073601,4018073635,1,"IOTHUB_CLIENT_CONFIRMATION_OK"
6239,4018073801,4018073880,1,"IOTHUB_CLIENT_CONFIRMATION_OK"
6240,4018074001,4018074035,1,"IOTHUB_CLIENT_CONFIRMATION_OK"
6241,4018074201,4018074247,1,"IOTHUB_CLIENT_CONFIRMATION_OK"
6242,4018074401,4018074443,1,"IOTHUB_CLIENT_CONFIRMATION_OK"
6243,4018074601,4018074634,1,"IOTHUB_CLIENT_CONFIRMATION_OK"
6244,4018074802,4018074925,1,"IOTHUB_CLIENT_CONFIRMATION_OK"
6245,4018075002,4018075036,1,"IOTHUB_CLIENT_CONFIRMATION_OK"
6246,4018075202,4018075234,1,"IOTHUB_CLIENT_CONFIRMATION_OK"
6247,4018075402,4018075494,1,"IOTHUB_CLIENT_CONFIRMATION_OK"
6248,4018075602,4018075636,1,"IOTHUB_CLIENT_CONFIRMATION_OK"
6249,4018075802,4018075884,1,"IOTHUB_CLIENT_CONFIRMATION_OK"
6250,4018076003,4018076037,1,"IOTHUB_CLIENT_CONFIRMATION_OK"
6251,4018076203,4018076236,1,"IOTHUB_CLIENT_CONFIRMATION_OK"
6252,4018076403,4018076509,1,"IOTHUB_CLIENT_CONFIRMATION_OK"
6253,4018076603,4018076639,1,"IOTHUB_CLIENT_CONFIRMATION_OK"
6254,4018076803,4018076839,1,"IOTHUB_CLIENT_CONFIRMATION_OK"
6255,4018077003,4018077121,1,"IOTHUB_CLIENT_CONFIRMATION_OK"
6256,4018077204,4018077236,1,"IOTHUB_CLIENT_CONFIRMATION_OK"
6257,4018077404,4018077438,1,"IOTHUB_CLIENT_CONFIRMATION_OK"
6258,4018077604,4018077643,1,"IOTHUB_CLIENT_CONFIRMATION_OK"
6259,4018077804,4018077883,1,"IOTHUB_CLIENT_CONFIRMATION_OK"
6260,4018078004,4018078047,1,"IOTHUB_CLIENT_CONFIRMATION_OK"
6261,4018078204,4018078240,1,"IOTHUB_CLIENT_CONFIRMATION_OK"
6262,4018078404,4018078441,1,"IOTHUB_CLIENT_CONFIRMATION_OK"
6263,4018078605,4018078788,1,"IOTHUB_CLIENT_CONFIRMATION_OK"
6264,4018078805,4018078838,1,"IOTHUB_CLIENT_CONFIRMATION_OK"
6265,4018079005,4018079036,1,"IOTHUB_CLIENT_CONFIRMATION_OK"
6266,4018079205,4018079237,1,"IOTHUB_CLIENT_CONFIRMATION_OK"
6267,4018079405,4018079466,1,"IOTHUB_CLIENT_CONFIRMATION_OK"
6268,4018079605,4018079643,1,"IOTHUB_CLIENT_CONFIRMATION_OK"
6269,4018079806,4018079836,1,"IOTHUB_CLIENT_CONFIRMATION_OK"
6270,4018080006,4018080039,1,"IOTHUB_CLIENT_CONFIRMATION_OK"
6271,4018080206,4018080397,1,"IOTHUB_CLIENT_CONFIRMATION_OK"
6272,4018080406,4018080451,1,"IOTHUB_CLIENT_CONFIRMATION_OK"
6273,4018080606,4018080645,1,"IOTHUB_CLIENT_CONFIRMATION_OK"
6274,4018080806,4018080841,1,"IOTHUB_CLIENT_CONFIRMATION_OK"
6275,4018081007,4018081051,1,"IOTHUB_CLIENT_CONFIRMATION_OK"
6276,4018081207,4018081588,1,"IOTHUB_CLIENT_CONFIRMATION_OK"
6277,4018081407,4018081608,1,"IOTHUB_CLIENT_CONFIRMATION_OK"
6278,4018081607,4018081674,1,"IOTHUB_CLIENT_CONFIRMATION_OK"
6279,4018081807,4018081837,1,"IOTHUB_CLIENT_CONFIRMATION_OK"
6280,4018082007,4018082064,1,"IOTHUB_CLIENT_CONFIRMATION_OK"
6281,4018082208,4018082242,1,"IOTHUB_CLIENT_CONFIRMATION_OK"
6282,4018082408,4018082456,1,"IOTHUB_CLIENT_CONFIRMATION_OK"
6283,4018082608,4018082638,1,"IOTHUB_CLIENT_CONFIRMATION_OK"
6284,4018082808,4018082844,1,"IOTHUB_CLIENT_CONFIRMATION_OK"
6285,4018083008,4018083074,1,"IOTHUB_CLIENT_CONFIRMATION_OK"
6286,4018083208,4018083271,1,"IOTHUB_CLIENT_CONFIRMATION_OK"
6287,4018083409,4018083440,1,"IOTHUB_CLIENT_CONFIRMATION_OK"
6288,4018083609,4018083649,1,"IOTHUB_CLIENT_CONFIRMATION_OK"
6289,4018083809,4018084062,1,"IOTHUB_CLIENT_CONFIRMATION_OK"
6290,4018084009,4018084162,1,"IOTHUB_CLIENT_CONFIRMATION_OK"
6291,4018084209,4018084247,1,"IOTHUB_CLIENT_CONFIRMATION_OK"
6292,4018084409,4018084466,1,"IOTHUB_CLIENT_CONFIRMATION_OK"
6293,4018084610,4018084643,1,"IOTHUB_CLIENT_CONFIRMATION_OK"
6294,4018084810,4018084842,1,"IOTHUB_CLIENT_CONFIRMATION_OK"
6295,4018085010,4018085047,1,"IOTHUB_CLIENT_CONFIRMATION_OK"
6296,4018085210,4018085241,1,"IOTHUB_CLIENT_CONFIRMATION_OK"
6297,4018085410,4018085440,1,"IOTHUB_CLIENT_CONFIRMATION_OK"
6298,4018085610,4018085740,1,"IOTHUB_CLIENT_CONFIRMATION_OK"
6299,4018085810,4018085845,1,"IOTHUB_CLIENT_CONFIRMATION_OK"
6300,4018086011,4018086052,1,"IOTHUB_CLIENT_CONFIRMATION_OK"
6301,4018086211,4018086248,1,"IOTHUB_CLIENT_CONFIRMATION_OK"
6302,4018086411,4018086444,1,"IOTHUB_CLIENT_CONFIRMATION_OK"
6303,4018086611,4018086641,1,"IOTHUB_CLIENT_CONFIRMATION_OK"
6304,4018086811,4018086841,1,"IOTHUB_CLIENT_CONFIRMATION_OK"
6305,4018087011,4018087084,1,"IOTHUB_CLIENT_CONFIRMATION_OK"
6306,4018087211,4018087261,1,"IOTHUB_CLIENT_CONFIRMATION_OK"
6307,4018087412,4018087451,1,"IOTHUB_CLIENT_CONFIRMATION_OK"
6308,4018087612,4018087646,1,"IOTHUB_CLIENT_CONFIRMATION_OK"
6309,4018087812,4018087918,1,"IOTHUB_CLIENT_CONFIRMATION_OK"
6310,4018088012,4018088044,1,"IOTHUB_CLIENT_CONFIRMATION_OK"
6311,4018088212,4018088245,1,"IOTHUB_CLIENT_CONFIRMATION_OK"
6312,4018088412,4018088456,1,"IOTHUB_CLIENT_CONFIRMATION_OK"
6313,4018088613,4018088654,1,"IOTHUB_CLIENT_CONFIRMATION_OK"
6314,4018088813,4018088888,1,"IOTHUB_CLIENT_CONFIRMATION_OK"
6315,4018089013,4018089044,1,"IOTHUB_CLIENT_CONFIRMATION_OK"
6316,4018089213,4018089261,1,"IOTHUB_CLIENT_CONFIRMATION_OK"
6317,4018089413,4018089541,1,"IOTHUB_CLIENT_CONFIRMATION_OK"
6318,4018089613,4018089657,1,"IOTHUB_CLIENT_CONFIRMATION_OK"
6319,4018089814,4018089846,1,"IOTHUB_CLIENT_CONFIRMATION_OK"
6320,4018090014,4018090071,1,"IOTHUB_CLIENT_CONFIRMATION_OK"
6321,4018090214,4018090252,1,"IOTHUB_CLIENT_CONFIRMATION_OK"
6322,4018090414,4018090456,1,"IOTHUB_CLIENT_CONFIRMATION_OK"
6323,4018090614,4018090650,1,"IOTHUB_CLIENT_CONFIRMATION_OK"
6324,4018090814,4018090871,1,"IOTHUB_CLIENT_CONFIRMATION_OK"
6325,4018091014,4018091048,1,"IOTHUB_CLIENT_CONFIRMATION_OK"
6326,4018091215,4018091250,1,"IOTHUB_CLIENT_CONFIRMATION_OK"
6327,4018091415,4018091452,1,"IOTHUB_CLIENT_CONFIRMATION_OK"
6328,4018091615,4018091645,1,"IOTHUB_CLIENT_CONFIRMATION_OK"
6329,4018091815,4018091867,1,"IOTHUB_CLIENT_CONFIRMATION_OK"
6330,4018092015,4018092059,1,"IOTHUB_CLIENT_CONFIRMATION_OK"
6331,4018092215,4018092363,1,"IOTHUB_CLIENT_CONFIRMATION_OK"
6332,4018092416,4018092450,1,"IOTHUB_CLIENT_CONFIRMATION_OK"
6333,4018092616,4018092750,1,"IOTHUB_CLIENT_CONFIRMATION_OK"
6334,4018092816,4018092854,1,"IOTHUB_CLIENT_CONFIRMATION_OK"
6335,4018093016,4018093060,1,"IOTHUB_CLIENT_CONFIRMATION_OK"
6336,4018093216,4018093328,1,"IOTHUB_CLIENT_CONFIRMATION_OK"
6337,4018093416,4018093453,1,"IOTHUB_CLIENT_CONFIRMATION_OK"
6338,4018093617,4018093660,1,"IOTHUB_CLIENT_CONFIRMATION_OK"
6339,4018093817,4018093994,1,"IOTHUB_CLIENT_CONFIRMATION_OK"
6340,4018094017,4018094059,1,"IOTHUB_CLIENT_CONFIRMATION_OK"
6341,4018094217,4018094452,1,"IOTHUB_CLIENT_CONFIRMATION_OK"
6342,4018094417,4018094492,1,"IOTHUB_CLIENT_CONFIRMATION_OK"
6343,4018094617,4018094658,1,"IOTHUB_CLIENT_CONFIRMATION_OK"
6344,4018094817,4018094958,1,"IOTHUB_CLIENT_CONFIRMATION_OK"
6345,4018095018,4018095053,1,"IOTHUB_CLIENT_CONFIRMATION_OK"
6346,4018095218,4018095256,1,"IOTHUB_CLIENT_CONFIRMATION_OK"
6347,4018095418,4018095458,1,"IOTHUB_CLIENT_CONFIRMATION_OK"
6348,4018095618,4018095680,1,"IOTHUB_CLIENT_CONFIRMATION_OK"
6349,4018095818,4018095869,1,"IOTHUB_CLIENT_CONFIRMATION_OK"
6350,4018096019,4018096051,1,"IOTHUB_CLIENT_CONFIRMATION_OK"
6351,4018096219,4018096254,1,"IOTHUB_CLIENT_CONFIRMATION_OK"
6352,4018096419,4018096577,1,"IOTHUB_CLIENT_CONFIRMATION_OK"
6353,4018096619,4018096652,1,"IOTHUB_CLIENT_CONFIRMATION_OK"
6354,4018096819,4018096875,1,"IOTHUB_CLIENT_CONFIRMATION_OK"
6355,4018097019,4018097049,1,"IOTHUB_CLIENT_CONFIRMATION_OK"
6356,4018097220,4018097280,1,"IOTHUB_CLIENT_CONFIRMATION_OK"
6357,4018097420,4018097466,1,"IOTHUB_CLIENT_CONFIRMATION_OK"
6358,4018097620,4018097650,1,"IOTHUB_CLIENT_CONFIRMATION_OK"
6359,4018097820,4018097878,1,"IOTHUB_CLIENT_CONFIRMATION_OK"
6360,4018098020,4018098130,1,"IOTHUB_CLIENT_CONFIRMATION_OK"
6361,4018098220,4018098280,1,"IOTHUB_CLIENT_CONFIRMATION_OK"
6362,4018098420,4018098454,1,"IOTHUB_CLIENT_CONFIRMATION_OK"
6363,4018098621,4018098687,1,"IOTHUB_CLIENT_CONFIRMATION_OK"
6364,4018098821,4018098851,1,"IOTHUB_CLIENT_CONFIRMATION_OK"
6365,4018099021,4018099066,1,"IOTHUB_CLIENT_CONFIRMATION_OK"
6366,4018099221,4018099257,1,"IOTHUB_CLIENT_CONFIRMATION_OK"
6367,4018099421,4018099457,1,"IOTHUB_CLIENT_CONFIRMATION_OK"
6368,4018099622,4018099675,1,"IOTHUB_CLIENT_CONFIRMATION_OK"
6369,4018099822,4018099860,1,"IOTHUB_CLIENT_CONFIRMATION_OK"
6370,4018100022,4018100062,1,"IOTHUB_CLIENT_CONFIRMATION_OK"
6371,4018100222,4018100267,1,"IOTHUB_CLIENT_CONFIRMATION_OK"
6372,4018100422,4018100456,1,"IOTHUB_CLIENT_CONFIRMATION_OK"
6373,4018100622,4018100655,1,"IOTHUB_CLIENT_CONFIRMATION_OK"
6374,4018100822,4018100902,1,"IOTHUB_CLIENT_CONFIRMATION_OK"
6375,4018101023,4018101051,1,"IOTHUB_CLIENT_CONFIRMATION_OK"
6376,4018101223,4018101274,1,"IOTHUB_CLIENT_CONFIRMATION_OK"
6377,4018101423,4018101462,1,"IOTHUB_CLIENT_CONFIRMATION_OK"
6378,4018101623,4018101673,1,"IOTHUB_CLIENT_CONFIRMATION_OK"
6379,4018101823,4018101885,1,"IOTHUB_CLIENT_CONFIRMATION_OK"
6380,4018102023,4018102061,1,"IOTHUB_CLIENT_CONFIRMATION_OK"
6381,4018102224,4018102266,1,"IOTHUB_CLIENT_CONFIRMATION_OK"
6382,4018102424,4018102503,1,"IOTHUB_CLIENT_CONFIRMATION_OK"
6383,4018102624,4018102659,1,"IOTHUB_CLIENT_CONFIRMATION_OK"
6384,4018102824,4018102855,1,"IOTHUB_CLIENT_CONFIRMATION_OK"
6385,4018103024,4018103225,1,"IOTHUB_CLIENT_CONFIRMATION_OK"
6386,4018103224,4018103263,1,"IOTHUB_CLIENT_CONFIRMATION_OK"
6387,4018103425,4018103559,1,"IOTHUB_CLIENT_CONFIRMATION_OK"
6388,4018103625,4018103655,1,"IOTHUB_CLIENT_CONFIRMATION_OK"
6389,4018103825,4018103858,1,"IOTHUB_CLIENT_CONFIRMATION_OK"
6390,4018104025,4018105418,1,"IOTHUB_CLIENT_CONFIRMATION_OK"
6391,4018104225,4018105476,1,"IOTHUB_CLIENT_CONFIRMATION_OK"
6392,4018104425,4018105537,1,"IOTHUB_CLIENT_CONFIRMATION_OK"
6393,4018104626,4018105611,1,"IOTHUB_CLIENT_CONFIRMATION_OK"
6394,4018104826,4018105671,1,"IOTHUB_CLIENT_CONFIRMATION_OK"
6395,4018105026,4018105756,1,"IOTHUB_CLIENT_CONFIRMATION_OK"
6396,4018105226,4018105823,1,"IOTHUB_CLIENT_CONFIRMATION_OK"
6397,4018105426,4018105887,1,"IOTHUB_CLIENT_CONFIRMATION_OK"
6398,4018105626,4018106035,1,"IOTHUB_CLIENT_CONFIRMATION_OK"
6399,4018105827,4018106109,1,"IOTHUB_CLIENT_CONFIRMATION_OK"
6400,4018106027,4018106167,1,"IOTHUB_CLIENT_CONFIRMATION_OK"
6401,4018106227,4018106426,1,"IOTHUB_CLIENT_CONFIRMATION_OK"
6402,4018106427,4018106469,1,"IOTHUB_CLIENT_CONFIRMATION_OK"
6403,4018106627,4018106795,1,"IOTHUB_CLIENT_CONFIRMATION_OK"
6404,4018106827,4018106874,1,"IOTHUB_CLIENT_CONFIRMATION_OK"
6405,4018107027,4018107062,1,"IOTHUB_CLIENT_CONFIRMATION_OK"
6406,4018107228,4018107266,1,"IOTHUB_CLIENT_CONFIRMATION_OK"
6407,4018107428,4018107469,1,"IOTHUB_CLIENT_CONFIRMATION_OK"
6408,4018107628,4018107659,1,"IOTHUB_CLIENT_CONFIRMATION_OK"
6409,4018107828,4018107878,1,"IOTHUB_CLIENT_CONFIRMATION_OK"
6410,4018108028,4018108076,1,"IOTHUB_CLIENT_CONFIRMATION_OK"
6411,4018108228,4018108276,1,"IOTHUB_CLIENT_CONFIRMATION_OK"
6412,4018108429,4018108560,1,"IOTHUB_CLIENT_CONFIRMATION_OK"
6413,4018108629,4018108677,1,"IOTHUB_CLIENT_CONFIRMATION_OK"
6414,4018108829,4018108882,1,"IOTHUB_CLIENT_CONFIRMATION_OK"
6415,4018109029,4018109067,1,"IOTHUB_CLIENT_CONFIRMATION_OK"
6416,4018109229,4018109268,1,"IOTHUB_CLIENT_CONFIRMATION_OK"
6417,4018109429,4018109487,1,"IOTHUB_CLIENT_CONFIRMATION_OK"
6418,4018109630,4018109669,1,"IOTHUB_CLIENT_CONFIRMATION_OK"
6419,4018109830,4018109860,1,"IOTHUB_CLIENT_CONFIRMATION_OK"
6420,4018110030,4018110096,1,"IOTHUB_CLIENT_CONFIRMATION_OK"
6421,4018110230,4018110288,1,"IOTHUB_CLIENT_CONFIRMATION_OK"
6422,4018110430,4018110493,1,"IOTHUB_CLIENT_CONFIRMATION_OK"
6423,4018110630,4018110671,1,"IOTHUB_CLIENT_CONFIRMATION_OK"
6424,4018110830,4018110876,1,"IOTHUB_CLIENT_CONFIRMATION_OK"
6425,4018111031,4018111106,1,"IOTHUB_CLIENT_CONFIRMATION_OK"
6426,4018111231,4018111267,1,"IOTHUB_CLIENT_CONFIRMATION_OK"
6427,4018111431,4018111466,1,"IOTHUB_CLIENT_CONFIRMATION_OK"
6428,4018111631,4018111693,1,"IOTHUB_CLIENT_CONFIRMATION_OK"
6429,4018111831,4018111868,1,"IOTHUB_CLIENT_CONFIRMATION_OK"
6430,4018112031,4018112093,1,"IOTHUB_CLIENT_CONFIRMATION_OK"
6431,4018112232,4018112265,1,"IOTHUB_CLIENT_CONFIRMATION_OK"
6432,4018112432,4018112478,1,"IOTHUB_CLIENT_CONFIRMATION_OK"
6433,4018112632,4018112731,1,"IOTHUB_CLIENT_CONFIRMATION_OK"
6434,4018112832,4018112877,1,"IOTHUB_CLIENT_CONFIRMATION_OK"
6435,4018113032,4018113135,1,"IOTHUB_CLIENT_CONFIRMATION_OK"
6436,4018113232,4018113410,1,"IOTHUB_CLIENT_CONFIRMATION_OK"
6437,4018113433,4018113507,1,"IOTHUB_CLIENT_CONFIRMATION_OK"
6438,4018113633,4018113736,1,"IOTHUB_CLIENT_CONFIRMATION_OK"
6439,4018113833,4018113876,1,"IOTHUB_CLIENT_CONFIRMATION_OK"
6440,4018114033,4018114083,1,"IOTHUB_CLIENT_CONFIRMATION_OK"
6441,4018114233,4018114394,1,"IOTHUB_CLIENT_CONFIRMATION_OK"
6442,4018114434,4018114483,1,"IOTHUB_CLIENT_CONFIRMATION_OK"
6443,4018114634,4018114687,1,"IOTHUB_CLIENT_CONFIRMATION_OK"
6444,4018114834,4018114886,1,"IOTHUB_CLIENT_CONFIRMATION_OK"
6445,4018115034,4018115096,1,"IOTHUB_CLIENT_CONFIRMATION_OK"
6446,4018115234,4018115279,1,"IOTHUB_CLIENT_CONFIRMATION_OK"
6447,4018115434,4018115506,1,"IOTHUB_CLIENT_CONFIRMATION_OK"
6448,4018115635,4018115667,1,"IOTHUB_CLIENT_CONFIRMATION_OK"
6449,4018115835,4018115888,1,"IOTHUB_CLIENT_CONFIRMATION_OK"
6450,4018116035,4018116099,1,"IOTHUB_CLIENT_CONFIRMATION_OK"
6451,4018116235,4018116273,1,"IOTHUB_CLIENT_CONFIRMATION_OK"
6452,4018116435,4018116471,1,"IOTHUB_CLIENT_CONFIRMATION_OK"
6453,4018116635,4018116672,1,"IOTHUB_CLIENT_CONFIRMATION_OK"
6454,4018116835,4018116876,1,"IOTHUB_CLIENT_CONFIRMATION_OK"
6455,4018117036,4018117083,1,"IOTHUB_CLIENT_CONFIRMATION_OK"
6456,4018117236,4018117296,1,"IOTHUB_CLIENT_CONFIRMATION_OK"
6457,4018117436,4018117471,1,"IOTHUB_CLIENT_CONFIRMATION_OK"
6458,4018117636,4018117672,1,"IOTHUB_CLIENT_CONFIRMATION_OK"
6459,4018117836,4018117885,1,"IOTHUB_CLIENT_CONFIRMATION_OK"
6460,4018118036,4018118107,1,"IOTHUB_CLIENT_CONFIRMATION_OK"
6461,4018118237,4018118296,1,"IOTHUB_CLIENT_CONFIRMATION_OK"
6462,4018118437,4018118488,1,"IOTHUB_CLIENT_CONFIRMATION_OK"
6463,4018118637,4018118720,1,"IOTHUB_CLIENT_CONFIRMATION_OK"
6464,4018118837,4018118877,1,"IOTHUB_CLIENT_CONFIRMATION_OK"
6465,4018119037,4018119087,1,"IOTHUB_CLIENT_CONFIRMATION_OK"
6466,4018119237,4018119279,1,"IOTHUB_CLIENT_CONFIRMATION_OK"
6467,4018119438,4018119480,1,"IOTHUB_CLIENT_CONFIRMATION_OK"
6468,4018119638,4018119719,1,"IOTHUB_CLIENT_CONFIRMATION_OK"
6469,4018119838,4018119890,1,"IOTHUB_CLIENT_CONFIRMATION_OK"
6470,4018120038,4018120104,1,"IOTHUB_CLIENT_CONFIRMATION_OK"
6471,4018120238,4018120333,1,"IOTHUB_CLIENT_CONFIRMATION_OK"
6472,4018120438,4018120483,1,"IOTHUB_CLIENT_CONFIRMATION_OK"
6473,4018120638,4018120702,1,"IOTHUB_CLIENT_CONFIRMATION_OK"
6474,4018120839,4018120870,1,"IOTHUB_CLIENT_CONFIRMATION_OK"
6475,4018121039,4018121074,1,"IOTHUB_CLIENT_CONFIRMATION_OK"
6476,4018121239,4018121444,1,"IOTHUB_CLIENT_CONFIRMATION_OK"
6477,4018121439,4018121705,1,"IOTHUB_CLIENT_CONFIRMATION_OK"
6478,4018121639,4018121820,1,"IOTHUB_CLIENT_CONFIRMATION_OK"
6479,4018121839,4018121882,1,"IOTHUB_CLIENT_CONFIRMATION_OK"
6480,4018122040,4018122078,1,"IOTHUB_CLIENT_CONFIRMATION_OK"
6481,4018122240,4018122282,1,"IOTHUB_CLIENT_CONFIRMATION_OK"
6482,4018122440,4018122483,1,"IOTHUB_CLIENT_CONFIRMATION_OK"
6483,4018122640,4018122674,1,"IOTHUB_CLIENT_CONFIRMATION_OK"
6484,4018122840,4018122883,1,"IOTHUB_CLIENT_CONFIRMATION_OK"
6485,4018123040,4018123075,1,"IOTHUB_CLIENT_CONFIRMATION_OK"
6486,4018123241,4018123286,1,"IOTHUB_CLIENT_CONFIRMATION_OK"
6487,4018123441,4018123501,1,"IOTHUB_CLIENT_CONFIRMATION_OK"
6488,4018123641,4018123669,1,"IOTHUB_CLIENT_CONFIRMATION_OK"
6489,4018123841,4018123878,1,"IOTHUB_CLIENT_CONFIRMATION_OK"
6490,4018124041,4018124103,1,"IOTHUB_CLIENT_CONFIRMATION_OK"
6491,4018124241,4018124281,1,"IOTHUB_CLIENT_CONFIRMATION_OK"
6492,4018124441,4018124484,1,"IOTHUB_CLIENT_CONFIRMATION_OK"
6493,4018124642,4018124678,1,"IOTHUB_CLIENT_CONFIRMATION_OK"
6494,4018124842,4018124887,1,"IOTHUB_CLIENT_CONFIRMATION_OK"
6495,4018125042,4018125155,1,"IOTHUB_CLIENT_CONFIRMATION_OK"
6496,4018125242,4018125292,1,"IOTHUB_CLIENT_CONFIRMATION_OK"
6497,4018125442,4018125477,1,"IOTHUB_CLIENT_CONFIRMATION_OK"
6498,4018125642,4018125741,1,"IOTHUB_CLIENT_CONFIRMATION_OK"
6499,4018125843,4018125887,1,"IOTHUB_CLIENT_CONFIRMATION_OK"
6500,4018126043,4018126076,1,"IOTHUB_CLIENT_CONFIRMATION_OK"
6501,4018126243,4018126288,1,"IOTHUB_CLIENT_CONFIRMATION_OK"
6502,4018126443,4018126507,1,"IOTHUB_CLIENT_CONFIRMATION_OK"
6503,4018126643,4018126784,1,"IOTHUB_CLIENT_CONFIRMATION_OK"
6504,4018126843,4018126881,1,"IOTHUB_CLIENT_CONFIRMATION_OK"
6505,4018127043,4018127074,1,"IOTHUB_CLIENT_CONFIRMATION_OK"
6506,4018127244,4018127283,1,"IOTHUB_CLIENT_CONFIRMATION_OK"
6507,4018127444,4018127492,1,"IOTHUB_CLIENT_CONFIRMATION_OK"
6508,4018127644,4018127709,1,"IOTHUB_CLIENT_CONFIRMATION_OK"
6509,4018127844,4018127909,1,"IOTHUB_CLIENT_CONFIRMATION_OK"
6510,4018128044,4018128081,1,"IOTHUB_CLIENT_CONFIRMATION_OK"
6511,4018128244,4018128396,1,"IOTHUB_CLIENT_CONFIRMATION_OK"
6512,4018128445,4018128491,1,"IOTHUB_CLIENT_CONFIRMATION_OK"
6513,4018128645,4018128677,1,"IOTHUB_CLIENT_CONFIRMATION_OK"
6514,4018128845,4018128886,1,"IOTHUB_CLIENT_CONFIRMATION_OK"
6515,4018129045,4018129079,1,"IOTHUB_CLIENT_CONFIRMATION_OK"
6516,4018129245,4018129292,1,"IOTHUB_CLIENT_CONFIRMATION_OK"
6517,4018129445,4018129476,1,"IOTHUB_CLIENT_CONFIRMATION_OK"
6518,4018129645,4018129688,1,"IOTHUB_CLIENT_CONFIRMATION_OK"
6519,4018129846,4018129886,1,"IOTHUB_CLIENT_CONFIRMATION_OK"
6520,4018130046,4018130106,1,"IOTHUB_CLIENT_CONFIRMATION_OK"
6521,4018130246,4018130289,1,"IOTHUB_CLIENT_CONFIRMATION_OK"
6522,4018130446,4018130550,1,"IOTHUB_CLIENT_CONFIRMATION_OK"
6523,4018130646,4018130682,1,"IOTHUB_CLIENT_CONFIRMATION_OK"
6524,4018130846,4018130884,1,"IOTHUB_CLIENT_CONFIRMATION_OK"
6525,4018131047,4018131146,1,"IOTHUB_CLIENT_CONFIRMATION_OK"
6526,4018131247,4018131278,1,"IOTHUB_CLIENT_CONFIRMATION_OK"
6527,4018131447,4018131492,1,"IOTHUB_CLIENT_CONFIRMATION_OK"
6528,4018131647,4018131721,1,"IOTHUB_CLIENT_CONFIRMATION_OK"
6529,4018131847,4018131889,1,"IOTHUB_CLIENT_CONFIRMATION_OK"
6530,4018132047,4018132225,1,"IOTHUB_CLIENT_CONFIRMATION_OK"
6531,4018132248,4018132288,1,"IOTHUB_CLIENT_CONFIRMATION_OK"
6532,4018132448,4018132484,1,"IOTHUB_CLIENT_CONFIRMATION_OK"
6533,4018132648,4018132722,1,"IOTHUB_CLIENT_CONFIRMATION_OK"
6534,4018132848,4018132881,1,"IOTHUB_CLIENT_CONFIRMATION_OK"
6535,4018133048,4018133093,1,"IOTHUB_CLIENT_CONFIRMATION_OK"
6536,4018133248,4018133341,1,"IOTHUB_CLIENT_CONFIRMATION_OK"
6537,4018133448,4018133483,1,"IOTHUB_CLIENT_CONFIRMATION_OK"
6538,4018133649,4018133711,1,"IOTHUB_CLIENT_CONFIRMATION_OK"
6539,4018133849,4018133900,1,"IOTHUB_CLIENT_CONFIRMATION_OK"
6540,4018134049,4018134114,1,"IOTHUB_CLIENT_CONFIRMATION_OK"
6541,4018134249,4018134381,1,"IOTHUB_CLIENT_CONFIRMATION_OK"
6542,4018134449,4018134494,1,"IOTHUB_CLIENT_CONFIRMATION_OK"
6543,4018134649,4018134682,1,"IOTHUB_CLIENT_CONFIRMATION_OK"
6544,4018134850,4018134889,1,"IOTHUB_CLIENT_CONFIRMATION_OK"
6545,4018135050,4018135134,1,"IOTHUB_CLIENT_CONFIRMATION_OK"
6546,4018135250,4018135301,1,"IOTHUB_CLIENT_CONFIRMATION_OK"
6547,4018135450,4018135483,1,"IOTHUB_CLIENT_CONFIRMATION_OK"
6548,4018135650,4018135701,1,"IOTHUB_CLIENT_CONFIRMATION_OK"
6549,4018135850,4018136013,1,"IOTHUB_CLIENT_CONFIRMATION_OK"
6550,4018136050,4018136118,1,"IOTHUB_CLIENT_CONFIRMATION_OK"
6551,4018136251,4018136289,1,"IOTHUB_CLIENT_CONFIRMATION_OK"
6552,4018136451,4018136504,1,"IOTHUB_CLIENT_CONFIRMATION_OK"
6553,4018136651,4018136685,1,"IOTHUB_CLIENT_CONFIRMATION_OK"
6554,4018136851,4018136883,1,"IOTHUB_CLIENT_CONFIRMATION_OK"
6555,4018137051,4018137104,1,"IOTHUB_CLIENT_CONFIRMATION_OK"
6556,4018137251,4018137353,1,"IOTHUB_CLIENT_CONFIRMATION_OK"
6557,4018137452,4018137641,1,"IOTHUB_CLIENT_CONFIRMATION_OK"
6558,4018137652,4018137707,1,"IOTHUB_CLIENT_CONFIRMATION_OK"
6559,4018137852,4018137888,1,"IOTHUB_CLIENT_CONFIRMATION_OK"
6560,4018138052,4018138092,1,"IOTHUB_CLIENT_CONFIRMATION_OK"
6561,4018138252,4018138296,1,"IOTHUB_CLIENT_CONFIRMATION_OK"
6562,4018138452,4018138494,1,"IOTHUB_CLIENT_CONFIRMATION_OK"
6563,4018138653,4018138694,1,"IOTHUB_CLIENT_CONFIRMATION_OK"
6564,4018138853,4018138883,1,"IOTHUB_CLIENT_CONFIRMATION_OK"
6565,4018139053,4018139273,1,"IOTHUB_CLIENT_CONFIRMATION_OK"
6566,4018139253,4018139320,1,"IOTHUB_CLIENT_CONFIRMATION_OK"
6567,4018139453,4018139487,1,"IOTHUB_CLIENT_CONFIRMATION_OK"
6568,4018139653,4018139841,1,"IOTHUB_CLIENT_CONFIRMATION_OK"
6569,4018139854,4018139889,1,"IOTHUB_CLIENT_CONFIRMATION_OK"
6570,4018140054,4018140094,1,"IOTHUB_CLIENT_CONFIRMATION_OK"
6571,4018140254,4018140297,1,"IOTHUB_CLIENT_CONFIRMATION_OK"
6572,4018140454,4018140492,1,"IOTHUB_CLIENT_CONFIRMATION_OK"
6573,4018140654,4018140684,1,"IOTHUB_CLIENT_CONFIRMATION_OK"
6574,4018140854,4018140945,1,"IOTHUB_CLIENT_CONFIRMATION_OK"
6575,4018141054,4018141093,1,"IOTHUB_CLIENT_CONFIRMATION_OK"
6576,4018141255,4018141292,1,"IOTHUB_CLIENT_CONFIRMATION_OK"
6577,4018141455,4018141492,1,"IOTHUB_CLIENT_CONFIRMATION_OK"
6578,4018141655,4018141705,1,"IOTHUB_CLIENT_CONFIRMATION_OK"
6579,4018141855,4018141978,1,"IOTHUB_CLIENT_CONFIRMATION_OK"
6580,4018142055,4018142096,1,"IOTHUB_CLIENT_CONFIRMATION_OK"
6581,4018142255,4018142293,1,"IOTHUB_CLIENT_CONFIRMATION_OK"
6582,4018142456,4018142501,1,"IOTHUB_CLIENT_CONFIRMATION_OK"
6583,4018142656,4018142697,1,"IOTHUB_CLIENT_CONFIRMATION_OK"
6584,4018142856,4018143042,1,"IOTHUB_CLIENT_CONFIRMATION_OK"
6585,4018143056,4018143101,1,"IOTHUB_CLIENT_CONFIRMATION_OK"
6586,4018143256,4018143296,1,"IOTHUB_CLIENT_CONFIRMATION_OK"
6587,4018143456,4018143511,1,"IOTHUB_CLIENT_CONFIRMATION_OK"
6588,4018143657,4018143702,1,"IOTHUB_CLIENT_CONFIRMATION_OK"
6589,4018143857,4018143891,1,"IOTHUB_CLIENT_CONFIRMATION_OK"
6590,4018144057,4018144090,1,"IOTHUB_CLIENT_CONFIRMATION_OK"
6591,4018144257,4018144287,1,"IOTHUB_CLIENT_CONFIRMATION_OK"
6592,4018144457,4018144489,1,"IOTHUB_CLIENT_CONFIRMATION_OK"
6593,4018144657,4018144722,1,"IOTHUB_CLIENT_CONFIRMATION_OK"
6594,4018144858,4018144892,1,"IOTHUB_CLIENT_CONFIRMATION_OK"
6595,4018145058,4018145120,1,"IOTHUB_CLIENT_CONFIRMATION_OK"
6596,4018145258,4018145311,1,"IOTHUB_CLIENT_CONFIRMATION_OK"
6597,4018145458,4018145513,1,"IOTHUB_CLIENT_CONFIRMATION_OK"
6598,4018145658,4018145760,1,"IOTHUB_CLIENT_CONFIRMATION_OK"
6599,4018145858,4018145907,1,"IOTHUB_CLIENT_CONFIRMATION_OK"
6600,4018146058,4018146090,1,"IOTHUB_CLIENT_CONFIRMATION_OK"
6601,4018146259,4018146303,1,"IOTHUB_CLIENT_CONFIRMATION_OK"
6602,4018146459,4018146499,1,"IOTHUB_CLIENT_CONFIRMATION_OK"
6603,4018146659,4018146783,1,"IOTHUB_CLIENT_CONFIRMATION_OK"
6604,4018146859,4018146890,1,"IOTHUB_CLIENT_CONFIRMATION_OK"
6605,4018147059,4018147118,1,"IOTHUB_CLIENT_CONFIRMATION_OK"
6606,4018147259,4018147310,1,"IOTHUB_CLIENT_CONFIRMATION_OK"
6607,4018147460,4018147496,1,"IOTHUB_CLIENT_CONFIRMATION_OK"
6608,4018147660,4018147709,1,"IOTHUB_CLIENT_CONFIRMATION_OK"
6609,4018147860,4018147911,1,"IOTHUB_CLIENT_CONFIRMATION_OK"
6610,4018148060,4018148102,1,"IOTHUB_CLIENT_CONFIRMATION_OK"
6611,4018148260,4018148451,1,"IOTHUB_CLIENT_CONFIRMATION_OK"
6612,4018148460,4018148496,1,"IOTHUB_CLIENT_CONFIRMATION_OK"
6613,4018148660,4018148696,1,"IOTHUB_CLIENT_CONFIRMATION_OK"
6614,4018148861,4018148893,1,"IOTHUB_CLIENT_CONFIRMATION_OK"
6615,4018149061,4018149227,1,"IOTHUB_CLIENT_CONFIRMATION_OK"
6616,4018149261,4018149306,1,"IOTHUB_CLIENT_CONFIRMATION_OK"
6617,4018149461,4018149510,1,"IOTHUB_CLIENT_CONFIRMATION_OK"
6618,4018149661,4018149695,1,"IOTHUB_CLIENT_CONFIRMATION_OK"
6619,4018149861,4018149906,1,"IOTHUB_CLIENT_CONFIRMATION_OK"
6620,4018150062,4018150129,1,"IOTHUB_CLIENT_CONFIRMATION_OK"
6621,4018150262,4018150309,1,"IOTHUB_CLIENT_CONFIRMATION_OK"
6622,4018150462,4018150561,1,"IOTHUB_CLIENT_CONFIRMATION_OK"
6623,4018150662,4018150735,1,"IOTHUB_CLIENT_CONFIRMATION_OK"
6624,4018150862,4018150900,1,"IOTHUB_CLIENT_CONFIRMATION_OK"
6625,4018151062,4018151112,1,"IOTHUB_CLIENT_CONFIRMATION_OK"
6626,4018151262,4018151303,1,"IOTHUB_CLIENT_CONFIRMATION_OK"
6627,4018151463,4018151493,1,"IOTHUB_CLIENT_CONFIRMATION_OK"
6628,4018151663,4018151710,1,"IOTHUB_CLIENT_CONFIRMATION_OK"
6629,4018151863,4018151914,1,"IOTHUB_CLIENT_CONFIRMATION_OK"
6630,4018152063,4018152212,1,"IOTHUB_CLIENT_CONFIRMATION_OK"
6631,4018152263,4018152307,1,"IOTHUB_CLIENT_CONFIRMATION_OK"
6632,4018152463,4018152526,1,"IOTHUB_CLIENT_CONFIRMATION_OK"
6633,4018152664,4018152720,1,"IOTHUB_CLIENT_CONFIRMATION_OK"
6634,4018152864,4018152900,1,"IOTHUB_CLIENT_CONFIRMATION_OK"
6635,4018153064,4018153132,1,"IOTHUB_CLIENT_CONFIRMATION_OK"
6636,4018153264,4018153305,1,"IOTHUB_CLIENT_CONFIRMATION_OK"
6637,4018153464,4018153497,1,"IOTHUB_CLIENT_CONFIRMATION_OK"
6638,4018153664,4018153854,1,"IOTHUB_CLIENT_CONFIRMATION_OK"
6639,4018153865,4018153898,1,"IOTHUB_CLIENT_CONFIRMATION_OK"
6640,4018154065,4018154144,1,"IOTHUB_CLIENT_CONFIRMATION_OK"
6641,4018154265,4018154331,1,"IOTHUB_CLIENT_CONFIRMATION_OK"
6642,4018154465,4018154498,1,"IOTHUB_CLIENT_CONFIRMATION_OK"
6643,4018154665,4018154697,1,"IOTHUB_CLIENT_CONFIRMATION_OK"
6644,4018154865,4018154916,1,"IOTHUB_CLIENT_CONFIRMATION_OK"
6645,4018155065,4018155098,1,"IOTHUB_CLIENT_CONFIRMATION_OK"
6646,4018155266,4018155326,1,"IOTHUB_CLIENT_CONFIRMATION_OK"
6647,4018155466,4018155541,1,"IOTHUB_CLIENT_CONFIRMATION_OK"
6648,4018155666,4018155714,1,"IOTHUB_CLIENT_CONFIRMATION_OK"
6649,4018155866,4018155914,1,"IOTHUB_CLIENT_CONFIRMATION_OK"
6650,4018156066,4018156098,1,"IOTHUB_CLIENT_CONFIRMATION_OK"
6651,4018156266,4018156296,1,"IOTHUB_CLIENT_CONFIRMATION_OK"
6652,4018156467,4018156522,1,"IOTHUB_CLIENT_CONFIRMATION_OK"
6653,4018156667,4018156699,1,"IOTHUB_CLIENT_CONFIRMATION_OK"
6654,4018156867,4018156903,1,"IOTHUB_CLIENT_CONFIRMATION_OK"
6655,4018157067,4018157097,1,"IOTHUB_CLIENT_CONFIRMATION_OK"
6656,4018157267,4018157320,1,"IOTHUB_CLIENT_CONFIRMATION_OK"
6657,4018157467,4018157548,1,"IOTHUB_CLIENT_CONFIRMATION_OK"
6658,4018157668,4018157702,1,"IOTHUB_CLIENT_CONFIRMATION_OK"
6659,4018157868,4018157900,1,"IOTHUB_CLIENT_CONFIRMATION_OK"
6660,4018158068,4018158171,1,"IOTHUB_CLIENT_CONFIRMATION_OK"
6661,4018158268,4018158306,1,"IOTHUB_CLIENT_CONFIRMATION_OK"
6662,4018158468,4018158505,1,"IOTHUB_CLIENT_CONFIRMATION_OK"
6663,4018158668,4018158712,1,"IOTHUB_CLIENT_CONFIRMATION_OK"
6664,4018158868,4018158903,1,"IOTHUB_CLIENT_CONFIRMATION_OK"
6665,4018159069,4018159186,1,"IOTHUB_CLIENT_CONFIRMATION_OK"
6666,4018159269,4018159298,1,"IOTHUB_CLIENT_CONFIRMATION_OK"
6667,4018159469,4018159502,1,"IOTHUB_CLIENT_CONFIRMATION_OK"
6668,4018159669,4018159800,1,"IOTHUB_CLIENT_CONFIRMATION_OK"
6669,4018159869,4018159901,1,"IOTHUB_CLIENT_CONFIRMATION_OK"
6670,4018160069,4018160125,1,"IOTHUB_CLIENT_CONFIRMATION_OK"
6671,4018160270,4018160321,1,"IOTHUB_CLIENT_CONFIRMATION_OK"
6672,4018160470,4018160509,1,"IOTHUB_CLIENT_CONFIRMATION_OK"
6673,4018160670,4018160801,1,"IOTHUB_CLIENT_CONFIRMATION_OK"
6674,4018160870,4018160913,1,"IOTHUB_CLIENT_CONFIRMATION_OK"
6675,4018161070,4018161123,1,"IOTHUB_CLIENT_CONFIRMATION_OK"
6676,4018161270,4018161415,1,"IOTHUB_CLIENT_CONFIRMATION_OK"
6677,4018161471,4018161566,1,"IOTHUB_CLIENT_CONFIRMATION_OK"
6678,4018161671,4018161722,1,"IOTHUB_CLIENT_CONFIRMATION_OK"
6679,4018161871,4018161905,1,"IOTHUB_CLIENT_CONFIRMATION_OK"
6680,4018162071,4018162119,1,"IOTHUB_CLIENT_CONFIRMATION_OK"
6681,4018162271,4018162316,1,"IOTHUB_CLIENT_CONFIRMATION_OK"
6682,4018162471,4018162516,1,"IOTHUB_CLIENT_CONFIRMATION_OK"
6683,4018162672,4018162711,1,"IOTHUB_CLIENT_CONFIRMATION_OK"
6684,4018162872,4018163084,1,"IOTHUB_CLIENT_CONFIRMATION_OK"
6685,4018163072,4018163147,1,"IOTHUB_CLIENT_CONFIRMATION_OK"
6686,4018163272,4018163301,1,"IOTHUB_CLIENT_CONFIRMATION_OK"
6687,4018163472,4018163512,1,"IOTHUB_CLIENT_CONFIRMATION_OK"
6688,4018163672,4018163709,1,"IOTHUB_CLIENT_CONFIRMATION_OK"
6689,4018163872,4018163907,1,"IOTHUB_CLIENT_CONFIRMATION_OK"
6690,4018164073,4018164107,1,"IOTHUB_CLIENT_CONFIRMATION_OK"
6691,4018164273,4018164307,1,"IOTHUB_CLIENT_CONFIRMATION_OK"
6692,4018164473,4018164503,1,"IOTHUB_CLIENT_CONFIRMATION_OK"
6693,4018164673,4018164722,1,"IOTHUB_CLIENT_CONFIRMATION_OK"
6694,4018164873,4018164905,1,"IOTHUB_CLIENT_CONFIRMATION_OK"
6695,4018165073,4018165136,1,"IOTHUB_CLIENT_CONFIRMATION_OK"
6696,4018165274,4018165313,1,"IOTHUB_CLIENT_CONFIRMATION_OK"
6697,4018165474,4018165545,1,"IOTHUB_CLIENT_CONFIRMATION_OK"
6698,4018165674,4018165718,1,"IOTHUB_CLIENT_CONFIRMATION_OK"
6699,4018165874,4018165914,1,"IOTHUB_CLIENT_CONFIRMATION_OK"
6700,4018166074,4018166114,1,"IOTHUB_CLIENT_CONFIRMATION_OK"
6701,4018166274,4018166313,1,"IOTHUB_CLIENT_CONFIRMATION_OK"
6702,4018166475,4018166505,1,"IOTHUB_CLIENT_CONFIRMATION_OK"
6703,4018166675,4018166720,1,"IOTHUB_CLIENT_CONFIRMATION_OK"
6704,4018166875,4018166916,1,"IOTHUB_CLIENT_CONFIRMATION_OK"
6705,4018167075,4018167110,1,"IOTHUB_CLIENT_CONFIRMATION_OK"
6706,4018167275,4018167445,1,"IOTHUB_CLIENT_CONFIRMATION_OK"
6707,4018167475,4018167531,1,"IOTHUB_CLIENT_CONFIRMATION_OK"
6708,4018167675,4018167723,1,"IOTHUB_CLIENT_CONFIRMATION_OK"
6709,4018167876,4018167909,1,"IOTHUB_CLIENT_CONFIRMATION_OK"
6710,4018168076,4018168124,1,"IOTHUB_CLIENT_CONFIRMATION_OK"
6711,4018168276,4018168351,1,"IOTHUB_CLIENT_CONFIRMATION_OK"
6712,4018168476,4018168511,1,"IOTHUB_CLIENT_CONFIRMATION_OK"
6713,4018168676,4018168712,1,"IOTHUB_CLIENT_CONFIRMATION_OK"
6714,4018168876,4018168961,1,"IOTHUB_CLIENT_CONFIRMATION_OK"
6715,4018169077,4018169140,1,"IOTHUB_CLIENT_CONFIRMATION_OK"
6716,4018169277,4018169310,1,"IOTHUB_CLIENT_CONFIRMATION_OK"
6717,4018169477,4018169510,1,"IOTHUB_CLIENT_CONFIRMATION_OK"
6718,4018169677,4018169713,1,"IOTHUB_CLIENT_CONFIRMATION_OK"
6719,4018169877,4018170017,1,"IOTHUB_CLIENT_CONFIRMATION_OK"
6720,4018170077,4018170126,1,"IOTHUB_CLIENT_CONFIRMATION_OK"
6721,4018170277,4018170340,1,"IOTHUB_CLIENT_CONFIRMATION_OK"
6722,4018170478,4018170641,1,"IOTHUB_CLIENT_CONFIRMATION_OK"
6723,4018170678,4018170711,1,"IOTHUB_CLIENT_CONFIRMATION_OK"
6724,4018170878,4018170913,1,"IOTHUB_CLIENT_CONFIRMATION_OK"
6725,4018171078,4018171144,1,"IOTHUB_CLIENT_CONFIRMATION_OK"
6726,4018171278,4018171334,1,"IOTHUB_CLIENT_CONFIRMATION_OK"
6727,4018171478,4018171520,1,"IOTHUB_CLIENT_CONFIRMATION_OK"
6728,4018171679,4018171720,1,"IOTHUB_CLIENT_CONFIRMATION_OK"
6729,4018171879,4018171908,1,"IOTHUB_CLIENT_CONFIRMATION_OK"
6730,4018172079,4018172110,1,"IOTHUB_CLIENT_CONFIRMATION_OK"
6731,4018172279,4018172336,1,"IOTHUB_CLIENT_CONFIRMATION_OK"
6732,4018172479,4018172517,1,"IOTHUB_CLIENT_CONFIRMATION_OK"
6733,4018172679,4018172715,1,"IOTHUB_CLIENT_CONFIRMATION_OK"
6734,4018172880,4018172926,1,"IOTHUB_CLIENT_CONFIRMATION_OK"
6735,4018173080,4018173121,1,"IOTHUB_CLIENT_CONFIRMATION_OK"
6736,4018173280,4018173326,1,"IOTHUB_CLIENT_CONFIRMATION_OK"
6737,4018173480,4018173549,1,"IOTHUB_CLIENT_CONFIRMATION_OK"
6738,4018173680,4018173719,1,"IOTHUB_CLIENT_CONFIRMATION_OK"
6739,4018173880,4018173959,1,"IOTHUB_CLIENT_CONFIRMATION_OK"
6740,4018174080,4018174131,1,"IOTHUB_CLIENT_CONFIRMATION_OK"
6741,4018174281,4018174334,1,"IOTHUB_CLIENT_CONFIRMATION_OK"
6742,4018174481,4018174518,1,"IOTHUB_CLIENT_CONFIRMATION_OK"
6743,4018174681,4018174769,1,"IOTHUB_CLIENT_CONFIRMATION_OK"
6744,4018174881,4018174955,1,"IOTHUB_CLIENT_CONFIRMATION_OK"
6745,4018175081,4018175128,1,"IOTHUB_CLIENT_CONFIRMATION_OK"
6746,4018175281,4018175349,1,"IOTHUB_CLIENT_CONFIRMATION_OK"
6747,4018175482,4018175517,1,"IOTHUB_CLIENT_CONFIRMATION_OK"
6748,4018175682,4018175717,1,"IOTHUB_CLIENT_CONFIRMATION_OK"
6749,4018175882,4018175957,1,"IOTHUB_CLIENT_CONFIRMATION_OK"
6750,4018176082,4018176114,1,"IOTHUB_CLIENT_CONFIRMATION_OK"
6751,4018176282,4018176323,1,"IOTHUB_CLIENT_CONFIRMATION_OK"
6752,4018176482,4018176608,1,"IOTHUB_CLIENT_CONFIRMATION_OK"
6753,4018176683,4018176724,1,"IOTHUB_CLIENT_CONFIRMATION_OK"
6754,4018176883,4018176922,1,"IOTHUB_CLIENT_CONFIRMATION_OK"
6755,4018177083,4018177116,1,"IOTHUB_CLIENT_CONFIRMATION_OK"
6756,4018177283,4018177341,1,"IOTHUB_CLIENT_CONFIRMATION_OK"
6757,4018177483,4018177564,1,"IOTHUB_CLIENT_CONFIRMATION_OK"
6758,4018177683,4018177755,1,"IOTHUB_CLIENT_CONFIRMATION_OK"
6759,4018177884,4018177915,1,"IOTHUB_CLIENT_CONFIRMATION_OK"
6760,4018178084,4018178181,1,"IOTHUB_CLIENT_CONFIRMATION_OK"
6761,4018178284,4018178321,1,"IOTHUB_CLIENT_CONFIRMATION_OK"
6762,4018178484,4018178517,1,"IOTHUB_CLIENT_CONFIRMATION_OK"
6763,4018178684,4018178726,1,"IOTHUB_CLIENT_CONFIRMATION_OK"
6764,4018178884,4018178925,1,"IOTHUB_CLIENT_CONFIRMATION_OK"
6765,4018179085,4018179195,1,"IOTHUB_CLIENT_CONFIRMATION_OK"
6766,4018179285,4018179314,1,"IOTHUB_CLIENT_CONFIRMATION_OK"
6767,4018179485,4018179519,1,"IOTHUB_CLIENT_CONFIRMATION_OK"
6768,4018179685,4018179805,1,"IOTHUB_CLIENT_CONFIRMATION_OK"
6769,4018179885,4018179923,1,"IOTHUB_CLIENT_CONFIRMATION_OK"
6770,4018180085,4018180126,1,"IOTHUB_CLIENT_CONFIRMATION_OK"
6771,4018180286,4018180318,1,"IOTHUB_CLIENT_CONFIRMATION_OK"
6772,4018180486,4018180530,1,"IOTHUB_CLIENT_CONFIRMATION_OK"
6773,4018180686,4018180834,1,"IOTHUB_CLIENT_CONFIRMATION_OK"
6774,4018180886,4018180920,1,"IOTHUB_CLIENT_CONFIRMATION_OK"
6775,4018181086,4018181140,1,"IOTHUB_CLIENT_CONFIRMATION_OK"
6776,4018181286,4018181430,1,"IOTHUB_CLIENT_CONFIRMATION_OK"
6777,4018181487,4018181518,1,"IOTHUB_CLIENT_CONFIRMATION_OK"
6778,4018181687,4018181717,1,"IOTHUB_CLIENT_CONFIRMATION_OK"
6779,4018181887,4018181934,1,"IOTHUB_CLIENT_CONFIRMATION_OK"
6780,4018182087,4018182140,1,"IOTHUB_CLIENT_CONFIRMATION_OK"
6781,4018182287,4018182323,1,"IOTHUB_CLIENT_CONFIRMATION_OK"
6782,4018182487,4018182538,1,"IOTHUB_CLIENT_CONFIRMATION_OK"
6783,4018182687,4018182725,1,"IOTHUB_CLIENT_CONFIRMATION_OK"
6784,4018182887,4018183069,1,"IOTHUB_CLIENT_CONFIRMATION_OK"
6785,4018183088,4018183123,1,"IOTHUB_CLIENT_CONFIRMATION_OK"
6786,4018183288,4018183333,1,"IOTHUB_CLIENT_CONFIRMATION_OK"
6787,4018183488,4018183518,1,"IOTHUB_CLIENT_CONFIRMATION_OK"
6788,4018183688,4018183761,1,"IOTHUB_CLIENT_CONFIRMATION_OK"
6789,4018183888,4018183921,1,"IOTHUB_CLIENT_CONFIRMATION_OK"
6790,4018184088,4018184182,1,"IOTHUB_CLIENT_CONFIRMATION_OK"
6791,4018184289,4018184328,1,"IOTHUB_CLIENT_CONFIRMATION_OK"
6792,4018184489,4018184573,1,"IOTHUB_CLIENT_CONFIRMATION_OK"
6793,4018184689,4018184720,1,"IOTHUB_CLIENT_CONFIRMATION_OK"
6794,4018184889,4018184929,1,"IOTHUB_CLIENT_CONFIRMATION_OK"
6795,4018185089,4018185198,1,"IOTHUB_CLIENT_CONFIRMATION_OK"
6796,4018185289,4018185320,1,"IOTHUB_CLIENT_CONFIRMATION_OK"
6797,4018185490,4018185528,1,"IOTHUB_CLIENT_CONFIRMATION_OK"
6798,4018185690,4018185729,1,"IOTHUB_CLIENT_CONFIRMATION_OK"
6799,4018185890,4018185933,1,"IOTHUB_CLIENT_CONFIRMATION_OK"
6800,4018186090,4018186201,1,"IOTHUB_CLIENT_CONFIRMATION_OK"
6801,4018186290,4018186321,1,"IOTHUB_CLIENT_CONFIRMATION_OK"
6802,4018186490,4018186526,1,"IOTHUB_CLIENT_CONFIRMATION_OK"
6803,4018186691,4018186840,1,"IOTHUB_CLIENT_CONFIRMATION_OK"
6804,4018186891,4018186925,1,"IOTHUB_CLIENT_CONFIRMATION_OK"
6805,4018187091,4018187139,1,"IOTHUB_CLIENT_CONFIRMATION_OK"
6806,4018187291,4018187332,1,"IOTHUB_CLIENT_CONFIRMATION_OK"
6807,4018187491,4018187535,1,"IOTHUB_CLIENT_CONFIRMATION_OK"
6808,4018187691,4018187721,1,"IOTHUB_CLIENT_CONFIRMATION_OK"
6809,4018187892,4018187948,1,"IOTHUB_CLIENT_CONFIRMATION_OK"
6810,4018188092,4018188129,1,"IOTHUB_CLIENT_CONFIRMATION_OK"
6811,4018188292,4018188463,1,"IOTHUB_CLIENT_CONFIRMATION_OK"
6812,4018188492,4018188528,1,"IOTHUB_CLIENT_CONFIRMATION_OK"
6813,4018188692,4018188726,1,"IOTHUB_CLIENT_CONFIRMATION_OK"
6814,4018188892,4018188937,1,"IOTHUB_CLIENT_CONFIRMATION_OK"
6815,4018189092,4018189125,1,"IOTHUB_CLIENT_CONFIRMATION_OK"
6816,4018189293,4018189327,1,"IOTHUB_CLIENT_CONFIRMATION_OK"
6817,4018189493,4018189526,1,"IOTHUB_CLIENT_CONFIRMATION_OK"
6818,4018189693,4018189729,1,"IOTHUB_CLIENT_CONFIRMATION_OK"
6819,4018189893,4018190103,1,"IOTHUB_CLIENT_CONFIRMATION_OK"
6820,4018190093,4018190135,1,"IOTHUB_CLIENT_CONFIRMATION_OK"
6821,4018190293,4018190323,1,"IOTHUB_CLIENT_CONFIRMATION_OK"
6822,4018190494,4018190534,1,"IOTHUB_CLIENT_CONFIRMATION_OK"
6823,4018190694,4018190725,1,"IOTHUB_CLIENT_CONFIRMATION_OK"
6824,4018190894,4018190936,1,"IOTHUB_CLIENT_CONFIRMATION_OK"
6825,4018191094,4018191141,1,"IOTHUB_CLIENT_CONFIRMATION_OK"
6826,4018191294,4018191329,1,"IOTHUB_CLIENT_CONFIRMATION_OK"
6827,4018191494,4018191532,1,"IOTHUB_CLIENT_CONFIRMATION_OK"
6828,4018191694,4018191745,1,"IOTHUB_CLIENT_CONFIRMATION_OK"
6829,4018191895,4018191946,1,"IOTHUB_CLIENT_CONFIRMATION_OK"
6830,4018192095,4018192150,1,"IOTHUB_CLIENT_CONFIRMATION_OK"
6831,4018192295,4018192329,1,"IOTHUB_CLIENT_CONFIRMATION_OK"
6832,4018192495,4018192531,1,"IOTHUB_CLIENT_CONFIRMATION_OK"
6833,4018192695,4018192747,1,"IOTHUB_CLIENT_CONFIRMATION_OK"
6834,4018192895,4018192983,1,"IOTHUB_CLIENT_CONFIRMATION_OK"
6835,4018193096,4018193132,1,"IOTHUB_CLIENT_CONFIRMATION_OK"
6836,4018193296,4018193343,1,"IOTHUB_CLIENT_CONFIRMATION_OK"
6837,4018193496,4018193550,1,"IOTHUB_CLIENT_CONFIRMATION_OK"
6838,4018193696,4018193748,1,"IOTHUB_CLIENT_CONFIRMATION_OK"
6839,4018193896,4018193928,1,"IOTHUB_CLIENT_CONFIRMATION_OK"
6840,4018194096,4018194129,1,"IOTHUB_CLIENT_CONFIRMATION_OK"
6841,4018194297,4018194377,1,"IOTHUB_CLIENT_CONFIRMATION_OK"
6842,4018194497,4018194543,1,"IOTHUB_CLIENT_CONFIRMATION_OK"
6843,4018194697,4018194727,1,"IOTHUB_CLIENT_CONFIRMATION_OK"
6844,4018194897,4018194937,1,"IOTHUB_CLIENT_CONFIRMATION_OK"
6845,4018195097,4018195127,1,"IOTHUB_CLIENT_CONFIRMATION_OK"
6846,4018195297,4018195386,1,"IOTHUB_CLIENT_CONFIRMATION_OK"
6847,4018195498,4018195545,1,"IOTHUB_CLIENT_CONFIRMATION_OK"
6848,4018195698,4018195730,1,"IOTHUB_CLIENT_CONFIRMATION_OK"
6849,4018195898,4018196044,1,"IOTHUB_CLIENT_CONFIRMATION_OK"
6850,4018196098,4018196155,1,"IOTHUB_CLIENT_CONFIRMATION_OK"
6851,4018196298,4018196501,1,"IOTHUB_CLIENT_CONFIRMATION_OK"
6852,4018196498,4018196577,1,"IOTHUB_CLIENT_CONFIRMATION_OK"
6853,4018196698,4018196731,1,"IOTHUB_CLIENT_CONFIRMATION_OK"
6854,4018196899,4018196973,1,"IOTHUB_CLIENT_CONFIRMATION_OK"
6855,4018197099,4018197166,1,"IOTHUB_CLIENT_CONFIRMATION_OK"
6856,4018197299,4018197333,1,"IOTHUB_CLIENT_CONFIRMATION_OK"
6857,4018197499,4018197678,1,"IOTHUB_CLIENT_CONFIRMATION_OK"
6858,4018197699,4018197746,1,"IOTHUB_CLIENT_CONFIRMATION_OK"
6859,4018197899,4018197932,1,"IOTHUB_CLIENT_CONFIRMATION_OK"
6860,4018198100,4018198136,1,"IOTHUB_CLIENT_CONFIRMATION_OK"
6861,4018198300,4018198334,1,"IOTHUB_CLIENT_CONFIRMATION_OK"
6862,4018198500,4018198535,1,"IOTHUB_CLIENT_CONFIRMATION_OK"
6863,4018198700,4018198742,1,"IOTHUB_CLIENT_CONFIRMATION_OK"
6864,4018198900,4018198940,1,"IOTHUB_CLIENT_CONFIRMATION_OK"
6865,4018199100,4018199141,1,"IOTHUB_CLIENT_CONFIRMATION_OK"
6866,4018199301,4018199330,1,"IOTHUB_CLIENT_CONFIRMATION_OK"
6867,4018199501,4018199569,1,"IOTHUB_CLIENT_CONFIRMATION_OK"
6868,4018199701,4018199734,1,"IOTHUB_CLIENT_CONFIRMATION_OK"
6869,4018199901,4018199935,1,"IOTHUB_CLIENT_CONFIRMATION_OK"
6870,4018200101,4018200142,1,"IOTHUB_CLIENT_CONFIRMATION_OK"
6871,4018200301,4018200390,1,"IOTHUB_CLIENT_CONFIRMATION_OK"
6872,4018200501,4018200543,1,"IOTHUB_CLIENT_CONFIRMATION_OK"
6873,4018200702,4018200754,1,"IOTHUB_CLIENT_CONFIRMATION_OK"
6874,4018200902,4018200935,1,"IOTHUB_CLIENT_CONFIRMATION_OK"
6875,4018201102,4018201168,1,"IOTHUB_CLIENT_CONFIRMATION_OK"
6876,4018201302,4018201335,1,"IOTHUB_CLIENT_CONFIRMATION_OK"
6877,4018201502,4018201540,1,"IOTHUB_CLIENT_CONFIRMATION_OK"
6878,4018201702,4018201772,1,"IOTHUB_CLIENT_CONFIRMATION_OK"
6879,4018201903,4018201951,1,"IOTHUB_CLIENT_CONFIRMATION_OK"
6880,4018202103,4018202133,1,"IOTHUB_CLIENT_CONFIRMATION_OK"
6881,4018202303,4018202344,1,"IOTHUB_CLIENT_CONFIRMATION_OK"
6882,4018202503,4018202540,1,"IOTHUB_CLIENT_CONFIRMATION_OK"
6883,4018202703,4018202736,1,"IOTHUB_CLIENT_CONFIRMATION_OK"
6884,4018202903,4018202952,1,"IOTHUB_CLIENT_CONFIRMATION_OK"
6885,4018203104,4018203143,1,"IOTHUB_CLIENT_CONFIRMATION_OK"
6886,4018203304,4018203344,1,"IOTHUB_CLIENT_CONFIRMATION_OK"
6887,4018203504,4018203588,1,"IOTHUB_CLIENT_CONFIRMATION_OK"
6888,4018203704,4018203745,1,"IOTHUB_CLIENT_CONFIRMATION_OK"
6889,4018203904,4018203990,1,"IOTHUB_CLIENT_CONFIRMATION_OK"
6890,4018204104,4018204141,1,"IOTHUB_CLIENT_CONFIRMATION_OK"
6891,4018204305,4018204335,1,"IOTHUB_CLIENT_CONFIRMATION_OK"
6892,4018204505,4018204779,1,"IOTHUB_CLIENT_CONFIRMATION_OK"
6893,4018204705,4018204804,1,"IOTHUB_CLIENT_CONFIRMATION_OK"
6894,4018204905,4018204971,1,"IOTHUB_CLIENT_CONFIRMATION_OK"
6895,4018205105,4018205157,1,"IOTHUB_CLIENT_CONFIRMATION_OK"
6896,4018205305,4018205347,1,"IOTHUB_CLIENT_CONFIRMATION_OK"
6897,4018205506,4018205569,1,"IOTHUB_CLIENT_CONFIRMATION_OK"
6898,4018205706,4018205800,1,"IOTHUB_CLIENT_CONFIRMATION_OK"
6899,4018205906,4018205992,1,"IOTHUB_CLIENT_CONFIRMATION_OK"
6900,4018206106,4018206177,1,"IOTHUB_CLIENT_CONFIRMATION_OK"
6901,4018206306,4018206339,1,"IOTHUB_CLIENT_CONFIRMATION_OK"
6902,4018206506,4018206558,1,"IOTHUB_CLIENT_CONFIRMATION_OK"
6903,4018206706,4018206782,1,"IOTHUB_CLIENT_CONFIRMATION_OK"
6904,4018206907,4018206965,1,"IOTHUB_CLIENT_CONFIRMATION_OK"
6905,4018207107,4018207150,1,"IOTHUB_CLIENT_CONFIRMATION_OK"
6906,4018207307,4018207340,1,"IOTHUB_CLIENT_CONFIRMATION_OK"
6907,4018207507,4018207547,1,"IOTHUB_CLIENT_CONFIRMATION_OK"
6908,4018207707,4018207795,1,"IOTHUB_CLIENT_CONFIRMATION_OK"
6909,4018207907,4018207937,1,"IOTHUB_CLIENT_CONFIRMATION_OK"
6910,4018208108,4018208164,1,"IOTHUB_CLIENT_CONFIRMATION_OK"
6911,4018208308,4018208407,1,"IOTHUB_CLIENT_CONFIRMATION_OK"
6912,4018208508,4018208638,1,"IOTHUB_CLIENT_CONFIRMATION_OK"
6913,4018208708,4018208739,1,"IOTHUB_CLIENT_CONFIRMATION_OK"
6914,4018208908,4018208946,1,"IOTHUB_CLIENT_CONFIRMATION_OK"
6915,4018209108,4018209141,1,"IOTHUB_CLIENT_CONFIRMATION_OK"
6916,4018209308,4018209353,1,"IOTHUB_CLIENT_CONFIRMATION_OK"
6917,4018209509,4018209544,1,"IOTHUB_CLIENT_CONFIRMATION_OK"
6918,4018209709,4018209740,1,"IOTHUB_CLIENT_CONFIRMATION_OK"
6919,4018209909,4018210083,1,"IOTHUB_CLIENT_CONFIRMATION_OK"
6920,4018210109,4018210143,1,"IOTHUB_CLIENT_CONFIRMATION_OK"
6921,4018210309,4018210347,1,"IOTHUB_CLIENT_CONFIRMATION_OK"
6922,4018210509,4018210542,1,"IOTHUB_CLIENT_CONFIRMATION_OK"
6923,4018210710,4018210799,1,"IOTHUB_CLIENT_CONFIRMATION_OK"
6924,4018210910,4018210943,1,"IOTHUB_CLIENT_CONFIRMATION_OK"
6925,4018211110,4018211168,1,"IOTHUB_CLIENT_CONFIRMATION_OK"
6926,4018211310,4018211358,1,"IOTHUB_CLIENT_CONFIRMATION_OK"
6927,4018211510,4018211575,1,"IOTHUB_CLIENT_CONFIRMATION_OK"
6928,4018211710,4018211769,1,"IOTHUB_CLIENT_CONFIRMATION_OK"
6929,4018211911,4018211964,1,"IOTHUB_CLIENT_CONFIRMATION_OK"
6930,4018212111,4018212175,1,"IOTHUB_CLIENT_CONFIRMATION_OK"
6931,4018212311,4018212393,1,"IOTHUB_CLIENT_CONFIRMATION_OK"
6932,4018212511,4018212559,1,"IOTHUB_CLIENT_CONFIRMATION_OK"
6933,4018212711,4018212811,1,"IOTHUB_CLIENT_CONFIRMATION_OK"
6934,4018212911,4018212949,1,"IOTHUB_CLIENT_CONFIRMATION_OK"
6935,4018213111,4018213198,1,"IOTHUB_CLIENT_CONFIRMATION_OK"
6936,4018213312,4018213360,1,"IOTHUB_CLIENT_CONFIRMATION_OK"
6937,4018213512,4018213544,1,"IOTHUB_CLIENT_CONFIRMATION_OK"
6938,4018213712,4018213836,1,"IOTHUB_CLIENT_CONFIRMATION_OK"
6939,4018213912,4018213945,1,"IOTHUB_CLIENT_CONFIRMATION_OK"
6940,4018214112,4018214146,1,"IOTHUB_CLIENT_CONFIRMATION_OK"
6941,4018214312,4018214414,1,"IOTHUB_CLIENT_CONFIRMATION_OK"
6942,4018214513,4018214548,1,"IOTHUB_CLIENT_CONFIRMATION_OK"
6943,4018214713,4018214761,1,"IOTHUB_CLIENT_CONFIRMATION_OK"
6944,4018214913,4018214971,1,"IOTHUB_CLIENT_CONFIRMATION_OK"
6945,4018215113,4018215153,1,"IOTHUB_CLIENT_CONFIRMATION_OK"
6946,4018215313,4018215467,1,"IOTHUB_CLIENT_CONFIRMATION_OK"
6947,4018215513,4018215550,1,"IOTHUB_CLIENT_CONFIRMATION_OK"
6948,4018215714,4018215760,1,"IOTHUB_CLIENT_CONFIRMATION_OK"
6949,4018215914,4018215954,1,"IOTHUB_CLIENT_CONFIRMATION_OK"
6950,4018216114,4018216147,1,"IOTHUB_CLIENT_CONFIRMATION_OK"
6951,4018216314,4018216397,1,"IOTHUB_CLIENT_CONFIRMATION_OK"
6952,4018216514,4018216545,1,"IOTHUB_CLIENT_CONFIRMATION_OK"
6953,4018216714,4018216755,1,"IOTHUB_CLIENT_CONFIRMATION_OK"
6954,4018216914,4018217105,1,"IOTHUB_CLIENT_CONFIRMATION_OK"
6955,4018217115,4018217151,1,"IOTHUB_CLIENT_CONFIRMATION_OK"
6956,4018217315,4018217365,1,"IOTHUB_CLIENT_CONFIRMATION_OK"
6957,4018217515,4018217546,1,"IOTHUB_CLIENT_CONFIRMATION_OK"
6958,4018217715,4018217764,1,"IOTHUB_CLIENT_CONFIRMATION_OK"
6959,4018217915,4018217965,1,"IOTHUB_CLIENT_CONFIRMATION_OK"
6960,4018218115,4018218160,1,"IOTHUB_CLIENT_CONFIRMATION_OK"
6961,4018218316,4018218349,1,"IOTHUB_CLIENT_CONFIRMATION_OK"
6962,4018218516,4018218560,1,"IOTHUB_CLIENT_CONFIRMATION_OK"
6963,4018218716,4018218823,1,"IOTHUB_CLIENT_CONFIRMATION_OK"
6964,4018218916,4018218958,1,"IOTHUB_CLIENT_CONFIRMATION_OK"
6965,4018219116,4018219183,1,"IOTHUB_CLIENT_CONFIRMATION_OK"
6966,4018219316,4018219357,1,"IOTHUB_CLIENT_CONFIRMATION_OK"
6967,4018219516,4018219551,1,"IOTHUB_CLIENT_CONFIRMATION_OK"
6968,4018219717,4018219801,1,"IOTHUB_CLIENT_CONFIRMATION_OK"
6969,4018219917,4018219949,1,"IOTHUB_CLIENT_CONFIRMATION_OK"
6970,4018220117,4018220149,1,"IOTHUB_CLIENT_CONFIRMATION_OK"
6971,4018220317,4018220385,1,"IOTHUB_CLIENT_CONFIRMATION_OK"
6972,4018220517,4018220571,1,"IOTHUB_CLIENT_CONFIRMATION_OK"
6973,4018220717,4018220801,1,"IOTHUB_CLIENT_CONFIRMATION_OK"
6974,4018220918,4018220961,1,"IOTHUB_CLIENT_CONFIRMATION_OK"
6975,4018221118,4018221149,1,"IOTHUB_CLIENT_CONFIRMATION_OK"
6976,4018221318,4018221434,1,"IOTHUB_CLIENT_CONFIRMATION_OK"
6977,4018221518,4018221571,1,"IOTHUB_CLIENT_CONFIRMATION_OK"
6978,4018221718,4018221751,1,"IOTHUB_CLIENT_CONFIRMATION_OK"
6979,4018221918,4018221954,1,"IOTHUB_CLIENT_CONFIRMATION_OK"
6980,4018222119,4018222149,1,"IOTHUB_CLIENT_CONFIRMATION_OK"
6981,4018222319,4018222424,1,"IOTHUB_CLIENT_CONFIRMATION_OK"
6982,4018222519,4018222556,1,"IOTHUB_CLIENT_CONFIRMATION_OK"
6983,4018222719,4018222766,1,"IOTHUB_CLIENT_CONFIRMATION_OK"
6984,4018222919,4018223035,1,"IOTHUB_CLIENT_CONFIRMATION_OK"
6985,4018223119,4018223154,1,"IOTHUB_CLIENT_CONFIRMATION_OK"
6986,4018223320,4018223360,1,"IOTHUB_CLIENT_CONFIRMATION_OK"
6987,4018223520,4018223563,1,"IOTHUB_CLIENT_CONFIRMATION_OK"
6988,4018223720,4018223752,1,"IOTHUB_CLIENT_CONFIRMATION_OK"
6989,4018223920,4018223955,1,"IOTHUB_CLIENT_CONFIRMATION_OK"
6990,4018224120,4018224210,1,"IOTHUB_CLIENT_CONFIRMATION_OK"
6991,4018224320,4018224352,1,"IOTHUB_CLIENT_CONFIRMATION_OK"
6992,4018224521,4018224680,1,"IOTHUB_CLIENT_CONFIRMATION_OK"
6993,4018224721,4018224761,1,"IOTHUB_CLIENT_CONFIRMATION_OK"
6994,4018224921,4018224955,1,"IOTHUB_CLIENT_CONFIRMATION_OK"
6995,4018225121,4018225183,1,"IOTHUB_CLIENT_CONFIRMATION_OK"
6996,4018225321,4018225356,1,"IOTHUB_CLIENT_CONFIRMATION_OK"
6997,4018225521,4018225563,1,"IOTHUB_CLIENT_CONFIRMATION_OK"
6998,4018225722,4018225770,1,"IOTHUB_CLIENT_CONFIRMATION_OK"
6999,4018225922,4018225965,1,"IOTHUB_CLIENT_CONFIRMATION_OK"
7000,4018226122,4018226313,1,"IOTHUB_CLIENT_CONFIRMATION_OK"
7001,4018226322,4018226359,1,"IOTHUB_CLIENT_CONFIRMATION_OK"
7002,4018226522,4018226557,1,"IOTHUB_CLIENT_CONFIRMATION_OK"
7003,4018226722,4018226759,1,"IOTHUB_CLIENT_CONFIRMATION_OK"
7004,4018226923,4018226953,1,"IOTHUB_CLIENT_CONFIRMATION_OK"
7005,4018227123,4018227163,1,"IOTHUB_CLIENT_CONFIRMATION_OK"
7006,4018227323,4018227354,1,"IOTHUB_CLIENT_CONFIRMATION_OK"
7007,4018227523,4018227571,1,"IOTHUB_CLIENT_CONFIRMATION_OK"
7008,4018227723,4018227920,1,"IOTHUB_CLIENT_CONFIRMATION_OK"
7009,4018227923,4018227954,1,"IOTHUB_CLIENT_CONFIRMATION_OK"
7010,4018228124,4018228155,1,"IOTHUB_CLIENT_CONFIRMATION_OK"
7011,4018228324,4018228359,1,"IOTHUB_CLIENT_CONFIRMATION_OK"
7012,4018228524,4018228558,1,"IOTHUB_CLIENT_CONFIRMATION_OK"
7013,4018228724,4018228770,1,"IOTHUB_CLIENT_CONFIRMATION_OK"
7014,4018228924,4018228962,1,"IOTHUB_CLIENT_CONFIRMATION_OK"
7015,4018229124,4018229169,1,"IOTHUB_CLIENT_CONFIRMATION_OK"
7016,4018229325,4018229369,1,"IOTHUB_CLIENT_CONFIRMATION_OK"
7017,4018229525,4018229612,1,"IOTHUB_CLIENT_CONFIRMATION_OK"
7018,4018229725,4018229757,1,"IOTHUB_CLIENT_CONFIRMATION_OK"
7019,4018229925,4018230025,1,"IOTHUB_CLIENT_CONFIRMATION_OK"
7020,4018230125,4018230221,1,"IOTHUB_CLIENT_CONFIRMATION_OK"
7021,4018230326,4018230387,1,"IOTHUB_CLIENT_CONFIRMATION_OK"
7022,4018230526,4018230630,1,"IOTHUB_CLIENT_CONFIRMATION_OK"
7023,4018230726,4018230768,1,"IOTHUB_CLIENT_CONFIRMATION_OK"
7024,4018230926,4018230967,1,"IOTHUB_CLIENT_CONFIRMATION_OK"
7025,4018231126,4018231258,1,"IOTHUB_CLIENT_CONFIRMATION_OK"
7026,4018231326,4018231380,1,"IOTHUB_CLIENT_CONFIRMATION_OK"
7027,4018231526,4018231640,1,"IOTHUB_CLIENT_CONFIRMATION_OK"
7028,4018231727,4018231762,1,"IOTHUB_CLIENT_CONFIRMATION_OK"
7029,4018231927,4018232007,1,"IOTHUB_CLIENT_CONFIRMATION_OK"
7030,4018232127,4018232158,1,"IOTHUB_CLIENT_CONFIRMATION_OK"
7031,4018232327,4018232398,1,"IOTHUB_CLIENT_CONFIRMATION_OK"
7032,4018232527,4018232559,1,"IOTHUB_CLIENT_CONFIRMATION_OK"
7033,4018232727,4018232776,1,"IOTHUB_CLIENT_CONFIRMATION_OK"
7034,4018232928,4018233003,1,"IOTHUB_CLIENT_CONFIRMATION_OK"
7035,4018233128,4018233281,1,"IOTHUB_CLIENT_CONFIRMATION_OK"
7036,4018233328,4018233360,1,"IOTHUB_CLIENT_CONFIRMATION_OK"
7037,4018233528,4018233651,1,"IOTHUB_CLIENT_CONFIRMATION_OK"
7038,4018233728,4018233781,1,"IOTHUB_CLIENT_CONFIRMATION_OK"
7039,4018233928,4018233965,1,"IOTHUB_CLIENT_CONFIRMATION_OK"
7040,4018234129,4018234158,1,"IOTHUB_CLIENT_CONFIRMATION_OK"
7041,4018234329,4018234449,1,"IOTHUB_CLIENT_CONFIRMATION_OK"
7042,4018234529,4018234567,1,"IOTHUB_CLIENT_CONFIRMATION_OK"
7043,4018234729,4018234912,1,"IOTHUB_CLIENT_CONFIRMATION_OK"
7044,4018234929,4018234971,1,"IOTHUB_CLIENT_CONFIRMATION_OK"
7045,4018235129,4018235159,1,"IOTHUB_CLIENT_CONFIRMATION_OK"
7046,4018235330,4018235372,1,"IOTHUB_CLIENT_CONFIRMATION_OK"
7047,4018235530,4018235568,1,"IOTHUB_CLIENT_CONFIRMATION_OK"
7048,4018235730,4018235764,1,"IOTHUB_CLIENT_CONFIRMATION_OK"
7049,4018235930,4018235962,1,"IOTHUB_CLIENT_CONFIRMATION_OK"
7050,4018236130,4018236165,1,"IOTHUB_CLIENT_CONFIRMATION_OK"
7051,4018236330,4018236363,1,"IOTHUB_CLIENT_CONFIRMATION_OK"
7052,4018236531,4018236595,1,"IOTHUB_CLIENT_CONFIRMATION_OK"
7053,4018236731,4018236771,1,"IOTHUB_CLIENT_CONFIRMATION_OK"
7054,4018236931,4018236972,1,"IOTHUB_CLIENT_CONFIRMATION_OK"
7055,4018237131,4018237170,1,"IOTHUB_CLIENT_CONFIRMATION_OK"
7056,4018237331,4018237375,1,"IOTHUB_CLIENT_CONFIRMATION_OK"
7057,4018237531,4018237564,1,"IOTHUB_CLIENT_CONFIRMATION_OK"
7058,4018237731,4018237764,1,"IOTHUB_CLIENT_CONFIRMATION_OK"
7059,4018237932,4018237987,1,"IOTHUB_CLIENT_CONFIRMATION_OK"
7060,4018238132,4018238181,1,"IOTHUB_CLIENT_CONFIRMATION_OK"
7061,4018238332,4018238362,1,"IOTHUB_CLIENT_CONFIRMATION_OK"
7062,4018238532,4018238608,1,"IOTHUB_CLIENT_CONFIRMATION_OK"
7063,4018238732,4018238772,1,"IOTHUB_CLIENT_CONFIRMATION_OK"
7064,4018238932,4018238968,1,"IOTHUB_CLIENT_CONFIRMATION_OK"
7065,4018239133,4018239204,1,"IOTHUB_CLIENT_CONFIRMATION_OK"
7066,4018239333,4018239398,1,"IOTHUB_CLIENT_CONFIRMATION_OK"
7067,4018239533,4018239581,1,"IOTHUB_CLIENT_CONFIRMATION_OK"
7068,4018239733,4018239768,1,"IOTHUB_CLIENT_CONFIRMATION_OK"
7069,4018239933,4018239965,1,"IOTHUB_CLIENT_CONFIRMATION_OK"
7070,4018240134,4018240215,1,"IOTHUB_CLIENT_CONFIRMATION_OK"
7071,4018240334,4018240377,1,"IOTHUB_CLIENT_CONFIRMATION_OK"
7072,4018240534,4018240567,1,"IOTHUB_CLIENT_CONFIRMATION_OK"
7073,4018240734,4018240845,1,"IOTHUB_CLIENT_CONFIRMATION_OK"
7074,4018240934,4018240996,1,"IOTHUB_CLIENT_CONFIRMATION_OK"
7075,4018241134,4018241187,1,"IOTHUB_CLIENT_CONFIRMATION_OK"
7076,4018241334,4018241367,1,"IOTHUB_CLIENT_CONFIRMATION_OK"
7077,4018241535,4018241569,1,"IOTHUB_CLIENT_CONFIRMATION_OK"
7078,4018241735,4018241779,1,"IOTHUB_CLIENT_CONFIRMATION_OK"
7079,4018241935,4018241975,1,"IOTHUB_CLIENT_CONFIRMATION_OK"
7080,4018242135,4018242170,1,"IOTHUB_CLIENT_CONFIRMATION_OK"
7081,4018242335,4018242473,1,"IOTHUB_CLIENT_CONFIRMATION_OK"
7082,4018242535,4018242566,1,"IOTHUB_CLIENT_CONFIRMATION_OK"
7083,4018242736,4018242768,1,"IOTHUB_CLIENT_CONFIRMATION_OK"
7084,4018242936,4018242987,1,"IOTHUB_CLIENT_CONFIRMATION_OK"
7085,4018243136,4018243170,1,"IOTHUB_CLIENT_CONFIRMATION_OK"
7086,4018243336,4018243371,1,"IOTHUB_CLIENT_CONFIRMATION_OK"
7087,4018243536,4018243581,1,"IOTHUB_CLIENT_CONFIRMATION_OK"
7088,4018243736,4018243781,1,"IOTHUB_CLIENT_CONFIRMATION_OK"
7089,4018243937,4018244134,1,"IOTHUB_CLIENT_CONFIRMATION_OK"
7090,4018244137,4018244193,1,"IOTHUB_CLIENT_CONFIRMATION_OK"
7091,4018244337,4018244385,1,"IOTHUB_CLIENT_CONFIRMATION_OK"
7092,4018244537,4018244570,1,"IOTHUB_CLIENT_CONFIRMATION_OK"
7093,4018244737,4018244769,1,"IOTHUB_CLIENT_CONFIRMATION_OK"
7094,4018244937,4018244987,1,"IOTHUB_CLIENT_CONFIRMATION_OK"
7095,4018245138,4018245169,1,"IOTHUB_CLIENT_CONFIRMATION_OK"
7096,4018245338,4018245373,1,"IOTHUB_CLIENT_CONFIRMATION_OK"
7097,4018245538,4018245570,1,"IOTHUB_CLIENT_CONFIRMATION_OK"
7098,4018245738,4018245784,1,"IOTHUB_CLIENT_CONFIRMATION_OK"
7099,4018245938,4018245985,1,"IOTHUB_CLIENT_CONFIRMATION_OK"
7100,4018246138,4018246257,1,"IOTHUB_CLIENT_CONFIRMATION_OK"
7101,4018246339,4018246376,1,"IOTHUB_CLIENT_CONFIRMATION_OK"
7102,4018246539,4018246599,1,"IOTHUB_CLIENT_CONFIRMATION_OK"
7103,4018246739,4018246772,1,"IOTHUB_CLIENT_CONFIRMATION_OK"
7104,4018246939,4018246981,1,"IOTHUB_CLIENT_CONFIRMATION_OK"
7105,4018247139,4018247180,1,"IOTHUB_CLIENT_CONFIRMATION_OK"
7106,4018247339,4018247398,1,"IOTHUB_CLIENT_CONFIRMATION_OK"
7107,4018247539,4018247589,1,"IOTHUB_CLIENT_CONFIRMATION_OK"
7108,4018247740,4018247876,1,"IOTHUB_CLIENT_CONFIRMATION_OK"
7109,4018247940,4018248001,1,"IOTHUB_CLIENT_CONFIRMATION_OK"
7110,4018248140,4018248180,1,"IOTHUB_CLIENT_CONFIRMATION_OK"
7111,4018248340,4018248383,1,"IOTHUB_CLIENT_CONFIRMATION_OK"
7112,4018248540,4018248573,1,"IOTHUB_CLIENT_CONFIRMATION_OK"
7113,4018248740,4018248774,1,"IOTHUB_CLIENT_CONFIRMATION_OK"
7114,4018248941,4018249009,1,"IOTHUB_CLIENT_CONFIRMATION_OK"
7115,4018249141,4018249173,1,"IOTHUB_CLIENT_CONFIRMATION_OK"
7116,4018249341,4018249388,1,"IOTHUB_CLIENT_CONFIRMATION_OK"
7117,4018249541,4018249578,1,"IOTHUB_CLIENT_CONFIRMATION_OK"
7118,4018249741,4018249771,1,"IOTHUB_CLIENT_CONFIRMATION_OK"
7119,4018249941,4018250000,1,"IOTHUB_CLIENT_CONFIRMATION_OK"
7120,4018250142,4018250180,1,"IOTHUB_CLIENT_CONFIRMATION_OK"
7121,4018250342,4018250388,1,"IOTHUB_CLIENT_CONFIRMATION_OK"
7122,4018250542,4018250614,1,"IOTHUB_CLIENT_CONFIRMATION_OK"
7123,4018250742,4018250774,1,"IOTHUB_CLIENT_CONFIRMATION_OK"
7124,4018250942,4018250992,1,"IOTHUB_CLIENT_CONFIRMATION_OK"
7125,4018251142,4018251172,1,"IOTHUB_CLIENT_CONFIRMATION_OK"
7126,4018251343,4018251387,1,"IOTHUB_CLIENT_CONFIRMATION_OK"
7127,4018251543,4018251630,1,"IOTHUB_CLIENT_CONFIRMATION_OK"
7128,4018251743,4018251775,1,"IOTHUB_CLIENT_CONFIRMATION_OK"
7129,4018251943,4018251979,1,"IOTHUB_CLIENT_CONFIRMATION_OK"
7130,4018252143,4018252233,1,"IOTHUB_CLIENT_CONFIRMATION_OK"
7131,4018252343,4018252376,1,"IOTHUB_CLIENT_CONFIRMATION_OK"
7132,4018252544,4018252576,1,"IOTHUB_CLIENT_CONFIRMATION_OK"
7133,4018252744,4018252778,1,"IOTHUB_CLIENT_CONFIRMATION_OK"
7134,4018252944,4018252980,1,"IOTHUB_CLIENT_CONFIRMATION_OK"
7135,4018253144,4018253302,1,"IOTHUB_CLIENT_CONFIRMATION_OK"
7136,4018253344,4018253375,1,"IOTHUB_CLIENT_CONFIRMATION_OK"
7137,4018253544,4018253578,1,"IOTHUB_CLIENT_CONFIRMATION_OK"
7138,4018253745,4018253866,1,"IOTHUB_CLIENT_CONFIRMATION_OK"
7139,4018253945,4018253976,1,"IOTHUB_CLIENT_CONFIRMATION_OK"
7140,4018254145,4018254201,1,"IOTHUB_CLIENT_CONFIRMATION_OK"
7141,4018254345,4018254388,1,"IOTHUB_CLIENT_CONFIRMATION_OK"
7142,4018254545,4018254583,1,"IOTHUB_CLIENT_CONFIRMATION_OK"
7143,4018254745,4018254895,1,"IOTHUB_CLIENT_CONFIRMATION_OK"
7144,4018254946,4018254980,1,"IOTHUB_CLIENT_CONFIRMATION_OK"
7145,4018255146,4018255184,1,"IOTHUB_CLIENT_CONFIRMATION_OK"
7146,4018255346,4018255494,1,"IOTHUB_CLIENT_CONFIRMATION_OK"
7147,4018255546,4018255580,1,"IOTHUB_CLIENT_CONFIRMATION_OK"
7148,4018255746,4018255778,1,"IOTHUB_CLIENT_CONFIRMATION_OK"
7149,4018255946,4018255979,1,"IOTHUB_CLIENT_CONFIRMATION_OK"
7150,4018256147,4018256184,1,"IOTHUB_CLIENT_CONFIRMATION_OK"
7151,4018256347,4018256379,1,"IOTHUB_CLIENT_CONFIRMATION_OK"
7152,4018256547,4018256598,1,"IOTHUB_CLIENT_CONFIRMATION_OK"
7153,4018256747,4018256780,1,"IOTHUB_CLIENT_CONFIRMATION_OK"
7154,4018256947,4018257125,1,"IOTHUB_CLIENT_CONFIRMATION_OK"
7155,4018257147,4018257199,1,"IOTHUB_CLIENT_CONFIRMATION_OK"
7156,4018257348,4018257382,1,"IOTHUB_CLIENT_CONFIRMATION_OK"
7157,4018257548,4018257577,1,"IOTHUB_CLIENT_CONFIRMATION_OK"
7158,4018257748,4018257781,1,"IOTHUB_CLIENT_CONFIRMATION_OK"
7159,4018257948,4018257985,1,"IOTHUB_CLIENT_CONFIRMATION_OK"
7160,4018258148,4018258182,1,"IOTHUB_CLIENT_CONFIRMATION_OK"
7161,4018258348,4018258384,1,"IOTHUB_CLIENT_CONFIRMATION_OK"
7162,4018258548,4018258809,1,"IOTHUB_CLIENT_CONFIRMATION_OK"
7163,4018258749,4018258910,1,"IOTHUB_CLIENT_CONFIRMATION_OK"
7164,4018258949,4018258979,1,"IOTHUB_CLIENT_CONFIRMATION_OK"
7165,4018259149,4018259178,1,"IOTHUB_CLIENT_CONFIRMATION_OK"
7166,4018259349,4018259396,1,"IOTHUB_CLIENT_CONFIRMATION_OK"
7167,4018259549,4018259587,1,"IOTHUB_CLIENT_CONFIRMATION_OK"
7168,4018259749,4018259784,1,"IOTHUB_CLIENT_CONFIRMATION_OK"
7169,4018259950,4018260003,1,"IOTHUB_CLIENT_CONFIRMATION_OK"
7170,4018260150,4018260346,1,"IOTHUB_CLIENT_CONFIRMATION_OK"
7171,4018260350,4018260394,1,"IOTHUB_CLIENT_CONFIRMATION_OK"
7172,4018260550,4018260613,1,"IOTHUB_CLIENT_CONFIRMATION_OK"
7173,4018260750,4018260838,1,"IOTHUB_CLIENT_CONFIRMATION_OK"
7174,4018260950,4018260993,1,"IOTHUB_CLIENT_CONFIRMATION_OK"
7175,4018261151,4018261187,1,"IOTHUB_CLIENT_CONFIRMATION_OK"
7176,4018261351,4018261426,1,"IOTHUB_CLIENT_CONFIRMATION_OK"
7177,4018261551,4018261584,1,"IOTHUB_CLIENT_CONFIRMATION_OK"
7178,4018261751,4018261787,1,"IOTHUB_CLIENT_CONFIRMATION_OK"
7179,4018261951,4018261996,1,"IOTHUB_CLIENT_CONFIRMATION_OK"
7180,4018262151,4018262188,1,"IOTHUB_CLIENT_CONFIRMATION_OK"
7181,4018262352,4018262455,1,"IOTHUB_CLIENT_CONFIRMATION_OK"
7182,4018262552,4018262581,1,"IOTHUB_CLIENT_CONFIRMATION_OK"
7183,4018262752,4018262780,1,"IOTHUB_CLIENT_CONFIRMATION_OK"
7184,4018262952,4018263068,1,"IOTHUB_CLIENT_CONFIRMATION_OK"
7185,4018263152,4018263184,1,"IOTHUB_CLIENT_CONFIRMATION_OK"
7186,4018263352,4018263394,1,"IOTHUB_CLIENT_CONFIRMATION_OK"
7187,4018263552,4018263586,1,"IOTHUB_CLIENT_CONFIRMATION_OK"
7188,4018263753,4018263799,1,"IOTHUB_CLIENT_CONFIRMATION_OK"
7189,4018263953,4018264088,1,"IOTHUB_CLIENT_CONFIRMATION_OK"
7190,4018264153,4018264227,1,"IOTHUB_CLIENT_CONFIRMATION_OK"
7191,4018264353,4018264383,1,"IOTHUB_CLIENT_CONFIRMATION_OK"
7192,4018264553,4018264590,1,"IOTHUB_CLIENT_CONFIRMATION_OK"
7193,4018264753,4018264787,1,"IOTHUB_CLIENT_CONFIRMATION_OK"
7194,4018264954,4018265095,1,"IOTHUB_CLIENT_CONFIRMATION_OK"
7195,4018265154,4018265289,1,"IOTHUB_CLIENT_CONFIRMATION_OK"
7196,4018265354,4018265401,1,"IOTHUB_CLIENT_CONFIRMATION_OK"
7197,4018265554,4018265597,1,"IOTHUB_CLIENT_CONFIRMATION_OK"
7198,4018265754,4018265789,1,"IOTHUB_CLIENT_CONFIRMATION_OK"
7199,4018265954,4018265986,1,"IOTHUB_CLIENT_CONFIRMATION_OK"
7200,4018266155,4018266317,1,"IOTHUB_CLIENT_CONFIRMATION_OK"
7201,4018266355,4018266393,1,"IOTHUB_CLIENT_CONFIRMATION_OK"
7202,4018266555,4018266587,1,"IOTHUB_CLIENT_CONFIRMATION_OK"
7203,4018266755,4018266788,1,"IOTHUB_CLIENT_CONFIRMATION_OK"
7204,4018266955,4018266988,1,"IOTHUB_CLIENT_CONFIRMATION_OK"
7205,4018267155,4018267218,1,"IOTHUB_CLIENT_CONFIRMATION_OK"
7206,4018267355,4018267395,1,"IOTHUB_CLIENT_CONFIRMATION_OK"
7207,4018267556,4018267610,1,"IOTHUB_CLIENT_CONFIRMATION_OK"
7208,4018267756,4018267788,1,"IOTHUB_CLIENT_CONFIRMATION_OK"
7209,4018267956,4018268002,1,"IOTHUB_CLIENT_CONFIRMATION_OK"
7210,4018268156,4018268200,1,"IOTHUB_CLIENT_CONFIRMATION_OK"
7211,4018268356,4018268396,1,"IOTHUB_CLIENT_CONFIRMATION_OK"
7212,4018268556,4018268596,1,"IOTHUB_CLIENT_CONFIRMATION_OK"
7213,4018268757,4018268793,1,"IOTHUB_CLIENT_CONFIRMATION_OK"
7214,4018268957,4018269014,1,"IOTHUB_CLIENT_CONFIRMATION_OK"
7215,4018269157,4018269187,1,"IOTHUB_CLIENT_CONFIRMATION_OK"
7216,4018269357,4018269393,1,"IOTHUB_CLIENT_CONFIRMATION_OK"
7217,4018269557,4018269614,1,"IOTHUB_CLIENT_CONFIRMATION_OK"
7218,4018269757,4018269802,1,"IOTHUB_CLIENT_CONFIRMATION_OK"
7219,4018269958,4018270131,1,"IOTHUB_CLIENT_CONFIRMATION_OK"
7220,4018270158,4018270191,1,"IOTHUB_CLIENT_CONFIRMATION_OK"
7221,4018270358,4018270408,1,"IOTHUB_CLIENT_CONFIRMATION_OK"
7222,4018270558,4018270619,1,"IOTHUB_CLIENT_CONFIRMATION_OK"
7223,4018270758,4018270789,1,"IOTHUB_CLIENT_CONFIRMATION_OK"
7224,4018270958,4018271052,1,"IOTHUB_CLIENT_CONFIRMATION_OK"
7225,4018271159,4018271197,1,"IOTHUB_CLIENT_CONFIRMATION_OK"
7226,4018271359,4018271420,1,"IOTHUB_CLIENT_CONFIRMATION_OK"
7227,4018271559,4018271685,1,"IOTHUB_CLIENT_CONFIRMATION_OK"
7228,4018271759,4018271803,1,"IOTHUB_CLIENT_CONFIRMATION_OK"
7229,4018271959,4018271990,1,"IOTHUB_CLIENT_CONFIRMATION_OK"
7230,4018272159,4018272193,1,"IOTHUB_CLIENT_CONFIRMATION_OK"
7231,4018272360,4018272405,1,"IOTHUB_CLIENT_CONFIRMATION_OK"
7232,4018272560,4018272610,1,"IOTHUB_CLIENT_CONFIRMATION_OK"
7233,4018272760,4018272799,1,"IOTHUB_CLIENT_CONFIRMATION_OK"
7234,4018272960,4018273016,1,"IOTHUB_CLIENT_CONFIRMATION_OK"
7235,4018273160,4018273331,1,"IOTHUB_CLIENT_CONFIRMATION_OK"
7236,4018273360,4018273405,1,"IOTHUB_CLIENT_CONFIRMATION_OK"
7237,4018273561,4018273596,1,"IOTHUB_CLIENT_CONFIRMATION_OK"
7238,4018273761,4018274102,1,"IOTHUB_CLIENT_CONFIRMATION_OK"
7239,4018273961,4018274174,1,"IOTHUB_CLIENT_CONFIRMATION_OK"
7240,4018274161,4018274210,1,"IOTHUB_CLIENT_CONFIRMATION_OK"
7241,4018274361,4018274398,1,"IOTHUB_CLIENT_CONFIRMATION_OK"
7242,4018274561,4018274595,1,"IOTHUB_CLIENT_CONFIRMATION_OK"
7243,4018274762,4018274791,1,"IOTHUB_CLIENT_CONFIRMATION_OK"
7244,4018274962,4018274996,1,"IOTHUB_CLIENT_CONFIRMATION_OK"
7245,4018275162,4018275201,1,"IOTHUB_CLIENT_CONFIRMATION_OK"
7246,4018275362,4018275418,1,"IOTHUB_CLIENT_CONFIRMATION_OK"
7247,4018275562,4018275620,1,"IOTHUB_CLIENT_CONFIRMATION_OK"
7248,4018275762,4018275794,1,"IOTHUB_CLIENT_CONFIRMATION_OK"
7249,4018275962,4018276104,1,"IOTHUB_CLIENT_CONFIRMATION_OK"
7250,4018276163,4018276209,1,"IOTHUB_CLIENT_CONFIRMATION_OK"
7251,4018276363,4018276500,1,"IOTHUB_CLIENT_CONFIRMATION_OK"
7252,4018276563,4018276591,1,"IOTHUB_CLIENT_CONFIRMATION_OK"
7253,4018276763,4018276793,1,"IOTHUB_CLIENT_CONFIRMATION_OK"
7254,4018276963,4018277115,1,"IOTHUB_CLIENT_CONFIRMATION_OK"
7255,4018277163,4018277205,1,"IOTHUB_CLIENT_CONFIRMATION_OK"
7256,4018277364,4018277427,1,"IOTHUB_CLIENT_CONFIRMATION_OK"
7257,4018277564,4018277613,1,"IOTHUB_CLIENT_CONFIRMATION_OK"
7258,4018277764,4018277804,1,"IOTHUB_CLIENT_CONFIRMATION_OK"
7259,4018277964,4018277995,1,"IOTHUB_CLIENT_CONFIRMATION_OK"
7260,4018278164,4018278203,1,"IOTHUB_CLIENT_CONFIRMATION_OK"
7261,4018278364,4018278615,1,"IOTHUB_CLIENT_CONFIRMATION_OK"
7262,4018278565,4018278752,1,"IOTHUB_CLIENT_CONFIRMATION_OK"
7263,4018278765,4018278834,1,"IOTHUB_CLIENT_CONFIRMATION_OK"
7264,4018278965,4018279001,1,"IOTHUB_CLIENT_CONFIRMATION_OK"
7265,4018279165,4018279210,1,"IOTHUB_CLIENT_CONFIRMATION_OK"
7266,4018279365,4018279399,1,"IOTHUB_CLIENT_CONFIRMATION_OK"
7267,4018279565,4018279614,1,"IOTHUB_CLIENT_CONFIRMATION_OK"
7268,4018279766,4018279796,1,"IOTHUB_CLIENT_CONFIRMATION_OK"
7269,4018279966,4018280008,1,"IOTHUB_CLIENT_CONFIRMATION_OK"
7270,4018280166,4018280371,1,"IOTHUB_CLIENT_CONFIRMATION_OK"
7271,4018280366,4018280401,1,"IOTHUB_CLIENT_CONFIRMATION_OK"
7272,4018280566,4018280611,1,"IOTHUB_CLIENT_CONFIRMATION_OK"
7273,4018280766,4018280807,1,"IOTHUB_CLIENT_CONFIRMATION_OK"
7274,4018280967,4018281018,1,"IOTHUB_CLIENT_CONFIRMATION_OK"
7275,4018281167,4018281274,1,"IOTHUB_CLIENT_CONFIRMATION_OK"
7276,4018281367,4018281409,1,"IOTHUB_CLIENT_CONFIRMATION_OK"
7277,4018281567,4018281636,1,"IOTHUB_CLIENT_CONFIRMATION_OK"
7278,4018281767,4018281972,1,"IOTHUB_CLIENT_CONFIRMATION_OK"
7279,4018281967,4018282019,1,"IOTHUB_CLIENT_CONFIRMATION_OK"
7280,4018282168,4018282210,1,"IOTHUB_CLIENT_CONFIRMATION_OK"
7281,4018282368,4018282410,1,"IOTHUB_CLIENT_CONFIRMATION_OK"
7282,4018282568,4018282611,1,"IOTHUB_CLIENT_CONFIRMATION_OK"
7283,4018282768,4018282812,1,"IOTHUB_CLIENT_CONFIRMATION_OK"
7284,4018282968,4018283027,1,"IOTHUB_CLIENT_CONFIRMATION_OK"
7285,4018283168,4018283229,1,"IOTHUB_CLIENT_CONFIRMATION_OK"
7286,4018283368,4018283430,1,"IOTHUB_CLIENT_CONFIRMATION_OK"
7287,4018283569,4018283629,1,"IOTHUB_CLIENT_CONFIRMATION_OK"
7288,4018283769,4018283811,1,"IOTHUB_CLIENT_CONFIRMATION_OK"
7289,4018283969,4018284025,1,"IOTHUB_CLIENT_CONFIRMATION_OK"
7290,4018284169,4018284207,1,"IOTHUB_CLIENT_CONFIRMATION_OK"
7291,4018284369,4018284411,1,"IOTHUB_CLIENT_CONFIRMATION_OK"
7292,4018284569,4018284646,1,"IOTHUB_CLIENT_CONFIRMATION_OK"
7293,4018284770,4018284823,1,"IOTHUB_CLIENT_CONFIRMATION_OK"
7294,4018284970,4018285026,1,"IOTHUB_CLIENT_CONFIRMATION_OK"
7295,4018285170,4018285202,1,"IOTHUB_CLIENT_CONFIRMATION_OK"
7296,4018285370,4018285411,1,"IOTHUB_CLIENT_CONFIRMATION_OK"
7297,4018285570,4018285699,1,"IOTHUB_CLIENT_CONFIRMATION_OK"
7298,4018285770,4018285810,1,"IOTHUB_CLIENT_CONFIRMATION_OK"
7299,4018285971,4018286017,1,"IOTHUB_CLIENT_CONFIRMATION_OK"
7300,4018286171,4018286298,1,"IOTHUB_CLIENT_CONFIRMATION_OK"
7301,4018286371,4018286408,1,"IOTHUB_CLIENT_CONFIRMATION_OK"
7302,4018286571,4018286619,1,"IOTHUB_CLIENT_CONFIRMATION_OK"
7303,4018286771,4018286817,1,"IOTHUB_CLIENT_CONFIRMATION_OK"
7304,4018286971,4018287009,1,"IOTHUB_CLIENT_CONFIRMATION_OK"
7305,4018287172,4018287216,1,"IOTHUB_CLIENT_CONFIRMATION_OK"
7306,4018287372,4018287417,1,"IOTHUB_CLIENT_CONFIRMATION_OK"
7307,4018287572,4018287633,1,"IOTHUB_CLIENT_CONFIRMATION_OK"
7308,4018287772,4018287936,1,"IOTHUB_CLIENT_CONFIRMATION_OK"
7309,4018287972,4018288018,1,"IOTHUB_CLIENT_CONFIRMATION_OK"
7310,4018288172,4018288276,1,"IOTHUB_CLIENT_CONFIRMATION_OK"
7311,4018288372,4018288413,1,"IOTHUB_CLIENT_CONFIRMATION_OK"
7312,4018288573,4018288675,1,"IOTHUB_CLIENT_CONFIRMATION_OK"
7313,4018288773,4018288824,1,"IOTHUB_CLIENT_CONFIRMATION_OK"
7314,4018288973,4018289018,1,"IOTHUB_CLIENT_CONFIRMATION_OK"
7315,4018289173,4018289233,1,"IOTHUB_CLIENT_CONFIRMATION_OK"
7316,4018289373,4018289557,1,"IOTHUB_CLIENT_CONFIRMATION_OK"
7317,4018289573,4018289632,1,"IOTHUB_CLIENT_CONFIRMATION_OK"
7318,4018289774,4018289812,1,"IOTHUB_CLIENT_CONFIRMATION_OK"
7319,4018289974,4018290032,1,"IOTHUB_CLIENT_CONFIRMATION_OK"
7320,4018290174,4018290213,1,"IOTHUB_CLIENT_CONFIRMATION_OK"
7321,4018290374,4018290423,1,"IOTHUB_CLIENT_CONFIRMATION_OK"
7322,4018290574,4018290615,1,"IOTHUB_CLIENT_CONFIRMATION_OK"
7323,4018290774,4018290822,1,"IOTHUB_CLIENT_CONFIRMATION_OK"
7324,4018290975,4018291204,1,"IOTHUB_CLIENT_CONFIRMATION_OK"
7325,4018291175,4018291223,1,"IOTHUB_CLIENT_CONFIRMATION_OK"
7326,4018291375,4018291419,1,"IOTHUB_CLIENT_CONFIRMATION_OK"
7327,4018291575,4018291617,1,"IOTHUB_CLIENT_CONFIRMATION_OK"
7328,4018291775,4018291820,1,"IOTHUB_CLIENT_CONFIRMATION_OK"
7329,4018291975,4018292091,1,"IOTHUB_CLIENT_CONFIRMATION_OK"
7330,4018292176,4018292276,1,"IOTHUB_CLIENT_CONFIRMATION_OK"
7331,4018292376,4018292412,1,"IOTHUB_CLIENT_CONFIRMATION_OK"
7332,4018292576,4018292617,1,"IOTHUB_CLIENT_CONFIRMATION_OK"
7333,4018292776,4018292820,1,"IOTHUB_CLIENT_CONFIRMATION_OK"
7334,4018292976,4018293017,1,"IOTHUB_CLIENT_CONFIRMATION_OK"
7335,4018293176,4018293289,1,"IOTHUB_CLIENT_CONFIRMATION_OK"
7336,4018293377,4018293417,1,"IOTHUB_CLIENT_CONFIRMATION_OK"
7337,4018293577,4018293625,1,"IOTHUB_CLIENT_CONFIRMATION_OK"
7338,4018293777,4018293818,1,"IOTHUB_CLIENT_CONFIRMATION_OK"
7339,4018293977,4018294018,1,"IOTHUB_CLIENT_CONFIRMATION_OK"
7340,4018294177,4018294223,1,"IOTHUB_CLIENT_CONFIRMATION_OK"
7341,4018294377,4018294417,1,"IOTHUB_CLIENT_CONFIRMATION_OK"
7342,4018294577,4018294672,1,"IOTHUB_CLIENT_CONFIRMATION_OK"
7343,4018294778,4018294914,1,"IOTHUB_CLIENT_CONFIRMATION_OK"
7344,4018294978,4018295046,1,"IOTHUB_CLIENT_CONFIRMATION_OK"
7345,4018295178,4018295241,1,"IOTHUB_CLIENT_CONFIRMATION_OK"
7346,4018295378,4018295433,1,"IOTHUB_CLIENT_CONFIRMATION_OK"
7347,4018295578,4018295626,1,"IOTHUB_CLIENT_CONFIRMATION_OK"
7348,4018295778,4018295819,1,"IOTHUB_CLIENT_CONFIRMATION_OK"
7349,4018295979,4018296019,1,"IOTHUB_CLIENT_CONFIRMATION_OK"
7350,4018296179,4018296217,1,"IOTHUB_CLIENT_CONFIRMATION_OK"
7351,4018296379,4018296564,1,"IOTHUB_CLIENT_CONFIRMATION_OK"
7352,4018296579,4018296622,1,"IOTHUB_CLIENT_CONFIRMATION_OK"
7353,4018296779,4018296821,1,"IOTHUB_CLIENT_CONFIRMATION_OK"
7354,4018296979,4018297032,1,"IOTHUB_CLIENT_CONFIRMATION_OK"
7355,4018297180,4018297220,1,"IOTHUB_CLIENT_CONFIRMATION_OK"
7356,4018297380,4018297442,1,"IOTHUB_CLIENT_CONFIRMATION_OK"
7357,4018297580,4018297619,1,"IOTHUB_CLIENT_CONFIRMATION_OK"
7358,4018297780,4018297832,1,"IOTHUB_CLIENT_CONFIRMATION_OK"
7359,4018297980,4018298178,1,"IOTHUB_CLIENT_CONFIRMATION_OK"
7360,4018298180,4018298219,1,"IOTHUB_CLIENT_CONFIRMATION_OK"
7361,4018298381,4018298418,1,"IOTHUB_CLIENT_CONFIRMATION_OK"
7362,4018298581,4018298641,1,"IOTHUB_CLIENT_CONFIRMATION_OK"
7363,4018298781,4018298839,1,"IOTHUB_CLIENT_CONFIRMATION_OK"
7364,4018298981,4018299019,1,"IOTHUB_CLIENT_CONFIRMATION_OK"
7365,4018299181,4018299283,1,"IOTHUB_CLIENT_CONFIRMATION_OK"
7366,4018299381,4018299424,1,"IOTHUB_CLIENT_CONFIRMATION_OK"
7367,4018299582,4018299625,1,"IOTHUB_CLIENT_CONFIRMATION_OK"
7368,4018299782,4018299821,1,"IOTHUB_CLIENT_CONFIRMATION_OK"
7369,4018299982,4018300037,1,"IOTHUB_CLIENT_CONFIRMATION_OK"
7370,4018300182,4018300271,1,"IOTHUB_CLIENT_CONFIRMATION_OK"
7371,4018300382,4018300421,1,"IOTHUB_CLIENT_CONFIRMATION_OK"
7372,4018300582,4018300625,1,"IOTHUB_CLIENT_CONFIRMATION_OK"
7373,4018300783,4018300877,1,"IOTHUB_CLIENT_CONFIRMATION_OK"
7374,4018300983,4018301030,1,"IOTHUB_CLIENT_CONFIRMATION_OK"
7375,4018301183,4018301230,1,"IOTHUB_CLIENT_CONFIRMATION_OK"
7376,4018301383,4018301459,1,"IOTHUB_CLIENT_CONFIRMATION_OK"
7377,4018301583,4018301656,1,"IOTHUB_CLIENT_CONFIRMATION_OK"
7378,4018301783,4018301904,1,"IOTHUB_CLIENT_CONFIRMATION_OK"
7379,4018301984,4018302023,1,"IOTHUB_CLIENT_CONFIRMATION_OK"
7380,4018302184,4018302227,1,"IOTHUB_CLIENT_CONFIRMATION_OK"
7381,4018302384,4018302526,1,"IOTHUB_CLIENT_CONFIRMATION_OK"
7382,4018302584,4018302625,1,"IOTHUB_CLIENT_CONFIRMATION_OK"
7383,4018302784,4018302832,1,"IOTHUB_CLIENT_CONFIRMATION_OK"
7384,4018302984,4018303026,1,"IOTHUB_CLIENT_CONFIRMATION_OK"
7385,4018303184,4018303225,1,"IOTHUB_CLIENT_CONFIRMATION_OK"
7386,4018303385,4018303427,1,"IOTHUB_CLIENT_CONFIRMATION_OK"
7387,4018303585,4018303624,1,"IOTHUB_CLIENT_CONFIRMATION_OK"
7388,4018303785,4018303831,1,"IOTHUB_CLIENT_CONFIRMATION_OK"
7389,4018303985,4018304135,1,"IOTHUB_CLIENT_CONFIRMATION_OK"
7390,4018304185,4018304225,1,"IOTHUB_CLIENT_CONFIRMATION_OK"
7391,4018304385,4018304427,1,"IOTHUB_CLIENT_CONFIRMATION_OK"
7392,4018304586,4018304784,1,"IOTHUB_CLIENT_CONFIRMATION_OK"
7393,4018304786,4018304831,1,"IOTHUB_CLIENT_CONFIRMATION_OK"
7394,4018304986,4018305024,1,"IOTHUB_CLIENT_CONFIRMATION_OK"
7395,4018305186,4018305227,1,"IOTHUB_CLIENT_CONFIRMATION_OK"
7396,4018305386,4018305425,1,"IOTHUB_CLIENT_CONFIRMATION_OK"
7397,4018305586,4018305775,1,"IOTHUB_CLIENT_CONFIRMATION_OK"
7398,4018305787,4018305826,1,"IOTHUB_CLIENT_CONFIRMATION_OK"
7399,4018305987,4018306037,1,"IOTHUB_CLIENT_CONFIRMATION_OK"
7400,4018306187,4018306233,1,"IOTHUB_CLIENT_CONFIRMATION_OK"
7401,4018306387,4018306432,1,"IOTHUB_CLIENT_CONFIRMATION_OK"
7402,4018306587,4018306634,1,"IOTHUB_CLIENT_CONFIRMATION_OK"
7403,4018306787,4018306825,1,"IOTHUB_CLIENT_CONFIRMATION_OK"
7404,4018306988,4018307028,1,"IOTHUB_CLIENT_CONFIRMATION_OK"
7405,4018307188,4018307381,1,"IOTHUB_CLIENT_CONFIRMATION_OK"
7406,4018307388,4018307435,1,"IOTHUB_CLIENT_CONFIRMATION_OK"
7407,4018307588,4018307623,1,"IOTHUB_CLIENT_CONFIRMATION_OK"
7408,4018307788,4018307830,1,"IOTHUB_CLIENT_CONFIRMATION_OK"
7409,4018307988,4018308031,1,"IOTHUB_CLIENT_CONFIRMATION_OK"
7410,4018308188,4018308236,1,"IOTHUB_CLIENT_CONFIRMATION_OK"
7411,4018308389,4018308460,1,"IOTHUB_CLIENT_CONFIRMATION_OK"
7412,4018308589,4018308639,1,"IOTHUB_CLIENT_CONFIRMATION_OK"
7413,4018308789,4018308832,1,"IOTHUB_CLIENT_CONFIRMATION_OK"
7414,4018308989,4018309054,1,"IOTHUB_CLIENT_CONFIRMATION_OK"
7415,4018309189,4018309232,1,"IOTHUB_CLIENT_CONFIRMATION_OK"
7416,4018309389,4018309439,1,"IOTHUB_CLIENT_CONFIRMATION_OK"
7417,4018309590,4018309629,1,"IOTHUB_CLIENT_CONFIRMATION_OK"
7418,4018309790,4018309830,1,"IOTHUB_CLIENT_CONFIRMATION_OK"
7419,4018309990,4018310043,1,"IOTHUB_CLIENT_CONFIRMATION_OK"
7420,4018310190,4018310259,1,"IOTHUB_CLIENT_CONFIRMATION_OK"
7421,4018310390,4018310429,1,"IOTHUB_CLIENT_CONFIRMATION_OK"
7422,4018310590,4018310658,1,"IOTHUB_CLIENT_CONFIRMATION_OK"
7423,4018310791,4018310833,1,"IOTHUB_CLIENT_CONFIRMATION_OK"
7424,4018310991,4018311052,1,"IOTHUB_CLIENT_CONFIRMATION_OK"
7425,4018311191,4018311229,1,"IOTHUB_CLIENT_CONFIRMATION_OK"
7426,4018311391,4018311430,1,"IOTHUB_CLIENT_CONFIRMATION_OK"
7427,4018311591,4018311659,1,"IOTHUB_CLIENT_CONFIRMATION_OK"
7428,4018311791,4018311848,1,"IOTHUB_CLIENT_CONFIRMATION_OK"
7429,4018311992,4018312045,1,"IOTHUB_CLIENT_CONFIRMATION_OK"
7430,4018312192,4018312233,1,"IOTHUB_CLIENT_CONFIRMATION_OK"
7431,4018312392,4018312444,1,"IOTHUB_CLIENT_CONFIRMATION_OK"
7432,4018312592,4018312676,1,"IOTHUB_CLIENT_CONFIRMATION_OK"
7433,4018312792,4018312829,1,"IOTHUB_CLIENT_CONFIRMATION_OK"
7434,4018312992,4018313032,1,"IOTHUB_CLIENT_CONFIRMATION_OK"
7435,4018313193,4018313310,1,"IOTHUB_CLIENT_CONFIRMATION_OK"
7436,4018313393,4018313442,1,"IOTHUB_CLIENT_CONFIRMATION_OK"
7437,4018313593,4018313637,1,"IOTHUB_CLIENT_CONFIRMATION_OK"
7438,4018313793,4018313837,1,"IOTHUB_CLIENT_CONFIRMATION_OK"
7439,4018313993,4018314032,1,"IOTHUB_CLIENT_CONFIRMATION_OK"
7440,4018314193,4018314310,1,"IOTHUB_CLIENT_CONFIRMATION_OK"
7441,4018314394,4018314433,1,"IOTHUB_CLIENT_CONFIRMATION_OK"
7442,4018314594,4018314632,1,"IOTHUB_CLIENT_CONFIRMATION_OK"
7443,4018314794,4018314910,1,"IOTHUB_CLIENT_CONFIRMATION_OK"
7444,4018314994,4018315066,1,"IOTHUB_CLIENT_CONFIRMATION_OK"
7445,4018315194,4018315246,1,"IOTHUB_CLIENT_CONFIRMATION_OK"
7446,4018315394,4018315445,1,"IOTHUB_CLIENT_CONFIRMATION_OK"
7447,4018315594,4018315639,1,"IOTHUB_CLIENT_CONFIRMATION_OK"
7448,4018315795,4018315834,1,"IOTHUB_CLIENT_CONFIRMATION_OK"
7449,4018315995,4018316035,1,"IOTHUB_CLIENT_CONFIRMATION_OK"
7450,4018316195,4018316237,1,"IOTHUB_CLIENT_CONFIRMATION_OK"
7451,4018316395,4018316554,1,"IOTHUB_CLIENT_CONFIRMATION_OK"
7452,4018316595,4018316643,1,"IOTHUB_CLIENT_CONFIRMATION_OK"
7453,4018316795,4018316837,1,"IOTHUB_CLIENT_CONFIRMATION_OK"
7454,4018316996,4018317135,1,"IOTHUB_CLIENT_CONFIRMATION_OK"
7455,4018317196,4018317229,1,"IOTHUB_CLIENT_CONFIRMATION_OK"
7456,4018317396,4018317476,1,"IOTHUB_CLIENT_CONFIRMATION_OK"
7457,4018317596,4018317641,1,"IOTHUB_CLIENT_CONFIRMATION_OK"
7458,4018317796,4018317846,1,"IOTHUB_CLIENT_CONFIRMATION_OK"
7459,4018317996,4018318197,1,"IOTHUB_CLIENT_CONFIRMATION_OK"
7460,4018318197,4018318246,1,"IOTHUB_CLIENT_CONFIRMATION_OK"
7461,4018318397,4018318451,1,"IOTHUB_CLIENT_CONFIRMATION_OK"
7462,4018318597,4018318669,1,"IOTHUB_CLIENT_CONFIRMATION_OK"
7463,4018318797,4018318844,1,"IOTHUB_CLIENT_CONFIRMATION_OK"
7464,4018318997,4018319107,1,"IOTHUB_CLIENT_CONFIRMATION_OK"
7465,4018319197,4018319254,1,"IOTHUB_CLIENT_CONFIRMATION_OK"
7466,4018319398,4018319448,1,"IOTHUB_CLIENT_CONFIRMATION_OK"
7467,4018319598,4018319629,1,"IOTHUB_CLIENT_CONFIRMATION_OK"
7468,4018319798,4018319832,1,"IOTHUB_CLIENT_CONFIRMATION_OK"
7469,4018319998,4018320038,1,"IOTHUB_CLIENT_CONFIRMATION_OK"
7470,4018320198,4018320238,1,"IOTHUB_CLIENT_CONFIRMATION_OK"
7471,4018320398,4018320434,1,"IOTHUB_CLIENT_CONFIRMATION_OK"
7472,4018320599,4018320638,1,"IOTHUB_CLIENT_CONFIRMATION_OK"
7473,4018320799,4018320840,1,"IOTHUB_CLIENT_CONFIRMATION_OK"
7474,4018320999,4018321044,1,"IOTHUB_CLIENT_CONFIRMATION_OK"
7475,4018321199,4018321239,1,"IOTHUB_CLIENT_CONFIRMATION_OK"
7476,4018321399,4018321451,1,"IOTHUB_CLIENT_CONFIRMATION_OK"
7477,4018321599,4018321651,1,"IOTHUB_CLIENT_CONFIRMATION_OK"
7478,4018321800,4018321848,1,"IOTHUB_CLIENT_CONFIRMATION_OK"
7479,4018322000,4018322036,1,"IOTHUB_CLIENT_CONFIRMATION_OK"
7480,4018322200,4018322242,1,"IOTHUB_CLIENT_CONFIRMATION_OK"
7481,4018322400,4018322474,1,"IOTHUB_CLIENT_CONFIRMATION_OK"
7482,4018322600,4018322662,1,"IOTHUB_CLIENT_CONFIRMATION_OK"
7483,4018322800,4018322861,1,"IOTHUB_CLIENT_CONFIRMATION_OK"
7484,4018323000,4018323154,1,"IOTHUB_CLIENT_CONFIRMATION_OK"
7485,4018323201,4018323239,1,"IOTHUB_CLIENT_CONFIRMATION_OK"
7486,4018323401,4018323474,1,"IOTHUB_CLIENT_CONFIRMATION_OK"
7487,4018323601,4018323659,1,"IOTHUB_CLIENT_CONFIRMATION_OK"
7488,4018323801,4018323841,1,"IOTHUB_CLIENT_CONFIRMATION_OK"
7489,4018324001,4018324082,1,"IOTHUB_CLIENT_CONFIRMATION_OK"
7490,4018324201,4018324248,1,"IOTHUB_CLIENT_CONFIRMATION_OK"
7491,4018324402,4018324442,1,"IOTHUB_CLIENT_CONFIRMATION_OK"
7492,4018324602,4018324643,1,"IOTHUB_CLIENT_CONFIRMATION_OK"
7493,4018324802,4018324848,1,"IOTHUB_CLIENT_CONFIRMATION_OK"
7494,4018325002,4018325088,1,"IOTHUB_CLIENT_CONFIRMATION_OK"
7495,4018325202,4018325319,1,"IOTHUB_CLIENT_CONFIRMATION_OK"
7496,4018325402,4018325470,1,"IOTHUB_CLIENT_CONFIRMATION_OK"
7497,4018325603,4018325713,1,"IOTHUB_CLIENT_CONFIRMATION_OK"
7498,4018325803,4018325858,1,"IOTHUB_CLIENT_CONFIRMATION_OK"
7499,4018326003,4018326078,1,"IOTHUB_CLIENT_CONFIRMATION_OK"
7500,4018326203,4018326255,1,"IOTHUB_CLIENT_CONFIRMATION_OK"
7501,4018326403,4018326449,1,"IOTHUB_CLIENT_CONFIRMATION_OK"
7502,4018326603,4018326647,1,"IOTHUB_CLIENT_CONFIRMATION_OK"
7503,4018326804,4018326846,1,"IOTHUB_CLIENT_CONFIRMATION_OK"
7504,4018327004,4018327049,1,"IOTHUB_CLIENT_CONFIRMATION_OK"
7505,4018327204,4018327360,1,"IOTHUB_CLIENT_CONFIRMATION_OK"
7506,4018327404,4018327456,1,"IOTHUB_CLIENT_CONFIRMATION_OK"
7507,4018327604,4018327673,1,"IOTHUB_CLIENT_CONFIRMATION_OK"
7508,4018327804,4018327853,1,"IOTHUB_CLIENT_CONFIRMATION_OK"
7509,4018328004,4018328046,1,"IOTHUB_CLIENT_CONFIRMATION_OK"
7510,4018328205,4018328253,1,"IOTHUB_CLIENT_CONFIRMATION_OK"
7511,4018328405,4018328449,1,"IOTHUB_CLIENT_CONFIRMATION_OK"
7512,4018328605,4018328644,1,"IOTHUB_CLIENT_CONFIRMATION_OK"
7513,4018328805,4018328856,1,"IOTHUB_CLIENT_CONFIRMATION_OK"
7514,4018329005,4018329055,1,"IOTHUB_CLIENT_CONFIRMATION_OK"
7515,4018329205,4018329250,1,"IOTHUB_CLIENT_CONFIRMATION_OK"
7516,4018329406,4018329599,1,"IOTHUB_CLIENT_CONFIRMATION_OK"
7517,4018329606,4018329661,1,"IOTHUB_CLIENT_CONFIRMATION_OK"
7518,4018329806,4018329862,1,"IOTHUB_CLIENT_CONFIRMATION_OK"
7519,4018330006,4018330079,1,"IOTHUB_CLIENT_CONFIRMATION_OK"
7520,4018330206,4018330246,1,"IOTHUB_CLIENT_CONFIRMATION_OK"
7521,4018330406,4018330463,1,"IOTHUB_CLIENT_CONFIRMATION_OK"
7522,4018330607,4018330655,1,"IOTHUB_CLIENT_CONFIRMATION_OK"
7523,4018330807,4018330851,1,"IOTHUB_CLIENT_CONFIRMATION_OK"
7524,4018331007,4018331067,1,"IOTHUB_CLIENT_CONFIRMATION_OK"
7525,4018331207,4018331244,1,"IOTHUB_CLIENT_CONFIRMATION_OK"
7526,4018331407,4018331447,1,"IOTHUB_CLIENT_CONFIRMATION_OK"
7527,4018331607,4018331682,1,"IOTHUB_CLIENT_CONFIRMATION_OK"
7528,4018331808,4018331857,1,"IOTHUB_CLIENT_CONFIRMATION_OK"
7529,4018332008,4018332070,1,"IOTHUB_CLIENT_CONFIRMATION_OK"
7530,4018332208,4018332250,1,"IOTHUB_CLIENT_CONFIRMATION_OK"
7531,4018332408,4018332446,1,"IOTHUB_CLIENT_CONFIRMATION_OK"
7532,4018332608,4018332691,1,"IOTHUB_CLIENT_CONFIRMATION_OK"
7533,4018332808,4018332846,1,"IOTHUB_CLIENT_CONFIRMATION_OK"
7534,4018333008,4018333056,1,"IOTHUB_CLIENT_CONFIRMATION_OK"
7535,4018333209,4018333349,1,"IOTHUB_CLIENT_CONFIRMATION_OK"
7536,4018333409,4018333474,1,"IOTHUB_CLIENT_CONFIRMATION_OK"
7537,4018333609,4018333651,1,"IOTHUB_CLIENT_CONFIRMATION_OK"
7538,4018333809,4018333846,1,"IOTHUB_CLIENT_CONFIRMATION_OK"
7539,4018334009,4018334060,1,"IOTHUB_CLIENT_CONFIRMATION_OK"
7540,4018334209,4018334352,1,"IOTHUB_CLIENT_CONFIRMATION_OK"
7541,4018334410,4018334449,1,"IOTHUB_CLIENT_CONFIRMATION_OK"
7542,4018334610,4018334651,1,"IOTHUB_CLIENT_CONFIRMATION_OK"
7543,4018334810,4018334985,1,"IOTHUB_CLIENT_CONFIRMATION_OK"
7544,4018335010,4018335058,1,"IOTHUB_CLIENT_CONFIRMATION_OK"
7545,4018335210,4018335264,1,"IOTHUB_CLIENT_CONFIRMATION_OK"
7546,4018335410,4018335461,1,"IOTHUB_CLIENT_CONFIRMATION_OK"
7547,4018335610,4018335653,1,"IOTHUB_CLIENT_CONFIRMATION_OK"
7548,4018335811,4018335849,1,"IOTHUB_CLIENT_CONFIRMATION_OK"
7549,4018336011,4018336060,1,"IOTHUB_CLIENT_CONFIRMATION_OK"
7550,4018336211,4018336261,1,"IOTHUB_CLIENT_CONFIRMATION_OK"
7551,4018336411,4018336597,1,"IOTHUB_CLIENT_CONFIRMATION_OK"
7552,4018336611,4018336650,1,"IOTHUB_CLIENT_CONFIRMATION_OK"
7553,4018336811,4018336850,1,"IOTHUB_CLIENT_CONFIRMATION_OK"
7554,4018337012,4018337055,1,"IOTHUB_CLIENT_CONFIRMATION_OK"
7555,4018337212,4018337252,1,"IOTHUB_CLIENT_CONFIRMATION_OK"
7556,4018337412,4018337446,1,"IOTHUB_CLIENT_CONFIRMATION_OK"
7557,4018337612,4018337651,1,"IOTHUB_CLIENT_CONFIRMATION_OK"
7558,4018337812,4018337864,1,"IOTHUB_CLIENT_CONFIRMATION_OK"
7559,4018338012,4018338062,1,"IOTHUB_CLIENT_CONFIRMATION_OK"
7560,4018338212,4018338253,1,"IOTHUB_CLIENT_CONFIRMATION_OK"
7561,4018338413,4018338459,1,"IOTHUB_CLIENT_CONFIRMATION_OK"
7562,4018338613,4018338675,1,"IOTHUB_CLIENT_CONFIRMATION_OK"
7563,4018338813,4018338858,1,"IOTHUB_CLIENT_CONFIRMATION_OK"
7564,4018339013,4018339092,1,"IOTHUB_CLIENT_CONFIRMATION_OK"
7565,4018339213,4018339260,1,"IOTHUB_CLIENT_CONFIRMATION_OK"
7566,4018339413,4018339515,1,"IOTHUB_CLIENT_CONFIRMATION_OK"
7567,4018339614,4018339725,1,"IOTHUB_CLIENT_CONFIRMATION_OK"
7568,4018339814,4018339849,1,"IOTHUB_CLIENT_CONFIRMATION_OK"
7569,4018340014,4018340055,1,"IOTHUB_CLIENT_CONFIRMATION_OK"
7570,4018340214,4018340330,1,"IOTHUB_CLIENT_CONFIRMATION_OK"
7571,4018340414,4018340475,1,"IOTHUB_CLIENT_CONFIRMATION_OK"
7572,4018340614,4018340652,1,"IOTHUB_CLIENT_CONFIRMATION_OK"
7573,4018340815,4018340853,1,"IOTHUB_CLIENT_CONFIRMATION_OK"
7574,4018341015,4018341062,1,"IOTHUB_CLIENT_CONFIRMATION_OK"
7575,4018341215,4018341267,1,"IOTHUB_CLIENT_CONFIRMATION_OK"
7576,4018341415,4018341453,1,"IOTHUB_CLIENT_CONFIRMATION_OK"
7577,4018341615,4018341677,1,"IOTHUB_CLIENT_CONFIRMATION_OK"
7578,4018341815,4018341955,1,"IOTHUB_CLIENT_CONFIRMATION_OK"
7579,4018342015,4018342079,1,"IOTHUB_CLIENT_CONFIRMATION_OK"
7580,4018342216,4018342256,1,"IOTHUB_CLIENT_CONFIRMATION_OK"
7581,4018342416,4018342454,1,"IOTHUB_CLIENT_CONFIRMATION_OK"
7582,4018342616,4018342662,1,"IOTHUB_CLIENT_CONFIRMATION_OK"
7583,4018342816,4018342862,1,"IOTHUB_CLIENT_CONFIRMATION_OK"
7584,4018343016,4018343055,1,"IOTHUB_CLIENT_CONFIRMATION_OK"
7585,4018343216,4018343286,1,"IOTHUB_CLIENT_CONFIRMATION_OK"
7586,4018343417,4018343608,1,"IOTHUB_CLIENT_CONFIRMATION_OK"
7587,4018343617,4018343657,1,"IOTHUB_CLIENT_CONFIRMATION_OK"
7588,4018343817,4018343857,1,"IOTHUB_CLIENT_CONFIRMATION_OK"
7589,4018344017,4018344062,1,"IOTHUB_CLIENT_CONFIRMATION_OK"
7590,4018344217,4018344269,1,"IOTHUB_CLIENT_CONFIRMATION_OK"
7591,4018344417,4018344457,1,"IOTHUB_CLIENT_CONFIRMATION_OK"
7592,4018344617,4018344666,1,"IOTHUB_CLIENT_CONFIRMATION_OK"
7593,4018344818,4018344864,1,"IOTHUB_CLIENT_CONFIRMATION_OK"
7594,4018345018,4018345208,1,"IOTHUB_CLIENT_CONFIRMATION_OK"
7595,4018345218,4018345271,1,"IOTHUB_CLIENT_CONFIRMATION_OK"
7596,4018345418,4018345455,1,"IOTHUB_CLIENT_CONFIRMATION_OK"
7597,4018345618,4018345654,1,"IOTHUB_CLIENT_CONFIRMATION_OK"
7598,4018345818,4018345858,1,"IOTHUB_CLIENT_CONFIRMATION_OK"
7599,4018346019,4018346065,1,"IOTHUB_CLIENT_CONFIRMATION_OK"
7600,4018346219,4018346259,1,"IOTHUB_CLIENT_CONFIRMATION_OK"
7601,4018346419,4018346480,1,"IOTHUB_CLIENT_CONFIRMATION_OK"
7602,4018346619,4018346665,1,"IOTHUB_CLIENT_CONFIRMATION_OK"
7603,4018346819,4018346866,1,"IOTHUB_CLIENT_CONFIRMATION_OK"
7604,4018347019,4018347075,1,"IOTHUB_CLIENT_CONFIRMATION_OK"
7605,4018347220,4018347274,1,"IOTHUB_CLIENT_CONFIRMATION_OK"
7606,4018347420,4018347460,1,"IOTHUB_CLIENT_CONFIRMATION_OK"
7607,4018347620,4018347666,1,"IOTHUB_CLIENT_CONFIRMATION_OK"
7608,4018347820,4018347872,1,"IOTHUB_CLIENT_CONFIRMATION_OK"
7609,4018348020,4018348059,1,"IOTHUB_CLIENT_CONFIRMATION_OK"
7610,4018348220,4018348257,1,"IOTHUB_CLIENT_CONFIRMATION_OK"
7611,4018348421,4018348466,1,"IOTHUB_CLIENT_CONFIRMATION_OK"
7612,4018348621,4018348694,1,"IOTHUB_CLIENT_CONFIRMATION_OK"
7613,4018348821,4018348867,1,"IOTHUB_CLIENT_CONFIRMATION_OK"
7614,4018349021,4018349076,1,"IOTHUB_CLIENT_CONFIRMATION_OK"
7615,4018349221,4018349293,1,"IOTHUB_CLIENT_CONFIRMATION_OK"
7616,4018349421,4018349478,1,"IOTHUB_CLIENT_CONFIRMATION_OK"
7617,4018349621,4018349664,1,"IOTHUB_CLIENT_CONFIRMATION_OK"
7618,4018349822,4018349867,1,"IOTHUB_CLIENT_CONFIRMATION_OK"
7619,4018350022,4018350116,1,"IOTHUB_CLIENT_CONFIRMATION_OK"
7620,4018350222,4018350278,1,"IOTHUB_CLIENT_CONFIRMATION_OK"
7621,4018350422,4018350509,1,"IOTHUB_CLIENT_CONFIRMATION_OK"
7622,4018350622,4018350661,1,"IOTHUB_CLIENT_CONFIRMATION_OK"
7623,4018350822,4018350862,1,"IOTHUB_CLIENT_CONFIRMATION_OK"
7624,4018351023,4018351155,1,"IOTHUB_CLIENT_CONFIRMATION_OK"
7625,4018351223,4018351270,1,"IOTHUB_CLIENT_CONFIRMATION_OK"
7626,4018351423,4018351477,1,"IOTHUB_CLIENT_CONFIRMATION_OK"
7627,4018351623,4018351683,1,"IOTHUB_CLIENT_CONFIRMATION_OK"
7628,4018351823,4018351868,1,"IOTHUB_CLIENT_CONFIRMATION_OK"
7629,4018352023,4018352069,1,"IOTHUB_CLIENT_CONFIRMATION_OK"
7630,4018352223,4018352299,1,"IOTHUB_CLIENT_CONFIRMATION_OK"
7631,4018352424,4018352462,1,"IOTHUB_CLIENT_CONFIRMATION_OK"
7632,4018352624,4018352769,1,"IOTHUB_CLIENT_CONFIRMATION_OK"
7633,4018352824,4018352891,1,"IOTHUB_CLIENT_CONFIRMATION_OK"
7634,4018353024,4018353060,1,"IOTHUB_CLIENT_CONFIRMATION_OK"
7635,4018353224,4018353283,1,"IOTHUB_CLIENT_CONFIRMATION_OK"
7636,4018353424,4018353469,1,"IOTHUB_CLIENT_CONFIRMATION_OK"
7637,4018353624,4018353668,1,"IOTHUB_CLIENT_CONFIRMATION_OK"
7638,4018353825,4018353869,1,"IOTHUB_CLIENT_CONFIRMATION_OK"
7639,4018354025,4018354072,1,"IOTHUB_CLIENT_CONFIRMATION_OK"
7640,4018354225,4018354392,1,"IOTHUB_CLIENT_CONFIRMATION_OK"
7641,4018354425,4018354475,1,"IOTHUB_CLIENT_CONFIRMATION_OK"
7642,4018354625,4018354672,1,"IOTHUB_CLIENT_CONFIRMATION_OK"
7643,4018354825,4018354959,1,"IOTHUB_CLIENT_CONFIRMATION_OK"
7644,4018355026,4018355092,1,"IOTHUB_CLIENT_CONFIRMATION_OK"
7645,4018355226,4018355302,1,"IOTHUB_CLIENT_CONFIRMATION_OK"
7646,4018355426,4018355502,1,"IOTHUB_CLIENT_CONFIRMATION_OK"
7647,4018355626,4018355676,1,"IOTHUB_CLIENT_CONFIRMATION_OK"
7648,4018355826,4018356009,1,"IOTHUB_CLIENT_CONFIRMATION_OK"
7649,4018356026,4018356096,1,"IOTHUB_CLIENT_CONFIRMATION_OK"
7650,4018356226,4018356269,1,"IOTHUB_CLIENT_CONFIRMATION_OK"
7651,4018356427,4018356604,1,"IOTHUB_CLIENT_CONFIRMATION_OK"
7652,4018356627,4018356662,1,"IOTHUB_CLIENT_CONFIRMATION_OK"
7653,4018356827,4018356883,1,"IOTHUB_CLIENT_CONFIRMATION_OK"
7654,4018357027,4018357079,1,"IOTHUB_CLIENT_CONFIRMATION_OK"
7655,4018357227,4018357275,1,"IOTHUB_CLIENT_CONFIRMATION_OK"
7656,4018357427,4018357480,1,"IOTHUB_CLIENT_CONFIRMATION_OK"
7657,4018357627,4018357668,1,"IOTHUB_CLIENT_CONFIRMATION_OK"
7658,4018357828,4018357898,1,"IOTHUB_CLIENT_CONFIRMATION_OK"
7659,4018358028,4018358091,1,"IOTHUB_CLIENT_CONFIRMATION_OK"
7660,4018358228,4018358287,1,"IOTHUB_CLIENT_CONFIRMATION_OK"
7661,4018358428,4018358469,1,"IOTHUB_CLIENT_CONFIRMATION_OK"
7662,4018358628,4018358673,1,"IOTHUB_CLIENT_CONFIRMATION_OK"
7663,4018358828,4018358873,1,"IOTHUB_CLIENT_CONFIRMATION_OK"
7664,4018359029,4018359070,1,"IOTHUB_CLIENT_CONFIRMATION_OK"
7665,4018359229,4018359283,1,"IOTHUB_CLIENT_CONFIRMATION_OK"
7666,4018359429,4018359471,1,"IOTHUB_CLIENT_CONFIRMATION_OK"
7667,4018359629,4018359674,1,"IOTHUB_CLIENT_CONFIRMATION_OK"
7668,4018359829,4018359869,1,"IOTHUB_CLIENT_CONFIRMATION_OK"
7669,4018360029,4018360070,1,"IOTHUB_CLIENT_CONFIRMATION_OK"
7670,4018360230,4018360292,1,"IOTHUB_CLIENT_CONFIRMATION_OK"
7671,4018360430,4018360473,1,"IOTHUB_CLIENT_CONFIRMATION_OK"
7672,4018360630,4018360686,1,"IOTHUB_CLIENT_CONFIRMATION_OK"
7673,4018360830,4018360915,1,"IOTHUB_CLIENT_CONFIRMATION_OK"
7674,4018361030,4018361117,1,"IOTHUB_CLIENT_CONFIRMATION_OK"
7675,4018361230,4018361522,1,"IOTHUB_CLIENT_CONFIRMATION_OK"
7676,4018361431,4018361577,1,"IOTHUB_CLIENT_CONFIRMATION_OK"
7677,4018361631,4018361672,1,"IOTHUB_CLIENT_CONFIRMATION_OK"
7678,4018361831,4018361931,1,"IOTHUB_CLIENT_CONFIRMATION_OK"
7679,4018362031,4018362073,1,"IOTHUB_CLIENT_CONFIRMATION_OK"
7680,4018362231,4018362280,1,"IOTHUB_CLIENT_CONFIRMATION_OK"
7681,4018362431,4018362531,1,"IOTHUB_CLIENT_CONFIRMATION_OK"
7682,4018362631,4018362673,1,"IOTHUB_CLIENT_CONFIRMATION_OK"
7683,4018362832,4018362946,1,"IOTHUB_CLIENT_CONFIRMATION_OK"
7684,4018363032,4018363096,1,"IOTHUB_CLIENT_CONFIRMATION_OK"
7685,4018363232,4018363284,1,"IOTHUB_CLIENT_CONFIRMATION_OK"
7686,4018363432,4018363547,1,"IOTHUB_CLIENT_CONFIRMATION_OK"
7687,4018363632,4018363671,1,"IOTHUB_CLIENT_CONFIRMATION_OK"
7688,4018363832,4018363902,1,"IOTHUB_CLIENT_CONFIRMATION_OK"
7689,4018364032,4018364085,1,"IOTHUB_CLIENT_CONFIRMATION_OK"
7690,4018364233,4018364303,1,"IOTHUB_CLIENT_CONFIRMATION_OK"
7691,4018364433,4018364483,1,"IOTHUB_CLIENT_CONFIRMATION_OK"
7692,4018364633,4018364684,1,"IOTHUB_CLIENT_CONFIRMATION_OK"
7693,4018364833,4018364875,1,"IOTHUB_CLIENT_CONFIRMATION_OK"
7694,4018365033,4018365173,1,"IOTHUB_CLIENT_CONFIRMATION_OK"
7695,4018365233,4018365285,1,"IOTHUB_CLIENT_CONFIRMATION_OK"
7696,4018365434,4018365472,1,"IOTHUB_CLIENT_CONFIRMATION_OK"
7697,4018365634,4018365679,1,"IOTHUB_CLIENT_CONFIRMATION_OK"
7698,4018365834,4018365883,1,"IOTHUB_CLIENT_CONFIRMATION_OK"
7699,4018366034,4018366079,1,"IOTHUB_CLIENT_CONFIRMATION_OK"
7700,4018366234,4018366280,1,"IOTHUB_CLIENT_CONFIRMATION_OK"
7701,4018366434,4018366489,1,"IOTHUB_CLIENT_CONFIRMATION_OK"
7702,4018366634,4018366791,1,"IOTHUB_CLIENT_CONFIRMATION_OK"
7703,4018366835,4018366877,1,"IOTHUB_CLIENT_CONFIRMATION_OK"
7704,4018367035,4018367081,1,"IOTHUB_CLIENT_CONFIRMATION_OK"
7705,4018367235,4018367275,1,"IOTHUB_CLIENT_CONFIRMATION_OK"
7706,4018367435,4018367476,1,"IOTHUB_CLIENT_CONFIRMATION_OK"
7707,4018367635,4018367683,1,"IOTHUB_CLIENT_CONFIRMATION_OK"
7708,4018367835,4018367885,1,"IOTHUB_CLIENT_CONFIRMATION_OK"
7709,4018368036,4018368080,1,"IOTHUB_CLIENT_CONFIRMATION_OK"
7710,4018368236,4018368283,1,"IOTHUB_CLIENT_CONFIRMATION_OK"
7711,4018368436,4018368482,1,"IOTHUB_CLIENT_CONFIRMATION_OK"
7712,4018368636,4018368758,1,"IOTHUB_CLIENT_CONFIRMATION_OK"
7713,4018368836,4018368881,1,"IOTHUB_CLIENT_CONFIRMATION_OK"
7714,4018369036,4018369085,1,"IOTHUB_CLIENT_CONFIRMATION_OK"
7715,4018369237,4018369292,1,"IOTHUB_CLIENT_CONFIRMATION_OK"
7716,4018369437,4018369499,1,"IOTHUB_CLIENT_CONFIRMATION_OK"
7717,4018369637,4018369705,1,"IOTHUB_CLIENT_CONFIRMATION_OK"
7718,4018369837,4018369873,1,"IOTHUB_CLIENT_CONFIRMATION_OK"
7719,4018370037,4018370086,1,"IOTHUB_CLIENT_CONFIRMATION_OK"
7720,4018370237,4018370280,1,"IOTHUB_CLIENT_CONFIRMATION_OK"
7721,4018370438,4018370509,1,"IOTHUB_CLIENT_CONFIRMATION_OK"
7722,4018370638,4018370680,1,"IOTHUB_CLIENT_CONFIRMATION_OK"
7723,4018370838,4018370898,1,"IOTHUB_CLIENT_CONFIRMATION_OK"
7724,4018371038,4018371195,1,"IOTHUB_CLIENT_CONFIRMATION_OK"
7725,4018371238,4018371278,1,"IOTHUB_CLIENT_CONFIRMATION_OK"
7726,4018371438,4018371511,1,"IOTHUB_CLIENT_CONFIRMATION_OK"
7727,4018371638,4018371701,1,"IOTHUB_CLIENT_CONFIRMATION_OK"
7728,4018371839,4018371893,1,"IOTHUB_CLIENT_CONFIRMATION_OK"
7729,4018372039,4018372215,1,"IOTHUB_CLIENT_CONFIRMATION_OK"
7730,4018372239,4018372276,1,"IOTHUB_CLIENT_CONFIRMATION_OK"
7731,4018372439,4018372503,1,"IOTHUB_CLIENT_CONFIRMATION_OK"
7732,4018372639,4018372693,1,"IOTHUB_CLIENT_CONFIRMATION_OK"
7733,4018372839,4018372889,1,"IOTHUB_CLIENT_CONFIRMATION_OK"
7734,4018373039,4018373080,1,"IOTHUB_CLIENT_CONFIRMATION_OK"
7735,4018373240,4018373293,1,"IOTHUB_CLIENT_CONFIRMATION_OK"
7736,4018373440,4018373482,1,"IOTHUB_CLIENT_CONFIRMATION_OK"
7737,4018373640,4018373681,1,"IOTHUB_CLIENT_CONFIRMATION_OK"
7738,4018373840,4018373926,1,"IOTHUB_CLIENT_CONFIRMATION_OK"
7739,4018374040,4018374090,1,"IOTHUB_CLIENT_CONFIRMATION_OK"
7740,4018374240,4018374313,1,"IOTHUB_CLIENT_CONFIRMATION_OK"
7741,4018374440,4018374479,1,"IOTHUB_CLIENT_CONFIRMATION_OK"
7742,4018374641,4018374683,1,"IOTHUB_CLIENT_CONFIRMATION_OK"
7743,4018374841,4018374913,1,"IOTHUB_CLIENT_CONFIRMATION_OK"
7744,4018375041,4018375080,1,"IOTHUB_CLIENT_CONFIRMATION_OK"
7745,4018375241,4018375287,1,"IOTHUB_CLIENT_CONFIRMATION_OK"
7746,4018375441,4018375485,1,"IOTHUB_CLIENT_CONFIRMATION_OK"
7747,4018375641,4018375681,1,"IOTHUB_CLIENT_CONFIRMATION_OK"
7748,4018375842,4018375920,1,"IOTHUB_CLIENT_CONFIRMATION_OK"
7749,4018376042,4018376100,1,"IOTHUB_CLIENT_CONFIRMATION_OK"
7750,4018376242,4018376300,1,"IOTHUB_CLIENT_CONFIRMATION_OK"
7751,4018376442,4018376561,1,"IOTHUB_CLIENT_CONFIRMATION_OK"
7752,4018376642,4018376678,1,"IOTHUB_CLIENT_CONFIRMATION_OK"
7753,4018376842,4018376887,1,"IOTHUB_CLIENT_CONFIRMATION_OK"
7754,4018377043,4018377103,1,"IOTHUB_CLIENT_CONFIRMATION_OK"
7755,4018377243,4018377278,1,"IOTHUB_CLIENT_CONFIRMATION_OK"
7756,4018377443,4018377587,1,"IOTHUB_CLIENT_CONFIRMATION_OK"
7757,4018377643,4018377686,1,"IOTHUB_CLIENT_CONFIRMATION_OK"
7758,4018377843,4018377878,1,"IOTHUB_CLIENT_CONFIRMATION_OK"
7759,4018378043,4018378091,1,"IOTHUB_CLIENT_CONFIRMATION_OK"
7760,4018378243,4018378304,1,"IOTHUB_CLIENT_CONFIRMATION_OK"
7761,4018378444,4018378484,1,"IOTHUB_CLIENT_CONFIRMATION_OK"
7762,4018378644,4018378689,1,"IOTHUB_CLIENT_CONFIRMATION_OK"
7763,4018378844,4018378883,1,"IOTHUB_CLIENT_CONFIRMATION_OK"
7764,4018379044,4018379213,1,"IOTHUB_CLIENT_CONFIRMATION_OK"
7765,4018379244,4018379366,1,"IOTHUB_CLIENT_CONFIRMATION_OK"
7766,4018379444,4018379533,1,"IOTHUB_CLIENT_CONFIRMATION_OK"
7767,4018379644,4018379697,1,"IOTHUB_CLIENT_CONFIRMATION_OK"
7768,4018379845,4018379885,1,"IOTHUB_CLIENT_CONFIRMATION_OK"
7769,4018380045,4018380108,1,"IOTHUB_CLIENT_CONFIRMATION_OK"
7770,4018380245,4018380337,1,"IOTHUB_CLIENT_CONFIRMATION_OK"
7771,4018380445,4018380527,1,"IOTHUB_CLIENT_CONFIRMATION_OK"
7772,4018380645,4018380712,1,"IOTHUB_CLIENT_CONFIRMATION_OK"
7773,4018380845,4018380892,1,"IOTHUB_CLIENT_CONFIRMATION_OK"
7774,4018381046,4018381093,1,"IOTHUB_CLIENT_CONFIRMATION_OK"
7775,4018381246,4018381343,1,"IOTHUB_CLIENT_CONFIRMATION_OK"
7776,4018381446,4018381491,1,"IOTHUB_CLIENT_CONFIRMATION_OK"
7777,4018381646,4018381755,1,"IOTHUB_CLIENT_CONFIRMATION_OK"
7778,4018381846,4018381991,1,"IOTHUB_CLIENT_CONFIRMATION_OK"
7779,4018382046,4018382099,1,"IOTHUB_CLIENT_CONFIRMATION_OK"
7780,4018382246,4018382295,1,"IOTHUB_CLIENT_CONFIRMATION_OK"
7781,4018382447,4018382532,1,"IOTHUB_CLIENT_CONFIRMATION_OK"
7782,4018382647,4018382717,1,"IOTHUB_CLIENT_CONFIRMATION_OK"
7783,4018382847,4018383010,1,"IOTHUB_CLIENT_CONFIRMATION_OK"
7784,4018383047,4018383086,1,"IOTHUB_CLIENT_CONFIRMATION_OK"
7785,4018383247,4018383305,1,"IOTHUB_CLIENT_CONFIRMATION_OK"
7786,4018383447,4018383563,1,"IOTHUB_CLIENT_CONFIRMATION_OK"
7787,4018383648,4018383700,1,"IOTHUB_CLIENT_CONFIRMATION_OK"
7788,4018383848,4018383890,1,"IOTHUB_CLIENT_CONFIRMATION_OK"
7789,4018384048,4018384100,1,"IOTHUB_CLIENT_CONFIRMATION_OK"
7790,4018384248,4018384287,1,"IOTHUB_CLIENT_CONFIRMATION_OK"
7791,4018384448,4018384589,1,"IOTHUB_CLIENT_CONFIRMATION_OK"
7792,4018384648,4018384724,1,"IOTHUB_CLIENT_CONFIRMATION_OK"
7793,4018384849,4018384905,1,"IOTHUB_CLIENT_CONFIRMATION_OK"
7794,4018385049,4018385224,1,"IOTHUB_CLIENT_CONFIRMATION_OK"
7795,4018385249,4018385308,1,"IOTHUB_CLIENT_CONFIRMATION_OK"
7796,4018385449,4018385519,1,"IOTHUB_CLIENT_CONFIRMATION_OK"
7797,4018385649,4018385692,1,"IOTHUB_CLIENT_CONFIRMATION_OK"
7798,4018385849,4018385893,1,"IOTHUB_CLIENT_CONFIRMATION_OK"
7799,4018386049,4018386135,1,"IOTHUB_CLIENT_CONFIRMATION_OK"
7800,4018386250,4018386300,1,"IOTHUB_CLIENT_CONFIRMATION_OK"
7801,4018386450,4018386484,1,"IOTHUB_CLIENT_CONFIRMATION_OK"
7802,4018386650,4018386830,1,"IOTHUB_CLIENT_CONFIRMATION_OK"
7803,4018386850,4018386887,1,"IOTHUB_CLIENT_CONFIRMATION_OK"
7804,4018387050,4018387108,1,"IOTHUB_CLIENT_CONFIRMATION_OK"
7805,4018387250,4018387293,1,"IOTHUB_CLIENT_CONFIRMATION_OK"
7806,4018387451,4018387498,1,"IOTHUB_CLIENT_CONFIRMATION_OK"
7807,4018387651,4018387696,1,"IOTHUB_CLIENT_CONFIRMATION_OK"
7808,4018387851,4018387913,1,"IOTHUB_CLIENT_CONFIRMATION_OK"
7809,4018388051,4018388096,1,"IOTHUB_CLIENT_CONFIRMATION_OK"
7810,4018388251,4018388299,1,"IOTHUB_CLIENT_CONFIRMATION_OK"
7811,4018388451,4018388491,1,"IOTHUB_CLIENT_CONFIRMATION_OK"
7812,4018388652,4018388690,1,"IOTHUB_CLIENT_CONFIRMATION_OK"
7813,4018388852,4018388906,1,"IOTHUB_CLIENT_CONFIRMATION_OK"
7814,4018389052,4018389098,1,"IOTHUB_CLIENT_CONFIRMATION_OK"
7815,4018389252,4018389303,1,"IOTHUB_CLIENT_CONFIRMATION_OK"
7816,4018389452,4018389493,1,"IOTHUB_CLIENT_CONFIRMATION_OK"
7817,4018389652,4018389710,1,"IOTHUB_CLIENT_CONFIRMATION_OK"
7818,4018389852,4018389887,1,"IOTHUB_CLIENT_CONFIRMATION_OK"
7819,4018390053,4018390097,1,"IOTHUB_CLIENT_CONFIRMATION_OK"
7820,4018390253,4018390360,1,"IOTHUB_CLIENT_CONFIRMATION_OK"
7821,4018390453,4018390499,1,"IOTHUB_CLIENT_CONFIRMATION_OK"
7822,4018390653,4018390724,1,"IOTHUB_CLIENT_CONFIRMATION_OK"
7823,4018390853,4018390925,1,"IOTHUB_CLIENT_CONFIRMATION_OK"
7824,4018391053,4018391108,1,"IOTHUB_CLIENT_CONFIRMATION_OK"
7825,4018391254,4018391368,1,"IOTHUB_CLIENT_CONFIRMATION_OK"
7826,4018391454,4018391504,1,"IOTHUB_CLIENT_CONFIRMATION_OK"
7827,4018391654,4018391695,1,"IOTHUB_CLIENT_CONFIRMATION_OK"
7828,4018391854,4018391930,1,"IOTHUB_CLIENT_CONFIRMATION_OK"
7829,4018392054,4018392116,1,"IOTHUB_CLIENT_CONFIRMATION_OK"
7830,4018392254,4018392323,1,"IOTHUB_CLIENT_CONFIRMATION_OK"
7831,4018392455,4018392492,1,"IOTHUB_CLIENT_CONFIRMATION_OK"
7832,4018392655,4018392732,1,"IOTHUB_CLIENT_CONFIRMATION_OK"
7833,4018392855,4018392915,1,"IOTHUB_CLIENT_CONFIRMATION_OK"
7834,4018393055,4018393125,1,"IOTHUB_CLIENT_CONFIRMATION_OK"
7835,4018393255,4018393331,1,"IOTHUB_CLIENT_CONFIRMATION_OK"
7836,4018393455,4018393506,1,"IOTHUB_CLIENT_CONFIRMATION_OK"
7837,4018393655,4018393790,1,"IOTHUB_CLIENT_CONFIRMATION_OK"
7838,4018393856,4018393892,1,"IOTHUB_CLIENT_CONFIRMATION_OK"
7839,4018394056,4018394097,1,"IOTHUB_CLIENT_CONFIRMATION_OK"
7840,4018394256,4018394299,1,"IOTHUB_CLIENT_CONFIRMATION_OK"
7841,4018394456,4018394500,1,"IOTHUB_CLIENT_CONFIRMATION_OK"
7842,4018394656,4018394705,1,"IOTHUB_CLIENT_CONFIRMATION_OK"
7843,4018394856,4018394905,1,"IOTHUB_CLIENT_CONFIRMATION_OK"
7844,4018395056,4018395113,1,"IOTHUB_CLIENT_CONFIRMATION_OK"
7845,4018395257,4018395427,1,"IOTHUB_CLIENT_CONFIRMATION_OK"
7846,4018395457,4018395499,1,"IOTHUB_CLIENT_CONFIRMATION_OK"
7847,4018395657,4018395727,1,"IOTHUB_CLIENT_CONFIRMATION_OK"
7848,4018395857,4018395903,1,"IOTHUB_CLIENT_CONFIRMATION_OK"
7849,4018396057,4018396099,1,"IOTHUB_CLIENT_CONFIRMATION_OK"
7850,4018396257,4018396309,1,"IOTHUB_CLIENT_CONFIRMATION_OK"
7851,4018396458,4018396512,1,"IOTHUB_CLIENT_CONFIRMATION_OK"
7852,4018396658,4018396726,1,"IOTHUB_CLIENT_CONFIRMATION_OK"
7853,4018396858,4018397110,1,"IOTHUB_CLIENT_CONFIRMATION_OK"
7854,4018397058,4018397132,1,"IOTHUB_CLIENT_CONFIRMATION_OK"
7855,4018397258,4018397320,1,"IOTHUB_CLIENT_CONFIRMATION_OK"
7856,4018397458,4018397515,1,"IOTHUB_CLIENT_CONFIRMATION_OK"
7857,4018397658,4018397700,1,"IOTHUB_CLIENT_CONFIRMATION_OK"
7858,4018397859,4018397899,1,"IOTHUB_CLIENT_CONFIRMATION_OK"
7859,4018398059,4018398100,1,"IOTHUB_CLIENT_CONFIRMATION_OK"
7860,4018398259,4018398298,1,"IOTHUB_CLIENT_CONFIRMATION_OK"
7861,4018398459,4018398509,1,"IOTHUB_CLIENT_CONFIRMATION_OK"
7862,4018398659,4018398735,1,"IOTHUB_CLIENT_CONFIRMATION_OK"
7863,4018398860,4018398896,1,"IOTHUB_CLIENT_CONFIRMATION_OK"
7864,4018399060,4018399099,1,"IOTHUB_CLIENT_CONFIRMATION_OK"
7865,4018399260,4018399321,1,"IOTHUB_CLIENT_CONFIRMATION_OK"
7866,4018399460,4018399521,1,"IOTHUB_CLIENT_CONFIRMATION_OK"
7867,4018399660,4018399711,1,"IOTHUB_CLIENT_CONFIRMATION_OK"
7868,4018399860,4018399895,1,"IOTHUB_CLIENT_CONFIRMATION_OK"
7869,4018400060,4018400101,1,"IOTHUB_CLIENT_CONFIRMATION_OK"
7870,4018400261,4018400331,1,"IOTHUB_CLIENT_CONFIRMATION_OK"
7871,4018400461,4018400508,1,"IOTHUB_CLIENT_CONFIRMATION_OK"
7872,4018400661,4018400731,1,"IOTHUB_CLIENT_CONFIRMATION_OK"
7873,4018400861,4018400896,1,"IOTHUB_CLIENT_CONFIRMATION_OK"
7874,4018401061,4018401099,1,"IOTHUB_CLIENT_CONFIRMATION_OK"
7875,4018401261,4018401335,1,"IOTHUB_CLIENT_CONFIRMATION_OK"
7876,4018401462,4018401534,1,"IOTHUB_CLIENT_CONFIRMATION_OK"
7877,4018401662,4018401705,1,"IOTHUB_CLIENT_CONFIRMATION_OK"
7878,4018401862,4018402012,1,"IOTHUB_CLIENT_CONFIRMATION_OK"
7879,4018402062,4018402117,1,"IOTHUB_CLIENT_CONFIRMATION_OK"
7880,4018402262,4018402362,1,"IOTHUB_CLIENT_CONFIRMATION_OK"
7881,4018402462,4018402503,1,"IOTHUB_CLIENT_CONFIRMATION_OK"
7882,4018402663,4018402699,1,"IOTHUB_CLIENT_CONFIRMATION_OK"
7883,4018402863,4018403005,1,"IOTHUB_CLIENT_CONFIRMATION_OK"
7884,4018403063,4018403108,1,"IOTHUB_CLIENT_CONFIRMATION_OK"
7885,4018403263,4018403300,1,"IOTHUB_CLIENT_CONFIRMATION_OK"
7886,4018403463,4018403503,1,"IOTHUB_CLIENT_CONFIRMATION_OK"
7887,4018403663,4018403727,1,"IOTHUB_CLIENT_CONFIRMATION_OK"
7888,4018403863,4018403929,1,"IOTHUB_CLIENT_CONFIRMATION_OK"
7889,4018404064,4018404101,1,"IOTHUB_CLIENT_CONFIRMATION_OK"
7890,4018404264,4018404305,1,"IOTHUB_CLIENT_CONFIRMATION_OK"
7891,4018404464,4018404642,1,"IOTHUB_CLIENT_CONFIRMATION_OK"
7892,4018404664,4018404710,1,"IOTHUB_CLIENT_CONFIRMATION_OK"
7893,4018404864,4018404900,1,"IOTHUB_CLIENT_CONFIRMATION_OK"
7894,4018405064,4018405113,1,"IOTHUB_CLIENT_CONFIRMATION_OK"
7895,4018405265,4018405314,1,"IOTHUB_CLIENT_CONFIRMATION_OK"
7896,4018405465,4018405514,1,"IOTHUB_CLIENT_CONFIRMATION_OK"
7897,4018405665,4018405702,1,"IOTHUB_CLIENT_CONFIRMATION_OK"
7898,4018405865,4018405917,1,"IOTHUB_CLIENT_CONFIRMATION_OK"
7899,4018406065,4018406283,1,"IOTHUB_CLIENT_CONFIRMATION_OK"
7900,4018406265,4018406317,1,"IOTHUB_CLIENT_CONFIRMATION_OK"
7901,4018406466,4018406508,1,"IOTHUB_CLIENT_CONFIRMATION_OK"
7902,4018406666,4018406821,1,"IOTHUB_CLIENT_CONFIRMATION_OK"
7903,4018406866,4018406913,1,"IOTHUB_CLIENT_CONFIRMATION_OK"
7904,4018407066,4018407111,1,"IOTHUB_CLIENT_CONFIRMATION_OK"
7905,4018407266,4018407313,1,"IOTHUB_CLIENT_CONFIRMATION_OK"
7906,4018407466,4018407522,1,"IOTHUB_CLIENT_CONFIRMATION_OK"
7907,4018407667,4018407711,1,"IOTHUB_CLIENT_CONFIRMATION_OK"
7908,4018407867,4018407913,1,"IOTHUB_CLIENT_CONFIRMATION_OK"
7909,4018408067,4018408109,1,"IOTHUB_CLIENT_CONFIRMATION_OK"
7910,4018408267,4018408308,1,"IOTHUB_CLIENT_CONFIRMATION_OK"
7911,4018408467,4018408508,1,"IOTHUB_CLIENT_CONFIRMATION_OK"
7912,4018408667,4018408707,1,"IOTHUB_CLIENT_CONFIRMATION_OK"
7913,4018408867,4018408908,1,"IOTHUB_CLIENT_CONFIRMATION_OK"
7914,4018409068,4018409108,1,"IOTHUB_CLIENT_CONFIRMATION_OK"
7915,4018409268,4018409307,1,"IOTHUB_CLIENT_CONFIRMATION_OK"
7916,4018409468,4018409534,1,"IOTHUB_CLIENT_CONFIRMATION_OK"
7917,4018409668,4018409744,1,"IOTHUB_CLIENT_CONFIRMATION_OK"
7918,4018409868,4018409927,1,"IOTHUB_CLIENT_CONFIRMATION_OK"
7919,4018410068,4018410120,1,"IOTHUB_CLIENT_CONFIRMATION_OK"
7920,4018410269,4018410341,1,"IOTHUB_CLIENT_CONFIRMATION_OK"
7921,4018410469,4018410557,1,"IOTHUB_CLIENT_CONFIRMATION_OK"
7922,4018410669,4018410709,1,"IOTHUB_CLIENT_CONFIRMATION_OK"
7923,4018410869,4018410910,1,"IOTHUB_CLIENT_CONFIRMATION_OK"
7924,4018411069,4018411149,1,"IOTHUB_CLIENT_CONFIRMATION_OK"
7925,4018411269,4018411323,1,"IOTHUB_CLIENT_CONFIRMATION_OK"
7926,4018411470,4018411546,1,"IOTHUB_CLIENT_CONFIRMATION_OK"
7927,4018411670,4018411712,1,"IOTHUB_CLIENT_CONFIRMATION_OK"
7928,4018411870,4018411958,1,"IOTHUB_CLIENT_CONFIRMATION_OK"
7929,4018412070,4018412309,1,"IOTHUB_CLIENT_CONFIRMATION_OK"
7930,4018412270,4018412355,1,"IOTHUB_CLIENT_CONFIRMATION_OK"
7931,4018412470,4018412518,1,"IOTHUB_CLIENT_CONFIRMATION_OK"
7932,4018412670,4018412709,1,"IOTHUB_CLIENT_CONFIRMATION_OK"
7933,4018412871,4018412910,1,"IOTHUB_CLIENT_CONFIRMATION_OK"
7934,4018413071,4018413108,1,"IOTHUB_CLIENT_CONFIRMATION_OK"
7935,4018413271,4018413313,1,"IOTHUB_CLIENT_CONFIRMATION_OK"
7936,4018413471,4018413518,1,"IOTHUB_CLIENT_CONFIRMATION_OK"
7937,4018413671,4018413709,1,"IOTHUB_CLIENT_CONFIRMATION_OK"
7938,4018413871,4018413908,1,"IOTHUB_CLIENT_CONFIRMATION_OK"
7939,4018414072,4018414116,1,"IOTHUB_CLIENT_CONFIRMATION_OK"
7940,4018414272,4018414316,1,"IOTHUB_CLIENT_CONFIRMATION_OK"
7941,4018414472,4018414513,1,"IOTHUB_CLIENT_CONFIRMATION_OK"
7942,4018414672,4018414711,1,"IOTHUB_CLIENT_CONFIRMATION_OK"
7943,4018414872,4018414925,1,"IOTHUB_CLIENT_CONFIRMATION_OK"
7944,4018415072,4018415135,1,"IOTHUB_CLIENT_CONFIRMATION_OK"
7945,4018415272,4018415442,1,"IOTHUB_CLIENT_CONFIRMATION_OK"
7946,4018415473,4018415521,1,"IOTHUB_CLIENT_CONFIRMATION_OK"
7947,4018415673,4018415717,1,"IOTHUB_CLIENT_CONFIRMATION_OK"
7948,4018415873,4018416002,1,"IOTHUB_CLIENT_CONFIRMATION_OK"
7949,4018416073,4018416120,1,"IOTHUB_CLIENT_CONFIRMATION_OK"
7950,4018416273,4018416313,1,"IOTHUB_CLIENT_CONFIRMATION_OK"
7951,4018416473,4018416521,1,"IOTHUB_CLIENT_CONFIRMATION_OK"
7952,4018416674,4018416724,1,"IOTHUB_CLIENT_CONFIRMATION_OK"
7953,4018416874,4018417022,1,"IOTHUB_CLIENT_CONFIRMATION_OK"
7954,4018417074,4018417118,1,"IOTHUB_CLIENT_CONFIRMATION_OK"
7955,4018417274,4018417314,1,"IOTHUB_CLIENT_CONFIRMATION_OK"
7956,4018417474,4018417649,1,"IOTHUB_CLIENT_CONFIRMATION_OK"
7957,4018417674,4018417837,1,"IOTHUB_CLIENT_CONFIRMATION_OK"
7958,4018417874,4018417913,1,"IOTHUB_CLIENT_CONFIRMATION_OK"
7959,4018418075,4018418191,1,"IOTHUB_CLIENT_CONFIRMATION_OK"
7960,4018418275,4018418311,1,"IOTHUB_CLIENT_CONFIRMATION_OK"
7961,4018418475,4018418512,1,"IOTHUB_CLIENT_CONFIRMATION_OK"
7962,4018418675,4018418724,1,"IOTHUB_CLIENT_CONFIRMATION_OK"
7963,4018418875,4018418913,1,"IOTHUB_CLIENT_CONFIRMATION_OK"
7964,4018419075,4018419280,1,"IOTHUB_CLIENT_CONFIRMATION_OK"
7965,4018419276,4018419315,1,"IOTHUB_CLIENT_CONFIRMATION_OK"
7966,4018419476,4018419542,1,"IOTHUB_CLIENT_CONFIRMATION_OK"
7967,4018419676,4018419716,1,"IOTHUB_CLIENT_CONFIRMATION_OK"
7968,4018419876,4018419909,1,"IOTHUB_CLIENT_CONFIRMATION_OK"
7969,4018420076,4018420113,1,"IOTHUB_CLIENT_CONFIRMATION_OK"
7970,4018420276,4018420325,1,"IOTHUB_CLIENT_CONFIRMATION_OK"
7971,4018420476,4018420514,1,"IOTHUB_CLIENT_CONFIRMATION_OK"
7972,4018420677,4018420892,1,"IOTHUB_CLIENT_CONFIRMATION_OK"
7973,4018420877,4018420921,1,"IOTHUB_CLIENT_CONFIRMATION_OK"
7974,4018421077,4018421120,1,"IOTHUB_CLIENT_CONFIRMATION_OK"
7975,4018421277,4018421310,1,"IOTHUB_CLIENT_CONFIRMATION_OK"
7976,4018421477,4018421524,1,"IOTHUB_CLIENT_CONFIRMATION_OK"
7977,4018421677,4018421775,1,"IOTHUB_CLIENT_CONFIRMATION_OK"
7978,4018421878,4018421933,1,"IOTHUB_CLIENT_CONFIRMATION_OK"
7979,4018422078,4018422148,1,"IOTHUB_CLIENT_CONFIRMATION_OK"
7980,4018422278,4018422317,1,"IOTHUB_CLIENT_CONFIRMATION_OK"
7981,4018422478,4018422524,1,"IOTHUB_CLIENT_CONFIRMATION_OK"
7982,4018422678,4018422717,1,"IOTHUB_CLIENT_CONFIRMATION_OK"
7983,4018422878,4018422940,1,"IOTHUB_CLIENT_CONFIRMATION_OK"
7984,4018423079,4018423123,1,"IOTHUB_CLIENT_CONFIRMATION_OK"
7985,4018423279,4018423322,1,"IOTHUB_CLIENT_CONFIRMATION_OK"
7986,4018423479,4018423569,1,"IOTHUB_CLIENT_CONFIRMATION_OK"
7987,4018423679,4018423720,1,"IOTHUB_CLIENT_CONFIRMATION_OK"
7988,4018423879,4018423967,1,"IOTHUB_CLIENT_CONFIRMATION_OK"
7989,4018424079,4018424132,1,"IOTHUB_CLIENT_CONFIRMATION_OK"
7990,4018424280,4018424324,1,"IOTHUB_CLIENT_CONFIRMATION_OK"
7991,4018424480,4018424571,1,"IOTHUB_CLIENT_CONFIRMATION_OK"
7992,4018424680,4018424726,1,"IOTHUB_CLIENT_CONFIRMATION_OK"
7993,4018424880,4018424938,1,"IOTHUB_CLIENT_CONFIRMATION_OK"
7994,4018425080,4018425225,1,"IOTHUB_CLIENT_CONFIRMATION_OK"
7995,4018425280,4018425333,1,"IOTHUB_CLIENT_CONFIRMATION_OK"
7996,4018425480,4018425518,1,"IOTHUB_CLIENT_CONFIRMATION_OK"
7997,4018425681,4018425719,1,"IOTHUB_CLIENT_CONFIRMATION_OK"
7998,4018425881,4018425929,1,"IOTHUB_CLIENT_CONFIRMATION_OK"
7999,4018426081,4018426192,1,"IOTHUB_CLIENT_CONFIRMATION_OK"
8000,4018426281,4018426334,1,"IOTHUB_CLIENT_CONFIRMATION_OK"
8001,4018426481,4018426519,1,"IOTHUB_CLIENT_CONFIRMATION_OK"
8002,4018426681,4018426805,1,"IOTHUB_CLIENT_CONFIRMATION_OK"
8003,4018426882,4018426933,1,"IOTHUB_CLIENT_CONFIRMATION_OK"
8004,4018427082,4018427125,1,"IOTHUB_CLIENT_CONFIRMATION_OK"
8005,4018427282,4018427326,1,"IOTHUB_CLIENT_CONFIRMATION_OK"
8006,4018427482,4018427523,1,"IOTHUB_CLIENT_CONFIRMATION_OK"
8007,4018427682,4018427912,1,"IOTHUB_CLIENT_CONFIRMATION_OK"
8008,4018427882,4018427955,1,"IOTHUB_CLIENT_CONFIRMATION_OK"
8009,4018428082,4018428126,1,"IOTHUB_CLIENT_CONFIRMATION_OK"
8010,4018428283,4018428327,1,"IOTHUB_CLIENT_CONFIRMATION_OK"
8011,4018428483,4018428529,1,"IOTHUB_CLIENT_CONFIRMATION_OK"
8012,4018428683,4018428755,1,"IOTHUB_CLIENT_CONFIRMATION_OK"
8013,4018428883,4018428923,1,"IOTHUB_CLIENT_CONFIRMATION_OK"
8014,4018429083,4018429123,1,"IOTHUB_CLIENT_CONFIRMATION_OK"
8015,4018429283,4018429340,1,"IOTHUB_CLIENT_CONFIRMATION_OK"
8016,4018429484,4018429533,1,"IOTHUB_CLIENT_CONFIRMATION_OK"
8017,4018429684,4018429732,1,"IOTHUB_CLIENT_CONFIRMATION_OK"
8018,4018429884,4018429933,1,"IOTHUB_CLIENT_CONFIRMATION_OK"
8019,4018430084,4018430130,1,"IOTHUB_CLIENT_CONFIRMATION_OK"
8020,4018430284,4018430327,1,"IOTHUB_CLIENT_CONFIRMATION_OK"
8021,4018430484,4018430540,1,"IOTHUB_CLIENT_CONFIRMATION_OK"
8022,4018430684,4018430729,1,"IOTHUB_CLIENT_CONFIRMATION_OK"
8023,4018430885,4018430955,1,"IOTHUB_CLIENT_CONFIRMATION_OK"
8024,4018431085,4018431148,1,"IOTHUB_CLIENT_CONFIRMATION_OK"
8025,4018431285,4018431320,1,"IOTHUB_CLIENT_CONFIRMATION_OK"
8026,4018431485,4018431560,1,"IOTHUB_CLIENT_CONFIRMATION_OK"
8027,4018431685,4018431738,1,"IOTHUB_CLIENT_CONFIRMATION_OK"
8028,4018431885,4018431933,1,"IOTHUB_CLIENT_CONFIRMATION_OK"
8029,4018432086,4018432162,1,"IOTHUB_CLIENT_CONFIRMATION_OK"
8030,4018432286,4018432332,1,"IOTHUB_CLIENT_CONFIRMATION_OK"
8031,4018432486,4018432524,1,"IOTHUB_CLIENT_CONFIRMATION_OK"
8032,4018432686,4018432797,1,"IOTHUB_CLIENT_CONFIRMATION_OK"
8033,4018432886,4018432922,1,"IOTHUB_CLIENT_CONFIRMATION_OK"
8034,4018433086,4018433177,1,"IOTHUB_CLIENT_CONFIRMATION_OK"
8035,4018433286,4018433331,1,"IOTHUB_CLIENT_CONFIRMATION_OK"
8036,4018433487,4018433534,1,"IOTHUB_CLIENT_CONFIRMATION_OK"
8037,4018433687,4018433821,1,"IOTHUB_CLIENT_CONFIRMATION_OK"
8038,4018433887,4018433930,1,"IOTHUB_CLIENT_CONFIRMATION_OK"
8039,4018434087,4018434126,1,"IOTHUB_CLIENT_CONFIRMATION_OK"
8040,4018434287,4018434326,1,"IOTHUB_CLIENT_CONFIRMATION_OK"
8041,4018434487,4018434526,1,"IOTHUB_CLIENT_CONFIRMATION_OK"
8042,4018434688,4018434726,1,"IOTHUB_CLIENT_CONFIRMATION_OK"
8043,4018434888,4018434930,1,"IOTHUB_CLIENT_CONFIRMATION_OK"
8044,4018435088,4018435141,1,"IOTHUB_CLIENT_CONFIRMATION_OK"
8045,4018435288,4018435425,1,"IOTHUB_CLIENT_CONFIRMATION_OK"
8046,4018435488,4018435519,1,"IOTHUB_CLIENT_CONFIRMATION_OK"
8047,4018435688,4018435760,1,"IOTHUB_CLIENT_CONFIRMATION_OK"
8048,4018435888,4018435944,1,"IOTHUB_CLIENT_CONFIRMATION_OK"
8049,4018436089,4018436230,1,"IOTHUB_CLIENT_CONFIRMATION_OK"
8050,4018436289,4018436331,1,"IOTHUB_CLIENT_CONFIRMATION_OK"
8051,4018436489,4018436558,1,"IOTHUB_CLIENT_CONFIRMATION_OK"
8052,4018436689,4018436746,1,"IOTHUB_CLIENT_CONFIRMATION_OK"
8053,4018436889,4018437052,1,"IOTHUB_CLIENT_CONFIRMATION_OK"
8054,4018437089,4018437129,1,"IOTHUB_CLIENT_CONFIRMATION_OK"
8055,4018437290,4018437336,1,"IOTHUB_CLIENT_CONFIRMATION_OK"
8056,4018437490,4018437528,1,"IOTHUB_CLIENT_CONFIRMATION_OK"
8057,4018437690,4018437764,1,"IOTHUB_CLIENT_CONFIRMATION_OK"
8058,4018437890,4018437936,1,"IOTHUB_CLIENT_CONFIRMATION_OK"
8059,4018438090,4018438155,1,"IOTHUB_CLIENT_CONFIRMATION_OK"
8060,4018438290,4018438331,1,"IOTHUB_CLIENT_CONFIRMATION_OK"
8061,4018438491,4018438542,1,"IOTHUB_CLIENT_CONFIRMATION_OK"
8062,4018438691,4018438727,1,"IOTHUB_CLIENT_CONFIRMATION_OK"
8063,4018438891,4018438928,1,"IOTHUB_CLIENT_CONFIRMATION_OK"
8064,4018439091,4018439167,1,"IOTHUB_CLIENT_CONFIRMATION_OK"
8065,4018439291,4018439339,1,"IOTHUB_CLIENT_CONFIRMATION_OK"
8066,4018439491,4018439531,1,"IOTHUB_CLIENT_CONFIRMATION_OK"
8067,4018439691,4018439772,1,"IOTHUB_CLIENT_CONFIRMATION_OK"
8068,4018439892,4018439930,1,"IOTHUB_CLIENT_CONFIRMATION_OK"
8069,4018440092,4018440198,1,"IOTHUB_CLIENT_CONFIRMATION_OK"
8070,4018440292,4018440352,1,"IOTHUB_CLIENT_CONFIRMATION_OK"
8071,4018440492,4018440533,1,"IOTHUB_CLIENT_CONFIRMATION_OK"
8072,4018440692,4018440784,1,"IOTHUB_CLIENT_CONFIRMATION_OK"
8073,4018440892,4018440929,1,"IOTHUB_CLIENT_CONFIRMATION_OK"
8074,4018441093,4018441130,1,"IOTHUB_CLIENT_CONFIRMATION_OK"
8075,4018441293,4018441400,1,"IOTHUB_CLIENT_CONFIRMATION_OK"
8076,4018441493,4018441534,1,"IOTHUB_CLIENT_CONFIRMATION_OK"
8077,4018441693,4018441743,1,"IOTHUB_CLIENT_CONFIRMATION_OK"
8078,4018441893,4018441946,1,"IOTHUB_CLIENT_CONFIRMATION_OK"
8079,4018442093,4018442136,1,"IOTHUB_CLIENT_CONFIRMATION_OK"
8080,4018442294,4018442413,1,"IOTHUB_CLIENT_CONFIRMATION_OK"
8081,4018442494,4018442545,1,"IOTHUB_CLIENT_CONFIRMATION_OK"
8082,4018442694,4018442751,1,"IOTHUB_CLIENT_CONFIRMATION_OK"
8083,4018442894,4018442934,1,"IOTHUB_CLIENT_CONFIRMATION_OK"
8084,4018443094,4018443149,1,"IOTHUB_CLIENT_CONFIRMATION_OK"
8085,4018443294,4018443390,1,"IOTHUB_CLIENT_CONFIRMATION_OK"
8086,4018443494,4018443542,1,"IOTHUB_CLIENT_CONFIRMATION_OK"
8087,4018443695,4018443742,1,"IOTHUB_CLIENT_CONFIRMATION_OK"
8088,4018443895,4018443940,1,"IOTHUB_CLIENT_CONFIRMATION_OK"
8089,4018444095,4018444152,1,"IOTHUB_CLIENT_CONFIRMATION_OK"
8090,4018444295,4018444346,1,"IOTHUB_CLIENT_CONFIRMATION_OK"
8091,4018444495,4018444564,1,"IOTHUB_CLIENT_CONFIRMATION_OK"
8092,4018444695,4018444731,1,"IOTHUB_CLIENT_CONFIRMATION_OK"
8093,4018444896,4018444943,1,"IOTHUB_CLIENT_CONFIRMATION_OK"
8094,4018445096,4018445200,1,"IOTHUB_CLIENT_CONFIRMATION_OK"
8095,4018445296,4018445340,1,"IOTHUB_CLIENT_CONFIRMATION_OK"
8096,4018445496,4018445542,1,"IOTHUB_CLIENT_CONFIRMATION_OK"
8097,4018445696,4018445733,1,"IOTHUB_CLIENT_CONFIRMATION_OK"
8098,4018445896,4018445939,1,"IOTHUB_CLIENT_CONFIRMATION_OK"
8099,4018446097,4018446196,1,"IOTHUB_CLIENT_CONFIRMATION_OK"
8100,4018446297,4018446341,1,"IOTHUB_CLIENT_CONFIRMATION_OK"
8101,4018446497,4018446537,1,"IOTHUB_CLIENT_CONFIRMATION_OK"
8102,4018446697,4018446822,1,"IOTHUB_CLIENT_CONFIRMATION_OK"
8103,4018446897,4018446945,1,"IOTHUB_CLIENT_CONFIRMATION_OK"
8104,4018447097,4018447135,1,"IOTHUB_CLIENT_CONFIRMATION_OK"
8105,4018447297,4018447340,1,"IOTHUB_CLIENT_CONFIRMATION_OK"
8106,4018447498,4018447536,1,"IOTHUB_CLIENT_CONFIRMATION_OK"
8107,4018447698,4018447835,1,"IOTHUB_CLIENT_CONFIRMATION_OK"
8108,4018447898,4018447946,1,"IOTHUB_CLIENT_CONFIRMATION_OK"
8109,4018448098,4018448144,1,"IOTHUB_CLIENT_CONFIRMATION_OK"
8110,4018448298,4018448483,1,"IOTHUB_CLIENT_CONFIRMATION_OK"
8111,4018448498,4018448540,1,"IOTHUB_CLIENT_CONFIRMATION_OK"
8112,4018448699,4018448760,1,"IOTHUB_CLIENT_CONFIRMATION_OK"
8113,4018448899,4018448935,1,"IOTHUB_CLIENT_CONFIRMATION_OK"
8114,4018449099,4018449146,1,"IOTHUB_CLIENT_CONFIRMATION_OK"
8115,4018449299,4018449344,1,"IOTHUB_CLIENT_CONFIRMATION_OK"
8116,4018449499,4018449548,1,"IOTHUB_CLIENT_CONFIRMATION_OK"
8117,4018449699,4018449736,1,"IOTHUB_CLIENT_CONFIRMATION_OK"
8118,4018449899,4018450052,1,"IOTHUB_CLIENT_CONFIRMATION_OK"
8119,4018450100,4018450136,1,"IOTHUB_CLIENT_CONFIRMATION_OK"
8120,4018450300,4018450341,1,"IOTHUB_CLIENT_CONFIRMATION_OK"
8121,4018450500,4018450547,1,"IOTHUB_CLIENT_CONFIRMATION_OK"
8122,4018450700,4018450743,1,"IOTHUB_CLIENT_CONFIRMATION_OK"
8123,4018450900,4018450940,1,"IOTHUB_CLIENT_CONFIRMATION_OK"
8124,4018451100,4018451147,1,"IOTHUB_CLIENT_CONFIRMATION_OK"
8125,4018451301,4018451373,1,"IOTHUB_CLIENT_CONFIRMATION_OK"
8126,4018451501,4018451731,1,"IOTHUB_CLIENT_CONFIRMATION_OK"
8127,4018451701,4018451763,1,"IOTHUB_CLIENT_CONFIRMATION_OK"
8128,4018451901,4018451963,1,"IOTHUB_CLIENT_CONFIRMATION_OK"
8129,4018452101,4018452139,1,"IOTHUB_CLIENT_CONFIRMATION_OK"
8130,4018452301,4018452347,1,"IOTHUB_CLIENT_CONFIRMATION_OK"
8131,4018452501,4018452539,1,"IOTHUB_CLIENT_CONFIRMATION_OK"
8132,4018452702,4018452742,1,"IOTHUB_CLIENT_CONFIRMATION_OK"
8133,4018452902,4018452943,1,"IOTHUB_CLIENT_CONFIRMATION_OK"
8134,4018453102,4018453305,1,"IOTHUB_CLIENT_CONFIRMATION_OK"
8135,4018453302,4018453365,1,"IOTHUB_CLIENT_CONFIRMATION_OK"
8136,4018453502,4018453547,1,"IOTHUB_CLIENT_CONFIRMATION_OK"
8137,4018453702,4018453747,1,"IOTHUB_CLIENT_CONFIRMATION_OK"
8138,4018453903,4018453964,1,"IOTHUB_CLIENT_CONFIRMATION_OK"
8139,4018454103,4018454160,1,"IOTHUB_CLIENT_CONFIRMATION_OK"
8140,4018454303,4018454361,1,"IOTHUB_CLIENT_CONFIRMATION_OK"
8141,4018454503,4018454542,1,"IOTHUB_CLIENT_CONFIRMATION_OK"
8142,4018454703,4018454763,1,"IOTHUB_CLIENT_CONFIRMATION_OK"
8143,4018454903,4018454945,1,"IOTHUB_CLIENT_CONFIRMATION_OK"
8144,4018455103,4018455141,1,"IOTHUB_CLIENT_CONFIRMATION_OK"
8145,4018455304,4018455381,1,"IOTHUB_CLIENT_CONFIRMATION_OK"
8146,4018455504,4018455566,1,"IOTHUB_CLIENT_CONFIRMATION_OK"
8147,4018455704,4018455749,1,"IOTHUB_CLIENT_CONFIRMATION_OK"
8148,4018455904,4018455979,1,"IOTHUB_CLIENT_CONFIRMATION_OK"
8149,4018456104,4018456161,1,"IOTHUB_CLIENT_CONFIRMATION_OK"
8150,4018456304,4018456341,1,"IOTHUB_CLIENT_CONFIRMATION_OK"
8151,4018456505,4018456551,1,"IOTHUB_CLIENT_CONFIRMATION_OK"
8152,4018456705,4018456750,1,"IOTHUB_CLIENT_CONFIRMATION_OK"
8153,4018456905,4018457000,1,"IOTHUB_CLIENT_CONFIRMATION_OK"
8154,4018457105,4018457140,1,"IOTHUB_CLIENT_CONFIRMATION_OK"
8155,4018457305,4018457348,1,"IOTHUB_CLIENT_CONFIRMATION_OK"
8156,4018457505,4018457605,1,"IOTHUB_CLIENT_CONFIRMATION_OK"
8157,4018457705,4018457750,1,"IOTHUB_CLIENT_CONFIRMATION_OK"
8158,4018457906,4018457954,1,"IOTHUB_CLIENT_CONFIRMATION_OK"
8159,4018458106,4018458152,1,"IOTHUB_CLIENT_CONFIRMATION_OK"
8160,4018458306,4018458347,1,"IOTHUB_CLIENT_CONFIRMATION_OK"
8161,4018458506,4018458635,1,"IOTHUB_CLIENT_CONFIRMATION_OK"
8162,4018458706,4018458761,1,"IOTHUB_CLIENT_CONFIRMATION_OK"
8163,4018458906,4018458944,1,"IOTHUB_CLIENT_CONFIRMATION_OK"
8164,4018459107,4018459244,1,"IOTHUB_CLIENT_CONFIRMATION_OK"
8165,4018459307,4018459358,1,"IOTHUB_CLIENT_CONFIRMATION_OK"
8166,4018459507,4018459546,1,"IOTHUB_CLIENT_CONFIRMATION_OK"
8167,4018459707,4018459748,1,"IOTHUB_CLIENT_CONFIRMATION_OK"
8168,4018459907,4018459959,1,"IOTHUB_CLIENT_CONFIRMATION_OK"
8169,4018460107,4018460144,1,"IOTHUB_CLIENT_CONFIRMATION_OK"
8170,4018460308,4018460419,1,"IOTHUB_CLIENT_CONFIRMATION_OK"
8171,4018460508,4018460555,1,"IOTHUB_CLIENT_CONFIRMATION_OK"
8172,4018460708,4018460885,1,"IOTHUB_CLIENT_CONFIRMATION_OK"
8173,4018460908,4018460948,1,"IOTHUB_CLIENT_CONFIRMATION_OK"
8174,4018461108,4018461181,1,"IOTHUB_CLIENT_CONFIRMATION_OK"
8175,4018461308,4018461352,1,"IOTHUB_CLIENT_CONFIRMATION_OK"
8176,4018461509,4018461550,1,"IOTHUB_CLIENT_CONFIRMATION_OK"
8177,4018461709,4018461749,1,"IOTHUB_CLIENT_CONFIRMATION_OK"
8178,4018461909,4018461959,1,"IOTHUB_CLIENT_CONFIRMATION_OK"
8179,4018462109,4018462152,1,"IOTHUB_CLIENT_CONFIRMATION_OK"
8180,4018462309,4018462347,1,"IOTHUB_CLIENT_CONFIRMATION_OK"
8181,4018462509,4018462566,1,"IOTHUB_CLIENT_CONFIRMATION_OK"
8182,4018462710,4018462756,1,"IOTHUB_CLIENT_CONFIRMATION_OK"
8183,4018462910,4018462953,1,"IOTHUB_CLIENT_CONFIRMATION_OK"
8184,4018463110,4018463156,1,"IOTHUB_CLIENT_CONFIRMATION_OK"
8185,4018463310,4018463346,1,"IOTHUB_CLIENT_CONFIRMATION_OK"
8186,4018463510,4018463612,1,"IOTHUB_CLIENT_CONFIRMATION_OK"
8187,4018463710,4018463776,1,"IOTHUB_CLIENT_CONFIRMATION_OK"
8188,4018463911,4018464011,1,"IOTHUB_CLIENT_CONFIRMATION_OK"
8189,4018464111,4018464151,1,"IOTHUB_CLIENT_CONFIRMATION_OK"
8190,4018464311,4018464356,1,"IOTHUB_CLIENT_CONFIRMATION_OK"
8191,4018464511,4018464604,1,"IOTHUB_CLIENT_CONFIRMATION_OK"
8192,4018464711,4018464765,1,"IOTHUB_CLIENT_CONFIRMATION_OK"
8193,4018464912,4018464948,1,"IOTHUB_CLIENT_CONFIRMATION_OK"
8194,4018465112,4018465158,1,"IOTHUB_CLIENT_CONFIRMATION_OK"
8195,4018465312,4018465373,1,"IOTHUB_CLIENT_CONFIRMATION_OK"
8196,4018465512,4018465559,1,"IOTHUB_CLIENT_CONFIRMATION_OK"
8197,4018465712,4018465754,1,"IOTHUB_CLIENT_CONFIRMATION_OK"
8198,4018465912,4018465952,1,"IOTHUB_CLIENT_CONFIRMATION_OK"
8199,4018466113,4018466344,1,"IOTHUB_CLIENT_CONFIRMATION_OK"
8200,4018466313,4018466415,1,"IOTHUB_CLIENT_CONFIRMATION_OK"
8201,4018466513,4018466552,1,"IOTHUB_CLIENT_CONFIRMATION_OK"
8202,4018466713,4018466779,1,"IOTHUB_CLIENT_CONFIRMATION_OK"
8203,4018466913,4018466998,1,"IOTHUB_CLIENT_CONFIRMATION_OK"
8204,4018467113,4018467144,1,"IOTHUB_CLIENT_CONFIRMATION_OK"
8205,4018467314,4018467357,1,"IOTHUB_CLIENT_CONFIRMATION_OK"
8206,4018467514,4018467576,1,"IOTHUB_CLIENT_CONFIRMATION_OK"
8207,4018467714,4018467767,1,"IOTHUB_CLIENT_CONFIRMATION_OK"
8208,4018467914,4018467957,1,"IOTHUB_CLIENT_CONFIRMATION_OK"
8209,4018468114,4018468152,1,"IOTHUB_CLIENT_CONFIRMATION_OK"
8210,4018468314,4018468363,1,"IOTHUB_CLIENT_CONFIRMATION_OK"
8211,4018468515,4018468551,1,"IOTHUB_CLIENT_CONFIRMATION_OK"
8212,4018468715,4018468763,1,"IOTHUB_CLIENT_CONFIRMATION_OK"
8213,4018468915,4018468988,1,"IOTHUB_CLIENT_CONFIRMATION_OK"
8214,4018469115,4018469160,1,"IOTHUB_CLIENT_CONFIRMATION_OK"
8215,4018469315,4018469355,1,"IOTHUB_CLIENT_CONFIRMATION_OK"
8216,4018469515,4018469567,1,"IOTHUB_CLIENT_CONFIRMATION_OK"
8217,4018469716,4018469758,1,"IOTHUB_CLIENT_CONFIRMATION_OK"
8218,4018469916,4018469995,1,"IOTHUB_CLIENT_CONFIRMATION_OK"
8219,4018470116,4018470173,1,"IOTHUB_CLIENT_CONFIRMATION_OK"
8220,4018470316,4018470376,1,"IOTHUB_CLIENT_CONFIRMATION_OK"
8221,4018470516,4018470570,1,"IOTHUB_CLIENT_CONFIRMATION_OK"
8222,4018470716,4018470755,1,"IOTHUB_CLIENT_CONFIRMATION_OK"
8223,4018470917,4018471011,1,"IOTHUB_CLIENT_CONFIRMATION_OK"
8224,4018471117,4018471153,1,"IOTHUB_CLIENT_CONFIRMATION_OK"
8225,4018471317,4018471365,1,"IOTHUB_CLIENT_CONFIRMATION_OK"
8226,4018471517,4018471637,1,"IOTHUB_CLIENT_CONFIRMATION_OK"
8227,4018471717,4018471747,1,"IOTHUB_CLIENT_CONFIRMATION_OK"
8228,4018471917,4018471962,1,"IOTHUB_CLIENT_CONFIRMATION_OK"
8229,4018472118,4018472159,1,"IOTHUB_CLIENT_CONFIRMATION_OK"
8230,4018472318,4018472396,1,"IOTHUB_CLIENT_CONFIRMATION_OK"
8231,4018472518,4018472617,1,"IOTHUB_CLIENT_CONFIRMATION_OK"
8232,4018472718,4018472758,1,"IOTHUB_CLIENT_CONFIRMATION_OK"
8233,4018472918,4018472960,1,"IOTHUB_CLIENT_CONFIRMATION_OK"
8234,4018473118,4018473248,1,"IOTHUB_CLIENT_CONFIRMATION_OK"
8235,4018473319,4018473377,1,"IOTHUB_CLIENT_CONFIRMATION_OK"
8236,4018473519,4018473563,1,"IOTHUB_CLIENT_CONFIRMATION_OK"
8237,4018473719,4018473776,1,"IOTHUB_CLIENT_CONFIRMATION_OK"
8238,4018473919,4018473965,1,"IOTHUB_CLIENT_CONFIRMATION_OK"
8239,4018474119,4018474162,1,"IOTHUB_CLIENT_CONFIRMATION_OK"
8240,4018474319,4018474362,1,"IOTHUB_CLIENT_CONFIRMATION_OK"
8241,4018474520,4018474569,1,"IOTHUB_CLIENT_CONFIRMATION_OK"
8242,4018474720,4018474878,1,"IOTHUB_CLIENT_CONFIRMATION_OK"
8243,4018474920,4018474962,1,"IOTHUB_CLIENT_CONFIRMATION_OK"
8244,4018475120,4018475157,1,"IOTHUB_CLIENT_CONFIRMATION_OK"
8245,4018475320,4018475432,1,"IOTHUB_CLIENT_CONFIRMATION_OK"
8246,4018475520,4018475571,1,"IOTHUB_CLIENT_CONFIRMATION_OK"
8247,4018475720,4018475771,1,"IOTHUB_CLIENT_CONFIRMATION_OK"
8248,4018475921,4018475968,1,"IOTHUB_CLIENT_CONFIRMATION_OK"
8249,4018476121,4018476176,1,"IOTHUB_CLIENT_CONFIRMATION_OK"
8250,4018476321,4018476363,1,"IOTHUB_CLIENT_CONFIRMATION_OK"
8251,4018476521,4018476557,1,"IOTHUB_CLIENT_CONFIRMATION_OK"
8252,4018476721,4018476759,1,"IOTHUB_CLIENT_CONFIRMATION_OK"
8253,4018476921,4018476977,1,"IOTHUB_CLIENT_CONFIRMATION_OK"
8254,4018477122,4018477173,1,"IOTHUB_CLIENT_CONFIRMATION_OK"
8255,4018477322,4018477383,1,"IOTHUB_CLIENT_CONFIRMATION_OK"
8256,4018477522,4018477593,1,"IOTHUB_CLIENT_CONFIRMATION_OK"
8257,4018477722,4018477768,1,"IOTHUB_CLIENT_CONFIRMATION_OK"
8258,4018477922,4018477959,1,"IOTHUB_CLIENT_CONFIRMATION_OK"
8259,4018478122,4018478166,1,"IOTHUB_CLIENT_CONFIRMATION_OK"
8260,4018478323,4018478363,1,"IOTHUB_CLIENT_CONFIRMATION_OK"
8261,4018478523,4018478626,1,"IOTHUB_CLIENT_CONFIRMATION_OK"
8262,4018478723,4018478767,1,"IOTHUB_CLIENT_CONFIRMATION_OK"
8263,4018478923,4018478962,1,"IOTHUB_CLIENT_CONFIRMATION_OK"
8264,4018479123,4018479211,1,"IOTHUB_CLIENT_CONFIRMATION_OK"
8265,4018479323,4018479370,1,"IOTHUB_CLIENT_CONFIRMATION_OK"
8266,4018479524,4018479564,1,"IOTHUB_CLIENT_CONFIRMATION_OK"
8267,4018479724,4018479774,1,"IOTHUB_CLIENT_CONFIRMATION_OK"
8268,4018479924,4018479982,1,"IOTHUB_CLIENT_CONFIRMATION_OK"
8269,4018480124,4018480232,1,"IOTHUB_CLIENT_CONFIRMATION_OK"
8270,4018480324,4018480368,1,"IOTHUB_CLIENT_CONFIRMATION_OK"
8271,4018480524,4018480564,1,"IOTHUB_CLIENT_CONFIRMATION_OK"
8272,4018480725,4018480846,1,"IOTHUB_CLIENT_CONFIRMATION_OK"
8273,4018480925,4018480975,1,"IOTHUB_CLIENT_CONFIRMATION_OK"
8274,4018481125,4018481175,1,"IOTHUB_CLIENT_CONFIRMATION_OK"
8275,4018481325,4018481363,1,"IOTHUB_CLIENT_CONFIRMATION_OK"
8276,4018481525,4018481563,1,"IOTHUB_CLIENT_CONFIRMATION_OK"
8277,4018481725,4018481794,1,"IOTHUB_CLIENT_CONFIRMATION_OK"
8278,4018481926,4018481958,1,"IOTHUB_CLIENT_CONFIRMATION_OK"
8279,4018482126,4018482168,1,"IOTHUB_CLIENT_CONFIRMATION_OK"
8280,4018482326,4018482480,1,"IOTHUB_CLIENT_CONFIRMATION_OK"
8281,4018482526,4018482579,1,"IOTHUB_CLIENT_CONFIRMATION_OK"
8282,4018482726,4018482760,1,"IOTHUB_CLIENT_CONFIRMATION_OK"
8283,4018482926,4018482963,1,"IOTHUB_CLIENT_CONFIRMATION_OK"
8284,4018483126,4018483169,1,"IOTHUB_CLIENT_CONFIRMATION_OK"
8285,4018483327,4018483393,1,"IOTHUB_CLIENT_CONFIRMATION_OK"
8286,4018483527,4018483575,1,"IOTHUB_CLIENT_CONFIRMATION_OK"
8287,4018483727,4018483773,1,"IOTHUB_CLIENT_CONFIRMATION_OK"
8288,4018483927,4018484146,1,"IOTHUB_CLIENT_CONFIRMATION_OK"
8289,4018484127,4018484168,1,"IOTHUB_CLIENT_CONFIRMATION_OK"
8290,4018484327,4018484366,1,"IOTHUB_CLIENT_CONFIRMATION_OK"
8291,4018484528,4018484573,1,"IOTHUB_CLIENT_CONFIRMATION_OK"
8292,4018484728,4018484774,1,"IOTHUB_CLIENT_CONFIRMATION_OK"
8293,4018484928,4018484974,1,"IOTHUB_CLIENT_CONFIRMATION_OK"
8294,4018485128,4018485180,1,"IOTHUB_CLIENT_CONFIRMATION_OK"
8295,4018485328,4018485361,1,"IOTHUB_CLIENT_CONFIRMATION_OK"
8296,4018485528,4018485570,1,"IOTHUB_CLIENT_CONFIRMATION_OK"
8297,4018485729,4018485773,1,"IOTHUB_CLIENT_CONFIRMATION_OK"
8298,4018485929,4018485968,1,"IOTHUB_CLIENT_CONFIRMATION_OK"
8299,4018486129,4018486180,1,"IOTHUB_CLIENT_CONFIRMATION_OK"
8300,4018486329,4018486385,1,"IOTHUB_CLIENT_CONFIRMATION_OK"
8301,4018486529,4018486582,1,"IOTHUB_CLIENT_CONFIRMATION_OK"
8302,4018486729,4018486778,1,"IOTHUB_CLIENT_CONFIRMATION_OK"
8303,4018486930,4018487024,1,"IOTHUB_CLIENT_CONFIRMATION_OK"
8304,4018487130,4018487183,1,"IOTHUB_CLIENT_CONFIRMATION_OK"
8305,4018487330,4018487388,1,"IOTHUB_CLIENT_CONFIRMATION_OK"
8306,4018487530,4018487571,1,"IOTHUB_CLIENT_CONFIRMATION_OK"
8307,4018487730,4018487790,1,"IOTHUB_CLIENT_CONFIRMATION_OK"
8308,4018487930,4018487983,1,"IOTHUB_CLIENT_CONFIRMATION_OK"
8309,4018488131,4018488177,1,"IOTHUB_CLIENT_CONFIRMATION_OK"
8310,4018488331,4018488433,1,"IOTHUB_CLIENT_CONFIRMATION_OK"
8311,4018488531,4018488591,1,"IOTHUB_CLIENT_CONFIRMATION_OK"
8312,4018488731,4018488769,1,"IOTHUB_CLIENT_CONFIRMATION_OK"
8313,4018488931,4018488965,1,"IOTHUB_CLIENT_CONFIRMATION_OK"
8314,4018489131,4018489184,1,"IOTHUB_CLIENT_CONFIRMATION_OK"
8315,4018489332,4018489437,1,"IOTHUB_CLIENT_CONFIRMATION_OK"
8316,4018489532,4018489568,1,"IOTHUB_CLIENT_CONFIRMATION_OK"
8317,4018489732,4018489773,1,"IOTHUB_CLIENT_CONFIRMATION_OK"
8318,4018489932,4018490096,1,"IOTHUB_CLIENT_CONFIRMATION_OK"
8319,4018490132,4018490183,1,"IOTHUB_CLIENT_CONFIRMATION_OK"
8320,4018490332,4018490371,1,"IOTHUB_CLIENT_CONFIRMATION_OK"
8321,4018490533,4018490591,1,"IOTHUB_CLIENT_CONFIRMATION_OK"
8322,4018490733,4018490782,1,"IOTHUB_CLIENT_CONFIRMATION_OK"
8323,4018490933,4018491065,1,"IOTHUB_CLIENT_CONFIRMATION_OK"
8324,4018491133,4018491179,1,"IOTHUB_CLIENT_CONFIRMATION_OK"
8325,4018491333,4018491384,1,"IOTHUB_CLIENT_CONFIRMATION_OK"
8326,4018491533,4018491676,1,"IOTHUB_CLIENT_CONFIRMATION_OK"
8327,4018491734,4018491772,1,"IOTHUB_CLIENT_CONFIRMATION_OK"
8328,4018491934,4018491995,1,"IOTHUB_CLIENT_CONFIRMATION_OK"
8329,4018492134,4018492187,1,"IOTHUB_CLIENT_CONFIRMATION_OK"
8330,4018492334,4018492374,1,"IOTHUB_CLIENT_CONFIRMATION_OK"
8331,4018492534,4018492572,1,"IOTHUB_CLIENT_CONFIRMATION_OK"
8332,4018492734,4018492772,1,"IOTHUB_CLIENT_CONFIRMATION_OK"
8333,4018492934,4018492984,1,"IOTHUB_CLIENT_CONFIRMATION_OK"
8334,4018493135,4018493172,1,"IOTHUB_CLIENT_CONFIRMATION_OK"
8335,4018493335,4018493378,1,"IOTHUB_CLIENT_CONFIRMATION_OK"
8336,4018493535,4018493573,1,"IOTHUB_CLIENT_CONFIRMATION_OK"
8337,4018493735,4018493780,1,"IOTHUB_CLIENT_CONFIRMATION_OK"
8338,4018493935,4018493978,1,"IOTHUB_CLIENT_CONFIRMATION_OK"
8339,4018494135,4018494182,1,"IOTHUB_CLIENT_CONFIRMATION_OK"
8340,4018494336,4018494387,1,"IOTHUB_CLIENT_CONFIRMATION_OK"
8341,4018494536,4018494582,1,"IOTHUB_CLIENT_CONFIRMATION_OK"
8342,4018494736,4018494826,1,"IOTHUB_CLIENT_CONFIRMATION_OK"
8343,4018494936,4018494980,1,"IOTHUB_CLIENT_CONFIRMATION_OK"
8344,4018495136,4018495190,1,"IOTHUB_CLIENT_CONFIRMATION_OK"
8345,4018495336,4018495452,1,"IOTHUB_CLIENT_CONFIRMATION_OK"
8346,4018495536,4018495607,1,"IOTHUB_CLIENT_CONFIRMATION_OK"
8347,4018495737,4018495789,1,"IOTHUB_CLIENT_CONFIRMATION_OK"
8348,4018495937,4018495978,1,"IOTHUB_CLIENT_CONFIRMATION_OK"
8349,4018496137,4018496175,1,"IOTHUB_CLIENT_CONFIRMATION_OK"
8350,4018496337,4018496455,1,"IOTHUB_CLIENT_CONFIRMATION_OK"
8351,4018496537,4018496573,1,"IOTHUB_CLIENT_CONFIRMATION_OK"
8352,4018496737,4018496807,1,"IOTHUB_CLIENT_CONFIRMATION_OK"
8353,4018496938,4018497099,1,"IOTHUB_CLIENT_CONFIRMATION_OK"
8354,4018497138,4018497187,1,"IOTHUB_CLIENT_CONFIRMATION_OK"
8355,4018497338,4018497388,1,"IOTHUB_CLIENT_CONFIRMATION_OK"
8356,4018497538,4018497578,1,"IOTHUB_CLIENT_CONFIRMATION_OK"
8357,4018497738,4018497789,1,"IOTHUB_CLIENT_CONFIRMATION_OK"
8358,4018497938,4018497989,1,"IOTHUB_CLIENT_CONFIRMATION_OK"
8359,4018498139,4018498177,1,"IOTHUB_CLIENT_CONFIRMATION_OK"
8360,4018498339,4018498376,1,"IOTHUB_CLIENT_CONFIRMATION_OK"
8361,4018498539,4018498699,1,"IOTHUB_CLIENT_CONFIRMATION_OK"
8362,4018498739,4018498785,1,"IOTHUB_CLIENT_CONFIRMATION_OK"
8363,4018498939,4018498977,1,"IOTHUB_CLIENT_CONFIRMATION_OK"
8364,4018499139,4018499195,1,"IOTHUB_CLIENT_CONFIRMATION_OK"
8365,4018499340,4018499377,1,"IOTHUB_CLIENT_CONFIRMATION_OK"
8366,4018499540,4018499590,1,"IOTHUB_CLIENT_CONFIRMATION_OK"
8367,4018499740,4018499780,1,"IOTHUB_CLIENT_CONFIRMATION_OK"
8368,4018499940,4018499998,1,"IOTHUB_CLIENT_CONFIRMATION_OK"
8369,4018500140,4018500488,1,"IOTHUB_CLIENT_CONFIRMATION_OK"
8370,4018500340,4018500527,1,"IOTHUB_CLIENT_CONFIRMATION_OK"
8371,4018500541,4018500583,1,"IOTHUB_CLIENT_CONFIRMATION_OK"
8372,4018500741,4018500777,1,"IOTHUB_CLIENT_CONFIRMATION_OK"
8373,4018500941,4018500976,1,"IOTHUB_CLIENT_CONFIRMATION_OK"
8374,4018501141,4018501197,1,"IOTHUB_CLIENT_CONFIRMATION_OK"
8375,4018501341,4018501383,1,"IOTHUB_CLIENT_CONFIRMATION_OK"
8376,4018501541,4018501580,1,"IOTHUB_CLIENT_CONFIRMATION_OK"
8377,4018501741,4018501889,1,"IOTHUB_CLIENT_CONFIRMATION_OK"
8378,4018501942,4018501982,1,"IOTHUB_CLIENT_CONFIRMATION_OK"
8379,4018502142,4018502187,1,"IOTHUB_CLIENT_CONFIRMATION_OK"
8380,4018502342,4018502382,1,"IOTHUB_CLIENT_CONFIRMATION_OK"
8381,4018502542,4018502592,1,"IOTHUB_CLIENT_CONFIRMATION_OK"
8382,4018502742,4018502806,1,"IOTHUB_CLIENT_CONFIRMATION_OK"
8383,4018502942,4018502981,1,"IOTHUB_CLIENT_CONFIRMATION_OK"
8384,4018503143,4018503189,1,"IOTHUB_CLIENT_CONFIRMATION_OK"
8385,4018503343,4018503562,1,"IOTHUB_CLIENT_CONFIRMATION_OK"
8386,4018503543,4018503591,1,"IOTHUB_CLIENT_CONFIRMATION_OK"
8387,4018503743,4018503777,1,"IOTHUB_CLIENT_CONFIRMATION_OK"
8388,4018503943,4018503977,1,"IOTHUB_CLIENT_CONFIRMATION_OK"
8389,4018504143,4018504183,1,"IOTHUB_CLIENT_CONFIRMATION_OK"
8390,4018504344,4018504383,1,"IOTHUB_CLIENT_CONFIRMATION_OK"
8391,4018504544,4018504591,1,"IOTHUB_CLIENT_CONFIRMATION_OK"
8392,4018504744,4018504784,1,"IOTHUB_CLIENT_CONFIRMATION_OK"
8393,4018504944,4018504992,1,"IOTHUB_CLIENT_CONFIRMATION_OK"
8394,4018505144,4018505197,1,"IOTHUB_CLIENT_CONFIRMATION_OK"
8395,4018505344,4018505383,1,"IOTHUB_CLIENT_CONFIRMATION_OK"
8396,4018505545,4018505591,1,"IOTHUB_CLIENT_CONFIRMATION_OK"
8397,4018505745,4018505790,1,"IOTHUB_CLIENT_CONFIRMATION_OK"
8398,4018505945,4018505982,1,"IOTHUB_CLIENT_CONFIRMATION_OK"
8399,4018506145,4018506253,1,"IOTHUB_CLIENT_CONFIRMATION_OK"
8400,4018506345,4018506401,1,"IOTHUB_CLIENT_CONFIRMATION_OK"
8401,4018506545,4018506585,1,"IOTHUB_CLIENT_CONFIRMATION_OK"
8402,4018506745,4018506819,1,"IOTHUB_CLIENT_CONFIRMATION_OK"
8403,4018506946,4018506986,1,"IOTHUB_CLIENT_CONFIRMATION_OK"
8404,4018507146,4018507289,1,"IOTHUB_CLIENT_CONFIRMATION_OK"
8405,4018507346,4018507383,1,"IOTHUB_CLIENT_CONFIRMATION_OK"
8406,4018507546,4018507590,1,"IOTHUB_CLIENT_CONFIRMATION_OK"
8407,4018507746,4018507861,1,"IOTHUB_CLIENT_CONFIRMATION_OK"
8408,4018507946,4018507986,1,"IOTHUB_CLIENT_CONFIRMATION_OK"
8409,4018508147,4018508187,1,"IOTHUB_CLIENT_CONFIRMATION_OK"
8410,4018508347,4018508407,1,"IOTHUB_CLIENT_CONFIRMATION_OK"
8411,4018508547,4018508589,1,"IOTHUB_CLIENT_CONFIRMATION_OK"
8412,4018508747,4018508796,1,"IOTHUB_CLIENT_CONFIRMATION_OK"
8413,4018508947,4018508990,1,"IOTHUB_CLIENT_CONFIRMATION_OK"
8414,4018509147,4018509180,1,"IOTHUB_CLIENT_CONFIRMATION_OK"
8415,4018509348,4018509526,1,"IOTHUB_CLIENT_CONFIRMATION_OK"
8416,4018509548,4018509588,1,"IOTHUB_CLIENT_CONFIRMATION_OK"
8417,4018509748,4018509790,1,"IOTHUB_CLIENT_CONFIRMATION_OK"
8418,4018509948,4018509994,1,"IOTHUB_CLIENT_CONFIRMATION_OK"
8419,4018510148,4018510191,1,"IOTHUB_CLIENT_CONFIRMATION_OK"
8420,4018510348,4018510389,1,"IOTHUB_CLIENT_CONFIRMATION_OK"
8421,4018510548,4018510594,1,"IOTHUB_CLIENT_CONFIRMATION_OK"
8422,4018510749,4018510822,1,"IOTHUB_CLIENT_CONFIRMATION_OK"
8423,4018510949,4018511113,1,"IOTHUB_CLIENT_CONFIRMATION_OK"
8424,4018511149,4018511198,1,"IOTHUB_CLIENT_CONFIRMATION_OK"
8425,4018511349,4018511393,1,"IOTHUB_CLIENT_CONFIRMATION_OK"
8426,4018511549,4018511591,1,"IOTHUB_CLIENT_CONFIRMATION_OK"
8427,4018511750,4018511800,1,"IOTHUB_CLIENT_CONFIRMATION_OK"
8428,4018511950,4018511985,1,"IOTHUB_CLIENT_CONFIRMATION_OK"
8429,4018512150,4018512202,1,"IOTHUB_CLIENT_CONFIRMATION_OK"
8430,4018512350,4018512395,1,"IOTHUB_CLIENT_CONFIRMATION_OK"
8431,4018512550,4018512644,1,"IOTHUB_CLIENT_CONFIRMATION_OK"
8432,4018512750,4018512802,1,"IOTHUB_CLIENT_CONFIRMATION_OK"
8433,4018512950,4018513000,1,"IOTHUB_CLIENT_CONFIRMATION_OK"
8434,4018513151,4018513202,1,"IOTHUB_CLIENT_CONFIRMATION_OK"
8435,4018513351,4018513409,1,"IOTHUB_CLIENT_CONFIRMATION_OK"
8436,4018513551,4018513608,1,"IOTHUB_CLIENT_CONFIRMATION_OK"
8437,4018513751,4018513849,1,"IOTHUB_CLIENT_CONFIRMATION_OK"
8438,4018513951,4018513991,1,"IOTHUB_CLIENT_CONFIRMATION_OK"
8439,4018514151,4018514211,1,"IOTHUB_CLIENT_CONFIRMATION_OK"
8440,4018514352,4018514391,1,"IOTHUB_CLIENT_CONFIRMATION_OK"
8441,4018514552,4018514593,1,"IOTHUB_CLIENT_CONFIRMATION_OK"
8442,4018514752,4018514868,1,"IOTHUB_CLIENT_CONFIRMATION_OK"
8443,4018514952,4018514991,1,"IOTHUB_CLIENT_CONFIRMATION_OK"
8444,4018515152,4018515190,1,"IOTHUB_CLIENT_CONFIRMATION_OK"
8445,4018515352,4018515404,1,"IOTHUB_CLIENT_CONFIRMATION_OK"
8446,4018515553,4018515621,1,"IOTHUB_CLIENT_CONFIRMATION_OK"
8447,4018515753,4018515798,1,"IOTHUB_CLIENT_CONFIRMATION_OK"
8448,4018515953,4018515993,1,"IOTHUB_CLIENT_CONFIRMATION_OK"
8449,4018516153,4018516218,1,"IOTHUB_CLIENT_CONFIRMATION_OK"
8450,4018516353,4018516609,1,"IOTHUB_CLIENT_CONFIRMATION_OK"
8451,4018516553,4018516639,1,"IOTHUB_CLIENT_CONFIRMATION_OK"
8452,4018516754,4018516795,1,"IOTHUB_CLIENT_CONFIRMATION_OK"
8453,4018516954,4018517000,1,"IOTHUB_CLIENT_CONFIRMATION_OK"
8454,4018517154,4018517196,1,"IOTHUB_CLIENT_CONFIRMATION_OK"
8455,4018517354,4018517401,1,"IOTHUB_CLIENT_CONFIRMATION_OK"
8456,4018517554,4018517623,1,"IOTHUB_CLIENT_CONFIRMATION_OK"
8457,4018517754,4018517793,1,"IOTHUB_CLIENT_CONFIRMATION_OK"
8458,4018517955,4018518016,1,"IOTHUB_CLIENT_CONFIRMATION_OK"
8459,4018518155,4018518202,1,"IOTHUB_CLIENT_CONFIRMATION_OK"
8460,4018518355,4018518402,1,"IOTHUB_CLIENT_CONFIRMATION_OK"
8461,4018518555,4018518629,1,"IOTHUB_CLIENT_CONFIRMATION_OK"
8462,4018518755,4018518804,1,"IOTHUB_CLIENT_CONFIRMATION_OK"
8463,4018518955,4018519002,1,"IOTHUB_CLIENT_CONFIRMATION_OK"
8464,4018519156,4018519264,1,"IOTHUB_CLIENT_CONFIRMATION_OK"
8465,4018519356,4018519400,1,"IOTHUB_CLIENT_CONFIRMATION_OK"
8466,4018519556,4018519603,1,"IOTHUB_CLIENT_CONFIRMATION_OK"
8467,4018519756,4018519796,1,"IOTHUB_CLIENT_CONFIRMATION_OK"
8468,4018519956,4018520005,1,"IOTHUB_CLIENT_CONFIRMATION_OK"
8469,4018520156,4018520261,1,"IOTHUB_CLIENT_CONFIRMATION_OK"
8470,4018520357,4018520396,1,"IOTHUB_CLIENT_CONFIRMATION_OK"
8471,4018520557,4018520612,1,"IOTHUB_CLIENT_CONFIRMATION_OK"
8472,4018520757,4018520796,1,"IOTHUB_CLIENT_CONFIRMATION_OK"
8473,4018520957,4018520997,1,"IOTHUB_CLIENT_CONFIRMATION_OK"
8474,4018521157,4018521194,1,"IOTHUB_CLIENT_CONFIRMATION_OK"
8475,4018521357,4018521398,1,"IOTHUB_CLIENT_CONFIRMATION_OK"
8476,4018521557,4018521682,1,"IOTHUB_CLIENT_CONFIRMATION_OK"
8477,4018521758,4018521960,1,"IOTHUB_CLIENT_CONFIRMATION_OK"
8478,4018521958,4018521995,1,"IOTHUB_CLIENT_CONFIRMATION_OK"
8479,4018522158,4018522193,1,"IOTHUB_CLIENT_CONFIRMATION_OK"
8480,4018522358,4018522398,1,"IOTHUB_CLIENT_CONFIRMATION_OK"
8481,4018522558,4018522595,1,"IOTHUB_CLIENT_CONFIRMATION_OK"
8482,4018522758,4018522798,1,"IOTHUB_CLIENT_CONFIRMATION_OK"
8483,4018522959,4018523005,1,"IOTHUB_CLIENT_CONFIRMATION_OK"
8484,4018523159,4018523197,1,"IOTHUB_CLIENT_CONFIRMATION_OK"
8485,4018523359,4018523397,1,"IOTHUB_CLIENT_CONFIRMATION_OK"
8486,4018523559,4018523597,1,"IOTHUB_CLIENT_CONFIRMATION_OK"
8487,4018523759,4018523804,1,"IOTHUB_CLIENT_CONFIRMATION_OK"
8488,4018523959,4018524013,1,"IOTHUB_CLIENT_CONFIRMATION_OK"
8489,4018524160,4018524214,1,"IOTHUB_CLIENT_CONFIRMATION_OK"
8490,4018524360,4018524418,1,"IOTHUB_CLIENT_CONFIRMATION_OK"
8491,4018524560,4018524601,1,"IOTHUB_CLIENT_CONFIRMATION_OK"
8492,4018524760,4018524810,1,"IOTHUB_CLIENT_CONFIRMATION_OK"
8493,4018524960,4018524999,1,"IOTHUB_CLIENT_CONFIRMATION_OK"
8494,4018525160,4018525202,1,"IOTHUB_CLIENT_CONFIRMATION_OK"
8495,4018525361,4018525403,1,"IOTHUB_CLIENT_CONFIRMATION_OK"
8496,4018525561,4018525639,1,"IOTHUB_CLIENT_CONFIRMATION_OK"
8497,4018525761,4018525810,1,"IOTHUB_CLIENT_CONFIRMATION_OK"
8498,4018525961,4018525997,1,"IOTHUB_CLIENT_CONFIRMATION_OK"
8499,4018526161,4018526252,1,"IOTHUB_CLIENT_CONFIRMATION_OK"
8500,4018526361,4018526400,1,"IOTHUB_CLIENT_CONFIRMATION_OK"
8501,4018526561,4018526621,1,"IOTHUB_CLIENT_CONFIRMATION_OK"
8502,4018526762,4018526807,1,"IOTHUB_CLIENT_CONFIRMATION_OK"
8503,4018526962,4018527062,1,"IOTHUB_CLIENT_CONFIRMATION_OK"
8504,4018527162,4018527256,1,"IOTHUB_CLIENT_CONFIRMATION_OK"
8505,4018527362,4018527422,1,"IOTHUB_CLIENT_CONFIRMATION_OK"
8506,4018527562,4018527596,1,"IOTHUB_CLIENT_CONFIRMATION_OK"
8507,4018527762,4018527893,1,"IOTHUB_CLIENT_CONFIRMATION_OK"
8508,4018527963,4018528005,1,"IOTHUB_CLIENT_CONFIRMATION_OK"
8509,4018528163,4018528208,1,"IOTHUB_CLIENT_CONFIRMATION_OK"
8510,4018528363,4018528408,1,"IOTHUB_CLIENT_CONFIRMATION_OK"
8511,4018528563,4018528610,1,"IOTHUB_CLIENT_CONFIRMATION_OK"
8512,4018528763,4018528883,1,"IOTHUB_CLIENT_CONFIRMATION_OK"
8513,4018528963,4018529000,1,"IOTHUB_CLIENT_CONFIRMATION_OK"
8514,4018529164,4018529206,1,"IOTHUB_CLIENT_CONFIRMATION_OK"
8515,4018529364,4018529514,1,"IOTHUB_CLIENT_CONFIRMATION_OK"
8516,4018529564,4018529605,1,"IOTHUB_CLIENT_CONFIRMATION_OK"
8517,4018529764,4018529828,1,"IOTHUB_CLIENT_CONFIRMATION_OK"
8518,4018529964,4018530004,1,"IOTHUB_CLIENT_CONFIRMATION_OK"
8519,4018530164,4018530214,1,"IOTHUB_CLIENT_CONFIRMATION_OK"
8520,4018530365,4018530402,1,"IOTHUB_CLIENT_CONFIRMATION_OK"
8521,4018530565,4018530597,1,"IOTHUB_CLIENT_CONFIRMATION_OK"
8522,4018530765,4018530824,1,"IOTHUB_CLIENT_CONFIRMATION_OK"
8523,4018530965,4018531128,1,"IOTHUB_CLIENT_CONFIRMATION_OK"
8524,4018531165,4018531203,1,"IOTHUB_CLIENT_CONFIRMATION_OK"
8525,4018531365,4018531418,1,"IOTHUB_CLIENT_CONFIRMATION_OK"
8526,4018531566,4018531688,1,"IOTHUB_CLIENT_CONFIRMATION_OK"
8527,4018531766,4018531821,1,"IOTHUB_CLIENT_CONFIRMATION_OK"
8528,4018531966,4018532022,1,"IOTHUB_CLIENT_CONFIRMATION_OK"
8529,4018532166,4018532203,1,"IOTHUB_CLIENT_CONFIRMATION_OK"
8530,4018532366,4018532410,1,"IOTHUB_CLIENT_CONFIRMATION_OK"
8531,4018532566,4018532765,1,"IOTHUB_CLIENT_CONFIRMATION_OK"
8532,4018532767,4018532807,1,"IOTHUB_CLIENT_CONFIRMATION_OK"
8533,4018532967,4018533024,1,"IOTHUB_CLIENT_CONFIRMATION_OK"
8534,4018533167,4018533213,1,"IOTHUB_CLIENT_CONFIRMATION_OK"
8535,4018533367,4018533417,1,"IOTHUB_CLIENT_CONFIRMATION_OK"
8536,4018533567,4018533630,1,"IOTHUB_CLIENT_CONFIRMATION_OK"
8537,4018533767,4018533833,1,"IOTHUB_CLIENT_CONFIRMATION_OK"
8538,4018533968,4018534013,1,"IOTHUB_CLIENT_CONFIRMATION_OK"
8539,4018534168,4018534209,1,"IOTHUB_CLIENT_CONFIRMATION_OK"
8540,4018534368,4018534442,1,"IOTHUB_CLIENT_CONFIRMATION_OK"
8541,4018534568,4018534626,1,"IOTHUB_CLIENT_CONFIRMATION_OK"
8542,4018534768,4018534821,1,"IOTHUB_CLIENT_CONFIRMATION_OK"
8543,4018534968,4018535004,1,"IOTHUB_CLIENT_CONFIRMATION_OK"
8544,4018535169,4018535227,1,"IOTHUB_CLIENT_CONFIRMATION_OK"
8545,4018535369,4018535426,1,"IOTHUB_CLIENT_CONFIRMATION_OK"
8546,4018535569,4018535625,1,"IOTHUB_CLIENT_CONFIRMATION_OK"
8547,4018535769,4018535815,1,"IOTHUB_CLIENT_CONFIRMATION_OK"
8548,4018535969,4018536137,1,"IOTHUB_CLIENT_CONFIRMATION_OK"
8549,4018536169,4018536214,1,"IOTHUB_CLIENT_CONFIRMATION_OK"
8550,4018536369,4018536491,1,"IOTHUB_CLIENT_CONFIRMATION_OK"
8551,4018536570,4018536621,1,"IOTHUB_CLIENT_CONFIRMATION_OK"
8552,4018536770,4018536819,1,"IOTHUB_CLIENT_CONFIRMATION_OK"
8553,4018536970,4018537008,1,"IOTHUB_CLIENT_CONFIRMATION_OK"
8554,4018537170,4018537207,1,"IOTHUB_CLIENT_CONFIRMATION_OK"
8555,4018537370,4018537500,1,"IOTHUB_CLIENT_CONFIRMATION_OK"
8556,4018537570,4018537634,1,"IOTHUB_CLIENT_CONFIRMATION_OK"
8557,4018537771,4018537808,1,"IOTHUB_CLIENT_CONFIRMATION_OK"
8558,4018537971,4018538145,1,"IOTHUB_CLIENT_CONFIRMATION_OK"
8559,4018538171,4018538217,1,"IOTHUB_CLIENT_CONFIRMATION_OK"
8560,4018538371,4018538411,1,"IOTHUB_CLIENT_CONFIRMATION_OK"
8561,4018538571,4018538623,1,"IOTHUB_CLIENT_CONFIRMATION_OK"
8562,4018538771,4018538808,1,"IOTHUB_CLIENT_CONFIRMATION_OK"
8563,4018538972,4018539009,1,"IOTHUB_CLIENT_CONFIRMATION_OK"
8564,4018539172,4018539213,1,"IOTHUB_CLIENT_CONFIRMATION_OK"
8565,4018539372,4018539409,1,"IOTHUB_CLIENT_CONFIRMATION_OK"
8566,4018539572,4018539789,1,"IOTHUB_CLIENT_CONFIRMATION_OK"
8567,4018539772,4018539849,1,"IOTHUB_CLIENT_CONFIRMATION_OK"
8568,4018539972,4018540009,1,"IOTHUB_CLIENT_CONFIRMATION_OK"
8569,4018540173,4018540222,1,"IOTHUB_CLIENT_CONFIRMATION_OK"
8570,4018540373,4018540416,1,"IOTHUB_CLIENT_CONFIRMATION_OK"
8571,4018540573,4018540610,1,"IOTHUB_CLIENT_CONFIRMATION_OK"
8572,4018540773,4018540825,1,"IOTHUB_CLIENT_CONFIRMATION_OK"
8573,4018540973,4018541040,1,"IOTHUB_CLIENT_CONFIRMATION_OK"
8574,4018541173,4018541214,1,"IOTHUB_CLIENT_CONFIRMATION_OK"
8575,4018541373,4018541413,1,"IOTHUB_CLIENT_CONFIRMATION_OK"
8576,4018541574,4018541641,1,"IOTHUB_CLIENT_CONFIRMATION_OK"
8577,4018541774,4018541817,1,"IOTHUB_CLIENT_CONFIRMATION_OK"
8578,4018541974,4018542016,1,"IOTHUB_CLIENT_CONFIRMATION_OK"
8579,4018542174,4018542217,1,"IOTHUB_CLIENT_CONFIRMATION_OK"
8580,4018542374,4018542432,1,"IOTHUB_CLIENT_CONFIRMATION_OK"
8581,4018542574,4018542611,1,"IOTHUB_CLIENT_CONFIRMATION_OK"
8582,4018542774,4018542812,1,"IOTHUB_CLIENT_CONFIRMATION_OK"
8583,4018542975,4018543016,1,"IOTHUB_CLIENT_CONFIRMATION_OK"
8584,4018543175,4018543211,1,"IOTHUB_CLIENT_CONFIRMATION_OK"
8585,4018543375,4018543419,1,"IOTHUB_CLIENT_CONFIRMATION_OK"
8586,4018543575,4018543612,1,"IOTHUB_CLIENT_CONFIRMATION_OK"
8587,4018543775,4018543878,1,"IOTHUB_CLIENT_CONFIRMATION_OK"
8588,4018543975,4018544024,1,"IOTHUB_CLIENT_CONFIRMATION_OK"
8589,4018544175,4018544233,1,"IOTHUB_CLIENT_CONFIRMATION_OK"
8590,4018544376,4018544418,1,"IOTHUB_CLIENT_CONFIRMATION_OK"
8591,4018544576,4018544653,1,"IOTHUB_CLIENT_CONFIRMATION_OK"
8592,4018544776,4018544837,1,"IOTHUB_CLIENT_CONFIRMATION_OK"
8593,4018544976,4018545172,1,"IOTHUB_CLIENT_CONFIRMATION_OK"
8594,4018545176,4018545222,1,"IOTHUB_CLIENT_CONFIRMATION_OK"
8595,4018545376,4018545414,1,"IOTHUB_CLIENT_CONFIRMATION_OK"
8596,4018545577,4018545622,1,"IOTHUB_CLIENT_CONFIRMATION_OK"
8597,4018545777,4018545817,1,"IOTHUB_CLIENT_CONFIRMATION_OK"
8598,4018545977,4018546017,1,"IOTHUB_CLIENT_CONFIRMATION_OK"
8599,4018546177,4018546225,1,"IOTHUB_CLIENT_CONFIRMATION_OK"
8600,4018546377,4018546426,1,"IOTHUB_CLIENT_CONFIRMATION_OK"
8601,4018546577,4018546620,1,"IOTHUB_CLIENT_CONFIRMATION_OK"
8602,4018546778,4018546832,1,"IOTHUB_CLIENT_CONFIRMATION_OK"
8603,4018546978,4018547042,1,"IOTHUB_CLIENT_CONFIRMATION_OK"
8604,4018547178,4018547223,1,"IOTHUB_CLIENT_CONFIRMATION_OK"
8605,4018547378,4018547417,1,"IOTHUB_CLIENT_CONFIRMATION_OK"
8606,4018547578,4018547649,1,"IOTHUB_CLIENT_CONFIRMATION_OK"
8607,4018547778,4018547827,1,"IOTHUB_CLIENT_CONFIRMATION_OK"
8608,4018547979,4018548035,1,"IOTHUB_CLIENT_CONFIRMATION_OK"
8609,4018548179,4018548218,1,"IOTHUB_CLIENT_CONFIRMATION_OK"
8610,4018548379,4018548425,1,"IOTHUB_CLIENT_CONFIRMATION_OK"
8611,4018548579,4018548619,1,"IOTHUB_CLIENT_CONFIRMATION_OK"
8612,4018548779,4018548831,1,"IOTHUB_CLIENT_CONFIRMATION_OK"
8613,4018548979,4018549016,1,"IOTHUB_CLIENT_CONFIRMATION_OK"
8614,4018549180,4018549221,1,"IOTHUB_CLIENT_CONFIRMATION_OK"
8615,4018549380,4018549422,1,"IOTHUB_CLIENT_CONFIRMATION_OK"
8616,4018549580,4018549622,1,"IOTHUB_CLIENT_CONFIRMATION_OK"
8617,4018549780,4018549820,1,"IOTHUB_CLIENT_CONFIRMATION_OK"
8618,4018549980,4018550037,1,"IOTHUB_CLIENT_CONFIRMATION_OK"
8619,4018550180,4018550245,1,"IOTHUB_CLIENT_CONFIRMATION_OK"
8620,4018550380,4018550468,1,"IOTHUB_CLIENT_CONFIRMATION_OK"
8621,4018550581,4018550629,1,"IOTHUB_CLIENT_CONFIRMATION_OK"
8622,4018550781,4018550825,1,"IOTHUB_CLIENT_CONFIRMATION_OK"
8623,4018550981,4018551137,1,"IOTHUB_CLIENT_CONFIRMATION_OK"
8624,4018551181,4018551238,1,"IOTHUB_CLIENT_CONFIRMATION_OK"
8625,4018551381,4018551433,1,"IOTHUB_CLIENT_CONFIRMATION_OK"
8626,4018551581,4018551622,1,"IOTHUB_CLIENT_CONFIRMATION_OK"
8627,4018551782,4018551871,1,"IOTHUB_CLIENT_CONFIRMATION_OK"
8628,4018551982,4018552025,1,"IOTHUB_CLIENT_CONFIRMATION_OK"
8629,4018552182,4018552230,1,"IOTHUB_CLIENT_CONFIRMATION_OK"
8630,4018552382,4018552420,1,"IOTHUB_CLIENT_CONFIRMATION_OK"
8631,4018552582,4018552624,1,"IOTHUB_CLIENT_CONFIRMATION_OK"
8632,4018552782,4018552821,1,"IOTHUB_CLIENT_CONFIRMATION_OK"
8633,4018552983,4018553035,1,"IOTHUB_CLIENT_CONFIRMATION_OK"
8634,4018553183,4018553223,1,"IOTHUB_CLIENT_CONFIRMATION_OK"
8635,4018553383,4018553426,1,"IOTHUB_CLIENT_CONFIRMATION_OK"
8636,4018553583,4018553635,1,"IOTHUB_CLIENT_CONFIRMATION_OK"
8637,4018553783,4018553850,1,"IOTHUB_CLIENT_CONFIRMATION_OK"
8638,4018553983,4018554022,1,"IOTHUB_CLIENT_CONFIRMATION_OK"
8639,4018554184,4018554245,1,"IOTHUB_CLIENT_CONFIRMATION_OK"
8640,4018554384,4018554423,1,"IOTHUB_CLIENT_CONFIRMATION_OK"
8641,4018554584,4018554628,1,"IOTHUB_CLIENT_CONFIRMATION_OK"
8642,4018554784,4018554871,1,"IOTHUB_CLIENT_CONFIRMATION_OK"
8643,4018554984,4018555027,1,"IOTHUB_CLIENT_CONFIRMATION_OK"
8644,4018555184,4018555227,1,"IOTHUB_CLIENT_CONFIRMATION_OK"
8645,4018555385,4018555424,1,"IOTHUB_CLIENT_CONFIRMATION_OK"
8646,4018555585,4018555621,1,"IOTHUB_CLIENT_CONFIRMATION_OK"
8647,4018555785,4018555828,1,"IOTHUB_CLIENT_CONFIRMATION_OK"
8648,4018555985,4018556032,1,"IOTHUB_CLIENT_CONFIRMATION_OK"
8649,4018556185,4018556231,1,"IOTHUB_CLIENT_CONFIRMATION_OK"
8650,4018556385,4018556527,1,"IOTHUB_CLIENT_CONFIRMATION_OK"
8651,4018556586,4018556639,1,"IOTHUB_CLIENT_CONFIRMATION_OK"
8652,4018556786,4018556841,1,"IOTHUB_CLIENT_CONFIRMATION_OK"
8653,4018556986,4018557040,1,"IOTHUB_CLIENT_CONFIRMATION_OK"
8654,4018557186,4018557233,1,"IOTHUB_CLIENT_CONFIRMATION_OK"
8655,4018557386,4018557424,1,"IOTHUB_CLIENT_CONFIRMATION_OK"
8656,4018557586,4018557625,1,"IOTHUB_CLIENT_CONFIRMATION_OK"
8657,4018557787,4018557833,1,"IOTHUB_CLIENT_CONFIRMATION_OK"
8658,4018557987,4018558026,1,"IOTHUB_CLIENT_CONFIRMATION_OK"
8659,4018558187,4018558229,1,"IOTHUB_CLIENT_CONFIRMATION_OK"
8660,4018558387,4018558428,1,"IOTHUB_CLIENT_CONFIRMATION_OK"
8661,4018558587,4018558633,1,"IOTHUB_CLIENT_CONFIRMATION_OK"
8662,4018558787,4018558833,1,"IOTHUB_CLIENT_CONFIRMATION_OK"
8663,4018558988,4018559037,1,"IOTHUB_CLIENT_CONFIRMATION_OK"
8664,4018559188,4018559240,1,"IOTHUB_CLIENT_CONFIRMATION_OK"
8665,4018559388,4018559431,1,"IOTHUB_CLIENT_CONFIRMATION_OK"
8666,4018559588,4018559625,1,"IOTHUB_CLIENT_CONFIRMATION_OK"
8667,4018559788,4018559858,1,"IOTHUB_CLIENT_CONFIRMATION_OK"
8668,4018559988,4018560024,1,"IOTHUB_CLIENT_CONFIRMATION_OK"
8669,4018560189,4018560240,1,"IOTHUB_CLIENT_CONFIRMATION_OK"
8670,4018560389,4018560427,1,"IOTHUB_CLIENT_CONFIRMATION_OK"
8671,4018560589,4018560644,1,"IOTHUB_CLIENT_CONFIRMATION_OK"
8672,4018560789,4018560833,1,"IOTHUB_CLIENT_CONFIRMATION_OK"
8673,4018560989,4018561048,1,"IOTHUB_CLIENT_CONFIRMATION_OK"
8674,4018561189,4018561231,1,"IOTHUB_CLIENT_CONFIRMATION_OK"
8675,4018561390,4018561430,1,"IOTHUB_CLIENT_CONFIRMATION_OK"
8676,4018561590,4018561639,1,"IOTHUB_CLIENT_CONFIRMATION_OK"
8677,4018561790,4018561868,1,"IOTHUB_CLIENT_CONFIRMATION_OK"
8678,4018561990,4018562028,1,"IOTHUB_CLIENT_CONFIRMATION_OK"
8679,4018562190,4018562231,1,"IOTHUB_CLIENT_CONFIRMATION_OK"
8680,4018562390,4018562470,1,"IOTHUB_CLIENT_CONFIRMATION_OK"
8681,4018562591,4018562627,1,"IOTHUB_CLIENT_CONFIRMATION_OK"
8682,4018562791,4018562829,1,"IOTHUB_CLIENT_CONFIRMATION_OK"
8683,4018562991,4018563033,1,"IOTHUB_CLIENT_CONFIRMATION_OK"
8684,4018563191,4018563287,1,"IOTHUB_CLIENT_CONFIRMATION_OK"
8685,4018563391,4018563502,1,"IOTHUB_CLIENT_CONFIRMATION_OK"
8686,4018563591,4018563651,1,"IOTHUB_CLIENT_CONFIRMATION_OK"
8687,4018563791,4018563837,1,"IOTHUB_CLIENT_CONFIRMATION_OK"
8688,4018563992,4018564026,1,"IOTHUB_CLIENT_CONFIRMATION_OK"
8689,4018564192,4018564237,1,"IOTHUB_CLIENT_CONFIRMATION_OK"
8690,4018564392,4018564463,1,"IOTHUB_CLIENT_CONFIRMATION_OK"
8691,4018564592,4018564633,1,"IOTHUB_CLIENT_CONFIRMATION_OK"
8692,4018564792,4018564830,1,"IOTHUB_CLIENT_CONFIRMATION_OK"
8693,4018564992,4018565128,1,"IOTHUB_CLIENT_CONFIRMATION_OK"
8694,4018565193,4018565236,1,"IOTHUB_CLIENT_CONFIRMATION_OK"
8695,4018565393,4018565434,1,"IOTHUB_CLIENT_CONFIRMATION_OK"
8696,4018565593,4018565633,1,"IOTHUB_CLIENT_CONFIRMATION_OK"
8697,4018565793,4018565847,1,"IOTHUB_CLIENT_CONFIRMATION_OK"
8698,4018565993,4018566041,1,"IOTHUB_CLIENT_CONFIRMATION_OK"
8699,4018566193,4018566245,1,"IOTHUB_CLIENT_CONFIRMATION_OK"
8700,4018566394,4018566438,1,"IOTHUB_CLIENT_CONFIRMATION_OK"
8701,4018566594,4018566763,1,"IOTHUB_CLIENT_CONFIRMATION_OK"
8702,4018566794,4018566895,1,"IOTHUB_CLIENT_CONFIRMATION_OK"
8703,4018566994,4018567049,1,"IOTHUB_CLIENT_CONFIRMATION_OK"
8704,4018567194,4018567340,1,"IOTHUB_CLIENT_CONFIRMATION_OK"
8705,4018567394,4018567436,1,"IOTHUB_CLIENT_CONFIRMATION_OK"
8706,4018567594,4018567642,1,"IOTHUB_CLIENT_CONFIRMATION_OK"
8707,4018567795,4018567851,1,"IOTHUB_CLIENT_CONFIRMATION_OK"
8708,4018567995,4018568036,1,"IOTHUB_CLIENT_CONFIRMATION_OK"
8709,4018568195,4018568231,1,"IOTHUB_CLIENT_CONFIRMATION_OK"
8710,4018568395,4018568453,1,"IOTHUB_CLIENT_CONFIRMATION_OK"
8711,4018568595,4018568632,1,"IOTHUB_CLIENT_CONFIRMATION_OK"
8712,4018568795,4018568858,1,"IOTHUB_CLIENT_CONFIRMATION_OK"
8713,4018568996,4018569034,1,"IOTHUB_CLIENT_CONFIRMATION_OK"
8714,4018569196,4018569267,1,"IOTHUB_CLIENT_CONFIRMATION_OK"
8715,4018569396,4018569502,1,"IOTHUB_CLIENT_CONFIRMATION_OK"
8716,4018569596,4018569639,1,"IOTHUB_CLIENT_CONFIRMATION_OK"
8717,4018569796,4018569833,1,"IOTHUB_CLIENT_CONFIRMATION_OK"
8718,4018569996,4018570036,1,"IOTHUB_CLIENT_CONFIRMATION_OK"
8719,4018570197,4018570239,1,"IOTHUB_CLIENT_CONFIRMATION_OK"
8720,4018570397,4018570521,1,"IOTHUB_CLIENT_CONFIRMATION_OK"
8721,4018570597,4018570662,1,"IOTHUB_CLIENT_CONFIRMATION_OK"
8722,4018570797,4018570838,1,"IOTHUB_CLIENT_CONFIRMATION_OK"
8723,4018570997,4018571139,1,"IOTHUB_CLIENT_CONFIRMATION_OK"
8724,4018571197,4018571274,1,"IOTHUB_CLIENT_CONFIRMATION_OK"
8725,4018571398,4018571438,1,"IOTHUB_CLIENT_CONFIRMATION_OK"
8726,4018571598,4018571631,1,"IOTHUB_CLIENT_CONFIRMATION_OK"
8727,4018571798,4018571848,1,"IOTHUB_CLIENT_CONFIRMATION_OK"
8728,4018571998,4018572155,1,"IOTHUB_CLIENT_CONFIRMATION_OK"
8729,4018572198,4018572245,1,"IOTHUB_CLIENT_CONFIRMATION_OK"
8730,4018572398,4018572451,1,"IOTHUB_CLIENT_CONFIRMATION_OK"
8731,4018572598,4018572636,1,"IOTHUB_CLIENT_CONFIRMATION_OK"
8732,4018572799,4018572836,1,"IOTHUB_CLIENT_CONFIRMATION_OK"
8733,4018572999,4018573046,1,"IOTHUB_CLIENT_CONFIRMATION_OK"
8734,4018573199,4018573282,1,"IOTHUB_CLIENT_CONFIRMATION_OK"
8735,4018573399,4018573436,1,"IOTHUB_CLIENT_CONFIRMATION_OK"
8736,4018573599,4018573769,1,"IOTHUB_CLIENT_CONFIRMATION_OK"
8737,4018573799,4018573838,1,"IOTHUB_CLIENT_CONFIRMATION_OK"
8738,4018573999,4018574047,1,"IOTHUB_CLIENT_CONFIRMATION_OK"
8739,4018574200,4018574251,1,"IOTHUB_CLIENT_CONFIRMATION_OK"
8740,4018574400,4018574471,1,"IOTHUB_CLIENT_CONFIRMATION_OK"
8741,4018574600,4018574640,1,"IOTHUB_CLIENT_CONFIRMATION_OK"
8742,4018574800,4018574859,1,"IOTHUB_CLIENT_CONFIRMATION_OK"
8743,4018575000,4018575063,1,"IOTHUB_CLIENT_CONFIRMATION_OK"
8744,4018575200,4018575239,1,"IOTHUB_CLIENT_CONFIRMATION_OK"
8745,4018575401,4018575447,1,"IOTHUB_CLIENT_CONFIRMATION_OK"
8746,4018575601,4018575641,1,"IOTHUB_CLIENT_CONFIRMATION_OK"
8747,4018575801,4018575847,1,"IOTHUB_CLIENT_CONFIRMATION_OK"
8748,4018576001,4018576076,1,"IOTHUB_CLIENT_CONFIRMATION_OK"
8749,4018576201,4018576241,1,"IOTHUB_CLIENT_CONFIRMATION_OK"
8750,4018576401,4018576437,1,"IOTHUB_CLIENT_CONFIRMATION_OK"
8751,4018576602,4018576641,1,"IOTHUB_CLIENT_CONFIRMATION_OK"
8752,4018576802,4018576849,1,"IOTHUB_CLIENT_CONFIRMATION_OK"
8753,4018577002,4018577061,1,"IOTHUB_CLIENT_CONFIRMATION_OK"
8754,4018577202,4018577382,1,"IOTHUB_CLIENT_CONFIRMATION_OK"
8755,4018577402,4018577456,1,"IOTHUB_CLIENT_CONFIRMATION_OK"
8756,4018577602,4018577820,1,"IOTHUB_CLIENT_CONFIRMATION_OK"
8757,4018577802,4018577844,1,"IOTHUB_CLIENT_CONFIRMATION_OK"
8758,4018578003,4018578044,1,"IOTHUB_CLIENT_CONFIRMATION_OK"
8759,4018578203,4018578252,1,"IOTHUB_CLIENT_CONFIRMATION_OK"
8760,4018578403,4018578467,1,"IOTHUB_CLIENT_CONFIRMATION_OK"
8761,4018578603,4018578671,1,"IOTHUB_CLIENT_CONFIRMATION_OK"
8762,4018578803,4018578850,1,"IOTHUB_CLIENT_CONFIRMATION_OK"
8763,4018579003,4018579045,1,"IOTHUB_CLIENT_CONFIRMATION_OK"
8764,4018579204,4018579235,1,"IOTHUB_CLIENT_CONFIRMATION_OK"
8765,4018579404,4018579448,1,"IOTHUB_CLIENT_CONFIRMATION_OK"
8766,4018579604,4018579642,1,"IOTHUB_CLIENT_CONFIRMATION_OK"
8767,4018579804,4018579841,1,"IOTHUB_CLIENT_CONFIRMATION_OK"
8768,4018580004,4018580061,1,"IOTHUB_CLIENT_CONFIRMATION_OK"
8769,4018580204,4018580255,1,"IOTHUB_CLIENT_CONFIRMATION_OK"
8770,4018580405,4018580520,1,"IOTHUB_CLIENT_CONFIRMATION_OK"
8771,4018580605,4018580650,1,"IOTHUB_CLIENT_CONFIRMATION_OK"
8772,4018580805,4018580874,1,"IOTHUB_CLIENT_CONFIRMATION_OK"
8773,4018581005,4018581052,1,"IOTHUB_CLIENT_CONFIRMATION_OK"
8774,4018581205,4018581254,1,"IOTHUB_CLIENT_CONFIRMATION_OK"
8775,4018581405,4018581474,1,"IOTHUB_CLIENT_CONFIRMATION_OK"
8776,4018581606,4018581670,1,"IOTHUB_CLIENT_CONFIRMATION_OK"
8777,4018581806,4018581885,1,"IOTHUB_CLIENT_CONFIRMATION_OK"
8778,4018582006,4018582053,1,"IOTHUB_CLIENT_CONFIRMATION_OK"
8779,4018582206,4018582254,1,"IOTHUB_CLIENT_CONFIRMATION_OK"
8780,4018582406,4018582449,1,"IOTHUB_CLIENT_CONFIRMATION_OK"
8781,4018582606,4018582649,1,"IOTHUB_CLIENT_CONFIRMATION_OK"
8782,4018582807,4018582913,1,"IOTHUB_CLIENT_CONFIRMATION_OK"
8783,4018583007,4018583050,1,"IOTHUB_CLIENT_CONFIRMATION_OK"
8784,4018583207,4018583248,1,"IOTHUB_CLIENT_CONFIRMATION_OK"
8785,4018583407,4018583459,1,"IOTHUB_CLIENT_CONFIRMATION_OK"
8786,4018583607,4018583647,1,"IOTHUB_CLIENT_CONFIRMATION_OK"
8787,4018583807,4018583855,1,"IOTHUB_CLIENT_CONFIRMATION_OK"
8788,4018584008,4018584045,1,"IOTHUB_CLIENT_CONFIRMATION_OK"
8789,4018584208,4018584257,1,"IOTHUB_CLIENT_CONFIRMATION_OK"
8790,4018584408,4018584548,1,"IOTHUB_CLIENT_CONFIRMATION_OK"
8791,4018584608,4018584648,1,"IOTHUB_CLIENT_CONFIRMATION_OK"
8792,4018584808,4018584852,1,"IOTHUB_CLIENT_CONFIRMATION_OK"
8793,4018585008,4018585049,1,"IOTHUB_CLIENT_CONFIRMATION_OK"
8794,4018585209,4018585245,1,"IOTHUB_CLIENT_CONFIRMATION_OK"
8795,4018585409,4018585451,1,"IOTHUB_CLIENT_CONFIRMATION_OK"
8796,4018585609,4018585652,1,"IOTHUB_CLIENT_CONFIRMATION_OK"
8797,4018585809,4018585851,1,"IOTHUB_CLIENT_CONFIRMATION_OK"
8798,4018586009,4018586182,1,"IOTHUB_CLIENT_CONFIRMATION_OK"
8799,4018586209,4018586250,1,"IOTHUB_CLIENT_CONFIRMATION_OK"
8800,4018586410,4018586453,1,"IOTHUB_CLIENT_CONFIRMATION_OK"
8801,4018586610,4018586663,1,"IOTHUB_CLIENT_CONFIRMATION_OK"
8802,4018586810,4018586850,1,"IOTHUB_CLIENT_CONFIRMATION_OK"
8803,4018587010,4018587045,1,"IOTHUB_CLIENT_CONFIRMATION_OK"
8804,4018587210,4018587282,1,"IOTHUB_CLIENT_CONFIRMATION_OK"
8805,4018587410,4018587462,1,"IOTHUB_CLIENT_CONFIRMATION_OK"
8806,4018587611,4018587648,1,"IOTHUB_CLIENT_CONFIRMATION_OK"
8807,4018587811,4018587903,1,"IOTHUB_CLIENT_CONFIRMATION_OK"
8808,4018588011,4018588055,1,"IOTHUB_CLIENT_CONFIRMATION_OK"
8809,4018588211,4018588245,1,"IOTHUB_CLIENT_CONFIRMATION_OK"
8810,4018588411,4018588454,1,"IOTHUB_CLIENT_CONFIRMATION_OK"
8811,4018588611,4018588653,1,"IOTHUB_CLIENT_CONFIRMATION_OK"
8812,4018588812,4018588856,1,"IOTHUB_CLIENT_CONFIRMATION_OK"
8813,4018589012,4018589052,1,"IOTHUB_CLIENT_CONFIRMATION_OK"
8814,4018589212,4018589258,1,"IOTHUB_CLIENT_CONFIRMATION_OK"
8815,4018589412,4018589467,1,"IOTHUB_CLIENT_CONFIRMATION_OK"
8816,4018589612,4018589652,1,"IOTHUB_CLIENT_CONFIRMATION_OK"
8817,4018589812,4018589857,1,"IOTHUB_CLIENT_CONFIRMATION_OK"
8818,4018590013,4018590065,1,"IOTHUB_CLIENT_CONFIRMATION_OK"
8819,4018590213,4018590274,1,"IOTHUB_CLIENT_CONFIRMATION_OK"
8820,4018590413,4018590465,1,"IOTHUB_CLIENT_CONFIRMATION_OK"
8821,4018590613,4018590655,1,"IOTHUB_CLIENT_CONFIRMATION_OK"
8822,4018590813,4018590889,1,"IOTHUB_CLIENT_CONFIRMATION_OK"
8823,4018591013,4018591129,1,"IOTHUB_CLIENT_CONFIRMATION_OK"
8824,4018591214,4018591254,1,"IOTHUB_CLIENT_CONFIRMATION_OK"
8825,4018591414,4018591527,1,"IOTHUB_CLIENT_CONFIRMATION_OK"
8826,4018591614,4018591656,1,"IOTHUB_CLIENT_CONFIRMATION_OK"
8827,4018591814,4018591855,1,"IOTHUB_CLIENT_CONFIRMATION_OK"
8828,4018592014,4018592140,1,"IOTHUB_CLIENT_CONFIRMATION_OK"
8829,4018592214,4018592255,1,"IOTHUB_CLIENT_CONFIRMATION_OK"
8830,4018592414,4018592449,1,"IOTHUB_CLIENT_CONFIRMATION_OK"
8831,4018592615,4018592677,1,"IOTHUB_CLIENT_CONFIRMATION_OK"
8832,4018592815,4018592865,1,"IOTHUB_CLIENT_CONFIRMATION_OK"
8833,4018593015,4018593058,1,"IOTHUB_CLIENT_CONFIRMATION_OK"
8834,4018593215,4018593257,1,"IOTHUB_CLIENT_CONFIRMATION_OK"
8835,4018593415,4018593457,1,"IOTHUB_CLIENT_CONFIRMATION_OK"
8836,4018593615,4018593770,1,"IOTHUB_CLIENT_CONFIRMATION_OK"
8837,4018593816,4018593858,1,"IOTHUB_CLIENT_CONFIRMATION_OK"
8838,4018594016,4018594063,1,"IOTHUB_CLIENT_CONFIRMATION_OK"
8839,4018594216,4018594268,1,"IOTHUB_CLIENT_CONFIRMATION_OK"
8840,4018594416,4018594457,1,"IOTHUB_CLIENT_CONFIRMATION_OK"
8841,4018594616,4018594664,1,"IOTHUB_CLIENT_CONFIRMATION_OK"
8842,4018594816,4018594864,1,"IOTHUB_CLIENT_CONFIRMATION_OK"
8843,4018595017,4018595065,1,"IOTHUB_CLIENT_CONFIRMATION_OK"
8844,4018595217,4018595501,1,"IOTHUB_CLIENT_CONFIRMATION_OK"
8845,4018595417,4018595544,1,"IOTHUB_CLIENT_CONFIRMATION_OK"
8846,4018595617,4018595659,1,"IOTHUB_CLIENT_CONFIRMATION_OK"
8847,4018595817,4018595859,1,"IOTHUB_CLIENT_CONFIRMATION_OK"
8848,4018596017,4018596058,1,"IOTHUB_CLIENT_CONFIRMATION_OK"
8849,4018596218,4018596254,1,"IOTHUB_CLIENT_CONFIRMATION_OK"
8850,4018596418,4018596476,1,"IOTHUB_CLIENT_CONFIRMATION_OK"
8851,4018596618,4018596705,1,"IOTHUB_CLIENT_CONFIRMATION_OK"
8852,4018596818,4018596849,1,"IOTHUB_CLIENT_CONFIRMATION_OK"
8853,4018597018,4018597072,1,"IOTHUB_CLIENT_CONFIRMATION_OK"
8854,4018597218,4018597296,1,"IOTHUB_CLIENT_CONFIRMATION_OK"
8855,4018597419,4018597461,1,"IOTHUB_CLIENT_CONFIRMATION_OK"
8856,4018597619,4018597682,1,"IOTHUB_CLIENT_CONFIRMATION_OK"
8857,4018597819,4018597890,1,"IOTHUB_CLIENT_CONFIRMATION_OK"
8858,4018598019,4018598071,1,"IOTHUB_CLIENT_CONFIRMATION_OK"
8859,4018598219,4018598255,1,"IOTHUB_CLIENT_CONFIRMATION_OK"
8860,4018598419,4018598461,1,"IOTHUB_CLIENT_CONFIRMATION_OK"
8861,4018598619,4018598755,1,"IOTHUB_CLIENT_CONFIRMATION_OK"
8862,4018598820,4018598861,1,"IOTHUB_CLIENT_CONFIRMATION_OK"
8863,4018599020,4018599138,1,"IOTHUB_CLIENT_CONFIRMATION_OK"
8864,4018599220,4018599287,1,"IOTHUB_CLIENT_CONFIRMATION_OK"
8865,4018599420,4018599470,1,"IOTHUB_CLIENT_CONFIRMATION_OK"
8866,4018599620,4018599727,1,"IOTHUB_CLIENT_CONFIRMATION_OK"
8867,4018599820,4018599867,1,"IOTHUB_CLIENT_CONFIRMATION_OK"
8868,4018600021,4018600090,1,"IOTHUB_CLIENT_CONFIRMATION_OK"
8869,4018600221,4018600268,1,"IOTHUB_CLIENT_CONFIRMATION_OK"
8870,4018600421,4018600463,1,"IOTHUB_CLIENT_CONFIRMATION_OK"
8871,4018600621,4018600726,1,"IOTHUB_CLIENT_CONFIRMATION_OK"
8872,4018600821,4018600876,1,"IOTHUB_CLIENT_CONFIRMATION_OK"
8873,4018601021,4018601060,1,"IOTHUB_CLIENT_CONFIRMATION_OK"
8874,4018601222,4018601355,1,"IOTHUB_CLIENT_CONFIRMATION_OK"
8875,4018601422,4018601460,1,"IOTHUB_CLIENT_CONFIRMATION_OK"
8876,4018601622,4018601662,1,"IOTHUB_CLIENT_CONFIRMATION_OK"
8877,4018601822,4018601864,1,"IOTHUB_CLIENT_CONFIRMATION_OK"
8878,4018602022,4018602069,1,"IOTHUB_CLIENT_CONFIRMATION_OK"
8879,4018602222,4018602353,1,"IOTHUB_CLIENT_CONFIRMATION_OK"
8880,4018602423,4018602462,1,"IOTHUB_CLIENT_CONFIRMATION_OK"
8881,4018602623,4018602663,1,"IOTHUB_CLIENT_CONFIRMATION_OK"
8882,4018602823,4018603019,1,"IOTHUB_CLIENT_CONFIRMATION_OK"
8883,4018603023,4018603075,1,"IOTHUB_CLIENT_CONFIRMATION_OK"
8884,4018603223,4018603276,1,"IOTHUB_CLIENT_CONFIRMATION_OK"
8885,4018603423,4018603464,1,"IOTHUB_CLIENT_CONFIRMATION_OK"
8886,4018603624,4018603713,1,"IOTHUB_CLIENT_CONFIRMATION_OK"
8887,4018603824,4018603867,1,"IOTHUB_CLIENT_CONFIRMATION_OK"
8888,4018604024,4018604077,1,"IOTHUB_CLIENT_CONFIRMATION_OK"
8889,4018604224,4018604267,1,"IOTHUB_CLIENT_CONFIRMATION_OK"
8890,4018604424,4018604487,1,"IOTHUB_CLIENT_CONFIRMATION_OK"
8891,4018604624,4018604675,1,"IOTHUB_CLIENT_CONFIRMATION_OK"
8892,4018604824,4018604918,1,"IOTHUB_CLIENT_CONFIRMATION_OK"
8893,4018605025,4018605099,1,"IOTHUB_CLIENT_CONFIRMATION_OK"
8894,4018605225,4018605275,1,"IOTHUB_CLIENT_CONFIRMATION_OK"
8895,4018605425,4018605486,1,"IOTHUB_CLIENT_CONFIRMATION_OK"
8896,4018605625,4018605671,1,"IOTHUB_CLIENT_CONFIRMATION_OK"
8897,4018605825,4018605870,1,"IOTHUB_CLIENT_CONFIRMATION_OK"
8898,4018606026,4018606232,1,"IOTHUB_CLIENT_CONFIRMATION_OK"
8899,4018606226,4018606287,1,"IOTHUB_CLIENT_CONFIRMATION_OK"
8900,4018606426,4018606468,1,"IOTHUB_CLIENT_CONFIRMATION_OK"
8901,4018606626,4018606662,1,"IOTHUB_CLIENT_CONFIRMATION_OK"
8902,4018606826,4018606868,1,"IOTHUB_CLIENT_CONFIRMATION_OK"
8903,4018607026,4018607071,1,"IOTHUB_CLIENT_CONFIRMATION_OK"
8904,4018607227,4018607269,1,"IOTHUB_CLIENT_CONFIRMATION_OK"
8905,4018607427,4018607472,1,"IOTHUB_CLIENT_CONFIRMATION_OK"
8906,4018607627,4018607690,1,"IOTHUB_CLIENT_CONFIRMATION_OK"
8907,4018607827,4018607964,1,"IOTHUB_CLIENT_CONFIRMATION_OK"
8908,4018608027,4018608073,1,"IOTHUB_CLIENT_CONFIRMATION_OK"
8909,4018608227,4018608308,1,"IOTHUB_CLIENT_CONFIRMATION_OK"
8910,4018608427,4018608505,1,"IOTHUB_CLIENT_CONFIRMATION_OK"
8911,4018608628,4018608670,1,"IOTHUB_CLIENT_CONFIRMATION_OK"
8912,4018608828,4018608877,1,"IOTHUB_CLIENT_CONFIRMATION_OK"
8913,4018609028,4018609081,1,"IOTHUB_CLIENT_CONFIRMATION_OK"
8914,4018609228,4018609321,1,"IOTHUB_CLIENT_CONFIRMATION_OK"
8915,4018609428,4018609472,1,"IOTHUB_CLIENT_CONFIRMATION_OK"
8916,4018609628,4018609670,1,"IOTHUB_CLIENT_CONFIRMATION_OK"
8917,4018609829,4018609945,1,"IOTHUB_CLIENT_CONFIRMATION_OK"
8918,4018610029,4018610070,1,"IOTHUB_CLIENT_CONFIRMATION_OK"
8919,4018610229,4018610301,1,"IOTHUB_CLIENT_CONFIRMATION_OK"
8920,4018610429,4018610486,1,"IOTHUB_CLIENT_CONFIRMATION_OK"
8921,4018610629,4018610664,1,"IOTHUB_CLIENT_CONFIRMATION_OK"
8922,4018610829,4018610890,1,"IOTHUB_CLIENT_CONFIRMATION_OK"
8923,4018611030,4018611089,1,"IOTHUB_CLIENT_CONFIRMATION_OK"
8924,4018611230,4018611331,1,"IOTHUB_CLIENT_CONFIRMATION_OK"
8925,4018611430,4018611585,1,"IOTHUB_CLIENT_CONFIRMATION_OK"
8926,4018611630,4018611668,1,"IOTHUB_CLIENT_CONFIRMATION_OK"
8927,4018611830,4018611871,1,"IOTHUB_CLIENT_CONFIRMATION_OK"
8928,4018612030,4018612070,1,"IOTHUB_CLIENT_CONFIRMATION_OK"
8929,4018612231,4018612278,1,"IOTHUB_CLIENT_CONFIRMATION_OK"
8930,4018612431,4018612493,1,"IOTHUB_CLIENT_CONFIRMATION_OK"
8931,4018612631,4018612672,1,"IOTHUB_CLIENT_CONFIRMATION_OK"
8932,4018612831,4018612868,1,"IOTHUB_CLIENT_CONFIRMATION_OK"
8933,4018613031,4018613217,1,"IOTHUB_CLIENT_CONFIRMATION_OK"
8934,4018613231,4018613270,1,"IOTHUB_CLIENT_CONFIRMATION_OK"
8935,4018613432,4018613480,1,"IOTHUB_CLIENT_CONFIRMATION_OK"
8936,4018613632,4018613673,1,"IOTHUB_CLIENT_CONFIRMATION_OK"
8937,4018613832,4018613870,1,"IOTHUB_CLIENT_CONFIRMATION_OK"
8938,4018614032,4018614073,1,"IOTHUB_CLIENT_CONFIRMATION_OK"
8939,4018614232,4018614279,1,"IOTHUB_CLIENT_CONFIRMATION_OK"
8940,4018614432,4018614472,1,"IOTHUB_CLIENT_CONFIRMATION_OK"
8941,4018614633,4018614714,1,"IOTHUB_CLIENT_CONFIRMATION_OK"
8942,4018614833,4018614879,1,"IOTHUB_CLIENT_CONFIRMATION_OK"
8943,4018615033,4018615248,1,"IOTHUB_CLIENT_CONFIRMATION_OK"
8944,4018615233,4018615290,1,"IOTHUB_CLIENT_CONFIRMATION_OK"
8945,4018615433,4018615475,1,"IOTHUB_CLIENT_CONFIRMATION_OK"
8946,4018615633,4018615674,1,"IOTHUB_CLIENT_CONFIRMATION_OK"
8947,4018615834,4018615884,1,"IOTHUB_CLIENT_CONFIRMATION_OK"
8948,4018616034,4018616088,1,"IOTHUB_CLIENT_CONFIRMATION_OK"
8949,4018616234,4018616277,1,"IOTHUB_CLIENT_CONFIRMATION_OK"
8950,4018616434,4018616493,1,"IOTHUB_CLIENT_CONFIRMATION_OK"
8951,4018616634,4018616690,1,"IOTHUB_CLIENT_CONFIRMATION_OK"
8952,4018616834,4018616911,1,"IOTHUB_CLIENT_CONFIRMATION_OK"
8953,4018617035,4018617082,1,"IOTHUB_CLIENT_CONFIRMATION_OK"
8954,4018617235,4018617274,1,"IOTHUB_CLIENT_CONFIRMATION_OK"
8955,4018617435,4018617512,1,"IOTHUB_CLIENT_CONFIRMATION_OK"
8956,4018617635,4018617679,1,"IOTHUB_CLIENT_CONFIRMATION_OK"
8957,4018617835,4018617877,1,"IOTHUB_CLIENT_CONFIRMATION_OK"
8958,4018618035,4018618072,1,"IOTHUB_CLIENT_CONFIRMATION_OK"
8959,4018618236,4018618278,1,"IOTHUB_CLIENT_CONFIRMATION_OK"
8960,4018618436,4018618547,1,"IOTHUB_CLIENT_CONFIRMATION_OK"
8961,4018618636,4018618684,1,"IOTHUB_CLIENT_CONFIRMATION_OK"
8962,4018618836,4018618872,1,"IOTHUB_CLIENT_CONFIRMATION_OK"
8963,4018619036,4018619142,1,"IOTHUB_CLIENT_CONFIRMATION_OK"
8964,4018619236,4018619278,1,"IOTHUB_CLIENT_CONFIRMATION_OK"
8965,4018619437,4018619480,1,"IOTHUB_CLIENT_CONFIRMATION_OK"
8966,4018619637,4018619681,1,"IOTHUB_CLIENT_CONFIRMATION_OK"
8967,4018619837,4018619876,1,"IOTHUB_CLIENT_CONFIRMATION_OK"
8968,4018620037,4018620080,1,"IOTHUB_CLIENT_CONFIRMATION_OK"
8969,4018620237,4018620275,1,"IOTHUB_CLIENT_CONFIRMATION_OK"
8970,4018620437,4018620480,1,"IOTHUB_CLIENT_CONFIRMATION_OK"
8971,4018620638,4018620768,1,"IOTHUB_CLIENT_CONFIRMATION_OK"
8972,4018620838,4018620970,1,"IOTHUB_CLIENT_CONFIRMATION_OK"
8973,4018621038,4018621082,1,"IOTHUB_CLIENT_CONFIRMATION_OK"
8974,4018621238,4018621270,1,"IOTHUB_CLIENT_CONFIRMATION_OK"
8975,4018621438,4018621481,1,"IOTHUB_CLIENT_CONFIRMATION_OK"
8976,4018621638,4018621678,1,"IOTHUB_CLIENT_CONFIRMATION_OK"
8977,4018621839,4018621883,1,"IOTHUB_CLIENT_CONFIRMATION_OK"
8978,4018622039,4018622088,1,"IOTHUB_CLIENT_CONFIRMATION_OK"
8979,4018622239,4018622431,1,"IOTHUB_CLIENT_CONFIRMATION_OK"
8980,4018622439,4018622479,1,"IOTHUB_CLIENT_CONFIRMATION_OK"
8981,4018622639,4018622685,1,"IOTHUB_CLIENT_CONFIRMATION_OK"
8982,4018622839,4018622888,1,"IOTHUB_CLIENT_CONFIRMATION_OK"
8983,4018623040,4018623086,1,"IOTHUB_CLIENT_CONFIRMATION_OK"
8984,4018623240,4018623283,1,"IOTHUB_CLIENT_CONFIRMATION_OK"
8985,4018623440,4018623483,1,"IOTHUB_CLIENT_CONFIRMATION_OK"
8986,4018623640,4018623680,1,"IOTHUB_CLIENT_CONFIRMATION_OK"
8987,4018623840,4018624032,1,"IOTHUB_CLIENT_CONFIRMATION_OK"
8988,4018624040,4018624083,1,"IOTHUB_CLIENT_CONFIRMATION_OK"
8989,4018624241,4018624277,1,"IOTHUB_CLIENT_CONFIRMATION_OK"
8990,4018624441,4018624487,1,"IOTHUB_CLIENT_CONFIRMATION_OK"
8991,4018624641,4018624681,1,"IOTHUB_CLIENT_CONFIRMATION_OK"
8992,4018624841,4018624884,1,"IOTHUB_CLIENT_CONFIRMATION_OK"
8993,4018625041,4018625080,1,"IOTHUB_CLIENT_CONFIRMATION_OK"
8994,4018625241,4018625288,1,"IOTHUB_CLIENT_CONFIRMATION_OK"
8995,4018625441,4018625497,1,"IOTHUB_CLIENT_CONFIRMATION_OK"
8996,4018625642,4018625680,1,"IOTHUB_CLIENT_CONFIRMATION_OK"
8997,4018625842,4018625886,1,"IOTHUB_CLIENT_CONFIRMATION_OK"
8998,4018626042,4018626118,1,"IOTHUB_CLIENT_CONFIRMATION_OK"
8999,4018626242,4018626283,1,"IOTHUB_CLIENT_CONFIRMATION_OK"
9000,4018626442,4018626520,1,"IOTHUB_CLIENT_CONFIRMATION_OK"
9001,4018626642,4018626694,1,"IOTHUB_CLIENT_CONFIRMATION_OK"
9002,4018626843,4018626956,1,"IOTHUB_CLIENT_CONFIRMATION_OK"
9003,4018627043,4018627091,1,"IOTHUB_CLIENT_CONFIRMATION_OK"
9004,4018627243,4018627339,1,"IOTHUB_CLIENT_CONFIRMATION_OK"
9005,4018627443,4018627498,1,"IOTHUB_CLIENT_CONFIRMATION_OK"
9006,4018627643,4018627681,1,"IOTHUB_CLIENT_CONFIRMATION_OK"
9007,4018627843,4018627916,1,"IOTHUB_CLIENT_CONFIRMATION_OK"
9008,4018628044,4018628089,1,"IOTHUB_CLIENT_CONFIRMATION_OK"
9009,4018628244,4018628295,1,"IOTHUB_CLIENT_CONFIRMATION_OK"
9010,4018628444,4018628506,1,"IOTHUB_CLIENT_CONFIRMATION_OK"
9011,4018628644,4018628685,1,"IOTHUB_CLIENT_CONFIRMATION_OK"
9012,4018628844,4018628923,1,"IOTHUB_CLIENT_CONFIRMATION_OK"
9013,4018629044,4018629123,1,"IOTHUB_CLIENT_CONFIRMATION_OK"
9014,4018629245,4018629297,1,"IOTHUB_CLIENT_CONFIRMATION_OK"
9015,4018629445,4018629492,1,"IOTHUB_CLIENT_CONFIRMATION_OK"
9016,4018629645,4018629687,1,"IOTHUB_CLIENT_CONFIRMATION_OK"
9017,4018629845,4018629957,1,"IOTHUB_CLIENT_CONFIRMATION_OK"
9018,4018630045,4018630091,1,"IOTHUB_CLIENT_CONFIRMATION_OK"
9019,4018630245,4018630281,1,"IOTHUB_CLIENT_CONFIRMATION_OK"
9020,4018630445,4018630611,1,"IOTHUB_CLIENT_CONFIRMATION_OK"
9021,4018630646,4018630683,1,"IOTHUB_CLIENT_CONFIRMATION_OK"
9022,4018630846,4018630897,1,"IOTHUB_CLIENT_CONFIRMATION_OK"
9023,4018631046,4018631092,1,"IOTHUB_CLIENT_CONFIRMATION_OK"
9024,4018631246,4018631287,1,"IOTHUB_CLIENT_CONFIRMATION_OK"
9025,4018631446,4018631614,1,"IOTHUB_CLIENT_CONFIRMATION_OK"
9026,4018631646,4018631703,1,"IOTHUB_CLIENT_CONFIRMATION_OK"
9027,4018631847,4018631882,1,"IOTHUB_CLIENT_CONFIRMATION_OK"
9028,4018632047,4018632086,1,"IOTHUB_CLIENT_CONFIRMATION_OK"
9029,4018632247,4018632289,1,"IOTHUB_CLIENT_CONFIRMATION_OK"
9030,4018632447,4018632485,1,"IOTHUB_CLIENT_CONFIRMATION_OK"
9031,4018632647,4018632689,1,"IOTHUB_CLIENT_CONFIRMATION_OK"
9032,4018632847,4018632888,1,"IOTHUB_CLIENT_CONFIRMATION_OK"
9033,4018633048,4018633183,1,"IOTHUB_CLIENT_CONFIRMATION_OK"
9034,4018633248,4018633285,1,"IOTHUB_CLIENT_CONFIRMATION_OK"
9035,4018633448,4018633499,1,"IOTHUB_CLIENT_CONFIRMATION_OK"
9036,4018633648,4018633683,1,"IOTHUB_CLIENT_CONFIRMATION_OK"
9037,4018633848,4018634581,1,"IOTHUB_CLIENT_CONFIRMATION_OK"
9038,4018634048,4018634643,1,"IOTHUB_CLIENT_CONFIRMATION_OK"
9039,4018634248,4018634716,1,"IOTHUB_CLIENT_CONFIRMATION_OK"
9040,4018634449,4018634789,1,"IOTHUB_CLIENT_CONFIRMATION_OK"
9041,4018634649,4018634845,1,"IOTHUB_CLIENT_CONFIRMATION_OK"
9042,4018634849,4018634914,1,"IOTHUB_CLIENT_CONFIRMATION_OK"
9043,4018635049,4018635098,1,"IOTHUB_CLIENT_CONFIRMATION_OK"
9044,4018635249,4018635286,1,"IOTHUB_CLIENT_CONFIRMATION_OK"
9045,4018635449,4018635494,1,"IOTHUB_CLIENT_CONFIRMATION_OK"
9046,4018635650,4018635686,1,"IOTHUB_CLIENT_CONFIRMATION_OK"
9047,4018635850,4018635895,1,"IOTHUB_CLIENT_CONFIRMATION_OK"
9048,4018636050,4018636087,1,"IOTHUB_CLIENT_CONFIRMATION_OK"
9049,4018636250,4018636294,1,"IOTHUB_CLIENT_CONFIRMATION_OK"
9050,4018636450,4018636496,1,"IOTHUB_CLIENT_CONFIRMATION_OK"
9051,4018636650,4018636699,1,"IOTHUB_CLIENT_CONFIRMATION_OK"
9052,4018636851,4018636892,1,"IOTHUB_CLIENT_CONFIRMATION_OK"
9053,4018637051,4018637116,1,"IOTHUB_CLIENT_CONFIRMATION_OK"
9054,4018637251,4018637294,1,"IOTHUB_CLIENT_CONFIRMATION_OK"
9055,4018637451,4018637495,1,"IOTHUB_CLIENT_CONFIRMATION_OK"
9056,4018637651,4018637716,1,"IOTHUB_CLIENT_CONFIRMATION_OK"
9057,4018637851,4018637983,1,"IOTHUB_CLIENT_CONFIRMATION_OK"
9058,4018638052,4018638095,1,"IOTHUB_CLIENT_CONFIRMATION_OK"
9059,4018638252,4018638296,1,"IOTHUB_CLIENT_CONFIRMATION_OK"
9060,4018638452,4018638497,1,"IOTHUB_CLIENT_CONFIRMATION_OK"
9061,4018638652,4018638735,1,"IOTHUB_CLIENT_CONFIRMATION_OK"
9062,4018638852,4018638891,1,"IOTHUB_CLIENT_CONFIRMATION_OK"
9063,4018639052,4018639098,1,"IOTHUB_CLIENT_CONFIRMATION_OK"
9064,4018639252,4018639290,1,"IOTHUB_CLIENT_CONFIRMATION_OK"
9065,4018639453,4018639490,1,"IOTHUB_CLIENT_CONFIRMATION_OK"
9066,4018639653,4018639704,1,"IOTHUB_CLIENT_CONFIRMATION_OK"
9067,4018639853,4018639909,1,"IOTHUB_CLIENT_CONFIRMATION_OK"
9068,4018640053,4018640104,1,"IOTHUB_CLIENT_CONFIRMATION_OK"
9069,4018640253,4018640296,1,"IOTHUB_CLIENT_CONFIRMATION_OK"
9070,4018640453,4018640487,1,"IOTHUB_CLIENT_CONFIRMATION_OK"
9071,4018640654,4018640723,1,"IOTHUB_CLIENT_CONFIRMATION_OK"
9072,4018640854,4018640895,1,"IOTHUB_CLIENT_CONFIRMATION_OK"
9073,4018641054,4018641097,1,"IOTHUB_CLIENT_CONFIRMATION_OK"
9074,4018641254,4018641362,1,"IOTHUB_CLIENT_CONFIRMATION_OK"
9075,4018641454,4018641500,1,"IOTHUB_CLIENT_CONFIRMATION_OK"
9076,4018641654,4018641697,1,"IOTHUB_CLIENT_CONFIRMATION_OK"
9077,4018641855,4018641900,1,"IOTHUB_CLIENT_CONFIRMATION_OK"
9078,4018642055,4018642096,1,"IOTHUB_CLIENT_CONFIRMATION_OK"
9079,4018642255,4018642376,1,"IOTHUB_CLIENT_CONFIRMATION_OK"
9080,4018642455,4018642599,1,"IOTHUB_CLIENT_CONFIRMATION_OK"
9081,4018642655,4018642735,1,"IOTHUB_CLIENT_CONFIRMATION_OK"
9082,4018642855,4018642951,1,"IOTHUB_CLIENT_CONFIRMATION_OK"
9083,4018643056,4018643113,1,"IOTHUB_CLIENT_CONFIRMATION_OK"
9084,4018643256,4018643303,1,"IOTHUB_CLIENT_CONFIRMATION_OK"
9085,4018643456,4018643525,1,"IOTHUB_CLIENT_CONFIRMATION_OK"
9086,4018643656,4018643696,1,"IOTHUB_CLIENT_CONFIRMATION_OK"
9087,4018643856,4018643996,1,"IOTHUB_CLIENT_CONFIRMATION_OK"
9088,4018644056,4018644099,1,"IOTHUB_CLIENT_CONFIRMATION_OK"
9089,4018644256,4018644294,1,"IOTHUB_CLIENT_CONFIRMATION_OK"
9090,4018644457,4018644594,1,"IOTHUB_CLIENT_CONFIRMATION_OK"
9091,4018644657,4018644727,1,"IOTHUB_CLIENT_CONFIRMATION_OK"
9092,4018644857,4018644899,1,"IOTHUB_CLIENT_CONFIRMATION_OK"
9093,4018645057,4018645101,1,"IOTHUB_CLIENT_CONFIRMATION_OK"
9094,4018645257,4018645302,1,"IOTHUB_CLIENT_CONFIRMATION_OK"
9095,4018645457,4018645599,1,"IOTHUB_CLIENT_CONFIRMATION_OK"
9096,4018645658,4018645701,1,"IOTHUB_CLIENT_CONFIRMATION_OK"
9097,4018645858,4018645899,1,"IOTHUB_CLIENT_CONFIRMATION_OK"
9098,4018646058,4018646205,1,"IOTHUB_CLIENT_CONFIRMATION_OK"
9099,4018646258,4018646296,1,"IOTHUB_CLIENT_CONFIRMATION_OK"
9100,4018646458,4018646505,1,"IOTHUB_CLIENT_CONFIRMATION_OK"
9101,4018646658,4018646696,1,"IOTHUB_CLIENT_CONFIRMATION_OK"
9102,4018646859,4018646915,1,"IOTHUB_CLIENT_CONFIRMATION_OK"
9103,4018647059,4018647102,1,"IOTHUB_CLIENT_CONFIRMATION_OK"
9104,4018647259,4018647306,1,"IOTHUB_CLIENT_CONFIRMATION_OK"
9105,4018647459,4018647511,1,"IOTHUB_CLIENT_CONFIRMATION_OK"
9106,4018647659,4018647839,1,"IOTHUB_CLIENT_CONFIRMATION_OK"
9107,4018647859,4018647903,1,"IOTHUB_CLIENT_CONFIRMATION_OK"
9108,4018648060,4018648116,1,"IOTHUB_CLIENT_CONFIRMATION_OK"
9109,4018648260,4018648298,1,"IOTHUB_CLIENT_CONFIRMATION_OK"
9110,4018648460,4018648497,1,"IOTHUB_CLIENT_CONFIRMATION_OK"
9111,4018648660,4018648861,1,"IOTHUB_CLIENT_CONFIRMATION_OK"
9112,4018648860,4018648907,1,"IOTHUB_CLIENT_CONFIRMATION_OK"
9113,4018649060,4018649118,1,"IOTHUB_CLIENT_CONFIRMATION_OK"
9114,4018649261,4018649313,1,"IOTHUB_CLIENT_CONFIRMATION_OK"
9115,4018649461,4018649519,1,"IOTHUB_CLIENT_CONFIRMATION_OK"
9116,4018649661,4018649709,1,"IOTHUB_CLIENT_CONFIRMATION_OK"
9117,4018649861,4018649900,1,"IOTHUB_CLIENT_CONFIRMATION_OK"
9118,4018650061,4018650115,1,"IOTHUB_CLIENT_CONFIRMATION_OK"
9119,4018650261,4018650308,1,"IOTHUB_CLIENT_CONFIRMATION_OK"
9120,4018650461,4018650557,1,"IOTHUB_CLIENT_CONFIRMATION_OK"
9121,4018650662,4018650742,1,"IOTHUB_CLIENT_CONFIRMATION_OK"
9122,4018650862,4018650908,1,"IOTHUB_CLIENT_CONFIRMATION_OK"
9123,4018651062,4018651107,1,"IOTHUB_CLIENT_CONFIRMATION_OK"
9124,4018651262,4018651305,1,"IOTHUB_CLIENT_CONFIRMATION_OK"
9125,4018651462,4018651519,1,"IOTHUB_CLIENT_CONFIRMATION_OK"
9126,4018651662,4018651731,1,"IOTHUB_CLIENT_CONFIRMATION_OK"
9127,4018651863,4018651906,1,"IOTHUB_CLIENT_CONFIRMATION_OK"
9128,4018652063,4018652139,1,"IOTHUB_CLIENT_CONFIRMATION_OK"
9129,4018652263,4018652325,1,"IOTHUB_CLIENT_CONFIRMATION_OK"
9130,4018652463,4018652517,1,"IOTHUB_CLIENT_CONFIRMATION_OK"
9131,4018652663,4018652724,1,"IOTHUB_CLIENT_CONFIRMATION_OK"
9132,4018652863,4018652927,1,"IOTHUB_CLIENT_CONFIRMATION_OK"
9133,4018653064,4018653158,1,"IOTHUB_CLIENT_CONFIRMATION_OK"
9134,4018653264,4018653305,1,"IOTHUB_CLIENT_CONFIRMATION_OK"
9135,4018653464,4018653741,1,"IOTHUB_CLIENT_CONFIRMATION_OK"
9136,4018653664,4018653907,1,"IOTHUB_CLIENT_CONFIRMATION_OK"
9137,4018653864,4018653928,1,"IOTHUB_CLIENT_CONFIRMATION_OK"
9138,4018654065,4018654106,1,"IOTHUB_CLIENT_CONFIRMATION_OK"
9139,4018654265,4018654312,1,"IOTHUB_CLIENT_CONFIRMATION_OK"
9140,4018654465,4018654504,1,"IOTHUB_CLIENT_CONFIRMATION_OK"
9141,4018654665,4018654702,1,"IOTHUB_CLIENT_CONFIRMATION_OK"
9142,4018654865,4018654931,1,"IOTHUB_CLIENT_CONFIRMATION_OK"
9143,4018655065,4018655109,1,"IOTHUB_CLIENT_CONFIRMATION_OK"
9144,4018655266,4018655318,1,"IOTHUB_CLIENT_CONFIRMATION_OK"
9145,4018655466,4018655500,1,"IOTHUB_CLIENT_CONFIRMATION_OK"
9146,4018655666,4018655708,1,"IOTHUB_CLIENT_CONFIRMATION_OK"
9147,4018655866,4018655926,1,"IOTHUB_CLIENT_CONFIRMATION_OK"
9148,4018656066,4018656105,1,"IOTHUB_CLIENT_CONFIRMATION_OK"
9149,4018656266,4018656330,1,"IOTHUB_CLIENT_CONFIRMATION_OK"
9150,4018656467,4018656507,1,"IOTHUB_CLIENT_CONFIRMATION_OK"
9151,4018656667,4018656717,1,"IOTHUB_CLIENT_CONFIRMATION_OK"
9152,4018656867,4018657075,1,"IOTHUB_CLIENT_CONFIRMATION_OK"
9153,4018657067,4018657126,1,"IOTHUB_CLIENT_CONFIRMATION_OK"
9154,4018657267,4018657308,1,"IOTHUB_CLIENT_CONFIRMATION_OK"
9155,4018657467,4018657506,1,"IOTHUB_CLIENT_CONFIRMATION_OK"
9156,4018657668,4018657720,1,"IOTHUB_CLIENT_CONFIRMATION_OK"
9157,4018657868,4018657915,1,"IOTHUB_CLIENT_CONFIRMATION_OK"
9158,4018658068,4018658111,1,"IOTHUB_CLIENT_CONFIRMATION_OK"
9159,4018658268,4018658313,1,"IOTHUB_CLIENT_CONFIRMATION_OK"
9160,4018658468,4018658511,1,"IOTHUB_CLIENT_CONFIRMATION_OK"
9161,4018658668,4018658727,1,"IOTHUB_CLIENT_CONFIRMATION_OK"
9162,4018658869,4018658913,1,"IOTHUB_CLIENT_CONFIRMATION_OK"
9163,4018659069,4018659119,1,"IOTHUB_CLIENT_CONFIRMATION_OK"
9164,4018659269,4018659330,1,"IOTHUB_CLIENT_CONFIRMATION_OK"
9165,4018659469,4018659507,1,"IOTHUB_CLIENT_CONFIRMATION_OK"
9166,4018659669,4018659714,1,"IOTHUB_CLIENT_CONFIRMATION_OK"
9167,4018659869,4018660004,1,"IOTHUB_CLIENT_CONFIRMATION_OK"
9168,4018660069,4018660120,1,"IOTHUB_CLIENT_CONFIRMATION_OK"
9169,4018660270,4018660352,1,"IOTHUB_CLIENT_CONFIRMATION_OK"
9170,4018660470,4018660526,1,"IOTHUB_CLIENT_CONFIRMATION_OK"
9171,4018660670,4018660719,1,"IOTHUB_CLIENT_CONFIRMATION_OK"
9172,4018660870,4018660928,1,"IOTHUB_CLIENT_CONFIRMATION_OK"
9173,4018661070,4018661106,1,"IOTHUB_CLIENT_CONFIRMATION_OK"
9174,4018661271,4018661390,1,"IOTHUB_CLIENT_CONFIRMATION_OK"
9175,4018661471,4018661516,1,"IOTHUB_CLIENT_CONFIRMATION_OK"
9176,4018661671,4018661726,1,"IOTHUB_CLIENT_CONFIRMATION_OK"
9177,4018661871,4018661910,1,"IOTHUB_CLIENT_CONFIRMATION_OK"
9178,4018662071,4018662124,1,"IOTHUB_CLIENT_CONFIRMATION_OK"
9179,4018662271,4018662374,1,"IOTHUB_CLIENT_CONFIRMATION_OK"
9180,4018662472,4018662510,1,"IOTHUB_CLIENT_CONFIRMATION_OK"
9181,4018662672,4018662703,1,"IOTHUB_CLIENT_CONFIRMATION_OK"
9182,4018662872,4018662993,1,"IOTHUB_CLIENT_CONFIRMATION_OK"
9183,4018663072,4018663113,1,"IOTHUB_CLIENT_CONFIRMATION_OK"
9184,4018663272,4018663321,1,"IOTHUB_CLIENT_CONFIRMATION_OK"
9185,4018663472,4018663510,1,"IOTHUB_CLIENT_CONFIRMATION_OK"
9186,4018663673,4018663753,1,"IOTHUB_CLIENT_CONFIRMATION_OK"
9187,4018663873,4018664002,1,"IOTHUB_CLIENT_CONFIRMATION_OK"
9188,4018664073,4018664110,1,"IOTHUB_CLIENT_CONFIRMATION_OK"
9189,4018664273,4018664322,1,"IOTHUB_CLIENT_CONFIRMATION_OK"
9190,4018664473,4018664523,1,"IOTHUB_CLIENT_CONFIRMATION_OK"
9191,4018664673,4018664715,1,"IOTHUB_CLIENT_CONFIRMATION_OK"
9192,4018664873,4018664912,1,"IOTHUB_CLIENT_CONFIRMATION_OK"
9193,4018665074,4018665114,1,"IOTHUB_CLIENT_CONFIRMATION_OK"
9194,4018665274,4018665316,1,"IOTHUB_CLIENT_CONFIRMATION_OK"
9195,4018665474,4018665663,1,"IOTHUB_CLIENT_CONFIRMATION_OK"
9196,4018665674,4018665712,1,"IOTHUB_CLIENT_CONFIRMATION_OK"
9197,4018665874,4018665924,1,"IOTHUB_CLIENT_CONFIRMATION_OK"
9198,4018666074,4018666115,1,"IOTHUB_CLIENT_CONFIRMATION_OK"
9199,4018666275,4018666313,1,"IOTHUB_CLIENT_CONFIRMATION_OK"
9200,4018666475,4018666526,1,"IOTHUB_CLIENT_CONFIRMATION_OK"
9201,4018666675,4018666727,1,"IOTHUB_CLIENT_CONFIRMATION_OK"
9202,4018666875,4018666935,1,"IOTHUB_CLIENT_CONFIRMATION_OK"
9203,4018667075,4018667112,1,"IOTHUB_CLIENT_CONFIRMATION_OK"
9204,4018667275,4018667314,1,"IOTHUB_CLIENT_CONFIRMATION_OK"
9205,4018667476,4018667517,1,"IOTHUB_CLIENT_CONFIRMATION_OK"
9206,4018667676,4018667709,1,"IOTHUB_CLIENT_CONFIRMATION_OK"
9207,4018667876,4018667920,1,"IOTHUB_CLIENT_CONFIRMATION_OK"
9208,4018668076,4018668118,1,"IOTHUB_CLIENT_CONFIRMATION_OK"
9209,4018668276,4018668336,1,"IOTHUB_CLIENT_CONFIRMATION_OK"
9210,4018668476,4018668521,1,"IOTHUB_CLIENT_CONFIRMATION_OK"
9211,4018668677,4018668734,1,"IOTHUB_CLIENT_CONFIRMATION_OK"
9212,4018668877,4018668919,1,"IOTHUB_CLIENT_CONFIRMATION_OK"
9213,4018669077,4018669113,1,"IOTHUB_CLIENT_CONFIRMATION_OK"
9214,4018669277,4018669361,1,"IOTHUB_CLIENT_CONFIRMATION_OK"
9215,4018669477,4018669518,1,"IOTHUB_CLIENT_CONFIRMATION_OK"
9216,4018669677,4018669723,1,"IOTHUB_CLIENT_CONFIRMATION_OK"
9217,4018669878,4018670010,1,"IOTHUB_CLIENT_CONFIRMATION_OK"
9218,4018670078,4018670130,1,"IOTHUB_CLIENT_CONFIRMATION_OK"
9219,4018670278,4018670347,1,"IOTHUB_CLIENT_CONFIRMATION_OK"
9220,4018670478,4018670514,1,"IOTHUB_CLIENT_CONFIRMATION_OK"
9221,4018670678,4018670718,1,"IOTHUB_CLIENT_CONFIRMATION_OK"
9222,4018670878,4018671002,1,"IOTHUB_CLIENT_CONFIRMATION_OK"
9223,4018671079,4018671125,1,"IOTHUB_CLIENT_CONFIRMATION_OK"
9224,4018671279,4018671325,1,"IOTHUB_CLIENT_CONFIRMATION_OK"
9225,4018671479,4018671620,1,"IOTHUB_CLIENT_CONFIRMATION_OK"
9226,4018671679,4018671724,1,"IOTHUB_CLIENT_CONFIRMATION_OK"
9227,4018671879,4018671920,1,"IOTHUB_CLIENT_CONFIRMATION_OK"
9228,4018672079,4018672133,1,"IOTHUB_CLIENT_CONFIRMATION_OK"
9229,4018672280,4018672323,1,"IOTHUB_CLIENT_CONFIRMATION_OK"
9230,4018672480,4018672542,1,"IOTHUB_CLIENT_CONFIRMATION_OK"
9231,4018672680,4018672717,1,"IOTHUB_CLIENT_CONFIRMATION_OK"
9232,4018672880,4018672916,1,"IOTHUB_CLIENT_CONFIRMATION_OK"
9233,4018673080,4018673124,1,"IOTHUB_CLIENT_CONFIRMATION_OK"
9234,4018673280,4018673328,1,"IOTHUB_CLIENT_CONFIRMATION_OK"
9235,4018673481,4018673519,1,"IOTHUB_CLIENT_CONFIRMATION_OK"
9236,4018673681,4018673760,1,"IOTHUB_CLIENT_CONFIRMATION_OK"
9237,4018673881,4018673915,1,"IOTHUB_CLIENT_CONFIRMATION_OK"
9238,4018674081,4018674125,1,"IOTHUB_CLIENT_CONFIRMATION_OK"
9239,4018674281,4018674344,1,"IOTHUB_CLIENT_CONFIRMATION_OK"
9240,4018674481,4018674552,1,"IOTHUB_CLIENT_CONFIRMATION_OK"
9241,4018674682,4018674766,1,"IOTHUB_CLIENT_CONFIRMATION_OK"
9242,4018674882,4018674921,1,"IOTHUB_CLIENT_CONFIRMATION_OK"
9243,4018675082,4018675119,1,"IOTHUB_CLIENT_CONFIRMATION_OK"
9244,4018675282,4018675435,1,"IOTHUB_CLIENT_CONFIRMATION_OK"
9245,4018675482,4018675530,1,"IOTHUB_CLIENT_CONFIRMATION_OK"
9246,4018675682,4018675718,1,"IOTHUB_CLIENT_CONFIRMATION_OK"
9247,4018675883,4018675949,1,"IOTHUB_CLIENT_CONFIRMATION_OK"
9248,4018676083,4018676128,1,"IOTHUB_CLIENT_CONFIRMATION_OK"
9249,4018676283,4018676416,1,"IOTHUB_CLIENT_CONFIRMATION_OK"
9250,4018676483,4018676535,1,"IOTHUB_CLIENT_CONFIRMATION_OK"
9251,4018676683,4018676738,1,"IOTHUB_CLIENT_CONFIRMATION_OK"
9252,4018676883,4018677019,1,"IOTHUB_CLIENT_CONFIRMATION_OK"
9253,4018677084,4018677119,1,"IOTHUB_CLIENT_CONFIRMATION_OK"
9254,4018677284,4018677356,1,"IOTHUB_CLIENT_CONFIRMATION_OK"
9255,4018677484,4018677618,1,"IOTHUB_CLIENT_CONFIRMATION_OK"
9256,4018677684,4018677739,1,"IOTHUB_CLIENT_CONFIRMATION_OK"
9257,4018677884,4018677932,1,"IOTHUB_CLIENT_CONFIRMATION_OK"
9258,4018678084,4018678132,1,"IOTHUB_CLIENT_CONFIRMATION_OK"
9259,4018678285,4018678325,1,"IOTHUB_CLIENT_CONFIRMATION_OK"
9260,4018678485,4018678526,1,"IOTHUB_CLIENT_CONFIRMATION_OK"
9261,4018678685,4018678720,1,"IOTHUB_CLIENT_CONFIRMATION_OK"
9262,4018678885,4018678945,1,"IOTHUB_CLIENT_CONFIRMATION_OK"
9263,4018679085,4018679129,1,"IOTHUB_CLIENT_CONFIRMATION_OK"
9264,4018679285,4018679323,1,"IOTHUB_CLIENT_CONFIRMATION_OK"
9265,4018679486,4018679528,1,"IOTHUB_CLIENT_CONFIRMATION_OK"
9266,4018679686,4018679729,1,"IOTHUB_CLIENT_CONFIRMATION_OK"
9267,4018679886,4018679936,1,"IOTHUB_CLIENT_CONFIRMATION_OK"
9268,4018680086,4018680131,1,"IOTHUB_CLIENT_CONFIRMATION_OK"
9269,4018680286,4018680347,1,"IOTHUB_CLIENT_CONFIRMATION_OK"
9270,4018680486,4018680521,1,"IOTHUB_CLIENT_CONFIRMATION_OK"
9271,4018680686,4018680734,1,"IOTHUB_CLIENT_CONFIRMATION_OK"
9272,4018680887,4018680928,1,"IOTHUB_CLIENT_CONFIRMATION_OK"
9273,4018681087,4018681412,1,"IOTHUB_CLIENT_CONFIRMATION_OK"
9274,4018681287,4018681475,1,"IOTHUB_CLIENT_CONFIRMATION_OK"
9275,4018681487,4018681543,1,"IOTHUB_CLIENT_CONFIRMATION_OK"
9276,4018681687,4018681761,1,"IOTHUB_CLIENT_CONFIRMATION_OK"
9277,4018681887,4018681952,1,"IOTHUB_CLIENT_CONFIRMATION_OK"
9278,4018682088,4018682124,1,"IOTHUB_CLIENT_CONFIRMATION_OK"
9279,4018682288,4018682368,1,"IOTHUB_CLIENT_CONFIRMATION_OK"
9280,4018682488,4018682531,1,"IOTHUB_CLIENT_CONFIRMATION_OK"
9281,4018682688,4018682782,1,"IOTHUB_CLIENT_CONFIRMATION_OK"
9282,4018682888,4018683009,1,"IOTHUB_CLIENT_CONFIRMATION_OK"
9283,4018683088,4018683129,1,"IOTHUB_CLIENT_CONFIRMATION_OK"
9284,4018683289,4018683332,1,"IOTHUB_CLIENT_CONFIRMATION_OK"
9285,4018683489,4018683530,1,"IOTHUB_CLIENT_CONFIRMATION_OK"
9286,4018683689,4018683725,1,"IOTHUB_CLIENT_CONFIRMATION_OK"
9287,4018683889,4018684058,1,"IOTHUB_CLIENT_CONFIRMATION_OK"
9288,4018684089,4018684145,1,"IOTHUB_CLIENT_CONFIRMATION_OK"
9289,4018684289,4018684335,1,"IOTHUB_CLIENT_CONFIRMATION_OK"
9290,4018684489,4018684535,1,"IOTHUB_CLIENT_CONFIRMATION_OK"
9291,4018684690,4018684727,1,"IOTHUB_CLIENT_CONFIRMATION_OK"
9292,4018684890,4018684926,1,"IOTHUB_CLIENT_CONFIRMATION_OK"
9293,4018685090,4018685125,1,"IOTHUB_CLIENT_CONFIRMATION_OK"
9294,4018685290,4018685330,1,"IOTHUB_CLIENT_CONFIRMATION_OK"
9295,4018685490,4018685644,1,"IOTHUB_CLIENT_CONFIRMATION_OK"
9296,4018685690,4018685728,1,"IOTHUB_CLIENT_CONFIRMATION_OK"
9297,4018685890,4018685957,1,"IOTHUB_CLIENT_CONFIRMATION_OK"
9298,4018686091,4018686149,1,"IOTHUB_CLIENT_CONFIRMATION_OK"
9299,4018686291,4018686423,1,"IOTHUB_CLIENT_CONFIRMATION_OK"
9300,4018686491,4018686556,1,"IOTHUB_CLIENT_CONFIRMATION_OK"
9301,4018686691,4018686732,1,"IOTHUB_CLIENT_CONFIRMATION_OK"
9302,4018686891,4018686937,1,"IOTHUB_CLIENT_CONFIRMATION_OK"
9303,4018687091,4018687327,1,"IOTHUB_CLIENT_CONFIRMATION_OK"
9304,4018687292,4018687354,1,"IOTHUB_CLIENT_CONFIRMATION_OK"
9305,4018687492,4018687528,1,"IOTHUB_CLIENT_CONFIRMATION_OK"
9306,4018687692,4018687730,1,"IOTHUB_CLIENT_CONFIRMATION_OK"
9307,4018687892,4018687951,1,"IOTHUB_CLIENT_CONFIRMATION_OK"
9308,4018688092,4018688133,1,"IOTHUB_CLIENT_CONFIRMATION_OK"
9309,4018688292,4018688329,1,"IOTHUB_CLIENT_CONFIRMATION_OK"
9310,4018688493,4018688560,1,"IOTHUB_CLIENT_CONFIRMATION_OK"
9311,4018688693,4018688730,1,"IOTHUB_CLIENT_CONFIRMATION_OK"
9312,4018688893,4018688939,1,"IOTHUB_CLIENT_CONFIRMATION_OK"
9313,4018689093,4018689189,1,"IOTHUB_CLIENT_CONFIRMATION_OK"
9314,4018689293,4018689355,1,"IOTHUB_CLIENT_CONFIRMATION_OK"
9315,4018689493,4018689559,1,"IOTHUB_CLIENT_CONFIRMATION_OK"
9316,4018689694,4018689732,1,"IOTHUB_CLIENT_CONFIRMATION_OK"
9317,4018689894,4018689975,1,"IOTHUB_CLIENT_CONFIRMATION_OK"
9318,4018690094,4018690130,1,"IOTHUB_CLIENT_CONFIRMATION_OK"
9319,4018690294,4018690354,1,"IOTHUB_CLIENT_CONFIRMATION_OK"
9320,4018690494,4018690533,1,"IOTHUB_CLIENT_CONFIRMATION_OK"
9321,4018690694,4018690730,1,"IOTHUB_CLIENT_CONFIRMATION_OK"
9322,4018690894,4018690988,1,"IOTHUB_CLIENT_CONFIRMATION_OK"
9323,4018691095,4018691131,1,"IOTHUB_CLIENT_CONFIRMATION_OK"
9324,4018691295,4018691340,1,"IOTHUB_CLIENT_CONFIRMATION_OK"
9325,4018691495,4018691605,1,"IOTHUB_CLIENT_CONFIRMATION_OK"
9326,4018691695,4018691752,1,"IOTHUB_CLIENT_CONFIRMATION_OK"
9327,4018691895,4018691942,1,"IOTHUB_CLIENT_CONFIRMATION_OK"
9328,4018692095,4018692139,1,"IOTHUB_CLIENT_CONFIRMATION_OK"
9329,4018692296,4018692353,1,"IOTHUB_CLIENT_CONFIRMATION_OK"
9330,4018692496,4018692615,1,"IOTHUB_CLIENT_CONFIRMATION_OK"
9331,4018692696,4018692742,1,"IOTHUB_CLIENT_CONFIRMATION_OK"
9332,4018692896,4018692940,1,"IOTHUB_CLIENT_CONFIRMATION_OK"
9333,4018693096,4018693236,1,"IOTHUB_CLIENT_CONFIRMATION_OK"
9334,4018693296,4018693340,1,"IOTHUB_CLIENT_CONFIRMATION_OK"
9335,4018693497,4018693546,1,"IOTHUB_CLIENT_CONFIRMATION_OK"
9336,4018693697,4018693746,1,"IOTHUB_CLIENT_CONFIRMATION_OK"
9337,4018693897,4018693967,1,"IOTHUB_CLIENT_CONFIRMATION_OK"
9338,4018694097,4018694145,1,"IOTHUB_CLIENT_CONFIRMATION_OK"
9339,4018694297,4018694334,1,"IOTHUB_CLIENT_CONFIRMATION_OK"
9340,4018694497,4018694536,1,"IOTHUB_CLIENT_CONFIRMATION_OK"
9341,4018694697,4018694869,1,"IOTHUB_CLIENT_CONFIRMATION_OK"
9342,4018694898,4018694941,1,"IOTHUB_CLIENT_CONFIRMATION_OK"
9343,4018695098,4018695136,1,"IOTHUB_CLIENT_CONFIRMATION_OK"
9344,4018695298,4018695351,1,"IOTHUB_CLIENT_CONFIRMATION_OK"
9345,4018695498,4018695583,1,"IOTHUB_CLIENT_CONFIRMATION_OK"
9346,4018695698,4018695755,1,"IOTHUB_CLIENT_CONFIRMATION_OK"
9347,4018695898,4018695940,1,"IOTHUB_CLIENT_CONFIRMATION_OK"
9348,4018696099,4018696136,1,"IOTHUB_CLIENT_CONFIRMATION_OK"
9349,4018696299,4018696497,1,"IOTHUB_CLIENT_CONFIRMATION_OK"
9350,4018696499,4018696539,1,"IOTHUB_CLIENT_CONFIRMATION_OK"
9351,4018696699,4018696734,1,"IOTHUB_CLIENT_CONFIRMATION_OK"
9352,4018696899,4018696954,1,"IOTHUB_CLIENT_CONFIRMATION_OK"
9353,4018697099,4018697139,1,"IOTHUB_CLIENT_CONFIRMATION_OK"
9354,4018697299,4018697397,1,"IOTHUB_CLIENT_CONFIRMATION_OK"
9355,4018697500,4018697543,1,"IOTHUB_CLIENT_CONFIRMATION_OK"
9356,4018697700,4018697736,1,"IOTHUB_CLIENT_CONFIRMATION_OK"
9357,4018697900,4018697954,1,"IOTHUB_CLIENT_CONFIRMATION_OK"
9358,4018698100,4018698141,1,"IOTHUB_CLIENT_CONFIRMATION_OK"
9359,4018698300,4018698343,1,"IOTHUB_CLIENT_CONFIRMATION_OK"
9360,4018698500,4018698544,1,"IOTHUB_CLIENT_CONFIRMATION_OK"
9361,4018698701,4018698785,1,"IOTHUB_CLIENT_CONFIRMATION_OK"
9362,4018698901,4018698949,1,"IOTHUB_CLIENT_CONFIRMATION_OK"
9363,4018699101,4018699134,1,"IOTHUB_CLIENT_CONFIRMATION_OK"
9364,4018699301,4018699347,1,"IOTHUB_CLIENT_CONFIRMATION_OK"
9365,4018699501,4018699565,1,"IOTHUB_CLIENT_CONFIRMATION_OK"
9366,4018699701,4018699737,1,"IOTHUB_CLIENT_CONFIRMATION_OK"
9367,4018699901,4018699940,1,"IOTHUB_CLIENT_CONFIRMATION_OK"
9368,4018700102,4018700158,1,"IOTHUB_CLIENT_CONFIRMATION_OK"
9369,4018700302,4018700345,1,"IOTHUB_CLIENT_CONFIRMATION_OK"
9370,4018700502,4018700569,1,"IOTHUB_CLIENT_CONFIRMATION_OK"
9371,4018700702,4018700753,1,"IOTHUB_CLIENT_CONFIRMATION_OK"
9372,4018700902,4018700956,1,"IOTHUB_CLIENT_CONFIRMATION_OK"
9373,4018701102,4018701144,1,"IOTHUB_CLIENT_CONFIRMATION_OK"
9374,4018701302,4018701374,1,"IOTHUB_CLIENT_CONFIRMATION_OK"
9375,4018701503,4018701548,1,"IOTHUB_CLIENT_CONFIRMATION_OK"
9376,4018701703,4018701776,1,"IOTHUB_CLIENT_CONFIRMATION_OK"
9377,4018701903,4018701950,1,"IOTHUB_CLIENT_CONFIRMATION_OK"
9378,4018702103,4018702136,1,"IOTHUB_CLIENT_CONFIRMATION_OK"
9379,4018702303,4018702403,1,"IOTHUB_CLIENT_CONFIRMATION_OK"
9380,4018702503,4018702547,1,"IOTHUB_CLIENT_CONFIRMATION_OK"
9381,4018702704,4018702743,1,"IOTHUB_CLIENT_CONFIRMATION_OK"
9382,4018702904,4018702960,1,"IOTHUB_CLIENT_CONFIRMATION_OK"
9383,4018703104,4018703137,1,"IOTHUB_CLIENT_CONFIRMATION_OK"
9384,4018703304,4018703433,1,"IOTHUB_CLIENT_CONFIRMATION_OK"
9385,4018703504,4018703555,1,"IOTHUB_CLIENT_CONFIRMATION_OK"
9386,4018703704,4018703744,1,"IOTHUB_CLIENT_CONFIRMATION_OK"
9387,4018703904,4018704055,1,"IOTHUB_CLIENT_CONFIRMATION_OK"
9388,4018704105,4018704149,1,"IOTHUB_CLIENT_CONFIRMATION_OK"
9389,4018704305,4018704368,1,"IOTHUB_CLIENT_CONFIRMATION_OK"
9390,4018704505,4018704553,1,"IOTHUB_CLIENT_CONFIRMATION_OK"
9391,4018704705,4018704742,1,"IOTHUB_CLIENT_CONFIRMATION_OK"
9392,4018704905,4018704954,1,"IOTHUB_CLIENT_CONFIRMATION_OK"
9393,4018705105,4018705144,1,"IOTHUB_CLIENT_CONFIRMATION_OK"
9394,4018705306,4018705345,1,"IOTHUB_CLIENT_CONFIRMATION_OK"
9395,4018705506,4018705543,1,"IOTHUB_CLIENT_CONFIRMATION_OK"
9396,4018705706,4018705743,1,"IOTHUB_CLIENT_CONFIRMATION_OK"
9397,4018705906,4018705945,1,"IOTHUB_CLIENT_CONFIRMATION_OK"
9398,4018706106,4018706147,1,"IOTHUB_CLIENT_CONFIRMATION_OK"
9399,4018706306,4018706341,1,"IOTHUB_CLIENT_CONFIRMATION_OK"
9400,4018706506,4018706543,1,"IOTHUB_CLIENT_CONFIRMATION_OK"
9401,4018706707,4018706783,1,"IOTHUB_CLIENT_CONFIRMATION_OK"
9402,4018706907,4018706958,1,"IOTHUB_CLIENT_CONFIRMATION_OK"
9403,4018707107,4018707169,1,"IOTHUB_CLIENT_CONFIRMATION_OK"
9404,4018707307,4018707363,1,"IOTHUB_CLIENT_CONFIRMATION_OK"
9405,4018707507,4018707548,1,"IOTHUB_CLIENT_CONFIRMATION_OK"
9406,4018707707,4018707786,1,"IOTHUB_CLIENT_CONFIRMATION_OK"
9407,4018707908,4018707964,1,"IOTHUB_CLIENT_CONFIRMATION_OK"
9408,4018708108,4018708146,1,"IOTHUB_CLIENT_CONFIRMATION_OK"
9409,4018708308,4018708384,1,"IOTHUB_CLIENT_CONFIRMATION_OK"
9410,4018708508,4018708545,1,"IOTHUB_CLIENT_CONFIRMATION_OK"
9411,4018708708,4018708753,1,"IOTHUB_CLIENT_CONFIRMATION_OK"
9412,4018708908,4018708955,1,"IOTHUB_CLIENT_CONFIRMATION_OK"
9413,4018709108,4018709152,1,"IOTHUB_CLIENT_CONFIRMATION_OK"
9414,4018709309,4018709399,1,"IOTHUB_CLIENT_CONFIRMATION_OK"
9415,4018709509,4018709548,1,"IOTHUB_CLIENT_CONFIRMATION_OK"
9416,4018709709,4018709750,1,"IOTHUB_CLIENT_CONFIRMATION_OK"
9417,4018709909,4018710068,1,"IOTHUB_CLIENT_CONFIRMATION_OK"
9418,4018710109,4018710155,1,"IOTHUB_CLIENT_CONFIRMATION_OK"
9419,4018710309,4018710347,1,"IOTHUB_CLIENT_CONFIRMATION_OK"
9420,4018710509,4018710552,1,"IOTHUB_CLIENT_CONFIRMATION_OK"
9421,4018710710,4018710757,1,"IOTHUB_CLIENT_CONFIRMATION_OK"
9422,4018710910,4018711023,1,"IOTHUB_CLIENT_CONFIRMATION_OK"
9423,4018711110,4018711179,1,"IOTHUB_CLIENT_CONFIRMATION_OK"
9424,4018711310,4018711350,1,"IOTHUB_CLIENT_CONFIRMATION_OK"
9425,4018711510,4018711567,1,"IOTHUB_CLIENT_CONFIRMATION_OK"
9426,4018711710,4018711768,1,"IOTHUB_CLIENT_CONFIRMATION_OK"
9427,4018711911,4018711950,1,"IOTHUB_CLIENT_CONFIRMATION_OK"
9428,4018712111,4018712152,1,"IOTHUB_CLIENT_CONFIRMATION_OK"
9429,4018712311,4018712350,1,"IOTHUB_CLIENT_CONFIRMATION_OK"
9430,4018712511,4018712651,1,"IOTHUB_CLIENT_CONFIRMATION_OK"
9431,4018712711,4018712753,1,"IOTHUB_CLIENT_CONFIRMATION_OK"
9432,4018712911,4018712956,1,"IOTHUB_CLIENT_CONFIRMATION_OK"
9433,4018713111,4018713147,1,"IOTHUB_CLIENT_CONFIRMATION_OK"
9434,4018713312,4018713373,1,"IOTHUB_CLIENT_CONFIRMATION_OK"
9435,4018713512,4018713555,1,"IOTHUB_CLIENT_CONFIRMATION_OK"
9436,4018713712,4018713822,1,"IOTHUB_CLIENT_CONFIRMATION_OK"
9437,4018713912,4018713950,1,"IOTHUB_CLIENT_CONFIRMATION_OK"
9438,4018714112,4018714270,1,"IOTHUB_CLIENT_CONFIRMATION_OK"
9439,4018714312,4018714513,1,"IOTHUB_CLIENT_CONFIRMATION_OK"
9440,4018714513,4018714569,1,"IOTHUB_CLIENT_CONFIRMATION_OK"
9441,4018714713,4018714748,1,"IOTHUB_CLIENT_CONFIRMATION_OK"
9442,4018714913,4018714948,1,"IOTHUB_CLIENT_CONFIRMATION_OK"
9443,4018715113,4018715153,1,"IOTHUB_CLIENT_CONFIRMATION_OK"
9444,4018715313,4018715355,1,"IOTHUB_CLIENT_CONFIRMATION_OK"
9445,4018715513,4018715554,1,"IOTHUB_CLIENT_CONFIRMATION_OK"
9446,4018715713,4018715757,1,"IOTHUB_CLIENT_CONFIRMATION_OK"
9447,4018715914,4018715952,1,"IOTHUB_CLIENT_CONFIRMATION_OK"
9448,4018716114,4018716157,1,"IOTHUB_CLIENT_CONFIRMATION_OK"
9449,4018716314,4018716360,1,"IOTHUB_CLIENT_CONFIRMATION_OK"
9450,4018716514,4018716561,1,"IOTHUB_CLIENT_CONFIRMATION_OK"
9451,4018716714,4018716784,1,"IOTHUB_CLIENT_CONFIRMATION_OK"
9452,4018716914,4018716943,1,"IOTHUB_CLIENT_CONFIRMATION_OK"
9453,4018717115,4018717261,1,"IOTHUB_CLIENT_CONFIRMATION_OK"
9454,4018717315,4018717363,1,"IOTHUB_CLIENT_CONFIRMATION_OK"
9455,4018717515,4018717556,1,"IOTHUB_CLIENT_CONFIRMATION_OK"
9456,4018717715,4018717755,1,"IOTHUB_CLIENT_CONFIRMATION_OK"
9457,4018717915,4018718037,1,"IOTHUB_CLIENT_CONFIRMATION_OK"
9458,4018718115,4018718156,1,"IOTHUB_CLIENT_CONFIRMATION_OK"
9459,4018718315,4018718356,1,"IOTHUB_CLIENT_CONFIRMATION_OK"
9460,4018718516,4018718554,1,"IOTHUB_CLIENT_CONFIRMATION_OK"
9461,4018718716,4018718761,1,"IOTHUB_CLIENT_CONFIRMATION_OK"
9462,4018718916,4018718979,1,"IOTHUB_CLIENT_CONFIRMATION_OK"
9463,4018719116,4018719169,1,"IOTHUB_CLIENT_CONFIRMATION_OK"
9464,4018719316,4018719380,1,"IOTHUB_CLIENT_CONFIRMATION_OK"
9465,4018719516,4018719665,1,"IOTHUB_CLIENT_CONFIRMATION_OK"
9466,4018719717,4018719762,1,"IOTHUB_CLIENT_CONFIRMATION_OK"
9467,4018719917,4018719968,1,"IOTHUB_CLIENT_CONFIRMATION_OK"
9468,4018720117,4018720210,1,"IOTHUB_CLIENT_CONFIRMATION_OK"
9469,4018720317,4018720374,1,"IOTHUB_CLIENT_CONFIRMATION_OK"
9470,4018720517,4018720565,1,"IOTHUB_CLIENT_CONFIRMATION_OK"
9471,4018720717,4018720795,1,"IOTHUB_CLIENT_CONFIRMATION_OK"
9472,4018720917,4018720953,1,"IOTHUB_CLIENT_CONFIRMATION_OK"
9473,4018721118,4018721289,1,"IOTHUB_CLIENT_CONFIRMATION_OK"
9474,4018721318,4018721362,1,"IOTHUB_CLIENT_CONFIRMATION_OK"
9475,4018721518,4018721559,1,"IOTHUB_CLIENT_CONFIRMATION_OK"
9476,4018721718,4018721769,1,"IOTHUB_CLIENT_CONFIRMATION_OK"
9477,4018721918,4018721974,1,"IOTHUB_CLIENT_CONFIRMATION_OK"
9478,4018722118,4018722162,1,"IOTHUB_CLIENT_CONFIRMATION_OK"
9479,4018722319,4018722355,1,"IOTHUB_CLIENT_CONFIRMATION_OK"
9480,4018722519,4018722558,1,"IOTHUB_CLIENT_CONFIRMATION_OK"
9481,4018722719,4018722762,1,"IOTHUB_CLIENT_CONFIRMATION_OK"
9482,4018722919,4018722957,1,"IOTHUB_CLIENT_CONFIRMATION_OK"
9483,4018723119,4018723158,1,"IOTHUB_CLIENT_CONFIRMATION_OK"
9484,4018723319,4018723386,1,"IOTHUB_CLIENT_CONFIRMATION_OK"
9485,4018723519,4018723565,1,"IOTHUB_CLIENT_CONFIRMATION_OK"
9486,4018723720,4018723764,1,"IOTHUB_CLIENT_CONFIRMATION_OK"
9487,4018723920,4018723959,1,"IOTHUB_CLIENT_CONFIRMATION_OK"
9488,4018724120,4018724159,1,"IOTHUB_CLIENT_CONFIRMATION_OK"
9489,4018724320,4018724363,1,"IOTHUB_CLIENT_CONFIRMATION_OK"
9490,4018724520,4018724566,1,"IOTHUB_CLIENT_CONFIRMATION_OK"
9491,4018724720,4018724792,1,"IOTHUB_CLIENT_CONFIRMATION_OK"
9492,4018724921,4018724965,1,"IOTHUB_CLIENT_CONFIRMATION_OK"
9493,4018725121,4018725159,1,"IOTHUB_CLIENT_CONFIRMATION_OK"
9494,4018725321,4018725375,1,"IOTHUB_CLIENT_CONFIRMATION_OK"
9495,4018725521,4018725575,1,"IOTHUB_CLIENT_CONFIRMATION_OK"
9496,4018725721,4018725772,1,"IOTHUB_CLIENT_CONFIRMATION_OK"
9497,4018725921,4018725961,1,"IOTHUB_CLIENT_CONFIRMATION_OK"
9498,4018726122,4018726170,1,"IOTHUB_CLIENT_CONFIRMATION_OK"
9499,4018726322,4018726480,1,"IOTHUB_CLIENT_CONFIRMATION_OK"
9500,4018726522,4018726651,1,"IOTHUB_CLIENT_CONFIRMATION_OK"
9501,4018726722,4018726778,1,"IOTHUB_CLIENT_CONFIRMATION_OK"
9502,4018726922,4018726969,1,"IOTHUB_CLIENT_CONFIRMATION_OK"
9503,4018727122,4018727335,1,"IOTHUB_CLIENT_CONFIRMATION_OK"
9504,4018727322,4018727361,1,"IOTHUB_CLIENT_CONFIRMATION_OK"
9505,4018727523,4018727560,1,"IOTHUB_CLIENT_CONFIRMATION_OK"
9506,4018727723,4018727759,1,"IOTHUB_CLIENT_CONFIRMATION_OK"
9507,4018727923,4018727954,1,"IOTHUB_CLIENT_CONFIRMATION_OK"
9508,4018728123,4018728168,1,"IOTHUB_CLIENT_CONFIRMATION_OK"
9509,4018728323,4018728373,1,"IOTHUB_CLIENT_CONFIRMATION_OK"
9510,4018728523,4018728565,1,"IOTHUB_CLIENT_CONFIRMATION_OK"
9511,4018728724,4018728766,1,"IOTHUB_CLIENT_CONFIRMATION_OK"
9512,4018728924,4018728985,1,"IOTHUB_CLIENT_CONFIRMATION_OK"
9513,4018729124,4018729182,1,"IOTHUB_CLIENT_CONFIRMATION_OK"
9514,4018729324,4018729369,1,"IOTHUB_CLIENT_CONFIRMATION_OK"
9515,4018729524,4018729575,1,"IOTHUB_CLIENT_CONFIRMATION_OK"
9516,4018729724,4018729766,1,"IOTHUB_CLIENT_CONFIRMATION_OK"
9517,4018729924,4018730046,1,"IOTHUB_CLIENT_CONFIRMATION_OK"
9518,4018730125,4018730182,1,"IOTHUB_CLIENT_CONFIRMATION_OK"
9519,4018730325,4018730433,1,"IOTHUB_CLIENT_CONFIRMATION_OK"
9520,4018730525,4018730567,1,"IOTHUB_CLIENT_CONFIRMATION_OK"
9521,4018730725,4018730779,1,"IOTHUB_CLIENT_CONFIRMATION_OK"
9522,4018730925,4018731002,1,"IOTHUB_CLIENT_CONFIRMATION_OK"
9523,4018731125,4018731162,1,"IOTHUB_CLIENT_CONFIRMATION_OK"
9524,4018731325,4018731434,1,"IOTHUB_CLIENT_CONFIRMATION_OK"
9525,4018731526,4018731629,1,"IOTHUB_CLIENT_CONFIRMATION_OK"
9526,4018731726,4018731772,1,"IOTHUB_CLIENT_CONFIRMATION_OK"
9527,4018731926,4018731968,1,"IOTHUB_CLIENT_CONFIRMATION_OK"
9528,4018732126,4018732192,1,"IOTHUB_CLIENT_CONFIRMATION_OK"
9529,4018732326,4018732373,1,"IOTHUB_CLIENT_CONFIRMATION_OK"
9530,4018732526,4018732635,1,"IOTHUB_CLIENT_CONFIRMATION_OK"
9531,4018732726,4018732765,1,"IOTHUB_CLIENT_CONFIRMATION_OK"
9532,4018732927,4018732971,1,"IOTHUB_CLIENT_CONFIRMATION_OK"
9533,4018733127,4018733163,1,"IOTHUB_CLIENT_CONFIRMATION_OK"
9534,4018733327,4018733358,1,"IOTHUB_CLIENT_CONFIRMATION_OK"
9535,4018733527,4018733595,1,"IOTHUB_CLIENT_CONFIRMATION_OK"
9536,4018733727,4018733764,1,"IOTHUB_CLIENT_CONFIRMATION_OK"
9537,4018733927,4018733996,1,"IOTHUB_CLIENT_CONFIRMATION_OK"
9538,4018734128,4018734278,1,"IOTHUB_CLIENT_CONFIRMATION_OK"
9539,4018734328,4018734384,1,"IOTHUB_CLIENT_CONFIRMATION_OK"
9540,4018734528,4018734575,1,"IOTHUB_CLIENT_CONFIRMATION_OK"
9541,4018734728,4018734771,1,"IOTHUB_CLIENT_CONFIRMATION_OK"
9542,4018734928,4018734968,1,"IOTHUB_CLIENT_CONFIRMATION_OK"
9543,4018735128,4018735171,1,"IOTHUB_CLIENT_CONFIRMATION_OK"
9544,4018735328,4018735371,1,"IOTHUB_CLIENT_CONFIRMATION_OK"
9545,4018735529,4018735570,1,"IOTHUB_CLIENT_CONFIRMATION_OK"
9546,4018735729,4018735926,1,"IOTHUB_CLIENT_CONFIRMATION_OK"
9547,4018735929,4018735980,1,"IOTHUB_CLIENT_CONFIRMATION_OK"
9548,4018736129,4018736176,1,"IOTHUB_CLIENT_CONFIRMATION_OK"
9549,4018736329,4018736380,1,"IOTHUB_CLIENT_CONFIRMATION_OK"
9550,4018736529,4018736572,1,"IOTHUB_CLIENT_CONFIRMATION_OK"
9551,4018736730,4018736770,1,"IOTHUB_CLIENT_CONFIRMATION_OK"
9552,4018736930,4018736965,1,"IOTHUB_CLIENT_CONFIRMATION_OK"
9553,4018737130,4018737193,1,"IOTHUB_CLIENT_CONFIRMATION_OK"
9554,4018737330,4018737370,1,"IOTHUB_CLIENT_CONFIRMATION_OK"
9555,4018737530,4018737574,1,"IOTHUB_CLIENT_CONFIRMATION_OK"
9556,4018737730,4018737768,1,"IOTHUB_CLIENT_CONFIRMATION_OK"
9557,4018737930,4018737980,1,"IOTHUB_CLIENT_CONFIRMATION_OK"
9558,4018738131,4018738170,1,"IOTHUB_CLIENT_CONFIRMATION_OK"
9559,4018738331,4018738512,1,"IOTHUB_CLIENT_CONFIRMATION_OK"
9560,4018738531,4018738604,1,"IOTHUB_CLIENT_CONFIRMATION_OK"
9561,4018738731,4018738768,1,"IOTHUB_CLIENT_CONFIRMATION_OK"
9562,4018738931,4018738972,1,"IOTHUB_CLIENT_CONFIRMATION_OK"
9563,4018739132,4018739180,1,"IOTHUB_CLIENT_CONFIRMATION_OK"
9564,4018739332,4018739377,1,"IOTHUB_CLIENT_CONFIRMATION_OK"
9565,4018739532,4018739594,1,"IOTHUB_CLIENT_CONFIRMATION_OK"
9566,4018739732,4018739777,1,"IOTHUB_CLIENT_CONFIRMATION_OK"
9567,4018739932,4018739981,1,"IOTHUB_CLIENT_CONFIRMATION_OK"
9568,4018740132,4018740213,1,"IOTHUB_CLIENT_CONFIRMATION_OK"
9569,4018740332,4018740371,1,"IOTHUB_CLIENT_CONFIRMATION_OK"
9570,4018740533,4018740578,1,"IOTHUB_CLIENT_CONFIRMATION_OK"
9571,4018740733,4018740773,1,"IOTHUB_CLIENT_CONFIRMATION_OK"
9572,4018740933,4018740972,1,"IOTHUB_CLIENT_CONFIRMATION_OK"
9573,4018741133,4018741284,1,"IOTHUB_CLIENT_CONFIRMATION_OK"
9574,4018741333,4018741383,1,"IOTHUB_CLIENT_CONFIRMATION_OK"
9575,4018741533,4018741572,1,"IOTHUB_CLIENT_CONFIRMATION_OK"
9576,4018741734,4018741850,1,"IOTHUB_CLIENT_CONFIRMATION_OK"
9577,4018741934,4018741979,1,"IOTHUB_CLIENT_CONFIRMATION_OK"
9578,4018742134,4018742181,1,"IOTHUB_CLIENT_CONFIRMATION_OK"
9579,4018742334,4018742371,1,"IOTHUB_CLIENT_CONFIRMATION_OK"
9580,4018742534,4018742580,1,"IOTHUB_CLIENT_CONFIRMATION_OK"
9581,4018742734,4018742801,1,"IOTHUB_CLIENT_CONFIRMATION_OK"
9582,4018742934,4018743020,1,"IOTHUB_CLIENT_CONFIRMATION_OK"
9583,4018743135,4018743166,1,"IOTHUB_CLIENT_CONFIRMATION_OK"
9584,4018743335,4018743442,1,"IOTHUB_CLIENT_CONFIRMATION_OK"
9585,4018743535,4018743574,1,"IOTHUB_CLIENT_CONFIRMATION_OK"
9586,4018743735,4018743779,1,"IOTHUB_CLIENT_CONFIRMATION_OK"
9587,4018743935,4018743977,1,"IOTHUB_CLIENT_CONFIRMATION_OK"
9588,4018744135,4018744174,1,"IOTHUB_CLIENT_CONFIRMATION_OK"
9589,4018744335,4018744384,1,"IOTHUB_CLIENT_CONFIRMATION_OK"
9590,4018744536,4018744608,1,"IOTHUB_CLIENT_CONFIRMATION_OK"
9591,4018744736,4018744779,1,"IOTHUB_CLIENT_CONFIRMATION_OK"
9592,4018744936,4018744982,1,"IOTHUB_CLIENT_CONFIRMATION_OK"
9593,4018745136,4018745247,1,"IOTHUB_CLIENT_CONFIRMATION_OK"
9594,4018745336,4018745374,1,"IOTHUB_CLIENT_CONFIRMATION_OK"
9595,4018745536,4018745608,1,"IOTHUB_CLIENT_CONFIRMATION_OK"
9596,4018745737,4018745780,1,"IOTHUB_CLIENT_CONFIRMATION_OK"
9597,4018745937,4018746006,1,"IOTHUB_CLIENT_CONFIRMATION_OK"
9598,4018746137,4018746189,1,"IOTHUB_CLIENT_CONFIRMATION_OK"
9599,4018746337,4018746403,1,"IOTHUB_CLIENT_CONFIRMATION_OK"
9600,4018746537,4018746596,1,"IOTHUB_CLIENT_CONFIRMATION_OK"
9601,4018746737,4018746795,1,"IOTHUB_CLIENT_CONFIRMATION_OK"
9602,4018746938,4018747011,1,"IOTHUB_CLIENT_CONFIRMATION_OK"
9603,4018747138,4018747208,1,"IOTHUB_CLIENT_CONFIRMATION_OK"
9604,4018747338,4018747383,1,"IOTHUB_CLIENT_CONFIRMATION_OK"
9605,4018747538,4018747585,1,"IOTHUB_CLIENT_CONFIRMATION_OK"
9606,4018747738,4018747855,1,"IOTHUB_CLIENT_CONFIRMATION_OK"
9607,4018747938,4018747978,1,"IOTHUB_CLIENT_CONFIRMATION_OK"
9608,4018748139,4018748176,1,"IOTHUB_CLIENT_CONFIRMATION_OK"
9609,4018748339,4018748379,1,"IOTHUB_CLIENT_CONFIRMATION_OK"
9610,4018748539,4018748600,1,"IOTHUB_CLIENT_CONFIRMATION_OK"
9611,4018748739,4018748859,1,"IOTHUB_CLIENT_CONFIRMATION_OK"
9612,4018748939,4018748978,1,"IOTHUB_CLIENT_CONFIRMATION_OK"
9613,4018749139,4018749187,1,"IOTHUB_CLIENT_CONFIRMATION_OK"
9614,4018749339,4018749376,1,"IOTHUB_CLIENT_CONFIRMATION_OK"
9615,4018749540,4018749581,1,"IOTHUB_CLIENT_CONFIRMATION_OK"
9616,4018749740,4018749788,1,"IOTHUB_CLIENT_CONFIRMATION_OK"
9617,4018749940,4018749981,1,"IOTHUB_CLIENT_CONFIRMATION_OK"
9618,4018750140,4018750181,1,"IOTHUB_CLIENT_CONFIRMATION_OK"
9619,4018750340,4018750479,1,"IOTHUB_CLIENT_CONFIRMATION_OK"
9620,4018750540,4018750575,1,"IOTHUB_CLIENT_CONFIRMATION_OK"
9621,4018750741,4018750788,1,"IOTHUB_CLIENT_CONFIRMATION_OK"
9622,4018750941,4018750991,1,"IOTHUB_CLIENT_CONFIRMATION_OK"
9623,4018751141,4018751181,1,"IOTHUB_CLIENT_CONFIRMATION_OK"
9624,4018751341,4018751379,1,"IOTHUB_CLIENT_CONFIRMATION_OK"
9625,4018751541,4018751575,1,"IOTHUB_CLIENT_CONFIRMATION_OK"
9626,4018751741,4018751830,1,"IOTHUB_CLIENT_CONFIRMATION_OK"
9627,4018751941,4018752193,1,"IOTHUB_CLIENT_CONFIRMATION_OK"
9628,4018752142,4018752226,1,"IOTHUB_CLIENT_CONFIRMATION_OK"
9629,4018752342,4018752390,1,"IOTHUB_CLIENT_CONFIRMATION_OK"
9630,4018752542,4018752603,1,"IOTHUB_CLIENT_CONFIRMATION_OK"
9631,4018752742,4018752786,1,"IOTHUB_CLIENT_CONFIRMATION_OK"
9632,4018752942,4018752984,1,"IOTHUB_CLIENT_CONFIRMATION_OK"
9633,4018753142,4018753182,1,"IOTHUB_CLIENT_CONFIRMATION_OK"
9634,4018753343,4018753397,1,"IOTHUB_CLIENT_CONFIRMATION_OK"
9635,4018753543,4018753582,1,"IOTHUB_CLIENT_CONFIRMATION_OK"
9636,4018753743,4018753794,1,"IOTHUB_CLIENT_CONFIRMATION_OK"
9637,4018753943,4018753978,1,"IOTHUB_CLIENT_CONFIRMATION_OK"
9638,4018754143,4018754221,1,"IOTHUB_CLIENT_CONFIRMATION_OK"
9639,4018754343,4018754386,1,"IOTHUB_CLIENT_CONFIRMATION_OK"
9640,4018754544,4018754581,1,"IOTHUB_CLIENT_CONFIRMATION_OK"
9641,4018754744,4018754866,1,"IOTHUB_CLIENT_CONFIRMATION_OK"
9642,4018754944,4018754997,1,"IOTHUB_CLIENT_CONFIRMATION_OK"
9643,4018755144,4018755182,1,"IOTHUB_CLIENT_CONFIRMATION_OK"
9644,4018755344,4018755399,1,"IOTHUB_CLIENT_CONFIRMATION_OK"
9645,4018755544,4018755586,1,"IOTHUB_CLIENT_CONFIRMATION_OK"
9646,4018755744,4018755841,1,"IOTHUB_CLIENT_CONFIRMATION_OK"
9647,4018755945,4018755981,1,"IOTHUB_CLIENT_CONFIRMATION_OK"
9648,4018756145,4018756184,1,"IOTHUB_CLIENT_CONFIRMATION_OK"
9649,4018756345,4018756465,1,"IOTHUB_CLIENT_CONFIRMATION_OK"
9650,4018756545,4018756585,1,"IOTHUB_CLIENT_CONFIRMATION_OK"
9651,4018756745,4018756796,1,"IOTHUB_CLIENT_CONFIRMATION_OK"
9652,4018756945,4018757002,1,"IOTHUB_CLIENT_CONFIRMATION_OK"
9653,4018757146,4018757200,1,"IOTHUB_CLIENT_CONFIRMATION_OK"
9654,4018757346,4018757470,1,"IOTHUB_CLIENT_CONFIRMATION_OK"
9655,4018757546,4018757583,1,"IOTHUB_CLIENT_CONFIRMATION_OK"
9656,4018757746,4018757796,1,"IOTHUB_CLIENT_CONFIRMATION_OK"
9657,4018757946,4018758096,1,"IOTHUB_CLIENT_CONFIRMATION_OK"
9658,4018758146,4018758190,1,"IOTHUB_CLIENT_CONFIRMATION_OK"
9659,4018758347,4018758399,1,"IOTHUB_CLIENT_CONFIRMATION_OK"
9660,4018758547,4018758581,1,"IOTHUB_CLIENT_CONFIRMATION_OK"
9661,4018758747,4018758838,1,"IOTHUB_CLIENT_CONFIRMATION_OK"
9662,4018758947,4018758994,1,"IOTHUB_CLIENT_CONFIRMATION_OK"
9663,4018759147,4018759184,1,"IOTHUB_CLIENT_CONFIRMATION_OK"
9664,4018759347,4018759386,1,"IOTHUB_CLIENT_CONFIRMATION_OK"
9665,4018759547,4018759729,1,"IOTHUB_CLIENT_CONFIRMATION_OK"
9666,4018759748,4018759803,1,"IOTHUB_CLIENT_CONFIRMATION_OK"
9667,4018759948,4018759985,1,"IOTHUB_CLIENT_CONFIRMATION_OK"
9668,4018760148,4018760189,1,"IOTHUB_CLIENT_CONFIRMATION_OK"
9669,4018760348,4018760392,1,"IOTHUB_CLIENT_CONFIRMATION_OK"
9670,4018760548,4018760598,1,"IOTHUB_CLIENT_CONFIRMATION_OK"
9671,4018760748,4018760791,1,"IOTHUB_CLIENT_CONFIRMATION_OK"
9672,4018760949,4018760998,1,"IOTHUB_CLIENT_CONFIRMATION_OK"
9673,4018761149,4018761339,1,"IOTHUB_CLIENT_CONFIRMATION_OK"
9674,4018761349,4018761389,1,"IOTHUB_CLIENT_CONFIRMATION_OK"
9675,4018761549,4018761595,1,"IOTHUB_CLIENT_CONFIRMATION_OK"
9676,4018761749,4018761787,1,"IOTHUB_CLIENT_CONFIRMATION_OK"
9677,4018761949,4018762018,1,"IOTHUB_CLIENT_CONFIRMATION_OK"
9678,4018762149,4018762195,1,"IOTHUB_CLIENT_CONFIRMATION_OK"
9679,4018762350,4018762391,1,"IOTHUB_CLIENT_CONFIRMATION_OK"
9680,4018762550,4018762587,1,"IOTHUB_CLIENT_CONFIRMATION_OK"
9681,4018762750,4018762958,1,"IOTHUB_CLIENT_CONFIRMATION_OK"
9682,4018762950,4018762989,1,"IOTHUB_CLIENT_CONFIRMATION_OK"
9683,4018763150,4018763197,1,"IOTHUB_CLIENT_CONFIRMATION_OK"
9684,4018763350,4018763395,1,"IOTHUB_CLIENT_CONFIRMATION_OK"
9685,4018763550,4018763590,1,"IOTHUB_CLIENT_CONFIRMATION_OK"
9686,4018763751,4018763793,1,"IOTHUB_CLIENT_CONFIRMATION_OK"
9687,4018763951,4018764017,1,"IOTHUB_CLIENT_CONFIRMATION_OK"
9688,4018764151,4018764192,1,"IOTHUB_CLIENT_CONFIRMATION_OK"
9689,4018764351,4018764422,1,"IOTHUB_CLIENT_CONFIRMATION_OK"
9690,4018764551,4018764595,1,"IOTHUB_CLIENT_CONFIRMATION_OK"
9691,4018764751,4018764831,1,"IOTHUB_CLIENT_CONFIRMATION_OK"
9692,4018764952,4018764994,1,"IOTHUB_CLIENT_CONFIRMATION_OK"
9693,4018765152,4018765188,1,"IOTHUB_CLIENT_CONFIRMATION_OK"
9694,4018765352,4018765416,1,"IOTHUB_CLIENT_CONFIRMATION_OK"
9695,4018765552,4018765597,1,"IOTHUB_CLIENT_CONFIRMATION_OK"
9696,4018765752,4018765792,1,"IOTHUB_CLIENT_CONFIRMATION_OK"
9697,4018765952,4018765993,1,"IOTHUB_CLIENT_CONFIRMATION_OK"
9698,4018766153,4018766214,1,"IOTHUB_CLIENT_CONFIRMATION_OK"
9699,4018766353,4018766394,1,"IOTHUB_CLIENT_CONFIRMATION_OK"
9700,4018766553,4018766613,1,"IOTHUB_CLIENT_CONFIRMATION_OK"
9701,4018766753,4018766794,1,"IOTHUB_CLIENT_CONFIRMATION_OK"
9702,4018766953,4018767093,1,"IOTHUB_CLIENT_CONFIRMATION_OK"
9703,4018767153,4018767218,1,"IOTHUB_CLIENT_CONFIRMATION_OK"
9704,4018767353,4018767392,1,"IOTHUB_CLIENT_CONFIRMATION_OK"
9705,4018767554,4018767597,1,"IOTHUB_CLIENT_CONFIRMATION_OK"
9706,4018767754,4018767788,1,"IOTHUB_CLIENT_CONFIRMATION_OK"
9707,4018767954,4018768071,1,"IOTHUB_CLIENT_CONFIRMATION_OK"
9708,4018768154,4018768237,1,"IOTHUB_CLIENT_CONFIRMATION_OK"
9709,4018768354,4018768400,1,"IOTHUB_CLIENT_CONFIRMATION_OK"
9710,4018768554,4018768648,1,"IOTHUB_CLIENT_CONFIRMATION_OK"
9711,4018768755,4018768866,1,"IOTHUB_CLIENT_CONFIRMATION_OK"
9712,4018768955,4018768994,1,"IOTHUB_CLIENT_CONFIRMATION_OK"
9713,4018769155,4018769202,1,"IOTHUB_CLIENT_CONFIRMATION_OK"
9714,4018769355,4018769396,1,"IOTHUB_CLIENT_CONFIRMATION_OK"
9715,4018769555,4018769597,1,"IOTHUB_CLIENT_CONFIRMATION_OK"
9716,4018769755,4018769794,1,"IOTHUB_CLIENT_CONFIRMATION_OK"
9717,4018769956,4018769993,1,"IOTHUB_CLIENT_CONFIRMATION_OK"
9718,4018770156,4018770209,1,"IOTHUB_CLIENT_CONFIRMATION_OK"
9719,4018770356,4018770492,1,"IOTHUB_CLIENT_CONFIRMATION_OK"
9720,4018770556,4018770592,1,"IOTHUB_CLIENT_CONFIRMATION_OK"
9721,4018770756,4018770853,1,"IOTHUB_CLIENT_CONFIRMATION_OK"
9722,4018770956,4018771000,1,"IOTHUB_CLIENT_CONFIRMATION_OK"
9723,4018771157,4018771197,1,"IOTHUB_CLIENT_CONFIRMATION_OK"
9724,4018771357,4018771395,1,"IOTHUB_CLIENT_CONFIRMATION_OK"
9725,4018771557,4018771600,1,"IOTHUB_CLIENT_CONFIRMATION_OK"
9726,4018771757,4018771872,1,"IOTHUB_CLIENT_CONFIRMATION_OK"
9727,4018771957,4018772123,1,"IOTHUB_CLIENT_CONFIRMATION_OK"
9728,4018772157,4018772192,1,"IOTHUB_CLIENT_CONFIRMATION_OK"
9729,4018772358,4018772419,1,"IOTHUB_CLIENT_CONFIRMATION_OK"
9730,4018772558,4018772593,1,"IOTHUB_CLIENT_CONFIRMATION_OK"
9731,4018772758,4018772797,1,"IOTHUB_CLIENT_CONFIRMATION_OK"
9732,4018772958,4018773006,1,"IOTHUB_CLIENT_CONFIRMATION_OK"
9733,4018773158,4018773198,1,"IOTHUB_CLIENT_CONFIRMATION_OK"
9734,4018773358,4018773400,1,"IOTHUB_CLIENT_CONFIRMATION_OK"
9735,4018773558,4018773736,1,"IOTHUB_CLIENT_CONFIRMATION_OK"
9736,4018773759,4018773799,1,"IOTHUB_CLIENT_CONFIRMATION_OK"
9737,4018773959,4018773997,1,"IOTHUB_CLIENT_CONFIRMATION_OK"
9738,4018774159,4018774233,1,"IOTHUB_CLIENT_CONFIRMATION_OK"
9739,4018774359,4018774404,1,"IOTHUB_CLIENT_CONFIRMATION_OK"
9740,4018774559,4018774597,1,"IOTHUB_CLIENT_CONFIRMATION_OK"
9741,4018774759,4018774804,1,"IOTHUB_CLIENT_CONFIRMATION_OK"
9742,4018774960,4018775021,1,"IOTHUB_CLIENT_CONFIRMATION_OK"
9743,4018775160,4018775207,1,"IOTHUB_CLIENT_CONFIRMATION_OK"
9744,4018775360,4018775411,1,"IOTHUB_CLIENT_CONFIRMATION_OK"
9745,4018775560,4018775632,1,"IOTHUB_CLIENT_CONFIRMATION_OK"
9746,4018775760,4018775826,1,"IOTHUB_CLIENT_CONFIRMATION_OK"
9747,4018775960,4018775994,1,"IOTHUB_CLIENT_CONFIRMATION_OK"
9748,4018776161,4018776198,1,"IOTHUB_CLIENT_CONFIRMATION_OK"
9749,4018776361,4018776439,1,"IOTHUB_CLIENT_CONFIRMATION_OK"
9750,4018776561,4018776598,1,"IOTHUB_CLIENT_CONFIRMATION_OK"
9751,4018776761,4018776848,1,"IOTHUB_CLIENT_CONFIRMATION_OK"
9752,4018776961,4018777006,1,"IOTHUB_CLIENT_CONFIRMATION_OK"
9753,4018777161,4018777208,1,"IOTHUB_CLIENT_CONFIRMATION_OK"
9754,4018777361,4018777520,1,"IOTHUB_CLIENT_CONFIRMATION_OK"
9755,4018777562,4018777695,1,"IOTHUB_CLIENT_CONFIRMATION_OK"
9756,4018777762,4018777808,1,"IOTHUB_CLIENT_CONFIRMATION_OK"
9757,4018777962,4018778087,1,"IOTHUB_CLIENT_CONFIRMATION_OK"
9758,4018778162,4018778203,1,"IOTHUB_CLIENT_CONFIRMATION_OK"
9759,4018778362,4018778392,1,"IOTHUB_CLIENT_CONFIRMATION_OK"
9760,4018778562,4018778607,1,"IOTHUB_CLIENT_CONFIRMATION_OK"
9761,4018778763,4018778810,1,"IOTHUB_CLIENT_CONFIRMATION_OK"
9762,4018778963,4018779098,1,"IOTHUB_CLIENT_CONFIRMATION_OK"
9763,4018779163,4018779204,1,"IOTHUB_CLIENT_CONFIRMATION_OK"
9764,4018779363,4018779407,1,"IOTHUB_CLIENT_CONFIRMATION_OK"
9765,4018779563,4018779717,1,"IOTHUB_CLIENT_CONFIRMATION_OK"
9766,4018779763,4018779803,1,"IOTHUB_CLIENT_CONFIRMATION_OK"
9767,4018779963,4018780004,1,"IOTHUB_CLIENT_CONFIRMATION_OK"
9768,4018780164,4018780213,1,"IOTHUB_CLIENT_CONFIRMATION_OK"
9769,4018780364,4018780399,1,"IOTHUB_CLIENT_CONFIRMATION_OK"
9770,4018780564,4018780607,1,"IOTHUB_CLIENT_CONFIRMATION_OK"
9771,4018780764,4018780804,1,"IOTHUB_CLIENT_CONFIRMATION_OK"
9772,4018780964,4018781005,1,"IOTHUB_CLIENT_CONFIRMATION_OK"
9773,4018781164,4018781334,1,"IOTHUB_CLIENT_CONFIRMATION_OK"
9774,4018781365,4018781420,1,"IOTHUB_CLIENT_CONFIRMATION_OK"
9775,4018781565,4018781621,1,"IOTHUB_CLIENT_CONFIRMATION_OK"
9776,4018781765,4018781805,1,"IOTHUB_CLIENT_CONFIRMATION_OK"
9777,4018781965,4018782007,1,"IOTHUB_CLIENT_CONFIRMATION_OK"
9778,4018782165,4018782202,1,"IOTHUB_CLIENT_CONFIRMATION_OK"
9779,4018782365,4018782400,1,"IOTHUB_CLIENT_CONFIRMATION_OK"
9780,4018782565,4018782766,1,"IOTHUB_CLIENT_CONFIRMATION_OK"
9781,4018782766,4018782987,1,"IOTHUB_CLIENT_CONFIRMATION_OK"
9782,4018782966,4018783015,1,"IOTHUB_CLIENT_CONFIRMATION_OK"
9783,4018783166,4018783212,1,"IOTHUB_CLIENT_CONFIRMATION_OK"
9784,4018783366,4018783420,1,"IOTHUB_CLIENT_CONFIRMATION_OK"
9785,4018783566,4018783613,1,"IOTHUB_CLIENT_CONFIRMATION_OK"
9786,4018783767,4018783810,1,"IOTHUB_CLIENT_CONFIRMATION_OK"
9787,4018783967,4018784036,1,"IOTHUB_CLIENT_CONFIRMATION_OK"
9788,4018784167,4018784208,1,"IOTHUB_CLIENT_CONFIRMATION_OK"
9789,4018784367,4018784405,1,"IOTHUB_CLIENT_CONFIRMATION_OK"
9790,4018784567,4018784607,1,"IOTHUB_CLIENT_CONFIRMATION_OK"
9791,4018784767,4018784805,1,"IOTHUB_CLIENT_CONFIRMATION_OK"
9792,4018784968,4018785057,1,"IOTHUB_CLIENT_CONFIRMATION_OK"
9793,4018785168,4018785249,1,"IOTHUB_CLIENT_CONFIRMATION_OK"
9794,4018785368,4018785409,1,"IOTHUB_CLIENT_CONFIRMATION_OK"
9795,4018785568,4018785675,1,"IOTHUB_CLIENT_CONFIRMATION_OK"
9796,4018785768,4018785813,1,"IOTHUB_CLIENT_CONFIRMATION_OK"
9797,4018785968,4018786010,1,"IOTHUB_CLIENT_CONFIRMATION_OK"
9798,4018786168,4018786207,1,"IOTHUB_CLIENT_CONFIRMATION_OK"
9799,4018786369,4018786410,1,"IOTHUB_CLIENT_CONFIRMATION_OK"
9800,4018786569,4018786679,1,"IOTHUB_CLIENT_CONFIRMATION_OK"
9801,4018786769,4018786841,1,"IOTHUB_CLIENT_CONFIRMATION_OK"
9802,4018786969,4018787009,1,"IOTHUB_CLIENT_CONFIRMATION_OK"
9803,4018787169,4018787232,1,"IOTHUB_CLIENT_CONFIRMATION_OK"
9804,4018787369,4018787409,1,"IOTHUB_CLIENT_CONFIRMATION_OK"
9805,4018787570,4018787613,1,"IOTHUB_CLIENT_CONFIRMATION_OK"
9806,4018787770,4018787881,1,"IOTHUB_CLIENT_CONFIRMATION_OK"
9807,4018787970,4018788012,1,"IOTHUB_CLIENT_CONFIRMATION_OK"
9808,4018788170,4018788298,1,"IOTHUB_CLIENT_CONFIRMATION_OK"
9809,4018788370,4018788409,1,"IOTHUB_CLIENT_CONFIRMATION_OK"
9810,4018788570,4018788610,1,"IOTHUB_CLIENT_CONFIRMATION_OK"
9811,4018788771,4018788844,1,"IOTHUB_CLIENT_CONFIRMATION_OK"
9812,4018788971,4018789060,1,"IOTHUB_CLIENT_CONFIRMATION_OK"
9813,4018789171,4018789213,1,"IOTHUB_CLIENT_CONFIRMATION_OK"
9814,4018789371,4018789415,1,"IOTHUB_CLIENT_CONFIRMATION_OK"
9815,4018789571,4018789615,1,"IOTHUB_CLIENT_CONFIRMATION_OK"
9816,4018789771,4018789938,1,"IOTHUB_CLIENT_CONFIRMATION_OK"
9817,4018789971,4018790009,1,"IOTHUB_CLIENT_CONFIRMATION_OK"
9818,4018790172,4018790214,1,"IOTHUB_CLIENT_CONFIRMATION_OK"
9819,4018790372,4018790415,1,"IOTHUB_CLIENT_CONFIRMATION_OK"
9820,4018790572,4018790610,1,"IOTHUB_CLIENT_CONFIRMATION_OK"
9821,4018790772,4018790822,1,"IOTHUB_CLIENT_CONFIRMATION_OK"
9822,4018790972,4018791042,1,"IOTHUB_CLIENT_CONFIRMATION_OK"
9823,4018791172,4018791214,1,"IOTHUB_CLIENT_CONFIRMATION_OK"
9824,4018791373,4018791420,1,"IOTHUB_CLIENT_CONFIRMATION_OK"
9825,4018791573,4018791624,1,"IOTHUB_CLIENT_CONFIRMATION_OK"
9826,4018791773,4018791816,1,"IOTHUB_CLIENT_CONFIRMATION_OK"
9827,4018791973,4018792244,1,"IOTHUB_CLIENT_CONFIRMATION_OK"
9828,4018792173,4018792327,1,"IOTHUB_CLIENT_CONFIRMATION_OK"
9829,4018792373,4018792412,1,"IOTHUB_CLIENT_CONFIRMATION_OK"
9830,4018792573,4018792618,1,"IOTHUB_CLIENT_CONFIRMATION_OK"
9831,4018792774,4018792812,1,"IOTHUB_CLIENT_CONFIRMATION_OK"
9832,4018792974,4018793011,1,"IOTHUB_CLIENT_CONFIRMATION_OK"
9833,4018793174,4018793212,1,"IOTHUB_CLIENT_CONFIRMATION_OK"
9834,4018793374,4018793416,1,"IOTHUB_CLIENT_CONFIRMATION_OK"
9835,4018793574,4018793620,1,"IOTHUB_CLIENT_CONFIRMATION_OK"
9836,4018793774,4018793820,1,"IOTHUB_CLIENT_CONFIRMATION_OK"
9837,4018793975,4018794020,1,"IOTHUB_CLIENT_CONFIRMATION_OK"
9838,4018794175,4018794217,1,"IOTHUB_CLIENT_CONFIRMATION_OK"
9839,4018794375,4018794416,1,"IOTHUB_CLIENT_CONFIRMATION_OK"
9840,4018794575,4018794612,1,"IOTHUB_CLIENT_CONFIRMATION_OK"
9841,4018794775,4018794863,1,"IOTHUB_CLIENT_CONFIRMATION_OK"
9842,4018794975,4018795012,1,"IOTHUB_CLIENT_CONFIRMATION_OK"
9843,4018795175,4018795214,1,"IOTHUB_CLIENT_CONFIRMATION_OK"
9844,4018795376,4018795413,1,"IOTHUB_CLIENT_CONFIRMATION_OK"
9845,4018795576,4018795616,1,"IOTHUB_CLIENT_CONFIRMATION_OK"
9846,4018795776,4018795826,1,"IOTHUB_CLIENT_CONFIRMATION_OK"
9847,4018795976,4018796108,1,"IOTHUB_CLIENT_CONFIRMATION_OK"
9848,4018796176,4018796218,1,"IOTHUB_CLIENT_CONFIRMATION_OK"
9849,4018796376,4018796454,1,"IOTHUB_CLIENT_CONFIRMATION_OK"
9850,4018796577,4018796626,1,"IOTHUB_CLIENT_CONFIRMATION_OK"
9851,4018796777,4018796812,1,"IOTHUB_CLIENT_CONFIRMATION_OK"
9852,4018796977,4018797019,1,"IOTHUB_CLIENT_CONFIRMATION_OK"
9853,4018797177,4018797218,1,"IOTHUB_CLIENT_CONFIRMATION_OK"
9854,4018797377,4018797477,1,"IOTHUB_CLIENT_CONFIRMATION_OK"
9855,4018797577,4018797629,1,"IOTHUB_CLIENT_CONFIRMATION_OK"
9856,4018797777,4018797820,1,"IOTHUB_CLIENT_CONFIRMATION_OK"
9857,4018797978,4018798084,1,"IOTHUB_CLIENT_CONFIRMATION_OK"
9858,4018798178,4018798231,1,"IOTHUB_CLIENT_CONFIRMATION_OK"
9859,4018798378,4018798423,1,"IOTHUB_CLIENT_CONFIRMATION_OK"
9860,4018798578,4018798665,1,"IOTHUB_CLIENT_CONFIRMATION_OK"
9861,4018798778,4018798818,1,"IOTHUB_CLIENT_CONFIRMATION_OK"
9862,4018798978,4018799080,1,"IOTHUB_CLIENT_CONFIRMATION_OK"
9863,4018799179,4018799225,1,"IOTHUB_CLIENT_CONFIRMATION_OK"
9864,4018799379,4018799499,1,"IOTHUB_CLIENT_CONFIRMATION_OK"
9865,4018799579,4018799692,1,"IOTHUB_CLIENT_CONFIRMATION_OK"
9866,4018799779,4018799825,1,"IOTHUB_CLIENT_CONFIRMATION_OK"
9867,4018799979,4018800020,1,"IOTHUB_CLIENT_CONFIRMATION_OK"
9868,4018800179,4018800226,1,"IOTHUB_CLIENT_CONFIRMATION_OK"
9869,4018800379,4018800423,1,"IOTHUB_CLIENT_CONFIRMATION_OK"
9870,4018800580,4018800797,1,"IOTHUB_CLIENT_CONFIRMATION_OK"
9871,4018800780,4018800818,1,"IOTHUB_CLIENT_CONFIRMATION_OK"
9872,4018800980,4018801035,1,"IOTHUB_CLIENT_CONFIRMATION_OK"
9873,4018801180,4018801334,1,"IOTHUB_CLIENT_CONFIRMATION_OK"
9874,4018801380,4018801423,1,"IOTHUB_CLIENT_CONFIRMATION_OK"
9875,4018801580,4018801623,1,"IOTHUB_CLIENT_CONFIRMATION_OK"
9876,4018801781,4018801823,1,"IOTHUB_CLIENT_CONFIRMATION_OK"
9877,4018801981,4018802015,1,"IOTHUB_CLIENT_CONFIRMATION_OK"
9878,4018802181,4018802223,1,"IOTHUB_CLIENT_CONFIRMATION_OK"
9879,4018802381,4018802440,1,"IOTHUB_CLIENT_CONFIRMATION_OK"
9880,4018802581,4018802627,1,"IOTHUB_CLIENT_CONFIRMATION_OK"
9881,4018802781,4018802943,1,"IOTHUB_CLIENT_CONFIRMATION_OK"
9882,4018802981,4018803033,1,"IOTHUB_CLIENT_CONFIRMATION_OK"
9883,4018803182,4018803231,1,"IOTHUB_CLIENT_CONFIRMATION_OK"
9884,4018803382,4018803426,1,"IOTHUB_CLIENT_CONFIRMATION_OK"
9885,4018803582,4018803632,1,"IOTHUB_CLIENT_CONFIRMATION_OK"
9886,4018803782,4018803824,1,"IOTHUB_CLIENT_CONFIRMATION_OK"
9887,4018803982,4018804018,1,"IOTHUB_CLIENT_CONFIRMATION_OK"
9888,4018804182,4018804222,1,"IOTHUB_CLIENT_CONFIRMATION_OK"
9889,4018804382,4018804430,1,"IOTHUB_CLIENT_CONFIRMATION_OK"
9890,4018804583,4018804637,1,"IOTHUB_CLIENT_CONFIRMATION_OK"
9891,4018804783,4018804824,1,"IOTHUB_CLIENT_CONFIRMATION_OK"
9892,4018804983,4018805051,1,"IOTHUB_CLIENT_CONFIRMATION_OK"
9893,4018805183,4018805225,1,"IOTHUB_CLIENT_CONFIRMATION_OK"
9894,4018805383,4018805427,1,"IOTHUB_CLIENT_CONFIRMATION_OK"
9895,4018805583,4018805642,1,"IOTHUB_CLIENT_CONFIRMATION_OK"
9896,4018805783,4018805822,1,"IOTHUB_CLIENT_CONFIRMATION_OK"
9897,4018805984,4018806038,1,"IOTHUB_CLIENT_CONFIRMATION_OK"
9898,4018806184,4018806224,1,"IOTHUB_CLIENT_CONFIRMATION_OK"
9899,4018806384,4018806487,1,"IOTHUB_CLIENT_CONFIRMATION_OK"
9900,4018806584,4018806732,1,"IOTHUB_CLIENT_CONFIRMATION_OK"
9901,4018806784,4018806849,1,"IOTHUB_CLIENT_CONFIRMATION_OK"
9902,4018806984,4018807053,1,"IOTHUB_CLIENT_CONFIRMATION_OK"
9903,4018807185,4018807227,1,"IOTHUB_CLIENT_CONFIRMATION_OK"
9904,4018807385,4018807429,1,"IOTHUB_CLIENT_CONFIRMATION_OK"
9905,4018807585,4018807626,1,"IOTHUB_CLIENT_CONFIRMATION_OK"
9906,4018807785,4018807851,1,"IOTHUB_CLIENT_CONFIRMATION_OK"
9907,4018807985,4018808028,1,"IOTHUB_CLIENT_CONFIRMATION_OK"
9908,4018808185,4018808359,1,"IOTHUB_CLIENT_CONFIRMATION_OK"
9909,4018808386,4018808439,1,"IOTHUB_CLIENT_CONFIRMATION_OK"
9910,4018808586,4018808624,1,"IOTHUB_CLIENT_CONFIRMATION_OK"
9911,4018808786,4018808855,1,"IOTHUB_CLIENT_CONFIRMATION_OK"
9912,4018808986,4018809028,1,"IOTHUB_CLIENT_CONFIRMATION_OK"
9913,4018809186,4018809234,1,"IOTHUB_CLIENT_CONFIRMATION_OK"
9914,4018809386,4018809422,1,"IOTHUB_CLIENT_CONFIRMATION_OK"
9915,4018809586,4018809634,1,"IOTHUB_CLIENT_CONFIRMATION_OK"
9916,4018809787,4018809980,1,"IOTHUB_CLIENT_CONFIRMATION_OK"
9917,4018809987,4018810020,1,"IOTHUB_CLIENT_CONFIRMATION_OK"
9918,4018810187,4018810232,1,"IOTHUB_CLIENT_CONFIRMATION_OK"
9919,4018810387,4018810427,1,"IOTHUB_CLIENT_CONFIRMATION_OK"
9920,4018810587,4018810627,1,"IOTHUB_CLIENT_CONFIRMATION_OK"
9921,4018810787,4018810825,1,"IOTHUB_CLIENT_CONFIRMATION_OK"
9922,4018810988,4018811033,1,"IOTHUB_CLIENT_CONFIRMATION_OK"
9923,4018811188,4018811224,1,"IOTHUB_CLIENT_CONFIRMATION_OK"
9924,4018811388,4018811425,1,"IOTHUB_CLIENT_CONFIRMATION_OK"
9925,4018811588,4018811698,1,"IOTHUB_CLIENT_CONFIRMATION_OK"
9926,4018811788,4018811821,1,"IOTHUB_CLIENT_CONFIRMATION_OK"
9927,4018811988,4018812033,1,"IOTHUB_CLIENT_CONFIRMATION_OK"
9928,4018812189,4018812229,1,"IOTHUB_CLIENT_CONFIRMATION_OK"
9929,4018812389,4018812516,1,"IOTHUB_CLIENT_CONFIRMATION_OK"
9930,4018812589,4018812736,1,"IOTHUB_CLIENT_CONFIRMATION_OK"
9931,4018812789,4018812838,1,"IOTHUB_CLIENT_CONFIRMATION_OK"
9932,4018812989,4018813117,1,"IOTHUB_CLIENT_CONFIRMATION_OK"
9933,4018813189,4018813233,1,"IOTHUB_CLIENT_CONFIRMATION_OK"
9934,4018813389,4018813475,1,"IOTHUB_CLIENT_CONFIRMATION_OK"
9935,4018813590,4018813742,1,"IOTHUB_CLIENT_CONFIRMATION_OK"
9936,4018813790,4018813973,1,"IOTHUB_CLIENT_CONFIRMATION_OK"
9937,4018813990,4018814035,1,"IOTHUB_CLIENT_CONFIRMATION_OK"
9938,4018814190,4018814228,1,"IOTHUB_CLIENT_CONFIRMATION_OK"
9939,4018814390,4018814436,1,"IOTHUB_CLIENT_CONFIRMATION_OK"
9940,4018814590,4018814648,1,"IOTHUB_CLIENT_CONFIRMATION_OK"
9941,4018814791,4018814841,1,"IOTHUB_CLIENT_CONFIRMATION_OK"
9942,4018814991,4018815061,1,"IOTHUB_CLIENT_CONFIRMATION_OK"
9943,4018815191,4018815395,1,"IOTHUB_CLIENT_CONFIRMATION_OK"
9944,4018815391,4018815426,1,"IOTHUB_CLIENT_CONFIRMATION_OK"
9945,4018815591,4018815647,1,"IOTHUB_CLIENT_CONFIRMATION_OK"
9946,4018815791,4018815834,1,"IOTHUB_CLIENT_CONFIRMATION_OK"
9947,4018815992,4018816043,1,"IOTHUB_CLIENT_CONFIRMATION_OK"
9948,4018816192,4018816235,1,"IOTHUB_CLIENT_CONFIRMATION_OK"
9949,4018816392,4018816435,1,"IOTHUB_CLIENT_CONFIRMATION_OK"
9950,4018816592,4018816630,1,"IOTHUB_CLIENT_CONFIRMATION_OK"
9951,4018816792,4018816833,1,"IOTHUB_CLIENT_CONFIRMATION_OK"
9952,4018816992,4018817034,1,"IOTHUB_CLIENT_CONFIRMATION_OK"
9953,4018817192,4018817230,1,"IOTHUB_CLIENT_CONFIRMATION_OK"
9954,4018817393,4018817434,1,"IOTHUB_CLIENT_CONFIRMATION_OK"
9955,4018817593,4018817628,1,"IOTHUB_CLIENT_CONFIRMATION_OK"
9956,4018817793,4018817835,1,"IOTHUB_CLIENT_CONFIRMATION_OK"
9957,4018817993,4018818081,1,"IOTHUB_CLIENT_CONFIRMATION_OK"
9958,4018818193,4018818234,1,"IOTHUB_CLIENT_CONFIRMATION_OK"
9959,4018818393,4018818432,1,"IOTHUB_CLIENT_CONFIRMATION_OK"
9960,4018818594,4018818637,1,"IOTHUB_CLIENT_CONFIRMATION_OK"
9961,4018818794,4018818835,1,"IOTHUB_CLIENT_CONFIRMATION_OK"
9962,4018818994,4018819069,1,"IOTHUB_CLIENT_CONFIRMATION_OK"
9963,4018819194,4018819229,1,"IOTHUB_CLIENT_CONFIRMATION_OK"
9964,4018819394,4018819431,1,"IOTHUB_CLIENT_CONFIRMATION_OK"
9965,4018819594,4018819708,1,"IOTHUB_CLIENT_CONFIRMATION_OK"
9966,4018819795,4018819833,1,"IOTHUB_CLIENT_CONFIRMATION_OK"
9967,4018819995,4018820032,1,"IOTHUB_CLIENT_CONFIRMATION_OK"
9968,4018820195,4018820238,1,"IOTHUB_CLIENT_CONFIRMATION_OK"
9969,4018820395,4018820438,1,"IOTHUB_CLIENT_CONFIRMATION_OK"
9970,4018820595,4018820717,1,"IOTHUB_CLIENT_CONFIRMATION_OK"
9971,4018820795,4018820826,1,"IOTHUB_CLIENT_CONFIRMATION_OK"
9972,4018820996,4018821048,1,"IOTHUB_CLIENT_CONFIRMATION_OK"
9973,4018821196,4018821259,1,"IOTHUB_CLIENT_CONFIRMATION_OK"
9974,4018821396,4018821453,1,"IOTHUB_CLIENT_CONFIRMATION_OK"
9975,4018821596,4018821650,1,"IOTHUB_CLIENT_CONFIRMATION_OK"
9976,4018821796,4018821843,1,"IOTHUB_CLIENT_CONFIRMATION_OK"
9977,4018821996,4018822042,1,"IOTHUB_CLIENT_CONFIRMATION_OK"
9978,4018822196,4018822370,1,"IOTHUB_CLIENT_CONFIRMATION_OK"
9979,4018822397,4018822435,1,"IOTHUB_CLIENT_CONFIRMATION_OK"
9980,4018822597,4018822641,1,"IOTHUB_CLIENT_CONFIRMATION_OK"
9981,4018822797,4018822840,1,"IOTHUB_CLIENT_CONFIRMATION_OK"
9982,4018822997,4018823042,1,"IOTHUB_CLIENT_CONFIRMATION_OK"
9983,4018823197,4018823261,1,"IOTHUB_CLIENT_CONFIRMATION_OK"
9984,4018823397,4018823459,1,"IOTHUB_CLIENT_CONFIRMATION_OK"
9985,4018823597,4018823634,1,"IOTHUB_CLIENT_CONFIRMATION_OK"
9986,4018823798,4018823854,1,"IOTHUB_CLIENT_CONFIRMATION_OK"
9987,4018823998,4018824029,1,"IOTHUB_CLIENT_CONFIRMATION_OK"
9988,4018824198,4018824246,1,"IOTHUB_CLIENT_CONFIRMATION_OK"
9989,4018824398,4018824489,1,"IOTHUB_CLIENT_CONFIRMATION_OK"
9990,4018824598,4018824638,1,"IOTHUB_CLIENT_CONFIRMATION_OK"
9991,4018824798,4018824836,1,"IOTHUB_CLIENT_CONFIRMATION_OK"
9992,4018824999,4018825131,1,"IOTHUB_CLIENT_CONFIRMATION_OK"
9993,4018825199,4018825240,1,"IOTHUB_CLIENT_CONFIRMATION_OK"
9994,4018825399,4018825433,1,"IOTHUB_CLIENT_CONFIRMATION_OK"
9995,4018825599,4018825659,1,"IOTHUB_CLIENT_CONFIRMATION_OK"
9996,4018825799,4018825847,1,"IOTHUB_CLIENT_CONFIRMATION_OK"
9997,4018825999,4018826128,1,"IOTHUB_CLIENT_CONFIRMATION_OK"
9998,4018826199,4018826241,1,"IOTHUB_CLIENT_CONFIRMATION_OK"
9999,4018826400,4018826441,1,"IOTHUB_CLIENT_CONFIRMATION_OK"
10000,4018826600,4018826639,1,"IOTHUB_CLIENT_CONFIRMATION_OK"
10001,4018826800,4018826852,1,"IOTHUB_CLIENT_CONFIRMATION_OK"
10002,4018827000,4018827046,1,"IOTHUB_CLIENT_CONFIRMATION_OK"
10003,4018827200,4018827244,1,"IOTHUB_CLIENT_CONFIRMATION_OK"
10004,4018827400,4018827440,1,"IOTHUB_CLIENT_CONFIRMATION_OK"
10005,4018827601,4018827757,1,"IOTHUB_CLIENT_CONFIRMATION_OK"
10006,4018827801,4018827864,1,"IOTHUB_CLIENT_CONFIRMATION_OK"
10007,4018828001,4018828056,1,"IOTHUB_CLIENT_CONFIRMATION_OK"
10008,4018828201,4018828382,1,"IOTHUB_CLIENT_CONFIRMATION_OK"
10009,4018828401,4018828449,1,"IOTHUB_CLIENT_CONFIRMATION_OK"
10010,4018828601,4018828667,1,"IOTHUB_CLIENT_CONFIRMATION_OK"
10011,4018828801,4018828842,1,"IOTHUB_CLIENT_CONFIRMATION_OK"
10012,4018829002,4018829047,1,"IOTHUB_CLIENT_CONFIRMATION_OK"
10013,4018829202,4018829398,1,"IOTHUB_CLIENT_CONFIRMATION_OK"
10014,4018829402,4018829440,1,"IOTHUB_CLIENT_CONFIRMATION_OK"
10015,4018829602,4018829661,1,"IOTHUB_CLIENT_CONFIRMATION_OK"
10016,4018829802,4018829841,1,"IOTHUB_CLIENT_CONFIRMATION_OK"
10017,4018830002,4018830049,1,"IOTHUB_CLIENT_CONFIRMATION_OK"
10018,4018830203,4018830250,1,"IOTHUB_CLIENT_CONFIRMATION_OK"
10019,4018830403,4018830446,1,"IOTHUB_CLIENT_CONFIRMATION_OK"
10020,4018830603,4018830639,1,"IOTHUB_CLIENT_CONFIRMATION_OK"
10021,4018830803,4018830871,1,"IOTHUB_CLIENT_CONFIRMATION_OK"
10022,4018831003,4018831043,1,"IOTHUB_CLIENT_CONFIRMATION_OK"
10023,4018831203,4018831247,1,"IOTHUB_CLIENT_CONFIRMATION_OK"
10024,4018831403,4018831434,1,"IOTHUB_CLIENT_CONFIRMATION_OK"
10025,4018831604,4018831650,1,"IOTHUB_CLIENT_CONFIRMATION_OK"
10026,4018831804,4018831861,1,"IOTHUB_CLIENT_CONFIRMATION_OK"
10027,4018832004,4018832049,1,"IOTHUB_CLIENT_CONFIRMATION_OK"
10028,4018832204,4018832268,1,"IOTHUB_CLIENT_CONFIRMATION_OK"
10029,4018832404,4018832444,1,"IOTHUB_CLIENT_CONFIRMATION_OK"
10030,4018832604,4018832656,1,"IOTHUB_CLIENT_CONFIRMATION_OK"
10031,4018832805,4018832842,1,"IOTHUB_CLIENT_CONFIRMATION_OK"
10032,4018833005,4018833092,1,"IOTHUB_CLIENT_CONFIRMATION_OK"
10033,4018833205,4018833240,1,"IOTHUB_CLIENT_CONFIRMATION_OK"
10034,4018833405,4018833446,1,"IOTHUB_CLIENT_CONFIRMATION_OK"
10035,4018833605,4018833678,1,"IOTHUB_CLIENT_CONFIRMATION_OK"
10036,4018833805,4018833881,1,"IOTHUB_CLIENT_CONFIRMATION_OK"
10037,4018834005,4018834053,1,"IOTHUB_CLIENT_CONFIRMATION_OK"
10038,4018834206,4018834286,1,"IOTHUB_CLIENT_CONFIRMATION_OK"
10039,4018834406,4018834444,1,"IOTHUB_CLIENT_CONFIRMATION_OK"
10040,4018834606,4018834681,1,"IOTHUB_CLIENT_CONFIRMATION_OK"
10041,4018834806,4018834851,1,"IOTHUB_CLIENT_CONFIRMATION_OK"
10042,4018835006,4018835041,1,"IOTHUB_CLIENT_CONFIRMATION_OK"
10043,4018835206,4018835319,1,"IOTHUB_CLIENT_CONFIRMATION_OK"
10044,4018835407,4018835453,1,"IOTHUB_CLIENT_CONFIRMATION_OK"
10045,4018835607,4018835642,1,"IOTHUB_CLIENT_CONFIRMATION_OK"
10046,4018835807,4018835850,1,"IOTHUB_CLIENT_CONFIRMATION_OK"
10047,4018836007,4018836066,1,"IOTHUB_CLIENT_CONFIRMATION_OK"
10048,4018836207,4018836247,1,"IOTHUB_CLIENT_CONFIRMATION_OK"
10049,4018836408,4018836447,1,"IOTHUB_CLIENT_CONFIRMATION_OK"
10050,4018836608,4018836650,1,"IOTHUB_CLIENT_CONFIRMATION_OK"
10051,4018836808,4018837031,1,"IOTHUB_CLIENT_CONFIRMATION_OK"
10052,4018837008,4018837059,1,"IOTHUB_CLIENT_CONFIRMATION_OK"
10053,4018837208,4018837253,1,"IOTHUB_CLIENT_CONFIRMATION_OK"
10054,4018837408,4018837458,1,"IOTHUB_CLIENT_CONFIRMATION_OK"
10055,4018837609,4018837658,1,"IOTHUB_CLIENT_CONFIRMATION_OK"
10056,4018837809,4018837852,1,"IOTHUB_CLIENT_CONFIRMATION_OK"
10057,4018838009,4018838071,1,"IOTHUB_CLIENT_CONFIRMATION_OK"
10058,4018838209,4018838247,1,"IOTHUB_CLIENT_CONFIRMATION_OK"
10059,4018838409,4018838444,1,"IOTHUB_CLIENT_CONFIRMATION_OK"
10060,4018838609,4018838646,1,"IOTHUB_CLIENT_CONFIRMATION_OK"
10061,4018838809,4018838849,1,"IOTHUB_CLIENT_CONFIRMATION_OK"
10062,4018839010,4018839099,1,"IOTHUB_CLIENT_CONFIRMATION_OK"
10063,4018839210,4018839252,1,"IOTHUB_CLIENT_CONFIRMATION_OK"
10064,4018839410,4018839457,1,"IOTHUB_CLIENT_CONFIRMATION_OK"
10065,4018839610,4018839668,1,"IOTHUB_CLIENT_CONFIRMATION_OK"
10066,4018839810,4018839885,1,"IOTHUB_CLIENT_CONFIRMATION_OK"
10067,4018840010,4018840055,1,"IOTHUB_CLIENT_CONFIRMATION_OK"
10068,4018840211,4018840258,1,"IOTHUB_CLIENT_CONFIRMATION_OK"
10069,4018840411,4018840457,1,"IOTHUB_CLIENT_CONFIRMATION_OK"
10070,4018840611,4018840760,1,"IOTHUB_CLIENT_CONFIRMATION_OK"
10071,4018840811,4018840842,1,"IOTHUB_CLIENT_CONFIRMATION_OK"
10072,4018841011,4018841052,1,"IOTHUB_CLIENT_CONFIRMATION_OK"
10073,4018841211,4018841255,1,"IOTHUB_CLIENT_CONFIRMATION_OK"
10074,4018841411,4018841450,1,"IOTHUB_CLIENT_CONFIRMATION_OK"
10075,4018841612,4018841657,1,"IOTHUB_CLIENT_CONFIRMATION_OK"
10076,4018841812,4018841851,1,"IOTHUB_CLIENT_CONFIRMATION_OK"
10077,4018842012,4018842059,1,"IOTHUB_CLIENT_CONFIRMATION_OK"
10078,4018842212,4018842375,1,"IOTHUB_CLIENT_CONFIRMATION_OK"
10079,4018842412,4018842451,1,"IOTHUB_CLIENT_CONFIRMATION_OK"
10080,4018842612,4018842653,1,"IOTHUB_CLIENT_CONFIRMATION_OK"
10081,4018842813,4018842852,1,"IOTHUB_CLIENT_CONFIRMATION_OK"
10082,4018843013,4018843056,1,"IOTHUB_CLIENT_CONFIRMATION_OK"
10083,4018843213,4018843267,1,"IOTHUB_CLIENT_CONFIRMATION_OK"
10084,4018843413,4018843462,1,"IOTHUB_CLIENT_CONFIRMATION_OK"
10085,4018843613,4018843651,1,"IOTHUB_CLIENT_CONFIRMATION_OK"
10086,4018843813,4018844016,1,"IOTHUB_CLIENT_CONFIRMATION_OK"
10087,4018844013,4018844069,1,"IOTHUB_CLIENT_CONFIRMATION_OK"
10088,4018844214,4018844270,1,"IOTHUB_CLIENT_CONFIRMATION_OK"
10089,4018844414,4018844507,1,"IOTHUB_CLIENT_CONFIRMATION_OK"
10090,4018844614,4018844657,1,"IOTHUB_CLIENT_CONFIRMATION_OK"
10091,4018844814,4018844855,1,"IOTHUB_CLIENT_CONFIRMATION_OK"
10092,4018845014,4018845159,1,"IOTHUB_CLIENT_CONFIRMATION_OK"
10093,4018845214,4018845254,1,"IOTHUB_CLIENT_CONFIRMATION_OK"
10094,4018845415,4018845475,1,"IOTHUB_CLIENT_CONFIRMATION_OK"
10095,4018845615,4018845665,1,"IOTHUB_CLIENT_CONFIRMATION_OK"
10096,4018845815,4018845865,1,"IOTHUB_CLIENT_CONFIRMATION_OK"
10097,4018846015,4018846059,1,"IOTHUB_CLIENT_CONFIRMATION_OK"
10098,4018846215,4018846260,1,"IOTHUB_CLIENT_CONFIRMATION_OK"
10099,4018846415,4018846461,1,"IOTHUB_CLIENT_CONFIRMATION_OK"
10100,4018846616,4018846664,1,"IOTHUB_CLIENT_CONFIRMATION_OK"
10101,4018846816,4018846853,1,"IOTHUB_CLIENT_CONFIRMATION_OK"
10102,4018847016,4018847058,1,"IOTHUB_CLIENT_CONFIRMATION_OK"
10103,4018847216,4018847280,1,"IOTHUB_CLIENT_CONFIRMATION_OK"
10104,4018847416,4018847457,1,"IOTHUB_CLIENT_CONFIRMATION_OK"
10105,4018847616,4018847677,1,"IOTHUB_CLIENT_CONFIRMATION_OK"
10106,4018847816,4018847866,1,"IOTHUB_CLIENT_CONFIRMATION_OK"
10107,4018848017,4018848059,1,"IOTHUB_CLIENT_CONFIRMATION_OK"
10108,4018848217,4018848276,1,"IOTHUB_CLIENT_CONFIRMATION_OK"
10109,4018848417,4018848467,1,"IOTHUB_CLIENT_CONFIRMATION_OK"
10110,4018848617,4018848662,1,"IOTHUB_CLIENT_CONFIRMATION_OK"
10111,4018848817,4018848896,1,"IOTHUB_CLIENT_CONFIRMATION_OK"
10112,4018849017,4018849049,1,"IOTHUB_CLIENT_CONFIRMATION_OK"
10113,4018849218,4018849284,1,"IOTHUB_CLIENT_CONFIRMATION_OK"
10114,4018849418,4018849482,1,"IOTHUB_CLIENT_CONFIRMATION_OK"
10115,4018849618,4018849653,1,"IOTHUB_CLIENT_CONFIRMATION_OK"
10116,4018849818,4018849975,1,"IOTHUB_CLIENT_CONFIRMATION_OK"
10117,4018850018,4018850054,1,"IOTHUB_CLIENT_CONFIRMATION_OK"
10118,4018850218,4018850264,1,"IOTHUB_CLIENT_CONFIRMATION_OK"
10119,4018850418,4018850531,1,"IOTHUB_CLIENT_CONFIRMATION_OK"
10120,4018850619,4018850663,1,"IOTHUB_CLIENT_CONFIRMATION_OK"
10121,4018850819,4018850863,1,"IOTHUB_CLIENT_CONFIRMATION_OK"
10122,4018851019,4018851068,1,"IOTHUB_CLIENT_CONFIRMATION_OK"
10123,4018851219,4018851262,1,"IOTHUB_CLIENT_CONFIRMATION_OK"
10124,4018851419,4018851530,1,"IOTHUB_CLIENT_CONFIRMATION_OK"
10125,4018851619,4018851660,1,"IOTHUB_CLIENT_CONFIRMATION_OK"
10126,4018851820,4018851866,1,"IOTHUB_CLIENT_CONFIRMATION_OK"
10127,4018852020,4018852062,1,"IOTHUB_CLIENT_CONFIRMATION_OK"
10128,4018852220,4018852268,1,"IOTHUB_CLIENT_CONFIRMATION_OK"
10129,4018852420,4018852466,1,"IOTHUB_CLIENT_CONFIRMATION_OK"
10130,4018852620,4018852678,1,"IOTHUB_CLIENT_CONFIRMATION_OK"
10131,4018852820,4018852859,1,"IOTHUB_CLIENT_CONFIRMATION_OK"
10132,4018853020,4018853059,1,"IOTHUB_CLIENT_CONFIRMATION_OK"
10133,4018853221,4018853269,1,"IOTHUB_CLIENT_CONFIRMATION_OK"
10134,4018853421,4018853463,1,"IOTHUB_CLIENT_CONFIRMATION_OK"
10135,4018853621,4018853663,1,"IOTHUB_CLIENT_CONFIRMATION_OK"
10136,4018853821,4018853856,1,"IOTHUB_CLIENT_CONFIRMATION_OK"
10137,4018854021,4018854062,1,"IOTHUB_CLIENT_CONFIRMATION_OK"
10138,4018854221,4018854277,1,"IOTHUB_CLIENT_CONFIRMATION_OK"
10139,4018854422,4018854464,1,"IOTHUB_CLIENT_CONFIRMATION_OK"
10140,4018854622,4018854679,1,"IOTHUB_CLIENT_CONFIRMATION_OK"
10141,4018854822,4018854868,1,"IOTHUB_CLIENT_CONFIRMATION_OK"
10142,4018855022,4018855061,1,"IOTHUB_CLIENT_CONFIRMATION_OK"
10143,4018855222,4018855288,1,"IOTHUB_CLIENT_CONFIRMATION_OK"
10144,4018855422,4018855511,1,"IOTHUB_CLIENT_CONFIRMATION_OK"
10145,4018855622,4018855675,1,"IOTHUB_CLIENT_CONFIRMATION_OK"
10146,4018855823,4018855892,1,"IOTHUB_CLIENT_CONFIRMATION_OK"
10147,4018856023,4018856070,1,"IOTHUB_CLIENT_CONFIRMATION_OK"
10148,4018856223,4018856325,1,"IOTHUB_CLIENT_CONFIRMATION_OK"
10149,4018856423,4018856476,1,"IOTHUB_CLIENT_CONFIRMATION_OK"
10150,4018856623,4018856675,1,"IOTHUB_CLIENT_CONFIRMATION_OK"
10151,4018856823,4018856906,1,"IOTHUB_CLIENT_CONFIRMATION_OK"
10152,4018857024,4018857061,1,"IOTHUB_CLIENT_CONFIRMATION_OK"
10153,4018857224,4018857263,1,"IOTHUB_CLIENT_CONFIRMATION_OK"
10154,4018857424,4018857513,1,"IOTHUB_CLIENT_CONFIRMATION_OK"
10155,4018857624,4018857664,1,"IOTHUB_CLIENT_CONFIRMATION_OK"
10156,4018857824,4018857879,1,"IOTHUB_CLIENT_CONFIRMATION_OK"
10157,4018858024,4018858084,1,"IOTHUB_CLIENT_CONFIRMATION_OK"
10158,4018858224,4018858265,1,"IOTHUB_CLIENT_CONFIRMATION_OK"
10159,4018858425,4018858527,1,"IOTHUB_CLIENT_CONFIRMATION_OK"
10160,4018858625,4018858693,1,"IOTHUB_CLIENT_CONFIRMATION_OK"
10161,4018858825,4018858867,1,"IOTHUB_CLIENT_CONFIRMATION_OK"
10162,4018859025,4018859161,1,"IOTHUB_CLIENT_CONFIRMATION_OK"
10163,4018859225,4018859265,1,"IOTHUB_CLIENT_CONFIRMATION_OK"
10164,4018859425,4018859471,1,"IOTHUB_CLIENT_CONFIRMATION_OK"
10165,4018859626,4018859666,1,"IOTHUB_CLIENT_CONFIRMATION_OK"
10166,4018859826,4018859866,1,"IOTHUB_CLIENT_CONFIRMATION_OK"
10167,4018860026,4018860065,1,"IOTHUB_CLIENT_CONFIRMATION_OK"
10168,4018860226,4018860271,1,"IOTHUB_CLIENT_CONFIRMATION_OK"
10169,4018860426,4018860470,1,"IOTHUB_CLIENT_CONFIRMATION_OK"
10170,4018860626,4018860780,1,"IOTHUB_CLIENT_CONFIRMATION_OK"
10171,4018860826,4018860864,1,"IOTHUB_CLIENT_CONFIRMATION_OK"
10172,4018861027,4018861070,1,"IOTHUB_CLIENT_CONFIRMATION_OK"
10173,4018861227,4018861278,1,"IOTHUB_CLIENT_CONFIRMATION_OK"
10174,4018861427,4018861474,1,"IOTHUB_CLIENT_CONFIRMATION_OK"
10175,4018861627,4018861670,1,"IOTHUB_CLIENT_CONFIRMATION_OK"
10176,4018861827,4018861875,1,"IOTHUB_CLIENT_CONFIRMATION_OK"
10177,4018862027,4018862075,1,"IOTHUB_CLIENT_CONFIRMATION_OK"
10178,4018862228,4018862267,1,"IOTHUB_CLIENT_CONFIRMATION_OK"
10179,4018862428,4018862461,1,"IOTHUB_CLIENT_CONFIRMATION_OK"
10180,4018862628,4018862671,1,"IOTHUB_CLIENT_CONFIRMATION_OK"
10181,4018862828,4018862867,1,"IOTHUB_CLIENT_CONFIRMATION_OK"
10182,4018863028,4018863062,1,"IOTHUB_CLIENT_CONFIRMATION_OK"
10183,4018863228,4018863272,1,"IOTHUB_CLIENT_CONFIRMATION_OK"
10184,4018863429,4018863469,1,"IOTHUB_CLIENT_CONFIRMATION_OK"
10185,4018863629,4018863765,1,"IOTHUB_CLIENT_CONFIRMATION_OK"
10186,4018863829,4018863872,1,"IOTHUB_CLIENT_CONFIRMATION_OK"
10187,4018864029,4018864073,1,"IOTHUB_CLIENT_CONFIRMATION_OK"
10188,4018864229,4018864264,1,"IOTHUB_CLIENT_CONFIRMATION_OK"
10189,4018864429,4018864470,1,"IOTHUB_CLIENT_CONFIRMATION_OK"
10190,4018864630,4018864674,1,"IOTHUB_CLIENT_CONFIRMATION_OK"
10191,4018864830,4018864869,1,"IOTHUB_CLIENT_CONFIRMATION_OK"
10192,4018865030,4018865094,1,"IOTHUB_CLIENT_CONFIRMATION_OK"
10193,4018865230,4018865269,1,"IOTHUB_CLIENT_CONFIRMATION_OK"
10194,4018865430,4018865516,1,"IOTHUB_CLIENT_CONFIRMATION_OK"
10195,4018865630,4018865665,1,"IOTHUB_CLIENT_CONFIRMATION_OK"
10196,4018865831,4018865871,1,"IOTHUB_CLIENT_CONFIRMATION_OK"
10197,4018866031,4018866118,1,"IOTHUB_CLIENT_CONFIRMATION_OK"
10198,4018866231,4018866276,1,"IOTHUB_CLIENT_CONFIRMATION_OK"
10199,4018866431,4018866469,1,"IOTHUB_CLIENT_CONFIRMATION_OK"
10200,4018866631,4018866727,1,"IOTHUB_CLIENT_CONFIRMATION_OK"
10201,4018866831,4018866892,1,"IOTHUB_CLIENT_CONFIRMATION_OK"
10202,4018867031,4018867068,1,"IOTHUB_CLIENT_CONFIRMATION_OK"
10203,4018867232,4018867309,1,"IOTHUB_CLIENT_CONFIRMATION_OK"
10204,4018867432,4018867473,1,"IOTHUB_CLIENT_CONFIRMATION_OK"
10205,4018867632,4018867830,1,"IOTHUB_CLIENT_CONFIRMATION_OK"
10206,4018867832,4018867871,1,"IOTHUB_CLIENT_CONFIRMATION_OK"
10207,4018868032,4018868075,1,"IOTHUB_CLIENT_CONFIRMATION_OK"
10208,4018868232,4018868275,1,"IOTHUB_CLIENT_CONFIRMATION_OK"
10209,4018868433,4018868502,1,"IOTHUB_CLIENT_CONFIRMATION_OK"
10210,4018868633,4018868680,1,"IOTHUB_CLIENT_CONFIRMATION_OK"
10211,4018868833,4018868868,1,"IOTHUB_CLIENT_CONFIRMATION_OK"
10212,4018869033,4018869067,1,"IOTHUB_CLIENT_CONFIRMATION_OK"
10213,4018869233,4018869419,1,"IOTHUB_CLIENT_CONFIRMATION_OK"
10214,4018869433,4018869472,1,"IOTHUB_CLIENT_CONFIRMATION_OK"
10215,4018869634,4018869701,1,"IOTHUB_CLIENT_CONFIRMATION_OK"
10216,4018869834,4018869877,1,"IOTHUB_CLIENT_CONFIRMATION_OK"
10217,4018870034,4018870074,1,"IOTHUB_CLIENT_CONFIRMATION_OK"
10218,4018870234,4018870270,1,"IOTHUB_CLIENT_CONFIRMATION_OK"
10219,4018870434,4018870470,1,"IOTHUB_CLIENT_CONFIRMATION_OK"
10220,4018870634,4018870669,1,"IOTHUB_CLIENT_CONFIRMATION_OK"
10221,4018870835,4018871072,1,"IOTHUB_CLIENT_CONFIRMATION_OK"
10222,4018871035,4018871122,1,"IOTHUB_CLIENT_CONFIRMATION_OK"
10223,4018871235,4018871303,1,"IOTHUB_CLIENT_CONFIRMATION_OK"
10224,4018871435,4018871510,1,"IOTHUB_CLIENT_CONFIRMATION_OK"
10225,4018871635,4018871678,1,"IOTHUB_CLIENT_CONFIRMATION_OK"
10226,4018871835,4018871887,1,"IOTHUB_CLIENT_CONFIRMATION_OK"
10227,4018872035,4018872075,1,"IOTHUB_CLIENT_CONFIRMATION_OK"
10228,4018872236,4018872267,1,"IOTHUB_CLIENT_CONFIRMATION_OK"
10229,4018872436,4018872470,1,"IOTHUB_CLIENT_CONFIRMATION_OK"
10230,4018872636,4018872698,1,"IOTHUB_CLIENT_CONFIRMATION_OK"
10231,4018872836,4018872880,1,"IOTHUB_CLIENT_CONFIRMATION_OK"
10232,4018873036,4018873087,1,"IOTHUB_CLIENT_CONFIRMATION_OK"
10233,4018873236,4018873273,1,"IOTHUB_CLIENT_CONFIRMATION_OK"
10234,4018873436,4018873487,1,"IOTHUB_CLIENT_CONFIRMATION_OK"
10235,4018873637,4018873686,1,"IOTHUB_CLIENT_CONFIRMATION_OK"
10236,4018873837,4018873877,1,"IOTHUB_CLIENT_CONFIRMATION_OK"
10237,4018874037,4018874074,1,"IOTHUB_CLIENT_CONFIRMATION_OK"
10238,4018874237,4018874288,1,"IOTHUB_CLIENT_CONFIRMATION_OK"
10239,4018874437,4018874486,1,"IOTHUB_CLIENT_CONFIRMATION_OK"
10240,4018874637,4018874730,1,"IOTHUB_CLIENT_CONFIRMATION_OK"
10241,4018874838,4018874874,1,"IOTHUB_CLIENT_CONFIRMATION_OK"
10242,4018875038,4018875077,1,"IOTHUB_CLIENT_CONFIRMATION_OK"
10243,4018875238,4018875342,1,"IOTHUB_CLIENT_CONFIRMATION_OK"
10244,4018875438,4018875487,1,"IOTHUB_CLIENT_CONFIRMATION_OK"
10245,4018875638,4018875723,1,"IOTHUB_CLIENT_CONFIRMATION_OK"
10246,4018875838,4018875880,1,"IOTHUB_CLIENT_CONFIRMATION_OK"
10247,4018876039,4018876095,1,"IOTHUB_CLIENT_CONFIRMATION_OK"
10248,4018876239,4018876295,1,"IOTHUB_CLIENT_CONFIRMATION_OK"
10249,4018876439,4018876481,1,"IOTHUB_CLIENT_CONFIRMATION_OK"
10250,4018876639,4018876723,1,"IOTHUB_CLIENT_CONFIRMATION_OK"
10251,4018876839,4018877002,1,"IOTHUB_CLIENT_CONFIRMATION_OK"
10252,4018877039,4018877087,1,"IOTHUB_CLIENT_CONFIRMATION_OK"
10253,4018877239,4018877283,1,"IOTHUB_CLIENT_CONFIRMATION_OK"
10254,4018877440,4018877474,1,"IOTHUB_CLIENT_CONFIRMATION_OK"
10255,4018877640,4018877678,1,"IOTHUB_CLIENT_CONFIRMATION_OK"
10256,4018877840,4018877886,1,"IOTHUB_CLIENT_CONFIRMATION_OK"
10257,4018878040,4018878082,1,"IOTHUB_CLIENT_CONFIRMATION_OK"
10258,4018878240,4018878298,1,"IOTHUB_CLIENT_CONFIRMATION_OK"
10259,4018878440,4018878642,1,"IOTHUB_CLIENT_CONFIRMATION_OK"
10260,4018878641,4018878675,1,"IOTHUB_CLIENT_CONFIRMATION_OK"
10261,4018878841,4018878894,1,"IOTHUB_CLIENT_CONFIRMATION_OK"
10262,4018879041,4018879083,1,"IOTHUB_CLIENT_CONFIRMATION_OK"
10263,4018879241,4018879276,1,"IOTHUB_CLIENT_CONFIRMATION_OK"
10264,4018879441,4018879546,1,"IOTHUB_CLIENT_CONFIRMATION_OK"
10265,4018879641,4018879694,1,"IOTHUB_CLIENT_CONFIRMATION_OK"
10266,4018879841,4018879885,1,"IOTHUB_CLIENT_CONFIRMATION_OK"
10267,4018880042,4018880081,1,"IOTHUB_CLIENT_CONFIRMATION_OK"
10268,4018880242,4018880294,1,"IOTHUB_CLIENT_CONFIRMATION_OK"
10269,4018880442,4018880482,1,"IOTHUB_CLIENT_CONFIRMATION_OK"
10270,4018880642,4018880691,1,"IOTHUB_CLIENT_CONFIRMATION_OK"
10271,4018880842,4018880880,1,"IOTHUB_CLIENT_CONFIRMATION_OK"
10272,4018881042,4018881089,1,"IOTHUB_CLIENT_CONFIRMATION_OK"
10273,4018881243,4018881299,1,"IOTHUB_CLIENT_CONFIRMATION_OK"
10274,4018881443,4018881479,1,"IOTHUB_CLIENT_CONFIRMATION_OK"
10275,4018881643,4018881697,1,"IOTHUB_CLIENT_CONFIRMATION_OK"
10276,4018881843,4018881872,1,"IOTHUB_CLIENT_CONFIRMATION_OK"
10277,4018882043,4018882099,1,"IOTHUB_CLIENT_CONFIRMATION_OK"
10278,4018882243,4018882299,1,"IOTHUB_CLIENT_CONFIRMATION_OK"
10279,4018882443,4018882481,1,"IOTHUB_CLIENT_CONFIRMATION_OK"
10280,4018882644,4018882677,1,"IOTHUB_CLIENT_CONFIRMATION_OK"
10281,4018882844,4018882918,1,"IOTHUB_CLIENT_CONFIRMATION_OK"
10282,4018883044,4018883089,1,"IOTHUB_CLIENT_CONFIRMATION_OK"
10283,4018883244,4018883399,1,"IOTHUB_CLIENT_CONFIRMATION_OK"
10284,4018883444,4018883488,1,"IOTHUB_CLIENT_CONFIRMATION_OK"
10285,4018883644,4018883747,1,"IOTHUB_CLIENT_CONFIRMATION_OK"
10286,4018883845,4018883926,1,"IOTHUB_CLIENT_CONFIRMATION_OK"
10287,4018884045,4018884093,1,"IOTHUB_CLIENT_CONFIRMATION_OK"
10288,4018884245,4018884283,1,"IOTHUB_CLIENT_CONFIRMATION_OK"
10289,4018884445,4018884557,1,"IOTHUB_CLIENT_CONFIRMATION_OK"
10290,4018884645,4018884680,1,"IOTHUB_CLIENT_CONFIRMATION_OK"
10291,4018884845,4018884894,1,"IOTHUB_CLIENT_CONFIRMATION_OK"
10292,4018885045,4018885102,1,"IOTHUB_CLIENT_CONFIRMATION_OK"
10293,4018885246,4018885388,1,"IOTHUB_CLIENT_CONFIRMATION_OK"
10294,4018885446,4018885561,1,"IOTHUB_CLIENT_CONFIRMATION_OK"
10295,4018885646,4018885694,1,"IOTHUB_CLIENT_CONFIRMATION_OK"
10296,4018885846,4018885882,1,"IOTHUB_CLIENT_CONFIRMATION_OK"
10297,4018886046,4018886185,1,"IOTHUB_CLIENT_CONFIRMATION_OK"
10298,4018886246,4018886292,1,"IOTHUB_CLIENT_CONFIRMATION_OK"
10299,4018886446,4018886496,1,"IOTHUB_CLIENT_CONFIRMATION_OK"
10300,4018886647,4018886705,1,"IOTHUB_CLIENT_CONFIRMATION_OK"
10301,4018886847,4018886923,1,"IOTHUB_CLIENT_CONFIRMATION_OK"
10302,4018887047,4018887083,1,"IOTHUB_CLIENT_CONFIRMATION_OK"
10303,4018887247,4018887295,1,"IOTHUB_CLIENT_CONFIRMATION_OK"
10304,4018887447,4018887491,1,"IOTHUB_CLIENT_CONFIRMATION_OK"
10305,4018887647,4018887691,1,"IOTHUB_CLIENT_CONFIRMATION_OK"
10306,4018887848,4018887888,1,"IOTHUB_CLIENT_CONFIRMATION_OK"
10307,4018888048,4018888094,1,"IOTHUB_CLIENT_CONFIRMATION_OK"
10308,4018888248,4018888281,1,"IOTHUB_CLIENT_CONFIRMATION_OK"
10309,4018888448,4018888497,1,"IOTHUB_CLIENT_CONFIRMATION_OK"
10310,4018888648,4018888689,1,"IOTHUB_CLIENT_CONFIRMATION_OK"
10311,4018888848,4018888898,1,"IOTHUB_CLIENT_CONFIRMATION_OK"
10312,4018889049,4018889090,1,"IOTHUB_CLIENT_CONFIRMATION_OK"
10313,4018889249,4018889302,1,"IOTHUB_CLIENT_CONFIRMATION_OK"
10314,4018889449,4018889500,1,"IOTHUB_CLIENT_CONFIRMATION_OK"
10315,4018889649,4018889692,1,"IOTHUB_CLIENT_CONFIRMATION_OK"
10316,4018889849,4018889916,1,"IOTHUB_CLIENT_CONFIRMATION_OK"
10317,4018890049,4018890089,1,"IOTHUB_CLIENT_CONFIRMATION_OK"
10318,4018890249,4018890288,1,"IOTHUB_CLIENT_CONFIRMATION_OK"
10319,4018890450,4018890519,1,"IOTHUB_CLIENT_CONFIRMATION_OK"
10320,4018890650,4018890703,1,"IOTHUB_CLIENT_CONFIRMATION_OK"
10321,4018890850,4018890910,1,"IOTHUB_CLIENT_CONFIRMATION_OK"
10322,4018891050,4018891089,1,"IOTHUB_CLIENT_CONFIRMATION_OK"
10323,4018891250,4018891325,1,"IOTHUB_CLIENT_CONFIRMATION_OK"
10324,4018891450,4018891538,1,"IOTHUB_CLIENT_CONFIRMATION_OK"
10325,4018891650,4018891701,1,"IOTHUB_CLIENT_CONFIRMATION_OK"
10326,4018891851,4018891892,1,"IOTHUB_CLIENT_CONFIRMATION_OK"
10327,4018892051,4018892143,1,"IOTHUB_CLIENT_CONFIRMATION_OK"
10328,4018892251,4018892298,1,"IOTHUB_CLIENT_CONFIRMATION_OK"
10329,4018892451,4018892491,1,"IOTHUB_CLIENT_CONFIRMATION_OK"
10330,4018892651,4018892690,1,"IOTHUB_CLIENT_CONFIRMATION_OK"
10331,4018892851,4018892894,1,"IOTHUB_CLIENT_CONFIRMATION_OK"
10332,4018893052,4018893164,1,"IOTHUB_CLIENT_CONFIRMATION_OK"
10333,4018893252,4018893312,1,"IOTHUB_CLIENT_CONFIRMATION_OK"
10334,4018893452,4018893492,1,"IOTHUB_CLIENT_CONFIRMATION_OK"
10335,4018893652,4018893697,1,"IOTHUB_CLIENT_CONFIRMATION_OK"
10336,4018893852,4018893897,1,"IOTHUB_CLIENT_CONFIRMATION_OK"
10337,4018894052,4018894089,1,"IOTHUB_CLIENT_CONFIRMATION_OK"
10338,4018894253,4018894295,1,"IOTHUB_CLIENT_CONFIRMATION_OK"
10339,4018894453,4018894486,1,"IOTHUB_CLIENT_CONFIRMATION_OK"
10340,4018894653,4018894788,1,"IOTHUB_CLIENT_CONFIRMATION_OK"
10341,4018894853,4018894900,1,"IOTHUB_CLIENT_CONFIRMATION_OK"
10342,4018895053,4018895095,1,"IOTHUB_CLIENT_CONFIRMATION_OK"
10343,4018895253,4018895303,1,"IOTHUB_CLIENT_CONFIRMATION_OK"
10344,4018895454,4018895505,1,"IOTHUB_CLIENT_CONFIRMATION_OK"
10345,4018895654,4018895691,1,"IOTHUB_CLIENT_CONFIRMATION_OK"
10346,4018895854,4018895906,1,"IOTHUB_CLIENT_CONFIRMATION_OK"
10347,4018896054,4018896099,1,"IOTHUB_CLIENT_CONFIRMATION_OK"
10348,4018896254,4018896412,1,"IOTHUB_CLIENT_CONFIRMATION_OK"
10349,4018896454,4018896545,1,"IOTHUB_CLIENT_CONFIRMATION_OK"
10350,4018896655,4018896693,1,"IOTHUB_CLIENT_CONFIRMATION_OK"
10351,4018896855,4018896901,1,"IOTHUB_CLIENT_CONFIRMATION_OK"
10352,4018897055,4018897100,1,"IOTHUB_CLIENT_CONFIRMATION_OK"
10353,4018897255,4018897294,1,"IOTHUB_CLIENT_CONFIRMATION_OK"
10354,4018897455,4018897497,1,"IOTHUB_CLIENT_CONFIRMATION_OK"
10355,4018897655,4018897709,1,"IOTHUB_CLIENT_CONFIRMATION_OK"
10356,4018897856,4018897895,1,"IOTHUB_CLIENT_CONFIRMATION_OK"
10357,4018898056,4018898086,1,"IOTHUB_CLIENT_CONFIRMATION_OK"
10358,4018898256,4018898343,1,"IOTHUB_CLIENT_CONFIRMATION_OK"
10359,4018898456,4018898491,1,"IOTHUB_CLIENT_CONFIRMATION_OK"
10360,4018898656,4018898691,1,"IOTHUB_CLIENT_CONFIRMATION_OK"
10361,4018898856,4018898890,1,"IOTHUB_CLIENT_CONFIRMATION_OK"
10362,4018899056,4018899102,1,"IOTHUB_CLIENT_CONFIRMATION_OK"
10363,4018899257,4018899304,1,"IOTHUB_CLIENT_CONFIRMATION_OK"
10364,4018899457,4018899500,1,"IOTHUB_CLIENT_CONFIRMATION_OK"
10365,4018899657,4018899694,1,"IOTHUB_CLIENT_CONFIRMATION_OK"
10366,4018899857,4018899900,1,"IOTHUB_CLIENT_CONFIRMATION_OK"
10367,4018900057,4018900115,1,"IOTHUB_CLIENT_CONFIRMATION_OK"
10368,4018900257,4018900294,1,"IOTHUB_CLIENT_CONFIRMATION_OK"
10369,4018900458,4018900497,1,"IOTHUB_CLIENT_CONFIRMATION_OK"
10370,4018900658,4018900694,1,"IOTHUB_CLIENT_CONFIRMATION_OK"
10371,4018900858,4018900895,1,"IOTHUB_CLIENT_CONFIRMATION_OK"
10372,4018901058,4018901099,1,"IOTHUB_CLIENT_CONFIRMATION_OK"
10373,4018901258,4018901297,1,"IOTHUB_CLIENT_CONFIRMATION_OK"
10374,4018901458,4018901505,1,"IOTHUB_CLIENT_CONFIRMATION_OK"
10375,4018901658,4018901712,1,"IOTHUB_CLIENT_CONFIRMATION_OK"
10376,4018901859,4018901908,1,"IOTHUB_CLIENT_CONFIRMATION_OK"
10377,4018902059,4018902106,1,"IOTHUB_CLIENT_CONFIRMATION_OK"
10378,4018902259,4018902302,1,"IOTHUB_CLIENT_CONFIRMATION_OK"
10379,4018902459,4018902516,1,"IOTHUB_CLIENT_CONFIRMATION_OK"
10380,4018902659,4018902712,1,"IOTHUB_CLIENT_CONFIRMATION_OK"
10381,4018902859,4018902934,1,"IOTHUB_CLIENT_CONFIRMATION_OK"
10382,4018903060,4018903099,1,"IOTHUB_CLIENT_CONFIRMATION_OK"
10383,4018903260,4018903305,1,"IOTHUB_CLIENT_CONFIRMATION_OK"
10384,4018903460,4018903505,1,"IOTHUB_CLIENT_CONFIRMATION_OK"
10385,4018903660,4018903713,1,"IOTHUB_CLIENT_CONFIRMATION_OK"
10386,4018903860,4018903959,1,"IOTHUB_CLIENT_CONFIRMATION_OK"
10387,4018904060,4018904182,1,"IOTHUB_CLIENT_CONFIRMATION_OK"
10388,4018904260,4018904304,1,"IOTHUB_CLIENT_CONFIRMATION_OK"
10389,4018904461,4018904501,1,"IOTHUB_CLIENT_CONFIRMATION_OK"
10390,4018904661,4018904698,1,"IOTHUB_CLIENT_CONFIRMATION_OK"
10391,4018904861,4018904909,1,"IOTHUB_CLIENT_CONFIRMATION_OK"
10392,4018905061,4018905102,1,"IOTHUB_CLIENT_CONFIRMATION_OK"
10393,4018905261,4018905315,1,"IOTHUB_CLIENT_CONFIRMATION_OK"
10394,4018905461,4018905512,1,"IOTHUB_CLIENT_CONFIRMATION_OK"
10395,4018905662,4018905721,1,"IOTHUB_CLIENT_CONFIRMATION_OK"
10396,4018905862,4018905907,1,"IOTHUB_CLIENT_CONFIRMATION_OK"
10397,4018906062,4018906111,1,"IOTHUB_CLIENT_CONFIRMATION_OK"
10398,4018906262,4018906316,1,"IOTHUB_CLIENT_CONFIRMATION_OK"
10399,4018906462,4018906508,1,"IOTHUB_CLIENT_CONFIRMATION_OK"
10400,4018906662,4018906697,1,"IOTHUB_CLIENT_CONFIRMATION_OK"
10401,4018906863,4018906901,1,"IOTHUB_CLIENT_CONFIRMATION_OK"
10402,4018907063,4018907106,1,"IOTHUB_CLIENT_CONFIRMATION_OK"
10403,4018907263,4018907336,1,"IOTHUB_CLIENT_CONFIRMATION_OK"
10404,4018907463,4018907506,1,"IOTHUB_CLIENT_CONFIRMATION_OK"
10405,4018907663,4018907714,1,"IOTHUB_CLIENT_CONFIRMATION_OK"
10406,4018907863,4018907909,1,"IOTHUB_CLIENT_CONFIRMATION_OK"
10407,4018908063,4018908103,1,"IOTHUB_CLIENT_CONFIRMATION_OK"
10408,4018908264,4018908308,1,"IOTHUB_CLIENT_CONFIRMATION_OK"
10409,4018908464,4018908518,1,"IOTHUB_CLIENT_CONFIRMATION_OK"
10410,4018908664,4018908701,1,"IOTHUB_CLIENT_CONFIRMATION_OK"
10411,4018908864,4018908911,1,"IOTHUB_CLIENT_CONFIRMATION_OK"
10412,4018909064,4018909127,1,"IOTHUB_CLIENT_CONFIRMATION_OK"
10413,4018909264,4018909369,1,"IOTHUB_CLIENT_CONFIRMATION_OK"
10414,4018909465,4018909507,1,"IOTHUB_CLIENT_CONFIRMATION_OK"
10415,4018909665,4018909707,1,"IOTHUB_CLIENT_CONFIRMATION_OK"
10416,4018909865,4018909937,1,"IOTHUB_CLIENT_CONFIRMATION_OK"
10417,4018910065,4018910107,1,"IOTHUB_CLIENT_CONFIRMATION_OK"
10418,4018910265,4018910301,1,"IOTHUB_CLIENT_CONFIRMATION_OK"
10419,4018910465,4018910509,1,"IOTHUB_CLIENT_CONFIRMATION_OK"
10420,4018910665,4018910704,1,"IOTHUB_CLIENT_CONFIRMATION_OK"
10421,4018910866,4018910951,1,"IOTHUB_CLIENT_CONFIRMATION_OK"
10422,4018911066,4018911146,1,"IOTHUB_CLIENT_CONFIRMATION_OK"
10423,4018911266,4018911307,1,"IOTHUB_CLIENT_CONFIRMATION_OK"
10424,4018911466,4018911580,1,"IOTHUB_CLIENT_CONFIRMATION_OK"
10425,4018911666,4018911702,1,"IOTHUB_CLIENT_CONFIRMATION_OK"
10426,4018911866,4018911917,1,"IOTHUB_CLIENT_CONFIRMATION_OK"
10427,4018912067,4018912125,1,"IOTHUB_CLIENT_CONFIRMATION_OK"
10428,4018912267,4018912314,1,"IOTHUB_CLIENT_CONFIRMATION_OK"
10429,4018912467,4018912586,1,"IOTHUB_CLIENT_CONFIRMATION_OK"
10430,4018912667,4018912712,1,"IOTHUB_CLIENT_CONFIRMATION_OK"
10431,4018912867,4018912904,1,"IOTHUB_CLIENT_CONFIRMATION_OK"
10432,4018913067,4018913192,1,"IOTHUB_CLIENT_CONFIRMATION_OK"
10433,4018913267,4018913343,1,"IOTHUB_CLIENT_CONFIRMATION_OK"
10434,4018913468,4018913525,1,"IOTHUB_CLIENT_CONFIRMATION_OK"
10435,4018913668,4018913708,1,"IOTHUB_CLIENT_CONFIRMATION_OK"
10436,4018913868,4018913914,1,"IOTHUB_CLIENT_CONFIRMATION_OK"
10437,4018914068,4018914109,1,"IOTHUB_CLIENT_CONFIRMATION_OK"
10438,4018914268,4018914339,1,"IOTHUB_CLIENT_CONFIRMATION_OK"
10439,4018914468,4018914506,1,"IOTHUB_CLIENT_CONFIRMATION_OK"
10440,4018914669,4018914816,1,"IOTHUB_CLIENT_CONFIRMATION_OK"
10441,4018914869,4018914910,1,"IOTHUB_CLIENT_CONFIRMATION_OK"
10442,4018915069,4018915107,1,"IOTHUB_CLIENT_CONFIRMATION_OK"
10443,4018915269,4018915311,1,"IOTHUB_CLIENT_CONFIRMATION_OK"
10444,4018915469,4018915528,1,"IOTHUB_CLIENT_CONFIRMATION_OK"
10445,4018915669,4018915710,1,"IOTHUB_CLIENT_CONFIRMATION_OK"
10446,4018915870,4018915957,1,"IOTHUB_CLIENT_CONFIRMATION_OK"
10447,4018916070,4018916110,1,"IOTHUB_CLIENT_CONFIRMATION_OK"
10448,4018916270,4018916432,1,"IOTHUB_CLIENT_CONFIRMATION_OK"
10449,4018916470,4018916514,1,"IOTHUB_CLIENT_CONFIRMATION_OK"
10450,4018916670,4018916722,1,"IOTHUB_CLIENT_CONFIRMATION_OK"
10451,4018916870,4018916914,1,"IOTHUB_CLIENT_CONFIRMATION_OK"
10452,4018917070,4018917109,1,"IOTHUB_CLIENT_CONFIRMATION_OK"
10453,4018917271,4018917313,1,"IOTHUB_CLIENT_CONFIRMATION_OK"
10454,4018917471,4018917518,1,"IOTHUB_CLIENT_CONFIRMATION_OK"
10455,4018917671,4018917740,1,"IOTHUB_CLIENT_CONFIRMATION_OK"
10456,4018917871,4018917930,1,"IOTHUB_CLIENT_CONFIRMATION_OK"
10457,4018918071,4018918114,1,"IOTHUB_CLIENT_CONFIRMATION_OK"
10458,4018918271,4018918311,1,"IOTHUB_CLIENT_CONFIRMATION_OK"
10459,4018918472,4018918519,1,"IOTHUB_CLIENT_CONFIRMATION_OK"
10460,4018918672,4018918713,1,"IOTHUB_CLIENT_CONFIRMATION_OK"
10461,4018918872,4018918919,1,"IOTHUB_CLIENT_CONFIRMATION_OK"
10462,4018919072,4018919148,1,"IOTHUB_CLIENT_CONFIRMATION_OK"
10463,4018919272,4018919327,1,"IOTHUB_CLIENT_CONFIRMATION_OK"
10464,4018919472,4018919512,1,"IOTHUB_CLIENT_CONFIRMATION_OK"
10465,4018919673,4018919722,1,"IOTHUB_CLIENT_CONFIRMATION_OK"
10466,4018919873,4018919923,1,"IOTHUB_CLIENT_CONFIRMATION_OK"
10467,4018920073,4018920147,1,"IOTHUB_CLIENT_CONFIRMATION_OK"
10468,4018920273,4018920311,1,"IOTHUB_CLIENT_CONFIRMATION_OK"
10469,4018920473,4018920508,1,"IOTHUB_CLIENT_CONFIRMATION_OK"
10470,4018920673,4018920779,1,"IOTHUB_CLIENT_CONFIRMATION_OK"
10471,4018920873,4018920911,1,"IOTHUB_CLIENT_CONFIRMATION_OK"
10472,4018921074,4018921125,1,"IOTHUB_CLIENT_CONFIRMATION_OK"
10473,4018921274,4018921310,1,"IOTHUB_CLIENT_CONFIRMATION_OK"
10474,4018921474,4018921513,1,"IOTHUB_CLIENT_CONFIRMATION_OK"
10475,4018921674,4018921775,1,"IOTHUB_CLIENT_CONFIRMATION_OK"
10476,4018921874,4018921918,1,"IOTHUB_CLIENT_CONFIRMATION_OK"
10477,4018922074,4018922129,1,"IOTHUB_CLIENT_CONFIRMATION_OK"
10478,4018922274,4018922383,1,"IOTHUB_CLIENT_CONFIRMATION_OK"
10479,4018922475,4018922517,1,"IOTHUB_CLIENT_CONFIRMATION_OK"
10480,4018922675,4018922711,1,"IOTHUB_CLIENT_CONFIRMATION_OK"
10481,4018922875,4018922910,1,"IOTHUB_CLIENT_CONFIRMATION_OK"
10482,4018923075,4018923117,1,"IOTHUB_CLIENT_CONFIRMATION_OK"
10483,4018923275,4018923399,1,"IOTHUB_CLIENT_CONFIRMATION_OK"
10484,4018923475,4018923513,1,"IOTHUB_CLIENT_CONFIRMATION_OK"
10485,4018923676,4018923717,1,"IOTHUB_CLIENT_CONFIRMATION_OK"
10486,4018923876,4018924048,1,"IOTHUB_CLIENT_CONFIRMATION_OK"
10487,4018924076,4018924131,1,"IOTHUB_CLIENT_CONFIRMATION_OK"
10488,4018924276,4018924316,1,"IOTHUB_CLIENT_CONFIRMATION_OK"
10489,4018924476,4018924515,1,"IOTHUB_CLIENT_CONFIRMATION_OK"
10490,4018924676,4018924786,1,"IOTHUB_CLIENT_CONFIRMATION_OK"
10491,4018924877,4018924914,1,"IOTHUB_CLIENT_CONFIRMATION_OK"
10492,4018925077,4018925117,1,"IOTHUB_CLIENT_CONFIRMATION_OK"
10493,4018925277,4018925316,1,"IOTHUB_CLIENT_CONFIRMATION_OK"
10494,4018925477,4018925517,1,"IOTHUB_CLIENT_CONFIRMATION_OK"
10495,4018925677,4018925723,1,"IOTHUB_CLIENT_CONFIRMATION_OK"
10496,4018925877,4018925922,1,"IOTHUB_CLIENT_CONFIRMATION_OK"
10497,4018926077,4018926117,1,"IOTHUB_CLIENT_CONFIRMATION_OK"
10498,4018926278,4018926334,1,"IOTHUB_CLIENT_CONFIRMATION_OK"
10499,4018926478,4018926521,1,"IOTHUB_CLIENT_CONFIRMATION_OK"
10500,4018926678,4018926751,1,"IOTHUB_CLIENT_CONFIRMATION_OK"
10501,4018926878,4018926921,1,"IOTHUB_CLIENT_CONFIRMATION_OK"
10502,4018927078,4018927113,1,"IOTHUB_CLIENT_CONFIRMATION_OK"
10503,4018927278,4018927326,1,"IOTHUB_CLIENT_CONFIRMATION_OK"
10504,4018927479,4018927542,1,"IOTHUB_CLIENT_CONFIRMATION_OK"
10505,4018927679,4018927719,1,"IOTHUB_CLIENT_CONFIRMATION_OK"
10506,4018927879,4018927922,1,"IOTHUB_CLIENT_CONFIRMATION_OK"
10507,4018928079,4018928129,1,"IOTHUB_CLIENT_CONFIRMATION_OK"
10508,4018928279,4018928334,1,"IOTHUB_CLIENT_CONFIRMATION_OK"
10509,4018928479,4018928520,1,"IOTHUB_CLIENT_CONFIRMATION_OK"
10510,4018928679,4018928789,1,"IOTHUB_CLIENT_CONFIRMATION_OK"
10511,4018928880,4018929016,1,"IOTHUB_CLIENT_CONFIRMATION_OK"
10512,4018929080,4018929113,1,"IOTHUB_CLIENT_CONFIRMATION_OK"
10513,4018929280,4018929400,1,"IOTHUB_CLIENT_CONFIRMATION_OK"
10514,4018929480,4018929526,1,"IOTHUB_CLIENT_CONFIRMATION_OK"
10515,4018929680,4018929725,1,"IOTHUB_CLIENT_CONFIRMATION_OK"
10516,4018929880,4018929921,1,"IOTHUB_CLIENT_CONFIRMATION_OK"
10517,4018930080,4018930118,1,"IOTHUB_CLIENT_CONFIRMATION_OK"
10518,4018930281,4018930319,1,"IOTHUB_CLIENT_CONFIRMATION_OK"
10519,4018930481,4018930517,1,"IOTHUB_CLIENT_CONFIRMATION_OK"
10520,4018930681,4018930718,1,"IOTHUB_CLIENT_CONFIRMATION_OK"
10521,4018930881,4018931029,1,"IOTHUB_CLIENT_CONFIRMATION_OK"
10522,4018931081,4018931117,1,"IOTHUB_CLIENT_CONFIRMATION_OK"
10523,4018931281,4018931344,1,"IOTHUB_CLIENT_CONFIRMATION_OK"
10524,4018931482,4018931533,1,"IOTHUB_CLIENT_CONFIRMATION_OK"
10525,4018931682,4018931764,1,"IOTHUB_CLIENT_CONFIRMATION_OK"
10526,4018931882,4018931923,1,"IOTHUB_CLIENT_CONFIRMATION_OK"
10527,4018932082,4018932137,1,"IOTHUB_CLIENT_CONFIRMATION_OK"
10528,4018932282,4018932332,1,"IOTHUB_CLIENT_CONFIRMATION_OK"
10529,4018932482,4018932664,1,"IOTHUB_CLIENT_CONFIRMATION_OK"
10530,4018932683,4018932730,1,"IOTHUB_CLIENT_CONFIRMATION_OK"
10531,4018932883,4018932921,1,"IOTHUB_CLIENT_CONFIRMATION_OK"
10532,4018933083,4018933118,1,"IOTHUB_CLIENT_CONFIRMATION_OK"
10533,4018933283,4018933327,1,"IOTHUB_CLIENT_CONFIRMATION_OK"
10534,4018933483,4018933521,1,"IOTHUB_CLIENT_CONFIRMATION_OK"
10535,4018933683,4018933725,1,"IOTHUB_CLIENT_CONFIRMATION_OK"
10536,4018933884,4018933946,1,"IOTHUB_CLIENT_CONFIRMATION_OK"
10537,4018934084,4018934272,1,"IOTHUB_CLIENT_CONFIRMATION_OK"
10538,4018934284,4018934328,1,"IOTHUB_CLIENT_CONFIRMATION_OK"
10539,4018934484,4018934518,1,"IOTHUB_CLIENT_CONFIRMATION_OK"
10540,4018934684,4018934722,1,"IOTHUB_CLIENT_CONFIRMATION_OK"
10541,4018934884,4018934926,1,"IOTHUB_CLIENT_CONFIRMATION_OK"
10542,4018935084,4018935140,1,"IOTHUB_CLIENT_CONFIRMATION_OK"
10543,4018935285,4018935327,1,"IOTHUB_CLIENT_CONFIRMATION_OK"
10544,4018935485,4018935518,1,"IOTHUB_CLIENT_CONFIRMATION_OK"
10545,4018935685,4018935731,1,"IOTHUB_CLIENT_CONFIRMATION_OK"
10546,4018935885,4018935933,1,"IOTHUB_CLIENT_CONFIRMATION_OK"
10547,4018936085,4018936126,1,"IOTHUB_CLIENT_CONFIRMATION_OK"
10548,4018936285,4018936351,1,"IOTHUB_CLIENT_CONFIRMATION_OK"
10549,4018936486,4018936531,1,"IOTHUB_CLIENT_CONFIRMATION_OK"
10550,4018936686,4018936720,1,"IOTHUB_CLIENT_CONFIRMATION_OK"
10551,4018936886,4018936958,1,"IOTHUB_CLIENT_CONFIRMATION_OK"
10552,4018937086,4018937128,1,"IOTHUB_CLIENT_CONFIRMATION_OK"
10553,4018937286,4018937331,1,"IOTHUB_CLIENT_CONFIRMATION_OK"
10554,4018937486,4018937586,1,"IOTHUB_CLIENT_CONFIRMATION_OK"
10555,4018937686,4018937759,1,"IOTHUB_CLIENT_CONFIRMATION_OK"
10556,4018937887,4018937930,1,"IOTHUB_CLIENT_CONFIRMATION_OK"
10557,4018938087,4018938129,1,"IOTHUB_CLIENT_CONFIRMATION_OK"
10558,4018938287,4018938332,1,"IOTHUB_CLIENT_CONFIRMATION_OK"
10559,4018938487,4018938592,1,"IOTHUB_CLIENT_CONFIRMATION_OK"
10560,4018938687,4018938728,1,"IOTHUB_CLIENT_CONFIRMATION_OK"
10561,4018938887,4018938924,1,"IOTHUB_CLIENT_CONFIRMATION_OK"
10562,4018939088,4018939184,1,"IOTHUB_CLIENT_CONFIRMATION_OK"
10563,4018939288,4018939333,1,"IOTHUB_CLIENT_CONFIRMATION_OK"
10564,4018939488,4018939614,1,"IOTHUB_CLIENT_CONFIRMATION_OK"
10565,4018939688,4018939743,1,"IOTHUB_CLIENT_CONFIRMATION_OK"
10566,4018939888,4018939932,1,"IOTHUB_CLIENT_CONFIRMATION_OK"
10567,4018940088,4018940227,1,"IOTHUB_CLIENT_CONFIRMATION_OK"
10568,4018940288,4018940348,1,"IOTHUB_CLIENT_CONFIRMATION_OK"
10569,4018940489,4018940539,1,"IOTHUB_CLIENT_CONFIRMATION_OK"
10570,4018940689,4018940726,1,"IOTHUB_CLIENT_CONFIRMATION_OK"
10571,4018940889,4018940927,1,"IOTHUB_CLIENT_CONFIRMATION_OK"
10572,4018941089,4018941139,1,"IOTHUB_CLIENT_CONFIRMATION_OK"
10573,4018941289,4018941322,1,"IOTHUB_CLIENT_CONFIRMATION_OK"
10574,4018941489,4018941564,1,"IOTHUB_CLIENT_CONFIRMATION_OK"
10575,4018941690,4018941905,1,"IOTHUB_CLIENT_CONFIRMATION_OK"
10576,4018941890,4018941943,1,"IOTHUB_CLIENT_CONFIRMATION_OK"
10577,4018942090,4018942128,1,"IOTHUB_CLIENT_CONFIRMATION_OK"
10578,4018942290,4018942342,1,"IOTHUB_CLIENT_CONFIRMATION_OK"
10579,4018942490,4018942529,1,"IOTHUB_CLIENT_CONFIRMATION_OK"
10580,4018942690,4018942727,1,"IOTHUB_CLIENT_CONFIRMATION_OK"
10581,4018942891,4018942934,1,"IOTHUB_CLIENT_CONFIRMATION_OK"
10582,4018943091,4018943126,1,"IOTHUB_CLIENT_CONFIRMATION_OK"
10583,4018943291,4018943473,1,"IOTHUB_CLIENT_CONFIRMATION_OK"
10584,4018943491,4018943535,1,"IOTHUB_CLIENT_CONFIRMATION_OK"
10585,4018943691,4018943729,1,"IOTHUB_CLIENT_CONFIRMATION_OK"
10586,4018943891,4018943926,1,"IOTHUB_CLIENT_CONFIRMATION_OK"
10587,4018944091,4018944130,1,"IOTHUB_CLIENT_CONFIRMATION_OK"
10588,4018944292,4018944336,1,"IOTHUB_CLIENT_CONFIRMATION_OK"
10589,4018944492,4018944556,1,"IOTHUB_CLIENT_CONFIRMATION_OK"
10590,4018944692,4018944732,1,"IOTHUB_CLIENT_CONFIRMATION_OK"
10591,4018944892,4018944961,1,"IOTHUB_CLIENT_CONFIRMATION_OK"
10592,4018945092,4018945132,1,"IOTHUB_CLIENT_CONFIRMATION_OK"
10593,4018945292,4018945342,1,"IOTHUB_CLIENT_CONFIRMATION_OK"
10594,4018945493,4018945541,1,"IOTHUB_CLIENT_CONFIRMATION_OK"
10595,4018945693,4018945728,1,"IOTHUB_CLIENT_CONFIRMATION_OK"
10596,4018945893,4018945949,1,"IOTHUB_CLIENT_CONFIRMATION_OK"
10597,4018946093,4018946153,1,"IOTHUB_CLIENT_CONFIRMATION_OK"
10598,4018946293,4018946339,1,"IOTHUB_CLIENT_CONFIRMATION_OK"
10599,4018946493,4018946527,1,"IOTHUB_CLIENT_CONFIRMATION_OK"
10600,4018946694,4018946743,1,"IOTHUB_CLIENT_CONFIRMATION_OK"
10601,4018946894,4018946941,1,"IOTHUB_CLIENT_CONFIRMATION_OK"
10602,4018947094,4018947149,1,"IOTHUB_CLIENT_CONFIRMATION_OK"
10603,4018947294,4018947330,1,"IOTHUB_CLIENT_CONFIRMATION_OK"
10604,4018947494,4018947545,1,"IOTHUB_CLIENT_CONFIRMATION_OK"
10605,4018947694,4018947760,1,"IOTHUB_CLIENT_CONFIRMATION_OK"
10606,4018947895,4018947936,1,"IOTHUB_CLIENT_CONFIRMATION_OK"
10607,4018948095,4018948132,1,"IOTHUB_CLIENT_CONFIRMATION_OK"
10608,4018948295,4018948371,1,"IOTHUB_CLIENT_CONFIRMATION_OK"
10609,4018948495,4018948541,1,"IOTHUB_CLIENT_CONFIRMATION_OK"
10610,4018948695,4018948773,1,"IOTHUB_CLIENT_CONFIRMATION_OK"
10611,4018948895,4018948936,1,"IOTHUB_CLIENT_CONFIRMATION_OK"
10612,4018949095,4018949140,1,"IOTHUB_CLIENT_CONFIRMATION_OK"
10613,4018949296,4018949388,1,"IOTHUB_CLIENT_CONFIRMATION_OK"
10614,4018949496,4018949550,1,"IOTHUB_CLIENT_CONFIRMATION_OK"
10615,4018949696,4018949739,1,"IOTHUB_CLIENT_CONFIRMATION_OK"
10616,4018949896,4018950000,1,"IOTHUB_CLIENT_CONFIRMATION_OK"
10617,4018950096,4018950145,1,"IOTHUB_CLIENT_CONFIRMATION_OK"
10618,4018950296,4018950337,1,"IOTHUB_CLIENT_CONFIRMATION_OK"
10619,4018950497,4018950539,1,"IOTHUB_CLIENT_CONFIRMATION_OK"
10620,4018950697,4018950765,1,"IOTHUB_CLIENT_CONFIRMATION_OK"
10621,4018950897,4018950996,1,"IOTHUB_CLIENT_CONFIRMATION_OK"
10622,4018951097,4018951135,1,"IOTHUB_CLIENT_CONFIRMATION_OK"
10623,4018951297,4018951339,1,"IOTHUB_CLIENT_CONFIRMATION_OK"
10624,4018951497,4018951558,1,"IOTHUB_CLIENT_CONFIRMATION_OK"
10625,4018951697,4018951729,1,"IOTHUB_CLIENT_CONFIRMATION_OK"
10626,4018951898,4018951951,1,"IOTHUB_CLIENT_CONFIRMATION_OK"
10627,4018952098,4018952140,1,"IOTHUB_CLIENT_CONFIRMATION_OK"
10628,4018952298,4018952347,1,"IOTHUB_CLIENT_CONFIRMATION_OK"
10629,4018952498,4018952623,1,"IOTHUB_CLIENT_CONFIRMATION_OK"
10630,4018952698,4018952738,1,"IOTHUB_CLIENT_CONFIRMATION_OK"
10631,4018952898,4018952941,1,"IOTHUB_CLIENT_CONFIRMATION_OK"
10632,4018953099,4018953164,1,"IOTHUB_CLIENT_CONFIRMATION_OK"
10633,4018953299,4018953343,1,"IOTHUB_CLIENT_CONFIRMATION_OK"
10634,4018953499,4018953535,1,"IOTHUB_CLIENT_CONFIRMATION_OK"
10635,4018953699,4018953739,1,"IOTHUB_CLIENT_CONFIRMATION_OK"
10636,4018953899,4018953952,1,"IOTHUB_CLIENT_CONFIRMATION_OK"
10637,4018954099,4018954296,1,"IOTHUB_CLIENT_CONFIRMATION_OK"
10638,4018954300,4018954337,1,"IOTHUB_CLIENT_CONFIRMATION_OK"
10639,4018954500,4018954562,1,"IOTHUB_CLIENT_CONFIRMATION_OK"
10640,4018954700,4018954762,1,"IOTHUB_CLIENT_CONFIRMATION_OK"
10641,4018954900,4018955096,1,"IOTHUB_CLIENT_CONFIRMATION_OK"
10642,4018955100,4018955151,1,"IOTHUB_CLIENT_CONFIRMATION_OK"
10643,4018955300,4018955358,1,"IOTHUB_CLIENT_CONFIRMATION_OK"
10644,4018955500,4018955562,1,"IOTHUB_CLIENT_CONFIRMATION_OK"
10645,4018955701,4018955894,1,"IOTHUB_CLIENT_CONFIRMATION_OK"
10646,4018955901,4018955975,1,"IOTHUB_CLIENT_CONFIRMATION_OK"
10647,4018956101,4018956159,1,"IOTHUB_CLIENT_CONFIRMATION_OK"
10648,4018956301,4018956404,1,"IOTHUB_CLIENT_CONFIRMATION_OK"
10649,4018956501,4018956550,1,"IOTHUB_CLIENT_CONFIRMATION_OK"
10650,4018956701,4018956759,1,"IOTHUB_CLIENT_CONFIRMATION_OK"
10651,4018956902,4018956961,1,"IOTHUB_CLIENT_CONFIRMATION_OK"
10652,4018957102,4018957153,1,"IOTHUB_CLIENT_CONFIRMATION_OK"
10653,4018957302,4018957359,1,"IOTHUB_CLIENT_CONFIRMATION_OK"
10654,4018957502,4018957553,1,"IOTHUB_CLIENT_CONFIRMATION_OK"
10655,4018957702,4018957767,1,"IOTHUB_CLIENT_CONFIRMATION_OK"
10656,4018957902,4018957978,1,"IOTHUB_CLIENT_CONFIRMATION_OK"
10657,4018958103,4018958152,1,"IOTHUB_CLIENT_CONFIRMATION_OK"
10658,4018958303,4018958374,1,"IOTHUB_CLIENT_CONFIRMATION_OK"
10659,4018958503,4018958601,1,"IOTHUB_CLIENT_CONFIRMATION_OK"
10660,4018958703,4018958770,1,"IOTHUB_CLIENT_CONFIRMATION_OK"
10661,4018958903,4018958954,1,"IOTHUB_CLIENT_CONFIRMATION_OK"
10662,4018959103,4018959157,1,"IOTHUB_CLIENT_CONFIRMATION_OK"
10663,4018959304,4018959355,1,"IOTHUB_CLIENT_CONFIRMATION_OK"
10664,4018959504,4018959598,1,"IOTHUB_CLIENT_CONFIRMATION_OK"
10665,4018959704,4018959755,1,"IOTHUB_CLIENT_CONFIRMATION_OK"
10666,4018959904,4018959960,1,"IOTHUB_CLIENT_CONFIRMATION_OK"
10667,4018960104,4018960233,1,"IOTHUB_CLIENT_CONFIRMATION_OK"
10668,4018960304,4018960359,1,"IOTHUB_CLIENT_CONFIRMATION_OK"
10669,4018960505,4018960647,1,"IOTHUB_CLIENT_CONFIRMATION_OK"
10670,4018960705,4018960865,1,"IOTHUB_CLIENT_CONFIRMATION_OK"
10671,4018960905,4018960951,1,"IOTHUB_CLIENT_CONFIRMATION_OK"
10672,4018961105,4018961245,1,"IOTHUB_CLIENT_CONFIRMATION_OK"
10673,4018961305,4018961356,1,"IOTHUB_CLIENT_CONFIRMATION_OK"
10674,4018961505,4018961553,1,"IOTHUB_CLIENT_CONFIRMATION_OK"
10675,4018961705,4018961850,1,"IOTHUB_CLIENT_CONFIRMATION_OK"
10676,4018961906,4018961958,1,"IOTHUB_CLIENT_CONFIRMATION_OK"
10677,4018962106,4018962165,1,"IOTHUB_CLIENT_CONFIRMATION_OK"
10678,4018962306,4018962343,1,"IOTHUB_CLIENT_CONFIRMATION_OK"
10679,4018962506,4018962544,1,"IOTHUB_CLIENT_CONFIRMATION_OK"
10680,4018962706,4018962798,1,"IOTHUB_CLIENT_CONFIRMATION_OK"
10681,4018962906,4018962982,1,"IOTHUB_CLIENT_CONFIRMATION_OK"
10682,4018963106,4018963162,1,"IOTHUB_CLIENT_CONFIRMATION_OK"
10683,4018963307,4018963478,1,"IOTHUB_CLIENT_CONFIRMATION_OK"
10684,4018963507,4018963570,1,"IOTHUB_CLIENT_CONFIRMATION_OK"
10685,4018963707,4018963757,1,"IOTHUB_CLIENT_CONFIRMATION_OK"
10686,4018963907,4018963968,1,"IOTHUB_CLIENT_CONFIRMATION_OK"
10687,4018964107,4018964155,1,"IOTHUB_CLIENT_CONFIRMATION_OK"
10688,4018964307,4018964397,1,"IOTHUB_CLIENT_CONFIRMATION_OK"
10689,4018964508,4018964545,1,"IOTHUB_CLIENT_CONFIRMATION_OK"
10690,4018964708,4018964770,1,"IOTHUB_CLIENT_CONFIRMATION_OK"
10691,4018964908,4018965098,1,"IOTHUB_CLIENT_CONFIRMATION_OK"
10692,4018965108,4018965187,1,"IOTHUB_CLIENT_CONFIRMATION_OK"
10693,4018965308,4018965438,1,"IOTHUB_CLIENT_CONFIRMATION_OK"
10694,4018965508,4018965559,1,"IOTHUB_CLIENT_CONFIRMATION_OK"
10695,4018965709,4018965755,1,"IOTHUB_CLIENT_CONFIRMATION_OK"
10696,4018965909,4018966007,1,"IOTHUB_CLIENT_CONFIRMATION_OK"
10697,4018966109,4018966174,1,"IOTHUB_CLIENT_CONFIRMATION_OK"
10698,4018966309,4018966366,1,"IOTHUB_CLIENT_CONFIRMATION_OK"
10699,4018966509,4018966730,1,"IOTHUB_CLIENT_CONFIRMATION_OK"
10700,4018966709,4018966769,1,"IOTHUB_CLIENT_CONFIRMATION_OK"
10701,4018966909,4018966954,1,"IOTHUB_CLIENT_CONFIRMATION_OK"
10702,4018967110,4018967172,1,"IOTHUB_CLIENT_CONFIRMATION_OK"
10703,4018967310,4018967369,1,"IOTHUB_CLIENT_CONFIRMATION_OK"
10704,4018967510,4018967574,1,"IOTHUB_CLIENT_CONFIRMATION_OK"
10705,4018967710,4018967799,1,"IOTHUB_CLIENT_CONFIRMATION_OK"
10706,4018967910,4018967964,1,"IOTHUB_CLIENT_CONFIRMATION_OK"
10707,4018968110,4018968158,1,"IOTHUB_CLIENT_CONFIRMATION_OK"
10708,4018968310,4018968360,1,"IOTHUB_CLIENT_CONFIRMATION_OK"
10709,4018968511,4018968557,1,"IOTHUB_CLIENT_CONFIRMATION_OK"
10710,4018968711,4018968805,1,"IOTHUB_CLIENT_CONFIRMATION_OK"
10711,4018968911,4018968949,1,"IOTHUB_CLIENT_CONFIRMATION_OK"
10712,4018969111,4018969166,1,"IOTHUB_CLIENT_CONFIRMATION_OK"
10713,4018969311,4018969425,1,"IOTHUB_CLIENT_CONFIRMATION_OK"
10714,4018969511,4018969565,1,"IOTHUB_CLIENT_CONFIRMATION_OK"
10715,4018969712,4018969774,1,"IOTHUB_CLIENT_CONFIRMATION_OK"
10716,4018969912,4018969972,1,"IOTHUB_CLIENT_CONFIRMATION_OK"
10717,4018970112,4018970163,1,"IOTHUB_CLIENT_CONFIRMATION_OK"
10718,4018970312,4018970442,1,"IOTHUB_CLIENT_CONFIRMATION_OK"
10719,4018970512,4018970557,1,"IOTHUB_CLIENT_CONFIRMATION_OK"
10720,4018970712,4018970768,1,"IOTHUB_CLIENT_CONFIRMATION_OK"
10721,4018970912,4018971054,1,"IOTHUB_CLIENT_CONFIRMATION_OK"
10722,4018971113,4018971165,1,"IOTHUB_CLIENT_CONFIRMATION_OK"
10723,4018971313,4018971362,1,"IOTHUB_CLIENT_CONFIRMATION_OK"
10724,4018971513,4018971576,1,"IOTHUB_CLIENT_CONFIRMATION_OK"
10725,4018971713,4018971761,1,"IOTHUB_CLIENT_CONFIRMATION_OK"
10726,4018971913,4018972061,1,"IOTHUB_CLIENT_CONFIRMATION_OK"
10727,4018972113,4018972176,1,"IOTHUB_CLIENT_CONFIRMATION_OK"
10728,4018972314,4018972378,1,"IOTHUB_CLIENT_CONFIRMATION_OK"
10729,4018972514,4018972662,1,"IOTHUB_CLIENT_CONFIRMATION_OK"
10730,4018972714,4018972762,1,"IOTHUB_CLIENT_CONFIRMATION_OK"
10731,4018972914,4018972982,1,"IOTHUB_CLIENT_CONFIRMATION_OK"
10732,4018973114,4018973152,1,"IOTHUB_CLIENT_CONFIRMATION_OK"
10733,4018973314,4018973386,1,"IOTHUB_CLIENT_CONFIRMATION_OK"
10734,4018973515,4018973590,1,"IOTHUB_CLIENT_CONFIRMATION_OK"
10735,4018973715,4018973786,1,"IOTHUB_CLIENT_CONFIRMATION_OK"
10736,4018973915,4018973979,1,"IOTHUB_CLIENT_CONFIRMATION_OK"
10737,4018974115,4018974161,1,"IOTHUB_CLIENT_CONFIRMATION_OK"
10738,4018974315,4018974377,1,"IOTHUB_CLIENT_CONFIRMATION_OK"
10739,4018974515,4018974556,1,"IOTHUB_CLIENT_CONFIRMATION_OK"
10740,4018974716,4018974804,1,"IOTHUB_CLIENT_CONFIRMATION_OK"
10741,4018974916,4018974975,1,"IOTHUB_CLIENT_CONFIRMATION_OK"
10742,4018975116,4018975162,1,"IOTHUB_CLIENT_CONFIRMATION_OK"
10743,4018975316,4018975360,1,"IOTHUB_CLIENT_CONFIRMATION_OK"
10744,4018975516,4018975601,1,"IOTHUB_CLIENT_CONFIRMATION_OK"
10745,4018975716,4018975765,1,"IOTHUB_CLIENT_CONFIRMATION_OK"
10746,4018975916,4018975960,1,"IOTHUB_CLIENT_CONFIRMATION_OK"
10747,4018976117,4018976162,1,"IOTHUB_CLIENT_CONFIRMATION_OK"
10748,4018976317,4018976355,1,"IOTHUB_CLIENT_CONFIRMATION_OK"
10749,4018976517,4018976555,1,"IOTHUB_CLIENT_CONFIRMATION_OK"
10750,4018976717,4018976781,1,"IOTHUB_CLIENT_CONFIRMATION_OK"
10751,4018976917,4018976975,1,"IOTHUB_CLIENT_CONFIRMATION_OK"
10752,4018977117,4018977155,1,"IOTHUB_CLIENT_CONFIRMATION_OK"
10753,4018977317,4018977362,1,"IOTHUB_CLIENT_CONFIRMATION_OK"
10754,4018977518,4018977550,1,"IOTHUB_CLIENT_CONFIRMATION_OK"
10755,4018977718,4018977756,1,"IOTHUB_CLIENT_CONFIRMATION_OK"
10756,4018977918,4018977970,1,"IOTHUB_CLIENT_CONFIRMATION_OK"
10757,4018978118,4018978154,1,"IOTHUB_CLIENT_CONFIRMATION_OK"
10758,4018978318,4018978367,1,"IOTHUB_CLIENT_CONFIRMATION_OK"
10759,4018978518,4018978618,1,"IOTHUB_CLIENT_CONFIRMATION_OK"
10760,4018978719,4018978756,1,"IOTHUB_CLIENT_CONFIRMATION_OK"
10761,4018978919,4018978967,1,"IOTHUB_CLIENT_CONFIRMATION_OK"
10762,4018979119,4018979168,1,"IOTHUB_CLIENT_CONFIRMATION_OK"
10763,4018979319,4018979356,1,"IOTHUB_CLIENT_CONFIRMATION_OK"
10764,4018979519,4018979608,1,"IOTHUB_CLIENT_CONFIRMATION_OK"
10765,4018979719,4018979764,1,"IOTHUB_CLIENT_CONFIRMATION_OK"
10766,4018979919,4018979954,1,"IOTHUB_CLIENT_CONFIRMATION_OK"
10767,4018980120,4018980210,1,"IOTHUB_CLIENT_CONFIRMATION_OK"
10768,4018980320,4018980354,1,"IOTHUB_CLIENT_CONFIRMATION_OK"
10769,4018980520,4018980550,1,"IOTHUB_CLIENT_CONFIRMATION_OK"
10770,4018980720,4018980764,1,"IOTHUB_CLIENT_CONFIRMATION_OK"
10771,4018980920,4018980957,1,"IOTHUB_CLIENT_CONFIRMATION_OK"
10772,4018981120,4018981230,1,"IOTHUB_CLIENT_CONFIRMATION_OK"
10773,4018981321,4018981373,1,"IOTHUB_CLIENT_CONFIRMATION_OK"
10774,4018981521,4018981574,1,"IOTHUB_CLIENT_CONFIRMATION_OK"
10775,4018981721,4018981832,1,"IOTHUB_CLIENT_CONFIRMATION_OK"
10776,4018981921,4018981955,1,"IOTHUB_CLIENT_CONFIRMATION_OK"
10777,4018982121,4018982158,1,"IOTHUB_CLIENT_CONFIRMATION_OK"
10778,4018982321,4018982438,1,"IOTHUB_CLIENT_CONFIRMATION_OK"
10779,4018982522,4018982557,1,"IOTHUB_CLIENT_CONFIRMATION_OK"
10780,4018982722,4018982789,1,"IOTHUB_CLIENT_CONFIRMATION_OK"
10781,4018982922,4018982976,1,"IOTHUB_CLIENT_CONFIRMATION_OK"
10782,4018983122,4018983166,1,"IOTHUB_CLIENT_CONFIRMATION_OK"
10783,4018983322,4018983464,1,"IOTHUB_CLIENT_CONFIRMATION_OK"
10784,4018983522,4018983571,1,"IOTHUB_CLIENT_CONFIRMATION_OK"
10785,4018983722,4018983766,1,"IOTHUB_CLIENT_CONFIRMATION_OK"
10786,4018983923,4018983972,1,"IOTHUB_CLIENT_CONFIRMATION_OK"
10787,4018984123,4018984159,1,"IOTHUB_CLIENT_CONFIRMATION_OK"
10788,4018984323,4018984373,1,"IOTHUB_CLIENT_CONFIRMATION_OK"
10789,4018984523,4018984570,1,"IOTHUB_CLIENT_CONFIRMATION_OK"
10790,4018984723,4018984770,1,"IOTHUB_CLIENT_CONFIRMATION_OK"
10791,4018984923,4018985103,1,"IOTHUB_CLIENT_CONFIRMATION_OK"
10792,4018985123,4018985168,1,"IOTHUB_CLIENT_CONFIRMATION_OK"
10793,4018985324,4018985615,1,"IOTHUB_CLIENT_CONFIRMATION_OK"
10794,4018985524,4018985651,1,"IOTHUB_CLIENT_CONFIRMATION_OK"
10795,4018985724,4018985767,1,"IOTHUB_CLIENT_CONFIRMATION_OK"
10796,4018985924,4018985964,1,"IOTHUB_CLIENT_CONFIRMATION_OK"
10797,4018986124,4018986173,1,"IOTHUB_CLIENT_CONFIRMATION_OK"
10798,4018986324,4018986378,1,"IOTHUB_CLIENT_CONFIRMATION_OK"
10799,4018986525,4018986813,1,"IOTHUB_CLIENT_CONFIRMATION_OK"
10800,4018986725,4018986842,1,"IOTHUB_CLIENT_CONFIRMATION_OK"
10801,4018986925,4018986960,1,"IOTHUB_CLIENT_CONFIRMATION_OK"
10802,4018987125,4018987181,1,"IOTHUB_CLIENT_CONFIRMATION_OK"
10803,4018987325,4018987413,1,"IOTHUB_CLIENT_CONFIRMATION_OK"
10804,4018987525,4018987566,1,"IOTHUB_CLIENT_CONFIRMATION_OK"
10805,4018987726,4018987784,1,"IOTHUB_CLIENT_CONFIRMATION_OK"
10806,4018987926,4018988061,1,"IOTHUB_CLIENT_CONFIRMATION_OK"
10807,4018988126,4018988173,1,"IOTHUB_CLIENT_CONFIRMATION_OK"
10808,4018988326,4018988385,1,"IOTHUB_CLIENT_CONFIRMATION_OK"
10809,4018988526,4018988596,1,"IOTHUB_CLIENT_CONFIRMATION_OK"
10810,4018988726,4018988811,1,"IOTHUB_CLIENT_CONFIRMATION_OK"
10811,4018988927,4018988977,1,"IOTHUB_CLIENT_CONFIRMATION_OK"
10812,4018989127,4018989170,1,"IOTHUB_CLIENT_CONFIRMATION_OK"
10813,4018989327,4018989436,1,"IOTHUB_CLIENT_CONFIRMATION_OK"
10814,4018989527,4018989569,1,"IOTHUB_CLIENT_CONFIRMATION_OK"
10815,4018989727,4018989772,1,"IOTHUB_CLIENT_CONFIRMATION_OK"
10816,4018989927,4018989968,1,"IOTHUB_CLIENT_CONFIRMATION_OK"
10817,4018990127,4018990166,1,"IOTHUB_CLIENT_CONFIRMATION_OK"
10818,4018990328,4018990442,1,"IOTHUB_CLIENT_CONFIRMATION_OK"
10819,4018990528,4018990602,1,"IOTHUB_CLIENT_CONFIRMATION_OK"
10820,4018990728,4018990774,1,"IOTHUB_CLIENT_CONFIRMATION_OK"
10821,4018990928,4018991021,1,"IOTHUB_CLIENT_CONFIRMATION_OK"
10822,4018991128,4018991175,1,"IOTHUB_CLIENT_CONFIRMATION_OK"
10823,4018991328,4018991372,1,"IOTHUB_CLIENT_CONFIRMATION_OK"
10824,4018991529,4018991582,1,"IOTHUB_CLIENT_CONFIRMATION_OK"
10825,4018991729,4018991767,1,"IOTHUB_CLIENT_CONFIRMATION_OK"
10826,4018991929,4018992044,1,"IOTHUB_CLIENT_CONFIRMATION_OK"
10827,4018992129,4018992159,1,"IOTHUB_CLIENT_CONFIRMATION_OK"
10828,4018992329,4018992363,1,"IOTHUB_CLIENT_CONFIRMATION_OK"
10829,4018992529,4018992679,1,"IOTHUB_CLIENT_CONFIRMATION_OK"
10830,4018992730,4018992776,1,"IOTHUB_CLIENT_CONFIRMATION_OK"
10831,4018992930,4018992988,1,"IOTHUB_CLIENT_CONFIRMATION_OK"
10832,4018993130,4018993174,1,"IOTHUB_CLIENT_CONFIRMATION_OK"
10833,4018993330,4018993378,1,"IOTHUB_CLIENT_CONFIRMATION_OK"
10834,4018993530,4018993581,1,"IOTHUB_CLIENT_CONFIRMATION_OK"
10835,4018993730,4018993763,1,"IOTHUB_CLIENT_CONFIRMATION_OK"
10836,4018993930,4018993994,1,"IOTHUB_CLIENT_CONFIRMATION_OK"
10837,4018994131,4018994178,1,"IOTHUB_CLIENT_CONFIRMATION_OK"
10838,4018994331,4018994381,1,"IOTHUB_CLIENT_CONFIRMATION_OK"
10839,4018994531,4018994575,1,"IOTHUB_CLIENT_CONFIRMATION_OK"
10840,4018994731,4018994794,1,"IOTHUB_CLIENT_CONFIRMATION_OK"
10841,4018994931,4018994972,1,"IOTHUB_CLIENT_CONFIRMATION_OK"
10842,4018995131,4018995167,1,"IOTHUB_CLIENT_CONFIRMATION_OK"
10843,4018995332,4018995381,1,"IOTHUB_CLIENT_CONFIRMATION_OK"
10844,4018995532,4018995598,1,"IOTHUB_CLIENT_CONFIRMATION_OK"
10845,4018995732,4018995771,1,"IOTHUB_CLIENT_CONFIRMATION_OK"
10846,4018995932,4018996024,1,"IOTHUB_CLIENT_CONFIRMATION_OK"
10847,4018996132,4018996259,1,"IOTHUB_CLIENT_CONFIRMATION_OK"
10848,4018996332,4018996530,1,"IOTHUB_CLIENT_CONFIRMATION_OK"
10849,4018996533,4018996569,1,"IOTHUB_CLIENT_CONFIRMATION_OK"
10850,4018996733,4018996779,1,"IOTHUB_CLIENT_CONFIRMATION_OK"
10851,4018996933,4018996993,1,"IOTHUB_CLIENT_CONFIRMATION_OK"
10852,4018997133,4018997243,1,"IOTHUB_CLIENT_CONFIRMATION_OK"
10853,4018997333,4018997485,1,"IOTHUB_CLIENT_CONFIRMATION_OK"
10854,4018997533,4018997591,1,"IOTHUB_CLIENT_CONFIRMATION_OK"
10855,4018997733,4018997772,1,"IOTHUB_CLIENT_CONFIRMATION_OK"
10856,4018997934,4018997983,1,"IOTHUB_CLIENT_CONFIRMATION_OK"
10857,4018998134,4018998173,1,"IOTHUB_CLIENT_CONFIRMATION_OK"
10858,4018998334,4018998366,1,"IOTHUB_CLIENT_CONFIRMATION_OK"
10859,4018998534,4018998579,1,"IOTHUB_CLIENT_CONFIRMATION_OK"
10860,4018998734,4018998775,1,"IOTHUB_CLIENT_CONFIRMATION_OK"
10861,4018998934,4018998971,1,"IOTHUB_CLIENT_CONFIRMATION_OK"
10862,4018999135,4018999206,1,"IOTHUB_CLIENT_CONFIRMATION_OK"
10863,4018999335,4018999376,1,"IOTHUB_CLIENT_CONFIRMATION_OK"
10864,4018999535,4018999575,1,"IOTHUB_CLIENT_CONFIRMATION_OK"
10865,4018999735,4018999793,1,"IOTHUB_CLIENT_CONFIRMATION_OK"
10866,4018999935,4018999996,1,"IOTHUB_CLIENT_CONFIRMATION_OK"
10867,4019000135,4019000179,1,"IOTHUB_CLIENT_CONFIRMATION_OK"
10868,4019000336,4019000383,1,"IOTHUB_CLIENT_CONFIRMATION_OK"
10869,4019000536,4019000573,1,"IOTHUB_CLIENT_CONFIRMATION_OK"
10870,4019000736,4019000776,1,"IOTHUB_CLIENT_CONFIRMATION_OK"
10871,4019000936,4019000992,1,"IOTHUB_CLIENT_CONFIRMATION_OK"
10872,4019001136,4019001191,1,"IOTHUB_CLIENT_CONFIRMATION_OK"
10873,4019001336,4019001372,1,"IOTHUB_CLIENT_CONFIRMATION_OK"
10874,4019001536,4019001581,1,"IOTHUB_CLIENT_CONFIRMATION_OK"
10875,4019001737,4019001820,1,"IOTHUB_CLIENT_CONFIRMATION_OK"
10876,4019001937,4019001975,1,"IOTHUB_CLIENT_CONFIRMATION_OK"
10877,4019002137,4019002182,1,"IOTHUB_CLIENT_CONFIRMATION_OK"
10878,4019002337,4019002388,1,"IOTHUB_CLIENT_CONFIRMATION_OK"
10879,4019002537,4019002576,1,"IOTHUB_CLIENT_CONFIRMATION_OK"
10880,4019002737,4019002823,1,"IOTHUB_CLIENT_CONFIRMATION_OK"
10881,4019002938,4019002982,1,"IOTHUB_CLIENT_CONFIRMATION_OK"
10882,4019003138,4019003176,1,"IOTHUB_CLIENT_CONFIRMATION_OK"
10883,4019003338,4019003433,1,"IOTHUB_CLIENT_CONFIRMATION_OK"
10884,4019003538,4019003593,1,"IOTHUB_CLIENT_CONFIRMATION_OK"
10885,4019003738,4019003784,1,"IOTHUB_CLIENT_CONFIRMATION_OK"
10886,4019003938,4019003971,1,"IOTHUB_CLIENT_CONFIRMATION_OK"
10887,4019004139,4019004179,1,"IOTHUB_CLIENT_CONFIRMATION_OK"
10888,4019004339,4019004398,1,"IOTHUB_CLIENT_CONFIRMATION_OK"
10889,4019004539,4019004611,1,"IOTHUB_CLIENT_CONFIRMATION_OK"
10890,4019004739,4019004779,1,"IOTHUB_CLIENT_CONFIRMATION_OK"
10891,4019004939,4019005063,1,"IOTHUB_CLIENT_CONFIRMATION_OK"
10892,4019005139,4019005178,1,"IOTHUB_CLIENT_CONFIRMATION_OK"
10893,4019005340,4019005381,1,"IOTHUB_CLIENT_CONFIRMATION_OK"
10894,4019005540,4019005597,1,"IOTHUB_CLIENT_CONFIRMATION_OK"
10895,4019005740,4019005779,1,"IOTHUB_CLIENT_CONFIRMATION_OK"
10896,4019005940,4019005973,1,"IOTHUB_CLIENT_CONFIRMATION_OK"
10897,4019006140,4019006197,1,"IOTHUB_CLIENT_CONFIRMATION_OK"
10898,4019006340,4019006383,1,"IOTHUB_CLIENT_CONFIRMATION_OK"
10899,4019006540,4019006726,1,"IOTHUB_CLIENT_CONFIRMATION_OK"
10900,4019006741,4019006799,1,"IOTHUB_CLIENT_CONFIRMATION_OK"
10901,4019006941,4019006978,1,"IOTHUB_CLIENT_CONFIRMATION_OK"
10902,4019007141,4019007218,1,"IOTHUB_CLIENT_CONFIRMATION_OK"
10903,4019007341,4019007388,1,"IOTHUB_CLIENT_CONFIRMATION_OK"
10904,4019007541,4019007580,1,"IOTHUB_CLIENT_CONFIRMATION_OK"
10905,4019007741,4019007779,1,"IOTHUB_CLIENT_CONFIRMATION_OK"
10906,4019007942,4019007978,1,"IOTHUB_CLIENT_CONFIRMATION_OK"
10907,4019008142,4019008178,1,"IOTHUB_CLIENT_CONFIRMATION_OK"
10908,4019008342,4019008379,1,"IOTHUB_CLIENT_CONFIRMATION_OK"
10909,4019008542,4019008578,1,"IOTHUB_CLIENT_CONFIRMATION_OK"
10910,4019008742,4019008834,1,"IOTHUB_CLIENT_CONFIRMATION_OK"
10911,4019008942,4019009007,1,"IOTHUB_CLIENT_CONFIRMATION_OK"
10912,4019009142,4019009187,1,"IOTHUB_CLIENT_CONFIRMATION_OK"
10913,4019009343,4019009405,1,"IOTHUB_CLIENT_CONFIRMATION_OK"
10914,4019009543,4019009583,1,"IOTHUB_CLIENT_CONFIRMATION_OK"
10915,4019009743,4019009792,1,"IOTHUB_CLIENT_CONFIRMATION_OK"
10916,4019009943,4019009996,1,"IOTHUB_CLIENT_CONFIRMATION_OK"
10917,4019010143,4019010182,1,"IOTHUB_CLIENT_CONFIRMATION_OK"
10918,4019010343,4019010433,1,"IOTHUB_CLIENT_CONFIRMATION_OK"
10919,4019010544,4019010588,1,"IOTHUB_CLIENT_CONFIRMATION_OK"
10920,4019010744,4019010834,1,"IOTHUB_CLIENT_CONFIRMATION_OK"
10921,4019010944,4019011030,1,"IOTHUB_CLIENT_CONFIRMATION_OK"
10922,4019011144,4019011179,1,"IOTHUB_CLIENT_CONFIRMATION_OK"
10923,4019011344,4019011562,1,"IOTHUB_CLIENT_CONFIRMATION_OK"
10924,4019011544,4019011624,1,"IOTHUB_CLIENT_CONFIRMATION_OK"
10925,4019011744,4019011791,1,"IOTHUB_CLIENT_CONFIRMATION_OK"
10926,4019011945,4019012147,1,"IOTHUB_CLIENT_CONFIRMATION_OK"
10927,4019012145,4019012201,1,"IOTHUB_CLIENT_CONFIRMATION_OK"
10928,4019012345,4019012391,1,"IOTHUB_CLIENT_CONFIRMATION_OK"
10929,4019012545,4019012590,1,"IOTHUB_CLIENT_CONFIRMATION_OK"
10930,4019012745,4019012810,1,"IOTHUB_CLIENT_CONFIRMATION_OK"
10931,4019012945,4019013011,1,"IOTHUB_CLIENT_CONFIRMATION_OK"
10932,4019013146,4019013183,1,"IOTHUB_CLIENT_CONFIRMATION_OK"
10933,4019013346,4019013413,1,"IOTHUB_CLIENT_CONFIRMATION_OK"
10934,4019013546,4019013581,1,"IOTHUB_CLIENT_CONFIRMATION_OK"
10935,4019013746,4019013793,1,"IOTHUB_CLIENT_CONFIRMATION_OK"
10936,4019013946,4019013986,1,"IOTHUB_CLIENT_CONFIRMATION_OK"
10937,4019014146,4019014218,1,"IOTHUB_CLIENT_CONFIRMATION_OK"
10938,4019014346,4019014413,1,"IOTHUB_CLIENT_CONFIRMATION_OK"
10939,4019014547,4019014587,1,"IOTHUB_CLIENT_CONFIRMATION_OK"
10940,4019014747,4019014839,1,"IOTHUB_CLIENT_CONFIRMATION_OK"
10941,4019014947,4019014984,1,"IOTHUB_CLIENT_CONFIRMATION_OK"
10942,4019015147,4019015222,1,"IOTHUB_CLIENT_CONFIRMATION_OK"
10943,4019015347,4019015416,1,"IOTHUB_CLIENT_CONFIRMATION_OK"
10944,4019015547,4019015586,1,"IOTHUB_CLIENT_CONFIRMATION_OK"
10945,4019015748,4019015863,1,"IOTHUB_CLIENT_CONFIRMATION_OK"
10946,4019015948,4019015993,1,"IOTHUB_CLIENT_CONFIRMATION_OK"
10947,4019016148,4019016205,1,"IOTHUB_CLIENT_CONFIRMATION_OK"
10948,4019016348,4019016451,1,"IOTHUB_CLIENT_CONFIRMATION_OK"
10949,4019016548,4019016743,1,"IOTHUB_CLIENT_CONFIRMATION_OK"
10950,4019016748,4019016790,1,"IOTHUB_CLIENT_CONFIRMATION_OK"
10951,4019016948,4019017028,1,"IOTHUB_CLIENT_CONFIRMATION_OK"
10952,4019017149,4019017198,1,"IOTHUB_CLIENT_CONFIRMATION_OK"
10953,4019017349,4019017399,1,"IOTHUB_CLIENT_CONFIRMATION_OK"
10954,4019017549,4019017594,1,"IOTHUB_CLIENT_CONFIRMATION_OK"
10955,4019017749,4019017851,1,"IOTHUB_CLIENT_CONFIRMATION_OK"
10956,4019017949,4019017994,1,"IOTHUB_CLIENT_CONFIRMATION_OK"
10957,4019018149,4019018184,1,"IOTHUB_CLIENT_CONFIRMATION_OK"
10958,4019018350,4019018422,1,"IOTHUB_CLIENT_CONFIRMATION_OK"
10959,4019018550,4019018611,1,"IOTHUB_CLIENT_CONFIRMATION_OK"
10960,4019018750,4019018794,1,"IOTHUB_CLIENT_CONFIRMATION_OK"
10961,4019018950,4019019087,1,"IOTHUB_CLIENT_CONFIRMATION_OK"
10962,4019019150,4019019199,1,"IOTHUB_CLIENT_CONFIRMATION_OK"
10963,4019019350,4019019393,1,"IOTHUB_CLIENT_CONFIRMATION_OK"
10964,4019019551,4019019688,1,"IOTHUB_CLIENT_CONFIRMATION_OK"
10965,4019019751,4019019792,1,"IOTHUB_CLIENT_CONFIRMATION_OK"
10966,4019019951,4019020001,1,"IOTHUB_CLIENT_CONFIRMATION_OK"
10967,4019020151,4019020188,1,"IOTHUB_CLIENT_CONFIRMATION_OK"
10968,4019020351,4019020417,1,"IOTHUB_CLIENT_CONFIRMATION_OK"
10969,4019020551,4019020585,1,"IOTHUB_CLIENT_CONFIRMATION_OK"
10970,4019020751,4019020795,1,"IOTHUB_CLIENT_CONFIRMATION_OK"
10971,4019020952,4019020994,1,"IOTHUB_CLIENT_CONFIRMATION_OK"
10972,4019021152,4019021225,1,"IOTHUB_CLIENT_CONFIRMATION_OK"
10973,4019021352,4019021386,1,"IOTHUB_CLIENT_CONFIRMATION_OK"
10974,4019021552,4019021597,1,"IOTHUB_CLIENT_CONFIRMATION_OK"
10975,4019021752,4019021848,1,"IOTHUB_CLIENT_CONFIRMATION_OK"
10976,4019021952,4019021986,1,"IOTHUB_CLIENT_CONFIRMATION_OK"
10977,4019022153,4019022195,1,"IOTHUB_CLIENT_CONFIRMATION_OK"
10978,4019022353,4019022421,1,"IOTHUB_CLIENT_CONFIRMATION_OK"
10979,4019022553,4019022607,1,"IOTHUB_CLIENT_CONFIRMATION_OK"
10980,4019022753,4019022884,1,"IOTHUB_CLIENT_CONFIRMATION_OK"
10981,4019022953,4019022999,1,"IOTHUB_CLIENT_CONFIRMATION_OK"
10982,4019023153,4019023198,1,"IOTHUB_CLIENT_CONFIRMATION_OK"
10983,4019023353,4019023480,1,"IOTHUB_CLIENT_CONFIRMATION_OK"
10984,4019023554,4019023593,1,"IOTHUB_CLIENT_CONFIRMATION_OK"
10985,4019023754,4019023818,1,"IOTHUB_CLIENT_CONFIRMATION_OK"
10986,4019023954,4019023992,1,"IOTHUB_CLIENT_CONFIRMATION_OK"
10987,4019024154,4019024213,1,"IOTHUB_CLIENT_CONFIRMATION_OK"
10988,4019024354,4019024409,1,"IOTHUB_CLIENT_CONFIRMATION_OK"
10989,4019024554,4019024596,1,"IOTHUB_CLIENT_CONFIRMATION_OK"
10990,4019024755,4019024800,1,"IOTHUB_CLIENT_CONFIRMATION_OK"
10991,4019024955,4019025105,1,"IOTHUB_CLIENT_CONFIRMATION_OK"
10992,4019025155,4019025190,1,"IOTHUB_CLIENT_CONFIRMATION_OK"
10993,4019025355,4019025396,1,"IOTHUB_CLIENT_CONFIRMATION_OK"
10994,4019025555,4019025599,1,"IOTHUB_CLIENT_CONFIRMATION_OK"
10995,4019025755,4019025830,1,"IOTHUB_CLIENT_CONFIRMATION_OK"
10996,4019025956,4019026005,1,"IOTHUB_CLIENT_CONFIRMATION_OK"
10997,4019026156,4019026288,1,"IOTHUB_CLIENT_CONFIRMATION_OK"
10998,4019026356,4019026410,1,"IOTHUB_CLIENT_CONFIRMATION_OK"
10999,4019026556,4019026772,1,"IOTHUB_CLIENT_CONFIRMATION_OK"
11000,4019026756,4019026807,1,"IOTHUB_CLIENT_CONFIRMATION_OK"
11001,4019026956,4019026992,1,"IOTHUB_CLIENT_CONFIRMATION_OK"
11002,4019027156,4019027191,1,"IOTHUB_CLIENT_CONFIRMATION_OK"
11003,4019027357,4019027410,1,"IOTHUB_CLIENT_CONFIRMATION_OK"
11004,4019027557,4019027600,1,"IOTHUB_CLIENT_CONFIRMATION_OK"
11005,4019027757,4019027796,1,"IOTHUB_CLIENT_CONFIRMATION_OK"
11006,4019027957,4019028001,1,"IOTHUB_CLIENT_CONFIRMATION_OK"
11007,4019028157,4019028388,1,"IOTHUB_CLIENT_CONFIRMATION_OK"
11008,4019028357,4019028405,1,"IOTHUB_CLIENT_CONFIRMATION_OK"
11009,4019028558,4019028596,1,"IOTHUB_CLIENT_CONFIRMATION_OK"
11010,4019028758,4019028801,1,"IOTHUB_CLIENT_CONFIRMATION_OK"
11011,4019028958,4019028998,1,"IOTHUB_CLIENT_CONFIRMATION_OK"
11012,4019029158,4019029199,1,"IOTHUB_CLIENT_CONFIRMATION_OK"
11013,4019029358,4019029423,1,"IOTHUB_CLIENT_CONFIRMATION_OK"
11014,4019029558,4019029597,1,"IOTHUB_CLIENT_CONFIRMATION_OK"
11015,4019029759,4019029816,1,"IOTHUB_CLIENT_CONFIRMATION_OK"
11016,4019029959,4019030004,1,"IOTHUB_CLIENT_CONFIRMATION_OK"
11017,4019030159,4019030218,1,"IOTHUB_CLIENT_CONFIRMATION_OK"
11018,4019030359,4019030416,1,"IOTHUB_CLIENT_CONFIRMATION_OK"
11019,4019030559,4019030626,1,"IOTHUB_CLIENT_CONFIRMATION_OK"
11020,4019030759,4019030830,1,"IOTHUB_CLIENT_CONFIRMATION_OK"
11021,4019030960,4019031031,1,"IOTHUB_CLIENT_CONFIRMATION_OK"
11022,4019031160,4019031199,1,"IOTHUB_CLIENT_CONFIRMATION_OK"
11023,4019031360,4019031414,1,"IOTHUB_CLIENT_CONFIRMATION_OK"
11024,4019031560,4019031610,1,"IOTHUB_CLIENT_CONFIRMATION_OK"
11025,4019031760,4019031814,1,"IOTHUB_CLIENT_CONFIRMATION_OK"
11026,4019031960,4019032045,1,"IOTHUB_CLIENT_CONFIRMATION_OK"
11027,4019032161,4019032194,1,"IOTHUB_CLIENT_CONFIRMATION_OK"
11028,4019032361,4019032406,1,"IOTHUB_CLIENT_CONFIRMATION_OK"
11029,4019032561,4019032668,1,"IOTHUB_CLIENT_CONFIRMATION_OK"
11030,4019032761,4019032812,1,"IOTHUB_CLIENT_CONFIRMATION_OK"
11031,4019032961,4019032998,1,"IOTHUB_CLIENT_CONFIRMATION_OK"
11032,4019033161,4019033213,1,"IOTHUB_CLIENT_CONFIRMATION_OK"
11033,4019033361,4019033394,1,"IOTHUB_CLIENT_CONFIRMATION_OK"
11034,4019033562,4019033664,1,"IOTHUB_CLIENT_CONFIRMATION_OK"
11035,4019033762,4019033800,1,"IOTHUB_CLIENT_CONFIRMATION_OK"
11036,4019033962,4019034007,1,"IOTHUB_CLIENT_CONFIRMATION_OK"
11037,4019034162,4019034270,1,"IOTHUB_CLIENT_CONFIRMATION_OK"
11038,4019034362,4019034401,1,"IOTHUB_CLIENT_CONFIRMATION_OK"
11039,4019034562,4019034626,1,"IOTHUB_CLIENT_CONFIRMATION_OK"
11040,4019034763,4019034805,1,"IOTHUB_CLIENT_CONFIRMATION_OK"
11041,4019034963,4019035000,1,"IOTHUB_CLIENT_CONFIRMATION_OK"
11042,4019035163,4019035216,1,"IOTHUB_CLIENT_CONFIRMATION_OK"
11043,4019035363,4019035431,1,"IOTHUB_CLIENT_CONFIRMATION_OK"
11044,4019035563,4019035606,1,"IOTHUB_CLIENT_CONFIRMATION_OK"
11045,4019035763,4019035820,1,"IOTHUB_CLIENT_CONFIRMATION_OK"
11046,4019035964,4019036011,1,"IOTHUB_CLIENT_CONFIRMATION_OK"
11047,4019036164,4019036206,1,"IOTHUB_CLIENT_CONFIRMATION_OK"
11048,4019036364,4019036403,1,"IOTHUB_CLIENT_CONFIRMATION_OK"
11049,4019036564,4019036666,1,"IOTHUB_CLIENT_CONFIRMATION_OK"
11050,4019036764,4019036803,1,"IOTHUB_CLIENT_CONFIRMATION_OK"
11051,4019036964,4019037016,1,"IOTHUB_CLIENT_CONFIRMATION_OK"
11052,4019037164,4019037235,1,"IOTHUB_CLIENT_CONFIRMATION_OK"
11053,4019037365,4019037412,1,"IOTHUB_CLIENT_CONFIRMATION_OK"
11054,4019037565,4019037608,1,"IOTHUB_CLIENT_CONFIRMATION_OK"
11055,4019037765,4019037849,1,"IOTHUB_CLIENT_CONFIRMATION_OK"
11056,4019037965,4019037999,1,"IOTHUB_CLIENT_CONFIRMATION_OK"
11057,4019038165,4019038204,1,"IOTHUB_CLIENT_CONFIRMATION_OK"
11058,4019038365,4019038406,1,"IOTHUB_CLIENT_CONFIRMATION_OK"
11059,4019038566,4019038619,1,"IOTHUB_CLIENT_CONFIRMATION_OK"
11060,4019038766,4019038814,1,"IOTHUB_CLIENT_CONFIRMATION_OK"
11061,4019038966,4019039020,1,"IOTHUB_CLIENT_CONFIRMATION_OK"
11062,4019039166,4019039221,1,"IOTHUB_CLIENT_CONFIRMATION_OK"
11063,4019039366,4019039401,1,"IOTHUB_CLIENT_CONFIRMATION_OK"
11064,4019039566,4019039666,1,"IOTHUB_CLIENT_CONFIRMATION_OK"
11065,4019039767,4019039801,1,"IOTHUB_CLIENT_CONFIRMATION_OK"
11066,4019039967,4019040005,1,"IOTHUB_CLIENT_CONFIRMATION_OK"
11067,4019040167,4019040218,1,"IOTHUB_CLIENT_CONFIRMATION_OK"
11068,4019040367,4019040405,1,"IOTHUB_CLIENT_CONFIRMATION_OK"
11069,4019040567,4019040666,1,"IOTHUB_CLIENT_CONFIRMATION_OK"
11070,4019040767,4019040807,1,"IOTHUB_CLIENT_CONFIRMATION_OK"
11071,4019040968,4019041010,1,"IOTHUB_CLIENT_CONFIRMATION_OK"
11072,4019041168,4019041279,1,"IOTHUB_CLIENT_CONFIRMATION_OK"
11073,4019041368,4019041485,1,"IOTHUB_CLIENT_CONFIRMATION_OK"
11074,4019041568,4019041601,1,"IOTHUB_CLIENT_CONFIRMATION_OK"
11075,4019041768,4019041817,1,"IOTHUB_CLIENT_CONFIRMATION_OK"
11076,4019041968,4019042020,1,"IOTHUB_CLIENT_CONFIRMATION_OK"
11077,4019042169,4019042237,1,"IOTHUB_CLIENT_CONFIRMATION_OK"
11078,4019042369,4019042415,1,"IOTHUB_CLIENT_CONFIRMATION_OK"
11079,4019042569,4019042624,1,"IOTHUB_CLIENT_CONFIRMATION_OK"
11080,4019042769,4019043105,1,"IOTHUB_CLIENT_CONFIRMATION_OK"
11081,4019042969,4019043161,1,"IOTHUB_CLIENT_CONFIRMATION_OK"
11082,4019043169,4019043220,1,"IOTHUB_CLIENT_CONFIRMATION_OK"
11083,4019043370,4019043407,1,"IOTHUB_CLIENT_CONFIRMATION_OK"
11084,4019043570,4019043615,1,"IOTHUB_CLIENT_CONFIRMATION_OK"
11085,4019043770,4019043831,1,"IOTHUB_CLIENT_CONFIRMATION_OK"
11086,4019043970,4019044012,1,"IOTHUB_CLIENT_CONFIRMATION_OK"
11087,4019044170,4019044230,1,"IOTHUB_CLIENT_CONFIRMATION_OK"
11088,4019044370,4019044553,1,"IOTHUB_CLIENT_CONFIRMATION_OK"
11089,4019044571,4019044610,1,"IOTHUB_CLIENT_CONFIRMATION_OK"
11090,4019044771,4019044809,1,"IOTHUB_CLIENT_CONFIRMATION_OK"
11091,4019044971,4019045015,1,"IOTHUB_CLIENT_CONFIRMATION_OK"
11092,4019045171,4019045219,1,"IOTHUB_CLIENT_CONFIRMATION_OK"
11093,4019045371,4019045404,1,"IOTHUB_CLIENT_CONFIRMATION_OK"
11094,4019045571,4019045624,1,"IOTHUB_CLIENT_CONFIRMATION_OK"
11095,4019045771,4019045810,1,"IOTHUB_CLIENT_CONFIRMATION_OK"
11096,4019045972,4019046162,1,"IOTHUB_CLIENT_CONFIRMATION_OK"
11097,4019046172,4019046205,1,"IOTHUB_CLIENT_CONFIRMATION_OK"
11098,4019046372,4019046429,1,"IOTHUB_CLIENT_CONFIRMATION_OK"
11099,4019046572,4019046624,1,"IOTHUB_CLIENT_CONFIRMATION_OK"
11100,4019046772,4019046810,1,"IOTHUB_CLIENT_CONFIRMATION_OK"
11101,4019046972,4019047014,1,"IOTHUB_CLIENT_CONFIRMATION_OK"
11102,4019047173,4019047208,1,"IOTHUB_CLIENT_CONFIRMATION_OK"
11103,4019047373,4019047430,1,"IOTHUB_CLIENT_CONFIRMATION_OK"
11104,4019047573,4019047624,1,"IOTHUB_CLIENT_CONFIRMATION_OK"
11105,4019047773,4019047830,1,"IOTHUB_CLIENT_CONFIRMATION_OK"
11106,4019047973,4019048010,1,"IOTHUB_CLIENT_CONFIRMATION_OK"
11107,4019048173,4019048245,1,"IOTHUB_CLIENT_CONFIRMATION_OK"
11108,4019048374,4019048413,1,"IOTHUB_CLIENT_CONFIRMATION_OK"
11109,4019048574,4019048612,1,"IOTHUB_CLIENT_CONFIRMATION_OK"
11110,4019048774,4019048863,1,"IOTHUB_CLIENT_CONFIRMATION_OK"
11111,4019048974,4019049016,1,"IOTHUB_CLIENT_CONFIRMATION_OK"
11112,4019049174,4019049219,1,"IOTHUB_CLIENT_CONFIRMATION_OK"
11113,4019049374,4019049448,1,"IOTHUB_CLIENT_CONFIRMATION_OK"
11114,4019049575,4019049639,1,"IOTHUB_CLIENT_CONFIRMATION_OK"
11115,4019049775,4019049869,1,"IOTHUB_CLIENT_CONFIRMATION_OK"
11116,4019049975,4019050034,1,"IOTHUB_CLIENT_CONFIRMATION_OK"
11117,4019050175,4019050214,1,"IOTHUB_CLIENT_CONFIRMATION_OK"
11118,4019050375,4019050481,1,"IOTHUB_CLIENT_CONFIRMATION_OK"
11119,4019050575,4019050609,1,"IOTHUB_CLIENT_CONFIRMATION_OK"
11120,4019050776,4019050824,1,"IOTHUB_CLIENT_CONFIRMATION_OK"
11121,4019050976,4019051020,1,"IOTHUB_CLIENT_CONFIRMATION_OK"
11122,4019051176,4019051235,1,"IOTHUB_CLIENT_CONFIRMATION_OK"
11123,4019051376,4019051489,1,"IOTHUB_CLIENT_CONFIRMATION_OK"
11124,4019051576,4019051620,1,"IOTHUB_CLIENT_CONFIRMATION_OK"
11125,4019051776,4019051814,1,"IOTHUB_CLIENT_CONFIRMATION_OK"
11126,4019051977,4019052102,1,"IOTHUB_CLIENT_CONFIRMATION_OK"
11127,4019052177,4019052208,1,"IOTHUB_CLIENT_CONFIRMATION_OK"
11128,4019052377,4019052408,1,"IOTHUB_CLIENT_CONFIRMATION_OK"
11129,4019052577,4019052621,1,"IOTHUB_CLIENT_CONFIRMATION_OK"
11130,4019052777,4019052818,1,"IOTHUB_CLIENT_CONFIRMATION_OK"
11131,4019052977,4019053114,1,"IOTHUB_CLIENT_CONFIRMATION_OK"
11132,4019053177,4019053213,1,"IOTHUB_CLIENT_CONFIRMATION_OK"
11133,4019053378,4019053419,1,"IOTHUB_CLIENT_CONFIRMATION_OK"
11134,4019053578,4019053731,1,"IOTHUB_CLIENT_CONFIRMATION_OK"
11135,4019053778,4019053810,1,"IOTHUB_CLIENT_CONFIRMATION_OK"
11136,4019053978,4019054030,1,"IOTHUB_CLIENT_CONFIRMATION_OK"
11137,4019054178,4019054236,1,"IOTHUB_CLIENT_CONFIRMATION_OK"
11138,4019054378,4019054414,1,"IOTHUB_CLIENT_CONFIRMATION_OK"
11139,4019054579,4019054660,1,"IOTHUB_CLIENT_CONFIRMATION_OK"
11140,4019054779,4019054825,1,"IOTHUB_CLIENT_CONFIRMATION_OK"
11141,4019054979,4019055022,1,"IOTHUB_CLIENT_CONFIRMATION_OK"
11142,4019055179,4019055383,1,"IOTHUB_CLIENT_CONFIRMATION_OK"
11143,4019055379,4019055423,1,"IOTHUB_CLIENT_CONFIRMATION_OK"
11144,4019055579,4019055623,1,"IOTHUB_CLIENT_CONFIRMATION_OK"
11145,4019055780,4019055815,1,"IOTHUB_CLIENT_CONFIRMATION_OK"
11146,4019055980,4019056020,1,"IOTHUB_CLIENT_CONFIRMATION_OK"
11147,4019056180,4019056217,1,"IOTHUB_CLIENT_CONFIRMATION_OK"
11148,4019056380,4019056420,1,"IOTHUB_CLIENT_CONFIRMATION_OK"
11149,4019056580,4019056639,1,"IOTHUB_CLIENT_CONFIRMATION_OK"
11150,4019056780,4019056984,1,"IOTHUB_CLIENT_CONFIRMATION_OK"
11151,4019056981,4019057040,1,"IOTHUB_CLIENT_CONFIRMATION_OK"
11152,4019057181,4019057224,1,"IOTHUB_CLIENT_CONFIRMATION_OK"
11153,4019057381,4019057419,1,"IOTHUB_CLIENT_CONFIRMATION_OK"
11154,4019057581,4019057613,1,"IOTHUB_CLIENT_CONFIRMATION_OK"
11155,4019057781,4019057821,1,"IOTHUB_CLIENT_CONFIRMATION_OK"
11156,4019057981,4019058024,1,"IOTHUB_CLIENT_CONFIRMATION_OK"
11157,4019058182,4019058230,1,"IOTHUB_CLIENT_CONFIRMATION_OK"
11158,4019058382,4019058466,1,"IOTHUB_CLIENT_CONFIRMATION_OK"
11159,4019058582,4019058676,1,"IOTHUB_CLIENT_CONFIRMATION_OK"
11160,4019058782,4019058826,1,"IOTHUB_CLIENT_CONFIRMATION_OK"
11161,4019058982,4019059071,1,"IOTHUB_CLIENT_CONFIRMATION_OK"
11162,4019059182,4019059220,1,"IOTHUB_CLIENT_CONFIRMATION_OK"
11163,4019059382,4019059437,1,"IOTHUB_CLIENT_CONFIRMATION_OK"
11164,4019059582,4019059713,1,"IOTHUB_CLIENT_CONFIRMATION_OK"
11165,4019059783,4019059826,1,"IOTHUB_CLIENT_CONFIRMATION_OK"
11166,4019059983,4019060036,1,"IOTHUB_CLIENT_CONFIRMATION_OK"
11167,4019060183,4019060214,1,"IOTHUB_CLIENT_CONFIRMATION_OK"
11168,4019060383,4019060424,1,"IOTHUB_CLIENT_CONFIRMATION_OK"
11169,4019060583,4019060708,1,"IOTHUB_CLIENT_CONFIRMATION_OK"
11170,4019060783,4019060832,1,"IOTHUB_CLIENT_CONFIRMATION_OK"
11171,4019060984,4019061019,1,"IOTHUB_CLIENT_CONFIRMATION_OK"
11172,4019061184,4019061335,1,"IOTHUB_CLIENT_CONFIRMATION_OK"
11173,4019061384,4019061430,1,"IOTHUB_CLIENT_CONFIRMATION_OK"
11174,4019061584,4019061722,1,"IOTHUB_CLIENT_CONFIRMATION_OK"
11175,4019061784,4019061843,1,"IOTHUB_CLIENT_CONFIRMATION_OK"
11176,4019061984,4019062023,1,"IOTHUB_CLIENT_CONFIRMATION_OK"
11177,4019062184,4019062337,1,"IOTHUB_CLIENT_CONFIRMATION_OK"
11178,4019062385,4019062430,1,"IOTHUB_CLIENT_CONFIRMATION_OK"
11179,4019062585,4019062619,1,"IOTHUB_CLIENT_CONFIRMATION_OK"
11180,4019062785,4019062833,1,"IOTHUB_CLIENT_CONFIRMATION_OK"
11181,4019062985,4019063033,1,"IOTHUB_CLIENT_CONFIRMATION_OK"
11182,4019063185,4019063226,1,"IOTHUB_CLIENT_CONFIRMATION_OK"
11183,4019063385,4019063427,1,"IOTHUB_CLIENT_CONFIRMATION_OK"
11184,4019063586,4019063619,1,"IOTHUB_CLIENT_CONFIRMATION_OK"
11185,4019063786,4019063823,1,"IOTHUB_CLIENT_CONFIRMATION_OK"
11186,4019063986,4019064021,1,"IOTHUB_CLIENT_CONFIRMATION_OK"
11187,4019064186,4019064226,1,"IOTHUB_CLIENT_CONFIRMATION_OK"
11188,4019064386,4019064424,1,"IOTHUB_CLIENT_CONFIRMATION_OK"
11189,4019064586,4019064707,1,"IOTHUB_CLIENT_CONFIRMATION_OK"
11190,4019064787,4019064822,1,"IOTHUB_CLIENT_CONFIRMATION_OK"
11191,4019064987,4019065026,1,"IOTHUB_CLIENT_CONFIRMATION_OK"
11192,4019065187,4019065230,1,"IOTHUB_CLIENT_CONFIRMATION_OK"
11193,4019065387,4019065426,1,"IOTHUB_CLIENT_CONFIRMATION_OK"
11194,4019065587,4019065634,1,"IOTHUB_CLIENT_CONFIRMATION_OK"
11195,4019065787,4019065836,1,"IOTHUB_CLIENT_CONFIRMATION_OK"
11196,4019065988,4019066035,1,"IOTHUB_CLIENT_CONFIRMATION_OK"
11197,4019066188,4019066227,1,"IOTHUB_CLIENT_CONFIRMATION_OK"
11198,4019066388,4019066426,1,"IOTHUB_CLIENT_CONFIRMATION_OK"
11199,4019066588,4019066654,1,"IOTHUB_CLIENT_CONFIRMATION_OK"
11200,4019066788,4019066824,1,"IOTHUB_CLIENT_CONFIRMATION_OK"
11201,4019066988,4019067021,1,"IOTHUB_CLIENT_CONFIRMATION_OK"
11202,4019067188,4019067273,1,"IOTHUB_CLIENT_CONFIRMATION_OK"
11203,4019067389,4019067427,1,"IOTHUB_CLIENT_CONFIRMATION_OK"
11204,4019067589,4019067666,1,"IOTHUB_CLIENT_CONFIRMATION_OK"
11205,4019067789,4019067823,1,"IOTHUB_CLIENT_CONFIRMATION_OK"
11206,4019067989,4019068032,1,"IOTHUB_CLIENT_CONFIRMATION_OK"
11207,4019068189,4019068306,1,"IOTHUB_CLIENT_CONFIRMATION_OK"
11208,4019068390,4019068430,1,"IOTHUB_CLIENT_CONFIRMATION_OK"
11209,4019068590,4019068687,1,"IOTHUB_CLIENT_CONFIRMATION_OK"
11210,4019068790,4019068948,1,"IOTHUB_CLIENT_CONFIRMATION_OK"
11211,4019068990,4019069041,1,"IOTHUB_CLIENT_CONFIRMATION_OK"
11212,4019069190,4019069239,1,"IOTHUB_CLIENT_CONFIRMATION_OK"
11213,4019069390,4019069447,1,"IOTHUB_CLIENT_CONFIRMATION_OK"
11214,4019069590,4019069651,1,"IOTHUB_CLIENT_CONFIRMATION_OK"
11215,4019069791,4019069929,1,"IOTHUB_CLIENT_CONFIRMATION_OK"
11216,4019069991,4019070034,1,"IOTHUB_CLIENT_CONFIRMATION_OK"
11217,4019070191,4019070229,1,"IOTHUB_CLIENT_CONFIRMATION_OK"
11218,4019070391,4019070430,1,"IOTHUB_CLIENT_CONFIRMATION_OK"
11219,4019070591,4019070633,1,"IOTHUB_CLIENT_CONFIRMATION_OK"
11220,4019070791,4019070830,1,"IOTHUB_CLIENT_CONFIRMATION_OK"
11221,4019070992,4019071031,1,"IOTHUB_CLIENT_CONFIRMATION_OK"
11222,4019071192,4019071232,1,"IOTHUB_CLIENT_CONFIRMATION_OK"
11223,4019071392,4019071588,1,"IOTHUB_CLIENT_CONFIRMATION_OK"
11224,4019071592,4019071630,1,"IOTHUB_CLIENT_CONFIRMATION_OK"
11225,4019071792,4019071826,1,"IOTHUB_CLIENT_CONFIRMATION_OK"
11226,4019071992,4019072031,1,"IOTHUB_CLIENT_CONFIRMATION_OK"
11227,4019072193,4019072233,1,"IOTHUB_CLIENT_CONFIRMATION_OK"
11228,4019072393,4019072443,1,"IOTHUB_CLIENT_CONFIRMATION_OK"
11229,4019072593,4019072636,1,"IOTHUB_CLIENT_CONFIRMATION_OK"
11230,4019072793,4019072925,1,"IOTHUB_CLIENT_CONFIRMATION_OK"
11231,4019072993,4019073027,1,"IOTHUB_CLIENT_CONFIRMATION_OK"
11232,4019073193,4019073241,1,"IOTHUB_CLIENT_CONFIRMATION_OK"
11233,4019073393,4019073438,1,"IOTHUB_CLIENT_CONFIRMATION_OK"
11234,4019073594,4019073744,1,"IOTHUB_CLIENT_CONFIRMATION_OK"
11235,4019073794,4019073831,1,"IOTHUB_CLIENT_CONFIRMATION_OK"
11236,4019073994,4019074034,1,"IOTHUB_CLIENT_CONFIRMATION_OK"
11237,4019074194,4019074243,1,"IOTHUB_CLIENT_CONFIRMATION_OK"
11238,4019074394,4019074443,1,"IOTHUB_CLIENT_CONFIRMATION_OK"
11239,4019074594,4019074632,1,"IOTHUB_CLIENT_CONFIRMATION_OK"
11240,4019074794,4019074841,1,"IOTHUB_CLIENT_CONFIRMATION_OK"
11241,4019074995,4019075041,1,"IOTHUB_CLIENT_CONFIRMATION_OK"
11242,4019075195,4019075380,1,"IOTHUB_CLIENT_CONFIRMATION_OK"
11243,4019075395,4019075432,1,"IOTHUB_CLIENT_CONFIRMATION_OK"
11244,4019075595,4019075642,1,"IOTHUB_CLIENT_CONFIRMATION_OK"
11245,4019075795,4019075831,1,"IOTHUB_CLIENT_CONFIRMATION_OK"
11246,4019075996,4019076045,1,"IOTHUB_CLIENT_CONFIRMATION_OK"
11247,4019076196,4019076228,1,"IOTHUB_CLIENT_CONFIRMATION_OK"
11248,4019076396,4019076429,1,"IOTHUB_CLIENT_CONFIRMATION_OK"
11249,4019076596,4019076637,1,"IOTHUB_CLIENT_CONFIRMATION_OK"
11250,4019076796,4019076835,1,"IOTHUB_CLIENT_CONFIRMATION_OK"
11251,4019076996,4019077041,1,"IOTHUB_CLIENT_CONFIRMATION_OK"
11252,4019077197,4019077234,1,"IOTHUB_CLIENT_CONFIRMATION_OK"
11253,4019077397,4019077431,1,"IOTHUB_CLIENT_CONFIRMATION_OK"
11254,4019077597,4019077639,1,"IOTHUB_CLIENT_CONFIRMATION_OK"
11255,4019077797,4019077835,1,"IOTHUB_CLIENT_CONFIRMATION_OK"
11256,4019077997,4019078042,1,"IOTHUB_CLIENT_CONFIRMATION_OK"
11257,4019078197,4019078234,1,"IOTHUB_CLIENT_CONFIRMATION_OK"
11258,4019078398,4019078445,1,"IOTHUB_CLIENT_CONFIRMATION_OK"
11259,4019078598,4019078656,1,"IOTHUB_CLIENT_CONFIRMATION_OK"
11260,4019078798,4019078837,1,"IOTHUB_CLIENT_CONFIRMATION_OK"
11261,4019078998,4019079063,1,"IOTHUB_CLIENT_CONFIRMATION_OK"
11262,4019079198,4019079244,1,"IOTHUB_CLIENT_CONFIRMATION_OK"
11263,4019079398,4019079517,1,"IOTHUB_CLIENT_CONFIRMATION_OK"
11264,4019079598,4019079724,1,"IOTHUB_CLIENT_CONFIRMATION_OK"
11265,4019079799,4019079835,1,"IOTHUB_CLIENT_CONFIRMATION_OK"
11266,4019079999,4019080082,1,"IOTHUB_CLIENT_CONFIRMATION_OK"
11267,4019080199,4019080239,1,"IOTHUB_CLIENT_CONFIRMATION_OK"
11268,4019080399,4019080454,1,"IOTHUB_CLIENT_CONFIRMATION_OK"
11269,4019080599,4019080762,1,"IOTHUB_CLIENT_CONFIRMATION_OK"
11270,4019080799,4019080855,1,"IOTHUB_CLIENT_CONFIRMATION_OK"
11271,4019081000,4019081091,1,"IOTHUB_CLIENT_CONFIRMATION_OK"
11272,4019081200,4019081236,1,"IOTHUB_CLIENT_CONFIRMATION_OK"
11273,4019081400,4019081444,1,"IOTHUB_CLIENT_CONFIRMATION_OK"
11274,4019081600,4019081658,1,"IOTHUB_CLIENT_CONFIRMATION_OK"
11275,4019081800,4019081834,1,"IOTHUB_CLIENT_CONFIRMATION_OK"
11276,4019082000,4019082046,1,"IOTHUB_CLIENT_CONFIRMATION_OK"
11277,4019082201,4019082389,1,"IOTHUB_CLIENT_CONFIRMATION_OK"
11278,4019082401,4019082439,1,"IOTHUB_CLIENT_CONFIRMATION_OK"
11279,4019082601,4019082642,1,"IOTHUB_CLIENT_CONFIRMATION_OK"
11280,4019082801,4019082850,1,"IOTHUB_CLIENT_CONFIRMATION_OK"
11281,4019083001,4019083041,1,"IOTHUB_CLIENT_CONFIRMATION_OK"
11282,4019083201,4019083235,1,"IOTHUB_CLIENT_CONFIRMATION_OK"
11283,4019083401,4019083432,1,"IOTHUB_CLIENT_CONFIRMATION_OK"
11284,4019083602,4019083643,1,"IOTHUB_CLIENT_CONFIRMATION_OK"
11285,4019083802,4019083999,1,"IOTHUB_CLIENT_CONFIRMATION_OK"
11286,4019084002,4019084037,1,"IOTHUB_CLIENT_CONFIRMATION_OK"
11287,4019084202,4019084241,1,"IOTHUB_CLIENT_CONFIRMATION_OK"
11288,4019084402,4019084446,1,"IOTHUB_CLIENT_CONFIRMATION_OK"
11289,4019084602,4019084645,1,"IOTHUB_CLIENT_CONFIRMATION_OK"
11290,4019084803,4019084838,1,"IOTHUB_CLIENT_CONFIRMATION_OK"
11291,4019085003,4019085038,1,"IOTHUB_CLIENT_CONFIRMATION_OK"
11292,4019085203,4019085250,1,"IOTHUB_CLIENT_CONFIRMATION_OK"
11293,4019085403,4019085445,1,"IOTHUB_CLIENT_CONFIRMATION_OK"
11294,4019085603,4019085768,1,"IOTHUB_CLIENT_CONFIRMATION_OK"
11295,4019085803,4019085836,1,"IOTHUB_CLIENT_CONFIRMATION_OK"
11296,4019086003,4019086043,1,"IOTHUB_CLIENT_CONFIRMATION_OK"
11297,4019086204,4019086237,1,"IOTHUB_CLIENT_CONFIRMATION_OK"
11298,4019086404,4019086442,1,"IOTHUB_CLIENT_CONFIRMATION_OK"
11299,4019086604,4019086673,1,"IOTHUB_CLIENT_CONFIRMATION_OK"
11300,4019086804,4019086843,1,"IOTHUB_CLIENT_CONFIRMATION_OK"
11301,4019087004,4019087056,1,"IOTHUB_CLIENT_CONFIRMATION_OK"
11302,4019087204,4019087302,1,"IOTHUB_CLIENT_CONFIRMATION_OK"
11303,4019087405,4019087453,1,"IOTHUB_CLIENT_CONFIRMATION_OK"
11304,4019087605,4019087695,1,"IOTHUB_CLIENT_CONFIRMATION_OK"
11305,4019087805,4019087867,1,"IOTHUB_CLIENT_CONFIRMATION_OK"
11306,4019088005,4019088040,1,"IOTHUB_CLIENT_CONFIRMATION_OK"
11307,4019088205,4019088273,1,"IOTHUB_CLIENT_CONFIRMATION_OK"
11308,4019088405,4019088451,1,"IOTHUB_CLIENT_CONFIRMATION_OK"
11309,4019088606,4019088688,1,"IOTHUB_CLIENT_CONFIRMATION_OK"
11310,4019088806,4019088918,1,"IOTHUB_CLIENT_CONFIRMATION_OK"
11311,4019089006,4019089078,1,"IOTHUB_CLIENT_CONFIRMATION_OK"
11312,4019089206,4019089244,1,"IOTHUB_CLIENT_CONFIRMATION_OK"
11313,4019089406,4019089439,1,"IOTHUB_CLIENT_CONFIRMATION_OK"
11314,4019089606,4019089646,1,"IOTHUB_CLIENT_CONFIRMATION_OK"
11315,4019089807,4019089913,1,"IOTHUB_CLIENT_CONFIRMATION_OK"
11316,4019090007,4019090049,1,"IOTHUB_CLIENT_CONFIRMATION_OK"
11317,4019090207,4019090249,1,"IOTHUB_CLIENT_CONFIRMATION_OK"
11318,4019090407,4019090440,1,"IOTHUB_CLIENT_CONFIRMATION_OK"
11319,4019090607,4019090644,1,"IOTHUB_CLIENT_CONFIRMATION_OK"
11320,4019090807,4019090847,1,"IOTHUB_CLIENT_CONFIRMATION_OK"
11321,4019091008,4019091048,1,"IOTHUB_CLIENT_CONFIRMATION_OK"
11322,4019091208,4019091245,1,"IOTHUB_CLIENT_CONFIRMATION_OK"
11323,4019091408,4019091547,1,"IOTHUB_CLIENT_CONFIRMATION_OK"
11324,4019091608,4019091649,1,"IOTHUB_CLIENT_CONFIRMATION_OK"
11325,4019091808,4019091849,1,"IOTHUB_CLIENT_CONFIRMATION_OK"
11326,4019092008,4019092052,1,"IOTHUB_CLIENT_CONFIRMATION_OK"
11327,4019092208,4019092247,1,"IOTHUB_CLIENT_CONFIRMATION_OK"
11328,4019092409,4019092451,1,"IOTHUB_CLIENT_CONFIRMATION_OK"
11329,4019092609,4019092644,1,"IOTHUB_CLIENT_CONFIRMATION_OK"
11330,4019092809,4019092850,1,"IOTHUB_CLIENT_CONFIRMATION_OK"
11331,4019093009,4019093057,1,"IOTHUB_CLIENT_CONFIRMATION_OK"
11332,4019093209,4019093255,1,"IOTHUB_CLIENT_CONFIRMATION_OK"
11333,4019093409,4019093451,1,"IOTHUB_CLIENT_CONFIRMATION_OK"
11334,4019093610,4019093644,1,"IOTHUB_CLIENT_CONFIRMATION_OK"
11335,4019093810,4019093856,1,"IOTHUB_CLIENT_CONFIRMATION_OK"
11336,4019094010,4019094058,1,"IOTHUB_CLIENT_CONFIRMATION_OK"
11337,4019094210,4019094262,1,"IOTHUB_CLIENT_CONFIRMATION_OK"
11338,4019094410,4019094469,1,"IOTHUB_CLIENT_CONFIRMATION_OK"
11339,4019094610,4019094652,1,"IOTHUB_CLIENT_CONFIRMATION_OK"
11340,4019094810,4019094853,1,"IOTHUB_CLIENT_CONFIRMATION_OK"
11341,4019095011,4019095061,1,"IOTHUB_CLIENT_CONFIRMATION_OK"
11342,4019095211,4019095276,1,"IOTHUB_CLIENT_CONFIRMATION_OK"
11343,4019095411,4019095443,1,"IOTHUB_CLIENT_CONFIRMATION_OK"
11344,4019095611,4019095643,1,"IOTHUB_CLIENT_CONFIRMATION_OK"
11345,4019095811,4019095886,1,"IOTHUB_CLIENT_CONFIRMATION_OK"
11346,4019096011,4019096064,1,"IOTHUB_CLIENT_CONFIRMATION_OK"
11347,4019096212,4019096242,1,"IOTHUB_CLIENT_CONFIRMATION_OK"
11348,4019096412,4019096449,1,"IOTHUB_CLIENT_CONFIRMATION_OK"
11349,4019096612,4019096663,1,"IOTHUB_CLIENT_CONFIRMATION_OK"
11350,4019096812,4019096934,1,"IOTHUB_CLIENT_CONFIRMATION_OK"
11351,4019097012,4019097045,1,"IOTHUB_CLIENT_CONFIRMATION_OK"
11352,4019097212,4019097251,1,"IOTHUB_CLIENT_CONFIRMATION_OK"
11353,4019097413,4019097573,1,"IOTHUB_CLIENT_CONFIRMATION_OK"
11354,4019097613,4019097656,1,"IOTHUB_CLIENT_CONFIRMATION_OK"
11355,4019097813,4019097844,1,"IOTHUB_CLIENT_CONFIRMATION_OK"
11356,4019098013,4019098102,1,"IOTHUB_CLIENT_CONFIRMATION_OK"
11357,4019098213,4019098256,1,"IOTHUB_CLIENT_CONFIRMATION_OK"
11358,4019098413,4019098532,1,"IOTHUB_CLIENT_CONFIRMATION_OK"
11359,4019098614,4019098653,1,"IOTHUB_CLIENT_CONFIRMATION_OK"
11360,4019098814,4019098849,1,"IOTHUB_CLIENT_CONFIRMATION_OK"
11361,4019099014,4019099150,1,"IOTHUB_CLIENT_CONFIRMATION_OK"
11362,4019099214,4019099274,1,"IOTHUB_CLIENT_CONFIRMATION_OK"
11363,4019099414,4019099456,1,"IOTHUB_CLIENT_CONFIRMATION_OK"
11364,4019099614,4019099655,1,"IOTHUB_CLIENT_CONFIRMATION_OK"
11365,4019099815,4019099852,1,"IOTHUB_CLIENT_CONFIRMATION_OK"
11366,4019100015,4019100052,1,"IOTHUB_CLIENT_CONFIRMATION_OK"
11367,4019100215,4019100258,1,"IOTHUB_CLIENT_CONFIRMATION_OK"
11368,4019100415,4019100460,1,"IOTHUB_CLIENT_CONFIRMATION_OK"
11369,4019100615,4019100771,1,"IOTHUB_CLIENT_CONFIRMATION_OK"
11370,4019100815,4019100873,1,"IOTHUB_CLIENT_CONFIRMATION_OK"
11371,4019101015,4019101065,1,"IOTHUB_CLIENT_CONFIRMATION_OK"
11372,4019101216,4019101292,1,"IOTHUB_CLIENT_CONFIRMATION_OK"
11373,4019101416,4019101457,1,"IOTHUB_CLIENT_CONFIRMATION_OK"
11374,4019101616,4019101646,1,"IOTHUB_CLIENT_CONFIRMATION_OK"
11375,4019101816,4019101881,1,"IOTHUB_CLIENT_CONFIRMATION_OK"
11376,4019102016,4019102059,1,"IOTHUB_CLIENT_CONFIRMATION_OK"
11377,4019102216,4019102388,1,"IOTHUB_CLIENT_CONFIRMATION_OK"
11378,4019102417,4019102482,1,"IOTHUB_CLIENT_CONFIRMATION_OK"
11379,4019102617,4019102714,1,"IOTHUB_CLIENT_CONFIRMATION_OK"
11380,4019102817,4019102868,1,"IOTHUB_CLIENT_CONFIRMATION_OK"
11381,4019103017,4019103060,1,"IOTHUB_CLIENT_CONFIRMATION_OK"
11382,4019103217,4019103257,1,"IOTHUB_CLIENT_CONFIRMATION_OK"
11383,4019103417,4019103460,1,"IOTHUB_CLIENT_CONFIRMATION_OK"
11384,4019103618,4019103665,1,"IOTHUB_CLIENT_CONFIRMATION_OK"
11385,4019103818,4019103997,1,"IOTHUB_CLIENT_CONFIRMATION_OK"
11386,4019104018,4019104075,1,"IOTHUB_CLIENT_CONFIRMATION_OK"
11387,4019104218,4019104336,1,"IOTHUB_CLIENT_CONFIRMATION_OK"
11388,4019104418,4019104460,1,"IOTHUB_CLIENT_CONFIRMATION_OK"
11389,4019104618,4019104671,1,"IOTHUB_CLIENT_CONFIRMATION_OK"
11390,4019104819,4019104860,1,"IOTHUB_CLIENT_CONFIRMATION_OK"
11391,4019105019,4019105058,1,"IOTHUB_CLIENT_CONFIRMATION_OK"
11392,4019105219,4019105265,1,"IOTHUB_CLIENT_CONFIRMATION_OK"
11393,4019105419,4019105453,1,"IOTHUB_CLIENT_CONFIRMATION_OK"
11394,4019105619,4019105666,1,"IOTHUB_CLIENT_CONFIRMATION_OK"
11395,4019105819,4019105863,1,"IOTHUB_CLIENT_CONFIRMATION_OK"
11396,4019106019,4019106087,1,"IOTHUB_CLIENT_CONFIRMATION_OK"
11397,4019106220,4019106281,1,"IOTHUB_CLIENT_CONFIRMATION_OK"
11398,4019106420,4019106473,1,"IOTHUB_CLIENT_CONFIRMATION_OK"
11399,4019106620,4019106667,1,"IOTHUB_CLIENT_CONFIRMATION_OK"
11400,4019106820,4019106882,1,"IOTHUB_CLIENT_CONFIRMATION_OK"
11401,4019107020,4019107063,1,"IOTHUB_CLIENT_CONFIRMATION_OK"
11402,4019107220,4019107275,1,"IOTHUB_CLIENT_CONFIRMATION_OK"
11403,4019107420,4019107480,1,"IOTHUB_CLIENT_CONFIRMATION_OK"
11404,4019107621,4019107675,1,"IOTHUB_CLIENT_CONFIRMATION_OK"
11405,4019107821,4019107886,1,"IOTHUB_CLIENT_CONFIRMATION_OK"
11406,4019108021,4019108066,1,"IOTHUB_CLIENT_CONFIRMATION_OK"
11407,4019108221,4019108289,1,"IOTHUB_CLIENT_CONFIRMATION_OK"
11408,4019108421,4019108529,1,"IOTHUB_CLIENT_CONFIRMATION_OK"
11409,4019108621,4019108666,1,"IOTHUB_CLIENT_CONFIRMATION_OK"
11410,4019108822,4019108892,1,"IOTHUB_CLIENT_CONFIRMATION_OK"
11411,4019109022,4019109062,1,"IOTHUB_CLIENT_CONFIRMATION_OK"
11412,4019109222,4019109283,1,"IOTHUB_CLIENT_CONFIRMATION_OK"
11413,4019109422,4019109467,1,"IOTHUB_CLIENT_CONFIRMATION_OK"
11414,4019109622,4019109660,1,"IOTHUB_CLIENT_CONFIRMATION_OK"
11415,4019109822,4019109906,1,"IOTHUB_CLIENT_CONFIRMATION_OK"
11416,4019110022,4019110075,1,"IOTHUB_CLIENT_CONFIRMATION_OK"
11417,4019110223,4019110255,1,"IOTHUB_CLIENT_CONFIRMATION_OK"
11418,4019110423,4019110641,1,"IOTHUB_CLIENT_CONFIRMATION_OK"
11419,4019110623,4019110680,1,"IOTHUB_CLIENT_CONFIRMATION_OK"
11420,4019110823,4019110864,1,"IOTHUB_CLIENT_CONFIRMATION_OK"
11421,4019111023,4019111082,1,"IOTHUB_CLIENT_CONFIRMATION_OK"
11422,4019111223,4019111266,1,"IOTHUB_CLIENT_CONFIRMATION_OK"
11423,4019111424,4019111507,1,"IOTHUB_CLIENT_CONFIRMATION_OK"
11424,4019111624,4019111670,1,"IOTHUB_CLIENT_CONFIRMATION_OK"
11425,4019111824,4019111867,1,"IOTHUB_CLIENT_CONFIRMATION_OK"
11426,4019112024,4019112093,1,"IOTHUB_CLIENT_CONFIRMATION_OK"
11427,4019112224,4019112289,1,"IOTHUB_CLIENT_CONFIRMATION_OK"
11428,4019112424,4019112470,1,"IOTHUB_CLIENT_CONFIRMATION_OK"
11429,4019112625,4019112672,1,"IOTHUB_CLIENT_CONFIRMATION_OK"
11430,4019112825,4019112864,1,"IOTHUB_CLIENT_CONFIRMATION_OK"
11431,4019113025,4019113125,1,"IOTHUB_CLIENT_CONFIRMATION_OK"
11432,4019113225,4019113263,1,"IOTHUB_CLIENT_CONFIRMATION_OK"
11433,4019113425,4019113458,1,"IOTHUB_CLIENT_CONFIRMATION_OK"
11434,4019113625,4019113737,1,"IOTHUB_CLIENT_CONFIRMATION_OK"
11435,4019113826,4019113862,1,"IOTHUB_CLIENT_CONFIRMATION_OK"
11436,4019114026,4019114068,1,"IOTHUB_CLIENT_CONFIRMATION_OK"
11437,4019114226,4019114271,1,"IOTHUB_CLIENT_CONFIRMATION_OK"
11438,4019114426,4019114497,1,"IOTHUB_CLIENT_CONFIRMATION_OK"
11439,4019114626,4019114741,1,"IOTHUB_CLIENT_CONFIRMATION_OK"
11440,4019114826,4019114863,1,"IOTHUB_CLIENT_CONFIRMATION_OK"
11441,4019115026,4019115069,1,"IOTHUB_CLIENT_CONFIRMATION_OK"
11442,4019115227,4019115372,1,"IOTHUB_CLIENT_CONFIRMATION_OK"
11443,4019115427,4019115491,1,"IOTHUB_CLIENT_CONFIRMATION_OK"
11444,4019115627,4019115659,1,"IOTHUB_CLIENT_CONFIRMATION_OK"
11445,4019115827,4019115870,1,"IOTHUB_CLIENT_CONFIRMATION_OK"
11446,4019116027,4019116067,1,"IOTHUB_CLIENT_CONFIRMATION_OK"
11447,4019116227,4019116266,1,"IOTHUB_CLIENT_CONFIRMATION_OK"
11448,4019116428,4019116536,1,"IOTHUB_CLIENT_CONFIRMATION_OK"
11449,4019116628,4019116674,1,"IOTHUB_CLIENT_CONFIRMATION_OK"
11450,4019116828,4019117007,1,"IOTHUB_CLIENT_CONFIRMATION_OK"
11451,4019117028,4019117062,1,"IOTHUB_CLIENT_CONFIRMATION_OK"
11452,4019117228,4019117276,1,"IOTHUB_CLIENT_CONFIRMATION_OK"
11453,4019117428,4019117471,1,"IOTHUB_CLIENT_CONFIRMATION_OK"
11454,4019117629,4019117677,1,"IOTHUB_CLIENT_CONFIRMATION_OK"
11455,4019117829,4019117872,1,"IOTHUB_CLIENT_CONFIRMATION_OK"
11456,4019118029,4019118080,1,"IOTHUB_CLIENT_CONFIRMATION_OK"
11457,4019118229,4019118270,1,"IOTHUB_CLIENT_CONFIRMATION_OK"
11458,4019118429,4019118634,1,"IOTHUB_CLIENT_CONFIRMATION_OK"
11459,4019118629,4019118676,1,"IOTHUB_CLIENT_CONFIRMATION_OK"
11460,4019118829,4019118868,1,"IOTHUB_CLIENT_CONFIRMATION_OK"
11461,4019119030,4019119066,1,"IOTHUB_CLIENT_CONFIRMATION_OK"
11462,4019119230,4019119268,1,"IOTHUB_CLIENT_CONFIRMATION_OK"
11463,4019119430,4019119501,1,"IOTHUB_CLIENT_CONFIRMATION_OK"
11464,4019119630,4019119668,1,"IOTHUB_CLIENT_CONFIRMATION_OK"
11465,4019119830,4019119868,1,"IOTHUB_CLIENT_CONFIRMATION_OK"
11466,4019120030,4019120067,1,"IOTHUB_CLIENT_CONFIRMATION_OK"
11467,4019120230,4019120268,1,"IOTHUB_CLIENT_CONFIRMATION_OK"
11468,4019120431,4019120478,1,"IOTHUB_CLIENT_CONFIRMATION_OK"
11469,4019120631,4019120669,1,"IOTHUB_CLIENT_CONFIRMATION_OK"
11470,4019120831,4019120866,1,"IOTHUB_CLIENT_CONFIRMATION_OK"
11471,4019121031,4019121076,1,"IOTHUB_CLIENT_CONFIRMATION_OK"
11472,4019121231,4019121370,1,"IOTHUB_CLIENT_CONFIRMATION_OK"
11473,4019121431,4019121465,1,"IOTHUB_CLIENT_CONFIRMATION_OK"
11474,4019121632,4019121670,1,"IOTHUB_CLIENT_CONFIRMATION_OK"
11475,4019121832,4019121865,1,"IOTHUB_CLIENT_CONFIRMATION_OK"
11476,4019122032,4019122095,1,"IOTHUB_CLIENT_CONFIRMATION_OK"
11477,4019122232,4019122302,1,"IOTHUB_CLIENT_CONFIRMATION_OK"
11478,4019122432,4019122468,1,"IOTHUB_CLIENT_CONFIRMATION_OK"
11479,4019122632,4019122674,1,"IOTHUB_CLIENT_CONFIRMATION_OK"
11480,4019122833,4019122907,1,"IOTHUB_CLIENT_CONFIRMATION_OK"
11481,4019123033,4019123068,1,"IOTHUB_CLIENT_CONFIRMATION_OK"
11482,4019123233,4019123275,1,"IOTHUB_CLIENT_CONFIRMATION_OK"
11483,4019123433,4019123471,1,"IOTHUB_CLIENT_CONFIRMATION_OK"
11484,4019123633,4019123673,1,"IOTHUB_CLIENT_CONFIRMATION_OK"
11485,4019123833,4019123955,1,"IOTHUB_CLIENT_CONFIRMATION_OK"
11486,4019124034,4019124159,1,"IOTHUB_CLIENT_CONFIRMATION_OK"
11487,4019124234,4019124279,1,"IOTHUB_CLIENT_CONFIRMATION_OK"
11488,4019124434,4019124470,1,"IOTHUB_CLIENT_CONFIRMATION_OK"
11489,4019124634,4019124676,1,"IOTHUB_CLIENT_CONFIRMATION_OK"
11490,4019124834,4019124888,1,"IOTHUB_CLIENT_CONFIRMATION_OK"
11491,4019125034,4019125088,1,"IOTHUB_CLIENT_CONFIRMATION_OK"
11492,4019125235,4019125277,1,"IOTHUB_CLIENT_CONFIRMATION_OK"
11493,4019125435,4019125703,1,"IOTHUB_CLIENT_CONFIRMATION_OK"
11494,4019125635,4019125744,1,"IOTHUB_CLIENT_CONFIRMATION_OK"
11495,4019125835,4019125880,1,"IOTHUB_CLIENT_CONFIRMATION_OK"
11496,4019126035,4019126131,1,"IOTHUB_CLIENT_CONFIRMATION_OK"
11497,4019126235,4019126282,1,"IOTHUB_CLIENT_CONFIRMATION_OK"
11498,4019126436,4019126471,1,"IOTHUB_CLIENT_CONFIRMATION_OK"
11499,4019126636,4019126708,1,"IOTHUB_CLIENT_CONFIRMATION_OK"
11500,4019126836,4019126881,1,"IOTHUB_CLIENT_CONFIRMATION_OK"
11501,4019127036,4019127071,1,"IOTHUB_CLIENT_CONFIRMATION_OK"
11502,4019127236,4019127272,1,"IOTHUB_CLIENT_CONFIRMATION_OK"
11503,4019127436,4019127476,1,"IOTHUB_CLIENT_CONFIRMATION_OK"
11504,4019127636,4019127780,1,"IOTHUB_CLIENT_CONFIRMATION_OK"
11505,4019127837,4019127875,1,"IOTHUB_CLIENT_CONFIRMATION_OK"
11506,4019128037,4019128075,1,"IOTHUB_CLIENT_CONFIRMATION_OK"
11507,4019128237,4019128275,1,"IOTHUB_CLIENT_CONFIRMATION_OK"
11508,4019128437,4019128486,1,"IOTHUB_CLIENT_CONFIRMATION_OK"
11509,4019128637,4019128674,1,"IOTHUB_CLIENT_CONFIRMATION_OK"
11510,4019128837,4019128873,1,"IOTHUB_CLIENT_CONFIRMATION_OK"
11511,4019129038,4019129134,1,"IOTHUB_CLIENT_CONFIRMATION_OK"
11512,4019129238,4019129410,1,"IOTHUB_CLIENT_CONFIRMATION_OK"
11513,4019129438,4019129502,1,"IOTHUB_CLIENT_CONFIRMATION_OK"
11514,4019129638,4019129689,1,"IOTHUB_CLIENT_CONFIRMATION_OK"
11515,4019129838,4019129883,1,"IOTHUB_CLIENT_CONFIRMATION_OK"
11516,4019130038,4019130094,1,"IOTHUB_CLIENT_CONFIRMATION_OK"
11517,4019130239,4019130286,1,"IOTHUB_CLIENT_CONFIRMATION_OK"
11518,4019130439,4019130488,1,"IOTHUB_CLIENT_CONFIRMATION_OK"
11519,4019130639,4019130683,1,"IOTHUB_CLIENT_CONFIRMATION_OK"
11520,4019130839,4019131021,1,"IOTHUB_CLIENT_CONFIRMATION_OK"
11521,4019131039,4019131098,1,"IOTHUB_CLIENT_CONFIRMATION_OK"
11522,4019131239,4019131297,1,"IOTHUB_CLIENT_CONFIRMATION_OK"
11523,4019131440,4019131485,1,"IOTHUB_CLIENT_CONFIRMATION_OK"
11524,4019131640,4019131686,1,"IOTHUB_CLIENT_CONFIRMATION_OK"
11525,4019131840,4019131908,1,"IOTHUB_CLIENT_CONFIRMATION_OK"
11526,4019132040,4019132071,1,"IOTHUB_CLIENT_CONFIRMATION_OK"
11527,4019132240,4019132280,1,"IOTHUB_CLIENT_CONFIRMATION_OK"
11528,4019132440,4019132501,1,"IOTHUB_CLIENT_CONFIRMATION_OK"
11529,4019132641,4019132698,1,"IOTHUB_CLIENT_CONFIRMATION_OK"
11530,4019132841,4019132879,1,"IOTHUB_CLIENT_CONFIRMATION_OK"
11531,4019133041,4019133087,1,"IOTHUB_CLIENT_CONFIRMATION_OK"
11532,4019133241,4019133285,1,"IOTHUB_CLIENT_CONFIRMATION_OK"
11533,4019133441,4019133489,1,"IOTHUB_CLIENT_CONFIRMATION_OK"
11534,4019133641,4019133775,1,"IOTHUB_CLIENT_CONFIRMATION_OK"
11535,4019133842,4019133885,1,"IOTHUB_CLIENT_CONFIRMATION_OK"
11536,4019134042,4019134087,1,"IOTHUB_CLIENT_CONFIRMATION_OK"
11537,4019134242,4019134287,1,"IOTHUB_CLIENT_CONFIRMATION_OK"
11538,4019134442,4019134488,1,"IOTHUB_CLIENT_CONFIRMATION_OK"
11539,4019134642,4019134785,1,"IOTHUB_CLIENT_CONFIRMATION_OK"
11540,4019134842,4019134889,1,"IOTHUB_CLIENT_CONFIRMATION_OK"
11541,4019135042,4019135095,1,"IOTHUB_CLIENT_CONFIRMATION_OK"
11542,4019135243,4019135279,1,"IOTHUB_CLIENT_CONFIRMATION_OK"
11543,4019135443,4019135487,1,"IOTHUB_CLIENT_CONFIRMATION_OK"
11544,4019135643,4019135690,1,"IOTHUB_CLIENT_CONFIRMATION_OK"
11545,4019135843,4019135939,1,"IOTHUB_CLIENT_CONFIRMATION_OK"
11546,4019136043,4019136087,1,"IOTHUB_CLIENT_CONFIRMATION_OK"
11547,4019136243,4019136404,1,"IOTHUB_CLIENT_CONFIRMATION_OK"
11548,4019136443,4019136508,1,"IOTHUB_CLIENT_CONFIRMATION_OK"
11549,4019136644,4019136694,1,"IOTHUB_CLIENT_CONFIRMATION_OK"
11550,4019136844,4019136893,1,"IOTHUB_CLIENT_CONFIRMATION_OK"
11551,4019137044,4019137092,1,"IOTHUB_CLIENT_CONFIRMATION_OK"
11552,4019137244,4019137280,1,"IOTHUB_CLIENT_CONFIRMATION_OK"
11553,4019137444,4019137490,1,"IOTHUB_CLIENT_CONFIRMATION_OK"
11554,4019137644,4019137688,1,"IOTHUB_CLIENT_CONFIRMATION_OK"
11555,4019137844,4019137885,1,"IOTHUB_CLIENT_CONFIRMATION_OK"
11556,4019138045,4019138084,1,"IOTHUB_CLIENT_CONFIRMATION_OK"
11557,4019138245,4019138292,1,"IOTHUB_CLIENT_CONFIRMATION_OK"
11558,4019138445,4019138509,1,"IOTHUB_CLIENT_CONFIRMATION_OK"
11559,4019138645,4019138677,1,"IOTHUB_CLIENT_CONFIRMATION_OK"
11560,4019138845,4019138907,1,"IOTHUB_CLIENT_CONFIRMATION_OK"
11561,4019139045,4019139148,1,"IOTHUB_CLIENT_CONFIRMATION_OK"
11562,4019139246,4019139305,1,"IOTHUB_CLIENT_CONFIRMATION_OK"
11563,4019139446,4019139493,1,"IOTHUB_CLIENT_CONFIRMATION_OK"
11564,4019139646,4019139688,1,"IOTHUB_CLIENT_CONFIRMATION_OK"
11565,4019139846,4019139890,1,"IOTHUB_CLIENT_CONFIRMATION_OK"
11566,4019140046,4019140245,1,"IOTHUB_CLIENT_CONFIRMATION_OK"
11567,4019140246,4019140286,1,"IOTHUB_CLIENT_CONFIRMATION_OK"
11568,4019140447,4019140490,1,"IOTHUB_CLIENT_CONFIRMATION_OK"
11569,4019140647,4019140685,1,"IOTHUB_CLIENT_CONFIRMATION_OK"
11570,4019140847,4019140895,1,"IOTHUB_CLIENT_CONFIRMATION_OK"
11571,4019141047,4019141084,1,"IOTHUB_CLIENT_CONFIRMATION_OK"
11572,4019141247,4019141299,1,"IOTHUB_CLIENT_CONFIRMATION_OK"
11573,4019141447,4019141485,1,"IOTHUB_CLIENT_CONFIRMATION_OK"
11574,4019141648,4019141841,1,"IOTHUB_CLIENT_CONFIRMATION_OK"
11575,4019141848,4019141886,1,"IOTHUB_CLIENT_CONFIRMATION_OK"
11576,4019142048,4019142100,1,"IOTHUB_CLIENT_CONFIRMATION_OK"
11577,4019142248,4019142289,1,"IOTHUB_CLIENT_CONFIRMATION_OK"
11578,4019142448,4019142494,1,"IOTHUB_CLIENT_CONFIRMATION_OK"
11579,4019142648,4019142707,1,"IOTHUB_CLIENT_CONFIRMATION_OK"
11580,4019142848,4019142887,1,"IOTHUB_CLIENT_CONFIRMATION_OK"
11581,4019143049,4019143086,1,"IOTHUB_CLIENT_CONFIRMATION_OK"
11582,4019143249,4019143285,1,"IOTHUB_CLIENT_CONFIRMATION_OK"
11583,4019143449,4019143494,1,"IOTHUB_CLIENT_CONFIRMATION_OK"
11584,4019143649,4019143685,1,"IOTHUB_CLIENT_CONFIRMATION_OK"
11585,4019143849,4019143895,1,"IOTHUB_CLIENT_CONFIRMATION_OK"
11586,4019144049,4019144089,1,"IOTHUB_CLIENT_CONFIRMATION_OK"
11587,4019144250,4019144286,1,"IOTHUB_CLIENT_CONFIRMATION_OK"
11588,4019144450,4019144608,1,"IOTHUB_CLIENT_CONFIRMATION_OK"
11589,4019144650,4019144690,1,"IOTHUB_CLIENT_CONFIRMATION_OK"
11590,4019144850,4019144885,1,"IOTHUB_CLIENT_CONFIRMATION_OK"
11591,4019145050,4019145107,1,"IOTHUB_CLIENT_CONFIRMATION_OK"
11592,4019145250,4019145289,1,"IOTHUB_CLIENT_CONFIRMATION_OK"
11593,4019145451,4019145538,1,"IOTHUB_CLIENT_CONFIRMATION_OK"
11594,4019145651,4019145681,1,"IOTHUB_CLIENT_CONFIRMATION_OK"
11595,4019145851,4019145895,1,"IOTHUB_CLIENT_CONFIRMATION_OK"
11596,4019146051,4019146125,1,"IOTHUB_CLIENT_CONFIRMATION_OK"
11597,4019146251,4019146303,1,"IOTHUB_CLIENT_CONFIRMATION_OK"
11598,4019146451,4019146532,1,"IOTHUB_CLIENT_CONFIRMATION_OK"
11599,4019146652,4019146690,1,"IOTHUB_CLIENT_CONFIRMATION_OK"
11600,4019146852,4019146890,1,"IOTHUB_CLIENT_CONFIRMATION_OK"
11601,4019147052,4019147140,1,"IOTHUB_CLIENT_CONFIRMATION_OK"
11602,4019147252,4019147288,1,"IOTHUB_CLIENT_CONFIRMATION_OK"
11603,4019147452,4019147489,1,"IOTHUB_CLIENT_CONFIRMATION_OK"
11604,4019147652,4019147756,1,"IOTHUB_CLIENT_CONFIRMATION_OK"
11605,4019147853,4019147887,1,"IOTHUB_CLIENT_CONFIRMATION_OK"
11606,4019148053,4019148102,1,"IOTHUB_CLIENT_CONFIRMATION_OK"
11607,4019148253,4019148287,1,"IOTHUB_CLIENT_CONFIRMATION_OK"
11608,4019148453,4019148487,1,"IOTHUB_CLIENT_CONFIRMATION_OK"
11609,4019148653,4019148697,1,"IOTHUB_CLIENT_CONFIRMATION_OK"
11610,4019148853,4019148894,1,"IOTHUB_CLIENT_CONFIRMATION_OK"
11611,4019149053,4019149097,1,"IOTHUB_CLIENT_CONFIRMATION_OK"
11612,4019149254,4019149401,1,"IOTHUB_CLIENT_CONFIRMATION_OK"
11613,4019149454,4019149483,1,"IOTHUB_CLIENT_CONFIRMATION_OK"
11614,4019149654,4019149713,1,"IOTHUB_CLIENT_CONFIRMATION_OK"
11615,4019149854,4019149886,1,"IOTHUB_CLIENT_CONFIRMATION_OK"
11616,4019150054,4019150100,1,"IOTHUB_CLIENT_CONFIRMATION_OK"
11617,4019150254,4019150955,1,"IOTHUB_CLIENT_CONFIRMATION_OK"
11618,4019150455,4019151029,1,"IOTHUB_CLIENT_CONFIRMATION_OK"
11619,4019150655,4019151086,1,"IOTHUB_CLIENT_CONFIRMATION_OK"
11620,4019150855,4019151135,1,"IOTHUB_CLIENT_CONFIRMATION_OK"
11621,4019151055,4019151174,1,"IOTHUB_CLIENT_CONFIRMATION_OK"
11622,4019151255,4019151307,1,"IOTHUB_CLIENT_CONFIRMATION_OK"
11623,4019151455,4019151500,1,"IOTHUB_CLIENT_CONFIRMATION_OK"
11624,4019151656,4019151697,1,"IOTHUB_CLIENT_CONFIRMATION_OK"
11625,4019151856,4019151911,1,"IOTHUB_CLIENT_CONFIRMATION_OK"
11626,4019152056,4019152125,1,"IOTHUB_CLIENT_CONFIRMATION_OK"
11627,4019152256,4019152326,1,"IOTHUB_CLIENT_CONFIRMATION_OK"
11628,4019152456,4019152515,1,"IOTHUB_CLIENT_CONFIRMATION_OK"
11629,4019152656,4019152688,1,"IOTHUB_CLIENT_CONFIRMATION_OK"
11630,4019152856,4019152893,1,"IOTHUB_CLIENT_CONFIRMATION_OK"
11631,4019153057,4019153133,1,"IOTHUB_CLIENT_CONFIRMATION_OK"
11632,4019153257,4019153298,1,"IOTHUB_CLIENT_CONFIRMATION_OK"
11633,4019153457,4019153509,1,"IOTHUB_CLIENT_CONFIRMATION_OK"
11634,4019153657,4019153750,1,"IOTHUB_CLIENT_CONFIRMATION_OK"
11635,4019153857,4019153917,1,"IOTHUB_CLIENT_CONFIRMATION_OK"
11636,4019154057,4019154098,1,"IOTHUB_CLIENT_CONFIRMATION_OK"
11637,4019154258,4019154298,1,"IOTHUB_CLIENT_CONFIRMATION_OK"
11638,4019154458,4019154509,1,"IOTHUB_CLIENT_CONFIRMATION_OK"
11639,4019154658,4019154770,1,"IOTHUB_CLIENT_CONFIRMATION_OK"
11640,4019154858,4019154901,1,"IOTHUB_CLIENT_CONFIRMATION_OK"
11641,4019155058,4019155099,1,"IOTHUB_CLIENT_CONFIRMATION_OK"
11642,4019155258,4019155301,1,"IOTHUB_CLIENT_CONFIRMATION_OK"
11643,4019155459,4019155512,1,"IOTHUB_CLIENT_CONFIRMATION_OK"
11644,4019155659,4019155771,1,"IOTHUB_CLIENT_CONFIRMATION_OK"
11645,4019155859,4019155907,1,"IOTHUB_CLIENT_CONFIRMATION_OK"
11646,4019156059,4019156097,1,"IOTHUB_CLIENT_CONFIRMATION_OK"
11647,4019156259,4019156409,1,"IOTHUB_CLIENT_CONFIRMATION_OK"
11648,4019156459,4019156497,1,"IOTHUB_CLIENT_CONFIRMATION_OK"
11649,4019156660,4019156711,1,"IOTHUB_CLIENT_CONFIRMATION_OK"
11650,4019156860,4019156912,1,"IOTHUB_CLIENT_CONFIRMATION_OK"
11651,4019157060,4019157091,1,"IOTHUB_CLIENT_CONFIRMATION_OK"
11652,4019157260,4019157318,1,"IOTHUB_CLIENT_CONFIRMATION_OK"
11653,4019157460,4019157497,1,"IOTHUB_CLIENT_CONFIRMATION_OK"
11654,4019157660,4019157696,1,"IOTHUB_CLIENT_CONFIRMATION_OK"
11655,4019157861,4019158015,1,"IOTHUB_CLIENT_CONFIRMATION_OK"
11656,4019158061,4019158100,1,"IOTHUB_CLIENT_CONFIRMATION_OK"
11657,4019158261,4019158302,1,"IOTHUB_CLIENT_CONFIRMATION_OK"
11658,4019158461,4019158541,1,"IOTHUB_CLIENT_CONFIRMATION_OK"
11659,4019158661,4019158709,1,"IOTHUB_CLIENT_CONFIRMATION_OK"
11660,4019158861,4019158922,1,"IOTHUB_CLIENT_CONFIRMATION_OK"
11661,4019159061,4019159100,1,"IOTHUB_CLIENT_CONFIRMATION_OK"
11662,4019159262,4019159299,1,"IOTHUB_CLIENT_CONFIRMATION_OK"
11663,4019159462,4019159647,1,"IOTHUB_CLIENT_CONFIRMATION_OK"
11664,4019159662,4019159708,1,"IOTHUB_CLIENT_CONFIRMATION_OK"
11665,4019159862,4019159942,1,"IOTHUB_CLIENT_CONFIRMATION_OK"
11666,4019160062,4019160124,1,"IOTHUB_CLIENT_CONFIRMATION_OK"
11667,4019160262,4019160306,1,"IOTHUB_CLIENT_CONFIRMATION_OK"
11668,4019160463,4019160502,1,"IOTHUB_CLIENT_CONFIRMATION_OK"
11669,4019160663,4019160718,1,"IOTHUB_CLIENT_CONFIRMATION_OK"
11670,4019160863,4019160906,1,"IOTHUB_CLIENT_CONFIRMATION_OK"
11671,4019161063,4019161110,1,"IOTHUB_CLIENT_CONFIRMATION_OK"
11672,4019161263,4019161309,1,"IOTHUB_CLIENT_CONFIRMATION_OK"
11673,4019161463,4019161531,1,"IOTHUB_CLIENT_CONFIRMATION_OK"
11674,4019161663,4019161701,1,"IOTHUB_CLIENT_CONFIRMATION_OK"
11675,4019161864,4019161904,1,"IOTHUB_CLIENT_CONFIRMATION_OK"
11676,4019162064,4019162107,1,"IOTHUB_CLIENT_CONFIRMATION_OK"
11677,4019162264,4019162302,1,"IOTHUB_CLIENT_CONFIRMATION_OK"
11678,4019162464,4019162499,1,"IOTHUB_CLIENT_CONFIRMATION_OK"
11679,4019162664,4019162706,1,"IOTHUB_CLIENT_CONFIRMATION_OK"
11680,4019162864,4019163005,1,"IOTHUB_CLIENT_CONFIRMATION_OK"
11681,4019163065,4019163109,1,"IOTHUB_CLIENT_CONFIRMATION_OK"
11682,4019163265,4019163340,1,"IOTHUB_CLIENT_CONFIRMATION_OK"
11683,4019163465,4019163511,1,"IOTHUB_CLIENT_CONFIRMATION_OK"
11684,4019163665,4019163726,1,"IOTHUB_CLIENT_CONFIRMATION_OK"
11685,4019163865,4019163933,1,"IOTHUB_CLIENT_CONFIRMATION_OK"
11686,4019164065,4019164107,1,"IOTHUB_CLIENT_CONFIRMATION_OK"
11687,4019164265,4019164305,1,"IOTHUB_CLIENT_CONFIRMATION_OK"
11688,4019164466,4019164550,1,"IOTHUB_CLIENT_CONFIRMATION_OK"
11689,4019164666,4019164702,1,"IOTHUB_CLIENT_CONFIRMATION_OK"
11690,4019164866,4019164945,1,"IOTHUB_CLIENT_CONFIRMATION_OK"
11691,4019165066,4019165108,1,"IOTHUB_CLIENT_CONFIRMATION_OK"
11692,4019165266,4019165316,1,"IOTHUB_CLIENT_CONFIRMATION_OK"
11693,4019165466,4019165557,1,"IOTHUB_CLIENT_CONFIRMATION_OK"
11694,4019165667,4019165709,1,"IOTHUB_CLIENT_CONFIRMATION_OK"
11695,4019165867,4019165903,1,"IOTHUB_CLIENT_CONFIRMATION_OK"
11696,4019166067,4019166171,1,"IOTHUB_CLIENT_CONFIRMATION_OK"
11697,4019166267,4019166310,1,"IOTHUB_CLIENT_CONFIRMATION_OK"
11698,4019166467,4019166505,1,"IOTHUB_CLIENT_CONFIRMATION_OK"
11699,4019166667,4019166704,1,"IOTHUB_CLIENT_CONFIRMATION_OK"
11700,4019166867,4019166918,1,"IOTHUB_CLIENT_CONFIRMATION_OK"
11701,4019167068,4019167198,1,"IOTHUB_CLIENT_CONFIRMATION_OK"
11702,4019167268,4019167317,1,"IOTHUB_CLIENT_CONFIRMATION_OK"
11703,4019167468,4019167525,1,"IOTHUB_CLIENT_CONFIRMATION_OK"
11704,4019167668,4019167714,1,"IOTHUB_CLIENT_CONFIRMATION_OK"
11705,4019167868,4019167909,1,"IOTHUB_CLIENT_CONFIRMATION_OK"
11706,4019168068,4019168104,1,"IOTHUB_CLIENT_CONFIRMATION_OK"
11707,4019168269,4019168302,1,"IOTHUB_CLIENT_CONFIRMATION_OK"
11708,4019168469,4019168522,1,"IOTHUB_CLIENT_CONFIRMATION_OK"
11709,4019168669,4019168834,1,"IOTHUB_CLIENT_CONFIRMATION_OK"
11710,4019168869,4019169017,1,"IOTHUB_CLIENT_CONFIRMATION_OK"
11711,4019169069,4019169114,1,"IOTHUB_CLIENT_CONFIRMATION_OK"
11712,4019169269,4019169317,1,"IOTHUB_CLIENT_CONFIRMATION_OK"
11713,4019169470,4019169516,1,"IOTHUB_CLIENT_CONFIRMATION_OK"
11714,4019169670,4019169719,1,"IOTHUB_CLIENT_CONFIRMATION_OK"
11715,4019169870,4019169936,1,"IOTHUB_CLIENT_CONFIRMATION_OK"
11716,4019170070,4019170124,1,"IOTHUB_CLIENT_CONFIRMATION_OK"
11717,4019170270,4019170317,1,"IOTHUB_CLIENT_CONFIRMATION_OK"
11718,4019170470,4019170575,1,"IOTHUB_CLIENT_CONFIRMATION_OK"
11719,4019170670,4019170713,1,"IOTHUB_CLIENT_CONFIRMATION_OK"
11720,4019170871,4019170925,1,"IOTHUB_CLIENT_CONFIRMATION_OK"
11721,4019171071,4019171118,1,"IOTHUB_CLIENT_CONFIRMATION_OK"
11722,4019171271,4019171306,1,"IOTHUB_CLIENT_CONFIRMATION_OK"
11723,4019171476,4019171528,1,"IOTHUB_CLIENT_CONFIRMATION_OK"
11724,4019171676,4019171721,1,"IOTHUB_CLIENT_CONFIRMATION_OK"
11725,4019171876,4019171928,1,"IOTHUB_CLIENT_CONFIRMATION_OK"
11726,4019172076,4019172112,1,"IOTHUB_CLIENT_CONFIRMATION_OK"
11727,4019172276,4019172320,1,"IOTHUB_CLIENT_CONFIRMATION_OK"
11728,4019172476,4019172552,1,"IOTHUB_CLIENT_CONFIRMATION_OK"
11729,4019172677,4019172717,1,"IOTHUB_CLIENT_CONFIRMATION_OK"
11730,4019172877,4019172913,1,"IOTHUB_CLIENT_CONFIRMATION_OK"
11731,4019173077,4019173202,1,"IOTHUB_CLIENT_CONFIRMATION_OK"
11732,4019173277,4019173399,1,"IOTHUB_CLIENT_CONFIRMATION_OK"
11733,4019173477,4019173517,1,"IOTHUB_CLIENT_CONFIRMATION_OK"
11734,4019173677,4019173747,1,"IOTHUB_CLIENT_CONFIRMATION_OK"
11735,4019173878,4019174038,1,"IOTHUB_CLIENT_CONFIRMATION_OK"
11736,4019174078,4019174190,1,"IOTHUB_CLIENT_CONFIRMATION_OK"
11737,4019174278,4019174316,1,"IOTHUB_CLIENT_CONFIRMATION_OK"
11738,4019174478,4019174629,1,"IOTHUB_CLIENT_CONFIRMATION_OK"
11739,4019174678,4019174874,1,"IOTHUB_CLIENT_CONFIRMATION_OK"
11740,4019174878,4019174923,1,"IOTHUB_CLIENT_CONFIRMATION_OK"
11741,4019175078,4019175120,1,"IOTHUB_CLIENT_CONFIRMATION_OK"
11742,4019175279,4019175324,1,"IOTHUB_CLIENT_CONFIRMATION_OK"
11743,4019175479,4019175531,1,"IOTHUB_CLIENT_CONFIRMATION_OK"
11744,4019175679,4019175866,1,"IOTHUB_CLIENT_CONFIRMATION_OK"
11745,4019175879,4019175922,1,"IOTHUB_CLIENT_CONFIRMATION_OK"
11746,4019176079,4019176121,1,"IOTHUB_CLIENT_CONFIRMATION_OK"
11747,4019176279,4019176343,1,"IOTHUB_CLIENT_CONFIRMATION_OK"
11748,4019176480,4019176518,1,"IOTHUB_CLIENT_CONFIRMATION_OK"
11749,4019176680,4019176728,1,"IOTHUB_CLIENT_CONFIRMATION_OK"
11750,4019176880,4019176922,1,"IOTHUB_CLIENT_CONFIRMATION_OK"
11751,4019177080,4019177117,1,"IOTHUB_CLIENT_CONFIRMATION_OK"
11752,4019177280,4019177319,1,"IOTHUB_CLIENT_CONFIRMATION_OK"
11753,4019177480,4019177527,1,"IOTHUB_CLIENT_CONFIRMATION_OK"
11754,4019177680,4019177724,1,"IOTHUB_CLIENT_CONFIRMATION_OK"
11755,4019177881,4019177942,1,"IOTHUB_CLIENT_CONFIRMATION_OK"
11756,4019178081,4019178132,1,"IOTHUB_CLIENT_CONFIRMATION_OK"
11757,4019178281,4019178321,1,"IOTHUB_CLIENT_CONFIRMATION_OK"
11758,4019178481,4019178520,1,"IOTHUB_CLIENT_CONFIRMATION_OK"
11759,4019178681,4019178727,1,"IOTHUB_CLIENT_CONFIRMATION_OK"
11760,4019178881,4019178927,1,"IOTHUB_CLIENT_CONFIRMATION_OK"
11761,4019179082,4019179131,1,"IOTHUB_CLIENT_CONFIRMATION_OK"
11762,4019179282,4019179326,1,"IOTHUB_CLIENT_CONFIRMATION_OK"
11763,4019179482,4019179537,1,"IOTHUB_CLIENT_CONFIRMATION_OK"
11764,4019179682,4019179771,1,"IOTHUB_CLIENT_CONFIRMATION_OK"
11765,4019179882,4019179922,1,"IOTHUB_CLIENT_CONFIRMATION_OK"
11766,4019180082,4019180128,1,"IOTHUB_CLIENT_CONFIRMATION_OK"
11767,4019180283,4019180326,1,"IOTHUB_CLIENT_CONFIRMATION_OK"
11768,4019180483,4019180528,1,"IOTHUB_CLIENT_CONFIRMATION_OK"
11769,4019180683,4019180761,1,"IOTHUB_CLIENT_CONFIRMATION_OK"
11770,4019180883,4019180940,1,"IOTHUB_CLIENT_CONFIRMATION_OK"
11771,4019181083,4019181150,1,"IOTHUB_CLIENT_CONFIRMATION_OK"
11772,4019181283,4019181326,1,"IOTHUB_CLIENT_CONFIRMATION_OK"
11773,4019181484,4019181530,1,"IOTHUB_CLIENT_CONFIRMATION_OK"
11774,4019181684,4019181799,1,"IOTHUB_CLIENT_CONFIRMATION_OK"
11775,4019181884,4019181922,1,"IOTHUB_CLIENT_CONFIRMATION_OK"
11776,4019182084,4019182153,1,"IOTHUB_CLIENT_CONFIRMATION_OK"
11777,4019182284,4019182362,1,"IOTHUB_CLIENT_CONFIRMATION_OK"
11778,4019182484,4019182528,1,"IOTHUB_CLIENT_CONFIRMATION_OK"
11779,4019182685,4019182734,1,"IOTHUB_CLIENT_CONFIRMATION_OK"
11780,4019182885,4019182934,1,"IOTHUB_CLIENT_CONFIRMATION_OK"
11781,4019183085,4019183138,1,"IOTHUB_CLIENT_CONFIRMATION_OK"
11782,4019183285,4019183394,1,"IOTHUB_CLIENT_CONFIRMATION_OK"
11783,4019183485,4019183550,1,"IOTHUB_CLIENT_CONFIRMATION_OK"
11784,4019183686,4019183752,1,"IOTHUB_CLIENT_CONFIRMATION_OK"
11785,4019183886,4019183924,1,"IOTHUB_CLIENT_CONFIRMATION_OK"
11786,4019184086,4019184129,1,"IOTHUB_CLIENT_CONFIRMATION_OK"
11787,4019184286,4019184326,1,"IOTHUB_CLIENT_CONFIRMATION_OK"
11788,4019184486,4019184528,1,"IOTHUB_CLIENT_CONFIRMATION_OK"
11789,4019184686,4019184722,1,"IOTHUB_CLIENT_CONFIRMATION_OK"
11790,4019184887,4019185048,1,"IOTHUB_CLIENT_CONFIRMATION_OK"
11791,4019185087,4019185165,1,"IOTHUB_CLIENT_CONFIRMATION_OK"
11792,4019185287,4019185333,1,"IOTHUB_CLIENT_CONFIRMATION_OK"
11793,4019185487,4019185520,1,"IOTHUB_CLIENT_CONFIRMATION_OK"
11794,4019185687,4019185724,1,"IOTHUB_CLIENT_CONFIRMATION_OK"
11795,4019185887,4019185921,1,"IOTHUB_CLIENT_CONFIRMATION_OK"
11796,4019186087,4019186128,1,"IOTHUB_CLIENT_CONFIRMATION_OK"
11797,4019186288,4019186326,1,"IOTHUB_CLIENT_CONFIRMATION_OK"
11798,4019186488,4019186692,1,"IOTHUB_CLIENT_CONFIRMATION_OK"
11799,4019186688,4019186767,1,"IOTHUB_CLIENT_CONFIRMATION_OK"
11800,4019186888,4019186960,1,"IOTHUB_CLIENT_CONFIRMATION_OK"
11801,4019187088,4019187128,1,"IOTHUB_CLIENT_CONFIRMATION_OK"
11802,4019187288,4019187341,1,"IOTHUB_CLIENT_CONFIRMATION_OK"
11803,4019187489,4019187524,1,"IOTHUB_CLIENT_CONFIRMATION_OK"
11804,4019187689,4019187761,1,"IOTHUB_CLIENT_CONFIRMATION_OK"
11805,4019187889,4019187945,1,"IOTHUB_CLIENT_CONFIRMATION_OK"
11806,4019188089,4019188273,1,"IOTHUB_CLIENT_CONFIRMATION_OK"
11807,4019188289,4019188330,1,"IOTHUB_CLIENT_CONFIRMATION_OK"
11808,4019188489,4019188530,1,"IOTHUB_CLIENT_CONFIRMATION_OK"
11809,4019188690,4019188740,1,"IOTHUB_CLIENT_CONFIRMATION_OK"
11810,4019188890,4019188926,1,"IOTHUB_CLIENT_CONFIRMATION_OK"
11811,4019189090,4019189163,1,"IOTHUB_CLIENT_CONFIRMATION_OK"
11812,4019189290,4019189361,1,"IOTHUB_CLIENT_CONFIRMATION_OK"
11813,4019189490,4019189530,1,"IOTHUB_CLIENT_CONFIRMATION_OK"
11814,4019189690,4019189725,1,"IOTHUB_CLIENT_CONFIRMATION_OK"
11815,4019189891,4019189934,1,"IOTHUB_CLIENT_CONFIRMATION_OK"
11816,4019190091,4019190140,1,"IOTHUB_CLIENT_CONFIRMATION_OK"
11817,4019190291,4019190329,1,"IOTHUB_CLIENT_CONFIRMATION_OK"
11818,4019190491,4019190540,1,"IOTHUB_CLIENT_CONFIRMATION_OK"
11819,4019190691,4019190735,1,"IOTHUB_CLIENT_CONFIRMATION_OK"
11820,4019190891,4019190932,1,"IOTHUB_CLIENT_CONFIRMATION_OK"
11821,4019191091,4019191128,1,"IOTHUB_CLIENT_CONFIRMATION_OK"
11822,4019191292,4019191363,1,"IOTHUB_CLIENT_CONFIRMATION_OK"
11823,4019191492,4019191525,1,"IOTHUB_CLIENT_CONFIRMATION_OK"
11824,4019191692,4019191739,1,"IOTHUB_CLIENT_CONFIRMATION_OK"
11825,4019191892,4019191942,1,"IOTHUB_CLIENT_CONFIRMATION_OK"
11826,4019192092,4019192133,1,"IOTHUB_CLIENT_CONFIRMATION_OK"
11827,4019192292,4019192343,1,"IOTHUB_CLIENT_CONFIRMATION_OK"
11828,4019192493,4019192564,1,"IOTHUB_CLIENT_CONFIRMATION_OK"
11829,4019192693,4019192731,1,"IOTHUB_CLIENT_CONFIRMATION_OK"
11830,4019192893,4019192945,1,"IOTHUB_CLIENT_CONFIRMATION_OK"
11831,4019193093,4019193183,1,"IOTHUB_CLIENT_CONFIRMATION_OK"
11832,4019193293,4019193334,1,"IOTHUB_CLIENT_CONFIRMATION_OK"
11833,4019193493,4019193533,1,"IOTHUB_CLIENT_CONFIRMATION_OK"
11834,4019193694,4019193734,1,"IOTHUB_CLIENT_CONFIRMATION_OK"
11835,4019193894,4019193934,1,"IOTHUB_CLIENT_CONFIRMATION_OK"
11836,4019194094,4019194209,1,"IOTHUB_CLIENT_CONFIRMATION_OK"
11837,4019194294,4019194337,1,"IOTHUB_CLIENT_CONFIRMATION_OK"
11838,4019194494,4019194530,1,"IOTHUB_CLIENT_CONFIRMATION_OK"
11839,4019194694,4019194894,1,"IOTHUB_CLIENT_CONFIRMATION_OK"
11840,4019194895,4019194930,1,"IOTHUB_CLIENT_CONFIRMATION_OK"
11841,4019195095,4019195154,1,"IOTHUB_CLIENT_CONFIRMATION_OK"
11842,4019195295,4019195332,1,"IOTHUB_CLIENT_CONFIRMATION_OK"
11843,4019195495,4019195539,1,"IOTHUB_CLIENT_CONFIRMATION_OK"
11844,4019195695,4019195890,1,"IOTHUB_CLIENT_CONFIRMATION_OK"
11845,4019195895,4019195935,1,"IOTHUB_CLIENT_CONFIRMATION_OK"
11846,4019196095,4019196127,1,"IOTHUB_CLIENT_CONFIRMATION_OK"
11847,4019196296,4019196341,1,"IOTHUB_CLIENT_CONFIRMATION_OK"
11848,4019196496,4019196536,1,"IOTHUB_CLIENT_CONFIRMATION_OK"
11849,4019196696,4019196736,1,"IOTHUB_CLIENT_CONFIRMATION_OK"
11850,4019196896,4019196960,1,"IOTHUB_CLIENT_CONFIRMATION_OK"
11851,4019197096,4019197155,1,"IOTHUB_CLIENT_CONFIRMATION_OK"
11852,4019197296,4019197342,1,"IOTHUB_CLIENT_CONFIRMATION_OK"
11853,4019197497,4019197534,1,"IOTHUB_CLIENT_CONFIRMATION_OK"
11854,4019197697,4019197755,1,"IOTHUB_CLIENT_CONFIRMATION_OK"
11855,4019197897,4019197941,1,"IOTHUB_CLIENT_CONFIRMATION_OK"
11856,4019198097,4019198140,1,"IOTHUB_CLIENT_CONFIRMATION_OK"
11857,4019198297,4019198343,1,"IOTHUB_CLIENT_CONFIRMATION_OK"
11858,4019198497,4019198540,1,"IOTHUB_CLIENT_CONFIRMATION_OK"
11859,4019198697,4019198736,1,"IOTHUB_CLIENT_CONFIRMATION_OK"
11860,4019198898,4019198944,1,"IOTHUB_CLIENT_CONFIRMATION_OK"
11861,4019199098,4019199150,1,"IOTHUB_CLIENT_CONFIRMATION_OK"
11862,4019199298,4019199342,1,"IOTHUB_CLIENT_CONFIRMATION_OK"
11863,4019199498,4019199544,1,"IOTHUB_CLIENT_CONFIRMATION_OK"
11864,4019199698,4019199735,1,"IOTHUB_CLIENT_CONFIRMATION_OK"
11865,4019199898,4019200006,1,"IOTHUB_CLIENT_CONFIRMATION_OK"
11866,4019200099,4019200145,1,"IOTHUB_CLIENT_CONFIRMATION_OK"
11867,4019200299,4019200339,1,"IOTHUB_CLIENT_CONFIRMATION_OK"
11868,4019200499,4019200537,1,"IOTHUB_CLIENT_CONFIRMATION_OK"
11869,4019200699,4019200739,1,"IOTHUB_CLIENT_CONFIRMATION_OK"
11870,4019200899,4019200944,1,"IOTHUB_CLIENT_CONFIRMATION_OK"
11871,4019201099,4019201338,1,"IOTHUB_CLIENT_CONFIRMATION_OK"
11872,4019201300,4019201376,1,"IOTHUB_CLIENT_CONFIRMATION_OK"
11873,4019201500,4019201543,1,"IOTHUB_CLIENT_CONFIRMATION_OK"
11874,4019201700,4019201742,1,"IOTHUB_CLIENT_CONFIRMATION_OK"
11875,4019201900,4019201950,1,"IOTHUB_CLIENT_CONFIRMATION_OK"
11876,4019202100,4019202135,1,"IOTHUB_CLIENT_CONFIRMATION_OK"
11877,4019202300,4019202354,1,"IOTHUB_CLIENT_CONFIRMATION_OK"
11878,4019202501,4019202541,1,"IOTHUB_CLIENT_CONFIRMATION_OK"
11879,4019202701,4019202746,1,"IOTHUB_CLIENT_CONFIRMATION_OK"
11880,4019202901,4019202945,1,"IOTHUB_CLIENT_CONFIRMATION_OK"
11881,4019203101,4019203172,1,"IOTHUB_CLIENT_CONFIRMATION_OK"
11882,4019203301,4019203366,1,"IOTHUB_CLIENT_CONFIRMATION_OK"
11883,4019203501,4019203544,1,"IOTHUB_CLIENT_CONFIRMATION_OK"
11884,4019203702,4019203749,1,"IOTHUB_CLIENT_CONFIRMATION_OK"
11885,4019203902,4019203979,1,"IOTHUB_CLIENT_CONFIRMATION_OK"
11886,4019204102,4019204140,1,"IOTHUB_CLIENT_CONFIRMATION_OK"
11887,4019204302,4019204358,1,"IOTHUB_CLIENT_CONFIRMATION_OK"
11888,4019204502,4019204547,1,"IOTHUB_CLIENT_CONFIRMATION_OK"
11889,4019204702,4019204749,1,"IOTHUB_CLIENT_CONFIRMATION_OK"
11890,4019204902,4019204997,1,"IOTHUB_CLIENT_CONFIRMATION_OK"
11891,4019205103,4019205140,1,"IOTHUB_CLIENT_CONFIRMATION_OK"
11892,4019205303,4019205360,1,"IOTHUB_CLIENT_CONFIRMATION_OK"
11893,4019205503,4019205543,1,"IOTHUB_CLIENT_CONFIRMATION_OK"
11894,4019205703,4019205749,1,"IOTHUB_CLIENT_CONFIRMATION_OK"
11895,4019205903,4019205942,1,"IOTHUB_CLIENT_CONFIRMATION_OK"
11896,4019206103,4019206136,1,"IOTHUB_CLIENT_CONFIRMATION_OK"
11897,4019206304,4019206350,1,"IOTHUB_CLIENT_CONFIRMATION_OK"
11898,4019206504,4019206640,1,"IOTHUB_CLIENT_CONFIRMATION_OK"
11899,4019206704,4019206746,1,"IOTHUB_CLIENT_CONFIRMATION_OK"
11900,4019206904,4019206954,1,"IOTHUB_CLIENT_CONFIRMATION_OK"
11901,4019207104,4019207181,1,"IOTHUB_CLIENT_CONFIRMATION_OK"
11902,4019207304,4019207363,1,"IOTHUB_CLIENT_CONFIRMATION_OK"
11903,4019207504,4019207545,1,"IOTHUB_CLIENT_CONFIRMATION_OK"
11904,4019207705,4019207735,1,"IOTHUB_CLIENT_CONFIRMATION_OK"
11905,4019207905,4019207941,1,"IOTHUB_CLIENT_CONFIRMATION_OK"
11906,4019208105,4019208290,1,"IOTHUB_CLIENT_CONFIRMATION_OK"
11907,4019208305,4019208345,1,"IOTHUB_CLIENT_CONFIRMATION_OK"
11908,4019208505,4019208555,1,"IOTHUB_CLIENT_CONFIRMATION_OK"
11909,4019208705,4019208886,1,"IOTHUB_CLIENT_CONFIRMATION_OK"
11910,4019208906,4019208970,1,"IOTHUB_CLIENT_CONFIRMATION_OK"
11911,4019209106,4019209147,1,"IOTHUB_CLIENT_CONFIRMATION_OK"
11912,4019209306,4019209349,1,"IOTHUB_CLIENT_CONFIRMATION_OK"
11913,4019209506,4019209563,1,"IOTHUB_CLIENT_CONFIRMATION_OK"
11914,4019209706,4019209746,1,"IOTHUB_CLIENT_CONFIRMATION_OK"
11915,4019209906,4019209969,1,"IOTHUB_CLIENT_CONFIRMATION_OK"
11916,4019210106,4019210157,1,"IOTHUB_CLIENT_CONFIRMATION_OK"
11917,4019210307,4019210376,1,"IOTHUB_CLIENT_CONFIRMATION_OK"
11918,4019210507,4019210549,1,"IOTHUB_CLIENT_CONFIRMATION_OK"
11919,4019210707,4019210760,1,"IOTHUB_CLIENT_CONFIRMATION_OK"
11920,4019210907,4019210964,1,"IOTHUB_CLIENT_CONFIRMATION_OK"
11921,4019211107,4019211149,1,"IOTHUB_CLIENT_CONFIRMATION_OK"
11922,4019211307,4019211348,1,"IOTHUB_CLIENT_CONFIRMATION_OK"
11923,4019211508,4019211551,1,"IOTHUB_CLIENT_CONFIRMATION_OK"
11924,4019211708,4019211747,1,"IOTHUB_CLIENT_CONFIRMATION_OK"
11925,4019211908,4019211991,1,"IOTHUB_CLIENT_CONFIRMATION_OK"
11926,4019212108,4019212252,1,"IOTHUB_CLIENT_CONFIRMATION_OK"
11927,4019212308,4019212354,1,"IOTHUB_CLIENT_CONFIRMATION_OK"
11928,4019212508,4019212714,1,"IOTHUB_CLIENT_CONFIRMATION_OK"
11929,4019212709,4019212752,1,"IOTHUB_CLIENT_CONFIRMATION_OK"
11930,4019212909,4019212954,1,"IOTHUB_CLIENT_CONFIRMATION_OK"
11931,4019213109,4019213152,1,"IOTHUB_CLIENT_CONFIRMATION_OK"
11932,4019213309,4019213366,1,"IOTHUB_CLIENT_CONFIRMATION_OK"
11933,4019213509,4019213671,1,"IOTHUB_CLIENT_CONFIRMATION_OK"
11934,4019213709,4019213754,1,"IOTHUB_CLIENT_CONFIRMATION_OK"
11935,4019213909,4019213955,1,"IOTHUB_CLIENT_CONFIRMATION_OK"
11936,4019214110,4019214149,1,"IOTHUB_CLIENT_CONFIRMATION_OK"
11937,4019214310,4019214356,1,"IOTHUB_CLIENT_CONFIRMATION_OK"
11938,4019214510,4019214592,1,"IOTHUB_CLIENT_CONFIRMATION_OK"
11939,4019214710,4019214746,1,"IOTHUB_CLIENT_CONFIRMATION_OK"
11940,4019214910,4019214955,1,"IOTHUB_CLIENT_CONFIRMATION_OK"
11941,4019215110,4019215311,1,"IOTHUB_CLIENT_CONFIRMATION_OK"
11942,4019215311,4019215358,1,"IOTHUB_CLIENT_CONFIRMATION_OK"
11943,4019215511,4019215551,1,"IOTHUB_CLIENT_CONFIRMATION_OK"
11944,4019215711,4019215752,1,"IOTHUB_CLIENT_CONFIRMATION_OK"
11945,4019215911,4019215954,1,"IOTHUB_CLIENT_CONFIRMATION_OK"
11946,4019216111,4019216155,1,"IOTHUB_CLIENT_CONFIRMATION_OK"
11947,4019216311,4019216362,1,"IOTHUB_CLIENT_CONFIRMATION_OK"
11948,4019216512,4019216563,1,"IOTHUB_CLIENT_CONFIRMATION_OK"
11949,4019216712,4019216753,1,"IOTHUB_CLIENT_CONFIRMATION_OK"
11950,4019216912,4019216991,1,"IOTHUB_CLIENT_CONFIRMATION_OK"
11951,4019217112,4019217153,1,"IOTHUB_CLIENT_CONFIRMATION_OK"
11952,4019217312,4019217374,1,"IOTHUB_CLIENT_CONFIRMATION_OK"
11953,4019217512,4019217560,1,"IOTHUB_CLIENT_CONFIRMATION_OK"
11954,4019217713,4019217763,1,"IOTHUB_CLIENT_CONFIRMATION_OK"
11955,4019217913,4019217971,1,"IOTHUB_CLIENT_CONFIRMATION_OK"
11956,4019218113,4019218167,1,"IOTHUB_CLIENT_CONFIRMATION_OK"
11957,4019218313,4019218360,1,"IOTHUB_CLIENT_CONFIRMATION_OK"
11958,4019218513,4019218587,1,"IOTHUB_CLIENT_CONFIRMATION_OK"
11959,4019218713,4019218756,1,"IOTHUB_CLIENT_CONFIRMATION_OK"
11960,4019218913,4019218983,1,"IOTHUB_CLIENT_CONFIRMATION_OK"
11961,4019219114,4019219153,1,"IOTHUB_CLIENT_CONFIRMATION_OK"
11962,4019219314,4019219352,1,"IOTHUB_CLIENT_CONFIRMATION_OK"
11963,4019219514,4019219595,1,"IOTHUB_CLIENT_CONFIRMATION_OK"
11964,4019219714,4019219756,1,"IOTHUB_CLIENT_CONFIRMATION_OK"
11965,4019219914,4019219973,1,"IOTHUB_CLIENT_CONFIRMATION_OK"
11966,4019220114,4019220155,1,"IOTHUB_CLIENT_CONFIRMATION_OK"
11967,4019220315,4019220350,1,"IOTHUB_CLIENT_CONFIRMATION_OK"
11968,4019220515,4019220651,1,"IOTHUB_CLIENT_CONFIRMATION_OK"
11969,4019220715,4019220755,1,"IOTHUB_CLIENT_CONFIRMATION_OK"
11970,4019220915,4019220959,1,"IOTHUB_CLIENT_CONFIRMATION_OK"
11971,4019221115,4019221269,1,"IOTHUB_CLIENT_CONFIRMATION_OK"
11972,4019221315,4019221378,1,"IOTHUB_CLIENT_CONFIRMATION_OK"
11973,4019221516,4019221562,1,"IOTHUB_CLIENT_CONFIRMATION_OK"
11974,4019221716,4019221776,1,"IOTHUB_CLIENT_CONFIRMATION_OK"
11975,4019221916,4019221950,1,"IOTHUB_CLIENT_CONFIRMATION_OK"
11976,4019222116,4019222165,1,"IOTHUB_CLIENT_CONFIRMATION_OK"
11977,4019222316,4019222390,1,"IOTHUB_CLIENT_CONFIRMATION_OK"
11978,4019222516,4019222555,1,"IOTHUB_CLIENT_CONFIRMATION_OK"
11979,4019222716,4019222754,1,"IOTHUB_CLIENT_CONFIRMATION_OK"
11980,4019222917,4019222956,1,"IOTHUB_CLIENT_CONFIRMATION_OK"
11981,4019223117,4019223194,1,"IOTHUB_CLIENT_CONFIRMATION_OK"
11982,4019223317,4019223358,1,"IOTHUB_CLIENT_CONFIRMATION_OK"
11983,4019223517,4019223562,1,"IOTHUB_CLIENT_CONFIRMATION_OK"
11984,4019223717,4019223755,1,"IOTHUB_CLIENT_CONFIRMATION_OK"
11985,4019223917,4019223955,1,"IOTHUB_CLIENT_CONFIRMATION_OK"
11986,4019224117,4019224155,1,"IOTHUB_CLIENT_CONFIRMATION_OK"
11987,4019224318,4019224371,1,"IOTHUB_CLIENT_CONFIRMATION_OK"
11988,4019224518,4019224556,1,"IOTHUB_CLIENT_CONFIRMATION_OK"
11989,4019224718,4019224780,1,"IOTHUB_CLIENT_CONFIRMATION_OK"
11990,4019224918,4019224976,1,"IOTHUB_CLIENT_CONFIRMATION_OK"
11991,4019225118,4019225155,1,"IOTHUB_CLIENT_CONFIRMATION_OK"
11992,4019225318,4019225357,1,"IOTHUB_CLIENT_CONFIRMATION_OK"
11993,4019225519,4019225593,1,"IOTHUB_CLIENT_CONFIRMATION_OK"
11994,4019225719,4019225762,1,"IOTHUB_CLIENT_CONFIRMATION_OK"
11995,4019225919,4019225957,1,"IOTHUB_CLIENT_CONFIRMATION_OK"
11996,4019226119,4019226160,1,"IOTHUB_CLIENT_CONFIRMATION_OK"
11997,4019226319,4019226361,1,"IOTHUB_CLIENT_CONFIRMATION_OK"
11998,4019226519,4019226592,1,"IOTHUB_CLIENT_CONFIRMATION_OK"
11999,4019226720,4019226757,1,"IOTHUB_CLIENT_CONFIRMATION_OK"
12000,4019226920,4019226961,1,"IOTHUB_CLIENT_CONFIRMATION_OK"
12001,4019227120,4019227227,1,"IOTHUB_CLIENT_CONFIRMATION_OK"
12002,4019227320,4019227386,1,"IOTHUB_CLIENT_CONFIRMATION_OK"
12003,4019227520,4019227565,1,"IOTHUB_CLIENT_CONFIRMATION_OK"
12004,4019227720,4019227759,1,"IOTHUB_CLIENT_CONFIRMATION_OK"
12005,4019227921,4019227979,1,"IOTHUB_CLIENT_CONFIRMATION_OK"
12006,4019228121,4019228226,1,"IOTHUB_CLIENT_CONFIRMATION_OK"
12007,4019228321,4019228359,1,"IOTHUB_CLIENT_CONFIRMATION_OK"
12008,4019228521,4019228570,1,"IOTHUB_CLIENT_CONFIRMATION_OK"
12009,4019228721,4019228837,1,"IOTHUB_CLIENT_CONFIRMATION_OK"
12010,4019228921,4019228969,1,"IOTHUB_CLIENT_CONFIRMATION_OK"
12011,4019229122,4019229165,1,"IOTHUB_CLIENT_CONFIRMATION_OK"
12012,4019229322,4019229366,1,"IOTHUB_CLIENT_CONFIRMATION_OK"
12013,4019229522,4019229814,1,"IOTHUB_CLIENT_CONFIRMATION_OK"
12014,4019229722,4019229880,1,"IOTHUB_CLIENT_CONFIRMATION_OK"
12015,4019229922,4019229963,1,"IOTHUB_CLIENT_CONFIRMATION_OK"
12016,4019230122,4019230158,1,"IOTHUB_CLIENT_CONFIRMATION_OK"
12017,4019230323,4019230490,1,"IOTHUB_CLIENT_CONFIRMATION_OK"
12018,4019230523,4019230571,1,"IOTHUB_CLIENT_CONFIRMATION_OK"
12019,4019230723,4019230767,1,"IOTHUB_CLIENT_CONFIRMATION_OK"
12020,4019230923,4019230963,1,"IOTHUB_CLIENT_CONFIRMATION_OK"
12021,4019231123,4019231165,1,"IOTHUB_CLIENT_CONFIRMATION_OK"
12022,4019231323,4019231367,1,"IOTHUB_CLIENT_CONFIRMATION_OK"
12023,4019231524,4019231564,1,"IOTHUB_CLIENT_CONFIRMATION_OK"
12024,4019231724,4019231761,1,"IOTHUB_CLIENT_CONFIRMATION_OK"
12025,4019231924,4019231962,1,"IOTHUB_CLIENT_CONFIRMATION_OK"
12026,4019232124,4019232168,1,"IOTHUB_CLIENT_CONFIRMATION_OK"
12027,4019232324,4019232414,1,"IOTHUB_CLIENT_CONFIRMATION_OK"
12028,4019232524,4019232561,1,"IOTHUB_CLIENT_CONFIRMATION_OK"
12029,4019232725,4019232768,1,"IOTHUB_CLIENT_CONFIRMATION_OK"
12030,4019232925,4019232967,1,"IOTHUB_CLIENT_CONFIRMATION_OK"
12031,4019233125,4019233167,1,"IOTHUB_CLIENT_CONFIRMATION_OK"
12032,4019233325,4019233370,1,"IOTHUB_CLIENT_CONFIRMATION_OK"
12033,4019233525,4019233577,1,"IOTHUB_CLIENT_CONFIRMATION_OK"
12034,4019233725,4019233767,1,"IOTHUB_CLIENT_CONFIRMATION_OK"
12035,4019233925,4019233972,1,"IOTHUB_CLIENT_CONFIRMATION_OK"
12036,4019234126,4019234166,1,"IOTHUB_CLIENT_CONFIRMATION_OK"
12037,4019234326,4019234372,1,"IOTHUB_CLIENT_CONFIRMATION_OK"
12038,4019234526,4019234580,1,"IOTHUB_CLIENT_CONFIRMATION_OK"
12039,4019234726,4019234769,1,"IOTHUB_CLIENT_CONFIRMATION_OK"
12040,4019234926,4019235000,1,"IOTHUB_CLIENT_CONFIRMATION_OK"
12041,4019235126,4019235177,1,"IOTHUB_CLIENT_CONFIRMATION_OK"
12042,4019235326,4019235422,1,"IOTHUB_CLIENT_CONFIRMATION_OK"
12043,4019235527,4019235608,1,"IOTHUB_CLIENT_CONFIRMATION_OK"
12044,4019235727,4019235782,1,"IOTHUB_CLIENT_CONFIRMATION_OK"
12045,4019235927,4019235980,1,"IOTHUB_CLIENT_CONFIRMATION_OK"
12046,4019236127,4019236165,1,"IOTHUB_CLIENT_CONFIRMATION_OK"
12047,4019236327,4019236410,1,"IOTHUB_CLIENT_CONFIRMATION_OK"
12048,4019236527,4019236574,1,"IOTHUB_CLIENT_CONFIRMATION_OK"
12049,4019236728,4019236780,1,"IOTHUB_CLIENT_CONFIRMATION_OK"
12050,4019236928,4019236972,1,"IOTHUB_CLIENT_CONFIRMATION_OK"
12051,4019237128,4019237174,1,"IOTHUB_CLIENT_CONFIRMATION_OK"
12052,4019237328,4019237416,1,"IOTHUB_CLIENT_CONFIRMATION_OK"
12053,4019237528,4019237562,1,"IOTHUB_CLIENT_CONFIRMATION_OK"
12054,4019237728,4019237769,1,"IOTHUB_CLIENT_CONFIRMATION_OK"
12055,4019237928,4019238026,1,"IOTHUB_CLIENT_CONFIRMATION_OK"
12056,4019238129,4019238169,1,"IOTHUB_CLIENT_CONFIRMATION_OK"
12057,4019238329,4019238394,1,"IOTHUB_CLIENT_CONFIRMATION_OK"
12058,4019238529,4019238618,1,"IOTHUB_CLIENT_CONFIRMATION_OK"
12059,4019238729,4019238768,1,"IOTHUB_CLIENT_CONFIRMATION_OK"
12060,4019238929,4019239044,1,"IOTHUB_CLIENT_CONFIRMATION_OK"
12061,4019239129,4019239166,1,"IOTHUB_CLIENT_CONFIRMATION_OK"
12062,4019239330,4019239388,1,"IOTHUB_CLIENT_CONFIRMATION_OK"
12063,4019239530,4019239792,1,"IOTHUB_CLIENT_CONFIRMATION_OK"
12064,4019239730,4019239827,1,"IOTHUB_CLIENT_CONFIRMATION_OK"
12065,4019239930,4019239975,1,"IOTHUB_CLIENT_CONFIRMATION_OK"
12066,4019240130,4019240180,1,"IOTHUB_CLIENT_CONFIRMATION_OK"
12067,4019240331,4019240377,1,"IOTHUB_CLIENT_CONFIRMATION_OK"
12068,4019240531,4019240674,1,"IOTHUB_CLIENT_CONFIRMATION_OK"
12069,4019240731,4019240801,1,"IOTHUB_CLIENT_CONFIRMATION_OK"
12070,4019240931,4019240973,1,"IOTHUB_CLIENT_CONFIRMATION_OK"
12071,4019241131,4019241295,1,"IOTHUB_CLIENT_CONFIRMATION_OK"
12072,4019241331,4019241386,1,"IOTHUB_CLIENT_CONFIRMATION_OK"
12073,4019241532,4019241574,1,"IOTHUB_CLIENT_CONFIRMATION_OK"
12074,4019241732,4019241767,1,"IOTHUB_CLIENT_CONFIRMATION_OK"
12075,4019241932,4019241982,1,"IOTHUB_CLIENT_CONFIRMATION_OK"
12076,4019242132,4019242180,1,"IOTHUB_CLIENT_CONFIRMATION_OK"
12077,4019242332,4019242369,1,"IOTHUB_CLIENT_CONFIRMATION_OK"
12078,4019242532,4019242570,1,"IOTHUB_CLIENT_CONFIRMATION_OK"
12079,4019242733,4019242937,1,"IOTHUB_CLIENT_CONFIRMATION_OK"
12080,4019242933,4019242972,1,"IOTHUB_CLIENT_CONFIRMATION_OK"
12081,4019243133,4019243174,1,"IOTHUB_CLIENT_CONFIRMATION_OK"
12082,4019243333,4019243378,1,"IOTHUB_CLIENT_CONFIRMATION_OK"
12083,4019243533,4019243573,1,"IOTHUB_CLIENT_CONFIRMATION_OK"
12084,4019243733,4019243794,1,"IOTHUB_CLIENT_CONFIRMATION_OK"
12085,4019243934,4019243991,1,"IOTHUB_CLIENT_CONFIRMATION_OK"
12086,4019244134,4019244175,1,"IOTHUB_CLIENT_CONFIRMATION_OK"
12087,4019244334,4019244385,1,"IOTHUB_CLIENT_CONFIRMATION_OK"
12088,4019244534,4019244583,1,"IOTHUB_CLIENT_CONFIRMATION_OK"
12089,4019244734,4019244774,1,"IOTHUB_CLIENT_CONFIRMATION_OK"
12090,4019244934,4019244978,1,"IOTHUB_CLIENT_CONFIRMATION_OK"
12091,4019245134,4019245177,1,"IOTHUB_CLIENT_CONFIRMATION_OK"
12092,4019245335,4019245395,1,"IOTHUB_CLIENT_CONFIRMATION_OK"
12093,4019245535,4019245614,1,"IOTHUB_CLIENT_CONFIRMATION_OK"
12094,4019245735,4019245783,1,"IOTHUB_CLIENT_CONFIRMATION_OK"
12095,4019245935,4019245985,1,"IOTHUB_CLIENT_CONFIRMATION_OK"
12096,4019246135,4019246180,1,"IOTHUB_CLIENT_CONFIRMATION_OK"
12097,4019246335,4019246372,1,"IOTHUB_CLIENT_CONFIRMATION_OK"
12098,4019246536,4019246610,1,"IOTHUB_CLIENT_CONFIRMATION_OK"
12099,4019246736,4019246774,1,"IOTHUB_CLIENT_CONFIRMATION_OK"
12100,4019246936,4019246992,1,"IOTHUB_CLIENT_CONFIRMATION_OK"
12101,4019247136,4019247245,1,"IOTHUB_CLIENT_CONFIRMATION_OK"
12102,4019247336,4019247381,1,"IOTHUB_CLIENT_CONFIRMATION_OK"
12103,4019247536,4019247578,1,"IOTHUB_CLIENT_CONFIRMATION_OK"
12104,4019247736,4019247833,1,"IOTHUB_CLIENT_CONFIRMATION_OK"
12105,4019247937,4019247985,1,"IOTHUB_CLIENT_CONFIRMATION_OK"
12106,4019248137,4019248243,1,"IOTHUB_CLIENT_CONFIRMATION_OK"
12107,4019248337,4019248378,1,"IOTHUB_CLIENT_CONFIRMATION_OK"
12108,4019248537,4019248576,1,"IOTHUB_CLIENT_CONFIRMATION_OK"
12109,4019248737,4019248844,1,"IOTHUB_CLIENT_CONFIRMATION_OK"
12110,4019248937,4019248973,1,"IOTHUB_CLIENT_CONFIRMATION_OK"
12111,4019249138,4019249189,1,"IOTHUB_CLIENT_CONFIRMATION_OK"
12112,4019249338,4019249450,1,"IOTHUB_CLIENT_CONFIRMATION_OK"
12113,4019249538,4019249573,1,"IOTHUB_CLIENT_CONFIRMATION_OK"
12114,4019249738,4019249871,1,"IOTHUB_CLIENT_CONFIRMATION_OK"
12115,4019249938,4019249988,1,"IOTHUB_CLIENT_CONFIRMATION_OK"
12116,4019250138,4019250178,1,"IOTHUB_CLIENT_CONFIRMATION_OK"
12117,4019250339,4019250482,1,"IOTHUB_CLIENT_CONFIRMATION_OK"
12118,4019250539,4019250584,1,"IOTHUB_CLIENT_CONFIRMATION_OK"
12119,4019250739,4019250779,1,"IOTHUB_CLIENT_CONFIRMATION_OK"
12120,4019250939,4019251059,1,"IOTHUB_CLIENT_CONFIRMATION_OK"
12121,4019251139,4019251175,1,"IOTHUB_CLIENT_CONFIRMATION_OK"
12122,4019251339,4019251511,1,"IOTHUB_CLIENT_CONFIRMATION_OK"
12123,4019251539,4019251573,1,"IOTHUB_CLIENT_CONFIRMATION_OK"
12124,4019251740,4019251787,1,"IOTHUB_CLIENT_CONFIRMATION_OK"
12125,4019251940,4019251984,1,"IOTHUB_CLIENT_CONFIRMATION_OK"
12126,4019252140,4019252217,1,"IOTHUB_CLIENT_CONFIRMATION_OK"
12127,4019252340,4019252381,1,"IOTHUB_CLIENT_CONFIRMATION_OK"
12128,4019252540,4019252596,1,"IOTHUB_CLIENT_CONFIRMATION_OK"
12129,4019252740,4019252811,1,"IOTHUB_CLIENT_CONFIRMATION_OK"
12130,4019252941,4019252979,1,"IOTHUB_CLIENT_CONFIRMATION_OK"
12131,4019253141,4019253186,1,"IOTHUB_CLIENT_CONFIRMATION_OK"
12132,4019253341,4019253380,1,"IOTHUB_CLIENT_CONFIRMATION_OK"
12133,4019253541,4019253580,1,"IOTHUB_CLIENT_CONFIRMATION_OK"
12134,4019253741,4019253809,1,"IOTHUB_CLIENT_CONFIRMATION_OK"
12135,4019253941,4019253982,1,"IOTHUB_CLIENT_CONFIRMATION_OK"
12136,4019254142,4019254259,1,"IOTHUB_CLIENT_CONFIRMATION_OK"
12137,4019254342,4019254402,1,"IOTHUB_CLIENT_CONFIRMATION_OK"
12138,4019254542,4019254578,1,"IOTHUB_CLIENT_CONFIRMATION_OK"
12139,4019254742,4019254788,1,"IOTHUB_CLIENT_CONFIRMATION_OK"
12140,4019254942,4019254982,1,"IOTHUB_CLIENT_CONFIRMATION_OK"
12141,4019255142,4019255195,1,"IOTHUB_CLIENT_CONFIRMATION_OK"
12142,4019255342,4019255387,1,"IOTHUB_CLIENT_CONFIRMATION_OK"
12143,4019255543,4019255595,1,"IOTHUB_CLIENT_CONFIRMATION_OK"
12144,4019255743,4019255807,1,"IOTHUB_CLIENT_CONFIRMATION_OK"
12145,4019255943,4019255981,1,"IOTHUB_CLIENT_CONFIRMATION_OK"
12146,4019256143,4019256180,1,"IOTHUB_CLIENT_CONFIRMATION_OK"
12147,4019256343,4019256391,1,"IOTHUB_CLIENT_CONFIRMATION_OK"
12148,4019256543,4019256607,1,"IOTHUB_CLIENT_CONFIRMATION_OK"
12149,4019256744,4019256783,1,"IOTHUB_CLIENT_CONFIRMATION_OK"
12150,4019256944,4019256988,1,"IOTHUB_CLIENT_CONFIRMATION_OK"
12151,4019257144,4019257192,1,"IOTHUB_CLIENT_CONFIRMATION_OK"
12152,4019257344,4019257392,1,"IOTHUB_CLIENT_CONFIRMATION_OK"
12153,4019257544,4019257589,1,"IOTHUB_CLIENT_CONFIRMATION_OK"
12154,4019257744,4019257790,1,"IOTHUB_CLIENT_CONFIRMATION_OK"
12155,4019257945,4019258013,1,"IOTHUB_CLIENT_CONFIRMATION_OK"
12156,4019258145,4019258195,1,"IOTHUB_CLIENT_CONFIRMATION_OK"
12157,4019258345,4019258385,1,"IOTHUB_CLIENT_CONFIRMATION_OK"
12158,4019258545,4019258610,1,"IOTHUB_CLIENT_CONFIRMATION_OK"
12159,4019258745,4019258784,1,"IOTHUB_CLIENT_CONFIRMATION_OK"
12160,4019258945,4019259108,1,"IOTHUB_CLIENT_CONFIRMATION_OK"
12161,4019259145,4019259184,1,"IOTHUB_CLIENT_CONFIRMATION_OK"
12162,4019259346,4019259391,1,"IOTHUB_CLIENT_CONFIRMATION_OK"
12163,4019259546,4019259643,1,"IOTHUB_CLIENT_CONFIRMATION_OK"
12164,4019259746,4019259797,1,"IOTHUB_CLIENT_CONFIRMATION_OK"
12165,4019259946,4019259979,1,"IOTHUB_CLIENT_CONFIRMATION_OK"
12166,4019260146,4019260187,1,"IOTHUB_CLIENT_CONFIRMATION_OK"
12167,4019260346,4019260389,1,"IOTHUB_CLIENT_CONFIRMATION_OK"
12168,4019260547,4019260657,1,"IOTHUB_CLIENT_CONFIRMATION_OK"
12169,4019260747,4019260838,1,"IOTHUB_CLIENT_CONFIRMATION_OK"
12170,4019260947,4019260983,1,"IOTHUB_CLIENT_CONFIRMATION_OK"
12171,4019261147,4019261265,1,"IOTHUB_CLIENT_CONFIRMATION_OK"
12172,4019261347,4019261389,1,"IOTHUB_CLIENT_CONFIRMATION_OK"
12173,4019261547,4019261623,1,"IOTHUB_CLIENT_CONFIRMATION_OK"
12174,4019261748,4019261791,1,"IOTHUB_CLIENT_CONFIRMATION_OK"
12175,4019261948,4019262036,1,"IOTHUB_CLIENT_CONFIRMATION_OK"
12176,4019262148,4019262273,1,"IOTHUB_CLIENT_CONFIRMATION_OK"
12177,4019262348,4019262391,1,"IOTHUB_CLIENT_CONFIRMATION_OK"
12178,4019262548,4019262605,1,"IOTHUB_CLIENT_CONFIRMATION_OK"
12179,4019262748,4019262906,1,"IOTHUB_CLIENT_CONFIRMATION_OK"
12180,4019262949,4019262995,1,"IOTHUB_CLIENT_CONFIRMATION_OK"
12181,4019263149,4019263234,1,"IOTHUB_CLIENT_CONFIRMATION_OK"
12182,4019263349,4019263395,1,"IOTHUB_CLIENT_CONFIRMATION_OK"
12183,4019263549,4019263584,1,"IOTHUB_CLIENT_CONFIRMATION_OK"
12184,4019263749,4019263789,1,"IOTHUB_CLIENT_CONFIRMATION_OK"
12185,4019263949,4019263987,1,"IOTHUB_CLIENT_CONFIRMATION_OK"
12186,4019264149,4019264199,1,"IOTHUB_CLIENT_CONFIRMATION_OK"
12187,4019264350,4019264545,1,"IOTHUB_CLIENT_CONFIRMATION_OK"
12188,4019264550,4019264588,1,"IOTHUB_CLIENT_CONFIRMATION_OK"
12189,4019264750,4019264795,1,"IOTHUB_CLIENT_CONFIRMATION_OK"
12190,4019264950,4019265016,1,"IOTHUB_CLIENT_CONFIRMATION_OK"
12191,4019265150,4019265191,1,"IOTHUB_CLIENT_CONFIRMATION_OK"
12192,4019265350,4019265391,1,"IOTHUB_CLIENT_CONFIRMATION_OK"
12193,4019265551,4019265610,1,"IOTHUB_CLIENT_CONFIRMATION_OK"
12194,4019265751,4019265786,1,"IOTHUB_CLIENT_CONFIRMATION_OK"
12195,4019265951,4019265989,1,"IOTHUB_CLIENT_CONFIRMATION_OK"
12196,4019266151,4019266206,1,"IOTHUB_CLIENT_CONFIRMATION_OK"
12197,4019266351,4019266408,1,"IOTHUB_CLIENT_CONFIRMATION_OK"
12198,4019266551,4019266614,1,"IOTHUB_CLIENT_CONFIRMATION_OK"
12199,4019266751,4019266796,1,"IOTHUB_CLIENT_CONFIRMATION_OK"
12200,4019266952,4019266992,1,"IOTHUB_CLIENT_CONFIRMATION_OK"
12201,4019267152,4019267216,1,"IOTHUB_CLIENT_CONFIRMATION_OK"
12202,4019267352,4019267408,1,"IOTHUB_CLIENT_CONFIRMATION_OK"
12203,4019267552,4019267614,1,"IOTHUB_CLIENT_CONFIRMATION_OK"
12204,4019267752,4019267822,1,"IOTHUB_CLIENT_CONFIRMATION_OK"
12205,4019267952,4019268073,1,"IOTHUB_CLIENT_CONFIRMATION_OK"
12206,4019268153,4019268266,1,"IOTHUB_CLIENT_CONFIRMATION_OK"
12207,4019268353,4019268387,1,"IOTHUB_CLIENT_CONFIRMATION_OK"
12208,4019268553,4019268606,1,"IOTHUB_CLIENT_CONFIRMATION_OK"
12209,4019268753,4019268813,1,"IOTHUB_CLIENT_CONFIRMATION_OK"
12210,4019268953,4019268989,1,"IOTHUB_CLIENT_CONFIRMATION_OK"
12211,4019269153,4019269193,1,"IOTHUB_CLIENT_CONFIRMATION_OK"
12212,4019269353,4019269397,1,"IOTHUB_CLIENT_CONFIRMATION_OK"
12213,4019269554,4019269602,1,"IOTHUB_CLIENT_CONFIRMATION_OK"
12214,4019269754,4019269902,1,"IOTHUB_CLIENT_CONFIRMATION_OK"
12215,4019269954,4019269998,1,"IOTHUB_CLIENT_CONFIRMATION_OK"
12216,4019270154,4019270191,1,"IOTHUB_CLIENT_CONFIRMATION_OK"
12217,4019270354,4019270390,1,"IOTHUB_CLIENT_CONFIRMATION_OK"
12218,4019270554,4019270600,1,"IOTHUB_CLIENT_CONFIRMATION_OK"
12219,4019270755,4019270798,1,"IOTHUB_CLIENT_CONFIRMATION_OK"
12220,4019270955,4019270997,1,"IOTHUB_CLIENT_CONFIRMATION_OK"
12221,4019271155,4019271197,1,"IOTHUB_CLIENT_CONFIRMATION_OK"
12222,4019271355,4019271555,1,"IOTHUB_CLIENT_CONFIRMATION_OK"
12223,4019271555,4019271590,1,"IOTHUB_CLIENT_CONFIRMATION_OK"
12224,4019271755,4019271802,1,"IOTHUB_CLIENT_CONFIRMATION_OK"
12225,4019271955,4019271999,1,"IOTHUB_CLIENT_CONFIRMATION_OK"
12226,4019272156,4019272208,1,"IOTHUB_CLIENT_CONFIRMATION_OK"
12227,4019272356,4019272391,1,"IOTHUB_CLIENT_CONFIRMATION_OK"
12228,4019272556,4019272593,1,"IOTHUB_CLIENT_CONFIRMATION_OK"
12229,4019272756,4019272808,1,"IOTHUB_CLIENT_CONFIRMATION_OK"
12230,4019272956,4019273171,1,"IOTHUB_CLIENT_CONFIRMATION_OK"
12231,4019273157,4019273192,1,"IOTHUB_CLIENT_CONFIRMATION_OK"
12232,4019273357,4019273398,1,"IOTHUB_CLIENT_CONFIRMATION_OK"
12233,4019273557,4019273653,1,"IOTHUB_CLIENT_CONFIRMATION_OK"
12234,4019273757,4019273796,1,"IOTHUB_CLIENT_CONFIRMATION_OK"
12235,4019273957,4019274002,1,"IOTHUB_CLIENT_CONFIRMATION_OK"
12236,4019274157,4019274201,1,"IOTHUB_CLIENT_CONFIRMATION_OK"
12237,4019274358,4019274400,1,"IOTHUB_CLIENT_CONFIRMATION_OK"
12238,4019274558,4019274595,1,"IOTHUB_CLIENT_CONFIRMATION_OK"
12239,4019274758,4019274798,1,"IOTHUB_CLIENT_CONFIRMATION_OK"
12240,4019274958,4019275041,1,"IOTHUB_CLIENT_CONFIRMATION_OK"
12241,4019275158,4019275198,1,"IOTHUB_CLIENT_CONFIRMATION_OK"
12242,4019275358,4019275397,1,"IOTHUB_CLIENT_CONFIRMATION_OK"
12243,4019275559,4019275621,1,"IOTHUB_CLIENT_CONFIRMATION_OK"
12244,4019275759,4019275802,1,"IOTHUB_CLIENT_CONFIRMATION_OK"
12245,4019275959,4019276022,1,"IOTHUB_CLIENT_CONFIRMATION_OK"
12246,4019276159,4019276205,1,"IOTHUB_CLIENT_CONFIRMATION_OK"
12247,4019276359,4019276409,1,"IOTHUB_CLIENT_CONFIRMATION_OK"
12248,4019276559,4019276601,1,"IOTHUB_CLIENT_CONFIRMATION_OK"
12249,4019276759,4019276811,1,"IOTHUB_CLIENT_CONFIRMATION_OK"
12250,4019276960,4019277007,1,"IOTHUB_CLIENT_CONFIRMATION_OK"
12251,4019277160,4019277224,1,"IOTHUB_CLIENT_CONFIRMATION_OK"
12252,4019277360,4019277418,1,"IOTHUB_CLIENT_CONFIRMATION_OK"
12253,4019277560,4019277616,1,"IOTHUB_CLIENT_CONFIRMATION_OK"
12254,4019277760,4019277799,1,"IOTHUB_CLIENT_CONFIRMATION_OK"
12255,4019277960,4019278014,1,"IOTHUB_CLIENT_CONFIRMATION_OK"
12256,4019278161,4019278212,1,"IOTHUB_CLIENT_CONFIRMATION_OK"
12257,4019278361,4019278443,1,"IOTHUB_CLIENT_CONFIRMATION_OK"
12258,4019278561,4019278600,1,"IOTHUB_CLIENT_CONFIRMATION_OK"
12259,4019278761,4019278809,1,"IOTHUB_CLIENT_CONFIRMATION_OK"
12260,4019278961,4019279034,1,"IOTHUB_CLIENT_CONFIRMATION_OK"
12261,4019279161,4019279203,1,"IOTHUB_CLIENT_CONFIRMATION_OK"
12262,4019279362,4019279422,1,"IOTHUB_CLIENT_CONFIRMATION_OK"
12263,4019279562,4019279721,1,"IOTHUB_CLIENT_CONFIRMATION_OK"
12264,4019279762,4019279805,1,"IOTHUB_CLIENT_CONFIRMATION_OK"
12265,4019279962,4019279999,1,"IOTHUB_CLIENT_CONFIRMATION_OK"
12266,4019280162,4019280197,1,"IOTHUB_CLIENT_CONFIRMATION_OK"
12267,4019280362,4019280409,1,"IOTHUB_CLIENT_CONFIRMATION_OK"
12268,4019280562,4019280655,1,"IOTHUB_CLIENT_CONFIRMATION_OK"
12269,4019280763,4019280808,1,"IOTHUB_CLIENT_CONFIRMATION_OK"
12270,4019280963,4019281001,1,"IOTHUB_CLIENT_CONFIRMATION_OK"
12271,4019281163,4019281274,1,"IOTHUB_CLIENT_CONFIRMATION_OK"
12272,4019281363,4019281419,1,"IOTHUB_CLIENT_CONFIRMATION_OK"
12273,4019281563,4019281609,1,"IOTHUB_CLIENT_CONFIRMATION_OK"
12274,4019281763,4019281814,1,"IOTHUB_CLIENT_CONFIRMATION_OK"
12275,4019281964,4019282008,1,"IOTHUB_CLIENT_CONFIRMATION_OK"
12276,4019282164,4019282285,1,"IOTHUB_CLIENT_CONFIRMATION_OK"
12277,4019282364,4019282414,1,"IOTHUB_CLIENT_CONFIRMATION_OK"
12278,4019282564,4019282600,1,"IOTHUB_CLIENT_CONFIRMATION_OK"
12279,4019282764,4019282948,1,"IOTHUB_CLIENT_CONFIRMATION_OK"
12280,4019282964,4019283012,1,"IOTHUB_CLIENT_CONFIRMATION_OK"
12281,4019283165,4019283210,1,"IOTHUB_CLIENT_CONFIRMATION_OK"
12282,4019283365,4019283404,1,"IOTHUB_CLIENT_CONFIRMATION_OK"
12283,4019283565,4019283599,1,"IOTHUB_CLIENT_CONFIRMATION_OK"
12284,4019283765,4019283815,1,"IOTHUB_CLIENT_CONFIRMATION_OK"
12285,4019283965,4019284006,1,"IOTHUB_CLIENT_CONFIRMATION_OK"
12286,4019284165,4019284207,1,"IOTHUB_CLIENT_CONFIRMATION_OK"
12287,4019284366,4019284555,1,"IOTHUB_CLIENT_CONFIRMATION_OK"
12288,4019284566,4019284602,1,"IOTHUB_CLIENT_CONFIRMATION_OK"
12289,4019284766,4019284806,1,"IOTHUB_CLIENT_CONFIRMATION_OK"
12290,4019284966,4019285012,1,"IOTHUB_CLIENT_CONFIRMATION_OK"
12291,4019285166,4019285329,1,"IOTHUB_CLIENT_CONFIRMATION_OK"
12292,4019285366,4019285427,1,"IOTHUB_CLIENT_CONFIRMATION_OK"
12293,4019285567,4019285656,1,"IOTHUB_CLIENT_CONFIRMATION_OK"
12294,4019285767,4019285810,1,"IOTHUB_CLIENT_CONFIRMATION_OK"
12295,4019285967,4019286007,1,"IOTHUB_CLIENT_CONFIRMATION_OK"
12296,4019286167,4019286208,1,"IOTHUB_CLIENT_CONFIRMATION_OK"
12297,4019286367,4019286404,1,"IOTHUB_CLIENT_CONFIRMATION_OK"
12298,4019286567,4019286622,1,"IOTHUB_CLIENT_CONFIRMATION_OK"
12299,4019286768,4019286802,1,"IOTHUB_CLIENT_CONFIRMATION_OK"
12300,4019286968,4019287011,1,"IOTHUB_CLIENT_CONFIRMATION_OK"
12301,4019287168,4019287212,1,"IOTHUB_CLIENT_CONFIRMATION_OK"
12302,4019287368,4019287405,1,"IOTHUB_CLIENT_CONFIRMATION_OK"
12303,4019287568,4019287604,1,"IOTHUB_CLIENT_CONFIRMATION_OK"
12304,4019287768,4019287821,1,"IOTHUB_CLIENT_CONFIRMATION_OK"
12305,4019287969,4019288012,1,"IOTHUB_CLIENT_CONFIRMATION_OK"
12306,4019288169,4019288212,1,"IOTHUB_CLIENT_CONFIRMATION_OK"
12307,4019288369,4019288408,1,"IOTHUB_CLIENT_CONFIRMATION_OK"
12308,4019288569,4019288635,1,"IOTHUB_CLIENT_CONFIRMATION_OK"
12309,4019288769,4019288828,1,"IOTHUB_CLIENT_CONFIRMATION_OK"
12310,4019288969,4019289024,1,"IOTHUB_CLIENT_CONFIRMATION_OK"
12311,4019289170,4019289224,1,"IOTHUB_CLIENT_CONFIRMATION_OK"
12312,4019289370,4019289454,1,"IOTHUB_CLIENT_CONFIRMATION_OK"
12313,4019289570,4019289605,1,"IOTHUB_CLIENT_CONFIRMATION_OK"
12314,4019289770,4019289833,1,"IOTHUB_CLIENT_CONFIRMATION_OK"
12315,4019289970,4019290016,1,"IOTHUB_CLIENT_CONFIRMATION_OK"
12316,4019290170,4019290211,1,"IOTHUB_CLIENT_CONFIRMATION_OK"
12317,4019290371,4019290445,1,"IOTHUB_CLIENT_CONFIRMATION_OK"
12318,4019290571,4019290644,1,"IOTHUB_CLIENT_CONFIRMATION_OK"
12319,4019290771,4019290804,1,"IOTHUB_CLIENT_CONFIRMATION_OK"
12320,4019290971,4019291081,1,"IOTHUB_CLIENT_CONFIRMATION_OK"
12321,4019291171,4019291215,1,"IOTHUB_CLIENT_CONFIRMATION_OK"
12322,4019291371,4019291456,1,"IOTHUB_CLIENT_CONFIRMATION_OK"
12323,4019291572,4019291613,1,"IOTHUB_CLIENT_CONFIRMATION_OK"
12324,4019291772,4019291829,1,"IOTHUB_CLIENT_CONFIRMATION_OK"
12325,4019291972,4019292071,1,"IOTHUB_CLIENT_CONFIRMATION_OK"
12326,4019292172,4019292210,1,"IOTHUB_CLIENT_CONFIRMATION_OK"
12327,4019292372,4019292423,1,"IOTHUB_CLIENT_CONFIRMATION_OK"
12328,4019292572,4019292606,1,"IOTHUB_CLIENT_CONFIRMATION_OK"
12329,4019292773,4019292810,1,"IOTHUB_CLIENT_CONFIRMATION_OK"
12330,4019292973,4019293068,1,"IOTHUB_CLIENT_CONFIRMATION_OK"
12331,4019293173,4019293222,1,"IOTHUB_CLIENT_CONFIRMATION_OK"
12332,4019293373,4019293409,1,"IOTHUB_CLIENT_CONFIRMATION_OK"
12333,4019293573,4019293693,1,"IOTHUB_CLIENT_CONFIRMATION_OK"
12334,4019293773,4019293809,1,"IOTHUB_CLIENT_CONFIRMATION_OK"
12335,4019293973,4019294019,1,"IOTHUB_CLIENT_CONFIRMATION_OK"
12336,4019294174,4019294214,1,"IOTHUB_CLIENT_CONFIRMATION_OK"
12337,4019294374,4019294415,1,"IOTHUB_CLIENT_CONFIRMATION_OK"
12338,4019294574,4019294610,1,"IOTHUB_CLIENT_CONFIRMATION_OK"
12339,4019294774,4019294809,1,"IOTHUB_CLIENT_CONFIRMATION_OK"
12340,4019294974,4019295026,1,"IOTHUB_CLIENT_CONFIRMATION_OK"
12341,4019295174,4019295323,1,"IOTHUB_CLIENT_CONFIRMATION_OK"
12342,4019295375,4019295420,1,"IOTHUB_CLIENT_CONFIRMATION_OK"
12343,4019295575,4019295609,1,"IOTHUB_CLIENT_CONFIRMATION_OK"
12344,4019295775,4019295810,1,"IOTHUB_CLIENT_CONFIRMATION_OK"
12345,4019295975,4019296018,1,"IOTHUB_CLIENT_CONFIRMATION_OK"
12346,4019296175,4019296213,1,"IOTHUB_CLIENT_CONFIRMATION_OK"
12347,4019296375,4019296420,1,"IOTHUB_CLIENT_CONFIRMATION_OK"
12348,4019296575,4019296617,1,"IOTHUB_CLIENT_CONFIRMATION_OK"
12349,4019296776,4019296942,1,"IOTHUB_CLIENT_CONFIRMATION_OK"
12350,4019296976,4019297022,1,"IOTHUB_CLIENT_CONFIRMATION_OK"
12351,4019297176,4019297224,1,"IOTHUB_CLIENT_CONFIRMATION_OK"
12352,4019297376,4019297430,1,"IOTHUB_CLIENT_CONFIRMATION_OK"
12353,4019297576,4019297613,1,"IOTHUB_CLIENT_CONFIRMATION_OK"
12354,4019297776,4019297817,1,"IOTHUB_CLIENT_CONFIRMATION_OK"
12355,4019297977,4019298013,1,"IOTHUB_CLIENT_CONFIRMATION_OK"
12356,4019298177,4019298219,1,"IOTHUB_CLIENT_CONFIRMATION_OK"
12357,4019298377,4019298596,1,"IOTHUB_CLIENT_CONFIRMATION_OK"
12358,4019298577,4019298623,1,"IOTHUB_CLIENT_CONFIRMATION_OK"
12359,4019298777,4019298818,1,"IOTHUB_CLIENT_CONFIRMATION_OK"
12360,4019298977,4019299033,1,"IOTHUB_CLIENT_CONFIRMATION_OK"
12361,4019299178,4019299231,1,"IOTHUB_CLIENT_CONFIRMATION_OK"
12362,4019299378,4019299416,1,"IOTHUB_CLIENT_CONFIRMATION_OK"
12363,4019299578,4019299616,1,"IOTHUB_CLIENT_CONFIRMATION_OK"
12364,4019299778,4019299816,1,"IOTHUB_CLIENT_CONFIRMATION_OK"
12365,4019299978,4019300021,1,"IOTHUB_CLIENT_CONFIRMATION_OK"
12366,4019300178,4019300222,1,"IOTHUB_CLIENT_CONFIRMATION_OK"
12367,4019300379,4019300431,1,"IOTHUB_CLIENT_CONFIRMATION_OK"
12368,4019300579,4019300620,1,"IOTHUB_CLIENT_CONFIRMATION_OK"
12369,4019300779,4019300827,1,"IOTHUB_CLIENT_CONFIRMATION_OK"
12370,4019300979,4019301013,1,"IOTHUB_CLIENT_CONFIRMATION_OK"
12371,4019301179,4019301222,1,"IOTHUB_CLIENT_CONFIRMATION_OK"
12372,4019301379,4019301423,1,"IOTHUB_CLIENT_CONFIRMATION_OK"
12373,4019301580,4019301624,1,"IOTHUB_CLIENT_CONFIRMATION_OK"
12374,4019301780,4019301832,1,"IOTHUB_CLIENT_CONFIRMATION_OK"
12375,4019301980,4019302013,1,"IOTHUB_CLIENT_CONFIRMATION_OK"
12376,4019302180,4019302246,1,"IOTHUB_CLIENT_CONFIRMATION_OK"
12377,4019302380,4019302475,1,"IOTHUB_CLIENT_CONFIRMATION_OK"
12378,4019302580,4019302658,1,"IOTHUB_CLIENT_CONFIRMATION_OK"
12379,4019302781,4019302875,1,"IOTHUB_CLIENT_CONFIRMATION_OK"
12380,4019302981,4019303028,1,"IOTHUB_CLIENT_CONFIRMATION_OK"
12381,4019303181,4019303230,1,"IOTHUB_CLIENT_CONFIRMATION_OK"
12382,4019303381,4019303430,1,"IOTHUB_CLIENT_CONFIRMATION_OK"
12383,4019303581,4019303618,1,"IOTHUB_CLIENT_CONFIRMATION_OK"
12384,4019303781,4019303822,1,"IOTHUB_CLIENT_CONFIRMATION_OK"
12385,4019303982,4019304037,1,"IOTHUB_CLIENT_CONFIRMATION_OK"
12386,4019304182,4019304222,1,"IOTHUB_CLIENT_CONFIRMATION_OK"
12387,4019304382,4019304500,1,"IOTHUB_CLIENT_CONFIRMATION_OK"
12388,4019304582,4019304621,1,"IOTHUB_CLIENT_CONFIRMATION_OK"
12389,4019304782,4019304830,1,"IOTHUB_CLIENT_CONFIRMATION_OK"
12390,4019304982,4019305029,1,"IOTHUB_CLIENT_CONFIRMATION_OK"
12391,4019305183,4019305230,1,"IOTHUB_CLIENT_CONFIRMATION_OK"
12392,4019305383,4019305444,1,"IOTHUB_CLIENT_CONFIRMATION_OK"
12393,4019305583,4019305626,1,"IOTHUB_CLIENT_CONFIRMATION_OK"
12394,4019305783,4019305861,1,"IOTHUB_CLIENT_CONFIRMATION_OK"
12395,4019305983,4019306145,1,"IOTHUB_CLIENT_CONFIRMATION_OK"
12396,4019306183,4019306223,1,"IOTHUB_CLIENT_CONFIRMATION_OK"
12397,4019306384,4019306425,1,"IOTHUB_CLIENT_CONFIRMATION_OK"
12398,4019306584,4019306665,1,"IOTHUB_CLIENT_CONFIRMATION_OK"
12399,4019306784,4019306829,1,"IOTHUB_CLIENT_CONFIRMATION_OK"
12400,4019306984,4019307058,1,"IOTHUB_CLIENT_CONFIRMATION_OK"
12401,4019307184,4019307239,1,"IOTHUB_CLIENT_CONFIRMATION_OK"
12402,4019307384,4019307492,1,"IOTHUB_CLIENT_CONFIRMATION_OK"
12403,4019307585,4019307745,1,"IOTHUB_CLIENT_CONFIRMATION_OK"
12404,4019307785,4019307832,1,"IOTHUB_CLIENT_CONFIRMATION_OK"
12405,4019307985,4019308028,1,"IOTHUB_CLIENT_CONFIRMATION_OK"
12406,4019308185,4019308224,1,"IOTHUB_CLIENT_CONFIRMATION_OK"
12407,4019308385,4019308421,1,"IOTHUB_CLIENT_CONFIRMATION_OK"
12408,4019308585,4019308623,1,"IOTHUB_CLIENT_CONFIRMATION_OK"
12409,4019308786,4019308825,1,"IOTHUB_CLIENT_CONFIRMATION_OK"
12410,4019308986,4019309019,1,"IOTHUB_CLIENT_CONFIRMATION_OK"
12411,4019309186,4019309364,1,"IOTHUB_CLIENT_CONFIRMATION_OK"
12412,4019309386,4019309498,1,"IOTHUB_CLIENT_CONFIRMATION_OK"
12413,4019309586,4019309644,1,"IOTHUB_CLIENT_CONFIRMATION_OK"
12414,4019309786,4019309823,1,"IOTHUB_CLIENT_CONFIRMATION_OK"
12415,4019309986,4019310020,1,"IOTHUB_CLIENT_CONFIRMATION_OK"
12416,4019310187,4019310225,1,"IOTHUB_CLIENT_CONFIRMATION_OK"
12417,4019310387,4019310431,1,"IOTHUB_CLIENT_CONFIRMATION_OK"
12418,4019310587,4019310643,1,"IOTHUB_CLIENT_CONFIRMATION_OK"
12419,4019310787,4019310829,1,"IOTHUB_CLIENT_CONFIRMATION_OK"
12420,4019310987,4019311050,1,"IOTHUB_CLIENT_CONFIRMATION_OK"
12421,4019311187,4019311251,1,"IOTHUB_CLIENT_CONFIRMATION_OK"
12422,4019311388,4019311427,1,"IOTHUB_CLIENT_CONFIRMATION_OK"
12423,4019311588,4019311625,1,"IOTHUB_CLIENT_CONFIRMATION_OK"
12424,4019311788,4019311830,1,"IOTHUB_CLIENT_CONFIRMATION_OK"
12425,4019311988,4019312186,1,"IOTHUB_CLIENT_CONFIRMATION_OK"
12426,4019312188,4019312250,1,"IOTHUB_CLIENT_CONFIRMATION_OK"
12427,4019312388,4019312451,1,"IOTHUB_CLIENT_CONFIRMATION_OK"
12428,4019312589,4019312627,1,"IOTHUB_CLIENT_CONFIRMATION_OK"
12429,4019312789,4019312856,1,"IOTHUB_CLIENT_CONFIRMATION_OK"
12430,4019312989,4019313090,1,"IOTHUB_CLIENT_CONFIRMATION_OK"
12431,4019313189,4019313227,1,"IOTHUB_CLIENT_CONFIRMATION_OK"
12432,4019313389,4019313432,1,"IOTHUB_CLIENT_CONFIRMATION_OK"
12433,4019313589,4019313692,1,"IOTHUB_CLIENT_CONFIRMATION_OK"
12434,4019313789,4019313830,1,"IOTHUB_CLIENT_CONFIRMATION_OK"
12435,4019313990,4019314028,1,"IOTHUB_CLIENT_CONFIRMATION_OK"
12436,4019314190,4019314244,1,"IOTHUB_CLIENT_CONFIRMATION_OK"
12437,4019314390,4019314423,1,"IOTHUB_CLIENT_CONFIRMATION_OK"
12438,4019314590,4019314711,1,"IOTHUB_CLIENT_CONFIRMATION_OK"
12439,4019314790,4019314828,1,"IOTHUB_CLIENT_CONFIRMATION_OK"
12440,4019314990,4019315029,1,"IOTHUB_CLIENT_CONFIRMATION_OK"
12441,4019315191,4019315372,1,"IOTHUB_CLIENT_CONFIRMATION_OK"
12442,4019315391,4019315426,1,"IOTHUB_CLIENT_CONFIRMATION_OK"
12443,4019315591,4019315647,1,"IOTHUB_CLIENT_CONFIRMATION_OK"
12444,4019315791,4019315846,1,"IOTHUB_CLIENT_CONFIRMATION_OK"
12445,4019315991,4019316026,1,"IOTHUB_CLIENT_CONFIRMATION_OK"
12446,4019316191,4019316236,1,"IOTHUB_CLIENT_CONFIRMATION_OK"
12447,4019316392,4019316447,1,"IOTHUB_CLIENT_CONFIRMATION_OK"
12448,4019316592,4019316756,1,"IOTHUB_CLIENT_CONFIRMATION_OK"
12449,4019316792,4019316986,1,"IOTHUB_CLIENT_CONFIRMATION_OK"
12450,4019316992,4019317029,1,"IOTHUB_CLIENT_CONFIRMATION_OK"
12451,4019317192,4019317244,1,"IOTHUB_CLIENT_CONFIRMATION_OK"
12452,4019317392,4019317435,1,"IOTHUB_CLIENT_CONFIRMATION_OK"
12453,4019317592,4019317629,1,"IOTHUB_CLIENT_CONFIRMATION_OK"
12454,4019317793,4019317831,1,"IOTHUB_CLIENT_CONFIRMATION_OK"
12455,4019317993,4019318030,1,"IOTHUB_CLIENT_CONFIRMATION_OK"
12456,4019318193,4019318230,1,"IOTHUB_CLIENT_CONFIRMATION_OK"
12457,4019318393,4019318430,1,"IOTHUB_CLIENT_CONFIRMATION_OK"
12458,4019318593,4019318634,1,"IOTHUB_CLIENT_CONFIRMATION_OK"
12459,4019318793,4019318830,1,"IOTHUB_CLIENT_CONFIRMATION_OK"
12460,4019318994,4019319040,1,"IOTHUB_CLIENT_CONFIRMATION_OK"
12461,4019319194,4019319228,1,"IOTHUB_CLIENT_CONFIRMATION_OK"
12462,4019319394,4019319441,1,"IOTHUB_CLIENT_CONFIRMATION_OK"
12463,4019319594,4019319642,1,"IOTHUB_CLIENT_CONFIRMATION_OK"
12464,4019319794,4019319830,1,"IOTHUB_CLIENT_CONFIRMATION_OK"
12465,4019319995,4019320036,1,"IOTHUB_CLIENT_CONFIRMATION_OK"
12466,4019320195,4019320229,1,"IOTHUB_CLIENT_CONFIRMATION_OK"
12467,4019320395,4019320430,1,"IOTHUB_CLIENT_CONFIRMATION_OK"
12468,4019320595,4019320747,1,"IOTHUB_CLIENT_CONFIRMATION_OK"
12469,4019320795,4019320840,1,"IOTHUB_CLIENT_CONFIRMATION_OK"
12470,4019320995,4019321032,1,"IOTHUB_CLIENT_CONFIRMATION_OK"
12471,4019321195,4019321264,1,"IOTHUB_CLIENT_CONFIRMATION_OK"
12472,4019321396,4019321447,1,"IOTHUB_CLIENT_CONFIRMATION_OK"
12473,4019321596,4019321629,1,"IOTHUB_CLIENT_CONFIRMATION_OK"
12474,4019321796,4019321841,1,"IOTHUB_CLIENT_CONFIRMATION_OK"
12475,4019321996,4019322033,1,"IOTHUB_CLIENT_CONFIRMATION_OK"
12476,4019322196,4019322345,1,"IOTHUB_CLIENT_CONFIRMATION_OK"
12477,4019322396,4019322450,1,"IOTHUB_CLIENT_CONFIRMATION_OK"
12478,4019322597,4019322633,1,"IOTHUB_CLIENT_CONFIRMATION_OK"
12479,4019322797,4019322836,1,"IOTHUB_CLIENT_CONFIRMATION_OK"
12480,4019322997,4019323041,1,"IOTHUB_CLIENT_CONFIRMATION_OK"
12481,4019323197,4019323233,1,"IOTHUB_CLIENT_CONFIRMATION_OK"
12482,4019323397,4019323442,1,"IOTHUB_CLIENT_CONFIRMATION_OK"
12483,4019323597,4019323698,1,"IOTHUB_CLIENT_CONFIRMATION_OK"
12484,4019323798,4019323998,1,"IOTHUB_CLIENT_CONFIRMATION_OK"
12485,4019323998,4019324037,1,"IOTHUB_CLIENT_CONFIRMATION_OK"
12486,4019324198,4019324243,1,"IOTHUB_CLIENT_CONFIRMATION_OK"
12487,4019324398,4019324442,1,"IOTHUB_CLIENT_CONFIRMATION_OK"
12488,4019324598,4019324636,1,"IOTHUB_CLIENT_CONFIRMATION_OK"
12489,4019324798,4019324839,1,"IOTHUB_CLIENT_CONFIRMATION_OK"
12490,4019324999,4019325034,1,"IOTHUB_CLIENT_CONFIRMATION_OK"
12491,4019325199,4019325234,1,"IOTHUB_CLIENT_CONFIRMATION_OK"
12492,4019325399,4019325640,1,"IOTHUB_CLIENT_CONFIRMATION_OK"
12493,4019325599,4019325668,1,"IOTHUB_CLIENT_CONFIRMATION_OK"
12494,4019325799,4019325843,1,"IOTHUB_CLIENT_CONFIRMATION_OK"
12495,4019325999,4019326037,1,"IOTHUB_CLIENT_CONFIRMATION_OK"
12496,4019326199,4019326235,1,"IOTHUB_CLIENT_CONFIRMATION_OK"
12497,4019326400,4019326437,1,"IOTHUB_CLIENT_CONFIRMATION_OK"
12498,4019326600,4019326638,1,"IOTHUB_CLIENT_CONFIRMATION_OK"
12499,4019326800,4019326847,1,"IOTHUB_CLIENT_CONFIRMATION_OK"
12500,4019327000,4019327037,1,"IOTHUB_CLIENT_CONFIRMATION_OK"
12501,4019327200,4019327265,1,"IOTHUB_CLIENT_CONFIRMATION_OK"
12502,4019327400,4019327438,1,"IOTHUB_CLIENT_CONFIRMATION_OK"
12503,4019327601,4019327663,1,"IOTHUB_CLIENT_CONFIRMATION_OK"
12504,4019327801,4019327853,1,"IOTHUB_CLIENT_CONFIRMATION_OK"
12505,4019328001,4019328044,1,"IOTHUB_CLIENT_CONFIRMATION_OK"
12506,4019328201,4019328281,1,"IOTHUB_CLIENT_CONFIRMATION_OK"
12507,4019328401,4019328444,1,"IOTHUB_CLIENT_CONFIRMATION_OK"
12508,4019328601,4019328640,1,"IOTHUB_CLIENT_CONFIRMATION_OK"
12509,4019328802,4019328843,1,"IOTHUB_CLIENT_CONFIRMATION_OK"
12510,4019329002,4019329040,1,"IOTHUB_CLIENT_CONFIRMATION_OK"
12511,4019329202,4019329295,1,"IOTHUB_CLIENT_CONFIRMATION_OK"
12512,4019329402,4019329443,1,"IOTHUB_CLIENT_CONFIRMATION_OK"
12513,4019329602,4019329646,1,"IOTHUB_CLIENT_CONFIRMATION_OK"
12514,4019329802,4019329904,1,"IOTHUB_CLIENT_CONFIRMATION_OK"
12515,4019330003,4019330040,1,"IOTHUB_CLIENT_CONFIRMATION_OK"
12516,4019330203,4019330243,1,"IOTHUB_CLIENT_CONFIRMATION_OK"
12517,4019330403,4019330547,1,"IOTHUB_CLIENT_CONFIRMATION_OK"
12518,4019330603,4019330645,1,"IOTHUB_CLIENT_CONFIRMATION_OK"
12519,4019330803,4019330966,1,"IOTHUB_CLIENT_CONFIRMATION_OK"
12520,4019331003,4019331071,1,"IOTHUB_CLIENT_CONFIRMATION_OK"
12521,4019331203,4019331238,1,"IOTHUB_CLIENT_CONFIRMATION_OK"
12522,4019331404,4019331443,1,"IOTHUB_CLIENT_CONFIRMATION_OK"
12523,4019331604,4019331650,1,"IOTHUB_CLIENT_CONFIRMATION_OK"
12524,4019331804,4019331856,1,"IOTHUB_CLIENT_CONFIRMATION_OK"
12525,4019332004,4019332073,1,"IOTHUB_CLIENT_CONFIRMATION_OK"
12526,4019332204,4019332251,1,"IOTHUB_CLIENT_CONFIRMATION_OK"
12527,4019332404,4019332621,1,"IOTHUB_CLIENT_CONFIRMATION_OK"
12528,4019332605,4019332653,1,"IOTHUB_CLIENT_CONFIRMATION_OK"
12529,4019332805,4019332847,1,"IOTHUB_CLIENT_CONFIRMATION_OK"
12530,4019333005,4019333054,1,"IOTHUB_CLIENT_CONFIRMATION_OK"
12531,4019333205,4019333268,1,"IOTHUB_CLIENT_CONFIRMATION_OK"
12532,4019333405,4019333451,1,"IOTHUB_CLIENT_CONFIRMATION_OK"
12533,4019333605,4019333676,1,"IOTHUB_CLIENT_CONFIRMATION_OK"
12534,4019333806,4019333845,1,"IOTHUB_CLIENT_CONFIRMATION_OK"
12535,4019334006,4019334071,1,"IOTHUB_CLIENT_CONFIRMATION_OK"
12536,4019334206,4019334253,1,"IOTHUB_CLIENT_CONFIRMATION_OK"
12537,4019334406,4019334462,1,"IOTHUB_CLIENT_CONFIRMATION_OK"
12538,4019334606,4019334684,1,"IOTHUB_CLIENT_CONFIRMATION_OK"
12539,4019334806,4019334845,1,"IOTHUB_CLIENT_CONFIRMATION_OK"
12540,4019335006,4019335051,1,"IOTHUB_CLIENT_CONFIRMATION_OK"
12541,4019335207,4019335295,1,"IOTHUB_CLIENT_CONFIRMATION_OK"
12542,4019335407,4019335473,1,"IOTHUB_CLIENT_CONFIRMATION_OK"
12543,4019335607,4019335652,1,"IOTHUB_CLIENT_CONFIRMATION_OK"
12544,4019335807,4019335875,1,"IOTHUB_CLIENT_CONFIRMATION_OK"
12545,4019336007,4019336063,1,"IOTHUB_CLIENT_CONFIRMATION_OK"
12546,4019336207,4019336291,1,"IOTHUB_CLIENT_CONFIRMATION_OK"
12547,4019336408,4019336465,1,"IOTHUB_CLIENT_CONFIRMATION_OK"
12548,4019336608,4019336669,1,"IOTHUB_CLIENT_CONFIRMATION_OK"
12549,4019336808,4019336915,1,"IOTHUB_CLIENT_CONFIRMATION_OK"
12550,4019337008,4019337081,1,"IOTHUB_CLIENT_CONFIRMATION_OK"
12551,4019337208,4019337275,1,"IOTHUB_CLIENT_CONFIRMATION_OK"
12552,4019337409,4019337479,1,"IOTHUB_CLIENT_CONFIRMATION_OK"
12553,4019337609,4019337652,1,"IOTHUB_CLIENT_CONFIRMATION_OK"
12554,4019337809,4019337860,1,"IOTHUB_CLIENT_CONFIRMATION_OK"
12555,4019338009,4019338044,1,"IOTHUB_CLIENT_CONFIRMATION_OK"
12556,4019338209,4019338247,1,"IOTHUB_CLIENT_CONFIRMATION_OK"
12557,4019338409,4019338564,1,"IOTHUB_CLIENT_CONFIRMATION_OK"
12558,4019338609,4019338661,1,"IOTHUB_CLIENT_CONFIRMATION_OK"
12559,4019338810,4019338852,1,"IOTHUB_CLIENT_CONFIRMATION_OK"
12560,4019339010,4019339045,1,"IOTHUB_CLIENT_CONFIRMATION_OK"
12561,4019339210,4019339250,1,"IOTHUB_CLIENT_CONFIRMATION_OK"
12562,4019339410,4019339453,1,"IOTHUB_CLIENT_CONFIRMATION_OK"
12563,4019339610,4019339648,1,"IOTHUB_CLIENT_CONFIRMATION_OK"
12564,4019339810,4019339853,1,"IOTHUB_CLIENT_CONFIRMATION_OK"
12565,4019340011,4019340177,1,"IOTHUB_CLIENT_CONFIRMATION_OK"
12566,4019340211,4019340250,1,"IOTHUB_CLIENT_CONFIRMATION_OK"
12567,4019340411,4019340453,1,"IOTHUB_CLIENT_CONFIRMATION_OK"
12568,4019340611,4019340701,1,"IOTHUB_CLIENT_CONFIRMATION_OK"
12569,4019340811,4019340883,1,"IOTHUB_CLIENT_CONFIRMATION_OK"
12570,4019341011,4019341047,1,"IOTHUB_CLIENT_CONFIRMATION_OK"
12571,4019341212,4019341274,1,"IOTHUB_CLIENT_CONFIRMATION_OK"
12572,4019341412,4019341456,1,"IOTHUB_CLIENT_CONFIRMATION_OK"
12573,4019341612,4019341784,1,"IOTHUB_CLIENT_CONFIRMATION_OK"
12574,4019341812,4019341877,1,"IOTHUB_CLIENT_CONFIRMATION_OK"
12575,4019342012,4019342055,1,"IOTHUB_CLIENT_CONFIRMATION_OK"
12576,4019342212,4019342251,1,"IOTHUB_CLIENT_CONFIRMATION_OK"
12577,4019342413,4019342456,1,"IOTHUB_CLIENT_CONFIRMATION_OK"
12578,4019342613,4019342653,1,"IOTHUB_CLIENT_CONFIRMATION_OK"
12579,4019342813,4019342844,1,"IOTHUB_CLIENT_CONFIRMATION_OK"
12580,4019343013,4019343050,1,"IOTHUB_CLIENT_CONFIRMATION_OK"
12581,4019343213,4019343277,1,"IOTHUB_CLIENT_CONFIRMATION_OK"
12582,4019343413,4019343464,1,"IOTHUB_CLIENT_CONFIRMATION_OK"
12583,4019343613,4019343649,1,"IOTHUB_CLIENT_CONFIRMATION_OK"
12584,4019343814,4019343863,1,"IOTHUB_CLIENT_CONFIRMATION_OK"
12585,4019344014,4019344054,1,"IOTHUB_CLIENT_CONFIRMATION_OK"
12586,4019344214,4019344266,1,"IOTHUB_CLIENT_CONFIRMATION_OK"
12587,4019344414,4019344466,1,"IOTHUB_CLIENT_CONFIRMATION_OK"
12588,4019344614,4019344657,1,"IOTHUB_CLIENT_CONFIRMATION_OK"
12589,4019344814,4019344857,1,"IOTHUB_CLIENT_CONFIRMATION_OK"
12590,4019345015,4019345053,1,"IOTHUB_CLIENT_CONFIRMATION_OK"
12591,4019345215,4019345273,1,"IOTHUB_CLIENT_CONFIRMATION_OK"
12592,4019345415,4019345473,1,"IOTHUB_CLIENT_CONFIRMATION_OK"
12593,4019345615,4019345646,1,"IOTHUB_CLIENT_CONFIRMATION_OK"
12594,4019345815,4019345881,1,"IOTHUB_CLIENT_CONFIRMATION_OK"
12595,4019346015,4019346081,1,"IOTHUB_CLIENT_CONFIRMATION_OK"
12596,4019346215,4019346287,1,"IOTHUB_CLIENT_CONFIRMATION_OK"
12597,4019346416,4019346604,1,"IOTHUB_CLIENT_CONFIRMATION_OK"
12598,4019346616,4019346708,1,"IOTHUB_CLIENT_CONFIRMATION_OK"
12599,4019346816,4019346854,1,"IOTHUB_CLIENT_CONFIRMATION_OK"
12600,4019347016,4019347060,1,"IOTHUB_CLIENT_CONFIRMATION_OK"
12601,4019347216,4019347258,1,"IOTHUB_CLIENT_CONFIRMATION_OK"
12602,4019347416,4019347448,1,"IOTHUB_CLIENT_CONFIRMATION_OK"
12603,4019347617,4019347729,1,"IOTHUB_CLIENT_CONFIRMATION_OK"
12604,4019347817,4019347884,1,"IOTHUB_CLIENT_CONFIRMATION_OK"
12605,4019348017,4019348056,1,"IOTHUB_CLIENT_CONFIRMATION_OK"
12606,4019348217,4019348296,1,"IOTHUB_CLIENT_CONFIRMATION_OK"
12607,4019348417,4019348460,1,"IOTHUB_CLIENT_CONFIRMATION_OK"
12608,4019348617,4019348658,1,"IOTHUB_CLIENT_CONFIRMATION_OK"
12609,4019348817,4019348865,1,"IOTHUB_CLIENT_CONFIRMATION_OK"
12610,4019349018,4019349056,1,"IOTHUB_CLIENT_CONFIRMATION_OK"
12611,4019349218,4019349315,1,"IOTHUB_CLIENT_CONFIRMATION_OK"
12612,4019349418,4019349462,1,"IOTHUB_CLIENT_CONFIRMATION_OK"
12613,4019349618,4019349708,1,"IOTHUB_CLIENT_CONFIRMATION_OK"
12614,4019349818,4019349971,1,"IOTHUB_CLIENT_CONFIRMATION_OK"
12615,4019350018,4019350053,1,"IOTHUB_CLIENT_CONFIRMATION_OK"
12616,4019350219,4019350255,1,"IOTHUB_CLIENT_CONFIRMATION_OK"
12617,4019350419,4019350458,1,"IOTHUB_CLIENT_CONFIRMATION_OK"
12618,4019350619,4019350668,1,"IOTHUB_CLIENT_CONFIRMATION_OK"
12619,4019350819,4019350935,1,"IOTHUB_CLIENT_CONFIRMATION_OK"
12620,4019351019,4019351056,1,"IOTHUB_CLIENT_CONFIRMATION_OK"
12621,4019351219,4019351318,1,"IOTHUB_CLIENT_CONFIRMATION_OK"
12622,4019351420,4019351557,1,"IOTHUB_CLIENT_CONFIRMATION_OK"
12623,4019351620,4019351664,1,"IOTHUB_CLIENT_CONFIRMATION_OK"
12624,4019351820,4019351855,1,"IOTHUB_CLIENT_CONFIRMATION_OK"
12625,4019352020,4019352068,1,"IOTHUB_CLIENT_CONFIRMATION_OK"
12626,4019352220,4019352289,1,"IOTHUB_CLIENT_CONFIRMATION_OK"
12627,4019352420,4019352548,1,"IOTHUB_CLIENT_CONFIRMATION_OK"
12628,4019352621,4019352666,1,"IOTHUB_CLIENT_CONFIRMATION_OK"
12629,4019352821,4019352855,1,"IOTHUB_CLIENT_CONFIRMATION_OK"
12630,4019353021,4019353183,1,"IOTHUB_CLIENT_CONFIRMATION_OK"
12631,4019353221,4019353265,1,"IOTHUB_CLIENT_CONFIRMATION_OK"
12632,4019353421,4019353482,1,"IOTHUB_CLIENT_CONFIRMATION_OK"
12633,4019353621,4019353727,1,"IOTHUB_CLIENT_CONFIRMATION_OK"
12634,4019353822,4019354021,1,"IOTHUB_CLIENT_CONFIRMATION_OK"
12635,4019354022,4019354070,1,"IOTHUB_CLIENT_CONFIRMATION_OK"
12636,4019354222,4019354270,1,"IOTHUB_CLIENT_CONFIRMATION_OK"
12637,4019354422,4019354458,1,"IOTHUB_CLIENT_CONFIRMATION_OK"
12638,4019354622,4019354819,1,"IOTHUB_CLIENT_CONFIRMATION_OK"
12639,4019354822,4019354875,1,"IOTHUB_CLIENT_CONFIRMATION_OK"
12640,4019355023,4019355062,1,"IOTHUB_CLIENT_CONFIRMATION_OK"
12641,4019355223,4019355275,1,"IOTHUB_CLIENT_CONFIRMATION_OK"
12642,4019355423,4019355476,1,"IOTHUB_CLIENT_CONFIRMATION_OK"
12643,4019355623,4019355661,1,"IOTHUB_CLIENT_CONFIRMATION_OK"
12644,4019355823,4019355881,1,"IOTHUB_CLIENT_CONFIRMATION_OK"
12645,4019356023,4019356066,1,"IOTHUB_CLIENT_CONFIRMATION_OK"
12646,4019356223,4019356283,1,"IOTHUB_CLIENT_CONFIRMATION_OK"
12647,4019356424,4019356480,1,"IOTHUB_CLIENT_CONFIRMATION_OK"
12648,4019356624,4019356675,1,"IOTHUB_CLIENT_CONFIRMATION_OK"
12649,4019356824,4019356868,1,"IOTHUB_CLIENT_CONFIRMATION_OK"
12650,4019357024,4019357067,1,"IOTHUB_CLIENT_CONFIRMATION_OK"
12651,4019357224,4019357266,1,"IOTHUB_CLIENT_CONFIRMATION_OK"
12652,4019357424,4019357466,1,"IOTHUB_CLIENT_CONFIRMATION_OK"
12653,4019357625,4019357666,1,"IOTHUB_CLIENT_CONFIRMATION_OK"
12654,4019357825,4019357877,1,"IOTHUB_CLIENT_CONFIRMATION_OK"
12655,4019358025,4019358060,1,"IOTHUB_CLIENT_CONFIRMATION_OK"
12656,4019358225,4019358265,1,"IOTHUB_CLIENT_CONFIRMATION_OK"
12657,4019358425,4019358482,1,"IOTHUB_CLIENT_CONFIRMATION_OK"
12658,4019358625,4019358662,1,"IOTHUB_CLIENT_CONFIRMATION_OK"
12659,4019358826,4019358862,1,"IOTHUB_CLIENT_CONFIRMATION_OK"
12660,4019359026,4019359104,1,"IOTHUB_CLIENT_CONFIRMATION_OK"
12661,4019359226,4019359307,1,"IOTHUB_CLIENT_CONFIRMATION_OK"
12662,4019359426,4019359468,1,"IOTHUB_CLIENT_CONFIRMATION_OK"
12663,4019359626,4019359741,1,"IOTHUB_CLIENT_CONFIRMATION_OK"
12664,4019359826,4019359871,1,"IOTHUB_CLIENT_CONFIRMATION_OK"
12665,4019360026,4019360165,1,"IOTHUB_CLIENT_CONFIRMATION_OK"
12666,4019360227,4019360280,1,"IOTHUB_CLIENT_CONFIRMATION_OK"
12667,4019360427,4019360462,1,"IOTHUB_CLIENT_CONFIRMATION_OK"
12668,4019360627,4019360678,1,"IOTHUB_CLIENT_CONFIRMATION_OK"
12669,4019360827,4019360870,1,"IOTHUB_CLIENT_CONFIRMATION_OK"
12670,4019361027,4019361073,1,"IOTHUB_CLIENT_CONFIRMATION_OK"
12671,4019361227,4019361263,1,"IOTHUB_CLIENT_CONFIRMATION_OK"
12672,4019361428,4019361489,1,"IOTHUB_CLIENT_CONFIRMATION_OK"
12673,4019361628,4019361783,1,"IOTHUB_CLIENT_CONFIRMATION_OK"
12674,4019361828,4019361870,1,"IOTHUB_CLIENT_CONFIRMATION_OK"
12675,4019362028,4019362073,1,"IOTHUB_CLIENT_CONFIRMATION_OK"
12676,4019362228,4019362265,1,"IOTHUB_CLIENT_CONFIRMATION_OK"
12677,4019362428,4019362499,1,"IOTHUB_CLIENT_CONFIRMATION_OK"
12678,4019362629,4019362669,1,"IOTHUB_CLIENT_CONFIRMATION_OK"
12679,4019362829,4019362869,1,"IOTHUB_CLIENT_CONFIRMATION_OK"
12680,4019363029,4019363087,1,"IOTHUB_CLIENT_CONFIRMATION_OK"
12681,4019363229,4019363443,1,"IOTHUB_CLIENT_CONFIRMATION_OK"
12682,4019363429,4019363465,1,"IOTHUB_CLIENT_CONFIRMATION_OK"
12683,4019363629,4019363677,1,"IOTHUB_CLIENT_CONFIRMATION_OK"
12684,4019363830,4019363903,1,"IOTHUB_CLIENT_CONFIRMATION_OK"
12685,4019364030,4019364072,1,"IOTHUB_CLIENT_CONFIRMATION_OK"
12686,4019364230,4019364270,1,"IOTHUB_CLIENT_CONFIRMATION_OK"
12687,4019364430,4019364501,1,"IOTHUB_CLIENT_CONFIRMATION_OK"
12688,4019364630,4019364673,1,"IOTHUB_CLIENT_CONFIRMATION_OK"
12689,4019364830,4019364897,1,"IOTHUB_CLIENT_CONFIRMATION_OK"
12690,4019365031,4019365083,1,"IOTHUB_CLIENT_CONFIRMATION_OK"
12691,4019365231,4019365267,1,"IOTHUB_CLIENT_CONFIRMATION_OK"
12692,4019365431,4019365507,1,"IOTHUB_CLIENT_CONFIRMATION_OK"
12693,4019365631,4019365674,1,"IOTHUB_CLIENT_CONFIRMATION_OK"
12694,4019365831,4019365865,1,"IOTHUB_CLIENT_CONFIRMATION_OK"
12695,4019366031,4019366126,1,"IOTHUB_CLIENT_CONFIRMATION_OK"
12696,4019366232,4019366274,1,"IOTHUB_CLIENT_CONFIRMATION_OK"
12697,4019366432,4019366477,1,"IOTHUB_CLIENT_CONFIRMATION_OK"
12698,4019366632,4019366669,1,"IOTHUB_CLIENT_CONFIRMATION_OK"
12699,4019366832,4019366874,1,"IOTHUB_CLIENT_CONFIRMATION_OK"
12700,4019367032,4019367153,1,"IOTHUB_CLIENT_CONFIRMATION_OK"
12701,4019367232,4019367271,1,"IOTHUB_CLIENT_CONFIRMATION_OK"
12702,4019367433,4019367473,1,"IOTHUB_CLIENT_CONFIRMATION_OK"
12703,4019367633,4019367766,1,"IOTHUB_CLIENT_CONFIRMATION_OK"
12704,4019367833,4019367889,1,"IOTHUB_CLIENT_CONFIRMATION_OK"
12705,4019368033,4019368069,1,"IOTHUB_CLIENT_CONFIRMATION_OK"
12706,4019368233,4019368382,1,"IOTHUB_CLIENT_CONFIRMATION_OK"
12707,4019368433,4019368469,1,"IOTHUB_CLIENT_CONFIRMATION_OK"
12708,4019368633,4019368775,1,"IOTHUB_CLIENT_CONFIRMATION_OK"
12709,4019368834,4019368876,1,"IOTHUB_CLIENT_CONFIRMATION_OK"
12710,4019369034,4019369075,1,"IOTHUB_CLIENT_CONFIRMATION_OK"
12711,4019369234,4019369376,1,"IOTHUB_CLIENT_CONFIRMATION_OK"
12712,4019369434,4019369478,1,"IOTHUB_CLIENT_CONFIRMATION_OK"
12713,4019369634,4019369702,1,"IOTHUB_CLIENT_CONFIRMATION_OK"
12714,4019369834,4019369877,1,"IOTHUB_CLIENT_CONFIRMATION_OK"
12715,4019370035,4019370138,1,"IOTHUB_CLIENT_CONFIRMATION_OK"
12716,4019370235,4019370355,1,"IOTHUB_CLIENT_CONFIRMATION_OK"
12717,4019370435,4019370475,1,"IOTHUB_CLIENT_CONFIRMATION_OK"
12718,4019370635,4019370679,1,"IOTHUB_CLIENT_CONFIRMATION_OK"
12719,4019370835,4019371086,1,"IOTHUB_CLIENT_CONFIRMATION_OK"
12720,4019371035,4019371115,1,"IOTHUB_CLIENT_CONFIRMATION_OK"
12721,4019371236,4019371276,1,"IOTHUB_CLIENT_CONFIRMATION_OK"
12722,4019371436,4019371501,1,"IOTHUB_CLIENT_CONFIRMATION_OK"
12723,4019371636,4019371679,1,"IOTHUB_CLIENT_CONFIRMATION_OK"
12724,4019371836,4019371874,1,"IOTHUB_CLIENT_CONFIRMATION_OK"
12725,4019372036,4019372084,1,"IOTHUB_CLIENT_CONFIRMATION_OK"
12726,4019372236,4019372282,1,"IOTHUB_CLIENT_CONFIRMATION_OK"
12727,4019372436,4019372473,1,"IOTHUB_CLIENT_CONFIRMATION_OK"
12728,4019372637,4019372689,1,"IOTHUB_CLIENT_CONFIRMATION_OK"
12729,4019372837,4019372890,1,"IOTHUB_CLIENT_CONFIRMATION_OK"
12730,4019373037,4019373088,1,"IOTHUB_CLIENT_CONFIRMATION_OK"
12731,4019373237,4019373319,1,"IOTHUB_CLIENT_CONFIRMATION_OK"
12732,4019373437,4019373486,1,"IOTHUB_CLIENT_CONFIRMATION_OK"
12733,4019373637,4019373674,1,"IOTHUB_CLIENT_CONFIRMATION_OK"
12734,4019373838,4019373877,1,"IOTHUB_CLIENT_CONFIRMATION_OK"
12735,4019374038,4019374087,1,"IOTHUB_CLIENT_CONFIRMATION_OK"
12736,4019374238,4019374275,1,"IOTHUB_CLIENT_CONFIRMATION_OK"
12737,4019374438,4019374477,1,"IOTHUB_CLIENT_CONFIRMATION_OK"
12738,4019374638,4019374679,1,"IOTHUB_CLIENT_CONFIRMATION_OK"
12739,4019374838,4019374876,1,"IOTHUB_CLIENT_CONFIRMATION_OK"
12740,4019375039,4019375092,1,"IOTHUB_CLIENT_CONFIRMATION_OK"
12741,4019375239,4019375295,1,"IOTHUB_CLIENT_CONFIRMATION_OK"
12742,4019375439,4019375481,1,"IOTHUB_CLIENT_CONFIRMATION_OK"
12743,4019375639,4019375675,1,"IOTHUB_CLIENT_CONFIRMATION_OK"
12744,4019375839,4019375890,1,"IOTHUB_CLIENT_CONFIRMATION_OK"
12745,4019376039,4019376082,1,"IOTHUB_CLIENT_CONFIRMATION_OK"
12746,4019376240,4019376293,1,"IOTHUB_CLIENT_CONFIRMATION_OK"
12747,4019376440,4019376483,1,"IOTHUB_CLIENT_CONFIRMATION_OK"
12748,4019376640,4019376690,1,"IOTHUB_CLIENT_CONFIRMATION_OK"
12749,4019376840,4019376926,1,"IOTHUB_CLIENT_CONFIRMATION_OK"
12750,4019377040,4019377142,1,"IOTHUB_CLIENT_CONFIRMATION_OK"
12751,4019377240,4019377283,1,"IOTHUB_CLIENT_CONFIRMATION_OK"
12752,4019377440,4019377484,1,"IOTHUB_CLIENT_CONFIRMATION_OK"
12753,4019377641,4019377685,1,"IOTHUB_CLIENT_CONFIRMATION_OK"
12754,4019377841,4019377978,1,"IOTHUB_CLIENT_CONFIRMATION_OK"
12755,4019378041,4019378084,1,"IOTHUB_CLIENT_CONFIRMATION_OK"
12756,4019378241,4019378284,1,"IOTHUB_CLIENT_CONFIRMATION_OK"
12757,4019378441,4019378477,1,"IOTHUB_CLIENT_CONFIRMATION_OK"
12758,4019378641,4019378675,1,"IOTHUB_CLIENT_CONFIRMATION_OK"
12759,4019378842,4019378884,1,"IOTHUB_CLIENT_CONFIRMATION_OK"
12760,4019379042,4019379098,1,"IOTHUB_CLIENT_CONFIRMATION_OK"
12761,4019379242,4019379277,1,"IOTHUB_CLIENT_CONFIRMATION_OK"
12762,4019379442,4019379611,1,"IOTHUB_CLIENT_CONFIRMATION_OK"
12763,4019379642,4019379679,1,"IOTHUB_CLIENT_CONFIRMATION_OK"
12764,4019379842,4019379882,1,"IOTHUB_CLIENT_CONFIRMATION_OK"
12765,4019380043,4019380093,1,"IOTHUB_CLIENT_CONFIRMATION_OK"
12766,4019380243,4019380283,1,"IOTHUB_CLIENT_CONFIRMATION_OK"
12767,4019380443,4019380482,1,"IOTHUB_CLIENT_CONFIRMATION_OK"
12768,4019380643,4019380764,1,"IOTHUB_CLIENT_CONFIRMATION_OK"
12769,4019380843,4019380919,1,"IOTHUB_CLIENT_CONFIRMATION_OK"
12770,4019381043,4019381102,1,"IOTHUB_CLIENT_CONFIRMATION_OK"
12771,4019381244,4019381282,1,"IOTHUB_CLIENT_CONFIRMATION_OK"
12772,4019381444,4019381480,1,"IOTHUB_CLIENT_CONFIRMATION_OK"
12773,4019381644,4019381890,1,"IOTHUB_CLIENT_CONFIRMATION_OK"
12774,4019381844,4019381906,1,"IOTHUB_CLIENT_CONFIRMATION_OK"
12775,4019382044,4019382086,1,"IOTHUB_CLIENT_CONFIRMATION_OK"
12776,4019382244,4019382335,1,"IOTHUB_CLIENT_CONFIRMATION_OK"
12777,4019382444,4019382481,1,"IOTHUB_CLIENT_CONFIRMATION_OK"
12778,4019382645,4019382682,1,"IOTHUB_CLIENT_CONFIRMATION_OK"
12779,4019382845,4019382893,1,"IOTHUB_CLIENT_CONFIRMATION_OK"
12780,4019383045,4019383093,1,"IOTHUB_CLIENT_CONFIRMATION_OK"
12781,4019383245,4019383397,1,"IOTHUB_CLIENT_CONFIRMATION_OK"
12782,4019383445,4019383502,1,"IOTHUB_CLIENT_CONFIRMATION_OK"
12783,4019383645,4019383686,1,"IOTHUB_CLIENT_CONFIRMATION_OK"
12784,4019383846,4019383885,1,"IOTHUB_CLIENT_CONFIRMATION_OK"
12785,4019384046,4019384078,1,"IOTHUB_CLIENT_CONFIRMATION_OK"
12786,4019384246,4019384293,1,"IOTHUB_CLIENT_CONFIRMATION_OK"
12787,4019384446,4019384487,1,"IOTHUB_CLIENT_CONFIRMATION_OK"
12788,4019384646,4019384686,1,"IOTHUB_CLIENT_CONFIRMATION_OK"
12789,4019384846,4019385066,1,"IOTHUB_CLIENT_CONFIRMATION_OK"
12790,4019385047,4019385143,1,"IOTHUB_CLIENT_CONFIRMATION_OK"
12791,4019385247,4019385284,1,"IOTHUB_CLIENT_CONFIRMATION_OK"
12792,4019385447,4019385500,1,"IOTHUB_CLIENT_CONFIRMATION_OK"
12793,4019385647,4019385685,1,"IOTHUB_CLIENT_CONFIRMATION_OK"
12794,4019385847,4019385890,1,"IOTHUB_CLIENT_CONFIRMATION_OK"
12795,4019386047,4019386093,1,"IOTHUB_CLIENT_CONFIRMATION_OK"
12796,4019386248,4019386285,1,"IOTHUB_CLIENT_CONFIRMATION_OK"
12797,4019386448,4019386489,1,"IOTHUB_CLIENT_CONFIRMATION_OK"
12798,4019386648,4019386712,1,"IOTHUB_CLIENT_CONFIRMATION_OK"
12799,4019386848,4019386912,1,"IOTHUB_CLIENT_CONFIRMATION_OK"
12800,4019387048,4019387107,1,"IOTHUB_CLIENT_CONFIRMATION_OK"
12801,4019387248,4019387316,1,"IOTHUB_CLIENT_CONFIRMATION_OK"
12802,4019387449,4019387494,1,"IOTHUB_CLIENT_CONFIRMATION_OK"
12803,4019387649,4019387720,1,"IOTHUB_CLIENT_CONFIRMATION_OK"
12804,4019387849,4019387895,1,"IOTHUB_CLIENT_CONFIRMATION_OK"
12805,4019388049,4019388099,1,"IOTHUB_CLIENT_CONFIRMATION_OK"
12806,4019388249,4019388293,1,"IOTHUB_CLIENT_CONFIRMATION_OK"
12807,4019388449,4019388490,1,"IOTHUB_CLIENT_CONFIRMATION_OK"
12808,4019388649,4019388817,1,"IOTHUB_CLIENT_CONFIRMATION_OK"
12809,4019388850,4019388893,1,"IOTHUB_CLIENT_CONFIRMATION_OK"
12810,4019389050,4019389096,1,"IOTHUB_CLIENT_CONFIRMATION_OK"
12811,4019389250,4019389293,1,"IOTHUB_CLIENT_CONFIRMATION_OK"
12812,4019389450,4019389508,1,"IOTHUB_CLIENT_CONFIRMATION_OK"
12813,4019389650,4019389710,1,"IOTHUB_CLIENT_CONFIRMATION_OK"
12814,4019389850,4019389893,1,"IOTHUB_CLIENT_CONFIRMATION_OK"
12815,4019390051,4019390097,1,"IOTHUB_CLIENT_CONFIRMATION_OK"
12816,4019390251,4019390311,1,"IOTHUB_CLIENT_CONFIRMATION_OK"
12817,4019390451,4019390498,1,"IOTHUB_CLIENT_CONFIRMATION_OK"
12818,4019390651,4019390694,1,"IOTHUB_CLIENT_CONFIRMATION_OK"
12819,4019390851,4019390904,1,"IOTHUB_CLIENT_CONFIRMATION_OK"
12820,4019391051,4019391104,1,"IOTHUB_CLIENT_CONFIRMATION_OK"
12821,4019391252,4019391330,1,"IOTHUB_CLIENT_CONFIRMATION_OK"
12822,4019391452,4019391530,1,"IOTHUB_CLIENT_CONFIRMATION_OK"
12823,4019391652,4019391692,1,"IOTHUB_CLIENT_CONFIRMATION_OK"
12824,4019391852,4019391888,1,"IOTHUB_CLIENT_CONFIRMATION_OK"
12825,4019392052,4019392093,1,"IOTHUB_CLIENT_CONFIRMATION_OK"
12826,4019392252,4019392291,1,"IOTHUB_CLIENT_CONFIRMATION_OK"
12827,4019392453,4019392530,1,"IOTHUB_CLIENT_CONFIRMATION_OK"
12828,4019392653,4019392690,1,"IOTHUB_CLIENT_CONFIRMATION_OK"
12829,4019392853,4019392895,1,"IOTHUB_CLIENT_CONFIRMATION_OK"
12830,4019393053,4019393154,1,"IOTHUB_CLIENT_CONFIRMATION_OK"
12831,4019393253,4019393293,1,"IOTHUB_CLIENT_CONFIRMATION_OK"
12832,4019393453,4019393516,1,"IOTHUB_CLIENT_CONFIRMATION_OK"
12833,4019393654,4019393700,1,"IOTHUB_CLIENT_CONFIRMATION_OK"
12834,4019393854,4019393898,1,"IOTHUB_CLIENT_CONFIRMATION_OK"
12835,4019394054,4019394190,1,"IOTHUB_CLIENT_CONFIRMATION_OK"
12836,4019394254,4019394303,1,"IOTHUB_CLIENT_CONFIRMATION_OK"
12837,4019394454,4019394500,1,"IOTHUB_CLIENT_CONFIRMATION_OK"
12838,4019394654,4019394830,1,"IOTHUB_CLIENT_CONFIRMATION_OK"
12839,4019394855,4019394907,1,"IOTHUB_CLIENT_CONFIRMATION_OK"
12840,4019395055,4019395098,1,"IOTHUB_CLIENT_CONFIRMATION_OK"
12841,4019395255,4019395343,1,"IOTHUB_CLIENT_CONFIRMATION_OK"
12842,4019395455,4019395500,1,"IOTHUB_CLIENT_CONFIRMATION_OK"
12843,4019395655,4019395803,1,"IOTHUB_CLIENT_CONFIRMATION_OK"
12844,4019395855,4019395898,1,"IOTHUB_CLIENT_CONFIRMATION_OK"
12845,4019396055,4019396102,1,"IOTHUB_CLIENT_CONFIRMATION_OK"
12846,4019396256,4019396301,1,"IOTHUB_CLIENT_CONFIRMATION_OK"
12847,4019396456,4019396498,1,"IOTHUB_CLIENT_CONFIRMATION_OK"
12848,4019396656,4019396698,1,"IOTHUB_CLIENT_CONFIRMATION_OK"
12849,4019396856,4019396907,1,"IOTHUB_CLIENT_CONFIRMATION_OK"
12850,4019397056,4019397097,1,"IOTHUB_CLIENT_CONFIRMATION_OK"
12851,4019397256,4019397300,1,"IOTHUB_CLIENT_CONFIRMATION_OK"
12852,4019397457,4019397506,1,"IOTHUB_CLIENT_CONFIRMATION_OK"
12853,4019397657,4019397706,1,"IOTHUB_CLIENT_CONFIRMATION_OK"
12854,4019397857,4019397909,1,"IOTHUB_CLIENT_CONFIRMATION_OK"
12855,4019398057,4019398096,1,"IOTHUB_CLIENT_CONFIRMATION_OK"
12856,4019398257,4019398296,1,"IOTHUB_CLIENT_CONFIRMATION_OK"
12857,4019398457,4019398580,1,"IOTHUB_CLIENT_CONFIRMATION_OK"
12858,4019398658,4019398697,1,"IOTHUB_CLIENT_CONFIRMATION_OK"
12859,4019398858,4019398899,1,"IOTHUB_CLIENT_CONFIRMATION_OK"
12860,4019399058,4019399121,1,"IOTHUB_CLIENT_CONFIRMATION_OK"
12861,4019399258,4019399296,1,"IOTHUB_CLIENT_CONFIRMATION_OK"
12862,4019399458,4019399542,1,"IOTHUB_CLIENT_CONFIRMATION_OK"
12863,4019399658,4019399705,1,"IOTHUB_CLIENT_CONFIRMATION_OK"
12864,4019399859,4019399906,1,"IOTHUB_CLIENT_CONFIRMATION_OK"
12865,4019400059,4019400141,1,"IOTHUB_CLIENT_CONFIRMATION_OK"
12866,4019400259,4019400303,1,"IOTHUB_CLIENT_CONFIRMATION_OK"
12867,4019400459,4019400503,1,"IOTHUB_CLIENT_CONFIRMATION_OK"
12868,4019400659,4019400739,1,"IOTHUB_CLIENT_CONFIRMATION_OK"
12869,4019400859,4019400894,1,"IOTHUB_CLIENT_CONFIRMATION_OK"
12870,4019401060,4019401164,1,"IOTHUB_CLIENT_CONFIRMATION_OK"
12871,4019401260,4019401344,1,"IOTHUB_CLIENT_CONFIRMATION_OK"
12872,4019401460,4019401519,1,"IOTHUB_CLIENT_CONFIRMATION_OK"
12873,4019401660,4019401812,1,"IOTHUB_CLIENT_CONFIRMATION_OK"
12874,4019401860,4019401904,1,"IOTHUB_CLIENT_CONFIRMATION_OK"
12875,4019402060,4019402097,1,"IOTHUB_CLIENT_CONFIRMATION_OK"
12876,4019402260,4019402296,1,"IOTHUB_CLIENT_CONFIRMATION_OK"
12877,4019402461,4019402520,1,"IOTHUB_CLIENT_CONFIRMATION_OK"
12878,4019402661,4019402700,1,"IOTHUB_CLIENT_CONFIRMATION_OK"
12879,4019402861,4019402909,1,"IOTHUB_CLIENT_CONFIRMATION_OK"
12880,4019403061,4019403112,1,"IOTHUB_CLIENT_CONFIRMATION_OK"
12881,4019403261,4019403431,1,"IOTHUB_CLIENT_CONFIRMATION_OK"
12882,4019403461,4019403498,1,"IOTHUB_CLIENT_CONFIRMATION_OK"
12883,4019403662,4019403708,1,"IOTHUB_CLIENT_CONFIRMATION_OK"
12884,4019403862,4019403899,1,"IOTHUB_CLIENT_CONFIRMATION_OK"
12885,4019404062,4019404122,1,"IOTHUB_CLIENT_CONFIRMATION_OK"
12886,4019404262,4019404311,1,"IOTHUB_CLIENT_CONFIRMATION_OK"
12887,4019404462,4019404502,1,"IOTHUB_CLIENT_CONFIRMATION_OK"
12888,4019404662,4019404703,1,"IOTHUB_CLIENT_CONFIRMATION_OK"
12889,4019404863,4019405051,1,"IOTHUB_CLIENT_CONFIRMATION_OK"
12890,4019405063,4019405108,1,"IOTHUB_CLIENT_CONFIRMATION_OK"
12891,4019405263,4019405311,1,"IOTHUB_CLIENT_CONFIRMATION_OK"
12892,4019405463,4019405516,1,"IOTHUB_CLIENT_CONFIRMATION_OK"
12893,4019405663,4019405704,1,"IOTHUB_CLIENT_CONFIRMATION_OK"
12894,4019405863,4019405911,1,"IOTHUB_CLIENT_CONFIRMATION_OK"
12895,4019406064,4019406126,1,"IOTHUB_CLIENT_CONFIRMATION_OK"
12896,4019406264,4019406321,1,"IOTHUB_CLIENT_CONFIRMATION_OK"
12897,4019406464,4019406513,1,"IOTHUB_CLIENT_CONFIRMATION_OK"
12898,4019406664,4019406711,1,"IOTHUB_CLIENT_CONFIRMATION_OK"
12899,4019406864,4019406902,1,"IOTHUB_CLIENT_CONFIRMATION_OK"
12900,4019407064,4019407135,1,"IOTHUB_CLIENT_CONFIRMATION_OK"
12901,4019407265,4019407312,1,"IOTHUB_CLIENT_CONFIRMATION_OK"
12902,4019407465,4019407503,1,"IOTHUB_CLIENT_CONFIRMATION_OK"
12903,4019407665,4019407730,1,"IOTHUB_CLIENT_CONFIRMATION_OK"
12904,4019407865,4019407961,1,"IOTHUB_CLIENT_CONFIRMATION_OK"
12905,4019408065,4019408186,1,"IOTHUB_CLIENT_CONFIRMATION_OK"
12906,4019408265,4019408327,1,"IOTHUB_CLIENT_CONFIRMATION_OK"
12907,4019408466,4019408509,1,"IOTHUB_CLIENT_CONFIRMATION_OK"
12908,4019408666,4019408808,1,"IOTHUB_CLIENT_CONFIRMATION_OK"
12909,4019408866,4019408911,1,"IOTHUB_CLIENT_CONFIRMATION_OK"
12910,4019409066,4019409109,1,"IOTHUB_CLIENT_CONFIRMATION_OK"
12911,4019409266,4019409305,1,"IOTHUB_CLIENT_CONFIRMATION_OK"
12912,4019409466,4019409520,1,"IOTHUB_CLIENT_CONFIRMATION_OK"
12913,4019409666,4019409717,1,"IOTHUB_CLIENT_CONFIRMATION_OK"
12914,4019409867,4019409898,1,"IOTHUB_CLIENT_CONFIRMATION_OK"
12915,4019410067,4019410122,1,"IOTHUB_CLIENT_CONFIRMATION_OK"
12916,4019410267,4019410428,1,"IOTHUB_CLIENT_CONFIRMATION_OK"
12917,4019410467,4019410506,1,"IOTHUB_CLIENT_CONFIRMATION_OK"
12918,4019410667,4019410715,1,"IOTHUB_CLIENT_CONFIRMATION_OK"
12919,4019410867,4019410905,1,"IOTHUB_CLIENT_CONFIRMATION_OK"
12920,4019411068,4019411106,1,"IOTHUB_CLIENT_CONFIRMATION_OK"
12921,4019411268,4019411307,1,"IOTHUB_CLIENT_CONFIRMATION_OK"
12922,4019411468,4019411513,1,"IOTHUB_CLIENT_CONFIRMATION_OK"
12923,4019411668,4019411710,1,"IOTHUB_CLIENT_CONFIRMATION_OK"
12924,4019411868,4019412054,1,"IOTHUB_CLIENT_CONFIRMATION_OK"
12925,4019412068,4019412115,1,"IOTHUB_CLIENT_CONFIRMATION_OK"
12926,4019412269,4019412321,1,"IOTHUB_CLIENT_CONFIRMATION_OK"
12927,4019412469,4019412527,1,"IOTHUB_CLIENT_CONFIRMATION_OK"
12928,4019412669,4019412729,1,"IOTHUB_CLIENT_CONFIRMATION_OK"
12929,4019412869,4019412951,1,"IOTHUB_CLIENT_CONFIRMATION_OK"
12930,4019413069,4019413112,1,"IOTHUB_CLIENT_CONFIRMATION_OK"
12931,4019413269,4019413310,1,"IOTHUB_CLIENT_CONFIRMATION_OK"
12932,4019413470,4019413514,1,"IOTHUB_CLIENT_CONFIRMATION_OK"
12933,4019413670,4019413718,1,"IOTHUB_CLIENT_CONFIRMATION_OK"
12934,4019413870,4019413941,1,"IOTHUB_CLIENT_CONFIRMATION_OK"
12935,4019414070,4019414110,1,"IOTHUB_CLIENT_CONFIRMATION_OK"
12936,4019414270,4019414323,1,"IOTHUB_CLIENT_CONFIRMATION_OK"
12937,4019414470,4019414511,1,"IOTHUB_CLIENT_CONFIRMATION_OK"
12938,4019414671,4019414729,1,"IOTHUB_CLIENT_CONFIRMATION_OK"
12939,4019414871,4019414933,1,"IOTHUB_CLIENT_CONFIRMATION_OK"
12940,4019415071,4019415138,1,"IOTHUB_CLIENT_CONFIRMATION_OK"
12941,4019415271,4019415322,1,"IOTHUB_CLIENT_CONFIRMATION_OK"
12942,4019415471,4019415514,1,"IOTHUB_CLIENT_CONFIRMATION_OK"
12943,4019415671,4019415761,1,"IOTHUB_CLIENT_CONFIRMATION_OK"
12944,4019415871,4019415909,1,"IOTHUB_CLIENT_CONFIRMATION_OK"
12945,4019416072,4019416112,1,"IOTHUB_CLIENT_CONFIRMATION_OK"
12946,4019416272,4019416343,1,"IOTHUB_CLIENT_CONFIRMATION_OK"
12947,4019416472,4019416507,1,"IOTHUB_CLIENT_CONFIRMATION_OK"
12948,4019416672,4019416729,1,"IOTHUB_CLIENT_CONFIRMATION_OK"
12949,4019416872,4019416916,1,"IOTHUB_CLIENT_CONFIRMATION_OK"
12950,4019417072,4019417120,1,"IOTHUB_CLIENT_CONFIRMATION_OK"
12951,4019417273,4019417358,1,"IOTHUB_CLIENT_CONFIRMATION_OK"
12952,4019417473,4019417544,1,"IOTHUB_CLIENT_CONFIRMATION_OK"
12953,4019417673,4019417713,1,"IOTHUB_CLIENT_CONFIRMATION_OK"
12954,4019417873,4019417992,1,"IOTHUB_CLIENT_CONFIRMATION_OK"
12955,4019418073,4019418117,1,"IOTHUB_CLIENT_CONFIRMATION_OK"
12956,4019418273,4019418319,1,"IOTHUB_CLIENT_CONFIRMATION_OK"
12957,4019418474,4019418516,1,"IOTHUB_CLIENT_CONFIRMATION_OK"
12958,4019418674,4019418729,1,"IOTHUB_CLIENT_CONFIRMATION_OK"
12959,4019418874,4019418982,1,"IOTHUB_CLIENT_CONFIRMATION_OK"
12960,4019419074,4019419118,1,"IOTHUB_CLIENT_CONFIRMATION_OK"
12961,4019419274,4019419325,1,"IOTHUB_CLIENT_CONFIRMATION_OK"
12962,4019419474,4019419548,1,"IOTHUB_CLIENT_CONFIRMATION_OK"
12963,4019419675,4019419710,1,"IOTHUB_CLIENT_CONFIRMATION_OK"
12964,4019419875,4019419927,1,"IOTHUB_CLIENT_CONFIRMATION_OK"
12965,4019420075,4019420120,1,"IOTHUB_CLIENT_CONFIRMATION_OK"
12966,4019420275,4019420312,1,"IOTHUB_CLIENT_CONFIRMATION_OK"
12967,4019420475,4019420513,1,"IOTHUB_CLIENT_CONFIRMATION_OK"
12968,4019420675,4019420721,1,"IOTHUB_CLIENT_CONFIRMATION_OK"
12969,4019420876,4019420974,1,"IOTHUB_CLIENT_CONFIRMATION_OK"
12970,4019421076,4019421112,1,"IOTHUB_CLIENT_CONFIRMATION_OK"
12971,4019421276,4019421324,1,"IOTHUB_CLIENT_CONFIRMATION_OK"
12972,4019421476,4019421528,1,"IOTHUB_CLIENT_CONFIRMATION_OK"
12973,4019421676,4019421715,1,"IOTHUB_CLIENT_CONFIRMATION_OK"
12974,4019421876,4019421939,1,"IOTHUB_CLIENT_CONFIRMATION_OK"
12975,4019422077,4019422128,1,"IOTHUB_CLIENT_CONFIRMATION_OK"
12976,4019422277,4019422333,1,"IOTHUB_CLIENT_CONFIRMATION_OK"
12977,4019422477,4019422510,1,"IOTHUB_CLIENT_CONFIRMATION_OK"
12978,4019422677,4019422736,1,"IOTHUB_CLIENT_CONFIRMATION_OK"
12979,4019422877,4019422915,1,"IOTHUB_CLIENT_CONFIRMATION_OK"
12980,4019423077,4019423133,1,"IOTHUB_CLIENT_CONFIRMATION_OK"
12981,4019423278,4019423370,1,"IOTHUB_CLIENT_CONFIRMATION_OK"
12982,4019423478,4019423521,1,"IOTHUB_CLIENT_CONFIRMATION_OK"
12983,4019423678,4019423722,1,"IOTHUB_CLIENT_CONFIRMATION_OK"
12984,4019423878,4019423934,1,"IOTHUB_CLIENT_CONFIRMATION_OK"
12985,4019424078,4019424119,1,"IOTHUB_CLIENT_CONFIRMATION_OK"
12986,4019424278,4019424318,1,"IOTHUB_CLIENT_CONFIRMATION_OK"
12987,4019424479,4019424518,1,"IOTHUB_CLIENT_CONFIRMATION_OK"
12988,4019424679,4019424726,1,"IOTHUB_CLIENT_CONFIRMATION_OK"
12989,4019424879,4019425025,1,"IOTHUB_CLIENT_CONFIRMATION_OK"
12990,4019425079,4019425190,1,"IOTHUB_CLIENT_CONFIRMATION_OK"
12991,4019425279,4019425319,1,"IOTHUB_CLIENT_CONFIRMATION_OK"
12992,4019425479,4019425519,1,"IOTHUB_CLIENT_CONFIRMATION_OK"
12993,4019425680,4019425732,1,"IOTHUB_CLIENT_CONFIRMATION_OK"
12994,4019425880,4019425927,1,"IOTHUB_CLIENT_CONFIRMATION_OK"
12995,4019426080,4019426116,1,"IOTHUB_CLIENT_CONFIRMATION_OK"
12996,4019426280,4019426325,1,"IOTHUB_CLIENT_CONFIRMATION_OK"
12997,4019426480,4019426622,1,"IOTHUB_CLIENT_CONFIRMATION_OK"
12998,4019426680,4019426722,1,"IOTHUB_CLIENT_CONFIRMATION_OK"
12999,4019426880,4019426918,1,"IOTHUB_CLIENT_CONFIRMATION_OK"
13000,4019427081,4019427116,1,"IOTHUB_CLIENT_CONFIRMATION_OK"
13001,4019427281,4019427331,1,"IOTHUB_CLIENT_CONFIRMATION_OK"
13002,4019427481,4019427526,1,"IOTHUB_CLIENT_CONFIRMATION_OK"
13003,4019427681,4019427718,1,"IOTHUB_CLIENT_CONFIRMATION_OK"
13004,4019427881,4019427940,1,"IOTHUB_CLIENT_CONFIRMATION_OK"
13005,4019428081,4019428258,1,"IOTHUB_CLIENT_CONFIRMATION_OK"
13006,4019428282,4019428327,1,"IOTHUB_CLIENT_CONFIRMATION_OK"
13007,4019428482,4019428538,1,"IOTHUB_CLIENT_CONFIRMATION_OK"
13008,4019428682,4019428715,1,"IOTHUB_CLIENT_CONFIRMATION_OK"
13009,4019428882,4019428919,1,"IOTHUB_CLIENT_CONFIRMATION_OK"
13010,4019429082,4019429159,1,"IOTHUB_CLIENT_CONFIRMATION_OK"
13011,4019429282,4019429342,1,"IOTHUB_CLIENT_CONFIRMATION_OK"
13012,4019429483,4019429523,1,"IOTHUB_CLIENT_CONFIRMATION_OK"
13013,4019429683,4019429771,1,"IOTHUB_CLIENT_CONFIRMATION_OK"
13014,4019429883,4019429942,1,"IOTHUB_CLIENT_CONFIRMATION_OK"
13015,4019430083,4019430123,1,"IOTHUB_CLIENT_CONFIRMATION_OK"
13016,4019430283,4019430331,1,"IOTHUB_CLIENT_CONFIRMATION_OK"
13017,4019430483,4019430524,1,"IOTHUB_CLIENT_CONFIRMATION_OK"
13018,4019430684,4019430720,1,"IOTHUB_CLIENT_CONFIRMATION_OK"
13019,4019430884,4019430943,1,"IOTHUB_CLIENT_CONFIRMATION_OK"
13020,4019431084,4019431126,1,"IOTHUB_CLIENT_CONFIRMATION_OK"
13021,4019431284,4019431328,1,"IOTHUB_CLIENT_CONFIRMATION_OK"
13022,4019431484,4019431526,1,"IOTHUB_CLIENT_CONFIRMATION_OK"
13023,4019431684,4019431724,1,"IOTHUB_CLIENT_CONFIRMATION_OK"
13024,4019431884,4019431944,1,"IOTHUB_CLIENT_CONFIRMATION_OK"
13025,4019432085,4019432146,1,"IOTHUB_CLIENT_CONFIRMATION_OK"
13026,4019432285,4019432321,1,"IOTHUB_CLIENT_CONFIRMATION_OK"
13027,4019432485,4019432539,1,"IOTHUB_CLIENT_CONFIRMATION_OK"
13028,4019432685,4019432732,1,"IOTHUB_CLIENT_CONFIRMATION_OK"
13029,4019432885,4019432948,1,"IOTHUB_CLIENT_CONFIRMATION_OK"
13030,4019433085,4019433169,1,"IOTHUB_CLIENT_CONFIRMATION_OK"
13031,4019433286,4019433325,1,"IOTHUB_CLIENT_CONFIRMATION_OK"
13032,4019433486,4019433551,1,"IOTHUB_CLIENT_CONFIRMATION_OK"
13033,4019433686,4019433727,1,"IOTHUB_CLIENT_CONFIRMATION_OK"
13034,4019433886,4019433917,1,"IOTHUB_CLIENT_CONFIRMATION_OK"
13035,4019434086,4019434181,1,"IOTHUB_CLIENT_CONFIRMATION_OK"
13036,4019434286,4019434343,1,"IOTHUB_CLIENT_CONFIRMATION_OK"
13037,4019434486,4019434530,1,"IOTHUB_CLIENT_CONFIRMATION_OK"
13038,4019434687,4019434747,1,"IOTHUB_CLIENT_CONFIRMATION_OK"
13039,4019434887,4019434957,1,"IOTHUB_CLIENT_CONFIRMATION_OK"
13040,4019435087,4019435134,1,"IOTHUB_CLIENT_CONFIRMATION_OK"
13041,4019435287,4019435341,1,"IOTHUB_CLIENT_CONFIRMATION_OK"
13042,4019435487,4019435533,1,"IOTHUB_CLIENT_CONFIRMATION_OK"
13043,4019435687,4019435724,1,"IOTHUB_CLIENT_CONFIRMATION_OK"
13044,4019435888,4019435930,1,"IOTHUB_CLIENT_CONFIRMATION_OK"
13045,4019436088,4019436130,1,"IOTHUB_CLIENT_CONFIRMATION_OK"
13046,4019436288,4019436332,1,"IOTHUB_CLIENT_CONFIRMATION_OK"
13047,4019436488,4019436552,1,"IOTHUB_CLIENT_CONFIRMATION_OK"
13048,4019436688,4019436743,1,"IOTHUB_CLIENT_CONFIRMATION_OK"
13049,4019436888,4019436939,1,"IOTHUB_CLIENT_CONFIRMATION_OK"
13050,4019437089,4019437147,1,"IOTHUB_CLIENT_CONFIRMATION_OK"
13051,4019437289,4019437792,1,"IOTHUB_CLIENT_CONFIRMATION_OK"
13052,4019437489,4019437897,1,"IOTHUB_CLIENT_CONFIRMATION_OK"
13053,4019437689,4019437991,1,"IOTHUB_CLIENT_CONFIRMATION_OK"
13054,4019437889,4019438058,1,"IOTHUB_CLIENT_CONFIRMATION_OK"
13055,4019438089,4019438141,1,"IOTHUB_CLIENT_CONFIRMATION_OK"
13056,4019438290,4019438361,1,"IOTHUB_CLIENT_CONFIRMATION_OK"
13057,4019438490,4019438694,1,"IOTHUB_CLIENT_CONFIRMATION_OK"
13058,4019438690,4019438730,1,"IOTHUB_CLIENT_CONFIRMATION_OK"
13059,4019438890,4019438974,1,"IOTHUB_CLIENT_CONFIRMATION_OK"
13060,4019439090,4019439139,1,"IOTHUB_CLIENT_CONFIRMATION_OK"
13061,4019439290,4019439338,1,"IOTHUB_CLIENT_CONFIRMATION_OK"
13062,4019439491,4019439590,1,"IOTHUB_CLIENT_CONFIRMATION_OK"
13063,4019439691,4019439744,1,"IOTHUB_CLIENT_CONFIRMATION_OK"
13064,4019439891,4019439942,1,"IOTHUB_CLIENT_CONFIRMATION_OK"
13065,4019440091,4019440146,1,"IOTHUB_CLIENT_CONFIRMATION_OK"
13066,4019440291,4019440331,1,"IOTHUB_CLIENT_CONFIRMATION_OK"
13067,4019440491,4019440604,1,"IOTHUB_CLIENT_CONFIRMATION_OK"
13068,4019440692,4019440752,1,"IOTHUB_CLIENT_CONFIRMATION_OK"
13069,4019440892,4019440933,1,"IOTHUB_CLIENT_CONFIRMATION_OK"
13070,4019441092,4019441241,1,"IOTHUB_CLIENT_CONFIRMATION_OK"
13071,4019441292,4019441425,1,"IOTHUB_CLIENT_CONFIRMATION_OK"
13072,4019441492,4019441549,1,"IOTHUB_CLIENT_CONFIRMATION_OK"
13073,4019441692,4019441737,1,"IOTHUB_CLIENT_CONFIRMATION_OK"
13074,4019441892,4019441928,1,"IOTHUB_CLIENT_CONFIRMATION_OK"
13075,4019442093,4019442136,1,"IOTHUB_CLIENT_CONFIRMATION_OK"
13076,4019442293,4019442338,1,"IOTHUB_CLIENT_CONFIRMATION_OK"
13077,4019442493,4019442534,1,"IOTHUB_CLIENT_CONFIRMATION_OK"
13078,4019442693,4019442945,1,"IOTHUB_CLIENT_CONFIRMATION_OK"
13079,4019442893,4019442967,1,"IOTHUB_CLIENT_CONFIRMATION_OK"
13080,4019443093,4019443174,1,"IOTHUB_CLIENT_CONFIRMATION_OK"
13081,4019443294,4019443340,1,"IOTHUB_CLIENT_CONFIRMATION_OK"
13082,4019443494,4019443535,1,"IOTHUB_CLIENT_CONFIRMATION_OK"
13083,4019443694,4019443739,1,"IOTHUB_CLIENT_CONFIRMATION_OK"
13084,4019443894,4019443956,1,"IOTHUB_CLIENT_CONFIRMATION_OK"
13085,4019444094,4019444139,1,"IOTHUB_CLIENT_CONFIRMATION_OK"
13086,4019444294,4019444507,1,"IOTHUB_CLIENT_CONFIRMATION_OK"
13087,4019444494,4019444534,1,"IOTHUB_CLIENT_CONFIRMATION_OK"
13088,4019444695,4019444752,1,"IOTHUB_CLIENT_CONFIRMATION_OK"
13089,4019444895,4019444934,1,"IOTHUB_CLIENT_CONFIRMATION_OK"
13090,4019445095,4019445135,1,"IOTHUB_CLIENT_CONFIRMATION_OK"
13091,4019445295,4019445342,1,"IOTHUB_CLIENT_CONFIRMATION_OK"
13092,4019445495,4019445546,1,"IOTHUB_CLIENT_CONFIRMATION_OK"
13093,4019445695,4019445737,1,"IOTHUB_CLIENT_CONFIRMATION_OK"
13094,4019445896,4019445938,1,"IOTHUB_CLIENT_CONFIRMATION_OK"
13095,4019446096,4019446162,1,"IOTHUB_CLIENT_CONFIRMATION_OK"
13096,4019446296,4019446335,1,"IOTHUB_CLIENT_CONFIRMATION_OK"
13097,4019446496,4019446554,1,"IOTHUB_CLIENT_CONFIRMATION_OK"
13098,4019446696,4019446761,1,"IOTHUB_CLIENT_CONFIRMATION_OK"
13099,4019446896,4019446955,1,"IOTHUB_CLIENT_CONFIRMATION_OK"
13100,4019447096,4019447166,1,"IOTHUB_CLIENT_CONFIRMATION_OK"
13101,4019447297,4019447351,1,"IOTHUB_CLIENT_CONFIRMATION_OK"
13102,4019447497,4019447531,1,"IOTHUB_CLIENT_CONFIRMATION_OK"
13103,4019447697,4019447736,1,"IOTHUB_CLIENT_CONFIRMATION_OK"
13104,4019447897,4019447937,1,"IOTHUB_CLIENT_CONFIRMATION_OK"
13105,4019448097,4019448178,1,"IOTHUB_CLIENT_CONFIRMATION_OK"
13106,4019448297,4019448411,1,"IOTHUB_CLIENT_CONFIRMATION_OK"
13107,4019448497,4019448539,1,"IOTHUB_CLIENT_CONFIRMATION_OK"
13108,4019448698,4019448800,1,"IOTHUB_CLIENT_CONFIRMATION_OK"
13109,4019448898,4019448982,1,"IOTHUB_CLIENT_CONFIRMATION_OK"
13110,4019449098,4019449136,1,"IOTHUB_CLIENT_CONFIRMATION_OK"
13111,4019449298,4019449442,1,"IOTHUB_CLIENT_CONFIRMATION_OK"
13112,4019449498,4019449549,1,"IOTHUB_CLIENT_CONFIRMATION_OK"
13113,4019449698,4019449794,1,"IOTHUB_CLIENT_CONFIRMATION_OK"
13114,4019449899,4019449946,1,"IOTHUB_CLIENT_CONFIRMATION_OK"
13115,4019450099,4019450164,1,"IOTHUB_CLIENT_CONFIRMATION_OK"
13116,4019450299,4019450418,1,"IOTHUB_CLIENT_CONFIRMATION_OK"
13117,4019450499,4019450535,1,"IOTHUB_CLIENT_CONFIRMATION_OK"
13118,4019450699,4019450745,1,"IOTHUB_CLIENT_CONFIRMATION_OK"
13119,4019450899,4019450948,1,"IOTHUB_CLIENT_CONFIRMATION_OK"
13120,4019451099,4019451133,1,"IOTHUB_CLIENT_CONFIRMATION_OK"
13121,4019451300,4019451346,1,"IOTHUB_CLIENT_CONFIRMATION_OK"
13122,4019451500,4019451546,1,"IOTHUB_CLIENT_CONFIRMATION_OK"
13123,4019451700,4019451750,1,"IOTHUB_CLIENT_CONFIRMATION_OK"
13124,4019451900,4019452073,1,"IOTHUB_CLIENT_CONFIRMATION_OK"
13125,4019452100,4019452175,1,"IOTHUB_CLIENT_CONFIRMATION_OK"
13126,4019452300,4019452343,1,"IOTHUB_CLIENT_CONFIRMATION_OK"
13127,4019452501,4019452587,1,"IOTHUB_CLIENT_CONFIRMATION_OK"
13128,4019452701,4019452772,1,"IOTHUB_CLIENT_CONFIRMATION_OK"
13129,4019452901,4019452948,1,"IOTHUB_CLIENT_CONFIRMATION_OK"
13130,4019453101,4019453160,1,"IOTHUB_CLIENT_CONFIRMATION_OK"
13131,4019453301,4019453340,1,"IOTHUB_CLIENT_CONFIRMATION_OK"
13132,4019453501,4019453678,1,"IOTHUB_CLIENT_CONFIRMATION_OK"
13133,4019453702,4019453741,1,"IOTHUB_CLIENT_CONFIRMATION_OK"
13134,4019453902,4019453939,1,"IOTHUB_CLIENT_CONFIRMATION_OK"
13135,4019454102,4019454138,1,"IOTHUB_CLIENT_CONFIRMATION_OK"
13136,4019454302,4019454341,1,"IOTHUB_CLIENT_CONFIRMATION_OK"
13137,4019454502,4019454543,1,"IOTHUB_CLIENT_CONFIRMATION_OK"
13138,4019454702,4019454738,1,"IOTHUB_CLIENT_CONFIRMATION_OK"
13139,4019454902,4019454948,1,"IOTHUB_CLIENT_CONFIRMATION_OK"
13140,4019455103,4019455313,1,"IOTHUB_CLIENT_CONFIRMATION_OK"
13141,4019455303,4019455408,1,"IOTHUB_CLIENT_CONFIRMATION_OK"
13142,4019455503,4019455578,1,"IOTHUB_CLIENT_CONFIRMATION_OK"
13143,4019455703,4019455750,1,"IOTHUB_CLIENT_CONFIRMATION_OK"
13144,4019455903,4019455951,1,"IOTHUB_CLIENT_CONFIRMATION_OK"
13145,4019456103,4019456144,1,"IOTHUB_CLIENT_CONFIRMATION_OK"
13146,4019456304,4019456350,1,"IOTHUB_CLIENT_CONFIRMATION_OK"
13147,4019456504,4019456542,1,"IOTHUB_CLIENT_CONFIRMATION_OK"
13148,4019456704,4019456753,1,"IOTHUB_CLIENT_CONFIRMATION_OK"
13149,4019456904,4019456960,1,"IOTHUB_CLIENT_CONFIRMATION_OK"
13150,4019457104,4019457144,1,"IOTHUB_CLIENT_CONFIRMATION_OK"
13151,4019457304,4019457371,1,"IOTHUB_CLIENT_CONFIRMATION_OK"
13152,4019457504,4019457553,1,"IOTHUB_CLIENT_CONFIRMATION_OK"
13153,4019457705,4019457745,1,"IOTHUB_CLIENT_CONFIRMATION_OK"
13154,4019457905,4019457961,1,"IOTHUB_CLIENT_CONFIRMATION_OK"
13155,4019458105,4019458152,1,"IOTHUB_CLIENT_CONFIRMATION_OK"
13156,4019458305,4019458359,1,"IOTHUB_CLIENT_CONFIRMATION_OK"
13157,4019458505,4019458552,1,"IOTHUB_CLIENT_CONFIRMATION_OK"
13158,4019458705,4019458747,1,"IOTHUB_CLIENT_CONFIRMATION_OK"
13159,4019458905,4019459003,1,"IOTHUB_CLIENT_CONFIRMATION_OK"
13160,4019459106,4019459143,1,"IOTHUB_CLIENT_CONFIRMATION_OK"
13161,4019459306,4019459360,1,"IOTHUB_CLIENT_CONFIRMATION_OK"
13162,4019459506,4019459624,1,"IOTHUB_CLIENT_CONFIRMATION_OK"
13163,4019459706,4019459740,1,"IOTHUB_CLIENT_CONFIRMATION_OK"
13164,4019459906,4019459957,1,"IOTHUB_CLIENT_CONFIRMATION_OK"
13165,4019460106,4019460145,1,"IOTHUB_CLIENT_CONFIRMATION_OK"
13166,4019460307,4019460411,1,"IOTHUB_CLIENT_CONFIRMATION_OK"
13167,4019460507,4019460650,1,"IOTHUB_CLIENT_CONFIRMATION_OK"
13168,4019460707,4019460744,1,"IOTHUB_CLIENT_CONFIRMATION_OK"
13169,4019460907,4019460978,1,"IOTHUB_CLIENT_CONFIRMATION_OK"
13170,4019461107,4019461228,1,"IOTHUB_CLIENT_CONFIRMATION_OK"
13171,4019461307,4019461366,1,"IOTHUB_CLIENT_CONFIRMATION_OK"
13172,4019461507,4019461547,1,"IOTHUB_CLIENT_CONFIRMATION_OK"
13173,4019461708,4019461759,1,"IOTHUB_CLIENT_CONFIRMATION_OK"
13174,4019461908,4019461988,1,"IOTHUB_CLIENT_CONFIRMATION_OK"
13175,4019462108,4019462165,1,"IOTHUB_CLIENT_CONFIRMATION_OK"
13176,4019462308,4019462349,1,"IOTHUB_CLIENT_CONFIRMATION_OK"
13177,4019462508,4019462545,1,"IOTHUB_CLIENT_CONFIRMATION_OK"
13178,4019462708,4019462886,1,"IOTHUB_CLIENT_CONFIRMATION_OK"
13179,4019462909,4019462950,1,"IOTHUB_CLIENT_CONFIRMATION_OK"
13180,4019463109,4019463162,1,"IOTHUB_CLIENT_CONFIRMATION_OK"
13181,4019463309,4019463350,1,"IOTHUB_CLIENT_CONFIRMATION_OK"
13182,4019463509,4019463547,1,"IOTHUB_CLIENT_CONFIRMATION_OK"
13183,4019463709,4019463747,1,"IOTHUB_CLIENT_CONFIRMATION_OK"
13184,4019463909,4019463965,1,"IOTHUB_CLIENT_CONFIRMATION_OK"
13185,4019464110,4019464151,1,"IOTHUB_CLIENT_CONFIRMATION_OK"
13186,4019464310,4019464536,1,"IOTHUB_CLIENT_CONFIRMATION_OK"
13187,4019464510,4019464576,1,"IOTHUB_CLIENT_CONFIRMATION_OK"
13188,4019464710,4019464754,1,"IOTHUB_CLIENT_CONFIRMATION_OK"
13189,4019464910,4019464951,1,"IOTHUB_CLIENT_CONFIRMATION_OK"
13190,4019465110,4019465151,1,"IOTHUB_CLIENT_CONFIRMATION_OK"
13191,4019465310,4019465358,1,"IOTHUB_CLIENT_CONFIRMATION_OK"
13192,4019465511,4019465715,1,"IOTHUB_CLIENT_CONFIRMATION_OK"
13193,4019465711,4019465760,1,"IOTHUB_CLIENT_CONFIRMATION_OK"
13194,4019465911,4019465955,1,"IOTHUB_CLIENT_CONFIRMATION_OK"
13195,4019466111,4019466152,1,"IOTHUB_CLIENT_CONFIRMATION_OK"
13196,4019466311,4019466353,1,"IOTHUB_CLIENT_CONFIRMATION_OK"
13197,4019466511,4019466551,1,"IOTHUB_CLIENT_CONFIRMATION_OK"
13198,4019466712,4019466763,1,"IOTHUB_CLIENT_CONFIRMATION_OK"
13199,4019466912,4019466953,1,"IOTHUB_CLIENT_CONFIRMATION_OK"
13200,4019467112,4019467162,1,"IOTHUB_CLIENT_CONFIRMATION_OK"
13201,4019467312,4019467358,1,"IOTHUB_CLIENT_CONFIRMATION_OK"
13202,4019467512,4019467550,1,"IOTHUB_CLIENT_CONFIRMATION_OK"
13203,4019467712,4019467797,1,"IOTHUB_CLIENT_CONFIRMATION_OK"
13204,4019467912,4019467978,1,"IOTHUB_CLIENT_CONFIRMATION_OK"
13205,4019468113,4019468210,1,"IOTHUB_CLIENT_CONFIRMATION_OK"
13206,4019468313,4019468353,1,"IOTHUB_CLIENT_CONFIRMATION_OK"
13207,4019468513,4019468558,1,"IOTHUB_CLIENT_CONFIRMATION_OK"
13208,4019468713,4019468792,1,"IOTHUB_CLIENT_CONFIRMATION_OK"
13209,4019468913,4019468957,1,"IOTHUB_CLIENT_CONFIRMATION_OK"
13210,4019469113,4019469179,1,"IOTHUB_CLIENT_CONFIRMATION_OK"
13211,4019469313,4019469352,1,"IOTHUB_CLIENT_CONFIRMATION_OK"
13212,4019469514,4019469552,1,"IOTHUB_CLIENT_CONFIRMATION_OK"
13213,4019469714,4019469811,1,"IOTHUB_CLIENT_CONFIRMATION_OK"
13214,4019469914,4019469970,1,"IOTHUB_CLIENT_CONFIRMATION_OK"
13215,4019470114,4019470154,1,"IOTHUB_CLIENT_CONFIRMATION_OK"
13216,4019470314,4019470420,1,"IOTHUB_CLIENT_CONFIRMATION_OK"
13217,4019470514,4019470557,1,"IOTHUB_CLIENT_CONFIRMATION_OK"
13218,4019470715,4019470765,1,"IOTHUB_CLIENT_CONFIRMATION_OK"
13219,4019470915,4019470966,1,"IOTHUB_CLIENT_CONFIRMATION_OK"
13220,4019471115,4019471155,1,"IOTHUB_CLIENT_CONFIRMATION_OK"
13221,4019471315,4019471349,1,"IOTHUB_CLIENT_CONFIRMATION_OK"
13222,4019471515,4019471635,1,"IOTHUB_CLIENT_CONFIRMATION_OK"
13223,4019471715,4019471760,1,"IOTHUB_CLIENT_CONFIRMATION_OK"
13224,4019471916,4019472070,1,"IOTHUB_CLIENT_CONFIRMATION_OK"
13225,4019472116,4019472170,1,"IOTHUB_CLIENT_CONFIRMATION_OK"
13226,4019472316,4019472352,1,"IOTHUB_CLIENT_CONFIRMATION_OK"
13227,4019472516,4019472558,1,"IOTHUB_CLIENT_CONFIRMATION_OK"
13228,4019472716,4019472777,1,"IOTHUB_CLIENT_CONFIRMATION_OK"
13229,4019472916,4019472954,1,"IOTHUB_CLIENT_CONFIRMATION_OK"
13230,4019473116,4019473179,1,"IOTHUB_CLIENT_CONFIRMATION_OK"
13231,4019473317,4019473365,1,"IOTHUB_CLIENT_CONFIRMATION_OK"
13232,4019473517,4019473551,1,"IOTHUB_CLIENT_CONFIRMATION_OK"
13233,4019473717,4019473792,1,"IOTHUB_CLIENT_CONFIRMATION_OK"
13234,4019473917,4019473955,1,"IOTHUB_CLIENT_CONFIRMATION_OK"
13235,4019474117,4019474164,1,"IOTHUB_CLIENT_CONFIRMATION_OK"
13236,4019474317,4019474362,1,"IOTHUB_CLIENT_CONFIRMATION_OK"
13237,4019474518,4019474558,1,"IOTHUB_CLIENT_CONFIRMATION_OK"
13238,4019474718,4019474754,1,"IOTHUB_CLIENT_CONFIRMATION_OK"
13239,4019474918,4019474965,1,"IOTHUB_CLIENT_CONFIRMATION_OK"
13240,4019475118,4019475162,1,"IOTHUB_CLIENT_CONFIRMATION_OK"
13241,4019475318,4019475353,1,"IOTHUB_CLIENT_CONFIRMATION_OK"
13242,4019475518,4019475567,1,"IOTHUB_CLIENT_CONFIRMATION_OK"
13243,4019475719,4019475905,1,"IOTHUB_CLIENT_CONFIRMATION_OK"
13244,4019475919,4019475968,1,"IOTHUB_CLIENT_CONFIRMATION_OK"
13245,4019476119,4019476174,1,"IOTHUB_CLIENT_CONFIRMATION_OK"
13246,4019476319,4019476362,1,"IOTHUB_CLIENT_CONFIRMATION_OK"
13247,4019476519,4019476566,1,"IOTHUB_CLIENT_CONFIRMATION_OK"
13248,4019476719,4019476758,1,"IOTHUB_CLIENT_CONFIRMATION_OK"
13249,4019476920,4019476982,1,"IOTHUB_CLIENT_CONFIRMATION_OK"
13250,4019477120,4019477359,1,"IOTHUB_CLIENT_CONFIRMATION_OK"
13251,4019477320,4019477596,1,"IOTHUB_CLIENT_CONFIRMATION_OK"
13252,4019477520,4019477621,1,"IOTHUB_CLIENT_CONFIRMATION_OK"
13253,4019477720,4019477763,1,"IOTHUB_CLIENT_CONFIRMATION_OK"
13254,4019477920,4019478029,1,"IOTHUB_CLIENT_CONFIRMATION_OK"
13255,4019478121,4019478167,1,"IOTHUB_CLIENT_CONFIRMATION_OK"
13256,4019478321,4019478360,1,"IOTHUB_CLIENT_CONFIRMATION_OK"
13257,4019478521,4019478561,1,"IOTHUB_CLIENT_CONFIRMATION_OK"
13258,4019478721,4019478755,1,"IOTHUB_CLIENT_CONFIRMATION_OK"
13259,4019478921,4019479009,1,"IOTHUB_CLIENT_CONFIRMATION_OK"
13260,4019479121,4019479180,1,"IOTHUB_CLIENT_CONFIRMATION_OK"
13261,4019479321,4019479371,1,"IOTHUB_CLIENT_CONFIRMATION_OK"
13262,4019479522,4019479629,1,"IOTHUB_CLIENT_CONFIRMATION_OK"
13263,4019479722,4019479778,1,"IOTHUB_CLIENT_CONFIRMATION_OK"
13264,4019479922,4019479969,1,"IOTHUB_CLIENT_CONFIRMATION_OK"
13265,4019480122,4019480173,1,"IOTHUB_CLIENT_CONFIRMATION_OK"
13266,4019480322,4019480358,1,"IOTHUB_CLIENT_CONFIRMATION_OK"
13267,4019480522,4019480658,1,"IOTHUB_CLIENT_CONFIRMATION_OK"
13268,4019480723,4019480765,1,"IOTHUB_CLIENT_CONFIRMATION_OK"
13269,4019480923,4019480959,1,"IOTHUB_CLIENT_CONFIRMATION_OK"
13270,4019481123,4019481284,1,"IOTHUB_CLIENT_CONFIRMATION_OK"
13271,4019481323,4019481375,1,"IOTHUB_CLIENT_CONFIRMATION_OK"
13272,4019481523,4019481562,1,"IOTHUB_CLIENT_CONFIRMATION_OK"
13273,4019481723,4019481775,1,"IOTHUB_CLIENT_CONFIRMATION_OK"
13274,4019481923,4019481970,1,"IOTHUB_CLIENT_CONFIRMATION_OK"
13275,4019482124,4019482255,1,"IOTHUB_CLIENT_CONFIRMATION_OK"
13276,4019482324,4019482360,1,"IOTHUB_CLIENT_CONFIRMATION_OK"
13277,4019482524,4019482589,1,"IOTHUB_CLIENT_CONFIRMATION_OK"
13278,4019482724,4019482886,1,"IOTHUB_CLIENT_CONFIRMATION_OK"
13279,4019482924,4019482972,1,"IOTHUB_CLIENT_CONFIRMATION_OK"
13280,4019483124,4019483174,1,"IOTHUB_CLIENT_CONFIRMATION_OK"
13281,4019483325,4019483377,1,"IOTHUB_CLIENT_CONFIRMATION_OK"
13282,4019483525,4019483564,1,"IOTHUB_CLIENT_CONFIRMATION_OK"
13283,4019483725,4019483763,1,"IOTHUB_CLIENT_CONFIRMATION_OK"
13284,4019483925,4019483964,1,"IOTHUB_CLIENT_CONFIRMATION_OK"
13285,4019484125,4019484162,1,"IOTHUB_CLIENT_CONFIRMATION_OK"
13286,4019484325,4019484515,1,"IOTHUB_CLIENT_CONFIRMATION_OK"
13287,4019484526,4019484571,1,"IOTHUB_CLIENT_CONFIRMATION_OK"
13288,4019484726,4019484780,1,"IOTHUB_CLIENT_CONFIRMATION_OK"
13289,4019484926,4019484969,1,"IOTHUB_CLIENT_CONFIRMATION_OK"
13290,4019485126,4019485164,1,"IOTHUB_CLIENT_CONFIRMATION_OK"
13291,4019485326,4019485379,1,"IOTHUB_CLIENT_CONFIRMATION_OK"
13292,4019485526,4019485578,1,"IOTHUB_CLIENT_CONFIRMATION_OK"
13293,4019485726,4019485771,1,"IOTHUB_CLIENT_CONFIRMATION_OK"
13294,4019485927,4019486000,1,"IOTHUB_CLIENT_CONFIRMATION_OK"
13295,4019486127,4019486163,1,"IOTHUB_CLIENT_CONFIRMATION_OK"
13296,4019486327,4019486365,1,"IOTHUB_CLIENT_CONFIRMATION_OK"
13297,4019486527,4019486586,1,"IOTHUB_CLIENT_CONFIRMATION_OK"
13298,4019486727,4019486798,1,"IOTHUB_CLIENT_CONFIRMATION_OK"
13299,4019486927,4019487002,1,"IOTHUB_CLIENT_CONFIRMATION_OK"
13300,4019487127,4019487188,1,"IOTHUB_CLIENT_CONFIRMATION_OK"
13301,4019487328,4019487371,1,"IOTHUB_CLIENT_CONFIRMATION_OK"
13302,4019487528,4019487590,1,"IOTHUB_CLIENT_CONFIRMATION_OK"
13303,4019487728,4019487854,1,"IOTHUB_CLIENT_CONFIRMATION_OK"
13304,4019487928,4019487967,1,"IOTHUB_CLIENT_CONFIRMATION_OK"
13305,4019488128,4019488274,1,"IOTHUB_CLIENT_CONFIRMATION_OK"
13306,4019488328,4019488371,1,"IOTHUB_CLIENT_CONFIRMATION_OK"
13307,4019488529,4019488579,1,"IOTHUB_CLIENT_CONFIRMATION_OK"
13308,4019488729,4019488783,1,"IOTHUB_CLIENT_CONFIRMATION_OK"
13309,4019488929,4019488990,1,"IOTHUB_CLIENT_CONFIRMATION_OK"
13310,4019489129,4019489174,1,"IOTHUB_CLIENT_CONFIRMATION_OK"
13311,4019489329,4019489372,1,"IOTHUB_CLIENT_CONFIRMATION_OK"
13312,4019489529,4019489589,1,"IOTHUB_CLIENT_CONFIRMATION_OK"
13313,4019489730,4019489922,1,"IOTHUB_CLIENT_CONFIRMATION_OK"
13314,4019489930,4019489970,1,"IOTHUB_CLIENT_CONFIRMATION_OK"
13315,4019490130,4019490172,1,"IOTHUB_CLIENT_CONFIRMATION_OK"
13316,4019490330,4019490411,1,"IOTHUB_CLIENT_CONFIRMATION_OK"
13317,4019490530,4019490589,1,"IOTHUB_CLIENT_CONFIRMATION_OK"
13318,4019490730,4019490785,1,"IOTHUB_CLIENT_CONFIRMATION_OK"
13319,4019490930,4019490977,1,"IOTHUB_CLIENT_CONFIRMATION_OK"
13320,4019491131,4019491173,1,"IOTHUB_CLIENT_CONFIRMATION_OK"
13321,4019491331,4019491528,1,"IOTHUB_CLIENT_CONFIRMATION_OK"
13322,4019491531,4019491576,1,"IOTHUB_CLIENT_CONFIRMATION_OK"
13323,4019491731,4019491792,1,"IOTHUB_CLIENT_CONFIRMATION_OK"
13324,4019491931,4019491974,1,"IOTHUB_CLIENT_CONFIRMATION_OK"
13325,4019492131,4019492168,1,"IOTHUB_CLIENT_CONFIRMATION_OK"
13326,4019492332,4019492372,1,"IOTHUB_CLIENT_CONFIRMATION_OK"
13327,4019492532,4019492584,1,"IOTHUB_CLIENT_CONFIRMATION_OK"
13328,4019492732,4019492774,1,"IOTHUB_CLIENT_CONFIRMATION_OK"
13329,4019492932,4019492976,1,"IOTHUB_CLIENT_CONFIRMATION_OK"
13330,4019493132,4019493170,1,"IOTHUB_CLIENT_CONFIRMATION_OK"
13331,4019493332,4019493373,1,"IOTHUB_CLIENT_CONFIRMATION_OK"
13332,4019493532,4019493594,1,"IOTHUB_CLIENT_CONFIRMATION_OK"
13333,4019493733,4019493773,1,"IOTHUB_CLIENT_CONFIRMATION_OK"
13334,4019493933,4019493974,1,"IOTHUB_CLIENT_CONFIRMATION_OK"
13335,4019494133,4019494215,1,"IOTHUB_CLIENT_CONFIRMATION_OK"
13336,4019494333,4019494377,1,"IOTHUB_CLIENT_CONFIRMATION_OK"
13337,4019494533,4019494627,1,"IOTHUB_CLIENT_CONFIRMATION_OK"
13338,4019494733,4019494772,1,"IOTHUB_CLIENT_CONFIRMATION_OK"
13339,4019494934,4019494984,1,"IOTHUB_CLIENT_CONFIRMATION_OK"
13340,4019495134,4019495215,1,"IOTHUB_CLIENT_CONFIRMATION_OK"
13341,4019495334,4019495385,1,"IOTHUB_CLIENT_CONFIRMATION_OK"
13342,4019495534,4019495630,1,"IOTHUB_CLIENT_CONFIRMATION_OK"
13343,4019495734,4019495823,1,"IOTHUB_CLIENT_CONFIRMATION_OK"
13344,4019495934,4019495980,1,"IOTHUB_CLIENT_CONFIRMATION_OK"
13345,4019496135,4019496184,1,"IOTHUB_CLIENT_CONFIRMATION_OK"
13346,4019496335,4019496374,1,"IOTHUB_CLIENT_CONFIRMATION_OK"
13347,4019496535,4019496574,1,"IOTHUB_CLIENT_CONFIRMATION_OK"
13348,4019496735,4019496798,1,"IOTHUB_CLIENT_CONFIRMATION_OK"
13349,4019496935,4019496999,1,"IOTHUB_CLIENT_CONFIRMATION_OK"
13350,4019497135,4019497173,1,"IOTHUB_CLIENT_CONFIRMATION_OK"
13351,4019497336,4019497452,1,"IOTHUB_CLIENT_CONFIRMATION_OK"
13352,4019497536,4019497599,1,"IOTHUB_CLIENT_CONFIRMATION_OK"
13353,4019497736,4019497771,1,"IOTHUB_CLIENT_CONFIRMATION_OK"
13354,4019497936,4019497995,1,"IOTHUB_CLIENT_CONFIRMATION_OK"
13355,4019498136,4019498185,1,"IOTHUB_CLIENT_CONFIRMATION_OK"
13356,4019498336,4019498381,1,"IOTHUB_CLIENT_CONFIRMATION_OK"
13357,4019498536,4019498618,1,"IOTHUB_CLIENT_CONFIRMATION_OK"
13358,4019498737,4019498789,1,"IOTHUB_CLIENT_CONFIRMATION_OK"
13359,4019498937,4019499097,1,"IOTHUB_CLIENT_CONFIRMATION_OK"
13360,4019499137,4019499178,1,"IOTHUB_CLIENT_CONFIRMATION_OK"
13361,4019499337,4019499388,1,"IOTHUB_CLIENT_CONFIRMATION_OK"
13362,4019499537,4019499583,1,"IOTHUB_CLIENT_CONFIRMATION_OK"
13363,4019499737,4019499779,1,"IOTHUB_CLIENT_CONFIRMATION_OK"
13364,4019499938,4019499979,1,"IOTHUB_CLIENT_CONFIRMATION_OK"
13365,4019500138,4019500180,1,"IOTHUB_CLIENT_CONFIRMATION_OK"
13366,4019500338,4019500383,1,"IOTHUB_CLIENT_CONFIRMATION_OK"
13367,4019500538,4019500701,1,"IOTHUB_CLIENT_CONFIRMATION_OK"
13368,4019500738,4019500778,1,"IOTHUB_CLIENT_CONFIRMATION_OK"
13369,4019500938,4019500988,1,"IOTHUB_CLIENT_CONFIRMATION_OK"
13370,4019501138,4019501179,1,"IOTHUB_CLIENT_CONFIRMATION_OK"
13371,4019501339,4019501374,1,"IOTHUB_CLIENT_CONFIRMATION_OK"
13372,4019501539,4019501601,1,"IOTHUB_CLIENT_CONFIRMATION_OK"
13373,4019501739,4019501901,1,"IOTHUB_CLIENT_CONFIRMATION_OK"
13374,4019501939,4019501982,1,"IOTHUB_CLIENT_CONFIRMATION_OK"
13375,4019502139,4019502372,1,"IOTHUB_CLIENT_CONFIRMATION_OK"
13376,4019502339,4019502400,1,"IOTHUB_CLIENT_CONFIRMATION_OK"
13377,4019502540,4019502585,1,"IOTHUB_CLIENT_CONFIRMATION_OK"
13378,4019502740,4019502798,1,"IOTHUB_CLIENT_CONFIRMATION_OK"
13379,4019502940,4019502984,1,"IOTHUB_CLIENT_CONFIRMATION_OK"
13380,4019503140,4019503223,1,"IOTHUB_CLIENT_CONFIRMATION_OK"
13381,4019503340,4019503393,1,"IOTHUB_CLIENT_CONFIRMATION_OK"
13382,4019503540,4019503585,1,"IOTHUB_CLIENT_CONFIRMATION_OK"
13383,4019503740,4019503780,1,"IOTHUB_CLIENT_CONFIRMATION_OK"
13384,4019503941,4019503998,1,"IOTHUB_CLIENT_CONFIRMATION_OK"
13385,4019504141,4019504181,1,"IOTHUB_CLIENT_CONFIRMATION_OK"
13386,4019504341,4019504414,1,"IOTHUB_CLIENT_CONFIRMATION_OK"
13387,4019504541,4019504611,1,"IOTHUB_CLIENT_CONFIRMATION_OK"
13388,4019504741,4019504792,1,"IOTHUB_CLIENT_CONFIRMATION_OK"
13389,4019504941,4019504999,1,"IOTHUB_CLIENT_CONFIRMATION_OK"
13390,4019505142,4019505200,1,"IOTHUB_CLIENT_CONFIRMATION_OK"
13391,4019505342,4019505389,1,"IOTHUB_CLIENT_CONFIRMATION_OK"
13392,4019505542,4019505614,1,"IOTHUB_CLIENT_CONFIRMATION_OK"
13393,4019505742,4019505777,1,"IOTHUB_CLIENT_CONFIRMATION_OK"
13394,4019505942,4019506004,1,"IOTHUB_CLIENT_CONFIRMATION_OK"
13395,4019506142,4019506181,1,"IOTHUB_CLIENT_CONFIRMATION_OK"
13396,4019506343,4019506381,1,"IOTHUB_CLIENT_CONFIRMATION_OK"
13397,4019506543,4019506649,1,"IOTHUB_CLIENT_CONFIRMATION_OK"
13398,4019506743,4019506786,1,"IOTHUB_CLIENT_CONFIRMATION_OK"
13399,4019506943,4019506998,1,"IOTHUB_CLIENT_CONFIRMATION_OK"
13400,4019507143,4019507190,1,"IOTHUB_CLIENT_CONFIRMATION_OK"
13401,4019507343,4019507389,1,"IOTHUB_CLIENT_CONFIRMATION_OK"
13402,4019507543,4019507642,1,"IOTHUB_CLIENT_CONFIRMATION_OK"
13403,4019507744,4019507789,1,"IOTHUB_CLIENT_CONFIRMATION_OK"
13404,4019507944,4019507996,1,"IOTHUB_CLIENT_CONFIRMATION_OK"
13405,4019508144,4019508247,1,"IOTHUB_CLIENT_CONFIRMATION_OK"
13406,4019508344,4019508379,1,"IOTHUB_CLIENT_CONFIRMATION_OK"
13407,4019508544,4019508594,1,"IOTHUB_CLIENT_CONFIRMATION_OK"
13408,4019508744,4019508901,1,"IOTHUB_CLIENT_CONFIRMATION_OK"
13409,4019508945,4019509195,1,"IOTHUB_CLIENT_CONFIRMATION_OK"
13410,4019509145,4019509262,1,"IOTHUB_CLIENT_CONFIRMATION_OK"
13411,4019509345,4019509383,1,"IOTHUB_CLIENT_CONFIRMATION_OK"
13412,4019509545,4019509588,1,"IOTHUB_CLIENT_CONFIRMATION_OK"
13413,4019509745,4019509894,1,"IOTHUB_CLIENT_CONFIRMATION_OK"
13414,4019509945,4019509989,1,"IOTHUB_CLIENT_CONFIRMATION_OK"
13415,4019510145,4019510186,1,"IOTHUB_CLIENT_CONFIRMATION_OK"
13416,4019510346,4019510380,1,"IOTHUB_CLIENT_CONFIRMATION_OK"
13417,4019510546,4019510586,1,"IOTHUB_CLIENT_CONFIRMATION_OK"
13418,4019510746,4019510790,1,"IOTHUB_CLIENT_CONFIRMATION_OK"
13419,4019510946,4019511000,1,"IOTHUB_CLIENT_CONFIRMATION_OK"
13420,4019511146,4019511196,1,"IOTHUB_CLIENT_CONFIRMATION_OK"
13421,4019511346,4019511551,1,"IOTHUB_CLIENT_CONFIRMATION_OK"
13422,4019511547,4019511592,1,"IOTHUB_CLIENT_CONFIRMATION_OK"
13423,4019511747,4019511789,1,"IOTHUB_CLIENT_CONFIRMATION_OK"
13424,4019511947,4019511992,1,"IOTHUB_CLIENT_CONFIRMATION_OK"
13425,4019512147,4019512183,1,"IOTHUB_CLIENT_CONFIRMATION_OK"
13426,4019512347,4019512385,1,"IOTHUB_CLIENT_CONFIRMATION_OK"
13427,4019512547,4019512583,1,"IOTHUB_CLIENT_CONFIRMATION_OK"
13428,4019512747,4019512792,1,"IOTHUB_CLIENT_CONFIRMATION_OK"
13429,4019512948,4019512993,1,"IOTHUB_CLIENT_CONFIRMATION_OK"
13430,4019513148,4019513193,1,"IOTHUB_CLIENT_CONFIRMATION_OK"
13431,4019513348,4019513392,1,"IOTHUB_CLIENT_CONFIRMATION_OK"
13432,4019513548,4019513594,1,"IOTHUB_CLIENT_CONFIRMATION_OK"
13433,4019513748,4019513792,1,"IOTHUB_CLIENT_CONFIRMATION_OK"
13434,4019513948,4019514018,1,"IOTHUB_CLIENT_CONFIRMATION_OK"
13435,4019514149,4019514267,1,"IOTHUB_CLIENT_CONFIRMATION_OK"
13436,4019514349,4019514392,1,"IOTHUB_CLIENT_CONFIRMATION_OK"
13437,4019514549,4019514588,1,"IOTHUB_CLIENT_CONFIRMATION_OK"
13438,4019514749,4019514785,1,"IOTHUB_CLIENT_CONFIRMATION_OK"
13439,4019514949,4019514985,1,"IOTHUB_CLIENT_CONFIRMATION_OK"
13440,4019515149,4019515249,1,"IOTHUB_CLIENT_CONFIRMATION_OK"
13441,4019515349,4019515404,1,"IOTHUB_CLIENT_CONFIRMATION_OK"
13442,4019515550,4019515585,1,"IOTHUB_CLIENT_CONFIRMATION_OK"
13443,4019515750,4019515862,1,"IOTHUB_CLIENT_CONFIRMATION_OK"
13444,4019515950,4019516019,1,"IOTHUB_CLIENT_CONFIRMATION_OK"
13445,4019516150,4019516187,1,"IOTHUB_CLIENT_CONFIRMATION_OK"
13446,4019516350,4019516411,1,"IOTHUB_CLIENT_CONFIRMATION_OK"
13447,4019516550,4019516587,1,"IOTHUB_CLIENT_CONFIRMATION_OK"
13448,4019516751,4019516875,1,"IOTHUB_CLIENT_CONFIRMATION_OK"
13449,4019516951,4019516994,1,"IOTHUB_CLIENT_CONFIRMATION_OK"
13450,4019517151,4019517187,1,"IOTHUB_CLIENT_CONFIRMATION_OK"
13451,4019517351,4019517527,1,"IOTHUB_CLIENT_CONFIRMATION_OK"
13452,4019517551,4019517639,1,"IOTHUB_CLIENT_CONFIRMATION_OK"
13453,4019517751,4019517801,1,"IOTHUB_CLIENT_CONFIRMATION_OK"
13454,4019517952,4019517990,1,"IOTHUB_CLIENT_CONFIRMATION_OK"
13455,4019518152,4019518233,1,"IOTHUB_CLIENT_CONFIRMATION_OK"
13456,4019518352,4019518501,1,"IOTHUB_CLIENT_CONFIRMATION_OK"
13457,4019518552,4019518600,1,"IOTHUB_CLIENT_CONFIRMATION_OK"
13458,4019518752,4019518814,1,"IOTHUB_CLIENT_CONFIRMATION_OK"
13459,4019518952,4019519110,1,"IOTHUB_CLIENT_CONFIRMATION_OK"
13460,4019519153,4019519191,1,"IOTHUB_CLIENT_CONFIRMATION_OK"
13461,4019519353,4019519410,1,"IOTHUB_CLIENT_CONFIRMATION_OK"
13462,4019519553,4019519641,1,"IOTHUB_CLIENT_CONFIRMATION_OK"
13463,4019519753,4019519801,1,"IOTHUB_CLIENT_CONFIRMATION_OK"
13464,4019519953,4019520006,1,"IOTHUB_CLIENT_CONFIRMATION_OK"
13465,4019520153,4019520195,1,"IOTHUB_CLIENT_CONFIRMATION_OK"
13466,4019520353,4019520405,1,"IOTHUB_CLIENT_CONFIRMATION_OK"
13467,4019520554,4019520743,1,"IOTHUB_CLIENT_CONFIRMATION_OK"
13468,4019520754,4019520791,1,"IOTHUB_CLIENT_CONFIRMATION_OK"
13469,4019520954,4019520990,1,"IOTHUB_CLIENT_CONFIRMATION_OK"
13470,4019521154,4019521204,1,"IOTHUB_CLIENT_CONFIRMATION_OK"
13471,4019521354,4019521397,1,"IOTHUB_CLIENT_CONFIRMATION_OK"
13472,4019521554,4019521590,1,"IOTHUB_CLIENT_CONFIRMATION_OK"
13473,4019521755,4019521793,1,"IOTHUB_CLIENT_CONFIRMATION_OK"
13474,4019521955,4019521999,1,"IOTHUB_CLIENT_CONFIRMATION_OK"
13475,4019522155,4019522213,1,"IOTHUB_CLIENT_CONFIRMATION_OK"
13476,4019522355,4019522415,1,"IOTHUB_CLIENT_CONFIRMATION_OK"
13477,4019522555,4019522595,1,"IOTHUB_CLIENT_CONFIRMATION_OK"
13478,4019522755,4019522799,1,"IOTHUB_CLIENT_CONFIRMATION_OK"
13479,4019522956,4019522998,1,"IOTHUB_CLIENT_CONFIRMATION_OK"
13480,4019523156,4019523202,1,"IOTHUB_CLIENT_CONFIRMATION_OK"
13481,4019523356,4019523413,1,"IOTHUB_CLIENT_CONFIRMATION_OK"
13482,4019523556,4019523635,1,"IOTHUB_CLIENT_CONFIRMATION_OK"
13483,4019523756,4019523805,1,"IOTHUB_CLIENT_CONFIRMATION_OK"
13484,4019523956,4019523992,1,"IOTHUB_CLIENT_CONFIRMATION_OK"
13485,4019524156,4019524198,1,"IOTHUB_CLIENT_CONFIRMATION_OK"
13486,4019524357,4019524410,1,"IOTHUB_CLIENT_CONFIRMATION_OK"
13487,4019524557,4019524600,1,"IOTHUB_CLIENT_CONFIRMATION_OK"
13488,4019524757,4019524835,1,"IOTHUB_CLIENT_CONFIRMATION_OK"
13489,4019524957,4019525042,1,"IOTHUB_CLIENT_CONFIRMATION_OK"
13490,4019525157,4019525208,1,"IOTHUB_CLIENT_CONFIRMATION_OK"
13491,4019525357,4019525393,1,"IOTHUB_CLIENT_CONFIRMATION_OK"
13492,4019525558,4019525606,1,"IOTHUB_CLIENT_CONFIRMATION_OK"
13493,4019525758,4019525805,1,"IOTHUB_CLIENT_CONFIRMATION_OK"
13494,4019525958,4019526048,1,"IOTHUB_CLIENT_CONFIRMATION_OK"
13495,4019526158,4019526204,1,"IOTHUB_CLIENT_CONFIRMATION_OK"
13496,4019526358,4019526405,1,"IOTHUB_CLIENT_CONFIRMATION_OK"
13497,4019526558,4019526669,1,"IOTHUB_CLIENT_CONFIRMATION_OK"
13498,4019526759,4019526807,1,"IOTHUB_CLIENT_CONFIRMATION_OK"
13499,4019526959,4019527021,1,"IOTHUB_CLIENT_CONFIRMATION_OK"
13500,4019527159,4019527200,1,"IOTHUB_CLIENT_CONFIRMATION_OK"
13501,4019527359,4019527414,1,"IOTHUB_CLIENT_CONFIRMATION_OK"
13502,4019527559,4019527676,1,"IOTHUB_CLIENT_CONFIRMATION_OK"
13503,4019527759,4019527810,1,"IOTHUB_CLIENT_CONFIRMATION_OK"
13504,4019527959,4019527995,1,"IOTHUB_CLIENT_CONFIRMATION_OK"
13505,4019528160,4019528334,1,"IOTHUB_CLIENT_CONFIRMATION_OK"
13506,4019528360,4019528405,1,"IOTHUB_CLIENT_CONFIRMATION_OK"
13507,4019528560,4019528607,1,"IOTHUB_CLIENT_CONFIRMATION_OK"
13508,4019528760,4019528829,1,"IOTHUB_CLIENT_CONFIRMATION_OK"
13509,4019528960,4019529015,1,"IOTHUB_CLIENT_CONFIRMATION_OK"
13510,4019529160,4019529317,1,"IOTHUB_CLIENT_CONFIRMATION_OK"
13511,4019529361,4019529407,1,"IOTHUB_CLIENT_CONFIRMATION_OK"
13512,4019529561,4019529603,1,"IOTHUB_CLIENT_CONFIRMATION_OK"
13513,4019529761,4019529802,1,"IOTHUB_CLIENT_CONFIRMATION_OK"
13514,4019529961,4019530002,1,"IOTHUB_CLIENT_CONFIRMATION_OK"
13515,4019530161,4019530243,1,"IOTHUB_CLIENT_CONFIRMATION_OK"
13516,4019530361,4019530402,1,"IOTHUB_CLIENT_CONFIRMATION_OK"
13517,4019530561,4019530660,1,"IOTHUB_CLIENT_CONFIRMATION_OK"
13518,4019530762,4019530925,1,"IOTHUB_CLIENT_CONFIRMATION_OK"
13519,4019530962,4019531088,1,"IOTHUB_CLIENT_CONFIRMATION_OK"
13520,4019531162,4019531208,1,"IOTHUB_CLIENT_CONFIRMATION_OK"
13521,4019531362,4019531423,1,"IOTHUB_CLIENT_CONFIRMATION_OK"
13522,4019531562,4019531600,1,"IOTHUB_CLIENT_CONFIRMATION_OK"
13523,4019531762,4019531810,1,"IOTHUB_CLIENT_CONFIRMATION_OK"
13524,4019531963,4019532016,1,"IOTHUB_CLIENT_CONFIRMATION_OK"
13525,4019532163,4019532218,1,"IOTHUB_CLIENT_CONFIRMATION_OK"
13526,4019532363,4019532420,1,"IOTHUB_CLIENT_CONFIRMATION_OK"
13527,4019532563,4019532599,1,"IOTHUB_CLIENT_CONFIRMATION_OK"
13528,4019532763,4019532802,1,"IOTHUB_CLIENT_CONFIRMATION_OK"
13529,4019532963,4019533002,1,"IOTHUB_CLIENT_CONFIRMATION_OK"
13530,4019533163,4019533201,1,"IOTHUB_CLIENT_CONFIRMATION_OK"
13531,4019533364,4019533417,1,"IOTHUB_CLIENT_CONFIRMATION_OK"
13532,4019533564,4019533611,1,"IOTHUB_CLIENT_CONFIRMATION_OK"
13533,4019533764,4019533835,1,"IOTHUB_CLIENT_CONFIRMATION_OK"
13534,4019533964,4019534010,1,"IOTHUB_CLIENT_CONFIRMATION_OK"
13535,4019534164,4019534201,1,"IOTHUB_CLIENT_CONFIRMATION_OK"
13536,4019534364,4019534457,1,"IOTHUB_CLIENT_CONFIRMATION_OK"
13537,4019534564,4019534604,1,"IOTHUB_CLIENT_CONFIRMATION_OK"
13538,4019534765,4019534800,1,"IOTHUB_CLIENT_CONFIRMATION_OK"
13539,4019534965,4019535004,1,"IOTHUB_CLIENT_CONFIRMATION_OK"
13540,4019535165,4019535211,1,"IOTHUB_CLIENT_CONFIRMATION_OK"
13541,4019535365,4019535400,1,"IOTHUB_CLIENT_CONFIRMATION_OK"
13542,4019535565,4019535615,1,"IOTHUB_CLIENT_CONFIRMATION_OK"
13543,4019535765,4019535836,1,"IOTHUB_CLIENT_CONFIRMATION_OK"
13544,4019535966,4019536004,1,"IOTHUB_CLIENT_CONFIRMATION_OK"
13545,4019536166,4019536229,1,"IOTHUB_CLIENT_CONFIRMATION_OK"
13546,4019536366,4019536410,1,"IOTHUB_CLIENT_CONFIRMATION_OK"
13547,4019536566,4019536694,1,"IOTHUB_CLIENT_CONFIRMATION_OK"
13548,4019536766,4019536921,1,"IOTHUB_CLIENT_CONFIRMATION_OK"
13549,4019536966,4019537013,1,"IOTHUB_CLIENT_CONFIRMATION_OK"
13550,4019537166,4019537213,1,"IOTHUB_CLIENT_CONFIRMATION_OK"
13551,4019537367,4019537409,1,"IOTHUB_CLIENT_CONFIRMATION_OK"
13552,4019537567,4019537613,1,"IOTHUB_CLIENT_CONFIRMATION_OK"
13553,4019537767,4019537809,1,"IOTHUB_CLIENT_CONFIRMATION_OK"
13554,4019537967,4019538015,1,"IOTHUB_CLIENT_CONFIRMATION_OK"
13555,4019538167,4019538237,1,"IOTHUB_CLIENT_CONFIRMATION_OK"
13556,4019538367,4019538425,1,"IOTHUB_CLIENT_CONFIRMATION_OK"
13557,4019538568,4019538601,1,"IOTHUB_CLIENT_CONFIRMATION_OK"
13558,4019538768,4019538807,1,"IOTHUB_CLIENT_CONFIRMATION_OK"
13559,4019538968,4019539015,1,"IOTHUB_CLIENT_CONFIRMATION_OK"
13560,4019539168,4019539209,1,"IOTHUB_CLIENT_CONFIRMATION_OK"
13561,4019539368,4019539412,1,"IOTHUB_CLIENT_CONFIRMATION_OK"
13562,4019539568,4019539619,1,"IOTHUB_CLIENT_CONFIRMATION_OK"
13563,4019539768,4019539811,1,"IOTHUB_CLIENT_CONFIRMATION_OK"
13564,4019539969,4019540057,1,"IOTHUB_CLIENT_CONFIRMATION_OK"
13565,4019540169,4019540223,1,"IOTHUB_CLIENT_CONFIRMATION_OK"
13566,4019540369,4019540433,1,"IOTHUB_CLIENT_CONFIRMATION_OK"
13567,4019540569,4019540643,1,"IOTHUB_CLIENT_CONFIRMATION_OK"
13568,4019540769,4019540806,1,"IOTHUB_CLIENT_CONFIRMATION_OK"
13569,4019540969,4019541027,1,"IOTHUB_CLIENT_CONFIRMATION_OK"
13570,4019541170,4019541263,1,"IOTHUB_CLIENT_CONFIRMATION_OK"
13571,4019541370,4019541475,1,"IOTHUB_CLIENT_CONFIRMATION_OK"
13572,4019541570,4019541625,1,"IOTHUB_CLIENT_CONFIRMATION_OK"
13573,4019541770,4019541821,1,"IOTHUB_CLIENT_CONFIRMATION_OK"
13574,4019541970,4019542013,1,"IOTHUB_CLIENT_CONFIRMATION_OK"
13575,4019542170,4019542261,1,"IOTHUB_CLIENT_CONFIRMATION_OK"
13576,4019542370,4019542423,1,"IOTHUB_CLIENT_CONFIRMATION_OK"
13577,4019542571,4019542614,1,"IOTHUB_CLIENT_CONFIRMATION_OK"
13578,4019542771,4019542894,1,"IOTHUB_CLIENT_CONFIRMATION_OK"
13579,4019542971,4019543010,1,"IOTHUB_CLIENT_CONFIRMATION_OK"
13580,4019543171,4019543220,1,"IOTHUB_CLIENT_CONFIRMATION_OK"
13581,4019543371,4019543429,1,"IOTHUB_CLIENT_CONFIRMATION_OK"
13582,4019543571,4019543610,1,"IOTHUB_CLIENT_CONFIRMATION_OK"
13583,4019543772,4019543883,1,"IOTHUB_CLIENT_CONFIRMATION_OK"
13584,4019543972,4019544024,1,"IOTHUB_CLIENT_CONFIRMATION_OK"
13585,4019544172,4019544212,1,"IOTHUB_CLIENT_CONFIRMATION_OK"
13586,4019544372,4019544497,1,"IOTHUB_CLIENT_CONFIRMATION_OK"
13587,4019544572,4019544632,1,"IOTHUB_CLIENT_CONFIRMATION_OK"
13588,4019544772,4019544814,1,"IOTHUB_CLIENT_CONFIRMATION_OK"
13589,4019544972,4019545027,1,"IOTHUB_CLIENT_CONFIRMATION_OK"
13590,4019545173,4019545221,1,"IOTHUB_CLIENT_CONFIRMATION_OK"
13591,4019545373,4019545540,1,"IOTHUB_CLIENT_CONFIRMATION_OK"
13592,4019545573,4019545614,1,"IOTHUB_CLIENT_CONFIRMATION_OK"
13593,4019545773,4019545828,1,"IOTHUB_CLIENT_CONFIRMATION_OK"
13594,4019545973,4019546135,1,"IOTHUB_CLIENT_CONFIRMATION_OK"
13595,4019546173,4019546230,1,"IOTHUB_CLIENT_CONFIRMATION_OK"
13596,4019546373,4019546442,1,"IOTHUB_CLIENT_CONFIRMATION_OK"
13597,4019546574,4019546613,1,"IOTHUB_CLIENT_CONFIRMATION_OK"
13598,4019546774,4019546827,1,"IOTHUB_CLIENT_CONFIRMATION_OK"
13599,4019546974,4019547051,1,"IOTHUB_CLIENT_CONFIRMATION_OK"
13600,4019547174,4019547214,1,"IOTHUB_CLIENT_CONFIRMATION_OK"
13601,4019547374,4019547410,1,"IOTHUB_CLIENT_CONFIRMATION_OK"
13602,4019547574,4019547812,1,"IOTHUB_CLIENT_CONFIRMATION_OK"
13603,4019547775,4019547905,1,"IOTHUB_CLIENT_CONFIRMATION_OK"
13604,4019547975,4019548027,1,"IOTHUB_CLIENT_CONFIRMATION_OK"
13605,4019548175,4019548256,1,"IOTHUB_CLIENT_CONFIRMATION_OK"
13606,4019548375,4019548441,1,"IOTHUB_CLIENT_CONFIRMATION_OK"
13607,4019548575,4019548649,1,"IOTHUB_CLIENT_CONFIRMATION_OK"
13608,4019548775,4019548815,1,"IOTHUB_CLIENT_CONFIRMATION_OK"
13609,4019548976,4019549032,1,"IOTHUB_CLIENT_CONFIRMATION_OK"
13610,4019549176,4019549221,1,"IOTHUB_CLIENT_CONFIRMATION_OK"
13611,4019549376,4019549417,1,"IOTHUB_CLIENT_CONFIRMATION_OK"
13612,4019549576,4019549622,1,"IOTHUB_CLIENT_CONFIRMATION_OK"
13613,4019549776,4019549826,1,"IOTHUB_CLIENT_CONFIRMATION_OK"
13614,4019549976,4019550032,1,"IOTHUB_CLIENT_CONFIRMATION_OK"
13615,4019550176,4019550214,1,"IOTHUB_CLIENT_CONFIRMATION_OK"
13616,4019550377,4019550453,1,"IOTHUB_CLIENT_CONFIRMATION_OK"
13617,4019550577,4019550622,1,"IOTHUB_CLIENT_CONFIRMATION_OK"
13618,4019550777,4019550828,1,"IOTHUB_CLIENT_CONFIRMATION_OK"
13619,4019550977,4019551033,1,"IOTHUB_CLIENT_CONFIRMATION_OK"
13620,4019551177,4019551220,1,"IOTHUB_CLIENT_CONFIRMATION_OK"
13621,4019551377,4019551441,1,"IOTHUB_CLIENT_CONFIRMATION_OK"
13622,4019551577,4019551623,1,"IOTHUB_CLIENT_CONFIRMATION_OK"
13623,4019551778,4019551813,1,"IOTHUB_CLIENT_CONFIRMATION_OK"
13624,4019551978,4019552092,1,"IOTHUB_CLIENT_CONFIRMATION_OK"
13625,4019552178,4019552219,1,"IOTHUB_CLIENT_CONFIRMATION_OK"
13626,4019552378,4019552420,1,"IOTHUB_CLIENT_CONFIRMATION_OK"
13627,4019552578,4019552681,1,"IOTHUB_CLIENT_CONFIRMATION_OK"
13628,4019552778,4019552831,1,"IOTHUB_CLIENT_CONFIRMATION_OK"
13629,4019552979,4019553115,1,"IOTHUB_CLIENT_CONFIRMATION_OK"
13630,4019553179,4019553225,1,"IOTHUB_CLIENT_CONFIRMATION_OK"
13631,4019553379,4019553435,1,"IOTHUB_CLIENT_CONFIRMATION_OK"
13632,4019553579,4019553639,1,"IOTHUB_CLIENT_CONFIRMATION_OK"
13633,4019553779,4019553827,1,"IOTHUB_CLIENT_CONFIRMATION_OK"
13634,4019553979,4019554019,1,"IOTHUB_CLIENT_CONFIRMATION_OK"
13635,4019554179,4019554215,1,"IOTHUB_CLIENT_CONFIRMATION_OK"
13636,4019554380,4019554441,1,"IOTHUB_CLIENT_CONFIRMATION_OK"
13637,4019554580,4019554773,1,"IOTHUB_CLIENT_CONFIRMATION_OK"
13638,4019554780,4019554820,1,"IOTHUB_CLIENT_CONFIRMATION_OK"
13639,4019554980,4019555015,1,"IOTHUB_CLIENT_CONFIRMATION_OK"
13640,4019555180,4019555225,1,"IOTHUB_CLIENT_CONFIRMATION_OK"
13641,4019555380,4019555419,1,"IOTHUB_CLIENT_CONFIRMATION_OK"
13642,4019555580,4019555629,1,"IOTHUB_CLIENT_CONFIRMATION_OK"
13643,4019555781,4019555821,1,"IOTHUB_CLIENT_CONFIRMATION_OK"
13644,4019555981,4019556028,1,"IOTHUB_CLIENT_CONFIRMATION_OK"
13645,4019556181,4019556225,1,"IOTHUB_CLIENT_CONFIRMATION_OK"
13646,4019556381,4019556424,1,"IOTHUB_CLIENT_CONFIRMATION_OK"
13647,4019556581,4019556626,1,"IOTHUB_CLIENT_CONFIRMATION_OK"
13648,4019556781,4019556873,1,"IOTHUB_CLIENT_CONFIRMATION_OK"
13649,4019556982,4019557069,1,"IOTHUB_CLIENT_CONFIRMATION_OK"
13650,4019557182,4019557218,1,"IOTHUB_CLIENT_CONFIRMATION_OK"
13651,4019557382,4019557493,1,"IOTHUB_CLIENT_CONFIRMATION_OK"
13652,4019557582,4019557620,1,"IOTHUB_CLIENT_CONFIRMATION_OK"
13653,4019557782,4019557836,1,"IOTHUB_CLIENT_CONFIRMATION_OK"
13654,4019557982,4019558034,1,"IOTHUB_CLIENT_CONFIRMATION_OK"
13655,4019558183,4019558255,1,"IOTHUB_CLIENT_CONFIRMATION_OK"
13656,4019558383,4019558528,1,"IOTHUB_CLIENT_CONFIRMATION_OK"
13657,4019558583,4019558618,1,"IOTHUB_CLIENT_CONFIRMATION_OK"
13658,4019558783,4019558839,1,"IOTHUB_CLIENT_CONFIRMATION_OK"
13659,4019558983,4019559024,1,"IOTHUB_CLIENT_CONFIRMATION_OK"
13660,4019559183,4019559252,1,"IOTHUB_CLIENT_CONFIRMATION_OK"
13661,4019559383,4019559423,1,"IOTHUB_CLIENT_CONFIRMATION_OK"
13662,4019559584,4019559633,1,"IOTHUB_CLIENT_CONFIRMATION_OK"
13663,4019559784,4019559823,1,"IOTHUB_CLIENT_CONFIRMATION_OK"
13664,4019559984,4019560169,1,"IOTHUB_CLIENT_CONFIRMATION_OK"
13665,4019560184,4019560226,1,"IOTHUB_CLIENT_CONFIRMATION_OK"
13666,4019560384,4019560443,1,"IOTHUB_CLIENT_CONFIRMATION_OK"
13667,4019560584,4019560630,1,"IOTHUB_CLIENT_CONFIRMATION_OK"
13668,4019560785,4019560841,1,"IOTHUB_CLIENT_CONFIRMATION_OK"
13669,4019560985,4019561061,1,"IOTHUB_CLIENT_CONFIRMATION_OK"
13670,4019561185,4019561245,1,"IOTHUB_CLIENT_CONFIRMATION_OK"
13671,4019561385,4019561427,1,"IOTHUB_CLIENT_CONFIRMATION_OK"
13672,4019561585,4019561629,1,"IOTHUB_CLIENT_CONFIRMATION_OK"
13673,4019561785,4019561838,1,"IOTHUB_CLIENT_CONFIRMATION_OK"
13674,4019561985,4019562102,1,"IOTHUB_CLIENT_CONFIRMATION_OK"
13675,4019562186,4019562253,1,"IOTHUB_CLIENT_CONFIRMATION_OK"
13676,4019562386,4019562432,1,"IOTHUB_CLIENT_CONFIRMATION_OK"
13677,4019562586,4019562642,1,"IOTHUB_CLIENT_CONFIRMATION_OK"
13678,4019562786,4019562862,1,"IOTHUB_CLIENT_CONFIRMATION_OK"
13679,4019562986,4019563039,1,"IOTHUB_CLIENT_CONFIRMATION_OK"
13680,4019563186,4019563230,1,"IOTHUB_CLIENT_CONFIRMATION_OK"
13681,4019563387,4019563496,1,"IOTHUB_CLIENT_CONFIRMATION_OK"
13682,4019563587,4019563634,1,"IOTHUB_CLIENT_CONFIRMATION_OK"
13683,4019563787,4019563865,1,"IOTHUB_CLIENT_CONFIRMATION_OK"
13684,4019563987,4019564030,1,"IOTHUB_CLIENT_CONFIRMATION_OK"
13685,4019564187,4019564229,1,"IOTHUB_CLIENT_CONFIRMATION_OK"
13686,4019564387,4019564476,1,"IOTHUB_CLIENT_CONFIRMATION_OK"
13687,4019564587,4019564637,1,"IOTHUB_CLIENT_CONFIRMATION_OK"
13688,4019564788,4019564823,1,"IOTHUB_CLIENT_CONFIRMATION_OK"
13689,4019564988,4019565042,1,"IOTHUB_CLIENT_CONFIRMATION_OK"
13690,4019565188,4019565227,1,"IOTHUB_CLIENT_CONFIRMATION_OK"
13691,4019565388,4019565592,1,"IOTHUB_CLIENT_CONFIRMATION_OK"
13692,4019565588,4019565626,1,"IOTHUB_CLIENT_CONFIRMATION_OK"
13693,4019565788,4019565830,1,"IOTHUB_CLIENT_CONFIRMATION_OK"
13694,4019565989,4019566139,1,"IOTHUB_CLIENT_CONFIRMATION_OK"
13695,4019566189,4019566237,1,"IOTHUB_CLIENT_CONFIRMATION_OK"
13696,4019566389,4019566443,1,"IOTHUB_CLIENT_CONFIRMATION_OK"
13697,4019566589,4019566637,1,"IOTHUB_CLIENT_CONFIRMATION_OK"
13698,4019566789,4019566845,1,"IOTHUB_CLIENT_CONFIRMATION_OK"
13699,4019566989,4019567038,1,"IOTHUB_CLIENT_CONFIRMATION_OK"
13700,4019567190,4019567243,1,"IOTHUB_CLIENT_CONFIRMATION_OK"
13701,4019567390,4019567435,1,"IOTHUB_CLIENT_CONFIRMATION_OK"
13702,4019567590,4019567725,1,"IOTHUB_CLIENT_CONFIRMATION_OK"
13703,4019567790,4019567828,1,"IOTHUB_CLIENT_CONFIRMATION_OK"
13704,4019567990,4019568037,1,"IOTHUB_CLIENT_CONFIRMATION_OK"
13705,4019568190,4019568236,1,"IOTHUB_CLIENT_CONFIRMATION_OK"
13706,4019568391,4019568433,1,"IOTHUB_CLIENT_CONFIRMATION_OK"
13707,4019568591,4019568656,1,"IOTHUB_CLIENT_CONFIRMATION_OK"
13708,4019568791,4019568830,1,"IOTHUB_CLIENT_CONFIRMATION_OK"
13709,4019568991,4019569056,1,"IOTHUB_CLIENT_CONFIRMATION_OK"
13710,4019569191,4019569425,1,"IOTHUB_CLIENT_CONFIRMATION_OK"
13711,4019569391,4019569449,1,"IOTHUB_CLIENT_CONFIRMATION_OK"
13712,4019569592,4019569631,1,"IOTHUB_CLIENT_CONFIRMATION_OK"
13713,4019569792,4019570020,1,"IOTHUB_CLIENT_CONFIRMATION_OK"
13714,4019569992,4019570048,1,"IOTHUB_CLIENT_CONFIRMATION_OK"
13715,4019570192,4019570251,1,"IOTHUB_CLIENT_CONFIRMATION_OK"
13716,4019570392,4019570437,1,"IOTHUB_CLIENT_CONFIRMATION_OK"
13717,4019570592,4019570632,1,"IOTHUB_CLIENT_CONFIRMATION_OK"
13718,4019570793,4019570861,1,"IOTHUB_CLIENT_CONFIRMATION_OK"
13719,4019570993,4019571034,1,"IOTHUB_CLIENT_CONFIRMATION_OK"
13720,4019571193,4019571235,1,"IOTHUB_CLIENT_CONFIRMATION_OK"
13721,4019571393,4019571449,1,"IOTHUB_CLIENT_CONFIRMATION_OK"
13722,4019571593,4019571635,1,"IOTHUB_CLIENT_CONFIRMATION_OK"
13723,4019571793,4019571842,1,"IOTHUB_CLIENT_CONFIRMATION_OK"
13724,4019571994,4019572065,1,"IOTHUB_CLIENT_CONFIRMATION_OK"
13725,4019572194,4019572239,1,"IOTHUB_CLIENT_CONFIRMATION_OK"
13726,4019572394,4019572447,1,"IOTHUB_CLIENT_CONFIRMATION_OK"
13727,4019572594,4019572629,1,"IOTHUB_CLIENT_CONFIRMATION_OK"
13728,4019572794,4019572838,1,"IOTHUB_CLIENT_CONFIRMATION_OK"
13729,4019572994,4019573148,1,"IOTHUB_CLIENT_CONFIRMATION_OK"
13730,4019573194,4019573239,1,"IOTHUB_CLIENT_CONFIRMATION_OK"
13731,4019573395,4019573444,1,"IOTHUB_CLIENT_CONFIRMATION_OK"
13732,4019573595,4019573636,1,"IOTHUB_CLIENT_CONFIRMATION_OK"
13733,4019573795,4019573850,1,"IOTHUB_CLIENT_CONFIRMATION_OK"
13734,4019573995,4019574030,1,"IOTHUB_CLIENT_CONFIRMATION_OK"
13735,4019574195,4019574331,1,"IOTHUB_CLIENT_CONFIRMATION_OK"
13736,4019574395,4019574463,1,"IOTHUB_CLIENT_CONFIRMATION_OK"
13737,4019574596,4019574780,1,"IOTHUB_CLIENT_CONFIRMATION_OK"
13738,4019574796,4019574842,1,"IOTHUB_CLIENT_CONFIRMATION_OK"
13739,4019574996,4019575048,1,"IOTHUB_CLIENT_CONFIRMATION_OK"
13740,4019575196,4019575285,1,"IOTHUB_CLIENT_CONFIRMATION_OK"
13741,4019575396,4019575445,1,"IOTHUB_CLIENT_CONFIRMATION_OK"
13742,4019575596,4019575627,1,"IOTHUB_CLIENT_CONFIRMATION_OK"
13743,4019575796,4019575861,1,"IOTHUB_CLIENT_CONFIRMATION_OK"
13744,4019575997,4019576040,1,"IOTHUB_CLIENT_CONFIRMATION_OK"
13745,4019576197,4019576462,1,"IOTHUB_CLIENT_CONFIRMATION_OK"
13746,4019576397,4019576495,1,"IOTHUB_CLIENT_CONFIRMATION_OK"
13747,4019576597,4019576643,1,"IOTHUB_CLIENT_CONFIRMATION_OK"
13748,4019576797,4019576857,1,"IOTHUB_CLIENT_CONFIRMATION_OK"
13749,4019576997,4019577045,1,"IOTHUB_CLIENT_CONFIRMATION_OK"
13750,4019577198,4019577242,1,"IOTHUB_CLIENT_CONFIRMATION_OK"
13751,4019577398,4019577441,1,"IOTHUB_CLIENT_CONFIRMATION_OK"
13752,4019577598,4019577637,1,"IOTHUB_CLIENT_CONFIRMATION_OK"
13753,4019577798,4019577848,1,"IOTHUB_CLIENT_CONFIRMATION_OK"
13754,4019577998,4019578034,1,"IOTHUB_CLIENT_CONFIRMATION_OK"
13755,4019578198,4019578243,1,"IOTHUB_CLIENT_CONFIRMATION_OK"
13756,4019578399,4019578482,1,"IOTHUB_CLIENT_CONFIRMATION_OK"
13757,4019578599,4019578636,1,"IOTHUB_CLIENT_CONFIRMATION_OK"
13758,4019578799,4019578855,1,"IOTHUB_CLIENT_CONFIRMATION_OK"
13759,4019578999,4019579092,1,"IOTHUB_CLIENT_CONFIRMATION_OK"
13760,4019579199,4019579244,1,"IOTHUB_CLIENT_CONFIRMATION_OK"
13761,4019579399,4019579461,1,"IOTHUB_CLIENT_CONFIRMATION_OK"
13762,4019579599,4019579642,1,"IOTHUB_CLIENT_CONFIRMATION_OK"
13763,4019579800,4019579843,1,"IOTHUB_CLIENT_CONFIRMATION_OK"
13764,4019580000,4019580209,1,"IOTHUB_CLIENT_CONFIRMATION_OK"
13765,4019580200,4019580260,1,"IOTHUB_CLIENT_CONFIRMATION_OK"
13766,4019580400,4019580436,1,"IOTHUB_CLIENT_CONFIRMATION_OK"
13767,4019580600,4019580740,1,"IOTHUB_CLIENT_CONFIRMATION_OK"
13768,4019580800,4019580863,1,"IOTHUB_CLIENT_CONFIRMATION_OK"
13769,4019581001,4019581081,1,"IOTHUB_CLIENT_CONFIRMATION_OK"
13770,4019581201,4019581236,1,"IOTHUB_CLIENT_CONFIRMATION_OK"
13771,4019581401,4019581439,1,"IOTHUB_CLIENT_CONFIRMATION_OK"
13772,4019581601,4019581730,1,"IOTHUB_CLIENT_CONFIRMATION_OK"
13773,4019581801,4019581866,1,"IOTHUB_CLIENT_CONFIRMATION_OK"
13774,4019582001,4019582049,1,"IOTHUB_CLIENT_CONFIRMATION_OK"
13775,4019582202,4019582355,1,"IOTHUB_CLIENT_CONFIRMATION_OK"
13776,4019582402,4019582448,1,"IOTHUB_CLIENT_CONFIRMATION_OK"
13777,4019582602,4019582644,1,"IOTHUB_CLIENT_CONFIRMATION_OK"
13778,4019582802,4019582855,1,"IOTHUB_CLIENT_CONFIRMATION_OK"
13779,4019583002,4019583045,1,"IOTHUB_CLIENT_CONFIRMATION_OK"
13780,4019583202,4019583262,1,"IOTHUB_CLIENT_CONFIRMATION_OK"
13781,4019583403,4019583480,1,"IOTHUB_CLIENT_CONFIRMATION_OK"
13782,4019583603,4019583639,1,"IOTHUB_CLIENT_CONFIRMATION_OK"
13783,4019583803,4019583983,1,"IOTHUB_CLIENT_CONFIRMATION_OK"
13784,4019584003,4019584070,1,"IOTHUB_CLIENT_CONFIRMATION_OK"
13785,4019584203,4019584271,1,"IOTHUB_CLIENT_CONFIRMATION_OK"
13786,4019584403,4019584444,1,"IOTHUB_CLIENT_CONFIRMATION_OK"
13787,4019584603,4019584663,1,"IOTHUB_CLIENT_CONFIRMATION_OK"
13788,4019584804,4019584844,1,"IOTHUB_CLIENT_CONFIRMATION_OK"
13789,4019585004,4019585044,1,"IOTHUB_CLIENT_CONFIRMATION_OK"
13790,4019585204,4019585258,1,"IOTHUB_CLIENT_CONFIRMATION_OK"
13791,4019585404,4019585607,1,"IOTHUB_CLIENT_CONFIRMATION_OK"
13792,4019585604,4019585716,1,"IOTHUB_CLIENT_CONFIRMATION_OK"
13793,4019585804,4019585885,1,"IOTHUB_CLIENT_CONFIRMATION_OK"
13794,4019586005,4019586048,1,"IOTHUB_CLIENT_CONFIRMATION_OK"
13795,4019586205,4019586248,1,"IOTHUB_CLIENT_CONFIRMATION_OK"
13796,4019586405,4019586446,1,"IOTHUB_CLIENT_CONFIRMATION_OK"
13797,4019586605,4019586653,1,"IOTHUB_CLIENT_CONFIRMATION_OK"
13798,4019586805,4019586861,1,"IOTHUB_CLIENT_CONFIRMATION_OK"
13799,4019587005,4019587220,1,"IOTHUB_CLIENT_CONFIRMATION_OK"
13800,4019587206,4019587245,1,"IOTHUB_CLIENT_CONFIRMATION_OK"
13801,4019587406,4019587450,1,"IOTHUB_CLIENT_CONFIRMATION_OK"
13802,4019587606,4019587645,1,"IOTHUB_CLIENT_CONFIRMATION_OK"
13803,4019587806,4019587859,1,"IOTHUB_CLIENT_CONFIRMATION_OK"
13804,4019588006,4019588050,1,"IOTHUB_CLIENT_CONFIRMATION_OK"
13805,4019588206,4019588291,1,"IOTHUB_CLIENT_CONFIRMATION_OK"
13806,4019588406,4019588453,1,"IOTHUB_CLIENT_CONFIRMATION_OK"
13807,4019588607,4019588657,1,"IOTHUB_CLIENT_CONFIRMATION_OK"
13808,4019588807,4019588852,1,"IOTHUB_CLIENT_CONFIRMATION_OK"
13809,4019589007,4019589043,1,"IOTHUB_CLIENT_CONFIRMATION_OK"
13810,4019589207,4019589306,1,"IOTHUB_CLIENT_CONFIRMATION_OK"
13811,4019589407,4019589467,1,"IOTHUB_CLIENT_CONFIRMATION_OK"
13812,4019589607,4019589666,1,"IOTHUB_CLIENT_CONFIRMATION_OK"
13813,4019589808,4019589921,1,"IOTHUB_CLIENT_CONFIRMATION_OK"
13814,4019590008,4019590051,1,"IOTHUB_CLIENT_CONFIRMATION_OK"
13815,4019590208,4019590259,1,"IOTHUB_CLIENT_CONFIRMATION_OK"
13816,4019590408,4019590445,1,"IOTHUB_CLIENT_CONFIRMATION_OK"
13817,4019590608,4019590650,1,"IOTHUB_CLIENT_CONFIRMATION_OK"
13818,4019590808,4019590938,1,"IOTHUB_CLIENT_CONFIRMATION_OK"
13819,4019591008,4019591054,1,"IOTHUB_CLIENT_CONFIRMATION_OK"
13820,4019591209,4019591251,1,"IOTHUB_CLIENT_CONFIRMATION_OK"
13821,4019591409,4019591553,1,"IOTHUB_CLIENT_CONFIRMATION_OK"
13822,4019591609,4019591741,1,"IOTHUB_CLIENT_CONFIRMATION_OK"
13823,4019591809,4019591846,1,"IOTHUB_CLIENT_CONFIRMATION_OK"
13824,4019592009,4019592071,1,"IOTHUB_CLIENT_CONFIRMATION_OK"
13825,4019592209,4019592250,1,"IOTHUB_CLIENT_CONFIRMATION_OK"
13826,4019592410,4019592445,1,"IOTHUB_CLIENT_CONFIRMATION_OK"
13827,4019592610,4019592673,1,"IOTHUB_CLIENT_CONFIRMATION_OK"
13828,4019592810,4019592851,1,"IOTHUB_CLIENT_CONFIRMATION_OK"
13829,4019593010,4019593044,1,"IOTHUB_CLIENT_CONFIRMATION_OK"
13830,4019593210,4019593260,1,"IOTHUB_CLIENT_CONFIRMATION_OK"
13831,4019593410,4019593470,1,"IOTHUB_CLIENT_CONFIRMATION_OK"
13832,4019593610,4019593717,1,"IOTHUB_CLIENT_CONFIRMATION_OK"
13833,4019593811,4019593862,1,"IOTHUB_CLIENT_CONFIRMATION_OK"
13834,4019594011,4019594055,1,"IOTHUB_CLIENT_CONFIRMATION_OK"
13835,4019594211,4019594290,1,"IOTHUB_CLIENT_CONFIRMATION_OK"
13836,4019594411,4019594466,1,"IOTHUB_CLIENT_CONFIRMATION_OK"
13837,4019594611,4019594726,1,"IOTHUB_CLIENT_CONFIRMATION_OK"
13838,4019594811,4019594856,1,"IOTHUB_CLIENT_CONFIRMATION_OK"
13839,4019595011,4019595062,1,"IOTHUB_CLIENT_CONFIRMATION_OK"
13840,4019595212,4019595333,1,"IOTHUB_CLIENT_CONFIRMATION_OK"
13841,4019595412,4019595459,1,"IOTHUB_CLIENT_CONFIRMATION_OK"
13842,4019595612,4019595683,1,"IOTHUB_CLIENT_CONFIRMATION_OK"
13843,4019595812,4019595854,1,"IOTHUB_CLIENT_CONFIRMATION_OK"
13844,4019596012,4019596051,1,"IOTHUB_CLIENT_CONFIRMATION_OK"
13845,4019596212,4019596418,1,"IOTHUB_CLIENT_CONFIRMATION_OK"
13846,4019596413,4019596447,1,"IOTHUB_CLIENT_CONFIRMATION_OK"
13847,4019596613,4019596684,1,"IOTHUB_CLIENT_CONFIRMATION_OK"
13848,4019596813,4019596974,1,"IOTHUB_CLIENT_CONFIRMATION_OK"
13849,4019597013,4019597048,1,"IOTHUB_CLIENT_CONFIRMATION_OK"
13850,4019597213,4019597263,1,"IOTHUB_CLIENT_CONFIRMATION_OK"
13851,4019597413,4019597475,1,"IOTHUB_CLIENT_CONFIRMATION_OK"
13852,4019597614,4019597764,1,"IOTHUB_CLIENT_CONFIRMATION_OK"
13853,4019597814,4019597854,1,"IOTHUB_CLIENT_CONFIRMATION_OK"
13854,4019598014,4019598053,1,"IOTHUB_CLIENT_CONFIRMATION_OK"
13855,4019598214,4019598258,1,"IOTHUB_CLIENT_CONFIRMATION_OK"
13856,4019598414,4019598613,1,"IOTHUB_CLIENT_CONFIRMATION_OK"
13857,4019598614,4019598657,1,"IOTHUB_CLIENT_CONFIRMATION_OK"
13858,4019598815,4019598854,1,"IOTHUB_CLIENT_CONFIRMATION_OK"
13859,4019599015,4019599052,1,"IOTHUB_CLIENT_CONFIRMATION_OK"
13860,4019599215,4019599259,1,"IOTHUB_CLIENT_CONFIRMATION_OK"
13861,4019599415,4019599456,1,"IOTHUB_CLIENT_CONFIRMATION_OK"
13862,4019599615,4019599659,1,"IOTHUB_CLIENT_CONFIRMATION_OK"
13863,4019599815,4019599856,1,"IOTHUB_CLIENT_CONFIRMATION_OK"
13864,4019600016,4019600226,1,"IOTHUB_CLIENT_CONFIRMATION_OK"
13865,4019600216,4019600288,1,"IOTHUB_CLIENT_CONFIRMATION_OK"
13866,4019600416,4019600459,1,"IOTHUB_CLIENT_CONFIRMATION_OK"
13867,4019600616,4019600666,1,"IOTHUB_CLIENT_CONFIRMATION_OK"
13868,4019600816,4019600866,1,"IOTHUB_CLIENT_CONFIRMATION_OK"
13869,4019601016,4019601060,1,"IOTHUB_CLIENT_CONFIRMATION_OK"
13870,4019601216,4019601263,1,"IOTHUB_CLIENT_CONFIRMATION_OK"
13871,4019601417,4019601459,1,"IOTHUB_CLIENT_CONFIRMATION_OK"
13872,4019601617,4019601668,1,"IOTHUB_CLIENT_CONFIRMATION_OK"
13873,4019601817,4019601935,1,"IOTHUB_CLIENT_CONFIRMATION_OK"
13874,4019602017,4019602053,1,"IOTHUB_CLIENT_CONFIRMATION_OK"
13875,4019602217,4019602267,1,"IOTHUB_CLIENT_CONFIRMATION_OK"
13876,4019602417,4019602458,1,"IOTHUB_CLIENT_CONFIRMATION_OK"
13877,4019602618,4019602657,1,"IOTHUB_CLIENT_CONFIRMATION_OK"
13878,4019602818,4019602902,1,"IOTHUB_CLIENT_CONFIRMATION_OK"
13879,4019603018,4019603063,1,"IOTHUB_CLIENT_CONFIRMATION_OK"
13880,4019603218,4019603257,1,"IOTHUB_CLIENT_CONFIRMATION_OK"
13881,4019603418,4019603458,1,"IOTHUB_CLIENT_CONFIRMATION_OK"
13882,4019603618,4019603724,1,"IOTHUB_CLIENT_CONFIRMATION_OK"
13883,4019603818,4019603951,1,"IOTHUB_CLIENT_CONFIRMATION_OK"
13884,4019604019,4019604057,1,"IOTHUB_CLIENT_CONFIRMATION_OK"
13885,4019604219,4019604261,1,"IOTHUB_CLIENT_CONFIRMATION_OK"
13886,4019604419,4019604466,1,"IOTHUB_CLIENT_CONFIRMATION_OK"
13887,4019604619,4019604677,1,"IOTHUB_CLIENT_CONFIRMATION_OK"
13888,4019604819,4019604881,1,"IOTHUB_CLIENT_CONFIRMATION_OK"
13889,4019605019,4019605054,1,"IOTHUB_CLIENT_CONFIRMATION_OK"
13890,4019605220,4019605255,1,"IOTHUB_CLIENT_CONFIRMATION_OK"
13891,4019605420,4019605604,1,"IOTHUB_CLIENT_CONFIRMATION_OK"
13892,4019605620,4019605674,1,"IOTHUB_CLIENT_CONFIRMATION_OK"
13893,4019605820,4019605856,1,"IOTHUB_CLIENT_CONFIRMATION_OK"
13894,4019606020,4019606057,1,"IOTHUB_CLIENT_CONFIRMATION_OK"
13895,4019606220,4019606253,1,"IOTHUB_CLIENT_CONFIRMATION_OK"
13896,4019606420,4019606467,1,"IOTHUB_CLIENT_CONFIRMATION_OK"
13897,4019606621,4019606682,1,"IOTHUB_CLIENT_CONFIRMATION_OK"
13898,4019606821,4019606862,1,"IOTHUB_CLIENT_CONFIRMATION_OK"
13899,4019607021,4019607066,1,"IOTHUB_CLIENT_CONFIRMATION_OK"
13900,4019607221,4019607294,1,"IOTHUB_CLIENT_CONFIRMATION_OK"
13901,4019607421,4019607459,1,"IOTHUB_CLIENT_CONFIRMATION_OK"
13902,4019607621,4019607665,1,"IOTHUB_CLIENT_CONFIRMATION_OK"
13903,4019607822,4019607863,1,"IOTHUB_CLIENT_CONFIRMATION_OK"
13904,4019608022,4019608067,1,"IOTHUB_CLIENT_CONFIRMATION_OK"
13905,4019608222,4019608284,1,"IOTHUB_CLIENT_CONFIRMATION_OK"
13906,4019608422,4019608462,1,"IOTHUB_CLIENT_CONFIRMATION_OK"
13907,4019608622,4019608672,1,"IOTHUB_CLIENT_CONFIRMATION_OK"
13908,4019608822,4019608878,1,"IOTHUB_CLIENT_CONFIRMATION_OK"
13909,4019609023,4019609088,1,"IOTHUB_CLIENT_CONFIRMATION_OK"
13910,4019609223,4019609291,1,"IOTHUB_CLIENT_CONFIRMATION_OK"
13911,4019609423,4019609471,1,"IOTHUB_CLIENT_CONFIRMATION_OK"
13912,4019609623,4019609662,1,"IOTHUB_CLIENT_CONFIRMATION_OK"
13913,4019609823,4019609904,1,"IOTHUB_CLIENT_CONFIRMATION_OK"
13914,4019610023,4019610066,1,"IOTHUB_CLIENT_CONFIRMATION_OK"
13915,4019610223,4019610259,1,"IOTHUB_CLIENT_CONFIRMATION_OK"
13916,4019610424,4019610459,1,"IOTHUB_CLIENT_CONFIRMATION_OK"
13917,4019610624,4019610669,1,"IOTHUB_CLIENT_CONFIRMATION_OK"
13918,4019610824,4019610918,1,"IOTHUB_CLIENT_CONFIRMATION_OK"
13919,4019611024,4019611068,1,"IOTHUB_CLIENT_CONFIRMATION_OK"
13920,4019611224,4019611273,1,"IOTHUB_CLIENT_CONFIRMATION_OK"
13921,4019611424,4019611563,1,"IOTHUB_CLIENT_CONFIRMATION_OK"
13922,4019611625,4019611666,1,"IOTHUB_CLIENT_CONFIRMATION_OK"
13923,4019611825,4019611860,1,"IOTHUB_CLIENT_CONFIRMATION_OK"
13924,4019612025,4019612068,1,"IOTHUB_CLIENT_CONFIRMATION_OK"
13925,4019612225,4019612266,1,"IOTHUB_CLIENT_CONFIRMATION_OK"
13926,4019612425,4019612489,1,"IOTHUB_CLIENT_CONFIRMATION_OK"
13927,4019612625,4019612668,1,"IOTHUB_CLIENT_CONFIRMATION_OK"
13928,4019612826,4019612925,1,"IOTHUB_CLIENT_CONFIRMATION_OK"
13929,4019613026,4019613166,1,"IOTHUB_CLIENT_CONFIRMATION_OK"
13930,4019613226,4019613265,1,"IOTHUB_CLIENT_CONFIRMATION_OK"
13931,4019613426,4019613513,1,"IOTHUB_CLIENT_CONFIRMATION_OK"
13932,4019613626,4019613670,1,"IOTHUB_CLIENT_CONFIRMATION_OK"
13933,4019613826,4019613866,1,"IOTHUB_CLIENT_CONFIRMATION_OK"
13934,4019614026,4019614068,1,"IOTHUB_CLIENT_CONFIRMATION_OK"
13935,4019614227,4019614266,1,"IOTHUB_CLIENT_CONFIRMATION_OK"
13936,4019614427,4019614464,1,"IOTHUB_CLIENT_CONFIRMATION_OK"
13937,4019614627,4019614805,1,"IOTHUB_CLIENT_CONFIRMATION_OK"
13938,4019614827,4019614874,1,"IOTHUB_CLIENT_CONFIRMATION_OK"
13939,4019615027,4019615074,1,"IOTHUB_CLIENT_CONFIRMATION_OK"
13940,4019615227,4019615278,1,"IOTHUB_CLIENT_CONFIRMATION_OK"
13941,4019615427,4019615471,1,"IOTHUB_CLIENT_CONFIRMATION_OK"
13942,4019615628,4019615674,1,"IOTHUB_CLIENT_CONFIRMATION_OK"
13943,4019615828,4019615868,1,"IOTHUB_CLIENT_CONFIRMATION_OK"
13944,4019616028,4019616091,1,"IOTHUB_CLIENT_CONFIRMATION_OK"
13945,4019616228,4019616451,1,"IOTHUB_CLIENT_CONFIRMATION_OK"
13946,4019616428,4019616529,1,"IOTHUB_CLIENT_CONFIRMATION_OK"
13947,4019616628,4019616674,1,"IOTHUB_CLIENT_CONFIRMATION_OK"
13948,4019616829,4019616964,1,"IOTHUB_CLIENT_CONFIRMATION_OK"
13949,4019617029,4019617063,1,"IOTHUB_CLIENT_CONFIRMATION_OK"
13950,4019617229,4019617271,1,"IOTHUB_CLIENT_CONFIRMATION_OK"
13951,4019617429,4019617469,1,"IOTHUB_CLIENT_CONFIRMATION_OK"
13952,4019617629,4019617682,1,"IOTHUB_CLIENT_CONFIRMATION_OK"
13953,4019617829,4019617868,1,"IOTHUB_CLIENT_CONFIRMATION_OK"
13954,4019618029,4019618087,1,"IOTHUB_CLIENT_CONFIRMATION_OK"
13955,4019618230,4019618268,1,"IOTHUB_CLIENT_CONFIRMATION_OK"
13956,4019618430,4019618533,1,"IOTHUB_CLIENT_CONFIRMATION_OK"
13957,4019618630,4019618666,1,"IOTHUB_CLIENT_CONFIRMATION_OK"
13958,4019618830,4019618887,1,"IOTHUB_CLIENT_CONFIRMATION_OK"
13959,4019619030,4019619109,1,"IOTHUB_CLIENT_CONFIRMATION_OK"
13960,4019619230,4019619285,1,"IOTHUB_CLIENT_CONFIRMATION_OK"
13961,4019619431,4019619486,1,"IOTHUB_CLIENT_CONFIRMATION_OK"
13962,4019619631,4019619689,1,"IOTHUB_CLIENT_CONFIRMATION_OK"
13963,4019619831,4019619872,1,"IOTHUB_CLIENT_CONFIRMATION_OK"
13964,4019620031,4019620137,1,"IOTHUB_CLIENT_CONFIRMATION_OK"
13965,4019620231,4019620271,1,"IOTHUB_CLIENT_CONFIRMATION_OK"
13966,4019620431,4019620478,1,"IOTHUB_CLIENT_CONFIRMATION_OK"
13967,4019620632,4019620673,1,"IOTHUB_CLIENT_CONFIRMATION_OK"
13968,4019620832,4019620877,1,"IOTHUB_CLIENT_CONFIRMATION_OK"
13969,4019621032,4019621067,1,"IOTHUB_CLIENT_CONFIRMATION_OK"
13970,4019621232,4019621283,1,"IOTHUB_CLIENT_CONFIRMATION_OK"
13971,4019621432,4019621479,1,"IOTHUB_CLIENT_CONFIRMATION_OK"
13972,4019621632,4019621808,1,"IOTHUB_CLIENT_CONFIRMATION_OK"
13973,4019621832,4019621869,1,"IOTHUB_CLIENT_CONFIRMATION_OK"
13974,4019622033,4019622098,1,"IOTHUB_CLIENT_CONFIRMATION_OK"
13975,4019622233,4019622322,1,"IOTHUB_CLIENT_CONFIRMATION_OK"
13976,4019622433,4019622571,1,"IOTHUB_CLIENT_CONFIRMATION_OK"
13977,4019622633,4019622682,1,"IOTHUB_CLIENT_CONFIRMATION_OK"
13978,4019622833,4019622875,1,"IOTHUB_CLIENT_CONFIRMATION_OK"
13979,4019623033,4019623069,1,"IOTHUB_CLIENT_CONFIRMATION_OK"
13980,4019623234,4019623371,1,"IOTHUB_CLIENT_CONFIRMATION_OK"
13981,4019623434,4019623475,1,"IOTHUB_CLIENT_CONFIRMATION_OK"
13982,4019623634,4019623707,1,"IOTHUB_CLIENT_CONFIRMATION_OK"
13983,4019623834,4019623998,1,"IOTHUB_CLIENT_CONFIRMATION_OK"
13984,4019624034,4019624068,1,"IOTHUB_CLIENT_CONFIRMATION_OK"
13985,4019624234,4019624275,1,"IOTHUB_CLIENT_CONFIRMATION_OK"
13986,4019624435,4019624486,1,"IOTHUB_CLIENT_CONFIRMATION_OK"
13987,4019624635,4019624679,1,"IOTHUB_CLIENT_CONFIRMATION_OK"
13988,4019624835,4019624876,1,"IOTHUB_CLIENT_CONFIRMATION_OK"
13989,4019625035,4019625086,1,"IOTHUB_CLIENT_CONFIRMATION_OK"
13990,4019625235,4019625296,1,"IOTHUB_CLIENT_CONFIRMATION_OK"
13991,4019625435,4019625473,1,"IOTHUB_CLIENT_CONFIRMATION_OK"
13992,4019625635,4019625697,1,"IOTHUB_CLIENT_CONFIRMATION_OK"
13993,4019625836,4019625883,1,"IOTHUB_CLIENT_CONFIRMATION_OK"
13994,4019626036,4019626229,1,"IOTHUB_CLIENT_CONFIRMATION_OK"
13995,4019626236,4019626281,1,"IOTHUB_CLIENT_CONFIRMATION_OK"
13996,4019626436,4019626475,1,"IOTHUB_CLIENT_CONFIRMATION_OK"
13997,4019626636,4019626682,1,"IOTHUB_CLIENT_CONFIRMATION_OK"
13998,4019626836,4019626882,1,"IOTHUB_CLIENT_CONFIRMATION_OK"
13999,4019627037,4019627183,1,"IOTHUB_CLIENT_CONFIRMATION_OK"
14000,4019627237,4019627377,1,"IOTHUB_CLIENT_CONFIRMATION_OK"
14001,4019627437,4019627476,1,"IOTHUB_CLIENT_CONFIRMATION_OK"
14002,4019627637,4019627678,1,"IOTHUB_CLIENT_CONFIRMATION_OK"
14003,4019627837,4019627912,1,"IOTHUB_CLIENT_CONFIRMATION_OK"
14004,4019628037,4019628082,1,"IOTHUB_CLIENT_CONFIRMATION_OK"
14005,4019628238,4019628285,1,"IOTHUB_CLIENT_CONFIRMATION_OK"
14006,4019628438,4019628490,1,"IOTHUB_CLIENT_CONFIRMATION_OK"
14007,4019628638,4019628684,1,"IOTHUB_CLIENT_CONFIRMATION_OK"
14008,4019628838,4019628885,1,"IOTHUB_CLIENT_CONFIRMATION_OK"
14009,4019629038,4019629085,1,"IOTHUB_CLIENT_CONFIRMATION_OK"
14010,4019629238,4019629309,1,"IOTHUB_CLIENT_CONFIRMATION_OK"
14011,4019629439,4019629525,1,"IOTHUB_CLIENT_CONFIRMATION_OK"
14012,4019629639,4019629733,1,"IOTHUB_CLIENT_CONFIRMATION_OK"
14013,4019629839,4019629889,1,"IOTHUB_CLIENT_CONFIRMATION_OK"
14014,4019630039,4019630101,1,"IOTHUB_CLIENT_CONFIRMATION_OK"
14015,4019630239,4019630301,1,"IOTHUB_CLIENT_CONFIRMATION_OK"
14016,4019630439,4019630494,1,"IOTHUB_CLIENT_CONFIRMATION_OK"
14017,4019630640,4019630680,1,"IOTHUB_CLIENT_CONFIRMATION_OK"
14018,4019630840,4019630874,1,"IOTHUB_CLIENT_CONFIRMATION_OK"
14019,4019631040,4019631090,1,"IOTHUB_CLIENT_CONFIRMATION_OK"
14020,4019631240,4019631288,1,"IOTHUB_CLIENT_CONFIRMATION_OK"
14021,4019631440,4019631493,1,"IOTHUB_CLIENT_CONFIRMATION_OK"
14022,4019631640,4019631682,1,"IOTHUB_CLIENT_CONFIRMATION_OK"
14023,4019631840,4019631887,1,"IOTHUB_CLIENT_CONFIRMATION_OK"
14024,4019632041,4019632115,1,"IOTHUB_CLIENT_CONFIRMATION_OK"
14025,4019632241,4019632317,1,"IOTHUB_CLIENT_CONFIRMATION_OK"
14026,4019632441,4019632526,1,"IOTHUB_CLIENT_CONFIRMATION_OK"
14027,4019632641,4019632695,1,"IOTHUB_CLIENT_CONFIRMATION_OK"
14028,4019632841,4019632954,1,"IOTHUB_CLIENT_CONFIRMATION_OK"
14029,4019633041,4019633166,1,"IOTHUB_CLIENT_CONFIRMATION_OK"
14030,4019633242,4019633290,1,"IOTHUB_CLIENT_CONFIRMATION_OK"
14031,4019633442,4019633502,1,"IOTHUB_CLIENT_CONFIRMATION_OK"
14032,4019633642,4019633685,1,"IOTHUB_CLIENT_CONFIRMATION_OK"
14033,4019633842,4019633877,1,"IOTHUB_CLIENT_CONFIRMATION_OK"
14034,4019634042,4019634089,1,"IOTHUB_CLIENT_CONFIRMATION_OK"
14035,4019634242,4019634289,1,"IOTHUB_CLIENT_CONFIRMATION_OK"
14036,4019634443,4019634484,1,"IOTHUB_CLIENT_CONFIRMATION_OK"
14037,4019634643,4019634816,1,"IOTHUB_CLIENT_CONFIRMATION_OK"
14038,4019634843,4019634881,1,"IOTHUB_CLIENT_CONFIRMATION_OK"
14039,4019635043,4019635088,1,"IOTHUB_CLIENT_CONFIRMATION_OK"
14040,4019635243,4019635298,1,"IOTHUB_CLIENT_CONFIRMATION_OK"
14041,4019635443,4019635486,1,"IOTHUB_CLIENT_CONFIRMATION_OK"
14042,4019635644,4019635689,1,"IOTHUB_CLIENT_CONFIRMATION_OK"
14043,4019635844,4019635893,1,"IOTHUB_CLIENT_CONFIRMATION_OK"
14044,4019636044,4019636093,1,"IOTHUB_CLIENT_CONFIRMATION_OK"
14045,4019636244,4019636283,1,"IOTHUB_CLIENT_CONFIRMATION_OK"
14046,4019636444,4019636486,1,"IOTHUB_CLIENT_CONFIRMATION_OK"
14047,4019636644,4019636722,1,"IOTHUB_CLIENT_CONFIRMATION_OK"
14048,4019636844,4019636885,1,"IOTHUB_CLIENT_CONFIRMATION_OK"
14049,4019637045,4019637082,1,"IOTHUB_CLIENT_CONFIRMATION_OK"
14050,4019637245,4019637284,1,"IOTHUB_CLIENT_CONFIRMATION_OK"
14051,4019637445,4019637492,1,"IOTHUB_CLIENT_CONFIRMATION_OK"
14052,4019637645,4019637686,1,"IOTHUB_CLIENT_CONFIRMATION_OK"
14053,4019637845,4019637882,1,"IOTHUB_CLIENT_CONFIRMATION_OK"
14054,4019638045,4019638105,1,"IOTHUB_CLIENT_CONFIRMATION_OK"
14055,4019638246,4019638307,1,"IOTHUB_CLIENT_CONFIRMATION_OK"
14056,4019638446,4019638493,1,"IOTHUB_CLIENT_CONFIRMATION_OK"
14057,4019638646,4019638690,1,"IOTHUB_CLIENT_CONFIRMATION_OK"
14058,4019638846,4019638885,1,"IOTHUB_CLIENT_CONFIRMATION_OK"
14059,4019639046,4019639128,1,"IOTHUB_CLIENT_CONFIRMATION_OK"
14060,4019639246,4019639291,1,"IOTHUB_CLIENT_CONFIRMATION_OK"
14061,4019639447,4019639514,1,"IOTHUB_CLIENT_CONFIRMATION_OK"
14062,4019639647,4019639689,1,"IOTHUB_CLIENT_CONFIRMATION_OK"
14063,4019639847,4019639884,1,"IOTHUB_CLIENT_CONFIRMATION_OK"
14064,4019640047,4019640139,1,"IOTHUB_CLIENT_CONFIRMATION_OK"
14065,4019640247,4019640346,1,"IOTHUB_CLIENT_CONFIRMATION_OK"
14066,4019640447,4019640489,1,"IOTHUB_CLIENT_CONFIRMATION_OK"
14067,4019640647,4019640711,1,"IOTHUB_CLIENT_CONFIRMATION_OK"
14068,4019640848,4019640896,1,"IOTHUB_CLIENT_CONFIRMATION_OK"
14069,4019641048,4019641093,1,"IOTHUB_CLIENT_CONFIRMATION_OK"
14070,4019641248,4019641299,1,"IOTHUB_CLIENT_CONFIRMATION_OK"
14071,4019641448,4019641520,1,"IOTHUB_CLIENT_CONFIRMATION_OK"
14072,4019641648,4019641810,1,"IOTHUB_CLIENT_CONFIRMATION_OK"
14073,4019641848,4019641902,1,"IOTHUB_CLIENT_CONFIRMATION_OK"
14074,4019642049,4019642097,1,"IOTHUB_CLIENT_CONFIRMATION_OK"
14075,4019642249,4019642295,1,"IOTHUB_CLIENT_CONFIRMATION_OK"
14076,4019642449,4019642493,1,"IOTHUB_CLIENT_CONFIRMATION_OK"
14077,4019642649,4019642684,1,"IOTHUB_CLIENT_CONFIRMATION_OK"
14078,4019642849,4019642892,1,"IOTHUB_CLIENT_CONFIRMATION_OK"
14079,4019643049,4019643091,1,"IOTHUB_CLIENT_CONFIRMATION_OK"
14080,4019643250,4019643425,1,"IOTHUB_CLIENT_CONFIRMATION_OK"
14081,4019643450,4019643487,1,"IOTHUB_CLIENT_CONFIRMATION_OK"
14082,4019643650,4019643711,1,"IOTHUB_CLIENT_CONFIRMATION_OK"
14083,4019643850,4019643893,1,"IOTHUB_CLIENT_CONFIRMATION_OK"
14084,4019644050,4019644177,1,"IOTHUB_CLIENT_CONFIRMATION_OK"
14085,4019644250,4019644384,1,"IOTHUB_CLIENT_CONFIRMATION_OK"
14086,4019644451,4019644492,1,"IOTHUB_CLIENT_CONFIRMATION_OK"
14087,4019644651,4019644688,1,"IOTHUB_CLIENT_CONFIRMATION_OK"
14088,4019644851,4019644996,1,"IOTHUB_CLIENT_CONFIRMATION_OK"
14089,4019645051,4019645093,1,"IOTHUB_CLIENT_CONFIRMATION_OK"
14090,4019645251,4019645294,1,"IOTHUB_CLIENT_CONFIRMATION_OK"
14091,4019645451,4019645653,1,"IOTHUB_CLIENT_CONFIRMATION_OK"
14092,4019645651,4019645748,1,"IOTHUB_CLIENT_CONFIRMATION_OK"
14093,4019645852,4019645901,1,"IOTHUB_CLIENT_CONFIRMATION_OK"
14094,4019646052,4019646100,1,"IOTHUB_CLIENT_CONFIRMATION_OK"
14095,4019646252,4019646294,1,"IOTHUB_CLIENT_CONFIRMATION_OK"
14096,4019646452,4019646497,1,"IOTHUB_CLIENT_CONFIRMATION_OK"
14097,4019646652,4019646696,1,"IOTHUB_CLIENT_CONFIRMATION_OK"
14098,4019646852,4019646893,1,"IOTHUB_CLIENT_CONFIRMATION_OK"
14099,4019647053,4019647227,1,"IOTHUB_CLIENT_CONFIRMATION_OK"
14100,4019647253,4019647302,1,"IOTHUB_CLIENT_CONFIRMATION_OK"
14101,4019647453,4019647506,1,"IOTHUB_CLIENT_CONFIRMATION_OK"
14102,4019647653,4019647691,1,"IOTHUB_CLIENT_CONFIRMATION_OK"
14103,4019647853,4019647887,1,"IOTHUB_CLIENT_CONFIRMATION_OK"
14104,4019648053,4019648103,1,"IOTHUB_CLIENT_CONFIRMATION_OK"
14105,4019648254,4019648300,1,"IOTHUB_CLIENT_CONFIRMATION_OK"
14106,4019648454,4019648494,1,"IOTHUB_CLIENT_CONFIRMATION_OK"
14107,4019648654,4019648853,1,"IOTHUB_CLIENT_CONFIRMATION_OK"
14108,4019648854,4019648910,1,"IOTHUB_CLIENT_CONFIRMATION_OK"
14109,4019649054,4019649091,1,"IOTHUB_CLIENT_CONFIRMATION_OK"
14110,4019649254,4019649292,1,"IOTHUB_CLIENT_CONFIRMATION_OK"
14111,4019649454,4019649508,1,"IOTHUB_CLIENT_CONFIRMATION_OK"
14112,4019649655,4019649697,1,"IOTHUB_CLIENT_CONFIRMATION_OK"
14113,4019649855,4019649939,1,"IOTHUB_CLIENT_CONFIRMATION_OK"
14114,4019650055,4019650123,1,"IOTHUB_CLIENT_CONFIRMATION_OK"
14115,4019650255,4019650297,1,"IOTHUB_CLIENT_CONFIRMATION_OK"
14116,4019650455,4019650502,1,"IOTHUB_CLIENT_CONFIRMATION_OK"
14117,4019650655,4019650715,1,"IOTHUB_CLIENT_CONFIRMATION_OK"
14118,4019650855,4019650932,1,"IOTHUB_CLIENT_CONFIRMATION_OK"
14119,4019651056,4019651099,1,"IOTHUB_CLIENT_CONFIRMATION_OK"
14120,4019651256,4019651306,1,"IOTHUB_CLIENT_CONFIRMATION_OK"
14121,4019651456,4019651543,1,"IOTHUB_CLIENT_CONFIRMATION_OK"
14122,4019651656,4019651695,1,"IOTHUB_CLIENT_CONFIRMATION_OK"
14123,4019651856,4019651892,1,"IOTHUB_CLIENT_CONFIRMATION_OK"
14124,4019652056,4019652102,1,"IOTHUB_CLIENT_CONFIRMATION_OK"
14125,4019652257,4019652295,1,"IOTHUB_CLIENT_CONFIRMATION_OK"
14126,4019652457,4019652545,1,"IOTHUB_CLIENT_CONFIRMATION_OK"
14127,4019652657,4019652702,1,"IOTHUB_CLIENT_CONFIRMATION_OK"
14128,4019652857,4019653024,1,"IOTHUB_CLIENT_CONFIRMATION_OK"
14129,4019653057,4019653173,1,"IOTHUB_CLIENT_CONFIRMATION_OK"
14130,4019653257,4019653293,1,"IOTHUB_CLIENT_CONFIRMATION_OK"
14131,4019653457,4019653496,1,"IOTHUB_CLIENT_CONFIRMATION_OK"
14132,4019653658,4019653696,1,"IOTHUB_CLIENT_CONFIRMATION_OK"
14133,4019653858,4019653898,1,"IOTHUB_CLIENT_CONFIRMATION_OK"
14134,4019654058,4019654181,1,"IOTHUB_CLIENT_CONFIRMATION_OK"
14135,4019654258,4019654301,1,"IOTHUB_CLIENT_CONFIRMATION_OK"
14136,4019654458,4019654498,1,"IOTHUB_CLIENT_CONFIRMATION_OK"
14137,4019654658,4019654779,1,"IOTHUB_CLIENT_CONFIRMATION_OK"
14138,4019654859,4019654896,1,"IOTHUB_CLIENT_CONFIRMATION_OK"
14139,4019655059,4019655137,1,"IOTHUB_CLIENT_CONFIRMATION_OK"
14140,4019655259,4019655340,1,"IOTHUB_CLIENT_CONFIRMATION_OK"
14141,4019655459,4019655501,1,"IOTHUB_CLIENT_CONFIRMATION_OK"
14142,4019655659,4019655703,1,"IOTHUB_CLIENT_CONFIRMATION_OK"
14143,4019655859,4019655915,1,"IOTHUB_CLIENT_CONFIRMATION_OK"
14144,4019656059,4019656132,1,"IOTHUB_CLIENT_CONFIRMATION_OK"
14145,4019656260,4019656422,1,"IOTHUB_CLIENT_CONFIRMATION_OK"
14146,4019656460,4019656520,1,"IOTHUB_CLIENT_CONFIRMATION_OK"
14147,4019656660,4019656723,1,"IOTHUB_CLIENT_CONFIRMATION_OK"
14148,4019656860,4019656915,1,"IOTHUB_CLIENT_CONFIRMATION_OK"
14149,4019657060,4019657101,1,"IOTHUB_CLIENT_CONFIRMATION_OK"
14150,4019657260,4019657304,1,"IOTHUB_CLIENT_CONFIRMATION_OK"
14151,4019657460,4019657520,1,"IOTHUB_CLIENT_CONFIRMATION_OK"
14152,4019657661,4019657711,1,"IOTHUB_CLIENT_CONFIRMATION_OK"
14153,4019657861,4019658036,1,"IOTHUB_CLIENT_CONFIRMATION_OK"
14154,4019658061,4019658146,1,"IOTHUB_CLIENT_CONFIRMATION_OK"
14155,4019658261,4019658590,1,"IOTHUB_CLIENT_CONFIRMATION_OK"
14156,4019658461,4019658648,1,"IOTHUB_CLIENT_CONFIRMATION_OK"
14157,4019658661,4019658712,1,"IOTHUB_CLIENT_CONFIRMATION_OK"
14158,4019658862,4019658898,1,"IOTHUB_CLIENT_CONFIRMATION_OK"
14159,4019659062,4019659118,1,"IOTHUB_CLIENT_CONFIRMATION_OK"
14160,4019659262,4019659331,1,"IOTHUB_CLIENT_CONFIRMATION_OK"
14161,4019659462,4019659668,1,"IOTHUB_CLIENT_CONFIRMATION_OK"
14162,4019659662,4019659696,1,"IOTHUB_CLIENT_CONFIRMATION_OK"
14163,4019659862,4019659902,1,"IOTHUB_CLIENT_CONFIRMATION_OK"
14164,4019660063,4019660105,1,"IOTHUB_CLIENT_CONFIRMATION_OK"
14165,4019660263,4019660310,1,"IOTHUB_CLIENT_CONFIRMATION_OK"
14166,4019660463,4019660512,1,"IOTHUB_CLIENT_CONFIRMATION_OK"
14167,4019660663,4019660714,1,"IOTHUB_CLIENT_CONFIRMATION_OK"
14168,4019660863,4019660905,1,"IOTHUB_CLIENT_CONFIRMATION_OK"
14169,4019661063,4019661115,1,"IOTHUB_CLIENT_CONFIRMATION_OK"
14170,4019661263,4019661299,1,"IOTHUB_CLIENT_CONFIRMATION_OK"
14171,4019661464,4019661500,1,"IOTHUB_CLIENT_CONFIRMATION_OK"
14172,4019661664,4019661703,1,"IOTHUB_CLIENT_CONFIRMATION_OK"
14173,4019661864,4019661911,1,"IOTHUB_CLIENT_CONFIRMATION_OK"
14174,4019662064,4019662110,1,"IOTHUB_CLIENT_CONFIRMATION_OK"
14175,4019662264,4019662309,1,"IOTHUB_CLIENT_CONFIRMATION_OK"
14176,4019662464,4019662506,1,"IOTHUB_CLIENT_CONFIRMATION_OK"
14177,4019662665,4019662711,1,"IOTHUB_CLIENT_CONFIRMATION_OK"
14178,4019662865,4019662934,1,"IOTHUB_CLIENT_CONFIRMATION_OK"
14179,4019663065,4019663102,1,"IOTHUB_CLIENT_CONFIRMATION_OK"
14180,4019663265,4019663324,1,"IOTHUB_CLIENT_CONFIRMATION_OK"
14181,4019663465,4019663530,1,"IOTHUB_CLIENT_CONFIRMATION_OK"
14182,4019663665,4019663716,1,"IOTHUB_CLIENT_CONFIRMATION_OK"
14183,4019663865,4019663944,1,"IOTHUB_CLIENT_CONFIRMATION_OK"
14184,4019664066,4019664123,1,"IOTHUB_CLIENT_CONFIRMATION_OK"
14185,4019664266,4019664313,1,"IOTHUB_CLIENT_CONFIRMATION_OK"
14186,4019664466,4019664552,1,"IOTHUB_CLIENT_CONFIRMATION_OK"
14187,4019664666,4019664777,1,"IOTHUB_CLIENT_CONFIRMATION_OK"
14188,4019664866,4019664938,1,"IOTHUB_CLIENT_CONFIRMATION_OK"
14189,4019665066,4019665113,1,"IOTHUB_CLIENT_CONFIRMATION_OK"
14190,4019665267,4019665311,1,"IOTHUB_CLIENT_CONFIRMATION_OK"
14191,4019665467,4019665572,1,"IOTHUB_CLIENT_CONFIRMATION_OK"
14192,4019665667,4019665710,1,"IOTHUB_CLIENT_CONFIRMATION_OK"
14193,4019665867,4019665902,1,"IOTHUB_CLIENT_CONFIRMATION_OK"
14194,4019666067,4019666222,1,"IOTHUB_CLIENT_CONFIRMATION_OK"
14195,4019666267,4019666337,1,"IOTHUB_CLIENT_CONFIRMATION_OK"
14196,4019666467,4019666513,1,"IOTHUB_CLIENT_CONFIRMATION_OK"
14197,4019666668,4019666718,1,"IOTHUB_CLIENT_CONFIRMATION_OK"
14198,4019666868,4019666916,1,"IOTHUB_CLIENT_CONFIRMATION_OK"
14199,4019667068,4019667192,1,"IOTHUB_CLIENT_CONFIRMATION_OK"
14200,4019667268,4019667352,1,"IOTHUB_CLIENT_CONFIRMATION_OK"
14201,4019667468,4019667505,1,"IOTHUB_CLIENT_CONFIRMATION_OK"
14202,4019667668,4019667809,1,"IOTHUB_CLIENT_CONFIRMATION_OK"
14203,4019667869,4019667907,1,"IOTHUB_CLIENT_CONFIRMATION_OK"
14204,4019668069,4019668136,1,"IOTHUB_CLIENT_CONFIRMATION_OK"
14205,4019668269,4019668315,1,"IOTHUB_CLIENT_CONFIRMATION_OK"
14206,4019668469,4019668513,1,"IOTHUB_CLIENT_CONFIRMATION_OK"
14207,4019668669,4019668819,1,"IOTHUB_CLIENT_CONFIRMATION_OK"
14208,4019668869,4019668935,1,"IOTHUB_CLIENT_CONFIRMATION_OK"
14209,4019669069,4019669123,1,"IOTHUB_CLIENT_CONFIRMATION_OK"
14210,4019669270,4019669310,1,"IOTHUB_CLIENT_CONFIRMATION_OK"
14211,4019669470,4019669510,1,"IOTHUB_CLIENT_CONFIRMATION_OK"
14212,4019669670,4019669715,1,"IOTHUB_CLIENT_CONFIRMATION_OK"
14213,4019669870,4019669934,1,"IOTHUB_CLIENT_CONFIRMATION_OK"
14214,4019670070,4019670115,1,"IOTHUB_CLIENT_CONFIRMATION_OK"
14215,4019670270,4019670450,1,"IOTHUB_CLIENT_CONFIRMATION_OK"
14216,4019670471,4019670537,1,"IOTHUB_CLIENT_CONFIRMATION_OK"
14217,4019670671,4019670742,1,"IOTHUB_CLIENT_CONFIRMATION_OK"
14218,4019670871,4019670921,1,"IOTHUB_CLIENT_CONFIRMATION_OK"
14219,4019671071,4019671116,1,"IOTHUB_CLIENT_CONFIRMATION_OK"
14220,4019671271,4019671331,1,"IOTHUB_CLIENT_CONFIRMATION_OK"
14221,4019671471,4019671513,1,"IOTHUB_CLIENT_CONFIRMATION_OK"
14222,4019671671,4019671714,1,"IOTHUB_CLIENT_CONFIRMATION_OK"
14223,4019671872,4019671915,1,"IOTHUB_CLIENT_CONFIRMATION_OK"
14224,4019672072,4019672116,1,"IOTHUB_CLIENT_CONFIRMATION_OK"
14225,4019672272,4019672316,1,"IOTHUB_CLIENT_CONFIRMATION_OK"
14226,4019672472,4019672528,1,"IOTHUB_CLIENT_CONFIRMATION_OK"
14227,4019672672,4019672716,1,"IOTHUB_CLIENT_CONFIRMATION_OK"
14228,4019672872,4019672913,1,"IOTHUB_CLIENT_CONFIRMATION_OK"
14229,4019673072,4019673155,1,"IOTHUB_CLIENT_CONFIRMATION_OK"
14230,4019673273,4019673342,1,"IOTHUB_CLIENT_CONFIRMATION_OK"
14231,4019673473,4019673513,1,"IOTHUB_CLIENT_CONFIRMATION_OK"
14232,4019673673,4019673742,1,"IOTHUB_CLIENT_CONFIRMATION_OK"
14233,4019673873,4019674038,1,"IOTHUB_CLIENT_CONFIRMATION_OK"
14234,4019674073,4019674130,1,"IOTHUB_CLIENT_CONFIRMATION_OK"
14235,4019674273,4019674320,1,"IOTHUB_CLIENT_CONFIRMATION_OK"
14236,4019674474,4019674513,1,"IOTHUB_CLIENT_CONFIRMATION_OK"
14237,4019674674,4019674740,1,"IOTHUB_CLIENT_CONFIRMATION_OK"
14238,4019674874,4019674931,1,"IOTHUB_CLIENT_CONFIRMATION_OK"
14239,4019675074,4019675127,1,"IOTHUB_CLIENT_CONFIRMATION_OK"
14240,4019675274,4019675354,1,"IOTHUB_CLIENT_CONFIRMATION_OK"
14241,4019675474,4019675514,1,"IOTHUB_CLIENT_CONFIRMATION_OK"
14242,4019675675,4019675734,1,"IOTHUB_CLIENT_CONFIRMATION_OK"
14243,4019675875,4019675917,1,"IOTHUB_CLIENT_CONFIRMATION_OK"
14244,4019676075,4019676120,1,"IOTHUB_CLIENT_CONFIRMATION_OK"
14245,4019676275,4019676383,1,"IOTHUB_CLIENT_CONFIRMATION_OK"
14246,4019676475,4019676517,1,"IOTHUB_CLIENT_CONFIRMATION_OK"
14247,4019676675,4019676725,1,"IOTHUB_CLIENT_CONFIRMATION_OK"
14248,4019676875,4019676988,1,"IOTHUB_CLIENT_CONFIRMATION_OK"
14249,4019677076,4019677176,1,"IOTHUB_CLIENT_CONFIRMATION_OK"
14250,4019677276,4019677470,1,"IOTHUB_CLIENT_CONFIRMATION_OK"
14251,4019677476,4019677545,1,"IOTHUB_CLIENT_CONFIRMATION_OK"
14252,4019677676,4019677728,1,"IOTHUB_CLIENT_CONFIRMATION_OK"
14253,4019677876,4019678000,1,"IOTHUB_CLIENT_CONFIRMATION_OK"
14254,4019678076,4019678128,1,"IOTHUB_CLIENT_CONFIRMATION_OK"
14255,4019678276,4019678326,1,"IOTHUB_CLIENT_CONFIRMATION_OK"
14256,4019678477,4019678656,1,"IOTHUB_CLIENT_CONFIRMATION_OK"
14257,4019678677,4019678716,1,"IOTHUB_CLIENT_CONFIRMATION_OK"
14258,4019678877,4019678917,1,"IOTHUB_CLIENT_CONFIRMATION_OK"
14259,4019679077,4019679118,1,"IOTHUB_CLIENT_CONFIRMATION_OK"
14260,4019679277,4019679327,1,"IOTHUB_CLIENT_CONFIRMATION_OK"
14261,4019679477,4019679632,1,"IOTHUB_CLIENT_CONFIRMATION_OK"
14262,4019679678,4019679728,1,"IOTHUB_CLIENT_CONFIRMATION_OK"
14263,4019679878,4019679933,1,"IOTHUB_CLIENT_CONFIRMATION_OK"
14264,4019680078,4019680122,1,"IOTHUB_CLIENT_CONFIRMATION_OK"
14265,4019680278,4019680314,1,"IOTHUB_CLIENT_CONFIRMATION_OK"
14266,4019680478,4019680524,1,"IOTHUB_CLIENT_CONFIRMATION_OK"
14267,4019680678,4019680725,1,"IOTHUB_CLIENT_CONFIRMATION_OK"
14268,4019680879,4019680938,1,"IOTHUB_CLIENT_CONFIRMATION_OK"
14269,4019681079,4019681144,1,"IOTHUB_CLIENT_CONFIRMATION_OK"
14270,4019681279,4019681328,1,"IOTHUB_CLIENT_CONFIRMATION_OK"
14271,4019681479,4019681522,1,"IOTHUB_CLIENT_CONFIRMATION_OK"
14272,4019681679,4019681728,1,"IOTHUB_CLIENT_CONFIRMATION_OK"
14273,4019681879,4019681915,1,"IOTHUB_CLIENT_CONFIRMATION_OK"
14274,4019682079,4019682190,1,"IOTHUB_CLIENT_CONFIRMATION_OK"
14275,4019682280,4019682321,1,"IOTHUB_CLIENT_CONFIRMATION_OK"
14276,4019682480,4019682526,1,"IOTHUB_CLIENT_CONFIRMATION_OK"
14277,4019682680,4019682734,1,"IOTHUB_CLIENT_CONFIRMATION_OK"
14278,4019682880,4019682934,1,"IOTHUB_CLIENT_CONFIRMATION_OK"
14279,4019683080,4019683141,1,"IOTHUB_CLIENT_CONFIRMATION_OK"
14280,4019683280,4019683324,1,"IOTHUB_CLIENT_CONFIRMATION_OK"
14281,4019683481,4019683525,1,"IOTHUB_CLIENT_CONFIRMATION_OK"
14282,4019683681,4019683736,1,"IOTHUB_CLIENT_CONFIRMATION_OK"
14283,4019683881,4019683921,1,"IOTHUB_CLIENT_CONFIRMATION_OK"
14284,4019684081,4019684139,1,"IOTHUB_CLIENT_CONFIRMATION_OK"
14285,4019684281,4019684317,1,"IOTHUB_CLIENT_CONFIRMATION_OK"
14286,4019684481,4019684537,1,"IOTHUB_CLIENT_CONFIRMATION_OK"
14287,4019684682,4019684761,1,"IOTHUB_CLIENT_CONFIRMATION_OK"
14288,4019684882,4019684977,1,"IOTHUB_CLIENT_CONFIRMATION_OK"
14289,4019685082,4019685113,1,"IOTHUB_CLIENT_CONFIRMATION_OK"
14290,4019685282,4019685324,1,"IOTHUB_CLIENT_CONFIRMATION_OK"
14291,4019685482,4019685561,1,"IOTHUB_CLIENT_CONFIRMATION_OK"
14292,4019685682,4019685807,1,"IOTHUB_CLIENT_CONFIRMATION_OK"
14293,4019685883,4019685927,1,"IOTHUB_CLIENT_CONFIRMATION_OK"
14294,4019686083,4019686202,1,"IOTHUB_CLIENT_CONFIRMATION_OK"
14295,4019686283,4019686320,1,"IOTHUB_CLIENT_CONFIRMATION_OK"
14296,4019686483,4019686520,1,"IOTHUB_CLIENT_CONFIRMATION_OK"
14297,4019686683,4019686729,1,"IOTHUB_CLIENT_CONFIRMATION_OK"
14298,4019686883,4019686950,1,"IOTHUB_CLIENT_CONFIRMATION_OK"
14299,4019687083,4019687189,1,"IOTHUB_CLIENT_CONFIRMATION_OK"
14300,4019687284,4019687464,1,"IOTHUB_CLIENT_CONFIRMATION_OK"
14301,4019687484,4019687523,1,"IOTHUB_CLIENT_CONFIRMATION_OK"
14302,4019687684,4019687758,1,"IOTHUB_CLIENT_CONFIRMATION_OK"
14303,4019687884,4019687937,1,"IOTHUB_CLIENT_CONFIRMATION_OK"
14304,4019688084,4019688120,1,"IOTHUB_CLIENT_CONFIRMATION_OK"
14305,4019688284,4019688336,1,"IOTHUB_CLIENT_CONFIRMATION_OK"
14306,4019688484,4019688535,1,"IOTHUB_CLIENT_CONFIRMATION_OK"
14307,4019688685,4019688817,1,"IOTHUB_CLIENT_CONFIRMATION_OK"
14308,4019688885,4019688937,1,"IOTHUB_CLIENT_CONFIRMATION_OK"
14309,4019689085,4019689137,1,"IOTHUB_CLIENT_CONFIRMATION_OK"
14310,4019689285,4019689322,1,"IOTHUB_CLIENT_CONFIRMATION_OK"
14311,4019689485,4019689539,1,"IOTHUB_CLIENT_CONFIRMATION_OK"
14312,4019689685,4019689731,1,"IOTHUB_CLIENT_CONFIRMATION_OK"
14313,4019689885,4019689924,1,"IOTHUB_CLIENT_CONFIRMATION_OK"
14314,4019690086,4019690128,1,"IOTHUB_CLIENT_CONFIRMATION_OK"
14315,4019690286,4019690438,1,"IOTHUB_CLIENT_CONFIRMATION_OK"
14316,4019690486,4019690522,1,"IOTHUB_CLIENT_CONFIRMATION_OK"
14317,4019690686,4019690731,1,"IOTHUB_CLIENT_CONFIRMATION_OK"
14318,4019690886,4019690925,1,"IOTHUB_CLIENT_CONFIRMATION_OK"
14319,4019691086,4019691122,1,"IOTHUB_CLIENT_CONFIRMATION_OK"
14320,4019691287,4019691339,1,"IOTHUB_CLIENT_CONFIRMATION_OK"
14321,4019691487,4019691593,1,"IOTHUB_CLIENT_CONFIRMATION_OK"
14322,4019691687,4019691732,1,"IOTHUB_CLIENT_CONFIRMATION_OK"
14323,4019691887,4019692115,1,"IOTHUB_CLIENT_CONFIRMATION_OK"
14324,4019692087,4019692149,1,"IOTHUB_CLIENT_CONFIRMATION_OK"
14325,4019692287,4019692327,1,"IOTHUB_CLIENT_CONFIRMATION_OK"
14326,4019692488,4019692530,1,"IOTHUB_CLIENT_CONFIRMATION_OK"
14327,4019692688,4019692740,1,"IOTHUB_CLIENT_CONFIRMATION_OK"
14328,4019692888,4019692948,1,"IOTHUB_CLIENT_CONFIRMATION_OK"
14329,4019693088,4019693125,1,"IOTHUB_CLIENT_CONFIRMATION_OK"
14330,4019693288,4019693333,1,"IOTHUB_CLIENT_CONFIRMATION_OK"
14331,4019693488,4019693531,1,"IOTHUB_CLIENT_CONFIRMATION_OK"
14332,4019693688,4019693813,1,"IOTHUB_CLIENT_CONFIRMATION_OK"
14333,4019693889,4019693969,1,"IOTHUB_CLIENT_CONFIRMATION_OK"
14334,4019694089,4019694148,1,"IOTHUB_CLIENT_CONFIRMATION_OK"
14335,4019694289,4019694343,1,"IOTHUB_CLIENT_CONFIRMATION_OK"
14336,4019694489,4019694536,1,"IOTHUB_CLIENT_CONFIRMATION_OK"
14337,4019694689,4019694767,1,"IOTHUB_CLIENT_CONFIRMATION_OK"
14338,4019694889,4019694947,1,"IOTHUB_CLIENT_CONFIRMATION_OK"
14339,4019695090,4019695152,1,"IOTHUB_CLIENT_CONFIRMATION_OK"
14340,4019695290,4019695344,1,"IOTHUB_CLIENT_CONFIRMATION_OK"
14341,4019695490,4019695535,1,"IOTHUB_CLIENT_CONFIRMATION_OK"
14342,4019695690,4019695775,1,"IOTHUB_CLIENT_CONFIRMATION_OK"
14343,4019695890,4019695937,1,"IOTHUB_CLIENT_CONFIRMATION_OK"
14344,4019696090,4019696134,1,"IOTHUB_CLIENT_CONFIRMATION_OK"
14345,4019696290,4019696385,1,"IOTHUB_CLIENT_CONFIRMATION_OK"
14346,4019696491,4019696527,1,"IOTHUB_CLIENT_CONFIRMATION_OK"
14347,4019696691,4019696727,1,"IOTHUB_CLIENT_CONFIRMATION_OK"
14348,4019696891,4019696933,1,"IOTHUB_CLIENT_CONFIRMATION_OK"
14349,4019697091,4019697124,1,"IOTHUB_CLIENT_CONFIRMATION_OK"
14350,4019697291,4019697393,1,"IOTHUB_CLIENT_CONFIRMATION_OK"
14351,4019697491,4019697537,1,"IOTHUB_CLIENT_CONFIRMATION_OK"
14352,4019697692,4019697731,1,"IOTHUB_CLIENT_CONFIRMATION_OK"
14353,4019697892,4019698011,1,"IOTHUB_CLIENT_CONFIRMATION_OK"
14354,4019698092,4019698128,1,"IOTHUB_CLIENT_CONFIRMATION_OK"
14355,4019698292,4019698336,1,"IOTHUB_CLIENT_CONFIRMATION_OK"
14356,4019698492,4019698540,1,"IOTHUB_CLIENT_CONFIRMATION_OK"
14357,4019698692,4019698734,1,"IOTHUB_CLIENT_CONFIRMATION_OK"
14358,4019698892,4019698937,1,"IOTHUB_CLIENT_CONFIRMATION_OK"
14359,4019699093,4019699155,1,"IOTHUB_CLIENT_CONFIRMATION_OK"
14360,4019699293,4019699333,1,"IOTHUB_CLIENT_CONFIRMATION_OK"
14361,4019699493,4019699638,1,"IOTHUB_CLIENT_CONFIRMATION_OK"
14362,4019699693,4019699743,1,"IOTHUB_CLIENT_CONFIRMATION_OK"
14363,4019699893,4019699940,1,"IOTHUB_CLIENT_CONFIRMATION_OK"
14364,4019700093,4019700185,1,"IOTHUB_CLIENT_CONFIRMATION_OK"
14365,4019700294,4019700332,1,"IOTHUB_CLIENT_CONFIRMATION_OK"
14366,4019700494,4019700586,1,"IOTHUB_CLIENT_CONFIRMATION_OK"
14367,4019700694,4019700735,1,"IOTHUB_CLIENT_CONFIRMATION_OK"
14368,4019700894,4019700945,1,"IOTHUB_CLIENT_CONFIRMATION_OK"
14369,4019701094,4019701141,1,"IOTHUB_CLIENT_CONFIRMATION_OK"
14370,4019701294,4019701342,1,"IOTHUB_CLIENT_CONFIRMATION_OK"
14371,4019701494,4019701539,1,"IOTHUB_CLIENT_CONFIRMATION_OK"
14372,4019701695,4019701741,1,"IOTHUB_CLIENT_CONFIRMATION_OK"
14373,4019701895,4019701932,1,"IOTHUB_CLIENT_CONFIRMATION_OK"
14374,4019702095,4019702132,1,"IOTHUB_CLIENT_CONFIRMATION_OK"
14375,4019702295,4019702356,1,"IOTHUB_CLIENT_CONFIRMATION_OK"
14376,4019702495,4019702541,1,"IOTHUB_CLIENT_CONFIRMATION_OK"
14377,4019702695,4019702761,1,"IOTHUB_CLIENT_CONFIRMATION_OK"
14378,4019702896,4019702944,1,"IOTHUB_CLIENT_CONFIRMATION_OK"
14379,4019703096,4019703136,1,"IOTHUB_CLIENT_CONFIRMATION_OK"
14380,4019703296,4019703382,1,"IOTHUB_CLIENT_CONFIRMATION_OK"
14381,4019703496,4019703535,1,"IOTHUB_CLIENT_CONFIRMATION_OK"
14382,4019703696,4019703781,1,"IOTHUB_CLIENT_CONFIRMATION_OK"
14383,4019703896,4019703992,1,"IOTHUB_CLIENT_CONFIRMATION_OK"
14384,4019704096,4019704145,1,"IOTHUB_CLIENT_CONFIRMATION_OK"
14385,4019704297,4019704338,1,"IOTHUB_CLIENT_CONFIRMATION_OK"
14386,4019704497,4019704545,1,"IOTHUB_CLIENT_CONFIRMATION_OK"
14387,4019704697,4019704767,1,"IOTHUB_CLIENT_CONFIRMATION_OK"
14388,4019704897,4019705000,1,"IOTHUB_CLIENT_CONFIRMATION_OK"
14389,4019705097,4019705142,1,"IOTHUB_CLIENT_CONFIRMATION_OK"
14390,4019705297,4019705335,1,"IOTHUB_CLIENT_CONFIRMATION_OK"
14391,4019705498,4019705623,1,"IOTHUB_CLIENT_CONFIRMATION_OK"
14392,4019705698,4019705740,1,"IOTHUB_CLIENT_CONFIRMATION_OK"
14394,4019706098,4019706227,1,"IOTHUB_CLIENT_CONFIRMATION_OK"
14395,4019706317,4019706357,1,"IOTHUB_CLIENT_CONFIRMATION_OK"
14396,4019706517,4019706589,1,"IOTHUB_CLIENT_CONFIRMATION_OK"
14397,4019706717,4019706755,1,"IOTHUB_CLIENT_CONFIRMATION_OK"
14398,4019706918,4019706961,1,"IOTHUB_CLIENT_CONFIRMATION_OK"
14399,4019707118,4019707164,1,"IOTHUB_CLIENT_CONFIRMATION_OK"
14400,4019707318,4019707383,1,"IOTHUB_CLIENT_CONFIRMATION_OK"
14401,4019707518,4019707560,1,"IOTHUB_CLIENT_CONFIRMATION_OK"
14402,4019707718,4019707775,1,"IOTHUB_CLIENT_CONFIRMATION_OK"
14403,4019707918,4019707969,1,"IOTHUB_CLIENT_CONFIRMATION_OK"
14404,4019708119,4019708154,1,"IOTHUB_CLIENT_CONFIRMATION_OK"
14405,4019708319,4019708413,1,"IOTHUB_CLIENT_CONFIRMATION_OK"
14406,4019708519,4019708562,1,"IOTHUB_CLIENT_CONFIRMATION_OK"
14407,4019708719,4019708763,1,"IOTHUB_CLIENT_CONFIRMATION_OK"
14408,4019708919,4019709007,1,"IOTHUB_CLIENT_CONFIRMATION_OK"
14409,4019709119,4019709159,1,"IOTHUB_CLIENT_CONFIRMATION_OK"
14410,4019709320,4019709362,1,"IOTHUB_CLIENT_CONFIRMATION_OK"
14411,4019709520,4019709638,1,"IOTHUB_CLIENT_CONFIRMATION_OK"
14412,4019709720,4019709762,1,"IOTHUB_CLIENT_CONFIRMATION_OK"
14413,4019709920,4019709966,1,"IOTHUB_CLIENT_CONFIRMATION_OK"
14414,4019710120,4019710242,1,"IOTHUB_CLIENT_CONFIRMATION_OK"
14415,4019710320,4019710378,1,"IOTHUB_CLIENT_CONFIRMATION_OK"
14416,4019710521,4019710571,1,"IOTHUB_CLIENT_CONFIRMATION_OK"
14417,4019710721,4019710757,1,"IOTHUB_CLIENT_CONFIRMATION_OK"
14418,4019710921,4019710956,1,"IOTHUB_CLIENT_CONFIRMATION_OK"
14419,4019711121,4019711160,1,"IOTHUB_CLIENT_CONFIRMATION_OK"
14420,4019711321,4019711360,1,"IOTHUB_CLIENT_CONFIRMATION_OK"
14421,4019711521,4019711568,1,"IOTHUB_CLIENT_CONFIRMATION_OK"
14422,4019711721,4019711771,1,"IOTHUB_CLIENT_CONFIRMATION_OK"
14423,4019711922,4019711958,1,"IOTHUB_CLIENT_CONFIRMATION_OK"
14424,4019712122,4019712175,1,"IOTHUB_CLIENT_CONFIRMATION_OK"
14425,4019712322,4019712365,1,"IOTHUB_CLIENT_CONFIRMATION_OK"
14426,4019712522,4019712558,1,"IOTHUB_CLIENT_CONFIRMATION_OK"
14427,4019712722,4019712776,1,"IOTHUB_CLIENT_CONFIRMATION_OK"
14428,4019712922,4019712976,1,"IOTHUB_CLIENT_CONFIRMATION_OK"
14429,4019713123,4019713165,1,"IOTHUB_CLIENT_CONFIRMATION_OK"
14430,4019713323,4019713360,1,"IOTHUB_CLIENT_CONFIRMATION_OK"
14431,4019713523,4019713560,1,"IOTHUB_CLIENT_CONFIRMATION_OK"
14432,4019713723,4019713759,1,"IOTHUB_CLIENT_CONFIRMATION_OK"
14433,4019713923,4019713960,1,"IOTHUB_CLIENT_CONFIRMATION_OK"
14434,4019714123,4019714166,1,"IOTHUB_CLIENT_CONFIRMATION_OK"
14435,4019714323,4019714367,1,"IOTHUB_CLIENT_CONFIRMATION_OK"
14436,4019714524,4019714562,1,"IOTHUB_CLIENT_CONFIRMATION_OK"
14437,4019714724,4019714795,1,"IOTHUB_CLIENT_CONFIRMATION_OK"
14438,4019714924,4019714973,1,"IOTHUB_CLIENT_CONFIRMATION_OK"
14439,4019715124,4019715164,1,"IOTHUB_CLIENT_CONFIRMATION_OK"
14440,4019715324,4019715377,1,"IOTHUB_CLIENT_CONFIRMATION_OK"
14441,4019715524,4019715568,1,"IOTHUB_CLIENT_CONFIRMATION_OK"
14442,4019715725,4019715766,1,"IOTHUB_CLIENT_CONFIRMATION_OK"
14443,4019715925,4019715981,1,"IOTHUB_CLIENT_CONFIRMATION_OK"
14444,4019716125,4019716177,1,"IOTHUB_CLIENT_CONFIRMATION_OK"
14445,4019716325,4019716370,1,"IOTHUB_CLIENT_CONFIRMATION_OK"
14446,4019716525,4019716617,1,"IOTHUB_CLIENT_CONFIRMATION_OK"
14447,4019716725,4019716768,1,"IOTHUB_CLIENT_CONFIRMATION_OK"
14448,4019716925,4019716985,1,"IOTHUB_CLIENT_CONFIRMATION_OK"
14449,4019717126,4019717279,1,"IOTHUB_CLIENT_CONFIRMATION_OK"
14450,4019717326,4019717451,1,"IOTHUB_CLIENT_CONFIRMATION_OK"
14451,4019717526,4019717571,1,"IOTHUB_CLIENT_CONFIRMATION_OK"
14452,4019717726,4019717771,1,"IOTHUB_CLIENT_CONFIRMATION_OK"
14453,4019717926,4019718053,1,"IOTHUB_CLIENT_CONFIRMATION_OK"
14454,4019718126,4019718164,1,"IOTHUB_CLIENT_CONFIRMATION_OK"
14455,4019718327,4019718385,1,"IOTHUB_CLIENT_CONFIRMATION_OK"
14456,4019718527,4019718685,1,"IOTHUB_CLIENT_CONFIRMATION_OK"
14457,4019718727,4019718795,1,"IOTHUB_CLIENT_CONFIRMATION_OK"
14458,4019718927,4019718980,1,"IOTHUB_CLIENT_CONFIRMATION_OK"
14459,4019719127,4019719176,1,"IOTHUB_CLIENT_CONFIRMATION_OK"
14460,4019719327,4019719368,1,"IOTHUB_CLIENT_CONFIRMATION_OK"
14461,4019719528,4019719575,1,"IOTHUB_CLIENT_CONFIRMATION_OK"
14462,4019719728,4019719767,1,"IOTHUB_CLIENT_CONFIRMATION_OK"
14463,4019719928,4019719965,1,"IOTHUB_CLIENT_CONFIRMATION_OK"
14464,4019720128,4019720166,1,"IOTHUB_CLIENT_CONFIRMATION_OK"
14465,4019720328,4019720364,1,"IOTHUB_CLIENT_CONFIRMATION_OK"
14466,4019720528,4019720570,1,"IOTHUB_CLIENT_CONFIRMATION_OK"
14467,4019720729,4019720768,1,"IOTHUB_CLIENT_CONFIRMATION_OK"
14468,4019720929,4019720975,1,"IOTHUB_CLIENT_CONFIRMATION_OK"
14469,4019721129,4019721463,1,"IOTHUB_CLIENT_CONFIRMATION_OK"
14470,4019721329,4019721493,1,"IOTHUB_CLIENT_CONFIRMATION_OK"
14471,4019721529,4019721567,1,"IOTHUB_CLIENT_CONFIRMATION_OK"
14472,4019721729,4019721772,1,"IOTHUB_CLIENT_CONFIRMATION_OK"
14473,4019721930,4019721982,1,"IOTHUB_CLIENT_CONFIRMATION_OK"
14474,4019722130,4019722179,1,"IOTHUB_CLIENT_CONFIRMATION_OK"
14475,4019722330,4019722373,1,"IOTHUB_CLIENT_CONFIRMATION_OK"
14476,4019722530,4019722676,1,"IOTHUB_CLIENT_CONFIRMATION_OK"
14477,4019722730,4019722826,1,"IOTHUB_CLIENT_CONFIRMATION_OK"
14478,4019722930,4019722979,1,"IOTHUB_CLIENT_CONFIRMATION_OK"
14479,4019723130,4019723256,1,"IOTHUB_CLIENT_CONFIRMATION_OK"
14480,4019723331,4019723369,1,"IOTHUB_CLIENT_CONFIRMATION_OK"
14481,4019723531,4019723576,1,"IOTHUB_CLIENT_CONFIRMATION_OK"
14482,4019723731,4019723855,1,"IOTHUB_CLIENT_CONFIRMATION_OK"
14483,4019723931,4019723966,1,"IOTHUB_CLIENT_CONFIRMATION_OK"
14484,4019724131,4019724170,1,"IOTHUB_CLIENT_CONFIRMATION_OK"
14485,4019724331,4019724468,1,"IOTHUB_CLIENT_CONFIRMATION_OK"
14486,4019724532,4019724583,1,"IOTHUB_CLIENT_CONFIRMATION_OK"
14487,4019724732,4019724784,1,"IOTHUB_CLIENT_CONFIRMATION_OK"
14488,4019724932,4019724978,1,"IOTHUB_CLIENT_CONFIRMATION_OK"
14489,4019725132,4019725197,1,"IOTHUB_CLIENT_CONFIRMATION_OK"
14490,4019725332,4019725375,1,"IOTHUB_CLIENT_CONFIRMATION_OK"
14491,4019725532,4019725622,1,"IOTHUB_CLIENT_CONFIRMATION_OK"
14492,4019725732,4019725767,1,"IOTHUB_CLIENT_CONFIRMATION_OK"
14493,4019725933,4019725969,1,"IOTHUB_CLIENT_CONFIRMATION_OK"
14494,4019726133,4019726177,1,"IOTHUB_CLIENT_CONFIRMATION_OK"
14495,4019726333,4019726367,1,"IOTHUB_CLIENT_CONFIRMATION_OK"
14496,4019726533,4019726579,1,"IOTHUB_CLIENT_CONFIRMATION_OK"
14497,4019726733,4019726777,1,"IOTHUB_CLIENT_CONFIRMATION_OK"
14498,4019726933,4019727122,1,"IOTHUB_CLIENT_CONFIRMATION_OK"
14499,4019727134,4019727175,1,"IOTHUB_CLIENT_CONFIRMATION_OK"
14500,4019727334,4019727379,1,"IOTHUB_CLIENT_CONFIRMATION_OK"
14501,4019727534,4019727574,1,"IOTHUB_CLIENT_CONFIRMATION_OK"
14502,4019727734,4019727776,1,"IOTHUB_CLIENT_CONFIRMATION_OK"
14503,4019727934,4019727975,1,"IOTHUB_CLIENT_CONFIRMATION_OK"
14504,4019728134,4019728172,1,"IOTHUB_CLIENT_CONFIRMATION_OK"
14505,4019728334,4019728371,1,"IOTHUB_CLIENT_CONFIRMATION_OK"
14506,4019728535,4019728577,1,"IOTHUB_CLIENT_CONFIRMATION_OK"
14507,4019728735,4019728772,1,"IOTHUB_CLIENT_CONFIRMATION_OK"
14508,4019728935,4019728980,1,"IOTHUB_CLIENT_CONFIRMATION_OK"
14509,4019729135,4019729178,1,"IOTHUB_CLIENT_CONFIRMATION_OK"
14510,4019729335,4019729394,1,"IOTHUB_CLIENT_CONFIRMATION_OK"
14511,4019729535,4019729580,1,"IOTHUB_CLIENT_CONFIRMATION_OK"
14512,4019729736,4019729775,1,"IOTHUB_CLIENT_CONFIRMATION_OK"
14513,4019729936,4019729979,1,"IOTHUB_CLIENT_CONFIRMATION_OK"
14514,4019730136,4019730178,1,"IOTHUB_CLIENT_CONFIRMATION_OK"
14515,4019730336,4019730376,1,"IOTHUB_CLIENT_CONFIRMATION_OK"
14516,4019730536,4019730644,1,"IOTHUB_CLIENT_CONFIRMATION_OK"
14517,4019730736,4019730786,1,"IOTHUB_CLIENT_CONFIRMATION_OK"
14518,4019730937,4019730980,1,"IOTHUB_CLIENT_CONFIRMATION_OK"
14519,4019731137,4019731183,1,"IOTHUB_CLIENT_CONFIRMATION_OK"
14520,4019731337,4019731381,1,"IOTHUB_CLIENT_CONFIRMATION_OK"
14521,4019731537,4019731581,1,"IOTHUB_CLIENT_CONFIRMATION_OK"
14522,4019731737,4019731811,1,"IOTHUB_CLIENT_CONFIRMATION_OK"
14523,4019731937,4019732003,1,"IOTHUB_CLIENT_CONFIRMATION_OK"
14524,4019732137,4019732176,1,"IOTHUB_CLIENT_CONFIRMATION_OK"
14525,4019732338,4019732382,1,"IOTHUB_CLIENT_CONFIRMATION_OK"
14526,4019732538,4019732584,1,"IOTHUB_CLIENT_CONFIRMATION_OK"
14527,4019732738,4019732925,1,"IOTHUB_CLIENT_CONFIRMATION_OK"
14528,4019732938,4019732977,1,"IOTHUB_CLIENT_CONFIRMATION_OK"
14529,4019733138,4019733184,1,"IOTHUB_CLIENT_CONFIRMATION_OK"
14530,4019733338,4019733383,1,"IOTHUB_CLIENT_CONFIRMATION_OK"
14531,4019733539,4019733597,1,"IOTHUB_CLIENT_CONFIRMATION_OK"
14532,4019733739,4019733782,1,"IOTHUB_CLIENT_CONFIRMATION_OK"
14533,4019733939,4019733983,1,"IOTHUB_CLIENT_CONFIRMATION_OK"
14534,4019734139,4019734177,1,"IOTHUB_CLIENT_CONFIRMATION_OK"
14535,4019734339,4019734379,1,"IOTHUB_CLIENT_CONFIRMATION_OK"
14536,4019734539,4019734579,1,"IOTHUB_CLIENT_CONFIRMATION_OK"
14537,4019734740,4019734777,1,"IOTHUB_CLIENT_CONFIRMATION_OK"
14538,4019734940,4019734982,1,"IOTHUB_CLIENT_CONFIRMATION_OK"
14539,4019735140,4019735179,1,"IOTHUB_CLIENT_CONFIRMATION_OK"
14540,4019735340,4019735388,1,"IOTHUB_CLIENT_CONFIRMATION_OK"
14541,4019735540,4019735594,1,"IOTHUB_CLIENT_CONFIRMATION_OK"
14542,4019735740,4019735779,1,"IOTHUB_CLIENT_CONFIRMATION_OK"
14543,4019735940,4019735993,1,"IOTHUB_CLIENT_CONFIRMATION_OK"
14544,4019736141,4019736206,1,"IOTHUB_CLIENT_CONFIRMATION_OK"
14545,4019736341,4019736382,1,"IOTHUB_CLIENT_CONFIRMATION_OK"
14546,4019736541,4019736583,1,"IOTHUB_CLIENT_CONFIRMATION_OK"
14547,4019736741,4019736779,1,"IOTHUB_CLIENT_CONFIRMATION_OK"
14548,4019736941,4019736988,1,"IOTHUB_CLIENT_CONFIRMATION_OK"
14549,4019737141,4019737199,1,"IOTHUB_CLIENT_CONFIRMATION_OK"
14550,4019737342,4019737443,1,"IOTHUB_CLIENT_CONFIRMATION_OK"
14551,4019737542,4019737595,1,"IOTHUB_CLIENT_CONFIRMATION_OK"
14552,4019737742,4019737778,1,"IOTHUB_CLIENT_CONFIRMATION_OK"
14553,4019737942,4019738051,1,"IOTHUB_CLIENT_CONFIRMATION_OK"
14554,4019738142,4019738181,1,"IOTHUB_CLIENT_CONFIRMATION_OK"
14555,4019738342,4019738382,1,"IOTHUB_CLIENT_CONFIRMATION_OK"
14556,4019738543,4019738660,1,"IOTHUB_CLIENT_CONFIRMATION_OK"
14557,4019738743,4019738807,1,"IOTHUB_CLIENT_CONFIRMATION_OK"
14558,4019738943,4019738985,1,"IOTHUB_CLIENT_CONFIRMATION_OK"
14559,4019739143,4019739184,1,"IOTHUB_CLIENT_CONFIRMATION_OK"
14560,4019739343,4019739385,1,"IOTHUB_CLIENT_CONFIRMATION_OK"
14561,4019739543,4019739588,1,"IOTHUB_CLIENT_CONFIRMATION_OK"
14562,4019739744,4019739800,1,"IOTHUB_CLIENT_CONFIRMATION_OK"
14563,4019739944,4019739988,1,"IOTHUB_CLIENT_CONFIRMATION_OK"
14564,4019740144,4019740209,1,"IOTHUB_CLIENT_CONFIRMATION_OK"
14565,4019740344,4019740382,1,"IOTHUB_CLIENT_CONFIRMATION_OK"
14566,4019740544,4019740594,1,"IOTHUB_CLIENT_CONFIRMATION_OK"
14567,4019740744,4019740801,1,"IOTHUB_CLIENT_CONFIRMATION_OK"
14568,4019740944,4019741003,1,"IOTHUB_CLIENT_CONFIRMATION_OK"
14569,4019741145,4019741341,1,"IOTHUB_CLIENT_CONFIRMATION_OK"
14570,4019741345,4019741385,1,"IOTHUB_CLIENT_CONFIRMATION_OK"
14571,4019741545,4019741665,1,"IOTHUB_CLIENT_CONFIRMATION_OK"
14572,4019741745,4019741785,1,"IOTHUB_CLIENT_CONFIRMATION_OK"
14573,4019741945,4019741984,1,"IOTHUB_CLIENT_CONFIRMATION_OK"
14574,4019742145,4019742197,1,"IOTHUB_CLIENT_CONFIRMATION_OK"
14575,4019742346,4019742382,1,"IOTHUB_CLIENT_CONFIRMATION_OK"
14576,4019742546,4019742611,1,"IOTHUB_CLIENT_CONFIRMATION_OK"
14577,4019742746,4019742795,1,"IOTHUB_CLIENT_CONFIRMATION_OK"
14578,4019742946,4019743042,1,"IOTHUB_CLIENT_CONFIRMATION_OK"
14579,4019743146,4019743217,1,"IOTHUB_CLIENT_CONFIRMATION_OK"
14580,4019743346,4019743403,1,"IOTHUB_CLIENT_CONFIRMATION_OK"
14581,4019743547,4019743584,1,"IOTHUB_CLIENT_CONFIRMATION_OK"
14582,4019743747,4019743791,1,"IOTHUB_CLIENT_CONFIRMATION_OK"
14583,4019743947,4019744007,1,"IOTHUB_CLIENT_CONFIRMATION_OK"
14584,4019744147,4019744188,1,"IOTHUB_CLIENT_CONFIRMATION_OK"
14585,4019744347,4019744411,1,"IOTHUB_CLIENT_CONFIRMATION_OK"
14586,4019744547,4019744595,1,"IOTHUB_CLIENT_CONFIRMATION_OK"
14587,4019744747,4019744785,1,"IOTHUB_CLIENT_CONFIRMATION_OK"
14588,4019744948,4019744986,1,"IOTHUB_CLIENT_CONFIRMATION_OK"
14589,4019745148,4019745189,1,"IOTHUB_CLIENT_CONFIRMATION_OK"
14590,4019745348,4019745393,1,"IOTHUB_CLIENT_CONFIRMATION_OK"
14591,4019745548,4019745590,1,"IOTHUB_CLIENT_CONFIRMATION_OK"
14592,4019745748,4019745832,1,"IOTHUB_CLIENT_CONFIRMATION_OK"
14593,4019745949,4019745996,1,"IOTHUB_CLIENT_CONFIRMATION_OK"
14594,4019746149,4019746186,1,"IOTHUB_CLIENT_CONFIRMATION_OK"
14595,4019746349,4019746464,1,"IOTHUB_CLIENT_CONFIRMATION_OK"
14596,4019746549,4019746613,1,"IOTHUB_CLIENT_CONFIRMATION_OK"
14597,4019746749,4019746790,1,"IOTHUB_CLIENT_CONFIRMATION_OK"
14598,4019746949,4019747116,1,"IOTHUB_CLIENT_CONFIRMATION_OK"
14599,4019747149,4019747187,1,"IOTHUB_CLIENT_CONFIRMATION_OK"
14600,4019747349,4019747384,1,"IOTHUB_CLIENT_CONFIRMATION_OK"
14601,4019747550,4019747587,1,"IOTHUB_CLIENT_CONFIRMATION_OK"
14602,4019747750,4019747796,1,"IOTHUB_CLIENT_CONFIRMATION_OK"
14603,4019747950,4019747988,1,"IOTHUB_CLIENT_CONFIRMATION_OK"
14604,4019748150,4019748194,1,"IOTHUB_CLIENT_CONFIRMATION_OK"
14605,4019748350,4019748413,1,"IOTHUB_CLIENT_CONFIRMATION_OK"
14606,4019748550,4019748589,1,"IOTHUB_CLIENT_CONFIRMATION_OK"
14607,4019748750,4019748788,1,"IOTHUB_CLIENT_CONFIRMATION_OK"
14608,4019748951,4019749011,1,"IOTHUB_CLIENT_CONFIRMATION_OK"
14609,4019749151,4019749198,1,"IOTHUB_CLIENT_CONFIRMATION_OK"
14610,4019749351,4019749422,1,"IOTHUB_CLIENT_CONFIRMATION_OK"
14611,4019749551,4019749597,1,"IOTHUB_CLIENT_CONFIRMATION_OK"
14612,4019749751,4019749792,1,"IOTHUB_CLIENT_CONFIRMATION_OK"
14613,4019749951,4019750031,1,"IOTHUB_CLIENT_CONFIRMATION_OK"
14614,4019750152,4019750195,1,"IOTHUB_CLIENT_CONFIRMATION_OK"
14615,4019750352,4019750390,1,"IOTHUB_CLIENT_CONFIRMATION_OK"
14616,4019750552,4019750594,1,"IOTHUB_CLIENT_CONFIRMATION_OK"
14617,4019750752,4019750791,1,"IOTHUB_CLIENT_CONFIRMATION_OK"
14618,4019750952,4019751029,1,"IOTHUB_CLIENT_CONFIRMATION_OK"
14619,4019751152,4019751203,1,"IOTHUB_CLIENT_CONFIRMATION_OK"
14620,4019751352,4019751396,1,"IOTHUB_CLIENT_CONFIRMATION_OK"
14621,4019751553,4019751630,1,"IOTHUB_CLIENT_CONFIRMATION_OK"
14622,4019751753,4019751833,1,"IOTHUB_CLIENT_CONFIRMATION_OK"
14623,4019751953,4019751991,1,"IOTHUB_CLIENT_CONFIRMATION_OK"
14624,4019752153,4019752228,1,"IOTHUB_CLIENT_CONFIRMATION_OK"
14625,4019752353,4019752528,1,"IOTHUB_CLIENT_CONFIRMATION_OK"
14626,4019752553,4019752595,1,"IOTHUB_CLIENT_CONFIRMATION_OK"
14627,4019752754,4019752984,1,"IOTHUB_CLIENT_CONFIRMATION_OK"
14628,4019752954,4019753013,1,"IOTHUB_CLIENT_CONFIRMATION_OK"
14629,4019753154,4019753195,1,"IOTHUB_CLIENT_CONFIRMATION_OK"
14630,4019753354,4019753405,1,"IOTHUB_CLIENT_CONFIRMATION_OK"
14631,4019753554,4019753603,1,"IOTHUB_CLIENT_CONFIRMATION_OK"
14632,4019753754,4019753800,1,"IOTHUB_CLIENT_CONFIRMATION_OK"
14633,4019753954,4019753998,1,"IOTHUB_CLIENT_CONFIRMATION_OK"
14634,4019754155,4019754212,1,"IOTHUB_CLIENT_CONFIRMATION_OK"
14635,4019754355,4019754395,1,"IOTHUB_CLIENT_CONFIRMATION_OK"
14636,4019754555,4019754601,1,"IOTHUB_CLIENT_CONFIRMATION_OK"
14637,4019754755,4019754820,1,"IOTHUB_CLIENT_CONFIRMATION_OK"
14638,4019754955,4019754997,1,"IOTHUB_CLIENT_CONFIRMATION_OK"
14639,4019755155,4019755200,1,"IOTHUB_CLIENT_CONFIRMATION_OK"
14640,4019755356,4019755426,1,"IOTHUB_CLIENT_CONFIRMATION_OK"
14641,4019755556,4019755602,1,"IOTHUB_CLIENT_CONFIRMATION_OK"
14642,4019755756,4019755793,1,"IOTHUB_CLIENT_CONFIRMATION_OK"
14643,4019755956,4019756036,1,"IOTHUB_CLIENT_CONFIRMATION_OK"
14644,4019756156,4019756216,1,"IOTHUB_CLIENT_CONFIRMATION_OK"
14645,4019756356,4019756402,1,"IOTHUB_CLIENT_CONFIRMATION_OK"
14646,4019756557,4019756598,1,"IOTHUB_CLIENT_CONFIRMATION_OK"
14647,4019756757,4019756794,1,"IOTHUB_CLIENT_CONFIRMATION_OK"
14648,4019756957,4019757004,1,"IOTHUB_CLIENT_CONFIRMATION_OK"
14649,4019757157,4019757196,1,"IOTHUB_CLIENT_CONFIRMATION_OK"
14650,4019757357,4019757466,1,"IOTHUB_CLIENT_CONFIRMATION_OK"
14651,4019757557,4019757648,1,"IOTHUB_CLIENT_CONFIRMATION_OK"
14652,4019757757,4019757800,1,"IOTHUB_CLIENT_CONFIRMATION_OK"
14653,4019757958,4019758128,1,"IOTHUB_CLIENT_CONFIRMATION_OK"
14654,4019758158,4019758192,1,"IOTHUB_CLIENT_CONFIRMATION_OK"
14655,4019758358,4019758429,1,"IOTHUB_CLIENT_CONFIRMATION_OK"
14656,4019758558,4019758738,1,"IOTHUB_CLIENT_CONFIRMATION_OK"
14657,4019758758,4019758795,1,"IOTHUB_CLIENT_CONFIRMATION_OK"
14658,4019758958,4019758996,1,"IOTHUB_CLIENT_CONFIRMATION_OK"
14659,4019759159,4019759199,1,"IOTHUB_CLIENT_CONFIRMATION_OK"
14660,4019759359,4019759401,1,"IOTHUB_CLIENT_CONFIRMATION_OK"
14661,4019759559,4019759609,1,"IOTHUB_CLIENT_CONFIRMATION_OK"
14662,4019759759,4019759802,1,"IOTHUB_CLIENT_CONFIRMATION_OK"
14663,4019759959,4019760003,1,"IOTHUB_CLIENT_CONFIRMATION_OK"
14664,4019760159,4019760203,1,"IOTHUB_CLIENT_CONFIRMATION_OK"
14665,4019760359,4019760401,1,"IOTHUB_CLIENT_CONFIRMATION_OK"
14666,4019760560,4019760607,1,"IOTHUB_CLIENT_CONFIRMATION_OK"
14667,4019760760,4019760806,1,"IOTHUB_CLIENT_CONFIRMATION_OK"
14668,4019760960,4019761016,1,"IOTHUB_CLIENT_CONFIRMATION_OK"
14669,4019761160,4019761205,1,"IOTHUB_CLIENT_CONFIRMATION_OK"
14670,4019761360,4019761401,1,"IOTHUB_CLIENT_CONFIRMATION_OK"
14671,4019761560,4019761618,1,"IOTHUB_CLIENT_CONFIRMATION_OK"
14672,4019761761,4019761808,1,"IOTHUB_CLIENT_CONFIRMATION_OK"
14673,4019761961,4019762001,1,"IOTHUB_CLIENT_CONFIRMATION_OK"
14674,4019762161,4019762210,1,"IOTHUB_CLIENT_CONFIRMATION_OK"
14675,4019762361,4019762420,1,"IOTHUB_CLIENT_CONFIRMATION_OK"
14676,4019762561,4019762613,1,"IOTHUB_CLIENT_CONFIRMATION_OK"
14677,4019762761,4019762883,1,"IOTHUB_CLIENT_CONFIRMATION_OK"
14678,4019762961,4019763000,1,"IOTHUB_CLIENT_CONFIRMATION_OK"
14679,4019763162,4019763210,1,"IOTHUB_CLIENT_CONFIRMATION_OK"
14680,4019763362,4019763405,1,"IOTHUB_CLIENT_CONFIRMATION_OK"
14681,4019763562,4019763598,1,"IOTHUB_CLIENT_CONFIRMATION_OK"
14682,4019763762,4019763836,1,"IOTHUB_CLIENT_CONFIRMATION_OK"
14683,4019763962,4019764026,1,"IOTHUB_CLIENT_CONFIRMATION_OK"
14684,4019764162,4019764217,1,"IOTHUB_CLIENT_CONFIRMATION_OK"
14685,4019764363,4019764468,1,"IOTHUB_CLIENT_CONFIRMATION_OK"
14686,4019764563,4019764603,1,"IOTHUB_CLIENT_CONFIRMATION_OK"
14687,4019764763,4019764812,1,"IOTHUB_CLIENT_CONFIRMATION_OK"
14688,4019764963,4019765009,1,"IOTHUB_CLIENT_CONFIRMATION_OK"
14689,4019765163,4019765205,1,"IOTHUB_CLIENT_CONFIRMATION_OK"
14690,4019765363,4019765406,1,"IOTHUB_CLIENT_CONFIRMATION_OK"
14691,4019765564,4019765602,1,"IOTHUB_CLIENT_CONFIRMATION_OK"
14692,4019765764,4019765805,1,"IOTHUB_CLIENT_CONFIRMATION_OK"
14693,4019765964,4019766003,1,"IOTHUB_CLIENT_CONFIRMATION_OK"
14694,4019766164,4019766221,1,"IOTHUB_CLIENT_CONFIRMATION_OK"
14695,4019766364,4019766503,1,"IOTHUB_CLIENT_CONFIRMATION_OK"
14696,4019766564,4019766602,1,"IOTHUB_CLIENT_CONFIRMATION_OK"
14697,4019766764,4019766807,1,"IOTHUB_CLIENT_CONFIRMATION_OK"
14393,4019705898,4019766934,1,"IOTHUB_CLIENT_CONFIRMATION_OK"
14698,4019766965,4019767133,1,"IOTHUB_CLIENT_CONFIRMATION_OK"
14699,4019767165,4019767219,1,"IOTHUB_CLIENT_CONFIRMATION_OK"
14700,4019767365,4019767456,1,"IOTHUB_CLIENT_CONFIRMATION_OK"
14701,4019767565,4019767605,1,"IOTHUB_CLIENT_CONFIRMATION_OK"
14702,4019767765,4019767878,1,"IOTHUB_CLIENT_CONFIRMATION_OK"
14703,4019767965,4019768048,1,"IOTHUB_CLIENT_CONFIRMATION_OK"
14704,4019768166,4019768213,1,"IOTHUB_CLIENT_CONFIRMATION_OK"
14705,4019768366,4019768401,1,"IOTHUB_CLIENT_CONFIRMATION_OK"
14706,4019768566,4019768620,1,"IOTHUB_CLIENT_CONFIRMATION_OK"
14707,4019768766,4019768822,1,"IOTHUB_CLIENT_CONFIRMATION_OK"
14708,4019768966,4019769051,1,"IOTHUB_CLIENT_CONFIRMATION_OK"
14709,4019769166,4019769206,1,"IOTHUB_CLIENT_CONFIRMATION_OK"
14710,4019769367,4019769410,1,"IOTHUB_CLIENT_CONFIRMATION_OK"
14711,4019769567,4019769614,1,"IOTHUB_CLIENT_CONFIRMATION_OK"
14712,4019769767,4019769840,1,"IOTHUB_CLIENT_CONFIRMATION_OK"
14713,4019769967,4019770007,1,"IOTHUB_CLIENT_CONFIRMATION_OK"
14714,4019770167,4019770208,1,"IOTHUB_CLIENT_CONFIRMATION_OK"
14715,4019770367,4019770407,1,"IOTHUB_CLIENT_CONFIRMATION_OK"
14716,4019770568,4019770607,1,"IOTHUB_CLIENT_CONFIRMATION_OK"
14717,4019770768,4019770824,1,"IOTHUB_CLIENT_CONFIRMATION_OK"
14718,4019770968,4019771007,1,"IOTHUB_CLIENT_CONFIRMATION_OK"
14719,4019771168,4019771212,1,"IOTHUB_CLIENT_CONFIRMATION_OK"
14720,4019771368,4019771421,1,"IOTHUB_CLIENT_CONFIRMATION_OK"
14721,4019771568,4019771662,1,"IOTHUB_CLIENT_CONFIRMATION_OK"
14722,4019771768,4019771817,1,"IOTHUB_CLIENT_CONFIRMATION_OK"
14723,4019771969,4019772035,1,"IOTHUB_CLIENT_CONFIRMATION_OK"
14724,4019772169,4019772261,1,"IOTHUB_CLIENT_CONFIRMATION_OK"
14725,4019772369,4019772438,1,"IOTHUB_CLIENT_CONFIRMATION_OK"
14726,4019772569,4019772617,1,"IOTHUB_CLIENT_CONFIRMATION_OK"
14727,4019772769,4019772870,1,"IOTHUB_CLIENT_CONFIRMATION_OK"
14728,4019772969,4019773020,1,"IOTHUB_CLIENT_CONFIRMATION_OK"
14729,4019773170,4019773261,1,"IOTHUB_CLIENT_CONFIRMATION_OK"
14730,4019773370,4019773413,1,"IOTHUB_CLIENT_CONFIRMATION_OK"
14731,4019773570,4019773624,1,"IOTHUB_CLIENT_CONFIRMATION_OK"
14732,4019773770,4019773831,1,"IOTHUB_CLIENT_CONFIRMATION_OK"
14733,4019773970,4019774011,1,"IOTHUB_CLIENT_CONFIRMATION_OK"
14734,4019774170,4019774230,1,"IOTHUB_CLIENT_CONFIRMATION_OK"
14735,4019774370,4019774420,1,"IOTHUB_CLIENT_CONFIRMATION_OK"
14736,4019774571,4019774629,1,"IOTHUB_CLIENT_CONFIRMATION_OK"
14737,4019774771,4019774814,1,"IOTHUB_CLIENT_CONFIRMATION_OK"
14738,4019774971,4019775059,1,"IOTHUB_CLIENT_CONFIRMATION_OK"
14739,4019775171,4019775246,1,"IOTHUB_CLIENT_CONFIRMATION_OK"
14740,4019775371,4019775526,1,"IOTHUB_CLIENT_CONFIRMATION_OK"
14741,4019775571,4019775617,1,"IOTHUB_CLIENT_CONFIRMATION_OK"
14742,4019775771,4019775819,1,"IOTHUB_CLIENT_CONFIRMATION_OK"
14743,4019775972,4019776168,1,"IOTHUB_CLIENT_CONFIRMATION_OK"
14744,4019776172,4019776227,1,"IOTHUB_CLIENT_CONFIRMATION_OK"
14745,4019776372,4019776414,1,"IOTHUB_CLIENT_CONFIRMATION_OK"
14746,4019776572,4019776635,1,"IOTHUB_CLIENT_CONFIRMATION_OK"
14747,4019776772,4019776806,1,"IOTHUB_CLIENT_CONFIRMATION_OK"
14748,4019776972,4019777013,1,"IOTHUB_CLIENT_CONFIRMATION_OK"
14749,4019777173,4019777222,1,"IOTHUB_CLIENT_CONFIRMATION_OK"
14750,4019777373,4019777490,1,"IOTHUB_CLIENT_CONFIRMATION_OK"
14751,4019777573,4019777630,1,"IOTHUB_CLIENT_CONFIRMATION_OK"
14752,4019777773,4019777813,1,"IOTHUB_CLIENT_CONFIRMATION_OK"
14753,4019777973,4019778014,1,"IOTHUB_CLIENT_CONFIRMATION_OK"
14754,4019778173,4019778215,1,"IOTHUB_CLIENT_CONFIRMATION_OK"
14755,4019778374,4019778443,1,"IOTHUB_CLIENT_CONFIRMATION_OK"
14756,4019778574,4019778632,1,"IOTHUB_CLIENT_CONFIRMATION_OK"
14757,4019778774,4019778828,1,"IOTHUB_CLIENT_CONFIRMATION_OK"
14758,4019778974,4019779012,1,"IOTHUB_CLIENT_CONFIRMATION_OK"
14759,4019779174,4019779222,1,"IOTHUB_CLIENT_CONFIRMATION_OK"
14760,4019779374,4019779442,1,"IOTHUB_CLIENT_CONFIRMATION_OK"
14761,4019779574,4019779624,1,"IOTHUB_CLIENT_CONFIRMATION_OK"
14762,4019779775,4019779825,1,"IOTHUB_CLIENT_CONFIRMATION_OK"
14763,4019779975,4019780094,1,"IOTHUB_CLIENT_CONFIRMATION_OK"
14764,4019780175,4019780215,1,"IOTHUB_CLIENT_CONFIRMATION_OK"
14765,4019780375,4019780408,1,"IOTHUB_CLIENT_CONFIRMATION_OK"
14766,4019780575,4019780666,1,"IOTHUB_CLIENT_CONFIRMATION_OK"
14767,4019780775,4019780815,1,"IOTHUB_CLIENT_CONFIRMATION_OK"
14768,4019780976,4019781020,1,"IOTHUB_CLIENT_CONFIRMATION_OK"
14769,4019781176,4019781290,1,"IOTHUB_CLIENT_CONFIRMATION_OK"
14770,4019781376,4019781433,1,"IOTHUB_CLIENT_CONFIRMATION_OK"
14771,4019781576,4019781623,1,"IOTHUB_CLIENT_CONFIRMATION_OK"
14772,4019781776,4019781884,1,"IOTHUB_CLIENT_CONFIRMATION_OK"
14773,4019781976,4019782049,1,"IOTHUB_CLIENT_CONFIRMATION_OK"
14774,4019782176,4019782316,1,"IOTHUB_CLIENT_CONFIRMATION_OK"
14775,4019782377,4019782422,1,"IOTHUB_CLIENT_CONFIRMATION_OK"
14776,4019782577,4019782621,1,"IOTHUB_CLIENT_CONFIRMATION_OK"
14777,4019782777,4019782891,1,"IOTHUB_CLIENT_CONFIRMATION_OK"
14778,4019782977,4019783024,1,"IOTHUB_CLIENT_CONFIRMATION_OK"
14779,4019783177,4019783214,1,"IOTHUB_CLIENT_CONFIRMATION_OK"
14780,4019783377,4019783426,1,"IOTHUB_CLIENT_CONFIRMATION_OK"
14781,4019783578,4019783625,1,"IOTHUB_CLIENT_CONFIRMATION_OK"
14782,4019783778,4019783829,1,"IOTHUB_CLIENT_CONFIRMATION_OK"
14783,4019783978,4019784030,1,"IOTHUB_CLIENT_CONFIRMATION_OK"
14784,4019784178,4019784219,1,"IOTHUB_CLIENT_CONFIRMATION_OK"
14785,4019784378,4019784596,1,"IOTHUB_CLIENT_CONFIRMATION_OK"
14786,4019784578,4019784622,1,"IOTHUB_CLIENT_CONFIRMATION_OK"
14787,4019784779,4019784817,1,"IOTHUB_CLIENT_CONFIRMATION_OK"
14788,4019784979,4019785027,1,"IOTHUB_CLIENT_CONFIRMATION_OK"
14789,4019785179,4019785223,1,"IOTHUB_CLIENT_CONFIRMATION_OK"
14790,4019785379,4019785430,1,"IOTHUB_CLIENT_CONFIRMATION_OK"
14791,4019785579,4019785669,1,"IOTHUB_CLIENT_CONFIRMATION_OK"
14792,4019785779,4019785921,1,"IOTHUB_CLIENT_CONFIRMATION_OK"
14793,4019785979,4019786038,1,"IOTHUB_CLIENT_CONFIRMATION_OK"
14794,4019786180,4019786223,1,"IOTHUB_CLIENT_CONFIRMATION_OK"
14795,4019786380,4019786431,1,"IOTHUB_CLIENT_CONFIRMATION_OK"
14796,4019786580,4019786628,1,"IOTHUB_CLIENT_CONFIRMATION_OK"
14797,4019786780,4019786828,1,"IOTHUB_CLIENT_CONFIRMATION_OK"
14798,4019786980,4019787172,1,"IOTHUB_CLIENT_CONFIRMATION_OK"
14799,4019787180,4019787224,1,"IOTHUB_CLIENT_CONFIRMATION_OK"
14800,4019787381,4019787469,1,"IOTHUB_CLIENT_CONFIRMATION_OK"
14801,4019787581,4019787745,1,"IOTHUB_CLIENT_CONFIRMATION_OK"
14802,4019787781,4019787828,1,"IOTHUB_CLIENT_CONFIRMATION_OK"
14803,4019787981,4019788033,1,"IOTHUB_CLIENT_CONFIRMATION_OK"
14804,4019788181,4019788219,1,"IOTHUB_CLIENT_CONFIRMATION_OK"
14805,4019788381,4019788422,1,"IOTHUB_CLIENT_CONFIRMATION_OK"
14806,4019788581,4019788628,1,"IOTHUB_CLIENT_CONFIRMATION_OK"
14807,4019788782,4019788823,1,"IOTHUB_CLIENT_CONFIRMATION_OK"
14808,4019788982,4019789017,1,"IOTHUB_CLIENT_CONFIRMATION_OK"
14809,4019789182,4019789217,1,"IOTHUB_CLIENT_CONFIRMATION_OK"
14810,4019789382,4019789425,1,"IOTHUB_CLIENT_CONFIRMATION_OK"
14811,4019789582,4019789623,1,"IOTHUB_CLIENT_CONFIRMATION_OK"
14812,4019789783,4019789839,1,"IOTHUB_CLIENT_CONFIRMATION_OK"
14813,4019789983,4019790027,1,"IOTHUB_CLIENT_CONFIRMATION_OK"
14814,4019790183,4019790227,1,"IOTHUB_CLIENT_CONFIRMATION_OK"
14815,4019790383,4019790427,1,"IOTHUB_CLIENT_CONFIRMATION_OK"
14816,4019790583,4019790630,1,"IOTHUB_CLIENT_CONFIRMATION_OK"
14817,4019790783,4019790865,1,"IOTHUB_CLIENT_CONFIRMATION_OK"
14818,4019790983,4019791027,1,"IOTHUB_CLIENT_CONFIRMATION_OK"
14819,4019791184,4019791249,1,"IOTHUB_CLIENT_CONFIRMATION_OK"
14820,4019791384,4019791483,1,"IOTHUB_CLIENT_CONFIRMATION_OK"
14821,4019791584,4019791691,1,"IOTHUB_CLIENT_CONFIRMATION_OK"
14822,4019791784,4019791828,1,"IOTHUB_CLIENT_CONFIRMATION_OK"
14823,4019791984,4019792020,1,"IOTHUB_CLIENT_CONFIRMATION_OK"
14824,4019792184,4019792311,1,"IOTHUB_CLIENT_CONFIRMATION_OK"
14825,4019792385,4019792427,1,"IOTHUB_CLIENT_CONFIRMATION_OK"
14826,4019792585,4019792623,1,"IOTHUB_CLIENT_CONFIRMATION_OK"
14827,4019792785,4019792926,1,"IOTHUB_CLIENT_CONFIRMATION_OK"
14828,4019792985,4019793081,1,"IOTHUB_CLIENT_CONFIRMATION_OK"
14829,4019793185,4019793229,1,"IOTHUB_CLIENT_CONFIRMATION_OK"
14830,4019793385,4019793457,1,"IOTHUB_CLIENT_CONFIRMATION_OK"
14831,4019793585,4019793626,1,"IOTHUB_CLIENT_CONFIRMATION_OK"
14832,4019793786,4019793875,1,"IOTHUB_CLIENT_CONFIRMATION_OK"
14833,4019793986,4019794029,1,"IOTHUB_CLIENT_CONFIRMATION_OK"
14834,4019794186,4019794230,1,"IOTHUB_CLIENT_CONFIRMATION_OK"
14835,4019794386,4019794431,1,"IOTHUB_CLIENT_CONFIRMATION_OK"
14836,4019794586,4019794645,1,"IOTHUB_CLIENT_CONFIRMATION_OK"
14837,4019794786,4019794828,1,"IOTHUB_CLIENT_CONFIRMATION_OK"
14838,4019794987,4019795030,1,"IOTHUB_CLIENT_CONFIRMATION_OK"
14839,4019795187,4019795234,1,"IOTHUB_CLIENT_CONFIRMATION_OK"
14840,4019795387,4019795585,1,"IOTHUB_CLIENT_CONFIRMATION_OK"
14841,4019795587,4019795664,1,"IOTHUB_CLIENT_CONFIRMATION_OK"
14842,4019795787,4019795848,1,"IOTHUB_CLIENT_CONFIRMATION_OK"
14843,4019795987,4019796158,1,"IOTHUB_CLIENT_CONFIRMATION_OK"
14844,4019796187,4019796223,1,"IOTHUB_CLIENT_CONFIRMATION_OK"
14845,4019796388,4019796432,1,"IOTHUB_CLIENT_CONFIRMATION_OK"
14846,4019796588,4019796630,1,"IOTHUB_CLIENT_CONFIRMATION_OK"
14847,4019796788,4019796824,1,"IOTHUB_CLIENT_CONFIRMATION_OK"
14848,4019796988,4019797031,1,"IOTHUB_CLIENT_CONFIRMATION_OK"
14849,4019797188,4019797233,1,"IOTHUB_CLIENT_CONFIRMATION_OK"
14850,4019797388,4019797437,1,"IOTHUB_CLIENT_CONFIRMATION_OK"
14851,4019797589,4019797637,1,"IOTHUB_CLIENT_CONFIRMATION_OK"
14852,4019797789,4019797829,1,"IOTHUB_CLIENT_CONFIRMATION_OK"
14853,4019797989,4019798049,1,"IOTHUB_CLIENT_CONFIRMATION_OK"
14854,4019798189,4019798235,1,"IOTHUB_CLIENT_CONFIRMATION_OK"
14855,4019798389,4019798433,1,"IOTHUB_CLIENT_CONFIRMATION_OK"
14856,4019798589,4019798660,1,"IOTHUB_CLIENT_CONFIRMATION_OK"
14857,4019798790,4019798830,1,"IOTHUB_CLIENT_CONFIRMATION_OK"
14858,4019798990,4019799064,1,"IOTHUB_CLIENT_CONFIRMATION_OK"
14859,4019799190,4019799292,1,"IOTHUB_CLIENT_CONFIRMATION_OK"
14860,4019799390,4019799439,1,"IOTHUB_CLIENT_CONFIRMATION_OK"
14861,4019799590,4019799638,1,"IOTHUB_CLIENT_CONFIRMATION_OK"
14862,4019799790,4019799897,1,"IOTHUB_CLIENT_CONFIRMATION_OK"
14863,4019799991,4019800287,1,"IOTHUB_CLIENT_CONFIRMATION_OK"
14864,4019800191,4019800333,1,"IOTHUB_CLIENT_CONFIRMATION_OK"
14865,4019800391,4019800430,1,"IOTHUB_CLIENT_CONFIRMATION_OK"
14866,4019800591,4019800832,1,"IOTHUB_CLIENT_CONFIRMATION_OK"
14867,4019800791,4019800862,1,"IOTHUB_CLIENT_CONFIRMATION_OK"
14868,4019800991,4019801043,1,"IOTHUB_CLIENT_CONFIRMATION_OK"
14869,4019801191,4019801296,1,"IOTHUB_CLIENT_CONFIRMATION_OK"
14870,4019801392,4019801429,1,"IOTHUB_CLIENT_CONFIRMATION_OK"
14871,4019801592,4019801653,1,"IOTHUB_CLIENT_CONFIRMATION_OK"
14872,4019801792,4019801914,1,"IOTHUB_CLIENT_CONFIRMATION_OK"
14873,4019801992,4019802032,1,"IOTHUB_CLIENT_CONFIRMATION_OK"
14874,4019802192,4019802233,1,"IOTHUB_CLIENT_CONFIRMATION_OK"
14875,4019802392,4019802434,1,"IOTHUB_CLIENT_CONFIRMATION_OK"
14876,4019802593,4019802771,1,"IOTHUB_CLIENT_CONFIRMATION_OK"
14877,4019802793,4019802830,1,"IOTHUB_CLIENT_CONFIRMATION_OK"
14878,4019802993,4019803033,1,"IOTHUB_CLIENT_CONFIRMATION_OK"
14879,4019803193,4019803268,1,"IOTHUB_CLIENT_CONFIRMATION_OK"
14880,4019803393,4019803463,1,"IOTHUB_CLIENT_CONFIRMATION_OK"
14881,4019803593,4019803632,1,"IOTHUB_CLIENT_CONFIRMATION_OK"
14882,4019803794,4019803852,1,"IOTHUB_CLIENT_CONFIRMATION_OK"
14883,4019803994,4019804036,1,"IOTHUB_CLIENT_CONFIRMATION_OK"
14884,4019804194,4019804237,1,"IOTHUB_CLIENT_CONFIRMATION_OK"
14885,4019804394,4019804434,1,"IOTHUB_CLIENT_CONFIRMATION_OK"
14886,4019804594,4019804633,1,"IOTHUB_CLIENT_CONFIRMATION_OK"
14887,4019804794,4019804933,1,"IOTHUB_CLIENT_CONFIRMATION_OK"
14888,4019804994,4019805038,1,"IOTHUB_CLIENT_CONFIRMATION_OK"
14889,4019805195,4019805235,1,"IOTHUB_CLIENT_CONFIRMATION_OK"
14890,4019805395,4019805433,1,"IOTHUB_CLIENT_CONFIRMATION_OK"
14891,4019805595,4019805743,1,"IOTHUB_CLIENT_CONFIRMATION_OK"
14892,4019805795,4019805896,1,"IOTHUB_CLIENT_CONFIRMATION_OK"
14893,4019805995,4019806040,1,"IOTHUB_CLIENT_CONFIRMATION_OK"
14894,4019806195,4019806234,1,"IOTHUB_CLIENT_CONFIRMATION_OK"
14895,4019806395,4019806441,1,"IOTHUB_CLIENT_CONFIRMATION_OK"
14896,4019806596,4019806639,1,"IOTHUB_CLIENT_CONFIRMATION_OK"
14897,4019806796,4019806844,1,"IOTHUB_CLIENT_CONFIRMATION_OK"
14898,4019806996,4019807056,1,"IOTHUB_CLIENT_CONFIRMATION_OK"
14899,4019807196,4019807239,1,"IOTHUB_CLIENT_CONFIRMATION_OK"
14900,4019807396,4019807433,1,"IOTHUB_CLIENT_CONFIRMATION_OK"
14901,4019807596,4019807654,1,"IOTHUB_CLIENT_CONFIRMATION_OK"
14902,4019807796,4019807868,1,"IOTHUB_CLIENT_CONFIRMATION_OK"
14903,4019807997,4019808048,1,"IOTHUB_CLIENT_CONFIRMATION_OK"
14904,4019808197,4019808241,1,"IOTHUB_CLIENT_CONFIRMATION_OK"
14905,4019808397,4019808515,1,"IOTHUB_CLIENT_CONFIRMATION_OK"
14906,4019808597,4019808650,1,"IOTHUB_CLIENT_CONFIRMATION_OK"
14907,4019808797,4019808844,1,"IOTHUB_CLIENT_CONFIRMATION_OK"
14908,4019808997,4019809098,1,"IOTHUB_CLIENT_CONFIRMATION_OK"
14909,4019809198,4019809237,1,"IOTHUB_CLIENT_CONFIRMATION_OK"
14910,4019809398,4019809446,1,"IOTHUB_CLIENT_CONFIRMATION_OK"
14911,4019809598,4019809707,1,"IOTHUB_CLIENT_CONFIRMATION_OK"
14912,4019809798,4019809834,1,"IOTHUB_CLIENT_CONFIRMATION_OK"
14913,4019809998,4019810043,1,"IOTHUB_CLIENT_CONFIRMATION_OK"
14914,4019810198,4019810336,1,"IOTHUB_CLIENT_CONFIRMATION_OK"
14915,4019810399,4019810472,1,"IOTHUB_CLIENT_CONFIRMATION_OK"
14916,4019810599,4019810643,1,"IOTHUB_CLIENT_CONFIRMATION_OK"
14917,4019810799,4019810846,1,"IOTHUB_CLIENT_CONFIRMATION_OK"
14918,4019810999,4019811036,1,"IOTHUB_CLIENT_CONFIRMATION_OK"
14919,4019811199,4019811246,1,"IOTHUB_CLIENT_CONFIRMATION_OK"
14920,4019811399,4019811485,1,"IOTHUB_CLIENT_CONFIRMATION_OK"
14921,4019811599,4019811646,1,"IOTHUB_CLIENT_CONFIRMATION_OK"
14922,4019811800,4019811841,1,"IOTHUB_CLIENT_CONFIRMATION_OK"
14923,4019812000,4019812071,1,"IOTHUB_CLIENT_CONFIRMATION_OK"
14924,4019812200,4019812243,1,"IOTHUB_CLIENT_CONFIRMATION_OK"
14925,4019812400,4019812441,1,"IOTHUB_CLIENT_CONFIRMATION_OK"
14926,4019812600,4019812644,1,"IOTHUB_CLIENT_CONFIRMATION_OK"
14927,4019812800,4019813012,1,"IOTHUB_CLIENT_CONFIRMATION_OK"
14928,4019813000,4019813059,1,"IOTHUB_CLIENT_CONFIRMATION_OK"
14929,4019813201,4019813240,1,"IOTHUB_CLIENT_CONFIRMATION_OK"
14930,4019813401,4019813435,1,"IOTHUB_CLIENT_CONFIRMATION_OK"
14931,4019813601,4019813665,1,"IOTHUB_CLIENT_CONFIRMATION_OK"
14932,4019813801,4019813847,1,"IOTHUB_CLIENT_CONFIRMATION_OK"
14933,4019814001,4019814051,1,"IOTHUB_CLIENT_CONFIRMATION_OK"
14934,4019814201,4019814240,1,"IOTHUB_CLIENT_CONFIRMATION_OK"
14935,4019814402,4019814452,1,"IOTHUB_CLIENT_CONFIRMATION_OK"
14936,4019814602,4019814647,1,"IOTHUB_CLIENT_CONFIRMATION_OK"
14937,4019814802,4019814847,1,"IOTHUB_CLIENT_CONFIRMATION_OK"
14938,4019815002,4019815049,1,"IOTHUB_CLIENT_CONFIRMATION_OK"
14939,4019815202,4019815246,1,"IOTHUB_CLIENT_CONFIRMATION_OK"
14940,4019815402,4019815447,1,"IOTHUB_CLIENT_CONFIRMATION_OK"
14941,4019815602,4019815640,1,"IOTHUB_CLIENT_CONFIRMATION_OK"
14942,4019815803,4019815840,1,"IOTHUB_CLIENT_CONFIRMATION_OK"
14943,4019816003,4019816051,1,"IOTHUB_CLIENT_CONFIRMATION_OK"
14944,4019816203,4019816246,1,"IOTHUB_CLIENT_CONFIRMATION_OK"
14945,4019816403,4019816484,1,"IOTHUB_CLIENT_CONFIRMATION_OK"
14946,4019816603,4019816646,1,"IOTHUB_CLIENT_CONFIRMATION_OK"
14947,4019816803,4019816868,1,"IOTHUB_CLIENT_CONFIRMATION_OK"
14948,4019817004,4019817046,1,"IOTHUB_CLIENT_CONFIRMATION_OK"
14949,4019817204,4019817255,1,"IOTHUB_CLIENT_CONFIRMATION_OK"
14950,4019817404,4019817475,1,"IOTHUB_CLIENT_CONFIRMATION_OK"
14951,4019817604,4019817659,1,"IOTHUB_CLIENT_CONFIRMATION_OK"
14952,4019817804,4019817840,1,"IOTHUB_CLIENT_CONFIRMATION_OK"
14953,4019818004,4019818240,1,"IOTHUB_CLIENT_CONFIRMATION_OK"
14954,4019818204,4019818281,1,"IOTHUB_CLIENT_CONFIRMATION_OK"
14955,4019818405,4019818456,1,"IOTHUB_CLIENT_CONFIRMATION_OK"
14956,4019818605,4019818726,1,"IOTHUB_CLIENT_CONFIRMATION_OK"
14957,4019818805,4019818861,1,"IOTHUB_CLIENT_CONFIRMATION_OK"
14958,4019819005,4019819044,1,"IOTHUB_CLIENT_CONFIRMATION_OK"
14959,4019819205,4019819261,1,"IOTHUB_CLIENT_CONFIRMATION_OK"
14960,4019819405,4019819451,1,"IOTHUB_CLIENT_CONFIRMATION_OK"
14961,4019819606,4019819673,1,"IOTHUB_CLIENT_CONFIRMATION_OK"
14962,4019819806,4019819858,1,"IOTHUB_CLIENT_CONFIRMATION_OK"
14963,4019820006,4019820069,1,"IOTHUB_CLIENT_CONFIRMATION_OK"
14964,4019820206,4019820245,1,"IOTHUB_CLIENT_CONFIRMATION_OK"
14965,4019820406,4019820456,1,"IOTHUB_CLIENT_CONFIRMATION_OK"
14966,4019820606,4019820692,1,"IOTHUB_CLIENT_CONFIRMATION_OK"
14967,4019820806,4019820855,1,"IOTHUB_CLIENT_CONFIRMATION_OK"
14968,4019821007,4019821059,1,"IOTHUB_CLIENT_CONFIRMATION_OK"
14969,4019821207,4019821294,1,"IOTHUB_CLIENT_CONFIRMATION_OK"
14970,4019821407,4019821447,1,"IOTHUB_CLIENT_CONFIRMATION_OK"
14971,4019821607,4019821696,1,"IOTHUB_CLIENT_CONFIRMATION_OK"
14972,4019821807,4019821883,1,"IOTHUB_CLIENT_CONFIRMATION_OK"
14973,4019822007,4019822053,1,"IOTHUB_CLIENT_CONFIRMATION_OK"
14974,4019822208,4019822251,1,"IOTHUB_CLIENT_CONFIRMATION_OK"
14975,4019822408,4019822448,1,"IOTHUB_CLIENT_CONFIRMATION_OK"
14976,4019822608,4019822650,1,"IOTHUB_CLIENT_CONFIRMATION_OK"
14977,4019822808,4019822850,1,"IOTHUB_CLIENT_CONFIRMATION_OK"
14978,4019823008,4019823046,1,"IOTHUB_CLIENT_CONFIRMATION_OK"
14979,4019823208,4019823326,1,"IOTHUB_CLIENT_CONFIRMATION_OK"
14980,4019823408,4019823452,1,"IOTHUB_CLIENT_CONFIRMATION_OK"
14981,4019823609,4019823650,1,"IOTHUB_CLIENT_CONFIRMATION_OK"
14982,4019823809,4019823938,1,"IOTHUB_CLIENT_CONFIRMATION_OK"
14983,4019824009,4019824059,1,"IOTHUB_CLIENT_CONFIRMATION_OK"
14984,4019824209,4019824253,1,"IOTHUB_CLIENT_CONFIRMATION_OK"
14985,4019824409,4019824534,1,"IOTHUB_CLIENT_CONFIRMATION_OK"
14986,4019824609,4019824650,1,"IOTHUB_CLIENT_CONFIRMATION_OK"
14987,4019824810,4019824846,1,"IOTHUB_CLIENT_CONFIRMATION_OK"
14988,4019825010,4019825056,1,"IOTHUB_CLIENT_CONFIRMATION_OK"
14989,4019825210,4019825250,1,"IOTHUB_CLIENT_CONFIRMATION_OK"
14990,4019825410,4019825474,1,"IOTHUB_CLIENT_CONFIRMATION_OK"
14991,4019825610,4019825668,1,"IOTHUB_CLIENT_CONFIRMATION_OK"
14992,4019825810,4019825850,1,"IOTHUB_CLIENT_CONFIRMATION_OK"
14993,4019826010,4019826052,1,"IOTHUB_CLIENT_CONFIRMATION_OK"
14994,4019826211,4019826254,1,"IOTHUB_CLIENT_CONFIRMATION_OK"
14995,4019826411,4019826456,1,"IOTHUB_CLIENT_CONFIRMATION_OK"
14996,4019826611,4019826690,1,"IOTHUB_CLIENT_CONFIRMATION_OK"
14997,4019826811,4019826863,1,"IOTHUB_CLIENT_CONFIRMATION_OK"
14998,4019827011,4019827064,1,"IOTHUB_CLIENT_CONFIRMATION_OK"
14999,4019827211,4019827257,1,"IOTHUB_CLIENT_CONFIRMATION_OK"
15000,4019827412,4019827459,1,"IOTHUB_CLIENT_CONFIRMATION_OK"
15001,4019827612,4019827823,1,"IOTHUB_CLIENT_CONFIRMATION_OK"
15002,4019827812,4019827856,1,"IOTHUB_CLIENT_CONFIRMATION_OK"
15003,4019828012,4019828058,1,"IOTHUB_CLIENT_CONFIRMATION_OK"
15004,4019828212,4019828254,1,"IOTHUB_CLIENT_CONFIRMATION_OK"
15005,4019828412,4019828453,1,"IOTHUB_CLIENT_CONFIRMATION_OK"
15006,4019828613,4019828665,1,"IOTHUB_CLIENT_CONFIRMATION_OK"
15007,4019828813,4019828863,1,"IOTHUB_CLIENT_CONFIRMATION_OK"
15008,4019829013,4019829082,1,"IOTHUB_CLIENT_CONFIRMATION_OK"
15009,4019829213,4019829251,1,"IOTHUB_CLIENT_CONFIRMATION_OK"
15010,4019829413,4019829451,1,"IOTHUB_CLIENT_CONFIRMATION_OK"
15011,4019829613,4019829677,1,"IOTHUB_CLIENT_CONFIRMATION_OK"
15012,4019829813,4019829884,1,"IOTHUB_CLIENT_CONFIRMATION_OK"
15013,4019830014,4019830123,1,"IOTHUB_CLIENT_CONFIRMATION_OK"
15014,4019830214,4019830349,1,"IOTHUB_CLIENT_CONFIRMATION_OK"
15015,4019830414,4019830466,1,"IOTHUB_CLIENT_CONFIRMATION_OK"
15016,4019830614,4019830661,1,"IOTHUB_CLIENT_CONFIRMATION_OK"
15017,4019830814,4019830861,1,"IOTHUB_CLIENT_CONFIRMATION_OK"
15018,4019831014,4019831051,1,"IOTHUB_CLIENT_CONFIRMATION_OK"
15019,4019831215,4019831254,1,"IOTHUB_CLIENT_CONFIRMATION_OK"
15020,4019831415,4019831458,1,"IOTHUB_CLIENT_CONFIRMATION_OK"
15021,4019831615,4019831662,1,"IOTHUB_CLIENT_CONFIRMATION_OK"
15022,4019831815,4019831857,1,"IOTHUB_CLIENT_CONFIRMATION_OK"
15023,4019832015,4019832063,1,"IOTHUB_CLIENT_CONFIRMATION_OK"
15024,4019832215,4019832258,1,"IOTHUB_CLIENT_CONFIRMATION_OK"
15025,4019832415,4019832465,1,"IOTHUB_CLIENT_CONFIRMATION_OK"
15026,4019832616,4019832659,1,"IOTHUB_CLIENT_CONFIRMATION_OK"
15027,4019832816,4019832988,1,"IOTHUB_CLIENT_CONFIRMATION_OK"
15028,4019833016,4019833087,1,"IOTHUB_CLIENT_CONFIRMATION_OK"
15029,4019833216,4019833261,1,"IOTHUB_CLIENT_CONFIRMATION_OK"
15030,4019833416,4019833461,1,"IOTHUB_CLIENT_CONFIRMATION_OK"
15031,4019833616,4019833667,1,"IOTHUB_CLIENT_CONFIRMATION_OK"
15032,4019833816,4019833857,1,"IOTHUB_CLIENT_CONFIRMATION_OK"
15033,4019834017,4019834058,1,"IOTHUB_CLIENT_CONFIRMATION_OK"
15034,4019834217,4019834268,1,"IOTHUB_CLIENT_CONFIRMATION_OK"
15035,4019834417,4019834479,1,"IOTHUB_CLIENT_CONFIRMATION_OK"
15036,4019834617,4019834655,1,"IOTHUB_CLIENT_CONFIRMATION_OK"
15037,4019834817,4019834861,1,"IOTHUB_CLIENT_CONFIRMATION_OK"
15038,4019835017,4019835055,1,"IOTHUB_CLIENT_CONFIRMATION_OK"
15039,4019835217,4019835257,1,"IOTHUB_CLIENT_CONFIRMATION_OK"
15040,4019835418,4019835479,1,"IOTHUB_CLIENT_CONFIRMATION_OK"
15041,4019835618,4019835651,1,"IOTHUB_CLIENT_CONFIRMATION_OK"
15042,4019835818,4019835857,1,"IOTHUB_CLIENT_CONFIRMATION_OK"
15043,4019836018,4019836066,1,"IOTHUB_CLIENT_CONFIRMATION_OK"
15044,4019836218,4019836278,1,"IOTHUB_CLIENT_CONFIRMATION_OK"
15045,4019836418,4019836507,1,"IOTHUB_CLIENT_CONFIRMATION_OK"
15046,4019836619,4019836664,1,"IOTHUB_CLIENT_CONFIRMATION_OK"
15047,4019836819,4019836864,1,"IOTHUB_CLIENT_CONFIRMATION_OK"
15048,4019837019,4019837056,1,"IOTHUB_CLIENT_CONFIRMATION_OK"
15049,4019837219,4019837261,1,"IOTHUB_CLIENT_CONFIRMATION_OK"
15050,4019837419,4019837535,1,"IOTHUB_CLIENT_CONFIRMATION_OK"
15051,4019837619,4019837685,1,"IOTHUB_CLIENT_CONFIRMATION_OK"
15052,4019837819,4019837857,1,"IOTHUB_CLIENT_CONFIRMATION_OK"
15053,4019838020,4019838142,1,"IOTHUB_CLIENT_CONFIRMATION_OK"
15054,4019838220,4019838258,1,"IOTHUB_CLIENT_CONFIRMATION_OK"
15055,4019838420,4019838476,1,"IOTHUB_CLIENT_CONFIRMATION_OK"
15056,4019838620,4019838776,1,"IOTHUB_CLIENT_CONFIRMATION_OK"
15057,4019838820,4019838872,1,"IOTHUB_CLIENT_CONFIRMATION_OK"
15058,4019839020,4019839061,1,"IOTHUB_CLIENT_CONFIRMATION_OK"
15059,4019839221,4019839282,1,"IOTHUB_CLIENT_CONFIRMATION_OK"
15060,4019839421,4019839460,1,"IOTHUB_CLIENT_CONFIRMATION_OK"
15061,4019839621,4019840278,1,"IOTHUB_CLIENT_CONFIRMATION_OK"
15062,4019839821,4019840332,1,"IOTHUB_CLIENT_CONFIRMATION_OK"
15063,4019840021,4019840408,1,"IOTHUB_CLIENT_CONFIRMATION_OK"
15064,4019840221,4019840466,1,"IOTHUB_CLIENT_CONFIRMATION_OK"
15065,4019840422,4019840560,1,"IOTHUB_CLIENT_CONFIRMATION_OK"
15066,4019840622,4019840677,1,"IOTHUB_CLIENT_CONFIRMATION_OK"
15067,4019840822,4019840860,1,"IOTHUB_CLIENT_CONFIRMATION_OK"
15068,4019841022,4019841143,1,"IOTHUB_CLIENT_CONFIRMATION_OK"
15069,4019841222,4019841269,1,"IOTHUB_CLIENT_CONFIRMATION_OK"
15070,4019841422,4019841465,1,"IOTHUB_CLIENT_CONFIRMATION_OK"
15071,4019841622,4019841674,1,"IOTHUB_CLIENT_CONFIRMATION_OK"
15072,4019841823,4019842026,1,"IOTHUB_CLIENT_CONFIRMATION_OK"
15073,4019842023,4019842075,1,"IOTHUB_CLIENT_CONFIRMATION_OK"
15074,4019842223,4019842257,1,"IOTHUB_CLIENT_CONFIRMATION_OK"
15075,4019842423,4019842513,1,"IOTHUB_CLIENT_CONFIRMATION_OK"
15076,4019842623,4019842675,1,"IOTHUB_CLIENT_CONFIRMATION_OK"
15077,4019842823,4019842884,1,"IOTHUB_CLIENT_CONFIRMATION_OK"
15078,4019843024,4019843061,1,"IOTHUB_CLIENT_CONFIRMATION_OK"
15079,4019843224,4019843274,1,"IOTHUB_CLIENT_CONFIRMATION_OK"
15080,4019843424,4019843477,1,"IOTHUB_CLIENT_CONFIRMATION_OK"
15081,4019843624,4019843669,1,"IOTHUB_CLIENT_CONFIRMATION_OK"
15082,4019843824,4019843961,1,"IOTHUB_CLIENT_CONFIRMATION_OK"
15083,4019844024,4019844070,1,"IOTHUB_CLIENT_CONFIRMATION_OK"
15084,4019844225,4019844270,1,"IOTHUB_CLIENT_CONFIRMATION_OK"
15085,4019844425,4019844497,1,"IOTHUB_CLIENT_CONFIRMATION_OK"
15086,4019844625,4019844670,1,"IOTHUB_CLIENT_CONFIRMATION_OK"
15087,4019844825,4019844866,1,"IOTHUB_CLIENT_CONFIRMATION_OK"
15088,4019845025,4019845066,1,"IOTHUB_CLIENT_CONFIRMATION_OK"
15089,4019845225,4019845265,1,"IOTHUB_CLIENT_CONFIRMATION_OK"
15090,4019845426,4019845471,1,"IOTHUB_CLIENT_CONFIRMATION_OK"
15091,4019845626,4019845669,1,"IOTHUB_CLIENT_CONFIRMATION_OK"
15092,4019845826,4019845949,1,"IOTHUB_CLIENT_CONFIRMATION_OK"
15093,4019846026,4019846167,1,"IOTHUB_CLIENT_CONFIRMATION_OK"
15094,4019846226,4019846264,1,"IOTHUB_CLIENT_CONFIRMATION_OK"
15095,4019846426,4019846531,1,"IOTHUB_CLIENT_CONFIRMATION_OK"
15096,4019846626,4019846671,1,"IOTHUB_CLIENT_CONFIRMATION_OK"
15097,4019846827,4019846875,1,"IOTHUB_CLIENT_CONFIRMATION_OK"
15098,4019847027,4019847133,1,"IOTHUB_CLIENT_CONFIRMATION_OK"
15099,4019847227,4019847267,1,"IOTHUB_CLIENT_CONFIRMATION_OK"
15100,4019847427,4019847464,1,"IOTHUB_CLIENT_CONFIRMATION_OK"
15101,4019847627,4019847874,1,"IOTHUB_CLIENT_CONFIRMATION_OK"
15102,4019847827,4019847912,1,"IOTHUB_CLIENT_CONFIRMATION_OK"
15103,4019848028,4019848071,1,"IOTHUB_CLIENT_CONFIRMATION_OK"
15104,4019848228,4019848271,1,"IOTHUB_CLIENT_CONFIRMATION_OK"
15105,4019848428,4019848495,1,"IOTHUB_CLIENT_CONFIRMATION_OK"
15106,4019848628,4019848727,1,"IOTHUB_CLIENT_CONFIRMATION_OK"
15107,4019848828,4019848876,1,"IOTHUB_CLIENT_CONFIRMATION_OK"
15108,4019849028,4019849131,1,"IOTHUB_CLIENT_CONFIRMATION_OK"
15109,4019849228,4019849265,1,"IOTHUB_CLIENT_CONFIRMATION_OK"
15110,4019849429,4019849479,1,"IOTHUB_CLIENT_CONFIRMATION_OK"
15111,4019849629,4019849763,1,"IOTHUB_CLIENT_CONFIRMATION_OK"
15112,4019849829,4019849908,1,"IOTHUB_CLIENT_CONFIRMATION_OK"
15113,4019850029,4019850071,1,"IOTHUB_CLIENT_CONFIRMATION_OK"
15114,4019850229,4019850435,1,"IOTHUB_CLIENT_CONFIRMATION_OK"
15115,4019850429,4019850530,1,"IOTHUB_CLIENT_CONFIRMATION_OK"
15116,4019850630,4019850691,1,"IOTHUB_CLIENT_CONFIRMATION_OK"
15117,4019850830,4019850872,1,"IOTHUB_CLIENT_CONFIRMATION_OK"
15118,4019851030,4019851068,1,"IOTHUB_CLIENT_CONFIRMATION_OK"
15119,4019851230,4019851280,1,"IOTHUB_CLIENT_CONFIRMATION_OK"
15120,4019851430,4019851474,1,"IOTHUB_CLIENT_CONFIRMATION_OK"
15121,4019851630,4019851673,1,"IOTHUB_CLIENT_CONFIRMATION_OK"
15122,4019851830,4019851873,1,"IOTHUB_CLIENT_CONFIRMATION_OK"
15123,4019852031,4019852095,1,"IOTHUB_CLIENT_CONFIRMATION_OK"
15124,4019852231,4019852382,1,"IOTHUB_CLIENT_CONFIRMATION_OK"
15125,4019852431,4019852472,1,"IOTHUB_CLIENT_CONFIRMATION_OK"
15126,4019852631,4019852717,1,"IOTHUB_CLIENT_CONFIRMATION_OK"
15127,4019852831,4019852977,1,"IOTHUB_CLIENT_CONFIRMATION_OK"
15128,4019853031,4019853083,1,"IOTHUB_CLIENT_CONFIRMATION_OK"
15129,4019853232,4019853270,1,"IOTHUB_CLIENT_CONFIRMATION_OK"
15130,4019853432,4019853578,1,"IOTHUB_CLIENT_CONFIRMATION_OK"
15131,4019853632,4019853672,1,"IOTHUB_CLIENT_CONFIRMATION_OK"
15132,4019853832,4019853876,1,"IOTHUB_CLIENT_CONFIRMATION_OK"
15133,4019854032,4019854074,1,"IOTHUB_CLIENT_CONFIRMATION_OK"
15134,4019854232,4019854282,1,"IOTHUB_CLIENT_CONFIRMATION_OK"
15135,4019854433,4019854470,1,"IOTHUB_CLIENT_CONFIRMATION_OK"
15136,4019854633,4019854679,1,"IOTHUB_CLIENT_CONFIRMATION_OK"
15137,4019854833,4019854873,1,"IOTHUB_CLIENT_CONFIRMATION_OK"
15138,4019855033,4019855074,1,"IOTHUB_CLIENT_CONFIRMATION_OK"
15139,4019855233,4019855289,1,"IOTHUB_CLIENT_CONFIRMATION_OK"
15140,4019855433,4019855479,1,"IOTHUB_CLIENT_CONFIRMATION_OK"
15141,4019855633,4019855678,1,"IOTHUB_CLIENT_CONFIRMATION_OK"
15142,4019855834,4019855874,1,"IOTHUB_CLIENT_CONFIRMATION_OK"
15143,4019856034,4019856215,1,"IOTHUB_CLIENT_CONFIRMATION_OK"
15144,4019856234,4019856274,1,"IOTHUB_CLIENT_CONFIRMATION_OK"
15145,4019856434,4019856478,1,"IOTHUB_CLIENT_CONFIRMATION_OK"
15146,4019856634,4019856680,1,"IOTHUB_CLIENT_CONFIRMATION_OK"
15147,4019856834,4019856869,1,"IOTHUB_CLIENT_CONFIRMATION_OK"
15148,4019857034,4019857082,1,"IOTHUB_CLIENT_CONFIRMATION_OK"
15149,4019857235,4019857279,1,"IOTHUB_CLIENT_CONFIRMATION_OK"
15150,4019857435,4019857487,1,"IOTHUB_CLIENT_CONFIRMATION_OK"
15151,4019857635,4019857677,1,"IOTHUB_CLIENT_CONFIRMATION_OK"
15152,4019857835,4019857876,1,"IOTHUB_CLIENT_CONFIRMATION_OK"
15153,4019858035,4019858090,1,"IOTHUB_CLIENT_CONFIRMATION_OK"
15154,4019858235,4019858278,1,"IOTHUB_CLIENT_CONFIRMATION_OK"
15155,4019858436,4019858477,1,"IOTHUB_CLIENT_CONFIRMATION_OK"
15156,4019858636,4019858681,1,"IOTHUB_CLIENT_CONFIRMATION_OK"
15157,4019858836,4019858876,1,"IOTHUB_CLIENT_CONFIRMATION_OK"
15158,4019859036,4019859091,1,"IOTHUB_CLIENT_CONFIRMATION_OK"
15159,4019859236,4019859280,1,"IOTHUB_CLIENT_CONFIRMATION_OK"
15160,4019859436,4019859491,1,"IOTHUB_CLIENT_CONFIRMATION_OK"
15161,4019859636,4019859669,1,"IOTHUB_CLIENT_CONFIRMATION_OK"
15162,4019859837,4019859883,1,"IOTHUB_CLIENT_CONFIRMATION_OK"
15163,4019860037,4019860112,1,"IOTHUB_CLIENT_CONFIRMATION_OK"
15164,4019860237,4019860277,1,"IOTHUB_CLIENT_CONFIRMATION_OK"
15165,4019860437,4019860485,1,"IOTHUB_CLIENT_CONFIRMATION_OK"
15166,4019860637,4019860712,1,"IOTHUB_CLIENT_CONFIRMATION_OK"
15167,4019860837,4019860937,1,"IOTHUB_CLIENT_CONFIRMATION_OK"
15168,4019861038,4019861087,1,"IOTHUB_CLIENT_CONFIRMATION_OK"
15169,4019861238,4019861343,1,"IOTHUB_CLIENT_CONFIRMATION_OK"
15170,4019861438,4019861475,1,"IOTHUB_CLIENT_CONFIRMATION_OK"
15171,4019861638,4019861688,1,"IOTHUB_CLIENT_CONFIRMATION_OK"
15172,4019861838,4019861925,1,"IOTHUB_CLIENT_CONFIRMATION_OK"
15173,4019862038,4019862084,1,"IOTHUB_CLIENT_CONFIRMATION_OK"
15174,4019862238,4019862302,1,"IOTHUB_CLIENT_CONFIRMATION_OK"
15175,4019862439,4019862489,1,"IOTHUB_CLIENT_CONFIRMATION_OK"
15176,4019862639,4019862687,1,"IOTHUB_CLIENT_CONFIRMATION_OK"
15177,4019862839,4019862887,1,"IOTHUB_CLIENT_CONFIRMATION_OK"
15178,4019863039,4019863084,1,"IOTHUB_CLIENT_CONFIRMATION_OK"
15179,4019863239,4019863329,1,"IOTHUB_CLIENT_CONFIRMATION_OK"
15180,4019863439,4019863478,1,"IOTHUB_CLIENT_CONFIRMATION_OK"
15181,4019863640,4019863683,1,"IOTHUB_CLIENT_CONFIRMATION_OK"
15182,4019863840,4019863983,1,"IOTHUB_CLIENT_CONFIRMATION_OK"
15183,4019864040,4019864078,1,"IOTHUB_CLIENT_CONFIRMATION_OK"
15184,4019864240,4019864295,1,"IOTHUB_CLIENT_CONFIRMATION_OK"
15185,4019864440,4019864599,1,"IOTHUB_CLIENT_CONFIRMATION_OK"
15186,4019864640,4019864678,1,"IOTHUB_CLIENT_CONFIRMATION_OK"
15187,4019864841,4019864888,1,"IOTHUB_CLIENT_CONFIRMATION_OK"
15188,4019865041,4019865080,1,"IOTHUB_CLIENT_CONFIRMATION_OK"
15189,4019865241,4019865289,1,"IOTHUB_CLIENT_CONFIRMATION_OK"
15190,4019865441,4019865477,1,"IOTHUB_CLIENT_CONFIRMATION_OK"
15191,4019865641,4019865683,1,"IOTHUB_CLIENT_CONFIRMATION_OK"
15192,4019865841,4019865887,1,"IOTHUB_CLIENT_CONFIRMATION_OK"
15193,4019866041,4019866088,1,"IOTHUB_CLIENT_CONFIRMATION_OK"
15194,4019866242,4019866281,1,"IOTHUB_CLIENT_CONFIRMATION_OK"
15195,4019866442,4019866488,1,"IOTHUB_CLIENT_CONFIRMATION_OK"
15196,4019866642,4019866676,1,"IOTHUB_CLIENT_CONFIRMATION_OK"
15197,4019866842,4019866878,1,"IOTHUB_CLIENT_CONFIRMATION_OK"
15198,4019867042,4019867238,1,"IOTHUB_CLIENT_CONFIRMATION_OK"
15199,4019867242,4019867283,1,"IOTHUB_CLIENT_CONFIRMATION_OK"
15200,4019867443,4019867480,1,"IOTHUB_CLIENT_CONFIRMATION_OK"
15201,4019867643,4019867840,1,"IOTHUB_CLIENT_CONFIRMATION_OK"
15202,4019867843,4019867927,1,"IOTHUB_CLIENT_CONFIRMATION_OK"
15203,4019868043,4019868086,1,"IOTHUB_CLIENT_CONFIRMATION_OK"
15204,4019868243,4019868287,1,"IOTHUB_CLIENT_CONFIRMATION_OK"
15205,4019868443,4019868487,1,"IOTHUB_CLIENT_CONFIRMATION_OK"
15206,4019868643,4019868682,1,"IOTHUB_CLIENT_CONFIRMATION_OK"
15207,4019868844,4019868880,1,"IOTHUB_CLIENT_CONFIRMATION_OK"
15208,4019869044,4019869086,1,"IOTHUB_CLIENT_CONFIRMATION_OK"
15209,4019869244,4019869309,1,"IOTHUB_CLIENT_CONFIRMATION_OK"
15210,4019869444,4019869489,1,"IOTHUB_CLIENT_CONFIRMATION_OK"
15211,4019869644,4019869683,1,"IOTHUB_CLIENT_CONFIRMATION_OK"
15212,4019869844,4019869887,1,"IOTHUB_CLIENT_CONFIRMATION_OK"
15213,4019870045,4019870089,1,"IOTHUB_CLIENT_CONFIRMATION_OK"
15214,4019870245,4019870282,1,"IOTHUB_CLIENT_CONFIRMATION_OK"
15215,4019870445,4019870507,1,"IOTHUB_CLIENT_CONFIRMATION_OK"
15216,4019870645,4019870688,1,"IOTHUB_CLIENT_CONFIRMATION_OK"
15217,4019870845,4019870885,1,"IOTHUB_CLIENT_CONFIRMATION_OK"
15218,4019871045,4019871089,1,"IOTHUB_CLIENT_CONFIRMATION_OK"
15219,4019871246,4019871284,1,"IOTHUB_CLIENT_CONFIRMATION_OK"
15220,4019871446,4019871510,1,"IOTHUB_CLIENT_CONFIRMATION_OK"
15221,4019871646,4019871721,1,"IOTHUB_CLIENT_CONFIRMATION_OK"
15222,4019871846,4019871882,1,"IOTHUB_CLIENT_CONFIRMATION_OK"
15223,4019872046,4019872088,1,"IOTHUB_CLIENT_CONFIRMATION_OK"
15224,4019872246,4019872323,1,"IOTHUB_CLIENT_CONFIRMATION_OK"
15225,4019872447,4019872489,1,"IOTHUB_CLIENT_CONFIRMATION_OK"
15226,4019872647,4019872698,1,"IOTHUB_CLIENT_CONFIRMATION_OK"
15227,4019872847,4019872933,1,"IOTHUB_CLIENT_CONFIRMATION_OK"
15228,4019873047,4019873086,1,"IOTHUB_CLIENT_CONFIRMATION_OK"
15229,4019873247,4019873295,1,"IOTHUB_CLIENT_CONFIRMATION_OK"
15230,4019873447,4019873493,1,"IOTHUB_CLIENT_CONFIRMATION_OK"
15231,4019873648,4019873699,1,"IOTHUB_CLIENT_CONFIRMATION_OK"
15232,4019873848,4019873890,1,"IOTHUB_CLIENT_CONFIRMATION_OK"
15233,4019874048,4019874089,1,"IOTHUB_CLIENT_CONFIRMATION_OK"
15234,4019874248,4019874286,1,"IOTHUB_CLIENT_CONFIRMATION_OK"
15235,4019874448,4019874489,1,"IOTHUB_CLIENT_CONFIRMATION_OK"
15236,4019874648,4019874683,1,"IOTHUB_CLIENT_CONFIRMATION_OK"
15237,4019874849,4019874889,1,"IOTHUB_CLIENT_CONFIRMATION_OK"
15238,4019875049,4019875082,1,"IOTHUB_CLIENT_CONFIRMATION_OK"
15239,4019875249,4019875288,1,"IOTHUB_CLIENT_CONFIRMATION_OK"
15240,4019875449,4019875652,1,"IOTHUB_CLIENT_CONFIRMATION_OK"
15241,4019875649,4019875689,1,"IOTHUB_CLIENT_CONFIRMATION_OK"
15242,4019875849,4019875893,1,"IOTHUB_CLIENT_CONFIRMATION_OK"
15243,4019876050,4019876264,1,"IOTHUB_CLIENT_CONFIRMATION_OK"
15244,4019876250,4019876287,1,"IOTHUB_CLIENT_CONFIRMATION_OK"
15245,4019876450,4019876501,1,"IOTHUB_CLIENT_CONFIRMATION_OK"
15246,4019876650,4019876697,1,"IOTHUB_CLIENT_CONFIRMATION_OK"
15247,4019876850,4019876884,1,"IOTHUB_CLIENT_CONFIRMATION_OK"
15248,4019877050,4019877099,1,"IOTHUB_CLIENT_CONFIRMATION_OK"
15249,4019877251,4019877294,1,"IOTHUB_CLIENT_CONFIRMATION_OK"
15250,4019877451,4019877495,1,"IOTHUB_CLIENT_CONFIRMATION_OK"
15251,4019877651,4019877687,1,"IOTHUB_CLIENT_CONFIRMATION_OK"
15252,4019877851,4019877898,1,"IOTHUB_CLIENT_CONFIRMATION_OK"
15253,4019878051,4019878097,1,"IOTHUB_CLIENT_CONFIRMATION_OK"
15254,4019878251,4019878284,1,"IOTHUB_CLIENT_CONFIRMATION_OK"
15255,4019878451,4019878488,1,"IOTHUB_CLIENT_CONFIRMATION_OK"
15256,4019878652,4019878698,1,"IOTHUB_CLIENT_CONFIRMATION_OK"
15257,4019878852,4019878898,1,"IOTHUB_CLIENT_CONFIRMATION_OK"
15258,4019879052,4019879097,1,"IOTHUB_CLIENT_CONFIRMATION_OK"
15259,4019879252,4019879300,1,"IOTHUB_CLIENT_CONFIRMATION_OK"
15260,4019879452,4019879503,1,"IOTHUB_CLIENT_CONFIRMATION_OK"
15261,4019879652,4019879696,1,"IOTHUB_CLIENT_CONFIRMATION_OK"
15262,4019879852,4019879891,1,"IOTHUB_CLIENT_CONFIRMATION_OK"
15263,4019880053,4019880143,1,"IOTHUB_CLIENT_CONFIRMATION_OK"
15264,4019880253,4019880291,1,"IOTHUB_CLIENT_CONFIRMATION_OK"
15265,4019880453,4019880500,1,"IOTHUB_CLIENT_CONFIRMATION_OK"
15266,4019880653,4019880749,1,"IOTHUB_CLIENT_CONFIRMATION_OK"
15267,4019880853,4019880889,1,"IOTHUB_CLIENT_CONFIRMATION_OK"
15268,4019881053,4019881091,1,"IOTHUB_CLIENT_CONFIRMATION_OK"
15269,4019881254,4019881361,1,"IOTHUB_CLIENT_CONFIRMATION_OK"
15270,4019881454,4019881497,1,"IOTHUB_CLIENT_CONFIRMATION_OK"
15271,4019881654,4019881698,1,"IOTHUB_CLIENT_CONFIRMATION_OK"
15272,4019881854,4019882035,1,"IOTHUB_CLIENT_CONFIRMATION_OK"
15273,4019882054,4019882103,1,"IOTHUB_CLIENT_CONFIRMATION_OK"
15274,4019882254,4019882291,1,"IOTHUB_CLIENT_CONFIRMATION_OK"
15275,4019882455,4019882496,1,"IOTHUB_CLIENT_CONFIRMATION_OK"
15276,4019882655,4019882718,1,"IOTHUB_CLIENT_CONFIRMATION_OK"
15277,4019882855,4019882903,1,"IOTHUB_CLIENT_CONFIRMATION_OK"
15278,4019883055,4019883133,1,"IOTHUB_CLIENT_CONFIRMATION_OK"
15279,4019883255,4019883300,1,"IOTHUB_CLIENT_CONFIRMATION_OK"
15280,4019883455,4019883508,1,"IOTHUB_CLIENT_CONFIRMATION_OK"
15281,4019883655,4019883708,1,"IOTHUB_CLIENT_CONFIRMATION_OK"
15282,4019883856,4019883905,1,"IOTHUB_CLIENT_CONFIRMATION_OK"
15283,4019884056,4019884100,1,"IOTHUB_CLIENT_CONFIRMATION_OK"
15284,4019884256,4019884296,1,"IOTHUB_CLIENT_CONFIRMATION_OK"
15285,4019884456,4019884503,1,"IOTHUB_CLIENT_CONFIRMATION_OK"
15286,4019884656,4019884694,1,"IOTHUB_CLIENT_CONFIRMATION_OK"
15287,4019884856,4019884930,1,"IOTHUB_CLIENT_CONFIRMATION_OK"
15288,4019885057,4019885151,1,"IOTHUB_CLIENT_CONFIRMATION_OK"
15289,4019885257,4019885308,1,"IOTHUB_CLIENT_CONFIRMATION_OK"
15290,4019885457,4019885511,1,"IOTHUB_CLIENT_CONFIRMATION_OK"
15291,4019885657,4019885725,1,"IOTHUB_CLIENT_CONFIRMATION_OK"
15292,4019885857,4019885912,1,"IOTHUB_CLIENT_CONFIRMATION_OK"
15293,4019886057,4019886121,1,"IOTHUB_CLIENT_CONFIRMATION_OK"
15294,4019886258,4019886302,1,"IOTHUB_CLIENT_CONFIRMATION_OK"
15295,4019886458,4019886546,1,"IOTHUB_CLIENT_CONFIRMATION_OK"
15296,4019886658,4019886699,1,"IOTHUB_CLIENT_CONFIRMATION_OK"
15297,4019886858,4019887141,1,"IOTHUB_CLIENT_CONFIRMATION_OK"
15298,4019887058,4019887269,1,"IOTHUB_CLIENT_CONFIRMATION_OK"
15299,4019887258,4019887317,1,"IOTHUB_CLIENT_CONFIRMATION_OK"
15300,4019887458,4019887500,1,"IOTHUB_CLIENT_CONFIRMATION_OK"
15301,4019887659,4019887726,1,"IOTHUB_CLIENT_CONFIRMATION_OK"
15302,4019887859,4019887908,1,"IOTHUB_CLIENT_CONFIRMATION_OK"
15303,4019888059,4019888117,1,"IOTHUB_CLIENT_CONFIRMATION_OK"
15304,4019888259,4019888305,1,"IOTHUB_CLIENT_CONFIRMATION_OK"
15305,4019888459,4019888513,1,"IOTHUB_CLIENT_CONFIRMATION_OK"
15306,4019888659,4019888702,1,"IOTHUB_CLIENT_CONFIRMATION_OK"
15307,4019888859,4019888900,1,"IOTHUB_CLIENT_CONFIRMATION_OK"
15308,4019889060,4019889183,1,"IOTHUB_CLIENT_CONFIRMATION_OK"
15309,4019889260,4019889325,1,"IOTHUB_CLIENT_CONFIRMATION_OK"
15310,4019889460,4019889507,1,"IOTHUB_CLIENT_CONFIRMATION_OK"
15311,4019889660,4019889819,1,"IOTHUB_CLIENT_CONFIRMATION_OK"
15312,4019889860,4019889896,1,"IOTHUB_CLIENT_CONFIRMATION_OK"
15313,4019890060,4019890109,1,"IOTHUB_CLIENT_CONFIRMATION_OK"
15314,4019890261,4019890412,1,"IOTHUB_CLIENT_CONFIRMATION_OK"
15315,4019890461,4019890494,1,"IOTHUB_CLIENT_CONFIRMATION_OK"
15316,4019890661,4019890716,1,"IOTHUB_CLIENT_CONFIRMATION_OK"
15317,4019890861,4019890914,1,"IOTHUB_CLIENT_CONFIRMATION_OK"
15318,4019891061,4019891120,1,"IOTHUB_CLIENT_CONFIRMATION_OK"
15319,4019891261,4019891303,1,"IOTHUB_CLIENT_CONFIRMATION_OK"
15320,4019891462,4019891504,1,"IOTHUB_CLIENT_CONFIRMATION_OK"
15321,4019891662,4019891704,1,"IOTHUB_CLIENT_CONFIRMATION_OK"
15322,4019891862,4019891906,1,"IOTHUB_CLIENT_CONFIRMATION_OK"
15323,4019892062,4019892106,1,"IOTHUB_CLIENT_CONFIRMATION_OK"
15324,4019892262,4019892331,1,"IOTHUB_CLIENT_CONFIRMATION_OK"
15325,4019892462,4019892515,1,"IOTHUB_CLIENT_CONFIRMATION_OK"
15326,4019892663,4019892702,1,"IOTHUB_CLIENT_CONFIRMATION_OK"
15327,4019892863,4019893052,1,"IOTHUB_CLIENT_CONFIRMATION_OK"
15328,4019893063,4019893108,1,"IOTHUB_CLIENT_CONFIRMATION_OK"
15329,4019893263,4019893304,1,"IOTHUB_CLIENT_CONFIRMATION_OK"
15330,4019893463,4019893506,1,"IOTHUB_CLIENT_CONFIRMATION_OK"
15331,4019893663,4019893711,1,"IOTHUB_CLIENT_CONFIRMATION_OK"
15332,4019893864,4019893906,1,"IOTHUB_CLIENT_CONFIRMATION_OK"
15333,4019894064,4019894104,1,"IOTHUB_CLIENT_CONFIRMATION_OK"
15334,4019894264,4019894320,1,"IOTHUB_CLIENT_CONFIRMATION_OK"
15335,4019894464,4019894504,1,"IOTHUB_CLIENT_CONFIRMATION_OK"
15336,4019894664,4019894725,1,"IOTHUB_CLIENT_CONFIRMATION_OK"
15337,4019894864,4019894919,1,"IOTHUB_CLIENT_CONFIRMATION_OK"
15338,4019895065,4019895100,1,"IOTHUB_CLIENT_CONFIRMATION_OK"
15339,4019895265,4019895305,1,"IOTHUB_CLIENT_CONFIRMATION_OK"
15340,4019895465,4019895552,1,"IOTHUB_CLIENT_CONFIRMATION_OK"
15341,4019895665,4019895715,1,"IOTHUB_CLIENT_CONFIRMATION_OK"
15342,4019895865,4019895914,1,"IOTHUB_CLIENT_CONFIRMATION_OK"
15343,4019896065,4019896166,1,"IOTHUB_CLIENT_CONFIRMATION_OK"
15344,4019896266,4019896302,1,"IOTHUB_CLIENT_CONFIRMATION_OK"
15345,4019896466,4019896504,1,"IOTHUB_CLIENT_CONFIRMATION_OK"
15346,4019896666,4019896703,1,"IOTHUB_CLIENT_CONFIRMATION_OK"
15347,4019896866,4019896906,1,"IOTHUB_CLIENT_CONFIRMATION_OK"
15348,4019897066,4019897108,1,"IOTHUB_CLIENT_CONFIRMATION_OK"
15349,4019897266,4019897302,1,"IOTHUB_CLIENT_CONFIRMATION_OK"
15350,4019897466,4019897594,1,"IOTHUB_CLIENT_CONFIRMATION_OK"
15351,4019897667,4019897706,1,"IOTHUB_CLIENT_CONFIRMATION_OK"
15352,4019897867,4019897911,1,"IOTHUB_CLIENT_CONFIRMATION_OK"
15353,4019898067,4019898203,1,"IOTHUB_CLIENT_CONFIRMATION_OK"
15354,4019898267,4019898388,1,"IOTHUB_CLIENT_CONFIRMATION_OK"
15355,4019898467,4019898505,1,"IOTHUB_CLIENT_CONFIRMATION_OK"
15356,4019898667,4019898816,1,"IOTHUB_CLIENT_CONFIRMATION_OK"
15357,4019898868,4019898917,1,"IOTHUB_CLIENT_CONFIRMATION_OK"
15358,4019899068,4019899110,1,"IOTHUB_CLIENT_CONFIRMATION_OK"
15359,4019899268,4019899313,1,"IOTHUB_CLIENT_CONFIRMATION_OK"
15360,4019899468,4019899503,1,"IOTHUB_CLIENT_CONFIRMATION_OK"
15361,4019899668,4019899713,1,"IOTHUB_CLIENT_CONFIRMATION_OK"
15362,4019899868,4019899930,1,"IOTHUB_CLIENT_CONFIRMATION_OK"
15363,4019900068,4019900117,1,"IOTHUB_CLIENT_CONFIRMATION_OK"
15364,4019900269,4019900327,1,"IOTHUB_CLIENT_CONFIRMATION_OK"
15365,4019900469,4019900512,1,"IOTHUB_CLIENT_CONFIRMATION_OK"
15366,4019900669,4019900716,1,"IOTHUB_CLIENT_CONFIRMATION_OK"
15367,4019900869,4019900911,1,"IOTHUB_CLIENT_CONFIRMATION_OK"
15368,4019901069,4019901121,1,"IOTHUB_CLIENT_CONFIRMATION_OK"
15369,4019901269,4019901312,1,"IOTHUB_CLIENT_CONFIRMATION_OK"
15370,4019901470,4019901514,1,"IOTHUB_CLIENT_CONFIRMATION_OK"
15371,4019901670,4019901712,1,"IOTHUB_CLIENT_CONFIRMATION_OK"
15372,4019901870,4019902111,1,"IOTHUB_CLIENT_CONFIRMATION_OK"
15373,4019902070,4019902128,1,"IOTHUB_CLIENT_CONFIRMATION_OK"
15374,4019902270,4019902305,1,"IOTHUB_CLIENT_CONFIRMATION_OK"
15375,4019902470,4019902507,1,"IOTHUB_CLIENT_CONFIRMATION_OK"
15376,4019902670,4019902716,1,"IOTHUB_CLIENT_CONFIRMATION_OK"
15377,4019902871,4019902922,1,"IOTHUB_CLIENT_CONFIRMATION_OK"
15378,4019903071,4019903116,1,"IOTHUB_CLIENT_CONFIRMATION_OK"
15379,4019903271,4019903325,1,"IOTHUB_CLIENT_CONFIRMATION_OK"
15380,4019903471,4019903519,1,"IOTHUB_CLIENT_CONFIRMATION_OK"
15381,4019903671,4019903728,1,"IOTHUB_CLIENT_CONFIRMATION_OK"
15382,4019903871,4019903925,1,"IOTHUB_CLIENT_CONFIRMATION_OK"
15383,4019904072,4019904110,1,"IOTHUB_CLIENT_CONFIRMATION_OK"
15384,4019904272,4019904318,1,"IOTHUB_CLIENT_CONFIRMATION_OK"
15385,4019904472,4019904549,1,"IOTHUB_CLIENT_CONFIRMATION_OK"
15386,4019904672,4019904730,1,"IOTHUB_CLIENT_CONFIRMATION_OK"
15387,4019904872,4019904946,1,"IOTHUB_CLIENT_CONFIRMATION_OK"
15388,4019905072,4019905119,1,"IOTHUB_CLIENT_CONFIRMATION_OK"
15389,4019905272,4019905348,1,"IOTHUB_CLIENT_CONFIRMATION_OK"
15390,4019905473,4019905520,1,"IOTHUB_CLIENT_CONFIRMATION_OK"
15391,4019905673,4019905716,1,"IOTHUB_CLIENT_CONFIRMATION_OK"
15392,4019905873,4019905914,1,"IOTHUB_CLIENT_CONFIRMATION_OK"
15393,4019906073,4019906107,1,"IOTHUB_CLIENT_CONFIRMATION_OK"
15394,4019906273,4019906327,1,"IOTHUB_CLIENT_CONFIRMATION_OK"
15395,4019906474,4019906582,1,"IOTHUB_CLIENT_CONFIRMATION_OK"
15396,4019906674,4019906713,1,"IOTHUB_CLIENT_CONFIRMATION_OK"
15397,4019906874,4019906927,1,"IOTHUB_CLIENT_CONFIRMATION_OK"
15398,4019907074,4019907203,1,"IOTHUB_CLIENT_CONFIRMATION_OK"
15399,4019907274,4019907324,1,"IOTHUB_CLIENT_CONFIRMATION_OK"
15400,4019907474,4019907523,1,"IOTHUB_CLIENT_CONFIRMATION_OK"
15401,4019907674,4019907871,1,"IOTHUB_CLIENT_CONFIRMATION_OK"
15402,4019907875,4019907939,1,"IOTHUB_CLIENT_CONFIRMATION_OK"
15403,4019908075,4019908112,1,"IOTHUB_CLIENT_CONFIRMATION_OK"
15404,4019908275,4019908383,1,"IOTHUB_CLIENT_CONFIRMATION_OK"
15405,4019908475,4019908529,1,"IOTHUB_CLIENT_CONFIRMATION_OK"
15406,4019908675,4019908719,1,"IOTHUB_CLIENT_CONFIRMATION_OK"
15407,4019908875,4019908961,1,"IOTHUB_CLIENT_CONFIRMATION_OK"
15408,4019909076,4019909133,1,"IOTHUB_CLIENT_CONFIRMATION_OK"
15409,4019909276,4019909324,1,"IOTHUB_CLIENT_CONFIRMATION_OK"
15410,4019909476,4019909520,1,"IOTHUB_CLIENT_CONFIRMATION_OK"
15411,4019909676,4019909739,1,"IOTHUB_CLIENT_CONFIRMATION_OK"
15412,4019909876,4019909914,1,"IOTHUB_CLIENT_CONFIRMATION_OK"
15413,4019910076,4019910116,1,"IOTHUB_CLIENT_CONFIRMATION_OK"
15414,4019910277,4019910353,1,"IOTHUB_CLIENT_CONFIRMATION_OK"
15415,4019910477,4019910514,1,"IOTHUB_CLIENT_CONFIRMATION_OK"
15416,4019910677,4019910721,1,"IOTHUB_CLIENT_CONFIRMATION_OK"
15417,4019910877,4019910916,1,"IOTHUB_CLIENT_CONFIRMATION_OK"
15418,4019911077,4019911115,1,"IOTHUB_CLIENT_CONFIRMATION_OK"
15419,4019911277,4019911330,1,"IOTHUB_CLIENT_CONFIRMATION_OK"
15420,4019911477,4019911543,1,"IOTHUB_CLIENT_CONFIRMATION_OK"
15421,4019911678,4019911797,1,"IOTHUB_CLIENT_CONFIRMATION_OK"
15422,4019911878,4019911915,1,"IOTHUB_CLIENT_CONFIRMATION_OK"
15423,4019912078,4019912114,1,"IOTHUB_CLIENT_CONFIRMATION_OK"
15424,4019912278,4019912376,1,"IOTHUB_CLIENT_CONFIRMATION_OK"
15425,4019912478,4019912517,1,"IOTHUB_CLIENT_CONFIRMATION_OK"
15426,4019912678,4019912730,1,"IOTHUB_CLIENT_CONFIRMATION_OK"
15427,4019912879,4019912992,1,"IOTHUB_CLIENT_CONFIRMATION_OK"
15428,4019913079,4019913116,1,"IOTHUB_CLIENT_CONFIRMATION_OK"
15429,4019913279,4019913325,1,"IOTHUB_CLIENT_CONFIRMATION_OK"
15430,4019913479,4019913516,1,"IOTHUB_CLIENT_CONFIRMATION_OK"
15431,4019913679,4019913739,1,"IOTHUB_CLIENT_CONFIRMATION_OK"
15432,4019913879,4019913929,1,"IOTHUB_CLIENT_CONFIRMATION_OK"
15433,4019914080,4019914194,1,"IOTHUB_CLIENT_CONFIRMATION_OK"
15434,4019914280,4019914336,1,"IOTHUB_CLIENT_CONFIRMATION_OK"
15435,4019914480,4019914566,1,"IOTHUB_CLIENT_CONFIRMATION_OK"
15436,4019914680,4019914722,1,"IOTHUB_CLIENT_CONFIRMATION_OK"
15437,4019914880,4019914937,1,"IOTHUB_CLIENT_CONFIRMATION_OK"
15438,4019915080,4019915141,1,"IOTHUB_CLIENT_CONFIRMATION_OK"
15439,4019915280,4019915332,1,"IOTHUB_CLIENT_CONFIRMATION_OK"
15440,4019915481,4019915527,1,"IOTHUB_CLIENT_CONFIRMATION_OK"
15441,4019915681,4019915730,1,"IOTHUB_CLIENT_CONFIRMATION_OK"
15442,4019915881,4019915936,1,"IOTHUB_CLIENT_CONFIRMATION_OK"
15443,4019916081,4019916130,1,"IOTHUB_CLIENT_CONFIRMATION_OK"
15444,4019916281,4019916319,1,"IOTHUB_CLIENT_CONFIRMATION_OK"
15445,4019916481,4019916526,1,"IOTHUB_CLIENT_CONFIRMATION_OK"
15446,4019916682,4019916728,1,"IOTHUB_CLIENT_CONFIRMATION_OK"
15447,4019916882,4019916933,1,"IOTHUB_CLIENT_CONFIRMATION_OK"
15448,4019917082,4019917137,1,"IOTHUB_CLIENT_CONFIRMATION_OK"
15449,4019917282,4019917325,1,"IOTHUB_CLIENT_CONFIRMATION_OK"
15450,4019917482,4019917558,1,"IOTHUB_CLIENT_CONFIRMATION_OK"
15451,4019917682,4019917724,1,"IOTHUB_CLIENT_CONFIRMATION_OK"
15452,4019917883,4019917925,1,"IOTHUB_CLIENT_CONFIRMATION_OK"
15453,4019918083,4019918162,1,"IOTHUB_CLIENT_CONFIRMATION_OK"
15454,4019918283,4019918331,1,"IOTHUB_CLIENT_CONFIRMATION_OK"
15455,4019918483,4019918558,1,"IOTHUB_CLIENT_CONFIRMATION_OK"
15456,4019918683,4019918790,1,"IOTHUB_CLIENT_CONFIRMATION_OK"
15457,4019918883,4019918917,1,"IOTHUB_CLIENT_CONFIRMATION_OK"
15458,4019919084,4019919131,1,"IOTHUB_CLIENT_CONFIRMATION_OK"
15459,4019919284,4019919320,1,"IOTHUB_CLIENT_CONFIRMATION_OK"
15460,4019919484,4019919518,1,"IOTHUB_CLIENT_CONFIRMATION_OK"
15461,4019919684,4019919720,1,"IOTHUB_CLIENT_CONFIRMATION_OK"
15462,4019919884,4019919946,1,"IOTHUB_CLIENT_CONFIRMATION_OK"
15463,4019920084,4019920123,1,"IOTHUB_CLIENT_CONFIRMATION_OK"
15464,4019920284,4019920323,1,"IOTHUB_CLIENT_CONFIRMATION_OK"
15465,4019920485,4019920552,1,"IOTHUB_CLIENT_CONFIRMATION_OK"
15466,4019920685,4019920809,1,"IOTHUB_CLIENT_CONFIRMATION_OK"
15467,4019920885,4019920975,1,"IOTHUB_CLIENT_CONFIRMATION_OK"
15468,4019921085,4019921130,1,"IOTHUB_CLIENT_CONFIRMATION_OK"
15469,4019921285,4019921412,1,"IOTHUB_CLIENT_CONFIRMATION_OK"
15470,4019921485,4019921578,1,"IOTHUB_CLIENT_CONFIRMATION_OK"
15471,4019921686,4019921717,1,"IOTHUB_CLIENT_CONFIRMATION_OK"
15472,4019921886,4019922024,1,"IOTHUB_CLIENT_CONFIRMATION_OK"
15473,4019922086,4019922134,1,"IOTHUB_CLIENT_CONFIRMATION_OK"
15474,4019922286,4019922333,1,"IOTHUB_CLIENT_CONFIRMATION_OK"
15475,4019922486,4019922528,1,"IOTHUB_CLIENT_CONFIRMATION_OK"
15476,4019922686,4019922753,1,"IOTHUB_CLIENT_CONFIRMATION_OK"
15477,4019922887,4019922927,1,"IOTHUB_CLIENT_CONFIRMATION_OK"
15478,4019923087,4019923140,1,"IOTHUB_CLIENT_CONFIRMATION_OK"
15479,4019923287,4019923322,1,"IOTHUB_CLIENT_CONFIRMATION_OK"
15480,4019923487,4019923532,1,"IOTHUB_CLIENT_CONFIRMATION_OK"
15481,4019923687,4019923727,1,"IOTHUB_CLIENT_CONFIRMATION_OK"
15482,4019923887,4019923923,1,"IOTHUB_CLIENT_CONFIRMATION_OK"
15483,4019924088,4019924126,1,"IOTHUB_CLIENT_CONFIRMATION_OK"
15484,4019924288,4019924323,1,"IOTHUB_CLIENT_CONFIRMATION_OK"
15485,4019924488,4019924683,1,"IOTHUB_CLIENT_CONFIRMATION_OK"
15486,4019924688,4019924729,1,"IOTHUB_CLIENT_CONFIRMATION_OK"
15487,4019924888,4019924925,1,"IOTHUB_CLIENT_CONFIRMATION_OK"
15488,4019925088,4019925139,1,"IOTHUB_CLIENT_CONFIRMATION_OK"
15489,4019925289,4019925347,1,"IOTHUB_CLIENT_CONFIRMATION_OK"
15490,4019925489,4019925537,1,"IOTHUB_CLIENT_CONFIRMATION_OK"
15491,4019925689,4019925731,1,"IOTHUB_CLIENT_CONFIRMATION_OK"
15492,4019925889,4019925936,1,"IOTHUB_CLIENT_CONFIRMATION_OK"
15493,4019926089,4019926126,1,"IOTHUB_CLIENT_CONFIRMATION_OK"
15494,4019926289,4019926332,1,"IOTHUB_CLIENT_CONFIRMATION_OK"
15495,4019926490,4019926528,1,"IOTHUB_CLIENT_CONFIRMATION_OK"
15496,4019926690,4019926976,1,"IOTHUB_CLIENT_CONFIRMATION_OK"
15497,4019926890,4019927076,1,"IOTHUB_CLIENT_CONFIRMATION_OK"
15498,4019927090,4019927133,1,"IOTHUB_CLIENT_CONFIRMATION_OK"
15499,4019927290,4019927441,1,"IOTHUB_CLIENT_CONFIRMATION_OK"
15500,4019927490,4019927689,1,"IOTHUB_CLIENT_CONFIRMATION_OK"
15501,4019927690,4019927908,1,"IOTHUB_CLIENT_CONFIRMATION_OK"
15502,4019927891,4019927930,1,"IOTHUB_CLIENT_CONFIRMATION_OK"
15503,4019928091,4019928194,1,"IOTHUB_CLIENT_CONFIRMATION_OK"
15504,4019928291,4019928341,1,"IOTHUB_CLIENT_CONFIRMATION_OK"
15505,4019928491,4019928573,1,"IOTHUB_CLIENT_CONFIRMATION_OK"
15506,4019928691,4019928740,1,"IOTHUB_CLIENT_CONFIRMATION_OK"
15507,4019928891,4019928928,1,"IOTHUB_CLIENT_CONFIRMATION_OK"
15508,4019929092,4019929185,1,"IOTHUB_CLIENT_CONFIRMATION_OK"
15509,4019929292,4019929338,1,"IOTHUB_CLIENT_CONFIRMATION_OK"
15510,4019929492,4019929534,1,"IOTHUB_CLIENT_CONFIRMATION_OK"
15511,4019929692,4019929789,1,"IOTHUB_CLIENT_CONFIRMATION_OK"
15512,4019929892,4019929946,1,"IOTHUB_CLIENT_CONFIRMATION_OK"
15513,4019930092,4019930135,1,"IOTHUB_CLIENT_CONFIRMATION_OK"
15514,4019930292,4019930403,1,"IOTHUB_CLIENT_CONFIRMATION_OK"
15515,4019930493,4019930534,1,"IOTHUB_CLIENT_CONFIRMATION_OK"
15516,4019930693,4019930745,1,"IOTHUB_CLIENT_CONFIRMATION_OK"
15517,4019930893,4019930950,1,"IOTHUB_CLIENT_CONFIRMATION_OK"
15518,4019931093,4019931126,1,"IOTHUB_CLIENT_CONFIRMATION_OK"
15519,4019931293,4019931329,1,"IOTHUB_CLIENT_CONFIRMATION_OK"
15520,4019931493,4019931538,1,"IOTHUB_CLIENT_CONFIRMATION_OK"
15521,4019931694,4019931730,1,"IOTHUB_CLIENT_CONFIRMATION_OK"
15522,4019931894,4019931933,1,"IOTHUB_CLIENT_CONFIRMATION_OK"
15523,4019932094,4019932135,1,"IOTHUB_CLIENT_CONFIRMATION_OK"
15524,4019932294,4019932458,1,"IOTHUB_CLIENT_CONFIRMATION_OK"
15525,4019932494,4019932540,1,"IOTHUB_CLIENT_CONFIRMATION_OK"
15526,4019932694,4019932731,1,"IOTHUB_CLIENT_CONFIRMATION_OK"
15527,4019932894,4019933066,1,"IOTHUB_CLIENT_CONFIRMATION_OK"
15528,4019933095,4019933141,1,"IOTHUB_CLIENT_CONFIRMATION_OK"
15529,4019933295,4019933339,1,"IOTHUB_CLIENT_CONFIRMATION_OK"
15530,4019933495,4019933540,1,"IOTHUB_CLIENT_CONFIRMATION_OK"
15531,4019933695,4019933774,1,"IOTHUB_CLIENT_CONFIRMATION_OK"
15532,4019933895,4019933941,1,"IOTHUB_CLIENT_CONFIRMATION_OK"
15533,4019934095,4019934138,1,"IOTHUB_CLIENT_CONFIRMATION_OK"
15534,4019934296,4019934348,1,"IOTHUB_CLIENT_CONFIRMATION_OK"
15535,4019934496,4019934532,1,"IOTHUB_CLIENT_CONFIRMATION_OK"
15536,4019934696,4019934741,1,"IOTHUB_CLIENT_CONFIRMATION_OK"
15537,4019934896,4019934946,1,"IOTHUB_CLIENT_CONFIRMATION_OK"
15538,4019935096,4019935383,1,"IOTHUB_CLIENT_CONFIRMATION_OK"
15539,4019935296,4019935413,1,"IOTHUB_CLIENT_CONFIRMATION_OK"
15540,4019935497,4019935553,1,"IOTHUB_CLIENT_CONFIRMATION_OK"
15541,4019935697,4019935767,1,"IOTHUB_CLIENT_CONFIRMATION_OK"
15542,4019935897,4019935946,1,"IOTHUB_CLIENT_CONFIRMATION_OK"
15543,4019936097,4019936165,1,"IOTHUB_CLIENT_CONFIRMATION_OK"
15544,4019936297,4019936399,1,"IOTHUB_CLIENT_CONFIRMATION_OK"
15545,4019936497,4019936548,1,"IOTHUB_CLIENT_CONFIRMATION_OK"
15546,4019936698,4019936760,1,"IOTHUB_CLIENT_CONFIRMATION_OK"
15547,4019936898,4019936937,1,"IOTHUB_CLIENT_CONFIRMATION_OK"
15548,4019937098,4019937152,1,"IOTHUB_CLIENT_CONFIRMATION_OK"
15549,4019937298,4019937345,1,"IOTHUB_CLIENT_CONFIRMATION_OK"
15550,4019937498,4019937583,1,"IOTHUB_CLIENT_CONFIRMATION_OK"
15551,4019937698,4019937736,1,"IOTHUB_CLIENT_CONFIRMATION_OK"
15552,4019937899,4019937944,1,"IOTHUB_CLIENT_CONFIRMATION_OK"
15553,4019938099,4019938182,1,"IOTHUB_CLIENT_CONFIRMATION_OK"
15554,4019938299,4019938335,1,"IOTHUB_CLIENT_CONFIRMATION_OK"
15555,4019938499,4019938533,1,"IOTHUB_CLIENT_CONFIRMATION_OK"
15556,4019938699,4019938793,1,"IOTHUB_CLIENT_CONFIRMATION_OK"
15557,4019938899,4019938936,1,"IOTHUB_CLIENT_CONFIRMATION_OK"
15558,4019939100,4019939136,1,"IOTHUB_CLIENT_CONFIRMATION_OK"
15559,4019939300,4019939355,1,"IOTHUB_CLIENT_CONFIRMATION_OK"
15560,4019939500,4019939543,1,"IOTHUB_CLIENT_CONFIRMATION_OK"
15561,4019939700,4019939739,1,"IOTHUB_CLIENT_CONFIRMATION_OK"
15562,4019939900,4019939951,1,"IOTHUB_CLIENT_CONFIRMATION_OK"
15563,4019940100,4019940143,1,"IOTHUB_CLIENT_CONFIRMATION_OK"
15564,4019940300,4019940374,1,"IOTHUB_CLIENT_CONFIRMATION_OK"
15565,4019940501,4019940546,1,"IOTHUB_CLIENT_CONFIRMATION_OK"
15566,4019940701,4019940738,1,"IOTHUB_CLIENT_CONFIRMATION_OK"
15567,4019940901,4019940938,1,"IOTHUB_CLIENT_CONFIRMATION_OK"
15568,4019941101,4019941180,1,"IOTHUB_CLIENT_CONFIRMATION_OK"
15569,4019941301,4019941448,1,"IOTHUB_CLIENT_CONFIRMATION_OK"
15570,4019941501,4019941565,1,"IOTHUB_CLIENT_CONFIRMATION_OK"
15571,4019941702,4019941753,1,"IOTHUB_CLIENT_CONFIRMATION_OK"
15572,4019941902,4019942041,1,"IOTHUB_CLIENT_CONFIRMATION_OK"
15573,4019942102,4019942147,1,"IOTHUB_CLIENT_CONFIRMATION_OK"
15574,4019942302,4019942357,1,"IOTHUB_CLIENT_CONFIRMATION_OK"
15575,4019942502,4019942546,1,"IOTHUB_CLIENT_CONFIRMATION_OK"
15576,4019942702,4019942748,1,"IOTHUB_CLIENT_CONFIRMATION_OK"
15577,4019942902,4019942947,1,"IOTHUB_CLIENT_CONFIRMATION_OK"
15578,4019943103,4019943147,1,"IOTHUB_CLIENT_CONFIRMATION_OK"
15579,4019943303,4019943348,1,"IOTHUB_CLIENT_CONFIRMATION_OK"
15580,4019943503,4019943548,1,"IOTHUB_CLIENT_CONFIRMATION_OK"
15581,4019943703,4019943770,1,"IOTHUB_CLIENT_CONFIRMATION_OK"
15582,4019943903,4019943939,1,"IOTHUB_CLIENT_CONFIRMATION_OK"
15583,4019944103,4019944141,1,"IOTHUB_CLIENT_CONFIRMATION_OK"
15584,4019944303,4019944362,1,"IOTHUB_CLIENT_CONFIRMATION_OK"
15585,4019944504,4019944549,1,"IOTHUB_CLIENT_CONFIRMATION_OK"
15586,4019944704,4019944763,1,"IOTHUB_CLIENT_CONFIRMATION_OK"
15587,4019944904,4019944961,1,"IOTHUB_CLIENT_CONFIRMATION_OK"
15588,4019945104,4019945147,1,"IOTHUB_CLIENT_CONFIRMATION_OK"
15589,4019945304,4019945354,1,"IOTHUB_CLIENT_CONFIRMATION_OK"
15590,4019945504,4019945592,1,"IOTHUB_CLIENT_CONFIRMATION_OK"
15591,4019945705,4019945743,1,"IOTHUB_CLIENT_CONFIRMATION_OK"
15592,4019945905,4019945996,1,"IOTHUB_CLIENT_CONFIRMATION_OK"
15593,4019946105,4019946146,1,"IOTHUB_CLIENT_CONFIRMATION_OK"
15594,4019946305,4019946347,1,"IOTHUB_CLIENT_CONFIRMATION_OK"
15595,4019946505,4019946604,1,"IOTHUB_CLIENT_CONFIRMATION_OK"
15596,4019946705,4019946752,1,"IOTHUB_CLIENT_CONFIRMATION_OK"
15597,4019946906,4019946950,1,"IOTHUB_CLIENT_CONFIRMATION_OK"
15598,4019947106,4019947208,1,"IOTHUB_CLIENT_CONFIRMATION_OK"
15599,4019947306,4019947422,1,"IOTHUB_CLIENT_CONFIRMATION_OK"
15600,4019947506,4019947542,1,"IOTHUB_CLIENT_CONFIRMATION_OK"
15601,4019947706,4019947847,1,"IOTHUB_CLIENT_CONFIRMATION_OK"
15602,4019947906,4019947948,1,"IOTHUB_CLIENT_CONFIRMATION_OK"
15603,4019948107,4019948143,1,"IOTHUB_CLIENT_CONFIRMATION_OK"
15604,4019948307,4019948355,1,"IOTHUB_CLIENT_CONFIRMATION_OK"
15605,4019948507,4019948544,1,"IOTHUB_CLIENT_CONFIRMATION_OK"
15606,4019948707,4019948744,1,"IOTHUB_CLIENT_CONFIRMATION_OK"
15607,4019948907,4019948963,1,"IOTHUB_CLIENT_CONFIRMATION_OK"
15608,4019949107,4019949148,1,"IOTHUB_CLIENT_CONFIRMATION_OK"
15609,4019949307,4019949341,1,"IOTHUB_CLIENT_CONFIRMATION_OK"
15610,4019949508,4019949543,1,"IOTHUB_CLIENT_CONFIRMATION_OK"
15611,4019949708,4019949864,1,"IOTHUB_CLIENT_CONFIRMATION_OK"
15612,4019949908,4019949951,1,"IOTHUB_CLIENT_CONFIRMATION_OK"
15613,4019950108,4019950152,1,"IOTHUB_CLIENT_CONFIRMATION_OK"
15614,4019950308,4019950482,1,"IOTHUB_CLIENT_CONFIRMATION_OK"
15615,4019950508,4019950557,1,"IOTHUB_CLIENT_CONFIRMATION_OK"
15616,4019950709,4019950890,1,"IOTHUB_CLIENT_CONFIRMATION_OK"
15617,4019950909,4019950943,1,"IOTHUB_CLIENT_CONFIRMATION_OK"
15618,4019951109,4019951144,1,"IOTHUB_CLIENT_CONFIRMATION_OK"
15619,4019951309,4019951354,1,"IOTHUB_CLIENT_CONFIRMATION_OK"
15620,4019951509,4019951613,1,"IOTHUB_CLIENT_CONFIRMATION_OK"
15621,4019951709,4019951751,1,"IOTHUB_CLIENT_CONFIRMATION_OK"
15622,4019951909,4019951964,1,"IOTHUB_CLIENT_CONFIRMATION_OK"
15623,4019952110,4019952199,1,"IOTHUB_CLIENT_CONFIRMATION_OK"
15624,4019952310,4019952378,1,"IOTHUB_CLIENT_CONFIRMATION_OK"
15625,4019952510,4019952550,1,"IOTHUB_CLIENT_CONFIRMATION_OK"
15626,4019952710,4019952745,1,"IOTHUB_CLIENT_CONFIRMATION_OK"
15627,4019952910,4019953101,1,"IOTHUB_CLIENT_CONFIRMATION_OK"
15628,4019953110,4019953158,1,"IOTHUB_CLIENT_CONFIRMATION_OK"
15629,4019953311,4019953368,1,"IOTHUB_CLIENT_CONFIRMATION_OK"
15630,4019953511,4019953549,1,"IOTHUB_CLIENT_CONFIRMATION_OK"
15631,4019953711,4019953748,1,"IOTHUB_CLIENT_CONFIRMATION_OK"
15632,4019953911,4019953959,1,"IOTHUB_CLIENT_CONFIRMATION_OK"
15633,4019954111,4019954156,1,"IOTHUB_CLIENT_CONFIRMATION_OK"
15634,4019954311,4019954388,1,"IOTHUB_CLIENT_CONFIRMATION_OK"
15635,4019954511,4019954560,1,"IOTHUB_CLIENT_CONFIRMATION_OK"
15636,4019954712,4019954756,1,"IOTHUB_CLIENT_CONFIRMATION_OK"
15637,4019954912,4019954955,1,"IOTHUB_CLIENT_CONFIRMATION_OK"
15638,4019955112,4019955154,1,"IOTHUB_CLIENT_CONFIRMATION_OK"
15639,4019955312,4019955357,1,"IOTHUB_CLIENT_CONFIRMATION_OK"
15640,4019955512,4019955552,1,"IOTHUB_CLIENT_CONFIRMATION_OK"
15641,4019955712,4019955768,1,"IOTHUB_CLIENT_CONFIRMATION_OK"
15642,4019955913,4019955998,1,"IOTHUB_CLIENT_CONFIRMATION_OK"
15643,4019956113,4019956182,1,"IOTHUB_CLIENT_CONFIRMATION_OK"
15644,4019956313,4019956388,1,"IOTHUB_CLIENT_CONFIRMATION_OK"
15645,4019956513,4019956557,1,"IOTHUB_CLIENT_CONFIRMATION_OK"
15646,4019956713,4019956774,1,"IOTHUB_CLIENT_CONFIRMATION_OK"
15647,4019956913,4019957005,1,"IOTHUB_CLIENT_CONFIRMATION_OK"
15648,4019957113,4019957169,1,"IOTHUB_CLIENT_CONFIRMATION_OK"
15649,4019957314,4019957385,1,"IOTHUB_CLIENT_CONFIRMATION_OK"
15650,4019957514,4019957602,1,"IOTHUB_CLIENT_CONFIRMATION_OK"
15651,4019957714,4019957760,1,"IOTHUB_CLIENT_CONFIRMATION_OK"
15652,4019957914,4019957959,1,"IOTHUB_CLIENT_CONFIRMATION_OK"
15653,4019958114,4019958221,1,"IOTHUB_CLIENT_CONFIRMATION_OK"
15654,4019958314,4019958354,1,"IOTHUB_CLIENT_CONFIRMATION_OK"
15655,4019958515,4019958560,1,"IOTHUB_CLIENT_CONFIRMATION_OK"
15656,4019958715,4019958832,1,"IOTHUB_CLIENT_CONFIRMATION_OK"
15657,4019958915,4019958997,1,"IOTHUB_CLIENT_CONFIRMATION_OK"
15658,4019959115,4019959159,1,"IOTHUB_CLIENT_CONFIRMATION_OK"
15659,4019959315,4019959358,1,"IOTHUB_CLIENT_CONFIRMATION_OK"
15660,4019959515,4019959558,1,"IOTHUB_CLIENT_CONFIRMATION_OK"
15661,4019959715,4019959759,1,"IOTHUB_CLIENT_CONFIRMATION_OK"
15662,4019959916,4019959952,1,"IOTHUB_CLIENT_CONFIRMATION_OK"
15663,4019960116,4019960156,1,"IOTHUB_CLIENT_CONFIRMATION_OK"
15664,4019960316,4019960353,1,"IOTHUB_CLIENT_CONFIRMATION_OK"
15665,4019960516,4019960555,1,"IOTHUB_CLIENT_CONFIRMATION_OK"
15666,4019960716,4019960766,1,"IOTHUB_CLIENT_CONFIRMATION_OK"
15667,4019960916,4019960953,1,"IOTHUB_CLIENT_CONFIRMATION_OK"
15668,4019961117,4019961156,1,"IOTHUB_CLIENT_CONFIRMATION_OK"
15669,4019961317,4019961478,1,"IOTHUB_CLIENT_CONFIRMATION_OK"
15670,4019961517,4019961559,1,"IOTHUB_CLIENT_CONFIRMATION_OK"
15671,4019961717,4019961760,1,"IOTHUB_CLIENT_CONFIRMATION_OK"
15672,4019961917,4019962088,1,"IOTHUB_CLIENT_CONFIRMATION_OK"
15673,4019962117,4019962171,1,"IOTHUB_CLIENT_CONFIRMATION_OK"
15674,4019962317,4019962367,1,"IOTHUB_CLIENT_CONFIRMATION_OK"
15675,4019962518,4019962569,1,"IOTHUB_CLIENT_CONFIRMATION_OK"
15676,4019962718,4019962760,1,"IOTHUB_CLIENT_CONFIRMATION_OK"
15677,4019962918,4019962958,1,"IOTHUB_CLIENT_CONFIRMATION_OK"
15678,4019963118,4019963168,1,"IOTHUB_CLIENT_CONFIRMATION_OK"
15679,4019963318,4019963356,1,"IOTHUB_CLIENT_CONFIRMATION_OK"
15680,4019963518,4019963557,1,"IOTHUB_CLIENT_CONFIRMATION_OK"
15681,4019963719,4019963797,1,"IOTHUB_CLIENT_CONFIRMATION_OK"
15682,4019963919,4019963969,1,"IOTHUB_CLIENT_CONFIRMATION_OK"
15683,4019964119,4019964154,1,"IOTHUB_CLIENT_CONFIRMATION_OK"
15684,4019964319,4019964362,1,"IOTHUB_CLIENT_CONFIRMATION_OK"
15685,4019964519,4019964717,1,"IOTHUB_CLIENT_CONFIRMATION_OK"
15686,4019964719,4019964753,1,"IOTHUB_CLIENT_CONFIRMATION_OK"
15687,4019964919,4019964978,1,"IOTHUB_CLIENT_CONFIRMATION_OK"
15688,4019965120,4019965167,1,"IOTHUB_CLIENT_CONFIRMATION_OK"
15689,4019965320,4019965362,1,"IOTHUB_CLIENT_CONFIRMATION_OK"
15690,4019965520,4019965602,1,"IOTHUB_CLIENT_CONFIRMATION_OK"
15691,4019965720,4019965765,1,"IOTHUB_CLIENT_CONFIRMATION_OK"
15692,4019965920,4019965968,1,"IOTHUB_CLIENT_CONFIRMATION_OK"
15693,4019966120,4019966165,1,"IOTHUB_CLIENT_CONFIRMATION_OK"
15694,4019966321,4019966356,1,"IOTHUB_CLIENT_CONFIRMATION_OK"
15695,4019966521,4019966567,1,"IOTHUB_CLIENT_CONFIRMATION_OK"
15696,4019966721,4019966763,1,"IOTHUB_CLIENT_CONFIRMATION_OK"
15697,4019966921,4019966980,1,"IOTHUB_CLIENT_CONFIRMATION_OK"
15698,4019967121,4019967166,1,"IOTHUB_CLIENT_CONFIRMATION_OK"
15699,4019967321,4019967382,1,"IOTHUB_CLIENT_CONFIRMATION_OK"
15700,4019967522,4019967573,1,"IOTHUB_CLIENT_CONFIRMATION_OK"
15701,4019967722,4019967766,1,"IOTHUB_CLIENT_CONFIRMATION_OK"
15702,4019967922,4019967957,1,"IOTHUB_CLIENT_CONFIRMATION_OK"
15703,4019968122,4019968167,1,"IOTHUB_CLIENT_CONFIRMATION_OK"
15704,4019968322,4019968370,1,"IOTHUB_CLIENT_CONFIRMATION_OK"
15705,4019968522,4019968631,1,"IOTHUB_CLIENT_CONFIRMATION_OK"
15706,4019968722,4019968763,1,"IOTHUB_CLIENT_CONFIRMATION_OK"
15707,4019968923,4019968980,1,"IOTHUB_CLIENT_CONFIRMATION_OK"
15708,4019969123,4019969274,1,"IOTHUB_CLIENT_CONFIRMATION_OK"
15709,4019969323,4019969369,1,"IOTHUB_CLIENT_CONFIRMATION_OK"
15710,4019969523,4019969568,1,"IOTHUB_CLIENT_CONFIRMATION_OK"
15711,4019969723,4019969849,1,"IOTHUB_CLIENT_CONFIRMATION_OK"
15712,4019969923,4019969965,1,"IOTHUB_CLIENT_CONFIRMATION_OK"
15713,4019970124,4019970169,1,"IOTHUB_CLIENT_CONFIRMATION_OK"
15714,4019970324,4019970474,1,"IOTHUB_CLIENT_CONFIRMATION_OK"
15715,4019970524,4019970578,1,"IOTHUB_CLIENT_CONFIRMATION_OK"
15716,4019970724,4019970766,1,"IOTHUB_CLIENT_CONFIRMATION_OK"
15717,4019970924,4019970970,1,"IOTHUB_CLIENT_CONFIRMATION_OK"
15718,4019971124,4019971182,1,"IOTHUB_CLIENT_CONFIRMATION_OK"
15719,4019971325,4019971455,1,"IOTHUB_CLIENT_CONFIRMATION_OK"
15720,4019971525,4019971594,1,"IOTHUB_CLIENT_CONFIRMATION_OK"
15721,4019971725,4019971761,1,"IOTHUB_CLIENT_CONFIRMATION_OK"
15722,4019971925,4019971975,1,"IOTHUB_CLIENT_CONFIRMATION_OK"
15723,4019972125,4019972177,1,"IOTHUB_CLIENT_CONFIRMATION_OK"
15724,4019972325,4019972371,1,"IOTHUB_CLIENT_CONFIRMATION_OK"
15725,4019972525,4019972577,1,"IOTHUB_CLIENT_CONFIRMATION_OK"
15726,4019972726,4019972763,1,"IOTHUB_CLIENT_CONFIRMATION_OK"
15727,4019972926,4019973106,1,"IOTHUB_CLIENT_CONFIRMATION_OK"
15728,4019973126,4019973165,1,"IOTHUB_CLIENT_CONFIRMATION_OK"
15729,4019973326,4019973363,1,"IOTHUB_CLIENT_CONFIRMATION_OK"
15730,4019973526,4019973572,1,"IOTHUB_CLIENT_CONFIRMATION_OK"
15731,4019973726,4019973766,1,"IOTHUB_CLIENT_CONFIRMATION_OK"
15732,4019973926,4019973966,1,"IOTHUB_CLIENT_CONFIRMATION_OK"
15733,4019974127,4019974161,1,"IOTHUB_CLIENT_CONFIRMATION_OK"
15734,4019974327,4019974369,1,"IOTHUB_CLIENT_CONFIRMATION_OK"
15735,4019974527,4019974579,1,"IOTHUB_CLIENT_CONFIRMATION_OK"
15736,4019974727,4019974776,1,"IOTHUB_CLIENT_CONFIRMATION_OK"
15737,4019974927,4019974966,1,"IOTHUB_CLIENT_CONFIRMATION_OK"
15738,4019975127,4019975169,1,"IOTHUB_CLIENT_CONFIRMATION_OK"
15739,4019975328,4019975377,1,"IOTHUB_CLIENT_CONFIRMATION_OK"
15740,4019975528,4019975609,1,"IOTHUB_CLIENT_CONFIRMATION_OK"
15741,4019975728,4019975780,1,"IOTHUB_CLIENT_CONFIRMATION_OK"
15742,4019975928,4019975964,1,"IOTHUB_CLIENT_CONFIRMATION_OK"
15743,4019976128,4019976191,1,"IOTHUB_CLIENT_CONFIRMATION_OK"
15744,4019976328,4019976378,1,"IOTHUB_CLIENT_CONFIRMATION_OK"
15745,4019976528,4019976583,1,"IOTHUB_CLIENT_CONFIRMATION_OK"
15746,4019976729,4019976763,1,"IOTHUB_CLIENT_CONFIRMATION_OK"
15747,4019976929,4019976978,1,"IOTHUB_CLIENT_CONFIRMATION_OK"
15748,4019977129,4019977177,1,"IOTHUB_CLIENT_CONFIRMATION_OK"
15749,4019977329,4019977382,1,"IOTHUB_CLIENT_CONFIRMATION_OK"
15750,4019977529,4019977578,1,"IOTHUB_CLIENT_CONFIRMATION_OK"
15751,4019977729,4019977775,1,"IOTHUB_CLIENT_CONFIRMATION_OK"
15752,4019977930,4019977980,1,"IOTHUB_CLIENT_CONFIRMATION_OK"
15753,4019978130,4019978194,1,"IOTHUB_CLIENT_CONFIRMATION_OK"
15754,4019978330,4019978375,1,"IOTHUB_CLIENT_CONFIRMATION_OK"
15755,4019978530,4019978564,1,"IOTHUB_CLIENT_CONFIRMATION_OK"
15756,4019978730,4019978869,1,"IOTHUB_CLIENT_CONFIRMATION_OK"
15757,4019978930,4019978967,1,"IOTHUB_CLIENT_CONFIRMATION_OK"
15758,4019979130,4019979176,1,"IOTHUB_CLIENT_CONFIRMATION_OK"
15759,4019979331,4019979392,1,"IOTHUB_CLIENT_CONFIRMATION_OK"
15760,4019979531,4019979572,1,"IOTHUB_CLIENT_CONFIRMATION_OK"
15761,4019979731,4019979773,1,"IOTHUB_CLIENT_CONFIRMATION_OK"
15762,4019979931,4019979972,1,"IOTHUB_CLIENT_CONFIRMATION_OK"
15763,4019980131,4019980169,1,"IOTHUB_CLIENT_CONFIRMATION_OK"
15764,4019980331,4019980367,1,"IOTHUB_CLIENT_CONFIRMATION_OK"
15765,4019980532,4019980585,1,"IOTHUB_CLIENT_CONFIRMATION_OK"
15766,4019980732,4019980780,1,"IOTHUB_CLIENT_CONFIRMATION_OK"
15767,4019980932,4019980991,1,"IOTHUB_CLIENT_CONFIRMATION_OK"
15768,4019981132,4019981176,1,"IOTHUB_CLIENT_CONFIRMATION_OK"
15769,4019981332,4019981484,1,"IOTHUB_CLIENT_CONFIRMATION_OK"
15770,4019981532,4019981591,1,"IOTHUB_CLIENT_CONFIRMATION_OK"
15771,4019981732,4019981772,1,"IOTHUB_CLIENT_CONFIRMATION_OK"
15772,4019981933,4019982044,1,"IOTHUB_CLIENT_CONFIRMATION_OK"
15773,4019982133,4019982169,1,"IOTHUB_CLIENT_CONFIRMATION_OK"
15774,4019982333,4019982385,1,"IOTHUB_CLIENT_CONFIRMATION_OK"
15775,4019982533,4019982579,1,"IOTHUB_CLIENT_CONFIRMATION_OK"
15776,4019982733,4019982800,1,"IOTHUB_CLIENT_CONFIRMATION_OK"
15777,4019982933,4019982994,1,"IOTHUB_CLIENT_CONFIRMATION_OK"
15778,4019983134,4019983171,1,"IOTHUB_CLIENT_CONFIRMATION_OK"
15779,4019983334,4019983373,1,"IOTHUB_CLIENT_CONFIRMATION_OK"
15780,4019983534,4019983585,1,"IOTHUB_CLIENT_CONFIRMATION_OK"
15781,4019983734,4019983774,1,"IOTHUB_CLIENT_CONFIRMATION_OK"
15782,4019983934,4019983998,1,"IOTHUB_CLIENT_CONFIRMATION_OK"
15783,4019984134,4019984179,1,"IOTHUB_CLIENT_CONFIRMATION_OK"
15784,4019984334,4019984385,1,"IOTHUB_CLIENT_CONFIRMATION_OK"
15785,4019984535,4019984579,1,"IOTHUB_CLIENT_CONFIRMATION_OK"
15786,4019984735,4019984772,1,"IOTHUB_CLIENT_CONFIRMATION_OK"
15787,4019984935,4019984979,1,"IOTHUB_CLIENT_CONFIRMATION_OK"
15788,4019985135,4019985174,1,"IOTHUB_CLIENT_CONFIRMATION_OK"
15789,4019985335,4019985369,1,"IOTHUB_CLIENT_CONFIRMATION_OK"
15790,4019985535,4019985579,1,"IOTHUB_CLIENT_CONFIRMATION_OK"
15791,4019985735,4019985787,1,"IOTHUB_CLIENT_CONFIRMATION_OK"
15792,4019985936,4019986144,1,"IOTHUB_CLIENT_CONFIRMATION_OK"
15793,4019986136,4019986179,1,"IOTHUB_CLIENT_CONFIRMATION_OK"
15794,4019986336,4019986391,1,"IOTHUB_CLIENT_CONFIRMATION_OK"
15795,4019986536,4019986580,1,"IOTHUB_CLIENT_CONFIRMATION_OK"
15796,4019986736,4019986779,1,"IOTHUB_CLIENT_CONFIRMATION_OK"
15797,4019986936,4019986985,1,"IOTHUB_CLIENT_CONFIRMATION_OK"
15798,4019987137,4019987216,1,"IOTHUB_CLIENT_CONFIRMATION_OK"
15799,4019987337,4019987384,1,"IOTHUB_CLIENT_CONFIRMATION_OK"
15800,4019987537,4019987573,1,"IOTHUB_CLIENT_CONFIRMATION_OK"
15801,4019987737,4019987786,1,"IOTHUB_CLIENT_CONFIRMATION_OK"
15802,4019987937,4019987998,1,"IOTHUB_CLIENT_CONFIRMATION_OK"
15803,4019988137,4019988211,1,"IOTHUB_CLIENT_CONFIRMATION_OK"
15804,4019988337,4019988374,1,"IOTHUB_CLIENT_CONFIRMATION_OK"
15805,4019988538,4019988592,1,"IOTHUB_CLIENT_CONFIRMATION_OK"
15806,4019988738,4019988778,1,"IOTHUB_CLIENT_CONFIRMATION_OK"
15807,4019988938,4019988982,1,"IOTHUB_CLIENT_CONFIRMATION_OK"
15808,4019989138,4019989211,1,"IOTHUB_CLIENT_CONFIRMATION_OK"
15809,4019989338,4019989421,1,"IOTHUB_CLIENT_CONFIRMATION_OK"
15810,4019989538,4019989599,1,"IOTHUB_CLIENT_CONFIRMATION_OK"
15811,4019989739,4019989814,1,"IOTHUB_CLIENT_CONFIRMATION_OK"
15812,4019989939,4019989982,1,"IOTHUB_CLIENT_CONFIRMATION_OK"
15813,4019990139,4019990276,1,"IOTHUB_CLIENT_CONFIRMATION_OK"
15814,4019990339,4019990465,1,"IOTHUB_CLIENT_CONFIRMATION_OK"
15815,4019990539,4019990587,1,"IOTHUB_CLIENT_CONFIRMATION_OK"
15816,4019990739,4019990786,1,"IOTHUB_CLIENT_CONFIRMATION_OK"
15817,4019990939,4019990997,1,"IOTHUB_CLIENT_CONFIRMATION_OK"
15818,4019991140,4019991298,1,"IOTHUB_CLIENT_CONFIRMATION_OK"
15819,4019991340,4019991391,1,"IOTHUB_CLIENT_CONFIRMATION_OK"
15820,4019991540,4019991597,1,"IOTHUB_CLIENT_CONFIRMATION_OK"
15821,4019991740,4019991782,1,"IOTHUB_CLIENT_CONFIRMATION_OK"
15822,4019991940,4019991994,1,"IOTHUB_CLIENT_CONFIRMATION_OK"
15823,4019992140,4019992181,1,"IOTHUB_CLIENT_CONFIRMATION_OK"
15824,4019992340,4019992491,1,"IOTHUB_CLIENT_CONFIRMATION_OK"
15825,4019992541,4019992578,1,"IOTHUB_CLIENT_CONFIRMATION_OK"
15826,4019992741,4019992780,1,"IOTHUB_CLIENT_CONFIRMATION_OK"
15827,4019992941,4019993104,1,"IOTHUB_CLIENT_CONFIRMATION_OK"
15828,4019993141,4019993178,1,"IOTHUB_CLIENT_CONFIRMATION_OK"
15829,4019993341,4019993381,1,"IOTHUB_CLIENT_CONFIRMATION_OK"
15830,4019993541,4019993588,1,"IOTHUB_CLIENT_CONFIRMATION_OK"
15831,4019993742,4019993788,1,"IOTHUB_CLIENT_CONFIRMATION_OK"
15832,4019993942,4019993987,1,"IOTHUB_CLIENT_CONFIRMATION_OK"
15833,4019994142,4019994199,1,"IOTHUB_CLIENT_CONFIRMATION_OK"
15834,4019994342,4019994394,1,"IOTHUB_CLIENT_CONFIRMATION_OK"
15835,4019994542,4019994586,1,"IOTHUB_CLIENT_CONFIRMATION_OK"
15836,4019994742,4019994782,1,"IOTHUB_CLIENT_CONFIRMATION_OK"
15837,4019994942,4019995006,1,"IOTHUB_CLIENT_CONFIRMATION_OK"
15838,4019995143,4019995200,1,"IOTHUB_CLIENT_CONFIRMATION_OK"
15839,4019995343,4019995380,1,"IOTHUB_CLIENT_CONFIRMATION_OK"
15840,4019995543,4019995602,1,"IOTHUB_CLIENT_CONFIRMATION_OK"
15841,4019995743,4019995787,1,"IOTHUB_CLIENT_CONFIRMATION_OK"
15842,4019995943,4019995980,1,"IOTHUB_CLIENT_CONFIRMATION_OK"
15843,4019996143,4019996193,1,"IOTHUB_CLIENT_CONFIRMATION_OK"
15844,4019996343,4019996400,1,"IOTHUB_CLIENT_CONFIRMATION_OK"
15845,4019996544,4019996591,1,"IOTHUB_CLIENT_CONFIRMATION_OK"
15846,4019996744,4019996787,1,"IOTHUB_CLIENT_CONFIRMATION_OK"
15847,4019996944,4019996992,1,"IOTHUB_CLIENT_CONFIRMATION_OK"
15848,4019997144,4019997201,1,"IOTHUB_CLIENT_CONFIRMATION_OK"
15849,4019997344,4019997382,1,"IOTHUB_CLIENT_CONFIRMATION_OK"
15850,4019997544,4019997667,1,"IOTHUB_CLIENT_CONFIRMATION_OK"
15851,4019997745,4019997797,1,"IOTHUB_CLIENT_CONFIRMATION_OK"
15852,4019997945,4019997981,1,"IOTHUB_CLIENT_CONFIRMATION_OK"
15853,4019998145,4019998258,1,"IOTHUB_CLIENT_CONFIRMATION_OK"
15854,4019998345,4019998386,1,"IOTHUB_CLIENT_CONFIRMATION_OK"
15855,4019998545,4019998582,1,"IOTHUB_CLIENT_CONFIRMATION_OK"
15856,4019998745,4019998880,1,"IOTHUB_CLIENT_CONFIRMATION_OK"
15857,4019998946,4019998987,1,"IOTHUB_CLIENT_CONFIRMATION_OK"
15858,4019999146,4019999193,1,"IOTHUB_CLIENT_CONFIRMATION_OK"
15859,4019999346,4019999394,1,"IOTHUB_CLIENT_CONFIRMATION_OK"
15860,4019999546,4019999588,1,"IOTHUB_CLIENT_CONFIRMATION_OK"
15861,4019999746,4019999796,1,"IOTHUB_CLIENT_CONFIRMATION_OK"
15862,4019999946,4019999996,1,"IOTHUB_CLIENT_CONFIRMATION_OK"
15863,4020000147,4020000190,1,"IOTHUB_CLIENT_CONFIRMATION_OK"
15864,4020000347,4020000388,1,"IOTHUB_CLIENT_CONFIRMATION_OK"
15865,4020000547,4020000598,1,"IOTHUB_CLIENT_CONFIRMATION_OK"
15866,4020000747,4020000793,1,"IOTHUB_CLIENT_CONFIRMATION_OK"
15867,4020000947,4020000990,1,"IOTHUB_CLIENT_CONFIRMATION_OK"
15868,4020001147,4020001201,1,"IOTHUB_CLIENT_CONFIRMATION_OK"
15869,4020001347,4020001489,1,"IOTHUB_CLIENT_CONFIRMATION_OK"
15870,4020001548,4020001587,1,"IOTHUB_CLIENT_CONFIRMATION_OK"
15871,4020001748,4020001788,1,"IOTHUB_CLIENT_CONFIRMATION_OK"
15872,4020001948,4020002104,1,"IOTHUB_CLIENT_CONFIRMATION_OK"
15873,4020002148,4020002195,1,"IOTHUB_CLIENT_CONFIRMATION_OK"
15874,4020002348,4020002387,1,"IOTHUB_CLIENT_CONFIRMATION_OK"
15875,4020002548,4020002589,1,"IOTHUB_CLIENT_CONFIRMATION_OK"
15876,4020002749,4020002807,1,"IOTHUB_CLIENT_CONFIRMATION_OK"
15877,4020002949,4020002996,1,"IOTHUB_CLIENT_CONFIRMATION_OK"
15878,4020003149,4020003196,1,"IOTHUB_CLIENT_CONFIRMATION_OK"
15879,4020003349,4020003391,1,"IOTHUB_CLIENT_CONFIRMATION_OK"
15880,4020003549,4020003589,1,"IOTHUB_CLIENT_CONFIRMATION_OK"
15881,4020003749,4020003804,1,"IOTHUB_CLIENT_CONFIRMATION_OK"
15882,4020003950,4020003991,1,"IOTHUB_CLIENT_CONFIRMATION_OK"
15883,4020004150,4020004184,1,"IOTHUB_CLIENT_CONFIRMATION_OK"
15884,4020004350,4020004388,1,"IOTHUB_CLIENT_CONFIRMATION_OK"
15885,4020004550,4020004615,1,"IOTHUB_CLIENT_CONFIRMATION_OK"
15886,4020004750,4020004793,1,"IOTHUB_CLIENT_CONFIRMATION_OK"
15887,4020004950,4020004987,1,"IOTHUB_CLIENT_CONFIRMATION_OK"
15888,4020005150,4020005196,1,"IOTHUB_CLIENT_CONFIRMATION_OK"
15889,4020005351,4020005389,1,"IOTHUB_CLIENT_CONFIRMATION_OK"
15890,4020005551,4020005598,1,"IOTHUB_CLIENT_CONFIRMATION_OK"
15891,4020005751,4020005788,1,"IOTHUB_CLIENT_CONFIRMATION_OK"
15892,4020005951,4020006030,1,"IOTHUB_CLIENT_CONFIRMATION_OK"
15893,4020006151,4020006194,1,"IOTHUB_CLIENT_CONFIRMATION_OK"
15894,4020006351,4020006389,1,"IOTHUB_CLIENT_CONFIRMATION_OK"
15895,4020006552,4020006662,1,"IOTHUB_CLIENT_CONFIRMATION_OK"
15896,4020006752,4020006791,1,"IOTHUB_CLIENT_CONFIRMATION_OK"
15897,4020006952,4020007011,1,"IOTHUB_CLIENT_CONFIRMATION_OK"
15898,4020007152,4020007267,1,"IOTHUB_CLIENT_CONFIRMATION_OK"
15899,4020007352,4020007412,1,"IOTHUB_CLIENT_CONFIRMATION_OK"
15900,4020007552,4020007722,1,"IOTHUB_CLIENT_CONFIRMATION_OK"
15901,4020007752,4020007911,1,"IOTHUB_CLIENT_CONFIRMATION_OK"
15902,4020007953,4020007998,1,"IOTHUB_CLIENT_CONFIRMATION_OK"
15903,4020008153,4020008200,1,"IOTHUB_CLIENT_CONFIRMATION_OK"
15904,4020008353,4020008396,1,"IOTHUB_CLIENT_CONFIRMATION_OK"
15905,4020008553,4020008593,1,"IOTHUB_CLIENT_CONFIRMATION_OK"
15906,4020008753,4020008789,1,"IOTHUB_CLIENT_CONFIRMATION_OK"
15907,4020008953,4020008991,1,"IOTHUB_CLIENT_CONFIRMATION_OK"
15908,4020009154,4020009191,1,"IOTHUB_CLIENT_CONFIRMATION_OK"
15909,4020009354,4020009422,1,"IOTHUB_CLIENT_CONFIRMATION_OK"
15910,4020009554,4020009589,1,"IOTHUB_CLIENT_CONFIRMATION_OK"
15911,4020009754,4020009791,1,"IOTHUB_CLIENT_CONFIRMATION_OK"
15912,4020009954,4020009992,1,"IOTHUB_CLIENT_CONFIRMATION_OK"
15913,4020010154,4020010192,1,"IOTHUB_CLIENT_CONFIRMATION_OK"
15914,4020010354,4020010576,1,"IOTHUB_CLIENT_CONFIRMATION_OK"
15915,4020010555,4020010595,1,"IOTHUB_CLIENT_CONFIRMATION_OK"
15916,4020010755,4020010794,1,"IOTHUB_CLIENT_CONFIRMATION_OK"
15917,4020010955,4020010995,1,"IOTHUB_CLIENT_CONFIRMATION_OK"
15918,4020011155,4020011208,1,"IOTHUB_CLIENT_CONFIRMATION_OK"
15919,4020011355,4020011392,1,"IOTHUB_CLIENT_CONFIRMATION_OK"
15920,4020011555,4020011606,1,"IOTHUB_CLIENT_CONFIRMATION_OK"
15921,4020011756,4020011805,1,"IOTHUB_CLIENT_CONFIRMATION_OK"
15922,4020011956,4020011995,1,"IOTHUB_CLIENT_CONFIRMATION_OK"
15923,4020012156,4020012190,1,"IOTHUB_CLIENT_CONFIRMATION_OK"
15924,4020012356,4020012393,1,"IOTHUB_CLIENT_CONFIRMATION_OK"
15925,4020012556,4020012605,1,"IOTHUB_CLIENT_CONFIRMATION_OK"
15926,4020012756,4020012801,1,"IOTHUB_CLIENT_CONFIRMATION_OK"
15927,4020012956,4020013025,1,"IOTHUB_CLIENT_CONFIRMATION_OK"
15928,4020013157,4020013217,1,"IOTHUB_CLIENT_CONFIRMATION_OK"
15929,4020013357,4020013394,1,"IOTHUB_CLIENT_CONFIRMATION_OK"
15930,4020013557,4020013806,1,"IOTHUB_CLIENT_CONFIRMATION_OK"
15931,4020013757,4020013832,1,"IOTHUB_CLIENT_CONFIRMATION_OK"
15932,4020013957,4020014017,1,"IOTHUB_CLIENT_CONFIRMATION_OK"
15933,4020014157,4020014200,1,"IOTHUB_CLIENT_CONFIRMATION_OK"
15934,4020014357,4020014446,1,"IOTHUB_CLIENT_CONFIRMATION_OK"
15935,4020014558,4020014593,1,"IOTHUB_CLIENT_CONFIRMATION_OK"
15936,4020014758,4020014807,1,"IOTHUB_CLIENT_CONFIRMATION_OK"
15937,4020014958,4020015048,1,"IOTHUB_CLIENT_CONFIRMATION_OK"
15938,4020015158,4020015194,1,"IOTHUB_CLIENT_CONFIRMATION_OK"
15939,4020015358,4020015424,1,"IOTHUB_CLIENT_CONFIRMATION_OK"
15940,4020015558,4020015644,1,"IOTHUB_CLIENT_CONFIRMATION_OK"
15941,4020015759,4020015804,1,"IOTHUB_CLIENT_CONFIRMATION_OK"
15942,4020015959,4020015992,1,"IOTHUB_CLIENT_CONFIRMATION_OK"
15943,4020016159,4020016246,1,"IOTHUB_CLIENT_CONFIRMATION_OK"
15944,4020016359,4020016396,1,"IOTHUB_CLIENT_CONFIRMATION_OK"
15945,4020016559,4020016597,1,"IOTHUB_CLIENT_CONFIRMATION_OK"
15946,4020016759,4020016811,1,"IOTHUB_CLIENT_CONFIRMATION_OK"
15947,4020016959,4020017009,1,"IOTHUB_CLIENT_CONFIRMATION_OK"
15948,4020017160,4020017196,1,"IOTHUB_CLIENT_CONFIRMATION_OK"
15949,4020017360,4020017399,1,"IOTHUB_CLIENT_CONFIRMATION_OK"
15950,4020017560,4020017685,1,"IOTHUB_CLIENT_CONFIRMATION_OK"
15951,4020017760,4020017807,1,"IOTHUB_CLIENT_CONFIRMATION_OK"
15952,4020017960,4020018006,1,"IOTHUB_CLIENT_CONFIRMATION_OK"
15953,4020018160,4020018285,1,"IOTHUB_CLIENT_CONFIRMATION_OK"
15954,4020018361,4020018404,1,"IOTHUB_CLIENT_CONFIRMATION_OK"
15955,4020018561,4020018624,1,"IOTHUB_CLIENT_CONFIRMATION_OK"
15956,4020018761,4020018821,1,"IOTHUB_CLIENT_CONFIRMATION_OK"
15957,4020018961,4020019014,1,"IOTHUB_CLIENT_CONFIRMATION_OK"
15958,4020019161,4020019197,1,"IOTHUB_CLIENT_CONFIRMATION_OK"
15959,4020019361,4020019399,1,"IOTHUB_CLIENT_CONFIRMATION_OK"
15960,4020019562,4020019607,1,"IOTHUB_CLIENT_CONFIRMATION_OK"
15961,4020019762,4020019815,1,"IOTHUB_CLIENT_CONFIRMATION_OK"
15962,4020019962,4020020011,1,"IOTHUB_CLIENT_CONFIRMATION_OK"
15963,4020020162,4020020268,1,"IOTHUB_CLIENT_CONFIRMATION_OK"
15964,4020020362,4020020419,1,"IOTHUB_CLIENT_CONFIRMATION_OK"
15965,4020020562,4020020601,1,"IOTHUB_CLIENT_CONFIRMATION_OK"
15966,4020020762,4020020867,1,"IOTHUB_CLIENT_CONFIRMATION_OK"
15967,4020020963,4020021000,1,"IOTHUB_CLIENT_CONFIRMATION_OK"
15968,4020021163,4020021204,1,"IOTHUB_CLIENT_CONFIRMATION_OK"
15969,4020021363,4020021481,1,"IOTHUB_CLIENT_CONFIRMATION_OK"
15970,4020021563,4020021604,1,"IOTHUB_CLIENT_CONFIRMATION_OK"
15971,4020021763,4020021806,1,"IOTHUB_CLIENT_CONFIRMATION_OK"
15972,4020021963,4020022069,1,"IOTHUB_CLIENT_CONFIRMATION_OK"
15973,4020022164,4020022229,1,"IOTHUB_CLIENT_CONFIRMATION_OK"
15974,4020022364,4020022403,1,"IOTHUB_CLIENT_CONFIRMATION_OK"
15975,4020022564,4020022603,1,"IOTHUB_CLIENT_CONFIRMATION_OK"
15976,4020022764,4020022816,1,"IOTHUB_CLIENT_CONFIRMATION_OK"
15977,4020022964,4020023011,1,"IOTHUB_CLIENT_CONFIRMATION_OK"
15978,4020023164,4020023215,1,"IOTHUB_CLIENT_CONFIRMATION_OK"
15979,4020023365,4020023411,1,"IOTHUB_CLIENT_CONFIRMATION_OK"
15980,4020023565,4020023621,1,"IOTHUB_CLIENT_CONFIRMATION_OK"
15981,4020023765,4020023801,1,"IOTHUB_CLIENT_CONFIRMATION_OK"
15982,4020023965,4020024005,1,"IOTHUB_CLIENT_CONFIRMATION_OK"
15983,4020024165,4020024203,1,"IOTHUB_CLIENT_CONFIRMATION_OK"
15984,4020024365,4020024403,1,"IOTHUB_CLIENT_CONFIRMATION_OK"
15985,4020024565,4020024603,1,"IOTHUB_CLIENT_CONFIRMATION_OK"
15986,4020024766,4020024818,1,"IOTHUB_CLIENT_CONFIRMATION_OK"
15987,4020024966,4020025010,1,"IOTHUB_CLIENT_CONFIRMATION_OK"
15988,4020025166,4020025212,1,"IOTHUB_CLIENT_CONFIRMATION_OK"
15989,4020025366,4020025421,1,"IOTHUB_CLIENT_CONFIRMATION_OK"
15990,4020025566,4020025630,1,"IOTHUB_CLIENT_CONFIRMATION_OK"
15991,4020025766,4020025803,1,"IOTHUB_CLIENT_CONFIRMATION_OK"
15992,4020025967,4020026026,1,"IOTHUB_CLIENT_CONFIRMATION_OK"
15993,4020026167,4020026222,1,"IOTHUB_CLIENT_CONFIRMATION_OK"
15994,4020026367,4020026406,1,"IOTHUB_CLIENT_CONFIRMATION_OK"
15995,4020026567,4020026658,1,"IOTHUB_CLIENT_CONFIRMATION_OK"
15996,4020026767,4020026819,1,"IOTHUB_CLIENT_CONFIRMATION_OK"
15997,4020026967,4020027010,1,"IOTHUB_CLIENT_CONFIRMATION_OK"
15998,4020027168,4020027250,1,"IOTHUB_CLIENT_CONFIRMATION_OK"
15999,4020027368,4020027406,1,"IOTHUB_CLIENT_CONFIRMATION_OK"
16000,4020027568,4020027605,1,"IOTHUB_CLIENT_CONFIRMATION_OK"
16001,4020027768,4020027811,1,"IOTHUB_CLIENT_CONFIRMATION_OK"
16002,4020027968,4020028043,1,"IOTHUB_CLIENT_CONFIRMATION_OK"
16003,4020028168,4020028203,1,"IOTHUB_CLIENT_CONFIRMATION_OK"
16004,4020028368,4020028405,1,"IOTHUB_CLIENT_CONFIRMATION_OK"
16005,4020028569,4020028617,1,"IOTHUB_CLIENT_CONFIRMATION_OK"
16006,4020028769,4020028817,1,"IOTHUB_CLIENT_CONFIRMATION_OK"
16007,4020028969,4020029009,1,"IOTHUB_CLIENT_CONFIRMATION_OK"
16008,4020029169,4020029234,1,"IOTHUB_CLIENT_CONFIRMATION_OK"
16009,4020029369,4020029408,1,"IOTHUB_CLIENT_CONFIRMATION_OK"
16010,4020029569,4020029611,1,"IOTHUB_CLIENT_CONFIRMATION_OK"
16011,4020029770,4020029830,1,"IOTHUB_CLIENT_CONFIRMATION_OK"
16012,4020029970,4020030010,1,"IOTHUB_CLIENT_CONFIRMATION_OK"
16013,4020030170,4020030209,1,"IOTHUB_CLIENT_CONFIRMATION_OK"
16014,4020030370,4020030436,1,"IOTHUB_CLIENT_CONFIRMATION_OK"
16015,4020030570,4020030610,1,"IOTHUB_CLIENT_CONFIRMATION_OK"
16016,4020030770,4020030810,1,"IOTHUB_CLIENT_CONFIRMATION_OK"
16017,4020030970,4020031020,1,"IOTHUB_CLIENT_CONFIRMATION_OK"
16018,4020031171,4020031220,1,"IOTHUB_CLIENT_CONFIRMATION_OK"
16019,4020031371,4020031427,1,"IOTHUB_CLIENT_CONFIRMATION_OK"
16020,4020031571,4020031607,1,"IOTHUB_CLIENT_CONFIRMATION_OK"
16021,4020031771,4020031867,1,"IOTHUB_CLIENT_CONFIRMATION_OK"
16022,4020031971,4020032008,1,"IOTHUB_CLIENT_CONFIRMATION_OK"
16023,4020032171,4020032246,1,"IOTHUB_CLIENT_CONFIRMATION_OK"
16024,4020032372,4020032483,1,"IOTHUB_CLIENT_CONFIRMATION_OK"
16025,4020032572,4020032617,1,"IOTHUB_CLIENT_CONFIRMATION_OK"
16026,4020032772,4020032834,1,"IOTHUB_CLIENT_CONFIRMATION_OK"
16027,4020032972,4020033085,1,"IOTHUB_CLIENT_CONFIRMATION_OK"
16028,4020033172,4020033211,1,"IOTHUB_CLIENT_CONFIRMATION_OK"
16029,4020033372,4020033412,1,"IOTHUB_CLIENT_CONFIRMATION_OK"
16030,4020033572,4020033714,1,"IOTHUB_CLIENT_CONFIRMATION_OK"
16031,4020033773,4020033844,1,"IOTHUB_CLIENT_CONFIRMATION_OK"
16032,4020033973,4020034017,1,"IOTHUB_CLIENT_CONFIRMATION_OK"
16033,4020034173,4020034212,1,"IOTHUB_CLIENT_CONFIRMATION_OK"
16034,4020034373,4020034553,1,"IOTHUB_CLIENT_CONFIRMATION_OK"
16035,4020034573,4020034614,1,"IOTHUB_CLIENT_CONFIRMATION_OK"
16036,4020034773,4020034811,1,"IOTHUB_CLIENT_CONFIRMATION_OK"
16037,4020034974,4020035050,1,"IOTHUB_CLIENT_CONFIRMATION_OK"
16038,4020035174,4020035232,1,"IOTHUB_CLIENT_CONFIRMATION_OK"
16039,4020035374,4020035428,1,"IOTHUB_CLIENT_CONFIRMATION_OK"
16040,4020035574,4020035614,1,"IOTHUB_CLIENT_CONFIRMATION_OK"
16041,4020035774,4020035822,1,"IOTHUB_CLIENT_CONFIRMATION_OK"
16042,4020035974,4020036023,1,"IOTHUB_CLIENT_CONFIRMATION_OK"
16043,4020036174,4020036389,1,"IOTHUB_CLIENT_CONFIRMATION_OK"
16044,4020036375,4020036427,1,"IOTHUB_CLIENT_CONFIRMATION_OK"
16045,4020036575,4020036626,1,"IOTHUB_CLIENT_CONFIRMATION_OK"
16046,4020036775,4020036867,1,"IOTHUB_CLIENT_CONFIRMATION_OK"
16047,4020036975,4020037015,1,"IOTHUB_CLIENT_CONFIRMATION_OK"
16048,4020037175,4020037219,1,"IOTHUB_CLIENT_CONFIRMATION_OK"
16049,4020037375,4020037422,1,"IOTHUB_CLIENT_CONFIRMATION_OK"
16050,4020037575,4020037615,1,"IOTHUB_CLIENT_CONFIRMATION_OK"
16051,4020037776,4020037852,1,"IOTHUB_CLIENT_CONFIRMATION_OK"
16052,4020037976,4020038104,1,"IOTHUB_CLIENT_CONFIRMATION_OK"
16053,4020038176,4020038236,1,"IOTHUB_CLIENT_CONFIRMATION_OK"
16054,4020038376,4020038462,1,"IOTHUB_CLIENT_CONFIRMATION_OK"
16055,4020038576,4020038625,1,"IOTHUB_CLIENT_CONFIRMATION_OK"
16056,4020038776,4020038867,1,"IOTHUB_CLIENT_CONFIRMATION_OK"
16057,4020038977,4020039016,1,"IOTHUB_CLIENT_CONFIRMATION_OK"
16058,4020039177,4020039221,1,"IOTHUB_CLIENT_CONFIRMATION_OK"
16059,4020039377,4020039441,1,"IOTHUB_CLIENT_CONFIRMATION_OK"
16060,4020039577,4020039611,1,"IOTHUB_CLIENT_CONFIRMATION_OK"
16061,4020039777,4020039816,1,"IOTHUB_CLIENT_CONFIRMATION_OK"
16062,4020039977,4020040032,1,"IOTHUB_CLIENT_CONFIRMATION_OK"
16063,4020040177,4020040217,1,"IOTHUB_CLIENT_CONFIRMATION_OK"
16064,4020040378,4020040474,1,"IOTHUB_CLIENT_CONFIRMATION_OK"
16065,4020040578,4020040625,1,"IOTHUB_CLIENT_CONFIRMATION_OK"
16066,4020040778,4020040899,1,"IOTHUB_CLIENT_CONFIRMATION_OK"
16067,4020040978,4020041036,1,"IOTHUB_CLIENT_CONFIRMATION_OK"
16068,4020041178,4020041227,1,"IOTHUB_CLIENT_CONFIRMATION_OK"
16069,4020041378,4020041519,1,"IOTHUB_CLIENT_CONFIRMATION_OK"
16070,4020041579,4020041639,1,"IOTHUB_CLIENT_CONFIRMATION_OK"
16071,4020041779,4020041836,1,"IOTHUB_CLIENT_CONFIRMATION_OK"
16072,4020041979,4020042163,1,"IOTHUB_CLIENT_CONFIRMATION_OK"
16073,4020042179,4020042235,1,"IOTHUB_CLIENT_CONFIRMATION_OK"
16074,4020042379,4020042428,1,"IOTHUB_CLIENT_CONFIRMATION_OK"
16075,4020042579,4020042644,1,"IOTHUB_CLIENT_CONFIRMATION_OK"
16076,4020042779,4020042832,1,"IOTHUB_CLIENT_CONFIRMATION_OK"
16077,4020042980,4020043023,1,"IOTHUB_CLIENT_CONFIRMATION_OK"
16078,4020043180,4020043241,1,"IOTHUB_CLIENT_CONFIRMATION_OK"
16079,4020043380,4020043435,1,"IOTHUB_CLIENT_CONFIRMATION_OK"
16080,4020043580,4020043613,1,"IOTHUB_CLIENT_CONFIRMATION_OK"
16081,4020043780,4020043841,1,"IOTHUB_CLIENT_CONFIRMATION_OK"
16082,4020043980,4020044195,1,"IOTHUB_CLIENT_CONFIRMATION_OK"
16083,4020044181,4020044215,1,"IOTHUB_CLIENT_CONFIRMATION_OK"
16084,4020044381,4020044414,1,"IOTHUB_CLIENT_CONFIRMATION_OK"
16085,4020044581,4020044649,1,"IOTHUB_CLIENT_CONFIRMATION_OK"
16086,4020044781,4020044829,1,"IOTHUB_CLIENT_CONFIRMATION_OK"
16087,4020044981,4020045056,1,"IOTHUB_CLIENT_CONFIRMATION_OK"
16088,4020045181,4020045228,1,"IOTHUB_CLIENT_CONFIRMATION_OK"
16089,4020045381,4020045438,1,"IOTHUB_CLIENT_CONFIRMATION_OK"
16090,4020045582,4020045618,1,"IOTHUB_CLIENT_CONFIRMATION_OK"
16091,4020045782,4020045843,1,"IOTHUB_CLIENT_CONFIRMATION_OK"
16092,4020045982,4020046135,1,"IOTHUB_CLIENT_CONFIRMATION_OK"
16093,4020046182,4020046224,1,"IOTHUB_CLIENT_CONFIRMATION_OK"
16094,4020046382,4020046430,1,"IOTHUB_CLIENT_CONFIRMATION_OK"
16095,4020046582,4020046641,1,"IOTHUB_CLIENT_CONFIRMATION_OK"
16096,4020046782,4020046819,1,"IOTHUB_CLIENT_CONFIRMATION_OK"
16097,4020046983,4020047028,1,"IOTHUB_CLIENT_CONFIRMATION_OK"
16098,4020047183,4020047242,1,"IOTHUB_CLIENT_CONFIRMATION_OK"
16099,4020047383,4020047448,1,"IOTHUB_CLIENT_CONFIRMATION_OK"
16100,4020047583,4020047624,1,"IOTHUB_CLIENT_CONFIRMATION_OK"
16101,4020047783,4020047832,1,"IOTHUB_CLIENT_CONFIRMATION_OK"
16102,4020047983,4020048021,1,"IOTHUB_CLIENT_CONFIRMATION_OK"
16103,4020048184,4020048229,1,"IOTHUB_CLIENT_CONFIRMATION_OK"
16104,4020048384,4020048442,1,"IOTHUB_CLIENT_CONFIRMATION_OK"
16105,4020048584,4020048628,1,"IOTHUB_CLIENT_CONFIRMATION_OK"
16106,4020048784,4020048822,1,"IOTHUB_CLIENT_CONFIRMATION_OK"
16107,4020048984,4020049047,1,"IOTHUB_CLIENT_CONFIRMATION_OK"
16108,4020049184,4020049402,1,"IOTHUB_CLIENT_CONFIRMATION_OK"
16109,4020049385,4020049457,1,"IOTHUB_CLIENT_CONFIRMATION_OK"
16110,4020049585,4020049623,1,"IOTHUB_CLIENT_CONFIRMATION_OK"
16111,4020049785,4020049936,1,"IOTHUB_CLIENT_CONFIRMATION_OK"
16112,4020049985,4020050026,1,"IOTHUB_CLIENT_CONFIRMATION_OK"
16113,4020050185,4020050227,1,"IOTHUB_CLIENT_CONFIRMATION_OK"
16114,4020050385,4020050567,1,"IOTHUB_CLIENT_CONFIRMATION_OK"
16115,4020050585,4020050624,1,"IOTHUB_CLIENT_CONFIRMATION_OK"
16116,4020050786,4020050842,1,"IOTHUB_CLIENT_CONFIRMATION_OK"
16117,4020050986,4020051028,1,"IOTHUB_CLIENT_CONFIRMATION_OK"
16118,4020051186,4020051232,1,"IOTHUB_CLIENT_CONFIRMATION_OK"
16119,4020051386,4020051424,1,"IOTHUB_CLIENT_CONFIRMATION_OK"
16120,4020051586,4020051635,1,"IOTHUB_CLIENT_CONFIRMATION_OK"
16121,4020051786,4020051828,1,"IOTHUB_CLIENT_CONFIRMATION_OK"
16122,4020051987,4020052026,1,"IOTHUB_CLIENT_CONFIRMATION_OK"
16123,4020052187,4020052221,1,"IOTHUB_CLIENT_CONFIRMATION_OK"
16124,4020052387,4020052426,1,"IOTHUB_CLIENT_CONFIRMATION_OK"
16125,4020052587,4020052629,1,"IOTHUB_CLIENT_CONFIRMATION_OK"
16126,4020052787,4020052842,1,"IOTHUB_CLIENT_CONFIRMATION_OK"
16127,4020052987,4020053023,1,"IOTHUB_CLIENT_CONFIRMATION_OK"
16128,4020053187,4020053223,1,"IOTHUB_CLIENT_CONFIRMATION_OK"
16129,4020053388,4020053425,1,"IOTHUB_CLIENT_CONFIRMATION_OK"
16130,4020053588,4020053625,1,"IOTHUB_CLIENT_CONFIRMATION_OK"
16131,4020053788,4020053830,1,"IOTHUB_CLIENT_CONFIRMATION_OK"
16132,4020053988,4020054024,1,"IOTHUB_CLIENT_CONFIRMATION_OK"
16133,4020054188,4020054225,1,"IOTHUB_CLIENT_CONFIRMATION_OK"
16134,4020054388,4020054443,1,"IOTHUB_CLIENT_CONFIRMATION_OK"
16135,4020054589,4020054649,1,"IOTHUB_CLIENT_CONFIRMATION_OK"
16136,4020054789,4020054827,1,"IOTHUB_CLIENT_CONFIRMATION_OK"
16137,4020054989,4020055171,1,"IOTHUB_CLIENT_CONFIRMATION_OK"
16138,4020055189,4020055232,1,"IOTHUB_CLIENT_CONFIRMATION_OK"
16139,4020055389,4020055434,1,"IOTHUB_CLIENT_CONFIRMATION_OK"
16140,4020055589,4020055632,1,"IOTHUB_CLIENT_CONFIRMATION_OK"
16141,4020055789,4020055835,1,"IOTHUB_CLIENT_CONFIRMATION_OK"
16142,4020055990,4020056025,1,"IOTHUB_CLIENT_CONFIRMATION_OK"
16143,4020056190,4020056376,1,"IOTHUB_CLIENT_CONFIRMATION_OK"
16144,4020056390,4020056437,1,"IOTHUB_CLIENT_CONFIRMATION_OK"
16145,4020056590,4020056642,1,"IOTHUB_CLIENT_CONFIRMATION_OK"
16146,4020056790,4020056827,1,"IOTHUB_CLIENT_CONFIRMATION_OK"
16147,4020056990,4020057041,1,"IOTHUB_CLIENT_CONFIRMATION_OK"
16148,4020057191,4020057246,1,"IOTHUB_CLIENT_CONFIRMATION_OK"
16149,4020057391,4020057427,1,"IOTHUB_CLIENT_CONFIRMATION_OK"
16150,4020057591,4020057642,1,"IOTHUB_CLIENT_CONFIRMATION_OK"
16151,4020057791,4020057834,1,"IOTHUB_CLIENT_CONFIRMATION_OK"
16152,4020057991,4020058025,1,"IOTHUB_CLIENT_CONFIRMATION_OK"
16153,4020058191,4020058241,1,"IOTHUB_CLIENT_CONFIRMATION_OK"
16154,4020058392,4020058433,1,"IOTHUB_CLIENT_CONFIRMATION_OK"
16155,4020058592,4020058628,1,"IOTHUB_CLIENT_CONFIRMATION_OK"
16156,4020058792,4020058843,1,"IOTHUB_CLIENT_CONFIRMATION_OK"
16157,4020058992,4020059035,1,"IOTHUB_CLIENT_CONFIRMATION_OK"
16158,4020059192,4020059238,1,"IOTHUB_CLIENT_CONFIRMATION_OK"
16159,4020059392,4020059441,1,"IOTHUB_CLIENT_CONFIRMATION_OK"
16160,4020059592,4020059642,1,"IOTHUB_CLIENT_CONFIRMATION_OK"
16161,4020059793,4020059835,1,"IOTHUB_CLIENT_CONFIRMATION_OK"
16162,4020059993,4020060037,1,"IOTHUB_CLIENT_CONFIRMATION_OK"
16163,4020060193,4020060270,1,"IOTHUB_CLIENT_CONFIRMATION_OK"
16164,4020060393,4020060436,1,"IOTHUB_CLIENT_CONFIRMATION_OK"
16165,4020060593,4020060727,1,"IOTHUB_CLIENT_CONFIRMATION_OK"
16166,4020060793,4020060834,1,"IOTHUB_CLIENT_CONFIRMATION_OK"
16167,4020060993,4020061033,1,"IOTHUB_CLIENT_CONFIRMATION_OK"
16168,4020061194,4020061237,1,"IOTHUB_CLIENT_CONFIRMATION_OK"
16169,4020061394,4020061575,1,"IOTHUB_CLIENT_CONFIRMATION_OK"
16170,4020061594,4020061672,1,"IOTHUB_CLIENT_CONFIRMATION_OK"
16171,4020061794,4020061853,1,"IOTHUB_CLIENT_CONFIRMATION_OK"
16172,4020061994,4020062196,1,"IOTHUB_CLIENT_CONFIRMATION_OK"
16173,4020062194,4020062233,1,"IOTHUB_CLIENT_CONFIRMATION_OK"
16174,4020062395,4020062460,1,"IOTHUB_CLIENT_CONFIRMATION_OK"
16175,4020062595,4020062640,1,"IOTHUB_CLIENT_CONFIRMATION_OK"
16176,4020062795,4020062838,1,"IOTHUB_CLIENT_CONFIRMATION_OK"
16177,4020062995,4020063046,1,"IOTHUB_CLIENT_CONFIRMATION_OK"
16178,4020063195,4020063243,1,"IOTHUB_CLIENT_CONFIRMATION_OK"
16179,4020063395,4020063456,1,"IOTHUB_CLIENT_CONFIRMATION_OK"
16180,4020063595,4020063640,1,"IOTHUB_CLIENT_CONFIRMATION_OK"
16181,4020063796,4020063833,1,"IOTHUB_CLIENT_CONFIRMATION_OK"
16182,4020063996,4020064093,1,"IOTHUB_CLIENT_CONFIRMATION_OK"
16183,4020064196,4020064229,1,"IOTHUB_CLIENT_CONFIRMATION_OK"
16184,4020064396,4020064433,1,"IOTHUB_CLIENT_CONFIRMATION_OK"
16185,4020064596,4020064665,1,"IOTHUB_CLIENT_CONFIRMATION_OK"
16186,4020064797,4020064838,1,"IOTHUB_CLIENT_CONFIRMATION_OK"
16187,4020064997,4020065038,1,"IOTHUB_CLIENT_CONFIRMATION_OK"
16188,4020065197,4020065232,1,"IOTHUB_CLIENT_CONFIRMATION_OK"
16189,4020065397,4020065441,1,"IOTHUB_CLIENT_CONFIRMATION_OK"
16190,4020065597,4020065639,1,"IOTHUB_CLIENT_CONFIRMATION_OK"
16191,4020065797,4020065839,1,"IOTHUB_CLIENT_CONFIRMATION_OK"
16192,4020065997,4020066106,1,"IOTHUB_CLIENT_CONFIRMATION_OK"
16193,4020066198,4020066238,1,"IOTHUB_CLIENT_CONFIRMATION_OK"
16194,4020066398,4020066448,1,"IOTHUB_CLIENT_CONFIRMATION_OK"
16195,4020066598,4020066705,1,"IOTHUB_CLIENT_CONFIRMATION_OK"
16196,4020066798,4020066868,1,"IOTHUB_CLIENT_CONFIRMATION_OK"
16197,4020066998,4020067041,1,"IOTHUB_CLIENT_CONFIRMATION_OK"
16198,4020067198,4020067318,1,"IOTHUB_CLIENT_CONFIRMATION_OK"
16199,4020067399,4020067438,1,"IOTHUB_CLIENT_CONFIRMATION_OK"
16200,4020067599,4020067634,1,"IOTHUB_CLIENT_CONFIRMATION_OK"
16201,4020067799,4020067839,1,"IOTHUB_CLIENT_CONFIRMATION_OK"
16202,4020067999,4020068046,1,"IOTHUB_CLIENT_CONFIRMATION_OK"
16203,4020068199,4020068255,1,"IOTHUB_CLIENT_CONFIRMATION_OK"
16204,4020068399,4020068462,1,"IOTHUB_CLIENT_CONFIRMATION_OK"
16205,4020068599,4020068636,1,"IOTHUB_CLIENT_CONFIRMATION_OK"
16206,4020068800,4020068844,1,"IOTHUB_CLIENT_CONFIRMATION_OK"
16207,4020069000,4020069050,1,"IOTHUB_CLIENT_CONFIRMATION_OK"
16208,4020069200,4020069238,1,"IOTHUB_CLIENT_CONFIRMATION_OK"
16209,4020069400,4020069457,1,"IOTHUB_CLIENT_CONFIRMATION_OK"
16210,4020069600,4020069636,1,"IOTHUB_CLIENT_CONFIRMATION_OK"
16211,4020069800,4020070027,1,"IOTHUB_CLIENT_CONFIRMATION_OK"
16212,4020070001,4020070049,1,"IOTHUB_CLIENT_CONFIRMATION_OK"
16213,4020070201,4020070244,1,"IOTHUB_CLIENT_CONFIRMATION_OK"
16214,4020070401,4020070436,1,"IOTHUB_CLIENT_CONFIRMATION_OK"
16215,4020070601,4020070683,1,"IOTHUB_CLIENT_CONFIRMATION_OK"
16216,4020070801,4020070845,1,"IOTHUB_CLIENT_CONFIRMATION_OK"
16217,4020071001,4020071037,1,"IOTHUB_CLIENT_CONFIRMATION_OK"
16218,4020071202,4020071244,1,"IOTHUB_CLIENT_CONFIRMATION_OK"
16219,4020071402,4020071443,1,"IOTHUB_CLIENT_CONFIRMATION_OK"
16220,4020071602,4020071636,1,"IOTHUB_CLIENT_CONFIRMATION_OK"
16221,4020071802,4020071847,1,"IOTHUB_CLIENT_CONFIRMATION_OK"
16222,4020072002,4020072069,1,"IOTHUB_CLIENT_CONFIRMATION_OK"
16223,4020072202,4020072242,1,"IOTHUB_CLIENT_CONFIRMATION_OK"
16224,4020072402,4020072449,1,"IOTHUB_CLIENT_CONFIRMATION_OK"
16225,4020072603,4020072645,1,"IOTHUB_CLIENT_CONFIRMATION_OK"
16226,4020072803,4020072864,1,"IOTHUB_CLIENT_CONFIRMATION_OK"
16227,4020073003,4020073076,1,"IOTHUB_CLIENT_CONFIRMATION_OK"
16228,4020073203,4020073265,1,"IOTHUB_CLIENT_CONFIRMATION_OK"
16229,4020073403,4020073449,1,"IOTHUB_CLIENT_CONFIRMATION_OK"
16230,4020073603,4020073642,1,"IOTHUB_CLIENT_CONFIRMATION_OK"
16231,4020073804,4020073961,1,"IOTHUB_CLIENT_CONFIRMATION_OK"
16232,4020074004,4020074057,1,"IOTHUB_CLIENT_CONFIRMATION_OK"
16233,4020074204,4020074241,1,"IOTHUB_CLIENT_CONFIRMATION_OK"
16234,4020074404,4020074532,1,"IOTHUB_CLIENT_CONFIRMATION_OK"
16235,4020074604,4020074652,1,"IOTHUB_CLIENT_CONFIRMATION_OK"
16236,4020074804,4020074882,1,"IOTHUB_CLIENT_CONFIRMATION_OK"
16237,4020075004,4020075137,1,"IOTHUB_CLIENT_CONFIRMATION_OK"
16238,4020075205,4020075247,1,"IOTHUB_CLIENT_CONFIRMATION_OK"
16239,4020075405,4020075476,1,"IOTHUB_CLIENT_CONFIRMATION_OK"
16240,4020075605,4020075813,1,"IOTHUB_CLIENT_CONFIRMATION_OK"
16241,4020075805,4020075863,1,"IOTHUB_CLIENT_CONFIRMATION_OK"
16242,4020076005,4020076175,1,"IOTHUB_CLIENT_CONFIRMATION_OK"
16243,4020076205,4020076409,1,"IOTHUB_CLIENT_CONFIRMATION_OK"
16244,4020076406,4020076465,1,"IOTHUB_CLIENT_CONFIRMATION_OK"
16245,4020076606,4020076640,1,"IOTHUB_CLIENT_CONFIRMATION_OK"
16246,4020076806,4020076860,1,"IOTHUB_CLIENT_CONFIRMATION_OK"
16247,4020077006,4020077047,1,"IOTHUB_CLIENT_CONFIRMATION_OK"
16248,4020077206,4020077246,1,"IOTHUB_CLIENT_CONFIRMATION_OK"
16249,4020077406,4020077451,1,"IOTHUB_CLIENT_CONFIRMATION_OK"
16250,4020077607,4020077644,1,"IOTHUB_CLIENT_CONFIRMATION_OK"
16251,4020077807,4020077870,1,"IOTHUB_CLIENT_CONFIRMATION_OK"
16252,4020078007,4020078055,1,"IOTHUB_CLIENT_CONFIRMATION_OK"
16253,4020078207,4020078247,1,"IOTHUB_CLIENT_CONFIRMATION_OK"
16254,4020078407,4020078449,1,"IOTHUB_CLIENT_CONFIRMATION_OK"
16255,4020078607,4020078655,1,"IOTHUB_CLIENT_CONFIRMATION_OK"
16256,4020078808,4020078858,1,"IOTHUB_CLIENT_CONFIRMATION_OK"
16257,4020079008,4020079276,1,"IOTHUB_CLIENT_CONFIRMATION_OK"
16258,4020079208,4020079303,1,"IOTHUB_CLIENT_CONFIRMATION_OK"
16259,4020079408,4020079444,1,"IOTHUB_CLIENT_CONFIRMATION_OK"
16260,4020079608,4020079663,1,"IOTHUB_CLIENT_CONFIRMATION_OK"
16261,4020079808,4020079846,1,"IOTHUB_CLIENT_CONFIRMATION_OK"
16262,4020080009,4020080056,1,"IOTHUB_CLIENT_CONFIRMATION_OK"
16263,4020080209,4020080247,1,"IOTHUB_CLIENT_CONFIRMATION_OK"
16264,4020080409,4020080468,1,"IOTHUB_CLIENT_CONFIRMATION_OK"
16265,4020080609,4020080681,1,"IOTHUB_CLIENT_CONFIRMATION_OK"
16266,4020080809,4020080852,1,"IOTHUB_CLIENT_CONFIRMATION_OK"
16267,4020081009,4020081045,1,"IOTHUB_CLIENT_CONFIRMATION_OK"
16268,4020081209,4020081245,1,"IOTHUB_CLIENT_CONFIRMATION_OK"
16269,4020081410,4020081452,1,"IOTHUB_CLIENT_CONFIRMATION_OK"
16270,4020081610,4020081652,1,"IOTHUB_CLIENT_CONFIRMATION_OK"
16271,4020081810,4020081878,1,"IOTHUB_CLIENT_CONFIRMATION_OK"
16272,4020082010,4020082057,1,"IOTHUB_CLIENT_CONFIRMATION_OK"
16273,4020082210,4020082255,1,"IOTHUB_CLIENT_CONFIRMATION_OK"
16274,4020082410,4020082453,1,"IOTHUB_CLIENT_CONFIRMATION_OK"
16275,4020082611,4020082673,1,"IOTHUB_CLIENT_CONFIRMATION_OK"
16276,4020082811,4020082876,1,"IOTHUB_CLIENT_CONFIRMATION_OK"
16277,4020083011,4020083055,1,"IOTHUB_CLIENT_CONFIRMATION_OK"
16278,4020083211,4020083259,1,"IOTHUB_CLIENT_CONFIRMATION_OK"
16279,4020083411,4020083484,1,"IOTHUB_CLIENT_CONFIRMATION_OK"
16280,4020083611,4020083663,1,"IOTHUB_CLIENT_CONFIRMATION_OK"
16281,4020083811,4020083854,1,"IOTHUB_CLIENT_CONFIRMATION_OK"
16282,4020084012,4020084088,1,"IOTHUB_CLIENT_CONFIRMATION_OK"
16283,4020084212,4020084245,1,"IOTHUB_CLIENT_CONFIRMATION_OK"
16284,4020084412,4020084460,1,"IOTHUB_CLIENT_CONFIRMATION_OK"
16285,4020084612,4020084704,1,"IOTHUB_CLIENT_CONFIRMATION_OK"
16286,4020084812,4020084852,1,"IOTHUB_CLIENT_CONFIRMATION_OK"
16287,4020085012,4020085051,1,"IOTHUB_CLIENT_CONFIRMATION_OK"
16288,4020085212,4020085261,1,"IOTHUB_CLIENT_CONFIRMATION_OK"
16289,4020085413,4020085477,1,"IOTHUB_CLIENT_CONFIRMATION_OK"
16290,4020085613,4020085654,1,"IOTHUB_CLIENT_CONFIRMATION_OK"
16291,4020085813,4020085864,1,"IOTHUB_CLIENT_CONFIRMATION_OK"
16292,4020086013,4020086055,1,"IOTHUB_CLIENT_CONFIRMATION_OK"
16293,4020086213,4020086261,1,"IOTHUB_CLIENT_CONFIRMATION_OK"
16294,4020086413,4020086455,1,"IOTHUB_CLIENT_CONFIRMATION_OK"
16295,4020086613,4020086654,1,"IOTHUB_CLIENT_CONFIRMATION_OK"
16296,4020086814,4020086854,1,"IOTHUB_CLIENT_CONFIRMATION_OK"
16297,4020087014,4020087056,1,"IOTHUB_CLIENT_CONFIRMATION_OK"
16298,4020087214,4020087272,1,"IOTHUB_CLIENT_CONFIRMATION_OK"
16299,4020087414,4020087540,1,"IOTHUB_CLIENT_CONFIRMATION_OK"
16300,4020087614,4020087666,1,"IOTHUB_CLIENT_CONFIRMATION_OK"
16301,4020087814,4020087858,1,"IOTHUB_CLIENT_CONFIRMATION_OK"
16302,4020088015,4020088089,1,"IOTHUB_CLIENT_CONFIRMATION_OK"
16303,4020088215,4020088259,1,"IOTHUB_CLIENT_CONFIRMATION_OK"
16304,4020088415,4020088453,1,"IOTHUB_CLIENT_CONFIRMATION_OK"
16305,4020088615,4020088678,1,"IOTHUB_CLIENT_CONFIRMATION_OK"
16306,4020088815,4020088881,1,"IOTHUB_CLIENT_CONFIRMATION_OK"
16307,4020089015,4020089063,1,"IOTHUB_CLIENT_CONFIRMATION_OK"
16308,4020089216,4020089276,1,"IOTHUB_CLIENT_CONFIRMATION_OK"
16309,4020089416,4020089459,1,"IOTHUB_CLIENT_CONFIRMATION_OK"
16310,4020089616,4020089655,1,"IOTHUB_CLIENT_CONFIRMATION_OK"
16311,4020089816,4020089921,1,"IOTHUB_CLIENT_CONFIRMATION_OK"
16312,4020090016,4020090055,1,"IOTHUB_CLIENT_CONFIRMATION_OK"
16313,4020090216,4020090262,1,"IOTHUB_CLIENT_CONFIRMATION_OK"
16314,4020090416,4020090508,1,"IOTHUB_CLIENT_CONFIRMATION_OK"
16315,4020090617,4020090658,1,"IOTHUB_CLIENT_CONFIRMATION_OK"
16316,4020090817,4020090853,1,"IOTHUB_CLIENT_CONFIRMATION_OK"
16317,4020091017,4020091063,1,"IOTHUB_CLIENT_CONFIRMATION_OK"
16318,4020091217,4020091251,1,"IOTHUB_CLIENT_CONFIRMATION_OK"
16319,4020091417,4020091456,1,"IOTHUB_CLIENT_CONFIRMATION_OK"
16320,4020091617,4020091658,1,"IOTHUB_CLIENT_CONFIRMATION_OK"
16321,4020091818,4020091920,1,"IOTHUB_CLIENT_CONFIRMATION_OK"
16322,4020092018,4020092165,1,"IOTHUB_CLIENT_CONFIRMATION_OK"
16323,4020092218,4020092254,1,"IOTHUB_CLIENT_CONFIRMATION_OK"
16324,4020092418,4020092560,1,"IOTHUB_CLIENT_CONFIRMATION_OK"
16325,4020092618,4020092655,1,"IOTHUB_CLIENT_CONFIRMATION_OK"
16326,4020092818,4020092864,1,"IOTHUB_CLIENT_CONFIRMATION_OK"
16327,4020093018,4020093220,1,"IOTHUB_CLIENT_CONFIRMATION_OK"
16328,4020093219,4020093273,1,"IOTHUB_CLIENT_CONFIRMATION_OK"
16329,4020093419,4020093462,1,"IOTHUB_CLIENT_CONFIRMATION_OK"
16330,4020093619,4020093679,1,"IOTHUB_CLIENT_CONFIRMATION_OK"
16331,4020093819,4020093861,1,"IOTHUB_CLIENT_CONFIRMATION_OK"
16332,4020094019,4020094059,1,"IOTHUB_CLIENT_CONFIRMATION_OK"
16333,4020094219,4020094259,1,"IOTHUB_CLIENT_CONFIRMATION_OK"
16334,4020094420,4020094458,1,"IOTHUB_CLIENT_CONFIRMATION_OK"
16335,4020094620,4020094662,1,"IOTHUB_CLIENT_CONFIRMATION_OK"
16336,4020094820,4020094915,1,"IOTHUB_CLIENT_CONFIRMATION_OK"
16337,4020095020,4020095059,1,"IOTHUB_CLIENT_CONFIRMATION_OK"
16338,4020095220,4020095270,1,"IOTHUB_CLIENT_CONFIRMATION_OK"
16339,4020095420,4020095468,1,"IOTHUB_CLIENT_CONFIRMATION_OK"
16340,4020095620,4020095664,1,"IOTHUB_CLIENT_CONFIRMATION_OK"
16341,4020095821,4020095859,1,"IOTHUB_CLIENT_CONFIRMATION_OK"
16342,4020096021,4020096061,1,"IOTHUB_CLIENT_CONFIRMATION_OK"
16343,4020096221,4020096265,1,"IOTHUB_CLIENT_CONFIRMATION_OK"
16344,4020096421,4020096464,1,"IOTHUB_CLIENT_CONFIRMATION_OK"
16345,4020096621,4020096658,1,"IOTHUB_CLIENT_CONFIRMATION_OK"
16346,4020096821,4020096873,1,"IOTHUB_CLIENT_CONFIRMATION_OK"
16347,4020097022,4020097076,1,"IOTHUB_CLIENT_CONFIRMATION_OK"
16348,4020097222,4020097272,1,"IOTHUB_CLIENT_CONFIRMATION_OK"
16349,4020097422,4020097468,1,"IOTHUB_CLIENT_CONFIRMATION_OK"
16350,4020097622,4020097693,1,"IOTHUB_CLIENT_CONFIRMATION_OK"
16351,4020097822,4020097866,1,"IOTHUB_CLIENT_CONFIRMATION_OK"
16352,4020098022,4020098111,1,"IOTHUB_CLIENT_CONFIRMATION_OK"
16353,4020098222,4020098313,1,"IOTHUB_CLIENT_CONFIRMATION_OK"
16354,4020098423,4020098458,1,"IOTHUB_CLIENT_CONFIRMATION_OK"
16355,4020098623,4020098680,1,"IOTHUB_CLIENT_CONFIRMATION_OK"
16356,4020098823,4020098944,1,"IOTHUB_CLIENT_CONFIRMATION_OK"
16357,4020099023,4020099061,1,"IOTHUB_CLIENT_CONFIRMATION_OK"
16358,4020099223,4020099267,1,"IOTHUB_CLIENT_CONFIRMATION_OK"
16359,4020099423,4020099460,1,"IOTHUB_CLIENT_CONFIRMATION_OK"
16360,4020099624,4020099674,1,"IOTHUB_CLIENT_CONFIRMATION_OK"
16361,4020099824,4020099858,1,"IOTHUB_CLIENT_CONFIRMATION_OK"
16362,4020100024,4020100076,1,"IOTHUB_CLIENT_CONFIRMATION_OK"
16363,4020100224,4020100291,1,"IOTHUB_CLIENT_CONFIRMATION_OK"
16364,4020100424,4020100468,1,"IOTHUB_CLIENT_CONFIRMATION_OK"
16365,4020100624,4020100659,1,"IOTHUB_CLIENT_CONFIRMATION_OK"
16366,4020100824,4020100882,1,"IOTHUB_CLIENT_CONFIRMATION_OK"
16367,4020101025,4020101064,1,"IOTHUB_CLIENT_CONFIRMATION_OK"
16368,4020101225,4020101299,1,"IOTHUB_CLIENT_CONFIRMATION_OK"
16369,4020101425,4020101594,1,"IOTHUB_CLIENT_CONFIRMATION_OK"
16370,4020101625,4020101666,1,"IOTHUB_CLIENT_CONFIRMATION_OK"
16371,4020101825,4020101862,1,"IOTHUB_CLIENT_CONFIRMATION_OK"
16372,4020102025,4020102204,1,"IOTHUB_CLIENT_CONFIRMATION_OK"
16373,4020102225,4020102288,1,"IOTHUB_CLIENT_CONFIRMATION_OK"
16374,4020102426,4020102469,1,"IOTHUB_CLIENT_CONFIRMATION_OK"
16375,4020102626,4020102717,1,"IOTHUB_CLIENT_CONFIRMATION_OK"
16376,4020102826,4020102917,1,"IOTHUB_CLIENT_CONFIRMATION_OK"
16377,4020103026,4020103076,1,"IOTHUB_CLIENT_CONFIRMATION_OK"
16378,4020103226,4020103261,1,"IOTHUB_CLIENT_CONFIRMATION_OK"
16379,4020103426,4020103615,1,"IOTHUB_CLIENT_CONFIRMATION_OK"
16380,4020103627,4020103697,1,"IOTHUB_CLIENT_CONFIRMATION_OK"
16381,4020103827,4020103873,1,"IOTHUB_CLIENT_CONFIRMATION_OK"
16382,4020104027,4020104084,1,"IOTHUB_CLIENT_CONFIRMATION_OK"
16383,4020104227,4020104267,1,"IOTHUB_CLIENT_CONFIRMATION_OK"
16384,4020104427,4020104484,1,"IOTHUB_CLIENT_CONFIRMATION_OK"
16385,4020104628,4020104666,1,"IOTHUB_CLIENT_CONFIRMATION_OK"
16386,4020104828,4020104866,1,"IOTHUB_CLIENT_CONFIRMATION_OK"
16387,4020105028,4020105069,1,"IOTHUB_CLIENT_CONFIRMATION_OK"
16388,4020105228,4020105282,1,"IOTHUB_CLIENT_CONFIRMATION_OK"
16389,4020105429,4020105473,1,"IOTHUB_CLIENT_CONFIRMATION_OK"
16390,4020105629,4020105665,1,"IOTHUB_CLIENT_CONFIRMATION_OK"
16391,4020105829,4020105869,1,"IOTHUB_CLIENT_CONFIRMATION_OK"
16392,4020106029,4020106080,1,"IOTHUB_CLIENT_CONFIRMATION_OK"
16393,4020106229,4020106322,1,"IOTHUB_CLIENT_CONFIRMATION_OK"
16394,4020106429,4020106483,1,"IOTHUB_CLIENT_CONFIRMATION_OK"
16395,4020106629,4020106699,1,"IOTHUB_CLIENT_CONFIRMATION_OK"
16396,4020106829,4020106867,1,"IOTHUB_CLIENT_CONFIRMATION_OK"
16397,4020107030,4020107074,1,"IOTHUB_CLIENT_CONFIRMATION_OK"
16398,4020107230,4020107310,1,"IOTHUB_CLIENT_CONFIRMATION_OK"
16399,4020107430,4020107474,1,"IOTHUB_CLIENT_CONFIRMATION_OK"
16400,4020107630,4020107669,1,"IOTHUB_CLIENT_CONFIRMATION_OK"
16401,4020107830,4020107873,1,"IOTHUB_CLIENT_CONFIRMATION_OK"
16402,4020108030,4020108089,1,"IOTHUB_CLIENT_CONFIRMATION_OK"
16403,4020108231,4020108268,1,"IOTHUB_CLIENT_CONFIRMATION_OK"
16404,4020108431,4020108476,1,"IOTHUB_CLIENT_CONFIRMATION_OK"
16405,4020108631,4020108673,1,"IOTHUB_CLIENT_CONFIRMATION_OK"
16406,4020108831,4020108882,1,"IOTHUB_CLIENT_CONFIRMATION_OK"
16407,4020109031,4020109070,1,"IOTHUB_CLIENT_CONFIRMATION_OK"
16408,4020109231,4020109269,1,"IOTHUB_CLIENT_CONFIRMATION_OK"
16409,4020109431,4020109469,1,"IOTHUB_CLIENT_CONFIRMATION_OK"
16410,4020109632,4020109672,1,"IOTHUB_CLIENT_CONFIRMATION_OK"
16411,4020109832,4020109876,1,"IOTHUB_CLIENT_CONFIRMATION_OK"
16412,4020110032,4020110074,1,"IOTHUB_CLIENT_CONFIRMATION_OK"
16413,4020110232,4020110268,1,"IOTHUB_CLIENT_CONFIRMATION_OK"
16414,4020110432,4020110471,1,"IOTHUB_CLIENT_CONFIRMATION_OK"
16415,4020110632,4020110678,1,"IOTHUB_CLIENT_CONFIRMATION_OK"
16416,4020110833,4020110869,1,"IOTHUB_CLIENT_CONFIRMATION_OK"
16417,4020111033,4020111087,1,"IOTHUB_CLIENT_CONFIRMATION_OK"
16418,4020111233,4020111289,1,"IOTHUB_CLIENT_CONFIRMATION_OK"
16419,4020111433,4020111489,1,"IOTHUB_CLIENT_CONFIRMATION_OK"
16420,4020111633,4020111672,1,"IOTHUB_CLIENT_CONFIRMATION_OK"
16421,4020111833,4020111919,1,"IOTHUB_CLIENT_CONFIRMATION_OK"
16422,4020112033,4020112085,1,"IOTHUB_CLIENT_CONFIRMATION_OK"
16423,4020112234,4020112294,1,"IOTHUB_CLIENT_CONFIRMATION_OK"
16424,4020112434,4020112527,1,"IOTHUB_CLIENT_CONFIRMATION_OK"
16425,4020112634,4020112699,1,"IOTHUB_CLIENT_CONFIRMATION_OK"
16426,4020112834,4020112868,1,"IOTHUB_CLIENT_CONFIRMATION_OK"
16427,4020113034,4020113126,1,"IOTHUB_CLIENT_CONFIRMATION_OK"
16428,4020113234,4020113280,1,"IOTHUB_CLIENT_CONFIRMATION_OK"
16429,4020113435,4020113474,1,"IOTHUB_CLIENT_CONFIRMATION_OK"
16430,4020113635,4020113671,1,"IOTHUB_CLIENT_CONFIRMATION_OK"
16431,4020113835,4020113911,1,"IOTHUB_CLIENT_CONFIRMATION_OK"
16432,4020114035,4020114102,1,"IOTHUB_CLIENT_CONFIRMATION_OK"
16433,4020114235,4020114278,1,"IOTHUB_CLIENT_CONFIRMATION_OK"
16434,4020114435,4020114516,1,"IOTHUB_CLIENT_CONFIRMATION_OK"
16435,4020114636,4020114692,1,"IOTHUB_CLIENT_CONFIRMATION_OK"
16436,4020114836,4020114887,1,"IOTHUB_CLIENT_CONFIRMATION_OK"
16437,4020115036,4020115082,1,"IOTHUB_CLIENT_CONFIRMATION_OK"
16438,4020115236,4020115273,1,"IOTHUB_CLIENT_CONFIRMATION_OK"
16439,4020115436,4020115486,1,"IOTHUB_CLIENT_CONFIRMATION_OK"
16440,4020115636,4020115800,1,"IOTHUB_CLIENT_CONFIRMATION_OK"
16441,4020115836,4020115890,1,"IOTHUB_CLIENT_CONFIRMATION_OK"
16442,4020116037,4020116081,1,"IOTHUB_CLIENT_CONFIRMATION_OK"
16443,4020116237,4020116406,1,"IOTHUB_CLIENT_CONFIRMATION_OK"
16444,4020116437,4020116486,1,"IOTHUB_CLIENT_CONFIRMATION_OK"
16445,4020116637,4020116676,1,"IOTHUB_CLIENT_CONFIRMATION_OK"
16446,4020116837,4020116882,1,"IOTHUB_CLIENT_CONFIRMATION_OK"
16447,4020117037,4020117126,1,"IOTHUB_CLIENT_CONFIRMATION_OK"
16448,4020117237,4020117289,1,"IOTHUB_CLIENT_CONFIRMATION_OK"
16449,4020117438,4020117502,1,"IOTHUB_CLIENT_CONFIRMATION_OK"
16450,4020117638,4020117682,1,"IOTHUB_CLIENT_CONFIRMATION_OK"
16451,4020117838,4020117887,1,"IOTHUB_CLIENT_CONFIRMATION_OK"
16452,4020118038,4020118086,1,"IOTHUB_CLIENT_CONFIRMATION_OK"
16453,4020118238,4020118284,1,"IOTHUB_CLIENT_CONFIRMATION_OK"
16454,4020118438,4020118523,1,"IOTHUB_CLIENT_CONFIRMATION_OK"
16455,4020118639,4020118703,1,"IOTHUB_CLIENT_CONFIRMATION_OK"
16456,4020118839,4020118914,1,"IOTHUB_CLIENT_CONFIRMATION_OK"
16457,4020119039,4020119086,1,"IOTHUB_CLIENT_CONFIRMATION_OK"
16458,4020119239,4020119278,1,"IOTHUB_CLIENT_CONFIRMATION_OK"
16459,4020119439,4020119485,1,"IOTHUB_CLIENT_CONFIRMATION_OK"
16460,4020119639,4020119683,1,"IOTHUB_CLIENT_CONFIRMATION_OK"
16461,4020119840,4020119882,1,"IOTHUB_CLIENT_CONFIRMATION_OK"
16462,4020120040,4020120083,1,"IOTHUB_CLIENT_CONFIRMATION_OK"
16463,4020120240,4020120330,1,"IOTHUB_CLIENT_CONFIRMATION_OK"
16464,4020120440,4020120479,1,"IOTHUB_CLIENT_CONFIRMATION_OK"
16465,4020120640,4020120677,1,"IOTHUB_CLIENT_CONFIRMATION_OK"
16466,4020120840,4020120928,1,"IOTHUB_CLIENT_CONFIRMATION_OK"
16467,4020121040,4020121084,1,"IOTHUB_CLIENT_CONFIRMATION_OK"
16468,4020121241,4020121293,1,"IOTHUB_CLIENT_CONFIRMATION_OK"
16469,4020121441,4020121549,1,"IOTHUB_CLIENT_CONFIRMATION_OK"
16470,4020121641,4020121688,1,"IOTHUB_CLIENT_CONFIRMATION_OK"
16471,4020121841,4020121884,1,"IOTHUB_CLIENT_CONFIRMATION_OK"
16472,4020122041,4020122155,1,"IOTHUB_CLIENT_CONFIRMATION_OK"
16473,4020122241,4020122281,1,"IOTHUB_CLIENT_CONFIRMATION_OK"
16474,4020122442,4020122512,1,"IOTHUB_CLIENT_CONFIRMATION_OK"
16475,4020122642,4020122681,1,"IOTHUB_CLIENT_CONFIRMATION_OK"
16476,4020122842,4020122873,1,"IOTHUB_CLIENT_CONFIRMATION_OK"
16477,4020123042,4020123115,1,"IOTHUB_CLIENT_CONFIRMATION_OK"
16478,4020123242,4020123284,1,"IOTHUB_CLIENT_CONFIRMATION_OK"
16479,4020123442,4020123486,1,"IOTHUB_CLIENT_CONFIRMATION_OK"
16480,4020123643,4020123685,1,"IOTHUB_CLIENT_CONFIRMATION_OK"
16481,4020123843,4020123907,1,"IOTHUB_CLIENT_CONFIRMATION_OK"
16482,4020124043,4020124127,1,"IOTHUB_CLIENT_CONFIRMATION_OK"
16483,4020124243,4020124291,1,"IOTHUB_CLIENT_CONFIRMATION_OK"
16484,4020124443,4020124482,1,"IOTHUB_CLIENT_CONFIRMATION_OK"
16485,4020124643,4020124857,1,"IOTHUB_CLIENT_CONFIRMATION_OK"
16486,4020124843,4020124883,1,"IOTHUB_CLIENT_CONFIRMATION_OK"
16487,4020125044,4020125092,1,"IOTHUB_CLIENT_CONFIRMATION_OK"
16488,4020125244,4020125283,1,"IOTHUB_CLIENT_CONFIRMATION_OK"
16489,4020125444,4020125479,1,"IOTHUB_CLIENT_CONFIRMATION_OK"
16490,4020125644,4020125710,1,"IOTHUB_CLIENT_CONFIRMATION_OK"
16491,4020125844,4020125895,1,"IOTHUB_CLIENT_CONFIRMATION_OK"
16492,4020126044,4020126080,1,"IOTHUB_CLIENT_CONFIRMATION_OK"
16493,4020126244,4020126344,1,"IOTHUB_CLIENT_CONFIRMATION_OK"
16494,4020126445,4020126493,1,"IOTHUB_CLIENT_CONFIRMATION_OK"
16495,4020126645,4020126681,1,"IOTHUB_CLIENT_CONFIRMATION_OK"
16496,4020126845,4020126913,1,"IOTHUB_CLIENT_CONFIRMATION_OK"
16497,4020127045,4020127084,1,"IOTHUB_CLIENT_CONFIRMATION_OK"
16498,4020127245,4020127288,1,"IOTHUB_CLIENT_CONFIRMATION_OK"
16499,4020127445,4020127498,1,"IOTHUB_CLIENT_CONFIRMATION_OK"
16500,4020127646,4020127694,1,"IOTHUB_CLIENT_CONFIRMATION_OK"
16501,4020127846,4020127887,1,"IOTHUB_CLIENT_CONFIRMATION_OK"
16502,4020128046,4020128092,1,"IOTHUB_CLIENT_CONFIRMATION_OK"
16503,4020128246,4020128300,1,"IOTHUB_CLIENT_CONFIRMATION_OK"
16504,4020128446,4020128490,1,"IOTHUB_CLIENT_CONFIRMATION_OK"
16505,4020128646,4020128725,1,"IOTHUB_CLIENT_CONFIRMATION_OK"
16506,4020128846,4020128911,1,"IOTHUB_CLIENT_CONFIRMATION_OK"
16507,4020129047,4020129098,1,"IOTHUB_CLIENT_CONFIRMATION_OK"
16508,4020129247,4020129333,1,"IOTHUB_CLIENT_CONFIRMATION_OK"
16509,4020129447,4020129802,1,"IOTHUB_CLIENT_CONFIRMATION_OK"
16510,4020129647,4020129857,1,"IOTHUB_CLIENT_CONFIRMATION_OK"
16511,4020129847,4020130056,1,"IOTHUB_CLIENT_CONFIRMATION_OK"
16512,4020130047,4020130118,1,"IOTHUB_CLIENT_CONFIRMATION_OK"
16513,4020130248,4020130298,1,"IOTHUB_CLIENT_CONFIRMATION_OK"
16514,4020130448,4020130644,1,"IOTHUB_CLIENT_CONFIRMATION_OK"
16515,4020130648,4020130694,1,"IOTHUB_CLIENT_CONFIRMATION_OK"
16516,4020130848,4020130884,1,"IOTHUB_CLIENT_CONFIRMATION_OK"
16517,4020131048,4020131095,1,"IOTHUB_CLIENT_CONFIRMATION_OK"
16518,4020131248,4020131309,1,"IOTHUB_CLIENT_CONFIRMATION_OK"
16519,4020131449,4020131514,1,"IOTHUB_CLIENT_CONFIRMATION_OK"
16520,4020131649,4020131691,1,"IOTHUB_CLIENT_CONFIRMATION_OK"
16521,4020131849,4020131893,1,"IOTHUB_CLIENT_CONFIRMATION_OK"
16522,4020132049,4020132106,1,"IOTHUB_CLIENT_CONFIRMATION_OK"
16523,4020132249,4020132294,1,"IOTHUB_CLIENT_CONFIRMATION_OK"
16524,4020132449,4020132501,1,"IOTHUB_CLIENT_CONFIRMATION_OK"
16525,4020132650,4020132695,1,"IOTHUB_CLIENT_CONFIRMATION_OK"
16526,4020132850,4020132895,1,"IOTHUB_CLIENT_CONFIRMATION_OK"
16527,4020133050,4020133108,1,"IOTHUB_CLIENT_CONFIRMATION_OK"
16528,4020133250,4020133323,1,"IOTHUB_CLIENT_CONFIRMATION_OK"
16529,4020133450,4020133491,1,"IOTHUB_CLIENT_CONFIRMATION_OK"
16530,4020133650,4020133742,1,"IOTHUB_CLIENT_CONFIRMATION_OK"
16531,4020133850,4020133893,1,"IOTHUB_CLIENT_CONFIRMATION_OK"
16532,4020134051,4020134140,1,"IOTHUB_CLIENT_CONFIRMATION_OK"
16533,4020134251,4020134295,1,"IOTHUB_CLIENT_CONFIRMATION_OK"
16534,4020134451,4020134581,1,"IOTHUB_CLIENT_CONFIRMATION_OK"
16535,4020134651,4020134691,1,"IOTHUB_CLIENT_CONFIRMATION_OK"
16536,4020134851,4020134898,1,"IOTHUB_CLIENT_CONFIRMATION_OK"
16537,4020135051,4020135167,1,"IOTHUB_CLIENT_CONFIRMATION_OK"
16538,4020135252,4020135307,1,"IOTHUB_CLIENT_CONFIRMATION_OK"
16539,4020135452,4020135567,1,"IOTHUB_CLIENT_CONFIRMATION_OK"
16540,4020135652,4020135767,1,"IOTHUB_CLIENT_CONFIRMATION_OK"
16541,4020135852,4020135895,1,"IOTHUB_CLIENT_CONFIRMATION_OK"
16542,4020136052,4020136120,1,"IOTHUB_CLIENT_CONFIRMATION_OK"
16543,4020136252,4020136380,1,"IOTHUB_CLIENT_CONFIRMATION_OK"
16544,4020136452,4020136507,1,"IOTHUB_CLIENT_CONFIRMATION_OK"
16545,4020136653,4020136728,1,"IOTHUB_CLIENT_CONFIRMATION_OK"
16546,4020136853,4020136899,1,"IOTHUB_CLIENT_CONFIRMATION_OK"
16547,4020137053,4020137126,1,"IOTHUB_CLIENT_CONFIRMATION_OK"
16548,4020137253,4020137302,1,"IOTHUB_CLIENT_CONFIRMATION_OK"
16549,4020137453,4020137499,1,"IOTHUB_CLIENT_CONFIRMATION_OK"
16550,4020137653,4020137702,1,"IOTHUB_CLIENT_CONFIRMATION_OK"
16551,4020137854,4020137901,1,"IOTHUB_CLIENT_CONFIRMATION_OK"
16552,4020138054,4020138099,1,"IOTHUB_CLIENT_CONFIRMATION_OK"
16553,4020138254,4020138419,1,"IOTHUB_CLIENT_CONFIRMATION_OK"
16554,4020138454,4020138501,1,"IOTHUB_CLIENT_CONFIRMATION_OK"
16555,4020138654,4020138696,1,"IOTHUB_CLIENT_CONFIRMATION_OK"
16556,4020138854,4020139050,1,"IOTHUB_CLIENT_CONFIRMATION_OK"
16557,4020139054,4020139101,1,"IOTHUB_CLIENT_CONFIRMATION_OK"
16558,4020139255,4020139308,1,"IOTHUB_CLIENT_CONFIRMATION_OK"
16559,4020139455,4020139495,1,"IOTHUB_CLIENT_CONFIRMATION_OK"
16560,4020139655,4020139696,1,"IOTHUB_CLIENT_CONFIRMATION_OK"
16561,4020139855,4020139937,1,"IOTHUB_CLIENT_CONFIRMATION_OK"
16562,4020140055,4020140130,1,"IOTHUB_CLIENT_CONFIRMATION_OK"
16563,4020140255,4020140293,1,"IOTHUB_CLIENT_CONFIRMATION_OK"
16564,4020140455,4020140601,1,"IOTHUB_CLIENT_CONFIRMATION_OK"
16565,4020140656,4020140699,1,"IOTHUB_CLIENT_CONFIRMATION_OK"
16566,4020140856,4020140927,1,"IOTHUB_CLIENT_CONFIRMATION_OK"
16567,4020141056,4020141120,1,"IOTHUB_CLIENT_CONFIRMATION_OK"
16568,4020141256,4020141307,1,"IOTHUB_CLIENT_CONFIRMATION_OK"
16569,4020141456,4020141519,1,"IOTHUB_CLIENT_CONFIRMATION_OK"
16570,4020141656,4020141720,1,"IOTHUB_CLIENT_CONFIRMATION_OK"
16571,4020141857,4020141904,1,"IOTHUB_CLIENT_CONFIRMATION_OK"
16572,4020142057,4020142115,1,"IOTHUB_CLIENT_CONFIRMATION_OK"
16573,4020142257,4020142320,1,"IOTHUB_CLIENT_CONFIRMATION_OK"
16574,4020142457,4020142501,1,"IOTHUB_CLIENT_CONFIRMATION_OK"
16575,4020142657,4020142739,1,"IOTHUB_CLIENT_CONFIRMATION_OK"
16576,4020142857,4020142929,1,"IOTHUB_CLIENT_CONFIRMATION_OK"
16577,4020143058,4020143107,1,"IOTHUB_CLIENT_CONFIRMATION_OK"
16578,4020143258,4020143316,1,"IOTHUB_CLIENT_CONFIRMATION_OK"
16579,4020143458,4020143541,1,"IOTHUB_CLIENT_CONFIRMATION_OK"
16580,4020143658,4020143698,1,"IOTHUB_CLIENT_CONFIRMATION_OK"
16581,4020143858,4020143927,1,"IOTHUB_CLIENT_CONFIRMATION_OK"
16582,4020144058,4020144181,1,"IOTHUB_CLIENT_CONFIRMATION_OK"
16583,4020144259,4020144295,1,"IOTHUB_CLIENT_CONFIRMATION_OK"
16584,4020144459,4020144514,1,"IOTHUB_CLIENT_CONFIRMATION_OK"
16585,4020144659,4020144793,1,"IOTHUB_CLIENT_CONFIRMATION_OK"
16586,4020144859,4020144915,1,"IOTHUB_CLIENT_CONFIRMATION_OK"
16587,4020145059,4020145104,1,"IOTHUB_CLIENT_CONFIRMATION_OK"
16588,4020145259,4020145308,1,"IOTHUB_CLIENT_CONFIRMATION_OK"
16589,4020145460,4020145499,1,"IOTHUB_CLIENT_CONFIRMATION_OK"
16590,4020145660,4020145703,1,"IOTHUB_CLIENT_CONFIRMATION_OK"
16591,4020145860,4020145928,1,"IOTHUB_CLIENT_CONFIRMATION_OK"
16592,4020146060,4020146107,1,"IOTHUB_CLIENT_CONFIRMATION_OK"
16593,4020146260,4020146304,1,"IOTHUB_CLIENT_CONFIRMATION_OK"
16594,4020146460,4020146502,1,"IOTHUB_CLIENT_CONFIRMATION_OK"
16595,4020146661,4020146692,1,"IOTHUB_CLIENT_CONFIRMATION_OK"
16596,4020146861,4020146898,1,"IOTHUB_CLIENT_CONFIRMATION_OK"
16597,4020147061,4020147147,1,"IOTHUB_CLIENT_CONFIRMATION_OK"
16598,4020147261,4020147486,1,"IOTHUB_CLIENT_CONFIRMATION_OK"
16599,4020147461,4020147550,1,"IOTHUB_CLIENT_CONFIRMATION_OK"
16600,4020147661,4020147709,1,"IOTHUB_CLIENT_CONFIRMATION_OK"
16601,4020147861,4020147899,1,"IOTHUB_CLIENT_CONFIRMATION_OK"
16602,4020148062,4020148120,1,"IOTHUB_CLIENT_CONFIRMATION_OK"
16603,4020148262,4020148304,1,"IOTHUB_CLIENT_CONFIRMATION_OK"
16604,4020148462,4020148500,1,"IOTHUB_CLIENT_CONFIRMATION_OK"
16605,4020148662,4020148762,1,"IOTHUB_CLIENT_CONFIRMATION_OK"
16606,4020148862,4020148911,1,"IOTHUB_CLIENT_CONFIRMATION_OK"
16607,4020149062,4020149129,1,"IOTHUB_CLIENT_CONFIRMATION_OK"
16608,4020149263,4020149304,1,"IOTHUB_CLIENT_CONFIRMATION_OK"
16609,4020149463,4020149502,1,"IOTHUB_CLIENT_CONFIRMATION_OK"
16610,4020149663,4020149699,1,"IOTHUB_CLIENT_CONFIRMATION_OK"
16611,4020149863,4020149989,1,"IOTHUB_CLIENT_CONFIRMATION_OK"
16612,4020150063,4020150117,1,"IOTHUB_CLIENT_CONFIRMATION_OK"
16613,4020150263,4020150302,1,"IOTHUB_CLIENT_CONFIRMATION_OK"
16614,4020150463,4020150521,1,"IOTHUB_CLIENT_CONFIRMATION_OK"
16615,4020150664,4020150714,1,"IOTHUB_CLIENT_CONFIRMATION_OK"
16616,4020150864,4020150918,1,"IOTHUB_CLIENT_CONFIRMATION_OK"
16617,4020151064,4020151120,1,"IOTHUB_CLIENT_CONFIRMATION_OK"
16618,4020151264,4020151305,1,"IOTHUB_CLIENT_CONFIRMATION_OK"
16619,4020151464,4020151509,1,"IOTHUB_CLIENT_CONFIRMATION_OK"
16620,4020151664,4020151716,1,"IOTHUB_CLIENT_CONFIRMATION_OK"
16621,4020151864,4020151934,1,"IOTHUB_CLIENT_CONFIRMATION_OK"
16622,4020152065,4020152124,1,"IOTHUB_CLIENT_CONFIRMATION_OK"
16623,4020152265,4020152322,1,"IOTHUB_CLIENT_CONFIRMATION_OK"
16624,4020152465,4020152589,1,"IOTHUB_CLIENT_CONFIRMATION_OK"
16625,4020152665,4020152715,1,"IOTHUB_CLIENT_CONFIRMATION_OK"
16626,4020152865,4020152942,1,"IOTHUB_CLIENT_CONFIRMATION_OK"
16627,4020153065,4020153235,1,"IOTHUB_CLIENT_CONFIRMATION_OK"
16628,4020153265,4020153306,1,"IOTHUB_CLIENT_CONFIRMATION_OK"
16629,4020153466,4020153515,1,"IOTHUB_CLIENT_CONFIRMATION_OK"
16630,4020153666,4020153716,1,"IOTHUB_CLIENT_CONFIRMATION_OK"
16631,4020153866,4020153904,1,"IOTHUB_CLIENT_CONFIRMATION_OK"
16632,4020154066,4020154108,1,"IOTHUB_CLIENT_CONFIRMATION_OK"
16633,4020154266,4020154310,1,"IOTHUB_CLIENT_CONFIRMATION_OK"
16634,4020154466,4020154506,1,"IOTHUB_CLIENT_CONFIRMATION_OK"
16635,4020154667,4020154710,1,"IOTHUB_CLIENT_CONFIRMATION_OK"
16636,4020154867,4020154911,1,"IOTHUB_CLIENT_CONFIRMATION_OK"
16637,4020155067,4020155188,1,"IOTHUB_CLIENT_CONFIRMATION_OK"
16638,4020155267,4020155329,1,"IOTHUB_CLIENT_CONFIRMATION_OK"
16639,4020155467,4020155511,1,"IOTHUB_CLIENT_CONFIRMATION_OK"
16640,4020155667,4020155725,1,"IOTHUB_CLIENT_CONFIRMATION_OK"
16641,4020155868,4020155911,1,"IOTHUB_CLIENT_CONFIRMATION_OK"
16642,4020156068,4020156112,1,"IOTHUB_CLIENT_CONFIRMATION_OK"
16643,4020156268,4020156485,1,"IOTHUB_CLIENT_CONFIRMATION_OK"
16644,4020156468,4020156507,1,"IOTHUB_CLIENT_CONFIRMATION_OK"
16645,4020156668,4020156710,1,"IOTHUB_CLIENT_CONFIRMATION_OK"
16646,4020156868,4020156917,1,"IOTHUB_CLIENT_CONFIRMATION_OK"
16647,4020157068,4020157133,1,"IOTHUB_CLIENT_CONFIRMATION_OK"
16648,4020157269,4020157329,1,"IOTHUB_CLIENT_CONFIRMATION_OK"
16649,4020157469,4020157551,1,"IOTHUB_CLIENT_CONFIRMATION_OK"
16650,4020157669,4020157716,1,"IOTHUB_CLIENT_CONFIRMATION_OK"
16651,4020157869,4020157920,1,"IOTHUB_CLIENT_CONFIRMATION_OK"
16652,4020158069,4020158112,1,"IOTHUB_CLIENT_CONFIRMATION_OK"
16653,4020158269,4020158330,1,"IOTHUB_CLIENT_CONFIRMATION_OK"
16654,4020158470,4020158514,1,"IOTHUB_CLIENT_CONFIRMATION_OK"
16655,4020158670,4020158714,1,"IOTHUB_CLIENT_CONFIRMATION_OK"
16656,4020158870,4020158913,1,"IOTHUB_CLIENT_CONFIRMATION_OK"
16657,4020159070,4020159113,1,"IOTHUB_CLIENT_CONFIRMATION_OK"
16658,4020159270,4020159313,1,"IOTHUB_CLIENT_CONFIRMATION_OK"
16659,4020159470,4020159520,1,"IOTHUB_CLIENT_CONFIRMATION_OK"
16660,4020159671,4020159731,1,"IOTHUB_CLIENT_CONFIRMATION_OK"
16661,4020159871,4020159922,1,"IOTHUB_CLIENT_CONFIRMATION_OK"
16662,4020160071,4020160128,1,"IOTHUB_CLIENT_CONFIRMATION_OK"
16663,4020160271,4020160374,1,"IOTHUB_CLIENT_CONFIRMATION_OK"
16664,4020160471,4020160529,1,"IOTHUB_CLIENT_CONFIRMATION_OK"
16665,4020160671,4020160797,1,"IOTHUB_CLIENT_CONFIRMATION_OK"
16666,4020160871,4020161038,1,"IOTHUB_CLIENT_CONFIRMATION_OK"
16667,4020161072,4020161169,1,"IOTHUB_CLIENT_CONFIRMATION_OK"
16668,4020161272,4020161313,1,"IOTHUB_CLIENT_CONFIRMATION_OK"
16669,4020161472,4020161630,1,"IOTHUB_CLIENT_CONFIRMATION_OK"
16670,4020161672,4020161717,1,"IOTHUB_CLIENT_CONFIRMATION_OK"
16671,4020161872,4020161909,1,"IOTHUB_CLIENT_CONFIRMATION_OK"
16672,4020162072,4020162237,1,"IOTHUB_CLIENT_CONFIRMATION_OK"
16673,4020162272,4020162335,1,"IOTHUB_CLIENT_CONFIRMATION_OK"
16674,4020162473,4020162535,1,"IOTHUB_CLIENT_CONFIRMATION_OK"
16675,4020162673,4020162714,1,"IOTHUB_CLIENT_CONFIRMATION_OK"
16676,4020162873,4020162924,1,"IOTHUB_CLIENT_CONFIRMATION_OK"
16677,4020163073,4020163121,1,"IOTHUB_CLIENT_CONFIRMATION_OK"
16678,4020163273,4020163313,1,"IOTHUB_CLIENT_CONFIRMATION_OK"
16679,4020163473,4020163513,1,"IOTHUB_CLIENT_CONFIRMATION_OK"
16680,4020163674,4020163720,1,"IOTHUB_CLIENT_CONFIRMATION_OK"
16681,4020163874,4020163921,1,"IOTHUB_CLIENT_CONFIRMATION_OK"
16682,4020164074,4020164124,1,"IOTHUB_CLIENT_CONFIRMATION_OK"
16683,4020164274,4020164319,1,"IOTHUB_CLIENT_CONFIRMATION_OK"
16684,4020164474,4020164515,1,"IOTHUB_CLIENT_CONFIRMATION_OK"
16685,4020164674,4020164891,1,"IOTHUB_CLIENT_CONFIRMATION_OK"
16686,4020164875,4020164918,1,"IOTHUB_CLIENT_CONFIRMATION_OK"
16687,4020165075,4020165133,1,"IOTHUB_CLIENT_CONFIRMATION_OK"
16688,4020165275,4020165317,1,"IOTHUB_CLIENT_CONFIRMATION_OK"
16689,4020165475,4020165538,1,"IOTHUB_CLIENT_CONFIRMATION_OK"
16690,4020165675,4020165782,1,"IOTHUB_CLIENT_CONFIRMATION_OK"
16691,4020165875,4020165930,1,"IOTHUB_CLIENT_CONFIRMATION_OK"
16692,4020166075,4020166131,1,"IOTHUB_CLIENT_CONFIRMATION_OK"
16693,4020166276,4020166310,1,"IOTHUB_CLIENT_CONFIRMATION_OK"
16694,4020166476,4020166529,1,"IOTHUB_CLIENT_CONFIRMATION_OK"
16695,4020166676,4020166736,1,"IOTHUB_CLIENT_CONFIRMATION_OK"
16696,4020166876,4020166925,1,"IOTHUB_CLIENT_CONFIRMATION_OK"
16697,4020167076,4020167128,1,"IOTHUB_CLIENT_CONFIRMATION_OK"
16698,4020167276,4020167334,1,"IOTHUB_CLIENT_CONFIRMATION_OK"
16699,4020167477,4020167519,1,"IOTHUB_CLIENT_CONFIRMATION_OK"
16700,4020167677,4020167733,1,"IOTHUB_CLIENT_CONFIRMATION_OK"
16701,4020167877,4020167928,1,"IOTHUB_CLIENT_CONFIRMATION_OK"
16702,4020168077,4020168120,1,"IOTHUB_CLIENT_CONFIRMATION_OK"
16703,4020168277,4020168317,1,"IOTHUB_CLIENT_CONFIRMATION_OK"
16704,4020168477,4020168526,1,"IOTHUB_CLIENT_CONFIRMATION_OK"
16705,4020168678,4020168729,1,"IOTHUB_CLIENT_CONFIRMATION_OK"
16706,4020168878,4020168913,1,"IOTHUB_CLIENT_CONFIRMATION_OK"
16707,4020169078,4020169133,1,"IOTHUB_CLIENT_CONFIRMATION_OK"
16708,4020169278,4020169383,1,"IOTHUB_CLIENT_CONFIRMATION_OK"
16709,4020169478,4020169541,1,"IOTHUB_CLIENT_CONFIRMATION_OK"
16710,4020169678,4020169733,1,"IOTHUB_CLIENT_CONFIRMATION_OK"
16711,4020169879,4020170010,1,"IOTHUB_CLIENT_CONFIRMATION_OK"
16712,4020170079,4020170134,1,"IOTHUB_CLIENT_CONFIRMATION_OK"
16713,4020170279,4020170309,1,"IOTHUB_CLIENT_CONFIRMATION_OK"
16714,4020170479,4020170624,1,"IOTHUB_CLIENT_CONFIRMATION_OK"
16715,4020170679,4020170726,1,"IOTHUB_CLIENT_CONFIRMATION_OK"
16716,4020170879,4020170940,1,"IOTHUB_CLIENT_CONFIRMATION_OK"
16717,4020171080,4020171125,1,"IOTHUB_CLIENT_CONFIRMATION_OK"
16718,4020171280,4020171335,1,"IOTHUB_CLIENT_CONFIRMATION_OK"
16719,4020171480,4020171537,1,"IOTHUB_CLIENT_CONFIRMATION_OK"
16720,4020171680,4020171722,1,"IOTHUB_CLIENT_CONFIRMATION_OK"
16721,4020171880,4020171921,1,"IOTHUB_CLIENT_CONFIRMATION_OK"
16722,4020172080,4020172131,1,"IOTHUB_CLIENT_CONFIRMATION_OK"
16723,4020172280,4020172361,1,"IOTHUB_CLIENT_CONFIRMATION_OK"
16724,4020172481,4020172522,1,"IOTHUB_CLIENT_CONFIRMATION_OK"
16725,4020172681,4020172722,1,"IOTHUB_CLIENT_CONFIRMATION_OK"
16726,4020172881,4020172961,1,"IOTHUB_CLIENT_CONFIRMATION_OK"
16727,4020173081,4020173152,1,"IOTHUB_CLIENT_CONFIRMATION_OK"
16728,4020173281,4020173336,1,"IOTHUB_CLIENT_CONFIRMATION_OK"
16729,4020173481,4020173543,1,"IOTHUB_CLIENT_CONFIRMATION_OK"
16730,4020173682,4020173721,1,"IOTHUB_CLIENT_CONFIRMATION_OK"
16731,4020173882,4020173926,1,"IOTHUB_CLIENT_CONFIRMATION_OK"
16732,4020174082,4020174146,1,"IOTHUB_CLIENT_CONFIRMATION_OK"
16733,4020174282,4020174332,1,"IOTHUB_CLIENT_CONFIRMATION_OK"
16734,4020174482,4020174563,1,"IOTHUB_CLIENT_CONFIRMATION_OK"
16735,4020174682,4020174732,1,"IOTHUB_CLIENT_CONFIRMATION_OK"
16736,4020174883,4020174936,1,"IOTHUB_CLIENT_CONFIRMATION_OK"
16737,4020175083,4020175202,1,"IOTHUB_CLIENT_CONFIRMATION_OK"
16738,4020175283,4020175323,1,"IOTHUB_CLIENT_CONFIRMATION_OK"
16739,4020175483,4020175542,1,"IOTHUB_CLIENT_CONFIRMATION_OK"
16740,4020175683,4020175816,1,"IOTHUB_CLIENT_CONFIRMATION_OK"
16741,4020175883,4020175939,1,"IOTHUB_CLIENT_CONFIRMATION_OK"
16742,4020176083,4020176153,1,"IOTHUB_CLIENT_CONFIRMATION_OK"
16743,4020176284,4020176436,1,"IOTHUB_CLIENT_CONFIRMATION_OK"
16744,4020176484,4020176529,1,"IOTHUB_CLIENT_CONFIRMATION_OK"
16745,4020176684,4020176738,1,"IOTHUB_CLIENT_CONFIRMATION_OK"
16746,4020176884,4020176925,1,"IOTHUB_CLIENT_CONFIRMATION_OK"
16747,4020177084,4020177123,1,"IOTHUB_CLIENT_CONFIRMATION_OK"
16748,4020177284,4020177342,1,"IOTHUB_CLIENT_CONFIRMATION_OK"
16749,4020177485,4020177627,1,"IOTHUB_CLIENT_CONFIRMATION_OK"
16750,4020177685,4020177766,1,"IOTHUB_CLIENT_CONFIRMATION_OK"
16751,4020177885,4020177926,1,"IOTHUB_CLIENT_CONFIRMATION_OK"
16752,4020178085,4020178140,1,"IOTHUB_CLIENT_CONFIRMATION_OK"
16753,4020178285,4020178329,1,"IOTHUB_CLIENT_CONFIRMATION_OK"
16754,4020178485,4020178603,1,"IOTHUB_CLIENT_CONFIRMATION_OK"
16755,4020178685,4020178739,1,"IOTHUB_CLIENT_CONFIRMATION_OK"
16756,4020178886,4020179066,1,"IOTHUB_CLIENT_CONFIRMATION_OK"
16757,4020179086,4020179159,1,"IOTHUB_CLIENT_CONFIRMATION_OK"
16758,4020179286,4020179331,1,"IOTHUB_CLIENT_CONFIRMATION_OK"
16759,4020179486,4020179527,1,"IOTHUB_CLIENT_CONFIRMATION_OK"
16760,4020179686,4020179734,1,"IOTHUB_CLIENT_CONFIRMATION_OK"
16761,4020179886,4020179928,1,"IOTHUB_CLIENT_CONFIRMATION_OK"
16762,4020180087,4020180143,1,"IOTHUB_CLIENT_CONFIRMATION_OK"
16763,4020180287,4020180344,1,"IOTHUB_CLIENT_CONFIRMATION_OK"
16764,4020180487,4020180524,1,"IOTHUB_CLIENT_CONFIRMATION_OK"
16765,4020180687,4020180738,1,"IOTHUB_CLIENT_CONFIRMATION_OK"
16766,4020180887,4020180941,1,"IOTHUB_CLIENT_CONFIRMATION_OK"
16767,4020181087,4020181140,1,"IOTHUB_CLIENT_CONFIRMATION_OK"
16768,4020181288,4020181337,1,"IOTHUB_CLIENT_CONFIRMATION_OK"
16769,4020181488,4020181551,1,"IOTHUB_CLIENT_CONFIRMATION_OK"
16770,4020181688,4020181743,1,"IOTHUB_CLIENT_CONFIRMATION_OK"
16771,4020181888,4020181939,1,"IOTHUB_CLIENT_CONFIRMATION_OK"
16772,4020182088,4020182156,1,"IOTHUB_CLIENT_CONFIRMATION_OK"
16773,4020182288,4020182326,1,"IOTHUB_CLIENT_CONFIRMATION_OK"
16774,4020182488,4020182535,1,"IOTHUB_CLIENT_CONFIRMATION_OK"
16775,4020182689,4020182737,1,"IOTHUB_CLIENT_CONFIRMATION_OK"
16776,4020182889,4020182943,1,"IOTHUB_CLIENT_CONFIRMATION_OK"
16777,4020183089,4020183121,1,"IOTHUB_CLIENT_CONFIRMATION_OK"
16778,4020183289,4020183345,1,"IOTHUB_CLIENT_CONFIRMATION_OK"
16779,4020183489,4020183544,1,"IOTHUB_CLIENT_CONFIRMATION_OK"
16780,4020183689,4020183771,1,"IOTHUB_CLIENT_CONFIRMATION_OK"
16781,4020183890,4020183955,1,"IOTHUB_CLIENT_CONFIRMATION_OK"
16782,4020184090,4020184243,1,"IOTHUB_CLIENT_CONFIRMATION_OK"
16783,4020184290,4020184337,1,"IOTHUB_CLIENT_CONFIRMATION_OK"
16784,4020184490,4020184542,1,"IOTHUB_CLIENT_CONFIRMATION_OK"
16785,4020184690,4020184764,1,"IOTHUB_CLIENT_CONFIRMATION_OK"
16786,4020184890,4020184965,1,"IOTHUB_CLIENT_CONFIRMATION_OK"
16787,4020185090,4020185167,1,"IOTHUB_CLIENT_CONFIRMATION_OK"
16788,4020185291,4020185343,1,"IOTHUB_CLIENT_CONFIRMATION_OK"
16789,4020185491,4020185542,1,"IOTHUB_CLIENT_CONFIRMATION_OK"
16790,4020185691,4020185747,1,"IOTHUB_CLIENT_CONFIRMATION_OK"
16791,4020185891,4020185941,1,"IOTHUB_CLIENT_CONFIRMATION_OK"
16792,4020186091,4020186194,1,"IOTHUB_CLIENT_CONFIRMATION_OK"
16793,4020186291,4020186343,1,"IOTHUB_CLIENT_CONFIRMATION_OK"
16794,4020186492,4020186645,1,"IOTHUB_CLIENT_CONFIRMATION_OK"
16795,4020186692,4020186828,1,"IOTHUB_CLIENT_CONFIRMATION_OK"
16796,4020186892,4020186937,1,"IOTHUB_CLIENT_CONFIRMATION_OK"
16797,4020187092,4020187160,1,"IOTHUB_CLIENT_CONFIRMATION_OK"
16798,4020187292,4020187439,1,"IOTHUB_CLIENT_CONFIRMATION_OK"
16799,4020187492,4020187549,1,"IOTHUB_CLIENT_CONFIRMATION_OK"
16800,4020187692,4020187739,1,"IOTHUB_CLIENT_CONFIRMATION_OK"
16801,4020187893,4020187938,1,"IOTHUB_CLIENT_CONFIRMATION_OK"
16802,4020188093,4020188138,1,"IOTHUB_CLIENT_CONFIRMATION_OK"
16803,4020188293,4020188349,1,"IOTHUB_CLIENT_CONFIRMATION_OK"
16804,4020188493,4020188574,1,"IOTHUB_CLIENT_CONFIRMATION_OK"
16805,4020188693,4020188730,1,"IOTHUB_CLIENT_CONFIRMATION_OK"
16806,4020188893,4020188950,1,"IOTHUB_CLIENT_CONFIRMATION_OK"
16807,4020189093,4020189139,1,"IOTHUB_CLIENT_CONFIRMATION_OK"
16808,4020189294,4020189339,1,"IOTHUB_CLIENT_CONFIRMATION_OK"
16809,4020189494,4020189537,1,"IOTHUB_CLIENT_CONFIRMATION_OK"
16810,4020189694,4020189809,1,"IOTHUB_CLIENT_CONFIRMATION_OK"
16811,4020189894,4020190083,1,"IOTHUB_CLIENT_CONFIRMATION_OK"
16812,4020190094,4020190135,1,"IOTHUB_CLIENT_CONFIRMATION_OK"
16813,4020190294,4020190339,1,"IOTHUB_CLIENT_CONFIRMATION_OK"
16814,4020190495,4020190590,1,"IOTHUB_CLIENT_CONFIRMATION_OK"
16815,4020190695,4020190817,1,"IOTHUB_CLIENT_CONFIRMATION_OK"
16816,4020190895,4020190935,1,"IOTHUB_CLIENT_CONFIRMATION_OK"
16817,4020191095,4020191144,1,"IOTHUB_CLIENT_CONFIRMATION_OK"
16818,4020191295,4020191356,1,"IOTHUB_CLIENT_CONFIRMATION_OK"
16819,4020191495,4020191540,1,"IOTHUB_CLIENT_CONFIRMATION_OK"
16820,4020191695,4020191737,1,"IOTHUB_CLIENT_CONFIRMATION_OK"
16821,4020191896,4020191946,1,"IOTHUB_CLIENT_CONFIRMATION_OK"
16822,4020192096,4020192150,1,"IOTHUB_CLIENT_CONFIRMATION_OK"
16823,4020192296,4020192341,1,"IOTHUB_CLIENT_CONFIRMATION_OK"
16824,4020192496,4020192648,1,"IOTHUB_CLIENT_CONFIRMATION_OK"
16825,4020192696,4020192750,1,"IOTHUB_CLIENT_CONFIRMATION_OK"
16826,4020192896,4020192934,1,"IOTHUB_CLIENT_CONFIRMATION_OK"
16827,4020193096,4020193243,1,"IOTHUB_CLIENT_CONFIRMATION_OK"
16828,4020193297,4020193344,1,"IOTHUB_CLIENT_CONFIRMATION_OK"
16829,4020193497,4020193544,1,"IOTHUB_CLIENT_CONFIRMATION_OK"
16830,4020193697,4020193742,1,"IOTHUB_CLIENT_CONFIRMATION_OK"
16831,4020193897,4020193932,1,"IOTHUB_CLIENT_CONFIRMATION_OK"
16832,4020194097,4020194611,1,"IOTHUB_CLIENT_CONFIRMATION_OK"
16833,4020194297,4020194723,1,"IOTHUB_CLIENT_CONFIRMATION_OK"
16834,4020194498,4020194786,1,"IOTHUB_CLIENT_CONFIRMATION_OK"
16835,4020194698,4020194849,1,"IOTHUB_CLIENT_CONFIRMATION_OK"
16836,4020194898,4020194959,1,"IOTHUB_CLIENT_CONFIRMATION_OK"
16837,4020195098,4020195202,1,"IOTHUB_CLIENT_CONFIRMATION_OK"
16838,4020195298,4020195347,1,"IOTHUB_CLIENT_CONFIRMATION_OK"
16839,4020195498,4020195569,1,"IOTHUB_CLIENT_CONFIRMATION_OK"
16840,4020195699,4020195887,1,"IOTHUB_CLIENT_CONFIRMATION_OK"
16841,4020195899,4020195942,1,"IOTHUB_CLIENT_CONFIRMATION_OK"
16842,4020196099,4020196144,1,"IOTHUB_CLIENT_CONFIRMATION_OK"
16843,4020196299,4020196472,1,"IOTHUB_CLIENT_CONFIRMATION_OK"
16844,4020196499,4020196540,1,"IOTHUB_CLIENT_CONFIRMATION_OK"
16845,4020196699,4020196780,1,"IOTHUB_CLIENT_CONFIRMATION_OK"
16846,4020196899,4020197042,1,"IOTHUB_CLIENT_CONFIRMATION_OK"
16847,4020197100,4020197154,1,"IOTHUB_CLIENT_CONFIRMATION_OK"
16848,4020197300,4020197366,1,"IOTHUB_CLIENT_CONFIRMATION_OK"
16849,4020197500,4020197551,1,"IOTHUB_CLIENT_CONFIRMATION_OK"
16850,4020197700,4020197742,1,"IOTHUB_CLIENT_CONFIRMATION_OK"
16851,4020197900,4020197990,1,"IOTHUB_CLIENT_CONFIRMATION_OK"
16852,4020198100,4020198162,1,"IOTHUB_CLIENT_CONFIRMATION_OK"
16853,4020198300,4020198353,1,"IOTHUB_CLIENT_CONFIRMATION_OK"
16854,4020198501,4020198547,1,"IOTHUB_CLIENT_CONFIRMATION_OK"
16855,4020198701,4020198751,1,"IOTHUB_CLIENT_CONFIRMATION_OK"
16856,4020198901,4020198944,1,"IOTHUB_CLIENT_CONFIRMATION_OK"
16857,4020199101,4020199144,1,"IOTHUB_CLIENT_CONFIRMATION_OK"
16858,4020199301,4020199361,1,"IOTHUB_CLIENT_CONFIRMATION_OK"
16859,4020199501,4020199547,1,"IOTHUB_CLIENT_CONFIRMATION_OK"
16860,4020199701,4020199749,1,"IOTHUB_CLIENT_CONFIRMATION_OK"
16861,4020199902,4020199951,1,"IOTHUB_CLIENT_CONFIRMATION_OK"
16862,4020200102,4020200145,1,"IOTHUB_CLIENT_CONFIRMATION_OK"
16863,4020200302,4020200359,1,"IOTHUB_CLIENT_CONFIRMATION_OK"
16864,4020200502,4020200558,1,"IOTHUB_CLIENT_CONFIRMATION_OK"
16865,4020200702,4020200884,1,"IOTHUB_CLIENT_CONFIRMATION_OK"
16866,4020200902,4020201018,1,"IOTHUB_CLIENT_CONFIRMATION_OK"
16867,4020201103,4020201141,1,"IOTHUB_CLIENT_CONFIRMATION_OK"
16868,4020201303,4020201350,1,"IOTHUB_CLIENT_CONFIRMATION_OK"
16869,4020201503,4020201587,1,"IOTHUB_CLIENT_CONFIRMATION_OK"
16870,4020201703,4020201744,1,"IOTHUB_CLIENT_CONFIRMATION_OK"
16871,4020201903,4020201948,1,"IOTHUB_CLIENT_CONFIRMATION_OK"
16872,4020202103,4020202391,1,"IOTHUB_CLIENT_CONFIRMATION_OK"
16873,4020202303,4020202412,1,"IOTHUB_CLIENT_CONFIRMATION_OK"
16874,4020202504,4020202562,1,"IOTHUB_CLIENT_CONFIRMATION_OK"
16875,4020202704,4020202755,1,"IOTHUB_CLIENT_CONFIRMATION_OK"
16876,4020202904,4020202944,1,"IOTHUB_CLIENT_CONFIRMATION_OK"
16877,4020203104,4020203153,1,"IOTHUB_CLIENT_CONFIRMATION_OK"
16878,4020203304,4020203360,1,"IOTHUB_CLIENT_CONFIRMATION_OK"
16879,4020203504,4020203618,1,"IOTHUB_CLIENT_CONFIRMATION_OK"
16880,4020203704,4020203750,1,"IOTHUB_CLIENT_CONFIRMATION_OK"
16881,4020203905,4020203951,1,"IOTHUB_CLIENT_CONFIRMATION_OK"
16882,4020204105,4020204257,1,"IOTHUB_CLIENT_CONFIRMATION_OK"
16883,4020204305,4020204346,1,"IOTHUB_CLIENT_CONFIRMATION_OK"
16884,4020204505,4020204554,1,"IOTHUB_CLIENT_CONFIRMATION_OK"
16885,4020204705,4020204866,1,"IOTHUB_CLIENT_CONFIRMATION_OK"
16886,4020204905,4020204948,1,"IOTHUB_CLIENT_CONFIRMATION_OK"
16887,4020205106,4020205146,1,"IOTHUB_CLIENT_CONFIRMATION_OK"
16888,4020205306,4020205351,1,"IOTHUB_CLIENT_CONFIRMATION_OK"
16889,4020205506,4020205557,1,"IOTHUB_CLIENT_CONFIRMATION_OK"
16890,4020205706,4020205755,1,"IOTHUB_CLIENT_CONFIRMATION_OK"
16891,4020205906,4020205953,1,"IOTHUB_CLIENT_CONFIRMATION_OK"
16892,4020206106,4020206173,1,"IOTHUB_CLIENT_CONFIRMATION_OK"
16893,4020206307,4020206362,1,"IOTHUB_CLIENT_CONFIRMATION_OK"
16894,4020206507,4020206553,1,"IOTHUB_CLIENT_CONFIRMATION_OK"
16895,4020206707,4020206750,1,"IOTHUB_CLIENT_CONFIRMATION_OK"
16896,4020206907,4020207071,1,"IOTHUB_CLIENT_CONFIRMATION_OK"
16897,4020207107,4020207162,1,"IOTHUB_CLIENT_CONFIRMATION_OK"
16898,4020207307,4020207358,1,"IOTHUB_CLIENT_CONFIRMATION_OK"
16899,4020207508,4020207552,1,"IOTHUB_CLIENT_CONFIRMATION_OK"
16900,4020207708,4020207759,1,"IOTHUB_CLIENT_CONFIRMATION_OK"
16901,4020207908,4020207969,1,"IOTHUB_CLIENT_CONFIRMATION_OK"
16902,4020208108,4020208250,1,"IOTHUB_CLIENT_CONFIRMATION_OK"
16903,4020208308,4020208358,1,"IOTHUB_CLIENT_CONFIRMATION_OK"
16904,4020208508,4020208542,1,"IOTHUB_CLIENT_CONFIRMATION_OK"
16905,4020208708,4020208757,1,"IOTHUB_CLIENT_CONFIRMATION_OK"
16906,4020208909,4020208965,1,"IOTHUB_CLIENT_CONFIRMATION_OK"
16907,4020209109,4020209192,1,"IOTHUB_CLIENT_CONFIRMATION_OK"
16908,4020209309,4020209362,1,"IOTHUB_CLIENT_CONFIRMATION_OK"
16909,4020209509,4020209570,1,"IOTHUB_CLIENT_CONFIRMATION_OK"
16910,4020209709,4020209757,1,"IOTHUB_CLIENT_CONFIRMATION_OK"
16911,4020209909,4020209975,1,"IOTHUB_CLIENT_CONFIRMATION_OK"
16912,4020210109,4020210156,1,"IOTHUB_CLIENT_CONFIRMATION_OK"
16913,4020210310,4020210362,1,"IOTHUB_CLIENT_CONFIRMATION_OK"
16914,4020210510,4020210594,1,"IOTHUB_CLIENT_CONFIRMATION_OK"
16915,4020210710,4020210747,1,"IOTHUB_CLIENT_CONFIRMATION_OK"
16916,4020210910,4020210954,1,"IOTHUB_CLIENT_CONFIRMATION_OK"
16917,4020211110,4020211159,1,"IOTHUB_CLIENT_CONFIRMATION_OK"
16918,4020211310,4020211367,1,"IOTHUB_CLIENT_CONFIRMATION_OK"
16919,4020211511,4020211554,1,"IOTHUB_CLIENT_CONFIRMATION_OK"
16920,4020211711,4020211767,1,"IOTHUB_CLIENT_CONFIRMATION_OK"
16921,4020211911,4020211958,1,"IOTHUB_CLIENT_CONFIRMATION_OK"
16922,4020212111,4020212205,1,"IOTHUB_CLIENT_CONFIRMATION_OK"
16923,4020212311,4020212436,1,"IOTHUB_CLIENT_CONFIRMATION_OK"
16924,4020212511,4020212697,1,"IOTHUB_CLIENT_CONFIRMATION_OK"
16925,4020212712,4020212757,1,"IOTHUB_CLIENT_CONFIRMATION_OK"
16926,4020212912,4020212959,1,"IOTHUB_CLIENT_CONFIRMATION_OK"
16927,4020213112,4020213312,1,"IOTHUB_CLIENT_CONFIRMATION_OK"
16928,4020213312,4020213353,1,"IOTHUB_CLIENT_CONFIRMATION_OK"
16929,4020213512,4020213558,1,"IOTHUB_CLIENT_CONFIRMATION_OK"
16930,4020213712,4020213798,1,"IOTHUB_CLIENT_CONFIRMATION_OK"
16931,4020213912,4020213963,1,"IOTHUB_CLIENT_CONFIRMATION_OK"
16932,4020214113,4020214157,1,"IOTHUB_CLIENT_CONFIRMATION_OK"
16933,4020214313,4020214373,1,"IOTHUB_CLIENT_CONFIRMATION_OK"
16934,4020214513,4020214579,1,"IOTHUB_CLIENT_CONFIRMATION_OK"
16935,4020214713,4020214771,1,"IOTHUB_CLIENT_CONFIRMATION_OK"
16936,4020214913,4020214953,1,"IOTHUB_CLIENT_CONFIRMATION_OK"
16937,4020215113,4020215157,1,"IOTHUB_CLIENT_CONFIRMATION_OK"
16938,4020215314,4020215409,1,"IOTHUB_CLIENT_CONFIRMATION_OK"
16939,4020215514,4020215552,1,"IOTHUB_CLIENT_CONFIRMATION_OK"
16940,4020215714,4020215758,1,"IOTHUB_CLIENT_CONFIRMATION_OK"
16941,4020215914,4020216030,1,"IOTHUB_CLIENT_CONFIRMATION_OK"
16942,4020216114,4020216159,1,"IOTHUB_CLIENT_CONFIRMATION_OK"
16943,4020216314,4020216441,1,"IOTHUB_CLIENT_CONFIRMATION_OK"
16944,4020216515,4020216584,1,"IOTHUB_CLIENT_CONFIRMATION_OK"
16945,4020216715,4020216768,1,"IOTHUB_CLIENT_CONFIRMATION_OK"
16946,4020216915,4020216959,1,"IOTHUB_CLIENT_CONFIRMATION_OK"
16947,4020217115,4020217165,1,"IOTHUB_CLIENT_CONFIRMATION_OK"
16948,4020217315,4020217422,1,"IOTHUB_CLIENT_CONFIRMATION_OK"
16949,4020217515,4020217556,1,"IOTHUB_CLIENT_CONFIRMATION_OK"
16950,4020217715,4020217843,1,"IOTHUB_CLIENT_CONFIRMATION_OK"
16951,4020217916,4020217955,1,"IOTHUB_CLIENT_CONFIRMATION_OK"
16952,4020218116,4020218187,1,"IOTHUB_CLIENT_CONFIRMATION_OK"
16953,4020218316,4020218461,1,"IOTHUB_CLIENT_CONFIRMATION_OK"
16954,4020218516,4020218560,1,"IOTHUB_CLIENT_CONFIRMATION_OK"
16955,4020218716,4020218764,1,"IOTHUB_CLIENT_CONFIRMATION_OK"
16956,4020218916,4020219078,1,"IOTHUB_CLIENT_CONFIRMATION_OK"
16957,4020219117,4020219153,1,"IOTHUB_CLIENT_CONFIRMATION_OK"
16958,4020219317,4020219358,1,"IOTHUB_CLIENT_CONFIRMATION_OK"
16959,4020219517,4020219638,1,"IOTHUB_CLIENT_CONFIRMATION_OK"
16960,4020219717,4020219799,1,"IOTHUB_CLIENT_CONFIRMATION_OK"
16961,4020219917,4020219962,1,"IOTHUB_CLIENT_CONFIRMATION_OK"
16962,4020220117,4020220173,1,"IOTHUB_CLIENT_CONFIRMATION_OK"
16963,4020220318,4020220397,1,"IOTHUB_CLIENT_CONFIRMATION_OK"
16964,4020220518,4020220558,1,"IOTHUB_CLIENT_CONFIRMATION_OK"
16965,4020220718,4020220760,1,"IOTHUB_CLIENT_CONFIRMATION_OK"
16966,4020220918,4020220969,1,"IOTHUB_CLIENT_CONFIRMATION_OK"
16967,4020221118,4020221178,1,"IOTHUB_CLIENT_CONFIRMATION_OK"
16968,4020221318,4020221428,1,"IOTHUB_CLIENT_CONFIRMATION_OK"
16969,4020221519,4020221712,1,"IOTHUB_CLIENT_CONFIRMATION_OK"
16970,4020221719,4020221756,1,"IOTHUB_CLIENT_CONFIRMATION_OK"
16971,4020221919,4020221959,1,"IOTHUB_CLIENT_CONFIRMATION_OK"
16972,4020222119,4020222363,1,"IOTHUB_CLIENT_CONFIRMATION_OK"
16973,4020222319,4020222374,1,"IOTHUB_CLIENT_CONFIRMATION_OK"
16974,4020222519,4020222577,1,"IOTHUB_CLIENT_CONFIRMATION_OK"
16975,4020222719,4020222765,1,"IOTHUB_CLIENT_CONFIRMATION_OK"
16976,4020222920,4020222960,1,"IOTHUB_CLIENT_CONFIRMATION_OK"
16977,4020223120,4020223161,1,"IOTHUB_CLIENT_CONFIRMATION_OK"
16978,4020223320,4020223365,1,"IOTHUB_CLIENT_CONFIRMATION_OK"
16979,4020223520,4020223567,1,"IOTHUB_CLIENT_CONFIRMATION_OK"
16980,4020223720,4020223782,1,"IOTHUB_CLIENT_CONFIRMATION_OK"
16981,4020223920,4020223964,1,"IOTHUB_CLIENT_CONFIRMATION_OK"
16982,4020224121,4020224180,1,"IOTHUB_CLIENT_CONFIRMATION_OK"
16983,4020224321,4020224365,1,"IOTHUB_CLIENT_CONFIRMATION_OK"
16984,4020224521,4020224590,1,"IOTHUB_CLIENT_CONFIRMATION_OK"
16985,4020224721,4020224792,1,"IOTHUB_CLIENT_CONFIRMATION_OK"
16986,4020224921,4020224972,1,"IOTHUB_CLIENT_CONFIRMATION_OK"
16987,4020225121,4020225158,1,"IOTHUB_CLIENT_CONFIRMATION_OK"
16988,4020225321,4020225368,1,"IOTHUB_CLIENT_CONFIRMATION_OK"
16989,4020225522,4020225577,1,"IOTHUB_CLIENT_CONFIRMATION_OK"
16990,4020225722,4020225776,1,"IOTHUB_CLIENT_CONFIRMATION_OK"
16991,4020225922,4020225966,1,"IOTHUB_CLIENT_CONFIRMATION_OK"
16992,4020226122,4020226214,1,"IOTHUB_CLIENT_CONFIRMATION_OK"
16993,4020226322,4020226370,1,"IOTHUB_CLIENT_CONFIRMATION_OK"
16994,4020226522,4020226592,1,"IOTHUB_CLIENT_CONFIRMATION_OK"
16995,4020226722,4020226815,1,"IOTHUB_CLIENT_CONFIRMATION_OK"
16996,4020226923,4020226989,1,"IOTHUB_CLIENT_CONFIRMATION_OK"
16997,4020227123,4020227191,1,"IOTHUB_CLIENT_CONFIRMATION_OK"
16998,4020227323,4020227422,1,"IOTHUB_CLIENT_CONFIRMATION_OK"
16999,4020227523,4020227577,1,"IOTHUB_CLIENT_CONFIRMATION_OK"
17000,4020227723,4020227764,1,"IOTHUB_CLIENT_CONFIRMATION_OK"
17001,4020227923,4020227969,1,"IOTHUB_CLIENT_CONFIRMATION_OK"
17002,4020228124,4020228172,1,"IOTHUB_CLIENT_CONFIRMATION_OK"
17003,4020228324,4020228380,1,"IOTHUB_CLIENT_CONFIRMATION_OK"
17004,4020228524,4020228570,1,"IOTHUB_CLIENT_CONFIRMATION_OK"
17005,4020228724,4020228791,1,"IOTHUB_CLIENT_CONFIRMATION_OK"
17006,4020228924,4020228980,1,"IOTHUB_CLIENT_CONFIRMATION_OK"
17007,4020229124,4020229157,1,"IOTHUB_CLIENT_CONFIRMATION_OK"
17008,4020229324,4020229369,1,"IOTHUB_CLIENT_CONFIRMATION_OK"
17009,4020229525,4020229587,1,"IOTHUB_CLIENT_CONFIRMATION_OK"
17010,4020229725,4020229770,1,"IOTHUB_CLIENT_CONFIRMATION_OK"
17011,4020229925,4020230088,1,"IOTHUB_CLIENT_CONFIRMATION_OK"
17012,4020230125,4020230190,1,"IOTHUB_CLIENT_CONFIRMATION_OK"
17013,4020230325,4020230375,1,"IOTHUB_CLIENT_CONFIRMATION_OK"
17014,4020230525,4020230678,1,"IOTHUB_CLIENT_CONFIRMATION_OK"
17015,4020230726,4020230791,1,"IOTHUB_CLIENT_CONFIRMATION_OK"
17016,4020230926,4020230966,1,"IOTHUB_CLIENT_CONFIRMATION_OK"
17017,4020231126,4020231168,1,"IOTHUB_CLIENT_CONFIRMATION_OK"
17018,4020231326,4020231421,1,"IOTHUB_CLIENT_CONFIRMATION_OK"
17019,4020231526,4020231566,1,"IOTHUB_CLIENT_CONFIRMATION_OK"
17020,4020231726,4020231777,1,"IOTHUB_CLIENT_CONFIRMATION_OK"
17021,4020231927,4020231978,1,"IOTHUB_CLIENT_CONFIRMATION_OK"
17022,4020232127,4020232180,1,"IOTHUB_CLIENT_CONFIRMATION_OK"
17023,4020232327,4020232384,1,"IOTHUB_CLIENT_CONFIRMATION_OK"
17024,4020232527,4020232564,1,"IOTHUB_CLIENT_CONFIRMATION_OK"
17025,4020232727,4020232771,1,"IOTHUB_CLIENT_CONFIRMATION_OK"
17026,4020232927,4020232977,1,"IOTHUB_CLIENT_CONFIRMATION_OK"
17027,4020233127,4020233331,1,"IOTHUB_CLIENT_CONFIRMATION_OK"
17028,4020233328,4020233372,1,"IOTHUB_CLIENT_CONFIRMATION_OK"
17029,4020233528,4020233584,1,"IOTHUB_CLIENT_CONFIRMATION_OK"
17030,4020233728,4020233789,1,"IOTHUB_CLIENT_CONFIRMATION_OK"
17031,4020233928,4020233988,1,"IOTHUB_CLIENT_CONFIRMATION_OK"
17032,4020234128,4020234183,1,"IOTHUB_CLIENT_CONFIRMATION_OK"
17033,4020234328,4020234384,1,"IOTHUB_CLIENT_CONFIRMATION_OK"
17034,4020234529,4020234737,1,"IOTHUB_CLIENT_CONFIRMATION_OK"
17035,4020234729,4020234768,1,"IOTHUB_CLIENT_CONFIRMATION_OK"
17036,4020234929,4020234975,1,"IOTHUB_CLIENT_CONFIRMATION_OK"
17037,4020235129,4020235171,1,"IOTHUB_CLIENT_CONFIRMATION_OK"
17038,4020235329,4020235412,1,"IOTHUB_CLIENT_CONFIRMATION_OK"
17039,4020235529,4020235579,1,"IOTHUB_CLIENT_CONFIRMATION_OK"
17040,4020235729,4020235778,1,"IOTHUB_CLIENT_CONFIRMATION_OK"
17041,4020235930,4020235987,1,"IOTHUB_CLIENT_CONFIRMATION_OK"
17042,4020236130,4020236186,1,"IOTHUB_CLIENT_CONFIRMATION_OK"
17043,4020236330,4020236526,1,"IOTHUB_CLIENT_CONFIRMATION_OK"
17044,4020236530,4020236574,1,"IOTHUB_CLIENT_CONFIRMATION_OK"
17045,4020236730,4020236765,1,"IOTHUB_CLIENT_CONFIRMATION_OK"
17046,4020236930,4020236979,1,"IOTHUB_CLIENT_CONFIRMATION_OK"
17047,4020237130,4020237186,1,"IOTHUB_CLIENT_CONFIRMATION_OK"
17048,4020237331,4020237373,1,"IOTHUB_CLIENT_CONFIRMATION_OK"
17049,4020237531,4020237569,1,"IOTHUB_CLIENT_CONFIRMATION_OK"
17050,4020237731,4020237786,1,"IOTHUB_CLIENT_CONFIRMATION_OK"
17051,4020237931,4020237998,1,"IOTHUB_CLIENT_CONFIRMATION_OK"
17052,4020238131,4020238174,1,"IOTHUB_CLIENT_CONFIRMATION_OK"
17053,4020238331,4020238373,1,"IOTHUB_CLIENT_CONFIRMATION_OK"
17054,4020238531,4020238572,1,"IOTHUB_CLIENT_CONFIRMATION_OK"
17055,4020238732,4020238782,1,"IOTHUB_CLIENT_CONFIRMATION_OK"
17056,4020238932,4020238983,1,"IOTHUB_CLIENT_CONFIRMATION_OK"
17057,4020239132,4020239189,1,"IOTHUB_CLIENT_CONFIRMATION_OK"
17058,4020239332,4020239410,1,"IOTHUB_CLIENT_CONFIRMATION_OK"
17059,4020239532,4020239601,1,"IOTHUB_CLIENT_CONFIRMATION_OK"
17060,4020239732,4020239783,1,"IOTHUB_CLIENT_CONFIRMATION_OK"
17061,4020239933,4020239975,1,"IOTHUB_CLIENT_CONFIRMATION_OK"
17062,4020240133,4020240179,1,"IOTHUB_CLIENT_CONFIRMATION_OK"
17063,4020240333,4020240399,1,"IOTHUB_CLIENT_CONFIRMATION_OK"
17064,4020240533,4020240577,1,"IOTHUB_CLIENT_CONFIRMATION_OK"
17065,4020240733,4020240876,1,"IOTHUB_CLIENT_CONFIRMATION_OK"
17066,4020240933,4020241168,1,"IOTHUB_CLIENT_CONFIRMATION_OK"
17067,4020241133,4020241205,1,"IOTHUB_CLIENT_CONFIRMATION_OK"
17068,4020241334,4020241404,1,"IOTHUB_CLIENT_CONFIRMATION_OK"
17069,4020241534,4020241582,1,"IOTHUB_CLIENT_CONFIRMATION_OK"
17070,4020241734,4020241794,1,"IOTHUB_CLIENT_CONFIRMATION_OK"
17071,4020241934,4020241979,1,"IOTHUB_CLIENT_CONFIRMATION_OK"
17072,4020242134,4020242178,1,"IOTHUB_CLIENT_CONFIRMATION_OK"
17073,4020242334,4020242396,1,"IOTHUB_CLIENT_CONFIRMATION_OK"
17074,4020242534,4020242745,1,"IOTHUB_CLIENT_CONFIRMATION_OK"
17075,4020242735,4020242798,1,"IOTHUB_CLIENT_CONFIRMATION_OK"
17076,4020242935,4020242991,1,"IOTHUB_CLIENT_CONFIRMATION_OK"
17077,4020243135,4020243177,1,"IOTHUB_CLIENT_CONFIRMATION_OK"
17078,4020243335,4020243440,1,"IOTHUB_CLIENT_CONFIRMATION_OK"
17079,4020243535,4020243599,1,"IOTHUB_CLIENT_CONFIRMATION_OK"
17080,4020243735,4020243786,1,"IOTHUB_CLIENT_CONFIRMATION_OK"
17081,4020243936,4020243984,1,"IOTHUB_CLIENT_CONFIRMATION_OK"
17082,4020244136,4020244209,1,"IOTHUB_CLIENT_CONFIRMATION_OK"
17083,4020244336,4020244384,1,"IOTHUB_CLIENT_CONFIRMATION_OK"
17084,4020244536,4020244576,1,"IOTHUB_CLIENT_CONFIRMATION_OK"
17085,4020244736,4020244831,1,"IOTHUB_CLIENT_CONFIRMATION_OK"
17086,4020244936,4020244986,1,"IOTHUB_CLIENT_CONFIRMATION_OK"
17087,4020245136,4020245187,1,"IOTHUB_CLIENT_CONFIRMATION_OK"
17088,4020245337,4020245386,1,"IOTHUB_CLIENT_CONFIRMATION_OK"
17089,4020245537,4020245572,1,"IOTHUB_CLIENT_CONFIRMATION_OK"
17090,4020245737,4020245781,1,"IOTHUB_CLIENT_CONFIRMATION_OK"
17091,4020245937,4020245984,1,"IOTHUB_CLIENT_CONFIRMATION_OK"
17092,4020246137,4020246225,1,"IOTHUB_CLIENT_CONFIRMATION_OK"
17093,4020246337,4020246508,1,"IOTHUB_CLIENT_CONFIRMATION_OK"
17094,4020246538,4020246586,1,"IOTHUB_CLIENT_CONFIRMATION_OK"
17095,4020246738,4020246783,1,"IOTHUB_CLIENT_CONFIRMATION_OK"
17096,4020246938,4020246997,1,"IOTHUB_CLIENT_CONFIRMATION_OK"
17097,4020247138,4020247182,1,"IOTHUB_CLIENT_CONFIRMATION_OK"
17098,4020247338,4020247398,1,"IOTHUB_CLIENT_CONFIRMATION_OK"
17099,4020247538,4020247590,1,"IOTHUB_CLIENT_CONFIRMATION_OK"
17100,4020247738,4020247785,1,"IOTHUB_CLIENT_CONFIRMATION_OK"
17101,4020247939,4020247985,1,"IOTHUB_CLIENT_CONFIRMATION_OK"
17102,4020248139,4020248199,1,"IOTHUB_CLIENT_CONFIRMATION_OK"
17103,4020248339,4020248379,1,"IOTHUB_CLIENT_CONFIRMATION_OK"
17104,4020248539,4020248586,1,"IOTHUB_CLIENT_CONFIRMATION_OK"
17105,4020248739,4020248893,1,"IOTHUB_CLIENT_CONFIRMATION_OK"
17106,4020248939,4020249000,1,"IOTHUB_CLIENT_CONFIRMATION_OK"
17107,4020249140,4020249188,1,"IOTHUB_CLIENT_CONFIRMATION_OK"
17108,4020249340,4020249478,1,"IOTHUB_CLIENT_CONFIRMATION_OK"
17109,4020249540,4020249577,1,"IOTHUB_CLIENT_CONFIRMATION_OK"
17110,4020249740,4020249796,1,"IOTHUB_CLIENT_CONFIRMATION_OK"
17111,4020249940,4020250073,1,"IOTHUB_CLIENT_CONFIRMATION_OK"
17112,4020250140,4020250182,1,"IOTHUB_CLIENT_CONFIRMATION_OK"
17113,4020250340,4020250390,1,"IOTHUB_CLIENT_CONFIRMATION_OK"
17114,4020250541,4020250677,1,"IOTHUB_CLIENT_CONFIRMATION_OK"
17115,4020250741,4020250789,1,"IOTHUB_CLIENT_CONFIRMATION_OK"
17116,4020250941,4020251178,1,"IOTHUB_CLIENT_CONFIRMATION_OK"
17117,4020251141,4020251246,1,"IOTHUB_CLIENT_CONFIRMATION_OK"
17118,4020251341,4020251387,1,"IOTHUB_CLIENT_CONFIRMATION_OK"
17119,4020251541,4020251603,1,"IOTHUB_CLIENT_CONFIRMATION_OK"
17120,4020251742,4020251796,1,"IOTHUB_CLIENT_CONFIRMATION_OK"
17121,4020251942,4020252009,1,"IOTHUB_CLIENT_CONFIRMATION_OK"
17122,4020252142,4020252253,1,"IOTHUB_CLIENT_CONFIRMATION_OK"
17123,4020252342,4020252388,1,"IOTHUB_CLIENT_CONFIRMATION_OK"
17124,4020252542,4020252593,1,"IOTHUB_CLIENT_CONFIRMATION_OK"
17125,4020252742,4020252793,1,"IOTHUB_CLIENT_CONFIRMATION_OK"
17126,4020252943,4020252996,1,"IOTHUB_CLIENT_CONFIRMATION_OK"
17127,4020253143,4020253372,1,"IOTHUB_CLIENT_CONFIRMATION_OK"
17128,4020253343,4020253400,1,"IOTHUB_CLIENT_CONFIRMATION_OK"
17129,4020253543,4020253595,1,"IOTHUB_CLIENT_CONFIRMATION_OK"
17130,4020253743,4020253944,1,"IOTHUB_CLIENT_CONFIRMATION_OK"
17131,4020253943,4020253987,1,"IOTHUB_CLIENT_CONFIRMATION_OK"
17132,4020254143,4020254178,1,"IOTHUB_CLIENT_CONFIRMATION_OK"
17133,4020254344,4020254388,1,"IOTHUB_CLIENT_CONFIRMATION_OK"
17134,4020254544,4020254629,1,"IOTHUB_CLIENT_CONFIRMATION_OK"
17135,4020254744,4020254829,1,"IOTHUB_CLIENT_CONFIRMATION_OK"
17136,4020254944,4020254988,1,"IOTHUB_CLIENT_CONFIRMATION_OK"
17137,4020255144,4020255186,1,"IOTHUB_CLIENT_CONFIRMATION_OK"
17138,4020255344,4020255401,1,"IOTHUB_CLIENT_CONFIRMATION_OK"
17139,4020255545,4020255665,1,"IOTHUB_CLIENT_CONFIRMATION_OK"
17140,4020255745,4020255804,1,"IOTHUB_CLIENT_CONFIRMATION_OK"
17141,4020255945,4020255994,1,"IOTHUB_CLIENT_CONFIRMATION_OK"
17142,4020256145,4020256229,1,"IOTHUB_CLIENT_CONFIRMATION_OK"
17143,4020256345,4020256404,1,"IOTHUB_CLIENT_CONFIRMATION_OK"
17144,4020256545,4020256583,1,"IOTHUB_CLIENT_CONFIRMATION_OK"
17145,4020256746,4020256786,1,"IOTHUB_CLIENT_CONFIRMATION_OK"
17146,4020256946,4020257004,1,"IOTHUB_CLIENT_CONFIRMATION_OK"
17147,4020257146,4020257189,1,"IOTHUB_CLIENT_CONFIRMATION_OK"
17148,4020257346,4020257386,1,"IOTHUB_CLIENT_CONFIRMATION_OK"
17149,4020257546,4020257589,1,"IOTHUB_CLIENT_CONFIRMATION_OK"
17150,4020257746,4020257823,1,"IOTHUB_CLIENT_CONFIRMATION_OK"
17151,4020257947,4020257985,1,"IOTHUB_CLIENT_CONFIRMATION_OK"
17152,4020258147,4020258199,1,"IOTHUB_CLIENT_CONFIRMATION_OK"
17153,4020258347,4020258437,1,"IOTHUB_CLIENT_CONFIRMATION_OK"
17154,4020258547,4020258619,1,"IOTHUB_CLIENT_CONFIRMATION_OK"
17155,4020258747,4020258800,1,"IOTHUB_CLIENT_CONFIRMATION_OK"
17156,4020258947,4020259057,1,"IOTHUB_CLIENT_CONFIRMATION_OK"
17157,4020259147,4020259213,1,"IOTHUB_CLIENT_CONFIRMATION_OK"
17158,4020259348,4020259383,1,"IOTHUB_CLIENT_CONFIRMATION_OK"
17159,4020259548,4020259589,1,"IOTHUB_CLIENT_CONFIRMATION_OK"
17160,4020259748,4020259836,1,"IOTHUB_CLIENT_CONFIRMATION_OK"
17161,4020259948,4020259995,1,"IOTHUB_CLIENT_CONFIRMATION_OK"
17162,4020260148,4020260212,1,"IOTHUB_CLIENT_CONFIRMATION_OK"
17163,4020260348,4020260408,1,"IOTHUB_CLIENT_CONFIRMATION_OK"
17164,4020260548,4020260587,1,"IOTHUB_CLIENT_CONFIRMATION_OK"
17165,4020260749,4020260792,1,"IOTHUB_CLIENT_CONFIRMATION_OK"
17166,4020260949,4020261100,1,"IOTHUB_CLIENT_CONFIRMATION_OK"
17167,4020261149,4020261203,1,"IOTHUB_CLIENT_CONFIRMATION_OK"
17168,4020261349,4020261404,1,"IOTHUB_CLIENT_CONFIRMATION_OK"
17169,4020261549,4020261698,1,"IOTHUB_CLIENT_CONFIRMATION_OK"
17170,4020261749,4020261804,1,"IOTHUB_CLIENT_CONFIRMATION_OK"
17171,4020261950,4020261999,1,"IOTHUB_CLIENT_CONFIRMATION_OK"
17172,4020262150,4020262314,1,"IOTHUB_CLIENT_CONFIRMATION_OK"
17173,4020262350,4020262397,1,"IOTHUB_CLIENT_CONFIRMATION_OK"
17174,4020262550,4020262586,1,"IOTHUB_CLIENT_CONFIRMATION_OK"
17175,4020262750,4020262791,1,"IOTHUB_CLIENT_CONFIRMATION_OK"
17176,4020262950,4020263222,1,"IOTHUB_CLIENT_CONFIRMATION_OK"
17177,4020263150,4020263263,1,"IOTHUB_CLIENT_CONFIRMATION_OK"
17178,4020263351,4020263388,1,"IOTHUB_CLIENT_CONFIRMATION_OK"
17179,4020263551,4020263660,1,"IOTHUB_CLIENT_CONFIRMATION_OK"
17180,4020263751,4020263862,1,"IOTHUB_CLIENT_CONFIRMATION_OK"
17181,4020263951,4020263990,1,"IOTHUB_CLIENT_CONFIRMATION_OK"
17182,4020264151,4020264223,1,"IOTHUB_CLIENT_CONFIRMATION_OK"
17183,4020264351,4020264438,1,"IOTHUB_CLIENT_CONFIRMATION_OK"
17184,4020264552,4020264599,1,"IOTHUB_CLIENT_CONFIRMATION_OK"
17185,4020264752,4020264847,1,"IOTHUB_CLIENT_CONFIRMATION_OK"
17186,4020264952,4020265011,1,"IOTHUB_CLIENT_CONFIRMATION_OK"
17187,4020265152,4020265205,1,"IOTHUB_CLIENT_CONFIRMATION_OK"
17188,4020265352,4020265450,1,"IOTHUB_CLIENT_CONFIRMATION_OK"
17189,4020265552,4020265597,1,"IOTHUB_CLIENT_CONFIRMATION_OK"
17190,4020265753,4020265800,1,"IOTHUB_CLIENT_CONFIRMATION_OK"
17191,4020265953,4020266011,1,"IOTHUB_CLIENT_CONFIRMATION_OK"
17192,4020266153,4020266192,1,"IOTHUB_CLIENT_CONFIRMATION_OK"
17193,4020266353,4020266400,1,"IOTHUB_CLIENT_CONFIRMATION_OK"
17194,4020266553,4020266599,1,"IOTHUB_CLIENT_CONFIRMATION_OK"
17195,4020266753,4020267015,1,"IOTHUB_CLIENT_CONFIRMATION_OK"
17196,4020266953,4020267106,1,"IOTHUB_CLIENT_CONFIRMATION_OK"
17197,4020267154,4020267233,1,"IOTHUB_CLIENT_CONFIRMATION_OK"
17198,4020267354,4020267525,1,"IOTHUB_CLIENT_CONFIRMATION_OK"
17199,4020267554,4020267608,1,"IOTHUB_CLIENT_CONFIRMATION_OK"
17200,4020267754,4020267802,1,"IOTHUB_CLIENT_CONFIRMATION_OK"
17201,4020267954,4020268116,1,"IOTHUB_CLIENT_CONFIRMATION_OK"
17202,4020268154,4020268325,1,"IOTHUB_CLIENT_CONFIRMATION_OK"
17203,4020268354,4020268418,1,"IOTHUB_CLIENT_CONFIRMATION_OK"
17204,4020268555,4020268599,1,"IOTHUB_CLIENT_CONFIRMATION_OK"
17205,4020268755,4020268807,1,"IOTHUB_CLIENT_CONFIRMATION_OK"
17206,4020268955,4020269002,1,"IOTHUB_CLIENT_CONFIRMATION_OK"
17207,4020269155,4020269200,1,"IOTHUB_CLIENT_CONFIRMATION_OK"
17208,4020269355,4020269421,1,"IOTHUB_CLIENT_CONFIRMATION_OK"
17209,4020269555,4020269595,1,"IOTHUB_CLIENT_CONFIRMATION_OK"
17210,4020269755,4020269823,1,"IOTHUB_CLIENT_CONFIRMATION_OK"
17211,4020269956,4020270004,1,"IOTHUB_CLIENT_CONFIRMATION_OK"
17212,4020270156,4020270205,1,"IOTHUB_CLIENT_CONFIRMATION_OK"
17213,4020270356,4020270393,1,"IOTHUB_CLIENT_CONFIRMATION_OK"
17214,4020270556,4020270778,1,"IOTHUB_CLIENT_CONFIRMATION_OK"
17215,4020270756,4020270843,1,"IOTHUB_CLIENT_CONFIRMATION_OK"
17216,4020270956,4020270992,1,"IOTHUB_CLIENT_CONFIRMATION_OK"
17217,4020271157,4020271239,1,"IOTHUB_CLIENT_CONFIRMATION_OK"
17218,4020271357,4020271399,1,"IOTHUB_CLIENT_CONFIRMATION_OK"
17219,4020271557,4020271602,1,"IOTHUB_CLIENT_CONFIRMATION_OK"
17220,4020271757,4020271808,1,"IOTHUB_CLIENT_CONFIRMATION_OK"
17221,4020271957,4020271997,1,"IOTHUB_CLIENT_CONFIRMATION_OK"
17222,4020272157,4020272200,1,"IOTHUB_CLIENT_CONFIRMATION_OK"
17223,4020272358,4020272405,1,"IOTHUB_CLIENT_CONFIRMATION_OK"
17224,4020272558,4020272601,1,"IOTHUB_CLIENT_CONFIRMATION_OK"
17225,4020272758,4020272829,1,"IOTHUB_CLIENT_CONFIRMATION_OK"
17226,4020272958,4020273007,1,"IOTHUB_CLIENT_CONFIRMATION_OK"
17227,4020273158,4020273206,1,"IOTHUB_CLIENT_CONFIRMATION_OK"
17228,4020273358,4020273419,1,"IOTHUB_CLIENT_CONFIRMATION_OK"
17229,4020273559,4020273598,1,"IOTHUB_CLIENT_CONFIRMATION_OK"
17230,4020273759,4020273875,1,"IOTHUB_CLIENT_CONFIRMATION_OK"
17231,4020273959,4020273994,1,"IOTHUB_CLIENT_CONFIRMATION_OK"
17232,4020274159,4020274231,1,"IOTHUB_CLIENT_CONFIRMATION_OK"
17233,4020274359,4020274393,1,"IOTHUB_CLIENT_CONFIRMATION_OK"
17234,4020274559,4020274591,1,"IOTHUB_CLIENT_CONFIRMATION_OK"
17235,4020274759,4020274805,1,"IOTHUB_CLIENT_CONFIRMATION_OK"
17236,4020274960,4020275016,1,"IOTHUB_CLIENT_CONFIRMATION_OK"
17237,4020275160,4020275197,1,"IOTHUB_CLIENT_CONFIRMATION_OK"
17238,4020275360,4020275402,1,"IOTHUB_CLIENT_CONFIRMATION_OK"
17239,4020275560,4020275642,1,"IOTHUB_CLIENT_CONFIRMATION_OK"
17240,4020275760,4020275958,1,"IOTHUB_CLIENT_CONFIRMATION_OK"
17241,4020275960,4020276020,1,"IOTHUB_CLIENT_CONFIRMATION_OK"
17242,4020276160,4020276229,1,"IOTHUB_CLIENT_CONFIRMATION_OK"
17243,4020276361,4020276579,1,"IOTHUB_CLIENT_CONFIRMATION_OK"
17244,4020276561,4020276626,1,"IOTHUB_CLIENT_CONFIRMATION_OK"
17245,4020276761,4020276825,1,"IOTHUB_CLIENT_CONFIRMATION_OK"
17246,4020276961,4020277000,1,"IOTHUB_CLIENT_CONFIRMATION_OK"
17247,4020277161,4020277232,1,"IOTHUB_CLIENT_CONFIRMATION_OK"
17248,4020277361,4020277403,1,"IOTHUB_CLIENT_CONFIRMATION_OK"
17249,4020277562,4020277607,1,"IOTHUB_CLIENT_CONFIRMATION_OK"
17250,4020277762,4020277873,1,"IOTHUB_CLIENT_CONFIRMATION_OK"
17251,4020277962,4020278000,1,"IOTHUB_CLIENT_CONFIRMATION_OK"
17252,4020278162,4020278207,1,"IOTHUB_CLIENT_CONFIRMATION_OK"
17253,4020278362,4020278499,1,"IOTHUB_CLIENT_CONFIRMATION_OK"
17254,4020278562,4020278613,1,"IOTHUB_CLIENT_CONFIRMATION_OK"
17255,4020278763,4020278799,1,"IOTHUB_CLIENT_CONFIRMATION_OK"
17256,4020278963,4020279120,1,"IOTHUB_CLIENT_CONFIRMATION_OK"
17257,4020279163,4020279239,1,"IOTHUB_CLIENT_CONFIRMATION_OK"
17258,4020279363,4020279441,1,"IOTHUB_CLIENT_CONFIRMATION_OK"
17259,4020279563,4020279608,1,"IOTHUB_CLIENT_CONFIRMATION_OK"
17260,4020279763,4020279814,1,"IOTHUB_CLIENT_CONFIRMATION_OK"
17261,4020279963,4020280002,1,"IOTHUB_CLIENT_CONFIRMATION_OK"
17262,4020280164,4020280276,1,"IOTHUB_CLIENT_CONFIRMATION_OK"
17263,4020280364,4020280402,1,"IOTHUB_CLIENT_CONFIRMATION_OK"
17264,4020280564,4020280612,1,"IOTHUB_CLIENT_CONFIRMATION_OK"
17265,4020280764,4020280827,1,"IOTHUB_CLIENT_CONFIRMATION_OK"
17266,4020280964,4020281003,1,"IOTHUB_CLIENT_CONFIRMATION_OK"
17267,4020281164,4020281215,1,"IOTHUB_CLIENT_CONFIRMATION_OK"
17268,4020281365,4020281406,1,"IOTHUB_CLIENT_CONFIRMATION_OK"
17269,4020281565,4020281656,1,"IOTHUB_CLIENT_CONFIRMATION_OK"
17270,4020281765,4020281832,1,"IOTHUB_CLIENT_CONFIRMATION_OK"
17271,4020281965,4020282013,1,"IOTHUB_CLIENT_CONFIRMATION_OK"
17272,4020282165,4020282227,1,"IOTHUB_CLIENT_CONFIRMATION_OK"
17273,4020282365,4020282403,1,"IOTHUB_CLIENT_CONFIRMATION_OK"
17274,4020282565,4020282619,1,"IOTHUB_CLIENT_CONFIRMATION_OK"
17275,4020282766,4020282845,1,"IOTHUB_CLIENT_CONFIRMATION_OK"
17276,4020282966,4020283056,1,"IOTHUB_CLIENT_CONFIRMATION_OK"
17277,4020283166,4020283217,1,"IOTHUB_CLIENT_CONFIRMATION_OK"
17278,4020283366,4020283421,1,"IOTHUB_CLIENT_CONFIRMATION_OK"
17279,4020283566,4020283685,1,"IOTHUB_CLIENT_CONFIRMATION_OK"
17280,4020283766,4020283806,1,"IOTHUB_CLIENT_CONFIRMATION_OK"
17281,4020283967,4020284018,1,"IOTHUB_CLIENT_CONFIRMATION_OK"
17282,4020284167,4020284546,1,"IOTHUB_CLIENT_CONFIRMATION_OK"
17283,4020284367,4020284648,1,"IOTHUB_CLIENT_CONFIRMATION_OK"
17284,4020284567,4020284696,1,"IOTHUB_CLIENT_CONFIRMATION_OK"
17285,4020284767,4020284919,1,"IOTHUB_CLIENT_CONFIRMATION_OK"
17286,4020284967,4020285013,1,"IOTHUB_CLIENT_CONFIRMATION_OK"
17287,4020285167,4020285223,1,"IOTHUB_CLIENT_CONFIRMATION_OK"
17288,4020285368,4020285407,1,"IOTHUB_CLIENT_CONFIRMATION_OK"
17289,4020285568,4020285615,1,"IOTHUB_CLIENT_CONFIRMATION_OK"
17290,4020285768,4020285820,1,"IOTHUB_CLIENT_CONFIRMATION_OK"
17291,4020285968,4020286032,1,"IOTHUB_CLIENT_CONFIRMATION_OK"
17292,4020286168,4020286214,1,"IOTHUB_CLIENT_CONFIRMATION_OK"
17293,4020286368,4020286418,1,"IOTHUB_CLIENT_CONFIRMATION_OK"
17294,4020286569,4020286616,1,"IOTHUB_CLIENT_CONFIRMATION_OK"
17295,4020286769,4020287019,1,"IOTHUB_CLIENT_CONFIRMATION_OK"
17296,4020286969,4020287029,1,"IOTHUB_CLIENT_CONFIRMATION_OK"
17297,4020287169,4020287288,1,"IOTHUB_CLIENT_CONFIRMATION_OK"
17298,4020287369,4020287541,1,"IOTHUB_CLIENT_CONFIRMATION_OK"
17299,4020287569,4020287630,1,"IOTHUB_CLIENT_CONFIRMATION_OK"
17300,4020287770,4020287835,1,"IOTHUB_CLIENT_CONFIRMATION_OK"
17301,4020287970,4020288021,1,"IOTHUB_CLIENT_CONFIRMATION_OK"
17302,4020288170,4020288213,1,"IOTHUB_CLIENT_CONFIRMATION_OK"
17303,4020288370,4020288479,1,"IOTHUB_CLIENT_CONFIRMATION_OK"
17304,4020288570,4020288625,1,"IOTHUB_CLIENT_CONFIRMATION_OK"
17305,4020288770,4020288816,1,"IOTHUB_CLIENT_CONFIRMATION_OK"
17306,4020288971,4020289025,1,"IOTHUB_CLIENT_CONFIRMATION_OK"
17307,4020289171,4020289207,1,"IOTHUB_CLIENT_CONFIRMATION_OK"
17308,4020289371,4020289421,1,"IOTHUB_CLIENT_CONFIRMATION_OK"
17309,4020289571,4020289641,1,"IOTHUB_CLIENT_CONFIRMATION_OK"
17310,4020289771,4020289815,1,"IOTHUB_CLIENT_CONFIRMATION_OK"
17311,4020289971,4020290030,1,"IOTHUB_CLIENT_CONFIRMATION_OK"
17312,4020290171,4020290214,1,"IOTHUB_CLIENT_CONFIRMATION_OK"
17313,4020290372,4020290409,1,"IOTHUB_CLIENT_CONFIRMATION_OK"
17314,4020290572,4020290615,1,"IOTHUB_CLIENT_CONFIRMATION_OK"
17315,4020290772,4020290850,1,"IOTHUB_CLIENT_CONFIRMATION_OK"
17316,4020290972,4020291031,1,"IOTHUB_CLIENT_CONFIRMATION_OK"
17317,4020291172,4020291220,1,"IOTHUB_CLIENT_CONFIRMATION_OK"
17318,4020291372,4020291460,1,"IOTHUB_CLIENT_CONFIRMATION_OK"
17319,4020291573,4020291613,1,"IOTHUB_CLIENT_CONFIRMATION_OK"
17320,4020291773,4020291889,1,"IOTHUB_CLIENT_CONFIRMATION_OK"
17321,4020291973,4020292112,1,"IOTHUB_CLIENT_CONFIRMATION_OK"
17322,4020292173,4020292232,1,"IOTHUB_CLIENT_CONFIRMATION_OK"
17323,4020292373,4020292443,1,"IOTHUB_CLIENT_CONFIRMATION_OK"
17324,4020292573,4020292836,1,"IOTHUB_CLIENT_CONFIRMATION_OK"
17325,4020292773,4020292877,1,"IOTHUB_CLIENT_CONFIRMATION_OK"
17326,4020292974,4020293025,1,"IOTHUB_CLIENT_CONFIRMATION_OK"
17327,4020293174,4020293246,1,"IOTHUB_CLIENT_CONFIRMATION_OK"
17328,4020293374,4020293415,1,"IOTHUB_CLIENT_CONFIRMATION_OK"
17329,4020293574,4020293634,1,"IOTHUB_CLIENT_CONFIRMATION_OK"
17330,4020293774,4020293824,1,"IOTHUB_CLIENT_CONFIRMATION_OK"
17331,4020293974,4020294037,1,"IOTHUB_CLIENT_CONFIRMATION_OK"
17332,4020294175,4020294234,1,"IOTHUB_CLIENT_CONFIRMATION_OK"
17333,4020294375,4020294420,1,"IOTHUB_CLIENT_CONFIRMATION_OK"
17334,4020294575,4020294641,1,"IOTHUB_CLIENT_CONFIRMATION_OK"
17335,4020294775,4020294819,1,"IOTHUB_CLIENT_CONFIRMATION_OK"
17336,4020294975,4020295015,1,"IOTHUB_CLIENT_CONFIRMATION_OK"
17337,4020295175,4020295290,1,"IOTHUB_CLIENT_CONFIRMATION_OK"
17338,4020295375,4020295432,1,"IOTHUB_CLIENT_CONFIRMATION_OK"
17339,4020295576,4020295627,1,"IOTHUB_CLIENT_CONFIRMATION_OK"
17340,4020295776,4020295924,1,"IOTHUB_CLIENT_CONFIRMATION_OK"
17341,4020295976,4020296016,1,"IOTHUB_CLIENT_CONFIRMATION_OK"
17342,4020296176,4020296229,1,"IOTHUB_CLIENT_CONFIRMATION_OK"
17343,4020296376,4020296566,1,"IOTHUB_CLIENT_CONFIRMATION_OK"
17344,4020296576,4020296669,1,"IOTHUB_CLIENT_CONFIRMATION_OK"
17345,4020296777,4020296822,1,"IOTHUB_CLIENT_CONFIRMATION_OK"
17346,4020296977,4020297043,1,"IOTHUB_CLIENT_CONFIRMATION_OK"
17347,4020297177,4020297222,1,"IOTHUB_CLIENT_CONFIRMATION_OK"
17348,4020297377,4020297433,1,"IOTHUB_CLIENT_CONFIRMATION_OK"
17349,4020297577,4020297625,1,"IOTHUB_CLIENT_CONFIRMATION_OK"
17350,4020297777,4020297828,1,"IOTHUB_CLIENT_CONFIRMATION_OK"
17351,4020297978,4020298026,1,"IOTHUB_CLIENT_CONFIRMATION_OK"
17352,4020298178,4020298335,1,"IOTHUB_CLIENT_CONFIRMATION_OK"
17353,4020298378,4020298453,1,"IOTHUB_CLIENT_CONFIRMATION_OK"
17354,4020298578,4020298624,1,"IOTHUB_CLIENT_CONFIRMATION_OK"
17355,4020298778,4020298822,1,"IOTHUB_CLIENT_CONFIRMATION_OK"
17356,4020298978,4020299046,1,"IOTHUB_CLIENT_CONFIRMATION_OK"
17357,4020299179,4020299215,1,"IOTHUB_CLIENT_CONFIRMATION_OK"
17358,4020299379,4020299424,1,"IOTHUB_CLIENT_CONFIRMATION_OK"
17359,4020299579,4020299622,1,"IOTHUB_CLIENT_CONFIRMATION_OK"
17360,4020299779,4020299852,1,"IOTHUB_CLIENT_CONFIRMATION_OK"
17361,4020299979,4020300033,1,"IOTHUB_CLIENT_CONFIRMATION_OK"
17362,4020300179,4020300223,1,"IOTHUB_CLIENT_CONFIRMATION_OK"
17363,4020300379,4020300471,1,"IOTHUB_CLIENT_CONFIRMATION_OK"
17364,4020300580,4020300624,1,"IOTHUB_CLIENT_CONFIRMATION_OK"
17365,4020300780,4020300873,1,"IOTHUB_CLIENT_CONFIRMATION_OK"
17366,4020300980,4020301110,1,"IOTHUB_CLIENT_CONFIRMATION_OK"
17367,4020301180,4020301293,1,"IOTHUB_CLIENT_CONFIRMATION_OK"
17368,4020301380,4020301433,1,"IOTHUB_CLIENT_CONFIRMATION_OK"
17369,4020301580,4020301719,1,"IOTHUB_CLIENT_CONFIRMATION_OK"
17370,4020301780,4020301819,1,"IOTHUB_CLIENT_CONFIRMATION_OK"
17371,4020301981,4020302021,1,"IOTHUB_CLIENT_CONFIRMATION_OK"
17372,4020302181,4020302305,1,"IOTHUB_CLIENT_CONFIRMATION_OK"
17373,4020302381,4020302429,1,"IOTHUB_CLIENT_CONFIRMATION_OK"
17374,4020302581,4020302855,1,"IOTHUB_CLIENT_CONFIRMATION_OK"
17375,4020302781,4020303649,1,"IOTHUB_CLIENT_CONFIRMATION_OK"
17376,4020302981,4020303719,1,"IOTHUB_CLIENT_CONFIRMATION_OK"
17377,4020303182,4020303799,1,"IOTHUB_CLIENT_CONFIRMATION_OK"
17378,4020303382,4020303904,1,"IOTHUB_CLIENT_CONFIRMATION_OK"
17379,4020303582,4020303981,1,"IOTHUB_CLIENT_CONFIRMATION_OK"
17380,4020303782,4020304115,1,"IOTHUB_CLIENT_CONFIRMATION_OK"
17381,4020303982,4020304192,1,"IOTHUB_CLIENT_CONFIRMATION_OK"
17382,4020304182,4020304374,1,"IOTHUB_CLIENT_CONFIRMATION_OK"
17383,4020304382,4020304512,1,"IOTHUB_CLIENT_CONFIRMATION_OK"
17384,4020304583,4020304668,1,"IOTHUB_CLIENT_CONFIRMATION_OK"
17385,4020304783,4020304906,1,"IOTHUB_CLIENT_CONFIRMATION_OK"
17386,4020304983,4020305021,1,"IOTHUB_CLIENT_CONFIRMATION_OK"
17387,4020305183,4020305231,1,"IOTHUB_CLIENT_CONFIRMATION_OK"
17388,4020305383,4020305420,1,"IOTHUB_CLIENT_CONFIRMATION_OK"
17389,4020305583,4020305656,1,"IOTHUB_CLIENT_CONFIRMATION_OK"
17390,4020305784,4020305834,1,"IOTHUB_CLIENT_CONFIRMATION_OK"
17391,4020305984,4020306027,1,"IOTHUB_CLIENT_CONFIRMATION_OK"
17392,4020306184,4020306251,1,"IOTHUB_CLIENT_CONFIRMATION_OK"
17393,4020306384,4020306430,1,"IOTHUB_CLIENT_CONFIRMATION_OK"
17394,4020306584,4020306637,1,"IOTHUB_CLIENT_CONFIRMATION_OK"
17395,4020306784,4020306827,1,"IOTHUB_CLIENT_CONFIRMATION_OK"
17396,4020306984,4020307029,1,"IOTHUB_CLIENT_CONFIRMATION_OK"
17397,4020307185,4020307234,1,"IOTHUB_CLIENT_CONFIRMATION_OK"
17398,4020307385,4020307564,1,"IOTHUB_CLIENT_CONFIRMATION_OK"
17399,4020307585,4020307640,1,"IOTHUB_CLIENT_CONFIRMATION_OK"
17400,4020307785,4020307837,1,"IOTHUB_CLIENT_CONFIRMATION_OK"
17401,4020307985,4020308047,1,"IOTHUB_CLIENT_CONFIRMATION_OK"
17402,4020308185,4020308224,1,"IOTHUB_CLIENT_CONFIRMATION_OK"
17403,4020308386,4020308533,1,"IOTHUB_CLIENT_CONFIRMATION_OK"
17404,4020308586,4020308632,1,"IOTHUB_CLIENT_CONFIRMATION_OK"
17405,4020308786,4020308833,1,"IOTHUB_CLIENT_CONFIRMATION_OK"
17406,4020308986,4020309032,1,"IOTHUB_CLIENT_CONFIRMATION_OK"
17407,4020309186,4020309247,1,"IOTHUB_CLIENT_CONFIRMATION_OK"
17408,4020309386,4020309426,1,"IOTHUB_CLIENT_CONFIRMATION_OK"
17409,4020309587,4020309640,1,"IOTHUB_CLIENT_CONFIRMATION_OK"
17410,4020309787,4020309848,1,"IOTHUB_CLIENT_CONFIRMATION_OK"
17411,4020309987,4020310056,1,"IOTHUB_CLIENT_CONFIRMATION_OK"
17412,4020310187,4020310228,1,"IOTHUB_CLIENT_CONFIRMATION_OK"
17413,4020310387,4020310439,1,"IOTHUB_CLIENT_CONFIRMATION_OK"
17414,4020310587,4020310644,1,"IOTHUB_CLIENT_CONFIRMATION_OK"
17415,4020310788,4020310861,1,"IOTHUB_CLIENT_CONFIRMATION_OK"
17416,4020310988,4020311032,1,"IOTHUB_CLIENT_CONFIRMATION_OK"
17417,4020311188,4020311230,1,"IOTHUB_CLIENT_CONFIRMATION_OK"
17418,4020311388,4020311434,1,"IOTHUB_CLIENT_CONFIRMATION_OK"
17419,4020311588,4020311647,1,"IOTHUB_CLIENT_CONFIRMATION_OK"
17420,4020311788,4020311833,1,"IOTHUB_CLIENT_CONFIRMATION_OK"
17421,4020311988,4020312054,1,"IOTHUB_CLIENT_CONFIRMATION_OK"
17422,4020312189,4020312246,1,"IOTHUB_CLIENT_CONFIRMATION_OK"
17423,4020312389,4020312428,1,"IOTHUB_CLIENT_CONFIRMATION_OK"
17424,4020312589,4020312650,1,"IOTHUB_CLIENT_CONFIRMATION_OK"
17425,4020312789,4020312825,1,"IOTHUB_CLIENT_CONFIRMATION_OK"
17426,4020312989,4020313093,1,"IOTHUB_CLIENT_CONFIRMATION_OK"
17427,4020313189,4020313275,1,"IOTHUB_CLIENT_CONFIRMATION_OK"
17428,4020313390,4020313423,1,"IOTHUB_CLIENT_CONFIRMATION_OK"
17429,4020313590,4020313644,1,"IOTHUB_CLIENT_CONFIRMATION_OK"
17430,4020313790,4020313841,1,"IOTHUB_CLIENT_CONFIRMATION_OK"
17431,4020313990,4020314118,1,"IOTHUB_CLIENT_CONFIRMATION_OK"
17432,4020314190,4020314259,1,"IOTHUB_CLIENT_CONFIRMATION_OK"
17433,4020314390,4020314429,1,"IOTHUB_CLIENT_CONFIRMATION_OK"
17434,4020314591,4020314645,1,"IOTHUB_CLIENT_CONFIRMATION_OK"
17435,4020314791,4020314831,1,"IOTHUB_CLIENT_CONFIRMATION_OK"
17436,4020314991,4020315053,1,"IOTHUB_CLIENT_CONFIRMATION_OK"
17437,4020315191,4020315233,1,"IOTHUB_CLIENT_CONFIRMATION_OK"
17438,4020315391,4020315459,1,"IOTHUB_CLIENT_CONFIRMATION_OK"
17439,4020315591,4020315659,1,"IOTHUB_CLIENT_CONFIRMATION_OK"
17440,4020315791,4020315860,1,"IOTHUB_CLIENT_CONFIRMATION_OK"
17441,4020315992,4020316040,1,"IOTHUB_CLIENT_CONFIRMATION_OK"
17442,4020316192,4020316244,1,"IOTHUB_CLIENT_CONFIRMATION_OK"
17443,4020316392,4020316629,1,"IOTHUB_CLIENT_CONFIRMATION_OK"
17444,4020316592,4020316683,1,"IOTHUB_CLIENT_CONFIRMATION_OK"
17445,4020316792,4020316844,1,"IOTHUB_CLIENT_CONFIRMATION_OK"
17446,4020316992,4020317060,1,"IOTHUB_CLIENT_CONFIRMATION_OK"
17447,4020317193,4020317248,1,"IOTHUB_CLIENT_CONFIRMATION_OK"
17448,4020317393,4020317455,1,"IOTHUB_CLIENT_CONFIRMATION_OK"
17449,4020317593,4020317643,1,"IOTHUB_CLIENT_CONFIRMATION_OK"
17450,4020317793,4020317881,1,"IOTHUB_CLIENT_CONFIRMATION_OK"
17451,4020317993,4020318040,1,"IOTHUB_CLIENT_CONFIRMATION_OK"
17452,4020318193,4020318257,1,"IOTHUB_CLIENT_CONFIRMATION_OK"
17453,4020318393,4020318471,1,"IOTHUB_CLIENT_CONFIRMATION_OK"
17454,4020318594,4020318640,1,"IOTHUB_CLIENT_CONFIRMATION_OK"
17455,4020318794,4020318838,1,"IOTHUB_CLIENT_CONFIRMATION_OK"
17456,4020318994,4020319079,1,"IOTHUB_CLIENT_CONFIRMATION_OK"
17457,4020319194,4020319237,1,"IOTHUB_CLIENT_CONFIRMATION_OK"
17458,4020319394,4020319508,1,"IOTHUB_CLIENT_CONFIRMATION_OK"
17459,4020319594,4020319639,1,"IOTHUB_CLIENT_CONFIRMATION_OK"
17460,4020319794,4020319840,1,"IOTHUB_CLIENT_CONFIRMATION_OK"
17461,4020319995,4020320045,1,"IOTHUB_CLIENT_CONFIRMATION_OK"
17462,4020320195,4020320250,1,"IOTHUB_CLIENT_CONFIRMATION_OK"
17463,4020320395,4020320465,1,"IOTHUB_CLIENT_CONFIRMATION_OK"
17464,4020320595,4020320646,1,"IOTHUB_CLIENT_CONFIRMATION_OK"
17465,4020320795,4020320830,1,"IOTHUB_CLIENT_CONFIRMATION_OK"
17466,4020320995,4020321050,1,"IOTHUB_CLIENT_CONFIRMATION_OK"
17467,4020321196,4020321245,1,"IOTHUB_CLIENT_CONFIRMATION_OK"
17468,4020321396,4020321473,1,"IOTHUB_CLIENT_CONFIRMATION_OK"
17469,4020321596,4020321817,1,"IOTHUB_CLIENT_CONFIRMATION_OK"
17470,4020321796,4020321844,1,"IOTHUB_CLIENT_CONFIRMATION_OK"
17471,4020321996,4020322051,1,"IOTHUB_CLIENT_CONFIRMATION_OK"
17472,4020322196,4020322376,1,"IOTHUB_CLIENT_CONFIRMATION_OK"
17473,4020322396,4020322433,1,"IOTHUB_CLIENT_CONFIRMATION_OK"
17474,4020322597,4020322634,1,"IOTHUB_CLIENT_CONFIRMATION_OK"
17475,4020322797,4020322853,1,"IOTHUB_CLIENT_CONFIRMATION_OK"
17476,4020322997,4020323061,1,"IOTHUB_CLIENT_CONFIRMATION_OK"
17477,4020323197,4020323239,1,"IOTHUB_CLIENT_CONFIRMATION_OK"
17478,4020323397,4020323441,1,"IOTHUB_CLIENT_CONFIRMATION_OK"
17479,4020323597,4020323636,1,"IOTHUB_CLIENT_CONFIRMATION_OK"
17480,4020323797,4020323846,1,"IOTHUB_CLIENT_CONFIRMATION_OK"
17481,4020323998,4020324046,1,"IOTHUB_CLIENT_CONFIRMATION_OK"
17482,4020324198,4020324370,1,"IOTHUB_CLIENT_CONFIRMATION_OK"
17483,4020324398,4020324450,1,"IOTHUB_CLIENT_CONFIRMATION_OK"
17484,4020324598,4020324683,1,"IOTHUB_CLIENT_CONFIRMATION_OK"
17485,4020324798,4020324973,1,"IOTHUB_CLIENT_CONFIRMATION_OK"
17486,4020324998,4020325052,1,"IOTHUB_CLIENT_CONFIRMATION_OK"
17487,4020325199,4020325251,1,"IOTHUB_CLIENT_CONFIRMATION_OK"
17488,4020325399,4020325441,1,"IOTHUB_CLIENT_CONFIRMATION_OK"
17489,4020325599,4020325656,1,"IOTHUB_CLIENT_CONFIRMATION_OK"
17490,4020325799,4020325851,1,"IOTHUB_CLIENT_CONFIRMATION_OK"
17491,4020325999,4020326053,1,"IOTHUB_CLIENT_CONFIRMATION_OK"
17492,4020326199,4020326246,1,"IOTHUB_CLIENT_CONFIRMATION_OK"
17493,4020326399,4020326464,1,"IOTHUB_CLIENT_CONFIRMATION_OK"
17494,4020326600,4020326644,1,"IOTHUB_CLIENT_CONFIRMATION_OK"
17495,4020326800,4020326852,1,"IOTHUB_CLIENT_CONFIRMATION_OK"
17496,4020327000,4020327049,1,"IOTHUB_CLIENT_CONFIRMATION_OK"
17497,4020327200,4020327268,1,"IOTHUB_CLIENT_CONFIRMATION_OK"
17498,4020327400,4020327445,1,"IOTHUB_CLIENT_CONFIRMATION_OK"
17499,4020327600,4020327645,1,"IOTHUB_CLIENT_CONFIRMATION_OK"
17500,4020327800,4020327866,1,"IOTHUB_CLIENT_CONFIRMATION_OK"
17501,4020328001,4020328086,1,"IOTHUB_CLIENT_CONFIRMATION_OK"
17502,4020328201,4020328269,1,"IOTHUB_CLIENT_CONFIRMATION_OK"
17503,4020328401,4020328468,1,"IOTHUB_CLIENT_CONFIRMATION_OK"
17504,4020328601,4020328647,1,"IOTHUB_CLIENT_CONFIRMATION_OK"
17505,4020328801,4020328907,1,"IOTHUB_CLIENT_CONFIRMATION_OK"
17506,4020329001,4020329048,1,"IOTHUB_CLIENT_CONFIRMATION_OK"
17507,4020329202,4020329238,1,"IOTHUB_CLIENT_CONFIRMATION_OK"
17508,4020329402,4020329480,1,"IOTHUB_CLIENT_CONFIRMATION_OK"
17509,4020329602,4020329647,1,"IOTHUB_CLIENT_CONFIRMATION_OK"
17510,4020329802,4020329844,1,"IOTHUB_CLIENT_CONFIRMATION_OK"
17511,4020330002,4020330105,1,"IOTHUB_CLIENT_CONFIRMATION_OK"
17512,4020330202,4020330244,1,"IOTHUB_CLIENT_CONFIRMATION_OK"
17513,4020330403,4020330448,1,"IOTHUB_CLIENT_CONFIRMATION_OK"
17514,4020330603,4020330694,1,"IOTHUB_CLIENT_CONFIRMATION_OK"
17515,4020330803,4020330870,1,"IOTHUB_CLIENT_CONFIRMATION_OK"
17516,4020331003,4020331134,1,"IOTHUB_CLIENT_CONFIRMATION_OK"
17517,4020331203,4020331246,1,"IOTHUB_CLIENT_CONFIRMATION_OK"
17518,4020331403,4020331457,1,"IOTHUB_CLIENT_CONFIRMATION_OK"
17519,4020331603,4020331644,1,"IOTHUB_CLIENT_CONFIRMATION_OK"
17520,4020331804,4020331853,1,"IOTHUB_CLIENT_CONFIRMATION_OK"
17521,4020332004,4020332129,1,"IOTHUB_CLIENT_CONFIRMATION_OK"
17522,4020332204,4020332245,1,"IOTHUB_CLIENT_CONFIRMATION_OK"
17523,4020332404,4020332461,1,"IOTHUB_CLIENT_CONFIRMATION_OK"
17524,4020332604,4020332724,1,"IOTHUB_CLIENT_CONFIRMATION_OK"
17525,4020332804,4020332855,1,"IOTHUB_CLIENT_CONFIRMATION_OK"
17526,4020333004,4020333046,1,"IOTHUB_CLIENT_CONFIRMATION_OK"
17527,4020333205,4020333348,1,"IOTHUB_CLIENT_CONFIRMATION_OK"
17528,4020333405,4020333441,1,"IOTHUB_CLIENT_CONFIRMATION_OK"
17529,4020333605,4020333650,1,"IOTHUB_CLIENT_CONFIRMATION_OK"
17530,4020333805,4020333852,1,"IOTHUB_CLIENT_CONFIRMATION_OK"
17531,4020334005,4020334047,1,"IOTHUB_CLIENT_CONFIRMATION_OK"
17532,4020334205,4020334249,1,"IOTHUB_CLIENT_CONFIRMATION_OK"
17533,4020334406,4020334502,1,"IOTHUB_CLIENT_CONFIRMATION_OK"
17534,4020334606,4020334641,1,"IOTHUB_CLIENT_CONFIRMATION_OK"
17535,4020334806,4020334856,1,"IOTHUB_CLIENT_CONFIRMATION_OK"
17536,4020335006,4020335064,1,"IOTHUB_CLIENT_CONFIRMATION_OK"
17537,4020335206,4020335254,1,"IOTHUB_CLIENT_CONFIRMATION_OK"
17538,4020335406,4020335468,1,"IOTHUB_CLIENT_CONFIRMATION_OK"
17539,4020335607,4020335685,1,"IOTHUB_CLIENT_CONFIRMATION_OK"
17540,4020335807,4020335856,1,"IOTHUB_CLIENT_CONFIRMATION_OK"
17541,4020336007,4020336060,1,"IOTHUB_CLIENT_CONFIRMATION_OK"
17542,4020336207,4020336255,1,"IOTHUB_CLIENT_CONFIRMATION_OK"
17543,4020336407,4020336463,1,"IOTHUB_CLIENT_CONFIRMATION_OK"
17544,4020336607,4020336650,1,"IOTHUB_CLIENT_CONFIRMATION_OK"
17545,4020336807,4020336855,1,"IOTHUB_CLIENT_CONFIRMATION_OK"
17546,4020337008,4020337055,1,"IOTHUB_CLIENT_CONFIRMATION_OK"
17547,4020337208,4020337252,1,"IOTHUB_CLIENT_CONFIRMATION_OK"
17548,4020337408,4020337458,1,"IOTHUB_CLIENT_CONFIRMATION_OK"
17549,4020337608,4020337658,1,"IOTHUB_CLIENT_CONFIRMATION_OK"
17550,4020337808,4020337932,1,"IOTHUB_CLIENT_CONFIRMATION_OK"
17551,4020338008,4020338064,1,"IOTHUB_CLIENT_CONFIRMATION_OK"
17552,4020338209,4020338328,1,"IOTHUB_CLIENT_CONFIRMATION_OK"
17553,4020338409,4020338509,1,"IOTHUB_CLIENT_CONFIRMATION_OK"
17554,4020338609,4020338666,1,"IOTHUB_CLIENT_CONFIRMATION_OK"
17555,4020338809,4020338852,1,"IOTHUB_CLIENT_CONFIRMATION_OK"
17556,4020339009,4020339105,1,"IOTHUB_CLIENT_CONFIRMATION_OK"
17557,4020339209,4020339261,1,"IOTHUB_CLIENT_CONFIRMATION_OK"
17558,4020339410,4020339462,1,"IOTHUB_CLIENT_CONFIRMATION_OK"
17559,4020339610,4020339654,1,"IOTHUB_CLIENT_CONFIRMATION_OK"
17560,4020339810,4020339864,1,"IOTHUB_CLIENT_CONFIRMATION_OK"
17561,4020340010,4020340049,1,"IOTHUB_CLIENT_CONFIRMATION_OK"
17562,4020340210,4020340251,1,"IOTHUB_CLIENT_CONFIRMATION_OK"
17563,4020340410,4020340651,1,"IOTHUB_CLIENT_CONFIRMATION_OK"
17564,4020340611,4020340683,1,"IOTHUB_CLIENT_CONFIRMATION_OK"
17565,4020340811,4020340860,1,"IOTHUB_CLIENT_CONFIRMATION_OK"
17566,4020341011,4020341199,1,"IOTHUB_CLIENT_CONFIRMATION_OK"
17567,4020341211,4020341277,1,"IOTHUB_CLIENT_CONFIRMATION_OK"
17568,4020341411,4020341471,1,"IOTHUB_CLIENT_CONFIRMATION_OK"
17569,4020341611,4020341803,1,"IOTHUB_CLIENT_CONFIRMATION_OK"
17570,4020341811,4020341903,1,"IOTHUB_CLIENT_CONFIRMATION_OK"
17571,4020342012,4020342102,1,"IOTHUB_CLIENT_CONFIRMATION_OK"
17572,4020342212,4020342431,1,"IOTHUB_CLIENT_CONFIRMATION_OK"
17573,4020342412,4020342502,1,"IOTHUB_CLIENT_CONFIRMATION_OK"
17574,4020342612,4020342660,1,"IOTHUB_CLIENT_CONFIRMATION_OK"
17575,4020342812,4020342873,1,"IOTHUB_CLIENT_CONFIRMATION_OK"
17576,4020343012,4020343066,1,"IOTHUB_CLIENT_CONFIRMATION_OK"
17577,4020343213,4020343273,1,"IOTHUB_CLIENT_CONFIRMATION_OK"
17578,4020343413,4020343475,1,"IOTHUB_CLIENT_CONFIRMATION_OK"
17579,4020343613,4020343698,1,"IOTHUB_CLIENT_CONFIRMATION_OK"
17580,4020343813,4020343892,1,"IOTHUB_CLIENT_CONFIRMATION_OK"
17581,4020344013,4020344076,1,"IOTHUB_CLIENT_CONFIRMATION_OK"
17582,4020344213,4020344303,1,"IOTHUB_CLIENT_CONFIRMATION_OK"
17583,4020344414,4020344457,1,"IOTHUB_CLIENT_CONFIRMATION_OK"
17584,4020344614,4020344654,1,"IOTHUB_CLIENT_CONFIRMATION_OK"
17585,4020344814,4020344920,1,"IOTHUB_CLIENT_CONFIRMATION_OK"
17586,4020345014,4020345067,1,"IOTHUB_CLIENT_CONFIRMATION_OK"
17587,4020345214,4020345262,1,"IOTHUB_CLIENT_CONFIRMATION_OK"
17588,4020345414,4020345493,1,"IOTHUB_CLIENT_CONFIRMATION_OK"
17589,4020345614,4020345662,1,"IOTHUB_CLIENT_CONFIRMATION_OK"
17590,4020345815,4020345855,1,"IOTHUB_CLIENT_CONFIRMATION_OK"
17591,4020346015,4020346067,1,"IOTHUB_CLIENT_CONFIRMATION_OK"
17592,4020346215,4020346322,1,"IOTHUB_CLIENT_CONFIRMATION_OK"
17593,4020346415,4020346472,1,"IOTHUB_CLIENT_CONFIRMATION_OK"
17594,4020346615,4020346664,1,"IOTHUB_CLIENT_CONFIRMATION_OK"
17595,4020346815,4020346895,1,"IOTHUB_CLIENT_CONFIRMATION_OK"
17596,4020347016,4020347085,1,"IOTHUB_CLIENT_CONFIRMATION_OK"
17597,4020347216,4020347264,1,"IOTHUB_CLIENT_CONFIRMATION_OK"
17598,4020347416,4020347652,1,"IOTHUB_CLIENT_CONFIRMATION_OK"
17599,4020347616,4020347750,1,"IOTHUB_CLIENT_CONFIRMATION_OK"
17600,4020347816,4020347872,1,"IOTHUB_CLIENT_CONFIRMATION_OK"
17601,4020348017,4020348063,1,"IOTHUB_CLIENT_CONFIRMATION_OK"
17602,4020348217,4020348262,1,"IOTHUB_CLIENT_CONFIRMATION_OK"
17603,4020348417,4020348468,1,"IOTHUB_CLIENT_CONFIRMATION_OK"
17604,4020348617,4020348685,1,"IOTHUB_CLIENT_CONFIRMATION_OK"
17605,4020348817,4020348865,1,"IOTHUB_CLIENT_CONFIRMATION_OK"
17606,4020349017,4020349084,1,"IOTHUB_CLIENT_CONFIRMATION_OK"
17607,4020349218,4020349275,1,"IOTHUB_CLIENT_CONFIRMATION_OK"
17608,4020349418,4020349475,1,"IOTHUB_CLIENT_CONFIRMATION_OK"
17609,4020349618,4020349660,1,"IOTHUB_CLIENT_CONFIRMATION_OK"
17610,4020349818,4020349888,1,"IOTHUB_CLIENT_CONFIRMATION_OK"
17611,4020350018,4020350055,1,"IOTHUB_CLIENT_CONFIRMATION_OK"
17612,4020350218,4020350281,1,"IOTHUB_CLIENT_CONFIRMATION_OK"
17613,4020350419,4020350468,1,"IOTHUB_CLIENT_CONFIRMATION_OK"
17614,4020350619,4020350725,1,"IOTHUB_CLIENT_CONFIRMATION_OK"
17615,4020350819,4020350884,1,"IOTHUB_CLIENT_CONFIRMATION_OK"
17616,4020351019,4020351067,1,"IOTHUB_CLIENT_CONFIRMATION_OK"
17617,4020351219,4020351359,1,"IOTHUB_CLIENT_CONFIRMATION_OK"
17618,4020351419,4020351460,1,"IOTHUB_CLIENT_CONFIRMATION_OK"
17619,4020351620,4020351663,1,"IOTHUB_CLIENT_CONFIRMATION_OK"
17620,4020351820,4020351864,1,"IOTHUB_CLIENT_CONFIRMATION_OK"
17621,4020352020,4020352065,1,"IOTHUB_CLIENT_CONFIRMATION_OK"
17622,4020352220,4020352260,1,"IOTHUB_CLIENT_CONFIRMATION_OK"
17623,4020352420,4020352510,1,"IOTHUB_CLIENT_CONFIRMATION_OK"
17624,4020352620,4020352660,1,"IOTHUB_CLIENT_CONFIRMATION_OK"
17625,4020352821,4020352874,1,"IOTHUB_CLIENT_CONFIRMATION_OK"
17626,4020353021,4020353100,1,"IOTHUB_CLIENT_CONFIRMATION_OK"
17627,4020353221,4020353426,1,"IOTHUB_CLIENT_CONFIRMATION_OK"
17628,4020353421,4020353488,1,"IOTHUB_CLIENT_CONFIRMATION_OK"
17629,4020353621,4020353661,1,"IOTHUB_CLIENT_CONFIRMATION_OK"
17630,4020353821,4020353871,1,"IOTHUB_CLIENT_CONFIRMATION_OK"
17631,4020354022,4020354061,1,"IOTHUB_CLIENT_CONFIRMATION_OK"
17632,4020354222,4020354263,1,"IOTHUB_CLIENT_CONFIRMATION_OK"
17633,4020354422,4020354474,1,"IOTHUB_CLIENT_CONFIRMATION_OK"
17634,4020354622,4020354735,1,"IOTHUB_CLIENT_CONFIRMATION_OK"
17635,4020354822,4020354872,1,"IOTHUB_CLIENT_CONFIRMATION_OK"
17636,4020355022,4020355069,1,"IOTHUB_CLIENT_CONFIRMATION_OK"
17637,4020355222,4020355279,1,"IOTHUB_CLIENT_CONFIRMATION_OK"
17638,4020355423,4020355478,1,"IOTHUB_CLIENT_CONFIRMATION_OK"
17639,4020355623,4020355693,1,"IOTHUB_CLIENT_CONFIRMATION_OK"
17640,4020355823,4020355882,1,"IOTHUB_CLIENT_CONFIRMATION_OK"
17641,4020356023,4020356062,1,"IOTHUB_CLIENT_CONFIRMATION_OK"
17642,4020356223,4020356283,1,"IOTHUB_CLIENT_CONFIRMATION_OK"
17643,4020356423,4020356575,1,"IOTHUB_CLIENT_CONFIRMATION_OK"
17644,4020356624,4020356676,1,"IOTHUB_CLIENT_CONFIRMATION_OK"
17645,4020356824,4020356864,1,"IOTHUB_CLIENT_CONFIRMATION_OK"
17646,4020357024,4020357075,1,"IOTHUB_CLIENT_CONFIRMATION_OK"
17647,4020357224,4020357290,1,"IOTHUB_CLIENT_CONFIRMATION_OK"
17648,4020357424,4020357499,1,"IOTHUB_CLIENT_CONFIRMATION_OK"
17649,4020357624,4020357663,1,"IOTHUB_CLIENT_CONFIRMATION_OK"
17650,4020357825,4020357888,1,"IOTHUB_CLIENT_CONFIRMATION_OK"
17651,4020358025,4020358082,1,"IOTHUB_CLIENT_CONFIRMATION_OK"
17652,4020358225,4020358269,1,"IOTHUB_CLIENT_CONFIRMATION_OK"
17653,4020358425,4020358560,1,"IOTHUB_CLIENT_CONFIRMATION_OK"
17654,4020358625,4020358692,1,"IOTHUB_CLIENT_CONFIRMATION_OK"
17655,4020358825,4020358870,1,"IOTHUB_CLIENT_CONFIRMATION_OK"
17656,4020359025,4020359180,1,"IOTHUB_CLIENT_CONFIRMATION_OK"
17657,4020359226,4020359281,1,"IOTHUB_CLIENT_CONFIRMATION_OK"
17658,4020359426,4020359495,1,"IOTHUB_CLIENT_CONFIRMATION_OK"
17659,4020359626,4020359688,1,"IOTHUB_CLIENT_CONFIRMATION_OK"
17660,4020359826,4020359864,1,"IOTHUB_CLIENT_CONFIRMATION_OK"
17661,4020360026,4020360076,1,"IOTHUB_CLIENT_CONFIRMATION_OK"
17662,4020360226,4020360272,1,"IOTHUB_CLIENT_CONFIRMATION_OK"
17663,4020360427,4020360538,1,"IOTHUB_CLIENT_CONFIRMATION_OK"
17664,4020360627,4020360670,1,"IOTHUB_CLIENT_CONFIRMATION_OK"
17665,4020360827,4020360880,1,"IOTHUB_CLIENT_CONFIRMATION_OK"
17666,4020361027,4020361170,1,"IOTHUB_CLIENT_CONFIRMATION_OK"
17667,4020361227,4020361271,1,"IOTHUB_CLIENT_CONFIRMATION_OK"
17668,4020361427,4020361477,1,"IOTHUB_CLIENT_CONFIRMATION_OK"
17669,4020361628,4020361799,1,"IOTHUB_CLIENT_CONFIRMATION_OK"
17670,4020361828,4020361874,1,"IOTHUB_CLIENT_CONFIRMATION_OK"
17671,4020362028,4020362165,1,"IOTHUB_CLIENT_CONFIRMATION_OK"
17672,4020362228,4020362411,1,"IOTHUB_CLIENT_CONFIRMATION_OK"
17673,4020362428,4020362468,1,"IOTHUB_CLIENT_CONFIRMATION_OK"
17674,4020362628,4020362692,1,"IOTHUB_CLIENT_CONFIRMATION_OK"
17675,4020362829,4020362872,1,"IOTHUB_CLIENT_CONFIRMATION_OK"
17676,4020363029,4020363099,1,"IOTHUB_CLIENT_CONFIRMATION_OK"
17677,4020363229,4020363268,1,"IOTHUB_CLIENT_CONFIRMATION_OK"
17678,4020363429,4020363482,1,"IOTHUB_CLIENT_CONFIRMATION_OK"
17679,4020363629,4020363699,1,"IOTHUB_CLIENT_CONFIRMATION_OK"
17680,4020363829,4020363868,1,"IOTHUB_CLIENT_CONFIRMATION_OK"
17681,4020364030,4020364067,1,"IOTHUB_CLIENT_CONFIRMATION_OK"
17682,4020364230,4020364280,1,"IOTHUB_CLIENT_CONFIRMATION_OK"
17683,4020364430,4020364472,1,"IOTHUB_CLIENT_CONFIRMATION_OK"
17684,4020364630,4020364666,1,"IOTHUB_CLIENT_CONFIRMATION_OK"
17685,4020364830,4020364888,1,"IOTHUB_CLIENT_CONFIRMATION_OK"
17686,4020365030,4020365103,1,"IOTHUB_CLIENT_CONFIRMATION_OK"
17687,4020365231,4020365271,1,"IOTHUB_CLIENT_CONFIRMATION_OK"
17688,4020365431,4020365481,1,"IOTHUB_CLIENT_CONFIRMATION_OK"
17689,4020365631,4020365678,1,"IOTHUB_CLIENT_CONFIRMATION_OK"
17690,4020365831,4020365882,1,"IOTHUB_CLIENT_CONFIRMATION_OK"
17691,4020366031,4020366112,1,"IOTHUB_CLIENT_CONFIRMATION_OK"
17692,4020366231,4020366328,1,"IOTHUB_CLIENT_CONFIRMATION_OK"
17693,4020366431,4020366484,1,"IOTHUB_CLIENT_CONFIRMATION_OK"
17694,4020366632,4020366681,1,"IOTHUB_CLIENT_CONFIRMATION_OK"
17695,4020366832,4020366929,1,"IOTHUB_CLIENT_CONFIRMATION_OK"
17696,4020367032,4020367082,1,"IOTHUB_CLIENT_CONFIRMATION_OK"
17697,4020367232,4020367299,1,"IOTHUB_CLIENT_CONFIRMATION_OK"
17698,4020367432,4020367572,1,"IOTHUB_CLIENT_CONFIRMATION_OK"
17699,4020367632,4020367676,1,"IOTHUB_CLIENT_CONFIRMATION_OK"
17700,4020367832,4020367875,1,"IOTHUB_CLIENT_CONFIRMATION_OK"
17701,4020368033,4020368090,1,"IOTHUB_CLIENT_CONFIRMATION_OK"
17702,4020368233,4020368311,1,"IOTHUB_CLIENT_CONFIRMATION_OK"
17703,4020368433,4020368468,1,"IOTHUB_CLIENT_CONFIRMATION_OK"
17704,4020368633,4020368682,1,"IOTHUB_CLIENT_CONFIRMATION_OK"
17705,4020368833,4020368880,1,"IOTHUB_CLIENT_CONFIRMATION_OK"
17706,4020369034,4020369073,1,"IOTHUB_CLIENT_CONFIRMATION_OK"
17707,4020369234,4020369276,1,"IOTHUB_CLIENT_CONFIRMATION_OK"
17708,4020369434,4020369492,1,"IOTHUB_CLIENT_CONFIRMATION_OK"
17709,4020369634,4020369680,1,"IOTHUB_CLIENT_CONFIRMATION_OK"
17710,4020369834,4020369876,1,"IOTHUB_CLIENT_CONFIRMATION_OK"
17711,4020370034,4020370187,1,"IOTHUB_CLIENT_CONFIRMATION_OK"
17712,4020370234,4020370291,1,"IOTHUB_CLIENT_CONFIRMATION_OK"
17713,4020370435,4020370482,1,"IOTHUB_CLIENT_CONFIRMATION_OK"
17714,4020370635,4020370772,1,"IOTHUB_CLIENT_CONFIRMATION_OK"
17715,4020370835,4020370886,1,"IOTHUB_CLIENT_CONFIRMATION_OK"
17716,4020371035,4020371075,1,"IOTHUB_CLIENT_CONFIRMATION_OK"
17717,4020371235,4020371310,1,"IOTHUB_CLIENT_CONFIRMATION_OK"
17718,4020371435,4020371570,1,"IOTHUB_CLIENT_CONFIRMATION_OK"
17719,4020371636,4020371698,1,"IOTHUB_CLIENT_CONFIRMATION_OK"
17720,4020371836,4020371875,1,"IOTHUB_CLIENT_CONFIRMATION_OK"
17721,4020372036,4020372086,1,"IOTHUB_CLIENT_CONFIRMATION_OK"
17722,4020372236,4020372282,1,"IOTHUB_CLIENT_CONFIRMATION_OK"
17723,4020372436,4020372504,1,"IOTHUB_CLIENT_CONFIRMATION_OK"
17724,4020372636,4020372698,1,"IOTHUB_CLIENT_CONFIRMATION_OK"
17725,4020372837,4020372876,1,"IOTHUB_CLIENT_CONFIRMATION_OK"
17726,4020373037,4020373087,1,"IOTHUB_CLIENT_CONFIRMATION_OK"
17727,4020373237,4020373296,1,"IOTHUB_CLIENT_CONFIRMATION_OK"
17728,4020373437,4020373812,1,"IOTHUB_CLIENT_CONFIRMATION_OK"
17729,4020373637,4020373931,1,"IOTHUB_CLIENT_CONFIRMATION_OK"
17730,4020373837,4020374082,1,"IOTHUB_CLIENT_CONFIRMATION_OK"
17731,4020374038,4020374112,1,"IOTHUB_CLIENT_CONFIRMATION_OK"
17732,4020374238,4020374285,1,"IOTHUB_CLIENT_CONFIRMATION_OK"
17733,4020374438,4020374498,1,"IOTHUB_CLIENT_CONFIRMATION_OK"
17734,4020374638,4020374694,1,"IOTHUB_CLIENT_CONFIRMATION_OK"
17735,4020374838,4020374928,1,"IOTHUB_CLIENT_CONFIRMATION_OK"
17736,4020375038,4020375084,1,"IOTHUB_CLIENT_CONFIRMATION_OK"
17737,4020375239,4020375308,1,"IOTHUB_CLIENT_CONFIRMATION_OK"
17738,4020375439,4020375477,1,"IOTHUB_CLIENT_CONFIRMATION_OK"
17739,4020375639,4020375692,1,"IOTHUB_CLIENT_CONFIRMATION_OK"
17740,4020375839,4020375961,1,"IOTHUB_CLIENT_CONFIRMATION_OK"
17741,4020376039,4020376080,1,"IOTHUB_CLIENT_CONFIRMATION_OK"
17742,4020376239,4020376275,1,"IOTHUB_CLIENT_CONFIRMATION_OK"
17743,4020376439,4020376512,1,"IOTHUB_CLIENT_CONFIRMATION_OK"
17744,4020376640,4020376722,1,"IOTHUB_CLIENT_CONFIRMATION_OK"
17745,4020376840,4020376884,1,"IOTHUB_CLIENT_CONFIRMATION_OK"
17746,4020377040,4020377123,1,"IOTHUB_CLIENT_CONFIRMATION_OK"
17747,4020377240,4020377377,1,"IOTHUB_CLIENT_CONFIRMATION_OK"
17748,4020377440,4020377490,1,"IOTHUB_CLIENT_CONFIRMATION_OK"
17749,4020377640,4020377698,1,"IOTHUB_CLIENT_CONFIRMATION_OK"
17750,4020377840,4020377915,1,"IOTHUB_CLIENT_CONFIRMATION_OK"
17751,4020378041,4020378089,1,"IOTHUB_CLIENT_CONFIRMATION_OK"
17752,4020378241,4020378288,1,"IOTHUB_CLIENT_CONFIRMATION_OK"
17753,4020378441,4020378485,1,"IOTHUB_CLIENT_CONFIRMATION_OK"
17754,4020378641,4020378706,1,"IOTHUB_CLIENT_CONFIRMATION_OK"
17755,4020378841,4020378882,1,"IOTHUB_CLIENT_CONFIRMATION_OK"
17756,4020379041,4020379245,1,"IOTHUB_CLIENT_CONFIRMATION_OK"
17757,4020379242,4020379308,1,"IOTHUB_CLIENT_CONFIRMATION_OK"
17758,4020379442,4020379504,1,"IOTHUB_CLIENT_CONFIRMATION_OK"
17759,4020379642,4020379693,1,"IOTHUB_CLIENT_CONFIRMATION_OK"
17760,4020379842,4020379894,1,"IOTHUB_CLIENT_CONFIRMATION_OK"
17761,4020380042,4020380094,1,"IOTHUB_CLIENT_CONFIRMATION_OK"
17762,4020380242,4020380304,1,"IOTHUB_CLIENT_CONFIRMATION_OK"
17763,4020380443,4020380600,1,"IOTHUB_CLIENT_CONFIRMATION_OK"
17764,4020380643,4020380713,1,"IOTHUB_CLIENT_CONFIRMATION_OK"
17765,4020380843,4020380947,1,"IOTHUB_CLIENT_CONFIRMATION_OK"
17766,4020381043,4020381109,1,"IOTHUB_CLIENT_CONFIRMATION_OK"
17767,4020381243,4020381288,1,"IOTHUB_CLIENT_CONFIRMATION_OK"
17768,4020381443,4020381509,1,"IOTHUB_CLIENT_CONFIRMATION_OK"
17769,4020381644,4020381822,1,"IOTHUB_CLIENT_CONFIRMATION_OK"
17770,4020381844,4020381921,1,"IOTHUB_CLIENT_CONFIRMATION_OK"
17771,4020382044,4020382124,1,"IOTHUB_CLIENT_CONFIRMATION_OK"
17772,4020382244,4020382324,1,"IOTHUB_CLIENT_CONFIRMATION_OK"
17773,4020382444,4020382482,1,"IOTHUB_CLIENT_CONFIRMATION_OK"
17774,4020382644,4020382700,1,"IOTHUB_CLIENT_CONFIRMATION_OK"
17775,4020382844,4020382891,1,"IOTHUB_CLIENT_CONFIRMATION_OK"
17776,4020383045,4020383123,1,"IOTHUB_CLIENT_CONFIRMATION_OK"
17777,4020383245,4020383288,1,"IOTHUB_CLIENT_CONFIRMATION_OK"
17778,4020383445,4020383497,1,"IOTHUB_CLIENT_CONFIRMATION_OK"
17779,4020383645,4020383765,1,"IOTHUB_CLIENT_CONFIRMATION_OK"
17780,4020383845,4020383907,1,"IOTHUB_CLIENT_CONFIRMATION_OK"
17781,4020384045,4020384114,1,"IOTHUB_CLIENT_CONFIRMATION_OK"
17782,4020384246,4020384351,1,"IOTHUB_CLIENT_CONFIRMATION_OK"
17783,4020384446,4020384494,1,"IOTHUB_CLIENT_CONFIRMATION_OK"
17784,4020384646,4020384707,1,"IOTHUB_CLIENT_CONFIRMATION_OK"
17785,4020384846,4020385060,1,"IOTHUB_CLIENT_CONFIRMATION_OK"
17786,4020385046,4020385098,1,"IOTHUB_CLIENT_CONFIRMATION_OK"
17787,4020385246,4020385303,1,"IOTHUB_CLIENT_CONFIRMATION_OK"
17788,4020385447,4020385485,1,"IOTHUB_CLIENT_CONFIRMATION_OK"
17789,4020385647,4020385707,1,"IOTHUB_CLIENT_CONFIRMATION_OK"
17790,4020385847,4020386041,1,"IOTHUB_CLIENT_CONFIRMATION_OK"
17791,4020386047,4020386098,1,"IOTHUB_CLIENT_CONFIRMATION_OK"
17792,4020386247,4020386325,1,"IOTHUB_CLIENT_CONFIRMATION_OK"
17793,4020386447,4020386485,1,"IOTHUB_CLIENT_CONFIRMATION_OK"
17794,4020386647,4020386690,1,"IOTHUB_CLIENT_CONFIRMATION_OK"
17795,4020386848,4020386911,1,"IOTHUB_CLIENT_CONFIRMATION_OK"
17796,4020387048,4020387118,1,"IOTHUB_CLIENT_CONFIRMATION_OK"
17797,4020387248,4020387312,1,"IOTHUB_CLIENT_CONFIRMATION_OK"
17798,4020387448,4020387519,1,"IOTHUB_CLIENT_CONFIRMATION_OK"
17799,4020387648,4020387729,1,"IOTHUB_CLIENT_CONFIRMATION_OK"
17800,4020387848,4020387890,1,"IOTHUB_CLIENT_CONFIRMATION_OK"
17801,4020388049,4020388114,1,"IOTHUB_CLIENT_CONFIRMATION_OK"
17802,4020388249,4020388298,1,"IOTHUB_CLIENT_CONFIRMATION_OK"
17803,4020388449,4020388500,1,"IOTHUB_CLIENT_CONFIRMATION_OK"
17804,4020388649,4020388688,1,"IOTHUB_CLIENT_CONFIRMATION_OK"
17805,4020388849,4020388905,1,"IOTHUB_CLIENT_CONFIRMATION_OK"
17806,4020389049,4020389101,1,"IOTHUB_CLIENT_CONFIRMATION_OK"
17807,4020389250,4020389296,1,"IOTHUB_CLIENT_CONFIRMATION_OK"
17808,4020389450,4020389594,1,"IOTHUB_CLIENT_CONFIRMATION_OK"
17809,4020389650,4020389697,1,"IOTHUB_CLIENT_CONFIRMATION_OK"
17810,4020389850,4020389891,1,"IOTHUB_CLIENT_CONFIRMATION_OK"
17811,4020390050,4020390199,1,"IOTHUB_CLIENT_CONFIRMATION_OK"
17812,4020390250,4020390295,1,"IOTHUB_CLIENT_CONFIRMATION_OK"
17813,4020390450,4020390495,1,"IOTHUB_CLIENT_CONFIRMATION_OK"
17814,4020390651,4020390786,1,"IOTHUB_CLIENT_CONFIRMATION_OK"
17815,4020390851,4020390889,1,"IOTHUB_CLIENT_CONFIRMATION_OK"
17816,4020391051,4020391155,1,"IOTHUB_CLIENT_CONFIRMATION_OK"
17817,4020391251,4020391297,1,"IOTHUB_CLIENT_CONFIRMATION_OK"
17818,4020391451,4020391497,1,"IOTHUB_CLIENT_CONFIRMATION_OK"
17819,4020391651,4020391717,1,"IOTHUB_CLIENT_CONFIRMATION_OK"
17820,4020391852,4020391905,1,"IOTHUB_CLIENT_CONFIRMATION_OK"
17821,4020392052,4020392095,1,"IOTHUB_CLIENT_CONFIRMATION_OK"
17822,4020392252,4020392293,1,"IOTHUB_CLIENT_CONFIRMATION_OK"
17823,4020392452,4020392495,1,"IOTHUB_CLIENT_CONFIRMATION_OK"
17824,4020392652,4020392708,1,"IOTHUB_CLIENT_CONFIRMATION_OK"
17825,4020392852,4020392889,1,"IOTHUB_CLIENT_CONFIRMATION_OK"
17826,4020393053,4020393096,1,"IOTHUB_CLIENT_CONFIRMATION_OK"
17827,4020393253,4020393453,1,"IOTHUB_CLIENT_CONFIRMATION_OK"
17828,4020393453,4020393511,1,"IOTHUB_CLIENT_CONFIRMATION_OK"
17829,4020393653,4020393696,1,"IOTHUB_CLIENT_CONFIRMATION_OK"
17830,4020393853,4020393899,1,"IOTHUB_CLIENT_CONFIRMATION_OK"
17831,4020394053,4020394108,1,"IOTHUB_CLIENT_CONFIRMATION_OK"
17832,4020394253,4020394330,1,"IOTHUB_CLIENT_CONFIRMATION_OK"
17833,4020394454,4020394552,1,"IOTHUB_CLIENT_CONFIRMATION_OK"
17834,4020394654,4020394782,1,"IOTHUB_CLIENT_CONFIRMATION_OK"
17835,4020394854,4020394904,1,"IOTHUB_CLIENT_CONFIRMATION_OK"
17836,4020395054,4020395096,1,"IOTHUB_CLIENT_CONFIRMATION_OK"
17837,4020395254,4020395354,1,"IOTHUB_CLIENT_CONFIRMATION_OK"
17838,4020395454,4020395494,1,"IOTHUB_CLIENT_CONFIRMATION_OK"
17839,4020395655,4020395724,1,"IOTHUB_CLIENT_CONFIRMATION_OK"
17840,4020395855,4020395955,1,"IOTHUB_CLIENT_CONFIRMATION_OK"
17841,4020396055,4020396103,1,"IOTHUB_CLIENT_CONFIRMATION_OK"
17842,4020396255,4020396424,1,"IOTHUB_CLIENT_CONFIRMATION_OK"
17843,4020396455,4020396585,1,"IOTHUB_CLIENT_CONFIRMATION_OK"
17844,4020396655,4020396695,1,"IOTHUB_CLIENT_CONFIRMATION_OK"
17845,4020396855,4020396911,1,"IOTHUB_CLIENT_CONFIRMATION_OK"
17846,4020397056,4020397106,1,"IOTHUB_CLIENT_CONFIRMATION_OK"
17847,4020397256,4020397310,1,"IOTHUB_CLIENT_CONFIRMATION_OK"
17848,4020397456,4020397500,1,"IOTHUB_CLIENT_CONFIRMATION_OK"
17849,4020397656,4020397706,1,"IOTHUB_CLIENT_CONFIRMATION_OK"
17850,4020397856,4020397936,1,"IOTHUB_CLIENT_CONFIRMATION_OK"
17851,4020398056,4020398126,1,"IOTHUB_CLIENT_CONFIRMATION_OK"
17852,4020398257,4020398316,1,"IOTHUB_CLIENT_CONFIRMATION_OK"
17853,4020398457,4020398603,1,"IOTHUB_CLIENT_CONFIRMATION_OK"
17854,4020398657,4020398707,1,"IOTHUB_CLIENT_CONFIRMATION_OK"
17855,4020398857,4020398925,1,"IOTHUB_CLIENT_CONFIRMATION_OK"
17856,4020399057,4020399222,1,"IOTHUB_CLIENT_CONFIRMATION_OK"
17857,4020399257,4020399303,1,"IOTHUB_CLIENT_CONFIRMATION_OK"
17858,4020399457,4020399496,1,"IOTHUB_CLIENT_CONFIRMATION_OK"
17859,4020399658,4020399699,1,"IOTHUB_CLIENT_CONFIRMATION_OK"
17860,4020399858,4020399915,1,"IOTHUB_CLIENT_CONFIRMATION_OK"
17861,4020400058,4020400122,1,"IOTHUB_CLIENT_CONFIRMATION_OK"
17862,4020400258,4020400303,1,"IOTHUB_CLIENT_CONFIRMATION_OK"
17863,4020400458,4020400501,1,"IOTHUB_CLIENT_CONFIRMATION_OK"
17864,4020400658,4020400704,1,"IOTHUB_CLIENT_CONFIRMATION_OK"
17865,4020400859,4020401007,1,"IOTHUB_CLIENT_CONFIRMATION_OK"
17866,4020401059,4020401107,1,"IOTHUB_CLIENT_CONFIRMATION_OK"
17867,4020401259,4020401313,1,"IOTHUB_CLIENT_CONFIRMATION_OK"
17868,4020401459,4020401495,1,"IOTHUB_CLIENT_CONFIRMATION_OK"
17869,4020401659,4020401697,1,"IOTHUB_CLIENT_CONFIRMATION_OK"
17870,4020401859,4020401911,1,"IOTHUB_CLIENT_CONFIRMATION_OK"
17871,4020402059,4020402108,1,"IOTHUB_CLIENT_CONFIRMATION_OK"
17872,4020402260,4020402467,1,"IOTHUB_CLIENT_CONFIRMATION_OK"
17873,4020402460,4020402537,1,"IOTHUB_CLIENT_CONFIRMATION_OK"
17874,4020402660,4020402730,1,"IOTHUB_CLIENT_CONFIRMATION_OK"
17875,4020402860,4020402920,1,"IOTHUB_CLIENT_CONFIRMATION_OK"
17876,4020403060,4020403104,1,"IOTHUB_CLIENT_CONFIRMATION_OK"
17877,4020403260,4020403298,1,"IOTHUB_CLIENT_CONFIRMATION_OK"
17878,4020403460,4020403564,1,"IOTHUB_CLIENT_CONFIRMATION_OK"
17879,4020403661,4020403737,1,"IOTHUB_CLIENT_CONFIRMATION_OK"
17880,4020403861,4020403917,1,"IOTHUB_CLIENT_CONFIRMATION_OK"
17881,4020404061,4020404109,1,"IOTHUB_CLIENT_CONFIRMATION_OK"
17882,4020404261,4020404342,1,"IOTHUB_CLIENT_CONFIRMATION_OK"
17883,4020404461,4020404499,1,"IOTHUB_CLIENT_CONFIRMATION_OK"
17884,4020404661,4020404709,1,"IOTHUB_CLIENT_CONFIRMATION_OK"
17885,4020404862,4020404956,1,"IOTHUB_CLIENT_CONFIRMATION_OK"
17886,4020405062,4020405112,1,"IOTHUB_CLIENT_CONFIRMATION_OK"
17887,4020405262,4020405330,1,"IOTHUB_CLIENT_CONFIRMATION_OK"
17888,4020405462,4020405511,1,"IOTHUB_CLIENT_CONFIRMATION_OK"
17889,4020405662,4020405741,1,"IOTHUB_CLIENT_CONFIRMATION_OK"
17890,4020405862,4020405900,1,"IOTHUB_CLIENT_CONFIRMATION_OK"
17891,4020406062,4020406106,1,"IOTHUB_CLIENT_CONFIRMATION_OK"
17892,4020406263,4020406312,1,"IOTHUB_CLIENT_CONFIRMATION_OK"
17893,4020406463,4020406504,1,"IOTHUB_CLIENT_CONFIRMATION_OK"
17894,4020406663,4020406709,1,"IOTHUB_CLIENT_CONFIRMATION_OK"
17895,4020406863,4020406904,1,"IOTHUB_CLIENT_CONFIRMATION_OK"
17896,4020407063,4020407108,1,"IOTHUB_CLIENT_CONFIRMATION_OK"
17897,4020407263,4020407307,1,"IOTHUB_CLIENT_CONFIRMATION_OK"
17898,4020407464,4020407515,1,"IOTHUB_CLIENT_CONFIRMATION_OK"
17899,4020407664,4020407720,1,"IOTHUB_CLIENT_CONFIRMATION_OK"
17900,4020407864,4020407952,1,"IOTHUB_CLIENT_CONFIRMATION_OK"
17901,4020408064,4020408105,1,"IOTHUB_CLIENT_CONFIRMATION_OK"
17902,4020408264,4020408303,1,"IOTHUB_CLIENT_CONFIRMATION_OK"
17903,4020408464,4020408509,1,"IOTHUB_CLIENT_CONFIRMATION_OK"
17904,4020408664,4020408711,1,"IOTHUB_CLIENT_CONFIRMATION_OK"
17905,4020408865,4020408967,1,"IOTHUB_CLIENT_CONFIRMATION_OK"
17906,4020409065,4020409118,1,"IOTHUB_CLIENT_CONFIRMATION_OK"
17907,4020409265,4020409308,1,"IOTHUB_CLIENT_CONFIRMATION_OK"
17908,4020409465,4020409551,1,"IOTHUB_CLIENT_CONFIRMATION_OK"
17909,4020409665,4020409719,1,"IOTHUB_CLIENT_CONFIRMATION_OK"
17910,4020409865,4020409905,1,"IOTHUB_CLIENT_CONFIRMATION_OK"
17911,4020410065,4020410161,1,"IOTHUB_CLIENT_CONFIRMATION_OK"
17912,4020410266,4020410309,1,"IOTHUB_CLIENT_CONFIRMATION_OK"
17913,4020410466,4020410508,1,"IOTHUB_CLIENT_CONFIRMATION_OK"
17914,4020410666,4020410765,1,"IOTHUB_CLIENT_CONFIRMATION_OK"
17915,4020410866,4020410967,1,"IOTHUB_CLIENT_CONFIRMATION_OK"
17916,4020411066,4020411107,1,"IOTHUB_CLIENT_CONFIRMATION_OK"
17917,4020411266,4020411312,1,"IOTHUB_CLIENT_CONFIRMATION_OK"
17918,4020411466,4020411531,1,"IOTHUB_CLIENT_CONFIRMATION_OK"
17919,4020411667,4020411717,1,"IOTHUB_CLIENT_CONFIRMATION_OK"
17920,4020411867,4020411912,1,"IOTHUB_CLIENT_CONFIRMATION_OK"
17921,4020412067,4020412143,1,"IOTHUB_CLIENT_CONFIRMATION_OK"
17922,4020412267,4020412321,1,"IOTHUB_CLIENT_CONFIRMATION_OK"
17923,4020412467,4020412514,1,"IOTHUB_CLIENT_CONFIRMATION_OK"
17924,4020412667,4020412860,1,"IOTHUB_CLIENT_CONFIRMATION_OK"
17925,4020412868,4020412913,1,"IOTHUB_CLIENT_CONFIRMATION_OK"
17926,4020413068,4020413112,1,"IOTHUB_CLIENT_CONFIRMATION_OK"
17927,4020413268,4020413425,1,"IOTHUB_CLIENT_CONFIRMATION_OK"
17928,4020413468,4020413529,1,"IOTHUB_CLIENT_CONFIRMATION_OK"
17929,4020413668,4020413735,1,"IOTHUB_CLIENT_CONFIRMATION_OK"
17930,4020413868,4020413918,1,"IOTHUB_CLIENT_CONFIRMATION_OK"
17931,4020414068,4020414124,1,"IOTHUB_CLIENT_CONFIRMATION_OK"
17932,4020414269,4020414322,1,"IOTHUB_CLIENT_CONFIRMATION_OK"
17933,4020414469,4020414511,1,"IOTHUB_CLIENT_CONFIRMATION_OK"
17934,4020414669,4020414711,1,"IOTHUB_CLIENT_CONFIRMATION_OK"
17935,4020414869,4020414919,1,"IOTHUB_CLIENT_CONFIRMATION_OK"
17936,4020415069,4020415110,1,"IOTHUB_CLIENT_CONFIRMATION_OK"
17937,4020415269,4020415308,1,"IOTHUB_CLIENT_CONFIRMATION_OK"
17938,4020415469,4020415534,1,"IOTHUB_CLIENT_CONFIRMATION_OK"
17939,4020415670,4020415712,1,"IOTHUB_CLIENT_CONFIRMATION_OK"
17940,4020415870,4020415921,1,"IOTHUB_CLIENT_CONFIRMATION_OK"
17941,4020416070,4020416225,1,"IOTHUB_CLIENT_CONFIRMATION_OK"
17942,4020416270,4020416311,1,"IOTHUB_CLIENT_CONFIRMATION_OK"
17943,4020416470,4020416642,1,"IOTHUB_CLIENT_CONFIRMATION_OK"
17944,4020416670,4020416714,1,"IOTHUB_CLIENT_CONFIRMATION_OK"
17945,4020416870,4020416903,1,"IOTHUB_CLIENT_CONFIRMATION_OK"
17946,4020417071,4020417116,1,"IOTHUB_CLIENT_CONFIRMATION_OK"
17947,4020417271,4020417312,1,"IOTHUB_CLIENT_CONFIRMATION_OK"
17948,4020417471,4020417520,1,"IOTHUB_CLIENT_CONFIRMATION_OK"
17949,4020417671,4020417714,1,"IOTHUB_CLIENT_CONFIRMATION_OK"
17950,4020417871,4020417968,1,"IOTHUB_CLIENT_CONFIRMATION_OK"
17951,4020418071,4020418114,1,"IOTHUB_CLIENT_CONFIRMATION_OK"
17952,4020418272,4020418314,1,"IOTHUB_CLIENT_CONFIRMATION_OK"
17953,4020418472,4020418523,1,"IOTHUB_CLIENT_CONFIRMATION_OK"
17954,4020418672,4020418715,1,"IOTHUB_CLIENT_CONFIRMATION_OK"
17955,4020418872,4020418924,1,"IOTHUB_CLIENT_CONFIRMATION_OK"
17956,4020419072,4020419120,1,"IOTHUB_CLIENT_CONFIRMATION_OK"
17957,4020419272,4020419336,1,"IOTHUB_CLIENT_CONFIRMATION_OK"
17958,4020419472,4020419546,1,"IOTHUB_CLIENT_CONFIRMATION_OK"
17959,4020419673,4020419710,1,"IOTHUB_CLIENT_CONFIRMATION_OK"
17960,4020419873,4020419923,1,"IOTHUB_CLIENT_CONFIRMATION_OK"
17961,4020420073,4020420134,1,"IOTHUB_CLIENT_CONFIRMATION_OK"
17962,4020420273,4020420322,1,"IOTHUB_CLIENT_CONFIRMATION_OK"
17963,4020420473,4020420526,1,"IOTHUB_CLIENT_CONFIRMATION_OK"
17964,4020420673,4020420714,1,"IOTHUB_CLIENT_CONFIRMATION_OK"
17965,4020420873,4020420921,1,"IOTHUB_CLIENT_CONFIRMATION_OK"
17966,4020421073,4020421125,1,"IOTHUB_CLIENT_CONFIRMATION_OK"
17967,4020421274,4020421318,1,"IOTHUB_CLIENT_CONFIRMATION_OK"
17968,4020421474,4020421521,1,"IOTHUB_CLIENT_CONFIRMATION_OK"
17969,4020421674,4020421849,1,"IOTHUB_CLIENT_CONFIRMATION_OK"
17970,4020421874,4020421919,1,"IOTHUB_CLIENT_CONFIRMATION_OK"
17971,4020422074,4020422146,1,"IOTHUB_CLIENT_CONFIRMATION_OK"
17972,4020422274,4020422503,1,"IOTHUB_CLIENT_CONFIRMATION_OK"
17973,4020422475,4020422538,1,"IOTHUB_CLIENT_CONFIRMATION_OK"
17974,4020422675,4020422714,1,"IOTHUB_CLIENT_CONFIRMATION_OK"
17975,4020422875,4020422925,1,"IOTHUB_CLIENT_CONFIRMATION_OK"
17976,4020423075,4020423137,1,"IOTHUB_CLIENT_CONFIRMATION_OK"
17977,4020423275,4020423320,1,"IOTHUB_CLIENT_CONFIRMATION_OK"
17978,4020423475,4020423531,1,"IOTHUB_CLIENT_CONFIRMATION_OK"
17979,4020423675,4020423714,1,"IOTHUB_CLIENT_CONFIRMATION_OK"
17980,4020423876,4020423927,1,"IOTHUB_CLIENT_CONFIRMATION_OK"
17981,4020424076,4020424122,1,"IOTHUB_CLIENT_CONFIRMATION_OK"
17982,4020424276,4020424356,1,"IOTHUB_CLIENT_CONFIRMATION_OK"
17983,4020424476,4020424519,1,"IOTHUB_CLIENT_CONFIRMATION_OK"
17984,4020424676,4020424719,1,"IOTHUB_CLIENT_CONFIRMATION_OK"
17985,4020424876,4020425066,1,"IOTHUB_CLIENT_CONFIRMATION_OK"
17986,4020425077,4020425112,1,"IOTHUB_CLIENT_CONFIRMATION_OK"
17987,4020425277,4020425334,1,"IOTHUB_CLIENT_CONFIRMATION_OK"
17988,4020425477,4020425517,1,"IOTHUB_CLIENT_CONFIRMATION_OK"
17989,4020425677,4020425734,1,"IOTHUB_CLIENT_CONFIRMATION_OK"
17990,4020425877,4020425927,1,"IOTHUB_CLIENT_CONFIRMATION_OK"
17991,4020426077,4020426169,1,"IOTHUB_CLIENT_CONFIRMATION_OK"
17992,4020426278,4020426374,1,"IOTHUB_CLIENT_CONFIRMATION_OK"
17993,4020426478,4020426521,1,"IOTHUB_CLIENT_CONFIRMATION_OK"
17994,4020426678,4020426734,1,"IOTHUB_CLIENT_CONFIRMATION_OK"
17995,4020426878,4020427000,1,"IOTHUB_CLIENT_CONFIRMATION_OK"
17996,4020427078,4020427142,1,"IOTHUB_CLIENT_CONFIRMATION_OK"
17997,4020427278,4020427330,1,"IOTHUB_CLIENT_CONFIRMATION_OK"
17998,4020427478,4020427637,1,"IOTHUB_CLIENT_CONFIRMATION_OK"
17999,4020427679,4020427734,1,"IOTHUB_CLIENT_CONFIRMATION_OK"
18000,4020427879,4020427930,1,"IOTHUB_CLIENT_CONFIRMATION_OK"
18001,4020428079,4020428125,1,"IOTHUB_CLIENT_CONFIRMATION_OK"
18002,4020428279,4020428312,1,"IOTHUB_CLIENT_CONFIRMATION_OK"
18003,4020428479,4020428521,1,"IOTHUB_CLIENT_CONFIRMATION_OK"
18004,4020428679,4020428749,1,"IOTHUB_CLIENT_CONFIRMATION_OK"
18005,4020428880,4020428933,1,"IOTHUB_CLIENT_CONFIRMATION_OK"
18006,4020429080,4020429131,1,"IOTHUB_CLIENT_CONFIRMATION_OK"
18007,4020429280,4020429329,1,"IOTHUB_CLIENT_CONFIRMATION_OK"
18008,4020429480,4020429543,1,"IOTHUB_CLIENT_CONFIRMATION_OK"
18009,4020429680,4020429770,1,"IOTHUB_CLIENT_CONFIRMATION_OK"
18010,4020429880,4020429936,1,"IOTHUB_CLIENT_CONFIRMATION_OK"
18011,4020430080,4020430257,1,"IOTHUB_CLIENT_CONFIRMATION_OK"
18012,4020430281,4020430327,1,"IOTHUB_CLIENT_CONFIRMATION_OK"
18013,4020430481,4020430540,1,"IOTHUB_CLIENT_CONFIRMATION_OK"
18014,4020430681,4020430851,1,"IOTHUB_CLIENT_CONFIRMATION_OK"
18015,4020430881,4020430927,1,"IOTHUB_CLIENT_CONFIRMATION_OK"
18016,4020431081,4020431172,1,"IOTHUB_CLIENT_CONFIRMATION_OK"
18017,4020431281,4020431324,1,"IOTHUB_CLIENT_CONFIRMATION_OK"
18018,4020431482,4020431522,1,"IOTHUB_CLIENT_CONFIRMATION_OK"
18019,4020431682,4020431757,1,"IOTHUB_CLIENT_CONFIRMATION_OK"
18020,4020431882,4020431936,1,"IOTHUB_CLIENT_CONFIRMATION_OK"
18021,4020432082,4020432159,1,"IOTHUB_CLIENT_CONFIRMATION_OK"
18022,4020432282,4020432340,1,"IOTHUB_CLIENT_CONFIRMATION_OK"
18023,4020432482,4020432540,1,"IOTHUB_CLIENT_CONFIRMATION_OK"
18024,4020432683,4020432741,1,"IOTHUB_CLIENT_CONFIRMATION_OK"
18025,4020432883,4020432944,1,"IOTHUB_CLIENT_CONFIRMATION_OK"
18026,4020433083,4020433129,1,"IOTHUB_CLIENT_CONFIRMATION_OK"
18027,4020433283,4020433335,1,"IOTHUB_CLIENT_CONFIRMATION_OK"
18028,4020433483,4020433544,1,"IOTHUB_CLIENT_CONFIRMATION_OK"
18029,4020433683,4020433740,1,"IOTHUB_CLIENT_CONFIRMATION_OK"
18030,4020433883,4020434116,1,"IOTHUB_CLIENT_CONFIRMATION_OK"
18031,4020434083,4020434207,1,"IOTHUB_CLIENT_CONFIRMATION_OK"
18032,4020434284,4020434344,1,"IOTHUB_CLIENT_CONFIRMATION_OK"
18033,4020434484,4020434527,1,"IOTHUB_CLIENT_CONFIRMATION_OK"
18034,4020434684,4020434772,1,"IOTHUB_CLIENT_CONFIRMATION_OK"
18035,4020434884,4020434930,1,"IOTHUB_CLIENT_CONFIRMATION_OK"
18036,4020435084,4020435143,1,"IOTHUB_CLIENT_CONFIRMATION_OK"
18037,4020435284,4020435382,1,"IOTHUB_CLIENT_CONFIRMATION_OK"
18038,4020435485,4020435528,1,"IOTHUB_CLIENT_CONFIRMATION_OK"
18039,4020435685,4020435725,1,"IOTHUB_CLIENT_CONFIRMATION_OK"
18040,4020435885,4020436011,1,"IOTHUB_CLIENT_CONFIRMATION_OK"
18041,4020436085,4020436160,1,"IOTHUB_CLIENT_CONFIRMATION_OK"
18042,4020436285,4020436467,1,"IOTHUB_CLIENT_CONFIRMATION_OK"
18043,4020436485,4020436691,1,"IOTHUB_CLIENT_CONFIRMATION_OK"
18044,4020436686,4020436744,1,"IOTHUB_CLIENT_CONFIRMATION_OK"
18045,4020436886,4020436945,1,"IOTHUB_CLIENT_CONFIRMATION_OK"
18046,4020437086,4020437135,1,"IOTHUB_CLIENT_CONFIRMATION_OK"
18047,4020437286,4020437373,1,"IOTHUB_CLIENT_CONFIRMATION_OK"
18048,4020437486,4020437562,1,"IOTHUB_CLIENT_CONFIRMATION_OK"
18049,4020437686,4020437748,1,"IOTHUB_CLIENT_CONFIRMATION_OK"
18050,4020437887,4020437936,1,"IOTHUB_CLIENT_CONFIRMATION_OK"
18051,4020438087,4020438130,1,"IOTHUB_CLIENT_CONFIRMATION_OK"
18052,4020438287,4020438333,1,"IOTHUB_CLIENT_CONFIRMATION_OK"
18053,4020438487,4020438533,1,"IOTHUB_CLIENT_CONFIRMATION_OK"
18054,4020438687,4020438745,1,"IOTHUB_CLIENT_CONFIRMATION_OK"
18055,4020438887,4020438925,1,"IOTHUB_CLIENT_CONFIRMATION_OK"
18056,4020439087,4020439133,1,"IOTHUB_CLIENT_CONFIRMATION_OK"
18057,4020439288,4020439331,1,"IOTHUB_CLIENT_CONFIRMATION_OK"
18058,4020439488,4020439541,1,"IOTHUB_CLIENT_CONFIRMATION_OK"
18059,4020439688,4020439767,1,"IOTHUB_CLIENT_CONFIRMATION_OK"
18060,4020439888,4020439955,1,"IOTHUB_CLIENT_CONFIRMATION_OK"
18061,4020440088,4020440155,1,"IOTHUB_CLIENT_CONFIRMATION_OK"
18062,4020440288,4020440344,1,"IOTHUB_CLIENT_CONFIRMATION_OK"
18063,4020440489,4020440531,1,"IOTHUB_CLIENT_CONFIRMATION_OK"
18064,4020440689,4020440761,1,"IOTHUB_CLIENT_CONFIRMATION_OK"
18065,4020440889,4020440940,1,"IOTHUB_CLIENT_CONFIRMATION_OK"
18066,4020441089,4020441136,1,"IOTHUB_CLIENT_CONFIRMATION_OK"
18067,4020441289,4020441397,1,"IOTHUB_CLIENT_CONFIRMATION_OK"
18068,4020441489,4020441542,1,"IOTHUB_CLIENT_CONFIRMATION_OK"
18069,4020441689,4020441746,1,"IOTHUB_CLIENT_CONFIRMATION_OK"
18070,4020441890,4020441935,1,"IOTHUB_CLIENT_CONFIRMATION_OK"
18071,4020442090,4020442131,1,"IOTHUB_CLIENT_CONFIRMATION_OK"
18072,4020442290,4020442355,1,"IOTHUB_CLIENT_CONFIRMATION_OK"
18073,4020442490,4020442537,1,"IOTHUB_CLIENT_CONFIRMATION_OK"
18074,4020442690,4020442766,1,"IOTHUB_CLIENT_CONFIRMATION_OK"
18075,4020442890,4020442939,1,"IOTHUB_CLIENT_CONFIRMATION_OK"
18076,4020443091,4020443207,1,"IOTHUB_CLIENT_CONFIRMATION_OK"
18077,4020443291,4020443330,1,"IOTHUB_CLIENT_CONFIRMATION_OK"
18078,4020443491,4020443550,1,"IOTHUB_CLIENT_CONFIRMATION_OK"
18079,4020443691,4020443781,1,"IOTHUB_CLIENT_CONFIRMATION_OK"
18080,4020443891,4020443951,1,"IOTHUB_CLIENT_CONFIRMATION_OK"
18081,4020444091,4020444173,1,"IOTHUB_CLIENT_CONFIRMATION_OK"
18082,4020444291,4020444428,1,"IOTHUB_CLIENT_CONFIRMATION_OK"
18083,4020444492,4020444527,1,"IOTHUB_CLIENT_CONFIRMATION_OK"
18084,4020444692,4020444739,1,"IOTHUB_CLIENT_CONFIRMATION_OK"
18085,4020444892,4020445036,1,"IOTHUB_CLIENT_CONFIRMATION_OK"
18086,4020445092,4020445162,1,"IOTHUB_CLIENT_CONFIRMATION_OK"
18087,4020445292,4020445358,1,"IOTHUB_CLIENT_CONFIRMATION_OK"
18088,4020445492,4020445551,1,"IOTHUB_CLIENT_CONFIRMATION_OK"
18089,4020445692,4020445816,1,"IOTHUB_CLIENT_CONFIRMATION_OK"
18090,4020445893,4020445937,1,"IOTHUB_CLIENT_CONFIRMATION_OK"
18091,4020446093,4020446212,1,"IOTHUB_CLIENT_CONFIRMATION_OK"
18092,4020446293,4020446341,1,"IOTHUB_CLIENT_CONFIRMATION_OK"
18093,4020446493,4020446557,1,"IOTHUB_CLIENT_CONFIRMATION_OK"
18094,4020446693,4020446739,1,"IOTHUB_CLIENT_CONFIRMATION_OK"
18095,4020446893,4020446944,1,"IOTHUB_CLIENT_CONFIRMATION_OK"
18096,4020447093,4020447144,1,"IOTHUB_CLIENT_CONFIRMATION_OK"
18097,4020447294,4020447416,1,"IOTHUB_CLIENT_CONFIRMATION_OK"
18098,4020447494,4020447706,1,"IOTHUB_CLIENT_CONFIRMATION_OK"
18099,4020447694,4020447732,1,"IOTHUB_CLIENT_CONFIRMATION_OK"
18100,4020447894,4020447929,1,"IOTHUB_CLIENT_CONFIRMATION_OK"
18101,4020448094,4020448138,1,"IOTHUB_CLIENT_CONFIRMATION_OK"
18102,4020448294,4020448337,1,"IOTHUB_CLIENT_CONFIRMATION_OK"
18103,4020448495,4020448547,1,"IOTHUB_CLIENT_CONFIRMATION_OK"
18104,4020448695,4020448736,1,"IOTHUB_CLIENT_CONFIRMATION_OK"
18105,4020448895,4020448939,1,"IOTHUB_CLIENT_CONFIRMATION_OK"
18106,4020449095,4020449140,1,"IOTHUB_CLIENT_CONFIRMATION_OK"
18107,4020449295,4020449352,1,"IOTHUB_CLIENT_CONFIRMATION_OK"
18108,4020449495,4020449542,1,"IOTHUB_CLIENT_CONFIRMATION_OK"
18109,4020449695,4020449748,1,"IOTHUB_CLIENT_CONFIRMATION_OK"
18110,4020449896,4020449938,1,"IOTHUB_CLIENT_CONFIRMATION_OK"
18111,4020450096,4020450227,1,"IOTHUB_CLIENT_CONFIRMATION_OK"
18112,4020450296,4020450343,1,"IOTHUB_CLIENT_CONFIRMATION_OK"
18113,4020450496,4020450538,1,"IOTHUB_CLIENT_CONFIRMATION_OK"
18114,4020450696,4020450934,1,"IOTHUB_CLIENT_CONFIRMATION_OK"
18115,4020450896,4020450982,1,"IOTHUB_CLIENT_CONFIRMATION_OK"
18116,4020451097,4020451138,1,"IOTHUB_CLIENT_CONFIRMATION_OK"
18117,4020451297,4020451337,1,"IOTHUB_CLIENT_CONFIRMATION_OK"
18118,4020451497,4020451536,1,"IOTHUB_CLIENT_CONFIRMATION_OK"
18119,4020451697,4020451741,1,"IOTHUB_CLIENT_CONFIRMATION_OK"
18120,4020451897,4020451938,1,"IOTHUB_CLIENT_CONFIRMATION_OK"
18121,4020452097,4020452149,1,"IOTHUB_CLIENT_CONFIRMATION_OK"
18122,4020452297,4020452340,1,"IOTHUB_CLIENT_CONFIRMATION_OK"
18123,4020452498,4020452540,1,"IOTHUB_CLIENT_CONFIRMATION_OK"
18124,4020452698,4020452739,1,"IOTHUB_CLIENT_CONFIRMATION_OK"
18125,4020452898,4020452947,1,"IOTHUB_CLIENT_CONFIRMATION_OK"
18126,4020453098,4020453146,1,"IOTHUB_CLIENT_CONFIRMATION_OK"
18127,4020453298,4020453346,1,"IOTHUB_CLIENT_CONFIRMATION_OK"
18128,4020453498,4020453544,1,"IOTHUB_CLIENT_CONFIRMATION_OK"
18129,4020453698,4020453743,1,"IOTHUB_CLIENT_CONFIRMATION_OK"
18130,4020453899,4020453942,1,"IOTHUB_CLIENT_CONFIRMATION_OK"
18131,4020454099,4020454141,1,"IOTHUB_CLIENT_CONFIRMATION_OK"
18132,4020454299,4020454341,1,"IOTHUB_CLIENT_CONFIRMATION_OK"
18133,4020454499,4020454545,1,"IOTHUB_CLIENT_CONFIRMATION_OK"
18134,4020454699,4020454790,1,"IOTHUB_CLIENT_CONFIRMATION_OK"
18135,4020454899,4020454940,1,"IOTHUB_CLIENT_CONFIRMATION_OK"
18136,4020455099,4020455200,1,"IOTHUB_CLIENT_CONFIRMATION_OK"
18137,4020455300,4020455396,1,"IOTHUB_CLIENT_CONFIRMATION_OK"
18138,4020455500,4020455543,1,"IOTHUB_CLIENT_CONFIRMATION_OK"
18139,4020455700,4020455759,1,"IOTHUB_CLIENT_CONFIRMATION_OK"
18140,4020455900,4020455998,1,"IOTHUB_CLIENT_CONFIRMATION_OK"
18141,4020456100,4020456143,1,"IOTHUB_CLIENT_CONFIRMATION_OK"
18142,4020456300,4020456363,1,"IOTHUB_CLIENT_CONFIRMATION_OK"
18143,4020456501,4020456610,1,"IOTHUB_CLIENT_CONFIRMATION_OK"
18144,4020456701,4020456742,1,"IOTHUB_CLIENT_CONFIRMATION_OK"
18145,4020456901,4020456953,1,"IOTHUB_CLIENT_CONFIRMATION_OK"
18146,4020457101,4020457161,1,"IOTHUB_CLIENT_CONFIRMATION_OK"
18147,4020457301,4020457341,1,"IOTHUB_CLIENT_CONFIRMATION_OK"
18148,4020457501,4020457547,1,"IOTHUB_CLIENT_CONFIRMATION_OK"
18149,4020457701,4020457741,1,"IOTHUB_CLIENT_CONFIRMATION_OK"
18150,4020457902,4020457939,1,"IOTHUB_CLIENT_CONFIRMATION_OK"
18151,4020458102,4020458146,1,"IOTHUB_CLIENT_CONFIRMATION_OK"
18152,4020458302,4020458341,1,"IOTHUB_CLIENT_CONFIRMATION_OK"
18153,4020458502,4020458650,1,"IOTHUB_CLIENT_CONFIRMATION_OK"
18154,4020458702,4020458748,1,"IOTHUB_CLIENT_CONFIRMATION_OK"
18155,4020458902,4020458945,1,"IOTHUB_CLIENT_CONFIRMATION_OK"
18156,4020459103,4020459252,1,"IOTHUB_CLIENT_CONFIRMATION_OK"
18157,4020459303,4020459352,1,"IOTHUB_CLIENT_CONFIRMATION_OK"
18158,4020459503,4020459539,1,"IOTHUB_CLIENT_CONFIRMATION_OK"
18159,4020459703,4020459760,1,"IOTHUB_CLIENT_CONFIRMATION_OK"
18160,4020459903,4020459942,1,"IOTHUB_CLIENT_CONFIRMATION_OK"
18161,4020460103,4020460147,1,"IOTHUB_CLIENT_CONFIRMATION_OK"
18162,4020460303,4020460345,1,"IOTHUB_CLIENT_CONFIRMATION_OK"
18163,4020460504,4020460543,1,"IOTHUB_CLIENT_CONFIRMATION_OK"
18164,4020460704,4020460751,1,"IOTHUB_CLIENT_CONFIRMATION_OK"
18165,4020460904,4020460944,1,"IOTHUB_CLIENT_CONFIRMATION_OK"
18166,4020461104,4020461163,1,"IOTHUB_CLIENT_CONFIRMATION_OK"
18167,4020461304,4020461347,1,"IOTHUB_CLIENT_CONFIRMATION_OK"
18168,4020461504,4020461551,1,"IOTHUB_CLIENT_CONFIRMATION_OK"
18169,4020461705,4020461742,1,"IOTHUB_CLIENT_CONFIRMATION_OK"
18170,4020461905,4020461951,1,"IOTHUB_CLIENT_CONFIRMATION_OK"
18171,4020462105,4020462152,1,"IOTHUB_CLIENT_CONFIRMATION_OK"
18172,4020462305,4020462345,1,"IOTHUB_CLIENT_CONFIRMATION_OK"
18173,4020462505,4020462546,1,"IOTHUB_CLIENT_CONFIRMATION_OK"
18174,4020462705,4020462749,1,"IOTHUB_CLIENT_CONFIRMATION_OK"
18175,4020462905,4020462939,1,"IOTHUB_CLIENT_CONFIRMATION_OK"
18176,4020463106,4020463182,1,"IOTHUB_CLIENT_CONFIRMATION_OK"
18177,4020463306,4020463371,1,"IOTHUB_CLIENT_CONFIRMATION_OK"
18178,4020463506,4020463578,1,"IOTHUB_CLIENT_CONFIRMATION_OK"
18179,4020463706,4020463769,1,"IOTHUB_CLIENT_CONFIRMATION_OK"
18180,4020463906,4020463949,1,"IOTHUB_CLIENT_CONFIRMATION_OK"
18181,4020464106,4020464147,1,"IOTHUB_CLIENT_CONFIRMATION_OK"
18182,4020464307,4020464362,1,"IOTHUB_CLIENT_CONFIRMATION_OK"
18183,4020464507,4020464555,1,"IOTHUB_CLIENT_CONFIRMATION_OK"
18184,4020464707,4020464816,1,"IOTHUB_CLIENT_CONFIRMATION_OK"
18185,4020464907,4020464977,1,"IOTHUB_CLIENT_CONFIRMATION_OK"
18186,4020465107,4020465154,1,"IOTHUB_CLIENT_CONFIRMATION_OK"
18187,4020465307,4020465370,1,"IOTHUB_CLIENT_CONFIRMATION_OK"
18188,4020465507,4020465550,1,"IOTHUB_CLIENT_CONFIRMATION_OK"
18189,4020465708,4020465776,1,"IOTHUB_CLIENT_CONFIRMATION_OK"
18190,4020465908,4020465975,1,"IOTHUB_CLIENT_CONFIRMATION_OK"
18191,4020466108,4020466155,1,"IOTHUB_CLIENT_CONFIRMATION_OK"
18192,4020466308,4020466390,1,"IOTHUB_CLIENT_CONFIRMATION_OK"
18193,4020466508,4020466549,1,"IOTHUB_CLIENT_CONFIRMATION_OK"
18194,4020466708,4020466785,1,"IOTHUB_CLIENT_CONFIRMATION_OK"
18195,4020466909,4020467012,1,"IOTHUB_CLIENT_CONFIRMATION_OK"
18196,4020467109,4020467162,1,"IOTHUB_CLIENT_CONFIRMATION_OK"
18197,4020467309,4020467355,1,"IOTHUB_CLIENT_CONFIRMATION_OK"
18198,4020467509,4020467619,1,"IOTHUB_CLIENT_CONFIRMATION_OK"
18199,4020467709,4020467746,1,"IOTHUB_CLIENT_CONFIRMATION_OK"
18200,4020467909,4020467965,1,"IOTHUB_CLIENT_CONFIRMATION_OK"
18201,4020468110,4020468157,1,"IOTHUB_CLIENT_CONFIRMATION_OK"
18202,4020468310,4020468375,1,"IOTHUB_CLIENT_CONFIRMATION_OK"
18203,4020468510,4020468554,1,"IOTHUB_CLIENT_CONFIRMATION_OK"
18204,4020468710,4020468754,1,"IOTHUB_CLIENT_CONFIRMATION_OK"
18205,4020468910,4020468956,1,"IOTHUB_CLIENT_CONFIRMATION_OK"
18206,4020469110,4020469158,1,"IOTHUB_CLIENT_CONFIRMATION_OK"
18207,4020469311,4020469348,1,"IOTHUB_CLIENT_CONFIRMATION_OK"
18208,4020469511,4020469671,1,"IOTHUB_CLIENT_CONFIRMATION_OK"
18209,4020469711,4020469763,1,"IOTHUB_CLIENT_CONFIRMATION_OK"
18210,4020469911,4020469953,1,"IOTHUB_CLIENT_CONFIRMATION_OK"
18211,4020470111,4020470275,1,"IOTHUB_CLIENT_CONFIRMATION_OK"
18212,4020470311,4020470377,1,"IOTHUB_CLIENT_CONFIRMATION_OK"
18213,4020470512,4020470551,1,"IOTHUB_CLIENT_CONFIRMATION_OK"
18214,4020470712,4020470884,1,"IOTHUB_CLIENT_CONFIRMATION_OK"
18215,4020470912,4020470952,1,"IOTHUB_CLIENT_CONFIRMATION_OK"
18216,4020471112,4020471154,1,"IOTHUB_CLIENT_CONFIRMATION_OK"
18217,4020471312,4020471365,1,"IOTHUB_CLIENT_CONFIRMATION_OK"
18218,4020471512,4020471553,1,"IOTHUB_CLIENT_CONFIRMATION_OK"
18219,4020471712,4020471746,1,"IOTHUB_CLIENT_CONFIRMATION_OK"
18220,4020471913,4020471956,1,"IOTHUB_CLIENT_CONFIRMATION_OK"
18221,4020472113,4020472153,1,"IOTHUB_CLIENT_CONFIRMATION_OK"
18222,4020472313,4020472380,1,"IOTHUB_CLIENT_CONFIRMATION_OK"
18223,4020472513,4020472556,1,"IOTHUB_CLIENT_CONFIRMATION_OK"
18224,4020472713,4020472754,1,"IOTHUB_CLIENT_CONFIRMATION_OK"
18225,4020472913,4020472954,1,"IOTHUB_CLIENT_CONFIRMATION_OK"
18226,4020473113,4020473167,1,"IOTHUB_CLIENT_CONFIRMATION_OK"
18227,4020473314,4020473359,1,"IOTHUB_CLIENT_CONFIRMATION_OK"
18228,4020473514,4020473568,1,"IOTHUB_CLIENT_CONFIRMATION_OK"
18229,4020473714,4020473749,1,"IOTHUB_CLIENT_CONFIRMATION_OK"
18230,4020473914,4020473967,1,"IOTHUB_CLIENT_CONFIRMATION_OK"
18231,4020474114,4020474150,1,"IOTHUB_CLIENT_CONFIRMATION_OK"
18232,4020474314,4020474429,1,"IOTHUB_CLIENT_CONFIRMATION_OK"
18233,4020474514,4020474556,1,"IOTHUB_CLIENT_CONFIRMATION_OK"
18234,4020474715,4020474784,1,"IOTHUB_CLIENT_CONFIRMATION_OK"
18235,4020474915,4020474953,1,"IOTHUB_CLIENT_CONFIRMATION_OK"
18236,4020475115,4020475161,1,"IOTHUB_CLIENT_CONFIRMATION_OK"
18237,4020475315,4020475469,1,"IOTHUB_CLIENT_CONFIRMATION_OK"
18238,4020475515,4020475556,1,"IOTHUB_CLIENT_CONFIRMATION_OK"
18239,4020475715,4020475780,1,"IOTHUB_CLIENT_CONFIRMATION_OK"
18240,4020475916,4020476094,1,"IOTHUB_CLIENT_CONFIRMATION_OK"
18241,4020476116,4020476159,1,"IOTHUB_CLIENT_CONFIRMATION_OK"
18242,4020476316,4020476354,1,"IOTHUB_CLIENT_CONFIRMATION_OK"
18243,4020476516,4020476679,1,"IOTHUB_CLIENT_CONFIRMATION_OK"
18244,4020476716,4020476812,1,"IOTHUB_CLIENT_CONFIRMATION_OK"
18245,4020476916,4020476961,1,"IOTHUB_CLIENT_CONFIRMATION_OK"
18246,4020477117,4020477167,1,"IOTHUB_CLIENT_CONFIRMATION_OK"
18247,4020477317,4020477361,1,"IOTHUB_CLIENT_CONFIRMATION_OK"
18248,4020477517,4020477559,1,"IOTHUB_CLIENT_CONFIRMATION_OK"
18249,4020477717,4020477752,1,"IOTHUB_CLIENT_CONFIRMATION_OK"
18250,4020477917,4020477968,1,"IOTHUB_CLIENT_CONFIRMATION_OK"
18251,4020478117,4020478165,1,"IOTHUB_CLIENT_CONFIRMATION_OK"
18252,4020478317,4020478382,1,"IOTHUB_CLIENT_CONFIRMATION_OK"
18253,4020478518,4020478597,1,"IOTHUB_CLIENT_CONFIRMATION_OK"
18254,4020478718,4020478758,1,"IOTHUB_CLIENT_CONFIRMATION_OK"
18255,4020478918,4020478986,1,"IOTHUB_CLIENT_CONFIRMATION_OK"
18256,4020479118,4020479410,1,"IOTHUB_CLIENT_CONFIRMATION_OK"
18257,4020479318,4020479495,1,"IOTHUB_CLIENT_CONFIRMATION_OK"
18258,4020479518,4020479562,1,"IOTHUB_CLIENT_CONFIRMATION_OK"
18259,4020479718,4020479762,1,"IOTHUB_CLIENT_CONFIRMATION_OK"
18260,4020479919,4020479967,1,"IOTHUB_CLIENT_CONFIRMATION_OK"
18261,4020480119,4020480158,1,"IOTHUB_CLIENT_CONFIRMATION_OK"
18262,4020480319,4020480390,1,"IOTHUB_CLIENT_CONFIRMATION_OK"
18263,4020480519,4020480567,1,"IOTHUB_CLIENT_CONFIRMATION_OK"
18264,4020480719,4020480758,1,"IOTHUB_CLIENT_CONFIRMATION_OK"
18265,4020480919,4020480963,1,"IOTHUB_CLIENT_CONFIRMATION_OK"
18266,4020481119,4020481260,1,"IOTHUB_CLIENT_CONFIRMATION_OK"
18267,4020481320,4020481373,1,"IOTHUB_CLIENT_CONFIRMATION_OK"
18268,4020481520,4020481565,1,"IOTHUB_CLIENT_CONFIRMATION_OK"
18269,4020481720,4020481829,1,"IOTHUB_CLIENT_CONFIRMATION_OK"
18270,4020481920,4020481965,1,"IOTHUB_CLIENT_CONFIRMATION_OK"
18271,4020482120,4020482163,1,"IOTHUB_CLIENT_CONFIRMATION_OK"
18272,4020482320,4020482365,1,"IOTHUB_CLIENT_CONFIRMATION_OK"
18273,4020482520,4020482563,1,"IOTHUB_CLIENT_CONFIRMATION_OK"
18274,4020482721,4020482765,1,"IOTHUB_CLIENT_CONFIRMATION_OK"
18275,4020482921,4020482966,1,"IOTHUB_CLIENT_CONFIRMATION_OK"
18276,4020483121,4020483156,1,"IOTHUB_CLIENT_CONFIRMATION_OK"
18277,4020483321,4020483376,1,"IOTHUB_CLIENT_CONFIRMATION_OK"
18278,4020483521,4020483569,1,"IOTHUB_CLIENT_CONFIRMATION_OK"
18279,4020483721,4020483761,1,"IOTHUB_CLIENT_CONFIRMATION_OK"
18280,4020483922,4020484046,1,"IOTHUB_CLIENT_CONFIRMATION_OK"
18281,4020484122,4020484164,1,"IOTHUB_CLIENT_CONFIRMATION_OK"
18282,4020484322,4020484486,1,"IOTHUB_CLIENT_CONFIRMATION_OK"
18283,4020484522,4020484687,1,"IOTHUB_CLIENT_CONFIRMATION_OK"
18284,4020484722,4020484762,1,"IOTHUB_CLIENT_CONFIRMATION_OK"
18285,4020484922,4020485091,1,"IOTHUB_CLIENT_CONFIRMATION_OK"
18286,4020485122,4020485178,1,"IOTHUB_CLIENT_CONFIRMATION_OK"
18287,4020485323,4020485390,1,"IOTHUB_CLIENT_CONFIRMATION_OK"
18288,4020485523,4020485595,1,"IOTHUB_CLIENT_CONFIRMATION_OK"
18289,4020485723,4020485811,1,"IOTHUB_CLIENT_CONFIRMATION_OK"
18290,4020485923,4020485961,1,"IOTHUB_CLIENT_CONFIRMATION_OK"
18291,4020486123,4020486162,1,"IOTHUB_CLIENT_CONFIRMATION_OK"
18292,4020486323,4020486382,1,"IOTHUB_CLIENT_CONFIRMATION_OK"
18293,4020486524,4020486577,1,"IOTHUB_CLIENT_CONFIRMATION_OK"
18294,4020486724,4020486762,1,"IOTHUB_CLIENT_CONFIRMATION_OK"
18295,4020486924,4020486964,1,"IOTHUB_CLIENT_CONFIRMATION_OK"
18296,4020487124,4020487177,1,"IOTHUB_CLIENT_CONFIRMATION_OK"
18297,4020487324,4020487373,1,"IOTHUB_CLIENT_CONFIRMATION_OK"
18298,4020487524,4020487570,1,"IOTHUB_CLIENT_CONFIRMATION_OK"
18299,4020487725,4020487773,1,"IOTHUB_CLIENT_CONFIRMATION_OK"
18300,4020487925,4020487968,1,"IOTHUB_CLIENT_CONFIRMATION_OK"
18301,4020488125,4020488169,1,"IOTHUB_CLIENT_CONFIRMATION_OK"
18302,4020488325,4020488380,1,"IOTHUB_CLIENT_CONFIRMATION_OK"
18303,4020488525,4020488601,1,"IOTHUB_CLIENT_CONFIRMATION_OK"
18304,4020488725,4020488784,1,"IOTHUB_CLIENT_CONFIRMATION_OK"
18305,4020488925,4020488992,1,"IOTHUB_CLIENT_CONFIRMATION_OK"
18306,4020489126,4020489173,1,"IOTHUB_CLIENT_CONFIRMATION_OK"
18307,4020489326,4020489376,1,"IOTHUB_CLIENT_CONFIRMATION_OK"
18308,4020489526,4020489611,1,"IOTHUB_CLIENT_CONFIRMATION_OK"
18309,4020489726,4020489771,1,"IOTHUB_CLIENT_CONFIRMATION_OK"
18310,4020489926,4020489977,1,"IOTHUB_CLIENT_CONFIRMATION_OK"
18311,4020490126,4020490227,1,"IOTHUB_CLIENT_CONFIRMATION_OK"
18312,4020490327,4020490366,1,"IOTHUB_CLIENT_CONFIRMATION_OK"
18313,4020490527,4020490585,1,"IOTHUB_CLIENT_CONFIRMATION_OK"
18314,4020490727,4020490846,1,"IOTHUB_CLIENT_CONFIRMATION_OK"
18315,4020490927,4020490984,1,"IOTHUB_CLIENT_CONFIRMATION_OK"
18316,4020491127,4020491163,1,"IOTHUB_CLIENT_CONFIRMATION_OK"
18317,4020491327,4020491368,1,"IOTHUB_CLIENT_CONFIRMATION_OK"
18318,4020491528,4020491572,1,"IOTHUB_CLIENT_CONFIRMATION_OK"
18319,4020491728,4020491782,1,"IOTHUB_CLIENT_CONFIRMATION_OK"
18320,4020491928,4020491986,1,"IOTHUB_CLIENT_CONFIRMATION_OK"
18321,4020492128,4020492185,1,"IOTHUB_CLIENT_CONFIRMATION_OK"
18322,4020492328,4020492371,1,"IOTHUB_CLIENT_CONFIRMATION_OK"
18323,4020492528,4020492574,1,"IOTHUB_CLIENT_CONFIRMATION_OK"
18324,4020492728,4020492872,1,"IOTHUB_CLIENT_CONFIRMATION_OK"
18325,4020492929,4020492985,1,"IOTHUB_CLIENT_CONFIRMATION_OK"
18326,4020493129,4020493168,1,"IOTHUB_CLIENT_CONFIRMATION_OK"
18327,4020493329,4020493430,1,"IOTHUB_CLIENT_CONFIRMATION_OK"
18328,4020493529,4020493575,1,"IOTHUB_CLIENT_CONFIRMATION_OK"
18329,4020493729,4020493772,1,"IOTHUB_CLIENT_CONFIRMATION_OK"
18330,4020493929,4020493976,1,"IOTHUB_CLIENT_CONFIRMATION_OK"
18331,4020494130,4020494173,1,"IOTHUB_CLIENT_CONFIRMATION_OK"
18332,4020494330,4020494423,1,"IOTHUB_CLIENT_CONFIRMATION_OK"
18333,4020494530,4020494602,1,"IOTHUB_CLIENT_CONFIRMATION_OK"
18334,4020494730,4020494772,1,"IOTHUB_CLIENT_CONFIRMATION_OK"
18335,4020494930,4020494974,1,"IOTHUB_CLIENT_CONFIRMATION_OK"
18336,4020495130,4020495171,1,"IOTHUB_CLIENT_CONFIRMATION_OK"
18337,4020495330,4020495381,1,"IOTHUB_CLIENT_CONFIRMATION_OK"
18338,4020495531,4020495604,1,"IOTHUB_CLIENT_CONFIRMATION_OK"
18339,4020495731,4020495776,1,"IOTHUB_CLIENT_CONFIRMATION_OK"
18340,4020495931,4020496108,1,"IOTHUB_CLIENT_CONFIRMATION_OK"
18341,4020496131,4020496175,1,"IOTHUB_CLIENT_CONFIRMATION_OK"
18342,4020496331,4020496374,1,"IOTHUB_CLIENT_CONFIRMATION_OK"
18343,4020496531,4020496707,1,"IOTHUB_CLIENT_CONFIRMATION_OK"
18344,4020496732,4020496789,1,"IOTHUB_CLIENT_CONFIRMATION_OK"
18345,4020496932,4020496974,1,"IOTHUB_CLIENT_CONFIRMATION_OK"
18346,4020497132,4020497186,1,"IOTHUB_CLIENT_CONFIRMATION_OK"
18347,4020497332,4020497382,1,"IOTHUB_CLIENT_CONFIRMATION_OK"
18348,4020497532,4020497571,1,"IOTHUB_CLIENT_CONFIRMATION_OK"
18349,4020497732,4020497771,1,"IOTHUB_CLIENT_CONFIRMATION_OK"
18350,4020497932,4020497984,1,"IOTHUB_CLIENT_CONFIRMATION_OK"
18351,4020498133,4020498193,1,"IOTHUB_CLIENT_CONFIRMATION_OK"
18352,4020498333,4020498452,1,"IOTHUB_CLIENT_CONFIRMATION_OK"
18353,4020498533,4020498581,1,"IOTHUB_CLIENT_CONFIRMATION_OK"
18354,4020498733,4020498793,1,"IOTHUB_CLIENT_CONFIRMATION_OK"
18355,4020498933,4020499000,1,"IOTHUB_CLIENT_CONFIRMATION_OK"
18356,4020499133,4020499178,1,"IOTHUB_CLIENT_CONFIRMATION_OK"
18357,4020499334,4020499425,1,"IOTHUB_CLIENT_CONFIRMATION_OK"
18358,4020499534,4020499579,1,"IOTHUB_CLIENT_CONFIRMATION_OK"
18359,4020499734,4020499794,1,"IOTHUB_CLIENT_CONFIRMATION_OK"
18360,4020499934,4020499991,1,"IOTHUB_CLIENT_CONFIRMATION_OK"
18361,4020500134,4020500176,1,"IOTHUB_CLIENT_CONFIRMATION_OK"
18362,4020500334,4020500373,1,"IOTHUB_CLIENT_CONFIRMATION_OK"
18363,4020500534,4020500626,1,"IOTHUB_CLIENT_CONFIRMATION_OK"
18364,4020500735,4020500778,1,"IOTHUB_CLIENT_CONFIRMATION_OK"
18365,4020500935,4020501010,1,"IOTHUB_CLIENT_CONFIRMATION_OK"
18366,4020501135,4020501233,1,"IOTHUB_CLIENT_CONFIRMATION_OK"
18367,4020501335,4020501389,1,"IOTHUB_CLIENT_CONFIRMATION_OK"
18368,4020501535,4020501592,1,"IOTHUB_CLIENT_CONFIRMATION_OK"
18369,4020501735,4020501850,1,"IOTHUB_CLIENT_CONFIRMATION_OK"
18370,4020501936,4020501979,1,"IOTHUB_CLIENT_CONFIRMATION_OK"
18371,4020502136,4020502180,1,"IOTHUB_CLIENT_CONFIRMATION_OK"
18372,4020502336,4020502379,1,"IOTHUB_CLIENT_CONFIRMATION_OK"
18373,4020502536,4020502571,1,"IOTHUB_CLIENT_CONFIRMATION_OK"
18374,4020502736,4020502780,1,"IOTHUB_CLIENT_CONFIRMATION_OK"
18375,4020502936,4020503008,1,"IOTHUB_CLIENT_CONFIRMATION_OK"
18376,4020503137,4020503196,1,"IOTHUB_CLIENT_CONFIRMATION_OK"
18377,4020503337,4020503376,1,"IOTHUB_CLIENT_CONFIRMATION_OK"
18378,4020503537,4020503576,1,"IOTHUB_CLIENT_CONFIRMATION_OK"
18379,4020503737,4020503782,1,"IOTHUB_CLIENT_CONFIRMATION_OK"
18380,4020503937,4020503982,1,"IOTHUB_CLIENT_CONFIRMATION_OK"
18381,4020504137,4020504182,1,"IOTHUB_CLIENT_CONFIRMATION_OK"
18382,4020504337,4020504374,1,"IOTHUB_CLIENT_CONFIRMATION_OK"
18383,4020504538,4020504577,1,"IOTHUB_CLIENT_CONFIRMATION_OK"
18384,4020504738,4020504778,1,"IOTHUB_CLIENT_CONFIRMATION_OK"
18385,4020504938,4020504989,1,"IOTHUB_CLIENT_CONFIRMATION_OK"
18386,4020505138,4020505172,1,"IOTHUB_CLIENT_CONFIRMATION_OK"
18387,4020505338,4020505391,1,"IOTHUB_CLIENT_CONFIRMATION_OK"
18388,4020505538,4020505579,1,"IOTHUB_CLIENT_CONFIRMATION_OK"
18389,4020505739,4020505778,1,"IOTHUB_CLIENT_CONFIRMATION_OK"
18390,4020505939,4020506007,1,"IOTHUB_CLIENT_CONFIRMATION_OK"
18391,4020506139,4020506260,1,"IOTHUB_CLIENT_CONFIRMATION_OK"
18392,4020506339,4020506391,1,"IOTHUB_CLIENT_CONFIRMATION_OK"
18393,4020506539,4020506600,1,"IOTHUB_CLIENT_CONFIRMATION_OK"
18394,4020506739,4020506813,1,"IOTHUB_CLIENT_CONFIRMATION_OK"
18395,4020506940,4020507022,1,"IOTHUB_CLIENT_CONFIRMATION_OK"
18396,4020507140,4020507188,1,"IOTHUB_CLIENT_CONFIRMATION_OK"
18397,4020507340,4020507394,1,"IOTHUB_CLIENT_CONFIRMATION_OK"
18398,4020507540,4020507643,1,"IOTHUB_CLIENT_CONFIRMATION_OK"
18399,4020507740,4020507780,1,"IOTHUB_CLIENT_CONFIRMATION_OK"
18400,4020507940,4020507998,1,"IOTHUB_CLIENT_CONFIRMATION_OK"
18401,4020508140,4020508192,1,"IOTHUB_CLIENT_CONFIRMATION_OK"
18402,4020508341,4020508385,1,"IOTHUB_CLIENT_CONFIRMATION_OK"
18403,4020508541,4020508585,1,"IOTHUB_CLIENT_CONFIRMATION_OK"
18404,4020508741,4020508787,1,"IOTHUB_CLIENT_CONFIRMATION_OK"
18405,4020508941,4020508984,1,"IOTHUB_CLIENT_CONFIRMATION_OK"
18406,4020509141,4020509190,1,"IOTHUB_CLIENT_CONFIRMATION_OK"
18407,4020509341,4020509390,1,"IOTHUB_CLIENT_CONFIRMATION_OK"
18408,4020509541,4020509580,1,"IOTHUB_CLIENT_CONFIRMATION_OK"
18409,4020509742,4020509795,1,"IOTHUB_CLIENT_CONFIRMATION_OK"
18410,4020509942,4020509998,1,"IOTHUB_CLIENT_CONFIRMATION_OK"
18411,4020510142,4020510331,1,"IOTHUB_CLIENT_CONFIRMATION_OK"
18412,4020510342,4020510396,1,"IOTHUB_CLIENT_CONFIRMATION_OK"
18413,4020510542,4020510596,1,"IOTHUB_CLIENT_CONFIRMATION_OK"
18414,4020510742,4020510924,1,"IOTHUB_CLIENT_CONFIRMATION_OK"
18415,4020510943,4020510990,1,"IOTHUB_CLIENT_CONFIRMATION_OK"
18416,4020511143,4020511201,1,"IOTHUB_CLIENT_CONFIRMATION_OK"
18417,4020511343,4020511384,1,"IOTHUB_CLIENT_CONFIRMATION_OK"
18418,4020511543,4020511585,1,"IOTHUB_CLIENT_CONFIRMATION_OK"
18419,4020511743,4020511779,1,"IOTHUB_CLIENT_CONFIRMATION_OK"
18420,4020511943,4020511997,1,"IOTHUB_CLIENT_CONFIRMATION_OK"
18421,4020512144,4020512181,1,"IOTHUB_CLIENT_CONFIRMATION_OK"
18422,4020512344,4020512392,1,"IOTHUB_CLIENT_CONFIRMATION_OK"
18423,4020512544,4020512588,1,"IOTHUB_CLIENT_CONFIRMATION_OK"
18424,4020512744,4020512797,1,"IOTHUB_CLIENT_CONFIRMATION_OK"
18425,4020512944,4020513003,1,"IOTHUB_CLIENT_CONFIRMATION_OK"
18426,4020513144,4020513202,1,"IOTHUB_CLIENT_CONFIRMATION_OK"
18427,4020513344,4020513390,1,"IOTHUB_CLIENT_CONFIRMATION_OK"
18428,4020513545,4020513673,1,"IOTHUB_CLIENT_CONFIRMATION_OK"
18429,4020513745,4020513787,1,"IOTHUB_CLIENT_CONFIRMATION_OK"
18430,4020513945,4020513982,1,"IOTHUB_CLIENT_CONFIRMATION_OK"
18431,4020514145,4020514203,1,"IOTHUB_CLIENT_CONFIRMATION_OK"
18432,4020514345,4020514384,1,"IOTHUB_CLIENT_CONFIRMATION_OK"
18433,4020514545,4020514583,1,"IOTHUB_CLIENT_CONFIRMATION_OK"
18434,4020514746,4020514785,1,"IOTHUB_CLIENT_CONFIRMATION_OK"
18435,4020514946,4020514982,1,"IOTHUB_CLIENT_CONFIRMATION_OK"
18436,4020515146,4020515212,1,"IOTHUB_CLIENT_CONFIRMATION_OK"
18437,4020515346,4020515402,1,"IOTHUB_CLIENT_CONFIRMATION_OK"
18438,4020515546,4020515595,1,"IOTHUB_CLIENT_CONFIRMATION_OK"
18439,4020515746,4020515785,1,"IOTHUB_CLIENT_CONFIRMATION_OK"
18440,4020515946,4020516021,1,"IOTHUB_CLIENT_CONFIRMATION_OK"
18441,4020516147,4020516199,1,"IOTHUB_CLIENT_CONFIRMATION_OK"
18442,4020516347,4020516385,1,"IOTHUB_CLIENT_CONFIRMATION_OK"
18443,4020516547,4020516618,1,"IOTHUB_CLIENT_CONFIRMATION_OK"
18444,4020516747,4020516790,1,"IOTHUB_CLIENT_CONFIRMATION_OK"
18445,4020516947,4020517021,1,"IOTHUB_CLIENT_CONFIRMATION_OK"
18446,4020517147,4020517185,1,"IOTHUB_CLIENT_CONFIRMATION_OK"
18447,4020517347,4020517390,1,"IOTHUB_CLIENT_CONFIRMATION_OK"
18448,4020517548,4020517603,1,"IOTHUB_CLIENT_CONFIRMATION_OK"
18449,4020517748,4020517791,1,"IOTHUB_CLIENT_CONFIRMATION_OK"
18450,4020517948,4020518084,1,"IOTHUB_CLIENT_CONFIRMATION_OK"
18451,4020518148,4020518246,1,"IOTHUB_CLIENT_CONFIRMATION_OK"
18452,4020518348,4020518391,1,"IOTHUB_CLIENT_CONFIRMATION_OK"
18453,4020518548,4020518672,1,"IOTHUB_CLIENT_CONFIRMATION_OK"
18454,4020518749,4020518791,1,"IOTHUB_CLIENT_CONFIRMATION_OK"
18455,4020518949,4020518989,1,"IOTHUB_CLIENT_CONFIRMATION_OK"
18456,4020519149,4020519274,1,"IOTHUB_CLIENT_CONFIRMATION_OK"
18457,4020519349,4020519395,1,"IOTHUB_CLIENT_CONFIRMATION_OK"
18458,4020519549,4020519591,1,"IOTHUB_CLIENT_CONFIRMATION_OK"
18459,4020519749,4020519794,1,"IOTHUB_CLIENT_CONFIRMATION_OK"
18460,4020519950,4020519989,1,"IOTHUB_CLIENT_CONFIRMATION_OK"
18461,4020520150,4020520220,1,"IOTHUB_CLIENT_CONFIRMATION_OK"
18462,4020520350,4020520391,1,"IOTHUB_CLIENT_CONFIRMATION_OK"
18463,4020520550,4020520629,1,"IOTHUB_CLIENT_CONFIRMATION_OK"
18464,4020520750,4020520796,1,"IOTHUB_CLIENT_CONFIRMATION_OK"
18465,4020520950,4020520996,1,"IOTHUB_CLIENT_CONFIRMATION_OK"
18466,4020521151,4020521195,1,"IOTHUB_CLIENT_CONFIRMATION_OK"
18467,4020521351,4020521404,1,"IOTHUB_CLIENT_CONFIRMATION_OK"
18468,4020521551,4020521599,1,"IOTHUB_CLIENT_CONFIRMATION_OK"
18469,4020521751,4020521941,1,"IOTHUB_CLIENT_CONFIRMATION_OK"
18470,4020521951,4020522000,1,"IOTHUB_CLIENT_CONFIRMATION_OK"
18471,4020522151,4020522191,1,"IOTHUB_CLIENT_CONFIRMATION_OK"
18472,4020522351,4020522403,1,"IOTHUB_CLIENT_CONFIRMATION_OK"
18473,4020522552,4020522594,1,"IOTHUB_CLIENT_CONFIRMATION_OK"
18474,4020522752,4020522791,1,"IOTHUB_CLIENT_CONFIRMATION_OK"
18475,4020522952,4020522991,1,"IOTHUB_CLIENT_CONFIRMATION_OK"
18476,4020523152,4020523191,1,"IOTHUB_CLIENT_CONFIRMATION_OK"
18477,4020523352,4020523397,1,"IOTHUB_CLIENT_CONFIRMATION_OK"
18478,4020523552,4020523594,1,"IOTHUB_CLIENT_CONFIRMATION_OK"
18479,4020523753,4020523807,1,"IOTHUB_CLIENT_CONFIRMATION_OK"
18480,4020523953,4020524009,1,"IOTHUB_CLIENT_CONFIRMATION_OK"
18481,4020524153,4020524202,1,"IOTHUB_CLIENT_CONFIRMATION_OK"
18482,4020524353,4020524408,1,"IOTHUB_CLIENT_CONFIRMATION_OK"
18483,4020524553,4020524594,1,"IOTHUB_CLIENT_CONFIRMATION_OK"
18484,4020524753,4020524800,1,"IOTHUB_CLIENT_CONFIRMATION_OK"
18485,4020524954,4020525018,1,"IOTHUB_CLIENT_CONFIRMATION_OK"
18486,4020525154,4020525202,1,"IOTHUB_CLIENT_CONFIRMATION_OK"
18487,4020525354,4020525403,1,"IOTHUB_CLIENT_CONFIRMATION_OK"
18488,4020525554,4020525597,1,"IOTHUB_CLIENT_CONFIRMATION_OK"
18489,4020525754,4020525797,1,"IOTHUB_CLIENT_CONFIRMATION_OK"
18490,4020525954,4020526127,1,"IOTHUB_CLIENT_CONFIRMATION_OK"
18491,4020526154,4020526194,1,"IOTHUB_CLIENT_CONFIRMATION_OK"
18492,4020526355,4020526391,1,"IOTHUB_CLIENT_CONFIRMATION_OK"
18493,4020526555,4020526598,1,"IOTHUB_CLIENT_CONFIRMATION_OK"
18494,4020526755,4020526798,1,"IOTHUB_CLIENT_CONFIRMATION_OK"
18495,4020526955,4020526991,1,"IOTHUB_CLIENT_CONFIRMATION_OK"
18496,4020527155,4020527193,1,"IOTHUB_CLIENT_CONFIRMATION_OK"
18497,4020527355,4020527395,1,"IOTHUB_CLIENT_CONFIRMATION_OK"
18498,4020527556,4020527593,1,"IOTHUB_CLIENT_CONFIRMATION_OK"
18499,4020527756,4020527795,1,"IOTHUB_CLIENT_CONFIRMATION_OK"
18500,4020527956,4020527996,1,"IOTHUB_CLIENT_CONFIRMATION_OK"
18501,4020528156,4020528199,1,"IOTHUB_CLIENT_CONFIRMATION_OK"
18502,4020528356,4020528446,1,"IOTHUB_CLIENT_CONFIRMATION_OK"
18503,4020528557,4020528605,1,"IOTHUB_CLIENT_CONFIRMATION_OK"
18504,4020528757,4020528802,1,"IOTHUB_CLIENT_CONFIRMATION_OK"
18505,4020528957,4020529323,1,"IOTHUB_CLIENT_CONFIRMATION_OK"
18506,4020529157,4020529379,1,"IOTHUB_CLIENT_CONFIRMATION_OK"
18507,4020529357,4020529420,1,"IOTHUB_CLIENT_CONFIRMATION_OK"
18508,4020529557,4020529624,1,"IOTHUB_CLIENT_CONFIRMATION_OK"
18509,4020529757,4020529792,1,"IOTHUB_CLIENT_CONFIRMATION_OK"
18510,4020529958,4020530015,1,"IOTHUB_CLIENT_CONFIRMATION_OK"
18511,4020530158,4020530234,1,"IOTHUB_CLIENT_CONFIRMATION_OK"
18512,4020530358,4020530403,1,"IOTHUB_CLIENT_CONFIRMATION_OK"
18513,4020530558,4020530602,1,"IOTHUB_CLIENT_CONFIRMATION_OK"
18514,4020530758,4020530867,1,"IOTHUB_CLIENT_CONFIRMATION_OK"
18515,4020530958,4020531002,1,"IOTHUB_CLIENT_CONFIRMATION_OK"
18516,4020531159,4020531235,1,"IOTHUB_CLIENT_CONFIRMATION_OK"
18517,4020531359,4020531404,1,"IOTHUB_CLIENT_CONFIRMATION_OK"
18518,4020531559,4020531687,1,"IOTHUB_CLIENT_CONFIRMATION_OK"
18519,4020531759,4020531800,1,"IOTHUB_CLIENT_CONFIRMATION_OK"
18520,4020531960,4020532004,1,"IOTHUB_CLIENT_CONFIRMATION_OK"
18521,4020532160,4020532233,1,"IOTHUB_CLIENT_CONFIRMATION_OK"
18522,4020532360,4020532398,1,"IOTHUB_CLIENT_CONFIRMATION_OK"
18523,4020532560,4020532602,1,"IOTHUB_CLIENT_CONFIRMATION_OK"
18524,4020532760,4020532890,1,"IOTHUB_CLIENT_CONFIRMATION_OK"
18525,4020532960,4020533000,1,"IOTHUB_CLIENT_CONFIRMATION_OK"
18526,4020533160,4020533208,1,"IOTHUB_CLIENT_CONFIRMATION_OK"
18527,4020533361,4020533503,1,"IOTHUB_CLIENT_CONFIRMATION_OK"
18528,4020533561,4020533605,1,"IOTHUB_CLIENT_CONFIRMATION_OK"
18529,4020533761,4020533803,1,"IOTHUB_CLIENT_CONFIRMATION_OK"
18530,4020533961,4020534007,1,"IOTHUB_CLIENT_CONFIRMATION_OK"
18531,4020534161,4020534401,1,"IOTHUB_CLIENT_CONFIRMATION_OK"
18532,4020534361,4020534419,1,"IOTHUB_CLIENT_CONFIRMATION_OK"
18533,4020534561,4020534604,1,"IOTHUB_CLIENT_CONFIRMATION_OK"
18534,4020534762,4020534834,1,"IOTHUB_CLIENT_CONFIRMATION_OK"
18535,4020534962,4020535006,1,"IOTHUB_CLIENT_CONFIRMATION_OK"
18536,4020535162,4020535199,1,"IOTHUB_CLIENT_CONFIRMATION_OK"
18537,4020535362,4020535530,1,"IOTHUB_CLIENT_CONFIRMATION_OK"
18538,4020535562,4020535611,1,"IOTHUB_CLIENT_CONFIRMATION_OK"
18539,4020535762,4020535803,1,"IOTHUB_CLIENT_CONFIRMATION_OK"
18540,4020535963,4020536047,1,"IOTHUB_CLIENT_CONFIRMATION_OK"
18541,4020536163,4020536212,1,"IOTHUB_CLIENT_CONFIRMATION_OK"
18542,4020536363,4020536405,1,"IOTHUB_CLIENT_CONFIRMATION_OK"
18543,4020536563,4020536658,1,"IOTHUB_CLIENT_CONFIRMATION_OK"
18544,4020536763,4020536810,1,"IOTHUB_CLIENT_CONFIRMATION_OK"
18545,4020536963,4020537030,1,"IOTHUB_CLIENT_CONFIRMATION_OK"
18546,4020537164,4020537211,1,"IOTHUB_CLIENT_CONFIRMATION_OK"
18547,4020537364,4020537403,1,"IOTHUB_CLIENT_CONFIRMATION_OK"
18548,4020537564,4020537605,1,"IOTHUB_CLIENT_CONFIRMATION_OK"
18549,4020537764,4020537835,1,"IOTHUB_CLIENT_CONFIRMATION_OK"
18550,4020537964,4020538088,1,"IOTHUB_CLIENT_CONFIRMATION_OK"
18551,4020538164,4020538199,1,"IOTHUB_CLIENT_CONFIRMATION_OK"
18552,4020538364,4020538423,1,"IOTHUB_CLIENT_CONFIRMATION_OK"
18553,4020538565,4020538703,1,"IOTHUB_CLIENT_CONFIRMATION_OK"
18554,4020538765,4020538806,1,"IOTHUB_CLIENT_CONFIRMATION_OK"
18555,4020538965,4020539006,1,"IOTHUB_CLIENT_CONFIRMATION_OK"
18556,4020539165,4020539289,1,"IOTHUB_CLIENT_CONFIRMATION_OK"
18557,4020539365,4020539436,1,"IOTHUB_CLIENT_CONFIRMATION_OK"
18558,4020539565,4020539608,1,"IOTHUB_CLIENT_CONFIRMATION_OK"
18559,4020539766,4020539799,1,"IOTHUB_CLIENT_CONFIRMATION_OK"
18560,4020539966,4020540003,1,"IOTHUB_CLIENT_CONFIRMATION_OK"
18561,4020540166,4020540210,1,"IOTHUB_CLIENT_CONFIRMATION_OK"
18562,4020540366,4020540410,1,"IOTHUB_CLIENT_CONFIRMATION_OK"
18563,4020540566,4020540627,1,"IOTHUB_CLIENT_CONFIRMATION_OK"
18564,4020540766,4020540813,1,"IOTHUB_CLIENT_CONFIRMATION_OK"
18565,4020540966,4020541014,1,"IOTHUB_CLIENT_CONFIRMATION_OK"
18566,4020541167,4020541269,1,"IOTHUB_CLIENT_CONFIRMATION_OK"
18567,4020541367,4020541422,1,"IOTHUB_CLIENT_CONFIRMATION_OK"
18568,4020541567,4020541619,1,"IOTHUB_CLIENT_CONFIRMATION_OK"
18569,4020541767,4020541848,1,"IOTHUB_CLIENT_CONFIRMATION_OK"
18570,4020541967,4020542010,1,"IOTHUB_CLIENT_CONFIRMATION_OK"
18571,4020542167,4020542211,1,"IOTHUB_CLIENT_CONFIRMATION_OK"
18572,4020542368,4020542419,1,"IOTHUB_CLIENT_CONFIRMATION_OK"
18573,4020542568,4020542609,1,"IOTHUB_CLIENT_CONFIRMATION_OK"
18574,4020542768,4020542810,1,"IOTHUB_CLIENT_CONFIRMATION_OK"
18575,4020542968,4020543023,1,"IOTHUB_CLIENT_CONFIRMATION_OK"
18576,4020543168,4020543248,1,"IOTHUB_CLIENT_CONFIRMATION_OK"
18577,4020543368,4020543407,1,"IOTHUB_CLIENT_CONFIRMATION_OK"
18578,4020543568,4020543618,1,"IOTHUB_CLIENT_CONFIRMATION_OK"
18579,4020543769,4020543885,1,"IOTHUB_CLIENT_CONFIRMATION_OK"
18580,4020543969,4020544011,1,"IOTHUB_CLIENT_CONFIRMATION_OK"
18581,4020544169,4020544210,1,"IOTHUB_CLIENT_CONFIRMATION_OK"
18582,4020544369,4020544495,1,"IOTHUB_CLIENT_CONFIRMATION_OK"
18583,4020544569,4020544620,1,"IOTHUB_CLIENT_CONFIRMATION_OK"
18584,4020544769,4020544814,1,"IOTHUB_CLIENT_CONFIRMATION_OK"
18585,4020544970,4020545086,1,"IOTHUB_CLIENT_CONFIRMATION_OK"
18586,4020545170,4020545209,1,"IOTHUB_CLIENT_CONFIRMATION_OK"
18587,4020545370,4020545436,1,"IOTHUB_CLIENT_CONFIRMATION_OK"
18588,4020545570,4020545635,1,"IOTHUB_CLIENT_CONFIRMATION_OK"
18589,4020545770,4020545814,1,"IOTHUB_CLIENT_CONFIRMATION_OK"
18590,4020545970,4020546015,1,"IOTHUB_CLIENT_CONFIRMATION_OK"
18591,4020546170,4020546223,1,"IOTHUB_CLIENT_CONFIRMATION_OK"
18592,4020546371,4020546421,1,"IOTHUB_CLIENT_CONFIRMATION_OK"
18593,4020546571,4020546611,1,"IOTHUB_CLIENT_CONFIRMATION_OK"
18594,4020546771,4020546819,1,"IOTHUB_CLIENT_CONFIRMATION_OK"
18595,4020546971,4020547011,1,"IOTHUB_CLIENT_CONFIRMATION_OK"
18596,4020547171,4020547217,1,"IOTHUB_CLIENT_CONFIRMATION_OK"
18597,4020547371,4020547420,1,"IOTHUB_CLIENT_CONFIRMATION_OK"
18598,4020547572,4020547739,1,"IOTHUB_CLIENT_CONFIRMATION_OK"
18599,4020547772,4020547823,1,"IOTHUB_CLIENT_CONFIRMATION_OK"
18600,4020547972,4020548024,1,"IOTHUB_CLIENT_CONFIRMATION_OK"
18601,4020548172,4020548306,1,"IOTHUB_CLIENT_CONFIRMATION_OK"
18602,4020548372,4020548407,1,"IOTHUB_CLIENT_CONFIRMATION_OK"
18603,4020548572,4020548609,1,"IOTHUB_CLIENT_CONFIRMATION_OK"
18604,4020548772,4020548829,1,"IOTHUB_CLIENT_CONFIRMATION_OK"
18605,4020548973,4020549018,1,"IOTHUB_CLIENT_CONFIRMATION_OK"
18606,4020549173,4020549228,1,"IOTHUB_CLIENT_CONFIRMATION_OK"
18607,4020549373,4020549428,1,"IOTHUB_CLIENT_CONFIRMATION_OK"
18608,4020549573,4020549618,1,"IOTHUB_CLIENT_CONFIRMATION_OK"
18609,4020549773,4020549915,1,"IOTHUB_CLIENT_CONFIRMATION_OK"
18610,4020549973,4020550046,1,"IOTHUB_CLIENT_CONFIRMATION_OK"
18611,4020550173,4020550223,1,"IOTHUB_CLIENT_CONFIRMATION_OK"
18612,4020550374,4020550436,1,"IOTHUB_CLIENT_CONFIRMATION_OK"
18613,4020550574,4020550616,1,"IOTHUB_CLIENT_CONFIRMATION_OK"
18614,4020550774,4020550880,1,"IOTHUB_CLIENT_CONFIRMATION_OK"
18615,4020550974,4020551017,1,"IOTHUB_CLIENT_CONFIRMATION_OK"
18616,4020551174,4020551218,1,"IOTHUB_CLIENT_CONFIRMATION_OK"
18617,4020551374,4020551416,1,"IOTHUB_CLIENT_CONFIRMATION_OK"
18618,4020551574,4020551617,1,"IOTHUB_CLIENT_CONFIRMATION_OK"
18619,4020551775,4020551819,1,"IOTHUB_CLIENT_CONFIRMATION_OK"
18620,4020551975,4020552043,1,"IOTHUB_CLIENT_CONFIRMATION_OK"
18621,4020552175,4020552265,1,"IOTHUB_CLIENT_CONFIRMATION_OK"
18622,4020552375,4020552424,1,"IOTHUB_CLIENT_CONFIRMATION_OK"
18623,4020552575,4020552614,1,"IOTHUB_CLIENT_CONFIRMATION_OK"
18624,4020552775,4020552880,1,"IOTHUB_CLIENT_CONFIRMATION_OK"
18625,4020552975,4020553023,1,"IOTHUB_CLIENT_CONFIRMATION_OK"
18626,4020553176,4020553239,1,"IOTHUB_CLIENT_CONFIRMATION_OK"
18627,4020553376,4020553470,1,"IOTHUB_CLIENT_CONFIRMATION_OK"
18628,4020553576,4020553621,1,"IOTHUB_CLIENT_CONFIRMATION_OK"
18629,4020553776,4020553829,1,"IOTHUB_CLIENT_CONFIRMATION_OK"
18630,4020553976,4020554031,1,"IOTHUB_CLIENT_CONFIRMATION_OK"
18631,4020554176,4020554223,1,"IOTHUB_CLIENT_CONFIRMATION_OK"
18632,4020554377,4020554419,1,"IOTHUB_CLIENT_CONFIRMATION_OK"
18633,4020554577,4020554623,1,"IOTHUB_CLIENT_CONFIRMATION_OK"
18634,4020554777,4020554846,1,"IOTHUB_CLIENT_CONFIRMATION_OK"
18635,4020554977,4020555023,1,"IOTHUB_CLIENT_CONFIRMATION_OK"
18636,4020555177,4020555226,1,"IOTHUB_CLIENT_CONFIRMATION_OK"
18637,4020555377,4020555412,1,"IOTHUB_CLIENT_CONFIRMATION_OK"
18638,4020555578,4020555622,1,"IOTHUB_CLIENT_CONFIRMATION_OK"
18639,4020555778,4020555865,1,"IOTHUB_CLIENT_CONFIRMATION_OK"
18640,4020555978,4020556168,1,"IOTHUB_CLIENT_CONFIRMATION_OK"
18641,4020556178,4020556225,1,"IOTHUB_CLIENT_CONFIRMATION_OK"
18642,4020556378,4020556426,1,"IOTHUB_CLIENT_CONFIRMATION_OK"
18643,4020556578,4020556771,1,"IOTHUB_CLIENT_CONFIRMATION_OK"
18644,4020556779,4020556819,1,"IOTHUB_CLIENT_CONFIRMATION_OK"
18645,4020556979,4020557040,1,"IOTHUB_CLIENT_CONFIRMATION_OK"
18646,4020557179,4020557225,1,"IOTHUB_CLIENT_CONFIRMATION_OK"
18647,4020557379,4020557420,1,"IOTHUB_CLIENT_CONFIRMATION_OK"
18648,4020557579,4020557677,1,"IOTHUB_CLIENT_CONFIRMATION_OK"
18649,4020557779,4020557816,1,"IOTHUB_CLIENT_CONFIRMATION_OK"
18650,4020557980,4020558019,1,"IOTHUB_CLIENT_CONFIRMATION_OK"
18651,4020558180,4020558225,1,"IOTHUB_CLIENT_CONFIRMATION_OK"
18652,4020558380,4020559032,1,"IOTHUB_CLIENT_CONFIRMATION_OK"
18653,4020558580,4020559069,1,"IOTHUB_CLIENT_CONFIRMATION_OK"
18654,4020558780,4020559122,1,"IOTHUB_CLIENT_CONFIRMATION_OK"
18655,4020558980,4020559162,1,"IOTHUB_CLIENT_CONFIRMATION_OK"
18656,4020559180,4020559307,1,"IOTHUB_CLIENT_CONFIRMATION_OK"
18657,4020559381,4020559441,1,"IOTHUB_CLIENT_CONFIRMATION_OK"
18658,4020559581,4020559622,1,"IOTHUB_CLIENT_CONFIRMATION_OK"
18659,4020559781,4020559835,1,"IOTHUB_CLIENT_CONFIRMATION_OK"
18660,4020559981,4020560032,1,"IOTHUB_CLIENT_CONFIRMATION_OK"
18661,4020560181,4020560230,1,"IOTHUB_CLIENT_CONFIRMATION_OK"
18662,4020560381,4020560427,1,"IOTHUB_CLIENT_CONFIRMATION_OK"
18663,4020560581,4020560641,1,"IOTHUB_CLIENT_CONFIRMATION_OK"
18664,4020560782,4020560831,1,"IOTHUB_CLIENT_CONFIRMATION_OK"
18665,4020560982,4020561028,1,"IOTHUB_CLIENT_CONFIRMATION_OK"
18666,4020561182,4020561252,1,"IOTHUB_CLIENT_CONFIRMATION_OK"
18667,4020561382,4020561469,1,"IOTHUB_CLIENT_CONFIRMATION_OK"
18668,4020561582,4020561627,1,"IOTHUB_CLIENT_CONFIRMATION_OK"
18669,4020561782,4020561889,1,"IOTHUB_CLIENT_CONFIRMATION_OK"
18670,4020561982,4020562037,1,"IOTHUB_CLIENT_CONFIRMATION_OK"
18671,4020562183,4020562229,1,"IOTHUB_CLIENT_CONFIRMATION_OK"
18672,4020562383,4020562428,1,"IOTHUB_CLIENT_CONFIRMATION_OK"
18673,4020562583,4020562634,1,"IOTHUB_CLIENT_CONFIRMATION_OK"
18674,4020562783,4020562829,1,"IOTHUB_CLIENT_CONFIRMATION_OK"
18675,4020562983,4020563029,1,"IOTHUB_CLIENT_CONFIRMATION_OK"
18676,4020563183,4020563220,1,"IOTHUB_CLIENT_CONFIRMATION_OK"
18677,4020563384,4020563422,1,"IOTHUB_CLIENT_CONFIRMATION_OK"
18678,4020563584,4020563627,1,"IOTHUB_CLIENT_CONFIRMATION_OK"
18679,4020563784,4020563826,1,"IOTHUB_CLIENT_CONFIRMATION_OK"
18680,4020563984,4020564036,1,"IOTHUB_CLIENT_CONFIRMATION_OK"
18681,4020564184,4020564251,1,"IOTHUB_CLIENT_CONFIRMATION_OK"
18682,4020564384,4020564543,1,"IOTHUB_CLIENT_CONFIRMATION_OK"
18683,4020564584,4020564635,1,"IOTHUB_CLIENT_CONFIRMATION_OK"
18684,4020564785,4020564825,1,"IOTHUB_CLIENT_CONFIRMATION_OK"
18685,4020564985,4020565129,1,"IOTHUB_CLIENT_CONFIRMATION_OK"
18686,4020565185,4020565233,1,"IOTHUB_CLIENT_CONFIRMATION_OK"
18687,4020565385,4020565428,1,"IOTHUB_CLIENT_CONFIRMATION_OK"
18688,4020565585,4020565629,1,"IOTHUB_CLIENT_CONFIRMATION_OK"
18689,4020565785,4020565868,1,"IOTHUB_CLIENT_CONFIRMATION_OK"
18690,4020565986,4020566172,1,"IOTHUB_CLIENT_CONFIRMATION_OK"
18691,4020566186,4020566227,1,"IOTHUB_CLIENT_CONFIRMATION_OK"
18692,4020566386,4020566433,1,"IOTHUB_CLIENT_CONFIRMATION_OK"
18693,4020566586,4020566621,1,"IOTHUB_CLIENT_CONFIRMATION_OK"
18694,4020566786,4020566828,1,"IOTHUB_CLIENT_CONFIRMATION_OK"
18695,4020566986,4020567026,1,"IOTHUB_CLIENT_CONFIRMATION_OK"
18696,4020567187,4020567241,1,"IOTHUB_CLIENT_CONFIRMATION_OK"
18697,4020567387,4020567433,1,"IOTHUB_CLIENT_CONFIRMATION_OK"
18698,4020567587,4020567637,1,"IOTHUB_CLIENT_CONFIRMATION_OK"
18699,4020567787,4020567836,1,"IOTHUB_CLIENT_CONFIRMATION_OK"
18700,4020567987,4020568045,1,"IOTHUB_CLIENT_CONFIRMATION_OK"
18701,4020568187,4020568230,1,"IOTHUB_CLIENT_CONFIRMATION_OK"
18702,4020568387,4020568424,1,"IOTHUB_CLIENT_CONFIRMATION_OK"
18703,4020568588,4020568629,1,"IOTHUB_CLIENT_CONFIRMATION_OK"
18704,4020568788,4020568827,1,"IOTHUB_CLIENT_CONFIRMATION_OK"
18705,4020568988,4020569041,1,"IOTHUB_CLIENT_CONFIRMATION_OK"
18706,4020569188,4020569250,1,"IOTHUB_CLIENT_CONFIRMATION_OK"
18707,4020569388,4020569462,1,"IOTHUB_CLIENT_CONFIRMATION_OK"
18708,4020569588,4020569624,1,"IOTHUB_CLIENT_CONFIRMATION_OK"
18709,4020569789,4020569837,1,"IOTHUB_CLIENT_CONFIRMATION_OK"
18710,4020569989,4020570037,1,"IOTHUB_CLIENT_CONFIRMATION_OK"
18711,4020570189,4020570259,1,"IOTHUB_CLIENT_CONFIRMATION_OK"
18712,4020570389,4020570433,1,"IOTHUB_CLIENT_CONFIRMATION_OK"
18713,4020570589,4020570648,1,"IOTHUB_CLIENT_CONFIRMATION_OK"
18714,4020570789,4020570855,1,"IOTHUB_CLIENT_CONFIRMATION_OK"
18715,4020570990,4020571054,1,"IOTHUB_CLIENT_CONFIRMATION_OK"
18716,4020571190,4020571239,1,"IOTHUB_CLIENT_CONFIRMATION_OK"
18717,4020571390,4020571508,1,"IOTHUB_CLIENT_CONFIRMATION_OK"
18718,4020571590,4020571647,1,"IOTHUB_CLIENT_CONFIRMATION_OK"
18719,4020571790,4020571837,1,"IOTHUB_CLIENT_CONFIRMATION_OK"
18720,4020571990,4020572028,1,"IOTHUB_CLIENT_CONFIRMATION_OK"
18721,4020572190,4020572291,1,"IOTHUB_CLIENT_CONFIRMATION_OK"
18722,4020572391,4020572453,1,"IOTHUB_CLIENT_CONFIRMATION_OK"
18723,4020572591,4020572630,1,"IOTHUB_CLIENT_CONFIRMATION_OK"
18724,4020572791,4020572852,1,"IOTHUB_CLIENT_CONFIRMATION_OK"
18725,4020572991,4020573033,1,"IOTHUB_CLIENT_CONFIRMATION_OK"
18726,4020573191,4020573237,1,"IOTHUB_CLIENT_CONFIRMATION_OK"
18727,4020573392,4020573572,1,"IOTHUB_CLIENT_CONFIRMATION_OK"
18728,4020573592,4020573644,1,"IOTHUB_CLIENT_CONFIRMATION_OK"
18729,4020573792,4020573847,1,"IOTHUB_CLIENT_CONFIRMATION_OK"
18730,4020573992,4020574049,1,"IOTHUB_CLIENT_CONFIRMATION_OK"
18731,4020574192,4020574237,1,"IOTHUB_CLIENT_CONFIRMATION_OK"
18732,4020574392,4020574434,1,"IOTHUB_CLIENT_CONFIRMATION_OK"
18733,4020574593,4020574637,1,"IOTHUB_CLIENT_CONFIRMATION_OK"
18734,4020574793,4020574842,1,"IOTHUB_CLIENT_CONFIRMATION_OK"
18735,4020574993,4020575036,1,"IOTHUB_CLIENT_CONFIRMATION_OK"
18736,4020575193,4020575235,1,"IOTHUB_CLIENT_CONFIRMATION_OK"
18737,4020575393,4020575431,1,"IOTHUB_CLIENT_CONFIRMATION_OK"
18738,4020575593,4020575638,1,"IOTHUB_CLIENT_CONFIRMATION_OK"
18739,4020575793,4020575837,1,"IOTHUB_CLIENT_CONFIRMATION_OK"
18740,4020575994,4020576037,1,"IOTHUB_CLIENT_CONFIRMATION_OK"
18741,4020576194,4020576254,1,"IOTHUB_CLIENT_CONFIRMATION_OK"
18742,4020576394,4020576443,1,"IOTHUB_CLIENT_CONFIRMATION_OK"
18743,4020576594,4020576648,1,"IOTHUB_CLIENT_CONFIRMATION_OK"
18744,4020576794,4020576865,1,"IOTHUB_CLIENT_CONFIRMATION_OK"
18745,4020576994,4020577035,1,"IOTHUB_CLIENT_CONFIRMATION_OK"
18746,4020577195,4020577240,1,"IOTHUB_CLIENT_CONFIRMATION_OK"
18747,4020577395,4020577438,1,"IOTHUB_CLIENT_CONFIRMATION_OK"
18748,4020577595,4020577659,1,"IOTHUB_CLIENT_CONFIRMATION_OK"
18749,4020577795,4020577840,1,"IOTHUB_CLIENT_CONFIRMATION_OK"
18750,4020577995,4020578079,1,"IOTHUB_CLIENT_CONFIRMATION_OK"
18751,4020578195,4020578241,1,"IOTHUB_CLIENT_CONFIRMATION_OK"
18752,4020578395,4020578450,1,"IOTHUB_CLIENT_CONFIRMATION_OK"
18753,4020578596,4020578635,1,"IOTHUB_CLIENT_CONFIRMATION_OK"
18754,4020578796,4020578836,1,"IOTHUB_CLIENT_CONFIRMATION_OK"
18755,4020578996,4020579034,1,"IOTHUB_CLIENT_CONFIRMATION_OK"
18756,4020579196,4020579294,1,"IOTHUB_CLIENT_CONFIRMATION_OK"
18757,4020579396,4020579441,1,"IOTHUB_CLIENT_CONFIRMATION_OK"
18758,4020579596,4020579645,1,"IOTHUB_CLIENT_CONFIRMATION_OK"
18759,4020579797,4020579842,1,"IOTHUB_CLIENT_CONFIRMATION_OK"
18760,4020579997,4020580040,1,"IOTHUB_CLIENT_CONFIRMATION_OK"
18761,4020580197,4020580414,1,"IOTHUB_CLIENT_CONFIRMATION_OK"
18762,4020580397,4020580467,1,"IOTHUB_CLIENT_CONFIRMATION_OK"
18763,4020580597,4020580652,1,"IOTHUB_CLIENT_CONFIRMATION_OK"
18764,4020580797,4020580907,1,"IOTHUB_CLIENT_CONFIRMATION_OK"
18765,4020580998,4020581041,1,"IOTHUB_CLIENT_CONFIRMATION_OK"
18766,4020581198,4020581329,1,"IOTHUB_CLIENT_CONFIRMATION_OK"
18767,4020581398,4020581451,1,"IOTHUB_CLIENT_CONFIRMATION_OK"
18768,4020581598,4020581646,1,"IOTHUB_CLIENT_CONFIRMATION_OK"
18769,4020581798,4020581950,1,"IOTHUB_CLIENT_CONFIRMATION_OK"
18770,4020581998,4020582040,1,"IOTHUB_CLIENT_CONFIRMATION_OK"
18771,4020582198,4020582243,1,"IOTHUB_CLIENT_CONFIRMATION_OK"
18772,4020582399,4020582448,1,"IOTHUB_CLIENT_CONFIRMATION_OK"
18773,4020582599,4020582718,1,"IOTHUB_CLIENT_CONFIRMATION_OK"
18774,4020582799,4020582840,1,"IOTHUB_CLIENT_CONFIRMATION_OK"
18775,4020582999,4020583038,1,"IOTHUB_CLIENT_CONFIRMATION_OK"
18776,4020583199,4020583280,1,"IOTHUB_CLIENT_CONFIRMATION_OK"
18777,4020583399,4020583465,1,"IOTHUB_CLIENT_CONFIRMATION_OK"
18778,4020583600,4020583639,1,"IOTHUB_CLIENT_CONFIRMATION_OK"
18779,4020583800,4020583875,1,"IOTHUB_CLIENT_CONFIRMATION_OK"
18780,4020584000,4020584040,1,"IOTHUB_CLIENT_CONFIRMATION_OK"
18781,4020584200,4020584242,1,"IOTHUB_CLIENT_CONFIRMATION_OK"
18782,4020584400,4020584488,1,"IOTHUB_CLIENT_CONFIRMATION_OK"
18783,4020584600,4020584645,1,"IOTHUB_CLIENT_CONFIRMATION_OK"
18784,4020584801,4020584851,1,"IOTHUB_CLIENT_CONFIRMATION_OK"
18785,4020585001,4020585078,1,"IOTHUB_CLIENT_CONFIRMATION_OK"
18786,4020585201,4020585253,1,"IOTHUB_CLIENT_CONFIRMATION_OK"
18787,4020585401,4020585444,1,"IOTHUB_CLIENT_CONFIRMATION_OK"
18788,4020585601,4020585645,1,"IOTHUB_CLIENT_CONFIRMATION_OK"
18789,4020585801,4020585849,1,"IOTHUB_CLIENT_CONFIRMATION_OK"
18790,4020586001,4020586050,1,"IOTHUB_CLIENT_CONFIRMATION_OK"
18791,4020586202,4020586333,1,"IOTHUB_CLIENT_CONFIRMATION_OK"
18792,4020586402,4020586448,1,"IOTHUB_CLIENT_CONFIRMATION_OK"
18793,4020586602,4020586651,1,"IOTHUB_CLIENT_CONFIRMATION_OK"
18794,4020586802,4020586851,1,"IOTHUB_CLIENT_CONFIRMATION_OK"
18795,4020587002,4020587124,1,"IOTHUB_CLIENT_CONFIRMATION_OK"
18796,4020587202,4020587245,1,"IOTHUB_CLIENT_CONFIRMATION_OK"
18797,4020587403,4020587446,1,"IOTHUB_CLIENT_CONFIRMATION_OK"
18798,4020587603,4020587733,1,"IOTHUB_CLIENT_CONFIRMATION_OK"
18799,4020587803,4020588099,1,"IOTHUB_CLIENT_CONFIRMATION_OK"
18800,4020588003,4020588121,1,"IOTHUB_CLIENT_CONFIRMATION_OK"
18801,4020588203,4020588250,1,"IOTHUB_CLIENT_CONFIRMATION_OK"
18802,4020588403,4020588445,1,"IOTHUB_CLIENT_CONFIRMATION_OK"
18803,4020588603,4020588654,1,"IOTHUB_CLIENT_CONFIRMATION_OK"
18804,4020588804,4020588876,1,"IOTHUB_CLIENT_CONFIRMATION_OK"
18805,4020589004,4020589184,1,"IOTHUB_CLIENT_CONFIRMATION_OK"
18806,4020589204,4020589262,1,"IOTHUB_CLIENT_CONFIRMATION_OK"
18807,4020589404,4020589443,1,"IOTHUB_CLIENT_CONFIRMATION_OK"
18808,4020589604,4020589655,1,"IOTHUB_CLIENT_CONFIRMATION_OK"
18809,4020589804,4020589848,1,"IOTHUB_CLIENT_CONFIRMATION_OK"
18810,4020590005,4020590093,1,"IOTHUB_CLIENT_CONFIRMATION_OK"
18811,4020590205,4020590245,1,"IOTHUB_CLIENT_CONFIRMATION_OK"
18812,4020590405,4020590440,1,"IOTHUB_CLIENT_CONFIRMATION_OK"
18813,4020590605,4020590646,1,"IOTHUB_CLIENT_CONFIRMATION_OK"
18814,4020590805,4020590987,1,"IOTHUB_CLIENT_CONFIRMATION_OK"
18815,4020591005,4020591053,1,"IOTHUB_CLIENT_CONFIRMATION_OK"
18816,4020591206,4020591255,1,"IOTHUB_CLIENT_CONFIRMATION_OK"
18817,4020591406,4020591453,1,"IOTHUB_CLIENT_CONFIRMATION_OK"
18818,4020591606,4020591650,1,"IOTHUB_CLIENT_CONFIRMATION_OK"
18819,4020591806,4020591851,1,"IOTHUB_CLIENT_CONFIRMATION_OK"
18820,4020592006,4020592049,1,"IOTHUB_CLIENT_CONFIRMATION_OK"
18821,4020592206,4020592248,1,"IOTHUB_CLIENT_CONFIRMATION_OK"
18822,4020592406,4020592464,1,"IOTHUB_CLIENT_CONFIRMATION_OK"
18823,4020592607,4020592654,1,"IOTHUB_CLIENT_CONFIRMATION_OK"
18824,4020592807,4020592860,1,"IOTHUB_CLIENT_CONFIRMATION_OK"
18825,4020593007,4020593076,1,"IOTHUB_CLIENT_CONFIRMATION_OK"
18826,4020593207,4020593250,1,"IOTHUB_CLIENT_CONFIRMATION_OK"
18827,4020593407,4020593454,1,"IOTHUB_CLIENT_CONFIRMATION_OK"
18828,4020593607,4020593652,1,"IOTHUB_CLIENT_CONFIRMATION_OK"
18829,4020593807,4020593846,1,"IOTHUB_CLIENT_CONFIRMATION_OK"
18830,4020594008,4020594053,1,"IOTHUB_CLIENT_CONFIRMATION_OK"
18831,4020594208,4020594256,1,"IOTHUB_CLIENT_CONFIRMATION_OK"
18832,4020594408,4020594446,1,"IOTHUB_CLIENT_CONFIRMATION_OK"
18833,4020594608,4020594645,1,"IOTHUB_CLIENT_CONFIRMATION_OK"
18834,4020594808,4020594916,1,"IOTHUB_CLIENT_CONFIRMATION_OK"
18835,4020595008,4020595060,1,"IOTHUB_CLIENT_CONFIRMATION_OK"
18836,4020595209,4020595258,1,"IOTHUB_CLIENT_CONFIRMATION_OK"
18837,4020595409,4020595506,1,"IOTHUB_CLIENT_CONFIRMATION_OK"
18838,4020595609,4020595658,1,"IOTHUB_CLIENT_CONFIRMATION_OK"
18839,4020595809,4020595852,1,"IOTHUB_CLIENT_CONFIRMATION_OK"
18840,4020596009,4020596110,1,"IOTHUB_CLIENT_CONFIRMATION_OK"
18841,4020596209,4020596264,1,"IOTHUB_CLIENT_CONFIRMATION_OK"
18842,4020596410,4020596449,1,"IOTHUB_CLIENT_CONFIRMATION_OK"
18843,4020596610,4020596723,1,"IOTHUB_CLIENT_CONFIRMATION_OK"
18844,4020596810,4020596853,1,"IOTHUB_CLIENT_CONFIRMATION_OK"
18845,4020597010,4020597048,1,"IOTHUB_CLIENT_CONFIRMATION_OK"
18846,4020597210,4020597251,1,"IOTHUB_CLIENT_CONFIRMATION_OK"
18847,4020597410,4020597452,1,"IOTHUB_CLIENT_CONFIRMATION_OK"
18848,4020597610,4020597718,1,"IOTHUB_CLIENT_CONFIRMATION_OK"
18849,4020597811,4020597848,1,"IOTHUB_CLIENT_CONFIRMATION_OK"
18850,4020598011,4020598053,1,"IOTHUB_CLIENT_CONFIRMATION_OK"
18851,4020598211,4020598262,1,"IOTHUB_CLIENT_CONFIRMATION_OK"
18852,4020598411,4020598493,1,"IOTHUB_CLIENT_CONFIRMATION_OK"
18853,4020598611,4020598643,1,"IOTHUB_CLIENT_CONFIRMATION_OK"
18854,4020598811,4020598852,1,"IOTHUB_CLIENT_CONFIRMATION_OK"
18855,4020599012,4020599051,1,"IOTHUB_CLIENT_CONFIRMATION_OK"
18856,4020599212,4020599380,1,"IOTHUB_CLIENT_CONFIRMATION_OK"
18857,4020599412,4020599468,1,"IOTHUB_CLIENT_CONFIRMATION_OK"
18858,4020599612,4020599756,1,"IOTHUB_CLIENT_CONFIRMATION_OK"
18859,4020599812,4020599850,1,"IOTHUB_CLIENT_CONFIRMATION_OK"
18860,4020600012,4020600067,1,"IOTHUB_CLIENT_CONFIRMATION_OK"
18861,4020600212,4020600268,1,"IOTHUB_CLIENT_CONFIRMATION_OK"
18862,4020600412,4020600455,1,"IOTHUB_CLIENT_CONFIRMATION_OK"
18863,4020600613,4020600671,1,"IOTHUB_CLIENT_CONFIRMATION_OK"
18864,4020600813,4020600875,1,"IOTHUB_CLIENT_CONFIRMATION_OK"
18865,4020601013,4020601055,1,"IOTHUB_CLIENT_CONFIRMATION_OK"
18866,4020601213,4020601249,1,"IOTHUB_CLIENT_CONFIRMATION_OK"
18867,4020601413,4020601599,1,"IOTHUB_CLIENT_CONFIRMATION_OK"
18868,4020601613,4020601658,1,"IOTHUB_CLIENT_CONFIRMATION_OK"
18869,4020601814,4020602000,1,"IOTHUB_CLIENT_CONFIRMATION_OK"
18870,4020602014,4020602051,1,"IOTHUB_CLIENT_CONFIRMATION_OK"
18871,4020602214,4020602281,1,"IOTHUB_CLIENT_CONFIRMATION_OK"
18872,4020602414,4020602461,1,"IOTHUB_CLIENT_CONFIRMATION_OK"
18873,4020602614,4020602706,1,"IOTHUB_CLIENT_CONFIRMATION_OK"
18874,4020602814,4020602856,1,"IOTHUB_CLIENT_CONFIRMATION_OK"
18875,4020603015,4020603057,1,"IOTHUB_CLIENT_CONFIRMATION_OK"
18876,4020603215,4020603284,1,"IOTHUB_CLIENT_CONFIRMATION_OK"
18877,4020603415,4020603475,1,"IOTHUB_CLIENT_CONFIRMATION_OK"
18878,4020603615,4020603671,1,"IOTHUB_CLIENT_CONFIRMATION_OK"
18879,4020603815,4020603969,1,"IOTHUB_CLIENT_CONFIRMATION_OK"
18880,4020604015,4020604056,1,"IOTHUB_CLIENT_CONFIRMATION_OK"
18881,4020604216,4020604264,1,"IOTHUB_CLIENT_CONFIRMATION_OK"
18882,4020604416,4020604538,1,"IOTHUB_CLIENT_CONFIRMATION_OK"
18883,4020604616,4020604655,1,"IOTHUB_CLIENT_CONFIRMATION_OK"
18884,4020604816,4020604856,1,"IOTHUB_CLIENT_CONFIRMATION_OK"
18885,4020605016,4020605172,1,"IOTHUB_CLIENT_CONFIRMATION_OK"
18886,4020605216,4020605265,1,"IOTHUB_CLIENT_CONFIRMATION_OK"
18887,4020605417,4020605467,1,"IOTHUB_CLIENT_CONFIRMATION_OK"
18888,4020605617,4020605668,1,"IOTHUB_CLIENT_CONFIRMATION_OK"
18889,4020605817,4020605858,1,"IOTHUB_CLIENT_CONFIRMATION_OK"
18890,4020606017,4020606057,1,"IOTHUB_CLIENT_CONFIRMATION_OK"
18891,4020606217,4020606295,1,"IOTHUB_CLIENT_CONFIRMATION_OK"
18892,4020606417,4020606493,1,"IOTHUB_CLIENT_CONFIRMATION_OK"
18893,4020606618,4020606683,1,"IOTHUB_CLIENT_CONFIRMATION_OK"
18894,4020606818,4020606861,1,"IOTHUB_CLIENT_CONFIRMATION_OK"
18895,4020607018,4020607067,1,"IOTHUB_CLIENT_CONFIRMATION_OK"
18896,4020607218,4020607263,1,"IOTHUB_CLIENT_CONFIRMATION_OK"
18897,4020607418,4020607555,1,"IOTHUB_CLIENT_CONFIRMATION_OK"
18898,4020607619,4020607814,1,"IOTHUB_CLIENT_CONFIRMATION_OK"
18899,4020607819,4020607854,1,"IOTHUB_CLIENT_CONFIRMATION_OK"
18900,4020608019,4020608059,1,"IOTHUB_CLIENT_CONFIRMATION_OK"
18901,4020608219,4020608272,1,"IOTHUB_CLIENT_CONFIRMATION_OK"
18902,4020608419,4020608464,1,"IOTHUB_CLIENT_CONFIRMATION_OK"
18903,4020608619,4020608683,1,"IOTHUB_CLIENT_CONFIRMATION_OK"
18904,4020608819,4020608868,1,"IOTHUB_CLIENT_CONFIRMATION_OK"
18905,4020609020,4020609091,1,"IOTHUB_CLIENT_CONFIRMATION_OK"
18906,4020609220,4020609271,1,"IOTHUB_CLIENT_CONFIRMATION_OK"
18907,4020609420,4020609491,1,"IOTHUB_CLIENT_CONFIRMATION_OK"
18908,4020609620,4020609672,1,"IOTHUB_CLIENT_CONFIRMATION_OK"
18909,4020609820,4020609875,1,"IOTHUB_CLIENT_CONFIRMATION_OK"
18910,4020610020,4020610061,1,"IOTHUB_CLIENT_CONFIRMATION_OK"
18911,4020610221,4020610263,1,"IOTHUB_CLIENT_CONFIRMATION_OK"
18912,4020610421,4020610477,1,"IOTHUB_CLIENT_CONFIRMATION_OK"
18913,4020610621,4020610671,1,"IOTHUB_CLIENT_CONFIRMATION_OK"
18914,4020610821,4020610863,1,"IOTHUB_CLIENT_CONFIRMATION_OK"
18915,4020611021,4020611078,1,"IOTHUB_CLIENT_CONFIRMATION_OK"
18916,4020611221,4020611264,1,"IOTHUB_CLIENT_CONFIRMATION_OK"
18917,4020611422,4020611468,1,"IOTHUB_CLIENT_CONFIRMATION_OK"
18918,4020611622,4020611679,1,"IOTHUB_CLIENT_CONFIRMATION_OK"
18919,4020611822,4020611866,1,"IOTHUB_CLIENT_CONFIRMATION_OK"
18920,4020612022,4020612102,1,"IOTHUB_CLIENT_CONFIRMATION_OK"
18921,4020612222,4020612314,1,"IOTHUB_CLIENT_CONFIRMATION_OK"
18922,4020612422,4020612473,1,"IOTHUB_CLIENT_CONFIRMATION_OK"
18923,4020612623,4020612666,1,"IOTHUB_CLIENT_CONFIRMATION_OK"
18924,4020612823,4020612942,1,"IOTHUB_CLIENT_CONFIRMATION_OK"
18925,4020613023,4020613065,1,"IOTHUB_CLIENT_CONFIRMATION_OK"
18926,4020613223,4020613281,1,"IOTHUB_CLIENT_CONFIRMATION_OK"
18927,4020613423,4020613570,1,"IOTHUB_CLIENT_CONFIRMATION_OK"
18928,4020613623,4020613681,1,"IOTHUB_CLIENT_CONFIRMATION_OK"
18929,4020613823,4020613881,1,"IOTHUB_CLIENT_CONFIRMATION_OK"
18930,4020614024,4020614074,1,"IOTHUB_CLIENT_CONFIRMATION_OK"
18931,4020614224,4020614263,1,"IOTHUB_CLIENT_CONFIRMATION_OK"
18932,4020614424,4020614464,1,"IOTHUB_CLIENT_CONFIRMATION_OK"
18933,4020614624,4020614677,1,"IOTHUB_CLIENT_CONFIRMATION_OK"
18934,4020614824,4020614863,1,"IOTHUB_CLIENT_CONFIRMATION_OK"
18935,4020615024,4020615090,1,"IOTHUB_CLIENT_CONFIRMATION_OK"
18936,4020615225,4020615263,1,"IOTHUB_CLIENT_CONFIRMATION_OK"
18937,4020615425,4020615482,1,"IOTHUB_CLIENT_CONFIRMATION_OK"
18938,4020615625,4020615668,1,"IOTHUB_CLIENT_CONFIRMATION_OK"
18939,4020615825,4020615872,1,"IOTHUB_CLIENT_CONFIRMATION_OK"
18940,4020616025,4020616220,1,"IOTHUB_CLIENT_CONFIRMATION_OK"
18941,4020616225,4020616261,1,"IOTHUB_CLIENT_CONFIRMATION_OK"
18942,4020616426,4020616467,1,"IOTHUB_CLIENT_CONFIRMATION_OK"
18943,4020616626,4020616831,1,"IOTHUB_CLIENT_CONFIRMATION_OK"
18944,4020616826,4020616873,1,"IOTHUB_CLIENT_CONFIRMATION_OK"
18945,4020617026,4020617071,1,"IOTHUB_CLIENT_CONFIRMATION_OK"
18946,4020617226,4020617266,1,"IOTHUB_CLIENT_CONFIRMATION_OK"
18947,4020617426,4020617464,1,"IOTHUB_CLIENT_CONFIRMATION_OK"
18948,4020617626,4020617671,1,"IOTHUB_CLIENT_CONFIRMATION_OK"
18949,4020617827,4020617878,1,"IOTHUB_CLIENT_CONFIRMATION_OK"
18950,4020618027,4020618117,1,"IOTHUB_CLIENT_CONFIRMATION_OK"
18951,4020618227,4020618269,1,"IOTHUB_CLIENT_CONFIRMATION_OK"
18952,4020618427,4020618495,1,"IOTHUB_CLIENT_CONFIRMATION_OK"
18953,4020618627,4020618676,1,"IOTHUB_CLIENT_CONFIRMATION_OK"
18954,4020618827,4020618870,1,"IOTHUB_CLIENT_CONFIRMATION_OK"
18955,4020619028,4020619088,1,"IOTHUB_CLIENT_CONFIRMATION_OK"
18956,4020619228,4020619273,1,"IOTHUB_CLIENT_CONFIRMATION_OK"
18957,4020619428,4020619474,1,"IOTHUB_CLIENT_CONFIRMATION_OK"
18958,4020619628,4020619665,1,"IOTHUB_CLIENT_CONFIRMATION_OK"
18959,4020619828,4020619876,1,"IOTHUB_CLIENT_CONFIRMATION_OK"
18960,4020620028,4020620092,1,"IOTHUB_CLIENT_CONFIRMATION_OK"
18961,4020620229,4020620272,1,"IOTHUB_CLIENT_CONFIRMATION_OK"
18962,4020620429,4020620471,1,"IOTHUB_CLIENT_CONFIRMATION_OK"
18963,4020620629,4020620735,1,"IOTHUB_CLIENT_CONFIRMATION_OK"
18964,4020620829,4020620873,1,"IOTHUB_CLIENT_CONFIRMATION_OK"
18965,4020621029,4020621067,1,"IOTHUB_CLIENT_CONFIRMATION_OK"
18966,4020621229,4020621321,1,"IOTHUB_CLIENT_CONFIRMATION_OK"
18967,4020621429,4020621480,1,"IOTHUB_CLIENT_CONFIRMATION_OK"
18968,4020621630,4020621744,1,"IOTHUB_CLIENT_CONFIRMATION_OK"
18969,4020621830,4020621864,1,"IOTHUB_CLIENT_CONFIRMATION_OK"
18970,4020622030,4020622234,1,"IOTHUB_CLIENT_CONFIRMATION_OK"
18971,4020622230,4020622266,1,"IOTHUB_CLIENT_CONFIRMATION_OK"
18972,4020622430,4020622477,1,"IOTHUB_CLIENT_CONFIRMATION_OK"
18973,4020622630,4020622686,1,"IOTHUB_CLIENT_CONFIRMATION_OK"
18974,4020622831,4020622895,1,"IOTHUB_CLIENT_CONFIRMATION_OK"
18975,4020623031,4020623065,1,"IOTHUB_CLIENT_CONFIRMATION_OK"
18976,4020623231,4020623294,1,"IOTHUB_CLIENT_CONFIRMATION_OK"
18977,4020623431,4020623468,1,"IOTHUB_CLIENT_CONFIRMATION_OK"
18978,4020623631,4020623670,1,"IOTHUB_CLIENT_CONFIRMATION_OK"
18979,4020623831,4020623883,1,"IOTHUB_CLIENT_CONFIRMATION_OK"
18980,4020624032,4020624096,1,"IOTHUB_CLIENT_CONFIRMATION_OK"
18981,4020624232,4020624287,1,"IOTHUB_CLIENT_CONFIRMATION_OK"
18982,4020624432,4020624492,1,"IOTHUB_CLIENT_CONFIRMATION_OK"
18983,4020624632,4020624671,1,"IOTHUB_CLIENT_CONFIRMATION_OK"
18984,4020624832,4020624877,1,"IOTHUB_CLIENT_CONFIRMATION_OK"
18985,4020625032,4020625082,1,"IOTHUB_CLIENT_CONFIRMATION_OK"
18986,4020625232,4020625271,1,"IOTHUB_CLIENT_CONFIRMATION_OK"
18987,4020625433,4020625483,1,"IOTHUB_CLIENT_CONFIRMATION_OK"
18988,4020625633,4020625672,1,"IOTHUB_CLIENT_CONFIRMATION_OK"
18989,4020625833,4020625964,1,"IOTHUB_CLIENT_CONFIRMATION_OK"
18990,4020626033,4020626093,1,"IOTHUB_CLIENT_CONFIRMATION_OK"
18991,4020626233,4020626278,1,"IOTHUB_CLIENT_CONFIRMATION_OK"
18992,4020626433,4020626470,1,"IOTHUB_CLIENT_CONFIRMATION_OK"
18993,4020626633,4020626683,1,"IOTHUB_CLIENT_CONFIRMATION_OK"
18994,4020626834,4020626875,1,"IOTHUB_CLIENT_CONFIRMATION_OK"
18995,4020627034,4020627150,1,"IOTHUB_CLIENT_CONFIRMATION_OK"
18996,4020627234,4020627294,1,"IOTHUB_CLIENT_CONFIRMATION_OK"
18997,4020627434,4020627481,1,"IOTHUB_CLIENT_CONFIRMATION_OK"
18998,4020627634,4020627674,1,"IOTHUB_CLIENT_CONFIRMATION_OK"
18999,4020627834,4020627917,1,"IOTHUB_CLIENT_CONFIRMATION_OK"
19000,4020628034,4020628085,1,"IOTHUB_CLIENT_CONFIRMATION_OK"
19001,4020628235,4020628279,1,"IOTHUB_CLIENT_CONFIRMATION_OK"
19002,4020628435,4020628488,1,"IOTHUB_CLIENT_CONFIRMATION_OK"
19003,4020628635,4020628704,1,"IOTHUB_CLIENT_CONFIRMATION_OK"
19004,4020628835,4020628909,1,"IOTHUB_CLIENT_CONFIRMATION_OK"
19005,4020629035,4020629076,1,"IOTHUB_CLIENT_CONFIRMATION_OK"
19006,4020629235,4020629274,1,"IOTHUB_CLIENT_CONFIRMATION_OK"
19007,4020629436,4020629473,1,"IOTHUB_CLIENT_CONFIRMATION_OK"
19008,4020629636,4020629686,1,"IOTHUB_CLIENT_CONFIRMATION_OK"
19009,4020629836,4020629879,1,"IOTHUB_CLIENT_CONFIRMATION_OK"
19010,4020630036,4020630077,1,"IOTHUB_CLIENT_CONFIRMATION_OK"
19011,4020630236,4020630288,1,"IOTHUB_CLIENT_CONFIRMATION_OK"
19012,4020630436,4020630478,1,"IOTHUB_CLIENT_CONFIRMATION_OK"
19013,4020630636,4020630686,1,"IOTHUB_CLIENT_CONFIRMATION_OK"
19014,4020630837,4020630892,1,"IOTHUB_CLIENT_CONFIRMATION_OK"
19015,4020631037,4020631081,1,"IOTHUB_CLIENT_CONFIRMATION_OK"
19016,4020631237,4020631280,1,"IOTHUB_CLIENT_CONFIRMATION_OK"
19017,4020631437,4020631486,1,"IOTHUB_CLIENT_CONFIRMATION_OK"
19018,4020631637,4020631685,1,"IOTHUB_CLIENT_CONFIRMATION_OK"
19019,4020631837,4020631957,1,"IOTHUB_CLIENT_CONFIRMATION_OK"
19020,4020632038,4020632090,1,"IOTHUB_CLIENT_CONFIRMATION_OK"
19021,4020632238,4020632346,1,"IOTHUB_CLIENT_CONFIRMATION_OK"
19022,4020632438,4020632483,1,"IOTHUB_CLIENT_CONFIRMATION_OK"
19023,4020632638,4020632681,1,"IOTHUB_CLIENT_CONFIRMATION_OK"
19024,4020632838,4020632963,1,"IOTHUB_CLIENT_CONFIRMATION_OK"
19025,4020633038,4020633095,1,"IOTHUB_CLIENT_CONFIRMATION_OK"
19026,4020633238,4020633315,1,"IOTHUB_CLIENT_CONFIRMATION_OK"
19027,4020633439,4020633578,1,"IOTHUB_CLIENT_CONFIRMATION_OK"
19028,4020633639,4020633677,1,"IOTHUB_CLIENT_CONFIRMATION_OK"
19029,4020633839,4020633882,1,"IOTHUB_CLIENT_CONFIRMATION_OK"
19030,4020634039,4020634087,1,"IOTHUB_CLIENT_CONFIRMATION_OK"
19031,4020634239,4020634306,1,"IOTHUB_CLIENT_CONFIRMATION_OK"
19032,4020634439,4020634480,1,"IOTHUB_CLIENT_CONFIRMATION_OK"
19033,4020634640,4020634687,1,"IOTHUB_CLIENT_CONFIRMATION_OK"
19034,4020634840,4020634913,1,"IOTHUB_CLIENT_CONFIRMATION_OK"
19035,4020635040,4020635080,1,"IOTHUB_CLIENT_CONFIRMATION_OK"
19036,4020635240,4020635280,1,"IOTHUB_CLIENT_CONFIRMATION_OK"
19037,4020635440,4020635483,1,"IOTHUB_CLIENT_CONFIRMATION_OK"
19038,4020635640,4020635703,1,"IOTHUB_CLIENT_CONFIRMATION_OK"
19039,4020635841,4020635893,1,"IOTHUB_CLIENT_CONFIRMATION_OK"
19040,4020636041,4020636262,1,"IOTHUB_CLIENT_CONFIRMATION_OK"
19041,4020636241,4020636286,1,"IOTHUB_CLIENT_CONFIRMATION_OK"
19042,4020636441,4020636484,1,"IOTHUB_CLIENT_CONFIRMATION_OK"
19043,4020636641,4020636857,1,"IOTHUB_CLIENT_CONFIRMATION_OK"
19044,4020636841,4020636887,1,"IOTHUB_CLIENT_CONFIRMATION_OK"
19045,4020637041,4020637155,1,"IOTHUB_CLIENT_CONFIRMATION_OK"
19046,4020637242,4020637288,1,"IOTHUB_CLIENT_CONFIRMATION_OK"
19047,4020637442,4020637495,1,"IOTHUB_CLIENT_CONFIRMATION_OK"
19048,4020637642,4020637683,1,"IOTHUB_CLIENT_CONFIRMATION_OK"
19049,4020637842,4020637880,1,"IOTHUB_CLIENT_CONFIRMATION_OK"
19050,4020638042,4020638128,1,"IOTHUB_CLIENT_CONFIRMATION_OK"
19051,4020638242,4020638292,1,"IOTHUB_CLIENT_CONFIRMATION_OK"
19052,4020638442,4020638483,1,"IOTHUB_CLIENT_CONFIRMATION_OK"
19053,4020638643,4020638725,1,"IOTHUB_CLIENT_CONFIRMATION_OK"
19054,4020638843,4020638877,1,"IOTHUB_CLIENT_CONFIRMATION_OK"
19055,4020639043,4020639095,1,"IOTHUB_CLIENT_CONFIRMATION_OK"
19056,4020639243,4020639336,1,"IOTHUB_CLIENT_CONFIRMATION_OK"
19057,4020639443,4020639484,1,"IOTHUB_CLIENT_CONFIRMATION_OK"
19058,4020639643,4020639718,1,"IOTHUB_CLIENT_CONFIRMATION_OK"
19059,4020639844,4020639896,1,"IOTHUB_CLIENT_CONFIRMATION_OK"
19060,4020640044,4020640091,1,"IOTHUB_CLIENT_CONFIRMATION_OK"
19061,4020640244,4020640286,1,"IOTHUB_CLIENT_CONFIRMATION_OK"
19062,4020640444,4020640485,1,"IOTHUB_CLIENT_CONFIRMATION_OK"
19063,4020640644,4020640689,1,"IOTHUB_CLIENT_CONFIRMATION_OK"
19064,4020640844,4020640886,1,"IOTHUB_CLIENT_CONFIRMATION_OK"
19065,4020641044,4020641081,1,"IOTHUB_CLIENT_CONFIRMATION_OK"
19066,4020641245,4020641385,1,"IOTHUB_CLIENT_CONFIRMATION_OK"
19067,4020641445,4020641492,1,"IOTHUB_CLIENT_CONFIRMATION_OK"
19068,4020641645,4020641691,1,"IOTHUB_CLIENT_CONFIRMATION_OK"
19069,4020641845,4020642008,1,"IOTHUB_CLIENT_CONFIRMATION_OK"
19070,4020642045,4020642102,1,"IOTHUB_CLIENT_CONFIRMATION_OK"
19071,4020642245,4020642519,1,"IOTHUB_CLIENT_CONFIRMATION_OK"
19072,4020642446,4020642623,1,"IOTHUB_CLIENT_CONFIRMATION_OK"
19073,4020642646,4020642695,1,"IOTHUB_CLIENT_CONFIRMATION_OK"
19074,4020642846,4020642885,1,"IOTHUB_CLIENT_CONFIRMATION_OK"
19075,4020643046,4020643098,1,"IOTHUB_CLIENT_CONFIRMATION_OK"
19076,4020643246,4020643289,1,"IOTHUB_CLIENT_CONFIRMATION_OK"
19077,4020643446,4020643496,1,"IOTHUB_CLIENT_CONFIRMATION_OK"
19078,4020643647,4020643692,1,"IOTHUB_CLIENT_CONFIRMATION_OK"
19079,4020643847,4020643917,1,"IOTHUB_CLIENT_CONFIRMATION_OK"
19080,4020644047,4020644097,1,"IOTHUB_CLIENT_CONFIRMATION_OK"
19081,4020644247,4020644292,1,"IOTHUB_CLIENT_CONFIRMATION_OK"
19082,4020644447,4020644482,1,"IOTHUB_CLIENT_CONFIRMATION_OK"
19083,4020644647,4020644684,1,"IOTHUB_CLIENT_CONFIRMATION_OK"
19084,4020644847,4020644891,1,"IOTHUB_CLIENT_CONFIRMATION_OK"
19085,4020645048,4020645092,1,"IOTHUB_CLIENT_CONFIRMATION_OK"
19086,4020645248,4020645302,1,"IOTHUB_CLIENT_CONFIRMATION_OK"
19087,4020645448,4020645488,1,"IOTHUB_CLIENT_CONFIRMATION_OK"
19088,4020645648,4020645696,1,"IOTHUB_CLIENT_CONFIRMATION_OK"
19089,4020645848,4020645912,1,"IOTHUB_CLIENT_CONFIRMATION_OK"
19090,4020646048,4020646087,1,"IOTHUB_CLIENT_CONFIRMATION_OK"
19091,4020646249,4020646323,1,"IOTHUB_CLIENT_CONFIRMATION_OK"
19092,4020646449,4020646510,1,"IOTHUB_CLIENT_CONFIRMATION_OK"
19093,4020646649,4020646699,1,"IOTHUB_CLIENT_CONFIRMATION_OK"
19094,4020646849,4020646902,1,"IOTHUB_CLIENT_CONFIRMATION_OK"
19095,4020647049,4020647140,1,"IOTHUB_CLIENT_CONFIRMATION_OK"
19096,4020647249,4020647297,1,"IOTHUB_CLIENT_CONFIRMATION_OK"
19097,4020647449,4020647496,1,"IOTHUB_CLIENT_CONFIRMATION_OK"
19098,4020647650,4020647731,1,"IOTHUB_CLIENT_CONFIRMATION_OK"
19099,4020647850,4020647889,1,"IOTHUB_CLIENT_CONFIRMATION_OK"
19100,4020648050,4020648092,1,"IOTHUB_CLIENT_CONFIRMATION_OK"
19101,4020648250,4020648315,1,"IOTHUB_CLIENT_CONFIRMATION_OK"
19102,4020648450,4020648492,1,"IOTHUB_CLIENT_CONFIRMATION_OK"
19103,4020648650,4020648692,1,"IOTHUB_CLIENT_CONFIRMATION_OK"
19104,4020648851,4020648898,1,"IOTHUB_CLIENT_CONFIRMATION_OK"
19105,4020649051,4020649117,1,"IOTHUB_CLIENT_CONFIRMATION_OK"
19106,4020649251,4020649307,1,"IOTHUB_CLIENT_CONFIRMATION_OK"
19107,4020649451,4020649492,1,"IOTHUB_CLIENT_CONFIRMATION_OK"
19108,4020649651,4020649785,1,"IOTHUB_CLIENT_CONFIRMATION_OK"
19109,4020649851,4020649889,1,"IOTHUB_CLIENT_CONFIRMATION_OK"
19110,4020650052,4020650106,1,"IOTHUB_CLIENT_CONFIRMATION_OK"
19111,4020650252,4020650404,1,"IOTHUB_CLIENT_CONFIRMATION_OK"
19112,4020650452,4020650493,1,"IOTHUB_CLIENT_CONFIRMATION_OK"
19113,4020650652,4020650744,1,"IOTHUB_CLIENT_CONFIRMATION_OK"
19114,4020650852,4020651063,1,"IOTHUB_CLIENT_CONFIRMATION_OK"
19115,4020651052,4020651089,1,"IOTHUB_CLIENT_CONFIRMATION_OK"
19116,4020651252,4020651299,1,"IOTHUB_CLIENT_CONFIRMATION_OK"
19117,4020651453,4020651486,1,"IOTHUB_CLIENT_CONFIRMATION_OK"
19118,4020651653,4020651694,1,"IOTHUB_CLIENT_CONFIRMATION_OK"
19119,4020651853,4020651901,1,"IOTHUB_CLIENT_CONFIRMATION_OK"
19120,4020652053,4020652099,1,"IOTHUB_CLIENT_CONFIRMATION_OK"
19121,4020652253,4020652337,1,"IOTHUB_CLIENT_CONFIRMATION_OK"
19122,4020652453,4020652492,1,"IOTHUB_CLIENT_CONFIRMATION_OK"
19123,4020652654,4020652697,1,"IOTHUB_CLIENT_CONFIRMATION_OK"
19124,4020652854,4020652937,1,"IOTHUB_CLIENT_CONFIRMATION_OK"
19125,4020653054,4020653098,1,"IOTHUB_CLIENT_CONFIRMATION_OK"
19126,4020653254,4020653312,1,"IOTHUB_CLIENT_CONFIRMATION_OK"
19127,4020653454,4020653583,1,"IOTHUB_CLIENT_CONFIRMATION_OK"
19128,4020653654,4020653733,1,"IOTHUB_CLIENT_CONFIRMATION_OK"
19129,4020653855,4020653899,1,"IOTHUB_CLIENT_CONFIRMATION_OK"
19130,4020654055,4020654102,1,"IOTHUB_CLIENT_CONFIRMATION_OK"
19131,4020654255,4020654304,1,"IOTHUB_CLIENT_CONFIRMATION_OK"
19132,4020654455,4020654592,1,"IOTHUB_CLIENT_CONFIRMATION_OK"
19133,4020654655,4020654697,1,"IOTHUB_CLIENT_CONFIRMATION_OK"
19134,4020654855,4020654891,1,"IOTHUB_CLIENT_CONFIRMATION_OK"
19135,4020655055,4020655102,1,"IOTHUB_CLIENT_CONFIRMATION_OK"
19136,4020655256,4020655327,1,"IOTHUB_CLIENT_CONFIRMATION_OK"
19137,4020655456,4020655508,1,"IOTHUB_CLIENT_CONFIRMATION_OK"
19138,4020655656,4020655711,1,"IOTHUB_CLIENT_CONFIRMATION_OK"
19139,4020655856,4020655901,1,"IOTHUB_CLIENT_CONFIRMATION_OK"
19140,4020656056,4020656234,1,"IOTHUB_CLIENT_CONFIRMATION_OK"
19141,4020656257,4020656296,1,"IOTHUB_CLIENT_CONFIRMATION_OK"
19142,4020656457,4020656522,1,"IOTHUB_CLIENT_CONFIRMATION_OK"
19143,4020656657,4020656858,1,"IOTHUB_CLIENT_CONFIRMATION_OK"
19144,4020656857,4020656904,1,"IOTHUB_CLIENT_CONFIRMATION_OK"
19145,4020657057,4020657099,1,"IOTHUB_CLIENT_CONFIRMATION_OK"
19146,4020657257,4020657327,1,"IOTHUB_CLIENT_CONFIRMATION_OK"
19147,4020657457,4020657510,1,"IOTHUB_CLIENT_CONFIRMATION_OK"
19148,4020657658,4020657706,1,"IOTHUB_CLIENT_CONFIRMATION_OK"
19149,4020657858,4020657912,1,"IOTHUB_CLIENT_CONFIRMATION_OK"
19150,4020658058,4020658101,1,"IOTHUB_CLIENT_CONFIRMATION_OK"
19151,4020658258,4020658307,1,"IOTHUB_CLIENT_CONFIRMATION_OK"
19152,4020658458,4020658524,1,"IOTHUB_CLIENT_CONFIRMATION_OK"
19153,4020658658,4020658699,1,"IOTHUB_CLIENT_CONFIRMATION_OK"
19154,4020658859,4020658901,1,"IOTHUB_CLIENT_CONFIRMATION_OK"
19155,4020659059,4020659096,1,"IOTHUB_CLIENT_CONFIRMATION_OK"
19156,4020659259,4020659302,1,"IOTHUB_CLIENT_CONFIRMATION_OK"
19157,4020659459,4020659515,1,"IOTHUB_CLIENT_CONFIRMATION_OK"
19158,4020659659,4020659725,1,"IOTHUB_CLIENT_CONFIRMATION_OK"
19159,4020659859,4020659905,1,"IOTHUB_CLIENT_CONFIRMATION_OK"
19160,4020660059,4020660102,1,"IOTHUB_CLIENT_CONFIRMATION_OK"
19161,4020660260,4020660312,1,"IOTHUB_CLIENT_CONFIRMATION_OK"
19162,4020660460,4020660503,1,"IOTHUB_CLIENT_CONFIRMATION_OK"
19163,4020660660,4020660743,1,"IOTHUB_CLIENT_CONFIRMATION_OK"
19164,4020660860,4020660906,1,"IOTHUB_CLIENT_CONFIRMATION_OK"
19165,4020661060,4020661101,1,"IOTHUB_CLIENT_CONFIRMATION_OK"
19166,4020661260,4020661345,1,"IOTHUB_CLIENT_CONFIRMATION_OK"
19167,4020661461,4020661537,1,"IOTHUB_CLIENT_CONFIRMATION_OK"
19168,4020661661,4020661703,1,"IOTHUB_CLIENT_CONFIRMATION_OK"
19169,4020661861,4020662003,1,"IOTHUB_CLIENT_CONFIRMATION_OK"
19170,4020662061,4020662125,1,"IOTHUB_CLIENT_CONFIRMATION_OK"
19171,4020662261,4020662301,1,"IOTHUB_CLIENT_CONFIRMATION_OK"
19172,4020662461,4020662501,1,"IOTHUB_CLIENT_CONFIRMATION_OK"
19173,4020662661,4020662710,1,"IOTHUB_CLIENT_CONFIRMATION_OK"
19174,4020662862,4020662903,1,"IOTHUB_CLIENT_CONFIRMATION_OK"
19175,4020663062,4020663106,1,"IOTHUB_CLIENT_CONFIRMATION_OK"
19176,4020663262,4020663311,1,"IOTHUB_CLIENT_CONFIRMATION_OK"
19177,4020663462,4020663507,1,"IOTHUB_CLIENT_CONFIRMATION_OK"
19178,4020663662,4020663705,1,"IOTHUB_CLIENT_CONFIRMATION_OK"
19179,4020663862,4020664074,1,"IOTHUB_CLIENT_CONFIRMATION_OK"
19180,4020664063,4020664115,1,"IOTHUB_CLIENT_CONFIRMATION_OK"
19181,4020664263,4020664342,1,"IOTHUB_CLIENT_CONFIRMATION_OK"
19182,4020664463,4020664573,1,"IOTHUB_CLIENT_CONFIRMATION_OK"
19183,4020664663,4020664708,1,"IOTHUB_CLIENT_CONFIRMATION_OK"
19184,4020664863,4020664904,1,"IOTHUB_CLIENT_CONFIRMATION_OK"
19185,4020665063,4020665112,1,"IOTHUB_CLIENT_CONFIRMATION_OK"
19186,4020665263,4020665322,1,"IOTHUB_CLIENT_CONFIRMATION_OK"
19187,4020665464,4020665505,1,"IOTHUB_CLIENT_CONFIRMATION_OK"
19188,4020665664,4020665706,1,"IOTHUB_CLIENT_CONFIRMATION_OK"
19189,4020665864,4020665913,1,"IOTHUB_CLIENT_CONFIRMATION_OK"
19190,4020666064,4020666113,1,"IOTHUB_CLIENT_CONFIRMATION_OK"
19191,4020666264,4020666319,1,"IOTHUB_CLIENT_CONFIRMATION_OK"
19192,4020666464,4020666560,1,"IOTHUB_CLIENT_CONFIRMATION_OK"
19193,4020666665,4020666723,1,"IOTHUB_CLIENT_CONFIRMATION_OK"
19194,4020666865,4020666902,1,"IOTHUB_CLIENT_CONFIRMATION_OK"
19195,4020667065,4020667136,1,"IOTHUB_CLIENT_CONFIRMATION_OK"
19196,4020667265,4020667303,1,"IOTHUB_CLIENT_CONFIRMATION_OK"
19197,4020667465,4020667530,1,"IOTHUB_CLIENT_CONFIRMATION_OK"
19198,4020667665,4020667759,1,"IOTHUB_CLIENT_CONFIRMATION_OK"
19199,4020667866,4020667927,1,"IOTHUB_CLIENT_CONFIRMATION_OK"
19200,4020668066,4020668222,1,"IOTHUB_CLIENT_CONFIRMATION_OK"
19201,4020668266,4020668308,1,"IOTHUB_CLIENT_CONFIRMATION_OK"
19202,4020668466,4020668507,1,"IOTHUB_CLIENT_CONFIRMATION_OK"
19203,4020668666,4020668720,1,"IOTHUB_CLIENT_CONFIRMATION_OK"
19204,4020668866,4020668913,1,"IOTHUB_CLIENT_CONFIRMATION_OK"
19205,4020669066,4020669121,1,"IOTHUB_CLIENT_CONFIRMATION_OK"
19206,4020669267,4020669314,1,"IOTHUB_CLIENT_CONFIRMATION_OK"
19207,4020669467,4020669509,1,"IOTHUB_CLIENT_CONFIRMATION_OK"
19208,4020669667,4020669961,1,"IOTHUB_CLIENT_CONFIRMATION_OK"
19209,4020669867,4020670071,1,"IOTHUB_CLIENT_CONFIRMATION_OK"
19210,4020670067,4020670136,1,"IOTHUB_CLIENT_CONFIRMATION_OK"
19211,4020670267,4020670313,1,"IOTHUB_CLIENT_CONFIRMATION_OK"
19212,4020670468,4020670507,1,"IOTHUB_CLIENT_CONFIRMATION_OK"
19213,4020670668,4020670701,1,"IOTHUB_CLIENT_CONFIRMATION_OK"
19214,4020670868,4020670963,1,"IOTHUB_CLIENT_CONFIRMATION_OK"
19215,4020671068,4020671119,1,"IOTHUB_CLIENT_CONFIRMATION_OK"
19216,4020671268,4020671305,1,"IOTHUB_CLIENT_CONFIRMATION_OK"
19217,4020671468,4020671509,1,"IOTHUB_CLIENT_CONFIRMATION_OK"
19218,4020671669,4020671733,1,"IOTHUB_CLIENT_CONFIRMATION_OK"
19219,4020671869,4020671915,1,"IOTHUB_CLIENT_CONFIRMATION_OK"
19220,4020672069,4020672118,1,"IOTHUB_CLIENT_CONFIRMATION_OK"
19221,4020672269,4020672354,1,"IOTHUB_CLIENT_CONFIRMATION_OK"
19222,4020672469,4020672523,1,"IOTHUB_CLIENT_CONFIRMATION_OK"
19223,4020672669,4020672786,1,"IOTHUB_CLIENT_CONFIRMATION_OK"
19224,4020672870,4020673006,1,"IOTHUB_CLIENT_CONFIRMATION_OK"
19225,4020673070,4020673110,1,"IOTHUB_CLIENT_CONFIRMATION_OK"
19226,4020673270,4020673309,1,"IOTHUB_CLIENT_CONFIRMATION_OK"
19227,4020673470,4020673634,1,"IOTHUB_CLIENT_CONFIRMATION_OK"
19228,4020673670,4020673710,1,"IOTHUB_CLIENT_CONFIRMATION_OK"
19229,4020673870,4020673910,1,"IOTHUB_CLIENT_CONFIRMATION_OK"
19230,4020674070,4020674119,1,"IOTHUB_CLIENT_CONFIRMATION_OK"
19231,4020674271,4020674336,1,"IOTHUB_CLIENT_CONFIRMATION_OK"
19232,4020674471,4020674517,1,"IOTHUB_CLIENT_CONFIRMATION_OK"
19233,4020674671,4020674710,1,"IOTHUB_CLIENT_CONFIRMATION_OK"
19234,4020674871,4020674940,1,"IOTHUB_CLIENT_CONFIRMATION_OK"
19235,4020675071,4020675120,1,"IOTHUB_CLIENT_CONFIRMATION_OK"
19236,4020675271,4020675325,1,"IOTHUB_CLIENT_CONFIRMATION_OK"
19237,4020675472,4020675553,1,"IOTHUB_CLIENT_CONFIRMATION_OK"
19238,4020675672,4020675727,1,"IOTHUB_CLIENT_CONFIRMATION_OK"
19239,4020675872,4020675913,1,"IOTHUB_CLIENT_CONFIRMATION_OK"
19240,4020676072,4020676168,1,"IOTHUB_CLIENT_CONFIRMATION_OK"
19241,4020676272,4020676315,1,"IOTHUB_CLIENT_CONFIRMATION_OK"
19242,4020676472,4020676708,1,"IOTHUB_CLIENT_CONFIRMATION_OK"
19243,4020676672,4020676771,1,"IOTHUB_CLIENT_CONFIRMATION_OK"
19244,4020676873,4020676910,1,"IOTHUB_CLIENT_CONFIRMATION_OK"
19245,4020677073,4020677128,1,"IOTHUB_CLIENT_CONFIRMATION_OK"
19246,4020677273,4020677313,1,"IOTHUB_CLIENT_CONFIRMATION_OK"
19247,4020677473,4020677553,1,"IOTHUB_CLIENT_CONFIRMATION_OK"
19248,4020677673,4020677712,1,"IOTHUB_CLIENT_CONFIRMATION_OK"
19249,4020677873,4020677919,1,"IOTHUB_CLIENT_CONFIRMATION_OK"
19250,4020678074,4020678113,1,"IOTHUB_CLIENT_CONFIRMATION_OK"
19251,4020678274,4020678337,1,"IOTHUB_CLIENT_CONFIRMATION_OK"
19252,4020678474,4020678519,1,"IOTHUB_CLIENT_CONFIRMATION_OK"
19253,4020678674,4020678846,1,"IOTHUB_CLIENT_CONFIRMATION_OK"
19254,4020678874,4020678914,1,"IOTHUB_CLIENT_CONFIRMATION_OK"
19255,4020679074,4020679121,1,"IOTHUB_CLIENT_CONFIRMATION_OK"
19256,4020679274,4020679431,1,"IOTHUB_CLIENT_CONFIRMATION_OK"
19257,4020679475,4020679527,1,"IOTHUB_CLIENT_CONFIRMATION_OK"
19258,4020679675,4020679710,1,"IOTHUB_CLIENT_CONFIRMATION_OK"
19259,4020679875,4020679911,1,"IOTHUB_CLIENT_CONFIRMATION_OK"
19260,4020680075,4020680120,1,"IOTHUB_CLIENT_CONFIRMATION_OK"
19261,4020680275,4020680323,1,"IOTHUB_CLIENT_CONFIRMATION_OK"
19262,4020680475,4020680511,1,"IOTHUB_CLIENT_CONFIRMATION_OK"
19263,4020680676,4020680713,1,"IOTHUB_CLIENT_CONFIRMATION_OK"
19264,4020680876,4020680932,1,"IOTHUB_CLIENT_CONFIRMATION_OK"
19265,4020681076,4020681121,1,"IOTHUB_CLIENT_CONFIRMATION_OK"
19266,4020681276,4020681314,1,"IOTHUB_CLIENT_CONFIRMATION_OK"
19267,4020681476,4020681532,1,"IOTHUB_CLIENT_CONFIRMATION_OK"
19268,4020681676,4020681720,1,"IOTHUB_CLIENT_CONFIRMATION_OK"
19269,4020681876,4020681977,1,"IOTHUB_CLIENT_CONFIRMATION_OK"
19270,4020682077,4020682113,1,"IOTHUB_CLIENT_CONFIRMATION_OK"
19271,4020682277,4020682335,1,"IOTHUB_CLIENT_CONFIRMATION_OK"
19272,4020682477,4020682528,1,"IOTHUB_CLIENT_CONFIRMATION_OK"
19273,4020682677,4020682728,1,"IOTHUB_CLIENT_CONFIRMATION_OK"
19274,4020682877,4020682917,1,"IOTHUB_CLIENT_CONFIRMATION_OK"
19275,4020683078,4020683126,1,"IOTHUB_CLIENT_CONFIRMATION_OK"
19276,4020683278,4020683363,1,"IOTHUB_CLIENT_CONFIRMATION_OK"
19277,4020683478,4020683527,1,"IOTHUB_CLIENT_CONFIRMATION_OK"
19278,4020683678,4020683722,1,"IOTHUB_CLIENT_CONFIRMATION_OK"
19279,4020683878,4020684055,1,"IOTHUB_CLIENT_CONFIRMATION_OK"
19280,4020684078,4020684121,1,"IOTHUB_CLIENT_CONFIRMATION_OK"
19281,4020684279,4020684319,1,"IOTHUB_CLIENT_CONFIRMATION_OK"
19282,4020684479,4020684520,1,"IOTHUB_CLIENT_CONFIRMATION_OK"
19283,4020684679,4020684725,1,"IOTHUB_CLIENT_CONFIRMATION_OK"
19284,4020684879,4020684929,1,"IOTHUB_CLIENT_CONFIRMATION_OK"
19285,4020685079,4020685283,1,"IOTHUB_CLIENT_CONFIRMATION_OK"
19286,4020685279,4020685323,1,"IOTHUB_CLIENT_CONFIRMATION_OK"
19287,4020685480,4020685522,1,"IOTHUB_CLIENT_CONFIRMATION_OK"
19288,4020685680,4020685726,1,"IOTHUB_CLIENT_CONFIRMATION_OK"
19289,4020685880,4020685922,1,"IOTHUB_CLIENT_CONFIRMATION_OK"
19290,4020686080,4020686123,1,"IOTHUB_CLIENT_CONFIRMATION_OK"
19291,4020686280,4020686324,1,"IOTHUB_CLIENT_CONFIRMATION_OK"
19292,4020686480,4020686535,1,"IOTHUB_CLIENT_CONFIRMATION_OK"
19293,4020686680,4020686720,1,"IOTHUB_CLIENT_CONFIRMATION_OK"
19294,4020686881,4020686924,1,"IOTHUB_CLIENT_CONFIRMATION_OK"
19295,4020687081,4020687118,1,"IOTHUB_CLIENT_CONFIRMATION_OK"
19296,4020687281,4020687319,1,"IOTHUB_CLIENT_CONFIRMATION_OK"
19297,4020687481,4020687524,1,"IOTHUB_CLIENT_CONFIRMATION_OK"
19298,4020687681,4020687727,1,"IOTHUB_CLIENT_CONFIRMATION_OK"
19299,4020687881,4020687925,1,"IOTHUB_CLIENT_CONFIRMATION_OK"
19300,4020688082,4020688124,1,"IOTHUB_CLIENT_CONFIRMATION_OK"
19301,4020688282,4020688335,1,"IOTHUB_CLIENT_CONFIRMATION_OK"
19302,4020688482,4020688527,1,"IOTHUB_CLIENT_CONFIRMATION_OK"
19303,4020688682,4020688729,1,"IOTHUB_CLIENT_CONFIRMATION_OK"
19304,4020688882,4020688935,1,"IOTHUB_CLIENT_CONFIRMATION_OK"
19305,4020689082,4020689151,1,"IOTHUB_CLIENT_CONFIRMATION_OK"
19306,4020689282,4020689342,1,"IOTHUB_CLIENT_CONFIRMATION_OK"
19307,4020689483,4020689527,1,"IOTHUB_CLIENT_CONFIRMATION_OK"
19308,4020689683,4020689755,1,"IOTHUB_CLIENT_CONFIRMATION_OK"
19309,4020689883,4020689925,1,"IOTHUB_CLIENT_CONFIRMATION_OK"
19310,4020690083,4020690125,1,"IOTHUB_CLIENT_CONFIRMATION_OK"
19311,4020690283,4020690375,1,"IOTHUB_CLIENT_CONFIRMATION_OK"
19312,4020690483,4020690533,1,"IOTHUB_CLIENT_CONFIRMATION_OK"
19313,4020690684,4020690725,1,"IOTHUB_CLIENT_CONFIRMATION_OK"
19314,4020690884,4020690972,1,"IOTHUB_CLIENT_CONFIRMATION_OK"
19315,4020691084,4020691120,1,"IOTHUB_CLIENT_CONFIRMATION_OK"
19316,4020691284,4020691322,1,"IOTHUB_CLIENT_CONFIRMATION_OK"
19317,4020691484,4020691536,1,"IOTHUB_CLIENT_CONFIRMATION_OK"
19318,4020691684,4020691726,1,"IOTHUB_CLIENT_CONFIRMATION_OK"
19319,4020691885,4020691949,1,"IOTHUB_CLIENT_CONFIRMATION_OK"
19320,4020692085,4020692141,1,"IOTHUB_CLIENT_CONFIRMATION_OK"
19321,4020692285,4020692394,1,"IOTHUB_CLIENT_CONFIRMATION_OK"
19322,4020692485,4020692525,1,"IOTHUB_CLIENT_CONFIRMATION_OK"
19323,4020692685,4020692726,1,"IOTHUB_CLIENT_CONFIRMATION_OK"
19324,4020692885,4020693002,1,"IOTHUB_CLIENT_CONFIRMATION_OK"
19325,4020693086,4020693165,1,"IOTHUB_CLIENT_CONFIRMATION_OK"
19326,4020693286,4020693331,1,"IOTHUB_CLIENT_CONFIRMATION_OK"
19327,4020693486,4020693621,1,"IOTHUB_CLIENT_CONFIRMATION_OK"
19328,4020693686,4020693744,1,"IOTHUB_CLIENT_CONFIRMATION_OK"
19329,4020693886,4020693933,1,"IOTHUB_CLIENT_CONFIRMATION_OK"
19330,4020694086,4020694129,1,"IOTHUB_CLIENT_CONFIRMATION_OK"
19331,4020694286,4020694325,1,"IOTHUB_CLIENT_CONFIRMATION_OK"
19332,4020694487,4020694537,1,"IOTHUB_CLIENT_CONFIRMATION_OK"
19333,4020694687,4020694724,1,"IOTHUB_CLIENT_CONFIRMATION_OK"
19334,4020694887,4020694934,1,"IOTHUB_CLIENT_CONFIRMATION_OK"
19335,4020695087,4020695140,1,"IOTHUB_CLIENT_CONFIRMATION_OK"
19336,4020695287,4020695329,1,"IOTHUB_CLIENT_CONFIRMATION_OK"
19337,4020695487,4020695531,1,"IOTHUB_CLIENT_CONFIRMATION_OK"
19338,4020695688,4020695735,1,"IOTHUB_CLIENT_CONFIRMATION_OK"
19339,4020695888,4020695936,1,"IOTHUB_CLIENT_CONFIRMATION_OK"
19340,4020696088,4020696143,1,"IOTHUB_CLIENT_CONFIRMATION_OK"
19341,4020696288,4020696340,1,"IOTHUB_CLIENT_CONFIRMATION_OK"
19342,4020696488,4020696528,1,"IOTHUB_CLIENT_CONFIRMATION_OK"
19343,4020696688,4020696751,1,"IOTHUB_CLIENT_CONFIRMATION_OK"
19344,4020696888,4020696929,1,"IOTHUB_CLIENT_CONFIRMATION_OK"
19345,4020697089,4020697134,1,"IOTHUB_CLIENT_CONFIRMATION_OK"
19346,4020697289,4020697324,1,"IOTHUB_CLIENT_CONFIRMATION_OK"
19347,4020697489,4020697535,1,"IOTHUB_CLIENT_CONFIRMATION_OK"
19348,4020697689,4020697731,1,"IOTHUB_CLIENT_CONFIRMATION_OK"
19349,4020697889,4020697942,1,"IOTHUB_CLIENT_CONFIRMATION_OK"
19350,4020698089,4020698213,1,"IOTHUB_CLIENT_CONFIRMATION_OK"
19351,4020698289,4020698376,1,"IOTHUB_CLIENT_CONFIRMATION_OK"
19352,4020698490,4020698534,1,"IOTHUB_CLIENT_CONFIRMATION_OK"
19353,4020698690,4020698797,1,"IOTHUB_CLIENT_CONFIRMATION_OK"
19354,4020698890,4020698926,1,"IOTHUB_CLIENT_CONFIRMATION_OK"
19355,4020699090,4020699149,1,"IOTHUB_CLIENT_CONFIRMATION_OK"
19356,4020699290,4020699446,1,"IOTHUB_CLIENT_CONFIRMATION_OK"
19357,4020699490,4020699532,1,"IOTHUB_CLIENT_CONFIRMATION_OK"
19358,4020699690,4020699728,1,"IOTHUB_CLIENT_CONFIRMATION_OK"
19359,4020699891,4020699940,1,"IOTHUB_CLIENT_CONFIRMATION_OK"
19360,4020700091,4020700157,1,"IOTHUB_CLIENT_CONFIRMATION_OK"
19361,4020700291,4020700340,1,"IOTHUB_CLIENT_CONFIRMATION_OK"
19362,4020700491,4020700542,1,"IOTHUB_CLIENT_CONFIRMATION_OK"
19363,4020700691,4020700732,1,"IOTHUB_CLIENT_CONFIRMATION_OK"
19364,4020700891,4020700935,1,"IOTHUB_CLIENT_CONFIRMATION_OK"
19365,4020701092,4020701203,1,"IOTHUB_CLIENT_CONFIRMATION_OK"
19366,4020701292,4020701334,1,"IOTHUB_CLIENT_CONFIRMATION_OK"
19367,4020701492,4020701533,1,"IOTHUB_CLIENT_CONFIRMATION_OK"
19368,4020701692,4020701737,1,"IOTHUB_CLIENT_CONFIRMATION_OK"
19369,4020701892,4020701943,1,"IOTHUB_CLIENT_CONFIRMATION_OK"
19370,4020702092,4020702134,1,"IOTHUB_CLIENT_CONFIRMATION_OK"
19371,4020702292,4020702337,1,"IOTHUB_CLIENT_CONFIRMATION_OK"
19372,4020702493,4020702560,1,"IOTHUB_CLIENT_CONFIRMATION_OK"
19373,4020702693,4020702732,1,"IOTHUB_CLIENT_CONFIRMATION_OK"
19374,4020702893,4020702956,1,"IOTHUB_CLIENT_CONFIRMATION_OK"
19375,4020703093,4020703138,1,"IOTHUB_CLIENT_CONFIRMATION_OK"
19376,4020703293,4020703341,1,"IOTHUB_CLIENT_CONFIRMATION_OK"
19377,4020703493,4020703548,1,"IOTHUB_CLIENT_CONFIRMATION_OK"
19378,4020703693,4020703736,1,"IOTHUB_CLIENT_CONFIRMATION_OK"
19379,4020703894,4020703941,1,"IOTHUB_CLIENT_CONFIRMATION_OK"
19380,4020704094,4020704137,1,"IOTHUB_CLIENT_CONFIRMATION_OK"
19381,4020704294,4020704395,1,"IOTHUB_CLIENT_CONFIRMATION_OK"
19382,4020704494,4020704535,1,"IOTHUB_CLIENT_CONFIRMATION_OK"
19383,4020704694,4020704760,1,"IOTHUB_CLIENT_CONFIRMATION_OK"
19384,4020704894,4020704948,1,"IOTHUB_CLIENT_CONFIRMATION_OK"
19385,4020705095,4020705137,1,"IOTHUB_CLIENT_CONFIRMATION_OK"
19386,4020705295,4020705338,1,"IOTHUB_CLIENT_CONFIRMATION_OK"
19387,4020705495,4020705538,1,"IOTHUB_CLIENT_CONFIRMATION_OK"
19388,4020705695,4020705744,1,"IOTHUB_CLIENT_CONFIRMATION_OK"
19389,4020705895,4020705983,1,"IOTHUB_CLIENT_CONFIRMATION_OK"
19390,4020706095,4020706158,1,"IOTHUB_CLIENT_CONFIRMATION_OK"
19391,4020706295,4020706339,1,"IOTHUB_CLIENT_CONFIRMATION_OK"
19392,4020706496,4020706617,1,"IOTHUB_CLIENT_CONFIRMATION_OK"
19393,4020706696,4020706738,1,"IOTHUB_CLIENT_CONFIRMATION_OK"
19394,4020706896,4020706940,1,"IOTHUB_CLIENT_CONFIRMATION_OK"
19395,4020707096,4020707213,1,"IOTHUB_CLIENT_CONFIRMATION_OK"
19396,4020707296,4020707331,1,"IOTHUB_CLIENT_CONFIRMATION_OK"
19397,4020707496,4020707538,1,"IOTHUB_CLIENT_CONFIRMATION_OK"
19398,4020707696,4020707823,1,"IOTHUB_CLIENT_CONFIRMATION_OK"
19399,4020707897,4020707936,1,"IOTHUB_CLIENT_CONFIRMATION_OK"
19400,4020708097,4020708138,1,"IOTHUB_CLIENT_CONFIRMATION_OK"
19401,4020708297,4020708341,1,"IOTHUB_CLIENT_CONFIRMATION_OK"
19402,4020708497,4020708534,1,"IOTHUB_CLIENT_CONFIRMATION_OK"
19403,4020708697,4020708737,1,"IOTHUB_CLIENT_CONFIRMATION_OK"
19404,4020708897,4020708963,1,"IOTHUB_CLIENT_CONFIRMATION_OK"
19405,4020709097,4020709133,1,"IOTHUB_CLIENT_CONFIRMATION_OK"
19406,4020709298,4020709410,1,"IOTHUB_CLIENT_CONFIRMATION_OK"
19407,4020709498,4020709536,1,"IOTHUB_CLIENT_CONFIRMATION_OK"
19408,4020709698,4020709735,1,"IOTHUB_CLIENT_CONFIRMATION_OK"
19409,4020709898,4020709937,1,"IOTHUB_CLIENT_CONFIRMATION_OK"
19410,4020710098,4020710144,1,"IOTHUB_CLIENT_CONFIRMATION_OK"
19411,4020710298,4020710338,1,"IOTHUB_CLIENT_CONFIRMATION_OK"
19412,4020710499,4020710542,1,"IOTHUB_CLIENT_CONFIRMATION_OK"
19413,4020710699,4020710796,1,"IOTHUB_CLIENT_CONFIRMATION_OK"
19414,4020710899,4020711088,1,"IOTHUB_CLIENT_CONFIRMATION_OK"
19415,4020711099,4020711158,1,"IOTHUB_CLIENT_CONFIRMATION_OK"
19416,4020711299,4020711352,1,"IOTHUB_CLIENT_CONFIRMATION_OK"
19417,4020711499,4020711537,1,"IOTHUB_CLIENT_CONFIRMATION_OK"
19418,4020711699,4020711753,1,"IOTHUB_CLIENT_CONFIRMATION_OK"
19419,4020711900,4020711959,1,"IOTHUB_CLIENT_CONFIRMATION_OK"
19420,4020712100,4020712206,1,"IOTHUB_CLIENT_CONFIRMATION_OK"
19421,4020712300,4020712410,1,"IOTHUB_CLIENT_CONFIRMATION_OK"
19422,4020712500,4020712557,1,"IOTHUB_CLIENT_CONFIRMATION_OK"
19423,4020712700,4020712774,1,"IOTHUB_CLIENT_CONFIRMATION_OK"
19424,4020712900,4020713036,1,"IOTHUB_CLIENT_CONFIRMATION_OK"
19425,4020713101,4020713154,1,"IOTHUB_CLIENT_CONFIRMATION_OK"
19426,4020713301,4020713376,1,"IOTHUB_CLIENT_CONFIRMATION_OK"
19427,4020713501,4020713620,1,"IOTHUB_CLIENT_CONFIRMATION_OK"
19428,4020713701,4020713738,1,"IOTHUB_CLIENT_CONFIRMATION_OK"
19429,4020713901,4020713949,1,"IOTHUB_CLIENT_CONFIRMATION_OK"
19430,4020714101,4020714136,1,"IOTHUB_CLIENT_CONFIRMATION_OK"
19431,4020714301,4020714369,1,"IOTHUB_CLIENT_CONFIRMATION_OK"
19432,4020714502,4020714564,1,"IOTHUB_CLIENT_CONFIRMATION_OK"
19433,4020714702,4020714745,1,"IOTHUB_CLIENT_CONFIRMATION_OK"
19434,4020714902,4020715120,1,"IOTHUB_CLIENT_CONFIRMATION_OK"
19435,4020715102,4020715164,1,"IOTHUB_CLIENT_CONFIRMATION_OK"
19436,4020715302,4020715350,1,"IOTHUB_CLIENT_CONFIRMATION_OK"
19437,4020715502,4020715542,1,"IOTHUB_CLIENT_CONFIRMATION_OK"
19438,4020715702,4020715766,1,"IOTHUB_CLIENT_CONFIRMATION_OK"
19439,4020715903,4020715950,1,"IOTHUB_CLIENT_CONFIRMATION_OK"
19440,4020716103,4020716142,1,"IOTHUB_CLIENT_CONFIRMATION_OK"
19441,4020716303,4020716346,1,"IOTHUB_CLIENT_CONFIRMATION_OK"
19442,4020716503,4020716568,1,"IOTHUB_CLIENT_CONFIRMATION_OK"
19443,4020716703,4020716762,1,"IOTHUB_CLIENT_CONFIRMATION_OK"
19444,4020716903,4020716945,1,"IOTHUB_CLIENT_CONFIRMATION_OK"
19445,4020717104,4020717159,1,"IOTHUB_CLIENT_CONFIRMATION_OK"
19446,4020717304,4020717340,1,"IOTHUB_CLIENT_CONFIRMATION_OK"
19447,4020717504,4020717571,1,"IOTHUB_CLIENT_CONFIRMATION_OK"
19448,4020717704,4020717815,1,"IOTHUB_CLIENT_CONFIRMATION_OK"
19449,4020717904,4020717939,1,"IOTHUB_CLIENT_CONFIRMATION_OK"
19450,4020718104,4020718140,1,"IOTHUB_CLIENT_CONFIRMATION_OK"
19451,4020718305,4020718345,1,"IOTHUB_CLIENT_CONFIRMATION_OK"
19452,4020718505,4020718564,1,"IOTHUB_CLIENT_CONFIRMATION_OK"
19453,4020718705,4020718858,1,"IOTHUB_CLIENT_CONFIRMATION_OK"
19454,4020718905,4020718948,1,"IOTHUB_CLIENT_CONFIRMATION_OK"
19455,4020719105,4020719155,1,"IOTHUB_CLIENT_CONFIRMATION_OK"
19456,4020719305,4020719465,1,"IOTHUB_CLIENT_CONFIRMATION_OK"
19457,4020719506,4020719563,1,"IOTHUB_CLIENT_CONFIRMATION_OK"
19458,4020719706,4020719743,1,"IOTHUB_CLIENT_CONFIRMATION_OK"
19459,4020719906,4020719949,1,"IOTHUB_CLIENT_CONFIRMATION_OK"
19460,4020720106,4020720157,1,"IOTHUB_CLIENT_CONFIRMATION_OK"
19461,4020720306,4020720356,1,"IOTHUB_CLIENT_CONFIRMATION_OK"
19462,4020720506,4020720555,1,"IOTHUB_CLIENT_CONFIRMATION_OK"
19463,4020720706,4020720748,1,"IOTHUB_CLIENT_CONFIRMATION_OK"
19464,4020720907,4020720944,1,"IOTHUB_CLIENT_CONFIRMATION_OK"
19465,4020721107,4020721154,1,"IOTHUB_CLIENT_CONFIRMATION_OK"
19466,4020721307,4020721367,1,"IOTHUB_CLIENT_CONFIRMATION_OK"
19467,4020721507,4020721554,1,"IOTHUB_CLIENT_CONFIRMATION_OK"
19468,4020721707,4020721760,1,"IOTHUB_CLIENT_CONFIRMATION_OK"
19469,4020721908,4020721950,1,"IOTHUB_CLIENT_CONFIRMATION_OK"
19470,4020722108,4020722146,1,"IOTHUB_CLIENT_CONFIRMATION_OK"
19471,4020722308,4020722390,1,"IOTHUB_CLIENT_CONFIRMATION_OK"
19472,4020722508,4020722548,1,"IOTHUB_CLIENT_CONFIRMATION_OK"
19473,4020722708,4020722749,1,"IOTHUB_CLIENT_CONFIRMATION_OK"
19474,4020722908,4020723070,1,"IOTHUB_CLIENT_CONFIRMATION_OK"
19475,4020723109,4020723149,1,"IOTHUB_CLIENT_CONFIRMATION_OK"
19476,4020723309,4020723362,1,"IOTHUB_CLIENT_CONFIRMATION_OK"
19477,4020723509,4020723560,1,"IOTHUB_CLIENT_CONFIRMATION_OK"
19478,4020723709,4020723754,1,"IOTHUB_CLIENT_CONFIRMATION_OK"
19479,4020723909,4020724031,1,"IOTHUB_CLIENT_CONFIRMATION_OK"
19480,4020724109,4020724157,1,"IOTHUB_CLIENT_CONFIRMATION_OK"
19481,4020724309,4020724352,1,"IOTHUB_CLIENT_CONFIRMATION_OK"
19482,4020724510,4020724578,1,"IOTHUB_CLIENT_CONFIRMATION_OK"
19483,4020724710,4020724765,1,"IOTHUB_CLIENT_CONFIRMATION_OK"
19484,4020724910,4020724959,1,"IOTHUB_CLIENT_CONFIRMATION_OK"
19485,4020725110,4020725200,1,"IOTHUB_CLIENT_CONFIRMATION_OK"
19486,4020725310,4020725356,1,"IOTHUB_CLIENT_CONFIRMATION_OK"
19487,4020725510,4020725564,1,"IOTHUB_CLIENT_CONFIRMATION_OK"
19488,4020725711,4020725788,1,"IOTHUB_CLIENT_CONFIRMATION_OK"
19489,4020725911,4020725968,1,"IOTHUB_CLIENT_CONFIRMATION_OK"
19490,4020726111,4020726153,1,"IOTHUB_CLIENT_CONFIRMATION_OK"
19491,4020726311,4020726380,1,"IOTHUB_CLIENT_CONFIRMATION_OK"
19492,4020726511,4020726575,1,"IOTHUB_CLIENT_CONFIRMATION_OK"
19493,4020726711,4020726756,1,"IOTHUB_CLIENT_CONFIRMATION_OK"
19494,4020726912,4020726958,1,"IOTHUB_CLIENT_CONFIRMATION_OK"
19495,4020727112,4020727239,1,"IOTHUB_CLIENT_CONFIRMATION_OK"
19496,4020727312,4020727354,1,"IOTHUB_CLIENT_CONFIRMATION_OK"
19497,4020727512,4020727555,1,"IOTHUB_CLIENT_CONFIRMATION_OK"
19498,4020727712,4020727834,1,"IOTHUB_CLIENT_CONFIRMATION_OK"
19499,4020727912,4020727957,1,"IOTHUB_CLIENT_CONFIRMATION_OK"
19500,4020728112,4020728158,1,"IOTHUB_CLIENT_CONFIRMATION_OK"
19501,4020728313,4020728452,1,"IOTHUB_CLIENT_CONFIRMATION_OK"
19502,4020728513,4020728557,1,"IOTHUB_CLIENT_CONFIRMATION_OK"
19503,4020728713,4020728757,1,"IOTHUB_CLIENT_CONFIRMATION_OK"
19504,4020728913,4020728964,1,"IOTHUB_CLIENT_CONFIRMATION_OK"
19505,4020729113,4020729169,1,"IOTHUB_CLIENT_CONFIRMATION_OK"
19506,4020729313,4020729384,1,"IOTHUB_CLIENT_CONFIRMATION_OK"
19507,4020729513,4020729570,1,"IOTHUB_CLIENT_CONFIRMATION_OK"
19508,4020729714,4020729764,1,"IOTHUB_CLIENT_CONFIRMATION_OK"
19509,4020729914,4020729966,1,"IOTHUB_CLIENT_CONFIRMATION_OK"
19510,4020730114,4020730163,1,"IOTHUB_CLIENT_CONFIRMATION_OK"
19511,4020730314,4020730359,1,"IOTHUB_CLIENT_CONFIRMATION_OK"
19512,4020730514,4020730558,1,"IOTHUB_CLIENT_CONFIRMATION_OK"
19513,4020730714,4020730761,1,"IOTHUB_CLIENT_CONFIRMATION_OK"
19514,4020730915,4020731114,1,"IOTHUB_CLIENT_CONFIRMATION_OK"
19515,4020731115,4020731188,1,"IOTHUB_CLIENT_CONFIRMATION_OK"
19516,4020731315,4020731426,1,"IOTHUB_CLIENT_CONFIRMATION_OK"
19517,4020731515,4020731557,1,"IOTHUB_CLIENT_CONFIRMATION_OK"
19518,4020731715,4020731757,1,"IOTHUB_CLIENT_CONFIRMATION_OK"
19519,4020731915,4020731965,1,"IOTHUB_CLIENT_CONFIRMATION_OK"
19520,4020732115,4020732156,1,"IOTHUB_CLIENT_CONFIRMATION_OK"
19521,4020732316,4020732367,1,"IOTHUB_CLIENT_CONFIRMATION_OK"
19522,4020732516,4020732557,1,"IOTHUB_CLIENT_CONFIRMATION_OK"
19523,4020732716,4020732763,1,"IOTHUB_CLIENT_CONFIRMATION_OK"
19524,4020732916,4020732976,1,"IOTHUB_CLIENT_CONFIRMATION_OK"
19525,4020733116,4020733151,1,"IOTHUB_CLIENT_CONFIRMATION_OK"
19526,4020733316,4020733360,1,"IOTHUB_CLIENT_CONFIRMATION_OK"
19527,4020733517,4020733558,1,"IOTHUB_CLIENT_CONFIRMATION_OK"
19528,4020733717,4020733759,1,"IOTHUB_CLIENT_CONFIRMATION_OK"
19529,4020733917,4020733961,1,"IOTHUB_CLIENT_CONFIRMATION_OK"
19530,4020734117,4020734206,1,"IOTHUB_CLIENT_CONFIRMATION_OK"
19531,4020734317,4020734385,1,"IOTHUB_CLIENT_CONFIRMATION_OK"
19532,4020734517,4020734577,1,"IOTHUB_CLIENT_CONFIRMATION_OK"
19533,4020734717,4020734753,1,"IOTHUB_CLIENT_CONFIRMATION_OK"
19534,4020734918,4020735009,1,"IOTHUB_CLIENT_CONFIRMATION_OK"
19535,4020735118,4020735172,1,"IOTHUB_CLIENT_CONFIRMATION_OK"
19536,4020735318,4020735410,1,"IOTHUB_CLIENT_CONFIRMATION_OK"
19537,4020735518,4020735609,1,"IOTHUB_CLIENT_CONFIRMATION_OK"
19538,4020735718,4020735758,1,"IOTHUB_CLIENT_CONFIRMATION_OK"
19539,4020735918,4020735964,1,"IOTHUB_CLIENT_CONFIRMATION_OK"
19540,4020736119,4020736243,1,"IOTHUB_CLIENT_CONFIRMATION_OK"
19541,4020736319,4020736356,1,"IOTHUB_CLIENT_CONFIRMATION_OK"
19542,4020736519,4020736559,1,"IOTHUB_CLIENT_CONFIRMATION_OK"
19543,4020736719,4020736860,1,"IOTHUB_CLIENT_CONFIRMATION_OK"
19544,4020736919,4020736954,1,"IOTHUB_CLIENT_CONFIRMATION_OK"
19545,4020737119,4020737169,1,"IOTHUB_CLIENT_CONFIRMATION_OK"
19546,4020737320,4020737363,1,"IOTHUB_CLIENT_CONFIRMATION_OK"
19547,4020737520,4020737565,1,"IOTHUB_CLIENT_CONFIRMATION_OK"
19548,4020737720,4020737865,1,"IOTHUB_CLIENT_CONFIRMATION_OK"
19549,4020737920,4020737971,1,"IOTHUB_CLIENT_CONFIRMATION_OK"
19550,4020738120,4020738167,1,"IOTHUB_CLIENT_CONFIRMATION_OK"
19551,4020738320,4020738444,1,"IOTHUB_CLIENT_CONFIRMATION_OK"
19552,4020738520,4020738565,1,"IOTHUB_CLIENT_CONFIRMATION_OK"
19553,4020738721,4020738763,1,"IOTHUB_CLIENT_CONFIRMATION_OK"
19554,4020738921,4020738959,1,"IOTHUB_CLIENT_CONFIRMATION_OK"
19555,4020739121,4020739197,1,"IOTHUB_CLIENT_CONFIRMATION_OK"
19556,4020739321,4020739499,1,"IOTHUB_CLIENT_CONFIRMATION_OK"
19557,4020739521,4020739599,1,"IOTHUB_CLIENT_CONFIRMATION_OK"
19558,4020739721,4020739768,1,"IOTHUB_CLIENT_CONFIRMATION_OK"
19559,4020739922,4020739997,1,"IOTHUB_CLIENT_CONFIRMATION_OK"
19560,4020740122,4020740167,1,"IOTHUB_CLIENT_CONFIRMATION_OK"
19561,4020740322,4020740379,1,"IOTHUB_CLIENT_CONFIRMATION_OK"
19562,4020740522,4020740574,1,"IOTHUB_CLIENT_CONFIRMATION_OK"
19563,4020740722,4020740780,1,"IOTHUB_CLIENT_CONFIRMATION_OK"
19564,4020740922,4020740965,1,"IOTHUB_CLIENT_CONFIRMATION_OK"
19565,4020741122,4020741165,1,"IOTHUB_CLIENT_CONFIRMATION_OK"
19566,4020741323,4020741495,1,"IOTHUB_CLIENT_CONFIRMATION_OK"
19567,4020741523,4020741562,1,"IOTHUB_CLIENT_CONFIRMATION_OK"
19568,4020741723,4020741795,1,"IOTHUB_CLIENT_CONFIRMATION_OK"
19569,4020741923,4020742069,1,"IOTHUB_CLIENT_CONFIRMATION_OK"
19570,4020742123,4020742221,1,"IOTHUB_CLIENT_CONFIRMATION_OK"
19571,4020742323,4020742395,1,"IOTHUB_CLIENT_CONFIRMATION_OK"
19572,4020742524,4020742560,1,"IOTHUB_CLIENT_CONFIRMATION_OK"
19573,4020742724,4020742773,1,"IOTHUB_CLIENT_CONFIRMATION_OK"
19574,4020742924,4020742965,1,"IOTHUB_CLIENT_CONFIRMATION_OK"
19575,4020743124,4020743172,1,"IOTHUB_CLIENT_CONFIRMATION_OK"
19576,4020743324,4020743388,1,"IOTHUB_CLIENT_CONFIRMATION_OK"
19577,4020743524,4020743576,1,"IOTHUB_CLIENT_CONFIRMATION_OK"
19578,4020743725,4020743774,1,"IOTHUB_CLIENT_CONFIRMATION_OK"
19579,4020743925,4020743984,1,"IOTHUB_CLIENT_CONFIRMATION_OK"
19580,4020744125,4020744168,1,"IOTHUB_CLIENT_CONFIRMATION_OK"
19581,4020744325,4020744385,1,"IOTHUB_CLIENT_CONFIRMATION_OK"
19582,4020744525,4020744582,1,"IOTHUB_CLIENT_CONFIRMATION_OK"
19583,4020744725,4020744768,1,"IOTHUB_CLIENT_CONFIRMATION_OK"
19584,4020744925,4020744971,1,"IOTHUB_CLIENT_CONFIRMATION_OK"
19585,4020745126,4020745183,1,"IOTHUB_CLIENT_CONFIRMATION_OK"
19586,4020745326,4020745363,1,"IOTHUB_CLIENT_CONFIRMATION_OK"
19587,4020745526,4020745566,1,"IOTHUB_CLIENT_CONFIRMATION_OK"
19588,4020745726,4020745767,1,"IOTHUB_CLIENT_CONFIRMATION_OK"
19589,4020745926,4020745993,1,"IOTHUB_CLIENT_CONFIRMATION_OK"
19590,4020746126,4020746169,1,"IOTHUB_CLIENT_CONFIRMATION_OK"
19591,4020746327,4020746379,1,"IOTHUB_CLIENT_CONFIRMATION_OK"
19592,4020746527,4020746649,1,"IOTHUB_CLIENT_CONFIRMATION_OK"
19593,4020746727,4020746771,1,"IOTHUB_CLIENT_CONFIRMATION_OK"
19594,4020746927,4020746965,1,"IOTHUB_CLIENT_CONFIRMATION_OK"
19595,4020747127,4020747329,1,"IOTHUB_CLIENT_CONFIRMATION_OK"
19596,4020747327,4020747403,1,"IOTHUB_CLIENT_CONFIRMATION_OK"
19597,4020747528,4020747582,1,"IOTHUB_CLIENT_CONFIRMATION_OK"
19598,4020747728,4020747770,1,"IOTHUB_CLIENT_CONFIRMATION_OK"
19599,4020747928,4020747986,1,"IOTHUB_CLIENT_CONFIRMATION_OK"
19600,4020748128,4020748173,1,"IOTHUB_CLIENT_CONFIRMATION_OK"
19601,4020748328,4020748368,1,"IOTHUB_CLIENT_CONFIRMATION_OK"
19602,4020748528,4020748583,1,"IOTHUB_CLIENT_CONFIRMATION_OK"
19603,4020748728,4020748774,1,"IOTHUB_CLIENT_CONFIRMATION_OK"
19604,4020748929,4020748973,1,"IOTHUB_CLIENT_CONFIRMATION_OK"
19605,4020749129,4020749177,1,"IOTHUB_CLIENT_CONFIRMATION_OK"
19606,4020749329,4020749382,1,"IOTHUB_CLIENT_CONFIRMATION_OK"
19607,4020749529,4020749576,1,"IOTHUB_CLIENT_CONFIRMATION_OK"
19608,4020749729,4020749801,1,"IOTHUB_CLIENT_CONFIRMATION_OK"
19609,4020749929,4020749976,1,"IOTHUB_CLIENT_CONFIRMATION_OK"
19610,4020750130,4020750175,1,"IOTHUB_CLIENT_CONFIRMATION_OK"
19611,4020750330,4020750367,1,"IOTHUB_CLIENT_CONFIRMATION_OK"
19612,4020750530,4020750579,1,"IOTHUB_CLIENT_CONFIRMATION_OK"
19613,4020750730,4020750775,1,"IOTHUB_CLIENT_CONFIRMATION_OK"
19614,4020750930,4020750985,1,"IOTHUB_CLIENT_CONFIRMATION_OK"
19615,4020751130,4020751175,1,"IOTHUB_CLIENT_CONFIRMATION_OK"
19616,4020751330,4020751374,1,"IOTHUB_CLIENT_CONFIRMATION_OK"
19617,4020751531,4020751582,1,"IOTHUB_CLIENT_CONFIRMATION_OK"
19618,4020751731,4020751789,1,"IOTHUB_CLIENT_CONFIRMATION_OK"
19619,4020751931,4020751975,1,"IOTHUB_CLIENT_CONFIRMATION_OK"
19620,4020752131,4020752178,1,"IOTHUB_CLIENT_CONFIRMATION_OK"
19621,4020752331,4020752419,1,"IOTHUB_CLIENT_CONFIRMATION_OK"
19622,4020752531,4020752604,1,"IOTHUB_CLIENT_CONFIRMATION_OK"
19623,4020752732,4020752773,1,"IOTHUB_CLIENT_CONFIRMATION_OK"
19624,4020752932,4020753020,1,"IOTHUB_CLIENT_CONFIRMATION_OK"
19625,4020753132,4020753247,1,"IOTHUB_CLIENT_CONFIRMATION_OK"
19626,4020753332,4020753417,1,"IOTHUB_CLIENT_CONFIRMATION_OK"
19627,4020753532,4020753615,1,"IOTHUB_CLIENT_CONFIRMATION_OK"
19628,4020753732,4020753827,1,"IOTHUB_CLIENT_CONFIRMATION_OK"
19629,4020753932,4020753979,1,"IOTHUB_CLIENT_CONFIRMATION_OK"
19630,4020754133,4020754170,1,"IOTHUB_CLIENT_CONFIRMATION_OK"
19631,4020754333,4020754374,1,"IOTHUB_CLIENT_CONFIRMATION_OK"
19632,4020754533,4020754572,1,"IOTHUB_CLIENT_CONFIRMATION_OK"
19633,4020754733,4020754779,1,"IOTHUB_CLIENT_CONFIRMATION_OK"
19634,4020754933,4020754990,1,"IOTHUB_CLIENT_CONFIRMATION_OK"
19635,4020755133,4020755176,1,"IOTHUB_CLIENT_CONFIRMATION_OK"
19636,4020755333,4020755371,1,"IOTHUB_CLIENT_CONFIRMATION_OK"
19637,4020755534,4020755685,1,"IOTHUB_CLIENT_CONFIRMATION_OK"
19638,4020755734,4020755773,1,"IOTHUB_CLIENT_CONFIRMATION_OK"
19639,4020755934,4020755983,1,"IOTHUB_CLIENT_CONFIRMATION_OK"
19640,4020756134,4020756304,1,"IOTHUB_CLIENT_CONFIRMATION_OK"
19641,4020756334,4020756416,1,"IOTHUB_CLIENT_CONFIRMATION_OK"
19642,4020756534,4020756573,1,"IOTHUB_CLIENT_CONFIRMATION_OK"
19643,4020756735,4020756875,1,"IOTHUB_CLIENT_CONFIRMATION_OK"
19644,4020756935,4020756985,1,"IOTHUB_CLIENT_CONFIRMATION_OK"
19645,4020757135,4020757227,1,"IOTHUB_CLIENT_CONFIRMATION_OK"
19646,4020757335,4020757382,1,"IOTHUB_CLIENT_CONFIRMATION_OK"
19647,4020757535,4020757596,1,"IOTHUB_CLIENT_CONFIRMATION_OK"
19648,4020757735,4020757821,1,"IOTHUB_CLIENT_CONFIRMATION_OK"
19649,4020757935,4020757977,1,"IOTHUB_CLIENT_CONFIRMATION_OK"
19650,4020758136,4020758178,1,"IOTHUB_CLIENT_CONFIRMATION_OK"
19651,4020758336,4020758379,1,"IOTHUB_CLIENT_CONFIRMATION_OK"
19652,4020758536,4020758598,1,"IOTHUB_CLIENT_CONFIRMATION_OK"
19653,4020758736,4020758827,1,"IOTHUB_CLIENT_CONFIRMATION_OK"
19654,4020758936,4020758981,1,"IOTHUB_CLIENT_CONFIRMATION_OK"
19655,4020759136,4020759178,1,"IOTHUB_CLIENT_CONFIRMATION_OK"
19656,4020759337,4020759535,1,"IOTHUB_CLIENT_CONFIRMATION_OK"
19657,4020759537,4020759577,1,"IOTHUB_CLIENT_CONFIRMATION_OK"
19658,4020759737,4020759787,1,"IOTHUB_CLIENT_CONFIRMATION_OK"
19659,4020759937,4020760000,1,"IOTHUB_CLIENT_CONFIRMATION_OK"
19660,4020760137,4020760212,1,"IOTHUB_CLIENT_CONFIRMATION_OK"
19661,4020760337,4020760382,1,"IOTHUB_CLIENT_CONFIRMATION_OK"
19662,4020760538,4020760579,1,"IOTHUB_CLIENT_CONFIRMATION_OK"
19663,4020760738,4020760783,1,"IOTHUB_CLIENT_CONFIRMATION_OK"
19664,4020760938,4020760993,1,"IOTHUB_CLIENT_CONFIRMATION_OK"
19665,4020761138,4020761178,1,"IOTHUB_CLIENT_CONFIRMATION_OK"
19666,4020761338,4020761380,1,"IOTHUB_CLIENT_CONFIRMATION_OK"
19667,4020761538,4020761580,1,"IOTHUB_CLIENT_CONFIRMATION_OK"
19668,4020761738,4020761782,1,"IOTHUB_CLIENT_CONFIRMATION_OK"
19669,4020761939,4020762022,1,"IOTHUB_CLIENT_CONFIRMATION_OK"
19670,4020762139,4020762191,1,"IOTHUB_CLIENT_CONFIRMATION_OK"
19671,4020762339,4020762381,1,"IOTHUB_CLIENT_CONFIRMATION_OK"
19672,4020762539,4020762591,1,"IOTHUB_CLIENT_CONFIRMATION_OK"
19673,4020762739,4020762801,1,"IOTHUB_CLIENT_CONFIRMATION_OK"
19674,4020762939,4020762984,1,"IOTHUB_CLIENT_CONFIRMATION_OK"
19675,4020763140,4020763207,1,"IOTHUB_CLIENT_CONFIRMATION_OK"
19676,4020763340,4020763413,1,"IOTHUB_CLIENT_CONFIRMATION_OK"
19677,4020763540,4020763602,1,"IOTHUB_CLIENT_CONFIRMATION_OK"
19678,4020763740,4020763778,1,"IOTHUB_CLIENT_CONFIRMATION_OK"
19679,4020763940,4020764018,1,"IOTHUB_CLIENT_CONFIRMATION_OK"
19680,4020764140,4020764315,1,"IOTHUB_CLIENT_CONFIRMATION_OK"
19681,4020764340,4020764387,1,"IOTHUB_CLIENT_CONFIRMATION_OK"
19682,4020764541,4020764592,1,"IOTHUB_CLIENT_CONFIRMATION_OK"
19683,4020764741,4020764784,1,"IOTHUB_CLIENT_CONFIRMATION_OK"
19684,4020764941,4020764983,1,"IOTHUB_CLIENT_CONFIRMATION_OK"
19685,4020765141,4020765355,1,"IOTHUB_CLIENT_CONFIRMATION_OK"
19686,4020765341,4020765411,1,"IOTHUB_CLIENT_CONFIRMATION_OK"
19687,4020765541,4020765577,1,"IOTHUB_CLIENT_CONFIRMATION_OK"
19688,4020765742,4020765785,1,"IOTHUB_CLIENT_CONFIRMATION_OK"
19689,4020765942,4020765984,1,"IOTHUB_CLIENT_CONFIRMATION_OK"
19690,4020766142,4020766187,1,"IOTHUB_CLIENT_CONFIRMATION_OK"
19691,4020766342,4020766384,1,"IOTHUB_CLIENT_CONFIRMATION_OK"
19692,4020766542,4020766610,1,"IOTHUB_CLIENT_CONFIRMATION_OK"
19693,4020766742,4020766812,1,"IOTHUB_CLIENT_CONFIRMATION_OK"
19694,4020766943,4020766984,1,"IOTHUB_CLIENT_CONFIRMATION_OK"
19695,4020767143,4020767211,1,"IOTHUB_CLIENT_CONFIRMATION_OK"
19696,4020767343,4020767396,1,"IOTHUB_CLIENT_CONFIRMATION_OK"
19697,4020767543,4020767584,1,"IOTHUB_CLIENT_CONFIRMATION_OK"
19698,4020767743,4020767807,1,"IOTHUB_CLIENT_CONFIRMATION_OK"
19699,4020767943,4020767982,1,"IOTHUB_CLIENT_CONFIRMATION_OK"
19700,4020768143,4020768198,1,"IOTHUB_CLIENT_CONFIRMATION_OK"
19701,4020768344,4020768412,1,"IOTHUB_CLIENT_CONFIRMATION_OK"
19702,4020768544,4020768588,1,"IOTHUB_CLIENT_CONFIRMATION_OK"
19703,4020768744,4020768829,1,"IOTHUB_CLIENT_CONFIRMATION_OK"
19704,4020768944,4020768982,1,"IOTHUB_CLIENT_CONFIRMATION_OK"
19705,4020769144,4020769215,1,"IOTHUB_CLIENT_CONFIRMATION_OK"
19706,4020769344,4020769389,1,"IOTHUB_CLIENT_CONFIRMATION_OK"
19707,4020769544,4020769654,1,"IOTHUB_CLIENT_CONFIRMATION_OK"
19708,4020769745,4020769875,1,"IOTHUB_CLIENT_CONFIRMATION_OK"
19709,4020769945,4020770007,1,"IOTHUB_CLIENT_CONFIRMATION_OK"
19710,4020770145,4020770180,1,"IOTHUB_CLIENT_CONFIRMATION_OK"
19711,4020770345,4020770458,1,"IOTHUB_CLIENT_CONFIRMATION_OK"
19712,4020770545,4020770591,1,"IOTHUB_CLIENT_CONFIRMATION_OK"
19713,4020770745,4020770780,1,"IOTHUB_CLIENT_CONFIRMATION_OK"
19714,4020770946,4020771069,1,"IOTHUB_CLIENT_CONFIRMATION_OK"
19715,4020771146,4020771194,1,"IOTHUB_CLIENT_CONFIRMATION_OK"
19716,4020771346,4020771384,1,"IOTHUB_CLIENT_CONFIRMATION_OK"
19717,4020771546,4020771604,1,"IOTHUB_CLIENT_CONFIRMATION_OK"
19718,4020771746,4020771784,1,"IOTHUB_CLIENT_CONFIRMATION_OK"
19719,4020771946,4020771993,1,"IOTHUB_CLIENT_CONFIRMATION_OK"
19720,4020772147,4020772192,1,"IOTHUB_CLIENT_CONFIRMATION_OK"
19721,4020772347,4020772391,1,"IOTHUB_CLIENT_CONFIRMATION_OK"
19722,4020772547,4020772594,1,"IOTHUB_CLIENT_CONFIRMATION_OK"
19723,4020772747,4020772826,1,"IOTHUB_CLIENT_CONFIRMATION_OK"
19724,4020772947,4020772993,1,"IOTHUB_CLIENT_CONFIRMATION_OK"
19725,4020773147,4020773184,1,"IOTHUB_CLIENT_CONFIRMATION_OK"
19726,4020773348,4020773387,1,"IOTHUB_CLIENT_CONFIRMATION_OK"
19727,4020773548,4020773591,1,"IOTHUB_CLIENT_CONFIRMATION_OK"
19728,4020773748,4020773791,1,"IOTHUB_CLIENT_CONFIRMATION_OK"
19729,4020773948,4020773990,1,"IOTHUB_CLIENT_CONFIRMATION_OK"
19730,4020774148,4020774229,1,"IOTHUB_CLIENT_CONFIRMATION_OK"
19731,4020774348,4020774417,1,"IOTHUB_CLIENT_CONFIRMATION_OK"
19732,4020774548,4020774593,1,"IOTHUB_CLIENT_CONFIRMATION_OK"
19733,4020774749,4020774803,1,"IOTHUB_CLIENT_CONFIRMATION_OK"
19734,4020774949,4020774990,1,"IOTHUB_CLIENT_CONFIRMATION_OK"
19735,4020775149,4020775196,1,"IOTHUB_CLIENT_CONFIRMATION_OK"
19736,4020775349,4020775391,1,"IOTHUB_CLIENT_CONFIRMATION_OK"
19737,4020775549,4020775594,1,"IOTHUB_CLIENT_CONFIRMATION_OK"
19738,4020775749,4020775872,1,"IOTHUB_CLIENT_CONFIRMATION_OK"
19739,4020775950,4020775997,1,"IOTHUB_CLIENT_CONFIRMATION_OK"
19740,4020776150,4020776217,1,"IOTHUB_CLIENT_CONFIRMATION_OK"
19741,4020776350,4020776400,1,"IOTHUB_CLIENT_CONFIRMATION_OK"
19742,4020776550,4020776584,1,"IOTHUB_CLIENT_CONFIRMATION_OK"
19743,4020776750,4020776822,1,"IOTHUB_CLIENT_CONFIRMATION_OK"
19744,4020776950,4020776999,1,"IOTHUB_CLIENT_CONFIRMATION_OK"
19745,4020777151,4020777208,1,"IOTHUB_CLIENT_CONFIRMATION_OK"
19746,4020777351,4020777396,1,"IOTHUB_CLIENT_CONFIRMATION_OK"
19747,4020777551,4020777625,1,"IOTHUB_CLIENT_CONFIRMATION_OK"
19748,4020777751,4020777796,1,"IOTHUB_CLIENT_CONFIRMATION_OK"
19749,4020777951,4020777997,1,"IOTHUB_CLIENT_CONFIRMATION_OK"
19750,4020778151,4020778240,1,"IOTHUB_CLIENT_CONFIRMATION_OK"
19751,4020778351,4020778399,1,"IOTHUB_CLIENT_CONFIRMATION_OK"
19752,4020778552,4020778595,1,"IOTHUB_CLIENT_CONFIRMATION_OK"
19753,4020778752,4020778840,1,"IOTHUB_CLIENT_CONFIRMATION_OK"
19754,4020778952,4020778988,1,"IOTHUB_CLIENT_CONFIRMATION_OK"
19755,4020779152,4020779192,1,"IOTHUB_CLIENT_CONFIRMATION_OK"
19756,4020779352,4020779442,1,"IOTHUB_CLIENT_CONFIRMATION_OK"
19757,4020779552,4020779602,1,"IOTHUB_CLIENT_CONFIRMATION_OK"
19758,4020779752,4020779797,1,"IOTHUB_CLIENT_CONFIRMATION_OK"
19759,4020779953,4020780031,1,"IOTHUB_CLIENT_CONFIRMATION_OK"
19760,4020780153,4020780198,1,"IOTHUB_CLIENT_CONFIRMATION_OK"
19761,4020780353,4020780391,1,"IOTHUB_CLIENT_CONFIRMATION_OK"
19762,4020780553,4020780601,1,"IOTHUB_CLIENT_CONFIRMATION_OK"
19763,4020780753,4020780801,1,"IOTHUB_CLIENT_CONFIRMATION_OK"
19764,4020780953,4020781043,1,"IOTHUB_CLIENT_CONFIRMATION_OK"
19765,4020781154,4020781221,1,"IOTHUB_CLIENT_CONFIRMATION_OK"
19766,4020781354,4020781478,1,"IOTHUB_CLIENT_CONFIRMATION_OK"
19767,4020781554,4020781592,1,"IOTHUB_CLIENT_CONFIRMATION_OK"
19768,4020781754,4020781816,1,"IOTHUB_CLIENT_CONFIRMATION_OK"
19769,4020781954,4020782088,1,"IOTHUB_CLIENT_CONFIRMATION_OK"
19770,4020782154,4020782193,1,"IOTHUB_CLIENT_CONFIRMATION_OK"
19771,4020782354,4020782400,1,"IOTHUB_CLIENT_CONFIRMATION_OK"
19772,4020782555,4020782596,1,"IOTHUB_CLIENT_CONFIRMATION_OK"
19773,4020782755,4020782792,1,"IOTHUB_CLIENT_CONFIRMATION_OK"
19774,4020782955,4020783033,1,"IOTHUB_CLIENT_CONFIRMATION_OK"
19775,4020783155,4020783204,1,"IOTHUB_CLIENT_CONFIRMATION_OK"
19776,4020783355,4020783396,1,"IOTHUB_CLIENT_CONFIRMATION_OK"
19777,4020783555,4020783602,1,"IOTHUB_CLIENT_CONFIRMATION_OK"
19778,4020783756,4020783806,1,"IOTHUB_CLIENT_CONFIRMATION_OK"
19779,4020783956,4020784000,1,"IOTHUB_CLIENT_CONFIRMATION_OK"
19780,4020784156,4020784194,1,"IOTHUB_CLIENT_CONFIRMATION_OK"
19781,4020784356,4020784404,1,"IOTHUB_CLIENT_CONFIRMATION_OK"
19782,4020784556,4020784603,1,"IOTHUB_CLIENT_CONFIRMATION_OK"
19783,4020784756,4020784835,1,"IOTHUB_CLIENT_CONFIRMATION_OK"
19784,4020784956,4020784993,1,"IOTHUB_CLIENT_CONFIRMATION_OK"
19785,4020785157,4020785334,1,"IOTHUB_CLIENT_CONFIRMATION_OK"
19786,4020785357,4020785422,1,"IOTHUB_CLIENT_CONFIRMATION_OK"
19787,4020785557,4020785618,1,"IOTHUB_CLIENT_CONFIRMATION_OK"
19788,4020785757,4020785806,1,"IOTHUB_CLIENT_CONFIRMATION_OK"
19789,4020785957,4020786056,1,"IOTHUB_CLIENT_CONFIRMATION_OK"
19790,4020786157,4020786201,1,"IOTHUB_CLIENT_CONFIRMATION_OK"
19791,4020786358,4020786399,1,"IOTHUB_CLIENT_CONFIRMATION_OK"
19792,4020786558,4020786601,1,"IOTHUB_CLIENT_CONFIRMATION_OK"
19793,4020786758,4020786806,1,"IOTHUB_CLIENT_CONFIRMATION_OK"
19794,4020786958,4020787010,1,"IOTHUB_CLIENT_CONFIRMATION_OK"
19795,4020787158,4020787320,1,"IOTHUB_CLIENT_CONFIRMATION_OK"
19796,4020787358,4020787405,1,"IOTHUB_CLIENT_CONFIRMATION_OK"
19797,4020787559,4020787598,1,"IOTHUB_CLIENT_CONFIRMATION_OK"
19798,4020787759,4020787934,1,"IOTHUB_CLIENT_CONFIRMATION_OK"
19799,4020787959,4020788015,1,"IOTHUB_CLIENT_CONFIRMATION_OK"
19800,4020788159,4020788301,1,"IOTHUB_CLIENT_CONFIRMATION_OK"
19801,4020788359,4020788661,1,"IOTHUB_CLIENT_CONFIRMATION_OK"
19802,4020788559,4020788745,1,"IOTHUB_CLIENT_CONFIRMATION_OK"
19803,4020788760,4020788831,1,"IOTHUB_CLIENT_CONFIRMATION_OK"
19804,4020788960,4020789009,1,"IOTHUB_CLIENT_CONFIRMATION_OK"
19805,4020789160,4020789199,1,"IOTHUB_CLIENT_CONFIRMATION_OK"
19806,4020789360,4020789412,1,"IOTHUB_CLIENT_CONFIRMATION_OK"
19807,4020789560,4020789607,1,"IOTHUB_CLIENT_CONFIRMATION_OK"
19808,4020789760,4020789817,1,"IOTHUB_CLIENT_CONFIRMATION_OK"
19809,4020789960,4020790010,1,"IOTHUB_CLIENT_CONFIRMATION_OK"
19810,4020790161,4020790196,1,"IOTHUB_CLIENT_CONFIRMATION_OK"
19811,4020790361,4020790402,1,"IOTHUB_CLIENT_CONFIRMATION_OK"
19812,4020790561,4020790607,1,"IOTHUB_CLIENT_CONFIRMATION_OK"
19813,4020790761,4020790806,1,"IOTHUB_CLIENT_CONFIRMATION_OK"
19814,4020790961,4020791021,1,"IOTHUB_CLIENT_CONFIRMATION_OK"
19815,4020791161,4020791202,1,"IOTHUB_CLIENT_CONFIRMATION_OK"
19816,4020791361,4020791413,1,"IOTHUB_CLIENT_CONFIRMATION_OK"
19817,4020791562,4020791628,1,"IOTHUB_CLIENT_CONFIRMATION_OK"
19818,4020791762,4020791831,1,"IOTHUB_CLIENT_CONFIRMATION_OK"
19819,4020791962,4020792017,1,"IOTHUB_CLIENT_CONFIRMATION_OK"
19820,4020792162,4020792205,1,"IOTHUB_CLIENT_CONFIRMATION_OK"
19821,4020792362,4020792438,1,"IOTHUB_CLIENT_CONFIRMATION_OK"
19822,4020792563,4020792650,1,"IOTHUB_CLIENT_CONFIRMATION_OK"
19823,4020792763,4020792832,1,"IOTHUB_CLIENT_CONFIRMATION_OK"
19824,4020792963,4020793074,1,"IOTHUB_CLIENT_CONFIRMATION_OK"
19825,4020793163,4020793205,1,"IOTHUB_CLIENT_CONFIRMATION_OK"
19826,4020793363,4020793436,1,"IOTHUB_CLIENT_CONFIRMATION_OK"
19827,4020793563,4020793649,1,"IOTHUB_CLIENT_CONFIRMATION_OK"
19828,4020793763,4020793850,1,"IOTHUB_CLIENT_CONFIRMATION_OK"
19829,4020793964,4020794006,1,"IOTHUB_CLIENT_CONFIRMATION_OK"
19830,4020794164,4020794201,1,"IOTHUB_CLIENT_CONFIRMATION_OK"
19831,4020794364,4020794406,1,"IOTHUB_CLIENT_CONFIRMATION_OK"
19832,4020794564,4020794608,1,"IOTHUB_CLIENT_CONFIRMATION_OK"
19833,4020794764,4020794830,1,"IOTHUB_CLIENT_CONFIRMATION_OK"
19834,4020794964,4020795027,1,"IOTHUB_CLIENT_CONFIRMATION_OK"
19835,4020795165,4020795210,1,"IOTHUB_CLIENT_CONFIRMATION_OK"
19836,4020795365,4020795413,1,"IOTHUB_CLIENT_CONFIRMATION_OK"
19837,4020795565,4020795609,1,"IOTHUB_CLIENT_CONFIRMATION_OK"
19838,4020795765,4020795807,1,"IOTHUB_CLIENT_CONFIRMATION_OK"
19839,4020795965,4020796012,1,"IOTHUB_CLIENT_CONFIRMATION_OK"
19840,4020796165,4020796331,1,"IOTHUB_CLIENT_CONFIRMATION_OK"
19841,4020796366,4020796408,1,"IOTHUB_CLIENT_CONFIRMATION_OK"
19842,4020796566,4020796609,1,"IOTHUB_CLIENT_CONFIRMATION_OK"
19843,4020796766,4020796918,1,"IOTHUB_CLIENT_CONFIRMATION_OK"
19844,4020796966,4020797089,1,"IOTHUB_CLIENT_CONFIRMATION_OK"
19845,4020797166,4020797208,1,"IOTHUB_CLIENT_CONFIRMATION_OK"
19846,4020797366,4020797408,1,"IOTHUB_CLIENT_CONFIRMATION_OK"
19847,4020797566,4020797602,1,"IOTHUB_CLIENT_CONFIRMATION_OK"
19848,4020797767,4020797824,1,"IOTHUB_CLIENT_CONFIRMATION_OK"
19849,4020797967,4020798094,1,"IOTHUB_CLIENT_CONFIRMATION_OK"
19850,4020798167,4020798204,1,"IOTHUB_CLIENT_CONFIRMATION_OK"
19851,4020798367,4020798407,1,"IOTHUB_CLIENT_CONFIRMATION_OK"
19852,4020798567,4020798635,1,"IOTHUB_CLIENT_CONFIRMATION_OK"
19853,4020798767,4020798806,1,"IOTHUB_CLIENT_CONFIRMATION_OK"
19854,4020798968,4020799009,1,"IOTHUB_CLIENT_CONFIRMATION_OK"
19855,4020799168,4020799208,1,"IOTHUB_CLIENT_CONFIRMATION_OK"
19856,4020799368,4020799599,1,"IOTHUB_CLIENT_CONFIRMATION_OK"
19857,4020799568,4020799632,1,"IOTHUB_CLIENT_CONFIRMATION_OK"
19858,4020799768,4020799808,1,"IOTHUB_CLIENT_CONFIRMATION_OK"
19859,4020799968,4020800042,1,"IOTHUB_CLIENT_CONFIRMATION_OK"
19860,4020800168,4020800227,1,"IOTHUB_CLIENT_CONFIRMATION_OK"
19861,4020800369,4020800412,1,"IOTHUB_CLIENT_CONFIRMATION_OK"
19862,4020800569,4020800624,1,"IOTHUB_CLIENT_CONFIRMATION_OK"
19863,4020800769,4020800842,1,"IOTHUB_CLIENT_CONFIRMATION_OK"
19864,4020800969,4020801087,1,"IOTHUB_CLIENT_CONFIRMATION_OK"
19865,4020801169,4020801209,1,"IOTHUB_CLIENT_CONFIRMATION_OK"
19866,4020801369,4020801416,1,"IOTHUB_CLIENT_CONFIRMATION_OK"
19867,4020801570,4020801618,1,"IOTHUB_CLIENT_CONFIRMATION_OK"
19868,4020801770,4020801832,1,"IOTHUB_CLIENT_CONFIRMATION_OK"
19869,4020801970,4020802006,1,"IOTHUB_CLIENT_CONFIRMATION_OK"
19870,4020802170,4020802212,1,"IOTHUB_CLIENT_CONFIRMATION_OK"
19871,4020802370,4020802445,1,"IOTHUB_CLIENT_CONFIRMATION_OK"
19872,4020802570,4020802609,1,"IOTHUB_CLIENT_CONFIRMATION_OK"
19873,4020802770,4020802954,1,"IOTHUB_CLIENT_CONFIRMATION_OK"
19874,4020802971,4020803056,1,"IOTHUB_CLIENT_CONFIRMATION_OK"
19875,4020803171,4020803208,1,"IOTHUB_CLIENT_CONFIRMATION_OK"
19876,4020803371,4020803425,1,"IOTHUB_CLIENT_CONFIRMATION_OK"
19877,4020803571,4020803625,1,"IOTHUB_CLIENT_CONFIRMATION_OK"
19878,4020803771,4020803818,1,"IOTHUB_CLIENT_CONFIRMATION_OK"
19879,4020803971,4020804014,1,"IOTHUB_CLIENT_CONFIRMATION_OK"
19880,4020804172,4020804217,1,"IOTHUB_CLIENT_CONFIRMATION_OK"
19881,4020804372,4020804410,1,"IOTHUB_CLIENT_CONFIRMATION_OK"
19882,4020804572,4020804617,1,"IOTHUB_CLIENT_CONFIRMATION_OK"
19883,4020804772,4020804815,1,"IOTHUB_CLIENT_CONFIRMATION_OK"
19884,4020804972,4020805013,1,"IOTHUB_CLIENT_CONFIRMATION_OK"
19885,4020805172,4020805226,1,"IOTHUB_CLIENT_CONFIRMATION_OK"
19886,4020805373,4020805416,1,"IOTHUB_CLIENT_CONFIRMATION_OK"
19887,4020805573,4020805611,1,"IOTHUB_CLIENT_CONFIRMATION_OK"
19888,4020805773,4020805820,1,"IOTHUB_CLIENT_CONFIRMATION_OK"
19889,4020805973,4020806015,1,"IOTHUB_CLIENT_CONFIRMATION_OK"
19890,4020806173,4020806215,1,"IOTHUB_CLIENT_CONFIRMATION_OK"
19891,4020806373,4020806415,1,"IOTHUB_CLIENT_CONFIRMATION_OK"
19892,4020806573,4020806659,1,"IOTHUB_CLIENT_CONFIRMATION_OK"
19893,4020806774,4020806822,1,"IOTHUB_CLIENT_CONFIRMATION_OK"
19894,4020806974,4020807025,1,"IOTHUB_CLIENT_CONFIRMATION_OK"
19895,4020807174,4020807253,1,"IOTHUB_CLIENT_CONFIRMATION_OK"
19896,4020807374,4020807480,1,"IOTHUB_CLIENT_CONFIRMATION_OK"
19897,4020807574,4020807669,1,"IOTHUB_CLIENT_CONFIRMATION_OK"
19898,4020807774,4020807904,1,"IOTHUB_CLIENT_CONFIRMATION_OK"
19899,4020807974,4020808019,1,"IOTHUB_CLIENT_CONFIRMATION_OK"
19900,4020808175,4020808219,1,"IOTHUB_CLIENT_CONFIRMATION_OK"
19901,4020808375,4020808421,1,"IOTHUB_CLIENT_CONFIRMATION_OK"
19902,4020808575,4020808615,1,"IOTHUB_CLIENT_CONFIRMATION_OK"
19903,4020808775,4020808815,1,"IOTHUB_CLIENT_CONFIRMATION_OK"
19904,4020808975,4020809027,1,"IOTHUB_CLIENT_CONFIRMATION_OK"
19905,4020809175,4020809224,1,"IOTHUB_CLIENT_CONFIRMATION_OK"
19906,4020809376,4020809427,1,"IOTHUB_CLIENT_CONFIRMATION_OK"
19907,4020809576,4020809620,1,"IOTHUB_CLIENT_CONFIRMATION_OK"
19908,4020809776,4020810089,1,"IOTHUB_CLIENT_CONFIRMATION_OK"
19909,4020809976,4020810135,1,"IOTHUB_CLIENT_CONFIRMATION_OK"
19910,4020810176,4020810242,1,"IOTHUB_CLIENT_CONFIRMATION_OK"
19911,4020810376,4020810422,1,"IOTHUB_CLIENT_CONFIRMATION_OK"
19912,4020810577,4020810633,1,"IOTHUB_CLIENT_CONFIRMATION_OK"
19913,4020810777,4020810832,1,"IOTHUB_CLIENT_CONFIRMATION_OK"
19914,4020810977,4020811158,1,"IOTHUB_CLIENT_CONFIRMATION_OK"
19915,4020811177,4020811235,1,"IOTHUB_CLIENT_CONFIRMATION_OK"
19916,4020811377,4020811430,1,"IOTHUB_CLIENT_CONFIRMATION_OK"
19917,4020811577,4020811623,1,"IOTHUB_CLIENT_CONFIRMATION_OK"
19918,4020811778,4020811819,1,"IOTHUB_CLIENT_CONFIRMATION_OK"
19919,4020811978,4020812022,1,"IOTHUB_CLIENT_CONFIRMATION_OK"
19920,4020812178,4020812260,1,"IOTHUB_CLIENT_CONFIRMATION_OK"
19921,4020812378,4020812456,1,"IOTHUB_CLIENT_CONFIRMATION_OK"
19922,4020812578,4020812618,1,"IOTHUB_CLIENT_CONFIRMATION_OK"
19923,4020812778,4020812829,1,"IOTHUB_CLIENT_CONFIRMATION_OK"
19924,4020812978,4020813088,1,"IOTHUB_CLIENT_CONFIRMATION_OK"
19925,4020813179,4020813215,1,"IOTHUB_CLIENT_CONFIRMATION_OK"
19926,4020813379,4020813485,1,"IOTHUB_CLIENT_CONFIRMATION_OK"
19927,4020813579,4020813694,1,"IOTHUB_CLIENT_CONFIRMATION_OK"
19928,4020813779,4020813816,1,"IOTHUB_CLIENT_CONFIRMATION_OK"
19929,4020813979,4020814023,1,"IOTHUB_CLIENT_CONFIRMATION_OK"
19930,4020814179,4020814220,1,"IOTHUB_CLIENT_CONFIRMATION_OK"
19931,4020814380,4020814432,1,"IOTHUB_CLIENT_CONFIRMATION_OK"
19932,4020814580,4020814637,1,"IOTHUB_CLIENT_CONFIRMATION_OK"
19933,4020814780,4020814831,1,"IOTHUB_CLIENT_CONFIRMATION_OK"
19934,4020814980,4020815022,1,"IOTHUB_CLIENT_CONFIRMATION_OK"
19935,4020815180,4020815219,1,"IOTHUB_CLIENT_CONFIRMATION_OK"
19936,4020815380,4020815420,1,"IOTHUB_CLIENT_CONFIRMATION_OK"
19937,4020815581,4020815622,1,"IOTHUB_CLIENT_CONFIRMATION_OK"
19938,4020815781,4020815821,1,"IOTHUB_CLIENT_CONFIRMATION_OK"
19939,4020815981,4020816025,1,"IOTHUB_CLIENT_CONFIRMATION_OK"
19940,4020816181,4020816226,1,"IOTHUB_CLIENT_CONFIRMATION_OK"
19941,4020816381,4020816428,1,"IOTHUB_CLIENT_CONFIRMATION_OK"
19942,4020816581,4020816621,1,"IOTHUB_CLIENT_CONFIRMATION_OK"
19943,4020816781,4020816833,1,"IOTHUB_CLIENT_CONFIRMATION_OK"
19944,4020816982,4020817060,1,"IOTHUB_CLIENT_CONFIRMATION_OK"
19945,4020817182,4020817223,1,"IOTHUB_CLIENT_CONFIRMATION_OK"
19946,4020817382,4020817444,1,"IOTHUB_CLIENT_CONFIRMATION_OK"
19947,4020817582,4020817624,1,"IOTHUB_CLIENT_CONFIRMATION_OK"
19948,4020817782,4020817836,1,"IOTHUB_CLIENT_CONFIRMATION_OK"
19949,4020817982,4020818025,1,"IOTHUB_CLIENT_CONFIRMATION_OK"
19950,4020818182,4020818278,1,"IOTHUB_CLIENT_CONFIRMATION_OK"
19951,4020818383,4020818471,1,"IOTHUB_CLIENT_CONFIRMATION_OK"
19952,4020818583,4020818633,1,"IOTHUB_CLIENT_CONFIRMATION_OK"
19953,4020818783,4020818892,1,"IOTHUB_CLIENT_CONFIRMATION_OK"
19954,4020818983,4020819043,1,"IOTHUB_CLIENT_CONFIRMATION_OK"
19955,4020819183,4020819229,1,"IOTHUB_CLIENT_CONFIRMATION_OK"
19956,4020819383,4020819493,1,"IOTHUB_CLIENT_CONFIRMATION_OK"
19957,4020819584,4020819625,1,"IOTHUB_CLIENT_CONFIRMATION_OK"
19958,4020819784,4020819819,1,"IOTHUB_CLIENT_CONFIRMATION_OK"
19959,4020819984,4020820024,1,"IOTHUB_CLIENT_CONFIRMATION_OK"
19960,4020820184,4020820230,1,"IOTHUB_CLIENT_CONFIRMATION_OK"
19961,4020820384,4020820425,1,"IOTHUB_CLIENT_CONFIRMATION_OK"
19962,4020820584,4020820649,1,"IOTHUB_CLIENT_CONFIRMATION_OK"
19963,4020820785,4020820831,1,"IOTHUB_CLIENT_CONFIRMATION_OK"
19964,4020820985,4020821029,1,"IOTHUB_CLIENT_CONFIRMATION_OK"
19965,4020821185,4020821249,1,"IOTHUB_CLIENT_CONFIRMATION_OK"
19966,4020821385,4020821545,1,"IOTHUB_CLIENT_CONFIRMATION_OK"
19967,4020821585,4020821627,1,"IOTHUB_CLIENT_CONFIRMATION_OK"
19968,4020821785,4020821835,1,"IOTHUB_CLIENT_CONFIRMATION_OK"
19969,4020821986,4020822147,1,"IOTHUB_CLIENT_CONFIRMATION_OK"
19970,4020822186,4020822233,1,"IOTHUB_CLIENT_CONFIRMATION_OK"
19971,4020822386,4020822467,1,"IOTHUB_CLIENT_CONFIRMATION_OK"
19972,4020822586,4020822642,1,"IOTHUB_CLIENT_CONFIRMATION_OK"
19973,4020822786,4020822910,1,"IOTHUB_CLIENT_CONFIRMATION_OK"
19974,4020822986,4020823076,1,"IOTHUB_CLIENT_CONFIRMATION_OK"
19975,4020823186,4020823248,1,"IOTHUB_CLIENT_CONFIRMATION_OK"
19976,4020823387,4020823432,1,"IOTHUB_CLIENT_CONFIRMATION_OK"
19977,4020823587,4020823630,1,"IOTHUB_CLIENT_CONFIRMATION_OK"
19978,4020823787,4020823875,1,"IOTHUB_CLIENT_CONFIRMATION_OK"
19979,4020823987,4020824027,1,"IOTHUB_CLIENT_CONFIRMATION_OK"
19980,4020824187,4020824225,1,"IOTHUB_CLIENT_CONFIRMATION_OK"
19981,4020824387,4020824443,1,"IOTHUB_CLIENT_CONFIRMATION_OK"
19982,4020824588,4020824632,1,"IOTHUB_CLIENT_CONFIRMATION_OK"
19983,4020824788,4020824830,1,"IOTHUB_CLIENT_CONFIRMATION_OK"
19984,4020824988,4020825031,1,"IOTHUB_CLIENT_CONFIRMATION_OK"
19985,4020825188,4020825238,1,"IOTHUB_CLIENT_CONFIRMATION_OK"
19986,4020825388,4020825429,1,"IOTHUB_CLIENT_CONFIRMATION_OK"
19987,4020825588,4020825625,1,"IOTHUB_CLIENT_CONFIRMATION_OK"
19988,4020825788,4020825830,1,"IOTHUB_CLIENT_CONFIRMATION_OK"
19989,4020825989,4020826027,1,"IOTHUB_CLIENT_CONFIRMATION_OK"
19990,4020826189,4020826235,1,"IOTHUB_CLIENT_CONFIRMATION_OK"
19991,4020826389,4020826444,1,"IOTHUB_CLIENT_CONFIRMATION_OK"
19992,4020826589,4020826633,1,"IOTHUB_CLIENT_CONFIRMATION_OK"
19993,4020826789,4020826836,1,"IOTHUB_CLIENT_CONFIRMATION_OK"
19994,4020826989,4020827038,1,"IOTHUB_CLIENT_CONFIRMATION_OK"
19995,4020827190,4020827261,1,"IOTHUB_CLIENT_CONFIRMATION_OK"
19996,4020827390,4020827440,1,"IOTHUB_CLIENT_CONFIRMATION_OK"
19997,4020827590,4020827627,1,"IOTHUB_CLIENT_CONFIRMATION_OK"
19998,4020827790,4020827854,1,"IOTHUB_CLIENT_CONFIRMATION_OK"
19999,4020827990,4020828022,1,"IOTHUB_CLIENT_CONFIRMATION_OK"
20000,4020828190,4020828321,1,"IOTHUB_CLIENT_CONFIRMATION_OK"
20001,4020828391,4020828428,1,"IOTHUB_CLIENT_CONFIRMATION_OK"
20002,4020828591,4020828635,1,"IOTHUB_CLIENT_CONFIRMATION_OK"
20003,4020828791,4020828833,1,"IOTHUB_CLIENT_CONFIRMATION_OK"
20004,4020828991,4020829035,1,"IOTHUB_CLIENT_CONFIRMATION_OK"
20005,4020829191,4020829284,1,"IOTHUB_CLIENT_CONFIRMATION_OK"
20006,4020829391,4020829477,1,"IOTHUB_CLIENT_CONFIRMATION_OK"
20007,4020829591,4020829632,1,"IOTHUB_CLIENT_CONFIRMATION_OK"
20008,4020829792,4020829843,1,"IOTHUB_CLIENT_CONFIRMATION_OK"
20009,4020829992,4020830068,1,"IOTHUB_CLIENT_CONFIRMATION_OK"
20010,4020830192,4020830237,1,"IOTHUB_CLIENT_CONFIRMATION_OK"
20011,4020830392,4020830574,1,"IOTHUB_CLIENT_CONFIRMATION_OK"
20012,4020830592,4020830637,1,"IOTHUB_CLIENT_CONFIRMATION_OK"
20013,4020830792,4020830834,1,"IOTHUB_CLIENT_CONFIRMATION_OK"
20014,4020830992,4020831222,1,"IOTHUB_CLIENT_CONFIRMATION_OK"
20015,4020831193,4020831248,1,"IOTHUB_CLIENT_CONFIRMATION_OK"
20016,4020831393,4020831438,1,"IOTHUB_CLIENT_CONFIRMATION_OK"
20017,4020831593,4020831637,1,"IOTHUB_CLIENT_CONFIRMATION_OK"
20018,4020831793,4020831852,1,"IOTHUB_CLIENT_CONFIRMATION_OK"
20019,4020831993,4020832061,1,"IOTHUB_CLIENT_CONFIRMATION_OK"
20020,4020832193,4020832234,1,"IOTHUB_CLIENT_CONFIRMATION_OK"
20021,4020832394,4020832437,1,"IOTHUB_CLIENT_CONFIRMATION_OK"
20022,4020832594,4020832633,1,"IOTHUB_CLIENT_CONFIRMATION_OK"
20023,4020832794,4020832840,1,"IOTHUB_CLIENT_CONFIRMATION_OK"
20024,4020832994,4020833030,1,"IOTHUB_CLIENT_CONFIRMATION_OK"
20025,4020833194,4020833232,1,"IOTHUB_CLIENT_CONFIRMATION_OK"
20026,4020833394,4020833437,1,"IOTHUB_CLIENT_CONFIRMATION_OK"
20027,4020833595,4020833636,1,"IOTHUB_CLIENT_CONFIRMATION_OK"
20028,4020833795,4020833838,1,"IOTHUB_CLIENT_CONFIRMATION_OK"
20029,4020833995,4020834037,1,"IOTHUB_CLIENT_CONFIRMATION_OK"
20030,4020834195,4020834233,1,"IOTHUB_CLIENT_CONFIRMATION_OK"
20031,4020834395,4020834440,1,"IOTHUB_CLIENT_CONFIRMATION_OK"
20032,4020834595,4020834642,1,"IOTHUB_CLIENT_CONFIRMATION_OK"
20033,4020834795,4020834834,1,"IOTHUB_CLIENT_CONFIRMATION_OK"
20034,4020834996,4020835063,1,"IOTHUB_CLIENT_CONFIRMATION_OK"
20035,4020835196,4020835238,1,"IOTHUB_CLIENT_CONFIRMATION_OK"
20036,4020835396,4020835441,1,"IOTHUB_CLIENT_CONFIRMATION_OK"
20037,4020835596,4020835671,1,"IOTHUB_CLIENT_CONFIRMATION_OK"
20038,4020835796,4020835838,1,"IOTHUB_CLIENT_CONFIRMATION_OK"
20039,4020835996,4020836032,1,"IOTHUB_CLIENT_CONFIRMATION_OK"
20040,4020836197,4020836325,1,"IOTHUB_CLIENT_CONFIRMATION_OK"
20041,4020836397,4020836440,1,"IOTHUB_CLIENT_CONFIRMATION_OK"
20042,4020836597,4020836644,1,"IOTHUB_CLIENT_CONFIRMATION_OK"
20043,4020836797,4020836947,1,"IOTHUB_CLIENT_CONFIRMATION_OK"
20044,4020836997,4020837038,1,"IOTHUB_CLIENT_CONFIRMATION_OK"
20045,4020837197,4020837238,1,"IOTHUB_CLIENT_CONFIRMATION_OK"
20046,4020837397,4020837439,1,"IOTHUB_CLIENT_CONFIRMATION_OK"
20047,4020837598,4020837653,1,"IOTHUB_CLIENT_CONFIRMATION_OK"
20048,4020837798,4020837843,1,"IOTHUB_CLIENT_CONFIRMATION_OK"
20049,4020837998,4020838047,1,"IOTHUB_CLIENT_CONFIRMATION_OK"
20050,4020838198,4020838248,1,"IOTHUB_CLIENT_CONFIRMATION_OK"
20051,4020838398,4020838442,1,"IOTHUB_CLIENT_CONFIRMATION_OK"
20052,4020838598,4020838637,1,"IOTHUB_CLIENT_CONFIRMATION_OK"
20053,4020838799,4020838836,1,"IOTHUB_CLIENT_CONFIRMATION_OK"
20054,4020838999,4020839042,1,"IOTHUB_CLIENT_CONFIRMATION_OK"
20055,4020839199,4020839236,1,"IOTHUB_CLIENT_CONFIRMATION_OK"
20056,4020839399,4020839596,1,"IOTHUB_CLIENT_CONFIRMATION_OK"
20057,4020839599,4020839642,1,"IOTHUB_CLIENT_CONFIRMATION_OK"
20058,4020839799,4020839838,1,"IOTHUB_CLIENT_CONFIRMATION_OK"
20059,4020839999,4020840048,1,"IOTHUB_CLIENT_CONFIRMATION_OK"
20060,4020840200,4020840268,1,"IOTHUB_CLIENT_CONFIRMATION_OK"
20061,4020840400,4020840479,1,"IOTHUB_CLIENT_CONFIRMATION_OK"
20062,4020840600,4020840655,1,"IOTHUB_CLIENT_CONFIRMATION_OK"
20063,4020840800,4020840850,1,"IOTHUB_CLIENT_CONFIRMATION_OK"
20064,4020841000,4020841151,1,"IOTHUB_CLIENT_CONFIRMATION_OK"
20065,4020841200,4020841243,1,"IOTHUB_CLIENT_CONFIRMATION_OK"
20066,4020841400,4020841441,1,"IOTHUB_CLIENT_CONFIRMATION_OK"
20067,4020841601,4020841645,1,"IOTHUB_CLIENT_CONFIRMATION_OK"
20068,4020841801,4020841892,1,"IOTHUB_CLIENT_CONFIRMATION_OK"
20069,4020842001,4020842066,1,"IOTHUB_CLIENT_CONFIRMATION_OK"
20070,4020842201,4020842241,1,"IOTHUB_CLIENT_CONFIRMATION_OK"
20071,4020842401,4020842437,1,"IOTHUB_CLIENT_CONFIRMATION_OK"
20072,4020842601,4020842644,1,"IOTHUB_CLIENT_CONFIRMATION_OK"
20073,4020842802,4020842836,1,"IOTHUB_CLIENT_CONFIRMATION_OK"
20074,4020843002,4020843046,1,"IOTHUB_CLIENT_CONFIRMATION_OK"
20075,4020843202,4020843242,1,"IOTHUB_CLIENT_CONFIRMATION_OK"
20076,4020843402,4020843499,1,"IOTHUB_CLIENT_CONFIRMATION_OK"
20077,4020843602,4020843652,1,"IOTHUB_CLIENT_CONFIRMATION_OK"
20078,4020843802,4020843842,1,"IOTHUB_CLIENT_CONFIRMATION_OK"
20079,4020844002,4020844086,1,"IOTHUB_CLIENT_CONFIRMATION_OK"
20080,4020844203,4020844245,1,"IOTHUB_CLIENT_CONFIRMATION_OK"
20081,4020844403,4020844443,1,"IOTHUB_CLIENT_CONFIRMATION_OK"
20082,4020844603,4020844689,1,"IOTHUB_CLIENT_CONFIRMATION_OK"
20083,4020844803,4020844860,1,"IOTHUB_CLIENT_CONFIRMATION_OK"
20084,4020845003,4020845038,1,"IOTHUB_CLIENT_CONFIRMATION_OK"
20085,4020845203,4020845289,1,"IOTHUB_CLIENT_CONFIRMATION_OK"
20086,4020845404,4020845453,1,"IOTHUB_CLIENT_CONFIRMATION_OK"
20087,4020845604,4020845643,1,"IOTHUB_CLIENT_CONFIRMATION_OK"
20088,4020845804,4020845909,1,"IOTHUB_CLIENT_CONFIRMATION_OK"
20089,4020846004,4020846041,1,"IOTHUB_CLIENT_CONFIRMATION_OK"
20090,4020846204,4020846242,1,"IOTHUB_CLIENT_CONFIRMATION_OK"
20091,4020846404,4020846455,1,"IOTHUB_CLIENT_CONFIRMATION_OK"
20092,4020846605,4020846646,1,"IOTHUB_CLIENT_CONFIRMATION_OK"
20093,4020846805,4020846840,1,"IOTHUB_CLIENT_CONFIRMATION_OK"
20094,4020847005,4020847443,1,"IOTHUB_CLIENT_CONFIRMATION_OK"
20095,4020847205,4020847570,1,"IOTHUB_CLIENT_CONFIRMATION_OK"
20096,4020847405,4020847629,1,"IOTHUB_CLIENT_CONFIRMATION_OK"
20097,4020847605,4020847650,1,"IOTHUB_CLIENT_CONFIRMATION_OK"
20098,4020847805,4020847855,1,"IOTHUB_CLIENT_CONFIRMATION_OK"
20099,4020848006,4020848053,1,"IOTHUB_CLIENT_CONFIRMATION_OK"
20100,4020848206,4020848242,1,"IOTHUB_CLIENT_CONFIRMATION_OK"
20101,4020848406,4020848451,1,"IOTHUB_CLIENT_CONFIRMATION_OK"
20102,4020848606,4020848705,1,"IOTHUB_CLIENT_CONFIRMATION_OK"
20103,4020848806,4020848846,1,"IOTHUB_CLIENT_CONFIRMATION_OK"
20104,4020849006,4020849073,1,"IOTHUB_CLIENT_CONFIRMATION_OK"
20105,4020849207,4020849464,1,"IOTHUB_CLIENT_CONFIRMATION_OK"
20106,4020849407,4020849511,1,"IOTHUB_CLIENT_CONFIRMATION_OK"
20107,4020849607,4020849654,1,"IOTHUB_CLIENT_CONFIRMATION_OK"
20108,4020849807,4020849888,1,"IOTHUB_CLIENT_CONFIRMATION_OK"
20109,4020850007,4020850048,1,"IOTHUB_CLIENT_CONFIRMATION_OK"
20110,4020850207,4020850251,1,"IOTHUB_CLIENT_CONFIRMATION_OK"
20111,4020850408,4020850498,1,"IOTHUB_CLIENT_CONFIRMATION_OK"
20112,4020850608,4020850651,1,"IOTHUB_CLIENT_CONFIRMATION_OK"
20113,4020850808,4020850874,1,"IOTHUB_CLIENT_CONFIRMATION_OK"
20114,4020851008,4020851102,1,"IOTHUB_CLIENT_CONFIRMATION_OK"
20115,4020851208,4020851265,1,"IOTHUB_CLIENT_CONFIRMATION_OK"
20116,4020851408,4020851449,1,"IOTHUB_CLIENT_CONFIRMATION_OK"
20117,4020851608,4020851650,1,"IOTHUB_CLIENT_CONFIRMATION_OK"
20118,4020851809,4020851866,1,"IOTHUB_CLIENT_CONFIRMATION_OK"
20119,4020852009,4020852080,1,"IOTHUB_CLIENT_CONFIRMATION_OK"
20120,4020852209,4020852253,1,"IOTHUB_CLIENT_CONFIRMATION_OK"
20121,4020852409,4020852526,1,"IOTHUB_CLIENT_CONFIRMATION_OK"
20122,4020852609,4020852702,1,"IOTHUB_CLIENT_CONFIRMATION_OK"
20123,4020852809,4020852850,1,"IOTHUB_CLIENT_CONFIRMATION_OK"
20124,4020853010,4020853224,1,"IOTHUB_CLIENT_CONFIRMATION_OK"
20125,4020853210,4020853271,1,"IOTHUB_CLIENT_CONFIRMATION_OK"
20126,4020853410,4020853474,1,"IOTHUB_CLIENT_CONFIRMATION_OK"
20127,4020853610,4020853653,1,"IOTHUB_CLIENT_CONFIRMATION_OK"
20128,4020853810,4020853866,1,"IOTHUB_CLIENT_CONFIRMATION_OK"
20129,4020854010,4020854055,1,"IOTHUB_CLIENT_CONFIRMATION_OK"
20130,4020854211,4020854248,1,"IOTHUB_CLIENT_CONFIRMATION_OK"
20131,4020854411,4020854483,1,"IOTHUB_CLIENT_CONFIRMATION_OK"
20132,4020854611,4020854659,1,"IOTHUB_CLIENT_CONFIRMATION_OK"
20133,4020854811,4020854859,1,"IOTHUB_CLIENT_CONFIRMATION_OK"
20134,4020855011,4020855056,1,"IOTHUB_CLIENT_CONFIRMATION_OK"
20135,4020855211,4020855258,1,"IOTHUB_CLIENT_CONFIRMATION_OK"
20136,4020855411,4020855462,1,"IOTHUB_CLIENT_CONFIRMATION_OK"
20137,4020855612,4020855679,1,"IOTHUB_CLIENT_CONFIRMATION_OK"
20138,4020855812,4020855855,1,"IOTHUB_CLIENT_CONFIRMATION_OK"
20139,4020856012,4020856092,1,"IOTHUB_CLIENT_CONFIRMATION_OK"
20140,4020856212,4020856320,1,"IOTHUB_CLIENT_CONFIRMATION_OK"
20141,4020856412,4020856450,1,"IOTHUB_CLIENT_CONFIRMATION_OK"
20142,4020856612,4020856670,1,"IOTHUB_CLIENT_CONFIRMATION_OK"
20143,4020856813,4020856883,1,"IOTHUB_CLIENT_CONFIRMATION_OK"
20144,4020857013,4020857052,1,"IOTHUB_CLIENT_CONFIRMATION_OK"
20145,4020857213,4020857253,1,"IOTHUB_CLIENT_CONFIRMATION_OK"
20146,4020857413,4020857473,1,"IOTHUB_CLIENT_CONFIRMATION_OK"
20147,4020857613,4020857659,1,"IOTHUB_CLIENT_CONFIRMATION_OK"
20148,4020857813,4020857863,1,"IOTHUB_CLIENT_CONFIRMATION_OK"
20149,4020858014,4020858065,1,"IOTHUB_CLIENT_CONFIRMATION_OK"
20150,4020858214,4020858317,1,"IOTHUB_CLIENT_CONFIRMATION_OK"
20151,4020858414,4020858458,1,"IOTHUB_CLIENT_CONFIRMATION_OK"
20152,4020858614,4020858751,1,"IOTHUB_CLIENT_CONFIRMATION_OK"
20153,4020858814,4020858978,1,"IOTHUB_CLIENT_CONFIRMATION_OK"
20154,4020859014,4020859053,1,"IOTHUB_CLIENT_CONFIRMATION_OK"
20155,4020859215,4020859250,1,"IOTHUB_CLIENT_CONFIRMATION_OK"
20156,4020859415,4020859584,1,"IOTHUB_CLIENT_CONFIRMATION_OK"
20157,4020859615,4020859656,1,"IOTHUB_CLIENT_CONFIRMATION_OK"
20158,4020859815,4020859858,1,"IOTHUB_CLIENT_CONFIRMATION_OK"
20159,4020860015,4020860055,1,"IOTHUB_CLIENT_CONFIRMATION_OK"
20160,4020860215,4020860252,1,"IOTHUB_CLIENT_CONFIRMATION_OK"
20161,4020860415,4020860461,1,"IOTHUB_CLIENT_CONFIRMATION_OK"
20162,4020860616,4020860663,1,"IOTHUB_CLIENT_CONFIRMATION_OK"
20163,4020860816,4020860863,1,"IOTHUB_CLIENT_CONFIRMATION_OK"
20164,4020861016,4020861073,1,"IOTHUB_CLIENT_CONFIRMATION_OK"
20165,4020861216,4020861268,1,"IOTHUB_CLIENT_CONFIRMATION_OK"
20166,4020861416,4020861463,1,"IOTHUB_CLIENT_CONFIRMATION_OK"
20167,4020861616,4020861682,1,"IOTHUB_CLIENT_CONFIRMATION_OK"
20168,4020861817,4020861873,1,"IOTHUB_CLIENT_CONFIRMATION_OK"
20169,4020862017,4020862059,1,"IOTHUB_CLIENT_CONFIRMATION_OK"
20170,4020862217,4020862259,1,"IOTHUB_CLIENT_CONFIRMATION_OK"
20171,4020862417,4020862463,1,"IOTHUB_CLIENT_CONFIRMATION_OK"
20172,4020862617,4020862664,1,"IOTHUB_CLIENT_CONFIRMATION_OK"
20173,4020862817,4020862867,1,"IOTHUB_CLIENT_CONFIRMATION_OK"
20174,4020863017,4020863193,1,"IOTHUB_CLIENT_CONFIRMATION_OK"
20175,4020863218,4020863267,1,"IOTHUB_CLIENT_CONFIRMATION_OK"
20176,4020863418,4020863468,1,"IOTHUB_CLIENT_CONFIRMATION_OK"
20177,4020863618,4020863687,1,"IOTHUB_CLIENT_CONFIRMATION_OK"
20178,4020863818,4020863881,1,"IOTHUB_CLIENT_CONFIRMATION_OK"
20179,4020864018,4020864205,1,"IOTHUB_CLIENT_CONFIRMATION_OK"
20180,4020864218,4020864279,1,"IOTHUB_CLIENT_CONFIRMATION_OK"
20181,4020864419,4020864465,1,"IOTHUB_CLIENT_CONFIRMATION_OK"
20182,4020864619,4020864693,1,"IOTHUB_CLIENT_CONFIRMATION_OK"
20183,4020864819,4020864857,1,"IOTHUB_CLIENT_CONFIRMATION_OK"
20184,4020865019,4020865061,1,"IOTHUB_CLIENT_CONFIRMATION_OK"
20185,4020865219,4020865406,1,"IOTHUB_CLIENT_CONFIRMATION_OK"
20186,4020865419,4020865464,1,"IOTHUB_CLIENT_CONFIRMATION_OK"
20187,4020865620,4020865667,1,"IOTHUB_CLIENT_CONFIRMATION_OK"
20188,4020865820,4020865866,1,"IOTHUB_CLIENT_CONFIRMATION_OK"
20189,4020866020,4020866057,1,"IOTHUB_CLIENT_CONFIRMATION_OK"
20190,4020866220,4020866265,1,"IOTHUB_CLIENT_CONFIRMATION_OK"
20191,4020866420,4020866466,1,"IOTHUB_CLIENT_CONFIRMATION_OK"
20192,4020866620,4020866722,1,"IOTHUB_CLIENT_CONFIRMATION_OK"
20193,4020866820,4020866868,1,"IOTHUB_CLIENT_CONFIRMATION_OK"
20194,4020867021,4020867067,1,"IOTHUB_CLIENT_CONFIRMATION_OK"
20195,4020867221,4020867259,1,"IOTHUB_CLIENT_CONFIRMATION_OK"
20196,4020867421,4020867470,1,"IOTHUB_CLIENT_CONFIRMATION_OK"
20197,4020867621,4020867658,1,"IOTHUB_CLIENT_CONFIRMATION_OK"
20198,4020867821,4020867885,1,"IOTHUB_CLIENT_CONFIRMATION_OK"
20199,4020868021,4020868081,1,"IOTHUB_CLIENT_CONFIRMATION_OK"
20200,4020868222,4020868307,1,"IOTHUB_CLIENT_CONFIRMATION_OK"
20201,4020868422,4020868457,1,"IOTHUB_CLIENT_CONFIRMATION_OK"
20202,4020868622,4020868666,1,"IOTHUB_CLIENT_CONFIRMATION_OK"
20203,4020868822,4020868888,1,"IOTHUB_CLIENT_CONFIRMATION_OK"
20204,4020869022,4020869187,1,"IOTHUB_CLIENT_CONFIRMATION_OK"
20205,4020869222,4020869412,1,"IOTHUB_CLIENT_CONFIRMATION_OK"
20206,4020869423,4020869458,1,"IOTHUB_CLIENT_CONFIRMATION_OK"
20207,4020869623,4020869675,1,"IOTHUB_CLIENT_CONFIRMATION_OK"
20208,4020869823,4020869868,1,"IOTHUB_CLIENT_CONFIRMATION_OK"
20209,4020870023,4020870059,1,"IOTHUB_CLIENT_CONFIRMATION_OK"
20210,4020870223,4020870275,1,"IOTHUB_CLIENT_CONFIRMATION_OK"
20211,4020870423,4020870466,1,"IOTHUB_CLIENT_CONFIRMATION_OK"
20212,4020870623,4020870726,1,"IOTHUB_CLIENT_CONFIRMATION_OK"
20213,4020870824,4020870869,1,"IOTHUB_CLIENT_CONFIRMATION_OK"
20214,4020871024,4020871160,1,"IOTHUB_CLIENT_CONFIRMATION_OK"
20215,4020871224,4020871275,1,"IOTHUB_CLIENT_CONFIRMATION_OK"
20216,4020871424,4020871469,1,"IOTHUB_CLIENT_CONFIRMATION_OK"
20217,4020871624,4020871682,1,"IOTHUB_CLIENT_CONFIRMATION_OK"
20218,4020871824,4020871871,1,"IOTHUB_CLIENT_CONFIRMATION_OK"
20219,4020872024,4020872073,1,"IOTHUB_CLIENT_CONFIRMATION_OK"
20220,4020872225,4020872264,1,"IOTHUB_CLIENT_CONFIRMATION_OK"
20221,4020872425,4020872524,1,"IOTHUB_CLIENT_CONFIRMATION_OK"
20222,4020872625,4020872660,1,"IOTHUB_CLIENT_CONFIRMATION_OK"
20223,4020872825,4020872859,1,"IOTHUB_CLIENT_CONFIRMATION_OK"
20224,4020873025,4020873133,1,"IOTHUB_CLIENT_CONFIRMATION_OK"
20225,4020873225,4020873269,1,"IOTHUB_CLIENT_CONFIRMATION_OK"
20226,4020873426,4020873470,1,"IOTHUB_CLIENT_CONFIRMATION_OK"
20227,4020873626,4020873790,1,"IOTHUB_CLIENT_CONFIRMATION_OK"
20228,4020873826,4020873867,1,"IOTHUB_CLIENT_CONFIRMATION_OK"
20229,4020874026,4020874073,1,"IOTHUB_CLIENT_CONFIRMATION_OK"
20230,4020874226,4020874265,1,"IOTHUB_CLIENT_CONFIRMATION_OK"
20231,4020874426,4020874473,1,"IOTHUB_CLIENT_CONFIRMATION_OK"
20232,4020874626,4020874702,1,"IOTHUB_CLIENT_CONFIRMATION_OK"
20233,4020874827,4020874862,1,"IOTHUB_CLIENT_CONFIRMATION_OK"
20234,4020875027,4020875108,1,"IOTHUB_CLIENT_CONFIRMATION_OK"
20235,4020875227,4020875278,1,"IOTHUB_CLIENT_CONFIRMATION_OK"
20236,4020875427,4020875469,1,"IOTHUB_CLIENT_CONFIRMATION_OK"
20237,4020875627,4020875673,1,"IOTHUB_CLIENT_CONFIRMATION_OK"
20238,4020875827,4020875865,1,"IOTHUB_CLIENT_CONFIRMATION_OK"
20239,4020876028,4020876095,1,"IOTHUB_CLIENT_CONFIRMATION_OK"
20240,4020876228,4020876276,1,"IOTHUB_CLIENT_CONFIRMATION_OK"
20241,4020876428,4020876471,1,"IOTHUB_CLIENT_CONFIRMATION_OK"
20242,4020876628,4020876669,1,"IOTHUB_CLIENT_CONFIRMATION_OK"
20243,4020876828,4020876954,1,"IOTHUB_CLIENT_CONFIRMATION_OK"
20244,4020877028,4020877160,1,"IOTHUB_CLIENT_CONFIRMATION_OK"
20245,4020877228,4020877267,1,"IOTHUB_CLIENT_CONFIRMATION_OK"
20246,4020877429,4020877505,1,"IOTHUB_CLIENT_CONFIRMATION_OK"
20247,4020877629,4020877696,1,"IOTHUB_CLIENT_CONFIRMATION_OK"
20248,4020877829,4020877867,1,"IOTHUB_CLIENT_CONFIRMATION_OK"
20249,4020878029,4020878095,1,"IOTHUB_CLIENT_CONFIRMATION_OK"
20250,4020878229,4020878316,1,"IOTHUB_CLIENT_CONFIRMATION_OK"
20251,4020878429,4020878508,1,"IOTHUB_CLIENT_CONFIRMATION_OK"
20252,4020878630,4020878674,1,"IOTHUB_CLIENT_CONFIRMATION_OK"
20253,4020878830,4020878953,1,"IOTHUB_CLIENT_CONFIRMATION_OK"
20254,4020879030,4020879092,1,"IOTHUB_CLIENT_CONFIRMATION_OK"
20255,4020879230,4020879396,1,"IOTHUB_CLIENT_CONFIRMATION_OK"
20256,4020879430,4020879626,1,"IOTHUB_CLIENT_CONFIRMATION_OK"
20257,4020879630,4020879674,1,"IOTHUB_CLIENT_CONFIRMATION_OK"
20258,4020879830,4020879880,1,"IOTHUB_CLIENT_CONFIRMATION_OK"
20259,4020880031,4020880065,1,"IOTHUB_CLIENT_CONFIRMATION_OK"
20260,4020880231,4020880276,1,"IOTHUB_CLIENT_CONFIRMATION_OK"
20261,4020880431,4020880475,1,"IOTHUB_CLIENT_CONFIRMATION_OK"
20262,4020880631,4020880737,1,"IOTHUB_CLIENT_CONFIRMATION_OK"
20263,4020880831,4020880931,1,"IOTHUB_CLIENT_CONFIRMATION_OK"
20264,4020881031,4020881085,1,"IOTHUB_CLIENT_CONFIRMATION_OK"
20265,4020881232,4020881278,1,"IOTHUB_CLIENT_CONFIRMATION_OK"
20266,4020881432,4020881473,1,"IOTHUB_CLIENT_CONFIRMATION_OK"
20267,4020881632,4020881685,1,"IOTHUB_CLIENT_CONFIRMATION_OK"
20268,4020881832,4020881882,1,"IOTHUB_CLIENT_CONFIRMATION_OK"
20269,4020882032,4020882078,1,"IOTHUB_CLIENT_CONFIRMATION_OK"
20270,4020882232,4020882276,1,"IOTHUB_CLIENT_CONFIRMATION_OK"
20271,4020882432,4020882476,1,"IOTHUB_CLIENT_CONFIRMATION_OK"
20272,4020882632,4020882692,1,"IOTHUB_CLIENT_CONFIRMATION_OK"
20273,4020882833,4020882882,1,"IOTHUB_CLIENT_CONFIRMATION_OK"
20274,4020883033,4020883073,1,"IOTHUB_CLIENT_CONFIRMATION_OK"
20275,4020883233,4020883270,1,"IOTHUB_CLIENT_CONFIRMATION_OK"
20276,4020883433,4020883511,1,"IOTHUB_CLIENT_CONFIRMATION_OK"
20277,4020883633,4020883825,1,"IOTHUB_CLIENT_CONFIRMATION_OK"
20278,4020883833,4020883888,1,"IOTHUB_CLIENT_CONFIRMATION_OK"
20279,4020884034,4020884185,1,"IOTHUB_CLIENT_CONFIRMATION_OK"
20280,4020884234,4020884270,1,"IOTHUB_CLIENT_CONFIRMATION_OK"
20281,4020884434,4020884491,1,"IOTHUB_CLIENT_CONFIRMATION_OK"
20282,4020884634,4020884785,1,"IOTHUB_CLIENT_CONFIRMATION_OK"
20283,4020884834,4020884888,1,"IOTHUB_CLIENT_CONFIRMATION_OK"
20284,4020885034,4020885084,1,"IOTHUB_CLIENT_CONFIRMATION_OK"
20285,4020885234,4020885356,1,"IOTHUB_CLIENT_CONFIRMATION_OK"
20286,4020885435,4020885482,1,"IOTHUB_CLIENT_CONFIRMATION_OK"
20287,4020885635,4020885673,1,"IOTHUB_CLIENT_CONFIRMATION_OK"
20288,4020885835,4020885871,1,"IOTHUB_CLIENT_CONFIRMATION_OK"
20289,4020886035,4020886076,1,"IOTHUB_CLIENT_CONFIRMATION_OK"
20290,4020886235,4020886280,1,"IOTHUB_CLIENT_CONFIRMATION_OK"
20291,4020886435,4020886482,1,"IOTHUB_CLIENT_CONFIRMATION_OK"
20292,4020886636,4020886675,1,"IOTHUB_CLIENT_CONFIRMATION_OK"
20293,4020886836,4020886880,1,"IOTHUB_CLIENT_CONFIRMATION_OK"
20294,4020887036,4020887076,1,"IOTHUB_CLIENT_CONFIRMATION_OK"
20295,4020887236,4020887271,1,"IOTHUB_CLIENT_CONFIRMATION_OK"
20296,4020887436,4020887485,1,"IOTHUB_CLIENT_CONFIRMATION_OK"
20297,4020887636,4020887818,1,"IOTHUB_CLIENT_CONFIRMATION_OK"
20298,4020887837,4020887879,1,"IOTHUB_CLIENT_CONFIRMATION_OK"
20299,4020888037,4020888107,1,"IOTHUB_CLIENT_CONFIRMATION_OK"
20300,4020888237,4020888281,1,"IOTHUB_CLIENT_CONFIRMATION_OK"
20301,4020888437,4020888511,1,"IOTHUB_CLIENT_CONFIRMATION_OK"
20302,4020888637,4020888701,1,"IOTHUB_CLIENT_CONFIRMATION_OK"
20303,4020888837,4020888888,1,"IOTHUB_CLIENT_CONFIRMATION_OK"
20304,4020889037,4020889085,1,"IOTHUB_CLIENT_CONFIRMATION_OK"
20305,4020889238,4020889353,1,"IOTHUB_CLIENT_CONFIRMATION_OK"
20306,4020889438,4020889489,1,"IOTHUB_CLIENT_CONFIRMATION_OK"
20307,4020889638,4020889672,1,"IOTHUB_CLIENT_CONFIRMATION_OK"
20308,4020889838,4020889910,1,"IOTHUB_CLIENT_CONFIRMATION_OK"
20309,4020890038,4020890075,1,"IOTHUB_CLIENT_CONFIRMATION_OK"
20310,4020890238,4020890302,1,"IOTHUB_CLIENT_CONFIRMATION_OK"
20311,4020890438,4020890604,1,"IOTHUB_CLIENT_CONFIRMATION_OK"
20312,4020890639,4020890688,1,"IOTHUB_CLIENT_CONFIRMATION_OK"
20313,4020890839,4020890887,1,"IOTHUB_CLIENT_CONFIRMATION_OK"
20314,4020891039,4020891204,1,"IOTHUB_CLIENT_CONFIRMATION_OK"
20315,4020891239,4020891275,1,"IOTHUB_CLIENT_CONFIRMATION_OK"
20316,4020891439,4020891483,1,"IOTHUB_CLIENT_CONFIRMATION_OK"
20317,4020891639,4020891685,1,"IOTHUB_CLIENT_CONFIRMATION_OK"
20318,4020891840,4020891942,1,"IOTHUB_CLIENT_CONFIRMATION_OK"
20319,4020892040,4020892098,1,"IOTHUB_CLIENT_CONFIRMATION_OK"
20320,4020892240,4020892284,1,"IOTHUB_CLIENT_CONFIRMATION_OK"
20321,4020892440,4020892482,1,"IOTHUB_CLIENT_CONFIRMATION_OK"
20322,4020892640,4020892686,1,"IOTHUB_CLIENT_CONFIRMATION_OK"
20323,4020892840,4020892885,1,"IOTHUB_CLIENT_CONFIRMATION_OK"
20324,4020893041,4020893092,1,"IOTHUB_CLIENT_CONFIRMATION_OK"
20325,4020893241,4020893288,1,"IOTHUB_CLIENT_CONFIRMATION_OK"
20326,4020893441,4020893488,1,"IOTHUB_CLIENT_CONFIRMATION_OK"
20327,4020893641,4020893682,1,"IOTHUB_CLIENT_CONFIRMATION_OK"
20328,4020893841,4020893914,1,"IOTHUB_CLIENT_CONFIRMATION_OK"
20329,4020894041,4020894150,1,"IOTHUB_CLIENT_CONFIRMATION_OK"
20330,4020894241,4020894294,1,"IOTHUB_CLIENT_CONFIRMATION_OK"
20331,4020894442,4020894486,1,"IOTHUB_CLIENT_CONFIRMATION_OK"
20332,4020894642,4020894688,1,"IOTHUB_CLIENT_CONFIRMATION_OK"
20333,4020894842,4020894890,1,"IOTHUB_CLIENT_CONFIRMATION_OK"
20334,4020895042,4020895108,1,"IOTHUB_CLIENT_CONFIRMATION_OK"
20335,4020895242,4020895300,1,"IOTHUB_CLIENT_CONFIRMATION_OK"
20336,4020895442,4020895501,1,"IOTHUB_CLIENT_CONFIRMATION_OK"
20337,4020895642,4020895811,1,"IOTHUB_CLIENT_CONFIRMATION_OK"
20338,4020895843,4020895879,1,"IOTHUB_CLIENT_CONFIRMATION_OK"
20339,4020896043,4020896088,1,"IOTHUB_CLIENT_CONFIRMATION_OK"
20340,4020896243,4020896425,1,"IOTHUB_CLIENT_CONFIRMATION_OK"
20341,4020896443,4020896491,1,"IOTHUB_CLIENT_CONFIRMATION_OK"
20342,4020896643,4020896688,1,"IOTHUB_CLIENT_CONFIRMATION_OK"
20343,4020896843,4020897013,1,"IOTHUB_CLIENT_CONFIRMATION_OK"
20344,4020897043,4020897088,1,"IOTHUB_CLIENT_CONFIRMATION_OK"
20345,4020897244,4020897283,1,"IOTHUB_CLIENT_CONFIRMATION_OK"
20346,4020897444,4020897486,1,"IOTHUB_CLIENT_CONFIRMATION_OK"
20347,4020897644,4020897717,1,"IOTHUB_CLIENT_CONFIRMATION_OK"
20348,4020897844,4020897889,1,"IOTHUB_CLIENT_CONFIRMATION_OK"
20349,4020898044,4020898090,1,"IOTHUB_CLIENT_CONFIRMATION_OK"
20350,4020898244,4020898294,1,"IOTHUB_CLIENT_CONFIRMATION_OK"
20351,4020898445,4020898496,1,"IOTHUB_CLIENT_CONFIRMATION_OK"
20352,4020898645,4020898714,1,"IOTHUB_CLIENT_CONFIRMATION_OK"
20353,4020898845,4020898888,1,"IOTHUB_CLIENT_CONFIRMATION_OK"
20354,4020899045,4020899107,1,"IOTHUB_CLIENT_CONFIRMATION_OK"
20355,4020899245,4020899362,1,"IOTHUB_CLIENT_CONFIRMATION_OK"
20356,4020899445,4020899501,1,"IOTHUB_CLIENT_CONFIRMATION_OK"
20357,4020899646,4020899697,1,"IOTHUB_CLIENT_CONFIRMATION_OK"
20358,4020899846,4020899892,1,"IOTHUB_CLIENT_CONFIRMATION_OK"
20359,4020900046,4020900106,1,"IOTHUB_CLIENT_CONFIRMATION_OK"
20360,4020900246,4020900772,1,"IOTHUB_CLIENT_CONFIRMATION_OK"
20361,4020900446,4020900794,1,"IOTHUB_CLIENT_CONFIRMATION_OK"
20362,4020900646,4020900818,1,"IOTHUB_CLIENT_CONFIRMATION_OK"
20363,4020900846,4020900981,1,"IOTHUB_CLIENT_CONFIRMATION_OK"
20364,4020901047,4020901146,1,"IOTHUB_CLIENT_CONFIRMATION_OK"
20365,4020901247,4020901280,1,"IOTHUB_CLIENT_CONFIRMATION_OK"
20366,4020901447,4020901603,1,"IOTHUB_CLIENT_CONFIRMATION_OK"
20367,4020901647,4020901700,1,"IOTHUB_CLIENT_CONFIRMATION_OK"
20368,4020901847,4020901886,1,"IOTHUB_CLIENT_CONFIRMATION_OK"
20369,4020902047,4020902225,1,"IOTHUB_CLIENT_CONFIRMATION_OK"
20370,4020902247,4020902285,1,"IOTHUB_CLIENT_CONFIRMATION_OK"
20371,4020902448,4020902509,1,"IOTHUB_CLIENT_CONFIRMATION_OK"
20372,4020902648,4020902690,1,"IOTHUB_CLIENT_CONFIRMATION_OK"
20373,4020902848,4020902894,1,"IOTHUB_CLIENT_CONFIRMATION_OK"
20374,4020903048,4020903095,1,"IOTHUB_CLIENT_CONFIRMATION_OK"
20375,4020903248,4020903290,1,"IOTHUB_CLIENT_CONFIRMATION_OK"
20376,4020903448,4020903520,1,"IOTHUB_CLIENT_CONFIRMATION_OK"
20377,4020903648,4020903692,1,"IOTHUB_CLIENT_CONFIRMATION_OK"
20378,4020903849,4020903890,1,"IOTHUB_CLIENT_CONFIRMATION_OK"
20379,4020904049,4020904100,1,"IOTHUB_CLIENT_CONFIRMATION_OK"
20380,4020904249,4020904284,1,"IOTHUB_CLIENT_CONFIRMATION_OK"
20381,4020904449,4020904516,1,"IOTHUB_CLIENT_CONFIRMATION_OK"
20382,4020904649,4020904704,1,"IOTHUB_CLIENT_CONFIRMATION_OK"
20383,4020904849,4020904904,1,"IOTHUB_CLIENT_CONFIRMATION_OK"
20384,4020905050,4020905093,1,"IOTHUB_CLIENT_CONFIRMATION_OK"
20385,4020905250,4020905292,1,"IOTHUB_CLIENT_CONFIRMATION_OK"
20386,4020905450,4020905494,1,"IOTHUB_CLIENT_CONFIRMATION_OK"
20387,4020905650,4020905730,1,"IOTHUB_CLIENT_CONFIRMATION_OK"
20388,4020905850,4020905928,1,"IOTHUB_CLIENT_CONFIRMATION_OK"
20389,4020906050,4020906187,1,"IOTHUB_CLIENT_CONFIRMATION_OK"
20390,4020906251,4020906295,1,"IOTHUB_CLIENT_CONFIRMATION_OK"
20391,4020906451,4020906497,1,"IOTHUB_CLIENT_CONFIRMATION_OK"
20392,4020906651,4020906793,1,"IOTHUB_CLIENT_CONFIRMATION_OK"
20393,4020906851,4020906896,1,"IOTHUB_CLIENT_CONFIRMATION_OK"
20394,4020907051,4020907094,1,"IOTHUB_CLIENT_CONFIRMATION_OK"
20395,4020907251,4020907325,1,"IOTHUB_CLIENT_CONFIRMATION_OK"
20396,4020907452,4020907523,1,"IOTHUB_CLIENT_CONFIRMATION_OK"
20397,4020907652,4020907691,1,"IOTHUB_CLIENT_CONFIRMATION_OK"
20398,4020907852,4020907895,1,"IOTHUB_CLIENT_CONFIRMATION_OK"
20399,4020908052,4020908111,1,"IOTHUB_CLIENT_CONFIRMATION_OK"
20400,4020908252,4020908348,1,"IOTHUB_CLIENT_CONFIRMATION_OK"
20401,4020908452,4020908543,1,"IOTHUB_CLIENT_CONFIRMATION_OK"
20402,4020908652,4020908703,1,"IOTHUB_CLIENT_CONFIRMATION_OK"
20403,4020908853,4020908893,1,"IOTHUB_CLIENT_CONFIRMATION_OK"
20404,4020909053,4020909100,1,"IOTHUB_CLIENT_CONFIRMATION_OK"
20405,4020909253,4020909291,1,"IOTHUB_CLIENT_CONFIRMATION_OK"
20406,4020909453,4020909487,1,"IOTHUB_CLIENT_CONFIRMATION_OK"
20407,4020909653,4020909711,1,"IOTHUB_CLIENT_CONFIRMATION_OK"
20408,4020909853,4020909905,1,"IOTHUB_CLIENT_CONFIRMATION_OK"
20409,4020910054,4020910100,1,"IOTHUB_CLIENT_CONFIRMATION_OK"
20410,4020910254,4020910301,1,"IOTHUB_CLIENT_CONFIRMATION_OK"
20411,4020910454,4020910499,1,"IOTHUB_CLIENT_CONFIRMATION_OK"
20412,4020910654,4020910695,1,"IOTHUB_CLIENT_CONFIRMATION_OK"
20413,4020910854,4020910889,1,"IOTHUB_CLIENT_CONFIRMATION_OK"
20414,4020911054,4020911112,1,"IOTHUB_CLIENT_CONFIRMATION_OK"
20415,4020911255,4020911303,1,"IOTHUB_CLIENT_CONFIRMATION_OK"
20416,4020911455,4020911753,1,"IOTHUB_CLIENT_CONFIRMATION_OK"
20417,4020911655,4020911767,1,"IOTHUB_CLIENT_CONFIRMATION_OK"
20418,4020911855,4020911996,1,"IOTHUB_CLIENT_CONFIRMATION_OK"
20419,4020912055,4020912247,1,"IOTHUB_CLIENT_CONFIRMATION_OK"
20420,4020912255,4020912454,1,"IOTHUB_CLIENT_CONFIRMATION_OK"
20421,4020912456,4020912604,1,"IOTHUB_CLIENT_CONFIRMATION_OK"
20422,4020912656,4020912697,1,"IOTHUB_CLIENT_CONFIRMATION_OK"
20423,4020912856,4020912891,1,"IOTHUB_CLIENT_CONFIRMATION_OK"
20424,4020913056,4020913226,1,"IOTHUB_CLIENT_CONFIRMATION_OK"
20425,4020913256,4020913303,1,"IOTHUB_CLIENT_CONFIRMATION_OK"
20426,4020913456,4020913498,1,"IOTHUB_CLIENT_CONFIRMATION_OK"
20427,4020913656,4020913846,1,"IOTHUB_CLIENT_CONFIRMATION_OK"
20428,4020913857,4020913902,1,"IOTHUB_CLIENT_CONFIRMATION_OK"
20429,4020914057,4020914111,1,"IOTHUB_CLIENT_CONFIRMATION_OK"
20430,4020914257,4020914307,1,"IOTHUB_CLIENT_CONFIRMATION_OK"
20431,4020914457,4020914510,1,"IOTHUB_CLIENT_CONFIRMATION_OK"
20432,4020914657,4020914693,1,"IOTHUB_CLIENT_CONFIRMATION_OK"
20433,4020914857,4020914893,1,"IOTHUB_CLIENT_CONFIRMATION_OK"
20434,4020915058,4020915101,1,"IOTHUB_CLIENT_CONFIRMATION_OK"
20435,4020915258,4020915303,1,"IOTHUB_CLIENT_CONFIRMATION_OK"
20436,4020915458,4020915500,1,"IOTHUB_CLIENT_CONFIRMATION_OK"
20437,4020915658,4020915703,1,"IOTHUB_CLIENT_CONFIRMATION_OK"
20438,4020915858,4020915896,1,"IOTHUB_CLIENT_CONFIRMATION_OK"
20439,4020916058,4020916118,1,"IOTHUB_CLIENT_CONFIRMATION_OK"
20440,4020916259,4020916357,1,"IOTHUB_CLIENT_CONFIRMATION_OK"
20441,4020916459,4020916505,1,"IOTHUB_CLIENT_CONFIRMATION_OK"
20442,4020916659,4020916700,1,"IOTHUB_CLIENT_CONFIRMATION_OK"
20443,4020916859,4020916962,1,"IOTHUB_CLIENT_CONFIRMATION_OK"
20444,4020917059,4020917109,1,"IOTHUB_CLIENT_CONFIRMATION_OK"
20445,4020917259,4020917345,1,"IOTHUB_CLIENT_CONFIRMATION_OK"
20446,4020917459,4020917513,1,"IOTHUB_CLIENT_CONFIRMATION_OK"
20447,4020917660,4020917726,1,"IOTHUB_CLIENT_CONFIRMATION_OK"
20448,4020917860,4020917913,1,"IOTHUB_CLIENT_CONFIRMATION_OK"
20449,4020918060,4020918139,1,"IOTHUB_CLIENT_CONFIRMATION_OK"
20450,4020918260,4020918325,1,"IOTHUB_CLIENT_CONFIRMATION_OK"
20451,4020918460,4020918502,1,"IOTHUB_CLIENT_CONFIRMATION_OK"
20452,4020918660,4020918698,1,"IOTHUB_CLIENT_CONFIRMATION_OK"
20453,4020918861,4020919005,1,"IOTHUB_CLIENT_CONFIRMATION_OK"
20454,4020919061,4020919102,1,"IOTHUB_CLIENT_CONFIRMATION_OK"
20455,4020919261,4020919320,1,"IOTHUB_CLIENT_CONFIRMATION_OK"
20456,4020919461,4020919628,1,"IOTHUB_CLIENT_CONFIRMATION_OK"
20457,4020919661,4020919706,1,"IOTHUB_CLIENT_CONFIRMATION_OK"
20458,4020919861,4020919905,1,"IOTHUB_CLIENT_CONFIRMATION_OK"
20459,4020920062,4020920109,1,"IOTHUB_CLIENT_CONFIRMATION_OK"
20460,4020920262,4020920323,1,"IOTHUB_CLIENT_CONFIRMATION_OK"
20461,4020920462,4020920501,1,"IOTHUB_CLIENT_CONFIRMATION_OK"
20462,4020920662,4020920750,1,"IOTHUB_CLIENT_CONFIRMATION_OK"
20463,4020920862,4020920924,1,"IOTHUB_CLIENT_CONFIRMATION_OK"
20464,4020921062,4020921153,1,"IOTHUB_CLIENT_CONFIRMATION_OK"
20465,4020921262,4020921391,1,"IOTHUB_CLIENT_CONFIRMATION_OK"
20466,4020921463,4020921499,1,"IOTHUB_CLIENT_CONFIRMATION_OK"
20467,4020921663,4020921707,1,"IOTHUB_CLIENT_CONFIRMATION_OK"
20468,4020921863,4020921903,1,"IOTHUB_CLIENT_CONFIRMATION_OK"
20469,4020922063,4020922119,1,"IOTHUB_CLIENT_CONFIRMATION_OK"
20470,4020922263,4020922307,1,"IOTHUB_CLIENT_CONFIRMATION_OK"
20471,4020922463,4020922506,1,"IOTHUB_CLIENT_CONFIRMATION_OK"
20472,4020922663,4020922728,1,"IOTHUB_CLIENT_CONFIRMATION_OK"
20473,4020922864,4020922900,1,"IOTHUB_CLIENT_CONFIRMATION_OK"
20474,4020923064,4020923145,1,"IOTHUB_CLIENT_CONFIRMATION_OK"
20475,4020923264,4020923311,1,"IOTHUB_CLIENT_CONFIRMATION_OK"
20476,4020923464,4020923609,1,"IOTHUB_CLIENT_CONFIRMATION_OK"
20477,4020923664,4020923730,1,"IOTHUB_CLIENT_CONFIRMATION_OK"
20478,4020923864,4020923948,1,"IOTHUB_CLIENT_CONFIRMATION_OK"
20479,4020924065,4020924193,1,"IOTHUB_CLIENT_CONFIRMATION_OK"
20480,4020924265,4020924338,1,"IOTHUB_CLIENT_CONFIRMATION_OK"
20481,4020924465,4020924565,1,"IOTHUB_CLIENT_CONFIRMATION_OK"
20482,4020924665,4020924776,1,"IOTHUB_CLIENT_CONFIRMATION_OK"
20483,4020924865,4020924923,1,"IOTHUB_CLIENT_CONFIRMATION_OK"
20484,4020925065,4020925112,1,"IOTHUB_CLIENT_CONFIRMATION_OK"
20485,4020925265,4020925398,1,"IOTHUB_CLIENT_CONFIRMATION_OK"
20486,4020925466,4020925508,1,"IOTHUB_CLIENT_CONFIRMATION_OK"
20487,4020925666,4020925711,1,"IOTHUB_CLIENT_CONFIRMATION_OK"
20488,4020925866,4020925908,1,"IOTHUB_CLIENT_CONFIRMATION_OK"
20489,4020926066,4020926126,1,"IOTHUB_CLIENT_CONFIRMATION_OK"
20490,4020926266,4020926329,1,"IOTHUB_CLIENT_CONFIRMATION_OK"
20491,4020926466,4020926511,1,"IOTHUB_CLIENT_CONFIRMATION_OK"
20492,4020926667,4020926704,1,"IOTHUB_CLIENT_CONFIRMATION_OK"
20493,4020926867,4020926906,1,"IOTHUB_CLIENT_CONFIRMATION_OK"
20494,4020927067,4020927110,1,"IOTHUB_CLIENT_CONFIRMATION_OK"
20495,4020927267,4020927433,1,"IOTHUB_CLIENT_CONFIRMATION_OK"
20496,4020927467,4020927502,1,"IOTHUB_CLIENT_CONFIRMATION_OK"
20497,4020927667,4020927709,1,"IOTHUB_CLIENT_CONFIRMATION_OK"
20498,4020927867,4020928044,1,"IOTHUB_CLIENT_CONFIRMATION_OK"
20499,4020928068,4020928110,1,"IOTHUB_CLIENT_CONFIRMATION_OK"
20500,4020928268,4020928319,1,"IOTHUB_CLIENT_CONFIRMATION_OK"
20501,4020928468,4020928541,1,"IOTHUB_CLIENT_CONFIRMATION_OK"
20502,4020928668,4020928704,1,"IOTHUB_CLIENT_CONFIRMATION_OK"
20503,4020928868,4020928949,1,"IOTHUB_CLIENT_CONFIRMATION_OK"
20504,4020929068,4020929115,1,"IOTHUB_CLIENT_CONFIRMATION_OK"
20505,4020929269,4020929315,1,"IOTHUB_CLIENT_CONFIRMATION_OK"
20506,4020929469,4020929508,1,"IOTHUB_CLIENT_CONFIRMATION_OK"
20507,4020929669,4020929708,1,"IOTHUB_CLIENT_CONFIRMATION_OK"
20508,4020929869,4020929928,1,"IOTHUB_CLIENT_CONFIRMATION_OK"
20509,4020930069,4020930112,1,"IOTHUB_CLIENT_CONFIRMATION_OK"
20510,4020930269,4020930314,1,"IOTHUB_CLIENT_CONFIRMATION_OK"
20511,4020930470,4020930512,1,"IOTHUB_CLIENT_CONFIRMATION_OK"
20512,4020930670,4020930706,1,"IOTHUB_CLIENT_CONFIRMATION_OK"
20513,4020930870,4020930917,1,"IOTHUB_CLIENT_CONFIRMATION_OK"
20514,4020931070,4020931109,1,"IOTHUB_CLIENT_CONFIRMATION_OK"
20515,4020931270,4020931315,1,"IOTHUB_CLIENT_CONFIRMATION_OK"
20516,4020931470,4020931513,1,"IOTHUB_CLIENT_CONFIRMATION_OK"
20517,4020931670,4020931706,1,"IOTHUB_CLIENT_CONFIRMATION_OK"
20518,4020931871,4020931925,1,"IOTHUB_CLIENT_CONFIRMATION_OK"
20519,4020932071,4020932160,1,"IOTHUB_CLIENT_CONFIRMATION_OK"
20520,4020932271,4020932311,1,"IOTHUB_CLIENT_CONFIRMATION_OK"
20521,4020932471,4020932565,1,"IOTHUB_CLIENT_CONFIRMATION_OK"
20522,4020932671,4020932706,1,"IOTHUB_CLIENT_CONFIRMATION_OK"
20523,4020932871,4020932934,1,"IOTHUB_CLIENT_CONFIRMATION_OK"
20524,4020933071,4020933149,1,"IOTHUB_CLIENT_CONFIRMATION_OK"
20525,4020933272,4020933311,1,"IOTHUB_CLIENT_CONFIRMATION_OK"
20526,4020933472,4020933511,1,"IOTHUB_CLIENT_CONFIRMATION_OK"
20527,4020933672,4020933757,1,"IOTHUB_CLIENT_CONFIRMATION_OK"
20528,4020933872,4020933917,1,"IOTHUB_CLIENT_CONFIRMATION_OK"
20529,4020934072,4020934117,1,"IOTHUB_CLIENT_CONFIRMATION_OK"
20530,4020934272,4020934313,1,"IOTHUB_CLIENT_CONFIRMATION_OK"
20531,4020934473,4020934515,1,"IOTHUB_CLIENT_CONFIRMATION_OK"
20532,4020934673,4020934718,1,"IOTHUB_CLIENT_CONFIRMATION_OK"
20533,4020934873,4020934916,1,"IOTHUB_CLIENT_CONFIRMATION_OK"
20534,4020935073,4020935113,1,"IOTHUB_CLIENT_CONFIRMATION_OK"
20535,4020935273,4020935331,1,"IOTHUB_CLIENT_CONFIRMATION_OK"
20536,4020935473,4020935519,1,"IOTHUB_CLIENT_CONFIRMATION_OK"
20537,4020935673,4020935797,1,"IOTHUB_CLIENT_CONFIRMATION_OK"
20538,4020935874,4020935914,1,"IOTHUB_CLIENT_CONFIRMATION_OK"
20539,4020936074,4020936140,1,"IOTHUB_CLIENT_CONFIRMATION_OK"
20540,4020936274,4020936424,1,"IOTHUB_CLIENT_CONFIRMATION_OK"
20541,4020936474,4020936514,1,"IOTHUB_CLIENT_CONFIRMATION_OK"
20542,4020936674,4020936721,1,"IOTHUB_CLIENT_CONFIRMATION_OK"
20543,4020936874,4020937024,1,"IOTHUB_CLIENT_CONFIRMATION_OK"
20544,4020937075,4020937113,1,"IOTHUB_CLIENT_CONFIRMATION_OK"
20545,4020937275,4020937335,1,"IOTHUB_CLIENT_CONFIRMATION_OK"
20546,4020937475,4020937512,1,"IOTHUB_CLIENT_CONFIRMATION_OK"
20547,4020937675,4020937757,1,"IOTHUB_CLIENT_CONFIRMATION_OK"
20548,4020937875,4020937920,1,"IOTHUB_CLIENT_CONFIRMATION_OK"
20549,4020938075,4020938115,1,"IOTHUB_CLIENT_CONFIRMATION_OK"
20550,4020938275,4020938318,1,"IOTHUB_CLIENT_CONFIRMATION_OK"
20551,4020938476,4020938537,1,"IOTHUB_CLIENT_CONFIRMATION_OK"
20552,4020938676,4020938728,1,"IOTHUB_CLIENT_CONFIRMATION_OK"
20553,4020938876,4020939044,1,"IOTHUB_CLIENT_CONFIRMATION_OK"
20554,4020939076,4020939125,1,"IOTHUB_CLIENT_CONFIRMATION_OK"
20555,4020939276,4020939356,1,"IOTHUB_CLIENT_CONFIRMATION_OK"
20556,4020939476,4020939647,1,"IOTHUB_CLIENT_CONFIRMATION_OK"
20557,4020939677,4020939739,1,"IOTHUB_CLIENT_CONFIRMATION_OK"
20558,4020939877,4020939919,1,"IOTHUB_CLIENT_CONFIRMATION_OK"
20559,4020940077,4020940127,1,"IOTHUB_CLIENT_CONFIRMATION_OK"
20560,4020940277,4020940321,1,"IOTHUB_CLIENT_CONFIRMATION_OK"
20561,4020940477,4020940527,1,"IOTHUB_CLIENT_CONFIRMATION_OK"
20562,4020940677,4020940739,1,"IOTHUB_CLIENT_CONFIRMATION_OK"
20563,4020940877,4020940917,1,"IOTHUB_CLIENT_CONFIRMATION_OK"
20564,4020941078,4020941144,1,"IOTHUB_CLIENT_CONFIRMATION_OK"
20565,4020941278,4020941321,1,"IOTHUB_CLIENT_CONFIRMATION_OK"
20566,4020941478,4020941520,1,"IOTHUB_CLIENT_CONFIRMATION_OK"
20567,4020941678,4020941720,1,"IOTHUB_CLIENT_CONFIRMATION_OK"
20568,4020941878,4020941920,1,"IOTHUB_CLIENT_CONFIRMATION_OK"
20569,4020942078,4020942113,1,"IOTHUB_CLIENT_CONFIRMATION_OK"
20570,4020942279,4020942330,1,"IOTHUB_CLIENT_CONFIRMATION_OK"
20571,4020942479,4020942534,1,"IOTHUB_CLIENT_CONFIRMATION_OK"
20572,4020942679,4020942720,1,"IOTHUB_CLIENT_CONFIRMATION_OK"
20573,4020942879,4020942916,1,"IOTHUB_CLIENT_CONFIRMATION_OK"
20574,4020943079,4020943121,1,"IOTHUB_CLIENT_CONFIRMATION_OK"
20575,4020943279,4020943349,1,"IOTHUB_CLIENT_CONFIRMATION_OK"
20576,4020943479,4020943542,1,"IOTHUB_CLIENT_CONFIRMATION_OK"
20577,4020943680,4020943736,1,"IOTHUB_CLIENT_CONFIRMATION_OK"
20578,4020943880,4020943917,1,"IOTHUB_CLIENT_CONFIRMATION_OK"
20579,4020944080,4020944152,1,"IOTHUB_CLIENT_CONFIRMATION_OK"
20580,4020944280,4020944320,1,"IOTHUB_CLIENT_CONFIRMATION_OK"
20581,4020944480,4020944539,1,"IOTHUB_CLIENT_CONFIRMATION_OK"
20582,4020944680,4020944739,1,"IOTHUB_CLIENT_CONFIRMATION_OK"
20583,4020944881,4020944935,1,"IOTHUB_CLIENT_CONFIRMATION_OK"
20584,4020945081,4020945117,1,"IOTHUB_CLIENT_CONFIRMATION_OK"
20585,4020945281,4020945348,1,"IOTHUB_CLIENT_CONFIRMATION_OK"
20586,4020945481,4020945538,1,"IOTHUB_CLIENT_CONFIRMATION_OK"
20587,4020945681,4020945719,1,"IOTHUB_CLIENT_CONFIRMATION_OK"
20588,4020945881,4020945973,1,"IOTHUB_CLIENT_CONFIRMATION_OK"
20589,4020946081,4020946123,1,"IOTHUB_CLIENT_CONFIRMATION_OK"
20590,4020946282,4020946336,1,"IOTHUB_CLIENT_CONFIRMATION_OK"
20591,4020946482,4020946516,1,"IOTHUB_CLIENT_CONFIRMATION_OK"
20592,4020946682,4020946716,1,"IOTHUB_CLIENT_CONFIRMATION_OK"
20593,4020946882,4020946921,1,"IOTHUB_CLIENT_CONFIRMATION_OK"
20594,4020947082,4020947124,1,"IOTHUB_CLIENT_CONFIRMATION_OK"
20595,4020947282,4020947419,1,"IOTHUB_CLIENT_CONFIRMATION_OK"
20596,4020947483,4020947569,1,"IOTHUB_CLIENT_CONFIRMATION_OK"
20597,4020947683,4020947782,1,"IOTHUB_CLIENT_CONFIRMATION_OK"
20598,4020947883,4020948018,1,"IOTHUB_CLIENT_CONFIRMATION_OK"
20599,4020948083,4020948188,1,"IOTHUB_CLIENT_CONFIRMATION_OK"
20600,4020948283,4020948384,1,"IOTHUB_CLIENT_CONFIRMATION_OK"
20601,4020948483,4020948532,1,"IOTHUB_CLIENT_CONFIRMATION_OK"
20602,4020948683,4020948727,1,"IOTHUB_CLIENT_CONFIRMATION_OK"
20603,4020948884,4020948922,1,"IOTHUB_CLIENT_CONFIRMATION_OK"
20604,4020949084,4020949128,1,"IOTHUB_CLIENT_CONFIRMATION_OK"
20605,4020949284,4020949324,1,"IOTHUB_CLIENT_CONFIRMATION_OK"
20606,4020949484,4020949569,1,"IOTHUB_CLIENT_CONFIRMATION_OK"
20607,4020949684,4020949719,1,"IOTHUB_CLIENT_CONFIRMATION_OK"
20608,4020949884,4020950030,1,"IOTHUB_CLIENT_CONFIRMATION_OK"
20609,4020950085,4020950120,1,"IOTHUB_CLIENT_CONFIRMATION_OK"
20610,4020950285,4020950345,1,"IOTHUB_CLIENT_CONFIRMATION_OK"
20611,4020950485,4020950630,1,"IOTHUB_CLIENT_CONFIRMATION_OK"
20612,4020950685,4020950730,1,"IOTHUB_CLIENT_CONFIRMATION_OK"
20613,4020950885,4020951003,1,"IOTHUB_CLIENT_CONFIRMATION_OK"
20614,4020951085,4020951234,1,"IOTHUB_CLIENT_CONFIRMATION_OK"
20615,4020951285,4020951319,1,"IOTHUB_CLIENT_CONFIRMATION_OK"
20616,4020951486,4020951523,1,"IOTHUB_CLIENT_CONFIRMATION_OK"
20617,4020951686,4020951740,1,"IOTHUB_CLIENT_CONFIRMATION_OK"
20618,4020951886,4020951929,1,"IOTHUB_CLIENT_CONFIRMATION_OK"
20619,4020952086,4020952126,1,"IOTHUB_CLIENT_CONFIRMATION_OK"
20620,4020952286,4020952335,1,"IOTHUB_CLIENT_CONFIRMATION_OK"
20621,4020952486,4020952537,1,"IOTHUB_CLIENT_CONFIRMATION_OK"
20622,4020952687,4020952749,1,"IOTHUB_CLIENT_CONFIRMATION_OK"
20623,4020952887,4020952951,1,"IOTHUB_CLIENT_CONFIRMATION_OK"
20624,4020953087,4020953129,1,"IOTHUB_CLIENT_CONFIRMATION_OK"
20625,4020953287,4020953335,1,"IOTHUB_CLIENT_CONFIRMATION_OK"
20626,4020953487,4020953532,1,"IOTHUB_CLIENT_CONFIRMATION_OK"
20627,4020953687,4020953720,1,"IOTHUB_CLIENT_CONFIRMATION_OK"
20628,4020953888,4020953928,1,"IOTHUB_CLIENT_CONFIRMATION_OK"
20629,4020954088,4020954133,1,"IOTHUB_CLIENT_CONFIRMATION_OK"
20630,4020954288,4020954335,1,"IOTHUB_CLIENT_CONFIRMATION_OK"
20631,4020954488,4020954551,1,"IOTHUB_CLIENT_CONFIRMATION_OK"
20632,4020954688,4020954735,1,"IOTHUB_CLIENT_CONFIRMATION_OK"
20633,4020954888,4020954923,1,"IOTHUB_CLIENT_CONFIRMATION_OK"
20634,4020955088,4020955156,1,"IOTHUB_CLIENT_CONFIRMATION_OK"
20635,4020955289,4020955333,1,"IOTHUB_CLIENT_CONFIRMATION_OK"
20636,4020955489,4020955544,1,"IOTHUB_CLIENT_CONFIRMATION_OK"
20637,4020955689,4020955748,1,"IOTHUB_CLIENT_CONFIRMATION_OK"
20638,4020955889,4020955934,1,"IOTHUB_CLIENT_CONFIRMATION_OK"
20639,4020956089,4020956134,1,"IOTHUB_CLIENT_CONFIRMATION_OK"
20640,4020956289,4020956370,1,"IOTHUB_CLIENT_CONFIRMATION_OK"
20641,4020956490,4020956543,1,"IOTHUB_CLIENT_CONFIRMATION_OK"
20642,4020956690,4020956732,1,"IOTHUB_CLIENT_CONFIRMATION_OK"
20643,4020956890,4020957009,1,"IOTHUB_CLIENT_CONFIRMATION_OK"
20644,4020957090,4020957152,1,"IOTHUB_CLIENT_CONFIRMATION_OK"
20645,4020957290,4020957360,1,"IOTHUB_CLIENT_CONFIRMATION_OK"
20646,4020957490,4020957556,1,"IOTHUB_CLIENT_CONFIRMATION_OK"
20647,4020957690,4020957727,1,"IOTHUB_CLIENT_CONFIRMATION_OK"
20648,4020957891,4020957925,1,"IOTHUB_CLIENT_CONFIRMATION_OK"
20649,4020958091,4020958133,1,"IOTHUB_CLIENT_CONFIRMATION_OK"
20650,4020958291,4020958401,1,"IOTHUB_CLIENT_CONFIRMATION_OK"
20651,4020958491,4020958529,1,"IOTHUB_CLIENT_CONFIRMATION_OK"
20652,4020958691,4020958728,1,"IOTHUB_CLIENT_CONFIRMATION_OK"
20653,4020958891,4020959070,1,"IOTHUB_CLIENT_CONFIRMATION_OK"
20654,4020959092,4020959134,1,"IOTHUB_CLIENT_CONFIRMATION_OK"
20655,4020959292,4020959372,1,"IOTHUB_CLIENT_CONFIRMATION_OK"
20656,4020959492,4020959638,1,"IOTHUB_CLIENT_CONFIRMATION_OK"
20657,4020959692,4020959749,1,"IOTHUB_CLIENT_CONFIRMATION_OK"
20658,4020959892,4020959949,1,"IOTHUB_CLIENT_CONFIRMATION_OK"
20659,4020960092,4020960156,1,"IOTHUB_CLIENT_CONFIRMATION_OK"
20660,4020960293,4020960337,1,"IOTHUB_CLIENT_CONFIRMATION_OK"
20661,4020960493,4020960538,1,"IOTHUB_CLIENT_CONFIRMATION_OK"
20662,4020960693,4020960746,1,"IOTHUB_CLIENT_CONFIRMATION_OK"
20663,4020960893,4020960938,1,"IOTHUB_CLIENT_CONFIRMATION_OK"
20664,4020961093,4020961128,1,"IOTHUB_CLIENT_CONFIRMATION_OK"
20665,4020961293,4020961328,1,"IOTHUB_CLIENT_CONFIRMATION_OK"
20666,4020961494,4020961578,1,"IOTHUB_CLIENT_CONFIRMATION_OK"
20667,4020961694,4020961756,1,"IOTHUB_CLIENT_CONFIRMATION_OK"
20668,4020961894,4020961964,1,"IOTHUB_CLIENT_CONFIRMATION_OK"
20669,4020962094,4020962136,1,"IOTHUB_CLIENT_CONFIRMATION_OK"
20670,4020962294,4020962346,1,"IOTHUB_CLIENT_CONFIRMATION_OK"
20671,4020962494,4020962538,1,"IOTHUB_CLIENT_CONFIRMATION_OK"
20672,4020962694,4020962792,1,"IOTHUB_CLIENT_CONFIRMATION_OK"
20673,4020962895,4020962936,1,"IOTHUB_CLIENT_CONFIRMATION_OK"
20674,4020963095,4020963136,1,"IOTHUB_CLIENT_CONFIRMATION_OK"
20675,4020963295,4020963335,1,"IOTHUB_CLIENT_CONFIRMATION_OK"
20676,4020963495,4020963541,1,"IOTHUB_CLIENT_CONFIRMATION_OK"
20677,4020963695,4020963742,1,"IOTHUB_CLIENT_CONFIRMATION_OK"
20678,4020963895,4020963941,1,"IOTHUB_CLIENT_CONFIRMATION_OK"
20679,4020964096,4020964149,1,"IOTHUB_CLIENT_CONFIRMATION_OK"
20680,4020964296,4020964329,1,"IOTHUB_CLIENT_CONFIRMATION_OK"
20681,4020964496,4020964540,1,"IOTHUB_CLIENT_CONFIRMATION_OK"
20682,4020964696,4020964751,1,"IOTHUB_CLIENT_CONFIRMATION_OK"
20683,4020964896,4020964940,1,"IOTHUB_CLIENT_CONFIRMATION_OK"
20684,4020965096,4020965145,1,"IOTHUB_CLIENT_CONFIRMATION_OK"
20685,4020965297,4020965388,1,"IOTHUB_CLIENT_CONFIRMATION_OK"
20686,4020965497,4020965534,1,"IOTHUB_CLIENT_CONFIRMATION_OK"
20687,4020965697,4020965741,1,"IOTHUB_CLIENT_CONFIRMATION_OK"
20688,4020965897,4020965945,1,"IOTHUB_CLIENT_CONFIRMATION_OK"
20689,4020966097,4020966148,1,"IOTHUB_CLIENT_CONFIRMATION_OK"
20690,4020966297,4020966335,1,"IOTHUB_CLIENT_CONFIRMATION_OK"
20691,4020966497,4020966553,1,"IOTHUB_CLIENT_CONFIRMATION_OK"
20692,4020966697,4020966749,1,"IOTHUB_CLIENT_CONFIRMATION_OK"
20693,4020966898,4020966991,1,"IOTHUB_CLIENT_CONFIRMATION_OK"
20694,4020967098,4020967141,1,"IOTHUB_CLIENT_CONFIRMATION_OK"
20695,4020967298,4020967372,1,"IOTHUB_CLIENT_CONFIRMATION_OK"
20696,4020967498,4020967552,1,"IOTHUB_CLIENT_CONFIRMATION_OK"
20697,4020967698,4020967747,1,"IOTHUB_CLIENT_CONFIRMATION_OK"
20698,4020967898,4020967984,1,"IOTHUB_CLIENT_CONFIRMATION_OK"
20699,4020968099,4020968141,1,"IOTHUB_CLIENT_CONFIRMATION_OK"
20700,4020968299,4020968375,1,"IOTHUB_CLIENT_CONFIRMATION_OK"
20701,4020968499,4020968557,1,"IOTHUB_CLIENT_CONFIRMATION_OK"
20702,4020968699,4020968736,1,"IOTHUB_CLIENT_CONFIRMATION_OK"
20703,4020968899,4020968942,1,"IOTHUB_CLIENT_CONFIRMATION_OK"
20704,4020969099,4020969137,1,"IOTHUB_CLIENT_CONFIRMATION_OK"
20705,4020969299,4020969334,1,"IOTHUB_CLIENT_CONFIRMATION_OK"
20706,4020969500,4020969536,1,"IOTHUB_CLIENT_CONFIRMATION_OK"
20707,4020969700,4020969746,1,"IOTHUB_CLIENT_CONFIRMATION_OK"
20708,4020969900,4020970041,1,"IOTHUB_CLIENT_CONFIRMATION_OK"
20709,4020970100,4020970145,1,"IOTHUB_CLIENT_CONFIRMATION_OK"
20710,4020970300,4020970342,1,"IOTHUB_CLIENT_CONFIRMATION_OK"
20711,4020970500,4020970648,1,"IOTHUB_CLIENT_CONFIRMATION_OK"
20712,4020970701,4020970756,1,"IOTHUB_CLIENT_CONFIRMATION_OK"
20713,4020970901,4020970953,1,"IOTHUB_CLIENT_CONFIRMATION_OK"
20714,4020971101,4020971234,1,"IOTHUB_CLIENT_CONFIRMATION_OK"
20715,4020971301,4020971344,1,"IOTHUB_CLIENT_CONFIRMATION_OK"
20716,4020971501,4020971560,1,"IOTHUB_CLIENT_CONFIRMATION_OK"
20717,4020971701,4020971751,1,"IOTHUB_CLIENT_CONFIRMATION_OK"
20718,4020971901,4020971948,1,"IOTHUB_CLIENT_CONFIRMATION_OK"
20719,4020972102,4020972145,1,"IOTHUB_CLIENT_CONFIRMATION_OK"
20720,4020972302,4020972363,1,"IOTHUB_CLIENT_CONFIRMATION_OK"
20721,4020972502,4020972555,1,"IOTHUB_CLIENT_CONFIRMATION_OK"
20722,4020972702,4020972740,1,"IOTHUB_CLIENT_CONFIRMATION_OK"
20723,4020972902,4020972941,1,"IOTHUB_CLIENT_CONFIRMATION_OK"
20724,4020973102,4020973273,1,"IOTHUB_CLIENT_CONFIRMATION_OK"
20725,4020973303,4020973350,1,"IOTHUB_CLIENT_CONFIRMATION_OK"
20726,4020973503,4020973550,1,"IOTHUB_CLIENT_CONFIRMATION_OK"
20727,4020973703,4020973887,1,"IOTHUB_CLIENT_CONFIRMATION_OK"
20728,4020973903,4020973946,1,"IOTHUB_CLIENT_CONFIRMATION_OK"
20729,4020974103,4020974151,1,"IOTHUB_CLIENT_CONFIRMATION_OK"
20730,4020974303,4020974347,1,"IOTHUB_CLIENT_CONFIRMATION_OK"
20731,4020974503,4020974541,1,"IOTHUB_CLIENT_CONFIRMATION_OK"
20732,4020974704,4020974747,1,"IOTHUB_CLIENT_CONFIRMATION_OK"
20733,4020974904,4020974968,1,"IOTHUB_CLIENT_CONFIRMATION_OK"
20734,4020975104,4020975141,1,"IOTHUB_CLIENT_CONFIRMATION_OK"
20735,4020975304,4020975352,1,"IOTHUB_CLIENT_CONFIRMATION_OK"
20736,4020975504,4020975547,1,"IOTHUB_CLIENT_CONFIRMATION_OK"
20737,4020975704,4020975750,1,"IOTHUB_CLIENT_CONFIRMATION_OK"
20738,4020975904,4020975955,1,"IOTHUB_CLIENT_CONFIRMATION_OK"
20739,4020976105,4020976148,1,"IOTHUB_CLIENT_CONFIRMATION_OK"
20740,4020976305,4020976373,1,"IOTHUB_CLIENT_CONFIRMATION_OK"
20741,4020976505,4020976552,1,"IOTHUB_CLIENT_CONFIRMATION_OK"
20742,4020976705,4020976762,1,"IOTHUB_CLIENT_CONFIRMATION_OK"
20743,4020976905,4020976984,1,"IOTHUB_CLIENT_CONFIRMATION_OK"
20744,4020977105,4020977146,1,"IOTHUB_CLIENT_CONFIRMATION_OK"
20745,4020977306,4020977348,1,"IOTHUB_CLIENT_CONFIRMATION_OK"
20746,4020977506,4020977601,1,"IOTHUB_CLIENT_CONFIRMATION_OK"
20747,4020977706,4020977762,1,"IOTHUB_CLIENT_CONFIRMATION_OK"
20748,4020977906,4020977956,1,"IOTHUB_CLIENT_CONFIRMATION_OK"
20749,4020978106,4020978150,1,"IOTHUB_CLIENT_CONFIRMATION_OK"
20750,4020978306,4020978426,1,"IOTHUB_CLIENT_CONFIRMATION_OK"
20751,4020978507,4020978553,1,"IOTHUB_CLIENT_CONFIRMATION_OK"
20752,4020978707,4020978754,1,"IOTHUB_CLIENT_CONFIRMATION_OK"
20753,4020978907,4020979091,1,"IOTHUB_CLIENT_CONFIRMATION_OK"
20754,4020979107,4020979165,1,"IOTHUB_CLIENT_CONFIRMATION_OK"
20755,4020979307,4020979344,1,"IOTHUB_CLIENT_CONFIRMATION_OK"
20756,4020979507,4020979651,1,"IOTHUB_CLIENT_CONFIRMATION_OK"
20757,4020979707,4020979774,1,"IOTHUB_CLIENT_CONFIRMATION_OK"
20758,4020979908,4020979960,1,"IOTHUB_CLIENT_CONFIRMATION_OK"
20759,4020980108,4020980150,1,"IOTHUB_CLIENT_CONFIRMATION_OK"
20760,4020980308,4020980352,1,"IOTHUB_CLIENT_CONFIRMATION_OK"
20761,4020980508,4020980553,1,"IOTHUB_CLIENT_CONFIRMATION_OK"
20762,4020980708,4020980745,1,"IOTHUB_CLIENT_CONFIRMATION_OK"
20763,4020980908,4020980945,1,"IOTHUB_CLIENT_CONFIRMATION_OK"
20764,4020981109,4020981149,1,"IOTHUB_CLIENT_CONFIRMATION_OK"
20765,4020981309,4020981354,1,"IOTHUB_CLIENT_CONFIRMATION_OK"
20766,4020981509,4020981556,1,"IOTHUB_CLIENT_CONFIRMATION_OK"
20767,4020981709,4020981777,1,"IOTHUB_CLIENT_CONFIRMATION_OK"
20768,4020981909,4020981953,1,"IOTHUB_CLIENT_CONFIRMATION_OK"
20769,4020982109,4020982146,1,"IOTHUB_CLIENT_CONFIRMATION_OK"
20770,4020982309,4020982353,1,"IOTHUB_CLIENT_CONFIRMATION_OK"
20771,4020982510,4020982724,1,"IOTHUB_CLIENT_CONFIRMATION_OK"
20772,4020982710,4020982792,1,"IOTHUB_CLIENT_CONFIRMATION_OK"
20773,4020982910,4020982947,1,"IOTHUB_CLIENT_CONFIRMATION_OK"
20774,4020983110,4020983152,1,"IOTHUB_CLIENT_CONFIRMATION_OK"
20775,4020983310,4020983352,1,"IOTHUB_CLIENT_CONFIRMATION_OK"
20776,4020983510,4020983548,1,"IOTHUB_CLIENT_CONFIRMATION_OK"
20777,4020983710,4020983754,1,"IOTHUB_CLIENT_CONFIRMATION_OK"
20778,4020983911,4020983968,1,"IOTHUB_CLIENT_CONFIRMATION_OK"
20779,4020984111,4020984178,1,"IOTHUB_CLIENT_CONFIRMATION_OK"
20780,4020984311,4020984347,1,"IOTHUB_CLIENT_CONFIRMATION_OK"
20781,4020984511,4020984582,1,"IOTHUB_CLIENT_CONFIRMATION_OK"
20782,4020984711,4020984793,1,"IOTHUB_CLIENT_CONFIRMATION_OK"
20783,4020984911,4020984954,1,"IOTHUB_CLIENT_CONFIRMATION_OK"
20784,4020985112,4020985170,1,"IOTHUB_CLIENT_CONFIRMATION_OK"
20785,4020985312,4020985383,1,"IOTHUB_CLIENT_CONFIRMATION_OK"
20786,4020985512,4020985552,1,"IOTHUB_CLIENT_CONFIRMATION_OK"
20787,4020985712,4020985755,1,"IOTHUB_CLIENT_CONFIRMATION_OK"
20788,4020985912,4020985959,1,"IOTHUB_CLIENT_CONFIRMATION_OK"
20789,4020986112,4020986162,1,"IOTHUB_CLIENT_CONFIRMATION_OK"
20790,4020986312,4020986353,1,"IOTHUB_CLIENT_CONFIRMATION_OK"
20791,4020986513,4020986564,1,"IOTHUB_CLIENT_CONFIRMATION_OK"
20792,4020986713,4020986821,1,"IOTHUB_CLIENT_CONFIRMATION_OK"
20793,4020986913,4020986990,1,"IOTHUB_CLIENT_CONFIRMATION_OK"
20794,4020987113,4020987153,1,"IOTHUB_CLIENT_CONFIRMATION_OK"
20795,4020987313,4020987489,1,"IOTHUB_CLIENT_CONFIRMATION_OK"
20796,4020987513,4020987568,1,"IOTHUB_CLIENT_CONFIRMATION_OK"
20797,4020987714,4020987766,1,"IOTHUB_CLIENT_CONFIRMATION_OK"
20798,4020987914,4020988084,1,"IOTHUB_CLIENT_CONFIRMATION_OK"
20799,4020988114,4020988156,1,"IOTHUB_CLIENT_CONFIRMATION_OK"
20800,4020988314,4020988402,1,"IOTHUB_CLIENT_CONFIRMATION_OK"
20801,4020988514,4020988555,1,"IOTHUB_CLIENT_CONFIRMATION_OK"
20802,4020988714,4020988909,1,"IOTHUB_CLIENT_CONFIRMATION_OK"
20803,4020988915,4020989044,1,"IOTHUB_CLIENT_CONFIRMATION_OK"
20804,4020989115,4020989166,1,"IOTHUB_CLIENT_CONFIRMATION_OK"
20805,4020989315,4020989400,1,"IOTHUB_CLIENT_CONFIRMATION_OK"
20806,4020989515,4020989587,1,"IOTHUB_CLIENT_CONFIRMATION_OK"
20807,4020989715,4020989757,1,"IOTHUB_CLIENT_CONFIRMATION_OK"
20808,4020989915,4020989982,1,"IOTHUB_CLIENT_CONFIRMATION_OK"
20809,4020990115,4020990163,1,"IOTHUB_CLIENT_CONFIRMATION_OK"
20810,4020990316,4020990352,1,"IOTHUB_CLIENT_CONFIRMATION_OK"
20811,4020990516,4020990616,1,"IOTHUB_CLIENT_CONFIRMATION_OK"
20812,4020990716,4020990761,1,"IOTHUB_CLIENT_CONFIRMATION_OK"
20813,4020990916,4020990980,1,"IOTHUB_CLIENT_CONFIRMATION_OK"
20814,4020991116,4020991179,1,"IOTHUB_CLIENT_CONFIRMATION_OK"
20815,4020991316,4020991357,1,"IOTHUB_CLIENT_CONFIRMATION_OK"
20816,4020991516,4020991565,1,"IOTHUB_CLIENT_CONFIRMATION_OK"
20817,4020991717,4020991763,1,"IOTHUB_CLIENT_CONFIRMATION_OK"
20818,4020991917,4020991954,1,"IOTHUB_CLIENT_CONFIRMATION_OK"
20819,4020992117,4020992164,1,"IOTHUB_CLIENT_CONFIRMATION_OK"
20820,4020992317,4020992366,1,"IOTHUB_CLIENT_CONFIRMATION_OK"
20821,4020992517,4020992627,1,"IOTHUB_CLIENT_CONFIRMATION_OK"
20822,4020992717,4020992762,1,"IOTHUB_CLIENT_CONFIRMATION_OK"
20823,4020992918,4020992956,1,"IOTHUB_CLIENT_CONFIRMATION_OK"
20824,4020993118,4020993237,1,"IOTHUB_CLIENT_CONFIRMATION_OK"
20825,4020993318,4020993367,1,"IOTHUB_CLIENT_CONFIRMATION_OK"
20826,4020993518,4020993585,1,"IOTHUB_CLIENT_CONFIRMATION_OK"
20827,4020993718,4020993848,1,"IOTHUB_CLIENT_CONFIRMATION_OK"
20828,4020993918,4020993957,1,"IOTHUB_CLIENT_CONFIRMATION_OK"
20829,4020994119,4020994162,1,"IOTHUB_CLIENT_CONFIRMATION_OK"
20830,4020994319,4020994427,1,"IOTHUB_CLIENT_CONFIRMATION_OK"
20831,4020994519,4020994558,1,"IOTHUB_CLIENT_CONFIRMATION_OK"
20832,4020994719,4020994761,1,"IOTHUB_CLIENT_CONFIRMATION_OK"
20833,4020994919,4020994966,1,"IOTHUB_CLIENT_CONFIRMATION_OK"
20834,4020995119,4020995256,1,"IOTHUB_CLIENT_CONFIRMATION_OK"
20835,4020995319,4020995379,1,"IOTHUB_CLIENT_CONFIRMATION_OK"
20836,4020995520,4020995579,1,"IOTHUB_CLIENT_CONFIRMATION_OK"
20837,4020995720,4020995763,1,"IOTHUB_CLIENT_CONFIRMATION_OK"
20838,4020995920,4020995966,1,"IOTHUB_CLIENT_CONFIRMATION_OK"
20839,4020996120,4020996172,1,"IOTHUB_CLIENT_CONFIRMATION_OK"
20840,4020996320,4020996493,1,"IOTHUB_CLIENT_CONFIRMATION_OK"
20841,4020996520,4020996567,1,"IOTHUB_CLIENT_CONFIRMATION_OK"
20842,4020996721,4020996764,1,"IOTHUB_CLIENT_CONFIRMATION_OK"
20843,4020996921,4020997103,1,"IOTHUB_CLIENT_CONFIRMATION_OK"
20844,4020997121,4020997225,1,"IOTHUB_CLIENT_CONFIRMATION_OK"
20845,4020997321,4020997374,1,"IOTHUB_CLIENT_CONFIRMATION_OK"
20846,4020997521,4020997564,1,"IOTHUB_CLIENT_CONFIRMATION_OK"
20847,4020997721,4020997761,1,"IOTHUB_CLIENT_CONFIRMATION_OK"
20848,4020997922,4020997968,1,"IOTHUB_CLIENT_CONFIRMATION_OK"
20849,4020998122,4020998187,1,"IOTHUB_CLIENT_CONFIRMATION_OK"
20850,4020998322,4020998375,1,"IOTHUB_CLIENT_CONFIRMATION_OK"
20851,4020998522,4020998558,1,"IOTHUB_CLIENT_CONFIRMATION_OK"
20852,4020998722,4020998762,1,"IOTHUB_CLIENT_CONFIRMATION_OK"
20853,4020998922,4020998965,1,"IOTHUB_CLIENT_CONFIRMATION_OK"
20854,4020999123,4020999216,1,"IOTHUB_CLIENT_CONFIRMATION_OK"
20855,4020999323,4020999360,1,"IOTHUB_CLIENT_CONFIRMATION_OK"
20856,4020999523,4020999572,1,"IOTHUB_CLIENT_CONFIRMATION_OK"
20857,4020999723,4020999758,1,"IOTHUB_CLIENT_CONFIRMATION_OK"
20858,4020999923,4020999974,1,"IOTHUB_CLIENT_CONFIRMATION_OK"
20859,4021000123,4021000168,1,"IOTHUB_CLIENT_CONFIRMATION_OK"
20860,4021000323,4021000363,1,"IOTHUB_CLIENT_CONFIRMATION_OK"
20861,4021000524,4021000588,1,"IOTHUB_CLIENT_CONFIRMATION_OK"
20862,4021000724,4021000760,1,"IOTHUB_CLIENT_CONFIRMATION_OK"
20863,4021000924,4021000992,1,"IOTHUB_CLIENT_CONFIRMATION_OK"
20864,4021001124,4021001158,1,"IOTHUB_CLIENT_CONFIRMATION_OK"
20865,4021001324,4021001367,1,"IOTHUB_CLIENT_CONFIRMATION_OK"
20866,4021001524,4021001612,1,"IOTHUB_CLIENT_CONFIRMATION_OK"
20867,4021001724,4021001773,1,"IOTHUB_CLIENT_CONFIRMATION_OK"
20868,4021001925,4021001966,1,"IOTHUB_CLIENT_CONFIRMATION_OK"
20869,4021002125,4021002207,1,"IOTHUB_CLIENT_CONFIRMATION_OK"
20870,4021002325,4021002368,1,"IOTHUB_CLIENT_CONFIRMATION_OK"
20871,4021002525,4021002572,1,"IOTHUB_CLIENT_CONFIRMATION_OK"
20872,4021002725,4021002763,1,"IOTHUB_CLIENT_CONFIRMATION_OK"
20873,4021002925,4021002962,1,"IOTHUB_CLIENT_CONFIRMATION_OK"
20874,4021003125,4021003163,1,"IOTHUB_CLIENT_CONFIRMATION_OK"
20875,4021003326,4021003364,1,"IOTHUB_CLIENT_CONFIRMATION_OK"
20876,4021003526,4021003587,1,"IOTHUB_CLIENT_CONFIRMATION_OK"
20877,4021003726,4021003761,1,"IOTHUB_CLIENT_CONFIRMATION_OK"
20878,4021003926,4021003967,1,"IOTHUB_CLIENT_CONFIRMATION_OK"
20879,4021004126,4021004258,1,"IOTHUB_CLIENT_CONFIRMATION_OK"
20880,4021004326,4021004368,1,"IOTHUB_CLIENT_CONFIRMATION_OK"
20881,4021004527,4021004569,1,"IOTHUB_CLIENT_CONFIRMATION_OK"
20882,4021004727,4021004868,1,"IOTHUB_CLIENT_CONFIRMATION_OK"
20883,4021004927,4021004968,1,"IOTHUB_CLIENT_CONFIRMATION_OK"
20884,4021005127,4021005171,1,"IOTHUB_CLIENT_CONFIRMATION_OK"
20885,4021005327,4021005467,1,"IOTHUB_CLIENT_CONFIRMATION_OK"
20886,4021005527,4021005584,1,"IOTHUB_CLIENT_CONFIRMATION_OK"
20887,4021005727,4021005882,1,"IOTHUB_CLIENT_CONFIRMATION_OK"
20888,4021005928,4021005981,1,"IOTHUB_CLIENT_CONFIRMATION_OK"
20889,4021006128,4021006173,1,"IOTHUB_CLIENT_CONFIRMATION_OK"
20890,4021006328,4021006375,1,"IOTHUB_CLIENT_CONFIRMATION_OK"
20891,4021006528,4021006574,1,"IOTHUB_CLIENT_CONFIRMATION_OK"
20892,4021006728,4021006787,1,"IOTHUB_CLIENT_CONFIRMATION_OK"
20893,4021006928,4021006984,1,"IOTHUB_CLIENT_CONFIRMATION_OK"
20894,4021007129,4021007164,1,"IOTHUB_CLIENT_CONFIRMATION_OK"
20895,4021007329,4021007375,1,"IOTHUB_CLIENT_CONFIRMATION_OK"
20896,4021007529,4021007568,1,"IOTHUB_CLIENT_CONFIRMATION_OK"
20897,4021007729,4021007769,1,"IOTHUB_CLIENT_CONFIRMATION_OK"
20898,4021007929,4021008295,1,"IOTHUB_CLIENT_CONFIRMATION_OK"
20899,4021008129,4021008334,1,"IOTHUB_CLIENT_CONFIRMATION_OK"
20900,4021008330,4021008370,1,"IOTHUB_CLIENT_CONFIRMATION_OK"
20901,4021008530,4021008573,1,"IOTHUB_CLIENT_CONFIRMATION_OK"
20902,4021008730,4021008774,1,"IOTHUB_CLIENT_CONFIRMATION_OK"
20903,4021008930,4021008971,1,"IOTHUB_CLIENT_CONFIRMATION_OK"
20904,4021009130,4021009173,1,"IOTHUB_CLIENT_CONFIRMATION_OK"
20905,4021009330,4021009365,1,"IOTHUB_CLIENT_CONFIRMATION_OK"
20906,4021009530,4021009576,1,"IOTHUB_CLIENT_CONFIRMATION_OK"
20907,4021009731,4021009771,1,"IOTHUB_CLIENT_CONFIRMATION_OK"
20908,4021009931,4021009985,1,"IOTHUB_CLIENT_CONFIRMATION_OK"
20909,4021010131,4021010176,1,"IOTHUB_CLIENT_CONFIRMATION_OK"
20910,4021010331,4021010377,1,"IOTHUB_CLIENT_CONFIRMATION_OK"
20911,4021010531,4021010569,1,"IOTHUB_CLIENT_CONFIRMATION_OK"
20912,4021010731,4021010770,1,"IOTHUB_CLIENT_CONFIRMATION_OK"
20913,4021010931,4021010968,1,"IOTHUB_CLIENT_CONFIRMATION_OK"
20914,4021011132,4021011169,1,"IOTHUB_CLIENT_CONFIRMATION_OK"
20915,4021011332,4021011376,1,"IOTHUB_CLIENT_CONFIRMATION_OK"
20916,4021011532,4021011585,1,"IOTHUB_CLIENT_CONFIRMATION_OK"
20917,4021011732,4021011837,1,"IOTHUB_CLIENT_CONFIRMATION_OK"
20918,4021011932,4021011994,1,"IOTHUB_CLIENT_CONFIRMATION_OK"
20919,4021012132,4021012177,1,"IOTHUB_CLIENT_CONFIRMATION_OK"
20920,4021012333,4021012423,1,"IOTHUB_CLIENT_CONFIRMATION_OK"
20921,4021012533,4021012625,1,"IOTHUB_CLIENT_CONFIRMATION_OK"
20922,4021012733,4021012780,1,"IOTHUB_CLIENT_CONFIRMATION_OK"
20923,4021012933,4021012971,1,"IOTHUB_CLIENT_CONFIRMATION_OK"
20924,4021013133,4021013236,1,"IOTHUB_CLIENT_CONFIRMATION_OK"
20925,4021013333,4021013375,1,"IOTHUB_CLIENT_CONFIRMATION_OK"
20926,4021013533,4021013587,1,"IOTHUB_CLIENT_CONFIRMATION_OK"
20927,4021013734,4021013845,1,"IOTHUB_CLIENT_CONFIRMATION_OK"
20928,4021013934,4021013970,1,"IOTHUB_CLIENT_CONFIRMATION_OK"
20929,4021014134,4021014229,1,"IOTHUB_CLIENT_CONFIRMATION_OK"
20930,4021014334,4021014376,1,"IOTHUB_CLIENT_CONFIRMATION_OK"
20931,4021014534,4021014569,1,"IOTHUB_CLIENT_CONFIRMATION_OK"
20932,4021014734,4021014772,1,"IOTHUB_CLIENT_CONFIRMATION_OK"
20933,4021014935,4021015023,1,"IOTHUB_CLIENT_CONFIRMATION_OK"
20934,4021015135,4021015181,1,"IOTHUB_CLIENT_CONFIRMATION_OK"
20935,4021015335,4021015389,1,"IOTHUB_CLIENT_CONFIRMATION_OK"
20936,4021015535,4021015593,1,"IOTHUB_CLIENT_CONFIRMATION_OK"
20937,4021015735,4021015882,1,"IOTHUB_CLIENT_CONFIRMATION_OK"
20938,4021015935,4021015974,1,"IOTHUB_CLIENT_CONFIRMATION_OK"
20939,4021016135,4021016181,1,"IOTHUB_CLIENT_CONFIRMATION_OK"
20940,4021016335,4021016486,1,"IOTHUB_CLIENT_CONFIRMATION_OK"
20941,4021016536,4021016573,1,"IOTHUB_CLIENT_CONFIRMATION_OK"
20942,4021016736,4021016776,1,"IOTHUB_CLIENT_CONFIRMATION_OK"
20943,4021016936,4021017083,1,"IOTHUB_CLIENT_CONFIRMATION_OK"
20944,4021017136,4021017189,1,"IOTHUB_CLIENT_CONFIRMATION_OK"
20945,4021017336,4021017376,1,"IOTHUB_CLIENT_CONFIRMATION_OK"
20946,4021017536,4021017583,1,"IOTHUB_CLIENT_CONFIRMATION_OK"
20947,4021017737,4021017782,1,"IOTHUB_CLIENT_CONFIRMATION_OK"
20948,4021017937,4021018080,1,"IOTHUB_CLIENT_CONFIRMATION_OK"
20949,4021018137,4021018193,1,"IOTHUB_CLIENT_CONFIRMATION_OK"
20950,4021018337,4021018376,1,"IOTHUB_CLIENT_CONFIRMATION_OK"
20951,4021018537,4021018573,1,"IOTHUB_CLIENT_CONFIRMATION_OK"
20952,4021018737,4021018772,1,"IOTHUB_CLIENT_CONFIRMATION_OK"
20953,4021018937,4021018981,1,"IOTHUB_CLIENT_CONFIRMATION_OK"
20954,4021019138,4021019181,1,"IOTHUB_CLIENT_CONFIRMATION_OK"
20955,4021019338,4021019376,1,"IOTHUB_CLIENT_CONFIRMATION_OK"
20956,4021019538,4021019745,1,"IOTHUB_CLIENT_CONFIRMATION_OK"
20957,4021019738,4021019775,1,"IOTHUB_CLIENT_CONFIRMATION_OK"
20958,4021019938,4021019980,1,"IOTHUB_CLIENT_CONFIRMATION_OK"
20959,4021020138,4021020173,1,"IOTHUB_CLIENT_CONFIRMATION_OK"
20960,4021020339,4021020376,1,"IOTHUB_CLIENT_CONFIRMATION_OK"
20961,4021020539,4021020577,1,"IOTHUB_CLIENT_CONFIRMATION_OK"
20962,4021020739,4021020788,1,"IOTHUB_CLIENT_CONFIRMATION_OK"
20963,4021020939,4021020988,1,"IOTHUB_CLIENT_CONFIRMATION_OK"
20964,4021021139,4021021187,1,"IOTHUB_CLIENT_CONFIRMATION_OK"
20965,4021021339,4021021382,1,"IOTHUB_CLIENT_CONFIRMATION_OK"
20966,4021021539,4021021585,1,"IOTHUB_CLIENT_CONFIRMATION_OK"
20967,4021021740,4021021837,1,"IOTHUB_CLIENT_CONFIRMATION_OK"
20968,4021021940,4021021975,1,"IOTHUB_CLIENT_CONFIRMATION_OK"
20969,4021022140,4021022187,1,"IOTHUB_CLIENT_CONFIRMATION_OK"
20970,4021022340,4021022377,1,"IOTHUB_CLIENT_CONFIRMATION_OK"
20971,4021022540,4021022575,1,"IOTHUB_CLIENT_CONFIRMATION_OK"
20972,4021022740,4021022783,1,"IOTHUB_CLIENT_CONFIRMATION_OK"
20973,4021022940,4021023002,1,"IOTHUB_CLIENT_CONFIRMATION_OK"
20974,4021023141,4021023199,1,"IOTHUB_CLIENT_CONFIRMATION_OK"
20975,4021023341,4021023389,1,"IOTHUB_CLIENT_CONFIRMATION_OK"
20976,4021023541,4021023710,1,"IOTHUB_CLIENT_CONFIRMATION_OK"
20977,4021023741,4021023775,1,"IOTHUB_CLIENT_CONFIRMATION_OK"
20978,4021023941,4021023985,1,"IOTHUB_CLIENT_CONFIRMATION_OK"
20979,4021024141,4021024184,1,"IOTHUB_CLIENT_CONFIRMATION_OK"
20980,4021024341,4021024376,1,"IOTHUB_CLIENT_CONFIRMATION_OK"
20981,4021024542,4021024577,1,"IOTHUB_CLIENT_CONFIRMATION_OK"
20982,4021024742,4021024783,1,"IOTHUB_CLIENT_CONFIRMATION_OK"
20983,4021024942,4021024984,1,"IOTHUB_CLIENT_CONFIRMATION_OK"
20984,4021025142,4021025189,1,"IOTHUB_CLIENT_CONFIRMATION_OK"
20985,4021025342,4021025515,1,"IOTHUB_CLIENT_CONFIRMATION_OK"
20986,4021025542,4021025607,1,"IOTHUB_CLIENT_CONFIRMATION_OK"
20987,4021025743,4021025787,1,"IOTHUB_CLIENT_CONFIRMATION_OK"
20988,4021025943,4021025999,1,"IOTHUB_CLIENT_CONFIRMATION_OK"
20989,4021026143,4021026177,1,"IOTHUB_CLIENT_CONFIRMATION_OK"
20990,4021026343,4021026386,1,"IOTHUB_CLIENT_CONFIRMATION_OK"
20991,4021026543,4021026588,1,"IOTHUB_CLIENT_CONFIRMATION_OK"
20992,4021026743,4021026790,1,"IOTHUB_CLIENT_CONFIRMATION_OK"
20993,4021026943,4021027001,1,"IOTHUB_CLIENT_CONFIRMATION_OK"
20994,4021027144,4021027191,1,"IOTHUB_CLIENT_CONFIRMATION_OK"
20995,4021027344,4021027394,1,"IOTHUB_CLIENT_CONFIRMATION_OK"
20996,4021027544,4021027589,1,"IOTHUB_CLIENT_CONFIRMATION_OK"
20997,4021027744,4021027807,1,"IOTHUB_CLIENT_CONFIRMATION_OK"
20998,4021027944,4021027984,1,"IOTHUB_CLIENT_CONFIRMATION_OK"
20999,4021028144,4021028190,1,"IOTHUB_CLIENT_CONFIRMATION_OK"
21000,4021028345,4021028484,1,"IOTHUB_CLIENT_CONFIRMATION_OK"
21001,4021028545,4021028582,1,"IOTHUB_CLIENT_CONFIRMATION_OK"
21002,4021028745,4021028792,1,"IOTHUB_CLIENT_CONFIRMATION_OK"
21003,4021028945,4021028990,1,"IOTHUB_CLIENT_CONFIRMATION_OK"
21004,4021029145,4021029210,1,"IOTHUB_CLIENT_CONFIRMATION_OK"
21005,4021029345,4021029788,1,"IOTHUB_CLIENT_CONFIRMATION_OK"
21006,4021029545,4021029864,1,"IOTHUB_CLIENT_CONFIRMATION_OK"
21007,4021029746,4021029908,1,"IOTHUB_CLIENT_CONFIRMATION_OK"
21008,4021029946,4021030074,1,"IOTHUB_CLIENT_CONFIRMATION_OK"
21009,4021030146,4021030196,1,"IOTHUB_CLIENT_CONFIRMATION_OK"
21010,4021030346,4021030414,1,"IOTHUB_CLIENT_CONFIRMATION_OK"
21011,4021030546,4021030631,1,"IOTHUB_CLIENT_CONFIRMATION_OK"
21012,4021030746,4021030793,1,"IOTHUB_CLIENT_CONFIRMATION_OK"
21013,4021030947,4021030988,1,"IOTHUB_CLIENT_CONFIRMATION_OK"
21014,4021031147,4021031254,1,"IOTHUB_CLIENT_CONFIRMATION_OK"
21015,4021031347,4021031395,1,"IOTHUB_CLIENT_CONFIRMATION_OK"
21016,4021031547,4021031625,1,"IOTHUB_CLIENT_CONFIRMATION_OK"
21017,4021031747,4021031785,1,"IOTHUB_CLIENT_CONFIRMATION_OK"
21018,4021031947,4021031999,1,"IOTHUB_CLIENT_CONFIRMATION_OK"
21019,4021032147,4021032202,1,"IOTHUB_CLIENT_CONFIRMATION_OK"
21020,4021032348,4021032386,1,"IOTHUB_CLIENT_CONFIRMATION_OK"
21021,4021032548,4021032709,1,"IOTHUB_CLIENT_CONFIRMATION_OK"
21022,4021032748,4021032947,1,"IOTHUB_CLIENT_CONFIRMATION_OK"
21023,4021032948,4021033002,1,"IOTHUB_CLIENT_CONFIRMATION_OK"
21024,4021033148,4021033189,1,"IOTHUB_CLIENT_CONFIRMATION_OK"
21025,4021033348,4021033406,1,"IOTHUB_CLIENT_CONFIRMATION_OK"
21026,4021033548,4021033627,1,"IOTHUB_CLIENT_CONFIRMATION_OK"
21027,4021033749,4021033792,1,"IOTHUB_CLIENT_CONFIRMATION_OK"
21028,4021033949,4021033985,1,"IOTHUB_CLIENT_CONFIRMATION_OK"
21029,4021034149,4021034183,1,"IOTHUB_CLIENT_CONFIRMATION_OK"
21030,4021034349,4021034391,1,"IOTHUB_CLIENT_CONFIRMATION_OK"
21031,4021034549,4021034624,1,"IOTHUB_CLIENT_CONFIRMATION_OK"
21032,4021034750,4021034792,1,"IOTHUB_CLIENT_CONFIRMATION_OK"
21033,4021034950,4021035001,1,"IOTHUB_CLIENT_CONFIRMATION_OK"
21034,4021035150,4021035255,1,"IOTHUB_CLIENT_CONFIRMATION_OK"
21035,4021035350,4021035401,1,"IOTHUB_CLIENT_CONFIRMATION_OK"
21036,4021035550,4021035593,1,"IOTHUB_CLIENT_CONFIRMATION_OK"
21037,4021035750,4021035905,1,"IOTHUB_CLIENT_CONFIRMATION_OK"
21038,4021035950,4021036021,1,"IOTHUB_CLIENT_CONFIRMATION_OK"
21039,4021036151,4021036208,1,"IOTHUB_CLIENT_CONFIRMATION_OK"
21040,4021036351,4021036509,1,"IOTHUB_CLIENT_CONFIRMATION_OK"
21041,4021036551,4021036615,1,"IOTHUB_CLIENT_CONFIRMATION_OK"
21042,4021036751,4021036862,1,"IOTHUB_CLIENT_CONFIRMATION_OK"
21043,4021036951,4021037108,1,"IOTHUB_CLIENT_CONFIRMATION_OK"
21044,4021037151,4021037204,1,"IOTHUB_CLIENT_CONFIRMATION_OK"
21045,4021037351,4021037389,1,"IOTHUB_CLIENT_CONFIRMATION_OK"
21046,4021037552,4021037605,1,"IOTHUB_CLIENT_CONFIRMATION_OK"
21047,4021037752,4021037801,1,"IOTHUB_CLIENT_CONFIRMATION_OK"
21048,4021037952,4021038053,1,"IOTHUB_CLIENT_CONFIRMATION_OK"
21049,4021038152,4021038204,1,"IOTHUB_CLIENT_CONFIRMATION_OK"
21050,4021038352,4021038392,1,"IOTHUB_CLIENT_CONFIRMATION_OK"
21051,4021038552,4021038599,1,"IOTHUB_CLIENT_CONFIRMATION_OK"
21052,4021038753,4021038796,1,"IOTHUB_CLIENT_CONFIRMATION_OK"
21053,4021038953,4021038996,1,"IOTHUB_CLIENT_CONFIRMATION_OK"
21054,4021039153,4021039237,1,"IOTHUB_CLIENT_CONFIRMATION_OK"
21055,4021039353,4021039395,1,"IOTHUB_CLIENT_CONFIRMATION_OK"
21056,4021039553,4021039769,1,"IOTHUB_CLIENT_CONFIRMATION_OK"
21057,4021039753,4021039804,1,"IOTHUB_CLIENT_CONFIRMATION_OK"
21058,4021039954,4021039988,1,"IOTHUB_CLIENT_CONFIRMATION_OK"
21059,4021040154,4021040196,1,"IOTHUB_CLIENT_CONFIRMATION_OK"
21060,4021040354,4021040414,1,"IOTHUB_CLIENT_CONFIRMATION_OK"
21061,4021040554,4021040589,1,"IOTHUB_CLIENT_CONFIRMATION_OK"
21062,4021040754,4021040795,1,"IOTHUB_CLIENT_CONFIRMATION_OK"
21063,4021040954,4021041000,1,"IOTHUB_CLIENT_CONFIRMATION_OK"
21064,4021041155,4021041201,1,"IOTHUB_CLIENT_CONFIRMATION_OK"
21065,4021041355,4021041397,1,"IOTHUB_CLIENT_CONFIRMATION_OK"
21066,4021041555,4021041596,1,"IOTHUB_CLIENT_CONFIRMATION_OK"
21067,4021041755,4021041815,1,"IOTHUB_CLIENT_CONFIRMATION_OK"
21068,4021041955,4021042010,1,"IOTHUB_CLIENT_CONFIRMATION_OK"
21069,4021042155,4021042223,1,"IOTHUB_CLIENT_CONFIRMATION_OK"
21070,4021042356,4021042402,1,"IOTHUB_CLIENT_CONFIRMATION_OK"
21071,4021042556,4021042608,1,"IOTHUB_CLIENT_CONFIRMATION_OK"
21072,4021042756,4021042798,1,"IOTHUB_CLIENT_CONFIRMATION_OK"
21073,4021042956,4021043082,1,"IOTHUB_CLIENT_CONFIRMATION_OK"
21074,4021043156,4021043188,1,"IOTHUB_CLIENT_CONFIRMATION_OK"
21075,4021043356,4021043398,1,"IOTHUB_CLIENT_CONFIRMATION_OK"
21076,4021043556,4021043619,1,"IOTHUB_CLIENT_CONFIRMATION_OK"
21077,4021043757,4021043837,1,"IOTHUB_CLIENT_CONFIRMATION_OK"
21078,4021043957,4021044005,1,"IOTHUB_CLIENT_CONFIRMATION_OK"
21079,4021044157,4021044190,1,"IOTHUB_CLIENT_CONFIRMATION_OK"
21080,4021044357,4021044402,1,"IOTHUB_CLIENT_CONFIRMATION_OK"
21081,4021044557,4021044597,1,"IOTHUB_CLIENT_CONFIRMATION_OK"
21082,4021044757,4021044813,1,"IOTHUB_CLIENT_CONFIRMATION_OK"
21083,4021044957,4021045021,1,"IOTHUB_CLIENT_CONFIRMATION_OK"
21084,4021045158,4021045210,1,"IOTHUB_CLIENT_CONFIRMATION_OK"
21085,4021045358,4021045555,1,"IOTHUB_CLIENT_CONFIRMATION_OK"
21086,4021045558,4021045603,1,"IOTHUB_CLIENT_CONFIRMATION_OK"
21087,4021045758,4021045797,1,"IOTHUB_CLIENT_CONFIRMATION_OK"
21088,4021045958,4021046016,1,"IOTHUB_CLIENT_CONFIRMATION_OK"
21089,4021046158,4021046205,1,"IOTHUB_CLIENT_CONFIRMATION_OK"
21090,4021046359,4021046402,1,"IOTHUB_CLIENT_CONFIRMATION_OK"
21091,4021046559,4021046598,1,"IOTHUB_CLIENT_CONFIRMATION_OK"
21092,4021046759,4021046838,1,"IOTHUB_CLIENT_CONFIRMATION_OK"
21093,4021046959,4021047001,1,"IOTHUB_CLIENT_CONFIRMATION_OK"
21094,4021047159,4021047195,1,"IOTHUB_CLIENT_CONFIRMATION_OK"
21095,4021047359,4021047411,1,"IOTHUB_CLIENT_CONFIRMATION_OK"
21096,4021047559,4021047596,1,"IOTHUB_CLIENT_CONFIRMATION_OK"
21097,4021047760,4021047797,1,"IOTHUB_CLIENT_CONFIRMATION_OK"
21098,4021047960,4021048016,1,"IOTHUB_CLIENT_CONFIRMATION_OK"
21099,4021048160,4021048219,1,"IOTHUB_CLIENT_CONFIRMATION_OK"
21100,4021048360,4021048394,1,"IOTHUB_CLIENT_CONFIRMATION_OK"
21101,4021048560,4021048602,1,"IOTHUB_CLIENT_CONFIRMATION_OK"
21102,4021048760,4021048806,1,"IOTHUB_CLIENT_CONFIRMATION_OK"
21103,4021048961,4021048995,1,"IOTHUB_CLIENT_CONFIRMATION_OK"
21104,4021049161,4021049220,1,"IOTHUB_CLIENT_CONFIRMATION_OK"
21105,4021049361,4021049441,1,"IOTHUB_CLIENT_CONFIRMATION_OK"
21106,4021049561,4021049604,1,"IOTHUB_CLIENT_CONFIRMATION_OK"
21107,4021049761,4021049807,1,"IOTHUB_CLIENT_CONFIRMATION_OK"
21108,4021049961,4021050074,1,"IOTHUB_CLIENT_CONFIRMATION_OK"
21109,4021050161,4021050215,1,"IOTHUB_CLIENT_CONFIRMATION_OK"
21110,4021050362,4021050408,1,"IOTHUB_CLIENT_CONFIRMATION_OK"
21111,4021050562,4021050670,1,"IOTHUB_CLIENT_CONFIRMATION_OK"
21112,4021050762,4021050807,1,"IOTHUB_CLIENT_CONFIRMATION_OK"
21113,4021050962,4021051003,1,"IOTHUB_CLIENT_CONFIRMATION_OK"
21114,4021051162,4021051312,1,"IOTHUB_CLIENT_CONFIRMATION_OK"
21115,4021051362,4021051400,1,"IOTHUB_CLIENT_CONFIRMATION_OK"
21116,4021051563,4021051652,1,"IOTHUB_CLIENT_CONFIRMATION_OK"
21117,4021051763,4021051811,1,"IOTHUB_CLIENT_CONFIRMATION_OK"
21118,4021051963,4021052007,1,"IOTHUB_CLIENT_CONFIRMATION_OK"
21119,4021052163,4021052226,1,"IOTHUB_CLIENT_CONFIRMATION_OK"
21120,4021052363,4021052400,1,"IOTHUB_CLIENT_CONFIRMATION_OK"
21121,4021052563,4021052599,1,"IOTHUB_CLIENT_CONFIRMATION_OK"
21122,4021052764,4021052855,1,"IOTHUB_CLIENT_CONFIRMATION_OK"
21123,4021052964,4021053009,1,"IOTHUB_CLIENT_CONFIRMATION_OK"
21124,4021053164,4021053209,1,"IOTHUB_CLIENT_CONFIRMATION_OK"
21125,4021053364,4021053403,1,"IOTHUB_CLIENT_CONFIRMATION_OK"
21126,4021053564,4021053625,1,"IOTHUB_CLIENT_CONFIRMATION_OK"
21127,4021053764,4021053827,1,"IOTHUB_CLIENT_CONFIRMATION_OK"
21128,4021053964,4021054011,1,"IOTHUB_CLIENT_CONFIRMATION_OK"
21129,4021054165,4021054326,1,"IOTHUB_CLIENT_CONFIRMATION_OK"
21130,4021054365,4021054421,1,"IOTHUB_CLIENT_CONFIRMATION_OK"
21131,4021054565,4021054616,1,"IOTHUB_CLIENT_CONFIRMATION_OK"
21132,4021054765,4021054807,1,"IOTHUB_CLIENT_CONFIRMATION_OK"
21133,4021054965,4021055009,1,"IOTHUB_CLIENT_CONFIRMATION_OK"
21134,4021055165,4021055214,1,"IOTHUB_CLIENT_CONFIRMATION_OK"
21135,4021055365,4021055422,1,"IOTHUB_CLIENT_CONFIRMATION_OK"
21136,4021055566,4021055604,1,"IOTHUB_CLIENT_CONFIRMATION_OK"
21137,4021055766,4021055825,1,"IOTHUB_CLIENT_CONFIRMATION_OK"
21138,4021055966,4021056002,1,"IOTHUB_CLIENT_CONFIRMATION_OK"
21139,4021056166,4021056213,1,"IOTHUB_CLIENT_CONFIRMATION_OK"
21140,4021056366,4021056427,1,"IOTHUB_CLIENT_CONFIRMATION_OK"
21141,4021056566,4021056619,1,"IOTHUB_CLIENT_CONFIRMATION_OK"
21142,4021056767,4021056819,1,"IOTHUB_CLIENT_CONFIRMATION_OK"
21143,4021056967,4021057029,1,"IOTHUB_CLIENT_CONFIRMATION_OK"
21144,4021057167,4021057226,1,"IOTHUB_CLIENT_CONFIRMATION_OK"
21145,4021057367,4021057411,1,"IOTHUB_CLIENT_CONFIRMATION_OK"
21146,4021057567,4021057606,1,"IOTHUB_CLIENT_CONFIRMATION_OK"
21147,4021057767,4021057851,1,"IOTHUB_CLIENT_CONFIRMATION_OK"
21148,4021057967,4021058009,1,"IOTHUB_CLIENT_CONFIRMATION_OK"
21149,4021058168,4021058208,1,"IOTHUB_CLIENT_CONFIRMATION_OK"
21150,4021058368,4021058536,1,"IOTHUB_CLIENT_CONFIRMATION_OK"
21151,4021058568,4021058719,1,"IOTHUB_CLIENT_CONFIRMATION_OK"
21152,4021058768,4021058815,1,"IOTHUB_CLIENT_CONFIRMATION_OK"
21153,4021058968,4021059090,1,"IOTHUB_CLIENT_CONFIRMATION_OK"
21154,4021059168,4021059214,1,"IOTHUB_CLIENT_CONFIRMATION_OK"
21155,4021059369,4021059426,1,"IOTHUB_CLIENT_CONFIRMATION_OK"
21156,4021059569,4021059705,1,"IOTHUB_CLIENT_CONFIRMATION_OK"
21157,4021059769,4021059823,1,"IOTHUB_CLIENT_CONFIRMATION_OK"
21158,4021059969,4021060003,1,"IOTHUB_CLIENT_CONFIRMATION_OK"
21159,4021060169,4021060269,1,"IOTHUB_CLIENT_CONFIRMATION_OK"
21160,4021060369,4021060407,1,"IOTHUB_CLIENT_CONFIRMATION_OK"
21161,4021060570,4021060637,1,"IOTHUB_CLIENT_CONFIRMATION_OK"
21162,4021060770,4021060805,1,"IOTHUB_CLIENT_CONFIRMATION_OK"
21163,4021060970,4021061007,1,"IOTHUB_CLIENT_CONFIRMATION_OK"
21164,4021061170,4021061253,1,"IOTHUB_CLIENT_CONFIRMATION_OK"
21165,4021061370,4021061414,1,"IOTHUB_CLIENT_CONFIRMATION_OK"
21166,4021061570,4021061614,1,"IOTHUB_CLIENT_CONFIRMATION_OK"
21167,4021061770,4021061807,1,"IOTHUB_CLIENT_CONFIRMATION_OK"
21168,4021061971,4021062018,1,"IOTHUB_CLIENT_CONFIRMATION_OK"
21169,4021062171,4021062208,1,"IOTHUB_CLIENT_CONFIRMATION_OK"
21170,4021062371,4021062410,1,"IOTHUB_CLIENT_CONFIRMATION_OK"
21171,4021062571,4021062609,1,"IOTHUB_CLIENT_CONFIRMATION_OK"
21172,4021062771,4021062820,1,"IOTHUB_CLIENT_CONFIRMATION_OK"
21173,4021062971,4021063013,1,"IOTHUB_CLIENT_CONFIRMATION_OK"
21174,4021063172,4021063216,1,"IOTHUB_CLIENT_CONFIRMATION_OK"
21175,4021063372,4021063412,1,"IOTHUB_CLIENT_CONFIRMATION_OK"
21176,4021063572,4021063732,1,"IOTHUB_CLIENT_CONFIRMATION_OK"
21177,4021063772,4021063824,1,"IOTHUB_CLIENT_CONFIRMATION_OK"
21178,4021063972,4021064011,1,"IOTHUB_CLIENT_CONFIRMATION_OK"
21179,4021064172,4021064221,1,"IOTHUB_CLIENT_CONFIRMATION_OK"
21180,4021064372,4021064411,1,"IOTHUB_CLIENT_CONFIRMATION_OK"
21181,4021064573,4021064609,1,"IOTHUB_CLIENT_CONFIRMATION_OK"
21182,4021064773,4021064813,1,"IOTHUB_CLIENT_CONFIRMATION_OK"
21183,4021064973,4021065009,1,"IOTHUB_CLIENT_CONFIRMATION_OK"
21184,4021065173,4021065209,1,"IOTHUB_CLIENT_CONFIRMATION_OK"
21185,4021065373,4021065427,1,"IOTHUB_CLIENT_CONFIRMATION_OK"
21186,4021065573,4021065674,1,"IOTHUB_CLIENT_CONFIRMATION_OK"
21187,4021065774,4021065831,1,"IOTHUB_CLIENT_CONFIRMATION_OK"
21188,4021065974,4021066012,1,"IOTHUB_CLIENT_CONFIRMATION_OK"
21189,4021066174,4021066213,1,"IOTHUB_CLIENT_CONFIRMATION_OK"
21190,4021066374,4021066413,1,"IOTHUB_CLIENT_CONFIRMATION_OK"
21191,4021066574,4021066611,1,"IOTHUB_CLIENT_CONFIRMATION_OK"
21192,4021066774,4021066872,1,"IOTHUB_CLIENT_CONFIRMATION_OK"
21193,4021066974,4021067013,1,"IOTHUB_CLIENT_CONFIRMATION_OK"
21194,4021067175,4021067217,1,"IOTHUB_CLIENT_CONFIRMATION_OK"
21195,4021067375,4021067479,1,"IOTHUB_CLIENT_CONFIRMATION_OK"
21196,4021067575,4021067609,1,"IOTHUB_CLIENT_CONFIRMATION_OK"
21197,4021067775,4021067811,1,"IOTHUB_CLIENT_CONFIRMATION_OK"
21198,4021067975,4021068134,1,"IOTHUB_CLIENT_CONFIRMATION_OK"
21199,4021068175,4021068220,1,"IOTHUB_CLIENT_CONFIRMATION_OK"
21200,4021068376,4021068470,1,"IOTHUB_CLIENT_CONFIRMATION_OK"
21201,4021068576,4021068663,1,"IOTHUB_CLIENT_CONFIRMATION_OK"
21202,4021068776,4021068860,1,"IOTHUB_CLIENT_CONFIRMATION_OK"
21203,4021068976,4021069012,1,"IOTHUB_CLIENT_CONFIRMATION_OK"
21204,4021069176,4021069212,1,"IOTHUB_CLIENT_CONFIRMATION_OK"
21205,4021069376,4021069462,1,"IOTHUB_CLIENT_CONFIRMATION_OK"
21206,4021069577,4021069625,1,"IOTHUB_CLIENT_CONFIRMATION_OK"
21207,4021069777,4021069824,1,"IOTHUB_CLIENT_CONFIRMATION_OK"
21208,4021069977,4021070079,1,"IOTHUB_CLIENT_CONFIRMATION_OK"
21209,4021070177,4021070225,1,"IOTHUB_CLIENT_CONFIRMATION_OK"
21210,4021070377,4021070425,1,"IOTHUB_CLIENT_CONFIRMATION_OK"
21211,4021070577,4021070692,1,"IOTHUB_CLIENT_CONFIRMATION_OK"
21212,4021070777,4021070837,1,"IOTHUB_CLIENT_CONFIRMATION_OK"
21213,4021070978,4021071052,1,"IOTHUB_CLIENT_CONFIRMATION_OK"
21214,4021071178,4021071320,1,"IOTHUB_CLIENT_CONFIRMATION_OK"
21215,4021071378,4021071417,1,"IOTHUB_CLIENT_CONFIRMATION_OK"
21216,4021071578,4021071616,1,"IOTHUB_CLIENT_CONFIRMATION_OK"
21217,4021071778,4021071829,1,"IOTHUB_CLIENT_CONFIRMATION_OK"
21218,4021071978,4021072018,1,"IOTHUB_CLIENT_CONFIRMATION_OK"
21219,4021072179,4021072227,1,"IOTHUB_CLIENT_CONFIRMATION_OK"
21220,4021072379,4021072424,1,"IOTHUB_CLIENT_CONFIRMATION_OK"
21221,4021072579,4021072634,1,"IOTHUB_CLIENT_CONFIRMATION_OK"
21222,4021072779,4021072823,1,"IOTHUB_CLIENT_CONFIRMATION_OK"
21223,4021072979,4021073041,1,"IOTHUB_CLIENT_CONFIRMATION_OK"
21224,4021073179,4021073362,1,"IOTHUB_CLIENT_CONFIRMATION_OK"
21225,4021073379,4021073428,1,"IOTHUB_CLIENT_CONFIRMATION_OK"
21226,4021073580,4021073643,1,"IOTHUB_CLIENT_CONFIRMATION_OK"
21227,4021073780,4021073944,1,"IOTHUB_CLIENT_CONFIRMATION_OK"
21228,4021073980,4021074020,1,"IOTHUB_CLIENT_CONFIRMATION_OK"
21229,4021074180,4021074232,1,"IOTHUB_CLIENT_CONFIRMATION_OK"
21230,4021074380,4021074426,1,"IOTHUB_CLIENT_CONFIRMATION_OK"
21231,4021074580,4021074620,1,"IOTHUB_CLIENT_CONFIRMATION_OK"
21232,4021074781,4021074816,1,"IOTHUB_CLIENT_CONFIRMATION_OK"
21233,4021074981,4021075027,1,"IOTHUB_CLIENT_CONFIRMATION_OK"
21234,4021075181,4021075224,1,"IOTHUB_CLIENT_CONFIRMATION_OK"
21235,4021075381,4021075415,1,"IOTHUB_CLIENT_CONFIRMATION_OK"
21236,4021075581,4021075622,1,"IOTHUB_CLIENT_CONFIRMATION_OK"
21237,4021075781,4021075861,1,"IOTHUB_CLIENT_CONFIRMATION_OK"
21238,4021075981,4021076033,1,"IOTHUB_CLIENT_CONFIRMATION_OK"
21239,4021076182,4021076221,1,"IOTHUB_CLIENT_CONFIRMATION_OK"
21240,4021076382,4021076517,1,"IOTHUB_CLIENT_CONFIRMATION_OK"
21241,4021076582,4021076667,1,"IOTHUB_CLIENT_CONFIRMATION_OK"
21242,4021076782,4021076822,1,"IOTHUB_CLIENT_CONFIRMATION_OK"
21243,4021076982,4021077092,1,"IOTHUB_CLIENT_CONFIRMATION_OK"
21244,4021077182,4021077244,1,"IOTHUB_CLIENT_CONFIRMATION_OK"
21245,4021077383,4021077432,1,"IOTHUB_CLIENT_CONFIRMATION_OK"
21246,4021077583,4021077628,1,"IOTHUB_CLIENT_CONFIRMATION_OK"
21247,4021077783,4021077821,1,"IOTHUB_CLIENT_CONFIRMATION_OK"
21248,4021077983,4021078036,1,"IOTHUB_CLIENT_CONFIRMATION_OK"
21249,4021078183,4021078223,1,"IOTHUB_CLIENT_CONFIRMATION_OK"
21250,4021078383,4021078423,1,"IOTHUB_CLIENT_CONFIRMATION_OK"
21251,4021078584,4021078626,1,"IOTHUB_CLIENT_CONFIRMATION_OK"
21252,4021078784,4021078823,1,"IOTHUB_CLIENT_CONFIRMATION_OK"
21253,4021078984,4021079038,1,"IOTHUB_CLIENT_CONFIRMATION_OK"
21254,4021079184,4021079224,1,"IOTHUB_CLIENT_CONFIRMATION_OK"
21255,4021079384,4021079422,1,"IOTHUB_CLIENT_CONFIRMATION_OK"
21256,4021079584,4021079760,1,"IOTHUB_CLIENT_CONFIRMATION_OK"
21257,4021079784,4021079839,1,"IOTHUB_CLIENT_CONFIRMATION_OK"
21258,4021079985,4021080021,1,"IOTHUB_CLIENT_CONFIRMATION_OK"
21259,4021080185,4021080228,1,"IOTHUB_CLIENT_CONFIRMATION_OK"
21260,4021080385,4021080423,1,"IOTHUB_CLIENT_CONFIRMATION_OK"
21261,4021080585,4021080642,1,"IOTHUB_CLIENT_CONFIRMATION_OK"
21262,4021080785,4021080822,1,"IOTHUB_CLIENT_CONFIRMATION_OK"
21263,4021080985,4021081028,1,"IOTHUB_CLIENT_CONFIRMATION_OK"
21264,4021081186,4021081230,1,"IOTHUB_CLIENT_CONFIRMATION_OK"
21265,4021081386,4021081434,1,"IOTHUB_CLIENT_CONFIRMATION_OK"
21266,4021081586,4021081633,1,"IOTHUB_CLIENT_CONFIRMATION_OK"
21267,4021081786,4021081824,1,"IOTHUB_CLIENT_CONFIRMATION_OK"
21268,4021081986,4021082032,1,"IOTHUB_CLIENT_CONFIRMATION_OK"
21269,4021082186,4021082294,1,"IOTHUB_CLIENT_CONFIRMATION_OK"
21270,4021082386,4021082425,1,"IOTHUB_CLIENT_CONFIRMATION_OK"
21271,4021082587,4021082624,1,"IOTHUB_CLIENT_CONFIRMATION_OK"
21272,4021082787,4021082840,1,"IOTHUB_CLIENT_CONFIRMATION_OK"
21273,4021082987,4021083029,1,"IOTHUB_CLIENT_CONFIRMATION_OK"
21274,4021083187,4021083302,1,"IOTHUB_CLIENT_CONFIRMATION_OK"
21275,4021083387,4021083437,1,"IOTHUB_CLIENT_CONFIRMATION_OK"
21276,4021083587,4021083630,1,"IOTHUB_CLIENT_CONFIRMATION_OK"
21277,4021083787,4021083830,1,"IOTHUB_CLIENT_CONFIRMATION_OK"
21278,4021083988,4021084024,1,"IOTHUB_CLIENT_CONFIRMATION_OK"
21279,4021084188,4021084225,1,"IOTHUB_CLIENT_CONFIRMATION_OK"
21280,4021084388,4021084432,1,"IOTHUB_CLIENT_CONFIRMATION_OK"
21281,4021084588,4021084634,1,"IOTHUB_CLIENT_CONFIRMATION_OK"
21282,4021084788,4021084947,1,"IOTHUB_CLIENT_CONFIRMATION_OK"
21283,4021084988,4021085024,1,"IOTHUB_CLIENT_CONFIRMATION_OK"
21284,4021085189,4021085225,1,"IOTHUB_CLIENT_CONFIRMATION_OK"
21285,4021085389,4021085547,1,"IOTHUB_CLIENT_CONFIRMATION_OK"
21286,4021085589,4021085634,1,"IOTHUB_CLIENT_CONFIRMATION_OK"
21287,4021085789,4021085824,1,"IOTHUB_CLIENT_CONFIRMATION_OK"
21288,4021085989,4021086032,1,"IOTHUB_CLIENT_CONFIRMATION_OK"
21289,4021086189,4021086234,1,"IOTHUB_CLIENT_CONFIRMATION_OK"
21290,4021086390,4021086441,1,"IOTHUB_CLIENT_CONFIRMATION_OK"
21291,4021086590,4021086636,1,"IOTHUB_CLIENT_CONFIRMATION_OK"
21292,4021086790,4021086830,1,"IOTHUB_CLIENT_CONFIRMATION_OK"
21293,4021086990,4021087045,1,"IOTHUB_CLIENT_CONFIRMATION_OK"
21294,4021087190,4021087233,1,"IOTHUB_CLIENT_CONFIRMATION_OK"
21295,4021087390,4021087444,1,"IOTHUB_CLIENT_CONFIRMATION_OK"
21296,4021087590,4021087670,1,"IOTHUB_CLIENT_CONFIRMATION_OK"
21297,4021087791,4021087829,1,"IOTHUB_CLIENT_CONFIRMATION_OK"
21298,4021087991,4021088031,1,"IOTHUB_CLIENT_CONFIRMATION_OK"
21299,4021088191,4021088240,1,"IOTHUB_CLIENT_CONFIRMATION_OK"
21300,4021088391,4021088548,1,"IOTHUB_CLIENT_CONFIRMATION_OK"
21301,4021088591,4021088636,1,"IOTHUB_CLIENT_CONFIRMATION_OK"
21302,4021088791,4021088840,1,"IOTHUB_CLIENT_CONFIRMATION_OK"
21303,4021088992,4021089057,1,"IOTHUB_CLIENT_CONFIRMATION_OK"
21304,4021089192,4021089270,1,"IOTHUB_CLIENT_CONFIRMATION_OK"
21305,4021089392,4021089431,1,"IOTHUB_CLIENT_CONFIRMATION_OK"
21306,4021089592,4021089633,1,"IOTHUB_CLIENT_CONFIRMATION_OK"
21307,4021089792,4021089832,1,"IOTHUB_CLIENT_CONFIRMATION_OK"
21308,4021089992,4021090083,1,"IOTHUB_CLIENT_CONFIRMATION_OK"
21309,4021090192,4021090230,1,"IOTHUB_CLIENT_CONFIRMATION_OK"
21310,4021090393,4021090449,1,"IOTHUB_CLIENT_CONFIRMATION_OK"
21311,4021090593,4021090687,1,"IOTHUB_CLIENT_CONFIRMATION_OK"
21312,4021090793,4021090827,1,"IOTHUB_CLIENT_CONFIRMATION_OK"
21313,4021090993,4021091030,1,"IOTHUB_CLIENT_CONFIRMATION_OK"
21314,4021091193,4021091293,1,"IOTHUB_CLIENT_CONFIRMATION_OK"
21315,4021091393,4021091479,1,"IOTHUB_CLIENT_CONFIRMATION_OK"
21316,4021091594,4021091637,1,"IOTHUB_CLIENT_CONFIRMATION_OK"
21317,4021091794,4021091828,1,"IOTHUB_CLIENT_CONFIRMATION_OK"
21318,4021091994,4021092042,1,"IOTHUB_CLIENT_CONFIRMATION_OK"
21319,4021092194,4021092251,1,"IOTHUB_CLIENT_CONFIRMATION_OK"
21320,4021092394,4021092440,1,"IOTHUB_CLIENT_CONFIRMATION_OK"
21321,4021092594,4021092638,1,"IOTHUB_CLIENT_CONFIRMATION_OK"
21322,4021092794,4021092836,1,"IOTHUB_CLIENT_CONFIRMATION_OK"
21323,4021092995,4021093080,1,"IOTHUB_CLIENT_CONFIRMATION_OK"
21324,4021093195,4021093404,1,"IOTHUB_CLIENT_CONFIRMATION_OK"
21325,4021093395,4021093450,1,"IOTHUB_CLIENT_CONFIRMATION_OK"
21326,4021093595,4021093666,1,"IOTHUB_CLIENT_CONFIRMATION_OK"
21327,4021093795,4021093841,1,"IOTHUB_CLIENT_CONFIRMATION_OK"
21328,4021093995,4021094041,1,"IOTHUB_CLIENT_CONFIRMATION_OK"
21329,4021094196,4021094245,1,"IOTHUB_CLIENT_CONFIRMATION_OK"
21330,4021094396,4021094440,1,"IOTHUB_CLIENT_CONFIRMATION_OK"
21331,4021094596,4021094640,1,"IOTHUB_CLIENT_CONFIRMATION_OK"
21332,4021094796,4021094857,1,"IOTHUB_CLIENT_CONFIRMATION_OK"
21333,4021094996,4021095033,1,"IOTHUB_CLIENT_CONFIRMATION_OK"
21334,4021095196,4021095261,1,"IOTHUB_CLIENT_CONFIRMATION_OK"
21335,4021095397,4021095431,1,"IOTHUB_CLIENT_CONFIRMATION_OK"
21336,4021095597,4021095642,1,"IOTHUB_CLIENT_CONFIRMATION_OK"
21337,4021095797,4021095843,1,"IOTHUB_CLIENT_CONFIRMATION_OK"
21338,4021095997,4021096054,1,"IOTHUB_CLIENT_CONFIRMATION_OK"
21339,4021096197,4021096249,1,"IOTHUB_CLIENT_CONFIRMATION_OK"
21340,4021096397,4021096474,1,"IOTHUB_CLIENT_CONFIRMATION_OK"
21341,4021096597,4021096631,1,"IOTHUB_CLIENT_CONFIRMATION_OK"
21342,4021096798,4021096845,1,"IOTHUB_CLIENT_CONFIRMATION_OK"
21343,4021096998,4021097079,1,"IOTHUB_CLIENT_CONFIRMATION_OK"
21344,4021097198,4021097232,1,"IOTHUB_CLIENT_CONFIRMATION_OK"
21345,4021097398,4021097437,1,"IOTHUB_CLIENT_CONFIRMATION_OK"
21346,4021097598,4021097653,1,"IOTHUB_CLIENT_CONFIRMATION_OK"
21347,4021097798,4021097841,1,"IOTHUB_CLIENT_CONFIRMATION_OK"
21348,4021097999,4021098054,1,"IOTHUB_CLIENT_CONFIRMATION_OK"
21349,4021098199,4021098232,1,"IOTHUB_CLIENT_CONFIRMATION_OK"
21350,4021098399,4021098556,1,"IOTHUB_CLIENT_CONFIRMATION_OK"
21351,4021098599,4021098637,1,"IOTHUB_CLIENT_CONFIRMATION_OK"
21352,4021098799,4021098842,1,"IOTHUB_CLIENT_CONFIRMATION_OK"
21353,4021098999,4021099134,1,"IOTHUB_CLIENT_CONFIRMATION_OK"
21354,4021099200,4021099304,1,"IOTHUB_CLIENT_CONFIRMATION_OK"
21355,4021099400,4021099438,1,"IOTHUB_CLIENT_CONFIRMATION_OK"
21356,4021099600,4021099719,1,"IOTHUB_CLIENT_CONFIRMATION_OK"
21357,4021099800,4021099872,1,"IOTHUB_CLIENT_CONFIRMATION_OK"
21358,4021100000,4021100060,1,"IOTHUB_CLIENT_CONFIRMATION_OK"
21359,4021100200,4021100260,1,"IOTHUB_CLIENT_CONFIRMATION_OK"
21360,4021100400,4021100435,1,"IOTHUB_CLIENT_CONFIRMATION_OK"
21361,4021100601,4021100637,1,"IOTHUB_CLIENT_CONFIRMATION_OK"
21362,4021100801,4021100839,1,"IOTHUB_CLIENT_CONFIRMATION_OK"
21363,4021101001,4021101064,1,"IOTHUB_CLIENT_CONFIRMATION_OK"
21364,4021101201,4021101250,1,"IOTHUB_CLIENT_CONFIRMATION_OK"
21365,4021101401,4021101439,1,"IOTHUB_CLIENT_CONFIRMATION_OK"
21366,4021101601,4021101642,1,"IOTHUB_CLIENT_CONFIRMATION_OK"
21367,4021101802,4021101851,1,"IOTHUB_CLIENT_CONFIRMATION_OK"
21368,4021102002,4021102147,1,"IOTHUB_CLIENT_CONFIRMATION_OK"
21369,4021102202,4021102403,1,"IOTHUB_CLIENT_CONFIRMATION_OK"
21370,4021102402,4021102441,1,"IOTHUB_CLIENT_CONFIRMATION_OK"
21371,4021102602,4021102643,1,"IOTHUB_CLIENT_CONFIRMATION_OK"
21372,4021102802,4021102838,1,"IOTHUB_CLIENT_CONFIRMATION_OK"
21373,4021103003,4021103046,1,"IOTHUB_CLIENT_CONFIRMATION_OK"
21374,4021103203,4021103244,1,"IOTHUB_CLIENT_CONFIRMATION_OK"
21375,4021103403,4021103459,1,"IOTHUB_CLIENT_CONFIRMATION_OK"
21376,4021103603,4021103661,1,"IOTHUB_CLIENT_CONFIRMATION_OK"
21377,4021103803,4021103842,1,"IOTHUB_CLIENT_CONFIRMATION_OK"
21378,4021104003,4021104126,1,"IOTHUB_CLIENT_CONFIRMATION_OK"
21379,4021104203,4021104270,1,"IOTHUB_CLIENT_CONFIRMATION_OK"
21380,4021104404,4021104528,1,"IOTHUB_CLIENT_CONFIRMATION_OK"
21381,4021104604,4021104645,1,"IOTHUB_CLIENT_CONFIRMATION_OK"
21382,4021104804,4021104849,1,"IOTHUB_CLIENT_CONFIRMATION_OK"
21383,4021105004,4021105043,1,"IOTHUB_CLIENT_CONFIRMATION_OK"
21384,4021105204,4021105254,1,"IOTHUB_CLIENT_CONFIRMATION_OK"
21385,4021105404,4021105453,1,"IOTHUB_CLIENT_CONFIRMATION_OK"
21386,4021105605,4021105763,1,"IOTHUB_CLIENT_CONFIRMATION_OK"
21387,4021105805,4021105864,1,"IOTHUB_CLIENT_CONFIRMATION_OK"
21388,4021106005,4021106041,1,"IOTHUB_CLIENT_CONFIRMATION_OK"
21389,4021106205,4021106249,1,"IOTHUB_CLIENT_CONFIRMATION_OK"
21390,4021106405,4021106449,1,"IOTHUB_CLIENT_CONFIRMATION_OK"
21391,4021106605,4021106643,1,"IOTHUB_CLIENT_CONFIRMATION_OK"
21392,4021106805,4021106850,1,"IOTHUB_CLIENT_CONFIRMATION_OK"
21393,4021107006,4021107057,1,"IOTHUB_CLIENT_CONFIRMATION_OK"
21394,4021107206,4021107252,1,"IOTHUB_CLIENT_CONFIRMATION_OK"
21395,4021107406,4021107464,1,"IOTHUB_CLIENT_CONFIRMATION_OK"
21396,4021107606,4021107684,1,"IOTHUB_CLIENT_CONFIRMATION_OK"
21397,4021107806,4021107880,1,"IOTHUB_CLIENT_CONFIRMATION_OK"
21398,4021108006,4021108192,1,"IOTHUB_CLIENT_CONFIRMATION_OK"
21399,4021108206,4021108247,1,"IOTHUB_CLIENT_CONFIRMATION_OK"
21400,4021108407,4021108446,1,"IOTHUB_CLIENT_CONFIRMATION_OK"
21401,4021108607,4021108652,1,"IOTHUB_CLIENT_CONFIRMATION_OK"
21402,4021108807,4021108877,1,"IOTHUB_CLIENT_CONFIRMATION_OK"
21403,4021109007,4021109044,1,"IOTHUB_CLIENT_CONFIRMATION_OK"
21404,4021109207,4021109248,1,"IOTHUB_CLIENT_CONFIRMATION_OK"
21405,4021109407,4021109535,1,"IOTHUB_CLIENT_CONFIRMATION_OK"
21406,4021109608,4021109673,1,"IOTHUB_CLIENT_CONFIRMATION_OK"
21407,4021109808,4021109849,1,"IOTHUB_CLIENT_CONFIRMATION_OK"
21408,4021110008,4021110104,1,"IOTHUB_CLIENT_CONFIRMATION_OK"
21409,4021110208,4021110280,1,"IOTHUB_CLIENT_CONFIRMATION_OK"
21410,4021110408,4021110446,1,"IOTHUB_CLIENT_CONFIRMATION_OK"
21411,4021110608,4021110706,1,"IOTHUB_CLIENT_CONFIRMATION_OK"
21412,4021110809,4021110842,1,"IOTHUB_CLIENT_CONFIRMATION_OK"
21413,4021111009,4021111054,1,"IOTHUB_CLIENT_CONFIRMATION_OK"
21414,4021111209,4021111306,1,"IOTHUB_CLIENT_CONFIRMATION_OK"
21415,4021111409,4021111457,1,"IOTHUB_CLIENT_CONFIRMATION_OK"
21416,4021111609,4021111663,1,"IOTHUB_CLIENT_CONFIRMATION_OK"
21417,4021111809,4021111847,1,"IOTHUB_CLIENT_CONFIRMATION_OK"
21418,4021112009,4021112047,1,"IOTHUB_CLIENT_CONFIRMATION_OK"
21419,4021112210,4021112269,1,"IOTHUB_CLIENT_CONFIRMATION_OK"
21420,4021112410,4021112458,1,"IOTHUB_CLIENT_CONFIRMATION_OK"
21421,4021112610,4021112652,1,"IOTHUB_CLIENT_CONFIRMATION_OK"
21422,4021112810,4021112862,1,"IOTHUB_CLIENT_CONFIRMATION_OK"
21423,4021113010,4021113050,1,"IOTHUB_CLIENT_CONFIRMATION_OK"
21424,4021113210,4021113351,1,"IOTHUB_CLIENT_CONFIRMATION_OK"
21425,4021113411,4021113457,1,"IOTHUB_CLIENT_CONFIRMATION_OK"
21426,4021113611,4021113672,1,"IOTHUB_CLIENT_CONFIRMATION_OK"
21427,4021113811,4021113846,1,"IOTHUB_CLIENT_CONFIRMATION_OK"
21428,4021114011,4021114047,1,"IOTHUB_CLIENT_CONFIRMATION_OK"
21429,4021114211,4021114246,1,"IOTHUB_CLIENT_CONFIRMATION_OK"
21430,4021114411,4021114457,1,"IOTHUB_CLIENT_CONFIRMATION_OK"
21431,4021114612,4021114656,1,"IOTHUB_CLIENT_CONFIRMATION_OK"
21432,4021114812,4021114865,1,"IOTHUB_CLIENT_CONFIRMATION_OK"
21433,4021115012,4021115055,1,"IOTHUB_CLIENT_CONFIRMATION_OK"
21434,4021115212,4021115271,1,"IOTHUB_CLIENT_CONFIRMATION_OK"
21435,4021115412,4021115450,1,"IOTHUB_CLIENT_CONFIRMATION_OK"
21436,4021115612,4021115651,1,"IOTHUB_CLIENT_CONFIRMATION_OK"
21437,4021115812,4021115876,1,"IOTHUB_CLIENT_CONFIRMATION_OK"
21438,4021116013,4021116052,1,"IOTHUB_CLIENT_CONFIRMATION_OK"
21439,4021116213,4021116255,1,"IOTHUB_CLIENT_CONFIRMATION_OK"
21440,4021116413,4021116501,1,"IOTHUB_CLIENT_CONFIRMATION_OK"
21441,4021116613,4021116663,1,"IOTHUB_CLIENT_CONFIRMATION_OK"
21442,4021116813,4021116851,1,"IOTHUB_CLIENT_CONFIRMATION_OK"
21443,4021117013,4021117103,1,"IOTHUB_CLIENT_CONFIRMATION_OK"
21444,4021117214,4021117266,1,"IOTHUB_CLIENT_CONFIRMATION_OK"
21445,4021117414,4021117465,1,"IOTHUB_CLIENT_CONFIRMATION_OK"
21446,4021117614,4021117658,1,"IOTHUB_CLIENT_CONFIRMATION_OK"
21447,4021117814,4021117851,1,"IOTHUB_CLIENT_CONFIRMATION_OK"
21448,4021118014,4021118053,1,"IOTHUB_CLIENT_CONFIRMATION_OK"
21449,4021118214,4021118312,1,"IOTHUB_CLIENT_CONFIRMATION_OK"
21450,4021118414,4021118456,1,"IOTHUB_CLIENT_CONFIRMATION_OK"
21451,4021118615,4021118666,1,"IOTHUB_CLIENT_CONFIRMATION_OK"
21452,4021118815,4021118859,1,"IOTHUB_CLIENT_CONFIRMATION_OK"
21453,4021119015,4021119167,1,"IOTHUB_CLIENT_CONFIRMATION_OK"
21454,4021119215,4021119267,1,"IOTHUB_CLIENT_CONFIRMATION_OK"
21455,4021119415,4021119452,1,"IOTHUB_CLIENT_CONFIRMATION_OK"
21456,4021119615,4021119769,1,"IOTHUB_CLIENT_CONFIRMATION_OK"
21457,4021119816,4021119859,1,"IOTHUB_CLIENT_CONFIRMATION_OK"
21458,4021120016,4021120078,1,"IOTHUB_CLIENT_CONFIRMATION_OK"
21459,4021120216,4021120259,1,"IOTHUB_CLIENT_CONFIRMATION_OK"
21460,4021120416,4021120565,1,"IOTHUB_CLIENT_CONFIRMATION_OK"
21461,4021120616,4021120660,1,"IOTHUB_CLIENT_CONFIRMATION_OK"
21462,4021120816,4021120858,1,"IOTHUB_CLIENT_CONFIRMATION_OK"
21463,4021121016,4021121053,1,"IOTHUB_CLIENT_CONFIRMATION_OK"
21464,4021121217,4021121269,1,"IOTHUB_CLIENT_CONFIRMATION_OK"
21465,4021121417,4021121455,1,"IOTHUB_CLIENT_CONFIRMATION_OK"
21466,4021121617,4021121652,1,"IOTHUB_CLIENT_CONFIRMATION_OK"
21467,4021121817,4021121863,1,"IOTHUB_CLIENT_CONFIRMATION_OK"
21468,4021122017,4021122054,1,"IOTHUB_CLIENT_CONFIRMATION_OK"
21469,4021122217,4021122256,1,"IOTHUB_CLIENT_CONFIRMATION_OK"
21470,4021122417,4021122458,1,"IOTHUB_CLIENT_CONFIRMATION_OK"
21471,4021122618,4021122687,1,"IOTHUB_CLIENT_CONFIRMATION_OK"
21472,4021122818,4021122854,1,"IOTHUB_CLIENT_CONFIRMATION_OK"
21473,4021123018,4021123146,1,"IOTHUB_CLIENT_CONFIRMATION_OK"
21474,4021123218,4021123257,1,"IOTHUB_CLIENT_CONFIRMATION_OK"
21475,4021123418,4021123469,1,"IOTHUB_CLIENT_CONFIRMATION_OK"
21476,4021123618,4021123659,1,"IOTHUB_CLIENT_CONFIRMATION_OK"
21477,4021123818,4021123859,1,"IOTHUB_CLIENT_CONFIRMATION_OK"
21478,4021124019,4021124054,1,"IOTHUB_CLIENT_CONFIRMATION_OK"
21479,4021124219,4021124259,1,"IOTHUB_CLIENT_CONFIRMATION_OK"
21480,4021124419,4021124485,1,"IOTHUB_CLIENT_CONFIRMATION_OK"
21481,4021124619,4021124659,1,"IOTHUB_CLIENT_CONFIRMATION_OK"
21482,4021124819,4021124903,1,"IOTHUB_CLIENT_CONFIRMATION_OK"
21483,4021125019,4021125084,1,"IOTHUB_CLIENT_CONFIRMATION_OK"
21484,4021125220,4021125283,1,"IOTHUB_CLIENT_CONFIRMATION_OK"
21485,4021125420,4021125508,1,"IOTHUB_CLIENT_CONFIRMATION_OK"
21486,4021125620,4021125658,1,"IOTHUB_CLIENT_CONFIRMATION_OK"
21487,4021125820,4021125865,1,"IOTHUB_CLIENT_CONFIRMATION_OK"
21488,4021126020,4021126055,1,"IOTHUB_CLIENT_CONFIRMATION_OK"
21489,4021126220,4021126275,1,"IOTHUB_CLIENT_CONFIRMATION_OK"
21490,4021126421,4021126483,1,"IOTHUB_CLIENT_CONFIRMATION_OK"
21491,4021126621,4021126664,1,"IOTHUB_CLIENT_CONFIRMATION_OK"
21492,4021126821,4021126925,1,"IOTHUB_CLIENT_CONFIRMATION_OK"
21493,4021127021,4021127058,1,"IOTHUB_CLIENT_CONFIRMATION_OK"
21494,4021127221,4021127271,1,"IOTHUB_CLIENT_CONFIRMATION_OK"
21495,4021127421,4021127543,1,"IOTHUB_CLIENT_CONFIRMATION_OK"
21496,4021127622,4021127677,1,"IOTHUB_CLIENT_CONFIRMATION_OK"
21497,4021127822,4021127889,1,"IOTHUB_CLIENT_CONFIRMATION_OK"
21498,4021128022,4021128166,1,"IOTHUB_CLIENT_CONFIRMATION_OK"
21499,4021128222,4021128270,1,"IOTHUB_CLIENT_CONFIRMATION_OK"
21500,4021128422,4021128463,1,"IOTHUB_CLIENT_CONFIRMATION_OK"
21501,4021128622,4021128672,1,"IOTHUB_CLIENT_CONFIRMATION_OK"
21502,4021128822,4021128946,1,"IOTHUB_CLIENT_CONFIRMATION_OK"
21503,4021129023,4021129073,1,"IOTHUB_CLIENT_CONFIRMATION_OK"
21504,4021129223,4021129265,1,"IOTHUB_CLIENT_CONFIRMATION_OK"
21505,4021129423,4021129470,1,"IOTHUB_CLIENT_CONFIRMATION_OK"
21506,4021129623,4021129667,1,"IOTHUB_CLIENT_CONFIRMATION_OK"
21507,4021129823,4021129869,1,"IOTHUB_CLIENT_CONFIRMATION_OK"
21508,4021130023,4021130083,1,"IOTHUB_CLIENT_CONFIRMATION_OK"
21509,4021130224,4021130261,1,"IOTHUB_CLIENT_CONFIRMATION_OK"
21510,4021130424,4021130465,1,"IOTHUB_CLIENT_CONFIRMATION_OK"
21511,4021130624,4021130804,1,"IOTHUB_CLIENT_CONFIRMATION_OK"
21512,4021130824,4021130892,1,"IOTHUB_CLIENT_CONFIRMATION_OK"
21513,4021131024,4021131065,1,"IOTHUB_CLIENT_CONFIRMATION_OK"
21514,4021131224,4021131492,1,"IOTHUB_CLIENT_CONFIRMATION_OK"
21515,4021131425,4021131534,1,"IOTHUB_CLIENT_CONFIRMATION_OK"
21516,4021131625,4021131672,1,"IOTHUB_CLIENT_CONFIRMATION_OK"
21517,4021131825,4021131869,1,"IOTHUB_CLIENT_CONFIRMATION_OK"
21518,4021132025,4021132061,1,"IOTHUB_CLIENT_CONFIRMATION_OK"
21519,4021132225,4021132258,1,"IOTHUB_CLIENT_CONFIRMATION_OK"
21520,4021132425,4021132467,1,"IOTHUB_CLIENT_CONFIRMATION_OK"
21521,4021132625,4021132660,1,"IOTHUB_CLIENT_CONFIRMATION_OK"
21522,4021132826,4021132868,1,"IOTHUB_CLIENT_CONFIRMATION_OK"
21523,4021133026,4021133072,1,"IOTHUB_CLIENT_CONFIRMATION_OK"
21524,4021133226,4021133278,1,"IOTHUB_CLIENT_CONFIRMATION_OK"
21525,4021133426,4021133473,1,"IOTHUB_CLIENT_CONFIRMATION_OK"
21526,4021133626,4021133668,1,"IOTHUB_CLIENT_CONFIRMATION_OK"
21527,4021133826,4021133873,1,"IOTHUB_CLIENT_CONFIRMATION_OK"
21528,4021134026,4021134067,1,"IOTHUB_CLIENT_CONFIRMATION_OK"
21529,4021134227,4021134277,1,"IOTHUB_CLIENT_CONFIRMATION_OK"
21530,4021134427,4021134466,1,"IOTHUB_CLIENT_CONFIRMATION_OK"
21531,4021134627,4021134689,1,"IOTHUB_CLIENT_CONFIRMATION_OK"
21532,4021134827,4021134862,1,"IOTHUB_CLIENT_CONFIRMATION_OK"
21533,4021135027,4021135182,1,"IOTHUB_CLIENT_CONFIRMATION_OK"
21534,4021135227,4021135389,1,"IOTHUB_CLIENT_CONFIRMATION_OK"
21535,4021135428,4021135478,1,"IOTHUB_CLIENT_CONFIRMATION_OK"
21536,4021135628,4021135674,1,"IOTHUB_CLIENT_CONFIRMATION_OK"
21537,4021135828,4021135889,1,"IOTHUB_CLIENT_CONFIRMATION_OK"
21538,4021136028,4021136068,1,"IOTHUB_CLIENT_CONFIRMATION_OK"
21539,4021136228,4021136265,1,"IOTHUB_CLIENT_CONFIRMATION_OK"
21540,4021136428,4021136581,1,"IOTHUB_CLIENT_CONFIRMATION_OK"
21541,4021136628,4021136669,1,"IOTHUB_CLIENT_CONFIRMATION_OK"
21542,4021136829,4021136877,1,"IOTHUB_CLIENT_CONFIRMATION_OK"
21543,4021137029,4021137081,1,"IOTHUB_CLIENT_CONFIRMATION_OK"
21544,4021137229,4021137269,1,"IOTHUB_CLIENT_CONFIRMATION_OK"
21545,4021137429,4021137465,1,"IOTHUB_CLIENT_CONFIRMATION_OK"
21546,4021137629,4021137667,1,"IOTHUB_CLIENT_CONFIRMATION_OK"
21547,4021137829,4021137866,1,"IOTHUB_CLIENT_CONFIRMATION_OK"
21548,4021138030,4021138075,1,"IOTHUB_CLIENT_CONFIRMATION_OK"
21549,4021138230,4021138288,1,"IOTHUB_CLIENT_CONFIRMATION_OK"
21550,4021138430,4021138486,1,"IOTHUB_CLIENT_CONFIRMATION_OK"
21551,4021138630,4021138676,1,"IOTHUB_CLIENT_CONFIRMATION_OK"
21552,4021138830,4021138876,1,"IOTHUB_CLIENT_CONFIRMATION_OK"
21553,4021139030,4021139112,1,"IOTHUB_CLIENT_CONFIRMATION_OK"
21554,4021139230,4021139273,1,"IOTHUB_CLIENT_CONFIRMATION_OK"
21555,4021139431,4021139475,1,"IOTHUB_CLIENT_CONFIRMATION_OK"
21556,4021139631,4021139715,1,"IOTHUB_CLIENT_CONFIRMATION_OK"
21557,4021139831,4021139869,1,"IOTHUB_CLIENT_CONFIRMATION_OK"
21558,4021140031,4021140068,1,"IOTHUB_CLIENT_CONFIRMATION_OK"
21559,4021140231,4021140270,1,"IOTHUB_CLIENT_CONFIRMATION_OK"
21560,4021140431,4021140468,1,"IOTHUB_CLIENT_CONFIRMATION_OK"
21561,4021140632,4021140693,1,"IOTHUB_CLIENT_CONFIRMATION_OK"
21562,4021140832,4021140866,1,"IOTHUB_CLIENT_CONFIRMATION_OK"
21563,4021141032,4021141070,1,"IOTHUB_CLIENT_CONFIRMATION_OK"
21564,4021141232,4021141267,1,"IOTHUB_CLIENT_CONFIRMATION_OK"
21565,4021141432,4021141471,1,"IOTHUB_CLIENT_CONFIRMATION_OK"
21566,4021141632,4021141685,1,"IOTHUB_CLIENT_CONFIRMATION_OK"
21567,4021141833,4021141869,1,"IOTHUB_CLIENT_CONFIRMATION_OK"
21568,4021142033,4021142071,1,"IOTHUB_CLIENT_CONFIRMATION_OK"
21569,4021142233,4021142275,1,"IOTHUB_CLIENT_CONFIRMATION_OK"
21570,4021142433,4021142486,1,"IOTHUB_CLIENT_CONFIRMATION_OK"
21571,4021142633,4021142685,1,"IOTHUB_CLIENT_CONFIRMATION_OK"
21572,4021142833,4021142887,1,"IOTHUB_CLIENT_CONFIRMATION_OK"
21573,4021143033,4021143084,1,"IOTHUB_CLIENT_CONFIRMATION_OK"
21574,4021143234,4021143279,1,"IOTHUB_CLIENT_CONFIRMATION_OK"
21575,4021143434,4021143492,1,"IOTHUB_CLIENT_CONFIRMATION_OK"
21576,4021143634,4021143687,1,"IOTHUB_CLIENT_CONFIRMATION_OK"
21577,4021143834,4021143912,1,"IOTHUB_CLIENT_CONFIRMATION_OK"
21578,4021144034,4021144155,1,"IOTHUB_CLIENT_CONFIRMATION_OK"
21579,4021144234,4021144302,1,"IOTHUB_CLIENT_CONFIRMATION_OK"
21580,4021144435,4021144534,1,"IOTHUB_CLIENT_CONFIRMATION_OK"
21581,4021144635,4021144673,1,"IOTHUB_CLIENT_CONFIRMATION_OK"
21582,4021144835,4021144910,1,"IOTHUB_CLIENT_CONFIRMATION_OK"
21583,4021145035,4021145077,1,"IOTHUB_CLIENT_CONFIRMATION_OK"
21584,4021145235,4021145269,1,"IOTHUB_CLIENT_CONFIRMATION_OK"
21585,4021145435,4021145560,1,"IOTHUB_CLIENT_CONFIRMATION_OK"
21586,4021145636,4021145679,1,"IOTHUB_CLIENT_CONFIRMATION_OK"
21587,4021145836,4021145876,1,"IOTHUB_CLIENT_CONFIRMATION_OK"
21588,4021146036,4021146093,1,"IOTHUB_CLIENT_CONFIRMATION_OK"
21589,4021146236,4021146339,1,"IOTHUB_CLIENT_CONFIRMATION_OK"
21590,4021146436,4021146510,1,"IOTHUB_CLIENT_CONFIRMATION_OK"
21591,4021146637,4021146682,1,"IOTHUB_CLIENT_CONFIRMATION_OK"
21592,4021146837,4021146902,1,"IOTHUB_CLIENT_CONFIRMATION_OK"
21593,4021147037,4021147101,1,"IOTHUB_CLIENT_CONFIRMATION_OK"
21594,4021147237,4021147277,1,"IOTHUB_CLIENT_CONFIRMATION_OK"
21595,4021147437,4021147672,1,"IOTHUB_CLIENT_CONFIRMATION_OK"
21596,4021147637,4021147710,1,"IOTHUB_CLIENT_CONFIRMATION_OK"
21597,4021147838,4021147977,1,"IOTHUB_CLIENT_CONFIRMATION_OK"
21598,4021148038,4021148080,1,"IOTHUB_CLIENT_CONFIRMATION_OK"
21599,4021148238,4021148302,1,"IOTHUB_CLIENT_CONFIRMATION_OK"
21600,4021148438,4021148495,1,"IOTHUB_CLIENT_CONFIRMATION_OK"
21601,4021148638,4021148676,1,"IOTHUB_CLIENT_CONFIRMATION_OK"
21602,4021148838,4021148888,1,"IOTHUB_CLIENT_CONFIRMATION_OK"
21603,4021149039,4021149072,1,"IOTHUB_CLIENT_CONFIRMATION_OK"
21604,4021149239,4021149289,1,"IOTHUB_CLIENT_CONFIRMATION_OK"
21605,4021149439,4021149488,1,"IOTHUB_CLIENT_CONFIRMATION_OK"
21606,4021149639,4021149683,1,"IOTHUB_CLIENT_CONFIRMATION_OK"
21607,4021149839,4021149872,1,"IOTHUB_CLIENT_CONFIRMATION_OK"
21608,4021150039,4021150104,1,"IOTHUB_CLIENT_CONFIRMATION_OK"
21609,4021150239,4021150305,1,"IOTHUB_CLIENT_CONFIRMATION_OK"
21610,4021150440,4021150482,1,"IOTHUB_CLIENT_CONFIRMATION_OK"
21611,4021150640,4021150712,1,"IOTHUB_CLIENT_CONFIRMATION_OK"
21612,4021150840,4021150884,1,"IOTHUB_CLIENT_CONFIRMATION_OK"
21613,4021151040,4021151087,1,"IOTHUB_CLIENT_CONFIRMATION_OK"
21614,4021151240,4021151325,1,"IOTHUB_CLIENT_CONFIRMATION_OK"
21615,4021151440,4021151474,1,"IOTHUB_CLIENT_CONFIRMATION_OK"
21616,4021151641,4021151677,1,"IOTHUB_CLIENT_CONFIRMATION_OK"
21617,4021151841,4021151884,1,"IOTHUB_CLIENT_CONFIRMATION_OK"
21618,4021152041,4021152088,1,"IOTHUB_CLIENT_CONFIRMATION_OK"
21619,4021152241,4021152288,1,"IOTHUB_CLIENT_CONFIRMATION_OK"
21620,4021152441,4021152491,1,"IOTHUB_CLIENT_CONFIRMATION_OK"
21621,4021152641,4021152747,1,"IOTHUB_CLIENT_CONFIRMATION_OK"
21622,4021152842,4021152876,1,"IOTHUB_CLIENT_CONFIRMATION_OK"
21623,4021153042,4021153097,1,"IOTHUB_CLIENT_CONFIRMATION_OK"
21624,4021153242,4021153703,1,"IOTHUB_CLIENT_CONFIRMATION_OK"
21625,4021153442,4021153804,1,"IOTHUB_CLIENT_CONFIRMATION_OK"
21626,4021153642,4021153900,1,"IOTHUB_CLIENT_CONFIRMATION_OK"
21627,4021153842,4021153962,1,"IOTHUB_CLIENT_CONFIRMATION_OK"
21628,4021154042,4021154081,1,"IOTHUB_CLIENT_CONFIRMATION_OK"
21629,4021154243,4021154289,1,"IOTHUB_CLIENT_CONFIRMATION_OK"
21630,4021154443,4021154489,1,"IOTHUB_CLIENT_CONFIRMATION_OK"
21631,4021154643,4021154719,1,"IOTHUB_CLIENT_CONFIRMATION_OK"
21632,4021154843,4021154895,1,"IOTHUB_CLIENT_CONFIRMATION_OK"
21633,4021155043,4021155090,1,"IOTHUB_CLIENT_CONFIRMATION_OK"
21634,4021155243,4021155304,1,"IOTHUB_CLIENT_CONFIRMATION_OK"
21635,4021155444,4021155483,1,"IOTHUB_CLIENT_CONFIRMATION_OK"
21636,4021155644,4021155716,1,"IOTHUB_CLIENT_CONFIRMATION_OK"
21637,4021155844,4021155889,1,"IOTHUB_CLIENT_CONFIRMATION_OK"
21638,4021156044,4021156152,1,"IOTHUB_CLIENT_CONFIRMATION_OK"
21639,4021156244,4021156279,1,"IOTHUB_CLIENT_CONFIRMATION_OK"
21640,4021156444,4021156648,1,"IOTHUB_CLIENT_CONFIRMATION_OK"
21641,4021156645,4021156688,1,"IOTHUB_CLIENT_CONFIRMATION_OK"
21642,4021156845,4021156902,1,"IOTHUB_CLIENT_CONFIRMATION_OK"
21643,4021157045,4021157091,1,"IOTHUB_CLIENT_CONFIRMATION_OK"
21644,4021157245,4021157279,1,"IOTHUB_CLIENT_CONFIRMATION_OK"
21645,4021157445,4021157501,1,"IOTHUB_CLIENT_CONFIRMATION_OK"
21646,4021157645,4021157683,1,"IOTHUB_CLIENT_CONFIRMATION_OK"
21647,4021157845,4021157888,1,"IOTHUB_CLIENT_CONFIRMATION_OK"
21648,4021158046,4021158091,1,"IOTHUB_CLIENT_CONFIRMATION_OK"
21649,4021158246,4021158292,1,"IOTHUB_CLIENT_CONFIRMATION_OK"
21650,4021158446,4021158500,1,"IOTHUB_CLIENT_CONFIRMATION_OK"
21651,4021158646,4021158691,1,"IOTHUB_CLIENT_CONFIRMATION_OK"
21652,4021158846,4021158911,1,"IOTHUB_CLIENT_CONFIRMATION_OK"
21653,4021159046,4021159105,1,"IOTHUB_CLIENT_CONFIRMATION_OK"
21654,4021159246,4021159295,1,"IOTHUB_CLIENT_CONFIRMATION_OK"
21655,4021159447,4021159490,1,"IOTHUB_CLIENT_CONFIRMATION_OK"
21656,4021159647,4021159698,1,"IOTHUB_CLIENT_CONFIRMATION_OK"
21657,4021159847,4021159889,1,"IOTHUB_CLIENT_CONFIRMATION_OK"
21658,4021160047,4021160094,1,"IOTHUB_CLIENT_CONFIRMATION_OK"
21659,4021160247,4021160297,1,"IOTHUB_CLIENT_CONFIRMATION_OK"
21660,4021160447,4021160509,1,"IOTHUB_CLIENT_CONFIRMATION_OK"
21661,4021160648,4021160698,1,"IOTHUB_CLIENT_CONFIRMATION_OK"
21662,4021160848,4021160939,1,"IOTHUB_CLIENT_CONFIRMATION_OK"
21663,4021161048,4021161162,1,"IOTHUB_CLIENT_CONFIRMATION_OK"
21664,4021161248,4021161291,1,"IOTHUB_CLIENT_CONFIRMATION_OK"
21665,4021161448,4021161485,1,"IOTHUB_CLIENT_CONFIRMATION_OK"
21666,4021161648,4021161745,1,"IOTHUB_CLIENT_CONFIRMATION_OK"
21667,4021161848,4021161904,1,"IOTHUB_CLIENT_CONFIRMATION_OK"
21668,4021162049,4021162176,1,"IOTHUB_CLIENT_CONFIRMATION_OK"
21669,4021162249,4021162377,1,"IOTHUB_CLIENT_CONFIRMATION_OK"
21670,4021162449,4021162517,1,"IOTHUB_CLIENT_CONFIRMATION_OK"
21671,4021162649,4021162699,1,"IOTHUB_CLIENT_CONFIRMATION_OK"
21672,4021162849,4021162894,1,"IOTHUB_CLIENT_CONFIRMATION_OK"
21673,4021163049,4021163094,1,"IOTHUB_CLIENT_CONFIRMATION_OK"
21674,4021163250,4021163286,1,"IOTHUB_CLIENT_CONFIRMATION_OK"
21675,4021163450,4021163507,1,"IOTHUB_CLIENT_CONFIRMATION_OK"
21676,4021163650,4021163694,1,"IOTHUB_CLIENT_CONFIRMATION_OK"
21677,4021163850,4021163886,1,"IOTHUB_CLIENT_CONFIRMATION_OK"
21678,4021164050,4021164088,1,"IOTHUB_CLIENT_CONFIRMATION_OK"
21679,4021164250,4021164391,1,"IOTHUB_CLIENT_CONFIRMATION_OK"
21680,4021164451,4021164505,1,"IOTHUB_CLIENT_CONFIRMATION_OK"
21681,4021164651,4021164696,1,"IOTHUB_CLIENT_CONFIRMATION_OK"
21682,4021164851,4021164998,1,"IOTHUB_CLIENT_CONFIRMATION_OK"
21683,4021165051,4021165102,1,"IOTHUB_CLIENT_CONFIRMATION_OK"
21684,4021165251,4021165288,1,"IOTHUB_CLIENT_CONFIRMATION_OK"
21685,4021165451,4021165587,1,"IOTHUB_CLIENT_CONFIRMATION_OK"
21686,4021165652,4021165689,1,"IOTHUB_CLIENT_CONFIRMATION_OK"
21687,4021165852,4021165891,1,"IOTHUB_CLIENT_CONFIRMATION_OK"
21688,4021166052,4021166103,1,"IOTHUB_CLIENT_CONFIRMATION_OK"
21689,4021166252,4021166292,1,"IOTHUB_CLIENT_CONFIRMATION_OK"
21690,4021166452,4021166520,1,"IOTHUB_CLIENT_CONFIRMATION_OK"
21691,4021166652,4021166697,1,"IOTHUB_CLIENT_CONFIRMATION_OK"
21692,4021166852,4021166890,1,"IOTHUB_CLIENT_CONFIRMATION_OK"
21693,4021167053,4021167091,1,"IOTHUB_CLIENT_CONFIRMATION_OK"
21694,4021167253,4021167298,1,"IOTHUB_CLIENT_CONFIRMATION_OK"
21695,4021167453,4021167499,1,"IOTHUB_CLIENT_CONFIRMATION_OK"
21696,4021167653,4021167695,1,"IOTHUB_CLIENT_CONFIRMATION_OK"
21697,4021167853,4021167902,1,"IOTHUB_CLIENT_CONFIRMATION_OK"
21698,4021168053,4021168095,1,"IOTHUB_CLIENT_CONFIRMATION_OK"
21699,4021168253,4021168330,1,"IOTHUB_CLIENT_CONFIRMATION_OK"
21700,4021168454,4021168499,1,"IOTHUB_CLIENT_CONFIRMATION_OK"
21701,4021168654,4021168689,1,"IOTHUB_CLIENT_CONFIRMATION_OK"
21702,4021168854,4021168897,1,"IOTHUB_CLIENT_CONFIRMATION_OK"
21703,4021169054,4021169093,1,"IOTHUB_CLIENT_CONFIRMATION_OK"
21704,4021169254,4021169306,1,"IOTHUB_CLIENT_CONFIRMATION_OK"
21705,4021169454,4021169501,1,"IOTHUB_CLIENT_CONFIRMATION_OK"
21706,4021169655,4021169691,1,"IOTHUB_CLIENT_CONFIRMATION_OK"
21707,4021169855,4021169923,1,"IOTHUB_CLIENT_CONFIRMATION_OK"
21708,4021170055,4021170124,1,"IOTHUB_CLIENT_CONFIRMATION_OK"
21709,4021170255,4021170304,1,"IOTHUB_CLIENT_CONFIRMATION_OK"
21710,4021170455,4021170515,1,"IOTHUB_CLIENT_CONFIRMATION_OK"
21711,4021170655,4021170720,1,"IOTHUB_CLIENT_CONFIRMATION_OK"
21712,4021170855,4021170916,1,"IOTHUB_CLIENT_CONFIRMATION_OK"
21713,4021171056,4021171122,1,"IOTHUB_CLIENT_CONFIRMATION_OK"
21714,4021171256,4021171312,1,"IOTHUB_CLIENT_CONFIRMATION_OK"
21715,4021171456,4021171494,1,"IOTHUB_CLIENT_CONFIRMATION_OK"
21716,4021171656,4021171693,1,"IOTHUB_CLIENT_CONFIRMATION_OK"
21717,4021171856,4021171895,1,"IOTHUB_CLIENT_CONFIRMATION_OK"
21718,4021172056,4021172102,1,"IOTHUB_CLIENT_CONFIRMATION_OK"
21719,4021172257,4021172313,1,"IOTHUB_CLIENT_CONFIRMATION_OK"
21720,4021172457,4021172500,1,"IOTHUB_CLIENT_CONFIRMATION_OK"
21721,4021172657,4021172759,1,"IOTHUB_CLIENT_CONFIRMATION_OK"
21722,4021172857,4021172912,1,"IOTHUB_CLIENT_CONFIRMATION_OK"
21723,4021173057,4021173107,1,"IOTHUB_CLIENT_CONFIRMATION_OK"
21724,4021173257,4021173379,1,"IOTHUB_CLIENT_CONFIRMATION_OK"
21725,4021173457,4021173494,1,"IOTHUB_CLIENT_CONFIRMATION_OK"
21726,4021173658,4021173698,1,"IOTHUB_CLIENT_CONFIRMATION_OK"
21727,4021173858,4021173986,1,"IOTHUB_CLIENT_CONFIRMATION_OK"
21728,4021174058,4021174116,1,"IOTHUB_CLIENT_CONFIRMATION_OK"
21729,4021174258,4021174299,1,"IOTHUB_CLIENT_CONFIRMATION_OK"
21730,4021174458,4021174496,1,"IOTHUB_CLIENT_CONFIRMATION_OK"
21731,4021174658,4021174697,1,"IOTHUB_CLIENT_CONFIRMATION_OK"
21732,4021174859,4021174902,1,"IOTHUB_CLIENT_CONFIRMATION_OK"
21733,4021175059,4021175110,1,"IOTHUB_CLIENT_CONFIRMATION_OK"
21734,4021175259,4021175363,1,"IOTHUB_CLIENT_CONFIRMATION_OK"
21735,4021175459,4021175519,1,"IOTHUB_CLIENT_CONFIRMATION_OK"
21736,4021175659,4021175709,1,"IOTHUB_CLIENT_CONFIRMATION_OK"
21737,4021175859,4021175903,1,"IOTHUB_CLIENT_CONFIRMATION_OK"
21738,4021176060,4021176099,1,"IOTHUB_CLIENT_CONFIRMATION_OK"
21739,4021176260,4021176312,1,"IOTHUB_CLIENT_CONFIRMATION_OK"
21740,4021176460,4021176505,1,"IOTHUB_CLIENT_CONFIRMATION_OK"
21741,4021176660,4021176696,1,"IOTHUB_CLIENT_CONFIRMATION_OK"
21742,4021176860,4021176895,1,"IOTHUB_CLIENT_CONFIRMATION_OK"
21743,4021177060,4021177101,1,"IOTHUB_CLIENT_CONFIRMATION_OK"
21744,4021177260,4021177335,1,"IOTHUB_CLIENT_CONFIRMATION_OK"
21745,4021177461,4021177512,1,"IOTHUB_CLIENT_CONFIRMATION_OK"
21746,4021177661,4021177703,1,"IOTHUB_CLIENT_CONFIRMATION_OK"
21747,4021177861,4021177952,1,"IOTHUB_CLIENT_CONFIRMATION_OK"
21748,4021178061,4021178132,1,"IOTHUB_CLIENT_CONFIRMATION_OK"
21749,4021178261,4021178307,1,"IOTHUB_CLIENT_CONFIRMATION_OK"
21750,4021178461,4021178583,1,"IOTHUB_CLIENT_CONFIRMATION_OK"
21751,4021178661,4021178700,1,"IOTHUB_CLIENT_CONFIRMATION_OK"
21752,4021178862,4021178905,1,"IOTHUB_CLIENT_CONFIRMATION_OK"
21753,4021179062,4021179174,1,"IOTHUB_CLIENT_CONFIRMATION_OK"
21754,4021179262,4021179298,1,"IOTHUB_CLIENT_CONFIRMATION_OK"
21755,4021179462,4021179500,1,"IOTHUB_CLIENT_CONFIRMATION_OK"
21756,4021179662,4021179789,1,"IOTHUB_CLIENT_CONFIRMATION_OK"
21757,4021179862,4021179902,1,"IOTHUB_CLIENT_CONFIRMATION_OK"
21758,4021180062,4021180107,1,"IOTHUB_CLIENT_CONFIRMATION_OK"
21759,4021180263,4021180307,1,"IOTHUB_CLIENT_CONFIRMATION_OK"
21760,4021180463,4021180508,1,"IOTHUB_CLIENT_CONFIRMATION_OK"
21761,4021180663,4021180700,1,"IOTHUB_CLIENT_CONFIRMATION_OK"
21762,4021180863,4021180913,1,"IOTHUB_CLIENT_CONFIRMATION_OK"
21763,4021181063,4021181117,1,"IOTHUB_CLIENT_CONFIRMATION_OK"
21764,4021181263,4021181311,1,"IOTHUB_CLIENT_CONFIRMATION_OK"
21765,4021181464,4021181505,1,"IOTHUB_CLIENT_CONFIRMATION_OK"
21766,4021181664,4021181701,1,"IOTHUB_CLIENT_CONFIRMATION_OK"
21767,4021181864,4021181961,1,"IOTHUB_CLIENT_CONFIRMATION_OK"
21768,4021182064,4021182102,1,"IOTHUB_CLIENT_CONFIRMATION_OK"
21769,4021182264,4021182468,1,"IOTHUB_CLIENT_CONFIRMATION_OK"
21770,4021182464,4021182524,1,"IOTHUB_CLIENT_CONFIRMATION_OK"
21771,4021182665,4021182713,1,"IOTHUB_CLIENT_CONFIRMATION_OK"
21772,4021182865,4021182908,1,"IOTHUB_CLIENT_CONFIRMATION_OK"
21773,4021183065,4021183103,1,"IOTHUB_CLIENT_CONFIRMATION_OK"
21774,4021183265,4021183337,1,"IOTHUB_CLIENT_CONFIRMATION_OK"
21775,4021183465,4021183503,1,"IOTHUB_CLIENT_CONFIRMATION_OK"
21776,4021183665,4021183716,1,"IOTHUB_CLIENT_CONFIRMATION_OK"
21777,4021183865,4021183904,1,"IOTHUB_CLIENT_CONFIRMATION_OK"
21778,4021184066,4021184130,1,"IOTHUB_CLIENT_CONFIRMATION_OK"
21779,4021184266,4021184308,1,"IOTHUB_CLIENT_CONFIRMATION_OK"
21780,4021184466,4021184520,1,"IOTHUB_CLIENT_CONFIRMATION_OK"
21781,4021184666,4021184711,1,"IOTHUB_CLIENT_CONFIRMATION_OK"
21782,4021184866,4021184902,1,"IOTHUB_CLIENT_CONFIRMATION_OK"
21783,4021185066,4021185104,1,"IOTHUB_CLIENT_CONFIRMATION_OK"
21784,4021185266,4021185358,1,"IOTHUB_CLIENT_CONFIRMATION_OK"
21785,4021185467,4021185511,1,"IOTHUB_CLIENT_CONFIRMATION_OK"
21786,4021185667,4021185711,1,"IOTHUB_CLIENT_CONFIRMATION_OK"
21787,4021185867,4021185911,1,"IOTHUB_CLIENT_CONFIRMATION_OK"
21788,4021186067,4021186106,1,"IOTHUB_CLIENT_CONFIRMATION_OK"
21789,4021186267,4021186371,1,"IOTHUB_CLIENT_CONFIRMATION_OK"
21790,4021186467,4021186508,1,"IOTHUB_CLIENT_CONFIRMATION_OK"
21791,4021186668,4021186710,1,"IOTHUB_CLIENT_CONFIRMATION_OK"
21792,4021186868,4021186946,1,"IOTHUB_CLIENT_CONFIRMATION_OK"
21793,4021187068,4021187143,1,"IOTHUB_CLIENT_CONFIRMATION_OK"
21794,4021187268,4021187373,1,"IOTHUB_CLIENT_CONFIRMATION_OK"
21795,4021187468,4021187563,1,"IOTHUB_CLIENT_CONFIRMATION_OK"
21796,4021187668,4021187711,1,"IOTHUB_CLIENT_CONFIRMATION_OK"
21797,4021187868,4021187914,1,"IOTHUB_CLIENT_CONFIRMATION_OK"
21798,4021188069,4021188181,1,"IOTHUB_CLIENT_CONFIRMATION_OK"
21799,4021188269,4021188316,1,"IOTHUB_CLIENT_CONFIRMATION_OK"
21800,4021188469,4021188518,1,"IOTHUB_CLIENT_CONFIRMATION_OK"
21801,4021188669,4021188733,1,"IOTHUB_CLIENT_CONFIRMATION_OK"
21802,4021188869,4021188904,1,"IOTHUB_CLIENT_CONFIRMATION_OK"
21803,4021189069,4021189106,1,"IOTHUB_CLIENT_CONFIRMATION_OK"
21804,4021189269,4021189335,1,"IOTHUB_CLIENT_CONFIRMATION_OK"
21805,4021189470,4021189510,1,"IOTHUB_CLIENT_CONFIRMATION_OK"
21806,4021189670,4021189711,1,"IOTHUB_CLIENT_CONFIRMATION_OK"
21807,4021189870,4021189923,1,"IOTHUB_CLIENT_CONFIRMATION_OK"
21808,4021190070,4021190111,1,"IOTHUB_CLIENT_CONFIRMATION_OK"
21809,4021190270,4021190317,1,"IOTHUB_CLIENT_CONFIRMATION_OK"
21810,4021190470,4021190506,1,"IOTHUB_CLIENT_CONFIRMATION_OK"
21811,4021190671,4021190848,1,"IOTHUB_CLIENT_CONFIRMATION_OK"
21812,4021190871,4021190926,1,"IOTHUB_CLIENT_CONFIRMATION_OK"
21813,4021191071,4021191131,1,"IOTHUB_CLIENT_CONFIRMATION_OK"
21814,4021191271,4021191438,1,"IOTHUB_CLIENT_CONFIRMATION_OK"
21815,4021191471,4021191510,1,"IOTHUB_CLIENT_CONFIRMATION_OK"
21816,4021191671,4021191761,1,"IOTHUB_CLIENT_CONFIRMATION_OK"
21817,4021191871,4021191940,1,"IOTHUB_CLIENT_CONFIRMATION_OK"
21818,4021192072,4021192117,1,"IOTHUB_CLIENT_CONFIRMATION_OK"
21819,4021192272,4021192313,1,"IOTHUB_CLIENT_CONFIRMATION_OK"
21820,4021192472,4021192536,1,"IOTHUB_CLIENT_CONFIRMATION_OK"
21821,4021192672,4021192724,1,"IOTHUB_CLIENT_CONFIRMATION_OK"
21822,4021192872,4021192910,1,"IOTHUB_CLIENT_CONFIRMATION_OK"
21823,4021193072,4021193119,1,"IOTHUB_CLIENT_CONFIRMATION_OK"
21824,4021193272,4021193318,1,"IOTHUB_CLIENT_CONFIRMATION_OK"
21825,4021193473,4021193528,1,"IOTHUB_CLIENT_CONFIRMATION_OK"
21826,4021193673,4021193713,1,"IOTHUB_CLIENT_CONFIRMATION_OK"
21827,4021193873,4021193937,1,"IOTHUB_CLIENT_CONFIRMATION_OK"
21828,4021194073,4021194121,1,"IOTHUB_CLIENT_CONFIRMATION_OK"
21829,4021194273,4021194317,1,"IOTHUB_CLIENT_CONFIRMATION_OK"
21830,4021194473,4021194515,1,"IOTHUB_CLIENT_CONFIRMATION_OK"
21831,4021194674,4021194718,1,"IOTHUB_CLIENT_CONFIRMATION_OK"
21832,4021194874,4021194945,1,"IOTHUB_CLIENT_CONFIRMATION_OK"
21833,4021195074,4021195117,1,"IOTHUB_CLIENT_CONFIRMATION_OK"
21834,4021195274,4021195313,1,"IOTHUB_CLIENT_CONFIRMATION_OK"
21835,4021195474,4021195511,1,"IOTHUB_CLIENT_CONFIRMATION_OK"
21836,4021195674,4021195713,1,"IOTHUB_CLIENT_CONFIRMATION_OK"
21837,4021195875,4021196000,1,"IOTHUB_CLIENT_CONFIRMATION_OK"
21838,4021196075,4021196122,1,"IOTHUB_CLIENT_CONFIRMATION_OK"
21839,4021196275,4021196312,1,"IOTHUB_CLIENT_CONFIRMATION_OK"
21840,4021196475,4021196621,1,"IOTHUB_CLIENT_CONFIRMATION_OK"
21841,4021196675,4021196718,1,"IOTHUB_CLIENT_CONFIRMATION_OK"
21842,4021196875,4021196927,1,"IOTHUB_CLIENT_CONFIRMATION_OK"
21843,4021197076,4021197121,1,"IOTHUB_CLIENT_CONFIRMATION_OK"
21844,4021197276,4021197343,1,"IOTHUB_CLIENT_CONFIRMATION_OK"
21845,4021197476,4021197521,1,"IOTHUB_CLIENT_CONFIRMATION_OK"
21846,4021197676,4021197711,1,"IOTHUB_CLIENT_CONFIRMATION_OK"
21847,4021197876,4021197915,1,"IOTHUB_CLIENT_CONFIRMATION_OK"
21848,4021198076,4021198118,1,"IOTHUB_CLIENT_CONFIRMATION_OK"
21849,4021198277,4021198319,1,"IOTHUB_CLIENT_CONFIRMATION_OK"
21850,4021198477,4021198513,1,"IOTHUB_CLIENT_CONFIRMATION_OK"
21851,4021198677,4021198734,1,"IOTHUB_CLIENT_CONFIRMATION_OK"
21852,4021198877,4021198924,1,"IOTHUB_CLIENT_CONFIRMATION_OK"
21853,4021199077,4021199128,1,"IOTHUB_CLIENT_CONFIRMATION_OK"
21854,4021199277,4021199331,1,"IOTHUB_CLIENT_CONFIRMATION_OK"
21855,4021199477,4021199525,1,"IOTHUB_CLIENT_CONFIRMATION_OK"
21856,4021199678,4021199749,1,"IOTHUB_CLIENT_CONFIRMATION_OK"
21857,4021199878,4021199919,1,"IOTHUB_CLIENT_CONFIRMATION_OK"
21858,4021200078,4021200114,1,"IOTHUB_CLIENT_CONFIRMATION_OK"
21859,4021200278,4021200324,1,"IOTHUB_CLIENT_CONFIRMATION_OK"
21860,4021200478,4021200529,1,"IOTHUB_CLIENT_CONFIRMATION_OK"
21861,4021200678,4021200743,1,"IOTHUB_CLIENT_CONFIRMATION_OK"
21862,4021200878,4021200918,1,"IOTHUB_CLIENT_CONFIRMATION_OK"
21863,4021201079,4021201177,1,"IOTHUB_CLIENT_CONFIRMATION_OK"
21864,4021201279,4021201318,1,"IOTHUB_CLIENT_CONFIRMATION_OK"
21865,4021201479,4021201528,1,"IOTHUB_CLIENT_CONFIRMATION_OK"
21866,4021201679,4021201813,1,"IOTHUB_CLIENT_CONFIRMATION_OK"
21867,4021201879,4021201920,1,"IOTHUB_CLIENT_CONFIRMATION_OK"
21868,4021202079,4021202135,1,"IOTHUB_CLIENT_CONFIRMATION_OK"
21869,4021202280,4021202445,1,"IOTHUB_CLIENT_CONFIRMATION_OK"
21870,4021202480,4021202519,1,"IOTHUB_CLIENT_CONFIRMATION_OK"
21871,4021202680,4021202726,1,"IOTHUB_CLIENT_CONFIRMATION_OK"
21872,4021202880,4021202923,1,"IOTHUB_CLIENT_CONFIRMATION_OK"
21873,4021203080,4021203125,1,"IOTHUB_CLIENT_CONFIRMATION_OK"
21874,4021203280,4021203320,1,"IOTHUB_CLIENT_CONFIRMATION_OK"
21875,4021203481,4021203518,1,"IOTHUB_CLIENT_CONFIRMATION_OK"
21876,4021203681,4021203728,1,"IOTHUB_CLIENT_CONFIRMATION_OK"
21877,4021203881,4021203932,1,"IOTHUB_CLIENT_CONFIRMATION_OK"
21878,4021204081,4021204121,1,"IOTHUB_CLIENT_CONFIRMATION_OK"
21879,4021204281,4021204318,1,"IOTHUB_CLIENT_CONFIRMATION_OK"
21880,4021204481,4021204523,1,"IOTHUB_CLIENT_CONFIRMATION_OK"
21881,4021204681,4021204773,1,"IOTHUB_CLIENT_CONFIRMATION_OK"
21882,4021204882,4021205045,1,"IOTHUB_CLIENT_CONFIRMATION_OK"
21883,4021205082,4021205117,1,"IOTHUB_CLIENT_CONFIRMATION_OK"
21884,4021205282,4021205320,1,"IOTHUB_CLIENT_CONFIRMATION_OK"
21885,4021205482,4021205646,1,"IOTHUB_CLIENT_CONFIRMATION_OK"
21886,4021205682,4021205722,1,"IOTHUB_CLIENT_CONFIRMATION_OK"
21887,4021205882,4021205917,1,"IOTHUB_CLIENT_CONFIRMATION_OK"
21888,4021206083,4021206119,1,"IOTHUB_CLIENT_CONFIRMATION_OK"
21889,4021206283,4021206319,1,"IOTHUB_CLIENT_CONFIRMATION_OK"
21890,4021206483,4021206527,1,"IOTHUB_CLIENT_CONFIRMATION_OK"
21891,4021206683,4021206732,1,"IOTHUB_CLIENT_CONFIRMATION_OK"
21892,4021206883,4021206918,1,"IOTHUB_CLIENT_CONFIRMATION_OK"
21893,4021207083,4021207129,1,"IOTHUB_CLIENT_CONFIRMATION_OK"
21894,4021207283,4021207337,1,"IOTHUB_CLIENT_CONFIRMATION_OK"
21895,4021207484,4021207528,1,"IOTHUB_CLIENT_CONFIRMATION_OK"
21896,4021207684,4021207722,1,"IOTHUB_CLIENT_CONFIRMATION_OK"
21897,4021207884,4021207923,1,"IOTHUB_CLIENT_CONFIRMATION_OK"
21898,4021208084,4021208129,1,"IOTHUB_CLIENT_CONFIRMATION_OK"
21899,4021208284,4021208350,1,"IOTHUB_CLIENT_CONFIRMATION_OK"
21900,4021208484,4021208519,1,"IOTHUB_CLIENT_CONFIRMATION_OK"
21901,4021208685,4021208728,1,"IOTHUB_CLIENT_CONFIRMATION_OK"
21902,4021208885,4021208923,1,"IOTHUB_CLIENT_CONFIRMATION_OK"
21903,4021209085,4021209131,1,"IOTHUB_CLIENT_CONFIRMATION_OK"
21904,4021209285,4021209322,1,"IOTHUB_CLIENT_CONFIRMATION_OK"
21905,4021209485,4021209549,1,"IOTHUB_CLIENT_CONFIRMATION_OK"
21906,4021209685,4021209731,1,"IOTHUB_CLIENT_CONFIRMATION_OK"
21907,4021209885,4021209924,1,"IOTHUB_CLIENT_CONFIRMATION_OK"
21908,4021210086,4021210126,1,"IOTHUB_CLIENT_CONFIRMATION_OK"
21909,4021210286,4021210397,1,"IOTHUB_CLIENT_CONFIRMATION_OK"
21910,4021210486,4021210517,1,"IOTHUB_CLIENT_CONFIRMATION_OK"
21911,4021210686,4021210824,1,"IOTHUB_CLIENT_CONFIRMATION_OK"
21912,4021210886,4021210921,1,"IOTHUB_CLIENT_CONFIRMATION_OK"
21913,4021211086,4021211122,1,"IOTHUB_CLIENT_CONFIRMATION_OK"
21914,4021211287,4021211407,1,"IOTHUB_CLIENT_CONFIRMATION_OK"
21915,4021211487,4021211526,1,"IOTHUB_CLIENT_CONFIRMATION_OK"
21916,4021211687,4021211743,1,"IOTHUB_CLIENT_CONFIRMATION_OK"
21917,4021211887,4021211937,1,"IOTHUB_CLIENT_CONFIRMATION_OK"
21918,4021212087,4021212136,1,"IOTHUB_CLIENT_CONFIRMATION_OK"
21919,4021212287,4021212470,1,"IOTHUB_CLIENT_CONFIRMATION_OK"
21920,4021212488,4021212555,1,"IOTHUB_CLIENT_CONFIRMATION_OK"
21921,4021212688,4021212740,1,"IOTHUB_CLIENT_CONFIRMATION_OK"
21922,4021212888,4021212969,1,"IOTHUB_CLIENT_CONFIRMATION_OK"
21923,4021213088,4021213130,1,"IOTHUB_CLIENT_CONFIRMATION_OK"
21924,4021213288,4021213450,1,"IOTHUB_CLIENT_CONFIRMATION_OK"
21925,4021213488,4021213528,1,"IOTHUB_CLIENT_CONFIRMATION_OK"
21926,4021213688,4021213752,1,"IOTHUB_CLIENT_CONFIRMATION_OK"
21927,4021213889,4021214067,1,"IOTHUB_CLIENT_CONFIRMATION_OK"
21928,4021214089,4021214125,1,"IOTHUB_CLIENT_CONFIRMATION_OK"
21929,4021214289,4021214334,1,"IOTHUB_CLIENT_CONFIRMATION_OK"
21930,4021214489,4021214526,1,"IOTHUB_CLIENT_CONFIRMATION_OK"
21931,4021214689,4021214725,1,"IOTHUB_CLIENT_CONFIRMATION_OK"
21932,4021214889,4021214934,1,"IOTHUB_CLIENT_CONFIRMATION_OK"
21933,4021215089,4021215147,1,"IOTHUB_CLIENT_CONFIRMATION_OK"
21934,4021215290,4021215331,1,"IOTHUB_CLIENT_CONFIRMATION_OK"
21935,4021215490,4021215532,1,"IOTHUB_CLIENT_CONFIRMATION_OK"
21936,4021215690,4021215734,1,"IOTHUB_CLIENT_CONFIRMATION_OK"
21937,4021215890,4021216159,1,"IOTHUB_CLIENT_CONFIRMATION_OK"
21938,4021216090,4021216182,1,"IOTHUB_CLIENT_CONFIRMATION_OK"
21939,4021216290,4021216350,1,"IOTHUB_CLIENT_CONFIRMATION_OK"
21940,4021216491,4021216566,1,"IOTHUB_CLIENT_CONFIRMATION_OK"
21941,4021216691,4021216735,1,"IOTHUB_CLIENT_CONFIRMATION_OK"
21942,4021216891,4021216958,1,"IOTHUB_CLIENT_CONFIRMATION_OK"
21943,4021217091,4021217127,1,"IOTHUB_CLIENT_CONFIRMATION_OK"
21944,4021217291,4021217378,1,"IOTHUB_CLIENT_CONFIRMATION_OK"
21945,4021217491,4021217548,1,"IOTHUB_CLIENT_CONFIRMATION_OK"
21946,4021217692,4021217784,1,"IOTHUB_CLIENT_CONFIRMATION_OK"
21947,4021217892,4021217948,1,"IOTHUB_CLIENT_CONFIRMATION_OK"
21948,4021218092,4021218126,1,"IOTHUB_CLIENT_CONFIRMATION_OK"
21949,4021218292,4021218329,1,"IOTHUB_CLIENT_CONFIRMATION_OK"
21950,4021218492,4021218587,1,"IOTHUB_CLIENT_CONFIRMATION_OK"
21951,4021218692,4021218741,1,"IOTHUB_CLIENT_CONFIRMATION_OK"
21952,4021218893,4021218931,1,"IOTHUB_CLIENT_CONFIRMATION_OK"
21953,4021219093,4021219226,1,"IOTHUB_CLIENT_CONFIRMATION_OK"
21954,4021219293,4021219338,1,"IOTHUB_CLIENT_CONFIRMATION_OK"
21955,4021219493,4021219537,1,"IOTHUB_CLIENT_CONFIRMATION_OK"
21956,4021219693,4021219859,1,"IOTHUB_CLIENT_CONFIRMATION_OK"
21957,4021219893,4021219941,1,"IOTHUB_CLIENT_CONFIRMATION_OK"
21958,4021220093,4021220137,1,"IOTHUB_CLIENT_CONFIRMATION_OK"
21959,4021220294,4021220344,1,"IOTHUB_CLIENT_CONFIRMATION_OK"
21960,4021220494,4021220545,1,"IOTHUB_CLIENT_CONFIRMATION_OK"
21961,4021220694,4021220731,1,"IOTHUB_CLIENT_CONFIRMATION_OK"
21962,4021220894,4021220995,1,"IOTHUB_CLIENT_CONFIRMATION_OK"
21963,4021221094,4021221140,1,"IOTHUB_CLIENT_CONFIRMATION_OK"
21964,4021221294,4021221336,1,"IOTHUB_CLIENT_CONFIRMATION_OK"
21965,4021221494,4021221531,1,"IOTHUB_CLIENT_CONFIRMATION_OK"
21966,4021221695,4021221731,1,"IOTHUB_CLIENT_CONFIRMATION_OK"
21967,4021221895,4021221934,1,"IOTHUB_CLIENT_CONFIRMATION_OK"
21968,4021222095,4021222163,1,"IOTHUB_CLIENT_CONFIRMATION_OK"
21969,4021222295,4021222347,1,"IOTHUB_CLIENT_CONFIRMATION_OK"
21970,4021222495,4021222537,1,"IOTHUB_CLIENT_CONFIRMATION_OK"
21971,4021222695,4021222733,1,"IOTHUB_CLIENT_CONFIRMATION_OK"
21972,4021222896,4021222956,1,"IOTHUB_CLIENT_CONFIRMATION_OK"
21973,4021223096,4021223144,1,"IOTHUB_CLIENT_CONFIRMATION_OK"
21974,4021223296,4021223376,1,"IOTHUB_CLIENT_CONFIRMATION_OK"
21975,4021223496,4021223532,1,"IOTHUB_CLIENT_CONFIRMATION_OK"
21976,4021223696,4021223744,1,"IOTHUB_CLIENT_CONFIRMATION_OK"
21977,4021223896,4021223953,1,"IOTHUB_CLIENT_CONFIRMATION_OK"
21978,4021224097,4021224138,1,"IOTHUB_CLIENT_CONFIRMATION_OK"
21979,4021224297,4021224352,1,"IOTHUB_CLIENT_CONFIRMATION_OK"
21980,4021224497,4021224537,1,"IOTHUB_CLIENT_CONFIRMATION_OK"
21981,4021224697,4021224741,1,"IOTHUB_CLIENT_CONFIRMATION_OK"
21982,4021224897,4021224969,1,"IOTHUB_CLIENT_CONFIRMATION_OK"
21983,4021225097,4021225138,1,"IOTHUB_CLIENT_CONFIRMATION_OK"
21984,4021225297,4021225337,1,"IOTHUB_CLIENT_CONFIRMATION_OK"
21985,4021225498,4021225611,1,"IOTHUB_CLIENT_CONFIRMATION_OK"
21986,4021225698,4021225735,1,"IOTHUB_CLIENT_CONFIRMATION_OK"
21987,4021225898,4021225946,1,"IOTHUB_CLIENT_CONFIRMATION_OK"
21988,4021226098,4021226135,1,"IOTHUB_CLIENT_CONFIRMATION_OK"
21989,4021226298,4021226334,1,"IOTHUB_CLIENT_CONFIRMATION_OK"
21990,4021226498,4021226543,1,"IOTHUB_CLIENT_CONFIRMATION_OK"
21991,4021226699,4021226750,1,"IOTHUB_CLIENT_CONFIRMATION_OK"
21992,4021226899,4021226947,1,"IOTHUB_CLIENT_CONFIRMATION_OK"
21993,4021227099,4021227136,1,"IOTHUB_CLIENT_CONFIRMATION_OK"
21994,4021227299,4021227341,1,"IOTHUB_CLIENT_CONFIRMATION_OK"
21995,4021227499,4021227644,1,"IOTHUB_CLIENT_CONFIRMATION_OK"
21996,4021227699,4021227748,1,"IOTHUB_CLIENT_CONFIRMATION_OK"
21997,4021227899,4021227939,1,"IOTHUB_CLIENT_CONFIRMATION_OK"
21998,4021228100,4021228252,1,"IOTHUB_CLIENT_CONFIRMATION_OK"
21999,4021228300,4021228337,1,"IOTHUB_CLIENT_CONFIRMATION_OK"
22000,4021228500,4021228568,1,"IOTHUB_CLIENT_CONFIRMATION_OK"
22001,4021228700,4021228747,1,"IOTHUB_CLIENT_CONFIRMATION_OK"
22002,4021228900,4021228970,1,"IOTHUB_CLIENT_CONFIRMATION_OK"
22003,4021229100,4021229150,1,"IOTHUB_CLIENT_CONFIRMATION_OK"
22004,4021229301,4021229337,1,"IOTHUB_CLIENT_CONFIRMATION_OK"
22005,4021229501,4021229569,1,"IOTHUB_CLIENT_CONFIRMATION_OK"
22006,4021229701,4021229736,1,"IOTHUB_CLIENT_CONFIRMATION_OK"
22007,4021229901,4021229939,1,"IOTHUB_CLIENT_CONFIRMATION_OK"
22008,4021230101,4021230198,1,"IOTHUB_CLIENT_CONFIRMATION_OK"
22009,4021230301,4021230348,1,"IOTHUB_CLIENT_CONFIRMATION_OK"
22010,4021230502,4021230542,1,"IOTHUB_CLIENT_CONFIRMATION_OK"
22011,4021230702,4021230744,1,"IOTHUB_CLIENT_CONFIRMATION_OK"
22012,4021230902,4021230956,1,"IOTHUB_CLIENT_CONFIRMATION_OK"
22013,4021231102,4021231154,1,"IOTHUB_CLIENT_CONFIRMATION_OK"
22014,4021231302,4021231346,1,"IOTHUB_CLIENT_CONFIRMATION_OK"
22015,4021231502,4021231556,1,"IOTHUB_CLIENT_CONFIRMATION_OK"
22016,4021231702,4021231747,1,"IOTHUB_CLIENT_CONFIRMATION_OK"
22017,4021231903,4021231944,1,"IOTHUB_CLIENT_CONFIRMATION_OK"
22018,4021232103,4021232186,1,"IOTHUB_CLIENT_CONFIRMATION_OK"
22019,4021232303,4021232349,1,"IOTHUB_CLIENT_CONFIRMATION_OK"
22020,4021232503,4021232550,1,"IOTHUB_CLIENT_CONFIRMATION_OK"
22021,4021232703,4021232767,1,"IOTHUB_CLIENT_CONFIRMATION_OK"
22022,4021232903,4021232961,1,"IOTHUB_CLIENT_CONFIRMATION_OK"
22023,4021233104,4021233144,1,"IOTHUB_CLIENT_CONFIRMATION_OK"
22024,4021233304,4021233389,1,"IOTHUB_CLIENT_CONFIRMATION_OK"
22025,4021233504,4021233547,1,"IOTHUB_CLIENT_CONFIRMATION_OK"
22026,4021233704,4021233760,1,"IOTHUB_CLIENT_CONFIRMATION_OK"
22027,4021233904,4021234003,1,"IOTHUB_CLIENT_CONFIRMATION_OK"
22028,4021234104,4021234155,1,"IOTHUB_CLIENT_CONFIRMATION_OK"
22029,4021234304,4021234423,1,"IOTHUB_CLIENT_CONFIRMATION_OK"
22030,4021234505,4021234659,1,"IOTHUB_CLIENT_CONFIRMATION_OK"
22031,4021234705,4021234860,1,"IOTHUB_CLIENT_CONFIRMATION_OK"
22032,4021234905,4021234954,1,"IOTHUB_CLIENT_CONFIRMATION_OK"
22033,4021235105,4021235158,1,"IOTHUB_CLIENT_CONFIRMATION_OK"
22034,4021235305,4021235357,1,"IOTHUB_CLIENT_CONFIRMATION_OK"
22035,4021235505,4021235567,1,"IOTHUB_CLIENT_CONFIRMATION_OK"
22036,4021235705,4021235867,1,"IOTHUB_CLIENT_CONFIRMATION_OK"
22037,4021235906,4021236080,1,"IOTHUB_CLIENT_CONFIRMATION_OK"
22038,4021236106,4021236149,1,"IOTHUB_CLIENT_CONFIRMATION_OK"
22039,4021236306,4021236354,1,"IOTHUB_CLIENT_CONFIRMATION_OK"
22040,4021236506,4021236812,1,"IOTHUB_CLIENT_CONFIRMATION_OK"
22041,4021236706,4021236833,1,"IOTHUB_CLIENT_CONFIRMATION_OK"
22042,4021236906,4021236979,1,"IOTHUB_CLIENT_CONFIRMATION_OK"
22043,4021237106,4021237162,1,"IOTHUB_CLIENT_CONFIRMATION_OK"
22044,4021237307,4021237346,1,"IOTHUB_CLIENT_CONFIRMATION_OK"
22045,4021237507,4021237556,1,"IOTHUB_CLIENT_CONFIRMATION_OK"
22046,4021237707,4021237788,1,"IOTHUB_CLIENT_CONFIRMATION_OK"
22047,4021237907,4021237949,1,"IOTHUB_CLIENT_CONFIRMATION_OK"
22048,4021238107,4021238148,1,"IOTHUB_CLIENT_CONFIRMATION_OK"
22049,4021238307,4021238345,1,"IOTHUB_CLIENT_CONFIRMATION_OK"
22050,4021238507,4021238640,1,"IOTHUB_CLIENT_CONFIRMATION_OK"
22051,4021238708,4021238761,1,"IOTHUB_CLIENT_CONFIRMATION_OK"
22052,4021238908,4021238948,1,"IOTHUB_CLIENT_CONFIRMATION_OK"
22053,4021239108,4021239255,1,"IOTHUB_CLIENT_CONFIRMATION_OK"
22054,4021239308,4021239372,1,"IOTHUB_CLIENT_CONFIRMATION_OK"
22055,4021239508,4021239556,1,"IOTHUB_CLIENT_CONFIRMATION_OK"
22056,4021239708,4021239898,1,"IOTHUB_CLIENT_CONFIRMATION_OK"
22057,4021239909,4021239947,1,"IOTHUB_CLIENT_CONFIRMATION_OK"
22058,4021240109,4021240151,1,"IOTHUB_CLIENT_CONFIRMATION_OK"
22059,4021240309,4021240363,1,"IOTHUB_CLIENT_CONFIRMATION_OK"
22060,4021240509,4021240563,1,"IOTHUB_CLIENT_CONFIRMATION_OK"
22061,4021240709,4021240745,1,"IOTHUB_CLIENT_CONFIRMATION_OK"
22062,4021240909,4021240953,1,"IOTHUB_CLIENT_CONFIRMATION_OK"
22063,4021241109,4021241148,1,"IOTHUB_CLIENT_CONFIRMATION_OK"
22064,4021241310,4021241362,1,"IOTHUB_CLIENT_CONFIRMATION_OK"
22065,4021241510,4021241545,1,"IOTHUB_CLIENT_CONFIRMATION_OK"
22066,4021241710,4021241762,1,"IOTHUB_CLIENT_CONFIRMATION_OK"
22067,4021241910,4021241946,1,"IOTHUB_CLIENT_CONFIRMATION_OK"
22068,4021242110,4021242158,1,"IOTHUB_CLIENT_CONFIRMATION_OK"
22069,4021242310,4021242355,1,"IOTHUB_CLIENT_CONFIRMATION_OK"
22070,4021242511,4021242545,1,"IOTHUB_CLIENT_CONFIRMATION_OK"
22071,4021242711,4021242773,1,"IOTHUB_CLIENT_CONFIRMATION_OK"
22072,4021242911,4021242961,1,"IOTHUB_CLIENT_CONFIRMATION_OK"
22073,4021243111,4021243148,1,"IOTHUB_CLIENT_CONFIRMATION_OK"
22074,4021243311,4021243347,1,"IOTHUB_CLIENT_CONFIRMATION_OK"
22075,4021243511,4021243568,1,"IOTHUB_CLIENT_CONFIRMATION_OK"
22076,4021243712,4021243765,1,"IOTHUB_CLIENT_CONFIRMATION_OK"
22077,4021243912,4021243973,1,"IOTHUB_CLIENT_CONFIRMATION_OK"
22078,4021244112,4021244149,1,"IOTHUB_CLIENT_CONFIRMATION_OK"
22079,4021244312,4021244387,1,"IOTHUB_CLIENT_CONFIRMATION_OK"
22080,4021244512,4021244557,1,"IOTHUB_CLIENT_CONFIRMATION_OK"
22081,4021244712,4021244753,1,"IOTHUB_CLIENT_CONFIRMATION_OK"
22082,4021244912,4021245013,1,"IOTHUB_CLIENT_CONFIRMATION_OK"
22083,4021245113,4021245153,1,"IOTHUB_CLIENT_CONFIRMATION_OK"
22084,4021245313,4021245357,1,"IOTHUB_CLIENT_CONFIRMATION_OK"
22085,4021245513,4021245608,1,"IOTHUB_CLIENT_CONFIRMATION_OK"
22086,4021245713,4021245748,1,"IOTHUB_CLIENT_CONFIRMATION_OK"
22087,4021245913,4021245956,1,"IOTHUB_CLIENT_CONFIRMATION_OK"
22088,4021246113,4021246148,1,"IOTHUB_CLIENT_CONFIRMATION_OK"
22089,4021246313,4021246354,1,"IOTHUB_CLIENT_CONFIRMATION_OK"
22090,4021246514,4021246617,1,"IOTHUB_CLIENT_CONFIRMATION_OK"
22091,4021246714,4021246765,1,"IOTHUB_CLIENT_CONFIRMATION_OK"
22092,4021246914,4021246953,1,"IOTHUB_CLIENT_CONFIRMATION_OK"
22093,4021247114,4021247168,1,"IOTHUB_CLIENT_CONFIRMATION_OK"
22094,4021247314,4021247356,1,"IOTHUB_CLIENT_CONFIRMATION_OK"
22095,4021247514,4021247673,1,"IOTHUB_CLIENT_CONFIRMATION_OK"
22096,4021247714,4021247752,1,"IOTHUB_CLIENT_CONFIRMATION_OK"
22097,4021247915,4021247949,1,"IOTHUB_CLIENT_CONFIRMATION_OK"
22098,4021248115,4021248298,1,"IOTHUB_CLIENT_CONFIRMATION_OK"
22099,4021248315,4021248370,1,"IOTHUB_CLIENT_CONFIRMATION_OK"
22100,4021248515,4021248555,1,"IOTHUB_CLIENT_CONFIRMATION_OK"
22101,4021248715,4021248754,1,"IOTHUB_CLIENT_CONFIRMATION_OK"
22102,4021248915,4021248950,1,"IOTHUB_CLIENT_CONFIRMATION_OK"
22103,4021249116,4021249172,1,"IOTHUB_CLIENT_CONFIRMATION_OK"
22104,4021249316,4021249352,1,"IOTHUB_CLIENT_CONFIRMATION_OK"
22105,4021249516,4021249550,1,"IOTHUB_CLIENT_CONFIRMATION_OK"
22106,4021249716,4021249756,1,"IOTHUB_CLIENT_CONFIRMATION_OK"
22107,4021249916,4021249957,1,"IOTHUB_CLIENT_CONFIRMATION_OK"
22108,4021250116,4021250151,1,"IOTHUB_CLIENT_CONFIRMATION_OK"
22109,4021250316,4021250372,1,"IOTHUB_CLIENT_CONFIRMATION_OK"
22110,4021250517,4021250549,1,"IOTHUB_CLIENT_CONFIRMATION_OK"
22111,4021250717,4021250774,1,"IOTHUB_CLIENT_CONFIRMATION_OK"
22112,4021250917,4021250953,1,"IOTHUB_CLIENT_CONFIRMATION_OK"
22113,4021251117,4021251157,1,"IOTHUB_CLIENT_CONFIRMATION_OK"
22114,4021251317,4021251389,1,"IOTHUB_CLIENT_CONFIRMATION_OK"
22115,4021251517,4021251571,1,"IOTHUB_CLIENT_CONFIRMATION_OK"
22116,4021251718,4021251759,1,"IOTHUB_CLIENT_CONFIRMATION_OK"
22117,4021251918,4021252000,1,"IOTHUB_CLIENT_CONFIRMATION_OK"
22118,4021252118,4021252163,1,"IOTHUB_CLIENT_CONFIRMATION_OK"
22119,4021252318,4021252355,1,"IOTHUB_CLIENT_CONFIRMATION_OK"
22120,4021252518,4021252561,1,"IOTHUB_CLIENT_CONFIRMATION_OK"
22121,4021252718,4021252817,1,"IOTHUB_CLIENT_CONFIRMATION_OK"
22122,4021252918,4021252999,1,"IOTHUB_CLIENT_CONFIRMATION_OK"
22123,4021253119,4021253234,1,"IOTHUB_CLIENT_CONFIRMATION_OK"
22124,4021253319,4021253423,1,"IOTHUB_CLIENT_CONFIRMATION_OK"
22125,4021253519,4021253607,1,"IOTHUB_CLIENT_CONFIRMATION_OK"
22126,4021253719,4021253754,1,"IOTHUB_CLIENT_CONFIRMATION_OK"
22127,4021253919,4021254052,1,"IOTHUB_CLIENT_CONFIRMATION_OK"
22128,4021254119,4021254155,1,"IOTHUB_CLIENT_CONFIRMATION_OK"
22129,4021254320,4021254357,1,"IOTHUB_CLIENT_CONFIRMATION_OK"
22130,4021254520,4021254576,1,"IOTHUB_CLIENT_CONFIRMATION_OK"
22131,4021254720,4021254759,1,"IOTHUB_CLIENT_CONFIRMATION_OK"
22132,4021254920,4021254989,1,"IOTHUB_CLIENT_CONFIRMATION_OK"
22133,4021255120,4021255155,1,"IOTHUB_CLIENT_CONFIRMATION_OK"
22134,4021255320,4021255390,1,"IOTHUB_CLIENT_CONFIRMATION_OK"
22135,4021255521,4021255594,1,"IOTHUB_CLIENT_CONFIRMATION_OK"
22136,4021255721,4021255770,1,"IOTHUB_CLIENT_CONFIRMATION_OK"
22137,4021255921,4021255961,1,"IOTHUB_CLIENT_CONFIRMATION_OK"
22138,4021256121,4021256159,1,"IOTHUB_CLIENT_CONFIRMATION_OK"
22139,4021256321,4021256517,1,"IOTHUB_CLIENT_CONFIRMATION_OK"
22140,4021256521,4021256565,1,"IOTHUB_CLIENT_CONFIRMATION_OK"
22141,4021256722,4021256774,1,"IOTHUB_CLIENT_CONFIRMATION_OK"
22142,4021256922,4021257070,1,"IOTHUB_CLIENT_CONFIRMATION_OK"
22143,4021257122,4021257192,1,"IOTHUB_CLIENT_CONFIRMATION_OK"
22144,4021257322,4021257405,1,"IOTHUB_CLIENT_CONFIRMATION_OK"
22145,4021257522,4021257558,1,"IOTHUB_CLIENT_CONFIRMATION_OK"
22146,4021257722,4021257759,1,"IOTHUB_CLIENT_CONFIRMATION_OK"
22147,4021257922,4021258025,1,"IOTHUB_CLIENT_CONFIRMATION_OK"
22148,4021258123,4021258164,1,"IOTHUB_CLIENT_CONFIRMATION_OK"
22149,4021258323,4021258360,1,"IOTHUB_CLIENT_CONFIRMATION_OK"
22150,4021258523,4021258579,1,"IOTHUB_CLIENT_CONFIRMATION_OK"
22151,4021258723,4021258768,1,"IOTHUB_CLIENT_CONFIRMATION_OK"
22152,4021258923,4021258963,1,"IOTHUB_CLIENT_CONFIRMATION_OK"
22153,4021259123,4021259186,1,"IOTHUB_CLIENT_CONFIRMATION_OK"
22154,4021259323,4021259363,1,"IOTHUB_CLIENT_CONFIRMATION_OK"
22155,4021259524,4021259574,1,"IOTHUB_CLIENT_CONFIRMATION_OK"
22156,4021259724,4021259807,1,"IOTHUB_CLIENT_CONFIRMATION_OK"
22157,4021259924,4021259976,1,"IOTHUB_CLIENT_CONFIRMATION_OK"
22158,4021260124,4021260175,1,"IOTHUB_CLIENT_CONFIRMATION_OK"
22159,4021260324,4021260374,1,"IOTHUB_CLIENT_CONFIRMATION_OK"
22160,4021260524,4021260623,1,"IOTHUB_CLIENT_CONFIRMATION_OK"
22161,4021260725,4021260784,1,"IOTHUB_CLIENT_CONFIRMATION_OK"
22162,4021260925,4021260986,1,"IOTHUB_CLIENT_CONFIRMATION_OK"
22163,4021261125,4021261260,1,"IOTHUB_CLIENT_CONFIRMATION_OK"
22164,4021261325,4021261369,1,"IOTHUB_CLIENT_CONFIRMATION_OK"
22165,4021261525,4021261560,1,"IOTHUB_CLIENT_CONFIRMATION_OK"
22166,4021261725,4021261859,1,"IOTHUB_CLIENT_CONFIRMATION_OK"
22167,4021261926,4021261968,1,"IOTHUB_CLIENT_CONFIRMATION_OK"
22168,4021262126,4021262193,1,"IOTHUB_CLIENT_CONFIRMATION_OK"
22169,4021262326,4021262475,1,"IOTHUB_CLIENT_CONFIRMATION_OK"
22170,4021262526,4021262655,1,"IOTHUB_CLIENT_CONFIRMATION_OK"
22171,4021262726,4021262774,1,"IOTHUB_CLIENT_CONFIRMATION_OK"
22172,4021262926,4021262971,1,"IOTHUB_CLIENT_CONFIRMATION_OK"
22173,4021263126,4021263173,1,"IOTHUB_CLIENT_CONFIRMATION_OK"
22174,4021263327,4021263371,1,"IOTHUB_CLIENT_CONFIRMATION_OK"
22175,4021263527,4021263571,1,"IOTHUB_CLIENT_CONFIRMATION_OK"
22176,4021263727,4021263762,1,"IOTHUB_CLIENT_CONFIRMATION_OK"
22177,4021263927,4021263981,1,"IOTHUB_CLIENT_CONFIRMATION_OK"
22178,4021264127,4021264182,1,"IOTHUB_CLIENT_CONFIRMATION_OK"
22179,4021264327,4021264364,1,"IOTHUB_CLIENT_CONFIRMATION_OK"
22180,4021264527,4021264571,1,"IOTHUB_CLIENT_CONFIRMATION_OK"
22181,4021264728,4021264769,1,"IOTHUB_CLIENT_CONFIRMATION_OK"
22182,4021264928,4021264964,1,"IOTHUB_CLIENT_CONFIRMATION_OK"
22183,4021265128,4021265176,1,"IOTHUB_CLIENT_CONFIRMATION_OK"
22184,4021265328,4021265375,1,"IOTHUB_CLIENT_CONFIRMATION_OK"
22185,4021265528,4021265711,1,"IOTHUB_CLIENT_CONFIRMATION_OK"
22186,4021265728,4021265782,1,"IOTHUB_CLIENT_CONFIRMATION_OK"
22187,4021265929,4021265988,1,"IOTHUB_CLIENT_CONFIRMATION_OK"
22188,4021266129,4021266173,1,"IOTHUB_CLIENT_CONFIRMATION_OK"
22189,4021266329,4021266370,1,"IOTHUB_CLIENT_CONFIRMATION_OK"
22190,4021266529,4021266571,1,"IOTHUB_CLIENT_CONFIRMATION_OK"
22191,4021266729,4021266821,1,"IOTHUB_CLIENT_CONFIRMATION_OK"
22192,4021266929,4021266981,1,"IOTHUB_CLIENT_CONFIRMATION_OK"
22193,4021267129,4021267255,1,"IOTHUB_CLIENT_CONFIRMATION_OK"
22194,4021267330,4021267370,1,"IOTHUB_CLIENT_CONFIRMATION_OK"
22195,4021267530,4021267652,1,"IOTHUB_CLIENT_CONFIRMATION_OK"
22196,4021267730,4021267768,1,"IOTHUB_CLIENT_CONFIRMATION_OK"
22197,4021267930,4021267967,1,"IOTHUB_CLIENT_CONFIRMATION_OK"
22198,4021268130,4021268185,1,"IOTHUB_CLIENT_CONFIRMATION_OK"
22199,4021268330,4021268377,1,"IOTHUB_CLIENT_CONFIRMATION_OK"
22200,4021268531,4021268625,1,"IOTHUB_CLIENT_CONFIRMATION_OK"
22201,4021268731,4021268770,1,"IOTHUB_CLIENT_CONFIRMATION_OK"
22202,4021268931,4021268979,1,"IOTHUB_CLIENT_CONFIRMATION_OK"
22203,4021269131,4021269175,1,"IOTHUB_CLIENT_CONFIRMATION_OK"
22204,4021269331,4021269371,1,"IOTHUB_CLIENT_CONFIRMATION_OK"
22205,4021269531,4021269622,1,"IOTHUB_CLIENT_CONFIRMATION_OK"
22206,4021269731,4021269774,1,"IOTHUB_CLIENT_CONFIRMATION_OK"
22207,4021269932,4021269985,1,"IOTHUB_CLIENT_CONFIRMATION_OK"
22208,4021270132,4021270221,1,"IOTHUB_CLIENT_CONFIRMATION_OK"
22209,4021270332,4021270373,1,"IOTHUB_CLIENT_CONFIRMATION_OK"
22210,4021270532,4021270581,1,"IOTHUB_CLIENT_CONFIRMATION_OK"
22211,4021270732,4021270840,1,"IOTHUB_CLIENT_CONFIRMATION_OK"
22212,4021270932,4021270970,1,"IOTHUB_CLIENT_CONFIRMATION_OK"
22213,4021271133,4021271219,1,"IOTHUB_CLIENT_CONFIRMATION_OK"
22214,4021271333,4021271456,1,"IOTHUB_CLIENT_CONFIRMATION_OK"
22215,4021271533,4021271581,1,"IOTHUB_CLIENT_CONFIRMATION_OK"
22216,4021271733,4021271772,1,"IOTHUB_CLIENT_CONFIRMATION_OK"
22217,4021271933,4021271967,1,"IOTHUB_CLIENT_CONFIRMATION_OK"
22218,4021272133,4021272186,1,"IOTHUB_CLIENT_CONFIRMATION_OK"
22219,4021272333,4021272377,1,"IOTHUB_CLIENT_CONFIRMATION_OK"
22220,4021272534,4021272577,1,"IOTHUB_CLIENT_CONFIRMATION_OK"
22221,4021272734,4021272775,1,"IOTHUB_CLIENT_CONFIRMATION_OK"
22222,4021272934,4021272992,1,"IOTHUB_CLIENT_CONFIRMATION_OK"
22223,4021273134,4021273445,1,"IOTHUB_CLIENT_CONFIRMATION_OK"
22224,4021273334,4021273508,1,"IOTHUB_CLIENT_CONFIRMATION_OK"
22225,4021273534,4021273571,1,"IOTHUB_CLIENT_CONFIRMATION_OK"
22226,4021273734,4021273772,1,"IOTHUB_CLIENT_CONFIRMATION_OK"
22227,4021273935,4021274081,1,"IOTHUB_CLIENT_CONFIRMATION_OK"
22228,4021274135,4021274172,1,"IOTHUB_CLIENT_CONFIRMATION_OK"
22229,4021274335,4021274393,1,"IOTHUB_CLIENT_CONFIRMATION_OK"
22230,4021274535,4021274575,1,"IOTHUB_CLIENT_CONFIRMATION_OK"
22231,4021274735,4021274783,1,"IOTHUB_CLIENT_CONFIRMATION_OK"
22232,4021274935,4021274993,1,"IOTHUB_CLIENT_CONFIRMATION_OK"
22233,4021275136,4021275178,1,"IOTHUB_CLIENT_CONFIRMATION_OK"
22234,4021275336,4021275369,1,"IOTHUB_CLIENT_CONFIRMATION_OK"
22235,4021275536,4021275583,1,"IOTHUB_CLIENT_CONFIRMATION_OK"
22236,4021275736,4021275779,1,"IOTHUB_CLIENT_CONFIRMATION_OK"
22237,4021275936,4021275981,1,"IOTHUB_CLIENT_CONFIRMATION_OK"
22238,4021276136,4021276200,1,"IOTHUB_CLIENT_CONFIRMATION_OK"
22239,4021276337,4021276382,1,"IOTHUB_CLIENT_CONFIRMATION_OK"
22240,4021276537,4021276726,1,"IOTHUB_CLIENT_CONFIRMATION_OK"
22241,4021276737,4021276783,1,"IOTHUB_CLIENT_CONFIRMATION_OK"
22242,4021276937,4021276979,1,"IOTHUB_CLIENT_CONFIRMATION_OK"
22243,4021277137,4021277185,1,"IOTHUB_CLIENT_CONFIRMATION_OK"
22244,4021277337,4021277381,1,"IOTHUB_CLIENT_CONFIRMATION_OK"
22245,4021277537,4021277578,1,"IOTHUB_CLIENT_CONFIRMATION_OK"
22246,4021277738,4021277784,1,"IOTHUB_CLIENT_CONFIRMATION_OK"
22247,4021277938,4021277979,1,"IOTHUB_CLIENT_CONFIRMATION_OK"
22248,4021278138,4021278184,1,"IOTHUB_CLIENT_CONFIRMATION_OK"
22249,4021278338,4021278384,1,"IOTHUB_CLIENT_CONFIRMATION_OK"
22250,4021278538,4021278646,1,"IOTHUB_CLIENT_CONFIRMATION_OK"
22251,4021278738,4021278791,1,"IOTHUB_CLIENT_CONFIRMATION_OK"
22252,4021278938,4021279011,1,"IOTHUB_CLIENT_CONFIRMATION_OK"
22253,4021279139,4021279251,1,"IOTHUB_CLIENT_CONFIRMATION_OK"
22254,4021279339,4021279379,1,"IOTHUB_CLIENT_CONFIRMATION_OK"
22255,4021279539,4021279578,1,"IOTHUB_CLIENT_CONFIRMATION_OK"
22256,4021279739,4021279889,1,"IOTHUB_CLIENT_CONFIRMATION_OK"
22257,4021279939,4021279980,1,"IOTHUB_CLIENT_CONFIRMATION_OK"
22258,4021280139,4021280181,1,"IOTHUB_CLIENT_CONFIRMATION_OK"
22259,4021280340,4021280389,1,"IOTHUB_CLIENT_CONFIRMATION_OK"
22260,4021280540,4021280613,1,"IOTHUB_CLIENT_CONFIRMATION_OK"
22261,4021280740,4021280776,1,"IOTHUB_CLIENT_CONFIRMATION_OK"
22262,4021280940,4021280979,1,"IOTHUB_CLIENT_CONFIRMATION_OK"
22263,4021281140,4021281194,1,"IOTHUB_CLIENT_CONFIRMATION_OK"
22264,4021281340,4021281375,1,"IOTHUB_CLIENT_CONFIRMATION_OK"
22265,4021281541,4021281582,1,"IOTHUB_CLIENT_CONFIRMATION_OK"
22266,4021281741,4021281893,1,"IOTHUB_CLIENT_CONFIRMATION_OK"
22267,4021281941,4021281979,1,"IOTHUB_CLIENT_CONFIRMATION_OK"
22268,4021282141,4021282184,1,"IOTHUB_CLIENT_CONFIRMATION_OK"
22269,4021282341,4021282501,1,"IOTHUB_CLIENT_CONFIRMATION_OK"
22270,4021282541,4021282589,1,"IOTHUB_CLIENT_CONFIRMATION_OK"
22271,4021282741,4021282779,1,"IOTHUB_CLIENT_CONFIRMATION_OK"
22272,4021282942,4021282980,1,"IOTHUB_CLIENT_CONFIRMATION_OK"
22273,4021283142,4021283177,1,"IOTHUB_CLIENT_CONFIRMATION_OK"
22274,4021283342,4021283381,1,"IOTHUB_CLIENT_CONFIRMATION_OK"
22275,4021283542,4021283583,1,"IOTHUB_CLIENT_CONFIRMATION_OK"
22276,4021283742,4021283787,1,"IOTHUB_CLIENT_CONFIRMATION_OK"
22277,4021283942,4021283979,1,"IOTHUB_CLIENT_CONFIRMATION_OK"
22278,4021284143,4021284182,1,"IOTHUB_CLIENT_CONFIRMATION_OK"
22279,4021284343,4021284439,1,"IOTHUB_CLIENT_CONFIRMATION_OK"
22280,4021284543,4021284586,1,"IOTHUB_CLIENT_CONFIRMATION_OK"
22281,4021284743,4021284780,1,"IOTHUB_CLIENT_CONFIRMATION_OK"
22282,4021284943,4021285025,1,"IOTHUB_CLIENT_CONFIRMATION_OK"
22283,4021285143,4021285212,1,"IOTHUB_CLIENT_CONFIRMATION_OK"
22284,4021285344,4021285382,1,"IOTHUB_CLIENT_CONFIRMATION_OK"
22285,4021285544,4021285619,1,"IOTHUB_CLIENT_CONFIRMATION_OK"
22286,4021285744,4021285848,1,"IOTHUB_CLIENT_CONFIRMATION_OK"
22287,4021285944,4021286001,1,"IOTHUB_CLIENT_CONFIRMATION_OK"
22288,4021286144,4021286188,1,"IOTHUB_CLIENT_CONFIRMATION_OK"
22289,4021286344,4021286381,1,"IOTHUB_CLIENT_CONFIRMATION_OK"
22290,4021286544,4021286595,1,"IOTHUB_CLIENT_CONFIRMATION_OK"
22291,4021286745,4021286802,1,"IOTHUB_CLIENT_CONFIRMATION_OK"
22292,4021286945,4021287060,1,"IOTHUB_CLIENT_CONFIRMATION_OK"
22293,4021287145,4021287182,1,"IOTHUB_CLIENT_CONFIRMATION_OK"
22294,4021287345,4021287399,1,"IOTHUB_CLIENT_CONFIRMATION_OK"
22295,4021287545,4021287683,1,"IOTHUB_CLIENT_CONFIRMATION_OK"
22296,4021287745,4021287792,1,"IOTHUB_CLIENT_CONFIRMATION_OK"
22297,4021287945,4021287992,1,"IOTHUB_CLIENT_CONFIRMATION_OK"
22298,4021288146,4021288269,1,"IOTHUB_CLIENT_CONFIRMATION_OK"
22299,4021288346,4021288387,1,"IOTHUB_CLIENT_CONFIRMATION_OK"
22300,4021288546,4021288583,1,"IOTHUB_CLIENT_CONFIRMATION_OK"
22301,4021288746,4021288782,1,"IOTHUB_CLIENT_CONFIRMATION_OK"
22302,4021288946,4021288984,1,"IOTHUB_CLIENT_CONFIRMATION_OK"
22303,4021289146,4021289184,1,"IOTHUB_CLIENT_CONFIRMATION_OK"
22304,4021289347,4021289503,1,"IOTHUB_CLIENT_CONFIRMATION_OK"
22305,4021289547,4021289588,1,"IOTHUB_CLIENT_CONFIRMATION_OK"
22306,4021289747,4021289794,1,"IOTHUB_CLIENT_CONFIRMATION_OK"
22307,4021289947,4021289985,1,"IOTHUB_CLIENT_CONFIRMATION_OK"
22308,4021290147,4021290189,1,"IOTHUB_CLIENT_CONFIRMATION_OK"
22309,4021290347,4021290411,1,"IOTHUB_CLIENT_CONFIRMATION_OK"
22310,4021290548,4021290611,1,"IOTHUB_CLIENT_CONFIRMATION_OK"
22311,4021290748,4021290943,1,"IOTHUB_CLIENT_CONFIRMATION_OK"
22312,4021290948,4021290987,1,"IOTHUB_CLIENT_CONFIRMATION_OK"
22313,4021291148,4021291192,1,"IOTHUB_CLIENT_CONFIRMATION_OK"
22314,4021291348,4021291570,1,"IOTHUB_CLIENT_CONFIRMATION_OK"
22315,4021291548,4021291605,1,"IOTHUB_CLIENT_CONFIRMATION_OK"
22316,4021291748,4021291786,1,"IOTHUB_CLIENT_CONFIRMATION_OK"
22317,4021291949,4021291986,1,"IOTHUB_CLIENT_CONFIRMATION_OK"
22318,4021292149,4021292189,1,"IOTHUB_CLIENT_CONFIRMATION_OK"
22319,4021292349,4021292393,1,"IOTHUB_CLIENT_CONFIRMATION_OK"
22320,4021292549,4021292587,1,"IOTHUB_CLIENT_CONFIRMATION_OK"
22321,4021292749,4021292792,1,"IOTHUB_CLIENT_CONFIRMATION_OK"
22322,4021292949,4021293014,1,"IOTHUB_CLIENT_CONFIRMATION_OK"
22323,4021293150,4021293194,1,"IOTHUB_CLIENT_CONFIRMATION_OK"
22324,4021293350,4021293403,1,"IOTHUB_CLIENT_CONFIRMATION_OK"
22325,4021293550,4021293606,1,"IOTHUB_CLIENT_CONFIRMATION_OK"
22326,4021293750,4021293795,1,"IOTHUB_CLIENT_CONFIRMATION_OK"
22327,4021293950,4021293985,1,"IOTHUB_CLIENT_CONFIRMATION_OK"
22328,4021294150,4021294215,1,"IOTHUB_CLIENT_CONFIRMATION_OK"
22329,4021294350,4021294385,1,"IOTHUB_CLIENT_CONFIRMATION_OK"
22330,4021294551,4021294588,1,"IOTHUB_CLIENT_CONFIRMATION_OK"
22331,4021294751,4021294797,1,"IOTHUB_CLIENT_CONFIRMATION_OK"
22332,4021294951,4021294998,1,"IOTHUB_CLIENT_CONFIRMATION_OK"
22333,4021295151,4021295188,1,"IOTHUB_CLIENT_CONFIRMATION_OK"
22334,4021295351,4021295433,1,"IOTHUB_CLIENT_CONFIRMATION_OK"
22335,4021295551,4021295593,1,"IOTHUB_CLIENT_CONFIRMATION_OK"
22336,4021295752,4021295812,1,"IOTHUB_CLIENT_CONFIRMATION_OK"
22337,4021295952,4021295986,1,"IOTHUB_CLIENT_CONFIRMATION_OK"
22338,4021296152,4021296227,1,"IOTHUB_CLIENT_CONFIRMATION_OK"
22339,4021296352,4021296395,1,"IOTHUB_CLIENT_CONFIRMATION_OK"
22340,4021296552,4021296609,1,"IOTHUB_CLIENT_CONFIRMATION_OK"
22341,4021296752,4021296798,1,"IOTHUB_CLIENT_CONFIRMATION_OK"
22342,4021296952,4021296989,1,"IOTHUB_CLIENT_CONFIRMATION_OK"
22343,4021297153,4021297206,1,"IOTHUB_CLIENT_CONFIRMATION_OK"
22344,4021297353,4021297388,1,"IOTHUB_CLIENT_CONFIRMATION_OK"
22345,4021297553,4021297608,1,"IOTHUB_CLIENT_CONFIRMATION_OK"
22346,4021297753,4021297791,1,"IOTHUB_CLIENT_CONFIRMATION_OK"
22347,4021297953,4021298007,1,"IOTHUB_CLIENT_CONFIRMATION_OK"
22348,4021298153,4021298229,1,"IOTHUB_CLIENT_CONFIRMATION_OK"
22349,4021298353,4021298405,1,"IOTHUB_CLIENT_CONFIRMATION_OK"
22350,4021298554,4021298624,1,"IOTHUB_CLIENT_CONFIRMATION_OK"
22351,4021298754,4021298792,1,"IOTHUB_CLIENT_CONFIRMATION_OK"
22352,4021298954,4021298990,1,"IOTHUB_CLIENT_CONFIRMATION_OK"
22353,4021299154,4021299221,1,"IOTHUB_CLIENT_CONFIRMATION_OK"
22354,4021299354,4021299391,1,"IOTHUB_CLIENT_CONFIRMATION_OK"
22355,4021299554,4021299595,1,"IOTHUB_CLIENT_CONFIRMATION_OK"
22356,4021299754,4021299801,1,"IOTHUB_CLIENT_CONFIRMATION_OK"
22357,4021299955,4021299993,1,"IOTHUB_CLIENT_CONFIRMATION_OK"
22358,4021300155,4021300195,1,"IOTHUB_CLIENT_CONFIRMATION_OK"
22359,4021300355,4021300398,1,"IOTHUB_CLIENT_CONFIRMATION_OK"
22360,4021300555,4021300599,1,"IOTHUB_CLIENT_CONFIRMATION_OK"
22361,4021300755,4021300794,1,"IOTHUB_CLIENT_CONFIRMATION_OK"
22362,4021300955,4021301089,1,"IOTHUB_CLIENT_CONFIRMATION_OK"
22363,4021301156,4021301454,1,"IOTHUB_CLIENT_CONFIRMATION_OK"
22364,4021301356,4021301488,1,"IOTHUB_CLIENT_CONFIRMATION_OK"
22365,4021301556,4021301632,1,"IOTHUB_CLIENT_CONFIRMATION_OK"
22366,4021301756,4021301797,1,"IOTHUB_CLIENT_CONFIRMATION_OK"
22367,4021301956,4021302098,1,"IOTHUB_CLIENT_CONFIRMATION_OK"
22368,4021302156,4021302200,1,"IOTHUB_CLIENT_CONFIRMATION_OK"
22369,4021302357,4021302592,1,"IOTHUB_CLIENT_CONFIRMATION_OK"
22370,4021302557,4021302612,1,"IOTHUB_CLIENT_CONFIRMATION_OK"
22371,4021302757,4021302804,1,"IOTHUB_CLIENT_CONFIRMATION_OK"
22372,4021302957,4021302991,1,"IOTHUB_CLIENT_CONFIRMATION_OK"
22373,4021303157,4021303209,1,"IOTHUB_CLIENT_CONFIRMATION_OK"
22374,4021303357,4021303393,1,"IOTHUB_CLIENT_CONFIRMATION_OK"
22375,4021303557,4021303595,1,"IOTHUB_CLIENT_CONFIRMATION_OK"
22376,4021303758,4021303805,1,"IOTHUB_CLIENT_CONFIRMATION_OK"
22377,4021303958,4021303992,1,"IOTHUB_CLIENT_CONFIRMATION_OK"
22378,4021304158,4021304221,1,"IOTHUB_CLIENT_CONFIRMATION_OK"
22379,4021304358,4021304414,1,"IOTHUB_CLIENT_CONFIRMATION_OK"
22380,4021304558,4021304623,1,"IOTHUB_CLIENT_CONFIRMATION_OK"
22381,4021304758,4021304804,1,"IOTHUB_CLIENT_CONFIRMATION_OK"
22382,4021304958,4021305049,1,"IOTHUB_CLIENT_CONFIRMATION_OK"
22383,4021305159,4021305197,1,"IOTHUB_CLIENT_CONFIRMATION_OK"
22384,4021305359,4021305397,1,"IOTHUB_CLIENT_CONFIRMATION_OK"
22385,4021305559,4021305647,1,"IOTHUB_CLIENT_CONFIRMATION_OK"
22386,4021305759,4021305918,1,"IOTHUB_CLIENT_CONFIRMATION_OK"
22387,4021305959,4021305998,1,"IOTHUB_CLIENT_CONFIRMATION_OK"
22388,4021306159,4021306202,1,"IOTHUB_CLIENT_CONFIRMATION_OK"
22389,4021306359,4021306400,1,"IOTHUB_CLIENT_CONFIRMATION_OK"
22390,4021306560,4021306622,1,"IOTHUB_CLIENT_CONFIRMATION_OK"
22391,4021306760,4021306796,1,"IOTHUB_CLIENT_CONFIRMATION_OK"
22392,4021306960,4021307028,1,"IOTHUB_CLIENT_CONFIRMATION_OK"
22393,4021307160,4021307226,1,"IOTHUB_CLIENT_CONFIRMATION_OK"
22394,4021307360,4021307420,1,"IOTHUB_CLIENT_CONFIRMATION_OK"
22395,4021307560,4021307615,1,"IOTHUB_CLIENT_CONFIRMATION_OK"
22396,4021307761,4021307808,1,"IOTHUB_CLIENT_CONFIRMATION_OK"
22397,4021307961,4021307995,1,"IOTHUB_CLIENT_CONFIRMATION_OK"
22398,4021308161,4021308201,1,"IOTHUB_CLIENT_CONFIRMATION_OK"
22399,4021308361,4021308428,1,"IOTHUB_CLIENT_CONFIRMATION_OK"
22400,4021308561,4021308605,1,"IOTHUB_CLIENT_CONFIRMATION_OK"
22401,4021308761,4021308806,1,"IOTHUB_CLIENT_CONFIRMATION_OK"
22402,4021308962,4021309018,1,"IOTHUB_CLIENT_CONFIRMATION_OK"
22403,4021309162,4021309223,1,"IOTHUB_CLIENT_CONFIRMATION_OK"
22404,4021309362,4021309424,1,"IOTHUB_CLIENT_CONFIRMATION_OK"
22405,4021309562,4021309605,1,"IOTHUB_CLIENT_CONFIRMATION_OK"
22406,4021309762,4021309811,1,"IOTHUB_CLIENT_CONFIRMATION_OK"
22407,4021309962,4021310001,1,"IOTHUB_CLIENT_CONFIRMATION_OK"
22408,4021310163,4021310223,1,"IOTHUB_CLIENT_CONFIRMATION_OK"
22409,4021310363,4021310412,1,"IOTHUB_CLIENT_CONFIRMATION_OK"
22410,4021310563,4021310635,1,"IOTHUB_CLIENT_CONFIRMATION_OK"
22411,4021310763,4021310830,1,"IOTHUB_CLIENT_CONFIRMATION_OK"
22412,4021310963,4021311011,1,"IOTHUB_CLIENT_CONFIRMATION_OK"
22413,4021311163,4021311201,1,"IOTHUB_CLIENT_CONFIRMATION_OK"
22414,4021311364,4021311540,1,"IOTHUB_CLIENT_CONFIRMATION_OK"
22415,4021311564,4021311621,1,"IOTHUB_CLIENT_CONFIRMATION_OK"
22416,4021311764,4021311805,1,"IOTHUB_CLIENT_CONFIRMATION_OK"
22417,4021311964,4021312007,1,"IOTHUB_CLIENT_CONFIRMATION_OK"
22418,4021312164,4021312199,1,"IOTHUB_CLIENT_CONFIRMATION_OK"
22419,4021312364,4021312484,1,"IOTHUB_CLIENT_CONFIRMATION_OK"
22420,4021312564,4021312604,1,"IOTHUB_CLIENT_CONFIRMATION_OK"
22421,4021312765,4021312809,1,"IOTHUB_CLIENT_CONFIRMATION_OK"
22422,4021312965,4021313003,1,"IOTHUB_CLIENT_CONFIRMATION_OK"
22423,4021313165,4021313230,1,"IOTHUB_CLIENT_CONFIRMATION_OK"
22424,4021313365,4021313423,1,"IOTHUB_CLIENT_CONFIRMATION_OK"
22425,4021313565,4021313598,1,"IOTHUB_CLIENT_CONFIRMATION_OK"
22426,4021313765,4021313814,1,"IOTHUB_CLIENT_CONFIRMATION_OK"
22427,4021313966,4021314153,1,"IOTHUB_CLIENT_CONFIRMATION_OK"
22428,4021314166,4021314207,1,"IOTHUB_CLIENT_CONFIRMATION_OK"
22429,4021314366,4021314404,1,"IOTHUB_CLIENT_CONFIRMATION_OK"
22430,4021314566,4021314606,1,"IOTHUB_CLIENT_CONFIRMATION_OK"
22431,4021314766,4021314802,1,"IOTHUB_CLIENT_CONFIRMATION_OK"
22432,4021314966,4021315002,1,"IOTHUB_CLIENT_CONFIRMATION_OK"
22433,4021315166,4021315203,1,"IOTHUB_CLIENT_CONFIRMATION_OK"
22434,4021315367,4021315418,1,"IOTHUB_CLIENT_CONFIRMATION_OK"
22435,4021315567,4021315617,1,"IOTHUB_CLIENT_CONFIRMATION_OK"
22436,4021315767,4021315804,1,"IOTHUB_CLIENT_CONFIRMATION_OK"
22437,4021315967,4021316014,1,"IOTHUB_CLIENT_CONFIRMATION_OK"
22438,4021316167,4021316207,1,"IOTHUB_CLIENT_CONFIRMATION_OK"
22439,4021316367,4021316473,1,"IOTHUB_CLIENT_CONFIRMATION_OK"
22440,4021316568,4021316685,1,"IOTHUB_CLIENT_CONFIRMATION_OK"
22441,4021316768,4021316805,1,"IOTHUB_CLIENT_CONFIRMATION_OK"
22442,4021316968,4021317017,1,"IOTHUB_CLIENT_CONFIRMATION_OK"
22443,4021317168,4021317208,1,"IOTHUB_CLIENT_CONFIRMATION_OK"
22444,4021317368,4021317441,1,"IOTHUB_CLIENT_CONFIRMATION_OK"
22445,4021317568,4021317612,1,"IOTHUB_CLIENT_CONFIRMATION_OK"
22446,4021317769,4021317832,1,"IOTHUB_CLIENT_CONFIRMATION_OK"
22447,4021317969,4021318021,1,"IOTHUB_CLIENT_CONFIRMATION_OK"
22448,4021318169,4021318206,1,"IOTHUB_CLIENT_CONFIRMATION_OK"
22449,4021318369,4021318411,1,"IOTHUB_CLIENT_CONFIRMATION_OK"
22450,4021318569,4021318611,1,"IOTHUB_CLIENT_CONFIRMATION_OK"
22451,4021318769,4021318815,1,"IOTHUB_CLIENT_CONFIRMATION_OK"
22452,4021318969,4021319013,1,"IOTHUB_CLIENT_CONFIRMATION_OK"
22453,4021319170,4021319219,1,"IOTHUB_CLIENT_CONFIRMATION_OK"
22454,4021319370,4021319404,1,"IOTHUB_CLIENT_CONFIRMATION_OK"
22455,4021319570,4021319612,1,"IOTHUB_CLIENT_CONFIRMATION_OK"
22456,4021319770,4021319995,1,"IOTHUB_CLIENT_CONFIRMATION_OK"
22457,4021319970,4021320026,1,"IOTHUB_CLIENT_CONFIRMATION_OK"
22458,4021320170,4021320208,1,"IOTHUB_CLIENT_CONFIRMATION_OK"
22459,4021320371,4021320407,1,"IOTHUB_CLIENT_CONFIRMATION_OK"
22460,4021320571,4021320613,1,"IOTHUB_CLIENT_CONFIRMATION_OK"
22461,4021320771,4021320807,1,"IOTHUB_CLIENT_CONFIRMATION_OK"
22462,4021320971,4021321050,1,"IOTHUB_CLIENT_CONFIRMATION_OK"
22463,4021321171,4021321247,1,"IOTHUB_CLIENT_CONFIRMATION_OK"
22464,4021321371,4021321408,1,"IOTHUB_CLIENT_CONFIRMATION_OK"
22465,4021321572,4021321614,1,"IOTHUB_CLIENT_CONFIRMATION_OK"
22466,4021321772,4021321856,1,"IOTHUB_CLIENT_CONFIRMATION_OK"
22467,4021321972,4021322039,1,"IOTHUB_CLIENT_CONFIRMATION_OK"
22468,4021322172,4021322211,1,"IOTHUB_CLIENT_CONFIRMATION_OK"
22469,4021322372,4021322552,1,"IOTHUB_CLIENT_CONFIRMATION_OK"
22470,4021322572,4021322609,1,"IOTHUB_CLIENT_CONFIRMATION_OK"
22471,4021322772,4021322849,1,"IOTHUB_CLIENT_CONFIRMATION_OK"
22472,4021322973,4021323014,1,"IOTHUB_CLIENT_CONFIRMATION_OK"
22473,4021323173,4021323214,1,"IOTHUB_CLIENT_CONFIRMATION_OK"
22474,4021323373,4021323408,1,"IOTHUB_CLIENT_CONFIRMATION_OK"
22475,4021323573,4021323630,1,"IOTHUB_CLIENT_CONFIRMATION_OK"
22476,4021323773,4021323846,1,"IOTHUB_CLIENT_CONFIRMATION_OK"
22477,4021323973,4021324011,1,"IOTHUB_CLIENT_CONFIRMATION_OK"
22478,4021324174,4021324211,1,"IOTHUB_CLIENT_CONFIRMATION_OK"
22479,4021324374,4021324410,1,"IOTHUB_CLIENT_CONFIRMATION_OK"
22480,4021324574,4021324609,1,"IOTHUB_CLIENT_CONFIRMATION_OK"
22481,4021324774,4021324813,1,"IOTHUB_CLIENT_CONFIRMATION_OK"
22482,4021324974,4021325015,1,"IOTHUB_CLIENT_CONFIRMATION_OK"
22483,4021325174,4021325209,1,"IOTHUB_CLIENT_CONFIRMATION_OK"
22484,4021325375,4021325413,1,"IOTHUB_CLIENT_CONFIRMATION_OK"
22485,4021325575,4021325625,1,"IOTHUB_CLIENT_CONFIRMATION_OK"
22486,4021325775,4021325810,1,"IOTHUB_CLIENT_CONFIRMATION_OK"
22487,4021325975,4021326017,1,"IOTHUB_CLIENT_CONFIRMATION_OK"
22488,4021326175,4021326214,1,"IOTHUB_CLIENT_CONFIRMATION_OK"
22489,4021326375,4021326411,1,"IOTHUB_CLIENT_CONFIRMATION_OK"
22490,4021326575,4021326652,1,"IOTHUB_CLIENT_CONFIRMATION_OK"
22491,4021326776,4021326832,1,"IOTHUB_CLIENT_CONFIRMATION_OK"
22492,4021326976,4021327066,1,"IOTHUB_CLIENT_CONFIRMATION_OK"
22493,4021327176,4021327217,1,"IOTHUB_CLIENT_CONFIRMATION_OK"
22494,4021327376,4021327414,1,"IOTHUB_CLIENT_CONFIRMATION_OK"
22495,4021327576,4021327762,1,"IOTHUB_CLIENT_CONFIRMATION_OK"
22496,4021327776,4021327824,1,"IOTHUB_CLIENT_CONFIRMATION_OK"
22497,4021327977,4021328045,1,"IOTHUB_CLIENT_CONFIRMATION_OK"
22498,4021328177,4021328283,1,"IOTHUB_CLIENT_CONFIRMATION_OK"
22499,4021328377,4021328411,1,"IOTHUB_CLIENT_CONFIRMATION_OK"
22500,4021328577,4021328623,1,"IOTHUB_CLIENT_CONFIRMATION_OK"
22501,4021328777,4021328821,1,"IOTHUB_CLIENT_CONFIRMATION_OK"
22502,4021328977,4021329019,1,"IOTHUB_CLIENT_CONFIRMATION_OK"
22503,4021329177,4021329213,1,"IOTHUB_CLIENT_CONFIRMATION_OK"
22504,4021329378,4021329438,1,"IOTHUB_CLIENT_CONFIRMATION_OK"
22505,4021329578,4021329633,1,"IOTHUB_CLIENT_CONFIRMATION_OK"
22506,4021329778,4021329818,1,"IOTHUB_CLIENT_CONFIRMATION_OK"
22507,4021329978,4021330034,1,"IOTHUB_CLIENT_CONFIRMATION_OK"
22508,4021330178,4021330216,1,"IOTHUB_CLIENT_CONFIRMATION_OK"
22509,4021330378,4021330417,1,"IOTHUB_CLIENT_CONFIRMATION_OK"
22510,4021330579,4021330615,1,"IOTHUB_CLIENT_CONFIRMATION_OK"
22511,4021330779,4021330938,1,"IOTHUB_CLIENT_CONFIRMATION_OK"
22512,4021330979,4021331026,1,"IOTHUB_CLIENT_CONFIRMATION_OK"
22513,4021331179,4021331242,1,"IOTHUB_CLIENT_CONFIRMATION_OK"
22514,4021331379,4021331530,1,"IOTHUB_CLIENT_CONFIRMATION_OK"
22515,4021331579,4021331616,1,"IOTHUB_CLIENT_CONFIRMATION_OK"
22516,4021331779,4021331816,1,"IOTHUB_CLIENT_CONFIRMATION_OK"
22517,4021331980,4021332049,1,"IOTHUB_CLIENT_CONFIRMATION_OK"
22518,4021332180,4021332220,1,"IOTHUB_CLIENT_CONFIRMATION_OK"
22519,4021332380,4021332427,1,"IOTHUB_CLIENT_CONFIRMATION_OK"
22520,4021332580,4021332617,1,"IOTHUB_CLIENT_CONFIRMATION_OK"
22521,4021332780,4021332839,1,"IOTHUB_CLIENT_CONFIRMATION_OK"
22522,4021332980,4021333026,1,"IOTHUB_CLIENT_CONFIRMATION_OK"
22523,4021333181,4021333264,1,"IOTHUB_CLIENT_CONFIRMATION_OK"
22524,4021333381,4021333432,1,"IOTHUB_CLIENT_CONFIRMATION_OK"
22525,4021333581,4021333699,1,"IOTHUB_CLIENT_CONFIRMATION_OK"
22526,4021333781,4021333918,1,"IOTHUB_CLIENT_CONFIRMATION_OK"
22527,4021333981,4021334025,1,"IOTHUB_CLIENT_CONFIRMATION_OK"
22528,4021334181,4021334272,1,"IOTHUB_CLIENT_CONFIRMATION_OK"
22529,4021334381,4021334435,1,"IOTHUB_CLIENT_CONFIRMATION_OK"
22530,4021334582,4021334622,1,"IOTHUB_CLIENT_CONFIRMATION_OK"
22531,4021334782,4021334832,1,"IOTHUB_CLIENT_CONFIRMATION_OK"
22532,4021334982,4021335025,1,"IOTHUB_CLIENT_CONFIRMATION_OK"
22533,4021335182,4021335225,1,"IOTHUB_CLIENT_CONFIRMATION_OK"
22534,4021335382,4021335504,1,"IOTHUB_CLIENT_CONFIRMATION_OK"
22535,4021335582,4021335664,1,"IOTHUB_CLIENT_CONFIRMATION_OK"
22536,4021335783,4021335831,1,"IOTHUB_CLIENT_CONFIRMATION_OK"
22537,4021335983,4021336065,1,"IOTHUB_CLIENT_CONFIRMATION_OK"
22538,4021336183,4021336218,1,"IOTHUB_CLIENT_CONFIRMATION_OK"
22539,4021336383,4021336428,1,"IOTHUB_CLIENT_CONFIRMATION_OK"
22540,4021336583,4021336664,1,"IOTHUB_CLIENT_CONFIRMATION_OK"
22541,4021336783,4021336821,1,"IOTHUB_CLIENT_CONFIRMATION_OK"
22542,4021336984,4021337027,1,"IOTHUB_CLIENT_CONFIRMATION_OK"
22543,4021337184,4021337219,1,"IOTHUB_CLIENT_CONFIRMATION_OK"
22544,4021337384,4021337422,1,"IOTHUB_CLIENT_CONFIRMATION_OK"
22545,4021337584,4021337658,1,"IOTHUB_CLIENT_CONFIRMATION_OK"
22546,4021337784,4021337821,1,"IOTHUB_CLIENT_CONFIRMATION_OK"
22547,4021337984,4021338039,1,"IOTHUB_CLIENT_CONFIRMATION_OK"
22548,4021338184,4021338257,1,"IOTHUB_CLIENT_CONFIRMATION_OK"
22549,4021338385,4021338443,1,"IOTHUB_CLIENT_CONFIRMATION_OK"
22550,4021338585,4021338627,1,"IOTHUB_CLIENT_CONFIRMATION_OK"
22551,4021338785,4021338820,1,"IOTHUB_CLIENT_CONFIRMATION_OK"
22552,4021338985,4021339046,1,"IOTHUB_CLIENT_CONFIRMATION_OK"
22553,4021339185,4021339328,1,"IOTHUB_CLIENT_CONFIRMATION_OK"
22554,4021339385,4021339430,1,"IOTHUB_CLIENT_CONFIRMATION_OK"
22555,4021339586,4021339640,1,"IOTHUB_CLIENT_CONFIRMATION_OK"
22556,4021339786,4021339928,1,"IOTHUB_CLIENT_CONFIRMATION_OK"
22557,4021339986,4021340024,1,"IOTHUB_CLIENT_CONFIRMATION_OK"
22558,4021340186,4021340216,1,"IOTHUB_CLIENT_CONFIRMATION_OK"
22559,4021340386,4021340421,1,"IOTHUB_CLIENT_CONFIRMATION_OK"
22560,4021340586,4021340634,1,"IOTHUB_CLIENT_CONFIRMATION_OK"
22561,4021340787,4021340829,1,"IOTHUB_CLIENT_CONFIRMATION_OK"
22562,4021340987,4021341021,1,"IOTHUB_CLIENT_CONFIRMATION_OK"
22563,4021341187,4021341225,1,"IOTHUB_CLIENT_CONFIRMATION_OK"
22564,4021341387,4021341440,1,"IOTHUB_CLIENT_CONFIRMATION_OK"
22565,4021341587,4021341623,1,"IOTHUB_CLIENT_CONFIRMATION_OK"
22566,4021341787,4021341833,1,"IOTHUB_CLIENT_CONFIRMATION_OK"
22567,4021341987,4021342033,1,"IOTHUB_CLIENT_CONFIRMATION_OK"
22568,4021342188,4021342223,1,"IOTHUB_CLIENT_CONFIRMATION_OK"
22569,4021342388,4021342424,1,"IOTHUB_CLIENT_CONFIRMATION_OK"
22570,4021342588,4021342644,1,"IOTHUB_CLIENT_CONFIRMATION_OK"
22571,4021342788,4021342826,1,"IOTHUB_CLIENT_CONFIRMATION_OK"
22572,4021342988,4021343025,1,"IOTHUB_CLIENT_CONFIRMATION_OK"
22573,4021343188,4021343229,1,"IOTHUB_CLIENT_CONFIRMATION_OK"
22574,4021343389,4021343432,1,"IOTHUB_CLIENT_CONFIRMATION_OK"
22575,4021343589,4021343648,1,"IOTHUB_CLIENT_CONFIRMATION_OK"
22576,4021343789,4021343832,1,"IOTHUB_CLIENT_CONFIRMATION_OK"
22577,4021343989,4021344024,1,"IOTHUB_CLIENT_CONFIRMATION_OK"
22578,4021344189,4021344232,1,"IOTHUB_CLIENT_CONFIRMATION_OK"
22579,4021344389,4021344444,1,"IOTHUB_CLIENT_CONFIRMATION_OK"
22580,4021344589,4021344650,1,"IOTHUB_CLIENT_CONFIRMATION_OK"
22581,4021344790,4021344842,1,"IOTHUB_CLIENT_CONFIRMATION_OK"
22582,4021344990,4021345066,1,"IOTHUB_CLIENT_CONFIRMATION_OK"
22583,4021345190,4021345261,1,"IOTHUB_CLIENT_CONFIRMATION_OK"
22584,4021345390,4021345433,1,"IOTHUB_CLIENT_CONFIRMATION_OK"
22585,4021345590,4021345671,1,"IOTHUB_CLIENT_CONFIRMATION_OK"
22586,4021345790,4021345832,1,"IOTHUB_CLIENT_CONFIRMATION_OK"
22587,4021345991,4021346031,1,"IOTHUB_CLIENT_CONFIRMATION_OK"
22588,4021346191,4021346254,1,"IOTHUB_CLIENT_CONFIRMATION_OK"
22589,4021346391,4021346434,1,"IOTHUB_CLIENT_CONFIRMATION_OK"
22590,4021346591,4021346624,1,"IOTHUB_CLIENT_CONFIRMATION_OK"
22591,4021346791,4021346836,1,"IOTHUB_CLIENT_CONFIRMATION_OK"
22592,4021346991,4021347106,1,"IOTHUB_CLIENT_CONFIRMATION_OK"
22593,4021347192,4021347231,1,"IOTHUB_CLIENT_CONFIRMATION_OK"
22594,4021347392,4021347428,1,"IOTHUB_CLIENT_CONFIRMATION_OK"
22595,4021347592,4021347719,1,"IOTHUB_CLIENT_CONFIRMATION_OK"
22596,4021347792,4021347825,1,"IOTHUB_CLIENT_CONFIRMATION_OK"
22597,4021347992,4021348029,1,"IOTHUB_CLIENT_CONFIRMATION_OK"
22598,4021348192,4021348319,1,"IOTHUB_CLIENT_CONFIRMATION_OK"
22599,4021348393,4021348430,1,"IOTHUB_CLIENT_CONFIRMATION_OK"
22600,4021348593,4021348643,1,"IOTHUB_CLIENT_CONFIRMATION_OK"
22601,4021348793,4021348858,1,"IOTHUB_CLIENT_CONFIRMATION_OK"
22602,4021348993,4021349043,1,"IOTHUB_CLIENT_CONFIRMATION_OK"
22603,4021349193,4021349250,1,"IOTHUB_CLIENT_CONFIRMATION_OK"
22604,4021349393,4021349437,1,"IOTHUB_CLIENT_CONFIRMATION_OK"
22605,4021349593,4021349634,1,"IOTHUB_CLIENT_CONFIRMATION_OK"
22606,4021349794,4021349830,1,"IOTHUB_CLIENT_CONFIRMATION_OK"
22607,4021349994,4021350036,1,"IOTHUB_CLIENT_CONFIRMATION_OK"
22608,4021350194,4021350233,1,"IOTHUB_CLIENT_CONFIRMATION_OK"
22609,4021350394,4021350429,1,"IOTHUB_CLIENT_CONFIRMATION_OK"
22610,4021350594,4021350636,1,"IOTHUB_CLIENT_CONFIRMATION_OK"
22611,4021350794,4021350851,1,"IOTHUB_CLIENT_CONFIRMATION_OK"
22612,4021350994,4021351043,1,"IOTHUB_CLIENT_CONFIRMATION_OK"
22613,4021351195,4021351252,1,"IOTHUB_CLIENT_CONFIRMATION_OK"
22614,4021351395,4021351449,1,"IOTHUB_CLIENT_CONFIRMATION_OK"
22615,4021351595,4021351633,1,"IOTHUB_CLIENT_CONFIRMATION_OK"
22616,4021351795,4021351876,1,"IOTHUB_CLIENT_CONFIRMATION_OK"
22617,4021351995,4021352046,1,"IOTHUB_CLIENT_CONFIRMATION_OK"
22618,4021352195,4021352239,1,"IOTHUB_CLIENT_CONFIRMATION_OK"
22619,4021352395,4021352436,1,"IOTHUB_CLIENT_CONFIRMATION_OK"
22620,4021352596,4021352635,1,"IOTHUB_CLIENT_CONFIRMATION_OK"
22621,4021352796,4021352866,1,"IOTHUB_CLIENT_CONFIRMATION_OK"
22622,4021352996,4021353034,1,"IOTHUB_CLIENT_CONFIRMATION_OK"
22623,4021353196,4021353246,1,"IOTHUB_CLIENT_CONFIRMATION_OK"
22624,4021353396,4021353501,1,"IOTHUB_CLIENT_CONFIRMATION_OK"
22625,4021353596,4021353644,1,"IOTHUB_CLIENT_CONFIRMATION_OK"
22626,4021353797,4021353833,1,"IOTHUB_CLIENT_CONFIRMATION_OK"
22627,4021353997,4021354114,1,"IOTHUB_CLIENT_CONFIRMATION_OK"
22628,4021354197,4021354240,1,"IOTHUB_CLIENT_CONFIRMATION_OK"
22629,4021354397,4021354442,1,"IOTHUB_CLIENT_CONFIRMATION_OK"
22630,4021354597,4021354639,1,"IOTHUB_CLIENT_CONFIRMATION_OK"
22631,4021354797,4021354845,1,"IOTHUB_CLIENT_CONFIRMATION_OK"
22632,4021354998,4021355047,1,"IOTHUB_CLIENT_CONFIRMATION_OK"
22633,4021355198,4021355236,1,"IOTHUB_CLIENT_CONFIRMATION_OK"
22634,4021355398,4021355443,1,"IOTHUB_CLIENT_CONFIRMATION_OK"
22635,4021355598,4021355724,1,"IOTHUB_CLIENT_CONFIRMATION_OK"
22636,4021355798,4021355861,1,"IOTHUB_CLIENT_CONFIRMATION_OK"
22637,4021355998,4021356084,1,"IOTHUB_CLIENT_CONFIRMATION_OK"
22638,4021356198,4021356263,1,"IOTHUB_CLIENT_CONFIRMATION_OK"
22639,4021356399,4021356442,1,"IOTHUB_CLIENT_CONFIRMATION_OK"
22640,4021356599,4021356789,1,"IOTHUB_CLIENT_CONFIRMATION_OK"
22641,4021356799,4021356835,1,"IOTHUB_CLIENT_CONFIRMATION_OK"
22642,4021356999,4021357046,1,"IOTHUB_CLIENT_CONFIRMATION_OK"
22643,4021357199,4021357255,1,"IOTHUB_CLIENT_CONFIRMATION_OK"
22644,4021357399,4021357476,1,"IOTHUB_CLIENT_CONFIRMATION_OK"
22645,4021357599,4021357640,1,"IOTHUB_CLIENT_CONFIRMATION_OK"
22646,4021357800,4021357859,1,"IOTHUB_CLIENT_CONFIRMATION_OK"
22647,4021358000,4021358052,1,"IOTHUB_CLIENT_CONFIRMATION_OK"
22648,4021358200,4021358235,1,"IOTHUB_CLIENT_CONFIRMATION_OK"
22649,4021358400,4021358446,1,"IOTHUB_CLIENT_CONFIRMATION_OK"
22650,4021358600,4021358660,1,"IOTHUB_CLIENT_CONFIRMATION_OK"
22651,4021358800,4021358840,1,"IOTHUB_CLIENT_CONFIRMATION_OK"
22652,4021359001,4021359036,1,"IOTHUB_CLIENT_CONFIRMATION_OK"
22653,4021359201,4021359377,1,"IOTHUB_CLIENT_CONFIRMATION_OK"
22654,4021359401,4021359444,1,"IOTHUB_CLIENT_CONFIRMATION_OK"
22655,4021359601,4021359645,1,"IOTHUB_CLIENT_CONFIRMATION_OK"
22656,4021359801,4021360080,1,"IOTHUB_CLIENT_CONFIRMATION_OK"
22657,4021360001,4021360101,1,"IOTHUB_CLIENT_CONFIRMATION_OK"
22658,4021360201,4021360244,1,"IOTHUB_CLIENT_CONFIRMATION_OK"
22659,4021360402,4021360444,1,"IOTHUB_CLIENT_CONFIRMATION_OK"
22660,4021360602,4021360656,1,"IOTHUB_CLIENT_CONFIRMATION_OK"
22661,4021360802,4021360866,1,"IOTHUB_CLIENT_CONFIRMATION_OK"
22662,4021361002,4021361076,1,"IOTHUB_CLIENT_CONFIRMATION_OK"
22663,4021361202,4021361243,1,"IOTHUB_CLIENT_CONFIRMATION_OK"
22664,4021361402,4021361443,1,"IOTHUB_CLIENT_CONFIRMATION_OK"
22665,4021361603,4021361695,1,"IOTHUB_CLIENT_CONFIRMATION_OK"
22666,4021361803,4021361860,1,"IOTHUB_CLIENT_CONFIRMATION_OK"
22667,4021362003,4021362048,1,"IOTHUB_CLIENT_CONFIRMATION_OK"
22668,4021362203,4021362243,1,"IOTHUB_CLIENT_CONFIRMATION_OK"
22669,4021362403,4021362459,1,"IOTHUB_CLIENT_CONFIRMATION_OK"
22670,4021362603,4021362640,1,"IOTHUB_CLIENT_CONFIRMATION_OK"
22671,4021362803,4021362842,1,"IOTHUB_CLIENT_CONFIRMATION_OK"
22672,4021363004,4021363039,1,"IOTHUB_CLIENT_CONFIRMATION_OK"
22673,4021363204,4021363247,1,"IOTHUB_CLIENT_CONFIRMATION_OK"
22674,4021363404,4021363451,1,"IOTHUB_CLIENT_CONFIRMATION_OK"
22675,4021363604,4021363657,1,"IOTHUB_CLIENT_CONFIRMATION_OK"
22676,4021363804,4021363858,1,"IOTHUB_CLIENT_CONFIRMATION_OK"
22677,4021364004,4021364045,1,"IOTHUB_CLIENT_CONFIRMATION_OK"
22678,4021364205,4021364239,1,"IOTHUB_CLIENT_CONFIRMATION_OK"
22679,4021364405,4021364443,1,"IOTHUB_CLIENT_CONFIRMATION_OK"
22680,4021364605,4021364661,1,"IOTHUB_CLIENT_CONFIRMATION_OK"
22681,4021364805,4021364879,1,"IOTHUB_CLIENT_CONFIRMATION_OK"
22682,4021365005,4021365078,1,"IOTHUB_CLIENT_CONFIRMATION_OK"
22683,4021365205,4021365275,1,"IOTHUB_CLIENT_CONFIRMATION_OK"
22684,4021365405,4021365444,1,"IOTHUB_CLIENT_CONFIRMATION_OK"
22685,4021365606,4021365723,1,"IOTHUB_CLIENT_CONFIRMATION_OK"
22686,4021365806,4021365860,1,"IOTHUB_CLIENT_CONFIRMATION_OK"
22687,4021366006,4021366050,1,"IOTHUB_CLIENT_CONFIRMATION_OK"
22688,4021366206,4021366255,1,"IOTHUB_CLIENT_CONFIRMATION_OK"
22689,4021366406,4021366444,1,"IOTHUB_CLIENT_CONFIRMATION_OK"
22690,4021366606,4021366641,1,"IOTHUB_CLIENT_CONFIRMATION_OK"
22691,4021366807,4021366862,1,"IOTHUB_CLIENT_CONFIRMATION_OK"
22692,4021367007,4021367047,1,"IOTHUB_CLIENT_CONFIRMATION_OK"
22693,4021367207,4021367258,1,"IOTHUB_CLIENT_CONFIRMATION_OK"
22694,4021367407,4021367445,1,"IOTHUB_CLIENT_CONFIRMATION_OK"
22695,4021367607,4021367648,1,"IOTHUB_CLIENT_CONFIRMATION_OK"
22696,4021367807,4021367857,1,"IOTHUB_CLIENT_CONFIRMATION_OK"
22697,4021368007,4021368045,1,"IOTHUB_CLIENT_CONFIRMATION_OK"
22698,4021368208,4021368351,1,"IOTHUB_CLIENT_CONFIRMATION_OK"
22699,4021368408,4021368466,1,"IOTHUB_CLIENT_CONFIRMATION_OK"
22700,4021368608,4021368648,1,"IOTHUB_CLIENT_CONFIRMATION_OK"
22701,4021368808,4021368860,1,"IOTHUB_CLIENT_CONFIRMATION_OK"
22702,4021369008,4021369060,1,"IOTHUB_CLIENT_CONFIRMATION_OK"
22703,4021369208,4021369253,1,"IOTHUB_CLIENT_CONFIRMATION_OK"
22704,4021369408,4021369456,1,"IOTHUB_CLIENT_CONFIRMATION_OK"
22705,4021369609,4021369643,1,"IOTHUB_CLIENT_CONFIRMATION_OK"
22706,4021369809,4021369880,1,"IOTHUB_CLIENT_CONFIRMATION_OK"
22707,4021370009,4021370053,1,"IOTHUB_CLIENT_CONFIRMATION_OK"
22708,4021370209,4021370252,1,"IOTHUB_CLIENT_CONFIRMATION_OK"
22709,4021370409,4021370460,1,"IOTHUB_CLIENT_CONFIRMATION_OK"
22710,4021370609,4021370648,1,"IOTHUB_CLIENT_CONFIRMATION_OK"
22711,4021370809,4021370894,1,"IOTHUB_CLIENT_CONFIRMATION_OK"
22712,4021371010,4021371049,1,"IOTHUB_CLIENT_CONFIRMATION_OK"
22713,4021371210,4021371254,1,"IOTHUB_CLIENT_CONFIRMATION_OK"
22714,4021371410,4021371493,1,"IOTHUB_CLIENT_CONFIRMATION_OK"
22715,4021371610,4021371654,1,"IOTHUB_CLIENT_CONFIRMATION_OK"
22716,4021371810,4021371858,1,"IOTHUB_CLIENT_CONFIRMATION_OK"
22717,4021372010,4021372111,1,"IOTHUB_CLIENT_CONFIRMATION_OK"
22718,4021372211,4021372260,1,"IOTHUB_CLIENT_CONFIRMATION_OK"
22719,4021372411,4021372459,1,"IOTHUB_CLIENT_CONFIRMATION_OK"
22720,4021372611,4021372722,1,"IOTHUB_CLIENT_CONFIRMATION_OK"
22721,4021372811,4021372914,1,"IOTHUB_CLIENT_CONFIRMATION_OK"
22722,4021373011,4021373049,1,"IOTHUB_CLIENT_CONFIRMATION_OK"
22723,4021373211,4021373252,1,"IOTHUB_CLIENT_CONFIRMATION_OK"
22724,4021373411,4021373546,1,"IOTHUB_CLIENT_CONFIRMATION_OK"
22725,4021373612,4021373655,1,"IOTHUB_CLIENT_CONFIRMATION_OK"
22726,4021373812,4021373850,1,"IOTHUB_CLIENT_CONFIRMATION_OK"
22727,4021374012,4021374134,1,"IOTHUB_CLIENT_CONFIRMATION_OK"
22728,4021374212,4021374258,1,"IOTHUB_CLIENT_CONFIRMATION_OK"
22729,4021374412,4021374457,1,"IOTHUB_CLIENT_CONFIRMATION_OK"
22730,4021374612,4021374659,1,"IOTHUB_CLIENT_CONFIRMATION_OK"
22731,4021374812,4021374859,1,"IOTHUB_CLIENT_CONFIRMATION_OK"
22732,4021375013,4021375049,1,"IOTHUB_CLIENT_CONFIRMATION_OK"
22733,4021375213,4021375268,1,"IOTHUB_CLIENT_CONFIRMATION_OK"
22734,4021375413,4021375455,1,"IOTHUB_CLIENT_CONFIRMATION_OK"
22735,4021375613,4021375653,1,"IOTHUB_CLIENT_CONFIRMATION_OK"
22736,4021375813,4021375862,1,"IOTHUB_CLIENT_CONFIRMATION_OK"
22737,4021376013,4021376054,1,"IOTHUB_CLIENT_CONFIRMATION_OK"
22738,4021376214,4021376250,1,"IOTHUB_CLIENT_CONFIRMATION_OK"
22739,4021376414,4021376463,1,"IOTHUB_CLIENT_CONFIRMATION_OK"
22740,4021376614,4021376792,1,"IOTHUB_CLIENT_CONFIRMATION_OK"
22741,4021376814,4021376884,1,"IOTHUB_CLIENT_CONFIRMATION_OK"
22742,4021377014,4021377086,1,"IOTHUB_CLIENT_CONFIRMATION_OK"
22743,4021377214,4021377255,1,"IOTHUB_CLIENT_CONFIRMATION_OK"
22744,4021377414,4021377456,1,"IOTHUB_CLIENT_CONFIRMATION_OK"
22745,4021377615,4021377653,1,"IOTHUB_CLIENT_CONFIRMATION_OK"
22746,4021377815,4021377854,1,"IOTHUB_CLIENT_CONFIRMATION_OK"
22747,4021378015,4021378055,1,"IOTHUB_CLIENT_CONFIRMATION_OK"
22748,4021378215,4021378267,1,"IOTHUB_CLIENT_CONFIRMATION_OK"
22749,4021378415,4021378469,1,"IOTHUB_CLIENT_CONFIRMATION_OK"
22750,4021378615,4021378657,1,"IOTHUB_CLIENT_CONFIRMATION_OK"
22751,4021378816,4021378851,1,"IOTHUB_CLIENT_CONFIRMATION_OK"
22752,4021379016,4021379059,1,"IOTHUB_CLIENT_CONFIRMATION_OK"
22753,4021379216,4021379275,1,"IOTHUB_CLIENT_CONFIRMATION_OK"
22754,4021379416,4021379469,1,"IOTHUB_CLIENT_CONFIRMATION_OK"
22755,4021379616,4021379655,1,"IOTHUB_CLIENT_CONFIRMATION_OK"
22756,4021379817,4021379865,1,"IOTHUB_CLIENT_CONFIRMATION_OK"
22757,4021380017,4021380054,1,"IOTHUB_CLIENT_CONFIRMATION_OK"
22758,4021380217,4021380254,1,"IOTHUB_CLIENT_CONFIRMATION_OK"
22759,4021380417,4021380471,1,"IOTHUB_CLIENT_CONFIRMATION_OK"
22760,4021380617,4021380654,1,"IOTHUB_CLIENT_CONFIRMATION_OK"
22761,4021380817,4021380857,1,"IOTHUB_CLIENT_CONFIRMATION_OK"
22762,4021381017,4021381060,1,"IOTHUB_CLIENT_CONFIRMATION_OK"
22763,4021381218,4021381334,1,"IOTHUB_CLIENT_CONFIRMATION_OK"
22764,4021381418,4021381454,1,"IOTHUB_CLIENT_CONFIRMATION_OK"
22765,4021381618,4021381661,1,"IOTHUB_CLIENT_CONFIRMATION_OK"
22766,4021381818,4021381927,1,"IOTHUB_CLIENT_CONFIRMATION_OK"
22767,4021382018,4021382054,1,"IOTHUB_CLIENT_CONFIRMATION_OK"
22768,4021382218,4021382266,1,"IOTHUB_CLIENT_CONFIRMATION_OK"
22769,4021382419,4021382531,1,"IOTHUB_CLIENT_CONFIRMATION_OK"
22770,4021382619,4021382658,1,"IOTHUB_CLIENT_CONFIRMATION_OK"
22771,4021382819,4021382861,1,"IOTHUB_CLIENT_CONFIRMATION_OK"
22772,4021383019,4021383070,1,"IOTHUB_CLIENT_CONFIRMATION_OK"
22773,4021383219,4021383273,1,"IOTHUB_CLIENT_CONFIRMATION_OK"
22774,4021383419,4021383452,1,"IOTHUB_CLIENT_CONFIRMATION_OK"
22775,4021383620,4021383679,1,"IOTHUB_CLIENT_CONFIRMATION_OK"
22776,4021383820,4021383860,1,"IOTHUB_CLIENT_CONFIRMATION_OK"
22777,4021384020,4021384055,1,"IOTHUB_CLIENT_CONFIRMATION_OK"
22778,4021384220,4021384255,1,"IOTHUB_CLIENT_CONFIRMATION_OK"
22779,4021384420,4021384558,1,"IOTHUB_CLIENT_CONFIRMATION_OK"
22780,4021384620,4021384665,1,"IOTHUB_CLIENT_CONFIRMATION_OK"
22781,4021384821,4021384869,1,"IOTHUB_CLIENT_CONFIRMATION_OK"
22782,4021385021,4021385167,1,"IOTHUB_CLIENT_CONFIRMATION_OK"
22783,4021385221,4021385283,1,"IOTHUB_CLIENT_CONFIRMATION_OK"
22784,4021385421,4021385459,1,"IOTHUB_CLIENT_CONFIRMATION_OK"
22785,4021385621,4021385785,1,"IOTHUB_CLIENT_CONFIRMATION_OK"
22786,4021385821,4021385874,1,"IOTHUB_CLIENT_CONFIRMATION_OK"
22787,4021386021,4021386069,1,"IOTHUB_CLIENT_CONFIRMATION_OK"
22788,4021386222,4021386263,1,"IOTHUB_CLIENT_CONFIRMATION_OK"
22789,4021386422,4021386464,1,"IOTHUB_CLIENT_CONFIRMATION_OK"
22790,4021386622,4021386670,1,"IOTHUB_CLIENT_CONFIRMATION_OK"
22791,4021386822,4021386869,1,"IOTHUB_CLIENT_CONFIRMATION_OK"
22792,4021387022,4021387064,1,"IOTHUB_CLIENT_CONFIRMATION_OK"
22793,4021387222,4021387258,1,"IOTHUB_CLIENT_CONFIRMATION_OK"
22794,4021387422,4021387460,1,"IOTHUB_CLIENT_CONFIRMATION_OK"
22795,4021387623,4021387658,1,"IOTHUB_CLIENT_CONFIRMATION_OK"
22796,4021387823,4021387860,1,"IOTHUB_CLIENT_CONFIRMATION_OK"
22797,4021388023,4021388069,1,"IOTHUB_CLIENT_CONFIRMATION_OK"
22798,4021388223,4021388257,1,"IOTHUB_CLIENT_CONFIRMATION_OK"
22799,4021388423,4021388464,1,"IOTHUB_CLIENT_CONFIRMATION_OK"
22800,4021388623,4021388685,1,"IOTHUB_CLIENT_CONFIRMATION_OK"
22801,4021388824,4021388865,1,"IOTHUB_CLIENT_CONFIRMATION_OK"
22802,4021389024,4021389115,1,"IOTHUB_CLIENT_CONFIRMATION_OK"
22803,4021389224,4021389266,1,"IOTHUB_CLIENT_CONFIRMATION_OK"
22804,4021389424,4021389472,1,"IOTHUB_CLIENT_CONFIRMATION_OK"
22805,4021389624,4021389681,1,"IOTHUB_CLIENT_CONFIRMATION_OK"
22806,4021389824,4021389870,1,"IOTHUB_CLIENT_CONFIRMATION_OK"
22807,4021390024,4021390060,1,"IOTHUB_CLIENT_CONFIRMATION_OK"
22808,4021390225,4021390297,1,"IOTHUB_CLIENT_CONFIRMATION_OK"
22809,4021390425,4021390461,1,"IOTHUB_CLIENT_CONFIRMATION_OK"
22810,4021390625,4021390665,1,"IOTHUB_CLIENT_CONFIRMATION_OK"
22811,4021390825,4021390898,1,"IOTHUB_CLIENT_CONFIRMATION_OK"
22812,4021391025,4021391085,1,"IOTHUB_CLIENT_CONFIRMATION_OK"
22813,4021391225,4021391264,1,"IOTHUB_CLIENT_CONFIRMATION_OK"
22814,4021391426,4021391522,1,"IOTHUB_CLIENT_CONFIRMATION_OK"
22815,4021391626,4021391687,1,"IOTHUB_CLIENT_CONFIRMATION_OK"
22816,4021391826,4021391866,1,"IOTHUB_CLIENT_CONFIRMATION_OK"
22817,4021392026,4021392087,1,"IOTHUB_CLIENT_CONFIRMATION_OK"
22818,4021392226,4021392291,1,"IOTHUB_CLIENT_CONFIRMATION_OK"
22819,4021392426,4021392515,1,"IOTHUB_CLIENT_CONFIRMATION_OK"
22820,4021392626,4021392661,1,"IOTHUB_CLIENT_CONFIRMATION_OK"
22821,4021392827,4021392967,1,"IOTHUB_CLIENT_CONFIRMATION_OK"
22822,4021393027,4021393061,1,"IOTHUB_CLIENT_CONFIRMATION_OK"
22823,4021393227,4021393266,1,"IOTHUB_CLIENT_CONFIRMATION_OK"
22824,4021393427,4021393563,1,"IOTHUB_CLIENT_CONFIRMATION_OK"
22825,4021393627,4021393671,1,"IOTHUB_CLIENT_CONFIRMATION_OK"
22826,4021393827,4021393907,1,"IOTHUB_CLIENT_CONFIRMATION_OK"
22827,4021394027,4021394180,1,"IOTHUB_CLIENT_CONFIRMATION_OK"
22828,4021394228,4021394265,1,"IOTHUB_CLIENT_CONFIRMATION_OK"
22829,4021394428,4021394471,1,"IOTHUB_CLIENT_CONFIRMATION_OK"
22830,4021394628,4021394679,1,"IOTHUB_CLIENT_CONFIRMATION_OK"
22831,4021394828,4021394863,1,"IOTHUB_CLIENT_CONFIRMATION_OK"
22832,4021395028,4021395074,1,"IOTHUB_CLIENT_CONFIRMATION_OK"
22833,4021395228,4021395265,1,"IOTHUB_CLIENT_CONFIRMATION_OK"
22834,4021395428,4021395477,1,"IOTHUB_CLIENT_CONFIRMATION_OK"
22835,4021395629,4021395669,1,"IOTHUB_CLIENT_CONFIRMATION_OK"
22836,4021395829,4021395869,1,"IOTHUB_CLIENT_CONFIRMATION_OK"
22837,4021396029,4021396083,1,"IOTHUB_CLIENT_CONFIRMATION_OK"
22838,4021396229,4021396274,1,"IOTHUB_CLIENT_CONFIRMATION_OK"
22839,4021396429,4021396476,1,"IOTHUB_CLIENT_CONFIRMATION_OK"
22840,4021396629,4021396672,1,"IOTHUB_CLIENT_CONFIRMATION_OK"
22841,4021396830,4021396867,1,"IOTHUB_CLIENT_CONFIRMATION_OK"
22842,4021397030,4021397082,1,"IOTHUB_CLIENT_CONFIRMATION_OK"
22843,4021397230,4021397279,1,"IOTHUB_CLIENT_CONFIRMATION_OK"
22844,4021397430,4021397492,1,"IOTHUB_CLIENT_CONFIRMATION_OK"
22845,4021397630,4021397693,1,"IOTHUB_CLIENT_CONFIRMATION_OK"
22846,4021397830,4021397876,1,"IOTHUB_CLIENT_CONFIRMATION_OK"
22847,4021398030,4021398186,1,"IOTHUB_CLIENT_CONFIRMATION_OK"
22848,4021398231,4021398265,1,"IOTHUB_CLIENT_CONFIRMATION_OK"
22849,4021398431,4021398474,1,"IOTHUB_CLIENT_CONFIRMATION_OK"
22850,4021398631,4021398723,1,"IOTHUB_CLIENT_CONFIRMATION_OK"
22851,4021398831,4021398868,1,"IOTHUB_CLIENT_CONFIRMATION_OK"
22852,4021399031,4021399127,1,"IOTHUB_CLIENT_CONFIRMATION_OK"
22853,4021399231,4021399345,1,"IOTHUB_CLIENT_CONFIRMATION_OK"
22854,4021399432,4021399465,1,"IOTHUB_CLIENT_CONFIRMATION_OK"
22855,4021399632,4021399670,1,"IOTHUB_CLIENT_CONFIRMATION_OK"
22856,4021399832,4021399926,1,"IOTHUB_CLIENT_CONFIRMATION_OK"
22857,4021400032,4021400112,1,"IOTHUB_CLIENT_CONFIRMATION_OK"
22858,4021400232,4021400266,1,"IOTHUB_CLIENT_CONFIRMATION_OK"
22859,4021400432,4021400466,1,"IOTHUB_CLIENT_CONFIRMATION_OK"
22860,4021400633,4021400682,1,"IOTHUB_CLIENT_CONFIRMATION_OK"
22861,4021400833,4021400878,1,"IOTHUB_CLIENT_CONFIRMATION_OK"
22862,4021401033,4021401099,1,"IOTHUB_CLIENT_CONFIRMATION_OK"
22863,4021401233,4021401279,1,"IOTHUB_CLIENT_CONFIRMATION_OK"
22864,4021401433,4021401469,1,"IOTHUB_CLIENT_CONFIRMATION_OK"
22865,4021401633,4021401667,1,"IOTHUB_CLIENT_CONFIRMATION_OK"
22866,4021401833,4021401989,1,"IOTHUB_CLIENT_CONFIRMATION_OK"
22867,4021402034,4021402071,1,"IOTHUB_CLIENT_CONFIRMATION_OK"
22868,4021402234,4021402270,1,"IOTHUB_CLIENT_CONFIRMATION_OK"
22869,4021402434,4021402605,1,"IOTHUB_CLIENT_CONFIRMATION_OK"
22870,4021402634,4021402674,1,"IOTHUB_CLIENT_CONFIRMATION_OK"
22871,4021402834,4021402873,1,"IOTHUB_CLIENT_CONFIRMATION_OK"
22872,4021403034,4021403082,1,"IOTHUB_CLIENT_CONFIRMATION_OK"
22873,4021403235,4021403307,1,"IOTHUB_CLIENT_CONFIRMATION_OK"
22874,4021403435,4021403493,1,"IOTHUB_CLIENT_CONFIRMATION_OK"
22875,4021403635,4021403678,1,"IOTHUB_CLIENT_CONFIRMATION_OK"
22876,4021403835,4021403932,1,"IOTHUB_CLIENT_CONFIRMATION_OK"
22877,4021404035,4021404081,1,"IOTHUB_CLIENT_CONFIRMATION_OK"
22878,4021404235,4021404276,1,"IOTHUB_CLIENT_CONFIRMATION_OK"
22879,4021404435,4021404548,1,"IOTHUB_CLIENT_CONFIRMATION_OK"
22880,4021404636,4021404693,1,"IOTHUB_CLIENT_CONFIRMATION_OK"
22881,4021404836,4021404875,1,"IOTHUB_CLIENT_CONFIRMATION_OK"
22882,4021405036,4021405203,1,"IOTHUB_CLIENT_CONFIRMATION_OK"
22883,4021405236,4021405275,1,"IOTHUB_CLIENT_CONFIRMATION_OK"
22884,4021405436,4021405475,1,"IOTHUB_CLIENT_CONFIRMATION_OK"
22885,4021405636,4021405766,1,"IOTHUB_CLIENT_CONFIRMATION_OK"
22886,4021405837,4021405877,1,"IOTHUB_CLIENT_CONFIRMATION_OK"
22887,4021406037,4021406074,1,"IOTHUB_CLIENT_CONFIRMATION_OK"
22888,4021406237,4021406295,1,"IOTHUB_CLIENT_CONFIRMATION_OK"
22889,4021406437,4021406493,1,"IOTHUB_CLIENT_CONFIRMATION_OK"
22890,4021406637,4021406676,1,"IOTHUB_CLIENT_CONFIRMATION_OK"
22891,4021406837,4021406875,1,"IOTHUB_CLIENT_CONFIRMATION_OK"
22892,4021407037,4021407082,1,"IOTHUB_CLIENT_CONFIRMATION_OK"
22893,4021407238,4021407284,1,"IOTHUB_CLIENT_CONFIRMATION_OK"
22894,4021407438,4021407476,1,"IOTHUB_CLIENT_CONFIRMATION_OK"
22895,4021407638,4021407800,1,"IOTHUB_CLIENT_CONFIRMATION_OK"
22896,4021407838,4021407879,1,"IOTHUB_CLIENT_CONFIRMATION_OK"
22897,4021408038,4021408077,1,"IOTHUB_CLIENT_CONFIRMATION_OK"
22898,4021408238,4021408428,1,"IOTHUB_CLIENT_CONFIRMATION_OK"
22899,4021408439,4021408495,1,"IOTHUB_CLIENT_CONFIRMATION_OK"
22900,4021408639,4021408673,1,"IOTHUB_CLIENT_CONFIRMATION_OK"
22901,4021408839,4021408969,1,"IOTHUB_CLIENT_CONFIRMATION_OK"
22902,4021409039,4021409093,1,"IOTHUB_CLIENT_CONFIRMATION_OK"
22903,4021409239,4021409286,1,"IOTHUB_CLIENT_CONFIRMATION_OK"
22904,4021409439,4021409477,1,"IOTHUB_CLIENT_CONFIRMATION_OK"
22905,4021409639,4021409691,1,"IOTHUB_CLIENT_CONFIRMATION_OK"
22906,4021409840,4021409877,1,"IOTHUB_CLIENT_CONFIRMATION_OK"
22907,4021410040,4021410085,1,"IOTHUB_CLIENT_CONFIRMATION_OK"
22908,4021410240,4021410280,1,"IOTHUB_CLIENT_CONFIRMATION_OK"
22909,4021410440,4021410485,1,"IOTHUB_CLIENT_CONFIRMATION_OK"
22910,4021410640,4021410685,1,"IOTHUB_CLIENT_CONFIRMATION_OK"
22911,4021410840,4021410892,1,"IOTHUB_CLIENT_CONFIRMATION_OK"
22912,4021411041,4021411100,1,"IOTHUB_CLIENT_CONFIRMATION_OK"
22913,4021411241,4021411286,1,"IOTHUB_CLIENT_CONFIRMATION_OK"
22914,4021411441,4021411515,1,"IOTHUB_CLIENT_CONFIRMATION_OK"
22915,4021411641,4021411683,1,"IOTHUB_CLIENT_CONFIRMATION_OK"
22916,4021411841,4021411879,1,"IOTHUB_CLIENT_CONFIRMATION_OK"
22917,4021412041,4021412095,1,"IOTHUB_CLIENT_CONFIRMATION_OK"
22918,4021412242,4021412343,1,"IOTHUB_CLIENT_CONFIRMATION_OK"
22919,4021412442,4021412503,1,"IOTHUB_CLIENT_CONFIRMATION_OK"
22920,4021412642,4021412688,1,"IOTHUB_CLIENT_CONFIRMATION_OK"
22921,4021412842,4021412921,1,"IOTHUB_CLIENT_CONFIRMATION_OK"
22922,4021413042,4021413120,1,"IOTHUB_CLIENT_CONFIRMATION_OK"
22923,4021413242,4021413295,1,"IOTHUB_CLIENT_CONFIRMATION_OK"
22924,4021413442,4021413536,1,"IOTHUB_CLIENT_CONFIRMATION_OK"
22925,4021413643,4021413682,1,"IOTHUB_CLIENT_CONFIRMATION_OK"
22926,4021413843,4021413879,1,"IOTHUB_CLIENT_CONFIRMATION_OK"
22927,4021414043,4021414145,1,"IOTHUB_CLIENT_CONFIRMATION_OK"
22928,4021414243,4021414281,1,"IOTHUB_CLIENT_CONFIRMATION_OK"
22929,4021414443,4021414516,1,"IOTHUB_CLIENT_CONFIRMATION_OK"
22930,4021414643,4021414687,1,"IOTHUB_CLIENT_CONFIRMATION_OK"
22931,4021414844,4021414930,1,"IOTHUB_CLIENT_CONFIRMATION_OK"
22932,4021415044,4021415083,1,"IOTHUB_CLIENT_CONFIRMATION_OK"
22933,4021415244,4021415278,1,"IOTHUB_CLIENT_CONFIRMATION_OK"
22934,4021415444,4021415488,1,"IOTHUB_CLIENT_CONFIRMATION_OK"
22935,4021415644,4021415685,1,"IOTHUB_CLIENT_CONFIRMATION_OK"
22936,4021415844,4021415879,1,"IOTHUB_CLIENT_CONFIRMATION_OK"
22937,4021416044,4021416175,1,"IOTHUB_CLIENT_CONFIRMATION_OK"
22938,4021416245,4021416286,1,"IOTHUB_CLIENT_CONFIRMATION_OK"
22939,4021416445,4021416582,1,"IOTHUB_CLIENT_CONFIRMATION_OK"
22940,4021416645,4021416820,1,"IOTHUB_CLIENT_CONFIRMATION_OK"
22941,4021416845,4021416945,1,"IOTHUB_CLIENT_CONFIRMATION_OK"
22942,4021417045,4021417091,1,"IOTHUB_CLIENT_CONFIRMATION_OK"
22943,4021417245,4021417300,1,"IOTHUB_CLIENT_CONFIRMATION_OK"
22944,4021417446,4021417490,1,"IOTHUB_CLIENT_CONFIRMATION_OK"
22945,4021417646,4021417685,1,"IOTHUB_CLIENT_CONFIRMATION_OK"
22946,4021417846,4021417882,1,"IOTHUB_CLIENT_CONFIRMATION_OK"
22947,4021418046,4021418095,1,"IOTHUB_CLIENT_CONFIRMATION_OK"
22948,4021418246,4021418282,1,"IOTHUB_CLIENT_CONFIRMATION_OK"
22949,4021418446,4021418492,1,"IOTHUB_CLIENT_CONFIRMATION_OK"
22950,4021418646,4021418702,1,"IOTHUB_CLIENT_CONFIRMATION_OK"
22951,4021418847,4021418883,1,"IOTHUB_CLIENT_CONFIRMATION_OK"
22952,4021419047,4021419093,1,"IOTHUB_CLIENT_CONFIRMATION_OK"
22953,4021419247,4021419281,1,"IOTHUB_CLIENT_CONFIRMATION_OK"
22954,4021419447,4021419491,1,"IOTHUB_CLIENT_CONFIRMATION_OK"
22955,4021419647,4021419690,1,"IOTHUB_CLIENT_CONFIRMATION_OK"
22956,4021419847,4021420045,1,"IOTHUB_CLIENT_CONFIRMATION_OK"
22957,4021420048,4021420121,1,"IOTHUB_CLIENT_CONFIRMATION_OK"
22958,4021420248,4021420331,1,"IOTHUB_CLIENT_CONFIRMATION_OK"
22959,4021420448,4021420494,1,"IOTHUB_CLIENT_CONFIRMATION_OK"
22960,4021420648,4021420708,1,"IOTHUB_CLIENT_CONFIRMATION_OK"
22961,4021420848,4021420913,1,"IOTHUB_CLIENT_CONFIRMATION_OK"
22962,4021421048,4021421090,1,"IOTHUB_CLIENT_CONFIRMATION_OK"
22963,4021421248,4021421365,1,"IOTHUB_CLIENT_CONFIRMATION_OK"
22964,4021421449,4021421498,1,"IOTHUB_CLIENT_CONFIRMATION_OK"
22965,4021421649,4021421695,1,"IOTHUB_CLIENT_CONFIRMATION_OK"
22966,4021421849,4021422011,1,"IOTHUB_CLIENT_CONFIRMATION_OK"
22967,4021422049,4021422086,1,"IOTHUB_CLIENT_CONFIRMATION_OK"
22968,4021422249,4021422285,1,"IOTHUB_CLIENT_CONFIRMATION_OK"
22969,4021422449,4021422590,1,"IOTHUB_CLIENT_CONFIRMATION_OK"
22970,4021422650,4021422686,1,"IOTHUB_CLIENT_CONFIRMATION_OK"
22971,4021422850,4021423666,1,"IOTHUB_CLIENT_CONFIRMATION_OK"
22972,4021423050,4021423726,1,"IOTHUB_CLIENT_CONFIRMATION_OK"
22973,4021423250,4021423769,1,"IOTHUB_CLIENT_CONFIRMATION_OK"
22974,4021423450,4021423815,1,"IOTHUB_CLIENT_CONFIRMATION_OK"
22975,4021423650,4021424049,1,"IOTHUB_CLIENT_CONFIRMATION_OK"
22976,4021423850,4021424100,1,"IOTHUB_CLIENT_CONFIRMATION_OK"
22977,4021424051,4021424144,1,"IOTHUB_CLIENT_CONFIRMATION_OK"
22978,4021424251,4021424294,1,"IOTHUB_CLIENT_CONFIRMATION_OK"
22979,4021424451,4021424493,1,"IOTHUB_CLIENT_CONFIRMATION_OK"
22980,4021424651,4021424725,1,"IOTHUB_CLIENT_CONFIRMATION_OK"
22981,4021424851,4021424888,1,"IOTHUB_CLIENT_CONFIRMATION_OK"
22982,4021425051,4021425089,1,"IOTHUB_CLIENT_CONFIRMATION_OK"
22983,4021425252,4021425292,1,"IOTHUB_CLIENT_CONFIRMATION_OK"
22984,4021425452,4021425501,1,"IOTHUB_CLIENT_CONFIRMATION_OK"
22985,4021425652,4021425851,1,"IOTHUB_CLIENT_CONFIRMATION_OK"
22986,4021425852,4021425921,1,"IOTHUB_CLIENT_CONFIRMATION_OK"
22987,4021426052,4021426097,1,"IOTHUB_CLIENT_CONFIRMATION_OK"
22988,4021426252,4021426484,1,"IOTHUB_CLIENT_CONFIRMATION_OK"
22989,4021426452,4021426508,1,"IOTHUB_CLIENT_CONFIRMATION_OK"
22990,4021426653,4021426759,1,"IOTHUB_CLIENT_CONFIRMATION_OK"
22991,4021426853,4021426889,1,"IOTHUB_CLIENT_CONFIRMATION_OK"
22992,4021427053,4021427101,1,"IOTHUB_CLIENT_CONFIRMATION_OK"
22993,4021427253,4021427306,1,"IOTHUB_CLIENT_CONFIRMATION_OK"
22994,4021427453,4021427511,1,"IOTHUB_CLIENT_CONFIRMATION_OK"
22995,4021427653,4021427698,1,"IOTHUB_CLIENT_CONFIRMATION_OK"
22996,4021427854,4021427897,1,"IOTHUB_CLIENT_CONFIRMATION_OK"
22997,4021428054,4021428096,1,"IOTHUB_CLIENT_CONFIRMATION_OK"
22998,4021428254,4021428289,1,"IOTHUB_CLIENT_CONFIRMATION_OK"
22999,4021428454,4021428497,1,"IOTHUB_CLIENT_CONFIRMATION_OK"
23000,4021428654,4021428694,1,"IOTHUB_CLIENT_CONFIRMATION_OK"
23001,4021428854,4021428890,1,"IOTHUB_CLIENT_CONFIRMATION_OK"
23002,4021429055,4021429127,1,"IOTHUB_CLIENT_CONFIRMATION_OK"
23003,4021429255,4021429294,1,"IOTHUB_CLIENT_CONFIRMATION_OK"
23004,4021429455,4021429497,1,"IOTHUB_CLIENT_CONFIRMATION_OK"
23005,4021429655,4021429723,1,"IOTHUB_CLIENT_CONFIRMATION_OK"
23006,4021429855,4021429896,1,"IOTHUB_CLIENT_CONFIRMATION_OK"
23007,4021430055,4021430095,1,"IOTHUB_CLIENT_CONFIRMATION_OK"
23008,4021430255,4021430361,1,"IOTHUB_CLIENT_CONFIRMATION_OK"
23009,4021430456,4021430502,1,"IOTHUB_CLIENT_CONFIRMATION_OK"
23010,4021430656,4021430694,1,"IOTHUB_CLIENT_CONFIRMATION_OK"
23011,4021430856,4021430944,1,"IOTHUB_CLIENT_CONFIRMATION_OK"
23012,4021431056,4021431129,1,"IOTHUB_CLIENT_CONFIRMATION_OK"
23013,4021431256,4021431294,1,"IOTHUB_CLIENT_CONFIRMATION_OK"
23014,4021431456,4021431549,1,"IOTHUB_CLIENT_CONFIRMATION_OK"
23015,4021431656,4021431710,1,"IOTHUB_CLIENT_CONFIRMATION_OK"
23016,4021431857,4021431916,1,"IOTHUB_CLIENT_CONFIRMATION_OK"
23017,4021432057,4021432104,1,"IOTHUB_CLIENT_CONFIRMATION_OK"
23018,4021432257,4021432315,1,"IOTHUB_CLIENT_CONFIRMATION_OK"
23019,4021432457,4021432493,1,"IOTHUB_CLIENT_CONFIRMATION_OK"
23020,4021432657,4021432702,1,"IOTHUB_CLIENT_CONFIRMATION_OK"
23021,4021432857,4021433009,1,"IOTHUB_CLIENT_CONFIRMATION_OK"
23022,4021433058,4021433099,1,"IOTHUB_CLIENT_CONFIRMATION_OK"
23023,4021433258,4021433312,1,"IOTHUB_CLIENT_CONFIRMATION_OK"
23024,4021433458,4021433583,1,"IOTHUB_CLIENT_CONFIRMATION_OK"
23025,4021433658,4021433709,1,"IOTHUB_CLIENT_CONFIRMATION_OK"
23026,4021433858,4021433892,1,"IOTHUB_CLIENT_CONFIRMATION_OK"
23027,4021434058,4021434188,1,"IOTHUB_CLIENT_CONFIRMATION_OK"
23028,4021434259,4021434296,1,"IOTHUB_CLIENT_CONFIRMATION_OK"
23029,4021434459,4021434500,1,"IOTHUB_CLIENT_CONFIRMATION_OK"
23030,4021434659,4021434704,1,"IOTHUB_CLIENT_CONFIRMATION_OK"
23031,4021434859,4021434910,1,"IOTHUB_CLIENT_CONFIRMATION_OK"
23032,4021435059,4021435106,1,"IOTHUB_CLIENT_CONFIRMATION_OK"
23033,4021435259,4021435303,1,"IOTHUB_CLIENT_CONFIRMATION_OK"
23034,4021435459,4021435503,1,"IOTHUB_CLIENT_CONFIRMATION_OK"
23035,4021435660,4021435703,1,"IOTHUB_CLIENT_CONFIRMATION_OK"
23036,4021435860,4021435927,1,"IOTHUB_CLIENT_CONFIRMATION_OK"
23037,4021436060,4021436100,1,"IOTHUB_CLIENT_CONFIRMATION_OK"
23038,4021436260,4021436302,1,"IOTHUB_CLIENT_CONFIRMATION_OK"
23039,4021436460,4021436513,1,"IOTHUB_CLIENT_CONFIRMATION_OK"
23040,4021436660,4021436725,1,"IOTHUB_CLIENT_CONFIRMATION_OK"
23041,4021436861,4021436903,1,"IOTHUB_CLIENT_CONFIRMATION_OK"
23042,4021437061,4021437097,1,"IOTHUB_CLIENT_CONFIRMATION_OK"
23043,4021437261,4021437299,1,"IOTHUB_CLIENT_CONFIRMATION_OK"
23044,4021437461,4021437499,1,"IOTHUB_CLIENT_CONFIRMATION_OK"
23045,4021437661,4021437709,1,"IOTHUB_CLIENT_CONFIRMATION_OK"
23046,4021437861,4021437953,1,"IOTHUB_CLIENT_CONFIRMATION_OK"
23047,4021438061,4021438104,1,"IOTHUB_CLIENT_CONFIRMATION_OK"
23048,4021438262,4021438326,1,"IOTHUB_CLIENT_CONFIRMATION_OK"
23049,4021438462,4021438516,1,"IOTHUB_CLIENT_CONFIRMATION_OK"
23050,4021438662,4021438710,1,"IOTHUB_CLIENT_CONFIRMATION_OK"
23051,4021438862,4021438912,1,"IOTHUB_CLIENT_CONFIRMATION_OK"
23052,4021439062,4021439195,1,"IOTHUB_CLIENT_CONFIRMATION_OK"
23053,4021439262,4021439339,1,"IOTHUB_CLIENT_CONFIRMATION_OK"
23054,4021439463,4021439522,1,"IOTHUB_CLIENT_CONFIRMATION_OK"
23055,4021439663,4021439704,1,"IOTHUB_CLIENT_CONFIRMATION_OK"
23056,4021439863,4021439962,1,"IOTHUB_CLIENT_CONFIRMATION_OK"
23057,4021440063,4021440127,1,"IOTHUB_CLIENT_CONFIRMATION_OK"
23058,4021440263,4021440301,1,"IOTHUB_CLIENT_CONFIRMATION_OK"
23059,4021440463,4021440503,1,"IOTHUB_CLIENT_CONFIRMATION_OK"
23060,4021440663,4021440702,1,"IOTHUB_CLIENT_CONFIRMATION_OK"
23061,4021440864,4021440898,1,"IOTHUB_CLIENT_CONFIRMATION_OK"
23062,4021441064,4021441110,1,"IOTHUB_CLIENT_CONFIRMATION_OK"
23063,4021441264,4021441426,1,"IOTHUB_CLIENT_CONFIRMATION_OK"
23064,4021441464,4021441514,1,"IOTHUB_CLIENT_CONFIRMATION_OK"
23065,4021441664,4021441707,1,"IOTHUB_CLIENT_CONFIRMATION_OK"
23066,4021441864,4021441926,1,"IOTHUB_CLIENT_CONFIRMATION_OK"
23067,4021442065,4021442137,1,"IOTHUB_CLIENT_CONFIRMATION_OK"
23068,4021442265,4021442303,1,"IOTHUB_CLIENT_CONFIRMATION_OK"
23069,4021442465,4021442625,1,"IOTHUB_CLIENT_CONFIRMATION_OK"
23070,4021442665,4021442707,1,"IOTHUB_CLIENT_CONFIRMATION_OK"
23071,4021442865,4021442902,1,"IOTHUB_CLIENT_CONFIRMATION_OK"
23072,4021443065,4021443105,1,"IOTHUB_CLIENT_CONFIRMATION_OK"
23073,4021443266,4021443313,1,"IOTHUB_CLIENT_CONFIRMATION_OK"
23074,4021443466,4021443556,1,"IOTHUB_CLIENT_CONFIRMATION_OK"
23075,4021443666,4021443707,1,"IOTHUB_CLIENT_CONFIRMATION_OK"
23076,4021443866,4021443934,1,"IOTHUB_CLIENT_CONFIRMATION_OK"
23077,4021444066,4021444110,1,"IOTHUB_CLIENT_CONFIRMATION_OK"
23078,4021444266,4021444375,1,"IOTHUB_CLIENT_CONFIRMATION_OK"
23079,4021444467,4021444583,1,"IOTHUB_CLIENT_CONFIRMATION_OK"
23080,4021444667,4021444701,1,"IOTHUB_CLIENT_CONFIRMATION_OK"
23081,4021444867,4021444946,1,"IOTHUB_CLIENT_CONFIRMATION_OK"
23082,4021445067,4021445220,1,"IOTHUB_CLIENT_CONFIRMATION_OK"
23083,4021445267,4021445305,1,"IOTHUB_CLIENT_CONFIRMATION_OK"
23084,4021445467,4021445512,1,"IOTHUB_CLIENT_CONFIRMATION_OK"
23085,4021445667,4021445802,1,"IOTHUB_CLIENT_CONFIRMATION_OK"
23086,4021445868,4021445909,1,"IOTHUB_CLIENT_CONFIRMATION_OK"
23087,4021446068,4021446101,1,"IOTHUB_CLIENT_CONFIRMATION_OK"
23088,4021446268,4021446335,1,"IOTHUB_CLIENT_CONFIRMATION_OK"
23089,4021446468,4021446502,1,"IOTHUB_CLIENT_CONFIRMATION_OK"
23090,4021446668,4021446713,1,"IOTHUB_CLIENT_CONFIRMATION_OK"
23091,4021446868,4021446919,1,"IOTHUB_CLIENT_CONFIRMATION_OK"
23092,4021447068,4021447103,1,"IOTHUB_CLIENT_CONFIRMATION_OK"
23093,4021447269,4021447306,1,"IOTHUB_CLIENT_CONFIRMATION_OK"
23094,4021447469,4021447510,1,"IOTHUB_CLIENT_CONFIRMATION_OK"
23095,4021447669,4021447721,1,"IOTHUB_CLIENT_CONFIRMATION_OK"
23096,4021447869,4021447915,1,"IOTHUB_CLIENT_CONFIRMATION_OK"
23097,4021448069,4021448108,1,"IOTHUB_CLIENT_CONFIRMATION_OK"
23098,4021448269,4021448449,1,"IOTHUB_CLIENT_CONFIRMATION_OK"
23099,4021448469,4021448517,1,"IOTHUB_CLIENT_CONFIRMATION_OK"
23100,4021448670,4021448714,1,"IOTHUB_CLIENT_CONFIRMATION_OK"
23101,4021448870,4021448928,1,"IOTHUB_CLIENT_CONFIRMATION_OK"
23102,4021449070,4021449108,1,"IOTHUB_CLIENT_CONFIRMATION_OK"
23103,4021449270,4021449306,1,"IOTHUB_CLIENT_CONFIRMATION_OK"
23104,4021449470,4021449515,1,"IOTHUB_CLIENT_CONFIRMATION_OK"
23105,4021449670,4021449730,1,"IOTHUB_CLIENT_CONFIRMATION_OK"
23106,4021449870,4021449996,1,"IOTHUB_CLIENT_CONFIRMATION_OK"
23107,4021450071,4021450111,1,"IOTHUB_CLIENT_CONFIRMATION_OK"
23108,4021450271,4021450328,1,"IOTHUB_CLIENT_CONFIRMATION_OK"
23109,4021450471,4021450520,1,"IOTHUB_CLIENT_CONFIRMATION_OK"
23110,4021450671,4021450732,1,"IOTHUB_CLIENT_CONFIRMATION_OK"
23111,4021450871,4021450919,1,"IOTHUB_CLIENT_CONFIRMATION_OK"
23112,4021451071,4021451113,1,"IOTHUB_CLIENT_CONFIRMATION_OK"
23113,4021451272,4021451320,1,"IOTHUB_CLIENT_CONFIRMATION_OK"
23114,4021451472,4021451678,1,"IOTHUB_CLIENT_CONFIRMATION_OK"
23115,4021451672,4021451726,1,"IOTHUB_CLIENT_CONFIRMATION_OK"
23116,4021451872,4021451917,1,"IOTHUB_CLIENT_CONFIRMATION_OK"
23117,4021452072,4021452108,1,"IOTHUB_CLIENT_CONFIRMATION_OK"
23118,4021452272,4021452318,1,"IOTHUB_CLIENT_CONFIRMATION_OK"
23119,4021452473,4021452511,1,"IOTHUB_CLIENT_CONFIRMATION_OK"
23120,4021452673,4021452720,1,"IOTHUB_CLIENT_CONFIRMATION_OK"
23121,4021452873,4021452912,1,"IOTHUB_CLIENT_CONFIRMATION_OK"
23122,4021453073,4021453117,1,"IOTHUB_CLIENT_CONFIRMATION_OK"
23123,4021453273,4021453311,1,"IOTHUB_CLIENT_CONFIRMATION_OK"
23124,4021453473,4021453521,1,"IOTHUB_CLIENT_CONFIRMATION_OK"
23125,4021453674,4021453715,1,"IOTHUB_CLIENT_CONFIRMATION_OK"
23126,4021453874,4021453937,1,"IOTHUB_CLIENT_CONFIRMATION_OK"
23127,4021454074,4021454140,1,"IOTHUB_CLIENT_CONFIRMATION_OK"
23128,4021454274,4021454320,1,"IOTHUB_CLIENT_CONFIRMATION_OK"
23129,4021454474,4021454517,1,"IOTHUB_CLIENT_CONFIRMATION_OK"
23130,4021454674,4021454719,1,"IOTHUB_CLIENT_CONFIRMATION_OK"
23131,4021454874,4021454954,1,"IOTHUB_CLIENT_CONFIRMATION_OK"
23132,4021455075,4021455119,1,"IOTHUB_CLIENT_CONFIRMATION_OK"
23133,4021455275,4021455313,1,"IOTHUB_CLIENT_CONFIRMATION_OK"
23134,4021455475,4021455558,1,"IOTHUB_CLIENT_CONFIRMATION_OK"
23135,4021455675,4021455720,1,"IOTHUB_CLIENT_CONFIRMATION_OK"
23136,4021455875,4021455915,1,"IOTHUB_CLIENT_CONFIRMATION_OK"
23137,4021456075,4021456170,1,"IOTHUB_CLIENT_CONFIRMATION_OK"
23138,4021456276,4021456313,1,"IOTHUB_CLIENT_CONFIRMATION_OK"
23139,4021456476,4021456521,1,"IOTHUB_CLIENT_CONFIRMATION_OK"
23140,4021456676,4021456807,1,"IOTHUB_CLIENT_CONFIRMATION_OK"
23141,4021456876,4021456919,1,"IOTHUB_CLIENT_CONFIRMATION_OK"
23142,4021457076,4021457131,1,"IOTHUB_CLIENT_CONFIRMATION_OK"
23143,4021457276,4021457360,1,"IOTHUB_CLIENT_CONFIRMATION_OK"
23144,4021457477,4021457521,1,"IOTHUB_CLIENT_CONFIRMATION_OK"
23145,4021457677,4021457714,1,"IOTHUB_CLIENT_CONFIRMATION_OK"
23146,4021457877,4021457923,1,"IOTHUB_CLIENT_CONFIRMATION_OK"
23147,4021458077,4021458120,1,"IOTHUB_CLIENT_CONFIRMATION_OK"
23148,4021458277,4021458329,1,"IOTHUB_CLIENT_CONFIRMATION_OK"
23149,4021458477,4021458703,1,"IOTHUB_CLIENT_CONFIRMATION_OK"
23150,4021458678,4021458770,1,"IOTHUB_CLIENT_CONFIRMATION_OK"
23151,4021458878,4021458920,1,"IOTHUB_CLIENT_CONFIRMATION_OK"
23152,4021459078,4021459117,1,"IOTHUB_CLIENT_CONFIRMATION_OK"
23153,4021459278,4021459323,1,"IOTHUB_CLIENT_CONFIRMATION_OK"
23154,4021459478,4021459516,1,"IOTHUB_CLIENT_CONFIRMATION_OK"
23155,4021459678,4021459735,1,"IOTHUB_CLIENT_CONFIRMATION_OK"
23156,4021459879,4021460126,1,"IOTHUB_CLIENT_CONFIRMATION_OK"
23157,4021460079,4021460170,1,"IOTHUB_CLIENT_CONFIRMATION_OK"
23158,4021460279,4021460360,1,"IOTHUB_CLIENT_CONFIRMATION_OK"
23159,4021460479,4021460518,1,"IOTHUB_CLIENT_CONFIRMATION_OK"
23160,4021460679,4021460741,1,"IOTHUB_CLIENT_CONFIRMATION_OK"
23161,4021460879,4021460932,1,"IOTHUB_CLIENT_CONFIRMATION_OK"
23162,4021461079,4021461122,1,"IOTHUB_CLIENT_CONFIRMATION_OK"
23163,4021461280,4021462739,1,"IOTHUB_CLIENT_CONFIRMATION_OK"
23164,4021461480,4021462822,1,"IOTHUB_CLIENT_CONFIRMATION_OK"
23165,4021461680,4021462865,1,"IOTHUB_CLIENT_CONFIRMATION_OK"
23166,4021461880,4021462900,1,"IOTHUB_CLIENT_CONFIRMATION_OK"
23167,4021462080,4021463012,1,"IOTHUB_CLIENT_CONFIRMATION_OK"
23168,4021462280,4021463056,1,"IOTHUB_CLIENT_CONFIRMATION_OK"
23169,4021462481,4021463119,1,"IOTHUB_CLIENT_CONFIRMATION_OK"
23170,4021462681,4021463182,1,"IOTHUB_CLIENT_CONFIRMATION_OK"
23171,4021462881,4021463226,1,"IOTHUB_CLIENT_CONFIRMATION_OK"
23172,4021463081,4021463296,1,"IOTHUB_CLIENT_CONFIRMATION_OK"
23173,4021463281,4021463395,1,"IOTHUB_CLIENT_CONFIRMATION_OK"
23174,4021463481,4021463555,1,"IOTHUB_CLIENT_CONFIRMATION_OK"
23175,4021463681,4021463783,1,"IOTHUB_CLIENT_CONFIRMATION_OK"
23176,4021463882,4021464016,1,"IOTHUB_CLIENT_CONFIRMATION_OK"
23177,4021464082,4021464122,1,"IOTHUB_CLIENT_CONFIRMATION_OK"
23178,4021464282,4021464329,1,"IOTHUB_CLIENT_CONFIRMATION_OK"
23179,4021464482,4021464597,1,"IOTHUB_CLIENT_CONFIRMATION_OK"
23180,4021464682,4021464750,1,"IOTHUB_CLIENT_CONFIRMATION_OK"
23181,4021464882,4021464956,1,"IOTHUB_CLIENT_CONFIRMATION_OK"
23182,4021465083,4021465206,1,"IOTHUB_CLIENT_CONFIRMATION_OK"
23183,4021465283,4021465350,1,"IOTHUB_CLIENT_CONFIRMATION_OK"
23184,4021465483,4021465533,1,"IOTHUB_CLIENT_CONFIRMATION_OK"
23185,4021465683,4021465892,1,"IOTHUB_CLIENT_CONFIRMATION_OK"
23186,4021465883,4021465928,1,"IOTHUB_CLIENT_CONFIRMATION_OK"
23187,4021466083,4021466167,1,"IOTHUB_CLIENT_CONFIRMATION_OK"
23188,4021466283,4021466334,1,"IOTHUB_CLIENT_CONFIRMATION_OK"
23189,4021466484,4021466528,1,"IOTHUB_CLIENT_CONFIRMATION_OK"
23190,4021466684,4021466737,1,"IOTHUB_CLIENT_CONFIRMATION_OK"
23191,4021466884,4021466933,1,"IOTHUB_CLIENT_CONFIRMATION_OK"
23192,4021467084,4021467124,1,"IOTHUB_CLIENT_CONFIRMATION_OK"
23193,4021467284,4021467373,1,"IOTHUB_CLIENT_CONFIRMATION_OK"
23194,4021467484,4021467549,1,"IOTHUB_CLIENT_CONFIRMATION_OK"
23195,4021467684,4021467737,1,"IOTHUB_CLIENT_CONFIRMATION_OK"
23196,4021467885,4021467928,1,"IOTHUB_CLIENT_CONFIRMATION_OK"
23197,4021468085,4021468124,1,"IOTHUB_CLIENT_CONFIRMATION_OK"
23198,4021468285,4021468475,1,"IOTHUB_CLIENT_CONFIRMATION_OK"
23199,4021468485,4021468532,1,"IOTHUB_CLIENT_CONFIRMATION_OK"
23200,4021468685,4021468721,1,"IOTHUB_CLIENT_CONFIRMATION_OK"
23201,4021468885,4021468928,1,"IOTHUB_CLIENT_CONFIRMATION_OK"
23202,4021469086,4021469152,1,"IOTHUB_CLIENT_CONFIRMATION_OK"
23203,4021469286,4021469373,1,"IOTHUB_CLIENT_CONFIRMATION_OK"
23204,4021469486,4021469539,1,"IOTHUB_CLIENT_CONFIRMATION_OK"
23205,4021469686,4021469749,1,"IOTHUB_CLIENT_CONFIRMATION_OK"
23206,4021469886,4021469926,1,"IOTHUB_CLIENT_CONFIRMATION_OK"
23207,4021470086,4021470154,1,"IOTHUB_CLIENT_CONFIRMATION_OK"
23208,4021470287,4021470387,1,"IOTHUB_CLIENT_CONFIRMATION_OK"
23209,4021470487,4021470526,1,"IOTHUB_CLIENT_CONFIRMATION_OK"
23210,4021470687,4021470774,1,"IOTHUB_CLIENT_CONFIRMATION_OK"
23211,4021470887,4021470998,1,"IOTHUB_CLIENT_CONFIRMATION_OK"
23212,4021471087,4021471127,1,"IOTHUB_CLIENT_CONFIRMATION_OK"
23213,4021471287,4021471370,1,"IOTHUB_CLIENT_CONFIRMATION_OK"
23214,4021471487,4021471611,1,"IOTHUB_CLIENT_CONFIRMATION_OK"
23215,4021471688,4021471753,1,"IOTHUB_CLIENT_CONFIRMATION_OK"
23216,4021471888,4021471934,1,"IOTHUB_CLIENT_CONFIRMATION_OK"
23217,4021472088,4021472142,1,"IOTHUB_CLIENT_CONFIRMATION_OK"
23218,4021472288,4021472368,1,"IOTHUB_CLIENT_CONFIRMATION_OK"
23219,4021472488,4021472540,1,"IOTHUB_CLIENT_CONFIRMATION_OK"
23220,4021472688,4021472732,1,"IOTHUB_CLIENT_CONFIRMATION_OK"
23221,4021472888,4021472941,1,"IOTHUB_CLIENT_CONFIRMATION_OK"
23222,4021473089,4021473138,1,"IOTHUB_CLIENT_CONFIRMATION_OK"
23223,4021473289,4021473322,1,"IOTHUB_CLIENT_CONFIRMATION_OK"
23224,4021473489,4021473627,1,"IOTHUB_CLIENT_CONFIRMATION_OK"
23225,4021473689,4021473737,1,"IOTHUB_CLIENT_CONFIRMATION_OK"
23226,4021473889,4021473929,1,"IOTHUB_CLIENT_CONFIRMATION_OK"
23227,4021474089,4021474248,1,"IOTHUB_CLIENT_CONFIRMATION_OK"
23228,4021474290,4021474329,1,"IOTHUB_CLIENT_CONFIRMATION_OK"
23229,4021474490,4021474547,1,"IOTHUB_CLIENT_CONFIRMATION_OK"
23230,4021474690,4021474747,1,"IOTHUB_CLIENT_CONFIRMATION_OK"
23231,4021474890,4021474937,1,"IOTHUB_CLIENT_CONFIRMATION_OK"
23232,4021475090,4021475153,1,"IOTHUB_CLIENT_CONFIRMATION_OK"
23233,4021475290,4021475353,1,"IOTHUB_CLIENT_CONFIRMATION_OK"
23234,4021475490,4021475599,1,"IOTHUB_CLIENT_CONFIRMATION_OK"
23235,4021475691,4021475726,1,"IOTHUB_CLIENT_CONFIRMATION_OK"
23236,4021475891,4021475929,1,"IOTHUB_CLIENT_CONFIRMATION_OK"
23237,4021476091,4021476202,1,"IOTHUB_CLIENT_CONFIRMATION_OK"
23238,4021476291,4021476327,1,"IOTHUB_CLIENT_CONFIRMATION_OK"
23239,4021476491,4021476539,1,"IOTHUB_CLIENT_CONFIRMATION_OK"
23240,4021476691,4021476873,1,"IOTHUB_CLIENT_CONFIRMATION_OK"
23241,4021476892,4021476936,1,"IOTHUB_CLIENT_CONFIRMATION_OK"
23242,4021477092,4021477130,1,"IOTHUB_CLIENT_CONFIRMATION_OK"
23243,4021477292,4021477356,1,"IOTHUB_CLIENT_CONFIRMATION_OK"
23244,4021477492,4021477533,1,"IOTHUB_CLIENT_CONFIRMATION_OK"
23245,4021477692,4021477740,1,"IOTHUB_CLIENT_CONFIRMATION_OK"
23246,4021477892,4021477928,1,"IOTHUB_CLIENT_CONFIRMATION_OK"
23247,4021478092,4021478157,1,"IOTHUB_CLIENT_CONFIRMATION_OK"
23248,4021478293,4021478335,1,"IOTHUB_CLIENT_CONFIRMATION_OK"
23249,4021478493,4021478533,1,"IOTHUB_CLIENT_CONFIRMATION_OK"
23250,4021478693,4021478733,1,"IOTHUB_CLIENT_CONFIRMATION_OK"
23251,4021478893,4021478934,1,"IOTHUB_CLIENT_CONFIRMATION_OK"
23252,4021479093,4021479140,1,"IOTHUB_CLIENT_CONFIRMATION_OK"
23253,4021479293,4021479457,1,"IOTHUB_CLIENT_CONFIRMATION_OK"
23254,4021479494,4021479530,1,"IOTHUB_CLIENT_CONFIRMATION_OK"
23255,4021479694,4021479729,1,"IOTHUB_CLIENT_CONFIRMATION_OK"
23256,4021479894,4021480186,1,"IOTHUB_CLIENT_CONFIRMATION_OK"
23257,4021480094,4021480222,1,"IOTHUB_CLIENT_CONFIRMATION_OK"
23258,4021480294,4021480334,1,"IOTHUB_CLIENT_CONFIRMATION_OK"
23259,4021480494,4021480540,1,"IOTHUB_CLIENT_CONFIRMATION_OK"
23260,4021480694,4021480735,1,"IOTHUB_CLIENT_CONFIRMATION_OK"
23261,4021480895,4021480954,1,"IOTHUB_CLIENT_CONFIRMATION_OK"
23262,4021481095,4021481138,1,"IOTHUB_CLIENT_CONFIRMATION_OK"
23263,4021481295,4021481342,1,"IOTHUB_CLIENT_CONFIRMATION_OK"
23264,4021481495,4021481544,1,"IOTHUB_CLIENT_CONFIRMATION_OK"
23265,4021481695,4021481736,1,"IOTHUB_CLIENT_CONFIRMATION_OK"
23266,4021481895,4021481942,1,"IOTHUB_CLIENT_CONFIRMATION_OK"
23267,4021482095,4021482136,1,"IOTHUB_CLIENT_CONFIRMATION_OK"
23268,4021482296,4021482363,1,"IOTHUB_CLIENT_CONFIRMATION_OK"
23269,4021482496,4021482545,1,"IOTHUB_CLIENT_CONFIRMATION_OK"
23270,4021482696,4021482754,1,"IOTHUB_CLIENT_CONFIRMATION_OK"
23271,4021482896,4021482935,1,"IOTHUB_CLIENT_CONFIRMATION_OK"
23272,4021483096,4021483132,1,"IOTHUB_CLIENT_CONFIRMATION_OK"
23273,4021483296,4021483345,1,"IOTHUB_CLIENT_CONFIRMATION_OK"
23274,4021483496,4021483539,1,"IOTHUB_CLIENT_CONFIRMATION_OK"
23275,4021483697,4021483742,1,"IOTHUB_CLIENT_CONFIRMATION_OK"
23276,4021483897,4021483984,1,"IOTHUB_CLIENT_CONFIRMATION_OK"
23277,4021484097,4021484141,1,"IOTHUB_CLIENT_CONFIRMATION_OK"
23278,4021484297,4021484347,1,"IOTHUB_CLIENT_CONFIRMATION_OK"
23279,4021484497,4021484628,1,"IOTHUB_CLIENT_CONFIRMATION_OK"
23280,4021484697,4021484742,1,"IOTHUB_CLIENT_CONFIRMATION_OK"
23281,4021484898,4021484959,1,"IOTHUB_CLIENT_CONFIRMATION_OK"
23282,4021485098,4021485214,1,"IOTHUB_CLIENT_CONFIRMATION_OK"
23283,4021485298,4021485342,1,"IOTHUB_CLIENT_CONFIRMATION_OK"
23284,4021485498,4021485538,1,"IOTHUB_CLIENT_CONFIRMATION_OK"
23285,4021485698,4021485900,1,"IOTHUB_CLIENT_CONFIRMATION_OK"
23286,4021485898,4021485984,1,"IOTHUB_CLIENT_CONFIRMATION_OK"
23287,4021486098,4021486149,1,"IOTHUB_CLIENT_CONFIRMATION_OK"
23288,4021486299,4021486347,1,"IOTHUB_CLIENT_CONFIRMATION_OK"
23289,4021486499,4021486575,1,"IOTHUB_CLIENT_CONFIRMATION_OK"
23290,4021486699,4021486736,1,"IOTHUB_CLIENT_CONFIRMATION_OK"
23291,4021486899,4021486965,1,"IOTHUB_CLIENT_CONFIRMATION_OK"
23292,4021487099,4021487155,1,"IOTHUB_CLIENT_CONFIRMATION_OK"
23293,4021487299,4021487345,1,"IOTHUB_CLIENT_CONFIRMATION_OK"
23294,4021487500,4021487545,1,"IOTHUB_CLIENT_CONFIRMATION_OK"
23295,4021487700,4021487824,1,"IOTHUB_CLIENT_CONFIRMATION_OK"
23296,4021487900,4021487938,1,"IOTHUB_CLIENT_CONFIRMATION_OK"
23297,4021488100,4021488139,1,"IOTHUB_CLIENT_CONFIRMATION_OK"
23298,4021488300,4021488341,1,"IOTHUB_CLIENT_CONFIRMATION_OK"
23299,4021488500,4021488553,1,"IOTHUB_CLIENT_CONFIRMATION_OK"
23300,4021488700,4021488739,1,"IOTHUB_CLIENT_CONFIRMATION_OK"
23301,4021488901,4021488957,1,"IOTHUB_CLIENT_CONFIRMATION_OK"
23302,4021489101,4021489146,1,"IOTHUB_CLIENT_CONFIRMATION_OK"
23303,4021489301,4021489398,1,"IOTHUB_CLIENT_CONFIRMATION_OK"
23304,4021489501,4021489551,1,"IOTHUB_CLIENT_CONFIRMATION_OK"
23305,4021489701,4021489814,1,"IOTHUB_CLIENT_CONFIRMATION_OK"
23306,4021489901,4021489938,1,"IOTHUB_CLIENT_CONFIRMATION_OK"
23307,4021490102,4021490188,1,"IOTHUB_CLIENT_CONFIRMATION_OK"
23308,4021490302,4021490421,1,"IOTHUB_CLIENT_CONFIRMATION_OK"
23309,4021490502,4021490550,1,"IOTHUB_CLIENT_CONFIRMATION_OK"
23310,4021490702,4021490740,1,"IOTHUB_CLIENT_CONFIRMATION_OK"
23311,4021490902,4021491147,1,"IOTHUB_CLIENT_CONFIRMATION_OK"
23312,4021491102,4021491182,1,"IOTHUB_CLIENT_CONFIRMATION_OK"
23313,4021491302,4021491359,1,"IOTHUB_CLIENT_CONFIRMATION_OK"
23314,4021491503,4021491577,1,"IOTHUB_CLIENT_CONFIRMATION_OK"
23315,4021491703,4021491775,1,"IOTHUB_CLIENT_CONFIRMATION_OK"
23316,4021491903,4021491983,1,"IOTHUB_CLIENT_CONFIRMATION_OK"
23317,4021492103,4021492149,1,"IOTHUB_CLIENT_CONFIRMATION_OK"
23318,4021492303,4021492387,1,"IOTHUB_CLIENT_CONFIRMATION_OK"
23319,4021492503,4021492543,1,"IOTHUB_CLIENT_CONFIRMATION_OK"
23320,4021492703,4021492748,1,"IOTHUB_CLIENT_CONFIRMATION_OK"
23321,4021492904,4021493028,1,"IOTHUB_CLIENT_CONFIRMATION_OK"
23322,4021493104,4021493163,1,"IOTHUB_CLIENT_CONFIRMATION_OK"
23323,4021493304,4021493366,1,"IOTHUB_CLIENT_CONFIRMATION_OK"
23324,4021493504,4021493631,1,"IOTHUB_CLIENT_CONFIRMATION_OK"
23325,4021493704,4021493746,1,"IOTHUB_CLIENT_CONFIRMATION_OK"
23326,4021493904,4021493988,1,"IOTHUB_CLIENT_CONFIRMATION_OK"
23327,4021494104,4021494232,1,"IOTHUB_CLIENT_CONFIRMATION_OK"
23328,4021494305,4021494340,1,"IOTHUB_CLIENT_CONFIRMATION_OK"
23329,4021494505,4021494554,1,"IOTHUB_CLIENT_CONFIRMATION_OK"
23330,4021494705,4021494755,1,"IOTHUB_CLIENT_CONFIRMATION_OK"
23331,4021494905,4021494941,1,"IOTHUB_CLIENT_CONFIRMATION_OK"
23332,4021495105,4021495162,1,"IOTHUB_CLIENT_CONFIRMATION_OK"
23333,4021495305,4021495352,1,"IOTHUB_CLIENT_CONFIRMATION_OK"
23334,4021495506,4021495552,1,"IOTHUB_CLIENT_CONFIRMATION_OK"
23335,4021495706,4021495753,1,"IOTHUB_CLIENT_CONFIRMATION_OK"
23336,4021495906,4021495950,1,"IOTHUB_CLIENT_CONFIRMATION_OK"
23337,4021496106,4021496153,1,"IOTHUB_CLIENT_CONFIRMATION_OK"
23338,4021496306,4021496366,1,"IOTHUB_CLIENT_CONFIRMATION_OK"
23339,4021496506,4021496552,1,"IOTHUB_CLIENT_CONFIRMATION_OK"
23340,4021496706,4021496907,1,"IOTHUB_CLIENT_CONFIRMATION_OK"
23341,4021496907,4021496947,1,"IOTHUB_CLIENT_CONFIRMATION_OK"
23342,4021497107,4021497164,1,"IOTHUB_CLIENT_CONFIRMATION_OK"
23343,4021497307,4021497368,1,"IOTHUB_CLIENT_CONFIRMATION_OK"
23344,4021497507,4021497550,1,"IOTHUB_CLIENT_CONFIRMATION_OK"
23345,4021497707,4021497754,1,"IOTHUB_CLIENT_CONFIRMATION_OK"
23346,4021497907,4021497955,1,"IOTHUB_CLIENT_CONFIRMATION_OK"
23347,4021498108,4021498191,1,"IOTHUB_CLIENT_CONFIRMATION_OK"
23348,4021498308,4021498342,1,"IOTHUB_CLIENT_CONFIRMATION_OK"
23349,4021498508,4021498547,1,"IOTHUB_CLIENT_CONFIRMATION_OK"
23350,4021498708,4021498814,1,"IOTHUB_CLIENT_CONFIRMATION_OK"
23351,4021498908,4021498947,1,"IOTHUB_CLIENT_CONFIRMATION_OK"
23352,4021499108,4021499161,1,"IOTHUB_CLIENT_CONFIRMATION_OK"
23353,4021499308,4021499402,1,"IOTHUB_CLIENT_CONFIRMATION_OK"
23354,4021499509,4021499551,1,"IOTHUB_CLIENT_CONFIRMATION_OK"
23355,4021499709,4021499752,1,"IOTHUB_CLIENT_CONFIRMATION_OK"
23356,4021499909,4021500032,1,"IOTHUB_CLIENT_CONFIRMATION_OK"
23357,4021500109,4021500165,1,"IOTHUB_CLIENT_CONFIRMATION_OK"
23358,4021500309,4021500348,1,"IOTHUB_CLIENT_CONFIRMATION_OK"
23359,4021500509,4021500548,1,"IOTHUB_CLIENT_CONFIRMATION_OK"
23360,4021500710,4021500765,1,"IOTHUB_CLIENT_CONFIRMATION_OK"
23361,4021500910,4021500974,1,"IOTHUB_CLIENT_CONFIRMATION_OK"
23362,4021501110,4021501156,1,"IOTHUB_CLIENT_CONFIRMATION_OK"
23363,4021501310,4021501383,1,"IOTHUB_CLIENT_CONFIRMATION_OK"
23364,4021501510,4021501565,1,"IOTHUB_CLIENT_CONFIRMATION_OK"
23365,4021501710,4021501752,1,"IOTHUB_CLIENT_CONFIRMATION_OK"
23366,4021501910,4021502044,1,"IOTHUB_CLIENT_CONFIRMATION_OK"
23367,4021502111,4021502155,1,"IOTHUB_CLIENT_CONFIRMATION_OK"
23368,4021502311,4021502354,1,"IOTHUB_CLIENT_CONFIRMATION_OK"
23369,4021502511,4021502646,1,"IOTHUB_CLIENT_CONFIRMATION_OK"
23370,4021502711,4021502744,1,"IOTHUB_CLIENT_CONFIRMATION_OK"
23371,4021502911,4021502952,1,"IOTHUB_CLIENT_CONFIRMATION_OK"
23372,4021503111,4021503280,1,"IOTHUB_CLIENT_CONFIRMATION_OK"
23373,4021503312,4021503365,1,"IOTHUB_CLIENT_CONFIRMATION_OK"
23374,4021503512,4021503556,1,"IOTHUB_CLIENT_CONFIRMATION_OK"
23375,4021503712,4021503771,1,"IOTHUB_CLIENT_CONFIRMATION_OK"
23376,4021503912,4021503955,1,"IOTHUB_CLIENT_CONFIRMATION_OK"
23377,4021504112,4021504154,1,"IOTHUB_CLIENT_CONFIRMATION_OK"
23378,4021504312,4021504380,1,"IOTHUB_CLIENT_CONFIRMATION_OK"
23379,4021504513,4021504568,1,"IOTHUB_CLIENT_CONFIRMATION_OK"
23380,4021504713,4021504754,1,"IOTHUB_CLIENT_CONFIRMATION_OK"
23381,4021504913,4021504953,1,"IOTHUB_CLIENT_CONFIRMATION_OK"
23382,4021505113,4021505292,1,"IOTHUB_CLIENT_CONFIRMATION_OK"
23383,4021505313,4021505352,1,"IOTHUB_CLIENT_CONFIRMATION_OK"
23384,4021505513,4021505649,1,"IOTHUB_CLIENT_CONFIRMATION_OK"
23385,4021505713,4021505905,1,"IOTHUB_CLIENT_CONFIRMATION_OK"
23386,4021505914,4021505965,1,"IOTHUB_CLIENT_CONFIRMATION_OK"
23387,4021506114,4021506194,1,"IOTHUB_CLIENT_CONFIRMATION_OK"
23388,4021506314,4021506355,1,"IOTHUB_CLIENT_CONFIRMATION_OK"
23389,4021506514,4021506573,1,"IOTHUB_CLIENT_CONFIRMATION_OK"
23390,4021506714,4021506753,1,"IOTHUB_CLIENT_CONFIRMATION_OK"
23391,4021506914,4021506954,1,"IOTHUB_CLIENT_CONFIRMATION_OK"
23392,4021507115,4021507161,1,"IOTHUB_CLIENT_CONFIRMATION_OK"
23393,4021507315,4021507353,1,"IOTHUB_CLIENT_CONFIRMATION_OK"
23394,4021507515,4021507573,1,"IOTHUB_CLIENT_CONFIRMATION_OK"
23395,4021507715,4021507762,1,"IOTHUB_CLIENT_CONFIRMATION_OK"
23396,4021507915,4021507956,1,"IOTHUB_CLIENT_CONFIRMATION_OK"
23397,4021508115,4021508151,1,"IOTHUB_CLIENT_CONFIRMATION_OK"
23398,4021508315,4021508365,1,"IOTHUB_CLIENT_CONFIRMATION_OK"
23399,4021508516,4021508564,1,"IOTHUB_CLIENT_CONFIRMATION_OK"
23400,4021508716,4021508752,1,"IOTHUB_CLIENT_CONFIRMATION_OK"
23401,4021508916,4021508968,1,"IOTHUB_CLIENT_CONFIRMATION_OK"
23402,4021509116,4021509159,1,"IOTHUB_CLIENT_CONFIRMATION_OK"
23403,4021509316,4021509361,1,"IOTHUB_CLIENT_CONFIRMATION_OK"
23404,4021509516,4021509593,1,"IOTHUB_CLIENT_CONFIRMATION_OK"
23405,4021509717,4021509793,1,"IOTHUB_CLIENT_CONFIRMATION_OK"
23406,4021509917,4021509970,1,"IOTHUB_CLIENT_CONFIRMATION_OK"
23407,4021510117,4021510159,1,"IOTHUB_CLIENT_CONFIRMATION_OK"
23408,4021510317,4021510421,1,"IOTHUB_CLIENT_CONFIRMATION_OK"
23409,4021510517,4021510556,1,"IOTHUB_CLIENT_CONFIRMATION_OK"
23410,4021510717,4021510765,1,"IOTHUB_CLIENT_CONFIRMATION_OK"
23411,4021510918,4021511034,1,"IOTHUB_CLIENT_CONFIRMATION_OK"
23412,4021511118,4021511172,1,"IOTHUB_CLIENT_CONFIRMATION_OK"
23413,4021511318,4021511364,1,"IOTHUB_CLIENT_CONFIRMATION_OK"
23414,4021511518,4021511598,1,"IOTHUB_CLIENT_CONFIRMATION_OK"
23415,4021511718,4021511759,1,"IOTHUB_CLIENT_CONFIRMATION_OK"
23416,4021511918,4021511968,1,"IOTHUB_CLIENT_CONFIRMATION_OK"
23417,4021512119,4021512153,1,"IOTHUB_CLIENT_CONFIRMATION_OK"
23418,4021512319,4021512378,1,"IOTHUB_CLIENT_CONFIRMATION_OK"
23419,4021512519,4021512564,1,"IOTHUB_CLIENT_CONFIRMATION_OK"
23420,4021512719,4021512760,1,"IOTHUB_CLIENT_CONFIRMATION_OK"
23421,4021512919,4021513040,1,"IOTHUB_CLIENT_CONFIRMATION_OK"
23422,4021513119,4021513155,1,"IOTHUB_CLIENT_CONFIRMATION_OK"
23423,4021513320,4021513356,1,"IOTHUB_CLIENT_CONFIRMATION_OK"
23424,4021513520,4021513644,1,"IOTHUB_CLIENT_CONFIRMATION_OK"
23425,4021513720,4021513757,1,"IOTHUB_CLIENT_CONFIRMATION_OK"
23426,4021513920,4021514059,1,"IOTHUB_CLIENT_CONFIRMATION_OK"
23427,4021514120,4021514338,1,"IOTHUB_CLIENT_CONFIRMATION_OK"
23428,4021514320,4021514377,1,"IOTHUB_CLIENT_CONFIRMATION_OK"
23429,4021514520,4021514591,1,"IOTHUB_CLIENT_CONFIRMATION_OK"
23430,4021514721,4021514771,1,"IOTHUB_CLIENT_CONFIRMATION_OK"
23431,4021514921,4021514985,1,"IOTHUB_CLIENT_CONFIRMATION_OK"
23432,4021515121,4021515217,1,"IOTHUB_CLIENT_CONFIRMATION_OK"
23433,4021515321,4021515359,1,"IOTHUB_CLIENT_CONFIRMATION_OK"
23434,4021515521,4021515570,1,"IOTHUB_CLIENT_CONFIRMATION_OK"
23435,4021515721,4021515758,1,"IOTHUB_CLIENT_CONFIRMATION_OK"
23436,4021515922,4021515965,1,"IOTHUB_CLIENT_CONFIRMATION_OK"
23437,4021516122,4021516177,1,"IOTHUB_CLIENT_CONFIRMATION_OK"
23438,4021516322,4021516375,1,"IOTHUB_CLIENT_CONFIRMATION_OK"
23439,4021516522,4021516592,1,"IOTHUB_CLIENT_CONFIRMATION_OK"
23440,4021516722,4021516787,1,"IOTHUB_CLIENT_CONFIRMATION_OK"
23441,4021516922,4021516993,1,"IOTHUB_CLIENT_CONFIRMATION_OK"
23442,4021517123,4021517159,1,"IOTHUB_CLIENT_CONFIRMATION_OK"
23443,4021517323,4021517432,1,"IOTHUB_CLIENT_CONFIRMATION_OK"
23444,4021517523,4021517562,1,"IOTHUB_CLIENT_CONFIRMATION_OK"
23445,4021517723,4021517797,1,"IOTHUB_CLIENT_CONFIRMATION_OK"
23446,4021517923,4021517968,1,"IOTHUB_CLIENT_CONFIRMATION_OK"
23447,4021518123,4021518161,1,"IOTHUB_CLIENT_CONFIRMATION_OK"
23448,4021518323,4021518404,1,"IOTHUB_CLIENT_CONFIRMATION_OK"
23449,4021518524,4021518576,1,"IOTHUB_CLIENT_CONFIRMATION_OK"
23450,4021518724,4021518850,1,"IOTHUB_CLIENT_CONFIRMATION_OK"
23451,4021518924,4021518972,1,"IOTHUB_CLIENT_CONFIRMATION_OK"
23452,4021519124,4021519172,1,"IOTHUB_CLIENT_CONFIRMATION_OK"
23453,4021519324,4021519493,1,"IOTHUB_CLIENT_CONFIRMATION_OK"
23454,4021519524,4021519578,1,"IOTHUB_CLIENT_CONFIRMATION_OK"
23455,4021519725,4021519834,1,"IOTHUB_CLIENT_CONFIRMATION_OK"
23456,4021519925,4021520091,1,"IOTHUB_CLIENT_CONFIRMATION_OK"
23457,4021520125,4021520170,1,"IOTHUB_CLIENT_CONFIRMATION_OK"
23458,4021520325,4021520367,1,"IOTHUB_CLIENT_CONFIRMATION_OK"
23459,4021520525,4021520574,1,"IOTHUB_CLIENT_CONFIRMATION_OK"
23460,4021520725,4021520767,1,"IOTHUB_CLIENT_CONFIRMATION_OK"
23461,4021520925,4021520999,1,"IOTHUB_CLIENT_CONFIRMATION_OK"
23462,4021521126,4021521169,1,"IOTHUB_CLIENT_CONFIRMATION_OK"
23463,4021521326,4021521385,1,"IOTHUB_CLIENT_CONFIRMATION_OK"
23464,4021521526,4021521573,1,"IOTHUB_CLIENT_CONFIRMATION_OK"
23465,4021521726,4021521773,1,"IOTHUB_CLIENT_CONFIRMATION_OK"
23466,4021521926,4021521967,1,"IOTHUB_CLIENT_CONFIRMATION_OK"
23467,4021522126,4021522172,1,"IOTHUB_CLIENT_CONFIRMATION_OK"
23468,4021522327,4021522368,1,"IOTHUB_CLIENT_CONFIRMATION_OK"
23469,4021522527,4021522601,1,"IOTHUB_CLIENT_CONFIRMATION_OK"
23470,4021522727,4021522772,1,"IOTHUB_CLIENT_CONFIRMATION_OK"
23471,4021522927,4021522986,1,"IOTHUB_CLIENT_CONFIRMATION_OK"
23472,4021523127,4021523171,1,"IOTHUB_CLIENT_CONFIRMATION_OK"
23473,4021523327,4021523379,1,"IOTHUB_CLIENT_CONFIRMATION_OK"
23474,4021523528,4021523569,1,"IOTHUB_CLIENT_CONFIRMATION_OK"
23475,4021523728,4021523772,1,"IOTHUB_CLIENT_CONFIRMATION_OK"
23476,4021523928,4021524101,1,"IOTHUB_CLIENT_CONFIRMATION_OK"
23477,4021524128,4021524175,1,"IOTHUB_CLIENT_CONFIRMATION_OK"
23478,4021524328,4021524366,1,"IOTHUB_CLIENT_CONFIRMATION_OK"
23479,4021524528,4021524586,1,"IOTHUB_CLIENT_CONFIRMATION_OK"
23480,4021524728,4021524781,1,"IOTHUB_CLIENT_CONFIRMATION_OK"
23481,4021524929,4021524978,1,"IOTHUB_CLIENT_CONFIRMATION_OK"
23482,4021525129,4021525197,1,"IOTHUB_CLIENT_CONFIRMATION_OK"
23483,4021525329,4021525373,1,"IOTHUB_CLIENT_CONFIRMATION_OK"
23484,4021525529,4021525570,1,"IOTHUB_CLIENT_CONFIRMATION_OK"
23485,4021525729,4021525832,1,"IOTHUB_CLIENT_CONFIRMATION_OK"
23486,4021525929,4021525977,1,"IOTHUB_CLIENT_CONFIRMATION_OK"
23487,4021526130,4021526169,1,"IOTHUB_CLIENT_CONFIRMATION_OK"
23488,4021526330,4021526373,1,"IOTHUB_CLIENT_CONFIRMATION_OK"
23489,4021526530,4021526571,1,"IOTHUB_CLIENT_CONFIRMATION_OK"
23490,4021526730,4021526775,1,"IOTHUB_CLIENT_CONFIRMATION_OK"
23491,4021526930,4021526973,1,"IOTHUB_CLIENT_CONFIRMATION_OK"
23492,4021527130,4021527196,1,"IOTHUB_CLIENT_CONFIRMATION_OK"
23493,4021527331,4021527396,1,"IOTHUB_CLIENT_CONFIRMATION_OK"
23494,4021527531,4021527570,1,"IOTHUB_CLIENT_CONFIRMATION_OK"
23495,4021527731,4021527873,1,"IOTHUB_CLIENT_CONFIRMATION_OK"
23496,4021527931,4021527968,1,"IOTHUB_CLIENT_CONFIRMATION_OK"
23497,4021528131,4021528167,1,"IOTHUB_CLIENT_CONFIRMATION_OK"
23498,4021528331,4021528504,1,"IOTHUB_CLIENT_CONFIRMATION_OK"
23499,4021528531,4021528573,1,"IOTHUB_CLIENT_CONFIRMATION_OK"
23500,4021528732,4021528770,1,"IOTHUB_CLIENT_CONFIRMATION_OK"
23501,4021528932,4021528988,1,"IOTHUB_CLIENT_CONFIRMATION_OK"
23502,4021529132,4021529170,1,"IOTHUB_CLIENT_CONFIRMATION_OK"
23503,4021529332,4021529386,1,"IOTHUB_CLIENT_CONFIRMATION_OK"
23504,4021529532,4021529567,1,"IOTHUB_CLIENT_CONFIRMATION_OK"
23505,4021529732,4021529805,1,"IOTHUB_CLIENT_CONFIRMATION_OK"
23506,4021529933,4021529968,1,"IOTHUB_CLIENT_CONFIRMATION_OK"
23507,4021530133,4021530173,1,"IOTHUB_CLIENT_CONFIRMATION_OK"
23508,4021530333,4021530387,1,"IOTHUB_CLIENT_CONFIRMATION_OK"
23509,4021530533,4021530576,1,"IOTHUB_CLIENT_CONFIRMATION_OK"
23510,4021530733,4021530767,1,"IOTHUB_CLIENT_CONFIRMATION_OK"
23511,4021530933,4021530971,1,"IOTHUB_CLIENT_CONFIRMATION_OK"
23512,4021531133,4021531173,1,"IOTHUB_CLIENT_CONFIRMATION_OK"
23513,4021531334,4021531380,1,"IOTHUB_CLIENT_CONFIRMATION_OK"
23514,4021531534,4021531624,1,"IOTHUB_CLIENT_CONFIRMATION_OK"
23515,4021531734,4021531784,1,"IOTHUB_CLIENT_CONFIRMATION_OK"
23516,4021531934,4021532008,1,"IOTHUB_CLIENT_CONFIRMATION_OK"
23517,4021532134,4021532170,1,"IOTHUB_CLIENT_CONFIRMATION_OK"
23518,4021532334,4021532384,1,"IOTHUB_CLIENT_CONFIRMATION_OK"
23519,4021532535,4021532576,1,"IOTHUB_CLIENT_CONFIRMATION_OK"
23520,4021532735,4021532801,1,"IOTHUB_CLIENT_CONFIRMATION_OK"
23521,4021532935,4021533027,1,"IOTHUB_CLIENT_CONFIRMATION_OK"
23522,4021533135,4021533231,1,"IOTHUB_CLIENT_CONFIRMATION_OK"
23523,4021533335,4021533379,1,"IOTHUB_CLIENT_CONFIRMATION_OK"
23524,4021533535,4021533676,1,"IOTHUB_CLIENT_CONFIRMATION_OK"
23525,4021533735,4021533785,1,"IOTHUB_CLIENT_CONFIRMATION_OK"
23526,4021533936,4021533979,1,"IOTHUB_CLIENT_CONFIRMATION_OK"
23527,4021534136,4021534273,1,"IOTHUB_CLIENT_CONFIRMATION_OK"
23528,4021534336,4021534377,1,"IOTHUB_CLIENT_CONFIRMATION_OK"
23529,4021534536,4021534578,1,"IOTHUB_CLIENT_CONFIRMATION_OK"
23530,4021534736,4021534790,1,"IOTHUB_CLIENT_CONFIRMATION_OK"
23531,4021534936,4021534983,1,"IOTHUB_CLIENT_CONFIRMATION_OK"
23532,4021535137,4021535181,1,"IOTHUB_CLIENT_CONFIRMATION_OK"
23533,4021535337,4021535371,1,"IOTHUB_CLIENT_CONFIRMATION_OK"
23534,4021535537,4021535577,1,"IOTHUB_CLIENT_CONFIRMATION_OK"
23535,4021535737,4021535807,1,"IOTHUB_CLIENT_CONFIRMATION_OK"
23536,4021535937,4021536017,1,"IOTHUB_CLIENT_CONFIRMATION_OK"
23537,4021536137,4021536176,1,"IOTHUB_CLIENT_CONFIRMATION_OK"
23538,4021536337,4021536382,1,"IOTHUB_CLIENT_CONFIRMATION_OK"
23539,4021536538,4021536579,1,"IOTHUB_CLIENT_CONFIRMATION_OK"
23540,4021536738,4021536916,1,"IOTHUB_CLIENT_CONFIRMATION_OK"
23541,4021536938,4021536989,1,"IOTHUB_CLIENT_CONFIRMATION_OK"
23542,4021537138,4021537193,1,"IOTHUB_CLIENT_CONFIRMATION_OK"
23543,4021537338,4021537381,1,"IOTHUB_CLIENT_CONFIRMATION_OK"
23544,4021537538,4021537599,1,"IOTHUB_CLIENT_CONFIRMATION_OK"
23545,4021537739,4021537795,1,"IOTHUB_CLIENT_CONFIRMATION_OK"
23546,4021537939,4021537995,1,"IOTHUB_CLIENT_CONFIRMATION_OK"
23547,4021538139,4021538331,1,"IOTHUB_CLIENT_CONFIRMATION_OK"
23548,4021538339,4021538410,1,"IOTHUB_CLIENT_CONFIRMATION_OK"
23549,4021538539,4021538583,1,"IOTHUB_CLIENT_CONFIRMATION_OK"
23550,4021538739,4021538855,1,"IOTHUB_CLIENT_CONFIRMATION_OK"
23551,4021538940,4021538982,1,"IOTHUB_CLIENT_CONFIRMATION_OK"
23552,4021539140,4021539187,1,"IOTHUB_CLIENT_CONFIRMATION_OK"
23553,4021539340,4021539476,1,"IOTHUB_CLIENT_CONFIRMATION_OK"
23554,4021539540,4021539594,1,"IOTHUB_CLIENT_CONFIRMATION_OK"
23555,4021539740,4021539792,1,"IOTHUB_CLIENT_CONFIRMATION_OK"
23556,4021539940,4021540094,1,"IOTHUB_CLIENT_CONFIRMATION_OK"
23557,4021540141,4021540179,1,"IOTHUB_CLIENT_CONFIRMATION_OK"
23558,4021540341,4021540389,1,"IOTHUB_CLIENT_CONFIRMATION_OK"
23559,4021540541,4021540601,1,"IOTHUB_CLIENT_CONFIRMATION_OK"
23560,4021540741,4021540783,1,"IOTHUB_CLIENT_CONFIRMATION_OK"
23561,4021540941,4021540986,1,"IOTHUB_CLIENT_CONFIRMATION_OK"
23562,4021541141,4021541204,1,"IOTHUB_CLIENT_CONFIRMATION_OK"
23563,4021541341,4021541381,1,"IOTHUB_CLIENT_CONFIRMATION_OK"
23564,4021541542,4021541580,1,"IOTHUB_CLIENT_CONFIRMATION_OK"
23565,4021541742,4021541781,1,"IOTHUB_CLIENT_CONFIRMATION_OK"
23566,4021541942,4021541991,1,"IOTHUB_CLIENT_CONFIRMATION_OK"
23567,4021542142,4021542196,1,"IOTHUB_CLIENT_CONFIRMATION_OK"
23568,4021542342,4021542387,1,"IOTHUB_CLIENT_CONFIRMATION_OK"
23569,4021542542,4021542744,1,"IOTHUB_CLIENT_CONFIRMATION_OK"
23570,4021542743,4021542778,1,"IOTHUB_CLIENT_CONFIRMATION_OK"
23571,4021542943,4021543055,1,"IOTHUB_CLIENT_CONFIRMATION_OK"
23572,4021543143,4021543179,1,"IOTHUB_CLIENT_CONFIRMATION_OK"
23573,4021543343,4021543380,1,"IOTHUB_CLIENT_CONFIRMATION_OK"
23574,4021543543,4021543583,1,"IOTHUB_CLIENT_CONFIRMATION_OK"
23575,4021543743,4021543792,1,"IOTHUB_CLIENT_CONFIRMATION_OK"
23576,4021543943,4021543981,1,"IOTHUB_CLIENT_CONFIRMATION_OK"
23577,4021544144,4021544193,1,"IOTHUB_CLIENT_CONFIRMATION_OK"
23578,4021544344,4021544452,1,"IOTHUB_CLIENT_CONFIRMATION_OK"
23579,4021544544,4021544582,1,"IOTHUB_CLIENT_CONFIRMATION_OK"
23580,4021544744,4021544786,1,"IOTHUB_CLIENT_CONFIRMATION_OK"
23581,4021544944,4021544990,1,"IOTHUB_CLIENT_CONFIRMATION_OK"
23582,4021545144,4021545188,1,"IOTHUB_CLIENT_CONFIRMATION_OK"
23583,4021545345,4021545389,1,"IOTHUB_CLIENT_CONFIRMATION_OK"
23584,4021545545,4021545591,1,"IOTHUB_CLIENT_CONFIRMATION_OK"
23585,4021545745,4021545787,1,"IOTHUB_CLIENT_CONFIRMATION_OK"
23586,4021545945,4021546001,1,"IOTHUB_CLIENT_CONFIRMATION_OK"
23587,4021546145,4021546200,1,"IOTHUB_CLIENT_CONFIRMATION_OK"
23588,4021546345,4021546403,1,"IOTHUB_CLIENT_CONFIRMATION_OK"
23589,4021546545,4021546624,1,"IOTHUB_CLIENT_CONFIRMATION_OK"
23590,4021546746,4021546793,1,"IOTHUB_CLIENT_CONFIRMATION_OK"
23591,4021546946,4021546991,1,"IOTHUB_CLIENT_CONFIRMATION_OK"
23592,4021547146,4021547241,1,"IOTHUB_CLIENT_CONFIRMATION_OK"
23593,4021547346,4021547387,1,"IOTHUB_CLIENT_CONFIRMATION_OK"
23594,4021547546,4021547592,1,"IOTHUB_CLIENT_CONFIRMATION_OK"
23595,4021547746,4021547825,1,"IOTHUB_CLIENT_CONFIRMATION_OK"
23596,4021547947,4021547989,1,"IOTHUB_CLIENT_CONFIRMATION_OK"
23597,4021548147,4021548192,1,"IOTHUB_CLIENT_CONFIRMATION_OK"
23598,4021548347,4021548459,1,"IOTHUB_CLIENT_CONFIRMATION_OK"
23599,4021548547,4021548636,1,"IOTHUB_CLIENT_CONFIRMATION_OK"
23600,4021548747,4021548792,1,"IOTHUB_CLIENT_CONFIRMATION_OK"
23601,4021548947,4021549028,1,"IOTHUB_CLIENT_CONFIRMATION_OK"
23602,4021549148,4021549185,1,"IOTHUB_CLIENT_CONFIRMATION_OK"
23603,4021549348,4021549388,1,"IOTHUB_CLIENT_CONFIRMATION_OK"
23604,4021549548,4021549598,1,"IOTHUB_CLIENT_CONFIRMATION_OK"
23605,4021549748,4021549787,1,"IOTHUB_CLIENT_CONFIRMATION_OK"
23606,4021549948,4021549986,1,"IOTHUB_CLIENT_CONFIRMATION_OK"
23607,4021550148,4021550189,1,"IOTHUB_CLIENT_CONFIRMATION_OK"
23608,4021550349,4021550490,1,"IOTHUB_CLIENT_CONFIRMATION_OK"
23609,4021550549,4021550608,1,"IOTHUB_CLIENT_CONFIRMATION_OK"
23610,4021550749,4021550789,1,"IOTHUB_CLIENT_CONFIRMATION_OK"
23611,4021550949,4021551074,1,"IOTHUB_CLIENT_CONFIRMATION_OK"
23612,4021551149,4021551188,1,"IOTHUB_CLIENT_CONFIRMATION_OK"
23613,4021551349,4021551414,1,"IOTHUB_CLIENT_CONFIRMATION_OK"
23614,4021551549,4021551678,1,"IOTHUB_CLIENT_CONFIRMATION_OK"
23615,4021551750,4021551784,1,"IOTHUB_CLIENT_CONFIRMATION_OK"
23616,4021551950,4021552004,1,"IOTHUB_CLIENT_CONFIRMATION_OK"
23617,4021552150,4021552196,1,"IOTHUB_CLIENT_CONFIRMATION_OK"
23618,4021552350,4021552392,1,"IOTHUB_CLIENT_CONFIRMATION_OK"
23619,4021552550,4021552588,1,"IOTHUB_CLIENT_CONFIRMATION_OK"
23620,4021552750,4021552805,1,"IOTHUB_CLIENT_CONFIRMATION_OK"
23621,4021552951,4021552985,1,"IOTHUB_CLIENT_CONFIRMATION_OK"
23622,4021553151,4021553190,1,"IOTHUB_CLIENT_CONFIRMATION_OK"
23623,4021553351,4021553460,1,"IOTHUB_CLIENT_CONFIRMATION_OK"
23624,4021553551,4021553710,1,"IOTHUB_CLIENT_CONFIRMATION_OK"
23625,4021553751,4021553808,1,"IOTHUB_CLIENT_CONFIRMATION_OK"
23626,4021553951,4021554011,1,"IOTHUB_CLIENT_CONFIRMATION_OK"
23627,4021554152,4021554205,1,"IOTHUB_CLIENT_CONFIRMATION_OK"
23628,4021554352,4021554399,1,"IOTHUB_CLIENT_CONFIRMATION_OK"
23629,4021554552,4021554606,1,"IOTHUB_CLIENT_CONFIRMATION_OK"
23630,4021554752,4021554819,1,"IOTHUB_CLIENT_CONFIRMATION_OK"
23631,4021554952,4021555026,1,"IOTHUB_CLIENT_CONFIRMATION_OK"
23632,4021555152,4021555204,1,"IOTHUB_CLIENT_CONFIRMATION_OK"
23633,4021555353,4021555388,1,"IOTHUB_CLIENT_CONFIRMATION_OK"
23634,4021555553,4021555668,1,"IOTHUB_CLIENT_CONFIRMATION_OK"
23635,4021555753,4021555821,1,"IOTHUB_CLIENT_CONFIRMATION_OK"
23636,4021555953,4021555996,1,"IOTHUB_CLIENT_CONFIRMATION_OK"
23637,4021556153,4021556258,1,"IOTHUB_CLIENT_CONFIRMATION_OK"
23638,4021556353,4021556450,1,"IOTHUB_CLIENT_CONFIRMATION_OK"
23639,4021556553,4021556618,1,"IOTHUB_CLIENT_CONFIRMATION_OK"
23640,4021556754,4021556938,1,"IOTHUB_CLIENT_CONFIRMATION_OK"
23641,4021556954,4021556992,1,"IOTHUB_CLIENT_CONFIRMATION_OK"
23642,4021557154,4021557194,1,"IOTHUB_CLIENT_CONFIRMATION_OK"
23643,4021557354,4021557391,1,"IOTHUB_CLIENT_CONFIRMATION_OK"
23644,4021557554,4021557592,1,"IOTHUB_CLIENT_CONFIRMATION_OK"
23645,4021557754,4021557810,1,"IOTHUB_CLIENT_CONFIRMATION_OK"
23646,4021557955,4021557992,1,"IOTHUB_CLIENT_CONFIRMATION_OK"
23647,4021558155,4021558194,1,"IOTHUB_CLIENT_CONFIRMATION_OK"
23648,4021558355,4021558408,1,"IOTHUB_CLIENT_CONFIRMATION_OK"
23649,4021558555,4021558602,1,"IOTHUB_CLIENT_CONFIRMATION_OK"
23650,4021558755,4021558795,1,"IOTHUB_CLIENT_CONFIRMATION_OK"
23651,4021558955,4021559079,1,"IOTHUB_CLIENT_CONFIRMATION_OK"
23652,4021559155,4021559200,1,"IOTHUB_CLIENT_CONFIRMATION_OK"
23653,4021559356,4021559417,1,"IOTHUB_CLIENT_CONFIRMATION_OK"
23654,4021559556,4021559598,1,"IOTHUB_CLIENT_CONFIRMATION_OK"
23655,4021559756,4021559808,1,"IOTHUB_CLIENT_CONFIRMATION_OK"
23656,4021559956,4021559995,1,"IOTHUB_CLIENT_CONFIRMATION_OK"
23657,4021560156,4021560191,1,"IOTHUB_CLIENT_CONFIRMATION_OK"
23658,4021560356,4021560408,1,"IOTHUB_CLIENT_CONFIRMATION_OK"
23659,4021560557,4021560604,1,"IOTHUB_CLIENT_CONFIRMATION_OK"
23660,4021560757,4021560799,1,"IOTHUB_CLIENT_CONFIRMATION_OK"
23661,4021560957,4021561005,1,"IOTHUB_CLIENT_CONFIRMATION_OK"
23662,4021561157,4021561256,1,"IOTHUB_CLIENT_CONFIRMATION_OK"
23663,4021561357,4021561463,1,"IOTHUB_CLIENT_CONFIRMATION_OK"
23664,4021561557,4021561601,1,"IOTHUB_CLIENT_CONFIRMATION_OK"
23665,4021561757,4021561809,1,"IOTHUB_CLIENT_CONFIRMATION_OK"
23666,4021561958,4021562081,1,"IOTHUB_CLIENT_CONFIRMATION_OK"
23667,4021562158,4021562198,1,"IOTHUB_CLIENT_CONFIRMATION_OK"
23668,4021562358,4021562406,1,"IOTHUB_CLIENT_CONFIRMATION_OK"
23669,4021562558,4021562666,1,"IOTHUB_CLIENT_CONFIRMATION_OK"
23670,4021562758,4021562806,1,"IOTHUB_CLIENT_CONFIRMATION_OK"
23671,4021562958,4021563007,1,"IOTHUB_CLIENT_CONFIRMATION_OK"
23672,4021563159,4021563203,1,"IOTHUB_CLIENT_CONFIRMATION_OK"
23673,4021563359,4021563402,1,"IOTHUB_CLIENT_CONFIRMATION_OK"
23674,4021563559,4021563596,1,"IOTHUB_CLIENT_CONFIRMATION_OK"
23675,4021563759,4021563806,1,"IOTHUB_CLIENT_CONFIRMATION_OK"
23676,4021563959,4021564006,1,"IOTHUB_CLIENT_CONFIRMATION_OK"
23677,4021564159,4021564207,1,"IOTHUB_CLIENT_CONFIRMATION_OK"
23678,4021564359,4021564396,1,"IOTHUB_CLIENT_CONFIRMATION_OK"
23679,4021564560,4021564621,1,"IOTHUB_CLIENT_CONFIRMATION_OK"
23680,4021564760,4021564806,1,"IOTHUB_CLIENT_CONFIRMATION_OK"
23681,4021564960,4021565001,1,"IOTHUB_CLIENT_CONFIRMATION_OK"
23682,4021565160,4021565212,1,"IOTHUB_CLIENT_CONFIRMATION_OK"
23683,4021565360,4021565403,1,"IOTHUB_CLIENT_CONFIRMATION_OK"
23684,4021565560,4021565601,1,"IOTHUB_CLIENT_CONFIRMATION_OK"
23685,4021565761,4021565957,1,"IOTHUB_CLIENT_CONFIRMATION_OK"
23686,4021565961,4021565997,1,"IOTHUB_CLIENT_CONFIRMATION_OK"
23687,4021566161,4021566199,1,"IOTHUB_CLIENT_CONFIRMATION_OK"
23688,4021566361,4021566411,1,"IOTHUB_CLIENT_CONFIRMATION_OK"
23689,4021566561,4021566603,1,"IOTHUB_CLIENT_CONFIRMATION_OK"
23690,4021566761,4021566812,1,"IOTHUB_CLIENT_CONFIRMATION_OK"
23691,4021566961,4021567005,1,"IOTHUB_CLIENT_CONFIRMATION_OK"
23692,4021567162,4021567211,1,"IOTHUB_CLIENT_CONFIRMATION_OK"
23693,4021567362,4021567457,1,"IOTHUB_CLIENT_CONFIRMATION_OK"
23694,4021567562,4021567608,1,"IOTHUB_CLIENT_CONFIRMATION_OK"
23695,4021567762,4021567815,1,"IOTHUB_CLIENT_CONFIRMATION_OK"
23696,4021567962,4021568007,1,"IOTHUB_CLIENT_CONFIRMATION_OK"
23697,4021568162,4021568199,1,"IOTHUB_CLIENT_CONFIRMATION_OK"
23698,4021568363,4021568429,1,"IOTHUB_CLIENT_CONFIRMATION_OK"
23699,4021568563,4021568597,1,"IOTHUB_CLIENT_CONFIRMATION_OK"
23700,4021568763,4021568803,1,"IOTHUB_CLIENT_CONFIRMATION_OK"
23701,4021568963,4021569014,1,"IOTHUB_CLIENT_CONFIRMATION_OK"
23702,4021569163,4021569209,1,"IOTHUB_CLIENT_CONFIRMATION_OK"
23703,4021569363,4021569406,1,"IOTHUB_CLIENT_CONFIRMATION_OK"
23704,4021569564,4021569609,1,"IOTHUB_CLIENT_CONFIRMATION_OK"
23705,4021569764,4021569859,1,"IOTHUB_CLIENT_CONFIRMATION_OK"
23706,4021569964,4021570025,1,"IOTHUB_CLIENT_CONFIRMATION_OK"
23707,4021570164,4021570200,1,"IOTHUB_CLIENT_CONFIRMATION_OK"
23708,4021570364,4021570513,1,"IOTHUB_CLIENT_CONFIRMATION_OK"
23709,4021570564,4021570602,1,"IOTHUB_CLIENT_CONFIRMATION_OK"
23710,4021570764,4021570804,1,"IOTHUB_CLIENT_CONFIRMATION_OK"
23711,4021570965,4021571076,1,"IOTHUB_CLIENT_CONFIRMATION_OK"
23712,4021571165,4021571223,1,"IOTHUB_CLIENT_CONFIRMATION_OK"
23713,4021571365,4021571407,1,"IOTHUB_CLIENT_CONFIRMATION_OK"
23714,4021571565,4021571696,1,"IOTHUB_CLIENT_CONFIRMATION_OK"
23715,4021571765,4021571808,1,"IOTHUB_CLIENT_CONFIRMATION_OK"
23716,4021571965,4021572026,1,"IOTHUB_CLIENT_CONFIRMATION_OK"
23717,4021572166,4021572204,1,"IOTHUB_CLIENT_CONFIRMATION_OK"
23718,4021572366,4021572407,1,"IOTHUB_CLIENT_CONFIRMATION_OK"
23719,4021572566,4021572649,1,"IOTHUB_CLIENT_CONFIRMATION_OK"
23720,4021572766,4021572831,1,"IOTHUB_CLIENT_CONFIRMATION_OK"
23721,4021572966,4021573004,1,"IOTHUB_CLIENT_CONFIRMATION_OK"
23722,4021573166,4021573202,1,"IOTHUB_CLIENT_CONFIRMATION_OK"
23723,4021573367,4021573405,1,"IOTHUB_CLIENT_CONFIRMATION_OK"
23724,4021573567,4021573616,1,"IOTHUB_CLIENT_CONFIRMATION_OK"
23725,4021573767,4021573813,1,"IOTHUB_CLIENT_CONFIRMATION_OK"
23726,4021573967,4021574006,1,"IOTHUB_CLIENT_CONFIRMATION_OK"
23727,4021574167,4021574253,1,"IOTHUB_CLIENT_CONFIRMATION_OK"
23728,4021574367,4021574403,1,"IOTHUB_CLIENT_CONFIRMATION_OK"
23729,4021574567,4021574627,1,"IOTHUB_CLIENT_CONFIRMATION_OK"
23730,4021574768,4021574809,1,"IOTHUB_CLIENT_CONFIRMATION_OK"
23731,4021574968,4021575024,1,"IOTHUB_CLIENT_CONFIRMATION_OK"
23732,4021575168,4021575208,1,"IOTHUB_CLIENT_CONFIRMATION_OK"
23733,4021575368,4021575431,1,"IOTHUB_CLIENT_CONFIRMATION_OK"
23734,4021575568,4021575655,1,"IOTHUB_CLIENT_CONFIRMATION_OK"
23735,4021575768,4021575831,1,"IOTHUB_CLIENT_CONFIRMATION_OK"
23736,4021575969,4021576038,1,"IOTHUB_CLIENT_CONFIRMATION_OK"
23737,4021576169,4021576273,1,"IOTHUB_CLIENT_CONFIRMATION_OK"
23738,4021576369,4021576414,1,"IOTHUB_CLIENT_CONFIRMATION_OK"
23739,4021576569,4021576630,1,"IOTHUB_CLIENT_CONFIRMATION_OK"
23740,4021576769,4021576942,1,"IOTHUB_CLIENT_CONFIRMATION_OK"
23741,4021576969,4021577038,1,"IOTHUB_CLIENT_CONFIRMATION_OK"
23742,4021577169,4021577206,1,"IOTHUB_CLIENT_CONFIRMATION_OK"
23743,4021577370,4021577417,1,"IOTHUB_CLIENT_CONFIRMATION_OK"
23744,4021577570,4021577626,1,"IOTHUB_CLIENT_CONFIRMATION_OK"
23745,4021577770,4021577816,1,"IOTHUB_CLIENT_CONFIRMATION_OK"
23746,4021577970,4021578023,1,"IOTHUB_CLIENT_CONFIRMATION_OK"
23747,4021578170,4021578297,1,"IOTHUB_CLIENT_CONFIRMATION_OK"
23748,4021578370,4021578422,1,"IOTHUB_CLIENT_CONFIRMATION_OK"
23749,4021578571,4021578620,1,"IOTHUB_CLIENT_CONFIRMATION_OK"
23750,4021578771,4021578895,1,"IOTHUB_CLIENT_CONFIRMATION_OK"
23751,4021578971,4021579046,1,"IOTHUB_CLIENT_CONFIRMATION_OK"
23752,4021579171,4021579219,1,"IOTHUB_CLIENT_CONFIRMATION_OK"
23753,4021579371,4021579512,1,"IOTHUB_CLIENT_CONFIRMATION_OK"
23754,4021579571,4021579632,1,"IOTHUB_CLIENT_CONFIRMATION_OK"
23755,4021579771,4021579810,1,"IOTHUB_CLIENT_CONFIRMATION_OK"
23756,4021579972,4021580155,1,"IOTHUB_CLIENT_CONFIRMATION_OK"
23757,4021580172,4021580212,1,"IOTHUB_CLIENT_CONFIRMATION_OK"
23758,4021580372,4021580420,1,"IOTHUB_CLIENT_CONFIRMATION_OK"
23759,4021580572,4021580611,1,"IOTHUB_CLIENT_CONFIRMATION_OK"
23760,4021580772,4021580815,1,"IOTHUB_CLIENT_CONFIRMATION_OK"
23761,4021580972,4021581007,1,"IOTHUB_CLIENT_CONFIRMATION_OK"
23762,4021581172,4021581231,1,"IOTHUB_CLIENT_CONFIRMATION_OK"
23763,4021581373,4021581419,1,"IOTHUB_CLIENT_CONFIRMATION_OK"
23764,4021581573,4021581627,1,"IOTHUB_CLIENT_CONFIRMATION_OK"
23765,4021581773,4021581816,1,"IOTHUB_CLIENT_CONFIRMATION_OK"
23766,4021581973,4021582015,1,"IOTHUB_CLIENT_CONFIRMATION_OK"
23767,4021582173,4021582212,1,"IOTHUB_CLIENT_CONFIRMATION_OK"
23768,4021582373,4021582410,1,"IOTHUB_CLIENT_CONFIRMATION_OK"
23769,4021582574,4021582778,1,"IOTHUB_CLIENT_CONFIRMATION_OK"
23770,4021582774,4021582811,1,"IOTHUB_CLIENT_CONFIRMATION_OK"
23771,4021582974,4021583011,1,"IOTHUB_CLIENT_CONFIRMATION_OK"
23772,4021583174,4021583210,1,"IOTHUB_CLIENT_CONFIRMATION_OK"
23773,4021583374,4021583524,1,"IOTHUB_CLIENT_CONFIRMATION_OK"
23774,4021583574,4021583617,1,"IOTHUB_CLIENT_CONFIRMATION_OK"
23775,4021583774,4021583826,1,"IOTHUB_CLIENT_CONFIRMATION_OK"
23776,4021583975,4021584015,1,"IOTHUB_CLIENT_CONFIRMATION_OK"
23777,4021584175,4021584214,1,"IOTHUB_CLIENT_CONFIRMATION_OK"
23778,4021584375,4021584481,1,"IOTHUB_CLIENT_CONFIRMATION_OK"
23779,4021584575,4021584613,1,"IOTHUB_CLIENT_CONFIRMATION_OK"
23780,4021584775,4021584822,1,"IOTHUB_CLIENT_CONFIRMATION_OK"
23781,4021584975,4021585021,1,"IOTHUB_CLIENT_CONFIRMATION_OK"
23782,4021585176,4021585351,1,"IOTHUB_CLIENT_CONFIRMATION_OK"
23783,4021585376,4021585411,1,"IOTHUB_CLIENT_CONFIRMATION_OK"
23784,4021585576,4021585629,1,"IOTHUB_CLIENT_CONFIRMATION_OK"
23785,4021585776,4021585960,1,"IOTHUB_CLIENT_CONFIRMATION_OK"
23786,4021585976,4021586046,1,"IOTHUB_CLIENT_CONFIRMATION_OK"
23787,4021586176,4021586228,1,"IOTHUB_CLIENT_CONFIRMATION_OK"
23788,4021586376,4021586478,1,"IOTHUB_CLIENT_CONFIRMATION_OK"
23789,4021586577,4021586621,1,"IOTHUB_CLIENT_CONFIRMATION_OK"
23790,4021586777,4021586843,1,"IOTHUB_CLIENT_CONFIRMATION_OK"
23791,4021586977,4021587025,1,"IOTHUB_CLIENT_CONFIRMATION_OK"
23792,4021587177,4021587237,1,"IOTHUB_CLIENT_CONFIRMATION_OK"
23793,4021587377,4021587424,1,"IOTHUB_CLIENT_CONFIRMATION_OK"
23794,4021587577,4021587625,1,"IOTHUB_CLIENT_CONFIRMATION_OK"
23795,4021587778,4021587821,1,"IOTHUB_CLIENT_CONFIRMATION_OK"
23796,4021587978,4021588020,1,"IOTHUB_CLIENT_CONFIRMATION_OK"
23797,4021588178,4021588225,1,"IOTHUB_CLIENT_CONFIRMATION_OK"
23798,4021588378,4021588534,1,"IOTHUB_CLIENT_CONFIRMATION_OK"
23799,4021588578,4021588635,1,"IOTHUB_CLIENT_CONFIRMATION_OK"
23800,4021588778,4021588827,1,"IOTHUB_CLIENT_CONFIRMATION_OK"
23801,4021588978,4021589034,1,"IOTHUB_CLIENT_CONFIRMATION_OK"
23802,4021589179,4021589225,1,"IOTHUB_CLIENT_CONFIRMATION_OK"
23803,4021589379,4021589466,1,"IOTHUB_CLIENT_CONFIRMATION_OK"
23804,4021589579,4021589649,1,"IOTHUB_CLIENT_CONFIRMATION_OK"
23805,4021589779,4021589844,1,"IOTHUB_CLIENT_CONFIRMATION_OK"
23806,4021589979,4021590052,1,"IOTHUB_CLIENT_CONFIRMATION_OK"
23807,4021590179,4021590258,1,"IOTHUB_CLIENT_CONFIRMATION_OK"
23808,4021590380,4021590513,1,"IOTHUB_CLIENT_CONFIRMATION_OK"
23809,4021590580,4021590623,1,"IOTHUB_CLIENT_CONFIRMATION_OK"
23810,4021590780,4021590832,1,"IOTHUB_CLIENT_CONFIRMATION_OK"
23811,4021590980,4021591091,1,"IOTHUB_CLIENT_CONFIRMATION_OK"
23812,4021591180,4021591225,1,"IOTHUB_CLIENT_CONFIRMATION_OK"
23813,4021591380,4021591434,1,"IOTHUB_CLIENT_CONFIRMATION_OK"
23814,4021591580,4021591720,1,"IOTHUB_CLIENT_CONFIRMATION_OK"
23815,4021591781,4021591827,1,"IOTHUB_CLIENT_CONFIRMATION_OK"
23816,4021591981,4021592031,1,"IOTHUB_CLIENT_CONFIRMATION_OK"
23817,4021592181,4021592224,1,"IOTHUB_CLIENT_CONFIRMATION_OK"
23818,4021592381,4021592433,1,"IOTHUB_CLIENT_CONFIRMATION_OK"
23819,4021592581,4021592623,1,"IOTHUB_CLIENT_CONFIRMATION_OK"
23820,4021592781,4021592829,1,"IOTHUB_CLIENT_CONFIRMATION_OK"
23821,4021592982,4021593024,1,"IOTHUB_CLIENT_CONFIRMATION_OK"
23822,4021593182,4021593222,1,"IOTHUB_CLIENT_CONFIRMATION_OK"
23823,4021593382,4021593420,1,"IOTHUB_CLIENT_CONFIRMATION_OK"
23824,4021593582,4021593741,1,"IOTHUB_CLIENT_CONFIRMATION_OK"
23825,4021593782,4021593846,1,"IOTHUB_CLIENT_CONFIRMATION_OK"
23826,4021593983,4021594041,1,"IOTHUB_CLIENT_CONFIRMATION_OK"
23827,4021594183,4021594345,1,"IOTHUB_CLIENT_CONFIRMATION_OK"
23828,4021594383,4021594419,1,"IOTHUB_CLIENT_CONFIRMATION_OK"
23829,4021594583,4021594627,1,"IOTHUB_CLIENT_CONFIRMATION_OK"
23830,4021594783,4021594828,1,"IOTHUB_CLIENT_CONFIRMATION_OK"
23831,4021594983,4021595021,1,"IOTHUB_CLIENT_CONFIRMATION_OK"
23832,4021595184,4021595222,1,"IOTHUB_CLIENT_CONFIRMATION_OK"
23833,4021595384,4021595441,1,"IOTHUB_CLIENT_CONFIRMATION_OK"
23834,4021595584,4021595619,1,"IOTHUB_CLIENT_CONFIRMATION_OK"
23835,4021595784,4021595840,1,"IOTHUB_CLIENT_CONFIRMATION_OK"
23836,4021595984,4021596019,1,"IOTHUB_CLIENT_CONFIRMATION_OK"
23837,4021596184,4021596241,1,"IOTHUB_CLIENT_CONFIRMATION_OK"
23838,4021596384,4021596428,1,"IOTHUB_CLIENT_CONFIRMATION_OK"
23839,4021596585,4021596654,1,"IOTHUB_CLIENT_CONFIRMATION_OK"
23840,4021596785,4021596835,1,"IOTHUB_CLIENT_CONFIRMATION_OK"
23841,4021596985,4021597031,1,"IOTHUB_CLIENT_CONFIRMATION_OK"
23842,4021597185,4021597223,1,"IOTHUB_CLIENT_CONFIRMATION_OK"
23843,4021597385,4021597463,1,"IOTHUB_CLIENT_CONFIRMATION_OK"
23844,4021597585,4021597642,1,"IOTHUB_CLIENT_CONFIRMATION_OK"
23845,4021597786,4021597820,1,"IOTHUB_CLIENT_CONFIRMATION_OK"
23846,4021597986,4021598029,1,"IOTHUB_CLIENT_CONFIRMATION_OK"
23847,4021598186,4021598246,1,"IOTHUB_CLIENT_CONFIRMATION_OK"
23848,4021598386,4021598422,1,"IOTHUB_CLIENT_CONFIRMATION_OK"
23849,4021598586,4021598655,1,"IOTHUB_CLIENT_CONFIRMATION_OK"
23850,4021598786,4021598893,1,"IOTHUB_CLIENT_CONFIRMATION_OK"
23851,4021598986,4021599055,1,"IOTHUB_CLIENT_CONFIRMATION_OK"
23852,4021599187,4021599237,1,"IOTHUB_CLIENT_CONFIRMATION_OK"
23853,4021599387,4021599519,1,"IOTHUB_CLIENT_CONFIRMATION_OK"
23854,4021599587,4021599636,1,"IOTHUB_CLIENT_CONFIRMATION_OK"
23855,4021599787,4021599833,1,"IOTHUB_CLIENT_CONFIRMATION_OK"
23856,4021599987,4021600084,1,"IOTHUB_CLIENT_CONFIRMATION_OK"
23857,4021600187,4021600234,1,"IOTHUB_CLIENT_CONFIRMATION_OK"
23858,4021600388,4021600438,1,"IOTHUB_CLIENT_CONFIRMATION_OK"
23859,4021600588,4021600658,1,"IOTHUB_CLIENT_CONFIRMATION_OK"
23860,4021600788,4021600835,1,"IOTHUB_CLIENT_CONFIRMATION_OK"
23861,4021600988,4021601060,1,"IOTHUB_CLIENT_CONFIRMATION_OK"
23862,4021601188,4021601225,1,"IOTHUB_CLIENT_CONFIRMATION_OK"
23863,4021601388,4021601428,1,"IOTHUB_CLIENT_CONFIRMATION_OK"
23864,4021601588,4021601639,1,"IOTHUB_CLIENT_CONFIRMATION_OK"
23865,4021601789,4021601828,1,"IOTHUB_CLIENT_CONFIRMATION_OK"
23866,4021601989,4021602138,1,"IOTHUB_CLIENT_CONFIRMATION_OK"
23867,4021602189,4021602252,1,"IOTHUB_CLIENT_CONFIRMATION_OK"
23868,4021602389,4021602464,1,"IOTHUB_CLIENT_CONFIRMATION_OK"
23869,4021602589,4021602745,1,"IOTHUB_CLIENT_CONFIRMATION_OK"
23870,4021602789,4021602841,1,"IOTHUB_CLIENT_CONFIRMATION_OK"
23871,4021602989,4021603038,1,"IOTHUB_CLIENT_CONFIRMATION_OK"
23872,4021603190,4021603239,1,"IOTHUB_CLIENT_CONFIRMATION_OK"
23873,4021603390,4021603429,1,"IOTHUB_CLIENT_CONFIRMATION_OK"
23874,4021603590,4021603632,1,"IOTHUB_CLIENT_CONFIRMATION_OK"
23875,4021603790,4021603829,1,"IOTHUB_CLIENT_CONFIRMATION_OK"
23876,4021603990,4021604035,1,"IOTHUB_CLIENT_CONFIRMATION_OK"
23877,4021604190,4021604227,1,"IOTHUB_CLIENT_CONFIRMATION_OK"
23878,4021604391,4021604427,1,"IOTHUB_CLIENT_CONFIRMATION_OK"
23879,4021604591,4021604633,1,"IOTHUB_CLIENT_CONFIRMATION_OK"
23880,4021604791,4021604831,1,"IOTHUB_CLIENT_CONFIRMATION_OK"
23881,4021604991,4021605034,1,"IOTHUB_CLIENT_CONFIRMATION_OK"
23882,4021605191,4021605241,1,"IOTHUB_CLIENT_CONFIRMATION_OK"
23883,4021605391,4021605437,1,"IOTHUB_CLIENT_CONFIRMATION_OK"
23884,4021605591,4021605644,1,"IOTHUB_CLIENT_CONFIRMATION_OK"
23885,4021605792,4021606016,1,"IOTHUB_CLIENT_CONFIRMATION_OK"
23886,4021605992,4021606055,1,"IOTHUB_CLIENT_CONFIRMATION_OK"
23887,4021606192,4021606227,1,"IOTHUB_CLIENT_CONFIRMATION_OK"
23888,4021606392,4021606439,1,"IOTHUB_CLIENT_CONFIRMATION_OK"
23889,4021606592,4021606640,1,"IOTHUB_CLIENT_CONFIRMATION_OK"
23890,4021606792,4021606836,1,"IOTHUB_CLIENT_CONFIRMATION_OK"
23891,4021606993,4021607028,1,"IOTHUB_CLIENT_CONFIRMATION_OK"
23892,4021607193,4021607244,1,"IOTHUB_CLIENT_CONFIRMATION_OK"
23893,4021607393,4021607449,1,"IOTHUB_CLIENT_CONFIRMATION_OK"
23894,4021607593,4021607635,1,"IOTHUB_CLIENT_CONFIRMATION_OK"
23895,4021607793,4021607848,1,"IOTHUB_CLIENT_CONFIRMATION_OK"
23896,4021607993,4021608070,1,"IOTHUB_CLIENT_CONFIRMATION_OK"
23897,4021608193,4021608238,1,"IOTHUB_CLIENT_CONFIRMATION_OK"
23898,4021608394,4021608464,1,"IOTHUB_CLIENT_CONFIRMATION_OK"
23899,4021608594,4021608640,1,"IOTHUB_CLIENT_CONFIRMATION_OK"
23900,4021608794,4021608828,1,"IOTHUB_CLIENT_CONFIRMATION_OK"
23901,4021608994,4021609036,1,"IOTHUB_CLIENT_CONFIRMATION_OK"
23902,4021609194,4021609239,1,"IOTHUB_CLIENT_CONFIRMATION_OK"
23903,4021609394,4021609450,1,"IOTHUB_CLIENT_CONFIRMATION_OK"
23904,4021609595,4021609652,1,"IOTHUB_CLIENT_CONFIRMATION_OK"
23905,4021609795,4021610038,1,"IOTHUB_CLIENT_CONFIRMATION_OK"
23906,4021609995,4021610067,1,"IOTHUB_CLIENT_CONFIRMATION_OK"
23907,4021610195,4021610244,1,"IOTHUB_CLIENT_CONFIRMATION_OK"
23908,4021610395,4021610464,1,"IOTHUB_CLIENT_CONFIRMATION_OK"
23909,4021610595,4021610643,1,"IOTHUB_CLIENT_CONFIRMATION_OK"
23910,4021610796,4021610858,1,"IOTHUB_CLIENT_CONFIRMATION_OK"
23911,4021610996,4021611061,1,"IOTHUB_CLIENT_CONFIRMATION_OK"
23912,4021611196,4021611245,1,"IOTHUB_CLIENT_CONFIRMATION_OK"
23913,4021611396,4021611459,1,"IOTHUB_CLIENT_CONFIRMATION_OK"
23914,4021611596,4021611663,1,"IOTHUB_CLIENT_CONFIRMATION_OK"
23915,4021611796,4021611838,1,"IOTHUB_CLIENT_CONFIRMATION_OK"
23916,4021611996,4021612040,1,"IOTHUB_CLIENT_CONFIRMATION_OK"
23917,4021612197,4021612239,1,"IOTHUB_CLIENT_CONFIRMATION_OK"
23918,4021612397,4021612439,1,"IOTHUB_CLIENT_CONFIRMATION_OK"
23919,4021612597,4021612643,1,"IOTHUB_CLIENT_CONFIRMATION_OK"
23920,4021612797,4021612841,1,"IOTHUB_CLIENT_CONFIRMATION_OK"
23921,4021612997,4021613119,1,"IOTHUB_CLIENT_CONFIRMATION_OK"
23922,4021613197,4021613236,1,"IOTHUB_CLIENT_CONFIRMATION_OK"
23923,4021613398,4021613443,1,"IOTHUB_CLIENT_CONFIRMATION_OK"
23924,4021613598,4021613702,1,"IOTHUB_CLIENT_CONFIRMATION_OK"
23925,4021613798,4021613900,1,"IOTHUB_CLIENT_CONFIRMATION_OK"
23926,4021613998,4021614098,1,"IOTHUB_CLIENT_CONFIRMATION_OK"
23927,4021614198,4021614330,1,"IOTHUB_CLIENT_CONFIRMATION_OK"
23928,4021614398,4021614434,1,"IOTHUB_CLIENT_CONFIRMATION_OK"
23929,4021614598,4021614632,1,"IOTHUB_CLIENT_CONFIRMATION_OK"
23930,4021614799,4021614842,1,"IOTHUB_CLIENT_CONFIRMATION_OK"
23931,4021614999,4021615048,1,"IOTHUB_CLIENT_CONFIRMATION_OK"
23932,4021615199,4021615234,1,"IOTHUB_CLIENT_CONFIRMATION_OK"
23933,4021615399,4021615448,1,"IOTHUB_CLIENT_CONFIRMATION_OK"
23934,4021615599,4021615667,1,"IOTHUB_CLIENT_CONFIRMATION_OK"
23935,4021615799,4021615843,1,"IOTHUB_CLIENT_CONFIRMATION_OK"
23936,4021615999,4021616042,1,"IOTHUB_CLIENT_CONFIRMATION_OK"
23937,4021616200,4021616233,1,"IOTHUB_CLIENT_CONFIRMATION_OK"
23938,4021616400,4021616458,1,"IOTHUB_CLIENT_CONFIRMATION_OK"
23939,4021616600,4021616642,1,"IOTHUB_CLIENT_CONFIRMATION_OK"
23940,4021616800,4021616844,1,"IOTHUB_CLIENT_CONFIRMATION_OK"
23941,4021617000,4021617048,1,"IOTHUB_CLIENT_CONFIRMATION_OK"
23942,4021617200,4021617236,1,"IOTHUB_CLIENT_CONFIRMATION_OK"
23943,4021617401,4021617440,1,"IOTHUB_CLIENT_CONFIRMATION_OK"
23944,4021617601,4021617660,1,"IOTHUB_CLIENT_CONFIRMATION_OK"
23945,4021617801,4021617853,1,"IOTHUB_CLIENT_CONFIRMATION_OK"
23946,4021618001,4021618057,1,"IOTHUB_CLIENT_CONFIRMATION_OK"
23947,4021618201,4021618241,1,"IOTHUB_CLIENT_CONFIRMATION_OK"
23948,4021618401,4021618436,1,"IOTHUB_CLIENT_CONFIRMATION_OK"
23949,4021618601,4021618663,1,"IOTHUB_CLIENT_CONFIRMATION_OK"
23950,4021618802,4021618844,1,"IOTHUB_CLIENT_CONFIRMATION_OK"
23951,4021619002,4021619041,1,"IOTHUB_CLIENT_CONFIRMATION_OK"
23952,4021619202,4021619249,1,"IOTHUB_CLIENT_CONFIRMATION_OK"
23953,4021619402,4021619454,1,"IOTHUB_CLIENT_CONFIRMATION_OK"
23954,4021619602,4021619668,1,"IOTHUB_CLIENT_CONFIRMATION_OK"
23955,4021619802,4021619855,1,"IOTHUB_CLIENT_CONFIRMATION_OK"
23956,4021620003,4021620097,1,"IOTHUB_CLIENT_CONFIRMATION_OK"
23957,4021620203,4021620238,1,"IOTHUB_CLIENT_CONFIRMATION_OK"
23958,4021620403,4021620442,1,"IOTHUB_CLIENT_CONFIRMATION_OK"
23959,4021620603,4021620662,1,"IOTHUB_CLIENT_CONFIRMATION_OK"
23960,4021620803,4021620846,1,"IOTHUB_CLIENT_CONFIRMATION_OK"
23961,4021621003,4021621049,1,"IOTHUB_CLIENT_CONFIRMATION_OK"
23962,4021621203,4021621257,1,"IOTHUB_CLIENT_CONFIRMATION_OK"
23963,4021621404,4021621446,1,"IOTHUB_CLIENT_CONFIRMATION_OK"
23964,4021621604,4021621648,1,"IOTHUB_CLIENT_CONFIRMATION_OK"
23965,4021621804,4021621862,1,"IOTHUB_CLIENT_CONFIRMATION_OK"
23966,4021622004,4021622055,1,"IOTHUB_CLIENT_CONFIRMATION_OK"
23967,4021622204,4021622259,1,"IOTHUB_CLIENT_CONFIRMATION_OK"
23968,4021622404,4021622436,1,"IOTHUB_CLIENT_CONFIRMATION_OK"
23969,4021622605,4021622813,1,"IOTHUB_CLIENT_CONFIRMATION_OK"
23970,4021622805,4021622875,1,"IOTHUB_CLIENT_CONFIRMATION_OK"
23971,4021623005,4021623044,1,"IOTHUB_CLIENT_CONFIRMATION_OK"
23972,4021623205,4021623250,1,"IOTHUB_CLIENT_CONFIRMATION_OK"
23973,4021623405,4021623461,1,"IOTHUB_CLIENT_CONFIRMATION_OK"
23974,4021623605,4021623675,1,"IOTHUB_CLIENT_CONFIRMATION_OK"
23975,4021623805,4021623852,1,"IOTHUB_CLIENT_CONFIRMATION_OK"
23976,4021624006,4021624052,1,"IOTHUB_CLIENT_CONFIRMATION_OK"
23977,4021624206,4021624253,1,"IOTHUB_CLIENT_CONFIRMATION_OK"
23978,4021624406,4021624453,1,"IOTHUB_CLIENT_CONFIRMATION_OK"
23979,4021624606,4021624650,1,"IOTHUB_CLIENT_CONFIRMATION_OK"
23980,4021624806,4021624853,1,"IOTHUB_CLIENT_CONFIRMATION_OK"
23981,4021625006,4021625167,1,"IOTHUB_CLIENT_CONFIRMATION_OK"
23982,4021625206,4021625285,1,"IOTHUB_CLIENT_CONFIRMATION_OK"
23983,4021625407,4021625444,1,"IOTHUB_CLIENT_CONFIRMATION_OK"
23984,4021625607,4021625655,1,"IOTHUB_CLIENT_CONFIRMATION_OK"
23985,4021625807,4021625850,1,"IOTHUB_CLIENT_CONFIRMATION_OK"
23986,4021626007,4021626059,1,"IOTHUB_CLIENT_CONFIRMATION_OK"
23987,4021626207,4021626272,1,"IOTHUB_CLIENT_CONFIRMATION_OK"
23988,4021626407,4021626455,1,"IOTHUB_CLIENT_CONFIRMATION_OK"
23989,4021626608,4021626645,1,"IOTHUB_CLIENT_CONFIRMATION_OK"
23990,4021626808,4021626853,1,"IOTHUB_CLIENT_CONFIRMATION_OK"
23991,4021627008,4021627046,1,"IOTHUB_CLIENT_CONFIRMATION_OK"
23992,4021627208,4021627299,1,"IOTHUB_CLIENT_CONFIRMATION_OK"
23993,4021627408,4021627451,1,"IOTHUB_CLIENT_CONFIRMATION_OK"
23994,4021627608,4021627677,1,"IOTHUB_CLIENT_CONFIRMATION_OK"
23995,4021627809,4021627919,1,"IOTHUB_CLIENT_CONFIRMATION_OK"
23996,4021628009,4021628062,1,"IOTHUB_CLIENT_CONFIRMATION_OK"
23997,4021628209,4021628260,1,"IOTHUB_CLIENT_CONFIRMATION_OK"
23998,4021628409,4021628535,1,"IOTHUB_CLIENT_CONFIRMATION_OK"
23999,4021628609,4021628645,1,"IOTHUB_CLIENT_CONFIRMATION_OK"
24000,4021628809,4021628847,1,"IOTHUB_CLIENT_CONFIRMATION_OK"
24001,4021629010,4021629063,1,"IOTHUB_CLIENT_CONFIRMATION_OK"
24002,4021629210,4021629245,1,"IOTHUB_CLIENT_CONFIRMATION_OK"
24003,4021629410,4021629454,1,"IOTHUB_CLIENT_CONFIRMATION_OK"
24004,4021629610,4021629697,1,"IOTHUB_CLIENT_CONFIRMATION_OK"
24005,4021629810,4021629856,1,"IOTHUB_CLIENT_CONFIRMATION_OK"
24006,4021630010,4021630056,1,"IOTHUB_CLIENT_CONFIRMATION_OK"
24007,4021630210,4021630305,1,"IOTHUB_CLIENT_CONFIRMATION_OK"
24008,4021630411,4021630489,1,"IOTHUB_CLIENT_CONFIRMATION_OK"
24009,4021630611,4021630659,1,"IOTHUB_CLIENT_CONFIRMATION_OK"
24010,4021630811,4021630853,1,"IOTHUB_CLIENT_CONFIRMATION_OK"
24011,4021631011,4021631054,1,"IOTHUB_CLIENT_CONFIRMATION_OK"
24012,4021631211,4021631247,1,"IOTHUB_CLIENT_CONFIRMATION_OK"
24013,4021631411,4021631451,1,"IOTHUB_CLIENT_CONFIRMATION_OK"
24014,4021631612,4021631824,1,"IOTHUB_CLIENT_CONFIRMATION_OK"
24015,4021631812,4021631853,1,"IOTHUB_CLIENT_CONFIRMATION_OK"
24016,4021632012,4021632052,1,"IOTHUB_CLIENT_CONFIRMATION_OK"
24017,4021632212,4021632488,1,"IOTHUB_CLIENT_CONFIRMATION_OK"
24018,4021632412,4021632561,1,"IOTHUB_CLIENT_CONFIRMATION_OK"
24019,4021632612,4021632658,1,"IOTHUB_CLIENT_CONFIRMATION_OK"
24020,4021632812,4021632860,1,"IOTHUB_CLIENT_CONFIRMATION_OK"
24021,4021633013,4021633094,1,"IOTHUB_CLIENT_CONFIRMATION_OK"
24022,4021633213,4021633246,1,"IOTHUB_CLIENT_CONFIRMATION_OK"
24023,4021633413,4021633453,1,"IOTHUB_CLIENT_CONFIRMATION_OK"
24024,4021633613,4021633660,1,"IOTHUB_CLIENT_CONFIRMATION_OK"
24025,4021633813,4021633845,1,"IOTHUB_CLIENT_CONFIRMATION_OK"
24026,4021634013,4021634056,1,"IOTHUB_CLIENT_CONFIRMATION_OK"
24027,4021634214,4021634279,1,"IOTHUB_CLIENT_CONFIRMATION_OK"
24028,4021634414,4021634468,1,"IOTHUB_CLIENT_CONFIRMATION_OK"
24029,4021634614,4021634662,1,"IOTHUB_CLIENT_CONFIRMATION_OK"
24030,4021634814,4021634848,1,"IOTHUB_CLIENT_CONFIRMATION_OK"
24031,4021635014,4021635071,1,"IOTHUB_CLIENT_CONFIRMATION_OK"
24032,4021635214,4021635255,1,"IOTHUB_CLIENT_CONFIRMATION_OK"
24033,4021635415,4021635462,1,"IOTHUB_CLIENT_CONFIRMATION_OK"
24034,4021635615,4021635727,1,"IOTHUB_CLIENT_CONFIRMATION_OK"
24035,4021635815,4021635857,1,"IOTHUB_CLIENT_CONFIRMATION_OK"
24036,4021636015,4021636051,1,"IOTHUB_CLIENT_CONFIRMATION_OK"
24037,4021636215,4021636346,1,"IOTHUB_CLIENT_CONFIRMATION_OK"
24038,4021636415,4021636468,1,"IOTHUB_CLIENT_CONFIRMATION_OK"
24039,4021636616,4021636662,1,"IOTHUB_CLIENT_CONFIRMATION_OK"
24040,4021636816,4021636962,1,"IOTHUB_CLIENT_CONFIRMATION_OK"
24041,4021637016,4021637059,1,"IOTHUB_CLIENT_CONFIRMATION_OK"
24042,4021637216,4021637252,1,"IOTHUB_CLIENT_CONFIRMATION_OK"
24043,4021637416,4021637905,1,"IOTHUB_CLIENT_CONFIRMATION_OK"
24044,4021637616,4021638010,1,"IOTHUB_CLIENT_CONFIRMATION_OK"
24045,4021637816,4021638079,1,"IOTHUB_CLIENT_CONFIRMATION_OK"
24046,4021638017,4021638119,1,"IOTHUB_CLIENT_CONFIRMATION_OK"
24047,4021638217,4021638281,1,"IOTHUB_CLIENT_CONFIRMATION_OK"
24048,4021638417,4021638516,1,"IOTHUB_CLIENT_CONFIRMATION_OK"
24049,4021638617,4021638668,1,"IOTHUB_CLIENT_CONFIRMATION_OK"
24050,4021638817,4021638866,1,"IOTHUB_CLIENT_CONFIRMATION_OK"
24051,4021639017,4021639073,1,"IOTHUB_CLIENT_CONFIRMATION_OK"
24052,4021639218,4021639255,1,"IOTHUB_CLIENT_CONFIRMATION_OK"
24053,4021639418,4021639501,1,"IOTHUB_CLIENT_CONFIRMATION_OK"
24054,4021639618,4021639670,1,"IOTHUB_CLIENT_CONFIRMATION_OK"
24055,4021639818,4021639863,1,"IOTHUB_CLIENT_CONFIRMATION_OK"
24056,4021640018,4021640096,1,"IOTHUB_CLIENT_CONFIRMATION_OK"
24057,4021640218,4021640276,1,"IOTHUB_CLIENT_CONFIRMATION_OK"
24058,4021640419,4021640461,1,"IOTHUB_CLIENT_CONFIRMATION_OK"
24059,4021640619,4021640681,1,"IOTHUB_CLIENT_CONFIRMATION_OK"
24060,4021640819,4021640909,1,"IOTHUB_CLIENT_CONFIRMATION_OK"
24061,4021641019,4021641091,1,"IOTHUB_CLIENT_CONFIRMATION_OK"
24062,4021641219,4021641279,1,"IOTHUB_CLIENT_CONFIRMATION_OK"
24063,4021641419,4021641521,1,"IOTHUB_CLIENT_CONFIRMATION_OK"
24064,4021641620,4021641662,1,"IOTHUB_CLIENT_CONFIRMATION_OK"
24065,4021641820,4021641856,1,"IOTHUB_CLIENT_CONFIRMATION_OK"
24066,4021642020,4021642166,1,"IOTHUB_CLIENT_CONFIRMATION_OK"
24067,4021642220,4021642263,1,"IOTHUB_CLIENT_CONFIRMATION_OK"
24068,4021642420,4021642470,1,"IOTHUB_CLIENT_CONFIRMATION_OK"
24069,4021642620,4021642742,1,"IOTHUB_CLIENT_CONFIRMATION_OK"
24070,4021642820,4021642867,1,"IOTHUB_CLIENT_CONFIRMATION_OK"
24071,4021643021,4021643065,1,"IOTHUB_CLIENT_CONFIRMATION_OK"
24072,4021643221,4021643292,1,"IOTHUB_CLIENT_CONFIRMATION_OK"
24073,4021643421,4021643468,1,"IOTHUB_CLIENT_CONFIRMATION_OK"
24074,4021643621,4021643658,1,"IOTHUB_CLIENT_CONFIRMATION_OK"
24075,4021643821,4021643857,1,"IOTHUB_CLIENT_CONFIRMATION_OK"
24076,4021644021,4021644060,1,"IOTHUB_CLIENT_CONFIRMATION_OK"
24077,4021644222,4021644279,1,"IOTHUB_CLIENT_CONFIRMATION_OK"
24078,4021644422,4021644477,1,"IOTHUB_CLIENT_CONFIRMATION_OK"
24079,4021644622,4021644678,1,"IOTHUB_CLIENT_CONFIRMATION_OK"
24080,4021644822,4021644866,1,"IOTHUB_CLIENT_CONFIRMATION_OK"
24081,4021645022,4021645061,1,"IOTHUB_CLIENT_CONFIRMATION_OK"
24082,4021645222,4021645414,1,"IOTHUB_CLIENT_CONFIRMATION_OK"
24083,4021645423,4021645462,1,"IOTHUB_CLIENT_CONFIRMATION_OK"
24084,4021645623,4021645716,1,"IOTHUB_CLIENT_CONFIRMATION_OK"
24085,4021645823,4021645990,1,"IOTHUB_CLIENT_CONFIRMATION_OK"
24086,4021646023,4021646066,1,"IOTHUB_CLIENT_CONFIRMATION_OK"
24087,4021646223,4021646375,1,"IOTHUB_CLIENT_CONFIRMATION_OK"
24088,4021646423,4021646470,1,"IOTHUB_CLIENT_CONFIRMATION_OK"
24089,4021646623,4021646663,1,"IOTHUB_CLIENT_CONFIRMATION_OK"
24090,4021646824,4021646874,1,"IOTHUB_CLIENT_CONFIRMATION_OK"
24091,4021647024,4021647076,1,"IOTHUB_CLIENT_CONFIRMATION_OK"
24092,4021647224,4021647265,1,"IOTHUB_CLIENT_CONFIRMATION_OK"
24093,4021647424,4021647480,1,"IOTHUB_CLIENT_CONFIRMATION_OK"
24094,4021647624,4021647654,1,"IOTHUB_CLIENT_CONFIRMATION_OK"
24095,4021647824,4021647871,1,"IOTHUB_CLIENT_CONFIRMATION_OK"
24096,4021648025,4021648069,1,"IOTHUB_CLIENT_CONFIRMATION_OK"
24097,4021648225,4021648268,1,"IOTHUB_CLIENT_CONFIRMATION_OK"
24098,4021648425,4021648478,1,"IOTHUB_CLIENT_CONFIRMATION_OK"
24099,4021648625,4021648662,1,"IOTHUB_CLIENT_CONFIRMATION_OK"
24100,4021648825,4021648863,1,"IOTHUB_CLIENT_CONFIRMATION_OK"
24101,4021649025,4021649063,1,"IOTHUB_CLIENT_CONFIRMATION_OK"
24102,4021649225,4021649264,1,"IOTHUB_CLIENT_CONFIRMATION_OK"
24103,4021649426,4021649479,1,"IOTHUB_CLIENT_CONFIRMATION_OK"
24104,4021649626,4021649707,1,"IOTHUB_CLIENT_CONFIRMATION_OK"
24105,4021649826,4021649899,1,"IOTHUB_CLIENT_CONFIRMATION_OK"
24106,4021650026,4021650069,1,"IOTHUB_CLIENT_CONFIRMATION_OK"
24107,4021650226,4021650268,1,"IOTHUB_CLIENT_CONFIRMATION_OK"
24108,4021650426,4021650499,1,"IOTHUB_CLIENT_CONFIRMATION_OK"
24109,4021650627,4021650663,1,"IOTHUB_CLIENT_CONFIRMATION_OK"
24110,4021650827,4021650867,1,"IOTHUB_CLIENT_CONFIRMATION_OK"
24111,4021651027,4021651114,1,"IOTHUB_CLIENT_CONFIRMATION_OK"
24112,4021651227,4021651286,1,"IOTHUB_CLIENT_CONFIRMATION_OK"
24113,4021651427,4021651477,1,"IOTHUB_CLIENT_CONFIRMATION_OK"
24114,4021651627,4021651752,1,"IOTHUB_CLIENT_CONFIRMATION_OK"
24115,4021651827,4021651874,1,"IOTHUB_CLIENT_CONFIRMATION_OK"
24116,4021652028,4021652067,1,"IOTHUB_CLIENT_CONFIRMATION_OK"
24117,4021652228,4021652335,1,"IOTHUB_CLIENT_CONFIRMATION_OK"
24118,4021652428,4021652467,1,"IOTHUB_CLIENT_CONFIRMATION_OK"
24119,4021652628,4021652670,1,"IOTHUB_CLIENT_CONFIRMATION_OK"
24120,4021652828,4021652928,1,"IOTHUB_CLIENT_CONFIRMATION_OK"
24121,4021653028,4021653084,1,"IOTHUB_CLIENT_CONFIRMATION_OK"
24122,4021653229,4021653277,1,"IOTHUB_CLIENT_CONFIRMATION_OK"
24123,4021653429,4021653479,1,"IOTHUB_CLIENT_CONFIRMATION_OK"
24124,4021653629,4021653786,1,"IOTHUB_CLIENT_CONFIRMATION_OK"
24125,4021653829,4021653871,1,"IOTHUB_CLIENT_CONFIRMATION_OK"
24126,4021654029,4021654098,1,"IOTHUB_CLIENT_CONFIRMATION_OK"
24127,4021654229,4021654411,1,"IOTHUB_CLIENT_CONFIRMATION_OK"
24128,4021654429,4021654470,1,"IOTHUB_CLIENT_CONFIRMATION_OK"
24129,4021654630,4021654673,1,"IOTHUB_CLIENT_CONFIRMATION_OK"
24130,4021654830,4021654868,1,"IOTHUB_CLIENT_CONFIRMATION_OK"
24131,4021655030,4021655094,1,"IOTHUB_CLIENT_CONFIRMATION_OK"
24132,4021655230,4021655277,1,"IOTHUB_CLIENT_CONFIRMATION_OK"
24133,4021655430,4021655467,1,"IOTHUB_CLIENT_CONFIRMATION_OK"
24134,4021655630,4021655738,1,"IOTHUB_CLIENT_CONFIRMATION_OK"
24135,4021655830,4021655872,1,"IOTHUB_CLIENT_CONFIRMATION_OK"
24136,4021656031,4021656073,1,"IOTHUB_CLIENT_CONFIRMATION_OK"
24137,4021656231,4021656280,1,"IOTHUB_CLIENT_CONFIRMATION_OK"
24138,4021656431,4021656473,1,"IOTHUB_CLIENT_CONFIRMATION_OK"
24139,4021656631,4021656667,1,"IOTHUB_CLIENT_CONFIRMATION_OK"
24140,4021656831,4021656872,1,"IOTHUB_CLIENT_CONFIRMATION_OK"
24141,4021657031,4021657078,1,"IOTHUB_CLIENT_CONFIRMATION_OK"
24142,4021657232,4021657277,1,"IOTHUB_CLIENT_CONFIRMATION_OK"
24143,4021657432,4021657478,1,"IOTHUB_CLIENT_CONFIRMATION_OK"
24144,4021657632,4021657756,1,"IOTHUB_CLIENT_CONFIRMATION_OK"
24145,4021657832,4021657875,1,"IOTHUB_CLIENT_CONFIRMATION_OK"
24146,4021658032,4021658078,1,"IOTHUB_CLIENT_CONFIRMATION_OK"
24147,4021658232,4021658301,1,"IOTHUB_CLIENT_CONFIRMATION_OK"
24148,4021658433,4021658479,1,"IOTHUB_CLIENT_CONFIRMATION_OK"
24149,4021658633,4021658669,1,"IOTHUB_CLIENT_CONFIRMATION_OK"
24150,4021658833,4021658918,1,"IOTHUB_CLIENT_CONFIRMATION_OK"
24151,4021659033,4021659084,1,"IOTHUB_CLIENT_CONFIRMATION_OK"
24152,4021659233,4021659277,1,"IOTHUB_CLIENT_CONFIRMATION_OK"
24153,4021659433,4021659546,1,"IOTHUB_CLIENT_CONFIRMATION_OK"
24154,4021659633,4021659689,1,"IOTHUB_CLIENT_CONFIRMATION_OK"
24155,4021659834,4021659979,1,"IOTHUB_CLIENT_CONFIRMATION_OK"
24156,4021660034,4021660135,1,"IOTHUB_CLIENT_CONFIRMATION_OK"
24157,4021660234,4021660303,1,"IOTHUB_CLIENT_CONFIRMATION_OK"
24158,4021660434,4021660478,1,"IOTHUB_CLIENT_CONFIRMATION_OK"
24159,4021660634,4021660695,1,"IOTHUB_CLIENT_CONFIRMATION_OK"
24160,4021660834,4021660898,1,"IOTHUB_CLIENT_CONFIRMATION_OK"
24161,4021661035,4021661084,1,"IOTHUB_CLIENT_CONFIRMATION_OK"
24162,4021661235,4021661275,1,"IOTHUB_CLIENT_CONFIRMATION_OK"
24163,4021661435,4021661490,1,"IOTHUB_CLIENT_CONFIRMATION_OK"
24164,4021661635,4021661671,1,"IOTHUB_CLIENT_CONFIRMATION_OK"
24165,4021661835,4021661881,1,"IOTHUB_CLIENT_CONFIRMATION_OK"
24166,4021662035,4021662158,1,"IOTHUB_CLIENT_CONFIRMATION_OK"
24167,4021662235,4021662288,1,"IOTHUB_CLIENT_CONFIRMATION_OK"
24168,4021662436,4021662481,1,"IOTHUB_CLIENT_CONFIRMATION_OK"
24169,4021662636,4021662769,1,"IOTHUB_CLIENT_CONFIRMATION_OK"
24170,4021662836,4021662872,1,"IOTHUB_CLIENT_CONFIRMATION_OK"
24171,4021663036,4021663261,1,"IOTHUB_CLIENT_CONFIRMATION_OK"
24172,4021663236,4021663291,1,"IOTHUB_CLIENT_CONFIRMATION_OK"
24173,4021663436,4021663491,1,"IOTHUB_CLIENT_CONFIRMATION_OK"
24174,4021663636,4021663721,1,"IOTHUB_CLIENT_CONFIRMATION_OK"
24175,4021663837,4021663884,1,"IOTHUB_CLIENT_CONFIRMATION_OK"
24176,4021664037,4021664102,1,"IOTHUB_CLIENT_CONFIRMATION_OK"
24177,4021664237,4021664280,1,"IOTHUB_CLIENT_CONFIRMATION_OK"
24178,4021664437,4021664485,1,"IOTHUB_CLIENT_CONFIRMATION_OK"
24179,4021664637,4021664716,1,"IOTHUB_CLIENT_CONFIRMATION_OK"
24180,4021664837,4021664872,1,"IOTHUB_CLIENT_CONFIRMATION_OK"
24181,4021665037,4021665076,1,"IOTHUB_CLIENT_CONFIRMATION_OK"
24182,4021665238,4021665305,1,"IOTHUB_CLIENT_CONFIRMATION_OK"
24183,4021665438,4021665487,1,"IOTHUB_CLIENT_CONFIRMATION_OK"
24184,4021665638,4021665717,1,"IOTHUB_CLIENT_CONFIRMATION_OK"
24185,4021665838,4021665959,1,"IOTHUB_CLIENT_CONFIRMATION_OK"
24186,4021666038,4021666087,1,"IOTHUB_CLIENT_CONFIRMATION_OK"
24187,4021666238,4021666290,1,"IOTHUB_CLIENT_CONFIRMATION_OK"
24188,4021666439,4021666483,1,"IOTHUB_CLIENT_CONFIRMATION_OK"
24189,4021666639,4021666705,1,"IOTHUB_CLIENT_CONFIRMATION_OK"
24190,4021666839,4021666874,1,"IOTHUB_CLIENT_CONFIRMATION_OK"
24191,4021667039,4021667100,1,"IOTHUB_CLIENT_CONFIRMATION_OK"
24192,4021667239,4021667364,1,"IOTHUB_CLIENT_CONFIRMATION_OK"
24193,4021667439,4021667489,1,"IOTHUB_CLIENT_CONFIRMATION_OK"
24194,4021667640,4021667683,1,"IOTHUB_CLIENT_CONFIRMATION_OK"
24195,4021667840,4021668098,1,"IOTHUB_CLIENT_CONFIRMATION_OK"
24196,4021668040,4021668147,1,"IOTHUB_CLIENT_CONFIRMATION_OK"
24197,4021668240,4021668291,1,"IOTHUB_CLIENT_CONFIRMATION_OK"
24198,4021668440,4021668484,1,"IOTHUB_CLIENT_CONFIRMATION_OK"
24199,4021668640,4021668700,1,"IOTHUB_CLIENT_CONFIRMATION_OK"
24200,4021668841,4021668882,1,"IOTHUB_CLIENT_CONFIRMATION_OK"
24201,4021669041,4021669108,1,"IOTHUB_CLIENT_CONFIRMATION_OK"
24202,4021669241,4021669284,1,"IOTHUB_CLIENT_CONFIRMATION_OK"
24203,4021669441,4021669482,1,"IOTHUB_CLIENT_CONFIRMATION_OK"
24204,4021669641,4021669708,1,"IOTHUB_CLIENT_CONFIRMATION_OK"
24205,4021669841,4021669900,1,"IOTHUB_CLIENT_CONFIRMATION_OK"
24206,4021670041,4021670082,1,"IOTHUB_CLIENT_CONFIRMATION_OK"
24207,4021670242,4021670534,1,"IOTHUB_CLIENT_CONFIRMATION_OK"
24208,4021670442,4021670565,1,"IOTHUB_CLIENT_CONFIRMATION_OK"
24209,4021670642,4021670693,1,"IOTHUB_CLIENT_CONFIRMATION_OK"
24210,4021670842,4021670913,1,"IOTHUB_CLIENT_CONFIRMATION_OK"
24211,4021671042,4021671169,1,"IOTHUB_CLIENT_CONFIRMATION_OK"
24212,4021671242,4021671286,1,"IOTHUB_CLIENT_CONFIRMATION_OK"
24213,4021671443,4021671488,1,"IOTHUB_CLIENT_CONFIRMATION_OK"
24214,4021671643,4021671807,1,"IOTHUB_CLIENT_CONFIRMATION_OK"
24215,4021671843,4021671891,1,"IOTHUB_CLIENT_CONFIRMATION_OK"
24216,4021672043,4021672107,1,"IOTHUB_CLIENT_CONFIRMATION_OK"
24217,4021672243,4021672285,1,"IOTHUB_CLIENT_CONFIRMATION_OK"
24218,4021672443,4021672502,1,"IOTHUB_CLIENT_CONFIRMATION_OK"
24219,4021672644,4021672684,1,"IOTHUB_CLIENT_CONFIRMATION_OK"
24220,4021672844,4021672882,1,"IOTHUB_CLIENT_CONFIRMATION_OK"
24221,4021673044,4021673105,1,"IOTHUB_CLIENT_CONFIRMATION_OK"
24222,4021673244,4021673286,1,"IOTHUB_CLIENT_CONFIRMATION_OK"
24223,4021673444,4021673490,1,"IOTHUB_CLIENT_CONFIRMATION_OK"
24224,4021673644,4021673843,1,"IOTHUB_CLIENT_CONFIRMATION_OK"
24225,4021673844,4021673886,1,"IOTHUB_CLIENT_CONFIRMATION_OK"
24226,4021674045,4021674132,1,"IOTHUB_CLIENT_CONFIRMATION_OK"
24227,4021674245,4021674452,1,"IOTHUB_CLIENT_CONFIRMATION_OK"
24228,4021674445,4021674501,1,"IOTHUB_CLIENT_CONFIRMATION_OK"
24229,4021674645,4021674685,1,"IOTHUB_CLIENT_CONFIRMATION_OK"
24230,4021674845,4021674884,1,"IOTHUB_CLIENT_CONFIRMATION_OK"
24231,4021675045,4021675093,1,"IOTHUB_CLIENT_CONFIRMATION_OK"
24232,4021675246,4021675323,1,"IOTHUB_CLIENT_CONFIRMATION_OK"
24233,4021675446,4021675482,1,"IOTHUB_CLIENT_CONFIRMATION_OK"
24234,4021675646,4021675682,1,"IOTHUB_CLIENT_CONFIRMATION_OK"
24235,4021675846,4021675893,1,"IOTHUB_CLIENT_CONFIRMATION_OK"
24236,4021676046,4021676119,1,"IOTHUB_CLIENT_CONFIRMATION_OK"
24237,4021676246,4021676298,1,"IOTHUB_CLIENT_CONFIRMATION_OK"
24238,4021676447,4021676497,1,"IOTHUB_CLIENT_CONFIRMATION_OK"
24239,4021676647,4021676708,1,"IOTHUB_CLIENT_CONFIRMATION_OK"
24240,4021676847,4021676919,1,"IOTHUB_CLIENT_CONFIRMATION_OK"
24241,4021677047,4021677084,1,"IOTHUB_CLIENT_CONFIRMATION_OK"
24242,4021677247,4021677291,1,"IOTHUB_CLIENT_CONFIRMATION_OK"
24243,4021677447,4021677514,1,"IOTHUB_CLIENT_CONFIRMATION_OK"
24244,4021677647,4021677698,1,"IOTHUB_CLIENT_CONFIRMATION_OK"
24245,4021677848,4021677901,1,"IOTHUB_CLIENT_CONFIRMATION_OK"
24246,4021678048,4021678094,1,"IOTHUB_CLIENT_CONFIRMATION_OK"
24247,4021678248,4021678344,1,"IOTHUB_CLIENT_CONFIRMATION_OK"
24248,4021678448,4021678489,1,"IOTHUB_CLIENT_CONFIRMATION_OK"
24249,4021678648,4021678694,1,"IOTHUB_CLIENT_CONFIRMATION_OK"
24250,4021678848,4021678948,1,"IOTHUB_CLIENT_CONFIRMATION_OK"
24251,4021679049,4021679094,1,"IOTHUB_CLIENT_CONFIRMATION_OK"
24252,4021679249,4021679287,1,"IOTHUB_CLIENT_CONFIRMATION_OK"
24253,4021679449,4021679553,1,"IOTHUB_CLIENT_CONFIRMATION_OK"
24254,4021679649,4021679700,1,"IOTHUB_CLIENT_CONFIRMATION_OK"
24255,4021679849,4021679891,1,"IOTHUB_CLIENT_CONFIRMATION_OK"
24256,4021680049,4021680156,1,"IOTHUB_CLIENT_CONFIRMATION_OK"
24257,4021680249,4021680288,1,"IOTHUB_CLIENT_CONFIRMATION_OK"
24258,4021680450,4021680502,1,"IOTHUB_CLIENT_CONFIRMATION_OK"
24259,4021680650,4021680700,1,"IOTHUB_CLIENT_CONFIRMATION_OK"
24260,4021680850,4021680894,1,"IOTHUB_CLIENT_CONFIRMATION_OK"
24261,4021681050,4021681097,1,"IOTHUB_CLIENT_CONFIRMATION_OK"
24262,4021681250,4021681294,1,"IOTHUB_CLIENT_CONFIRMATION_OK"
24263,4021681450,4021681504,1,"IOTHUB_CLIENT_CONFIRMATION_OK"
24264,4021681651,4021681685,1,"IOTHUB_CLIENT_CONFIRMATION_OK"
24265,4021681851,4021681897,1,"IOTHUB_CLIENT_CONFIRMATION_OK"
24266,4021682051,4021682089,1,"IOTHUB_CLIENT_CONFIRMATION_OK"
24267,4021682251,4021682302,1,"IOTHUB_CLIENT_CONFIRMATION_OK"
24268,4021682451,4021682562,1,"IOTHUB_CLIENT_CONFIRMATION_OK"
24269,4021682651,4021682872,1,"IOTHUB_CLIENT_CONFIRMATION_OK"
24270,4021682852,4021682897,1,"IOTHUB_CLIENT_CONFIRMATION_OK"
24271,4021683052,4021683119,1,"IOTHUB_CLIENT_CONFIRMATION_OK"
24272,4021683252,4021683296,1,"IOTHUB_CLIENT_CONFIRMATION_OK"
24273,4021683452,4021683495,1,"IOTHUB_CLIENT_CONFIRMATION_OK"
24274,4021683652,4021683701,1,"IOTHUB_CLIENT_CONFIRMATION_OK"
24275,4021683852,4021683886,1,"IOTHUB_CLIENT_CONFIRMATION_OK"
24276,4021684053,4021684112,1,"IOTHUB_CLIENT_CONFIRMATION_OK"
24277,4021684253,4021684352,1,"IOTHUB_CLIENT_CONFIRMATION_OK"
24278,4021684453,4021684523,1,"IOTHUB_CLIENT_CONFIRMATION_OK"
24279,4021684653,4021684703,1,"IOTHUB_CLIENT_CONFIRMATION_OK"
24280,4021684853,4021684908,1,"IOTHUB_CLIENT_CONFIRMATION_OK"
24281,4021685053,4021685195,1,"IOTHUB_CLIENT_CONFIRMATION_OK"
24282,4021685253,4021685307,1,"IOTHUB_CLIENT_CONFIRMATION_OK"
24283,4021685454,4021685504,1,"IOTHUB_CLIENT_CONFIRMATION_OK"
24284,4021685654,4021685689,1,"IOTHUB_CLIENT_CONFIRMATION_OK"
24285,4021685854,4021685900,1,"IOTHUB_CLIENT_CONFIRMATION_OK"
24286,4021686054,4021686095,1,"IOTHUB_CLIENT_CONFIRMATION_OK"
24287,4021686254,4021686307,1,"IOTHUB_CLIENT_CONFIRMATION_OK"
24288,4021686454,4021686491,1,"IOTHUB_CLIENT_CONFIRMATION_OK"
24289,4021686654,4021686711,1,"IOTHUB_CLIENT_CONFIRMATION_OK"
24290,4021686855,4021686904,1,"IOTHUB_CLIENT_CONFIRMATION_OK"
24291,4021687055,4021687128,1,"IOTHUB_CLIENT_CONFIRMATION_OK"
24292,4021687255,4021687340,1,"IOTHUB_CLIENT_CONFIRMATION_OK"
24293,4021687455,4021687502,1,"IOTHUB_CLIENT_CONFIRMATION_OK"
24294,4021687655,4021687699,1,"IOTHUB_CLIENT_CONFIRMATION_OK"
24295,4021687855,4021687915,1,"IOTHUB_CLIENT_CONFIRMATION_OK"
24296,4021688056,4021688195,1,"IOTHUB_CLIENT_CONFIRMATION_OK"
24297,4021688256,4021688295,1,"IOTHUB_CLIENT_CONFIRMATION_OK"
24298,4021688456,4021688614,1,"IOTHUB_CLIENT_CONFIRMATION_OK"
24299,4021688656,4021688693,1,"IOTHUB_CLIENT_CONFIRMATION_OK"
24300,4021688856,4021688895,1,"IOTHUB_CLIENT_CONFIRMATION_OK"
24301,4021689056,4021689099,1,"IOTHUB_CLIENT_CONFIRMATION_OK"
24302,4021689257,4021689303,1,"IOTHUB_CLIENT_CONFIRMATION_OK"
24303,4021689457,4021689541,1,"IOTHUB_CLIENT_CONFIRMATION_OK"
24304,4021689657,4021689693,1,"IOTHUB_CLIENT_CONFIRMATION_OK"
24305,4021689857,4021689894,1,"IOTHUB_CLIENT_CONFIRMATION_OK"
24306,4021690057,4021690120,1,"IOTHUB_CLIENT_CONFIRMATION_OK"
24307,4021690257,4021690421,1,"IOTHUB_CLIENT_CONFIRMATION_OK"
24308,4021690457,4021690511,1,"IOTHUB_CLIENT_CONFIRMATION_OK"
24309,4021690658,4021690786,1,"IOTHUB_CLIENT_CONFIRMATION_OK"
24310,4021690858,4021690899,1,"IOTHUB_CLIENT_CONFIRMATION_OK"
24311,4021691058,4021691116,1,"IOTHUB_CLIENT_CONFIRMATION_OK"
24312,4021691258,4021691300,1,"IOTHUB_CLIENT_CONFIRMATION_OK"
24313,4021691458,4021691513,1,"IOTHUB_CLIENT_CONFIRMATION_OK"
24314,4021691658,4021691719,1,"IOTHUB_CLIENT_CONFIRMATION_OK"
24315,4021691859,4021691897,1,"IOTHUB_CLIENT_CONFIRMATION_OK"
24316,4021692059,4021692221,1,"IOTHUB_CLIENT_CONFIRMATION_OK"
24317,4021692259,4021692312,1,"IOTHUB_CLIENT_CONFIRMATION_OK"
24318,4021692459,4021692519,1,"IOTHUB_CLIENT_CONFIRMATION_OK"
24319,4021692659,4021692704,1,"IOTHUB_CLIENT_CONFIRMATION_OK"
24320,4021692859,4021692895,1,"IOTHUB_CLIENT_CONFIRMATION_OK"
24321,4021693060,4021693128,1,"IOTHUB_CLIENT_CONFIRMATION_OK"
24322,4021693260,4021693361,1,"IOTHUB_CLIENT_CONFIRMATION_OK"
24323,4021693460,4021693517,1,"IOTHUB_CLIENT_CONFIRMATION_OK"
24324,4021693660,4021693704,1,"IOTHUB_CLIENT_CONFIRMATION_OK"
24325,4021693860,4021693947,1,"IOTHUB_CLIENT_CONFIRMATION_OK"
24326,4021694060,4021694094,1,"IOTHUB_CLIENT_CONFIRMATION_OK"
24327,4021694260,4021694449,1,"IOTHUB_CLIENT_CONFIRMATION_OK"
24328,4021694461,4021694502,1,"IOTHUB_CLIENT_CONFIRMATION_OK"
24329,4021694661,4021694697,1,"IOTHUB_CLIENT_CONFIRMATION_OK"
24330,4021694861,4021694924,1,"IOTHUB_CLIENT_CONFIRMATION_OK"
24331,4021695061,4021695121,1,"IOTHUB_CLIENT_CONFIRMATION_OK"
24332,4021695261,4021695296,1,"IOTHUB_CLIENT_CONFIRMATION_OK"
24333,4021695461,4021695523,1,"IOTHUB_CLIENT_CONFIRMATION_OK"
24334,4021695662,4021695718,1,"IOTHUB_CLIENT_CONFIRMATION_OK"
24335,4021695862,4021695905,1,"IOTHUB_CLIENT_CONFIRMATION_OK"
24336,4021696062,4021696118,1,"IOTHUB_CLIENT_CONFIRMATION_OK"
24337,4021696262,4021696309,1,"IOTHUB_CLIENT_CONFIRMATION_OK"
24338,4021696462,4021696507,1,"IOTHUB_CLIENT_CONFIRMATION_OK"
24339,4021696663,4021696696,1,"IOTHUB_CLIENT_CONFIRMATION_OK"
24340,4021696863,4021696903,1,"IOTHUB_CLIENT_CONFIRMATION_OK"
24341,4021697063,4021697116,1,"IOTHUB_CLIENT_CONFIRMATION_OK"
24342,4021697263,4021697329,1,"IOTHUB_CLIENT_CONFIRMATION_OK"
24343,4021697463,4021697512,1,"IOTHUB_CLIENT_CONFIRMATION_OK"
24344,4021697663,4021697711,1,"IOTHUB_CLIENT_CONFIRMATION_OK"
24345,4021697864,4021697914,1,"IOTHUB_CLIENT_CONFIRMATION_OK"
24346,4021698064,4021698118,1,"IOTHUB_CLIENT_CONFIRMATION_OK"
24347,4021698264,4021698339,1,"IOTHUB_CLIENT_CONFIRMATION_OK"
24348,4021698464,4021698505,1,"IOTHUB_CLIENT_CONFIRMATION_OK"
24349,4021698664,4021698702,1,"IOTHUB_CLIENT_CONFIRMATION_OK"
24350,4021698864,4021698953,1,"IOTHUB_CLIENT_CONFIRMATION_OK"
24351,4021699064,4021699184,1,"IOTHUB_CLIENT_CONFIRMATION_OK"
24352,4021699265,4021699310,1,"IOTHUB_CLIENT_CONFIRMATION_OK"
24353,4021699465,4021699626,1,"IOTHUB_CLIENT_CONFIRMATION_OK"
24354,4021699665,4021699709,1,"IOTHUB_CLIENT_CONFIRMATION_OK"
24355,4021699865,4021699932,1,"IOTHUB_CLIENT_CONFIRMATION_OK"
24356,4021700065,4021700228,1,"IOTHUB_CLIENT_CONFIRMATION_OK"
24357,4021700266,4021700309,1,"IOTHUB_CLIENT_CONFIRMATION_OK"
24358,4021700466,4021700509,1,"IOTHUB_CLIENT_CONFIRMATION_OK"
24359,4021700666,4021700710,1,"IOTHUB_CLIENT_CONFIRMATION_OK"
24360,4021700866,4021700905,1,"IOTHUB_CLIENT_CONFIRMATION_OK"
24361,4021701066,4021701112,1,"IOTHUB_CLIENT_CONFIRMATION_OK"
24362,4021701266,4021701339,1,"IOTHUB_CLIENT_CONFIRMATION_OK"
24363,4021701466,4021701514,1,"IOTHUB_CLIENT_CONFIRMATION_OK"
24364,4021701667,4021701753,1,"IOTHUB_CLIENT_CONFIRMATION_OK"
24365,4021701867,4021701929,1,"IOTHUB_CLIENT_CONFIRMATION_OK"
24366,4021702067,4021702126,1,"IOTHUB_CLIENT_CONFIRMATION_OK"
24367,4021702267,4021702311,1,"IOTHUB_CLIENT_CONFIRMATION_OK"
24368,4021702467,4021702511,1,"IOTHUB_CLIENT_CONFIRMATION_OK"
24369,4021702667,4021702706,1,"IOTHUB_CLIENT_CONFIRMATION_OK"
24370,4021702868,4021702919,1,"IOTHUB_CLIENT_CONFIRMATION_OK"
24371,4021703068,4021703110,1,"IOTHUB_CLIENT_CONFIRMATION_OK"
24372,4021703268,4021703310,1,"IOTHUB_CLIENT_CONFIRMATION_OK"
24373,4021703468,4021703519,1,"IOTHUB_CLIENT_CONFIRMATION_OK"
24374,4021703668,4021703706,1,"IOTHUB_CLIENT_CONFIRMATION_OK"
24375,4021703868,4021703906,1,"IOTHUB_CLIENT_CONFIRMATION_OK"
24376,4021704068,4021704273,1,"IOTHUB_CLIENT_CONFIRMATION_OK"
24377,4021704269,4021704312,1,"IOTHUB_CLIENT_CONFIRMATION_OK"
24378,4021704469,4021704509,1,"IOTHUB_CLIENT_CONFIRMATION_OK"
24379,4021704669,4021704747,1,"IOTHUB_CLIENT_CONFIRMATION_OK"
24380,4021704869,4021704914,1,"IOTHUB_CLIENT_CONFIRMATION_OK"
24381,4021705069,4021705114,1,"IOTHUB_CLIENT_CONFIRMATION_OK"
24382,4021705270,4021705359,1,"IOTHUB_CLIENT_CONFIRMATION_OK"
24383,4021705470,4021705526,1,"IOTHUB_CLIENT_CONFIRMATION_OK"
24384,4021705670,4021705708,1,"IOTHUB_CLIENT_CONFIRMATION_OK"
24385,4021705870,4021705987,1,"IOTHUB_CLIENT_CONFIRMATION_OK"
24386,4021706070,4021706107,1,"IOTHUB_CLIENT_CONFIRMATION_OK"
24387,4021706270,4021706311,1,"IOTHUB_CLIENT_CONFIRMATION_OK"
24388,4021706470,4021706511,1,"IOTHUB_CLIENT_CONFIRMATION_OK"
24389,4021706671,4021706728,1,"IOTHUB_CLIENT_CONFIRMATION_OK"
24390,4021706871,4021706920,1,"IOTHUB_CLIENT_CONFIRMATION_OK"
24391,4021707071,4021707132,1,"IOTHUB_CLIENT_CONFIRMATION_OK"
24392,4021707271,4021707308,1,"IOTHUB_CLIENT_CONFIRMATION_OK"
24393,4021707471,4021707515,1,"IOTHUB_CLIENT_CONFIRMATION_OK"
24394,4021707671,4021707752,1,"IOTHUB_CLIENT_CONFIRMATION_OK"
24395,4021707872,4021708031,1,"IOTHUB_CLIENT_CONFIRMATION_OK"
24396,4021708072,4021708117,1,"IOTHUB_CLIENT_CONFIRMATION_OK"
24397,4021708272,4021708323,1,"IOTHUB_CLIENT_CONFIRMATION_OK"
24398,4021708472,4021708645,1,"IOTHUB_CLIENT_CONFIRMATION_OK"
24399,4021708672,4021708718,1,"IOTHUB_CLIENT_CONFIRMATION_OK"
24400,4021708872,4021708908,1,"IOTHUB_CLIENT_CONFIRMATION_OK"
24401,4021709072,4021709116,1,"IOTHUB_CLIENT_CONFIRMATION_OK"
24402,4021709273,4021709317,1,"IOTHUB_CLIENT_CONFIRMATION_OK"
24403,4021709473,4021709513,1,"IOTHUB_CLIENT_CONFIRMATION_OK"
24404,4021709673,4021709794,1,"IOTHUB_CLIENT_CONFIRMATION_OK"
24405,4021709873,4021709919,1,"IOTHUB_CLIENT_CONFIRMATION_OK"
24406,4021710073,4021710109,1,"IOTHUB_CLIENT_CONFIRMATION_OK"
24407,4021710273,4021710314,1,"IOTHUB_CLIENT_CONFIRMATION_OK"
24408,4021710473,4021710523,1,"IOTHUB_CLIENT_CONFIRMATION_OK"
24409,4021710674,4021710729,1,"IOTHUB_CLIENT_CONFIRMATION_OK"
24410,4021710874,4021710915,1,"IOTHUB_CLIENT_CONFIRMATION_OK"
24411,4021711074,4021711113,1,"IOTHUB_CLIENT_CONFIRMATION_OK"
24412,4021711274,4021711312,1,"IOTHUB_CLIENT_CONFIRMATION_OK"
24413,4021711474,4021711539,1,"IOTHUB_CLIENT_CONFIRMATION_OK"
24414,4021711674,4021711880,1,"IOTHUB_CLIENT_CONFIRMATION_OK"
24415,4021711875,4021711923,1,"IOTHUB_CLIENT_CONFIRMATION_OK"
24416,4021712075,4021712122,1,"IOTHUB_CLIENT_CONFIRMATION_OK"
24417,4021712275,4021712386,1,"IOTHUB_CLIENT_CONFIRMATION_OK"
24418,4021712475,4021712519,1,"IOTHUB_CLIENT_CONFIRMATION_OK"
24419,4021712675,4021712717,1,"IOTHUB_CLIENT_CONFIRMATION_OK"
24420,4021712875,4021712916,1,"IOTHUB_CLIENT_CONFIRMATION_OK"
24421,4021713075,4021713116,1,"IOTHUB_CLIENT_CONFIRMATION_OK"
24422,4021713276,4021713330,1,"IOTHUB_CLIENT_CONFIRMATION_OK"
24423,4021713476,4021713523,1,"IOTHUB_CLIENT_CONFIRMATION_OK"
24424,4021713676,4021713720,1,"IOTHUB_CLIENT_CONFIRMATION_OK"
24425,4021713876,4021713986,1,"IOTHUB_CLIENT_CONFIRMATION_OK"
24426,4021714076,4021714118,1,"IOTHUB_CLIENT_CONFIRMATION_OK"
24427,4021714276,4021714357,1,"IOTHUB_CLIENT_CONFIRMATION_OK"
24428,4021714477,4021714519,1,"IOTHUB_CLIENT_CONFIRMATION_OK"
24429,4021714677,4021714732,1,"IOTHUB_CLIENT_CONFIRMATION_OK"
24430,4021714877,4021714925,1,"IOTHUB_CLIENT_CONFIRMATION_OK"
24431,4021715077,4021715115,1,"IOTHUB_CLIENT_CONFIRMATION_OK"
24432,4021715277,4021715317,1,"IOTHUB_CLIENT_CONFIRMATION_OK"
24433,4021715477,4021715632,1,"IOTHUB_CLIENT_CONFIRMATION_OK"
24434,4021715677,4021715827,1,"IOTHUB_CLIENT_CONFIRMATION_OK"
24435,4021715878,4021715940,1,"IOTHUB_CLIENT_CONFIRMATION_OK"
24436,4021716078,4021716120,1,"IOTHUB_CLIENT_CONFIRMATION_OK"
24437,4021716278,4021716319,1,"IOTHUB_CLIENT_CONFIRMATION_OK"
24438,4021716478,4021716587,1,"IOTHUB_CLIENT_CONFIRMATION_OK"
24439,4021716678,4021716727,1,"IOTHUB_CLIENT_CONFIRMATION_OK"
24440,4021716878,4021716921,1,"IOTHUB_CLIENT_CONFIRMATION_OK"
24441,4021717079,4021717119,1,"IOTHUB_CLIENT_CONFIRMATION_OK"
24442,4021717279,4021717337,1,"IOTHUB_CLIENT_CONFIRMATION_OK"
24443,4021717479,4021717527,1,"IOTHUB_CLIENT_CONFIRMATION_OK"
24444,4021717679,4021717721,1,"IOTHUB_CLIENT_CONFIRMATION_OK"
24445,4021717879,4021717915,1,"IOTHUB_CLIENT_CONFIRMATION_OK"
24446,4021718079,4021718121,1,"IOTHUB_CLIENT_CONFIRMATION_OK"
24447,4021718279,4021718326,1,"IOTHUB_CLIENT_CONFIRMATION_OK"
24448,4021718480,4021718524,1,"IOTHUB_CLIENT_CONFIRMATION_OK"
24449,4021718680,4021718753,1,"IOTHUB_CLIENT_CONFIRMATION_OK"
24450,4021718880,4021718917,1,"IOTHUB_CLIENT_CONFIRMATION_OK"
24451,4021719080,4021719165,1,"IOTHUB_CLIENT_CONFIRMATION_OK"
24452,4021719280,4021719326,1,"IOTHUB_CLIENT_CONFIRMATION_OK"
24453,4021719480,4021719539,1,"IOTHUB_CLIENT_CONFIRMATION_OK"
24454,4021719681,4021719720,1,"IOTHUB_CLIENT_CONFIRMATION_OK"
24455,4021719881,4021719951,1,"IOTHUB_CLIENT_CONFIRMATION_OK"
24456,4021720081,4021720146,1,"IOTHUB_CLIENT_CONFIRMATION_OK"
24457,4021720281,4021720330,1,"IOTHUB_CLIENT_CONFIRMATION_OK"
24458,4021720481,4021720554,1,"IOTHUB_CLIENT_CONFIRMATION_OK"
24459,4021720681,4021720739,1,"IOTHUB_CLIENT_CONFIRMATION_OK"
24460,4021720881,4021720953,1,"IOTHUB_CLIENT_CONFIRMATION_OK"
24461,4021721082,4021721125,1,"IOTHUB_CLIENT_CONFIRMATION_OK"
24462,4021721282,4021721328,1,"IOTHUB_CLIENT_CONFIRMATION_OK"
24463,4021721482,4021721571,1,"IOTHUB_CLIENT_CONFIRMATION_OK"
24464,4021721682,4021721724,1,"IOTHUB_CLIENT_CONFIRMATION_OK"
24465,4021721882,4021721927,1,"IOTHUB_CLIENT_CONFIRMATION_OK"
24466,4021722082,4021722168,1,"IOTHUB_CLIENT_CONFIRMATION_OK"
24467,4021722283,4021722324,1,"IOTHUB_CLIENT_CONFIRMATION_OK"
24468,4021722483,4021722536,1,"IOTHUB_CLIENT_CONFIRMATION_OK"
24469,4021722683,4021722791,1,"IOTHUB_CLIENT_CONFIRMATION_OK"
24470,4021722883,4021722924,1,"IOTHUB_CLIENT_CONFIRMATION_OK"
24471,4021723083,4021723119,1,"IOTHUB_CLIENT_CONFIRMATION_OK"
24472,4021723283,4021723359,1,"IOTHUB_CLIENT_CONFIRMATION_OK"
24473,4021723483,4021723560,1,"IOTHUB_CLIENT_CONFIRMATION_OK"
24474,4021723684,4021723727,1,"IOTHUB_CLIENT_CONFIRMATION_OK"
24475,4021723884,4021723936,1,"IOTHUB_CLIENT_CONFIRMATION_OK"
24476,4021724084,4021724138,1,"IOTHUB_CLIENT_CONFIRMATION_OK"
24477,4021724284,4021724327,1,"IOTHUB_CLIENT_CONFIRMATION_OK"
24478,4021724484,4021724534,1,"IOTHUB_CLIENT_CONFIRMATION_OK"
24479,4021724684,4021724820,1,"IOTHUB_CLIENT_CONFIRMATION_OK"
24480,4021724884,4021724986,1,"IOTHUB_CLIENT_CONFIRMATION_OK"
24481,4021725085,4021725139,1,"IOTHUB_CLIENT_CONFIRMATION_OK"
24482,4021725285,4021725431,1,"IOTHUB_CLIENT_CONFIRMATION_OK"
24483,4021725485,4021725553,1,"IOTHUB_CLIENT_CONFIRMATION_OK"
24484,4021725685,4021725739,1,"IOTHUB_CLIENT_CONFIRMATION_OK"
24485,4021725885,4021726078,1,"IOTHUB_CLIENT_CONFIRMATION_OK"
24486,4021726085,4021726146,1,"IOTHUB_CLIENT_CONFIRMATION_OK"
24487,4021726286,4021726321,1,"IOTHUB_CLIENT_CONFIRMATION_OK"
24488,4021726486,4021726526,1,"IOTHUB_CLIENT_CONFIRMATION_OK"
24489,4021726686,4021726758,1,"IOTHUB_CLIENT_CONFIRMATION_OK"
24490,4021726886,4021726938,1,"IOTHUB_CLIENT_CONFIRMATION_OK"
24491,4021727086,4021727137,1,"IOTHUB_CLIENT_CONFIRMATION_OK"
24492,4021727286,4021727356,1,"IOTHUB_CLIENT_CONFIRMATION_OK"
24493,4021727486,4021727530,1,"IOTHUB_CLIENT_CONFIRMATION_OK"
24494,4021727687,4021727722,1,"IOTHUB_CLIENT_CONFIRMATION_OK"
24495,4021727887,4021727922,1,"IOTHUB_CLIENT_CONFIRMATION_OK"
24496,4021728087,4021728123,1,"IOTHUB_CLIENT_CONFIRMATION_OK"
24497,4021728287,4021728367,1,"IOTHUB_CLIENT_CONFIRMATION_OK"
24498,4021728487,4021728533,1,"IOTHUB_CLIENT_CONFIRMATION_OK"
24499,4021728687,4021728737,1,"IOTHUB_CLIENT_CONFIRMATION_OK"
24500,4021728887,4021728983,1,"IOTHUB_CLIENT_CONFIRMATION_OK"
24501,4021729088,4021729147,1,"IOTHUB_CLIENT_CONFIRMATION_OK"
24502,4021729288,4021729330,1,"IOTHUB_CLIENT_CONFIRMATION_OK"
24503,4021729488,4021729529,1,"IOTHUB_CLIENT_CONFIRMATION_OK"
24504,4021729688,4021729737,1,"IOTHUB_CLIENT_CONFIRMATION_OK"
24505,4021729888,4021729968,1,"IOTHUB_CLIENT_CONFIRMATION_OK"
24506,4021730088,4021730134,1,"IOTHUB_CLIENT_CONFIRMATION_OK"
24507,4021730289,4021730334,1,"IOTHUB_CLIENT_CONFIRMATION_OK"
24508,4021730489,4021730656,1,"IOTHUB_CLIENT_CONFIRMATION_OK"
24509,4021730689,4021730741,1,"IOTHUB_CLIENT_CONFIRMATION_OK"
24510,4021730889,4021730931,1,"IOTHUB_CLIENT_CONFIRMATION_OK"
24511,4021731089,4021731268,1,"IOTHUB_CLIENT_CONFIRMATION_OK"
24512,4021731289,4021731344,1,"IOTHUB_CLIENT_CONFIRMATION_OK"
24513,4021731489,4021731532,1,"IOTHUB_CLIENT_CONFIRMATION_OK"
24514,4021731690,4021731870,1,"IOTHUB_CLIENT_CONFIRMATION_OK"
24515,4021731890,4021731923,1,"IOTHUB_CLIENT_CONFIRMATION_OK"
24516,4021732090,4021732127,1,"IOTHUB_CLIENT_CONFIRMATION_OK"
24517,4021732290,4021732331,1,"IOTHUB_CLIENT_CONFIRMATION_OK"
24518,4021732490,4021732535,1,"IOTHUB_CLIENT_CONFIRMATION_OK"
24519,4021732690,4021732734,1,"IOTHUB_CLIENT_CONFIRMATION_OK"
24520,4021732891,4021732935,1,"IOTHUB_CLIENT_CONFIRMATION_OK"
24521,4021733091,4021733167,1,"IOTHUB_CLIENT_CONFIRMATION_OK"
24522,4021733291,4021733342,1,"IOTHUB_CLIENT_CONFIRMATION_OK"
24523,4021733491,4021733531,1,"IOTHUB_CLIENT_CONFIRMATION_OK"
24524,4021733691,4021733750,1,"IOTHUB_CLIENT_CONFIRMATION_OK"
24525,4021733891,4021733947,1,"IOTHUB_CLIENT_CONFIRMATION_OK"
24526,4021734091,4021734129,1,"IOTHUB_CLIENT_CONFIRMATION_OK"
24527,4021734292,4021734326,1,"IOTHUB_CLIENT_CONFIRMATION_OK"
24528,4021734492,4021734537,1,"IOTHUB_CLIENT_CONFIRMATION_OK"
24529,4021734692,4021734733,1,"IOTHUB_CLIENT_CONFIRMATION_OK"
24530,4021734892,4021734936,1,"IOTHUB_CLIENT_CONFIRMATION_OK"
24531,4021735092,4021735144,1,"IOTHUB_CLIENT_CONFIRMATION_OK"
24532,4021735292,4021735349,1,"IOTHUB_CLIENT_CONFIRMATION_OK"
24533,4021735492,4021735530,1,"IOTHUB_CLIENT_CONFIRMATION_OK"
24534,4021735693,4021735733,1,"IOTHUB_CLIENT_CONFIRMATION_OK"
24535,4021735893,4021735935,1,"IOTHUB_CLIENT_CONFIRMATION_OK"
24536,4021736093,4021736134,1,"IOTHUB_CLIENT_CONFIRMATION_OK"
24537,4021736293,4021736333,1,"IOTHUB_CLIENT_CONFIRMATION_OK"
24538,4021736493,4021736528,1,"IOTHUB_CLIENT_CONFIRMATION_OK"
24539,4021736693,4021736752,1,"IOTHUB_CLIENT_CONFIRMATION_OK"
24540,4021736894,4021736946,1,"IOTHUB_CLIENT_CONFIRMATION_OK"
24541,4021737094,4021737135,1,"IOTHUB_CLIENT_CONFIRMATION_OK"
24542,4021737294,4021737337,1,"IOTHUB_CLIENT_CONFIRMATION_OK"
24543,4021737494,4021737533,1,"IOTHUB_CLIENT_CONFIRMATION_OK"
24544,4021737694,4021737741,1,"IOTHUB_CLIENT_CONFIRMATION_OK"
24545,4021737894,4021737936,1,"IOTHUB_CLIENT_CONFIRMATION_OK"
24546,4021738094,4021738135,1,"IOTHUB_CLIENT_CONFIRMATION_OK"
24547,4021738295,4021738373,1,"IOTHUB_CLIENT_CONFIRMATION_OK"
24548,4021738495,4021738533,1,"IOTHUB_CLIENT_CONFIRMATION_OK"
24549,4021738695,4021738740,1,"IOTHUB_CLIENT_CONFIRMATION_OK"
24550,4021738895,4021738994,1,"IOTHUB_CLIENT_CONFIRMATION_OK"
24551,4021739095,4021739139,1,"IOTHUB_CLIENT_CONFIRMATION_OK"
24552,4021739295,4021739332,1,"IOTHUB_CLIENT_CONFIRMATION_OK"
24553,4021739496,4021739596,1,"IOTHUB_CLIENT_CONFIRMATION_OK"
24554,4021739696,4021739758,1,"IOTHUB_CLIENT_CONFIRMATION_OK"
24555,4021739896,4021739954,1,"IOTHUB_CLIENT_CONFIRMATION_OK"
24556,4021740096,4021740206,1,"IOTHUB_CLIENT_CONFIRMATION_OK"
24557,4021740296,4021740340,1,"IOTHUB_CLIENT_CONFIRMATION_OK"
24558,4021740496,4021740545,1,"IOTHUB_CLIENT_CONFIRMATION_OK"
24559,4021740696,4021740734,1,"IOTHUB_CLIENT_CONFIRMATION_OK"
24560,4021740897,4021740946,1,"IOTHUB_CLIENT_CONFIRMATION_OK"
24561,4021741097,4021741135,1,"IOTHUB_CLIENT_CONFIRMATION_OK"
24562,4021741297,4021741349,1,"IOTHUB_CLIENT_CONFIRMATION_OK"
24563,4021741497,4021741539,1,"IOTHUB_CLIENT_CONFIRMATION_OK"
24564,4021741697,4021741742,1,"IOTHUB_CLIENT_CONFIRMATION_OK"
24565,4021741897,4021741936,1,"IOTHUB_CLIENT_CONFIRMATION_OK"
24566,4021742098,4021742226,1,"IOTHUB_CLIENT_CONFIRMATION_OK"
24567,4021742298,4021742349,1,"IOTHUB_CLIENT_CONFIRMATION_OK"
24568,4021742498,4021742686,1,"IOTHUB_CLIENT_CONFIRMATION_OK"
24569,4021742698,4021742932,1,"IOTHUB_CLIENT_CONFIRMATION_OK"
24570,4021742898,4021742959,1,"IOTHUB_CLIENT_CONFIRMATION_OK"
24571,4021743098,4021743168,1,"IOTHUB_CLIENT_CONFIRMATION_OK"
24572,4021743299,4021743335,1,"IOTHUB_CLIENT_CONFIRMATION_OK"
24573,4021743499,4021743542,1,"IOTHUB_CLIENT_CONFIRMATION_OK"
24574,4021743699,4021743734,1,"IOTHUB_CLIENT_CONFIRMATION_OK"
24575,4021743899,4021743998,1,"IOTHUB_CLIENT_CONFIRMATION_OK"
24576,4021744099,4021744149,1,"IOTHUB_CLIENT_CONFIRMATION_OK"
24577,4021744299,4021744342,1,"IOTHUB_CLIENT_CONFIRMATION_OK"
24578,4021744499,4021744553,1,"IOTHUB_CLIENT_CONFIRMATION_OK"
24579,4021744700,4021744767,1,"IOTHUB_CLIENT_CONFIRMATION_OK"
24580,4021744900,4021744962,1,"IOTHUB_CLIENT_CONFIRMATION_OK"
24581,4021745100,4021745140,1,"IOTHUB_CLIENT_CONFIRMATION_OK"
24582,4021745300,4021745411,1,"IOTHUB_CLIENT_CONFIRMATION_OK"
24583,4021745500,4021745537,1,"IOTHUB_CLIENT_CONFIRMATION_OK"
24584,4021745700,4021745750,1,"IOTHUB_CLIENT_CONFIRMATION_OK"
24585,4021745901,4021745971,1,"IOTHUB_CLIENT_CONFIRMATION_OK"
24586,4021746101,4021746143,1,"IOTHUB_CLIENT_CONFIRMATION_OK"
24587,4021746301,4021746337,1,"IOTHUB_CLIENT_CONFIRMATION_OK"
24588,4021746501,4021746544,1,"IOTHUB_CLIENT_CONFIRMATION_OK"
24589,4021746701,4021746815,1,"IOTHUB_CLIENT_CONFIRMATION_OK"
24590,4021746901,4021746955,1,"IOTHUB_CLIENT_CONFIRMATION_OK"
24591,4021747101,4021747137,1,"IOTHUB_CLIENT_CONFIRMATION_OK"
24592,4021747302,4021747385,1,"IOTHUB_CLIENT_CONFIRMATION_OK"
24593,4021747502,4021747541,1,"IOTHUB_CLIENT_CONFIRMATION_OK"
24594,4021747702,4021747806,1,"IOTHUB_CLIENT_CONFIRMATION_OK"
24595,4021747902,4021748020,1,"IOTHUB_CLIENT_CONFIRMATION_OK"
24596,4021748102,4021748177,1,"IOTHUB_CLIENT_CONFIRMATION_OK"
24597,4021748302,4021748355,1,"IOTHUB_CLIENT_CONFIRMATION_OK"
24598,4021748503,4021748681,1,"IOTHUB_CLIENT_CONFIRMATION_OK"
24599,4021748703,4021748763,1,"IOTHUB_CLIENT_CONFIRMATION_OK"
24600,4021748903,4021748946,1,"IOTHUB_CLIENT_CONFIRMATION_OK"
24601,4021749103,4021749140,1,"IOTHUB_CLIENT_CONFIRMATION_OK"
24602,4021749303,4021749350,1,"IOTHUB_CLIENT_CONFIRMATION_OK"
24603,4021749503,4021749552,1,"IOTHUB_CLIENT_CONFIRMATION_OK"
24604,4021749703,4021749740,1,"IOTHUB_CLIENT_CONFIRMATION_OK"
24605,4021749904,4021749942,1,"IOTHUB_CLIENT_CONFIRMATION_OK"
24606,4021750104,4021750177,1,"IOTHUB_CLIENT_CONFIRMATION_OK"
24607,4021750304,4021750381,1,"IOTHUB_CLIENT_CONFIRMATION_OK"
24608,4021750504,4021750554,1,"IOTHUB_CLIENT_CONFIRMATION_OK"
24609,4021750704,4021750758,1,"IOTHUB_CLIENT_CONFIRMATION_OK"
24610,4021750904,4021751016,1,"IOTHUB_CLIENT_CONFIRMATION_OK"
24611,4021751105,4021751319,1,"IOTHUB_CLIENT_CONFIRMATION_OK"
24612,4021751305,4021751345,1,"IOTHUB_CLIENT_CONFIRMATION_OK"
24613,4021751505,4021751552,1,"IOTHUB_CLIENT_CONFIRMATION_OK"
24614,4021751705,4021751904,1,"IOTHUB_CLIENT_CONFIRMATION_OK"
24615,4021751905,4021751944,1,"IOTHUB_CLIENT_CONFIRMATION_OK"
24616,4021752105,4021752157,1,"IOTHUB_CLIENT_CONFIRMATION_OK"
24617,4021752306,4021752350,1,"IOTHUB_CLIENT_CONFIRMATION_OK"
24618,4021752506,4021752560,1,"IOTHUB_CLIENT_CONFIRMATION_OK"
24619,4021752706,4021752751,1,"IOTHUB_CLIENT_CONFIRMATION_OK"
24620,4021752906,4021752948,1,"IOTHUB_CLIENT_CONFIRMATION_OK"
24621,4021753106,4021753148,1,"IOTHUB_CLIENT_CONFIRMATION_OK"
24622,4021753306,4021753343,1,"IOTHUB_CLIENT_CONFIRMATION_OK"
24623,4021753507,4021753561,1,"IOTHUB_CLIENT_CONFIRMATION_OK"
24624,4021753707,4021753746,1,"IOTHUB_CLIENT_CONFIRMATION_OK"
24625,4021753907,4021753950,1,"IOTHUB_CLIENT_CONFIRMATION_OK"
24626,4021754107,4021754153,1,"IOTHUB_CLIENT_CONFIRMATION_OK"
24627,4021754307,4021754395,1,"IOTHUB_CLIENT_CONFIRMATION_OK"
24628,4021754507,4021754590,1,"IOTHUB_CLIENT_CONFIRMATION_OK"
24629,4021754707,4021754759,1,"IOTHUB_CLIENT_CONFIRMATION_OK"
24630,4021754908,4021754960,1,"IOTHUB_CLIENT_CONFIRMATION_OK"
24631,4021755108,4021755145,1,"IOTHUB_CLIENT_CONFIRMATION_OK"
24632,4021755308,4021755351,1,"IOTHUB_CLIENT_CONFIRMATION_OK"
24633,4021755508,4021755553,1,"IOTHUB_CLIENT_CONFIRMATION_OK"
24634,4021755708,4021755798,1,"IOTHUB_CLIENT_CONFIRMATION_OK"
24635,4021755908,4021755947,1,"IOTHUB_CLIENT_CONFIRMATION_OK"
24636,4021756109,4021756151,1,"IOTHUB_CLIENT_CONFIRMATION_OK"
24637,4021756309,4021756419,1,"IOTHUB_CLIENT_CONFIRMATION_OK"
24638,4021756509,4021756584,1,"IOTHUB_CLIENT_CONFIRMATION_OK"
24639,4021756709,4021756760,1,"IOTHUB_CLIENT_CONFIRMATION_OK"
24640,4021756909,4021757027,1,"IOTHUB_CLIENT_CONFIRMATION_OK"
24641,4021757109,4021757149,1,"IOTHUB_CLIENT_CONFIRMATION_OK"
24642,4021757309,4021757350,1,"IOTHUB_CLIENT_CONFIRMATION_OK"
24643,4021757510,4021757574,1,"IOTHUB_CLIENT_CONFIRMATION_OK"
24644,4021757710,4021757775,1,"IOTHUB_CLIENT_CONFIRMATION_OK"
24645,4021757910,4021757970,1,"IOTHUB_CLIENT_CONFIRMATION_OK"
24646,4021758110,4021758155,1,"IOTHUB_CLIENT_CONFIRMATION_OK"
24647,4021758310,4021758357,1,"IOTHUB_CLIENT_CONFIRMATION_OK"
24648,4021758510,4021758562,1,"IOTHUB_CLIENT_CONFIRMATION_OK"
24649,4021758711,4021758751,1,"IOTHUB_CLIENT_CONFIRMATION_OK"
24650,4021758911,4021758945,1,"IOTHUB_CLIENT_CONFIRMATION_OK"
24651,4021759111,4021759160,1,"IOTHUB_CLIENT_CONFIRMATION_OK"
24652,4021759311,4021759356,1,"IOTHUB_CLIENT_CONFIRMATION_OK"
24653,4021759511,4021759674,1,"IOTHUB_CLIENT_CONFIRMATION_OK"
24654,4021759711,4021759755,1,"IOTHUB_CLIENT_CONFIRMATION_OK"
24655,4021759912,4021759960,1,"IOTHUB_CLIENT_CONFIRMATION_OK"
24656,4021760112,4021760312,1,"IOTHUB_CLIENT_CONFIRMATION_OK"
24657,4021760312,4021760352,1,"IOTHUB_CLIENT_CONFIRMATION_OK"
24658,4021760512,4021760555,1,"IOTHUB_CLIENT_CONFIRMATION_OK"
24659,4021760712,4021760751,1,"IOTHUB_CLIENT_CONFIRMATION_OK"
24660,4021760912,4021760952,1,"IOTHUB_CLIENT_CONFIRMATION_OK"
24661,4021761112,4021761152,1,"IOTHUB_CLIENT_CONFIRMATION_OK"
24662,4021761313,4021761349,1,"IOTHUB_CLIENT_CONFIRMATION_OK"
24663,4021761513,4021761557,1,"IOTHUB_CLIENT_CONFIRMATION_OK"
24664,4021761713,4021761758,1,"IOTHUB_CLIENT_CONFIRMATION_OK"
24665,4021761913,4021762063,1,"IOTHUB_CLIENT_CONFIRMATION_OK"
24666,4021762113,4021762151,1,"IOTHUB_CLIENT_CONFIRMATION_OK"
24667,4021762313,4021762350,1,"IOTHUB_CLIENT_CONFIRMATION_OK"
24668,4021762514,4021762584,1,"IOTHUB_CLIENT_CONFIRMATION_OK"
24669,4021762714,4021762769,1,"IOTHUB_CLIENT_CONFIRMATION_OK"
24670,4021762914,4021762961,1,"IOTHUB_CLIENT_CONFIRMATION_OK"
24671,4021763114,4021763157,1,"IOTHUB_CLIENT_CONFIRMATION_OK"
24672,4021763314,4021763352,1,"IOTHUB_CLIENT_CONFIRMATION_OK"
24673,4021763514,4021763556,1,"IOTHUB_CLIENT_CONFIRMATION_OK"
24674,4021763714,4021763756,1,"IOTHUB_CLIENT_CONFIRMATION_OK"
24675,4021763915,4021763955,1,"IOTHUB_CLIENT_CONFIRMATION_OK"
24676,4021764115,4021764151,1,"IOTHUB_CLIENT_CONFIRMATION_OK"
24677,4021764315,4021764453,1,"IOTHUB_CLIENT_CONFIRMATION_OK"
24678,4021764515,4021764569,1,"IOTHUB_CLIENT_CONFIRMATION_OK"
24679,4021764715,4021764772,1,"IOTHUB_CLIENT_CONFIRMATION_OK"
24680,4021764915,4021764955,1,"IOTHUB_CLIENT_CONFIRMATION_OK"
24681,4021765115,4021765156,1,"IOTHUB_CLIENT_CONFIRMATION_OK"
24682,4021765316,4021765361,1,"IOTHUB_CLIENT_CONFIRMATION_OK"
24683,4021765516,4021765561,1,"IOTHUB_CLIENT_CONFIRMATION_OK"
24684,4021765716,4021765759,1,"IOTHUB_CLIENT_CONFIRMATION_OK"
24685,4021765916,4021765980,1,"IOTHUB_CLIENT_CONFIRMATION_OK"
24686,4021766116,4021766151,1,"IOTHUB_CLIENT_CONFIRMATION_OK"
24687,4021766316,4021766361,1,"IOTHUB_CLIENT_CONFIRMATION_OK"
24688,4021766517,4021766556,1,"IOTHUB_CLIENT_CONFIRMATION_OK"
24689,4021766717,4021766802,1,"IOTHUB_CLIENT_CONFIRMATION_OK"
24690,4021766917,4021766978,1,"IOTHUB_CLIENT_CONFIRMATION_OK"
24691,4021767117,4021767156,1,"IOTHUB_CLIENT_CONFIRMATION_OK"
24692,4021767317,4021767409,1,"IOTHUB_CLIENT_CONFIRMATION_OK"
24693,4021767517,4021767551,1,"IOTHUB_CLIENT_CONFIRMATION_OK"
24694,4021767717,4021767752,1,"IOTHUB_CLIENT_CONFIRMATION_OK"
24695,4021767918,4021768000,1,"IOTHUB_CLIENT_CONFIRMATION_OK"
24696,4021768118,4021768155,1,"IOTHUB_CLIENT_CONFIRMATION_OK"
24697,4021768318,4021768353,1,"IOTHUB_CLIENT_CONFIRMATION_OK"
24698,4021768518,4021768637,1,"IOTHUB_CLIENT_CONFIRMATION_OK"
24699,4021768718,4021768759,1,"IOTHUB_CLIENT_CONFIRMATION_OK"
24700,4021768918,4021768983,1,"IOTHUB_CLIENT_CONFIRMATION_OK"
24701,4021769118,4021769162,1,"IOTHUB_CLIENT_CONFIRMATION_OK"
24702,4021769319,4021769371,1,"IOTHUB_CLIENT_CONFIRMATION_OK"
24703,4021769519,4021769563,1,"IOTHUB_CLIENT_CONFIRMATION_OK"
24704,4021769719,4021769771,1,"IOTHUB_CLIENT_CONFIRMATION_OK"
24705,4021769919,4021769980,1,"IOTHUB_CLIENT_CONFIRMATION_OK"
24706,4021770119,4021770173,1,"IOTHUB_CLIENT_CONFIRMATION_OK"
24707,4021770319,4021770508,1,"IOTHUB_CLIENT_CONFIRMATION_OK"
24708,4021770519,4021770651,1,"IOTHUB_CLIENT_CONFIRMATION_OK"
24709,4021770720,4021770783,1,"IOTHUB_CLIENT_CONFIRMATION_OK"
24710,4021770920,4021770977,1,"IOTHUB_CLIENT_CONFIRMATION_OK"
24711,4021771120,4021771254,1,"IOTHUB_CLIENT_CONFIRMATION_OK"
24712,4021771320,4021771356,1,"IOTHUB_CLIENT_CONFIRMATION_OK"
24713,4021771520,4021771579,1,"IOTHUB_CLIENT_CONFIRMATION_OK"
24714,4021771720,4021771848,1,"IOTHUB_CLIENT_CONFIRMATION_OK"
24715,4021771920,4021771969,1,"IOTHUB_CLIENT_CONFIRMATION_OK"
24716,4021772121,4021772261,1,"IOTHUB_CLIENT_CONFIRMATION_OK"
24717,4021772321,4021772364,1,"IOTHUB_CLIENT_CONFIRMATION_OK"
24718,4021772521,4021772554,1,"IOTHUB_CLIENT_CONFIRMATION_OK"
24719,4021772721,4021772779,1,"IOTHUB_CLIENT_CONFIRMATION_OK"
24720,4021772921,4021772959,1,"IOTHUB_CLIENT_CONFIRMATION_OK"
24721,4021773121,4021773161,1,"IOTHUB_CLIENT_CONFIRMATION_OK"
24722,4021773322,4021773364,1,"IOTHUB_CLIENT_CONFIRMATION_OK"
24723,4021773522,4021773583,1,"IOTHUB_CLIENT_CONFIRMATION_OK"
24724,4021773722,4021773867,1,"IOTHUB_CLIENT_CONFIRMATION_OK"
24725,4021773922,4021773974,1,"IOTHUB_CLIENT_CONFIRMATION_OK"
24726,4021774122,4021774154,1,"IOTHUB_CLIENT_CONFIRMATION_OK"
24727,4021774322,4021774527,1,"IOTHUB_CLIENT_CONFIRMATION_OK"
24728,4021774522,4021774563,1,"IOTHUB_CLIENT_CONFIRMATION_OK"
24729,4021774723,4021774763,1,"IOTHUB_CLIENT_CONFIRMATION_OK"
24730,4021774923,4021774967,1,"IOTHUB_CLIENT_CONFIRMATION_OK"
24731,4021775123,4021775164,1,"IOTHUB_CLIENT_CONFIRMATION_OK"
24732,4021775323,4021775364,1,"IOTHUB_CLIENT_CONFIRMATION_OK"
24733,4021775523,4021775561,1,"IOTHUB_CLIENT_CONFIRMATION_OK"
24734,4021775723,4021775758,1,"IOTHUB_CLIENT_CONFIRMATION_OK"
24735,4021775924,4021775959,1,"IOTHUB_CLIENT_CONFIRMATION_OK"
24736,4021776124,4021776164,1,"IOTHUB_CLIENT_CONFIRMATION_OK"
24737,4021776324,4021776359,1,"IOTHUB_CLIENT_CONFIRMATION_OK"
24738,4021776524,4021776571,1,"IOTHUB_CLIENT_CONFIRMATION_OK"
24739,4021776724,4021776772,1,"IOTHUB_CLIENT_CONFIRMATION_OK"
24740,4021776924,4021776992,1,"IOTHUB_CLIENT_CONFIRMATION_OK"
24741,4021777124,4021777172,1,"IOTHUB_CLIENT_CONFIRMATION_OK"
24742,4021777325,4021777394,1,"IOTHUB_CLIENT_CONFIRMATION_OK"
24743,4021777525,4021777595,1,"IOTHUB_CLIENT_CONFIRMATION_OK"
24744,4021777725,4021777790,1,"IOTHUB_CLIENT_CONFIRMATION_OK"
24745,4021777925,4021778035,1,"IOTHUB_CLIENT_CONFIRMATION_OK"
24746,4021778125,4021778185,1,"IOTHUB_CLIENT_CONFIRMATION_OK"
24747,4021778325,4021778377,1,"IOTHUB_CLIENT_CONFIRMATION_OK"
24748,4021778526,4021778562,1,"IOTHUB_CLIENT_CONFIRMATION_OK"
24749,4021778726,4021778768,1,"IOTHUB_CLIENT_CONFIRMATION_OK"
24750,4021778926,4021779078,1,"IOTHUB_CLIENT_CONFIRMATION_OK"
24751,4021779126,4021779168,1,"IOTHUB_CLIENT_CONFIRMATION_OK"
24752,4021779326,4021779539,1,"IOTHUB_CLIENT_CONFIRMATION_OK"
24753,4021779526,4021779648,1,"IOTHUB_CLIENT_CONFIRMATION_OK"
24754,4021779727,4021779765,1,"IOTHUB_CLIENT_CONFIRMATION_OK"
24755,4021779927,4021779967,1,"IOTHUB_CLIENT_CONFIRMATION_OK"
24756,4021780127,4021780261,1,"IOTHUB_CLIENT_CONFIRMATION_OK"
24757,4021780327,4021780370,1,"IOTHUB_CLIENT_CONFIRMATION_OK"
24758,4021780527,4021780580,1,"IOTHUB_CLIENT_CONFIRMATION_OK"
24759,4021780727,4021780817,1,"IOTHUB_CLIENT_CONFIRMATION_OK"
24760,4021780927,4021780996,1,"IOTHUB_CLIENT_CONFIRMATION_OK"
24761,4021781128,4021781179,1,"IOTHUB_CLIENT_CONFIRMATION_OK"
24762,4021781328,4021781377,1,"IOTHUB_CLIENT_CONFIRMATION_OK"
24763,4021781528,4021781570,1,"IOTHUB_CLIENT_CONFIRMATION_OK"
24764,4021781728,4021781773,1,"IOTHUB_CLIENT_CONFIRMATION_OK"
24765,4021781928,4021781968,1,"IOTHUB_CLIENT_CONFIRMATION_OK"
24766,4021782128,4021782373,1,"IOTHUB_CLIENT_CONFIRMATION_OK"
24767,4021782329,4021782398,1,"IOTHUB_CLIENT_CONFIRMATION_OK"
24768,4021782529,4021782602,1,"IOTHUB_CLIENT_CONFIRMATION_OK"
24769,4021782729,4021782923,1,"IOTHUB_CLIENT_CONFIRMATION_OK"
24770,4021782929,4021782962,1,"IOTHUB_CLIENT_CONFIRMATION_OK"
24771,4021783129,4021783167,1,"IOTHUB_CLIENT_CONFIRMATION_OK"
24772,4021783329,4021783374,1,"IOTHUB_CLIENT_CONFIRMATION_OK"
24773,4021783530,4021783572,1,"IOTHUB_CLIENT_CONFIRMATION_OK"
24774,4021783730,4021783853,1,"IOTHUB_CLIENT_CONFIRMATION_OK"
24775,4021783930,4021783974,1,"IOTHUB_CLIENT_CONFIRMATION_OK"
24776,4021784130,4021784164,1,"IOTHUB_CLIENT_CONFIRMATION_OK"
24777,4021784330,4021784379,1,"IOTHUB_CLIENT_CONFIRMATION_OK"
24778,4021784530,4021784573,1,"IOTHUB_CLIENT_CONFIRMATION_OK"
24779,4021784730,4021784780,1,"IOTHUB_CLIENT_CONFIRMATION_OK"
24780,4021784931,4021785002,1,"IOTHUB_CLIENT_CONFIRMATION_OK"
24781,4021785131,4021785182,1,"IOTHUB_CLIENT_CONFIRMATION_OK"
24782,4021785331,4021785379,1,"IOTHUB_CLIENT_CONFIRMATION_OK"
24783,4021785531,4021785576,1,"IOTHUB_CLIENT_CONFIRMATION_OK"
24784,4021785731,4021785776,1,"IOTHUB_CLIENT_CONFIRMATION_OK"
24785,4021785931,4021785998,1,"IOTHUB_CLIENT_CONFIRMATION_OK"
24786,4021786131,4021786183,1,"IOTHUB_CLIENT_CONFIRMATION_OK"
24787,4021786332,4021786367,1,"IOTHUB_CLIENT_CONFIRMATION_OK"
24788,4021786532,4021786597,1,"IOTHUB_CLIENT_CONFIRMATION_OK"
24789,4021786732,4021786790,1,"IOTHUB_CLIENT_CONFIRMATION_OK"
24790,4021786932,4021786987,1,"IOTHUB_CLIENT_CONFIRMATION_OK"
24791,4021787132,4021787183,1,"IOTHUB_CLIENT_CONFIRMATION_OK"
24792,4021787332,4021787416,1,"IOTHUB_CLIENT_CONFIRMATION_OK"
24793,4021787532,4021787571,1,"IOTHUB_CLIENT_CONFIRMATION_OK"
24794,4021787733,4021787772,1,"IOTHUB_CLIENT_CONFIRMATION_OK"
24795,4021787933,4021788025,1,"IOTHUB_CLIENT_CONFIRMATION_OK"
24796,4021788133,4021788240,1,"IOTHUB_CLIENT_CONFIRMATION_OK"
24797,4021788333,4021788401,1,"IOTHUB_CLIENT_CONFIRMATION_OK"
24798,4021788533,4021788634,1,"IOTHUB_CLIENT_CONFIRMATION_OK"
24799,4021788733,4021788780,1,"IOTHUB_CLIENT_CONFIRMATION_OK"
24800,4021788934,4021788968,1,"IOTHUB_CLIENT_CONFIRMATION_OK"
24801,4021789134,4021789177,1,"IOTHUB_CLIENT_CONFIRMATION_OK"
24802,4021789334,4021789379,1,"IOTHUB_CLIENT_CONFIRMATION_OK"
24803,4021789534,4021789574,1,"IOTHUB_CLIENT_CONFIRMATION_OK"
24804,4021789734,4021789786,1,"IOTHUB_CLIENT_CONFIRMATION_OK"
24805,4021789934,4021789973,1,"IOTHUB_CLIENT_CONFIRMATION_OK"
24806,4021790134,4021790187,1,"IOTHUB_CLIENT_CONFIRMATION_OK"
24807,4021790335,4021790376,1,"IOTHUB_CLIENT_CONFIRMATION_OK"
24808,4021790535,4021790586,1,"IOTHUB_CLIENT_CONFIRMATION_OK"
24809,4021790735,4021790792,1,"IOTHUB_CLIENT_CONFIRMATION_OK"
24810,4021790935,4021790980,1,"IOTHUB_CLIENT_CONFIRMATION_OK"
24811,4021791135,4021791317,1,"IOTHUB_CLIENT_CONFIRMATION_OK"
24812,4021791335,4021791383,1,"IOTHUB_CLIENT_CONFIRMATION_OK"
24813,4021791536,4021791581,1,"IOTHUB_CLIENT_CONFIRMATION_OK"
24814,4021791736,4021791928,1,"IOTHUB_CLIENT_CONFIRMATION_OK"
24815,4021791936,4021791978,1,"IOTHUB_CLIENT_CONFIRMATION_OK"
24816,4021792136,4021792185,1,"IOTHUB_CLIENT_CONFIRMATION_OK"
24817,4021792336,4021792374,1,"IOTHUB_CLIENT_CONFIRMATION_OK"
24818,4021792536,4021792574,1,"IOTHUB_CLIENT_CONFIRMATION_OK"
24819,4021792736,4021792774,1,"IOTHUB_CLIENT_CONFIRMATION_OK"
24820,4021792937,4021792986,1,"IOTHUB_CLIENT_CONFIRMATION_OK"
24821,4021793137,4021793208,1,"IOTHUB_CLIENT_CONFIRMATION_OK"
24822,4021793337,4021793381,1,"IOTHUB_CLIENT_CONFIRMATION_OK"
24823,4021793537,4021793684,1,"IOTHUB_CLIENT_CONFIRMATION_OK"
24824,4021793737,4021793899,1,"IOTHUB_CLIENT_CONFIRMATION_OK"
24825,4021793937,4021793984,1,"IOTHUB_CLIENT_CONFIRMATION_OK"
24826,4021794138,4021794188,1,"IOTHUB_CLIENT_CONFIRMATION_OK"
24827,4021794338,4021794501,1,"IOTHUB_CLIENT_CONFIRMATION_OK"
24828,4021794538,4021794572,1,"IOTHUB_CLIENT_CONFIRMATION_OK"
24829,4021794738,4021794795,1,"IOTHUB_CLIENT_CONFIRMATION_OK"
24830,4021794938,4021794985,1,"IOTHUB_CLIENT_CONFIRMATION_OK"
24831,4021795138,4021795182,1,"IOTHUB_CLIENT_CONFIRMATION_OK"
24832,4021795338,4021795377,1,"IOTHUB_CLIENT_CONFIRMATION_OK"
24833,4021795539,4021795587,1,"IOTHUB_CLIENT_CONFIRMATION_OK"
24834,4021795739,4021795788,1,"IOTHUB_CLIENT_CONFIRMATION_OK"
24835,4021795939,4021795994,1,"IOTHUB_CLIENT_CONFIRMATION_OK"
24836,4021796139,4021796182,1,"IOTHUB_CLIENT_CONFIRMATION_OK"
24837,4021796339,4021796380,1,"IOTHUB_CLIENT_CONFIRMATION_OK"
24838,4021796539,4021796584,1,"IOTHUB_CLIENT_CONFIRMATION_OK"
24839,4021796740,4021796773,1,"IOTHUB_CLIENT_CONFIRMATION_OK"
24840,4021796940,4021796979,1,"IOTHUB_CLIENT_CONFIRMATION_OK"
24841,4021797140,4021797184,1,"IOTHUB_CLIENT_CONFIRMATION_OK"
24842,4021797340,4021797390,1,"IOTHUB_CLIENT_CONFIRMATION_OK"
24843,4021797540,4021797598,1,"IOTHUB_CLIENT_CONFIRMATION_OK"
24844,4021797740,4021797776,1,"IOTHUB_CLIENT_CONFIRMATION_OK"
24845,4021797941,4021797985,1,"IOTHUB_CLIENT_CONFIRMATION_OK"
24846,4021798141,4021798172,1,"IOTHUB_CLIENT_CONFIRMATION_OK"
24847,4021798341,4021798391,1,"IOTHUB_CLIENT_CONFIRMATION_OK"
24848,4021798541,4021798577,1,"IOTHUB_CLIENT_CONFIRMATION_OK"
24849,4021798741,4021798783,1,"IOTHUB_CLIENT_CONFIRMATION_OK"
24850,4021798941,4021799314,1,"IOTHUB_CLIENT_CONFIRMATION_OK"
24851,4021799141,4021799338,1,"IOTHUB_CLIENT_CONFIRMATION_OK"
24852,4021799342,4021799385,1,"IOTHUB_CLIENT_CONFIRMATION_OK"
24853,4021799542,4021799588,1,"IOTHUB_CLIENT_CONFIRMATION_OK"
24854,4021799742,4021799783,1,"IOTHUB_CLIENT_CONFIRMATION_OK"
24855,4021799942,4021799981,1,"IOTHUB_CLIENT_CONFIRMATION_OK"
24856,4021800142,4021800358,1,"IOTHUB_CLIENT_CONFIRMATION_OK"
24857,4021800342,4021800424,1,"IOTHUB_CLIENT_CONFIRMATION_OK"
24858,4021800543,4021800583,1,"IOTHUB_CLIENT_CONFIRMATION_OK"
24859,4021800743,4021800797,1,"IOTHUB_CLIENT_CONFIRMATION_OK"
24860,4021800943,4021800980,1,"IOTHUB_CLIENT_CONFIRMATION_OK"
24861,4021801143,4021801179,1,"IOTHUB_CLIENT_CONFIRMATION_OK"
24862,4021801343,4021801415,1,"IOTHUB_CLIENT_CONFIRMATION_OK"
24863,4021801543,4021801579,1,"IOTHUB_CLIENT_CONFIRMATION_OK"
24864,4021801743,4021801784,1,"IOTHUB_CLIENT_CONFIRMATION_OK"
24865,4021801944,4021801988,1,"IOTHUB_CLIENT_CONFIRMATION_OK"
24866,4021802144,4021802200,1,"IOTHUB_CLIENT_CONFIRMATION_OK"
24867,4021802344,4021802413,1,"IOTHUB_CLIENT_CONFIRMATION_OK"
24868,4021802544,4021802591,1,"IOTHUB_CLIENT_CONFIRMATION_OK"
24869,4021802744,4021802791,1,"IOTHUB_CLIENT_CONFIRMATION_OK"
24870,4021802944,4021802987,1,"IOTHUB_CLIENT_CONFIRMATION_OK"
24871,4021803145,4021803202,1,"IOTHUB_CLIENT_CONFIRMATION_OK"
24872,4021803345,4021803400,1,"IOTHUB_CLIENT_CONFIRMATION_OK"
24873,4021803545,4021803606,1,"IOTHUB_CLIENT_CONFIRMATION_OK"
24874,4021803745,4021803806,1,"IOTHUB_CLIENT_CONFIRMATION_OK"
24875,4021803945,4021804001,1,"IOTHUB_CLIENT_CONFIRMATION_OK"
24876,4021804145,4021804238,1,"IOTHUB_CLIENT_CONFIRMATION_OK"
24877,4021804345,4021804402,1,"IOTHUB_CLIENT_CONFIRMATION_OK"
24878,4021804546,4021804588,1,"IOTHUB_CLIENT_CONFIRMATION_OK"
24879,4021804746,4021804926,1,"IOTHUB_CLIENT_CONFIRMATION_OK"
24880,4021804946,4021804984,1,"IOTHUB_CLIENT_CONFIRMATION_OK"
24881,4021805146,4021805186,1,"IOTHUB_CLIENT_CONFIRMATION_OK"
24882,4021805346,4021805377,1,"IOTHUB_CLIENT_CONFIRMATION_OK"
24883,4021805546,4021805584,1,"IOTHUB_CLIENT_CONFIRMATION_OK"
24884,4021805747,4021805786,1,"IOTHUB_CLIENT_CONFIRMATION_OK"
24885,4021805947,4021806139,1,"IOTHUB_CLIENT_CONFIRMATION_OK"
24886,4021806147,4021806185,1,"IOTHUB_CLIENT_CONFIRMATION_OK"
24887,4021806347,4021806397,1,"IOTHUB_CLIENT_CONFIRMATION_OK"
24888,4021806547,4021806635,1,"IOTHUB_CLIENT_CONFIRMATION_OK"
24889,4021806747,4021806786,1,"IOTHUB_CLIENT_CONFIRMATION_OK"
24890,4021806947,4021807011,1,"IOTHUB_CLIENT_CONFIRMATION_OK"
24891,4021807148,4021807189,1,"IOTHUB_CLIENT_CONFIRMATION_OK"
24892,4021807348,4021807399,1,"IOTHUB_CLIENT_CONFIRMATION_OK"
24893,4021807548,4021807608,1,"IOTHUB_CLIENT_CONFIRMATION_OK"
24894,4021807748,4021807780,1,"IOTHUB_CLIENT_CONFIRMATION_OK"
24895,4021807948,4021807993,1,"IOTHUB_CLIENT_CONFIRMATION_OK"
24896,4021808148,4021808207,1,"IOTHUB_CLIENT_CONFIRMATION_OK"
24897,4021808349,4021808403,1,"IOTHUB_CLIENT_CONFIRMATION_OK"
24898,4021808549,4021808625,1,"IOTHUB_CLIENT_CONFIRMATION_OK"
24899,4021808749,4021808804,1,"IOTHUB_CLIENT_CONFIRMATION_OK"
24900,4021808949,4021808995,1,"IOTHUB_CLIENT_CONFIRMATION_OK"
24901,4021809149,4021809191,1,"IOTHUB_CLIENT_CONFIRMATION_OK"
24902,4021809349,4021809399,1,"IOTHUB_CLIENT_CONFIRMATION_OK"
24903,4021809550,4021809629,1,"IOTHUB_CLIENT_CONFIRMATION_OK"
24904,4021809750,4021809791,1,"IOTHUB_CLIENT_CONFIRMATION_OK"
24905,4021809950,4021810135,1,"IOTHUB_CLIENT_CONFIRMATION_OK"
24906,4021810150,4021810197,1,"IOTHUB_CLIENT_CONFIRMATION_OK"
24907,4021810350,4021810392,1,"IOTHUB_CLIENT_CONFIRMATION_OK"
24908,4021810550,4021810597,1,"IOTHUB_CLIENT_CONFIRMATION_OK"
24909,4021810751,4021810822,1,"IOTHUB_CLIENT_CONFIRMATION_OK"
24910,4021810951,4021811003,1,"IOTHUB_CLIENT_CONFIRMATION_OK"
24911,4021811151,4021811330,1,"IOTHUB_CLIENT_CONFIRMATION_OK"
24912,4021811351,4021811392,1,"IOTHUB_CLIENT_CONFIRMATION_OK"
24913,4021811551,4021811613,1,"IOTHUB_CLIENT_CONFIRMATION_OK"
24914,4021811751,4021811936,1,"IOTHUB_CLIENT_CONFIRMATION_OK"
24915,4021811951,4021811992,1,"IOTHUB_CLIENT_CONFIRMATION_OK"
24916,4021812152,4021812198,1,"IOTHUB_CLIENT_CONFIRMATION_OK"
24917,4021812352,4021812399,1,"IOTHUB_CLIENT_CONFIRMATION_OK"
24918,4021812552,4021812683,1,"IOTHUB_CLIENT_CONFIRMATION_OK"
24919,4021812752,4021812902,1,"IOTHUB_CLIENT_CONFIRMATION_OK"
24920,4021812952,4021812995,1,"IOTHUB_CLIENT_CONFIRMATION_OK"
24921,4021813152,4021813192,1,"IOTHUB_CLIENT_CONFIRMATION_OK"
24922,4021813353,4021813387,1,"IOTHUB_CLIENT_CONFIRMATION_OK"
24923,4021813553,4021813596,1,"IOTHUB_CLIENT_CONFIRMATION_OK"
24924,4021813753,4021813905,1,"IOTHUB_CLIENT_CONFIRMATION_OK"
24925,4021813953,4021813986,1,"IOTHUB_CLIENT_CONFIRMATION_OK"
24926,4021814153,4021814190,1,"IOTHUB_CLIENT_CONFIRMATION_OK"
24927,4021814353,4021814543,1,"IOTHUB_CLIENT_CONFIRMATION_OK"
24928,4021814553,4021814597,1,"IOTHUB_CLIENT_CONFIRMATION_OK"
24929,4021814754,4021814794,1,"IOTHUB_CLIENT_CONFIRMATION_OK"
24930,4021814954,4021815069,1,"IOTHUB_CLIENT_CONFIRMATION_OK"
24931,4021815154,4021815201,1,"IOTHUB_CLIENT_CONFIRMATION_OK"
24932,4021815354,4021815522,1,"IOTHUB_CLIENT_CONFIRMATION_OK"
24933,4021815554,4021815597,1,"IOTHUB_CLIENT_CONFIRMATION_OK"
24934,4021815754,4021815805,1,"IOTHUB_CLIENT_CONFIRMATION_OK"
24935,4021815955,4021816003,1,"IOTHUB_CLIENT_CONFIRMATION_OK"
24936,4021816155,4021816202,1,"IOTHUB_CLIENT_CONFIRMATION_OK"
24937,4021816355,4021816394,1,"IOTHUB_CLIENT_CONFIRMATION_OK"
24938,4021816555,4021816608,1,"IOTHUB_CLIENT_CONFIRMATION_OK"
24939,4021816755,4021816789,1,"IOTHUB_CLIENT_CONFIRMATION_OK"
24940,4021816955,4021817158,1,"IOTHUB_CLIENT_CONFIRMATION_OK"
24941,4021817156,4021817197,1,"IOTHUB_CLIENT_CONFIRMATION_OK"
24942,4021817356,4021817404,1,"IOTHUB_CLIENT_CONFIRMATION_OK"
24943,4021817556,4021817598,1,"IOTHUB_CLIENT_CONFIRMATION_OK"
24944,4021817756,4021817805,1,"IOTHUB_CLIENT_CONFIRMATION_OK"
24945,4021817956,4021818003,1,"IOTHUB_CLIENT_CONFIRMATION_OK"
24946,4021818156,4021818189,1,"IOTHUB_CLIENT_CONFIRMATION_OK"
24947,4021818356,4021818414,1,"IOTHUB_CLIENT_CONFIRMATION_OK"
24948,4021818557,4021818600,1,"IOTHUB_CLIENT_CONFIRMATION_OK"
24949,4021818757,4021818803,1,"IOTHUB_CLIENT_CONFIRMATION_OK"
24950,4021818957,4021819032,1,"IOTHUB_CLIENT_CONFIRMATION_OK"
24951,4021819157,4021819197,1,"IOTHUB_CLIENT_CONFIRMATION_OK"
24952,4021819357,4021819400,1,"IOTHUB_CLIENT_CONFIRMATION_OK"
24953,4021819557,4021819640,1,"IOTHUB_CLIENT_CONFIRMATION_OK"
24954,4021819757,4021819814,1,"IOTHUB_CLIENT_CONFIRMATION_OK"
24955,4021819958,4021820020,1,"IOTHUB_CLIENT_CONFIRMATION_OK"
24956,4021820158,4021820271,1,"IOTHUB_CLIENT_CONFIRMATION_OK"
24957,4021820358,4021820402,1,"IOTHUB_CLIENT_CONFIRMATION_OK"
24958,4021820558,4021820595,1,"IOTHUB_CLIENT_CONFIRMATION_OK"
24959,4021820758,4021820801,1,"IOTHUB_CLIENT_CONFIRMATION_OK"
24960,4021820958,4021820994,1,"IOTHUB_CLIENT_CONFIRMATION_OK"
24961,4021821159,4021821199,1,"IOTHUB_CLIENT_CONFIRMATION_OK"
24962,4021821359,4021821406,1,"IOTHUB_CLIENT_CONFIRMATION_OK"
24963,4021821559,4021821647,1,"IOTHUB_CLIENT_CONFIRMATION_OK"
24964,4021821759,4021821802,1,"IOTHUB_CLIENT_CONFIRMATION_OK"
24965,4021821959,4021822048,1,"IOTHUB_CLIENT_CONFIRMATION_OK"
24966,4021822159,4021822300,1,"IOTHUB_CLIENT_CONFIRMATION_OK"
24967,4021822359,4021822419,1,"IOTHUB_CLIENT_CONFIRMATION_OK"
24968,4021822560,4021822722,1,"IOTHUB_CLIENT_CONFIRMATION_OK"
24969,4021822760,4021822897,1,"IOTHUB_CLIENT_CONFIRMATION_OK"
24970,4021822960,4021823004,1,"IOTHUB_CLIENT_CONFIRMATION_OK"
24971,4021823160,4021823201,1,"IOTHUB_CLIENT_CONFIRMATION_OK"
24972,4021823360,4021823405,1,"IOTHUB_CLIENT_CONFIRMATION_OK"
24973,4021823560,4021823727,1,"IOTHUB_CLIENT_CONFIRMATION_OK"
24974,4021823761,4021823805,1,"IOTHUB_CLIENT_CONFIRMATION_OK"
24975,4021823961,4021824004,1,"IOTHUB_CLIENT_CONFIRMATION_OK"
24976,4021824161,4021824205,1,"IOTHUB_CLIENT_CONFIRMATION_OK"
24977,4021824361,4021824395,1,"IOTHUB_CLIENT_CONFIRMATION_OK"
24978,4021824561,4021824622,1,"IOTHUB_CLIENT_CONFIRMATION_OK"
24979,4021824761,4021824807,1,"IOTHUB_CLIENT_CONFIRMATION_OK"
24980,4021824961,4021825013,1,"IOTHUB_CLIENT_CONFIRMATION_OK"
24981,4021825162,4021825223,1,"IOTHUB_CLIENT_CONFIRMATION_OK"
24982,4021825362,4021825555,1,"IOTHUB_CLIENT_CONFIRMATION_OK"
24983,4021825562,4021825613,1,"IOTHUB_CLIENT_CONFIRMATION_OK"
24984,4021825762,4021825828,1,"IOTHUB_CLIENT_CONFIRMATION_OK"
24985,4021825962,4021826153,1,"IOTHUB_CLIENT_CONFIRMATION_OK"
24986,4021826162,4021826203,1,"IOTHUB_CLIENT_CONFIRMATION_OK"
24987,4021826363,4021826412,1,"IOTHUB_CLIENT_CONFIRMATION_OK"
24988,4021826563,4021826600,1,"IOTHUB_CLIENT_CONFIRMATION_OK"
24989,4021826763,4021826805,1,"IOTHUB_CLIENT_CONFIRMATION_OK"
24990,4021826963,4021827003,1,"IOTHUB_CLIENT_CONFIRMATION_OK"
24991,4021827163,4021827214,1,"IOTHUB_CLIENT_CONFIRMATION_OK"
24992,4021827363,4021827408,1,"IOTHUB_CLIENT_CONFIRMATION_OK"
24993,4021827564,4021827658,1,"IOTHUB_CLIENT_CONFIRMATION_OK"
24994,4021827764,4021827836,1,"IOTHUB_CLIENT_CONFIRMATION_OK"
24995,4021827964,4021828102,1,"IOTHUB_CLIENT_CONFIRMATION_OK"
24996,4021828164,4021828207,1,"IOTHUB_CLIENT_CONFIRMATION_OK"
24997,4021828364,4021828411,1,"IOTHUB_CLIENT_CONFIRMATION_OK"
24998,4021828564,4021828704,1,"IOTHUB_CLIENT_CONFIRMATION_OK"
24999,4021828764,4021828815,1,"IOTHUB_CLIENT_CONFIRMATION_OK"
25000,4021828965,4021829003,1,"IOTHUB_CLIENT_CONFIRMATION_OK"
25001,4021829165,4021829225,1,"IOTHUB_CLIENT_CONFIRMATION_OK"
25002,4021829365,4021829406,1,"IOTHUB_CLIENT_CONFIRMATION_OK"
25003,4021829565,4021829602,1,"IOTHUB_CLIENT_CONFIRMATION_OK"
25004,4021829765,4021829804,1,"IOTHUB_CLIENT_CONFIRMATION_OK"
25005,4021829965,4021830035,1,"IOTHUB_CLIENT_CONFIRMATION_OK"
25006,4021830166,4021830207,1,"IOTHUB_CLIENT_CONFIRMATION_OK"
25007,4021830366,4021830410,1,"IOTHUB_CLIENT_CONFIRMATION_OK"
25008,4021830566,4021830603,1,"IOTHUB_CLIENT_CONFIRMATION_OK"
25009,4021830766,4021830805,1,"IOTHUB_CLIENT_CONFIRMATION_OK"
25010,4021830966,4021831006,1,"IOTHUB_CLIENT_CONFIRMATION_OK"
25011,4021831166,4021831203,1,"IOTHUB_CLIENT_CONFIRMATION_OK"
25012,4021831366,4021831406,1,"IOTHUB_CLIENT_CONFIRMATION_OK"
25013,4021831567,4021831609,1,"IOTHUB_CLIENT_CONFIRMATION_OK"
25014,4021831767,4021831799,1,"IOTHUB_CLIENT_CONFIRMATION_OK"
25015,4021831967,4021832024,1,"IOTHUB_CLIENT_CONFIRMATION_OK"
25016,4021832167,4021832216,1,"IOTHUB_CLIENT_CONFIRMATION_OK"
25017,4021832367,4021832406,1,"IOTHUB_CLIENT_CONFIRMATION_OK"
25018,4021832567,4021832610,1,"IOTHUB_CLIENT_CONFIRMATION_OK"
25019,4021832768,4021832893,1,"IOTHUB_CLIENT_CONFIRMATION_OK"
25020,4021832968,4021833039,1,"IOTHUB_CLIENT_CONFIRMATION_OK"
25021,4021833168,4021833202,1,"IOTHUB_CLIENT_CONFIRMATION_OK"
25022,4021833368,4021833428,1,"IOTHUB_CLIENT_CONFIRMATION_OK"
25023,4021833568,4021833600,1,"IOTHUB_CLIENT_CONFIRMATION_OK"
25024,4021833768,4021833800,1,"IOTHUB_CLIENT_CONFIRMATION_OK"
25025,4021833968,4021834037,1,"IOTHUB_CLIENT_CONFIRMATION_OK"
25026,4021834169,4021834204,1,"IOTHUB_CLIENT_CONFIRMATION_OK"
25027,4021834369,4021834416,1,"IOTHUB_CLIENT_CONFIRMATION_OK"
25028,4021834569,4021834603,1,"IOTHUB_CLIENT_CONFIRMATION_OK"
25029,4021834769,4021834834,1,"IOTHUB_CLIENT_CONFIRMATION_OK"
25030,4021834969,4021835008,1,"IOTHUB_CLIENT_CONFIRMATION_OK"
25031,4021835169,4021835213,1,"IOTHUB_CLIENT_CONFIRMATION_OK"
25032,4021835370,4021835414,1,"IOTHUB_CLIENT_CONFIRMATION_OK"
25033,4021835570,4021835614,1,"IOTHUB_CLIENT_CONFIRMATION_OK"
25034,4021835770,4021835816,1,"IOTHUB_CLIENT_CONFIRMATION_OK"
25035,4021835970,4021836009,1,"IOTHUB_CLIENT_CONFIRMATION_OK"
25036,4021836170,4021836204,1,"IOTHUB_CLIENT_CONFIRMATION_OK"
25037,4021836370,4021836434,1,"IOTHUB_CLIENT_CONFIRMATION_OK"
25038,4021836570,4021836608,1,"IOTHUB_CLIENT_CONFIRMATION_OK"
25039,4021836771,4021836814,1,"IOTHUB_CLIENT_CONFIRMATION_OK"
25040,4021836971,4021837007,1,"IOTHUB_CLIENT_CONFIRMATION_OK"
25041,4021837171,4021837216,1,"IOTHUB_CLIENT_CONFIRMATION_OK"
25042,4021837371,4021837422,1,"IOTHUB_CLIENT_CONFIRMATION_OK"
25043,4021837571,4021837619,1,"IOTHUB_CLIENT_CONFIRMATION_OK"
25044,4021837771,4021837828,1,"IOTHUB_CLIENT_CONFIRMATION_OK"
25045,4021837972,4021838028,1,"IOTHUB_CLIENT_CONFIRMATION_OK"
25046,4021838172,4021838214,1,"IOTHUB_CLIENT_CONFIRMATION_OK"
25047,4021838372,4021838526,1,"IOTHUB_CLIENT_CONFIRMATION_OK"
25048,4021838572,4021838671,1,"IOTHUB_CLIENT_CONFIRMATION_OK"
25049,4021838772,4021838813,1,"IOTHUB_CLIENT_CONFIRMATION_OK"
25050,4021838972,4021839072,1,"IOTHUB_CLIENT_CONFIRMATION_OK"
25051,4021839172,4021839208,1,"IOTHUB_CLIENT_CONFIRMATION_OK"
25052,4021839373,4021839411,1,"IOTHUB_CLIENT_CONFIRMATION_OK"
25053,4021839573,4021839672,1,"IOTHUB_CLIENT_CONFIRMATION_OK"
25054,4021839773,4021839816,1,"IOTHUB_CLIENT_CONFIRMATION_OK"
25055,4021839973,4021840030,1,"IOTHUB_CLIENT_CONFIRMATION_OK"
25056,4021840173,4021840233,1,"IOTHUB_CLIENT_CONFIRMATION_OK"
25057,4021840373,4021840415,1,"IOTHUB_CLIENT_CONFIRMATION_OK"
25058,4021840574,4021840617,1,"IOTHUB_CLIENT_CONFIRMATION_OK"
25059,4021840774,4021840811,1,"IOTHUB_CLIENT_CONFIRMATION_OK"
25060,4021840974,4021841005,1,"IOTHUB_CLIENT_CONFIRMATION_OK"
25061,4021841174,4021841209,1,"IOTHUB_CLIENT_CONFIRMATION_OK"
25062,4021841374,4021841410,1,"IOTHUB_CLIENT_CONFIRMATION_OK"
25063,4021841574,4021841676,1,"IOTHUB_CLIENT_CONFIRMATION_OK"
25064,4021841775,4021841812,1,"IOTHUB_CLIENT_CONFIRMATION_OK"
25065,4021841975,4021842014,1,"IOTHUB_CLIENT_CONFIRMATION_OK"
25066,4021842175,4021842279,1,"IOTHUB_CLIENT_CONFIRMATION_OK"
25067,4021842375,4021842426,1,"IOTHUB_CLIENT_CONFIRMATION_OK"
25068,4021842575,4021842613,1,"IOTHUB_CLIENT_CONFIRMATION_OK"
25069,4021842775,4021842886,1,"IOTHUB_CLIENT_CONFIRMATION_OK"
25070,4021842975,4021843014,1,"IOTHUB_CLIENT_CONFIRMATION_OK"
25071,4021843176,4021843210,1,"IOTHUB_CLIENT_CONFIRMATION_OK"
25072,4021843376,4021843433,1,"IOTHUB_CLIENT_CONFIRMATION_OK"
25073,4021843576,4021843642,1,"IOTHUB_CLIENT_CONFIRMATION_OK"
25074,4021843776,4021843891,1,"IOTHUB_CLIENT_CONFIRMATION_OK"
25075,4021843976,4021844023,1,"IOTHUB_CLIENT_CONFIRMATION_OK"
25076,4021844176,4021844212,1,"IOTHUB_CLIENT_CONFIRMATION_OK"
25077,4021844377,4021844422,1,"IOTHUB_CLIENT_CONFIRMATION_OK"
25078,4021844577,4021844621,1,"IOTHUB_CLIENT_CONFIRMATION_OK"
25079,4021844777,4021844818,1,"IOTHUB_CLIENT_CONFIRMATION_OK"
25080,4021844977,4021845022,1,"IOTHUB_CLIENT_CONFIRMATION_OK"
25081,4021845177,4021845254,1,"IOTHUB_CLIENT_CONFIRMATION_OK"
25082,4021845377,4021845572,1,"IOTHUB_CLIENT_CONFIRMATION_OK"
25083,4021845577,4021845612,1,"IOTHUB_CLIENT_CONFIRMATION_OK"
25084,4021845778,4021845820,1,"IOTHUB_CLIENT_CONFIRMATION_OK"
25085,4021845978,4021846172,1,"IOTHUB_CLIENT_CONFIRMATION_OK"
25086,4021846178,4021846219,1,"IOTHUB_CLIENT_CONFIRMATION_OK"
25087,4021846378,4021846428,1,"IOTHUB_CLIENT_CONFIRMATION_OK"
25088,4021846578,4021846622,1,"IOTHUB_CLIENT_CONFIRMATION_OK"
25089,4021846778,4021846817,1,"IOTHUB_CLIENT_CONFIRMATION_OK"
25090,4021846978,4021847022,1,"IOTHUB_CLIENT_CONFIRMATION_OK"
25091,4021847179,4021847222,1,"IOTHUB_CLIENT_CONFIRMATION_OK"
25092,4021847379,4021847416,1,"IOTHUB_CLIENT_CONFIRMATION_OK"
25093,4021847579,4021847617,1,"IOTHUB_CLIENT_CONFIRMATION_OK"
25094,4021847779,4021847817,1,"IOTHUB_CLIENT_CONFIRMATION_OK"
25095,4021847979,4021848028,1,"IOTHUB_CLIENT_CONFIRMATION_OK"
25096,4021848179,4021848216,1,"IOTHUB_CLIENT_CONFIRMATION_OK"
25097,4021848380,4021848423,1,"IOTHUB_CLIENT_CONFIRMATION_OK"
25098,4021848580,4021848618,1,"IOTHUB_CLIENT_CONFIRMATION_OK"
25099,4021848780,4021848818,1,"IOTHUB_CLIENT_CONFIRMATION_OK"
25100,4021848980,4021849077,1,"IOTHUB_CLIENT_CONFIRMATION_OK"
25101,4021849180,4021849221,1,"IOTHUB_CLIENT_CONFIRMATION_OK"
25102,4021849380,4021849425,1,"IOTHUB_CLIENT_CONFIRMATION_OK"
25103,4021849581,4021849643,1,"IOTHUB_CLIENT_CONFIRMATION_OK"
25104,4021849781,4021849824,1,"IOTHUB_CLIENT_CONFIRMATION_OK"
25105,4021849981,4021850025,1,"IOTHUB_CLIENT_CONFIRMATION_OK"
25106,4021850181,4021850240,1,"IOTHUB_CLIENT_CONFIRMATION_OK"
25107,4021850381,4021850418,1,"IOTHUB_CLIENT_CONFIRMATION_OK"
25108,4021850581,4021850713,1,"IOTHUB_CLIENT_CONFIRMATION_OK"
25109,4021850781,4021850820,1,"IOTHUB_CLIENT_CONFIRMATION_OK"
25110,4021850982,4021851023,1,"IOTHUB_CLIENT_CONFIRMATION_OK"
25111,4021851182,4021851339,1,"IOTHUB_CLIENT_CONFIRMATION_OK"
25112,4021851382,4021851426,1,"IOTHUB_CLIENT_CONFIRMATION_OK"
25113,4021851582,4021851621,1,"IOTHUB_CLIENT_CONFIRMATION_OK"
25114,4021851782,4021851919,1,"IOTHUB_CLIENT_CONFIRMATION_OK"
25115,4021851982,4021852024,1,"IOTHUB_CLIENT_CONFIRMATION_OK"
25116,4021852183,4021852226,1,"IOTHUB_CLIENT_CONFIRMATION_OK"
25117,4021852383,4021852466,1,"IOTHUB_CLIENT_CONFIRMATION_OK"
25118,4021852583,4021852678,1,"IOTHUB_CLIENT_CONFIRMATION_OK"
25119,4021852783,4021852837,1,"IOTHUB_CLIENT_CONFIRMATION_OK"
25120,4021852983,4021853047,1,"IOTHUB_CLIENT_CONFIRMATION_OK"
25121,4021853183,4021853227,1,"IOTHUB_CLIENT_CONFIRMATION_OK"
25122,4021853384,4021853433,1,"IOTHUB_CLIENT_CONFIRMATION_OK"
25123,4021853584,4021853620,1,"IOTHUB_CLIENT_CONFIRMATION_OK"
25124,4021853784,4021853826,1,"IOTHUB_CLIENT_CONFIRMATION_OK"
25125,4021853984,4021854043,1,"IOTHUB_CLIENT_CONFIRMATION_OK"
25126,4021854184,4021854231,1,"IOTHUB_CLIENT_CONFIRMATION_OK"
25127,4021854384,4021854419,1,"IOTHUB_CLIENT_CONFIRMATION_OK"
25128,4021854584,4021854638,1,"IOTHUB_CLIENT_CONFIRMATION_OK"
25129,4021854785,4021854963,1,"IOTHUB_CLIENT_CONFIRMATION_OK"
25130,4021854985,4021855081,1,"IOTHUB_CLIENT_CONFIRMATION_OK"
25131,4021855185,4021855231,1,"IOTHUB_CLIENT_CONFIRMATION_OK"
25132,4021855385,4021855455,1,"IOTHUB_CLIENT_CONFIRMATION_OK"
25133,4021855585,4021855646,1,"IOTHUB_CLIENT_CONFIRMATION_OK"
25134,4021855785,4021855825,1,"IOTHUB_CLIENT_CONFIRMATION_OK"
25135,4021855985,4021856025,1,"IOTHUB_CLIENT_CONFIRMATION_OK"
25136,4021856186,4021856233,1,"IOTHUB_CLIENT_CONFIRMATION_OK"
25137,4021856386,4021856420,1,"IOTHUB_CLIENT_CONFIRMATION_OK"
25138,4021856586,4021856664,1,"IOTHUB_CLIENT_CONFIRMATION_OK"
25139,4021856786,4021856840,1,"IOTHUB_CLIENT_CONFIRMATION_OK"
25140,4021856986,4021857042,1,"IOTHUB_CLIENT_CONFIRMATION_OK"
25141,4021857186,4021857225,1,"IOTHUB_CLIENT_CONFIRMATION_OK"
25142,4021857387,4021857427,1,"IOTHUB_CLIENT_CONFIRMATION_OK"
25143,4021857587,4021857636,1,"IOTHUB_CLIENT_CONFIRMATION_OK"
25144,4021857787,4021857831,1,"IOTHUB_CLIENT_CONFIRMATION_OK"
25145,4021857987,4021858033,1,"IOTHUB_CLIENT_CONFIRMATION_OK"
25146,4021858187,4021858226,1,"IOTHUB_CLIENT_CONFIRMATION_OK"
25147,4021858387,4021858440,1,"IOTHUB_CLIENT_CONFIRMATION_OK"
25148,4021858587,4021858620,1,"IOTHUB_CLIENT_CONFIRMATION_OK"
25149,4021858788,4021858833,1,"IOTHUB_CLIENT_CONFIRMATION_OK"
25150,4021858988,4021859076,1,"IOTHUB_CLIENT_CONFIRMATION_OK"
25151,4021859188,4021859246,1,"IOTHUB_CLIENT_CONFIRMATION_OK"
25152,4021859388,4021859419,1,"IOTHUB_CLIENT_CONFIRMATION_OK"
25153,4021859588,4021859659,1,"IOTHUB_CLIENT_CONFIRMATION_OK"
25154,4021859788,4021859841,1,"IOTHUB_CLIENT_CONFIRMATION_OK"
25155,4021859989,4021860042,1,"IOTHUB_CLIENT_CONFIRMATION_OK"
25156,4021860189,4021860258,1,"IOTHUB_CLIENT_CONFIRMATION_OK"
25157,4021860389,4021860426,1,"IOTHUB_CLIENT_CONFIRMATION_OK"
25158,4021860589,4021860626,1,"IOTHUB_CLIENT_CONFIRMATION_OK"
25159,4021860789,4021860823,1,"IOTHUB_CLIENT_CONFIRMATION_OK"
25160,4021860989,4021861033,1,"IOTHUB_CLIENT_CONFIRMATION_OK"
25161,4021861190,4021861233,1,"IOTHUB_CLIENT_CONFIRMATION_OK"
25162,4021861390,4021861423,1,"IOTHUB_CLIENT_CONFIRMATION_OK"
25163,4021861590,4021861642,1,"IOTHUB_CLIENT_CONFIRMATION_OK"
25164,4021861790,4021861834,1,"IOTHUB_CLIENT_CONFIRMATION_OK"
25165,4021861990,4021862021,1,"IOTHUB_CLIENT_CONFIRMATION_OK"
25166,4021862190,4021862498,1,"IOTHUB_CLIENT_CONFIRMATION_OK"
25167,4021862390,4021862598,1,"IOTHUB_CLIENT_CONFIRMATION_OK"
25168,4021862591,4021862628,1,"IOTHUB_CLIENT_CONFIRMATION_OK"
25169,4021862791,4021862993,1,"IOTHUB_CLIENT_CONFIRMATION_OK"
25170,4021862991,4021863035,1,"IOTHUB_CLIENT_CONFIRMATION_OK"
25171,4021863191,4021863225,1,"IOTHUB_CLIENT_CONFIRMATION_OK"
25172,4021863391,4021863432,1,"IOTHUB_CLIENT_CONFIRMATION_OK"
25173,4021863591,4021863624,1,"IOTHUB_CLIENT_CONFIRMATION_OK"
25174,4021863792,4021863835,1,"IOTHUB_CLIENT_CONFIRMATION_OK"
25175,4021863992,4021864030,1,"IOTHUB_CLIENT_CONFIRMATION_OK"
25176,4021864192,4021864250,1,"IOTHUB_CLIENT_CONFIRMATION_OK"
25177,4021864392,4021864425,1,"IOTHUB_CLIENT_CONFIRMATION_OK"
25178,4021864592,4021864634,1,"IOTHUB_CLIENT_CONFIRMATION_OK"
25179,4021864792,4021864846,1,"IOTHUB_CLIENT_CONFIRMATION_OK"
25180,4021864992,4021865032,1,"IOTHUB_CLIENT_CONFIRMATION_OK"
25181,4021865193,4021865229,1,"IOTHUB_CLIENT_CONFIRMATION_OK"
25182,4021865393,4021865443,1,"IOTHUB_CLIENT_CONFIRMATION_OK"
25183,4021865593,4021865638,1,"IOTHUB_CLIENT_CONFIRMATION_OK"
25184,4021865793,4021865826,1,"IOTHUB_CLIENT_CONFIRMATION_OK"
25185,4021865993,4021866151,1,"IOTHUB_CLIENT_CONFIRMATION_OK"
25186,4021866193,4021866257,1,"IOTHUB_CLIENT_CONFIRMATION_OK"
25187,4021866393,4021866483,1,"IOTHUB_CLIENT_CONFIRMATION_OK"
25188,4021866594,4021866639,1,"IOTHUB_CLIENT_CONFIRMATION_OK"
25189,4021866794,4021866905,1,"IOTHUB_CLIENT_CONFIRMATION_OK"
25190,4021866994,4021867026,1,"IOTHUB_CLIENT_CONFIRMATION_OK"
25191,4021867194,4021867231,1,"IOTHUB_CLIENT_CONFIRMATION_OK"
25192,4021867394,4021867426,1,"IOTHUB_CLIENT_CONFIRMATION_OK"
25193,4021867594,4021867652,1,"IOTHUB_CLIENT_CONFIRMATION_OK"
25194,4021867795,4021867826,1,"IOTHUB_CLIENT_CONFIRMATION_OK"
25195,4021867995,4021868040,1,"IOTHUB_CLIENT_CONFIRMATION_OK"
25196,4021868195,4021868232,1,"IOTHUB_CLIENT_CONFIRMATION_OK"
25197,4021868395,4021868435,1,"IOTHUB_CLIENT_CONFIRMATION_OK"
25198,4021868595,4021868658,1,"IOTHUB_CLIENT_CONFIRMATION_OK"
25199,4021868795,4021868855,1,"IOTHUB_CLIENT_CONFIRMATION_OK"
25200,4021868996,4021869039,1,"IOTHUB_CLIENT_CONFIRMATION_OK"
25201,4021869196,4021869239,1,"IOTHUB_CLIENT_CONFIRMATION_OK"
25202,4021869396,4021869448,1,"IOTHUB_CLIENT_CONFIRMATION_OK"
25203,4021869596,4021869630,1,"IOTHUB_CLIENT_CONFIRMATION_OK"
25204,4021869796,4021869839,1,"IOTHUB_CLIENT_CONFIRMATION_OK"
25205,4021869996,4021870083,1,"IOTHUB_CLIENT_CONFIRMATION_OK"
25206,4021870197,4021870239,1,"IOTHUB_CLIENT_CONFIRMATION_OK"
25207,4021870397,4021870435,1,"IOTHUB_CLIENT_CONFIRMATION_OK"
25208,4021870597,4021870696,1,"IOTHUB_CLIENT_CONFIRMATION_OK"
25209,4021870797,4021870833,1,"IOTHUB_CLIENT_CONFIRMATION_OK"
25210,4021870997,4021871061,1,"IOTHUB_CLIENT_CONFIRMATION_OK"
25211,4021871197,4021871307,1,"IOTHUB_CLIENT_CONFIRMATION_OK"
25212,4021871398,4021871457,1,"IOTHUB_CLIENT_CONFIRMATION_OK"
25213,4021871598,4021871644,1,"IOTHUB_CLIENT_CONFIRMATION_OK"
25214,4021871798,4021871852,1,"IOTHUB_CLIENT_CONFIRMATION_OK"
25215,4021871998,4021872042,1,"IOTHUB_CLIENT_CONFIRMATION_OK"
25216,4021872198,4021872236,1,"IOTHUB_CLIENT_CONFIRMATION_OK"
25217,4021872398,4021872471,1,"IOTHUB_CLIENT_CONFIRMATION_OK"
25218,4021872599,4021872637,1,"IOTHUB_CLIENT_CONFIRMATION_OK"
25219,4021872799,4021872847,1,"IOTHUB_CLIENT_CONFIRMATION_OK"
25220,4021872999,4021873054,1,"IOTHUB_CLIENT_CONFIRMATION_OK"
25221,4021873199,4021873347,1,"IOTHUB_CLIENT_CONFIRMATION_OK"
25222,4021873399,4021873437,1,"IOTHUB_CLIENT_CONFIRMATION_OK"
25223,4021873599,4021873637,1,"IOTHUB_CLIENT_CONFIRMATION_OK"
25224,4021873799,4021873945,1,"IOTHUB_CLIENT_CONFIRMATION_OK"
25225,4021874000,4021874037,1,"IOTHUB_CLIENT_CONFIRMATION_OK"
25226,4021874200,4021874242,1,"IOTHUB_CLIENT_CONFIRMATION_OK"
25227,4021874400,4021874570,1,"IOTHUB_CLIENT_CONFIRMATION_OK"
25228,4021874600,4021874637,1,"IOTHUB_CLIENT_CONFIRMATION_OK"
25229,4021874800,4021874850,1,"IOTHUB_CLIENT_CONFIRMATION_OK"
25230,4021875000,4021875038,1,"IOTHUB_CLIENT_CONFIRMATION_OK"
25231,4021875201,4021875256,1,"IOTHUB_CLIENT_CONFIRMATION_OK"
25232,4021875401,4021875437,1,"IOTHUB_CLIENT_CONFIRMATION_OK"
25233,4021875601,4021875660,1,"IOTHUB_CLIENT_CONFIRMATION_OK"
25234,4021875801,4021875846,1,"IOTHUB_CLIENT_CONFIRMATION_OK"
25235,4021876001,4021876042,1,"IOTHUB_CLIENT_CONFIRMATION_OK"
25236,4021876201,4021876250,1,"IOTHUB_CLIENT_CONFIRMATION_OK"
25237,4021876401,4021876437,1,"IOTHUB_CLIENT_CONFIRMATION_OK"
25238,4021876602,4021876633,1,"IOTHUB_CLIENT_CONFIRMATION_OK"
25239,4021876802,4021876833,1,"IOTHUB_CLIENT_CONFIRMATION_OK"
25240,4021877002,4021877059,1,"IOTHUB_CLIENT_CONFIRMATION_OK"
25241,4021877202,4021877254,1,"IOTHUB_CLIENT_CONFIRMATION_OK"
25242,4021877402,4021877451,1,"IOTHUB_CLIENT_CONFIRMATION_OK"
25243,4021877602,4021877647,1,"IOTHUB_CLIENT_CONFIRMATION_OK"
25244,4021877803,4021877845,1,"IOTHUB_CLIENT_CONFIRMATION_OK"
25245,4021878003,4021878052,1,"IOTHUB_CLIENT_CONFIRMATION_OK"
25246,4021878203,4021878262,1,"IOTHUB_CLIENT_CONFIRMATION_OK"
25247,4021878403,4021878460,1,"IOTHUB_CLIENT_CONFIRMATION_OK"
25248,4021878603,4021878644,1,"IOTHUB_CLIENT_CONFIRMATION_OK"
25249,4021878803,4021878852,1,"IOTHUB_CLIENT_CONFIRMATION_OK"
25250,4021879004,4021879054,1,"IOTHUB_CLIENT_CONFIRMATION_OK"
25251,4021879204,4021879323,1,"IOTHUB_CLIENT_CONFIRMATION_OK"
25252,4021879404,4021879451,1,"IOTHUB_CLIENT_CONFIRMATION_OK"
25253,4021879604,4021879649,1,"IOTHUB_CLIENT_CONFIRMATION_OK"
25254,4021879804,4021879835,1,"IOTHUB_CLIENT_CONFIRMATION_OK"
25255,4021880004,4021880041,1,"IOTHUB_CLIENT_CONFIRMATION_OK"
25256,4021880204,4021880246,1,"IOTHUB_CLIENT_CONFIRMATION_OK"
25257,4021880405,4021880464,1,"IOTHUB_CLIENT_CONFIRMATION_OK"
25258,4021880605,4021880635,1,"IOTHUB_CLIENT_CONFIRMATION_OK"
25259,4021880805,4021880856,1,"IOTHUB_CLIENT_CONFIRMATION_OK"
25260,4021881005,4021881040,1,"IOTHUB_CLIENT_CONFIRMATION_OK"
25261,4021881205,4021881243,1,"IOTHUB_CLIENT_CONFIRMATION_OK"
25262,4021881405,4021881438,1,"IOTHUB_CLIENT_CONFIRMATION_OK"
25263,4021881606,4021881654,1,"IOTHUB_CLIENT_CONFIRMATION_OK"
25264,4021881806,4021881858,1,"IOTHUB_CLIENT_CONFIRMATION_OK"
25265,4021882006,4021882053,1,"IOTHUB_CLIENT_CONFIRMATION_OK"
25266,4021882206,4021882250,1,"IOTHUB_CLIENT_CONFIRMATION_OK"
25267,4021882406,4021882489,1,"IOTHUB_CLIENT_CONFIRMATION_OK"
25268,4021882606,4021882696,1,"IOTHUB_CLIENT_CONFIRMATION_OK"
25269,4021882806,4021882896,1,"IOTHUB_CLIENT_CONFIRMATION_OK"
25270,4021883007,4021883048,1,"IOTHUB_CLIENT_CONFIRMATION_OK"
25271,4021883207,4021883257,1,"IOTHUB_CLIENT_CONFIRMATION_OK"
25272,4021883407,4021883445,1,"IOTHUB_CLIENT_CONFIRMATION_OK"
25273,4021883607,4021883650,1,"IOTHUB_CLIENT_CONFIRMATION_OK"
25274,4021883807,4021883853,1,"IOTHUB_CLIENT_CONFIRMATION_OK"
25275,4021884007,4021884051,1,"IOTHUB_CLIENT_CONFIRMATION_OK"
25276,4021884207,4021884255,1,"IOTHUB_CLIENT_CONFIRMATION_OK"
25277,4021884408,4021884455,1,"IOTHUB_CLIENT_CONFIRMATION_OK"
25278,4021884608,4021884654,1,"IOTHUB_CLIENT_CONFIRMATION_OK"
25279,4021884808,4021884948,1,"IOTHUB_CLIENT_CONFIRMATION_OK"
25280,4021885008,4021885053,1,"IOTHUB_CLIENT_CONFIRMATION_OK"
25281,4021885208,4021885239,1,"IOTHUB_CLIENT_CONFIRMATION_OK"
25282,4021885408,4021885568,1,"IOTHUB_CLIENT_CONFIRMATION_OK"
25283,4021885609,4021885683,1,"IOTHUB_CLIENT_CONFIRMATION_OK"
25284,4021885809,4021885856,1,"IOTHUB_CLIENT_CONFIRMATION_OK"
25285,4021886009,4021886165,1,"IOTHUB_CLIENT_CONFIRMATION_OK"
25286,4021886209,4021886268,1,"IOTHUB_CLIENT_CONFIRMATION_OK"
25287,4021886409,4021886475,1,"IOTHUB_CLIENT_CONFIRMATION_OK"
25288,4021886609,4021886649,1,"IOTHUB_CLIENT_CONFIRMATION_OK"
25289,4021886810,4021886850,1,"IOTHUB_CLIENT_CONFIRMATION_OK"
25290,4021887010,4021887051,1,"IOTHUB_CLIENT_CONFIRMATION_OK"
25291,4021887210,4021887254,1,"IOTHUB_CLIENT_CONFIRMATION_OK"
25292,4021887410,4021887567,1,"IOTHUB_CLIENT_CONFIRMATION_OK"
25293,4021887610,4021887644,1,"IOTHUB_CLIENT_CONFIRMATION_OK"
25294,4021887810,4021887864,1,"IOTHUB_CLIENT_CONFIRMATION_OK"
25295,4021888010,4021888043,1,"IOTHUB_CLIENT_CONFIRMATION_OK"
25296,4021888211,4021888250,1,"IOTHUB_CLIENT_CONFIRMATION_OK"
25297,4021888411,4021888456,1,"IOTHUB_CLIENT_CONFIRMATION_OK"
25298,4021888611,4021888689,1,"IOTHUB_CLIENT_CONFIRMATION_OK"
25299,4021888811,4021888853,1,"IOTHUB_CLIENT_CONFIRMATION_OK"
25300,4021889011,4021889052,1,"IOTHUB_CLIENT_CONFIRMATION_OK"
25301,4021889211,4021889242,1,"IOTHUB_CLIENT_CONFIRMATION_OK"
25302,4021889412,4021889494,1,"IOTHUB_CLIENT_CONFIRMATION_OK"
25303,4021889612,4021889646,1,"IOTHUB_CLIENT_CONFIRMATION_OK"
25304,4021889812,4021889857,1,"IOTHUB_CLIENT_CONFIRMATION_OK"
25305,4021890012,4021890071,1,"IOTHUB_CLIENT_CONFIRMATION_OK"
25306,4021890212,4021890252,1,"IOTHUB_CLIENT_CONFIRMATION_OK"
25307,4021890412,4021890457,1,"IOTHUB_CLIENT_CONFIRMATION_OK"
25308,4021890612,4021890701,1,"IOTHUB_CLIENT_CONFIRMATION_OK"
25309,4021890813,4021890847,1,"IOTHUB_CLIENT_CONFIRMATION_OK"
25310,4021891013,4021891052,1,"IOTHUB_CLIENT_CONFIRMATION_OK"
25311,4021891213,4021891314,1,"IOTHUB_CLIENT_CONFIRMATION_OK"
25312,4021891413,4021891471,1,"IOTHUB_CLIENT_CONFIRMATION_OK"
25313,4021891613,4021891664,1,"IOTHUB_CLIENT_CONFIRMATION_OK"
25314,4021891813,4021891899,1,"IOTHUB_CLIENT_CONFIRMATION_OK"
25315,4021892014,4021892051,1,"IOTHUB_CLIENT_CONFIRMATION_OK"
25316,4021892214,4021892253,1,"IOTHUB_CLIENT_CONFIRMATION_OK"
25317,4021892414,4021892494,1,"IOTHUB_CLIENT_CONFIRMATION_OK"
25318,4021892614,4021892646,1,"IOTHUB_CLIENT_CONFIRMATION_OK"
25319,4021892814,4021892855,1,"IOTHUB_CLIENT_CONFIRMATION_OK"
25320,4021893014,4021893068,1,"IOTHUB_CLIENT_CONFIRMATION_OK"
25321,4021893214,4021893332,1,"IOTHUB_CLIENT_CONFIRMATION_OK"
25322,4021893415,4021893541,1,"IOTHUB_CLIENT_CONFIRMATION_OK"
25323,4021893615,4021893678,1,"IOTHUB_CLIENT_CONFIRMATION_OK"
25324,4021893815,4021893963,1,"IOTHUB_CLIENT_CONFIRMATION_OK"
25325,4021894015,4021894051,1,"IOTHUB_CLIENT_CONFIRMATION_OK"
25326,4021894215,4021894256,1,"IOTHUB_CLIENT_CONFIRMATION_OK"
25327,4021894415,4021894570,1,"IOTHUB_CLIENT_CONFIRMATION_OK"
25328,4021894615,4021894659,1,"IOTHUB_CLIENT_CONFIRMATION_OK"
25329,4021894816,4021894863,1,"IOTHUB_CLIENT_CONFIRMATION_OK"
25330,4021895016,4021895061,1,"IOTHUB_CLIENT_CONFIRMATION_OK"
25331,4021895216,4021895255,1,"IOTHUB_CLIENT_CONFIRMATION_OK"
25332,4021895416,4021895470,1,"IOTHUB_CLIENT_CONFIRMATION_OK"
25333,4021895616,4021895675,1,"IOTHUB_CLIENT_CONFIRMATION_OK"
25334,4021895816,4021895856,1,"IOTHUB_CLIENT_CONFIRMATION_OK"
25335,4021896017,4021896048,1,"IOTHUB_CLIENT_CONFIRMATION_OK"
25336,4021896217,4021896253,1,"IOTHUB_CLIENT_CONFIRMATION_OK"
25337,4021896417,4021896463,1,"IOTHUB_CLIENT_CONFIRMATION_OK"
25338,4021896617,4021896652,1,"IOTHUB_CLIENT_CONFIRMATION_OK"
25339,4021896817,4021896865,1,"IOTHUB_CLIENT_CONFIRMATION_OK"
25340,4021897017,4021897063,1,"IOTHUB_CLIENT_CONFIRMATION_OK"
25341,4021897217,4021897259,1,"IOTHUB_CLIENT_CONFIRMATION_OK"
25342,4021897418,4021897530,1,"IOTHUB_CLIENT_CONFIRMATION_OK"
25343,4021897618,4021897662,1,"IOTHUB_CLIENT_CONFIRMATION_OK"
25344,4021897818,4021897865,1,"IOTHUB_CLIENT_CONFIRMATION_OK"
25345,4021898018,4021898065,1,"IOTHUB_CLIENT_CONFIRMATION_OK"
25346,4021898218,4021898251,1,"IOTHUB_CLIENT_CONFIRMATION_OK"
25347,4021898418,4021898461,1,"IOTHUB_CLIENT_CONFIRMATION_OK"
25348,4021898619,4021898664,1,"IOTHUB_CLIENT_CONFIRMATION_OK"
25349,4021898819,4021898971,1,"IOTHUB_CLIENT_CONFIRMATION_OK"
25350,4021899019,4021899071,1,"IOTHUB_CLIENT_CONFIRMATION_OK"
25351,4021899219,4021899261,1,"IOTHUB_CLIENT_CONFIRMATION_OK"
25352,4021899419,4021899461,1,"IOTHUB_CLIENT_CONFIRMATION_OK"
25353,4021899619,4021899794,1,"IOTHUB_CLIENT_CONFIRMATION_OK"
25354,4021899819,4021899869,1,"IOTHUB_CLIENT_CONFIRMATION_OK"
25355,4021900020,4021900066,1,"IOTHUB_CLIENT_CONFIRMATION_OK"
25356,4021900220,4021900438,1,"IOTHUB_CLIENT_CONFIRMATION_OK"
25357,4021900420,4021900473,1,"IOTHUB_CLIENT_CONFIRMATION_OK"
25358,4021900620,4021900659,1,"IOTHUB_CLIENT_CONFIRMATION_OK"
25359,4021900820,4021900860,1,"IOTHUB_CLIENT_CONFIRMATION_OK"
25360,4021901020,4021901058,1,"IOTHUB_CLIENT_CONFIRMATION_OK"
25361,4021901221,4021901259,1,"IOTHUB_CLIENT_CONFIRMATION_OK"
25362,4021901421,4021901464,1,"IOTHUB_CLIENT_CONFIRMATION_OK"
25363,4021901621,4021901676,1,"IOTHUB_CLIENT_CONFIRMATION_OK"
25364,4021901821,4021901864,1,"IOTHUB_CLIENT_CONFIRMATION_OK"
25365,4021902021,4021902074,1,"IOTHUB_CLIENT_CONFIRMATION_OK"
25366,4021902221,4021902342,1,"IOTHUB_CLIENT_CONFIRMATION_OK"
25367,4021902421,4021902492,1,"IOTHUB_CLIENT_CONFIRMATION_OK"
25368,4021902622,4021902663,1,"IOTHUB_CLIENT_CONFIRMATION_OK"
25369,4021902822,4021903071,1,"IOTHUB_CLIENT_CONFIRMATION_OK"
25370,4021903022,4021903086,1,"IOTHUB_CLIENT_CONFIRMATION_OK"
25371,4021903222,4021903274,1,"IOTHUB_CLIENT_CONFIRMATION_OK"
25372,4021903422,4021903478,1,"IOTHUB_CLIENT_CONFIRMATION_OK"
25373,4021903622,4021903683,1,"IOTHUB_CLIENT_CONFIRMATION_OK"
25374,4021903823,4021903863,1,"IOTHUB_CLIENT_CONFIRMATION_OK"
25375,4021904023,4021904067,1,"IOTHUB_CLIENT_CONFIRMATION_OK"
25376,4021904223,4021904266,1,"IOTHUB_CLIENT_CONFIRMATION_OK"
25377,4021904423,4021904487,1,"IOTHUB_CLIENT_CONFIRMATION_OK"
25378,4021904623,4021904669,1,"IOTHUB_CLIENT_CONFIRMATION_OK"
25379,4021904823,4021904867,1,"IOTHUB_CLIENT_CONFIRMATION_OK"
25380,4021905024,4021905067,1,"IOTHUB_CLIENT_CONFIRMATION_OK"
25381,4021905224,4021905269,1,"IOTHUB_CLIENT_CONFIRMATION_OK"
25382,4021905424,4021905475,1,"IOTHUB_CLIENT_CONFIRMATION_OK"
25383,4021905624,4021905673,1,"IOTHUB_CLIENT_CONFIRMATION_OK"
25384,4021905824,4021905856,1,"IOTHUB_CLIENT_CONFIRMATION_OK"
25385,4021906024,4021906078,1,"IOTHUB_CLIENT_CONFIRMATION_OK"
25386,4021906224,4021906274,1,"IOTHUB_CLIENT_CONFIRMATION_OK"
25387,4021906425,4021906459,1,"IOTHUB_CLIENT_CONFIRMATION_OK"
25388,4021906625,4021906680,1,"IOTHUB_CLIENT_CONFIRMATION_OK"
25389,4021906825,4021907056,1,"IOTHUB_CLIENT_CONFIRMATION_OK"
25390,4021907025,4021907079,1,"IOTHUB_CLIENT_CONFIRMATION_OK"
25391,4021907225,4021907266,1,"IOTHUB_CLIENT_CONFIRMATION_OK"
25392,4021907425,4021907550,1,"IOTHUB_CLIENT_CONFIRMATION_OK"
25393,4021907626,4021907663,1,"IOTHUB_CLIENT_CONFIRMATION_OK"
25394,4021907826,4021907876,1,"IOTHUB_CLIENT_CONFIRMATION_OK"
25395,4021908026,4021908117,1,"IOTHUB_CLIENT_CONFIRMATION_OK"
25396,4021908226,4021908297,1,"IOTHUB_CLIENT_CONFIRMATION_OK"
25397,4021908426,4021908467,1,"IOTHUB_CLIENT_CONFIRMATION_OK"
25398,4021908626,4021908725,1,"IOTHUB_CLIENT_CONFIRMATION_OK"
25399,4021908827,4021908871,1,"IOTHUB_CLIENT_CONFIRMATION_OK"
25400,4021909027,4021909073,1,"IOTHUB_CLIENT_CONFIRMATION_OK"
25401,4021909227,4021909287,1,"IOTHUB_CLIENT_CONFIRMATION_OK"
25402,4021909427,4021909467,1,"IOTHUB_CLIENT_CONFIRMATION_OK"
25403,4021909627,4021909695,1,"IOTHUB_CLIENT_CONFIRMATION_OK"
25404,4021909827,4021909881,1,"IOTHUB_CLIENT_CONFIRMATION_OK"
25405,4021910027,4021910068,1,"IOTHUB_CLIENT_CONFIRMATION_OK"
25406,4021910228,4021910273,1,"IOTHUB_CLIENT_CONFIRMATION_OK"
25407,4021910428,4021910474,1,"IOTHUB_CLIENT_CONFIRMATION_OK"
25408,4021910628,4021910780,1,"IOTHUB_CLIENT_CONFIRMATION_OK"
25409,4021910828,4021910869,1,"IOTHUB_CLIENT_CONFIRMATION_OK"
25410,4021911028,4021911070,1,"IOTHUB_CLIENT_CONFIRMATION_OK"
25411,4021911228,4021911419,1,"IOTHUB_CLIENT_CONFIRMATION_OK"
25412,4021911428,4021911477,1,"IOTHUB_CLIENT_CONFIRMATION_OK"
25413,4021911629,4021911662,1,"IOTHUB_CLIENT_CONFIRMATION_OK"
25414,4021911829,4021911865,1,"IOTHUB_CLIENT_CONFIRMATION_OK"
25415,4021912029,4021912063,1,"IOTHUB_CLIENT_CONFIRMATION_OK"
25416,4021912229,4021912260,1,"IOTHUB_CLIENT_CONFIRMATION_OK"
25417,4021912429,4021912492,1,"IOTHUB_CLIENT_CONFIRMATION_OK"
25418,4021912629,4021912664,1,"IOTHUB_CLIENT_CONFIRMATION_OK"
25419,4021912830,4021912863,1,"IOTHUB_CLIENT_CONFIRMATION_OK"
25420,4021913030,4021913077,1,"IOTHUB_CLIENT_CONFIRMATION_OK"
25421,4021913230,4021913280,1,"IOTHUB_CLIENT_CONFIRMATION_OK"
25422,4021913430,4021913471,1,"IOTHUB_CLIENT_CONFIRMATION_OK"
25423,4021913630,4021913669,1,"IOTHUB_CLIENT_CONFIRMATION_OK"
25424,4021913830,4021913876,1,"IOTHUB_CLIENT_CONFIRMATION_OK"
25425,4021914031,4021914066,1,"IOTHUB_CLIENT_CONFIRMATION_OK"
25426,4021914231,4021914309,1,"IOTHUB_CLIENT_CONFIRMATION_OK"
25427,4021914431,4021914485,1,"IOTHUB_CLIENT_CONFIRMATION_OK"
25428,4021914631,4021914676,1,"IOTHUB_CLIENT_CONFIRMATION_OK"
25429,4021914831,4021914897,1,"IOTHUB_CLIENT_CONFIRMATION_OK"
25430,4021915031,4021915077,1,"IOTHUB_CLIENT_CONFIRMATION_OK"
25431,4021915231,4021915281,1,"IOTHUB_CLIENT_CONFIRMATION_OK"
25432,4021915432,4021915473,1,"IOTHUB_CLIENT_CONFIRMATION_OK"
25433,4021915632,4021915664,1,"IOTHUB_CLIENT_CONFIRMATION_OK"
25434,4021915832,4021915899,1,"IOTHUB_CLIENT_CONFIRMATION_OK"
25435,4021916032,4021916066,1,"IOTHUB_CLIENT_CONFIRMATION_OK"
25436,4021916232,4021916270,1,"IOTHUB_CLIENT_CONFIRMATION_OK"
25437,4021916432,4021916531,1,"IOTHUB_CLIENT_CONFIRMATION_OK"
25438,4021916633,4021916675,1,"IOTHUB_CLIENT_CONFIRMATION_OK"
25439,4021916833,4021916870,1,"IOTHUB_CLIENT_CONFIRMATION_OK"
25440,4021917033,4021917134,1,"IOTHUB_CLIENT_CONFIRMATION_OK"
25441,4021917233,4021917286,1,"IOTHUB_CLIENT_CONFIRMATION_OK"
25442,4021917433,4021917469,1,"IOTHUB_CLIENT_CONFIRMATION_OK"
25443,4021917633,4021917676,1,"IOTHUB_CLIENT_CONFIRMATION_OK"
25444,4021917833,4021917899,1,"IOTHUB_CLIENT_CONFIRMATION_OK"
25445,4021918034,4021918081,1,"IOTHUB_CLIENT_CONFIRMATION_OK"
25446,4021918234,4021918269,1,"IOTHUB_CLIENT_CONFIRMATION_OK"
25447,4021918434,4021918485,1,"IOTHUB_CLIENT_CONFIRMATION_OK"
25448,4021918634,4021918677,1,"IOTHUB_CLIENT_CONFIRMATION_OK"
25449,4021918834,4021918878,1,"IOTHUB_CLIENT_CONFIRMATION_OK"
25450,4021919034,4021919177,1,"IOTHUB_CLIENT_CONFIRMATION_OK"
25451,4021919235,4021919275,1,"IOTHUB_CLIENT_CONFIRMATION_OK"
25452,4021919435,4021919470,1,"IOTHUB_CLIENT_CONFIRMATION_OK"
25453,4021919635,4021919793,1,"IOTHUB_CLIENT_CONFIRMATION_OK"
25454,4021919835,4021919890,1,"IOTHUB_CLIENT_CONFIRMATION_OK"
25455,4021920035,4021920082,1,"IOTHUB_CLIENT_CONFIRMATION_OK"
25456,4021920235,4021920389,1,"IOTHUB_CLIENT_CONFIRMATION_OK"
25457,4021920435,4021920494,1,"IOTHUB_CLIENT_CONFIRMATION_OK"
25458,4021920636,4021920668,1,"IOTHUB_CLIENT_CONFIRMATION_OK"
25459,4021920836,4021920894,1,"IOTHUB_CLIENT_CONFIRMATION_OK"
25460,4021921036,4021921074,1,"IOTHUB_CLIENT_CONFIRMATION_OK"
25461,4021921236,4021921273,1,"IOTHUB_CLIENT_CONFIRMATION_OK"
25462,4021921436,4021921481,1,"IOTHUB_CLIENT_CONFIRMATION_OK"
25463,4021921636,4021921713,1,"IOTHUB_CLIENT_CONFIRMATION_OK"
25464,4021921836,4021921906,1,"IOTHUB_CLIENT_CONFIRMATION_OK"
25465,4021922037,4021922075,1,"IOTHUB_CLIENT_CONFIRMATION_OK"
25466,4021922237,4021922281,1,"IOTHUB_CLIENT_CONFIRMATION_OK"
25467,4021922437,4021922480,1,"IOTHUB_CLIENT_CONFIRMATION_OK"
25468,4021922637,4021922676,1,"IOTHUB_CLIENT_CONFIRMATION_OK"
25469,4021922837,4021922889,1,"IOTHUB_CLIENT_CONFIRMATION_OK"
25470,4021923037,4021923079,1,"IOTHUB_CLIENT_CONFIRMATION_OK"
25471,4021923238,4021923289,1,"IOTHUB_CLIENT_CONFIRMATION_OK"
25472,4021923438,4021923482,1,"IOTHUB_CLIENT_CONFIRMATION_OK"
25473,4021923638,4021923773,1,"IOTHUB_CLIENT_CONFIRMATION_OK"
25474,4021923838,4021923898,1,"IOTHUB_CLIENT_CONFIRMATION_OK"
25475,4021924038,4021924095,1,"IOTHUB_CLIENT_CONFIRMATION_OK"
25476,4021924238,4021924276,1,"IOTHUB_CLIENT_CONFIRMATION_OK"
25477,4021924438,4021924479,1,"IOTHUB_CLIENT_CONFIRMATION_OK"
25478,4021924639,4021924682,1,"IOTHUB_CLIENT_CONFIRMATION_OK"
25479,4021924839,4021925082,1,"IOTHUB_CLIENT_CONFIRMATION_OK"
25480,4021925039,4021925114,1,"IOTHUB_CLIENT_CONFIRMATION_OK"
25481,4021925239,4021925280,1,"IOTHUB_CLIENT_CONFIRMATION_OK"
25482,4021925439,4021925659,1,"IOTHUB_CLIENT_CONFIRMATION_OK"
25483,4021925639,4021925695,1,"IOTHUB_CLIENT_CONFIRMATION_OK"
25484,4021925840,4021925886,1,"IOTHUB_CLIENT_CONFIRMATION_OK"
25485,4021926040,4021926201,1,"IOTHUB_CLIENT_CONFIRMATION_OK"
25486,4021926240,4021926352,1,"IOTHUB_CLIENT_CONFIRMATION_OK"
25487,4021926440,4021926472,1,"IOTHUB_CLIENT_CONFIRMATION_OK"
25488,4021926640,4021926674,1,"IOTHUB_CLIENT_CONFIRMATION_OK"
25489,4021926840,4021926913,1,"IOTHUB_CLIENT_CONFIRMATION_OK"
25490,4021927040,4021927080,1,"IOTHUB_CLIENT_CONFIRMATION_OK"
25491,4021927241,4021927276,1,"IOTHUB_CLIENT_CONFIRMATION_OK"
25492,4021927441,4021927479,1,"IOTHUB_CLIENT_CONFIRMATION_OK"
25493,4021927641,4021927679,1,"IOTHUB_CLIENT_CONFIRMATION_OK"
25494,4021927841,4021927879,1,"IOTHUB_CLIENT_CONFIRMATION_OK"
25495,4021928041,4021928095,1,"IOTHUB_CLIENT_CONFIRMATION_OK"
25496,4021928241,4021928293,1,"IOTHUB_CLIENT_CONFIRMATION_OK"
25497,4021928441,4021928488,1,"IOTHUB_CLIENT_CONFIRMATION_OK"
25498,4021928642,4021928691,1,"IOTHUB_CLIENT_CONFIRMATION_OK"
25499,4021928842,4021928888,1,"IOTHUB_CLIENT_CONFIRMATION_OK"
25500,4021929042,4021929084,1,"IOTHUB_CLIENT_CONFIRMATION_OK"
25501,4021929242,4021929331,1,"IOTHUB_CLIENT_CONFIRMATION_OK"
25502,4021929442,4021929655,1,"IOTHUB_CLIENT_CONFIRMATION_OK"
25503,4021929642,4021929704,1,"IOTHUB_CLIENT_CONFIRMATION_OK"
25504,4021929843,4021929879,1,"IOTHUB_CLIENT_CONFIRMATION_OK"
25505,4021930043,4021930142,1,"IOTHUB_CLIENT_CONFIRMATION_OK"
25506,4021930243,4021930289,1,"IOTHUB_CLIENT_CONFIRMATION_OK"
25507,4021930443,4021930498,1,"IOTHUB_CLIENT_CONFIRMATION_OK"
25508,4021930643,4021930796,1,"IOTHUB_CLIENT_CONFIRMATION_OK"
25509,4021930843,4021930892,1,"IOTHUB_CLIENT_CONFIRMATION_OK"
25510,4021931043,4021931117,1,"IOTHUB_CLIENT_CONFIRMATION_OK"
25511,4021931244,4021931366,1,"IOTHUB_CLIENT_CONFIRMATION_OK"
25512,4021931444,4021931480,1,"IOTHUB_CLIENT_CONFIRMATION_OK"
25513,4021931644,4021931686,1,"IOTHUB_CLIENT_CONFIRMATION_OK"
25514,4021931844,4021931894,1,"IOTHUB_CLIENT_CONFIRMATION_OK"
25515,4021932044,4021932094,1,"IOTHUB_CLIENT_CONFIRMATION_OK"
25516,4021932244,4021932300,1,"IOTHUB_CLIENT_CONFIRMATION_OK"
25517,4021932445,4021932487,1,"IOTHUB_CLIENT_CONFIRMATION_OK"
25518,4021932645,4021932688,1,"IOTHUB_CLIENT_CONFIRMATION_OK"
25519,4021932845,4021932900,1,"IOTHUB_CLIENT_CONFIRMATION_OK"
25520,4021933045,4021933089,1,"IOTHUB_CLIENT_CONFIRMATION_OK"
25521,4021933245,4021933290,1,"IOTHUB_CLIENT_CONFIRMATION_OK"
25522,4021933445,4021933483,1,"IOTHUB_CLIENT_CONFIRMATION_OK"
25523,4021933646,4021933684,1,"IOTHUB_CLIENT_CONFIRMATION_OK"
25524,4021933846,4021934000,1,"IOTHUB_CLIENT_CONFIRMATION_OK"
25525,4021934046,4021934095,1,"IOTHUB_CLIENT_CONFIRMATION_OK"
25526,4021934246,4021934298,1,"IOTHUB_CLIENT_CONFIRMATION_OK"
25527,4021934446,4021934629,1,"IOTHUB_CLIENT_CONFIRMATION_OK"
25528,4021934646,4021934687,1,"IOTHUB_CLIENT_CONFIRMATION_OK"
25529,4021934846,4021934891,1,"IOTHUB_CLIENT_CONFIRMATION_OK"
25530,4021935047,4021935124,1,"IOTHUB_CLIENT_CONFIRMATION_OK"
25531,4021935247,4021935279,1,"IOTHUB_CLIENT_CONFIRMATION_OK"
25532,4021935447,4021935525,1,"IOTHUB_CLIENT_CONFIRMATION_OK"
25533,4021935647,4021935682,1,"IOTHUB_CLIENT_CONFIRMATION_OK"
25534,4021935847,4021935933,1,"IOTHUB_CLIENT_CONFIRMATION_OK"
25535,4021936047,4021936090,1,"IOTHUB_CLIENT_CONFIRMATION_OK"
25536,4021936247,4021936331,1,"IOTHUB_CLIENT_CONFIRMATION_OK"
25537,4021936448,4021936551,1,"IOTHUB_CLIENT_CONFIRMATION_OK"
25538,4021936648,4021936685,1,"IOTHUB_CLIENT_CONFIRMATION_OK"
25539,4021936848,4021936888,1,"IOTHUB_CLIENT_CONFIRMATION_OK"
25540,4021937048,4021937188,1,"IOTHUB_CLIENT_CONFIRMATION_OK"
25541,4021937248,4021937309,1,"IOTHUB_CLIENT_CONFIRMATION_OK"
25542,4021937448,4021937488,1,"IOTHUB_CLIENT_CONFIRMATION_OK"
25543,4021937649,4021937692,1,"IOTHUB_CLIENT_CONFIRMATION_OK"
25544,4021937849,4021937892,1,"IOTHUB_CLIENT_CONFIRMATION_OK"
25545,4021938049,4021938094,1,"IOTHUB_CLIENT_CONFIRMATION_OK"
25546,4021938249,4021938291,1,"IOTHUB_CLIENT_CONFIRMATION_OK"
25547,4021938449,4021938487,1,"IOTHUB_CLIENT_CONFIRMATION_OK"
25548,4021938649,4021938708,1,"IOTHUB_CLIENT_CONFIRMATION_OK"
25549,4021938849,4021938911,1,"IOTHUB_CLIENT_CONFIRMATION_OK"
25550,4021939050,4021939101,1,"IOTHUB_CLIENT_CONFIRMATION_OK"
25551,4021939250,4021939291,1,"IOTHUB_CLIENT_CONFIRMATION_OK"
25552,4021939450,4021939486,1,"IOTHUB_CLIENT_CONFIRMATION_OK"
25553,4021939650,4021939704,1,"IOTHUB_CLIENT_CONFIRMATION_OK"
25554,4021939850,4021939892,1,"IOTHUB_CLIENT_CONFIRMATION_OK"
25555,4021940050,4021940093,1,"IOTHUB_CLIENT_CONFIRMATION_OK"
25556,4021940251,4021940448,1,"IOTHUB_CLIENT_CONFIRMATION_OK"
25557,4021940451,4021940512,1,"IOTHUB_CLIENT_CONFIRMATION_OK"
25558,4021940651,4021940700,1,"IOTHUB_CLIENT_CONFIRMATION_OK"
25559,4021940851,4021940912,1,"IOTHUB_CLIENT_CONFIRMATION_OK"
25560,4021941051,4021941119,1,"IOTHUB_CLIENT_CONFIRMATION_OK"
25561,4021941251,4021941319,1,"IOTHUB_CLIENT_CONFIRMATION_OK"
25562,4021941451,4021941486,1,"IOTHUB_CLIENT_CONFIRMATION_OK"
25563,4021941652,4021941734,1,"IOTHUB_CLIENT_CONFIRMATION_OK"
25564,4021941852,4021941886,1,"IOTHUB_CLIENT_CONFIRMATION_OK"
25565,4021942052,4021942093,1,"IOTHUB_CLIENT_CONFIRMATION_OK"
25566,4021942252,4021942338,1,"IOTHUB_CLIENT_CONFIRMATION_OK"
25567,4021942452,4021942488,1,"IOTHUB_CLIENT_CONFIRMATION_OK"
25568,4021942652,4021942699,1,"IOTHUB_CLIENT_CONFIRMATION_OK"
25569,4021942852,4021942971,1,"IOTHUB_CLIENT_CONFIRMATION_OK"
25570,4021943053,4021943091,1,"IOTHUB_CLIENT_CONFIRMATION_OK"
25571,4021943253,4021943326,1,"IOTHUB_CLIENT_CONFIRMATION_OK"
25572,4021943453,4021943496,1,"IOTHUB_CLIENT_CONFIRMATION_OK"
25573,4021943653,4021943698,1,"IOTHUB_CLIENT_CONFIRMATION_OK"
25574,4021943853,4021943913,1,"IOTHUB_CLIENT_CONFIRMATION_OK"
25575,4021944053,4021944100,1,"IOTHUB_CLIENT_CONFIRMATION_OK"
25576,4021944254,4021944309,1,"IOTHUB_CLIENT_CONFIRMATION_OK"
25577,4021944454,4021944486,1,"IOTHUB_CLIENT_CONFIRMATION_OK"
25578,4021944654,4021944697,1,"IOTHUB_CLIENT_CONFIRMATION_OK"
25579,4021944854,4021945038,1,"IOTHUB_CLIENT_CONFIRMATION_OK"
25580,4021945054,4021945112,1,"IOTHUB_CLIENT_CONFIRMATION_OK"
25581,4021945254,4021945294,1,"IOTHUB_CLIENT_CONFIRMATION_OK"
25582,4021945454,4021945624,1,"IOTHUB_CLIENT_CONFIRMATION_OK"
25583,4021945655,4021945724,1,"IOTHUB_CLIENT_CONFIRMATION_OK"
25584,4021945855,4021945890,1,"IOTHUB_CLIENT_CONFIRMATION_OK"
25585,4021946055,4021946250,1,"IOTHUB_CLIENT_CONFIRMATION_OK"
25586,4021946255,4021946397,1,"IOTHUB_CLIENT_CONFIRMATION_OK"
25587,4021946455,4021946493,1,"IOTHUB_CLIENT_CONFIRMATION_OK"
25588,4021946655,4021946687,1,"IOTHUB_CLIENT_CONFIRMATION_OK"
25589,4021946856,4021946901,1,"IOTHUB_CLIENT_CONFIRMATION_OK"
25590,4021947056,4021947114,1,"IOTHUB_CLIENT_CONFIRMATION_OK"
25591,4021947256,4021947305,1,"IOTHUB_CLIENT_CONFIRMATION_OK"
25592,4021947456,4021947496,1,"IOTHUB_CLIENT_CONFIRMATION_OK"
25593,4021947656,4021947711,1,"IOTHUB_CLIENT_CONFIRMATION_OK"
25594,4021947856,4021947887,1,"IOTHUB_CLIENT_CONFIRMATION_OK"
25595,4021948057,4021948104,1,"IOTHUB_CLIENT_CONFIRMATION_OK"
25596,4021948257,4021948423,1,"IOTHUB_CLIENT_CONFIRMATION_OK"
25597,4021948457,4021948494,1,"IOTHUB_CLIENT_CONFIRMATION_OK"
25598,4021948657,4021948695,1,"IOTHUB_CLIENT_CONFIRMATION_OK"
25599,4021948857,4021948894,1,"IOTHUB_CLIENT_CONFIRMATION_OK"
25600,4021949057,4021949106,1,"IOTHUB_CLIENT_CONFIRMATION_OK"
25601,4021949257,4021949311,1,"IOTHUB_CLIENT_CONFIRMATION_OK"
25602,4021949458,4021949509,1,"IOTHUB_CLIENT_CONFIRMATION_OK"
25603,4021949658,4021949711,1,"IOTHUB_CLIENT_CONFIRMATION_OK"
25604,4021949858,4021949904,1,"IOTHUB_CLIENT_CONFIRMATION_OK"
25605,4021950058,4021950130,1,"IOTHUB_CLIENT_CONFIRMATION_OK"
25606,4021950258,4021950290,1,"IOTHUB_CLIENT_CONFIRMATION_OK"
25607,4021950458,4021950496,1,"IOTHUB_CLIENT_CONFIRMATION_OK"
25608,4021950658,4021950735,1,"IOTHUB_CLIENT_CONFIRMATION_OK"
25609,4021950859,4021950897,1,"IOTHUB_CLIENT_CONFIRMATION_OK"
25610,4021951059,4021951104,1,"IOTHUB_CLIENT_CONFIRMATION_OK"
25611,4021951259,4021951325,1,"IOTHUB_CLIENT_CONFIRMATION_OK"
25612,4021951459,4021951576,1,"IOTHUB_CLIENT_CONFIRMATION_OK"
25613,4021951659,4021951693,1,"IOTHUB_CLIENT_CONFIRMATION_OK"
25614,4021951859,4021951966,1,"IOTHUB_CLIENT_CONFIRMATION_OK"
25615,4021952060,4021952095,1,"IOTHUB_CLIENT_CONFIRMATION_OK"
25616,4021952260,4021952407,1,"IOTHUB_CLIENT_CONFIRMATION_OK"
25617,4021952460,4021952504,1,"IOTHUB_CLIENT_CONFIRMATION_OK"
25618,4021952660,4021952716,1,"IOTHUB_CLIENT_CONFIRMATION_OK"
25619,4021952860,4021952898,1,"IOTHUB_CLIENT_CONFIRMATION_OK"
25620,4021953060,4021953092,1,"IOTHUB_CLIENT_CONFIRMATION_OK"
25621,4021953260,4021953313,1,"IOTHUB_CLIENT_CONFIRMATION_OK"
25622,4021953461,4021953513,1,"IOTHUB_CLIENT_CONFIRMATION_OK"
25623,4021953661,4021953741,1,"IOTHUB_CLIENT_CONFIRMATION_OK"
25624,4021953861,4021953895,1,"IOTHUB_CLIENT_CONFIRMATION_OK"
25625,4021954061,4021954095,1,"IOTHUB_CLIENT_CONFIRMATION_OK"
25626,4021954261,4021954293,1,"IOTHUB_CLIENT_CONFIRMATION_OK"
25627,4021954461,4021954656,1,"IOTHUB_CLIENT_CONFIRMATION_OK"
25628,4021954662,4021954691,1,"IOTHUB_CLIENT_CONFIRMATION_OK"
25629,4021954862,4021954902,1,"IOTHUB_CLIENT_CONFIRMATION_OK"
25630,4021955062,4021955106,1,"IOTHUB_CLIENT_CONFIRMATION_OK"
25631,4021955262,4021955302,1,"IOTHUB_CLIENT_CONFIRMATION_OK"
25632,4021955462,4021955532,1,"IOTHUB_CLIENT_CONFIRMATION_OK"
25633,4021955662,4021955696,1,"IOTHUB_CLIENT_CONFIRMATION_OK"
25634,4021955863,4021955909,1,"IOTHUB_CLIENT_CONFIRMATION_OK"
25635,4021956063,4021956110,1,"IOTHUB_CLIENT_CONFIRMATION_OK"
25636,4021956263,4021956301,1,"IOTHUB_CLIENT_CONFIRMATION_OK"
25637,4021956463,4021956501,1,"IOTHUB_CLIENT_CONFIRMATION_OK"
25638,4021956663,4021956726,1,"IOTHUB_CLIENT_CONFIRMATION_OK"
25639,4021956863,4021956921,1,"IOTHUB_CLIENT_CONFIRMATION_OK"
25640,4021957064,4021957126,1,"IOTHUB_CLIENT_CONFIRMATION_OK"
25641,4021957264,4021957301,1,"IOTHUB_CLIENT_CONFIRMATION_OK"
25642,4021957464,4021957515,1,"IOTHUB_CLIENT_CONFIRMATION_OK"
25643,4021957664,4021957743,1,"IOTHUB_CLIENT_CONFIRMATION_OK"
25644,4021957864,4021957967,1,"IOTHUB_CLIENT_CONFIRMATION_OK"
25645,4021958064,4021958101,1,"IOTHUB_CLIENT_CONFIRMATION_OK"
25646,4021958264,4021958311,1,"IOTHUB_CLIENT_CONFIRMATION_OK"
25647,4021958465,4021958495,1,"IOTHUB_CLIENT_CONFIRMATION_OK"
25648,4021958665,4021958708,1,"IOTHUB_CLIENT_CONFIRMATION_OK"
25649,4021958865,4021958906,1,"IOTHUB_CLIENT_CONFIRMATION_OK"
25650,4021959065,4021959250,1,"IOTHUB_CLIENT_CONFIRMATION_OK"
25651,4021959265,4021959313,1,"IOTHUB_CLIENT_CONFIRMATION_OK"
25652,4021959465,4021959519,1,"IOTHUB_CLIENT_CONFIRMATION_OK"
25653,4021959666,4021959804,1,"IOTHUB_CLIENT_CONFIRMATION_OK"
25654,4021959866,4021959898,1,"IOTHUB_CLIENT_CONFIRMATION_OK"
25655,4021960066,4021960104,1,"IOTHUB_CLIENT_CONFIRMATION_OK"
25656,4021960266,4021960433,1,"IOTHUB_CLIENT_CONFIRMATION_OK"
25657,4021960466,4021960525,1,"IOTHUB_CLIENT_CONFIRMATION_OK"
25658,4021960666,4021960711,1,"IOTHUB_CLIENT_CONFIRMATION_OK"
25659,4021960866,4021960936,1,"IOTHUB_CLIENT_CONFIRMATION_OK"
25660,4021961067,4021961115,1,"IOTHUB_CLIENT_CONFIRMATION_OK"
25661,4021961267,4021961311,1,"IOTHUB_CLIENT_CONFIRMATION_OK"
25662,4021961467,4021961511,1,"IOTHUB_CLIENT_CONFIRMATION_OK"
25663,4021961667,4021961733,1,"IOTHUB_CLIENT_CONFIRMATION_OK"
25664,4021961867,4021961912,1,"IOTHUB_CLIENT_CONFIRMATION_OK"
25665,4021962067,4021962104,1,"IOTHUB_CLIENT_CONFIRMATION_OK"
25666,4021962268,4021962333,1,"IOTHUB_CLIENT_CONFIRMATION_OK"
25667,4021962468,4021962499,1,"IOTHUB_CLIENT_CONFIRMATION_OK"
25668,4021962668,4021962712,1,"IOTHUB_CLIENT_CONFIRMATION_OK"
25669,4021962868,4021962950,1,"IOTHUB_CLIENT_CONFIRMATION_OK"
25670,4021963068,4021963119,1,"IOTHUB_CLIENT_CONFIRMATION_OK"
25671,4021963268,4021963306,1,"IOTHUB_CLIENT_CONFIRMATION_OK"
25672,4021963468,4021963507,1,"IOTHUB_CLIENT_CONFIRMATION_OK"
25673,4021963669,4021963706,1,"IOTHUB_CLIENT_CONFIRMATION_OK"
25674,4021963869,4021963920,1,"IOTHUB_CLIENT_CONFIRMATION_OK"
25675,4021964069,4021964110,1,"IOTHUB_CLIENT_CONFIRMATION_OK"
25676,4021964269,4021964319,1,"IOTHUB_CLIENT_CONFIRMATION_OK"
25677,4021964469,4021964512,1,"IOTHUB_CLIENT_CONFIRMATION_OK"
25678,4021964669,4021964710,1,"IOTHUB_CLIENT_CONFIRMATION_OK"
25679,4021964870,4021964914,1,"IOTHUB_CLIENT_CONFIRMATION_OK"
25680,4021965070,4021965115,1,"IOTHUB_CLIENT_CONFIRMATION_OK"
25681,4021965270,4021965315,1,"IOTHUB_CLIENT_CONFIRMATION_OK"
25682,4021965470,4021965630,1,"IOTHUB_CLIENT_CONFIRMATION_OK"
25683,4021965670,4021965708,1,"IOTHUB_CLIENT_CONFIRMATION_OK"
25684,4021965870,4021966046,1,"IOTHUB_CLIENT_CONFIRMATION_OK"
25685,4021966071,4021966267,1,"IOTHUB_CLIENT_CONFIRMATION_OK"
25686,4021966271,4021966325,1,"IOTHUB_CLIENT_CONFIRMATION_OK"
25687,4021966471,4021966510,1,"IOTHUB_CLIENT_CONFIRMATION_OK"
25688,4021966671,4021966702,1,"IOTHUB_CLIENT_CONFIRMATION_OK"
25689,4021966871,4021966910,1,"IOTHUB_CLIENT_CONFIRMATION_OK"
25690,4021967071,4021967111,1,"IOTHUB_CLIENT_CONFIRMATION_OK"
25691,4021967271,4021967317,1,"IOTHUB_CLIENT_CONFIRMATION_OK"
25692,4021967472,4021967511,1,"IOTHUB_CLIENT_CONFIRMATION_OK"
25693,4021967672,4021967718,1,"IOTHUB_CLIENT_CONFIRMATION_OK"
25694,4021967872,4021967918,1,"IOTHUB_CLIENT_CONFIRMATION_OK"
25695,4021968072,4021968128,1,"IOTHUB_CLIENT_CONFIRMATION_OK"
25696,4021968272,4021968312,1,"IOTHUB_CLIENT_CONFIRMATION_OK"
25697,4021968472,4021968506,1,"IOTHUB_CLIENT_CONFIRMATION_OK"
25698,4021968673,4021968711,1,"IOTHUB_CLIENT_CONFIRMATION_OK"
25699,4021968873,4021968928,1,"IOTHUB_CLIENT_CONFIRMATION_OK"
25700,4021969073,4021969110,1,"IOTHUB_CLIENT_CONFIRMATION_OK"
25701,4021969273,4021969316,1,"IOTHUB_CLIENT_CONFIRMATION_OK"
25702,4021969473,4021969517,1,"IOTHUB_CLIENT_CONFIRMATION_OK"
25703,4021969673,4021969720,1,"IOTHUB_CLIENT_CONFIRMATION_OK"
25704,4021969874,4021969922,1,"IOTHUB_CLIENT_CONFIRMATION_OK"
25705,4021970074,4021970121,1,"IOTHUB_CLIENT_CONFIRMATION_OK"
25706,4021970274,4021970325,1,"IOTHUB_CLIENT_CONFIRMATION_OK"
25707,4021970474,4021970508,1,"IOTHUB_CLIENT_CONFIRMATION_OK"
25708,4021970674,4021970724,1,"IOTHUB_CLIENT_CONFIRMATION_OK"
25709,4021970874,4021970927,1,"IOTHUB_CLIENT_CONFIRMATION_OK"
25710,4021971075,4021971116,1,"IOTHUB_CLIENT_CONFIRMATION_OK"
25711,4021971275,4021971332,1,"IOTHUB_CLIENT_CONFIRMATION_OK"
25712,4021971475,4021971535,1,"IOTHUB_CLIENT_CONFIRMATION_OK"
25713,4021971675,4021971717,1,"IOTHUB_CLIENT_CONFIRMATION_OK"
25714,4021971875,4021971917,1,"IOTHUB_CLIENT_CONFIRMATION_OK"
25715,4021972075,4021972117,1,"IOTHUB_CLIENT_CONFIRMATION_OK"
25716,4021972276,4021972320,1,"IOTHUB_CLIENT_CONFIRMATION_OK"
25717,4021972476,4021972507,1,"IOTHUB_CLIENT_CONFIRMATION_OK"
25718,4021972676,4021972716,1,"IOTHUB_CLIENT_CONFIRMATION_OK"
25719,4021972876,4021972918,1,"IOTHUB_CLIENT_CONFIRMATION_OK"
25720,4021973076,4021973112,1,"IOTHUB_CLIENT_CONFIRMATION_OK"
25721,4021973276,4021973403,1,"IOTHUB_CLIENT_CONFIRMATION_OK"
25722,4021973476,4021973518,1,"IOTHUB_CLIENT_CONFIRMATION_OK"
25723,4021973677,4021973733,1,"IOTHUB_CLIENT_CONFIRMATION_OK"
25724,4021973877,4021974015,1,"IOTHUB_CLIENT_CONFIRMATION_OK"
25725,4021974077,4021974115,1,"IOTHUB_CLIENT_CONFIRMATION_OK"
25726,4021974277,4021974353,1,"IOTHUB_CLIENT_CONFIRMATION_OK"
25727,4021974477,4021974616,1,"IOTHUB_CLIENT_CONFIRMATION_OK"
25728,4021974677,4021974712,1,"IOTHUB_CLIENT_CONFIRMATION_OK"
25729,4021974877,4021974917,1,"IOTHUB_CLIENT_CONFIRMATION_OK"
25730,4021975078,4021975115,1,"IOTHUB_CLIENT_CONFIRMATION_OK"
25731,4021975278,4021975329,1,"IOTHUB_CLIENT_CONFIRMATION_OK"
25732,4021975478,4021975513,1,"IOTHUB_CLIENT_CONFIRMATION_OK"
25733,4021975678,4021975717,1,"IOTHUB_CLIENT_CONFIRMATION_OK"
25734,4021975878,4021975918,1,"IOTHUB_CLIENT_CONFIRMATION_OK"
25735,4021976078,4021976124,1,"IOTHUB_CLIENT_CONFIRMATION_OK"
25736,4021976279,4021976358,1,"IOTHUB_CLIENT_CONFIRMATION_OK"
25737,4021976479,4021976584,1,"IOTHUB_CLIENT_CONFIRMATION_OK"
25738,4021976679,4021976713,1,"IOTHUB_CLIENT_CONFIRMATION_OK"
25739,4021976879,4021976914,1,"IOTHUB_CLIENT_CONFIRMATION_OK"
25740,4021977079,4021977177,1,"IOTHUB_CLIENT_CONFIRMATION_OK"
25741,4021977279,4021977355,1,"IOTHUB_CLIENT_CONFIRMATION_OK"
25742,4021977479,4021977540,1,"IOTHUB_CLIENT_CONFIRMATION_OK"
25743,4021977680,4021977715,1,"IOTHUB_CLIENT_CONFIRMATION_OK"
25744,4021977880,4021977920,1,"IOTHUB_CLIENT_CONFIRMATION_OK"
25745,4021978080,4021978110,1,"IOTHUB_CLIENT_CONFIRMATION_OK"
25746,4021978280,4021978318,1,"IOTHUB_CLIENT_CONFIRMATION_OK"
25747,4021978480,4021978531,1,"IOTHUB_CLIENT_CONFIRMATION_OK"
25748,4021978680,4021978728,1,"IOTHUB_CLIENT_CONFIRMATION_OK"
25749,4021978881,4021978912,1,"IOTHUB_CLIENT_CONFIRMATION_OK"
25750,4021979081,4021979123,1,"IOTHUB_CLIENT_CONFIRMATION_OK"
25751,4021979281,4021979316,1,"IOTHUB_CLIENT_CONFIRMATION_OK"
25752,4021979481,4021979527,1,"IOTHUB_CLIENT_CONFIRMATION_OK"
25753,4021979681,4021979740,1,"IOTHUB_CLIENT_CONFIRMATION_OK"
25754,4021979881,4021979915,1,"IOTHUB_CLIENT_CONFIRMATION_OK"
25755,4021980081,4021980122,1,"IOTHUB_CLIENT_CONFIRMATION_OK"
25756,4021980282,4021980506,1,"IOTHUB_CLIENT_CONFIRMATION_OK"
25757,4021980482,4021980542,1,"IOTHUB_CLIENT_CONFIRMATION_OK"
25758,4021980682,4021980727,1,"IOTHUB_CLIENT_CONFIRMATION_OK"
25759,4021980882,4021980933,1,"IOTHUB_CLIENT_CONFIRMATION_OK"
25760,4021981082,4021981212,1,"IOTHUB_CLIENT_CONFIRMATION_OK"
25761,4021981282,4021981320,1,"IOTHUB_CLIENT_CONFIRMATION_OK"
25762,4021981483,4021981518,1,"IOTHUB_CLIENT_CONFIRMATION_OK"
25763,4021981683,4021981724,1,"IOTHUB_CLIENT_CONFIRMATION_OK"
25764,4021981883,4021981922,1,"IOTHUB_CLIENT_CONFIRMATION_OK"
25765,4021982083,4021982126,1,"IOTHUB_CLIENT_CONFIRMATION_OK"
25766,4021982283,4021982330,1,"IOTHUB_CLIENT_CONFIRMATION_OK"
25767,4021982483,4021982526,1,"IOTHUB_CLIENT_CONFIRMATION_OK"
25768,4021982683,4021982717,1,"IOTHUB_CLIENT_CONFIRMATION_OK"
25769,4021982884,4021982929,1,"IOTHUB_CLIENT_CONFIRMATION_OK"
25770,4021983084,4021983117,1,"IOTHUB_CLIENT_CONFIRMATION_OK"
25771,4021983284,4021983329,1,"IOTHUB_CLIENT_CONFIRMATION_OK"
25772,4021983484,4021983516,1,"IOTHUB_CLIENT_CONFIRMATION_OK"
25773,4021983684,4021983727,1,"IOTHUB_CLIENT_CONFIRMATION_OK"
25774,4021983884,4021983946,1,"IOTHUB_CLIENT_CONFIRMATION_OK"
25775,4021984084,4021984126,1,"IOTHUB_CLIENT_CONFIRMATION_OK"
25776,4021984285,4021984367,1,"IOTHUB_CLIENT_CONFIRMATION_OK"
25777,4021984485,4021984543,1,"IOTHUB_CLIENT_CONFIRMATION_OK"
25778,4021984685,4021984719,1,"IOTHUB_CLIENT_CONFIRMATION_OK"
25779,4021984885,4021984987,1,"IOTHUB_CLIENT_CONFIRMATION_OK"
25780,4021985085,4021985129,1,"IOTHUB_CLIENT_CONFIRMATION_OK"
25781,4021985285,4021985317,1,"IOTHUB_CLIENT_CONFIRMATION_OK"
25782,4021985486,4021985585,1,"IOTHUB_CLIENT_CONFIRMATION_OK"
25783,4021985686,4021985724,1,"IOTHUB_CLIENT_CONFIRMATION_OK"
25784,4021985886,4021985917,1,"IOTHUB_CLIENT_CONFIRMATION_OK"
25785,4021986086,4021986205,1,"IOTHUB_CLIENT_CONFIRMATION_OK"
25786,4021986286,4021986324,1,"IOTHUB_CLIENT_CONFIRMATION_OK"
25787,4021986486,4021986527,1,"IOTHUB_CLIENT_CONFIRMATION_OK"
25788,4021986687,4021986725,1,"IOTHUB_CLIENT_CONFIRMATION_OK"
25789,4021986887,4021986931,1,"IOTHUB_CLIENT_CONFIRMATION_OK"
25790,4021987087,4021987133,1,"IOTHUB_CLIENT_CONFIRMATION_OK"
25791,4021987287,4021987322,1,"IOTHUB_CLIENT_CONFIRMATION_OK"
25792,4021987487,4021987519,1,"IOTHUB_CLIENT_CONFIRMATION_OK"
25793,4021987687,4021987723,1,"IOTHUB_CLIENT_CONFIRMATION_OK"
25794,4021987888,4021987948,1,"IOTHUB_CLIENT_CONFIRMATION_OK"
25795,4021988088,4021988240,1,"IOTHUB_CLIENT_CONFIRMATION_OK"
25796,4021988288,4021988340,1,"IOTHUB_CLIENT_CONFIRMATION_OK"
25797,4021988488,4021988551,1,"IOTHUB_CLIENT_CONFIRMATION_OK"
25798,4021988688,4021988967,1,"IOTHUB_CLIENT_CONFIRMATION_OK"
25799,4021988888,4021988983,1,"IOTHUB_CLIENT_CONFIRMATION_OK"
25800,4021989088,4021989123,1,"IOTHUB_CLIENT_CONFIRMATION_OK"
25801,4021989289,4021989338,1,"IOTHUB_CLIENT_CONFIRMATION_OK"
25802,4021989489,4021989548,1,"IOTHUB_CLIENT_CONFIRMATION_OK"
25803,4021989689,4021989722,1,"IOTHUB_CLIENT_CONFIRMATION_OK"
25804,4021989889,4021989945,1,"IOTHUB_CLIENT_CONFIRMATION_OK"
25805,4021990089,4021990185,1,"IOTHUB_CLIENT_CONFIRMATION_OK"
25806,4021990289,4021990321,1,"IOTHUB_CLIENT_CONFIRMATION_OK"
25807,4021990490,4021990542,1,"IOTHUB_CLIENT_CONFIRMATION_OK"
25808,4021990690,4021990821,1,"IOTHUB_CLIENT_CONFIRMATION_OK"
25809,4021990890,4021990942,1,"IOTHUB_CLIENT_CONFIRMATION_OK"
25810,4021991090,4021991137,1,"IOTHUB_CLIENT_CONFIRMATION_OK"
25811,4021991290,4021991402,1,"IOTHUB_CLIENT_CONFIRMATION_OK"
25812,4021991490,4021991530,1,"IOTHUB_CLIENT_CONFIRMATION_OK"
25813,4021991690,4021991734,1,"IOTHUB_CLIENT_CONFIRMATION_OK"
25814,4021991891,4021991946,1,"IOTHUB_CLIENT_CONFIRMATION_OK"
25815,4021992091,4021992142,1,"IOTHUB_CLIENT_CONFIRMATION_OK"
25816,4021992291,4021992330,1,"IOTHUB_CLIENT_CONFIRMATION_OK"
25817,4021992491,4021992527,1,"IOTHUB_CLIENT_CONFIRMATION_OK"
25818,4021992691,4021992746,1,"IOTHUB_CLIENT_CONFIRMATION_OK"
25819,4021992891,4021992938,1,"IOTHUB_CLIENT_CONFIRMATION_OK"
25820,4021993092,4021993121,1,"IOTHUB_CLIENT_CONFIRMATION_OK"
25821,4021993292,4021993342,1,"IOTHUB_CLIENT_CONFIRMATION_OK"
25822,4021993492,4021993530,1,"IOTHUB_CLIENT_CONFIRMATION_OK"
25823,4021993692,4021993740,1,"IOTHUB_CLIENT_CONFIRMATION_OK"
25824,4021993892,4021994050,1,"IOTHUB_CLIENT_CONFIRMATION_OK"
25825,4021994092,4021994146,1,"IOTHUB_CLIENT_CONFIRMATION_OK"
25826,4021994292,4021994328,1,"IOTHUB_CLIENT_CONFIRMATION_OK"
25827,4021994493,4021994664,1,"IOTHUB_CLIENT_CONFIRMATION_OK"
25828,4021994693,4021994731,1,"IOTHUB_CLIENT_CONFIRMATION_OK"
25829,4021994893,4021994948,1,"IOTHUB_CLIENT_CONFIRMATION_OK"
25830,4021995093,4021995134,1,"IOTHUB_CLIENT_CONFIRMATION_OK"
25831,4021995293,4021995337,1,"IOTHUB_CLIENT_CONFIRMATION_OK"
25832,4021995493,4021995538,1,"IOTHUB_CLIENT_CONFIRMATION_OK"
25833,4021995694,4021995734,1,"IOTHUB_CLIENT_CONFIRMATION_OK"
25834,4021995894,4021995956,1,"IOTHUB_CLIENT_CONFIRMATION_OK"
25835,4021996094,4021996143,1,"IOTHUB_CLIENT_CONFIRMATION_OK"
25836,4021996294,4021996335,1,"IOTHUB_CLIENT_CONFIRMATION_OK"
25837,4021996494,4021996557,1,"IOTHUB_CLIENT_CONFIRMATION_OK"
25838,4021996694,4021996739,1,"IOTHUB_CLIENT_CONFIRMATION_OK"
25839,4021996894,4021996956,1,"IOTHUB_CLIENT_CONFIRMATION_OK"
25840,4021997095,4021997204,1,"IOTHUB_CLIENT_CONFIRMATION_OK"
25841,4021997295,4021997333,1,"IOTHUB_CLIENT_CONFIRMATION_OK"
25842,4021997495,4021997620,1,"IOTHUB_CLIENT_CONFIRMATION_OK"
25843,4021997695,4021997735,1,"IOTHUB_CLIENT_CONFIRMATION_OK"
25844,4021997895,4021997936,1,"IOTHUB_CLIENT_CONFIRMATION_OK"
25845,4021998095,4021998156,1,"IOTHUB_CLIENT_CONFIRMATION_OK"
25846,4021998295,4021998344,1,"IOTHUB_CLIENT_CONFIRMATION_OK"
25847,4021998496,4021998537,1,"IOTHUB_CLIENT_CONFIRMATION_OK"
25848,4021998696,4021998742,1,"IOTHUB_CLIENT_CONFIRMATION_OK"
25849,4021998896,4021998932,1,"IOTHUB_CLIENT_CONFIRMATION_OK"
25850,4021999096,4021999222,1,"IOTHUB_CLIENT_CONFIRMATION_OK"
25851,4021999296,4021999347,1,"IOTHUB_CLIENT_CONFIRMATION_OK"
25852,4021999496,4021999548,1,"IOTHUB_CLIENT_CONFIRMATION_OK"
25853,4021999697,4021999833,1,"IOTHUB_CLIENT_CONFIRMATION_OK"
25854,4021999897,4021999942,1,"IOTHUB_CLIENT_CONFIRMATION_OK"
25855,4022000097,4022000131,1,"IOTHUB_CLIENT_CONFIRMATION_OK"
25856,4022000297,4022000434,1,"IOTHUB_CLIENT_CONFIRMATION_OK"
25857,4022000497,4022000527,1,"IOTHUB_CLIENT_CONFIRMATION_OK"
25858,4022000697,4022000727,1,"IOTHUB_CLIENT_CONFIRMATION_OK"
25859,4022000898,4022000939,1,"IOTHUB_CLIENT_CONFIRMATION_OK"
25860,4022001098,4022001143,1,"IOTHUB_CLIENT_CONFIRMATION_OK"
25861,4022001298,4022001347,1,"IOTHUB_CLIENT_CONFIRMATION_OK"
25862,4022001498,4022001544,1,"IOTHUB_CLIENT_CONFIRMATION_OK"
25863,4022001698,4022001746,1,"IOTHUB_CLIENT_CONFIRMATION_OK"
25864,4022001898,4022001947,1,"IOTHUB_CLIENT_CONFIRMATION_OK"
25865,4022002098,4022002156,1,"IOTHUB_CLIENT_CONFIRMATION_OK"
25866,4022002299,4022002336,1,"IOTHUB_CLIENT_CONFIRMATION_OK"
25867,4022002499,4022002548,1,"IOTHUB_CLIENT_CONFIRMATION_OK"
25868,4022002699,4022002765,1,"IOTHUB_CLIENT_CONFIRMATION_OK"
25869,4022002899,4022002977,1,"IOTHUB_CLIENT_CONFIRMATION_OK"
25870,4022003099,4022003151,1,"IOTHUB_CLIENT_CONFIRMATION_OK"
25871,4022003299,4022003340,1,"IOTHUB_CLIENT_CONFIRMATION_OK"
25872,4022003499,4022003541,1,"IOTHUB_CLIENT_CONFIRMATION_OK"
25873,4022003700,4022003746,1,"IOTHUB_CLIENT_CONFIRMATION_OK"
25874,4022003900,4022004015,1,"IOTHUB_CLIENT_CONFIRMATION_OK"
25875,4022004100,4022004144,1,"IOTHUB_CLIENT_CONFIRMATION_OK"
25876,4022004300,4022004394,1,"IOTHUB_CLIENT_CONFIRMATION_OK"
25877,4022004500,4022004543,1,"IOTHUB_CLIENT_CONFIRMATION_OK"
25878,4022004700,4022004739,1,"IOTHUB_CLIENT_CONFIRMATION_OK"
25879,4022004901,4022005015,1,"IOTHUB_CLIENT_CONFIRMATION_OK"
25880,4022005101,4022005138,1,"IOTHUB_CLIENT_CONFIRMATION_OK"
25881,4022005301,4022005341,1,"IOTHUB_CLIENT_CONFIRMATION_OK"
25882,4022005501,4022005618,1,"IOTHUB_CLIENT_CONFIRMATION_OK"
25883,4022005701,4022005735,1,"IOTHUB_CLIENT_CONFIRMATION_OK"
25884,4022005901,4022005989,1,"IOTHUB_CLIENT_CONFIRMATION_OK"
25885,4022006102,4022006211,1,"IOTHUB_CLIENT_CONFIRMATION_OK"
25886,4022006302,4022006346,1,"IOTHUB_CLIENT_CONFIRMATION_OK"
25887,4022006502,4022006559,1,"IOTHUB_CLIENT_CONFIRMATION_OK"
25888,4022006702,4022006748,1,"IOTHUB_CLIENT_CONFIRMATION_OK"
25889,4022006902,4022006938,1,"IOTHUB_CLIENT_CONFIRMATION_OK"
25890,4022007102,4022007164,1,"IOTHUB_CLIENT_CONFIRMATION_OK"
25891,4022007302,4022007342,1,"IOTHUB_CLIENT_CONFIRMATION_OK"
25892,4022007503,4022007547,1,"IOTHUB_CLIENT_CONFIRMATION_OK"
25893,4022007703,4022007753,1,"IOTHUB_CLIENT_CONFIRMATION_OK"
25894,4022007903,4022007961,1,"IOTHUB_CLIENT_CONFIRMATION_OK"
25895,4022008103,4022008263,1,"IOTHUB_CLIENT_CONFIRMATION_OK"
25896,4022008303,4022008337,1,"IOTHUB_CLIENT_CONFIRMATION_OK"
25897,4022008503,4022008562,1,"IOTHUB_CLIENT_CONFIRMATION_OK"
25898,4022008703,4022008946,1,"IOTHUB_CLIENT_CONFIRMATION_OK"
25899,4022008904,4022008991,1,"IOTHUB_CLIENT_CONFIRMATION_OK"
25900,4022009104,4022009141,1,"IOTHUB_CLIENT_CONFIRMATION_OK"
25901,4022009304,4022009336,1,"IOTHUB_CLIENT_CONFIRMATION_OK"
25902,4022009504,4022009545,1,"IOTHUB_CLIENT_CONFIRMATION_OK"
25903,4022009704,4022009766,1,"IOTHUB_CLIENT_CONFIRMATION_OK"
25904,4022009904,4022009952,1,"IOTHUB_CLIENT_CONFIRMATION_OK"
25905,4022010105,4022010151,1,"IOTHUB_CLIENT_CONFIRMATION_OK"
25906,4022010305,4022010342,1,"IOTHUB_CLIENT_CONFIRMATION_OK"
25907,4022010505,4022010535,1,"IOTHUB_CLIENT_CONFIRMATION_OK"
25908,4022010705,4022010749,1,"IOTHUB_CLIENT_CONFIRMATION_OK"
25909,4022010905,4022010938,1,"IOTHUB_CLIENT_CONFIRMATION_OK"
25910,4022011105,4022011151,1,"IOTHUB_CLIENT_CONFIRMATION_OK"
25911,4022011305,4022011377,1,"IOTHUB_CLIENT_CONFIRMATION_OK"
25912,4022011506,4022011546,1,"IOTHUB_CLIENT_CONFIRMATION_OK"
25913,4022011706,4022011746,1,"IOTHUB_CLIENT_CONFIRMATION_OK"
25914,4022011906,4022012014,1,"IOTHUB_CLIENT_CONFIRMATION_OK"
25915,4022012106,4022012153,1,"IOTHUB_CLIENT_CONFIRMATION_OK"
25916,4022012306,4022012350,1,"IOTHUB_CLIENT_CONFIRMATION_OK"
25917,4022012506,4022012545,1,"IOTHUB_CLIENT_CONFIRMATION_OK"
25918,4022012707,4022012742,1,"IOTHUB_CLIENT_CONFIRMATION_OK"
25919,4022012907,4022012957,1,"IOTHUB_CLIENT_CONFIRMATION_OK"
25920,4022013107,4022013151,1,"IOTHUB_CLIENT_CONFIRMATION_OK"
25921,4022013307,4022013429,1,"IOTHUB_CLIENT_CONFIRMATION_OK"
25922,4022013507,4022013545,1,"IOTHUB_CLIENT_CONFIRMATION_OK"
25923,4022013707,4022013757,1,"IOTHUB_CLIENT_CONFIRMATION_OK"
25924,4022013908,4022014147,1,"IOTHUB_CLIENT_CONFIRMATION_OK"
25925,4022014108,4022014177,1,"IOTHUB_CLIENT_CONFIRMATION_OK"
25926,4022014308,4022014345,1,"IOTHUB_CLIENT_CONFIRMATION_OK"
25927,4022014508,4022014625,1,"IOTHUB_CLIENT_CONFIRMATION_OK"
25928,4022014708,4022014744,1,"IOTHUB_CLIENT_CONFIRMATION_OK"
25929,4022014908,4022014974,1,"IOTHUB_CLIENT_CONFIRMATION_OK"
25930,4022015109,4022015147,1,"IOTHUB_CLIENT_CONFIRMATION_OK"
25931,4022015309,4022015358,1,"IOTHUB_CLIENT_CONFIRMATION_OK"
25932,4022015509,4022015543,1,"IOTHUB_CLIENT_CONFIRMATION_OK"
25933,4022015709,4022015745,1,"IOTHUB_CLIENT_CONFIRMATION_OK"
25934,4022015909,4022015953,1,"IOTHUB_CLIENT_CONFIRMATION_OK"
25935,4022016109,4022016157,1,"IOTHUB_CLIENT_CONFIRMATION_OK"
25936,4022016309,4022016359,1,"IOTHUB_CLIENT_CONFIRMATION_OK"
25937,4022016510,4022016554,1,"IOTHUB_CLIENT_CONFIRMATION_OK"
25938,4022016710,4022016754,1,"IOTHUB_CLIENT_CONFIRMATION_OK"
25939,4022016910,4022016975,1,"IOTHUB_CLIENT_CONFIRMATION_OK"
25940,4022017110,4022017312,1,"IOTHUB_CLIENT_CONFIRMATION_OK"
25941,4022017310,4022017360,1,"IOTHUB_CLIENT_CONFIRMATION_OK"
25942,4022017510,4022017567,1,"IOTHUB_CLIENT_CONFIRMATION_OK"
25943,4022017710,4022017756,1,"IOTHUB_CLIENT_CONFIRMATION_OK"
25944,4022017911,4022017991,1,"IOTHUB_CLIENT_CONFIRMATION_OK"
25945,4022018111,4022018155,1,"IOTHUB_CLIENT_CONFIRMATION_OK"
25946,4022018311,4022018353,1,"IOTHUB_CLIENT_CONFIRMATION_OK"
25947,4022018511,4022018586,1,"IOTHUB_CLIENT_CONFIRMATION_OK"
25948,4022018711,4022018757,1,"IOTHUB_CLIENT_CONFIRMATION_OK"
25949,4022018911,4022018957,1,"IOTHUB_CLIENT_CONFIRMATION_OK"
25950,4022019112,4022019202,1,"IOTHUB_CLIENT_CONFIRMATION_OK"
25951,4022019312,4022019350,1,"IOTHUB_CLIENT_CONFIRMATION_OK"
25952,4022019512,4022019595,1,"IOTHUB_CLIENT_CONFIRMATION_OK"
25953,4022019712,4022019821,1,"IOTHUB_CLIENT_CONFIRMATION_OK"
25954,4022019912,4022019972,1,"IOTHUB_CLIENT_CONFIRMATION_OK"
25955,4022020112,4022020160,1,"IOTHUB_CLIENT_CONFIRMATION_OK"
25956,4022020313,4022020443,1,"IOTHUB_CLIENT_CONFIRMATION_OK"
25957,4022020513,4022020542,1,"IOTHUB_CLIENT_CONFIRMATION_OK"
25958,4022020713,4022020766,1,"IOTHUB_CLIENT_CONFIRMATION_OK"
25959,4022020913,4022020944,1,"IOTHUB_CLIENT_CONFIRMATION_OK"
25960,4022021113,4022021145,1,"IOTHUB_CLIENT_CONFIRMATION_OK"
25961,4022021313,4022021352,1,"IOTHUB_CLIENT_CONFIRMATION_OK"
25962,4022021513,4022021554,1,"IOTHUB_CLIENT_CONFIRMATION_OK"
25963,4022021714,4022021755,1,"IOTHUB_CLIENT_CONFIRMATION_OK"
25964,4022021914,4022021951,1,"IOTHUB_CLIENT_CONFIRMATION_OK"
25965,4022022114,4022022154,1,"IOTHUB_CLIENT_CONFIRMATION_OK"
25966,4022022314,4022022364,1,"IOTHUB_CLIENT_CONFIRMATION_OK"
25967,4022022514,4022022586,1,"IOTHUB_CLIENT_CONFIRMATION_OK"
25968,4022022714,4022022756,1,"IOTHUB_CLIENT_CONFIRMATION_OK"
25969,4022022915,4022023102,1,"IOTHUB_CLIENT_CONFIRMATION_OK"
25970,4022023115,4022023148,1,"IOTHUB_CLIENT_CONFIRMATION_OK"
25971,4022023315,4022023506,1,"IOTHUB_CLIENT_CONFIRMATION_OK"
25972,4022023515,4022023574,1,"IOTHUB_CLIENT_CONFIRMATION_OK"
25973,4022023715,4022023770,1,"IOTHUB_CLIENT_CONFIRMATION_OK"
25974,4022023915,4022023963,1,"IOTHUB_CLIENT_CONFIRMATION_OK"
25975,4022024116,4022024173,1,"IOTHUB_CLIENT_CONFIRMATION_OK"
25976,4022024316,4022024385,1,"IOTHUB_CLIENT_CONFIRMATION_OK"
25977,4022024516,4022024552,1,"IOTHUB_CLIENT_CONFIRMATION_OK"
25978,4022024716,4022024756,1,"IOTHUB_CLIENT_CONFIRMATION_OK"
25979,4022024916,4022024994,1,"IOTHUB_CLIENT_CONFIRMATION_OK"
25980,4022025116,4022025151,1,"IOTHUB_CLIENT_CONFIRMATION_OK"
25981,4022025316,4022025354,1,"IOTHUB_CLIENT_CONFIRMATION_OK"
25982,4022025517,4022025585,1,"IOTHUB_CLIENT_CONFIRMATION_OK"
25983,4022025717,4022025770,1,"IOTHUB_CLIENT_CONFIRMATION_OK"
25984,4022025917,4022025957,1,"IOTHUB_CLIENT_CONFIRMATION_OK"
25985,4022026117,4022026159,1,"IOTHUB_CLIENT_CONFIRMATION_OK"
25986,4022026317,4022026357,1,"IOTHUB_CLIENT_CONFIRMATION_OK"
25987,4022026517,4022026557,1,"IOTHUB_CLIENT_CONFIRMATION_OK"
25988,4022026717,4022026760,1,"IOTHUB_CLIENT_CONFIRMATION_OK"
25989,4022026918,4022026987,1,"IOTHUB_CLIENT_CONFIRMATION_OK"
25990,4022027118,4022027264,1,"IOTHUB_CLIENT_CONFIRMATION_OK"
25991,4022027318,4022027361,1,"IOTHUB_CLIENT_CONFIRMATION_OK"
25992,4022027518,4022027594,1,"IOTHUB_CLIENT_CONFIRMATION_OK"
25993,4022027718,4022027761,1,"IOTHUB_CLIENT_CONFIRMATION_OK"
25994,4022027918,4022027975,1,"IOTHUB_CLIENT_CONFIRMATION_OK"
25995,4022028119,4022028178,1,"IOTHUB_CLIENT_CONFIRMATION_OK"
25996,4022028319,4022028464,1,"IOTHUB_CLIENT_CONFIRMATION_OK"
25997,4022028519,4022028562,1,"IOTHUB_CLIENT_CONFIRMATION_OK"
25998,4022028719,4022028803,1,"IOTHUB_CLIENT_CONFIRMATION_OK"
25999,4022028919,4022028957,1,"IOTHUB_CLIENT_CONFIRMATION_OK"
26000,4022029119,4022029165,1,"IOTHUB_CLIENT_CONFIRMATION_OK"
26001,4022029319,4022029357,1,"IOTHUB_CLIENT_CONFIRMATION_OK"
26002,4022029520,4022029557,1,"IOTHUB_CLIENT_CONFIRMATION_OK"
26003,4022029720,4022029748,1,"IOTHUB_CLIENT_CONFIRMATION_OK"
26004,4022029920,4022029958,1,"IOTHUB_CLIENT_CONFIRMATION_OK"
26005,4022030120,4022030266,1,"IOTHUB_CLIENT_CONFIRMATION_OK"
26006,4022030320,4022030368,1,"IOTHUB_CLIENT_CONFIRMATION_OK"
26007,4022030520,4022030556,1,"IOTHUB_CLIENT_CONFIRMATION_OK"
26008,4022030721,4022030847,1,"IOTHUB_CLIENT_CONFIRMATION_OK"
26009,4022030921,4022030963,1,"IOTHUB_CLIENT_CONFIRMATION_OK"
26010,4022031121,4022031188,1,"IOTHUB_CLIENT_CONFIRMATION_OK"
26011,4022031321,4022031439,1,"IOTHUB_CLIENT_CONFIRMATION_OK"
26012,4022031521,4022031560,1,"IOTHUB_CLIENT_CONFIRMATION_OK"
26013,4022031721,4022031762,1,"IOTHUB_CLIENT_CONFIRMATION_OK"
26014,4022031921,4022031955,1,"IOTHUB_CLIENT_CONFIRMATION_OK"
26015,4022032122,4022032155,1,"IOTHUB_CLIENT_CONFIRMATION_OK"
26016,4022032322,4022032361,1,"IOTHUB_CLIENT_CONFIRMATION_OK"
26017,4022032522,4022032569,1,"IOTHUB_CLIENT_CONFIRMATION_OK"
26018,4022032722,4022032765,1,"IOTHUB_CLIENT_CONFIRMATION_OK"
26019,4022032922,4022032970,1,"IOTHUB_CLIENT_CONFIRMATION_OK"
26020,4022033122,4022033158,1,"IOTHUB_CLIENT_CONFIRMATION_OK"
26021,4022033323,4022033356,1,"IOTHUB_CLIENT_CONFIRMATION_OK"
26022,4022033523,4022033555,1,"IOTHUB_CLIENT_CONFIRMATION_OK"
26023,4022033723,4022033753,1,"IOTHUB_CLIENT_CONFIRMATION_OK"
26024,4022033923,4022034101,1,"IOTHUB_CLIENT_CONFIRMATION_OK"
26025,4022034123,4022034162,1,"IOTHUB_CLIENT_CONFIRMATION_OK"
26026,4022034323,4022034371,1,"IOTHUB_CLIENT_CONFIRMATION_OK"
26027,4022034523,4022034763,1,"IOTHUB_CLIENT_CONFIRMATION_OK"
26028,4022034724,4022034800,1,"IOTHUB_CLIENT_CONFIRMATION_OK"
26029,4022034924,4022034975,1,"IOTHUB_CLIENT_CONFIRMATION_OK"
26030,4022035124,4022035181,1,"IOTHUB_CLIENT_CONFIRMATION_OK"
26031,4022035324,4022035385,1,"IOTHUB_CLIENT_CONFIRMATION_OK"
26032,4022035524,4022035564,1,"IOTHUB_CLIENT_CONFIRMATION_OK"
26033,4022035724,4022035755,1,"IOTHUB_CLIENT_CONFIRMATION_OK"
26034,4022035924,4022036028,1,"IOTHUB_CLIENT_CONFIRMATION_OK"
26035,4022036125,4022036160,1,"IOTHUB_CLIENT_CONFIRMATION_OK"
26036,4022036325,4022036363,1,"IOTHUB_CLIENT_CONFIRMATION_OK"
26037,4022036525,4022036624,1,"IOTHUB_CLIENT_CONFIRMATION_OK"
26038,4022036725,4022036768,1,"IOTHUB_CLIENT_CONFIRMATION_OK"
26039,4022036925,4022037011,1,"IOTHUB_CLIENT_CONFIRMATION_OK"
26040,4022037125,4022037209,1,"IOTHUB_CLIENT_CONFIRMATION_OK"
26041,4022037326,4022037360,1,"IOTHUB_CLIENT_CONFIRMATION_OK"
26042,4022037526,4022037575,1,"IOTHUB_CLIENT_CONFIRMATION_OK"
26043,4022037726,4022037775,1,"IOTHUB_CLIENT_CONFIRMATION_OK"
26044,4022037926,4022037967,1,"IOTHUB_CLIENT_CONFIRMATION_OK"
26045,4022038126,4022038175,1,"IOTHUB_CLIENT_CONFIRMATION_OK"
26046,4022038326,4022038363,1,"IOTHUB_CLIENT_CONFIRMATION_OK"
26047,4022038527,4022038564,1,"IOTHUB_CLIENT_CONFIRMATION_OK"
26048,4022038727,4022038782,1,"IOTHUB_CLIENT_CONFIRMATION_OK"
26049,4022038927,4022038967,1,"IOTHUB_CLIENT_CONFIRMATION_OK"
26050,4022039127,4022039240,1,"IOTHUB_CLIENT_CONFIRMATION_OK"
26051,4022039327,4022039480,1,"IOTHUB_CLIENT_CONFIRMATION_OK"
26052,4022039527,4022039561,1,"IOTHUB_CLIENT_CONFIRMATION_OK"
26053,4022039727,4022039859,1,"IOTHUB_CLIENT_CONFIRMATION_OK"
26054,4022039928,4022039991,1,"IOTHUB_CLIENT_CONFIRMATION_OK"
26055,4022040128,4022040165,1,"IOTHUB_CLIENT_CONFIRMATION_OK"
26056,4022040328,4022040512,1,"IOTHUB_CLIENT_CONFIRMATION_OK"
26057,4022040528,4022040578,1,"IOTHUB_CLIENT_CONFIRMATION_OK"
26058,4022040728,4022040770,1,"IOTHUB_CLIENT_CONFIRMATION_OK"
26059,4022040928,4022040975,1,"IOTHUB_CLIENT_CONFIRMATION_OK"
26060,4022041129,4022041168,1,"IOTHUB_CLIENT_CONFIRMATION_OK"
26061,4022041329,4022041387,1,"IOTHUB_CLIENT_CONFIRMATION_OK"
26062,4022041529,4022041572,1,"IOTHUB_CLIENT_CONFIRMATION_OK"
26063,4022041729,4022041769,1,"IOTHUB_CLIENT_CONFIRMATION_OK"
26064,4022041929,4022041973,1,"IOTHUB_CLIENT_CONFIRMATION_OK"
26065,4022042129,4022042174,1,"IOTHUB_CLIENT_CONFIRMATION_OK"
26066,4022042329,4022042384,1,"IOTHUB_CLIENT_CONFIRMATION_OK"
26067,4022042530,4022042568,1,"IOTHUB_CLIENT_CONFIRMATION_OK"
26068,4022042730,4022042775,1,"IOTHUB_CLIENT_CONFIRMATION_OK"
26069,4022042930,4022042983,1,"IOTHUB_CLIENT_CONFIRMATION_OK"
26070,4022043130,4022043171,1,"IOTHUB_CLIENT_CONFIRMATION_OK"
26071,4022043330,4022043377,1,"IOTHUB_CLIENT_CONFIRMATION_OK"
26072,4022043530,4022043590,1,"IOTHUB_CLIENT_CONFIRMATION_OK"
26073,4022043731,4022043784,1,"IOTHUB_CLIENT_CONFIRMATION_OK"
26074,4022043931,4022043970,1,"IOTHUB_CLIENT_CONFIRMATION_OK"
26075,4022044131,4022044165,1,"IOTHUB_CLIENT_CONFIRMATION_OK"
26076,4022044331,4022044396,1,"IOTHUB_CLIENT_CONFIRMATION_OK"
26077,4022044531,4022044569,1,"IOTHUB_CLIENT_CONFIRMATION_OK"
26078,4022044731,4022044769,1,"IOTHUB_CLIENT_CONFIRMATION_OK"
26079,4022044932,4022045025,1,"IOTHUB_CLIENT_CONFIRMATION_OK"
26080,4022045132,4022045185,1,"IOTHUB_CLIENT_CONFIRMATION_OK"
26081,4022045332,4022045383,1,"IOTHUB_CLIENT_CONFIRMATION_OK"
26082,4022045532,4022045648,1,"IOTHUB_CLIENT_CONFIRMATION_OK"
26083,4022045732,4022045776,1,"IOTHUB_CLIENT_CONFIRMATION_OK"
26084,4022045932,4022045981,1,"IOTHUB_CLIENT_CONFIRMATION_OK"
26085,4022046132,4022046239,1,"IOTHUB_CLIENT_CONFIRMATION_OK"
26086,4022046333,4022046369,1,"IOTHUB_CLIENT_CONFIRMATION_OK"
26087,4022046533,4022046573,1,"IOTHUB_CLIENT_CONFIRMATION_OK"
26088,4022046733,4022046775,1,"IOTHUB_CLIENT_CONFIRMATION_OK"
26089,4022046933,4022047024,1,"IOTHUB_CLIENT_CONFIRMATION_OK"
26090,4022047133,4022047197,1,"IOTHUB_CLIENT_CONFIRMATION_OK"
26091,4022047333,4022047376,1,"IOTHUB_CLIENT_CONFIRMATION_OK"
26092,4022047534,4022047566,1,"IOTHUB_CLIENT_CONFIRMATION_OK"
26093,4022047734,4022047774,1,"IOTHUB_CLIENT_CONFIRMATION_OK"
26094,4022047934,4022047995,1,"IOTHUB_CLIENT_CONFIRMATION_OK"
26095,4022048134,4022048271,1,"IOTHUB_CLIENT_CONFIRMATION_OK"
26096,4022048334,4022048377,1,"IOTHUB_CLIENT_CONFIRMATION_OK"
26097,4022048534,4022048568,1,"IOTHUB_CLIENT_CONFIRMATION_OK"
26098,4022048735,4022048901,1,"IOTHUB_CLIENT_CONFIRMATION_OK"
26099,4022048935,4022049047,1,"IOTHUB_CLIENT_CONFIRMATION_OK"
26100,4022049135,4022049194,1,"IOTHUB_CLIENT_CONFIRMATION_OK"
26101,4022049335,4022049371,1,"IOTHUB_CLIENT_CONFIRMATION_OK"
26102,4022049535,4022049618,1,"IOTHUB_CLIENT_CONFIRMATION_OK"
26103,4022049735,4022049767,1,"IOTHUB_CLIENT_CONFIRMATION_OK"
26104,4022049935,4022049985,1,"IOTHUB_CLIENT_CONFIRMATION_OK"
26105,4022050136,4022050171,1,"IOTHUB_CLIENT_CONFIRMATION_OK"
26106,4022050336,4022050371,1,"IOTHUB_CLIENT_CONFIRMATION_OK"
26107,4022050536,4022050583,1,"IOTHUB_CLIENT_CONFIRMATION_OK"
26108,4022050736,4022050779,1,"IOTHUB_CLIENT_CONFIRMATION_OK"
26109,4022050936,4022051000,1,"IOTHUB_CLIENT_CONFIRMATION_OK"
26110,4022051136,4022051172,1,"IOTHUB_CLIENT_CONFIRMATION_OK"
26111,4022051337,4022051540,1,"IOTHUB_CLIENT_CONFIRMATION_OK"
26112,4022051537,4022051578,1,"IOTHUB_CLIENT_CONFIRMATION_OK"
26113,4022051737,4022051804,1,"IOTHUB_CLIENT_CONFIRMATION_OK"
26114,4022051937,4022051991,1,"IOTHUB_CLIENT_CONFIRMATION_OK"
26115,4022052137,4022052173,1,"IOTHUB_CLIENT_CONFIRMATION_OK"
26116,4022052337,4022052434,1,"IOTHUB_CLIENT_CONFIRMATION_OK"
26117,4022052537,4022052577,1,"IOTHUB_CLIENT_CONFIRMATION_OK"
26118,4022052738,4022052769,1,"IOTHUB_CLIENT_CONFIRMATION_OK"
26119,4022052938,4022053001,1,"IOTHUB_CLIENT_CONFIRMATION_OK"
26120,4022053138,4022053183,1,"IOTHUB_CLIENT_CONFIRMATION_OK"
26121,4022053338,4022053399,1,"IOTHUB_CLIENT_CONFIRMATION_OK"
26122,4022053538,4022053580,1,"IOTHUB_CLIENT_CONFIRMATION_OK"
26123,4022053738,4022053841,1,"IOTHUB_CLIENT_CONFIRMATION_OK"
26124,4022053939,4022054061,1,"IOTHUB_CLIENT_CONFIRMATION_OK"
26125,4022054139,4022054205,1,"IOTHUB_CLIENT_CONFIRMATION_OK"
26126,4022054339,4022054376,1,"IOTHUB_CLIENT_CONFIRMATION_OK"
26127,4022054539,4022054605,1,"IOTHUB_CLIENT_CONFIRMATION_OK"
26128,4022054739,4022054788,1,"IOTHUB_CLIENT_CONFIRMATION_OK"
26129,4022054939,4022054984,1,"IOTHUB_CLIENT_CONFIRMATION_OK"
26130,4022055139,4022055232,1,"IOTHUB_CLIENT_CONFIRMATION_OK"
26131,4022055340,4022055446,1,"IOTHUB_CLIENT_CONFIRMATION_OK"
26132,4022055540,4022055584,1,"IOTHUB_CLIENT_CONFIRMATION_OK"
26133,4022055740,4022055776,1,"IOTHUB_CLIENT_CONFIRMATION_OK"
26134,4022055940,4022056102,1,"IOTHUB_CLIENT_CONFIRMATION_OK"
26135,4022056140,4022056184,1,"IOTHUB_CLIENT_CONFIRMATION_OK"
26136,4022056340,4022056401,1,"IOTHUB_CLIENT_CONFIRMATION_OK"
26137,4022056541,4022056666,1,"IOTHUB_CLIENT_CONFIRMATION_OK"
26138,4022056741,4022056796,1,"IOTHUB_CLIENT_CONFIRMATION_OK"
26139,4022056941,4022056974,1,"IOTHUB_CLIENT_CONFIRMATION_OK"
26140,4022057141,4022057275,1,"IOTHUB_CLIENT_CONFIRMATION_OK"
26141,4022057341,4022057377,1,"IOTHUB_CLIENT_CONFIRMATION_OK"
26142,4022057541,4022057602,1,"IOTHUB_CLIENT_CONFIRMATION_OK"
26143,4022057742,4022057789,1,"IOTHUB_CLIENT_CONFIRMATION_OK"
26144,4022057942,4022057990,1,"IOTHUB_CLIENT_CONFIRMATION_OK"
26145,4022058142,4022058173,1,"IOTHUB_CLIENT_CONFIRMATION_OK"
26146,4022058342,4022058388,1,"IOTHUB_CLIENT_CONFIRMATION_OK"
26147,4022058542,4022058575,1,"IOTHUB_CLIENT_CONFIRMATION_OK"
26148,4022058742,4022058806,1,"IOTHUB_CLIENT_CONFIRMATION_OK"
26149,4022058942,4022058983,1,"IOTHUB_CLIENT_CONFIRMATION_OK"
26150,4022059143,4022059174,1,"IOTHUB_CLIENT_CONFIRMATION_OK"
26151,4022059343,4022059386,1,"IOTHUB_CLIENT_CONFIRMATION_OK"
26152,4022059543,4022059574,1,"IOTHUB_CLIENT_CONFIRMATION_OK"
26153,4022059743,4022059953,1,"IOTHUB_CLIENT_CONFIRMATION_OK"
26154,4022059943,4022059990,1,"IOTHUB_CLIENT_CONFIRMATION_OK"
26155,4022060143,4022060200,1,"IOTHUB_CLIENT_CONFIRMATION_OK"
26156,4022060344,4022060534,1,"IOTHUB_CLIENT_CONFIRMATION_OK"
26157,4022060544,4022060576,1,"IOTHUB_CLIENT_CONFIRMATION_OK"
26158,4022060744,4022060780,1,"IOTHUB_CLIENT_CONFIRMATION_OK"
26159,4022060944,4022060999,1,"IOTHUB_CLIENT_CONFIRMATION_OK"
26160,4022061144,4022061198,1,"IOTHUB_CLIENT_CONFIRMATION_OK"
26161,4022061344,4022061390,1,"IOTHUB_CLIENT_CONFIRMATION_OK"
26162,4022061545,4022061602,1,"IOTHUB_CLIENT_CONFIRMATION_OK"
26163,4022061745,4022061812,1,"IOTHUB_CLIENT_CONFIRMATION_OK"
26164,4022061945,4022061985,1,"IOTHUB_CLIENT_CONFIRMATION_OK"
26165,4022062145,4022062184,1,"IOTHUB_CLIENT_CONFIRMATION_OK"
26166,4022062345,4022062433,1,"IOTHUB_CLIENT_CONFIRMATION_OK"
26167,4022062545,4022062585,1,"IOTHUB_CLIENT_CONFIRMATION_OK"
26168,4022062745,4022062823,1,"IOTHUB_CLIENT_CONFIRMATION_OK"
26169,4022062946,4022063030,1,"IOTHUB_CLIENT_CONFIRMATION_OK"
26170,4022063146,4022063196,1,"IOTHUB_CLIENT_CONFIRMATION_OK"
26171,4022063346,4022063434,1,"IOTHUB_CLIENT_CONFIRMATION_OK"
26172,4022063546,4022063594,1,"IOTHUB_CLIENT_CONFIRMATION_OK"
26173,4022063746,4022063787,1,"IOTHUB_CLIENT_CONFIRMATION_OK"
26174,4022063946,4022064021,1,"IOTHUB_CLIENT_CONFIRMATION_OK"
26175,4022064146,4022064183,1,"IOTHUB_CLIENT_CONFIRMATION_OK"
26176,4022064347,4022064460,1,"IOTHUB_CLIENT_CONFIRMATION_OK"
26177,4022064547,4022064587,1,"IOTHUB_CLIENT_CONFIRMATION_OK"
26178,4022064747,4022064788,1,"IOTHUB_CLIENT_CONFIRMATION_OK"
26179,4022064947,4022065057,1,"IOTHUB_CLIENT_CONFIRMATION_OK"
26180,4022065147,4022065178,1,"IOTHUB_CLIENT_CONFIRMATION_OK"
26181,4022065347,4022065386,1,"IOTHUB_CLIENT_CONFIRMATION_OK"
26182,4022065547,4022065689,1,"IOTHUB_CLIENT_CONFIRMATION_OK"
26183,4022065748,4022065788,1,"IOTHUB_CLIENT_CONFIRMATION_OK"
26184,4022065948,4022066060,1,"IOTHUB_CLIENT_CONFIRMATION_OK"
26185,4022066148,4022066277,1,"IOTHUB_CLIENT_CONFIRMATION_OK"
26186,4022066348,4022066387,1,"IOTHUB_CLIENT_CONFIRMATION_OK"
26187,4022066548,4022066593,1,"IOTHUB_CLIENT_CONFIRMATION_OK"
26188,4022066748,4022066805,1,"IOTHUB_CLIENT_CONFIRMATION_OK"
26189,4022066949,4022066983,1,"IOTHUB_CLIENT_CONFIRMATION_OK"
26190,4022067149,4022067181,1,"IOTHUB_CLIENT_CONFIRMATION_OK"
26191,4022067349,4022067403,1,"IOTHUB_CLIENT_CONFIRMATION_OK"
26192,4022067549,4022067580,1,"IOTHUB_CLIENT_CONFIRMATION_OK"
26193,4022067749,4022067781,1,"IOTHUB_CLIENT_CONFIRMATION_OK"
26194,4022067949,4022067989,1,"IOTHUB_CLIENT_CONFIRMATION_OK"
26195,4022068150,4022068312,1,"IOTHUB_CLIENT_CONFIRMATION_OK"
26196,4022068350,4022068387,1,"IOTHUB_CLIENT_CONFIRMATION_OK"
26197,4022068550,4022068599,1,"IOTHUB_CLIENT_CONFIRMATION_OK"
26198,4022068750,4022068926,1,"IOTHUB_CLIENT_CONFIRMATION_OK"
26199,4022068950,4022068985,1,"IOTHUB_CLIENT_CONFIRMATION_OK"
26200,4022069150,4022069185,1,"IOTHUB_CLIENT_CONFIRMATION_OK"
26201,4022069350,4022069382,1,"IOTHUB_CLIENT_CONFIRMATION_OK"
26202,4022069551,4022069584,1,"IOTHUB_CLIENT_CONFIRMATION_OK"
26203,4022069751,4022069792,1,"IOTHUB_CLIENT_CONFIRMATION_OK"
26204,4022069951,4022069982,1,"IOTHUB_CLIENT_CONFIRMATION_OK"
26205,4022070151,4022070202,1,"IOTHUB_CLIENT_CONFIRMATION_OK"
26206,4022070351,4022070398,1,"IOTHUB_CLIENT_CONFIRMATION_OK"
26207,4022070551,4022070620,1,"IOTHUB_CLIENT_CONFIRMATION_OK"
26208,4022070752,4022070814,1,"IOTHUB_CLIENT_CONFIRMATION_OK"
26209,4022070952,4022071019,1,"IOTHUB_CLIENT_CONFIRMATION_OK"
26210,4022071152,4022071219,1,"IOTHUB_CLIENT_CONFIRMATION_OK"
26211,4022071352,4022071402,1,"IOTHUB_CLIENT_CONFIRMATION_OK"
26212,4022071552,4022071589,1,"IOTHUB_CLIENT_CONFIRMATION_OK"
26213,4022071752,4022071794,1,"IOTHUB_CLIENT_CONFIRMATION_OK"
26214,4022071953,4022071985,1,"IOTHUB_CLIENT_CONFIRMATION_OK"
26215,4022072153,4022072202,1,"IOTHUB_CLIENT_CONFIRMATION_OK"
26216,4022072353,4022072393,1,"IOTHUB_CLIENT_CONFIRMATION_OK"
26217,4022072553,4022072595,1,"IOTHUB_CLIENT_CONFIRMATION_OK"
26218,4022072753,4022072825,1,"IOTHUB_CLIENT_CONFIRMATION_OK"
26219,4022072953,4022072992,1,"IOTHUB_CLIENT_CONFIRMATION_OK"
26220,4022073153,4022073191,1,"IOTHUB_CLIENT_CONFIRMATION_OK"
26221,4022073354,4022073432,1,"IOTHUB_CLIENT_CONFIRMATION_OK"
26222,4022073554,4022073590,1,"IOTHUB_CLIENT_CONFIRMATION_OK"
26223,4022073754,4022073797,1,"IOTHUB_CLIENT_CONFIRMATION_OK"
26224,4022073954,4022074041,1,"IOTHUB_CLIENT_CONFIRMATION_OK"
26225,4022074154,4022074192,1,"IOTHUB_CLIENT_CONFIRMATION_OK"
26226,4022074354,4022074400,1,"IOTHUB_CLIENT_CONFIRMATION_OK"
26227,4022074555,4022074653,1,"IOTHUB_CLIENT_CONFIRMATION_OK"
26228,4022074755,4022074791,1,"IOTHUB_CLIENT_CONFIRMATION_OK"
26229,4022074955,4022074996,1,"IOTHUB_CLIENT_CONFIRMATION_OK"
26230,4022075155,4022075193,1,"IOTHUB_CLIENT_CONFIRMATION_OK"
26231,4022075355,4022075402,1,"IOTHUB_CLIENT_CONFIRMATION_OK"
26232,4022075555,4022075602,1,"IOTHUB_CLIENT_CONFIRMATION_OK"
26233,4022075755,4022075795,1,"IOTHUB_CLIENT_CONFIRMATION_OK"
26234,4022075956,4022076000,1,"IOTHUB_CLIENT_CONFIRMATION_OK"
26235,4022076156,4022076193,1,"IOTHUB_CLIENT_CONFIRMATION_OK"
26236,4022076356,4022076458,1,"IOTHUB_CLIENT_CONFIRMATION_OK"
26237,4022076556,4022076695,1,"IOTHUB_CLIENT_CONFIRMATION_OK"
26238,4022076756,4022076817,1,"IOTHUB_CLIENT_CONFIRMATION_OK"
26239,4022076956,4022077006,1,"IOTHUB_CLIENT_CONFIRMATION_OK"
26240,4022077157,4022077297,1,"IOTHUB_CLIENT_CONFIRMATION_OK"
26241,4022077357,4022077411,1,"IOTHUB_CLIENT_CONFIRMATION_OK"
26242,4022077557,4022077615,1,"IOTHUB_CLIENT_CONFIRMATION_OK"
26243,4022077757,4022077794,1,"IOTHUB_CLIENT_CONFIRMATION_OK"
26244,4022077957,4022077991,1,"IOTHUB_CLIENT_CONFIRMATION_OK"
26245,4022078157,4022078225,1,"IOTHUB_CLIENT_CONFIRMATION_OK"
26246,4022078357,4022078390,1,"IOTHUB_CLIENT_CONFIRMATION_OK"
26247,4022078558,4022078597,1,"IOTHUB_CLIENT_CONFIRMATION_OK"
26248,4022078758,4022078797,1,"IOTHUB_CLIENT_CONFIRMATION_OK"
26249,4022078958,4022079000,1,"IOTHUB_CLIENT_CONFIRMATION_OK"
26250,4022079158,4022079198,1,"IOTHUB_CLIENT_CONFIRMATION_OK"
26251,4022079358,4022079418,1,"IOTHUB_CLIENT_CONFIRMATION_OK"
26252,4022079558,4022079599,1,"IOTHUB_CLIENT_CONFIRMATION_OK"
26253,4022079759,4022079937,1,"IOTHUB_CLIENT_CONFIRMATION_OK"
26254,4022079959,4022079997,1,"IOTHUB_CLIENT_CONFIRMATION_OK"
26255,4022080159,4022080192,1,"IOTHUB_CLIENT_CONFIRMATION_OK"
26256,4022080359,4022080568,1,"IOTHUB_CLIENT_CONFIRMATION_OK"
26257,4022080559,4022080599,1,"IOTHUB_CLIENT_CONFIRMATION_OK"
26258,4022080759,4022080963,1,"IOTHUB_CLIENT_CONFIRMATION_OK"
26259,4022080959,4022081022,1,"IOTHUB_CLIENT_CONFIRMATION_OK"
26260,4022081160,4022081207,1,"IOTHUB_CLIENT_CONFIRMATION_OK"
26261,4022081360,4022081400,1,"IOTHUB_CLIENT_CONFIRMATION_OK"
26262,4022081560,4022081638,1,"IOTHUB_CLIENT_CONFIRMATION_OK"
26263,4022081760,4022081826,1,"IOTHUB_CLIENT_CONFIRMATION_OK"
26264,4022081960,4022081998,1,"IOTHUB_CLIENT_CONFIRMATION_OK"
26265,4022082160,4022082201,1,"IOTHUB_CLIENT_CONFIRMATION_OK"
26266,4022082361,4022082411,1,"IOTHUB_CLIENT_CONFIRMATION_OK"
26267,4022082561,4022082607,1,"IOTHUB_CLIENT_CONFIRMATION_OK"
26268,4022082761,4022082810,1,"IOTHUB_CLIENT_CONFIRMATION_OK"
26269,4022082961,4022083010,1,"IOTHUB_CLIENT_CONFIRMATION_OK"
26270,4022083161,4022083206,1,"IOTHUB_CLIENT_CONFIRMATION_OK"
26271,4022083361,4022083413,1,"IOTHUB_CLIENT_CONFIRMATION_OK"
26272,4022083562,4022083617,1,"IOTHUB_CLIENT_CONFIRMATION_OK"
26273,4022083762,4022083802,1,"IOTHUB_CLIENT_CONFIRMATION_OK"
26274,4022083962,4022084000,1,"IOTHUB_CLIENT_CONFIRMATION_OK"
26275,4022084162,4022084198,1,"IOTHUB_CLIENT_CONFIRMATION_OK"
26276,4022084362,4022084461,1,"IOTHUB_CLIENT_CONFIRMATION_OK"
26277,4022084562,4022084605,1,"IOTHUB_CLIENT_CONFIRMATION_OK"
26278,4022084763,4022084796,1,"IOTHUB_CLIENT_CONFIRMATION_OK"
26279,4022084963,4022085063,1,"IOTHUB_CLIENT_CONFIRMATION_OK"
26280,4022085163,4022085203,1,"IOTHUB_CLIENT_CONFIRMATION_OK"
26281,4022085363,4022085410,1,"IOTHUB_CLIENT_CONFIRMATION_OK"
26282,4022085563,4022085655,1,"IOTHUB_CLIENT_CONFIRMATION_OK"
26283,4022085763,4022085797,1,"IOTHUB_CLIENT_CONFIRMATION_OK"
26284,4022085963,4022086033,1,"IOTHUB_CLIENT_CONFIRMATION_OK"
26285,4022086164,4022086265,1,"IOTHUB_CLIENT_CONFIRMATION_OK"
26286,4022086364,4022086413,1,"IOTHUB_CLIENT_CONFIRMATION_OK"
26287,4022086564,4022086596,1,"IOTHUB_CLIENT_CONFIRMATION_OK"
26288,4022086764,4022086809,1,"IOTHUB_CLIENT_CONFIRMATION_OK"
26289,4022086964,4022087005,1,"IOTHUB_CLIENT_CONFIRMATION_OK"
26290,4022087164,4022087278,1,"IOTHUB_CLIENT_CONFIRMATION_OK"
26291,4022087365,4022087402,1,"IOTHUB_CLIENT_CONFIRMATION_OK"
26292,4022087565,4022087635,1,"IOTHUB_CLIENT_CONFIRMATION_OK"
26293,4022087765,4022087810,1,"IOTHUB_CLIENT_CONFIRMATION_OK"
26294,4022087965,4022088000,1,"IOTHUB_CLIENT_CONFIRMATION_OK"
26295,4022088165,4022088318,1,"IOTHUB_CLIENT_CONFIRMATION_OK"
26296,4022088365,4022088406,1,"IOTHUB_CLIENT_CONFIRMATION_OK"
26297,4022088565,4022088598,1,"IOTHUB_CLIENT_CONFIRMATION_OK"
26298,4022088766,4022088926,1,"IOTHUB_CLIENT_CONFIRMATION_OK"
26299,4022088966,4022089009,1,"IOTHUB_CLIENT_CONFIRMATION_OK"
26300,4022089166,4022089208,1,"IOTHUB_CLIENT_CONFIRMATION_OK"
26301,4022089366,4022089409,1,"IOTHUB_CLIENT_CONFIRMATION_OK"
26302,4022089566,4022089605,1,"IOTHUB_CLIENT_CONFIRMATION_OK"
26303,4022089766,4022089827,1,"IOTHUB_CLIENT_CONFIRMATION_OK"
26304,4022089967,4022090017,1,"IOTHUB_CLIENT_CONFIRMATION_OK"
26305,4022090167,4022090221,1,"IOTHUB_CLIENT_CONFIRMATION_OK"
26306,4022090367,4022090411,1,"IOTHUB_CLIENT_CONFIRMATION_OK"
26307,4022090567,4022090611,1,"IOTHUB_CLIENT_CONFIRMATION_OK"
26308,4022090767,4022090826,1,"IOTHUB_CLIENT_CONFIRMATION_OK"
26309,4022090967,4022091012,1,"IOTHUB_CLIENT_CONFIRMATION_OK"
26310,4022091168,4022091205,1,"IOTHUB_CLIENT_CONFIRMATION_OK"
26311,4022091368,4022091418,1,"IOTHUB_CLIENT_CONFIRMATION_OK"
26312,4022091568,4022091613,1,"IOTHUB_CLIENT_CONFIRMATION_OK"
26313,4022091768,4022091842,1,"IOTHUB_CLIENT_CONFIRMATION_OK"
26314,4022091968,4022092001,1,"IOTHUB_CLIENT_CONFIRMATION_OK"
26315,4022092168,4022092202,1,"IOTHUB_CLIENT_CONFIRMATION_OK"
26316,4022092368,4022092405,1,"IOTHUB_CLIENT_CONFIRMATION_OK"
26317,4022092569,4022092605,1,"IOTHUB_CLIENT_CONFIRMATION_OK"
26318,4022092769,4022092840,1,"IOTHUB_CLIENT_CONFIRMATION_OK"
26319,4022092969,4022093001,1,"IOTHUB_CLIENT_CONFIRMATION_OK"
26320,4022093169,4022093215,1,"IOTHUB_CLIENT_CONFIRMATION_OK"
26321,4022093369,4022093469,1,"IOTHUB_CLIENT_CONFIRMATION_OK"
26322,4022093569,4022093637,1,"IOTHUB_CLIENT_CONFIRMATION_OK"
26323,4022093770,4022093800,1,"IOTHUB_CLIENT_CONFIRMATION_OK"
26324,4022093970,4022094201,1,"IOTHUB_CLIENT_CONFIRMATION_OK"
26325,4022094170,4022094220,1,"IOTHUB_CLIENT_CONFIRMATION_OK"
26326,4022094370,4022094441,1,"IOTHUB_CLIENT_CONFIRMATION_OK"
26327,4022094570,4022094602,1,"IOTHUB_CLIENT_CONFIRMATION_OK"
26328,4022094770,4022094807,1,"IOTHUB_CLIENT_CONFIRMATION_OK"
26329,4022094970,4022095012,1,"IOTHUB_CLIENT_CONFIRMATION_OK"
26330,4022095171,4022095212,1,"IOTHUB_CLIENT_CONFIRMATION_OK"
26331,4022095371,4022095442,1,"IOTHUB_CLIENT_CONFIRMATION_OK"
26332,4022095571,4022095605,1,"IOTHUB_CLIENT_CONFIRMATION_OK"
26333,4022095771,4022095817,1,"IOTHUB_CLIENT_CONFIRMATION_OK"
26334,4022095971,4022096047,1,"IOTHUB_CLIENT_CONFIRMATION_OK"
26335,4022096171,4022096265,1,"IOTHUB_CLIENT_CONFIRMATION_OK"
26336,4022096372,4022096411,1,"IOTHUB_CLIENT_CONFIRMATION_OK"
26337,4022096572,4022096700,1,"IOTHUB_CLIENT_CONFIRMATION_OK"
26338,4022096772,4022096809,1,"IOTHUB_CLIENT_CONFIRMATION_OK"
26339,4022096972,4022097014,1,"IOTHUB_CLIENT_CONFIRMATION_OK"
26340,4022097172,4022097308,1,"IOTHUB_CLIENT_CONFIRMATION_OK"
26341,4022097372,4022097412,1,"IOTHUB_CLIENT_CONFIRMATION_OK"
26342,4022097573,4022097617,1,"IOTHUB_CLIENT_CONFIRMATION_OK"
26343,4022097773,4022097824,1,"IOTHUB_CLIENT_CONFIRMATION_OK"
26344,4022097973,4022098064,1,"IOTHUB_CLIENT_CONFIRMATION_OK"
26345,4022098173,4022098221,1,"IOTHUB_CLIENT_CONFIRMATION_OK"
26346,4022098373,4022098404,1,"IOTHUB_CLIENT_CONFIRMATION_OK"
26347,4022098573,4022098613,1,"IOTHUB_CLIENT_CONFIRMATION_OK"
26348,4022098773,4022098832,1,"IOTHUB_CLIENT_CONFIRMATION_OK"
26349,4022098974,4022099021,1,"IOTHUB_CLIENT_CONFIRMATION_OK"
26350,4022099174,4022099221,1,"IOTHUB_CLIENT_CONFIRMATION_OK"
26351,4022099374,4022099407,1,"IOTHUB_CLIENT_CONFIRMATION_OK"
26352,4022099574,4022099639,1,"IOTHUB_CLIENT_CONFIRMATION_OK"
26353,4022099774,4022099815,1,"IOTHUB_CLIENT_CONFIRMATION_OK"
26354,4022099974,4022100089,1,"IOTHUB_CLIENT_CONFIRMATION_OK"
26355,4022100175,4022100219,1,"IOTHUB_CLIENT_CONFIRMATION_OK"
26356,4022100375,4022100434,1,"IOTHUB_CLIENT_CONFIRMATION_OK"
26357,4022100575,4022100636,1,"IOTHUB_CLIENT_CONFIRMATION_OK"
26358,4022100775,4022100805,1,"IOTHUB_CLIENT_CONFIRMATION_OK"
26359,4022100975,4022101011,1,"IOTHUB_CLIENT_CONFIRMATION_OK"
26360,4022101175,4022101235,1,"IOTHUB_CLIENT_CONFIRMATION_OK"
26361,4022101376,4022101425,1,"IOTHUB_CLIENT_CONFIRMATION_OK"
26362,4022101576,4022101618,1,"IOTHUB_CLIENT_CONFIRMATION_OK"
26363,4022101776,4022101848,1,"IOTHUB_CLIENT_CONFIRMATION_OK"
26364,4022101976,4022102010,1,"IOTHUB_CLIENT_CONFIRMATION_OK"
26365,4022102176,4022102225,1,"IOTHUB_CLIENT_CONFIRMATION_OK"
26366,4022102376,4022102457,1,"IOTHUB_CLIENT_CONFIRMATION_OK"
26367,4022102577,4022102616,1,"IOTHUB_CLIENT_CONFIRMATION_OK"
26368,4022102777,4022102853,1,"IOTHUB_CLIENT_CONFIRMATION_OK"
26369,4022102977,4022103088,1,"IOTHUB_CLIENT_CONFIRMATION_OK"
26370,4022103177,4022103222,1,"IOTHUB_CLIENT_CONFIRMATION_OK"
26371,4022103377,4022103420,1,"IOTHUB_CLIENT_CONFIRMATION_OK"
26372,4022103577,4022103628,1,"IOTHUB_CLIENT_CONFIRMATION_OK"
26373,4022103777,4022103818,1,"IOTHUB_CLIENT_CONFIRMATION_OK"
26374,4022103978,4022104015,1,"IOTHUB_CLIENT_CONFIRMATION_OK"
26375,4022104178,4022104216,1,"IOTHUB_CLIENT_CONFIRMATION_OK"
26376,4022104378,4022104500,1,"IOTHUB_CLIENT_CONFIRMATION_OK"
26377,4022104578,4022104624,1,"IOTHUB_CLIENT_CONFIRMATION_OK"
26378,4022104778,4022104813,1,"IOTHUB_CLIENT_CONFIRMATION_OK"
26379,4022104978,4022105024,1,"IOTHUB_CLIENT_CONFIRMATION_OK"
26380,4022105179,4022105219,1,"IOTHUB_CLIENT_CONFIRMATION_OK"
26381,4022105379,4022105423,1,"IOTHUB_CLIENT_CONFIRMATION_OK"
26382,4022105579,4022105651,1,"IOTHUB_CLIENT_CONFIRMATION_OK"
26383,4022105779,4022105845,1,"IOTHUB_CLIENT_CONFIRMATION_OK"
26384,4022105979,4022106021,1,"IOTHUB_CLIENT_CONFIRMATION_OK"
26385,4022106179,4022106239,1,"IOTHUB_CLIENT_CONFIRMATION_OK"
26386,4022106380,4022106425,1,"IOTHUB_CLIENT_CONFIRMATION_OK"
26387,4022106580,4022106621,1,"IOTHUB_CLIENT_CONFIRMATION_OK"
26388,4022106780,4022106826,1,"IOTHUB_CLIENT_CONFIRMATION_OK"
26389,4022106980,4022107084,1,"IOTHUB_CLIENT_CONFIRMATION_OK"
26390,4022107180,4022107268,1,"IOTHUB_CLIENT_CONFIRMATION_OK"
26391,4022107380,4022107418,1,"IOTHUB_CLIENT_CONFIRMATION_OK"
26392,4022107581,4022107688,1,"IOTHUB_CLIENT_CONFIRMATION_OK"
26393,4022107781,4022107819,1,"IOTHUB_CLIENT_CONFIRMATION_OK"
26394,4022107981,4022108014,1,"IOTHUB_CLIENT_CONFIRMATION_OK"
26395,4022108181,4022108291,1,"IOTHUB_CLIENT_CONFIRMATION_OK"
26396,4022108381,4022108426,1,"IOTHUB_CLIENT_CONFIRMATION_OK"
26397,4022108581,4022108618,1,"IOTHUB_CLIENT_CONFIRMATION_OK"
26398,4022108781,4022108890,1,"IOTHUB_CLIENT_CONFIRMATION_OK"
26399,4022108982,4022109047,1,"IOTHUB_CLIENT_CONFIRMATION_OK"
26400,4022109182,4022109217,1,"IOTHUB_CLIENT_CONFIRMATION_OK"
26401,4022109382,4022109418,1,"IOTHUB_CLIENT_CONFIRMATION_OK"
26402,4022109582,4022109614,1,"IOTHUB_CLIENT_CONFIRMATION_OK"
26403,4022109782,4022109830,1,"IOTHUB_CLIENT_CONFIRMATION_OK"
26404,4022109982,4022110023,1,"IOTHUB_CLIENT_CONFIRMATION_OK"
26405,4022110182,4022110312,1,"IOTHUB_CLIENT_CONFIRMATION_OK"
26406,4022110383,4022110437,1,"IOTHUB_CLIENT_CONFIRMATION_OK"
26407,4022110583,4022110615,1,"IOTHUB_CLIENT_CONFIRMATION_OK"
26408,4022110783,4022110931,1,"IOTHUB_CLIENT_CONFIRMATION_OK"
26409,4022110983,4022111023,1,"IOTHUB_CLIENT_CONFIRMATION_OK"
26410,4022111183,4022111218,1,"IOTHUB_CLIENT_CONFIRMATION_OK"
26411,4022111383,4022111535,1,"IOTHUB_CLIENT_CONFIRMATION_OK"
26412,4022111584,4022111626,1,"IOTHUB_CLIENT_CONFIRMATION_OK"
26413,4022111784,4022111815,1,"IOTHUB_CLIENT_CONFIRMATION_OK"
26414,4022111984,4022112015,1,"IOTHUB_CLIENT_CONFIRMATION_OK"
26415,4022112184,4022112223,1,"IOTHUB_CLIENT_CONFIRMATION_OK"
26416,4022112384,4022112427,1,"IOTHUB_CLIENT_CONFIRMATION_OK"
26417,4022112584,4022112623,1,"IOTHUB_CLIENT_CONFIRMATION_OK"
26418,4022112785,4022112834,1,"IOTHUB_CLIENT_CONFIRMATION_OK"
26419,4022112985,4022113075,1,"IOTHUB_CLIENT_CONFIRMATION_OK"
26420,4022113185,4022113221,1,"IOTHUB_CLIENT_CONFIRMATION_OK"
26421,4022113385,4022113469,1,"IOTHUB_CLIENT_CONFIRMATION_OK"
26422,4022113585,4022113621,1,"IOTHUB_CLIENT_CONFIRMATION_OK"
26423,4022113785,4022113817,1,"IOTHUB_CLIENT_CONFIRMATION_OK"
26424,4022113985,4022114019,1,"IOTHUB_CLIENT_CONFIRMATION_OK"
26425,4022114186,4022114235,1,"IOTHUB_CLIENT_CONFIRMATION_OK"
26426,4022114386,4022114435,1,"IOTHUB_CLIENT_CONFIRMATION_OK"
26427,4022114586,4022114635,1,"IOTHUB_CLIENT_CONFIRMATION_OK"
26428,4022114786,4022114839,1,"IOTHUB_CLIENT_CONFIRMATION_OK"
26429,4022114986,4022115033,1,"IOTHUB_CLIENT_CONFIRMATION_OK"
26430,4022115186,4022115246,1,"IOTHUB_CLIENT_CONFIRMATION_OK"
26431,4022115387,4022115431,1,"IOTHUB_CLIENT_CONFIRMATION_OK"
26432,4022115587,4022115624,1,"IOTHUB_CLIENT_CONFIRMATION_OK"
26433,4022115787,4022115826,1,"IOTHUB_CLIENT_CONFIRMATION_OK"
26434,4022115987,4022116037,1,"IOTHUB_CLIENT_CONFIRMATION_OK"
26435,4022116187,4022116235,1,"IOTHUB_CLIENT_CONFIRMATION_OK"
26436,4022116387,4022116432,1,"IOTHUB_CLIENT_CONFIRMATION_OK"
26437,4022116587,4022116651,1,"IOTHUB_CLIENT_CONFIRMATION_OK"
26438,4022116788,4022116850,1,"IOTHUB_CLIENT_CONFIRMATION_OK"
26439,4022116988,4022117055,1,"IOTHUB_CLIENT_CONFIRMATION_OK"
26440,4022117188,4022117251,1,"IOTHUB_CLIENT_CONFIRMATION_OK"
26441,4022117388,4022117455,1,"IOTHUB_CLIENT_CONFIRMATION_OK"
26442,4022117588,4022117704,1,"IOTHUB_CLIENT_CONFIRMATION_OK"
26443,4022117788,4022117830,1,"IOTHUB_CLIENT_CONFIRMATION_OK"
26444,4022117989,4022118022,1,"IOTHUB_CLIENT_CONFIRMATION_OK"
26445,4022118189,4022118285,1,"IOTHUB_CLIENT_CONFIRMATION_OK"
26446,4022118389,4022118430,1,"IOTHUB_CLIENT_CONFIRMATION_OK"
26447,4022118589,4022118634,1,"IOTHUB_CLIENT_CONFIRMATION_OK"
26448,4022118789,4022118826,1,"IOTHUB_CLIENT_CONFIRMATION_OK"
26449,4022118989,4022119043,1,"IOTHUB_CLIENT_CONFIRMATION_OK"
26450,4022119189,4022119230,1,"IOTHUB_CLIENT_CONFIRMATION_OK"
26451,4022119390,4022119433,1,"IOTHUB_CLIENT_CONFIRMATION_OK"
26452,4022119590,4022119657,1,"IOTHUB_CLIENT_CONFIRMATION_OK"
26453,4022119790,4022119963,1,"IOTHUB_CLIENT_CONFIRMATION_OK"
26454,4022119990,4022120028,1,"IOTHUB_CLIENT_CONFIRMATION_OK"
26455,4022120190,4022120222,1,"IOTHUB_CLIENT_CONFIRMATION_OK"
26456,4022120390,4022120584,1,"IOTHUB_CLIENT_CONFIRMATION_OK"
26457,4022120590,4022120630,1,"IOTHUB_CLIENT_CONFIRMATION_OK"
26458,4022120791,4022120846,1,"IOTHUB_CLIENT_CONFIRMATION_OK"
26459,4022120991,4022121050,1,"IOTHUB_CLIENT_CONFIRMATION_OK"
26460,4022121191,4022121235,1,"IOTHUB_CLIENT_CONFIRMATION_OK"
26461,4022121391,4022121438,1,"IOTHUB_CLIENT_CONFIRMATION_OK"
26462,4022121591,4022121695,1,"IOTHUB_CLIENT_CONFIRMATION_OK"
26463,4022121791,4022121842,1,"IOTHUB_CLIENT_CONFIRMATION_OK"
26464,4022121992,4022122045,1,"IOTHUB_CLIENT_CONFIRMATION_OK"
26465,4022122192,4022122235,1,"IOTHUB_CLIENT_CONFIRMATION_OK"
26466,4022122392,4022122435,1,"IOTHUB_CLIENT_CONFIRMATION_OK"
26467,4022122592,4022122646,1,"IOTHUB_CLIENT_CONFIRMATION_OK"
26468,4022122792,4022122861,1,"IOTHUB_CLIENT_CONFIRMATION_OK"
26469,4022122992,4022123042,1,"IOTHUB_CLIENT_CONFIRMATION_OK"
26470,4022123193,4022123247,1,"IOTHUB_CLIENT_CONFIRMATION_OK"
26471,4022123393,4022123451,1,"IOTHUB_CLIENT_CONFIRMATION_OK"
26472,4022123593,4022123715,1,"IOTHUB_CLIENT_CONFIRMATION_OK"
26473,4022123793,4022123847,1,"IOTHUB_CLIENT_CONFIRMATION_OK"
26474,4022123993,4022124036,1,"IOTHUB_CLIENT_CONFIRMATION_OK"
26475,4022124193,4022124235,1,"IOTHUB_CLIENT_CONFIRMATION_OK"
26476,4022124393,4022124491,1,"IOTHUB_CLIENT_CONFIRMATION_OK"
26477,4022124594,4022124649,1,"IOTHUB_CLIENT_CONFIRMATION_OK"
26478,4022124794,4022124837,1,"IOTHUB_CLIENT_CONFIRMATION_OK"
26479,4022124994,4022125058,1,"IOTHUB_CLIENT_CONFIRMATION_OK"
26480,4022125194,4022125231,1,"IOTHUB_CLIENT_CONFIRMATION_OK"
26481,4022125394,4022125450,1,"IOTHUB_CLIENT_CONFIRMATION_OK"
26482,4022125594,4022125665,1,"IOTHUB_CLIENT_CONFIRMATION_OK"
26483,4022125795,4022125938,1,"IOTHUB_CLIENT_CONFIRMATION_OK"
26484,4022125995,4022126034,1,"IOTHUB_CLIENT_CONFIRMATION_OK"
26485,4022126195,4022126393,1,"IOTHUB_CLIENT_CONFIRMATION_OK"
26486,4022126395,4022126448,1,"IOTHUB_CLIENT_CONFIRMATION_OK"
26487,4022126595,4022126632,1,"IOTHUB_CLIENT_CONFIRMATION_OK"
26488,4022126795,4022126840,1,"IOTHUB_CLIENT_CONFIRMATION_OK"
26489,4022126995,4022127043,1,"IOTHUB_CLIENT_CONFIRMATION_OK"
26490,4022127196,4022127240,1,"IOTHUB_CLIENT_CONFIRMATION_OK"
26491,4022127396,4022127438,1,"IOTHUB_CLIENT_CONFIRMATION_OK"
26492,4022127596,4022127638,1,"IOTHUB_CLIENT_CONFIRMATION_OK"
26493,4022127796,4022127849,1,"IOTHUB_CLIENT_CONFIRMATION_OK"
26494,4022127996,4022128053,1,"IOTHUB_CLIENT_CONFIRMATION_OK"
26495,4022128196,4022128251,1,"IOTHUB_CLIENT_CONFIRMATION_OK"
26496,4022128397,4022128451,1,"IOTHUB_CLIENT_CONFIRMATION_OK"
26497,4022128597,4022128665,1,"IOTHUB_CLIENT_CONFIRMATION_OK"
26498,4022128797,4022128838,1,"IOTHUB_CLIENT_CONFIRMATION_OK"
26499,4022128997,4022129033,1,"IOTHUB_CLIENT_CONFIRMATION_OK"
26500,4022129197,4022129243,1,"IOTHUB_CLIENT_CONFIRMATION_OK"
26501,4022129397,4022129462,1,"IOTHUB_CLIENT_CONFIRMATION_OK"
26502,4022129597,4022129640,1,"IOTHUB_CLIENT_CONFIRMATION_OK"
26503,4022129798,4022129837,1,"IOTHUB_CLIENT_CONFIRMATION_OK"
26504,4022129998,4022130037,1,"IOTHUB_CLIENT_CONFIRMATION_OK"
26505,4022130198,4022130264,1,"IOTHUB_CLIENT_CONFIRMATION_OK"
26506,4022130398,4022130439,1,"IOTHUB_CLIENT_CONFIRMATION_OK"
26507,4022130598,4022130655,1,"IOTHUB_CLIENT_CONFIRMATION_OK"
26508,4022130798,4022130865,1,"IOTHUB_CLIENT_CONFIRMATION_OK"
26509,4022130999,4022131044,1,"IOTHUB_CLIENT_CONFIRMATION_OK"
26510,4022131199,4022131250,1,"IOTHUB_CLIENT_CONFIRMATION_OK"
26511,4022131399,4022131488,1,"IOTHUB_CLIENT_CONFIRMATION_OK"
26512,4022131599,4022131639,1,"IOTHUB_CLIENT_CONFIRMATION_OK"
26513,4022131799,4022131884,1,"IOTHUB_CLIENT_CONFIRMATION_OK"
26514,4022131999,4022132054,1,"IOTHUB_CLIENT_CONFIRMATION_OK"
26515,4022132199,4022132285,1,"IOTHUB_CLIENT_CONFIRMATION_OK"
26516,4022132400,4022132434,1,"IOTHUB_CLIENT_CONFIRMATION_OK"
26517,4022132600,4022132650,1,"IOTHUB_CLIENT_CONFIRMATION_OK"
26518,4022132800,4022132841,1,"IOTHUB_CLIENT_CONFIRMATION_OK"
26519,4022133000,4022133050,1,"IOTHUB_CLIENT_CONFIRMATION_OK"
26520,4022133200,4022133241,1,"IOTHUB_CLIENT_CONFIRMATION_OK"
26521,4022133400,4022133445,1,"IOTHUB_CLIENT_CONFIRMATION_OK"
26522,4022133601,4022133638,1,"IOTHUB_CLIENT_CONFIRMATION_OK"
26523,4022133801,4022133841,1,"IOTHUB_CLIENT_CONFIRMATION_OK"
26524,4022134001,4022134151,1,"IOTHUB_CLIENT_CONFIRMATION_OK"
26525,4022134201,4022134244,1,"IOTHUB_CLIENT_CONFIRMATION_OK"
26526,4022134401,4022134464,1,"IOTHUB_CLIENT_CONFIRMATION_OK"
26527,4022134601,4022134768,1,"IOTHUB_CLIENT_CONFIRMATION_OK"
26528,4022134802,4022134854,1,"IOTHUB_CLIENT_CONFIRMATION_OK"
26529,4022135002,4022135057,1,"IOTHUB_CLIENT_CONFIRMATION_OK"
26530,4022135202,4022135247,1,"IOTHUB_CLIENT_CONFIRMATION_OK"
26531,4022135402,4022135451,1,"IOTHUB_CLIENT_CONFIRMATION_OK"
26532,4022135602,4022135645,1,"IOTHUB_CLIENT_CONFIRMATION_OK"
26533,4022135802,4022135841,1,"IOTHUB_CLIENT_CONFIRMATION_OK"
26534,4022136002,4022136041,1,"IOTHUB_CLIENT_CONFIRMATION_OK"
26535,4022136203,4022136234,1,"IOTHUB_CLIENT_CONFIRMATION_OK"
26536,4022136403,4022136433,1,"IOTHUB_CLIENT_CONFIRMATION_OK"
26537,4022136603,4022136645,1,"IOTHUB_CLIENT_CONFIRMATION_OK"
26538,4022136803,4022136847,1,"IOTHUB_CLIENT_CONFIRMATION_OK"
26539,4022137003,4022137043,1,"IOTHUB_CLIENT_CONFIRMATION_OK"
26540,4022137203,4022137251,1,"IOTHUB_CLIENT_CONFIRMATION_OK"
26541,4022137404,4022137453,1,"IOTHUB_CLIENT_CONFIRMATION_OK"
26542,4022137604,4022137644,1,"IOTHUB_CLIENT_CONFIRMATION_OK"
26543,4022137804,4022137850,1,"IOTHUB_CLIENT_CONFIRMATION_OK"
26544,4022138004,4022138052,1,"IOTHUB_CLIENT_CONFIRMATION_OK"
26545,4022138204,4022138242,1,"IOTHUB_CLIENT_CONFIRMATION_OK"
26546,4022138404,4022138464,1,"IOTHUB_CLIENT_CONFIRMATION_OK"
26547,4022138604,4022138670,1,"IOTHUB_CLIENT_CONFIRMATION_OK"
26548,4022138805,4022138840,1,"IOTHUB_CLIENT_CONFIRMATION_OK"
26549,4022139005,4022139048,1,"IOTHUB_CLIENT_CONFIRMATION_OK"
26550,4022139205,4022139256,1,"IOTHUB_CLIENT_CONFIRMATION_OK"
26551,4022139405,4022139454,1,"IOTHUB_CLIENT_CONFIRMATION_OK"
26552,4022139605,4022139646,1,"IOTHUB_CLIENT_CONFIRMATION_OK"
26553,4022139805,4022139872,1,"IOTHUB_CLIENT_CONFIRMATION_OK"
26554,4022140006,4022140054,1,"IOTHUB_CLIENT_CONFIRMATION_OK"
26555,4022140206,4022140244,1,"IOTHUB_CLIENT_CONFIRMATION_OK"
26556,4022140406,4022140477,1,"IOTHUB_CLIENT_CONFIRMATION_OK"
26557,4022140606,4022140658,1,"IOTHUB_CLIENT_CONFIRMATION_OK"
26558,4022140806,4022140851,1,"IOTHUB_CLIENT_CONFIRMATION_OK"
26559,4022141006,4022141053,1,"IOTHUB_CLIENT_CONFIRMATION_OK"
26560,4022141206,4022141266,1,"IOTHUB_CLIENT_CONFIRMATION_OK"
26561,4022141406,4022141450,1,"IOTHUB_CLIENT_CONFIRMATION_OK"
26562,4022141607,4022141641,1,"IOTHUB_CLIENT_CONFIRMATION_OK"
26563,4022141807,4022141913,1,"IOTHUB_CLIENT_CONFIRMATION_OK"
26564,4022142007,4022142045,1,"IOTHUB_CLIENT_CONFIRMATION_OK"
26565,4022142207,4022142247,1,"IOTHUB_CLIENT_CONFIRMATION_OK"
26566,4022142407,4022142595,1,"IOTHUB_CLIENT_CONFIRMATION_OK"
26567,4022142607,4022142649,1,"IOTHUB_CLIENT_CONFIRMATION_OK"
26568,4022142808,4022142841,1,"IOTHUB_CLIENT_CONFIRMATION_OK"
26569,4022143008,4022143139,1,"IOTHUB_CLIENT_CONFIRMATION_OK"
26570,4022143208,4022143267,1,"IOTHUB_CLIENT_CONFIRMATION_OK"
26571,4022143408,4022143451,1,"IOTHUB_CLIENT_CONFIRMATION_OK"
26572,4022143608,4022143654,1,"IOTHUB_CLIENT_CONFIRMATION_OK"
26573,4022143808,4022143850,1,"IOTHUB_CLIENT_CONFIRMATION_OK"
26574,4022144008,4022144055,1,"IOTHUB_CLIENT_CONFIRMATION_OK"
26575,4022144209,4022144249,1,"IOTHUB_CLIENT_CONFIRMATION_OK"
26576,4022144409,4022144461,1,"IOTHUB_CLIENT_CONFIRMATION_OK"
26577,4022144609,4022144644,1,"IOTHUB_CLIENT_CONFIRMATION_OK"
26578,4022144809,4022144855,1,"IOTHUB_CLIENT_CONFIRMATION_OK"
26579,4022145009,4022145049,1,"IOTHUB_CLIENT_CONFIRMATION_OK"
26580,4022145209,4022145290,1,"IOTHUB_CLIENT_CONFIRMATION_OK"
26581,4022145410,4022145443,1,"IOTHUB_CLIENT_CONFIRMATION_OK"
26582,4022145610,4022145845,1,"IOTHUB_CLIENT_CONFIRMATION_OK"
26583,4022145810,4022145875,1,"IOTHUB_CLIENT_CONFIRMATION_OK"
26584,4022146010,4022146071,1,"IOTHUB_CLIENT_CONFIRMATION_OK"
26585,4022146210,4022146410,1,"IOTHUB_CLIENT_CONFIRMATION_OK"
26586,4022146410,4022146552,1,"IOTHUB_CLIENT_CONFIRMATION_OK"
26587,4022146610,4022146658,1,"IOTHUB_CLIENT_CONFIRMATION_OK"
26588,4022146811,4022146858,1,"IOTHUB_CLIENT_CONFIRMATION_OK"
26589,4022147011,4022147055,1,"IOTHUB_CLIENT_CONFIRMATION_OK"
26590,4022147211,4022147247,1,"IOTHUB_CLIENT_CONFIRMATION_OK"
26591,4022147411,4022147460,1,"IOTHUB_CLIENT_CONFIRMATION_OK"
26592,4022147611,4022147646,1,"IOTHUB_CLIENT_CONFIRMATION_OK"
26593,4022147811,4022147857,1,"IOTHUB_CLIENT_CONFIRMATION_OK"
26594,4022148012,4022148090,1,"IOTHUB_CLIENT_CONFIRMATION_OK"
26595,4022148212,4022148257,1,"IOTHUB_CLIENT_CONFIRMATION_OK"
26596,4022148412,4022148481,1,"IOTHUB_CLIENT_CONFIRMATION_OK"
26597,4022148612,4022148651,1,"IOTHUB_CLIENT_CONFIRMATION_OK"
26598,4022148812,4022148869,1,"IOTHUB_CLIENT_CONFIRMATION_OK"
26599,4022149012,4022149047,1,"IOTHUB_CLIENT_CONFIRMATION_OK"
26600,4022149213,4022149250,1,"IOTHUB_CLIENT_CONFIRMATION_OK"
26601,4022149413,4022149468,1,"IOTHUB_CLIENT_CONFIRMATION_OK"
26602,4022149613,4022149655,1,"IOTHUB_CLIENT_CONFIRMATION_OK"
26603,4022149813,4022149873,1,"IOTHUB_CLIENT_CONFIRMATION_OK"
26604,4022150013,4022150046,1,"IOTHUB_CLIENT_CONFIRMATION_OK"
26605,4022150213,4022150291,1,"IOTHUB_CLIENT_CONFIRMATION_OK"
26606,4022150413,4022150461,1,"IOTHUB_CLIENT_CONFIRMATION_OK"
26607,4022150614,4022150681,1,"IOTHUB_CLIENT_CONFIRMATION_OK"
26608,4022150814,4022150901,1,"IOTHUB_CLIENT_CONFIRMATION_OK"
26609,4022151014,4022151084,1,"IOTHUB_CLIENT_CONFIRMATION_OK"
26610,4022151214,4022151256,1,"IOTHUB_CLIENT_CONFIRMATION_OK"
26611,4022151414,4022151511,1,"IOTHUB_CLIENT_CONFIRMATION_OK"
26612,4022151615,4022151659,1,"IOTHUB_CLIENT_CONFIRMATION_OK"
26613,4022151815,4022151870,1,"IOTHUB_CLIENT_CONFIRMATION_OK"
26614,4022152015,4022152050,1,"IOTHUB_CLIENT_CONFIRMATION_OK"
26615,4022152215,4022152261,1,"IOTHUB_CLIENT_CONFIRMATION_OK"
26616,4022152415,4022152457,1,"IOTHUB_CLIENT_CONFIRMATION_OK"
26617,4022152615,4022152694,1,"IOTHUB_CLIENT_CONFIRMATION_OK"
26618,4022152815,4022152865,1,"IOTHUB_CLIENT_CONFIRMATION_OK"
26619,4022153016,4022153067,1,"IOTHUB_CLIENT_CONFIRMATION_OK"
26620,4022153216,4022153397,1,"IOTHUB_CLIENT_CONFIRMATION_OK"
26621,4022153416,4022153593,1,"IOTHUB_CLIENT_CONFIRMATION_OK"
26622,4022153616,4022153654,1,"IOTHUB_CLIENT_CONFIRMATION_OK"
26623,4022153816,4022153858,1,"IOTHUB_CLIENT_CONFIRMATION_OK"
26624,4022154016,4022154060,1,"IOTHUB_CLIENT_CONFIRMATION_OK"
26625,4022154217,4022154259,1,"IOTHUB_CLIENT_CONFIRMATION_OK"
26626,4022154417,4022154459,1,"IOTHUB_CLIENT_CONFIRMATION_OK"
26627,4022154617,4022154824,1,"IOTHUB_CLIENT_CONFIRMATION_OK"
26628,4022154817,4022154869,1,"IOTHUB_CLIENT_CONFIRMATION_OK"
26629,4022155017,4022155120,1,"IOTHUB_CLIENT_CONFIRMATION_OK"
26630,4022155217,4022155276,1,"IOTHUB_CLIENT_CONFIRMATION_OK"
26631,4022155417,4022155467,1,"IOTHUB_CLIENT_CONFIRMATION_OK"
26632,4022155618,4022155652,1,"IOTHUB_CLIENT_CONFIRMATION_OK"
26633,4022155818,4022155857,1,"IOTHUB_CLIENT_CONFIRMATION_OK"
26634,4022156018,4022156057,1,"IOTHUB_CLIENT_CONFIRMATION_OK"
26635,4022156218,4022156286,1,"IOTHUB_CLIENT_CONFIRMATION_OK"
26636,4022156418,4022156452,1,"IOTHUB_CLIENT_CONFIRMATION_OK"
26637,4022156618,4022156675,1,"IOTHUB_CLIENT_CONFIRMATION_OK"
26638,4022156819,4022156855,1,"IOTHUB_CLIENT_CONFIRMATION_OK"
26639,4022157019,4022157060,1,"IOTHUB_CLIENT_CONFIRMATION_OK"
26640,4022157219,4022157298,1,"IOTHUB_CLIENT_CONFIRMATION_OK"
26641,4022157419,4022157452,1,"IOTHUB_CLIENT_CONFIRMATION_OK"
26642,4022157619,4022157650,1,"IOTHUB_CLIENT_CONFIRMATION_OK"
26643,4022157819,4022157868,1,"IOTHUB_CLIENT_CONFIRMATION_OK"
26644,4022158019,4022158064,1,"IOTHUB_CLIENT_CONFIRMATION_OK"
26645,4022158219,4022158261,1,"IOTHUB_CLIENT_CONFIRMATION_OK"
26646,4022158420,4022158466,1,"IOTHUB_CLIENT_CONFIRMATION_OK"
26647,4022158620,4022158671,1,"IOTHUB_CLIENT_CONFIRMATION_OK"
26648,4022158820,4022158866,1,"IOTHUB_CLIENT_CONFIRMATION_OK"
26649,4022159020,4022159063,1,"IOTHUB_CLIENT_CONFIRMATION_OK"
26650,4022159220,4022159346,1,"IOTHUB_CLIENT_CONFIRMATION_OK"
26651,4022159420,4022159452,1,"IOTHUB_CLIENT_CONFIRMATION_OK"
26652,4022159621,4022159697,1,"IOTHUB_CLIENT_CONFIRMATION_OK"
26653,4022159821,4022159951,1,"IOTHUB_CLIENT_CONFIRMATION_OK"
26654,4022160021,4022160055,1,"IOTHUB_CLIENT_CONFIRMATION_OK"
26655,4022160221,4022160264,1,"IOTHUB_CLIENT_CONFIRMATION_OK"
26656,4022160421,4022160562,1,"IOTHUB_CLIENT_CONFIRMATION_OK"
26657,4022160621,4022160661,1,"IOTHUB_CLIENT_CONFIRMATION_OK"
26658,4022160822,4022160859,1,"IOTHUB_CLIENT_CONFIRMATION_OK"
26659,4022161022,4022161053,1,"IOTHUB_CLIENT_CONFIRMATION_OK"
26660,4022161222,4022161257,1,"IOTHUB_CLIENT_CONFIRMATION_OK"
26661,4022161422,4022161462,1,"IOTHUB_CLIENT_CONFIRMATION_OK"
26662,4022161622,4022161664,1,"IOTHUB_CLIENT_CONFIRMATION_OK"
26663,4022161822,4022161871,1,"IOTHUB_CLIENT_CONFIRMATION_OK"
26664,4022162023,4022162081,1,"IOTHUB_CLIENT_CONFIRMATION_OK"
26665,4022162223,4022162254,1,"IOTHUB_CLIENT_CONFIRMATION_OK"
26666,4022162423,4022162460,1,"IOTHUB_CLIENT_CONFIRMATION_OK"
26667,4022162623,4022162686,1,"IOTHUB_CLIENT_CONFIRMATION_OK"
26668,4022162823,4022162864,1,"IOTHUB_CLIENT_CONFIRMATION_OK"
26669,4022163023,4022163228,1,"IOTHUB_CLIENT_CONFIRMATION_OK"
26670,4022163223,4022163263,1,"IOTHUB_CLIENT_CONFIRMATION_OK"
26671,4022163424,4022163470,1,"IOTHUB_CLIENT_CONFIRMATION_OK"
26672,4022163624,4022163663,1,"IOTHUB_CLIENT_CONFIRMATION_OK"
26673,4022163824,4022163887,1,"IOTHUB_CLIENT_CONFIRMATION_OK"
26674,4022164024,4022164068,1,"IOTHUB_CLIENT_CONFIRMATION_OK"
26675,4022164224,4022164256,1,"IOTHUB_CLIENT_CONFIRMATION_OK"
26676,4022164424,4022164465,1,"IOTHUB_CLIENT_CONFIRMATION_OK"
26677,4022164625,4022164664,1,"IOTHUB_CLIENT_CONFIRMATION_OK"
26678,4022164825,4022164866,1,"IOTHUB_CLIENT_CONFIRMATION_OK"
26679,4022165025,4022165073,1,"IOTHUB_CLIENT_CONFIRMATION_OK"
26680,4022165225,4022165268,1,"IOTHUB_CLIENT_CONFIRMATION_OK"
26681,4022165425,4022165473,1,"IOTHUB_CLIENT_CONFIRMATION_OK"
26682,4022165625,4022165687,1,"IOTHUB_CLIENT_CONFIRMATION_OK"
26683,4022165825,4022165866,1,"IOTHUB_CLIENT_CONFIRMATION_OK"
26684,4022166026,4022166062,1,"IOTHUB_CLIENT_CONFIRMATION_OK"
26685,4022166226,4022166265,1,"IOTHUB_CLIENT_CONFIRMATION_OK"
26686,4022166426,4022166493,1,"IOTHUB_CLIENT_CONFIRMATION_OK"
26687,4022166626,4022166667,1,"IOTHUB_CLIENT_CONFIRMATION_OK"
26688,4022166826,4022166868,1,"IOTHUB_CLIENT_CONFIRMATION_OK"
26689,4022167026,4022167127,1,"IOTHUB_CLIENT_CONFIRMATION_OK"
26690,4022167226,4022167267,1,"IOTHUB_CLIENT_CONFIRMATION_OK"
26691,4022167427,4022167466,1,"IOTHUB_CLIENT_CONFIRMATION_OK"
26692,4022167627,4022167747,1,"IOTHUB_CLIENT_CONFIRMATION_OK"
26693,4022167827,4022167864,1,"IOTHUB_CLIENT_CONFIRMATION_OK"
26694,4022168027,4022168098,1,"IOTHUB_CLIENT_CONFIRMATION_OK"
26695,4022168227,4022168344,1,"IOTHUB_CLIENT_CONFIRMATION_OK"
26696,4022168427,4022168473,1,"IOTHUB_CLIENT_CONFIRMATION_OK"
26697,4022168628,4022168659,1,"IOTHUB_CLIENT_CONFIRMATION_OK"
26698,4022168828,4022168959,1,"IOTHUB_CLIENT_CONFIRMATION_OK"
26699,4022169028,4022169087,1,"IOTHUB_CLIENT_CONFIRMATION_OK"
26700,4022169228,4022169272,1,"IOTHUB_CLIENT_CONFIRMATION_OK"
26701,4022169428,4022169486,1,"IOTHUB_CLIENT_CONFIRMATION_OK"
26702,4022169628,4022169668,1,"IOTHUB_CLIENT_CONFIRMATION_OK"
26703,4022169829,4022169876,1,"IOTHUB_CLIENT_CONFIRMATION_OK"
26704,4022170029,4022170060,1,"IOTHUB_CLIENT_CONFIRMATION_OK"
26705,4022170229,4022170269,1,"IOTHUB_CLIENT_CONFIRMATION_OK"
26706,4022170429,4022170466,1,"IOTHUB_CLIENT_CONFIRMATION_OK"
26707,4022170629,4022170671,1,"IOTHUB_CLIENT_CONFIRMATION_OK"
26708,4022170829,4022170883,1,"IOTHUB_CLIENT_CONFIRMATION_OK"
26709,4022171029,4022171162,1,"IOTHUB_CLIENT_CONFIRMATION_OK"
26710,4022171230,4022171272,1,"IOTHUB_CLIENT_CONFIRMATION_OK"
26711,4022171430,4022171608,1,"IOTHUB_CLIENT_CONFIRMATION_OK"
26712,4022171630,4022171672,1,"IOTHUB_CLIENT_CONFIRMATION_OK"
26713,4022171830,4022171881,1,"IOTHUB_CLIENT_CONFIRMATION_OK"
26714,4022172030,4022172067,1,"IOTHUB_CLIENT_CONFIRMATION_OK"
26715,4022172230,4022172272,1,"IOTHUB_CLIENT_CONFIRMATION_OK"
26716,4022172431,4022172477,1,"IOTHUB_CLIENT_CONFIRMATION_OK"
26717,4022172631,4022172668,1,"IOTHUB_CLIENT_CONFIRMATION_OK"
26718,4022172831,4022172871,1,"IOTHUB_CLIENT_CONFIRMATION_OK"
26719,4022173031,4022173090,1,"IOTHUB_CLIENT_CONFIRMATION_OK"
26720,4022173231,4022173268,1,"IOTHUB_CLIENT_CONFIRMATION_OK"
26721,4022173431,4022173481,1,"IOTHUB_CLIENT_CONFIRMATION_OK"
26722,4022173632,4022173671,1,"IOTHUB_CLIENT_CONFIRMATION_OK"
26723,4022173832,4022173870,1,"IOTHUB_CLIENT_CONFIRMATION_OK"
26724,4022174032,4022174079,1,"IOTHUB_CLIENT_CONFIRMATION_OK"
26725,4022174232,4022174293,1,"IOTHUB_CLIENT_CONFIRMATION_OK"
26726,4022174432,4022174467,1,"IOTHUB_CLIENT_CONFIRMATION_OK"
26727,4022174632,4022174667,1,"IOTHUB_CLIENT_CONFIRMATION_OK"
26728,4022174833,4022174871,1,"IOTHUB_CLIENT_CONFIRMATION_OK"
26729,4022175033,4022175065,1,"IOTHUB_CLIENT_CONFIRMATION_OK"
26730,4022175233,4022175283,1,"IOTHUB_CLIENT_CONFIRMATION_OK"
26731,4022175433,4022175488,1,"IOTHUB_CLIENT_CONFIRMATION_OK"
26732,4022175633,4022175681,1,"IOTHUB_CLIENT_CONFIRMATION_OK"
26733,4022175834,4022175889,1,"IOTHUB_CLIENT_CONFIRMATION_OK"
26734,4022176034,4022176112,1,"IOTHUB_CLIENT_CONFIRMATION_OK"
26735,4022176234,4022176268,1,"IOTHUB_CLIENT_CONFIRMATION_OK"
26736,4022176434,4022176468,1,"IOTHUB_CLIENT_CONFIRMATION_OK"
26737,4022176634,4022176756,1,"IOTHUB_CLIENT_CONFIRMATION_OK"
26738,4022176834,4022176889,1,"IOTHUB_CLIENT_CONFIRMATION_OK"
26739,4022177034,4022177080,1,"IOTHUB_CLIENT_CONFIRMATION_OK"
26740,4022177235,4022177423,1,"IOTHUB_CLIENT_CONFIRMATION_OK"
26741,4022177435,4022177478,1,"IOTHUB_CLIENT_CONFIRMATION_OK"
26742,4022177635,4022177678,1,"IOTHUB_CLIENT_CONFIRMATION_OK"
26743,4022177835,4022177880,1,"IOTHUB_CLIENT_CONFIRMATION_OK"
26744,4022178035,4022178079,1,"IOTHUB_CLIENT_CONFIRMATION_OK"
26745,4022178235,4022178268,1,"IOTHUB_CLIENT_CONFIRMATION_OK"
26746,4022178435,4022179716,1,"IOTHUB_CLIENT_CONFIRMATION_OK"
26747,4022178636,4022179790,1,"IOTHUB_CLIENT_CONFIRMATION_OK"
26748,4022178836,4022179882,1,"IOTHUB_CLIENT_CONFIRMATION_OK"
26749,4022179036,4022179955,1,"IOTHUB_CLIENT_CONFIRMATION_OK"
26750,4022179236,4022180016,1,"IOTHUB_CLIENT_CONFIRMATION_OK"
26751,4022179436,4022180299,1,"IOTHUB_CLIENT_CONFIRMATION_OK"
26752,4022179636,4022180364,1,"IOTHUB_CLIENT_CONFIRMATION_OK"
26753,4022179837,4022180431,1,"IOTHUB_CLIENT_CONFIRMATION_OK"
26754,4022180037,4022180492,1,"IOTHUB_CLIENT_CONFIRMATION_OK"
26755,4022180237,4022180524,1,"IOTHUB_CLIENT_CONFIRMATION_OK"
26756,4022180437,4022180692,1,"IOTHUB_CLIENT_CONFIRMATION_OK"
26757,4022180637,4022180733,1,"IOTHUB_CLIENT_CONFIRMATION_OK"
26758,4022180837,4022180996,1,"IOTHUB_CLIENT_CONFIRMATION_OK"
26759,4022181038,4022181077,1,"IOTHUB_CLIENT_CONFIRMATION_OK"
26760,4022181238,4022181271,1,"IOTHUB_CLIENT_CONFIRMATION_OK"
26761,4022181438,4022181483,1,"IOTHUB_CLIENT_CONFIRMATION_OK"
26762,4022181638,4022181673,1,"IOTHUB_CLIENT_CONFIRMATION_OK"
26763,4022181838,4022181873,1,"IOTHUB_CLIENT_CONFIRMATION_OK"
26764,4022182038,4022182082,1,"IOTHUB_CLIENT_CONFIRMATION_OK"
26765,4022182238,4022182291,1,"IOTHUB_CLIENT_CONFIRMATION_OK"
26766,4022182439,4022182482,1,"IOTHUB_CLIENT_CONFIRMATION_OK"
26767,4022182639,4022182673,1,"IOTHUB_CLIENT_CONFIRMATION_OK"
26768,4022182839,4022182875,1,"IOTHUB_CLIENT_CONFIRMATION_OK"
26769,4022183039,4022183223,1,"IOTHUB_CLIENT_CONFIRMATION_OK"
26770,4022183239,4022183277,1,"IOTHUB_CLIENT_CONFIRMATION_OK"
26771,4022183439,4022183499,1,"IOTHUB_CLIENT_CONFIRMATION_OK"
26772,4022183640,4022183687,1,"IOTHUB_CLIENT_CONFIRMATION_OK"
26773,4022183840,4022183882,1,"IOTHUB_CLIENT_CONFIRMATION_OK"
26774,4022184040,4022184104,1,"IOTHUB_CLIENT_CONFIRMATION_OK"
26775,4022184240,4022184293,1,"IOTHUB_CLIENT_CONFIRMATION_OK"
26776,4022184440,4022184572,1,"IOTHUB_CLIENT_CONFIRMATION_OK"
26777,4022184640,4022184674,1,"IOTHUB_CLIENT_CONFIRMATION_OK"
26778,4022184841,4022184890,1,"IOTHUB_CLIENT_CONFIRMATION_OK"
26779,4022185041,4022185100,1,"IOTHUB_CLIENT_CONFIRMATION_OK"
26780,4022185241,4022185273,1,"IOTHUB_CLIENT_CONFIRMATION_OK"
26781,4022185441,4022185492,1,"IOTHUB_CLIENT_CONFIRMATION_OK"
26782,4022185641,4022185690,1,"IOTHUB_CLIENT_CONFIRMATION_OK"
26783,4022185841,4022185881,1,"IOTHUB_CLIENT_CONFIRMATION_OK"
26784,4022186042,4022186078,1,"IOTHUB_CLIENT_CONFIRMATION_OK"
26785,4022186242,4022186288,1,"IOTHUB_CLIENT_CONFIRMATION_OK"
26786,4022186442,4022186483,1,"IOTHUB_CLIENT_CONFIRMATION_OK"
26787,4022186642,4022186672,1,"IOTHUB_CLIENT_CONFIRMATION_OK"
26788,4022186842,4022186925,1,"IOTHUB_CLIENT_CONFIRMATION_OK"
26789,4022187042,4022187134,1,"IOTHUB_CLIENT_CONFIRMATION_OK"
26790,4022187243,4022187275,1,"IOTHUB_CLIENT_CONFIRMATION_OK"
26791,4022187443,4022187493,1,"IOTHUB_CLIENT_CONFIRMATION_OK"
26792,4022187643,4022187750,1,"IOTHUB_CLIENT_CONFIRMATION_OK"
26793,4022187843,4022187882,1,"IOTHUB_CLIENT_CONFIRMATION_OK"
26794,4022188043,4022188088,1,"IOTHUB_CLIENT_CONFIRMATION_OK"
26795,4022188243,4022188327,1,"IOTHUB_CLIENT_CONFIRMATION_OK"
26796,4022188443,4022188497,1,"IOTHUB_CLIENT_CONFIRMATION_OK"
26797,4022188644,4022188685,1,"IOTHUB_CLIENT_CONFIRMATION_OK"
26798,4022188844,4022188924,1,"IOTHUB_CLIENT_CONFIRMATION_OK"
26799,4022189044,4022189083,1,"IOTHUB_CLIENT_CONFIRMATION_OK"
26800,4022189244,4022189281,1,"IOTHUB_CLIENT_CONFIRMATION_OK"
26801,4022189444,4022189543,1,"IOTHUB_CLIENT_CONFIRMATION_OK"
26802,4022189644,4022189684,1,"IOTHUB_CLIENT_CONFIRMATION_OK"
26803,4022189845,4022189973,1,"IOTHUB_CLIENT_CONFIRMATION_OK"
26804,4022190045,4022190085,1,"IOTHUB_CLIENT_CONFIRMATION_OK"
26805,4022190245,4022190290,1,"IOTHUB_CLIENT_CONFIRMATION_OK"
26806,4022190445,4022190482,1,"IOTHUB_CLIENT_CONFIRMATION_OK"
26807,4022190645,4022190703,1,"IOTHUB_CLIENT_CONFIRMATION_OK"
26808,4022190845,4022190891,1,"IOTHUB_CLIENT_CONFIRMATION_OK"
26809,4022191046,4022191085,1,"IOTHUB_CLIENT_CONFIRMATION_OK"
26810,4022191246,4022191324,1,"IOTHUB_CLIENT_CONFIRMATION_OK"
26811,4022191446,4022191626,1,"IOTHUB_CLIENT_CONFIRMATION_OK"
26812,4022191646,4022191705,1,"IOTHUB_CLIENT_CONFIRMATION_OK"
26813,4022191846,4022191910,1,"IOTHUB_CLIENT_CONFIRMATION_OK"
26814,4022192046,4022192079,1,"IOTHUB_CLIENT_CONFIRMATION_OK"
26815,4022192246,4022192289,1,"IOTHUB_CLIENT_CONFIRMATION_OK"
26816,4022192447,4022192496,1,"IOTHUB_CLIENT_CONFIRMATION_OK"
26817,4022192647,4022192688,1,"IOTHUB_CLIENT_CONFIRMATION_OK"
26818,4022192847,4022192928,1,"IOTHUB_CLIENT_CONFIRMATION_OK"
26819,4022193047,4022193080,1,"IOTHUB_CLIENT_CONFIRMATION_OK"
26820,4022193247,4022193295,1,"IOTHUB_CLIENT_CONFIRMATION_OK"
26821,4022193447,4022193483,1,"IOTHUB_CLIENT_CONFIRMATION_OK"
26822,4022193648,4022193693,1,"IOTHUB_CLIENT_CONFIRMATION_OK"
26823,4022193848,4022193886,1,"IOTHUB_CLIENT_CONFIRMATION_OK"
26824,4022194048,4022194085,1,"IOTHUB_CLIENT_CONFIRMATION_OK"
26825,4022194248,4022194287,1,"IOTHUB_CLIENT_CONFIRMATION_OK"
26826,4022194448,4022194492,1,"IOTHUB_CLIENT_CONFIRMATION_OK"
26827,4022194648,4022194686,1,"IOTHUB_CLIENT_CONFIRMATION_OK"
26828,4022194848,4022194885,1,"IOTHUB_CLIENT_CONFIRMATION_OK"
26829,4022195049,4022195100,1,"IOTHUB_CLIENT_CONFIRMATION_OK"
26830,4022195249,4022195284,1,"IOTHUB_CLIENT_CONFIRMATION_OK"
26831,4022195449,4022195493,1,"IOTHUB_CLIENT_CONFIRMATION_OK"
26832,4022195649,4022195691,1,"IOTHUB_CLIENT_CONFIRMATION_OK"
26833,4022195849,4022195915,1,"IOTHUB_CLIENT_CONFIRMATION_OK"
26834,4022196049,4022196176,1,"IOTHUB_CLIENT_CONFIRMATION_OK"
26835,4022196250,4022196294,1,"IOTHUB_CLIENT_CONFIRMATION_OK"
26836,4022196450,4022196494,1,"IOTHUB_CLIENT_CONFIRMATION_OK"
26837,4022196650,4022196695,1,"IOTHUB_CLIENT_CONFIRMATION_OK"
26838,4022196850,4022196898,1,"IOTHUB_CLIENT_CONFIRMATION_OK"
26839,4022197050,4022197096,1,"IOTHUB_CLIENT_CONFIRMATION_OK"
26840,4022197250,4022197287,1,"IOTHUB_CLIENT_CONFIRMATION_OK"
26841,4022197450,4022197485,1,"IOTHUB_CLIENT_CONFIRMATION_OK"
26842,4022197651,4022197686,1,"IOTHUB_CLIENT_CONFIRMATION_OK"
26843,4022197851,4022197885,1,"IOTHUB_CLIENT_CONFIRMATION_OK"
26844,4022198051,4022198092,1,"IOTHUB_CLIENT_CONFIRMATION_OK"
26845,4022198251,4022198292,1,"IOTHUB_CLIENT_CONFIRMATION_OK"
26846,4022198451,4022198491,1,"IOTHUB_CLIENT_CONFIRMATION_OK"
26847,4022198651,4022198692,1,"IOTHUB_CLIENT_CONFIRMATION_OK"
26848,4022198852,4022198893,1,"IOTHUB_CLIENT_CONFIRMATION_OK"
26849,4022199052,4022199124,1,"IOTHUB_CLIENT_CONFIRMATION_OK"
26850,4022199252,4022199309,1,"IOTHUB_CLIENT_CONFIRMATION_OK"
26851,4022199452,4022199494,1,"IOTHUB_CLIENT_CONFIRMATION_OK"
26852,4022199652,4022199722,1,"IOTHUB_CLIENT_CONFIRMATION_OK"
26853,4022199852,4022199891,1,"IOTHUB_CLIENT_CONFIRMATION_OK"
26854,4022200053,4022200104,1,"IOTHUB_CLIENT_CONFIRMATION_OK"
26855,4022200253,4022200289,1,"IOTHUB_CLIENT_CONFIRMATION_OK"
26856,4022200453,4022200499,1,"IOTHUB_CLIENT_CONFIRMATION_OK"
26857,4022200653,4022200703,1,"IOTHUB_CLIENT_CONFIRMATION_OK"
26858,4022200853,4022200886,1,"IOTHUB_CLIENT_CONFIRMATION_OK"
26859,4022201053,4022201094,1,"IOTHUB_CLIENT_CONFIRMATION_OK"
26860,4022201254,4022201319,1,"IOTHUB_CLIENT_CONFIRMATION_OK"
26861,4022201454,4022201493,1,"IOTHUB_CLIENT_CONFIRMATION_OK"
26862,4022201654,4022201694,1,"IOTHUB_CLIENT_CONFIRMATION_OK"
26863,4022201854,4022202051,1,"IOTHUB_CLIENT_CONFIRMATION_OK"
26864,4022202054,4022202110,1,"IOTHUB_CLIENT_CONFIRMATION_OK"
26865,4022202254,4022202283,1,"IOTHUB_CLIENT_CONFIRMATION_OK"
26866,4022202454,4022202501,1,"IOTHUB_CLIENT_CONFIRMATION_OK"
26867,4022202655,4022202700,1,"IOTHUB_CLIENT_CONFIRMATION_OK"
26868,4022202855,4022202911,1,"IOTHUB_CLIENT_CONFIRMATION_OK"
26869,4022203055,4022203090,1,"IOTHUB_CLIENT_CONFIRMATION_OK"
26870,4022203255,4022203291,1,"IOTHUB_CLIENT_CONFIRMATION_OK"
26871,4022203455,4022203495,1,"IOTHUB_CLIENT_CONFIRMATION_OK"
26872,4022203655,4022203693,1,"IOTHUB_CLIENT_CONFIRMATION_OK"
26873,4022203855,4022203895,1,"IOTHUB_CLIENT_CONFIRMATION_OK"
26874,4022204056,4022204093,1,"IOTHUB_CLIENT_CONFIRMATION_OK"
26875,4022204256,4022204298,1,"IOTHUB_CLIENT_CONFIRMATION_OK"
26876,4022204456,4022204537,1,"IOTHUB_CLIENT_CONFIRMATION_OK"
26877,4022204656,4022204699,1,"IOTHUB_CLIENT_CONFIRMATION_OK"
26878,4022204856,4022204898,1,"IOTHUB_CLIENT_CONFIRMATION_OK"
26879,4022205056,4022205154,1,"IOTHUB_CLIENT_CONFIRMATION_OK"
26880,4022205257,4022205299,1,"IOTHUB_CLIENT_CONFIRMATION_OK"
26881,4022205457,4022205497,1,"IOTHUB_CLIENT_CONFIRMATION_OK"
26882,4022205657,4022205752,1,"IOTHUB_CLIENT_CONFIRMATION_OK"
26883,4022205857,4022205934,1,"IOTHUB_CLIENT_CONFIRMATION_OK"
26884,4022206057,4022206105,1,"IOTHUB_CLIENT_CONFIRMATION_OK"
26885,4022206257,4022206397,1,"IOTHUB_CLIENT_CONFIRMATION_OK"
26886,4022206457,4022206496,1,"IOTHUB_CLIENT_CONFIRMATION_OK"
26887,4022206658,4022206698,1,"IOTHUB_CLIENT_CONFIRMATION_OK"
26888,4022206858,4022206899,1,"IOTHUB_CLIENT_CONFIRMATION_OK"
26889,4022207058,4022207108,1,"IOTHUB_CLIENT_CONFIRMATION_OK"
26890,4022207258,4022207304,1,"IOTHUB_CLIENT_CONFIRMATION_OK"
26891,4022207458,4022207521,1,"IOTHUB_CLIENT_CONFIRMATION_OK"
26892,4022207658,4022207707,1,"IOTHUB_CLIENT_CONFIRMATION_OK"
26893,4022207859,4022207920,1,"IOTHUB_CLIENT_CONFIRMATION_OK"
26894,4022208059,4022208092,1,"IOTHUB_CLIENT_CONFIRMATION_OK"
26895,4022208259,4022208306,1,"IOTHUB_CLIENT_CONFIRMATION_OK"
26896,4022208459,4022208502,1,"IOTHUB_CLIENT_CONFIRMATION_OK"
26897,4022208659,4022208693,1,"IOTHUB_CLIENT_CONFIRMATION_OK"
26898,4022208859,4022208928,1,"IOTHUB_CLIENT_CONFIRMATION_OK"
26899,4022209060,4022209092,1,"IOTHUB_CLIENT_CONFIRMATION_OK"
26900,4022209260,4022209304,1,"IOTHUB_CLIENT_CONFIRMATION_OK"
26901,4022209460,4022209521,1,"IOTHUB_CLIENT_CONFIRMATION_OK"
26902,4022209660,4022209698,1,"IOTHUB_CLIENT_CONFIRMATION_OK"
26903,4022209860,4022209896,1,"IOTHUB_CLIENT_CONFIRMATION_OK"
26904,4022210060,4022210104,1,"IOTHUB_CLIENT_CONFIRMATION_OK"
26905,4022210260,4022210350,1,"IOTHUB_CLIENT_CONFIRMATION_OK"
26906,4022210461,4022210513,1,"IOTHUB_CLIENT_CONFIRMATION_OK"
26907,4022210661,4022210717,1,"IOTHUB_CLIENT_CONFIRMATION_OK"
26908,4022210861,4022210965,1,"IOTHUB_CLIENT_CONFIRMATION_OK"
26909,4022211061,4022211121,1,"IOTHUB_CLIENT_CONFIRMATION_OK"
26910,4022211261,4022211300,1,"IOTHUB_CLIENT_CONFIRMATION_OK"
26911,4022211461,4022211569,1,"IOTHUB_CLIENT_CONFIRMATION_OK"
26912,4022211662,4022211764,1,"IOTHUB_CLIENT_CONFIRMATION_OK"
26913,4022211862,4022211894,1,"IOTHUB_CLIENT_CONFIRMATION_OK"
26914,4022212062,4022212110,1,"IOTHUB_CLIENT_CONFIRMATION_OK"
26915,4022212262,4022212296,1,"IOTHUB_CLIENT_CONFIRMATION_OK"
26916,4022212462,4022212502,1,"IOTHUB_CLIENT_CONFIRMATION_OK"
26917,4022212662,4022212705,1,"IOTHUB_CLIENT_CONFIRMATION_OK"
26918,4022212862,4022212921,1,"IOTHUB_CLIENT_CONFIRMATION_OK"
26919,4022213063,4022213118,1,"IOTHUB_CLIENT_CONFIRMATION_OK"
26920,4022213263,4022213302,1,"IOTHUB_CLIENT_CONFIRMATION_OK"
26921,4022213463,4022213620,1,"IOTHUB_CLIENT_CONFIRMATION_OK"
26922,4022213663,4022213707,1,"IOTHUB_CLIENT_CONFIRMATION_OK"
26923,4022213863,4022213898,1,"IOTHUB_CLIENT_CONFIRMATION_OK"
26924,4022214063,4022214209,1,"IOTHUB_CLIENT_CONFIRMATION_OK"
26925,4022214263,4022214322,1,"IOTHUB_CLIENT_CONFIRMATION_OK"
26926,4022214464,4022214495,1,"IOTHUB_CLIENT_CONFIRMATION_OK"
26927,4022214664,4022214832,1,"IOTHUB_CLIENT_CONFIRMATION_OK"
26928,4022214864,4022214907,1,"IOTHUB_CLIENT_CONFIRMATION_OK"
26929,4022215064,4022215113,1,"IOTHUB_CLIENT_CONFIRMATION_OK"
26930,4022215264,4022215310,1,"IOTHUB_CLIENT_CONFIRMATION_OK"
26931,4022215464,4022215507,1,"IOTHUB_CLIENT_CONFIRMATION_OK"
26932,4022215664,4022215740,1,"IOTHUB_CLIENT_CONFIRMATION_OK"
26933,4022215865,4022215910,1,"IOTHUB_CLIENT_CONFIRMATION_OK"
26934,4022216065,4022216098,1,"IOTHUB_CLIENT_CONFIRMATION_OK"
26935,4022216265,4022216349,1,"IOTHUB_CLIENT_CONFIRMATION_OK"
26936,4022216465,4022216540,1,"IOTHUB_CLIENT_CONFIRMATION_OK"
26937,4022216665,4022216704,1,"IOTHUB_CLIENT_CONFIRMATION_OK"
26938,4022216865,4022220115,1,"IOTHUB_CLIENT_CONFIRMATION_OK"
26939,4022217066,4022220283,1,"IOTHUB_CLIENT_CONFIRMATION_OK"
26940,4022217266,4022220361,1,"IOTHUB_CLIENT_CONFIRMATION_OK"
26941,4022217466,4022220406,1,"IOTHUB_CLIENT_CONFIRMATION_OK"
26942,4022217666,4022220451,1,"IOTHUB_CLIENT_CONFIRMATION_OK"
26943,4022217866,4022220543,1,"IOTHUB_CLIENT_CONFIRMATION_OK"
26944,4022218066,4022220607,1,"IOTHUB_CLIENT_CONFIRMATION_OK"
26945,4022218267,4022220764,1,"IOTHUB_CLIENT_CONFIRMATION_OK"
26946,4022218467,4022220809,1,"IOTHUB_CLIENT_CONFIRMATION_OK"
26947,4022218667,4022220877,1,"IOTHUB_CLIENT_CONFIRMATION_OK"
26948,4022218867,4022220950,1,"IOTHUB_CLIENT_CONFIRMATION_OK"
26949,4022219067,4022221007,1,"IOTHUB_CLIENT_CONFIRMATION_OK"
26950,4022219267,4022221185,1,"IOTHUB_CLIENT_CONFIRMATION_OK"
26951,4022219468,4022221245,1,"IOTHUB_CLIENT_CONFIRMATION_OK"
26952,4022219668,4022221291,1,"IOTHUB_CLIENT_CONFIRMATION_OK"
26953,4022219868,4022221340,1,"IOTHUB_CLIENT_CONFIRMATION_OK"
26954,4022220068,4022221408,1,"IOTHUB_CLIENT_CONFIRMATION_OK"
26955,4022220268,4022221559,1,"IOTHUB_CLIENT_CONFIRMATION_OK"
26956,4022220468,4022221666,1,"IOTHUB_CLIENT_CONFIRMATION_OK"
26957,4022220669,4022221730,1,"IOTHUB_CLIENT_CONFIRMATION_OK"
26958,4022220869,4022221785,1,"IOTHUB_CLIENT_CONFIRMATION_OK"
26959,4022221069,4022221834,1,"IOTHUB_CLIENT_CONFIRMATION_OK"
26960,4022221269,4022221898,1,"IOTHUB_CLIENT_CONFIRMATION_OK"
26961,4022221469,4022222006,1,"IOTHUB_CLIENT_CONFIRMATION_OK"
26962,4022221669,4022222071,1,"IOTHUB_CLIENT_CONFIRMATION_OK"
26963,4022221869,4022222133,1,"IOTHUB_CLIENT_CONFIRMATION_OK"
26964,4022222070,4022222183,1,"IOTHUB_CLIENT_CONFIRMATION_OK"
26965,4022222270,4022222304,1,"IOTHUB_CLIENT_CONFIRMATION_OK"
26966,4022222470,4022222583,1,"IOTHUB_CLIENT_CONFIRMATION_OK"
26967,4022222670,4022222725,1,"IOTHUB_CLIENT_CONFIRMATION_OK"
26968,4022222870,4022222916,1,"IOTHUB_CLIENT_CONFIRMATION_OK"
26969,4022223070,4022223170,1,"IOTHUB_CLIENT_CONFIRMATION_OK"
26970,4022223270,4022223322,1,"IOTHUB_CLIENT_CONFIRMATION_OK"
26971,4022223471,4022223582,1,"IOTHUB_CLIENT_CONFIRMATION_OK"
26972,4022223671,4022223709,1,"IOTHUB_CLIENT_CONFIRMATION_OK"
26973,4022223871,4022223919,1,"IOTHUB_CLIENT_CONFIRMATION_OK"
26974,4022224071,4022224113,1,"IOTHUB_CLIENT_CONFIRMATION_OK"
26975,4022224271,4022224307,1,"IOTHUB_CLIENT_CONFIRMATION_OK"
26976,4022224471,4022224518,1,"IOTHUB_CLIENT_CONFIRMATION_OK"
26977,4022224671,4022224719,1,"IOTHUB_CLIENT_CONFIRMATION_OK"
26978,4022224872,4022224924,1,"IOTHUB_CLIENT_CONFIRMATION_OK"
26979,4022225072,4022225129,1,"IOTHUB_CLIENT_CONFIRMATION_OK"
26980,4022225272,4022225309,1,"IOTHUB_CLIENT_CONFIRMATION_OK"
26981,4022225472,4022225531,1,"IOTHUB_CLIENT_CONFIRMATION_OK"
26982,4022225672,4022225752,1,"IOTHUB_CLIENT_CONFIRMATION_OK"
26983,4022225872,4022225914,1,"IOTHUB_CLIENT_CONFIRMATION_OK"
26984,4022226073,4022226117,1,"IOTHUB_CLIENT_CONFIRMATION_OK"
26985,4022226273,4022226384,1,"IOTHUB_CLIENT_CONFIRMATION_OK"
26986,4022226473,4022226528,1,"IOTHUB_CLIENT_CONFIRMATION_OK"
26987,4022226673,4022226703,1,"IOTHUB_CLIENT_CONFIRMATION_OK"
26988,4022226873,4022226917,1,"IOTHUB_CLIENT_CONFIRMATION_OK"
26989,4022227073,4022227118,1,"IOTHUB_CLIENT_CONFIRMATION_OK"
26990,4022227274,4022227316,1,"IOTHUB_CLIENT_CONFIRMATION_OK"
26991,4022227474,4022227507,1,"IOTHUB_CLIENT_CONFIRMATION_OK"
26992,4022227674,4022227779,1,"IOTHUB_CLIENT_CONFIRMATION_OK"
26993,4022227874,4022227965,1,"IOTHUB_CLIENT_CONFIRMATION_OK"
26994,4022228074,4022228149,1,"IOTHUB_CLIENT_CONFIRMATION_OK"
26995,4022228274,4022228397,1,"IOTHUB_CLIENT_CONFIRMATION_OK"
26996,4022228475,4022228579,1,"IOTHUB_CLIENT_CONFIRMATION_OK"
26997,4022228685,4022228751,1,"IOTHUB_CLIENT_CONFIRMATION_OK"
26998,4022228886,4022228919,1,"IOTHUB_CLIENT_CONFIRMATION_OK"
26999,4022229086,4022229124,1,"IOTHUB_CLIENT_CONFIRMATION_OK"
