Message ID,Send Time,Receive Time,Status
0,6392583411,6392583782,1
1,6392583511,6392583789,1
2,6392583616,6392583794,1
3,6392583716,6392583801,1
4,6392583816,6392583845,1
5,6392583916,6392583945,1
6,6392584016,6392584046,1
7,6392584117,6392584146,1
8,6392584217,6392584247,1
9,6392584317,6392584346,1
10,6392584417,6392584448,1
11,6392584517,6392584548,1
12,6392584617,6392584646,1
13,6392584718,6392584747,1
14,6392584818,6392584847,1
15,6392584918,6392584951,1
16,6392585018,6392585047,1
17,6392585118,6392585149,1
18,6392585219,6392585248,1
19,6392585319,6392585348,1
20,6392585419,6392585448,1
21,6392585519,6392585550,1
22,6392585619,6392585649,1
23,6392585720,6392585748,1
24,6392585820,6392585849,1
25,6392585920,6392585949,1
26,6392586020,6392586050,1
27,6392586120,6392586150,1
28,6392586221,6392586273,1
29,6392586321,6392586351,1
30,6392586421,6392586450,1
31,6392586521,6392586573,1
32,6392586621,6392586651,1
33,6392586722,6392586750,1
34,6392586822,6392586852,1
35,6392586922,6392586951,1
36,6392587022,6392587051,1
37,6392587122,6392587150,1
38,6392587223,6392587252,1
39,6392587323,6392587353,1
40,6392587423,6392587452,1
41,6392587523,6392587551,1
42,6392587623,6392587684,1
43,6392587724,6392587768,1
44,6392587824,6392587854,1
45,6392587924,6392587955,1
46,6392588024,6392588053,1
47,6392588124,6392588180,1
48,6392588225,6392588253,1
49,6392588325,6392588354,1
50,6392588425,6392588454,1
51,6392588525,6392588554,1
52,6392588625,6392588655,1
53,6392588726,6392588755,1
54,6392588826,6392588855,1
55,6392588926,6392588954,1
56,6392589026,6392589055,1
57,6392589126,6392589156,1
58,6392589227,6392589256,1
59,6392589327,6392589357,1
60,6392589427,6392589458,1
61,6392589527,6392589557,1
62,6392589627,6392589679,1
63,6392589728,6392589757,1
64,6392589828,6392589857,1
65,6392589928,6392589957,1
66,6392590028,6392590065,1
67,6392590128,6392590157,1
68,6392590229,6392590259,1
69,6392590329,6392590360,1
70,6392590429,6392590465,1
71,6392590529,6392590558,1
72,6392590629,6392590658,1
73,6392590730,6392590758,1
74,6392590830,6392590863,1
75,6392590930,6392590959,1
76,6392591030,6392591059,1
77,6392591130,6392591160,1
78,6392591231,6392591260,1
79,6392591331,6392591361,1
80,6392591431,6392591463,1
81,6392591531,6392591561,1
82,6392591631,6392591661,1
83,6392591732,6392591761,1
84,6392591832,6392591861,1
85,6392591932,6392591966,1
86,6392592032,6392592063,1
87,6392592132,6392592163,1
88,6392592233,6392592263,1
89,6392592333,6392592363,1
90,6392592433,6392592464,1
91,6392592533,6392592564,1
92,6392592633,6392592662,1
93,6392592734,6392592762,1
94,6392592834,6392592865,1
95,6392592934,6392592963,1
96,6392593034,6392593064,1
97,6392593134,6392593164,1
98,6392593235,6392593265,1
99,6392593335,6392593365,1
100,6392593435,6392593464,1
101,6392593535,6392593565,1
102,6392593635,6392593664,1
103,6392593736,6392593765,1
104,6392593836,6392593865,1
105,6392593936,6392593965,1
106,6392594036,6392594066,1
107,6392594136,6392594166,1
108,6392594237,6392594266,1
109,6392594337,6392594366,1
110,6392594437,6392594466,1
111,6392594537,6392594566,1
112,6392594637,6392594667,1
113,6392594738,6392594767,1
114,6392594838,6392594867,1
115,6392594938,6392594968,1
116,6392595038,6392595068,1
117,6392595138,6392595168,1
118,6392595239,6392595268,1
119,6392595339,6392595370,1
120,6392595439,6392595469,1
121,6392595539,6392595570,1
122,6392595639,6392595673,1
123,6392595739,6392595769,1
124,6392595840,6392595868,1
125,6392595940,6392595970,1
126,6392596040,6392596070,1
127,6392596140,6392596169,1
128,6392596240,6392596271,1
129,6392596341,6392596385,1
130,6392596441,6392596470,1
131,6392596541,6392596571,1
132,6392596641,6392596670,1
133,6392596741,6392596770,1
134,6392596842,6392596871,1
135,6392596942,6392596971,1
136,6392597042,6392597072,1
137,6392597142,6392597171,1
138,6392597242,6392597272,1
139,6392597343,6392597372,1
140,6392597443,6392597472,1
141,6392597543,6392597573,1
142,6392597643,6392597672,1
143,6392597743,6392597776,1
144,6392597844,6392597872,1
145,6392597944,6392597979,1
146,6392598044,6392598074,1
147,6392598144,6392598174,1
148,6392598244,6392598273,1
149,6392598345,6392598373,1
150,6392598445,6392598474,1
151,6392598545,6392598574,1
152,6392598645,6392598675,1
153,6392598745,6392598802,1
154,6392598846,6392598875,1
155,6392598946,6392598975,1
156,6392599046,6392599077,1
157,6392599146,6392599174,1
158,6392599246,6392599276,1
159,6392599347,6392599375,1
160,6392599447,6392599478,1
161,6392599547,6392599576,1
162,6392599647,6392599678,1
163,6392599747,6392599776,1
164,6392599848,6392599876,1
165,6392599948,6392599977,1
166,6392600048,6392600077,1
167,6392600148,6392600179,1
168,6392600248,6392600278,1
169,6392600348,6392600390,1
170,6392600449,6392600479,1
171,6392600549,6392600613,1
172,6392600649,6392600677,1
173,6392600749,6392600778,1
174,6392600849,6392600879,1
175,6392600950,6392600979,1
176,6392601050,6392601079,1
177,6392601150,6392601179,1
178,6392601250,6392601284,1
179,6392601350,6392601379,1
180,6392601451,6392601480,1
181,6392601551,6392601580,1
182,6392601651,6392601679,1
183,6392601751,6392601779,1
184,6392601851,6392601880,1
185,6392601951,6392601980,1
186,6392602052,6392602082,1
187,6392602152,6392602183,1
188,6392602252,6392602287,1
189,6392602352,6392602381,1
190,6392602452,6392602485,1
191,6392602553,6392602582,1
192,6392602653,6392602682,1
193,6392602753,6392602782,1
194,6392602853,6392602882,1
195,6392602953,6392602982,1
196,6392603054,6392603083,1
197,6392603154,6392603184,1
198,6392603254,6392603283,1
199,6392603354,6392603383,1
200,6392603454,6392603484,1
201,6392603555,6392603588,1
202,6392603655,6392603683,1
203,6392603755,6392603784,1
204,6392603855,6392603883,1
205,6392603955,6392603985,1
206,6392604056,6392604088,1
207,6392604156,6392604185,1
208,6392604256,6392604286,1
209,6392604356,6392604385,1
210,6392604456,6392604486,1
211,6392604557,6392604587,1
212,6392604657,6392604687,1
213,6392604757,6392604787,1
214,6392604857,6392604890,1
215,6392604957,6392604987,1
216,6392605058,6392605088,1
217,6392605158,6392605187,1
218,6392605258,6392605297,1
219,6392605358,6392605389,1
220,6392605458,6392605493,1
221,6392605559,6392605589,1
222,6392605659,6392605690,1
223,6392605759,6392605791,1
224,6392605859,6392605888,1
225,6392605959,6392605988,1
226,6392606060,6392606089,1
227,6392606160,6392606189,1
228,6392606260,6392606292,1
229,6392606360,6392606389,1
230,6392606460,6392606490,1
231,6392606561,6392606590,1
232,6392606661,6392606692,1
233,6392606761,6392606790,1
234,6392606861,6392606892,1
235,6392606961,6392606992,1
236,6392607062,6392607090,1
237,6392607162,6392607191,1
238,6392607262,6392607293,1
239,6392607362,6392607394,1
240,6392607462,6392607492,1
241,6392607563,6392607592,1
242,6392607663,6392607692,1
243,6392607763,6392607792,1
244,6392607863,6392607893,1
245,6392607963,6392608019,1
246,6392608064,6392608101,1
247,6392608164,6392608264,1
248,6392608264,6392608305,1
249,6392608364,6392608394,1
250,6392608464,6392608505,1
251,6392608565,6392608594,1
252,6392608665,6392608695,1
253,6392608765,6392608800,1
254,6392608865,6392608896,1
255,6392608965,6392609059,1
256,6392609066,6392609095,1
257,6392609166,6392609196,1
258,6392609266,6392609294,1
259,6392609366,6392609396,1
260,6392609466,6392609496,1
261,6392609567,6392609596,1
262,6392609667,6392609695,1
263,6392609767,6392609797,1
264,6392609867,6392609908,1
265,6392609967,6392609998,1
266,6392610068,6392610096,1
267,6392610168,6392610197,1
268,6392610268,6392610297,1
269,6392610368,6392610401,1
270,6392610468,6392610510,1
271,6392610569,6392610600,1
272,6392610669,6392610698,1
273,6392610769,6392610797,1
274,6392610869,6392610900,1
275,6392610969,6392610998,1
276,6392611070,6392611100,1
277,6392611170,6392611198,1
278,6392611270,6392611308,1
279,6392611370,6392611401,1
280,6392611470,6392611527,1
281,6392611571,6392611599,1
282,6392611671,6392611700,1
283,6392611771,6392611800,1
284,6392611871,6392611901,1
285,6392611971,6392612000,1
286,6392612072,6392612100,1
287,6392612172,6392612201,1
288,6392612272,6392612304,1
289,6392612372,6392612401,1
290,6392612472,6392612504,1
291,6392612573,6392612602,1
292,6392612673,6392612705,1
293,6392612773,6392612801,1
294,6392612873,6392612907,1
295,6392612973,6392613002,1
296,6392613074,6392613104,1
297,6392613174,6392613203,1
298,6392613274,6392613303,1
299,6392613374,6392613403,1
300,6392613474,6392613505,1
301,6392613575,6392613605,1
302,6392613675,6392613705,1
303,6392613775,6392613804,1
304,6392613875,6392613903,1
305,6392613975,6392614010,1
306,6392614075,6392614104,1
307,6392614176,6392614204,1
308,6392614276,6392614305,1
309,6392614376,6392614405,1
310,6392614476,6392614506,1
311,6392614576,6392614606,1
312,6392614677,6392614705,1
313,6392614777,6392614807,1
314,6392614877,6392614906,1
315,6392614977,6392615007,1
316,6392615077,6392615107,1
317,6392615178,6392615237,1
318,6392615278,6392615307,1
319,6392615378,6392615408,1
320,6392615478,6392615507,1
321,6392615579,6392615608,1
322,6392615679,6392615707,1
323,6392615779,6392615808,1
324,6392615879,6392615908,1
325,6392615979,6392616009,1
326,6392616080,6392616109,1
327,6392616180,6392616209,1
328,6392616280,6392616309,1
329,6392616380,6392616409,1
330,6392616480,6392616509,1
331,6392616581,6392616610,1
332,6392616681,6392616711,1
333,6392616781,6392616813,1
334,6392616881,6392616911,1
335,6392616981,6392617012,1
336,6392617082,6392617111,1
337,6392617182,6392617211,1
338,6392617282,6392617312,1
339,6392617382,6392617413,1
340,6392617482,6392617512,1
341,6392617583,6392617612,1
342,6392617683,6392617710,1
343,6392617783,6392617816,1
344,6392617883,6392617912,1
345,6392617983,6392618012,1
346,6392618084,6392618112,1
347,6392618184,6392618212,1
348,6392618284,6392618313,1
349,6392618384,6392618413,1
350,6392618484,6392618515,1
351,6392618584,6392618612,1
352,6392618685,6392618714,1
353,6392618785,6392618814,1
354,6392618885,6392618915,1
355,6392618985,6392619016,1
356,6392619085,6392619120,1
357,6392619186,6392619216,1
358,6392619286,6392619315,1
359,6392619386,6392619416,1
360,6392619486,6392619515,1
361,6392619586,6392619615,1
362,6392619687,6392619716,1
363,6392619787,6392619837,1
364,6392619887,6392619916,1
365,6392619987,6392620018,1
366,6392620087,6392620116,1
367,6392620188,6392620217,1
368,6392620288,6392620316,1
369,6392620388,6392620418,1
370,6392620488,6392620518,1
371,6392620588,6392620617,1
372,6392620689,6392620726,1
373,6392620789,6392620827,1
374,6392620889,6392620943,1
375,6392620989,6392621021,1
376,6392621089,6392621118,1
377,6392621189,6392621218,1
378,6392621290,6392621324,1
379,6392621390,6392621419,1
380,6392621490,6392621520,1
381,6392621590,6392621620,1
382,6392621691,6392621720,1
383,6392621791,6392621818,1
384,6392621891,6392621920,1
385,6392621991,6392622020,1
386,6392622091,6392622121,1
387,6392622191,6392622221,1
388,6392622292,6392622319,1
389,6392622392,6392622422,1
390,6392622492,6392622522,1
391,6392622592,6392622621,1
392,6392622692,6392622720,1
393,6392622793,6392622820,1
394,6392622893,6392622924,1
395,6392622993,6392623021,1
396,6392623093,6392623122,1
397,6392623193,6392623223,1
398,6392623294,6392623324,1
399,6392623394,6392623424,1
400,6392623494,6392623524,1
401,6392623594,6392623623,1
402,6392623694,6392623724,1
403,6392623795,6392623822,1
404,6392623895,6392623925,1
405,6392623995,6392624023,1
406,6392624095,6392624124,1
407,6392624195,6392624225,1
408,6392624296,6392624326,1
409,6392624396,6392624425,1
410,6392624496,6392624525,1
411,6392624596,6392624629,1
412,6392624696,6392624725,1
413,6392624797,6392624826,1
414,6392624897,6392624926,1
415,6392624997,6392625027,1
416,6392625097,6392625126,1
417,6392625197,6392625227,1
418,6392625298,6392625330,1
419,6392625398,6392625428,1
420,6392625498,6392625527,1
421,6392625598,6392625668,1
422,6392625698,6392625750,1
423,6392625799,6392625828,1
424,6392625899,6392625929,1
425,6392625999,6392626028,1
426,6392626099,6392626129,1
427,6392626199,6392626229,1
428,6392626300,6392626329,1
429,6392626400,6392626429,1
430,6392626500,6392626528,1
431,6392626600,6392626633,1
432,6392626700,6392626729,1
433,6392626800,6392626829,1
434,6392626901,6392626940,1
435,6392627001,6392627030,1
436,6392627101,6392627132,1
437,6392627201,6392627231,1
438,6392627302,6392627330,1
439,6392627402,6392627431,1
440,6392627502,6392627536,1
441,6392627602,6392627632,1
442,6392627702,6392627731,1
443,6392627802,6392627831,1
444,6392627903,6392627932,1
445,6392628003,6392628031,1
446,6392628103,6392628132,1
447,6392628203,6392628236,1
448,6392628303,6392628344,1
449,6392628404,6392628440,1
450,6392628504,6392628532,1
451,6392628604,6392628633,1
452,6392628704,6392628732,1
453,6392628804,6392628832,1
454,6392628905,6392628934,1
455,6392629005,6392629033,1
456,6392629105,6392629133,1
457,6392629205,6392629240,1
458,6392629305,6392629334,1
459,6392629406,6392629435,1
460,6392629506,6392629534,1
461,6392629606,6392629638,1
462,6392629706,6392629735,1
463,6392629806,6392629835,1
464,6392629907,6392629937,1
465,6392630007,6392630036,1
466,6392630107,6392630160,1
467,6392630207,6392630236,1
468,6392630307,6392630342,1
469,6392630408,6392630437,1
470,6392630508,6392630538,1
471,6392630608,6392630638,1
472,6392630708,6392630737,1
473,6392630808,6392630840,1
474,6392630909,6392630938,1
475,6392631009,6392631037,1
476,6392631109,6392631138,1
477,6392631209,6392631239,1
478,6392631309,6392631339,1
479,6392631410,6392631446,1
480,6392631510,6392631538,1
481,6392631610,6392631639,1
482,6392631710,6392631739,1
483,6392631810,6392631839,1
484,6392631911,6392631944,1
485,6392632011,6392632043,1
486,6392632111,6392632139,1
487,6392632211,6392632241,1
488,6392632311,6392632340,1
489,6392632412,6392632440,1
490,6392632512,6392632541,1
491,6392632612,6392632642,1
492,6392632712,6392632741,1
493,6392632812,6392632842,1
494,6392632913,6392632941,1
495,6392633013,6392633047,1
496,6392633113,6392633147,1
497,6392633213,6392633242,1
498,6392633313,6392633347,1
499,6392633414,6392633443,1
500,6392633514,6392633545,1
501,6392633614,6392633643,1
502,6392633714,6392633743,1
503,6392633814,6392633844,1
504,6392633915,6392633943,1
505,6392634015,6392634044,1
506,6392634115,6392634145,1
507,6392634215,6392634257,1
508,6392634315,6392634344,1
509,6392634416,6392634445,1
510,6392634516,6392634547,1
511,6392634616,6392634645,1
512,6392634716,6392634744,1
513,6392634816,6392634846,1
514,6392634917,6392634945,1
515,6392635017,6392635064,1
516,6392635117,6392635146,1
517,6392635217,6392635248,1
518,6392635317,6392635347,1
519,6392635418,6392635446,1
520,6392635518,6392635548,1
521,6392635618,6392635647,1
522,6392635718,6392635747,1
523,6392635818,6392635864,1
524,6392635919,6392635947,1
525,6392636019,6392636048,1
526,6392636119,6392636147,1
527,6392636219,6392636248,1
528,6392636319,6392636349,1
529,6392636420,6392636449,1
530,6392636520,6392636549,1
531,6392636620,6392636649,1
532,6392636720,6392636748,1
533,6392636820,6392636849,1
534,6392636921,6392636949,1
535,6392637021,6392637050,1
536,6392637121,6392637150,1
537,6392637221,6392637250,1
538,6392637321,6392637350,1
539,6392637422,6392637451,1
540,6392637522,6392637551,1
541,6392637622,6392637651,1
542,6392637722,6392637750,1
543,6392637822,6392637855,1
544,6392637922,6392637956,1
545,6392638023,6392638051,1
546,6392638123,6392638152,1
547,6392638223,6392638251,1
548,6392638323,6392638353,1
549,6392638423,6392638452,1
550,6392638524,6392638553,1
551,6392638624,6392638676,1
552,6392638724,6392638752,1
553,6392638824,6392638853,1
554,6392638924,6392638953,1
555,6392639025,6392639052,1
556,6392639125,6392639154,1
557,6392639225,6392639254,1
558,6392639325,6392639355,1
559,6392639425,6392639484,1
560,6392639526,6392639553,1
561,6392639626,6392639653,1
562,6392639726,6392639755,1
563,6392639826,6392639855,1
564,6392639926,6392639956,1
565,6392640027,6392640056,1
566,6392640127,6392640157,1
567,6392640227,6392640256,1
568,6392640327,6392640357,1
569,6392640427,6392640504,1
570,6392640527,6392640565,1
571,6392640628,6392640683,1
572,6392640728,6392640757,1
573,6392640828,6392640856,1
574,6392640928,6392641033,1
575,6392641029,6392641057,1
576,6392641129,6392641158,1
577,6392641229,6392641257,1
578,6392641329,6392641358,1
579,6392641429,6392641457,1
580,6392641530,6392641558,1
581,6392641630,6392641660,1
582,6392641730,6392641759,1
583,6392641830,6392641860,1
584,6392641930,6392641959,1
585,6392642030,6392642102,1
586,6392642131,6392642159,1
587,6392642231,6392642261,1
588,6392642331,6392642359,1
589,6392642431,6392642460,1
590,6392642531,6392642560,1
591,6392642632,6392642660,1
592,6392642732,6392642760,1
593,6392642832,6392642861,1
594,6392642932,6392642960,1
595,6392643032,6392643062,1
596,6392643133,6392643161,1
597,6392643233,6392643261,1
598,6392643333,6392643361,1
599,6392643433,6392643462,1
600,6392643533,6392643562,1
601,6392643633,6392643665,1
602,6392643734,6392643764,1
603,6392643834,6392643863,1
604,6392643934,6392643964,1
605,6392644034,6392644064,1
606,6392644134,6392644169,1
607,6392644235,6392644263,1
608,6392644335,6392644364,1
609,6392644435,6392644465,1
610,6392644535,6392644564,1
611,6392644635,6392644664,1
612,6392644736,6392644765,1
613,6392644836,6392644864,1
614,6392644936,6392644964,1
615,6392645036,6392645065,1
616,6392645136,6392645166,1
617,6392645237,6392645265,1
618,6392645337,6392645366,1
619,6392645437,6392645466,1
620,6392645537,6392645566,1
621,6392645637,6392645667,1
622,6392645738,6392645766,1
623,6392645838,6392645867,1
624,6392645938,6392645968,1
625,6392646038,6392646067,1
626,6392646138,6392646168,1
627,6392646239,6392646267,1
628,6392646339,6392646368,1
629,6392646439,6392646468,1
630,6392646539,6392646567,1
631,6392646639,6392646673,1
632,6392646739,6392646768,1
633,6392646840,6392646867,1
634,6392646940,6392646968,1
635,6392647040,6392647069,1
636,6392647140,6392647168,1
637,6392647240,6392647268,1
638,6392647341,6392647369,1
639,6392647441,6392647470,1
640,6392647541,6392647570,1
641,6392647641,6392647672,1
642,6392647741,6392647772,1
643,6392647842,6392647870,1
644,6392647942,6392647971,1
645,6392648042,6392648071,1
646,6392648142,6392648171,1
647,6392648242,6392648273,1
648,6392648343,6392648372,1
649,6392648443,6392648473,1
650,6392648543,6392648574,1
651,6392648643,6392648673,1
652,6392648743,6392648772,1
653,6392648843,6392648871,1
654,6392648944,6392648973,1
655,6392649044,6392649072,1
656,6392649144,6392649172,1
657,6392649244,6392649274,1
658,6392649344,6392649437,1
659,6392649445,6392649474,1
660,6392649545,6392649573,1
661,6392649645,6392649674,1
662,6392649745,6392649776,1
663,6392649845,6392649885,1
664,6392649946,6392649974,1
665,6392650046,6392650075,1
666,6392650146,6392650174,1
667,6392650246,6392650275,1
668,6392650346,6392650374,1
669,6392650447,6392650475,1
670,6392650547,6392650576,1
671,6392650647,6392650675,1
672,6392650747,6392650777,1
673,6392650847,6392650877,1
674,6392650948,6392650975,1
675,6392651048,6392651076,1
676,6392651148,6392651187,1
677,6392651248,6392651280,1
678,6392651348,6392651378,1
679,6392651449,6392651478,1
680,6392651549,6392651579,1
681,6392651649,6392651678,1
682,6392651749,6392651779,1
683,6392651849,6392651879,1
684,6392651950,6392651979,1
685,6392652050,6392652078,1
686,6392652150,6392652178,1
687,6392652250,6392652279,1
688,6392652350,6392652403,1
689,6392652450,6392652482,1
690,6392652551,6392652580,1
691,6392652651,6392652681,1
692,6392652751,6392652780,1
693,6392652851,6392652881,1
694,6392652951,6392652980,1
695,6392653052,6392653081,1
696,6392653152,6392653181,1
697,6392653252,6392653301,1
698,6392653352,6392653381,1
699,6392653452,6392653481,1
700,6392653553,6392653581,1
701,6392653653,6392653682,1
702,6392653753,6392653781,1
703,6392653853,6392653882,1
704,6392653953,6392653984,1
705,6392654054,6392654086,1
706,6392654154,6392654184,1
707,6392654254,6392654284,1
708,6392654354,6392654383,1
709,6392654454,6392654483,1
710,6392654554,6392654583,1
711,6392654655,6392654684,1
712,6392654755,6392654787,1
713,6392654855,6392654885,1
714,6392654955,6392654986,1
715,6392655055,6392655085,1
716,6392655156,6392655185,1
717,6392655256,6392655285,1
718,6392655356,6392655385,1
719,6392655456,6392655486,1
720,6392655556,6392655584,1
721,6392655657,6392655685,1
722,6392655757,6392655786,1
723,6392655857,6392655885,1
724,6392655957,6392655988,1
725,6392656057,6392656087,1
726,6392656158,6392656187,1
727,6392656258,6392656288,1
728,6392656358,6392656388,1
729,6392656458,6392656487,1
730,6392656558,6392656588,1
731,6392656659,6392656687,1
732,6392656759,6392656788,1
733,6392656859,6392656888,1
734,6392656959,6392656987,1
735,6392657059,6392657089,1
736,6392657160,6392657189,1
737,6392657260,6392657295,1
738,6392657360,6392657389,1
739,6392657460,6392657490,1
740,6392657560,6392657589,1
741,6392657661,6392657690,1
742,6392657761,6392657791,1
743,6392657861,6392657891,1
744,6392657961,6392657992,1
745,6392658062,6392658091,1
746,6392658162,6392658190,1
747,6392658262,6392658291,1
748,6392658362,6392658391,1
749,6392658462,6392658493,1
750,6392658563,6392658619,1
751,6392658663,6392658692,1
752,6392658763,6392658791,1
753,6392658863,6392658892,1
754,6392658963,6392658993,1
755,6392659063,6392659093,1
756,6392659164,6392659210,1
757,6392659264,6392659294,1
758,6392659364,6392659393,1
759,6392659464,6392659498,1
760,6392659564,6392659614,1
761,6392659665,6392659694,1
762,6392659765,6392659794,1
763,6392659865,6392659894,1
764,6392659965,6392659995,1
765,6392660065,6392660094,1
766,6392660166,6392660194,1
767,6392660266,6392660296,1
768,6392660366,6392660396,1
769,6392660466,6392660496,1
770,6392660566,6392660596,1
771,6392660667,6392660697,1
772,6392660767,6392660797,1
773,6392660867,6392660896,1
774,6392660967,6392660996,1
775,6392661067,6392661097,1
776,6392661168,6392661201,1
777,6392661268,6392661297,1
778,6392661368,6392661398,1
779,6392661468,6392661496,1
780,6392661568,6392661596,1
781,6392661669,6392661698,1
782,6392661769,6392661798,1
783,6392661869,6392661897,1
784,6392661969,6392661998,1
785,6392662069,6392662098,1
786,6392662169,6392662229,1
787,6392662270,6392662299,1
788,6392662370,6392662399,1
789,6392662470,6392662501,1
790,6392662570,6392662600,1
791,6392662670,6392662699,1
792,6392662771,6392662800,1
793,6392662871,6392662902,1
794,6392662971,6392663000,1
795,6392663071,6392663101,1
796,6392663171,6392663200,1
797,6392663272,6392663301,1
798,6392663372,6392663422,1
799,6392663472,6392663562,1
800,6392663572,6392663602,1
801,6392663672,6392663723,1
802,6392663773,6392663800,1
803,6392663873,6392663901,1
804,6392663973,6392664002,1
805,6392664073,6392664102,1
806,6392664173,6392664203,1
807,6392664274,6392664302,1
808,6392664374,6392664402,1
809,6392664474,6392664503,1
810,6392664574,6392664604,1
811,6392664674,6392664702,1
812,6392664775,6392664803,1
813,6392664875,6392664904,1
814,6392664975,6392665004,1
815,6392665075,6392665105,1
816,6392665175,6392665206,1
817,6392665276,6392665305,1
818,6392665376,6392665405,1
819,6392665476,6392665505,1
820,6392665576,6392665605,1
821,6392665676,6392665707,1
822,6392665776,6392665805,1
823,6392665877,6392665906,1
824,6392665977,6392666007,1
825,6392666077,6392666107,1
826,6392666177,6392666215,1
827,6392666278,6392666306,1
828,6392666378,6392666405,1
829,6392666478,6392666506,1
830,6392666578,6392666607,1
831,6392666678,6392666708,1
832,6392666779,6392666858,1
833,6392666879,6392666907,1
834,6392666979,6392667029,1
835,6392667079,6392667110,1
836,6392667179,6392667212,1
837,6392667280,6392667310,1
838,6392667380,6392667425,1
839,6392667480,6392667511,1
840,6392667580,6392667610,1
841,6392667680,6392667709,1
842,6392667780,6392667809,1
843,6392667881,6392667910,1
844,6392667981,6392668011,1
845,6392668081,6392668111,1
846,6392668181,6392668211,1
847,6392668281,6392668309,1
848,6392668382,6392668410,1
849,6392668482,6392668511,1
850,6392668582,6392668611,1
851,6392668682,6392668711,1
852,6392668782,6392668817,1
853,6392668883,6392668912,1
854,6392668983,6392669019,1
855,6392669083,6392669113,1
856,6392669184,6392669214,1
857,6392669284,6392669314,1
858,6392669384,6392669418,1
859,6392669484,6392669513,1
860,6392669584,6392669614,1
861,6392669685,6392669713,1
862,6392669785,6392669818,1
863,6392669885,6392669913,1
864,6392669985,6392670014,1
865,6392670085,6392670115,1
866,6392670186,6392670215,1
867,6392670286,6392670316,1
868,6392670386,6392670415,1
869,6392670486,6392670515,1
870,6392670586,6392670615,1
871,6392670687,6392670715,1
872,6392670787,6392670816,1
873,6392670887,6392670917,1
874,6392670987,6392671016,1
875,6392671087,6392671117,1
876,6392671188,6392671217,1
877,6392671288,6392671316,1
878,6392671388,6392671418,1
879,6392671488,6392671519,1
880,6392671589,6392671617,1
881,6392671689,6392671722,1
882,6392671789,6392671819,1
883,6392671889,6392671918,1
884,6392671989,6392672020,1
885,6392672090,6392672118,1
886,6392672190,6392672239,1
887,6392672290,6392672321,1
888,6392672390,6392672423,1
889,6392672490,6392672519,1
890,6392672590,6392672620,1
891,6392672691,6392672720,1
892,6392672791,6392672820,1
893,6392672891,6392672921,1
894,6392672991,6392673021,1
895,6392673091,6392673121,1
896,6392673192,6392673226,1
897,6392673292,6392673321,1
898,6392673392,6392673421,1
899,6392673492,6392673523,1
900,6392673592,6392673622,1
901,6392673693,6392673724,1
902,6392673793,6392673821,1
903,6392673893,6392673921,1
904,6392673993,6392674022,1
905,6392674093,6392674123,1
906,6392674193,6392674225,1
907,6392674294,6392674323,1
908,6392674394,6392674424,1
909,6392674494,6392674523,1
910,6392674594,6392674623,1
911,6392674694,6392674728,1
912,6392674795,6392674825,1
913,6392674895,6392674926,1
914,6392674995,6392675024,1
915,6392675095,6392675124,1
916,6392675195,6392675225,1
917,6392675296,6392675324,1
918,6392675396,6392675425,1
919,6392675496,6392675525,1
920,6392675596,6392675629,1
921,6392675696,6392675725,1
922,6392675797,6392675825,1
923,6392675897,6392675926,1
924,6392675997,6392676027,1
925,6392676097,6392676125,1
926,6392676197,6392676226,1
927,6392676298,6392676327,1
928,6392676398,6392676427,1
929,6392676498,6392676526,1
930,6392676598,6392676629,1
931,6392676698,6392676729,1
932,6392676799,6392676827,1
933,6392676899,6392676928,1
934,6392676999,6392677029,1
935,6392677099,6392677129,1
936,6392677199,6392677229,1
937,6392677300,6392677329,1
938,6392677400,6392677429,1
939,6392677500,6392677530,1
940,6392677600,6392677631,1
941,6392677700,6392677730,1
942,6392677801,6392677829,1
943,6392677901,6392677931,1
944,6392678001,6392678030,1
945,6392678101,6392678130,1
946,6392678201,6392678231,1
947,6392678301,6392678329,1
948,6392678402,6392678433,1
949,6392678502,6392678543,1
950,6392678602,6392678631,1
951,6392678702,6392678730,1
952,6392678802,6392678832,1
953,6392678903,6392678932,1
954,6392679003,6392679032,1
955,6392679103,6392679143,1
956,6392679203,6392679236,1
957,6392679303,6392679332,1
958,6392679404,6392679437,1
959,6392679504,6392679534,1
960,6392679604,6392679638,1
961,6392679704,6392679733,1
962,6392679804,6392679835,1
963,6392679905,6392679935,1
964,6392680005,6392680034,1
965,6392680105,6392680135,1
966,6392680205,6392680235,1
967,6392680305,6392680335,1
968,6392680406,6392680435,1
969,6392680506,6392680540,1
970,6392680606,6392680635,1
971,6392680706,6392680736,1
972,6392680806,6392680835,1
973,6392680907,6392680936,1
974,6392681007,6392681037,1
975,6392681107,6392681136,1
976,6392681207,6392681238,1
977,6392681307,6392681337,1
978,6392681408,6392681457,1
979,6392681508,6392681538,1
980,6392681608,6392681638,1
981,6392681708,6392681737,1
982,6392681808,6392681838,1
983,6392681909,6392681937,1
984,6392682009,6392682038,1
985,6392682109,6392682137,1
986,6392682210,6392682238,1
987,6392682310,6392682339,1
988,6392682410,6392682440,1
989,6392682510,6392682540,1
990,6392682610,6392682638,1
991,6392682711,6392682739,1
992,6392682811,6392682839,1
993,6392682911,6392682947,1
994,6392683011,6392683041,1
995,6392683111,6392683162,1
996,6392683212,6392683243,1
997,6392683312,6392683342,1
998,6392683412,6392683442,1
999,6392683512,6392683550,1
1000,6392683612,6392683642,1
1001,6392683712,6392683741,1
1002,6392683813,6392683842,1
1003,6392683913,6392683941,1
1004,6392684013,6392684042,1
1005,6392684113,6392684147,1
1006,6392684213,6392684243,1
1007,6392684314,6392684343,1
1008,6392684414,6392684441,1
1009,6392684514,6392684543,1
1010,6392684614,6392684642,1
1011,6392684714,6392684743,1
1012,6392684815,6392684844,1
1013,6392684915,6392684944,1
1014,6392685015,6392685046,1
1015,6392685115,6392685145,1
1016,6392685215,6392685244,1
1017,6392685316,6392685345,1
1018,6392685416,6392685445,1
1019,6392685516,6392685546,1
1020,6392685616,6392685647,1
1021,6392685716,6392685747,1
1022,6392685817,6392685845,1
1023,6392685917,6392685949,1
1024,6392686017,6392686046,1
1025,6392686117,6392686147,1
1026,6392686217,6392686247,1
1027,6392686318,6392686347,1
1028,6392686418,6392686455,1
1029,6392686518,6392686556,1
1030,6392686618,6392686647,1
1031,6392686718,6392686758,1
1032,6392686819,6392686848,1
1033,6392686919,6392686949,1
1034,6392687019,6392687048,1
1035,6392687119,6392687148,1
1036,6392687219,6392687248,1
1037,6392687320,6392687348,1
1038,6392687420,6392687452,1
1039,6392687520,6392687551,1
1040,6392687620,6392687650,1
1041,6392687720,6392687750,1
1042,6392687821,6392687849,1
1043,6392687921,6392687952,1
1044,6392688021,6392688051,1
1045,6392688121,6392688150,1
1046,6392688221,6392688249,1
1047,6392688322,6392688353,1
1048,6392688422,6392688450,1
1049,6392688522,6392688552,1
1050,6392688622,6392688651,1
1051,6392688722,6392688765,1
1052,6392688823,6392688851,1
1053,6392688923,6392688951,1
1054,6392689023,6392689052,1
1055,6392689123,6392689153,1
1056,6392689223,6392689252,1
1057,6392689323,6392689352,1
1058,6392689424,6392689453,1
1059,6392689524,6392689563,1
1060,6392689624,6392689654,1
1061,6392689724,6392689755,1
1062,6392689824,6392689854,1
1063,6392689925,6392689957,1
1064,6392690025,6392690056,1
1065,6392690125,6392690155,1
1066,6392690225,6392690255,1
1067,6392690325,6392690355,1
1068,6392690426,6392690454,1
1069,6392690526,6392690555,1
1070,6392690626,6392690654,1
1071,6392690726,6392690754,1
1072,6392690826,6392690856,1
1073,6392690927,6392690957,1
1074,6392691027,6392691071,1
1075,6392691127,6392691173,1
1076,6392691227,6392691260,1
1077,6392691327,6392691378,1
1078,6392691428,6392691456,1
1079,6392691528,6392691573,1
1080,6392691628,6392691658,1
1081,6392691728,6392691758,1
1082,6392691828,6392691856,1
1083,6392691929,6392691957,1
1084,6392692029,6392692058,1
1085,6392692129,6392692158,1
1086,6392692229,6392692258,1
1087,6392692329,6392692359,1
1088,6392692430,6392692459,1
1089,6392692530,6392692559,1
1090,6392692630,6392692659,1
1091,6392692730,6392692759,1
1092,6392692830,6392692859,1
1093,6392692931,6392692959,1
1094,6392693031,6392693061,1
1095,6392693131,6392693159,1
1096,6392693231,6392693261,1
1097,6392693331,6392693361,1
1098,6392693432,6392693461,1
1099,6392693532,6392693562,1
1100,6392693632,6392693661,1
1101,6392693732,6392693761,1
1102,6392693832,6392693861,1
1103,6392693933,6392693963,1
1104,6392694033,6392694069,1
1105,6392694133,6392694162,1
1106,6392694233,6392694265,1
1107,6392694333,6392694363,1
1108,6392694434,6392694462,1
1109,6392694534,6392694562,1
1110,6392694634,6392694663,1
1111,6392694734,6392694764,1
1112,6392694834,6392694863,1
1113,6392694935,6392694963,1
1114,6392695035,6392695065,1
1115,6392695135,6392695164,1
1116,6392695235,6392695265,1
1117,6392695336,6392695365,1
1118,6392695436,6392695467,1
1119,6392695536,6392695564,1
1120,6392695636,6392695665,1
1121,6392695736,6392695766,1
1122,6392695837,6392695865,1
1123,6392695937,6392695971,1
1124,6392696037,6392696067,1
1125,6392696137,6392696166,1
1126,6392696237,6392696279,1
1127,6392696338,6392696367,1
1128,6392696438,6392696469,1
1129,6392696538,6392696567,1
1130,6392696638,6392696668,1
1131,6392696738,6392696768,1
1132,6392696839,6392696866,1
1133,6392696939,6392696968,1
1134,6392697039,6392697067,1
1135,6392697139,6392697170,1
1136,6392697239,6392697270,1
1137,6392697340,6392697372,1
1138,6392697440,6392697469,1
1139,6392697540,6392697569,1
1140,6392697640,6392697671,1
1141,6392697740,6392697770,1
1142,6392697841,6392697871,1
1143,6392697941,6392697970,1
1144,6392698041,6392698070,1
1145,6392698141,6392698171,1
1146,6392698241,6392698270,1
1147,6392698342,6392698371,1
1148,6392698442,6392698474,1
1149,6392698542,6392698573,1
1150,6392698642,6392698671,1
1151,6392698742,6392698771,1
1152,6392698843,6392698872,1
1153,6392698943,6392698972,1
1154,6392699043,6392699075,1
1155,6392699143,6392699173,1
1156,6392699243,6392699272,1
1157,6392699344,6392699371,1
1158,6392699444,6392699482,1
1159,6392699544,6392699585,1
1160,6392699644,6392699676,1
1161,6392699744,6392699774,1
1162,6392699844,6392699874,1
1163,6392699945,6392699991,1
1164,6392700045,6392700076,1
1165,6392700145,6392700175,1
1166,6392700245,6392700275,1
1167,6392700345,6392700375,1
1168,6392700446,6392700475,1
1169,6392700546,6392700576,1
1170,6392700646,6392700675,1
1171,6392700746,6392700776,1
1172,6392700847,6392700877,1
1173,6392700947,6392700976,1
1174,6392701047,6392701078,1
1175,6392701147,6392701176,1
1176,6392701247,6392701278,1
1177,6392701348,6392701377,1
1178,6392701448,6392701476,1
1179,6392701548,6392701576,1
1180,6392701648,6392701677,1
1181,6392701748,6392701779,1
1182,6392701848,6392701878,1
1183,6392701949,6392701977,1
1184,6392702049,6392702079,1
1185,6392702149,6392702178,1
1186,6392702249,6392702301,1
1187,6392702349,6392702379,1
1188,6392702450,6392702482,1
1189,6392702550,6392702579,1
1190,6392702650,6392702680,1
1191,6392702750,6392702779,1
1192,6392702850,6392702880,1
1193,6392702951,6392702980,1
1194,6392703051,6392703080,1
1195,6392703151,6392703181,1
1196,6392703251,6392703280,1
1197,6392703351,6392703381,1
1198,6392703452,6392703482,1
1199,6392703552,6392703581,1
1200,6392703652,6392703686,1
1201,6392703752,6392703782,1
1202,6392703852,6392703882,1
1203,6392703953,6392703982,1
1204,6392704053,6392704081,1
1205,6392704153,6392704186,1
1206,6392704253,6392704296,1
1207,6392704353,6392704383,1
1208,6392704454,6392704486,1
1209,6392704554,6392704584,1
1210,6392704654,6392704684,1
1211,6392704754,6392704795,1
1212,6392704854,6392704887,1
1213,6392704955,6392704983,1
1214,6392705055,6392705083,1
1215,6392705155,6392705185,1
1216,6392705255,6392705285,1
1217,6392705355,6392705400,1
1218,6392705456,6392705490,1
1219,6392705556,6392705585,1
1220,6392705656,6392705684,1
1221,6392705756,6392705785,1
1222,6392705856,6392705886,1
1223,6392705957,6392705985,1
1224,6392706057,6392706086,1
1225,6392706157,6392706186,1
1226,6392706257,6392706286,1
1227,6392706357,6392706387,1
1228,6392706458,6392706488,1
1229,6392706558,6392706587,1
1230,6392706658,6392706687,1
1231,6392706758,6392706787,1
1232,6392706858,6392706887,1
1233,6392706959,6392706997,1
1234,6392707059,6392707088,1
1235,6392707159,6392707189,1
1236,6392707259,6392707288,1
1237,6392707359,6392707394,1
1238,6392707460,6392707511,1
1239,6392707560,6392707589,1
1240,6392707660,6392707692,1
1241,6392707760,6392707790,1
1242,6392707860,6392707890,1
1243,6392707961,6392707989,1
1244,6392708061,6392708092,1
1245,6392708161,6392708190,1
1246,6392708261,6392708291,1
1247,6392708362,6392708403,1
1248,6392708462,6392708492,1
1249,6392708562,6392708591,1
1250,6392708662,6392708691,1
1251,6392708762,6392708792,1
1252,6392708863,6392708893,1
1253,6392708963,6392708992,1
1254,6392709063,6392709095,1
1255,6392709163,6392709196,1
1256,6392709263,6392709292,1
1257,6392709364,6392709392,1
1258,6392709464,6392709493,1
1259,6392709564,6392709593,1
1260,6392709664,6392709693,1
1261,6392709764,6392709803,1
1262,6392709864,6392709895,1
1263,6392709965,6392709994,1
1264,6392710065,6392710094,1
1265,6392710165,6392710195,1
1266,6392710265,6392710294,1
1267,6392710365,6392710395,1
1268,6392710466,6392710494,1
1269,6392710566,6392710599,1
1270,6392710666,6392710695,1
1271,6392710766,6392710795,1
1272,6392710866,6392710898,1
1273,6392710967,6392710995,1
1274,6392711067,6392711096,1
1275,6392711167,6392711318,1
1276,6392711267,6392711325,1
1277,6392711367,6392711396,1
1278,6392711468,6392711507,1
1279,6392711568,6392711596,1
1280,6392711668,6392711698,1
1281,6392711768,6392711797,1
1282,6392711868,6392711900,1
1283,6392711969,6392711997,1
1284,6392712069,6392712097,1
1285,6392712169,6392712197,1
1286,6392712269,6392712299,1
1287,6392712369,6392712399,1
1288,6392712470,6392712499,1
1289,6392712570,6392712624,1
1290,6392712670,6392712699,1
1291,6392712770,6392712838,1
1292,6392712870,6392712902,1
1293,6392712971,6392713001,1
1294,6392713071,6392713100,1
1295,6392713171,6392713203,1
1296,6392713271,6392713300,1
1297,6392713371,6392713401,1
1298,6392713472,6392713501,1
1299,6392713572,6392713612,1
1300,6392713672,6392713702,1
1301,6392713772,6392713801,1
1302,6392713872,6392713902,1
1303,6392713973,6392714001,1
1304,6392714073,6392714103,1
1305,6392714173,6392714201,1
1306,6392714273,6392714302,1
1307,6392714373,6392714402,1
1308,6392714474,6392714503,1
1309,6392714574,6392714602,1
1310,6392714674,6392714703,1
1311,6392714774,6392714804,1
1312,6392714874,6392714904,1
1313,6392714975,6392715004,1
1314,6392715075,6392715106,1
1315,6392715175,6392715204,1
1316,6392715275,6392715305,1
1317,6392715375,6392715405,1
1318,6392715476,6392715505,1
1319,6392715576,6392715607,1
1320,6392715676,6392715704,1
1321,6392715776,6392715805,1
1322,6392715876,6392715904,1
1323,6392715976,6392716006,1
1324,6392716077,6392716114,1
1325,6392716177,6392716206,1
1326,6392716277,6392716306,1
1327,6392716377,6392716406,1
1328,6392716477,6392716506,1
1329,6392716578,6392716606,1
1330,6392716678,6392716707,1
1331,6392716778,6392716807,1
1332,6392716878,6392716908,1
1333,6392716978,6392717026,1
1334,6392717079,6392717108,1
1335,6392717179,6392717208,1
1336,6392717279,6392717309,1
1337,6392717379,6392717411,1
1338,6392717479,6392717508,1
1339,6392717580,6392717611,1
1340,6392717680,6392717709,1
1341,6392717780,6392717809,1
1342,6392717880,6392717911,1
1343,6392717980,6392718008,1
1344,6392718081,6392718110,1
1345,6392718181,6392718210,1
1346,6392718281,6392718310,1
1347,6392718381,6392718409,1
1348,6392718481,6392718511,1
1349,6392718582,6392718613,1
1350,6392718682,6392718711,1
1351,6392718782,6392718814,1
1352,6392718882,6392718912,1
1353,6392718982,6392719013,1
1354,6392719083,6392719111,1
1355,6392719183,6392719212,1
1356,6392719283,6392719312,1
1357,6392719383,6392719413,1
1358,6392719483,6392719513,1
1359,6392719584,6392719613,1
1360,6392719684,6392719712,1
1361,6392719784,6392719812,1
1362,6392719884,6392719913,1
1363,6392719984,6392720013,1
1364,6392720084,6392720113,1
1365,6392720185,6392720214,1
1366,6392720285,6392720314,1
1367,6392720385,6392720413,1
1368,6392720485,6392720514,1
1369,6392720585,6392720616,1
1370,6392720686,6392720715,1
1371,6392720786,6392720815,1
1372,6392720886,6392720915,1
1373,6392720986,6392721015,1
1374,6392721086,6392721115,1
1375,6392721187,6392721218,1
1376,6392721287,6392721316,1
1377,6392721387,6392721417,1
1378,6392721487,6392721516,1
1379,6392721587,6392721616,1
1380,6392721688,6392721734,1
1381,6392721788,6392721816,1
1382,6392721888,6392721917,1
1383,6392721988,6392722018,1
1384,6392722088,6392722119,1
1385,6392722189,6392722217,1
1386,6392722289,6392722318,1
1387,6392722389,6392722418,1
1388,6392722489,6392722517,1
1389,6392722589,6392722627,1
1390,6392722690,6392722721,1
1391,6392722790,6392722823,1
1392,6392722890,6392722919,1
1393,6392722990,6392723019,1
1394,6392723090,6392723123,1
1395,6392723191,6392723220,1
1396,6392723291,6392723322,1
1397,6392723391,6392723420,1
1398,6392723491,6392723520,1
1399,6392723591,6392723621,1
1400,6392723692,6392723721,1
1401,6392723792,6392723821,1
1402,6392723892,6392723921,1
1403,6392723992,6392724022,1
1404,6392724092,6392724122,1
1405,6392724193,6392724221,1
1406,6392724293,6392724322,1
1407,6392724393,6392724422,1
1408,6392724493,6392724522,1
1409,6392724593,6392724627,1
1410,6392724694,6392724723,1
1411,6392724794,6392724827,1
1412,6392724894,6392724923,1
1413,6392724994,6392725023,1
1414,6392725094,6392725123,1
1415,6392725195,6392725225,1
1416,6392725295,6392725324,1
1417,6392725395,6392725426,1
1418,6392725495,6392725525,1
1419,6392725595,6392725625,1
1420,6392725696,6392725725,1
1421,6392725796,6392725825,1
1422,6392725896,6392725924,1
1423,6392725996,6392726025,1
1424,6392726096,6392726126,1
1425,6392726197,6392726226,1
1426,6392726297,6392726326,1
1427,6392726397,6392726427,1
1428,6392726497,6392726529,1
1429,6392726597,6392726627,1
1430,6392726698,6392726738,1
1431,6392726798,6392726827,1
1432,6392726898,6392726927,1
1433,6392726998,6392727027,1
1434,6392727098,6392727128,1
1435,6392727199,6392727228,1
1436,6392727299,6392727329,1
1437,6392727399,6392727429,1
1438,6392727499,6392727529,1
1439,6392727599,6392727629,1
1440,6392727700,6392727729,1
1441,6392727800,6392727830,1
1442,6392727900,6392727932,1
1443,6392728000,6392728029,1
1444,6392728100,6392728130,1
1445,6392728200,6392728229,1
1446,6392728301,6392728331,1
1447,6392728401,6392728433,1
1448,6392728501,6392728530,1
1449,6392728601,6392728631,1
1450,6392728701,6392728730,1
1451,6392728802,6392728830,1
1452,6392728902,6392728931,1
1453,6392729002,6392729031,1
1454,6392729102,6392729132,1
1455,6392729202,6392729232,1
1456,6392729303,6392729332,1
1457,6392729403,6392729432,1
1458,6392729503,6392729533,1
1459,6392729603,6392729633,1
1460,6392729703,6392729733,1
1461,6392729804,6392729833,1
1462,6392729904,6392729932,1
1463,6392730004,6392730034,1
1464,6392730104,6392730134,1
1465,6392730204,6392730233,1
1466,6392730305,6392730332,1
1467,6392730405,6392730434,1
1468,6392730505,6392730533,1
1469,6392730605,6392730634,1
1470,6392730705,6392730735,1
1471,6392730806,6392730833,1
1472,6392730906,6392730935,1
1473,6392731006,6392731039,1
1474,6392731106,6392731136,1
1475,6392731206,6392731236,1
1476,6392731307,6392731336,1
1477,6392731407,6392731436,1
1478,6392731507,6392731537,1
1479,6392731607,6392731638,1
1480,6392731707,6392731737,1
1481,6392731808,6392731836,1
1482,6392731908,6392731939,1
1483,6392732008,6392732038,1
1484,6392732108,6392732136,1
1485,6392732208,6392732238,1
1486,6392732309,6392732359,1
1487,6392732409,6392732438,1
1488,6392732509,6392732541,1
1489,6392732609,6392732639,1
1490,6392732709,6392732739,1
1491,6392732810,6392732837,1
1492,6392732910,6392732965,1
1493,6392733010,6392733039,1
1494,6392733110,6392733154,1
1495,6392733210,6392733240,1
1496,6392733311,6392733340,1
1497,6392733411,6392733453,1
1498,6392733511,6392733541,1
1499,6392733611,6392733643,1
1500,6392733711,6392733742,1
1501,6392733812,6392733841,1
1502,6392733912,6392733942,1
1503,6392734012,6392734045,1
1504,6392734112,6392734143,1
1505,6392734212,6392734241,1
1506,6392734313,6392734341,1
1507,6392734413,6392734443,1
1508,6392734513,6392734541,1
1509,6392734613,6392734659,1
1510,6392734713,6392734743,1
1511,6392734814,6392734843,1
1512,6392734914,6392735007,1
1513,6392735014,6392735045,1
1514,6392735114,6392735144,1
1515,6392735214,6392735243,1
1516,6392735315,6392735344,1
1517,6392735415,6392735445,1
1518,6392735515,6392735561,1
1519,6392735615,6392735660,1
1520,6392735715,6392735743,1
1521,6392735816,6392735845,1
1522,6392735916,6392735945,1
1523,6392736016,6392736045,1
1524,6392736116,6392736153,1
1525,6392736216,6392736246,1
1526,6392736316,6392736346,1
1527,6392736417,6392736446,1
1528,6392736517,6392736549,1
1529,6392736617,6392736649,1
1530,6392736717,6392736747,1
1531,6392736817,6392736847,1
1532,6392736918,6392736947,1
1533,6392737018,6392737050,1
1534,6392737118,6392737147,1
1535,6392737218,6392737248,1
1536,6392737318,6392737353,1
1537,6392737419,6392737448,1
1538,6392737519,6392737549,1
1539,6392737619,6392737649,1
1540,6392737719,6392737749,1
1541,6392737819,6392737851,1
1542,6392737920,6392737949,1
1543,6392738020,6392738050,1
1544,6392738120,6392738149,1
1545,6392738220,6392738251,1
1546,6392738320,6392738349,1
1547,6392738421,6392738450,1
1548,6392738521,6392738575,1
1549,6392738621,6392738654,1
1550,6392738721,6392738751,1
1551,6392738821,6392738851,1
1552,6392738922,6392738951,1
1553,6392739022,6392739051,1
1554,6392739122,6392739151,1
1555,6392739222,6392739251,1
1556,6392739322,6392739353,1
1557,6392739423,6392739453,1
1558,6392739523,6392739554,1
1559,6392739623,6392739653,1
1560,6392739723,6392739752,1
1561,6392739823,6392739854,1
1562,6392739924,6392739953,1
1563,6392740024,6392740068,1
1564,6392740124,6392740153,1
1565,6392740224,6392740254,1
1566,6392740324,6392740357,1
1567,6392740425,6392740456,1
1568,6392740525,6392740579,1
1569,6392740625,6392740654,1
1570,6392740725,6392740753,1
1571,6392740825,6392740856,1
1572,6392740926,6392740955,1
1573,6392741026,6392741055,1
1574,6392741126,6392741155,1
1575,6392741226,6392741256,1
1576,6392741326,6392741356,1
1577,6392741427,6392741457,1
1578,6392741527,6392741556,1
1579,6392741627,6392741655,1
1580,6392741727,6392741757,1
1581,6392741827,6392741858,1
1582,6392741927,6392741958,1
1583,6392742028,6392742057,1
1584,6392742128,6392742157,1
1585,6392742228,6392742260,1
1586,6392742328,6392742358,1
1587,6392742428,6392742458,1
1588,6392742529,6392742558,1
1589,6392742629,6392742658,1
1590,6392742729,6392742757,1
1591,6392742829,6392742866,1
1592,6392742929,6392742966,1
1593,6392743030,6392743057,1
1594,6392743130,6392743159,1
1595,6392743230,6392743261,1
1596,6392743330,6392743381,1
1597,6392743430,6392743460,1
1598,6392743531,6392743560,1
1599,6392743631,6392743661,1
1600,6392743731,6392743761,1
1601,6392743831,6392743861,1
1602,6392743931,6392743961,1
1603,6392744032,6392744061,1
1604,6392744132,6392744162,1
1605,6392744232,6392744261,1
1606,6392744332,6392744361,1
1607,6392744432,6392744462,1
1608,6392744532,6392744562,1
1609,6392744633,6392744668,1
1610,6392744733,6392744763,1
1611,6392744833,6392744862,1
1612,6392744933,6392744963,1
1613,6392745033,6392745062,1
1614,6392745134,6392745164,1
1615,6392745234,6392745266,1
1616,6392745334,6392745363,1
1617,6392745434,6392745465,1
1618,6392745534,6392745564,1
1619,6392745635,6392745663,1
1620,6392745735,6392745764,1
1621,6392745835,6392745864,1
1622,6392745935,6392745965,1
1623,6392746035,6392746064,1
1624,6392746136,6392746165,1
1625,6392746236,6392746268,1
1626,6392746336,6392746367,1
1627,6392746436,6392746467,1
1628,6392746536,6392746566,1
1629,6392746637,6392746667,1
1630,6392746737,6392746765,1
1631,6392746837,6392746868,1
1632,6392746937,6392746967,1
1633,6392747037,6392747067,1
1634,6392747138,6392747183,1
1635,6392747238,6392747268,1
1636,6392747338,6392747367,1
1637,6392747438,6392747466,1
1638,6392747538,6392747566,1
1639,6392747639,6392747673,1
1640,6392747739,6392747768,1
1641,6392747839,6392747868,1
1642,6392747939,6392747969,1
1643,6392748039,6392748069,1
1644,6392748140,6392748169,1
1645,6392748240,6392748270,1
1646,6392748340,6392748374,1
1647,6392748440,6392748470,1
1648,6392748541,6392748572,1
1649,6392748641,6392748672,1
1650,6392748741,6392748770,1
1651,6392748841,6392748871,1
1652,6392748941,6392748973,1
1653,6392749042,6392749070,1
1654,6392749142,6392749171,1
1655,6392749242,6392749272,1
1656,6392749342,6392749371,1
1657,6392749442,6392749471,1
1658,6392749543,6392749573,1
1659,6392749643,6392749672,1
1660,6392749743,6392749772,1
1661,6392749843,6392749872,1
1662,6392749943,6392749973,1
1663,6392750044,6392750073,1
1664,6392750144,6392750173,1
1665,6392750244,6392750275,1
1666,6392750344,6392750374,1
1667,6392750444,6392750474,1
1668,6392750545,6392750573,1
1669,6392750645,6392750674,1
1670,6392750745,6392750774,1
1671,6392750845,6392750873,1
1672,6392750945,6392750975,1
1673,6392751046,6392751075,1
1674,6392751146,6392751176,1
1675,6392751246,6392751285,1
1676,6392751346,6392751375,1
1677,6392751446,6392751477,1
1678,6392751547,6392751576,1
1679,6392751647,6392751676,1
1680,6392751747,6392751776,1
1681,6392751847,6392751877,1
1682,6392751947,6392751976,1
1683,6392752047,6392752101,1
1684,6392752148,6392752178,1
1685,6392752248,6392752277,1
1686,6392752348,6392752376,1
1687,6392752448,6392752479,1
1688,6392752548,6392752578,1
1689,6392752649,6392752678,1
1690,6392752749,6392752779,1
1691,6392752849,6392752877,1
1692,6392752949,6392752979,1
1693,6392753049,6392753087,1
1694,6392753150,6392753180,1
1695,6392753250,6392753279,1
1696,6392753350,6392753380,1
1697,6392753450,6392753480,1
1698,6392753550,6392753580,1
1699,6392753651,6392753680,1
1700,6392753751,6392753780,1
1701,6392753851,6392753881,1
1702,6392753951,6392753980,1
1703,6392754051,6392754082,1
1704,6392754151,6392754181,1
1705,6392754252,6392754281,1
1706,6392754352,6392754382,1
1707,6392754452,6392754482,1
1708,6392754552,6392754582,1
1709,6392754653,6392754681,1
1710,6392754753,6392754781,1
1711,6392754853,6392754882,1
1712,6392754953,6392754982,1
1713,6392755053,6392755083,1
1714,6392755153,6392755183,1
1715,6392755254,6392755283,1
1716,6392755354,6392755383,1
1717,6392755454,6392755482,1
1718,6392755554,6392755582,1
1719,6392755654,6392755684,1
1720,6392755755,6392755784,1
1721,6392755855,6392755884,1
1722,6392755955,6392755985,1
1723,6392756055,6392756084,1
1724,6392756155,6392756185,1
1725,6392756256,6392756285,1
1726,6392756356,6392756387,1
1727,6392756456,6392756488,1
1728,6392756556,6392756585,1
1729,6392756656,6392756686,1
1730,6392756757,6392756786,1
1731,6392756857,6392756887,1
1732,6392756957,6392756987,1
1733,6392757057,6392757086,1
1734,6392757157,6392757187,1
1735,6392757258,6392757287,1
1736,6392757358,6392757391,1
1737,6392757458,6392757496,1
1738,6392757558,6392757588,1
1739,6392757658,6392757695,1
1740,6392757759,6392757788,1
1741,6392757859,6392757887,1
1742,6392757959,6392757989,1
1743,6392758059,6392758089,1
1744,6392758159,6392758189,1
1745,6392758260,6392758290,1
1746,6392758360,6392758389,1
1747,6392758460,6392758490,1
1748,6392758560,6392758588,1
1749,6392758660,6392758689,1
1750,6392758761,6392758792,1
1751,6392758861,6392758892,1
1752,6392758961,6392758991,1
1753,6392759061,6392759091,1
1754,6392759161,6392759191,1
1755,6392759262,6392759291,1
1756,6392759362,6392759391,1
1757,6392759462,6392759492,1
1758,6392759562,6392759592,1
1759,6392759662,6392759692,1
1760,6392759763,6392759792,1
1761,6392759863,6392759893,1
1762,6392759963,6392760013,1
1763,6392760063,6392760093,1
1764,6392760163,6392760196,1
1765,6392760263,6392760292,1
1766,6392760364,6392760398,1
1767,6392760464,6392760494,1
1768,6392760564,6392760596,1
1769,6392760664,6392760696,1
1770,6392760765,6392760794,1
1771,6392760865,6392760893,1
1772,6392760965,6392760997,1
1773,6392761065,6392761095,1
1774,6392761165,6392761193,1
1775,6392761265,6392761310,1
1776,6392761366,6392761395,1
1777,6392761466,6392761494,1
1778,6392761566,6392761595,1
1779,6392761666,6392761695,1
1780,6392761767,6392761809,1
1781,6392761867,6392761896,1
1782,6392761967,6392761999,1
1783,6392762067,6392762096,1
1784,6392762167,6392762197,1
1785,6392762267,6392762297,1
1786,6392762368,6392762397,1
1787,6392762468,6392762497,1
1788,6392762568,6392762601,1
1789,6392762668,6392762701,1
1790,6392762768,6392762802,1
1791,6392762869,6392762899,1
1792,6392762969,6392763000,1
1793,6392763069,6392763097,1
1794,6392763169,6392763199,1
1795,6392763269,6392763330,1
1796,6392763370,6392763399,1
1797,6392763470,6392763502,1
1798,6392763570,6392763605,1
1799,6392763670,6392763702,1
1800,6392763770,6392763801,1
1801,6392763871,6392763898,1
1802,6392763971,6392764002,1
1803,6392764071,6392764103,1
1804,6392764171,6392764201,1
1805,6392764271,6392764300,1
1806,6392764372,6392764400,1
1807,6392764472,6392764503,1
1808,6392764572,6392764601,1
1809,6392764672,6392764702,1
1810,6392764772,6392764813,1
1811,6392764873,6392764903,1
1812,6392764973,6392765003,1
1813,6392765073,6392765102,1
1814,6392765173,6392765204,1
1815,6392765273,6392765332,1
1816,6392765374,6392765411,1
1817,6392765474,6392765503,1
1818,6392765574,6392765603,1
1819,6392765674,6392765722,1
1820,6392765774,6392765803,1
1821,6392765874,6392765908,1
1822,6392765975,6392766005,1
1823,6392766075,6392766126,1
1824,6392766175,6392766205,1
1825,6392766275,6392766305,1
1826,6392766375,6392766407,1
1827,6392766476,6392766507,1
1828,6392766576,6392766605,1
1829,6392766676,6392766705,1
1830,6392766776,6392766808,1
1831,6392766876,6392766906,1
1832,6392766977,6392767008,1
1833,6392767077,6392767106,1
1834,6392767177,6392767205,1
1835,6392767277,6392767307,1
1836,6392767377,6392767407,1
1837,6392767478,6392767520,1
1838,6392767578,6392767607,1
1839,6392767678,6392767706,1
1840,6392767778,6392767816,1
1841,6392767878,6392767908,1
1842,6392767979,6392768007,1
1843,6392768079,6392768108,1
1844,6392768179,6392768209,1
1845,6392768279,6392768308,1
1846,6392768379,6392768408,1
1847,6392768480,6392768509,1
1848,6392768580,6392768609,1
1849,6392768680,6392768711,1
1850,6392768780,6392768809,1
1851,6392768880,6392768910,1
1852,6392768981,6392769009,1
1853,6392769081,6392769110,1
1854,6392769181,6392769210,1
1855,6392769281,6392769310,1
1856,6392769381,6392769411,1
1857,6392769481,6392769512,1
1858,6392769582,6392769613,1
1859,6392769682,6392769710,1
1860,6392769782,6392769811,1
1861,6392769882,6392769910,1
1862,6392769982,6392770011,1
1863,6392770083,6392770117,1
1864,6392770183,6392770212,1
1865,6392770283,6392770313,1
1866,6392770383,6392770415,1
1867,6392770483,6392770513,1
1868,6392770584,6392770615,1
1869,6392770684,6392770712,1
1870,6392770784,6392770812,1
1871,6392770884,6392770913,1
1872,6392770984,6392771014,1
1873,6392771085,6392771114,1
1874,6392771185,6392771234,1
1875,6392771285,6392771344,1
1876,6392771385,6392771414,1
1877,6392771485,6392771518,1
1878,6392771586,6392771616,1
1879,6392771686,6392771714,1
1880,6392771786,6392771816,1
1881,6392771886,6392771917,1
1882,6392771986,6392772014,1
1883,6392772087,6392772116,1
1884,6392772187,6392772216,1
1885,6392772287,6392772315,1
1886,6392772387,6392772416,1
1887,6392772487,6392772518,1
1888,6392772588,6392772618,1
1889,6392772688,6392772783,1
1890,6392772788,6392772816,1
1891,6392772888,6392772917,1
1892,6392772988,6392773017,1
1893,6392773089,6392773118,1
1894,6392773189,6392773224,1
1895,6392773289,6392773345,1
1896,6392773389,6392773445,1
1897,6392773489,6392773519,1
1898,6392773589,6392773620,1
1899,6392773690,6392773720,1
1900,6392773790,6392773818,1
1901,6392773890,6392773918,1
1902,6392773990,6392774020,1
1903,6392774090,6392774121,1
1904,6392774191,6392774221,1
1905,6392774291,6392774320,1
1906,6392774391,6392774419,1
1907,6392774491,6392774520,1
1908,6392774591,6392774622,1
1909,6392774692,6392774720,1
1910,6392774792,6392774826,1
1911,6392774892,6392774922,1
1912,6392774993,6392775022,1
1913,6392775093,6392775123,1
1914,6392775193,6392775221,1
1915,6392775293,6392775323,1
1916,6392775393,6392775423,1
1917,6392775493,6392775540,1
1918,6392775594,6392775622,1
1919,6392775694,6392775726,1
1920,6392775794,6392775823,1
1921,6392775894,6392775924,1
1922,6392775994,6392776023,1
1923,6392776095,6392776124,1
1924,6392776195,6392776226,1
1925,6392776295,6392776324,1
1926,6392776395,6392776424,1
1927,6392776495,6392776527,1
1928,6392776596,6392776626,1
1929,6392776696,6392776725,1
1930,6392776796,6392776825,1
1931,6392776896,6392776933,1
1932,6392776996,6392777026,1
1933,6392777097,6392777126,1
1934,6392777197,6392777226,1
1935,6392777297,6392777326,1
1936,6392777397,6392777426,1
1937,6392777497,6392777526,1
1938,6392777598,6392777627,1
1939,6392777698,6392777727,1
1940,6392777798,6392777827,1
1941,6392777898,6392777927,1
1942,6392777998,6392778027,1
1943,6392778099,6392778126,1
1944,6392778199,6392778227,1
1945,6392778299,6392778329,1
1946,6392778399,6392778428,1
1947,6392778499,6392778528,1
1948,6392778600,6392778628,1
1949,6392778700,6392778731,1
1950,6392778800,6392778832,1
1951,6392778900,6392778928,1
1952,6392779000,6392779028,1
1953,6392779101,6392779129,1
1954,6392779201,6392779230,1
1955,6392779301,6392779330,1
1956,6392779401,6392779430,1
1957,6392779501,6392779531,1
1958,6392779602,6392779638,1
1959,6392779702,6392779731,1
1960,6392779802,6392779832,1
1961,6392779902,6392779932,1
1962,6392780002,6392780032,1
1963,6392780103,6392780130,1
1964,6392780203,6392780231,1
1965,6392780303,6392780331,1
1966,6392780403,6392780432,1
1967,6392780503,6392780536,1
1968,6392780603,6392780632,1
1969,6392780704,6392780731,1
1970,6392780804,6392780832,1
1971,6392780904,6392780932,1
1972,6392781004,6392781033,1
1973,6392781104,6392781133,1
1974,6392781205,6392781234,1
1975,6392781305,6392781333,1
1976,6392781405,6392781435,1
1977,6392781505,6392781534,1
1978,6392781605,6392781635,1
1979,6392781706,6392781735,1
1980,6392781806,6392781835,1
1981,6392781906,6392781935,1
1982,6392782006,6392782034,1
1983,6392782106,6392782135,1
1984,6392782207,6392782235,1
1985,6392782307,6392782335,1
1986,6392782407,6392782436,1
1987,6392782507,6392782537,1
1988,6392782607,6392782639,1
1989,6392782708,6392782735,1
1990,6392782808,6392782840,1
1991,6392782908,6392782937,1
1992,6392783008,6392783039,1
1993,6392783108,6392783138,1
1994,6392783209,6392783237,1
1995,6392783309,6392783338,1
1996,6392783409,6392783439,1
1997,6392783509,6392783539,1
1998,6392783609,6392783639,1
1999,6392783709,6392783738,1
2000,6392783810,6392783841,1
2001,6392783910,6392783939,1
2002,6392784010,6392784040,1
2003,6392784110,6392784140,1
2004,6392784210,6392784238,1
2005,6392784311,6392784340,1
2006,6392784411,6392784441,1
2007,6392784511,6392784541,1
2008,6392784611,6392784640,1
2009,6392784711,6392784740,1
2010,6392784812,6392784844,1
2011,6392784912,6392784941,1
2012,6392785012,6392785041,1
2013,6392785112,6392785140,1
2014,6392785212,6392785241,1
2015,6392785313,6392785341,1
2016,6392785413,6392785442,1
2017,6392785513,6392785544,1
2018,6392785613,6392785642,1
2019,6392785713,6392785741,1
2020,6392785814,6392785842,1
2021,6392785914,6392785943,1
2022,6392786014,6392786043,1
2023,6392786114,6392786146,1
2024,6392786214,6392786243,1
2025,6392786315,6392786343,1
2026,6392786415,6392786443,1
2027,6392786515,6392786546,1
2028,6392786615,6392786643,1
2029,6392786715,6392786767,1
2030,6392786815,6392786857,1
2031,6392786916,6392786944,1
2032,6392787016,6392787044,1
2033,6392787116,6392787146,1
2034,6392787216,6392787245,1
2035,6392787316,6392787346,1
2036,6392787417,6392787446,1
2037,6392787517,6392787546,1
2038,6392787617,6392787647,1
2039,6392787717,6392787747,1
2040,6392787817,6392787877,1
2041,6392787918,6392787947,1
2042,6392788018,6392788046,1
2043,6392788118,6392788147,1
2044,6392788218,6392788247,1
2045,6392788318,6392788347,1
2046,6392788419,6392788448,1
2047,6392788519,6392788548,1
2048,6392788619,6392788648,1
2049,6392788719,6392788749,1
2050,6392788819,6392788848,1
2051,6392788920,6392788950,1
2052,6392789020,6392789056,1
2053,6392789120,6392789149,1
2054,6392789220,6392789249,1
2055,6392789320,6392789369,1
2056,6392789421,6392789450,1
2057,6392789521,6392789550,1
2058,6392789621,6392789650,1
2059,6392789721,6392789750,1
2060,6392789821,6392789852,1
2061,6392789921,6392789952,1
2062,6392790022,6392790050,1
2063,6392790122,6392790152,1
2064,6392790222,6392790251,1
2065,6392790322,6392790352,1
2066,6392790422,6392790453,1
2067,6392790523,6392790551,1
2068,6392790623,6392790653,1
2069,6392790723,6392790752,1
2070,6392790823,6392790852,1
2071,6392790923,6392790952,1
2072,6392791024,6392791053,1
2073,6392791124,6392791153,1
2074,6392791224,6392791253,1
2075,6392791324,6392791354,1
2076,6392791424,6392791477,1
2077,6392791525,6392791554,1
2078,6392791625,6392791654,1
2079,6392791725,6392791754,1
2080,6392791825,6392791856,1
2081,6392791925,6392791958,1
2082,6392792026,6392792056,1
2083,6392792126,6392792155,1
2084,6392792226,6392792256,1
2085,6392792326,6392792355,1
2086,6392792426,6392792455,1
2087,6392792527,6392792556,1
2088,6392792627,6392792655,1
2089,6392792727,6392792755,1
2090,6392792827,6392792877,1
2091,6392792927,6392792956,1
2092,6392793028,6392793066,1
2093,6392793128,6392793156,1
2094,6392793228,6392793256,1
2095,6392793328,6392793357,1
2096,6392793428,6392793458,1
2097,6392793529,6392793557,1
2098,6392793629,6392793659,1
2099,6392793729,6392793758,1
2100,6392793829,6392793858,1
2101,6392793929,6392793957,1
2102,6392794030,6392794059,1
2103,6392794130,6392794159,1
2104,6392794230,6392794260,1
2105,6392794330,6392794359,1
2106,6392794430,6392794478,1
2107,6392794531,6392794561,1
2108,6392794631,6392794659,1
2109,6392794731,6392794760,1
2110,6392794831,6392794868,1
2111,6392794931,6392794960,1
2112,6392795032,6392795064,1
2113,6392795132,6392795160,1
2114,6392795232,6392795267,1
2115,6392795332,6392795361,1
2116,6392795432,6392795485,1
2117,6392795533,6392795562,1
2118,6392795633,6392795663,1
2119,6392795733,6392795762,1
2120,6392795833,6392795862,1
2121,6392795933,6392795964,1
2122,6392796034,6392796067,1
2123,6392796134,6392796162,1
2124,6392796234,6392796262,1
2125,6392796334,6392796363,1
2126,6392796434,6392796465,1
2127,6392796535,6392796564,1
2128,6392796635,6392796672,1
2129,6392796735,6392796764,1
2130,6392796835,6392796865,1
2131,6392796935,6392796965,1
2132,6392797036,6392797077,1
2133,6392797136,6392797169,1
2134,6392797236,6392797272,1
2135,6392797336,6392797366,1
2136,6392797436,6392797467,1
2137,6392797537,6392797567,1
2138,6392797637,6392797679,1
2139,6392797737,6392797766,1
2140,6392797837,6392797867,1
2141,6392797937,6392797967,1
2142,6392798038,6392798071,1
2143,6392798138,6392798167,1
2144,6392798238,6392798291,1
2145,6392798338,6392798368,1
2146,6392798438,6392798468,1
2147,6392798539,6392798567,1
2148,6392798639,6392798668,1
2149,6392798739,6392798768,1
2150,6392798839,6392798868,1
2151,6392798939,6392798969,1
2152,6392799039,6392799096,1
2153,6392799140,6392799169,1
2154,6392799240,6392799269,1
2155,6392799340,6392799369,1
2156,6392799440,6392799471,1
2157,6392799540,6392799570,1
2158,6392799641,6392799670,1
2159,6392799741,6392799771,1
2160,6392799841,6392799874,1
2161,6392799941,6392799972,1
2162,6392800041,6392800072,1
2163,6392800142,6392800171,1
2164,6392800242,6392800271,1
2165,6392800342,6392800372,1
2166,6392800442,6392800471,1
2167,6392800542,6392800574,1
2168,6392800643,6392800672,1
2169,6392800743,6392800772,1
2170,6392800843,6392800872,1
2171,6392800943,6392800975,1
2172,6392801043,6392801075,1
2173,6392801144,6392801173,1
2174,6392801244,6392801273,1
2175,6392801344,6392801374,1
2176,6392801444,6392801473,1
2177,6392801544,6392801574,1
2178,6392801645,6392801673,1
2179,6392801745,6392801774,1
2180,6392801845,6392801873,1
2181,6392801945,6392801974,1
2182,6392802045,6392802075,1
2183,6392802146,6392802175,1
2184,6392802246,6392802275,1
2185,6392802346,6392802377,1
2186,6392802446,6392802477,1
2187,6392802546,6392802576,1
2188,6392802647,6392802675,1
2189,6392802747,6392802776,1
2190,6392802847,6392802877,1
2191,6392802947,6392802981,1
2192,6392803047,6392803076,1
2193,6392803148,6392803176,1
2194,6392803248,6392803276,1
2195,6392803348,6392803383,1
2196,6392803448,6392803479,1
2197,6392803548,6392803578,1
2198,6392803649,6392803677,1
2199,6392803749,6392803777,1
2200,6392803849,6392803878,1
2201,6392803949,6392803979,1
2202,6392804049,6392804087,1
2203,6392804150,6392804178,1
2204,6392804250,6392804280,1
2205,6392804350,6392804379,1
2206,6392804450,6392804479,1
2207,6392804550,6392804581,1
2208,6392804651,6392804680,1
2209,6392804751,6392804780,1
2210,6392804851,6392804882,1
2211,6392804951,6392804981,1
2212,6392805051,6392805080,1
2213,6392805152,6392805181,1
2214,6392805252,6392805283,1
2215,6392805352,6392805382,1
2216,6392805452,6392805480,1
2217,6392805552,6392805582,1
2218,6392805653,6392805680,1
2219,6392805753,6392805780,1
2220,6392805853,6392805883,1
2221,6392805953,6392805982,1
2222,6392806053,6392806082,1
2223,6392806154,6392806184,1
2224,6392806254,6392806283,1
2225,6392806354,6392806383,1
2226,6392806454,6392806490,1
2227,6392806554,6392806585,1
2228,6392806654,6392806684,1
2229,6392806755,6392806784,1
2230,6392806855,6392806886,1
2231,6392806955,6392806984,1
2232,6392807055,6392807087,1
2233,6392807156,6392807185,1
2234,6392807256,6392807285,1
2235,6392807356,6392807384,1
2236,6392807456,6392807486,1
2237,6392807556,6392807585,1
2238,6392807656,6392807685,1
2239,6392807757,6392807786,1
2240,6392807857,6392807886,1
2241,6392807957,6392807987,1
2242,6392808057,6392808087,1
2243,6392808157,6392808187,1
2244,6392808258,6392808286,1
2245,6392808358,6392808394,1
2246,6392808458,6392808487,1
2247,6392808558,6392808587,1
2248,6392808658,6392808688,1
2249,6392808759,6392808789,1
2250,6392808859,6392808888,1
2251,6392808959,6392808989,1
2252,6392809059,6392809088,1
2253,6392809159,6392809189,1
2254,6392809260,6392809288,1
2255,6392809360,6392809389,1
2256,6392809460,6392809488,1
2257,6392809560,6392809590,1
2258,6392809660,6392809689,1
2259,6392809761,6392809791,1
2260,6392809861,6392809890,1
2261,6392809961,6392809989,1
2262,6392810061,6392810091,1
2263,6392810161,6392810191,1
2264,6392810262,6392810291,1
2265,6392810362,6392810391,1
2266,6392810462,6392810491,1
2267,6392810562,6392810613,1
2268,6392810662,6392810691,1
2269,6392810762,6392810791,1
2270,6392810863,6392810893,1
2271,6392810963,6392810993,1
2272,6392811063,6392811094,1
2273,6392811163,6392811191,1
2274,6392811263,6392811293,1
2275,6392811364,6392811393,1
2276,6392811464,6392811495,1
2277,6392811564,6392811596,1
2278,6392811664,6392811693,1
2279,6392811764,6392811794,1
2280,6392811865,6392811895,1
2281,6392811965,6392811996,1
2282,6392812065,6392812094,1
2283,6392812165,6392812196,1
2284,6392812265,6392812294,1
2285,6392812366,6392812424,1
2286,6392812466,6392812496,1
2287,6392812566,6392812599,1
2288,6392812666,6392812695,1
2289,6392812766,6392812795,1
2290,6392812867,6392812895,1
2291,6392812967,6392812996,1
2292,6392813067,6392813096,1
2293,6392813167,6392813197,1
2294,6392813267,6392813297,1
2295,6392813368,6392813402,1
2296,6392813468,6392813496,1
2297,6392813568,6392813596,1
2298,6392813668,6392813704,1
2299,6392813768,6392813798,1
2300,6392813869,6392813901,1
2301,6392813969,6392813997,1
2302,6392814069,6392814098,1
2303,6392814169,6392814197,1
2304,6392814269,6392814299,1
2305,6392814369,6392814399,1
2306,6392814470,6392814499,1
2307,6392814570,6392814600,1
2308,6392814670,6392814699,1
2309,6392814770,6392814801,1
2310,6392814870,6392814901,1
2311,6392814971,6392815000,1
2312,6392815071,6392815100,1
2313,6392815171,6392815200,1
2314,6392815271,6392815300,1
2315,6392815371,6392815400,1
2316,6392815472,6392815501,1
2317,6392815572,6392815601,1
2318,6392815672,6392815702,1
2319,6392815772,6392815800,1
2320,6392815872,6392815901,1
2321,6392815973,6392816004,1
2322,6392816073,6392816102,1
2323,6392816173,6392816202,1
2324,6392816273,6392816302,1
2325,6392816373,6392816403,1
2326,6392816474,6392816503,1
2327,6392816574,6392816604,1
2328,6392816674,6392816704,1
2329,6392816774,6392816813,1
2330,6392816874,6392816904,1
2331,6392816975,6392817022,1
2332,6392817075,6392817106,1
2333,6392817175,6392817205,1
2334,6392817275,6392817306,1
2335,6392817375,6392817405,1
2336,6392817476,6392817506,1
2337,6392817576,6392817608,1
2338,6392817676,6392817705,1
2339,6392817776,6392817805,1
2340,6392817876,6392817906,1
2341,6392817976,6392818008,1
2342,6392818077,6392818106,1
2343,6392818177,6392818206,1
2344,6392818277,6392818306,1
2345,6392818377,6392818408,1
2346,6392818477,6392818507,1
2347,6392818578,6392818608,1
2348,6392818678,6392818708,1
2349,6392818778,6392818806,1
2350,6392818878,6392818907,1
2351,6392818978,6392819006,1
2352,6392819079,6392819107,1
2353,6392819179,6392819209,1
2354,6392819279,6392819307,1
2355,6392819379,6392819413,1
2356,6392819479,6392819515,1
2357,6392819580,6392819608,1
2358,6392819680,6392819708,1
2359,6392819780,6392819808,1
2360,6392819880,6392819909,1
2361,6392819980,6392820011,1
2362,6392820081,6392820109,1
2363,6392820181,6392820210,1
2364,6392820281,6392820310,1
2365,6392820381,6392820411,1
2366,6392820481,6392820512,1
2367,6392820582,6392820610,1
2368,6392820682,6392820712,1
2369,6392820782,6392820813,1
2370,6392820882,6392820911,1
2371,6392820982,6392821015,1
2372,6392821083,6392821114,1
2373,6392821183,6392821214,1
2374,6392821283,6392821357,1
2375,6392821383,6392821411,1
2376,6392821483,6392821513,1
2377,6392821584,6392821615,1
2378,6392821684,6392821712,1
2379,6392821784,6392821813,1
2380,6392821884,6392821914,1
2381,6392821984,6392822014,1
2382,6392822085,6392822118,1
2383,6392822185,6392822226,1
2384,6392822285,6392822333,1
2385,6392822385,6392822414,1
2386,6392822485,6392822537,1
2387,6392822586,6392822614,1
2388,6392822686,6392822715,1
2389,6392822786,6392822815,1
2390,6392822886,6392822915,1
2391,6392822986,6392823021,1
2392,6392823087,6392823117,1
2393,6392823187,6392823218,1
2394,6392823287,6392823317,1
2395,6392823387,6392823417,1
2396,6392823487,6392823517,1
2397,6392823588,6392823617,1
2398,6392823688,6392823718,1
2399,6392823788,6392823817,1
2400,6392823888,6392823917,1
2401,6392823988,6392824018,1
2402,6392824089,6392824122,1
2403,6392824189,6392824218,1
2404,6392824289,6392824318,1
2405,6392824389,6392824418,1
2406,6392824489,6392824519,1
2407,6392824590,6392824619,1
2408,6392824690,6392824719,1
2409,6392824790,6392824820,1
2410,6392824890,6392824919,1
2411,6392824990,6392825029,1
2412,6392825090,6392825121,1
2413,6392825191,6392825220,1
2414,6392825291,6392825345,1
2415,6392825391,6392825420,1
2416,6392825491,6392825521,1
2417,6392825591,6392825620,1
2418,6392825692,6392825721,1
2419,6392825792,6392825821,1
2420,6392825892,6392825925,1
2421,6392825992,6392826021,1
2422,6392826092,6392826121,1
2423,6392826193,6392826222,1
2424,6392826293,6392826322,1
2425,6392826393,6392826423,1
2426,6392826493,6392826522,1
2427,6392826593,6392826623,1
2428,6392826694,6392826722,1
2429,6392826794,6392826823,1
2430,6392826894,6392826923,1
2431,6392826994,6392827025,1
2432,6392827094,6392827123,1
2433,6392827195,6392827262,1
2434,6392827295,6392827326,1
2435,6392827395,6392827427,1
2436,6392827495,6392827547,1
2437,6392827595,6392827625,1
2438,6392827696,6392827725,1
2439,6392827796,6392827825,1
2440,6392827896,6392827926,1
2441,6392827996,6392828026,1
2442,6392828096,6392828127,1
2443,6392828197,6392828224,1
2444,6392828297,6392828325,1
2445,6392828397,6392828426,1
2446,6392828497,6392828526,1
2447,6392828597,6392828625,1
2448,6392828698,6392828727,1
2449,6392828798,6392828828,1
2450,6392828898,6392828928,1
2451,6392828998,6392829027,1
2452,6392829098,6392829128,1
2453,6392829199,6392829228,1
2454,6392829299,6392829328,1
2455,6392829399,6392829428,1
2456,6392829499,6392829528,1
2457,6392829599,6392829628,1
2458,6392829700,6392829729,1
2459,6392829800,6392829829,1
2460,6392829900,6392829930,1
2461,6392830000,6392830030,1
2462,6392830100,6392830130,1
2463,6392830201,6392830229,1
2464,6392830301,6392830331,1
2465,6392830401,6392830430,1
2466,6392830501,6392830544,1
2467,6392830601,6392830630,1
2468,6392830702,6392830731,1
2469,6392830802,6392830831,1
2470,6392830902,6392830931,1
2471,6392831002,6392831031,1
2472,6392831102,6392831134,1
2473,6392831203,6392831234,1
2474,6392831303,6392831332,1
2475,6392831403,6392831435,1
2476,6392831503,6392831534,1
2477,6392831603,6392831633,1
2478,6392831704,6392831733,1
2479,6392831804,6392831837,1
2480,6392831904,6392831946,1
2481,6392832004,6392832032,1
2482,6392832104,6392832133,1
2483,6392832204,6392832235,1
2484,6392832305,6392832334,1
2485,6392832405,6392832433,1
2486,6392832505,6392832534,1
2487,6392832605,6392832637,1
2488,6392832705,6392832739,1
2489,6392832806,6392832833,1
2490,6392832906,6392832936,1
2491,6392833006,6392833035,1
2492,6392833106,6392833138,1
2493,6392833206,6392833239,1
2494,6392833307,6392833361,1
2495,6392833407,6392833439,1
2496,6392833507,6392833538,1
2497,6392833607,6392833639,1
2498,6392833707,6392833737,1
2499,6392833808,6392833836,1
2500,6392833908,6392833937,1
2501,6392834008,6392834037,1
2502,6392834108,6392834160,1
2503,6392834208,6392834238,1
2504,6392834309,6392834353,1
2505,6392834409,6392834485,1
2506,6392834509,6392834540,1
2507,6392834609,6392834659,1
2508,6392834709,6392834740,1
2509,6392834810,6392834839,1
2510,6392834910,6392834938,1
2511,6392835010,6392835041,1
2512,6392835110,6392835142,1
2513,6392835210,6392835239,1
2514,6392835311,6392835340,1
2515,6392835411,6392835439,1
2516,6392835511,6392835540,1
2517,6392835611,6392835651,1
2518,6392835711,6392835739,1
2519,6392835812,6392835841,1
2520,6392835912,6392835942,1
2521,6392836012,6392836041,1
2522,6392836112,6392836142,1
2523,6392836212,6392836244,1
2524,6392836313,6392836342,1
2525,6392836413,6392836442,1
2526,6392836513,6392836544,1
2527,6392836613,6392836643,1
2528,6392836713,6392836743,1
2529,6392836814,6392836843,1
2530,6392836914,6392836942,1
2531,6392837014,6392837044,1
2532,6392837114,6392837144,1
2533,6392837214,6392837244,1
2534,6392837315,6392837345,1
2535,6392837415,6392837467,1
2536,6392837515,6392837544,1
2537,6392837615,6392837645,1
2538,6392837715,6392837745,1
2539,6392837816,6392837845,1
2540,6392837916,6392837944,1
2541,6392838016,6392838046,1
2542,6392838116,6392838144,1
2543,6392838216,6392838245,1
2544,6392838317,6392838344,1
2545,6392838417,6392838447,1
2546,6392838517,6392838546,1
2547,6392838617,6392838646,1
2548,6392838717,6392838746,1
2549,6392838818,6392838847,1
2550,6392838918,6392838946,1
2551,6392839018,6392839049,1
2552,6392839118,6392839147,1
2553,6392839218,6392839247,1
2554,6392839319,6392839347,1
2555,6392839419,6392839448,1
2556,6392839519,6392839550,1
2557,6392839619,6392839648,1
2558,6392839719,6392839749,1
2559,6392839820,6392839848,1
2560,6392839920,6392839950,1
2561,6392840020,6392840049,1
2562,6392840120,6392840148,1
2563,6392840220,6392840250,1
2564,6392840320,6392840352,1
2565,6392840421,6392840450,1
2566,6392840521,6392840554,1
2567,6392840621,6392840649,1
2568,6392840721,6392840750,1
2569,6392840821,6392840851,1
2570,6392840922,6392840951,1
2571,6392841022,6392841055,1
2572,6392841122,6392841150,1
2573,6392841222,6392841252,1
2574,6392841322,6392841352,1
2575,6392841423,6392841452,1
2576,6392841523,6392841551,1
2577,6392841623,6392841653,1
2578,6392841724,6392841752,1
2579,6392841824,6392841852,1
2580,6392841924,6392841956,1
2581,6392842024,6392842054,1
2582,6392842124,6392842152,1
2583,6392842225,6392842252,1
2584,6392842325,6392842377,1
2585,6392842425,6392842454,1
2586,6392842525,6392842554,1
2587,6392842625,6392842653,1
2588,6392842726,6392842755,1
2589,6392842826,6392842854,1
2590,6392842926,6392842954,1
2591,6392843026,6392843056,1
2592,6392843126,6392843159,1
2593,6392843227,6392843255,1
2594,6392843327,6392843355,1
2595,6392843427,6392843457,1
2596,6392843527,6392843557,1
2597,6392843627,6392843658,1
2598,6392843727,6392843757,1
2599,6392843828,6392843857,1
2600,6392843928,6392843957,1
2601,6392844028,6392844059,1
2602,6392844128,6392844158,1
2603,6392844228,6392844259,1
2604,6392844329,6392844357,1
2605,6392844429,6392844457,1
2606,6392844529,6392844583,1
2607,6392844629,6392844658,1
2608,6392844729,6392844761,1
2609,6392844829,6392844858,1
2610,6392844930,6392844960,1
2611,6392845030,6392845061,1
2612,6392845130,6392845158,1
2613,6392845230,6392845260,1
2614,6392845330,6392845360,1
2615,6392845431,6392845459,1
2616,6392845531,6392845560,1
2617,6392845631,6392845659,1
2618,6392845731,6392845763,1
2619,6392845831,6392845861,1
2620,6392845932,6392845959,1
2621,6392846032,6392846070,1
2622,6392846132,6392846164,1
2623,6392846232,6392846261,1
2624,6392846332,6392846360,1
2625,6392846433,6392846461,1
2626,6392846533,6392846562,1
2627,6392846633,6392846664,1
2628,6392846733,6392846762,1
2629,6392846833,6392846865,1
2630,6392846934,6392846964,1
2631,6392847034,6392847064,1
2632,6392847134,6392847163,1
2633,6392847234,6392847263,1
2634,6392847334,6392847364,1
2635,6392847435,6392847464,1
2636,6392847535,6392847565,1
2637,6392847635,6392847665,1
2638,6392847735,6392847765,1
2639,6392847835,6392847865,1
2640,6392847936,6392847965,1
2641,6392848036,6392848065,1
2642,6392848136,6392848171,1
2643,6392848236,6392848264,1
2644,6392848336,6392848364,1
2645,6392848437,6392848465,1
2646,6392848537,6392848566,1
2647,6392848637,6392848667,1
2648,6392848737,6392848768,1
2649,6392848837,6392848867,1
2650,6392848938,6392848967,1
2651,6392849038,6392849073,1
2652,6392849138,6392849178,1
2653,6392849238,6392849267,1
2654,6392849338,6392849366,1
2655,6392849439,6392849468,1
2656,6392849539,6392849568,1
2657,6392849639,6392849668,1
2658,6392849739,6392849769,1
2659,6392849839,6392849869,1
2660,6392849939,6392849967,1
2661,6392850040,6392850068,1
2662,6392850140,6392850169,1
2663,6392850240,6392850271,1
2664,6392850340,6392850370,1
2665,6392850440,6392850471,1
2666,6392850541,6392850571,1
2667,6392850641,6392850671,1
2668,6392850741,6392850770,1
2669,6392850841,6392850871,1
2670,6392850941,6392850971,1
2671,6392851042,6392851071,1
2672,6392851142,6392851172,1
2673,6392851242,6392851271,1
2674,6392851342,6392851371,1
2675,6392851442,6392851472,1
2676,6392851543,6392851572,1
2677,6392851643,6392851671,1
2678,6392851743,6392851775,1
2679,6392851843,6392851873,1
2680,6392851943,6392851973,1
2681,6392852044,6392852084,1
2682,6392852144,6392852173,1
2683,6392852244,6392852274,1
2684,6392852344,6392852373,1
2685,6392852444,6392852476,1
2686,6392852545,6392852577,1
2687,6392852645,6392852675,1
2688,6392852745,6392852782,1
2689,6392852845,6392852875,1
2690,6392852945,6392852978,1
2691,6392853046,6392853075,1
2692,6392853146,6392853174,1
2693,6392853246,6392853275,1
2694,6392853346,6392853374,1
2695,6392853446,6392853476,1
2696,6392853547,6392853578,1
2697,6392853647,6392853677,1
2698,6392853747,6392853777,1
2699,6392853847,6392853875,1
2700,6392853947,6392853977,1
2701,6392854048,6392854098,1
2702,6392854148,6392854178,1
2703,6392854248,6392854298,1
2704,6392854348,6392854376,1
2705,6392854448,6392854476,1
2706,6392854549,6392854581,1
2707,6392854649,6392854677,1
2708,6392854749,6392854779,1
2709,6392854849,6392854878,1
2710,6392854949,6392854978,1
2711,6392855050,6392855086,1
2712,6392855150,6392855182,1
2713,6392855250,6392855278,1
2714,6392855350,6392855379,1
2715,6392855450,6392855478,1
2716,6392855551,6392855580,1
2717,6392855651,6392855680,1
2718,6392855751,6392855780,1
2719,6392855851,6392855879,1
2720,6392855951,6392855980,1
2721,6392856052,6392856080,1
2722,6392856152,6392856180,1
2723,6392856252,6392856282,1
2724,6392856352,6392856381,1
2725,6392856452,6392856485,1
2726,6392856553,6392856582,1
2727,6392856653,6392856683,1
2728,6392856753,6392856783,1
2729,6392856853,6392856883,1
2730,6392856953,6392856983,1
2731,6392857054,6392857083,1
2732,6392857154,6392857184,1
2733,6392857254,6392857284,1
2734,6392857354,6392857400,1
2735,6392857454,6392857484,1
2736,6392857555,6392857584,1
2737,6392857655,6392857685,1
2738,6392857755,6392857783,1
2739,6392857855,6392857884,1
2740,6392857955,6392857985,1
2741,6392858056,6392858096,1
2742,6392858156,6392858184,1
2743,6392858256,6392858285,1
2744,6392858356,6392858386,1
2745,6392858456,6392858488,1
2746,6392858557,6392858585,1
2747,6392858657,6392858687,1
2748,6392858757,6392858786,1
2749,6392858857,6392858886,1
2750,6392858957,6392858986,1
2751,6392859057,6392859087,1
2752,6392859158,6392859189,1
2753,6392859258,6392859287,1
2754,6392859358,6392859387,1
2755,6392859458,6392859487,1
2756,6392859558,6392859588,1
2757,6392859659,6392859695,1
2758,6392859759,6392859787,1
2759,6392859859,6392859888,1
2760,6392859959,6392860050,1
2761,6392860059,6392860091,1
2762,6392860160,6392860188,1
2763,6392860260,6392860309,1
2764,6392860360,6392860389,1
2765,6392860460,6392860492,1
2766,6392860560,6392860591,1
2767,6392860661,6392860691,1
2768,6392860761,6392860790,1
2769,6392860861,6392860893,1
2770,6392860961,6392860991,1
2771,6392861061,6392861091,1
2772,6392861162,6392861218,1
2773,6392861262,6392861292,1
2774,6392861362,6392861414,1
2775,6392861462,6392861520,1
2776,6392861562,6392861593,1
2777,6392861663,6392861692,1
2778,6392861763,6392861791,1
2779,6392861863,6392861896,1
2780,6392861963,6392861992,1
2781,6392862063,6392862101,1
2782,6392862164,6392862192,1
2783,6392862264,6392862293,1
2784,6392862364,6392862393,1
2785,6392862464,6392862493,1
2786,6392862564,6392862594,1
2787,6392862664,6392862694,1
2788,6392862765,6392862794,1
2789,6392862865,6392862903,1
2790,6392862965,6392862997,1
2791,6392863065,6392863094,1
2792,6392863165,6392863198,1
2793,6392863266,6392863295,1
2794,6392863366,6392863396,1
2795,6392863466,6392863496,1
2796,6392863566,6392863596,1
2797,6392863666,6392863696,1
2798,6392863767,6392863797,1
2799,6392863867,6392863897,1
2800,6392863967,6392863995,1
2801,6392864067,6392864097,1
2802,6392864167,6392864197,1
2803,6392864268,6392864306,1
2804,6392864368,6392864400,1
2805,6392864468,6392864497,1
2806,6392864568,6392864597,1
2807,6392864668,6392864698,1
2808,6392864769,6392864801,1
2809,6392864869,6392864898,1
2810,6392864969,6392865001,1
2811,6392865069,6392865098,1
2812,6392865169,6392865199,1
2813,6392865270,6392865298,1
2814,6392865370,6392865399,1
2815,6392865470,6392865500,1
2816,6392865570,6392865600,1
2817,6392865670,6392865700,1
2818,6392865771,6392865803,1
2819,6392865871,6392865900,1
2820,6392865971,6392866002,1
2821,6392866071,6392866099,1
2822,6392866171,6392866201,1
2823,6392866272,6392866303,1
2824,6392866372,6392866401,1
2825,6392866472,6392866502,1
2826,6392866572,6392866604,1
2827,6392866672,6392866700,1
2828,6392866773,6392866807,1
2829,6392866873,6392866903,1
2830,6392866973,6392867005,1
2831,6392867073,6392867102,1
2832,6392867173,6392867204,1
2833,6392867274,6392867303,1
2834,6392867374,6392867417,1
2835,6392867474,6392867502,1
2836,6392867574,6392867613,1
2837,6392867674,6392867717,1
2838,6392867775,6392867804,1
2839,6392867875,6392867905,1
2840,6392867975,6392868004,1
2841,6392868075,6392868105,1
2842,6392868175,6392868204,1
2843,6392868276,6392868305,1
2844,6392868376,6392868407,1
2845,6392868476,6392868506,1
2846,6392868576,6392868607,1
2847,6392868676,6392868705,1
2848,6392868777,6392868806,1
2849,6392868877,6392868906,1
2850,6392868977,6392869005,1
2851,6392869077,6392869106,1
2852,6392869177,6392869206,1
2853,6392869278,6392869312,1
2854,6392869378,6392869407,1
2855,6392869478,6392869507,1
2856,6392869578,6392869628,1
2857,6392869678,6392869707,1
2858,6392869779,6392869827,1
2859,6392869879,6392869907,1
2860,6392869979,6392870008,1
2861,6392870079,6392870109,1
2862,6392870179,6392870211,1
2863,6392870280,6392870309,1
2864,6392870380,6392870410,1
2865,6392870480,6392870508,1
2866,6392870580,6392870609,1
2867,6392870680,6392870710,1
2868,6392870780,6392870810,1
2869,6392870881,6392870921,1
2870,6392870981,6392871018,1
2871,6392871081,6392871110,1
2872,6392871181,6392871212,1
2873,6392871281,6392871311,1
2874,6392871382,6392871410,1
2875,6392871482,6392871511,1
2876,6392871582,6392871616,1
2877,6392871682,6392871710,1
2878,6392871782,6392871812,1
2879,6392871883,6392871912,1
2880,6392871983,6392872013,1
2881,6392872083,6392872112,1
2882,6392872183,6392872211,1
2883,6392872283,6392872313,1
2884,6392872384,6392872411,1
2885,6392872484,6392872513,1
2886,6392872584,6392872614,1
2887,6392872684,6392872713,1
2888,6392872784,6392872814,1
2889,6392872885,6392872920,1
2890,6392872985,6392873014,1
2891,6392873085,6392873115,1
2892,6392873185,6392873214,1
2893,6392873285,6392873315,1
2894,6392873386,6392873416,1
2895,6392873486,6392873518,1
2896,6392873586,6392873616,1
2897,6392873686,6392873716,1
2898,6392873786,6392873815,1
2899,6392873887,6392873918,1
2900,6392873987,6392874024,1
2901,6392874087,6392874116,1
2902,6392874187,6392874215,1
2903,6392874287,6392874315,1
2904,6392874388,6392874418,1
2905,6392874488,6392874518,1
2906,6392874588,6392874618,1
2907,6392874688,6392874716,1
2908,6392874788,6392874817,1
2909,6392874889,6392874922,1
2910,6392874989,6392875018,1
2911,6392875089,6392875119,1
2912,6392875189,6392875219,1
2913,6392875289,6392875319,1
2914,6392875390,6392875420,1
2915,6392875490,6392875520,1
2916,6392875590,6392875619,1
2917,6392875690,6392875721,1
2918,6392875790,6392875820,1
2919,6392875891,6392875919,1
2920,6392875991,6392876021,1
2921,6392876091,6392876120,1
2922,6392876191,6392876220,1
2923,6392876291,6392876320,1
2924,6392876392,6392876421,1
2925,6392876492,6392876521,1
2926,6392876592,6392876621,1
2927,6392876692,6392876722,1
2928,6392876792,6392876821,1
2929,6392876893,6392876945,1
2930,6392876993,6392877021,1
2931,6392877093,6392877123,1
2932,6392877193,6392877224,1
2933,6392877293,6392877324,1
2934,6392877394,6392877423,1
2935,6392877494,6392877525,1
2936,6392877594,6392877623,1
2937,6392877694,6392877723,1
2938,6392877794,6392877822,1
2939,6392877895,6392877925,1
2940,6392877995,6392878024,1
2941,6392878095,6392878156,1
2942,6392878195,6392878225,1
2943,6392878295,6392878324,1
2944,6392878395,6392878425,1
2945,6392878496,6392878526,1
2946,6392878596,6392878625,1
2947,6392878696,6392878725,1
2948,6392878796,6392878828,1
2949,6392878896,6392878926,1
2950,6392878997,6392879025,1
2951,6392879097,6392879128,1
2952,6392879197,6392879230,1
2953,6392879297,6392879326,1
2954,6392879397,6392879428,1
2955,6392879498,6392879536,1
2956,6392879598,6392879628,1
2957,6392879698,6392879728,1
2958,6392879798,6392879829,1
2959,6392879898,6392879928,1
2960,6392879999,6392880029,1
2961,6392880099,6392880132,1
2962,6392880199,6392880228,1
2963,6392880299,6392880329,1
2964,6392880399,6392880429,1
2965,6392880500,6392880529,1
2966,6392880600,6392880630,1
2967,6392880700,6392880731,1
2968,6392880800,6392880829,1
2969,6392880901,6392880929,1
2970,6392881001,6392881036,1
2971,6392881101,6392881132,1
2972,6392881201,6392881229,1
2973,6392881301,6392881332,1
2974,6392881402,6392881431,1
2975,6392881502,6392881586,1
2976,6392881602,6392881632,1
2977,6392881702,6392881731,1
2978,6392881802,6392881832,1
2979,6392881903,6392881932,1
2980,6392882003,6392882036,1
2981,6392882103,6392882132,1
2982,6392882203,6392882236,1
2983,6392882303,6392882333,1
2984,6392882404,6392882434,1
2985,6392882504,6392882533,1
2986,6392882604,6392882656,1
2987,6392882704,6392882733,1
2988,6392882804,6392882835,1
2989,6392882905,6392882934,1
2990,6392883005,6392883034,1
2991,6392883105,6392883134,1
2992,6392883205,6392883235,1
2993,6392883305,6392883335,1
2994,6392883406,6392883435,1
2995,6392883506,6392883535,1
2996,6392883606,6392883637,1
2997,6392883706,6392883736,1
2998,6392883806,6392883840,1
2999,6392883907,6392883937,1
