Message ID,Send Time,Receive Time,Status,Error
0,10823069178,10823069508,1,"IOTHUB_CLIENT_CONFIRMATION_OK"
1,10823069511,10823069562,1,"IOTHUB_CLIENT_CONFIRMATION_OK"
2,10823069844,10823069876,1,"IOTHUB_CLIENT_CONFIRMATION_OK"
3,10823070178,10823070216,1,"IOTHUB_CLIENT_CONFIRMATION_OK"
4,10823070511,10823070542,1,"IOTHUB_CLIENT_CONFIRMATION_OK"
5,10823070844,10823070880,1,"IOTHUB_CLIENT_CONFIRMATION_OK"
6,10823071177,10823071212,1,"IOTHUB_CLIENT_CONFIRMATION_OK"
7,10823071510,10823071550,1,"IOTHUB_CLIENT_CONFIRMATION_OK"
8,10823071843,10823071875,1,"IOTHUB_CLIENT_CONFIRMATION_OK"
9,10823072177,10823072256,1,"IOTHUB_CLIENT_CONFIRMATION_OK"
10,10823072510,10823072544,1,"IOTHUB_CLIENT_CONFIRMATION_OK"
11,10823072843,10823072890,1,"IOTHUB_CLIENT_CONFIRMATION_OK"
12,10823073176,10823073206,1,"IOTHUB_CLIENT_CONFIRMATION_OK"
13,10823073509,10823073544,1,"IOTHUB_CLIENT_CONFIRMATION_OK"
14,10823073842,10823073872,1,"IOTHUB_CLIENT_CONFIRMATION_OK"
15,10823074176,10823074213,1,"IOTHUB_CLIENT_CONFIRMATION_OK"
16,10823074509,10823074542,1,"IOTHUB_CLIENT_CONFIRMATION_OK"
17,10823074842,10823074880,1,"IOTHUB_CLIENT_CONFIRMATION_OK"
18,10823075175,10823075231,1,"IOTHUB_CLIENT_CONFIRMATION_OK"
19,10823075508,10823075537,1,"IOTHUB_CLIENT_CONFIRMATION_OK"
20,10823075841,10823075883,1,"IOTHUB_CLIENT_CONFIRMATION_OK"
21,10823076175,10823076213,1,"IOTHUB_CLIENT_CONFIRMATION_OK"
22,10823076508,10823076539,1,"IOTHUB_CLIENT_CONFIRMATION_OK"
23,10823076841,10823076883,1,"IOTHUB_CLIENT_CONFIRMATION_OK"
24,10823077174,10823077232,1,"IOTHUB_CLIENT_CONFIRMATION_OK"
25,10823077507,10823077544,1,"IOTHUB_CLIENT_CONFIRMATION_OK"
26,10823077840,10823077873,1,"IOTHUB_CLIENT_CONFIRMATION_OK"
27,10823078173,10823078235,1,"IOTHUB_CLIENT_CONFIRMATION_OK"
28,10823078507,10823078549,1,"IOTHUB_CLIENT_CONFIRMATION_OK"
29,10823078840,10823078878,1,"IOTHUB_CLIENT_CONFIRMATION_OK"
30,10823079173,10823079203,1,"IOTHUB_CLIENT_CONFIRMATION_OK"
31,10823079506,10823079537,1,"IOTHUB_CLIENT_CONFIRMATION_OK"
32,10823079839,10823079878,1,"IOTHUB_CLIENT_CONFIRMATION_OK"
33,10823080172,10823080228,1,"IOTHUB_CLIENT_CONFIRMATION_OK"
34,10823080506,10823080540,1,"IOTHUB_CLIENT_CONFIRMATION_OK"
35,10823080839,10823080870,1,"IOTHUB_CLIENT_CONFIRMATION_OK"
36,10823081172,10823081211,1,"IOTHUB_CLIENT_CONFIRMATION_OK"
37,10823081505,10823081539,1,"IOTHUB_CLIENT_CONFIRMATION_OK"
38,10823081838,10823081868,1,"IOTHUB_CLIENT_CONFIRMATION_OK"
39,10823082171,10823082216,1,"IOTHUB_CLIENT_CONFIRMATION_OK"
40,10823082505,10823082536,1,"IOTHUB_CLIENT_CONFIRMATION_OK"
41,10823082838,10823082869,1,"IOTHUB_CLIENT_CONFIRMATION_OK"
42,10823083171,10823083209,1,"IOTHUB_CLIENT_CONFIRMATION_OK"
43,10823083504,10823083534,1,"IOTHUB_CLIENT_CONFIRMATION_OK"
44,10823083837,10823083874,1,"IOTHUB_CLIENT_CONFIRMATION_OK"
45,10823084170,10823084213,1,"IOTHUB_CLIENT_CONFIRMATION_OK"
46,10823084503,10823084544,1,"IOTHUB_CLIENT_CONFIRMATION_OK"
47,10823084837,10823084887,1,"IOTHUB_CLIENT_CONFIRMATION_OK"
48,10823085170,10823085212,1,"IOTHUB_CLIENT_CONFIRMATION_OK"
49,10823085503,10823085542,1,"IOTHUB_CLIENT_CONFIRMATION_OK"
50,10823085836,10823085871,1,"IOTHUB_CLIENT_CONFIRMATION_OK"
51,10823086169,10823086212,1,"IOTHUB_CLIENT_CONFIRMATION_OK"
52,10823086502,10823086535,1,"IOTHUB_CLIENT_CONFIRMATION_OK"
53,10823086836,10823086875,1,"IOTHUB_CLIENT_CONFIRMATION_OK"
54,10823087169,10823087201,1,"IOTHUB_CLIENT_CONFIRMATION_OK"
55,10823087502,10823087537,1,"IOTHUB_CLIENT_CONFIRMATION_OK"
56,10823087835,10823087877,1,"IOTHUB_CLIENT_CONFIRMATION_OK"
57,10823088168,10823088204,1,"IOTHUB_CLIENT_CONFIRMATION_OK"
58,10823088501,10823088544,1,"IOTHUB_CLIENT_CONFIRMATION_OK"
59,10823088835,10823088874,1,"IOTHUB_CLIENT_CONFIRMATION_OK"
60,10823089168,10823089203,1,"IOTHUB_CLIENT_CONFIRMATION_OK"
61,10823089501,10823089538,1,"IOTHUB_CLIENT_CONFIRMATION_OK"
62,10823089834,10823089868,1,"IOTHUB_CLIENT_CONFIRMATION_OK"
63,10823090167,10823090203,1,"IOTHUB_CLIENT_CONFIRMATION_OK"
64,10823090500,10823090553,1,"IOTHUB_CLIENT_CONFIRMATION_OK"
65,10823090834,10823090867,1,"IOTHUB_CLIENT_CONFIRMATION_OK"
66,10823091167,10823091202,1,"IOTHUB_CLIENT_CONFIRMATION_OK"
67,10823091500,10823091533,1,"IOTHUB_CLIENT_CONFIRMATION_OK"
68,10823091833,10823091873,1,"IOTHUB_CLIENT_CONFIRMATION_OK"
69,10823092166,10823092204,1,"IOTHUB_CLIENT_CONFIRMATION_OK"
70,10823092499,10823092539,1,"IOTHUB_CLIENT_CONFIRMATION_OK"
71,10823092833,10823092871,1,"IOTHUB_CLIENT_CONFIRMATION_OK"
72,10823093166,10823093201,1,"IOTHUB_CLIENT_CONFIRMATION_OK"
73,10823093499,10823093542,1,"IOTHUB_CLIENT_CONFIRMATION_OK"
74,10823093832,10823093893,1,"IOTHUB_CLIENT_CONFIRMATION_OK"
75,10823094165,10823094220,1,"IOTHUB_CLIENT_CONFIRMATION_OK"
76,10823094498,10823094532,1,"IOTHUB_CLIENT_CONFIRMATION_OK"
77,10823094832,10823094866,1,"IOTHUB_CLIENT_CONFIRMATION_OK"
78,10823095165,10823095201,1,"IOTHUB_CLIENT_CONFIRMATION_OK"
79,10823095498,10823095538,1,"IOTHUB_CLIENT_CONFIRMATION_OK"
80,10823095831,10823095872,1,"IOTHUB_CLIENT_CONFIRMATION_OK"
81,10823096164,10823096205,1,"IOTHUB_CLIENT_CONFIRMATION_OK"
82,10823096497,10823096536,1,"IOTHUB_CLIENT_CONFIRMATION_OK"
83,10823096831,10823096873,1,"IOTHUB_CLIENT_CONFIRMATION_OK"
84,10823097164,10823097199,1,"IOTHUB_CLIENT_CONFIRMATION_OK"
85,10823097497,10823097535,1,"IOTHUB_CLIENT_CONFIRMATION_OK"
86,10823097830,10823097868,1,"IOTHUB_CLIENT_CONFIRMATION_OK"
87,10823098163,10823098207,1,"IOTHUB_CLIENT_CONFIRMATION_OK"
88,10823098496,10823098528,1,"IOTHUB_CLIENT_CONFIRMATION_OK"
89,10823098830,10823098879,1,"IOTHUB_CLIENT_CONFIRMATION_OK"
90,10823099163,10823099195,1,"IOTHUB_CLIENT_CONFIRMATION_OK"
91,10823099496,10823099545,1,"IOTHUB_CLIENT_CONFIRMATION_OK"
92,10823099829,10823099870,1,"IOTHUB_CLIENT_CONFIRMATION_OK"
93,10823100162,10823100208,1,"IOTHUB_CLIENT_CONFIRMATION_OK"
94,10823100495,10823100529,1,"IOTHUB_CLIENT_CONFIRMATION_OK"
95,10823100828,10823100864,1,"IOTHUB_CLIENT_CONFIRMATION_OK"
96,10823101162,10823101197,1,"IOTHUB_CLIENT_CONFIRMATION_OK"
97,10823101495,10823101691,1,"IOTHUB_CLIENT_CONFIRMATION_OK"
98,10823101828,10823101863,1,"IOTHUB_CLIENT_CONFIRMATION_OK"
99,10823102161,10823102205,1,"IOTHUB_CLIENT_CONFIRMATION_OK"
100,10823102494,10823102529,1,"IOTHUB_CLIENT_CONFIRMATION_OK"
101,10823102827,10823102868,1,"IOTHUB_CLIENT_CONFIRMATION_OK"
102,10823103161,10823103230,1,"IOTHUB_CLIENT_CONFIRMATION_OK"
103,10823103494,10823103527,1,"IOTHUB_CLIENT_CONFIRMATION_OK"
104,10823103827,10823103862,1,"IOTHUB_CLIENT_CONFIRMATION_OK"
105,10823104160,10823104196,1,"IOTHUB_CLIENT_CONFIRMATION_OK"
106,10823104493,10823104532,1,"IOTHUB_CLIENT_CONFIRMATION_OK"
107,10823104826,10823104867,1,"IOTHUB_CLIENT_CONFIRMATION_OK"
108,10823105160,10823105195,1,"IOTHUB_CLIENT_CONFIRMATION_OK"
109,10823105493,10823105524,1,"IOTHUB_CLIENT_CONFIRMATION_OK"
110,10823105826,10823105932,1,"IOTHUB_CLIENT_CONFIRMATION_OK"
111,10823106159,10823106194,1,"IOTHUB_CLIENT_CONFIRMATION_OK"
112,10823106492,10823106548,1,"IOTHUB_CLIENT_CONFIRMATION_OK"
113,10823106825,10823106861,1,"IOTHUB_CLIENT_CONFIRMATION_OK"
114,10823107159,10823107195,1,"IOTHUB_CLIENT_CONFIRMATION_OK"
115,10823107492,10823107542,1,"IOTHUB_CLIENT_CONFIRMATION_OK"
116,10823107825,10823107862,1,"IOTHUB_CLIENT_CONFIRMATION_OK"
117,10823108158,10823108195,1,"IOTHUB_CLIENT_CONFIRMATION_OK"
118,10823108491,10823108540,1,"IOTHUB_CLIENT_CONFIRMATION_OK"
119,10823108824,10823108864,1,"IOTHUB_CLIENT_CONFIRMATION_OK"
120,10823109158,10823109325,1,"IOTHUB_CLIENT_CONFIRMATION_OK"
121,10823109491,10823109544,1,"IOTHUB_CLIENT_CONFIRMATION_OK"
122,10823109824,10823109860,1,"IOTHUB_CLIENT_CONFIRMATION_OK"
123,10823110157,10823110192,1,"IOTHUB_CLIENT_CONFIRMATION_OK"
124,10823110490,10823110530,1,"IOTHUB_CLIENT_CONFIRMATION_OK"
125,10823110823,10823110977,1,"IOTHUB_CLIENT_CONFIRMATION_OK"
126,10823111157,10823111193,1,"IOTHUB_CLIENT_CONFIRMATION_OK"
127,10823111490,10823111601,1,"IOTHUB_CLIENT_CONFIRMATION_OK"
128,10823111823,10823111857,1,"IOTHUB_CLIENT_CONFIRMATION_OK"
129,10823112156,10823112318,1,"IOTHUB_CLIENT_CONFIRMATION_OK"
130,10823112489,10823112528,1,"IOTHUB_CLIENT_CONFIRMATION_OK"
131,10823112822,10823112864,1,"IOTHUB_CLIENT_CONFIRMATION_OK"
132,10823113155,10823113186,1,"IOTHUB_CLIENT_CONFIRMATION_OK"
133,10823113489,10823113523,1,"IOTHUB_CLIENT_CONFIRMATION_OK"
134,10823113822,10823113859,1,"IOTHUB_CLIENT_CONFIRMATION_OK"
135,10823114155,10823114199,1,"IOTHUB_CLIENT_CONFIRMATION_OK"
136,10823114488,10823114523,1,"IOTHUB_CLIENT_CONFIRMATION_OK"
137,10823114821,10823114868,1,"IOTHUB_CLIENT_CONFIRMATION_OK"
138,10823115154,10823115194,1,"IOTHUB_CLIENT_CONFIRMATION_OK"
139,10823115488,10823115536,1,"IOTHUB_CLIENT_CONFIRMATION_OK"
140,10823115821,10823115874,1,"IOTHUB_CLIENT_CONFIRMATION_OK"
141,10823116154,10823116187,1,"IOTHUB_CLIENT_CONFIRMATION_OK"
142,10823116487,10823116516,1,"IOTHUB_CLIENT_CONFIRMATION_OK"
143,10823116820,10823116872,1,"IOTHUB_CLIENT_CONFIRMATION_OK"
144,10823117154,10823117193,1,"IOTHUB_CLIENT_CONFIRMATION_OK"
145,10823117487,10823117530,1,"IOTHUB_CLIENT_CONFIRMATION_OK"
146,10823117820,10823117867,1,"IOTHUB_CLIENT_CONFIRMATION_OK"
147,10823118153,10823118196,1,"IOTHUB_CLIENT_CONFIRMATION_OK"
148,10823118486,10823118524,1,"IOTHUB_CLIENT_CONFIRMATION_OK"
149,10823118819,10823118863,1,"IOTHUB_CLIENT_CONFIRMATION_OK"
150,10823119152,10823119190,1,"IOTHUB_CLIENT_CONFIRMATION_OK"
151,10823119486,10823119521,1,"IOTHUB_CLIENT_CONFIRMATION_OK"
152,10823119819,10823119867,1,"IOTHUB_CLIENT_CONFIRMATION_OK"
153,10823120152,10823120185,1,"IOTHUB_CLIENT_CONFIRMATION_OK"
154,10823120485,10823120518,1,"IOTHUB_CLIENT_CONFIRMATION_OK"
155,10823120818,10823120966,1,"IOTHUB_CLIENT_CONFIRMATION_OK"
156,10823121151,10823121193,1,"IOTHUB_CLIENT_CONFIRMATION_OK"
157,10823121485,10823121575,1,"IOTHUB_CLIENT_CONFIRMATION_OK"
158,10823121818,10823121862,1,"IOTHUB_CLIENT_CONFIRMATION_OK"
159,10823122151,10823122184,1,"IOTHUB_CLIENT_CONFIRMATION_OK"
160,10823122484,10823122522,1,"IOTHUB_CLIENT_CONFIRMATION_OK"
161,10823122817,10823122863,1,"IOTHUB_CLIENT_CONFIRMATION_OK"
162,10823123150,10823123284,1,"IOTHUB_CLIENT_CONFIRMATION_OK"
163,10823123484,10823123523,1,"IOTHUB_CLIENT_CONFIRMATION_OK"
164,10823123817,10823123858,1,"IOTHUB_CLIENT_CONFIRMATION_OK"
165,10823124150,10823124182,1,"IOTHUB_CLIENT_CONFIRMATION_OK"
166,10823124483,10823124519,1,"IOTHUB_CLIENT_CONFIRMATION_OK"
167,10823124816,10823124851,1,"IOTHUB_CLIENT_CONFIRMATION_OK"
168,10823125149,10823125186,1,"IOTHUB_CLIENT_CONFIRMATION_OK"
169,10823125483,10823125516,1,"IOTHUB_CLIENT_CONFIRMATION_OK"
170,10823125816,10823125948,1,"IOTHUB_CLIENT_CONFIRMATION_OK"
171,10823126149,10823126193,1,"IOTHUB_CLIENT_CONFIRMATION_OK"
172,10823126482,10823126518,1,"IOTHUB_CLIENT_CONFIRMATION_OK"
173,10823126815,10823126848,1,"IOTHUB_CLIENT_CONFIRMATION_OK"
174,10823127148,10823127204,1,"IOTHUB_CLIENT_CONFIRMATION_OK"
175,10823127482,10823127520,1,"IOTHUB_CLIENT_CONFIRMATION_OK"
176,10823127815,10823127846,1,"IOTHUB_CLIENT_CONFIRMATION_OK"
177,10823128148,10823128187,1,"IOTHUB_CLIENT_CONFIRMATION_OK"
178,10823128481,10823128512,1,"IOTHUB_CLIENT_CONFIRMATION_OK"
179,10823128814,10823128856,1,"IOTHUB_CLIENT_CONFIRMATION_OK"
180,10823129148,10823129188,1,"IOTHUB_CLIENT_CONFIRMATION_OK"
181,10823129481,10823129519,1,"IOTHUB_CLIENT_CONFIRMATION_OK"
182,10823129814,10823129845,1,"IOTHUB_CLIENT_CONFIRMATION_OK"
183,10823130147,10823130183,1,"IOTHUB_CLIENT_CONFIRMATION_OK"
184,10823130480,10823130513,1,"IOTHUB_CLIENT_CONFIRMATION_OK"
185,10823130813,10823130930,1,"IOTHUB_CLIENT_CONFIRMATION_OK"
186,10823131147,10823131180,1,"IOTHUB_CLIENT_CONFIRMATION_OK"
187,10823131480,10823131530,1,"IOTHUB_CLIENT_CONFIRMATION_OK"
188,10823131813,10823131846,1,"IOTHUB_CLIENT_CONFIRMATION_OK"
189,10823132146,10823132191,1,"IOTHUB_CLIENT_CONFIRMATION_OK"
190,10823132479,10823132515,1,"IOTHUB_CLIENT_CONFIRMATION_OK"
191,10823132812,10823132847,1,"IOTHUB_CLIENT_CONFIRMATION_OK"
192,10823133146,10823133181,1,"IOTHUB_CLIENT_CONFIRMATION_OK"
193,10823133479,10823133515,1,"IOTHUB_CLIENT_CONFIRMATION_OK"
194,10823133812,10823133850,1,"IOTHUB_CLIENT_CONFIRMATION_OK"
195,10823134145,10823134186,1,"IOTHUB_CLIENT_CONFIRMATION_OK"
196,10823134478,10823134512,1,"IOTHUB_CLIENT_CONFIRMATION_OK"
197,10823134812,10823134852,1,"IOTHUB_CLIENT_CONFIRMATION_OK"
198,10823135145,10823135183,1,"IOTHUB_CLIENT_CONFIRMATION_OK"
199,10823135478,10823135598,1,"IOTHUB_CLIENT_CONFIRMATION_OK"
200,10823135811,10823135849,1,"IOTHUB_CLIENT_CONFIRMATION_OK"
201,10823136144,10823136184,1,"IOTHUB_CLIENT_CONFIRMATION_OK"
202,10823136477,10823136513,1,"IOTHUB_CLIENT_CONFIRMATION_OK"
203,10823136811,10823136844,1,"IOTHUB_CLIENT_CONFIRMATION_OK"
204,10823137144,10823137174,1,"IOTHUB_CLIENT_CONFIRMATION_OK"
205,10823137477,10823137512,1,"IOTHUB_CLIENT_CONFIRMATION_OK"
206,10823137810,10823137847,1,"IOTHUB_CLIENT_CONFIRMATION_OK"
207,10823138143,10823138177,1,"IOTHUB_CLIENT_CONFIRMATION_OK"
208,10823138476,10823138520,1,"IOTHUB_CLIENT_CONFIRMATION_OK"
209,10823138810,10823138841,1,"IOTHUB_CLIENT_CONFIRMATION_OK"
210,10823139143,10823139177,1,"IOTHUB_CLIENT_CONFIRMATION_OK"
211,10823139476,10823139509,1,"IOTHUB_CLIENT_CONFIRMATION_OK"
212,10823139809,10823139846,1,"IOTHUB_CLIENT_CONFIRMATION_OK"
213,10823140142,10823140257,1,"IOTHUB_CLIENT_CONFIRMATION_OK"
214,10823140475,10823140508,1,"IOTHUB_CLIENT_CONFIRMATION_OK"
215,10823140809,10823140879,1,"IOTHUB_CLIENT_CONFIRMATION_OK"
216,10823141142,10823141182,1,"IOTHUB_CLIENT_CONFIRMATION_OK"
217,10823141475,10823141520,1,"IOTHUB_CLIENT_CONFIRMATION_OK"
218,10823141808,10823141849,1,"IOTHUB_CLIENT_CONFIRMATION_OK"
219,10823142141,10823142174,1,"IOTHUB_CLIENT_CONFIRMATION_OK"
220,10823142474,10823142506,1,"IOTHUB_CLIENT_CONFIRMATION_OK"
221,10823142808,10823142855,1,"IOTHUB_CLIENT_CONFIRMATION_OK"
222,10823143141,10823143191,1,"IOTHUB_CLIENT_CONFIRMATION_OK"
223,10823143474,10823143509,1,"IOTHUB_CLIENT_CONFIRMATION_OK"
224,10823143807,10823143868,1,"IOTHUB_CLIENT_CONFIRMATION_OK"
225,10823144140,10823144179,1,"IOTHUB_CLIENT_CONFIRMATION_OK"
226,10823144473,10823144511,1,"IOTHUB_CLIENT_CONFIRMATION_OK"
227,10823144807,10823144846,1,"IOTHUB_CLIENT_CONFIRMATION_OK"
228,10823145140,10823145285,1,"IOTHUB_CLIENT_CONFIRMATION_OK"
229,10823145473,10823145505,1,"IOTHUB_CLIENT_CONFIRMATION_OK"
230,10823145806,10823145899,1,"IOTHUB_CLIENT_CONFIRMATION_OK"
231,10823146139,10823146172,1,"IOTHUB_CLIENT_CONFIRMATION_OK"
232,10823146472,10823146509,1,"IOTHUB_CLIENT_CONFIRMATION_OK"
233,10823146806,10823146836,1,"IOTHUB_CLIENT_CONFIRMATION_OK"
234,10823147139,10823147170,1,"IOTHUB_CLIENT_CONFIRMATION_OK"
235,10823147472,10823147501,1,"IOTHUB_CLIENT_CONFIRMATION_OK"
236,10823147805,10823147839,1,"IOTHUB_CLIENT_CONFIRMATION_OK"
237,10823148138,10823148181,1,"IOTHUB_CLIENT_CONFIRMATION_OK"
238,10823148471,10823148507,1,"IOTHUB_CLIENT_CONFIRMATION_OK"
239,10823148805,10823148848,1,"IOTHUB_CLIENT_CONFIRMATION_OK"
240,10823149138,10823149168,1,"IOTHUB_CLIENT_CONFIRMATION_OK"
241,10823149471,10823149506,1,"IOTHUB_CLIENT_CONFIRMATION_OK"
242,10823149804,10823149843,1,"IOTHUB_CLIENT_CONFIRMATION_OK"
243,10823150137,10823150173,1,"IOTHUB_CLIENT_CONFIRMATION_OK"
244,10823150470,10823150511,1,"IOTHUB_CLIENT_CONFIRMATION_OK"
245,10823150804,10823150837,1,"IOTHUB_CLIENT_CONFIRMATION_OK"
246,10823151137,10823151176,1,"IOTHUB_CLIENT_CONFIRMATION_OK"
247,10823151470,10823151510,1,"IOTHUB_CLIENT_CONFIRMATION_OK"
248,10823151803,10823151841,1,"IOTHUB_CLIENT_CONFIRMATION_OK"
249,10823152136,10823152168,1,"IOTHUB_CLIENT_CONFIRMATION_OK"
250,10823152469,10823152509,1,"IOTHUB_CLIENT_CONFIRMATION_OK"
251,10823152803,10823152843,1,"IOTHUB_CLIENT_CONFIRMATION_OK"
252,10823153136,10823153171,1,"IOTHUB_CLIENT_CONFIRMATION_OK"
253,10823153469,10823153509,1,"IOTHUB_CLIENT_CONFIRMATION_OK"
254,10823153802,10823153842,1,"IOTHUB_CLIENT_CONFIRMATION_OK"
255,10823154135,10823154169,1,"IOTHUB_CLIENT_CONFIRMATION_OK"
256,10823154468,10823154502,1,"IOTHUB_CLIENT_CONFIRMATION_OK"
257,10823154802,10823154843,1,"IOTHUB_CLIENT_CONFIRMATION_OK"
258,10823155135,10823155262,1,"IOTHUB_CLIENT_CONFIRMATION_OK"
259,10823155468,10823155505,1,"IOTHUB_CLIENT_CONFIRMATION_OK"
260,10823155801,10823155870,1,"IOTHUB_CLIENT_CONFIRMATION_OK"
261,10823156134,10823156178,1,"IOTHUB_CLIENT_CONFIRMATION_OK"
262,10823156467,10823156524,1,"IOTHUB_CLIENT_CONFIRMATION_OK"
263,10823156801,10823156833,1,"IOTHUB_CLIENT_CONFIRMATION_OK"
264,10823157134,10823157166,1,"IOTHUB_CLIENT_CONFIRMATION_OK"
265,10823157467,10823157498,1,"IOTHUB_CLIENT_CONFIRMATION_OK"
266,10823157800,10823157872,1,"IOTHUB_CLIENT_CONFIRMATION_OK"
267,10823158133,10823158173,1,"IOTHUB_CLIENT_CONFIRMATION_OK"
268,10823158466,10823158509,1,"IOTHUB_CLIENT_CONFIRMATION_OK"
269,10823158800,10823158833,1,"IOTHUB_CLIENT_CONFIRMATION_OK"
270,10823159133,10823159167,1,"IOTHUB_CLIENT_CONFIRMATION_OK"
271,10823159466,10823159500,1,"IOTHUB_CLIENT_CONFIRMATION_OK"
272,10823159799,10823159853,1,"IOTHUB_CLIENT_CONFIRMATION_OK"
273,10823160132,10823160195,1,"IOTHUB_CLIENT_CONFIRMATION_OK"
274,10823160465,10823160503,1,"IOTHUB_CLIENT_CONFIRMATION_OK"
275,10823160799,10823160830,1,"IOTHUB_CLIENT_CONFIRMATION_OK"
276,10823161132,10823161165,1,"IOTHUB_CLIENT_CONFIRMATION_OK"
277,10823161465,10823161500,1,"IOTHUB_CLIENT_CONFIRMATION_OK"
278,10823161798,10823161832,1,"IOTHUB_CLIENT_CONFIRMATION_OK"
279,10823162131,10823162191,1,"IOTHUB_CLIENT_CONFIRMATION_OK"
280,10823162464,10823162500,1,"IOTHUB_CLIENT_CONFIRMATION_OK"
281,10823162798,10823162831,1,"IOTHUB_CLIENT_CONFIRMATION_OK"
282,10823163131,10823163164,1,"IOTHUB_CLIENT_CONFIRMATION_OK"
283,10823163464,10823163504,1,"IOTHUB_CLIENT_CONFIRMATION_OK"
284,10823163797,10823163852,1,"IOTHUB_CLIENT_CONFIRMATION_OK"
285,10823164130,10823164236,1,"IOTHUB_CLIENT_CONFIRMATION_OK"
286,10823164463,10823164496,1,"IOTHUB_CLIENT_CONFIRMATION_OK"
287,10823164797,10823164835,1,"IOTHUB_CLIENT_CONFIRMATION_OK"
288,10823165130,10823165248,1,"IOTHUB_CLIENT_CONFIRMATION_OK"
289,10823165463,10823165504,1,"IOTHUB_CLIENT_CONFIRMATION_OK"
290,10823165796,10823165849,1,"IOTHUB_CLIENT_CONFIRMATION_OK"
291,10823166129,10823166166,1,"IOTHUB_CLIENT_CONFIRMATION_OK"
292,10823166462,10823166494,1,"IOTHUB_CLIENT_CONFIRMATION_OK"
293,10823166796,10823166833,1,"IOTHUB_CLIENT_CONFIRMATION_OK"
294,10823167129,10823167163,1,"IOTHUB_CLIENT_CONFIRMATION_OK"
295,10823167462,10823167500,1,"IOTHUB_CLIENT_CONFIRMATION_OK"
296,10823167795,10823167837,1,"IOTHUB_CLIENT_CONFIRMATION_OK"
297,10823168128,10823168161,1,"IOTHUB_CLIENT_CONFIRMATION_OK"
298,10823168461,10823168491,1,"IOTHUB_CLIENT_CONFIRMATION_OK"
299,10823168795,10823168832,1,"IOTHUB_CLIENT_CONFIRMATION_OK"
300,10823169128,10823169160,1,"IOTHUB_CLIENT_CONFIRMATION_OK"
301,10823169461,10823169507,1,"IOTHUB_CLIENT_CONFIRMATION_OK"
302,10823169794,10823169827,1,"IOTHUB_CLIENT_CONFIRMATION_OK"
303,10823170127,10823170164,1,"IOTHUB_CLIENT_CONFIRMATION_OK"
304,10823170460,10823170500,1,"IOTHUB_CLIENT_CONFIRMATION_OK"
305,10823170794,10823170835,1,"IOTHUB_CLIENT_CONFIRMATION_OK"
306,10823171127,10823171166,1,"IOTHUB_CLIENT_CONFIRMATION_OK"
307,10823171460,10823171504,1,"IOTHUB_CLIENT_CONFIRMATION_OK"
308,10823171793,10823171915,1,"IOTHUB_CLIENT_CONFIRMATION_OK"
309,10823172126,10823172165,1,"IOTHUB_CLIENT_CONFIRMATION_OK"
310,10823172459,10823172492,1,"IOTHUB_CLIENT_CONFIRMATION_OK"
311,10823172793,10823172825,1,"IOTHUB_CLIENT_CONFIRMATION_OK"
312,10823173126,10823173164,1,"IOTHUB_CLIENT_CONFIRMATION_OK"
313,10823173459,10823173496,1,"IOTHUB_CLIENT_CONFIRMATION_OK"
314,10823173792,10823173833,1,"IOTHUB_CLIENT_CONFIRMATION_OK"
315,10823174125,10823174167,1,"IOTHUB_CLIENT_CONFIRMATION_OK"
316,10823174458,10823174493,1,"IOTHUB_CLIENT_CONFIRMATION_OK"
317,10823174792,10823174826,1,"IOTHUB_CLIENT_CONFIRMATION_OK"
318,10823175125,10823175207,1,"IOTHUB_CLIENT_CONFIRMATION_OK"
319,10823175458,10823175491,1,"IOTHUB_CLIENT_CONFIRMATION_OK"
320,10823175791,10823175836,1,"IOTHUB_CLIENT_CONFIRMATION_OK"
321,10823176124,10823176170,1,"IOTHUB_CLIENT_CONFIRMATION_OK"
322,10823176457,10823176491,1,"IOTHUB_CLIENT_CONFIRMATION_OK"
323,10823176791,10823176834,1,"IOTHUB_CLIENT_CONFIRMATION_OK"
324,10823177124,10823177158,1,"IOTHUB_CLIENT_CONFIRMATION_OK"
325,10823177457,10823177493,1,"IOTHUB_CLIENT_CONFIRMATION_OK"
326,10823177790,10823177840,1,"IOTHUB_CLIENT_CONFIRMATION_OK"
327,10823178123,10823178155,1,"IOTHUB_CLIENT_CONFIRMATION_OK"
328,10823178456,10823178507,1,"IOTHUB_CLIENT_CONFIRMATION_OK"
329,10823178790,10823178824,1,"IOTHUB_CLIENT_CONFIRMATION_OK"
330,10823179123,10823179156,1,"IOTHUB_CLIENT_CONFIRMATION_OK"
331,10823179456,10823179494,1,"IOTHUB_CLIENT_CONFIRMATION_OK"
332,10823179789,10823179826,1,"IOTHUB_CLIENT_CONFIRMATION_OK"
333,10823180122,10823180161,1,"IOTHUB_CLIENT_CONFIRMATION_OK"
334,10823180455,10823180500,1,"IOTHUB_CLIENT_CONFIRMATION_OK"
335,10823180789,10823180819,1,"IOTHUB_CLIENT_CONFIRMATION_OK"
336,10823181122,10823181163,1,"IOTHUB_CLIENT_CONFIRMATION_OK"
337,10823181455,10823181486,1,"IOTHUB_CLIENT_CONFIRMATION_OK"
338,10823181788,10823181817,1,"IOTHUB_CLIENT_CONFIRMATION_OK"
339,10823182121,10823182158,1,"IOTHUB_CLIENT_CONFIRMATION_OK"
340,10823182454,10823182486,1,"IOTHUB_CLIENT_CONFIRMATION_OK"
341,10823182788,10823182822,1,"IOTHUB_CLIENT_CONFIRMATION_OK"
342,10823183121,10823183160,1,"IOTHUB_CLIENT_CONFIRMATION_OK"
343,10823183454,10823183491,1,"IOTHUB_CLIENT_CONFIRMATION_OK"
344,10823183787,10823183822,1,"IOTHUB_CLIENT_CONFIRMATION_OK"
345,10823184120,10823184155,1,"IOTHUB_CLIENT_CONFIRMATION_OK"
346,10823184453,10823184490,1,"IOTHUB_CLIENT_CONFIRMATION_OK"
347,10823184787,10823184837,1,"IOTHUB_CLIENT_CONFIRMATION_OK"
348,10823185120,10823185150,1,"IOTHUB_CLIENT_CONFIRMATION_OK"
349,10823185453,10823185488,1,"IOTHUB_CLIENT_CONFIRMATION_OK"
350,10823185786,10823185817,1,"IOTHUB_CLIENT_CONFIRMATION_OK"
351,10823186119,10823186153,1,"IOTHUB_CLIENT_CONFIRMATION_OK"
352,10823186452,10823186487,1,"IOTHUB_CLIENT_CONFIRMATION_OK"
353,10823186786,10823186835,1,"IOTHUB_CLIENT_CONFIRMATION_OK"
354,10823187119,10823187162,1,"IOTHUB_CLIENT_CONFIRMATION_OK"
355,10823187452,10823187486,1,"IOTHUB_CLIENT_CONFIRMATION_OK"
356,10823187785,10823187818,1,"IOTHUB_CLIENT_CONFIRMATION_OK"
357,10823188118,10823188153,1,"IOTHUB_CLIENT_CONFIRMATION_OK"
358,10823188451,10823188519,1,"IOTHUB_CLIENT_CONFIRMATION_OK"
359,10823188785,10823188848,1,"IOTHUB_CLIENT_CONFIRMATION_OK"
360,10823189118,10823189166,1,"IOTHUB_CLIENT_CONFIRMATION_OK"
361,10823189451,10823189535,1,"IOTHUB_CLIENT_CONFIRMATION_OK"
362,10823189784,10823189816,1,"IOTHUB_CLIENT_CONFIRMATION_OK"
363,10823190117,10823190159,1,"IOTHUB_CLIENT_CONFIRMATION_OK"
364,10823190450,10823190478,1,"IOTHUB_CLIENT_CONFIRMATION_OK"
365,10823190784,10823190819,1,"IOTHUB_CLIENT_CONFIRMATION_OK"
366,10823191117,10823191148,1,"IOTHUB_CLIENT_CONFIRMATION_OK"
367,10823191450,10823191492,1,"IOTHUB_CLIENT_CONFIRMATION_OK"
368,10823191783,10823191822,1,"IOTHUB_CLIENT_CONFIRMATION_OK"
369,10823192116,10823192155,1,"IOTHUB_CLIENT_CONFIRMATION_OK"
370,10823192450,10823192511,1,"IOTHUB_CLIENT_CONFIRMATION_OK"
371,10823192783,10823192818,1,"IOTHUB_CLIENT_CONFIRMATION_OK"
372,10823193116,10823193154,1,"IOTHUB_CLIENT_CONFIRMATION_OK"
373,10823193449,10823193482,1,"IOTHUB_CLIENT_CONFIRMATION_OK"
374,10823193782,10823193816,1,"IOTHUB_CLIENT_CONFIRMATION_OK"
375,10823194115,10823194150,1,"IOTHUB_CLIENT_CONFIRMATION_OK"
376,10823194449,10823194481,1,"IOTHUB_CLIENT_CONFIRMATION_OK"
377,10823194782,10823194830,1,"IOTHUB_CLIENT_CONFIRMATION_OK"
378,10823195115,10823195152,1,"IOTHUB_CLIENT_CONFIRMATION_OK"
379,10823195448,10823195490,1,"IOTHUB_CLIENT_CONFIRMATION_OK"
380,10823195781,10823195920,1,"IOTHUB_CLIENT_CONFIRMATION_OK"
381,10823196114,10823196159,1,"IOTHUB_CLIENT_CONFIRMATION_OK"
382,10823196447,10823196483,1,"IOTHUB_CLIENT_CONFIRMATION_OK"
383,10823196781,10823196815,1,"IOTHUB_CLIENT_CONFIRMATION_OK"
384,10823197114,10823197165,1,"IOTHUB_CLIENT_CONFIRMATION_OK"
385,10823197447,10823197480,1,"IOTHUB_CLIENT_CONFIRMATION_OK"
386,10823197780,10823197814,1,"IOTHUB_CLIENT_CONFIRMATION_OK"
387,10823198113,10823198143,1,"IOTHUB_CLIENT_CONFIRMATION_OK"
388,10823198446,10823198474,1,"IOTHUB_CLIENT_CONFIRMATION_OK"
389,10823198780,10823198992,1,"IOTHUB_CLIENT_CONFIRMATION_OK"
390,10823199113,10823199150,1,"IOTHUB_CLIENT_CONFIRMATION_OK"
391,10823199446,10823199481,1,"IOTHUB_CLIENT_CONFIRMATION_OK"
392,10823199779,10823199839,1,"IOTHUB_CLIENT_CONFIRMATION_OK"
393,10823200112,10823200147,1,"IOTHUB_CLIENT_CONFIRMATION_OK"
394,10823200445,10823200490,1,"IOTHUB_CLIENT_CONFIRMATION_OK"
395,10823200779,10823200833,1,"IOTHUB_CLIENT_CONFIRMATION_OK"
396,10823201112,10823201156,1,"IOTHUB_CLIENT_CONFIRMATION_OK"
397,10823201445,10823201482,1,"IOTHUB_CLIENT_CONFIRMATION_OK"
398,10823201778,10823201813,1,"IOTHUB_CLIENT_CONFIRMATION_OK"
399,10823202111,10823202145,1,"IOTHUB_CLIENT_CONFIRMATION_OK"
400,10823202444,10823202476,1,"IOTHUB_CLIENT_CONFIRMATION_OK"
401,10823202778,10823202831,1,"IOTHUB_CLIENT_CONFIRMATION_OK"
402,10823203111,10823203143,1,"IOTHUB_CLIENT_CONFIRMATION_OK"
403,10823203444,10823203501,1,"IOTHUB_CLIENT_CONFIRMATION_OK"
404,10823203777,10823203900,1,"IOTHUB_CLIENT_CONFIRMATION_OK"
405,10823204110,10823204149,1,"IOTHUB_CLIENT_CONFIRMATION_OK"
406,10823204443,10823204503,1,"IOTHUB_CLIENT_CONFIRMATION_OK"
407,10823204777,10823204812,1,"IOTHUB_CLIENT_CONFIRMATION_OK"
408,10823205110,10823205159,1,"IOTHUB_CLIENT_CONFIRMATION_OK"
409,10823205443,10823205477,1,"IOTHUB_CLIENT_CONFIRMATION_OK"
410,10823205776,10823205813,1,"IOTHUB_CLIENT_CONFIRMATION_OK"
411,10823206109,10823206156,1,"IOTHUB_CLIENT_CONFIRMATION_OK"
412,10823206442,10823206485,1,"IOTHUB_CLIENT_CONFIRMATION_OK"
413,10823206776,10823206825,1,"IOTHUB_CLIENT_CONFIRMATION_OK"
414,10823207109,10823207138,1,"IOTHUB_CLIENT_CONFIRMATION_OK"
415,10823207442,10823207476,1,"IOTHUB_CLIENT_CONFIRMATION_OK"
416,10823207775,10823207880,1,"IOTHUB_CLIENT_CONFIRMATION_OK"
417,10823208108,10823208141,1,"IOTHUB_CLIENT_CONFIRMATION_OK"
418,10823208441,10823208479,1,"IOTHUB_CLIENT_CONFIRMATION_OK"
419,10823208775,10823208807,1,"IOTHUB_CLIENT_CONFIRMATION_OK"
420,10823209108,10823209236,1,"IOTHUB_CLIENT_CONFIRMATION_OK"
421,10823209441,10823209473,1,"IOTHUB_CLIENT_CONFIRMATION_OK"
422,10823209774,10823209807,1,"IOTHUB_CLIENT_CONFIRMATION_OK"
423,10823210107,10823210139,1,"IOTHUB_CLIENT_CONFIRMATION_OK"
424,10823210440,10823210488,1,"IOTHUB_CLIENT_CONFIRMATION_OK"
425,10823210774,10823210809,1,"IOTHUB_CLIENT_CONFIRMATION_OK"
426,10823211107,10823211139,1,"IOTHUB_CLIENT_CONFIRMATION_OK"
427,10823211440,10823211469,1,"IOTHUB_CLIENT_CONFIRMATION_OK"
428,10823211773,10823211810,1,"IOTHUB_CLIENT_CONFIRMATION_OK"
429,10823212106,10823212145,1,"IOTHUB_CLIENT_CONFIRMATION_OK"
430,10823212439,10823212476,1,"IOTHUB_CLIENT_CONFIRMATION_OK"
431,10823212773,10823212805,1,"IOTHUB_CLIENT_CONFIRMATION_OK"
432,10823213106,10823213150,1,"IOTHUB_CLIENT_CONFIRMATION_OK"
433,10823213439,10823213472,1,"IOTHUB_CLIENT_CONFIRMATION_OK"
434,10823213772,10823213849,1,"IOTHUB_CLIENT_CONFIRMATION_OK"
435,10823214105,10823214142,1,"IOTHUB_CLIENT_CONFIRMATION_OK"
436,10823214438,10823214474,1,"IOTHUB_CLIENT_CONFIRMATION_OK"
437,10823214771,10823214808,1,"IOTHUB_CLIENT_CONFIRMATION_OK"
438,10823215105,10823215145,1,"IOTHUB_CLIENT_CONFIRMATION_OK"
439,10823215438,10823215488,1,"IOTHUB_CLIENT_CONFIRMATION_OK"
440,10823215771,10823215851,1,"IOTHUB_CLIENT_CONFIRMATION_OK"
441,10823216104,10823216312,1,"IOTHUB_CLIENT_CONFIRMATION_OK"
442,10823216437,10823216570,1,"IOTHUB_CLIENT_CONFIRMATION_OK"
443,10823216770,10823216806,1,"IOTHUB_CLIENT_CONFIRMATION_OK"
444,10823217104,10823217133,1,"IOTHUB_CLIENT_CONFIRMATION_OK"
445,10823217437,10823217474,1,"IOTHUB_CLIENT_CONFIRMATION_OK"
446,10823217770,10823217809,1,"IOTHUB_CLIENT_CONFIRMATION_OK"
447,10823218103,10823218135,1,"IOTHUB_CLIENT_CONFIRMATION_OK"
448,10823218436,10823218471,1,"IOTHUB_CLIENT_CONFIRMATION_OK"
449,10823218769,10823218925,1,"IOTHUB_CLIENT_CONFIRMATION_OK"
450,10823219103,10823219148,1,"IOTHUB_CLIENT_CONFIRMATION_OK"
451,10823219436,10823219472,1,"IOTHUB_CLIENT_CONFIRMATION_OK"
452,10823219769,10823219804,1,"IOTHUB_CLIENT_CONFIRMATION_OK"
453,10823220102,10823220143,1,"IOTHUB_CLIENT_CONFIRMATION_OK"
454,10823220435,10823220485,1,"IOTHUB_CLIENT_CONFIRMATION_OK"
455,10823220768,10823220805,1,"IOTHUB_CLIENT_CONFIRMATION_OK"
456,10823221102,10823221131,1,"IOTHUB_CLIENT_CONFIRMATION_OK"
457,10823221435,10823221472,1,"IOTHUB_CLIENT_CONFIRMATION_OK"
458,10823221768,10823221805,1,"IOTHUB_CLIENT_CONFIRMATION_OK"
459,10823222101,10823222145,1,"IOTHUB_CLIENT_CONFIRMATION_OK"
460,10823222434,10823222466,1,"IOTHUB_CLIENT_CONFIRMATION_OK"
461,10823222767,10823222910,1,"IOTHUB_CLIENT_CONFIRMATION_OK"
462,10823223101,10823223139,1,"IOTHUB_CLIENT_CONFIRMATION_OK"
463,10823223434,10823223467,1,"IOTHUB_CLIENT_CONFIRMATION_OK"
464,10823223767,10823223802,1,"IOTHUB_CLIENT_CONFIRMATION_OK"
465,10823224100,10823224158,1,"IOTHUB_CLIENT_CONFIRMATION_OK"
466,10823224433,10823224477,1,"IOTHUB_CLIENT_CONFIRMATION_OK"
467,10823224766,10823224830,1,"IOTHUB_CLIENT_CONFIRMATION_OK"
468,10823225100,10823225144,1,"IOTHUB_CLIENT_CONFIRMATION_OK"
469,10823225433,10823225467,1,"IOTHUB_CLIENT_CONFIRMATION_OK"
470,10823225766,10823225836,1,"IOTHUB_CLIENT_CONFIRMATION_OK"
471,10823226099,10823226132,1,"IOTHUB_CLIENT_CONFIRMATION_OK"
472,10823226432,10823226480,1,"IOTHUB_CLIENT_CONFIRMATION_OK"
473,10823226765,10823226799,1,"IOTHUB_CLIENT_CONFIRMATION_OK"
474,10823227099,10823227133,1,"IOTHUB_CLIENT_CONFIRMATION_OK"
475,10823227432,10823227468,1,"IOTHUB_CLIENT_CONFIRMATION_OK"
476,10823227765,10823227799,1,"IOTHUB_CLIENT_CONFIRMATION_OK"
477,10823228098,10823228215,1,"IOTHUB_CLIENT_CONFIRMATION_OK"
478,10823228431,10823228460,1,"IOTHUB_CLIENT_CONFIRMATION_OK"
479,10823228764,10823228814,1,"IOTHUB_CLIENT_CONFIRMATION_OK"
480,10823229098,10823229130,1,"IOTHUB_CLIENT_CONFIRMATION_OK"
481,10823229431,10823229475,1,"IOTHUB_CLIENT_CONFIRMATION_OK"
482,10823229764,10823229805,1,"IOTHUB_CLIENT_CONFIRMATION_OK"
483,10823230097,10823230153,1,"IOTHUB_CLIENT_CONFIRMATION_OK"
484,10823230430,10823230462,1,"IOTHUB_CLIENT_CONFIRMATION_OK"
485,10823230763,10823230795,1,"IOTHUB_CLIENT_CONFIRMATION_OK"
486,10823231097,10823231157,1,"IOTHUB_CLIENT_CONFIRMATION_OK"
487,10823231430,10823231472,1,"IOTHUB_CLIENT_CONFIRMATION_OK"
488,10823231763,10823231793,1,"IOTHUB_CLIENT_CONFIRMATION_OK"
489,10823232096,10823232133,1,"IOTHUB_CLIENT_CONFIRMATION_OK"
490,10823232429,10823232527,1,"IOTHUB_CLIENT_CONFIRMATION_OK"
491,10823232762,10823232794,1,"IOTHUB_CLIENT_CONFIRMATION_OK"
492,10823233095,10823233152,1,"IOTHUB_CLIENT_CONFIRMATION_OK"
493,10823233429,10823233518,1,"IOTHUB_CLIENT_CONFIRMATION_OK"
494,10823233762,10823233799,1,"IOTHUB_CLIENT_CONFIRMATION_OK"
495,10823234095,10823234151,1,"IOTHUB_CLIENT_CONFIRMATION_OK"
496,10823234428,10823234468,1,"IOTHUB_CLIENT_CONFIRMATION_OK"
497,10823234761,10823234793,1,"IOTHUB_CLIENT_CONFIRMATION_OK"
498,10823235095,10823235129,1,"IOTHUB_CLIENT_CONFIRMATION_OK"
499,10823235428,10823235457,1,"IOTHUB_CLIENT_CONFIRMATION_OK"
500,10823235761,10823235794,1,"IOTHUB_CLIENT_CONFIRMATION_OK"
501,10823236094,10823236133,1,"IOTHUB_CLIENT_CONFIRMATION_OK"
502,10823236427,10823236461,1,"IOTHUB_CLIENT_CONFIRMATION_OK"
503,10823236760,10823236806,1,"IOTHUB_CLIENT_CONFIRMATION_OK"
504,10823237093,10823237126,1,"IOTHUB_CLIENT_CONFIRMATION_OK"
505,10823237427,10823237460,1,"IOTHUB_CLIENT_CONFIRMATION_OK"
506,10823237760,10823237795,1,"IOTHUB_CLIENT_CONFIRMATION_OK"
507,10823238093,10823238144,1,"IOTHUB_CLIENT_CONFIRMATION_OK"
508,10823238426,10823238462,1,"IOTHUB_CLIENT_CONFIRMATION_OK"
509,10823238759,10823238788,1,"IOTHUB_CLIENT_CONFIRMATION_OK"
510,10823239092,10823239121,1,"IOTHUB_CLIENT_CONFIRMATION_OK"
511,10823239426,10823239460,1,"IOTHUB_CLIENT_CONFIRMATION_OK"
512,10823239759,10823239788,1,"IOTHUB_CLIENT_CONFIRMATION_OK"
513,10823240092,10823240126,1,"IOTHUB_CLIENT_CONFIRMATION_OK"
514,10823240425,10823240458,1,"IOTHUB_CLIENT_CONFIRMATION_OK"
515,10823240758,10823240797,1,"IOTHUB_CLIENT_CONFIRMATION_OK"
516,10823241091,10823241125,1,"IOTHUB_CLIENT_CONFIRMATION_OK"
517,10823241425,10823241464,1,"IOTHUB_CLIENT_CONFIRMATION_OK"
518,10823241758,10823241916,1,"IOTHUB_CLIENT_CONFIRMATION_OK"
519,10823242091,10823242129,1,"IOTHUB_CLIENT_CONFIRMATION_OK"
520,10823242424,10823242553,1,"IOTHUB_CLIENT_CONFIRMATION_OK"
521,10823242757,10823242830,1,"IOTHUB_CLIENT_CONFIRMATION_OK"
522,10823243090,10823243156,1,"IOTHUB_CLIENT_CONFIRMATION_OK"
523,10823243424,10823243456,1,"IOTHUB_CLIENT_CONFIRMATION_OK"
524,10823243757,10823243795,1,"IOTHUB_CLIENT_CONFIRMATION_OK"
525,10823244090,10823244128,1,"IOTHUB_CLIENT_CONFIRMATION_OK"
526,10823244423,10823244452,1,"IOTHUB_CLIENT_CONFIRMATION_OK"
527,10823244756,10823244794,1,"IOTHUB_CLIENT_CONFIRMATION_OK"
528,10823245089,10823245127,1,"IOTHUB_CLIENT_CONFIRMATION_OK"
529,10823245423,10823245478,1,"IOTHUB_CLIENT_CONFIRMATION_OK"
530,10823245756,10823245785,1,"IOTHUB_CLIENT_CONFIRMATION_OK"
531,10823246089,10823246130,1,"IOTHUB_CLIENT_CONFIRMATION_OK"
532,10823246422,10823246458,1,"IOTHUB_CLIENT_CONFIRMATION_OK"
533,10823246755,10823246791,1,"IOTHUB_CLIENT_CONFIRMATION_OK"
534,10823247088,10823247130,1,"IOTHUB_CLIENT_CONFIRMATION_OK"
535,10823247422,10823247453,1,"IOTHUB_CLIENT_CONFIRMATION_OK"
536,10823247755,10823247789,1,"IOTHUB_CLIENT_CONFIRMATION_OK"
537,10823248088,10823248171,1,"IOTHUB_CLIENT_CONFIRMATION_OK"
538,10823248421,10823248520,1,"IOTHUB_CLIENT_CONFIRMATION_OK"
539,10823248754,10823248900,1,"IOTHUB_CLIENT_CONFIRMATION_OK"
540,10823249087,10823249151,1,"IOTHUB_CLIENT_CONFIRMATION_OK"
541,10823249421,10823249452,1,"IOTHUB_CLIENT_CONFIRMATION_OK"
542,10823249754,10823249825,1,"IOTHUB_CLIENT_CONFIRMATION_OK"
543,10823250087,10823250115,1,"IOTHUB_CLIENT_CONFIRMATION_OK"
544,10823250420,10823250461,1,"IOTHUB_CLIENT_CONFIRMATION_OK"
545,10823250753,10823250786,1,"IOTHUB_CLIENT_CONFIRMATION_OK"
546,10823251086,10823251121,1,"IOTHUB_CLIENT_CONFIRMATION_OK"
547,10823251420,10823251456,1,"IOTHUB_CLIENT_CONFIRMATION_OK"
548,10823251753,10823251946,1,"IOTHUB_CLIENT_CONFIRMATION_OK"
549,10823252086,10823252122,1,"IOTHUB_CLIENT_CONFIRMATION_OK"
550,10823252419,10823252581,1,"IOTHUB_CLIENT_CONFIRMATION_OK"
551,10823252752,10823252786,1,"IOTHUB_CLIENT_CONFIRMATION_OK"
552,10823253085,10823253171,1,"IOTHUB_CLIENT_CONFIRMATION_OK"
553,10823253419,10823253453,1,"IOTHUB_CLIENT_CONFIRMATION_OK"
554,10823253752,10823253835,1,"IOTHUB_CLIENT_CONFIRMATION_OK"
555,10823254085,10823254182,1,"IOTHUB_CLIENT_CONFIRMATION_OK"
556,10823254418,10823254453,1,"IOTHUB_CLIENT_CONFIRMATION_OK"
557,10823254751,10823254783,1,"IOTHUB_CLIENT_CONFIRMATION_OK"
558,10823255084,10823255127,1,"IOTHUB_CLIENT_CONFIRMATION_OK"
559,10823255418,10823255465,1,"IOTHUB_CLIENT_CONFIRMATION_OK"
560,10823255751,10823255785,1,"IOTHUB_CLIENT_CONFIRMATION_OK"
561,10823256084,10823256117,1,"IOTHUB_CLIENT_CONFIRMATION_OK"
562,10823256417,10823256451,1,"IOTHUB_CLIENT_CONFIRMATION_OK"
563,10823256750,10823256875,1,"IOTHUB_CLIENT_CONFIRMATION_OK"
564,10823257083,10823257134,1,"IOTHUB_CLIENT_CONFIRMATION_OK"
565,10823257417,10823257513,1,"IOTHUB_CLIENT_CONFIRMATION_OK"
566,10823257750,10823257795,1,"IOTHUB_CLIENT_CONFIRMATION_OK"
567,10823258083,10823258115,1,"IOTHUB_CLIENT_CONFIRMATION_OK"
568,10823258416,10823258468,1,"IOTHUB_CLIENT_CONFIRMATION_OK"
569,10823258749,10823258791,1,"IOTHUB_CLIENT_CONFIRMATION_OK"
570,10823259082,10823259141,1,"IOTHUB_CLIENT_CONFIRMATION_OK"
571,10823259415,10823259479,1,"IOTHUB_CLIENT_CONFIRMATION_OK"
572,10823259749,10823259781,1,"IOTHUB_CLIENT_CONFIRMATION_OK"
573,10823260082,10823260146,1,"IOTHUB_CLIENT_CONFIRMATION_OK"
574,10823260415,10823260619,1,"IOTHUB_CLIENT_CONFIRMATION_OK"
575,10823260748,10823260780,1,"IOTHUB_CLIENT_CONFIRMATION_OK"
576,10823261081,10823261131,1,"IOTHUB_CLIENT_CONFIRMATION_OK"
577,10823261414,10823261475,1,"IOTHUB_CLIENT_CONFIRMATION_OK"
578,10823261748,10823261845,1,"IOTHUB_CLIENT_CONFIRMATION_OK"
579,10823262081,10823262109,1,"IOTHUB_CLIENT_CONFIRMATION_OK"
580,10823262414,10823262466,1,"IOTHUB_CLIENT_CONFIRMATION_OK"
581,10823262747,10823262786,1,"IOTHUB_CLIENT_CONFIRMATION_OK"
582,10823263080,10823263114,1,"IOTHUB_CLIENT_CONFIRMATION_OK"
583,10823263413,10823263443,1,"IOTHUB_CLIENT_CONFIRMATION_OK"
584,10823263747,10823263779,1,"IOTHUB_CLIENT_CONFIRMATION_OK"
585,10823264080,10823264133,1,"IOTHUB_CLIENT_CONFIRMATION_OK"
586,10823264413,10823264450,1,"IOTHUB_CLIENT_CONFIRMATION_OK"
587,10823264746,10823264792,1,"IOTHUB_CLIENT_CONFIRMATION_OK"
588,10823265079,10823265112,1,"IOTHUB_CLIENT_CONFIRMATION_OK"
589,10823265412,10823265486,1,"IOTHUB_CLIENT_CONFIRMATION_OK"
590,10823265746,10823265778,1,"IOTHUB_CLIENT_CONFIRMATION_OK"
591,10823266079,10823266108,1,"IOTHUB_CLIENT_CONFIRMATION_OK"
592,10823266412,10823266444,1,"IOTHUB_CLIENT_CONFIRMATION_OK"
593,10823266745,10823266911,1,"IOTHUB_CLIENT_CONFIRMATION_OK"
594,10823267078,10823267109,1,"IOTHUB_CLIENT_CONFIRMATION_OK"
595,10823267411,10823267545,1,"IOTHUB_CLIENT_CONFIRMATION_OK"
596,10823267745,10823267800,1,"IOTHUB_CLIENT_CONFIRMATION_OK"
597,10823268078,10823268160,1,"IOTHUB_CLIENT_CONFIRMATION_OK"
598,10823268411,10823268441,1,"IOTHUB_CLIENT_CONFIRMATION_OK"
599,10823268744,10823268783,1,"IOTHUB_CLIENT_CONFIRMATION_OK"
600,10823269077,10823269112,1,"IOTHUB_CLIENT_CONFIRMATION_OK"
601,10823269410,10823269446,1,"IOTHUB_CLIENT_CONFIRMATION_OK"
602,10823269743,10823269775,1,"IOTHUB_CLIENT_CONFIRMATION_OK"
603,10823270077,10823270108,1,"IOTHUB_CLIENT_CONFIRMATION_OK"
604,10823270410,10823270442,1,"IOTHUB_CLIENT_CONFIRMATION_OK"
605,10823270743,10823270775,1,"IOTHUB_CLIENT_CONFIRMATION_OK"
606,10823271076,10823271111,1,"IOTHUB_CLIENT_CONFIRMATION_OK"
607,10823271409,10823271462,1,"IOTHUB_CLIENT_CONFIRMATION_OK"
608,10823271742,10823271911,1,"IOTHUB_CLIENT_CONFIRMATION_OK"
609,10823272076,10823272112,1,"IOTHUB_CLIENT_CONFIRMATION_OK"
610,10823272409,10823272534,1,"IOTHUB_CLIENT_CONFIRMATION_OK"
611,10823272742,10823272774,1,"IOTHUB_CLIENT_CONFIRMATION_OK"
612,10823273075,10823273196,1,"IOTHUB_CLIENT_CONFIRMATION_OK"
613,10823273408,10823273445,1,"IOTHUB_CLIENT_CONFIRMATION_OK"
614,10823273741,10823273789,1,"IOTHUB_CLIENT_CONFIRMATION_OK"
615,10823274074,10823274108,1,"IOTHUB_CLIENT_CONFIRMATION_OK"
616,10823274408,10823274436,1,"IOTHUB_CLIENT_CONFIRMATION_OK"
617,10823274741,10823274774,1,"IOTHUB_CLIENT_CONFIRMATION_OK"
618,10823275074,10823275107,1,"IOTHUB_CLIENT_CONFIRMATION_OK"
619,10823275407,10823275435,1,"IOTHUB_CLIENT_CONFIRMATION_OK"
620,10823275740,10823275804,1,"IOTHUB_CLIENT_CONFIRMATION_OK"
621,10823276073,10823276112,1,"IOTHUB_CLIENT_CONFIRMATION_OK"
622,10823276407,10823276438,1,"IOTHUB_CLIENT_CONFIRMATION_OK"
623,10823276740,10823276801,1,"IOTHUB_CLIENT_CONFIRMATION_OK"
624,10823277073,10823277110,1,"IOTHUB_CLIENT_CONFIRMATION_OK"
625,10823277406,10823277438,1,"IOTHUB_CLIENT_CONFIRMATION_OK"
626,10823277739,10823277774,1,"IOTHUB_CLIENT_CONFIRMATION_OK"
627,10823278072,10823278121,1,"IOTHUB_CLIENT_CONFIRMATION_OK"
628,10823278406,10823278547,1,"IOTHUB_CLIENT_CONFIRMATION_OK"
629,10823278739,10823278770,1,"IOTHUB_CLIENT_CONFIRMATION_OK"
630,10823279072,10823279112,1,"IOTHUB_CLIENT_CONFIRMATION_OK"
631,10823279405,10823279437,1,"IOTHUB_CLIENT_CONFIRMATION_OK"
632,10823279738,10823279769,1,"IOTHUB_CLIENT_CONFIRMATION_OK"
633,10823280071,10823280107,1,"IOTHUB_CLIENT_CONFIRMATION_OK"
634,10823280404,10823280452,1,"IOTHUB_CLIENT_CONFIRMATION_OK"
635,10823280738,10823280770,1,"IOTHUB_CLIENT_CONFIRMATION_OK"
636,10823281071,10823281102,1,"IOTHUB_CLIENT_CONFIRMATION_OK"
637,10823281404,10823281435,1,"IOTHUB_CLIENT_CONFIRMATION_OK"
638,10823281737,10823281774,1,"IOTHUB_CLIENT_CONFIRMATION_OK"
639,10823282070,10823282114,1,"IOTHUB_CLIENT_CONFIRMATION_OK"
640,10823282403,10823282465,1,"IOTHUB_CLIENT_CONFIRMATION_OK"
641,10823282737,10823282774,1,"IOTHUB_CLIENT_CONFIRMATION_OK"
642,10823283070,10823283104,1,"IOTHUB_CLIENT_CONFIRMATION_OK"
643,10823283403,10823283453,1,"IOTHUB_CLIENT_CONFIRMATION_OK"
644,10823283736,10823283769,1,"IOTHUB_CLIENT_CONFIRMATION_OK"
645,10823284069,10823284101,1,"IOTHUB_CLIENT_CONFIRMATION_OK"
646,10823284402,10823284441,1,"IOTHUB_CLIENT_CONFIRMATION_OK"
647,10823284735,10823284874,1,"IOTHUB_CLIENT_CONFIRMATION_OK"
648,10823285069,10823285141,1,"IOTHUB_CLIENT_CONFIRMATION_OK"
649,10823285402,10823285442,1,"IOTHUB_CLIENT_CONFIRMATION_OK"
650,10823285735,10823285772,1,"IOTHUB_CLIENT_CONFIRMATION_OK"
651,10823286068,10823286124,1,"IOTHUB_CLIENT_CONFIRMATION_OK"
652,10823286401,10823286435,1,"IOTHUB_CLIENT_CONFIRMATION_OK"
653,10823286734,10823286766,1,"IOTHUB_CLIENT_CONFIRMATION_OK"
654,10823287068,10823287097,1,"IOTHUB_CLIENT_CONFIRMATION_OK"
655,10823287401,10823287431,1,"IOTHUB_CLIENT_CONFIRMATION_OK"
656,10823287734,10823287775,1,"IOTHUB_CLIENT_CONFIRMATION_OK"
657,10823288067,10823288103,1,"IOTHUB_CLIENT_CONFIRMATION_OK"
658,10823288400,10823288432,1,"IOTHUB_CLIENT_CONFIRMATION_OK"
659,10823288733,10823288768,1,"IOTHUB_CLIENT_CONFIRMATION_OK"
660,10823289067,10823289113,1,"IOTHUB_CLIENT_CONFIRMATION_OK"
661,10823289400,10823289435,1,"IOTHUB_CLIENT_CONFIRMATION_OK"
662,10823289733,10823289765,1,"IOTHUB_CLIENT_CONFIRMATION_OK"
663,10823290066,10823290107,1,"IOTHUB_CLIENT_CONFIRMATION_OK"
664,10823290399,10823290431,1,"IOTHUB_CLIENT_CONFIRMATION_OK"
665,10823290732,10823290763,1,"IOTHUB_CLIENT_CONFIRMATION_OK"
666,10823291066,10823291102,1,"IOTHUB_CLIENT_CONFIRMATION_OK"
667,10823291399,10823291434,1,"IOTHUB_CLIENT_CONFIRMATION_OK"
668,10823291732,10823291849,1,"IOTHUB_CLIENT_CONFIRMATION_OK"
669,10823292065,10823292108,1,"IOTHUB_CLIENT_CONFIRMATION_OK"
670,10823292398,10823292474,1,"IOTHUB_CLIENT_CONFIRMATION_OK"
671,10823292731,10823292768,1,"IOTHUB_CLIENT_CONFIRMATION_OK"
672,10823293064,10823293127,1,"IOTHUB_CLIENT_CONFIRMATION_OK"
673,10823293398,10823293433,1,"IOTHUB_CLIENT_CONFIRMATION_OK"
674,10823293731,10823293769,1,"IOTHUB_CLIENT_CONFIRMATION_OK"
675,10823294064,10823294098,1,"IOTHUB_CLIENT_CONFIRMATION_OK"
676,10823294397,10823294436,1,"IOTHUB_CLIENT_CONFIRMATION_OK"
677,10823294730,10823294762,1,"IOTHUB_CLIENT_CONFIRMATION_OK"
678,10823295063,10823295099,1,"IOTHUB_CLIENT_CONFIRMATION_OK"
679,10823295397,10823295430,1,"IOTHUB_CLIENT_CONFIRMATION_OK"
680,10823295730,10823295762,1,"IOTHUB_CLIENT_CONFIRMATION_OK"
681,10823296063,10823296100,1,"IOTHUB_CLIENT_CONFIRMATION_OK"
682,10823296396,10823296450,1,"IOTHUB_CLIENT_CONFIRMATION_OK"
683,10823296729,10823296762,1,"IOTHUB_CLIENT_CONFIRMATION_OK"
684,10823297062,10823297112,1,"IOTHUB_CLIENT_CONFIRMATION_OK"
685,10823297396,10823297434,1,"IOTHUB_CLIENT_CONFIRMATION_OK"
686,10823297729,10823297759,1,"IOTHUB_CLIENT_CONFIRMATION_OK"
687,10823298062,10823298097,1,"IOTHUB_CLIENT_CONFIRMATION_OK"
688,10823298395,10823298443,1,"IOTHUB_CLIENT_CONFIRMATION_OK"
689,10823298728,10823298762,1,"IOTHUB_CLIENT_CONFIRMATION_OK"
690,10823299061,10823299101,1,"IOTHUB_CLIENT_CONFIRMATION_OK"
691,10823299394,10823299433,1,"IOTHUB_CLIENT_CONFIRMATION_OK"
692,10823299728,10823299763,1,"IOTHUB_CLIENT_CONFIRMATION_OK"
693,10823300061,10823300094,1,"IOTHUB_CLIENT_CONFIRMATION_OK"
694,10823300394,10823300425,1,"IOTHUB_CLIENT_CONFIRMATION_OK"
695,10823300727,10823300762,1,"IOTHUB_CLIENT_CONFIRMATION_OK"
696,10823301060,10823301185,1,"IOTHUB_CLIENT_CONFIRMATION_OK"
697,10823301393,10823301427,1,"IOTHUB_CLIENT_CONFIRMATION_OK"
698,10823301727,10823301814,1,"IOTHUB_CLIENT_CONFIRMATION_OK"
699,10823302060,10823302091,1,"IOTHUB_CLIENT_CONFIRMATION_OK"
700,10823302393,10823302473,1,"IOTHUB_CLIENT_CONFIRMATION_OK"
701,10823302726,10823302762,1,"IOTHUB_CLIENT_CONFIRMATION_OK"
702,10823303059,10823303093,1,"IOTHUB_CLIENT_CONFIRMATION_OK"
703,10823303392,10823303424,1,"IOTHUB_CLIENT_CONFIRMATION_OK"
704,10823303726,10823303779,1,"IOTHUB_CLIENT_CONFIRMATION_OK"
705,10823304059,10823304090,1,"IOTHUB_CLIENT_CONFIRMATION_OK"
706,10823304392,10823304423,1,"IOTHUB_CLIENT_CONFIRMATION_OK"
707,10823304725,10823304767,1,"IOTHUB_CLIENT_CONFIRMATION_OK"
708,10823305058,10823305088,1,"IOTHUB_CLIENT_CONFIRMATION_OK"
709,10823305391,10823305426,1,"IOTHUB_CLIENT_CONFIRMATION_OK"
710,10823305725,10823305755,1,"IOTHUB_CLIENT_CONFIRMATION_OK"
711,10823306058,10823306158,1,"IOTHUB_CLIENT_CONFIRMATION_OK"
712,10823306391,10823306425,1,"IOTHUB_CLIENT_CONFIRMATION_OK"
713,10823306724,10823306758,1,"IOTHUB_CLIENT_CONFIRMATION_OK"
714,10823307057,10823307201,1,"IOTHUB_CLIENT_CONFIRMATION_OK"
715,10823307390,10823307423,1,"IOTHUB_CLIENT_CONFIRMATION_OK"
716,10823307724,10823307756,1,"IOTHUB_CLIENT_CONFIRMATION_OK"
717,10823308057,10823308094,1,"IOTHUB_CLIENT_CONFIRMATION_OK"
718,10823308390,10823308422,1,"IOTHUB_CLIENT_CONFIRMATION_OK"
719,10823308723,10823308757,1,"IOTHUB_CLIENT_CONFIRMATION_OK"
720,10823309056,10823309089,1,"IOTHUB_CLIENT_CONFIRMATION_OK"
721,10823309389,10823309441,1,"IOTHUB_CLIENT_CONFIRMATION_OK"
722,10823309722,10823309753,1,"IOTHUB_CLIENT_CONFIRMATION_OK"
723,10823310056,10823310094,1,"IOTHUB_CLIENT_CONFIRMATION_OK"
724,10823310389,10823310539,1,"IOTHUB_CLIENT_CONFIRMATION_OK"
725,10823310722,10823310753,1,"IOTHUB_CLIENT_CONFIRMATION_OK"
726,10823311055,10823311220,1,"IOTHUB_CLIENT_CONFIRMATION_OK"
727,10823311388,10823311432,1,"IOTHUB_CLIENT_CONFIRMATION_OK"
728,10823311721,10823311840,1,"IOTHUB_CLIENT_CONFIRMATION_OK"
729,10823312055,10823312094,1,"IOTHUB_CLIENT_CONFIRMATION_OK"
730,10823312388,10823312441,1,"IOTHUB_CLIENT_CONFIRMATION_OK"
731,10823312721,10823312754,1,"IOTHUB_CLIENT_CONFIRMATION_OK"
732,10823313054,10823313101,1,"IOTHUB_CLIENT_CONFIRMATION_OK"
733,10823313387,10823313459,1,"IOTHUB_CLIENT_CONFIRMATION_OK"
734,10823313720,10823313755,1,"IOTHUB_CLIENT_CONFIRMATION_OK"
735,10823314054,10823314084,1,"IOTHUB_CLIENT_CONFIRMATION_OK"
736,10823314387,10823314417,1,"IOTHUB_CLIENT_CONFIRMATION_OK"
737,10823314720,10823314751,1,"IOTHUB_CLIENT_CONFIRMATION_OK"
738,10823315053,10823315083,1,"IOTHUB_CLIENT_CONFIRMATION_OK"
739,10823315386,10823315420,1,"IOTHUB_CLIENT_CONFIRMATION_OK"
740,10823315719,10823315757,1,"IOTHUB_CLIENT_CONFIRMATION_OK"
741,10823316053,10823316137,1,"IOTHUB_CLIENT_CONFIRMATION_OK"
742,10823316386,10823316421,1,"IOTHUB_CLIENT_CONFIRMATION_OK"
743,10823316719,10823316837,1,"IOTHUB_CLIENT_CONFIRMATION_OK"
744,10823317052,10823317087,1,"IOTHUB_CLIENT_CONFIRMATION_OK"
745,10823317385,10823317423,1,"IOTHUB_CLIENT_CONFIRMATION_OK"
746,10823317718,10823317806,1,"IOTHUB_CLIENT_CONFIRMATION_OK"
747,10823318052,10823318082,1,"IOTHUB_CLIENT_CONFIRMATION_OK"
748,10823318385,10823318437,1,"IOTHUB_CLIENT_CONFIRMATION_OK"
749,10823318718,10823318753,1,"IOTHUB_CLIENT_CONFIRMATION_OK"
750,10823319051,10823319087,1,"IOTHUB_CLIENT_CONFIRMATION_OK"
751,10823319384,10823319417,1,"IOTHUB_CLIENT_CONFIRMATION_OK"
752,10823319717,10823319752,1,"IOTHUB_CLIENT_CONFIRMATION_OK"
753,10823320051,10823320083,1,"IOTHUB_CLIENT_CONFIRMATION_OK"
754,10823320384,10823320486,1,"IOTHUB_CLIENT_CONFIRMATION_OK"
755,10823320717,10823320785,1,"IOTHUB_CLIENT_CONFIRMATION_OK"
756,10823321050,10823321428,1,"IOTHUB_CLIENT_CONFIRMATION_OK"
757,10823321383,10823321441,1,"IOTHUB_CLIENT_CONFIRMATION_OK"
758,10823321716,10823321986,1,"IOTHUB_CLIENT_CONFIRMATION_OK"
759,10823322050,10823322081,1,"IOTHUB_CLIENT_CONFIRMATION_OK"
760,10823322383,10823322420,1,"IOTHUB_CLIENT_CONFIRMATION_OK"
761,10823322716,10823322752,1,"IOTHUB_CLIENT_CONFIRMATION_OK"
762,10823323049,10823323087,1,"IOTHUB_CLIENT_CONFIRMATION_OK"
763,10823323382,10823323413,1,"IOTHUB_CLIENT_CONFIRMATION_OK"
764,10823323715,10823323764,1,"IOTHUB_CLIENT_CONFIRMATION_OK"
765,10823324049,10823324084,1,"IOTHUB_CLIENT_CONFIRMATION_OK"
766,10823324382,10823324418,1,"IOTHUB_CLIENT_CONFIRMATION_OK"
767,10823324715,10823324749,1,"IOTHUB_CLIENT_CONFIRMATION_OK"
768,10823325048,10823325088,1,"IOTHUB_CLIENT_CONFIRMATION_OK"
769,10823325381,10823325480,1,"IOTHUB_CLIENT_CONFIRMATION_OK"
770,10823325714,10823325753,1,"IOTHUB_CLIENT_CONFIRMATION_OK"
771,10823326048,10823326087,1,"IOTHUB_CLIENT_CONFIRMATION_OK"
772,10823326381,10823326413,1,"IOTHUB_CLIENT_CONFIRMATION_OK"
773,10823326714,10823326753,1,"IOTHUB_CLIENT_CONFIRMATION_OK"
774,10823327047,10823327088,1,"IOTHUB_CLIENT_CONFIRMATION_OK"
775,10823327380,10823327418,1,"IOTHUB_CLIENT_CONFIRMATION_OK"
776,10823327713,10823327750,1,"IOTHUB_CLIENT_CONFIRMATION_OK"
777,10823328047,10823328077,1,"IOTHUB_CLIENT_CONFIRMATION_OK"
778,10823328380,10823328408,1,"IOTHUB_CLIENT_CONFIRMATION_OK"
779,10823328713,10823328763,1,"IOTHUB_CLIENT_CONFIRMATION_OK"
780,10823329046,10823329077,1,"IOTHUB_CLIENT_CONFIRMATION_OK"
781,10823329379,10823329409,1,"IOTHUB_CLIENT_CONFIRMATION_OK"
782,10823329712,10823329787,1,"IOTHUB_CLIENT_CONFIRMATION_OK"
783,10823330045,10823330165,1,"IOTHUB_CLIENT_CONFIRMATION_OK"
784,10823330379,10823330410,1,"IOTHUB_CLIENT_CONFIRMATION_OK"
785,10823330712,10823330745,1,"IOTHUB_CLIENT_CONFIRMATION_OK"
786,10823331045,10823331075,1,"IOTHUB_CLIENT_CONFIRMATION_OK"
787,10823331378,10823331413,1,"IOTHUB_CLIENT_CONFIRMATION_OK"
788,10823331711,10823331744,1,"IOTHUB_CLIENT_CONFIRMATION_OK"
789,10823332044,10823332076,1,"IOTHUB_CLIENT_CONFIRMATION_OK"
790,10823332378,10823332411,1,"IOTHUB_CLIENT_CONFIRMATION_OK"
791,10823332711,10823332764,1,"IOTHUB_CLIENT_CONFIRMATION_OK"
792,10823333044,10823333077,1,"IOTHUB_CLIENT_CONFIRMATION_OK"
793,10823333377,10823333450,1,"IOTHUB_CLIENT_CONFIRMATION_OK"
794,10823333710,10823333742,1,"IOTHUB_CLIENT_CONFIRMATION_OK"
795,10823334043,10823334087,1,"IOTHUB_CLIENT_CONFIRMATION_OK"
796,10823334377,10823334407,1,"IOTHUB_CLIENT_CONFIRMATION_OK"
797,10823334710,10823334849,1,"IOTHUB_CLIENT_CONFIRMATION_OK"
798,10823335043,10823335116,1,"IOTHUB_CLIENT_CONFIRMATION_OK"
799,10823335376,10823335451,1,"IOTHUB_CLIENT_CONFIRMATION_OK"
800,10823335709,10823335745,1,"IOTHUB_CLIENT_CONFIRMATION_OK"
801,10823336042,10823336077,1,"IOTHUB_CLIENT_CONFIRMATION_OK"
802,10823336375,10823336411,1,"IOTHUB_CLIENT_CONFIRMATION_OK"
803,10823336709,10823336741,1,"IOTHUB_CLIENT_CONFIRMATION_OK"
804,10823337042,10823337077,1,"IOTHUB_CLIENT_CONFIRMATION_OK"
805,10823337375,10823337411,1,"IOTHUB_CLIENT_CONFIRMATION_OK"
806,10823337708,10823337822,1,"IOTHUB_CLIENT_CONFIRMATION_OK"
807,10823338041,10823338073,1,"IOTHUB_CLIENT_CONFIRMATION_OK"
808,10823338374,10823338404,1,"IOTHUB_CLIENT_CONFIRMATION_OK"
809,10823338708,10823338747,1,"IOTHUB_CLIENT_CONFIRMATION_OK"
810,10823339041,10823339073,1,"IOTHUB_CLIENT_CONFIRMATION_OK"
811,10823339374,10823339405,1,"IOTHUB_CLIENT_CONFIRMATION_OK"
812,10823339707,10823339739,1,"IOTHUB_CLIENT_CONFIRMATION_OK"
813,10823340040,10823340073,1,"IOTHUB_CLIENT_CONFIRMATION_OK"
814,10823340373,10823340414,1,"IOTHUB_CLIENT_CONFIRMATION_OK"
815,10823340707,10823340739,1,"IOTHUB_CLIENT_CONFIRMATION_OK"
816,10823341040,10823341091,1,"IOTHUB_CLIENT_CONFIRMATION_OK"
817,10823341373,10823341405,1,"IOTHUB_CLIENT_CONFIRMATION_OK"
818,10823341706,10823341739,1,"IOTHUB_CLIENT_CONFIRMATION_OK"
819,10823342039,10823342075,1,"IOTHUB_CLIENT_CONFIRMATION_OK"
820,10823342372,10823342410,1,"IOTHUB_CLIENT_CONFIRMATION_OK"
821,10823342705,10823342745,1,"IOTHUB_CLIENT_CONFIRMATION_OK"
822,10823343039,10823343071,1,"IOTHUB_CLIENT_CONFIRMATION_OK"
823,10823343372,10823343413,1,"IOTHUB_CLIENT_CONFIRMATION_OK"
824,10823343705,10823343733,1,"IOTHUB_CLIENT_CONFIRMATION_OK"
825,10823344038,10823344074,1,"IOTHUB_CLIENT_CONFIRMATION_OK"
826,10823344371,10823344419,1,"IOTHUB_CLIENT_CONFIRMATION_OK"
827,10823344704,10823344816,1,"IOTHUB_CLIENT_CONFIRMATION_OK"
828,10823345038,10823345072,1,"IOTHUB_CLIENT_CONFIRMATION_OK"
829,10823345371,10823345401,1,"IOTHUB_CLIENT_CONFIRMATION_OK"
830,10823345704,10823345733,1,"IOTHUB_CLIENT_CONFIRMATION_OK"
831,10823346037,10823346071,1,"IOTHUB_CLIENT_CONFIRMATION_OK"
832,10823346370,10823346405,1,"IOTHUB_CLIENT_CONFIRMATION_OK"
833,10823346703,10823346735,1,"IOTHUB_CLIENT_CONFIRMATION_OK"
834,10823347037,10823347073,1,"IOTHUB_CLIENT_CONFIRMATION_OK"
835,10823347370,10823347405,1,"IOTHUB_CLIENT_CONFIRMATION_OK"
836,10823347703,10823347741,1,"IOTHUB_CLIENT_CONFIRMATION_OK"
837,10823348036,10823348083,1,"IOTHUB_CLIENT_CONFIRMATION_OK"
838,10823348369,10823348411,1,"IOTHUB_CLIENT_CONFIRMATION_OK"
839,10823348702,10823348746,1,"IOTHUB_CLIENT_CONFIRMATION_OK"
840,10823349036,10823349071,1,"IOTHUB_CLIENT_CONFIRMATION_OK"
841,10823349369,10823349403,1,"IOTHUB_CLIENT_CONFIRMATION_OK"
842,10823349702,10823349869,1,"IOTHUB_CLIENT_CONFIRMATION_OK"
843,10823350035,10823350071,1,"IOTHUB_CLIENT_CONFIRMATION_OK"
844,10823350368,10823350414,1,"IOTHUB_CLIENT_CONFIRMATION_OK"
845,10823350701,10823350757,1,"IOTHUB_CLIENT_CONFIRMATION_OK"
846,10823351035,10823351080,1,"IOTHUB_CLIENT_CONFIRMATION_OK"
847,10823351368,10823351401,1,"IOTHUB_CLIENT_CONFIRMATION_OK"
848,10823351701,10823351730,1,"IOTHUB_CLIENT_CONFIRMATION_OK"
849,10823352034,10823352073,1,"IOTHUB_CLIENT_CONFIRMATION_OK"
850,10823352367,10823352414,1,"IOTHUB_CLIENT_CONFIRMATION_OK"
851,10823352700,10823352733,1,"IOTHUB_CLIENT_CONFIRMATION_OK"
852,10823353034,10823353107,1,"IOTHUB_CLIENT_CONFIRMATION_OK"
853,10823353367,10823353399,1,"IOTHUB_CLIENT_CONFIRMATION_OK"
854,10823353700,10823353734,1,"IOTHUB_CLIENT_CONFIRMATION_OK"
855,10823354033,10823354147,1,"IOTHUB_CLIENT_CONFIRMATION_OK"
856,10823354366,10823354401,1,"IOTHUB_CLIENT_CONFIRMATION_OK"
857,10823354699,10823354767,1,"IOTHUB_CLIENT_CONFIRMATION_OK"
858,10823355033,10823355073,1,"IOTHUB_CLIENT_CONFIRMATION_OK"
859,10823355366,10823355406,1,"IOTHUB_CLIENT_CONFIRMATION_OK"
860,10823355699,10823355729,1,"IOTHUB_CLIENT_CONFIRMATION_OK"
861,10823356032,10823356065,1,"IOTHUB_CLIENT_CONFIRMATION_OK"
862,10823356365,10823356398,1,"IOTHUB_CLIENT_CONFIRMATION_OK"
863,10823356698,10823356795,1,"IOTHUB_CLIENT_CONFIRMATION_OK"
864,10823357032,10823357066,1,"IOTHUB_CLIENT_CONFIRMATION_OK"
865,10823357365,10823357418,1,"IOTHUB_CLIENT_CONFIRMATION_OK"
866,10823357698,10823357727,1,"IOTHUB_CLIENT_CONFIRMATION_OK"
867,10823358031,10823358063,1,"IOTHUB_CLIENT_CONFIRMATION_OK"
868,10823358364,10823358419,1,"IOTHUB_CLIENT_CONFIRMATION_OK"
869,10823358697,10823358729,1,"IOTHUB_CLIENT_CONFIRMATION_OK"
870,10823359031,10823359101,1,"IOTHUB_CLIENT_CONFIRMATION_OK"
871,10823359364,10823359392,1,"IOTHUB_CLIENT_CONFIRMATION_OK"
872,10823359697,10823359737,1,"IOTHUB_CLIENT_CONFIRMATION_OK"
873,10823360030,10823360065,1,"IOTHUB_CLIENT_CONFIRMATION_OK"
874,10823360363,10823360395,1,"IOTHUB_CLIENT_CONFIRMATION_OK"
875,10823360696,10823360732,1,"IOTHUB_CLIENT_CONFIRMATION_OK"
876,10823361030,10823361065,1,"IOTHUB_CLIENT_CONFIRMATION_OK"
877,10823361363,10823361434,1,"IOTHUB_CLIENT_CONFIRMATION_OK"
878,10823361696,10823361727,1,"IOTHUB_CLIENT_CONFIRMATION_OK"
879,10823362029,10823362064,1,"IOTHUB_CLIENT_CONFIRMATION_OK"
880,10823362362,10823362398,1,"IOTHUB_CLIENT_CONFIRMATION_OK"
881,10823362695,10823362733,1,"IOTHUB_CLIENT_CONFIRMATION_OK"
882,10823363029,10823363072,1,"IOTHUB_CLIENT_CONFIRMATION_OK"
883,10823363362,10823363391,1,"IOTHUB_CLIENT_CONFIRMATION_OK"
884,10823363695,10823363728,1,"IOTHUB_CLIENT_CONFIRMATION_OK"
885,10823364028,10823364063,1,"IOTHUB_CLIENT_CONFIRMATION_OK"
886,10823364361,10823364396,1,"IOTHUB_CLIENT_CONFIRMATION_OK"
887,10823364694,10823364739,1,"IOTHUB_CLIENT_CONFIRMATION_OK"
888,10823365027,10823365060,1,"IOTHUB_CLIENT_CONFIRMATION_OK"
889,10823365361,10823365396,1,"IOTHUB_CLIENT_CONFIRMATION_OK"
890,10823365694,10823365725,1,"IOTHUB_CLIENT_CONFIRMATION_OK"
891,10823366027,10823366058,1,"IOTHUB_CLIENT_CONFIRMATION_OK"
892,10823366360,10823366405,1,"IOTHUB_CLIENT_CONFIRMATION_OK"
893,10823366693,10823366729,1,"IOTHUB_CLIENT_CONFIRMATION_OK"
894,10823367026,10823367058,1,"IOTHUB_CLIENT_CONFIRMATION_OK"
895,10823367360,10823367390,1,"IOTHUB_CLIENT_CONFIRMATION_OK"
896,10823367693,10823367726,1,"IOTHUB_CLIENT_CONFIRMATION_OK"
897,10823368026,10823368059,1,"IOTHUB_CLIENT_CONFIRMATION_OK"
898,10823368359,10823368389,1,"IOTHUB_CLIENT_CONFIRMATION_OK"
899,10823368692,10823368723,1,"IOTHUB_CLIENT_CONFIRMATION_OK"
