Message ID,Send Time,Receive Time,Status,Error
0,10812561456,10812561789,1,"IOTHUB_CLIENT_CONFIRMATION_OK"
1,10812561790,10812561845,1,"IOTHUB_CLIENT_CONFIRMATION_OK"
2,10812562123,10812562187,1,"IOTHUB_CLIENT_CONFIRMATION_OK"
3,10812562456,10812562523,1,"IOTHUB_CLIENT_CONFIRMATION_OK"
4,10812562789,10812562849,1,"IOTHUB_CLIENT_CONFIRMATION_OK"
5,10812563122,10812563187,1,"IOTHUB_CLIENT_CONFIRMATION_OK"
6,10812563455,10812563521,1,"IOTHUB_CLIENT_CONFIRMATION_OK"
7,10812563789,10812563848,1,"IOTHUB_CLIENT_CONFIRMATION_OK"
8,10812564122,10812564205,1,"IOTHUB_CLIENT_CONFIRMATION_OK"
9,10812564455,10812564526,1,"IOTHUB_CLIENT_CONFIRMATION_OK"
10,10812564788,10812564846,1,"IOTHUB_CLIENT_CONFIRMATION_OK"
11,10812565121,10812565192,1,"IOTHUB_CLIENT_CONFIRMATION_OK"
12,10812565454,10812565542,1,"IOTHUB_CLIENT_CONFIRMATION_OK"
13,10812565788,10812565969,1,"IOTHUB_CLIENT_CONFIRMATION_OK"
14,10812566121,10812566178,1,"IOTHUB_CLIENT_CONFIRMATION_OK"
15,10812566454,10812566520,1,"IOTHUB_CLIENT_CONFIRMATION_OK"
16,10812566787,10812566853,1,"IOTHUB_CLIENT_CONFIRMATION_OK"
17,10812567120,10812567216,1,"IOTHUB_CLIENT_CONFIRMATION_OK"
18,10812567453,10812567540,1,"IOTHUB_CLIENT_CONFIRMATION_OK"
19,10812567787,10812567855,1,"IOTHUB_CLIENT_CONFIRMATION_OK"
20,10812568120,10812568211,1,"IOTHUB_CLIENT_CONFIRMATION_OK"
21,10812568453,10812568514,1,"IOTHUB_CLIENT_CONFIRMATION_OK"
22,10812568786,10812568862,1,"IOTHUB_CLIENT_CONFIRMATION_OK"
23,10812569119,10812569186,1,"IOTHUB_CLIENT_CONFIRMATION_OK"
24,10812569452,10812569516,1,"IOTHUB_CLIENT_CONFIRMATION_OK"
25,10812569786,10812569861,1,"IOTHUB_CLIENT_CONFIRMATION_OK"
26,10812570119,10812570177,1,"IOTHUB_CLIENT_CONFIRMATION_OK"
27,10812570452,10812570510,1,"IOTHUB_CLIENT_CONFIRMATION_OK"
28,10812570785,10812570859,1,"IOTHUB_CLIENT_CONFIRMATION_OK"
29,10812571118,10812571194,1,"IOTHUB_CLIENT_CONFIRMATION_OK"
30,10812571451,10812571510,1,"IOTHUB_CLIENT_CONFIRMATION_OK"
31,10812571785,10812571853,1,"IOTHUB_CLIENT_CONFIRMATION_OK"
32,10812572118,10812572181,1,"IOTHUB_CLIENT_CONFIRMATION_OK"
33,10812572451,10812572603,1,"IOTHUB_CLIENT_CONFIRMATION_OK"
34,10812572784,10812572851,1,"IOTHUB_CLIENT_CONFIRMATION_OK"
35,10812573117,10812573180,1,"IOTHUB_CLIENT_CONFIRMATION_OK"
36,10812573450,10812573515,1,"IOTHUB_CLIENT_CONFIRMATION_OK"
37,10812573783,10812573841,1,"IOTHUB_CLIENT_CONFIRMATION_OK"
38,10812574117,10812574203,1,"IOTHUB_CLIENT_CONFIRMATION_OK"
39,10812574450,10812574524,1,"IOTHUB_CLIENT_CONFIRMATION_OK"
40,10812574783,10812575043,1,"IOTHUB_CLIENT_CONFIRMATION_OK"
41,10812575116,10812575173,1,"IOTHUB_CLIENT_CONFIRMATION_OK"
42,10812575449,10812575511,1,"IOTHUB_CLIENT_CONFIRMATION_OK"
43,10812575782,10812575842,1,"IOTHUB_CLIENT_CONFIRMATION_OK"
44,10812576116,10812576176,1,"IOTHUB_CLIENT_CONFIRMATION_OK"
45,10812576449,10812576532,1,"IOTHUB_CLIENT_CONFIRMATION_OK"
46,10812576782,10812576844,1,"IOTHUB_CLIENT_CONFIRMATION_OK"
47,10812577115,10812577178,1,"IOTHUB_CLIENT_CONFIRMATION_OK"
48,10812577448,10812577512,1,"IOTHUB_CLIENT_CONFIRMATION_OK"
49,10812577781,10812577844,1,"IOTHUB_CLIENT_CONFIRMATION_OK"
50,10812578114,10812578183,1,"IOTHUB_CLIENT_CONFIRMATION_OK"
51,10812578448,10812578533,1,"IOTHUB_CLIENT_CONFIRMATION_OK"
52,10812578781,10812578837,1,"IOTHUB_CLIENT_CONFIRMATION_OK"
53,10812579114,10812579176,1,"IOTHUB_CLIENT_CONFIRMATION_OK"
54,10812579447,10812579501,1,"IOTHUB_CLIENT_CONFIRMATION_OK"
55,10812579780,10812579834,1,"IOTHUB_CLIENT_CONFIRMATION_OK"
56,10812580113,10812580180,1,"IOTHUB_CLIENT_CONFIRMATION_OK"
57,10812580447,10812580505,1,"IOTHUB_CLIENT_CONFIRMATION_OK"
58,10812580780,10812580957,1,"IOTHUB_CLIENT_CONFIRMATION_OK"
59,10812581113,10812581179,1,"IOTHUB_CLIENT_CONFIRMATION_OK"
60,10812581446,10812581511,1,"IOTHUB_CLIENT_CONFIRMATION_OK"
61,10812581779,10812581852,1,"IOTHUB_CLIENT_CONFIRMATION_OK"
62,10812582112,10812582179,1,"IOTHUB_CLIENT_CONFIRMATION_OK"
63,10812582445,10812582502,1,"IOTHUB_CLIENT_CONFIRMATION_OK"
64,10812582779,10812582837,1,"IOTHUB_CLIENT_CONFIRMATION_OK"
65,10812583112,10812583210,1,"IOTHUB_CLIENT_CONFIRMATION_OK"
66,10812583445,10812583515,1,"IOTHUB_CLIENT_CONFIRMATION_OK"
67,10812583778,10812583842,1,"IOTHUB_CLIENT_CONFIRMATION_OK"
68,10812584111,10812584166,1,"IOTHUB_CLIENT_CONFIRMATION_OK"
69,10812584444,10812584505,1,"IOTHUB_CLIENT_CONFIRMATION_OK"
70,10812584778,10812585132,1,"IOTHUB_CLIENT_CONFIRMATION_OK"
71,10812585111,10812585175,1,"IOTHUB_CLIENT_CONFIRMATION_OK"
72,10812585444,10812585502,1,"IOTHUB_CLIENT_CONFIRMATION_OK"
73,10812585777,10812585883,1,"IOTHUB_CLIENT_CONFIRMATION_OK"
74,10812586110,10812586204,1,"IOTHUB_CLIENT_CONFIRMATION_OK"
75,10812586443,10812586560,1,"IOTHUB_CLIENT_CONFIRMATION_OK"
76,10812586777,10812586901,1,"IOTHUB_CLIENT_CONFIRMATION_OK"
77,10812587110,10812587171,1,"IOTHUB_CLIENT_CONFIRMATION_OK"
78,10812587443,10812587503,1,"IOTHUB_CLIENT_CONFIRMATION_OK"
79,10812587776,10812587832,1,"IOTHUB_CLIENT_CONFIRMATION_OK"
80,10812588109,10812588174,1,"IOTHUB_CLIENT_CONFIRMATION_OK"
81,10812588442,10812588508,1,"IOTHUB_CLIENT_CONFIRMATION_OK"
82,10812588775,10812588840,1,"IOTHUB_CLIENT_CONFIRMATION_OK"
83,10812589109,10812589321,1,"IOTHUB_CLIENT_CONFIRMATION_OK"
84,10812589442,10812589506,1,"IOTHUB_CLIENT_CONFIRMATION_OK"
85,10812589775,10812589839,1,"IOTHUB_CLIENT_CONFIRMATION_OK"
86,10812590108,10812590294,1,"IOTHUB_CLIENT_CONFIRMATION_OK"
87,10812590441,10812590509,1,"IOTHUB_CLIENT_CONFIRMATION_OK"
88,10812590774,10812590835,1,"IOTHUB_CLIENT_CONFIRMATION_OK"
89,10812591108,10812591168,1,"IOTHUB_CLIENT_CONFIRMATION_OK"
90,10812591441,10812591583,1,"IOTHUB_CLIENT_CONFIRMATION_OK"
91,10812591774,10812591834,1,"IOTHUB_CLIENT_CONFIRMATION_OK"
92,10812592107,10812592181,1,"IOTHUB_CLIENT_CONFIRMATION_OK"
93,10812592440,10812592630,1,"IOTHUB_CLIENT_CONFIRMATION_OK"
94,10812592773,10812592833,1,"IOTHUB_CLIENT_CONFIRMATION_OK"
95,10812593107,10812593178,1,"IOTHUB_CLIENT_CONFIRMATION_OK"
96,10812593440,10812593500,1,"IOTHUB_CLIENT_CONFIRMATION_OK"
97,10812593773,10812593832,1,"IOTHUB_CLIENT_CONFIRMATION_OK"
98,10812594106,10812594168,1,"IOTHUB_CLIENT_CONFIRMATION_OK"
99,10812594439,10812594501,1,"IOTHUB_CLIENT_CONFIRMATION_OK"
100,10812594772,10812594838,1,"IOTHUB_CLIENT_CONFIRMATION_OK"
101,10812595105,10812595234,1,"IOTHUB_CLIENT_CONFIRMATION_OK"
102,10812595439,10812595501,1,"IOTHUB_CLIENT_CONFIRMATION_OK"
103,10812595772,10812595836,1,"IOTHUB_CLIENT_CONFIRMATION_OK"
104,10812596105,10812596184,1,"IOTHUB_CLIENT_CONFIRMATION_OK"
105,10812596438,10812596497,1,"IOTHUB_CLIENT_CONFIRMATION_OK"
106,10812596771,10812596828,1,"IOTHUB_CLIENT_CONFIRMATION_OK"
107,10812597104,10812597169,1,"IOTHUB_CLIENT_CONFIRMATION_OK"
108,10812597438,10812597527,1,"IOTHUB_CLIENT_CONFIRMATION_OK"
109,10812597771,10812597964,1,"IOTHUB_CLIENT_CONFIRMATION_OK"
110,10812598104,10812598172,1,"IOTHUB_CLIENT_CONFIRMATION_OK"
111,10812598437,10812598696,1,"IOTHUB_CLIENT_CONFIRMATION_OK"
112,10812598770,10812598826,1,"IOTHUB_CLIENT_CONFIRMATION_OK"
113,10812599103,10812599162,1,"IOTHUB_CLIENT_CONFIRMATION_OK"
114,10812599437,10812599522,1,"IOTHUB_CLIENT_CONFIRMATION_OK"
115,10812599770,10812599982,1,"IOTHUB_CLIENT_CONFIRMATION_OK"
116,10812600103,10812600210,1,"IOTHUB_CLIENT_CONFIRMATION_OK"
117,10812600436,10812600496,1,"IOTHUB_CLIENT_CONFIRMATION_OK"
118,10812600769,10812600833,1,"IOTHUB_CLIENT_CONFIRMATION_OK"
119,10812601102,10812601219,1,"IOTHUB_CLIENT_CONFIRMATION_OK"
120,10812601435,10812601492,1,"IOTHUB_CLIENT_CONFIRMATION_OK"
121,10812601769,10812601849,1,"IOTHUB_CLIENT_CONFIRMATION_OK"
122,10812602102,10812602167,1,"IOTHUB_CLIENT_CONFIRMATION_OK"
123,10812602435,10812602526,1,"IOTHUB_CLIENT_CONFIRMATION_OK"
124,10812602768,10812602828,1,"IOTHUB_CLIENT_CONFIRMATION_OK"
125,10812603101,10812603164,1,"IOTHUB_CLIENT_CONFIRMATION_OK"
126,10812603434,10812603494,1,"IOTHUB_CLIENT_CONFIRMATION_OK"
127,10812603768,10812603829,1,"IOTHUB_CLIENT_CONFIRMATION_OK"
128,10812604101,10812604165,1,"IOTHUB_CLIENT_CONFIRMATION_OK"
129,10812604434,10812604493,1,"IOTHUB_CLIENT_CONFIRMATION_OK"
130,10812604767,10812604829,1,"IOTHUB_CLIENT_CONFIRMATION_OK"
131,10812605100,10812605157,1,"IOTHUB_CLIENT_CONFIRMATION_OK"
132,10812605433,10812605490,1,"IOTHUB_CLIENT_CONFIRMATION_OK"
133,10812605767,10812605872,1,"IOTHUB_CLIENT_CONFIRMATION_OK"
134,10812606100,10812606222,1,"IOTHUB_CLIENT_CONFIRMATION_OK"
135,10812606433,10812606501,1,"IOTHUB_CLIENT_CONFIRMATION_OK"
136,10812606766,10812606826,1,"IOTHUB_CLIENT_CONFIRMATION_OK"
137,10812607099,10812607157,1,"IOTHUB_CLIENT_CONFIRMATION_OK"
138,10812607432,10812607493,1,"IOTHUB_CLIENT_CONFIRMATION_OK"
139,10812607766,10812607829,1,"IOTHUB_CLIENT_CONFIRMATION_OK"
140,10812608099,10812608307,1,"IOTHUB_CLIENT_CONFIRMATION_OK"
141,10812608432,10812608492,1,"IOTHUB_CLIENT_CONFIRMATION_OK"
142,10812608765,10812608842,1,"IOTHUB_CLIENT_CONFIRMATION_OK"
143,10812609098,10812609152,1,"IOTHUB_CLIENT_CONFIRMATION_OK"
144,10812609431,10812609534,1,"IOTHUB_CLIENT_CONFIRMATION_OK"
145,10812609764,10812609828,1,"IOTHUB_CLIENT_CONFIRMATION_OK"
146,10812610098,10812610158,1,"IOTHUB_CLIENT_CONFIRMATION_OK"
147,10812610431,10812610501,1,"IOTHUB_CLIENT_CONFIRMATION_OK"
148,10812610764,10812610827,1,"IOTHUB_CLIENT_CONFIRMATION_OK"
149,10812611097,10812611157,1,"IOTHUB_CLIENT_CONFIRMATION_OK"
150,10812611430,10812611496,1,"IOTHUB_CLIENT_CONFIRMATION_OK"
151,10812611763,10812611821,1,"IOTHUB_CLIENT_CONFIRMATION_OK"
152,10812612097,10812612154,1,"IOTHUB_CLIENT_CONFIRMATION_OK"
153,10812612430,10812612489,1,"IOTHUB_CLIENT_CONFIRMATION_OK"
154,10812612763,10812612821,1,"IOTHUB_CLIENT_CONFIRMATION_OK"
155,10812613096,10812613177,1,"IOTHUB_CLIENT_CONFIRMATION_OK"
156,10812613429,10812613488,1,"IOTHUB_CLIENT_CONFIRMATION_OK"
157,10812613762,10812613843,1,"IOTHUB_CLIENT_CONFIRMATION_OK"
158,10812614095,10812614199,1,"IOTHUB_CLIENT_CONFIRMATION_OK"
159,10812614429,10812614487,1,"IOTHUB_CLIENT_CONFIRMATION_OK"
160,10812614762,10812614825,1,"IOTHUB_CLIENT_CONFIRMATION_OK"
161,10812615095,10812615179,1,"IOTHUB_CLIENT_CONFIRMATION_OK"
162,10812615428,10812615494,1,"IOTHUB_CLIENT_CONFIRMATION_OK"
163,10812615761,10812615820,1,"IOTHUB_CLIENT_CONFIRMATION_OK"
164,10812616094,10812616176,1,"IOTHUB_CLIENT_CONFIRMATION_OK"
165,10812616428,10812616634,1,"IOTHUB_CLIENT_CONFIRMATION_OK"
166,10812616761,10812616844,1,"IOTHUB_CLIENT_CONFIRMATION_OK"
167,10812617094,10812617167,1,"IOTHUB_CLIENT_CONFIRMATION_OK"
168,10812617427,10812617483,1,"IOTHUB_CLIENT_CONFIRMATION_OK"
169,10812617760,10812617870,1,"IOTHUB_CLIENT_CONFIRMATION_OK"
170,10812618093,10812618152,1,"IOTHUB_CLIENT_CONFIRMATION_OK"
171,10812618427,10812618500,1,"IOTHUB_CLIENT_CONFIRMATION_OK"
172,10812618760,10812618816,1,"IOTHUB_CLIENT_CONFIRMATION_OK"
173,10812619093,10812619150,1,"IOTHUB_CLIENT_CONFIRMATION_OK"
174,10812619426,10812619549,1,"IOTHUB_CLIENT_CONFIRMATION_OK"
175,10812619759,10812619821,1,"IOTHUB_CLIENT_CONFIRMATION_OK"
176,10812620092,10812620154,1,"IOTHUB_CLIENT_CONFIRMATION_OK"
177,10812620425,10812620486,1,"IOTHUB_CLIENT_CONFIRMATION_OK"
178,10812620759,10812620818,1,"IOTHUB_CLIENT_CONFIRMATION_OK"
179,10812621092,10812621159,1,"IOTHUB_CLIENT_CONFIRMATION_OK"
180,10812621425,10812621491,1,"IOTHUB_CLIENT_CONFIRMATION_OK"
181,10812621758,10812621828,1,"IOTHUB_CLIENT_CONFIRMATION_OK"
182,10812622091,10812622152,1,"IOTHUB_CLIENT_CONFIRMATION_OK"
183,10812622424,10812622569,1,"IOTHUB_CLIENT_CONFIRMATION_OK"
184,10812622758,10812622822,1,"IOTHUB_CLIENT_CONFIRMATION_OK"
185,10812623091,10812623156,1,"IOTHUB_CLIENT_CONFIRMATION_OK"
186,10812623424,10812623486,1,"IOTHUB_CLIENT_CONFIRMATION_OK"
187,10812623757,10812623826,1,"IOTHUB_CLIENT_CONFIRMATION_OK"
188,10812624090,10812624153,1,"IOTHUB_CLIENT_CONFIRMATION_OK"
189,10812624423,10812624487,1,"IOTHUB_CLIENT_CONFIRMATION_OK"
190,10812624756,10812625009,1,"IOTHUB_CLIENT_CONFIRMATION_OK"
191,10812625090,10812625157,1,"IOTHUB_CLIENT_CONFIRMATION_OK"
192,10812625423,10812625486,1,"IOTHUB_CLIENT_CONFIRMATION_OK"
193,10812625756,10812625820,1,"IOTHUB_CLIENT_CONFIRMATION_OK"
194,10812626089,10812626200,1,"IOTHUB_CLIENT_CONFIRMATION_OK"
195,10812626422,10812626480,1,"IOTHUB_CLIENT_CONFIRMATION_OK"
196,10812626755,10812626822,1,"IOTHUB_CLIENT_CONFIRMATION_OK"
197,10812627088,10812627153,1,"IOTHUB_CLIENT_CONFIRMATION_OK"
198,10812627422,10812627529,1,"IOTHUB_CLIENT_CONFIRMATION_OK"
199,10812627755,10812627808,1,"IOTHUB_CLIENT_CONFIRMATION_OK"
200,10812628088,10812628158,1,"IOTHUB_CLIENT_CONFIRMATION_OK"
201,10812628421,10812628483,1,"IOTHUB_CLIENT_CONFIRMATION_OK"
202,10812628754,10812628908,1,"IOTHUB_CLIENT_CONFIRMATION_OK"
203,10812629087,10812629149,1,"IOTHUB_CLIENT_CONFIRMATION_OK"
204,10812629421,10812629480,1,"IOTHUB_CLIENT_CONFIRMATION_OK"
205,10812629754,10812629817,1,"IOTHUB_CLIENT_CONFIRMATION_OK"
206,10812630087,10812630149,1,"IOTHUB_CLIENT_CONFIRMATION_OK"
207,10812630420,10812630484,1,"IOTHUB_CLIENT_CONFIRMATION_OK"
208,10812630753,10812630943,1,"IOTHUB_CLIENT_CONFIRMATION_OK"
209,10812631086,10812631149,1,"IOTHUB_CLIENT_CONFIRMATION_OK"
210,10812631420,10812631486,1,"IOTHUB_CLIENT_CONFIRMATION_OK"
211,10812631753,10812631811,1,"IOTHUB_CLIENT_CONFIRMATION_OK"
212,10812632086,10812632148,1,"IOTHUB_CLIENT_CONFIRMATION_OK"
213,10812632419,10812632477,1,"IOTHUB_CLIENT_CONFIRMATION_OK"
214,10812632752,10812632809,1,"IOTHUB_CLIENT_CONFIRMATION_OK"
215,10812633085,10812633159,1,"IOTHUB_CLIENT_CONFIRMATION_OK"
216,10812633418,10812633494,1,"IOTHUB_CLIENT_CONFIRMATION_OK"
217,10812633752,10812633840,1,"IOTHUB_CLIENT_CONFIRMATION_OK"
218,10812634085,10812634152,1,"IOTHUB_CLIENT_CONFIRMATION_OK"
219,10812634418,10812634483,1,"IOTHUB_CLIENT_CONFIRMATION_OK"
220,10812634751,10812634812,1,"IOTHUB_CLIENT_CONFIRMATION_OK"
221,10812635084,10812635146,1,"IOTHUB_CLIENT_CONFIRMATION_OK"
222,10812635417,10812635482,1,"IOTHUB_CLIENT_CONFIRMATION_OK"
223,10812635751,10812635813,1,"IOTHUB_CLIENT_CONFIRMATION_OK"
224,10812636084,10812636143,1,"IOTHUB_CLIENT_CONFIRMATION_OK"
225,10812636417,10812636473,1,"IOTHUB_CLIENT_CONFIRMATION_OK"
226,10812636750,10812636835,1,"IOTHUB_CLIENT_CONFIRMATION_OK"
227,10812637083,10812637140,1,"IOTHUB_CLIENT_CONFIRMATION_OK"
228,10812637416,10812637478,1,"IOTHUB_CLIENT_CONFIRMATION_OK"
229,10812637749,10812637805,1,"IOTHUB_CLIENT_CONFIRMATION_OK"
230,10812638083,10812638162,1,"IOTHUB_CLIENT_CONFIRMATION_OK"
231,10812638416,10812638500,1,"IOTHUB_CLIENT_CONFIRMATION_OK"
232,10812638749,10812638819,1,"IOTHUB_CLIENT_CONFIRMATION_OK"
233,10812639082,10812639270,1,"IOTHUB_CLIENT_CONFIRMATION_OK"
234,10812639415,10812639488,1,"IOTHUB_CLIENT_CONFIRMATION_OK"
235,10812639748,10812639811,1,"IOTHUB_CLIENT_CONFIRMATION_OK"
236,10812640082,10812640144,1,"IOTHUB_CLIENT_CONFIRMATION_OK"
237,10812640415,10812640477,1,"IOTHUB_CLIENT_CONFIRMATION_OK"
238,10812640748,10812640811,1,"IOTHUB_CLIENT_CONFIRMATION_OK"
239,10812641081,10812641139,1,"IOTHUB_CLIENT_CONFIRMATION_OK"
240,10812641414,10812641550,1,"IOTHUB_CLIENT_CONFIRMATION_OK"
241,10812641747,10812641814,1,"IOTHUB_CLIENT_CONFIRMATION_OK"
242,10812642081,10812642158,1,"IOTHUB_CLIENT_CONFIRMATION_OK"
243,10812642414,10812642474,1,"IOTHUB_CLIENT_CONFIRMATION_OK"
244,10812642747,10812642859,1,"IOTHUB_CLIENT_CONFIRMATION_OK"
245,10812643080,10812643148,1,"IOTHUB_CLIENT_CONFIRMATION_OK"
246,10812643413,10812643477,1,"IOTHUB_CLIENT_CONFIRMATION_OK"
247,10812643746,10812643816,1,"IOTHUB_CLIENT_CONFIRMATION_OK"
248,10812644079,10812644141,1,"IOTHUB_CLIENT_CONFIRMATION_OK"
249,10812644413,10812644483,1,"IOTHUB_CLIENT_CONFIRMATION_OK"
250,10812644746,10812644802,1,"IOTHUB_CLIENT_CONFIRMATION_OK"
251,10812645079,10812645208,1,"IOTHUB_CLIENT_CONFIRMATION_OK"
252,10812645412,10812645477,1,"IOTHUB_CLIENT_CONFIRMATION_OK"
253,10812645745,10812645807,1,"IOTHUB_CLIENT_CONFIRMATION_OK"
254,10812646078,10812646143,1,"IOTHUB_CLIENT_CONFIRMATION_OK"
255,10812646412,10812646472,1,"IOTHUB_CLIENT_CONFIRMATION_OK"
256,10812646745,10812646806,1,"IOTHUB_CLIENT_CONFIRMATION_OK"
257,10812647078,10812647139,1,"IOTHUB_CLIENT_CONFIRMATION_OK"
258,10812647411,10812647525,1,"IOTHUB_CLIENT_CONFIRMATION_OK"
259,10812647744,10812647803,1,"IOTHUB_CLIENT_CONFIRMATION_OK"
260,10812648077,10812648147,1,"IOTHUB_CLIENT_CONFIRMATION_OK"
261,10812648411,10812648491,1,"IOTHUB_CLIENT_CONFIRMATION_OK"
262,10812648744,10812648842,1,"IOTHUB_CLIENT_CONFIRMATION_OK"
263,10812649077,10812649134,1,"IOTHUB_CLIENT_CONFIRMATION_OK"
264,10812649410,10812649478,1,"IOTHUB_CLIENT_CONFIRMATION_OK"
265,10812649743,10812649955,1,"IOTHUB_CLIENT_CONFIRMATION_OK"
266,10812650076,10812650135,1,"IOTHUB_CLIENT_CONFIRMATION_OK"
267,10812650410,10812650470,1,"IOTHUB_CLIENT_CONFIRMATION_OK"
268,10812650743,10812650821,1,"IOTHUB_CLIENT_CONFIRMATION_OK"
269,10812651076,10812651182,1,"IOTHUB_CLIENT_CONFIRMATION_OK"
270,10812651409,10812651466,1,"IOTHUB_CLIENT_CONFIRMATION_OK"
271,10812651742,10812651808,1,"IOTHUB_CLIENT_CONFIRMATION_OK"
272,10812652075,10812652140,1,"IOTHUB_CLIENT_CONFIRMATION_OK"
273,10812652409,10812652487,1,"IOTHUB_CLIENT_CONFIRMATION_OK"
274,10812652742,10812652799,1,"IOTHUB_CLIENT_CONFIRMATION_OK"
275,10812653075,10812653144,1,"IOTHUB_CLIENT_CONFIRMATION_OK"
276,10812653408,10812653468,1,"IOTHUB_CLIENT_CONFIRMATION_OK"
277,10812653741,10812653813,1,"IOTHUB_CLIENT_CONFIRMATION_OK"
278,10812654074,10812654131,1,"IOTHUB_CLIENT_CONFIRMATION_OK"
279,10812654408,10812654465,1,"IOTHUB_CLIENT_CONFIRMATION_OK"
280,10812654741,10812654804,1,"IOTHUB_CLIENT_CONFIRMATION_OK"
281,10812655074,10812655139,1,"IOTHUB_CLIENT_CONFIRMATION_OK"
282,10812655407,10812655639,1,"IOTHUB_CLIENT_CONFIRMATION_OK"
283,10812655740,10812655885,1,"IOTHUB_CLIENT_CONFIRMATION_OK"
284,10812656074,10812656137,1,"IOTHUB_CLIENT_CONFIRMATION_OK"
285,10812656407,10812656474,1,"IOTHUB_CLIENT_CONFIRMATION_OK"
286,10812656740,10812656800,1,"IOTHUB_CLIENT_CONFIRMATION_OK"
287,10812657073,10812657146,1,"IOTHUB_CLIENT_CONFIRMATION_OK"
288,10812657406,10812657473,1,"IOTHUB_CLIENT_CONFIRMATION_OK"
289,10812657739,10812657797,1,"IOTHUB_CLIENT_CONFIRMATION_OK"
290,10812658073,10812658285,1,"IOTHUB_CLIENT_CONFIRMATION_OK"
291,10812658406,10812658461,1,"IOTHUB_CLIENT_CONFIRMATION_OK"
292,10812658739,10812658800,1,"IOTHUB_CLIENT_CONFIRMATION_OK"
293,10812659072,10812659185,1,"IOTHUB_CLIENT_CONFIRMATION_OK"
294,10812659405,10812659512,1,"IOTHUB_CLIENT_CONFIRMATION_OK"
295,10812659738,10812659804,1,"IOTHUB_CLIENT_CONFIRMATION_OK"
296,10812660072,10812660126,1,"IOTHUB_CLIENT_CONFIRMATION_OK"
297,10812660405,10812660463,1,"IOTHUB_CLIENT_CONFIRMATION_OK"
298,10812660738,10812660790,1,"IOTHUB_CLIENT_CONFIRMATION_OK"
299,10812661071,10812661128,1,"IOTHUB_CLIENT_CONFIRMATION_OK"
300,10812661404,10812661459,1,"IOTHUB_CLIENT_CONFIRMATION_OK"
301,10812661737,10812661804,1,"IOTHUB_CLIENT_CONFIRMATION_OK"
302,10812662071,10812662166,1,"IOTHUB_CLIENT_CONFIRMATION_OK"
303,10812662404,10812662465,1,"IOTHUB_CLIENT_CONFIRMATION_OK"
304,10812662737,10812662798,1,"IOTHUB_CLIENT_CONFIRMATION_OK"
305,10812663070,10812663130,1,"IOTHUB_CLIENT_CONFIRMATION_OK"
306,10812663403,10812663466,1,"IOTHUB_CLIENT_CONFIRMATION_OK"
307,10812663736,10812663799,1,"IOTHUB_CLIENT_CONFIRMATION_OK"
308,10812664070,10812664173,1,"IOTHUB_CLIENT_CONFIRMATION_OK"
309,10812664403,10812664457,1,"IOTHUB_CLIENT_CONFIRMATION_OK"
310,10812664736,10812664791,1,"IOTHUB_CLIENT_CONFIRMATION_OK"
311,10812665069,10812665147,1,"IOTHUB_CLIENT_CONFIRMATION_OK"
312,10812665402,10812665466,1,"IOTHUB_CLIENT_CONFIRMATION_OK"
313,10812665735,10812665792,1,"IOTHUB_CLIENT_CONFIRMATION_OK"
314,10812666069,10812666132,1,"IOTHUB_CLIENT_CONFIRMATION_OK"
315,10812666402,10812666615,1,"IOTHUB_CLIENT_CONFIRMATION_OK"
316,10812666735,10812666792,1,"IOTHUB_CLIENT_CONFIRMATION_OK"
317,10812667068,10812667128,1,"IOTHUB_CLIENT_CONFIRMATION_OK"
318,10812667401,10812667471,1,"IOTHUB_CLIENT_CONFIRMATION_OK"
319,10812667734,10812667840,1,"IOTHUB_CLIENT_CONFIRMATION_OK"
320,10812668067,10812668391,1,"IOTHUB_CLIENT_CONFIRMATION_OK"
321,10812668401,10812668524,1,"IOTHUB_CLIENT_CONFIRMATION_OK"
322,10812668734,10812668798,1,"IOTHUB_CLIENT_CONFIRMATION_OK"
323,10812669067,10812669131,1,"IOTHUB_CLIENT_CONFIRMATION_OK"
324,10812669400,10812669489,1,"IOTHUB_CLIENT_CONFIRMATION_OK"
325,10812669733,10812669798,1,"IOTHUB_CLIENT_CONFIRMATION_OK"
326,10812670066,10812670216,1,"IOTHUB_CLIENT_CONFIRMATION_OK"
327,10812670400,10812670479,1,"IOTHUB_CLIENT_CONFIRMATION_OK"
328,10812670733,10812670805,1,"IOTHUB_CLIENT_CONFIRMATION_OK"
329,10812671066,10812671128,1,"IOTHUB_CLIENT_CONFIRMATION_OK"
330,10812671399,10812671465,1,"IOTHUB_CLIENT_CONFIRMATION_OK"
331,10812671732,10812671792,1,"IOTHUB_CLIENT_CONFIRMATION_OK"
332,10812672065,10812672124,1,"IOTHUB_CLIENT_CONFIRMATION_OK"
333,10812672399,10812672461,1,"IOTHUB_CLIENT_CONFIRMATION_OK"
334,10812672732,10812672791,1,"IOTHUB_CLIENT_CONFIRMATION_OK"
335,10812673065,10812673134,1,"IOTHUB_CLIENT_CONFIRMATION_OK"
336,10812673398,10812673460,1,"IOTHUB_CLIENT_CONFIRMATION_OK"
337,10812673731,10812673787,1,"IOTHUB_CLIENT_CONFIRMATION_OK"
338,10812674064,10812674140,1,"IOTHUB_CLIENT_CONFIRMATION_OK"
339,10812674398,10812674479,1,"IOTHUB_CLIENT_CONFIRMATION_OK"
340,10812674731,10812674897,1,"IOTHUB_CLIENT_CONFIRMATION_OK"
341,10812675064,10812675122,1,"IOTHUB_CLIENT_CONFIRMATION_OK"
342,10812675397,10812675457,1,"IOTHUB_CLIENT_CONFIRMATION_OK"
343,10812675730,10812675788,1,"IOTHUB_CLIENT_CONFIRMATION_OK"
344,10812676063,10812676125,1,"IOTHUB_CLIENT_CONFIRMATION_OK"
345,10812676397,10812676468,1,"IOTHUB_CLIENT_CONFIRMATION_OK"
346,10812676730,10812676807,1,"IOTHUB_CLIENT_CONFIRMATION_OK"
347,10812677063,10812677124,1,"IOTHUB_CLIENT_CONFIRMATION_OK"
348,10812677396,10812677485,1,"IOTHUB_CLIENT_CONFIRMATION_OK"
349,10812677729,10812677792,1,"IOTHUB_CLIENT_CONFIRMATION_OK"
350,10812678062,10812678126,1,"IOTHUB_CLIENT_CONFIRMATION_OK"
351,10812678396,10812678613,1,"IOTHUB_CLIENT_CONFIRMATION_OK"
352,10812678729,10812678791,1,"IOTHUB_CLIENT_CONFIRMATION_OK"
353,10812679062,10812679127,1,"IOTHUB_CLIENT_CONFIRMATION_OK"
354,10812679395,10812679458,1,"IOTHUB_CLIENT_CONFIRMATION_OK"
355,10812679728,10812679784,1,"IOTHUB_CLIENT_CONFIRMATION_OK"
356,10812680061,10812680118,1,"IOTHUB_CLIENT_CONFIRMATION_OK"
357,10812680395,10812680474,1,"IOTHUB_CLIENT_CONFIRMATION_OK"
358,10812680728,10812680820,1,"IOTHUB_CLIENT_CONFIRMATION_OK"
359,10812681061,10812681118,1,"IOTHUB_CLIENT_CONFIRMATION_OK"
360,10812681394,10812681481,1,"IOTHUB_CLIENT_CONFIRMATION_OK"
361,10812681727,10812681783,1,"IOTHUB_CLIENT_CONFIRMATION_OK"
362,10812682060,10812682124,1,"IOTHUB_CLIENT_CONFIRMATION_OK"
363,10812682394,10812682456,1,"IOTHUB_CLIENT_CONFIRMATION_OK"
364,10812682727,10812682793,1,"IOTHUB_CLIENT_CONFIRMATION_OK"
365,10812683060,10812683268,1,"IOTHUB_CLIENT_CONFIRMATION_OK"
366,10812683393,10812683451,1,"IOTHUB_CLIENT_CONFIRMATION_OK"
367,10812683726,10812683794,1,"IOTHUB_CLIENT_CONFIRMATION_OK"
368,10812684059,10812684113,1,"IOTHUB_CLIENT_CONFIRMATION_OK"
369,10812684393,10812684509,1,"IOTHUB_CLIENT_CONFIRMATION_OK"
370,10812684726,10812684787,1,"IOTHUB_CLIENT_CONFIRMATION_OK"
371,10812685059,10812685129,1,"IOTHUB_CLIENT_CONFIRMATION_OK"
372,10812685392,10812685455,1,"IOTHUB_CLIENT_CONFIRMATION_OK"
373,10812685725,10812685785,1,"IOTHUB_CLIENT_CONFIRMATION_OK"
374,10812686058,10812686116,1,"IOTHUB_CLIENT_CONFIRMATION_OK"
375,10812686391,10812686449,1,"IOTHUB_CLIENT_CONFIRMATION_OK"
376,10812686725,10812686784,1,"IOTHUB_CLIENT_CONFIRMATION_OK"
377,10812687058,10812687114,1,"IOTHUB_CLIENT_CONFIRMATION_OK"
378,10812687391,10812687469,1,"IOTHUB_CLIENT_CONFIRMATION_OK"
379,10812687724,10812687789,1,"IOTHUB_CLIENT_CONFIRMATION_OK"
380,10812688057,10812688152,1,"IOTHUB_CLIENT_CONFIRMATION_OK"
381,10812688390,10812688453,1,"IOTHUB_CLIENT_CONFIRMATION_OK"
382,10812688724,10812688804,1,"IOTHUB_CLIENT_CONFIRMATION_OK"
383,10812689057,10812689183,1,"IOTHUB_CLIENT_CONFIRMATION_OK"
384,10812689390,10812689449,1,"IOTHUB_CLIENT_CONFIRMATION_OK"
385,10812689723,10812689785,1,"IOTHUB_CLIENT_CONFIRMATION_OK"
386,10812690056,10812690122,1,"IOTHUB_CLIENT_CONFIRMATION_OK"
387,10812690389,10812690455,1,"IOTHUB_CLIENT_CONFIRMATION_OK"
388,10812690723,10812690783,1,"IOTHUB_CLIENT_CONFIRMATION_OK"
389,10812691056,10812691111,1,"IOTHUB_CLIENT_CONFIRMATION_OK"
390,10812691389,10812691454,1,"IOTHUB_CLIENT_CONFIRMATION_OK"
391,10812691722,10812691808,1,"IOTHUB_CLIENT_CONFIRMATION_OK"
392,10812692055,10812692126,1,"IOTHUB_CLIENT_CONFIRMATION_OK"
393,10812692388,10812692445,1,"IOTHUB_CLIENT_CONFIRMATION_OK"
394,10812692721,10812692780,1,"IOTHUB_CLIENT_CONFIRMATION_OK"
395,10812693055,10812693135,1,"IOTHUB_CLIENT_CONFIRMATION_OK"
396,10812693388,10812693445,1,"IOTHUB_CLIENT_CONFIRMATION_OK"
397,10812693721,10812693788,1,"IOTHUB_CLIENT_CONFIRMATION_OK"
398,10812694054,10812694119,1,"IOTHUB_CLIENT_CONFIRMATION_OK"
399,10812694387,10812694445,1,"IOTHUB_CLIENT_CONFIRMATION_OK"
400,10812694720,10812694783,1,"IOTHUB_CLIENT_CONFIRMATION_OK"
401,10812695054,10812695159,1,"IOTHUB_CLIENT_CONFIRMATION_OK"
402,10812695387,10812695452,1,"IOTHUB_CLIENT_CONFIRMATION_OK"
403,10812695720,10812695778,1,"IOTHUB_CLIENT_CONFIRMATION_OK"
404,10812696053,10812696111,1,"IOTHUB_CLIENT_CONFIRMATION_OK"
405,10812696386,10812696446,1,"IOTHUB_CLIENT_CONFIRMATION_OK"
406,10812696719,10812696797,1,"IOTHUB_CLIENT_CONFIRMATION_OK"
407,10812697053,10812697113,1,"IOTHUB_CLIENT_CONFIRMATION_OK"
408,10812697386,10812697556,1,"IOTHUB_CLIENT_CONFIRMATION_OK"
409,10812697719,10812697778,1,"IOTHUB_CLIENT_CONFIRMATION_OK"
410,10812698052,10812698115,1,"IOTHUB_CLIENT_CONFIRMATION_OK"
411,10812698385,10812698440,1,"IOTHUB_CLIENT_CONFIRMATION_OK"
412,10812698718,10812698794,1,"IOTHUB_CLIENT_CONFIRMATION_OK"
413,10812699051,10812699116,1,"IOTHUB_CLIENT_CONFIRMATION_OK"
414,10812699385,10812699474,1,"IOTHUB_CLIENT_CONFIRMATION_OK"
415,10812699718,10812699789,1,"IOTHUB_CLIENT_CONFIRMATION_OK"
416,10812700051,10812700112,1,"IOTHUB_CLIENT_CONFIRMATION_OK"
417,10812700384,10812700449,1,"IOTHUB_CLIENT_CONFIRMATION_OK"
418,10812700717,10812700781,1,"IOTHUB_CLIENT_CONFIRMATION_OK"
419,10812701050,10812701117,1,"IOTHUB_CLIENT_CONFIRMATION_OK"
420,10812701384,10812701447,1,"IOTHUB_CLIENT_CONFIRMATION_OK"
421,10812701717,10812701780,1,"IOTHUB_CLIENT_CONFIRMATION_OK"
422,10812702050,10812702114,1,"IOTHUB_CLIENT_CONFIRMATION_OK"
423,10812702383,10812702441,1,"IOTHUB_CLIENT_CONFIRMATION_OK"
424,10812702716,10812702785,1,"IOTHUB_CLIENT_CONFIRMATION_OK"
425,10812703049,10812703112,1,"IOTHUB_CLIENT_CONFIRMATION_OK"
426,10812703383,10812703465,1,"IOTHUB_CLIENT_CONFIRMATION_OK"
427,10812703716,10812703782,1,"IOTHUB_CLIENT_CONFIRMATION_OK"
428,10812704049,10812704135,1,"IOTHUB_CLIENT_CONFIRMATION_OK"
429,10812704382,10812704450,1,"IOTHUB_CLIENT_CONFIRMATION_OK"
430,10812704715,10812704777,1,"IOTHUB_CLIENT_CONFIRMATION_OK"
431,10812705048,10812705108,1,"IOTHUB_CLIENT_CONFIRMATION_OK"
432,10812705382,10812705439,1,"IOTHUB_CLIENT_CONFIRMATION_OK"
433,10812705715,10812705986,1,"IOTHUB_CLIENT_CONFIRMATION_OK"
434,10812706048,10812706110,1,"IOTHUB_CLIENT_CONFIRMATION_OK"
435,10812706381,10812706437,1,"IOTHUB_CLIENT_CONFIRMATION_OK"
436,10812706714,10812706774,1,"IOTHUB_CLIENT_CONFIRMATION_OK"
437,10812707047,10812707109,1,"IOTHUB_CLIENT_CONFIRMATION_OK"
438,10812707380,10812707437,1,"IOTHUB_CLIENT_CONFIRMATION_OK"
439,10812707714,10812707770,1,"IOTHUB_CLIENT_CONFIRMATION_OK"
440,10812708047,10812708230,1,"IOTHUB_CLIENT_CONFIRMATION_OK"
441,10812708380,10812708448,1,"IOTHUB_CLIENT_CONFIRMATION_OK"
442,10812708713,10812708774,1,"IOTHUB_CLIENT_CONFIRMATION_OK"
443,10812709046,10812709124,1,"IOTHUB_CLIENT_CONFIRMATION_OK"
444,10812709379,10812709510,1,"IOTHUB_CLIENT_CONFIRMATION_OK"
445,10812709713,10812709770,1,"IOTHUB_CLIENT_CONFIRMATION_OK"
446,10812710046,10812710103,1,"IOTHUB_CLIENT_CONFIRMATION_OK"
447,10812710379,10812710438,1,"IOTHUB_CLIENT_CONFIRMATION_OK"
448,10812710712,10812710771,1,"IOTHUB_CLIENT_CONFIRMATION_OK"
449,10812711045,10812711124,1,"IOTHUB_CLIENT_CONFIRMATION_OK"
450,10812711378,10812711441,1,"IOTHUB_CLIENT_CONFIRMATION_OK"
451,10812711712,10812711902,1,"IOTHUB_CLIENT_CONFIRMATION_OK"
452,10812712045,10812712116,1,"IOTHUB_CLIENT_CONFIRMATION_OK"
453,10812712378,10812712442,1,"IOTHUB_CLIENT_CONFIRMATION_OK"
454,10812712711,10812712775,1,"IOTHUB_CLIENT_CONFIRMATION_OK"
455,10812713044,10812713100,1,"IOTHUB_CLIENT_CONFIRMATION_OK"
456,10812713377,10812713441,1,"IOTHUB_CLIENT_CONFIRMATION_OK"
457,10812713710,10812713767,1,"IOTHUB_CLIENT_CONFIRMATION_OK"
458,10812714044,10812714147,1,"IOTHUB_CLIENT_CONFIRMATION_OK"
459,10812714377,10812714443,1,"IOTHUB_CLIENT_CONFIRMATION_OK"
460,10812714710,10812714774,1,"IOTHUB_CLIENT_CONFIRMATION_OK"
461,10812715043,10812715102,1,"IOTHUB_CLIENT_CONFIRMATION_OK"
462,10812715376,10812715436,1,"IOTHUB_CLIENT_CONFIRMATION_OK"
463,10812715709,10812715772,1,"IOTHUB_CLIENT_CONFIRMATION_OK"
464,10812716043,10812716106,1,"IOTHUB_CLIENT_CONFIRMATION_OK"
465,10812716376,10812716577,1,"IOTHUB_CLIENT_CONFIRMATION_OK"
466,10812716709,10812716775,1,"IOTHUB_CLIENT_CONFIRMATION_OK"
467,10812717042,10812717104,1,"IOTHUB_CLIENT_CONFIRMATION_OK"
468,10812717375,10812717432,1,"IOTHUB_CLIENT_CONFIRMATION_OK"
469,10812717708,10812717814,1,"IOTHUB_CLIENT_CONFIRMATION_OK"
470,10812718041,10812718119,1,"IOTHUB_CLIENT_CONFIRMATION_OK"
471,10812718375,10812718435,1,"IOTHUB_CLIENT_CONFIRMATION_OK"
472,10812718708,10812718802,1,"IOTHUB_CLIENT_CONFIRMATION_OK"
473,10812719041,10812719100,1,"IOTHUB_CLIENT_CONFIRMATION_OK"
474,10812719374,10812719435,1,"IOTHUB_CLIENT_CONFIRMATION_OK"
475,10812719707,10812719764,1,"IOTHUB_CLIENT_CONFIRMATION_OK"
476,10812720040,10812720101,1,"IOTHUB_CLIENT_CONFIRMATION_OK"
477,10812720374,10812720432,1,"IOTHUB_CLIENT_CONFIRMATION_OK"
478,10812720707,10812720774,1,"IOTHUB_CLIENT_CONFIRMATION_OK"
479,10812721040,10812721114,1,"IOTHUB_CLIENT_CONFIRMATION_OK"
480,10812721373,10812721557,1,"IOTHUB_CLIENT_CONFIRMATION_OK"
481,10812721706,10812721777,1,"IOTHUB_CLIENT_CONFIRMATION_OK"
482,10812722039,10812722101,1,"IOTHUB_CLIENT_CONFIRMATION_OK"
483,10812722373,10812722598,1,"IOTHUB_CLIENT_CONFIRMATION_OK"
484,10812722706,10812722761,1,"IOTHUB_CLIENT_CONFIRMATION_OK"
485,10812723039,10812723097,1,"IOTHUB_CLIENT_CONFIRMATION_OK"
486,10812723372,10812723434,1,"IOTHUB_CLIENT_CONFIRMATION_OK"
487,10812723705,10812723781,1,"IOTHUB_CLIENT_CONFIRMATION_OK"
488,10812724038,10812724095,1,"IOTHUB_CLIENT_CONFIRMATION_OK"
489,10812724372,10812724434,1,"IOTHUB_CLIENT_CONFIRMATION_OK"
490,10812724705,10812724814,1,"IOTHUB_CLIENT_CONFIRMATION_OK"
491,10812725038,10812725102,1,"IOTHUB_CLIENT_CONFIRMATION_OK"
492,10812725371,10812725432,1,"IOTHUB_CLIENT_CONFIRMATION_OK"
493,10812725704,10812725767,1,"IOTHUB_CLIENT_CONFIRMATION_OK"
494,10812726037,10812726101,1,"IOTHUB_CLIENT_CONFIRMATION_OK"
495,10812726371,10812726434,1,"IOTHUB_CLIENT_CONFIRMATION_OK"
496,10812726704,10812726764,1,"IOTHUB_CLIENT_CONFIRMATION_OK"
497,10812727037,10812727098,1,"IOTHUB_CLIENT_CONFIRMATION_OK"
498,10812727370,10812727438,1,"IOTHUB_CLIENT_CONFIRMATION_OK"
499,10812727703,10812727800,1,"IOTHUB_CLIENT_CONFIRMATION_OK"
500,10812728036,10812728098,1,"IOTHUB_CLIENT_CONFIRMATION_OK"
501,10812728369,10812728514,1,"IOTHUB_CLIENT_CONFIRMATION_OK"
502,10812728703,10812728758,1,"IOTHUB_CLIENT_CONFIRMATION_OK"
503,10812729036,10812729098,1,"IOTHUB_CLIENT_CONFIRMATION_OK"
504,10812729369,10812729431,1,"IOTHUB_CLIENT_CONFIRMATION_OK"
505,10812729702,10812729768,1,"IOTHUB_CLIENT_CONFIRMATION_OK"
506,10812730035,10812730156,1,"IOTHUB_CLIENT_CONFIRMATION_OK"
507,10812730368,10812730429,1,"IOTHUB_CLIENT_CONFIRMATION_OK"
508,10812730702,10812730773,1,"IOTHUB_CLIENT_CONFIRMATION_OK"
509,10812731035,10812731097,1,"IOTHUB_CLIENT_CONFIRMATION_OK"
510,10812731368,10812731432,1,"IOTHUB_CLIENT_CONFIRMATION_OK"
511,10812731701,10812731768,1,"IOTHUB_CLIENT_CONFIRMATION_OK"
512,10812732034,10812732172,1,"IOTHUB_CLIENT_CONFIRMATION_OK"
513,10812732368,10812732447,1,"IOTHUB_CLIENT_CONFIRMATION_OK"
514,10812732701,10812732768,1,"IOTHUB_CLIENT_CONFIRMATION_OK"
515,10812733034,10812733244,1,"IOTHUB_CLIENT_CONFIRMATION_OK"
516,10812733367,10812733429,1,"IOTHUB_CLIENT_CONFIRMATION_OK"
517,10812733700,10812733772,1,"IOTHUB_CLIENT_CONFIRMATION_OK"
518,10812734033,10812734092,1,"IOTHUB_CLIENT_CONFIRMATION_OK"
519,10812734367,10812734502,1,"IOTHUB_CLIENT_CONFIRMATION_OK"
520,10812734700,10812734763,1,"IOTHUB_CLIENT_CONFIRMATION_OK"
521,10812735033,10812735152,1,"IOTHUB_CLIENT_CONFIRMATION_OK"
522,10812735366,10812735428,1,"IOTHUB_CLIENT_CONFIRMATION_OK"
523,10812735699,10812735801,1,"IOTHUB_CLIENT_CONFIRMATION_OK"
524,10812736032,10812736091,1,"IOTHUB_CLIENT_CONFIRMATION_OK"
525,10812736365,10812736447,1,"IOTHUB_CLIENT_CONFIRMATION_OK"
526,10812736699,10812736754,1,"IOTHUB_CLIENT_CONFIRMATION_OK"
527,10812737032,10812737087,1,"IOTHUB_CLIENT_CONFIRMATION_OK"
528,10812737365,10812737419,1,"IOTHUB_CLIENT_CONFIRMATION_OK"
529,10812737698,10812737791,1,"IOTHUB_CLIENT_CONFIRMATION_OK"
530,10812738031,10812738093,1,"IOTHUB_CLIENT_CONFIRMATION_OK"
531,10812738364,10812738425,1,"IOTHUB_CLIENT_CONFIRMATION_OK"
532,10812738698,10812738786,1,"IOTHUB_CLIENT_CONFIRMATION_OK"
533,10812739031,10812739167,1,"IOTHUB_CLIENT_CONFIRMATION_OK"
534,10812739364,10812739421,1,"IOTHUB_CLIENT_CONFIRMATION_OK"
535,10812739697,10812739759,1,"IOTHUB_CLIENT_CONFIRMATION_OK"
536,10812740030,10812740095,1,"IOTHUB_CLIENT_CONFIRMATION_OK"
537,10812740364,10812740424,1,"IOTHUB_CLIENT_CONFIRMATION_OK"
538,10812740697,10812740812,1,"IOTHUB_CLIENT_CONFIRMATION_OK"
539,10812741030,10812741139,1,"IOTHUB_CLIENT_CONFIRMATION_OK"
540,10812741363,10812741427,1,"IOTHUB_CLIENT_CONFIRMATION_OK"
541,10812741696,10812741760,1,"IOTHUB_CLIENT_CONFIRMATION_OK"
542,10812742029,10812742114,1,"IOTHUB_CLIENT_CONFIRMATION_OK"
543,10812742362,10812742455,1,"IOTHUB_CLIENT_CONFIRMATION_OK"
544,10812742696,10812742774,1,"IOTHUB_CLIENT_CONFIRMATION_OK"
545,10812743029,10812743089,1,"IOTHUB_CLIENT_CONFIRMATION_OK"
546,10812743362,10812743428,1,"IOTHUB_CLIENT_CONFIRMATION_OK"
547,10812743695,10812743761,1,"IOTHUB_CLIENT_CONFIRMATION_OK"
548,10812744028,10812744091,1,"IOTHUB_CLIENT_CONFIRMATION_OK"
549,10812744361,10812744428,1,"IOTHUB_CLIENT_CONFIRMATION_OK"
550,10812744695,10812744811,1,"IOTHUB_CLIENT_CONFIRMATION_OK"
551,10812745028,10812745095,1,"IOTHUB_CLIENT_CONFIRMATION_OK"
552,10812745361,10812745451,1,"IOTHUB_CLIENT_CONFIRMATION_OK"
553,10812745694,10812745772,1,"IOTHUB_CLIENT_CONFIRMATION_OK"
554,10812746027,10812746132,1,"IOTHUB_CLIENT_CONFIRMATION_OK"
555,10812746360,10812746423,1,"IOTHUB_CLIENT_CONFIRMATION_OK"
556,10812746694,10812746750,1,"IOTHUB_CLIENT_CONFIRMATION_OK"
557,10812747027,10812747091,1,"IOTHUB_CLIENT_CONFIRMATION_OK"
558,10812747360,10812747575,1,"IOTHUB_CLIENT_CONFIRMATION_OK"
559,10812747693,10812747783,1,"IOTHUB_CLIENT_CONFIRMATION_OK"
560,10812748026,10812748087,1,"IOTHUB_CLIENT_CONFIRMATION_OK"
561,10812748359,10812748424,1,"IOTHUB_CLIENT_CONFIRMATION_OK"
562,10812748693,10812748743,1,"IOTHUB_CLIENT_CONFIRMATION_OK"
563,10812749026,10812749238,1,"IOTHUB_CLIENT_CONFIRMATION_OK"
564,10812749359,10812749430,1,"IOTHUB_CLIENT_CONFIRMATION_OK"
565,10812749692,10812749807,1,"IOTHUB_CLIENT_CONFIRMATION_OK"
566,10812750025,10812750201,1,"IOTHUB_CLIENT_CONFIRMATION_OK"
567,10812750358,10812750430,1,"IOTHUB_CLIENT_CONFIRMATION_OK"
568,10812750692,10812750758,1,"IOTHUB_CLIENT_CONFIRMATION_OK"
569,10812751025,10812751083,1,"IOTHUB_CLIENT_CONFIRMATION_OK"
570,10812751358,10812751463,1,"IOTHUB_CLIENT_CONFIRMATION_OK"
571,10812751691,10812751758,1,"IOTHUB_CLIENT_CONFIRMATION_OK"
572,10812752024,10812752105,1,"IOTHUB_CLIENT_CONFIRMATION_OK"
573,10812752357,10812752416,1,"IOTHUB_CLIENT_CONFIRMATION_OK"
574,10812752690,10812752746,1,"IOTHUB_CLIENT_CONFIRMATION_OK"
575,10812753024,10812753079,1,"IOTHUB_CLIENT_CONFIRMATION_OK"
576,10812753357,10812753431,1,"IOTHUB_CLIENT_CONFIRMATION_OK"
577,10812753690,10812753754,1,"IOTHUB_CLIENT_CONFIRMATION_OK"
578,10812754023,10812754081,1,"IOTHUB_CLIENT_CONFIRMATION_OK"
579,10812754356,10812754445,1,"IOTHUB_CLIENT_CONFIRMATION_OK"
580,10812754689,10812754759,1,"IOTHUB_CLIENT_CONFIRMATION_OK"
581,10812755023,10812755080,1,"IOTHUB_CLIENT_CONFIRMATION_OK"
582,10812755356,10812755417,1,"IOTHUB_CLIENT_CONFIRMATION_OK"
583,10812755689,10812755847,1,"IOTHUB_CLIENT_CONFIRMATION_OK"
584,10812756022,10812756089,1,"IOTHUB_CLIENT_CONFIRMATION_OK"
585,10812756355,10812756418,1,"IOTHUB_CLIENT_CONFIRMATION_OK"
586,10812756688,10812756751,1,"IOTHUB_CLIENT_CONFIRMATION_OK"
587,10812757022,10812757078,1,"IOTHUB_CLIENT_CONFIRMATION_OK"
588,10812757355,10812757511,1,"IOTHUB_CLIENT_CONFIRMATION_OK"
589,10812757688,10812757768,1,"IOTHUB_CLIENT_CONFIRMATION_OK"
590,10812758021,10812758090,1,"IOTHUB_CLIENT_CONFIRMATION_OK"
591,10812758354,10812758422,1,"IOTHUB_CLIENT_CONFIRMATION_OK"
592,10812758687,10812758748,1,"IOTHUB_CLIENT_CONFIRMATION_OK"
593,10812759021,10812759102,1,"IOTHUB_CLIENT_CONFIRMATION_OK"
594,10812759354,10812759411,1,"IOTHUB_CLIENT_CONFIRMATION_OK"
595,10812759687,10812759745,1,"IOTHUB_CLIENT_CONFIRMATION_OK"
596,10812760020,10812760080,1,"IOTHUB_CLIENT_CONFIRMATION_OK"
597,10812760353,10812760465,1,"IOTHUB_CLIENT_CONFIRMATION_OK"
598,10812760686,10812760746,1,"IOTHUB_CLIENT_CONFIRMATION_OK"
599,10812761020,10812761194,1,"IOTHUB_CLIENT_CONFIRMATION_OK"
600,10812761353,10812761415,1,"IOTHUB_CLIENT_CONFIRMATION_OK"
601,10812761686,10812761813,1,"IOTHUB_CLIENT_CONFIRMATION_OK"
602,10812762019,10812762083,1,"IOTHUB_CLIENT_CONFIRMATION_OK"
603,10812762352,10812762431,1,"IOTHUB_CLIENT_CONFIRMATION_OK"
604,10812762685,10812762782,1,"IOTHUB_CLIENT_CONFIRMATION_OK"
605,10812763018,10812763084,1,"IOTHUB_CLIENT_CONFIRMATION_OK"
606,10812763352,10812763413,1,"IOTHUB_CLIENT_CONFIRMATION_OK"
607,10812763685,10812763745,1,"IOTHUB_CLIENT_CONFIRMATION_OK"
608,10812764018,10812764243,1,"IOTHUB_CLIENT_CONFIRMATION_OK"
609,10812764351,10812764415,1,"IOTHUB_CLIENT_CONFIRMATION_OK"
610,10812764684,10812764740,1,"IOTHUB_CLIENT_CONFIRMATION_OK"
611,10812765018,10812765081,1,"IOTHUB_CLIENT_CONFIRMATION_OK"
612,10812765351,10812765420,1,"IOTHUB_CLIENT_CONFIRMATION_OK"
613,10812765684,10812765744,1,"IOTHUB_CLIENT_CONFIRMATION_OK"
614,10812766017,10812766113,1,"IOTHUB_CLIENT_CONFIRMATION_OK"
615,10812766350,10812766495,1,"IOTHUB_CLIENT_CONFIRMATION_OK"
616,10812766683,10812766741,1,"IOTHUB_CLIENT_CONFIRMATION_OK"
617,10812767017,10812767076,1,"IOTHUB_CLIENT_CONFIRMATION_OK"
618,10812767350,10812767411,1,"IOTHUB_CLIENT_CONFIRMATION_OK"
619,10812767683,10812767739,1,"IOTHUB_CLIENT_CONFIRMATION_OK"
620,10812768016,10812768077,1,"IOTHUB_CLIENT_CONFIRMATION_OK"
621,10812768349,10812768424,1,"IOTHUB_CLIENT_CONFIRMATION_OK"
622,10812768682,10812768743,1,"IOTHUB_CLIENT_CONFIRMATION_OK"
623,10812769016,10812769072,1,"IOTHUB_CLIENT_CONFIRMATION_OK"
624,10812769349,10812769423,1,"IOTHUB_CLIENT_CONFIRMATION_OK"
625,10812769682,10812769742,1,"IOTHUB_CLIENT_CONFIRMATION_OK"
626,10812770015,10812770192,1,"IOTHUB_CLIENT_CONFIRMATION_OK"
627,10812770348,10812770444,1,"IOTHUB_CLIENT_CONFIRMATION_OK"
628,10812770681,10812770737,1,"IOTHUB_CLIENT_CONFIRMATION_OK"
629,10812771015,10812771082,1,"IOTHUB_CLIENT_CONFIRMATION_OK"
630,10812771348,10812771409,1,"IOTHUB_CLIENT_CONFIRMATION_OK"
631,10812771681,10812771744,1,"IOTHUB_CLIENT_CONFIRMATION_OK"
632,10812772014,10812772075,1,"IOTHUB_CLIENT_CONFIRMATION_OK"
633,10812772347,10812772447,1,"IOTHUB_CLIENT_CONFIRMATION_OK"
634,10812772680,10812772819,1,"IOTHUB_CLIENT_CONFIRMATION_OK"
635,10812773014,10812773126,1,"IOTHUB_CLIENT_CONFIRMATION_OK"
636,10812773347,10812773406,1,"IOTHUB_CLIENT_CONFIRMATION_OK"
637,10812773680,10812773740,1,"IOTHUB_CLIENT_CONFIRMATION_OK"
638,10812774013,10812774069,1,"IOTHUB_CLIENT_CONFIRMATION_OK"
639,10812774346,10812774409,1,"IOTHUB_CLIENT_CONFIRMATION_OK"
640,10812774679,10812774935,1,"IOTHUB_CLIENT_CONFIRMATION_OK"
641,10812775013,10812775074,1,"IOTHUB_CLIENT_CONFIRMATION_OK"
642,10812775346,10812775411,1,"IOTHUB_CLIENT_CONFIRMATION_OK"
643,10812775679,10812775741,1,"IOTHUB_CLIENT_CONFIRMATION_OK"
644,10812776012,10812776146,1,"IOTHUB_CLIENT_CONFIRMATION_OK"
645,10812776345,10812776403,1,"IOTHUB_CLIENT_CONFIRMATION_OK"
646,10812776678,10812776733,1,"IOTHUB_CLIENT_CONFIRMATION_OK"
647,10812777011,10812777078,1,"IOTHUB_CLIENT_CONFIRMATION_OK"
648,10812777345,10812777397,1,"IOTHUB_CLIENT_CONFIRMATION_OK"
649,10812777678,10812777741,1,"IOTHUB_CLIENT_CONFIRMATION_OK"
650,10812778011,10812778072,1,"IOTHUB_CLIENT_CONFIRMATION_OK"
651,10812778344,10812778523,1,"IOTHUB_CLIENT_CONFIRMATION_OK"
652,10812778677,10812778740,1,"IOTHUB_CLIENT_CONFIRMATION_OK"
653,10812779010,10812779071,1,"IOTHUB_CLIENT_CONFIRMATION_OK"
654,10812779344,10812779408,1,"IOTHUB_CLIENT_CONFIRMATION_OK"
655,10812779677,10812779735,1,"IOTHUB_CLIENT_CONFIRMATION_OK"
656,10812780010,10812780069,1,"IOTHUB_CLIENT_CONFIRMATION_OK"
657,10812780343,10812780406,1,"IOTHUB_CLIENT_CONFIRMATION_OK"
658,10812780676,10812780768,1,"IOTHUB_CLIENT_CONFIRMATION_OK"
659,10812781009,10812781078,1,"IOTHUB_CLIENT_CONFIRMATION_OK"
660,10812781343,10812781409,1,"IOTHUB_CLIENT_CONFIRMATION_OK"
661,10812781676,10812781734,1,"IOTHUB_CLIENT_CONFIRMATION_OK"
662,10812782009,10812782068,1,"IOTHUB_CLIENT_CONFIRMATION_OK"
663,10812782342,10812782403,1,"IOTHUB_CLIENT_CONFIRMATION_OK"
664,10812782675,10812782731,1,"IOTHUB_CLIENT_CONFIRMATION_OK"
665,10812783008,10812783220,1,"IOTHUB_CLIENT_CONFIRMATION_OK"
666,10812783342,10812783399,1,"IOTHUB_CLIENT_CONFIRMATION_OK"
667,10812783675,10812783736,1,"IOTHUB_CLIENT_CONFIRMATION_OK"
668,10812784008,10812784066,1,"IOTHUB_CLIENT_CONFIRMATION_OK"
669,10812784341,10812784446,1,"IOTHUB_CLIENT_CONFIRMATION_OK"
670,10812784674,10812784735,1,"IOTHUB_CLIENT_CONFIRMATION_OK"
671,10812785007,10812785067,1,"IOTHUB_CLIENT_CONFIRMATION_OK"
672,10812785341,10812785398,1,"IOTHUB_CLIENT_CONFIRMATION_OK"
673,10812785674,10812785732,1,"IOTHUB_CLIENT_CONFIRMATION_OK"
674,10812786007,10812786067,1,"IOTHUB_CLIENT_CONFIRMATION_OK"
675,10812786340,10812786404,1,"IOTHUB_CLIENT_CONFIRMATION_OK"
676,10812786673,10812786736,1,"IOTHUB_CLIENT_CONFIRMATION_OK"
677,10812787006,10812787069,1,"IOTHUB_CLIENT_CONFIRMATION_OK"
678,10812787340,10812787396,1,"IOTHUB_CLIENT_CONFIRMATION_OK"
679,10812787673,10812787736,1,"IOTHUB_CLIENT_CONFIRMATION_OK"
680,10812788006,10812788098,1,"IOTHUB_CLIENT_CONFIRMATION_OK"
681,10812788339,10812788403,1,"IOTHUB_CLIENT_CONFIRMATION_OK"
682,10812788672,10812788734,1,"IOTHUB_CLIENT_CONFIRMATION_OK"
683,10812789005,10812789127,1,"IOTHUB_CLIENT_CONFIRMATION_OK"
684,10812789338,10812789410,1,"IOTHUB_CLIENT_CONFIRMATION_OK"
685,10812789672,10812789730,1,"IOTHUB_CLIENT_CONFIRMATION_OK"
686,10812790005,10812790061,1,"IOTHUB_CLIENT_CONFIRMATION_OK"
687,10812790338,10812790399,1,"IOTHUB_CLIENT_CONFIRMATION_OK"
688,10812790671,10812790733,1,"IOTHUB_CLIENT_CONFIRMATION_OK"
689,10812791004,10812791110,1,"IOTHUB_CLIENT_CONFIRMATION_OK"
690,10812791337,10812791396,1,"IOTHUB_CLIENT_CONFIRMATION_OK"
691,10812791671,10812791762,1,"IOTHUB_CLIENT_CONFIRMATION_OK"
692,10812792004,10812792070,1,"IOTHUB_CLIENT_CONFIRMATION_OK"
693,10812792337,10812792396,1,"IOTHUB_CLIENT_CONFIRMATION_OK"
694,10812792670,10812792743,1,"IOTHUB_CLIENT_CONFIRMATION_OK"
695,10812793003,10812793062,1,"IOTHUB_CLIENT_CONFIRMATION_OK"
696,10812793336,10812793401,1,"IOTHUB_CLIENT_CONFIRMATION_OK"
697,10812793670,10812793735,1,"IOTHUB_CLIENT_CONFIRMATION_OK"
698,10812794003,10812794064,1,"IOTHUB_CLIENT_CONFIRMATION_OK"
699,10812794336,10812794407,1,"IOTHUB_CLIENT_CONFIRMATION_OK"
700,10812794669,10812794733,1,"IOTHUB_CLIENT_CONFIRMATION_OK"
701,10812795002,10812795076,1,"IOTHUB_CLIENT_CONFIRMATION_OK"
702,10812795335,10812795392,1,"IOTHUB_CLIENT_CONFIRMATION_OK"
703,10812795668,10812795735,1,"IOTHUB_CLIENT_CONFIRMATION_OK"
704,10812796002,10812796063,1,"IOTHUB_CLIENT_CONFIRMATION_OK"
705,10812796335,10812796392,1,"IOTHUB_CLIENT_CONFIRMATION_OK"
706,10812796668,10812796728,1,"IOTHUB_CLIENT_CONFIRMATION_OK"
707,10812797001,10812797060,1,"IOTHUB_CLIENT_CONFIRMATION_OK"
708,10812797334,10812797511,1,"IOTHUB_CLIENT_CONFIRMATION_OK"
709,10812797667,10812797722,1,"IOTHUB_CLIENT_CONFIRMATION_OK"
710,10812798001,10812798065,1,"IOTHUB_CLIENT_CONFIRMATION_OK"
711,10812798334,10812798392,1,"IOTHUB_CLIENT_CONFIRMATION_OK"
712,10812798667,10812798726,1,"IOTHUB_CLIENT_CONFIRMATION_OK"
713,10812799000,10812799109,1,"IOTHUB_CLIENT_CONFIRMATION_OK"
714,10812799333,10812799428,1,"IOTHUB_CLIENT_CONFIRMATION_OK"
715,10812799666,10812799737,1,"IOTHUB_CLIENT_CONFIRMATION_OK"
716,10812800000,10812800054,1,"IOTHUB_CLIENT_CONFIRMATION_OK"
717,10812800333,10812800397,1,"IOTHUB_CLIENT_CONFIRMATION_OK"
718,10812800666,10812800728,1,"IOTHUB_CLIENT_CONFIRMATION_OK"
719,10812800999,10812801071,1,"IOTHUB_CLIENT_CONFIRMATION_OK"
720,10812801332,10812801391,1,"IOTHUB_CLIENT_CONFIRMATION_OK"
721,10812801665,10812801726,1,"IOTHUB_CLIENT_CONFIRMATION_OK"
722,10812801999,10812802060,1,"IOTHUB_CLIENT_CONFIRMATION_OK"
723,10812802332,10812802399,1,"IOTHUB_CLIENT_CONFIRMATION_OK"
724,10812802665,10812802721,1,"IOTHUB_CLIENT_CONFIRMATION_OK"
725,10812802998,10812803081,1,"IOTHUB_CLIENT_CONFIRMATION_OK"
726,10812803331,10812803441,1,"IOTHUB_CLIENT_CONFIRMATION_OK"
727,10812803664,10812803737,1,"IOTHUB_CLIENT_CONFIRMATION_OK"
728,10812803998,10812804063,1,"IOTHUB_CLIENT_CONFIRMATION_OK"
729,10812804331,10812804389,1,"IOTHUB_CLIENT_CONFIRMATION_OK"
730,10812804664,10812804741,1,"IOTHUB_CLIENT_CONFIRMATION_OK"
731,10812804997,10812805058,1,"IOTHUB_CLIENT_CONFIRMATION_OK"
732,10812805330,10812805387,1,"IOTHUB_CLIENT_CONFIRMATION_OK"
733,10812805663,10812805868,1,"IOTHUB_CLIENT_CONFIRMATION_OK"
734,10812805996,10812806057,1,"IOTHUB_CLIENT_CONFIRMATION_OK"
735,10812806330,10812806391,1,"IOTHUB_CLIENT_CONFIRMATION_OK"
736,10812806663,10812806724,1,"IOTHUB_CLIENT_CONFIRMATION_OK"
737,10812806996,10812807053,1,"IOTHUB_CLIENT_CONFIRMATION_OK"
738,10812807329,10812807396,1,"IOTHUB_CLIENT_CONFIRMATION_OK"
739,10812807662,10812807726,1,"IOTHUB_CLIENT_CONFIRMATION_OK"
740,10812807995,10812808095,1,"IOTHUB_CLIENT_CONFIRMATION_OK"
741,10812808329,10812808409,1,"IOTHUB_CLIENT_CONFIRMATION_OK"
742,10812808662,10812808717,1,"IOTHUB_CLIENT_CONFIRMATION_OK"
743,10812808995,10812809055,1,"IOTHUB_CLIENT_CONFIRMATION_OK"
744,10812809328,10812809403,1,"IOTHUB_CLIENT_CONFIRMATION_OK"
745,10812809661,10812809726,1,"IOTHUB_CLIENT_CONFIRMATION_OK"
746,10812809994,10812810061,1,"IOTHUB_CLIENT_CONFIRMATION_OK"
747,10812810328,10812810393,1,"IOTHUB_CLIENT_CONFIRMATION_OK"
748,10812810661,10812810724,1,"IOTHUB_CLIENT_CONFIRMATION_OK"
749,10812810994,10812811050,1,"IOTHUB_CLIENT_CONFIRMATION_OK"
750,10812811327,10812811393,1,"IOTHUB_CLIENT_CONFIRMATION_OK"
751,10812811660,10812811730,1,"IOTHUB_CLIENT_CONFIRMATION_OK"
752,10812811993,10812812226,1,"IOTHUB_CLIENT_CONFIRMATION_OK"
753,10812812327,10812812663,1,"IOTHUB_CLIENT_CONFIRMATION_OK"
754,10812812660,10812812718,1,"IOTHUB_CLIENT_CONFIRMATION_OK"
755,10812812993,10812813072,1,"IOTHUB_CLIENT_CONFIRMATION_OK"
756,10812813326,10812813386,1,"IOTHUB_CLIENT_CONFIRMATION_OK"
757,10812813659,10812813729,1,"IOTHUB_CLIENT_CONFIRMATION_OK"
758,10812813992,10812814137,1,"IOTHUB_CLIENT_CONFIRMATION_OK"
759,10812814326,10812814394,1,"IOTHUB_CLIENT_CONFIRMATION_OK"
760,10812814659,10812814712,1,"IOTHUB_CLIENT_CONFIRMATION_OK"
761,10812814992,10812815084,1,"IOTHUB_CLIENT_CONFIRMATION_OK"
762,10812815325,10812815388,1,"IOTHUB_CLIENT_CONFIRMATION_OK"
763,10812815658,10812815715,1,"IOTHUB_CLIENT_CONFIRMATION_OK"
764,10812815991,10812816078,1,"IOTHUB_CLIENT_CONFIRMATION_OK"
765,10812816325,10812816435,1,"IOTHUB_CLIENT_CONFIRMATION_OK"
766,10812816658,10812816720,1,"IOTHUB_CLIENT_CONFIRMATION_OK"
767,10812816991,10812817050,1,"IOTHUB_CLIENT_CONFIRMATION_OK"
768,10812817324,10812817448,1,"IOTHUB_CLIENT_CONFIRMATION_OK"
769,10812817657,10812817712,1,"IOTHUB_CLIENT_CONFIRMATION_OK"
770,10812817990,10812818071,1,"IOTHUB_CLIENT_CONFIRMATION_OK"
771,10812818324,10812818381,1,"IOTHUB_CLIENT_CONFIRMATION_OK"
772,10812818657,10812818718,1,"IOTHUB_CLIENT_CONFIRMATION_OK"
773,10812818990,10812819050,1,"IOTHUB_CLIENT_CONFIRMATION_OK"
774,10812819323,10812819400,1,"IOTHUB_CLIENT_CONFIRMATION_OK"
775,10812819656,10812819716,1,"IOTHUB_CLIENT_CONFIRMATION_OK"
776,10812819989,10812820172,1,"IOTHUB_CLIENT_CONFIRMATION_OK"
777,10812820322,10812820385,1,"IOTHUB_CLIENT_CONFIRMATION_OK"
778,10812820656,10812820761,1,"IOTHUB_CLIENT_CONFIRMATION_OK"
779,10812820989,10812821045,1,"IOTHUB_CLIENT_CONFIRMATION_OK"
780,10812821322,10812821385,1,"IOTHUB_CLIENT_CONFIRMATION_OK"
781,10812821655,10812821719,1,"IOTHUB_CLIENT_CONFIRMATION_OK"
782,10812821988,10812822051,1,"IOTHUB_CLIENT_CONFIRMATION_OK"
783,10812822321,10812822412,1,"IOTHUB_CLIENT_CONFIRMATION_OK"
784,10812822655,10812822717,1,"IOTHUB_CLIENT_CONFIRMATION_OK"
785,10812822988,10812823048,1,"IOTHUB_CLIENT_CONFIRMATION_OK"
786,10812823321,10812823380,1,"IOTHUB_CLIENT_CONFIRMATION_OK"
787,10812823654,10812823718,1,"IOTHUB_CLIENT_CONFIRMATION_OK"
788,10812823987,10812824085,1,"IOTHUB_CLIENT_CONFIRMATION_OK"
789,10812824320,10812824380,1,"IOTHUB_CLIENT_CONFIRMATION_OK"
790,10812824654,10812824915,1,"IOTHUB_CLIENT_CONFIRMATION_OK"
791,10812824987,10812825056,1,"IOTHUB_CLIENT_CONFIRMATION_OK"
792,10812825320,10812825387,1,"IOTHUB_CLIENT_CONFIRMATION_OK"
793,10812825653,10812825733,1,"IOTHUB_CLIENT_CONFIRMATION_OK"
794,10812825986,10812826114,1,"IOTHUB_CLIENT_CONFIRMATION_OK"
795,10812826319,10812826392,1,"IOTHUB_CLIENT_CONFIRMATION_OK"
796,10812826653,10812826717,1,"IOTHUB_CLIENT_CONFIRMATION_OK"
797,10812826986,10812827055,1,"IOTHUB_CLIENT_CONFIRMATION_OK"
798,10812827319,10812827375,1,"IOTHUB_CLIENT_CONFIRMATION_OK"
799,10812827652,10812827707,1,"IOTHUB_CLIENT_CONFIRMATION_OK"
800,10812827985,10812828062,1,"IOTHUB_CLIENT_CONFIRMATION_OK"
801,10812828318,10812828383,1,"IOTHUB_CLIENT_CONFIRMATION_OK"
802,10812828652,10812828715,1,"IOTHUB_CLIENT_CONFIRMATION_OK"
803,10812828985,10812829043,1,"IOTHUB_CLIENT_CONFIRMATION_OK"
804,10812829318,10812829381,1,"IOTHUB_CLIENT_CONFIRMATION_OK"
805,10812829651,10812829711,1,"IOTHUB_CLIENT_CONFIRMATION_OK"
806,10812829984,10812830040,1,"IOTHUB_CLIENT_CONFIRMATION_OK"
807,10812830317,10812830378,1,"IOTHUB_CLIENT_CONFIRMATION_OK"
808,10812830650,10812830820,1,"IOTHUB_CLIENT_CONFIRMATION_OK"
809,10812830984,10812831041,1,"IOTHUB_CLIENT_CONFIRMATION_OK"
810,10812831317,10812831378,1,"IOTHUB_CLIENT_CONFIRMATION_OK"
811,10812831650,10812831710,1,"IOTHUB_CLIENT_CONFIRMATION_OK"
812,10812831983,10812832055,1,"IOTHUB_CLIENT_CONFIRMATION_OK"
813,10812832316,10812832374,1,"IOTHUB_CLIENT_CONFIRMATION_OK"
814,10812832649,10812832711,1,"IOTHUB_CLIENT_CONFIRMATION_OK"
815,10812832983,10812833039,1,"IOTHUB_CLIENT_CONFIRMATION_OK"
816,10812833316,10812833379,1,"IOTHUB_CLIENT_CONFIRMATION_OK"
817,10812833649,10812833707,1,"IOTHUB_CLIENT_CONFIRMATION_OK"
818,10812833982,10812834045,1,"IOTHUB_CLIENT_CONFIRMATION_OK"
819,10812834315,10812834376,1,"IOTHUB_CLIENT_CONFIRMATION_OK"
820,10812834648,10812834711,1,"IOTHUB_CLIENT_CONFIRMATION_OK"
821,10812834982,10812835039,1,"IOTHUB_CLIENT_CONFIRMATION_OK"
822,10812835315,10812835398,1,"IOTHUB_CLIENT_CONFIRMATION_OK"
823,10812835648,10812835714,1,"IOTHUB_CLIENT_CONFIRMATION_OK"
824,10812835981,10812836038,1,"IOTHUB_CLIENT_CONFIRMATION_OK"
825,10812836314,10812836370,1,"IOTHUB_CLIENT_CONFIRMATION_OK"
826,10812836647,10812836736,1,"IOTHUB_CLIENT_CONFIRMATION_OK"
827,10812836981,10812837051,1,"IOTHUB_CLIENT_CONFIRMATION_OK"
828,10812837314,10812837373,1,"IOTHUB_CLIENT_CONFIRMATION_OK"
829,10812837647,10812837707,1,"IOTHUB_CLIENT_CONFIRMATION_OK"
830,10812837980,10812838046,1,"IOTHUB_CLIENT_CONFIRMATION_OK"
831,10812838313,10812838378,1,"IOTHUB_CLIENT_CONFIRMATION_OK"
832,10812838646,10812838702,1,"IOTHUB_CLIENT_CONFIRMATION_OK"
833,10812838980,10812839333,1,"IOTHUB_CLIENT_CONFIRMATION_OK"
834,10812839313,10812839373,1,"IOTHUB_CLIENT_CONFIRMATION_OK"
835,10812839646,10812839703,1,"IOTHUB_CLIENT_CONFIRMATION_OK"
836,10812839979,10812840037,1,"IOTHUB_CLIENT_CONFIRMATION_OK"
837,10812840312,10812840370,1,"IOTHUB_CLIENT_CONFIRMATION_OK"
838,10812840645,10812840708,1,"IOTHUB_CLIENT_CONFIRMATION_OK"
839,10812840979,10812841049,1,"IOTHUB_CLIENT_CONFIRMATION_OK"
840,10812841312,10812841448,1,"IOTHUB_CLIENT_CONFIRMATION_OK"
841,10812841645,10812841719,1,"IOTHUB_CLIENT_CONFIRMATION_OK"
842,10812841978,10812842046,1,"IOTHUB_CLIENT_CONFIRMATION_OK"
843,10812842311,10812842369,1,"IOTHUB_CLIENT_CONFIRMATION_OK"
844,10812842644,10812842708,1,"IOTHUB_CLIENT_CONFIRMATION_OK"
845,10812842977,10812843036,1,"IOTHUB_CLIENT_CONFIRMATION_OK"
846,10812843311,10812843372,1,"IOTHUB_CLIENT_CONFIRMATION_OK"
847,10812843644,10812843704,1,"IOTHUB_CLIENT_CONFIRMATION_OK"
848,10812843977,10812844042,1,"IOTHUB_CLIENT_CONFIRMATION_OK"
849,10812844310,10812844386,1,"IOTHUB_CLIENT_CONFIRMATION_OK"
850,10812844643,10812844701,1,"IOTHUB_CLIENT_CONFIRMATION_OK"
851,10812844977,10812845152,1,"IOTHUB_CLIENT_CONFIRMATION_OK"
852,10812845310,10812845363,1,"IOTHUB_CLIENT_CONFIRMATION_OK"
853,10812845643,10812845706,1,"IOTHUB_CLIENT_CONFIRMATION_OK"
854,10812845976,10812846038,1,"IOTHUB_CLIENT_CONFIRMATION_OK"
855,10812846309,10812846372,1,"IOTHUB_CLIENT_CONFIRMATION_OK"
856,10812846642,10812846706,1,"IOTHUB_CLIENT_CONFIRMATION_OK"
857,10812846975,10812847037,1,"IOTHUB_CLIENT_CONFIRMATION_OK"
858,10812847309,10812847376,1,"IOTHUB_CLIENT_CONFIRMATION_OK"
859,10812847642,10812847705,1,"IOTHUB_CLIENT_CONFIRMATION_OK"
860,10812847975,10812848031,1,"IOTHUB_CLIENT_CONFIRMATION_OK"
861,10812848308,10812848372,1,"IOTHUB_CLIENT_CONFIRMATION_OK"
862,10812848641,10812848701,1,"IOTHUB_CLIENT_CONFIRMATION_OK"
863,10812848974,10812849120,1,"IOTHUB_CLIENT_CONFIRMATION_OK"
864,10812849308,10812849380,1,"IOTHUB_CLIENT_CONFIRMATION_OK"
865,10812849641,10812849807,1,"IOTHUB_CLIENT_CONFIRMATION_OK"
866,10812849974,10812850041,1,"IOTHUB_CLIENT_CONFIRMATION_OK"
867,10812850307,10812850372,1,"IOTHUB_CLIENT_CONFIRMATION_OK"
868,10812850640,10812850705,1,"IOTHUB_CLIENT_CONFIRMATION_OK"
869,10812850973,10812851036,1,"IOTHUB_CLIENT_CONFIRMATION_OK"
870,10812851307,10812851392,1,"IOTHUB_CLIENT_CONFIRMATION_OK"
871,10812851640,10812851710,1,"IOTHUB_CLIENT_CONFIRMATION_OK"
872,10812851973,10812852030,1,"IOTHUB_CLIENT_CONFIRMATION_OK"
873,10812852306,10812852365,1,"IOTHUB_CLIENT_CONFIRMATION_OK"
874,10812852639,10812852700,1,"IOTHUB_CLIENT_CONFIRMATION_OK"
875,10812852972,10812853028,1,"IOTHUB_CLIENT_CONFIRMATION_OK"
876,10812853306,10812853477,1,"IOTHUB_CLIENT_CONFIRMATION_OK"
877,10812853639,10812853694,1,"IOTHUB_CLIENT_CONFIRMATION_OK"
878,10812853972,10812854035,1,"IOTHUB_CLIENT_CONFIRMATION_OK"
879,10812854305,10812854367,1,"IOTHUB_CLIENT_CONFIRMATION_OK"
880,10812854638,10812854951,1,"IOTHUB_CLIENT_CONFIRMATION_OK"
881,10812854971,10812855030,1,"IOTHUB_CLIENT_CONFIRMATION_OK"
882,10812855305,10812855366,1,"IOTHUB_CLIENT_CONFIRMATION_OK"
883,10812855638,10812855699,1,"IOTHUB_CLIENT_CONFIRMATION_OK"
884,10812855971,10812856029,1,"IOTHUB_CLIENT_CONFIRMATION_OK"
885,10812856304,10812856363,1,"IOTHUB_CLIENT_CONFIRMATION_OK"
886,10812856637,10812856694,1,"IOTHUB_CLIENT_CONFIRMATION_OK"
887,10812856970,10812857026,1,"IOTHUB_CLIENT_CONFIRMATION_OK"
888,10812857304,10812857367,1,"IOTHUB_CLIENT_CONFIRMATION_OK"
889,10812857637,10812857696,1,"IOTHUB_CLIENT_CONFIRMATION_OK"
890,10812857970,10812858140,1,"IOTHUB_CLIENT_CONFIRMATION_OK"
891,10812858303,10812858368,1,"IOTHUB_CLIENT_CONFIRMATION_OK"
892,10812858636,10812858698,1,"IOTHUB_CLIENT_CONFIRMATION_OK"
893,10812858969,10812859100,1,"IOTHUB_CLIENT_CONFIRMATION_OK"
894,10812859302,10812859459,1,"IOTHUB_CLIENT_CONFIRMATION_OK"
895,10812859636,10812859693,1,"IOTHUB_CLIENT_CONFIRMATION_OK"
896,10812859969,10812860025,1,"IOTHUB_CLIENT_CONFIRMATION_OK"
897,10812860302,10812860357,1,"IOTHUB_CLIENT_CONFIRMATION_OK"
898,10812860635,10812860691,1,"IOTHUB_CLIENT_CONFIRMATION_OK"
899,10812860968,10812861032,1,"IOTHUB_CLIENT_CONFIRMATION_OK"
