Message ID,Send Time,Receive Time,Status,Error
0,10812561441,10812561696,1,"IOTHUB_CLIENT_CONFIRMATION_OK"
1,10812561775,10812561835,1,"IOTHUB_CLIENT_CONFIRMATION_OK"
2,10812562108,10812562175,1,"IOTHUB_CLIENT_CONFIRMATION_OK"
3,10812562441,10812562506,1,"IOTHUB_CLIENT_CONFIRMATION_OK"
4,10812562774,10812562836,1,"IOTHUB_CLIENT_CONFIRMATION_OK"
5,10812563107,10812563178,1,"IOTHUB_CLIENT_CONFIRMATION_OK"
6,10812563440,10812563508,1,"IOTHUB_CLIENT_CONFIRMATION_OK"
7,10812563773,10812563833,1,"IOTHUB_CLIENT_CONFIRMATION_OK"
8,10812564107,10812564170,1,"IOTHUB_CLIENT_CONFIRMATION_OK"
9,10812564440,10812564508,1,"IOTHUB_CLIENT_CONFIRMATION_OK"
10,10812564773,10812564832,1,"IOTHUB_CLIENT_CONFIRMATION_OK"
11,10812565106,10812565204,1,"IOTHUB_CLIENT_CONFIRMATION_OK"
12,10812565439,10812565512,1,"IOTHUB_CLIENT_CONFIRMATION_OK"
13,10812565772,10812565834,1,"IOTHUB_CLIENT_CONFIRMATION_OK"
14,10812566106,10812566167,1,"IOTHUB_CLIENT_CONFIRMATION_OK"
15,10812566439,10812566520,1,"IOTHUB_CLIENT_CONFIRMATION_OK"
16,10812566772,10812566842,1,"IOTHUB_CLIENT_CONFIRMATION_OK"
17,10812567105,10812567190,1,"IOTHUB_CLIENT_CONFIRMATION_OK"
18,10812567438,10812567541,1,"IOTHUB_CLIENT_CONFIRMATION_OK"
19,10812567771,10812567837,1,"IOTHUB_CLIENT_CONFIRMATION_OK"
20,10812568105,10812568169,1,"IOTHUB_CLIENT_CONFIRMATION_OK"
21,10812568438,10812568500,1,"IOTHUB_CLIENT_CONFIRMATION_OK"
22,10812568771,10812568845,1,"IOTHUB_CLIENT_CONFIRMATION_OK"
23,10812569104,10812569173,1,"IOTHUB_CLIENT_CONFIRMATION_OK"
24,10812569437,10812569496,1,"IOTHUB_CLIENT_CONFIRMATION_OK"
25,10812569770,10812569841,1,"IOTHUB_CLIENT_CONFIRMATION_OK"
26,10812570104,10812570165,1,"IOTHUB_CLIENT_CONFIRMATION_OK"
27,10812570437,10812570495,1,"IOTHUB_CLIENT_CONFIRMATION_OK"
28,10812570770,10812570858,1,"IOTHUB_CLIENT_CONFIRMATION_OK"
29,10812571103,10812571173,1,"IOTHUB_CLIENT_CONFIRMATION_OK"
30,10812571436,10812571504,1,"IOTHUB_CLIENT_CONFIRMATION_OK"
31,10812571769,10812571840,1,"IOTHUB_CLIENT_CONFIRMATION_OK"
32,10812572103,10812572170,1,"IOTHUB_CLIENT_CONFIRMATION_OK"
33,10812572436,10812572493,1,"IOTHUB_CLIENT_CONFIRMATION_OK"
34,10812572769,10812572851,1,"IOTHUB_CLIENT_CONFIRMATION_OK"
35,10812573102,10812573159,1,"IOTHUB_CLIENT_CONFIRMATION_OK"
36,10812573435,10812573502,1,"IOTHUB_CLIENT_CONFIRMATION_OK"
37,10812573768,10812573825,1,"IOTHUB_CLIENT_CONFIRMATION_OK"
38,10812574102,10812574185,1,"IOTHUB_CLIENT_CONFIRMATION_OK"
39,10812574435,10812574493,1,"IOTHUB_CLIENT_CONFIRMATION_OK"
40,10812574768,10812574825,1,"IOTHUB_CLIENT_CONFIRMATION_OK"
41,10812575101,10812575261,1,"IOTHUB_CLIENT_CONFIRMATION_OK"
42,10812575434,10812575510,1,"IOTHUB_CLIENT_CONFIRMATION_OK"
43,10812575767,10812575832,1,"IOTHUB_CLIENT_CONFIRMATION_OK"
44,10812576100,10812576159,1,"IOTHUB_CLIENT_CONFIRMATION_OK"
45,10812576434,10812576489,1,"IOTHUB_CLIENT_CONFIRMATION_OK"
46,10812576767,10812576823,1,"IOTHUB_CLIENT_CONFIRMATION_OK"
47,10812577100,10812577168,1,"IOTHUB_CLIENT_CONFIRMATION_OK"
48,10812577433,10812577513,1,"IOTHUB_CLIENT_CONFIRMATION_OK"
49,10812577766,10812577833,1,"IOTHUB_CLIENT_CONFIRMATION_OK"
50,10812578099,10812578174,1,"IOTHUB_CLIENT_CONFIRMATION_OK"
51,10812578433,10812578498,1,"IOTHUB_CLIENT_CONFIRMATION_OK"
52,10812578766,10812578837,1,"IOTHUB_CLIENT_CONFIRMATION_OK"
53,10812579099,10812579154,1,"IOTHUB_CLIENT_CONFIRMATION_OK"
54,10812579432,10812579487,1,"IOTHUB_CLIENT_CONFIRMATION_OK"
55,10812579765,10812579826,1,"IOTHUB_CLIENT_CONFIRMATION_OK"
56,10812580098,10812580169,1,"IOTHUB_CLIENT_CONFIRMATION_OK"
57,10812580432,10812580495,1,"IOTHUB_CLIENT_CONFIRMATION_OK"
58,10812580765,10812580826,1,"IOTHUB_CLIENT_CONFIRMATION_OK"
59,10812581098,10812581179,1,"IOTHUB_CLIENT_CONFIRMATION_OK"
60,10812581431,10812581494,1,"IOTHUB_CLIENT_CONFIRMATION_OK"
61,10812581764,10812581820,1,"IOTHUB_CLIENT_CONFIRMATION_OK"
62,10812582097,10812582184,1,"IOTHUB_CLIENT_CONFIRMATION_OK"
63,10812582430,10812582491,1,"IOTHUB_CLIENT_CONFIRMATION_OK"
64,10812582764,10812582827,1,"IOTHUB_CLIENT_CONFIRMATION_OK"
65,10812583097,10812583166,1,"IOTHUB_CLIENT_CONFIRMATION_OK"
66,10812583430,10812583565,1,"IOTHUB_CLIENT_CONFIRMATION_OK"
67,10812583763,10812583831,1,"IOTHUB_CLIENT_CONFIRMATION_OK"
68,10812584096,10812584156,1,"IOTHUB_CLIENT_CONFIRMATION_OK"
69,10812584429,10812584485,1,"IOTHUB_CLIENT_CONFIRMATION_OK"
70,10812584763,10812585133,1,"IOTHUB_CLIENT_CONFIRMATION_OK"
71,10812585096,10812585169,1,"IOTHUB_CLIENT_CONFIRMATION_OK"
72,10812585429,10812585493,1,"IOTHUB_CLIENT_CONFIRMATION_OK"
73,10812585762,10812585842,1,"IOTHUB_CLIENT_CONFIRMATION_OK"
74,10812586095,10812586170,1,"IOTHUB_CLIENT_CONFIRMATION_OK"
75,10812586428,10812586660,1,"IOTHUB_CLIENT_CONFIRMATION_OK"
76,10812586762,10812586824,1,"IOTHUB_CLIENT_CONFIRMATION_OK"
77,10812587095,10812587151,1,"IOTHUB_CLIENT_CONFIRMATION_OK"
78,10812587428,10812587491,1,"IOTHUB_CLIENT_CONFIRMATION_OK"
79,10812587761,10812587821,1,"IOTHUB_CLIENT_CONFIRMATION_OK"
80,10812588094,10812588207,1,"IOTHUB_CLIENT_CONFIRMATION_OK"
81,10812588427,10812588491,1,"IOTHUB_CLIENT_CONFIRMATION_OK"
82,10812588761,10812588824,1,"IOTHUB_CLIENT_CONFIRMATION_OK"
83,10812589094,10812589274,1,"IOTHUB_CLIENT_CONFIRMATION_OK"
84,10812589427,10812589486,1,"IOTHUB_CLIENT_CONFIRMATION_OK"
85,10812589760,10812589829,1,"IOTHUB_CLIENT_CONFIRMATION_OK"
86,10812590093,10812590286,1,"IOTHUB_CLIENT_CONFIRMATION_OK"
87,10812590426,10812590498,1,"IOTHUB_CLIENT_CONFIRMATION_OK"
88,10812590759,10812590823,1,"IOTHUB_CLIENT_CONFIRMATION_OK"
89,10812591093,10812591145,1,"IOTHUB_CLIENT_CONFIRMATION_OK"
90,10812591426,10812591561,1,"IOTHUB_CLIENT_CONFIRMATION_OK"
91,10812591759,10812591822,1,"IOTHUB_CLIENT_CONFIRMATION_OK"
92,10812592092,10812592171,1,"IOTHUB_CLIENT_CONFIRMATION_OK"
93,10812592425,10812592487,1,"IOTHUB_CLIENT_CONFIRMATION_OK"
94,10812592758,10812592815,1,"IOTHUB_CLIENT_CONFIRMATION_OK"
95,10812593092,10812593161,1,"IOTHUB_CLIENT_CONFIRMATION_OK"
96,10812593425,10812593490,1,"IOTHUB_CLIENT_CONFIRMATION_OK"
97,10812593758,10812593812,1,"IOTHUB_CLIENT_CONFIRMATION_OK"
98,10812594091,10812594209,1,"IOTHUB_CLIENT_CONFIRMATION_OK"
99,10812594424,10812594490,1,"IOTHUB_CLIENT_CONFIRMATION_OK"
100,10812594757,10812594816,1,"IOTHUB_CLIENT_CONFIRMATION_OK"
101,10812595091,10812595165,1,"IOTHUB_CLIENT_CONFIRMATION_OK"
102,10812595424,10812595481,1,"IOTHUB_CLIENT_CONFIRMATION_OK"
103,10812595757,10812595814,1,"IOTHUB_CLIENT_CONFIRMATION_OK"
104,10812596090,10812596145,1,"IOTHUB_CLIENT_CONFIRMATION_OK"
105,10812596423,10812596477,1,"IOTHUB_CLIENT_CONFIRMATION_OK"
106,10812596756,10812596819,1,"IOTHUB_CLIENT_CONFIRMATION_OK"
107,10812597090,10812597160,1,"IOTHUB_CLIENT_CONFIRMATION_OK"
108,10812597423,10812597492,1,"IOTHUB_CLIENT_CONFIRMATION_OK"
109,10812597756,10812597965,1,"IOTHUB_CLIENT_CONFIRMATION_OK"
110,10812598089,10812598144,1,"IOTHUB_CLIENT_CONFIRMATION_OK"
111,10812598422,10812598697,1,"IOTHUB_CLIENT_CONFIRMATION_OK"
112,10812598755,10812598815,1,"IOTHUB_CLIENT_CONFIRMATION_OK"
113,10812599089,10812599148,1,"IOTHUB_CLIENT_CONFIRMATION_OK"
114,10812599422,10812599501,1,"IOTHUB_CLIENT_CONFIRMATION_OK"
115,10812599755,10812599814,1,"IOTHUB_CLIENT_CONFIRMATION_OK"
116,10812600088,10812600304,1,"IOTHUB_CLIENT_CONFIRMATION_OK"
117,10812600421,10812600497,1,"IOTHUB_CLIENT_CONFIRMATION_OK"
118,10812600754,10812600818,1,"IOTHUB_CLIENT_CONFIRMATION_OK"
119,10812601088,10812601160,1,"IOTHUB_CLIENT_CONFIRMATION_OK"
120,10812601421,10812601482,1,"IOTHUB_CLIENT_CONFIRMATION_OK"
121,10812601754,10812601838,1,"IOTHUB_CLIENT_CONFIRMATION_OK"
122,10812602087,10812602144,1,"IOTHUB_CLIENT_CONFIRMATION_OK"
123,10812602420,10812602479,1,"IOTHUB_CLIENT_CONFIRMATION_OK"
124,10812602753,10812602817,1,"IOTHUB_CLIENT_CONFIRMATION_OK"
125,10812603087,10812603147,1,"IOTHUB_CLIENT_CONFIRMATION_OK"
126,10812603420,10812603478,1,"IOTHUB_CLIENT_CONFIRMATION_OK"
127,10812603753,10812603819,1,"IOTHUB_CLIENT_CONFIRMATION_OK"
128,10812604086,10812604162,1,"IOTHUB_CLIENT_CONFIRMATION_OK"
129,10812604419,10812604590,1,"IOTHUB_CLIENT_CONFIRMATION_OK"
130,10812604752,10812604809,1,"IOTHUB_CLIENT_CONFIRMATION_OK"
131,10812605085,10812605158,1,"IOTHUB_CLIENT_CONFIRMATION_OK"
132,10812605419,10812605490,1,"IOTHUB_CLIENT_CONFIRMATION_OK"
133,10812605752,10812605814,1,"IOTHUB_CLIENT_CONFIRMATION_OK"
134,10812606085,10812606139,1,"IOTHUB_CLIENT_CONFIRMATION_OK"
135,10812606418,10812606482,1,"IOTHUB_CLIENT_CONFIRMATION_OK"
136,10812606751,10812606815,1,"IOTHUB_CLIENT_CONFIRMATION_OK"
137,10812607084,10812607147,1,"IOTHUB_CLIENT_CONFIRMATION_OK"
138,10812607418,10812607477,1,"IOTHUB_CLIENT_CONFIRMATION_OK"
139,10812607751,10812607808,1,"IOTHUB_CLIENT_CONFIRMATION_OK"
140,10812608084,10812608143,1,"IOTHUB_CLIENT_CONFIRMATION_OK"
141,10812608417,10812608471,1,"IOTHUB_CLIENT_CONFIRMATION_OK"
142,10812608750,10812608849,1,"IOTHUB_CLIENT_CONFIRMATION_OK"
143,10812609083,10812609143,1,"IOTHUB_CLIENT_CONFIRMATION_OK"
144,10812609417,10812609473,1,"IOTHUB_CLIENT_CONFIRMATION_OK"
145,10812609750,10812609813,1,"IOTHUB_CLIENT_CONFIRMATION_OK"
146,10812610083,10812610146,1,"IOTHUB_CLIENT_CONFIRMATION_OK"
147,10812610416,10812610475,1,"IOTHUB_CLIENT_CONFIRMATION_OK"
148,10812610749,10812610805,1,"IOTHUB_CLIENT_CONFIRMATION_OK"
149,10812611082,10812611137,1,"IOTHUB_CLIENT_CONFIRMATION_OK"
150,10812611416,10812611479,1,"IOTHUB_CLIENT_CONFIRMATION_OK"
151,10812611749,10812611803,1,"IOTHUB_CLIENT_CONFIRMATION_OK"
152,10812612082,10812612139,1,"IOTHUB_CLIENT_CONFIRMATION_OK"
153,10812612415,10812612478,1,"IOTHUB_CLIENT_CONFIRMATION_OK"
154,10812612748,10812612804,1,"IOTHUB_CLIENT_CONFIRMATION_OK"
155,10812613081,10812613141,1,"IOTHUB_CLIENT_CONFIRMATION_OK"
156,10812613415,10812613487,1,"IOTHUB_CLIENT_CONFIRMATION_OK"
157,10812613748,10812613805,1,"IOTHUB_CLIENT_CONFIRMATION_OK"
158,10812614081,10812614136,1,"IOTHUB_CLIENT_CONFIRMATION_OK"
159,10812614414,10812614567,1,"IOTHUB_CLIENT_CONFIRMATION_OK"
160,10812614747,10812614811,1,"IOTHUB_CLIENT_CONFIRMATION_OK"
161,10812615080,10812615135,1,"IOTHUB_CLIENT_CONFIRMATION_OK"
162,10812615414,10812615477,1,"IOTHUB_CLIENT_CONFIRMATION_OK"
163,10812615747,10812615811,1,"IOTHUB_CLIENT_CONFIRMATION_OK"
164,10812616080,10812616176,1,"IOTHUB_CLIENT_CONFIRMATION_OK"
165,10812616413,10812616476,1,"IOTHUB_CLIENT_CONFIRMATION_OK"
166,10812616746,10812616826,1,"IOTHUB_CLIENT_CONFIRMATION_OK"
167,10812617079,10812617146,1,"IOTHUB_CLIENT_CONFIRMATION_OK"
168,10812617412,10812617473,1,"IOTHUB_CLIENT_CONFIRMATION_OK"
169,10812617746,10812617808,1,"IOTHUB_CLIENT_CONFIRMATION_OK"
170,10812618079,10812618133,1,"IOTHUB_CLIENT_CONFIRMATION_OK"
171,10812618412,10812618489,1,"IOTHUB_CLIENT_CONFIRMATION_OK"
172,10812618745,10812618806,1,"IOTHUB_CLIENT_CONFIRMATION_OK"
173,10812619078,10812619139,1,"IOTHUB_CLIENT_CONFIRMATION_OK"
174,10812619411,10812619547,1,"IOTHUB_CLIENT_CONFIRMATION_OK"
175,10812619745,10812619800,1,"IOTHUB_CLIENT_CONFIRMATION_OK"
176,10812620078,10812620132,1,"IOTHUB_CLIENT_CONFIRMATION_OK"
177,10812620411,10812620469,1,"IOTHUB_CLIENT_CONFIRMATION_OK"
178,10812620744,10812620798,1,"IOTHUB_CLIENT_CONFIRMATION_OK"
179,10812621077,10812621150,1,"IOTHUB_CLIENT_CONFIRMATION_OK"
180,10812621410,10812621472,1,"IOTHUB_CLIENT_CONFIRMATION_OK"
181,10812621744,10812621811,1,"IOTHUB_CLIENT_CONFIRMATION_OK"
182,10812622077,10812622138,1,"IOTHUB_CLIENT_CONFIRMATION_OK"
183,10812622410,10812622473,1,"IOTHUB_CLIENT_CONFIRMATION_OK"
184,10812622743,10812622801,1,"IOTHUB_CLIENT_CONFIRMATION_OK"
185,10812623076,10812623134,1,"IOTHUB_CLIENT_CONFIRMATION_OK"
186,10812623409,10812623519,1,"IOTHUB_CLIENT_CONFIRMATION_OK"
187,10812623743,10812623804,1,"IOTHUB_CLIENT_CONFIRMATION_OK"
188,10812624076,10812624129,1,"IOTHUB_CLIENT_CONFIRMATION_OK"
189,10812624409,10812624486,1,"IOTHUB_CLIENT_CONFIRMATION_OK"
190,10812624742,10812624877,1,"IOTHUB_CLIENT_CONFIRMATION_OK"
191,10812625075,10812625134,1,"IOTHUB_CLIENT_CONFIRMATION_OK"
192,10812625408,10812625481,1,"IOTHUB_CLIENT_CONFIRMATION_OK"
193,10812625742,10812625811,1,"IOTHUB_CLIENT_CONFIRMATION_OK"
194,10812626075,10812626199,1,"IOTHUB_CLIENT_CONFIRMATION_OK"
195,10812626408,10812626470,1,"IOTHUB_CLIENT_CONFIRMATION_OK"
196,10812626741,10812626817,1,"IOTHUB_CLIENT_CONFIRMATION_OK"
197,10812627074,10812627142,1,"IOTHUB_CLIENT_CONFIRMATION_OK"
198,10812627407,10812627528,1,"IOTHUB_CLIENT_CONFIRMATION_OK"
199,10812627741,10812627802,1,"IOTHUB_CLIENT_CONFIRMATION_OK"
200,10812628074,10812628143,1,"IOTHUB_CLIENT_CONFIRMATION_OK"
201,10812628407,10812628464,1,"IOTHUB_CLIENT_CONFIRMATION_OK"
202,10812628740,10812628802,1,"IOTHUB_CLIENT_CONFIRMATION_OK"
203,10812629073,10812629129,1,"IOTHUB_CLIENT_CONFIRMATION_OK"
204,10812629407,10812629470,1,"IOTHUB_CLIENT_CONFIRMATION_OK"
205,10812629740,10812629797,1,"IOTHUB_CLIENT_CONFIRMATION_OK"
206,10812630073,10812630131,1,"IOTHUB_CLIENT_CONFIRMATION_OK"
207,10812630406,10812630468,1,"IOTHUB_CLIENT_CONFIRMATION_OK"
208,10812630739,10812630803,1,"IOTHUB_CLIENT_CONFIRMATION_OK"
209,10812631072,10812631128,1,"IOTHUB_CLIENT_CONFIRMATION_OK"
210,10812631406,10812631464,1,"IOTHUB_CLIENT_CONFIRMATION_OK"
211,10812631739,10812631806,1,"IOTHUB_CLIENT_CONFIRMATION_OK"
212,10812632072,10812632130,1,"IOTHUB_CLIENT_CONFIRMATION_OK"
213,10812632405,10812632467,1,"IOTHUB_CLIENT_CONFIRMATION_OK"
214,10812632738,10812632801,1,"IOTHUB_CLIENT_CONFIRMATION_OK"
215,10812633071,10812633211,1,"IOTHUB_CLIENT_CONFIRMATION_OK"
216,10812633404,10812633468,1,"IOTHUB_CLIENT_CONFIRMATION_OK"
217,10812633738,10812633840,1,"IOTHUB_CLIENT_CONFIRMATION_OK"
218,10812634071,10812634130,1,"IOTHUB_CLIENT_CONFIRMATION_OK"
219,10812634404,10812634458,1,"IOTHUB_CLIENT_CONFIRMATION_OK"
220,10812634737,10812634801,1,"IOTHUB_CLIENT_CONFIRMATION_OK"
221,10812635070,10812635137,1,"IOTHUB_CLIENT_CONFIRMATION_OK"
222,10812635403,10812635473,1,"IOTHUB_CLIENT_CONFIRMATION_OK"
223,10812635737,10812635791,1,"IOTHUB_CLIENT_CONFIRMATION_OK"
224,10812636070,10812636134,1,"IOTHUB_CLIENT_CONFIRMATION_OK"
225,10812636403,10812636468,1,"IOTHUB_CLIENT_CONFIRMATION_OK"
226,10812636736,10812636800,1,"IOTHUB_CLIENT_CONFIRMATION_OK"
227,10812637069,10812637137,1,"IOTHUB_CLIENT_CONFIRMATION_OK"
228,10812637402,10812637460,1,"IOTHUB_CLIENT_CONFIRMATION_OK"
229,10812637736,10812637786,1,"IOTHUB_CLIENT_CONFIRMATION_OK"
230,10812638069,10812638168,1,"IOTHUB_CLIENT_CONFIRMATION_OK"
231,10812638402,10812638499,1,"IOTHUB_CLIENT_CONFIRMATION_OK"
232,10812638735,10812638791,1,"IOTHUB_CLIENT_CONFIRMATION_OK"
233,10812639068,10812639124,1,"IOTHUB_CLIENT_CONFIRMATION_OK"
234,10812639401,10812639457,1,"IOTHUB_CLIENT_CONFIRMATION_OK"
235,10812639735,10812639806,1,"IOTHUB_CLIENT_CONFIRMATION_OK"
236,10812640068,10812640123,1,"IOTHUB_CLIENT_CONFIRMATION_OK"
237,10812640401,10812640460,1,"IOTHUB_CLIENT_CONFIRMATION_OK"
238,10812640734,10812640789,1,"IOTHUB_CLIENT_CONFIRMATION_OK"
239,10812641067,10812641120,1,"IOTHUB_CLIENT_CONFIRMATION_OK"
240,10812641400,10812641466,1,"IOTHUB_CLIENT_CONFIRMATION_OK"
241,10812641734,10812641791,1,"IOTHUB_CLIENT_CONFIRMATION_OK"
242,10812642067,10812642157,1,"IOTHUB_CLIENT_CONFIRMATION_OK"
243,10812642400,10812642481,1,"IOTHUB_CLIENT_CONFIRMATION_OK"
244,10812642733,10812642843,1,"IOTHUB_CLIENT_CONFIRMATION_OK"
245,10812643066,10812643122,1,"IOTHUB_CLIENT_CONFIRMATION_OK"
246,10812643399,10812643467,1,"IOTHUB_CLIENT_CONFIRMATION_OK"
247,10812643733,10812643791,1,"IOTHUB_CLIENT_CONFIRMATION_OK"
248,10812644066,10812644141,1,"IOTHUB_CLIENT_CONFIRMATION_OK"
249,10812644399,10812644461,1,"IOTHUB_CLIENT_CONFIRMATION_OK"
250,10812644732,10812644787,1,"IOTHUB_CLIENT_CONFIRMATION_OK"
251,10812645065,10812645119,1,"IOTHUB_CLIENT_CONFIRMATION_OK"
252,10812645398,10812645454,1,"IOTHUB_CLIENT_CONFIRMATION_OK"
253,10812645732,10812645795,1,"IOTHUB_CLIENT_CONFIRMATION_OK"
254,10812646065,10812646121,1,"IOTHUB_CLIENT_CONFIRMATION_OK"
255,10812646398,10812646466,1,"IOTHUB_CLIENT_CONFIRMATION_OK"
256,10812646731,10812646802,1,"IOTHUB_CLIENT_CONFIRMATION_OK"
257,10812647064,10812647127,1,"IOTHUB_CLIENT_CONFIRMATION_OK"
258,10812647397,10812647453,1,"IOTHUB_CLIENT_CONFIRMATION_OK"
259,10812647731,10812647794,1,"IOTHUB_CLIENT_CONFIRMATION_OK"
260,10812648064,10812648132,1,"IOTHUB_CLIENT_CONFIRMATION_OK"
261,10812648397,10812648455,1,"IOTHUB_CLIENT_CONFIRMATION_OK"
262,10812648730,10812648800,1,"IOTHUB_CLIENT_CONFIRMATION_OK"
263,10812649063,10812649123,1,"IOTHUB_CLIENT_CONFIRMATION_OK"
264,10812649396,10812649452,1,"IOTHUB_CLIENT_CONFIRMATION_OK"
265,10812649730,10812649795,1,"IOTHUB_CLIENT_CONFIRMATION_OK"
266,10812650063,10812650271,1,"IOTHUB_CLIENT_CONFIRMATION_OK"
267,10812650396,10812650464,1,"IOTHUB_CLIENT_CONFIRMATION_OK"
268,10812650729,10812650809,1,"IOTHUB_CLIENT_CONFIRMATION_OK"
269,10812651062,10812651127,1,"IOTHUB_CLIENT_CONFIRMATION_OK"
270,10812651395,10812651460,1,"IOTHUB_CLIENT_CONFIRMATION_OK"
271,10812651729,10812651798,1,"IOTHUB_CLIENT_CONFIRMATION_OK"
272,10812652062,10812652123,1,"IOTHUB_CLIENT_CONFIRMATION_OK"
273,10812652395,10812652464,1,"IOTHUB_CLIENT_CONFIRMATION_OK"
274,10812652728,10812652788,1,"IOTHUB_CLIENT_CONFIRMATION_OK"
275,10812653061,10812653119,1,"IOTHUB_CLIENT_CONFIRMATION_OK"
276,10812653394,10812653454,1,"IOTHUB_CLIENT_CONFIRMATION_OK"
277,10812653728,10812653790,1,"IOTHUB_CLIENT_CONFIRMATION_OK"
278,10812654061,10812654115,1,"IOTHUB_CLIENT_CONFIRMATION_OK"
279,10812654394,10812654560,1,"IOTHUB_CLIENT_CONFIRMATION_OK"
280,10812654727,10812654784,1,"IOTHUB_CLIENT_CONFIRMATION_OK"
281,10812655060,10812655114,1,"IOTHUB_CLIENT_CONFIRMATION_OK"
282,10812655393,10812655640,1,"IOTHUB_CLIENT_CONFIRMATION_OK"
283,10812655727,10812655786,1,"IOTHUB_CLIENT_CONFIRMATION_OK"
284,10812656060,10812656118,1,"IOTHUB_CLIENT_CONFIRMATION_OK"
285,10812656393,10812656447,1,"IOTHUB_CLIENT_CONFIRMATION_OK"
286,10812656726,10812656796,1,"IOTHUB_CLIENT_CONFIRMATION_OK"
287,10812657059,10812657134,1,"IOTHUB_CLIENT_CONFIRMATION_OK"
288,10812657392,10812657459,1,"IOTHUB_CLIENT_CONFIRMATION_OK"
289,10812657726,10812657778,1,"IOTHUB_CLIENT_CONFIRMATION_OK"
290,10812658059,10812658115,1,"IOTHUB_CLIENT_CONFIRMATION_OK"
291,10812658392,10812658445,1,"IOTHUB_CLIENT_CONFIRMATION_OK"
292,10812658725,10812658841,1,"IOTHUB_CLIENT_CONFIRMATION_OK"
293,10812659058,10812659123,1,"IOTHUB_CLIENT_CONFIRMATION_OK"
294,10812659391,10812659448,1,"IOTHUB_CLIENT_CONFIRMATION_OK"
295,10812659724,10812659791,1,"IOTHUB_CLIENT_CONFIRMATION_OK"
296,10812660058,10812660116,1,"IOTHUB_CLIENT_CONFIRMATION_OK"
297,10812660391,10812660448,1,"IOTHUB_CLIENT_CONFIRMATION_OK"
298,10812660724,10812660778,1,"IOTHUB_CLIENT_CONFIRMATION_OK"
299,10812661057,10812661122,1,"IOTHUB_CLIENT_CONFIRMATION_OK"
300,10812661390,10812661453,1,"IOTHUB_CLIENT_CONFIRMATION_OK"
301,10812661723,10812661781,1,"IOTHUB_CLIENT_CONFIRMATION_OK"
302,10812662057,10812662150,1,"IOTHUB_CLIENT_CONFIRMATION_OK"
303,10812662390,10812662464,1,"IOTHUB_CLIENT_CONFIRMATION_OK"
304,10812662723,10812662777,1,"IOTHUB_CLIENT_CONFIRMATION_OK"
305,10812663056,10812663125,1,"IOTHUB_CLIENT_CONFIRMATION_OK"
306,10812663389,10812663443,1,"IOTHUB_CLIENT_CONFIRMATION_OK"
307,10812663722,10812663777,1,"IOTHUB_CLIENT_CONFIRMATION_OK"
308,10812664056,10812664117,1,"IOTHUB_CLIENT_CONFIRMATION_OK"
309,10812664389,10812664448,1,"IOTHUB_CLIENT_CONFIRMATION_OK"
310,10812664722,10812664963,1,"IOTHUB_CLIENT_CONFIRMATION_OK"
311,10812665055,10812665109,1,"IOTHUB_CLIENT_CONFIRMATION_OK"
312,10812665388,10812665462,1,"IOTHUB_CLIENT_CONFIRMATION_OK"
313,10812665721,10812665788,1,"IOTHUB_CLIENT_CONFIRMATION_OK"
314,10812666055,10812666120,1,"IOTHUB_CLIENT_CONFIRMATION_OK"
315,10812666388,10812666442,1,"IOTHUB_CLIENT_CONFIRMATION_OK"
316,10812666721,10812666782,1,"IOTHUB_CLIENT_CONFIRMATION_OK"
317,10812667054,10812667117,1,"IOTHUB_CLIENT_CONFIRMATION_OK"
318,10812667387,10812667453,1,"IOTHUB_CLIENT_CONFIRMATION_OK"
319,10812667720,10812667784,1,"IOTHUB_CLIENT_CONFIRMATION_OK"
320,10812668054,10812668373,1,"IOTHUB_CLIENT_CONFIRMATION_OK"
321,10812668387,10812668463,1,"IOTHUB_CLIENT_CONFIRMATION_OK"
322,10812668720,10812668779,1,"IOTHUB_CLIENT_CONFIRMATION_OK"
323,10812669053,10812669115,1,"IOTHUB_CLIENT_CONFIRMATION_OK"
324,10812669386,10812669442,1,"IOTHUB_CLIENT_CONFIRMATION_OK"
325,10812669719,10812669778,1,"IOTHUB_CLIENT_CONFIRMATION_OK"
326,10812670053,10812670108,1,"IOTHUB_CLIENT_CONFIRMATION_OK"
327,10812670386,10812670440,1,"IOTHUB_CLIENT_CONFIRMATION_OK"
328,10812670719,10812670789,1,"IOTHUB_CLIENT_CONFIRMATION_OK"
329,10812671052,10812671109,1,"IOTHUB_CLIENT_CONFIRMATION_OK"
330,10812671385,10812671440,1,"IOTHUB_CLIENT_CONFIRMATION_OK"
331,10812671718,10812671783,1,"IOTHUB_CLIENT_CONFIRMATION_OK"
332,10812672052,10812672107,1,"IOTHUB_CLIENT_CONFIRMATION_OK"
333,10812672385,10812672457,1,"IOTHUB_CLIENT_CONFIRMATION_OK"
334,10812672718,10812672779,1,"IOTHUB_CLIENT_CONFIRMATION_OK"
335,10812673051,10812673117,1,"IOTHUB_CLIENT_CONFIRMATION_OK"
336,10812673384,10812673509,1,"IOTHUB_CLIENT_CONFIRMATION_OK"
337,10812673717,10812673776,1,"IOTHUB_CLIENT_CONFIRMATION_OK"
338,10812674051,10812674115,1,"IOTHUB_CLIENT_CONFIRMATION_OK"
339,10812674384,10812674464,1,"IOTHUB_CLIENT_CONFIRMATION_OK"
340,10812674717,10812674773,1,"IOTHUB_CLIENT_CONFIRMATION_OK"
341,10812675050,10812675131,1,"IOTHUB_CLIENT_CONFIRMATION_OK"
342,10812675383,10812675440,1,"IOTHUB_CLIENT_CONFIRMATION_OK"
343,10812675716,10812675772,1,"IOTHUB_CLIENT_CONFIRMATION_OK"
344,10812676050,10812676108,1,"IOTHUB_CLIENT_CONFIRMATION_OK"
345,10812676383,10812676459,1,"IOTHUB_CLIENT_CONFIRMATION_OK"
346,10812676716,10812676775,1,"IOTHUB_CLIENT_CONFIRMATION_OK"
347,10812677049,10812677103,1,"IOTHUB_CLIENT_CONFIRMATION_OK"
348,10812677382,10812677477,1,"IOTHUB_CLIENT_CONFIRMATION_OK"
349,10812677715,10812677926,1,"IOTHUB_CLIENT_CONFIRMATION_OK"
350,10812678049,10812678111,1,"IOTHUB_CLIENT_CONFIRMATION_OK"
351,10812678382,10812678448,1,"IOTHUB_CLIENT_CONFIRMATION_OK"
352,10812678715,10812678771,1,"IOTHUB_CLIENT_CONFIRMATION_OK"
353,10812679048,10812679102,1,"IOTHUB_CLIENT_CONFIRMATION_OK"
354,10812679381,10812679559,1,"IOTHUB_CLIENT_CONFIRMATION_OK"
355,10812679714,10812679769,1,"IOTHUB_CLIENT_CONFIRMATION_OK"
356,10812680048,10812680106,1,"IOTHUB_CLIENT_CONFIRMATION_OK"
357,10812680381,10812680474,1,"IOTHUB_CLIENT_CONFIRMATION_OK"
358,10812680714,10812680776,1,"IOTHUB_CLIENT_CONFIRMATION_OK"
359,10812681047,10812681099,1,"IOTHUB_CLIENT_CONFIRMATION_OK"
360,10812681380,10812681469,1,"IOTHUB_CLIENT_CONFIRMATION_OK"
361,10812681713,10812681778,1,"IOTHUB_CLIENT_CONFIRMATION_OK"
362,10812682046,10812682125,1,"IOTHUB_CLIENT_CONFIRMATION_OK"
363,10812682380,10812682444,1,"IOTHUB_CLIENT_CONFIRMATION_OK"
364,10812682713,10812682793,1,"IOTHUB_CLIENT_CONFIRMATION_OK"
365,10812683046,10812683127,1,"IOTHUB_CLIENT_CONFIRMATION_OK"
366,10812683379,10812683440,1,"IOTHUB_CLIENT_CONFIRMATION_OK"
367,10812683712,10812683769,1,"IOTHUB_CLIENT_CONFIRMATION_OK"
368,10812684045,10812684108,1,"IOTHUB_CLIENT_CONFIRMATION_OK"
369,10812684379,10812684438,1,"IOTHUB_CLIENT_CONFIRMATION_OK"
370,10812684712,10812684772,1,"IOTHUB_CLIENT_CONFIRMATION_OK"
371,10812685045,10812685130,1,"IOTHUB_CLIENT_CONFIRMATION_OK"
372,10812685378,10812685440,1,"IOTHUB_CLIENT_CONFIRMATION_OK"
373,10812685711,10812685765,1,"IOTHUB_CLIENT_CONFIRMATION_OK"
374,10812686044,10812686105,1,"IOTHUB_CLIENT_CONFIRMATION_OK"
375,10812686378,10812686543,1,"IOTHUB_CLIENT_CONFIRMATION_OK"
376,10812686711,10812686784,1,"IOTHUB_CLIENT_CONFIRMATION_OK"
377,10812687044,10812687109,1,"IOTHUB_CLIENT_CONFIRMATION_OK"
378,10812687377,10812687448,1,"IOTHUB_CLIENT_CONFIRMATION_OK"
379,10812687710,10812687765,1,"IOTHUB_CLIENT_CONFIRMATION_OK"
380,10812688043,10812688101,1,"IOTHUB_CLIENT_CONFIRMATION_OK"
381,10812688377,10812688435,1,"IOTHUB_CLIENT_CONFIRMATION_OK"
382,10812688710,10812688776,1,"IOTHUB_CLIENT_CONFIRMATION_OK"
383,10812689043,10812689104,1,"IOTHUB_CLIENT_CONFIRMATION_OK"
384,10812689376,10812689438,1,"IOTHUB_CLIENT_CONFIRMATION_OK"
385,10812689709,10812689829,1,"IOTHUB_CLIENT_CONFIRMATION_OK"
386,10812690043,10812690099,1,"IOTHUB_CLIENT_CONFIRMATION_OK"
387,10812690376,10812690428,1,"IOTHUB_CLIENT_CONFIRMATION_OK"
388,10812690709,10812690762,1,"IOTHUB_CLIENT_CONFIRMATION_OK"
389,10812691042,10812691105,1,"IOTHUB_CLIENT_CONFIRMATION_OK"
390,10812691375,10812691440,1,"IOTHUB_CLIENT_CONFIRMATION_OK"
391,10812691708,10812691808,1,"IOTHUB_CLIENT_CONFIRMATION_OK"
392,10812692042,10812692107,1,"IOTHUB_CLIENT_CONFIRMATION_OK"
393,10812692375,10812692430,1,"IOTHUB_CLIENT_CONFIRMATION_OK"
394,10812692708,10812692770,1,"IOTHUB_CLIENT_CONFIRMATION_OK"
395,10812693041,10812693112,1,"IOTHUB_CLIENT_CONFIRMATION_OK"
396,10812693374,10812693428,1,"IOTHUB_CLIENT_CONFIRMATION_OK"
397,10812693707,10812693773,1,"IOTHUB_CLIENT_CONFIRMATION_OK"
398,10812694041,10812694124,1,"IOTHUB_CLIENT_CONFIRMATION_OK"
399,10812694374,10812694432,1,"IOTHUB_CLIENT_CONFIRMATION_OK"
400,10812694707,10812694760,1,"IOTHUB_CLIENT_CONFIRMATION_OK"
401,10812695040,10812695104,1,"IOTHUB_CLIENT_CONFIRMATION_OK"
402,10812695373,10812695437,1,"IOTHUB_CLIENT_CONFIRMATION_OK"
403,10812695706,10812695775,1,"IOTHUB_CLIENT_CONFIRMATION_OK"
404,10812696039,10812696096,1,"IOTHUB_CLIENT_CONFIRMATION_OK"
405,10812696373,10812696428,1,"IOTHUB_CLIENT_CONFIRMATION_OK"
406,10812696706,10812696795,1,"IOTHUB_CLIENT_CONFIRMATION_OK"
407,10812697039,10812697097,1,"IOTHUB_CLIENT_CONFIRMATION_OK"
408,10812697372,10812697427,1,"IOTHUB_CLIENT_CONFIRMATION_OK"
409,10812697705,10812697759,1,"IOTHUB_CLIENT_CONFIRMATION_OK"
410,10812698038,10812698100,1,"IOTHUB_CLIENT_CONFIRMATION_OK"
411,10812698372,10812698435,1,"IOTHUB_CLIENT_CONFIRMATION_OK"
412,10812698705,10812698769,1,"IOTHUB_CLIENT_CONFIRMATION_OK"
413,10812699038,10812699089,1,"IOTHUB_CLIENT_CONFIRMATION_OK"
414,10812699371,10812699469,1,"IOTHUB_CLIENT_CONFIRMATION_OK"
415,10812699704,10812699774,1,"IOTHUB_CLIENT_CONFIRMATION_OK"
416,10812700037,10812700251,1,"IOTHUB_CLIENT_CONFIRMATION_OK"
417,10812700371,10812700443,1,"IOTHUB_CLIENT_CONFIRMATION_OK"
418,10812700704,10812700773,1,"IOTHUB_CLIENT_CONFIRMATION_OK"
419,10812701037,10812701097,1,"IOTHUB_CLIENT_CONFIRMATION_OK"
420,10812701370,10812701432,1,"IOTHUB_CLIENT_CONFIRMATION_OK"
421,10812701703,10812701763,1,"IOTHUB_CLIENT_CONFIRMATION_OK"
422,10812702036,10812702094,1,"IOTHUB_CLIENT_CONFIRMATION_OK"
423,10812702370,10812702435,1,"IOTHUB_CLIENT_CONFIRMATION_OK"
424,10812702703,10812702761,1,"IOTHUB_CLIENT_CONFIRMATION_OK"
425,10812703036,10812703092,1,"IOTHUB_CLIENT_CONFIRMATION_OK"
426,10812703369,10812703424,1,"IOTHUB_CLIENT_CONFIRMATION_OK"
427,10812703702,10812703758,1,"IOTHUB_CLIENT_CONFIRMATION_OK"
428,10812704035,10812704135,1,"IOTHUB_CLIENT_CONFIRMATION_OK"
429,10812704368,10812704546,1,"IOTHUB_CLIENT_CONFIRMATION_OK"
430,10812704702,10812704766,1,"IOTHUB_CLIENT_CONFIRMATION_OK"
431,10812705035,10812705103,1,"IOTHUB_CLIENT_CONFIRMATION_OK"
432,10812705368,10812705425,1,"IOTHUB_CLIENT_CONFIRMATION_OK"
433,10812705701,10812705764,1,"IOTHUB_CLIENT_CONFIRMATION_OK"
434,10812706034,10812706104,1,"IOTHUB_CLIENT_CONFIRMATION_OK"
435,10812706367,10812706433,1,"IOTHUB_CLIENT_CONFIRMATION_OK"
436,10812706701,10812706760,1,"IOTHUB_CLIENT_CONFIRMATION_OK"
437,10812707034,10812707099,1,"IOTHUB_CLIENT_CONFIRMATION_OK"
438,10812707367,10812707420,1,"IOTHUB_CLIENT_CONFIRMATION_OK"
439,10812707700,10812707764,1,"IOTHUB_CLIENT_CONFIRMATION_OK"
440,10812708033,10812708089,1,"IOTHUB_CLIENT_CONFIRMATION_OK"
441,10812708366,10812708429,1,"IOTHUB_CLIENT_CONFIRMATION_OK"
442,10812708700,10812708864,1,"IOTHUB_CLIENT_CONFIRMATION_OK"
443,10812709033,10812709107,1,"IOTHUB_CLIENT_CONFIRMATION_OK"
444,10812709366,10812709418,1,"IOTHUB_CLIENT_CONFIRMATION_OK"
445,10812709699,10812709759,1,"IOTHUB_CLIENT_CONFIRMATION_OK"
446,10812710032,10812710088,1,"IOTHUB_CLIENT_CONFIRMATION_OK"
447,10812710365,10812710424,1,"IOTHUB_CLIENT_CONFIRMATION_OK"
448,10812710699,10812710760,1,"IOTHUB_CLIENT_CONFIRMATION_OK"
449,10812711032,10812711119,1,"IOTHUB_CLIENT_CONFIRMATION_OK"
450,10812711365,10812711420,1,"IOTHUB_CLIENT_CONFIRMATION_OK"
451,10812711698,10812711750,1,"IOTHUB_CLIENT_CONFIRMATION_OK"
452,10812712031,10812712092,1,"IOTHUB_CLIENT_CONFIRMATION_OK"
453,10812712364,10812712418,1,"IOTHUB_CLIENT_CONFIRMATION_OK"
454,10812712698,10812712750,1,"IOTHUB_CLIENT_CONFIRMATION_OK"
455,10812713031,10812713131,1,"IOTHUB_CLIENT_CONFIRMATION_OK"
456,10812713364,10812713426,1,"IOTHUB_CLIENT_CONFIRMATION_OK"
457,10812713697,10812713758,1,"IOTHUB_CLIENT_CONFIRMATION_OK"
458,10812714030,10812714083,1,"IOTHUB_CLIENT_CONFIRMATION_OK"
459,10812714363,10812714451,1,"IOTHUB_CLIENT_CONFIRMATION_OK"
460,10812714696,10812714796,1,"IOTHUB_CLIENT_CONFIRMATION_OK"
461,10812715030,10812715100,1,"IOTHUB_CLIENT_CONFIRMATION_OK"
462,10812715363,10812715419,1,"IOTHUB_CLIENT_CONFIRMATION_OK"
463,10812715696,10812715757,1,"IOTHUB_CLIENT_CONFIRMATION_OK"
464,10812716029,10812716088,1,"IOTHUB_CLIENT_CONFIRMATION_OK"
465,10812716362,10812716417,1,"IOTHUB_CLIENT_CONFIRMATION_OK"
466,10812716695,10812716756,1,"IOTHUB_CLIENT_CONFIRMATION_OK"
467,10812717029,10812717087,1,"IOTHUB_CLIENT_CONFIRMATION_OK"
468,10812717362,10812717432,1,"IOTHUB_CLIENT_CONFIRMATION_OK"
469,10812717695,10812717751,1,"IOTHUB_CLIENT_CONFIRMATION_OK"
470,10812718028,10812718138,1,"IOTHUB_CLIENT_CONFIRMATION_OK"
471,10812718361,10812718418,1,"IOTHUB_CLIENT_CONFIRMATION_OK"
472,10812718694,10812718752,1,"IOTHUB_CLIENT_CONFIRMATION_OK"
473,10812719028,10812719143,1,"IOTHUB_CLIENT_CONFIRMATION_OK"
474,10812719361,10812719421,1,"IOTHUB_CLIENT_CONFIRMATION_OK"
475,10812719694,10812719748,1,"IOTHUB_CLIENT_CONFIRMATION_OK"
476,10812720027,10812720090,1,"IOTHUB_CLIENT_CONFIRMATION_OK"
477,10812720360,10812720426,1,"IOTHUB_CLIENT_CONFIRMATION_OK"
478,10812720693,10812720753,1,"IOTHUB_CLIENT_CONFIRMATION_OK"
479,10812721027,10812721086,1,"IOTHUB_CLIENT_CONFIRMATION_OK"
480,10812721360,10812721419,1,"IOTHUB_CLIENT_CONFIRMATION_OK"
481,10812721693,10812721751,1,"IOTHUB_CLIENT_CONFIRMATION_OK"
482,10812722026,10812722088,1,"IOTHUB_CLIENT_CONFIRMATION_OK"
483,10812722359,10812722417,1,"IOTHUB_CLIENT_CONFIRMATION_OK"
484,10812722692,10812722748,1,"IOTHUB_CLIENT_CONFIRMATION_OK"
485,10812723026,10812723092,1,"IOTHUB_CLIENT_CONFIRMATION_OK"
486,10812723359,10812723429,1,"IOTHUB_CLIENT_CONFIRMATION_OK"
487,10812723692,10812723756,1,"IOTHUB_CLIENT_CONFIRMATION_OK"
488,10812724025,10812724078,1,"IOTHUB_CLIENT_CONFIRMATION_OK"
489,10812724358,10812724413,1,"IOTHUB_CLIENT_CONFIRMATION_OK"
490,10812724691,10812724759,1,"IOTHUB_CLIENT_CONFIRMATION_OK"
491,10812725025,10812725254,1,"IOTHUB_CLIENT_CONFIRMATION_OK"
492,10812725358,10812725419,1,"IOTHUB_CLIENT_CONFIRMATION_OK"
493,10812725691,10812725759,1,"IOTHUB_CLIENT_CONFIRMATION_OK"
494,10812726024,10812726087,1,"IOTHUB_CLIENT_CONFIRMATION_OK"
495,10812726357,10812726418,1,"IOTHUB_CLIENT_CONFIRMATION_OK"
496,10812726690,10812726754,1,"IOTHUB_CLIENT_CONFIRMATION_OK"
497,10812727024,10812727087,1,"IOTHUB_CLIENT_CONFIRMATION_OK"
498,10812727357,10812727446,1,"IOTHUB_CLIENT_CONFIRMATION_OK"
499,10812727690,10812727755,1,"IOTHUB_CLIENT_CONFIRMATION_OK"
500,10812728023,10812728093,1,"IOTHUB_CLIENT_CONFIRMATION_OK"
501,10812728356,10812728408,1,"IOTHUB_CLIENT_CONFIRMATION_OK"
502,10812728689,10812728753,1,"IOTHUB_CLIENT_CONFIRMATION_OK"
503,10812729023,10812729083,1,"IOTHUB_CLIENT_CONFIRMATION_OK"
504,10812729356,10812729579,1,"IOTHUB_CLIENT_CONFIRMATION_OK"
505,10812729689,10812729750,1,"IOTHUB_CLIENT_CONFIRMATION_OK"
506,10812730022,10812730085,1,"IOTHUB_CLIENT_CONFIRMATION_OK"
507,10812730355,10812730436,1,"IOTHUB_CLIENT_CONFIRMATION_OK"
508,10812730688,10812730773,1,"IOTHUB_CLIENT_CONFIRMATION_OK"
509,10812731022,10812731075,1,"IOTHUB_CLIENT_CONFIRMATION_OK"
510,10812731355,10812731414,1,"IOTHUB_CLIENT_CONFIRMATION_OK"
511,10812731688,10812731742,1,"IOTHUB_CLIENT_CONFIRMATION_OK"
512,10812732021,10812732172,1,"IOTHUB_CLIENT_CONFIRMATION_OK"
513,10812732354,10812732429,1,"IOTHUB_CLIENT_CONFIRMATION_OK"
514,10812732687,10812732748,1,"IOTHUB_CLIENT_CONFIRMATION_OK"
515,10812733021,10812733083,1,"IOTHUB_CLIENT_CONFIRMATION_OK"
516,10812733354,10812733407,1,"IOTHUB_CLIENT_CONFIRMATION_OK"
517,10812733687,10812733739,1,"IOTHUB_CLIENT_CONFIRMATION_OK"
518,10812734020,10812734076,1,"IOTHUB_CLIENT_CONFIRMATION_OK"
519,10812734353,10812734413,1,"IOTHUB_CLIENT_CONFIRMATION_OK"
520,10812734686,10812734744,1,"IOTHUB_CLIENT_CONFIRMATION_OK"
521,10812735020,10812735140,1,"IOTHUB_CLIENT_CONFIRMATION_OK"
522,10812735353,10812735403,1,"IOTHUB_CLIENT_CONFIRMATION_OK"
523,10812735686,10812735790,1,"IOTHUB_CLIENT_CONFIRMATION_OK"
524,10812736019,10812736073,1,"IOTHUB_CLIENT_CONFIRMATION_OK"
525,10812736352,10812736414,1,"IOTHUB_CLIENT_CONFIRMATION_OK"
526,10812736685,10812736740,1,"IOTHUB_CLIENT_CONFIRMATION_OK"
527,10812737019,10812737075,1,"IOTHUB_CLIENT_CONFIRMATION_OK"
528,10812737352,10812737415,1,"IOTHUB_CLIENT_CONFIRMATION_OK"
529,10812737685,10812737740,1,"IOTHUB_CLIENT_CONFIRMATION_OK"
530,10812738018,10812738074,1,"IOTHUB_CLIENT_CONFIRMATION_OK"
531,10812738351,10812738411,1,"IOTHUB_CLIENT_CONFIRMATION_OK"
532,10812738684,10812738775,1,"IOTHUB_CLIENT_CONFIRMATION_OK"
533,10812739018,10812739098,1,"IOTHUB_CLIENT_CONFIRMATION_OK"
534,10812739351,10812739405,1,"IOTHUB_CLIENT_CONFIRMATION_OK"
535,10812739684,10812739815,1,"IOTHUB_CLIENT_CONFIRMATION_OK"
536,10812740017,10812740079,1,"IOTHUB_CLIENT_CONFIRMATION_OK"
537,10812740350,10812740430,1,"IOTHUB_CLIENT_CONFIRMATION_OK"
538,10812740683,10812740743,1,"IOTHUB_CLIENT_CONFIRMATION_OK"
539,10812741017,10812741127,1,"IOTHUB_CLIENT_CONFIRMATION_OK"
540,10812741350,10812741411,1,"IOTHUB_CLIENT_CONFIRMATION_OK"
541,10812741683,10812741737,1,"IOTHUB_CLIENT_CONFIRMATION_OK"
542,10812742016,10812742104,1,"IOTHUB_CLIENT_CONFIRMATION_OK"
543,10812742349,10812742413,1,"IOTHUB_CLIENT_CONFIRMATION_OK"
544,10812742682,10812742743,1,"IOTHUB_CLIENT_CONFIRMATION_OK"
545,10812743016,10812743068,1,"IOTHUB_CLIENT_CONFIRMATION_OK"
546,10812743349,10812743406,1,"IOTHUB_CLIENT_CONFIRMATION_OK"
547,10812743682,10812743756,1,"IOTHUB_CLIENT_CONFIRMATION_OK"
548,10812744015,10812744120,1,"IOTHUB_CLIENT_CONFIRMATION_OK"
549,10812744348,10812744428,1,"IOTHUB_CLIENT_CONFIRMATION_OK"
550,10812744681,10812744776,1,"IOTHUB_CLIENT_CONFIRMATION_OK"
551,10812745015,10812745086,1,"IOTHUB_CLIENT_CONFIRMATION_OK"
552,10812745348,10812745451,1,"IOTHUB_CLIENT_CONFIRMATION_OK"
553,10812745681,10812745754,1,"IOTHUB_CLIENT_CONFIRMATION_OK"
554,10812746014,10812746133,1,"IOTHUB_CLIENT_CONFIRMATION_OK"
555,10812746347,10812746402,1,"IOTHUB_CLIENT_CONFIRMATION_OK"
556,10812746680,10812746736,1,"IOTHUB_CLIENT_CONFIRMATION_OK"
557,10812747014,10812747077,1,"IOTHUB_CLIENT_CONFIRMATION_OK"
558,10812747347,10812747402,1,"IOTHUB_CLIENT_CONFIRMATION_OK"
559,10812747680,10812747783,1,"IOTHUB_CLIENT_CONFIRMATION_OK"
560,10812748013,10812748074,1,"IOTHUB_CLIENT_CONFIRMATION_OK"
561,10812748346,10812748415,1,"IOTHUB_CLIENT_CONFIRMATION_OK"
562,10812748679,10812748743,1,"IOTHUB_CLIENT_CONFIRMATION_OK"
563,10812749013,10812749244,1,"IOTHUB_CLIENT_CONFIRMATION_OK"
564,10812749346,10812749403,1,"IOTHUB_CLIENT_CONFIRMATION_OK"
565,10812749679,10812749791,1,"IOTHUB_CLIENT_CONFIRMATION_OK"
566,10812750012,10812750202,1,"IOTHUB_CLIENT_CONFIRMATION_OK"
567,10812750345,10812750424,1,"IOTHUB_CLIENT_CONFIRMATION_OK"
568,10812750678,10812750744,1,"IOTHUB_CLIENT_CONFIRMATION_OK"
569,10812751011,10812751068,1,"IOTHUB_CLIENT_CONFIRMATION_OK"
570,10812751345,10812751457,1,"IOTHUB_CLIENT_CONFIRMATION_OK"
571,10812751678,10812751733,1,"IOTHUB_CLIENT_CONFIRMATION_OK"
572,10812752011,10812752089,1,"IOTHUB_CLIENT_CONFIRMATION_OK"
573,10812752344,10812752400,1,"IOTHUB_CLIENT_CONFIRMATION_OK"
574,10812752677,10812752741,1,"IOTHUB_CLIENT_CONFIRMATION_OK"
575,10812753010,10812753064,1,"IOTHUB_CLIENT_CONFIRMATION_OK"
576,10812753344,10812753405,1,"IOTHUB_CLIENT_CONFIRMATION_OK"
577,10812753677,10812753750,1,"IOTHUB_CLIENT_CONFIRMATION_OK"
578,10812754010,10812754081,1,"IOTHUB_CLIENT_CONFIRMATION_OK"
579,10812754343,10812754532,1,"IOTHUB_CLIENT_CONFIRMATION_OK"
580,10812754676,10812754744,1,"IOTHUB_CLIENT_CONFIRMATION_OK"
581,10812755009,10812755064,1,"IOTHUB_CLIENT_CONFIRMATION_OK"
582,10812755343,10812755401,1,"IOTHUB_CLIENT_CONFIRMATION_OK"
583,10812755676,10812755728,1,"IOTHUB_CLIENT_CONFIRMATION_OK"
584,10812756009,10812756079,1,"IOTHUB_CLIENT_CONFIRMATION_OK"
585,10812756342,10812756408,1,"IOTHUB_CLIENT_CONFIRMATION_OK"
586,10812756675,10812756733,1,"IOTHUB_CLIENT_CONFIRMATION_OK"
587,10812757008,10812757078,1,"IOTHUB_CLIENT_CONFIRMATION_OK"
588,10812757342,10812757394,1,"IOTHUB_CLIENT_CONFIRMATION_OK"
589,10812757675,10812757753,1,"IOTHUB_CLIENT_CONFIRMATION_OK"
590,10812758008,10812758072,1,"IOTHUB_CLIENT_CONFIRMATION_OK"
591,10812758341,10812758422,1,"IOTHUB_CLIENT_CONFIRMATION_OK"
592,10812758674,10812758732,1,"IOTHUB_CLIENT_CONFIRMATION_OK"
593,10812759007,10812759085,1,"IOTHUB_CLIENT_CONFIRMATION_OK"
594,10812759341,10812759411,1,"IOTHUB_CLIENT_CONFIRMATION_OK"
595,10812759674,10812759730,1,"IOTHUB_CLIENT_CONFIRMATION_OK"
596,10812760007,10812760065,1,"IOTHUB_CLIENT_CONFIRMATION_OK"
597,10812760340,10812760465,1,"IOTHUB_CLIENT_CONFIRMATION_OK"
598,10812760673,10812760745,1,"IOTHUB_CLIENT_CONFIRMATION_OK"
599,10812761006,10812761058,1,"IOTHUB_CLIENT_CONFIRMATION_OK"
600,10812761340,10812761405,1,"IOTHUB_CLIENT_CONFIRMATION_OK"
601,10812761673,10812761734,1,"IOTHUB_CLIENT_CONFIRMATION_OK"
602,10812762006,10812762065,1,"IOTHUB_CLIENT_CONFIRMATION_OK"
603,10812762339,10812762409,1,"IOTHUB_CLIENT_CONFIRMATION_OK"
604,10812762672,10812762737,1,"IOTHUB_CLIENT_CONFIRMATION_OK"
605,10812763005,10812763068,1,"IOTHUB_CLIENT_CONFIRMATION_OK"
606,10812763339,10812763463,1,"IOTHUB_CLIENT_CONFIRMATION_OK"
607,10812763672,10812763730,1,"IOTHUB_CLIENT_CONFIRMATION_OK"
608,10812764005,10812764057,1,"IOTHUB_CLIENT_CONFIRMATION_OK"
609,10812764338,10812764395,1,"IOTHUB_CLIENT_CONFIRMATION_OK"
610,10812764671,10812764734,1,"IOTHUB_CLIENT_CONFIRMATION_OK"
611,10812765004,10812765072,1,"IOTHUB_CLIENT_CONFIRMATION_OK"
612,10812765337,10812765396,1,"IOTHUB_CLIENT_CONFIRMATION_OK"
613,10812765671,10812765727,1,"IOTHUB_CLIENT_CONFIRMATION_OK"
614,10812766004,10812766123,1,"IOTHUB_CLIENT_CONFIRMATION_OK"
615,10812766337,10812766397,1,"IOTHUB_CLIENT_CONFIRMATION_OK"
616,10812766670,10812766725,1,"IOTHUB_CLIENT_CONFIRMATION_OK"
617,10812767003,10812767057,1,"IOTHUB_CLIENT_CONFIRMATION_OK"
618,10812767336,10812767390,1,"IOTHUB_CLIENT_CONFIRMATION_OK"
619,10812767670,10812767734,1,"IOTHUB_CLIENT_CONFIRMATION_OK"
620,10812768003,10812768061,1,"IOTHUB_CLIENT_CONFIRMATION_OK"
621,10812768336,10812768394,1,"IOTHUB_CLIENT_CONFIRMATION_OK"
622,10812768669,10812768728,1,"IOTHUB_CLIENT_CONFIRMATION_OK"
623,10812769002,10812769064,1,"IOTHUB_CLIENT_CONFIRMATION_OK"
624,10812769335,10812769401,1,"IOTHUB_CLIENT_CONFIRMATION_OK"
625,10812769669,10812769728,1,"IOTHUB_CLIENT_CONFIRMATION_OK"
626,10812770002,10812770063,1,"IOTHUB_CLIENT_CONFIRMATION_OK"
627,10812770335,10812770429,1,"IOTHUB_CLIENT_CONFIRMATION_OK"
628,10812770668,10812771048,1,"IOTHUB_CLIENT_CONFIRMATION_OK"
629,10812771001,10812771083,1,"IOTHUB_CLIENT_CONFIRMATION_OK"
630,10812771334,10812771390,1,"IOTHUB_CLIENT_CONFIRMATION_OK"
631,10812771667,10812771725,1,"IOTHUB_CLIENT_CONFIRMATION_OK"
632,10812772001,10812772071,1,"IOTHUB_CLIENT_CONFIRMATION_OK"
633,10812772334,10812772385,1,"IOTHUB_CLIENT_CONFIRMATION_OK"
634,10812772667,10812772809,1,"IOTHUB_CLIENT_CONFIRMATION_OK"
635,10812773000,10812773090,1,"IOTHUB_CLIENT_CONFIRMATION_OK"
636,10812773333,10812773388,1,"IOTHUB_CLIENT_CONFIRMATION_OK"
637,10812773666,10812773721,1,"IOTHUB_CLIENT_CONFIRMATION_OK"
638,10812774000,10812774054,1,"IOTHUB_CLIENT_CONFIRMATION_OK"
639,10812774333,10812774403,1,"IOTHUB_CLIENT_CONFIRMATION_OK"
640,10812774666,10812774720,1,"IOTHUB_CLIENT_CONFIRMATION_OK"
641,10812774999,10812775101,1,"IOTHUB_CLIENT_CONFIRMATION_OK"
642,10812775332,10812775394,1,"IOTHUB_CLIENT_CONFIRMATION_OK"
643,10812775665,10812775716,1,"IOTHUB_CLIENT_CONFIRMATION_OK"
644,10812775999,10812776065,1,"IOTHUB_CLIENT_CONFIRMATION_OK"
645,10812776332,10812776384,1,"IOTHUB_CLIENT_CONFIRMATION_OK"
646,10812776665,10812776717,1,"IOTHUB_CLIENT_CONFIRMATION_OK"
647,10812776998,10812777056,1,"IOTHUB_CLIENT_CONFIRMATION_OK"
648,10812777331,10812777386,1,"IOTHUB_CLIENT_CONFIRMATION_OK"
649,10812777664,10812777753,1,"IOTHUB_CLIENT_CONFIRMATION_OK"
650,10812777997,10812778061,1,"IOTHUB_CLIENT_CONFIRMATION_OK"
651,10812778331,10812778389,1,"IOTHUB_CLIENT_CONFIRMATION_OK"
652,10812778664,10812778728,1,"IOTHUB_CLIENT_CONFIRMATION_OK"
653,10812778997,10812779056,1,"IOTHUB_CLIENT_CONFIRMATION_OK"
654,10812779330,10812779409,1,"IOTHUB_CLIENT_CONFIRMATION_OK"
655,10812779663,10812779718,1,"IOTHUB_CLIENT_CONFIRMATION_OK"
656,10812779996,10812780062,1,"IOTHUB_CLIENT_CONFIRMATION_OK"
657,10812780330,10812780391,1,"IOTHUB_CLIENT_CONFIRMATION_OK"
658,10812780663,10812780720,1,"IOTHUB_CLIENT_CONFIRMATION_OK"
659,10812780996,10812781060,1,"IOTHUB_CLIENT_CONFIRMATION_OK"
660,10812781329,10812781380,1,"IOTHUB_CLIENT_CONFIRMATION_OK"
661,10812781662,10812781727,1,"IOTHUB_CLIENT_CONFIRMATION_OK"
662,10812781995,10812782069,1,"IOTHUB_CLIENT_CONFIRMATION_OK"
663,10812782329,10812782390,1,"IOTHUB_CLIENT_CONFIRMATION_OK"
664,10812782662,10812782716,1,"IOTHUB_CLIENT_CONFIRMATION_OK"
665,10812782995,10812783056,1,"IOTHUB_CLIENT_CONFIRMATION_OK"
666,10812783328,10812783386,1,"IOTHUB_CLIENT_CONFIRMATION_OK"
667,10812783661,10812783719,1,"IOTHUB_CLIENT_CONFIRMATION_OK"
668,10812783994,10812784052,1,"IOTHUB_CLIENT_CONFIRMATION_OK"
669,10812784328,10812784387,1,"IOTHUB_CLIENT_CONFIRMATION_OK"
670,10812784661,10812784718,1,"IOTHUB_CLIENT_CONFIRMATION_OK"
671,10812784994,10812785053,1,"IOTHUB_CLIENT_CONFIRMATION_OK"
672,10812785327,10812785392,1,"IOTHUB_CLIENT_CONFIRMATION_OK"
673,10812785660,10812785721,1,"IOTHUB_CLIENT_CONFIRMATION_OK"
674,10812785993,10812786057,1,"IOTHUB_CLIENT_CONFIRMATION_OK"
675,10812786326,10812786381,1,"IOTHUB_CLIENT_CONFIRMATION_OK"
676,10812786660,10812786711,1,"IOTHUB_CLIENT_CONFIRMATION_OK"
677,10812786993,10812787049,1,"IOTHUB_CLIENT_CONFIRMATION_OK"
678,10812787326,10812787379,1,"IOTHUB_CLIENT_CONFIRMATION_OK"
679,10812787659,10812787730,1,"IOTHUB_CLIENT_CONFIRMATION_OK"
680,10812787992,10812788098,1,"IOTHUB_CLIENT_CONFIRMATION_OK"
681,10812788326,10812788385,1,"IOTHUB_CLIENT_CONFIRMATION_OK"
682,10812788659,10812788714,1,"IOTHUB_CLIENT_CONFIRMATION_OK"
683,10812788992,10812789052,1,"IOTHUB_CLIENT_CONFIRMATION_OK"
684,10812789325,10812789399,1,"IOTHUB_CLIENT_CONFIRMATION_OK"
685,10812789658,10812789862,1,"IOTHUB_CLIENT_CONFIRMATION_OK"
686,10812789991,10812790046,1,"IOTHUB_CLIENT_CONFIRMATION_OK"
687,10812790324,10812790383,1,"IOTHUB_CLIENT_CONFIRMATION_OK"
688,10812790658,10812790718,1,"IOTHUB_CLIENT_CONFIRMATION_OK"
689,10812790991,10812791081,1,"IOTHUB_CLIENT_CONFIRMATION_OK"
690,10812791324,10812791392,1,"IOTHUB_CLIENT_CONFIRMATION_OK"
691,10812791657,10812791746,1,"IOTHUB_CLIENT_CONFIRMATION_OK"
692,10812791990,10812792054,1,"IOTHUB_CLIENT_CONFIRMATION_OK"
693,10812792323,10812792379,1,"IOTHUB_CLIENT_CONFIRMATION_OK"
694,10812792657,10812792743,1,"IOTHUB_CLIENT_CONFIRMATION_OK"
695,10812792990,10812793058,1,"IOTHUB_CLIENT_CONFIRMATION_OK"
696,10812793323,10812793383,1,"IOTHUB_CLIENT_CONFIRMATION_OK"
697,10812793656,10812793717,1,"IOTHUB_CLIENT_CONFIRMATION_OK"
698,10812793989,10812794134,1,"IOTHUB_CLIENT_CONFIRMATION_OK"
699,10812794322,10812794388,1,"IOTHUB_CLIENT_CONFIRMATION_OK"
700,10812794655,10812794710,1,"IOTHUB_CLIENT_CONFIRMATION_OK"
701,10812794989,10812795045,1,"IOTHUB_CLIENT_CONFIRMATION_OK"
702,10812795322,10812795376,1,"IOTHUB_CLIENT_CONFIRMATION_OK"
703,10812795655,10812795729,1,"IOTHUB_CLIENT_CONFIRMATION_OK"
704,10812795988,10812796047,1,"IOTHUB_CLIENT_CONFIRMATION_OK"
705,10812796321,10812796375,1,"IOTHUB_CLIENT_CONFIRMATION_OK"
706,10812796654,10812796724,1,"IOTHUB_CLIENT_CONFIRMATION_OK"
707,10812796988,10812797060,1,"IOTHUB_CLIENT_CONFIRMATION_OK"
708,10812797321,10812797387,1,"IOTHUB_CLIENT_CONFIRMATION_OK"
709,10812797654,10812797742,1,"IOTHUB_CLIENT_CONFIRMATION_OK"
710,10812797987,10812798039,1,"IOTHUB_CLIENT_CONFIRMATION_OK"
711,10812798320,10812798372,1,"IOTHUB_CLIENT_CONFIRMATION_OK"
712,10812798653,10812798711,1,"IOTHUB_CLIENT_CONFIRMATION_OK"
713,10812798987,10812799042,1,"IOTHUB_CLIENT_CONFIRMATION_OK"
714,10812799320,10812799417,1,"IOTHUB_CLIENT_CONFIRMATION_OK"
715,10812799653,10812799710,1,"IOTHUB_CLIENT_CONFIRMATION_OK"
716,10812799986,10812800224,1,"IOTHUB_CLIENT_CONFIRMATION_OK"
717,10812800319,10812800375,1,"IOTHUB_CLIENT_CONFIRMATION_OK"
718,10812800653,10812800713,1,"IOTHUB_CLIENT_CONFIRMATION_OK"
719,10812800986,10812801056,1,"IOTHUB_CLIENT_CONFIRMATION_OK"
720,10812801319,10812801386,1,"IOTHUB_CLIENT_CONFIRMATION_OK"
721,10812801652,10812801711,1,"IOTHUB_CLIENT_CONFIRMATION_OK"
722,10812801985,10812802044,1,"IOTHUB_CLIENT_CONFIRMATION_OK"
723,10812802318,10812802387,1,"IOTHUB_CLIENT_CONFIRMATION_OK"
724,10812802651,10812802713,1,"IOTHUB_CLIENT_CONFIRMATION_OK"
725,10812802985,10812803044,1,"IOTHUB_CLIENT_CONFIRMATION_OK"
726,10812803318,10812803374,1,"IOTHUB_CLIENT_CONFIRMATION_OK"
727,10812803651,10812803709,1,"IOTHUB_CLIENT_CONFIRMATION_OK"
728,10812803984,10812804047,1,"IOTHUB_CLIENT_CONFIRMATION_OK"
729,10812804317,10812804534,1,"IOTHUB_CLIENT_CONFIRMATION_OK"
730,10812804650,10812804713,1,"IOTHUB_CLIENT_CONFIRMATION_OK"
731,10812804984,10812805044,1,"IOTHUB_CLIENT_CONFIRMATION_OK"
732,10812805317,10812805372,1,"IOTHUB_CLIENT_CONFIRMATION_OK"
733,10812805650,10812805709,1,"IOTHUB_CLIENT_CONFIRMATION_OK"
734,10812805983,10812806042,1,"IOTHUB_CLIENT_CONFIRMATION_OK"
735,10812806316,10812806375,1,"IOTHUB_CLIENT_CONFIRMATION_OK"
736,10812806649,10812806729,1,"IOTHUB_CLIENT_CONFIRMATION_OK"
737,10812806983,10812807043,1,"IOTHUB_CLIENT_CONFIRMATION_OK"
738,10812807316,10812807369,1,"IOTHUB_CLIENT_CONFIRMATION_OK"
739,10812807649,10812807704,1,"IOTHUB_CLIENT_CONFIRMATION_OK"
740,10812807982,10812808047,1,"IOTHUB_CLIENT_CONFIRMATION_OK"
741,10812808315,10812808386,1,"IOTHUB_CLIENT_CONFIRMATION_OK"
742,10812808648,10812808703,1,"IOTHUB_CLIENT_CONFIRMATION_OK"
743,10812808982,10812809041,1,"IOTHUB_CLIENT_CONFIRMATION_OK"
744,10812809315,10812809373,1,"IOTHUB_CLIENT_CONFIRMATION_OK"
745,10812809648,10812809712,1,"IOTHUB_CLIENT_CONFIRMATION_OK"
746,10812809981,10812810051,1,"IOTHUB_CLIENT_CONFIRMATION_OK"
747,10812810314,10812810375,1,"IOTHUB_CLIENT_CONFIRMATION_OK"
748,10812810647,10812810698,1,"IOTHUB_CLIENT_CONFIRMATION_OK"
749,10812810981,10812811036,1,"IOTHUB_CLIENT_CONFIRMATION_OK"
750,10812811314,10812811371,1,"IOTHUB_CLIENT_CONFIRMATION_OK"
751,10812811647,10812811703,1,"IOTHUB_CLIENT_CONFIRMATION_OK"
752,10812811980,10812812312,1,"IOTHUB_CLIENT_CONFIRMATION_OK"
753,10812812313,10812812629,1,"IOTHUB_CLIENT_CONFIRMATION_OK"
754,10812812646,10812812700,1,"IOTHUB_CLIENT_CONFIRMATION_OK"
755,10812812980,10812813083,1,"IOTHUB_CLIENT_CONFIRMATION_OK"
756,10812813313,10812813380,1,"IOTHUB_CLIENT_CONFIRMATION_OK"
757,10812813646,10812813713,1,"IOTHUB_CLIENT_CONFIRMATION_OK"
758,10812813979,10812814050,1,"IOTHUB_CLIENT_CONFIRMATION_OK"
759,10812814312,10812814379,1,"IOTHUB_CLIENT_CONFIRMATION_OK"
760,10812814645,10812814701,1,"IOTHUB_CLIENT_CONFIRMATION_OK"
761,10812814978,10812815030,1,"IOTHUB_CLIENT_CONFIRMATION_OK"
762,10812815312,10812815366,1,"IOTHUB_CLIENT_CONFIRMATION_OK"
763,10812815645,10812815697,1,"IOTHUB_CLIENT_CONFIRMATION_OK"
764,10812815978,10812816073,1,"IOTHUB_CLIENT_CONFIRMATION_OK"
765,10812816311,10812816379,1,"IOTHUB_CLIENT_CONFIRMATION_OK"
766,10812816644,10812816704,1,"IOTHUB_CLIENT_CONFIRMATION_OK"
767,10812816977,10812817035,1,"IOTHUB_CLIENT_CONFIRMATION_OK"
768,10812817311,10812817420,1,"IOTHUB_CLIENT_CONFIRMATION_OK"
769,10812817644,10812817702,1,"IOTHUB_CLIENT_CONFIRMATION_OK"
770,10812817977,10812818058,1,"IOTHUB_CLIENT_CONFIRMATION_OK"
771,10812818310,10812818375,1,"IOTHUB_CLIENT_CONFIRMATION_OK"
772,10812818643,10812818702,1,"IOTHUB_CLIENT_CONFIRMATION_OK"
773,10812818976,10812819042,1,"IOTHUB_CLIENT_CONFIRMATION_OK"
774,10812819310,10812819385,1,"IOTHUB_CLIENT_CONFIRMATION_OK"
775,10812819643,10812819702,1,"IOTHUB_CLIENT_CONFIRMATION_OK"
776,10812819976,10812820028,1,"IOTHUB_CLIENT_CONFIRMATION_OK"
777,10812820309,10812820375,1,"IOTHUB_CLIENT_CONFIRMATION_OK"
778,10812820642,10812820723,1,"IOTHUB_CLIENT_CONFIRMATION_OK"
779,10812820975,10812821029,1,"IOTHUB_CLIENT_CONFIRMATION_OK"
780,10812821308,10812821362,1,"IOTHUB_CLIENT_CONFIRMATION_OK"
781,10812821642,10812821702,1,"IOTHUB_CLIENT_CONFIRMATION_OK"
782,10812821975,10812822033,1,"IOTHUB_CLIENT_CONFIRMATION_OK"
783,10812822308,10812822391,1,"IOTHUB_CLIENT_CONFIRMATION_OK"
784,10812822641,10812822701,1,"IOTHUB_CLIENT_CONFIRMATION_OK"
785,10812822974,10812823034,1,"IOTHUB_CLIENT_CONFIRMATION_OK"
786,10812823307,10812823363,1,"IOTHUB_CLIENT_CONFIRMATION_OK"
787,10812823641,10812823701,1,"IOTHUB_CLIENT_CONFIRMATION_OK"
788,10812823974,10812824085,1,"IOTHUB_CLIENT_CONFIRMATION_OK"
789,10812824307,10812824385,1,"IOTHUB_CLIENT_CONFIRMATION_OK"
790,10812824640,10812824701,1,"IOTHUB_CLIENT_CONFIRMATION_OK"
791,10812824973,10812825084,1,"IOTHUB_CLIENT_CONFIRMATION_OK"
792,10812825306,10812825380,1,"IOTHUB_CLIENT_CONFIRMATION_OK"
793,10812825640,10812825732,1,"IOTHUB_CLIENT_CONFIRMATION_OK"
794,10812825973,10812826033,1,"IOTHUB_CLIENT_CONFIRMATION_OK"
795,10812826306,10812826400,1,"IOTHUB_CLIENT_CONFIRMATION_OK"
796,10812826639,10812826692,1,"IOTHUB_CLIENT_CONFIRMATION_OK"
797,10812826972,10812827038,1,"IOTHUB_CLIENT_CONFIRMATION_OK"
798,10812827305,10812827371,1,"IOTHUB_CLIENT_CONFIRMATION_OK"
799,10812827638,10812827741,1,"IOTHUB_CLIENT_CONFIRMATION_OK"
800,10812827972,10812828053,1,"IOTHUB_CLIENT_CONFIRMATION_OK"
801,10812828305,10812828377,1,"IOTHUB_CLIENT_CONFIRMATION_OK"
802,10812828638,10812828703,1,"IOTHUB_CLIENT_CONFIRMATION_OK"
803,10812828971,10812829030,1,"IOTHUB_CLIENT_CONFIRMATION_OK"
804,10812829304,10812829367,1,"IOTHUB_CLIENT_CONFIRMATION_OK"
805,10812829637,10812829696,1,"IOTHUB_CLIENT_CONFIRMATION_OK"
806,10812829971,10812830026,1,"IOTHUB_CLIENT_CONFIRMATION_OK"
807,10812830304,10812830354,1,"IOTHUB_CLIENT_CONFIRMATION_OK"
808,10812830637,10812830694,1,"IOTHUB_CLIENT_CONFIRMATION_OK"
809,10812830970,10812831029,1,"IOTHUB_CLIENT_CONFIRMATION_OK"
810,10812831303,10812831377,1,"IOTHUB_CLIENT_CONFIRMATION_OK"
811,10812831636,10812831696,1,"IOTHUB_CLIENT_CONFIRMATION_OK"
812,10812831970,10812832049,1,"IOTHUB_CLIENT_CONFIRMATION_OK"
813,10812832303,10812832353,1,"IOTHUB_CLIENT_CONFIRMATION_OK"
814,10812832636,10812832688,1,"IOTHUB_CLIENT_CONFIRMATION_OK"
815,10812832969,10812833025,1,"IOTHUB_CLIENT_CONFIRMATION_OK"
816,10812833302,10812833356,1,"IOTHUB_CLIENT_CONFIRMATION_OK"
817,10812833635,10812833696,1,"IOTHUB_CLIENT_CONFIRMATION_OK"
818,10812833968,10812834028,1,"IOTHUB_CLIENT_CONFIRMATION_OK"
819,10812834302,10812834359,1,"IOTHUB_CLIENT_CONFIRMATION_OK"
820,10812834635,10812834700,1,"IOTHUB_CLIENT_CONFIRMATION_OK"
821,10812834968,10812835033,1,"IOTHUB_CLIENT_CONFIRMATION_OK"
822,10812835301,10812835392,1,"IOTHUB_CLIENT_CONFIRMATION_OK"
823,10812835634,10812835686,1,"IOTHUB_CLIENT_CONFIRMATION_OK"
824,10812835967,10812836022,1,"IOTHUB_CLIENT_CONFIRMATION_OK"
825,10812836301,10812836354,1,"IOTHUB_CLIENT_CONFIRMATION_OK"
826,10812836634,10812836691,1,"IOTHUB_CLIENT_CONFIRMATION_OK"
827,10812836967,10812837022,1,"IOTHUB_CLIENT_CONFIRMATION_OK"
828,10812837300,10812837357,1,"IOTHUB_CLIENT_CONFIRMATION_OK"
829,10812837633,10812837693,1,"IOTHUB_CLIENT_CONFIRMATION_OK"
830,10812837966,10812838032,1,"IOTHUB_CLIENT_CONFIRMATION_OK"
831,10812838300,10812838375,1,"IOTHUB_CLIENT_CONFIRMATION_OK"
832,10812838633,10812838688,1,"IOTHUB_CLIENT_CONFIRMATION_OK"
833,10812838966,10812839035,1,"IOTHUB_CLIENT_CONFIRMATION_OK"
834,10812839299,10812839364,1,"IOTHUB_CLIENT_CONFIRMATION_OK"
835,10812839632,10812839828,1,"IOTHUB_CLIENT_CONFIRMATION_OK"
836,10812839965,10812840028,1,"IOTHUB_CLIENT_CONFIRMATION_OK"
837,10812840299,10812840364,1,"IOTHUB_CLIENT_CONFIRMATION_OK"
838,10812840632,10812840685,1,"IOTHUB_CLIENT_CONFIRMATION_OK"
839,10812840965,10812841038,1,"IOTHUB_CLIENT_CONFIRMATION_OK"
840,10812841298,10812841351,1,"IOTHUB_CLIENT_CONFIRMATION_OK"
841,10812841631,10812841714,1,"IOTHUB_CLIENT_CONFIRMATION_OK"
842,10812841964,10812842038,1,"IOTHUB_CLIENT_CONFIRMATION_OK"
843,10812842297,10812842354,1,"IOTHUB_CLIENT_CONFIRMATION_OK"
844,10812842631,10812842688,1,"IOTHUB_CLIENT_CONFIRMATION_OK"
845,10812842964,10812843017,1,"IOTHUB_CLIENT_CONFIRMATION_OK"
846,10812843297,10812843371,1,"IOTHUB_CLIENT_CONFIRMATION_OK"
847,10812843630,10812843774,1,"IOTHUB_CLIENT_CONFIRMATION_OK"
848,10812843963,10812844017,1,"IOTHUB_CLIENT_CONFIRMATION_OK"
849,10812844296,10812844372,1,"IOTHUB_CLIENT_CONFIRMATION_OK"
850,10812844629,10812844687,1,"IOTHUB_CLIENT_CONFIRMATION_OK"
851,10812844963,10812845072,1,"IOTHUB_CLIENT_CONFIRMATION_OK"
852,10812845296,10812845348,1,"IOTHUB_CLIENT_CONFIRMATION_OK"
853,10812845629,10812845682,1,"IOTHUB_CLIENT_CONFIRMATION_OK"
854,10812845962,10812846024,1,"IOTHUB_CLIENT_CONFIRMATION_OK"
855,10812846295,10812846358,1,"IOTHUB_CLIENT_CONFIRMATION_OK"
856,10812846628,10812846682,1,"IOTHUB_CLIENT_CONFIRMATION_OK"
857,10812846962,10812847022,1,"IOTHUB_CLIENT_CONFIRMATION_OK"
858,10812847295,10812847370,1,"IOTHUB_CLIENT_CONFIRMATION_OK"
859,10812847628,10812847689,1,"IOTHUB_CLIENT_CONFIRMATION_OK"
860,10812847961,10812848016,1,"IOTHUB_CLIENT_CONFIRMATION_OK"
861,10812848294,10812848347,1,"IOTHUB_CLIENT_CONFIRMATION_OK"
862,10812848627,10812848687,1,"IOTHUB_CLIENT_CONFIRMATION_OK"
863,10812848961,10812849033,1,"IOTHUB_CLIENT_CONFIRMATION_OK"
864,10812849294,10812849369,1,"IOTHUB_CLIENT_CONFIRMATION_OK"
865,10812849627,10812849683,1,"IOTHUB_CLIENT_CONFIRMATION_OK"
866,10812849960,10812850105,1,"IOTHUB_CLIENT_CONFIRMATION_OK"
867,10812850293,10812850348,1,"IOTHUB_CLIENT_CONFIRMATION_OK"
868,10812850626,10812850684,1,"IOTHUB_CLIENT_CONFIRMATION_OK"
869,10812850959,10812851026,1,"IOTHUB_CLIENT_CONFIRMATION_OK"
870,10812851293,10812851399,1,"IOTHUB_CLIENT_CONFIRMATION_OK"
871,10812851626,10812851682,1,"IOTHUB_CLIENT_CONFIRMATION_OK"
872,10812851959,10812852040,1,"IOTHUB_CLIENT_CONFIRMATION_OK"
873,10812852292,10812852352,1,"IOTHUB_CLIENT_CONFIRMATION_OK"
874,10812852625,10812852688,1,"IOTHUB_CLIENT_CONFIRMATION_OK"
875,10812852958,10812853014,1,"IOTHUB_CLIENT_CONFIRMATION_OK"
876,10812853292,10812853351,1,"IOTHUB_CLIENT_CONFIRMATION_OK"
877,10812853625,10812853681,1,"IOTHUB_CLIENT_CONFIRMATION_OK"
878,10812853958,10812854017,1,"IOTHUB_CLIENT_CONFIRMATION_OK"
879,10812854291,10812854500,1,"IOTHUB_CLIENT_CONFIRMATION_OK"
880,10812854624,10812854952,1,"IOTHUB_CLIENT_CONFIRMATION_OK"
881,10812854957,10812855009,1,"IOTHUB_CLIENT_CONFIRMATION_OK"
882,10812855291,10812855343,1,"IOTHUB_CLIENT_CONFIRMATION_OK"
883,10812855624,10812855677,1,"IOTHUB_CLIENT_CONFIRMATION_OK"
884,10812855957,10812856025,1,"IOTHUB_CLIENT_CONFIRMATION_OK"
885,10812856290,10812856349,1,"IOTHUB_CLIENT_CONFIRMATION_OK"
886,10812856623,10812856678,1,"IOTHUB_CLIENT_CONFIRMATION_OK"
887,10812856956,10812857009,1,"IOTHUB_CLIENT_CONFIRMATION_OK"
888,10812857290,10812857351,1,"IOTHUB_CLIENT_CONFIRMATION_OK"
889,10812857623,10812857675,1,"IOTHUB_CLIENT_CONFIRMATION_OK"
890,10812857956,10812858007,1,"IOTHUB_CLIENT_CONFIRMATION_OK"
891,10812858289,10812858341,1,"IOTHUB_CLIENT_CONFIRMATION_OK"
892,10812858622,10812858684,1,"IOTHUB_CLIENT_CONFIRMATION_OK"
893,10812858955,10812859008,1,"IOTHUB_CLIENT_CONFIRMATION_OK"
894,10812859289,10812859351,1,"IOTHUB_CLIENT_CONFIRMATION_OK"
895,10812859622,10812859687,1,"IOTHUB_CLIENT_CONFIRMATION_OK"
896,10812859955,10812860010,1,"IOTHUB_CLIENT_CONFIRMATION_OK"
897,10812860288,10812860343,1,"IOTHUB_CLIENT_CONFIRMATION_OK"
898,10812860621,10812860681,1,"IOTHUB_CLIENT_CONFIRMATION_OK"
899,10812860954,10812861022,1,"IOTHUB_CLIENT_CONFIRMATION_OK"
